Time Steps,Polymerase Count,Active Histone Count,Acetylated Histone Count,Methylated Histone Count,Unmodified Histone Count,Noisy Changes Count,Enzyme Changes Count
1,0,31,0,31,29,0,1
101,0,37,0,37,23,0,0
201,0,44,1,43,16,0,0
301,0,48,1,47,12,0,0
401,0,46,1,45,14,0,0
501,0,51,2,49,9,0,0
601,0,50,2,48,10,0,0
701,0,48,2,46,12,0,0
801,0,43,2,41,17,0,0
901,0,43,3,40,17,0,0
1001,0,49,3,46,11,0,0
1101,0,50,2,48,10,0,0
1201,0,49,3,46,11,0,0
1301,0,47,1,46,13,0,0
1401,0,47,2,45,13,0,0
1501,0,46,1,45,14,0,0
1601,0,48,2,46,12,0,0
1701,0,47,1,46,13,0,0
1801,0,50,1,49,10,0,0
1901,0,52,2,50,8,0,0
2001,0,49,2,47,11,0,0
2101,0,45,4,41,15,0,0
2201,0,44,2,42,16,0,0
2301,0,45,0,45,15,0,0
2401,0,48,0,48,12,0,0
2501,0,50,1,49,10,0,0
2601,0,53,2,51,7,1,0
2701,0,48,2,46,12,0,0
2801,0,53,3,50,7,0,0
2901,0,53,4,49,7,0,0
3001,0,53,5,48,7,0,0
3101,0,45,4,41,15,0,0
3201,0,49,5,44,11,0,0
3301,0,44,4,40,16,0,0
3401,0,46,4,42,14,0,0
3501,0,45,5,40,15,0,0
3601,0,47,10,37,13,0,1
3701,0,43,8,35,17,1,0
3801,0,45,6,39,15,0,0
3901,0,48,13,35,12,0,0
4001,0,48,16,32,12,0,0
4101,0,47,17,30,13,0,0
4201,0,47,19,28,13,0,0
4301,0,44,17,27,16,0,1
4401,0,48,17,31,12,0,1
4501,0,51,17,34,9,0,1
4601,0,52,21,31,8,0,0
4701,0,47,20,27,13,0,0
4801,0,48,19,29,12,0,1
4901,0,47,16,31,13,0,0
5001,0,52,18,34,8,0,1
5101,0,47,18,29,13,0,0
5201,0,44,14,30,16,0,0
5301,0,41,13,28,19,0,0
5401,0,39,15,24,21,0,0
5501,0,45,18,27,15,0,0
5601,0,44,17,27,16,0,0
5701,0,44,18,26,16,0,0
5801,0,43,16,27,17,0,0
5901,0,47,18,29,13,0,0
6001,0,46,18,28,14,0,1
6101,0,47,21,26,13,0,1
6201,0,48,19,29,12,0,0
6301,0,43,15,28,17,0,1
6401,0,46,13,33,14,0,0
6501,0,48,14,34,12,0,0
6601,0,52,15,37,8,0,0
6701,0,51,15,36,9,0,0
6801,0,49,15,34,11,0,0
6901,0,46,12,34,14,0,0
7001,0,50,13,37,10,0,0
7101,0,52,12,40,8,0,0
7201,0,51,13,38,9,0,1
7301,0,48,15,33,12,1,0
7401,0,46,11,35,14,0,1
7501,0,51,13,38,9,0,1
7601,0,49,14,35,11,0,0
7701,0,51,14,37,9,0,0
7801,0,50,13,37,10,0,0
7901,0,49,13,36,11,0,0
8001,0,51,14,37,9,0,0
8101,0,48,14,34,12,0,0
8201,0,46,16,30,14,0,0
8301,0,45,14,31,15,1,0
8401,0,47,17,30,13,0,0
8501,0,42,14,28,18,0,0
8601,0,47,14,33,13,0,0
8701,0,48,14,34,12,0,0
8801,0,45,15,30,15,0,1
8901,0,42,15,27,18,0,0
9001,0,41,12,29,19,0,0
9101,0,47,13,34,13,0,0
9201,0,47,15,32,13,0,0
9301,0,47,16,31,13,0,1
9401,0,46,18,28,14,0,0
9501,0,44,19,25,16,0,0
9601,0,40,17,23,20,0,1
9701,0,39,20,19,21,0,0
9801,0,40,20,20,20,0,0
9901,0,46,23,23,14,0,0
10001,0,42,18,24,18,0,0
10101,0,43,16,27,17,0,1
10201,0,44,21,23,16,0,0
10301,0,41,18,23,19,0,0
10401,0,39,18,21,21,0,0
10501,0,39,17,22,21,0,0
10601,0,43,21,22,17,0,0
10701,0,45,24,21,15,0,1
10801,0,41,23,18,19,0,0
10901,0,45,25,20,15,0,0
11001,0,44,24,20,16,0,1
11101,0,44,23,21,16,0,0
11201,0,45,27,18,15,0,0
11301,0,38,27,11,22,1,0
11401,0,42,28,14,18,0,1
11501,0,43,30,13,17,0,0
11601,0,43,29,14,17,0,0
11701,0,45,29,16,15,0,0
11801,0,46,29,17,14,0,0
11901,0,42,26,16,18,0,0
12001,0,40,24,16,20,0,0
12101,0,47,29,18,13,0,0
12201,0,44,26,18,16,0,0
12301,0,46,25,21,14,0,0
12401,0,47,25,22,13,0,0
12501,0,40,22,18,20,0,0
12601,0,40,25,15,20,0,1
12701,0,42,27,15,18,0,0
12801,0,45,28,17,15,0,0
12901,0,43,28,15,17,0,0
13001,0,42,27,15,18,0,0
13101,0,44,33,11,16,0,0
13201,0,47,39,8,13,0,0
13301,0,39,31,8,21,0,0
13401,0,42,34,8,18,0,0
13501,0,41,33,8,19,0,1
13601,0,43,38,5,17,0,0
13701,0,48,43,5,12,0,1
13801,0,45,40,5,15,0,1
13901,0,51,44,7,9,0,0
14001,0,49,43,6,11,0,1
14101,0,50,44,6,10,0,0
14201,0,50,45,5,10,0,0
14301,0,50,45,5,10,0,1
14401,0,48,44,4,12,0,0
14501,0,48,43,5,12,0,0
14601,0,44,39,5,16,0,0
14701,0,47,41,6,13,0,1
14801,0,46,39,7,14,1,0
14901,0,43,36,7,17,0,0
15001,0,44,37,7,16,0,0
15101,0,45,39,6,15,0,0
15201,0,48,41,7,12,0,0
15301,0,44,35,9,16,0,0
15401,0,46,39,7,14,0,1
15501,0,46,42,4,14,0,0
15601,0,43,40,3,17,0,0
15701,0,49,44,5,11,0,0
15801,0,47,43,4,13,0,0
15901,0,40,35,5,20,0,0
16001,0,44,39,5,16,0,0
16101,0,44,40,4,16,0,0
16201,0,42,38,4,18,0,0
16301,0,44,40,4,16,0,0
16401,0,45,43,2,15,0,0
16501,0,43,40,3,17,0,0
16601,0,43,40,3,17,0,0
16701,0,42,38,4,18,0,0
16801,0,44,41,3,16,0,0
16901,0,41,39,2,19,0,0
17001,0,40,37,3,20,0,0
17101,0,41,38,3,19,0,0
17201,0,42,38,4,18,0,0
17301,0,41,37,4,19,0,1
17401,0,44,41,3,16,0,0
17501,0,49,45,4,11,0,0
17601,0,43,38,5,17,0,1
17701,0,46,41,5,14,0,0
17801,0,42,39,3,18,0,0
17901,0,44,40,4,16,0,0
18001,0,48,45,3,12,0,0
18101,0,50,47,3,10,0,0
18201,0,52,49,3,8,0,0
18301,0,47,45,2,13,0,0
18401,0,46,44,2,14,0,0
18501,0,46,44,2,14,0,0
18601,0,47,42,5,13,0,0
18701,0,43,38,5,17,0,0
18801,0,48,41,7,12,0,0
18901,0,48,43,5,12,0,0
19001,0,45,39,6,15,0,0
19101,0,49,40,9,11,0,0
19201,0,50,45,5,10,0,0
19301,0,48,42,6,12,0,0
19401,0,50,45,5,10,0,1
19501,0,47,44,3,13,0,0
19601,0,49,47,2,11,0,0
19701,0,52,51,1,8,0,0
19801,0,53,52,1,7,0,0
19901,0,50,48,2,10,0,0
20001,0,50,48,2,10,0,0
20101,0,51,48,3,9,0,0
20201,0,48,46,2,12,0,0
20301,0,45,43,2,15,0,0
20401,0,45,40,5,15,1,0
20501,0,46,41,5,14,0,0
20601,0,45,38,7,15,0,0
20701,0,45,40,5,15,0,0
20801,0,42,38,4,18,0,1
20901,0,40,38,2,20,0,0
21001,0,42,41,1,18,0,0
21101,0,38,38,0,22,0,0
21201,0,42,41,1,18,0,0
21301,0,44,43,1,16,0,0
21401,0,44,43,1,16,0,0
21501,0,44,42,2,16,0,0
21601,0,45,42,3,15,0,1
21701,0,40,38,2,20,0,0
21801,0,40,36,4,20,0,0
21901,0,37,34,3,23,0,0
22001,0,36,31,5,24,0,0
22101,0,42,33,9,18,0,0
22201,0,43,29,14,17,0,0
22301,0,42,28,14,18,0,0
22401,0,37,23,14,23,0,0
22501,0,35,22,13,25,0,0
22601,0,44,27,17,16,0,0
22701,0,44,25,19,16,0,0
22801,0,46,26,20,14,0,0
22901,0,43,18,25,17,0,1
23001,0,40,15,25,20,1,0
23101,0,47,17,30,13,0,1
23201,0,50,16,34,10,0,0
23301,0,47,13,34,13,0,0
23401,0,50,13,37,10,0,0
23501,0,46,15,31,14,0,0
23601,0,47,15,32,13,0,1
23701,0,48,16,32,12,0,0
23801,0,53,20,33,7,0,0
23901,0,51,19,32,9,0,0
24001,0,47,15,32,13,1,0
24101,0,48,14,34,12,0,0
24201,0,47,17,30,13,0,0
24301,0,44,17,27,16,0,1
24401,0,42,18,24,18,0,0
24501,0,49,22,27,11,0,0
24601,0,46,22,24,14,0,0
24701,0,47,25,22,13,0,0
24801,0,45,23,22,15,0,0
24901,0,48,26,22,12,0,0
25001,0,48,30,18,12,0,0
25101,0,49,29,20,11,0,0
25201,0,43,21,22,17,0,0
25301,0,44,20,24,16,0,0
25401,0,49,21,28,11,0,0
25501,0,46,20,26,14,0,0
25601,0,44,24,20,16,0,0
25701,0,44,26,18,16,0,1
25801,0,48,26,22,12,0,0
25901,0,46,23,23,14,0,0
26001,0,47,23,24,13,0,0
26101,0,45,23,22,15,0,0
26201,0,44,21,23,16,0,0
26301,0,43,20,23,17,0,0
26401,0,39,20,19,21,0,0
26501,0,43,24,19,17,0,1
26601,0,47,23,24,13,0,0
26701,0,41,19,22,19,0,0
26801,0,45,19,26,15,0,0
26901,0,45,18,27,15,0,0
27001,0,44,20,24,16,0,0
27101,0,44,22,22,16,0,0
27201,0,42,23,19,18,0,0
27301,0,43,23,20,17,0,0
27401,0,44,24,20,16,0,0
27501,0,40,24,16,20,0,1
27601,0,37,22,15,23,0,0
27701,0,36,20,16,24,0,1
27801,0,41,22,19,19,0,0
27901,0,43,22,21,17,0,0
28001,0,42,26,16,18,0,0
28101,0,44,26,18,16,0,0
28201,0,43,28,15,17,0,1
28301,0,42,28,14,18,0,1
28401,0,42,31,11,18,0,1
28501,0,45,36,9,15,0,0
28601,0,44,36,8,16,0,0
28701,0,43,35,8,17,0,1
28801,0,47,37,10,13,0,0
28901,0,49,38,11,11,0,0
29001,0,51,39,12,9,0,1
29101,0,48,36,12,12,0,1
29201,0,48,38,10,12,0,1
29301,0,46,40,6,14,0,1
29401,0,43,34,9,17,0,0
29501,0,43,33,10,17,1,0
29601,0,46,34,12,14,0,1
29701,0,48,33,15,12,0,0
29801,0,42,27,15,18,0,0
29901,0,48,28,20,12,0,0
30001,0,51,27,24,9,0,1
30101,0,46,25,21,14,0,0
30201,0,43,24,19,17,0,0
30301,0,41,25,16,19,0,1
30401,0,43,24,19,17,0,1
30501,0,47,26,21,13,0,1
30601,0,44,25,19,16,0,0
30701,0,50,28,22,10,0,0
30801,0,46,28,18,14,0,0
30901,0,41,24,17,19,0,1
31001,0,42,25,17,18,0,1
31101,0,46,25,21,14,0,0
31201,0,42,24,18,18,0,0
31301,0,44,21,23,16,0,0
31401,0,47,22,25,13,0,0
31501,0,43,20,23,17,0,0
31601,0,46,24,22,14,0,0
31701,0,45,20,25,15,0,0
31801,0,44,18,26,16,0,0
31901,0,42,15,27,18,0,0
32001,0,42,14,28,18,0,0
32101,0,43,14,29,17,0,0
32201,0,45,17,28,15,0,0
32301,0,46,21,25,14,0,0
32401,0,46,26,20,14,0,0
32501,0,43,24,19,17,0,0
32601,0,43,28,15,17,0,0
32701,0,43,26,17,17,0,0
32801,0,43,26,17,17,0,0
32901,0,46,28,18,14,0,0
33001,0,44,26,18,16,0,1
33101,0,40,25,15,20,0,0
33201,0,41,20,21,19,0,0
33301,0,40,20,20,20,0,0
33401,0,37,23,14,23,0,0
33501,0,41,23,18,19,0,0
33601,0,39,20,19,21,0,0
33701,0,39,19,20,21,0,1
33801,0,37,21,16,23,0,0
33901,0,35,21,14,25,0,0
34001,0,30,19,11,30,0,0
34101,0,34,26,8,26,0,0
34201,0,36,29,7,24,0,0
34301,0,36,29,7,24,0,0
34401,0,39,31,8,21,0,0
34501,0,46,36,10,14,0,0
34601,0,43,35,8,17,0,0
34701,0,42,33,9,18,0,0
34801,0,44,33,11,16,0,1
34901,0,41,34,7,19,1,0
35001,0,44,35,9,16,0,0
35101,0,40,33,7,20,0,0
35201,0,39,35,4,21,0,0
35301,0,40,35,5,20,0,0
35401,0,44,38,6,16,0,0
35501,0,41,33,8,19,0,1
35601,0,40,27,13,20,0,1
35701,0,43,29,14,17,0,0
35801,0,47,27,20,13,0,1
35901,0,42,23,19,18,0,0
36001,0,39,20,19,21,0,0
36101,0,40,17,23,20,1,0
36201,0,41,16,25,19,0,0
36301,0,44,19,25,16,0,0
36401,0,41,16,25,19,0,0
36501,0,47,15,32,13,0,0
36601,0,43,16,27,17,0,1
36701,0,45,16,29,15,0,1
36801,0,46,18,28,14,0,0
36901,0,47,18,29,13,0,0
37001,0,47,17,30,13,0,1
37101,0,48,17,31,12,0,0
37201,0,44,15,29,16,0,0
37301,0,45,17,28,15,0,0
37401,0,46,19,27,14,0,0
37501,0,47,21,26,13,0,1
37601,0,44,18,26,16,0,0
37701,0,40,20,20,20,0,0
37801,0,45,26,19,15,0,0
37901,0,41,27,14,19,0,0
38001,0,41,26,15,19,0,0
38101,0,45,25,20,15,0,1
38201,0,43,25,18,17,0,0
38301,0,45,28,17,15,0,0
38401,0,45,26,19,15,0,0
38501,0,41,22,19,19,0,0
38601,0,42,20,22,18,0,0
38701,0,44,22,22,16,0,1
38801,0,46,26,20,14,0,0
38901,0,39,26,13,21,0,0
39001,0,40,28,12,20,0,1
39101,0,38,27,11,22,0,0
39201,0,44,29,15,16,0,0
39301,0,41,28,13,19,0,0
39401,0,40,25,15,20,0,0
39501,0,45,27,18,15,0,0
39601,0,42,27,15,18,0,0
39701,0,39,25,14,21,0,1
39801,0,47,26,21,13,0,0
39901,0,46,24,22,14,1,0
40001,0,44,21,23,16,0,0
40101,0,45,20,25,15,0,1
40201,0,43,15,28,17,0,1
40301,0,42,15,27,18,0,0
40401,0,36,15,21,24,0,0
40501,0,36,20,16,24,0,1
40601,0,38,24,14,22,0,0
40701,0,42,27,15,18,0,0
40801,0,40,27,13,20,0,1
40901,0,33,24,9,27,0,0
41001,0,35,24,11,25,0,0
41101,0,45,29,16,15,0,0
41201,0,49,27,22,11,0,1
41301,0,45,24,21,15,0,0
41401,0,46,28,18,14,0,0
41501,0,42,25,17,18,0,0
41601,0,45,24,21,15,0,0
41701,0,41,20,21,19,0,0
41801,0,48,26,22,12,0,0
41901,0,44,24,20,16,0,0
42001,0,46,26,20,14,0,0
42101,0,49,34,15,11,0,0
42201,0,49,35,14,11,0,0
42301,0,45,34,11,15,0,0
42401,0,46,37,9,14,0,0
42501,0,44,41,3,16,0,0
42601,0,41,38,3,19,0,0
42701,0,41,39,2,19,0,0
42801,0,44,42,2,16,0,0
42901,0,48,45,3,12,0,0
43001,0,51,48,3,9,0,0
43101,0,51,49,2,9,0,0
43201,0,45,44,1,15,0,0
43301,0,48,47,1,12,0,0
43401,0,46,44,2,14,0,0
43501,0,45,44,1,15,0,0
43601,0,45,44,1,15,0,0
43701,0,46,45,1,14,0,0
43801,0,44,43,1,16,0,0
43901,0,48,46,2,12,1,0
44001,0,46,44,2,14,0,0
44101,0,45,43,2,15,0,0
44201,0,44,41,3,16,0,0
44301,0,47,44,3,13,1,0
44401,0,48,44,4,12,0,1
44501,0,51,46,5,9,0,0
44601,0,45,40,5,15,0,0
44701,0,44,39,5,16,0,0
44801,0,43,39,4,17,0,0
44901,0,46,42,4,14,0,0
45001,0,47,41,6,13,0,0
45101,0,48,44,4,12,0,0
45201,0,48,44,4,12,0,0
45301,0,51,47,4,9,0,0
45401,0,52,50,2,8,0,0
45501,0,51,50,1,9,0,1
45601,0,51,49,2,9,0,0
45701,0,49,47,2,11,0,0
45801,0,49,46,3,11,0,0
45901,0,47,44,3,13,0,0
46001,0,44,42,2,16,0,0
46101,0,51,49,2,9,0,0
46201,0,46,44,2,14,0,0
46301,0,47,45,2,13,0,0
46401,0,49,47,2,11,0,0
46501,0,49,47,2,11,0,0
46601,0,48,46,2,12,0,0
46701,0,52,49,3,8,0,0
46801,0,51,48,3,9,0,0
46901,0,50,48,2,10,0,0
47001,0,46,45,1,14,0,0
47101,0,46,44,2,14,0,0
47201,0,44,40,4,16,0,1
47301,0,48,46,2,12,0,0
47401,0,47,46,1,13,0,0
47501,0,50,44,6,10,0,0
47601,0,49,45,4,11,0,0
47701,0,51,47,4,9,0,0
47801,0,51,46,5,9,0,0
47901,0,47,42,5,13,0,1
48001,0,51,44,7,9,0,0
48101,0,53,46,7,7,0,0
48201,0,49,44,5,11,0,0
48301,0,53,46,7,7,0,0
48401,0,50,44,6,10,0,1
48501,0,49,43,6,11,0,0
48601,0,48,41,7,12,0,0
48701,0,49,41,8,11,0,0
48801,0,48,39,9,12,0,0
48901,0,45,38,7,15,0,0
49001,0,48,39,9,12,1,0
49101,0,49,42,7,11,0,0
49201,0,50,42,8,10,0,1
49301,0,46,40,6,14,0,0
49401,0,48,40,8,12,0,0
49501,0,47,39,8,13,0,0
49601,0,43,36,7,17,0,0
49701,0,45,38,7,15,0,0
49801,0,43,36,7,17,0,0
49901,0,43,38,5,17,0,0
50001,0,45,40,5,15,0,0
50101,0,45,39,6,15,1,0
50201,0,46,41,5,14,0,0
50301,0,42,36,6,18,0,0
50401,0,44,38,6,16,0,0
50501,0,45,39,6,15,0,0
50601,0,47,42,5,13,0,0
50701,0,48,45,3,12,0,0
50801,0,48,45,3,12,0,0
50901,0,48,47,1,12,0,0
51001,0,49,47,2,11,0,0
51101,0,50,47,3,10,0,0
51201,0,50,46,4,10,0,0
51301,0,49,45,4,11,1,0
51401,0,51,45,6,9,0,0
51501,0,48,41,7,12,0,0
51601,0,43,40,3,17,0,0
51701,0,40,37,3,20,0,0
51801,0,43,37,6,17,0,0
51901,0,43,35,8,17,0,0
52001,0,41,32,9,19,0,0
52101,0,39,30,9,21,0,0
52201,0,40,32,8,20,0,0
52301,0,46,31,15,14,0,0
52401,0,44,27,17,16,0,0
52501,0,45,30,15,15,0,0
52601,0,40,29,11,20,0,0
52701,0,43,30,13,17,0,0
52801,0,37,26,11,23,0,0
52901,0,39,27,12,21,0,0
53001,0,40,27,13,20,0,1
53101,0,36,25,11,24,0,1
53201,0,39,25,14,21,0,0
53301,0,40,27,13,20,0,0
53401,0,39,30,9,21,0,0
53501,0,38,28,10,22,0,0
53601,0,39,27,12,21,0,0
53701,0,33,22,11,27,0,0
53801,0,39,24,15,21,0,0
53901,0,42,28,14,18,0,0
54001,0,41,26,15,19,0,0
54101,0,40,23,17,20,0,0
54201,0,42,26,16,18,0,0
54301,0,40,27,13,20,0,0
54401,0,39,27,12,21,0,1
54501,0,39,31,8,21,0,0
54601,0,41,31,10,19,0,0
54701,0,43,37,6,17,0,0
54801,0,41,38,3,19,0,0
54901,0,44,42,2,16,0,0
55001,0,45,44,1,15,0,0
55101,0,50,47,3,10,0,0
55201,0,48,45,3,12,0,0
55301,0,46,42,4,14,0,0
55401,0,46,41,5,14,0,1
55501,0,44,40,4,16,0,0
55601,0,41,35,6,19,0,0
55701,0,44,37,7,16,0,0
55801,0,42,34,8,18,0,0
55901,0,43,35,8,17,0,1
56001,0,50,40,10,10,0,0
56101,0,50,36,14,10,0,1
56201,0,46,30,16,14,0,1
56301,0,41,23,18,19,0,0
56401,0,41,24,17,19,0,1
56501,0,44,27,17,16,0,0
56601,0,45,27,18,15,0,0
56701,0,45,24,21,15,0,1
56801,0,42,25,17,18,0,1
56901,0,47,28,19,13,0,1
57001,0,50,30,20,10,0,0
57101,0,47,24,23,13,0,1
57201,0,49,25,24,11,0,0
57301,0,41,20,21,19,0,0
57401,0,47,22,25,13,0,0
57501,0,49,24,25,11,0,0
57601,0,48,21,27,12,0,0
57701,0,50,21,29,10,0,0
57801,0,46,22,24,14,0,0
57901,0,47,24,23,13,0,0
58001,0,46,21,25,14,0,1
58101,0,49,22,27,11,0,0
58201,0,43,19,24,17,0,0
58301,0,45,22,23,15,0,0
58401,0,39,17,22,21,0,0
58501,0,46,20,26,14,0,0
58601,0,44,19,25,16,0,0
58701,0,45,20,25,15,0,0
58801,0,45,19,26,15,0,0
58901,0,39,16,23,21,0,0
59001,0,48,17,31,12,0,1
59101,0,44,14,30,16,0,0
59201,0,48,18,30,12,1,0
59301,0,47,19,28,13,0,0
59401,0,47,17,30,13,0,0
59501,0,46,21,25,14,0,0
59601,0,44,21,23,16,0,0
59701,0,45,23,22,15,0,0
59801,0,44,20,24,16,0,0
59901,0,43,18,25,17,0,0
60001,0,43,18,25,17,0,1
60101,0,40,18,22,20,0,0
60201,0,40,17,23,20,0,1
60301,0,40,16,24,20,0,0
60401,0,46,16,30,14,0,0
60501,0,36,12,24,24,0,0
60601,0,47,14,33,13,0,0
60701,0,46,15,31,14,0,0
60801,0,44,12,32,16,0,1
60901,0,45,14,31,15,0,0
61001,0,46,15,31,14,0,0
61101,0,50,18,32,10,0,0
61201,0,47,15,32,13,0,0
61301,0,45,16,29,15,0,0
61401,0,42,15,27,18,0,1
61501,0,46,13,33,14,0,0
61601,0,44,14,30,16,0,0
61701,0,44,15,29,16,0,0
61801,0,43,14,29,17,0,0
61901,0,39,13,26,21,0,0
62001,0,45,12,33,15,0,0
62101,0,46,14,32,14,0,0
62201,0,45,14,31,15,0,0
62301,0,46,20,26,14,0,0
62401,0,40,19,21,20,0,0
62501,0,40,22,18,20,0,0
62601,0,36,21,15,24,0,0
62701,0,42,29,13,18,0,0
62801,0,39,28,11,21,0,0
62901,0,38,28,10,22,0,0
63001,0,40,32,8,20,0,0
63101,0,42,35,7,18,0,0
63201,0,40,33,7,20,0,0
63301,0,41,36,5,19,0,0
63401,0,45,38,7,15,0,0
63501,0,45,41,4,15,0,0
63601,0,45,43,2,15,0,0
63701,0,41,40,1,19,0,0
63801,0,43,41,2,17,0,0
63901,0,45,44,1,15,0,0
64001,0,47,46,1,13,0,0
64101,0,44,44,0,16,0,0
64201,0,43,43,0,17,0,0
64301,0,45,44,1,15,0,0
64401,0,49,48,1,11,0,0
64501,0,51,50,1,9,0,0
64601,0,49,48,1,11,0,0
64701,0,48,47,1,12,0,0
64801,0,48,46,2,12,0,0
64901,0,47,46,1,13,0,0
65001,0,48,45,3,12,0,0
65101,0,49,45,4,11,0,0
65201,0,49,45,4,11,0,0
65301,0,43,40,3,17,0,1
65401,0,45,42,3,15,0,0
65501,0,46,42,4,14,0,0
65601,0,48,43,5,12,0,0
65701,0,51,46,5,9,0,1
65801,0,47,42,5,13,0,0
65901,0,49,46,3,11,0,0
66001,0,52,48,4,8,0,0
66101,0,47,45,2,13,0,0
66201,0,51,48,3,9,0,0
66301,0,51,48,3,9,0,0
66401,0,53,49,4,7,0,0
66501,0,50,47,3,10,0,0
66601,0,53,50,3,7,0,0
66701,0,49,46,3,11,0,0
66801,0,53,51,2,7,0,0
66901,0,54,51,3,6,0,0
67001,0,52,51,1,8,0,0
67101,0,50,48,2,10,0,1
67201,0,47,44,3,13,0,0
67301,0,47,45,2,13,0,0
67401,0,45,43,2,15,0,0
67501,0,44,40,4,16,0,0
67601,0,42,38,4,18,0,0
67701,0,45,38,7,15,0,0
67801,0,47,40,7,13,0,0
67901,0,43,35,8,17,0,0
68001,0,47,39,8,13,0,0
68101,0,43,36,7,17,0,0
68201,0,42,36,6,18,0,0
68301,0,45,35,10,15,1,0
68401,0,42,33,9,18,0,1
68501,0,45,37,8,15,0,0
68601,0,46,36,10,14,0,0
68701,0,42,36,6,18,0,0
68801,0,41,35,6,19,0,1
68901,0,42,36,6,18,0,0
69001,0,39,34,5,21,0,0
69101,0,43,38,5,17,0,0
69201,0,42,38,4,18,0,0
69301,0,46,41,5,14,0,0
69401,0,49,45,4,11,0,0
69501,0,46,44,2,14,0,0
69601,0,49,49,0,11,0,0
69701,0,52,52,0,8,0,0
69801,0,55,55,0,5,0,0
69901,0,53,53,0,7,0,0
70001,0,54,54,0,6,0,0
70101,0,55,55,0,5,0,0
70201,0,54,54,0,6,0,0
70301,0,54,53,1,6,0,0
70401,0,52,51,1,8,1,0
70501,0,51,49,2,9,0,0
70601,0,52,50,2,8,0,0
70701,0,52,52,0,8,0,0
70801,0,49,49,0,11,0,0
70901,0,51,51,0,9,0,0
71001,0,54,54,0,6,0,0
71101,0,51,51,0,9,0,0
71201,0,51,51,0,9,0,0
71301,0,50,50,0,10,0,0
71401,0,52,52,0,8,0,0
71501,0,49,49,0,11,0,0
71601,0,51,50,1,9,0,0
71701,0,52,51,1,8,0,0
71801,0,50,48,2,10,0,0
71901,0,51,49,2,9,0,0
72001,0,50,48,2,10,0,0
72101,0,49,47,2,11,0,0
72201,0,52,49,3,8,0,1
72301,0,52,47,5,8,0,0
72401,0,53,49,4,7,0,0
72501,0,52,48,4,8,0,0
72601,0,49,47,2,11,0,0
72701,0,45,42,3,15,0,0
72801,0,46,43,3,14,0,1
72901,0,47,43,4,13,0,0
73001,0,45,40,5,15,0,0
73101,0,44,38,6,16,0,0
73201,0,43,35,8,17,0,0
73301,0,42,32,10,18,0,0
73401,0,46,33,13,14,0,0
73501,0,42,28,14,18,0,0
73601,0,45,30,15,15,0,1
73701,0,40,25,15,20,0,0
73801,0,39,26,13,21,0,0
73901,0,37,24,13,23,0,0
74001,0,39,25,14,21,0,1
74101,0,41,28,13,19,0,0
74201,0,37,23,14,23,0,0
74301,0,38,26,12,22,0,0
74401,0,39,26,13,21,0,0
74501,0,39,24,15,21,0,1
74601,0,42,20,22,18,0,0
74701,0,38,19,19,22,0,1
74801,0,39,20,19,21,0,1
74901,0,37,20,17,23,0,0
75001,0,39,21,18,21,0,1
75101,0,38,22,16,22,0,0
75201,0,37,22,15,23,0,0
75301,0,39,21,18,21,0,0
75401,0,44,22,22,16,0,0
75501,0,40,21,19,20,0,0
75601,0,43,21,22,17,0,0
75701,0,46,20,26,14,0,0
75801,0,47,17,30,13,0,0
75901,0,45,16,29,15,0,0
76001,0,49,16,33,11,0,0
76101,0,48,14,34,12,0,0
76201,0,49,14,35,11,0,1
76301,0,48,15,33,12,0,0
76401,0,42,12,30,18,0,1
76501,0,45,12,33,15,0,0
76601,0,39,13,26,21,0,0
76701,0,42,14,28,18,0,0
76801,0,40,14,26,20,0,0
76901,0,45,15,30,15,0,1
77001,0,45,13,32,15,0,1
77101,0,40,12,28,20,0,0
77201,0,44,15,29,16,1,0
77301,0,41,18,23,19,0,1
77401,0,42,19,23,18,0,0
77501,0,45,20,25,15,0,1
77601,0,44,20,24,16,0,0
77701,0,47,19,28,13,0,1
77801,0,46,15,31,14,0,0
77901,0,44,15,29,16,0,0
78001,0,41,14,27,19,0,1
78101,0,44,15,29,16,0,0
78201,0,43,14,29,17,0,0
78301,0,44,17,27,16,0,0
78401,0,46,20,26,14,0,0
78501,0,48,19,29,12,0,1
78601,0,46,20,26,14,0,0
78701,0,42,20,22,18,0,0
78801,0,42,20,22,18,1,0
78901,0,43,20,23,17,0,1
79001,0,46,17,29,14,0,0
79101,0,47,17,30,13,0,0
79201,0,49,18,31,11,0,0
79301,0,44,15,29,16,0,0
79401,0,43,15,28,17,0,0
79501,0,47,17,30,13,0,1
79601,0,44,17,27,16,0,0
79701,0,48,17,31,12,0,0
79801,0,44,14,30,16,1,0
79901,0,42,14,28,18,0,0
80001,0,45,16,29,15,0,1
80101,0,43,15,28,17,0,0
80201,0,46,17,29,14,0,0
80301,0,43,15,28,17,0,1
80401,0,44,15,29,16,0,1
80501,0,44,12,32,16,0,1
80601,0,47,12,35,13,0,0
80701,0,43,13,30,17,0,1
80801,0,46,14,32,14,0,0
80901,0,48,15,33,12,0,0
81001,0,49,16,33,11,0,0
81101,0,50,15,35,10,0,0
81201,0,48,16,32,12,0,0
81301,0,47,17,30,13,0,0
81401,0,46,21,25,14,0,0
81501,0,46,25,21,14,0,0
81601,0,44,26,18,16,0,1
81701,0,45,27,18,15,0,0
81801,0,48,27,21,12,0,1
81901,0,50,26,24,10,0,0
82001,0,49,28,21,11,0,0
82101,0,46,28,18,14,1,0
82201,0,41,26,15,19,0,0
82301,0,44,25,19,16,0,1
82401,0,41,25,16,19,0,0
82501,0,42,31,11,18,0,1
82601,0,46,36,10,14,0,0
82701,0,47,40,7,13,0,0
82801,0,45,39,6,15,0,0
82901,0,41,37,4,19,1,0
83001,0,46,40,6,14,0,0
83101,0,47,45,2,13,0,0
83201,0,46,44,2,14,0,0
83301,0,44,44,0,16,0,0
83401,0,48,48,0,12,0,0
83501,0,50,49,1,10,0,0
83601,0,52,50,2,8,0,0
83701,0,51,49,2,9,0,0
83801,0,50,48,2,10,0,0
83901,0,48,46,2,12,0,0
84001,0,53,51,2,7,0,0
84101,0,49,47,2,11,0,0
84201,0,51,50,1,9,0,0
84301,0,47,47,0,13,0,0
84401,0,54,53,1,6,0,0
84501,0,54,53,1,6,0,0
84601,0,53,51,2,7,1,0
84701,0,56,55,1,4,0,0
84801,0,57,56,1,3,0,0
84901,0,55,54,1,5,0,0
85001,0,55,54,1,5,0,0
85101,0,57,57,0,3,0,0
85201,0,56,56,0,4,0,0
85301,0,54,54,0,6,0,0
85401,0,57,57,0,3,0,0
85501,0,55,55,0,5,0,0
85601,0,56,56,0,4,0,0
85701,0,53,53,0,7,0,0
85801,0,51,51,0,9,0,0
85901,0,51,51,0,9,0,0
86001,0,53,53,0,7,0,0
86101,0,53,53,0,7,0,0
86201,0,53,53,0,7,0,0
86301,0,50,50,0,10,0,0
86401,0,52,52,0,8,0,0
86501,0,53,53,0,7,0,0
86601,0,53,53,0,7,0,0
86701,0,51,51,0,9,0,0
86801,0,51,51,0,9,0,0
86901,0,51,51,0,9,0,0
87001,0,52,52,0,8,0,0
87101,0,48,48,0,12,0,0
87201,0,49,48,1,11,0,0
87301,0,50,48,2,10,0,0
87401,0,50,48,2,10,0,0
87501,0,47,44,3,13,0,0
87601,0,50,45,5,10,1,0
87701,0,52,49,3,8,0,0
87801,0,48,45,3,12,0,0
87901,0,51,49,2,9,0,0
88001,0,53,48,5,7,0,0
88101,0,51,47,4,9,1,0
88201,0,50,47,3,10,0,0
88301,0,52,48,4,8,0,0
88401,0,54,50,4,6,0,0
88501,0,50,49,1,10,0,0
88601,0,51,50,1,9,0,0
88701,0,52,52,0,8,0,0
88801,0,56,56,0,4,0,0
88901,0,54,54,0,6,0,0
89001,0,54,54,0,6,0,0
89101,0,55,55,0,5,0,0
89201,0,55,55,0,5,0,0
89301,0,56,56,0,4,0,0
89401,0,52,52,0,8,0,0
89501,0,49,49,0,11,0,0
89601,0,50,50,0,10,0,0
89701,0,50,50,0,10,0,0
89801,0,48,48,0,12,0,0
89901,0,51,51,0,9,0,0
90001,0,50,49,1,10,0,0
90101,0,53,52,1,7,0,0
90201,0,52,52,0,8,0,0
90301,0,54,53,1,6,0,0
90401,0,53,52,1,7,0,0
90501,0,48,48,0,12,0,0
90601,0,49,49,0,11,0,0
90701,0,49,49,0,11,0,0
90801,0,54,54,0,6,0,0
90901,0,56,56,0,4,0,0
91001,0,52,52,0,8,0,0
91101,0,53,52,1,7,0,0
91201,0,54,53,1,6,0,0
91301,0,52,50,2,8,0,0
91401,0,51,49,2,9,0,0
91501,0,51,49,2,9,0,1
91601,0,49,47,2,11,0,0
91701,0,48,46,2,12,0,0
91801,0,42,40,2,18,0,1
91901,0,46,43,3,14,0,0
92001,0,46,43,3,14,0,0
92101,0,46,43,3,14,0,0
92201,0,48,44,4,12,0,0
92301,0,48,44,4,12,0,0
92401,0,48,44,4,12,0,0
92501,0,47,42,5,13,0,0
92601,0,43,39,4,17,0,0
92701,0,45,38,7,15,0,0
92801,0,44,35,9,16,0,0
92901,0,44,37,7,16,0,0
93001,0,43,37,6,17,0,0
93101,0,44,34,10,16,0,0
93201,0,44,34,10,16,0,0
93301,0,40,29,11,20,0,0
93401,0,42,32,10,18,0,0
93501,0,39,33,6,21,1,0
93601,0,40,32,8,20,0,0
93701,0,40,33,7,20,0,0
93801,0,41,34,7,19,0,0
93901,0,40,34,6,20,0,0
94001,0,46,38,8,14,0,0
94101,0,46,35,11,14,0,0
94201,0,44,34,10,16,0,0
94301,0,42,36,6,18,0,0
94401,0,44,40,4,16,0,0
94501,0,47,44,3,13,0,1
94601,0,44,42,2,16,0,0
94701,0,43,40,3,17,0,0
94801,0,41,40,1,19,0,0
94901,0,43,42,1,17,0,0
95001,0,41,40,1,19,0,0
95101,0,41,40,1,19,0,0
95201,0,43,42,1,17,1,0
95301,0,46,45,1,14,0,1
95401,0,49,46,3,11,0,0
95501,0,52,48,4,8,0,0
95601,0,53,48,5,7,0,0
95701,0,51,47,4,9,0,0
95801,0,52,44,8,8,0,0
95901,0,49,41,8,11,0,0
96001,0,45,37,8,15,0,0
96101,0,44,37,7,16,0,0
96201,0,38,31,7,22,0,0
96301,0,43,33,10,17,0,0
96401,0,43,32,11,17,0,0
96501,0,38,26,12,22,0,0
96601,0,39,29,10,21,0,0
96701,0,40,31,9,20,0,1
96801,0,39,30,9,21,0,0
96901,0,44,29,15,16,0,1
97001,0,44,29,15,16,0,0
97101,0,45,26,19,15,0,0
97201,0,42,24,18,18,0,1
97301,0,44,23,21,16,0,0
97401,0,49,24,25,11,0,1
97501,0,48,22,26,12,0,0
97601,0,44,20,24,16,0,0
97701,0,44,20,24,16,0,0
97801,0,49,21,28,11,0,0
97901,0,40,19,21,20,0,0
98001,0,38,17,21,22,0,1
98101,0,41,21,20,19,0,1
98201,0,41,15,26,19,0,1
98301,0,45,16,29,15,0,1
98401,0,48,17,31,12,0,0
98501,0,45,15,30,15,0,1
98601,0,47,18,29,13,0,0
98701,0,44,16,28,16,0,1
98801,0,48,16,32,12,0,0
98901,0,48,16,32,12,0,0
99001,0,45,15,30,15,1,0
99101,0,43,13,30,17,0,0
99201,0,44,14,30,16,0,0
99301,0,42,15,27,18,0,1
99401,0,42,12,30,18,1,0
99501,0,45,15,30,15,0,0
99601,0,50,20,30,10,0,1
99701,0,42,18,24,18,0,0
99801,0,51,21,30,9,0,0
99901,0,51,19,32,9,0,1
