Time Steps,Polymerase Count,Active Histone Count,Acetylated Histone Count,Methylated Histone Count,Unmodified Histone Count,Noisy Changes Count,Enzyme Changes Count
1,0,31,0,31,29,0,1
101,0,37,0,37,23,0,0
201,0,44,1,43,16,0,0
301,0,48,1,47,12,0,0
401,0,46,1,45,14,0,0
501,0,51,2,49,9,0,0
601,0,50,2,48,10,0,0
701,0,48,2,46,12,0,0
801,0,43,2,41,17,0,0
901,0,43,3,40,17,0,0
1001,0,49,3,46,11,0,0
1101,0,50,2,48,10,0,0
1201,0,49,3,46,11,0,0
1301,0,47,1,46,13,0,0
1401,0,47,2,45,13,0,0
1501,0,46,1,45,14,0,0
1601,0,48,2,46,12,0,0
1701,0,47,1,46,13,0,0
1801,0,50,1,49,10,0,0
1901,0,52,2,50,8,0,0
2001,0,49,2,47,11,0,0
2101,0,45,4,41,15,0,0
2201,0,44,2,42,16,0,0
2301,0,45,0,45,15,0,0
2401,0,48,0,48,12,0,0
2501,0,50,1,49,10,0,0
2601,0,53,2,51,7,1,0
2701,0,48,2,46,12,0,0
2801,0,53,3,50,7,0,0
2901,0,53,4,49,7,0,0
3001,0,53,5,48,7,0,0
3101,0,45,4,41,15,0,0
3201,0,49,5,44,11,0,0
3301,0,44,4,40,16,0,0
3401,0,46,4,42,14,0,0
3501,0,45,5,40,15,0,0
3601,0,47,10,37,13,0,1
3701,0,43,8,35,17,1,0
3801,0,45,6,39,15,0,0
3901,3,45,16,29,15,1,0
4001,2,43,19,24,17,0,0
4101,4,45,22,23,15,0,0
4201,1,45,24,21,15,0,0
4301,3,47,26,21,13,0,0
4401,1,48,22,26,12,0,0
4501,1,47,21,26,13,0,1
4601,2,41,18,23,19,0,0
4701,1,45,22,23,15,0,0
4801,3,37,16,21,23,0,0
4901,0,41,18,23,19,0,0
5001,1,46,23,23,14,0,0
5101,2,40,18,22,20,0,0
5201,1,39,18,21,21,0,0
5301,2,43,17,26,17,0,0
5401,4,46,21,25,14,0,0
5501,2,43,17,26,17,0,0
5601,1,44,18,26,16,0,0
5701,1,41,19,22,19,0,0
5801,0,43,21,22,17,0,0
5901,3,37,17,20,23,0,0
6001,4,41,21,20,19,0,1
6101,5,40,20,20,20,0,0
6201,3,41,22,19,19,0,0
6301,2,36,24,12,24,0,0
6401,2,32,24,8,28,0,0
6501,4,37,29,8,23,0,0
6601,2,41,34,7,19,0,0
6701,2,39,35,4,21,0,0
6801,0,43,38,5,17,0,0
6901,2,45,40,5,15,0,0
7001,0,44,39,5,16,0,0
7101,1,44,39,5,16,0,0
7201,4,42,34,8,18,1,0
7301,1,36,30,6,24,0,0
7401,3,43,33,10,17,0,0
7501,4,43,29,14,17,0,0
7601,3,40,28,12,20,0,0
7701,2,35,24,11,25,0,0
7801,3,37,27,10,23,0,0
7901,4,37,28,9,23,0,0
8001,4,36,27,9,24,0,0
8101,1,41,30,11,19,0,0
8201,4,40,26,14,20,0,0
8301,1,41,22,19,19,0,0
8401,4,41,20,21,19,0,0
8501,1,42,23,19,18,0,1
8601,1,46,23,23,14,0,0
8701,3,41,22,19,19,0,0
8801,1,37,21,16,23,0,0
8901,2,39,23,16,21,0,0
9001,4,40,25,15,20,0,0
9101,4,40,24,16,20,0,1
9201,1,44,25,19,16,0,0
9301,3,44,22,22,16,0,0
9401,1,40,24,16,20,0,0
9501,4,43,25,18,17,0,0
9601,3,43,28,15,17,0,0
9701,2,43,27,16,17,0,0
9801,3,41,28,13,19,0,0
9901,2,38,29,9,22,0,0
10001,4,42,34,8,18,0,0
10101,2,44,38,6,16,0,0
10201,1,43,38,5,17,0,0
10301,2,45,37,8,15,0,0
10401,6,42,34,8,18,0,1
10501,1,48,39,9,12,0,1
10601,2,47,40,7,13,0,0
10701,7,46,42,4,14,0,0
10801,3,44,39,5,16,0,0
10901,2,42,39,3,18,0,0
11001,1,41,39,2,19,0,0
11101,3,48,47,1,12,0,0
11201,1,49,49,0,11,0,0
11301,3,51,51,0,9,0,0
11401,2,52,51,1,8,0,0
11501,1,52,52,0,8,0,0
11601,1,52,52,0,8,0,0
11701,3,54,53,1,6,0,0
11801,1,54,53,1,6,0,1
11901,1,54,53,1,6,0,0
12001,4,53,52,1,7,0,0
12101,1,54,53,1,6,0,0
12201,1,54,53,1,6,0,0
12301,1,54,52,2,6,0,0
12401,3,53,52,1,7,0,0
12501,2,49,48,1,11,0,0
12601,2,48,47,1,12,1,0
12701,1,48,47,1,12,0,1
12801,0,50,48,2,10,0,0
12901,1,48,46,2,12,0,0
13001,0,45,42,3,15,0,0
13101,4,45,42,3,15,1,0
13201,4,45,39,6,15,0,1
13301,4,46,38,8,14,0,0
13401,3,45,38,7,15,0,0
13501,2,42,35,7,18,0,0
13601,0,45,37,8,15,0,0
13701,1,36,29,7,24,0,0
13801,2,38,27,11,22,0,0
13901,1,39,26,13,21,0,0
14001,2,37,22,15,23,0,0
14101,3,37,20,17,23,0,0
14201,1,38,22,16,22,1,0
14301,2,42,26,16,18,0,0
14401,1,42,24,18,18,0,0
14501,0,42,24,18,18,0,0
14601,1,41,24,17,19,0,0
14701,3,42,21,21,18,0,1
14801,1,35,17,18,25,1,0
14901,2,38,22,16,22,0,0
15001,3,38,18,20,22,0,0
15101,0,37,15,22,23,0,1
15201,2,32,15,17,28,0,0
15301,0,35,18,17,25,0,0
15401,7,37,19,18,23,0,0
15501,2,35,17,18,25,0,0
15601,3,39,18,21,21,0,0
15701,0,42,18,24,18,0,0
15801,2,40,13,27,20,0,0
15901,2,40,14,26,20,0,0
16001,2,39,16,23,21,0,0
16101,0,39,14,25,21,0,1
16201,0,39,13,26,21,0,1
16301,2,47,15,32,13,0,0
16401,1,47,14,33,13,0,0
16501,0,44,14,30,16,0,0
16601,1,46,14,32,14,0,0
16701,1,49,16,33,11,0,0
16801,2,46,18,28,14,0,0
16901,0,46,19,27,14,0,0
17001,2,48,23,25,12,0,0
17101,0,41,24,17,19,0,0
17201,5,41,27,14,19,0,0
17301,2,40,25,15,20,0,0
17401,0,42,25,17,18,0,1
17501,0,39,27,12,21,0,0
17601,1,38,26,12,22,0,0
17701,2,41,27,14,19,0,0
17801,1,39,29,10,21,0,0
17901,1,34,25,9,26,0,0
18001,5,41,28,13,19,0,0
18101,2,39,30,9,21,0,0
18201,5,44,34,10,16,0,0
18301,4,39,32,7,21,0,0
18401,1,40,33,7,20,0,0
18501,2,42,33,9,18,0,0
18601,0,43,35,8,17,0,1
18701,4,42,39,3,18,0,0
18801,2,46,43,3,14,0,0
18901,4,47,45,2,13,0,0
19001,5,45,43,2,15,0,0
19101,1,44,42,2,16,0,0
19201,5,44,42,2,16,0,0
19301,1,50,48,2,10,1,0
19401,2,47,45,2,13,0,0
19501,1,49,49,0,11,0,0
19601,1,51,50,1,9,0,0
19701,0,51,51,0,9,0,0
19801,0,52,52,0,8,0,0
19901,1,54,54,0,6,0,0
20001,5,53,53,0,7,0,0
20101,2,49,49,0,11,1,0
20201,1,51,50,1,9,0,0
20301,0,49,48,1,11,0,0
20401,2,46,45,1,14,0,0
20501,2,45,44,1,15,0,0
20601,0,45,43,2,15,0,0
20701,2,48,44,4,12,0,1
20801,2,43,41,2,17,0,0
20901,4,47,42,5,13,0,0
21001,5,47,41,6,13,0,0
21101,1,48,42,6,12,0,1
21201,3,43,39,4,17,0,1
21301,3,51,47,4,9,0,0
21401,1,48,44,4,12,0,0
21501,2,48,42,6,12,0,0
21601,4,45,39,6,15,0,0
21701,3,42,37,5,18,0,0
21801,1,42,36,6,18,0,0
21901,3,47,39,8,13,0,0
22001,1,47,40,7,13,0,0
22101,1,43,37,6,17,0,0
22201,1,43,35,8,17,0,0
22301,1,45,35,10,15,0,1
22401,3,48,38,10,12,0,0
22501,4,48,40,8,12,0,0
22601,2,44,38,6,16,0,0
22701,5,49,43,6,11,0,0
22801,0,49,43,6,11,0,1
22901,4,46,42,4,14,0,0
23001,1,44,41,3,16,0,0
23101,0,49,45,4,11,0,0
23201,1,43,39,4,17,0,0
23301,7,46,43,3,14,0,0
23401,3,53,50,3,7,0,0
23501,5,48,47,1,12,0,0
23601,1,50,49,1,10,0,0
23701,4,54,53,1,6,0,0
23801,4,50,49,1,10,0,0
23901,1,49,49,0,11,0,0
24001,1,48,47,1,12,0,0
24101,1,49,48,1,11,0,0
24201,2,49,49,0,11,0,0
24301,1,51,51,0,9,0,0
24401,0,49,49,0,11,0,0
24501,3,53,53,0,7,0,0
24601,3,54,54,0,6,0,0
24701,3,52,52,0,8,0,0
24801,1,54,54,0,6,0,0
24901,3,54,54,0,6,0,0
25001,2,55,55,0,5,0,0
25101,2,55,55,0,5,0,0
25201,2,55,55,0,5,0,0
25301,5,54,53,1,6,0,0
25401,3,53,51,2,7,0,0
25501,2,52,49,3,8,1,0
25601,4,54,52,2,6,0,0
25701,4,54,53,1,6,0,0
25801,2,50,49,1,10,0,0
25901,2,50,50,0,10,0,0
26001,1,55,54,1,5,0,0
26101,1,53,51,2,7,0,0
26201,2,52,51,1,8,0,0
26301,1,53,53,0,7,0,0
26401,2,54,54,0,6,0,0
26501,3,55,55,0,5,0,0
26601,2,53,53,0,7,1,0
26701,4,55,54,1,5,0,0
26801,1,56,55,1,4,0,0
26901,1,55,55,0,5,0,0
27001,3,56,56,0,4,0,0
27101,1,55,55,0,5,0,0
27201,2,55,55,0,5,0,0
27301,3,55,55,0,5,1,0
27401,2,52,51,1,8,0,0
27501,1,51,50,1,9,0,0
27601,3,51,50,1,9,0,0
27701,0,55,54,1,5,0,0
27801,0,53,52,1,7,0,0
27901,4,56,55,1,4,0,0
28001,0,56,55,1,4,0,0
28101,1,58,57,1,2,0,0
28201,3,52,52,0,8,0,0
28301,1,54,54,0,6,0,0
28401,2,54,54,0,6,0,0
28501,4,53,53,0,7,0,0
28601,3,57,57,0,3,0,0
28701,3,56,56,0,4,0,0
28801,2,57,57,0,3,0,0
28901,1,57,57,0,3,0,0
29001,1,55,55,0,5,0,0
29101,2,55,55,0,5,0,0
29201,2,56,56,0,4,0,0
29301,1,56,56,0,4,0,0
29401,2,52,52,0,8,0,0
29501,1,53,53,0,7,0,0
29601,3,55,55,0,5,0,0
29701,3,56,56,0,4,0,0
29801,4,56,56,0,4,0,0
29901,3,53,53,0,7,0,0
30001,3,52,52,0,8,0,0
30101,1,52,52,0,8,0,0
30201,1,54,54,0,6,0,0
30301,4,56,56,0,4,0,0
30401,4,54,53,1,6,0,0
30501,3,55,54,1,5,1,0
30601,1,55,55,0,5,0,0
30701,2,56,56,0,4,0,0
30801,0,53,53,0,7,0,0
30901,1,56,56,0,4,0,0
31001,1,54,54,0,6,0,0
31101,3,54,54,0,6,1,0
31201,2,55,55,0,5,0,0
31301,1,58,58,0,2,0,0
31401,2,57,57,0,3,0,0
31501,1,55,55,0,5,0,0
31601,2,52,52,0,8,0,0
31701,1,52,52,0,8,0,0
31801,0,50,50,0,10,0,0
31901,1,53,52,1,7,0,0
32001,1,50,49,1,10,0,0
32101,3,52,52,0,8,0,0
32201,2,54,54,0,6,0,0
32301,1,51,51,0,9,0,0
32401,2,49,49,0,11,0,0
32501,2,54,54,0,6,0,0
32601,3,54,54,0,6,0,0
32701,1,55,55,0,5,0,0
32801,0,56,56,0,4,0,0
32901,2,57,57,0,3,0,0
33001,0,54,54,0,6,0,0
33101,1,56,56,0,4,0,0
33201,0,56,56,0,4,0,0
33301,3,54,54,0,6,0,0
33401,1,57,56,1,3,0,0
33501,2,53,52,1,7,0,0
33601,4,51,50,1,9,0,0
33701,1,53,52,1,7,0,0
33801,1,53,52,1,7,1,0
33901,1,52,50,2,8,0,0
34001,5,50,50,0,10,0,0
34101,2,52,52,0,8,0,0
34201,2,49,49,0,11,0,0
34301,5,48,48,0,12,0,0
34401,0,49,49,0,11,0,0
34501,0,47,47,0,13,0,0
34601,2,48,48,0,12,0,0
34701,2,51,51,0,9,0,0
34801,2,51,51,0,9,0,0
34901,1,49,49,0,11,1,0
35001,3,49,49,0,11,0,0
35101,2,50,50,0,10,0,0
35201,1,49,49,0,11,0,0
35301,5,50,50,0,10,0,0
35401,3,51,51,0,9,0,0
35501,2,53,53,0,7,0,0
35601,2,54,54,0,6,0,0
35701,1,52,52,0,8,0,0
35801,0,52,51,1,8,0,0
35901,3,52,52,0,8,0,0
36001,2,50,50,0,10,0,0
36101,1,50,50,0,10,0,0
36201,2,48,48,0,12,0,0
36301,3,48,48,0,12,0,0
36401,2,48,48,0,12,0,0
36501,1,49,48,1,11,0,0
36601,2,51,50,1,9,0,0
36701,1,53,52,1,7,0,0
36801,3,53,52,1,7,0,0
36901,1,51,51,0,9,0,0
37001,0,54,54,0,6,0,0
37101,4,53,53,0,7,1,0
37201,1,53,53,0,7,0,0
37301,0,50,50,0,10,0,0
37401,2,49,49,0,11,0,0
37501,3,48,48,0,12,0,0
37601,3,49,49,0,11,1,0
37701,3,52,52,0,8,0,0
37801,0,52,52,0,8,0,0
37901,0,56,55,1,4,0,0
38001,2,54,52,2,6,0,1
38101,2,49,46,3,11,0,0
38201,1,51,49,2,9,0,0
38301,2,54,52,2,6,0,0
38401,2,53,50,3,7,0,0
38501,1,52,48,4,8,0,0
38601,3,50,48,2,10,0,0
38701,0,50,48,2,10,0,0
38801,2,50,48,2,10,0,0
38901,2,52,49,3,8,0,0
39001,1,52,50,2,8,0,0
39101,1,50,48,2,10,0,0
39201,2,54,50,4,6,0,0
39301,2,55,51,4,5,0,0
39401,3,50,49,1,10,0,0
39501,3,51,50,1,9,0,0
39601,2,52,50,2,8,0,0
39701,1,49,48,1,11,0,0
39801,5,51,50,1,9,0,0
39901,4,53,52,1,7,0,0
40001,3,53,52,1,7,0,0
40101,3,50,49,1,10,0,0
40201,1,52,51,1,8,0,0
40301,4,56,54,2,4,0,0
40401,0,55,54,1,5,0,0
40501,2,51,50,1,9,0,0
40601,2,51,50,1,9,0,0
40701,3,53,52,1,7,0,0
40801,0,54,52,2,6,0,0
40901,3,52,50,2,8,0,0
41001,2,49,47,2,11,0,0
41101,3,49,46,3,11,0,0
41201,6,49,45,4,11,0,0
41301,1,46,40,6,14,0,0
41401,1,45,39,6,15,0,1
41501,4,41,37,4,19,0,0
41601,5,42,35,7,18,0,0
41701,2,45,35,10,15,1,0
41801,5,48,38,10,12,0,0
41901,1,48,37,11,12,0,1
42001,0,43,33,10,17,0,0
42101,3,43,37,6,17,0,0
42201,2,44,40,4,16,0,0
42301,1,47,42,5,13,0,0
42401,2,47,42,5,13,0,0
42501,4,47,41,6,13,0,0
42601,4,45,37,8,15,0,0
42701,1,42,34,8,18,0,0
42801,3,41,33,8,19,0,0
42901,0,40,33,7,20,0,0
43001,0,39,32,7,21,0,0
43101,2,41,31,10,19,0,0
43201,1,36,28,8,24,0,0
43301,3,39,30,9,21,0,0
43401,3,39,28,11,21,0,1
43501,4,35,27,8,25,0,0
43601,3,35,27,8,25,0,0
43701,3,39,26,13,21,0,0
43801,3,36,24,12,24,0,0
43901,2,35,24,11,25,0,0
44001,3,38,26,12,22,0,0
44101,0,41,28,13,19,0,0
44201,4,40,28,12,20,0,0
44301,4,40,27,13,20,0,0
44401,5,40,25,15,20,0,0
44501,3,41,23,18,19,0,0
44601,0,42,22,20,18,0,0
44701,3,45,24,21,15,0,0
44801,2,42,21,21,18,0,0
44901,1,42,22,20,18,1,0
45001,4,45,27,18,15,0,0
45101,2,47,23,24,13,0,0
45201,0,44,24,20,16,0,1
45301,2,41,21,20,19,1,0
45401,1,41,18,23,19,0,0
45501,3,45,18,27,15,0,0
45601,2,42,18,24,18,0,0
45701,4,42,22,20,18,0,1
45801,4,45,21,24,15,0,0
45901,1,44,20,24,16,0,0
46001,3,42,16,26,18,0,0
46101,1,48,19,29,12,0,0
46201,1,44,16,28,16,0,0
46301,4,45,16,29,15,0,1
46401,0,46,15,31,14,0,0
46501,2,47,14,33,13,0,0
46601,1,43,13,30,17,0,1
46701,9,42,13,29,18,0,1
46801,2,45,16,29,15,0,0
46901,4,46,16,30,14,0,0
47001,5,42,16,26,18,0,0
47101,0,48,16,32,12,0,1
47201,2,49,15,34,11,0,0
47301,3,50,15,35,10,0,1
47401,3,46,13,33,14,0,0
47501,4,46,13,33,14,0,0
47601,2,49,12,37,11,0,0
47701,2,50,14,36,10,0,0
47801,1,48,16,32,12,0,0
47901,0,44,14,30,16,0,1
48001,1,42,16,26,18,0,1
48101,1,45,20,25,15,0,0
48201,4,44,21,23,16,0,0
48301,1,45,20,25,15,0,0
48401,0,48,24,24,12,0,0
48501,1,46,21,25,14,0,0
48601,1,41,20,21,19,0,0
48701,2,48,21,27,12,0,0
48801,0,42,18,24,18,0,0
48901,6,44,14,30,16,0,0
49001,2,46,17,29,14,0,0
49101,1,43,16,27,17,0,0
49201,1,45,17,28,15,0,0
49301,1,46,20,26,14,0,0
49401,1,45,18,27,15,0,0
49501,3,43,17,26,17,0,1
49601,4,43,16,27,17,0,1
49701,0,43,18,25,17,0,0
49801,2,46,22,24,14,0,0
49901,2,43,21,22,17,0,0
50001,2,44,22,22,16,0,0
50101,2,46,24,22,14,0,0
50201,0,50,22,28,10,0,0
50301,3,50,18,32,10,0,0
50401,2,49,15,34,11,0,0
50501,2,45,14,31,15,0,0
50601,1,44,13,31,16,0,1
50701,3,43,12,31,17,0,0
50801,1,48,11,37,12,0,0
50901,2,45,13,32,15,0,1
51001,3,48,13,35,12,0,0
51101,2,41,13,28,19,0,0
51201,1,40,8,32,20,0,1
51301,4,45,14,31,15,0,0
51401,2,42,13,29,18,0,0
51501,2,44,13,31,16,0,0
51601,1,45,13,32,15,0,0
51701,2,46,14,32,14,0,0
51801,2,43,15,28,17,0,0
51901,1,44,16,28,16,0,1
52001,1,41,15,26,19,0,0
52101,2,48,17,31,12,0,0
52201,1,46,17,29,14,0,0
52301,3,42,19,23,18,0,0
52401,2,38,18,20,22,0,1
52501,2,44,20,24,16,0,0
52601,1,45,22,23,15,0,0
52701,2,43,24,19,17,0,0
52801,2,48,31,17,12,0,0
52901,1,44,28,16,16,0,0
53001,3,47,30,17,13,0,0
53101,1,45,32,13,15,0,0
53201,1,44,33,11,16,0,0
53301,2,44,38,6,16,0,0
53401,2,43,37,6,17,0,0
53501,2,45,41,4,15,0,0
53601,6,45,40,5,15,0,0
53701,1,47,42,5,13,0,0
53801,5,46,42,4,14,1,0
53901,2,47,42,5,13,0,0
54001,1,48,43,5,12,0,0
54101,2,45,39,6,15,0,0
54201,3,49,41,8,11,0,0
54301,2,46,41,5,14,0,0
54401,2,47,40,7,13,0,0
54501,2,44,40,4,16,0,0
54601,1,42,39,3,18,0,0
54701,2,45,42,3,15,0,0
54801,1,43,37,6,17,0,0
54901,2,43,38,5,17,0,0
55001,1,44,41,3,16,0,0
55101,4,47,44,3,13,0,0
55201,0,47,45,2,13,0,0
55301,5,47,45,2,13,0,0
55401,3,46,44,2,14,0,0
55501,4,46,45,1,14,0,0
55601,1,45,44,1,15,0,0
55701,3,48,46,2,12,0,0
55801,2,49,45,4,11,0,1
55901,3,46,42,4,14,0,1
56001,2,45,42,3,15,0,0
56101,0,46,43,3,14,0,0
56201,2,49,46,3,11,0,0
56301,2,45,42,3,15,0,0
56401,2,45,40,5,15,0,0
56501,3,45,41,4,15,0,0
56601,0,44,40,4,16,0,0
56701,1,46,39,7,14,0,0
56801,2,40,39,1,20,0,0
56901,2,42,41,1,18,0,0
57001,2,42,42,0,18,0,0
57101,3,46,46,0,14,0,0
57201,0,49,49,0,11,0,0
57301,4,48,48,0,12,0,0
57401,1,48,48,0,12,0,0
57501,2,47,46,1,13,0,0
57601,2,47,46,1,13,0,0
57701,0,46,45,1,14,0,0
57801,3,49,47,2,11,0,0
57901,3,47,45,2,13,0,0
58001,1,49,47,2,11,0,0
58101,4,47,45,2,13,0,0
58201,3,48,46,2,12,0,0
58301,3,53,49,4,7,1,0
58401,5,47,45,2,13,0,0
58501,3,47,46,1,13,0,1
58601,1,44,43,1,16,0,0
58701,3,43,42,1,17,0,0
58801,1,47,46,1,13,0,0
58901,2,46,45,1,14,0,0
59001,1,46,44,2,14,0,0
59101,3,51,49,2,9,0,0
59201,1,45,43,2,15,0,0
59301,3,47,46,1,13,0,0
59401,1,47,45,2,13,0,0
59501,3,47,45,2,13,0,1
59601,4,47,45,2,13,0,0
59701,3,46,45,1,14,0,0
59801,2,52,47,5,8,0,0
59901,4,46,39,7,14,0,0
60001,4,48,39,9,12,0,0
60101,1,50,42,8,10,0,0
60201,0,48,41,7,12,0,0
60301,2,47,39,8,13,0,0
60401,1,47,38,9,13,0,0
60501,1,46,37,9,14,0,0
60601,1,46,37,9,14,0,0
60701,3,48,38,10,12,0,0
60801,3,47,38,9,13,0,0
60901,3,46,37,9,14,0,0
61001,3,43,34,9,17,0,0
61101,2,41,35,6,19,0,0
61201,1,42,39,3,18,0,0
61301,3,40,37,3,20,0,0
61401,0,41,38,3,19,0,0
61501,4,43,38,5,17,0,1
61601,3,39,33,6,21,0,0
61701,1,40,34,6,20,0,0
61801,1,41,36,5,19,0,1
61901,2,39,33,6,21,0,0
62001,1,37,31,6,23,0,0
62101,4,40,35,5,20,0,0
62201,1,41,37,4,19,0,0
62301,3,43,38,5,17,0,0
62401,2,39,35,4,21,0,0
62501,1,46,42,4,14,0,0
62601,3,42,38,4,18,0,0
62701,6,47,40,7,13,0,0
62801,1,48,39,9,12,0,0
62901,2,44,33,11,16,0,0
63001,4,45,35,10,15,0,0
63101,0,43,30,13,17,1,0
63201,3,42,28,14,18,0,1
63301,1,42,27,15,18,0,0
63401,3,40,28,12,20,0,0
63501,1,36,25,11,24,0,1
63601,1,44,31,13,16,0,0
63701,3,40,29,11,20,0,1
63801,2,41,26,15,19,0,0
63901,1,40,26,14,20,0,0
64001,2,36,25,11,24,0,0
64101,3,36,23,13,24,1,0
64201,2,33,17,16,27,0,0
64301,0,37,21,16,23,0,1
64401,1,45,29,16,15,0,0
64501,1,43,28,15,17,0,0
64601,2,43,28,15,17,0,0
64701,2,42,21,21,18,0,0
64801,4,44,23,21,16,0,0
64901,1,41,17,24,19,0,0
65001,4,36,19,17,24,0,0
65101,2,37,17,20,23,0,1
65201,3,47,26,21,13,0,1
65301,2,37,22,15,23,0,0
65401,1,41,22,19,19,0,0
65501,1,42,24,18,18,0,1
65601,1,44,23,21,16,0,0
65701,2,45,27,18,15,0,0
65801,0,41,22,19,19,0,0
65901,1,47,23,24,13,0,0
66001,2,43,20,23,17,0,0
66101,1,42,22,20,18,0,1
66201,2,44,24,20,16,0,0
66301,2,44,24,20,16,0,0
66401,2,45,26,19,15,0,0
66501,3,47,28,19,13,0,0
66601,4,43,21,22,17,0,0
66701,1,43,16,27,17,0,0
66801,2,44,16,28,16,0,1
66901,8,47,15,32,13,0,0
67001,2,43,12,31,17,0,1
67101,2,48,17,31,12,0,1
67201,1,43,18,25,17,0,1
67301,2,43,18,25,17,0,0
67401,1,40,18,22,20,0,0
67501,2,45,18,27,15,0,0
67601,3,45,18,27,15,0,1
67701,3,38,15,23,22,0,0
67801,4,50,22,28,10,0,1
67901,4,40,19,21,20,0,1
68001,3,45,17,28,15,0,0
68101,3,44,16,28,16,0,0
68201,2,44,17,27,16,0,0
68301,0,45,17,28,15,0,0
68401,2,42,15,27,18,0,0
68501,1,45,16,29,15,0,1
68601,1,41,11,30,19,0,0
68701,2,43,10,33,17,0,0
68801,2,49,12,37,11,0,0
68901,3,47,14,33,13,0,0
69001,0,47,12,35,13,0,0
69101,3,51,13,38,9,0,1
69201,5,53,14,39,7,0,0
69301,0,48,13,35,12,0,0
69401,0,51,16,35,9,0,0
69501,5,49,17,32,11,0,0
69601,2,45,16,29,15,0,1
69701,2,49,20,29,11,0,0
69801,1,49,21,28,11,0,0
69901,3,48,21,27,12,0,1
70001,2,48,25,23,12,0,0
70101,0,47,22,25,13,0,1
70201,2,41,24,17,19,0,1
70301,1,39,23,16,21,0,0
70401,2,38,23,15,22,0,0
70501,1,43,28,15,17,0,0
70601,1,42,28,14,18,0,0
70701,2,41,27,14,19,0,0
70801,1,36,26,10,24,0,1
70901,3,44,31,13,16,0,0
71001,2,36,27,9,24,0,0
71101,2,37,29,8,23,0,0
71201,5,40,30,10,20,0,1
71301,4,43,35,8,17,1,0
71401,5,50,41,9,10,0,1
71501,2,46,39,7,14,0,0
71601,4,46,36,10,14,0,0
71701,2,49,39,10,11,0,0
71801,2,51,41,10,9,0,1
71901,2,46,34,12,14,0,0
72001,3,43,37,6,17,0,0
72101,1,45,41,4,15,0,0
72201,2,46,43,3,14,0,0
72301,1,42,38,4,18,1,0
72401,0,43,38,5,17,0,0
72501,1,46,41,5,14,0,0
72601,1,52,45,7,8,0,0
72701,5,45,38,7,15,0,1
72801,1,47,40,7,13,0,0
72901,2,48,42,6,12,0,0
73001,1,48,41,7,12,0,0
73101,4,46,38,8,14,0,0
73201,3,44,40,4,16,0,0
73301,1,47,43,4,13,0,0
73401,3,47,44,3,13,0,0
73501,3,45,42,3,15,0,0
73601,2,47,43,4,13,0,0
73701,2,45,41,4,15,0,0
73801,2,43,39,4,17,0,0
73901,4,42,39,3,18,0,0
74001,0,48,41,7,12,0,0
74101,4,47,35,12,13,0,0
74201,1,44,30,14,16,0,0
74301,3,39,25,14,21,0,1
74401,3,37,21,16,23,0,0
74501,0,38,19,19,22,0,0
74601,2,39,24,15,21,0,0
74701,3,34,21,13,26,0,0
74801,3,40,23,17,20,0,0
74901,1,48,24,24,12,0,0
75001,1,49,25,24,11,0,0
75101,1,48,23,25,12,0,0
75201,2,44,19,25,16,0,0
75301,4,47,22,25,13,0,0
75401,4,51,23,28,9,0,0
75501,3,48,16,32,12,0,0
75601,1,42,12,30,18,0,0
75701,4,44,15,29,16,0,0
75801,1,46,16,30,14,0,1
75901,0,44,17,27,16,0,0
76001,1,46,21,25,14,0,0
76101,0,44,20,24,16,0,0
76201,0,43,24,19,17,0,1
76301,2,44,19,25,16,0,1
76401,1,42,20,22,18,0,0
76501,7,41,22,19,19,0,0
76601,1,41,21,20,19,0,0
76701,0,47,21,26,13,0,0
76801,4,41,16,25,19,0,1
76901,2,39,14,25,21,0,0
77001,1,40,14,26,20,0,0
77101,2,40,14,26,20,0,0
77201,4,47,14,33,13,0,0
77301,2,48,13,35,12,0,0
77401,4,38,12,26,22,0,1
77501,1,42,16,26,18,0,0
77601,2,42,16,26,18,0,0
77701,5,44,13,31,16,0,0
77801,5,43,11,32,17,0,0
77901,3,42,12,30,18,0,0
78001,2,45,20,25,15,0,0
78101,0,43,21,22,17,0,0
78201,1,45,15,30,15,0,0
78301,2,45,15,30,15,0,1
78401,1,45,16,29,15,0,0
78501,2,45,16,29,15,0,1
78601,2,46,18,28,14,0,0
78701,1,45,14,31,15,0,1
78801,1,42,14,28,18,0,1
78901,0,45,14,31,15,0,0
79001,3,47,18,29,13,0,0
79101,2,45,18,27,15,0,0
79201,2,44,16,28,16,0,1
79301,5,39,18,21,21,0,1
79401,1,39,17,22,21,0,0
79501,1,45,23,22,15,0,0
79601,3,42,22,20,18,0,0
79701,2,41,18,23,19,0,0
79801,2,43,19,24,17,0,0
79901,1,44,22,22,16,0,0
80001,2,45,23,22,15,0,0
80101,2,45,24,21,15,0,1
80201,2,45,21,24,15,1,0
80301,1,49,18,31,11,0,0
80401,1,45,17,28,15,0,0
80501,2,43,18,25,17,0,0
80601,3,45,18,27,15,0,1
80701,1,44,19,25,16,0,0
80801,1,41,16,25,19,0,0
80901,1,38,12,26,22,0,1
81001,3,47,16,31,13,0,1
81101,0,45,15,30,15,0,0
81201,2,44,16,28,16,0,0
81301,4,47,18,29,13,0,0
81401,2,41,16,25,19,0,0
81501,0,43,15,28,17,0,0
81601,0,43,15,28,17,0,0
81701,3,40,16,24,20,0,0
81801,3,41,15,26,19,0,0
81901,2,39,14,25,21,0,0
82001,0,39,14,25,21,0,0
82101,1,37,13,24,23,0,0
82201,4,41,15,26,19,0,0
82301,1,45,16,29,15,0,0
82401,1,43,17,26,17,0,0
82501,2,47,17,30,13,0,1
82601,3,46,16,30,14,0,1
82701,2,44,16,28,16,0,0
82801,0,43,17,26,17,0,1
82901,1,44,17,27,16,0,0
83001,2,41,18,23,19,0,0
83101,2,41,18,23,19,0,1
83201,0,41,20,21,19,0,0
83301,0,39,17,22,21,0,0
83401,0,41,17,24,19,0,0
83501,2,40,17,23,20,0,1
83601,1,42,16,26,18,0,0
83701,1,44,19,25,16,0,0
83801,1,45,21,24,15,0,0
83901,3,40,20,20,20,0,1
84001,2,40,20,20,20,0,0
84101,1,44,23,21,16,0,0
84201,2,43,22,21,17,0,0
84301,5,39,21,18,21,0,0
84401,2,42,24,18,18,0,0
84501,2,42,27,15,18,0,0
84601,2,41,24,17,19,0,0
84701,3,38,20,18,22,0,0
84801,2,41,21,20,19,0,0
84901,2,42,20,22,18,0,0
85001,1,46,22,24,14,0,1
85101,2,46,21,25,14,0,0
85201,0,44,17,27,16,0,0
85301,0,46,13,33,14,0,0
85401,3,43,13,30,17,0,0
85501,3,46,14,32,14,0,0
85601,2,45,15,30,15,0,0
85701,1,43,16,27,17,0,0
85801,1,44,19,25,16,0,0
85901,2,43,20,23,17,0,1
86001,1,44,19,25,16,0,1
86101,2,45,18,27,15,0,0
86201,2,44,16,28,16,0,0
86301,3,44,17,27,16,0,0
86401,3,50,20,30,10,0,0
86501,2,46,19,27,14,0,0
86601,1,48,21,27,12,0,0
86701,3,48,22,26,12,0,0
86801,3,49,22,27,11,0,0
86901,2,39,13,26,21,0,0
87001,5,44,13,31,16,0,0
87101,3,49,17,32,11,0,0
87201,5,47,16,31,13,0,0
87301,2,44,15,29,16,0,0
87401,4,50,16,34,10,1,0
87501,1,44,15,29,16,0,0
87601,0,45,14,31,15,0,1
87701,5,50,14,36,10,0,1
87801,2,48,11,37,12,0,0
87901,2,48,13,35,12,0,0
88001,4,51,14,37,9,0,0
88101,3,49,14,35,11,0,0
88201,2,52,15,37,8,0,0
88301,1,49,14,35,11,0,0
88401,4,52,17,35,8,0,0
88501,4,49,16,33,11,0,0
88601,0,42,13,29,18,0,0
88701,1,42,18,24,18,0,0
88801,5,41,19,22,19,0,0
88901,5,42,23,19,18,0,1
89001,2,44,25,19,16,0,0
89101,1,40,23,17,20,0,0
89201,4,49,32,17,11,0,0
89301,2,44,29,15,16,0,1
89401,3,42,30,12,18,0,0
89501,3,45,29,16,15,0,0
89601,2,45,28,17,15,0,0
89701,0,43,28,15,17,0,0
89801,0,40,26,14,20,0,0
89901,1,43,25,18,17,0,0
90001,3,41,21,20,19,0,0
90101,2,38,18,20,22,0,0
90201,3,41,21,20,19,0,0
90301,3,40,23,17,20,0,0
90401,2,40,25,15,20,0,0
90501,2,40,27,13,20,0,0
90601,1,44,27,17,16,0,0
90701,2,46,28,18,14,0,0
90801,4,46,29,17,14,0,0
90901,4,41,22,19,19,0,0
91001,1,41,24,17,19,0,0
91101,2,45,26,19,15,0,0
91201,3,44,26,18,16,0,0
91301,3,41,28,13,19,0,0
91401,0,40,24,16,20,0,0
91501,1,41,24,17,19,0,1
91601,4,40,27,13,20,0,1
91701,0,37,29,8,23,0,0
91801,2,39,31,8,21,0,0
91901,3,41,33,8,19,0,0
92001,3,43,33,10,17,0,0
92101,3,46,41,5,14,0,1
92201,2,48,45,3,12,0,0
92301,2,48,45,3,12,0,0
92401,4,44,42,2,16,0,0
92501,1,48,46,2,12,0,0
92601,3,51,49,2,9,0,0
92701,1,50,48,2,10,0,0
92801,4,52,50,2,8,0,0
92901,3,52,48,4,8,0,0
93001,2,52,49,3,8,0,0
93101,2,47,44,3,13,0,0
93201,1,50,47,3,10,0,0
93301,0,52,49,3,8,0,0
93401,0,51,50,1,9,0,0
93501,3,49,48,1,11,0,0
93601,3,49,48,1,11,1,0
93701,1,52,50,2,8,0,0
93801,5,53,50,3,7,0,0
93901,1,51,48,3,9,0,0
94001,2,52,48,4,8,0,0
94101,0,50,45,5,10,0,0
94201,3,48,43,5,12,0,0
94301,3,42,36,6,18,0,0
94401,1,46,41,5,14,0,0
94501,4,42,39,3,18,0,0
94601,2,43,37,6,17,0,1
94701,1,49,41,8,11,0,0
94801,3,48,43,5,12,0,0
94901,1,46,42,4,14,0,0
95001,4,42,37,5,18,0,0
95101,2,46,40,6,14,0,1
95201,2,49,38,11,11,0,0
95301,2,46,37,9,14,0,0
95401,3,42,36,6,18,0,0
95501,1,41,36,5,19,0,0
95601,2,49,42,7,11,0,0
95701,4,50,43,7,10,0,0
95801,2,49,38,11,11,0,0
95901,2,41,34,7,19,0,0
96001,2,47,39,8,13,0,1
96101,3,41,35,6,19,0,0
96201,1,43,35,8,17,0,1
96301,0,43,34,9,17,0,0
96401,5,41,29,12,19,0,0
96501,3,41,31,10,19,0,1
96601,4,45,35,10,15,0,0
96701,2,52,36,16,8,0,0
96801,3,50,37,13,10,0,0
96901,2,45,35,10,15,0,0
97001,3,44,38,6,16,0,0
97101,2,45,39,6,15,0,0
97201,1,47,38,9,13,0,0
97301,4,48,41,7,12,0,0
97401,2,45,41,4,15,0,0
97501,1,41,36,5,19,0,0
97601,5,42,39,3,18,0,0
97701,3,42,40,2,18,0,0
97801,2,42,41,1,18,0,0
97901,0,47,47,0,13,0,0
98001,1,49,49,0,11,0,0
98101,0,50,50,0,10,0,0
98201,2,52,52,0,8,0,0
98301,1,51,51,0,9,0,0
98401,4,49,49,0,11,0,0
98501,1,46,46,0,14,0,0
98601,1,46,46,0,14,0,0
98701,0,47,47,0,13,0,0
98801,3,50,50,0,10,0,0
98901,1,51,51,0,9,0,0
99001,2,51,51,0,9,0,0
99101,1,50,50,0,10,0,0
99201,2,50,50,0,10,0,0
99301,3,50,50,0,10,0,0
99401,0,51,51,0,9,0,0
99501,3,49,49,0,11,0,0
99601,4,51,50,1,9,0,0
99701,3,47,46,1,13,0,0
99801,1,50,49,1,10,0,0
99901,2,50,49,1,10,0,0
