Time Steps,Polymerase Count,Active Histone Count,Acetylated Histone Count,Methylated Histone Count,Unmodified Histone Count,Noisy Changes Count,Enzyme Changes Count,Chromatine Array
1,0,111,82,29,87,0,0,"['A' 'A' 'U' 'A' 'U' 'U' 'U' 'A' 'A' 'U' 'U' 'U' 'U' 'A' 'A' 'U' 'U' 'A'
 'U' 'U' 'A' 'A' 'U' 'A' 'U' 'A' 'U' 'U' 'A' 'U' 'U' 'U' 'U' 'U' 'A' 'U'
 'U' 'A' 'U' 'A' 'A' 'U' 'U' 'A' 'A' 'U' 'U' 'A' 'A' 'A' 'A' 'U' 'A' 'A'
 'A' 'U' 'U' 'A' 'A' 'A' 'U' 'A' 'U' 'A' 'A' 'M' 'M' 'M' 'M' 'M' 'M' 'M'
 'M' 'U' 'M' 'M' 'M' 'M' 'M' 'M' 'M' 'M' 'M' 'M' 'M' 'M' 'M' 'M' 'M' 'M'
 'M' 'M' 'M' 'M' 'M' 'U' 'U' 'U' 'U' 'A' 'U' 'U' 'A' 'A' 'U' 'A' 'A' 'A'
 'A' 'U' 'A' 'U' 'A' 'U' 'U' 'U' 'A' 'U' 'A' 'U' 'A' 'A' 'U' 'A' 'U' 'U'
 'U' 'U' 'A' 'A' 'A' 'A' 'U' 'A' 'A' 'U' 'A' 'U' 'U' 'U' 'U' 'U' 'U' 'U'
 'A' 'A' 'U' 'U' 'U' 'A' 'U' 'A' 'A' 'A' 'A' 'A' 'U' 'A' 'U' 'U' 'A' 'U'
 'U' 'U' 'U' 'A' 'A' 'U' 'U' 'A' 'U' 'U' 'U' 'A' 'A' 'U' 'U' 'A' 'A' 'A'
 'A' 'A' 'A' 'A' 'U' 'U' 'A' 'U' 'A' 'U' 'A' 'U' 'A' 'U' 'A' 'U' 'A' 'A']"
101,1,128,97,31,70,0,0,"['A' 'A' 'U' 'U' 'U' 'A' 'U' 'A' 'A' 'A' 'U' 'M' 'U' 'A' 'A' 'U' 'U' 'A'
 'U' 'U' 'A' 'A' 'U' 'A' 'A' 'A' 'U' 'A' 'U' 'A' 'U' 'U' 'U' 'A' 'A' 'U'
 'U' 'A' 'A' 'U' 'A' 'U' 'U' 'A' 'A' 'U' 'U' 'A' 'A' 'A' 'A' 'U' 'A' 'A'
 'A' 'A' 'U' 'A' 'A' 'A' 'A' 'A' 'U' 'A' 'A' 'M' 'M' 'M' 'M' 'M' 'M' 'M'
 'M' 'M' 'M' 'M' 'M' 'M' 'M' 'M' 'M' 'M' 'M' 'M' 'M' 'M' 'M' 'M' 'M' 'M'
 'M' 'M' 'M' 'M' 'U' 'U' 'A' 'U' 'U' 'A' 'A' 'U' 'A' 'A' 'U' 'A' 'A' 'A'
 'A' 'U' 'A' 'U' 'A' 'U' 'U' 'M' 'A' 'U' 'A' 'U' 'A' 'A' 'U' 'A' 'U' 'U'
 'A' 'U' 'A' 'A' 'A' 'A' 'A' 'A' 'A' 'U' 'A' 'U' 'A' 'U' 'A' 'U' 'U' 'U'
 'A' 'A' 'U' 'A' 'U' 'A' 'U' 'A' 'A' 'A' 'A' 'A' 'U' 'A' 'U' 'U' 'A' 'U'
 'U' 'U' 'U' 'A' 'A' 'U' 'A' 'A' 'U' 'U' 'U' 'A' 'A' 'U' 'U' 'A' 'A' 'A'
 'A' 'A' 'A' 'A' 'U' 'U' 'A' 'U' 'A' 'U' 'A' 'A' 'A' 'U' 'A' 'U' 'A' 'A']"
201,0,137,98,39,61,0,1,"['A' 'A' 'U' 'U' 'A' 'A' 'U' 'A' 'A' 'A' 'U' 'M' 'U' 'A' 'A' 'U' 'U' 'U'
 'U' 'U' 'A' 'A' 'U' 'A' 'A' 'A' 'A' 'A' 'M' 'A' 'U' 'U' 'U' 'A' 'A' 'U'
 'U' 'A' 'A' 'U' 'A' 'M' 'U' 'A' 'A' 'M' 'U' 'A' 'A' 'A' 'A' 'U' 'A' 'A'
 'A' 'A' 'U' 'A' 'A' 'A' 'A' 'A' 'U' 'A' 'U' 'M' 'M' 'M' 'M' 'M' 'M' 'M'
 'M' 'M' 'M' 'M' 'M' 'M' 'M' 'M' 'M' 'M' 'M' 'M' 'M' 'M' 'M' 'M' 'M' 'M'
 'U' 'M' 'M' 'M' 'M' 'U' 'A' 'U' 'U' 'A' 'A' 'M' 'A' 'A' 'U' 'A' 'A' 'A'
 'A' 'A' 'A' 'U' 'A' 'U' 'U' 'M' 'A' 'U' 'U' 'U' 'U' 'A' 'U' 'A' 'U' 'A'
 'A' 'A' 'U' 'A' 'A' 'A' 'A' 'A' 'A' 'A' 'A' 'A' 'A' 'U' 'A' 'U' 'M' 'U'
 'A' 'A' 'A' 'A' 'A' 'A' 'U' 'A' 'A' 'A' 'A' 'M' 'U' 'A' 'U' 'U' 'A' 'U'
 'U' 'U' 'A' 'A' 'A' 'M' 'A' 'A' 'U' 'U' 'U' 'A' 'A' 'U' 'U' 'A' 'A' 'A'
 'A' 'A' 'U' 'A' 'U' 'U' 'A' 'M' 'A' 'U' 'A' 'A' 'A' 'U' 'A' 'U' 'U' 'U']"
301,0,140,102,38,58,0,0,"['A' 'A' 'U' 'U' 'A' 'A' 'U' 'A' 'U' 'A' 'U' 'M' 'U' 'A' 'A' 'M' 'U' 'U'
 'U' 'U' 'A' 'A' 'U' 'A' 'A' 'U' 'A' 'A' 'M' 'A' 'A' 'U' 'U' 'A' 'A' 'A'
 'U' 'A' 'A' 'A' 'A' 'U' 'M' 'A' 'A' 'U' 'U' 'A' 'A' 'A' 'A' 'U' 'A' 'A'
 'A' 'A' 'A' 'A' 'A' 'U' 'A' 'A' 'U' 'A' 'U' 'M' 'M' 'M' 'M' 'M' 'M' 'M'
 'M' 'M' 'M' 'M' 'M' 'M' 'M' 'M' 'M' 'M' 'M' 'M' 'M' 'M' 'M' 'U' 'M' 'M'
 'M' 'M' 'M' 'M' 'M' 'U' 'A' 'U' 'A' 'A' 'A' 'U' 'A' 'A' 'U' 'A' 'A' 'U'
 'A' 'A' 'A' 'A' 'A' 'A' 'U' 'M' 'A' 'U' 'U' 'U' 'A' 'A' 'M' 'A' 'U' 'U'
 'U' 'A' 'A' 'A' 'A' 'A' 'A' 'A' 'A' 'A' 'A' 'U' 'A' 'A' 'A' 'A' 'M' 'U'
 'A' 'A' 'A' 'A' 'A' 'A' 'M' 'U' 'A' 'A' 'A' 'U' 'U' 'A' 'U' 'U' 'A' 'A'
 'U' 'U' 'A' 'A' 'A' 'M' 'A' 'A' 'U' 'U' 'U' 'A' 'A' 'U' 'A' 'A' 'A' 'A'
 'A' 'U' 'U' 'A' 'U' 'U' 'A' 'U' 'U' 'A' 'A' 'A' 'A' 'U' 'A' 'U' 'U' 'U']"
401,0,148,107,41,50,0,1,"['A' 'A' 'U' 'U' 'A' 'A' 'U' 'U' 'M' 'A' 'A' 'M' 'U' 'A' 'A' 'M' 'U' 'M'
 'U' 'U' 'A' 'A' 'U' 'A' 'A' 'U' 'A' 'A' 'M' 'A' 'A' 'U' 'U' 'A' 'A' 'A'
 'U' 'A' 'A' 'A' 'A' 'U' 'U' 'A' 'U' 'U' 'U' 'M' 'A' 'A' 'A' 'A' 'A' 'A'
 'A' 'A' 'A' 'A' 'A' 'U' 'A' 'A' 'U' 'A' 'A' 'M' 'M' 'M' 'M' 'M' 'M' 'M'
 'M' 'M' 'M' 'M' 'M' 'M' 'M' 'M' 'M' 'M' 'M' 'M' 'M' 'M' 'U' 'M' 'M' 'M'
 'M' 'M' 'M' 'M' 'M' 'A' 'U' 'U' 'A' 'A' 'A' 'U' 'A' 'A' 'U' 'A' 'A' 'U'
 'A' 'U' 'A' 'A' 'A' 'A' 'A' 'M' 'A' 'U' 'U' 'U' 'A' 'A' 'M' 'A' 'U' 'M'
 'A' 'A' 'A' 'A' 'A' 'A' 'A' 'A' 'A' 'A' 'A' 'U' 'U' 'A' 'A' 'A' 'M' 'U'
 'A' 'A' 'A' 'A' 'A' 'U' 'U' 'A' 'A' 'A' 'A' 'U' 'A' 'A' 'U' 'U' 'A' 'A'
 'U' 'U' 'A' 'A' 'A' 'M' 'A' 'A' 'A' 'U' 'A' 'A' 'A' 'M' 'A' 'A' 'A' 'A'
 'A' 'A' 'U' 'A' 'U' 'U' 'A' 'U' 'U' 'A' 'A' 'A' 'A' 'A' 'A' 'U' 'U' 'U']"
501,0,152,107,45,46,0,1,"['A' 'A' 'U' 'A' 'A' 'A' 'U' 'U' 'M' 'A' 'A' 'M' 'U' 'A' 'A' 'U' 'M' 'M'
 'U' 'U' 'A' 'A' 'U' 'A' 'A' 'U' 'A' 'A' 'U' 'A' 'A' 'U' 'U' 'A' 'A' 'A'
 'U' 'A' 'A' 'A' 'A' 'U' 'A' 'A' 'M' 'U' 'U' 'M' 'A' 'A' 'A' 'A' 'A' 'A'
 'A' 'A' 'A' 'A' 'A' 'U' 'A' 'A' 'A' 'A' 'A' 'M' 'M' 'M' 'M' 'M' 'M' 'M'
 'M' 'M' 'M' 'M' 'M' 'M' 'M' 'M' 'M' 'M' 'M' 'M' 'M' 'M' 'M' 'M' 'M' 'M'
 'M' 'U' 'M' 'M' 'M' 'A' 'U' 'A' 'A' 'A' 'A' 'U' 'A' 'A' 'A' 'A' 'A' 'U'
 'U' 'U' 'A' 'A' 'A' 'A' 'A' 'M' 'A' 'U' 'A' 'M' 'A' 'A' 'M' 'A' 'U' 'M'
 'U' 'A' 'A' 'A' 'A' 'A' 'A' 'A' 'A' 'A' 'A' 'U' 'U' 'A' 'U' 'A' 'M' 'M'
 'A' 'A' 'A' 'A' 'A' 'U' 'U' 'A' 'A' 'A' 'A' 'A' 'A' 'U' 'U' 'U' 'A' 'A'
 'U' 'U' 'A' 'A' 'U' 'M' 'A' 'A' 'A' 'U' 'A' 'A' 'A' 'M' 'A' 'A' 'A' 'A'
 'A' 'A' 'U' 'A' 'U' 'M' 'A' 'U' 'U' 'A' 'A' 'A' 'U' 'U' 'A' 'M' 'U' 'U']"
601,0,151,105,46,47,0,0,"['A' 'U' 'A' 'A' 'A' 'A' 'U' 'M' 'M' 'U' 'A' 'M' 'U' 'A' 'A' 'A' 'M' 'M'
 'U' 'A' 'A' 'A' 'U' 'A' 'A' 'U' 'U' 'A' 'U' 'A' 'A' 'U' 'M' 'A' 'A' 'A'
 'U' 'A' 'A' 'A' 'U' 'A' 'A' 'A' 'M' 'U' 'U' 'M' 'A' 'A' 'U' 'A' 'A' 'A'
 'A' 'A' 'A' 'A' 'A' 'U' 'A' 'U' 'A' 'U' 'A' 'M' 'M' 'M' 'M' 'M' 'M' 'M'
 'M' 'M' 'M' 'M' 'M' 'M' 'M' 'M' 'M' 'M' 'M' 'M' 'M' 'M' 'M' 'M' 'M' 'M'
 'M' 'M' 'U' 'M' 'M' 'A' 'U' 'A' 'A' 'A' 'U' 'U' 'A' 'A' 'U' 'A' 'A' 'U'
 'U' 'U' 'U' 'A' 'A' 'A' 'A' 'M' 'A' 'U' 'A' 'U' 'A' 'A' 'M' 'A' 'A' 'M'
 'U' 'A' 'U' 'A' 'A' 'A' 'A' 'A' 'A' 'A' 'A' 'A' 'A' 'A' 'U' 'A' 'M' 'M'
 'A' 'A' 'A' 'A' 'A' 'A' 'U' 'A' 'A' 'A' 'A' 'A' 'A' 'U' 'U' 'U' 'A' 'A'
 'A' 'U' 'A' 'A' 'A' 'M' 'A' 'A' 'A' 'A' 'U' 'A' 'A' 'M' 'A' 'U' 'A' 'A'
 'A' 'U' 'U' 'A' 'U' 'M' 'A' 'U' 'U' 'A' 'A' 'A' 'U' 'A' 'A' 'M' 'U' 'U']"
701,0,146,97,49,52,0,0,"['A' 'U' 'A' 'A' 'A' 'A' 'A' 'M' 'M' 'M' 'U' 'U' 'U' 'A' 'U' 'A' 'U' 'M'
 'M' 'A' 'A' 'U' 'U' 'A' 'A' 'U' 'U' 'A' 'U' 'A' 'A' 'U' 'M' 'A' 'A' 'A'
 'U' 'U' 'A' 'A' 'A' 'M' 'A' 'A' 'M' 'A' 'U' 'M' 'A' 'A' 'U' 'A' 'A' 'A'
 'A' 'A' 'A' 'A' 'U' 'M' 'A' 'M' 'A' 'U' 'A' 'M' 'M' 'M' 'M' 'M' 'M' 'M'
 'M' 'M' 'M' 'M' 'M' 'M' 'M' 'M' 'M' 'M' 'M' 'M' 'M' 'M' 'M' 'M' 'M' 'M'
 'M' 'M' 'U' 'M' 'M' 'A' 'U' 'A' 'A' 'A' 'U' 'U' 'A' 'A' 'M' 'A' 'A' 'U'
 'U' 'U' 'A' 'A' 'A' 'A' 'A' 'U' 'A' 'U' 'A' 'U' 'U' 'A' 'M' 'A' 'A' 'M'
 'U' 'A' 'U' 'A' 'A' 'U' 'A' 'A' 'A' 'A' 'A' 'A' 'A' 'A' 'A' 'A' 'M' 'M'
 'A' 'U' 'U' 'A' 'A' 'A' 'U' 'A' 'A' 'A' 'A' 'A' 'A' 'U' 'U' 'U' 'A' 'U'
 'A' 'U' 'A' 'A' 'U' 'M' 'U' 'A' 'A' 'A' 'A' 'A' 'A' 'M' 'U' 'U' 'A' 'A'
 'A' 'U' 'A' 'A' 'A' 'M' 'A' 'U' 'U' 'U' 'A' 'U' 'U' 'A' 'A' 'M' 'U' 'U']"
801,0,142,95,47,56,0,0,"['A' 'U' 'A' 'U' 'A' 'A' 'A' 'M' 'M' 'U' 'U' 'U' 'U' 'A' 'U' 'A' 'U' 'M'
 'M' 'A' 'A' 'U' 'U' 'U' 'U' 'M' 'U' 'A' 'U' 'A' 'A' 'U' 'U' 'A' 'A' 'U'
 'U' 'A' 'A' 'U' 'A' 'M' 'A' 'A' 'M' 'A' 'U' 'M' 'A' 'A' 'A' 'A' 'A' 'A'
 'A' 'A' 'A' 'A' 'U' 'M' 'A' 'M' 'A' 'A' 'A' 'M' 'M' 'M' 'M' 'U' 'M' 'M'
 'M' 'M' 'M' 'M' 'M' 'M' 'M' 'M' 'M' 'M' 'M' 'M' 'M' 'M' 'M' 'M' 'M' 'M'
 'M' 'M' 'M' 'M' 'M' 'A' 'U' 'A' 'A' 'A' 'A' 'A' 'A' 'A' 'M' 'A' 'A' 'U'
 'U' 'U' 'U' 'A' 'A' 'U' 'A' 'U' 'A' 'U' 'A' 'U' 'U' 'A' 'M' 'A' 'A' 'M'
 'U' 'A' 'U' 'A' 'A' 'U' 'A' 'A' 'A' 'U' 'A' 'A' 'A' 'A' 'A' 'A' 'M' 'M'
 'A' 'A' 'U' 'A' 'A' 'A' 'A' 'A' 'U' 'A' 'A' 'A' 'A' 'U' 'U' 'U' 'U' 'U'
 'A' 'A' 'A' 'A' 'U' 'U' 'U' 'A' 'A' 'A' 'U' 'U' 'A' 'U' 'A' 'U' 'A' 'A'
 'A' 'A' 'A' 'A' 'A' 'M' 'A' 'M' 'U' 'A' 'A' 'U' 'U' 'A' 'U' 'M' 'U' 'U']"
901,0,157,107,50,41,0,0,"['A' 'A' 'A' 'A' 'A' 'A' 'A' 'M' 'M' 'U' 'U' 'U' 'M' 'A' 'A' 'A' 'U' 'M'
 'M' 'A' 'A' 'U' 'A' 'M' 'A' 'M' 'A' 'A' 'U' 'A' 'A' 'U' 'U' 'A' 'A' 'U'
 'A' 'A' 'A' 'M' 'A' 'M' 'A' 'A' 'M' 'A' 'U' 'M' 'A' 'A' 'A' 'A' 'A' 'A'
 'A' 'A' 'A' 'A' 'U' 'U' 'A' 'M' 'A' 'A' 'A' 'M' 'M' 'M' 'M' 'M' 'M' 'M'
 'M' 'M' 'M' 'M' 'M' 'M' 'M' 'M' 'M' 'M' 'M' 'M' 'M' 'M' 'M' 'M' 'M' 'M'
 'M' 'U' 'M' 'M' 'M' 'A' 'U' 'A' 'A' 'A' 'A' 'A' 'A' 'A' 'M' 'A' 'A' 'U'
 'U' 'U' 'A' 'A' 'A' 'A' 'A' 'U' 'A' 'U' 'A' 'A' 'U' 'A' 'M' 'A' 'U' 'M'
 'M' 'A' 'U' 'A' 'A' 'U' 'A' 'A' 'A' 'A' 'U' 'A' 'A' 'A' 'A' 'A' 'M' 'A'
 'A' 'A' 'U' 'A' 'A' 'A' 'A' 'A' 'U' 'A' 'A' 'A' 'A' 'U' 'U' 'U' 'U' 'U'
 'A' 'A' 'A' 'A' 'U' 'U' 'U' 'A' 'A' 'A' 'U' 'A' 'A' 'A' 'A' 'U' 'U' 'A'
 'A' 'A' 'A' 'A' 'A' 'M' 'A' 'M' 'U' 'A' 'A' 'U' 'U' 'A' 'U' 'M' 'M' 'A']"
1001,0,160,109,51,38,0,1,"['A' 'A' 'A' 'A' 'A' 'A' 'A' 'U' 'M' 'U' 'U' 'U' 'M' 'A' 'A' 'A' 'M' 'M'
 'M' 'U' 'A' 'U' 'A' 'M' 'A' 'M' 'A' 'A' 'A' 'A' 'A' 'U' 'U' 'A' 'A' 'U'
 'A' 'A' 'A' 'M' 'A' 'M' 'A' 'U' 'M' 'U' 'M' 'M' 'A' 'A' 'A' 'A' 'A' 'A'
 'A' 'A' 'A' 'A' 'A' 'U' 'A' 'A' 'A' 'A' 'A' 'M' 'M' 'M' 'M' 'M' 'M' 'M'
 'M' 'M' 'M' 'M' 'M' 'M' 'M' 'M' 'M' 'M' 'M' 'U' 'M' 'M' 'M' 'M' 'M' 'M'
 'M' 'M' 'M' 'M' 'M' 'U' 'U' 'A' 'A' 'A' 'A' 'A' 'A' 'A' 'M' 'A' 'A' 'U'
 'U' 'M' 'A' 'A' 'A' 'A' 'A' 'A' 'U' 'U' 'A' 'A' 'U' 'A' 'U' 'A' 'M' 'M'
 'M' 'A' 'M' 'A' 'A' 'A' 'A' 'A' 'A' 'A' 'A' 'A' 'A' 'A' 'A' 'A' 'U' 'U'
 'A' 'A' 'U' 'A' 'A' 'A' 'A' 'A' 'U' 'U' 'A' 'A' 'A' 'M' 'A' 'U' 'U' 'U'
 'A' 'A' 'A' 'A' 'A' 'A' 'A' 'U' 'A' 'A' 'M' 'A' 'A' 'U' 'A' 'A' 'A' 'A'
 'A' 'A' 'A' 'A' 'U' 'M' 'A' 'U' 'U' 'A' 'A' 'U' 'U' 'A' 'U' 'M' 'U' 'A']"
1101,0,158,107,51,40,0,0,"['A' 'A' 'A' 'A' 'A' 'A' 'U' 'A' 'M' 'U' 'U' 'U' 'M' 'A' 'A' 'A' 'M' 'M'
 'M' 'U' 'U' 'U' 'A' 'U' 'A' 'M' 'A' 'A' 'M' 'A' 'A' 'U' 'A' 'A' 'A' 'U'
 'A' 'A' 'A' 'M' 'A' 'M' 'A' 'A' 'U' 'U' 'U' 'M' 'A' 'A' 'A' 'A' 'A' 'A'
 'A' 'A' 'A' 'A' 'A' 'U' 'A' 'A' 'U' 'A' 'A' 'M' 'M' 'M' 'M' 'M' 'M' 'M'
 'M' 'M' 'M' 'M' 'M' 'M' 'M' 'M' 'M' 'M' 'M' 'U' 'M' 'M' 'M' 'M' 'M' 'M'
 'M' 'M' 'M' 'M' 'M' 'U' 'U' 'A' 'A' 'A' 'A' 'A' 'A' 'A' 'M' 'A' 'M' 'A'
 'U' 'M' 'A' 'A' 'A' 'U' 'A' 'A' 'A' 'U' 'A' 'A' 'U' 'A' 'U' 'A' 'A' 'M'
 'A' 'A' 'M' 'A' 'U' 'U' 'A' 'A' 'A' 'A' 'A' 'A' 'A' 'A' 'A' 'A' 'M' 'A'
 'A' 'A' 'U' 'A' 'A' 'A' 'A' 'A' 'U' 'U' 'A' 'A' 'A' 'M' 'A' 'U' 'M' 'U'
 'A' 'U' 'A' 'A' 'A' 'A' 'A' 'U' 'A' 'A' 'M' 'A' 'A' 'U' 'A' 'A' 'A' 'A'
 'A' 'A' 'A' 'A' 'M' 'M' 'A' 'U' 'U' 'A' 'A' 'U' 'U' 'A' 'U' 'M' 'U' 'U']"
1201,0,158,112,46,40,0,0,"['A' 'A' 'A' 'A' 'A' 'A' 'U' 'A' 'M' 'A' 'U' 'A' 'M' 'A' 'A' 'A' 'M' 'A'
 'M' 'U' 'U' 'U' 'A' 'U' 'A' 'M' 'A' 'A' 'M' 'A' 'A' 'A' 'A' 'A' 'A' 'U'
 'A' 'A' 'A' 'M' 'A' 'M' 'A' 'A' 'U' 'U' 'U' 'M' 'A' 'A' 'A' 'A' 'A' 'A'
 'A' 'M' 'A' 'A' 'A' 'U' 'U' 'A' 'U' 'A' 'A' 'M' 'M' 'M' 'M' 'M' 'M' 'M'
 'M' 'M' 'M' 'M' 'M' 'M' 'M' 'M' 'U' 'M' 'M' 'M' 'M' 'M' 'M' 'M' 'M' 'M'
 'M' 'M' 'M' 'M' 'M' 'U' 'A' 'A' 'A' 'A' 'A' 'A' 'U' 'A' 'A' 'A' 'A' 'A'
 'A' 'U' 'A' 'A' 'A' 'U' 'A' 'A' 'A' 'U' 'A' 'A' 'U' 'A' 'U' 'A' 'A' 'U'
 'A' 'A' 'M' 'A' 'U' 'M' 'A' 'A' 'A' 'A' 'A' 'A' 'A' 'A' 'A' 'A' 'M' 'A'
 'A' 'A' 'U' 'A' 'A' 'A' 'A' 'A' 'U' 'U' 'A' 'A' 'A' 'M' 'U' 'U' 'U' 'U'
 'A' 'U' 'A' 'A' 'A' 'A' 'A' 'U' 'A' 'A' 'M' 'A' 'A' 'U' 'A' 'A' 'A' 'U'
 'A' 'A' 'A' 'A' 'U' 'M' 'A' 'M' 'U' 'A' 'A' 'U' 'U' 'A' 'A' 'A' 'U' 'U']"
1301,0,157,110,47,41,0,0,"['A' 'A' 'A' 'U' 'A' 'A' 'U' 'A' 'M' 'U' 'U' 'A' 'M' 'A' 'A' 'A' 'M' 'A'
 'U' 'M' 'U' 'U' 'A' 'U' 'A' 'U' 'A' 'A' 'U' 'A' 'A' 'A' 'A' 'A' 'A' 'U'
 'A' 'A' 'A' 'M' 'A' 'M' 'A' 'A' 'U' 'U' 'U' 'U' 'A' 'A' 'A' 'A' 'A' 'A'
 'A' 'M' 'A' 'A' 'A' 'M' 'M' 'A' 'A' 'A' 'A' 'M' 'M' 'M' 'M' 'M' 'M' 'M'
 'M' 'M' 'U' 'M' 'M' 'M' 'M' 'M' 'M' 'M' 'M' 'M' 'M' 'M' 'M' 'M' 'M' 'M'
 'M' 'M' 'M' 'M' 'M' 'A' 'A' 'A' 'A' 'U' 'A' 'A' 'U' 'A' 'A' 'A' 'A' 'A'
 'A' 'U' 'A' 'A' 'A' 'U' 'A' 'A' 'A' 'U' 'A' 'A' 'A' 'A' 'A' 'A' 'A' 'U'
 'A' 'A' 'M' 'A' 'M' 'M' 'A' 'A' 'A' 'U' 'A' 'A' 'A' 'A' 'A' 'A' 'M' 'A'
 'A' 'A' 'U' 'A' 'A' 'A' 'U' 'A' 'U' 'M' 'U' 'A' 'A' 'M' 'U' 'M' 'U' 'A'
 'A' 'A' 'A' 'A' 'A' 'A' 'U' 'U' 'A' 'A' 'M' 'A' 'A' 'U' 'A' 'A' 'A' 'U'
 'A' 'A' 'U' 'A' 'U' 'M' 'U' 'U' 'U' 'A' 'A' 'U' 'U' 'A' 'A' 'A' 'A' 'U']"
1401,0,146,97,49,52,0,0,"['A' 'A' 'A' 'M' 'A' 'A' 'U' 'A' 'M' 'A' 'U' 'A' 'U' 'A' 'A' 'A' 'M' 'A'
 'U' 'M' 'U' 'A' 'A' 'M' 'A' 'U' 'A' 'A' 'U' 'A' 'A' 'A' 'A' 'A' 'U' 'U'
 'A' 'A' 'A' 'U' 'A' 'M' 'A' 'A' 'U' 'U' 'A' 'M' 'A' 'A' 'U' 'U' 'A' 'A'
 'A' 'M' 'U' 'U' 'A' 'M' 'M' 'A' 'A' 'U' 'U' 'M' 'M' 'M' 'M' 'U' 'M' 'M'
 'M' 'M' 'M' 'M' 'M' 'M' 'M' 'M' 'M' 'M' 'M' 'M' 'M' 'M' 'M' 'M' 'M' 'M'
 'M' 'M' 'M' 'M' 'M' 'A' 'A' 'A' 'A' 'U' 'A' 'U' 'U' 'U' 'A' 'A' 'A' 'A'
 'A' 'U' 'A' 'A' 'U' 'M' 'A' 'A' 'A' 'U' 'A' 'A' 'A' 'A' 'U' 'A' 'U' 'U'
 'U' 'A' 'U' 'A' 'M' 'A' 'A' 'A' 'U' 'A' 'A' 'A' 'A' 'A' 'A' 'U' 'M' 'A'
 'A' 'A' 'A' 'U' 'A' 'A' 'A' 'A' 'M' 'U' 'U' 'A' 'A' 'M' 'U' 'M' 'U' 'A'
 'A' 'U' 'A' 'A' 'A' 'A' 'A' 'U' 'U' 'A' 'M' 'A' 'A' 'M' 'A' 'A' 'A' 'U'
 'U' 'A' 'U' 'A' 'U' 'M' 'U' 'M' 'U' 'A' 'U' 'U' 'U' 'U' 'A' 'A' 'A' 'U']"
1501,0,147,99,48,51,0,0,"['A' 'A' 'A' 'U' 'A' 'A' 'U' 'A' 'M' 'A' 'A' 'A' 'U' 'U' 'A' 'A' 'M' 'A'
 'A' 'M' 'U' 'A' 'A' 'M' 'A' 'U' 'A' 'U' 'U' 'A' 'A' 'A' 'U' 'A' 'U' 'U'
 'A' 'A' 'A' 'A' 'A' 'M' 'U' 'A' 'U' 'U' 'A' 'M' 'U' 'A' 'U' 'U' 'A' 'A'
 'A' 'U' 'U' 'U' 'A' 'M' 'M' 'A' 'A' 'U' 'U' 'M' 'M' 'M' 'M' 'M' 'M' 'M'
 'M' 'M' 'U' 'M' 'M' 'M' 'M' 'M' 'M' 'M' 'M' 'M' 'M' 'M' 'M' 'M' 'M' 'M'
 'M' 'M' 'M' 'M' 'M' 'A' 'A' 'A' 'A' 'U' 'A' 'U' 'U' 'U' 'A' 'U' 'A' 'A'
 'A' 'M' 'U' 'A' 'U' 'M' 'U' 'A' 'A' 'U' 'U' 'A' 'A' 'A' 'U' 'A' 'U' 'U'
 'U' 'A' 'A' 'A' 'M' 'A' 'A' 'A' 'A' 'A' 'A' 'A' 'A' 'A' 'A' 'U' 'M' 'A'
 'A' 'A' 'A' 'U' 'A' 'A' 'A' 'A' 'U' 'U' 'U' 'A' 'A' 'M' 'A' 'M' 'U' 'A'
 'A' 'U' 'A' 'A' 'A' 'A' 'A' 'A' 'A' 'A' 'M' 'A' 'A' 'M' 'A' 'A' 'A' 'A'
 'U' 'U' 'A' 'A' 'U' 'M' 'U' 'M' 'U' 'A' 'M' 'A' 'A' 'U' 'A' 'A' 'A' 'U']"
1601,0,144,97,47,54,0,0,"['A' 'A' 'A' 'A' 'A' 'A' 'A' 'A' 'M' 'A' 'A' 'A' 'U' 'U' 'A' 'A' 'M' 'A'
 'U' 'U' 'U' 'A' 'A' 'M' 'A' 'M' 'U' 'U' 'U' 'A' 'A' 'A' 'U' 'A' 'U' 'U'
 'A' 'A' 'A' 'U' 'A' 'M' 'A' 'A' 'U' 'A' 'A' 'M' 'U' 'A' 'U' 'U' 'A' 'A'
 'A' 'U' 'U' 'U' 'A' 'M' 'M' 'A' 'A' 'U' 'U' 'M' 'M' 'M' 'M' 'M' 'M' 'M'
 'M' 'M' 'M' 'M' 'M' 'M' 'M' 'M' 'M' 'M' 'M' 'M' 'M' 'M' 'M' 'M' 'M' 'M'
 'M' 'M' 'M' 'U' 'M' 'U' 'A' 'U' 'A' 'M' 'U' 'U' 'U' 'A' 'A' 'A' 'A' 'A'
 'A' 'M' 'U' 'A' 'A' 'U' 'U' 'A' 'A' 'A' 'U' 'A' 'U' 'U' 'U' 'A' 'U' 'U'
 'U' 'A' 'U' 'A' 'M' 'A' 'A' 'A' 'A' 'A' 'A' 'U' 'A' 'A' 'A' 'U' 'U' 'A'
 'A' 'A' 'A' 'U' 'A' 'A' 'A' 'A' 'U' 'U' 'U' 'A' 'A' 'M' 'U' 'M' 'U' 'A'
 'A' 'U' 'A' 'A' 'A' 'A' 'A' 'A' 'A' 'A' 'M' 'A' 'A' 'M' 'A' 'A' 'A' 'A'
 'M' 'U' 'A' 'A' 'U' 'M' 'A' 'U' 'U' 'A' 'M' 'A' 'A' 'U' 'A' 'A' 'A' 'U']"
1701,0,144,103,41,54,0,0,"['A' 'A' 'A' 'A' 'A' 'A' 'A' 'A' 'U' 'A' 'A' 'A' 'U' 'U' 'A' 'A' 'U' 'A'
 'A' 'A' 'U' 'A' 'A' 'U' 'A' 'M' 'U' 'U' 'U' 'A' 'A' 'A' 'U' 'A' 'U' 'U'
 'A' 'A' 'A' 'U' 'A' 'M' 'A' 'A' 'U' 'A' 'U' 'M' 'A' 'U' 'U' 'A' 'A' 'A'
 'A' 'U' 'U' 'U' 'A' 'U' 'A' 'A' 'A' 'U' 'U' 'M' 'M' 'M' 'M' 'M' 'M' 'M'
 'M' 'M' 'M' 'M' 'U' 'M' 'M' 'M' 'M' 'M' 'M' 'M' 'M' 'M' 'M' 'M' 'M' 'M'
 'M' 'M' 'M' 'M' 'M' 'U' 'A' 'U' 'A' 'M' 'A' 'U' 'U' 'A' 'A' 'A' 'A' 'A'
 'A' 'M' 'U' 'A' 'A' 'U' 'U' 'A' 'A' 'A' 'A' 'U' 'U' 'M' 'U' 'A' 'U' 'U'
 'U' 'A' 'U' 'A' 'M' 'A' 'A' 'A' 'A' 'A' 'A' 'A' 'A' 'A' 'A' 'U' 'U' 'A'
 'A' 'A' 'A' 'U' 'A' 'A' 'A' 'A' 'U' 'U' 'U' 'A' 'A' 'A' 'A' 'A' 'U' 'A'
 'A' 'U' 'A' 'A' 'U' 'A' 'U' 'A' 'A' 'A' 'M' 'A' 'A' 'M' 'A' 'A' 'A' 'A'
 'M' 'U' 'A' 'A' 'U' 'M' 'A' 'U' 'U' 'A' 'M' 'A' 'A' 'U' 'A' 'A' 'A' 'U']"
1801,0,146,106,40,52,0,0,"['A' 'A' 'A' 'A' 'A' 'A' 'A' 'A' 'U' 'A' 'A' 'A' 'U' 'U' 'A' 'A' 'U' 'A'
 'A' 'A' 'U' 'A' 'A' 'U' 'U' 'U' 'U' 'U' 'A' 'A' 'A' 'A' 'U' 'A' 'U' 'U'
 'A' 'A' 'A' 'U' 'A' 'M' 'A' 'A' 'A' 'A' 'U' 'M' 'A' 'U' 'A' 'A' 'A' 'A'
 'A' 'M' 'U' 'U' 'A' 'A' 'A' 'A' 'A' 'U' 'U' 'M' 'U' 'M' 'M' 'M' 'M' 'M'
 'M' 'M' 'M' 'M' 'M' 'M' 'M' 'M' 'M' 'M' 'M' 'M' 'M' 'M' 'M' 'M' 'M' 'M'
 'M' 'M' 'M' 'M' 'M' 'U' 'A' 'U' 'A' 'M' 'A' 'U' 'U' 'U' 'A' 'A' 'A' 'U'
 'A' 'A' 'U' 'A' 'A' 'U' 'U' 'A' 'A' 'A' 'A' 'U' 'U' 'M' 'U' 'A' 'U' 'M'
 'A' 'A' 'A' 'A' 'U' 'A' 'A' 'A' 'A' 'A' 'A' 'A' 'A' 'A' 'A' 'U' 'M' 'A'
 'A' 'U' 'A' 'U' 'A' 'A' 'U' 'A' 'U' 'U' 'U' 'A' 'A' 'A' 'A' 'A' 'U' 'A'
 'U' 'U' 'A' 'A' 'M' 'A' 'U' 'A' 'A' 'A' 'U' 'A' 'A' 'M' 'A' 'A' 'A' 'A'
 'M' 'A' 'A' 'A' 'A' 'A' 'U' 'U' 'U' 'A' 'M' 'A' 'A' 'U' 'A' 'A' 'A' 'U']"
1901,0,154,109,45,44,0,0,"['A' 'U' 'A' 'A' 'A' 'A' 'A' 'A' 'A' 'A' 'A' 'A' 'U' 'U' 'A' 'A' 'U' 'A'
 'A' 'A' 'U' 'A' 'U' 'U' 'U' 'U' 'U' 'U' 'U' 'A' 'A' 'A' 'U' 'A' 'U' 'U'
 'A' 'A' 'A' 'U' 'U' 'M' 'A' 'M' 'A' 'A' 'M' 'M' 'A' 'U' 'A' 'A' 'A' 'U'
 'A' 'M' 'U' 'A' 'A' 'A' 'A' 'A' 'A' 'U' 'U' 'M' 'M' 'M' 'M' 'M' 'M' 'M'
 'M' 'M' 'M' 'M' 'M' 'M' 'M' 'M' 'M' 'M' 'M' 'M' 'M' 'M' 'U' 'M' 'M' 'M'
 'M' 'M' 'M' 'M' 'M' 'A' 'A' 'U' 'A' 'M' 'A' 'A' 'U' 'M' 'A' 'A' 'A' 'A'
 'A' 'A' 'U' 'A' 'A' 'A' 'U' 'A' 'A' 'A' 'A' 'U' 'U' 'M' 'U' 'A' 'U' 'M'
 'A' 'A' 'A' 'A' 'U' 'A' 'A' 'A' 'A' 'A' 'A' 'A' 'A' 'A' 'A' 'M' 'M' 'A'
 'A' 'U' 'U' 'A' 'A' 'A' 'A' 'U' 'U' 'U' 'A' 'A' 'A' 'A' 'A' 'A' 'U' 'A'
 'U' 'A' 'A' 'A' 'M' 'A' 'U' 'A' 'U' 'A' 'A' 'A' 'A' 'M' 'A' 'A' 'A' 'A'
 'M' 'A' 'A' 'A' 'A' 'A' 'A' 'U' 'U' 'A' 'M' 'A' 'A' 'M' 'A' 'A' 'A' 'U']"
2001,1,143,99,44,55,0,1,"['A' 'U' 'A' 'A' 'A' 'U' 'A' 'A' 'A' 'A' 'U' 'U' 'U' 'U' 'A' 'A' 'U' 'A'
 'A' 'A' 'U' 'A' 'U' 'U' 'M' 'U' 'U' 'U' 'U' 'A' 'A' 'A' 'A' 'A' 'U' 'M'
 'A' 'U' 'A' 'U' 'U' 'M' 'A' 'M' 'A' 'A' 'A' 'M' 'A' 'U' 'A' 'A' 'A' 'A'
 'A' 'U' 'U' 'A' 'A' 'A' 'A' 'U' 'A' 'U' 'U' 'U' 'M' 'M' 'M' 'M' 'M' 'M'
 'M' 'M' 'M' 'M' 'M' 'M' 'M' 'M' 'M' 'M' 'M' 'M' 'M' 'M' 'M' 'M' 'M' 'M'
 'M' 'M' 'M' 'M' 'M' 'A' 'A' 'U' 'A' 'M' 'U' 'U' 'U' 'U' 'A' 'U' 'A' 'A'
 'A' 'A' 'U' 'A' 'A' 'A' 'U' 'A' 'A' 'A' 'A' 'U' 'U' 'M' 'U' 'A' 'U' 'U'
 'A' 'U' 'A' 'A' 'A' 'A' 'A' 'A' 'U' 'A' 'A' 'U' 'A' 'A' 'A' 'M' 'M' 'A'
 'A' 'U' 'A' 'A' 'A' 'M' 'A' 'U' 'U' 'U' 'A' 'A' 'A' 'A' 'A' 'A' 'U' 'A'
 'M' 'U' 'A' 'A' 'M' 'A' 'U' 'A' 'U' 'A' 'A' 'U' 'A' 'M' 'A' 'A' 'A' 'A'
 'M' 'A' 'A' 'A' 'A' 'A' 'A' 'U' 'U' 'A' 'U' 'U' 'A' 'M' 'A' 'A' 'A' 'U']"
2101,1,139,95,44,59,0,1,"['A' 'M' 'A' 'U' 'A' 'U' 'U' 'A' 'A' 'A' 'U' 'U' 'A' 'U' 'A' 'A' 'U' 'U'
 'A' 'A' 'U' 'A' 'A' 'U' 'M' 'U' 'U' 'M' 'U' 'A' 'A' 'A' 'A' 'A' 'A' 'M'
 'A' 'U' 'A' 'U' 'U' 'M' 'A' 'M' 'A' 'A' 'A' 'M' 'A' 'U' 'A' 'A' 'A' 'U'
 'A' 'A' 'U' 'A' 'A' 'A' 'A' 'U' 'A' 'U' 'A' 'M' 'M' 'M' 'M' 'U' 'M' 'M'
 'M' 'M' 'M' 'M' 'M' 'M' 'M' 'M' 'M' 'M' 'M' 'M' 'M' 'M' 'M' 'M' 'M' 'M'
 'M' 'M' 'M' 'M' 'M' 'A' 'A' 'A' 'A' 'A' 'U' 'U' 'U' 'U' 'A' 'U' 'A' 'A'
 'A' 'A' 'U' 'U' 'A' 'A' 'U' 'A' 'A' 'A' 'A' 'M' 'U' 'U' 'U' 'A' 'U' 'U'
 'A' 'U' 'A' 'A' 'A' 'A' 'A' 'A' 'A' 'A' 'A' 'A' 'U' 'A' 'A' 'M' 'M' 'A'
 'A' 'A' 'A' 'A' 'A' 'M' 'A' 'A' 'U' 'U' 'A' 'U' 'A' 'A' 'U' 'A' 'U' 'A'
 'M' 'A' 'A' 'A' 'U' 'A' 'M' 'U' 'U' 'U' 'U' 'U' 'A' 'U' 'A' 'A' 'U' 'A'
 'M' 'A' 'A' 'A' 'U' 'U' 'U' 'U' 'U' 'A' 'U' 'U' 'U' 'M' 'A' 'A' 'A' 'U']"
2201,1,140,95,45,58,0,0,"['A' 'M' 'A' 'M' 'A' 'A' 'U' 'A' 'U' 'A' 'U' 'A' 'A' 'U' 'A' 'A' 'U' 'U'
 'A' 'A' 'M' 'A' 'A' 'U' 'M' 'U' 'U' 'M' 'U' 'A' 'A' 'A' 'A' 'A' 'A' 'U'
 'A' 'U' 'U' 'U' 'U' 'M' 'A' 'M' 'A' 'A' 'A' 'M' 'A' 'A' 'U' 'U' 'M' 'U'
 'U' 'A' 'U' 'A' 'A' 'U' 'A' 'U' 'A' 'U' 'A' 'M' 'M' 'M' 'M' 'M' 'M' 'M'
 'U' 'M' 'M' 'M' 'M' 'M' 'M' 'M' 'M' 'M' 'M' 'M' 'M' 'M' 'M' 'M' 'M' 'M'
 'M' 'M' 'M' 'M' 'M' 'A' 'A' 'A' 'A' 'A' 'U' 'U' 'U' 'U' 'A' 'A' 'U' 'A'
 'A' 'A' 'U' 'U' 'A' 'A' 'U' 'A' 'A' 'A' 'A' 'M' 'A' 'A' 'U' 'U' 'U' 'U'
 'U' 'U' 'A' 'A' 'A' 'A' 'A' 'A' 'A' 'A' 'A' 'A' 'A' 'A' 'A' 'M' 'M' 'A'
 'A' 'A' 'A' 'A' 'U' 'A' 'A' 'A' 'U' 'A' 'A' 'A' 'A' 'A' 'U' 'A' 'U' 'A'
 'M' 'A' 'A' 'A' 'U' 'A' 'M' 'U' 'U' 'U' 'U' 'U' 'A' 'A' 'U' 'A' 'U' 'A'
 'M' 'A' 'A' 'A' 'U' 'U' 'U' 'U' 'A' 'A' 'U' 'U' 'U' 'M' 'U' 'A' 'A' 'A']"
2301,1,148,100,48,50,0,1,"['A' 'M' 'A' 'M' 'A' 'A' 'A' 'A' 'U' 'U' 'U' 'A' 'A' 'U' 'A' 'A' 'U' 'U'
 'A' 'A' 'M' 'A' 'A' 'A' 'M' 'U' 'U' 'U' 'A' 'A' 'A' 'A' 'A' 'A' 'A' 'M'
 'A' 'U' 'U' 'U' 'M' 'M' 'A' 'M' 'A' 'A' 'A' 'M' 'A' 'A' 'M' 'A' 'U' 'A'
 'U' 'A' 'U' 'A' 'A' 'U' 'A' 'U' 'U' 'M' 'A' 'M' 'M' 'M' 'M' 'M' 'M' 'M'
 'M' 'M' 'M' 'M' 'M' 'M' 'M' 'M' 'M' 'M' 'M' 'M' 'M' 'U' 'M' 'M' 'M' 'M'
 'M' 'M' 'M' 'M' 'M' 'A' 'U' 'A' 'A' 'A' 'U' 'U' 'M' 'A' 'A' 'A' 'U' 'A'
 'A' 'A' 'U' 'U' 'A' 'A' 'U' 'A' 'A' 'A' 'A' 'M' 'A' 'A' 'U' 'U' 'U' 'U'
 'A' 'M' 'U' 'A' 'A' 'A' 'A' 'A' 'A' 'A' 'A' 'A' 'A' 'A' 'A' 'M' 'A' 'M'
 'A' 'A' 'U' 'A' 'U' 'A' 'A' 'A' 'U' 'A' 'A' 'A' 'A' 'A' 'U' 'A' 'U' 'A'
 'A' 'A' 'A' 'A' 'A' 'A' 'M' 'U' 'U' 'A' 'U' 'U' 'A' 'A' 'U' 'A' 'U' 'A'
 'M' 'A' 'A' 'A' 'U' 'U' 'U' 'U' 'A' 'A' 'U' 'U' 'U' 'M' 'U' 'A' 'A' 'A']"
2401,0,157,108,49,41,0,1,"['A' 'M' 'A' 'M' 'A' 'A' 'A' 'A' 'U' 'U' 'U' 'A' 'A' 'A' 'A' 'A' 'U' 'U'
 'A' 'A' 'M' 'A' 'A' 'U' 'M' 'A' 'U' 'U' 'A' 'A' 'A' 'A' 'A' 'A' 'A' 'M'
 'A' 'U' 'U' 'U' 'M' 'M' 'A' 'M' 'A' 'A' 'A' 'M' 'A' 'A' 'A' 'A' 'U' 'A'
 'U' 'A' 'A' 'A' 'A' 'U' 'A' 'U' 'U' 'M' 'A' 'M' 'M' 'M' 'M' 'M' 'M' 'M'
 'M' 'M' 'M' 'M' 'M' 'M' 'M' 'U' 'M' 'M' 'M' 'M' 'M' 'M' 'M' 'M' 'M' 'M'
 'M' 'M' 'M' 'M' 'M' 'A' 'U' 'A' 'A' 'A' 'U' 'U' 'M' 'A' 'A' 'A' 'U' 'A'
 'A' 'A' 'U' 'U' 'A' 'A' 'U' 'A' 'A' 'A' 'A' 'M' 'A' 'U' 'M' 'A' 'M' 'U'
 'A' 'U' 'A' 'A' 'A' 'A' 'A' 'A' 'A' 'A' 'A' 'A' 'A' 'A' 'U' 'U' 'A' 'M'
 'A' 'A' 'U' 'A' 'A' 'A' 'A' 'A' 'U' 'A' 'A' 'A' 'A' 'A' 'M' 'A' 'A' 'A'
 'A' 'A' 'A' 'A' 'A' 'A' 'M' 'U' 'A' 'A' 'U' 'A' 'A' 'U' 'M' 'A' 'U' 'A'
 'U' 'A' 'A' 'A' 'U' 'U' 'A' 'U' 'A' 'A' 'A' 'M' 'U' 'M' 'U' 'A' 'A' 'A']"
2501,0,159,105,54,39,0,0,"['A' 'M' 'U' 'M' 'A' 'A' 'A' 'U' 'U' 'U' 'U' 'U' 'A' 'A' 'A' 'A' 'A' 'M'
 'A' 'A' 'M' 'A' 'A' 'A' 'M' 'A' 'U' 'M' 'A' 'A' 'A' 'A' 'A' 'A' 'A' 'M'
 'A' 'A' 'M' 'U' 'M' 'M' 'A' 'M' 'A' 'A' 'A' 'U' 'A' 'U' 'A' 'A' 'U' 'A'
 'U' 'A' 'A' 'A' 'A' 'A' 'A' 'M' 'A' 'M' 'A' 'M' 'M' 'M' 'M' 'M' 'M' 'M'
 'M' 'M' 'M' 'M' 'M' 'M' 'M' 'M' 'M' 'M' 'M' 'M' 'M' 'M' 'M' 'M' 'U' 'M'
 'M' 'M' 'M' 'M' 'M' 'A' 'U' 'A' 'U' 'A' 'M' 'U' 'M' 'A' 'A' 'A' 'A' 'A'
 'A' 'A' 'U' 'U' 'A' 'A' 'U' 'A' 'A' 'A' 'A' 'M' 'A' 'U' 'A' 'U' 'M' 'U'
 'A' 'U' 'A' 'A' 'A' 'U' 'A' 'A' 'A' 'A' 'A' 'A' 'A' 'U' 'A' 'A' 'A' 'M'
 'U' 'A' 'U' 'A' 'U' 'A' 'A' 'A' 'M' 'A' 'A' 'A' 'U' 'A' 'M' 'A' 'A' 'A'
 'A' 'A' 'A' 'A' 'A' 'A' 'M' 'U' 'U' 'A' 'A' 'A' 'A' 'U' 'M' 'U' 'U' 'A'
 'U' 'A' 'A' 'A' 'U' 'U' 'A' 'U' 'A' 'A' 'A' 'M' 'M' 'M' 'U' 'A' 'A' 'A']"
2601,0,151,96,55,47,0,1,"['A' 'M' 'M' 'M' 'U' 'A' 'A' 'M' 'U' 'A' 'M' 'U' 'U' 'A' 'A' 'A' 'A' 'M'
 'A' 'A' 'M' 'A' 'A' 'U' 'M' 'A' 'U' 'A' 'A' 'U' 'A' 'A' 'A' 'A' 'A' 'M'
 'U' 'A' 'M' 'U' 'U' 'M' 'U' 'M' 'U' 'A' 'A' 'U' 'A' 'U' 'U' 'A' 'M' 'A'
 'U' 'A' 'A' 'U' 'A' 'A' 'A' 'M' 'A' 'M' 'A' 'M' 'M' 'M' 'M' 'M' 'M' 'M'
 'M' 'M' 'M' 'M' 'M' 'M' 'M' 'M' 'M' 'M' 'M' 'M' 'M' 'M' 'M' 'M' 'M' 'M'
 'M' 'U' 'M' 'M' 'M' 'A' 'A' 'A' 'U' 'A' 'A' 'U' 'U' 'A' 'A' 'A' 'A' 'U'
 'U' 'A' 'U' 'U' 'A' 'A' 'U' 'U' 'A' 'A' 'A' 'M' 'A' 'U' 'A' 'U' 'M' 'U'
 'A' 'M' 'A' 'A' 'U' 'A' 'A' 'A' 'A' 'A' 'A' 'A' 'A' 'U' 'A' 'U' 'A' 'M'
 'U' 'A' 'M' 'A' 'U' 'A' 'A' 'A' 'M' 'A' 'A' 'A' 'U' 'U' 'M' 'A' 'A' 'A'
 'A' 'A' 'A' 'A' 'A' 'A' 'M' 'U' 'U' 'A' 'A' 'A' 'A' 'U' 'M' 'U' 'U' 'A'
 'U' 'A' 'U' 'A' 'U' 'A' 'A' 'U' 'A' 'A' 'A' 'M' 'M' 'U' 'A' 'A' 'A' 'A']"
2701,0,149,95,54,49,0,0,"['A' 'M' 'M' 'M' 'U' 'A' 'U' 'M' 'U' 'A' 'M' 'U' 'U' 'U' 'A' 'A' 'A' 'M'
 'A' 'A' 'M' 'A' 'A' 'U' 'M' 'A' 'U' 'A' 'A' 'U' 'A' 'A' 'A' 'A' 'A' 'M'
 'A' 'A' 'M' 'U' 'U' 'U' 'A' 'M' 'A' 'A' 'A' 'U' 'A' 'U' 'U' 'A' 'M' 'A'
 'U' 'A' 'A' 'M' 'A' 'A' 'A' 'M' 'A' 'M' 'A' 'M' 'M' 'U' 'M' 'M' 'M' 'M'
 'M' 'M' 'M' 'M' 'M' 'M' 'M' 'M' 'M' 'M' 'M' 'M' 'M' 'M' 'M' 'M' 'M' 'M'
 'M' 'M' 'M' 'M' 'M' 'A' 'U' 'A' 'U' 'A' 'A' 'U' 'U' 'A' 'A' 'A' 'A' 'U'
 'U' 'A' 'A' 'U' 'A' 'A' 'U' 'A' 'A' 'A' 'A' 'M' 'A' 'U' 'U' 'U' 'U' 'U'
 'A' 'M' 'A' 'A' 'A' 'U' 'A' 'A' 'U' 'A' 'A' 'A' 'A' 'M' 'A' 'U' 'A' 'M'
 'A' 'A' 'M' 'A' 'U' 'A' 'A' 'A' 'M' 'A' 'U' 'U' 'U' 'U' 'M' 'A' 'U' 'A'
 'A' 'A' 'A' 'A' 'A' 'A' 'M' 'A' 'A' 'A' 'A' 'A' 'A' 'U' 'M' 'U' 'U' 'A'
 'U' 'A' 'U' 'A' 'U' 'A' 'A' 'U' 'U' 'A' 'A' 'U' 'M' 'U' 'A' 'A' 'A' 'A']"
2801,0,153,95,58,45,0,1,"['A' 'M' 'U' 'M' 'U' 'A' 'U' 'M' 'U' 'A' 'M' 'A' 'U' 'U' 'A' 'A' 'A' 'M'
 'M' 'A' 'M' 'A' 'A' 'U' 'M' 'A' 'A' 'A' 'A' 'U' 'A' 'A' 'A' 'U' 'A' 'M'
 'A' 'A' 'M' 'U' 'A' 'U' 'A' 'M' 'A' 'A' 'A' 'A' 'A' 'U' 'U' 'A' 'M' 'A'
 'U' 'A' 'A' 'U' 'A' 'A' 'A' 'U' 'A' 'M' 'A' 'M' 'M' 'M' 'M' 'M' 'M' 'M'
 'M' 'M' 'M' 'M' 'M' 'M' 'M' 'U' 'M' 'M' 'M' 'M' 'M' 'M' 'M' 'M' 'M' 'M'
 'M' 'M' 'M' 'M' 'M' 'A' 'M' 'U' 'U' 'A' 'A' 'U' 'M' 'U' 'A' 'U' 'U' 'A'
 'M' 'U' 'U' 'U' 'A' 'A' 'A' 'A' 'A' 'A' 'A' 'M' 'A' 'U' 'U' 'U' 'A' 'U'
 'A' 'M' 'A' 'A' 'A' 'A' 'A' 'A' 'U' 'A' 'A' 'A' 'A' 'M' 'A' 'U' 'A' 'M'
 'A' 'A' 'M' 'A' 'U' 'A' 'A' 'A' 'M' 'A' 'U' 'A' 'U' 'U' 'M' 'A' 'U' 'A'
 'U' 'A' 'A' 'A' 'A' 'A' 'M' 'U' 'U' 'A' 'A' 'A' 'A' 'A' 'M' 'M' 'A' 'A'
 'M' 'A' 'U' 'A' 'A' 'A' 'A' 'U' 'U' 'A' 'A' 'M' 'M' 'U' 'A' 'A' 'A' 'U']"
2901,0,155,91,64,43,0,1,"['A' 'M' 'U' 'M' 'U' 'A' 'U' 'M' 'U' 'A' 'M' 'A' 'A' 'U' 'A' 'A' 'A' 'M'
 'M' 'A' 'M' 'A' 'A' 'M' 'M' 'A' 'A' 'U' 'A' 'M' 'A' 'A' 'A' 'U' 'A' 'M'
 'A' 'A' 'M' 'U' 'A' 'U' 'A' 'M' 'A' 'A' 'A' 'A' 'A' 'U' 'U' 'A' 'M' 'A'
 'A' 'A' 'A' 'M' 'A' 'A' 'A' 'U' 'A' 'U' 'A' 'M' 'M' 'M' 'M' 'M' 'M' 'M'
 'M' 'M' 'M' 'M' 'M' 'M' 'M' 'M' 'M' 'M' 'M' 'M' 'M' 'M' 'M' 'M' 'M' 'M'
 'M' 'M' 'U' 'M' 'M' 'A' 'M' 'U' 'U' 'A' 'A' 'M' 'M' 'M' 'A' 'U' 'U' 'A'
 'A' 'M' 'U' 'U' 'A' 'A' 'A' 'A' 'A' 'A' 'A' 'M' 'A' 'A' 'U' 'U' 'A' 'U'
 'A' 'M' 'A' 'U' 'A' 'A' 'A' 'A' 'A' 'U' 'A' 'U' 'A' 'M' 'A' 'U' 'A' 'M'
 'U' 'A' 'M' 'A' 'A' 'U' 'A' 'A' 'M' 'U' 'M' 'A' 'U' 'U' 'M' 'A' 'U' 'A'
 'U' 'A' 'A' 'A' 'U' 'U' 'M' 'M' 'U' 'A' 'A' 'A' 'A' 'A' 'M' 'M' 'A' 'A'
 'M' 'U' 'U' 'A' 'U' 'A' 'A' 'U' 'U' 'A' 'A' 'M' 'M' 'U' 'A' 'A' 'A' 'A']"
3001,0,165,95,70,33,0,1,"['A' 'M' 'U' 'M' 'A' 'U' 'U' 'M' 'U' 'A' 'M' 'A' 'A' 'U' 'A' 'A' 'A' 'M'
 'M' 'U' 'U' 'A' 'U' 'M' 'U' 'A' 'A' 'U' 'A' 'M' 'A' 'A' 'A' 'U' 'A' 'M'
 'A' 'A' 'M' 'M' 'A' 'A' 'A' 'M' 'A' 'A' 'A' 'A' 'A' 'U' 'M' 'A' 'M' 'A'
 'A' 'A' 'A' 'M' 'A' 'A' 'A' 'A' 'A' 'U' 'A' 'M' 'M' 'M' 'M' 'M' 'M' 'M'
 'M' 'M' 'M' 'M' 'M' 'M' 'M' 'M' 'M' 'M' 'M' 'M' 'M' 'M' 'M' 'M' 'U' 'M'
 'M' 'M' 'M' 'M' 'M' 'A' 'M' 'A' 'U' 'A' 'A' 'M' 'M' 'A' 'M' 'U' 'U' 'A'
 'A' 'M' 'M' 'A' 'A' 'A' 'A' 'A' 'A' 'A' 'A' 'M' 'A' 'A' 'U' 'U' 'A' 'M'
 'U' 'M' 'A' 'U' 'A' 'M' 'A' 'A' 'A' 'A' 'A' 'A' 'A' 'M' 'A' 'U' 'M' 'M'
 'U' 'A' 'M' 'A' 'U' 'A' 'A' 'A' 'M' 'M' 'U' 'A' 'U' 'U' 'M' 'U' 'A' 'A'
 'A' 'A' 'A' 'A' 'A' 'A' 'M' 'M' 'U' 'A' 'U' 'A' 'A' 'A' 'M' 'M' 'A' 'A'
 'M' 'U' 'A' 'A' 'U' 'A' 'A' 'M' 'U' 'A' 'A' 'M' 'M' 'M' 'A' 'A' 'A' 'A']"
3101,0,153,88,65,45,0,0,"['A' 'M' 'U' 'M' 'A' 'U' 'U' 'M' 'U' 'A' 'M' 'A' 'A' 'U' 'A' 'A' 'A' 'M'
 'M' 'M' 'U' 'A' 'U' 'M' 'U' 'A' 'A' 'U' 'A' 'M' 'A' 'A' 'A' 'U' 'A' 'M'
 'A' 'A' 'M' 'M' 'A' 'U' 'U' 'M' 'U' 'A' 'A' 'A' 'U' 'U' 'M' 'A' 'M' 'A'
 'A' 'A' 'A' 'M' 'A' 'A' 'A' 'A' 'U' 'A' 'A' 'M' 'M' 'M' 'M' 'M' 'M' 'M'
 'M' 'M' 'M' 'M' 'M' 'M' 'M' 'U' 'M' 'M' 'M' 'M' 'M' 'M' 'M' 'M' 'M' 'M'
 'M' 'M' 'M' 'M' 'M' 'A' 'U' 'A' 'A' 'A' 'A' 'M' 'M' 'A' 'U' 'A' 'U' 'A'
 'A' 'M' 'M' 'A' 'U' 'A' 'A' 'A' 'A' 'A' 'A' 'M' 'A' 'A' 'U' 'U' 'A' 'M'
 'A' 'U' 'U' 'U' 'A' 'A' 'A' 'A' 'A' 'A' 'A' 'A' 'A' 'M' 'A' 'U' 'M' 'U'
 'U' 'A' 'M' 'U' 'U' 'A' 'A' 'U' 'M' 'M' 'U' 'A' 'A' 'U' 'M' 'U' 'A' 'A'
 'U' 'U' 'A' 'A' 'A' 'A' 'U' 'M' 'U' 'A' 'M' 'A' 'A' 'A' 'M' 'M' 'A' 'A'
 'M' 'U' 'A' 'A' 'U' 'A' 'A' 'M' 'U' 'A' 'U' 'M' 'M' 'U' 'A' 'A' 'U' 'A']"
3201,3,141,73,68,57,0,0,"['A' 'M' 'U' 'M' 'U' 'U' 'M' 'M' 'U' 'A' 'U' 'A' 'A' 'U' 'A' 'A' 'A' 'M'
 'U' 'M' 'U' 'U' 'U' 'U' 'U' 'A' 'A' 'A' 'A' 'M' 'M' 'M' 'A' 'U' 'A' 'M'
 'A' 'A' 'M' 'M' 'A' 'U' 'U' 'M' 'U' 'A' 'A' 'A' 'U' 'U' 'M' 'A' 'M' 'A'
 'A' 'A' 'U' 'M' 'A' 'A' 'U' 'A' 'U' 'U' 'A' 'M' 'M' 'M' 'M' 'M' 'M' 'M'
 'M' 'M' 'M' 'M' 'M' 'M' 'M' 'M' 'M' 'M' 'M' 'M' 'M' 'M' 'U' 'M' 'M' 'M'
 'M' 'M' 'M' 'M' 'M' 'A' 'U' 'A' 'A' 'U' 'A' 'M' 'M' 'A' 'U' 'U' 'A' 'U'
 'A' 'M' 'M' 'A' 'U' 'A' 'A' 'A' 'A' 'A' 'A' 'M' 'A' 'A' 'U' 'A' 'M' 'M'
 'U' 'U' 'U' 'A' 'U' 'A' 'A' 'A' 'A' 'A' 'A' 'A' 'A' 'M' 'A' 'U' 'M' 'U'
 'U' 'U' 'M' 'U' 'U' 'A' 'A' 'U' 'M' 'M' 'M' 'A' 'U' 'U' 'M' 'U' 'A' 'A'
 'U' 'U' 'A' 'A' 'A' 'A' 'M' 'M' 'U' 'U' 'M' 'U' 'A' 'A' 'M' 'M' 'A' 'U'
 'M' 'U' 'A' 'U' 'U' 'A' 'A' 'M' 'U' 'A' 'U' 'M' 'M' 'U' 'A' 'A' 'U' 'A']"
3301,0,143,75,68,55,0,0,"['A' 'M' 'M' 'U' 'U' 'A' 'M' 'M' 'M' 'A' 'A' 'A' 'A' 'M' 'A' 'A' 'A' 'M'
 'M' 'M' 'U' 'U' 'U' 'U' 'A' 'U' 'A' 'A' 'A' 'U' 'U' 'M' 'A' 'A' 'A' 'U'
 'A' 'A' 'M' 'U' 'A' 'U' 'U' 'M' 'U' 'A' 'U' 'A' 'U' 'U' 'M' 'A' 'M' 'A'
 'A' 'A' 'U' 'M' 'A' 'U' 'U' 'A' 'U' 'U' 'A' 'M' 'M' 'M' 'M' 'M' 'M' 'M'
 'M' 'M' 'M' 'U' 'M' 'M' 'M' 'M' 'M' 'M' 'M' 'M' 'M' 'M' 'M' 'M' 'M' 'M'
 'M' 'M' 'M' 'M' 'M' 'A' 'U' 'A' 'A' 'U' 'A' 'M' 'U' 'M' 'U' 'M' 'A' 'A'
 'A' 'M' 'U' 'A' 'A' 'A' 'A' 'A' 'A' 'A' 'A' 'M' 'A' 'A' 'U' 'A' 'M' 'M'
 'U' 'U' 'U' 'A' 'U' 'A' 'A' 'U' 'A' 'A' 'A' 'A' 'A' 'M' 'A' 'U' 'M' 'U'
 'U' 'U' 'M' 'U' 'U' 'A' 'A' 'A' 'M' 'M' 'M' 'A' 'U' 'A' 'M' 'U' 'U' 'A'
 'U' 'U' 'A' 'A' 'A' 'A' 'M' 'M' 'U' 'U' 'M' 'M' 'A' 'U' 'U' 'M' 'A' 'U'
 'M' 'A' 'A' 'U' 'A' 'A' 'U' 'M' 'M' 'A' 'U' 'U' 'M' 'U' 'A' 'A' 'M' 'A']"
3401,0,139,76,63,59,1,0,"['A' 'M' 'M' 'U' 'U' 'U' 'M' 'M' 'M' 'A' 'U' 'A' 'A' 'M' 'A' 'A' 'A' 'M'
 'M' 'M' 'A' 'U' 'U' 'A' 'A' 'A' 'U' 'A' 'A' 'U' 'U' 'U' 'A' 'A' 'A' 'U'
 'A' 'A' 'M' 'U' 'U' 'U' 'U' 'M' 'U' 'A' 'U' 'A' 'U' 'U' 'M' 'U' 'M' 'A'
 'A' 'A' 'A' 'M' 'A' 'A' 'U' 'A' 'U' 'A' 'A' 'M' 'M' 'M' 'M' 'M' 'M' 'U'
 'M' 'M' 'M' 'M' 'M' 'M' 'M' 'M' 'M' 'M' 'M' 'M' 'M' 'M' 'M' 'M' 'M' 'M'
 'M' 'M' 'M' 'M' 'M' 'A' 'U' 'A' 'A' 'U' 'A' 'M' 'U' 'M' 'M' 'U' 'A' 'A'
 'A' 'M' 'U' 'A' 'A' 'A' 'A' 'U' 'A' 'U' 'U' 'M' 'A' 'A' 'U' 'A' 'U' 'M'
 'A' 'U' 'U' 'A' 'A' 'A' 'A' 'A' 'A' 'A' 'U' 'A' 'A' 'M' 'A' 'U' 'M' 'U'
 'U' 'U' 'M' 'U' 'U' 'A' 'U' 'A' 'M' 'U' 'M' 'A' 'U' 'A' 'M' 'U' 'U' 'A'
 'A' 'U' 'A' 'A' 'A' 'A' 'M' 'M' 'U' 'A' 'M' 'M' 'A' 'U' 'U' 'M' 'A' 'U'
 'U' 'A' 'A' 'U' 'A' 'A' 'U' 'M' 'M' 'A' 'U' 'U' 'U' 'U' 'A' 'A' 'M' 'A']"
3501,0,150,83,67,48,0,0,"['A' 'M' 'M' 'M' 'U' 'U' 'M' 'M' 'M' 'A' 'A' 'A' 'A' 'M' 'A' 'A' 'A' 'M'
 'U' 'M' 'A' 'U' 'M' 'A' 'A' 'A' 'U' 'U' 'A' 'U' 'U' 'U' 'A' 'U' 'U' 'A'
 'A' 'A' 'M' 'U' 'U' 'U' 'U' 'M' 'U' 'A' 'U' 'A' 'U' 'U' 'U' 'A' 'M' 'A'
 'A' 'A' 'A' 'M' 'A' 'A' 'M' 'A' 'U' 'A' 'A' 'M' 'M' 'U' 'M' 'M' 'M' 'M'
 'M' 'M' 'M' 'M' 'M' 'M' 'M' 'M' 'M' 'M' 'M' 'M' 'M' 'M' 'M' 'M' 'M' 'M'
 'M' 'M' 'M' 'M' 'M' 'A' 'U' 'A' 'A' 'M' 'A' 'M' 'A' 'M' 'U' 'U' 'A' 'A'
 'A' 'M' 'U' 'A' 'A' 'A' 'A' 'A' 'A' 'U' 'M' 'M' 'A' 'A' 'A' 'A' 'M' 'M'
 'A' 'U' 'A' 'U' 'A' 'A' 'A' 'A' 'A' 'A' 'A' 'A' 'A' 'M' 'A' 'U' 'M' 'U'
 'M' 'A' 'U' 'U' 'U' 'A' 'U' 'A' 'A' 'U' 'M' 'A' 'U' 'A' 'M' 'A' 'U' 'A'
 'A' 'U' 'A' 'A' 'A' 'A' 'M' 'M' 'U' 'A' 'M' 'M' 'A' 'U' 'U' 'M' 'A' 'A'
 'U' 'A' 'A' 'M' 'A' 'A' 'U' 'M' 'U' 'A' 'M' 'U' 'M' 'U' 'U' 'A' 'M' 'A']"
3601,1,154,83,71,44,0,0,"['A' 'M' 'M' 'U' 'U' 'A' 'M' 'U' 'U' 'A' 'A' 'A' 'A' 'U' 'A' 'A' 'U' 'M'
 'M' 'M' 'A' 'U' 'M' 'A' 'A' 'U' 'U' 'A' 'A' 'U' 'U' 'M' 'A' 'M' 'A' 'U'
 'A' 'A' 'M' 'U' 'U' 'U' 'U' 'M' 'A' 'A' 'U' 'A' 'U' 'U' 'A' 'A' 'M' 'A'
 'U' 'U' 'A' 'M' 'A' 'A' 'M' 'A' 'U' 'A' 'A' 'M' 'M' 'M' 'M' 'M' 'M' 'M'
 'M' 'M' 'M' 'U' 'M' 'M' 'M' 'M' 'M' 'M' 'M' 'M' 'M' 'M' 'M' 'M' 'M' 'M'
 'M' 'M' 'M' 'M' 'M' 'A' 'A' 'A' 'A' 'M' 'A' 'U' 'U' 'M' 'U' 'M' 'A' 'A'
 'A' 'M' 'A' 'A' 'A' 'A' 'A' 'A' 'A' 'M' 'M' 'M' 'A' 'A' 'A' 'A' 'M' 'M'
 'U' 'U' 'A' 'A' 'A' 'A' 'U' 'A' 'A' 'A' 'A' 'A' 'A' 'M' 'A' 'A' 'M' 'M'
 'M' 'A' 'A' 'U' 'M' 'A' 'M' 'A' 'A' 'U' 'M' 'A' 'M' 'A' 'M' 'U' 'U' 'A'
 'A' 'U' 'U' 'A' 'A' 'U' 'M' 'M' 'U' 'A' 'M' 'M' 'A' 'U' 'U' 'M' 'A' 'A'
 'U' 'A' 'A' 'M' 'A' 'A' 'U' 'M' 'U' 'A' 'M' 'A' 'M' 'M' 'U' 'A' 'U' 'A']"
3701,0,146,73,73,52,0,0,"['A' 'M' 'M' 'U' 'M' 'U' 'M' 'U' 'U' 'A' 'A' 'A' 'A' 'U' 'U' 'U' 'U' 'U'
 'M' 'M' 'A' 'U' 'M' 'A' 'A' 'U' 'A' 'A' 'U' 'U' 'U' 'M' 'A' 'M' 'A' 'M'
 'A' 'A' 'M' 'U' 'U' 'U' 'U' 'M' 'A' 'A' 'M' 'A' 'U' 'M' 'A' 'A' 'M' 'A'
 'U' 'U' 'A' 'M' 'A' 'A' 'U' 'A' 'A' 'A' 'U' 'M' 'M' 'M' 'M' 'M' 'M' 'M'
 'M' 'M' 'M' 'U' 'M' 'M' 'M' 'M' 'M' 'M' 'M' 'M' 'M' 'M' 'M' 'M' 'M' 'M'
 'M' 'M' 'M' 'M' 'M' 'A' 'U' 'A' 'A' 'M' 'A' 'U' 'U' 'M' 'U' 'M' 'A' 'A'
 'A' 'M' 'A' 'A' 'A' 'A' 'A' 'U' 'A' 'M' 'M' 'U' 'A' 'A' 'U' 'A' 'M' 'M'
 'U' 'M' 'A' 'A' 'A' 'A' 'A' 'A' 'A' 'U' 'U' 'A' 'A' 'M' 'A' 'A' 'M' 'M'
 'M' 'A' 'A' 'U' 'U' 'A' 'M' 'A' 'U' 'U' 'M' 'A' 'M' 'A' 'M' 'U' 'A' 'A'
 'A' 'U' 'U' 'A' 'U' 'U' 'M' 'M' 'U' 'A' 'M' 'M' 'A' 'U' 'U' 'M' 'U' 'A'
 'U' 'A' 'A' 'M' 'U' 'A' 'M' 'M' 'M' 'A' 'U' 'A' 'M' 'M' 'U' 'A' 'U' 'A']"
3801,0,142,69,73,56,0,0,"['A' 'M' 'M' 'U' 'M' 'A' 'M' 'U' 'U' 'A' 'U' 'U' 'A' 'U' 'U' 'U' 'U' 'U'
 'M' 'M' 'A' 'U' 'U' 'A' 'A' 'U' 'A' 'A' 'M' 'U' 'U' 'M' 'A' 'M' 'A' 'A'
 'A' 'A' 'M' 'M' 'M' 'A' 'A' 'M' 'A' 'A' 'M' 'A' 'U' 'M' 'U' 'A' 'M' 'A'
 'U' 'U' 'A' 'M' 'A' 'A' 'M' 'A' 'U' 'A' 'U' 'U' 'M' 'M' 'M' 'M' 'M' 'M'
 'M' 'M' 'M' 'M' 'M' 'M' 'M' 'M' 'M' 'M' 'M' 'M' 'M' 'M' 'M' 'M' 'M' 'M'
 'M' 'M' 'M' 'M' 'M' 'M' 'M' 'U' 'A' 'M' 'U' 'U' 'U' 'U' 'U' 'U' 'U' 'A'
 'A' 'M' 'A' 'A' 'A' 'A' 'A' 'U' 'U' 'M' 'M' 'U' 'A' 'A' 'U' 'A' 'M' 'M'
 'A' 'U' 'A' 'A' 'A' 'A' 'A' 'A' 'A' 'A' 'U' 'A' 'A' 'M' 'A' 'A' 'U' 'M'
 'M' 'A' 'A' 'U' 'U' 'A' 'M' 'A' 'U' 'A' 'M' 'A' 'M' 'A' 'M' 'U' 'A' 'A'
 'A' 'U' 'U' 'A' 'U' 'M' 'M' 'M' 'U' 'U' 'M' 'U' 'A' 'U' 'A' 'M' 'U' 'A'
 'U' 'A' 'U' 'M' 'U' 'U' 'M' 'M' 'M' 'A' 'U' 'A' 'M' 'M' 'U' 'A' 'U' 'A']"
3901,0,144,69,75,54,0,1,"['A' 'M' 'U' 'U' 'M' 'A' 'M' 'U' 'U' 'A' 'A' 'U' 'A' 'U' 'U' 'U' 'U' 'U'
 'M' 'M' 'U' 'U' 'U' 'U' 'A' 'U' 'A' 'A' 'M' 'M' 'A' 'M' 'A' 'U' 'A' 'A'
 'A' 'A' 'M' 'M' 'M' 'A' 'A' 'M' 'A' 'A' 'M' 'A' 'A' 'M' 'U' 'A' 'M' 'A'
 'U' 'U' 'A' 'M' 'U' 'U' 'M' 'U' 'U' 'A' 'M' 'M' 'M' 'M' 'M' 'M' 'U' 'M'
 'M' 'M' 'M' 'M' 'M' 'M' 'M' 'M' 'M' 'M' 'M' 'M' 'M' 'M' 'M' 'M' 'M' 'M'
 'M' 'M' 'M' 'M' 'M' 'M' 'M' 'U' 'A' 'M' 'U' 'U' 'U' 'U' 'U' 'A' 'U' 'A'
 'A' 'M' 'A' 'A' 'A' 'A' 'A' 'U' 'U' 'M' 'M' 'U' 'A' 'A' 'U' 'A' 'U' 'M'
 'A' 'A' 'A' 'A' 'A' 'A' 'A' 'A' 'A' 'A' 'A' 'A' 'A' 'M' 'A' 'A' 'U' 'M'
 'M' 'A' 'A' 'M' 'U' 'A' 'M' 'A' 'A' 'A' 'M' 'A' 'M' 'A' 'M' 'U' 'A' 'A'
 'U' 'U' 'U' 'A' 'M' 'U' 'M' 'M' 'U' 'M' 'M' 'U' 'A' 'A' 'U' 'M' 'U' 'A'
 'U' 'A' 'U' 'M' 'U' 'U' 'M' 'M' 'M' 'M' 'U' 'A' 'M' 'M' 'U' 'A' 'U' 'A']"
4001,0,149,68,81,49,0,0,"['A' 'M' 'M' 'M' 'M' 'A' 'M' 'U' 'U' 'A' 'A' 'A' 'U' 'U' 'U' 'M' 'U' 'U'
 'M' 'M' 'A' 'U' 'A' 'U' 'A' 'U' 'A' 'A' 'M' 'M' 'A' 'M' 'A' 'A' 'A' 'U'
 'U' 'A' 'M' 'M' 'M' 'U' 'A' 'M' 'A' 'A' 'M' 'A' 'A' 'M' 'U' 'U' 'M' 'A'
 'U' 'U' 'A' 'M' 'M' 'U' 'U' 'U' 'A' 'A' 'M' 'M' 'M' 'M' 'M' 'M' 'M' 'M'
 'M' 'M' 'M' 'M' 'M' 'M' 'M' 'M' 'M' 'M' 'M' 'M' 'M' 'M' 'M' 'M' 'M' 'M'
 'M' 'M' 'M' 'M' 'U' 'M' 'M' 'A' 'A' 'M' 'U' 'U' 'M' 'A' 'U' 'U' 'U' 'U'
 'A' 'M' 'A' 'A' 'U' 'A' 'A' 'U' 'U' 'M' 'M' 'U' 'U' 'A' 'M' 'A' 'U' 'M'
 'A' 'A' 'A' 'A' 'A' 'A' 'A' 'A' 'A' 'A' 'A' 'A' 'A' 'M' 'A' 'U' 'U' 'M'
 'M' 'A' 'A' 'M' 'A' 'U' 'U' 'A' 'A' 'A' 'M' 'A' 'M' 'A' 'M' 'A' 'A' 'A'
 'U' 'U' 'U' 'A' 'M' 'A' 'M' 'M' 'M' 'M' 'M' 'U' 'A' 'A' 'U' 'M' 'A' 'A'
 'A' 'U' 'U' 'M' 'U' 'M' 'M' 'M' 'M' 'M' 'U' 'A' 'M' 'M' 'U' 'U' 'U' 'A']"
4101,0,156,63,93,42,0,0,"['A' 'M' 'M' 'U' 'M' 'U' 'M' 'M' 'U' 'A' 'A' 'A' 'U' 'A' 'M' 'M' 'U' 'U'
 'M' 'M' 'A' 'M' 'A' 'U' 'A' 'M' 'A' 'A' 'M' 'M' 'A' 'M' 'A' 'A' 'A' 'M'
 'U' 'U' 'M' 'M' 'M' 'U' 'U' 'M' 'A' 'A' 'M' 'A' 'A' 'M' 'A' 'M' 'U' 'A'
 'M' 'M' 'U' 'M' 'M' 'M' 'A' 'U' 'A' 'A' 'M' 'M' 'M' 'M' 'U' 'M' 'M' 'M'
 'M' 'M' 'M' 'M' 'M' 'M' 'M' 'M' 'M' 'M' 'M' 'M' 'M' 'M' 'M' 'M' 'M' 'M'
 'M' 'M' 'M' 'M' 'M' 'M' 'M' 'A' 'M' 'M' 'M' 'U' 'M' 'A' 'U' 'U' 'U' 'U'
 'M' 'M' 'A' 'A' 'U' 'M' 'A' 'U' 'U' 'M' 'M' 'A' 'M' 'U' 'M' 'A' 'U' 'U'
 'A' 'A' 'U' 'M' 'A' 'A' 'A' 'A' 'A' 'A' 'A' 'A' 'A' 'M' 'A' 'M' 'U' 'M'
 'M' 'A' 'A' 'A' 'A' 'U' 'A' 'A' 'A' 'A' 'M' 'A' 'M' 'A' 'M' 'A' 'A' 'U'
 'A' 'A' 'M' 'A' 'M' 'A' 'M' 'M' 'M' 'M' 'M' 'U' 'A' 'A' 'U' 'M' 'A' 'U'
 'A' 'U' 'M' 'U' 'U' 'M' 'M' 'U' 'U' 'M' 'M' 'U' 'M' 'M' 'U' 'U' 'U' 'A']"
4201,0,149,61,88,49,0,0,"['A' 'U' 'U' 'M' 'M' 'U' 'M' 'M' 'A' 'A' 'A' 'A' 'M' 'A' 'M' 'M' 'U' 'U'
 'A' 'M' 'A' 'M' 'A' 'U' 'A' 'M' 'A' 'U' 'M' 'M' 'A' 'M' 'A' 'A' 'A' 'M'
 'M' 'U' 'M' 'M' 'M' 'U' 'U' 'U' 'A' 'U' 'M' 'A' 'A' 'M' 'A' 'M' 'U' 'A'
 'M' 'M' 'U' 'M' 'M' 'M' 'A' 'U' 'A' 'A' 'U' 'M' 'M' 'M' 'M' 'M' 'U' 'M'
 'M' 'M' 'M' 'M' 'M' 'M' 'M' 'M' 'M' 'M' 'M' 'M' 'M' 'M' 'M' 'M' 'M' 'M'
 'M' 'M' 'M' 'M' 'M' 'M' 'M' 'A' 'U' 'M' 'M' 'U' 'M' 'A' 'U' 'U' 'U' 'U'
 'M' 'M' 'A' 'A' 'U' 'M' 'A' 'A' 'U' 'M' 'M' 'A' 'M' 'U' 'M' 'A' 'U' 'A'
 'A' 'A' 'U' 'M' 'A' 'A' 'A' 'A' 'A' 'A' 'A' 'A' 'A' 'M' 'A' 'M' 'M' 'M'
 'M' 'U' 'U' 'A' 'A' 'A' 'A' 'U' 'A' 'A' 'M' 'A' 'M' 'A' 'M' 'A' 'A' 'U'
 'A' 'A' 'M' 'U' 'U' 'A' 'M' 'M' 'M' 'M' 'M' 'U' 'U' 'A' 'M' 'M' 'A' 'U'
 'A' 'U' 'M' 'U' 'U' 'M' 'M' 'U' 'U' 'U' 'U' 'U' 'U' 'U' 'U' 'U' 'M' 'A']"
4301,0,150,61,89,48,0,0,"['A' 'U' 'U' 'M' 'M' 'U' 'M' 'M' 'A' 'A' 'A' 'A' 'M' 'M' 'U' 'M' 'U' 'U'
 'A' 'M' 'U' 'M' 'A' 'U' 'A' 'M' 'A' 'U' 'M' 'M' 'A' 'M' 'A' 'U' 'A' 'M'
 'M' 'A' 'M' 'M' 'M' 'U' 'U' 'U' 'A' 'A' 'M' 'U' 'A' 'U' 'A' 'M' 'U' 'A'
 'M' 'M' 'U' 'U' 'M' 'U' 'A' 'U' 'A' 'A' 'U' 'M' 'M' 'M' 'M' 'M' 'M' 'M'
 'M' 'M' 'M' 'M' 'M' 'M' 'U' 'M' 'M' 'M' 'M' 'M' 'M' 'M' 'M' 'M' 'M' 'M'
 'M' 'M' 'M' 'M' 'M' 'M' 'M' 'A' 'U' 'M' 'M' 'M' 'M' 'A' 'U' 'U' 'U' 'M'
 'M' 'M' 'A' 'A' 'M' 'M' 'A' 'U' 'U' 'M' 'U' 'A' 'M' 'A' 'M' 'A' 'A' 'A'
 'A' 'U' 'M' 'M' 'A' 'A' 'A' 'A' 'A' 'A' 'A' 'A' 'A' 'M' 'A' 'M' 'M' 'M'
 'M' 'U' 'M' 'A' 'A' 'A' 'A' 'U' 'A' 'M' 'M' 'A' 'M' 'A' 'M' 'A' 'A' 'U'
 'A' 'A' 'M' 'U' 'U' 'A' 'U' 'U' 'U' 'U' 'M' 'U' 'A' 'A' 'M' 'A' 'A' 'U'
 'A' 'U' 'M' 'U' 'U' 'M' 'M' 'M' 'U' 'U' 'U' 'M' 'M' 'A' 'U' 'M' 'M' 'A']"
4401,0,145,56,89,53,0,1,"['A' 'U' 'U' 'M' 'M' 'U' 'U' 'M' 'A' 'A' 'A' 'A' 'M' 'M' 'U' 'M' 'U' 'M'
 'A' 'M' 'M' 'M' 'U' 'U' 'A' 'M' 'A' 'U' 'M' 'M' 'A' 'U' 'A' 'U' 'A' 'M'
 'M' 'A' 'U' 'M' 'M' 'U' 'U' 'M' 'A' 'A' 'U' 'U' 'A' 'U' 'A' 'M' 'U' 'A'
 'M' 'M' 'A' 'A' 'M' 'M' 'A' 'U' 'A' 'A' 'U' 'M' 'M' 'M' 'M' 'M' 'M' 'M'
 'M' 'M' 'M' 'M' 'M' 'M' 'M' 'M' 'M' 'M' 'M' 'M' 'M' 'M' 'M' 'M' 'M' 'M'
 'U' 'M' 'M' 'M' 'M' 'M' 'M' 'A' 'U' 'U' 'M' 'U' 'M' 'U' 'U' 'U' 'U' 'M'
 'M' 'M' 'A' 'U' 'M' 'M' 'U' 'U' 'U' 'M' 'U' 'A' 'M' 'A' 'A' 'A' 'A' 'A'
 'A' 'U' 'M' 'M' 'A' 'A' 'A' 'A' 'A' 'A' 'A' 'A' 'M' 'M' 'U' 'M' 'M' 'M'
 'M' 'M' 'M' 'A' 'A' 'A' 'A' 'U' 'A' 'M' 'M' 'A' 'M' 'U' 'M' 'U' 'A' 'M'
 'A' 'U' 'M' 'U' 'U' 'U' 'U' 'A' 'U' 'U' 'M' 'A' 'A' 'A' 'M' 'A' 'A' 'U'
 'A' 'A' 'M' 'U' 'U' 'M' 'M' 'M' 'A' 'U' 'U' 'M' 'M' 'U' 'U' 'M' 'M' 'U']"
4501,0,146,54,92,52,0,1,"['A' 'M' 'A' 'M' 'M' 'U' 'U' 'M' 'A' 'A' 'A' 'A' 'M' 'M' 'U' 'M' 'U' 'M'
 'A' 'M' 'U' 'M' 'U' 'U' 'A' 'U' 'A' 'U' 'M' 'M' 'A' 'U' 'A' 'U' 'U' 'M'
 'M' 'A' 'M' 'M' 'M' 'M' 'U' 'M' 'A' 'A' 'U' 'U' 'A' 'M' 'A' 'U' 'U' 'A'
 'M' 'M' 'U' 'A' 'M' 'M' 'A' 'U' 'U' 'A' 'U' 'M' 'M' 'M' 'M' 'M' 'M' 'M'
 'M' 'M' 'M' 'M' 'M' 'M' 'M' 'M' 'M' 'M' 'M' 'M' 'M' 'M' 'M' 'M' 'M' 'M'
 'M' 'M' 'M' 'U' 'M' 'M' 'M' 'A' 'U' 'U' 'M' 'U' 'M' 'U' 'U' 'U' 'U' 'M'
 'M' 'M' 'A' 'U' 'M' 'U' 'U' 'M' 'U' 'M' 'U' 'A' 'M' 'A' 'A' 'A' 'U' 'A'
 'A' 'U' 'M' 'M' 'A' 'U' 'A' 'A' 'A' 'A' 'A' 'A' 'U' 'M' 'U' 'M' 'M' 'M'
 'U' 'A' 'M' 'A' 'A' 'A' 'A' 'M' 'U' 'M' 'M' 'A' 'M' 'U' 'M' 'U' 'A' 'M'
 'A' 'U' 'M' 'U' 'M' 'A' 'U' 'A' 'U' 'M' 'M' 'U' 'A' 'A' 'M' 'A' 'A' 'M'
 'A' 'A' 'M' 'A' 'U' 'M' 'M' 'M' 'A' 'U' 'U' 'M' 'M' 'M' 'U' 'M' 'M' 'A']"
4601,0,146,53,93,52,0,0,"['A' 'M' 'A' 'M' 'M' 'U' 'U' 'M' 'A' 'A' 'U' 'A' 'M' 'M' 'U' 'M' 'U' 'M'
 'A' 'M' 'A' 'M' 'U' 'U' 'A' 'U' 'A' 'A' 'M' 'M' 'A' 'U' 'A' 'U' 'U' 'M'
 'M' 'A' 'M' 'M' 'M' 'M' 'A' 'M' 'A' 'A' 'M' 'U' 'A' 'M' 'A' 'U' 'U' 'A'
 'M' 'M' 'M' 'A' 'M' 'M' 'A' 'U' 'U' 'U' 'U' 'M' 'M' 'M' 'M' 'M' 'M' 'M'
 'M' 'M' 'M' 'M' 'M' 'M' 'M' 'M' 'M' 'M' 'M' 'U' 'M' 'M' 'M' 'M' 'M' 'M'
 'M' 'M' 'M' 'M' 'M' 'M' 'M' 'U' 'U' 'M' 'M' 'A' 'M' 'U' 'U' 'U' 'U' 'M'
 'M' 'M' 'A' 'M' 'U' 'U' 'U' 'M' 'U' 'M' 'A' 'A' 'M' 'A' 'U' 'A' 'U' 'A'
 'U' 'M' 'U' 'M' 'U' 'A' 'A' 'A' 'A' 'A' 'A' 'A' 'U' 'M' 'U' 'M' 'M' 'M'
 'U' 'A' 'M' 'M' 'A' 'A' 'A' 'M' 'U' 'M' 'M' 'U' 'M' 'U' 'M' 'U' 'A' 'M'
 'A' 'U' 'M' 'U' 'M' 'A' 'A' 'A' 'U' 'M' 'U' 'U' 'A' 'A' 'M' 'A' 'A' 'A'
 'A' 'A' 'M' 'U' 'U' 'M' 'M' 'M' 'A' 'U' 'U' 'M' 'M' 'M' 'U' 'U' 'M' 'A']"
4701,0,144,47,97,54,0,0,"['A' 'M' 'A' 'M' 'M' 'M' 'U' 'M' 'U' 'A' 'M' 'A' 'M' 'M' 'U' 'M' 'M' 'M'
 'A' 'M' 'A' 'M' 'U' 'U' 'U' 'U' 'A' 'A' 'M' 'M' 'A' 'U' 'A' 'U' 'A' 'M'
 'M' 'A' 'M' 'M' 'M' 'M' 'A' 'M' 'U' 'A' 'M' 'U' 'A' 'M' 'A' 'U' 'U' 'U'
 'M' 'M' 'M' 'A' 'M' 'M' 'U' 'M' 'U' 'U' 'A' 'M' 'M' 'M' 'M' 'M' 'M' 'M'
 'M' 'M' 'M' 'M' 'M' 'M' 'M' 'M' 'M' 'M' 'M' 'M' 'M' 'M' 'M' 'M' 'M' 'M'
 'M' 'M' 'M' 'M' 'U' 'M' 'U' 'U' 'U' 'M' 'M' 'A' 'M' 'U' 'U' 'U' 'U' 'M'
 'M' 'U' 'A' 'M' 'U' 'U' 'U' 'M' 'M' 'M' 'U' 'M' 'U' 'A' 'A' 'A' 'U' 'A'
 'U' 'M' 'U' 'U' 'A' 'A' 'A' 'A' 'A' 'U' 'A' 'A' 'U' 'M' 'U' 'M' 'M' 'M'
 'U' 'A' 'M' 'M' 'M' 'A' 'A' 'M' 'U' 'M' 'M' 'U' 'M' 'M' 'M' 'U' 'A' 'M'
 'A' 'U' 'M' 'U' 'M' 'A' 'A' 'A' 'U' 'M' 'M' 'M' 'A' 'A' 'U' 'A' 'A' 'U'
 'A' 'A' 'M' 'U' 'U' 'M' 'M' 'M' 'A' 'U' 'U' 'M' 'M' 'M' 'U' 'U' 'A' 'U']"
4801,0,147,43,104,51,0,0,"['A' 'M' 'A' 'M' 'M' 'M' 'M' 'M' 'M' 'U' 'M' 'U' 'M' 'M' 'U' 'M' 'M' 'M'
 'A' 'M' 'A' 'M' 'U' 'M' 'U' 'U' 'A' 'A' 'M' 'M' 'A' 'U' 'A' 'U' 'A' 'M'
 'M' 'A' 'M' 'M' 'M' 'M' 'A' 'M' 'U' 'A' 'M' 'U' 'A' 'M' 'A' 'U' 'U' 'M'
 'M' 'M' 'M' 'A' 'M' 'M' 'M' 'M' 'U' 'M' 'U' 'M' 'M' 'M' 'M' 'U' 'M' 'M'
 'M' 'M' 'M' 'M' 'M' 'M' 'M' 'M' 'M' 'M' 'M' 'M' 'M' 'M' 'M' 'M' 'M' 'M'
 'M' 'M' 'M' 'M' 'M' 'U' 'A' 'U' 'A' 'U' 'M' 'A' 'M' 'U' 'M' 'U' 'U' 'M'
 'M' 'U' 'A' 'M' 'A' 'U' 'U' 'U' 'M' 'M' 'U' 'M' 'U' 'A' 'U' 'U' 'U' 'A'
 'M' 'M' 'U' 'U' 'U' 'A' 'U' 'A' 'A' 'A' 'A' 'U' 'A' 'M' 'U' 'M' 'M' 'M'
 'U' 'A' 'U' 'M' 'M' 'A' 'A' 'M' 'U' 'M' 'M' 'U' 'M' 'M' 'M' 'A' 'U' 'M'
 'A' 'U' 'M' 'U' 'M' 'A' 'M' 'A' 'M' 'M' 'M' 'U' 'A' 'A' 'U' 'A' 'A' 'U'
 'A' 'A' 'M' 'M' 'U' 'M' 'M' 'M' 'A' 'U' 'U' 'M' 'M' 'M' 'U' 'M' 'A' 'U']"
4901,0,143,41,102,55,0,0,"['A' 'M' 'A' 'M' 'M' 'M' 'M' 'M' 'U' 'U' 'M' 'U' 'M' 'U' 'U' 'M' 'M' 'M'
 'A' 'M' 'A' 'M' 'A' 'M' 'A' 'U' 'A' 'A' 'M' 'M' 'U' 'U' 'A' 'U' 'A' 'M'
 'M' 'A' 'M' 'M' 'U' 'M' 'A' 'M' 'U' 'A' 'U' 'U' 'A' 'M' 'A' 'U' 'U' 'M'
 'M' 'U' 'M' 'A' 'M' 'M' 'M' 'M' 'U' 'M' 'U' 'M' 'M' 'M' 'M' 'M' 'M' 'M'
 'M' 'M' 'M' 'M' 'M' 'M' 'M' 'M' 'M' 'M' 'M' 'M' 'M' 'M' 'M' 'M' 'M' 'U'
 'M' 'M' 'M' 'M' 'M' 'A' 'A' 'U' 'A' 'M' 'U' 'A' 'M' 'U' 'M' 'U' 'U' 'M'
 'M' 'U' 'U' 'M' 'A' 'U' 'M' 'A' 'U' 'M' 'U' 'M' 'U' 'A' 'M' 'U' 'U' 'U'
 'M' 'M' 'U' 'U' 'U' 'A' 'A' 'A' 'A' 'A' 'A' 'U' 'A' 'M' 'U' 'M' 'M' 'M'
 'U' 'M' 'U' 'M' 'M' 'A' 'M' 'M' 'U' 'M' 'M' 'U' 'M' 'U' 'M' 'A' 'U' 'M'
 'A' 'U' 'M' 'U' 'M' 'A' 'M' 'U' 'M' 'M' 'M' 'U' 'A' 'A' 'U' 'A' 'A' 'U'
 'A' 'A' 'M' 'M' 'U' 'M' 'M' 'M' 'A' 'U' 'M' 'M' 'M' 'M' 'U' 'M' 'U' 'U']"
5001,0,144,39,105,54,0,1,"['A' 'M' 'A' 'M' 'M' 'M' 'M' 'M' 'U' 'U' 'M' 'U' 'M' 'U' 'M' 'M' 'M' 'M'
 'A' 'M' 'A' 'M' 'A' 'M' 'A' 'U' 'A' 'U' 'M' 'M' 'U' 'A' 'A' 'M' 'A' 'M'
 'M' 'U' 'M' 'M' 'U' 'M' 'A' 'M' 'U' 'A' 'U' 'M' 'U' 'M' 'A' 'U' 'U' 'M'
 'M' 'U' 'M' 'U' 'M' 'M' 'M' 'M' 'M' 'U' 'U' 'M' 'M' 'M' 'M' 'M' 'M' 'M'
 'M' 'M' 'M' 'M' 'M' 'M' 'M' 'M' 'M' 'M' 'M' 'M' 'M' 'M' 'M' 'M' 'U' 'M'
 'M' 'M' 'M' 'M' 'M' 'A' 'A' 'U' 'A' 'M' 'U' 'A' 'U' 'M' 'M' 'U' 'U' 'M'
 'M' 'A' 'U' 'M' 'A' 'M' 'M' 'A' 'U' 'M' 'U' 'M' 'U' 'A' 'M' 'A' 'U' 'U'
 'M' 'M' 'U' 'U' 'U' 'A' 'A' 'A' 'A' 'A' 'A' 'U' 'A' 'M' 'U' 'M' 'U' 'M'
 'A' 'M' 'U' 'M' 'M' 'A' 'M' 'M' 'U' 'M' 'M' 'U' 'M' 'U' 'M' 'A' 'U' 'M'
 'U' 'U' 'M' 'U' 'M' 'A' 'M' 'U' 'U' 'M' 'M' 'U' 'A' 'A' 'U' 'A' 'A' 'M'
 'A' 'U' 'M' 'M' 'M' 'M' 'M' 'U' 'A' 'U' 'M' 'M' 'M' 'M' 'U' 'M' 'U' 'U']"
5101,0,155,35,120,43,0,0,"['A' 'M' 'A' 'M' 'M' 'M' 'M' 'M' 'M' 'A' 'M' 'U' 'M' 'U' 'M' 'M' 'M' 'M'
 'A' 'M' 'A' 'M' 'A' 'M' 'A' 'U' 'A' 'U' 'M' 'M' 'U' 'A' 'A' 'M' 'A' 'M'
 'M' 'U' 'M' 'M' 'U' 'M' 'U' 'M' 'M' 'A' 'M' 'M' 'U' 'M' 'A' 'M' 'U' 'U'
 'M' 'U' 'M' 'U' 'M' 'M' 'M' 'M' 'M' 'M' 'U' 'M' 'M' 'M' 'M' 'M' 'M' 'M'
 'M' 'M' 'U' 'M' 'M' 'M' 'M' 'M' 'M' 'M' 'M' 'M' 'M' 'M' 'M' 'M' 'M' 'M'
 'M' 'M' 'M' 'M' 'M' 'U' 'A' 'M' 'A' 'M' 'U' 'A' 'U' 'M' 'M' 'M' 'U' 'M'
 'M' 'A' 'U' 'M' 'A' 'M' 'M' 'A' 'M' 'M' 'U' 'M' 'M' 'A' 'M' 'A' 'U' 'M'
 'M' 'M' 'U' 'A' 'U' 'M' 'A' 'A' 'A' 'U' 'A' 'A' 'A' 'M' 'M' 'U' 'U' 'M'
 'U' 'M' 'M' 'M' 'M' 'U' 'M' 'M' 'U' 'M' 'M' 'U' 'M' 'M' 'M' 'A' 'U' 'M'
 'U' 'M' 'M' 'U' 'M' 'A' 'M' 'U' 'U' 'M' 'M' 'U' 'A' 'A' 'U' 'A' 'U' 'M'
 'A' 'M' 'M' 'M' 'M' 'M' 'M' 'U' 'A' 'U' 'M' 'M' 'M' 'M' 'U' 'M' 'U' 'M']"
5201,0,154,32,122,44,0,0,"['A' 'M' 'U' 'M' 'M' 'M' 'M' 'M' 'M' 'A' 'M' 'M' 'M' 'U' 'M' 'M' 'M' 'M'
 'U' 'M' 'A' 'M' 'M' 'U' 'A' 'U' 'A' 'A' 'U' 'M' 'U' 'A' 'M' 'M' 'A' 'M'
 'M' 'U' 'M' 'U' 'M' 'M' 'U' 'M' 'M' 'A' 'M' 'M' 'U' 'M' 'A' 'U' 'U' 'M'
 'M' 'M' 'M' 'M' 'M' 'M' 'M' 'M' 'M' 'M' 'U' 'U' 'M' 'M' 'M' 'M' 'M' 'M'
 'M' 'M' 'M' 'M' 'M' 'M' 'M' 'M' 'M' 'M' 'M' 'M' 'M' 'M' 'M' 'M' 'M' 'M'
 'M' 'M' 'M' 'M' 'M' 'M' 'U' 'M' 'A' 'M' 'A' 'A' 'U' 'M' 'M' 'M' 'U' 'M'
 'M' 'U' 'U' 'M' 'U' 'M' 'M' 'A' 'M' 'M' 'M' 'M' 'M' 'A' 'M' 'A' 'U' 'M'
 'M' 'M' 'A' 'U' 'U' 'U' 'A' 'A' 'A' 'A' 'A' 'A' 'A' 'M' 'M' 'U' 'M' 'M'
 'U' 'U' 'M' 'M' 'M' 'U' 'M' 'M' 'M' 'M' 'U' 'U' 'M' 'U' 'M' 'A' 'U' 'M'
 'A' 'M' 'M' 'M' 'M' 'A' 'M' 'U' 'U' 'U' 'M' 'U' 'A' 'A' 'U' 'A' 'M' 'M'
 'A' 'U' 'M' 'M' 'M' 'M' 'M' 'U' 'A' 'U' 'M' 'M' 'M' 'U' 'U' 'M' 'U' 'M']"
5301,1,150,27,123,48,0,0,"['A' 'M' 'M' 'M' 'M' 'M' 'M' 'M' 'M' 'A' 'M' 'M' 'M' 'U' 'U' 'M' 'M' 'M'
 'M' 'A' 'U' 'U' 'U' 'A' 'A' 'U' 'A' 'A' 'U' 'M' 'U' 'U' 'U' 'M' 'U' 'M'
 'M' 'M' 'M' 'U' 'M' 'M' 'U' 'M' 'M' 'A' 'M' 'U' 'U' 'M' 'U' 'U' 'U' 'M'
 'M' 'M' 'M' 'M' 'M' 'M' 'M' 'M' 'M' 'M' 'U' 'M' 'M' 'M' 'M' 'M' 'M' 'M'
 'M' 'M' 'M' 'M' 'M' 'M' 'M' 'M' 'U' 'M' 'M' 'M' 'M' 'M' 'M' 'M' 'M' 'M'
 'M' 'M' 'M' 'M' 'M' 'M' 'M' 'M' 'A' 'M' 'A' 'A' 'U' 'U' 'M' 'M' 'M' 'M'
 'M' 'U' 'U' 'M' 'U' 'M' 'M' 'U' 'M' 'M' 'M' 'M' 'M' 'A' 'M' 'A' 'U' 'M'
 'M' 'M' 'A' 'U' 'U' 'A' 'A' 'A' 'A' 'A' 'M' 'A' 'A' 'M' 'M' 'U' 'M' 'M'
 'U' 'M' 'U' 'M' 'U' 'U' 'M' 'M' 'M' 'U' 'U' 'U' 'M' 'U' 'M' 'A' 'U' 'M'
 'U' 'M' 'M' 'M' 'M' 'A' 'M' 'U' 'U' 'U' 'M' 'M' 'A' 'A' 'M' 'A' 'M' 'M'
 'A' 'U' 'M' 'M' 'M' 'M' 'M' 'M' 'U' 'U' 'M' 'M' 'M' 'U' 'U' 'M' 'M' 'M']"
5401,0,156,25,131,42,0,0,"['A' 'M' 'U' 'M' 'M' 'M' 'M' 'M' 'M' 'U' 'M' 'M' 'M' 'U' 'U' 'M' 'M' 'M'
 'U' 'A' 'U' 'M' 'U' 'A' 'U' 'U' 'A' 'A' 'U' 'M' 'U' 'U' 'U' 'M' 'U' 'M'
 'M' 'U' 'M' 'U' 'M' 'M' 'U' 'A' 'M' 'A' 'M' 'U' 'U' 'M' 'U' 'M' 'M' 'M'
 'M' 'M' 'M' 'M' 'M' 'M' 'M' 'M' 'M' 'M' 'U' 'M' 'M' 'M' 'M' 'M' 'M' 'M'
 'M' 'M' 'M' 'M' 'M' 'M' 'M' 'M' 'M' 'M' 'M' 'U' 'M' 'M' 'M' 'M' 'M' 'M'
 'M' 'M' 'M' 'M' 'M' 'U' 'M' 'M' 'U' 'M' 'A' 'A' 'M' 'U' 'M' 'M' 'M' 'M'
 'M' 'U' 'M' 'M' 'M' 'M' 'M' 'U' 'M' 'M' 'M' 'M' 'M' 'A' 'M' 'U' 'U' 'M'
 'M' 'M' 'A' 'U' 'M' 'A' 'A' 'A' 'A' 'A' 'A' 'U' 'A' 'M' 'U' 'U' 'M' 'M'
 'U' 'M' 'U' 'M' 'U' 'M' 'M' 'M' 'M' 'A' 'M' 'M' 'M' 'U' 'M' 'A' 'U' 'M'
 'M' 'M' 'M' 'M' 'M' 'A' 'M' 'M' 'M' 'U' 'M' 'M' 'A' 'A' 'M' 'A' 'M' 'M'
 'A' 'M' 'M' 'M' 'M' 'M' 'M' 'M' 'U' 'U' 'M' 'M' 'M' 'M' 'U' 'M' 'M' 'M']"
5501,0,160,21,139,38,0,0,"['A' 'U' 'U' 'U' 'M' 'M' 'M' 'M' 'M' 'U' 'M' 'M' 'M' 'M' 'M' 'M' 'M' 'M'
 'M' 'A' 'M' 'M' 'U' 'A' 'M' 'U' 'A' 'A' 'U' 'M' 'U' 'U' 'U' 'M' 'U' 'M'
 'M' 'U' 'M' 'U' 'M' 'M' 'U' 'A' 'M' 'A' 'M' 'U' 'U' 'M' 'M' 'M' 'M' 'M'
 'M' 'U' 'M' 'M' 'M' 'M' 'M' 'M' 'M' 'M' 'U' 'M' 'M' 'M' 'M' 'M' 'M' 'M'
 'M' 'M' 'M' 'M' 'M' 'M' 'M' 'M' 'M' 'M' 'M' 'M' 'M' 'M' 'M' 'M' 'M' 'M'
 'M' 'U' 'M' 'M' 'M' 'M' 'M' 'M' 'U' 'M' 'A' 'U' 'M' 'U' 'M' 'M' 'M' 'M'
 'M' 'U' 'M' 'M' 'M' 'M' 'M' 'U' 'M' 'M' 'M' 'M' 'M' 'A' 'M' 'U' 'U' 'M'
 'M' 'M' 'M' 'U' 'M' 'A' 'A' 'A' 'M' 'A' 'A' 'U' 'A' 'M' 'U' 'U' 'M' 'M'
 'U' 'M' 'U' 'M' 'M' 'M' 'M' 'M' 'M' 'A' 'M' 'M' 'M' 'M' 'M' 'A' 'U' 'M'
 'M' 'M' 'M' 'M' 'U' 'A' 'M' 'M' 'M' 'U' 'M' 'M' 'A' 'A' 'M' 'A' 'M' 'M'
 'U' 'M' 'M' 'M' 'M' 'M' 'M' 'M' 'M' 'U' 'M' 'M' 'M' 'M' 'U' 'M' 'M' 'M']"
5601,0,157,18,139,41,0,1,"['A' 'U' 'U' 'U' 'M' 'M' 'M' 'M' 'M' 'U' 'M' 'U' 'M' 'M' 'M' 'M' 'M' 'M'
 'M' 'U' 'M' 'M' 'U' 'A' 'M' 'U' 'U' 'A' 'A' 'M' 'U' 'U' 'M' 'M' 'U' 'M'
 'M' 'U' 'M' 'U' 'M' 'M' 'M' 'A' 'M' 'U' 'M' 'U' 'U' 'M' 'M' 'M' 'M' 'M'
 'M' 'M' 'M' 'M' 'M' 'M' 'M' 'M' 'M' 'M' 'U' 'M' 'M' 'M' 'M' 'M' 'M' 'M'
 'M' 'M' 'M' 'M' 'M' 'M' 'M' 'M' 'M' 'U' 'M' 'M' 'M' 'M' 'M' 'M' 'M' 'M'
 'M' 'M' 'M' 'M' 'M' 'U' 'M' 'M' 'U' 'M' 'M' 'U' 'M' 'U' 'M' 'M' 'M' 'M'
 'M' 'M' 'M' 'M' 'M' 'M' 'M' 'U' 'M' 'M' 'M' 'M' 'M' 'U' 'M' 'M' 'U' 'M'
 'M' 'M' 'M' 'U' 'M' 'A' 'A' 'A' 'A' 'A' 'A' 'A' 'A' 'M' 'U' 'M' 'M' 'M'
 'U' 'M' 'U' 'U' 'U' 'M' 'M' 'U' 'M' 'A' 'M' 'M' 'M' 'M' 'M' 'A' 'U' 'M'
 'M' 'M' 'M' 'M' 'U' 'A' 'M' 'M' 'M' 'U' 'M' 'M' 'A' 'U' 'M' 'U' 'M' 'M'
 'U' 'M' 'M' 'M' 'M' 'M' 'U' 'M' 'M' 'A' 'M' 'M' 'M' 'M' 'U' 'M' 'M' 'M']"
5701,0,165,14,151,33,0,0,"['A' 'U' 'U' 'M' 'M' 'M' 'M' 'M' 'M' 'M' 'M' 'M' 'M' 'M' 'M' 'M' 'M' 'M'
 'M' 'M' 'M' 'M' 'M' 'A' 'M' 'M' 'U' 'U' 'M' 'M' 'U' 'A' 'M' 'M' 'M' 'M'
 'M' 'U' 'M' 'U' 'M' 'M' 'M' 'A' 'M' 'U' 'M' 'M' 'U' 'M' 'M' 'M' 'M' 'M'
 'M' 'M' 'M' 'M' 'M' 'M' 'M' 'M' 'M' 'M' 'U' 'M' 'M' 'U' 'M' 'M' 'M' 'M'
 'M' 'M' 'M' 'M' 'M' 'M' 'M' 'M' 'M' 'M' 'M' 'M' 'M' 'M' 'M' 'M' 'M' 'M'
 'M' 'M' 'M' 'M' 'M' 'U' 'M' 'M' 'M' 'M' 'M' 'U' 'M' 'M' 'M' 'M' 'M' 'M'
 'M' 'M' 'M' 'A' 'M' 'M' 'M' 'M' 'M' 'M' 'M' 'M' 'M' 'U' 'M' 'M' 'M' 'M'
 'M' 'M' 'M' 'U' 'M' 'U' 'A' 'A' 'A' 'A' 'A' 'A' 'A' 'M' 'U' 'M' 'M' 'M'
 'U' 'M' 'U' 'U' 'U' 'M' 'M' 'U' 'M' 'M' 'M' 'M' 'M' 'M' 'M' 'A' 'U' 'M'
 'M' 'M' 'M' 'M' 'U' 'U' 'M' 'M' 'M' 'U' 'M' 'M' 'U' 'U' 'M' 'U' 'M' 'M'
 'U' 'M' 'M' 'M' 'U' 'M' 'U' 'M' 'M' 'A' 'M' 'M' 'M' 'M' 'U' 'M' 'M' 'M']"
5801,0,173,15,158,25,0,0,"['A' 'U' 'M' 'M' 'M' 'U' 'M' 'M' 'M' 'M' 'M' 'M' 'M' 'M' 'M' 'M' 'M' 'M'
 'M' 'M' 'M' 'M' 'M' 'A' 'M' 'M' 'M' 'M' 'M' 'M' 'M' 'A' 'M' 'M' 'M' 'M'
 'M' 'U' 'M' 'M' 'M' 'M' 'M' 'A' 'M' 'U' 'M' 'M' 'U' 'M' 'M' 'M' 'M' 'M'
 'M' 'M' 'M' 'M' 'U' 'M' 'M' 'M' 'M' 'M' 'M' 'M' 'M' 'M' 'M' 'M' 'M' 'M'
 'M' 'M' 'M' 'M' 'U' 'M' 'M' 'M' 'M' 'M' 'M' 'M' 'M' 'M' 'M' 'M' 'M' 'M'
 'M' 'M' 'M' 'M' 'M' 'U' 'M' 'M' 'M' 'M' 'U' 'U' 'M' 'M' 'M' 'M' 'M' 'M'
 'M' 'M' 'M' 'A' 'M' 'M' 'M' 'M' 'M' 'M' 'M' 'M' 'M' 'U' 'M' 'M' 'M' 'M'
 'M' 'M' 'M' 'U' 'M' 'A' 'A' 'A' 'A' 'A' 'A' 'A' 'A' 'U' 'U' 'M' 'M' 'M'
 'U' 'M' 'M' 'U' 'M' 'M' 'M' 'M' 'M' 'M' 'M' 'M' 'M' 'M' 'M' 'A' 'U' 'M'
 'M' 'M' 'M' 'M' 'U' 'M' 'M' 'M' 'M' 'U' 'M' 'M' 'M' 'U' 'M' 'U' 'M' 'M'
 'U' 'M' 'M' 'M' 'M' 'M' 'U' 'M' 'M' 'A' 'M' 'M' 'M' 'M' 'U' 'M' 'U' 'M']"
5901,0,169,13,156,29,0,0,"['A' 'U' 'M' 'M' 'M' 'U' 'M' 'M' 'M' 'M' 'M' 'M' 'M' 'M' 'M' 'M' 'M' 'M'
 'M' 'M' 'M' 'M' 'M' 'A' 'M' 'M' 'M' 'U' 'M' 'M' 'M' 'A' 'M' 'M' 'M' 'M'
 'M' 'M' 'M' 'M' 'M' 'M' 'M' 'A' 'M' 'U' 'M' 'M' 'U' 'M' 'M' 'M' 'U' 'M'
 'M' 'M' 'M' 'M' 'M' 'M' 'M' 'M' 'M' 'U' 'M' 'M' 'M' 'M' 'M' 'M' 'M' 'U'
 'M' 'M' 'M' 'M' 'M' 'M' 'M' 'M' 'M' 'M' 'M' 'M' 'M' 'M' 'M' 'M' 'M' 'M'
 'M' 'M' 'M' 'M' 'M' 'U' 'M' 'M' 'M' 'M' 'U' 'U' 'M' 'M' 'M' 'M' 'M' 'U'
 'M' 'M' 'M' 'A' 'M' 'M' 'M' 'M' 'M' 'M' 'M' 'M' 'M' 'U' 'M' 'M' 'U' 'M'
 'M' 'M' 'M' 'U' 'M' 'A' 'A' 'U' 'A' 'U' 'A' 'A' 'A' 'U' 'U' 'M' 'M' 'M'
 'U' 'M' 'M' 'U' 'M' 'M' 'M' 'M' 'M' 'M' 'M' 'M' 'U' 'M' 'M' 'A' 'M' 'M'
 'M' 'M' 'M' 'M' 'U' 'U' 'M' 'M' 'M' 'U' 'M' 'M' 'M' 'M' 'M' 'U' 'M' 'M'
 'U' 'M' 'M' 'M' 'M' 'M' 'M' 'M' 'M' 'A' 'M' 'M' 'M' 'M' 'U' 'M' 'U' 'M']"
6001,0,176,15,161,22,0,0,"['A' 'U' 'M' 'M' 'M' 'U' 'M' 'M' 'M' 'M' 'M' 'M' 'M' 'M' 'M' 'M' 'M' 'M'
 'M' 'M' 'M' 'M' 'M' 'A' 'U' 'M' 'M' 'M' 'M' 'M' 'M' 'A' 'M' 'M' 'M' 'M'
 'M' 'M' 'M' 'M' 'M' 'M' 'M' 'A' 'M' 'M' 'M' 'M' 'U' 'M' 'M' 'M' 'U' 'M'
 'M' 'M' 'M' 'M' 'M' 'M' 'M' 'M' 'M' 'U' 'M' 'M' 'M' 'M' 'M' 'M' 'M' 'M'
 'M' 'U' 'M' 'M' 'M' 'M' 'M' 'M' 'M' 'M' 'M' 'M' 'M' 'M' 'M' 'M' 'M' 'M'
 'M' 'M' 'M' 'M' 'M' 'U' 'M' 'M' 'M' 'M' 'U' 'U' 'M' 'M' 'M' 'M' 'M' 'U'
 'M' 'M' 'M' 'A' 'M' 'M' 'M' 'M' 'M' 'M' 'M' 'M' 'M' 'M' 'M' 'M' 'M' 'M'
 'M' 'M' 'M' 'M' 'M' 'A' 'A' 'A' 'A' 'A' 'A' 'A' 'A' 'U' 'A' 'M' 'M' 'M'
 'U' 'M' 'M' 'M' 'U' 'M' 'M' 'M' 'M' 'M' 'M' 'M' 'U' 'M' 'M' 'A' 'M' 'M'
 'M' 'M' 'M' 'M' 'M' 'U' 'M' 'M' 'M' 'U' 'M' 'M' 'M' 'M' 'M' 'U' 'M' 'M'
 'U' 'M' 'M' 'M' 'M' 'M' 'M' 'M' 'M' 'U' 'M' 'M' 'M' 'M' 'U' 'M' 'U' 'M']"
6101,0,179,13,166,19,0,0,"['A' 'U' 'M' 'M' 'M' 'U' 'M' 'M' 'M' 'M' 'M' 'M' 'M' 'M' 'M' 'M' 'M' 'M'
 'M' 'M' 'M' 'M' 'M' 'U' 'U' 'M' 'M' 'M' 'M' 'M' 'M' 'A' 'M' 'M' 'M' 'M'
 'M' 'M' 'M' 'M' 'M' 'M' 'M' 'A' 'M' 'M' 'M' 'M' 'U' 'M' 'M' 'M' 'U' 'M'
 'M' 'M' 'M' 'M' 'M' 'M' 'M' 'M' 'M' 'U' 'M' 'M' 'M' 'M' 'M' 'M' 'M' 'M'
 'M' 'M' 'M' 'M' 'M' 'M' 'M' 'M' 'M' 'M' 'M' 'M' 'M' 'M' 'U' 'M' 'M' 'M'
 'M' 'M' 'M' 'M' 'M' 'U' 'M' 'M' 'M' 'M' 'U' 'U' 'M' 'M' 'M' 'M' 'M' 'M'
 'M' 'M' 'M' 'A' 'M' 'M' 'M' 'M' 'M' 'M' 'M' 'M' 'M' 'M' 'M' 'M' 'M' 'M'
 'M' 'M' 'M' 'M' 'M' 'U' 'A' 'A' 'A' 'A' 'A' 'A' 'A' 'M' 'A' 'M' 'M' 'M'
 'U' 'M' 'M' 'M' 'M' 'M' 'M' 'M' 'M' 'M' 'M' 'M' 'U' 'M' 'U' 'A' 'M' 'M'
 'M' 'M' 'M' 'M' 'M' 'M' 'M' 'M' 'M' 'M' 'M' 'M' 'M' 'M' 'M' 'U' 'M' 'M'
 'U' 'M' 'M' 'M' 'M' 'M' 'M' 'M' 'M' 'M' 'M' 'M' 'M' 'M' 'U' 'M' 'U' 'M']"
6201,0,178,10,168,20,0,0,"['A' 'U' 'M' 'M' 'M' 'U' 'M' 'M' 'M' 'M' 'M' 'U' 'M' 'M' 'M' 'M' 'M' 'M'
 'M' 'M' 'M' 'M' 'M' 'U' 'U' 'M' 'M' 'M' 'M' 'M' 'U' 'U' 'M' 'M' 'M' 'M'
 'M' 'M' 'M' 'M' 'M' 'M' 'M' 'A' 'M' 'M' 'M' 'M' 'U' 'M' 'M' 'M' 'U' 'M'
 'M' 'M' 'M' 'M' 'M' 'M' 'M' 'M' 'M' 'M' 'M' 'M' 'M' 'M' 'M' 'M' 'M' 'M'
 'M' 'M' 'M' 'M' 'M' 'M' 'M' 'M' 'M' 'M' 'M' 'M' 'U' 'M' 'M' 'M' 'M' 'M'
 'M' 'M' 'M' 'M' 'M' 'M' 'M' 'U' 'M' 'M' 'U' 'M' 'M' 'M' 'M' 'M' 'M' 'M'
 'M' 'M' 'M' 'A' 'M' 'M' 'M' 'M' 'M' 'M' 'M' 'M' 'M' 'M' 'M' 'M' 'M' 'M'
 'M' 'M' 'M' 'M' 'M' 'A' 'A' 'A' 'A' 'A' 'U' 'A' 'A' 'M' 'U' 'M' 'M' 'M'
 'M' 'M' 'M' 'M' 'M' 'M' 'M' 'M' 'M' 'M' 'M' 'M' 'U' 'M' 'U' 'U' 'M' 'M'
 'M' 'M' 'M' 'M' 'M' 'M' 'M' 'M' 'M' 'M' 'M' 'M' 'M' 'M' 'M' 'M' 'M' 'U'
 'U' 'M' 'M' 'M' 'M' 'M' 'M' 'M' 'M' 'M' 'M' 'M' 'M' 'M' 'M' 'M' 'U' 'M']"
6301,0,182,9,173,16,0,1,"['A' 'U' 'M' 'M' 'M' 'U' 'M' 'M' 'M' 'U' 'M' 'U' 'M' 'M' 'M' 'M' 'M' 'M'
 'M' 'M' 'M' 'M' 'M' 'U' 'M' 'M' 'M' 'M' 'M' 'M' 'U' 'U' 'M' 'M' 'M' 'M'
 'M' 'M' 'M' 'M' 'M' 'M' 'M' 'A' 'M' 'M' 'M' 'M' 'U' 'M' 'M' 'M' 'M' 'M'
 'M' 'M' 'M' 'M' 'M' 'M' 'M' 'M' 'M' 'M' 'M' 'M' 'M' 'M' 'M' 'M' 'M' 'M'
 'U' 'M' 'M' 'M' 'M' 'M' 'M' 'M' 'M' 'M' 'M' 'M' 'M' 'M' 'M' 'M' 'M' 'M'
 'M' 'M' 'M' 'M' 'M' 'M' 'M' 'M' 'M' 'M' 'M' 'M' 'M' 'M' 'M' 'M' 'M' 'M'
 'M' 'M' 'M' 'A' 'M' 'M' 'M' 'M' 'M' 'M' 'M' 'M' 'M' 'M' 'M' 'M' 'M' 'U'
 'M' 'M' 'M' 'M' 'M' 'A' 'A' 'A' 'A' 'M' 'M' 'A' 'A' 'M' 'U' 'M' 'M' 'M'
 'M' 'M' 'M' 'M' 'M' 'M' 'M' 'M' 'M' 'M' 'M' 'M' 'M' 'M' 'U' 'U' 'M' 'M'
 'M' 'M' 'M' 'M' 'M' 'M' 'M' 'M' 'M' 'M' 'M' 'M' 'M' 'M' 'M' 'M' 'M' 'U'
 'U' 'M' 'M' 'M' 'M' 'M' 'M' 'M' 'M' 'M' 'M' 'M' 'M' 'M' 'M' 'M' 'U' 'M']"
6401,0,182,8,174,16,0,0,"['A' 'M' 'M' 'M' 'M' 'U' 'M' 'M' 'M' 'M' 'M' 'U' 'M' 'M' 'M' 'M' 'M' 'M'
 'M' 'M' 'M' 'M' 'M' 'U' 'M' 'M' 'M' 'M' 'M' 'M' 'U' 'M' 'M' 'M' 'M' 'M'
 'M' 'U' 'M' 'M' 'M' 'M' 'M' 'U' 'M' 'M' 'M' 'M' 'M' 'M' 'M' 'M' 'M' 'M'
 'M' 'U' 'M' 'M' 'M' 'M' 'M' 'M' 'M' 'M' 'M' 'M' 'M' 'M' 'M' 'M' 'M' 'M'
 'M' 'M' 'M' 'M' 'M' 'M' 'M' 'M' 'M' 'M' 'M' 'M' 'M' 'M' 'M' 'M' 'M' 'U'
 'M' 'M' 'M' 'M' 'M' 'M' 'M' 'M' 'M' 'M' 'M' 'M' 'M' 'M' 'M' 'M' 'M' 'M'
 'M' 'M' 'M' 'A' 'M' 'M' 'M' 'M' 'M' 'M' 'M' 'U' 'M' 'M' 'M' 'M' 'M' 'U'
 'M' 'M' 'M' 'M' 'M' 'A' 'A' 'A' 'A' 'U' 'U' 'A' 'A' 'M' 'U' 'M' 'M' 'M'
 'M' 'M' 'M' 'M' 'M' 'M' 'M' 'M' 'M' 'M' 'M' 'M' 'M' 'M' 'M' 'M' 'M' 'M'
 'M' 'M' 'M' 'M' 'M' 'M' 'M' 'M' 'M' 'M' 'M' 'M' 'M' 'M' 'M' 'M' 'M' 'U'
 'U' 'M' 'M' 'M' 'M' 'M' 'M' 'M' 'M' 'M' 'M' 'M' 'M' 'M' 'M' 'M' 'U' 'M']"
6501,0,184,5,179,14,0,0,"['A' 'M' 'M' 'M' 'M' 'M' 'M' 'M' 'M' 'M' 'M' 'U' 'M' 'M' 'M' 'M' 'M' 'M'
 'M' 'M' 'M' 'M' 'M' 'M' 'M' 'M' 'M' 'M' 'M' 'M' 'U' 'M' 'M' 'M' 'M' 'M'
 'M' 'U' 'M' 'M' 'M' 'M' 'M' 'M' 'M' 'M' 'M' 'M' 'M' 'M' 'M' 'M' 'M' 'M'
 'M' 'U' 'M' 'M' 'M' 'M' 'M' 'M' 'M' 'M' 'M' 'M' 'U' 'M' 'M' 'M' 'M' 'M'
 'M' 'M' 'M' 'M' 'M' 'M' 'M' 'M' 'M' 'M' 'M' 'M' 'M' 'M' 'M' 'M' 'M' 'M'
 'M' 'M' 'M' 'M' 'M' 'M' 'M' 'M' 'M' 'M' 'M' 'M' 'M' 'M' 'M' 'M' 'M' 'M'
 'M' 'M' 'M' 'U' 'M' 'M' 'M' 'M' 'M' 'M' 'M' 'U' 'M' 'M' 'U' 'M' 'M' 'M'
 'M' 'M' 'M' 'M' 'M' 'A' 'U' 'A' 'A' 'U' 'M' 'A' 'M' 'M' 'U' 'M' 'M' 'M'
 'M' 'M' 'M' 'M' 'M' 'M' 'M' 'M' 'M' 'M' 'M' 'M' 'M' 'M' 'M' 'M' 'M' 'M'
 'M' 'M' 'M' 'M' 'M' 'M' 'M' 'M' 'M' 'M' 'M' 'U' 'M' 'M' 'M' 'M' 'M' 'U'
 'M' 'M' 'M' 'M' 'M' 'M' 'M' 'M' 'M' 'M' 'M' 'M' 'M' 'M' 'M' 'M' 'U' 'M']"
6601,0,185,4,181,13,0,0,"['A' 'M' 'M' 'M' 'M' 'M' 'M' 'M' 'M' 'M' 'M' 'U' 'M' 'M' 'M' 'M' 'M' 'U'
 'M' 'M' 'M' 'M' 'M' 'M' 'M' 'M' 'M' 'M' 'M' 'M' 'M' 'M' 'M' 'M' 'M' 'M'
 'M' 'U' 'M' 'M' 'M' 'M' 'M' 'M' 'M' 'M' 'M' 'M' 'M' 'M' 'M' 'M' 'M' 'M'
 'U' 'U' 'M' 'M' 'M' 'M' 'M' 'M' 'M' 'M' 'M' 'M' 'U' 'M' 'M' 'M' 'M' 'M'
 'M' 'M' 'M' 'M' 'M' 'M' 'M' 'M' 'M' 'M' 'M' 'M' 'M' 'M' 'M' 'M' 'M' 'M'
 'M' 'M' 'M' 'M' 'M' 'M' 'M' 'M' 'M' 'M' 'M' 'M' 'M' 'M' 'M' 'M' 'M' 'M'
 'M' 'M' 'M' 'U' 'M' 'M' 'M' 'M' 'M' 'M' 'M' 'M' 'M' 'M' 'U' 'M' 'M' 'M'
 'M' 'M' 'M' 'M' 'M' 'A' 'U' 'M' 'A' 'U' 'M' 'A' 'M' 'M' 'U' 'M' 'M' 'M'
 'M' 'M' 'M' 'M' 'M' 'M' 'M' 'M' 'M' 'M' 'M' 'M' 'M' 'M' 'M' 'M' 'M' 'U'
 'M' 'M' 'M' 'M' 'M' 'M' 'M' 'M' 'M' 'M' 'M' 'U' 'M' 'M' 'M' 'M' 'M' 'M'
 'M' 'M' 'M' 'M' 'M' 'M' 'M' 'M' 'M' 'M' 'M' 'M' 'M' 'M' 'M' 'M' 'M' 'M']"
6701,1,183,4,179,15,0,0,"['A' 'M' 'M' 'M' 'M' 'M' 'M' 'M' 'M' 'M' 'M' 'U' 'M' 'U' 'M' 'M' 'M' 'U'
 'M' 'M' 'M' 'M' 'M' 'M' 'M' 'M' 'M' 'M' 'M' 'M' 'M' 'M' 'M' 'M' 'M' 'M'
 'M' 'U' 'M' 'M' 'M' 'M' 'M' 'M' 'M' 'M' 'M' 'M' 'M' 'M' 'M' 'M' 'M' 'M'
 'U' 'M' 'M' 'M' 'M' 'M' 'M' 'U' 'M' 'M' 'M' 'M' 'M' 'M' 'M' 'U' 'M' 'M'
 'M' 'M' 'M' 'M' 'M' 'M' 'M' 'M' 'M' 'M' 'M' 'M' 'M' 'M' 'M' 'M' 'M' 'M'
 'M' 'M' 'M' 'M' 'M' 'M' 'M' 'M' 'M' 'M' 'M' 'M' 'M' 'M' 'M' 'M' 'M' 'M'
 'M' 'M' 'U' 'U' 'M' 'M' 'M' 'M' 'M' 'M' 'M' 'M' 'M' 'M' 'U' 'M' 'M' 'M'
 'M' 'M' 'M' 'M' 'M' 'M' 'A' 'U' 'A' 'U' 'U' 'A' 'M' 'M' 'U' 'M' 'M' 'M'
 'M' 'M' 'M' 'M' 'M' 'M' 'M' 'M' 'M' 'M' 'M' 'M' 'M' 'M' 'M' 'M' 'M' 'U'
 'M' 'M' 'M' 'M' 'M' 'M' 'M' 'M' 'M' 'M' 'M' 'M' 'M' 'M' 'M' 'M' 'M' 'M'
 'M' 'M' 'M' 'M' 'M' 'M' 'M' 'M' 'M' 'M' 'M' 'M' 'M' 'M' 'M' 'M' 'M' 'M']"
6801,0,187,7,180,11,0,0,"['A' 'M' 'M' 'M' 'M' 'M' 'M' 'M' 'M' 'M' 'M' 'U' 'M' 'U' 'M' 'M' 'M' 'M'
 'M' 'M' 'M' 'M' 'M' 'M' 'M' 'M' 'M' 'M' 'M' 'M' 'M' 'M' 'M' 'M' 'M' 'M'
 'M' 'U' 'M' 'M' 'M' 'M' 'M' 'M' 'M' 'M' 'M' 'M' 'M' 'M' 'M' 'M' 'M' 'M'
 'M' 'M' 'M' 'M' 'M' 'M' 'M' 'U' 'M' 'M' 'M' 'M' 'M' 'M' 'M' 'M' 'U' 'M'
 'M' 'M' 'M' 'M' 'M' 'M' 'M' 'M' 'M' 'M' 'M' 'M' 'M' 'M' 'M' 'M' 'M' 'M'
 'M' 'M' 'M' 'M' 'M' 'M' 'M' 'M' 'M' 'M' 'M' 'M' 'M' 'M' 'M' 'M' 'M' 'M'
 'M' 'M' 'U' 'U' 'M' 'M' 'U' 'M' 'M' 'M' 'M' 'M' 'M' 'M' 'U' 'M' 'M' 'M'
 'M' 'M' 'M' 'M' 'M' 'A' 'A' 'U' 'A' 'A' 'U' 'A' 'A' 'M' 'M' 'M' 'M' 'M'
 'M' 'M' 'M' 'M' 'M' 'M' 'M' 'M' 'M' 'M' 'M' 'M' 'M' 'M' 'M' 'M' 'M' 'M'
 'M' 'M' 'M' 'M' 'M' 'M' 'M' 'M' 'M' 'M' 'M' 'M' 'M' 'M' 'M' 'M' 'M' 'M'
 'M' 'M' 'M' 'M' 'M' 'M' 'M' 'M' 'M' 'M' 'M' 'M' 'M' 'M' 'M' 'M' 'M' 'M']"
6901,0,183,3,180,15,0,0,"['A' 'M' 'M' 'M' 'M' 'M' 'M' 'M' 'M' 'M' 'M' 'U' 'M' 'U' 'M' 'M' 'M' 'M'
 'M' 'M' 'M' 'M' 'M' 'M' 'M' 'U' 'M' 'M' 'M' 'M' 'M' 'M' 'M' 'M' 'M' 'M'
 'M' 'U' 'M' 'M' 'M' 'M' 'M' 'M' 'M' 'M' 'M' 'M' 'M' 'M' 'M' 'M' 'M' 'M'
 'M' 'M' 'M' 'M' 'M' 'M' 'M' 'M' 'M' 'M' 'M' 'U' 'M' 'M' 'M' 'M' 'M' 'M'
 'M' 'M' 'M' 'M' 'M' 'M' 'M' 'M' 'M' 'M' 'M' 'M' 'M' 'M' 'M' 'M' 'M' 'M'
 'M' 'M' 'M' 'M' 'M' 'M' 'M' 'M' 'U' 'M' 'M' 'M' 'M' 'M' 'M' 'M' 'M' 'M'
 'M' 'M' 'M' 'U' 'M' 'M' 'U' 'M' 'M' 'M' 'M' 'M' 'M' 'M' 'U' 'M' 'M' 'M'
 'U' 'M' 'M' 'M' 'M' 'U' 'U' 'U' 'A' 'U' 'M' 'A' 'U' 'M' 'M' 'M' 'M' 'M'
 'M' 'M' 'M' 'M' 'M' 'M' 'M' 'M' 'M' 'M' 'M' 'M' 'M' 'M' 'M' 'M' 'M' 'M'
 'M' 'M' 'M' 'M' 'M' 'M' 'M' 'M' 'M' 'M' 'M' 'M' 'M' 'M' 'M' 'M' 'M' 'M'
 'M' 'M' 'M' 'M' 'M' 'M' 'M' 'M' 'M' 'M' 'M' 'M' 'M' 'M' 'M' 'M' 'M' 'M']"
7001,0,186,3,183,12,0,0,"['A' 'M' 'M' 'M' 'M' 'M' 'M' 'M' 'M' 'M' 'M' 'M' 'M' 'M' 'M' 'M' 'M' 'M'
 'M' 'M' 'M' 'M' 'M' 'M' 'M' 'U' 'M' 'M' 'M' 'M' 'M' 'M' 'M' 'M' 'M' 'M'
 'M' 'M' 'M' 'M' 'M' 'M' 'M' 'M' 'M' 'M' 'M' 'M' 'M' 'M' 'M' 'M' 'M' 'M'
 'M' 'M' 'M' 'M' 'M' 'M' 'M' 'M' 'M' 'M' 'M' 'M' 'M' 'M' 'M' 'M' 'M' 'M'
 'M' 'M' 'U' 'M' 'M' 'M' 'M' 'M' 'M' 'M' 'M' 'M' 'M' 'M' 'M' 'M' 'M' 'M'
 'M' 'M' 'M' 'M' 'M' 'M' 'M' 'M' 'M' 'M' 'M' 'M' 'M' 'M' 'M' 'M' 'M' 'M'
 'M' 'M' 'M' 'U' 'M' 'M' 'M' 'M' 'M' 'M' 'M' 'M' 'M' 'M' 'U' 'M' 'M' 'M'
 'U' 'M' 'M' 'M' 'M' 'U' 'U' 'A' 'M' 'U' 'U' 'U' 'A' 'U' 'M' 'M' 'M' 'M'
 'M' 'M' 'M' 'M' 'M' 'M' 'M' 'M' 'M' 'M' 'M' 'M' 'M' 'M' 'M' 'M' 'M' 'M'
 'M' 'U' 'M' 'M' 'M' 'M' 'M' 'M' 'M' 'M' 'M' 'M' 'M' 'M' 'M' 'M' 'M' 'M'
 'M' 'M' 'M' 'M' 'M' 'M' 'M' 'M' 'M' 'M' 'M' 'M' 'M' 'M' 'M' 'M' 'M' 'M']"
7101,0,190,8,182,8,0,0,"['A' 'M' 'M' 'M' 'M' 'M' 'M' 'M' 'M' 'M' 'M' 'M' 'M' 'M' 'M' 'M' 'M' 'M'
 'M' 'M' 'M' 'M' 'M' 'M' 'M' 'M' 'M' 'M' 'M' 'M' 'M' 'M' 'M' 'M' 'M' 'M'
 'M' 'M' 'M' 'M' 'M' 'M' 'M' 'M' 'M' 'M' 'M' 'M' 'M' 'M' 'M' 'M' 'M' 'M'
 'U' 'M' 'M' 'M' 'M' 'M' 'M' 'M' 'M' 'M' 'M' 'M' 'M' 'M' 'M' 'M' 'M' 'M'
 'M' 'M' 'M' 'M' 'M' 'M' 'M' 'M' 'M' 'M' 'U' 'M' 'M' 'M' 'M' 'M' 'M' 'M'
 'M' 'M' 'M' 'M' 'M' 'M' 'M' 'M' 'M' 'M' 'M' 'M' 'M' 'M' 'M' 'M' 'M' 'M'
 'M' 'M' 'M' 'U' 'M' 'M' 'M' 'M' 'M' 'M' 'M' 'M' 'M' 'M' 'U' 'M' 'M' 'M'
 'U' 'M' 'M' 'M' 'M' 'U' 'A' 'A' 'A' 'A' 'A' 'A' 'A' 'U' 'M' 'M' 'M' 'M'
 'M' 'M' 'M' 'M' 'M' 'M' 'M' 'M' 'M' 'M' 'M' 'M' 'M' 'M' 'M' 'M' 'M' 'M'
 'M' 'U' 'M' 'M' 'M' 'M' 'M' 'M' 'M' 'M' 'M' 'M' 'M' 'M' 'M' 'M' 'M' 'M'
 'M' 'M' 'M' 'M' 'M' 'M' 'M' 'M' 'M' 'M' 'M' 'M' 'M' 'M' 'M' 'M' 'M' 'M']"
7201,0,184,7,177,14,0,0,"['A' 'M' 'M' 'M' 'M' 'M' 'M' 'M' 'M' 'M' 'M' 'M' 'M' 'M' 'M' 'M' 'M' 'M'
 'U' 'M' 'M' 'M' 'U' 'M' 'M' 'M' 'M' 'U' 'M' 'M' 'M' 'M' 'M' 'M' 'M' 'M'
 'M' 'M' 'M' 'M' 'M' 'M' 'M' 'U' 'M' 'M' 'M' 'M' 'M' 'M' 'M' 'M' 'M' 'M'
 'U' 'M' 'M' 'M' 'M' 'M' 'M' 'M' 'M' 'M' 'M' 'M' 'M' 'M' 'M' 'M' 'M' 'M'
 'M' 'M' 'M' 'M' 'M' 'M' 'M' 'M' 'M' 'M' 'M' 'M' 'M' 'M' 'U' 'M' 'M' 'M'
 'M' 'M' 'M' 'M' 'M' 'M' 'M' 'M' 'M' 'M' 'M' 'M' 'M' 'M' 'M' 'M' 'M' 'M'
 'M' 'M' 'U' 'M' 'M' 'M' 'M' 'M' 'M' 'M' 'M' 'M' 'M' 'M' 'U' 'M' 'M' 'M'
 'U' 'M' 'M' 'M' 'M' 'U' 'A' 'A' 'A' 'A' 'U' 'A' 'A' 'U' 'M' 'M' 'M' 'M'
 'M' 'M' 'M' 'M' 'M' 'M' 'M' 'M' 'M' 'M' 'M' 'M' 'M' 'M' 'M' 'M' 'M' 'M'
 'M' 'U' 'M' 'M' 'M' 'M' 'M' 'U' 'M' 'M' 'M' 'M' 'M' 'M' 'M' 'M' 'M' 'M'
 'M' 'M' 'M' 'M' 'M' 'M' 'M' 'M' 'M' 'M' 'M' 'M' 'M' 'M' 'M' 'M' 'M' 'M']"
7301,0,184,8,176,14,0,1,"['A' 'M' 'M' 'M' 'M' 'M' 'M' 'M' 'M' 'M' 'M' 'M' 'M' 'M' 'M' 'M' 'M' 'M'
 'M' 'M' 'M' 'M' 'U' 'M' 'M' 'M' 'M' 'M' 'M' 'M' 'M' 'M' 'M' 'M' 'M' 'M'
 'M' 'M' 'M' 'M' 'M' 'M' 'M' 'U' 'M' 'M' 'U' 'M' 'M' 'M' 'M' 'M' 'M' 'M'
 'M' 'U' 'M' 'M' 'M' 'M' 'M' 'M' 'U' 'M' 'M' 'M' 'M' 'M' 'M' 'M' 'M' 'M'
 'M' 'M' 'M' 'M' 'M' 'M' 'M' 'M' 'M' 'M' 'M' 'M' 'U' 'M' 'M' 'M' 'M' 'M'
 'M' 'M' 'M' 'M' 'M' 'M' 'M' 'M' 'M' 'M' 'M' 'M' 'M' 'M' 'M' 'M' 'M' 'M'
 'M' 'M' 'U' 'M' 'M' 'M' 'M' 'M' 'M' 'M' 'U' 'M' 'M' 'M' 'U' 'M' 'M' 'M'
 'M' 'M' 'M' 'M' 'M' 'A' 'U' 'A' 'A' 'A' 'A' 'A' 'A' 'U' 'M' 'M' 'M' 'M'
 'M' 'M' 'M' 'M' 'M' 'M' 'M' 'M' 'M' 'M' 'M' 'U' 'M' 'M' 'M' 'M' 'M' 'M'
 'M' 'U' 'M' 'M' 'M' 'M' 'M' 'U' 'M' 'M' 'M' 'M' 'M' 'M' 'M' 'M' 'M' 'M'
 'M' 'M' 'M' 'M' 'M' 'M' 'M' 'M' 'M' 'M' 'M' 'M' 'M' 'M' 'M' 'M' 'M' 'M']"
7401,0,188,7,181,10,0,1,"['A' 'M' 'M' 'M' 'M' 'M' 'M' 'M' 'M' 'M' 'M' 'M' 'M' 'M' 'M' 'M' 'M' 'M'
 'M' 'M' 'M' 'M' 'U' 'M' 'M' 'M' 'M' 'M' 'M' 'M' 'M' 'M' 'M' 'M' 'M' 'M'
 'M' 'M' 'M' 'M' 'M' 'M' 'M' 'U' 'M' 'M' 'M' 'M' 'M' 'M' 'M' 'M' 'M' 'M'
 'M' 'U' 'M' 'M' 'M' 'M' 'M' 'M' 'M' 'M' 'M' 'M' 'M' 'M' 'M' 'M' 'M' 'M'
 'M' 'M' 'M' 'M' 'M' 'M' 'M' 'M' 'U' 'M' 'M' 'M' 'M' 'M' 'M' 'M' 'M' 'M'
 'M' 'M' 'M' 'M' 'M' 'M' 'M' 'M' 'M' 'M' 'M' 'M' 'M' 'M' 'M' 'M' 'M' 'M'
 'M' 'M' 'U' 'M' 'M' 'M' 'M' 'M' 'M' 'M' 'U' 'M' 'M' 'M' 'U' 'M' 'M' 'M'
 'M' 'M' 'M' 'M' 'M' 'A' 'A' 'A' 'A' 'A' 'U' 'A' 'U' 'M' 'M' 'M' 'M' 'M'
 'M' 'M' 'M' 'M' 'M' 'M' 'M' 'M' 'M' 'M' 'M' 'M' 'M' 'M' 'M' 'M' 'M' 'M'
 'M' 'M' 'M' 'M' 'M' 'M' 'M' 'U' 'M' 'M' 'M' 'M' 'M' 'M' 'M' 'M' 'M' 'M'
 'M' 'M' 'M' 'M' 'M' 'M' 'M' 'M' 'M' 'M' 'M' 'M' 'M' 'M' 'M' 'M' 'M' 'M']"
7501,1,187,8,179,11,0,0,"['A' 'M' 'M' 'M' 'M' 'M' 'M' 'M' 'M' 'M' 'M' 'M' 'M' 'M' 'M' 'M' 'M' 'M'
 'M' 'M' 'M' 'M' 'M' 'M' 'M' 'M' 'M' 'M' 'M' 'M' 'M' 'M' 'M' 'M' 'M' 'U'
 'M' 'M' 'M' 'M' 'M' 'M' 'M' 'M' 'M' 'M' 'M' 'M' 'M' 'M' 'M' 'M' 'M' 'M'
 'M' 'U' 'U' 'M' 'M' 'M' 'M' 'M' 'M' 'M' 'U' 'M' 'M' 'M' 'M' 'M' 'M' 'M'
 'M' 'M' 'M' 'M' 'M' 'M' 'M' 'M' 'M' 'M' 'M' 'M' 'U' 'M' 'M' 'M' 'M' 'M'
 'M' 'M' 'M' 'M' 'M' 'U' 'M' 'M' 'M' 'M' 'M' 'M' 'M' 'M' 'M' 'M' 'M' 'M'
 'M' 'M' 'U' 'M' 'M' 'M' 'M' 'M' 'M' 'M' 'U' 'M' 'M' 'M' 'M' 'M' 'M' 'M'
 'M' 'M' 'M' 'M' 'M' 'A' 'A' 'A' 'M' 'A' 'A' 'A' 'A' 'M' 'M' 'M' 'M' 'M'
 'M' 'M' 'M' 'M' 'M' 'M' 'M' 'M' 'U' 'M' 'M' 'M' 'M' 'M' 'M' 'M' 'M' 'M'
 'M' 'M' 'M' 'M' 'M' 'M' 'M' 'U' 'U' 'M' 'M' 'M' 'M' 'M' 'M' 'M' 'M' 'M'
 'M' 'M' 'M' 'M' 'M' 'M' 'M' 'M' 'M' 'M' 'M' 'M' 'M' 'M' 'M' 'M' 'M' 'M']"
7601,0,185,9,176,13,0,0,"['A' 'M' 'M' 'M' 'M' 'M' 'M' 'M' 'M' 'M' 'M' 'M' 'M' 'M' 'M' 'U' 'M' 'M'
 'M' 'U' 'M' 'M' 'M' 'M' 'M' 'M' 'M' 'M' 'M' 'M' 'M' 'M' 'M' 'M' 'M' 'U'
 'M' 'M' 'M' 'M' 'M' 'M' 'M' 'M' 'M' 'M' 'M' 'M' 'M' 'M' 'M' 'M' 'M' 'M'
 'M' 'M' 'U' 'U' 'M' 'M' 'M' 'M' 'M' 'M' 'M' 'M' 'M' 'U' 'M' 'M' 'M' 'M'
 'M' 'M' 'M' 'M' 'M' 'M' 'M' 'M' 'M' 'M' 'M' 'M' 'M' 'M' 'M' 'M' 'M' 'M'
 'M' 'M' 'M' 'M' 'M' 'U' 'M' 'M' 'M' 'M' 'M' 'M' 'U' 'M' 'M' 'M' 'M' 'M'
 'M' 'M' 'M' 'M' 'M' 'M' 'M' 'M' 'M' 'U' 'M' 'M' 'M' 'M' 'M' 'M' 'M' 'M'
 'M' 'U' 'M' 'M' 'M' 'A' 'A' 'A' 'A' 'A' 'A' 'A' 'A' 'M' 'M' 'M' 'M' 'M'
 'M' 'M' 'M' 'M' 'M' 'M' 'M' 'M' 'U' 'M' 'M' 'M' 'M' 'M' 'M' 'M' 'M' 'M'
 'M' 'M' 'M' 'M' 'M' 'M' 'M' 'U' 'U' 'M' 'M' 'M' 'M' 'M' 'M' 'M' 'M' 'M'
 'M' 'M' 'M' 'M' 'M' 'M' 'M' 'M' 'M' 'M' 'M' 'M' 'M' 'M' 'M' 'M' 'M' 'M']"
7701,0,182,6,176,16,0,0,"['A' 'M' 'M' 'M' 'M' 'M' 'M' 'M' 'M' 'U' 'M' 'M' 'M' 'M' 'M' 'U' 'M' 'M'
 'M' 'M' 'M' 'M' 'M' 'M' 'M' 'M' 'M' 'M' 'M' 'M' 'M' 'M' 'M' 'M' 'M' 'U'
 'M' 'M' 'M' 'M' 'M' 'M' 'M' 'M' 'M' 'U' 'M' 'M' 'M' 'M' 'M' 'M' 'M' 'M'
 'M' 'M' 'U' 'U' 'M' 'M' 'M' 'M' 'M' 'M' 'M' 'M' 'M' 'M' 'M' 'M' 'M' 'M'
 'M' 'M' 'M' 'M' 'M' 'M' 'M' 'M' 'M' 'M' 'M' 'M' 'M' 'M' 'M' 'M' 'U' 'M'
 'M' 'M' 'M' 'M' 'M' 'M' 'M' 'M' 'M' 'M' 'M' 'U' 'U' 'M' 'M' 'M' 'M' 'M'
 'U' 'M' 'M' 'M' 'M' 'M' 'M' 'M' 'M' 'U' 'M' 'M' 'M' 'M' 'M' 'M' 'M' 'M'
 'M' 'M' 'M' 'M' 'M' 'M' 'A' 'A' 'U' 'U' 'A' 'A' 'U' 'M' 'M' 'M' 'M' 'M'
 'M' 'M' 'M' 'M' 'M' 'M' 'M' 'M' 'A' 'M' 'M' 'M' 'M' 'M' 'M' 'M' 'M' 'M'
 'M' 'M' 'M' 'M' 'M' 'M' 'M' 'U' 'U' 'M' 'M' 'M' 'M' 'M' 'M' 'M' 'M' 'M'
 'M' 'M' 'M' 'M' 'M' 'M' 'M' 'M' 'M' 'M' 'M' 'M' 'M' 'M' 'M' 'M' 'M' 'M']"
7801,0,185,7,178,13,0,0,"['A' 'M' 'M' 'M' 'M' 'M' 'M' 'M' 'M' 'M' 'M' 'M' 'M' 'M' 'M' 'M' 'M' 'M'
 'M' 'M' 'M' 'M' 'M' 'M' 'M' 'M' 'M' 'U' 'M' 'M' 'M' 'M' 'M' 'M' 'M' 'M'
 'M' 'M' 'M' 'M' 'M' 'M' 'M' 'M' 'M' 'U' 'M' 'M' 'M' 'M' 'M' 'M' 'M' 'M'
 'M' 'M' 'U' 'U' 'M' 'M' 'M' 'M' 'M' 'M' 'M' 'M' 'M' 'M' 'M' 'M' 'M' 'M'
 'M' 'M' 'M' 'M' 'M' 'M' 'M' 'M' 'M' 'M' 'M' 'M' 'M' 'M' 'M' 'M' 'M' 'U'
 'M' 'M' 'M' 'M' 'M' 'M' 'M' 'M' 'M' 'M' 'M' 'U' 'M' 'M' 'M' 'M' 'U' 'M'
 'U' 'M' 'M' 'M' 'M' 'M' 'M' 'M' 'M' 'M' 'M' 'M' 'M' 'M' 'M' 'M' 'M' 'M'
 'M' 'M' 'M' 'M' 'M' 'A' 'A' 'A' 'A' 'A' 'A' 'U' 'U' 'M' 'M' 'M' 'M' 'M'
 'M' 'M' 'M' 'M' 'M' 'M' 'M' 'M' 'U' 'M' 'M' 'M' 'M' 'M' 'M' 'M' 'M' 'M'
 'M' 'M' 'M' 'M' 'M' 'M' 'M' 'U' 'U' 'M' 'M' 'M' 'M' 'M' 'M' 'M' 'M' 'M'
 'M' 'M' 'M' 'M' 'M' 'M' 'M' 'M' 'M' 'M' 'M' 'M' 'M' 'M' 'M' 'M' 'M' 'M']"
7901,0,187,8,179,11,0,0,"['A' 'M' 'M' 'M' 'M' 'M' 'M' 'M' 'M' 'M' 'M' 'M' 'M' 'M' 'M' 'M' 'M' 'M'
 'M' 'M' 'M' 'M' 'M' 'M' 'M' 'M' 'M' 'U' 'M' 'M' 'M' 'M' 'M' 'M' 'M' 'M'
 'M' 'M' 'M' 'M' 'M' 'M' 'M' 'M' 'M' 'U' 'M' 'M' 'M' 'M' 'M' 'M' 'M' 'M'
 'M' 'M' 'U' 'U' 'M' 'M' 'M' 'M' 'M' 'M' 'M' 'M' 'M' 'U' 'M' 'M' 'M' 'M'
 'M' 'M' 'M' 'M' 'M' 'M' 'M' 'M' 'M' 'M' 'M' 'M' 'M' 'M' 'M' 'M' 'M' 'M'
 'M' 'M' 'M' 'M' 'M' 'M' 'M' 'M' 'M' 'M' 'M' 'U' 'M' 'M' 'M' 'M' 'U' 'M'
 'M' 'M' 'M' 'M' 'M' 'M' 'M' 'M' 'M' 'M' 'M' 'M' 'M' 'M' 'M' 'M' 'M' 'M'
 'U' 'M' 'M' 'M' 'M' 'A' 'A' 'U' 'A' 'A' 'A' 'A' 'A' 'M' 'M' 'M' 'M' 'M'
 'M' 'M' 'M' 'M' 'M' 'M' 'M' 'M' 'U' 'M' 'M' 'M' 'M' 'M' 'M' 'M' 'M' 'M'
 'M' 'M' 'M' 'M' 'M' 'M' 'M' 'U' 'M' 'M' 'M' 'M' 'M' 'M' 'M' 'M' 'M' 'M'
 'M' 'M' 'M' 'M' 'M' 'M' 'M' 'M' 'M' 'M' 'M' 'M' 'M' 'M' 'M' 'M' 'M' 'M']"
8001,0,190,8,182,8,0,0,"['A' 'M' 'M' 'M' 'M' 'M' 'M' 'M' 'M' 'M' 'M' 'M' 'M' 'M' 'M' 'M' 'M' 'M'
 'M' 'M' 'M' 'M' 'M' 'M' 'M' 'M' 'M' 'M' 'M' 'M' 'M' 'M' 'M' 'M' 'M' 'M'
 'M' 'M' 'M' 'M' 'M' 'M' 'M' 'M' 'M' 'M' 'M' 'M' 'M' 'M' 'M' 'M' 'M' 'M'
 'M' 'M' 'M' 'M' 'M' 'M' 'M' 'M' 'M' 'M' 'M' 'M' 'M' 'M' 'M' 'M' 'M' 'M'
 'M' 'M' 'M' 'M' 'M' 'M' 'M' 'M' 'M' 'U' 'M' 'M' 'M' 'M' 'M' 'M' 'M' 'M'
 'M' 'M' 'M' 'M' 'M' 'M' 'M' 'M' 'M' 'M' 'M' 'U' 'M' 'M' 'M' 'M' 'M' 'M'
 'M' 'U' 'M' 'M' 'M' 'M' 'M' 'M' 'M' 'M' 'M' 'M' 'M' 'M' 'M' 'M' 'M' 'M'
 'U' 'M' 'M' 'M' 'M' 'A' 'A' 'A' 'A' 'U' 'A' 'A' 'A' 'M' 'M' 'M' 'M' 'M'
 'M' 'M' 'M' 'M' 'M' 'M' 'M' 'M' 'U' 'M' 'M' 'M' 'M' 'M' 'M' 'M' 'M' 'M'
 'M' 'M' 'M' 'M' 'M' 'M' 'M' 'U' 'M' 'M' 'M' 'M' 'M' 'M' 'M' 'M' 'U' 'M'
 'M' 'M' 'M' 'M' 'M' 'M' 'M' 'M' 'M' 'M' 'M' 'M' 'M' 'M' 'M' 'M' 'M' 'M']"
8101,0,185,6,179,13,0,0,"['A' 'M' 'M' 'M' 'M' 'M' 'M' 'M' 'M' 'M' 'M' 'M' 'M' 'M' 'M' 'M' 'M' 'M'
 'M' 'M' 'M' 'M' 'M' 'M' 'M' 'M' 'M' 'M' 'M' 'M' 'M' 'M' 'M' 'M' 'M' 'M'
 'M' 'M' 'M' 'M' 'M' 'M' 'M' 'M' 'M' 'M' 'M' 'M' 'M' 'M' 'M' 'M' 'M' 'M'
 'M' 'M' 'M' 'M' 'M' 'M' 'M' 'M' 'M' 'M' 'M' 'M' 'M' 'M' 'M' 'M' 'M' 'M'
 'M' 'M' 'M' 'M' 'U' 'M' 'M' 'M' 'M' 'M' 'M' 'M' 'M' 'M' 'M' 'M' 'M' 'M'
 'M' 'M' 'M' 'M' 'M' 'M' 'M' 'M' 'M' 'M' 'M' 'U' 'U' 'M' 'M' 'M' 'M' 'M'
 'M' 'M' 'M' 'M' 'M' 'M' 'M' 'M' 'M' 'M' 'M' 'M' 'M' 'M' 'M' 'M' 'M' 'M'
 'U' 'M' 'M' 'U' 'M' 'A' 'A' 'A' 'U' 'U' 'U' 'A' 'A' 'M' 'M' 'M' 'M' 'M'
 'M' 'M' 'M' 'M' 'M' 'M' 'M' 'M' 'U' 'M' 'M' 'U' 'M' 'M' 'M' 'M' 'M' 'M'
 'M' 'M' 'M' 'M' 'M' 'U' 'M' 'U' 'M' 'M' 'M' 'M' 'M' 'M' 'M' 'M' 'M' 'M'
 'M' 'M' 'M' 'M' 'M' 'M' 'M' 'M' 'M' 'M' 'M' 'M' 'U' 'M' 'M' 'M' 'M' 'M']"
8201,0,187,3,184,11,0,0,"['A' 'U' 'M' 'M' 'M' 'M' 'M' 'M' 'M' 'M' 'M' 'M' 'M' 'M' 'M' 'M' 'M' 'M'
 'M' 'M' 'M' 'M' 'M' 'M' 'M' 'M' 'M' 'M' 'M' 'M' 'M' 'M' 'M' 'M' 'M' 'M'
 'M' 'M' 'M' 'M' 'M' 'M' 'M' 'M' 'M' 'M' 'M' 'M' 'M' 'M' 'M' 'M' 'M' 'M'
 'M' 'M' 'M' 'M' 'U' 'M' 'M' 'M' 'M' 'M' 'M' 'M' 'M' 'M' 'M' 'M' 'M' 'M'
 'M' 'M' 'M' 'M' 'M' 'M' 'M' 'M' 'M' 'M' 'M' 'M' 'M' 'M' 'M' 'M' 'M' 'U'
 'M' 'M' 'M' 'M' 'M' 'M' 'M' 'M' 'M' 'M' 'M' 'M' 'M' 'M' 'M' 'M' 'M' 'M'
 'M' 'M' 'M' 'M' 'M' 'M' 'M' 'M' 'M' 'M' 'M' 'M' 'M' 'M' 'M' 'M' 'M' 'M'
 'M' 'M' 'M' 'M' 'M' 'A' 'U' 'A' 'M' 'M' 'U' 'U' 'U' 'M' 'M' 'M' 'M' 'M'
 'M' 'M' 'M' 'M' 'M' 'M' 'M' 'M' 'U' 'M' 'M' 'U' 'M' 'M' 'M' 'M' 'M' 'M'
 'M' 'M' 'M' 'M' 'M' 'M' 'M' 'U' 'M' 'M' 'M' 'M' 'M' 'M' 'M' 'M' 'M' 'M'
 'M' 'M' 'M' 'M' 'M' 'M' 'M' 'M' 'M' 'M' 'M' 'M' 'U' 'M' 'M' 'M' 'M' 'M']"
8301,0,188,1,187,10,0,0,"['A' 'M' 'M' 'M' 'M' 'M' 'M' 'M' 'M' 'M' 'M' 'M' 'M' 'M' 'M' 'M' 'M' 'M'
 'M' 'M' 'M' 'M' 'M' 'M' 'M' 'M' 'M' 'M' 'M' 'M' 'M' 'M' 'M' 'M' 'M' 'M'
 'M' 'M' 'M' 'M' 'M' 'M' 'M' 'M' 'M' 'M' 'M' 'M' 'M' 'M' 'M' 'M' 'M' 'M'
 'M' 'M' 'M' 'M' 'M' 'M' 'M' 'M' 'M' 'M' 'M' 'M' 'M' 'M' 'M' 'M' 'M' 'M'
 'U' 'M' 'M' 'M' 'M' 'M' 'M' 'M' 'M' 'M' 'M' 'M' 'M' 'M' 'M' 'M' 'M' 'M'
 'M' 'M' 'M' 'M' 'M' 'M' 'M' 'M' 'M' 'M' 'M' 'M' 'M' 'M' 'M' 'M' 'M' 'M'
 'M' 'M' 'M' 'M' 'M' 'U' 'M' 'M' 'M' 'M' 'M' 'M' 'M' 'M' 'U' 'M' 'M' 'M'
 'M' 'M' 'M' 'M' 'M' 'U' 'M' 'U' 'M' 'M' 'U' 'U' 'U' 'M' 'M' 'M' 'M' 'M'
 'M' 'M' 'M' 'M' 'M' 'M' 'M' 'M' 'M' 'M' 'M' 'U' 'M' 'M' 'M' 'M' 'M' 'M'
 'M' 'M' 'M' 'M' 'M' 'M' 'M' 'M' 'M' 'M' 'M' 'M' 'M' 'M' 'M' 'M' 'M' 'M'
 'M' 'M' 'M' 'M' 'M' 'M' 'M' 'M' 'M' 'M' 'M' 'M' 'U' 'M' 'M' 'M' 'M' 'M']"
8401,0,188,3,185,10,0,0,"['A' 'M' 'M' 'M' 'M' 'M' 'M' 'M' 'M' 'M' 'M' 'M' 'M' 'M' 'M' 'M' 'M' 'M'
 'M' 'M' 'M' 'M' 'M' 'M' 'M' 'M' 'M' 'M' 'M' 'M' 'M' 'M' 'M' 'M' 'M' 'M'
 'M' 'M' 'M' 'M' 'M' 'M' 'M' 'M' 'M' 'M' 'M' 'M' 'M' 'M' 'M' 'M' 'M' 'M'
 'M' 'M' 'M' 'M' 'M' 'M' 'M' 'M' 'M' 'M' 'M' 'M' 'M' 'M' 'M' 'U' 'M' 'M'
 'M' 'M' 'M' 'M' 'M' 'M' 'M' 'M' 'M' 'M' 'M' 'M' 'M' 'M' 'M' 'M' 'M' 'M'
 'M' 'M' 'M' 'M' 'M' 'M' 'M' 'M' 'M' 'M' 'M' 'M' 'M' 'M' 'M' 'M' 'M' 'M'
 'M' 'M' 'M' 'M' 'M' 'M' 'M' 'M' 'M' 'M' 'M' 'M' 'M' 'M' 'U' 'M' 'M' 'M'
 'M' 'M' 'M' 'M' 'M' 'U' 'U' 'M' 'U' 'U' 'U' 'A' 'A' 'M' 'M' 'M' 'M' 'M'
 'M' 'M' 'M' 'M' 'M' 'U' 'M' 'M' 'M' 'M' 'M' 'M' 'M' 'M' 'M' 'M' 'M' 'M'
 'M' 'M' 'M' 'M' 'M' 'M' 'M' 'M' 'M' 'M' 'M' 'M' 'M' 'M' 'M' 'M' 'M' 'M'
 'M' 'M' 'M' 'M' 'M' 'M' 'M' 'M' 'M' 'M' 'U' 'M' 'U' 'M' 'M' 'M' 'M' 'M']"
8501,0,191,2,189,7,0,1,"['A' 'M' 'M' 'M' 'M' 'M' 'M' 'M' 'M' 'M' 'M' 'M' 'M' 'M' 'M' 'M' 'M' 'M'
 'M' 'M' 'M' 'M' 'M' 'M' 'M' 'M' 'M' 'M' 'M' 'M' 'M' 'M' 'M' 'M' 'M' 'M'
 'M' 'M' 'M' 'M' 'M' 'M' 'M' 'U' 'M' 'M' 'M' 'M' 'M' 'M' 'M' 'M' 'M' 'M'
 'M' 'M' 'M' 'M' 'M' 'M' 'M' 'M' 'M' 'M' 'M' 'M' 'M' 'M' 'M' 'M' 'M' 'M'
 'M' 'M' 'M' 'M' 'M' 'M' 'M' 'M' 'M' 'M' 'M' 'M' 'M' 'M' 'M' 'M' 'M' 'M'
 'M' 'M' 'M' 'M' 'U' 'M' 'M' 'M' 'M' 'M' 'M' 'M' 'M' 'M' 'M' 'M' 'M' 'M'
 'M' 'M' 'M' 'M' 'M' 'M' 'M' 'M' 'M' 'M' 'M' 'M' 'M' 'M' 'U' 'U' 'M' 'M'
 'M' 'M' 'M' 'M' 'M' 'M' 'U' 'M' 'U' 'M' 'U' 'M' 'A' 'M' 'M' 'M' 'M' 'M'
 'M' 'M' 'M' 'M' 'M' 'M' 'M' 'M' 'M' 'M' 'M' 'M' 'M' 'M' 'M' 'M' 'M' 'M'
 'M' 'M' 'M' 'M' 'M' 'M' 'M' 'M' 'M' 'M' 'M' 'M' 'M' 'M' 'M' 'M' 'M' 'M'
 'M' 'M' 'M' 'M' 'M' 'M' 'M' 'M' 'M' 'M' 'M' 'M' 'M' 'M' 'M' 'M' 'M' 'M']"
8601,0,190,3,187,8,0,0,"['A' 'M' 'M' 'M' 'M' 'M' 'M' 'M' 'M' 'M' 'M' 'M' 'M' 'M' 'M' 'M' 'M' 'M'
 'M' 'M' 'M' 'M' 'M' 'M' 'M' 'M' 'M' 'M' 'M' 'M' 'M' 'M' 'M' 'M' 'M' 'M'
 'M' 'M' 'M' 'M' 'M' 'M' 'M' 'U' 'M' 'M' 'M' 'M' 'M' 'M' 'M' 'M' 'M' 'M'
 'M' 'M' 'M' 'M' 'M' 'M' 'M' 'M' 'M' 'M' 'M' 'M' 'M' 'U' 'M' 'M' 'M' 'M'
 'M' 'M' 'M' 'M' 'M' 'M' 'M' 'M' 'M' 'M' 'M' 'M' 'M' 'M' 'M' 'M' 'M' 'M'
 'M' 'M' 'M' 'M' 'M' 'M' 'M' 'M' 'M' 'M' 'M' 'M' 'M' 'M' 'M' 'M' 'M' 'M'
 'M' 'M' 'M' 'M' 'M' 'M' 'M' 'M' 'M' 'M' 'M' 'M' 'M' 'M' 'U' 'M' 'M' 'M'
 'M' 'M' 'M' 'M' 'M' 'U' 'M' 'A' 'U' 'U' 'U' 'U' 'A' 'M' 'M' 'M' 'M' 'M'
 'M' 'M' 'M' 'M' 'M' 'M' 'M' 'M' 'M' 'M' 'M' 'M' 'M' 'M' 'M' 'M' 'M' 'M'
 'M' 'M' 'M' 'M' 'M' 'M' 'M' 'M' 'M' 'M' 'M' 'M' 'M' 'M' 'M' 'M' 'M' 'M'
 'M' 'M' 'M' 'M' 'M' 'M' 'M' 'M' 'M' 'M' 'M' 'M' 'M' 'M' 'M' 'M' 'M' 'M']"
8701,0,191,2,189,7,0,0,"['A' 'M' 'M' 'M' 'M' 'M' 'M' 'M' 'M' 'M' 'M' 'M' 'M' 'M' 'M' 'M' 'M' 'M'
 'M' 'M' 'M' 'M' 'M' 'M' 'M' 'M' 'M' 'M' 'M' 'M' 'M' 'M' 'M' 'M' 'M' 'M'
 'M' 'M' 'M' 'M' 'M' 'M' 'M' 'U' 'M' 'M' 'M' 'M' 'M' 'M' 'M' 'M' 'M' 'M'
 'M' 'M' 'M' 'M' 'M' 'U' 'M' 'M' 'M' 'M' 'M' 'M' 'M' 'M' 'M' 'M' 'M' 'M'
 'M' 'M' 'M' 'M' 'M' 'M' 'M' 'M' 'M' 'M' 'M' 'M' 'U' 'M' 'M' 'M' 'M' 'M'
 'M' 'M' 'M' 'M' 'M' 'M' 'M' 'M' 'M' 'M' 'M' 'M' 'M' 'M' 'M' 'M' 'M' 'M'
 'M' 'M' 'M' 'M' 'M' 'M' 'M' 'M' 'M' 'M' 'M' 'M' 'M' 'M' 'M' 'M' 'M' 'M'
 'M' 'M' 'M' 'M' 'M' 'M' 'M' 'U' 'U' 'M' 'U' 'U' 'A' 'M' 'M' 'M' 'M' 'M'
 'M' 'M' 'M' 'M' 'M' 'M' 'M' 'M' 'M' 'M' 'M' 'M' 'M' 'M' 'M' 'M' 'M' 'M'
 'M' 'M' 'M' 'M' 'M' 'M' 'M' 'M' 'M' 'M' 'M' 'M' 'M' 'M' 'M' 'M' 'M' 'M'
 'M' 'M' 'M' 'M' 'M' 'M' 'M' 'M' 'M' 'M' 'M' 'M' 'M' 'M' 'M' 'M' 'M' 'M']"
8801,0,193,6,187,5,0,0,"['A' 'M' 'M' 'M' 'M' 'M' 'M' 'M' 'M' 'M' 'M' 'M' 'M' 'U' 'M' 'M' 'M' 'M'
 'M' 'M' 'M' 'M' 'M' 'M' 'M' 'M' 'M' 'M' 'M' 'M' 'M' 'M' 'M' 'M' 'M' 'M'
 'M' 'M' 'M' 'M' 'M' 'M' 'M' 'U' 'M' 'M' 'M' 'M' 'M' 'M' 'M' 'M' 'M' 'M'
 'M' 'M' 'M' 'M' 'M' 'M' 'M' 'M' 'M' 'M' 'M' 'M' 'M' 'M' 'M' 'M' 'M' 'M'
 'M' 'M' 'M' 'M' 'M' 'M' 'M' 'M' 'M' 'M' 'M' 'M' 'M' 'M' 'M' 'M' 'M' 'M'
 'M' 'M' 'M' 'U' 'M' 'M' 'M' 'M' 'M' 'M' 'M' 'M' 'M' 'M' 'M' 'M' 'M' 'M'
 'M' 'M' 'M' 'M' 'M' 'M' 'M' 'M' 'M' 'M' 'M' 'M' 'M' 'M' 'M' 'M' 'M' 'M'
 'M' 'M' 'M' 'M' 'M' 'M' 'U' 'A' 'A' 'A' 'U' 'A' 'A' 'M' 'M' 'M' 'M' 'M'
 'M' 'M' 'M' 'M' 'M' 'M' 'M' 'M' 'M' 'M' 'M' 'M' 'M' 'M' 'M' 'M' 'M' 'M'
 'M' 'M' 'M' 'M' 'M' 'M' 'M' 'M' 'M' 'M' 'M' 'M' 'M' 'M' 'M' 'M' 'M' 'M'
 'M' 'M' 'M' 'M' 'M' 'M' 'M' 'M' 'M' 'M' 'M' 'M' 'M' 'M' 'M' 'M' 'M' 'M']"
8901,1,192,3,189,6,0,0,"['A' 'M' 'M' 'M' 'M' 'M' 'M' 'M' 'M' 'M' 'M' 'M' 'M' 'M' 'M' 'M' 'M' 'M'
 'M' 'M' 'M' 'M' 'M' 'M' 'M' 'M' 'M' 'M' 'M' 'M' 'M' 'M' 'M' 'M' 'M' 'M'
 'M' 'M' 'M' 'M' 'M' 'M' 'M' 'U' 'M' 'M' 'M' 'M' 'M' 'M' 'M' 'M' 'M' 'M'
 'M' 'M' 'M' 'M' 'M' 'M' 'M' 'M' 'M' 'M' 'M' 'M' 'U' 'M' 'M' 'M' 'M' 'M'
 'M' 'M' 'M' 'M' 'M' 'M' 'M' 'M' 'M' 'M' 'M' 'M' 'M' 'M' 'M' 'M' 'M' 'M'
 'M' 'M' 'M' 'M' 'M' 'M' 'M' 'M' 'M' 'M' 'M' 'M' 'M' 'M' 'M' 'M' 'M' 'M'
 'M' 'M' 'M' 'M' 'M' 'M' 'M' 'M' 'M' 'M' 'M' 'M' 'M' 'M' 'M' 'M' 'M' 'M'
 'M' 'M' 'M' 'M' 'M' 'M' 'A' 'A' 'U' 'M' 'U' 'U' 'U' 'M' 'M' 'M' 'M' 'M'
 'M' 'M' 'M' 'M' 'M' 'M' 'M' 'M' 'M' 'M' 'M' 'M' 'M' 'M' 'M' 'M' 'M' 'M'
 'M' 'M' 'M' 'M' 'M' 'M' 'M' 'M' 'M' 'M' 'M' 'M' 'M' 'M' 'M' 'M' 'M' 'M'
 'M' 'M' 'M' 'M' 'M' 'M' 'M' 'M' 'M' 'M' 'M' 'M' 'M' 'M' 'M' 'M' 'M' 'M']"
9001,0,190,6,184,8,0,0,"['A' 'M' 'M' 'M' 'M' 'M' 'M' 'M' 'M' 'M' 'M' 'M' 'M' 'M' 'M' 'M' 'M' 'M'
 'M' 'M' 'M' 'M' 'M' 'M' 'M' 'M' 'M' 'M' 'M' 'M' 'M' 'M' 'M' 'M' 'M' 'M'
 'M' 'M' 'M' 'M' 'M' 'M' 'M' 'M' 'M' 'M' 'M' 'M' 'M' 'M' 'M' 'M' 'M' 'M'
 'M' 'M' 'M' 'M' 'M' 'M' 'M' 'M' 'M' 'M' 'M' 'M' 'M' 'M' 'M' 'M' 'M' 'M'
 'M' 'M' 'M' 'M' 'M' 'M' 'M' 'M' 'M' 'M' 'M' 'M' 'M' 'M' 'M' 'M' 'U' 'M'
 'M' 'M' 'M' 'M' 'M' 'M' 'M' 'M' 'U' 'M' 'M' 'M' 'M' 'M' 'M' 'M' 'M' 'M'
 'M' 'M' 'M' 'M' 'M' 'M' 'M' 'M' 'M' 'M' 'M' 'M' 'M' 'M' 'M' 'M' 'M' 'M'
 'M' 'M' 'M' 'M' 'M' 'M' 'U' 'A' 'A' 'A' 'A' 'A' 'M' 'M' 'M' 'M' 'M' 'U'
 'U' 'M' 'M' 'M' 'M' 'M' 'M' 'M' 'M' 'M' 'M' 'M' 'M' 'M' 'M' 'M' 'M' 'M'
 'M' 'M' 'M' 'M' 'U' 'M' 'M' 'M' 'M' 'M' 'M' 'M' 'M' 'M' 'M' 'M' 'M' 'M'
 'M' 'M' 'M' 'M' 'M' 'M' 'M' 'U' 'M' 'M' 'M' 'M' 'M' 'M' 'M' 'M' 'U' 'M']"
9101,0,192,5,187,6,0,0,"['A' 'M' 'M' 'M' 'M' 'M' 'M' 'M' 'M' 'M' 'M' 'M' 'M' 'M' 'M' 'M' 'M' 'M'
 'M' 'M' 'M' 'M' 'M' 'M' 'M' 'M' 'M' 'M' 'M' 'M' 'M' 'M' 'M' 'M' 'M' 'M'
 'M' 'M' 'M' 'M' 'M' 'M' 'M' 'M' 'M' 'M' 'M' 'M' 'M' 'M' 'M' 'M' 'M' 'M'
 'M' 'M' 'M' 'M' 'M' 'M' 'M' 'M' 'M' 'M' 'M' 'M' 'M' 'M' 'M' 'M' 'M' 'M'
 'M' 'M' 'M' 'M' 'M' 'M' 'M' 'M' 'M' 'M' 'M' 'M' 'M' 'M' 'U' 'M' 'M' 'M'
 'M' 'M' 'M' 'M' 'M' 'M' 'M' 'M' 'M' 'M' 'M' 'M' 'M' 'M' 'M' 'M' 'M' 'M'
 'M' 'M' 'M' 'M' 'M' 'M' 'M' 'M' 'M' 'M' 'M' 'M' 'M' 'M' 'M' 'M' 'M' 'M'
 'M' 'M' 'M' 'M' 'M' 'M' 'A' 'A' 'M' 'A' 'U' 'A' 'M' 'M' 'M' 'M' 'M' 'M'
 'U' 'M' 'U' 'M' 'M' 'M' 'M' 'M' 'M' 'M' 'M' 'M' 'M' 'M' 'M' 'M' 'M' 'M'
 'M' 'M' 'M' 'M' 'M' 'M' 'M' 'M' 'M' 'M' 'M' 'M' 'M' 'M' 'M' 'M' 'M' 'M'
 'M' 'M' 'M' 'M' 'U' 'M' 'M' 'M' 'M' 'M' 'M' 'M' 'M' 'M' 'M' 'M' 'U' 'M']"
9201,0,190,7,183,8,0,0,"['A' 'M' 'M' 'M' 'M' 'M' 'M' 'M' 'M' 'M' 'M' 'M' 'M' 'M' 'M' 'M' 'M' 'M'
 'M' 'M' 'M' 'M' 'M' 'M' 'M' 'M' 'M' 'M' 'M' 'M' 'U' 'M' 'M' 'M' 'U' 'M'
 'M' 'M' 'M' 'M' 'M' 'M' 'M' 'M' 'M' 'M' 'M' 'M' 'M' 'M' 'M' 'M' 'M' 'M'
 'M' 'M' 'M' 'M' 'M' 'M' 'M' 'M' 'M' 'M' 'M' 'M' 'M' 'M' 'M' 'M' 'M' 'M'
 'M' 'M' 'M' 'M' 'M' 'M' 'U' 'M' 'M' 'M' 'M' 'M' 'M' 'M' 'M' 'M' 'M' 'M'
 'M' 'M' 'M' 'M' 'M' 'M' 'M' 'M' 'M' 'M' 'M' 'M' 'M' 'M' 'M' 'M' 'M' 'M'
 'M' 'M' 'M' 'M' 'M' 'M' 'M' 'M' 'M' 'M' 'M' 'M' 'M' 'M' 'M' 'M' 'M' 'M'
 'M' 'M' 'M' 'M' 'M' 'M' 'A' 'A' 'U' 'A' 'A' 'A' 'U' 'M' 'M' 'M' 'M' 'M'
 'U' 'M' 'U' 'M' 'M' 'M' 'M' 'M' 'M' 'M' 'M' 'M' 'M' 'M' 'M' 'M' 'M' 'M'
 'M' 'M' 'M' 'M' 'M' 'M' 'M' 'M' 'M' 'M' 'A' 'M' 'M' 'M' 'M' 'M' 'M' 'M'
 'M' 'M' 'M' 'M' 'M' 'M' 'M' 'M' 'M' 'M' 'M' 'M' 'M' 'M' 'M' 'M' 'U' 'M']"
9301,0,188,7,181,10,0,0,"['A' 'M' 'M' 'M' 'M' 'M' 'U' 'M' 'M' 'M' 'M' 'M' 'M' 'M' 'M' 'M' 'M' 'M'
 'M' 'M' 'M' 'M' 'M' 'M' 'M' 'M' 'M' 'M' 'M' 'M' 'M' 'M' 'M' 'M' 'U' 'M'
 'M' 'M' 'M' 'M' 'M' 'M' 'M' 'M' 'M' 'M' 'M' 'M' 'M' 'M' 'M' 'M' 'M' 'M'
 'M' 'M' 'M' 'M' 'M' 'M' 'M' 'M' 'M' 'M' 'M' 'M' 'M' 'M' 'M' 'M' 'M' 'M'
 'M' 'M' 'M' 'U' 'M' 'M' 'M' 'M' 'M' 'M' 'M' 'M' 'M' 'M' 'M' 'M' 'M' 'M'
 'M' 'M' 'M' 'M' 'M' 'M' 'M' 'M' 'M' 'M' 'M' 'M' 'M' 'M' 'M' 'M' 'M' 'M'
 'M' 'M' 'M' 'M' 'M' 'M' 'M' 'M' 'M' 'M' 'M' 'M' 'M' 'M' 'M' 'M' 'M' 'M'
 'M' 'M' 'M' 'M' 'M' 'M' 'A' 'A' 'A' 'U' 'U' 'A' 'A' 'M' 'M' 'M' 'M' 'M'
 'U' 'M' 'U' 'M' 'M' 'M' 'M' 'M' 'M' 'M' 'M' 'M' 'M' 'M' 'M' 'M' 'M' 'M'
 'M' 'M' 'M' 'M' 'M' 'U' 'M' 'M' 'M' 'M' 'A' 'M' 'M' 'M' 'M' 'M' 'M' 'M'
 'U' 'M' 'M' 'M' 'M' 'M' 'M' 'M' 'M' 'M' 'M' 'M' 'U' 'M' 'M' 'M' 'M' 'M']"
9401,1,187,7,180,11,0,0,"['A' 'M' 'M' 'M' 'M' 'M' 'U' 'M' 'M' 'M' 'M' 'M' 'M' 'M' 'M' 'M' 'M' 'M'
 'M' 'M' 'M' 'M' 'M' 'M' 'M' 'M' 'M' 'M' 'M' 'M' 'M' 'M' 'M' 'M' 'U' 'M'
 'M' 'M' 'M' 'M' 'M' 'M' 'M' 'M' 'M' 'M' 'M' 'M' 'M' 'M' 'M' 'M' 'M' 'M'
 'M' 'M' 'M' 'M' 'M' 'U' 'M' 'M' 'M' 'M' 'M' 'M' 'M' 'M' 'M' 'M' 'M' 'M'
 'M' 'M' 'M' 'M' 'M' 'M' 'M' 'M' 'M' 'U' 'M' 'M' 'M' 'M' 'M' 'M' 'M' 'M'
 'M' 'M' 'M' 'M' 'M' 'M' 'M' 'M' 'M' 'M' 'M' 'M' 'M' 'U' 'M' 'M' 'U' 'M'
 'M' 'M' 'M' 'M' 'M' 'M' 'M' 'M' 'M' 'M' 'M' 'M' 'M' 'M' 'M' 'M' 'M' 'M'
 'M' 'M' 'M' 'M' 'M' 'M' 'A' 'A' 'A' 'U' 'M' 'A' 'A' 'M' 'M' 'M' 'M' 'M'
 'U' 'M' 'U' 'M' 'M' 'M' 'M' 'M' 'M' 'M' 'M' 'M' 'M' 'M' 'M' 'M' 'M' 'M'
 'M' 'M' 'M' 'M' 'M' 'M' 'M' 'M' 'M' 'M' 'A' 'M' 'M' 'M' 'M' 'M' 'M' 'M'
 'U' 'M' 'M' 'M' 'M' 'M' 'M' 'M' 'M' 'M' 'M' 'M' 'U' 'M' 'M' 'M' 'M' 'M']"
9501,0,187,5,182,11,0,0,"['A' 'M' 'M' 'M' 'M' 'M' 'U' 'M' 'M' 'M' 'M' 'M' 'M' 'M' 'M' 'M' 'M' 'M'
 'M' 'M' 'M' 'M' 'M' 'M' 'M' 'M' 'M' 'M' 'M' 'M' 'M' 'M' 'M' 'M' 'U' 'M'
 'M' 'M' 'M' 'M' 'M' 'M' 'M' 'M' 'M' 'M' 'M' 'M' 'M' 'M' 'M' 'M' 'M' 'M'
 'M' 'M' 'M' 'M' 'M' 'U' 'M' 'M' 'M' 'M' 'M' 'M' 'M' 'M' 'M' 'M' 'M' 'M'
 'M' 'M' 'M' 'M' 'M' 'M' 'M' 'M' 'M' 'U' 'M' 'M' 'M' 'M' 'M' 'M' 'M' 'M'
 'M' 'M' 'M' 'M' 'M' 'M' 'M' 'U' 'M' 'M' 'M' 'M' 'M' 'U' 'M' 'M' 'M' 'M'
 'M' 'M' 'M' 'M' 'M' 'M' 'M' 'M' 'M' 'M' 'M' 'M' 'M' 'M' 'M' 'M' 'M' 'M'
 'M' 'M' 'M' 'M' 'M' 'A' 'A' 'U' 'U' 'A' 'M' 'U' 'A' 'M' 'M' 'M' 'M' 'M'
 'M' 'M' 'M' 'M' 'M' 'M' 'M' 'M' 'M' 'M' 'M' 'M' 'M' 'M' 'M' 'M' 'M' 'M'
 'M' 'M' 'M' 'M' 'M' 'M' 'M' 'M' 'M' 'M' 'M' 'M' 'M' 'M' 'M' 'M' 'M' 'M'
 'U' 'M' 'M' 'M' 'M' 'M' 'M' 'M' 'M' 'M' 'M' 'M' 'U' 'M' 'M' 'M' 'M' 'M']"
9601,1,188,6,182,10,0,0,"['A' 'M' 'M' 'M' 'M' 'M' 'M' 'M' 'M' 'M' 'M' 'M' 'M' 'M' 'M' 'M' 'M' 'M'
 'M' 'M' 'M' 'M' 'M' 'M' 'M' 'M' 'M' 'M' 'M' 'M' 'M' 'M' 'M' 'M' 'U' 'M'
 'M' 'U' 'M' 'M' 'M' 'M' 'M' 'M' 'M' 'M' 'M' 'M' 'M' 'M' 'M' 'M' 'M' 'M'
 'M' 'M' 'M' 'M' 'M' 'U' 'M' 'M' 'M' 'M' 'M' 'M' 'M' 'M' 'M' 'U' 'M' 'M'
 'M' 'M' 'M' 'M' 'M' 'M' 'M' 'M' 'M' 'M' 'M' 'M' 'M' 'M' 'M' 'M' 'M' 'M'
 'M' 'M' 'M' 'M' 'M' 'M' 'M' 'U' 'M' 'M' 'M' 'M' 'M' 'U' 'M' 'M' 'M' 'M'
 'M' 'M' 'M' 'M' 'M' 'M' 'M' 'M' 'M' 'M' 'M' 'M' 'M' 'M' 'M' 'M' 'M' 'M'
 'M' 'M' 'M' 'M' 'M' 'A' 'A' 'A' 'A' 'A' 'U' 'M' 'U' 'M' 'M' 'M' 'M' 'M'
 'M' 'M' 'M' 'M' 'M' 'M' 'M' 'M' 'M' 'U' 'M' 'M' 'M' 'M' 'M' 'M' 'M' 'M'
 'M' 'M' 'M' 'M' 'M' 'M' 'M' 'M' 'M' 'M' 'M' 'M' 'M' 'M' 'M' 'M' 'M' 'M'
 'U' 'M' 'M' 'M' 'M' 'M' 'M' 'M' 'M' 'M' 'M' 'M' 'M' 'M' 'M' 'M' 'M' 'M']"
9701,0,186,5,181,12,0,0,"['A' 'M' 'M' 'M' 'M' 'M' 'M' 'M' 'M' 'M' 'M' 'M' 'M' 'M' 'M' 'M' 'M' 'M'
 'M' 'M' 'M' 'M' 'M' 'M' 'M' 'M' 'M' 'M' 'M' 'M' 'M' 'M' 'M' 'M' 'M' 'M'
 'M' 'U' 'M' 'M' 'M' 'M' 'M' 'M' 'M' 'U' 'M' 'M' 'M' 'M' 'M' 'M' 'M' 'M'
 'M' 'M' 'M' 'M' 'M' 'M' 'M' 'M' 'M' 'M' 'M' 'M' 'M' 'M' 'M' 'M' 'M' 'M'
 'M' 'M' 'M' 'M' 'M' 'M' 'M' 'M' 'U' 'M' 'M' 'M' 'M' 'M' 'M' 'M' 'M' 'M'
 'M' 'M' 'M' 'M' 'M' 'M' 'M' 'U' 'M' 'M' 'M' 'M' 'M' 'U' 'M' 'M' 'M' 'M'
 'M' 'M' 'M' 'M' 'M' 'M' 'M' 'M' 'M' 'M' 'M' 'M' 'M' 'M' 'M' 'M' 'M' 'M'
 'M' 'M' 'M' 'M' 'M' 'A' 'U' 'U' 'A' 'A' 'A' 'U' 'U' 'M' 'M' 'M' 'M' 'M'
 'M' 'M' 'M' 'M' 'M' 'M' 'M' 'M' 'M' 'U' 'M' 'M' 'M' 'M' 'M' 'M' 'M' 'M'
 'M' 'M' 'M' 'M' 'M' 'M' 'M' 'M' 'M' 'M' 'M' 'M' 'M' 'M' 'M' 'M' 'M' 'M'
 'U' 'M' 'M' 'U' 'M' 'M' 'M' 'M' 'M' 'M' 'M' 'M' 'M' 'M' 'M' 'M' 'M' 'M']"
9801,0,187,3,184,11,0,0,"['A' 'M' 'M' 'M' 'M' 'M' 'M' 'M' 'M' 'M' 'M' 'M' 'M' 'M' 'M' 'M' 'M' 'M'
 'M' 'M' 'M' 'M' 'M' 'M' 'M' 'M' 'M' 'M' 'M' 'M' 'M' 'M' 'M' 'M' 'M' 'M'
 'M' 'U' 'M' 'M' 'M' 'M' 'M' 'U' 'M' 'U' 'M' 'M' 'M' 'M' 'M' 'M' 'M' 'M'
 'M' 'M' 'M' 'M' 'M' 'M' 'M' 'M' 'M' 'M' 'M' 'M' 'M' 'M' 'M' 'M' 'M' 'M'
 'M' 'M' 'M' 'M' 'M' 'M' 'M' 'M' 'M' 'M' 'M' 'M' 'M' 'M' 'M' 'M' 'M' 'M'
 'M' 'M' 'M' 'M' 'U' 'M' 'M' 'M' 'M' 'M' 'M' 'M' 'M' 'M' 'M' 'M' 'M' 'M'
 'M' 'M' 'M' 'M' 'M' 'M' 'M' 'M' 'M' 'M' 'M' 'M' 'M' 'M' 'M' 'M' 'M' 'M'
 'M' 'M' 'M' 'M' 'M' 'M' 'U' 'M' 'A' 'U' 'A' 'U' 'U' 'M' 'M' 'M' 'M' 'M'
 'M' 'M' 'M' 'M' 'M' 'M' 'M' 'M' 'M' 'U' 'M' 'M' 'M' 'M' 'M' 'M' 'M' 'M'
 'M' 'M' 'M' 'M' 'M' 'M' 'M' 'M' 'M' 'M' 'M' 'M' 'M' 'M' 'M' 'M' 'M' 'M'
 'U' 'M' 'M' 'U' 'M' 'M' 'M' 'M' 'M' 'M' 'M' 'M' 'M' 'M' 'M' 'M' 'M' 'M']"
9901,0,187,5,182,11,0,0,"['A' 'M' 'M' 'M' 'M' 'M' 'M' 'M' 'M' 'M' 'M' 'M' 'M' 'M' 'M' 'M' 'U' 'M'
 'M' 'M' 'M' 'M' 'M' 'M' 'M' 'M' 'M' 'M' 'M' 'M' 'M' 'M' 'M' 'M' 'M' 'M'
 'M' 'U' 'M' 'M' 'M' 'M' 'M' 'M' 'M' 'M' 'M' 'M' 'M' 'M' 'M' 'M' 'M' 'M'
 'M' 'M' 'M' 'M' 'M' 'M' 'M' 'M' 'M' 'M' 'M' 'M' 'M' 'M' 'M' 'M' 'M' 'M'
 'M' 'M' 'M' 'M' 'M' 'M' 'M' 'M' 'M' 'M' 'M' 'M' 'M' 'M' 'U' 'M' 'M' 'M'
 'M' 'M' 'M' 'M' 'M' 'M' 'M' 'M' 'M' 'M' 'M' 'M' 'M' 'M' 'M' 'M' 'M' 'M'
 'M' 'M' 'M' 'M' 'M' 'M' 'M' 'M' 'M' 'U' 'M' 'M' 'M' 'M' 'M' 'M' 'M' 'M'
 'M' 'M' 'M' 'M' 'M' 'M' 'U' 'U' 'A' 'A' 'A' 'A' 'U' 'M' 'M' 'M' 'M' 'M'
 'M' 'M' 'M' 'M' 'M' 'M' 'M' 'M' 'M' 'U' 'M' 'M' 'M' 'M' 'M' 'M' 'M' 'M'
 'M' 'U' 'M' 'M' 'M' 'M' 'M' 'M' 'M' 'M' 'M' 'M' 'M' 'M' 'M' 'M' 'M' 'M'
 'U' 'M' 'M' 'U' 'M' 'M' 'M' 'M' 'M' 'M' 'M' 'M' 'M' 'M' 'M' 'M' 'M' 'M']"
10001,0,188,4,184,10,0,0,"['A' 'M' 'U' 'M' 'M' 'M' 'M' 'M' 'M' 'M' 'M' 'M' 'M' 'M' 'M' 'M' 'M' 'M'
 'M' 'M' 'M' 'M' 'M' 'M' 'M' 'M' 'M' 'M' 'M' 'M' 'U' 'M' 'M' 'M' 'M' 'M'
 'M' 'M' 'M' 'M' 'M' 'M' 'M' 'M' 'M' 'M' 'M' 'M' 'M' 'M' 'M' 'M' 'M' 'M'
 'M' 'M' 'M' 'M' 'M' 'M' 'M' 'M' 'M' 'M' 'M' 'M' 'M' 'M' 'M' 'M' 'M' 'M'
 'M' 'M' 'M' 'M' 'M' 'M' 'M' 'M' 'M' 'M' 'M' 'M' 'M' 'M' 'U' 'M' 'M' 'M'
 'M' 'M' 'M' 'M' 'M' 'M' 'M' 'M' 'M' 'M' 'M' 'M' 'M' 'M' 'M' 'M' 'M' 'M'
 'M' 'M' 'M' 'M' 'M' 'M' 'M' 'M' 'M' 'U' 'M' 'M' 'M' 'M' 'M' 'M' 'M' 'M'
 'M' 'M' 'M' 'M' 'M' 'M' 'U' 'U' 'U' 'A' 'A' 'A' 'U' 'M' 'M' 'M' 'M' 'M'
 'M' 'M' 'M' 'M' 'M' 'M' 'M' 'M' 'M' 'U' 'M' 'M' 'M' 'M' 'M' 'M' 'M' 'M'
 'M' 'U' 'M' 'M' 'M' 'M' 'M' 'M' 'M' 'M' 'M' 'M' 'M' 'M' 'M' 'M' 'M' 'M'
 'M' 'M' 'M' 'M' 'M' 'M' 'M' 'M' 'M' 'M' 'M' 'M' 'M' 'M' 'M' 'M' 'M' 'M']"
10101,1,190,6,184,8,0,0,"['A' 'M' 'U' 'M' 'M' 'M' 'M' 'M' 'M' 'M' 'M' 'M' 'M' 'M' 'M' 'M' 'M' 'M'
 'M' 'M' 'M' 'M' 'M' 'M' 'M' 'M' 'M' 'M' 'M' 'M' 'M' 'M' 'M' 'M' 'M' 'M'
 'M' 'M' 'M' 'M' 'M' 'M' 'M' 'M' 'M' 'M' 'M' 'M' 'M' 'M' 'M' 'M' 'M' 'M'
 'U' 'M' 'M' 'M' 'M' 'M' 'M' 'M' 'M' 'M' 'M' 'M' 'M' 'M' 'M' 'M' 'M' 'M'
 'M' 'M' 'M' 'M' 'M' 'M' 'M' 'M' 'M' 'U' 'M' 'M' 'M' 'M' 'M' 'M' 'M' 'M'
 'M' 'M' 'M' 'M' 'M' 'M' 'M' 'M' 'M' 'M' 'M' 'M' 'M' 'M' 'M' 'M' 'M' 'M'
 'M' 'M' 'M' 'M' 'M' 'M' 'M' 'M' 'M' 'U' 'M' 'M' 'M' 'M' 'M' 'M' 'M' 'M'
 'M' 'M' 'M' 'M' 'M' 'M' 'A' 'A' 'A' 'A' 'A' 'U' 'U' 'M' 'M' 'M' 'M' 'M'
 'M' 'M' 'M' 'M' 'M' 'M' 'M' 'M' 'M' 'U' 'M' 'M' 'M' 'M' 'M' 'M' 'M' 'M'
 'M' 'M' 'M' 'M' 'M' 'M' 'M' 'M' 'M' 'M' 'M' 'M' 'M' 'M' 'M' 'M' 'M' 'M'
 'M' 'M' 'M' 'U' 'M' 'M' 'M' 'M' 'M' 'M' 'M' 'M' 'M' 'M' 'M' 'M' 'M' 'M']"
10201,0,192,7,185,6,0,0,"['A' 'M' 'U' 'M' 'M' 'M' 'M' 'M' 'M' 'U' 'M' 'M' 'M' 'M' 'M' 'M' 'M' 'M'
 'M' 'M' 'M' 'M' 'M' 'M' 'M' 'M' 'M' 'M' 'M' 'M' 'M' 'M' 'M' 'M' 'M' 'M'
 'M' 'M' 'M' 'M' 'M' 'M' 'M' 'M' 'M' 'M' 'M' 'M' 'M' 'M' 'M' 'M' 'M' 'M'
 'U' 'M' 'M' 'M' 'M' 'M' 'M' 'M' 'M' 'M' 'M' 'M' 'M' 'M' 'M' 'M' 'M' 'M'
 'M' 'M' 'M' 'M' 'M' 'M' 'M' 'M' 'U' 'M' 'M' 'M' 'M' 'M' 'M' 'M' 'M' 'M'
 'M' 'M' 'M' 'M' 'M' 'M' 'M' 'M' 'M' 'M' 'M' 'M' 'M' 'M' 'M' 'M' 'M' 'M'
 'M' 'M' 'M' 'M' 'M' 'M' 'M' 'M' 'M' 'U' 'M' 'M' 'M' 'M' 'M' 'M' 'M' 'M'
 'M' 'M' 'M' 'M' 'M' 'M' 'A' 'A' 'A' 'A' 'A' 'U' 'A' 'M' 'M' 'M' 'M' 'M'
 'M' 'M' 'M' 'M' 'M' 'M' 'M' 'M' 'M' 'M' 'M' 'M' 'M' 'M' 'M' 'M' 'M' 'M'
 'M' 'M' 'M' 'M' 'M' 'M' 'M' 'M' 'M' 'M' 'M' 'M' 'M' 'M' 'M' 'M' 'M' 'M'
 'M' 'M' 'M' 'M' 'M' 'M' 'M' 'M' 'M' 'M' 'M' 'M' 'M' 'M' 'M' 'M' 'M' 'M']"
10301,0,186,5,181,12,0,1,"['A' 'M' 'M' 'M' 'M' 'M' 'M' 'M' 'U' 'U' 'M' 'M' 'M' 'M' 'M' 'M' 'M' 'M'
 'U' 'M' 'M' 'M' 'M' 'M' 'M' 'M' 'M' 'M' 'M' 'M' 'M' 'M' 'M' 'M' 'M' 'M'
 'M' 'M' 'M' 'M' 'M' 'M' 'M' 'M' 'M' 'M' 'M' 'M' 'M' 'M' 'M' 'M' 'M' 'M'
 'U' 'M' 'M' 'M' 'M' 'M' 'M' 'M' 'M' 'M' 'M' 'U' 'M' 'M' 'M' 'M' 'M' 'M'
 'M' 'M' 'M' 'M' 'M' 'M' 'M' 'M' 'M' 'M' 'M' 'M' 'M' 'M' 'M' 'M' 'M' 'M'
 'M' 'M' 'M' 'M' 'M' 'M' 'M' 'M' 'M' 'M' 'M' 'M' 'M' 'M' 'M' 'M' 'M' 'U'
 'M' 'M' 'M' 'M' 'M' 'M' 'M' 'M' 'M' 'A' 'M' 'M' 'M' 'M' 'M' 'M' 'M' 'M'
 'M' 'M' 'M' 'M' 'M' 'M' 'A' 'A' 'U' 'A' 'U' 'U' 'U' 'M' 'M' 'M' 'M' 'M'
 'M' 'M' 'M' 'M' 'M' 'U' 'M' 'M' 'M' 'M' 'M' 'M' 'M' 'M' 'M' 'M' 'M' 'M'
 'M' 'M' 'M' 'M' 'M' 'M' 'M' 'M' 'M' 'M' 'M' 'M' 'M' 'M' 'M' 'M' 'M' 'M'
 'M' 'M' 'M' 'M' 'M' 'M' 'M' 'M' 'M' 'M' 'M' 'M' 'M' 'U' 'M' 'M' 'M' 'M']"
10401,0,188,4,184,10,0,0,"['A' 'M' 'M' 'M' 'M' 'M' 'M' 'M' 'M' 'U' 'M' 'M' 'M' 'M' 'M' 'M' 'M' 'M'
 'M' 'M' 'M' 'M' 'M' 'M' 'M' 'M' 'M' 'M' 'M' 'M' 'M' 'M' 'M' 'M' 'M' 'M'
 'M' 'M' 'M' 'M' 'M' 'M' 'M' 'M' 'M' 'M' 'M' 'M' 'M' 'M' 'M' 'M' 'M' 'M'
 'M' 'M' 'M' 'M' 'M' 'M' 'M' 'M' 'M' 'M' 'M' 'M' 'U' 'M' 'M' 'M' 'M' 'M'
 'M' 'M' 'M' 'M' 'M' 'M' 'M' 'M' 'M' 'M' 'M' 'M' 'M' 'M' 'M' 'M' 'M' 'M'
 'M' 'M' 'M' 'M' 'M' 'M' 'M' 'M' 'M' 'M' 'M' 'M' 'M' 'M' 'M' 'M' 'U' 'U'
 'M' 'M' 'M' 'M' 'M' 'M' 'M' 'M' 'M' 'A' 'M' 'M' 'M' 'M' 'M' 'M' 'M' 'M'
 'M' 'M' 'M' 'M' 'M' 'M' 'A' 'U' 'M' 'A' 'U' 'M' 'U' 'M' 'M' 'M' 'M' 'M'
 'M' 'M' 'M' 'M' 'M' 'U' 'M' 'M' 'M' 'M' 'M' 'M' 'M' 'M' 'M' 'M' 'M' 'M'
 'M' 'M' 'M' 'M' 'M' 'M' 'M' 'M' 'M' 'M' 'M' 'M' 'M' 'M' 'M' 'M' 'M' 'M'
 'M' 'M' 'M' 'M' 'U' 'M' 'M' 'M' 'M' 'M' 'M' 'M' 'M' 'U' 'M' 'M' 'M' 'M']"
10501,1,191,5,186,7,0,0,"['A' 'M' 'M' 'M' 'M' 'M' 'M' 'M' 'M' 'U' 'M' 'M' 'M' 'M' 'M' 'M' 'M' 'M'
 'M' 'M' 'M' 'M' 'M' 'M' 'M' 'M' 'M' 'M' 'M' 'M' 'M' 'M' 'M' 'M' 'M' 'M'
 'M' 'M' 'M' 'M' 'M' 'M' 'M' 'M' 'M' 'M' 'M' 'M' 'M' 'M' 'M' 'M' 'M' 'M'
 'M' 'M' 'M' 'M' 'M' 'M' 'M' 'M' 'M' 'M' 'M' 'M' 'M' 'M' 'M' 'M' 'M' 'M'
 'M' 'M' 'M' 'M' 'M' 'M' 'M' 'M' 'U' 'M' 'M' 'M' 'M' 'M' 'M' 'M' 'M' 'M'
 'M' 'M' 'M' 'M' 'M' 'M' 'M' 'M' 'M' 'M' 'M' 'M' 'M' 'M' 'M' 'M' 'U' 'U'
 'M' 'M' 'M' 'M' 'M' 'M' 'M' 'M' 'M' 'M' 'M' 'M' 'M' 'M' 'M' 'M' 'M' 'M'
 'M' 'M' 'M' 'M' 'M' 'U' 'A' 'A' 'U' 'A' 'A' 'M' 'M' 'M' 'M' 'M' 'M' 'M'
 'M' 'M' 'M' 'M' 'M' 'U' 'M' 'M' 'M' 'M' 'M' 'M' 'M' 'M' 'M' 'M' 'M' 'M'
 'M' 'M' 'M' 'M' 'M' 'M' 'M' 'M' 'M' 'M' 'M' 'M' 'M' 'M' 'M' 'M' 'M' 'M'
 'M' 'M' 'M' 'M' 'M' 'M' 'M' 'M' 'M' 'M' 'M' 'M' 'M' 'M' 'M' 'M' 'M' 'M']"
10601,1,188,5,183,10,0,0,"['A' 'M' 'M' 'M' 'M' 'M' 'M' 'M' 'M' 'M' 'M' 'M' 'M' 'M' 'M' 'M' 'M' 'M'
 'M' 'M' 'M' 'M' 'M' 'M' 'M' 'M' 'M' 'M' 'M' 'M' 'M' 'M' 'U' 'M' 'M' 'M'
 'M' 'M' 'M' 'M' 'M' 'M' 'M' 'M' 'M' 'M' 'M' 'M' 'M' 'M' 'M' 'U' 'M' 'M'
 'M' 'M' 'M' 'M' 'M' 'M' 'M' 'M' 'M' 'M' 'M' 'U' 'M' 'M' 'M' 'M' 'M' 'M'
 'M' 'M' 'M' 'M' 'M' 'M' 'M' 'M' 'M' 'M' 'M' 'M' 'M' 'M' 'M' 'M' 'M' 'M'
 'M' 'M' 'M' 'M' 'M' 'M' 'M' 'M' 'M' 'M' 'M' 'M' 'M' 'M' 'M' 'M' 'U' 'U'
 'M' 'M' 'M' 'M' 'M' 'M' 'M' 'M' 'M' 'M' 'M' 'M' 'M' 'M' 'M' 'M' 'M' 'M'
 'M' 'M' 'M' 'M' 'M' 'U' 'A' 'A' 'U' 'A' 'A' 'U' 'M' 'M' 'M' 'M' 'M' 'M'
 'M' 'M' 'M' 'M' 'M' 'U' 'M' 'M' 'M' 'M' 'M' 'M' 'M' 'M' 'M' 'M' 'M' 'M'
 'M' 'M' 'M' 'M' 'M' 'M' 'M' 'M' 'M' 'M' 'M' 'M' 'M' 'M' 'M' 'M' 'M' 'M'
 'M' 'M' 'M' 'M' 'M' 'U' 'M' 'M' 'M' 'M' 'M' 'M' 'M' 'M' 'M' 'M' 'M' 'M']"
10701,0,186,5,181,12,0,0,"['A' 'M' 'M' 'M' 'M' 'M' 'M' 'M' 'M' 'M' 'M' 'M' 'M' 'M' 'M' 'M' 'M' 'M'
 'M' 'M' 'M' 'M' 'M' 'M' 'M' 'M' 'M' 'M' 'M' 'M' 'M' 'M' 'U' 'M' 'M' 'M'
 'M' 'M' 'M' 'M' 'M' 'M' 'M' 'M' 'M' 'M' 'M' 'M' 'M' 'M' 'M' 'U' 'M' 'M'
 'M' 'M' 'M' 'M' 'M' 'M' 'M' 'M' 'M' 'M' 'M' 'M' 'M' 'M' 'M' 'M' 'M' 'M'
 'M' 'M' 'M' 'M' 'M' 'M' 'M' 'M' 'M' 'M' 'M' 'M' 'M' 'U' 'M' 'M' 'M' 'M'
 'M' 'M' 'M' 'M' 'M' 'M' 'M' 'M' 'M' 'M' 'M' 'M' 'M' 'U' 'M' 'M' 'U' 'U'
 'M' 'M' 'M' 'M' 'M' 'M' 'M' 'M' 'M' 'M' 'M' 'M' 'M' 'M' 'M' 'M' 'M' 'M'
 'M' 'M' 'M' 'M' 'M' 'U' 'U' 'A' 'A' 'A' 'M' 'U' 'A' 'M' 'M' 'M' 'M' 'M'
 'M' 'M' 'M' 'M' 'M' 'U' 'M' 'M' 'M' 'M' 'M' 'M' 'M' 'M' 'M' 'M' 'M' 'M'
 'M' 'M' 'M' 'M' 'M' 'U' 'M' 'M' 'M' 'U' 'M' 'M' 'M' 'M' 'M' 'M' 'M' 'M'
 'M' 'M' 'M' 'M' 'M' 'M' 'M' 'M' 'M' 'M' 'M' 'M' 'M' 'M' 'M' 'M' 'M' 'M']"
10801,0,184,2,182,14,0,1,"['A' 'M' 'M' 'M' 'M' 'M' 'M' 'M' 'M' 'M' 'M' 'M' 'M' 'M' 'M' 'M' 'M' 'M'
 'M' 'M' 'M' 'M' 'M' 'M' 'M' 'M' 'M' 'U' 'M' 'M' 'M' 'M' 'M' 'M' 'M' 'M'
 'M' 'M' 'M' 'M' 'M' 'M' 'M' 'M' 'M' 'M' 'M' 'M' 'M' 'M' 'M' 'U' 'M' 'M'
 'M' 'M' 'M' 'M' 'M' 'M' 'M' 'M' 'M' 'M' 'M' 'M' 'M' 'M' 'M' 'M' 'M' 'M'
 'M' 'M' 'M' 'M' 'M' 'U' 'M' 'M' 'M' 'M' 'M' 'M' 'M' 'M' 'M' 'M' 'M' 'M'
 'M' 'M' 'M' 'M' 'M' 'M' 'M' 'M' 'M' 'M' 'M' 'M' 'M' 'U' 'M' 'M' 'U' 'U'
 'M' 'M' 'M' 'M' 'M' 'M' 'M' 'M' 'M' 'M' 'M' 'M' 'M' 'M' 'M' 'M' 'M' 'M'
 'M' 'M' 'M' 'M' 'M' 'U' 'U' 'M' 'U' 'U' 'M' 'U' 'A' 'M' 'M' 'M' 'M' 'M'
 'M' 'M' 'M' 'M' 'M' 'U' 'M' 'M' 'M' 'M' 'M' 'M' 'M' 'M' 'M' 'M' 'M' 'M'
 'M' 'M' 'M' 'M' 'M' 'U' 'M' 'M' 'M' 'U' 'M' 'M' 'M' 'M' 'M' 'M' 'M' 'M'
 'M' 'M' 'M' 'M' 'M' 'M' 'M' 'M' 'M' 'M' 'M' 'M' 'M' 'M' 'M' 'M' 'M' 'M']"
10901,0,188,8,180,10,0,0,"['A' 'M' 'M' 'U' 'M' 'M' 'M' 'M' 'M' 'M' 'M' 'M' 'M' 'M' 'M' 'M' 'M' 'M'
 'M' 'M' 'M' 'M' 'M' 'M' 'M' 'M' 'M' 'M' 'M' 'M' 'M' 'M' 'M' 'M' 'M' 'M'
 'M' 'M' 'M' 'M' 'M' 'M' 'M' 'M' 'M' 'M' 'M' 'M' 'M' 'M' 'M' 'U' 'M' 'M'
 'M' 'M' 'M' 'M' 'M' 'M' 'M' 'M' 'M' 'M' 'M' 'M' 'M' 'M' 'M' 'M' 'M' 'M'
 'M' 'M' 'U' 'M' 'M' 'M' 'M' 'M' 'M' 'M' 'M' 'M' 'M' 'M' 'M' 'M' 'M' 'M'
 'M' 'M' 'M' 'M' 'M' 'M' 'M' 'M' 'M' 'M' 'M' 'M' 'M' 'U' 'M' 'M' 'U' 'U'
 'M' 'M' 'M' 'M' 'M' 'M' 'M' 'M' 'M' 'M' 'M' 'M' 'M' 'M' 'M' 'M' 'M' 'M'
 'M' 'M' 'M' 'M' 'M' 'U' 'A' 'A' 'A' 'A' 'A' 'A' 'A' 'M' 'M' 'M' 'M' 'M'
 'M' 'M' 'M' 'M' 'M' 'U' 'M' 'M' 'M' 'M' 'M' 'M' 'M' 'M' 'M' 'M' 'M' 'M'
 'M' 'M' 'M' 'M' 'M' 'U' 'M' 'M' 'M' 'M' 'M' 'M' 'M' 'M' 'M' 'M' 'M' 'M'
 'M' 'M' 'M' 'M' 'M' 'M' 'M' 'M' 'M' 'M' 'M' 'M' 'M' 'M' 'M' 'U' 'M' 'M']"
11001,1,186,4,182,12,0,0,"['A' 'M' 'M' 'U' 'M' 'M' 'M' 'M' 'M' 'M' 'M' 'M' 'M' 'M' 'M' 'M' 'M' 'M'
 'M' 'M' 'M' 'M' 'M' 'M' 'M' 'M' 'M' 'M' 'M' 'M' 'M' 'M' 'M' 'M' 'M' 'M'
 'M' 'M' 'M' 'M' 'M' 'M' 'M' 'M' 'M' 'M' 'M' 'M' 'M' 'M' 'M' 'M' 'M' 'M'
 'M' 'M' 'M' 'M' 'M' 'M' 'M' 'M' 'M' 'M' 'M' 'M' 'M' 'M' 'U' 'M' 'M' 'M'
 'M' 'M' 'M' 'M' 'M' 'M' 'M' 'M' 'M' 'M' 'M' 'M' 'M' 'M' 'M' 'M' 'M' 'M'
 'M' 'M' 'M' 'M' 'M' 'M' 'M' 'M' 'M' 'M' 'M' 'M' 'M' 'M' 'M' 'M' 'U' 'U'
 'M' 'M' 'M' 'M' 'M' 'M' 'M' 'M' 'M' 'M' 'M' 'M' 'M' 'M' 'M' 'M' 'M' 'M'
 'M' 'M' 'M' 'M' 'M' 'U' 'A' 'A' 'A' 'M' 'U' 'U' 'U' 'U' 'M' 'M' 'M' 'M'
 'M' 'M' 'M' 'M' 'M' 'M' 'M' 'M' 'M' 'M' 'M' 'M' 'M' 'M' 'M' 'M' 'M' 'M'
 'M' 'M' 'M' 'M' 'M' 'U' 'M' 'M' 'M' 'M' 'M' 'M' 'M' 'U' 'M' 'M' 'M' 'M'
 'M' 'M' 'M' 'M' 'M' 'M' 'M' 'M' 'M' 'M' 'M' 'M' 'M' 'M' 'M' 'U' 'M' 'M']"
11101,1,185,7,178,13,0,0,"['A' 'M' 'M' 'M' 'M' 'M' 'M' 'M' 'M' 'M' 'M' 'M' 'M' 'M' 'M' 'M' 'M' 'M'
 'M' 'M' 'M' 'M' 'M' 'M' 'M' 'M' 'M' 'M' 'M' 'M' 'M' 'M' 'M' 'U' 'M' 'M'
 'M' 'M' 'M' 'M' 'M' 'M' 'M' 'M' 'M' 'M' 'M' 'M' 'M' 'M' 'M' 'M' 'M' 'M'
 'M' 'M' 'M' 'M' 'M' 'M' 'M' 'M' 'M' 'M' 'U' 'M' 'M' 'M' 'M' 'M' 'M' 'M'
 'M' 'M' 'M' 'M' 'U' 'M' 'M' 'M' 'M' 'M' 'M' 'M' 'M' 'M' 'M' 'M' 'M' 'M'
 'M' 'M' 'M' 'M' 'M' 'M' 'M' 'M' 'M' 'M' 'M' 'M' 'M' 'M' 'M' 'M' 'U' 'U'
 'M' 'M' 'M' 'M' 'M' 'M' 'M' 'M' 'M' 'M' 'M' 'M' 'M' 'M' 'M' 'M' 'M' 'M'
 'M' 'M' 'M' 'M' 'M' 'A' 'A' 'U' 'A' 'A' 'A' 'U' 'A' 'M' 'M' 'M' 'U' 'M'
 'M' 'M' 'M' 'M' 'M' 'M' 'M' 'M' 'M' 'M' 'M' 'M' 'M' 'M' 'M' 'M' 'M' 'M'
 'M' 'M' 'M' 'M' 'M' 'U' 'M' 'M' 'U' 'M' 'M' 'M' 'M' 'U' 'M' 'M' 'M' 'M'
 'M' 'M' 'M' 'M' 'M' 'M' 'M' 'M' 'U' 'M' 'M' 'M' 'M' 'M' 'M' 'U' 'M' 'M']"
11201,0,184,6,178,14,0,0,"['A' 'M' 'M' 'M' 'M' 'M' 'M' 'M' 'M' 'M' 'M' 'M' 'M' 'M' 'M' 'M' 'M' 'M'
 'M' 'M' 'M' 'M' 'M' 'M' 'M' 'M' 'M' 'M' 'M' 'M' 'U' 'M' 'M' 'U' 'M' 'M'
 'M' 'M' 'M' 'M' 'M' 'M' 'M' 'M' 'M' 'M' 'M' 'M' 'M' 'M' 'M' 'M' 'M' 'M'
 'M' 'M' 'M' 'M' 'M' 'M' 'M' 'M' 'M' 'M' 'U' 'M' 'M' 'M' 'M' 'M' 'M' 'M'
 'M' 'M' 'M' 'M' 'M' 'M' 'M' 'U' 'M' 'M' 'M' 'M' 'M' 'M' 'M' 'M' 'M' 'M'
 'M' 'M' 'M' 'M' 'M' 'M' 'M' 'M' 'M' 'M' 'M' 'M' 'M' 'M' 'M' 'M' 'U' 'U'
 'M' 'M' 'M' 'M' 'M' 'M' 'M' 'M' 'M' 'M' 'M' 'M' 'M' 'M' 'M' 'M' 'M' 'M'
 'M' 'M' 'M' 'M' 'M' 'A' 'A' 'U' 'A' 'A' 'U' 'U' 'A' 'M' 'M' 'M' 'U' 'M'
 'M' 'M' 'M' 'M' 'M' 'M' 'M' 'M' 'M' 'M' 'M' 'M' 'M' 'M' 'M' 'M' 'M' 'M'
 'M' 'M' 'M' 'M' 'M' 'U' 'M' 'M' 'U' 'M' 'M' 'M' 'M' 'M' 'M' 'M' 'M' 'M'
 'M' 'M' 'M' 'M' 'M' 'M' 'M' 'M' 'U' 'M' 'M' 'M' 'M' 'M' 'M' 'U' 'M' 'M']"
11301,0,181,4,177,17,0,0,"['A' 'M' 'M' 'M' 'M' 'M' 'M' 'M' 'M' 'M' 'M' 'M' 'M' 'M' 'M' 'M' 'M' 'M'
 'M' 'M' 'M' 'M' 'M' 'M' 'M' 'M' 'M' 'M' 'M' 'M' 'M' 'M' 'M' 'A' 'M' 'M'
 'M' 'M' 'M' 'M' 'M' 'M' 'M' 'M' 'M' 'M' 'M' 'M' 'M' 'M' 'M' 'M' 'M' 'M'
 'M' 'M' 'M' 'M' 'M' 'M' 'M' 'M' 'M' 'M' 'M' 'M' 'M' 'M' 'M' 'M' 'M' 'M'
 'M' 'M' 'M' 'M' 'M' 'M' 'M' 'M' 'M' 'M' 'M' 'M' 'M' 'M' 'M' 'M' 'M' 'M'
 'M' 'M' 'U' 'M' 'M' 'M' 'M' 'M' 'M' 'M' 'M' 'M' 'M' 'M' 'M' 'M' 'U' 'U'
 'M' 'U' 'M' 'M' 'M' 'M' 'M' 'M' 'U' 'M' 'M' 'M' 'M' 'M' 'M' 'M' 'M' 'M'
 'M' 'M' 'M' 'M' 'M' 'A' 'A' 'U' 'U' 'U' 'U' 'U' 'U' 'M' 'M' 'M' 'U' 'M'
 'M' 'M' 'M' 'M' 'M' 'U' 'M' 'M' 'M' 'M' 'M' 'M' 'M' 'M' 'M' 'M' 'M' 'M'
 'M' 'M' 'M' 'M' 'M' 'U' 'M' 'M' 'U' 'M' 'M' 'M' 'M' 'M' 'M' 'M' 'M' 'M'
 'M' 'M' 'M' 'M' 'M' 'M' 'M' 'M' 'U' 'M' 'M' 'M' 'M' 'M' 'M' 'U' 'M' 'M']"
11401,0,181,6,175,17,0,0,"['A' 'M' 'M' 'M' 'M' 'M' 'M' 'M' 'M' 'M' 'M' 'M' 'M' 'M' 'M' 'M' 'M' 'M'
 'M' 'M' 'M' 'M' 'M' 'M' 'M' 'M' 'M' 'M' 'M' 'M' 'U' 'M' 'M' 'A' 'M' 'M'
 'M' 'M' 'M' 'M' 'M' 'M' 'M' 'M' 'M' 'M' 'M' 'M' 'M' 'M' 'M' 'M' 'M' 'M'
 'M' 'M' 'M' 'M' 'M' 'M' 'M' 'M' 'M' 'M' 'M' 'M' 'U' 'M' 'M' 'M' 'M' 'M'
 'M' 'M' 'M' 'M' 'M' 'M' 'M' 'M' 'M' 'M' 'M' 'M' 'M' 'M' 'M' 'M' 'M' 'M'
 'M' 'M' 'M' 'M' 'M' 'M' 'M' 'M' 'U' 'M' 'M' 'M' 'M' 'M' 'M' 'M' 'U' 'U'
 'M' 'U' 'M' 'M' 'M' 'M' 'M' 'M' 'U' 'M' 'M' 'M' 'M' 'U' 'M' 'M' 'M' 'M'
 'M' 'M' 'M' 'M' 'M' 'A' 'A' 'U' 'U' 'A' 'A' 'U' 'U' 'M' 'M' 'M' 'U' 'M'
 'M' 'M' 'M' 'M' 'M' 'U' 'M' 'M' 'M' 'M' 'M' 'M' 'M' 'M' 'M' 'M' 'M' 'M'
 'M' 'M' 'M' 'M' 'M' 'M' 'M' 'M' 'U' 'M' 'M' 'M' 'M' 'M' 'M' 'M' 'M' 'M'
 'M' 'M' 'M' 'M' 'M' 'M' 'M' 'M' 'M' 'M' 'U' 'M' 'M' 'M' 'M' 'U' 'M' 'M']"
11501,0,186,9,177,12,0,0,"['A' 'M' 'M' 'M' 'M' 'M' 'M' 'M' 'M' 'M' 'M' 'M' 'M' 'M' 'M' 'M' 'M' 'M'
 'M' 'M' 'M' 'M' 'M' 'M' 'M' 'M' 'M' 'M' 'M' 'M' 'U' 'M' 'M' 'A' 'M' 'M'
 'M' 'M' 'M' 'M' 'M' 'M' 'M' 'M' 'M' 'M' 'M' 'M' 'M' 'M' 'M' 'M' 'M' 'M'
 'M' 'M' 'M' 'M' 'M' 'M' 'M' 'M' 'M' 'M' 'M' 'M' 'M' 'M' 'M' 'M' 'M' 'M'
 'M' 'M' 'M' 'M' 'M' 'M' 'M' 'M' 'M' 'M' 'M' 'M' 'M' 'M' 'M' 'M' 'M' 'M'
 'M' 'M' 'M' 'U' 'M' 'M' 'M' 'M' 'M' 'M' 'M' 'M' 'M' 'U' 'M' 'M' 'M' 'U'
 'M' 'U' 'M' 'M' 'M' 'M' 'M' 'M' 'U' 'M' 'M' 'M' 'M' 'M' 'M' 'M' 'M' 'U'
 'M' 'M' 'M' 'M' 'M' 'A' 'A' 'A' 'A' 'A' 'A' 'A' 'U' 'M' 'M' 'M' 'M' 'M'
 'M' 'M' 'M' 'M' 'M' 'U' 'M' 'M' 'M' 'M' 'M' 'M' 'M' 'M' 'M' 'M' 'M' 'M'
 'M' 'M' 'M' 'M' 'M' 'M' 'M' 'M' 'U' 'M' 'M' 'M' 'M' 'M' 'M' 'M' 'M' 'M'
 'M' 'M' 'M' 'U' 'M' 'M' 'M' 'M' 'M' 'M' 'M' 'M' 'M' 'M' 'M' 'U' 'M' 'M']"
11601,0,182,5,177,16,0,0,"['A' 'M' 'M' 'M' 'M' 'M' 'U' 'M' 'U' 'M' 'M' 'M' 'M' 'M' 'M' 'M' 'M' 'M'
 'M' 'M' 'M' 'M' 'M' 'M' 'M' 'M' 'M' 'M' 'M' 'M' 'U' 'M' 'M' 'U' 'M' 'M'
 'M' 'M' 'M' 'M' 'U' 'M' 'M' 'M' 'M' 'M' 'M' 'M' 'M' 'M' 'M' 'M' 'M' 'M'
 'M' 'M' 'M' 'M' 'M' 'M' 'M' 'M' 'M' 'M' 'M' 'M' 'M' 'M' 'M' 'M' 'M' 'M'
 'M' 'M' 'M' 'M' 'M' 'M' 'M' 'M' 'M' 'M' 'M' 'M' 'U' 'M' 'M' 'M' 'M' 'M'
 'M' 'M' 'M' 'M' 'M' 'U' 'M' 'M' 'M' 'M' 'M' 'M' 'M' 'U' 'M' 'M' 'M' 'U'
 'M' 'M' 'M' 'M' 'M' 'M' 'M' 'M' 'U' 'M' 'M' 'M' 'M' 'M' 'M' 'M' 'M' 'M'
 'M' 'M' 'M' 'M' 'M' 'U' 'A' 'A' 'A' 'U' 'A' 'U' 'U' 'M' 'M' 'M' 'M' 'M'
 'M' 'M' 'M' 'M' 'M' 'U' 'M' 'M' 'M' 'M' 'M' 'M' 'M' 'M' 'M' 'M' 'M' 'M'
 'M' 'M' 'M' 'M' 'M' 'M' 'M' 'M' 'U' 'M' 'M' 'M' 'M' 'M' 'M' 'M' 'M' 'M'
 'M' 'M' 'M' 'M' 'M' 'M' 'M' 'M' 'M' 'M' 'M' 'M' 'M' 'M' 'M' 'M' 'M' 'M']"
11701,0,186,7,179,12,0,0,"['A' 'M' 'M' 'M' 'M' 'M' 'M' 'M' 'U' 'M' 'M' 'M' 'M' 'M' 'M' 'M' 'M' 'M'
 'M' 'M' 'M' 'M' 'M' 'M' 'M' 'M' 'M' 'M' 'M' 'M' 'M' 'M' 'M' 'U' 'M' 'M'
 'M' 'M' 'M' 'M' 'U' 'M' 'M' 'M' 'M' 'M' 'M' 'M' 'M' 'M' 'M' 'M' 'M' 'M'
 'M' 'M' 'M' 'M' 'M' 'U' 'M' 'M' 'M' 'M' 'M' 'M' 'M' 'M' 'M' 'M' 'M' 'M'
 'M' 'M' 'M' 'M' 'M' 'M' 'M' 'M' 'M' 'M' 'M' 'M' 'M' 'M' 'M' 'M' 'U' 'M'
 'M' 'M' 'M' 'M' 'M' 'M' 'M' 'M' 'M' 'M' 'M' 'M' 'M' 'U' 'M' 'M' 'M' 'U'
 'M' 'M' 'M' 'M' 'M' 'M' 'M' 'M' 'M' 'M' 'M' 'M' 'M' 'M' 'M' 'U' 'M' 'M'
 'M' 'M' 'M' 'M' 'M' 'U' 'A' 'A' 'A' 'U' 'A' 'A' 'A' 'M' 'M' 'U' 'M' 'M'
 'M' 'M' 'M' 'M' 'M' 'U' 'M' 'M' 'M' 'M' 'M' 'M' 'M' 'M' 'M' 'M' 'M' 'M'
 'M' 'M' 'M' 'M' 'M' 'M' 'M' 'M' 'M' 'M' 'M' 'M' 'M' 'M' 'M' 'M' 'M' 'M'
 'M' 'M' 'M' 'M' 'M' 'M' 'M' 'M' 'M' 'M' 'M' 'M' 'M' 'M' 'M' 'M' 'M' 'M']"
11801,0,185,8,177,13,0,0,"['A' 'M' 'M' 'M' 'M' 'M' 'M' 'M' 'U' 'M' 'M' 'M' 'M' 'U' 'M' 'M' 'M' 'M'
 'M' 'M' 'M' 'M' 'M' 'M' 'M' 'M' 'M' 'M' 'M' 'M' 'M' 'M' 'M' 'U' 'M' 'M'
 'M' 'M' 'M' 'M' 'M' 'M' 'M' 'M' 'M' 'M' 'M' 'M' 'M' 'M' 'M' 'M' 'M' 'M'
 'M' 'M' 'M' 'M' 'M' 'U' 'M' 'M' 'M' 'M' 'M' 'M' 'M' 'M' 'M' 'M' 'M' 'M'
 'M' 'M' 'M' 'M' 'M' 'M' 'M' 'M' 'M' 'M' 'M' 'M' 'M' 'M' 'M' 'M' 'M' 'U'
 'M' 'M' 'M' 'M' 'M' 'M' 'M' 'M' 'M' 'M' 'M' 'M' 'M' 'U' 'M' 'M' 'M' 'U'
 'M' 'M' 'M' 'M' 'M' 'M' 'M' 'M' 'M' 'M' 'M' 'M' 'M' 'M' 'M' 'U' 'M' 'M'
 'M' 'M' 'M' 'M' 'M' 'A' 'A' 'A' 'U' 'A' 'A' 'A' 'A' 'M' 'M' 'U' 'M' 'M'
 'M' 'U' 'M' 'M' 'M' 'U' 'M' 'M' 'M' 'M' 'M' 'M' 'M' 'M' 'M' 'M' 'M' 'M'
 'M' 'M' 'M' 'M' 'M' 'M' 'M' 'M' 'M' 'M' 'M' 'U' 'M' 'M' 'M' 'M' 'M' 'M'
 'M' 'M' 'M' 'M' 'M' 'M' 'M' 'M' 'M' 'M' 'M' 'M' 'M' 'M' 'M' 'M' 'M' 'M']"
11901,0,181,7,174,17,0,0,"['A' 'M' 'M' 'M' 'M' 'M' 'M' 'M' 'U' 'M' 'M' 'M' 'M' 'M' 'M' 'M' 'M' 'M'
 'M' 'M' 'M' 'M' 'M' 'U' 'M' 'M' 'M' 'M' 'M' 'M' 'M' 'M' 'M' 'U' 'M' 'M'
 'M' 'M' 'M' 'M' 'M' 'M' 'M' 'M' 'M' 'U' 'M' 'M' 'M' 'M' 'M' 'M' 'M' 'M'
 'M' 'U' 'M' 'M' 'M' 'U' 'M' 'M' 'M' 'U' 'M' 'M' 'M' 'M' 'M' 'M' 'M' 'M'
 'M' 'M' 'M' 'M' 'M' 'M' 'M' 'M' 'M' 'M' 'M' 'M' 'U' 'M' 'M' 'M' 'M' 'M'
 'M' 'M' 'M' 'M' 'M' 'M' 'M' 'M' 'M' 'M' 'M' 'M' 'M' 'U' 'M' 'M' 'M' 'U'
 'M' 'M' 'M' 'M' 'M' 'M' 'M' 'M' 'M' 'M' 'M' 'M' 'M' 'M' 'M' 'M' 'M' 'M'
 'M' 'M' 'M' 'U' 'M' 'A' 'M' 'A' 'A' 'A' 'A' 'U' 'A' 'M' 'M' 'U' 'M' 'U'
 'M' 'U' 'M' 'M' 'M' 'U' 'M' 'M' 'M' 'M' 'M' 'M' 'M' 'M' 'M' 'M' 'M' 'M'
 'M' 'M' 'M' 'M' 'M' 'M' 'M' 'M' 'M' 'M' 'M' 'M' 'M' 'M' 'M' 'M' 'M' 'M'
 'M' 'M' 'M' 'M' 'M' 'M' 'M' 'M' 'M' 'M' 'M' 'M' 'M' 'U' 'M' 'M' 'M' 'M']"
12001,0,185,8,177,13,0,0,"['A' 'M' 'M' 'M' 'M' 'M' 'M' 'M' 'U' 'M' 'M' 'M' 'M' 'M' 'M' 'M' 'M' 'M'
 'M' 'M' 'M' 'M' 'M' 'M' 'M' 'M' 'M' 'M' 'M' 'M' 'M' 'M' 'M' 'U' 'M' 'M'
 'M' 'M' 'M' 'M' 'M' 'M' 'M' 'M' 'M' 'U' 'M' 'M' 'M' 'M' 'M' 'M' 'M' 'M'
 'M' 'U' 'M' 'M' 'M' 'U' 'M' 'M' 'M' 'U' 'M' 'M' 'M' 'U' 'M' 'M' 'M' 'M'
 'M' 'M' 'M' 'M' 'M' 'M' 'M' 'M' 'M' 'M' 'M' 'M' 'M' 'M' 'M' 'M' 'M' 'M'
 'M' 'M' 'M' 'M' 'M' 'M' 'M' 'M' 'M' 'M' 'M' 'M' 'M' 'M' 'M' 'M' 'M' 'M'
 'M' 'M' 'M' 'M' 'M' 'M' 'M' 'M' 'M' 'M' 'M' 'M' 'M' 'M' 'M' 'M' 'M' 'M'
 'M' 'M' 'M' 'U' 'M' 'A' 'A' 'A' 'A' 'A' 'A' 'U' 'A' 'M' 'U' 'M' 'M' 'M'
 'M' 'U' 'M' 'M' 'M' 'U' 'M' 'M' 'U' 'M' 'M' 'M' 'M' 'M' 'M' 'M' 'M' 'M'
 'M' 'M' 'M' 'M' 'M' 'M' 'M' 'M' 'M' 'M' 'M' 'M' 'M' 'M' 'M' 'M' 'M' 'M'
 'M' 'M' 'M' 'M' 'M' 'M' 'M' 'M' 'M' 'M' 'M' 'M' 'M' 'M' 'M' 'M' 'M' 'M']"
12101,2,183,10,173,15,0,0,"['A' 'M' 'M' 'U' 'M' 'M' 'M' 'M' 'U' 'M' 'M' 'M' 'M' 'M' 'M' 'M' 'M' 'M'
 'M' 'M' 'M' 'M' 'M' 'M' 'M' 'M' 'M' 'M' 'M' 'M' 'M' 'M' 'U' 'M' 'M' 'M'
 'M' 'M' 'M' 'M' 'M' 'M' 'M' 'M' 'M' 'A' 'M' 'M' 'M' 'M' 'M' 'M' 'M' 'M'
 'M' 'A' 'M' 'M' 'M' 'U' 'M' 'M' 'U' 'U' 'M' 'M' 'M' 'M' 'M' 'M' 'M' 'M'
 'M' 'M' 'M' 'M' 'M' 'M' 'M' 'M' 'M' 'M' 'M' 'M' 'M' 'M' 'M' 'U' 'M' 'M'
 'M' 'M' 'M' 'M' 'M' 'M' 'M' 'M' 'M' 'M' 'M' 'M' 'M' 'M' 'M' 'M' 'M' 'M'
 'M' 'M' 'M' 'M' 'M' 'M' 'M' 'M' 'M' 'M' 'M' 'M' 'M' 'M' 'M' 'M' 'U' 'M'
 'M' 'M' 'M' 'U' 'M' 'A' 'A' 'A' 'A' 'A' 'A' 'U' 'A' 'M' 'M' 'M' 'M' 'M'
 'M' 'M' 'M' 'M' 'M' 'M' 'M' 'M' 'U' 'M' 'M' 'M' 'M' 'M' 'M' 'M' 'M' 'M'
 'U' 'M' 'M' 'M' 'M' 'M' 'M' 'M' 'M' 'M' 'U' 'M' 'M' 'M' 'M' 'M' 'M' 'M'
 'M' 'M' 'M' 'U' 'M' 'M' 'M' 'M' 'M' 'M' 'M' 'M' 'M' 'U' 'M' 'M' 'M' 'M']"
12201,0,183,9,174,15,0,0,"['A' 'M' 'M' 'M' 'M' 'M' 'M' 'M' 'U' 'M' 'M' 'M' 'M' 'M' 'M' 'M' 'M' 'M'
 'M' 'M' 'M' 'M' 'M' 'M' 'M' 'M' 'M' 'M' 'M' 'M' 'M' 'M' 'U' 'M' 'M' 'M'
 'M' 'M' 'M' 'M' 'M' 'M' 'M' 'M' 'M' 'U' 'M' 'M' 'M' 'M' 'M' 'M' 'M' 'M'
 'M' 'A' 'M' 'M' 'M' 'U' 'M' 'M' 'U' 'M' 'M' 'M' 'M' 'M' 'M' 'M' 'M' 'M'
 'M' 'M' 'M' 'M' 'M' 'M' 'M' 'U' 'M' 'M' 'M' 'M' 'M' 'M' 'M' 'M' 'M' 'M'
 'M' 'M' 'M' 'M' 'M' 'M' 'M' 'M' 'M' 'M' 'M' 'M' 'M' 'M' 'M' 'M' 'M' 'M'
 'M' 'M' 'M' 'M' 'M' 'M' 'M' 'M' 'M' 'U' 'M' 'M' 'M' 'M' 'M' 'M' 'U' 'M'
 'M' 'M' 'M' 'U' 'M' 'A' 'U' 'A' 'A' 'A' 'A' 'A' 'A' 'M' 'M' 'M' 'M' 'M'
 'M' 'M' 'M' 'M' 'M' 'M' 'M' 'M' 'M' 'M' 'U' 'U' 'M' 'M' 'M' 'M' 'M' 'M'
 'M' 'M' 'M' 'M' 'M' 'M' 'M' 'M' 'M' 'M' 'U' 'M' 'M' 'M' 'M' 'M' 'M' 'M'
 'M' 'M' 'M' 'U' 'M' 'M' 'M' 'M' 'M' 'M' 'M' 'M' 'M' 'U' 'M' 'M' 'M' 'M']"
12301,0,186,8,178,12,0,0,"['A' 'M' 'M' 'M' 'M' 'M' 'M' 'M' 'U' 'M' 'M' 'M' 'M' 'M' 'M' 'M' 'M' 'M'
 'M' 'M' 'M' 'M' 'M' 'M' 'M' 'M' 'M' 'M' 'M' 'M' 'M' 'M' 'U' 'M' 'M' 'M'
 'M' 'M' 'M' 'M' 'M' 'M' 'M' 'M' 'M' 'U' 'M' 'M' 'M' 'M' 'M' 'M' 'M' 'M'
 'M' 'A' 'M' 'M' 'M' 'U' 'M' 'M' 'M' 'M' 'M' 'M' 'M' 'M' 'M' 'M' 'M' 'M'
 'M' 'M' 'M' 'M' 'M' 'M' 'M' 'M' 'M' 'M' 'M' 'M' 'M' 'M' 'M' 'M' 'M' 'M'
 'M' 'M' 'U' 'M' 'M' 'M' 'M' 'M' 'M' 'M' 'M' 'M' 'M' 'M' 'M' 'M' 'M' 'M'
 'M' 'M' 'M' 'M' 'M' 'M' 'M' 'M' 'M' 'U' 'M' 'M' 'M' 'M' 'M' 'M' 'M' 'M'
 'U' 'M' 'M' 'M' 'M' 'A' 'A' 'A' 'U' 'A' 'A' 'U' 'A' 'M' 'M' 'M' 'M' 'M'
 'M' 'M' 'M' 'M' 'M' 'M' 'M' 'M' 'M' 'U' 'M' 'U' 'M' 'M' 'M' 'M' 'M' 'M'
 'M' 'M' 'M' 'M' 'M' 'M' 'M' 'M' 'M' 'M' 'U' 'M' 'M' 'M' 'M' 'M' 'M' 'M'
 'M' 'M' 'M' 'M' 'M' 'M' 'M' 'M' 'M' 'M' 'M' 'M' 'M' 'M' 'M' 'M' 'M' 'M']"
12401,0,187,11,176,11,0,0,"['A' 'M' 'M' 'M' 'M' 'M' 'M' 'M' 'M' 'M' 'M' 'M' 'M' 'M' 'M' 'M' 'M' 'M'
 'M' 'M' 'M' 'M' 'M' 'M' 'M' 'M' 'M' 'M' 'M' 'M' 'M' 'M' 'U' 'M' 'M' 'M'
 'M' 'M' 'M' 'M' 'M' 'M' 'M' 'M' 'M' 'U' 'M' 'M' 'U' 'M' 'M' 'M' 'M' 'M'
 'M' 'A' 'M' 'M' 'M' 'U' 'M' 'M' 'M' 'M' 'U' 'M' 'M' 'M' 'M' 'M' 'M' 'M'
 'M' 'M' 'M' 'M' 'M' 'M' 'M' 'M' 'M' 'M' 'M' 'U' 'M' 'M' 'M' 'M' 'M' 'M'
 'M' 'M' 'M' 'M' 'M' 'M' 'M' 'M' 'M' 'M' 'M' 'M' 'M' 'M' 'M' 'M' 'M' 'M'
 'M' 'M' 'M' 'M' 'U' 'M' 'M' 'M' 'M' 'M' 'M' 'M' 'M' 'M' 'M' 'M' 'M' 'M'
 'U' 'M' 'M' 'M' 'M' 'A' 'A' 'A' 'A' 'A' 'A' 'A' 'A' 'M' 'M' 'M' 'M' 'M'
 'M' 'M' 'M' 'M' 'M' 'M' 'M' 'M' 'M' 'U' 'M' 'A' 'M' 'M' 'M' 'M' 'M' 'M'
 'M' 'M' 'M' 'M' 'M' 'M' 'M' 'U' 'M' 'M' 'U' 'M' 'M' 'M' 'M' 'M' 'M' 'M'
 'M' 'M' 'M' 'M' 'M' 'M' 'M' 'M' 'M' 'M' 'M' 'M' 'M' 'M' 'M' 'M' 'M' 'M']"
12501,0,185,7,178,13,0,0,"['A' 'M' 'M' 'M' 'M' 'M' 'M' 'M' 'M' 'M' 'M' 'M' 'M' 'M' 'M' 'M' 'M' 'M'
 'M' 'M' 'M' 'M' 'M' 'M' 'M' 'M' 'M' 'M' 'M' 'M' 'M' 'M' 'U' 'M' 'M' 'U'
 'M' 'M' 'M' 'M' 'M' 'M' 'M' 'M' 'M' 'M' 'M' 'M' 'M' 'M' 'M' 'M' 'M' 'M'
 'M' 'A' 'M' 'M' 'M' 'U' 'M' 'M' 'M' 'M' 'U' 'M' 'M' 'U' 'M' 'M' 'M' 'M'
 'M' 'M' 'M' 'M' 'M' 'M' 'M' 'M' 'M' 'M' 'M' 'M' 'M' 'M' 'M' 'M' 'M' 'M'
 'M' 'M' 'M' 'M' 'M' 'M' 'M' 'M' 'M' 'M' 'M' 'M' 'M' 'M' 'M' 'M' 'M' 'M'
 'M' 'M' 'M' 'M' 'U' 'M' 'M' 'M' 'M' 'U' 'M' 'M' 'M' 'M' 'M' 'M' 'M' 'M'
 'U' 'M' 'M' 'M' 'M' 'U' 'A' 'U' 'A' 'A' 'U' 'A' 'M' 'M' 'M' 'M' 'M' 'M'
 'M' 'M' 'M' 'M' 'M' 'M' 'M' 'M' 'M' 'U' 'M' 'A' 'M' 'M' 'M' 'M' 'M' 'M'
 'M' 'M' 'M' 'M' 'M' 'M' 'M' 'M' 'M' 'M' 'U' 'M' 'M' 'M' 'M' 'M' 'M' 'M'
 'M' 'M' 'M' 'M' 'M' 'M' 'M' 'M' 'M' 'M' 'M' 'M' 'M' 'M' 'M' 'M' 'M' 'M']"
12601,0,187,7,180,11,0,0,"['A' 'M' 'M' 'M' 'M' 'M' 'M' 'M' 'M' 'M' 'M' 'M' 'M' 'M' 'M' 'M' 'M' 'M'
 'M' 'M' 'M' 'M' 'M' 'M' 'M' 'M' 'M' 'M' 'M' 'M' 'M' 'M' 'M' 'M' 'M' 'U'
 'M' 'M' 'M' 'M' 'M' 'M' 'M' 'U' 'M' 'M' 'M' 'M' 'M' 'M' 'M' 'M' 'M' 'M'
 'M' 'A' 'M' 'M' 'M' 'U' 'M' 'M' 'M' 'M' 'M' 'M' 'M' 'M' 'M' 'M' 'M' 'M'
 'M' 'M' 'M' 'M' 'M' 'M' 'M' 'M' 'M' 'U' 'M' 'M' 'M' 'M' 'M' 'M' 'M' 'M'
 'M' 'M' 'M' 'M' 'M' 'M' 'M' 'M' 'M' 'M' 'M' 'M' 'M' 'M' 'M' 'M' 'M' 'M'
 'M' 'M' 'M' 'M' 'M' 'M' 'M' 'M' 'M' 'U' 'U' 'M' 'M' 'M' 'M' 'M' 'M' 'M'
 'M' 'M' 'M' 'M' 'M' 'M' 'U' 'M' 'A' 'A' 'A' 'A' 'U' 'M' 'M' 'M' 'M' 'M'
 'M' 'U' 'M' 'M' 'M' 'M' 'M' 'M' 'M' 'M' 'M' 'A' 'M' 'M' 'M' 'M' 'M' 'M'
 'M' 'M' 'M' 'M' 'M' 'M' 'M' 'M' 'M' 'M' 'U' 'M' 'M' 'M' 'M' 'U' 'M' 'M'
 'M' 'M' 'M' 'M' 'M' 'M' 'M' 'M' 'M' 'M' 'M' 'M' 'M' 'M' 'M' 'M' 'M' 'M']"
12701,1,184,8,176,14,0,1,"['A' 'M' 'M' 'M' 'M' 'M' 'M' 'M' 'M' 'M' 'M' 'M' 'M' 'M' 'M' 'M' 'M' 'M'
 'M' 'M' 'M' 'M' 'M' 'M' 'M' 'M' 'M' 'M' 'M' 'M' 'M' 'M' 'M' 'M' 'M' 'U'
 'M' 'M' 'M' 'M' 'M' 'M' 'M' 'U' 'U' 'M' 'M' 'M' 'M' 'M' 'M' 'M' 'M' 'M'
 'M' 'U' 'M' 'M' 'M' 'U' 'M' 'U' 'U' 'M' 'M' 'M' 'M' 'M' 'M' 'M' 'U' 'M'
 'M' 'M' 'M' 'M' 'M' 'M' 'M' 'M' 'M' 'M' 'M' 'M' 'M' 'M' 'M' 'M' 'M' 'M'
 'M' 'M' 'M' 'M' 'M' 'U' 'M' 'M' 'M' 'M' 'M' 'M' 'M' 'M' 'M' 'M' 'M' 'M'
 'M' 'M' 'M' 'M' 'M' 'M' 'M' 'M' 'M' 'M' 'U' 'M' 'M' 'M' 'M' 'M' 'M' 'M'
 'M' 'M' 'M' 'M' 'M' 'A' 'A' 'A' 'U' 'A' 'A' 'A' 'U' 'M' 'M' 'M' 'M' 'M'
 'M' 'U' 'M' 'M' 'M' 'M' 'M' 'M' 'M' 'M' 'M' 'A' 'M' 'M' 'M' 'M' 'M' 'M'
 'M' 'M' 'M' 'M' 'M' 'M' 'M' 'M' 'M' 'M' 'U' 'M' 'M' 'M' 'M' 'M' 'M' 'M'
 'M' 'M' 'M' 'M' 'M' 'M' 'M' 'M' 'M' 'M' 'M' 'M' 'M' 'M' 'M' 'M' 'M' 'M']"
12801,2,180,6,174,18,0,0,"['A' 'M' 'M' 'M' 'M' 'M' 'M' 'M' 'M' 'M' 'M' 'M' 'M' 'M' 'M' 'M' 'M' 'M'
 'M' 'M' 'M' 'M' 'M' 'M' 'M' 'M' 'M' 'M' 'M' 'M' 'M' 'M' 'M' 'M' 'M' 'M'
 'M' 'M' 'M' 'U' 'M' 'M' 'M' 'U' 'U' 'M' 'M' 'M' 'M' 'M' 'M' 'M' 'M' 'M'
 'M' 'U' 'M' 'M' 'M' 'U' 'M' 'M' 'M' 'M' 'M' 'M' 'M' 'M' 'M' 'M' 'M' 'M'
 'M' 'M' 'M' 'M' 'M' 'M' 'M' 'M' 'M' 'M' 'M' 'U' 'M' 'M' 'M' 'M' 'M' 'M'
 'M' 'M' 'M' 'M' 'M' 'U' 'M' 'M' 'M' 'M' 'M' 'M' 'M' 'M' 'M' 'M' 'M' 'M'
 'M' 'M' 'M' 'M' 'M' 'M' 'M' 'M' 'U' 'M' 'U' 'M' 'M' 'M' 'M' 'M' 'M' 'M'
 'M' 'M' 'M' 'M' 'M' 'A' 'A' 'A' 'A' 'U' 'A' 'U' 'U' 'M' 'M' 'M' 'U' 'M'
 'M' 'U' 'M' 'M' 'M' 'M' 'M' 'M' 'M' 'M' 'M' 'U' 'M' 'M' 'M' 'M' 'M' 'M'
 'M' 'M' 'M' 'M' 'M' 'U' 'M' 'M' 'M' 'M' 'U' 'M' 'M' 'M' 'M' 'M' 'M' 'M'
 'M' 'M' 'M' 'M' 'M' 'M' 'M' 'M' 'M' 'M' 'M' 'M' 'M' 'M' 'U' 'M' 'M' 'M']"
12901,0,177,8,169,21,0,0,"['A' 'M' 'M' 'M' 'M' 'M' 'M' 'M' 'M' 'M' 'M' 'M' 'M' 'M' 'U' 'M' 'M' 'M'
 'M' 'M' 'M' 'M' 'M' 'M' 'M' 'M' 'M' 'M' 'M' 'M' 'M' 'M' 'M' 'M' 'M' 'M'
 'M' 'M' 'M' 'U' 'M' 'U' 'M' 'A' 'U' 'M' 'M' 'M' 'M' 'M' 'M' 'M' 'M' 'M'
 'M' 'U' 'M' 'M' 'M' 'U' 'M' 'M' 'M' 'M' 'M' 'M' 'M' 'M' 'M' 'M' 'M' 'M'
 'M' 'M' 'M' 'M' 'M' 'M' 'M' 'M' 'M' 'M' 'M' 'M' 'M' 'M' 'M' 'M' 'M' 'M'
 'M' 'M' 'U' 'M' 'M' 'U' 'M' 'M' 'M' 'M' 'M' 'M' 'M' 'M' 'M' 'M' 'M' 'M'
 'M' 'M' 'M' 'M' 'M' 'M' 'M' 'M' 'U' 'M' 'U' 'M' 'M' 'M' 'M' 'M' 'U' 'M'
 'M' 'M' 'M' 'M' 'U' 'A' 'U' 'A' 'A' 'A' 'A' 'A' 'U' 'M' 'M' 'M' 'U' 'M'
 'M' 'U' 'M' 'M' 'M' 'M' 'M' 'M' 'M' 'M' 'M' 'U' 'M' 'M' 'M' 'U' 'M' 'M'
 'M' 'M' 'M' 'M' 'M' 'U' 'M' 'M' 'M' 'M' 'U' 'M' 'M' 'M' 'M' 'M' 'M' 'M'
 'M' 'M' 'M' 'M' 'M' 'M' 'M' 'M' 'M' 'M' 'M' 'M' 'M' 'M' 'U' 'M' 'M' 'M']"
13001,0,180,7,173,18,0,0,"['A' 'M' 'M' 'M' 'M' 'M' 'M' 'M' 'U' 'M' 'M' 'M' 'M' 'M' 'M' 'M' 'M' 'M'
 'M' 'M' 'M' 'M' 'M' 'M' 'M' 'M' 'M' 'M' 'M' 'M' 'M' 'M' 'M' 'M' 'M' 'M'
 'M' 'M' 'M' 'M' 'M' 'U' 'M' 'U' 'U' 'M' 'M' 'M' 'M' 'M' 'M' 'M' 'M' 'U'
 'U' 'U' 'M' 'M' 'M' 'U' 'M' 'M' 'M' 'M' 'M' 'M' 'M' 'M' 'M' 'M' 'M' 'M'
 'M' 'U' 'M' 'M' 'M' 'M' 'M' 'M' 'M' 'M' 'M' 'M' 'M' 'M' 'M' 'M' 'M' 'M'
 'M' 'M' 'M' 'M' 'M' 'U' 'M' 'M' 'M' 'M' 'M' 'M' 'M' 'M' 'M' 'M' 'M' 'M'
 'M' 'M' 'M' 'M' 'M' 'M' 'M' 'M' 'U' 'M' 'U' 'M' 'M' 'M' 'M' 'M' 'U' 'M'
 'M' 'M' 'M' 'M' 'M' 'A' 'A' 'A' 'A' 'A' 'U' 'U' 'A' 'M' 'M' 'M' 'M' 'M'
 'M' 'U' 'M' 'M' 'M' 'M' 'M' 'M' 'M' 'M' 'M' 'U' 'M' 'M' 'M' 'U' 'M' 'M'
 'M' 'M' 'M' 'M' 'M' 'M' 'M' 'M' 'M' 'M' 'M' 'M' 'M' 'M' 'M' 'M' 'M' 'M'
 'M' 'M' 'M' 'M' 'M' 'M' 'M' 'M' 'M' 'M' 'M' 'M' 'M' 'M' 'M' 'M' 'M' 'M']"
13101,2,182,8,174,16,0,0,"['A' 'M' 'M' 'M' 'M' 'M' 'U' 'M' 'U' 'M' 'M' 'M' 'M' 'M' 'M' 'M' 'M' 'M'
 'M' 'M' 'M' 'M' 'M' 'M' 'M' 'M' 'M' 'M' 'M' 'M' 'M' 'M' 'M' 'M' 'M' 'M'
 'M' 'M' 'M' 'M' 'M' 'U' 'U' 'U' 'M' 'M' 'M' 'M' 'M' 'M' 'M' 'M' 'M' 'U'
 'U' 'M' 'M' 'M' 'M' 'M' 'M' 'M' 'M' 'M' 'M' 'M' 'M' 'M' 'M' 'M' 'M' 'M'
 'M' 'M' 'M' 'M' 'M' 'M' 'M' 'U' 'M' 'M' 'M' 'M' 'M' 'M' 'M' 'M' 'M' 'M'
 'M' 'M' 'M' 'M' 'M' 'M' 'M' 'M' 'M' 'M' 'M' 'M' 'M' 'M' 'M' 'M' 'M' 'M'
 'M' 'M' 'M' 'M' 'M' 'M' 'M' 'M' 'A' 'U' 'M' 'M' 'M' 'M' 'M' 'M' 'U' 'M'
 'M' 'M' 'M' 'M' 'M' 'A' 'A' 'A' 'A' 'A' 'U' 'M' 'U' 'M' 'M' 'U' 'M' 'M'
 'M' 'M' 'M' 'M' 'M' 'M' 'M' 'M' 'M' 'M' 'M' 'U' 'M' 'M' 'M' 'U' 'M' 'M'
 'M' 'M' 'M' 'M' 'M' 'M' 'M' 'M' 'M' 'M' 'M' 'M' 'M' 'M' 'A' 'M' 'M' 'M'
 'M' 'M' 'M' 'M' 'U' 'M' 'M' 'M' 'M' 'M' 'M' 'M' 'M' 'M' 'M' 'M' 'M' 'M']"
13201,1,184,10,174,14,0,0,"['A' 'M' 'M' 'M' 'M' 'M' 'U' 'M' 'U' 'M' 'M' 'M' 'M' 'M' 'M' 'M' 'M' 'M'
 'M' 'M' 'M' 'M' 'M' 'U' 'M' 'M' 'M' 'M' 'M' 'M' 'M' 'M' 'M' 'M' 'M' 'M'
 'M' 'M' 'M' 'U' 'M' 'M' 'M' 'U' 'M' 'M' 'M' 'M' 'M' 'M' 'M' 'M' 'M' 'M'
 'U' 'M' 'M' 'M' 'M' 'M' 'M' 'M' 'M' 'M' 'M' 'M' 'M' 'M' 'M' 'M' 'M' 'M'
 'M' 'M' 'M' 'M' 'U' 'M' 'M' 'M' 'M' 'M' 'M' 'M' 'M' 'M' 'M' 'M' 'M' 'M'
 'M' 'M' 'M' 'M' 'M' 'M' 'M' 'M' 'M' 'M' 'M' 'M' 'M' 'M' 'M' 'M' 'M' 'M'
 'M' 'M' 'M' 'M' 'M' 'M' 'M' 'M' 'A' 'U' 'M' 'M' 'M' 'M' 'M' 'M' 'U' 'M'
 'M' 'M' 'M' 'M' 'M' 'A' 'A' 'A' 'A' 'A' 'U' 'U' 'A' 'M' 'M' 'U' 'M' 'M'
 'M' 'M' 'U' 'M' 'M' 'M' 'M' 'M' 'M' 'M' 'M' 'A' 'M' 'M' 'M' 'M' 'M' 'M'
 'M' 'M' 'M' 'M' 'M' 'M' 'M' 'M' 'M' 'M' 'M' 'M' 'M' 'M' 'A' 'M' 'M' 'M'
 'M' 'M' 'M' 'M' 'U' 'M' 'M' 'M' 'M' 'M' 'M' 'M' 'M' 'M' 'M' 'M' 'M' 'M']"
13301,0,188,9,179,10,0,1,"['A' 'M' 'M' 'M' 'M' 'M' 'M' 'M' 'U' 'M' 'M' 'M' 'M' 'M' 'M' 'M' 'M' 'M'
 'M' 'M' 'M' 'M' 'M' 'M' 'M' 'M' 'M' 'M' 'M' 'M' 'M' 'M' 'M' 'M' 'M' 'M'
 'M' 'M' 'M' 'M' 'M' 'M' 'M' 'M' 'M' 'M' 'M' 'M' 'M' 'M' 'M' 'M' 'M' 'M'
 'M' 'M' 'M' 'M' 'M' 'M' 'M' 'M' 'M' 'M' 'M' 'U' 'M' 'M' 'M' 'M' 'M' 'M'
 'M' 'M' 'M' 'M' 'M' 'M' 'M' 'M' 'M' 'M' 'M' 'M' 'M' 'M' 'M' 'M' 'M' 'M'
 'M' 'M' 'M' 'M' 'M' 'M' 'M' 'M' 'M' 'U' 'M' 'M' 'M' 'M' 'M' 'M' 'M' 'M'
 'M' 'M' 'M' 'M' 'U' 'M' 'M' 'M' 'A' 'U' 'M' 'M' 'M' 'M' 'M' 'M' 'U' 'M'
 'M' 'M' 'M' 'M' 'M' 'A' 'A' 'A' 'A' 'U' 'A' 'A' 'U' 'M' 'M' 'M' 'M' 'M'
 'M' 'M' 'U' 'M' 'M' 'M' 'M' 'M' 'M' 'M' 'M' 'M' 'M' 'M' 'M' 'M' 'M' 'M'
 'M' 'M' 'M' 'M' 'M' 'M' 'M' 'M' 'M' 'M' 'M' 'M' 'M' 'M' 'A' 'M' 'M' 'M'
 'M' 'M' 'M' 'M' 'U' 'M' 'M' 'M' 'M' 'M' 'M' 'M' 'M' 'M' 'M' 'M' 'M' 'M']"
13401,0,188,7,181,10,0,0,"['A' 'M' 'M' 'U' 'M' 'M' 'M' 'M' 'U' 'M' 'M' 'M' 'M' 'M' 'M' 'M' 'M' 'M'
 'M' 'M' 'M' 'M' 'M' 'M' 'M' 'M' 'M' 'M' 'M' 'M' 'M' 'M' 'M' 'M' 'M' 'M'
 'M' 'M' 'M' 'M' 'M' 'M' 'M' 'M' 'M' 'M' 'M' 'M' 'M' 'M' 'U' 'M' 'U' 'M'
 'M' 'M' 'M' 'M' 'M' 'M' 'M' 'M' 'M' 'M' 'M' 'M' 'M' 'M' 'M' 'M' 'M' 'M'
 'M' 'M' 'M' 'M' 'M' 'M' 'M' 'U' 'M' 'M' 'M' 'M' 'M' 'M' 'M' 'M' 'M' 'M'
 'M' 'M' 'M' 'M' 'M' 'M' 'M' 'M' 'M' 'M' 'M' 'M' 'M' 'M' 'M' 'M' 'M' 'M'
 'M' 'M' 'M' 'M' 'M' 'M' 'M' 'M' 'M' 'M' 'M' 'M' 'M' 'M' 'M' 'M' 'U' 'M'
 'M' 'M' 'M' 'M' 'M' 'A' 'A' 'A' 'A' 'U' 'A' 'A' 'M' 'M' 'M' 'M' 'M' 'M'
 'M' 'M' 'U' 'U' 'M' 'M' 'M' 'M' 'M' 'M' 'M' 'M' 'M' 'M' 'M' 'M' 'M' 'M'
 'M' 'M' 'M' 'M' 'M' 'M' 'M' 'M' 'M' 'M' 'M' 'M' 'M' 'M' 'M' 'M' 'M' 'M'
 'M' 'M' 'M' 'M' 'U' 'M' 'M' 'M' 'M' 'M' 'M' 'M' 'M' 'M' 'M' 'M' 'M' 'M']"
13501,1,188,8,180,10,0,1,"['A' 'M' 'M' 'M' 'M' 'U' 'M' 'M' 'U' 'M' 'M' 'M' 'M' 'M' 'M' 'M' 'M' 'M'
 'M' 'M' 'M' 'M' 'M' 'M' 'M' 'M' 'M' 'M' 'M' 'M' 'M' 'M' 'M' 'M' 'M' 'M'
 'M' 'M' 'M' 'M' 'M' 'M' 'M' 'M' 'M' 'M' 'M' 'U' 'M' 'M' 'U' 'M' 'U' 'M'
 'M' 'M' 'M' 'M' 'M' 'M' 'M' 'M' 'M' 'M' 'M' 'M' 'M' 'M' 'M' 'M' 'M' 'M'
 'M' 'U' 'M' 'M' 'M' 'M' 'M' 'M' 'M' 'M' 'M' 'M' 'M' 'M' 'M' 'M' 'M' 'M'
 'M' 'M' 'M' 'M' 'M' 'M' 'M' 'M' 'M' 'U' 'M' 'M' 'M' 'M' 'M' 'M' 'M' 'M'
 'M' 'M' 'M' 'M' 'M' 'M' 'M' 'M' 'M' 'M' 'M' 'M' 'M' 'M' 'M' 'M' 'M' 'M'
 'M' 'M' 'M' 'M' 'M' 'A' 'A' 'A' 'A' 'A' 'A' 'A' 'M' 'M' 'M' 'M' 'M' 'M'
 'M' 'M' 'U' 'U' 'M' 'M' 'M' 'M' 'M' 'M' 'M' 'M' 'M' 'M' 'M' 'M' 'M' 'M'
 'M' 'M' 'M' 'M' 'M' 'M' 'M' 'M' 'M' 'M' 'M' 'M' 'M' 'M' 'M' 'M' 'M' 'M'
 'M' 'M' 'M' 'M' 'U' 'M' 'M' 'M' 'M' 'M' 'M' 'M' 'M' 'M' 'M' 'M' 'M' 'M']"
13601,1,187,8,179,11,0,0,"['A' 'M' 'M' 'M' 'M' 'M' 'M' 'M' 'U' 'M' 'M' 'M' 'M' 'U' 'U' 'M' 'M' 'M'
 'M' 'M' 'M' 'M' 'M' 'M' 'M' 'M' 'M' 'M' 'M' 'M' 'M' 'M' 'M' 'M' 'M' 'M'
 'M' 'M' 'M' 'M' 'M' 'M' 'M' 'M' 'M' 'M' 'M' 'M' 'M' 'M' 'U' 'M' 'M' 'M'
 'M' 'M' 'M' 'M' 'M' 'M' 'M' 'M' 'M' 'M' 'M' 'M' 'M' 'M' 'M' 'M' 'M' 'M'
 'M' 'M' 'M' 'M' 'M' 'M' 'M' 'M' 'M' 'M' 'M' 'M' 'M' 'M' 'M' 'M' 'M' 'M'
 'M' 'M' 'M' 'M' 'U' 'M' 'M' 'M' 'M' 'M' 'M' 'M' 'M' 'M' 'M' 'M' 'M' 'M'
 'M' 'M' 'M' 'M' 'M' 'M' 'M' 'M' 'M' 'M' 'M' 'M' 'M' 'M' 'M' 'M' 'M' 'M'
 'M' 'M' 'M' 'M' 'U' 'A' 'A' 'A' 'A' 'A' 'A' 'U' 'A' 'M' 'M' 'M' 'M' 'M'
 'M' 'M' 'U' 'M' 'M' 'M' 'M' 'M' 'M' 'M' 'U' 'M' 'M' 'M' 'M' 'M' 'M' 'M'
 'M' 'M' 'M' 'M' 'M' 'M' 'M' 'M' 'M' 'M' 'M' 'M' 'M' 'M' 'M' 'U' 'M' 'M'
 'M' 'M' 'M' 'M' 'U' 'M' 'M' 'M' 'M' 'M' 'M' 'M' 'M' 'M' 'M' 'M' 'M' 'M']"
13701,0,189,7,182,9,0,0,"['A' 'M' 'M' 'M' 'M' 'M' 'M' 'M' 'U' 'M' 'M' 'M' 'M' 'M' 'U' 'M' 'M' 'M'
 'M' 'M' 'M' 'M' 'M' 'M' 'M' 'M' 'M' 'M' 'M' 'M' 'M' 'M' 'M' 'M' 'M' 'M'
 'M' 'M' 'M' 'M' 'M' 'M' 'M' 'M' 'M' 'M' 'M' 'M' 'M' 'M' 'M' 'M' 'M' 'M'
 'M' 'M' 'M' 'M' 'M' 'M' 'M' 'M' 'M' 'M' 'M' 'M' 'M' 'M' 'M' 'M' 'M' 'M'
 'M' 'M' 'U' 'M' 'M' 'M' 'M' 'M' 'M' 'M' 'M' 'M' 'M' 'M' 'M' 'M' 'M' 'M'
 'M' 'M' 'M' 'M' 'M' 'U' 'M' 'M' 'M' 'M' 'M' 'M' 'M' 'M' 'M' 'M' 'U' 'M'
 'M' 'M' 'M' 'M' 'M' 'M' 'M' 'M' 'M' 'M' 'M' 'M' 'M' 'M' 'M' 'M' 'M' 'M'
 'M' 'M' 'M' 'M' 'M' 'A' 'A' 'M' 'A' 'A' 'A' 'U' 'A' 'M' 'M' 'M' 'M' 'M'
 'M' 'M' 'M' 'M' 'M' 'M' 'M' 'M' 'M' 'U' 'U' 'M' 'M' 'M' 'M' 'M' 'M' 'M'
 'M' 'M' 'M' 'M' 'M' 'M' 'M' 'M' 'M' 'M' 'M' 'M' 'M' 'M' 'M' 'M' 'M' 'M'
 'M' 'M' 'M' 'M' 'M' 'M' 'M' 'M' 'M' 'M' 'M' 'M' 'M' 'M' 'U' 'M' 'M' 'M']"
13801,0,185,8,177,13,0,0,"['A' 'M' 'M' 'M' 'M' 'M' 'M' 'M' 'U' 'M' 'M' 'M' 'M' 'M' 'U' 'M' 'M' 'M'
 'M' 'M' 'M' 'M' 'M' 'M' 'M' 'M' 'M' 'M' 'M' 'M' 'M' 'M' 'M' 'M' 'M' 'M'
 'M' 'M' 'M' 'M' 'M' 'M' 'M' 'M' 'M' 'M' 'M' 'M' 'M' 'M' 'M' 'M' 'M' 'M'
 'M' 'M' 'M' 'U' 'M' 'M' 'M' 'M' 'M' 'U' 'M' 'M' 'M' 'M' 'M' 'M' 'M' 'M'
 'M' 'M' 'M' 'M' 'M' 'M' 'U' 'M' 'M' 'M' 'M' 'M' 'M' 'M' 'M' 'M' 'M' 'M'
 'M' 'M' 'M' 'M' 'M' 'U' 'M' 'M' 'M' 'M' 'M' 'M' 'M' 'M' 'U' 'M' 'U' 'M'
 'M' 'M' 'M' 'M' 'M' 'M' 'M' 'M' 'M' 'M' 'M' 'M' 'M' 'M' 'M' 'M' 'M' 'M'
 'M' 'U' 'M' 'M' 'M' 'A' 'A' 'U' 'A' 'A' 'A' 'A' 'A' 'M' 'M' 'M' 'M' 'M'
 'M' 'U' 'M' 'M' 'M' 'M' 'M' 'M' 'M' 'M' 'M' 'M' 'M' 'M' 'M' 'M' 'M' 'U'
 'M' 'M' 'M' 'M' 'M' 'M' 'M' 'M' 'M' 'M' 'M' 'M' 'M' 'M' 'M' 'M' 'M' 'M'
 'M' 'M' 'M' 'M' 'M' 'M' 'M' 'U' 'M' 'M' 'M' 'M' 'M' 'M' 'M' 'M' 'M' 'M']"
13901,0,185,5,180,13,0,0,"['A' 'M' 'M' 'M' 'M' 'M' 'M' 'M' 'U' 'M' 'M' 'M' 'M' 'M' 'U' 'M' 'M' 'M'
 'M' 'M' 'M' 'M' 'M' 'M' 'M' 'M' 'M' 'M' 'M' 'M' 'M' 'M' 'M' 'M' 'M' 'M'
 'M' 'M' 'M' 'M' 'M' 'M' 'M' 'M' 'M' 'M' 'M' 'M' 'M' 'M' 'M' 'M' 'M' 'M'
 'M' 'M' 'M' 'M' 'M' 'M' 'M' 'M' 'M' 'U' 'U' 'M' 'M' 'M' 'M' 'M' 'M' 'M'
 'M' 'M' 'M' 'M' 'M' 'M' 'M' 'U' 'M' 'M' 'M' 'M' 'M' 'M' 'M' 'M' 'M' 'M'
 'M' 'M' 'M' 'M' 'M' 'M' 'M' 'M' 'M' 'M' 'M' 'M' 'M' 'M' 'U' 'M' 'U' 'M'
 'M' 'M' 'M' 'M' 'M' 'M' 'M' 'M' 'M' 'M' 'M' 'M' 'M' 'M' 'M' 'M' 'M' 'M'
 'M' 'M' 'M' 'M' 'M' 'U' 'U' 'A' 'U' 'A' 'A' 'A' 'U' 'M' 'M' 'M' 'M' 'M'
 'M' 'U' 'M' 'M' 'M' 'M' 'M' 'M' 'M' 'M' 'M' 'M' 'M' 'M' 'M' 'M' 'M' 'M'
 'M' 'M' 'M' 'M' 'M' 'M' 'M' 'M' 'M' 'M' 'M' 'M' 'M' 'M' 'M' 'M' 'M' 'M'
 'M' 'M' 'M' 'M' 'M' 'M' 'M' 'U' 'M' 'M' 'M' 'M' 'M' 'M' 'M' 'M' 'M' 'M']"
14001,1,190,6,184,8,0,1,"['A' 'M' 'M' 'M' 'M' 'M' 'M' 'M' 'U' 'M' 'M' 'M' 'M' 'M' 'U' 'M' 'M' 'M'
 'M' 'M' 'M' 'M' 'M' 'M' 'M' 'M' 'M' 'M' 'M' 'M' 'M' 'M' 'M' 'M' 'M' 'M'
 'M' 'M' 'M' 'M' 'M' 'M' 'M' 'M' 'M' 'M' 'M' 'M' 'M' 'M' 'M' 'M' 'M' 'M'
 'M' 'M' 'M' 'M' 'M' 'M' 'M' 'M' 'M' 'U' 'U' 'M' 'M' 'M' 'M' 'M' 'M' 'M'
 'M' 'M' 'M' 'M' 'M' 'U' 'M' 'M' 'M' 'M' 'M' 'M' 'M' 'M' 'M' 'M' 'M' 'M'
 'M' 'M' 'M' 'M' 'M' 'M' 'M' 'M' 'M' 'M' 'M' 'M' 'M' 'M' 'M' 'M' 'M' 'M'
 'M' 'M' 'M' 'M' 'M' 'M' 'M' 'M' 'M' 'M' 'M' 'M' 'M' 'M' 'M' 'M' 'M' 'M'
 'M' 'M' 'M' 'M' 'M' 'A' 'U' 'U' 'U' 'A' 'A' 'A' 'A' 'M' 'M' 'M' 'M' 'M'
 'M' 'M' 'M' 'M' 'M' 'M' 'M' 'M' 'M' 'M' 'M' 'M' 'M' 'M' 'M' 'M' 'M' 'M'
 'M' 'M' 'M' 'M' 'M' 'M' 'M' 'M' 'M' 'M' 'M' 'M' 'M' 'M' 'M' 'M' 'M' 'M'
 'M' 'M' 'M' 'M' 'M' 'M' 'M' 'M' 'M' 'M' 'M' 'M' 'M' 'M' 'M' 'M' 'M' 'M']"
14101,0,186,9,177,12,0,0,"['A' 'M' 'M' 'M' 'M' 'M' 'M' 'M' 'U' 'M' 'M' 'M' 'M' 'M' 'U' 'M' 'M' 'M'
 'M' 'U' 'M' 'M' 'M' 'M' 'M' 'U' 'M' 'M' 'M' 'M' 'M' 'M' 'M' 'M' 'M' 'M'
 'M' 'M' 'M' 'M' 'U' 'M' 'M' 'M' 'M' 'M' 'M' 'M' 'M' 'M' 'M' 'M' 'M' 'M'
 'M' 'M' 'M' 'M' 'M' 'M' 'M' 'M' 'M' 'U' 'U' 'M' 'M' 'M' 'M' 'M' 'M' 'M'
 'M' 'M' 'M' 'M' 'M' 'M' 'M' 'M' 'U' 'M' 'M' 'M' 'M' 'M' 'M' 'M' 'M' 'M'
 'M' 'M' 'M' 'M' 'M' 'M' 'M' 'M' 'M' 'U' 'M' 'M' 'M' 'M' 'M' 'M' 'M' 'M'
 'M' 'M' 'M' 'M' 'M' 'U' 'M' 'M' 'M' 'M' 'M' 'M' 'M' 'M' 'M' 'M' 'M' 'M'
 'M' 'M' 'M' 'U' 'M' 'A' 'A' 'A' 'A' 'A' 'A' 'A' 'A' 'M' 'M' 'M' 'M' 'M'
 'M' 'M' 'M' 'M' 'M' 'M' 'M' 'M' 'M' 'M' 'M' 'M' 'M' 'M' 'M' 'M' 'M' 'M'
 'M' 'M' 'M' 'M' 'M' 'M' 'M' 'M' 'M' 'M' 'M' 'M' 'M' 'M' 'M' 'M' 'M' 'M'
 'M' 'M' 'M' 'M' 'M' 'M' 'M' 'M' 'M' 'M' 'M' 'M' 'U' 'M' 'M' 'M' 'M' 'M']"
14201,1,186,9,177,12,0,0,"['A' 'M' 'M' 'M' 'M' 'M' 'M' 'M' 'M' 'M' 'M' 'M' 'M' 'M' 'U' 'M' 'M' 'A'
 'M' 'U' 'M' 'M' 'M' 'M' 'M' 'M' 'M' 'M' 'M' 'M' 'M' 'M' 'M' 'M' 'M' 'M'
 'M' 'M' 'M' 'M' 'U' 'M' 'M' 'M' 'M' 'M' 'M' 'M' 'M' 'M' 'M' 'M' 'M' 'M'
 'M' 'M' 'M' 'M' 'M' 'M' 'M' 'M' 'M' 'U' 'U' 'M' 'U' 'M' 'M' 'M' 'M' 'M'
 'M' 'M' 'M' 'M' 'M' 'M' 'M' 'M' 'M' 'M' 'M' 'M' 'M' 'M' 'M' 'M' 'M' 'M'
 'M' 'M' 'M' 'M' 'M' 'M' 'M' 'M' 'M' 'U' 'M' 'M' 'M' 'M' 'M' 'M' 'M' 'M'
 'M' 'M' 'M' 'M' 'M' 'U' 'U' 'M' 'M' 'M' 'M' 'M' 'M' 'M' 'M' 'M' 'M' 'M'
 'M' 'M' 'M' 'U' 'M' 'A' 'A' 'A' 'A' 'U' 'A' 'A' 'A' 'M' 'M' 'M' 'M' 'M'
 'M' 'M' 'M' 'M' 'M' 'M' 'M' 'M' 'M' 'U' 'M' 'M' 'M' 'M' 'M' 'M' 'M' 'M'
 'M' 'M' 'M' 'M' 'M' 'M' 'M' 'M' 'M' 'M' 'M' 'M' 'M' 'M' 'M' 'M' 'M' 'M'
 'M' 'M' 'M' 'M' 'M' 'M' 'M' 'M' 'M' 'M' 'M' 'M' 'M' 'M' 'M' 'M' 'M' 'M']"
14301,0,184,8,176,14,0,1,"['A' 'M' 'M' 'M' 'M' 'M' 'M' 'M' 'M' 'M' 'M' 'M' 'M' 'M' 'M' 'U' 'M' 'A'
 'M' 'U' 'M' 'M' 'M' 'M' 'M' 'M' 'M' 'M' 'M' 'M' 'M' 'M' 'M' 'M' 'M' 'M'
 'M' 'M' 'M' 'M' 'U' 'M' 'M' 'M' 'M' 'M' 'M' 'M' 'M' 'M' 'M' 'M' 'M' 'M'
 'M' 'M' 'M' 'M' 'M' 'M' 'M' 'M' 'M' 'U' 'M' 'U' 'M' 'M' 'M' 'M' 'M' 'M'
 'M' 'M' 'M' 'M' 'M' 'M' 'M' 'M' 'M' 'M' 'M' 'M' 'M' 'M' 'M' 'M' 'M' 'M'
 'M' 'M' 'M' 'M' 'M' 'M' 'U' 'M' 'M' 'U' 'M' 'M' 'M' 'M' 'M' 'M' 'U' 'M'
 'M' 'M' 'M' 'M' 'M' 'U' 'M' 'M' 'M' 'M' 'M' 'M' 'U' 'M' 'M' 'M' 'M' 'M'
 'M' 'M' 'M' 'U' 'M' 'A' 'A' 'A' 'A' 'M' 'A' 'A' 'U' 'M' 'M' 'M' 'M' 'M'
 'M' 'M' 'M' 'M' 'M' 'M' 'M' 'M' 'M' 'U' 'M' 'M' 'M' 'M' 'M' 'M' 'M' 'M'
 'M' 'M' 'M' 'M' 'M' 'M' 'M' 'M' 'M' 'M' 'M' 'M' 'M' 'M' 'M' 'M' 'M' 'M'
 'M' 'M' 'M' 'M' 'M' 'M' 'M' 'M' 'M' 'M' 'M' 'M' 'U' 'M' 'M' 'M' 'M' 'M']"
14401,0,184,8,176,14,0,0,"['A' 'M' 'M' 'M' 'M' 'M' 'M' 'M' 'M' 'M' 'M' 'M' 'M' 'M' 'M' 'M' 'M' 'A'
 'M' 'U' 'M' 'M' 'M' 'M' 'M' 'M' 'M' 'M' 'M' 'M' 'M' 'M' 'M' 'M' 'M' 'M'
 'M' 'M' 'M' 'M' 'U' 'M' 'M' 'M' 'M' 'M' 'M' 'M' 'M' 'M' 'M' 'M' 'M' 'M'
 'M' 'M' 'M' 'M' 'M' 'M' 'M' 'M' 'M' 'M' 'M' 'M' 'M' 'M' 'M' 'M' 'M' 'M'
 'M' 'M' 'M' 'M' 'M' 'M' 'U' 'M' 'M' 'M' 'M' 'M' 'M' 'M' 'M' 'M' 'M' 'M'
 'M' 'M' 'M' 'M' 'M' 'M' 'U' 'U' 'M' 'M' 'M' 'M' 'M' 'M' 'M' 'M' 'U' 'M'
 'M' 'M' 'M' 'M' 'M' 'U' 'M' 'M' 'M' 'M' 'M' 'M' 'U' 'M' 'M' 'M' 'M' 'M'
 'M' 'M' 'M' 'U' 'M' 'U' 'A' 'A' 'A' 'A' 'U' 'A' 'A' 'M' 'M' 'M' 'M' 'M'
 'M' 'M' 'M' 'M' 'M' 'M' 'M' 'M' 'M' 'U' 'M' 'M' 'M' 'M' 'M' 'M' 'M' 'M'
 'M' 'M' 'M' 'M' 'M' 'M' 'M' 'M' 'M' 'M' 'U' 'M' 'M' 'M' 'M' 'M' 'M' 'M'
 'M' 'M' 'M' 'M' 'M' 'M' 'M' 'M' 'M' 'M' 'M' 'M' 'U' 'M' 'M' 'M' 'M' 'M']"
14501,1,188,7,181,10,0,0,"['A' 'M' 'M' 'M' 'M' 'M' 'M' 'M' 'M' 'M' 'M' 'M' 'M' 'M' 'M' 'M' 'M' 'A'
 'M' 'U' 'M' 'M' 'M' 'M' 'M' 'M' 'M' 'M' 'M' 'M' 'M' 'M' 'M' 'M' 'M' 'M'
 'M' 'M' 'M' 'M' 'U' 'M' 'M' 'M' 'M' 'M' 'M' 'M' 'M' 'M' 'M' 'M' 'M' 'M'
 'M' 'M' 'M' 'M' 'M' 'M' 'M' 'M' 'M' 'M' 'M' 'M' 'M' 'M' 'M' 'M' 'M' 'M'
 'M' 'M' 'M' 'M' 'M' 'M' 'M' 'U' 'M' 'M' 'M' 'M' 'M' 'M' 'M' 'M' 'M' 'M'
 'M' 'M' 'M' 'M' 'M' 'U' 'M' 'M' 'M' 'M' 'M' 'M' 'M' 'M' 'M' 'M' 'M' 'M'
 'M' 'M' 'M' 'M' 'M' 'A' 'M' 'M' 'M' 'M' 'M' 'M' 'U' 'M' 'M' 'M' 'M' 'M'
 'M' 'M' 'M' 'U' 'M' 'M' 'A' 'A' 'A' 'U' 'U' 'A' 'M' 'M' 'M' 'M' 'U' 'M'
 'M' 'M' 'M' 'M' 'M' 'M' 'M' 'M' 'M' 'M' 'M' 'M' 'M' 'U' 'M' 'M' 'M' 'M'
 'M' 'M' 'M' 'M' 'M' 'M' 'M' 'M' 'M' 'M' 'M' 'M' 'M' 'M' 'M' 'M' 'M' 'M'
 'M' 'M' 'M' 'M' 'M' 'M' 'M' 'M' 'M' 'M' 'M' 'M' 'M' 'M' 'M' 'M' 'M' 'M']"
14601,0,184,6,178,14,0,0,"['A' 'U' 'M' 'M' 'M' 'M' 'M' 'M' 'M' 'M' 'M' 'M' 'M' 'M' 'M' 'M' 'M' 'A'
 'M' 'U' 'M' 'M' 'M' 'M' 'M' 'M' 'M' 'M' 'M' 'M' 'M' 'M' 'M' 'M' 'M' 'M'
 'M' 'M' 'M' 'M' 'U' 'M' 'M' 'M' 'M' 'M' 'M' 'M' 'M' 'M' 'M' 'M' 'M' 'M'
 'M' 'M' 'M' 'M' 'M' 'M' 'M' 'M' 'M' 'M' 'M' 'M' 'M' 'M' 'M' 'M' 'M' 'M'
 'M' 'M' 'M' 'M' 'M' 'M' 'M' 'M' 'M' 'M' 'M' 'M' 'M' 'M' 'M' 'M' 'M' 'M'
 'M' 'U' 'M' 'M' 'M' 'U' 'M' 'M' 'M' 'M' 'M' 'M' 'M' 'M' 'M' 'M' 'M' 'M'
 'M' 'M' 'M' 'M' 'M' 'U' 'M' 'M' 'U' 'M' 'M' 'M' 'U' 'M' 'M' 'M' 'M' 'M'
 'M' 'M' 'M' 'M' 'M' 'U' 'U' 'U' 'A' 'A' 'A' 'A' 'U' 'M' 'M' 'M' 'M' 'M'
 'M' 'M' 'M' 'M' 'M' 'M' 'M' 'M' 'M' 'M' 'M' 'M' 'M' 'M' 'M' 'M' 'U' 'M'
 'M' 'M' 'M' 'M' 'M' 'M' 'M' 'M' 'M' 'M' 'M' 'M' 'M' 'M' 'M' 'M' 'M' 'M'
 'M' 'M' 'M' 'M' 'M' 'M' 'M' 'M' 'M' 'M' 'U' 'M' 'M' 'M' 'M' 'M' 'M' 'M']"
14701,0,184,5,179,14,0,0,"['A' 'M' 'M' 'M' 'M' 'M' 'M' 'M' 'M' 'M' 'M' 'M' 'M' 'M' 'M' 'M' 'M' 'A'
 'M' 'U' 'M' 'M' 'M' 'M' 'M' 'M' 'M' 'M' 'M' 'M' 'M' 'M' 'M' 'M' 'U' 'M'
 'M' 'M' 'M' 'M' 'M' 'M' 'M' 'M' 'M' 'M' 'M' 'M' 'U' 'M' 'M' 'M' 'M' 'M'
 'M' 'M' 'M' 'M' 'M' 'M' 'M' 'M' 'M' 'M' 'M' 'M' 'M' 'M' 'M' 'M' 'M' 'M'
 'M' 'M' 'U' 'M' 'M' 'M' 'M' 'M' 'M' 'M' 'M' 'M' 'M' 'M' 'M' 'M' 'M' 'M'
 'M' 'M' 'M' 'M' 'M' 'U' 'M' 'M' 'M' 'M' 'M' 'M' 'M' 'M' 'M' 'M' 'M' 'U'
 'U' 'M' 'M' 'M' 'M' 'U' 'U' 'M' 'M' 'M' 'M' 'M' 'M' 'M' 'M' 'M' 'M' 'M'
 'M' 'M' 'M' 'M' 'M' 'M' 'U' 'U' 'A' 'A' 'A' 'U' 'M' 'M' 'M' 'M' 'M' 'M'
 'M' 'M' 'M' 'M' 'M' 'M' 'M' 'M' 'M' 'M' 'M' 'M' 'M' 'M' 'U' 'M' 'M' 'M'
 'M' 'M' 'M' 'M' 'M' 'M' 'M' 'M' 'M' 'M' 'M' 'M' 'M' 'M' 'M' 'M' 'M' 'M'
 'M' 'M' 'M' 'M' 'M' 'M' 'M' 'M' 'M' 'M' 'U' 'M' 'M' 'M' 'M' 'M' 'M' 'M']"
14801,0,188,9,179,10,0,0,"['A' 'M' 'M' 'M' 'M' 'M' 'M' 'M' 'M' 'M' 'M' 'M' 'M' 'M' 'M' 'M' 'M' 'M'
 'M' 'M' 'M' 'M' 'M' 'M' 'M' 'M' 'M' 'M' 'M' 'M' 'M' 'M' 'M' 'M' 'U' 'M'
 'M' 'M' 'M' 'M' 'M' 'M' 'M' 'M' 'M' 'M' 'M' 'M' 'A' 'M' 'M' 'M' 'M' 'M'
 'M' 'M' 'M' 'M' 'M' 'M' 'M' 'M' 'M' 'M' 'M' 'M' 'M' 'M' 'M' 'M' 'M' 'M'
 'M' 'M' 'M' 'M' 'M' 'U' 'M' 'M' 'M' 'M' 'M' 'M' 'M' 'M' 'M' 'M' 'M' 'M'
 'M' 'M' 'M' 'M' 'M' 'U' 'M' 'M' 'M' 'M' 'M' 'M' 'M' 'M' 'M' 'M' 'M' 'U'
 'U' 'M' 'M' 'M' 'M' 'U' 'M' 'M' 'U' 'M' 'M' 'M' 'M' 'M' 'M' 'M' 'M' 'M'
 'M' 'M' 'M' 'M' 'M' 'U' 'A' 'A' 'A' 'A' 'A' 'A' 'A' 'M' 'M' 'M' 'M' 'M'
 'M' 'M' 'M' 'M' 'M' 'M' 'M' 'M' 'M' 'M' 'M' 'M' 'M' 'M' 'M' 'M' 'M' 'M'
 'M' 'M' 'M' 'M' 'M' 'M' 'M' 'U' 'M' 'M' 'M' 'M' 'M' 'M' 'M' 'M' 'M' 'M'
 'M' 'M' 'M' 'M' 'M' 'M' 'M' 'M' 'M' 'M' 'U' 'M' 'M' 'M' 'M' 'M' 'M' 'M']"
14901,0,184,6,178,14,0,0,"['A' 'M' 'M' 'M' 'M' 'M' 'M' 'M' 'M' 'M' 'M' 'M' 'M' 'M' 'M' 'M' 'M' 'M'
 'M' 'M' 'M' 'M' 'U' 'M' 'M' 'M' 'M' 'M' 'M' 'M' 'M' 'M' 'M' 'M' 'U' 'M'
 'M' 'M' 'M' 'M' 'M' 'M' 'M' 'M' 'M' 'M' 'M' 'M' 'A' 'M' 'M' 'M' 'M' 'M'
 'M' 'U' 'M' 'M' 'M' 'M' 'M' 'M' 'M' 'M' 'M' 'M' 'M' 'M' 'M' 'M' 'M' 'M'
 'M' 'M' 'M' 'M' 'M' 'M' 'M' 'M' 'M' 'M' 'M' 'M' 'M' 'M' 'M' 'M' 'M' 'M'
 'M' 'U' 'M' 'M' 'M' 'M' 'M' 'M' 'M' 'M' 'M' 'M' 'M' 'M' 'M' 'M' 'M' 'U'
 'M' 'M' 'M' 'M' 'M' 'M' 'M' 'M' 'U' 'M' 'M' 'M' 'M' 'M' 'M' 'M' 'M' 'M'
 'M' 'M' 'M' 'M' 'M' 'M' 'A' 'A' 'U' 'U' 'U' 'A' 'A' 'M' 'M' 'M' 'M' 'M'
 'M' 'M' 'M' 'M' 'M' 'M' 'M' 'M' 'M' 'M' 'M' 'M' 'M' 'M' 'M' 'M' 'M' 'U'
 'M' 'M' 'M' 'M' 'M' 'M' 'M' 'M' 'M' 'M' 'M' 'M' 'M' 'M' 'M' 'M' 'U' 'M'
 'M' 'M' 'M' 'M' 'M' 'M' 'M' 'M' 'M' 'M' 'U' 'M' 'U' 'M' 'M' 'M' 'M' 'U']"
15001,0,188,9,179,10,0,0,"['A' 'M' 'M' 'M' 'M' 'M' 'M' 'M' 'M' 'M' 'M' 'M' 'M' 'M' 'M' 'M' 'M' 'M'
 'M' 'M' 'M' 'M' 'M' 'M' 'M' 'M' 'M' 'M' 'M' 'M' 'M' 'M' 'M' 'M' 'U' 'M'
 'M' 'M' 'M' 'M' 'M' 'M' 'M' 'M' 'M' 'M' 'M' 'M' 'A' 'M' 'M' 'M' 'M' 'M'
 'M' 'U' 'M' 'M' 'M' 'M' 'M' 'M' 'M' 'M' 'M' 'M' 'M' 'M' 'M' 'M' 'M' 'M'
 'M' 'M' 'M' 'M' 'M' 'U' 'M' 'M' 'M' 'M' 'M' 'M' 'M' 'M' 'M' 'M' 'M' 'M'
 'M' 'M' 'M' 'M' 'M' 'M' 'M' 'M' 'M' 'M' 'M' 'M' 'M' 'M' 'M' 'M' 'M' 'U'
 'M' 'M' 'M' 'M' 'M' 'M' 'M' 'M' 'U' 'M' 'M' 'M' 'M' 'M' 'M' 'M' 'M' 'M'
 'M' 'M' 'M' 'M' 'M' 'M' 'A' 'A' 'A' 'A' 'A' 'A' 'A' 'M' 'M' 'M' 'M' 'M'
 'M' 'U' 'M' 'M' 'M' 'M' 'M' 'M' 'M' 'M' 'M' 'M' 'M' 'M' 'M' 'M' 'M' 'U'
 'M' 'M' 'M' 'M' 'M' 'M' 'M' 'M' 'M' 'M' 'M' 'M' 'M' 'M' 'M' 'M' 'U' 'M'
 'M' 'M' 'M' 'M' 'M' 'M' 'M' 'M' 'M' 'M' 'M' 'M' 'M' 'M' 'M' 'M' 'U' 'U']"
15101,0,187,8,179,11,0,1,"['A' 'M' 'M' 'U' 'M' 'M' 'M' 'M' 'M' 'M' 'M' 'M' 'M' 'M' 'M' 'M' 'M' 'M'
 'M' 'M' 'M' 'M' 'M' 'M' 'M' 'M' 'M' 'M' 'M' 'M' 'M' 'M' 'M' 'M' 'U' 'M'
 'M' 'M' 'M' 'M' 'M' 'M' 'M' 'M' 'M' 'M' 'M' 'M' 'A' 'M' 'M' 'M' 'M' 'M'
 'M' 'M' 'M' 'M' 'M' 'M' 'M' 'M' 'M' 'M' 'M' 'M' 'M' 'M' 'M' 'M' 'M' 'M'
 'M' 'M' 'M' 'M' 'M' 'M' 'M' 'M' 'M' 'U' 'M' 'M' 'M' 'M' 'M' 'M' 'M' 'M'
 'M' 'M' 'M' 'M' 'M' 'M' 'M' 'M' 'M' 'M' 'M' 'M' 'M' 'M' 'M' 'M' 'M' 'U'
 'M' 'M' 'M' 'M' 'M' 'M' 'M' 'M' 'U' 'M' 'M' 'M' 'M' 'M' 'M' 'M' 'M' 'M'
 'M' 'M' 'M' 'M' 'M' 'A' 'U' 'A' 'M' 'A' 'A' 'A' 'U' 'M' 'M' 'M' 'M' 'M'
 'M' 'U' 'M' 'M' 'M' 'M' 'M' 'M' 'M' 'M' 'M' 'A' 'M' 'M' 'M' 'M' 'M' 'U'
 'M' 'M' 'M' 'M' 'M' 'M' 'M' 'M' 'M' 'M' 'M' 'M' 'M' 'M' 'M' 'M' 'U' 'M'
 'M' 'M' 'M' 'M' 'M' 'M' 'M' 'M' 'M' 'M' 'M' 'M' 'M' 'M' 'M' 'M' 'M' 'U']"
15201,0,181,6,175,17,0,0,"['A' 'M' 'M' 'U' 'M' 'M' 'M' 'M' 'M' 'M' 'M' 'M' 'M' 'M' 'M' 'M' 'M' 'M'
 'M' 'M' 'M' 'M' 'M' 'M' 'M' 'M' 'M' 'M' 'M' 'M' 'M' 'M' 'M' 'M' 'U' 'M'
 'M' 'M' 'M' 'M' 'U' 'M' 'M' 'M' 'M' 'M' 'M' 'M' 'A' 'M' 'M' 'M' 'M' 'M'
 'M' 'M' 'M' 'M' 'M' 'M' 'M' 'M' 'M' 'M' 'M' 'M' 'U' 'M' 'M' 'M' 'M' 'M'
 'M' 'M' 'M' 'M' 'M' 'M' 'M' 'M' 'M' 'M' 'M' 'M' 'M' 'M' 'M' 'M' 'M' 'M'
 'M' 'M' 'M' 'M' 'M' 'M' 'M' 'M' 'M' 'M' 'M' 'M' 'M' 'M' 'M' 'M' 'M' 'U'
 'M' 'M' 'M' 'M' 'M' 'M' 'U' 'M' 'M' 'M' 'M' 'M' 'M' 'M' 'M' 'M' 'M' 'M'
 'M' 'M' 'M' 'M' 'M' 'U' 'A' 'A' 'U' 'A' 'U' 'A' 'U' 'U' 'M' 'M' 'M' 'M'
 'M' 'U' 'M' 'M' 'M' 'M' 'M' 'M' 'M' 'M' 'M' 'U' 'M' 'M' 'U' 'M' 'M' 'U'
 'M' 'M' 'M' 'M' 'M' 'M' 'M' 'M' 'M' 'M' 'M' 'M' 'M' 'M' 'M' 'M' 'M' 'M'
 'M' 'M' 'M' 'M' 'M' 'M' 'M' 'M' 'M' 'M' 'M' 'M' 'M' 'U' 'M' 'M' 'M' 'U']"
15301,1,182,9,173,16,0,0,"['A' 'M' 'M' 'U' 'M' 'U' 'M' 'M' 'M' 'M' 'M' 'M' 'M' 'M' 'M' 'M' 'M' 'M'
 'M' 'M' 'M' 'M' 'M' 'M' 'M' 'M' 'M' 'M' 'M' 'M' 'M' 'M' 'M' 'M' 'U' 'M'
 'M' 'M' 'M' 'M' 'U' 'M' 'M' 'M' 'M' 'M' 'M' 'M' 'A' 'M' 'M' 'M' 'M' 'M'
 'M' 'M' 'M' 'M' 'M' 'M' 'M' 'M' 'M' 'M' 'M' 'M' 'M' 'M' 'M' 'M' 'M' 'M'
 'M' 'M' 'M' 'M' 'M' 'M' 'M' 'M' 'M' 'M' 'M' 'M' 'M' 'M' 'M' 'M' 'M' 'M'
 'U' 'M' 'M' 'M' 'M' 'M' 'M' 'M' 'M' 'M' 'M' 'M' 'M' 'M' 'U' 'M' 'M' 'U'
 'M' 'M' 'M' 'M' 'M' 'M' 'M' 'M' 'M' 'M' 'M' 'M' 'U' 'M' 'M' 'M' 'M' 'M'
 'M' 'M' 'M' 'M' 'M' 'A' 'A' 'A' 'M' 'A' 'A' 'A' 'A' 'U' 'M' 'M' 'M' 'M'
 'M' 'U' 'M' 'M' 'M' 'M' 'M' 'M' 'M' 'M' 'M' 'U' 'M' 'M' 'U' 'M' 'M' 'U'
 'M' 'M' 'M' 'M' 'M' 'M' 'M' 'M' 'M' 'U' 'M' 'M' 'M' 'M' 'M' 'M' 'M' 'M'
 'M' 'M' 'M' 'U' 'M' 'M' 'M' 'M' 'M' 'M' 'M' 'M' 'M' 'U' 'M' 'M' 'M' 'M']"
15401,0,183,9,174,15,0,0,"['A' 'U' 'M' 'U' 'M' 'M' 'M' 'M' 'M' 'M' 'M' 'M' 'M' 'M' 'M' 'U' 'M' 'M'
 'M' 'M' 'M' 'M' 'M' 'M' 'M' 'M' 'M' 'M' 'M' 'M' 'M' 'M' 'M' 'M' 'U' 'M'
 'M' 'M' 'M' 'M' 'U' 'M' 'U' 'M' 'M' 'M' 'M' 'M' 'A' 'M' 'M' 'M' 'M' 'M'
 'M' 'M' 'M' 'M' 'M' 'M' 'M' 'M' 'M' 'M' 'M' 'M' 'M' 'M' 'M' 'M' 'M' 'M'
 'M' 'M' 'M' 'M' 'M' 'M' 'M' 'M' 'M' 'M' 'M' 'M' 'M' 'M' 'U' 'M' 'M' 'M'
 'M' 'M' 'M' 'M' 'M' 'M' 'M' 'M' 'M' 'M' 'M' 'M' 'M' 'M' 'M' 'M' 'M' 'M'
 'M' 'M' 'M' 'M' 'M' 'M' 'U' 'M' 'M' 'M' 'M' 'M' 'U' 'M' 'M' 'M' 'M' 'M'
 'M' 'M' 'M' 'M' 'M' 'A' 'A' 'A' 'U' 'A' 'A' 'A' 'A' 'U' 'M' 'M' 'M' 'M'
 'M' 'U' 'M' 'M' 'M' 'M' 'M' 'M' 'M' 'M' 'M' 'U' 'M' 'M' 'U' 'M' 'M' 'M'
 'M' 'M' 'M' 'M' 'M' 'M' 'M' 'M' 'M' 'M' 'M' 'M' 'M' 'M' 'M' 'M' 'M' 'M'
 'M' 'M' 'U' 'M' 'M' 'M' 'M' 'M' 'M' 'M' 'M' 'M' 'M' 'M' 'M' 'M' 'M' 'M']"
15501,0,181,6,175,17,0,0,"['A' 'U' 'M' 'U' 'M' 'M' 'M' 'U' 'M' 'M' 'M' 'M' 'M' 'M' 'M' 'U' 'M' 'M'
 'M' 'M' 'M' 'M' 'M' 'M' 'M' 'M' 'M' 'M' 'M' 'M' 'M' 'M' 'M' 'M' 'U' 'M'
 'M' 'M' 'M' 'M' 'U' 'M' 'M' 'M' 'M' 'M' 'M' 'M' 'A' 'M' 'M' 'M' 'M' 'M'
 'M' 'M' 'M' 'M' 'M' 'M' 'M' 'M' 'U' 'M' 'M' 'M' 'M' 'M' 'M' 'M' 'M' 'M'
 'M' 'U' 'M' 'M' 'M' 'M' 'M' 'M' 'M' 'M' 'M' 'M' 'M' 'M' 'M' 'M' 'M' 'M'
 'M' 'M' 'M' 'M' 'M' 'M' 'M' 'M' 'M' 'M' 'M' 'M' 'M' 'M' 'M' 'M' 'M' 'M'
 'M' 'M' 'M' 'M' 'M' 'M' 'U' 'M' 'M' 'M' 'M' 'M' 'U' 'M' 'M' 'M' 'M' 'M'
 'M' 'M' 'M' 'M' 'M' 'M' 'U' 'M' 'M' 'A' 'U' 'A' 'A' 'A' 'M' 'M' 'M' 'M'
 'M' 'M' 'M' 'M' 'M' 'M' 'M' 'M' 'M' 'M' 'M' 'U' 'M' 'M' 'U' 'U' 'M' 'M'
 'M' 'M' 'M' 'M' 'M' 'M' 'M' 'M' 'M' 'M' 'M' 'M' 'M' 'M' 'M' 'M' 'M' 'M'
 'U' 'M' 'U' 'M' 'M' 'M' 'M' 'M' 'M' 'M' 'M' 'M' 'M' 'M' 'M' 'M' 'M' 'M']"
15601,0,183,6,177,15,0,0,"['A' 'M' 'M' 'U' 'M' 'M' 'M' 'M' 'M' 'M' 'M' 'M' 'M' 'M' 'M' 'U' 'M' 'M'
 'M' 'M' 'M' 'M' 'M' 'M' 'M' 'M' 'M' 'M' 'M' 'M' 'M' 'M' 'M' 'M' 'M' 'M'
 'M' 'M' 'M' 'M' 'M' 'M' 'M' 'M' 'M' 'M' 'M' 'M' 'U' 'M' 'M' 'M' 'M' 'M'
 'M' 'M' 'M' 'M' 'M' 'M' 'M' 'M' 'U' 'M' 'M' 'M' 'M' 'M' 'M' 'M' 'M' 'M'
 'M' 'M' 'M' 'M' 'M' 'M' 'M' 'M' 'M' 'M' 'U' 'M' 'M' 'M' 'M' 'M' 'M' 'M'
 'M' 'M' 'M' 'M' 'M' 'M' 'M' 'M' 'M' 'M' 'M' 'M' 'M' 'M' 'M' 'M' 'M' 'M'
 'M' 'M' 'M' 'M' 'M' 'M' 'U' 'M' 'M' 'M' 'M' 'M' 'U' 'M' 'M' 'M' 'M' 'M'
 'M' 'M' 'M' 'M' 'M' 'M' 'A' 'U' 'U' 'A' 'U' 'A' 'A' 'A' 'M' 'M' 'M' 'M'
 'M' 'M' 'M' 'M' 'M' 'M' 'M' 'M' 'M' 'M' 'M' 'U' 'M' 'M' 'U' 'U' 'M' 'M'
 'M' 'M' 'M' 'M' 'M' 'M' 'M' 'M' 'M' 'M' 'M' 'M' 'M' 'M' 'M' 'M' 'M' 'M'
 'U' 'M' 'U' 'M' 'M' 'M' 'M' 'M' 'M' 'M' 'M' 'M' 'M' 'M' 'M' 'M' 'M' 'M']"
15701,0,183,6,177,15,0,0,"['A' 'M' 'M' 'U' 'M' 'M' 'M' 'M' 'M' 'M' 'M' 'M' 'M' 'M' 'M' 'U' 'M' 'M'
 'M' 'M' 'M' 'U' 'M' 'M' 'M' 'M' 'M' 'M' 'M' 'M' 'M' 'M' 'M' 'M' 'M' 'M'
 'M' 'M' 'M' 'M' 'M' 'M' 'M' 'M' 'M' 'M' 'M' 'U' 'M' 'M' 'M' 'M' 'M' 'M'
 'M' 'M' 'M' 'M' 'M' 'M' 'M' 'M' 'M' 'M' 'M' 'M' 'M' 'M' 'M' 'M' 'M' 'M'
 'M' 'M' 'M' 'M' 'M' 'M' 'M' 'M' 'U' 'M' 'M' 'M' 'M' 'M' 'M' 'M' 'M' 'M'
 'M' 'M' 'M' 'M' 'M' 'M' 'U' 'M' 'M' 'M' 'M' 'M' 'M' 'M' 'M' 'M' 'M' 'M'
 'M' 'M' 'M' 'M' 'M' 'M' 'U' 'M' 'M' 'M' 'M' 'U' 'M' 'M' 'M' 'M' 'M' 'M'
 'M' 'M' 'M' 'M' 'M' 'U' 'A' 'A' 'A' 'U' 'A' 'A' 'M' 'U' 'M' 'M' 'M' 'M'
 'M' 'M' 'M' 'M' 'M' 'M' 'M' 'M' 'M' 'M' 'M' 'U' 'M' 'M' 'U' 'U' 'M' 'M'
 'M' 'M' 'M' 'M' 'M' 'M' 'M' 'M' 'M' 'M' 'M' 'M' 'M' 'M' 'M' 'M' 'M' 'M'
 'M' 'M' 'U' 'M' 'M' 'M' 'M' 'M' 'M' 'M' 'M' 'M' 'M' 'M' 'M' 'M' 'M' 'M']"
15801,0,182,7,175,16,0,0,"['A' 'M' 'M' 'U' 'M' 'M' 'M' 'M' 'M' 'M' 'M' 'M' 'M' 'M' 'M' 'U' 'M' 'M'
 'M' 'M' 'M' 'U' 'M' 'M' 'M' 'M' 'M' 'M' 'M' 'M' 'M' 'M' 'M' 'M' 'M' 'M'
 'M' 'M' 'M' 'M' 'M' 'M' 'M' 'M' 'M' 'M' 'M' 'U' 'M' 'M' 'M' 'U' 'M' 'M'
 'M' 'M' 'M' 'M' 'M' 'M' 'M' 'M' 'M' 'M' 'M' 'M' 'M' 'M' 'M' 'M' 'M' 'M'
 'M' 'M' 'M' 'M' 'M' 'M' 'M' 'M' 'M' 'M' 'M' 'M' 'M' 'M' 'M' 'M' 'M' 'M'
 'M' 'M' 'M' 'U' 'M' 'M' 'M' 'M' 'M' 'M' 'M' 'M' 'M' 'M' 'M' 'M' 'M' 'M'
 'M' 'M' 'M' 'M' 'M' 'M' 'U' 'M' 'M' 'M' 'M' 'U' 'M' 'M' 'M' 'M' 'M' 'U'
 'M' 'M' 'M' 'M' 'M' 'A' 'A' 'A' 'U' 'A' 'U' 'U' 'A' 'M' 'M' 'M' 'M' 'M'
 'M' 'M' 'M' 'M' 'M' 'M' 'M' 'M' 'M' 'M' 'M' 'U' 'M' 'M' 'U' 'U' 'M' 'M'
 'M' 'M' 'M' 'M' 'M' 'M' 'M' 'M' 'M' 'M' 'M' 'M' 'M' 'M' 'M' 'M' 'U' 'M'
 'M' 'M' 'A' 'M' 'M' 'M' 'M' 'M' 'M' 'M' 'M' 'M' 'M' 'M' 'M' 'M' 'M' 'M']"
15901,0,186,4,182,12,0,0,"['A' 'M' 'M' 'U' 'M' 'M' 'M' 'M' 'M' 'M' 'M' 'M' 'M' 'M' 'M' 'M' 'M' 'M'
 'M' 'M' 'M' 'U' 'M' 'M' 'M' 'M' 'M' 'M' 'M' 'M' 'M' 'M' 'M' 'M' 'M' 'M'
 'M' 'M' 'M' 'M' 'M' 'M' 'M' 'M' 'M' 'M' 'M' 'U' 'M' 'M' 'M' 'U' 'M' 'M'
 'M' 'M' 'M' 'M' 'M' 'M' 'M' 'M' 'M' 'M' 'M' 'M' 'M' 'M' 'M' 'M' 'M' 'M'
 'M' 'M' 'M' 'M' 'M' 'M' 'M' 'U' 'M' 'M' 'M' 'M' 'M' 'M' 'M' 'M' 'M' 'M'
 'M' 'M' 'M' 'M' 'M' 'M' 'M' 'M' 'M' 'M' 'M' 'M' 'M' 'M' 'M' 'M' 'M' 'M'
 'M' 'M' 'M' 'M' 'M' 'M' 'U' 'M' 'M' 'M' 'M' 'M' 'M' 'M' 'M' 'M' 'M' 'U'
 'M' 'M' 'M' 'M' 'M' 'U' 'M' 'A' 'U' 'U' 'A' 'A' 'U' 'M' 'M' 'M' 'M' 'M'
 'M' 'M' 'M' 'M' 'M' 'M' 'M' 'M' 'M' 'M' 'M' 'M' 'M' 'M' 'M' 'M' 'M' 'M'
 'M' 'M' 'M' 'M' 'M' 'M' 'M' 'M' 'M' 'M' 'M' 'M' 'M' 'M' 'M' 'M' 'U' 'M'
 'M' 'M' 'M' 'M' 'M' 'M' 'M' 'M' 'M' 'M' 'M' 'M' 'M' 'M' 'M' 'M' 'M' 'M']"
16001,0,191,6,185,7,0,0,"['A' 'M' 'M' 'U' 'M' 'M' 'M' 'M' 'M' 'M' 'M' 'M' 'M' 'M' 'M' 'M' 'M' 'M'
 'M' 'M' 'M' 'M' 'M' 'M' 'M' 'M' 'M' 'M' 'M' 'M' 'M' 'M' 'M' 'M' 'M' 'M'
 'M' 'M' 'M' 'M' 'M' 'M' 'M' 'M' 'M' 'M' 'M' 'M' 'M' 'M' 'M' 'M' 'M' 'M'
 'M' 'M' 'M' 'M' 'M' 'M' 'M' 'M' 'M' 'M' 'M' 'M' 'M' 'M' 'M' 'M' 'M' 'M'
 'M' 'M' 'M' 'M' 'M' 'M' 'M' 'M' 'M' 'M' 'M' 'U' 'M' 'M' 'M' 'M' 'M' 'M'
 'M' 'M' 'M' 'M' 'M' 'M' 'M' 'M' 'M' 'M' 'M' 'M' 'M' 'M' 'M' 'M' 'M' 'M'
 'M' 'M' 'M' 'M' 'M' 'M' 'U' 'M' 'M' 'M' 'M' 'M' 'M' 'M' 'M' 'M' 'M' 'M'
 'M' 'M' 'M' 'M' 'M' 'U' 'U' 'A' 'A' 'U' 'A' 'A' 'A' 'M' 'M' 'M' 'M' 'M'
 'M' 'M' 'M' 'M' 'M' 'M' 'M' 'M' 'M' 'M' 'M' 'M' 'M' 'M' 'M' 'M' 'M' 'M'
 'M' 'M' 'M' 'M' 'M' 'M' 'M' 'M' 'M' 'M' 'M' 'M' 'M' 'M' 'M' 'M' 'U' 'M'
 'M' 'M' 'M' 'M' 'M' 'M' 'M' 'M' 'M' 'M' 'M' 'M' 'M' 'M' 'M' 'M' 'M' 'M']"
16101,0,190,7,183,8,0,0,"['A' 'M' 'M' 'M' 'M' 'M' 'M' 'M' 'M' 'M' 'M' 'M' 'M' 'M' 'M' 'M' 'M' 'M'
 'M' 'M' 'M' 'U' 'M' 'M' 'M' 'M' 'M' 'M' 'M' 'M' 'M' 'M' 'M' 'M' 'M' 'M'
 'M' 'M' 'M' 'M' 'M' 'M' 'M' 'M' 'M' 'M' 'M' 'M' 'M' 'M' 'M' 'M' 'M' 'M'
 'M' 'M' 'M' 'M' 'M' 'M' 'U' 'M' 'M' 'M' 'M' 'M' 'M' 'M' 'M' 'M' 'M' 'M'
 'M' 'M' 'M' 'M' 'M' 'M' 'M' 'M' 'M' 'M' 'M' 'M' 'M' 'M' 'M' 'M' 'M' 'M'
 'M' 'M' 'U' 'M' 'M' 'M' 'M' 'M' 'M' 'M' 'M' 'M' 'M' 'M' 'M' 'M' 'M' 'M'
 'M' 'M' 'M' 'M' 'M' 'M' 'M' 'M' 'M' 'M' 'M' 'M' 'M' 'M' 'M' 'M' 'M' 'M'
 'M' 'M' 'M' 'M' 'M' 'U' 'U' 'A' 'A' 'A' 'A' 'A' 'A' 'M' 'M' 'M' 'M' 'M'
 'M' 'M' 'M' 'M' 'M' 'M' 'U' 'M' 'M' 'M' 'M' 'M' 'U' 'M' 'M' 'M' 'M' 'M'
 'M' 'M' 'M' 'M' 'M' 'M' 'M' 'M' 'M' 'M' 'M' 'M' 'M' 'M' 'M' 'M' 'U' 'M'
 'M' 'M' 'M' 'M' 'M' 'M' 'M' 'M' 'M' 'M' 'M' 'M' 'M' 'M' 'M' 'M' 'M' 'M']"
16201,0,186,5,181,12,0,0,"['A' 'M' 'M' 'M' 'M' 'M' 'M' 'M' 'M' 'M' 'M' 'M' 'M' 'M' 'M' 'M' 'M' 'M'
 'M' 'M' 'M' 'U' 'M' 'M' 'M' 'M' 'M' 'M' 'M' 'M' 'M' 'M' 'M' 'M' 'M' 'M'
 'M' 'M' 'M' 'M' 'M' 'M' 'M' 'M' 'M' 'M' 'U' 'M' 'M' 'M' 'M' 'M' 'M' 'M'
 'M' 'M' 'M' 'M' 'M' 'M' 'U' 'M' 'M' 'M' 'M' 'M' 'M' 'M' 'M' 'M' 'U' 'M'
 'M' 'M' 'M' 'M' 'M' 'M' 'M' 'M' 'M' 'M' 'M' 'M' 'M' 'M' 'M' 'M' 'M' 'M'
 'M' 'M' 'M' 'M' 'M' 'M' 'M' 'M' 'M' 'M' 'M' 'M' 'U' 'M' 'M' 'M' 'M' 'M'
 'M' 'M' 'M' 'M' 'M' 'M' 'M' 'M' 'M' 'M' 'M' 'M' 'M' 'M' 'M' 'M' 'M' 'M'
 'M' 'M' 'M' 'M' 'M' 'U' 'A' 'A' 'U' 'U' 'A' 'U' 'A' 'M' 'M' 'M' 'M' 'M'
 'M' 'M' 'M' 'M' 'M' 'M' 'U' 'M' 'M' 'M' 'M' 'M' 'U' 'M' 'M' 'M' 'M' 'M'
 'M' 'M' 'U' 'M' 'M' 'M' 'M' 'M' 'M' 'M' 'M' 'M' 'M' 'M' 'M' 'M' 'M' 'M'
 'M' 'M' 'M' 'M' 'M' 'M' 'M' 'M' 'M' 'M' 'M' 'M' 'M' 'M' 'M' 'M' 'M' 'M']"
16301,0,186,2,184,12,0,0,"['A' 'M' 'M' 'M' 'M' 'M' 'M' 'M' 'M' 'U' 'M' 'M' 'M' 'M' 'M' 'M' 'M' 'M'
 'M' 'M' 'M' 'M' 'M' 'M' 'M' 'M' 'M' 'M' 'M' 'M' 'M' 'M' 'M' 'M' 'M' 'M'
 'M' 'M' 'M' 'M' 'M' 'M' 'M' 'M' 'M' 'M' 'M' 'M' 'M' 'M' 'M' 'M' 'M' 'M'
 'M' 'M' 'M' 'M' 'M' 'M' 'U' 'M' 'M' 'M' 'M' 'M' 'M' 'M' 'M' 'M' 'M' 'M'
 'M' 'M' 'M' 'M' 'M' 'M' 'M' 'M' 'M' 'M' 'M' 'U' 'M' 'M' 'M' 'M' 'M' 'M'
 'M' 'M' 'M' 'M' 'M' 'M' 'M' 'M' 'M' 'M' 'M' 'M' 'U' 'M' 'M' 'M' 'M' 'M'
 'M' 'U' 'M' 'M' 'M' 'M' 'M' 'M' 'M' 'M' 'M' 'M' 'M' 'M' 'M' 'M' 'M' 'M'
 'M' 'M' 'M' 'U' 'M' 'M' 'U' 'U' 'U' 'M' 'U' 'M' 'A' 'M' 'M' 'M' 'M' 'M'
 'M' 'M' 'M' 'M' 'M' 'M' 'M' 'M' 'M' 'M' 'M' 'M' 'U' 'M' 'M' 'M' 'M' 'M'
 'M' 'M' 'U' 'M' 'M' 'M' 'M' 'M' 'M' 'M' 'M' 'M' 'M' 'M' 'M' 'M' 'M' 'M'
 'M' 'M' 'M' 'M' 'M' 'M' 'M' 'M' 'M' 'M' 'M' 'M' 'M' 'M' 'M' 'M' 'M' 'M']"
16401,0,189,9,180,9,0,0,"['A' 'M' 'M' 'M' 'M' 'M' 'M' 'M' 'M' 'M' 'M' 'M' 'M' 'M' 'M' 'M' 'M' 'M'
 'M' 'M' 'M' 'M' 'M' 'M' 'M' 'M' 'M' 'M' 'M' 'M' 'M' 'M' 'M' 'M' 'M' 'M'
 'M' 'M' 'M' 'M' 'M' 'M' 'M' 'M' 'M' 'M' 'M' 'M' 'M' 'M' 'M' 'M' 'M' 'M'
 'M' 'U' 'M' 'M' 'M' 'M' 'U' 'M' 'M' 'M' 'M' 'M' 'M' 'M' 'M' 'M' 'U' 'M'
 'M' 'M' 'M' 'M' 'M' 'M' 'M' 'M' 'M' 'M' 'M' 'M' 'M' 'M' 'M' 'M' 'M' 'M'
 'M' 'M' 'M' 'M' 'M' 'M' 'M' 'M' 'M' 'M' 'M' 'M' 'M' 'M' 'M' 'M' 'M' 'M'
 'M' 'U' 'M' 'M' 'M' 'M' 'M' 'M' 'M' 'M' 'M' 'M' 'M' 'M' 'M' 'M' 'M' 'M'
 'M' 'M' 'M' 'U' 'M' 'A' 'A' 'A' 'A' 'A' 'A' 'A' 'A' 'M' 'M' 'M' 'M' 'M'
 'M' 'M' 'M' 'M' 'M' 'M' 'M' 'M' 'M' 'M' 'M' 'M' 'U' 'M' 'M' 'M' 'M' 'M'
 'M' 'M' 'M' 'M' 'M' 'U' 'M' 'M' 'M' 'M' 'M' 'M' 'M' 'M' 'M' 'M' 'M' 'M'
 'M' 'U' 'M' 'M' 'M' 'M' 'M' 'M' 'M' 'U' 'M' 'M' 'M' 'M' 'M' 'M' 'M' 'M']"
16501,2,187,8,179,11,0,0,"['A' 'M' 'M' 'U' 'M' 'M' 'M' 'M' 'M' 'M' 'M' 'M' 'M' 'M' 'M' 'M' 'M' 'U'
 'M' 'M' 'M' 'M' 'M' 'M' 'M' 'M' 'M' 'M' 'M' 'M' 'M' 'M' 'M' 'M' 'M' 'M'
 'M' 'M' 'M' 'M' 'M' 'M' 'M' 'M' 'M' 'M' 'M' 'M' 'M' 'M' 'U' 'M' 'M' 'M'
 'M' 'M' 'M' 'M' 'M' 'M' 'U' 'M' 'M' 'M' 'M' 'M' 'M' 'M' 'M' 'M' 'M' 'M'
 'M' 'M' 'M' 'M' 'M' 'M' 'M' 'M' 'M' 'M' 'M' 'M' 'M' 'M' 'U' 'M' 'M' 'M'
 'M' 'M' 'M' 'M' 'M' 'M' 'M' 'M' 'M' 'M' 'M' 'M' 'M' 'M' 'M' 'M' 'M' 'M'
 'M' 'A' 'M' 'M' 'M' 'M' 'M' 'M' 'M' 'M' 'M' 'M' 'M' 'M' 'M' 'M' 'M' 'M'
 'M' 'M' 'M' 'U' 'M' 'A' 'A' 'A' 'A' 'A' 'A' 'U' 'M' 'M' 'M' 'M' 'M' 'M'
 'M' 'M' 'M' 'M' 'M' 'M' 'M' 'M' 'U' 'M' 'M' 'M' 'U' 'M' 'M' 'M' 'M' 'M'
 'M' 'M' 'M' 'M' 'M' 'U' 'M' 'M' 'M' 'M' 'M' 'M' 'M' 'M' 'M' 'M' 'M' 'M'
 'M' 'U' 'M' 'M' 'M' 'M' 'M' 'M' 'M' 'M' 'M' 'M' 'M' 'M' 'M' 'M' 'M' 'M']"
16601,0,183,8,175,15,0,0,"['A' 'M' 'M' 'M' 'M' 'M' 'M' 'M' 'M' 'M' 'M' 'M' 'M' 'M' 'M' 'M' 'M' 'M'
 'M' 'M' 'M' 'M' 'M' 'U' 'M' 'M' 'U' 'M' 'M' 'M' 'M' 'M' 'M' 'M' 'M' 'M'
 'M' 'M' 'M' 'M' 'M' 'M' 'M' 'M' 'M' 'M' 'M' 'M' 'M' 'M' 'U' 'M' 'M' 'M'
 'M' 'M' 'M' 'M' 'M' 'M' 'M' 'M' 'M' 'M' 'M' 'M' 'M' 'M' 'M' 'M' 'M' 'M'
 'M' 'M' 'M' 'M' 'M' 'M' 'M' 'M' 'M' 'M' 'M' 'M' 'M' 'M' 'M' 'M' 'U' 'M'
 'M' 'M' 'M' 'M' 'M' 'M' 'M' 'M' 'M' 'U' 'M' 'M' 'M' 'M' 'M' 'M' 'M' 'U'
 'M' 'U' 'M' 'M' 'M' 'M' 'M' 'M' 'M' 'M' 'M' 'M' 'M' 'M' 'M' 'M' 'M' 'M'
 'M' 'M' 'M' 'U' 'M' 'A' 'A' 'A' 'A' 'A' 'U' 'A' 'A' 'M' 'M' 'M' 'M' 'M'
 'M' 'M' 'M' 'M' 'M' 'M' 'M' 'M' 'U' 'M' 'M' 'M' 'U' 'M' 'M' 'M' 'M' 'U'
 'M' 'M' 'M' 'M' 'M' 'U' 'M' 'M' 'M' 'M' 'M' 'M' 'M' 'M' 'M' 'M' 'M' 'M'
 'M' 'M' 'M' 'M' 'M' 'M' 'M' 'M' 'M' 'U' 'M' 'M' 'M' 'M' 'M' 'U' 'M' 'M']"
16701,1,186,8,178,12,0,1,"['A' 'M' 'M' 'M' 'M' 'M' 'M' 'M' 'M' 'M' 'M' 'M' 'M' 'M' 'M' 'M' 'M' 'M'
 'M' 'M' 'M' 'M' 'M' 'M' 'M' 'M' 'U' 'M' 'M' 'M' 'M' 'M' 'M' 'M' 'M' 'U'
 'M' 'M' 'M' 'M' 'M' 'M' 'M' 'M' 'M' 'M' 'M' 'M' 'M' 'U' 'U' 'M' 'M' 'M'
 'M' 'M' 'M' 'M' 'M' 'M' 'M' 'M' 'M' 'M' 'M' 'M' 'M' 'M' 'M' 'M' 'U' 'M'
 'M' 'M' 'M' 'M' 'M' 'M' 'M' 'M' 'M' 'M' 'M' 'M' 'M' 'M' 'M' 'M' 'M' 'M'
 'M' 'M' 'M' 'M' 'M' 'M' 'M' 'M' 'M' 'U' 'M' 'M' 'M' 'M' 'M' 'M' 'M' 'U'
 'M' 'U' 'M' 'M' 'M' 'M' 'M' 'M' 'M' 'M' 'M' 'M' 'M' 'M' 'M' 'M' 'M' 'M'
 'M' 'M' 'M' 'M' 'M' 'U' 'A' 'A' 'A' 'A' 'A' 'A' 'A' 'M' 'M' 'M' 'M' 'M'
 'M' 'M' 'M' 'M' 'M' 'M' 'M' 'M' 'U' 'M' 'M' 'M' 'U' 'M' 'M' 'M' 'M' 'M'
 'M' 'M' 'M' 'M' 'M' 'M' 'M' 'M' 'M' 'M' 'M' 'M' 'M' 'M' 'M' 'M' 'M' 'M'
 'M' 'M' 'M' 'M' 'M' 'M' 'M' 'M' 'M' 'M' 'M' 'M' 'M' 'M' 'M' 'U' 'M' 'M']"
16801,0,183,7,176,15,0,0,"['A' 'M' 'M' 'M' 'M' 'M' 'M' 'M' 'M' 'M' 'M' 'M' 'M' 'M' 'M' 'M' 'M' 'M'
 'M' 'M' 'M' 'M' 'M' 'M' 'M' 'M' 'U' 'M' 'M' 'M' 'M' 'M' 'M' 'M' 'U' 'U'
 'M' 'M' 'U' 'M' 'M' 'M' 'M' 'M' 'M' 'M' 'M' 'M' 'M' 'M' 'U' 'M' 'M' 'M'
 'M' 'M' 'M' 'M' 'M' 'M' 'M' 'M' 'M' 'M' 'M' 'M' 'M' 'M' 'M' 'M' 'M' 'M'
 'M' 'M' 'M' 'M' 'M' 'M' 'M' 'M' 'M' 'M' 'M' 'M' 'M' 'M' 'M' 'M' 'M' 'M'
 'M' 'M' 'U' 'M' 'M' 'M' 'M' 'M' 'M' 'U' 'M' 'M' 'M' 'M' 'M' 'M' 'M' 'U'
 'M' 'U' 'M' 'M' 'M' 'M' 'M' 'M' 'M' 'M' 'M' 'M' 'M' 'M' 'M' 'U' 'M' 'M'
 'M' 'M' 'M' 'M' 'M' 'A' 'A' 'A' 'A' 'A' 'U' 'U' 'A' 'M' 'M' 'M' 'M' 'M'
 'M' 'M' 'M' 'M' 'M' 'M' 'M' 'M' 'U' 'M' 'M' 'M' 'U' 'M' 'M' 'M' 'M' 'M'
 'M' 'M' 'M' 'M' 'M' 'M' 'M' 'M' 'M' 'M' 'M' 'M' 'M' 'M' 'M' 'M' 'M' 'M'
 'M' 'M' 'M' 'M' 'M' 'M' 'M' 'M' 'M' 'M' 'M' 'M' 'M' 'M' 'M' 'U' 'M' 'M']"
16901,0,183,5,178,15,0,0,"['A' 'M' 'M' 'M' 'M' 'M' 'M' 'M' 'M' 'U' 'M' 'M' 'M' 'M' 'M' 'M' 'M' 'M'
 'M' 'M' 'M' 'M' 'M' 'M' 'M' 'M' 'U' 'M' 'M' 'M' 'M' 'M' 'M' 'M' 'M' 'M'
 'M' 'M' 'U' 'M' 'M' 'M' 'M' 'M' 'M' 'M' 'M' 'M' 'M' 'M' 'U' 'M' 'M' 'M'
 'M' 'M' 'M' 'M' 'M' 'M' 'U' 'M' 'U' 'M' 'M' 'M' 'M' 'M' 'M' 'M' 'M' 'M'
 'U' 'M' 'M' 'M' 'M' 'M' 'M' 'M' 'M' 'M' 'M' 'M' 'M' 'M' 'M' 'M' 'M' 'M'
 'M' 'M' 'M' 'M' 'M' 'M' 'M' 'M' 'M' 'U' 'M' 'M' 'M' 'M' 'M' 'M' 'M' 'M'
 'M' 'M' 'M' 'M' 'M' 'M' 'M' 'M' 'M' 'M' 'M' 'M' 'M' 'M' 'M' 'M' 'M' 'M'
 'M' 'M' 'M' 'M' 'M' 'A' 'U' 'A' 'A' 'U' 'U' 'U' 'A' 'M' 'M' 'M' 'M' 'M'
 'M' 'M' 'M' 'M' 'M' 'M' 'M' 'M' 'U' 'M' 'M' 'M' 'M' 'M' 'M' 'M' 'M' 'M'
 'M' 'M' 'M' 'M' 'M' 'M' 'M' 'M' 'M' 'M' 'M' 'M' 'M' 'M' 'M' 'M' 'M' 'M'
 'M' 'U' 'M' 'M' 'M' 'M' 'M' 'M' 'M' 'M' 'M' 'M' 'M' 'M' 'M' 'U' 'M' 'M']"
17001,0,185,4,181,13,0,0,"['A' 'M' 'M' 'M' 'M' 'M' 'M' 'M' 'M' 'U' 'M' 'M' 'M' 'M' 'M' 'M' 'M' 'M'
 'M' 'M' 'M' 'M' 'M' 'M' 'M' 'M' 'U' 'M' 'M' 'M' 'M' 'M' 'M' 'M' 'M' 'M'
 'M' 'M' 'U' 'M' 'M' 'M' 'M' 'M' 'M' 'M' 'M' 'M' 'M' 'M' 'U' 'M' 'M' 'M'
 'M' 'M' 'M' 'M' 'M' 'M' 'M' 'M' 'M' 'M' 'M' 'M' 'M' 'M' 'M' 'M' 'M' 'M'
 'M' 'M' 'M' 'M' 'M' 'M' 'M' 'M' 'M' 'M' 'M' 'M' 'M' 'M' 'M' 'M' 'U' 'M'
 'M' 'M' 'M' 'M' 'M' 'M' 'M' 'M' 'M' 'U' 'M' 'M' 'M' 'M' 'M' 'M' 'M' 'M'
 'M' 'M' 'M' 'M' 'M' 'M' 'M' 'M' 'M' 'M' 'M' 'M' 'M' 'U' 'M' 'M' 'M' 'M'
 'M' 'M' 'M' 'M' 'M' 'A' 'M' 'A' 'U' 'U' 'U' 'M' 'A' 'M' 'M' 'M' 'M' 'M'
 'M' 'M' 'M' 'M' 'M' 'M' 'M' 'M' 'U' 'M' 'M' 'M' 'M' 'M' 'M' 'M' 'M' 'M'
 'M' 'M' 'M' 'M' 'M' 'M' 'M' 'M' 'M' 'M' 'M' 'M' 'M' 'M' 'M' 'M' 'U' 'M'
 'M' 'M' 'M' 'M' 'M' 'M' 'M' 'M' 'M' 'M' 'M' 'M' 'M' 'M' 'M' 'U' 'M' 'M']"
17101,0,188,2,186,10,0,0,"['A' 'M' 'M' 'M' 'M' 'M' 'M' 'M' 'M' 'U' 'M' 'M' 'U' 'M' 'M' 'M' 'M' 'M'
 'M' 'M' 'M' 'M' 'M' 'M' 'M' 'M' 'U' 'M' 'M' 'M' 'M' 'M' 'M' 'M' 'M' 'M'
 'M' 'M' 'M' 'M' 'M' 'M' 'M' 'M' 'M' 'M' 'M' 'M' 'M' 'M' 'U' 'M' 'M' 'M'
 'M' 'M' 'M' 'M' 'M' 'M' 'M' 'M' 'M' 'M' 'M' 'M' 'M' 'M' 'M' 'M' 'M' 'M'
 'M' 'M' 'M' 'M' 'M' 'M' 'M' 'M' 'M' 'M' 'M' 'M' 'M' 'M' 'M' 'M' 'M' 'M'
 'U' 'M' 'M' 'M' 'M' 'M' 'M' 'M' 'M' 'M' 'M' 'M' 'M' 'M' 'M' 'M' 'M' 'M'
 'M' 'M' 'M' 'M' 'M' 'M' 'M' 'M' 'M' 'M' 'M' 'M' 'M' 'U' 'M' 'M' 'M' 'M'
 'M' 'M' 'M' 'M' 'M' 'A' 'M' 'U' 'M' 'M' 'U' 'M' 'U' 'M' 'M' 'M' 'M' 'M'
 'M' 'M' 'M' 'M' 'M' 'M' 'M' 'M' 'M' 'M' 'M' 'M' 'M' 'M' 'M' 'M' 'M' 'M'
 'M' 'M' 'M' 'M' 'M' 'M' 'M' 'M' 'M' 'M' 'M' 'M' 'M' 'M' 'M' 'M' 'U' 'M'
 'M' 'M' 'M' 'M' 'M' 'M' 'M' 'M' 'M' 'M' 'M' 'M' 'M' 'M' 'M' 'M' 'M' 'M']"
17201,0,187,5,182,11,0,1,"['A' 'M' 'M' 'M' 'M' 'M' 'M' 'M' 'M' 'U' 'M' 'M' 'U' 'M' 'M' 'M' 'M' 'M'
 'M' 'M' 'M' 'M' 'M' 'M' 'M' 'M' 'M' 'M' 'M' 'U' 'M' 'M' 'M' 'M' 'M' 'M'
 'M' 'M' 'M' 'M' 'M' 'M' 'M' 'M' 'M' 'M' 'M' 'M' 'M' 'M' 'M' 'M' 'M' 'M'
 'M' 'U' 'M' 'M' 'M' 'M' 'M' 'M' 'M' 'M' 'M' 'M' 'M' 'M' 'M' 'M' 'M' 'M'
 'M' 'M' 'M' 'M' 'M' 'M' 'M' 'M' 'M' 'M' 'M' 'M' 'M' 'M' 'U' 'M' 'M' 'M'
 'M' 'M' 'M' 'M' 'M' 'M' 'M' 'M' 'M' 'M' 'M' 'M' 'M' 'M' 'M' 'M' 'M' 'M'
 'M' 'M' 'M' 'M' 'M' 'M' 'M' 'M' 'M' 'M' 'M' 'M' 'M' 'M' 'M' 'M' 'M' 'M'
 'M' 'M' 'M' 'M' 'M' 'U' 'A' 'A' 'U' 'A' 'A' 'U' 'U' 'M' 'M' 'M' 'M' 'M'
 'M' 'M' 'M' 'M' 'M' 'M' 'M' 'M' 'M' 'M' 'M' 'M' 'M' 'M' 'M' 'M' 'M' 'M'
 'M' 'M' 'M' 'M' 'M' 'M' 'M' 'M' 'M' 'M' 'M' 'M' 'M' 'M' 'U' 'M' 'U' 'M'
 'M' 'M' 'M' 'M' 'M' 'M' 'M' 'M' 'M' 'M' 'M' 'M' 'M' 'M' 'M' 'M' 'M' 'M']"
17301,0,190,4,186,8,0,0,"['A' 'M' 'M' 'M' 'M' 'M' 'M' 'M' 'M' 'U' 'M' 'M' 'M' 'M' 'M' 'M' 'M' 'M'
 'M' 'M' 'M' 'M' 'M' 'M' 'M' 'M' 'M' 'M' 'M' 'M' 'M' 'M' 'M' 'M' 'M' 'M'
 'M' 'M' 'M' 'M' 'M' 'M' 'M' 'M' 'M' 'M' 'M' 'M' 'M' 'M' 'M' 'M' 'M' 'M'
 'M' 'M' 'M' 'M' 'M' 'M' 'M' 'M' 'M' 'M' 'M' 'M' 'M' 'M' 'M' 'M' 'M' 'M'
 'M' 'M' 'M' 'M' 'M' 'M' 'M' 'M' 'M' 'M' 'M' 'M' 'M' 'M' 'M' 'M' 'U' 'M'
 'M' 'M' 'M' 'M' 'M' 'M' 'M' 'M' 'M' 'M' 'M' 'M' 'M' 'M' 'M' 'M' 'M' 'M'
 'M' 'M' 'M' 'M' 'M' 'M' 'M' 'M' 'M' 'M' 'M' 'M' 'M' 'M' 'M' 'M' 'M' 'M'
 'M' 'M' 'U' 'M' 'M' 'U' 'A' 'A' 'M' 'A' 'M' 'M' 'M' 'M' 'M' 'M' 'M' 'M'
 'M' 'M' 'M' 'M' 'M' 'M' 'M' 'M' 'M' 'M' 'M' 'M' 'M' 'M' 'M' 'M' 'U' 'M'
 'M' 'M' 'M' 'M' 'M' 'M' 'M' 'M' 'M' 'M' 'M' 'M' 'M' 'M' 'U' 'M' 'U' 'M'
 'M' 'M' 'M' 'M' 'U' 'M' 'M' 'M' 'M' 'M' 'M' 'M' 'M' 'M' 'M' 'M' 'M' 'M']"
17401,0,189,2,187,9,0,0,"['A' 'M' 'M' 'M' 'M' 'M' 'M' 'M' 'M' 'U' 'M' 'M' 'M' 'M' 'M' 'M' 'U' 'M'
 'M' 'M' 'M' 'M' 'M' 'M' 'M' 'M' 'M' 'M' 'M' 'M' 'M' 'M' 'M' 'M' 'M' 'M'
 'M' 'M' 'M' 'M' 'M' 'M' 'M' 'M' 'M' 'M' 'M' 'M' 'M' 'M' 'M' 'M' 'U' 'M'
 'M' 'M' 'M' 'M' 'M' 'M' 'M' 'M' 'M' 'M' 'M' 'M' 'M' 'M' 'M' 'M' 'M' 'U'
 'M' 'M' 'M' 'M' 'M' 'M' 'M' 'M' 'M' 'M' 'M' 'M' 'M' 'M' 'M' 'M' 'M' 'M'
 'M' 'M' 'M' 'M' 'M' 'M' 'M' 'M' 'M' 'M' 'M' 'M' 'M' 'M' 'M' 'M' 'M' 'M'
 'M' 'M' 'M' 'M' 'M' 'M' 'M' 'M' 'M' 'M' 'M' 'M' 'M' 'M' 'M' 'M' 'M' 'M'
 'M' 'M' 'M' 'M' 'M' 'M' 'A' 'U' 'M' 'U' 'M' 'M' 'M' 'M' 'M' 'M' 'M' 'M'
 'M' 'M' 'M' 'M' 'M' 'M' 'M' 'M' 'M' 'M' 'M' 'M' 'M' 'M' 'M' 'M' 'U' 'M'
 'M' 'M' 'M' 'M' 'M' 'M' 'M' 'M' 'M' 'M' 'M' 'M' 'M' 'M' 'U' 'M' 'M' 'M'
 'M' 'M' 'M' 'M' 'U' 'M' 'M' 'M' 'M' 'M' 'M' 'M' 'M' 'M' 'M' 'M' 'M' 'M']"
17501,0,192,2,190,6,0,0,"['A' 'M' 'M' 'M' 'M' 'M' 'M' 'M' 'M' 'M' 'M' 'M' 'M' 'M' 'M' 'M' 'M' 'M'
 'M' 'M' 'M' 'M' 'M' 'M' 'M' 'M' 'M' 'M' 'M' 'M' 'M' 'M' 'M' 'M' 'M' 'M'
 'M' 'M' 'M' 'M' 'M' 'M' 'M' 'M' 'M' 'M' 'M' 'M' 'M' 'M' 'M' 'M' 'U' 'M'
 'M' 'M' 'M' 'U' 'M' 'M' 'M' 'M' 'M' 'M' 'M' 'M' 'M' 'M' 'M' 'M' 'M' 'M'
 'M' 'M' 'M' 'M' 'M' 'M' 'M' 'M' 'U' 'M' 'M' 'M' 'M' 'M' 'M' 'M' 'M' 'M'
 'M' 'M' 'M' 'M' 'M' 'M' 'M' 'M' 'M' 'M' 'M' 'M' 'M' 'M' 'M' 'M' 'M' 'M'
 'M' 'M' 'M' 'M' 'M' 'M' 'M' 'M' 'M' 'M' 'M' 'M' 'M' 'M' 'M' 'M' 'M' 'M'
 'M' 'M' 'M' 'M' 'M' 'M' 'A' 'U' 'M' 'M' 'M' 'M' 'M' 'M' 'M' 'M' 'M' 'M'
 'M' 'M' 'M' 'M' 'M' 'M' 'M' 'M' 'M' 'M' 'M' 'M' 'M' 'M' 'M' 'M' 'M' 'M'
 'M' 'M' 'M' 'M' 'M' 'M' 'M' 'M' 'M' 'M' 'M' 'M' 'M' 'M' 'U' 'M' 'M' 'M'
 'M' 'M' 'M' 'M' 'U' 'M' 'M' 'M' 'M' 'M' 'M' 'M' 'M' 'M' 'M' 'M' 'M' 'M']"
17601,1,189,5,184,9,0,0,"['A' 'M' 'M' 'M' 'M' 'M' 'M' 'M' 'M' 'M' 'M' 'M' 'M' 'M' 'M' 'M' 'M' 'M'
 'M' 'M' 'M' 'M' 'M' 'M' 'M' 'M' 'M' 'M' 'M' 'M' 'M' 'M' 'M' 'M' 'M' 'M'
 'M' 'M' 'M' 'M' 'M' 'M' 'M' 'M' 'M' 'M' 'M' 'M' 'M' 'M' 'M' 'M' 'U' 'M'
 'M' 'M' 'M' 'U' 'M' 'M' 'M' 'M' 'U' 'M' 'M' 'M' 'M' 'M' 'M' 'M' 'M' 'M'
 'M' 'M' 'M' 'U' 'M' 'M' 'M' 'M' 'M' 'M' 'M' 'M' 'M' 'M' 'M' 'M' 'M' 'M'
 'M' 'M' 'M' 'M' 'M' 'M' 'M' 'M' 'M' 'M' 'M' 'M' 'M' 'M' 'M' 'M' 'M' 'M'
 'M' 'M' 'M' 'M' 'M' 'M' 'M' 'M' 'M' 'M' 'M' 'M' 'M' 'M' 'M' 'M' 'M' 'M'
 'M' 'M' 'M' 'M' 'M' 'M' 'A' 'A' 'A' 'A' 'U' 'U' 'U' 'M' 'M' 'M' 'M' 'M'
 'M' 'M' 'M' 'M' 'M' 'M' 'M' 'M' 'M' 'M' 'M' 'M' 'M' 'M' 'M' 'M' 'M' 'M'
 'M' 'M' 'M' 'M' 'M' 'M' 'M' 'M' 'M' 'M' 'M' 'M' 'M' 'M' 'U' 'M' 'M' 'M'
 'M' 'M' 'M' 'M' 'U' 'M' 'M' 'M' 'M' 'M' 'M' 'M' 'M' 'M' 'M' 'M' 'M' 'M']"
17701,1,185,5,180,13,0,0,"['A' 'M' 'M' 'M' 'M' 'M' 'M' 'M' 'M' 'M' 'M' 'M' 'M' 'M' 'M' 'M' 'M' 'U'
 'M' 'M' 'M' 'M' 'M' 'M' 'M' 'M' 'M' 'M' 'M' 'M' 'M' 'U' 'M' 'M' 'M' 'M'
 'M' 'M' 'M' 'M' 'M' 'M' 'U' 'M' 'M' 'M' 'M' 'M' 'M' 'M' 'M' 'M' 'U' 'M'
 'M' 'M' 'M' 'M' 'M' 'M' 'M' 'M' 'U' 'U' 'M' 'M' 'M' 'M' 'U' 'M' 'M' 'M'
 'M' 'M' 'M' 'M' 'M' 'M' 'M' 'M' 'M' 'M' 'M' 'M' 'M' 'M' 'M' 'M' 'M' 'M'
 'M' 'M' 'M' 'M' 'M' 'M' 'M' 'M' 'M' 'M' 'M' 'M' 'M' 'M' 'M' 'M' 'M' 'M'
 'M' 'M' 'M' 'M' 'M' 'M' 'M' 'M' 'U' 'M' 'M' 'M' 'M' 'M' 'M' 'M' 'M' 'M'
 'M' 'M' 'M' 'M' 'M' 'M' 'A' 'A' 'U' 'A' 'U' 'U' 'A' 'M' 'M' 'M' 'M' 'M'
 'M' 'M' 'M' 'M' 'M' 'M' 'M' 'M' 'M' 'M' 'M' 'M' 'M' 'M' 'M' 'M' 'M' 'M'
 'M' 'M' 'M' 'M' 'M' 'M' 'M' 'M' 'M' 'M' 'M' 'M' 'M' 'M' 'U' 'M' 'M' 'M'
 'M' 'M' 'M' 'M' 'U' 'M' 'M' 'M' 'M' 'M' 'M' 'M' 'M' 'M' 'M' 'M' 'M' 'M']"
17801,1,188,7,181,10,0,0,"['A' 'M' 'M' 'M' 'M' 'M' 'M' 'M' 'M' 'M' 'M' 'M' 'M' 'M' 'M' 'M' 'M' 'U'
 'M' 'M' 'M' 'M' 'M' 'M' 'M' 'M' 'M' 'M' 'M' 'M' 'M' 'M' 'M' 'M' 'M' 'M'
 'M' 'M' 'M' 'M' 'M' 'M' 'U' 'M' 'M' 'M' 'M' 'M' 'M' 'M' 'M' 'M' 'U' 'M'
 'M' 'M' 'M' 'M' 'M' 'M' 'M' 'M' 'U' 'U' 'M' 'M' 'M' 'M' 'M' 'M' 'M' 'M'
 'M' 'M' 'M' 'M' 'M' 'M' 'M' 'M' 'M' 'M' 'M' 'M' 'M' 'M' 'U' 'M' 'M' 'M'
 'M' 'M' 'M' 'M' 'M' 'M' 'M' 'M' 'M' 'U' 'M' 'M' 'M' 'M' 'M' 'M' 'M' 'M'
 'M' 'M' 'M' 'M' 'M' 'M' 'M' 'M' 'M' 'M' 'M' 'M' 'M' 'M' 'M' 'M' 'M' 'M'
 'M' 'M' 'M' 'M' 'M' 'U' 'A' 'A' 'A' 'A' 'A' 'A' 'U' 'M' 'M' 'M' 'M' 'M'
 'M' 'M' 'M' 'M' 'M' 'M' 'M' 'M' 'M' 'M' 'M' 'M' 'M' 'M' 'M' 'M' 'M' 'M'
 'M' 'M' 'M' 'M' 'M' 'M' 'M' 'M' 'M' 'M' 'M' 'M' 'M' 'M' 'M' 'M' 'M' 'M'
 'M' 'M' 'M' 'M' 'U' 'M' 'M' 'M' 'M' 'M' 'M' 'M' 'M' 'M' 'M' 'M' 'M' 'M']"
17901,0,190,7,183,8,0,0,"['A' 'M' 'M' 'M' 'M' 'U' 'M' 'M' 'M' 'M' 'M' 'M' 'M' 'M' 'M' 'M' 'M' 'M'
 'M' 'M' 'M' 'M' 'M' 'M' 'U' 'M' 'M' 'M' 'M' 'M' 'M' 'M' 'M' 'M' 'M' 'M'
 'M' 'M' 'M' 'M' 'M' 'M' 'M' 'M' 'M' 'M' 'M' 'M' 'M' 'M' 'M' 'M' 'U' 'M'
 'M' 'M' 'M' 'M' 'M' 'M' 'M' 'M' 'M' 'U' 'M' 'M' 'M' 'M' 'M' 'M' 'M' 'M'
 'M' 'M' 'M' 'M' 'M' 'M' 'M' 'M' 'M' 'M' 'M' 'M' 'M' 'M' 'M' 'M' 'M' 'M'
 'U' 'M' 'M' 'M' 'M' 'M' 'M' 'M' 'M' 'M' 'M' 'M' 'M' 'M' 'M' 'M' 'M' 'M'
 'M' 'M' 'M' 'M' 'M' 'M' 'M' 'M' 'M' 'M' 'M' 'U' 'M' 'M' 'M' 'M' 'M' 'M'
 'M' 'M' 'M' 'M' 'M' 'A' 'A' 'U' 'A' 'A' 'A' 'A' 'U' 'M' 'M' 'M' 'M' 'M'
 'M' 'M' 'M' 'M' 'M' 'M' 'M' 'M' 'M' 'M' 'M' 'M' 'M' 'M' 'M' 'M' 'M' 'M'
 'M' 'M' 'M' 'M' 'M' 'M' 'M' 'M' 'M' 'M' 'M' 'M' 'M' 'M' 'M' 'M' 'M' 'M'
 'M' 'M' 'M' 'M' 'M' 'M' 'M' 'M' 'M' 'M' 'M' 'M' 'M' 'M' 'M' 'M' 'M' 'M']"
18001,0,186,7,179,12,0,0,"['A' 'M' 'M' 'M' 'U' 'U' 'M' 'M' 'M' 'M' 'M' 'M' 'M' 'M' 'M' 'M' 'M' 'M'
 'M' 'M' 'M' 'M' 'M' 'M' 'U' 'M' 'M' 'M' 'M' 'M' 'M' 'M' 'M' 'U' 'M' 'M'
 'M' 'M' 'U' 'M' 'M' 'M' 'M' 'M' 'M' 'M' 'M' 'M' 'M' 'M' 'M' 'M' 'U' 'M'
 'M' 'M' 'M' 'M' 'M' 'M' 'M' 'M' 'M' 'U' 'M' 'M' 'M' 'M' 'M' 'M' 'M' 'M'
 'M' 'M' 'M' 'M' 'M' 'M' 'M' 'M' 'M' 'M' 'M' 'M' 'M' 'M' 'M' 'M' 'M' 'M'
 'M' 'M' 'M' 'M' 'U' 'M' 'M' 'M' 'M' 'M' 'M' 'M' 'M' 'M' 'M' 'M' 'M' 'M'
 'M' 'M' 'M' 'M' 'M' 'M' 'M' 'M' 'M' 'M' 'M' 'U' 'M' 'M' 'M' 'M' 'M' 'M'
 'M' 'M' 'M' 'M' 'M' 'A' 'A' 'M' 'A' 'A' 'A' 'A' 'U' 'M' 'M' 'M' 'M' 'M'
 'M' 'M' 'M' 'M' 'M' 'M' 'M' 'M' 'M' 'M' 'M' 'M' 'M' 'M' 'M' 'M' 'M' 'M'
 'M' 'M' 'M' 'M' 'M' 'M' 'U' 'M' 'M' 'M' 'M' 'M' 'M' 'M' 'M' 'M' 'M' 'M'
 'M' 'M' 'M' 'M' 'M' 'M' 'M' 'M' 'U' 'M' 'M' 'M' 'M' 'M' 'M' 'M' 'M' 'M']"
18101,1,190,7,183,8,0,0,"['A' 'M' 'M' 'M' 'U' 'M' 'M' 'M' 'M' 'M' 'M' 'M' 'M' 'M' 'M' 'M' 'M' 'M'
 'M' 'M' 'M' 'M' 'M' 'M' 'U' 'M' 'M' 'M' 'M' 'M' 'M' 'M' 'M' 'M' 'M' 'M'
 'M' 'M' 'U' 'M' 'M' 'M' 'M' 'M' 'M' 'M' 'M' 'M' 'M' 'M' 'M' 'M' 'M' 'M'
 'M' 'M' 'M' 'M' 'M' 'M' 'M' 'M' 'M' 'U' 'M' 'M' 'M' 'M' 'M' 'M' 'M' 'M'
 'M' 'M' 'M' 'M' 'M' 'M' 'M' 'M' 'M' 'M' 'M' 'M' 'M' 'M' 'M' 'U' 'M' 'M'
 'M' 'M' 'M' 'M' 'M' 'M' 'M' 'M' 'M' 'M' 'M' 'M' 'M' 'M' 'M' 'M' 'M' 'M'
 'M' 'M' 'M' 'M' 'M' 'M' 'M' 'M' 'M' 'M' 'M' 'M' 'M' 'M' 'M' 'M' 'M' 'M'
 'M' 'M' 'M' 'M' 'M' 'U' 'A' 'A' 'A' 'A' 'A' 'A' 'M' 'M' 'M' 'M' 'M' 'M'
 'M' 'M' 'M' 'M' 'M' 'M' 'M' 'M' 'M' 'M' 'M' 'M' 'M' 'M' 'M' 'U' 'M' 'M'
 'M' 'M' 'M' 'M' 'M' 'M' 'M' 'M' 'M' 'M' 'M' 'M' 'M' 'M' 'M' 'M' 'M' 'M'
 'M' 'M' 'M' 'M' 'M' 'M' 'M' 'M' 'U' 'M' 'M' 'M' 'M' 'M' 'M' 'M' 'M' 'M']"
18201,0,187,7,180,11,0,0,"['A' 'M' 'M' 'M' 'M' 'M' 'M' 'M' 'M' 'M' 'M' 'M' 'M' 'M' 'M' 'M' 'M' 'M'
 'M' 'M' 'M' 'M' 'M' 'M' 'U' 'M' 'M' 'M' 'M' 'M' 'M' 'M' 'M' 'M' 'M' 'M'
 'M' 'M' 'U' 'M' 'M' 'M' 'M' 'M' 'M' 'M' 'M' 'M' 'M' 'M' 'M' 'M' 'M' 'M'
 'M' 'M' 'M' 'M' 'M' 'M' 'M' 'M' 'M' 'M' 'M' 'M' 'M' 'M' 'M' 'M' 'M' 'M'
 'M' 'M' 'M' 'M' 'U' 'M' 'M' 'M' 'M' 'M' 'M' 'M' 'M' 'M' 'M' 'M' 'M' 'M'
 'M' 'M' 'M' 'M' 'M' 'M' 'M' 'M' 'M' 'M' 'M' 'M' 'M' 'M' 'M' 'M' 'M' 'M'
 'M' 'M' 'M' 'M' 'M' 'M' 'M' 'M' 'M' 'M' 'M' 'M' 'M' 'M' 'M' 'M' 'M' 'M'
 'U' 'M' 'M' 'M' 'M' 'A' 'A' 'A' 'A' 'A' 'A' 'U' 'U' 'M' 'M' 'M' 'M' 'M'
 'M' 'M' 'M' 'U' 'M' 'M' 'M' 'M' 'M' 'U' 'M' 'M' 'U' 'M' 'M' 'U' 'M' 'M'
 'M' 'M' 'M' 'M' 'M' 'M' 'M' 'M' 'M' 'M' 'M' 'M' 'M' 'M' 'M' 'M' 'M' 'M'
 'M' 'M' 'M' 'M' 'M' 'M' 'M' 'M' 'M' 'M' 'U' 'M' 'M' 'M' 'M' 'M' 'M' 'M']"
18301,0,192,8,184,6,0,0,"['A' 'M' 'M' 'M' 'M' 'M' 'M' 'M' 'M' 'M' 'M' 'M' 'M' 'M' 'M' 'M' 'M' 'M'
 'M' 'M' 'M' 'M' 'M' 'M' 'M' 'M' 'M' 'M' 'M' 'M' 'M' 'M' 'M' 'M' 'M' 'M'
 'M' 'M' 'M' 'M' 'M' 'M' 'M' 'M' 'M' 'M' 'M' 'M' 'M' 'M' 'M' 'M' 'M' 'M'
 'M' 'M' 'M' 'M' 'M' 'M' 'M' 'M' 'M' 'M' 'M' 'M' 'M' 'M' 'M' 'M' 'M' 'M'
 'M' 'M' 'M' 'U' 'M' 'M' 'M' 'M' 'M' 'M' 'M' 'M' 'M' 'M' 'M' 'M' 'M' 'M'
 'M' 'M' 'M' 'M' 'M' 'M' 'M' 'M' 'M' 'M' 'M' 'M' 'M' 'M' 'M' 'M' 'M' 'M'
 'M' 'M' 'M' 'M' 'M' 'M' 'M' 'M' 'M' 'M' 'M' 'M' 'M' 'M' 'M' 'M' 'M' 'M'
 'U' 'M' 'M' 'M' 'M' 'A' 'M' 'A' 'A' 'A' 'A' 'A' 'A' 'M' 'M' 'M' 'M' 'M'
 'M' 'M' 'M' 'U' 'M' 'M' 'M' 'M' 'M' 'U' 'M' 'M' 'U' 'M' 'M' 'M' 'M' 'M'
 'M' 'M' 'M' 'M' 'M' 'M' 'M' 'M' 'M' 'M' 'M' 'M' 'M' 'M' 'M' 'M' 'M' 'M'
 'M' 'M' 'M' 'M' 'M' 'M' 'M' 'M' 'M' 'M' 'U' 'M' 'M' 'M' 'M' 'M' 'M' 'M']"
18401,1,188,5,183,10,0,0,"['A' 'M' 'M' 'U' 'M' 'M' 'M' 'M' 'M' 'M' 'M' 'M' 'M' 'M' 'M' 'M' 'M' 'M'
 'M' 'M' 'M' 'M' 'M' 'M' 'M' 'M' 'M' 'M' 'M' 'M' 'M' 'M' 'M' 'M' 'M' 'M'
 'M' 'M' 'M' 'M' 'M' 'M' 'M' 'M' 'M' 'M' 'M' 'M' 'M' 'M' 'M' 'M' 'M' 'M'
 'M' 'M' 'M' 'M' 'M' 'M' 'M' 'M' 'M' 'M' 'M' 'M' 'M' 'M' 'M' 'M' 'M' 'M'
 'M' 'M' 'M' 'M' 'M' 'M' 'M' 'M' 'M' 'M' 'M' 'U' 'M' 'M' 'M' 'M' 'M' 'M'
 'M' 'M' 'M' 'M' 'M' 'M' 'M' 'M' 'M' 'M' 'M' 'M' 'M' 'M' 'M' 'M' 'M' 'M'
 'M' 'M' 'M' 'M' 'M' 'M' 'M' 'M' 'M' 'M' 'M' 'M' 'M' 'M' 'M' 'M' 'M' 'M'
 'U' 'M' 'M' 'M' 'M' 'M' 'U' 'A' 'A' 'U' 'U' 'A' 'A' 'M' 'M' 'M' 'M' 'M'
 'M' 'M' 'M' 'U' 'M' 'M' 'M' 'M' 'M' 'U' 'M' 'M' 'U' 'M' 'M' 'M' 'M' 'M'
 'M' 'M' 'M' 'M' 'M' 'M' 'M' 'M' 'M' 'M' 'M' 'M' 'M' 'M' 'M' 'M' 'M' 'M'
 'M' 'M' 'M' 'M' 'M' 'M' 'M' 'M' 'M' 'M' 'U' 'M' 'M' 'M' 'M' 'M' 'M' 'M']"
18501,0,189,4,185,9,0,0,"['A' 'M' 'M' 'M' 'U' 'M' 'M' 'M' 'M' 'M' 'M' 'M' 'M' 'M' 'M' 'M' 'M' 'M'
 'M' 'M' 'M' 'M' 'M' 'M' 'M' 'M' 'M' 'M' 'M' 'M' 'M' 'M' 'M' 'M' 'M' 'M'
 'M' 'M' 'M' 'M' 'M' 'M' 'M' 'M' 'M' 'M' 'M' 'M' 'M' 'M' 'M' 'M' 'M' 'M'
 'M' 'M' 'M' 'M' 'M' 'M' 'M' 'M' 'M' 'M' 'M' 'M' 'M' 'M' 'M' 'U' 'M' 'M'
 'M' 'M' 'M' 'M' 'M' 'M' 'M' 'M' 'M' 'M' 'M' 'M' 'M' 'M' 'M' 'M' 'M' 'M'
 'M' 'M' 'M' 'M' 'M' 'M' 'M' 'M' 'M' 'M' 'M' 'M' 'M' 'M' 'M' 'M' 'M' 'M'
 'M' 'M' 'M' 'M' 'M' 'M' 'M' 'M' 'M' 'M' 'M' 'M' 'M' 'M' 'M' 'M' 'M' 'M'
 'M' 'M' 'M' 'M' 'M' 'M' 'U' 'U' 'U' 'U' 'A' 'A' 'A' 'M' 'M' 'M' 'M' 'M'
 'M' 'M' 'M' 'M' 'M' 'M' 'M' 'M' 'M' 'M' 'M' 'M' 'U' 'M' 'M' 'M' 'M' 'M'
 'M' 'M' 'M' 'M' 'M' 'M' 'M' 'M' 'M' 'M' 'M' 'M' 'M' 'U' 'M' 'M' 'M' 'M'
 'M' 'M' 'M' 'M' 'M' 'M' 'M' 'M' 'M' 'M' 'U' 'M' 'M' 'M' 'M' 'M' 'M' 'M']"
18601,0,189,6,183,9,0,0,"['A' 'M' 'M' 'U' 'M' 'M' 'M' 'M' 'M' 'M' 'M' 'M' 'M' 'M' 'M' 'M' 'M' 'M'
 'M' 'M' 'M' 'M' 'M' 'M' 'M' 'M' 'M' 'M' 'M' 'M' 'M' 'M' 'M' 'M' 'M' 'U'
 'M' 'M' 'M' 'M' 'M' 'M' 'M' 'M' 'M' 'M' 'M' 'M' 'M' 'M' 'U' 'M' 'M' 'M'
 'M' 'M' 'M' 'M' 'M' 'M' 'M' 'M' 'M' 'M' 'M' 'M' 'M' 'M' 'M' 'M' 'M' 'M'
 'M' 'M' 'M' 'M' 'M' 'M' 'M' 'M' 'M' 'M' 'M' 'M' 'M' 'M' 'M' 'M' 'U' 'M'
 'M' 'M' 'M' 'M' 'M' 'M' 'M' 'M' 'M' 'M' 'M' 'M' 'M' 'M' 'M' 'M' 'M' 'M'
 'M' 'M' 'M' 'M' 'M' 'M' 'M' 'M' 'M' 'M' 'M' 'M' 'M' 'M' 'M' 'M' 'M' 'M'
 'M' 'M' 'M' 'M' 'M' 'M' 'A' 'U' 'A' 'U' 'A' 'A' 'A' 'M' 'M' 'M' 'M' 'M'
 'M' 'M' 'M' 'M' 'M' 'M' 'M' 'M' 'M' 'M' 'M' 'M' 'M' 'M' 'M' 'M' 'M' 'M'
 'M' 'M' 'M' 'M' 'M' 'M' 'M' 'M' 'M' 'M' 'M' 'M' 'M' 'U' 'M' 'M' 'M' 'U'
 'M' 'M' 'M' 'M' 'M' 'M' 'M' 'M' 'M' 'M' 'U' 'M' 'M' 'M' 'M' 'M' 'M' 'M']"
18701,0,189,7,182,9,0,0,"['A' 'M' 'M' 'U' 'M' 'M' 'M' 'M' 'M' 'M' 'M' 'M' 'M' 'M' 'M' 'M' 'M' 'M'
 'M' 'M' 'M' 'M' 'M' 'M' 'M' 'M' 'M' 'M' 'M' 'M' 'M' 'M' 'M' 'M' 'M' 'M'
 'M' 'M' 'M' 'M' 'M' 'M' 'M' 'M' 'M' 'M' 'M' 'M' 'M' 'M' 'U' 'M' 'M' 'M'
 'M' 'M' 'M' 'M' 'M' 'M' 'M' 'M' 'M' 'M' 'M' 'U' 'M' 'M' 'M' 'M' 'M' 'M'
 'M' 'M' 'M' 'M' 'M' 'M' 'M' 'M' 'M' 'M' 'M' 'M' 'M' 'M' 'M' 'M' 'M' 'M'
 'M' 'M' 'M' 'M' 'M' 'M' 'M' 'M' 'M' 'M' 'M' 'M' 'M' 'M' 'M' 'M' 'M' 'M'
 'M' 'M' 'M' 'M' 'M' 'M' 'M' 'U' 'M' 'M' 'M' 'M' 'M' 'M' 'M' 'M' 'M' 'M'
 'M' 'M' 'M' 'M' 'M' 'A' 'U' 'A' 'A' 'A' 'U' 'A' 'A' 'M' 'M' 'M' 'M' 'M'
 'M' 'M' 'M' 'M' 'M' 'M' 'M' 'M' 'M' 'M' 'M' 'M' 'M' 'M' 'M' 'M' 'M' 'M'
 'M' 'M' 'M' 'M' 'M' 'M' 'M' 'M' 'M' 'M' 'M' 'M' 'M' 'U' 'M' 'M' 'M' 'U'
 'M' 'M' 'M' 'M' 'M' 'M' 'M' 'M' 'M' 'M' 'U' 'M' 'M' 'M' 'M' 'M' 'M' 'M']"
18801,0,187,5,182,11,0,0,"['A' 'M' 'M' 'U' 'M' 'M' 'M' 'M' 'M' 'M' 'M' 'M' 'M' 'M' 'M' 'M' 'M' 'M'
 'U' 'U' 'M' 'M' 'M' 'M' 'M' 'M' 'M' 'M' 'M' 'M' 'M' 'M' 'M' 'M' 'M' 'M'
 'M' 'M' 'M' 'M' 'M' 'M' 'M' 'M' 'M' 'M' 'M' 'M' 'M' 'M' 'M' 'M' 'M' 'M'
 'M' 'M' 'M' 'M' 'M' 'M' 'M' 'M' 'M' 'M' 'M' 'M' 'M' 'M' 'M' 'M' 'M' 'M'
 'M' 'M' 'M' 'M' 'M' 'M' 'M' 'M' 'M' 'M' 'U' 'M' 'M' 'M' 'M' 'M' 'M' 'M'
 'M' 'M' 'M' 'M' 'M' 'M' 'M' 'M' 'M' 'M' 'M' 'M' 'M' 'M' 'M' 'M' 'M' 'M'
 'M' 'M' 'M' 'M' 'M' 'M' 'M' 'U' 'M' 'M' 'M' 'M' 'M' 'M' 'M' 'M' 'M' 'M'
 'M' 'M' 'M' 'M' 'M' 'A' 'M' 'A' 'A' 'U' 'U' 'A' 'U' 'M' 'M' 'M' 'M' 'M'
 'M' 'M' 'M' 'M' 'M' 'M' 'M' 'M' 'M' 'M' 'M' 'M' 'M' 'M' 'M' 'M' 'M' 'M'
 'M' 'M' 'M' 'M' 'M' 'M' 'M' 'M' 'M' 'M' 'M' 'U' 'M' 'U' 'M' 'M' 'M' 'M'
 'M' 'M' 'M' 'M' 'M' 'M' 'M' 'M' 'M' 'M' 'U' 'M' 'M' 'M' 'M' 'M' 'M' 'M']"
18901,0,187,8,179,11,0,0,"['A' 'M' 'M' 'U' 'M' 'M' 'M' 'M' 'M' 'M' 'M' 'M' 'M' 'M' 'M' 'M' 'M' 'M'
 'U' 'M' 'M' 'M' 'M' 'M' 'M' 'M' 'M' 'M' 'M' 'M' 'M' 'M' 'M' 'M' 'M' 'M'
 'M' 'M' 'M' 'M' 'M' 'M' 'M' 'M' 'M' 'M' 'M' 'M' 'M' 'M' 'M' 'M' 'M' 'M'
 'M' 'M' 'M' 'M' 'M' 'M' 'M' 'M' 'M' 'M' 'M' 'M' 'M' 'M' 'M' 'M' 'M' 'M'
 'M' 'M' 'M' 'M' 'M' 'U' 'M' 'M' 'M' 'M' 'M' 'M' 'M' 'M' 'M' 'M' 'M' 'M'
 'M' 'M' 'M' 'M' 'M' 'M' 'M' 'M' 'M' 'M' 'M' 'M' 'M' 'M' 'M' 'M' 'M' 'M'
 'M' 'M' 'M' 'M' 'U' 'M' 'M' 'M' 'M' 'M' 'M' 'M' 'M' 'M' 'M' 'M' 'M' 'U'
 'M' 'M' 'M' 'M' 'M' 'A' 'A' 'A' 'A' 'U' 'A' 'A' 'A' 'M' 'M' 'M' 'M' 'M'
 'M' 'M' 'M' 'M' 'M' 'M' 'M' 'U' 'M' 'M' 'M' 'M' 'M' 'M' 'M' 'M' 'M' 'M'
 'U' 'M' 'M' 'M' 'M' 'M' 'M' 'M' 'M' 'M' 'M' 'U' 'U' 'U' 'M' 'M' 'M' 'M'
 'M' 'M' 'M' 'M' 'M' 'M' 'M' 'M' 'M' 'M' 'M' 'M' 'M' 'M' 'M' 'M' 'M' 'M']"
19001,0,188,6,182,10,0,0,"['A' 'M' 'M' 'U' 'M' 'M' 'M' 'M' 'M' 'M' 'M' 'M' 'M' 'M' 'M' 'M' 'M' 'M'
 'M' 'M' 'M' 'M' 'M' 'M' 'M' 'M' 'M' 'M' 'M' 'M' 'M' 'M' 'M' 'M' 'M' 'M'
 'M' 'M' 'M' 'M' 'M' 'M' 'M' 'M' 'M' 'M' 'M' 'M' 'M' 'M' 'M' 'M' 'M' 'M'
 'M' 'M' 'M' 'M' 'M' 'M' 'M' 'M' 'M' 'M' 'M' 'M' 'M' 'M' 'M' 'M' 'M' 'M'
 'M' 'M' 'M' 'M' 'M' 'M' 'M' 'M' 'M' 'M' 'M' 'M' 'M' 'M' 'M' 'M' 'M' 'U'
 'M' 'M' 'M' 'M' 'M' 'M' 'M' 'M' 'M' 'M' 'M' 'M' 'M' 'M' 'M' 'M' 'M' 'M'
 'M' 'M' 'M' 'M' 'U' 'M' 'M' 'M' 'M' 'M' 'M' 'M' 'M' 'M' 'M' 'M' 'M' 'U'
 'M' 'M' 'M' 'M' 'M' 'U' 'U' 'A' 'A' 'M' 'A' 'A' 'A' 'M' 'M' 'M' 'M' 'M'
 'M' 'M' 'M' 'M' 'U' 'M' 'M' 'U' 'M' 'M' 'M' 'M' 'M' 'M' 'M' 'M' 'M' 'M'
 'M' 'M' 'M' 'M' 'M' 'M' 'M' 'M' 'M' 'M' 'M' 'M' 'U' 'U' 'M' 'M' 'M' 'M'
 'M' 'M' 'M' 'M' 'M' 'M' 'M' 'M' 'M' 'M' 'M' 'M' 'M' 'M' 'M' 'M' 'M' 'M']"
19101,0,182,2,180,16,0,0,"['A' 'M' 'M' 'U' 'M' 'M' 'M' 'M' 'M' 'M' 'M' 'M' 'M' 'M' 'M' 'M' 'M' 'M'
 'M' 'M' 'M' 'M' 'M' 'M' 'M' 'M' 'U' 'M' 'M' 'M' 'M' 'M' 'M' 'M' 'M' 'M'
 'M' 'M' 'M' 'M' 'M' 'M' 'M' 'M' 'M' 'M' 'M' 'M' 'M' 'M' 'M' 'M' 'M' 'M'
 'M' 'M' 'M' 'M' 'M' 'M' 'M' 'M' 'M' 'M' 'M' 'M' 'M' 'M' 'M' 'M' 'U' 'M'
 'M' 'M' 'M' 'M' 'M' 'M' 'M' 'M' 'M' 'M' 'M' 'M' 'M' 'M' 'M' 'M' 'M' 'M'
 'M' 'M' 'M' 'M' 'M' 'M' 'M' 'M' 'M' 'M' 'M' 'U' 'M' 'M' 'M' 'M' 'M' 'M'
 'M' 'M' 'M' 'M' 'U' 'M' 'M' 'M' 'M' 'M' 'M' 'M' 'M' 'M' 'M' 'M' 'M' 'U'
 'M' 'M' 'M' 'M' 'M' 'U' 'U' 'U' 'U' 'M' 'A' 'U' 'U' 'M' 'M' 'M' 'M' 'M'
 'M' 'M' 'M' 'M' 'U' 'M' 'M' 'M' 'M' 'M' 'M' 'M' 'M' 'M' 'M' 'M' 'M' 'M'
 'M' 'M' 'M' 'M' 'M' 'M' 'M' 'M' 'M' 'M' 'M' 'M' 'M' 'M' 'M' 'M' 'M' 'M'
 'U' 'M' 'U' 'U' 'M' 'M' 'M' 'M' 'M' 'M' 'M' 'M' 'M' 'M' 'M' 'M' 'M' 'M']"
19201,0,188,7,181,10,0,0,"['A' 'M' 'M' 'M' 'M' 'M' 'M' 'M' 'M' 'M' 'M' 'M' 'M' 'M' 'M' 'M' 'M' 'M'
 'M' 'M' 'M' 'M' 'M' 'M' 'M' 'M' 'M' 'M' 'M' 'M' 'M' 'M' 'M' 'M' 'M' 'M'
 'M' 'M' 'M' 'M' 'M' 'M' 'U' 'U' 'M' 'M' 'M' 'M' 'M' 'M' 'M' 'M' 'M' 'M'
 'M' 'M' 'M' 'M' 'M' 'M' 'M' 'M' 'M' 'M' 'M' 'M' 'M' 'M' 'M' 'M' 'M' 'M'
 'M' 'M' 'M' 'M' 'M' 'M' 'M' 'M' 'M' 'M' 'M' 'M' 'M' 'M' 'M' 'M' 'M' 'M'
 'M' 'U' 'M' 'M' 'M' 'M' 'M' 'M' 'M' 'M' 'M' 'U' 'M' 'M' 'M' 'M' 'M' 'M'
 'M' 'M' 'M' 'M' 'U' 'M' 'M' 'M' 'M' 'M' 'M' 'M' 'M' 'M' 'M' 'M' 'M' 'U'
 'M' 'M' 'M' 'M' 'M' 'U' 'U' 'A' 'A' 'A' 'A' 'A' 'A' 'M' 'M' 'M' 'M' 'M'
 'M' 'M' 'M' 'U' 'M' 'M' 'M' 'M' 'M' 'M' 'M' 'M' 'M' 'M' 'M' 'M' 'M' 'M'
 'M' 'M' 'M' 'M' 'M' 'M' 'M' 'M' 'M' 'M' 'M' 'M' 'M' 'M' 'M' 'M' 'M' 'M'
 'M' 'M' 'U' 'M' 'M' 'M' 'M' 'M' 'M' 'M' 'M' 'M' 'M' 'M' 'M' 'M' 'M' 'M']"
19301,0,186,6,180,12,0,0,"['A' 'M' 'M' 'M' 'M' 'M' 'M' 'M' 'M' 'M' 'M' 'M' 'M' 'M' 'M' 'M' 'M' 'M'
 'M' 'M' 'M' 'M' 'M' 'M' 'M' 'M' 'M' 'M' 'M' 'M' 'M' 'M' 'M' 'M' 'M' 'M'
 'U' 'M' 'M' 'M' 'M' 'M' 'U' 'A' 'M' 'M' 'M' 'M' 'M' 'M' 'M' 'M' 'M' 'M'
 'M' 'M' 'M' 'M' 'M' 'M' 'M' 'M' 'M' 'M' 'M' 'M' 'M' 'M' 'M' 'M' 'M' 'M'
 'M' 'M' 'M' 'M' 'M' 'M' 'M' 'M' 'M' 'M' 'M' 'M' 'M' 'M' 'M' 'M' 'M' 'M'
 'M' 'M' 'M' 'U' 'M' 'M' 'M' 'M' 'M' 'U' 'M' 'M' 'M' 'M' 'M' 'M' 'M' 'M'
 'M' 'M' 'M' 'M' 'U' 'M' 'M' 'M' 'M' 'M' 'M' 'M' 'M' 'M' 'M' 'M' 'M' 'U'
 'M' 'M' 'M' 'M' 'M' 'U' 'A' 'A' 'U' 'U' 'A' 'U' 'A' 'M' 'M' 'M' 'M' 'M'
 'M' 'M' 'M' 'U' 'M' 'M' 'M' 'M' 'M' 'M' 'M' 'M' 'M' 'M' 'M' 'M' 'M' 'M'
 'M' 'M' 'M' 'M' 'M' 'M' 'M' 'M' 'M' 'M' 'M' 'M' 'M' 'M' 'M' 'M' 'M' 'M'
 'M' 'M' 'U' 'M' 'M' 'M' 'M' 'M' 'M' 'M' 'M' 'M' 'M' 'M' 'M' 'M' 'M' 'M']"
19401,0,187,5,182,11,0,0,"['A' 'M' 'M' 'M' 'M' 'M' 'M' 'M' 'M' 'M' 'M' 'M' 'M' 'M' 'M' 'M' 'M' 'M'
 'M' 'M' 'M' 'M' 'M' 'M' 'M' 'M' 'M' 'M' 'M' 'M' 'M' 'M' 'M' 'M' 'M' 'M'
 'U' 'M' 'M' 'M' 'M' 'M' 'U' 'A' 'M' 'M' 'M' 'M' 'M' 'M' 'M' 'M' 'M' 'M'
 'M' 'M' 'M' 'M' 'M' 'M' 'M' 'M' 'M' 'M' 'M' 'M' 'M' 'M' 'M' 'M' 'M' 'M'
 'M' 'M' 'M' 'M' 'M' 'M' 'U' 'M' 'M' 'M' 'M' 'M' 'M' 'M' 'M' 'M' 'M' 'M'
 'M' 'M' 'M' 'M' 'M' 'M' 'M' 'M' 'M' 'U' 'M' 'M' 'M' 'M' 'M' 'M' 'M' 'M'
 'M' 'M' 'M' 'M' 'U' 'M' 'M' 'M' 'M' 'M' 'M' 'M' 'M' 'M' 'M' 'M' 'M' 'U'
 'M' 'M' 'M' 'M' 'M' 'U' 'A' 'M' 'U' 'U' 'A' 'U' 'A' 'M' 'M' 'M' 'M' 'M'
 'M' 'M' 'M' 'M' 'M' 'M' 'M' 'M' 'M' 'M' 'M' 'M' 'M' 'M' 'U' 'M' 'M' 'M'
 'M' 'M' 'M' 'M' 'M' 'M' 'M' 'M' 'M' 'M' 'M' 'M' 'M' 'M' 'M' 'M' 'M' 'M'
 'M' 'M' 'M' 'M' 'M' 'M' 'M' 'M' 'M' 'M' 'M' 'M' 'M' 'M' 'M' 'M' 'M' 'M']"
19501,0,189,8,181,9,0,0,"['A' 'M' 'M' 'M' 'M' 'M' 'M' 'M' 'M' 'M' 'M' 'M' 'M' 'M' 'M' 'M' 'M' 'M'
 'M' 'M' 'M' 'M' 'M' 'M' 'M' 'M' 'M' 'M' 'M' 'M' 'M' 'M' 'M' 'M' 'M' 'M'
 'U' 'M' 'M' 'M' 'M' 'M' 'M' 'A' 'M' 'M' 'M' 'M' 'M' 'U' 'M' 'M' 'M' 'M'
 'M' 'M' 'M' 'M' 'M' 'M' 'M' 'M' 'M' 'M' 'M' 'M' 'M' 'M' 'M' 'M' 'M' 'M'
 'M' 'M' 'M' 'M' 'M' 'M' 'M' 'U' 'M' 'M' 'M' 'M' 'M' 'M' 'M' 'M' 'M' 'M'
 'M' 'M' 'M' 'M' 'M' 'M' 'M' 'M' 'M' 'U' 'M' 'M' 'M' 'M' 'M' 'M' 'M' 'M'
 'M' 'M' 'M' 'M' 'U' 'M' 'M' 'M' 'U' 'M' 'M' 'M' 'M' 'M' 'M' 'M' 'M' 'M'
 'M' 'M' 'M' 'M' 'M' 'A' 'A' 'A' 'U' 'A' 'A' 'U' 'A' 'M' 'M' 'M' 'M' 'M'
 'M' 'M' 'M' 'M' 'M' 'M' 'M' 'M' 'M' 'M' 'M' 'M' 'M' 'M' 'M' 'M' 'M' 'M'
 'M' 'M' 'M' 'M' 'M' 'M' 'M' 'M' 'M' 'M' 'M' 'M' 'M' 'M' 'M' 'U' 'M' 'M'
 'M' 'M' 'M' 'M' 'M' 'M' 'M' 'M' 'M' 'M' 'M' 'M' 'M' 'M' 'M' 'M' 'M' 'M']"
19601,0,184,4,180,14,0,0,"['A' 'M' 'M' 'M' 'M' 'M' 'M' 'M' 'M' 'M' 'U' 'M' 'M' 'M' 'M' 'M' 'M' 'M'
 'M' 'M' 'M' 'U' 'M' 'M' 'M' 'M' 'M' 'M' 'U' 'M' 'M' 'M' 'M' 'M' 'M' 'M'
 'U' 'M' 'M' 'M' 'M' 'M' 'M' 'U' 'M' 'M' 'M' 'M' 'M' 'M' 'M' 'M' 'M' 'M'
 'M' 'M' 'M' 'M' 'M' 'M' 'M' 'M' 'M' 'M' 'M' 'M' 'M' 'M' 'M' 'M' 'M' 'U'
 'M' 'M' 'M' 'M' 'M' 'M' 'M' 'M' 'M' 'M' 'M' 'M' 'M' 'M' 'M' 'M' 'M' 'M'
 'M' 'M' 'M' 'M' 'M' 'M' 'M' 'M' 'M' 'U' 'M' 'M' 'M' 'M' 'M' 'M' 'M' 'M'
 'M' 'M' 'M' 'M' 'U' 'M' 'M' 'M' 'M' 'M' 'M' 'M' 'M' 'M' 'M' 'M' 'M' 'M'
 'M' 'M' 'M' 'M' 'M' 'U' 'A' 'M' 'U' 'A' 'U' 'U' 'A' 'M' 'M' 'M' 'M' 'M'
 'M' 'M' 'M' 'M' 'M' 'M' 'M' 'M' 'M' 'M' 'M' 'M' 'M' 'M' 'M' 'M' 'M' 'M'
 'M' 'M' 'M' 'M' 'M' 'M' 'M' 'M' 'M' 'M' 'M' 'M' 'M' 'M' 'U' 'U' 'M' 'M'
 'M' 'M' 'M' 'M' 'M' 'M' 'M' 'M' 'M' 'M' 'M' 'M' 'M' 'M' 'M' 'M' 'M' 'M']"
19701,0,186,3,183,12,0,0,"['A' 'M' 'M' 'M' 'M' 'M' 'M' 'M' 'M' 'M' 'M' 'M' 'U' 'M' 'M' 'M' 'M' 'M'
 'M' 'M' 'M' 'U' 'M' 'M' 'M' 'M' 'M' 'M' 'U' 'M' 'M' 'M' 'M' 'M' 'M' 'M'
 'U' 'M' 'M' 'M' 'M' 'M' 'M' 'U' 'M' 'M' 'M' 'M' 'M' 'M' 'M' 'M' 'M' 'M'
 'M' 'M' 'M' 'M' 'M' 'M' 'M' 'M' 'M' 'U' 'M' 'M' 'M' 'M' 'M' 'M' 'M' 'U'
 'M' 'M' 'M' 'M' 'M' 'M' 'M' 'M' 'M' 'M' 'M' 'M' 'M' 'M' 'M' 'M' 'M' 'M'
 'M' 'M' 'M' 'M' 'M' 'M' 'M' 'M' 'M' 'M' 'M' 'M' 'M' 'M' 'M' 'M' 'M' 'M'
 'M' 'M' 'M' 'M' 'U' 'M' 'M' 'M' 'M' 'M' 'M' 'M' 'M' 'M' 'M' 'M' 'M' 'M'
 'M' 'M' 'M' 'M' 'M' 'M' 'A' 'M' 'U' 'U' 'U' 'U' 'A' 'M' 'M' 'M' 'M' 'M'
 'M' 'M' 'M' 'M' 'M' 'M' 'M' 'M' 'M' 'M' 'M' 'M' 'M' 'M' 'M' 'M' 'M' 'M'
 'M' 'M' 'M' 'M' 'M' 'M' 'M' 'M' 'M' 'M' 'M' 'M' 'M' 'M' 'M' 'M' 'M' 'M'
 'M' 'M' 'M' 'M' 'M' 'M' 'M' 'M' 'M' 'M' 'M' 'M' 'M' 'M' 'M' 'M' 'M' 'M']"
19801,0,187,7,180,11,0,0,"['A' 'M' 'M' 'M' 'M' 'M' 'M' 'M' 'M' 'M' 'M' 'M' 'U' 'M' 'M' 'M' 'M' 'M'
 'M' 'U' 'M' 'U' 'M' 'M' 'M' 'M' 'M' 'M' 'U' 'M' 'M' 'M' 'M' 'M' 'M' 'M'
 'M' 'M' 'M' 'U' 'M' 'M' 'M' 'U' 'M' 'M' 'M' 'M' 'M' 'M' 'M' 'M' 'M' 'M'
 'M' 'M' 'M' 'M' 'M' 'M' 'M' 'M' 'M' 'U' 'M' 'M' 'M' 'M' 'M' 'M' 'M' 'M'
 'M' 'M' 'M' 'M' 'M' 'M' 'M' 'M' 'M' 'M' 'M' 'M' 'M' 'M' 'M' 'M' 'U' 'M'
 'M' 'M' 'M' 'M' 'M' 'M' 'M' 'M' 'M' 'M' 'M' 'M' 'M' 'M' 'M' 'M' 'M' 'M'
 'M' 'M' 'M' 'M' 'U' 'M' 'M' 'M' 'M' 'M' 'M' 'M' 'M' 'M' 'M' 'M' 'M' 'M'
 'M' 'M' 'M' 'M' 'M' 'U' 'A' 'A' 'A' 'A' 'U' 'A' 'A' 'M' 'M' 'M' 'M' 'M'
 'M' 'M' 'M' 'M' 'M' 'M' 'M' 'M' 'M' 'M' 'M' 'M' 'M' 'M' 'M' 'M' 'M' 'M'
 'M' 'M' 'M' 'M' 'M' 'M' 'M' 'M' 'M' 'M' 'M' 'M' 'M' 'M' 'M' 'M' 'M' 'M'
 'M' 'M' 'M' 'M' 'M' 'M' 'M' 'M' 'M' 'M' 'M' 'M' 'M' 'M' 'M' 'M' 'M' 'M']"
19901,0,187,6,181,11,0,0,"['A' 'M' 'M' 'M' 'M' 'M' 'M' 'M' 'M' 'M' 'M' 'M' 'U' 'M' 'M' 'M' 'M' 'M'
 'M' 'U' 'M' 'U' 'M' 'M' 'M' 'M' 'M' 'M' 'M' 'M' 'M' 'M' 'M' 'M' 'M' 'M'
 'M' 'M' 'M' 'U' 'M' 'U' 'M' 'U' 'M' 'M' 'U' 'M' 'M' 'M' 'M' 'M' 'M' 'M'
 'M' 'M' 'M' 'M' 'M' 'M' 'M' 'M' 'M' 'M' 'M' 'M' 'M' 'U' 'M' 'M' 'M' 'M'
 'M' 'M' 'M' 'M' 'M' 'M' 'M' 'M' 'M' 'M' 'M' 'M' 'M' 'M' 'M' 'M' 'M' 'M'
 'M' 'M' 'M' 'M' 'M' 'M' 'M' 'M' 'M' 'M' 'M' 'M' 'M' 'M' 'M' 'M' 'M' 'M'
 'M' 'M' 'M' 'M' 'U' 'M' 'M' 'M' 'M' 'M' 'M' 'M' 'M' 'M' 'M' 'M' 'M' 'M'
 'M' 'M' 'M' 'M' 'M' 'M' 'A' 'M' 'U' 'A' 'A' 'A' 'A' 'M' 'M' 'M' 'M' 'M'
 'M' 'M' 'M' 'M' 'M' 'M' 'M' 'M' 'M' 'M' 'M' 'M' 'M' 'M' 'M' 'M' 'M' 'M'
 'M' 'M' 'M' 'M' 'M' 'M' 'M' 'M' 'M' 'M' 'M' 'M' 'M' 'M' 'M' 'M' 'M' 'M'
 'M' 'U' 'M' 'M' 'M' 'M' 'M' 'M' 'M' 'M' 'M' 'M' 'M' 'M' 'M' 'M' 'M' 'M']"
20001,0,186,6,180,12,0,0,"['A' 'M' 'M' 'M' 'M' 'M' 'M' 'M' 'M' 'M' 'M' 'M' 'U' 'M' 'M' 'M' 'M' 'M'
 'M' 'U' 'M' 'U' 'M' 'M' 'M' 'M' 'M' 'M' 'M' 'M' 'M' 'M' 'M' 'M' 'M' 'M'
 'M' 'M' 'M' 'M' 'M' 'M' 'M' 'U' 'M' 'M' 'U' 'M' 'M' 'M' 'U' 'M' 'M' 'M'
 'M' 'M' 'M' 'M' 'M' 'M' 'M' 'M' 'M' 'M' 'M' 'M' 'M' 'M' 'M' 'M' 'M' 'M'
 'M' 'M' 'M' 'M' 'M' 'M' 'M' 'U' 'M' 'M' 'M' 'M' 'M' 'M' 'M' 'M' 'M' 'M'
 'M' 'M' 'M' 'M' 'M' 'M' 'M' 'M' 'M' 'M' 'M' 'M' 'M' 'M' 'M' 'M' 'M' 'M'
 'M' 'M' 'M' 'M' 'U' 'M' 'M' 'M' 'M' 'M' 'M' 'M' 'M' 'M' 'M' 'M' 'M' 'M'
 'M' 'M' 'M' 'M' 'M' 'M' 'A' 'U' 'A' 'A' 'A' 'U' 'A' 'M' 'M' 'M' 'M' 'M'
 'M' 'M' 'M' 'M' 'M' 'M' 'M' 'M' 'M' 'M' 'M' 'M' 'M' 'U' 'M' 'M' 'M' 'M'
 'M' 'M' 'M' 'M' 'M' 'M' 'M' 'M' 'M' 'M' 'M' 'M' 'M' 'M' 'M' 'M' 'M' 'M'
 'M' 'U' 'M' 'M' 'M' 'M' 'M' 'M' 'M' 'M' 'M' 'M' 'M' 'M' 'M' 'M' 'M' 'M']"
20101,1,185,2,183,13,0,0,"['A' 'M' 'M' 'M' 'M' 'M' 'M' 'M' 'M' 'M' 'M' 'M' 'U' 'M' 'M' 'M' 'M' 'M'
 'M' 'M' 'M' 'U' 'M' 'M' 'M' 'M' 'M' 'M' 'M' 'M' 'M' 'M' 'M' 'M' 'M' 'M'
 'M' 'M' 'M' 'M' 'M' 'U' 'M' 'U' 'M' 'M' 'M' 'M' 'M' 'M' 'U' 'M' 'M' 'M'
 'M' 'M' 'M' 'M' 'M' 'M' 'M' 'M' 'M' 'M' 'M' 'M' 'M' 'M' 'M' 'M' 'M' 'M'
 'M' 'M' 'M' 'M' 'M' 'M' 'M' 'M' 'M' 'M' 'M' 'M' 'M' 'U' 'M' 'M' 'M' 'M'
 'M' 'M' 'M' 'M' 'M' 'M' 'M' 'M' 'M' 'M' 'M' 'M' 'M' 'M' 'M' 'M' 'M' 'M'
 'M' 'M' 'M' 'M' 'U' 'M' 'M' 'M' 'M' 'M' 'M' 'M' 'M' 'M' 'M' 'M' 'M' 'M'
 'M' 'M' 'M' 'M' 'M' 'M' 'U' 'U' 'U' 'M' 'A' 'M' 'U' 'M' 'M' 'M' 'M' 'M'
 'M' 'M' 'M' 'M' 'M' 'M' 'M' 'M' 'M' 'M' 'M' 'M' 'M' 'U' 'M' 'M' 'M' 'M'
 'M' 'M' 'M' 'M' 'M' 'M' 'M' 'M' 'M' 'M' 'M' 'M' 'M' 'M' 'M' 'M' 'M' 'M'
 'M' 'U' 'M' 'M' 'M' 'M' 'M' 'M' 'M' 'M' 'M' 'M' 'M' 'M' 'M' 'M' 'M' 'M']"
20201,1,188,7,181,10,0,0,"['A' 'M' 'M' 'M' 'M' 'M' 'M' 'M' 'M' 'M' 'M' 'M' 'M' 'M' 'M' 'M' 'M' 'M'
 'M' 'M' 'M' 'M' 'M' 'M' 'M' 'M' 'M' 'M' 'M' 'M' 'M' 'M' 'M' 'M' 'M' 'M'
 'M' 'M' 'M' 'M' 'M' 'U' 'M' 'U' 'M' 'M' 'M' 'M' 'M' 'M' 'U' 'M' 'M' 'M'
 'M' 'M' 'M' 'M' 'M' 'M' 'M' 'M' 'M' 'M' 'M' 'M' 'M' 'M' 'M' 'M' 'M' 'M'
 'M' 'M' 'M' 'M' 'M' 'M' 'M' 'U' 'M' 'M' 'M' 'M' 'M' 'M' 'M' 'M' 'M' 'M'
 'M' 'M' 'M' 'M' 'M' 'M' 'M' 'M' 'M' 'M' 'M' 'M' 'M' 'M' 'M' 'M' 'U' 'M'
 'M' 'M' 'M' 'M' 'M' 'M' 'M' 'M' 'M' 'M' 'M' 'M' 'M' 'M' 'M' 'M' 'M' 'M'
 'M' 'M' 'M' 'M' 'M' 'U' 'A' 'A' 'A' 'U' 'A' 'A' 'A' 'M' 'M' 'M' 'M' 'M'
 'M' 'M' 'M' 'M' 'M' 'M' 'M' 'M' 'M' 'M' 'M' 'M' 'M' 'U' 'M' 'M' 'M' 'U'
 'M' 'M' 'M' 'M' 'M' 'M' 'M' 'M' 'M' 'M' 'M' 'M' 'M' 'M' 'M' 'M' 'M' 'M'
 'M' 'U' 'M' 'M' 'M' 'M' 'M' 'M' 'M' 'M' 'M' 'M' 'M' 'M' 'M' 'M' 'M' 'M']"
20301,0,182,5,177,16,0,0,"['A' 'M' 'M' 'U' 'M' 'M' 'M' 'M' 'M' 'M' 'M' 'M' 'M' 'M' 'M' 'M' 'M' 'M'
 'M' 'M' 'M' 'U' 'M' 'M' 'M' 'M' 'M' 'M' 'M' 'M' 'M' 'M' 'M' 'M' 'M' 'M'
 'M' 'M' 'M' 'M' 'M' 'U' 'M' 'U' 'M' 'M' 'M' 'U' 'M' 'M' 'M' 'M' 'M' 'M'
 'M' 'M' 'M' 'M' 'M' 'M' 'M' 'M' 'M' 'M' 'M' 'M' 'U' 'M' 'M' 'M' 'M' 'M'
 'M' 'M' 'M' 'M' 'M' 'M' 'M' 'M' 'M' 'M' 'M' 'M' 'M' 'M' 'M' 'M' 'M' 'M'
 'M' 'M' 'M' 'M' 'M' 'M' 'M' 'M' 'M' 'M' 'M' 'M' 'M' 'M' 'M' 'M' 'U' 'M'
 'M' 'M' 'M' 'M' 'M' 'M' 'M' 'M' 'M' 'M' 'M' 'M' 'M' 'M' 'M' 'M' 'M' 'M'
 'M' 'M' 'M' 'M' 'M' 'U' 'M' 'U' 'A' 'A' 'U' 'A' 'A' 'M' 'U' 'M' 'M' 'M'
 'M' 'M' 'M' 'M' 'U' 'M' 'M' 'M' 'M' 'M' 'M' 'M' 'M' 'U' 'M' 'M' 'M' 'U'
 'M' 'M' 'M' 'M' 'M' 'M' 'M' 'M' 'U' 'M' 'M' 'M' 'M' 'M' 'M' 'M' 'M' 'M'
 'M' 'U' 'M' 'M' 'M' 'M' 'M' 'M' 'M' 'M' 'M' 'M' 'M' 'M' 'M' 'M' 'M' 'M']"
20401,0,182,6,176,16,1,0,"['A' 'M' 'M' 'U' 'M' 'M' 'M' 'M' 'M' 'M' 'M' 'M' 'M' 'M' 'M' 'M' 'M' 'M'
 'M' 'M' 'M' 'U' 'M' 'M' 'M' 'M' 'M' 'M' 'M' 'M' 'M' 'M' 'M' 'M' 'M' 'M'
 'M' 'M' 'M' 'M' 'M' 'U' 'M' 'M' 'M' 'M' 'M' 'U' 'M' 'M' 'M' 'M' 'M' 'M'
 'M' 'M' 'M' 'M' 'M' 'M' 'U' 'M' 'M' 'M' 'M' 'M' 'M' 'M' 'M' 'M' 'M' 'U'
 'M' 'M' 'M' 'M' 'M' 'M' 'M' 'M' 'M' 'M' 'M' 'M' 'M' 'M' 'M' 'M' 'M' 'M'
 'M' 'M' 'M' 'M' 'M' 'M' 'M' 'M' 'M' 'M' 'M' 'M' 'M' 'M' 'M' 'M' 'U' 'M'
 'M' 'M' 'M' 'M' 'M' 'M' 'M' 'M' 'M' 'M' 'M' 'M' 'U' 'M' 'M' 'M' 'M' 'M'
 'M' 'M' 'M' 'M' 'M' 'U' 'U' 'A' 'U' 'A' 'A' 'A' 'A' 'M' 'M' 'M' 'M' 'M'
 'U' 'M' 'M' 'M' 'U' 'M' 'M' 'M' 'M' 'M' 'M' 'M' 'M' 'M' 'M' 'M' 'M' 'U'
 'M' 'M' 'M' 'M' 'M' 'M' 'M' 'M' 'U' 'M' 'M' 'M' 'M' 'M' 'M' 'M' 'M' 'M'
 'M' 'U' 'M' 'M' 'M' 'M' 'M' 'M' 'M' 'M' 'M' 'M' 'M' 'M' 'M' 'M' 'M' 'M']"
20501,0,185,6,179,13,0,0,"['A' 'M' 'M' 'U' 'M' 'M' 'M' 'M' 'M' 'M' 'M' 'M' 'M' 'M' 'M' 'M' 'U' 'M'
 'M' 'M' 'M' 'U' 'M' 'M' 'M' 'M' 'M' 'M' 'M' 'M' 'M' 'M' 'M' 'M' 'M' 'M'
 'M' 'M' 'M' 'M' 'M' 'U' 'M' 'M' 'M' 'M' 'M' 'M' 'M' 'M' 'M' 'M' 'M' 'M'
 'M' 'M' 'M' 'M' 'M' 'M' 'U' 'M' 'M' 'M' 'M' 'M' 'M' 'M' 'U' 'M' 'M' 'M'
 'M' 'M' 'M' 'M' 'M' 'M' 'M' 'M' 'M' 'M' 'M' 'M' 'M' 'M' 'M' 'M' 'M' 'M'
 'M' 'M' 'M' 'M' 'M' 'M' 'M' 'M' 'M' 'M' 'M' 'M' 'M' 'M' 'M' 'M' 'U' 'M'
 'M' 'M' 'M' 'M' 'M' 'M' 'M' 'M' 'M' 'M' 'M' 'M' 'M' 'M' 'M' 'M' 'M' 'M'
 'M' 'M' 'M' 'M' 'M' 'M' 'U' 'A' 'A' 'A' 'U' 'A' 'A' 'M' 'M' 'M' 'M' 'M'
 'U' 'M' 'M' 'M' 'U' 'M' 'M' 'M' 'M' 'M' 'M' 'M' 'M' 'M' 'M' 'M' 'M' 'U'
 'M' 'M' 'M' 'M' 'M' 'M' 'M' 'M' 'M' 'M' 'M' 'M' 'M' 'M' 'M' 'M' 'M' 'M'
 'M' 'U' 'M' 'M' 'M' 'M' 'M' 'M' 'M' 'M' 'M' 'M' 'M' 'M' 'M' 'M' 'M' 'M']"
20601,0,189,7,182,9,0,0,"['A' 'M' 'M' 'U' 'M' 'M' 'M' 'M' 'M' 'M' 'M' 'M' 'U' 'M' 'M' 'M' 'M' 'M'
 'M' 'M' 'M' 'M' 'M' 'M' 'M' 'M' 'M' 'M' 'M' 'M' 'M' 'M' 'M' 'M' 'M' 'M'
 'M' 'M' 'M' 'M' 'M' 'M' 'M' 'M' 'M' 'M' 'M' 'M' 'M' 'M' 'M' 'M' 'M' 'M'
 'M' 'M' 'M' 'M' 'M' 'M' 'M' 'M' 'M' 'M' 'M' 'M' 'U' 'M' 'M' 'M' 'M' 'M'
 'M' 'M' 'M' 'M' 'M' 'M' 'M' 'M' 'M' 'M' 'M' 'M' 'M' 'M' 'M' 'M' 'M' 'M'
 'M' 'M' 'M' 'M' 'M' 'M' 'M' 'M' 'M' 'M' 'M' 'M' 'M' 'M' 'M' 'M' 'M' 'M'
 'M' 'M' 'M' 'M' 'M' 'M' 'M' 'M' 'M' 'M' 'M' 'M' 'M' 'M' 'M' 'M' 'M' 'M'
 'M' 'M' 'M' 'M' 'M' 'M' 'A' 'A' 'A' 'A' 'A' 'A' 'U' 'M' 'M' 'M' 'M' 'M'
 'M' 'M' 'M' 'M' 'U' 'M' 'M' 'M' 'M' 'M' 'U' 'M' 'M' 'M' 'M' 'M' 'U' 'U'
 'M' 'M' 'M' 'M' 'M' 'M' 'M' 'M' 'M' 'M' 'M' 'M' 'M' 'M' 'M' 'U' 'M' 'M'
 'M' 'M' 'M' 'M' 'M' 'M' 'M' 'M' 'M' 'M' 'M' 'M' 'M' 'M' 'M' 'M' 'M' 'M']"
20701,0,187,4,183,11,0,0,"['A' 'M' 'M' 'U' 'M' 'M' 'M' 'M' 'M' 'M' 'M' 'M' 'U' 'M' 'M' 'M' 'M' 'M'
 'M' 'M' 'M' 'M' 'M' 'M' 'M' 'M' 'M' 'M' 'M' 'M' 'M' 'M' 'M' 'M' 'M' 'M'
 'M' 'M' 'M' 'M' 'M' 'M' 'M' 'M' 'M' 'M' 'M' 'M' 'M' 'M' 'M' 'M' 'M' 'M'
 'M' 'M' 'M' 'M' 'M' 'M' 'M' 'M' 'M' 'M' 'M' 'M' 'M' 'M' 'M' 'M' 'M' 'U'
 'M' 'M' 'M' 'M' 'M' 'M' 'M' 'M' 'M' 'M' 'M' 'M' 'M' 'M' 'M' 'M' 'M' 'M'
 'M' 'M' 'M' 'M' 'M' 'M' 'M' 'M' 'M' 'M' 'M' 'M' 'M' 'M' 'M' 'M' 'M' 'M'
 'M' 'M' 'M' 'M' 'M' 'M' 'M' 'M' 'M' 'M' 'M' 'M' 'M' 'M' 'M' 'M' 'M' 'M'
 'M' 'M' 'M' 'M' 'M' 'M' 'A' 'U' 'U' 'U' 'U' 'A' 'U' 'M' 'M' 'M' 'M' 'M'
 'M' 'M' 'M' 'M' 'A' 'M' 'M' 'M' 'M' 'M' 'U' 'M' 'M' 'M' 'M' 'M' 'M' 'U'
 'M' 'M' 'M' 'M' 'M' 'M' 'M' 'M' 'M' 'M' 'M' 'M' 'M' 'M' 'M' 'U' 'M' 'M'
 'M' 'M' 'M' 'M' 'M' 'M' 'M' 'M' 'M' 'M' 'M' 'M' 'M' 'M' 'M' 'M' 'M' 'M']"
20801,1,190,8,182,8,0,0,"['A' 'M' 'M' 'U' 'M' 'M' 'M' 'M' 'M' 'M' 'M' 'M' 'M' 'M' 'M' 'M' 'M' 'U'
 'M' 'M' 'M' 'M' 'M' 'M' 'M' 'M' 'M' 'M' 'M' 'M' 'M' 'M' 'M' 'M' 'M' 'M'
 'M' 'M' 'M' 'M' 'M' 'M' 'M' 'M' 'M' 'M' 'M' 'M' 'M' 'M' 'M' 'M' 'M' 'M'
 'M' 'M' 'M' 'M' 'M' 'M' 'M' 'M' 'M' 'M' 'M' 'U' 'M' 'M' 'M' 'M' 'M' 'M'
 'M' 'M' 'M' 'M' 'M' 'M' 'M' 'M' 'M' 'M' 'M' 'M' 'M' 'M' 'M' 'M' 'M' 'M'
 'M' 'M' 'M' 'M' 'M' 'M' 'M' 'M' 'M' 'M' 'M' 'M' 'M' 'M' 'M' 'M' 'M' 'M'
 'M' 'M' 'M' 'M' 'M' 'M' 'M' 'M' 'M' 'M' 'M' 'M' 'M' 'M' 'U' 'M' 'M' 'M'
 'M' 'M' 'M' 'M' 'M' 'A' 'A' 'A' 'A' 'U' 'U' 'A' 'A' 'M' 'M' 'M' 'M' 'M'
 'M' 'M' 'M' 'M' 'A' 'M' 'M' 'M' 'M' 'M' 'U' 'M' 'M' 'M' 'M' 'M' 'M' 'M'
 'M' 'M' 'M' 'M' 'M' 'M' 'M' 'M' 'M' 'M' 'M' 'M' 'U' 'M' 'M' 'M' 'M' 'M'
 'M' 'M' 'M' 'M' 'M' 'M' 'M' 'M' 'M' 'M' 'M' 'M' 'M' 'M' 'M' 'M' 'M' 'M']"
20901,0,188,10,178,10,0,0,"['A' 'M' 'M' 'U' 'M' 'M' 'M' 'M' 'M' 'M' 'M' 'M' 'M' 'M' 'M' 'M' 'U' 'U'
 'M' 'M' 'M' 'M' 'M' 'M' 'M' 'M' 'M' 'M' 'M' 'M' 'U' 'M' 'M' 'M' 'U' 'M'
 'M' 'M' 'M' 'M' 'M' 'M' 'M' 'M' 'M' 'M' 'M' 'M' 'M' 'M' 'M' 'M' 'M' 'M'
 'M' 'M' 'M' 'M' 'M' 'M' 'M' 'M' 'M' 'M' 'M' 'M' 'M' 'M' 'M' 'M' 'M' 'U'
 'M' 'M' 'M' 'M' 'M' 'M' 'M' 'M' 'M' 'M' 'M' 'M' 'M' 'M' 'M' 'M' 'M' 'M'
 'M' 'M' 'M' 'M' 'M' 'M' 'M' 'M' 'M' 'M' 'M' 'M' 'M' 'M' 'M' 'M' 'M' 'M'
 'M' 'M' 'M' 'M' 'M' 'M' 'M' 'M' 'M' 'M' 'M' 'M' 'M' 'M' 'A' 'M' 'M' 'M'
 'M' 'M' 'M' 'M' 'M' 'A' 'A' 'A' 'A' 'A' 'A' 'A' 'A' 'M' 'M' 'M' 'M' 'M'
 'M' 'M' 'M' 'M' 'U' 'M' 'M' 'M' 'M' 'M' 'M' 'U' 'M' 'M' 'M' 'M' 'M' 'M'
 'M' 'U' 'M' 'M' 'M' 'M' 'M' 'M' 'M' 'M' 'M' 'M' 'U' 'M' 'M' 'M' 'M' 'M'
 'M' 'M' 'M' 'M' 'M' 'M' 'M' 'M' 'M' 'M' 'M' 'M' 'M' 'M' 'M' 'M' 'M' 'M']"
21001,0,188,8,180,10,0,0,"['A' 'M' 'M' 'M' 'M' 'M' 'M' 'M' 'M' 'M' 'M' 'M' 'M' 'M' 'M' 'M' 'M' 'U'
 'M' 'M' 'M' 'M' 'M' 'M' 'M' 'M' 'M' 'M' 'M' 'M' 'U' 'M' 'M' 'M' 'U' 'M'
 'M' 'M' 'U' 'M' 'M' 'M' 'M' 'M' 'M' 'M' 'M' 'M' 'M' 'M' 'M' 'M' 'M' 'M'
 'M' 'M' 'M' 'M' 'M' 'M' 'M' 'M' 'M' 'M' 'M' 'M' 'M' 'M' 'M' 'M' 'M' 'M'
 'M' 'M' 'M' 'U' 'M' 'M' 'M' 'M' 'M' 'M' 'M' 'M' 'M' 'M' 'M' 'M' 'M' 'M'
 'M' 'M' 'M' 'M' 'M' 'M' 'M' 'M' 'M' 'M' 'M' 'M' 'M' 'M' 'M' 'M' 'M' 'M'
 'M' 'M' 'M' 'M' 'M' 'M' 'M' 'M' 'M' 'M' 'M' 'M' 'M' 'M' 'A' 'M' 'M' 'M'
 'M' 'M' 'M' 'M' 'M' 'U' 'U' 'A' 'A' 'A' 'A' 'A' 'A' 'M' 'M' 'M' 'M' 'M'
 'M' 'M' 'M' 'M' 'U' 'M' 'M' 'M' 'M' 'M' 'M' 'M' 'M' 'M' 'M' 'M' 'U' 'M'
 'M' 'M' 'M' 'M' 'M' 'M' 'M' 'M' 'M' 'M' 'M' 'M' 'U' 'M' 'M' 'M' 'M' 'M'
 'M' 'M' 'M' 'M' 'M' 'M' 'M' 'M' 'M' 'M' 'M' 'M' 'M' 'M' 'M' 'M' 'M' 'M']"
21101,1,189,9,180,9,0,0,"['A' 'M' 'M' 'M' 'M' 'M' 'M' 'M' 'M' 'M' 'M' 'M' 'M' 'M' 'M' 'M' 'M' 'U'
 'M' 'M' 'M' 'M' 'M' 'M' 'M' 'M' 'M' 'M' 'M' 'M' 'U' 'M' 'M' 'M' 'M' 'M'
 'M' 'M' 'A' 'M' 'M' 'M' 'M' 'M' 'M' 'M' 'M' 'M' 'M' 'M' 'M' 'M' 'M' 'M'
 'M' 'M' 'M' 'M' 'M' 'M' 'M' 'M' 'M' 'M' 'M' 'M' 'M' 'M' 'M' 'M' 'M' 'M'
 'M' 'M' 'M' 'M' 'M' 'M' 'M' 'M' 'M' 'M' 'M' 'M' 'M' 'U' 'M' 'M' 'M' 'M'
 'M' 'M' 'M' 'M' 'M' 'M' 'M' 'M' 'M' 'M' 'M' 'M' 'M' 'M' 'M' 'M' 'M' 'M'
 'M' 'U' 'M' 'M' 'M' 'M' 'U' 'M' 'M' 'M' 'M' 'M' 'M' 'M' 'A' 'M' 'M' 'M'
 'M' 'M' 'M' 'M' 'M' 'A' 'A' 'U' 'U' 'A' 'A' 'A' 'A' 'M' 'M' 'M' 'M' 'M'
 'M' 'M' 'M' 'M' 'M' 'M' 'M' 'M' 'M' 'M' 'M' 'M' 'M' 'M' 'M' 'M' 'U' 'M'
 'M' 'M' 'M' 'M' 'M' 'M' 'M' 'M' 'M' 'M' 'M' 'M' 'U' 'M' 'M' 'M' 'M' 'M'
 'M' 'M' 'M' 'M' 'M' 'M' 'M' 'M' 'M' 'M' 'M' 'M' 'M' 'M' 'M' 'M' 'M' 'M']"
21201,0,191,11,180,7,0,0,"['A' 'M' 'M' 'M' 'M' 'M' 'M' 'M' 'M' 'M' 'M' 'M' 'M' 'M' 'M' 'M' 'M' 'U'
 'M' 'M' 'M' 'M' 'M' 'M' 'M' 'M' 'M' 'M' 'M' 'M' 'M' 'M' 'M' 'M' 'M' 'M'
 'M' 'M' 'A' 'M' 'M' 'M' 'M' 'M' 'M' 'M' 'M' 'M' 'M' 'M' 'M' 'M' 'M' 'M'
 'M' 'U' 'M' 'M' 'U' 'M' 'M' 'M' 'M' 'M' 'M' 'M' 'M' 'M' 'M' 'M' 'M' 'M'
 'M' 'M' 'M' 'M' 'M' 'M' 'M' 'M' 'M' 'U' 'M' 'M' 'M' 'M' 'M' 'M' 'M' 'M'
 'M' 'M' 'M' 'M' 'M' 'M' 'M' 'M' 'M' 'M' 'M' 'M' 'M' 'M' 'M' 'M' 'M' 'M'
 'M' 'M' 'M' 'M' 'M' 'M' 'M' 'M' 'M' 'M' 'M' 'M' 'M' 'M' 'A' 'M' 'M' 'M'
 'M' 'M' 'M' 'M' 'U' 'A' 'A' 'A' 'A' 'A' 'A' 'A' 'A' 'M' 'M' 'M' 'M' 'M'
 'M' 'M' 'M' 'M' 'M' 'M' 'M' 'M' 'M' 'M' 'M' 'M' 'M' 'M' 'M' 'M' 'U' 'M'
 'M' 'M' 'M' 'M' 'M' 'M' 'M' 'M' 'M' 'M' 'M' 'M' 'U' 'M' 'M' 'M' 'M' 'M'
 'M' 'M' 'M' 'M' 'M' 'M' 'M' 'M' 'M' 'M' 'M' 'M' 'M' 'M' 'M' 'M' 'M' 'M']"
21301,0,188,9,179,10,0,0,"['A' 'M' 'M' 'M' 'M' 'M' 'M' 'M' 'M' 'M' 'M' 'M' 'M' 'M' 'M' 'M' 'M' 'U'
 'M' 'M' 'M' 'M' 'M' 'M' 'M' 'M' 'M' 'M' 'M' 'M' 'M' 'M' 'M' 'M' 'M' 'M'
 'M' 'M' 'A' 'M' 'M' 'M' 'M' 'M' 'M' 'M' 'M' 'M' 'M' 'M' 'M' 'M' 'M' 'M'
 'M' 'U' 'M' 'M' 'M' 'M' 'M' 'M' 'M' 'M' 'M' 'M' 'M' 'M' 'M' 'M' 'M' 'M'
 'M' 'U' 'M' 'M' 'M' 'M' 'M' 'M' 'M' 'M' 'M' 'M' 'M' 'M' 'M' 'M' 'M' 'M'
 'M' 'M' 'M' 'M' 'M' 'M' 'M' 'M' 'M' 'M' 'M' 'M' 'M' 'M' 'M' 'M' 'M' 'M'
 'M' 'M' 'M' 'M' 'M' 'M' 'M' 'M' 'M' 'M' 'M' 'M' 'U' 'M' 'A' 'M' 'M' 'M'
 'M' 'M' 'M' 'M' 'M' 'U' 'A' 'U' 'A' 'U' 'A' 'A' 'A' 'M' 'M' 'M' 'M' 'M'
 'M' 'M' 'M' 'M' 'M' 'M' 'M' 'M' 'M' 'M' 'M' 'M' 'M' 'M' 'M' 'M' 'U' 'M'
 'M' 'A' 'M' 'M' 'M' 'M' 'M' 'M' 'M' 'M' 'M' 'M' 'U' 'M' 'M' 'M' 'M' 'M'
 'M' 'U' 'M' 'M' 'M' 'M' 'M' 'M' 'M' 'M' 'M' 'M' 'M' 'M' 'M' 'M' 'M' 'M']"
21401,0,190,9,181,8,0,0,"['A' 'M' 'M' 'M' 'M' 'M' 'M' 'M' 'M' 'M' 'M' 'M' 'M' 'M' 'M' 'M' 'M' 'M'
 'M' 'M' 'M' 'M' 'M' 'M' 'M' 'M' 'M' 'M' 'M' 'M' 'M' 'M' 'M' 'M' 'M' 'M'
 'M' 'M' 'A' 'M' 'M' 'M' 'M' 'M' 'M' 'M' 'M' 'M' 'M' 'M' 'M' 'M' 'M' 'M'
 'M' 'M' 'M' 'M' 'M' 'M' 'M' 'M' 'M' 'M' 'M' 'M' 'M' 'U' 'M' 'M' 'M' 'M'
 'M' 'M' 'M' 'M' 'M' 'M' 'M' 'M' 'M' 'M' 'M' 'M' 'M' 'M' 'M' 'M' 'M' 'M'
 'M' 'M' 'M' 'M' 'M' 'M' 'M' 'M' 'M' 'M' 'M' 'M' 'U' 'M' 'M' 'M' 'M' 'U'
 'U' 'M' 'M' 'M' 'M' 'M' 'M' 'M' 'M' 'M' 'M' 'M' 'M' 'M' 'A' 'M' 'M' 'M'
 'M' 'M' 'M' 'M' 'M' 'U' 'U' 'A' 'A' 'U' 'A' 'A' 'A' 'M' 'M' 'M' 'M' 'M'
 'M' 'M' 'M' 'M' 'M' 'M' 'M' 'M' 'M' 'M' 'M' 'M' 'M' 'M' 'M' 'M' 'U' 'M'
 'M' 'A' 'M' 'M' 'M' 'M' 'M' 'M' 'M' 'M' 'M' 'M' 'M' 'M' 'M' 'M' 'M' 'M'
 'M' 'M' 'M' 'M' 'M' 'M' 'M' 'M' 'M' 'M' 'M' 'M' 'M' 'M' 'M' 'M' 'M' 'M']"
21501,0,188,7,181,10,0,0,"['A' 'M' 'M' 'M' 'M' 'M' 'M' 'M' 'M' 'M' 'M' 'M' 'M' 'M' 'M' 'M' 'M' 'M'
 'M' 'M' 'M' 'M' 'M' 'M' 'M' 'M' 'M' 'M' 'M' 'M' 'M' 'U' 'M' 'M' 'M' 'M'
 'M' 'M' 'U' 'M' 'M' 'M' 'M' 'M' 'M' 'M' 'M' 'M' 'M' 'M' 'M' 'M' 'M' 'M'
 'M' 'U' 'M' 'M' 'M' 'M' 'M' 'M' 'M' 'M' 'M' 'M' 'M' 'M' 'M' 'M' 'M' 'M'
 'M' 'M' 'M' 'M' 'M' 'M' 'M' 'M' 'U' 'M' 'M' 'M' 'M' 'M' 'M' 'M' 'M' 'M'
 'M' 'M' 'M' 'M' 'M' 'M' 'M' 'M' 'M' 'M' 'M' 'M' 'M' 'M' 'M' 'M' 'M' 'U'
 'U' 'M' 'M' 'M' 'M' 'M' 'M' 'M' 'M' 'M' 'M' 'M' 'M' 'M' 'A' 'M' 'M' 'M'
 'M' 'M' 'M' 'M' 'M' 'U' 'U' 'A' 'U' 'M' 'A' 'A' 'A' 'M' 'M' 'M' 'M' 'M'
 'M' 'M' 'M' 'M' 'M' 'M' 'M' 'M' 'M' 'M' 'M' 'M' 'M' 'M' 'M' 'M' 'U' 'M'
 'M' 'A' 'M' 'M' 'M' 'M' 'M' 'M' 'M' 'M' 'M' 'M' 'M' 'M' 'M' 'M' 'M' 'M'
 'M' 'M' 'M' 'M' 'M' 'M' 'M' 'M' 'M' 'M' 'M' 'M' 'M' 'M' 'M' 'M' 'M' 'M']"
21601,0,189,6,183,9,0,0,"['A' 'M' 'M' 'M' 'M' 'M' 'M' 'M' 'M' 'M' 'M' 'M' 'M' 'M' 'M' 'M' 'M' 'M'
 'M' 'M' 'M' 'M' 'M' 'M' 'M' 'M' 'M' 'M' 'M' 'M' 'M' 'M' 'M' 'M' 'M' 'M'
 'M' 'M' 'U' 'M' 'M' 'M' 'M' 'M' 'M' 'M' 'M' 'M' 'M' 'M' 'M' 'M' 'M' 'M'
 'M' 'M' 'M' 'M' 'M' 'M' 'M' 'M' 'M' 'M' 'M' 'M' 'M' 'M' 'M' 'M' 'M' 'M'
 'M' 'M' 'M' 'M' 'M' 'M' 'M' 'M' 'M' 'M' 'M' 'M' 'M' 'M' 'M' 'M' 'M' 'M'
 'M' 'M' 'M' 'U' 'M' 'M' 'M' 'M' 'M' 'M' 'M' 'M' 'M' 'M' 'M' 'M' 'M' 'U'
 'M' 'M' 'M' 'M' 'M' 'M' 'M' 'M' 'M' 'M' 'M' 'M' 'M' 'M' 'A' 'M' 'M' 'M'
 'M' 'M' 'M' 'M' 'M' 'M' 'U' 'U' 'U' 'M' 'U' 'A' 'A' 'M' 'M' 'M' 'M' 'M'
 'M' 'M' 'M' 'M' 'M' 'M' 'M' 'M' 'M' 'M' 'M' 'M' 'M' 'M' 'M' 'M' 'U' 'M'
 'M' 'A' 'U' 'M' 'M' 'M' 'M' 'M' 'M' 'M' 'M' 'M' 'M' 'M' 'M' 'M' 'M' 'M'
 'M' 'M' 'M' 'M' 'M' 'M' 'M' 'M' 'M' 'M' 'M' 'M' 'M' 'M' 'A' 'M' 'M' 'M']"
21701,0,188,3,185,10,0,0,"['A' 'M' 'M' 'M' 'M' 'M' 'M' 'M' 'M' 'M' 'M' 'M' 'M' 'M' 'M' 'M' 'M' 'M'
 'M' 'M' 'M' 'M' 'M' 'M' 'M' 'M' 'M' 'M' 'M' 'M' 'M' 'M' 'M' 'M' 'M' 'M'
 'M' 'M' 'M' 'M' 'M' 'M' 'M' 'M' 'U' 'M' 'M' 'M' 'M' 'M' 'M' 'M' 'M' 'M'
 'M' 'M' 'M' 'M' 'M' 'M' 'M' 'M' 'M' 'M' 'M' 'M' 'M' 'M' 'M' 'M' 'M' 'M'
 'M' 'U' 'M' 'M' 'M' 'M' 'M' 'M' 'M' 'M' 'M' 'M' 'M' 'M' 'M' 'M' 'M' 'M'
 'M' 'M' 'M' 'M' 'M' 'M' 'M' 'M' 'M' 'M' 'M' 'M' 'M' 'M' 'M' 'M' 'M' 'U'
 'M' 'M' 'M' 'M' 'M' 'M' 'M' 'M' 'M' 'M' 'M' 'M' 'M' 'M' 'U' 'M' 'M' 'M'
 'M' 'M' 'M' 'M' 'M' 'M' 'U' 'M' 'U' 'M' 'U' 'A' 'U' 'M' 'M' 'M' 'M' 'M'
 'M' 'M' 'M' 'M' 'M' 'M' 'M' 'M' 'M' 'M' 'M' 'M' 'M' 'M' 'M' 'M' 'M' 'M'
 'M' 'M' 'U' 'M' 'M' 'U' 'M' 'M' 'M' 'M' 'M' 'M' 'M' 'M' 'M' 'M' 'M' 'M'
 'M' 'M' 'M' 'M' 'M' 'M' 'M' 'M' 'M' 'M' 'M' 'M' 'M' 'M' 'A' 'M' 'M' 'M']"
21801,1,190,8,182,8,0,1,"['A' 'M' 'M' 'M' 'M' 'M' 'M' 'M' 'M' 'M' 'M' 'M' 'M' 'M' 'M' 'M' 'M' 'M'
 'M' 'M' 'M' 'M' 'M' 'M' 'M' 'M' 'M' 'M' 'M' 'M' 'M' 'M' 'M' 'M' 'M' 'M'
 'M' 'M' 'M' 'M' 'M' 'M' 'M' 'M' 'U' 'M' 'M' 'M' 'M' 'U' 'M' 'M' 'M' 'M'
 'M' 'M' 'M' 'M' 'M' 'M' 'M' 'M' 'M' 'M' 'M' 'M' 'M' 'M' 'M' 'M' 'M' 'M'
 'M' 'M' 'M' 'M' 'M' 'M' 'M' 'M' 'M' 'U' 'M' 'M' 'M' 'M' 'M' 'M' 'M' 'M'
 'M' 'M' 'M' 'M' 'M' 'M' 'M' 'M' 'M' 'M' 'M' 'M' 'M' 'M' 'M' 'M' 'M' 'U'
 'M' 'M' 'M' 'M' 'M' 'M' 'M' 'M' 'M' 'M' 'M' 'M' 'M' 'M' 'U' 'M' 'M' 'M'
 'M' 'M' 'M' 'M' 'M' 'U' 'A' 'A' 'A' 'A' 'A' 'A' 'M' 'M' 'M' 'M' 'M' 'M'
 'M' 'M' 'M' 'M' 'M' 'M' 'M' 'M' 'M' 'M' 'M' 'M' 'M' 'M' 'M' 'M' 'M' 'M'
 'M' 'M' 'U' 'M' 'M' 'M' 'M' 'M' 'M' 'M' 'M' 'M' 'M' 'M' 'M' 'M' 'M' 'M'
 'M' 'M' 'M' 'M' 'M' 'M' 'M' 'M' 'M' 'M' 'U' 'M' 'M' 'M' 'A' 'M' 'M' 'M']"
21901,0,190,9,181,8,0,0,"['A' 'M' 'M' 'M' 'M' 'M' 'M' 'M' 'M' 'M' 'M' 'M' 'M' 'M' 'M' 'M' 'M' 'M'
 'M' 'M' 'M' 'M' 'M' 'M' 'M' 'M' 'M' 'M' 'M' 'M' 'M' 'M' 'M' 'M' 'M' 'M'
 'M' 'M' 'M' 'M' 'M' 'M' 'M' 'M' 'U' 'M' 'M' 'M' 'M' 'U' 'M' 'M' 'M' 'M'
 'M' 'M' 'M' 'M' 'M' 'M' 'M' 'M' 'M' 'M' 'M' 'M' 'M' 'M' 'M' 'U' 'M' 'M'
 'M' 'M' 'M' 'M' 'M' 'M' 'M' 'M' 'M' 'M' 'M' 'M' 'M' 'M' 'M' 'M' 'M' 'M'
 'M' 'M' 'M' 'M' 'M' 'M' 'M' 'M' 'M' 'M' 'M' 'M' 'M' 'M' 'M' 'M' 'M' 'U'
 'M' 'M' 'M' 'M' 'M' 'M' 'M' 'M' 'M' 'M' 'M' 'M' 'M' 'M' 'U' 'M' 'M' 'M'
 'M' 'M' 'M' 'M' 'M' 'A' 'A' 'A' 'A' 'A' 'A' 'A' 'U' 'M' 'M' 'M' 'M' 'M'
 'M' 'M' 'M' 'M' 'M' 'M' 'M' 'M' 'M' 'M' 'M' 'M' 'M' 'M' 'M' 'M' 'M' 'M'
 'M' 'M' 'U' 'M' 'M' 'M' 'M' 'M' 'M' 'M' 'M' 'M' 'M' 'M' 'M' 'M' 'M' 'U'
 'M' 'M' 'M' 'M' 'M' 'M' 'M' 'M' 'M' 'M' 'M' 'M' 'M' 'M' 'A' 'M' 'M' 'M']"
22001,2,189,7,182,9,0,0,"['A' 'M' 'M' 'M' 'M' 'M' 'M' 'M' 'M' 'M' 'M' 'M' 'M' 'M' 'M' 'M' 'M' 'M'
 'M' 'M' 'M' 'M' 'M' 'M' 'M' 'M' 'M' 'M' 'M' 'M' 'M' 'M' 'M' 'M' 'M' 'M'
 'M' 'M' 'M' 'M' 'M' 'M' 'M' 'M' 'M' 'M' 'M' 'M' 'M' 'M' 'M' 'M' 'M' 'M'
 'M' 'M' 'M' 'M' 'M' 'M' 'M' 'M' 'M' 'M' 'M' 'M' 'M' 'U' 'M' 'M' 'M' 'M'
 'M' 'M' 'M' 'M' 'M' 'M' 'M' 'M' 'M' 'M' 'M' 'M' 'M' 'M' 'M' 'M' 'M' 'M'
 'M' 'M' 'M' 'M' 'M' 'M' 'M' 'M' 'M' 'M' 'M' 'M' 'M' 'M' 'M' 'M' 'M' 'M'
 'M' 'M' 'M' 'M' 'M' 'M' 'M' 'M' 'M' 'M' 'M' 'M' 'M' 'M' 'U' 'M' 'M' 'M'
 'M' 'M' 'M' 'M' 'U' 'A' 'A' 'A' 'U' 'A' 'A' 'A' 'U' 'M' 'M' 'M' 'M' 'M'
 'M' 'M' 'M' 'M' 'M' 'M' 'M' 'M' 'M' 'M' 'M' 'M' 'M' 'M' 'M' 'M' 'M' 'M'
 'M' 'M' 'U' 'M' 'M' 'M' 'U' 'M' 'M' 'M' 'M' 'M' 'M' 'M' 'M' 'M' 'M' 'U'
 'M' 'M' 'M' 'M' 'M' 'M' 'M' 'M' 'M' 'M' 'M' 'M' 'M' 'M' 'U' 'M' 'M' 'M']"
22101,1,189,8,181,9,0,0,"['A' 'M' 'M' 'M' 'M' 'M' 'M' 'M' 'U' 'M' 'M' 'M' 'M' 'M' 'M' 'M' 'M' 'M'
 'M' 'M' 'M' 'M' 'M' 'M' 'M' 'M' 'M' 'U' 'M' 'M' 'M' 'M' 'M' 'M' 'M' 'M'
 'M' 'M' 'M' 'M' 'M' 'M' 'M' 'M' 'M' 'M' 'M' 'M' 'M' 'M' 'M' 'M' 'M' 'M'
 'M' 'M' 'M' 'M' 'M' 'M' 'M' 'M' 'M' 'M' 'M' 'M' 'M' 'M' 'M' 'M' 'M' 'M'
 'M' 'M' 'M' 'M' 'M' 'M' 'M' 'M' 'M' 'M' 'M' 'M' 'M' 'M' 'M' 'M' 'M' 'M'
 'M' 'M' 'U' 'M' 'M' 'M' 'M' 'M' 'M' 'M' 'M' 'M' 'M' 'M' 'M' 'M' 'M' 'M'
 'M' 'M' 'M' 'M' 'M' 'M' 'M' 'M' 'M' 'M' 'M' 'M' 'M' 'M' 'M' 'M' 'M' 'M'
 'M' 'M' 'M' 'M' 'M' 'A' 'A' 'A' 'A' 'A' 'A' 'U' 'A' 'M' 'M' 'M' 'M' 'M'
 'M' 'M' 'M' 'M' 'M' 'U' 'M' 'M' 'M' 'M' 'M' 'M' 'M' 'M' 'M' 'M' 'M' 'M'
 'M' 'M' 'U' 'M' 'M' 'M' 'U' 'M' 'M' 'M' 'M' 'M' 'M' 'M' 'M' 'M' 'M' 'U'
 'M' 'M' 'M' 'M' 'M' 'M' 'M' 'M' 'M' 'M' 'M' 'M' 'M' 'M' 'U' 'M' 'M' 'M']"
22201,0,186,8,178,12,0,0,"['A' 'M' 'M' 'M' 'M' 'M' 'M' 'M' 'U' 'M' 'M' 'M' 'M' 'M' 'M' 'M' 'M' 'M'
 'M' 'M' 'M' 'M' 'M' 'M' 'U' 'M' 'M' 'U' 'M' 'M' 'M' 'M' 'M' 'M' 'M' 'M'
 'M' 'M' 'M' 'M' 'M' 'M' 'M' 'M' 'M' 'U' 'M' 'M' 'M' 'M' 'M' 'M' 'M' 'M'
 'M' 'M' 'M' 'M' 'M' 'M' 'M' 'M' 'M' 'M' 'M' 'M' 'M' 'M' 'U' 'M' 'M' 'M'
 'M' 'M' 'M' 'M' 'M' 'M' 'M' 'M' 'M' 'M' 'M' 'M' 'M' 'M' 'M' 'M' 'M' 'M'
 'M' 'M' 'M' 'M' 'M' 'M' 'M' 'M' 'U' 'M' 'M' 'M' 'M' 'M' 'M' 'M' 'M' 'M'
 'M' 'M' 'M' 'M' 'M' 'M' 'M' 'M' 'M' 'M' 'M' 'U' 'M' 'M' 'M' 'M' 'M' 'M'
 'M' 'M' 'M' 'M' 'M' 'A' 'A' 'A' 'A' 'A' 'A' 'A' 'U' 'M' 'M' 'M' 'M' 'M'
 'M' 'M' 'M' 'M' 'M' 'M' 'M' 'M' 'M' 'M' 'M' 'M' 'M' 'M' 'M' 'M' 'M' 'M'
 'M' 'M' 'U' 'U' 'M' 'M' 'U' 'M' 'M' 'M' 'M' 'M' 'M' 'M' 'M' 'M' 'M' 'U'
 'M' 'M' 'M' 'M' 'M' 'M' 'M' 'M' 'M' 'M' 'M' 'M' 'M' 'M' 'M' 'M' 'M' 'M']"
22301,1,189,8,181,9,0,0,"['A' 'M' 'M' 'M' 'M' 'M' 'M' 'M' 'U' 'M' 'M' 'M' 'M' 'M' 'M' 'M' 'M' 'M'
 'M' 'M' 'M' 'M' 'M' 'M' 'U' 'M' 'M' 'M' 'M' 'M' 'M' 'M' 'M' 'M' 'M' 'M'
 'M' 'M' 'M' 'M' 'M' 'M' 'M' 'M' 'M' 'M' 'M' 'M' 'M' 'M' 'M' 'M' 'M' 'M'
 'M' 'M' 'M' 'M' 'M' 'M' 'M' 'M' 'M' 'M' 'M' 'M' 'U' 'M' 'M' 'M' 'M' 'M'
 'M' 'M' 'M' 'M' 'M' 'M' 'M' 'M' 'M' 'M' 'M' 'M' 'M' 'M' 'M' 'M' 'M' 'M'
 'M' 'M' 'M' 'M' 'M' 'M' 'M' 'M' 'U' 'M' 'M' 'M' 'M' 'M' 'M' 'M' 'M' 'M'
 'M' 'M' 'M' 'M' 'M' 'M' 'M' 'M' 'M' 'M' 'M' 'U' 'M' 'M' 'M' 'M' 'M' 'M'
 'M' 'M' 'M' 'M' 'M' 'A' 'A' 'A' 'A' 'A' 'A' 'A' 'M' 'M' 'M' 'M' 'M' 'U'
 'M' 'M' 'M' 'M' 'M' 'M' 'M' 'M' 'M' 'M' 'M' 'M' 'M' 'M' 'M' 'M' 'M' 'M'
 'M' 'M' 'U' 'M' 'M' 'M' 'M' 'M' 'M' 'M' 'M' 'M' 'M' 'M' 'M' 'M' 'M' 'U'
 'M' 'M' 'M' 'M' 'M' 'U' 'M' 'M' 'M' 'M' 'M' 'M' 'M' 'M' 'M' 'M' 'M' 'M']"
22401,0,188,5,183,10,0,0,"['A' 'M' 'M' 'M' 'M' 'M' 'M' 'M' 'U' 'M' 'M' 'M' 'M' 'M' 'M' 'M' 'M' 'M'
 'M' 'M' 'M' 'M' 'M' 'M' 'U' 'M' 'M' 'M' 'M' 'U' 'M' 'M' 'M' 'M' 'M' 'M'
 'M' 'M' 'M' 'M' 'M' 'M' 'M' 'M' 'M' 'M' 'M' 'M' 'M' 'M' 'M' 'M' 'M' 'M'
 'M' 'M' 'M' 'M' 'M' 'M' 'M' 'M' 'M' 'M' 'M' 'M' 'M' 'M' 'M' 'U' 'M' 'M'
 'M' 'M' 'M' 'M' 'M' 'M' 'M' 'M' 'M' 'M' 'M' 'M' 'M' 'M' 'M' 'M' 'M' 'M'
 'M' 'M' 'M' 'M' 'M' 'M' 'M' 'M' 'M' 'M' 'M' 'M' 'M' 'M' 'M' 'M' 'M' 'M'
 'M' 'M' 'M' 'M' 'M' 'M' 'M' 'M' 'M' 'M' 'M' 'U' 'M' 'M' 'M' 'M' 'M' 'M'
 'M' 'M' 'M' 'M' 'M' 'M' 'A' 'U' 'A' 'U' 'A' 'U' 'A' 'M' 'M' 'M' 'M' 'M'
 'M' 'M' 'M' 'M' 'M' 'M' 'M' 'M' 'M' 'M' 'M' 'M' 'M' 'M' 'M' 'M' 'M' 'M'
 'M' 'M' 'M' 'M' 'M' 'M' 'M' 'M' 'M' 'M' 'M' 'M' 'M' 'M' 'M' 'M' 'M' 'U'
 'M' 'M' 'M' 'M' 'M' 'U' 'M' 'M' 'M' 'M' 'M' 'M' 'M' 'M' 'M' 'M' 'M' 'M']"
22501,0,192,4,188,6,0,0,"['A' 'M' 'M' 'M' 'M' 'M' 'U' 'M' 'M' 'M' 'M' 'M' 'M' 'M' 'M' 'M' 'M' 'M'
 'M' 'M' 'M' 'M' 'M' 'M' 'U' 'M' 'M' 'M' 'M' 'U' 'M' 'M' 'M' 'M' 'M' 'M'
 'M' 'M' 'M' 'M' 'M' 'M' 'M' 'M' 'M' 'M' 'M' 'M' 'M' 'M' 'M' 'M' 'M' 'M'
 'M' 'M' 'M' 'M' 'M' 'M' 'M' 'M' 'M' 'M' 'M' 'M' 'M' 'M' 'M' 'M' 'M' 'M'
 'M' 'M' 'M' 'M' 'M' 'M' 'M' 'M' 'M' 'M' 'M' 'M' 'M' 'M' 'M' 'M' 'M' 'M'
 'M' 'M' 'M' 'U' 'M' 'M' 'M' 'M' 'M' 'M' 'M' 'M' 'M' 'M' 'M' 'M' 'M' 'M'
 'M' 'M' 'M' 'M' 'M' 'M' 'M' 'M' 'M' 'M' 'M' 'U' 'M' 'M' 'M' 'M' 'M' 'M'
 'M' 'M' 'M' 'M' 'M' 'M' 'A' 'M' 'A' 'M' 'U' 'M' 'A' 'M' 'M' 'M' 'M' 'M'
 'M' 'M' 'M' 'M' 'M' 'M' 'M' 'M' 'M' 'M' 'M' 'M' 'M' 'M' 'M' 'M' 'M' 'M'
 'M' 'M' 'M' 'M' 'M' 'M' 'M' 'M' 'M' 'M' 'M' 'M' 'M' 'M' 'M' 'M' 'M' 'M'
 'M' 'M' 'M' 'M' 'M' 'M' 'M' 'M' 'M' 'M' 'M' 'M' 'M' 'M' 'M' 'M' 'M' 'M']"
22601,0,191,8,183,7,0,0,"['A' 'M' 'M' 'M' 'M' 'M' 'U' 'M' 'M' 'M' 'M' 'M' 'M' 'M' 'M' 'M' 'M' 'M'
 'M' 'M' 'M' 'M' 'M' 'M' 'U' 'M' 'M' 'M' 'M' 'M' 'M' 'M' 'M' 'M' 'M' 'M'
 'M' 'M' 'M' 'M' 'M' 'M' 'M' 'M' 'M' 'M' 'M' 'M' 'M' 'M' 'M' 'M' 'M' 'M'
 'M' 'M' 'M' 'M' 'M' 'M' 'M' 'M' 'M' 'M' 'M' 'M' 'M' 'M' 'M' 'M' 'M' 'M'
 'M' 'M' 'M' 'U' 'M' 'M' 'M' 'M' 'M' 'M' 'M' 'M' 'M' 'M' 'M' 'M' 'M' 'M'
 'M' 'M' 'M' 'M' 'M' 'M' 'M' 'M' 'M' 'M' 'M' 'M' 'M' 'M' 'M' 'M' 'M' 'M'
 'M' 'M' 'M' 'M' 'M' 'M' 'M' 'M' 'M' 'M' 'M' 'U' 'M' 'M' 'M' 'M' 'M' 'M'
 'M' 'M' 'M' 'M' 'M' 'U' 'A' 'A' 'A' 'A' 'A' 'A' 'A' 'M' 'M' 'M' 'M' 'M'
 'M' 'M' 'M' 'M' 'M' 'U' 'U' 'M' 'M' 'M' 'M' 'M' 'M' 'M' 'M' 'M' 'M' 'M'
 'M' 'M' 'M' 'M' 'M' 'M' 'M' 'M' 'M' 'M' 'M' 'M' 'M' 'M' 'M' 'M' 'M' 'M'
 'M' 'M' 'M' 'M' 'M' 'M' 'M' 'M' 'M' 'M' 'M' 'M' 'M' 'M' 'M' 'M' 'M' 'M']"
22701,0,186,7,179,12,0,1,"['A' 'M' 'M' 'M' 'M' 'M' 'M' 'M' 'M' 'M' 'M' 'M' 'M' 'M' 'M' 'M' 'M' 'M'
 'M' 'M' 'M' 'M' 'M' 'M' 'M' 'M' 'M' 'M' 'M' 'M' 'U' 'M' 'M' 'M' 'M' 'M'
 'M' 'M' 'M' 'M' 'M' 'M' 'M' 'M' 'M' 'M' 'M' 'M' 'M' 'M' 'M' 'M' 'M' 'M'
 'M' 'M' 'U' 'M' 'M' 'M' 'M' 'M' 'M' 'M' 'M' 'M' 'M' 'U' 'M' 'M' 'M' 'M'
 'M' 'M' 'M' 'M' 'M' 'M' 'M' 'M' 'M' 'M' 'M' 'M' 'M' 'M' 'M' 'M' 'M' 'M'
 'M' 'M' 'M' 'M' 'M' 'M' 'M' 'M' 'M' 'M' 'M' 'M' 'U' 'M' 'M' 'M' 'M' 'M'
 'M' 'M' 'M' 'M' 'M' 'M' 'M' 'M' 'M' 'M' 'M' 'U' 'M' 'M' 'M' 'M' 'M' 'M'
 'M' 'M' 'M' 'M' 'M' 'U' 'A' 'U' 'A' 'A' 'U' 'A' 'A' 'M' 'M' 'M' 'M' 'M'
 'M' 'M' 'M' 'M' 'M' 'U' 'U' 'M' 'M' 'M' 'M' 'M' 'M' 'M' 'M' 'M' 'M' 'M'
 'M' 'M' 'M' 'M' 'M' 'M' 'M' 'M' 'M' 'M' 'M' 'M' 'M' 'U' 'M' 'M' 'M' 'M'
 'M' 'M' 'A' 'M' 'M' 'M' 'M' 'U' 'M' 'M' 'M' 'M' 'M' 'M' 'M' 'M' 'M' 'M']"
22801,0,189,8,181,9,0,1,"['A' 'M' 'M' 'M' 'M' 'M' 'M' 'M' 'M' 'M' 'M' 'M' 'M' 'M' 'M' 'M' 'M' 'M'
 'M' 'M' 'U' 'M' 'M' 'M' 'M' 'M' 'M' 'M' 'M' 'M' 'M' 'M' 'M' 'M' 'M' 'M'
 'M' 'M' 'M' 'M' 'M' 'M' 'M' 'M' 'M' 'M' 'M' 'M' 'M' 'M' 'M' 'M' 'M' 'M'
 'M' 'M' 'U' 'M' 'M' 'M' 'M' 'U' 'M' 'M' 'M' 'M' 'M' 'M' 'M' 'M' 'M' 'M'
 'M' 'M' 'M' 'M' 'M' 'M' 'M' 'M' 'M' 'M' 'U' 'M' 'M' 'M' 'M' 'M' 'M' 'M'
 'M' 'M' 'M' 'M' 'M' 'M' 'M' 'M' 'M' 'M' 'M' 'M' 'M' 'M' 'M' 'M' 'M' 'M'
 'M' 'M' 'M' 'M' 'M' 'M' 'M' 'M' 'M' 'M' 'M' 'M' 'M' 'M' 'M' 'M' 'M' 'M'
 'M' 'M' 'M' 'M' 'M' 'M' 'A' 'A' 'A' 'A' 'A' 'A' 'A' 'M' 'M' 'U' 'M' 'M'
 'U' 'M' 'M' 'M' 'M' 'M' 'M' 'M' 'M' 'M' 'M' 'M' 'M' 'M' 'U' 'M' 'M' 'M'
 'M' 'M' 'M' 'M' 'M' 'M' 'M' 'M' 'M' 'M' 'M' 'M' 'M' 'U' 'M' 'M' 'M' 'M'
 'M' 'M' 'M' 'M' 'M' 'M' 'M' 'U' 'M' 'M' 'M' 'M' 'M' 'M' 'M' 'M' 'M' 'M']"
22901,0,188,7,181,10,0,0,"['A' 'M' 'M' 'M' 'M' 'M' 'M' 'M' 'M' 'M' 'M' 'M' 'M' 'M' 'M' 'M' 'M' 'M'
 'M' 'M' 'M' 'M' 'M' 'M' 'M' 'M' 'M' 'M' 'M' 'M' 'M' 'M' 'M' 'M' 'M' 'M'
 'M' 'M' 'M' 'M' 'M' 'M' 'M' 'M' 'M' 'M' 'M' 'M' 'M' 'M' 'M' 'M' 'M' 'M'
 'M' 'M' 'U' 'M' 'M' 'M' 'M' 'A' 'M' 'M' 'M' 'M' 'M' 'M' 'M' 'M' 'M' 'M'
 'M' 'M' 'M' 'M' 'M' 'M' 'M' 'M' 'M' 'M' 'M' 'M' 'M' 'U' 'M' 'M' 'M' 'M'
 'M' 'M' 'M' 'M' 'M' 'M' 'M' 'M' 'M' 'M' 'M' 'M' 'M' 'M' 'M' 'M' 'M' 'U'
 'M' 'M' 'M' 'M' 'M' 'M' 'M' 'M' 'M' 'M' 'M' 'M' 'M' 'M' 'M' 'M' 'M' 'M'
 'M' 'M' 'M' 'M' 'M' 'M' 'U' 'A' 'A' 'A' 'A' 'U' 'A' 'M' 'M' 'U' 'M' 'M'
 'M' 'M' 'M' 'M' 'M' 'M' 'M' 'M' 'M' 'M' 'M' 'M' 'M' 'M' 'M' 'M' 'M' 'M'
 'M' 'M' 'M' 'M' 'M' 'M' 'M' 'M' 'M' 'M' 'M' 'M' 'U' 'U' 'M' 'M' 'M' 'M'
 'M' 'M' 'M' 'M' 'M' 'M' 'M' 'U' 'U' 'M' 'M' 'M' 'M' 'M' 'M' 'M' 'M' 'M']"
23001,0,184,7,177,14,0,0,"['A' 'M' 'M' 'M' 'M' 'M' 'M' 'M' 'M' 'M' 'M' 'M' 'M' 'M' 'M' 'M' 'M' 'M'
 'M' 'M' 'M' 'M' 'M' 'M' 'M' 'U' 'M' 'M' 'M' 'M' 'M' 'M' 'M' 'M' 'M' 'M'
 'M' 'M' 'M' 'M' 'M' 'M' 'M' 'M' 'M' 'M' 'U' 'M' 'M' 'M' 'M' 'M' 'M' 'M'
 'M' 'M' 'U' 'M' 'M' 'M' 'M' 'A' 'M' 'M' 'M' 'M' 'M' 'U' 'M' 'M' 'M' 'M'
 'M' 'M' 'M' 'M' 'M' 'M' 'M' 'M' 'M' 'M' 'M' 'M' 'M' 'M' 'M' 'M' 'M' 'M'
 'M' 'M' 'M' 'M' 'M' 'M' 'M' 'M' 'M' 'M' 'M' 'M' 'M' 'M' 'M' 'U' 'M' 'U'
 'M' 'M' 'M' 'M' 'M' 'M' 'M' 'M' 'M' 'M' 'M' 'M' 'M' 'M' 'M' 'M' 'M' 'M'
 'M' 'M' 'M' 'M' 'M' 'U' 'M' 'A' 'A' 'U' 'A' 'A' 'A' 'M' 'M' 'U' 'M' 'M'
 'M' 'M' 'M' 'M' 'M' 'M' 'M' 'M' 'M' 'M' 'M' 'M' 'M' 'M' 'M' 'M' 'U' 'M'
 'M' 'M' 'M' 'M' 'M' 'M' 'U' 'M' 'M' 'M' 'M' 'M' 'M' 'U' 'M' 'M' 'M' 'M'
 'M' 'M' 'M' 'M' 'M' 'M' 'M' 'U' 'U' 'M' 'M' 'M' 'M' 'M' 'M' 'M' 'M' 'M']"
23101,0,183,5,178,15,0,0,"['A' 'M' 'M' 'M' 'M' 'M' 'M' 'M' 'M' 'M' 'M' 'M' 'M' 'M' 'M' 'M' 'M' 'M'
 'M' 'M' 'M' 'M' 'M' 'M' 'M' 'U' 'M' 'M' 'M' 'M' 'M' 'M' 'M' 'M' 'M' 'M'
 'M' 'M' 'M' 'M' 'M' 'M' 'M' 'M' 'M' 'M' 'U' 'M' 'M' 'M' 'M' 'M' 'M' 'M'
 'M' 'M' 'U' 'M' 'M' 'M' 'U' 'U' 'M' 'M' 'M' 'M' 'M' 'M' 'M' 'M' 'M' 'M'
 'M' 'M' 'M' 'M' 'M' 'M' 'M' 'M' 'M' 'M' 'M' 'M' 'M' 'M' 'M' 'M' 'M' 'M'
 'M' 'M' 'M' 'U' 'M' 'M' 'M' 'M' 'M' 'M' 'M' 'M' 'M' 'M' 'M' 'U' 'M' 'M'
 'M' 'M' 'M' 'M' 'M' 'M' 'M' 'M' 'M' 'M' 'M' 'M' 'M' 'M' 'M' 'M' 'M' 'M'
 'M' 'M' 'M' 'M' 'M' 'U' 'M' 'U' 'U' 'M' 'A' 'A' 'A' 'M' 'M' 'M' 'M' 'M'
 'M' 'M' 'M' 'M' 'M' 'M' 'M' 'M' 'M' 'M' 'M' 'M' 'M' 'M' 'M' 'M' 'U' 'M'
 'M' 'M' 'M' 'M' 'M' 'M' 'U' 'M' 'M' 'M' 'M' 'M' 'M' 'U' 'M' 'M' 'M' 'M'
 'M' 'M' 'M' 'M' 'M' 'M' 'M' 'U' 'A' 'M' 'M' 'U' 'M' 'M' 'M' 'M' 'M' 'M']"
23201,0,181,3,178,17,0,0,"['A' 'M' 'M' 'M' 'M' 'M' 'M' 'M' 'M' 'M' 'M' 'M' 'M' 'M' 'M' 'M' 'M' 'M'
 'M' 'M' 'M' 'M' 'M' 'M' 'M' 'U' 'M' 'M' 'M' 'M' 'M' 'M' 'M' 'M' 'M' 'U'
 'M' 'M' 'M' 'M' 'M' 'M' 'M' 'M' 'M' 'M' 'U' 'U' 'M' 'M' 'M' 'M' 'M' 'M'
 'M' 'M' 'M' 'M' 'M' 'M' 'U' 'M' 'M' 'M' 'M' 'M' 'M' 'M' 'M' 'M' 'M' 'M'
 'M' 'M' 'M' 'U' 'M' 'M' 'M' 'M' 'M' 'M' 'M' 'M' 'M' 'M' 'M' 'M' 'M' 'M'
 'M' 'M' 'M' 'M' 'M' 'M' 'M' 'M' 'M' 'M' 'M' 'M' 'M' 'M' 'M' 'U' 'M' 'M'
 'M' 'M' 'M' 'M' 'M' 'M' 'M' 'M' 'M' 'M' 'M' 'M' 'M' 'M' 'M' 'M' 'M' 'M'
 'M' 'M' 'M' 'M' 'M' 'M' 'M' 'U' 'U' 'M' 'U' 'A' 'A' 'M' 'M' 'M' 'U' 'M'
 'M' 'M' 'M' 'M' 'M' 'M' 'M' 'M' 'M' 'M' 'M' 'M' 'M' 'M' 'M' 'M' 'U' 'M'
 'M' 'U' 'M' 'M' 'M' 'M' 'U' 'M' 'M' 'M' 'M' 'M' 'M' 'M' 'M' 'M' 'M' 'M'
 'M' 'M' 'M' 'M' 'M' 'M' 'M' 'U' 'U' 'M' 'M' 'U' 'M' 'M' 'M' 'M' 'M' 'M']"
23301,0,190,2,188,8,0,0,"['A' 'M' 'M' 'M' 'M' 'M' 'M' 'M' 'M' 'M' 'M' 'M' 'M' 'M' 'M' 'M' 'M' 'M'
 'M' 'M' 'M' 'M' 'M' 'M' 'M' 'M' 'M' 'M' 'M' 'M' 'M' 'M' 'M' 'M' 'M' 'M'
 'M' 'M' 'M' 'M' 'M' 'M' 'M' 'M' 'M' 'M' 'U' 'U' 'M' 'M' 'M' 'M' 'M' 'M'
 'M' 'M' 'M' 'M' 'M' 'M' 'M' 'M' 'M' 'M' 'M' 'M' 'M' 'M' 'M' 'U' 'M' 'M'
 'M' 'M' 'M' 'M' 'M' 'M' 'M' 'M' 'M' 'M' 'M' 'M' 'M' 'M' 'M' 'M' 'M' 'M'
 'M' 'M' 'M' 'M' 'M' 'M' 'M' 'M' 'M' 'M' 'M' 'M' 'M' 'M' 'M' 'M' 'M' 'M'
 'M' 'M' 'M' 'M' 'M' 'M' 'M' 'M' 'M' 'M' 'M' 'M' 'M' 'M' 'M' 'M' 'M' 'M'
 'M' 'M' 'M' 'M' 'M' 'M' 'M' 'U' 'U' 'M' 'U' 'A' 'U' 'M' 'M' 'M' 'M' 'M'
 'M' 'M' 'M' 'M' 'M' 'M' 'M' 'M' 'M' 'M' 'U' 'M' 'M' 'M' 'M' 'M' 'M' 'M'
 'M' 'M' 'M' 'M' 'M' 'M' 'M' 'M' 'M' 'M' 'M' 'M' 'M' 'M' 'M' 'M' 'M' 'M'
 'M' 'M' 'M' 'M' 'M' 'M' 'M' 'M' 'M' 'M' 'M' 'M' 'M' 'M' 'M' 'M' 'M' 'M']"
23401,0,190,1,189,8,0,0,"['A' 'M' 'M' 'U' 'M' 'M' 'M' 'M' 'M' 'M' 'M' 'M' 'M' 'M' 'M' 'M' 'M' 'M'
 'M' 'M' 'M' 'U' 'M' 'M' 'M' 'M' 'M' 'M' 'M' 'M' 'M' 'U' 'M' 'M' 'M' 'M'
 'M' 'M' 'M' 'M' 'M' 'M' 'M' 'M' 'M' 'M' 'M' 'M' 'M' 'M' 'M' 'M' 'M' 'M'
 'M' 'M' 'M' 'M' 'M' 'M' 'M' 'M' 'M' 'M' 'M' 'M' 'U' 'M' 'M' 'M' 'M' 'M'
 'M' 'M' 'M' 'M' 'M' 'M' 'M' 'M' 'M' 'M' 'M' 'M' 'M' 'M' 'M' 'M' 'M' 'M'
 'M' 'M' 'M' 'M' 'M' 'M' 'M' 'M' 'M' 'M' 'M' 'M' 'M' 'M' 'M' 'M' 'M' 'M'
 'M' 'M' 'M' 'M' 'M' 'M' 'M' 'M' 'M' 'M' 'M' 'M' 'M' 'M' 'M' 'M' 'M' 'M'
 'M' 'M' 'M' 'M' 'M' 'M' 'M' 'M' 'U' 'M' 'U' 'U' 'M' 'M' 'M' 'M' 'M' 'M'
 'M' 'M' 'M' 'M' 'M' 'M' 'M' 'M' 'M' 'M' 'U' 'M' 'M' 'M' 'M' 'M' 'M' 'M'
 'M' 'M' 'M' 'M' 'M' 'M' 'M' 'M' 'M' 'M' 'M' 'M' 'M' 'M' 'M' 'M' 'M' 'M'
 'M' 'M' 'M' 'M' 'M' 'M' 'M' 'M' 'M' 'M' 'M' 'M' 'M' 'M' 'M' 'M' 'M' 'M']"
23501,0,192,7,185,6,0,0,"['A' 'M' 'M' 'M' 'M' 'M' 'M' 'M' 'M' 'M' 'M' 'M' 'M' 'M' 'M' 'M' 'M' 'M'
 'M' 'M' 'M' 'M' 'M' 'M' 'M' 'M' 'M' 'M' 'M' 'M' 'M' 'U' 'M' 'M' 'M' 'M'
 'M' 'M' 'M' 'M' 'M' 'M' 'M' 'M' 'M' 'M' 'M' 'M' 'M' 'M' 'M' 'M' 'M' 'M'
 'M' 'M' 'M' 'M' 'M' 'M' 'M' 'M' 'M' 'U' 'M' 'M' 'M' 'M' 'M' 'M' 'M' 'M'
 'M' 'M' 'M' 'M' 'M' 'M' 'M' 'M' 'M' 'M' 'M' 'M' 'M' 'M' 'U' 'M' 'M' 'M'
 'M' 'M' 'M' 'M' 'M' 'M' 'M' 'M' 'M' 'M' 'M' 'M' 'M' 'M' 'M' 'M' 'M' 'M'
 'M' 'M' 'M' 'M' 'M' 'M' 'M' 'M' 'M' 'M' 'M' 'M' 'M' 'M' 'M' 'M' 'M' 'M'
 'M' 'M' 'M' 'M' 'M' 'A' 'A' 'A' 'A' 'A' 'A' 'U' 'U' 'M' 'M' 'M' 'M' 'M'
 'M' 'M' 'M' 'M' 'M' 'M' 'M' 'M' 'M' 'M' 'U' 'M' 'M' 'M' 'M' 'M' 'M' 'M'
 'M' 'M' 'M' 'M' 'M' 'M' 'M' 'M' 'M' 'M' 'M' 'M' 'M' 'M' 'M' 'M' 'M' 'M'
 'M' 'M' 'M' 'M' 'M' 'M' 'M' 'M' 'M' 'M' 'M' 'M' 'M' 'M' 'M' 'M' 'M' 'M']"
23601,0,190,5,185,8,0,0,"['A' 'M' 'M' 'M' 'M' 'M' 'M' 'M' 'M' 'M' 'M' 'U' 'M' 'M' 'M' 'M' 'M' 'M'
 'M' 'M' 'M' 'M' 'M' 'M' 'M' 'M' 'M' 'M' 'M' 'M' 'M' 'U' 'M' 'M' 'M' 'M'
 'M' 'M' 'M' 'M' 'M' 'M' 'M' 'M' 'M' 'M' 'M' 'M' 'M' 'M' 'M' 'M' 'M' 'M'
 'M' 'M' 'M' 'M' 'M' 'M' 'M' 'M' 'M' 'M' 'M' 'M' 'M' 'M' 'M' 'M' 'M' 'M'
 'M' 'M' 'M' 'M' 'M' 'M' 'M' 'M' 'U' 'M' 'M' 'M' 'M' 'M' 'M' 'M' 'M' 'M'
 'M' 'M' 'M' 'M' 'M' 'M' 'M' 'M' 'M' 'M' 'M' 'M' 'M' 'M' 'M' 'M' 'M' 'M'
 'M' 'M' 'M' 'M' 'M' 'M' 'M' 'M' 'M' 'M' 'M' 'M' 'M' 'M' 'M' 'M' 'M' 'M'
 'M' 'M' 'M' 'M' 'M' 'A' 'A' 'A' 'U' 'A' 'U' 'U' 'U' 'M' 'M' 'M' 'M' 'M'
 'M' 'M' 'M' 'M' 'M' 'M' 'M' 'M' 'M' 'M' 'U' 'M' 'M' 'M' 'M' 'M' 'M' 'M'
 'M' 'M' 'M' 'M' 'M' 'M' 'M' 'M' 'M' 'M' 'M' 'M' 'M' 'M' 'M' 'M' 'M' 'M'
 'M' 'M' 'M' 'M' 'M' 'M' 'M' 'M' 'M' 'M' 'M' 'M' 'M' 'M' 'M' 'M' 'M' 'M']"
23701,0,190,10,180,8,0,0,"['A' 'M' 'M' 'M' 'M' 'A' 'M' 'M' 'M' 'M' 'M' 'U' 'M' 'M' 'M' 'M' 'M' 'M'
 'M' 'M' 'M' 'M' 'M' 'M' 'M' 'M' 'M' 'M' 'M' 'M' 'M' 'U' 'M' 'M' 'M' 'M'
 'M' 'M' 'M' 'M' 'M' 'M' 'M' 'U' 'M' 'M' 'M' 'M' 'M' 'U' 'M' 'M' 'M' 'M'
 'M' 'M' 'M' 'M' 'M' 'M' 'M' 'M' 'M' 'M' 'M' 'M' 'U' 'M' 'M' 'M' 'M' 'M'
 'M' 'M' 'M' 'M' 'M' 'M' 'M' 'M' 'M' 'M' 'M' 'M' 'M' 'M' 'M' 'M' 'M' 'M'
 'M' 'M' 'M' 'M' 'M' 'M' 'M' 'M' 'M' 'M' 'M' 'M' 'M' 'M' 'M' 'M' 'M' 'M'
 'M' 'M' 'M' 'M' 'M' 'M' 'M' 'M' 'M' 'M' 'M' 'M' 'M' 'M' 'M' 'M' 'M' 'M'
 'M' 'M' 'M' 'M' 'M' 'A' 'A' 'A' 'A' 'A' 'A' 'A' 'A' 'M' 'M' 'M' 'M' 'M'
 'U' 'M' 'M' 'M' 'M' 'M' 'M' 'M' 'M' 'M' 'U' 'M' 'M' 'M' 'M' 'M' 'M' 'M'
 'M' 'M' 'M' 'M' 'M' 'M' 'M' 'M' 'M' 'M' 'M' 'M' 'U' 'M' 'M' 'M' 'M' 'M'
 'M' 'M' 'M' 'M' 'M' 'M' 'M' 'M' 'M' 'M' 'M' 'M' 'M' 'M' 'M' 'M' 'M' 'M']"
23801,1,190,9,181,8,0,0,"['A' 'M' 'M' 'M' 'M' 'A' 'M' 'M' 'M' 'M' 'M' 'U' 'M' 'M' 'M' 'M' 'M' 'M'
 'M' 'M' 'M' 'M' 'M' 'M' 'M' 'M' 'M' 'M' 'M' 'M' 'U' 'M' 'M' 'M' 'M' 'M'
 'M' 'M' 'M' 'M' 'M' 'M' 'M' 'U' 'M' 'M' 'M' 'M' 'M' 'M' 'M' 'M' 'M' 'M'
 'M' 'M' 'M' 'M' 'M' 'M' 'M' 'M' 'M' 'M' 'M' 'M' 'M' 'U' 'M' 'M' 'M' 'M'
 'M' 'M' 'M' 'M' 'M' 'M' 'M' 'M' 'M' 'M' 'M' 'M' 'M' 'M' 'M' 'M' 'M' 'M'
 'M' 'M' 'M' 'M' 'M' 'M' 'M' 'M' 'M' 'M' 'M' 'U' 'M' 'M' 'M' 'M' 'M' 'M'
 'M' 'M' 'M' 'M' 'M' 'M' 'M' 'M' 'M' 'M' 'U' 'M' 'M' 'M' 'M' 'M' 'M' 'M'
 'M' 'M' 'M' 'M' 'M' 'A' 'U' 'A' 'A' 'A' 'A' 'A' 'A' 'M' 'M' 'M' 'M' 'M'
 'U' 'M' 'M' 'M' 'M' 'M' 'M' 'M' 'M' 'M' 'M' 'M' 'M' 'M' 'M' 'M' 'M' 'M'
 'M' 'M' 'M' 'M' 'M' 'M' 'M' 'M' 'M' 'M' 'M' 'M' 'M' 'M' 'M' 'M' 'M' 'M'
 'M' 'M' 'M' 'M' 'M' 'M' 'M' 'M' 'M' 'M' 'M' 'M' 'M' 'M' 'M' 'M' 'M' 'M']"
23901,1,187,8,179,11,0,0,"['A' 'M' 'M' 'M' 'M' 'A' 'M' 'M' 'U' 'M' 'M' 'U' 'M' 'M' 'M' 'M' 'M' 'M'
 'M' 'M' 'M' 'M' 'M' 'M' 'M' 'M' 'M' 'M' 'U' 'M' 'M' 'M' 'M' 'M' 'M' 'M'
 'M' 'M' 'M' 'M' 'M' 'M' 'M' 'U' 'M' 'M' 'M' 'M' 'M' 'M' 'M' 'M' 'M' 'M'
 'M' 'M' 'M' 'M' 'M' 'M' 'M' 'U' 'M' 'M' 'M' 'M' 'U' 'M' 'M' 'M' 'M' 'M'
 'M' 'M' 'M' 'M' 'M' 'M' 'M' 'M' 'M' 'M' 'M' 'M' 'M' 'M' 'M' 'M' 'M' 'M'
 'M' 'M' 'M' 'M' 'M' 'M' 'M' 'M' 'M' 'M' 'M' 'U' 'M' 'M' 'M' 'M' 'M' 'M'
 'M' 'M' 'M' 'M' 'M' 'M' 'M' 'M' 'M' 'M' 'U' 'M' 'M' 'M' 'M' 'M' 'M' 'M'
 'M' 'M' 'M' 'M' 'M' 'A' 'A' 'U' 'A' 'U' 'A' 'A' 'A' 'M' 'M' 'M' 'M' 'M'
 'M' 'M' 'M' 'M' 'M' 'M' 'M' 'M' 'M' 'M' 'M' 'M' 'M' 'M' 'M' 'M' 'M' 'M'
 'M' 'M' 'M' 'M' 'M' 'M' 'M' 'M' 'M' 'M' 'U' 'M' 'M' 'M' 'M' 'M' 'M' 'M'
 'M' 'M' 'M' 'M' 'M' 'M' 'M' 'M' 'M' 'M' 'M' 'M' 'M' 'M' 'M' 'M' 'M' 'M']"
24001,0,186,8,178,12,0,0,"['A' 'M' 'M' 'M' 'M' 'M' 'M' 'M' 'U' 'M' 'M' 'U' 'U' 'M' 'M' 'M' 'M' 'M'
 'M' 'M' 'M' 'M' 'M' 'M' 'M' 'M' 'M' 'M' 'U' 'M' 'M' 'M' 'M' 'M' 'M' 'M'
 'M' 'M' 'M' 'M' 'M' 'M' 'M' 'U' 'M' 'M' 'M' 'M' 'M' 'M' 'M' 'M' 'M' 'M'
 'M' 'M' 'M' 'M' 'M' 'M' 'M' 'U' 'M' 'M' 'M' 'M' 'M' 'M' 'M' 'M' 'M' 'M'
 'M' 'M' 'M' 'M' 'M' 'M' 'M' 'M' 'M' 'M' 'M' 'M' 'M' 'M' 'M' 'M' 'M' 'M'
 'U' 'M' 'M' 'M' 'M' 'M' 'M' 'M' 'M' 'M' 'M' 'U' 'M' 'M' 'M' 'M' 'M' 'M'
 'M' 'M' 'M' 'M' 'M' 'M' 'M' 'M' 'M' 'M' 'U' 'M' 'M' 'M' 'M' 'M' 'M' 'M'
 'M' 'M' 'A' 'M' 'M' 'A' 'A' 'U' 'A' 'U' 'A' 'A' 'A' 'M' 'M' 'M' 'M' 'M'
 'M' 'M' 'M' 'M' 'M' 'M' 'M' 'M' 'M' 'M' 'M' 'M' 'M' 'M' 'M' 'M' 'M' 'M'
 'M' 'M' 'M' 'M' 'M' 'M' 'M' 'M' 'M' 'M' 'U' 'M' 'M' 'M' 'M' 'M' 'M' 'M'
 'M' 'M' 'M' 'M' 'M' 'M' 'M' 'M' 'M' 'M' 'M' 'M' 'M' 'M' 'M' 'M' 'M' 'M']"
24101,0,189,10,179,9,0,0,"['A' 'M' 'M' 'M' 'M' 'M' 'M' 'M' 'U' 'M' 'M' 'U' 'M' 'M' 'M' 'M' 'M' 'M'
 'U' 'M' 'M' 'M' 'M' 'M' 'M' 'M' 'M' 'M' 'U' 'M' 'M' 'M' 'M' 'M' 'M' 'M'
 'M' 'M' 'M' 'M' 'M' 'M' 'M' 'M' 'M' 'M' 'M' 'M' 'M' 'M' 'M' 'M' 'M' 'M'
 'M' 'M' 'M' 'M' 'M' 'M' 'M' 'M' 'M' 'M' 'M' 'M' 'M' 'M' 'M' 'M' 'M' 'M'
 'M' 'M' 'M' 'M' 'M' 'M' 'M' 'M' 'M' 'M' 'M' 'M' 'M' 'M' 'M' 'M' 'M' 'M'
 'M' 'M' 'M' 'M' 'U' 'M' 'M' 'M' 'M' 'M' 'M' 'U' 'M' 'M' 'M' 'M' 'M' 'M'
 'M' 'M' 'M' 'M' 'M' 'M' 'M' 'M' 'M' 'M' 'M' 'M' 'M' 'M' 'M' 'M' 'M' 'M'
 'U' 'M' 'A' 'M' 'M' 'A' 'A' 'A' 'A' 'A' 'A' 'A' 'A' 'M' 'M' 'M' 'M' 'M'
 'M' 'M' 'M' 'M' 'M' 'M' 'M' 'M' 'M' 'M' 'M' 'M' 'M' 'U' 'M' 'M' 'M' 'M'
 'M' 'M' 'M' 'M' 'M' 'M' 'M' 'M' 'M' 'M' 'U' 'M' 'M' 'M' 'M' 'M' 'M' 'M'
 'M' 'M' 'M' 'M' 'M' 'M' 'M' 'M' 'M' 'M' 'M' 'M' 'M' 'M' 'M' 'M' 'M' 'M']"
24201,0,184,9,175,14,0,0,"['A' 'M' 'M' 'M' 'M' 'M' 'M' 'M' 'U' 'M' 'M' 'M' 'M' 'M' 'M' 'U' 'M' 'M'
 'U' 'M' 'M' 'M' 'M' 'U' 'M' 'M' 'M' 'M' 'M' 'M' 'M' 'M' 'M' 'M' 'M' 'M'
 'M' 'M' 'M' 'M' 'M' 'U' 'M' 'M' 'M' 'M' 'M' 'M' 'M' 'M' 'M' 'M' 'M' 'M'
 'M' 'M' 'M' 'M' 'M' 'M' 'M' 'M' 'M' 'U' 'M' 'M' 'M' 'M' 'M' 'M' 'M' 'M'
 'M' 'M' 'M' 'M' 'M' 'M' 'M' 'M' 'M' 'M' 'M' 'M' 'M' 'M' 'M' 'M' 'M' 'M'
 'U' 'M' 'M' 'M' 'M' 'M' 'M' 'M' 'U' 'M' 'M' 'U' 'M' 'M' 'M' 'M' 'M' 'M'
 'M' 'M' 'M' 'M' 'M' 'M' 'M' 'M' 'M' 'M' 'M' 'M' 'M' 'M' 'M' 'M' 'M' 'M'
 'U' 'M' 'A' 'M' 'M' 'A' 'A' 'A' 'U' 'A' 'A' 'A' 'A' 'M' 'M' 'M' 'M' 'M'
 'M' 'M' 'M' 'M' 'M' 'M' 'M' 'M' 'M' 'M' 'M' 'M' 'M' 'M' 'M' 'M' 'M' 'M'
 'M' 'M' 'M' 'M' 'M' 'M' 'M' 'M' 'M' 'M' 'U' 'M' 'M' 'M' 'U' 'U' 'M' 'M'
 'M' 'M' 'M' 'M' 'M' 'M' 'M' 'M' 'M' 'M' 'M' 'M' 'M' 'M' 'M' 'M' 'M' 'M']"
24301,0,183,8,175,15,0,0,"['A' 'M' 'M' 'M' 'M' 'M' 'M' 'M' 'U' 'M' 'M' 'M' 'M' 'M' 'M' 'U' 'M' 'M'
 'U' 'M' 'M' 'M' 'M' 'M' 'M' 'M' 'M' 'M' 'M' 'M' 'M' 'M' 'M' 'M' 'M' 'U'
 'M' 'M' 'M' 'M' 'M' 'M' 'M' 'M' 'M' 'M' 'M' 'M' 'M' 'M' 'M' 'M' 'M' 'M'
 'M' 'M' 'M' 'M' 'M' 'M' 'M' 'M' 'M' 'U' 'M' 'M' 'M' 'M' 'M' 'M' 'M' 'M'
 'M' 'M' 'M' 'M' 'M' 'M' 'M' 'M' 'M' 'M' 'M' 'M' 'M' 'M' 'U' 'M' 'M' 'M'
 'M' 'M' 'M' 'M' 'M' 'M' 'M' 'M' 'U' 'M' 'M' 'M' 'U' 'M' 'M' 'M' 'M' 'M'
 'M' 'M' 'M' 'M' 'M' 'M' 'M' 'M' 'M' 'M' 'M' 'M' 'M' 'M' 'M' 'M' 'M' 'M'
 'U' 'M' 'A' 'M' 'M' 'A' 'U' 'A' 'U' 'A' 'A' 'A' 'A' 'M' 'M' 'M' 'M' 'M'
 'M' 'M' 'M' 'M' 'M' 'M' 'M' 'M' 'M' 'M' 'M' 'M' 'M' 'M' 'M' 'M' 'M' 'M'
 'M' 'M' 'M' 'M' 'M' 'M' 'M' 'M' 'M' 'M' 'U' 'M' 'M' 'M' 'U' 'U' 'M' 'M'
 'M' 'M' 'M' 'M' 'M' 'M' 'M' 'M' 'M' 'M' 'M' 'M' 'M' 'U' 'M' 'M' 'M' 'M']"
24401,0,183,6,177,15,0,0,"['A' 'M' 'M' 'M' 'M' 'M' 'M' 'M' 'U' 'M' 'M' 'M' 'M' 'M' 'M' 'M' 'M' 'M'
 'U' 'M' 'M' 'M' 'M' 'M' 'M' 'M' 'M' 'M' 'M' 'M' 'M' 'M' 'M' 'M' 'M' 'M'
 'M' 'M' 'M' 'M' 'M' 'M' 'M' 'M' 'M' 'M' 'M' 'M' 'M' 'U' 'M' 'M' 'M' 'M'
 'M' 'M' 'M' 'M' 'M' 'M' 'M' 'M' 'M' 'U' 'M' 'M' 'M' 'M' 'M' 'M' 'M' 'M'
 'M' 'M' 'M' 'M' 'M' 'M' 'M' 'M' 'M' 'M' 'U' 'M' 'M' 'M' 'M' 'M' 'M' 'M'
 'M' 'M' 'M' 'M' 'M' 'M' 'M' 'M' 'U' 'M' 'M' 'M' 'U' 'M' 'M' 'M' 'U' 'M'
 'M' 'M' 'M' 'M' 'M' 'M' 'M' 'M' 'M' 'M' 'M' 'M' 'M' 'M' 'M' 'M' 'M' 'M'
 'U' 'M' 'A' 'M' 'M' 'A' 'M' 'A' 'M' 'A' 'U' 'U' 'A' 'M' 'M' 'M' 'M' 'M'
 'M' 'M' 'M' 'M' 'M' 'M' 'M' 'M' 'M' 'M' 'M' 'M' 'M' 'M' 'M' 'M' 'M' 'U'
 'M' 'M' 'M' 'M' 'M' 'M' 'M' 'M' 'M' 'M' 'U' 'M' 'M' 'M' 'M' 'U' 'M' 'M'
 'M' 'M' 'M' 'M' 'M' 'M' 'M' 'M' 'M' 'M' 'M' 'M' 'M' 'U' 'M' 'M' 'M' 'M']"
24501,1,184,6,178,14,0,0,"['A' 'M' 'M' 'M' 'M' 'M' 'M' 'M' 'U' 'M' 'M' 'M' 'M' 'M' 'M' 'M' 'M' 'M'
 'U' 'M' 'M' 'M' 'M' 'M' 'M' 'M' 'M' 'M' 'U' 'M' 'M' 'M' 'M' 'M' 'M' 'M'
 'M' 'M' 'M' 'M' 'M' 'M' 'M' 'M' 'M' 'M' 'M' 'M' 'M' 'M' 'M' 'M' 'U' 'M'
 'M' 'M' 'M' 'M' 'M' 'M' 'M' 'M' 'M' 'M' 'M' 'M' 'M' 'M' 'M' 'M' 'M' 'M'
 'M' 'M' 'M' 'M' 'M' 'M' 'M' 'M' 'M' 'M' 'M' 'M' 'M' 'U' 'M' 'M' 'M' 'M'
 'M' 'M' 'M' 'M' 'M' 'M' 'M' 'M' 'U' 'M' 'M' 'M' 'U' 'M' 'M' 'M' 'U' 'M'
 'M' 'M' 'M' 'M' 'M' 'M' 'M' 'M' 'M' 'M' 'M' 'M' 'M' 'M' 'M' 'M' 'M' 'M'
 'M' 'M' 'A' 'M' 'M' 'M' 'U' 'A' 'A' 'U' 'U' 'A' 'A' 'M' 'M' 'M' 'M' 'M'
 'M' 'M' 'M' 'M' 'M' 'M' 'M' 'M' 'M' 'M' 'M' 'M' 'M' 'M' 'M' 'M' 'M' 'M'
 'M' 'M' 'M' 'M' 'M' 'M' 'M' 'M' 'M' 'M' 'U' 'M' 'M' 'M' 'M' 'U' 'M' 'M'
 'M' 'M' 'M' 'M' 'M' 'M' 'M' 'M' 'M' 'M' 'M' 'M' 'M' 'U' 'M' 'M' 'M' 'M']"
24601,1,185,8,177,13,0,0,"['A' 'M' 'M' 'M' 'M' 'M' 'M' 'M' 'U' 'M' 'M' 'M' 'M' 'M' 'M' 'M' 'M' 'M'
 'U' 'M' 'M' 'M' 'M' 'M' 'M' 'M' 'M' 'M' 'U' 'M' 'M' 'M' 'M' 'M' 'M' 'M'
 'M' 'M' 'M' 'M' 'M' 'M' 'M' 'M' 'M' 'M' 'M' 'M' 'M' 'M' 'M' 'M' 'U' 'M'
 'M' 'M' 'M' 'M' 'M' 'M' 'M' 'M' 'M' 'M' 'M' 'M' 'M' 'M' 'M' 'M' 'M' 'M'
 'M' 'M' 'M' 'M' 'M' 'M' 'M' 'M' 'M' 'M' 'M' 'M' 'M' 'M' 'M' 'M' 'M' 'M'
 'M' 'U' 'M' 'M' 'M' 'M' 'M' 'M' 'M' 'M' 'M' 'M' 'U' 'M' 'M' 'M' 'U' 'M'
 'M' 'M' 'M' 'M' 'M' 'M' 'M' 'M' 'M' 'M' 'M' 'M' 'M' 'M' 'M' 'M' 'M' 'M'
 'M' 'M' 'A' 'M' 'M' 'A' 'A' 'A' 'U' 'A' 'A' 'A' 'U' 'M' 'M' 'M' 'M' 'M'
 'M' 'M' 'M' 'M' 'M' 'M' 'M' 'M' 'M' 'M' 'M' 'M' 'M' 'M' 'M' 'M' 'M' 'M'
 'M' 'M' 'M' 'M' 'M' 'M' 'M' 'M' 'M' 'M' 'U' 'M' 'M' 'U' 'M' 'M' 'M' 'M'
 'M' 'M' 'M' 'M' 'M' 'M' 'M' 'M' 'M' 'M' 'M' 'M' 'M' 'U' 'M' 'M' 'U' 'M']"
24701,0,184,10,174,14,0,0,"['A' 'M' 'M' 'M' 'M' 'M' 'M' 'U' 'M' 'M' 'M' 'M' 'M' 'M' 'M' 'M' 'M' 'M'
 'U' 'M' 'U' 'M' 'M' 'M' 'M' 'M' 'M' 'M' 'U' 'M' 'M' 'M' 'M' 'M' 'M' 'M'
 'M' 'M' 'M' 'M' 'M' 'M' 'M' 'M' 'M' 'M' 'M' 'M' 'M' 'M' 'M' 'M' 'U' 'M'
 'M' 'M' 'M' 'M' 'M' 'M' 'M' 'M' 'M' 'M' 'M' 'M' 'M' 'M' 'M' 'M' 'U' 'M'
 'M' 'M' 'M' 'M' 'M' 'M' 'M' 'M' 'M' 'M' 'M' 'M' 'M' 'M' 'M' 'M' 'M' 'M'
 'M' 'M' 'M' 'M' 'M' 'M' 'M' 'M' 'M' 'M' 'U' 'M' 'U' 'M' 'M' 'M' 'U' 'M'
 'M' 'M' 'M' 'M' 'U' 'M' 'M' 'U' 'M' 'M' 'M' 'M' 'M' 'M' 'M' 'M' 'M' 'M'
 'M' 'M' 'A' 'M' 'M' 'A' 'A' 'A' 'A' 'A' 'U' 'A' 'A' 'M' 'M' 'M' 'M' 'M'
 'M' 'M' 'M' 'M' 'M' 'M' 'M' 'M' 'M' 'M' 'M' 'M' 'M' 'M' 'M' 'M' 'M' 'M'
 'M' 'M' 'M' 'M' 'M' 'M' 'M' 'M' 'M' 'M' 'U' 'M' 'M' 'M' 'M' 'M' 'M' 'M'
 'M' 'M' 'M' 'M' 'M' 'M' 'M' 'M' 'M' 'U' 'M' 'M' 'M' 'M' 'M' 'M' 'A' 'M']"
24801,1,182,8,174,16,0,0,"['A' 'M' 'M' 'M' 'M' 'M' 'M' 'U' 'M' 'M' 'M' 'M' 'M' 'M' 'M' 'U' 'M' 'M'
 'U' 'M' 'M' 'M' 'M' 'M' 'M' 'M' 'M' 'M' 'U' 'M' 'M' 'M' 'M' 'M' 'M' 'M'
 'M' 'M' 'U' 'M' 'M' 'M' 'M' 'M' 'M' 'M' 'M' 'M' 'M' 'M' 'M' 'M' 'U' 'M'
 'M' 'M' 'M' 'M' 'M' 'M' 'M' 'M' 'M' 'M' 'M' 'M' 'M' 'M' 'M' 'M' 'M' 'M'
 'M' 'M' 'M' 'M' 'U' 'M' 'M' 'M' 'M' 'M' 'M' 'M' 'M' 'M' 'M' 'M' 'M' 'M'
 'M' 'M' 'M' 'M' 'M' 'M' 'M' 'M' 'M' 'M' 'U' 'M' 'M' 'M' 'M' 'M' 'U' 'M'
 'M' 'M' 'M' 'U' 'U' 'M' 'M' 'U' 'M' 'M' 'M' 'M' 'M' 'M' 'M' 'M' 'M' 'M'
 'M' 'M' 'U' 'M' 'M' 'A' 'A' 'A' 'A' 'A' 'U' 'A' 'A' 'M' 'M' 'M' 'M' 'M'
 'M' 'M' 'M' 'M' 'M' 'M' 'M' 'M' 'M' 'M' 'M' 'M' 'M' 'M' 'M' 'M' 'M' 'M'
 'M' 'M' 'M' 'M' 'M' 'M' 'M' 'M' 'M' 'M' 'U' 'M' 'M' 'M' 'M' 'M' 'M' 'M'
 'M' 'M' 'M' 'M' 'M' 'M' 'M' 'M' 'U' 'M' 'M' 'M' 'M' 'M' 'M' 'M' 'M' 'M']"
24901,0,182,6,176,16,0,1,"['A' 'M' 'M' 'M' 'M' 'M' 'M' 'U' 'M' 'M' 'M' 'M' 'M' 'M' 'M' 'U' 'M' 'M'
 'M' 'M' 'M' 'M' 'M' 'M' 'M' 'M' 'M' 'M' 'M' 'M' 'M' 'M' 'M' 'M' 'M' 'M'
 'M' 'M' 'U' 'M' 'M' 'M' 'M' 'M' 'M' 'M' 'M' 'M' 'M' 'M' 'M' 'M' 'M' 'M'
 'M' 'M' 'M' 'M' 'M' 'M' 'M' 'M' 'M' 'M' 'M' 'M' 'M' 'M' 'M' 'M' 'M' 'M'
 'M' 'M' 'M' 'M' 'M' 'M' 'U' 'M' 'M' 'M' 'M' 'M' 'M' 'M' 'M' 'M' 'M' 'M'
 'M' 'M' 'M' 'M' 'M' 'U' 'U' 'M' 'M' 'M' 'U' 'M' 'M' 'M' 'M' 'M' 'U' 'M'
 'M' 'M' 'M' 'M' 'U' 'M' 'M' 'U' 'M' 'U' 'M' 'M' 'M' 'M' 'M' 'M' 'M' 'M'
 'M' 'M' 'U' 'M' 'M' 'A' 'U' 'A' 'A' 'A' 'A' 'U' 'U' 'M' 'M' 'M' 'M' 'M'
 'M' 'M' 'M' 'M' 'M' 'M' 'M' 'M' 'M' 'M' 'M' 'M' 'M' 'M' 'M' 'M' 'M' 'M'
 'M' 'M' 'M' 'M' 'M' 'M' 'M' 'M' 'M' 'M' 'M' 'M' 'M' 'M' 'M' 'M' 'M' 'M'
 'M' 'M' 'M' 'M' 'M' 'M' 'M' 'M' 'U' 'M' 'M' 'M' 'M' 'M' 'M' 'M' 'M' 'M']"
25001,0,182,5,177,16,0,0,"['A' 'M' 'M' 'M' 'M' 'M' 'M' 'U' 'M' 'M' 'M' 'M' 'M' 'M' 'M' 'U' 'M' 'M'
 'M' 'M' 'M' 'M' 'M' 'M' 'M' 'M' 'M' 'M' 'M' 'M' 'M' 'M' 'M' 'M' 'M' 'M'
 'M' 'M' 'U' 'M' 'M' 'M' 'M' 'M' 'M' 'M' 'M' 'M' 'M' 'M' 'M' 'M' 'M' 'M'
 'M' 'M' 'M' 'M' 'M' 'M' 'M' 'M' 'M' 'M' 'M' 'U' 'M' 'M' 'M' 'M' 'M' 'M'
 'M' 'M' 'M' 'M' 'M' 'M' 'M' 'M' 'M' 'M' 'M' 'M' 'M' 'M' 'M' 'M' 'M' 'M'
 'M' 'M' 'M' 'M' 'M' 'U' 'U' 'M' 'M' 'M' 'U' 'M' 'M' 'M' 'M' 'M' 'U' 'M'
 'M' 'M' 'M' 'M' 'M' 'M' 'M' 'U' 'M' 'U' 'M' 'M' 'M' 'M' 'M' 'M' 'M' 'M'
 'M' 'M' 'U' 'M' 'M' 'A' 'U' 'A' 'A' 'A' 'U' 'U' 'M' 'M' 'M' 'M' 'M' 'M'
 'M' 'M' 'M' 'M' 'M' 'M' 'M' 'M' 'M' 'M' 'M' 'M' 'M' 'M' 'M' 'M' 'M' 'M'
 'M' 'M' 'M' 'M' 'M' 'M' 'M' 'M' 'M' 'M' 'M' 'M' 'M' 'M' 'U' 'M' 'M' 'M'
 'M' 'M' 'M' 'M' 'M' 'M' 'M' 'M' 'U' 'M' 'M' 'M' 'M' 'M' 'M' 'M' 'M' 'M']"
25101,1,187,6,181,11,0,0,"['A' 'M' 'M' 'M' 'M' 'M' 'M' 'U' 'M' 'M' 'M' 'M' 'M' 'M' 'M' 'M' 'M' 'M'
 'M' 'M' 'M' 'M' 'M' 'M' 'M' 'M' 'M' 'M' 'M' 'M' 'M' 'M' 'M' 'M' 'M' 'M'
 'M' 'M' 'M' 'M' 'M' 'M' 'M' 'M' 'M' 'M' 'M' 'M' 'M' 'M' 'M' 'M' 'M' 'M'
 'M' 'M' 'M' 'M' 'M' 'M' 'M' 'M' 'M' 'M' 'M' 'M' 'M' 'M' 'M' 'M' 'M' 'M'
 'M' 'M' 'M' 'U' 'M' 'M' 'M' 'M' 'M' 'M' 'M' 'M' 'M' 'M' 'M' 'M' 'M' 'M'
 'M' 'M' 'M' 'M' 'M' 'U' 'U' 'M' 'M' 'M' 'M' 'M' 'M' 'M' 'M' 'M' 'M' 'M'
 'M' 'M' 'M' 'M' 'M' 'M' 'M' 'U' 'M' 'U' 'M' 'M' 'M' 'M' 'M' 'M' 'M' 'M'
 'M' 'M' 'M' 'M' 'U' 'A' 'U' 'A' 'A' 'A' 'U' 'A' 'U' 'M' 'M' 'M' 'M' 'M'
 'M' 'M' 'M' 'M' 'M' 'M' 'M' 'M' 'M' 'M' 'M' 'M' 'M' 'M' 'M' 'M' 'M' 'M'
 'M' 'M' 'M' 'M' 'M' 'M' 'M' 'M' 'M' 'M' 'M' 'M' 'M' 'M' 'U' 'M' 'M' 'M'
 'M' 'M' 'M' 'M' 'M' 'M' 'M' 'M' 'M' 'M' 'M' 'M' 'M' 'M' 'M' 'M' 'M' 'M']"
25201,0,189,6,183,9,0,0,"['A' 'M' 'M' 'M' 'M' 'M' 'M' 'M' 'M' 'M' 'M' 'M' 'M' 'M' 'M' 'M' 'M' 'M'
 'M' 'M' 'M' 'M' 'M' 'M' 'M' 'M' 'M' 'M' 'M' 'M' 'M' 'M' 'M' 'M' 'M' 'M'
 'M' 'M' 'M' 'M' 'M' 'M' 'M' 'M' 'M' 'M' 'M' 'M' 'M' 'M' 'M' 'M' 'M' 'M'
 'M' 'M' 'M' 'M' 'M' 'M' 'M' 'M' 'M' 'M' 'M' 'M' 'M' 'M' 'M' 'M' 'M' 'M'
 'M' 'M' 'U' 'M' 'M' 'M' 'M' 'M' 'M' 'M' 'M' 'M' 'M' 'M' 'M' 'M' 'M' 'M'
 'M' 'M' 'M' 'M' 'M' 'U' 'U' 'U' 'M' 'M' 'M' 'M' 'M' 'M' 'M' 'M' 'M' 'M'
 'M' 'M' 'M' 'M' 'M' 'M' 'M' 'M' 'M' 'M' 'M' 'M' 'M' 'M' 'U' 'M' 'M' 'M'
 'M' 'M' 'M' 'M' 'M' 'A' 'U' 'U' 'A' 'A' 'U' 'A' 'A' 'M' 'M' 'M' 'M' 'M'
 'M' 'M' 'M' 'M' 'M' 'M' 'M' 'M' 'M' 'M' 'M' 'M' 'M' 'M' 'M' 'M' 'M' 'M'
 'M' 'M' 'M' 'M' 'M' 'M' 'M' 'M' 'M' 'M' 'M' 'M' 'M' 'M' 'U' 'M' 'M' 'M'
 'M' 'M' 'M' 'M' 'M' 'M' 'M' 'M' 'M' 'M' 'M' 'M' 'M' 'M' 'M' 'M' 'M' 'M']"
25301,0,189,6,183,9,0,0,"['A' 'M' 'M' 'M' 'M' 'M' 'M' 'M' 'M' 'M' 'M' 'M' 'M' 'M' 'M' 'U' 'M' 'M'
 'M' 'M' 'M' 'M' 'M' 'M' 'M' 'M' 'M' 'M' 'M' 'M' 'M' 'M' 'M' 'M' 'M' 'M'
 'M' 'M' 'M' 'M' 'M' 'M' 'M' 'M' 'M' 'M' 'M' 'M' 'M' 'M' 'M' 'M' 'M' 'M'
 'M' 'M' 'M' 'M' 'M' 'M' 'M' 'M' 'M' 'M' 'M' 'M' 'M' 'M' 'M' 'M' 'M' 'M'
 'U' 'M' 'M' 'M' 'M' 'M' 'M' 'M' 'M' 'M' 'M' 'M' 'M' 'M' 'M' 'M' 'M' 'M'
 'M' 'M' 'M' 'M' 'M' 'M' 'U' 'U' 'M' 'M' 'M' 'M' 'M' 'M' 'M' 'M' 'M' 'M'
 'M' 'M' 'U' 'M' 'M' 'M' 'M' 'M' 'M' 'M' 'M' 'M' 'M' 'M' 'U' 'M' 'M' 'M'
 'M' 'M' 'M' 'M' 'M' 'U' 'A' 'U' 'A' 'A' 'A' 'U' 'A' 'M' 'M' 'M' 'M' 'M'
 'M' 'M' 'M' 'M' 'M' 'M' 'M' 'M' 'M' 'M' 'M' 'M' 'M' 'M' 'M' 'M' 'M' 'M'
 'M' 'M' 'M' 'M' 'M' 'M' 'M' 'M' 'M' 'M' 'M' 'M' 'M' 'M' 'M' 'M' 'M' 'M'
 'M' 'M' 'M' 'M' 'M' 'M' 'M' 'M' 'M' 'M' 'M' 'M' 'M' 'M' 'M' 'M' 'M' 'M']"
25401,0,191,8,183,7,0,0,"['A' 'M' 'M' 'M' 'M' 'M' 'M' 'M' 'M' 'M' 'M' 'M' 'M' 'M' 'M' 'M' 'M' 'M'
 'M' 'M' 'M' 'M' 'M' 'M' 'M' 'M' 'M' 'M' 'M' 'M' 'M' 'M' 'M' 'M' 'M' 'M'
 'M' 'M' 'M' 'M' 'M' 'M' 'M' 'M' 'M' 'M' 'M' 'M' 'M' 'M' 'M' 'M' 'M' 'M'
 'M' 'M' 'M' 'M' 'M' 'M' 'M' 'M' 'M' 'M' 'M' 'M' 'M' 'M' 'M' 'M' 'M' 'M'
 'M' 'M' 'M' 'M' 'M' 'U' 'M' 'M' 'M' 'M' 'M' 'M' 'M' 'M' 'M' 'M' 'M' 'M'
 'M' 'M' 'M' 'M' 'M' 'M' 'U' 'M' 'M' 'M' 'M' 'M' 'M' 'M' 'M' 'M' 'M' 'M'
 'M' 'M' 'U' 'M' 'M' 'U' 'M' 'M' 'M' 'M' 'M' 'M' 'M' 'M' 'U' 'M' 'M' 'M'
 'M' 'M' 'M' 'M' 'M' 'A' 'U' 'A' 'A' 'A' 'A' 'A' 'A' 'M' 'M' 'M' 'M' 'M'
 'M' 'M' 'M' 'M' 'M' 'M' 'M' 'M' 'M' 'M' 'M' 'M' 'M' 'M' 'M' 'M' 'M' 'M'
 'M' 'M' 'M' 'M' 'M' 'M' 'M' 'M' 'M' 'M' 'M' 'M' 'M' 'M' 'M' 'M' 'M' 'M'
 'M' 'M' 'M' 'M' 'M' 'M' 'M' 'M' 'M' 'M' 'M' 'M' 'M' 'M' 'M' 'M' 'M' 'U']"
25501,0,189,6,183,9,0,0,"['A' 'M' 'M' 'M' 'M' 'M' 'M' 'M' 'M' 'M' 'M' 'M' 'M' 'M' 'M' 'M' 'M' 'M'
 'M' 'M' 'M' 'M' 'M' 'M' 'M' 'M' 'M' 'M' 'M' 'M' 'M' 'M' 'M' 'M' 'M' 'M'
 'M' 'M' 'M' 'M' 'M' 'M' 'M' 'M' 'M' 'M' 'M' 'M' 'M' 'M' 'M' 'M' 'M' 'M'
 'M' 'M' 'M' 'M' 'M' 'M' 'M' 'M' 'M' 'M' 'M' 'M' 'M' 'M' 'M' 'M' 'M' 'M'
 'M' 'M' 'M' 'M' 'M' 'M' 'M' 'M' 'M' 'M' 'M' 'M' 'M' 'M' 'M' 'M' 'M' 'M'
 'M' 'M' 'U' 'M' 'M' 'M' 'U' 'M' 'M' 'M' 'M' 'M' 'M' 'M' 'M' 'M' 'M' 'U'
 'M' 'M' 'M' 'M' 'M' 'M' 'M' 'M' 'M' 'M' 'M' 'M' 'M' 'M' 'U' 'M' 'M' 'M'
 'M' 'M' 'M' 'M' 'M' 'A' 'A' 'A' 'A' 'U' 'U' 'A' 'U' 'M' 'M' 'M' 'M' 'M'
 'M' 'M' 'M' 'M' 'M' 'M' 'M' 'M' 'M' 'M' 'M' 'M' 'M' 'M' 'M' 'M' 'M' 'M'
 'M' 'M' 'M' 'U' 'M' 'M' 'M' 'M' 'M' 'M' 'M' 'M' 'M' 'M' 'M' 'M' 'M' 'M'
 'M' 'M' 'M' 'M' 'M' 'M' 'M' 'M' 'M' 'M' 'M' 'M' 'M' 'M' 'M' 'M' 'M' 'U']"
25601,0,189,9,180,9,0,0,"['A' 'M' 'M' 'M' 'M' 'M' 'U' 'M' 'M' 'M' 'M' 'M' 'U' 'M' 'M' 'M' 'M' 'M'
 'M' 'M' 'M' 'M' 'M' 'M' 'M' 'M' 'M' 'M' 'M' 'M' 'M' 'M' 'M' 'M' 'M' 'M'
 'M' 'M' 'M' 'M' 'M' 'M' 'M' 'M' 'U' 'M' 'M' 'M' 'M' 'M' 'M' 'M' 'M' 'M'
 'M' 'M' 'M' 'M' 'M' 'M' 'M' 'M' 'M' 'M' 'M' 'M' 'M' 'M' 'M' 'M' 'M' 'M'
 'M' 'M' 'U' 'M' 'M' 'M' 'M' 'M' 'M' 'M' 'M' 'M' 'M' 'M' 'M' 'M' 'M' 'M'
 'M' 'M' 'M' 'M' 'M' 'M' 'U' 'M' 'M' 'M' 'M' 'M' 'M' 'M' 'M' 'M' 'M' 'M'
 'M' 'M' 'M' 'M' 'M' 'M' 'M' 'M' 'M' 'M' 'M' 'M' 'U' 'M' 'M' 'M' 'M' 'M'
 'M' 'M' 'M' 'M' 'M' 'A' 'A' 'A' 'A' 'A' 'A' 'A' 'A' 'M' 'M' 'M' 'M' 'M'
 'M' 'M' 'M' 'M' 'M' 'M' 'M' 'M' 'M' 'M' 'M' 'M' 'M' 'M' 'M' 'M' 'M' 'M'
 'M' 'M' 'M' 'M' 'M' 'M' 'M' 'M' 'M' 'M' 'M' 'M' 'M' 'M' 'M' 'M' 'M' 'U'
 'M' 'M' 'M' 'M' 'M' 'M' 'M' 'M' 'M' 'M' 'M' 'M' 'M' 'U' 'M' 'M' 'M' 'U']"
25701,0,183,7,176,15,0,0,"['A' 'M' 'M' 'M' 'M' 'M' 'U' 'M' 'M' 'M' 'M' 'M' 'U' 'M' 'M' 'M' 'M' 'M'
 'M' 'M' 'M' 'M' 'M' 'M' 'M' 'M' 'M' 'M' 'M' 'M' 'M' 'M' 'M' 'M' 'M' 'M'
 'M' 'M' 'M' 'M' 'M' 'M' 'M' 'M' 'U' 'M' 'M' 'M' 'M' 'M' 'M' 'M' 'M' 'M'
 'M' 'M' 'M' 'M' 'M' 'M' 'M' 'M' 'M' 'M' 'M' 'M' 'M' 'M' 'M' 'M' 'M' 'M'
 'M' 'M' 'U' 'M' 'M' 'M' 'M' 'M' 'M' 'M' 'M' 'M' 'M' 'M' 'M' 'M' 'M' 'M'
 'M' 'M' 'M' 'M' 'M' 'M' 'U' 'M' 'M' 'M' 'M' 'M' 'M' 'M' 'M' 'M' 'M' 'M'
 'M' 'M' 'M' 'M' 'M' 'M' 'M' 'U' 'M' 'U' 'M' 'M' 'M' 'M' 'M' 'M' 'M' 'M'
 'M' 'U' 'M' 'M' 'M' 'U' 'A' 'A' 'U' 'U' 'A' 'A' 'A' 'M' 'M' 'M' 'M' 'M'
 'M' 'M' 'M' 'M' 'M' 'M' 'M' 'M' 'M' 'U' 'M' 'M' 'M' 'M' 'M' 'U' 'M' 'M'
 'M' 'M' 'M' 'M' 'M' 'M' 'M' 'M' 'A' 'M' 'M' 'M' 'M' 'M' 'M' 'M' 'M' 'U'
 'M' 'M' 'M' 'M' 'M' 'M' 'M' 'M' 'M' 'M' 'M' 'M' 'M' 'U' 'M' 'M' 'M' 'M']"
25801,1,187,8,179,11,0,0,"['A' 'M' 'M' 'M' 'M' 'M' 'U' 'M' 'M' 'M' 'M' 'M' 'M' 'M' 'M' 'M' 'M' 'M'
 'M' 'M' 'M' 'M' 'M' 'M' 'M' 'M' 'M' 'M' 'M' 'M' 'M' 'M' 'M' 'M' 'M' 'M'
 'M' 'M' 'M' 'M' 'M' 'M' 'M' 'M' 'M' 'M' 'M' 'M' 'M' 'M' 'M' 'M' 'M' 'M'
 'M' 'M' 'M' 'M' 'M' 'M' 'M' 'M' 'M' 'M' 'M' 'M' 'M' 'M' 'M' 'M' 'M' 'M'
 'M' 'M' 'M' 'M' 'M' 'M' 'M' 'M' 'M' 'M' 'M' 'M' 'M' 'M' 'M' 'M' 'M' 'U'
 'M' 'M' 'M' 'M' 'M' 'M' 'U' 'M' 'M' 'M' 'M' 'M' 'M' 'M' 'M' 'M' 'M' 'M'
 'M' 'M' 'M' 'M' 'M' 'M' 'M' 'M' 'M' 'A' 'M' 'M' 'M' 'M' 'U' 'M' 'M' 'M'
 'M' 'U' 'M' 'M' 'M' 'A' 'A' 'A' 'A' 'A' 'M' 'M' 'A' 'M' 'M' 'U' 'M' 'M'
 'M' 'M' 'M' 'M' 'M' 'U' 'M' 'M' 'M' 'M' 'M' 'M' 'M' 'M' 'M' 'U' 'M' 'M'
 'M' 'M' 'M' 'M' 'M' 'M' 'M' 'M' 'U' 'M' 'M' 'M' 'M' 'M' 'M' 'M' 'M' 'U'
 'M' 'M' 'M' 'M' 'M' 'M' 'M' 'M' 'M' 'M' 'M' 'M' 'M' 'U' 'M' 'M' 'M' 'M']"
25901,0,183,7,176,15,0,0,"['A' 'M' 'M' 'M' 'M' 'M' 'U' 'M' 'M' 'M' 'M' 'M' 'M' 'M' 'M' 'M' 'M' 'M'
 'M' 'M' 'M' 'M' 'M' 'M' 'M' 'M' 'M' 'M' 'M' 'M' 'M' 'M' 'M' 'M' 'M' 'M'
 'M' 'M' 'M' 'M' 'M' 'M' 'M' 'M' 'M' 'M' 'M' 'M' 'M' 'M' 'M' 'M' 'M' 'M'
 'M' 'M' 'M' 'U' 'M' 'M' 'M' 'M' 'M' 'M' 'M' 'M' 'M' 'M' 'M' 'M' 'M' 'M'
 'M' 'M' 'M' 'M' 'M' 'M' 'M' 'M' 'M' 'M' 'M' 'M' 'M' 'M' 'U' 'M' 'M' 'M'
 'M' 'M' 'M' 'M' 'M' 'M' 'M' 'M' 'M' 'M' 'M' 'M' 'M' 'M' 'U' 'M' 'M' 'M'
 'M' 'M' 'M' 'M' 'M' 'M' 'M' 'M' 'M' 'A' 'M' 'M' 'M' 'M' 'U' 'M' 'M' 'M'
 'M' 'U' 'M' 'M' 'M' 'A' 'A' 'U' 'A' 'A' 'U' 'U' 'A' 'M' 'M' 'M' 'M' 'M'
 'M' 'M' 'M' 'M' 'M' 'U' 'U' 'M' 'M' 'M' 'M' 'M' 'M' 'M' 'M' 'M' 'M' 'M'
 'M' 'M' 'M' 'M' 'M' 'U' 'M' 'M' 'U' 'M' 'M' 'M' 'M' 'M' 'M' 'M' 'M' 'U'
 'M' 'M' 'M' 'M' 'M' 'M' 'M' 'M' 'M' 'M' 'M' 'M' 'M' 'M' 'U' 'M' 'M' 'M']"
26001,0,184,6,178,14,0,0,"['A' 'M' 'M' 'M' 'M' 'M' 'U' 'M' 'M' 'M' 'M' 'M' 'M' 'M' 'M' 'M' 'M' 'M'
 'M' 'M' 'M' 'M' 'M' 'M' 'M' 'M' 'M' 'M' 'M' 'M' 'M' 'M' 'M' 'M' 'M' 'M'
 'M' 'M' 'M' 'M' 'M' 'M' 'M' 'M' 'M' 'M' 'M' 'M' 'M' 'M' 'M' 'M' 'M' 'M'
 'M' 'M' 'M' 'M' 'M' 'M' 'M' 'M' 'M' 'M' 'M' 'M' 'M' 'M' 'M' 'M' 'M' 'M'
 'M' 'M' 'M' 'M' 'M' 'M' 'M' 'M' 'M' 'M' 'M' 'M' 'U' 'M' 'M' 'M' 'M' 'M'
 'M' 'M' 'M' 'M' 'M' 'M' 'M' 'M' 'M' 'M' 'M' 'M' 'M' 'M' 'M' 'M' 'M' 'M'
 'M' 'M' 'M' 'M' 'M' 'M' 'M' 'M' 'M' 'U' 'M' 'M' 'M' 'M' 'U' 'M' 'M' 'M'
 'M' 'U' 'U' 'M' 'M' 'A' 'A' 'U' 'A' 'A' 'U' 'U' 'A' 'M' 'M' 'M' 'M' 'M'
 'M' 'U' 'M' 'M' 'M' 'U' 'U' 'M' 'M' 'M' 'M' 'M' 'M' 'M' 'M' 'M' 'M' 'M'
 'M' 'M' 'M' 'M' 'M' 'M' 'M' 'M' 'M' 'M' 'M' 'M' 'M' 'M' 'M' 'M' 'M' 'U'
 'M' 'M' 'M' 'M' 'M' 'M' 'M' 'M' 'M' 'M' 'M' 'M' 'M' 'M' 'U' 'M' 'M' 'M']"
26101,1,179,6,173,19,0,0,"['A' 'M' 'M' 'M' 'M' 'M' 'U' 'M' 'M' 'M' 'M' 'M' 'M' 'M' 'U' 'M' 'M' 'M'
 'M' 'U' 'M' 'M' 'U' 'M' 'U' 'M' 'M' 'M' 'M' 'M' 'M' 'M' 'M' 'M' 'M' 'M'
 'M' 'M' 'M' 'M' 'M' 'M' 'M' 'M' 'M' 'M' 'M' 'M' 'M' 'M' 'M' 'M' 'M' 'M'
 'M' 'M' 'M' 'M' 'M' 'M' 'M' 'M' 'M' 'M' 'M' 'M' 'M' 'M' 'M' 'M' 'M' 'M'
 'M' 'M' 'M' 'M' 'M' 'M' 'M' 'M' 'M' 'M' 'M' 'M' 'M' 'M' 'M' 'M' 'M' 'U'
 'M' 'M' 'M' 'M' 'M' 'M' 'M' 'M' 'M' 'M' 'M' 'M' 'M' 'M' 'M' 'M' 'M' 'M'
 'M' 'M' 'M' 'M' 'M' 'M' 'M' 'M' 'M' 'U' 'M' 'M' 'M' 'M' 'U' 'M' 'M' 'M'
 'M' 'U' 'U' 'M' 'M' 'U' 'A' 'A' 'A' 'U' 'U' 'A' 'A' 'M' 'M' 'M' 'U' 'M'
 'M' 'U' 'M' 'M' 'M' 'U' 'M' 'M' 'M' 'M' 'M' 'M' 'M' 'M' 'M' 'M' 'M' 'M'
 'M' 'M' 'M' 'M' 'M' 'M' 'M' 'M' 'M' 'M' 'M' 'M' 'M' 'M' 'U' 'M' 'M' 'U'
 'M' 'M' 'M' 'M' 'M' 'M' 'M' 'M' 'M' 'M' 'M' 'M' 'M' 'U' 'M' 'M' 'M' 'M']"
26201,0,183,8,175,15,0,0,"['A' 'M' 'M' 'M' 'M' 'M' 'U' 'M' 'M' 'M' 'M' 'M' 'M' 'M' 'M' 'M' 'M' 'M'
 'M' 'U' 'M' 'M' 'U' 'M' 'U' 'M' 'M' 'M' 'M' 'M' 'M' 'M' 'M' 'M' 'M' 'M'
 'M' 'M' 'M' 'M' 'M' 'M' 'M' 'M' 'M' 'M' 'M' 'M' 'M' 'M' 'M' 'M' 'M' 'M'
 'M' 'M' 'M' 'M' 'M' 'M' 'M' 'M' 'M' 'M' 'M' 'M' 'M' 'M' 'M' 'M' 'M' 'M'
 'M' 'M' 'M' 'M' 'M' 'M' 'M' 'M' 'M' 'M' 'M' 'M' 'M' 'M' 'M' 'M' 'M' 'M'
 'M' 'M' 'U' 'M' 'M' 'M' 'M' 'M' 'M' 'M' 'M' 'M' 'M' 'M' 'M' 'M' 'M' 'M'
 'M' 'M' 'M' 'M' 'M' 'M' 'M' 'M' 'M' 'U' 'M' 'M' 'M' 'M' 'U' 'M' 'M' 'M'
 'M' 'M' 'M' 'M' 'M' 'A' 'A' 'A' 'U' 'A' 'A' 'A' 'A' 'M' 'M' 'M' 'U' 'M'
 'M' 'U' 'M' 'M' 'M' 'M' 'M' 'M' 'M' 'M' 'M' 'M' 'M' 'M' 'M' 'M' 'M' 'M'
 'M' 'M' 'M' 'U' 'M' 'M' 'M' 'M' 'M' 'M' 'M' 'M' 'M' 'M' 'U' 'M' 'M' 'M'
 'M' 'M' 'U' 'M' 'M' 'M' 'M' 'M' 'M' 'M' 'M' 'M' 'M' 'U' 'M' 'M' 'M' 'U']"
26301,1,184,5,179,14,0,0,"['A' 'M' 'M' 'M' 'M' 'M' 'M' 'M' 'M' 'M' 'M' 'M' 'M' 'M' 'M' 'M' 'M' 'M'
 'M' 'U' 'M' 'M' 'M' 'M' 'M' 'M' 'M' 'M' 'M' 'M' 'M' 'M' 'M' 'M' 'M' 'M'
 'M' 'M' 'M' 'M' 'M' 'M' 'M' 'M' 'M' 'M' 'M' 'M' 'M' 'M' 'M' 'M' 'M' 'M'
 'M' 'M' 'M' 'M' 'M' 'M' 'M' 'M' 'M' 'M' 'M' 'M' 'M' 'M' 'M' 'U' 'M' 'M'
 'M' 'M' 'M' 'M' 'M' 'M' 'M' 'M' 'M' 'M' 'M' 'M' 'M' 'M' 'M' 'M' 'M' 'M'
 'M' 'M' 'M' 'M' 'M' 'M' 'M' 'M' 'M' 'M' 'M' 'M' 'M' 'M' 'M' 'M' 'M' 'M'
 'M' 'M' 'M' 'M' 'M' 'M' 'M' 'M' 'M' 'U' 'M' 'M' 'M' 'M' 'U' 'M' 'M' 'M'
 'M' 'M' 'M' 'M' 'M' 'A' 'A' 'U' 'U' 'U' 'M' 'A' 'A' 'M' 'M' 'M' 'M' 'M'
 'M' 'U' 'M' 'M' 'M' 'M' 'M' 'U' 'M' 'M' 'M' 'M' 'M' 'M' 'M' 'M' 'M' 'M'
 'M' 'M' 'M' 'U' 'M' 'M' 'M' 'M' 'M' 'M' 'M' 'M' 'M' 'U' 'M' 'M' 'M' 'M'
 'M' 'M' 'U' 'M' 'M' 'M' 'M' 'M' 'M' 'M' 'M' 'M' 'M' 'U' 'M' 'M' 'M' 'U']"
26401,0,184,5,179,14,0,1,"['A' 'M' 'M' 'M' 'M' 'M' 'M' 'M' 'M' 'M' 'M' 'M' 'M' 'M' 'M' 'M' 'M' 'M'
 'M' 'U' 'M' 'M' 'M' 'M' 'M' 'M' 'M' 'M' 'U' 'M' 'M' 'M' 'M' 'M' 'M' 'M'
 'M' 'M' 'M' 'M' 'M' 'M' 'M' 'M' 'M' 'M' 'M' 'M' 'M' 'M' 'M' 'M' 'M' 'M'
 'M' 'M' 'M' 'M' 'M' 'M' 'M' 'M' 'M' 'M' 'M' 'M' 'M' 'M' 'M' 'M' 'M' 'U'
 'M' 'M' 'M' 'M' 'M' 'M' 'M' 'M' 'M' 'M' 'M' 'M' 'M' 'M' 'M' 'M' 'M' 'M'
 'M' 'M' 'M' 'M' 'M' 'M' 'M' 'U' 'M' 'M' 'M' 'M' 'M' 'M' 'M' 'M' 'M' 'M'
 'M' 'M' 'M' 'M' 'M' 'M' 'M' 'M' 'M' 'M' 'M' 'M' 'M' 'M' 'U' 'M' 'M' 'M'
 'M' 'M' 'M' 'M' 'M' 'A' 'A' 'U' 'U' 'M' 'A' 'A' 'U' 'M' 'M' 'M' 'M' 'M'
 'M' 'M' 'M' 'M' 'M' 'M' 'M' 'U' 'M' 'M' 'M' 'M' 'M' 'M' 'M' 'M' 'M' 'M'
 'M' 'M' 'M' 'U' 'M' 'M' 'M' 'M' 'M' 'M' 'M' 'M' 'M' 'U' 'M' 'M' 'M' 'M'
 'M' 'M' 'M' 'M' 'M' 'M' 'M' 'M' 'M' 'M' 'U' 'M' 'M' 'U' 'M' 'M' 'M' 'U']"
26501,0,186,3,183,12,0,0,"['A' 'M' 'M' 'M' 'M' 'M' 'M' 'M' 'M' 'M' 'M' 'M' 'M' 'M' 'M' 'M' 'M' 'M'
 'M' 'U' 'M' 'M' 'M' 'M' 'M' 'M' 'M' 'M' 'M' 'M' 'M' 'M' 'M' 'M' 'M' 'M'
 'M' 'M' 'M' 'M' 'M' 'M' 'M' 'M' 'M' 'M' 'M' 'M' 'M' 'M' 'M' 'M' 'M' 'M'
 'M' 'M' 'M' 'M' 'M' 'M' 'M' 'M' 'M' 'M' 'M' 'M' 'M' 'M' 'M' 'M' 'M' 'M'
 'M' 'M' 'M' 'M' 'M' 'M' 'M' 'M' 'M' 'M' 'M' 'M' 'M' 'M' 'M' 'M' 'M' 'M'
 'U' 'M' 'M' 'M' 'M' 'M' 'M' 'M' 'M' 'M' 'M' 'M' 'M' 'M' 'M' 'M' 'M' 'M'
 'M' 'M' 'M' 'M' 'M' 'M' 'M' 'U' 'M' 'M' 'M' 'M' 'M' 'M' 'M' 'M' 'M' 'M'
 'M' 'M' 'M' 'M' 'M' 'A' 'U' 'U' 'U' 'M' 'U' 'A' 'M' 'M' 'M' 'M' 'M' 'M'
 'M' 'M' 'M' 'M' 'M' 'M' 'M' 'M' 'M' 'U' 'M' 'M' 'M' 'M' 'M' 'M' 'M' 'M'
 'M' 'M' 'M' 'U' 'M' 'M' 'M' 'M' 'M' 'M' 'M' 'M' 'M' 'M' 'M' 'M' 'M' 'M'
 'M' 'M' 'M' 'M' 'M' 'M' 'M' 'M' 'M' 'M' 'U' 'M' 'M' 'M' 'M' 'U' 'M' 'U']"
26601,0,192,3,189,6,0,0,"['A' 'M' 'M' 'M' 'M' 'M' 'M' 'M' 'M' 'M' 'M' 'M' 'M' 'M' 'M' 'M' 'M' 'M'
 'M' 'M' 'M' 'M' 'M' 'M' 'M' 'M' 'M' 'M' 'M' 'M' 'M' 'M' 'M' 'M' 'M' 'M'
 'M' 'M' 'M' 'M' 'M' 'M' 'M' 'M' 'M' 'M' 'M' 'M' 'M' 'M' 'M' 'M' 'M' 'M'
 'M' 'M' 'M' 'M' 'M' 'M' 'M' 'M' 'M' 'M' 'M' 'M' 'M' 'M' 'M' 'M' 'U' 'M'
 'M' 'M' 'M' 'M' 'M' 'M' 'M' 'M' 'M' 'M' 'M' 'M' 'M' 'M' 'M' 'M' 'M' 'M'
 'M' 'M' 'M' 'M' 'M' 'M' 'M' 'M' 'M' 'M' 'M' 'M' 'M' 'M' 'M' 'M' 'M' 'M'
 'M' 'M' 'M' 'M' 'M' 'M' 'M' 'M' 'M' 'U' 'M' 'M' 'M' 'M' 'M' 'M' 'M' 'M'
 'M' 'M' 'M' 'M' 'M' 'A' 'M' 'U' 'M' 'M' 'U' 'A' 'M' 'M' 'M' 'M' 'M' 'M'
 'M' 'M' 'M' 'M' 'M' 'M' 'M' 'M' 'M' 'M' 'M' 'M' 'M' 'M' 'M' 'M' 'M' 'U'
 'M' 'M' 'M' 'M' 'M' 'M' 'M' 'M' 'M' 'M' 'M' 'M' 'M' 'M' 'M' 'M' 'M' 'M'
 'M' 'M' 'M' 'M' 'M' 'M' 'M' 'M' 'M' 'M' 'M' 'M' 'M' 'M' 'M' 'U' 'M' 'M']"
26701,0,191,8,183,7,0,0,"['A' 'M' 'M' 'M' 'M' 'M' 'M' 'M' 'M' 'M' 'M' 'M' 'M' 'M' 'M' 'M' 'M' 'M'
 'M' 'M' 'M' 'M' 'M' 'M' 'M' 'M' 'M' 'M' 'M' 'M' 'M' 'M' 'M' 'M' 'M' 'M'
 'M' 'M' 'M' 'M' 'M' 'M' 'M' 'M' 'M' 'M' 'M' 'M' 'M' 'M' 'M' 'M' 'M' 'M'
 'M' 'M' 'M' 'M' 'M' 'M' 'M' 'M' 'M' 'M' 'M' 'M' 'M' 'M' 'M' 'M' 'M' 'M'
 'M' 'M' 'M' 'M' 'M' 'U' 'M' 'M' 'M' 'M' 'M' 'M' 'M' 'M' 'M' 'M' 'M' 'M'
 'M' 'M' 'M' 'M' 'M' 'M' 'M' 'M' 'M' 'M' 'M' 'M' 'M' 'M' 'M' 'M' 'M' 'M'
 'M' 'M' 'M' 'M' 'M' 'M' 'M' 'M' 'M' 'U' 'M' 'M' 'M' 'M' 'M' 'M' 'M' 'M'
 'M' 'M' 'M' 'M' 'M' 'A' 'A' 'A' 'A' 'A' 'A' 'A' 'U' 'M' 'M' 'M' 'M' 'M'
 'M' 'M' 'M' 'M' 'M' 'M' 'M' 'M' 'M' 'M' 'M' 'M' 'M' 'M' 'M' 'M' 'M' 'U'
 'M' 'M' 'M' 'U' 'M' 'M' 'M' 'M' 'M' 'M' 'M' 'M' 'M' 'M' 'M' 'M' 'M' 'M'
 'M' 'M' 'U' 'M' 'M' 'M' 'M' 'M' 'M' 'M' 'M' 'M' 'M' 'M' 'M' 'U' 'M' 'M']"
26801,0,188,9,179,10,0,0,"['A' 'M' 'M' 'M' 'M' 'M' 'M' 'M' 'M' 'M' 'M' 'M' 'M' 'U' 'M' 'M' 'M' 'M'
 'M' 'M' 'M' 'M' 'M' 'M' 'M' 'M' 'U' 'U' 'M' 'M' 'M' 'M' 'M' 'M' 'M' 'M'
 'M' 'M' 'M' 'M' 'M' 'M' 'M' 'M' 'M' 'M' 'M' 'M' 'M' 'M' 'M' 'M' 'M' 'M'
 'M' 'M' 'M' 'M' 'M' 'M' 'M' 'M' 'M' 'M' 'M' 'M' 'M' 'M' 'M' 'M' 'M' 'M'
 'M' 'M' 'M' 'M' 'M' 'M' 'M' 'M' 'M' 'M' 'M' 'M' 'M' 'M' 'M' 'M' 'U' 'M'
 'M' 'M' 'M' 'M' 'M' 'M' 'M' 'M' 'M' 'M' 'M' 'M' 'M' 'M' 'M' 'M' 'M' 'M'
 'M' 'M' 'M' 'M' 'M' 'M' 'M' 'U' 'M' 'U' 'M' 'M' 'M' 'M' 'M' 'M' 'M' 'M'
 'M' 'M' 'M' 'M' 'M' 'A' 'A' 'A' 'A' 'A' 'A' 'A' 'A' 'M' 'M' 'M' 'M' 'M'
 'M' 'M' 'M' 'M' 'M' 'M' 'M' 'M' 'M' 'M' 'M' 'M' 'M' 'M' 'M' 'M' 'M' 'U'
 'M' 'M' 'M' 'U' 'M' 'M' 'M' 'M' 'M' 'M' 'M' 'M' 'M' 'M' 'M' 'M' 'M' 'M'
 'M' 'M' 'U' 'M' 'M' 'M' 'M' 'M' 'M' 'M' 'M' 'M' 'M' 'M' 'M' 'U' 'M' 'M']"
26901,0,184,7,177,14,0,0,"['A' 'M' 'M' 'M' 'M' 'M' 'M' 'M' 'M' 'M' 'M' 'M' 'M' 'U' 'M' 'M' 'M' 'M'
 'M' 'M' 'M' 'M' 'M' 'M' 'M' 'M' 'U' 'U' 'M' 'M' 'M' 'M' 'M' 'M' 'M' 'M'
 'M' 'M' 'M' 'M' 'M' 'M' 'M' 'M' 'M' 'M' 'M' 'M' 'M' 'M' 'M' 'M' 'M' 'M'
 'U' 'M' 'M' 'M' 'M' 'M' 'M' 'M' 'M' 'M' 'M' 'M' 'U' 'M' 'M' 'M' 'M' 'M'
 'M' 'M' 'M' 'M' 'M' 'M' 'M' 'M' 'M' 'M' 'M' 'M' 'M' 'M' 'M' 'M' 'M' 'M'
 'M' 'M' 'M' 'M' 'M' 'M' 'M' 'M' 'M' 'M' 'M' 'M' 'M' 'M' 'U' 'M' 'M' 'U'
 'M' 'M' 'M' 'M' 'M' 'M' 'M' 'U' 'M' 'U' 'M' 'M' 'M' 'M' 'M' 'M' 'M' 'M'
 'M' 'M' 'M' 'M' 'M' 'U' 'A' 'A' 'A' 'A' 'A' 'U' 'A' 'M' 'M' 'M' 'M' 'M'
 'M' 'M' 'M' 'M' 'M' 'M' 'M' 'M' 'M' 'M' 'M' 'M' 'M' 'M' 'M' 'M' 'M' 'M'
 'M' 'M' 'M' 'U' 'M' 'M' 'M' 'M' 'M' 'M' 'M' 'M' 'M' 'M' 'M' 'M' 'M' 'M'
 'M' 'M' 'U' 'M' 'M' 'M' 'M' 'M' 'M' 'M' 'M' 'M' 'M' 'M' 'M' 'U' 'M' 'M']"
27001,0,185,6,179,13,0,0,"['A' 'M' 'M' 'M' 'M' 'M' 'M' 'M' 'M' 'M' 'M' 'M' 'M' 'U' 'M' 'M' 'M' 'M'
 'M' 'M' 'M' 'M' 'M' 'M' 'M' 'M' 'U' 'M' 'M' 'M' 'M' 'M' 'M' 'M' 'M' 'M'
 'M' 'M' 'M' 'M' 'M' 'M' 'M' 'M' 'M' 'M' 'M' 'M' 'M' 'M' 'M' 'M' 'M' 'M'
 'U' 'M' 'M' 'M' 'M' 'M' 'M' 'M' 'M' 'M' 'M' 'M' 'M' 'M' 'M' 'M' 'M' 'M'
 'M' 'M' 'M' 'M' 'U' 'M' 'M' 'M' 'M' 'M' 'M' 'M' 'M' 'M' 'M' 'M' 'M' 'M'
 'M' 'M' 'M' 'M' 'M' 'M' 'M' 'M' 'M' 'M' 'M' 'M' 'M' 'M' 'U' 'M' 'M' 'U'
 'M' 'M' 'M' 'M' 'M' 'M' 'M' 'U' 'M' 'U' 'M' 'M' 'M' 'M' 'M' 'M' 'M' 'M'
 'M' 'M' 'M' 'M' 'M' 'U' 'A' 'A' 'A' 'A' 'U' 'U' 'A' 'M' 'M' 'M' 'M' 'M'
 'M' 'M' 'M' 'M' 'U' 'M' 'M' 'M' 'M' 'M' 'M' 'M' 'M' 'M' 'M' 'M' 'M' 'M'
 'M' 'M' 'M' 'M' 'M' 'M' 'M' 'M' 'M' 'M' 'M' 'M' 'M' 'M' 'M' 'M' 'M' 'M'
 'M' 'M' 'M' 'M' 'M' 'M' 'M' 'M' 'M' 'M' 'M' 'M' 'M' 'M' 'M' 'U' 'M' 'M']"
27101,0,186,6,180,12,0,0,"['A' 'M' 'M' 'M' 'M' 'M' 'M' 'M' 'M' 'M' 'M' 'M' 'M' 'M' 'M' 'M' 'M' 'M'
 'M' 'M' 'M' 'M' 'M' 'M' 'M' 'M' 'U' 'M' 'M' 'M' 'M' 'M' 'M' 'M' 'M' 'M'
 'M' 'M' 'M' 'M' 'M' 'M' 'M' 'M' 'M' 'M' 'M' 'U' 'M' 'M' 'M' 'M' 'M' 'M'
 'U' 'M' 'M' 'M' 'M' 'M' 'M' 'M' 'M' 'M' 'M' 'M' 'M' 'M' 'M' 'M' 'M' 'M'
 'M' 'M' 'M' 'M' 'M' 'M' 'M' 'M' 'M' 'M' 'M' 'U' 'M' 'M' 'M' 'M' 'M' 'M'
 'M' 'M' 'M' 'M' 'M' 'M' 'M' 'M' 'M' 'M' 'M' 'M' 'M' 'M' 'M' 'M' 'M' 'U'
 'M' 'M' 'M' 'M' 'M' 'M' 'M' 'M' 'M' 'U' 'M' 'M' 'M' 'M' 'M' 'M' 'M' 'M'
 'M' 'M' 'M' 'M' 'M' 'A' 'A' 'U' 'U' 'A' 'U' 'A' 'A' 'M' 'M' 'M' 'M' 'M'
 'M' 'M' 'M' 'M' 'U' 'M' 'M' 'M' 'M' 'U' 'M' 'M' 'M' 'M' 'M' 'M' 'M' 'M'
 'M' 'M' 'M' 'M' 'M' 'M' 'M' 'M' 'M' 'M' 'M' 'M' 'M' 'M' 'M' 'M' 'M' 'M'
 'M' 'M' 'M' 'M' 'M' 'M' 'M' 'M' 'M' 'M' 'M' 'M' 'M' 'M' 'M' 'U' 'M' 'M']"
27201,0,186,6,180,12,0,0,"['A' 'M' 'M' 'M' 'M' 'M' 'M' 'M' 'M' 'M' 'M' 'M' 'M' 'M' 'M' 'M' 'M' 'M'
 'M' 'M' 'M' 'M' 'M' 'M' 'M' 'M' 'U' 'M' 'M' 'M' 'M' 'M' 'M' 'M' 'U' 'M'
 'M' 'M' 'M' 'M' 'M' 'M' 'M' 'M' 'M' 'M' 'M' 'U' 'M' 'M' 'M' 'M' 'M' 'M'
 'U' 'M' 'M' 'M' 'M' 'M' 'M' 'M' 'M' 'M' 'M' 'M' 'U' 'M' 'M' 'M' 'M' 'M'
 'M' 'M' 'M' 'M' 'M' 'M' 'M' 'M' 'M' 'M' 'M' 'M' 'M' 'M' 'M' 'M' 'M' 'M'
 'M' 'M' 'M' 'M' 'M' 'M' 'M' 'M' 'M' 'M' 'M' 'M' 'M' 'M' 'M' 'M' 'M' 'U'
 'M' 'M' 'M' 'M' 'M' 'M' 'M' 'M' 'M' 'M' 'M' 'M' 'M' 'M' 'M' 'M' 'M' 'M'
 'M' 'M' 'M' 'M' 'M' 'A' 'A' 'U' 'U' 'U' 'A' 'A' 'A' 'M' 'M' 'M' 'M' 'M'
 'M' 'M' 'M' 'M' 'M' 'M' 'M' 'M' 'M' 'U' 'M' 'M' 'M' 'M' 'M' 'M' 'M' 'M'
 'M' 'M' 'M' 'M' 'M' 'M' 'M' 'M' 'M' 'U' 'M' 'M' 'M' 'M' 'M' 'M' 'M' 'M'
 'M' 'M' 'M' 'M' 'M' 'M' 'M' 'M' 'M' 'M' 'M' 'M' 'M' 'M' 'M' 'U' 'M' 'M']"
27301,1,183,8,175,15,0,0,"['A' 'M' 'M' 'M' 'M' 'M' 'M' 'U' 'M' 'M' 'M' 'M' 'M' 'M' 'M' 'M' 'M' 'M'
 'M' 'M' 'M' 'M' 'M' 'M' 'M' 'M' 'U' 'M' 'M' 'M' 'M' 'M' 'M' 'M' 'U' 'M'
 'M' 'M' 'M' 'M' 'M' 'M' 'M' 'M' 'M' 'M' 'M' 'U' 'M' 'M' 'U' 'M' 'M' 'M'
 'U' 'M' 'M' 'M' 'M' 'M' 'M' 'M' 'M' 'M' 'M' 'M' 'M' 'M' 'M' 'M' 'M' 'M'
 'M' 'M' 'M' 'M' 'M' 'M' 'M' 'M' 'M' 'M' 'M' 'M' 'M' 'M' 'M' 'M' 'U' 'M'
 'M' 'M' 'M' 'M' 'M' 'U' 'M' 'M' 'M' 'M' 'U' 'M' 'M' 'M' 'M' 'M' 'M' 'U'
 'M' 'M' 'M' 'M' 'M' 'M' 'M' 'M' 'M' 'M' 'M' 'M' 'M' 'M' 'M' 'M' 'M' 'M'
 'M' 'M' 'M' 'M' 'M' 'A' 'A' 'U' 'A' 'A' 'A' 'A' 'A' 'M' 'M' 'M' 'M' 'M'
 'M' 'M' 'M' 'M' 'M' 'M' 'M' 'M' 'M' 'U' 'M' 'M' 'M' 'M' 'M' 'M' 'M' 'M'
 'M' 'M' 'M' 'M' 'M' 'M' 'M' 'M' 'M' 'U' 'M' 'M' 'M' 'M' 'M' 'M' 'M' 'M'
 'M' 'M' 'M' 'M' 'U' 'M' 'M' 'M' 'M' 'M' 'M' 'M' 'M' 'M' 'M' 'U' 'M' 'M']"
27401,0,178,4,174,20,0,0,"['A' 'M' 'M' 'M' 'M' 'M' 'M' 'U' 'M' 'M' 'M' 'M' 'M' 'M' 'M' 'M' 'M' 'M'
 'M' 'M' 'M' 'M' 'M' 'M' 'M' 'M' 'U' 'M' 'M' 'M' 'M' 'M' 'M' 'M' 'U' 'M'
 'M' 'M' 'U' 'M' 'M' 'M' 'M' 'M' 'M' 'M' 'M' 'M' 'M' 'M' 'U' 'M' 'M' 'M'
 'U' 'M' 'M' 'M' 'M' 'M' 'M' 'M' 'M' 'M' 'M' 'M' 'M' 'M' 'M' 'M' 'M' 'M'
 'M' 'M' 'M' 'M' 'M' 'M' 'M' 'M' 'M' 'U' 'M' 'M' 'M' 'M' 'M' 'M' 'M' 'M'
 'M' 'M' 'M' 'M' 'M' 'U' 'M' 'M' 'M' 'M' 'U' 'M' 'M' 'M' 'M' 'M' 'M' 'U'
 'M' 'M' 'M' 'M' 'M' 'M' 'M' 'M' 'M' 'M' 'M' 'M' 'M' 'M' 'M' 'M' 'M' 'M'
 'M' 'M' 'M' 'M' 'M' 'U' 'U' 'A' 'U' 'A' 'M' 'A' 'U' 'M' 'M' 'M' 'M' 'M'
 'M' 'M' 'M' 'M' 'M' 'M' 'M' 'U' 'M' 'M' 'M' 'M' 'M' 'M' 'M' 'M' 'M' 'M'
 'M' 'U' 'M' 'M' 'M' 'U' 'M' 'M' 'M' 'U' 'M' 'M' 'M' 'M' 'M' 'U' 'M' 'M'
 'M' 'M' 'M' 'M' 'U' 'M' 'M' 'M' 'M' 'M' 'M' 'M' 'M' 'M' 'M' 'M' 'M' 'M']"
27501,0,182,3,179,16,0,0,"['A' 'M' 'M' 'M' 'M' 'M' 'M' 'U' 'M' 'M' 'M' 'M' 'M' 'M' 'M' 'M' 'M' 'M'
 'M' 'M' 'M' 'M' 'M' 'M' 'M' 'M' 'M' 'M' 'M' 'M' 'M' 'M' 'M' 'M' 'U' 'M'
 'M' 'M' 'U' 'M' 'M' 'M' 'M' 'M' 'M' 'M' 'M' 'M' 'M' 'M' 'U' 'M' 'M' 'M'
 'U' 'M' 'M' 'M' 'M' 'M' 'M' 'M' 'M' 'M' 'M' 'M' 'M' 'M' 'M' 'M' 'M' 'M'
 'M' 'U' 'M' 'M' 'M' 'M' 'M' 'M' 'M' 'M' 'M' 'M' 'M' 'M' 'M' 'M' 'M' 'M'
 'M' 'M' 'M' 'M' 'M' 'M' 'M' 'M' 'M' 'M' 'U' 'M' 'M' 'M' 'M' 'M' 'M' 'U'
 'M' 'M' 'M' 'M' 'M' 'M' 'M' 'M' 'M' 'M' 'M' 'M' 'M' 'M' 'M' 'M' 'M' 'M'
 'M' 'M' 'M' 'M' 'M' 'U' 'M' 'U' 'U' 'A' 'M' 'A' 'U' 'M' 'M' 'M' 'M' 'M'
 'M' 'M' 'M' 'M' 'U' 'M' 'M' 'U' 'M' 'M' 'M' 'M' 'M' 'M' 'M' 'M' 'M' 'M'
 'M' 'M' 'M' 'M' 'M' 'M' 'M' 'M' 'M' 'U' 'M' 'M' 'M' 'M' 'M' 'M' 'M' 'M'
 'M' 'M' 'M' 'M' 'U' 'M' 'M' 'M' 'M' 'M' 'M' 'M' 'M' 'M' 'M' 'M' 'M' 'M']"
27601,0,182,4,178,16,0,0,"['A' 'M' 'M' 'M' 'M' 'M' 'M' 'U' 'M' 'M' 'M' 'M' 'M' 'M' 'M' 'M' 'M' 'M'
 'U' 'M' 'M' 'M' 'M' 'M' 'M' 'U' 'M' 'M' 'M' 'M' 'M' 'M' 'M' 'M' 'U' 'M'
 'M' 'M' 'M' 'M' 'M' 'M' 'M' 'M' 'M' 'M' 'M' 'M' 'M' 'M' 'U' 'M' 'M' 'M'
 'U' 'M' 'M' 'M' 'M' 'M' 'M' 'M' 'M' 'M' 'M' 'M' 'M' 'M' 'M' 'M' 'M' 'M'
 'M' 'M' 'M' 'M' 'M' 'M' 'M' 'U' 'M' 'M' 'M' 'M' 'M' 'M' 'M' 'M' 'M' 'M'
 'M' 'M' 'M' 'M' 'M' 'M' 'M' 'M' 'M' 'M' 'U' 'M' 'M' 'U' 'M' 'M' 'M' 'U'
 'M' 'M' 'M' 'M' 'M' 'M' 'M' 'M' 'M' 'M' 'M' 'M' 'M' 'M' 'M' 'M' 'M' 'M'
 'M' 'M' 'M' 'M' 'M' 'U' 'M' 'U' 'M' 'A' 'M' 'A' 'M' 'M' 'M' 'M' 'M' 'M'
 'M' 'M' 'M' 'M' 'A' 'U' 'M' 'U' 'M' 'M' 'M' 'M' 'M' 'M' 'M' 'M' 'M' 'M'
 'M' 'M' 'M' 'M' 'M' 'M' 'M' 'M' 'M' 'U' 'M' 'M' 'M' 'M' 'M' 'M' 'M' 'M'
 'M' 'M' 'M' 'M' 'M' 'M' 'M' 'M' 'M' 'M' 'M' 'M' 'M' 'U' 'M' 'M' 'M' 'M']"
27701,1,185,4,181,13,0,0,"['A' 'M' 'M' 'M' 'M' 'M' 'M' 'M' 'M' 'M' 'M' 'M' 'M' 'M' 'M' 'M' 'M' 'M'
 'M' 'M' 'M' 'M' 'M' 'M' 'M' 'M' 'M' 'M' 'M' 'M' 'M' 'M' 'M' 'M' 'U' 'M'
 'M' 'M' 'M' 'M' 'M' 'M' 'M' 'M' 'M' 'M' 'M' 'M' 'M' 'M' 'U' 'M' 'M' 'M'
 'M' 'M' 'M' 'M' 'M' 'M' 'M' 'M' 'M' 'M' 'M' 'M' 'M' 'M' 'M' 'M' 'M' 'U'
 'M' 'M' 'M' 'M' 'M' 'M' 'M' 'M' 'M' 'M' 'M' 'M' 'M' 'M' 'M' 'M' 'M' 'M'
 'M' 'M' 'M' 'M' 'M' 'M' 'M' 'M' 'M' 'M' 'M' 'M' 'M' 'U' 'M' 'M' 'M' 'M'
 'M' 'M' 'M' 'M' 'M' 'M' 'M' 'M' 'M' 'M' 'M' 'M' 'M' 'M' 'M' 'M' 'M' 'M'
 'M' 'M' 'U' 'M' 'M' 'A' 'U' 'U' 'A' 'U' 'A' 'U' 'U' 'M' 'M' 'M' 'M' 'M'
 'M' 'M' 'M' 'M' 'M' 'U' 'M' 'M' 'M' 'M' 'M' 'M' 'M' 'M' 'M' 'M' 'M' 'M'
 'M' 'M' 'M' 'M' 'M' 'M' 'M' 'M' 'M' 'U' 'M' 'M' 'M' 'M' 'M' 'M' 'M' 'M'
 'M' 'M' 'M' 'M' 'M' 'M' 'M' 'M' 'M' 'M' 'M' 'M' 'M' 'U' 'M' 'M' 'M' 'M']"
27801,0,186,8,178,12,0,0,"['A' 'M' 'M' 'M' 'M' 'M' 'M' 'M' 'M' 'M' 'M' 'M' 'M' 'U' 'M' 'M' 'M' 'M'
 'M' 'M' 'M' 'M' 'M' 'M' 'M' 'M' 'M' 'M' 'M' 'M' 'M' 'M' 'M' 'M' 'U' 'M'
 'M' 'M' 'M' 'M' 'M' 'M' 'M' 'M' 'M' 'M' 'M' 'M' 'M' 'M' 'M' 'M' 'M' 'M'
 'M' 'M' 'M' 'M' 'M' 'M' 'M' 'M' 'M' 'M' 'M' 'M' 'M' 'M' 'M' 'M' 'M' 'M'
 'M' 'M' 'M' 'U' 'M' 'M' 'M' 'M' 'M' 'M' 'M' 'M' 'M' 'M' 'M' 'M' 'M' 'M'
 'M' 'M' 'M' 'M' 'M' 'M' 'M' 'M' 'M' 'U' 'M' 'M' 'M' 'U' 'M' 'M' 'M' 'M'
 'M' 'M' 'M' 'M' 'M' 'M' 'M' 'M' 'M' 'M' 'M' 'M' 'M' 'M' 'M' 'M' 'M' 'M'
 'M' 'M' 'M' 'M' 'M' 'U' 'A' 'A' 'A' 'A' 'A' 'A' 'A' 'M' 'M' 'M' 'U' 'M'
 'M' 'U' 'M' 'M' 'M' 'U' 'M' 'M' 'M' 'M' 'M' 'M' 'M' 'M' 'U' 'M' 'M' 'M'
 'M' 'M' 'M' 'M' 'M' 'M' 'M' 'U' 'M' 'U' 'M' 'M' 'M' 'M' 'M' 'M' 'M' 'M'
 'M' 'M' 'M' 'M' 'M' 'M' 'M' 'M' 'M' 'M' 'M' 'M' 'M' 'M' 'M' 'M' 'M' 'M']"
27901,0,182,6,176,16,0,0,"['A' 'M' 'M' 'M' 'M' 'M' 'M' 'M' 'M' 'M' 'M' 'M' 'M' 'M' 'M' 'M' 'M' 'U'
 'M' 'M' 'M' 'M' 'M' 'M' 'M' 'U' 'M' 'M' 'M' 'M' 'M' 'M' 'M' 'M' 'M' 'M'
 'M' 'M' 'M' 'M' 'M' 'M' 'M' 'M' 'M' 'M' 'M' 'M' 'M' 'M' 'M' 'M' 'M' 'M'
 'M' 'M' 'M' 'M' 'M' 'M' 'M' 'M' 'M' 'M' 'M' 'M' 'M' 'M' 'U' 'M' 'M' 'M'
 'M' 'M' 'M' 'M' 'M' 'M' 'M' 'M' 'M' 'M' 'M' 'M' 'M' 'M' 'M' 'M' 'M' 'M'
 'M' 'M' 'M' 'M' 'M' 'M' 'M' 'M' 'M' 'U' 'M' 'M' 'M' 'M' 'M' 'M' 'M' 'M'
 'M' 'M' 'M' 'M' 'M' 'M' 'M' 'M' 'M' 'M' 'M' 'M' 'M' 'M' 'M' 'M' 'M' 'M'
 'M' 'M' 'M' 'M' 'M' 'U' 'A' 'A' 'A' 'U' 'A' 'U' 'A' 'U' 'M' 'M' 'U' 'M'
 'M' 'U' 'M' 'M' 'M' 'U' 'U' 'M' 'U' 'M' 'M' 'M' 'M' 'M' 'U' 'M' 'M' 'M'
 'M' 'M' 'M' 'M' 'M' 'M' 'M' 'U' 'M' 'U' 'M' 'M' 'M' 'M' 'M' 'M' 'M' 'M'
 'M' 'M' 'M' 'M' 'M' 'M' 'M' 'M' 'M' 'M' 'M' 'M' 'M' 'M' 'M' 'M' 'M' 'M']"
28001,0,180,6,174,18,0,0,"['A' 'M' 'M' 'M' 'M' 'M' 'M' 'M' 'M' 'M' 'M' 'M' 'M' 'M' 'M' 'M' 'M' 'U'
 'M' 'M' 'M' 'M' 'M' 'M' 'U' 'U' 'M' 'M' 'M' 'M' 'M' 'M' 'M' 'M' 'M' 'M'
 'M' 'M' 'M' 'M' 'M' 'M' 'M' 'M' 'M' 'M' 'M' 'M' 'M' 'M' 'M' 'M' 'M' 'M'
 'M' 'M' 'M' 'M' 'M' 'M' 'M' 'M' 'M' 'M' 'M' 'M' 'M' 'M' 'M' 'M' 'M' 'M'
 'M' 'M' 'M' 'M' 'M' 'M' 'M' 'M' 'M' 'M' 'M' 'M' 'M' 'M' 'M' 'M' 'M' 'M'
 'M' 'M' 'M' 'M' 'U' 'M' 'M' 'M' 'M' 'U' 'M' 'M' 'U' 'M' 'M' 'U' 'M' 'M'
 'M' 'M' 'M' 'M' 'M' 'M' 'M' 'M' 'M' 'M' 'M' 'M' 'M' 'M' 'M' 'M' 'M' 'M'
 'M' 'M' 'M' 'M' 'M' 'U' 'A' 'A' 'A' 'U' 'A' 'U' 'A' 'U' 'M' 'M' 'U' 'M'
 'M' 'U' 'M' 'M' 'M' 'U' 'U' 'M' 'M' 'M' 'M' 'M' 'M' 'M' 'U' 'M' 'M' 'M'
 'M' 'M' 'U' 'M' 'M' 'M' 'M' 'M' 'M' 'U' 'M' 'M' 'M' 'M' 'M' 'M' 'M' 'M'
 'M' 'M' 'M' 'M' 'M' 'M' 'M' 'M' 'M' 'M' 'M' 'M' 'M' 'M' 'M' 'M' 'M' 'M']"
28101,0,180,5,175,18,0,0,"['A' 'M' 'M' 'M' 'M' 'M' 'M' 'M' 'M' 'M' 'M' 'M' 'M' 'M' 'M' 'M' 'M' 'U'
 'M' 'M' 'M' 'M' 'M' 'M' 'M' 'U' 'M' 'M' 'M' 'M' 'M' 'M' 'M' 'M' 'M' 'M'
 'M' 'M' 'M' 'M' 'M' 'M' 'M' 'M' 'M' 'M' 'M' 'M' 'M' 'M' 'M' 'M' 'M' 'M'
 'M' 'M' 'M' 'M' 'M' 'M' 'M' 'M' 'M' 'M' 'M' 'M' 'M' 'M' 'U' 'M' 'M' 'M'
 'M' 'M' 'M' 'M' 'M' 'M' 'M' 'M' 'M' 'M' 'M' 'M' 'M' 'M' 'M' 'M' 'M' 'M'
 'M' 'M' 'M' 'M' 'M' 'M' 'M' 'M' 'M' 'U' 'M' 'M' 'U' 'M' 'M' 'U' 'M' 'M'
 'M' 'M' 'M' 'M' 'M' 'M' 'U' 'M' 'M' 'M' 'M' 'M' 'M' 'M' 'M' 'M' 'M' 'M'
 'M' 'M' 'M' 'M' 'M' 'U' 'U' 'A' 'U' 'U' 'A' 'M' 'A' 'M' 'M' 'M' 'A' 'M'
 'M' 'U' 'M' 'M' 'M' 'U' 'M' 'M' 'M' 'M' 'M' 'M' 'M' 'U' 'U' 'U' 'M' 'M'
 'M' 'M' 'U' 'M' 'M' 'M' 'M' 'M' 'M' 'M' 'U' 'M' 'M' 'M' 'M' 'M' 'M' 'M'
 'M' 'M' 'M' 'M' 'M' 'M' 'M' 'M' 'M' 'M' 'M' 'M' 'M' 'M' 'M' 'M' 'M' 'M']"
28201,0,181,3,178,17,0,0,"['A' 'M' 'M' 'M' 'M' 'M' 'M' 'M' 'M' 'M' 'M' 'M' 'M' 'M' 'M' 'M' 'M' 'M'
 'M' 'M' 'M' 'M' 'M' 'M' 'M' 'U' 'M' 'M' 'M' 'M' 'M' 'M' 'M' 'M' 'M' 'M'
 'M' 'M' 'M' 'M' 'M' 'M' 'M' 'M' 'M' 'U' 'M' 'M' 'M' 'M' 'M' 'M' 'M' 'M'
 'M' 'M' 'M' 'M' 'M' 'M' 'M' 'M' 'M' 'M' 'M' 'M' 'M' 'M' 'M' 'M' 'M' 'M'
 'M' 'U' 'M' 'M' 'M' 'M' 'M' 'M' 'M' 'M' 'M' 'M' 'M' 'M' 'M' 'M' 'M' 'M'
 'M' 'M' 'M' 'M' 'M' 'M' 'M' 'M' 'M' 'U' 'M' 'M' 'U' 'M' 'M' 'M' 'M' 'M'
 'M' 'M' 'M' 'M' 'M' 'M' 'U' 'M' 'M' 'M' 'M' 'M' 'M' 'M' 'M' 'M' 'M' 'M'
 'M' 'M' 'M' 'M' 'M' 'M' 'M' 'U' 'U' 'U' 'A' 'M' 'U' 'M' 'M' 'M' 'A' 'M'
 'M' 'U' 'M' 'M' 'M' 'U' 'M' 'M' 'M' 'M' 'M' 'M' 'M' 'U' 'M' 'U' 'M' 'M'
 'M' 'M' 'U' 'M' 'M' 'M' 'M' 'M' 'M' 'M' 'U' 'M' 'M' 'M' 'M' 'M' 'M' 'M'
 'M' 'M' 'U' 'M' 'M' 'M' 'M' 'M' 'M' 'M' 'M' 'M' 'M' 'M' 'M' 'M' 'M' 'M']"
28301,0,178,3,175,20,0,0,"['A' 'M' 'M' 'M' 'M' 'M' 'M' 'M' 'M' 'M' 'M' 'M' 'M' 'M' 'M' 'M' 'M' 'M'
 'M' 'M' 'M' 'M' 'M' 'M' 'M' 'M' 'M' 'M' 'M' 'M' 'M' 'M' 'M' 'M' 'M' 'M'
 'M' 'M' 'M' 'M' 'M' 'M' 'M' 'M' 'M' 'U' 'M' 'M' 'M' 'M' 'M' 'M' 'M' 'U'
 'M' 'M' 'M' 'M' 'M' 'M' 'M' 'M' 'M' 'M' 'M' 'M' 'M' 'M' 'U' 'M' 'M' 'M'
 'M' 'M' 'M' 'M' 'M' 'M' 'M' 'M' 'M' 'M' 'M' 'M' 'M' 'M' 'M' 'M' 'M' 'M'
 'M' 'M' 'M' 'M' 'M' 'M' 'M' 'M' 'M' 'U' 'M' 'M' 'M' 'M' 'M' 'M' 'M' 'M'
 'M' 'M' 'M' 'M' 'M' 'M' 'U' 'M' 'M' 'M' 'M' 'M' 'M' 'M' 'M' 'M' 'M' 'M'
 'M' 'M' 'M' 'M' 'M' 'U' 'A' 'U' 'U' 'U' 'U' 'U' 'U' 'M' 'M' 'M' 'A' 'M'
 'M' 'M' 'M' 'M' 'M' 'U' 'M' 'M' 'M' 'M' 'M' 'M' 'M' 'M' 'M' 'U' 'M' 'M'
 'M' 'M' 'U' 'M' 'M' 'M' 'M' 'M' 'M' 'M' 'U' 'M' 'M' 'M' 'M' 'U' 'M' 'M'
 'M' 'M' 'U' 'M' 'M' 'M' 'M' 'M' 'U' 'M' 'M' 'U' 'M' 'M' 'M' 'M' 'M' 'M']"
28401,0,181,2,179,17,0,0,"['A' 'M' 'M' 'M' 'M' 'M' 'M' 'M' 'M' 'M' 'M' 'M' 'M' 'M' 'M' 'M' 'M' 'M'
 'M' 'M' 'M' 'M' 'M' 'M' 'M' 'M' 'M' 'M' 'M' 'M' 'M' 'M' 'M' 'M' 'M' 'M'
 'M' 'M' 'M' 'M' 'M' 'M' 'M' 'M' 'M' 'M' 'M' 'M' 'M' 'M' 'M' 'M' 'M' 'U'
 'M' 'M' 'M' 'M' 'M' 'M' 'M' 'M' 'M' 'M' 'M' 'M' 'M' 'M' 'M' 'M' 'U' 'M'
 'M' 'M' 'M' 'M' 'M' 'M' 'M' 'M' 'M' 'M' 'M' 'M' 'M' 'M' 'M' 'M' 'M' 'M'
 'M' 'M' 'M' 'M' 'M' 'M' 'M' 'M' 'M' 'U' 'M' 'M' 'M' 'M' 'M' 'M' 'M' 'M'
 'M' 'M' 'M' 'M' 'M' 'M' 'U' 'M' 'M' 'M' 'M' 'M' 'M' 'M' 'M' 'M' 'M' 'M'
 'M' 'M' 'M' 'M' 'M' 'U' 'U' 'U' 'U' 'U' 'M' 'U' 'U' 'M' 'M' 'M' 'A' 'M'
 'M' 'M' 'M' 'M' 'M' 'U' 'M' 'M' 'M' 'M' 'M' 'M' 'M' 'M' 'M' 'U' 'M' 'M'
 'M' 'M' 'U' 'M' 'M' 'M' 'M' 'M' 'M' 'M' 'M' 'M' 'M' 'M' 'M' 'U' 'M' 'M'
 'M' 'M' 'M' 'M' 'M' 'M' 'M' 'M' 'U' 'M' 'M' 'U' 'M' 'M' 'M' 'M' 'M' 'M']"
28501,0,186,6,180,12,0,0,"['A' 'M' 'M' 'M' 'M' 'M' 'M' 'M' 'M' 'M' 'M' 'M' 'M' 'M' 'M' 'M' 'M' 'M'
 'M' 'M' 'M' 'M' 'M' 'M' 'M' 'M' 'M' 'M' 'M' 'M' 'M' 'M' 'M' 'M' 'M' 'M'
 'M' 'M' 'M' 'M' 'M' 'M' 'M' 'M' 'M' 'M' 'M' 'M' 'M' 'M' 'M' 'M' 'M' 'M'
 'M' 'M' 'M' 'M' 'M' 'M' 'M' 'M' 'M' 'M' 'M' 'M' 'M' 'M' 'M' 'M' 'M' 'M'
 'M' 'M' 'M' 'M' 'M' 'M' 'M' 'M' 'M' 'M' 'M' 'M' 'M' 'M' 'M' 'M' 'M' 'M'
 'M' 'M' 'U' 'M' 'M' 'M' 'M' 'M' 'M' 'U' 'M' 'M' 'M' 'M' 'M' 'M' 'M' 'M'
 'M' 'M' 'M' 'M' 'M' 'M' 'M' 'M' 'M' 'M' 'M' 'M' 'M' 'M' 'M' 'M' 'M' 'M'
 'M' 'M' 'M' 'M' 'M' 'U' 'U' 'A' 'A' 'A' 'A' 'A' 'U' 'M' 'M' 'M' 'U' 'M'
 'M' 'M' 'M' 'M' 'M' 'U' 'M' 'M' 'M' 'M' 'M' 'M' 'M' 'M' 'M' 'U' 'M' 'M'
 'M' 'M' 'M' 'M' 'U' 'M' 'M' 'M' 'M' 'M' 'M' 'M' 'M' 'M' 'M' 'U' 'M' 'M'
 'M' 'M' 'M' 'M' 'U' 'M' 'M' 'M' 'M' 'M' 'M' 'U' 'M' 'M' 'M' 'M' 'M' 'M']"
28601,0,182,5,177,16,0,0,"['A' 'M' 'M' 'M' 'M' 'M' 'M' 'M' 'M' 'M' 'M' 'M' 'M' 'M' 'M' 'M' 'M' 'M'
 'U' 'M' 'M' 'M' 'M' 'U' 'M' 'M' 'M' 'M' 'M' 'M' 'M' 'M' 'M' 'M' 'M' 'M'
 'M' 'M' 'M' 'M' 'M' 'M' 'M' 'M' 'M' 'M' 'M' 'M' 'M' 'M' 'M' 'M' 'M' 'M'
 'M' 'M' 'M' 'M' 'M' 'M' 'M' 'M' 'M' 'M' 'M' 'U' 'M' 'M' 'M' 'M' 'M' 'M'
 'M' 'M' 'M' 'M' 'M' 'M' 'M' 'M' 'M' 'M' 'M' 'M' 'M' 'M' 'M' 'M' 'M' 'M'
 'M' 'M' 'M' 'M' 'M' 'M' 'M' 'U' 'M' 'U' 'M' 'M' 'M' 'M' 'M' 'M' 'M' 'M'
 'M' 'M' 'M' 'M' 'M' 'M' 'M' 'M' 'M' 'M' 'M' 'M' 'M' 'M' 'M' 'M' 'M' 'M'
 'M' 'M' 'M' 'M' 'M' 'U' 'A' 'A' 'U' 'U' 'A' 'A' 'U' 'M' 'M' 'U' 'U' 'M'
 'M' 'M' 'M' 'M' 'M' 'U' 'M' 'M' 'M' 'M' 'M' 'M' 'M' 'M' 'M' 'M' 'M' 'M'
 'M' 'M' 'M' 'M' 'M' 'M' 'M' 'M' 'M' 'M' 'M' 'M' 'M' 'M' 'M' 'U' 'M' 'M'
 'M' 'M' 'U' 'M' 'U' 'M' 'M' 'M' 'M' 'M' 'M' 'U' 'M' 'M' 'M' 'M' 'M' 'M']"
28701,0,188,7,181,10,0,0,"['A' 'M' 'M' 'M' 'M' 'M' 'M' 'M' 'M' 'M' 'M' 'M' 'M' 'M' 'M' 'M' 'M' 'M'
 'U' 'M' 'M' 'M' 'M' 'U' 'M' 'M' 'M' 'M' 'M' 'M' 'M' 'M' 'M' 'M' 'M' 'M'
 'M' 'M' 'M' 'M' 'M' 'M' 'M' 'M' 'M' 'M' 'M' 'M' 'M' 'M' 'M' 'M' 'M' 'M'
 'M' 'M' 'M' 'M' 'M' 'M' 'M' 'M' 'M' 'M' 'M' 'M' 'M' 'M' 'M' 'M' 'M' 'U'
 'M' 'M' 'M' 'M' 'M' 'M' 'M' 'M' 'M' 'M' 'M' 'M' 'M' 'M' 'M' 'M' 'M' 'M'
 'M' 'M' 'M' 'M' 'M' 'M' 'M' 'M' 'M' 'U' 'M' 'M' 'M' 'M' 'M' 'M' 'M' 'M'
 'M' 'M' 'M' 'M' 'M' 'M' 'M' 'M' 'M' 'M' 'M' 'M' 'M' 'M' 'U' 'M' 'M' 'U'
 'M' 'M' 'M' 'M' 'M' 'U' 'A' 'A' 'A' 'M' 'A' 'A' 'A' 'M' 'M' 'U' 'M' 'M'
 'M' 'M' 'M' 'M' 'M' 'U' 'M' 'M' 'M' 'M' 'M' 'M' 'M' 'M' 'M' 'M' 'M' 'M'
 'M' 'M' 'M' 'M' 'M' 'M' 'U' 'M' 'M' 'M' 'M' 'M' 'M' 'M' 'M' 'M' 'M' 'M'
 'M' 'M' 'M' 'M' 'M' 'M' 'M' 'M' 'M' 'M' 'M' 'M' 'M' 'M' 'M' 'M' 'M' 'M']"
28801,0,184,7,177,14,0,0,"['A' 'M' 'M' 'M' 'M' 'M' 'M' 'M' 'M' 'M' 'M' 'M' 'M' 'M' 'M' 'M' 'M' 'M'
 'U' 'M' 'M' 'M' 'M' 'U' 'M' 'M' 'M' 'M' 'M' 'M' 'M' 'M' 'M' 'M' 'M' 'M'
 'U' 'M' 'M' 'M' 'M' 'M' 'U' 'M' 'M' 'M' 'M' 'M' 'M' 'M' 'M' 'M' 'M' 'M'
 'U' 'M' 'M' 'M' 'M' 'M' 'M' 'M' 'M' 'M' 'M' 'M' 'M' 'M' 'M' 'M' 'M' 'M'
 'M' 'M' 'U' 'M' 'M' 'M' 'M' 'M' 'M' 'M' 'M' 'M' 'M' 'M' 'M' 'M' 'M' 'M'
 'M' 'M' 'M' 'M' 'M' 'M' 'M' 'M' 'M' 'M' 'M' 'M' 'M' 'M' 'M' 'M' 'M' 'M'
 'M' 'M' 'M' 'U' 'M' 'M' 'M' 'M' 'M' 'M' 'U' 'M' 'M' 'M' 'U' 'M' 'M' 'U'
 'M' 'M' 'M' 'M' 'M' 'A' 'U' 'A' 'A' 'U' 'A' 'A' 'A' 'M' 'M' 'M' 'M' 'M'
 'M' 'M' 'M' 'M' 'M' 'M' 'M' 'M' 'M' 'M' 'M' 'M' 'M' 'M' 'M' 'M' 'M' 'M'
 'M' 'M' 'M' 'M' 'M' 'U' 'U' 'M' 'M' 'M' 'M' 'M' 'M' 'M' 'M' 'M' 'M' 'M'
 'M' 'M' 'M' 'M' 'M' 'M' 'M' 'M' 'M' 'M' 'M' 'M' 'M' 'M' 'M' 'M' 'M' 'M']"
28901,0,181,7,174,17,0,0,"['A' 'M' 'M' 'M' 'M' 'U' 'M' 'M' 'M' 'U' 'M' 'M' 'M' 'U' 'M' 'M' 'M' 'M'
 'M' 'M' 'M' 'M' 'M' 'U' 'M' 'M' 'M' 'M' 'M' 'M' 'M' 'M' 'M' 'M' 'M' 'M'
 'M' 'M' 'M' 'M' 'M' 'M' 'U' 'M' 'M' 'M' 'M' 'M' 'M' 'U' 'M' 'M' 'M' 'M'
 'U' 'M' 'M' 'M' 'M' 'M' 'M' 'M' 'M' 'M' 'M' 'M' 'M' 'M' 'M' 'M' 'M' 'U'
 'M' 'M' 'M' 'M' 'M' 'M' 'M' 'M' 'M' 'M' 'M' 'M' 'M' 'M' 'M' 'M' 'M' 'M'
 'M' 'M' 'M' 'M' 'M' 'M' 'M' 'M' 'M' 'M' 'M' 'M' 'M' 'M' 'M' 'M' 'M' 'U'
 'M' 'M' 'M' 'U' 'M' 'M' 'M' 'M' 'M' 'M' 'U' 'M' 'M' 'M' 'U' 'M' 'M' 'U'
 'M' 'M' 'M' 'M' 'M' 'A' 'U' 'A' 'A' 'A' 'A' 'U' 'A' 'M' 'M' 'M' 'M' 'M'
 'M' 'M' 'M' 'M' 'M' 'M' 'M' 'M' 'M' 'M' 'M' 'M' 'M' 'M' 'M' 'M' 'M' 'M'
 'M' 'M' 'M' 'M' 'M' 'U' 'M' 'M' 'M' 'M' 'M' 'M' 'M' 'M' 'M' 'M' 'M' 'M'
 'M' 'M' 'M' 'M' 'M' 'M' 'M' 'U' 'M' 'M' 'M' 'M' 'M' 'M' 'M' 'M' 'M' 'M']"
29001,0,189,10,179,9,0,0,"['A' 'M' 'M' 'M' 'M' 'M' 'M' 'M' 'M' 'M' 'M' 'M' 'M' 'M' 'M' 'M' 'M' 'M'
 'M' 'M' 'M' 'M' 'M' 'M' 'M' 'M' 'M' 'M' 'M' 'M' 'M' 'M' 'M' 'M' 'M' 'M'
 'M' 'M' 'M' 'M' 'M' 'M' 'U' 'M' 'M' 'M' 'M' 'M' 'M' 'U' 'M' 'M' 'M' 'M'
 'U' 'M' 'M' 'M' 'M' 'M' 'M' 'M' 'M' 'M' 'M' 'M' 'M' 'M' 'M' 'M' 'M' 'M'
 'M' 'M' 'M' 'M' 'M' 'M' 'M' 'M' 'U' 'M' 'M' 'M' 'M' 'M' 'M' 'M' 'M' 'M'
 'M' 'M' 'M' 'M' 'M' 'M' 'M' 'M' 'M' 'M' 'M' 'M' 'M' 'M' 'M' 'M' 'M' 'U'
 'M' 'M' 'M' 'U' 'M' 'M' 'M' 'M' 'M' 'M' 'M' 'M' 'M' 'M' 'A' 'M' 'M' 'U'
 'M' 'M' 'M' 'M' 'M' 'A' 'A' 'A' 'A' 'A' 'A' 'A' 'A' 'M' 'M' 'M' 'M' 'M'
 'M' 'M' 'M' 'M' 'M' 'M' 'U' 'M' 'M' 'M' 'M' 'M' 'M' 'M' 'M' 'M' 'M' 'M'
 'M' 'M' 'M' 'M' 'M' 'U' 'M' 'M' 'M' 'M' 'M' 'M' 'M' 'M' 'M' 'M' 'M' 'M'
 'M' 'M' 'M' 'M' 'M' 'M' 'M' 'M' 'M' 'M' 'M' 'M' 'M' 'M' 'M' 'M' 'M' 'M']"
29101,0,188,7,181,10,0,0,"['A' 'M' 'M' 'M' 'M' 'M' 'M' 'M' 'M' 'M' 'M' 'M' 'M' 'M' 'M' 'M' 'M' 'M'
 'M' 'M' 'M' 'M' 'M' 'M' 'M' 'M' 'M' 'M' 'M' 'M' 'M' 'M' 'M' 'M' 'M' 'M'
 'M' 'M' 'M' 'M' 'M' 'M' 'U' 'M' 'M' 'M' 'M' 'M' 'M' 'U' 'M' 'M' 'M' 'M'
 'U' 'M' 'M' 'M' 'M' 'M' 'M' 'M' 'M' 'M' 'M' 'M' 'M' 'M' 'M' 'M' 'M' 'M'
 'M' 'M' 'M' 'M' 'M' 'M' 'M' 'M' 'M' 'M' 'M' 'M' 'M' 'M' 'M' 'M' 'M' 'M'
 'M' 'M' 'M' 'M' 'U' 'M' 'M' 'M' 'M' 'M' 'M' 'M' 'M' 'M' 'M' 'M' 'M' 'M'
 'M' 'M' 'M' 'U' 'M' 'M' 'M' 'M' 'M' 'M' 'M' 'M' 'M' 'M' 'A' 'M' 'M' 'U'
 'M' 'M' 'M' 'M' 'M' 'A' 'A' 'M' 'A' 'M' 'A' 'A' 'U' 'M' 'M' 'M' 'M' 'M'
 'M' 'M' 'M' 'M' 'M' 'U' 'M' 'M' 'M' 'M' 'M' 'M' 'M' 'M' 'M' 'M' 'U' 'M'
 'M' 'M' 'M' 'M' 'M' 'U' 'M' 'M' 'M' 'M' 'M' 'M' 'M' 'M' 'M' 'M' 'M' 'M'
 'M' 'M' 'M' 'M' 'M' 'M' 'M' 'M' 'M' 'M' 'M' 'M' 'M' 'M' 'M' 'M' 'M' 'M']"
29201,1,190,9,181,8,0,0,"['A' 'M' 'M' 'M' 'M' 'M' 'M' 'M' 'M' 'M' 'M' 'M' 'M' 'M' 'M' 'M' 'M' 'M'
 'M' 'M' 'M' 'M' 'M' 'M' 'M' 'M' 'M' 'M' 'M' 'M' 'M' 'M' 'M' 'M' 'M' 'M'
 'M' 'M' 'M' 'M' 'M' 'M' 'U' 'M' 'M' 'M' 'M' 'M' 'M' 'M' 'M' 'M' 'M' 'M'
 'M' 'M' 'M' 'M' 'M' 'M' 'M' 'M' 'M' 'M' 'M' 'M' 'M' 'M' 'M' 'M' 'M' 'M'
 'M' 'M' 'M' 'M' 'M' 'M' 'M' 'M' 'M' 'M' 'M' 'M' 'M' 'M' 'U' 'M' 'M' 'M'
 'M' 'M' 'M' 'M' 'M' 'M' 'M' 'M' 'M' 'M' 'M' 'M' 'M' 'M' 'M' 'M' 'M' 'M'
 'M' 'M' 'M' 'U' 'M' 'M' 'M' 'M' 'M' 'M' 'M' 'M' 'M' 'M' 'A' 'M' 'M' 'U'
 'M' 'M' 'M' 'M' 'M' 'A' 'A' 'A' 'A' 'A' 'A' 'A' 'U' 'M' 'M' 'M' 'M' 'M'
 'M' 'M' 'M' 'M' 'M' 'U' 'M' 'M' 'M' 'M' 'M' 'M' 'M' 'M' 'M' 'M' 'U' 'M'
 'M' 'M' 'M' 'M' 'M' 'U' 'M' 'M' 'M' 'M' 'M' 'M' 'M' 'M' 'M' 'M' 'M' 'M'
 'M' 'M' 'M' 'M' 'M' 'M' 'M' 'M' 'M' 'M' 'M' 'M' 'M' 'M' 'M' 'M' 'M' 'M']"
29301,0,188,9,179,10,0,1,"['A' 'M' 'M' 'M' 'M' 'M' 'M' 'M' 'M' 'M' 'M' 'U' 'M' 'M' 'M' 'M' 'M' 'M'
 'M' 'M' 'M' 'M' 'M' 'M' 'M' 'M' 'M' 'M' 'M' 'M' 'M' 'M' 'M' 'M' 'M' 'M'
 'M' 'M' 'M' 'M' 'M' 'M' 'U' 'M' 'M' 'U' 'M' 'M' 'M' 'M' 'M' 'M' 'M' 'M'
 'M' 'M' 'M' 'M' 'M' 'M' 'M' 'U' 'M' 'M' 'M' 'M' 'M' 'M' 'M' 'M' 'M' 'M'
 'M' 'M' 'M' 'M' 'M' 'M' 'M' 'M' 'M' 'M' 'U' 'M' 'M' 'M' 'M' 'M' 'M' 'M'
 'M' 'M' 'M' 'M' 'M' 'M' 'M' 'M' 'U' 'M' 'M' 'M' 'M' 'M' 'M' 'M' 'M' 'M'
 'M' 'M' 'M' 'U' 'M' 'M' 'M' 'M' 'M' 'M' 'M' 'M' 'M' 'M' 'M' 'M' 'M' 'U'
 'M' 'M' 'M' 'M' 'M' 'A' 'A' 'A' 'A' 'A' 'A' 'A' 'A' 'M' 'M' 'M' 'M' 'M'
 'M' 'M' 'M' 'M' 'M' 'U' 'M' 'M' 'M' 'M' 'M' 'M' 'M' 'M' 'M' 'M' 'M' 'M'
 'M' 'M' 'M' 'M' 'M' 'U' 'M' 'M' 'M' 'M' 'M' 'M' 'M' 'M' 'M' 'M' 'M' 'M'
 'M' 'M' 'M' 'M' 'M' 'M' 'M' 'M' 'M' 'M' 'M' 'M' 'M' 'M' 'M' 'M' 'M' 'M']"
29401,0,184,6,178,14,0,0,"['A' 'M' 'M' 'M' 'M' 'M' 'M' 'M' 'M' 'M' 'M' 'U' 'M' 'M' 'M' 'M' 'M' 'M'
 'M' 'M' 'M' 'M' 'M' 'M' 'M' 'M' 'M' 'M' 'M' 'M' 'M' 'U' 'M' 'M' 'M' 'M'
 'M' 'M' 'M' 'M' 'M' 'M' 'M' 'M' 'M' 'M' 'M' 'M' 'M' 'M' 'M' 'M' 'M' 'M'
 'M' 'M' 'M' 'M' 'M' 'M' 'M' 'U' 'M' 'M' 'M' 'M' 'M' 'M' 'M' 'M' 'M' 'M'
 'M' 'M' 'M' 'M' 'M' 'M' 'M' 'M' 'M' 'M' 'M' 'M' 'M' 'M' 'U' 'M' 'M' 'M'
 'M' 'M' 'M' 'M' 'M' 'M' 'M' 'M' 'U' 'M' 'U' 'M' 'M' 'M' 'M' 'M' 'M' 'M'
 'U' 'M' 'M' 'U' 'M' 'M' 'M' 'M' 'M' 'M' 'M' 'M' 'M' 'M' 'M' 'M' 'M' 'U'
 'M' 'M' 'M' 'M' 'M' 'U' 'U' 'A' 'M' 'A' 'A' 'A' 'A' 'M' 'M' 'M' 'M' 'M'
 'M' 'M' 'U' 'M' 'M' 'U' 'M' 'M' 'M' 'M' 'M' 'M' 'M' 'M' 'M' 'M' 'M' 'M'
 'M' 'M' 'M' 'M' 'M' 'U' 'M' 'M' 'M' 'M' 'M' 'M' 'M' 'M' 'M' 'M' 'M' 'M'
 'M' 'M' 'M' 'M' 'M' 'M' 'M' 'M' 'M' 'M' 'M' 'M' 'M' 'M' 'M' 'M' 'M' 'M']"
29501,1,182,6,176,16,0,0,"['A' 'M' 'M' 'M' 'M' 'M' 'M' 'M' 'M' 'U' 'M' 'M' 'M' 'M' 'M' 'M' 'M' 'M'
 'M' 'M' 'M' 'M' 'M' 'M' 'M' 'M' 'M' 'M' 'M' 'M' 'M' 'M' 'M' 'M' 'M' 'M'
 'M' 'M' 'M' 'M' 'M' 'M' 'M' 'M' 'M' 'M' 'M' 'M' 'M' 'M' 'M' 'M' 'M' 'M'
 'M' 'M' 'M' 'M' 'M' 'M' 'M' 'U' 'U' 'M' 'M' 'M' 'M' 'M' 'M' 'M' 'M' 'M'
 'M' 'M' 'M' 'M' 'U' 'M' 'M' 'M' 'M' 'M' 'M' 'M' 'M' 'M' 'M' 'M' 'M' 'M'
 'M' 'M' 'M' 'M' 'M' 'M' 'U' 'M' 'U' 'U' 'M' 'M' 'M' 'M' 'M' 'M' 'M' 'M'
 'U' 'M' 'M' 'M' 'M' 'M' 'M' 'M' 'M' 'M' 'M' 'M' 'M' 'M' 'M' 'M' 'M' 'U'
 'M' 'M' 'M' 'M' 'M' 'U' 'U' 'A' 'U' 'A' 'A' 'A' 'A' 'M' 'M' 'M' 'U' 'M'
 'M' 'M' 'U' 'M' 'M' 'U' 'M' 'M' 'M' 'M' 'M' 'M' 'M' 'M' 'M' 'M' 'M' 'M'
 'M' 'M' 'M' 'M' 'M' 'U' 'M' 'M' 'M' 'M' 'M' 'M' 'M' 'M' 'M' 'M' 'M' 'M'
 'M' 'M' 'M' 'M' 'M' 'M' 'M' 'M' 'M' 'M' 'M' 'M' 'M' 'M' 'M' 'M' 'M' 'M']"
29601,2,187,9,178,11,0,0,"['A' 'M' 'M' 'M' 'M' 'M' 'M' 'M' 'M' 'U' 'M' 'M' 'M' 'M' 'M' 'M' 'M' 'M'
 'M' 'M' 'M' 'M' 'M' 'M' 'M' 'M' 'M' 'M' 'M' 'M' 'M' 'M' 'M' 'M' 'M' 'M'
 'M' 'M' 'M' 'M' 'U' 'M' 'M' 'M' 'M' 'M' 'M' 'M' 'M' 'M' 'M' 'M' 'M' 'M'
 'M' 'M' 'M' 'M' 'M' 'M' 'M' 'U' 'U' 'M' 'M' 'M' 'M' 'M' 'M' 'M' 'M' 'M'
 'M' 'M' 'M' 'M' 'M' 'M' 'U' 'M' 'M' 'M' 'M' 'M' 'M' 'M' 'M' 'M' 'M' 'M'
 'M' 'M' 'M' 'M' 'M' 'M' 'M' 'M' 'U' 'U' 'M' 'M' 'M' 'M' 'M' 'M' 'M' 'M'
 'M' 'M' 'M' 'M' 'M' 'M' 'M' 'M' 'M' 'M' 'M' 'M' 'M' 'M' 'M' 'M' 'M' 'U'
 'M' 'M' 'M' 'M' 'M' 'A' 'A' 'A' 'A' 'A' 'A' 'A' 'A' 'M' 'M' 'M' 'U' 'M'
 'M' 'M' 'U' 'M' 'M' 'U' 'M' 'M' 'M' 'M' 'M' 'M' 'M' 'M' 'M' 'M' 'M' 'M'
 'M' 'M' 'M' 'M' 'M' 'M' 'M' 'M' 'M' 'M' 'M' 'M' 'M' 'M' 'M' 'M' 'M' 'M'
 'M' 'M' 'M' 'M' 'M' 'M' 'M' 'M' 'M' 'M' 'M' 'M' 'M' 'M' 'M' 'M' 'M' 'M']"
29701,2,189,6,183,9,0,0,"['A' 'M' 'M' 'M' 'M' 'M' 'M' 'M' 'M' 'U' 'M' 'M' 'M' 'M' 'M' 'M' 'U' 'M'
 'M' 'M' 'M' 'M' 'M' 'M' 'M' 'M' 'M' 'M' 'M' 'M' 'M' 'M' 'M' 'M' 'M' 'M'
 'M' 'M' 'M' 'M' 'M' 'M' 'M' 'M' 'M' 'M' 'M' 'M' 'M' 'M' 'M' 'M' 'M' 'M'
 'M' 'M' 'M' 'M' 'M' 'M' 'M' 'M' 'M' 'M' 'M' 'M' 'M' 'M' 'M' 'M' 'M' 'M'
 'M' 'M' 'M' 'U' 'M' 'M' 'M' 'M' 'M' 'M' 'M' 'M' 'M' 'M' 'M' 'M' 'M' 'M'
 'M' 'M' 'M' 'M' 'M' 'M' 'M' 'M' 'U' 'U' 'M' 'M' 'M' 'M' 'M' 'M' 'M' 'M'
 'M' 'M' 'M' 'M' 'M' 'M' 'M' 'M' 'M' 'M' 'M' 'M' 'M' 'M' 'M' 'M' 'M' 'U'
 'M' 'M' 'M' 'M' 'M' 'U' 'A' 'A' 'A' 'A' 'U' 'A' 'U' 'M' 'M' 'M' 'M' 'M'
 'M' 'M' 'M' 'M' 'M' 'M' 'M' 'M' 'M' 'M' 'M' 'M' 'M' 'M' 'M' 'M' 'M' 'M'
 'M' 'M' 'M' 'M' 'M' 'M' 'M' 'M' 'M' 'M' 'M' 'M' 'M' 'M' 'M' 'M' 'M' 'M'
 'M' 'M' 'M' 'M' 'M' 'M' 'M' 'M' 'M' 'M' 'M' 'M' 'M' 'M' 'M' 'M' 'M' 'M']"
29801,0,189,7,182,9,0,0,"['A' 'M' 'M' 'M' 'M' 'M' 'M' 'M' 'M' 'M' 'M' 'M' 'M' 'M' 'M' 'M' 'M' 'M'
 'M' 'M' 'M' 'M' 'M' 'M' 'M' 'M' 'M' 'M' 'M' 'M' 'M' 'M' 'M' 'M' 'M' 'M'
 'M' 'M' 'M' 'M' 'M' 'M' 'M' 'M' 'M' 'M' 'M' 'M' 'U' 'M' 'M' 'M' 'M' 'M'
 'U' 'M' 'M' 'M' 'M' 'M' 'M' 'M' 'M' 'M' 'M' 'M' 'M' 'M' 'M' 'M' 'M' 'M'
 'M' 'M' 'M' 'M' 'U' 'M' 'M' 'M' 'M' 'M' 'M' 'M' 'M' 'M' 'M' 'M' 'M' 'M'
 'M' 'M' 'M' 'M' 'M' 'M' 'M' 'M' 'U' 'U' 'M' 'M' 'M' 'M' 'M' 'M' 'M' 'M'
 'M' 'M' 'M' 'M' 'M' 'M' 'M' 'M' 'U' 'M' 'M' 'M' 'M' 'M' 'M' 'M' 'M' 'U'
 'M' 'M' 'M' 'M' 'M' 'U' 'A' 'A' 'U' 'A' 'A' 'A' 'A' 'M' 'M' 'M' 'M' 'M'
 'M' 'M' 'M' 'M' 'M' 'M' 'M' 'M' 'M' 'M' 'M' 'M' 'M' 'M' 'M' 'M' 'M' 'M'
 'M' 'M' 'M' 'M' 'M' 'M' 'M' 'M' 'M' 'M' 'M' 'M' 'M' 'M' 'M' 'M' 'M' 'M'
 'M' 'M' 'M' 'M' 'M' 'M' 'M' 'M' 'M' 'M' 'M' 'M' 'M' 'M' 'M' 'M' 'M' 'M']"
29901,0,190,8,182,8,0,0,"['A' 'M' 'M' 'M' 'M' 'M' 'M' 'M' 'M' 'M' 'M' 'M' 'M' 'M' 'M' 'M' 'M' 'M'
 'M' 'M' 'M' 'M' 'M' 'M' 'U' 'M' 'M' 'M' 'M' 'M' 'M' 'M' 'M' 'M' 'M' 'M'
 'M' 'M' 'M' 'M' 'M' 'M' 'M' 'M' 'M' 'M' 'M' 'M' 'U' 'M' 'M' 'M' 'M' 'M'
 'M' 'M' 'M' 'M' 'M' 'M' 'M' 'M' 'U' 'M' 'M' 'M' 'M' 'M' 'M' 'M' 'M' 'M'
 'M' 'M' 'M' 'M' 'M' 'M' 'M' 'M' 'M' 'M' 'M' 'M' 'M' 'M' 'M' 'M' 'M' 'M'
 'U' 'M' 'M' 'M' 'M' 'M' 'M' 'M' 'U' 'U' 'M' 'M' 'M' 'M' 'M' 'M' 'M' 'M'
 'M' 'M' 'M' 'M' 'M' 'M' 'M' 'M' 'M' 'M' 'M' 'M' 'M' 'M' 'M' 'M' 'M' 'U'
 'M' 'M' 'M' 'M' 'M' 'A' 'A' 'A' 'U' 'A' 'A' 'A' 'A' 'M' 'M' 'M' 'M' 'M'
 'M' 'M' 'M' 'M' 'M' 'M' 'M' 'M' 'M' 'M' 'M' 'M' 'M' 'M' 'M' 'M' 'M' 'M'
 'M' 'M' 'M' 'M' 'M' 'M' 'M' 'M' 'M' 'M' 'M' 'M' 'M' 'M' 'M' 'M' 'M' 'M'
 'M' 'M' 'M' 'M' 'M' 'M' 'M' 'M' 'M' 'M' 'M' 'M' 'M' 'M' 'M' 'M' 'M' 'M']"
30001,0,191,8,183,7,0,0,"['A' 'M' 'M' 'M' 'M' 'M' 'U' 'M' 'M' 'M' 'M' 'M' 'M' 'M' 'M' 'M' 'M' 'M'
 'M' 'M' 'M' 'M' 'M' 'M' 'U' 'M' 'M' 'M' 'M' 'M' 'M' 'M' 'M' 'M' 'M' 'M'
 'M' 'M' 'M' 'M' 'M' 'M' 'M' 'M' 'M' 'M' 'M' 'M' 'U' 'M' 'M' 'M' 'M' 'M'
 'M' 'M' 'M' 'M' 'M' 'M' 'U' 'M' 'M' 'M' 'M' 'M' 'M' 'M' 'M' 'M' 'M' 'M'
 'U' 'M' 'M' 'M' 'M' 'M' 'M' 'M' 'M' 'M' 'M' 'M' 'M' 'M' 'M' 'M' 'M' 'M'
 'M' 'M' 'M' 'M' 'M' 'M' 'M' 'M' 'M' 'M' 'M' 'M' 'M' 'M' 'M' 'M' 'M' 'M'
 'M' 'M' 'M' 'M' 'M' 'M' 'M' 'M' 'M' 'M' 'M' 'M' 'M' 'M' 'M' 'M' 'M' 'U'
 'M' 'M' 'M' 'M' 'M' 'A' 'A' 'A' 'A' 'M' 'A' 'A' 'A' 'M' 'M' 'M' 'M' 'M'
 'M' 'M' 'M' 'M' 'M' 'M' 'M' 'M' 'M' 'M' 'M' 'M' 'M' 'M' 'M' 'M' 'M' 'M'
 'M' 'M' 'M' 'M' 'M' 'M' 'M' 'M' 'M' 'M' 'M' 'M' 'M' 'M' 'M' 'M' 'M' 'M'
 'M' 'U' 'M' 'M' 'M' 'M' 'M' 'M' 'M' 'M' 'M' 'M' 'M' 'M' 'M' 'M' 'M' 'M']"
30101,0,190,9,181,8,0,0,"['A' 'M' 'M' 'M' 'M' 'M' 'M' 'M' 'M' 'M' 'M' 'M' 'M' 'U' 'M' 'M' 'M' 'M'
 'M' 'M' 'U' 'M' 'M' 'M' 'U' 'M' 'M' 'M' 'M' 'M' 'M' 'M' 'M' 'M' 'M' 'M'
 'M' 'M' 'M' 'M' 'M' 'M' 'M' 'M' 'M' 'M' 'M' 'M' 'M' 'M' 'M' 'M' 'M' 'M'
 'M' 'M' 'M' 'M' 'M' 'M' 'U' 'M' 'M' 'M' 'M' 'M' 'M' 'M' 'M' 'M' 'M' 'M'
 'M' 'M' 'M' 'M' 'M' 'M' 'M' 'M' 'M' 'M' 'M' 'M' 'U' 'M' 'M' 'M' 'M' 'M'
 'M' 'M' 'M' 'M' 'M' 'M' 'M' 'M' 'M' 'M' 'M' 'M' 'M' 'M' 'M' 'M' 'M' 'M'
 'M' 'M' 'M' 'M' 'M' 'M' 'M' 'M' 'M' 'M' 'M' 'M' 'M' 'M' 'M' 'M' 'M' 'M'
 'M' 'M' 'M' 'M' 'M' 'A' 'A' 'A' 'A' 'A' 'A' 'A' 'A' 'M' 'M' 'M' 'M' 'M'
 'M' 'M' 'M' 'M' 'M' 'M' 'M' 'M' 'M' 'M' 'M' 'M' 'M' 'M' 'M' 'M' 'U' 'M'
 'M' 'M' 'M' 'M' 'M' 'M' 'U' 'M' 'M' 'M' 'M' 'M' 'M' 'M' 'M' 'M' 'M' 'M'
 'M' 'M' 'M' 'M' 'M' 'M' 'M' 'U' 'M' 'M' 'M' 'M' 'M' 'M' 'M' 'M' 'M' 'M']"
30201,0,191,9,182,7,0,0,"['A' 'M' 'M' 'M' 'M' 'M' 'M' 'M' 'M' 'M' 'M' 'M' 'M' 'U' 'M' 'M' 'M' 'M'
 'M' 'M' 'U' 'M' 'M' 'M' 'M' 'M' 'M' 'M' 'M' 'M' 'U' 'M' 'M' 'M' 'M' 'M'
 'M' 'M' 'M' 'M' 'M' 'M' 'M' 'M' 'M' 'M' 'M' 'M' 'M' 'M' 'M' 'M' 'M' 'M'
 'M' 'M' 'M' 'M' 'M' 'M' 'U' 'M' 'M' 'M' 'M' 'M' 'M' 'U' 'M' 'M' 'M' 'M'
 'M' 'M' 'M' 'M' 'M' 'M' 'M' 'M' 'M' 'M' 'M' 'M' 'M' 'M' 'M' 'M' 'M' 'M'
 'M' 'M' 'M' 'M' 'M' 'M' 'M' 'M' 'M' 'M' 'U' 'M' 'M' 'M' 'M' 'M' 'M' 'M'
 'M' 'M' 'M' 'M' 'M' 'M' 'M' 'M' 'M' 'M' 'M' 'M' 'M' 'M' 'M' 'M' 'M' 'M'
 'M' 'M' 'M' 'M' 'M' 'A' 'A' 'A' 'A' 'A' 'A' 'A' 'A' 'M' 'M' 'M' 'M' 'M'
 'M' 'M' 'M' 'M' 'M' 'M' 'M' 'M' 'M' 'M' 'M' 'M' 'M' 'M' 'M' 'M' 'M' 'M'
 'M' 'M' 'M' 'M' 'M' 'M' 'M' 'M' 'M' 'M' 'M' 'M' 'M' 'M' 'M' 'M' 'M' 'M'
 'M' 'M' 'M' 'M' 'M' 'M' 'M' 'U' 'M' 'M' 'M' 'M' 'M' 'M' 'M' 'M' 'M' 'M']"
30301,2,188,6,182,10,0,0,"['A' 'M' 'M' 'M' 'M' 'M' 'M' 'M' 'M' 'M' 'M' 'M' 'M' 'M' 'M' 'M' 'M' 'M'
 'M' 'M' 'U' 'M' 'M' 'M' 'M' 'M' 'M' 'M' 'M' 'M' 'U' 'M' 'M' 'M' 'M' 'M'
 'M' 'M' 'M' 'U' 'M' 'M' 'M' 'M' 'M' 'M' 'M' 'U' 'M' 'M' 'M' 'M' 'M' 'M'
 'M' 'M' 'M' 'M' 'M' 'M' 'U' 'M' 'M' 'M' 'M' 'M' 'M' 'M' 'M' 'M' 'M' 'M'
 'M' 'M' 'M' 'M' 'M' 'M' 'M' 'M' 'M' 'M' 'M' 'M' 'M' 'M' 'M' 'M' 'U' 'M'
 'M' 'M' 'M' 'M' 'M' 'M' 'M' 'M' 'M' 'M' 'M' 'M' 'M' 'M' 'M' 'M' 'M' 'M'
 'M' 'M' 'M' 'M' 'M' 'M' 'M' 'M' 'M' 'M' 'M' 'M' 'M' 'M' 'M' 'M' 'M' 'M'
 'M' 'M' 'M' 'M' 'M' 'M' 'U' 'A' 'A' 'A' 'A' 'A' 'U' 'M' 'M' 'M' 'M' 'M'
 'M' 'M' 'M' 'M' 'M' 'M' 'M' 'M' 'M' 'M' 'M' 'M' 'M' 'M' 'M' 'M' 'M' 'M'
 'M' 'M' 'M' 'U' 'M' 'M' 'M' 'M' 'M' 'M' 'M' 'M' 'M' 'M' 'M' 'M' 'M' 'M'
 'U' 'M' 'M' 'M' 'M' 'M' 'M' 'M' 'M' 'M' 'M' 'M' 'M' 'M' 'M' 'M' 'M' 'M']"
30401,0,187,8,179,11,0,0,"['A' 'M' 'M' 'M' 'U' 'M' 'M' 'M' 'M' 'M' 'M' 'M' 'M' 'M' 'M' 'M' 'M' 'M'
 'M' 'M' 'U' 'M' 'M' 'M' 'M' 'M' 'M' 'M' 'M' 'M' 'M' 'M' 'U' 'M' 'M' 'M'
 'M' 'M' 'M' 'U' 'M' 'M' 'M' 'M' 'M' 'M' 'M' 'U' 'M' 'M' 'M' 'M' 'M' 'M'
 'M' 'M' 'M' 'M' 'U' 'M' 'U' 'M' 'M' 'M' 'M' 'M' 'M' 'M' 'M' 'M' 'M' 'M'
 'M' 'U' 'M' 'M' 'M' 'M' 'M' 'M' 'M' 'M' 'M' 'M' 'M' 'M' 'M' 'M' 'M' 'M'
 'M' 'M' 'M' 'M' 'M' 'M' 'M' 'M' 'M' 'M' 'M' 'M' 'M' 'M' 'M' 'M' 'M' 'M'
 'M' 'M' 'M' 'M' 'M' 'M' 'M' 'M' 'M' 'M' 'M' 'M' 'M' 'M' 'M' 'M' 'M' 'M'
 'M' 'M' 'M' 'M' 'M' 'A' 'A' 'A' 'U' 'A' 'A' 'A' 'A' 'M' 'M' 'M' 'M' 'M'
 'M' 'M' 'U' 'M' 'M' 'M' 'M' 'M' 'M' 'M' 'M' 'M' 'M' 'M' 'M' 'M' 'M' 'M'
 'M' 'M' 'M' 'M' 'M' 'M' 'M' 'M' 'M' 'M' 'M' 'M' 'M' 'M' 'M' 'M' 'M' 'M'
 'U' 'M' 'M' 'M' 'M' 'M' 'M' 'M' 'M' 'M' 'M' 'M' 'M' 'M' 'M' 'M' 'M' 'M']"
30501,0,191,9,182,7,0,0,"['A' 'M' 'M' 'M' 'M' 'M' 'M' 'M' 'M' 'M' 'M' 'M' 'M' 'M' 'M' 'M' 'M' 'M'
 'M' 'M' 'U' 'M' 'M' 'M' 'M' 'M' 'M' 'M' 'M' 'M' 'M' 'M' 'U' 'M' 'M' 'M'
 'M' 'M' 'M' 'U' 'M' 'M' 'M' 'M' 'M' 'M' 'M' 'M' 'M' 'M' 'M' 'M' 'M' 'M'
 'M' 'M' 'M' 'M' 'U' 'M' 'M' 'U' 'M' 'M' 'M' 'U' 'M' 'M' 'M' 'M' 'M' 'M'
 'M' 'M' 'M' 'M' 'M' 'M' 'M' 'M' 'M' 'M' 'M' 'M' 'M' 'M' 'M' 'M' 'M' 'M'
 'M' 'M' 'M' 'M' 'M' 'M' 'M' 'M' 'M' 'M' 'M' 'M' 'M' 'M' 'M' 'M' 'M' 'M'
 'M' 'M' 'M' 'M' 'M' 'M' 'M' 'M' 'M' 'M' 'M' 'M' 'M' 'M' 'M' 'M' 'M' 'M'
 'M' 'M' 'M' 'M' 'M' 'A' 'A' 'A' 'A' 'A' 'A' 'A' 'A' 'M' 'M' 'M' 'M' 'M'
 'M' 'M' 'M' 'M' 'M' 'M' 'M' 'M' 'M' 'M' 'M' 'M' 'M' 'M' 'M' 'M' 'M' 'M'
 'M' 'M' 'M' 'M' 'M' 'M' 'M' 'M' 'M' 'M' 'M' 'M' 'M' 'M' 'M' 'M' 'M' 'M'
 'U' 'M' 'M' 'M' 'M' 'M' 'M' 'M' 'M' 'M' 'M' 'M' 'M' 'M' 'M' 'M' 'M' 'M']"
30601,0,189,6,183,9,0,0,"['A' 'M' 'M' 'M' 'M' 'M' 'M' 'M' 'M' 'M' 'U' 'M' 'M' 'M' 'M' 'M' 'M' 'M'
 'M' 'M' 'U' 'M' 'M' 'M' 'M' 'M' 'M' 'M' 'M' 'M' 'M' 'M' 'M' 'M' 'M' 'M'
 'M' 'M' 'M' 'U' 'M' 'M' 'M' 'M' 'M' 'M' 'M' 'M' 'M' 'M' 'M' 'M' 'M' 'M'
 'M' 'M' 'M' 'M' 'M' 'M' 'M' 'M' 'M' 'M' 'M' 'M' 'M' 'M' 'M' 'M' 'M' 'M'
 'M' 'M' 'M' 'M' 'M' 'M' 'M' 'M' 'M' 'M' 'M' 'M' 'M' 'M' 'M' 'U' 'M' 'M'
 'M' 'M' 'M' 'M' 'M' 'M' 'M' 'M' 'M' 'M' 'M' 'M' 'M' 'M' 'M' 'M' 'M' 'M'
 'M' 'M' 'M' 'M' 'M' 'M' 'M' 'M' 'M' 'M' 'U' 'M' 'M' 'M' 'M' 'M' 'M' 'M'
 'M' 'U' 'M' 'M' 'M' 'A' 'U' 'A' 'A' 'A' 'A' 'U' 'U' 'M' 'M' 'M' 'M' 'M'
 'M' 'M' 'M' 'M' 'M' 'M' 'M' 'M' 'M' 'M' 'M' 'M' 'M' 'M' 'M' 'M' 'M' 'M'
 'M' 'M' 'M' 'M' 'M' 'M' 'M' 'M' 'M' 'M' 'M' 'M' 'M' 'M' 'M' 'M' 'M' 'M'
 'M' 'M' 'M' 'M' 'M' 'M' 'M' 'M' 'M' 'M' 'M' 'M' 'M' 'M' 'M' 'M' 'M' 'M']"
30701,0,188,5,183,10,0,0,"['A' 'M' 'M' 'M' 'M' 'M' 'M' 'M' 'M' 'M' 'M' 'M' 'M' 'M' 'M' 'M' 'M' 'M'
 'M' 'M' 'U' 'M' 'M' 'M' 'M' 'M' 'M' 'M' 'M' 'M' 'M' 'M' 'M' 'M' 'M' 'M'
 'M' 'M' 'M' 'U' 'M' 'M' 'M' 'M' 'M' 'M' 'M' 'M' 'M' 'M' 'M' 'M' 'M' 'M'
 'M' 'M' 'M' 'M' 'M' 'M' 'M' 'M' 'M' 'M' 'M' 'M' 'M' 'M' 'M' 'M' 'M' 'M'
 'M' 'M' 'M' 'M' 'M' 'M' 'M' 'M' 'M' 'M' 'M' 'M' 'U' 'M' 'M' 'M' 'M' 'M'
 'M' 'M' 'M' 'M' 'M' 'M' 'M' 'M' 'M' 'M' 'M' 'M' 'M' 'M' 'M' 'M' 'M' 'M'
 'U' 'M' 'M' 'M' 'M' 'M' 'M' 'M' 'M' 'M' 'M' 'M' 'M' 'M' 'M' 'M' 'M' 'M'
 'M' 'U' 'M' 'M' 'M' 'A' 'U' 'U' 'U' 'A' 'A' 'A' 'M' 'M' 'M' 'M' 'M' 'M'
 'M' 'M' 'M' 'M' 'M' 'M' 'M' 'M' 'M' 'M' 'M' 'M' 'M' 'M' 'M' 'M' 'M' 'M'
 'U' 'M' 'M' 'M' 'M' 'M' 'M' 'M' 'M' 'M' 'M' 'M' 'M' 'M' 'M' 'M' 'M' 'M'
 'M' 'M' 'M' 'M' 'M' 'M' 'M' 'M' 'M' 'M' 'M' 'M' 'U' 'M' 'M' 'M' 'M' 'M']"
30801,0,189,7,182,9,0,0,"['A' 'M' 'M' 'M' 'M' 'M' 'M' 'M' 'M' 'M' 'M' 'M' 'M' 'M' 'M' 'M' 'M' 'M'
 'M' 'M' 'M' 'M' 'M' 'M' 'M' 'M' 'M' 'M' 'M' 'M' 'M' 'M' 'M' 'M' 'M' 'M'
 'M' 'M' 'M' 'U' 'M' 'M' 'M' 'M' 'M' 'M' 'M' 'M' 'M' 'M' 'M' 'M' 'M' 'M'
 'M' 'M' 'M' 'M' 'U' 'M' 'M' 'M' 'M' 'M' 'M' 'M' 'M' 'M' 'M' 'M' 'M' 'M'
 'M' 'M' 'M' 'U' 'M' 'M' 'M' 'M' 'M' 'M' 'M' 'M' 'M' 'M' 'M' 'M' 'M' 'M'
 'M' 'M' 'M' 'M' 'M' 'M' 'M' 'M' 'M' 'M' 'M' 'M' 'M' 'M' 'M' 'M' 'M' 'M'
 'U' 'M' 'M' 'M' 'U' 'M' 'M' 'M' 'M' 'M' 'M' 'U' 'M' 'M' 'M' 'M' 'M' 'M'
 'M' 'M' 'M' 'M' 'M' 'A' 'A' 'A' 'A' 'U' 'A' 'A' 'U' 'M' 'M' 'M' 'M' 'M'
 'M' 'M' 'M' 'M' 'M' 'M' 'M' 'M' 'M' 'M' 'M' 'M' 'M' 'M' 'M' 'M' 'M' 'M'
 'U' 'M' 'M' 'M' 'M' 'M' 'M' 'M' 'M' 'M' 'M' 'M' 'M' 'M' 'M' 'M' 'M' 'M'
 'M' 'M' 'M' 'M' 'M' 'M' 'M' 'M' 'M' 'M' 'M' 'M' 'M' 'M' 'M' 'M' 'M' 'M']"
30901,0,186,5,181,12,0,0,"['A' 'M' 'U' 'M' 'M' 'M' 'M' 'M' 'M' 'M' 'M' 'M' 'M' 'M' 'M' 'M' 'M' 'M'
 'M' 'M' 'M' 'M' 'M' 'M' 'M' 'M' 'M' 'M' 'M' 'M' 'M' 'M' 'M' 'M' 'M' 'M'
 'M' 'M' 'M' 'U' 'M' 'M' 'M' 'M' 'M' 'M' 'M' 'M' 'M' 'M' 'M' 'M' 'M' 'M'
 'M' 'M' 'M' 'M' 'U' 'M' 'M' 'M' 'M' 'M' 'U' 'M' 'M' 'M' 'M' 'M' 'M' 'M'
 'M' 'M' 'M' 'M' 'U' 'M' 'M' 'M' 'M' 'M' 'M' 'M' 'M' 'M' 'M' 'M' 'M' 'M'
 'M' 'M' 'M' 'M' 'M' 'M' 'M' 'M' 'U' 'M' 'M' 'M' 'M' 'M' 'M' 'M' 'M' 'M'
 'U' 'M' 'M' 'M' 'U' 'M' 'M' 'M' 'M' 'M' 'M' 'U' 'M' 'M' 'M' 'M' 'M' 'M'
 'M' 'M' 'M' 'M' 'M' 'A' 'A' 'A' 'U' 'M' 'U' 'A' 'M' 'M' 'M' 'M' 'M' 'M'
 'M' 'M' 'M' 'M' 'M' 'M' 'M' 'M' 'M' 'M' 'M' 'M' 'M' 'M' 'M' 'M' 'M' 'M'
 'U' 'M' 'M' 'M' 'M' 'M' 'M' 'M' 'M' 'M' 'M' 'M' 'M' 'M' 'M' 'M' 'M' 'M'
 'M' 'M' 'M' 'M' 'M' 'M' 'M' 'M' 'M' 'M' 'M' 'M' 'M' 'M' 'M' 'M' 'M' 'M']"
31001,0,189,4,185,9,1,0,"['A' 'M' 'M' 'M' 'M' 'M' 'M' 'M' 'M' 'M' 'M' 'M' 'M' 'M' 'M' 'M' 'M' 'M'
 'M' 'M' 'M' 'M' 'M' 'M' 'M' 'M' 'M' 'M' 'M' 'M' 'M' 'M' 'M' 'M' 'M' 'M'
 'M' 'M' 'M' 'U' 'M' 'M' 'M' 'M' 'M' 'M' 'M' 'M' 'M' 'M' 'M' 'M' 'M' 'M'
 'M' 'M' 'M' 'M' 'M' 'M' 'M' 'M' 'M' 'M' 'M' 'U' 'M' 'M' 'M' 'M' 'M' 'M'
 'M' 'M' 'M' 'M' 'M' 'M' 'M' 'M' 'M' 'M' 'M' 'M' 'M' 'M' 'M' 'M' 'M' 'M'
 'M' 'M' 'M' 'M' 'M' 'M' 'M' 'M' 'U' 'M' 'M' 'M' 'M' 'M' 'M' 'M' 'M' 'M'
 'U' 'M' 'M' 'M' 'M' 'M' 'M' 'M' 'U' 'M' 'M' 'U' 'M' 'M' 'M' 'M' 'M' 'M'
 'M' 'M' 'M' 'M' 'M' 'A' 'U' 'A' 'M' 'M' 'U' 'A' 'M' 'M' 'M' 'M' 'M' 'M'
 'M' 'M' 'M' 'M' 'M' 'M' 'M' 'M' 'M' 'M' 'M' 'M' 'M' 'M' 'M' 'M' 'M' 'M'
 'U' 'M' 'M' 'M' 'M' 'M' 'M' 'M' 'M' 'M' 'M' 'M' 'M' 'M' 'M' 'M' 'M' 'M'
 'M' 'M' 'M' 'M' 'M' 'M' 'M' 'M' 'M' 'M' 'M' 'M' 'M' 'M' 'M' 'M' 'M' 'M']"
31101,0,191,7,184,7,0,0,"['A' 'M' 'M' 'M' 'M' 'M' 'M' 'M' 'M' 'M' 'M' 'M' 'M' 'M' 'M' 'M' 'M' 'M'
 'M' 'M' 'M' 'M' 'M' 'M' 'M' 'M' 'M' 'M' 'M' 'M' 'M' 'M' 'M' 'U' 'M' 'M'
 'M' 'M' 'M' 'M' 'M' 'M' 'M' 'M' 'M' 'M' 'M' 'M' 'M' 'M' 'M' 'M' 'M' 'M'
 'M' 'M' 'M' 'M' 'M' 'M' 'M' 'M' 'M' 'M' 'M' 'M' 'M' 'M' 'M' 'M' 'M' 'M'
 'M' 'M' 'M' 'M' 'M' 'M' 'M' 'M' 'M' 'M' 'M' 'M' 'M' 'M' 'U' 'M' 'M' 'M'
 'M' 'M' 'M' 'M' 'M' 'M' 'M' 'M' 'U' 'M' 'M' 'M' 'M' 'M' 'M' 'M' 'M' 'M'
 'M' 'M' 'M' 'M' 'M' 'M' 'M' 'M' 'U' 'M' 'M' 'U' 'M' 'M' 'M' 'M' 'M' 'M'
 'M' 'M' 'M' 'M' 'M' 'A' 'A' 'A' 'A' 'U' 'A' 'A' 'U' 'M' 'M' 'M' 'M' 'M'
 'M' 'M' 'M' 'M' 'M' 'M' 'M' 'M' 'M' 'M' 'M' 'M' 'M' 'M' 'M' 'M' 'M' 'M'
 'M' 'M' 'M' 'M' 'M' 'M' 'M' 'M' 'M' 'M' 'M' 'M' 'M' 'M' 'M' 'M' 'M' 'M'
 'M' 'M' 'M' 'M' 'M' 'M' 'M' 'M' 'M' 'M' 'M' 'M' 'M' 'M' 'M' 'M' 'M' 'M']"
31201,0,190,6,184,8,0,0,"['A' 'M' 'M' 'M' 'M' 'M' 'M' 'M' 'M' 'M' 'M' 'M' 'M' 'M' 'M' 'M' 'M' 'U'
 'M' 'M' 'M' 'M' 'M' 'M' 'M' 'M' 'M' 'M' 'M' 'M' 'M' 'M' 'M' 'M' 'M' 'M'
 'M' 'M' 'M' 'M' 'M' 'M' 'M' 'M' 'M' 'M' 'M' 'M' 'M' 'M' 'M' 'M' 'M' 'M'
 'M' 'M' 'M' 'M' 'M' 'M' 'M' 'M' 'M' 'M' 'M' 'M' 'M' 'M' 'M' 'M' 'M' 'M'
 'M' 'M' 'M' 'M' 'M' 'M' 'M' 'M' 'M' 'M' 'M' 'M' 'M' 'M' 'M' 'M' 'M' 'M'
 'M' 'U' 'M' 'M' 'M' 'M' 'M' 'M' 'M' 'M' 'M' 'M' 'M' 'M' 'M' 'M' 'M' 'M'
 'M' 'M' 'M' 'M' 'M' 'M' 'M' 'M' 'U' 'M' 'M' 'U' 'U' 'M' 'M' 'M' 'M' 'M'
 'M' 'M' 'M' 'M' 'M' 'A' 'U' 'A' 'A' 'A' 'U' 'A' 'M' 'M' 'M' 'M' 'M' 'M'
 'M' 'M' 'M' 'M' 'M' 'M' 'M' 'M' 'M' 'M' 'M' 'M' 'M' 'M' 'M' 'M' 'M' 'M'
 'M' 'M' 'M' 'M' 'M' 'M' 'M' 'M' 'M' 'M' 'M' 'M' 'M' 'M' 'M' 'M' 'M' 'M'
 'M' 'M' 'M' 'M' 'M' 'M' 'M' 'M' 'M' 'M' 'M' 'M' 'M' 'M' 'U' 'M' 'M' 'M']"
31301,0,186,8,178,12,0,0,"['A' 'M' 'M' 'M' 'M' 'M' 'M' 'M' 'M' 'M' 'M' 'M' 'M' 'M' 'M' 'M' 'M' 'U'
 'M' 'M' 'M' 'M' 'M' 'M' 'M' 'M' 'M' 'M' 'M' 'M' 'M' 'M' 'M' 'U' 'M' 'U'
 'M' 'M' 'M' 'M' 'M' 'M' 'M' 'M' 'M' 'M' 'M' 'M' 'M' 'M' 'M' 'M' 'M' 'M'
 'M' 'M' 'M' 'M' 'M' 'M' 'M' 'M' 'M' 'M' 'M' 'M' 'M' 'M' 'M' 'M' 'M' 'M'
 'M' 'M' 'M' 'M' 'M' 'M' 'M' 'M' 'M' 'M' 'M' 'M' 'M' 'M' 'M' 'M' 'U' 'M'
 'M' 'M' 'M' 'M' 'M' 'M' 'M' 'U' 'M' 'U' 'M' 'M' 'M' 'M' 'M' 'M' 'M' 'M'
 'M' 'M' 'M' 'M' 'M' 'M' 'M' 'M' 'M' 'M' 'M' 'U' 'U' 'M' 'M' 'M' 'M' 'M'
 'M' 'M' 'M' 'M' 'M' 'A' 'A' 'A' 'A' 'A' 'A' 'A' 'U' 'M' 'M' 'M' 'M' 'M'
 'M' 'M' 'M' 'M' 'M' 'M' 'M' 'M' 'M' 'M' 'M' 'M' 'M' 'M' 'M' 'M' 'M' 'M'
 'M' 'M' 'M' 'M' 'M' 'M' 'M' 'M' 'M' 'M' 'M' 'M' 'M' 'M' 'U' 'M' 'M' 'M'
 'M' 'M' 'M' 'M' 'M' 'M' 'M' 'U' 'M' 'M' 'M' 'M' 'M' 'M' 'U' 'M' 'M' 'M']"
31401,0,186,7,179,12,0,0,"['A' 'M' 'M' 'M' 'M' 'M' 'M' 'M' 'M' 'M' 'M' 'M' 'M' 'M' 'M' 'M' 'M' 'M'
 'M' 'M' 'M' 'M' 'M' 'M' 'M' 'M' 'M' 'M' 'M' 'M' 'M' 'M' 'M' 'U' 'M' 'M'
 'U' 'M' 'M' 'M' 'M' 'M' 'M' 'M' 'M' 'M' 'M' 'M' 'M' 'M' 'M' 'U' 'M' 'M'
 'M' 'M' 'M' 'M' 'M' 'M' 'M' 'M' 'M' 'M' 'M' 'M' 'M' 'M' 'M' 'M' 'M' 'M'
 'M' 'M' 'M' 'M' 'M' 'M' 'M' 'M' 'M' 'M' 'M' 'M' 'M' 'M' 'M' 'M' 'M' 'M'
 'M' 'M' 'M' 'M' 'U' 'M' 'U' 'U' 'M' 'U' 'M' 'M' 'M' 'M' 'M' 'M' 'M' 'M'
 'M' 'M' 'M' 'M' 'M' 'M' 'M' 'M' 'M' 'M' 'A' 'U' 'U' 'M' 'M' 'M' 'M' 'M'
 'M' 'M' 'M' 'M' 'M' 'A' 'A' 'M' 'A' 'A' 'U' 'A' 'M' 'M' 'M' 'M' 'M' 'M'
 'M' 'M' 'M' 'M' 'M' 'M' 'M' 'M' 'M' 'M' 'M' 'M' 'M' 'M' 'M' 'M' 'M' 'M'
 'M' 'M' 'M' 'M' 'M' 'M' 'M' 'M' 'M' 'M' 'M' 'M' 'M' 'M' 'M' 'M' 'M' 'M'
 'M' 'M' 'M' 'M' 'M' 'M' 'M' 'U' 'M' 'M' 'M' 'M' 'M' 'M' 'U' 'M' 'M' 'M']"
31501,2,186,6,180,12,0,0,"['A' 'M' 'M' 'M' 'M' 'M' 'M' 'M' 'M' 'M' 'M' 'M' 'M' 'M' 'M' 'M' 'M' 'M'
 'M' 'M' 'M' 'M' 'M' 'M' 'M' 'M' 'M' 'M' 'M' 'M' 'M' 'M' 'M' 'M' 'M' 'M'
 'U' 'M' 'M' 'M' 'M' 'M' 'M' 'M' 'M' 'M' 'M' 'M' 'M' 'M' 'M' 'M' 'M' 'M'
 'M' 'U' 'M' 'M' 'M' 'M' 'M' 'M' 'M' 'M' 'M' 'M' 'U' 'M' 'M' 'M' 'M' 'M'
 'M' 'M' 'M' 'M' 'M' 'M' 'M' 'M' 'M' 'M' 'M' 'M' 'M' 'M' 'M' 'M' 'M' 'M'
 'M' 'M' 'M' 'M' 'M' 'M' 'M' 'U' 'M' 'U' 'M' 'M' 'M' 'M' 'M' 'M' 'M' 'M'
 'M' 'M' 'M' 'M' 'M' 'M' 'M' 'M' 'M' 'M' 'A' 'U' 'M' 'M' 'M' 'M' 'M' 'M'
 'M' 'M' 'M' 'M' 'M' 'A' 'A' 'U' 'A' 'U' 'U' 'A' 'U' 'M' 'M' 'M' 'M' 'M'
 'M' 'M' 'M' 'M' 'M' 'M' 'M' 'M' 'M' 'M' 'M' 'M' 'M' 'M' 'M' 'M' 'M' 'M'
 'M' 'M' 'M' 'M' 'M' 'M' 'M' 'M' 'M' 'M' 'M' 'M' 'M' 'M' 'M' 'M' 'M' 'M'
 'M' 'M' 'M' 'M' 'M' 'M' 'M' 'U' 'M' 'M' 'M' 'M' 'M' 'M' 'M' 'M' 'M' 'U']"
31601,0,187,4,183,11,0,0,"['A' 'M' 'M' 'M' 'M' 'M' 'M' 'M' 'M' 'M' 'M' 'M' 'M' 'M' 'M' 'M' 'M' 'M'
 'M' 'M' 'M' 'M' 'M' 'M' 'M' 'M' 'M' 'M' 'M' 'M' 'M' 'M' 'M' 'M' 'M' 'M'
 'M' 'M' 'M' 'M' 'M' 'M' 'M' 'M' 'M' 'M' 'M' 'M' 'M' 'M' 'M' 'M' 'M' 'M'
 'U' 'M' 'M' 'M' 'M' 'M' 'M' 'M' 'M' 'M' 'M' 'M' 'M' 'M' 'M' 'M' 'M' 'M'
 'M' 'M' 'M' 'M' 'U' 'M' 'M' 'M' 'M' 'M' 'M' 'M' 'M' 'M' 'M' 'M' 'M' 'M'
 'M' 'M' 'M' 'M' 'M' 'M' 'M' 'U' 'M' 'U' 'M' 'M' 'M' 'M' 'M' 'M' 'M' 'M'
 'M' 'M' 'M' 'M' 'U' 'M' 'M' 'M' 'M' 'M' 'M' 'M' 'M' 'M' 'M' 'M' 'M' 'M'
 'M' 'M' 'M' 'M' 'M' 'U' 'U' 'A' 'A' 'A' 'U' 'U' 'U' 'M' 'M' 'M' 'M' 'M'
 'M' 'M' 'M' 'M' 'M' 'M' 'M' 'M' 'M' 'M' 'M' 'M' 'M' 'M' 'M' 'M' 'M' 'M'
 'M' 'M' 'M' 'M' 'M' 'M' 'M' 'M' 'M' 'M' 'M' 'M' 'M' 'M' 'M' 'M' 'M' 'M'
 'M' 'M' 'M' 'M' 'M' 'M' 'M' 'M' 'M' 'M' 'M' 'M' 'M' 'M' 'M' 'M' 'M' 'U']"
31701,0,189,4,185,9,0,0,"['A' 'M' 'M' 'M' 'M' 'M' 'M' 'M' 'M' 'M' 'M' 'M' 'M' 'M' 'M' 'M' 'M' 'M'
 'M' 'M' 'M' 'M' 'M' 'M' 'M' 'M' 'M' 'M' 'M' 'M' 'M' 'M' 'M' 'M' 'M' 'M'
 'M' 'M' 'M' 'M' 'M' 'U' 'M' 'M' 'M' 'M' 'M' 'M' 'M' 'M' 'U' 'M' 'M' 'M'
 'M' 'M' 'M' 'M' 'M' 'M' 'M' 'M' 'M' 'M' 'M' 'M' 'M' 'M' 'M' 'M' 'M' 'M'
 'M' 'M' 'M' 'M' 'M' 'M' 'M' 'U' 'M' 'M' 'M' 'M' 'M' 'M' 'M' 'M' 'M' 'M'
 'M' 'M' 'M' 'M' 'M' 'M' 'M' 'U' 'M' 'M' 'M' 'M' 'M' 'M' 'M' 'M' 'M' 'M'
 'M' 'M' 'M' 'M' 'U' 'M' 'M' 'M' 'M' 'M' 'M' 'M' 'M' 'M' 'M' 'M' 'M' 'M'
 'M' 'M' 'M' 'M' 'M' 'M' 'M' 'A' 'A' 'A' 'U' 'U' 'U' 'M' 'M' 'M' 'M' 'M'
 'M' 'M' 'M' 'M' 'M' 'M' 'M' 'M' 'M' 'M' 'M' 'M' 'M' 'M' 'M' 'M' 'M' 'M'
 'M' 'M' 'M' 'M' 'M' 'M' 'M' 'M' 'M' 'M' 'M' 'M' 'M' 'M' 'M' 'M' 'M' 'M'
 'M' 'M' 'M' 'M' 'M' 'M' 'M' 'M' 'M' 'M' 'M' 'M' 'M' 'M' 'M' 'M' 'M' 'U']"
31801,0,189,3,186,9,0,0,"['A' 'M' 'M' 'M' 'M' 'M' 'M' 'M' 'M' 'M' 'M' 'M' 'M' 'M' 'M' 'M' 'M' 'M'
 'M' 'M' 'M' 'M' 'M' 'M' 'M' 'M' 'M' 'M' 'M' 'M' 'M' 'M' 'M' 'M' 'M' 'M'
 'M' 'M' 'M' 'M' 'M' 'U' 'M' 'M' 'M' 'M' 'U' 'M' 'M' 'M' 'U' 'M' 'M' 'M'
 'M' 'M' 'M' 'M' 'M' 'M' 'M' 'M' 'M' 'M' 'M' 'M' 'M' 'M' 'M' 'M' 'M' 'U'
 'M' 'M' 'M' 'M' 'M' 'M' 'M' 'M' 'M' 'M' 'M' 'M' 'M' 'M' 'M' 'M' 'M' 'M'
 'M' 'M' 'M' 'M' 'M' 'M' 'M' 'U' 'M' 'M' 'M' 'M' 'M' 'M' 'M' 'M' 'M' 'M'
 'M' 'M' 'M' 'M' 'U' 'M' 'M' 'M' 'M' 'M' 'M' 'M' 'M' 'M' 'M' 'M' 'M' 'M'
 'M' 'M' 'M' 'M' 'M' 'M' 'M' 'A' 'U' 'A' 'U' 'M' 'M' 'M' 'M' 'M' 'M' 'M'
 'M' 'M' 'M' 'M' 'M' 'M' 'M' 'M' 'M' 'M' 'M' 'M' 'M' 'M' 'M' 'M' 'M' 'M'
 'M' 'M' 'U' 'M' 'M' 'M' 'M' 'M' 'M' 'M' 'M' 'M' 'M' 'M' 'M' 'M' 'M' 'M'
 'M' 'M' 'M' 'M' 'M' 'M' 'M' 'M' 'M' 'M' 'M' 'M' 'M' 'M' 'M' 'M' 'M' 'M']"
31901,0,191,7,184,7,0,0,"['A' 'M' 'M' 'M' 'M' 'M' 'M' 'M' 'M' 'M' 'M' 'M' 'M' 'M' 'M' 'M' 'M' 'M'
 'M' 'M' 'M' 'M' 'M' 'M' 'M' 'M' 'M' 'M' 'M' 'M' 'M' 'M' 'M' 'M' 'M' 'U'
 'M' 'M' 'M' 'M' 'M' 'U' 'M' 'M' 'M' 'M' 'U' 'M' 'M' 'M' 'M' 'M' 'M' 'M'
 'M' 'M' 'M' 'M' 'M' 'M' 'M' 'M' 'M' 'M' 'M' 'M' 'M' 'M' 'M' 'M' 'M' 'M'
 'M' 'M' 'U' 'M' 'M' 'M' 'M' 'M' 'M' 'M' 'M' 'M' 'M' 'M' 'M' 'M' 'M' 'M'
 'M' 'M' 'M' 'M' 'M' 'M' 'M' 'M' 'M' 'M' 'M' 'M' 'M' 'M' 'M' 'M' 'M' 'M'
 'M' 'M' 'M' 'M' 'M' 'M' 'M' 'M' 'M' 'M' 'M' 'M' 'M' 'M' 'M' 'M' 'M' 'M'
 'M' 'M' 'M' 'M' 'M' 'U' 'A' 'A' 'A' 'A' 'A' 'A' 'U' 'M' 'M' 'M' 'M' 'M'
 'M' 'M' 'M' 'M' 'M' 'M' 'M' 'M' 'M' 'M' 'M' 'M' 'M' 'M' 'M' 'U' 'M' 'M'
 'M' 'M' 'M' 'M' 'M' 'M' 'M' 'M' 'M' 'M' 'M' 'M' 'M' 'M' 'M' 'M' 'M' 'M'
 'M' 'M' 'M' 'M' 'M' 'M' 'M' 'M' 'M' 'M' 'M' 'M' 'M' 'M' 'M' 'M' 'M' 'M']"
32001,0,188,6,182,10,0,0,"['A' 'M' 'M' 'M' 'M' 'M' 'M' 'M' 'M' 'M' 'M' 'M' 'M' 'M' 'M' 'M' 'M' 'M'
 'M' 'M' 'M' 'M' 'M' 'M' 'M' 'M' 'M' 'M' 'M' 'M' 'M' 'M' 'M' 'M' 'M' 'U'
 'M' 'M' 'M' 'M' 'M' 'U' 'M' 'M' 'M' 'M' 'U' 'M' 'M' 'M' 'M' 'M' 'M' 'M'
 'M' 'M' 'M' 'M' 'M' 'M' 'M' 'M' 'M' 'M' 'M' 'M' 'M' 'M' 'U' 'M' 'M' 'M'
 'M' 'M' 'M' 'M' 'M' 'M' 'M' 'M' 'M' 'M' 'M' 'M' 'M' 'M' 'M' 'M' 'M' 'M'
 'M' 'M' 'M' 'M' 'M' 'M' 'M' 'M' 'M' 'M' 'M' 'M' 'M' 'M' 'M' 'M' 'M' 'M'
 'M' 'M' 'M' 'M' 'M' 'M' 'M' 'M' 'M' 'M' 'M' 'M' 'M' 'M' 'M' 'M' 'M' 'M'
 'M' 'M' 'M' 'M' 'M' 'M' 'A' 'A' 'A' 'U' 'U' 'A' 'A' 'M' 'M' 'M' 'U' 'M'
 'M' 'M' 'M' 'M' 'U' 'M' 'M' 'M' 'M' 'M' 'M' 'M' 'M' 'M' 'M' 'U' 'M' 'M'
 'M' 'M' 'M' 'M' 'M' 'M' 'M' 'M' 'M' 'M' 'M' 'M' 'M' 'M' 'M' 'M' 'M' 'M'
 'M' 'U' 'M' 'M' 'M' 'M' 'M' 'M' 'M' 'M' 'M' 'M' 'M' 'M' 'M' 'M' 'M' 'M']"
32101,0,191,9,182,7,0,0,"['A' 'M' 'U' 'M' 'M' 'M' 'M' 'M' 'M' 'M' 'M' 'M' 'M' 'M' 'M' 'M' 'M' 'M'
 'M' 'M' 'M' 'M' 'M' 'M' 'M' 'U' 'M' 'M' 'M' 'M' 'M' 'M' 'M' 'M' 'M' 'M'
 'M' 'M' 'U' 'M' 'M' 'M' 'M' 'M' 'M' 'M' 'M' 'M' 'M' 'M' 'M' 'M' 'M' 'M'
 'M' 'M' 'M' 'M' 'M' 'M' 'M' 'M' 'M' 'M' 'M' 'M' 'M' 'M' 'M' 'M' 'M' 'M'
 'M' 'M' 'M' 'M' 'M' 'M' 'M' 'M' 'M' 'M' 'M' 'M' 'M' 'M' 'U' 'M' 'M' 'M'
 'M' 'M' 'M' 'M' 'M' 'M' 'M' 'M' 'M' 'M' 'M' 'M' 'M' 'M' 'M' 'M' 'M' 'M'
 'M' 'M' 'M' 'M' 'M' 'M' 'M' 'M' 'M' 'M' 'M' 'M' 'M' 'M' 'M' 'M' 'M' 'M'
 'M' 'M' 'M' 'M' 'M' 'A' 'A' 'A' 'A' 'A' 'A' 'A' 'A' 'M' 'M' 'M' 'M' 'M'
 'M' 'M' 'M' 'M' 'U' 'M' 'M' 'M' 'M' 'M' 'M' 'M' 'M' 'M' 'M' 'U' 'M' 'M'
 'M' 'M' 'M' 'M' 'M' 'M' 'M' 'M' 'M' 'U' 'M' 'M' 'M' 'M' 'M' 'M' 'M' 'M'
 'M' 'M' 'M' 'M' 'M' 'M' 'M' 'M' 'M' 'M' 'M' 'M' 'M' 'M' 'M' 'M' 'M' 'M']"
32201,1,190,8,182,8,0,0,"['A' 'M' 'U' 'M' 'M' 'M' 'M' 'M' 'M' 'M' 'M' 'M' 'M' 'M' 'M' 'M' 'M' 'M'
 'M' 'M' 'M' 'M' 'M' 'M' 'M' 'U' 'M' 'M' 'M' 'M' 'M' 'M' 'M' 'M' 'M' 'M'
 'M' 'M' 'U' 'M' 'M' 'M' 'M' 'M' 'M' 'M' 'M' 'M' 'M' 'M' 'M' 'M' 'M' 'M'
 'M' 'M' 'M' 'M' 'M' 'M' 'M' 'M' 'M' 'M' 'M' 'M' 'M' 'M' 'M' 'M' 'M' 'M'
 'M' 'M' 'M' 'M' 'M' 'M' 'M' 'U' 'M' 'M' 'M' 'M' 'M' 'M' 'M' 'M' 'M' 'M'
 'M' 'M' 'M' 'M' 'M' 'M' 'M' 'M' 'M' 'M' 'M' 'M' 'M' 'M' 'M' 'M' 'M' 'M'
 'M' 'M' 'M' 'M' 'M' 'M' 'M' 'M' 'M' 'M' 'M' 'M' 'M' 'M' 'M' 'M' 'M' 'M'
 'M' 'M' 'M' 'M' 'M' 'U' 'A' 'A' 'A' 'A' 'A' 'A' 'A' 'M' 'M' 'M' 'U' 'M'
 'M' 'M' 'M' 'M' 'U' 'M' 'M' 'M' 'M' 'M' 'M' 'M' 'M' 'M' 'M' 'M' 'M' 'M'
 'M' 'M' 'M' 'M' 'M' 'M' 'M' 'M' 'M' 'M' 'M' 'M' 'U' 'M' 'M' 'M' 'M' 'M'
 'M' 'M' 'M' 'M' 'M' 'M' 'M' 'M' 'M' 'M' 'M' 'M' 'M' 'M' 'M' 'M' 'M' 'M']"
32301,0,188,7,181,10,0,0,"['A' 'M' 'U' 'M' 'M' 'M' 'M' 'M' 'M' 'M' 'M' 'M' 'M' 'M' 'M' 'M' 'M' 'M'
 'M' 'M' 'M' 'M' 'U' 'M' 'M' 'U' 'M' 'M' 'M' 'M' 'M' 'M' 'M' 'U' 'M' 'M'
 'M' 'M' 'U' 'U' 'M' 'M' 'M' 'M' 'M' 'M' 'M' 'M' 'M' 'M' 'M' 'M' 'M' 'M'
 'M' 'M' 'M' 'M' 'M' 'M' 'M' 'M' 'M' 'M' 'M' 'M' 'M' 'M' 'M' 'M' 'M' 'M'
 'M' 'M' 'M' 'M' 'M' 'M' 'M' 'M' 'M' 'M' 'M' 'M' 'M' 'M' 'M' 'M' 'M' 'M'
 'U' 'M' 'M' 'M' 'M' 'M' 'M' 'M' 'M' 'M' 'M' 'M' 'M' 'M' 'M' 'M' 'M' 'M'
 'M' 'M' 'M' 'M' 'M' 'M' 'M' 'M' 'M' 'M' 'M' 'M' 'M' 'M' 'M' 'M' 'M' 'M'
 'M' 'M' 'M' 'M' 'M' 'M' 'U' 'A' 'A' 'A' 'A' 'A' 'A' 'M' 'M' 'M' 'U' 'M'
 'M' 'M' 'M' 'M' 'M' 'M' 'M' 'M' 'M' 'M' 'M' 'M' 'M' 'M' 'M' 'M' 'M' 'M'
 'M' 'M' 'M' 'M' 'M' 'M' 'M' 'M' 'M' 'M' 'M' 'M' 'M' 'M' 'M' 'M' 'M' 'M'
 'M' 'M' 'M' 'M' 'M' 'M' 'M' 'M' 'M' 'M' 'U' 'M' 'M' 'M' 'M' 'M' 'M' 'M']"
32401,0,189,6,183,9,0,0,"['A' 'M' 'U' 'M' 'M' 'M' 'M' 'M' 'M' 'M' 'M' 'M' 'M' 'M' 'M' 'M' 'M' 'M'
 'M' 'M' 'M' 'M' 'A' 'U' 'M' 'U' 'M' 'M' 'M' 'M' 'M' 'M' 'M' 'U' 'M' 'M'
 'M' 'M' 'U' 'M' 'M' 'M' 'M' 'M' 'M' 'M' 'M' 'M' 'M' 'M' 'M' 'M' 'M' 'M'
 'M' 'M' 'M' 'M' 'M' 'M' 'M' 'M' 'M' 'M' 'M' 'M' 'U' 'M' 'M' 'M' 'M' 'M'
 'M' 'M' 'M' 'M' 'M' 'M' 'M' 'M' 'M' 'M' 'M' 'M' 'M' 'M' 'M' 'M' 'M' 'M'
 'M' 'M' 'M' 'M' 'M' 'M' 'M' 'M' 'M' 'M' 'M' 'M' 'M' 'M' 'M' 'M' 'M' 'M'
 'M' 'M' 'M' 'M' 'M' 'M' 'M' 'M' 'M' 'M' 'M' 'M' 'M' 'M' 'M' 'M' 'M' 'M'
 'M' 'M' 'M' 'M' 'M' 'M' 'U' 'A' 'A' 'M' 'U' 'A' 'A' 'M' 'M' 'M' 'U' 'M'
 'M' 'M' 'M' 'M' 'M' 'M' 'M' 'M' 'M' 'M' 'M' 'M' 'M' 'M' 'M' 'M' 'M' 'M'
 'M' 'M' 'M' 'M' 'M' 'M' 'M' 'M' 'M' 'M' 'M' 'M' 'M' 'M' 'M' 'M' 'M' 'M'
 'M' 'M' 'M' 'M' 'M' 'M' 'M' 'M' 'M' 'M' 'M' 'M' 'M' 'M' 'M' 'M' 'M' 'M']"
32501,0,184,3,181,14,0,0,"['A' 'M' 'U' 'M' 'M' 'M' 'M' 'M' 'M' 'M' 'M' 'M' 'M' 'M' 'M' 'M' 'M' 'M'
 'M' 'M' 'M' 'M' 'U' 'U' 'M' 'U' 'M' 'M' 'M' 'M' 'M' 'M' 'M' 'U' 'M' 'M'
 'M' 'M' 'M' 'M' 'M' 'M' 'M' 'M' 'M' 'M' 'M' 'M' 'M' 'M' 'U' 'M' 'M' 'M'
 'M' 'M' 'M' 'M' 'M' 'M' 'M' 'M' 'M' 'M' 'M' 'M' 'M' 'M' 'M' 'M' 'M' 'U'
 'M' 'M' 'M' 'M' 'M' 'M' 'M' 'M' 'M' 'M' 'M' 'M' 'M' 'M' 'M' 'M' 'M' 'M'
 'M' 'M' 'M' 'M' 'M' 'M' 'M' 'M' 'M' 'M' 'M' 'M' 'M' 'M' 'M' 'M' 'M' 'M'
 'M' 'U' 'M' 'M' 'M' 'M' 'M' 'M' 'M' 'M' 'M' 'M' 'M' 'M' 'M' 'M' 'M' 'M'
 'M' 'M' 'M' 'M' 'M' 'U' 'A' 'U' 'U' 'U' 'M' 'U' 'A' 'M' 'M' 'M' 'M' 'M'
 'M' 'M' 'M' 'M' 'M' 'M' 'M' 'M' 'M' 'M' 'M' 'M' 'M' 'M' 'M' 'M' 'M' 'M'
 'U' 'M' 'M' 'M' 'M' 'M' 'M' 'M' 'M' 'M' 'M' 'M' 'M' 'M' 'M' 'M' 'M' 'M'
 'M' 'M' 'M' 'M' 'M' 'M' 'M' 'M' 'M' 'M' 'M' 'M' 'M' 'M' 'M' 'M' 'M' 'M']"
32601,0,187,3,184,11,0,0,"['A' 'M' 'U' 'M' 'M' 'M' 'M' 'M' 'M' 'M' 'M' 'M' 'M' 'M' 'M' 'M' 'M' 'M'
 'M' 'M' 'M' 'M' 'U' 'M' 'M' 'M' 'M' 'U' 'M' 'M' 'M' 'M' 'M' 'U' 'M' 'M'
 'M' 'M' 'M' 'M' 'M' 'M' 'M' 'M' 'M' 'M' 'M' 'M' 'M' 'M' 'U' 'M' 'M' 'M'
 'M' 'M' 'M' 'M' 'M' 'M' 'M' 'M' 'M' 'M' 'M' 'M' 'M' 'M' 'M' 'M' 'M' 'M'
 'M' 'M' 'M' 'M' 'M' 'M' 'M' 'M' 'M' 'M' 'M' 'M' 'M' 'M' 'M' 'M' 'M' 'M'
 'M' 'M' 'U' 'M' 'M' 'M' 'M' 'M' 'M' 'M' 'M' 'M' 'M' 'M' 'M' 'M' 'M' 'M'
 'M' 'U' 'M' 'M' 'M' 'M' 'M' 'M' 'M' 'M' 'M' 'M' 'M' 'M' 'M' 'M' 'M' 'M'
 'M' 'M' 'M' 'M' 'M' 'M' 'A' 'U' 'U' 'U' 'M' 'U' 'A' 'M' 'M' 'M' 'M' 'M'
 'M' 'M' 'M' 'M' 'M' 'M' 'M' 'M' 'M' 'M' 'M' 'M' 'M' 'M' 'M' 'M' 'M' 'M'
 'M' 'M' 'M' 'M' 'M' 'M' 'M' 'M' 'M' 'M' 'M' 'M' 'M' 'M' 'M' 'M' 'M' 'M'
 'M' 'M' 'M' 'M' 'M' 'M' 'M' 'M' 'M' 'M' 'M' 'M' 'M' 'M' 'M' 'M' 'M' 'M']"
32701,0,186,4,182,12,0,0,"['A' 'M' 'U' 'M' 'M' 'M' 'M' 'M' 'M' 'M' 'M' 'M' 'M' 'M' 'M' 'M' 'M' 'M'
 'M' 'M' 'M' 'M' 'U' 'M' 'M' 'M' 'M' 'U' 'M' 'M' 'M' 'M' 'M' 'U' 'M' 'M'
 'M' 'M' 'M' 'M' 'M' 'M' 'M' 'M' 'M' 'M' 'M' 'M' 'M' 'M' 'U' 'M' 'M' 'M'
 'M' 'M' 'M' 'M' 'M' 'M' 'M' 'M' 'M' 'M' 'M' 'M' 'M' 'M' 'M' 'M' 'M' 'M'
 'M' 'M' 'M' 'M' 'M' 'M' 'U' 'M' 'M' 'M' 'M' 'M' 'M' 'M' 'M' 'M' 'M' 'M'
 'M' 'M' 'M' 'M' 'M' 'M' 'M' 'M' 'M' 'M' 'M' 'M' 'M' 'M' 'M' 'M' 'M' 'M'
 'M' 'M' 'M' 'M' 'M' 'M' 'M' 'M' 'M' 'M' 'M' 'M' 'M' 'M' 'M' 'M' 'M' 'M'
 'M' 'M' 'M' 'M' 'M' 'M' 'U' 'U' 'A' 'A' 'A' 'U' 'U' 'M' 'M' 'M' 'M' 'M'
 'M' 'M' 'M' 'M' 'M' 'M' 'M' 'M' 'M' 'M' 'M' 'M' 'M' 'M' 'M' 'M' 'M' 'M'
 'M' 'M' 'M' 'M' 'M' 'M' 'M' 'M' 'U' 'M' 'M' 'M' 'M' 'U' 'M' 'M' 'M' 'M'
 'M' 'M' 'M' 'M' 'M' 'M' 'M' 'M' 'M' 'M' 'M' 'M' 'M' 'M' 'M' 'M' 'M' 'M']"
32801,0,186,4,182,12,0,0,"['A' 'M' 'M' 'M' 'M' 'M' 'M' 'M' 'M' 'M' 'M' 'M' 'M' 'M' 'M' 'M' 'M' 'M'
 'M' 'M' 'M' 'M' 'M' 'M' 'M' 'M' 'M' 'U' 'M' 'M' 'M' 'M' 'M' 'U' 'M' 'M'
 'M' 'M' 'M' 'M' 'M' 'M' 'M' 'M' 'M' 'M' 'M' 'M' 'M' 'M' 'U' 'M' 'M' 'M'
 'M' 'M' 'M' 'M' 'M' 'M' 'M' 'M' 'M' 'M' 'M' 'M' 'M' 'M' 'M' 'M' 'M' 'M'
 'M' 'M' 'M' 'M' 'M' 'M' 'M' 'M' 'M' 'M' 'M' 'M' 'M' 'M' 'M' 'M' 'U' 'M'
 'M' 'M' 'M' 'M' 'M' 'M' 'M' 'M' 'M' 'M' 'M' 'M' 'M' 'M' 'M' 'M' 'M' 'M'
 'M' 'M' 'M' 'M' 'M' 'M' 'M' 'M' 'M' 'M' 'M' 'M' 'M' 'M' 'M' 'M' 'M' 'M'
 'M' 'M' 'M' 'M' 'M' 'U' 'U' 'A' 'U' 'A' 'A' 'U' 'U' 'M' 'M' 'M' 'M' 'M'
 'M' 'M' 'M' 'M' 'M' 'M' 'M' 'M' 'M' 'M' 'M' 'M' 'U' 'M' 'M' 'M' 'M' 'M'
 'M' 'M' 'M' 'M' 'M' 'M' 'M' 'M' 'U' 'M' 'M' 'M' 'M' 'U' 'M' 'M' 'M' 'M'
 'M' 'M' 'M' 'M' 'M' 'M' 'M' 'M' 'M' 'M' 'M' 'M' 'M' 'M' 'M' 'M' 'M' 'M']"
32901,0,191,8,183,7,0,0,"['A' 'M' 'M' 'M' 'M' 'M' 'M' 'M' 'M' 'M' 'M' 'M' 'M' 'M' 'M' 'M' 'M' 'M'
 'M' 'M' 'M' 'M' 'M' 'M' 'M' 'M' 'M' 'U' 'M' 'M' 'M' 'M' 'M' 'U' 'M' 'M'
 'M' 'M' 'M' 'M' 'M' 'M' 'M' 'M' 'M' 'M' 'M' 'M' 'M' 'M' 'M' 'M' 'M' 'M'
 'M' 'M' 'M' 'M' 'M' 'M' 'M' 'M' 'M' 'M' 'M' 'M' 'M' 'M' 'M' 'M' 'M' 'M'
 'M' 'M' 'M' 'M' 'M' 'M' 'M' 'M' 'M' 'M' 'M' 'M' 'U' 'M' 'M' 'M' 'M' 'M'
 'M' 'M' 'M' 'M' 'M' 'M' 'M' 'M' 'M' 'M' 'M' 'M' 'M' 'M' 'M' 'M' 'M' 'M'
 'M' 'M' 'M' 'M' 'M' 'M' 'M' 'M' 'M' 'M' 'M' 'U' 'M' 'M' 'M' 'M' 'M' 'M'
 'M' 'M' 'M' 'M' 'M' 'A' 'A' 'A' 'A' 'A' 'A' 'U' 'A' 'M' 'M' 'M' 'M' 'M'
 'M' 'M' 'M' 'M' 'M' 'M' 'M' 'M' 'M' 'M' 'M' 'M' 'M' 'M' 'M' 'M' 'M' 'M'
 'M' 'M' 'M' 'M' 'M' 'M' 'M' 'M' 'U' 'M' 'M' 'M' 'M' 'M' 'M' 'M' 'M' 'M'
 'M' 'M' 'M' 'U' 'M' 'M' 'M' 'M' 'M' 'M' 'M' 'M' 'M' 'M' 'M' 'M' 'M' 'M']"
33001,0,188,8,180,10,0,0,"['A' 'M' 'M' 'M' 'M' 'M' 'M' 'M' 'M' 'U' 'M' 'M' 'M' 'M' 'M' 'M' 'M' 'M'
 'M' 'M' 'M' 'M' 'M' 'M' 'M' 'U' 'M' 'U' 'M' 'M' 'M' 'M' 'M' 'U' 'M' 'M'
 'M' 'M' 'M' 'M' 'M' 'M' 'M' 'M' 'M' 'M' 'M' 'M' 'M' 'M' 'M' 'M' 'M' 'M'
 'M' 'M' 'M' 'M' 'M' 'M' 'M' 'M' 'M' 'M' 'M' 'M' 'M' 'M' 'M' 'M' 'M' 'M'
 'M' 'M' 'M' 'M' 'M' 'M' 'M' 'M' 'M' 'M' 'M' 'M' 'M' 'M' 'M' 'M' 'U' 'M'
 'M' 'M' 'M' 'M' 'M' 'M' 'M' 'M' 'U' 'M' 'M' 'M' 'M' 'M' 'M' 'M' 'M' 'M'
 'M' 'M' 'M' 'M' 'M' 'M' 'M' 'M' 'M' 'M' 'M' 'M' 'M' 'M' 'M' 'M' 'M' 'M'
 'M' 'M' 'M' 'M' 'M' 'A' 'A' 'U' 'A' 'A' 'A' 'A' 'A' 'M' 'M' 'M' 'M' 'M'
 'M' 'M' 'M' 'M' 'M' 'M' 'M' 'M' 'M' 'M' 'M' 'M' 'M' 'M' 'M' 'M' 'M' 'U'
 'M' 'M' 'M' 'M' 'M' 'M' 'M' 'M' 'M' 'M' 'M' 'M' 'M' 'M' 'M' 'M' 'M' 'M'
 'M' 'M' 'M' 'U' 'M' 'M' 'M' 'M' 'M' 'M' 'M' 'M' 'U' 'M' 'M' 'M' 'M' 'M']"
33101,0,186,8,178,12,0,0,"['A' 'M' 'M' 'M' 'M' 'M' 'M' 'M' 'M' 'U' 'M' 'M' 'M' 'M' 'M' 'M' 'M' 'U'
 'U' 'M' 'M' 'M' 'M' 'M' 'M' 'U' 'M' 'M' 'M' 'M' 'M' 'M' 'M' 'U' 'M' 'M'
 'M' 'M' 'M' 'M' 'U' 'M' 'M' 'M' 'M' 'M' 'M' 'M' 'M' 'M' 'M' 'M' 'M' 'M'
 'M' 'M' 'M' 'M' 'M' 'M' 'M' 'M' 'M' 'M' 'M' 'U' 'M' 'M' 'M' 'M' 'M' 'M'
 'M' 'M' 'M' 'M' 'M' 'M' 'M' 'M' 'M' 'M' 'M' 'M' 'M' 'M' 'M' 'M' 'M' 'M'
 'M' 'M' 'M' 'M' 'M' 'M' 'U' 'M' 'U' 'M' 'M' 'M' 'M' 'M' 'M' 'M' 'M' 'M'
 'M' 'M' 'M' 'M' 'M' 'M' 'M' 'M' 'M' 'M' 'M' 'M' 'M' 'M' 'M' 'M' 'M' 'M'
 'M' 'M' 'M' 'M' 'M' 'A' 'A' 'A' 'A' 'A' 'A' 'A' 'U' 'M' 'M' 'M' 'M' 'M'
 'M' 'M' 'M' 'M' 'M' 'M' 'M' 'M' 'M' 'M' 'M' 'M' 'M' 'M' 'M' 'M' 'M' 'M'
 'M' 'M' 'M' 'M' 'M' 'M' 'M' 'M' 'M' 'M' 'M' 'M' 'M' 'M' 'M' 'M' 'M' 'M'
 'M' 'M' 'M' 'U' 'M' 'M' 'M' 'M' 'M' 'M' 'M' 'M' 'U' 'M' 'M' 'M' 'M' 'M']"
33201,0,181,5,176,17,0,1,"['A' 'U' 'M' 'M' 'M' 'M' 'M' 'M' 'M' 'M' 'M' 'M' 'M' 'M' 'M' 'M' 'M' 'U'
 'U' 'M' 'M' 'M' 'M' 'M' 'M' 'U' 'M' 'M' 'M' 'M' 'M' 'M' 'M' 'U' 'M' 'M'
 'M' 'M' 'U' 'M' 'M' 'M' 'M' 'M' 'M' 'M' 'M' 'M' 'M' 'M' 'M' 'M' 'M' 'M'
 'M' 'M' 'M' 'M' 'M' 'M' 'M' 'M' 'M' 'M' 'M' 'M' 'M' 'M' 'M' 'M' 'M' 'M'
 'M' 'M' 'M' 'M' 'M' 'M' 'M' 'M' 'M' 'M' 'U' 'M' 'M' 'M' 'M' 'M' 'M' 'M'
 'M' 'M' 'M' 'M' 'M' 'M' 'U' 'M' 'U' 'M' 'M' 'M' 'M' 'M' 'M' 'M' 'M' 'M'
 'M' 'M' 'M' 'M' 'M' 'M' 'M' 'M' 'U' 'M' 'M' 'M' 'M' 'M' 'M' 'M' 'M' 'M'
 'M' 'M' 'M' 'M' 'M' 'U' 'A' 'U' 'U' 'A' 'A' 'A' 'M' 'M' 'M' 'M' 'M' 'M'
 'M' 'M' 'M' 'M' 'U' 'M' 'M' 'M' 'M' 'M' 'M' 'M' 'M' 'M' 'M' 'M' 'M' 'M'
 'M' 'M' 'M' 'M' 'M' 'M' 'M' 'M' 'M' 'M' 'M' 'M' 'M' 'M' 'M' 'M' 'M' 'M'
 'M' 'M' 'M' 'U' 'M' 'M' 'M' 'U' 'M' 'M' 'M' 'M' 'U' 'M' 'M' 'M' 'M' 'M']"
33301,1,186,6,180,12,1,0,"['A' 'U' 'M' 'M' 'M' 'M' 'M' 'M' 'M' 'M' 'M' 'M' 'M' 'M' 'M' 'M' 'M' 'U'
 'M' 'M' 'M' 'M' 'M' 'M' 'M' 'M' 'M' 'M' 'M' 'M' 'M' 'M' 'M' 'U' 'M' 'M'
 'M' 'M' 'U' 'M' 'M' 'M' 'M' 'M' 'M' 'M' 'M' 'M' 'M' 'M' 'M' 'M' 'U' 'M'
 'M' 'M' 'M' 'M' 'M' 'M' 'M' 'M' 'M' 'M' 'M' 'M' 'M' 'M' 'M' 'M' 'M' 'M'
 'M' 'M' 'M' 'M' 'M' 'M' 'M' 'M' 'M' 'M' 'M' 'M' 'M' 'M' 'M' 'M' 'M' 'M'
 'U' 'M' 'M' 'M' 'M' 'M' 'M' 'M' 'U' 'M' 'M' 'M' 'M' 'M' 'M' 'M' 'M' 'M'
 'M' 'M' 'M' 'M' 'M' 'M' 'M' 'M' 'U' 'M' 'M' 'M' 'M' 'M' 'M' 'M' 'M' 'M'
 'M' 'M' 'U' 'M' 'M' 'U' 'A' 'A' 'A' 'A' 'M' 'A' 'M' 'M' 'M' 'M' 'M' 'M'
 'M' 'M' 'M' 'M' 'U' 'M' 'M' 'M' 'M' 'M' 'M' 'M' 'M' 'M' 'M' 'M' 'M' 'M'
 'M' 'M' 'M' 'M' 'M' 'M' 'M' 'M' 'M' 'M' 'M' 'M' 'M' 'M' 'M' 'M' 'M' 'M'
 'M' 'M' 'M' 'U' 'M' 'M' 'M' 'M' 'M' 'M' 'M' 'M' 'M' 'M' 'M' 'M' 'M' 'M']"
33401,1,184,6,178,14,0,0,"['A' 'U' 'M' 'M' 'M' 'M' 'M' 'M' 'M' 'M' 'M' 'M' 'M' 'M' 'M' 'M' 'M' 'M'
 'M' 'M' 'M' 'M' 'M' 'M' 'M' 'M' 'M' 'M' 'M' 'M' 'M' 'M' 'M' 'U' 'M' 'M'
 'U' 'M' 'U' 'M' 'M' 'M' 'M' 'M' 'M' 'M' 'M' 'M' 'M' 'M' 'M' 'M' 'U' 'M'
 'M' 'M' 'M' 'M' 'M' 'M' 'M' 'M' 'M' 'M' 'M' 'M' 'M' 'M' 'M' 'M' 'M' 'M'
 'U' 'M' 'M' 'M' 'M' 'M' 'M' 'M' 'M' 'M' 'M' 'M' 'M' 'M' 'M' 'M' 'M' 'M'
 'M' 'M' 'M' 'M' 'M' 'M' 'M' 'M' 'U' 'M' 'M' 'M' 'M' 'M' 'M' 'M' 'M' 'M'
 'M' 'M' 'M' 'M' 'M' 'M' 'M' 'M' 'U' 'M' 'M' 'M' 'M' 'M' 'M' 'M' 'M' 'M'
 'M' 'M' 'U' 'M' 'M' 'U' 'A' 'A' 'A' 'A' 'U' 'A' 'U' 'M' 'M' 'M' 'M' 'M'
 'M' 'U' 'M' 'M' 'U' 'M' 'M' 'M' 'M' 'M' 'M' 'M' 'M' 'M' 'M' 'M' 'M' 'M'
 'M' 'M' 'M' 'M' 'M' 'M' 'M' 'M' 'M' 'M' 'M' 'M' 'M' 'M' 'M' 'M' 'M' 'M'
 'M' 'M' 'M' 'M' 'M' 'M' 'M' 'M' 'M' 'M' 'M' 'M' 'M' 'M' 'M' 'M' 'M' 'M']"
33501,0,183,4,179,15,0,0,"['A' 'U' 'M' 'M' 'M' 'M' 'M' 'M' 'M' 'M' 'M' 'M' 'M' 'M' 'M' 'M' 'M' 'M'
 'M' 'M' 'M' 'M' 'U' 'M' 'M' 'M' 'M' 'M' 'M' 'M' 'M' 'M' 'M' 'U' 'M' 'M'
 'M' 'M' 'U' 'M' 'M' 'M' 'M' 'M' 'M' 'M' 'M' 'M' 'M' 'M' 'M' 'M' 'U' 'M'
 'M' 'M' 'M' 'M' 'M' 'M' 'M' 'M' 'M' 'M' 'M' 'M' 'M' 'M' 'M' 'M' 'M' 'M'
 'M' 'M' 'M' 'M' 'M' 'M' 'U' 'M' 'M' 'M' 'M' 'M' 'M' 'M' 'M' 'M' 'M' 'M'
 'M' 'M' 'M' 'M' 'M' 'M' 'M' 'M' 'U' 'M' 'M' 'M' 'M' 'M' 'M' 'M' 'M' 'M'
 'M' 'M' 'M' 'M' 'M' 'M' 'M' 'M' 'U' 'M' 'M' 'M' 'M' 'M' 'M' 'M' 'M' 'M'
 'M' 'M' 'U' 'U' 'M' 'U' 'A' 'U' 'M' 'U' 'A' 'A' 'U' 'M' 'M' 'M' 'M' 'M'
 'M' 'U' 'M' 'M' 'M' 'M' 'M' 'M' 'M' 'M' 'M' 'M' 'M' 'M' 'M' 'M' 'M' 'M'
 'M' 'M' 'M' 'M' 'M' 'M' 'M' 'M' 'M' 'M' 'M' 'M' 'M' 'M' 'M' 'M' 'M' 'M'
 'M' 'M' 'M' 'M' 'M' 'M' 'M' 'M' 'M' 'M' 'M' 'M' 'M' 'M' 'M' 'M' 'M' 'M']"
33601,0,187,3,184,11,0,0,"['A' 'M' 'M' 'M' 'M' 'M' 'M' 'M' 'M' 'M' 'M' 'M' 'M' 'M' 'M' 'M' 'M' 'M'
 'M' 'M' 'M' 'M' 'U' 'M' 'M' 'M' 'M' 'M' 'M' 'M' 'M' 'M' 'M' 'U' 'M' 'M'
 'M' 'M' 'U' 'M' 'M' 'M' 'M' 'M' 'M' 'M' 'M' 'M' 'M' 'M' 'M' 'M' 'M' 'M'
 'M' 'M' 'M' 'M' 'M' 'U' 'M' 'M' 'M' 'M' 'M' 'M' 'M' 'M' 'U' 'M' 'M' 'M'
 'M' 'M' 'M' 'M' 'M' 'M' 'M' 'M' 'M' 'M' 'M' 'M' 'M' 'M' 'M' 'M' 'M' 'M'
 'M' 'M' 'M' 'M' 'M' 'M' 'M' 'M' 'M' 'M' 'M' 'M' 'M' 'M' 'M' 'M' 'M' 'M'
 'M' 'M' 'M' 'M' 'M' 'M' 'M' 'M' 'U' 'M' 'M' 'M' 'M' 'M' 'M' 'M' 'M' 'M'
 'M' 'M' 'U' 'M' 'M' 'M' 'A' 'U' 'M' 'M' 'A' 'U' 'U' 'M' 'M' 'M' 'M' 'M'
 'M' 'M' 'M' 'M' 'M' 'M' 'M' 'M' 'M' 'M' 'M' 'M' 'U' 'M' 'M' 'M' 'M' 'M'
 'M' 'M' 'M' 'M' 'M' 'M' 'M' 'M' 'M' 'M' 'M' 'M' 'M' 'M' 'M' 'M' 'M' 'M'
 'M' 'M' 'M' 'M' 'M' 'M' 'M' 'M' 'M' 'M' 'M' 'M' 'M' 'M' 'M' 'M' 'M' 'M']"
33701,0,190,8,182,8,0,0,"['A' 'M' 'M' 'M' 'M' 'U' 'M' 'M' 'M' 'M' 'M' 'M' 'M' 'M' 'M' 'M' 'M' 'M'
 'M' 'M' 'M' 'M' 'U' 'M' 'M' 'M' 'M' 'M' 'M' 'M' 'M' 'M' 'M' 'M' 'M' 'M'
 'M' 'M' 'U' 'M' 'M' 'M' 'M' 'M' 'M' 'M' 'M' 'M' 'M' 'M' 'M' 'M' 'M' 'M'
 'M' 'M' 'M' 'M' 'M' 'M' 'M' 'M' 'M' 'M' 'M' 'M' 'M' 'M' 'M' 'M' 'M' 'M'
 'M' 'M' 'M' 'M' 'M' 'M' 'M' 'M' 'M' 'M' 'M' 'M' 'M' 'M' 'M' 'M' 'M' 'M'
 'M' 'U' 'M' 'M' 'M' 'M' 'M' 'M' 'M' 'M' 'M' 'M' 'M' 'M' 'M' 'M' 'M' 'M'
 'M' 'M' 'U' 'M' 'M' 'M' 'M' 'M' 'U' 'M' 'M' 'M' 'M' 'M' 'M' 'M' 'M' 'M'
 'M' 'M' 'U' 'M' 'M' 'A' 'A' 'U' 'A' 'A' 'A' 'A' 'A' 'M' 'M' 'M' 'M' 'M'
 'M' 'M' 'M' 'M' 'M' 'M' 'M' 'M' 'M' 'M' 'M' 'M' 'M' 'M' 'M' 'M' 'M' 'M'
 'M' 'M' 'M' 'M' 'M' 'M' 'M' 'M' 'M' 'M' 'M' 'M' 'M' 'M' 'M' 'M' 'M' 'M'
 'M' 'M' 'M' 'M' 'M' 'M' 'M' 'M' 'M' 'M' 'M' 'M' 'M' 'M' 'M' 'M' 'M' 'M']"
33801,0,189,7,182,9,0,0,"['A' 'M' 'M' 'M' 'M' 'M' 'M' 'M' 'M' 'M' 'M' 'M' 'M' 'M' 'M' 'M' 'M' 'M'
 'M' 'M' 'M' 'M' 'M' 'M' 'M' 'M' 'M' 'M' 'M' 'M' 'U' 'M' 'M' 'M' 'M' 'M'
 'M' 'M' 'U' 'U' 'M' 'M' 'M' 'M' 'M' 'M' 'M' 'M' 'M' 'M' 'M' 'M' 'M' 'M'
 'M' 'M' 'M' 'M' 'M' 'M' 'M' 'M' 'M' 'M' 'M' 'M' 'M' 'M' 'M' 'M' 'M' 'M'
 'M' 'U' 'M' 'M' 'M' 'M' 'M' 'M' 'M' 'M' 'M' 'M' 'M' 'M' 'M' 'M' 'M' 'M'
 'M' 'M' 'M' 'M' 'M' 'M' 'M' 'M' 'M' 'M' 'M' 'M' 'M' 'M' 'M' 'M' 'M' 'M'
 'M' 'M' 'U' 'M' 'M' 'M' 'M' 'M' 'U' 'M' 'M' 'M' 'M' 'M' 'M' 'M' 'M' 'M'
 'M' 'M' 'M' 'M' 'M' 'A' 'A' 'A' 'U' 'A' 'U' 'A' 'A' 'M' 'M' 'M' 'M' 'M'
 'M' 'M' 'M' 'M' 'M' 'M' 'M' 'M' 'M' 'M' 'M' 'M' 'M' 'M' 'M' 'M' 'M' 'M'
 'M' 'M' 'M' 'M' 'U' 'M' 'M' 'M' 'M' 'M' 'M' 'M' 'M' 'M' 'M' 'M' 'M' 'M'
 'M' 'M' 'M' 'M' 'M' 'M' 'M' 'M' 'M' 'M' 'M' 'M' 'M' 'M' 'M' 'M' 'M' 'M']"
33901,0,188,5,183,10,0,0,"['A' 'M' 'M' 'M' 'M' 'U' 'M' 'M' 'M' 'M' 'M' 'M' 'M' 'M' 'M' 'M' 'M' 'M'
 'M' 'M' 'U' 'M' 'M' 'M' 'M' 'M' 'M' 'M' 'M' 'M' 'M' 'M' 'M' 'M' 'M' 'M'
 'M' 'M' 'M' 'U' 'M' 'M' 'M' 'M' 'M' 'M' 'M' 'M' 'M' 'M' 'M' 'M' 'M' 'M'
 'M' 'M' 'M' 'M' 'M' 'M' 'M' 'M' 'M' 'M' 'M' 'M' 'M' 'M' 'M' 'M' 'M' 'M'
 'M' 'M' 'M' 'M' 'M' 'M' 'M' 'M' 'M' 'M' 'U' 'M' 'M' 'M' 'M' 'M' 'M' 'M'
 'M' 'M' 'M' 'M' 'M' 'M' 'M' 'M' 'M' 'M' 'M' 'M' 'M' 'M' 'M' 'M' 'U' 'M'
 'M' 'M' 'U' 'M' 'M' 'M' 'M' 'M' 'U' 'M' 'M' 'M' 'M' 'M' 'M' 'M' 'M' 'M'
 'M' 'M' 'M' 'M' 'M' 'A' 'U' 'A' 'U' 'A' 'M' 'A' 'U' 'M' 'M' 'M' 'M' 'M'
 'M' 'M' 'M' 'M' 'M' 'M' 'M' 'M' 'M' 'M' 'M' 'M' 'M' 'M' 'M' 'M' 'M' 'M'
 'M' 'M' 'M' 'M' 'M' 'M' 'M' 'M' 'M' 'M' 'M' 'M' 'M' 'M' 'M' 'M' 'M' 'M'
 'M' 'M' 'M' 'M' 'M' 'M' 'M' 'M' 'M' 'M' 'M' 'M' 'M' 'M' 'M' 'M' 'M' 'M']"
34001,0,187,5,182,11,0,0,"['A' 'M' 'M' 'M' 'M' 'U' 'M' 'M' 'M' 'M' 'M' 'M' 'M' 'M' 'M' 'M' 'M' 'M'
 'M' 'M' 'U' 'M' 'M' 'M' 'M' 'M' 'M' 'M' 'M' 'M' 'M' 'M' 'M' 'M' 'M' 'M'
 'M' 'M' 'M' 'U' 'M' 'M' 'M' 'M' 'M' 'M' 'M' 'M' 'M' 'M' 'M' 'M' 'M' 'M'
 'M' 'M' 'M' 'M' 'M' 'M' 'M' 'M' 'M' 'M' 'M' 'M' 'U' 'M' 'M' 'M' 'M' 'M'
 'M' 'M' 'M' 'M' 'M' 'M' 'M' 'M' 'M' 'M' 'M' 'M' 'M' 'M' 'M' 'M' 'M' 'M'
 'M' 'M' 'M' 'M' 'M' 'M' 'M' 'M' 'M' 'M' 'M' 'M' 'M' 'M' 'M' 'M' 'M' 'M'
 'U' 'M' 'U' 'M' 'M' 'M' 'M' 'M' 'U' 'M' 'M' 'M' 'M' 'M' 'M' 'M' 'M' 'U'
 'M' 'M' 'M' 'M' 'M' 'A' 'U' 'A' 'U' 'A' 'M' 'A' 'U' 'M' 'M' 'M' 'M' 'M'
 'M' 'M' 'M' 'M' 'M' 'M' 'M' 'M' 'M' 'M' 'M' 'M' 'M' 'M' 'M' 'M' 'M' 'M'
 'M' 'M' 'M' 'M' 'M' 'M' 'M' 'M' 'M' 'M' 'M' 'M' 'M' 'M' 'M' 'M' 'M' 'M'
 'M' 'M' 'M' 'M' 'M' 'M' 'M' 'M' 'M' 'M' 'M' 'M' 'M' 'M' 'M' 'M' 'M' 'M']"
34101,0,182,5,177,16,0,0,"['A' 'M' 'M' 'M' 'M' 'U' 'M' 'M' 'M' 'M' 'M' 'M' 'M' 'M' 'M' 'M' 'M' 'M'
 'M' 'M' 'U' 'M' 'M' 'M' 'M' 'M' 'M' 'M' 'M' 'M' 'M' 'M' 'M' 'M' 'M' 'U'
 'M' 'M' 'M' 'U' 'M' 'M' 'M' 'M' 'M' 'M' 'M' 'M' 'M' 'M' 'M' 'M' 'M' 'M'
 'M' 'M' 'M' 'M' 'M' 'M' 'M' 'M' 'M' 'M' 'M' 'M' 'M' 'M' 'M' 'M' 'M' 'M'
 'M' 'M' 'M' 'M' 'M' 'M' 'M' 'M' 'U' 'M' 'M' 'M' 'M' 'M' 'M' 'M' 'M' 'M'
 'M' 'M' 'M' 'M' 'M' 'M' 'M' 'U' 'M' 'M' 'M' 'M' 'M' 'M' 'M' 'M' 'M' 'M'
 'U' 'M' 'U' 'M' 'M' 'M' 'M' 'M' 'M' 'M' 'M' 'M' 'M' 'M' 'M' 'M' 'M' 'U'
 'M' 'M' 'M' 'M' 'M' 'U' 'A' 'U' 'A' 'U' 'A' 'A' 'U' 'M' 'M' 'U' 'M' 'M'
 'M' 'M' 'M' 'M' 'M' 'M' 'M' 'M' 'M' 'M' 'M' 'M' 'M' 'M' 'M' 'M' 'U' 'M'
 'M' 'M' 'M' 'M' 'M' 'M' 'M' 'M' 'M' 'M' 'M' 'M' 'U' 'M' 'M' 'M' 'M' 'M'
 'M' 'M' 'M' 'M' 'M' 'M' 'M' 'M' 'M' 'M' 'M' 'M' 'M' 'M' 'M' 'M' 'M' 'M']"
34201,0,185,3,182,13,0,0,"['A' 'M' 'M' 'M' 'M' 'U' 'M' 'M' 'M' 'M' 'M' 'M' 'M' 'M' 'M' 'M' 'M' 'M'
 'M' 'M' 'U' 'M' 'M' 'M' 'M' 'M' 'M' 'M' 'M' 'U' 'M' 'M' 'M' 'M' 'M' 'M'
 'M' 'M' 'M' 'U' 'M' 'M' 'M' 'M' 'M' 'M' 'M' 'M' 'M' 'M' 'M' 'M' 'M' 'M'
 'M' 'M' 'M' 'M' 'M' 'M' 'M' 'M' 'M' 'M' 'M' 'M' 'M' 'M' 'M' 'M' 'M' 'M'
 'M' 'M' 'M' 'M' 'M' 'M' 'M' 'U' 'M' 'M' 'M' 'M' 'M' 'M' 'M' 'M' 'M' 'M'
 'M' 'M' 'M' 'M' 'M' 'M' 'M' 'U' 'M' 'M' 'M' 'M' 'M' 'M' 'M' 'M' 'M' 'M'
 'M' 'M' 'M' 'M' 'M' 'M' 'M' 'M' 'M' 'M' 'M' 'M' 'M' 'M' 'M' 'M' 'M' 'U'
 'M' 'M' 'M' 'M' 'M' 'M' 'M' 'M' 'U' 'M' 'A' 'A' 'U' 'M' 'M' 'U' 'M' 'M'
 'M' 'M' 'M' 'M' 'M' 'M' 'M' 'M' 'M' 'U' 'M' 'M' 'M' 'M' 'M' 'M' 'U' 'M'
 'M' 'M' 'M' 'M' 'M' 'M' 'M' 'M' 'M' 'M' 'M' 'M' 'U' 'M' 'M' 'M' 'M' 'M'
 'M' 'M' 'M' 'M' 'M' 'M' 'M' 'M' 'M' 'M' 'M' 'M' 'M' 'M' 'M' 'M' 'M' 'M']"
34301,0,188,2,186,10,0,0,"['A' 'M' 'M' 'M' 'M' 'U' 'M' 'M' 'M' 'M' 'M' 'M' 'M' 'M' 'M' 'M' 'M' 'M'
 'M' 'M' 'M' 'M' 'M' 'M' 'M' 'M' 'M' 'M' 'M' 'U' 'M' 'M' 'M' 'M' 'M' 'M'
 'M' 'M' 'M' 'U' 'M' 'M' 'M' 'M' 'M' 'M' 'M' 'M' 'M' 'M' 'M' 'M' 'M' 'M'
 'M' 'M' 'M' 'M' 'M' 'M' 'M' 'M' 'M' 'M' 'M' 'M' 'M' 'M' 'M' 'U' 'M' 'M'
 'M' 'M' 'M' 'M' 'M' 'M' 'M' 'M' 'M' 'M' 'M' 'M' 'M' 'M' 'M' 'M' 'M' 'M'
 'M' 'M' 'M' 'M' 'M' 'M' 'M' 'M' 'M' 'M' 'M' 'M' 'M' 'M' 'M' 'M' 'M' 'M'
 'M' 'M' 'M' 'M' 'M' 'M' 'M' 'M' 'M' 'M' 'M' 'M' 'M' 'M' 'M' 'M' 'M' 'U'
 'M' 'M' 'M' 'M' 'M' 'M' 'M' 'M' 'M' 'M' 'U' 'A' 'U' 'M' 'M' 'U' 'M' 'M'
 'M' 'M' 'M' 'M' 'M' 'M' 'M' 'M' 'M' 'M' 'M' 'M' 'M' 'M' 'M' 'M' 'U' 'M'
 'M' 'M' 'M' 'M' 'M' 'M' 'M' 'M' 'M' 'M' 'M' 'M' 'U' 'M' 'M' 'M' 'M' 'M'
 'M' 'M' 'M' 'M' 'M' 'M' 'M' 'M' 'M' 'M' 'M' 'M' 'M' 'M' 'M' 'M' 'M' 'M']"
34401,0,192,3,189,6,0,0,"['A' 'M' 'M' 'M' 'M' 'U' 'M' 'M' 'M' 'M' 'M' 'M' 'M' 'M' 'M' 'M' 'M' 'M'
 'M' 'M' 'M' 'M' 'M' 'M' 'M' 'M' 'M' 'M' 'M' 'M' 'M' 'M' 'M' 'M' 'M' 'M'
 'M' 'M' 'M' 'M' 'M' 'M' 'M' 'M' 'M' 'M' 'M' 'M' 'M' 'M' 'M' 'M' 'M' 'M'
 'M' 'M' 'M' 'M' 'M' 'M' 'M' 'M' 'M' 'M' 'M' 'U' 'M' 'M' 'M' 'M' 'M' 'M'
 'M' 'M' 'M' 'M' 'M' 'M' 'M' 'M' 'M' 'M' 'M' 'M' 'M' 'M' 'M' 'M' 'M' 'M'
 'M' 'M' 'M' 'M' 'M' 'M' 'M' 'M' 'M' 'M' 'M' 'M' 'M' 'M' 'M' 'M' 'M' 'M'
 'M' 'M' 'M' 'M' 'M' 'M' 'M' 'M' 'M' 'M' 'M' 'M' 'M' 'M' 'M' 'M' 'M' 'U'
 'M' 'M' 'M' 'M' 'U' 'M' 'M' 'M' 'M' 'M' 'U' 'A' 'M' 'M' 'M' 'M' 'M' 'M'
 'M' 'M' 'M' 'M' 'M' 'M' 'M' 'M' 'M' 'M' 'M' 'M' 'M' 'M' 'M' 'M' 'A' 'M'
 'M' 'M' 'M' 'M' 'M' 'M' 'M' 'M' 'M' 'M' 'M' 'M' 'M' 'M' 'M' 'M' 'M' 'M'
 'M' 'M' 'M' 'M' 'M' 'M' 'M' 'M' 'M' 'M' 'M' 'M' 'M' 'U' 'M' 'M' 'M' 'M']"
34501,0,191,3,188,7,0,0,"['A' 'M' 'M' 'M' 'M' 'U' 'M' 'M' 'M' 'M' 'M' 'M' 'M' 'M' 'M' 'M' 'M' 'M'
 'M' 'M' 'M' 'M' 'M' 'M' 'M' 'M' 'M' 'M' 'M' 'M' 'M' 'M' 'M' 'M' 'M' 'M'
 'M' 'M' 'M' 'M' 'M' 'M' 'M' 'M' 'M' 'M' 'M' 'M' 'M' 'M' 'M' 'M' 'M' 'M'
 'M' 'M' 'M' 'M' 'M' 'M' 'M' 'M' 'M' 'M' 'U' 'M' 'M' 'M' 'M' 'M' 'M' 'M'
 'U' 'M' 'M' 'M' 'M' 'M' 'M' 'M' 'M' 'M' 'M' 'M' 'M' 'M' 'M' 'M' 'M' 'M'
 'M' 'M' 'M' 'M' 'M' 'M' 'M' 'M' 'M' 'M' 'M' 'M' 'M' 'M' 'M' 'M' 'M' 'M'
 'M' 'M' 'M' 'M' 'M' 'M' 'M' 'M' 'M' 'M' 'M' 'M' 'M' 'M' 'M' 'M' 'M' 'U'
 'M' 'M' 'M' 'M' 'U' 'M' 'M' 'M' 'M' 'M' 'U' 'A' 'M' 'M' 'M' 'M' 'M' 'M'
 'M' 'M' 'M' 'M' 'M' 'M' 'M' 'M' 'M' 'M' 'M' 'U' 'M' 'M' 'M' 'M' 'A' 'M'
 'M' 'M' 'M' 'M' 'M' 'M' 'M' 'M' 'M' 'M' 'M' 'M' 'M' 'M' 'M' 'M' 'M' 'M'
 'M' 'M' 'M' 'M' 'M' 'M' 'M' 'M' 'M' 'M' 'M' 'M' 'M' 'M' 'M' 'M' 'M' 'M']"
34601,2,188,7,181,10,0,1,"['A' 'M' 'M' 'M' 'M' 'U' 'M' 'M' 'M' 'M' 'M' 'M' 'M' 'M' 'M' 'M' 'M' 'M'
 'M' 'M' 'M' 'M' 'M' 'M' 'M' 'M' 'M' 'M' 'M' 'M' 'M' 'M' 'M' 'U' 'M' 'M'
 'M' 'M' 'M' 'M' 'M' 'M' 'M' 'M' 'M' 'M' 'M' 'M' 'M' 'M' 'M' 'M' 'M' 'M'
 'M' 'M' 'M' 'M' 'M' 'M' 'M' 'M' 'M' 'M' 'U' 'M' 'M' 'M' 'M' 'M' 'M' 'M'
 'M' 'M' 'M' 'M' 'M' 'M' 'M' 'M' 'M' 'M' 'M' 'U' 'M' 'M' 'M' 'M' 'M' 'M'
 'M' 'M' 'M' 'M' 'M' 'M' 'M' 'M' 'M' 'M' 'M' 'M' 'M' 'M' 'M' 'U' 'M' 'M'
 'M' 'M' 'M' 'M' 'M' 'M' 'M' 'M' 'M' 'M' 'M' 'M' 'M' 'M' 'M' 'M' 'M' 'U'
 'M' 'M' 'M' 'M' 'U' 'A' 'A' 'A' 'U' 'U' 'A' 'A' 'U' 'M' 'M' 'M' 'M' 'M'
 'M' 'M' 'M' 'M' 'M' 'M' 'M' 'M' 'M' 'M' 'M' 'M' 'M' 'M' 'M' 'M' 'A' 'M'
 'M' 'M' 'M' 'M' 'M' 'M' 'M' 'M' 'M' 'M' 'M' 'M' 'M' 'M' 'M' 'M' 'M' 'M'
 'M' 'M' 'M' 'M' 'M' 'M' 'M' 'M' 'M' 'M' 'M' 'M' 'M' 'M' 'M' 'M' 'M' 'M']"
34701,0,190,5,185,8,0,0,"['A' 'M' 'M' 'M' 'M' 'M' 'M' 'M' 'M' 'M' 'M' 'M' 'M' 'M' 'M' 'M' 'M' 'M'
 'M' 'M' 'M' 'M' 'M' 'M' 'M' 'M' 'M' 'M' 'M' 'M' 'M' 'M' 'M' 'M' 'M' 'M'
 'M' 'M' 'M' 'M' 'M' 'M' 'M' 'M' 'M' 'M' 'M' 'M' 'M' 'M' 'M' 'M' 'M' 'M'
 'M' 'M' 'M' 'M' 'M' 'M' 'M' 'M' 'M' 'M' 'M' 'M' 'M' 'M' 'M' 'M' 'M' 'M'
 'M' 'M' 'M' 'M' 'M' 'M' 'M' 'M' 'M' 'M' 'M' 'M' 'M' 'M' 'M' 'M' 'M' 'M'
 'M' 'M' 'M' 'M' 'U' 'M' 'M' 'M' 'M' 'M' 'M' 'M' 'M' 'M' 'M' 'M' 'M' 'M'
 'M' 'U' 'M' 'M' 'M' 'M' 'M' 'M' 'M' 'M' 'M' 'M' 'M' 'M' 'M' 'M' 'M' 'U'
 'M' 'M' 'M' 'M' 'U' 'A' 'U' 'A' 'U' 'A' 'M' 'A' 'U' 'M' 'M' 'M' 'M' 'M'
 'M' 'M' 'M' 'M' 'M' 'M' 'M' 'M' 'M' 'M' 'M' 'M' 'M' 'M' 'M' 'M' 'U' 'M'
 'M' 'M' 'M' 'M' 'M' 'M' 'M' 'M' 'M' 'M' 'M' 'M' 'M' 'M' 'M' 'M' 'M' 'M'
 'M' 'M' 'M' 'M' 'M' 'M' 'M' 'M' 'M' 'M' 'M' 'M' 'M' 'M' 'M' 'M' 'M' 'M']"
34801,0,191,6,185,7,0,0,"['A' 'M' 'M' 'M' 'M' 'M' 'M' 'M' 'M' 'M' 'M' 'M' 'M' 'M' 'M' 'M' 'M' 'M'
 'M' 'M' 'M' 'M' 'M' 'M' 'M' 'M' 'M' 'M' 'M' 'M' 'M' 'M' 'M' 'M' 'M' 'M'
 'M' 'M' 'M' 'M' 'M' 'M' 'M' 'M' 'M' 'M' 'M' 'M' 'M' 'M' 'M' 'M' 'M' 'M'
 'M' 'M' 'M' 'M' 'M' 'M' 'M' 'M' 'M' 'M' 'M' 'M' 'M' 'M' 'M' 'U' 'M' 'M'
 'M' 'M' 'M' 'M' 'M' 'M' 'M' 'M' 'M' 'M' 'M' 'M' 'M' 'M' 'M' 'M' 'M' 'M'
 'M' 'M' 'M' 'M' 'M' 'M' 'M' 'M' 'M' 'M' 'M' 'M' 'M' 'M' 'M' 'M' 'M' 'M'
 'M' 'M' 'M' 'M' 'M' 'M' 'M' 'M' 'M' 'M' 'M' 'M' 'M' 'M' 'M' 'M' 'M' 'M'
 'M' 'M' 'M' 'M' 'U' 'A' 'U' 'A' 'U' 'A' 'U' 'A' 'A' 'M' 'M' 'M' 'M' 'M'
 'M' 'M' 'M' 'M' 'U' 'M' 'M' 'M' 'M' 'M' 'M' 'M' 'M' 'M' 'M' 'M' 'M' 'M'
 'M' 'M' 'M' 'M' 'M' 'M' 'M' 'U' 'M' 'M' 'M' 'M' 'M' 'M' 'M' 'M' 'M' 'M'
 'M' 'M' 'M' 'M' 'M' 'M' 'M' 'M' 'M' 'M' 'M' 'M' 'M' 'M' 'M' 'M' 'M' 'M']"
34901,0,186,4,182,12,0,0,"['A' 'M' 'M' 'M' 'M' 'M' 'M' 'M' 'M' 'M' 'M' 'M' 'M' 'M' 'M' 'M' 'M' 'M'
 'M' 'M' 'M' 'M' 'M' 'M' 'M' 'U' 'U' 'M' 'M' 'M' 'M' 'M' 'U' 'M' 'M' 'M'
 'M' 'M' 'M' 'M' 'M' 'M' 'M' 'M' 'M' 'M' 'M' 'M' 'M' 'M' 'M' 'M' 'M' 'M'
 'M' 'M' 'M' 'U' 'M' 'M' 'M' 'M' 'M' 'M' 'M' 'M' 'M' 'M' 'M' 'M' 'M' 'M'
 'M' 'M' 'M' 'M' 'M' 'M' 'M' 'M' 'M' 'M' 'U' 'M' 'M' 'M' 'M' 'M' 'M' 'M'
 'M' 'M' 'M' 'M' 'M' 'M' 'M' 'M' 'M' 'M' 'M' 'M' 'M' 'M' 'M' 'M' 'M' 'M'
 'M' 'M' 'M' 'M' 'U' 'M' 'M' 'M' 'M' 'M' 'M' 'M' 'M' 'M' 'M' 'M' 'M' 'M'
 'M' 'M' 'U' 'M' 'U' 'A' 'U' 'M' 'M' 'A' 'U' 'M' 'A' 'M' 'M' 'M' 'M' 'M'
 'M' 'M' 'M' 'M' 'M' 'M' 'M' 'M' 'M' 'M' 'M' 'M' 'M' 'M' 'M' 'M' 'M' 'M'
 'M' 'M' 'M' 'M' 'M' 'M' 'M' 'U' 'M' 'M' 'M' 'M' 'M' 'U' 'M' 'M' 'M' 'M'
 'M' 'M' 'M' 'M' 'M' 'M' 'M' 'M' 'M' 'M' 'M' 'M' 'M' 'M' 'M' 'M' 'M' 'M']"
35001,1,189,6,183,9,0,0,"['A' 'M' 'M' 'M' 'M' 'M' 'M' 'M' 'M' 'M' 'M' 'M' 'M' 'M' 'M' 'M' 'M' 'M'
 'M' 'M' 'M' 'M' 'M' 'M' 'M' 'U' 'U' 'M' 'M' 'M' 'M' 'M' 'U' 'M' 'M' 'M'
 'M' 'M' 'M' 'M' 'M' 'M' 'M' 'M' 'M' 'M' 'M' 'M' 'M' 'M' 'M' 'M' 'M' 'M'
 'M' 'M' 'M' 'M' 'M' 'M' 'M' 'M' 'M' 'M' 'U' 'M' 'M' 'M' 'M' 'M' 'M' 'M'
 'M' 'M' 'M' 'M' 'M' 'M' 'M' 'M' 'M' 'U' 'M' 'M' 'M' 'M' 'M' 'M' 'M' 'M'
 'M' 'M' 'M' 'M' 'M' 'M' 'M' 'M' 'M' 'M' 'M' 'M' 'M' 'M' 'M' 'M' 'M' 'M'
 'M' 'M' 'M' 'M' 'M' 'M' 'M' 'M' 'M' 'M' 'M' 'M' 'M' 'M' 'M' 'M' 'M' 'M'
 'M' 'M' 'U' 'M' 'U' 'A' 'M' 'A' 'A' 'U' 'A' 'M' 'A' 'M' 'M' 'M' 'M' 'M'
 'M' 'M' 'M' 'M' 'M' 'M' 'M' 'M' 'M' 'M' 'M' 'M' 'M' 'M' 'M' 'M' 'M' 'M'
 'M' 'M' 'M' 'M' 'M' 'M' 'M' 'M' 'M' 'M' 'M' 'M' 'M' 'U' 'M' 'M' 'M' 'M'
 'M' 'M' 'M' 'M' 'M' 'M' 'M' 'M' 'M' 'M' 'M' 'M' 'M' 'M' 'M' 'M' 'M' 'M']"
35101,0,186,4,182,12,0,0,"['A' 'M' 'U' 'M' 'M' 'M' 'M' 'M' 'M' 'M' 'M' 'M' 'M' 'M' 'M' 'M' 'M' 'M'
 'M' 'M' 'M' 'M' 'M' 'M' 'M' 'U' 'U' 'M' 'M' 'M' 'M' 'M' 'M' 'U' 'M' 'M'
 'M' 'M' 'M' 'M' 'M' 'M' 'M' 'M' 'M' 'M' 'M' 'M' 'M' 'M' 'M' 'M' 'M' 'U'
 'M' 'M' 'M' 'M' 'M' 'M' 'M' 'M' 'M' 'M' 'M' 'M' 'M' 'M' 'M' 'M' 'M' 'U'
 'M' 'M' 'M' 'M' 'M' 'M' 'M' 'M' 'M' 'M' 'M' 'M' 'M' 'M' 'M' 'M' 'M' 'M'
 'M' 'M' 'M' 'M' 'M' 'M' 'M' 'M' 'M' 'M' 'M' 'M' 'U' 'M' 'M' 'M' 'M' 'M'
 'M' 'M' 'M' 'M' 'M' 'M' 'M' 'M' 'M' 'M' 'M' 'M' 'M' 'M' 'M' 'M' 'M' 'M'
 'M' 'M' 'U' 'M' 'U' 'M' 'M' 'A' 'A' 'M' 'U' 'U' 'A' 'M' 'M' 'M' 'M' 'M'
 'M' 'M' 'M' 'M' 'M' 'M' 'M' 'M' 'M' 'M' 'M' 'M' 'M' 'M' 'M' 'M' 'M' 'M'
 'M' 'M' 'M' 'M' 'M' 'M' 'M' 'M' 'M' 'M' 'M' 'M' 'M' 'U' 'M' 'M' 'M' 'M'
 'M' 'M' 'M' 'M' 'M' 'M' 'M' 'M' 'M' 'M' 'M' 'M' 'M' 'M' 'M' 'M' 'M' 'M']"
35201,0,187,6,181,11,0,0,"['A' 'M' 'M' 'M' 'M' 'M' 'M' 'M' 'M' 'M' 'M' 'M' 'M' 'M' 'M' 'M' 'M' 'M'
 'M' 'M' 'M' 'M' 'M' 'U' 'M' 'U' 'U' 'M' 'M' 'M' 'M' 'M' 'M' 'U' 'M' 'M'
 'M' 'M' 'M' 'M' 'M' 'M' 'M' 'M' 'M' 'M' 'M' 'M' 'U' 'M' 'M' 'M' 'M' 'M'
 'M' 'M' 'M' 'M' 'M' 'M' 'M' 'M' 'M' 'M' 'M' 'M' 'M' 'M' 'M' 'M' 'M' 'M'
 'M' 'U' 'M' 'M' 'M' 'M' 'M' 'M' 'M' 'M' 'M' 'M' 'M' 'M' 'M' 'M' 'M' 'M'
 'M' 'M' 'M' 'M' 'M' 'M' 'M' 'M' 'M' 'M' 'M' 'M' 'U' 'M' 'M' 'M' 'M' 'M'
 'M' 'M' 'M' 'M' 'M' 'M' 'M' 'M' 'M' 'M' 'M' 'M' 'M' 'M' 'M' 'M' 'M' 'M'
 'M' 'M' 'M' 'M' 'U' 'U' 'A' 'A' 'U' 'A' 'A' 'A' 'U' 'M' 'M' 'M' 'M' 'M'
 'M' 'M' 'M' 'M' 'M' 'M' 'M' 'M' 'M' 'M' 'M' 'M' 'M' 'M' 'M' 'M' 'M' 'M'
 'M' 'M' 'M' 'M' 'M' 'M' 'M' 'M' 'M' 'M' 'M' 'M' 'M' 'M' 'M' 'M' 'M' 'M'
 'M' 'M' 'M' 'M' 'M' 'M' 'M' 'M' 'M' 'M' 'M' 'M' 'M' 'M' 'M' 'M' 'M' 'M']"
35301,0,189,6,183,9,0,0,"['A' 'M' 'M' 'M' 'M' 'M' 'M' 'M' 'M' 'M' 'M' 'M' 'M' 'M' 'M' 'M' 'M' 'M'
 'M' 'M' 'M' 'M' 'M' 'M' 'M' 'U' 'U' 'M' 'M' 'M' 'M' 'M' 'M' 'U' 'M' 'M'
 'M' 'M' 'M' 'U' 'M' 'M' 'M' 'M' 'M' 'M' 'M' 'M' 'M' 'M' 'M' 'M' 'M' 'M'
 'M' 'M' 'M' 'M' 'M' 'M' 'M' 'M' 'M' 'M' 'M' 'M' 'M' 'M' 'M' 'M' 'M' 'M'
 'M' 'M' 'M' 'M' 'M' 'M' 'M' 'M' 'M' 'M' 'M' 'M' 'M' 'M' 'U' 'M' 'M' 'M'
 'M' 'M' 'M' 'M' 'M' 'M' 'M' 'M' 'M' 'M' 'M' 'M' 'U' 'M' 'M' 'M' 'M' 'M'
 'M' 'M' 'M' 'M' 'M' 'M' 'M' 'M' 'M' 'M' 'M' 'M' 'M' 'M' 'M' 'M' 'M' 'M'
 'M' 'M' 'M' 'M' 'M' 'U' 'A' 'A' 'U' 'A' 'A' 'A' 'M' 'M' 'M' 'M' 'M' 'M'
 'M' 'M' 'M' 'M' 'M' 'M' 'M' 'M' 'M' 'M' 'M' 'M' 'M' 'M' 'M' 'M' 'M' 'M'
 'M' 'M' 'M' 'M' 'M' 'M' 'M' 'M' 'M' 'M' 'M' 'M' 'M' 'M' 'M' 'M' 'M' 'M'
 'M' 'M' 'M' 'M' 'M' 'M' 'M' 'M' 'U' 'M' 'M' 'M' 'M' 'M' 'M' 'M' 'M' 'M']"
35401,0,187,6,181,11,0,0,"['A' 'M' 'M' 'M' 'M' 'M' 'M' 'M' 'M' 'M' 'M' 'M' 'M' 'M' 'M' 'M' 'M' 'M'
 'M' 'M' 'M' 'M' 'M' 'M' 'M' 'U' 'M' 'M' 'M' 'M' 'M' 'M' 'M' 'U' 'M' 'M'
 'M' 'M' 'M' 'U' 'M' 'M' 'M' 'M' 'M' 'M' 'M' 'M' 'M' 'M' 'M' 'M' 'M' 'M'
 'M' 'M' 'M' 'M' 'M' 'M' 'M' 'M' 'M' 'M' 'M' 'M' 'M' 'M' 'M' 'M' 'M' 'M'
 'M' 'M' 'M' 'M' 'M' 'M' 'M' 'M' 'M' 'M' 'M' 'M' 'M' 'M' 'M' 'M' 'M' 'M'
 'M' 'M' 'M' 'M' 'U' 'M' 'M' 'M' 'M' 'U' 'M' 'M' 'M' 'M' 'M' 'M' 'M' 'M'
 'M' 'M' 'M' 'M' 'M' 'M' 'M' 'M' 'M' 'M' 'M' 'M' 'M' 'M' 'M' 'M' 'M' 'M'
 'M' 'M' 'M' 'M' 'M' 'U' 'A' 'A' 'U' 'A' 'A' 'A' 'U' 'M' 'M' 'M' 'M' 'M'
 'M' 'M' 'M' 'M' 'M' 'M' 'M' 'U' 'M' 'M' 'M' 'M' 'M' 'M' 'M' 'M' 'M' 'M'
 'M' 'M' 'M' 'M' 'M' 'M' 'M' 'M' 'M' 'M' 'M' 'M' 'M' 'M' 'M' 'M' 'M' 'M'
 'M' 'U' 'M' 'M' 'M' 'M' 'M' 'M' 'U' 'M' 'M' 'M' 'M' 'M' 'M' 'M' 'M' 'M']"
35501,0,186,5,181,12,0,0,"['A' 'M' 'M' 'M' 'M' 'M' 'M' 'M' 'M' 'U' 'M' 'M' 'M' 'M' 'M' 'M' 'M' 'M'
 'M' 'M' 'M' 'M' 'M' 'M' 'M' 'M' 'M' 'M' 'M' 'M' 'M' 'M' 'M' 'U' 'M' 'U'
 'M' 'M' 'M' 'M' 'M' 'M' 'M' 'M' 'M' 'M' 'M' 'M' 'M' 'M' 'M' 'M' 'M' 'U'
 'M' 'M' 'M' 'M' 'M' 'M' 'M' 'M' 'M' 'M' 'M' 'M' 'M' 'M' 'M' 'M' 'M' 'M'
 'M' 'M' 'M' 'U' 'M' 'M' 'M' 'M' 'M' 'M' 'M' 'M' 'M' 'M' 'M' 'M' 'M' 'M'
 'M' 'M' 'M' 'M' 'M' 'U' 'M' 'M' 'M' 'M' 'M' 'M' 'M' 'M' 'M' 'M' 'M' 'M'
 'M' 'U' 'M' 'M' 'M' 'M' 'M' 'M' 'M' 'M' 'M' 'M' 'M' 'M' 'M' 'M' 'M' 'M'
 'M' 'M' 'M' 'M' 'M' 'U' 'A' 'M' 'U' 'A' 'A' 'A' 'U' 'M' 'M' 'M' 'M' 'M'
 'M' 'M' 'M' 'M' 'M' 'M' 'M' 'M' 'M' 'M' 'M' 'M' 'M' 'M' 'M' 'M' 'M' 'M'
 'M' 'M' 'M' 'M' 'M' 'M' 'M' 'M' 'M' 'M' 'M' 'M' 'M' 'M' 'M' 'M' 'U' 'M'
 'M' 'M' 'M' 'M' 'M' 'M' 'M' 'M' 'U' 'M' 'M' 'M' 'M' 'M' 'M' 'M' 'M' 'M']"
35601,0,186,6,180,12,0,0,"['A' 'M' 'M' 'M' 'M' 'M' 'M' 'M' 'M' 'U' 'M' 'M' 'M' 'M' 'M' 'M' 'M' 'M'
 'M' 'M' 'M' 'M' 'M' 'M' 'M' 'M' 'M' 'M' 'M' 'M' 'M' 'M' 'M' 'U' 'M' 'U'
 'M' 'M' 'M' 'M' 'M' 'M' 'M' 'M' 'M' 'M' 'M' 'M' 'M' 'M' 'M' 'M' 'M' 'U'
 'M' 'M' 'M' 'M' 'M' 'M' 'M' 'M' 'M' 'M' 'M' 'M' 'M' 'M' 'M' 'M' 'M' 'M'
 'M' 'M' 'M' 'M' 'M' 'M' 'M' 'M' 'M' 'M' 'M' 'M' 'M' 'U' 'M' 'M' 'M' 'M'
 'M' 'M' 'M' 'M' 'M' 'A' 'M' 'M' 'M' 'M' 'M' 'M' 'M' 'U' 'M' 'M' 'M' 'M'
 'U' 'M' 'M' 'M' 'M' 'M' 'M' 'M' 'M' 'M' 'M' 'M' 'M' 'M' 'M' 'M' 'U' 'M'
 'M' 'M' 'M' 'M' 'M' 'M' 'A' 'U' 'A' 'A' 'A' 'U' 'U' 'M' 'M' 'M' 'M' 'M'
 'M' 'M' 'M' 'M' 'M' 'M' 'M' 'M' 'M' 'M' 'M' 'M' 'M' 'M' 'M' 'M' 'M' 'M'
 'M' 'M' 'M' 'M' 'M' 'M' 'M' 'M' 'M' 'M' 'M' 'M' 'M' 'M' 'M' 'M' 'U' 'M'
 'M' 'M' 'M' 'M' 'M' 'M' 'M' 'M' 'M' 'M' 'M' 'M' 'M' 'M' 'M' 'M' 'M' 'M']"
35701,0,190,6,184,8,0,0,"['A' 'M' 'M' 'M' 'M' 'M' 'M' 'M' 'M' 'U' 'M' 'M' 'M' 'M' 'M' 'M' 'M' 'M'
 'M' 'M' 'M' 'M' 'M' 'M' 'M' 'M' 'M' 'M' 'M' 'M' 'M' 'M' 'M' 'U' 'M' 'M'
 'M' 'M' 'M' 'M' 'M' 'M' 'M' 'M' 'M' 'M' 'M' 'M' 'M' 'M' 'M' 'M' 'M' 'U'
 'M' 'M' 'M' 'M' 'M' 'M' 'M' 'M' 'M' 'M' 'M' 'M' 'M' 'M' 'M' 'U' 'M' 'M'
 'M' 'M' 'M' 'M' 'M' 'M' 'M' 'M' 'M' 'M' 'M' 'M' 'M' 'M' 'M' 'M' 'M' 'M'
 'M' 'M' 'M' 'M' 'M' 'A' 'M' 'M' 'M' 'M' 'M' 'M' 'M' 'U' 'M' 'M' 'M' 'M'
 'U' 'M' 'M' 'M' 'M' 'M' 'M' 'M' 'M' 'M' 'M' 'M' 'M' 'M' 'M' 'M' 'M' 'M'
 'M' 'M' 'M' 'M' 'M' 'A' 'A' 'U' 'U' 'A' 'M' 'A' 'M' 'M' 'M' 'M' 'M' 'M'
 'M' 'M' 'M' 'M' 'M' 'M' 'M' 'M' 'M' 'M' 'M' 'M' 'M' 'M' 'M' 'M' 'M' 'M'
 'M' 'M' 'M' 'M' 'M' 'M' 'M' 'M' 'M' 'M' 'M' 'M' 'M' 'M' 'M' 'M' 'M' 'M'
 'M' 'M' 'M' 'M' 'M' 'M' 'M' 'M' 'M' 'M' 'M' 'M' 'M' 'M' 'M' 'M' 'M' 'M']"
35801,1,190,8,182,8,0,0,"['A' 'M' 'M' 'M' 'M' 'M' 'M' 'M' 'M' 'U' 'M' 'M' 'M' 'M' 'M' 'M' 'M' 'M'
 'M' 'M' 'M' 'M' 'M' 'M' 'M' 'M' 'M' 'M' 'M' 'M' 'M' 'M' 'M' 'M' 'M' 'M'
 'M' 'M' 'M' 'M' 'M' 'M' 'M' 'M' 'M' 'M' 'M' 'M' 'M' 'M' 'M' 'M' 'M' 'M'
 'M' 'M' 'M' 'M' 'M' 'M' 'M' 'M' 'M' 'M' 'M' 'M' 'M' 'M' 'M' 'M' 'M' 'M'
 'M' 'M' 'M' 'U' 'M' 'M' 'M' 'M' 'M' 'M' 'M' 'M' 'M' 'M' 'M' 'M' 'M' 'M'
 'M' 'M' 'M' 'M' 'M' 'U' 'M' 'U' 'M' 'M' 'M' 'M' 'M' 'M' 'M' 'U' 'M' 'M'
 'M' 'M' 'M' 'M' 'M' 'M' 'M' 'M' 'M' 'M' 'M' 'M' 'M' 'M' 'M' 'M' 'M' 'M'
 'M' 'M' 'M' 'M' 'M' 'A' 'A' 'A' 'A' 'A' 'A' 'A' 'U' 'M' 'M' 'M' 'M' 'M'
 'M' 'M' 'M' 'M' 'M' 'M' 'M' 'M' 'M' 'M' 'M' 'M' 'M' 'M' 'M' 'M' 'M' 'M'
 'U' 'M' 'M' 'M' 'M' 'M' 'M' 'M' 'M' 'M' 'M' 'M' 'M' 'M' 'M' 'M' 'M' 'M'
 'M' 'M' 'M' 'M' 'M' 'M' 'M' 'M' 'M' 'M' 'M' 'M' 'M' 'M' 'M' 'M' 'M' 'U']"
35901,0,189,8,181,9,0,0,"['A' 'M' 'M' 'M' 'M' 'M' 'M' 'M' 'M' 'A' 'M' 'M' 'M' 'M' 'M' 'M' 'M' 'M'
 'M' 'M' 'M' 'M' 'M' 'M' 'M' 'M' 'M' 'M' 'M' 'M' 'M' 'M' 'M' 'M' 'M' 'M'
 'M' 'M' 'M' 'M' 'M' 'M' 'M' 'M' 'M' 'M' 'M' 'M' 'M' 'M' 'M' 'M' 'M' 'M'
 'M' 'M' 'M' 'M' 'M' 'M' 'M' 'M' 'M' 'M' 'M' 'M' 'M' 'U' 'M' 'M' 'M' 'M'
 'M' 'M' 'M' 'M' 'M' 'M' 'M' 'M' 'M' 'M' 'M' 'M' 'M' 'M' 'M' 'M' 'M' 'M'
 'M' 'M' 'M' 'M' 'M' 'U' 'M' 'U' 'M' 'M' 'M' 'M' 'M' 'M' 'M' 'U' 'M' 'M'
 'M' 'M' 'M' 'M' 'M' 'M' 'M' 'M' 'M' 'M' 'M' 'M' 'M' 'M' 'M' 'M' 'M' 'M'
 'M' 'M' 'M' 'M' 'M' 'A' 'U' 'A' 'A' 'A' 'A' 'A' 'M' 'M' 'M' 'M' 'M' 'M'
 'M' 'M' 'M' 'M' 'M' 'M' 'M' 'M' 'M' 'M' 'M' 'M' 'M' 'M' 'M' 'M' 'M' 'M'
 'U' 'M' 'M' 'M' 'M' 'M' 'M' 'M' 'M' 'M' 'M' 'M' 'U' 'U' 'M' 'U' 'M' 'M'
 'M' 'M' 'M' 'M' 'M' 'M' 'M' 'M' 'M' 'M' 'M' 'M' 'M' 'M' 'M' 'M' 'M' 'M']"
36001,1,185,8,177,13,0,0,"['A' 'M' 'M' 'M' 'M' 'M' 'M' 'M' 'M' 'A' 'M' 'M' 'M' 'M' 'M' 'M' 'M' 'M'
 'M' 'M' 'M' 'M' 'U' 'M' 'M' 'M' 'M' 'U' 'M' 'M' 'M' 'M' 'U' 'M' 'M' 'M'
 'M' 'M' 'M' 'M' 'M' 'M' 'M' 'M' 'M' 'M' 'M' 'M' 'M' 'M' 'M' 'M' 'M' 'M'
 'M' 'M' 'M' 'M' 'M' 'M' 'M' 'M' 'M' 'M' 'M' 'M' 'M' 'M' 'M' 'M' 'M' 'M'
 'M' 'M' 'M' 'M' 'M' 'M' 'M' 'U' 'M' 'M' 'M' 'M' 'M' 'M' 'M' 'M' 'M' 'M'
 'M' 'M' 'M' 'M' 'M' 'U' 'M' 'U' 'M' 'M' 'M' 'M' 'M' 'M' 'M' 'U' 'M' 'M'
 'M' 'M' 'M' 'M' 'M' 'M' 'M' 'M' 'M' 'M' 'M' 'M' 'M' 'M' 'M' 'M' 'M' 'M'
 'M' 'M' 'M' 'M' 'M' 'U' 'A' 'A' 'A' 'A' 'A' 'A' 'U' 'M' 'M' 'M' 'M' 'M'
 'M' 'M' 'M' 'M' 'M' 'M' 'M' 'M' 'M' 'M' 'M' 'M' 'M' 'M' 'M' 'M' 'M' 'M'
 'U' 'M' 'M' 'M' 'M' 'M' 'M' 'M' 'M' 'M' 'M' 'M' 'M' 'U' 'M' 'U' 'M' 'M'
 'M' 'M' 'M' 'M' 'M' 'M' 'M' 'M' 'M' 'M' 'M' 'M' 'M' 'M' 'M' 'U' 'M' 'M']"
36101,1,185,9,176,13,0,0,"['A' 'M' 'M' 'M' 'M' 'M' 'M' 'M' 'M' 'A' 'M' 'M' 'M' 'M' 'M' 'M' 'M' 'M'
 'M' 'M' 'M' 'M' 'U' 'M' 'M' 'M' 'M' 'M' 'M' 'M' 'U' 'M' 'U' 'M' 'U' 'M'
 'M' 'M' 'M' 'M' 'M' 'M' 'M' 'M' 'M' 'M' 'M' 'M' 'M' 'M' 'M' 'M' 'M' 'M'
 'M' 'M' 'M' 'M' 'M' 'M' 'M' 'M' 'M' 'M' 'M' 'M' 'M' 'M' 'M' 'M' 'M' 'M'
 'M' 'M' 'M' 'M' 'M' 'M' 'M' 'M' 'M' 'M' 'M' 'M' 'M' 'M' 'M' 'U' 'M' 'M'
 'M' 'M' 'M' 'M' 'M' 'U' 'M' 'U' 'M' 'M' 'M' 'M' 'M' 'M' 'M' 'U' 'M' 'M'
 'M' 'M' 'M' 'M' 'M' 'M' 'M' 'M' 'M' 'M' 'M' 'M' 'M' 'M' 'M' 'M' 'M' 'M'
 'M' 'M' 'M' 'M' 'M' 'A' 'A' 'A' 'U' 'A' 'A' 'A' 'A' 'M' 'M' 'M' 'M' 'M'
 'M' 'M' 'M' 'M' 'M' 'M' 'M' 'M' 'M' 'M' 'M' 'M' 'M' 'M' 'M' 'M' 'M' 'M'
 'U' 'M' 'M' 'M' 'M' 'M' 'M' 'M' 'M' 'M' 'M' 'M' 'M' 'U' 'M' 'U' 'M' 'M'
 'M' 'M' 'M' 'M' 'M' 'M' 'M' 'M' 'M' 'M' 'M' 'M' 'M' 'M' 'M' 'U' 'M' 'M']"
36201,1,184,6,178,14,0,0,"['A' 'M' 'M' 'M' 'M' 'M' 'M' 'M' 'M' 'U' 'M' 'M' 'M' 'M' 'M' 'M' 'M' 'M'
 'M' 'M' 'M' 'M' 'U' 'M' 'M' 'M' 'M' 'M' 'M' 'M' 'M' 'M' 'U' 'M' 'M' 'M'
 'M' 'M' 'M' 'M' 'M' 'M' 'M' 'M' 'M' 'M' 'M' 'M' 'M' 'M' 'M' 'M' 'M' 'M'
 'M' 'M' 'M' 'M' 'M' 'M' 'M' 'M' 'M' 'M' 'M' 'M' 'M' 'M' 'M' 'U' 'M' 'M'
 'M' 'M' 'M' 'M' 'M' 'M' 'M' 'M' 'M' 'M' 'M' 'M' 'M' 'M' 'M' 'M' 'M' 'M'
 'M' 'M' 'M' 'M' 'M' 'M' 'M' 'U' 'M' 'M' 'M' 'M' 'M' 'M' 'M' 'M' 'M' 'M'
 'M' 'M' 'M' 'M' 'M' 'M' 'M' 'M' 'M' 'M' 'M' 'M' 'M' 'M' 'M' 'M' 'M' 'M'
 'M' 'M' 'M' 'M' 'M' 'A' 'A' 'A' 'U' 'U' 'A' 'U' 'A' 'M' 'M' 'M' 'M' 'M'
 'M' 'M' 'U' 'M' 'M' 'M' 'M' 'M' 'M' 'M' 'M' 'M' 'M' 'M' 'M' 'M' 'M' 'M'
 'U' 'M' 'M' 'M' 'M' 'M' 'M' 'M' 'M' 'M' 'M' 'M' 'M' 'U' 'M' 'U' 'M' 'M'
 'M' 'M' 'M' 'M' 'M' 'M' 'M' 'M' 'M' 'U' 'M' 'M' 'M' 'M' 'M' 'U' 'M' 'M']"
36301,1,191,8,183,7,0,0,"['A' 'M' 'M' 'M' 'M' 'M' 'M' 'M' 'M' 'M' 'M' 'M' 'M' 'M' 'M' 'M' 'M' 'M'
 'M' 'M' 'U' 'M' 'U' 'M' 'M' 'M' 'M' 'M' 'M' 'M' 'M' 'M' 'U' 'M' 'M' 'M'
 'M' 'M' 'M' 'M' 'M' 'M' 'M' 'M' 'M' 'M' 'M' 'M' 'M' 'M' 'M' 'M' 'M' 'M'
 'M' 'M' 'M' 'M' 'M' 'M' 'M' 'M' 'M' 'M' 'M' 'M' 'M' 'M' 'M' 'M' 'M' 'M'
 'M' 'M' 'M' 'U' 'M' 'M' 'M' 'M' 'M' 'M' 'M' 'M' 'M' 'M' 'M' 'M' 'M' 'M'
 'M' 'M' 'M' 'M' 'M' 'M' 'M' 'M' 'M' 'M' 'M' 'M' 'M' 'M' 'M' 'M' 'M' 'M'
 'M' 'M' 'M' 'M' 'M' 'M' 'M' 'M' 'M' 'M' 'M' 'M' 'M' 'M' 'M' 'M' 'M' 'M'
 'M' 'M' 'M' 'M' 'M' 'U' 'A' 'A' 'A' 'A' 'A' 'A' 'A' 'M' 'M' 'M' 'M' 'M'
 'M' 'M' 'M' 'M' 'M' 'M' 'M' 'M' 'M' 'M' 'M' 'M' 'M' 'M' 'M' 'M' 'M' 'M'
 'M' 'M' 'M' 'M' 'M' 'M' 'M' 'M' 'M' 'M' 'M' 'M' 'M' 'M' 'M' 'U' 'M' 'M'
 'M' 'M' 'M' 'M' 'M' 'M' 'M' 'M' 'M' 'U' 'M' 'M' 'M' 'M' 'M' 'M' 'M' 'M']"
36401,0,191,6,185,7,0,0,"['A' 'M' 'U' 'M' 'M' 'M' 'M' 'M' 'M' 'M' 'M' 'M' 'M' 'M' 'M' 'M' 'M' 'M'
 'M' 'M' 'M' 'M' 'M' 'M' 'M' 'M' 'M' 'M' 'M' 'M' 'M' 'M' 'M' 'M' 'M' 'M'
 'M' 'M' 'M' 'M' 'M' 'M' 'M' 'M' 'M' 'M' 'M' 'M' 'M' 'M' 'M' 'M' 'U' 'M'
 'M' 'M' 'M' 'M' 'M' 'M' 'M' 'M' 'M' 'M' 'M' 'M' 'M' 'M' 'M' 'M' 'M' 'M'
 'M' 'M' 'M' 'M' 'M' 'M' 'M' 'M' 'M' 'M' 'M' 'M' 'U' 'M' 'M' 'M' 'M' 'M'
 'M' 'M' 'M' 'M' 'M' 'M' 'M' 'M' 'M' 'M' 'M' 'M' 'M' 'M' 'M' 'M' 'M' 'M'
 'M' 'M' 'M' 'M' 'M' 'M' 'M' 'M' 'M' 'M' 'M' 'M' 'M' 'M' 'U' 'M' 'M' 'M'
 'M' 'M' 'M' 'M' 'M' 'M' 'A' 'A' 'A' 'A' 'U' 'U' 'A' 'M' 'M' 'M' 'M' 'M'
 'M' 'M' 'M' 'M' 'M' 'M' 'M' 'M' 'M' 'M' 'M' 'M' 'M' 'M' 'M' 'M' 'M' 'M'
 'M' 'M' 'M' 'M' 'M' 'M' 'M' 'M' 'M' 'M' 'M' 'M' 'M' 'M' 'M' 'M' 'M' 'M'
 'M' 'M' 'M' 'M' 'M' 'M' 'M' 'M' 'M' 'U' 'M' 'M' 'M' 'M' 'M' 'M' 'M' 'M']"
36501,0,187,6,181,11,0,0,"['A' 'M' 'U' 'M' 'M' 'M' 'M' 'M' 'M' 'M' 'M' 'M' 'M' 'M' 'M' 'M' 'M' 'M'
 'M' 'M' 'M' 'M' 'M' 'M' 'M' 'M' 'M' 'M' 'M' 'M' 'M' 'M' 'M' 'M' 'M' 'M'
 'M' 'M' 'U' 'M' 'M' 'M' 'M' 'M' 'M' 'M' 'M' 'M' 'M' 'M' 'M' 'M' 'U' 'M'
 'M' 'M' 'M' 'M' 'M' 'M' 'M' 'M' 'M' 'M' 'M' 'M' 'M' 'U' 'M' 'M' 'M' 'M'
 'M' 'M' 'M' 'M' 'M' 'M' 'M' 'M' 'M' 'M' 'M' 'M' 'M' 'M' 'M' 'M' 'M' 'M'
 'M' 'M' 'M' 'M' 'M' 'M' 'M' 'M' 'M' 'U' 'M' 'M' 'M' 'M' 'M' 'M' 'M' 'M'
 'M' 'M' 'M' 'M' 'M' 'M' 'M' 'M' 'M' 'U' 'M' 'M' 'M' 'A' 'U' 'M' 'M' 'M'
 'M' 'M' 'M' 'M' 'M' 'M' 'A' 'A' 'A' 'A' 'U' 'U' 'U' 'M' 'M' 'M' 'M' 'M'
 'M' 'M' 'M' 'M' 'M' 'M' 'M' 'M' 'M' 'M' 'M' 'M' 'M' 'M' 'M' 'M' 'M' 'M'
 'M' 'M' 'M' 'M' 'M' 'M' 'M' 'M' 'M' 'M' 'M' 'M' 'M' 'M' 'M' 'M' 'M' 'M'
 'M' 'M' 'M' 'M' 'M' 'M' 'M' 'M' 'M' 'U' 'M' 'M' 'M' 'M' 'M' 'M' 'M' 'M']"
36601,0,185,4,181,13,0,0,"['A' 'M' 'M' 'M' 'M' 'M' 'M' 'M' 'M' 'M' 'M' 'M' 'M' 'M' 'M' 'M' 'M' 'M'
 'M' 'M' 'M' 'M' 'M' 'M' 'M' 'M' 'M' 'M' 'M' 'M' 'M' 'M' 'M' 'M' 'M' 'M'
 'M' 'M' 'M' 'M' 'M' 'M' 'M' 'M' 'M' 'U' 'M' 'M' 'M' 'U' 'M' 'M' 'M' 'M'
 'M' 'M' 'M' 'M' 'M' 'M' 'M' 'M' 'M' 'M' 'M' 'M' 'M' 'M' 'M' 'M' 'M' 'M'
 'M' 'M' 'M' 'M' 'M' 'M' 'M' 'M' 'M' 'M' 'M' 'M' 'M' 'M' 'M' 'M' 'M' 'U'
 'M' 'M' 'M' 'M' 'M' 'M' 'M' 'M' 'M' 'M' 'M' 'M' 'M' 'M' 'M' 'M' 'M' 'M'
 'M' 'M' 'M' 'M' 'M' 'M' 'M' 'M' 'M' 'U' 'M' 'M' 'M' 'A' 'U' 'M' 'M' 'M'
 'M' 'M' 'M' 'M' 'M' 'M' 'U' 'A' 'A' 'U' 'U' 'U' 'U' 'M' 'M' 'M' 'M' 'M'
 'M' 'M' 'M' 'M' 'M' 'M' 'M' 'M' 'M' 'M' 'M' 'M' 'M' 'M' 'M' 'M' 'M' 'M'
 'M' 'M' 'M' 'M' 'M' 'M' 'M' 'M' 'M' 'U' 'M' 'M' 'M' 'M' 'M' 'M' 'M' 'M'
 'M' 'M' 'M' 'M' 'M' 'M' 'M' 'M' 'M' 'U' 'U' 'M' 'M' 'M' 'M' 'M' 'M' 'M']"
36701,0,186,2,184,12,0,0,"['A' 'M' 'M' 'M' 'M' 'M' 'M' 'M' 'M' 'M' 'M' 'M' 'M' 'M' 'M' 'M' 'M' 'M'
 'M' 'M' 'M' 'M' 'M' 'M' 'M' 'M' 'M' 'M' 'M' 'M' 'M' 'M' 'M' 'M' 'M' 'M'
 'M' 'M' 'M' 'M' 'M' 'M' 'M' 'M' 'M' 'U' 'M' 'M' 'M' 'U' 'M' 'M' 'M' 'M'
 'M' 'M' 'M' 'M' 'M' 'M' 'M' 'M' 'M' 'M' 'M' 'M' 'M' 'M' 'M' 'M' 'M' 'M'
 'M' 'M' 'M' 'M' 'M' 'M' 'M' 'M' 'M' 'M' 'M' 'M' 'M' 'M' 'M' 'M' 'M' 'M'
 'U' 'M' 'M' 'M' 'M' 'M' 'M' 'M' 'M' 'M' 'M' 'M' 'M' 'M' 'M' 'M' 'M' 'M'
 'M' 'M' 'M' 'M' 'M' 'M' 'M' 'M' 'M' 'U' 'M' 'M' 'M' 'U' 'M' 'M' 'M' 'M'
 'M' 'M' 'M' 'M' 'M' 'M' 'M' 'A' 'U' 'U' 'M' 'U' 'U' 'M' 'M' 'M' 'M' 'M'
 'M' 'M' 'M' 'M' 'M' 'M' 'M' 'M' 'M' 'M' 'M' 'M' 'M' 'M' 'M' 'M' 'M' 'M'
 'M' 'M' 'M' 'M' 'M' 'M' 'M' 'M' 'M' 'U' 'M' 'M' 'M' 'M' 'M' 'M' 'M' 'M'
 'M' 'M' 'M' 'M' 'M' 'M' 'M' 'M' 'M' 'U' 'U' 'M' 'M' 'M' 'M' 'M' 'M' 'M']"
36801,0,185,6,179,13,0,0,"['A' 'M' 'M' 'M' 'M' 'M' 'M' 'M' 'M' 'M' 'M' 'U' 'M' 'M' 'M' 'M' 'M' 'M'
 'M' 'M' 'M' 'M' 'M' 'M' 'M' 'M' 'M' 'M' 'M' 'M' 'M' 'M' 'M' 'M' 'M' 'M'
 'M' 'M' 'M' 'M' 'M' 'M' 'M' 'M' 'M' 'U' 'M' 'M' 'M' 'U' 'M' 'M' 'M' 'M'
 'M' 'U' 'M' 'M' 'U' 'M' 'M' 'M' 'M' 'M' 'M' 'M' 'M' 'M' 'U' 'M' 'M' 'M'
 'M' 'M' 'M' 'M' 'M' 'M' 'M' 'M' 'M' 'M' 'M' 'M' 'M' 'M' 'M' 'M' 'M' 'M'
 'M' 'M' 'M' 'M' 'M' 'M' 'M' 'M' 'M' 'M' 'M' 'M' 'M' 'M' 'M' 'M' 'M' 'M'
 'M' 'M' 'M' 'U' 'M' 'M' 'M' 'M' 'M' 'U' 'M' 'M' 'M' 'U' 'M' 'M' 'M' 'M'
 'M' 'M' 'M' 'M' 'M' 'U' 'A' 'A' 'U' 'A' 'U' 'A' 'A' 'M' 'M' 'M' 'M' 'M'
 'M' 'M' 'M' 'M' 'M' 'M' 'M' 'M' 'M' 'M' 'M' 'M' 'M' 'M' 'M' 'M' 'M' 'M'
 'M' 'M' 'M' 'M' 'M' 'M' 'M' 'M' 'M' 'U' 'M' 'M' 'M' 'M' 'M' 'M' 'M' 'M'
 'M' 'M' 'M' 'M' 'M' 'M' 'M' 'M' 'M' 'M' 'M' 'M' 'M' 'M' 'M' 'M' 'M' 'M']"
36901,1,187,4,183,11,0,0,"['A' 'M' 'M' 'M' 'M' 'M' 'M' 'M' 'M' 'M' 'M' 'M' 'M' 'M' 'M' 'M' 'M' 'M'
 'M' 'M' 'M' 'M' 'M' 'M' 'M' 'M' 'M' 'M' 'U' 'M' 'M' 'M' 'M' 'M' 'M' 'M'
 'M' 'M' 'M' 'M' 'M' 'M' 'M' 'M' 'M' 'U' 'M' 'M' 'M' 'U' 'M' 'M' 'M' 'M'
 'M' 'U' 'M' 'M' 'M' 'M' 'M' 'M' 'M' 'M' 'M' 'M' 'M' 'M' 'M' 'M' 'M' 'M'
 'M' 'M' 'M' 'U' 'M' 'M' 'M' 'M' 'M' 'M' 'M' 'M' 'M' 'M' 'M' 'M' 'M' 'M'
 'M' 'M' 'M' 'M' 'M' 'M' 'M' 'M' 'M' 'M' 'M' 'M' 'M' 'M' 'M' 'M' 'M' 'M'
 'M' 'M' 'M' 'M' 'M' 'M' 'M' 'M' 'M' 'U' 'M' 'M' 'M' 'U' 'M' 'M' 'M' 'M'
 'M' 'M' 'M' 'M' 'M' 'M' 'A' 'A' 'U' 'A' 'U' 'M' 'U' 'M' 'M' 'M' 'M' 'M'
 'M' 'M' 'M' 'M' 'M' 'M' 'M' 'M' 'M' 'M' 'M' 'M' 'M' 'M' 'M' 'M' 'M' 'M'
 'M' 'M' 'M' 'M' 'M' 'M' 'M' 'M' 'M' 'U' 'M' 'M' 'M' 'M' 'M' 'M' 'M' 'M'
 'M' 'M' 'M' 'M' 'M' 'M' 'M' 'M' 'M' 'M' 'M' 'M' 'M' 'M' 'M' 'M' 'M' 'M']"
37001,0,189,7,182,9,0,0,"['A' 'M' 'M' 'M' 'M' 'M' 'M' 'M' 'M' 'M' 'M' 'M' 'M' 'M' 'M' 'M' 'M' 'M'
 'M' 'M' 'M' 'M' 'M' 'M' 'M' 'M' 'M' 'M' 'U' 'M' 'M' 'M' 'M' 'M' 'M' 'M'
 'M' 'M' 'M' 'M' 'M' 'M' 'M' 'M' 'M' 'M' 'M' 'M' 'M' 'M' 'M' 'M' 'M' 'M'
 'M' 'U' 'M' 'M' 'M' 'M' 'M' 'M' 'M' 'M' 'M' 'M' 'M' 'M' 'M' 'M' 'M' 'M'
 'M' 'M' 'M' 'M' 'M' 'M' 'M' 'M' 'M' 'M' 'M' 'M' 'M' 'M' 'M' 'M' 'M' 'U'
 'M' 'M' 'M' 'M' 'M' 'M' 'M' 'M' 'M' 'M' 'M' 'M' 'M' 'M' 'M' 'M' 'M' 'M'
 'M' 'M' 'M' 'M' 'M' 'M' 'M' 'M' 'M' 'U' 'M' 'M' 'M' 'U' 'M' 'M' 'M' 'M'
 'M' 'M' 'M' 'M' 'M' 'U' 'A' 'A' 'A' 'A' 'U' 'A' 'A' 'M' 'M' 'M' 'M' 'M'
 'M' 'M' 'M' 'M' 'M' 'U' 'M' 'M' 'M' 'M' 'M' 'M' 'M' 'M' 'M' 'M' 'M' 'M'
 'M' 'M' 'M' 'M' 'M' 'M' 'M' 'M' 'M' 'U' 'M' 'M' 'M' 'M' 'M' 'M' 'M' 'M'
 'M' 'M' 'M' 'M' 'M' 'M' 'M' 'M' 'M' 'M' 'M' 'M' 'M' 'M' 'M' 'M' 'M' 'M']"
37101,0,190,7,183,8,0,0,"['A' 'M' 'M' 'M' 'M' 'M' 'M' 'M' 'M' 'M' 'M' 'M' 'M' 'M' 'M' 'M' 'M' 'M'
 'M' 'M' 'M' 'M' 'M' 'M' 'M' 'M' 'M' 'M' 'M' 'M' 'M' 'M' 'M' 'M' 'M' 'M'
 'M' 'M' 'M' 'M' 'M' 'M' 'M' 'M' 'M' 'M' 'M' 'M' 'M' 'M' 'M' 'M' 'M' 'M'
 'M' 'M' 'M' 'M' 'M' 'M' 'M' 'M' 'M' 'M' 'M' 'M' 'M' 'M' 'M' 'U' 'M' 'M'
 'M' 'M' 'M' 'M' 'M' 'M' 'M' 'M' 'M' 'M' 'M' 'M' 'M' 'M' 'M' 'M' 'M' 'M'
 'M' 'M' 'M' 'M' 'M' 'M' 'M' 'M' 'M' 'M' 'M' 'M' 'M' 'M' 'M' 'M' 'M' 'M'
 'M' 'M' 'M' 'M' 'M' 'M' 'M' 'M' 'M' 'U' 'M' 'M' 'M' 'U' 'M' 'M' 'M' 'M'
 'M' 'M' 'M' 'M' 'M' 'U' 'A' 'A' 'A' 'U' 'A' 'A' 'A' 'M' 'M' 'M' 'M' 'M'
 'M' 'M' 'M' 'M' 'M' 'U' 'M' 'M' 'M' 'M' 'M' 'M' 'M' 'M' 'M' 'M' 'M' 'M'
 'M' 'M' 'M' 'M' 'M' 'M' 'U' 'M' 'M' 'M' 'M' 'M' 'M' 'M' 'M' 'M' 'M' 'M'
 'M' 'M' 'M' 'M' 'M' 'M' 'M' 'M' 'M' 'M' 'M' 'M' 'M' 'M' 'M' 'U' 'M' 'M']"
37201,1,191,6,185,7,0,0,"['A' 'M' 'M' 'M' 'M' 'M' 'M' 'M' 'M' 'M' 'M' 'M' 'M' 'M' 'M' 'M' 'M' 'M'
 'M' 'M' 'M' 'M' 'M' 'M' 'M' 'M' 'M' 'M' 'M' 'M' 'M' 'M' 'M' 'M' 'M' 'M'
 'M' 'M' 'M' 'M' 'M' 'M' 'M' 'M' 'M' 'M' 'M' 'M' 'M' 'M' 'M' 'M' 'M' 'M'
 'M' 'M' 'M' 'M' 'M' 'M' 'M' 'M' 'M' 'M' 'M' 'M' 'M' 'M' 'M' 'M' 'M' 'M'
 'U' 'M' 'M' 'M' 'M' 'M' 'M' 'M' 'M' 'M' 'M' 'M' 'M' 'M' 'M' 'M' 'M' 'M'
 'M' 'M' 'M' 'M' 'M' 'M' 'M' 'M' 'M' 'M' 'M' 'M' 'M' 'M' 'M' 'M' 'M' 'M'
 'M' 'M' 'M' 'M' 'M' 'M' 'M' 'M' 'M' 'U' 'M' 'M' 'M' 'M' 'M' 'M' 'M' 'M'
 'M' 'M' 'M' 'M' 'M' 'U' 'A' 'A' 'A' 'U' 'A' 'A' 'U' 'M' 'M' 'M' 'M' 'M'
 'M' 'M' 'M' 'M' 'M' 'U' 'M' 'M' 'M' 'M' 'M' 'M' 'M' 'M' 'M' 'M' 'M' 'M'
 'M' 'M' 'M' 'M' 'M' 'M' 'M' 'M' 'M' 'M' 'M' 'M' 'M' 'M' 'M' 'M' 'M' 'M'
 'M' 'M' 'M' 'M' 'M' 'M' 'M' 'M' 'M' 'M' 'M' 'M' 'M' 'M' 'M' 'U' 'M' 'M']"
37301,0,191,7,184,7,0,0,"['A' 'M' 'M' 'M' 'M' 'M' 'M' 'M' 'M' 'M' 'M' 'M' 'M' 'M' 'M' 'M' 'M' 'M'
 'M' 'M' 'M' 'M' 'M' 'M' 'M' 'M' 'M' 'M' 'M' 'M' 'M' 'M' 'M' 'M' 'M' 'M'
 'M' 'M' 'M' 'M' 'M' 'M' 'U' 'M' 'M' 'M' 'M' 'M' 'M' 'M' 'M' 'M' 'M' 'M'
 'M' 'M' 'M' 'M' 'M' 'M' 'M' 'M' 'M' 'M' 'M' 'M' 'M' 'M' 'M' 'M' 'M' 'M'
 'M' 'M' 'M' 'M' 'M' 'M' 'M' 'M' 'M' 'M' 'M' 'M' 'M' 'M' 'M' 'M' 'M' 'M'
 'M' 'U' 'M' 'M' 'M' 'M' 'M' 'M' 'M' 'M' 'M' 'M' 'M' 'M' 'M' 'M' 'M' 'M'
 'M' 'M' 'M' 'U' 'M' 'M' 'M' 'M' 'M' 'U' 'M' 'M' 'M' 'M' 'M' 'M' 'M' 'M'
 'M' 'M' 'M' 'M' 'M' 'U' 'A' 'A' 'A' 'A' 'A' 'A' 'M' 'M' 'M' 'M' 'M' 'M'
 'U' 'M' 'M' 'M' 'M' 'M' 'M' 'M' 'M' 'M' 'M' 'M' 'M' 'M' 'M' 'M' 'M' 'M'
 'M' 'M' 'M' 'M' 'M' 'M' 'M' 'M' 'U' 'M' 'M' 'M' 'M' 'M' 'M' 'M' 'M' 'M'
 'M' 'M' 'M' 'M' 'M' 'M' 'M' 'M' 'M' 'M' 'M' 'M' 'M' 'M' 'M' 'M' 'M' 'M']"
37401,0,192,4,188,6,0,0,"['A' 'M' 'M' 'M' 'M' 'M' 'M' 'M' 'M' 'M' 'M' 'M' 'M' 'M' 'M' 'M' 'M' 'M'
 'M' 'M' 'M' 'M' 'M' 'M' 'M' 'M' 'M' 'M' 'M' 'M' 'M' 'M' 'M' 'M' 'M' 'M'
 'M' 'M' 'M' 'M' 'M' 'M' 'M' 'M' 'M' 'M' 'M' 'M' 'M' 'M' 'M' 'M' 'M' 'M'
 'M' 'M' 'M' 'M' 'M' 'M' 'M' 'M' 'M' 'M' 'M' 'M' 'M' 'M' 'M' 'M' 'M' 'M'
 'M' 'M' 'M' 'M' 'M' 'M' 'M' 'M' 'M' 'M' 'M' 'M' 'M' 'M' 'U' 'M' 'M' 'M'
 'M' 'M' 'M' 'M' 'M' 'M' 'M' 'M' 'M' 'M' 'M' 'M' 'M' 'M' 'M' 'M' 'M' 'M'
 'M' 'M' 'M' 'M' 'M' 'M' 'M' 'M' 'M' 'M' 'M' 'M' 'M' 'M' 'M' 'M' 'M' 'M'
 'M' 'M' 'M' 'M' 'M' 'U' 'M' 'U' 'U' 'A' 'A' 'A' 'M' 'M' 'M' 'M' 'M' 'M'
 'M' 'M' 'M' 'M' 'M' 'M' 'M' 'M' 'M' 'M' 'M' 'M' 'M' 'M' 'M' 'M' 'M' 'M'
 'M' 'M' 'M' 'M' 'M' 'M' 'M' 'M' 'U' 'M' 'M' 'M' 'M' 'M' 'U' 'M' 'M' 'M'
 'M' 'M' 'M' 'M' 'M' 'M' 'M' 'M' 'M' 'M' 'M' 'M' 'M' 'M' 'M' 'M' 'M' 'M']"
37501,1,192,5,187,6,0,0,"['A' 'M' 'M' 'M' 'M' 'M' 'M' 'M' 'M' 'M' 'M' 'M' 'M' 'M' 'M' 'M' 'M' 'M'
 'M' 'M' 'M' 'M' 'M' 'M' 'M' 'M' 'M' 'M' 'M' 'M' 'M' 'M' 'M' 'M' 'M' 'M'
 'M' 'M' 'M' 'M' 'M' 'M' 'M' 'M' 'M' 'M' 'M' 'M' 'M' 'M' 'M' 'M' 'M' 'M'
 'M' 'M' 'M' 'M' 'M' 'M' 'M' 'M' 'M' 'M' 'M' 'M' 'M' 'U' 'M' 'M' 'M' 'M'
 'M' 'M' 'M' 'M' 'M' 'M' 'M' 'M' 'M' 'M' 'M' 'M' 'M' 'M' 'M' 'M' 'M' 'M'
 'M' 'M' 'M' 'M' 'M' 'M' 'M' 'M' 'M' 'M' 'M' 'M' 'M' 'M' 'M' 'M' 'M' 'M'
 'M' 'M' 'M' 'M' 'M' 'M' 'M' 'M' 'M' 'M' 'M' 'M' 'M' 'M' 'M' 'M' 'M' 'M'
 'M' 'M' 'M' 'M' 'M' 'U' 'A' 'A' 'U' 'U' 'A' 'A' 'M' 'M' 'M' 'M' 'M' 'M'
 'M' 'M' 'M' 'M' 'M' 'M' 'M' 'M' 'M' 'M' 'M' 'M' 'M' 'M' 'M' 'M' 'M' 'M'
 'M' 'M' 'M' 'M' 'M' 'M' 'M' 'M' 'U' 'M' 'M' 'M' 'M' 'M' 'U' 'M' 'M' 'M'
 'M' 'M' 'M' 'M' 'M' 'M' 'M' 'M' 'M' 'M' 'M' 'M' 'M' 'M' 'M' 'M' 'M' 'M']"
37601,1,189,6,183,9,0,0,"['A' 'M' 'M' 'M' 'M' 'M' 'M' 'M' 'M' 'M' 'M' 'M' 'M' 'M' 'M' 'M' 'M' 'M'
 'M' 'M' 'M' 'M' 'M' 'M' 'M' 'M' 'M' 'M' 'M' 'M' 'M' 'M' 'M' 'M' 'M' 'M'
 'M' 'M' 'M' 'M' 'M' 'M' 'M' 'M' 'M' 'M' 'M' 'M' 'M' 'M' 'M' 'M' 'M' 'M'
 'M' 'M' 'M' 'M' 'M' 'U' 'M' 'M' 'M' 'M' 'M' 'M' 'M' 'M' 'M' 'M' 'M' 'M'
 'M' 'M' 'M' 'M' 'U' 'M' 'M' 'M' 'M' 'M' 'M' 'M' 'M' 'M' 'M' 'M' 'M' 'M'
 'M' 'M' 'M' 'M' 'M' 'M' 'M' 'M' 'M' 'M' 'M' 'M' 'M' 'M' 'M' 'M' 'M' 'M'
 'M' 'M' 'M' 'M' 'M' 'M' 'M' 'M' 'M' 'M' 'M' 'M' 'M' 'M' 'M' 'M' 'U' 'U'
 'M' 'M' 'M' 'M' 'M' 'U' 'A' 'U' 'A' 'A' 'A' 'A' 'U' 'M' 'M' 'M' 'M' 'U'
 'M' 'M' 'M' 'M' 'M' 'M' 'M' 'M' 'M' 'M' 'M' 'M' 'M' 'M' 'M' 'M' 'M' 'M'
 'M' 'M' 'M' 'M' 'M' 'M' 'M' 'M' 'U' 'M' 'M' 'M' 'M' 'M' 'M' 'M' 'M' 'M'
 'M' 'M' 'M' 'M' 'M' 'M' 'M' 'M' 'M' 'M' 'M' 'M' 'M' 'M' 'M' 'M' 'M' 'M']"
37701,0,190,5,185,8,0,0,"['A' 'M' 'M' 'M' 'M' 'M' 'M' 'M' 'M' 'M' 'M' 'M' 'M' 'M' 'M' 'M' 'M' 'M'
 'M' 'M' 'M' 'M' 'M' 'M' 'U' 'M' 'M' 'M' 'M' 'M' 'M' 'M' 'M' 'M' 'M' 'M'
 'M' 'M' 'M' 'M' 'M' 'M' 'M' 'M' 'M' 'M' 'M' 'M' 'M' 'M' 'M' 'M' 'M' 'M'
 'M' 'M' 'M' 'M' 'M' 'U' 'M' 'M' 'M' 'M' 'M' 'M' 'M' 'M' 'M' 'M' 'M' 'M'
 'M' 'M' 'M' 'M' 'M' 'M' 'M' 'M' 'M' 'M' 'M' 'M' 'M' 'M' 'M' 'M' 'U' 'M'
 'M' 'M' 'M' 'M' 'M' 'M' 'M' 'M' 'M' 'M' 'U' 'M' 'M' 'M' 'M' 'M' 'M' 'M'
 'M' 'M' 'M' 'M' 'M' 'M' 'M' 'M' 'M' 'M' 'M' 'M' 'M' 'M' 'M' 'M' 'M' 'M'
 'M' 'M' 'M' 'M' 'M' 'M' 'U' 'M' 'U' 'A' 'A' 'A' 'A' 'M' 'M' 'M' 'M' 'M'
 'M' 'M' 'M' 'M' 'M' 'M' 'M' 'M' 'M' 'M' 'M' 'M' 'M' 'M' 'M' 'M' 'M' 'M'
 'M' 'M' 'M' 'M' 'M' 'M' 'M' 'M' 'U' 'M' 'M' 'M' 'M' 'M' 'M' 'M' 'M' 'M'
 'M' 'M' 'M' 'M' 'M' 'M' 'M' 'M' 'M' 'M' 'M' 'M' 'M' 'M' 'U' 'M' 'M' 'M']"
37801,1,191,7,184,7,0,0,"['A' 'M' 'M' 'M' 'M' 'M' 'M' 'M' 'M' 'M' 'M' 'M' 'M' 'M' 'M' 'M' 'M' 'M'
 'M' 'M' 'M' 'M' 'M' 'M' 'M' 'M' 'M' 'M' 'M' 'M' 'M' 'M' 'M' 'M' 'M' 'M'
 'M' 'M' 'M' 'M' 'M' 'M' 'M' 'M' 'M' 'M' 'M' 'M' 'M' 'M' 'M' 'M' 'M' 'M'
 'M' 'M' 'M' 'M' 'M' 'U' 'M' 'M' 'M' 'M' 'M' 'M' 'M' 'M' 'M' 'M' 'M' 'M'
 'M' 'M' 'M' 'M' 'M' 'M' 'M' 'M' 'M' 'M' 'M' 'M' 'U' 'M' 'M' 'M' 'M' 'M'
 'M' 'M' 'M' 'M' 'M' 'M' 'M' 'M' 'M' 'M' 'U' 'M' 'M' 'M' 'M' 'M' 'M' 'M'
 'M' 'M' 'M' 'M' 'M' 'M' 'M' 'M' 'M' 'M' 'M' 'M' 'M' 'M' 'M' 'M' 'M' 'M'
 'M' 'M' 'M' 'M' 'M' 'A' 'A' 'U' 'U' 'A' 'A' 'A' 'A' 'M' 'M' 'M' 'M' 'M'
 'M' 'M' 'M' 'M' 'M' 'M' 'M' 'M' 'M' 'M' 'M' 'M' 'M' 'M' 'M' 'M' 'M' 'M'
 'M' 'M' 'M' 'M' 'M' 'M' 'M' 'M' 'M' 'M' 'M' 'M' 'M' 'M' 'M' 'M' 'M' 'M'
 'M' 'M' 'M' 'U' 'M' 'M' 'M' 'M' 'U' 'M' 'M' 'M' 'M' 'M' 'M' 'M' 'M' 'M']"
37901,0,191,7,184,7,0,0,"['A' 'M' 'M' 'M' 'M' 'M' 'M' 'M' 'M' 'M' 'M' 'M' 'M' 'M' 'M' 'M' 'M' 'M'
 'M' 'M' 'M' 'M' 'M' 'M' 'M' 'M' 'M' 'M' 'M' 'M' 'M' 'M' 'M' 'M' 'M' 'M'
 'M' 'M' 'M' 'M' 'M' 'M' 'M' 'M' 'M' 'M' 'M' 'M' 'M' 'M' 'M' 'M' 'M' 'M'
 'M' 'M' 'M' 'M' 'M' 'M' 'M' 'M' 'M' 'M' 'M' 'M' 'M' 'M' 'M' 'M' 'U' 'M'
 'M' 'M' 'M' 'M' 'M' 'M' 'M' 'M' 'M' 'M' 'M' 'M' 'M' 'M' 'M' 'M' 'M' 'M'
 'M' 'M' 'M' 'M' 'M' 'M' 'M' 'M' 'M' 'M' 'U' 'M' 'M' 'M' 'M' 'M' 'M' 'M'
 'M' 'M' 'M' 'M' 'U' 'M' 'M' 'M' 'M' 'M' 'M' 'M' 'M' 'M' 'M' 'M' 'M' 'M'
 'M' 'M' 'M' 'M' 'M' 'U' 'A' 'A' 'A' 'A' 'A' 'U' 'A' 'M' 'M' 'M' 'M' 'M'
 'M' 'M' 'M' 'M' 'U' 'M' 'M' 'M' 'M' 'M' 'M' 'M' 'M' 'M' 'M' 'M' 'M' 'M'
 'M' 'M' 'M' 'M' 'M' 'M' 'M' 'M' 'M' 'M' 'M' 'M' 'M' 'M' 'M' 'M' 'M' 'M'
 'M' 'M' 'M' 'M' 'M' 'M' 'M' 'M' 'U' 'M' 'M' 'M' 'M' 'M' 'M' 'M' 'M' 'M']"
38001,0,190,7,183,8,0,0,"['A' 'M' 'M' 'M' 'M' 'M' 'M' 'M' 'M' 'M' 'M' 'M' 'M' 'M' 'M' 'M' 'M' 'M'
 'M' 'M' 'M' 'M' 'M' 'M' 'M' 'M' 'M' 'M' 'M' 'M' 'M' 'M' 'M' 'M' 'M' 'M'
 'M' 'M' 'M' 'M' 'M' 'M' 'M' 'M' 'M' 'M' 'M' 'M' 'M' 'M' 'M' 'M' 'M' 'M'
 'M' 'M' 'M' 'M' 'M' 'M' 'M' 'M' 'M' 'M' 'M' 'M' 'M' 'M' 'U' 'M' 'M' 'M'
 'M' 'M' 'M' 'M' 'M' 'M' 'M' 'M' 'M' 'M' 'M' 'M' 'M' 'M' 'M' 'M' 'M' 'M'
 'M' 'M' 'M' 'M' 'M' 'M' 'M' 'U' 'M' 'M' 'U' 'M' 'M' 'M' 'M' 'M' 'M' 'M'
 'M' 'U' 'M' 'M' 'U' 'M' 'M' 'M' 'M' 'M' 'M' 'M' 'M' 'M' 'M' 'M' 'M' 'M'
 'M' 'M' 'M' 'M' 'M' 'A' 'A' 'U' 'A' 'A' 'A' 'A' 'U' 'M' 'M' 'M' 'M' 'M'
 'M' 'M' 'M' 'M' 'M' 'M' 'M' 'M' 'M' 'M' 'M' 'M' 'M' 'M' 'M' 'M' 'U' 'M'
 'M' 'M' 'M' 'M' 'M' 'M' 'M' 'M' 'M' 'M' 'M' 'M' 'M' 'M' 'M' 'M' 'M' 'M'
 'M' 'M' 'M' 'M' 'M' 'M' 'M' 'M' 'M' 'M' 'M' 'M' 'M' 'M' 'M' 'M' 'M' 'M']"
38101,0,186,5,181,12,0,0,"['A' 'M' 'M' 'M' 'M' 'M' 'M' 'M' 'M' 'M' 'M' 'M' 'M' 'M' 'M' 'M' 'M' 'M'
 'U' 'M' 'M' 'M' 'M' 'M' 'M' 'M' 'M' 'M' 'M' 'M' 'M' 'M' 'M' 'M' 'M' 'M'
 'M' 'M' 'U' 'M' 'M' 'M' 'M' 'U' 'M' 'M' 'M' 'M' 'M' 'M' 'M' 'M' 'M' 'M'
 'M' 'M' 'M' 'M' 'M' 'M' 'M' 'M' 'M' 'M' 'M' 'M' 'M' 'M' 'M' 'M' 'M' 'M'
 'M' 'M' 'M' 'M' 'M' 'M' 'M' 'M' 'M' 'M' 'M' 'M' 'M' 'M' 'M' 'M' 'M' 'U'
 'M' 'M' 'M' 'M' 'M' 'M' 'M' 'M' 'M' 'M' 'U' 'M' 'M' 'M' 'M' 'M' 'M' 'M'
 'M' 'U' 'M' 'M' 'U' 'M' 'M' 'M' 'M' 'M' 'M' 'M' 'M' 'M' 'M' 'M' 'M' 'M'
 'M' 'M' 'M' 'M' 'M' 'A' 'U' 'U' 'A' 'A' 'U' 'A' 'U' 'M' 'M' 'M' 'M' 'M'
 'M' 'M' 'M' 'M' 'M' 'M' 'M' 'M' 'M' 'M' 'M' 'M' 'M' 'M' 'M' 'M' 'U' 'M'
 'M' 'M' 'M' 'M' 'M' 'M' 'M' 'M' 'M' 'M' 'M' 'M' 'M' 'M' 'M' 'M' 'M' 'M'
 'M' 'M' 'M' 'M' 'M' 'M' 'M' 'M' 'M' 'M' 'M' 'M' 'M' 'M' 'M' 'M' 'M' 'M']"
38201,0,188,6,182,10,0,0,"['A' 'M' 'M' 'M' 'M' 'M' 'M' 'M' 'M' 'M' 'M' 'M' 'M' 'M' 'M' 'M' 'M' 'M'
 'M' 'M' 'M' 'U' 'M' 'M' 'M' 'M' 'M' 'M' 'M' 'M' 'M' 'M' 'M' 'M' 'M' 'M'
 'M' 'M' 'M' 'M' 'M' 'M' 'M' 'U' 'M' 'M' 'M' 'M' 'M' 'M' 'M' 'M' 'M' 'M'
 'M' 'M' 'M' 'M' 'M' 'M' 'M' 'M' 'M' 'M' 'M' 'M' 'M' 'M' 'M' 'M' 'M' 'M'
 'M' 'M' 'M' 'M' 'M' 'M' 'M' 'M' 'M' 'M' 'M' 'M' 'M' 'M' 'M' 'M' 'M' 'M'
 'M' 'M' 'M' 'U' 'M' 'M' 'M' 'M' 'M' 'M' 'U' 'M' 'M' 'M' 'M' 'M' 'M' 'U'
 'M' 'U' 'M' 'M' 'U' 'M' 'M' 'M' 'M' 'M' 'M' 'M' 'M' 'M' 'M' 'M' 'M' 'M'
 'M' 'M' 'M' 'M' 'M' 'A' 'A' 'A' 'A' 'A' 'M' 'U' 'U' 'M' 'M' 'M' 'M' 'M'
 'M' 'M' 'M' 'M' 'M' 'M' 'M' 'M' 'M' 'M' 'M' 'M' 'M' 'M' 'M' 'M' 'U' 'M'
 'M' 'M' 'M' 'M' 'M' 'M' 'M' 'M' 'M' 'M' 'M' 'M' 'M' 'M' 'M' 'M' 'M' 'M'
 'M' 'M' 'M' 'M' 'M' 'M' 'M' 'M' 'M' 'M' 'M' 'M' 'M' 'M' 'M' 'M' 'M' 'M']"
38301,0,187,8,179,11,0,0,"['A' 'M' 'M' 'M' 'U' 'M' 'M' 'M' 'M' 'M' 'M' 'M' 'M' 'M' 'M' 'M' 'M' 'M'
 'M' 'M' 'M' 'M' 'M' 'M' 'M' 'M' 'M' 'M' 'M' 'M' 'M' 'M' 'M' 'M' 'M' 'M'
 'M' 'M' 'M' 'M' 'M' 'M' 'M' 'M' 'M' 'M' 'M' 'M' 'M' 'M' 'M' 'M' 'M' 'M'
 'M' 'M' 'M' 'M' 'M' 'M' 'M' 'M' 'M' 'M' 'M' 'M' 'M' 'M' 'M' 'M' 'M' 'M'
 'M' 'M' 'M' 'M' 'M' 'M' 'M' 'M' 'M' 'M' 'U' 'M' 'M' 'M' 'M' 'M' 'M' 'M'
 'M' 'M' 'M' 'M' 'M' 'M' 'M' 'M' 'M' 'M' 'U' 'M' 'M' 'M' 'M' 'M' 'M' 'M'
 'M' 'U' 'M' 'M' 'M' 'M' 'M' 'M' 'M' 'M' 'M' 'M' 'M' 'M' 'M' 'M' 'M' 'M'
 'M' 'M' 'M' 'M' 'M' 'A' 'U' 'A' 'A' 'A' 'A' 'A' 'A' 'M' 'M' 'M' 'M' 'M'
 'M' 'M' 'M' 'M' 'M' 'M' 'M' 'M' 'M' 'M' 'M' 'U' 'M' 'M' 'M' 'M' 'U' 'M'
 'U' 'M' 'M' 'M' 'M' 'M' 'M' 'M' 'M' 'M' 'M' 'M' 'M' 'M' 'M' 'M' 'M' 'M'
 'M' 'M' 'M' 'U' 'M' 'M' 'U' 'M' 'M' 'U' 'M' 'M' 'M' 'M' 'M' 'M' 'M' 'M']"
38401,0,186,6,180,12,0,0,"['A' 'M' 'M' 'M' 'U' 'M' 'M' 'M' 'M' 'M' 'M' 'M' 'M' 'M' 'M' 'M' 'M' 'M'
 'M' 'M' 'M' 'M' 'M' 'M' 'M' 'M' 'M' 'M' 'M' 'M' 'M' 'M' 'M' 'M' 'M' 'M'
 'M' 'M' 'M' 'M' 'M' 'M' 'M' 'M' 'M' 'M' 'M' 'M' 'M' 'M' 'M' 'M' 'M' 'M'
 'M' 'M' 'M' 'M' 'M' 'M' 'M' 'M' 'M' 'M' 'M' 'U' 'M' 'M' 'M' 'M' 'M' 'M'
 'M' 'M' 'M' 'M' 'M' 'M' 'M' 'M' 'M' 'M' 'M' 'M' 'M' 'M' 'M' 'M' 'M' 'M'
 'M' 'M' 'M' 'M' 'M' 'M' 'M' 'U' 'M' 'M' 'U' 'M' 'M' 'M' 'M' 'M' 'M' 'M'
 'M' 'U' 'M' 'M' 'M' 'M' 'M' 'M' 'M' 'M' 'M' 'M' 'M' 'M' 'M' 'M' 'M' 'M'
 'M' 'M' 'M' 'M' 'M' 'A' 'U' 'A' 'U' 'A' 'A' 'A' 'U' 'M' 'M' 'M' 'M' 'M'
 'M' 'M' 'M' 'M' 'M' 'M' 'M' 'M' 'M' 'M' 'M' 'U' 'M' 'M' 'U' 'M' 'U' 'M'
 'M' 'M' 'M' 'M' 'M' 'M' 'M' 'M' 'M' 'M' 'M' 'M' 'M' 'M' 'M' 'M' 'M' 'M'
 'M' 'M' 'M' 'M' 'U' 'M' 'M' 'M' 'M' 'M' 'M' 'M' 'M' 'M' 'M' 'M' 'M' 'M']"
38501,0,181,5,176,17,0,1,"['A' 'M' 'M' 'M' 'M' 'M' 'M' 'M' 'M' 'M' 'M' 'M' 'M' 'M' 'M' 'M' 'M' 'M'
 'M' 'M' 'M' 'M' 'M' 'M' 'M' 'U' 'M' 'M' 'M' 'M' 'M' 'M' 'M' 'M' 'M' 'M'
 'M' 'U' 'M' 'M' 'M' 'M' 'M' 'M' 'M' 'M' 'M' 'M' 'M' 'M' 'M' 'M' 'M' 'M'
 'M' 'M' 'M' 'M' 'M' 'U' 'M' 'M' 'M' 'M' 'M' 'M' 'M' 'M' 'M' 'M' 'M' 'M'
 'M' 'M' 'M' 'M' 'U' 'M' 'M' 'M' 'M' 'M' 'M' 'M' 'M' 'M' 'M' 'M' 'M' 'M'
 'M' 'M' 'M' 'M' 'M' 'M' 'M' 'U' 'M' 'M' 'U' 'M' 'M' 'M' 'M' 'M' 'M' 'M'
 'M' 'U' 'M' 'M' 'M' 'M' 'M' 'M' 'M' 'M' 'M' 'M' 'M' 'M' 'M' 'M' 'M' 'M'
 'M' 'M' 'M' 'M' 'M' 'U' 'U' 'A' 'U' 'A' 'A' 'A' 'U' 'U' 'M' 'M' 'M' 'U'
 'M' 'M' 'M' 'M' 'M' 'M' 'M' 'M' 'M' 'M' 'M' 'M' 'M' 'M' 'U' 'M' 'U' 'M'
 'M' 'M' 'M' 'M' 'M' 'M' 'M' 'M' 'M' 'M' 'M' 'M' 'M' 'M' 'M' 'M' 'M' 'M'
 'M' 'M' 'M' 'M' 'U' 'M' 'M' 'M' 'U' 'M' 'M' 'M' 'M' 'M' 'M' 'M' 'M' 'M']"
38601,0,185,4,181,13,0,0,"['A' 'M' 'M' 'M' 'M' 'M' 'M' 'M' 'M' 'M' 'M' 'M' 'M' 'M' 'M' 'M' 'M' 'M'
 'M' 'M' 'M' 'M' 'M' 'M' 'M' 'M' 'M' 'M' 'M' 'M' 'M' 'M' 'M' 'M' 'M' 'M'
 'M' 'U' 'M' 'M' 'M' 'M' 'M' 'M' 'M' 'M' 'M' 'M' 'M' 'M' 'M' 'M' 'M' 'M'
 'M' 'M' 'M' 'M' 'U' 'U' 'M' 'M' 'M' 'M' 'M' 'M' 'M' 'M' 'M' 'M' 'M' 'M'
 'M' 'M' 'M' 'M' 'M' 'M' 'M' 'M' 'M' 'M' 'M' 'M' 'M' 'M' 'M' 'M' 'M' 'M'
 'M' 'M' 'M' 'U' 'M' 'M' 'M' 'M' 'M' 'M' 'U' 'M' 'M' 'M' 'M' 'M' 'M' 'M'
 'M' 'U' 'M' 'M' 'M' 'M' 'M' 'M' 'M' 'M' 'M' 'M' 'M' 'M' 'M' 'M' 'M' 'M'
 'M' 'M' 'M' 'M' 'M' 'M' 'U' 'A' 'M' 'A' 'M' 'A' 'U' 'M' 'M' 'M' 'M' 'U'
 'M' 'M' 'M' 'M' 'M' 'M' 'M' 'M' 'M' 'M' 'M' 'M' 'M' 'M' 'U' 'M' 'M' 'M'
 'M' 'M' 'M' 'M' 'M' 'M' 'M' 'M' 'M' 'M' 'M' 'M' 'M' 'M' 'M' 'M' 'M' 'M'
 'M' 'M' 'M' 'M' 'U' 'M' 'M' 'M' 'U' 'M' 'M' 'M' 'M' 'U' 'M' 'M' 'M' 'M']"
38701,0,186,5,181,12,0,0,"['A' 'M' 'M' 'M' 'M' 'M' 'M' 'M' 'M' 'M' 'M' 'M' 'M' 'M' 'M' 'M' 'M' 'M'
 'M' 'M' 'M' 'M' 'M' 'M' 'M' 'M' 'M' 'M' 'M' 'M' 'M' 'M' 'M' 'M' 'M' 'M'
 'M' 'M' 'M' 'M' 'M' 'M' 'M' 'M' 'M' 'M' 'M' 'M' 'M' 'M' 'M' 'M' 'M' 'M'
 'M' 'M' 'M' 'M' 'U' 'M' 'M' 'M' 'M' 'M' 'M' 'M' 'U' 'M' 'M' 'M' 'M' 'M'
 'M' 'M' 'M' 'M' 'M' 'M' 'M' 'M' 'M' 'M' 'M' 'M' 'M' 'M' 'M' 'M' 'M' 'M'
 'M' 'M' 'M' 'M' 'M' 'M' 'M' 'M' 'M' 'M' 'U' 'M' 'M' 'M' 'M' 'M' 'M' 'M'
 'M' 'M' 'M' 'M' 'M' 'M' 'M' 'M' 'M' 'M' 'M' 'M' 'M' 'M' 'M' 'M' 'M' 'M'
 'U' 'M' 'M' 'M' 'M' 'M' 'U' 'A' 'A' 'A' 'U' 'A' 'U' 'M' 'M' 'M' 'M' 'U'
 'M' 'M' 'M' 'M' 'M' 'M' 'M' 'M' 'M' 'M' 'M' 'M' 'M' 'M' 'U' 'M' 'M' 'M'
 'M' 'M' 'M' 'M' 'M' 'M' 'M' 'M' 'M' 'M' 'M' 'M' 'M' 'M' 'M' 'M' 'M' 'M'
 'M' 'M' 'M' 'M' 'U' 'M' 'M' 'M' 'U' 'M' 'M' 'M' 'M' 'U' 'M' 'M' 'M' 'M']"
38801,0,188,8,180,10,0,0,"['A' 'M' 'M' 'M' 'M' 'M' 'M' 'M' 'M' 'M' 'M' 'M' 'M' 'M' 'M' 'M' 'M' 'M'
 'M' 'M' 'M' 'M' 'M' 'M' 'M' 'M' 'M' 'M' 'M' 'M' 'M' 'M' 'M' 'U' 'M' 'M'
 'M' 'M' 'M' 'M' 'M' 'M' 'M' 'M' 'M' 'M' 'M' 'M' 'M' 'M' 'M' 'M' 'M' 'M'
 'M' 'M' 'M' 'M' 'U' 'M' 'M' 'U' 'M' 'M' 'M' 'M' 'M' 'M' 'M' 'M' 'M' 'M'
 'M' 'M' 'M' 'M' 'U' 'M' 'M' 'M' 'M' 'M' 'M' 'M' 'M' 'M' 'M' 'M' 'M' 'M'
 'M' 'M' 'M' 'M' 'M' 'M' 'M' 'M' 'M' 'M' 'U' 'M' 'M' 'M' 'M' 'M' 'M' 'M'
 'M' 'M' 'M' 'M' 'M' 'M' 'M' 'M' 'M' 'M' 'M' 'M' 'M' 'M' 'M' 'M' 'M' 'M'
 'M' 'M' 'M' 'M' 'M' 'U' 'A' 'A' 'A' 'A' 'A' 'A' 'A' 'M' 'M' 'M' 'M' 'U'
 'M' 'M' 'M' 'M' 'M' 'M' 'M' 'M' 'M' 'M' 'M' 'M' 'M' 'M' 'U' 'U' 'M' 'M'
 'M' 'M' 'M' 'M' 'M' 'M' 'M' 'M' 'M' 'M' 'M' 'M' 'M' 'M' 'M' 'M' 'M' 'M'
 'M' 'M' 'M' 'M' 'U' 'M' 'M' 'M' 'M' 'M' 'M' 'M' 'M' 'M' 'M' 'M' 'M' 'M']"
38901,1,188,8,180,10,0,0,"['A' 'M' 'M' 'M' 'M' 'M' 'M' 'M' 'M' 'M' 'M' 'M' 'M' 'M' 'M' 'M' 'M' 'M'
 'M' 'M' 'M' 'M' 'M' 'M' 'M' 'M' 'M' 'M' 'M' 'M' 'M' 'M' 'M' 'U' 'M' 'M'
 'M' 'M' 'M' 'M' 'M' 'M' 'M' 'M' 'M' 'M' 'M' 'M' 'M' 'M' 'M' 'M' 'M' 'M'
 'M' 'M' 'M' 'M' 'M' 'M' 'M' 'U' 'M' 'M' 'M' 'M' 'M' 'M' 'M' 'M' 'M' 'M'
 'M' 'M' 'M' 'M' 'M' 'U' 'M' 'M' 'M' 'M' 'M' 'M' 'M' 'M' 'M' 'M' 'M' 'M'
 'M' 'M' 'M' 'M' 'M' 'M' 'U' 'M' 'M' 'M' 'M' 'M' 'M' 'M' 'M' 'M' 'M' 'M'
 'M' 'M' 'M' 'M' 'M' 'M' 'M' 'M' 'M' 'M' 'M' 'M' 'M' 'M' 'M' 'M' 'M' 'M'
 'M' 'M' 'M' 'M' 'M' 'U' 'A' 'A' 'A' 'A' 'A' 'A' 'A' 'M' 'M' 'M' 'M' 'U'
 'M' 'M' 'M' 'M' 'M' 'M' 'M' 'M' 'M' 'M' 'M' 'M' 'M' 'M' 'U' 'U' 'M' 'M'
 'M' 'U' 'M' 'M' 'M' 'M' 'M' 'M' 'M' 'M' 'M' 'M' 'M' 'M' 'M' 'M' 'M' 'M'
 'M' 'M' 'M' 'M' 'U' 'M' 'M' 'M' 'M' 'M' 'M' 'M' 'M' 'M' 'M' 'M' 'M' 'M']"
39001,0,189,7,182,9,0,0,"['A' 'M' 'M' 'M' 'M' 'M' 'M' 'M' 'M' 'M' 'M' 'M' 'M' 'M' 'M' 'M' 'M' 'M'
 'M' 'M' 'M' 'M' 'M' 'M' 'M' 'M' 'M' 'M' 'M' 'M' 'M' 'M' 'M' 'M' 'M' 'M'
 'M' 'M' 'M' 'M' 'M' 'M' 'M' 'M' 'M' 'M' 'M' 'M' 'M' 'M' 'M' 'M' 'M' 'M'
 'M' 'M' 'M' 'M' 'M' 'M' 'U' 'U' 'M' 'M' 'M' 'U' 'M' 'M' 'M' 'M' 'M' 'M'
 'M' 'M' 'M' 'M' 'M' 'M' 'M' 'M' 'M' 'M' 'M' 'M' 'M' 'M' 'M' 'M' 'M' 'M'
 'M' 'M' 'M' 'M' 'M' 'M' 'U' 'M' 'M' 'M' 'M' 'M' 'M' 'M' 'M' 'M' 'M' 'M'
 'M' 'M' 'M' 'M' 'M' 'M' 'M' 'M' 'M' 'M' 'M' 'M' 'M' 'M' 'M' 'M' 'M' 'M'
 'U' 'M' 'M' 'M' 'M' 'M' 'U' 'A' 'A' 'A' 'A' 'A' 'A' 'M' 'M' 'M' 'M' 'M'
 'M' 'M' 'M' 'M' 'M' 'M' 'M' 'M' 'M' 'M' 'M' 'M' 'M' 'M' 'M' 'U' 'M' 'M'
 'M' 'U' 'M' 'M' 'M' 'M' 'M' 'M' 'M' 'M' 'M' 'M' 'M' 'M' 'M' 'M' 'M' 'M'
 'M' 'M' 'M' 'M' 'U' 'M' 'M' 'M' 'M' 'M' 'M' 'M' 'M' 'M' 'M' 'M' 'M' 'M']"
39101,0,192,8,184,6,0,0,"['A' 'M' 'M' 'M' 'M' 'M' 'M' 'M' 'M' 'M' 'M' 'M' 'M' 'M' 'M' 'M' 'M' 'M'
 'M' 'M' 'M' 'M' 'M' 'M' 'M' 'M' 'M' 'M' 'M' 'M' 'M' 'M' 'M' 'M' 'M' 'M'
 'M' 'M' 'M' 'M' 'M' 'M' 'M' 'M' 'M' 'M' 'M' 'M' 'M' 'M' 'M' 'M' 'M' 'M'
 'M' 'M' 'M' 'M' 'U' 'M' 'M' 'M' 'M' 'M' 'M' 'M' 'M' 'M' 'M' 'M' 'M' 'M'
 'M' 'M' 'U' 'M' 'M' 'M' 'M' 'M' 'M' 'M' 'M' 'M' 'M' 'M' 'M' 'M' 'M' 'M'
 'M' 'M' 'M' 'M' 'M' 'M' 'U' 'M' 'M' 'M' 'M' 'M' 'M' 'M' 'M' 'M' 'M' 'M'
 'M' 'M' 'M' 'M' 'M' 'M' 'M' 'M' 'M' 'M' 'M' 'M' 'M' 'M' 'M' 'M' 'M' 'M'
 'U' 'M' 'M' 'M' 'M' 'M' 'A' 'A' 'A' 'A' 'A' 'A' 'A' 'M' 'M' 'M' 'M' 'M'
 'M' 'M' 'M' 'M' 'M' 'M' 'M' 'M' 'M' 'M' 'M' 'M' 'M' 'M' 'M' 'U' 'M' 'M'
 'M' 'M' 'M' 'M' 'M' 'M' 'M' 'M' 'M' 'M' 'M' 'M' 'M' 'M' 'M' 'M' 'M' 'M'
 'M' 'M' 'M' 'M' 'U' 'M' 'M' 'M' 'M' 'M' 'M' 'M' 'M' 'M' 'M' 'M' 'M' 'M']"
39201,0,189,9,180,9,0,0,"['A' 'M' 'M' 'M' 'M' 'M' 'M' 'M' 'M' 'M' 'M' 'M' 'M' 'M' 'M' 'M' 'M' 'U'
 'M' 'M' 'M' 'M' 'M' 'M' 'M' 'M' 'M' 'M' 'M' 'M' 'M' 'M' 'M' 'U' 'M' 'M'
 'M' 'M' 'M' 'M' 'M' 'M' 'M' 'M' 'M' 'M' 'M' 'M' 'U' 'M' 'M' 'M' 'M' 'M'
 'M' 'M' 'M' 'M' 'U' 'M' 'M' 'M' 'M' 'M' 'M' 'M' 'M' 'M' 'M' 'M' 'U' 'M'
 'M' 'M' 'M' 'M' 'M' 'M' 'M' 'M' 'M' 'M' 'M' 'M' 'M' 'M' 'M' 'M' 'M' 'M'
 'M' 'M' 'M' 'M' 'M' 'M' 'U' 'M' 'M' 'M' 'M' 'M' 'M' 'M' 'M' 'M' 'M' 'M'
 'M' 'M' 'M' 'M' 'M' 'M' 'M' 'M' 'M' 'M' 'M' 'M' 'M' 'M' 'M' 'M' 'M' 'M'
 'M' 'M' 'M' 'M' 'M' 'M' 'A' 'A' 'A' 'A' 'A' 'A' 'A' 'M' 'M' 'M' 'M' 'M'
 'M' 'M' 'M' 'M' 'M' 'M' 'M' 'M' 'M' 'U' 'M' 'M' 'M' 'M' 'M' 'M' 'M' 'M'
 'M' 'U' 'M' 'M' 'M' 'M' 'A' 'M' 'M' 'M' 'M' 'M' 'M' 'M' 'M' 'M' 'M' 'M'
 'M' 'M' 'M' 'M' 'U' 'M' 'M' 'M' 'M' 'M' 'M' 'M' 'M' 'M' 'M' 'M' 'M' 'M']"
39301,0,183,8,175,15,1,0,"['A' 'M' 'M' 'M' 'M' 'M' 'M' 'M' 'M' 'M' 'M' 'M' 'M' 'M' 'M' 'M' 'M' 'U'
 'M' 'M' 'M' 'M' 'U' 'M' 'M' 'U' 'M' 'M' 'M' 'M' 'M' 'M' 'M' 'U' 'M' 'M'
 'M' 'M' 'M' 'M' 'M' 'M' 'M' 'M' 'M' 'M' 'U' 'M' 'U' 'M' 'M' 'U' 'M' 'M'
 'M' 'M' 'M' 'U' 'M' 'M' 'M' 'M' 'M' 'M' 'M' 'M' 'M' 'M' 'M' 'M' 'M' 'M'
 'M' 'M' 'M' 'M' 'M' 'M' 'M' 'M' 'M' 'M' 'M' 'M' 'M' 'M' 'M' 'M' 'M' 'M'
 'M' 'M' 'M' 'U' 'M' 'M' 'U' 'M' 'M' 'M' 'M' 'M' 'M' 'M' 'M' 'M' 'M' 'M'
 'M' 'M' 'M' 'M' 'M' 'M' 'M' 'M' 'M' 'M' 'M' 'M' 'M' 'M' 'M' 'M' 'M' 'M'
 'M' 'M' 'M' 'M' 'M' 'M' 'A' 'A' 'A' 'A' 'A' 'U' 'A' 'M' 'M' 'M' 'M' 'M'
 'M' 'M' 'M' 'U' 'M' 'M' 'M' 'M' 'M' 'M' 'M' 'M' 'M' 'M' 'M' 'M' 'M' 'M'
 'M' 'U' 'M' 'M' 'M' 'M' 'A' 'M' 'U' 'M' 'M' 'U' 'M' 'M' 'M' 'M' 'M' 'M'
 'M' 'M' 'M' 'M' 'M' 'M' 'M' 'M' 'M' 'M' 'M' 'M' 'M' 'M' 'M' 'M' 'M' 'M']"
39401,0,185,9,176,13,0,1,"['A' 'M' 'M' 'M' 'M' 'M' 'M' 'M' 'M' 'M' 'M' 'M' 'M' 'M' 'M' 'M' 'U' 'U'
 'M' 'M' 'M' 'M' 'M' 'M' 'M' 'U' 'M' 'M' 'U' 'M' 'M' 'M' 'M' 'M' 'M' 'M'
 'M' 'M' 'M' 'M' 'M' 'M' 'M' 'M' 'M' 'M' 'M' 'M' 'U' 'M' 'M' 'M' 'M' 'M'
 'U' 'M' 'M' 'M' 'M' 'M' 'M' 'M' 'M' 'M' 'M' 'M' 'M' 'M' 'M' 'M' 'M' 'M'
 'M' 'M' 'M' 'M' 'M' 'M' 'M' 'M' 'U' 'M' 'M' 'M' 'M' 'M' 'M' 'M' 'M' 'M'
 'M' 'M' 'M' 'M' 'M' 'M' 'M' 'M' 'M' 'M' 'M' 'M' 'M' 'M' 'M' 'M' 'M' 'M'
 'M' 'M' 'M' 'M' 'M' 'M' 'M' 'M' 'M' 'M' 'M' 'M' 'M' 'M' 'M' 'M' 'M' 'M'
 'M' 'M' 'M' 'U' 'M' 'A' 'A' 'A' 'A' 'A' 'A' 'A' 'A' 'M' 'M' 'M' 'M' 'M'
 'M' 'U' 'M' 'M' 'M' 'M' 'M' 'M' 'M' 'M' 'M' 'M' 'M' 'M' 'M' 'M' 'M' 'M'
 'M' 'M' 'M' 'M' 'M' 'U' 'U' 'M' 'U' 'M' 'M' 'U' 'M' 'M' 'M' 'M' 'M' 'M'
 'M' 'M' 'M' 'M' 'M' 'M' 'M' 'M' 'M' 'M' 'M' 'M' 'M' 'M' 'M' 'M' 'M' 'M']"
39501,1,185,8,177,13,0,1,"['A' 'M' 'M' 'M' 'M' 'M' 'M' 'M' 'M' 'M' 'M' 'M' 'M' 'M' 'M' 'M' 'M' 'M'
 'M' 'M' 'M' 'M' 'M' 'M' 'M' 'M' 'M' 'M' 'U' 'M' 'M' 'M' 'M' 'M' 'M' 'M'
 'M' 'M' 'M' 'M' 'M' 'M' 'M' 'M' 'M' 'M' 'M' 'M' 'U' 'M' 'M' 'M' 'M' 'M'
 'M' 'U' 'M' 'M' 'M' 'M' 'M' 'M' 'M' 'M' 'M' 'M' 'M' 'M' 'M' 'M' 'M' 'M'
 'U' 'M' 'M' 'M' 'M' 'M' 'M' 'M' 'M' 'M' 'M' 'M' 'M' 'M' 'M' 'M' 'M' 'M'
 'M' 'M' 'M' 'M' 'M' 'M' 'M' 'M' 'M' 'M' 'M' 'M' 'M' 'M' 'M' 'M' 'M' 'M'
 'M' 'M' 'U' 'U' 'M' 'M' 'M' 'M' 'M' 'M' 'M' 'M' 'M' 'M' 'M' 'M' 'M' 'M'
 'M' 'M' 'M' 'U' 'M' 'A' 'A' 'A' 'U' 'A' 'A' 'A' 'A' 'M' 'M' 'M' 'M' 'M'
 'M' 'U' 'M' 'M' 'M' 'M' 'M' 'M' 'M' 'M' 'M' 'M' 'M' 'M' 'M' 'M' 'M' 'M'
 'M' 'M' 'U' 'M' 'M' 'M' 'M' 'M' 'U' 'M' 'M' 'U' 'M' 'M' 'M' 'M' 'U' 'M'
 'M' 'M' 'M' 'M' 'M' 'M' 'M' 'M' 'M' 'M' 'M' 'M' 'M' 'M' 'M' 'M' 'M' 'M']"
39601,0,188,8,180,10,0,0,"['A' 'M' 'M' 'M' 'M' 'M' 'M' 'M' 'M' 'M' 'M' 'M' 'M' 'M' 'M' 'M' 'M' 'M'
 'M' 'M' 'M' 'M' 'M' 'M' 'M' 'M' 'M' 'M' 'M' 'M' 'M' 'M' 'M' 'M' 'M' 'M'
 'M' 'M' 'M' 'M' 'M' 'M' 'M' 'M' 'M' 'M' 'M' 'M' 'U' 'M' 'M' 'M' 'M' 'M'
 'M' 'U' 'M' 'M' 'M' 'M' 'M' 'M' 'M' 'M' 'M' 'M' 'M' 'M' 'M' 'M' 'M' 'M'
 'M' 'M' 'M' 'M' 'M' 'M' 'M' 'M' 'M' 'M' 'M' 'M' 'U' 'M' 'M' 'M' 'M' 'M'
 'M' 'M' 'M' 'M' 'M' 'M' 'M' 'M' 'M' 'M' 'M' 'M' 'M' 'M' 'M' 'M' 'U' 'M'
 'M' 'M' 'U' 'U' 'M' 'M' 'M' 'M' 'M' 'M' 'M' 'M' 'M' 'M' 'M' 'M' 'M' 'M'
 'M' 'M' 'M' 'U' 'M' 'U' 'A' 'A' 'A' 'A' 'A' 'A' 'A' 'M' 'M' 'M' 'M' 'M'
 'M' 'M' 'M' 'M' 'M' 'M' 'M' 'M' 'M' 'M' 'M' 'M' 'M' 'M' 'M' 'M' 'M' 'M'
 'M' 'M' 'U' 'M' 'M' 'M' 'M' 'M' 'M' 'M' 'M' 'M' 'M' 'M' 'M' 'M' 'M' 'M'
 'M' 'M' 'M' 'U' 'M' 'M' 'M' 'M' 'M' 'M' 'M' 'M' 'M' 'M' 'M' 'M' 'M' 'M']"
39701,0,184,6,178,14,0,0,"['A' 'M' 'M' 'M' 'M' 'M' 'M' 'M' 'M' 'M' 'M' 'M' 'M' 'M' 'M' 'M' 'M' 'M'
 'M' 'M' 'M' 'M' 'M' 'M' 'M' 'M' 'M' 'M' 'M' 'M' 'M' 'M' 'M' 'M' 'M' 'M'
 'M' 'M' 'M' 'M' 'M' 'M' 'M' 'M' 'M' 'M' 'M' 'M' 'U' 'M' 'M' 'M' 'M' 'M'
 'M' 'U' 'M' 'M' 'M' 'M' 'M' 'M' 'M' 'M' 'M' 'M' 'M' 'M' 'M' 'M' 'M' 'M'
 'M' 'M' 'M' 'M' 'M' 'M' 'U' 'M' 'M' 'M' 'M' 'M' 'M' 'M' 'M' 'M' 'M' 'M'
 'M' 'M' 'M' 'M' 'M' 'M' 'M' 'M' 'M' 'M' 'M' 'M' 'M' 'M' 'M' 'U' 'U' 'M'
 'M' 'M' 'M' 'U' 'M' 'M' 'M' 'M' 'M' 'M' 'M' 'M' 'M' 'M' 'M' 'M' 'M' 'M'
 'M' 'M' 'M' 'U' 'M' 'A' 'U' 'U' 'A' 'A' 'A' 'U' 'A' 'M' 'U' 'M' 'M' 'M'
 'M' 'M' 'M' 'M' 'M' 'M' 'M' 'M' 'M' 'M' 'M' 'M' 'M' 'M' 'M' 'M' 'M' 'M'
 'M' 'M' 'U' 'M' 'M' 'M' 'M' 'M' 'M' 'M' 'M' 'U' 'M' 'M' 'M' 'M' 'M' 'M'
 'M' 'M' 'M' 'U' 'M' 'M' 'M' 'M' 'M' 'M' 'M' 'M' 'M' 'M' 'M' 'M' 'M' 'M']"
39801,0,183,4,179,15,0,0,"['A' 'M' 'M' 'M' 'M' 'M' 'M' 'M' 'M' 'M' 'M' 'M' 'M' 'M' 'M' 'M' 'M' 'M'
 'M' 'M' 'M' 'M' 'M' 'M' 'M' 'M' 'M' 'M' 'M' 'M' 'M' 'M' 'M' 'M' 'M' 'M'
 'M' 'M' 'M' 'M' 'M' 'M' 'M' 'M' 'M' 'M' 'M' 'M' 'U' 'M' 'M' 'M' 'M' 'M'
 'M' 'U' 'M' 'M' 'M' 'M' 'M' 'M' 'M' 'M' 'M' 'M' 'M' 'M' 'M' 'M' 'M' 'M'
 'M' 'M' 'M' 'M' 'M' 'M' 'M' 'M' 'M' 'M' 'U' 'M' 'M' 'M' 'M' 'M' 'M' 'M'
 'M' 'M' 'M' 'M' 'M' 'M' 'M' 'M' 'M' 'M' 'M' 'M' 'M' 'M' 'M' 'U' 'U' 'M'
 'M' 'M' 'M' 'U' 'M' 'M' 'M' 'M' 'M' 'U' 'M' 'M' 'M' 'M' 'M' 'M' 'M' 'M'
 'U' 'M' 'M' 'M' 'M' 'A' 'U' 'M' 'U' 'A' 'A' 'U' 'U' 'M' 'U' 'M' 'M' 'M'
 'M' 'M' 'M' 'U' 'M' 'M' 'M' 'M' 'M' 'M' 'M' 'M' 'M' 'M' 'M' 'M' 'M' 'M'
 'M' 'M' 'M' 'M' 'M' 'M' 'M' 'M' 'M' 'U' 'M' 'M' 'M' 'M' 'M' 'M' 'M' 'M'
 'M' 'M' 'M' 'M' 'M' 'M' 'M' 'M' 'M' 'M' 'M' 'M' 'M' 'M' 'M' 'M' 'M' 'M']"
39901,0,185,8,177,13,0,0,"['A' 'M' 'M' 'M' 'M' 'M' 'M' 'M' 'M' 'M' 'M' 'M' 'M' 'M' 'M' 'M' 'M' 'M'
 'M' 'M' 'M' 'M' 'M' 'U' 'M' 'U' 'M' 'M' 'M' 'M' 'M' 'M' 'M' 'M' 'M' 'M'
 'M' 'M' 'M' 'M' 'M' 'M' 'M' 'M' 'M' 'M' 'M' 'M' 'M' 'M' 'M' 'U' 'M' 'M'
 'M' 'U' 'M' 'M' 'M' 'M' 'M' 'M' 'M' 'M' 'M' 'M' 'M' 'M' 'M' 'M' 'M' 'M'
 'M' 'M' 'M' 'M' 'M' 'M' 'M' 'M' 'M' 'M' 'M' 'M' 'U' 'M' 'M' 'M' 'M' 'M'
 'M' 'M' 'M' 'M' 'M' 'M' 'M' 'M' 'M' 'M' 'M' 'M' 'M' 'M' 'M' 'U' 'A' 'M'
 'M' 'M' 'M' 'U' 'M' 'M' 'M' 'M' 'M' 'M' 'M' 'M' 'M' 'M' 'U' 'M' 'M' 'M'
 'U' 'M' 'M' 'M' 'M' 'U' 'A' 'U' 'A' 'A' 'A' 'A' 'A' 'M' 'U' 'M' 'M' 'M'
 'M' 'M' 'M' 'U' 'M' 'M' 'M' 'M' 'M' 'M' 'M' 'M' 'M' 'M' 'M' 'M' 'M' 'M'
 'M' 'M' 'M' 'M' 'M' 'M' 'M' 'M' 'M' 'M' 'M' 'M' 'M' 'M' 'M' 'M' 'M' 'M'
 'M' 'M' 'M' 'M' 'M' 'M' 'M' 'M' 'M' 'M' 'M' 'M' 'M' 'M' 'M' 'M' 'M' 'M']"
40001,0,184,6,178,14,0,0,"['A' 'M' 'M' 'M' 'M' 'M' 'M' 'M' 'M' 'M' 'M' 'M' 'M' 'M' 'M' 'M' 'M' 'M'
 'M' 'M' 'U' 'M' 'M' 'M' 'M' 'U' 'M' 'M' 'M' 'M' 'M' 'M' 'M' 'U' 'M' 'M'
 'M' 'M' 'M' 'M' 'M' 'M' 'M' 'M' 'M' 'M' 'M' 'M' 'M' 'M' 'M' 'U' 'M' 'M'
 'M' 'M' 'M' 'M' 'M' 'M' 'M' 'M' 'M' 'M' 'M' 'M' 'M' 'M' 'M' 'M' 'M' 'M'
 'M' 'M' 'M' 'M' 'M' 'M' 'U' 'M' 'M' 'M' 'M' 'M' 'M' 'M' 'M' 'M' 'M' 'M'
 'M' 'M' 'M' 'M' 'M' 'M' 'M' 'M' 'M' 'M' 'M' 'M' 'M' 'M' 'M' 'U' 'A' 'M'
 'M' 'M' 'M' 'U' 'M' 'M' 'M' 'M' 'M' 'M' 'M' 'M' 'M' 'M' 'U' 'M' 'U' 'M'
 'M' 'M' 'M' 'M' 'M' 'M' 'A' 'U' 'A' 'A' 'U' 'U' 'A' 'M' 'U' 'M' 'M' 'M'
 'M' 'M' 'M' 'U' 'M' 'M' 'M' 'M' 'M' 'M' 'M' 'M' 'M' 'M' 'M' 'M' 'M' 'M'
 'M' 'M' 'M' 'M' 'M' 'M' 'M' 'M' 'M' 'M' 'M' 'M' 'M' 'M' 'M' 'M' 'M' 'M'
 'M' 'M' 'M' 'M' 'M' 'M' 'M' 'M' 'M' 'M' 'M' 'M' 'M' 'M' 'M' 'M' 'M' 'M']"
40101,0,187,5,182,11,0,0,"['A' 'M' 'M' 'M' 'M' 'M' 'M' 'M' 'M' 'M' 'M' 'M' 'M' 'M' 'M' 'M' 'M' 'M'
 'M' 'M' 'U' 'M' 'M' 'M' 'M' 'M' 'M' 'M' 'M' 'M' 'M' 'M' 'M' 'M' 'M' 'M'
 'M' 'M' 'M' 'M' 'M' 'M' 'M' 'M' 'M' 'M' 'M' 'M' 'M' 'M' 'M' 'U' 'M' 'M'
 'M' 'M' 'M' 'M' 'M' 'M' 'M' 'M' 'M' 'M' 'M' 'M' 'M' 'M' 'M' 'M' 'M' 'M'
 'M' 'M' 'M' 'M' 'M' 'M' 'M' 'M' 'U' 'M' 'M' 'M' 'M' 'M' 'M' 'M' 'M' 'M'
 'M' 'M' 'M' 'M' 'M' 'M' 'M' 'M' 'M' 'M' 'M' 'M' 'M' 'M' 'M' 'U' 'A' 'M'
 'M' 'M' 'M' 'U' 'M' 'M' 'M' 'M' 'M' 'M' 'M' 'M' 'M' 'M' 'M' 'M' 'M' 'M'
 'U' 'M' 'M' 'M' 'M' 'M' 'A' 'U' 'A' 'A' 'M' 'U' 'U' 'M' 'M' 'M' 'M' 'M'
 'M' 'M' 'M' 'U' 'M' 'M' 'M' 'M' 'M' 'M' 'M' 'M' 'M' 'M' 'M' 'M' 'M' 'M'
 'M' 'U' 'M' 'M' 'M' 'M' 'M' 'M' 'M' 'M' 'M' 'M' 'M' 'M' 'M' 'M' 'M' 'M'
 'M' 'M' 'M' 'M' 'M' 'M' 'M' 'M' 'M' 'M' 'M' 'M' 'M' 'M' 'M' 'M' 'M' 'M']"
40201,0,188,8,180,10,0,0,"['A' 'M' 'M' 'M' 'M' 'M' 'M' 'M' 'M' 'M' 'M' 'M' 'M' 'M' 'M' 'M' 'M' 'M'
 'M' 'M' 'U' 'M' 'M' 'M' 'M' 'M' 'M' 'M' 'M' 'M' 'M' 'M' 'M' 'M' 'M' 'M'
 'M' 'M' 'M' 'M' 'M' 'M' 'M' 'M' 'M' 'M' 'M' 'M' 'M' 'M' 'M' 'U' 'M' 'M'
 'M' 'M' 'M' 'M' 'M' 'M' 'M' 'M' 'M' 'U' 'M' 'M' 'M' 'M' 'M' 'M' 'M' 'M'
 'M' 'M' 'M' 'M' 'M' 'M' 'M' 'M' 'M' 'M' 'M' 'M' 'M' 'M' 'M' 'M' 'M' 'M'
 'M' 'M' 'M' 'U' 'M' 'M' 'M' 'M' 'M' 'M' 'M' 'M' 'M' 'M' 'M' 'M' 'A' 'M'
 'M' 'M' 'M' 'U' 'M' 'M' 'M' 'M' 'M' 'M' 'M' 'M' 'M' 'M' 'M' 'M' 'M' 'M'
 'U' 'M' 'M' 'M' 'M' 'U' 'A' 'A' 'A' 'A' 'A' 'A' 'M' 'M' 'M' 'M' 'M' 'M'
 'M' 'M' 'M' 'U' 'M' 'M' 'M' 'M' 'M' 'M' 'M' 'M' 'M' 'M' 'M' 'M' 'M' 'U'
 'M' 'U' 'M' 'M' 'M' 'M' 'M' 'M' 'M' 'M' 'M' 'M' 'M' 'M' 'M' 'M' 'M' 'M'
 'M' 'M' 'M' 'M' 'M' 'M' 'M' 'M' 'M' 'M' 'M' 'M' 'M' 'M' 'M' 'M' 'M' 'M']"
40301,0,186,9,177,12,0,0,"['A' 'M' 'M' 'M' 'M' 'M' 'M' 'M' 'M' 'M' 'M' 'M' 'M' 'M' 'M' 'M' 'M' 'M'
 'M' 'M' 'U' 'U' 'M' 'M' 'M' 'M' 'M' 'M' 'M' 'M' 'M' 'M' 'M' 'M' 'M' 'M'
 'M' 'M' 'M' 'M' 'M' 'M' 'M' 'M' 'M' 'M' 'M' 'M' 'M' 'M' 'M' 'U' 'M' 'M'
 'M' 'M' 'M' 'M' 'M' 'M' 'M' 'M' 'M' 'U' 'M' 'M' 'M' 'M' 'M' 'M' 'M' 'M'
 'M' 'M' 'M' 'M' 'M' 'M' 'M' 'M' 'M' 'M' 'M' 'M' 'M' 'M' 'M' 'M' 'M' 'U'
 'M' 'M' 'M' 'M' 'M' 'M' 'M' 'M' 'M' 'M' 'M' 'M' 'M' 'M' 'M' 'M' 'A' 'M'
 'M' 'M' 'M' 'U' 'M' 'M' 'M' 'M' 'M' 'M' 'M' 'M' 'M' 'M' 'M' 'M' 'M' 'M'
 'U' 'M' 'M' 'M' 'M' 'U' 'A' 'A' 'A' 'A' 'A' 'A' 'A' 'M' 'U' 'M' 'M' 'M'
 'M' 'M' 'M' 'U' 'M' 'M' 'M' 'M' 'M' 'M' 'M' 'M' 'M' 'M' 'M' 'M' 'M' 'U'
 'M' 'U' 'M' 'M' 'M' 'M' 'M' 'M' 'M' 'M' 'M' 'M' 'M' 'M' 'M' 'M' 'M' 'M'
 'M' 'M' 'M' 'M' 'M' 'M' 'M' 'M' 'M' 'M' 'M' 'M' 'M' 'M' 'M' 'M' 'M' 'M']"
40401,0,184,7,177,14,0,0,"['A' 'M' 'M' 'M' 'M' 'M' 'M' 'M' 'M' 'M' 'M' 'M' 'M' 'M' 'M' 'M' 'M' 'M'
 'M' 'M' 'M' 'U' 'U' 'M' 'M' 'M' 'M' 'M' 'M' 'M' 'M' 'M' 'M' 'M' 'U' 'M'
 'M' 'M' 'M' 'M' 'M' 'M' 'M' 'M' 'M' 'M' 'M' 'M' 'M' 'M' 'M' 'U' 'M' 'M'
 'M' 'M' 'M' 'M' 'M' 'M' 'M' 'M' 'M' 'A' 'M' 'M' 'M' 'M' 'M' 'M' 'M' 'M'
 'M' 'M' 'M' 'M' 'M' 'M' 'M' 'M' 'M' 'M' 'M' 'M' 'M' 'M' 'M' 'U' 'M' 'M'
 'M' 'M' 'M' 'M' 'M' 'M' 'M' 'M' 'M' 'M' 'M' 'M' 'M' 'M' 'M' 'M' 'U' 'M'
 'M' 'M' 'M' 'M' 'M' 'M' 'M' 'M' 'M' 'M' 'M' 'M' 'M' 'M' 'M' 'M' 'M' 'M'
 'U' 'M' 'M' 'M' 'M' 'A' 'A' 'U' 'A' 'A' 'U' 'A' 'U' 'M' 'M' 'M' 'M' 'M'
 'M' 'M' 'M' 'U' 'M' 'M' 'M' 'M' 'M' 'M' 'M' 'M' 'M' 'M' 'M' 'M' 'M' 'U'
 'M' 'U' 'M' 'M' 'M' 'M' 'M' 'M' 'M' 'M' 'M' 'M' 'M' 'M' 'M' 'M' 'M' 'M'
 'M' 'M' 'M' 'M' 'M' 'M' 'M' 'M' 'M' 'M' 'M' 'M' 'M' 'M' 'M' 'M' 'M' 'U']"
40501,0,181,9,172,17,0,0,"['A' 'M' 'M' 'M' 'M' 'M' 'M' 'M' 'M' 'M' 'M' 'M' 'M' 'U' 'M' 'M' 'M' 'U'
 'M' 'M' 'M' 'U' 'U' 'M' 'M' 'M' 'M' 'M' 'M' 'M' 'M' 'M' 'M' 'M' 'U' 'M'
 'M' 'M' 'M' 'M' 'M' 'M' 'M' 'M' 'M' 'M' 'M' 'M' 'M' 'M' 'M' 'U' 'M' 'M'
 'U' 'M' 'M' 'M' 'M' 'M' 'M' 'M' 'M' 'U' 'M' 'M' 'M' 'M' 'M' 'M' 'M' 'M'
 'M' 'M' 'M' 'M' 'M' 'M' 'M' 'M' 'M' 'M' 'M' 'M' 'U' 'M' 'M' 'M' 'M' 'M'
 'M' 'M' 'M' 'M' 'M' 'M' 'M' 'M' 'M' 'M' 'M' 'M' 'M' 'M' 'M' 'M' 'U' 'M'
 'M' 'M' 'M' 'M' 'M' 'M' 'M' 'M' 'M' 'M' 'M' 'M' 'M' 'M' 'M' 'M' 'M' 'U'
 'U' 'M' 'M' 'M' 'M' 'A' 'A' 'A' 'A' 'A' 'A' 'A' 'A' 'M' 'M' 'M' 'M' 'M'
 'M' 'M' 'M' 'U' 'M' 'M' 'M' 'M' 'M' 'M' 'M' 'M' 'M' 'M' 'M' 'M' 'M' 'U'
 'M' 'U' 'M' 'M' 'M' 'M' 'M' 'M' 'M' 'M' 'M' 'M' 'M' 'M' 'M' 'M' 'M' 'M'
 'M' 'M' 'M' 'M' 'M' 'M' 'M' 'M' 'U' 'M' 'M' 'M' 'M' 'M' 'M' 'M' 'M' 'U']"
40601,0,181,7,174,17,0,0,"['A' 'M' 'M' 'M' 'M' 'M' 'M' 'M' 'M' 'M' 'M' 'M' 'M' 'U' 'M' 'M' 'M' 'U'
 'M' 'M' 'M' 'U' 'U' 'M' 'M' 'M' 'M' 'M' 'M' 'M' 'M' 'M' 'M' 'M' 'M' 'M'
 'M' 'M' 'M' 'M' 'M' 'U' 'M' 'M' 'U' 'M' 'M' 'M' 'M' 'M' 'M' 'U' 'M' 'M'
 'U' 'M' 'M' 'M' 'M' 'M' 'M' 'M' 'M' 'M' 'M' 'U' 'M' 'M' 'M' 'M' 'M' 'M'
 'M' 'M' 'M' 'M' 'M' 'M' 'M' 'M' 'M' 'M' 'M' 'M' 'M' 'M' 'M' 'M' 'M' 'M'
 'M' 'M' 'M' 'M' 'M' 'M' 'M' 'M' 'M' 'M' 'M' 'M' 'M' 'M' 'M' 'M' 'U' 'M'
 'M' 'M' 'M' 'M' 'M' 'M' 'M' 'M' 'M' 'M' 'M' 'M' 'M' 'M' 'M' 'M' 'M' 'U'
 'U' 'M' 'M' 'M' 'M' 'A' 'A' 'A' 'A' 'A' 'U' 'A' 'U' 'M' 'M' 'M' 'M' 'M'
 'M' 'M' 'M' 'U' 'M' 'M' 'M' 'M' 'M' 'M' 'M' 'M' 'M' 'M' 'M' 'M' 'M' 'M'
 'M' 'M' 'M' 'M' 'M' 'M' 'M' 'M' 'M' 'M' 'M' 'M' 'M' 'M' 'M' 'M' 'M' 'M'
 'M' 'M' 'M' 'M' 'M' 'M' 'M' 'M' 'U' 'M' 'M' 'M' 'M' 'M' 'M' 'M' 'M' 'U']"
40701,0,182,7,175,16,0,0,"['A' 'M' 'M' 'M' 'M' 'M' 'M' 'M' 'M' 'M' 'M' 'M' 'M' 'M' 'M' 'M' 'M' 'U'
 'M' 'M' 'M' 'U' 'U' 'M' 'M' 'M' 'M' 'M' 'M' 'M' 'M' 'M' 'M' 'M' 'M' 'M'
 'M' 'M' 'M' 'M' 'M' 'M' 'M' 'M' 'U' 'M' 'M' 'M' 'M' 'M' 'M' 'U' 'M' 'M'
 'U' 'M' 'M' 'M' 'M' 'M' 'M' 'M' 'U' 'M' 'M' 'M' 'M' 'M' 'M' 'M' 'M' 'M'
 'M' 'M' 'U' 'M' 'M' 'M' 'M' 'M' 'M' 'M' 'M' 'M' 'M' 'M' 'M' 'M' 'M' 'M'
 'M' 'M' 'M' 'M' 'M' 'M' 'M' 'M' 'M' 'M' 'M' 'M' 'M' 'M' 'M' 'M' 'M' 'M'
 'M' 'M' 'M' 'M' 'M' 'M' 'M' 'M' 'M' 'M' 'M' 'M' 'M' 'M' 'M' 'M' 'M' 'M'
 'U' 'M' 'M' 'M' 'M' 'A' 'A' 'U' 'A' 'U' 'A' 'A' 'A' 'M' 'M' 'M' 'M' 'M'
 'M' 'U' 'M' 'U' 'M' 'M' 'M' 'M' 'M' 'M' 'M' 'M' 'M' 'M' 'M' 'M' 'M' 'M'
 'M' 'M' 'M' 'M' 'M' 'M' 'M' 'M' 'M' 'M' 'M' 'M' 'M' 'M' 'M' 'M' 'U' 'M'
 'M' 'M' 'M' 'M' 'M' 'M' 'M' 'M' 'U' 'M' 'M' 'M' 'M' 'M' 'M' 'M' 'M' 'U']"
40801,0,185,6,179,13,0,0,"['A' 'M' 'M' 'M' 'M' 'M' 'M' 'M' 'M' 'M' 'M' 'M' 'M' 'M' 'M' 'M' 'M' 'U'
 'M' 'M' 'M' 'M' 'M' 'M' 'M' 'M' 'M' 'M' 'M' 'M' 'M' 'M' 'M' 'M' 'M' 'M'
 'M' 'M' 'M' 'M' 'M' 'M' 'M' 'M' 'U' 'M' 'M' 'M' 'M' 'M' 'M' 'U' 'M' 'M'
 'M' 'M' 'M' 'M' 'M' 'M' 'M' 'M' 'U' 'M' 'M' 'M' 'M' 'M' 'M' 'U' 'M' 'M'
 'M' 'M' 'M' 'M' 'M' 'M' 'M' 'M' 'M' 'M' 'M' 'M' 'M' 'M' 'M' 'M' 'M' 'M'
 'M' 'M' 'M' 'M' 'M' 'M' 'M' 'M' 'M' 'M' 'M' 'M' 'U' 'M' 'M' 'M' 'M' 'M'
 'M' 'M' 'M' 'M' 'M' 'M' 'M' 'U' 'M' 'M' 'M' 'M' 'M' 'M' 'U' 'M' 'U' 'M'
 'M' 'M' 'M' 'M' 'M' 'U' 'M' 'A' 'A' 'A' 'U' 'A' 'A' 'M' 'M' 'M' 'M' 'M'
 'M' 'M' 'M' 'U' 'M' 'M' 'M' 'M' 'M' 'M' 'M' 'M' 'M' 'M' 'M' 'M' 'M' 'M'
 'M' 'M' 'M' 'M' 'M' 'M' 'M' 'M' 'M' 'M' 'M' 'M' 'M' 'M' 'M' 'M' 'M' 'M'
 'M' 'M' 'M' 'M' 'M' 'M' 'M' 'M' 'U' 'M' 'M' 'M' 'M' 'M' 'M' 'M' 'M' 'M']"
40901,0,189,9,180,9,0,0,"['A' 'M' 'M' 'M' 'M' 'M' 'M' 'M' 'M' 'M' 'M' 'M' 'M' 'M' 'M' 'M' 'M' 'M'
 'M' 'M' 'M' 'M' 'M' 'M' 'M' 'M' 'M' 'U' 'M' 'M' 'M' 'M' 'M' 'M' 'M' 'M'
 'M' 'M' 'M' 'M' 'M' 'M' 'M' 'M' 'U' 'M' 'M' 'M' 'M' 'M' 'M' 'U' 'M' 'M'
 'M' 'M' 'M' 'M' 'M' 'M' 'M' 'M' 'M' 'M' 'M' 'M' 'M' 'M' 'M' 'M' 'M' 'M'
 'M' 'M' 'M' 'M' 'U' 'M' 'M' 'M' 'M' 'M' 'M' 'M' 'M' 'M' 'M' 'M' 'M' 'M'
 'M' 'M' 'M' 'M' 'M' 'M' 'M' 'M' 'M' 'M' 'U' 'M' 'M' 'M' 'M' 'M' 'M' 'M'
 'M' 'M' 'M' 'M' 'M' 'M' 'M' 'M' 'M' 'M' 'M' 'M' 'M' 'M' 'U' 'M' 'U' 'M'
 'M' 'M' 'M' 'M' 'M' 'A' 'A' 'A' 'A' 'A' 'U' 'A' 'A' 'M' 'M' 'M' 'M' 'M'
 'M' 'M' 'M' 'A' 'M' 'M' 'M' 'M' 'M' 'M' 'M' 'M' 'M' 'M' 'M' 'M' 'M' 'M'
 'M' 'M' 'M' 'M' 'M' 'M' 'M' 'M' 'M' 'M' 'M' 'M' 'M' 'M' 'M' 'M' 'M' 'M'
 'M' 'M' 'M' 'M' 'M' 'M' 'M' 'M' 'U' 'M' 'M' 'M' 'M' 'M' 'M' 'M' 'M' 'M']"
41001,0,186,9,177,12,0,0,"['A' 'M' 'M' 'M' 'M' 'M' 'M' 'M' 'M' 'M' 'M' 'M' 'M' 'M' 'M' 'M' 'M' 'M'
 'M' 'M' 'M' 'M' 'M' 'M' 'M' 'M' 'M' 'U' 'M' 'M' 'M' 'M' 'M' 'M' 'M' 'M'
 'M' 'U' 'M' 'M' 'M' 'M' 'M' 'M' 'U' 'M' 'M' 'M' 'M' 'M' 'M' 'U' 'M' 'M'
 'M' 'M' 'M' 'M' 'M' 'M' 'M' 'M' 'M' 'M' 'M' 'M' 'M' 'M' 'M' 'M' 'M' 'M'
 'M' 'M' 'M' 'M' 'M' 'M' 'M' 'M' 'M' 'M' 'M' 'M' 'M' 'M' 'M' 'M' 'M' 'M'
 'M' 'M' 'M' 'U' 'M' 'M' 'M' 'M' 'M' 'M' 'M' 'M' 'M' 'M' 'M' 'M' 'M' 'M'
 'M' 'M' 'M' 'M' 'M' 'M' 'M' 'M' 'M' 'M' 'M' 'M' 'M' 'M' 'U' 'M' 'U' 'U'
 'M' 'M' 'M' 'M' 'M' 'A' 'A' 'A' 'A' 'A' 'A' 'A' 'A' 'M' 'M' 'M' 'M' 'M'
 'M' 'M' 'M' 'U' 'M' 'M' 'M' 'U' 'U' 'M' 'M' 'M' 'M' 'M' 'M' 'M' 'M' 'M'
 'M' 'M' 'M' 'M' 'M' 'M' 'M' 'M' 'M' 'M' 'M' 'M' 'M' 'M' 'M' 'M' 'M' 'M'
 'M' 'M' 'M' 'M' 'M' 'M' 'M' 'M' 'U' 'M' 'M' 'M' 'M' 'M' 'M' 'M' 'M' 'M']"
41101,0,180,5,175,18,0,1,"['A' 'M' 'M' 'M' 'M' 'M' 'M' 'M' 'M' 'M' 'M' 'M' 'U' 'M' 'M' 'M' 'M' 'M'
 'M' 'M' 'M' 'M' 'M' 'M' 'M' 'M' 'M' 'U' 'M' 'M' 'M' 'M' 'M' 'M' 'M' 'M'
 'M' 'U' 'M' 'M' 'M' 'M' 'M' 'M' 'U' 'M' 'M' 'M' 'M' 'M' 'M' 'M' 'M' 'M'
 'M' 'M' 'M' 'U' 'M' 'M' 'M' 'M' 'M' 'M' 'M' 'M' 'M' 'M' 'M' 'M' 'M' 'M'
 'U' 'M' 'M' 'M' 'M' 'M' 'M' 'M' 'M' 'M' 'M' 'M' 'M' 'M' 'M' 'M' 'M' 'M'
 'M' 'M' 'M' 'M' 'M' 'M' 'M' 'M' 'M' 'M' 'U' 'M' 'M' 'M' 'M' 'M' 'M' 'M'
 'M' 'M' 'M' 'M' 'M' 'M' 'M' 'M' 'M' 'M' 'M' 'M' 'M' 'M' 'U' 'M' 'U' 'U'
 'M' 'M' 'U' 'M' 'M' 'U' 'U' 'A' 'U' 'A' 'U' 'A' 'A' 'M' 'M' 'M' 'M' 'M'
 'M' 'M' 'M' 'U' 'M' 'M' 'M' 'U' 'M' 'M' 'M' 'M' 'M' 'M' 'M' 'M' 'M' 'M'
 'M' 'M' 'M' 'M' 'M' 'M' 'M' 'M' 'M' 'M' 'M' 'M' 'M' 'M' 'M' 'M' 'M' 'M'
 'M' 'M' 'M' 'M' 'M' 'M' 'M' 'M' 'U' 'M' 'M' 'M' 'M' 'M' 'M' 'M' 'M' 'M']"
41201,0,180,5,175,18,0,0,"['A' 'M' 'M' 'M' 'M' 'M' 'M' 'M' 'M' 'M' 'M' 'M' 'U' 'M' 'M' 'M' 'M' 'U'
 'M' 'M' 'M' 'M' 'M' 'M' 'M' 'M' 'M' 'M' 'M' 'M' 'M' 'M' 'M' 'M' 'M' 'M'
 'M' 'U' 'M' 'M' 'M' 'M' 'M' 'M' 'U' 'M' 'M' 'M' 'M' 'M' 'M' 'U' 'M' 'M'
 'M' 'M' 'M' 'U' 'M' 'M' 'M' 'M' 'M' 'M' 'M' 'M' 'M' 'M' 'M' 'M' 'M' 'M'
 'M' 'M' 'M' 'M' 'M' 'M' 'M' 'M' 'M' 'M' 'M' 'M' 'M' 'M' 'M' 'M' 'M' 'M'
 'M' 'M' 'M' 'M' 'U' 'M' 'M' 'M' 'M' 'M' 'M' 'M' 'M' 'M' 'M' 'M' 'M' 'M'
 'M' 'M' 'M' 'M' 'M' 'M' 'M' 'M' 'M' 'M' 'M' 'M' 'M' 'M' 'U' 'M' 'U' 'M'
 'M' 'M' 'U' 'M' 'M' 'U' 'A' 'A' 'U' 'A' 'U' 'U' 'A' 'M' 'M' 'M' 'M' 'M'
 'M' 'M' 'M' 'U' 'M' 'M' 'M' 'U' 'M' 'M' 'M' 'M' 'M' 'M' 'M' 'M' 'M' 'M'
 'M' 'M' 'M' 'M' 'M' 'M' 'M' 'M' 'M' 'M' 'M' 'M' 'M' 'M' 'M' 'M' 'M' 'M'
 'M' 'M' 'M' 'M' 'M' 'M' 'M' 'M' 'U' 'M' 'M' 'U' 'M' 'M' 'M' 'M' 'M' 'M']"
41301,0,182,4,178,16,0,0,"['A' 'M' 'M' 'M' 'M' 'M' 'M' 'M' 'M' 'M' 'M' 'M' 'U' 'M' 'M' 'M' 'M' 'U'
 'M' 'M' 'M' 'M' 'M' 'M' 'M' 'M' 'M' 'M' 'M' 'M' 'M' 'M' 'M' 'M' 'M' 'M'
 'M' 'U' 'M' 'M' 'M' 'M' 'M' 'M' 'U' 'M' 'M' 'M' 'M' 'M' 'M' 'M' 'M' 'M'
 'M' 'M' 'M' 'M' 'M' 'M' 'M' 'M' 'M' 'M' 'M' 'M' 'M' 'M' 'U' 'M' 'M' 'M'
 'M' 'M' 'M' 'M' 'M' 'M' 'M' 'M' 'M' 'M' 'M' 'M' 'M' 'M' 'M' 'M' 'M' 'M'
 'M' 'M' 'M' 'M' 'M' 'M' 'M' 'M' 'M' 'M' 'M' 'M' 'M' 'M' 'M' 'M' 'M' 'U'
 'M' 'M' 'M' 'M' 'M' 'M' 'M' 'M' 'M' 'M' 'M' 'M' 'M' 'M' 'M' 'M' 'M' 'M'
 'M' 'M' 'U' 'M' 'M' 'U' 'A' 'A' 'A' 'U' 'U' 'U' 'U' 'M' 'M' 'M' 'M' 'M'
 'M' 'M' 'M' 'M' 'M' 'M' 'M' 'U' 'M' 'M' 'M' 'M' 'M' 'M' 'U' 'M' 'M' 'M'
 'M' 'M' 'M' 'M' 'M' 'M' 'M' 'M' 'M' 'M' 'M' 'M' 'M' 'M' 'M' 'M' 'M' 'M'
 'M' 'M' 'M' 'M' 'M' 'M' 'M' 'M' 'U' 'U' 'M' 'M' 'M' 'M' 'M' 'M' 'M' 'M']"
41401,0,186,7,179,12,0,0,"['A' 'M' 'M' 'M' 'M' 'M' 'M' 'M' 'M' 'M' 'M' 'M' 'U' 'M' 'M' 'M' 'M' 'U'
 'M' 'M' 'M' 'M' 'M' 'M' 'M' 'M' 'M' 'M' 'M' 'M' 'M' 'M' 'M' 'M' 'M' 'M'
 'M' 'U' 'M' 'M' 'M' 'M' 'M' 'M' 'U' 'M' 'M' 'M' 'M' 'M' 'M' 'M' 'M' 'M'
 'M' 'M' 'M' 'M' 'M' 'M' 'M' 'M' 'M' 'M' 'M' 'M' 'M' 'M' 'M' 'U' 'M' 'M'
 'M' 'M' 'M' 'M' 'M' 'M' 'M' 'M' 'M' 'M' 'M' 'M' 'M' 'M' 'M' 'M' 'M' 'M'
 'M' 'M' 'M' 'M' 'M' 'M' 'M' 'M' 'M' 'M' 'M' 'M' 'M' 'M' 'M' 'M' 'M' 'U'
 'M' 'M' 'M' 'M' 'M' 'M' 'M' 'U' 'M' 'M' 'M' 'M' 'M' 'M' 'M' 'M' 'M' 'M'
 'M' 'M' 'U' 'M' 'M' 'U' 'A' 'A' 'A' 'A' 'A' 'A' 'U' 'M' 'M' 'M' 'M' 'M'
 'M' 'M' 'M' 'M' 'M' 'M' 'M' 'U' 'M' 'M' 'M' 'M' 'M' 'M' 'M' 'M' 'M' 'M'
 'M' 'M' 'M' 'M' 'M' 'M' 'M' 'M' 'M' 'M' 'M' 'M' 'M' 'M' 'M' 'M' 'M' 'M'
 'M' 'M' 'M' 'M' 'M' 'M' 'M' 'M' 'M' 'U' 'M' 'M' 'M' 'M' 'M' 'M' 'M' 'M']"
41501,1,187,8,179,11,0,0,"['A' 'M' 'M' 'M' 'M' 'M' 'M' 'M' 'M' 'M' 'M' 'M' 'U' 'M' 'M' 'M' 'M' 'U'
 'M' 'M' 'M' 'M' 'M' 'M' 'M' 'U' 'M' 'M' 'M' 'M' 'M' 'M' 'M' 'M' 'M' 'M'
 'M' 'U' 'M' 'M' 'M' 'M' 'M' 'M' 'A' 'M' 'M' 'M' 'M' 'M' 'M' 'M' 'M' 'M'
 'M' 'M' 'M' 'M' 'M' 'M' 'M' 'M' 'M' 'M' 'M' 'M' 'M' 'M' 'M' 'M' 'M' 'M'
 'M' 'M' 'M' 'M' 'M' 'M' 'U' 'M' 'M' 'M' 'M' 'M' 'M' 'M' 'M' 'M' 'M' 'M'
 'M' 'M' 'M' 'M' 'M' 'M' 'M' 'M' 'M' 'M' 'M' 'M' 'M' 'M' 'M' 'M' 'M' 'M'
 'M' 'M' 'M' 'M' 'M' 'M' 'M' 'M' 'M' 'M' 'M' 'M' 'M' 'M' 'M' 'M' 'M' 'M'
 'M' 'M' 'U' 'M' 'M' 'A' 'A' 'A' 'A' 'U' 'U' 'A' 'A' 'M' 'M' 'U' 'M' 'M'
 'M' 'M' 'M' 'M' 'M' 'M' 'M' 'U' 'M' 'M' 'M' 'M' 'M' 'M' 'M' 'M' 'M' 'M'
 'M' 'M' 'M' 'M' 'M' 'M' 'M' 'M' 'M' 'M' 'M' 'M' 'M' 'M' 'M' 'M' 'M' 'M'
 'M' 'M' 'M' 'M' 'M' 'M' 'M' 'M' 'M' 'U' 'M' 'M' 'M' 'M' 'M' 'M' 'M' 'M']"
41601,1,185,6,179,13,0,0,"['A' 'M' 'M' 'M' 'M' 'M' 'M' 'M' 'U' 'M' 'M' 'M' 'U' 'M' 'M' 'M' 'M' 'M'
 'M' 'M' 'M' 'M' 'M' 'M' 'M' 'M' 'M' 'M' 'M' 'M' 'M' 'M' 'M' 'M' 'M' 'M'
 'M' 'M' 'M' 'M' 'M' 'M' 'M' 'M' 'U' 'M' 'M' 'M' 'M' 'M' 'M' 'M' 'M' 'M'
 'U' 'M' 'M' 'M' 'M' 'M' 'M' 'M' 'M' 'M' 'M' 'M' 'M' 'M' 'M' 'M' 'M' 'M'
 'M' 'U' 'M' 'M' 'M' 'M' 'M' 'M' 'M' 'M' 'M' 'M' 'M' 'M' 'M' 'M' 'M' 'M'
 'M' 'M' 'M' 'M' 'M' 'M' 'M' 'M' 'M' 'M' 'M' 'U' 'M' 'M' 'M' 'M' 'M' 'M'
 'M' 'M' 'M' 'M' 'M' 'M' 'M' 'M' 'M' 'M' 'M' 'M' 'M' 'M' 'M' 'M' 'M' 'M'
 'M' 'M' 'U' 'M' 'M' 'A' 'A' 'A' 'U' 'U' 'U' 'A' 'A' 'M' 'M' 'U' 'M' 'M'
 'M' 'M' 'M' 'M' 'M' 'M' 'M' 'U' 'M' 'M' 'M' 'M' 'M' 'M' 'U' 'M' 'M' 'M'
 'M' 'M' 'M' 'M' 'M' 'M' 'M' 'M' 'M' 'M' 'M' 'M' 'M' 'M' 'M' 'M' 'M' 'M'
 'M' 'M' 'M' 'M' 'M' 'M' 'M' 'M' 'M' 'M' 'M' 'M' 'M' 'M' 'M' 'M' 'M' 'M']"
41701,0,183,7,176,15,0,0,"['A' 'M' 'M' 'M' 'M' 'M' 'M' 'M' 'M' 'M' 'M' 'M' 'U' 'M' 'M' 'M' 'M' 'M'
 'M' 'M' 'M' 'M' 'M' 'M' 'U' 'M' 'M' 'M' 'M' 'M' 'M' 'U' 'M' 'M' 'M' 'M'
 'M' 'M' 'M' 'M' 'M' 'M' 'M' 'M' 'M' 'U' 'M' 'M' 'M' 'M' 'M' 'M' 'M' 'M'
 'U' 'M' 'M' 'M' 'M' 'M' 'M' 'M' 'M' 'U' 'M' 'M' 'M' 'M' 'M' 'M' 'M' 'U'
 'M' 'M' 'M' 'M' 'M' 'M' 'M' 'M' 'M' 'M' 'M' 'M' 'M' 'M' 'M' 'M' 'M' 'M'
 'M' 'M' 'M' 'M' 'M' 'M' 'M' 'M' 'M' 'M' 'M' 'U' 'M' 'M' 'M' 'M' 'M' 'M'
 'M' 'U' 'M' 'M' 'M' 'M' 'M' 'M' 'M' 'M' 'M' 'M' 'M' 'M' 'M' 'M' 'M' 'M'
 'M' 'M' 'U' 'M' 'M' 'A' 'A' 'A' 'M' 'A' 'U' 'A' 'A' 'M' 'M' 'U' 'M' 'M'
 'M' 'M' 'M' 'M' 'M' 'M' 'M' 'U' 'M' 'M' 'M' 'M' 'M' 'M' 'M' 'M' 'M' 'M'
 'M' 'M' 'M' 'M' 'M' 'M' 'M' 'M' 'U' 'M' 'M' 'M' 'M' 'M' 'M' 'M' 'M' 'M'
 'M' 'M' 'M' 'M' 'M' 'M' 'M' 'M' 'M' 'M' 'M' 'U' 'M' 'M' 'M' 'M' 'M' 'M']"
41801,0,184,8,176,14,0,0,"['A' 'M' 'M' 'M' 'M' 'M' 'M' 'M' 'M' 'M' 'M' 'U' 'U' 'M' 'M' 'M' 'M' 'M'
 'M' 'M' 'M' 'M' 'M' 'U' 'M' 'M' 'M' 'M' 'M' 'M' 'M' 'U' 'M' 'M' 'M' 'M'
 'M' 'M' 'M' 'M' 'M' 'M' 'M' 'M' 'M' 'U' 'M' 'M' 'M' 'M' 'M' 'M' 'M' 'M'
 'U' 'M' 'M' 'M' 'M' 'M' 'M' 'M' 'M' 'M' 'M' 'M' 'M' 'M' 'M' 'M' 'M' 'M'
 'M' 'M' 'M' 'M' 'M' 'M' 'M' 'M' 'M' 'M' 'M' 'M' 'M' 'M' 'M' 'M' 'M' 'M'
 'M' 'M' 'M' 'M' 'U' 'U' 'M' 'M' 'M' 'M' 'M' 'M' 'M' 'M' 'M' 'M' 'M' 'M'
 'M' 'U' 'M' 'M' 'M' 'M' 'M' 'M' 'M' 'M' 'M' 'M' 'M' 'M' 'M' 'M' 'M' 'M'
 'M' 'M' 'U' 'M' 'M' 'A' 'A' 'A' 'A' 'A' 'U' 'A' 'A' 'M' 'M' 'M' 'M' 'M'
 'M' 'M' 'M' 'M' 'M' 'M' 'M' 'U' 'M' 'M' 'M' 'M' 'M' 'M' 'M' 'M' 'M' 'M'
 'M' 'M' 'M' 'M' 'M' 'M' 'M' 'M' 'U' 'M' 'M' 'M' 'M' 'M' 'M' 'M' 'M' 'M'
 'M' 'M' 'M' 'M' 'M' 'M' 'M' 'M' 'M' 'M' 'M' 'U' 'M' 'M' 'M' 'M' 'M' 'M']"
41901,0,186,7,179,12,0,0,"['A' 'M' 'M' 'M' 'M' 'M' 'M' 'M' 'M' 'M' 'M' 'U' 'U' 'M' 'M' 'M' 'M' 'M'
 'M' 'M' 'M' 'M' 'M' 'M' 'M' 'M' 'M' 'M' 'M' 'M' 'M' 'U' 'M' 'M' 'M' 'M'
 'M' 'M' 'M' 'M' 'M' 'M' 'M' 'M' 'M' 'U' 'M' 'M' 'M' 'M' 'M' 'M' 'M' 'M'
 'U' 'M' 'M' 'M' 'M' 'M' 'M' 'M' 'M' 'M' 'M' 'M' 'M' 'M' 'M' 'U' 'M' 'M'
 'M' 'M' 'M' 'M' 'M' 'M' 'M' 'M' 'M' 'M' 'M' 'M' 'M' 'M' 'M' 'M' 'M' 'M'
 'M' 'M' 'M' 'M' 'M' 'U' 'M' 'M' 'M' 'M' 'M' 'M' 'M' 'M' 'M' 'M' 'M' 'M'
 'M' 'U' 'M' 'M' 'M' 'M' 'M' 'M' 'M' 'M' 'M' 'M' 'M' 'M' 'M' 'M' 'M' 'M'
 'M' 'M' 'M' 'M' 'M' 'U' 'A' 'A' 'A' 'A' 'U' 'A' 'A' 'M' 'M' 'M' 'M' 'M'
 'M' 'M' 'M' 'M' 'M' 'M' 'M' 'M' 'M' 'M' 'M' 'M' 'M' 'M' 'M' 'M' 'M' 'M'
 'M' 'M' 'M' 'M' 'M' 'M' 'M' 'M' 'U' 'M' 'M' 'M' 'M' 'M' 'M' 'M' 'M' 'M'
 'M' 'M' 'M' 'M' 'M' 'M' 'M' 'M' 'M' 'M' 'M' 'U' 'M' 'M' 'M' 'M' 'M' 'M']"
42001,0,186,4,182,12,0,0,"['A' 'M' 'M' 'M' 'M' 'M' 'M' 'M' 'M' 'M' 'M' 'U' 'M' 'M' 'M' 'M' 'M' 'M'
 'M' 'M' 'M' 'M' 'M' 'M' 'M' 'M' 'M' 'M' 'M' 'M' 'M' 'M' 'M' 'M' 'M' 'M'
 'M' 'M' 'M' 'M' 'M' 'M' 'M' 'M' 'M' 'U' 'M' 'M' 'M' 'M' 'M' 'M' 'M' 'M'
 'U' 'M' 'M' 'M' 'M' 'M' 'M' 'M' 'M' 'M' 'M' 'M' 'M' 'M' 'M' 'M' 'M' 'M'
 'M' 'M' 'M' 'M' 'M' 'M' 'M' 'M' 'M' 'M' 'M' 'M' 'M' 'M' 'M' 'M' 'M' 'M'
 'M' 'U' 'M' 'M' 'M' 'U' 'M' 'M' 'M' 'M' 'M' 'M' 'M' 'M' 'M' 'M' 'M' 'M'
 'M' 'U' 'M' 'U' 'M' 'M' 'M' 'M' 'M' 'M' 'M' 'M' 'M' 'M' 'M' 'M' 'M' 'M'
 'M' 'M' 'M' 'M' 'M' 'U' 'U' 'A' 'A' 'U' 'A' 'U' 'U' 'M' 'M' 'M' 'M' 'M'
 'M' 'M' 'M' 'M' 'M' 'M' 'M' 'M' 'M' 'M' 'M' 'M' 'M' 'M' 'M' 'M' 'M' 'M'
 'M' 'M' 'M' 'M' 'M' 'M' 'M' 'M' 'M' 'M' 'M' 'M' 'M' 'M' 'M' 'M' 'M' 'M'
 'M' 'M' 'M' 'M' 'M' 'M' 'M' 'M' 'M' 'M' 'M' 'M' 'M' 'M' 'M' 'M' 'M' 'M']"
42101,2,190,4,186,8,0,0,"['A' 'M' 'M' 'M' 'M' 'M' 'M' 'M' 'M' 'M' 'M' 'M' 'M' 'M' 'M' 'M' 'M' 'M'
 'M' 'M' 'M' 'M' 'M' 'M' 'M' 'M' 'M' 'M' 'M' 'M' 'M' 'M' 'M' 'M' 'M' 'M'
 'M' 'M' 'M' 'M' 'M' 'M' 'M' 'M' 'M' 'U' 'M' 'M' 'M' 'M' 'M' 'M' 'M' 'M'
 'M' 'M' 'M' 'M' 'M' 'M' 'M' 'M' 'M' 'M' 'M' 'M' 'M' 'M' 'M' 'M' 'M' 'M'
 'M' 'M' 'M' 'M' 'M' 'M' 'M' 'M' 'M' 'M' 'M' 'M' 'M' 'U' 'M' 'M' 'M' 'M'
 'M' 'M' 'M' 'M' 'M' 'U' 'M' 'M' 'M' 'M' 'M' 'M' 'M' 'M' 'M' 'M' 'M' 'M'
 'M' 'M' 'M' 'U' 'M' 'M' 'M' 'M' 'M' 'M' 'M' 'M' 'M' 'M' 'M' 'M' 'M' 'M'
 'M' 'M' 'M' 'M' 'M' 'U' 'U' 'A' 'A' 'A' 'U' 'U' 'M' 'M' 'M' 'M' 'M' 'M'
 'M' 'M' 'M' 'M' 'M' 'M' 'M' 'M' 'M' 'M' 'M' 'M' 'M' 'M' 'M' 'M' 'M' 'M'
 'M' 'M' 'M' 'M' 'M' 'M' 'M' 'M' 'M' 'M' 'M' 'M' 'M' 'M' 'M' 'M' 'M' 'M'
 'M' 'M' 'M' 'M' 'M' 'M' 'M' 'M' 'M' 'M' 'M' 'M' 'M' 'M' 'M' 'M' 'M' 'M']"
42201,0,184,7,177,14,0,0,"['A' 'M' 'M' 'M' 'M' 'M' 'M' 'M' 'M' 'M' 'M' 'M' 'U' 'M' 'M' 'M' 'M' 'M'
 'M' 'M' 'M' 'M' 'M' 'M' 'M' 'M' 'M' 'M' 'M' 'U' 'M' 'M' 'M' 'M' 'M' 'M'
 'M' 'M' 'M' 'M' 'M' 'U' 'M' 'M' 'M' 'U' 'M' 'M' 'M' 'M' 'M' 'M' 'M' 'M'
 'M' 'M' 'M' 'M' 'M' 'M' 'M' 'M' 'M' 'M' 'M' 'M' 'M' 'M' 'M' 'M' 'M' 'U'
 'M' 'M' 'M' 'M' 'M' 'M' 'M' 'M' 'M' 'M' 'M' 'M' 'M' 'M' 'M' 'M' 'M' 'M'
 'M' 'M' 'M' 'M' 'M' 'U' 'M' 'M' 'M' 'M' 'M' 'M' 'M' 'M' 'M' 'U' 'M' 'M'
 'M' 'M' 'M' 'U' 'M' 'M' 'M' 'M' 'M' 'M' 'M' 'M' 'M' 'M' 'M' 'M' 'M' 'M'
 'M' 'U' 'M' 'M' 'M' 'U' 'A' 'A' 'U' 'A' 'A' 'A' 'A' 'M' 'M' 'M' 'M' 'M'
 'M' 'M' 'M' 'M' 'M' 'M' 'M' 'M' 'M' 'M' 'M' 'M' 'M' 'M' 'M' 'M' 'M' 'U'
 'M' 'M' 'M' 'M' 'M' 'M' 'M' 'M' 'M' 'M' 'M' 'M' 'M' 'M' 'M' 'M' 'U' 'U'
 'M' 'M' 'M' 'M' 'M' 'M' 'M' 'M' 'M' 'M' 'M' 'M' 'M' 'M' 'M' 'M' 'M' 'M']"
42301,0,182,5,177,16,0,0,"['A' 'M' 'M' 'M' 'U' 'M' 'M' 'M' 'M' 'M' 'M' 'M' 'U' 'M' 'M' 'M' 'M' 'M'
 'M' 'M' 'M' 'M' 'M' 'M' 'M' 'M' 'M' 'M' 'M' 'U' 'M' 'M' 'M' 'M' 'M' 'M'
 'M' 'M' 'M' 'M' 'M' 'U' 'M' 'M' 'M' 'U' 'M' 'M' 'M' 'M' 'M' 'M' 'M' 'M'
 'M' 'M' 'M' 'M' 'M' 'M' 'M' 'M' 'M' 'M' 'M' 'M' 'M' 'M' 'M' 'M' 'M' 'M'
 'M' 'M' 'M' 'M' 'M' 'M' 'M' 'M' 'M' 'M' 'M' 'M' 'M' 'M' 'M' 'M' 'M' 'M'
 'M' 'M' 'U' 'M' 'M' 'U' 'M' 'M' 'M' 'M' 'M' 'M' 'M' 'M' 'M' 'U' 'M' 'M'
 'M' 'M' 'M' 'M' 'M' 'M' 'M' 'M' 'M' 'M' 'M' 'M' 'M' 'M' 'M' 'M' 'U' 'M'
 'M' 'U' 'M' 'M' 'M' 'U' 'A' 'A' 'U' 'U' 'U' 'A' 'A' 'M' 'M' 'M' 'M' 'M'
 'M' 'M' 'M' 'M' 'M' 'M' 'M' 'M' 'M' 'M' 'M' 'M' 'M' 'M' 'M' 'M' 'M' 'M'
 'M' 'M' 'M' 'M' 'M' 'M' 'M' 'M' 'M' 'M' 'M' 'M' 'M' 'M' 'M' 'M' 'U' 'U'
 'M' 'M' 'M' 'M' 'M' 'M' 'M' 'M' 'M' 'M' 'M' 'M' 'M' 'M' 'M' 'M' 'M' 'M']"
42401,0,183,6,177,15,0,0,"['A' 'M' 'M' 'M' 'U' 'M' 'M' 'M' 'M' 'M' 'M' 'M' 'M' 'M' 'M' 'M' 'M' 'M'
 'M' 'M' 'M' 'M' 'M' 'M' 'M' 'U' 'M' 'M' 'M' 'U' 'M' 'M' 'M' 'M' 'M' 'M'
 'M' 'M' 'M' 'M' 'M' 'U' 'M' 'M' 'M' 'U' 'M' 'M' 'M' 'M' 'M' 'M' 'M' 'M'
 'M' 'M' 'M' 'M' 'M' 'M' 'M' 'M' 'M' 'M' 'M' 'M' 'M' 'M' 'M' 'M' 'M' 'M'
 'M' 'M' 'M' 'M' 'M' 'M' 'M' 'M' 'M' 'M' 'M' 'M' 'M' 'M' 'U' 'M' 'M' 'M'
 'M' 'M' 'M' 'M' 'M' 'M' 'M' 'M' 'M' 'M' 'M' 'M' 'M' 'M' 'M' 'U' 'M' 'M'
 'M' 'M' 'M' 'M' 'M' 'M' 'M' 'M' 'M' 'M' 'M' 'M' 'M' 'M' 'M' 'M' 'M' 'M'
 'M' 'U' 'M' 'M' 'M' 'U' 'A' 'A' 'U' 'A' 'A' 'A' 'U' 'M' 'M' 'M' 'M' 'M'
 'M' 'M' 'M' 'M' 'M' 'M' 'M' 'M' 'M' 'M' 'M' 'M' 'U' 'U' 'M' 'M' 'M' 'M'
 'M' 'M' 'M' 'M' 'M' 'M' 'M' 'M' 'M' 'M' 'M' 'M' 'M' 'M' 'M' 'M' 'U' 'M'
 'M' 'M' 'M' 'M' 'M' 'U' 'M' 'M' 'M' 'M' 'M' 'M' 'M' 'M' 'M' 'M' 'M' 'M']"
42501,0,186,9,177,12,0,0,"['A' 'M' 'M' 'M' 'U' 'M' 'M' 'M' 'M' 'M' 'M' 'M' 'M' 'M' 'M' 'M' 'M' 'M'
 'M' 'M' 'M' 'M' 'M' 'M' 'M' 'U' 'M' 'M' 'M' 'U' 'M' 'M' 'M' 'M' 'M' 'M'
 'M' 'M' 'M' 'M' 'M' 'M' 'M' 'M' 'M' 'U' 'M' 'M' 'M' 'M' 'M' 'M' 'M' 'M'
 'M' 'M' 'M' 'M' 'M' 'M' 'M' 'M' 'M' 'M' 'M' 'M' 'M' 'M' 'M' 'M' 'M' 'M'
 'M' 'M' 'M' 'M' 'M' 'M' 'U' 'M' 'M' 'M' 'M' 'M' 'M' 'M' 'M' 'M' 'M' 'M'
 'M' 'M' 'M' 'M' 'M' 'M' 'M' 'M' 'M' 'M' 'M' 'M' 'M' 'M' 'M' 'U' 'M' 'M'
 'M' 'M' 'M' 'M' 'M' 'M' 'M' 'M' 'M' 'M' 'M' 'M' 'M' 'M' 'M' 'M' 'M' 'M'
 'M' 'M' 'M' 'M' 'M' 'A' 'A' 'A' 'A' 'A' 'A' 'A' 'A' 'M' 'M' 'U' 'M' 'M'
 'M' 'M' 'M' 'U' 'M' 'M' 'M' 'M' 'M' 'M' 'M' 'M' 'U' 'U' 'M' 'M' 'M' 'M'
 'M' 'M' 'M' 'M' 'M' 'M' 'M' 'M' 'M' 'M' 'M' 'M' 'M' 'M' 'M' 'M' 'U' 'M'
 'M' 'M' 'M' 'M' 'M' 'U' 'M' 'M' 'M' 'M' 'M' 'M' 'M' 'M' 'M' 'M' 'M' 'M']"
42601,0,185,9,176,13,0,0,"['A' 'M' 'M' 'M' 'U' 'M' 'M' 'M' 'M' 'M' 'M' 'M' 'M' 'U' 'U' 'M' 'M' 'M'
 'M' 'M' 'M' 'M' 'M' 'M' 'M' 'U' 'M' 'M' 'M' 'U' 'M' 'M' 'M' 'M' 'M' 'M'
 'M' 'M' 'M' 'M' 'M' 'M' 'M' 'M' 'M' 'U' 'M' 'M' 'M' 'M' 'M' 'M' 'M' 'M'
 'M' 'M' 'M' 'M' 'M' 'M' 'M' 'M' 'M' 'M' 'M' 'M' 'M' 'M' 'M' 'M' 'M' 'M'
 'M' 'M' 'M' 'M' 'M' 'M' 'M' 'M' 'M' 'M' 'M' 'M' 'M' 'M' 'M' 'M' 'M' 'U'
 'M' 'M' 'M' 'M' 'M' 'M' 'M' 'M' 'M' 'M' 'M' 'M' 'M' 'M' 'M' 'U' 'M' 'M'
 'M' 'M' 'M' 'M' 'M' 'M' 'M' 'M' 'M' 'M' 'M' 'M' 'M' 'M' 'M' 'M' 'M' 'M'
 'M' 'M' 'M' 'M' 'M' 'A' 'A' 'A' 'A' 'A' 'A' 'A' 'A' 'M' 'M' 'U' 'M' 'M'
 'M' 'M' 'M' 'U' 'M' 'M' 'M' 'M' 'M' 'M' 'M' 'M' 'U' 'M' 'M' 'M' 'M' 'M'
 'M' 'M' 'M' 'M' 'M' 'M' 'M' 'M' 'M' 'M' 'M' 'M' 'M' 'M' 'M' 'M' 'M' 'M'
 'M' 'M' 'M' 'M' 'M' 'U' 'M' 'M' 'M' 'M' 'M' 'U' 'M' 'M' 'M' 'M' 'M' 'M']"
42701,1,186,9,177,12,0,0,"['A' 'M' 'M' 'M' 'U' 'M' 'M' 'M' 'M' 'U' 'M' 'M' 'M' 'M' 'U' 'M' 'M' 'M'
 'M' 'M' 'M' 'M' 'M' 'M' 'M' 'U' 'M' 'M' 'M' 'U' 'M' 'M' 'M' 'M' 'M' 'M'
 'M' 'M' 'M' 'M' 'M' 'M' 'M' 'M' 'M' 'M' 'M' 'M' 'M' 'M' 'M' 'M' 'M' 'M'
 'U' 'M' 'M' 'M' 'M' 'M' 'M' 'M' 'M' 'M' 'M' 'M' 'M' 'M' 'M' 'M' 'M' 'M'
 'M' 'M' 'M' 'M' 'M' 'M' 'M' 'M' 'M' 'M' 'M' 'M' 'M' 'U' 'M' 'M' 'M' 'M'
 'M' 'M' 'M' 'M' 'M' 'M' 'M' 'M' 'M' 'M' 'M' 'M' 'M' 'M' 'M' 'U' 'M' 'M'
 'U' 'M' 'M' 'M' 'M' 'M' 'M' 'M' 'M' 'M' 'M' 'M' 'M' 'M' 'M' 'M' 'M' 'M'
 'M' 'M' 'M' 'M' 'M' 'A' 'A' 'A' 'A' 'A' 'A' 'U' 'A' 'M' 'M' 'M' 'M' 'M'
 'M' 'M' 'M' 'U' 'M' 'M' 'M' 'M' 'M' 'M' 'M' 'M' 'M' 'M' 'M' 'M' 'M' 'M'
 'M' 'M' 'M' 'M' 'M' 'M' 'M' 'M' 'M' 'M' 'M' 'M' 'M' 'M' 'M' 'M' 'M' 'M'
 'M' 'M' 'M' 'M' 'M' 'A' 'M' 'M' 'M' 'M' 'M' 'M' 'M' 'M' 'M' 'M' 'M' 'U']"
42801,0,181,9,172,17,0,0,"['A' 'M' 'M' 'M' 'U' 'M' 'M' 'M' 'M' 'U' 'M' 'M' 'M' 'M' 'M' 'M' 'M' 'M'
 'M' 'M' 'M' 'U' 'M' 'M' 'M' 'U' 'M' 'M' 'M' 'M' 'M' 'M' 'M' 'M' 'M' 'M'
 'M' 'M' 'M' 'M' 'M' 'U' 'M' 'M' 'M' 'M' 'M' 'M' 'M' 'M' 'M' 'M' 'U' 'M'
 'U' 'M' 'M' 'M' 'M' 'M' 'M' 'M' 'M' 'M' 'M' 'M' 'M' 'M' 'M' 'M' 'M' 'M'
 'M' 'M' 'M' 'M' 'M' 'M' 'M' 'M' 'M' 'M' 'M' 'M' 'M' 'M' 'U' 'M' 'M' 'M'
 'M' 'M' 'M' 'M' 'M' 'M' 'M' 'M' 'M' 'M' 'M' 'M' 'M' 'M' 'M' 'U' 'M' 'M'
 'A' 'M' 'M' 'M' 'M' 'M' 'M' 'M' 'M' 'M' 'M' 'M' 'M' 'M' 'M' 'M' 'M' 'M'
 'M' 'M' 'M' 'M' 'M' 'A' 'A' 'U' 'A' 'A' 'U' 'A' 'A' 'M' 'M' 'M' 'M' 'M'
 'M' 'M' 'M' 'U' 'M' 'M' 'U' 'M' 'M' 'M' 'M' 'M' 'U' 'M' 'M' 'U' 'M' 'M'
 'M' 'M' 'M' 'M' 'M' 'M' 'M' 'M' 'M' 'M' 'M' 'M' 'M' 'M' 'M' 'M' 'M' 'M'
 'M' 'M' 'M' 'M' 'M' 'A' 'M' 'M' 'M' 'M' 'M' 'M' 'M' 'M' 'M' 'M' 'U' 'U']"
42901,0,182,6,176,16,0,0,"['A' 'M' 'M' 'M' 'U' 'M' 'M' 'M' 'M' 'M' 'M' 'M' 'M' 'M' 'M' 'M' 'M' 'M'
 'M' 'M' 'M' 'U' 'M' 'M' 'M' 'U' 'M' 'M' 'M' 'M' 'M' 'M' 'M' 'M' 'M' 'M'
 'M' 'M' 'M' 'M' 'M' 'U' 'M' 'M' 'M' 'M' 'M' 'M' 'M' 'M' 'M' 'M' 'M' 'M'
 'M' 'M' 'M' 'M' 'M' 'M' 'M' 'M' 'M' 'M' 'M' 'M' 'M' 'M' 'M' 'M' 'M' 'M'
 'M' 'M' 'M' 'M' 'M' 'M' 'M' 'M' 'M' 'M' 'M' 'M' 'M' 'M' 'M' 'U' 'M' 'M'
 'M' 'M' 'M' 'M' 'M' 'M' 'M' 'M' 'M' 'M' 'M' 'M' 'M' 'M' 'M' 'U' 'M' 'M'
 'M' 'M' 'M' 'M' 'M' 'U' 'M' 'M' 'M' 'M' 'M' 'M' 'M' 'M' 'U' 'M' 'M' 'M'
 'M' 'M' 'M' 'U' 'M' 'A' 'U' 'U' 'A' 'A' 'A' 'M' 'U' 'M' 'M' 'M' 'M' 'M'
 'M' 'M' 'M' 'M' 'M' 'M' 'U' 'M' 'M' 'M' 'M' 'M' 'M' 'M' 'M' 'U' 'M' 'M'
 'M' 'M' 'M' 'M' 'M' 'M' 'M' 'M' 'M' 'M' 'M' 'M' 'M' 'M' 'M' 'M' 'M' 'M'
 'M' 'M' 'M' 'M' 'M' 'A' 'M' 'M' 'M' 'M' 'M' 'M' 'M' 'M' 'M' 'M' 'U' 'U']"
43001,0,185,9,176,13,0,0,"['A' 'M' 'M' 'M' 'U' 'M' 'M' 'U' 'M' 'M' 'M' 'M' 'M' 'M' 'M' 'M' 'M' 'M'
 'M' 'M' 'M' 'U' 'M' 'M' 'M' 'M' 'M' 'M' 'U' 'M' 'M' 'M' 'M' 'M' 'M' 'M'
 'M' 'M' 'M' 'M' 'M' 'M' 'M' 'M' 'M' 'M' 'M' 'M' 'M' 'M' 'M' 'M' 'M' 'M'
 'M' 'M' 'M' 'M' 'M' 'M' 'M' 'M' 'M' 'M' 'U' 'M' 'M' 'M' 'M' 'M' 'M' 'M'
 'M' 'M' 'M' 'M' 'M' 'M' 'M' 'M' 'M' 'M' 'M' 'M' 'M' 'M' 'M' 'M' 'M' 'M'
 'M' 'M' 'U' 'M' 'M' 'M' 'M' 'M' 'M' 'M' 'M' 'M' 'M' 'M' 'M' 'M' 'M' 'M'
 'M' 'M' 'M' 'M' 'M' 'U' 'M' 'M' 'M' 'M' 'M' 'M' 'M' 'M' 'U' 'M' 'M' 'M'
 'M' 'M' 'M' 'M' 'M' 'A' 'A' 'A' 'A' 'A' 'A' 'M' 'A' 'M' 'M' 'M' 'M' 'M'
 'M' 'M' 'M' 'M' 'M' 'M' 'U' 'M' 'M' 'M' 'M' 'M' 'M' 'M' 'M' 'U' 'M' 'M'
 'M' 'M' 'M' 'M' 'M' 'M' 'M' 'M' 'M' 'M' 'M' 'M' 'M' 'M' 'M' 'M' 'M' 'M'
 'M' 'M' 'M' 'M' 'M' 'A' 'M' 'U' 'M' 'M' 'M' 'M' 'M' 'M' 'M' 'M' 'U' 'U']"
43101,0,187,9,178,11,0,0,"['A' 'M' 'M' 'M' 'M' 'M' 'M' 'U' 'M' 'M' 'M' 'M' 'M' 'M' 'M' 'M' 'M' 'M'
 'M' 'M' 'M' 'U' 'M' 'M' 'M' 'M' 'M' 'M' 'U' 'M' 'M' 'M' 'M' 'M' 'M' 'M'
 'M' 'M' 'M' 'M' 'M' 'M' 'M' 'M' 'M' 'M' 'M' 'M' 'M' 'M' 'M' 'M' 'M' 'M'
 'M' 'M' 'M' 'M' 'M' 'M' 'M' 'M' 'M' 'M' 'M' 'M' 'M' 'M' 'M' 'M' 'M' 'M'
 'M' 'M' 'M' 'M' 'M' 'M' 'M' 'M' 'U' 'M' 'M' 'M' 'M' 'M' 'M' 'M' 'M' 'M'
 'M' 'M' 'M' 'M' 'M' 'M' 'M' 'M' 'M' 'M' 'M' 'M' 'M' 'M' 'M' 'M' 'M' 'M'
 'M' 'M' 'M' 'M' 'M' 'U' 'M' 'M' 'M' 'M' 'M' 'M' 'M' 'M' 'M' 'M' 'M' 'M'
 'M' 'M' 'M' 'M' 'U' 'A' 'U' 'A' 'A' 'A' 'A' 'A' 'A' 'M' 'M' 'M' 'M' 'M'
 'M' 'M' 'M' 'M' 'M' 'M' 'U' 'M' 'M' 'M' 'M' 'M' 'M' 'M' 'M' 'M' 'M' 'M'
 'M' 'M' 'M' 'M' 'M' 'M' 'M' 'M' 'M' 'M' 'M' 'M' 'M' 'M' 'M' 'M' 'M' 'M'
 'M' 'M' 'M' 'M' 'M' 'A' 'M' 'U' 'M' 'M' 'M' 'M' 'M' 'M' 'M' 'M' 'U' 'U']"
43201,0,187,7,180,11,0,0,"['A' 'M' 'M' 'M' 'M' 'M' 'M' 'U' 'M' 'M' 'M' 'M' 'M' 'M' 'M' 'M' 'M' 'M'
 'M' 'M' 'M' 'U' 'M' 'M' 'M' 'U' 'M' 'M' 'U' 'M' 'M' 'M' 'M' 'M' 'M' 'M'
 'M' 'M' 'M' 'M' 'M' 'M' 'M' 'M' 'M' 'M' 'M' 'M' 'M' 'M' 'M' 'M' 'M' 'M'
 'M' 'M' 'M' 'M' 'M' 'M' 'M' 'M' 'M' 'M' 'M' 'M' 'M' 'M' 'U' 'M' 'M' 'M'
 'M' 'M' 'M' 'M' 'M' 'M' 'M' 'M' 'M' 'M' 'M' 'M' 'M' 'M' 'M' 'M' 'M' 'M'
 'M' 'M' 'M' 'M' 'M' 'M' 'M' 'M' 'M' 'M' 'M' 'M' 'M' 'M' 'M' 'M' 'M' 'M'
 'M' 'M' 'M' 'M' 'M' 'U' 'M' 'M' 'M' 'M' 'M' 'M' 'M' 'M' 'M' 'M' 'M' 'M'
 'M' 'M' 'M' 'M' 'M' 'A' 'U' 'U' 'A' 'A' 'A' 'A' 'M' 'M' 'M' 'M' 'M' 'M'
 'M' 'M' 'M' 'M' 'M' 'M' 'M' 'M' 'M' 'M' 'M' 'M' 'M' 'M' 'M' 'M' 'M' 'M'
 'M' 'M' 'M' 'M' 'M' 'M' 'M' 'M' 'M' 'M' 'M' 'M' 'M' 'M' 'M' 'M' 'M' 'M'
 'M' 'M' 'M' 'M' 'M' 'A' 'M' 'M' 'M' 'M' 'M' 'M' 'M' 'M' 'M' 'U' 'U' 'U']"
43301,0,184,7,177,14,0,0,"['A' 'M' 'M' 'M' 'U' 'M' 'M' 'M' 'M' 'M' 'M' 'M' 'M' 'M' 'M' 'M' 'M' 'U'
 'M' 'M' 'M' 'U' 'M' 'M' 'M' 'M' 'U' 'M' 'U' 'M' 'M' 'U' 'M' 'M' 'M' 'M'
 'M' 'M' 'M' 'M' 'M' 'M' 'M' 'M' 'U' 'M' 'M' 'M' 'M' 'M' 'M' 'M' 'M' 'M'
 'M' 'M' 'M' 'M' 'M' 'M' 'M' 'M' 'M' 'M' 'M' 'M' 'M' 'M' 'U' 'M' 'M' 'M'
 'M' 'M' 'M' 'M' 'M' 'M' 'M' 'M' 'M' 'M' 'M' 'M' 'M' 'M' 'M' 'M' 'M' 'M'
 'M' 'M' 'M' 'M' 'M' 'M' 'M' 'M' 'M' 'M' 'M' 'M' 'M' 'M' 'M' 'M' 'M' 'M'
 'M' 'M' 'M' 'M' 'M' 'U' 'M' 'M' 'M' 'M' 'M' 'M' 'M' 'M' 'M' 'M' 'M' 'M'
 'M' 'M' 'M' 'M' 'M' 'A' 'U' 'U' 'A' 'U' 'A' 'A' 'M' 'M' 'M' 'U' 'M' 'M'
 'M' 'M' 'M' 'M' 'M' 'M' 'M' 'M' 'M' 'M' 'M' 'M' 'M' 'M' 'M' 'M' 'M' 'M'
 'M' 'M' 'M' 'M' 'M' 'M' 'M' 'M' 'M' 'M' 'M' 'M' 'M' 'M' 'M' 'M' 'M' 'M'
 'M' 'M' 'M' 'M' 'M' 'A' 'M' 'M' 'M' 'M' 'M' 'M' 'M' 'M' 'M' 'A' 'M' 'U']"
43401,0,185,8,177,13,0,0,"['A' 'M' 'M' 'M' 'M' 'M' 'M' 'M' 'M' 'M' 'M' 'M' 'M' 'M' 'M' 'M' 'M' 'M'
 'M' 'M' 'M' 'U' 'M' 'M' 'M' 'M' 'M' 'M' 'U' 'M' 'M' 'U' 'M' 'M' 'M' 'M'
 'M' 'M' 'M' 'M' 'M' 'U' 'M' 'M' 'U' 'M' 'M' 'M' 'M' 'M' 'M' 'M' 'M' 'M'
 'M' 'M' 'M' 'M' 'M' 'M' 'M' 'M' 'M' 'M' 'M' 'M' 'M' 'M' 'M' 'M' 'M' 'M'
 'M' 'M' 'M' 'M' 'M' 'M' 'M' 'M' 'M' 'M' 'U' 'M' 'M' 'M' 'M' 'M' 'M' 'M'
 'M' 'M' 'M' 'M' 'M' 'M' 'M' 'M' 'M' 'M' 'M' 'M' 'M' 'M' 'U' 'M' 'M' 'M'
 'M' 'M' 'U' 'M' 'M' 'U' 'M' 'M' 'M' 'M' 'M' 'M' 'M' 'M' 'M' 'M' 'M' 'M'
 'M' 'M' 'M' 'M' 'M' 'A' 'U' 'A' 'A' 'U' 'U' 'A' 'A' 'M' 'M' 'U' 'M' 'M'
 'M' 'M' 'M' 'M' 'M' 'M' 'M' 'M' 'M' 'M' 'M' 'M' 'M' 'M' 'M' 'M' 'M' 'M'
 'M' 'M' 'M' 'M' 'M' 'M' 'M' 'M' 'M' 'M' 'M' 'M' 'M' 'M' 'M' 'M' 'M' 'M'
 'M' 'M' 'M' 'M' 'M' 'A' 'M' 'M' 'M' 'M' 'M' 'M' 'M' 'M' 'M' 'A' 'M' 'M']"
43501,0,184,10,174,14,0,0,"['A' 'M' 'M' 'M' 'M' 'M' 'M' 'M' 'U' 'M' 'M' 'M' 'M' 'M' 'M' 'M' 'M' 'M'
 'M' 'M' 'M' 'M' 'M' 'M' 'M' 'M' 'M' 'M' 'U' 'M' 'M' 'U' 'M' 'M' 'M' 'M'
 'M' 'M' 'M' 'M' 'M' 'U' 'M' 'M' 'U' 'M' 'M' 'M' 'M' 'M' 'M' 'M' 'M' 'M'
 'M' 'M' 'M' 'M' 'M' 'M' 'M' 'M' 'M' 'M' 'M' 'M' 'M' 'M' 'M' 'M' 'M' 'M'
 'M' 'M' 'M' 'M' 'U' 'M' 'M' 'M' 'M' 'M' 'M' 'M' 'M' 'M' 'M' 'M' 'M' 'M'
 'M' 'M' 'M' 'M' 'M' 'M' 'M' 'M' 'M' 'M' 'M' 'M' 'U' 'M' 'M' 'M' 'M' 'M'
 'M' 'M' 'U' 'M' 'M' 'U' 'M' 'M' 'M' 'M' 'M' 'M' 'M' 'M' 'M' 'M' 'M' 'M'
 'M' 'M' 'M' 'M' 'M' 'A' 'A' 'A' 'A' 'A' 'A' 'A' 'U' 'M' 'M' 'U' 'M' 'M'
 'M' 'M' 'M' 'M' 'M' 'M' 'M' 'M' 'M' 'M' 'M' 'M' 'M' 'M' 'U' 'M' 'M' 'M'
 'M' 'M' 'M' 'M' 'M' 'M' 'U' 'M' 'M' 'M' 'M' 'M' 'M' 'M' 'M' 'M' 'M' 'M'
 'M' 'M' 'M' 'M' 'M' 'A' 'M' 'M' 'M' 'M' 'M' 'U' 'M' 'M' 'M' 'A' 'M' 'M']"
43601,0,184,10,174,14,0,0,"['A' 'M' 'M' 'M' 'M' 'M' 'M' 'M' 'U' 'M' 'M' 'M' 'M' 'M' 'M' 'M' 'M' 'M'
 'M' 'M' 'M' 'M' 'M' 'M' 'M' 'M' 'M' 'M' 'U' 'M' 'M' 'U' 'M' 'M' 'M' 'M'
 'M' 'M' 'M' 'M' 'M' 'U' 'M' 'M' 'M' 'M' 'M' 'M' 'M' 'M' 'M' 'M' 'M' 'M'
 'M' 'M' 'U' 'M' 'M' 'M' 'M' 'M' 'M' 'M' 'M' 'M' 'M' 'M' 'M' 'M' 'M' 'M'
 'U' 'M' 'M' 'M' 'M' 'M' 'M' 'M' 'M' 'M' 'M' 'M' 'M' 'M' 'M' 'M' 'M' 'M'
 'M' 'M' 'M' 'M' 'M' 'M' 'M' 'M' 'M' 'M' 'M' 'M' 'U' 'M' 'M' 'M' 'M' 'M'
 'M' 'M' 'U' 'M' 'M' 'U' 'M' 'M' 'M' 'M' 'M' 'M' 'M' 'M' 'M' 'M' 'M' 'M'
 'M' 'M' 'M' 'M' 'M' 'A' 'A' 'A' 'A' 'A' 'A' 'A' 'U' 'M' 'M' 'U' 'M' 'M'
 'M' 'M' 'M' 'M' 'M' 'M' 'M' 'M' 'M' 'M' 'M' 'M' 'M' 'M' 'U' 'M' 'M' 'M'
 'M' 'M' 'M' 'M' 'M' 'M' 'U' 'M' 'M' 'M' 'M' 'M' 'M' 'M' 'M' 'M' 'M' 'M'
 'M' 'M' 'M' 'M' 'M' 'A' 'M' 'M' 'M' 'M' 'M' 'M' 'M' 'M' 'U' 'A' 'M' 'M']"
43701,0,184,8,176,14,0,0,"['A' 'M' 'M' 'M' 'M' 'M' 'M' 'M' 'U' 'M' 'U' 'M' 'M' 'M' 'M' 'M' 'M' 'M'
 'M' 'M' 'M' 'M' 'M' 'M' 'M' 'M' 'M' 'M' 'M' 'M' 'M' 'U' 'M' 'M' 'M' 'M'
 'M' 'M' 'M' 'M' 'M' 'U' 'M' 'M' 'M' 'M' 'M' 'M' 'M' 'M' 'M' 'M' 'M' 'M'
 'M' 'M' 'M' 'M' 'M' 'M' 'M' 'M' 'M' 'M' 'M' 'M' 'M' 'M' 'M' 'M' 'M' 'M'
 'M' 'M' 'M' 'M' 'U' 'M' 'M' 'M' 'M' 'M' 'M' 'M' 'M' 'M' 'M' 'M' 'M' 'M'
 'M' 'M' 'M' 'M' 'M' 'M' 'M' 'M' 'M' 'M' 'M' 'M' 'U' 'M' 'M' 'M' 'M' 'M'
 'M' 'M' 'U' 'M' 'M' 'M' 'M' 'M' 'M' 'M' 'M' 'M' 'M' 'M' 'M' 'M' 'M' 'M'
 'M' 'M' 'M' 'M' 'M' 'A' 'A' 'A' 'A' 'U' 'A' 'A' 'A' 'M' 'M' 'U' 'M' 'M'
 'M' 'M' 'M' 'M' 'M' 'M' 'M' 'M' 'M' 'M' 'M' 'M' 'M' 'M' 'U' 'M' 'M' 'M'
 'M' 'M' 'M' 'M' 'M' 'M' 'U' 'M' 'M' 'M' 'M' 'M' 'M' 'M' 'M' 'M' 'M' 'M'
 'M' 'M' 'M' 'M' 'M' 'U' 'M' 'M' 'M' 'M' 'M' 'U' 'M' 'M' 'U' 'M' 'M' 'M']"
43801,0,184,9,175,14,0,0,"['A' 'M' 'M' 'M' 'M' 'M' 'M' 'M' 'U' 'M' 'U' 'M' 'M' 'M' 'M' 'M' 'M' 'M'
 'M' 'M' 'M' 'M' 'M' 'M' 'M' 'M' 'M' 'M' 'M' 'M' 'M' 'U' 'M' 'M' 'M' 'M'
 'M' 'M' 'M' 'M' 'M' 'M' 'M' 'M' 'M' 'M' 'M' 'M' 'U' 'M' 'M' 'M' 'M' 'M'
 'M' 'M' 'M' 'M' 'M' 'M' 'M' 'M' 'M' 'M' 'M' 'M' 'M' 'M' 'M' 'M' 'M' 'M'
 'M' 'U' 'M' 'M' 'M' 'M' 'M' 'M' 'M' 'M' 'M' 'M' 'M' 'M' 'M' 'M' 'M' 'M'
 'M' 'M' 'M' 'M' 'M' 'M' 'M' 'M' 'M' 'M' 'M' 'M' 'M' 'M' 'M' 'M' 'M' 'M'
 'M' 'M' 'U' 'M' 'M' 'M' 'M' 'M' 'M' 'M' 'M' 'M' 'M' 'M' 'M' 'M' 'M' 'M'
 'M' 'M' 'M' 'M' 'M' 'A' 'U' 'A' 'A' 'A' 'A' 'A' 'A' 'M' 'M' 'M' 'M' 'M'
 'M' 'M' 'M' 'M' 'M' 'M' 'M' 'M' 'M' 'M' 'M' 'M' 'M' 'M' 'U' 'M' 'M' 'M'
 'M' 'M' 'M' 'M' 'U' 'M' 'U' 'M' 'U' 'M' 'M' 'M' 'M' 'M' 'U' 'M' 'M' 'M'
 'M' 'M' 'M' 'M' 'M' 'A' 'M' 'M' 'M' 'M' 'M' 'U' 'M' 'M' 'U' 'M' 'M' 'M']"
43901,0,188,8,180,10,0,1,"['A' 'M' 'M' 'M' 'M' 'M' 'M' 'M' 'M' 'M' 'M' 'M' 'M' 'M' 'M' 'M' 'M' 'M'
 'M' 'M' 'M' 'M' 'M' 'M' 'M' 'M' 'M' 'M' 'M' 'M' 'M' 'M' 'M' 'M' 'M' 'M'
 'M' 'M' 'M' 'M' 'M' 'M' 'M' 'M' 'U' 'M' 'M' 'M' 'U' 'M' 'M' 'M' 'M' 'M'
 'M' 'M' 'M' 'M' 'M' 'M' 'M' 'M' 'M' 'M' 'M' 'M' 'M' 'M' 'M' 'M' 'M' 'M'
 'M' 'M' 'M' 'M' 'M' 'M' 'M' 'U' 'M' 'M' 'M' 'M' 'M' 'M' 'M' 'M' 'M' 'M'
 'M' 'M' 'M' 'M' 'M' 'M' 'M' 'M' 'M' 'M' 'M' 'M' 'M' 'M' 'M' 'M' 'M' 'M'
 'M' 'M' 'U' 'M' 'M' 'M' 'M' 'M' 'M' 'M' 'M' 'M' 'M' 'M' 'M' 'M' 'M' 'M'
 'M' 'M' 'M' 'M' 'M' 'A' 'U' 'A' 'A' 'A' 'U' 'A' 'A' 'M' 'M' 'M' 'M' 'M'
 'M' 'U' 'M' 'M' 'M' 'M' 'M' 'M' 'M' 'M' 'M' 'M' 'M' 'M' 'M' 'M' 'M' 'M'
 'M' 'M' 'M' 'M' 'M' 'M' 'M' 'M' 'M' 'M' 'M' 'M' 'M' 'M' 'U' 'M' 'M' 'M'
 'M' 'M' 'M' 'M' 'M' 'A' 'M' 'M' 'M' 'M' 'M' 'U' 'M' 'M' 'U' 'M' 'M' 'M']"
44001,0,186,6,180,12,0,0,"['A' 'M' 'M' 'M' 'M' 'M' 'M' 'M' 'M' 'M' 'M' 'M' 'M' 'M' 'M' 'M' 'M' 'M'
 'M' 'M' 'M' 'M' 'M' 'M' 'M' 'M' 'M' 'M' 'M' 'M' 'M' 'M' 'U' 'M' 'M' 'M'
 'M' 'M' 'M' 'M' 'M' 'M' 'M' 'M' 'U' 'M' 'M' 'M' 'M' 'M' 'M' 'M' 'M' 'M'
 'M' 'M' 'M' 'M' 'M' 'M' 'M' 'M' 'M' 'M' 'M' 'M' 'M' 'M' 'M' 'M' 'M' 'M'
 'M' 'M' 'M' 'M' 'M' 'M' 'M' 'M' 'M' 'M' 'M' 'M' 'M' 'M' 'U' 'M' 'M' 'M'
 'M' 'M' 'M' 'M' 'M' 'M' 'M' 'M' 'M' 'M' 'M' 'M' 'U' 'M' 'M' 'M' 'M' 'M'
 'M' 'M' 'M' 'M' 'U' 'M' 'M' 'M' 'M' 'M' 'M' 'M' 'M' 'M' 'M' 'M' 'M' 'M'
 'M' 'M' 'M' 'M' 'M' 'U' 'A' 'A' 'A' 'U' 'U' 'A' 'A' 'M' 'M' 'M' 'M' 'M'
 'M' 'U' 'M' 'M' 'M' 'M' 'M' 'M' 'M' 'M' 'M' 'M' 'M' 'M' 'M' 'M' 'M' 'M'
 'M' 'M' 'M' 'M' 'M' 'M' 'M' 'M' 'M' 'M' 'M' 'M' 'M' 'M' 'U' 'M' 'M' 'M'
 'M' 'M' 'M' 'M' 'M' 'U' 'M' 'M' 'M' 'M' 'M' 'M' 'M' 'M' 'U' 'M' 'M' 'M']"
44101,0,186,7,179,12,0,0,"['A' 'M' 'M' 'M' 'M' 'M' 'M' 'M' 'M' 'M' 'M' 'M' 'M' 'M' 'M' 'M' 'M' 'U'
 'M' 'M' 'M' 'M' 'M' 'M' 'M' 'M' 'M' 'M' 'M' 'M' 'M' 'M' 'U' 'M' 'M' 'M'
 'M' 'M' 'M' 'M' 'M' 'M' 'M' 'M' 'U' 'M' 'M' 'M' 'M' 'M' 'M' 'M' 'M' 'M'
 'M' 'M' 'M' 'M' 'M' 'M' 'M' 'M' 'M' 'M' 'M' 'M' 'M' 'M' 'M' 'M' 'M' 'M'
 'M' 'M' 'M' 'M' 'M' 'M' 'M' 'M' 'M' 'M' 'M' 'U' 'M' 'M' 'M' 'M' 'M' 'M'
 'M' 'M' 'M' 'M' 'M' 'M' 'M' 'M' 'A' 'M' 'M' 'M' 'M' 'M' 'M' 'M' 'M' 'M'
 'M' 'M' 'M' 'M' 'U' 'M' 'M' 'M' 'M' 'M' 'M' 'M' 'M' 'M' 'M' 'U' 'M' 'M'
 'M' 'M' 'M' 'M' 'M' 'U' 'U' 'A' 'A' 'A' 'A' 'U' 'A' 'M' 'M' 'M' 'M' 'M'
 'M' 'M' 'M' 'M' 'M' 'M' 'M' 'M' 'M' 'M' 'U' 'M' 'M' 'M' 'M' 'M' 'M' 'M'
 'M' 'M' 'M' 'M' 'M' 'M' 'M' 'M' 'M' 'M' 'M' 'M' 'M' 'M' 'U' 'M' 'M' 'M'
 'M' 'M' 'M' 'M' 'M' 'U' 'M' 'M' 'M' 'M' 'M' 'M' 'M' 'M' 'M' 'M' 'M' 'M']"
44201,0,192,6,186,6,0,0,"['A' 'M' 'M' 'M' 'M' 'M' 'M' 'M' 'M' 'M' 'M' 'M' 'M' 'M' 'M' 'M' 'M' 'U'
 'M' 'M' 'M' 'M' 'M' 'M' 'M' 'M' 'M' 'M' 'M' 'M' 'M' 'M' 'M' 'M' 'M' 'M'
 'M' 'M' 'M' 'M' 'M' 'M' 'M' 'M' 'M' 'M' 'M' 'M' 'U' 'M' 'M' 'M' 'M' 'M'
 'M' 'M' 'M' 'M' 'M' 'M' 'M' 'M' 'M' 'M' 'M' 'M' 'M' 'M' 'M' 'M' 'U' 'M'
 'M' 'M' 'M' 'M' 'M' 'M' 'M' 'M' 'M' 'M' 'M' 'M' 'M' 'M' 'M' 'M' 'M' 'M'
 'M' 'M' 'M' 'M' 'M' 'M' 'M' 'M' 'A' 'M' 'M' 'M' 'M' 'M' 'M' 'M' 'M' 'M'
 'M' 'M' 'M' 'M' 'M' 'M' 'M' 'M' 'M' 'M' 'M' 'M' 'M' 'M' 'M' 'M' 'M' 'M'
 'M' 'M' 'M' 'M' 'M' 'M' 'M' 'A' 'A' 'A' 'A' 'M' 'U' 'M' 'M' 'M' 'M' 'M'
 'M' 'M' 'M' 'M' 'M' 'M' 'M' 'M' 'U' 'M' 'M' 'M' 'M' 'M' 'M' 'M' 'M' 'M'
 'M' 'M' 'M' 'M' 'M' 'M' 'M' 'M' 'M' 'M' 'M' 'M' 'M' 'M' 'M' 'M' 'M' 'M'
 'M' 'M' 'M' 'M' 'M' 'U' 'M' 'M' 'M' 'M' 'M' 'M' 'M' 'M' 'M' 'M' 'M' 'M']"
44301,0,190,4,186,8,0,0,"['A' 'U' 'M' 'M' 'M' 'M' 'M' 'M' 'M' 'M' 'M' 'M' 'M' 'M' 'M' 'M' 'M' 'U'
 'M' 'M' 'M' 'M' 'U' 'U' 'M' 'M' 'M' 'M' 'M' 'M' 'M' 'M' 'M' 'M' 'M' 'M'
 'M' 'M' 'M' 'M' 'M' 'M' 'M' 'M' 'M' 'M' 'M' 'M' 'U' 'M' 'M' 'M' 'M' 'M'
 'M' 'M' 'M' 'M' 'M' 'M' 'M' 'M' 'M' 'M' 'M' 'M' 'M' 'M' 'M' 'M' 'M' 'M'
 'M' 'M' 'M' 'M' 'M' 'M' 'M' 'M' 'M' 'M' 'M' 'M' 'M' 'M' 'M' 'M' 'M' 'U'
 'M' 'M' 'M' 'M' 'M' 'M' 'M' 'M' 'A' 'M' 'M' 'M' 'M' 'M' 'M' 'M' 'M' 'M'
 'M' 'M' 'M' 'M' 'M' 'M' 'M' 'M' 'M' 'M' 'M' 'M' 'M' 'M' 'M' 'M' 'M' 'M'
 'M' 'M' 'M' 'M' 'M' 'M' 'M' 'U' 'M' 'A' 'A' 'M' 'M' 'M' 'M' 'M' 'M' 'M'
 'M' 'U' 'M' 'M' 'M' 'M' 'M' 'M' 'M' 'M' 'M' 'M' 'M' 'M' 'M' 'M' 'M' 'M'
 'M' 'M' 'M' 'M' 'M' 'M' 'M' 'M' 'M' 'M' 'M' 'M' 'M' 'M' 'M' 'M' 'M' 'M'
 'M' 'M' 'M' 'M' 'M' 'M' 'M' 'M' 'M' 'M' 'M' 'M' 'M' 'M' 'M' 'M' 'M' 'M']"
44401,1,187,3,184,11,0,0,"['A' 'M' 'M' 'M' 'M' 'M' 'M' 'M' 'M' 'M' 'M' 'M' 'U' 'M' 'M' 'M' 'M' 'M'
 'M' 'M' 'M' 'M' 'U' 'U' 'M' 'M' 'M' 'M' 'M' 'M' 'M' 'M' 'M' 'M' 'M' 'M'
 'M' 'M' 'M' 'M' 'M' 'M' 'M' 'M' 'M' 'M' 'M' 'M' 'M' 'M' 'M' 'M' 'M' 'M'
 'M' 'M' 'M' 'M' 'M' 'M' 'M' 'M' 'M' 'M' 'M' 'M' 'M' 'M' 'M' 'M' 'M' 'M'
 'M' 'M' 'M' 'M' 'M' 'M' 'M' 'M' 'M' 'M' 'M' 'M' 'M' 'U' 'M' 'M' 'M' 'M'
 'M' 'M' 'M' 'M' 'M' 'M' 'M' 'M' 'M' 'M' 'M' 'M' 'M' 'M' 'M' 'M' 'M' 'M'
 'M' 'M' 'M' 'M' 'M' 'M' 'M' 'M' 'M' 'M' 'U' 'M' 'M' 'M' 'M' 'M' 'M' 'M'
 'M' 'M' 'M' 'M' 'M' 'M' 'U' 'U' 'U' 'A' 'A' 'M' 'M' 'M' 'M' 'M' 'M' 'M'
 'M' 'U' 'M' 'M' 'M' 'M' 'M' 'M' 'M' 'M' 'M' 'M' 'M' 'M' 'M' 'M' 'M' 'M'
 'M' 'M' 'M' 'M' 'M' 'M' 'M' 'M' 'M' 'M' 'M' 'M' 'M' 'M' 'M' 'M' 'M' 'M'
 'M' 'M' 'M' 'M' 'M' 'M' 'M' 'U' 'M' 'M' 'U' 'M' 'M' 'M' 'M' 'M' 'M' 'M']"
44501,0,189,8,181,9,0,0,"['A' 'M' 'M' 'M' 'M' 'M' 'M' 'M' 'M' 'M' 'M' 'M' 'U' 'M' 'M' 'M' 'M' 'M'
 'M' 'M' 'M' 'M' 'U' 'M' 'M' 'M' 'M' 'M' 'M' 'M' 'M' 'U' 'M' 'M' 'M' 'M'
 'M' 'M' 'M' 'M' 'M' 'M' 'M' 'M' 'M' 'M' 'M' 'M' 'M' 'M' 'M' 'M' 'M' 'M'
 'M' 'M' 'M' 'M' 'M' 'M' 'M' 'M' 'M' 'M' 'M' 'M' 'M' 'M' 'U' 'M' 'M' 'M'
 'M' 'M' 'M' 'M' 'M' 'M' 'M' 'M' 'M' 'M' 'M' 'M' 'M' 'M' 'M' 'M' 'M' 'M'
 'M' 'M' 'M' 'M' 'M' 'M' 'M' 'M' 'M' 'M' 'M' 'M' 'M' 'M' 'U' 'M' 'M' 'M'
 'M' 'M' 'M' 'M' 'M' 'M' 'M' 'M' 'M' 'M' 'M' 'M' 'M' 'M' 'M' 'M' 'M' 'M'
 'M' 'M' 'M' 'M' 'M' 'A' 'A' 'U' 'A' 'A' 'A' 'A' 'A' 'M' 'M' 'M' 'M' 'M'
 'M' 'U' 'M' 'M' 'M' 'M' 'M' 'M' 'M' 'M' 'M' 'M' 'M' 'M' 'M' 'M' 'M' 'M'
 'M' 'M' 'M' 'M' 'M' 'M' 'M' 'M' 'M' 'M' 'M' 'M' 'M' 'M' 'M' 'M' 'M' 'M'
 'M' 'M' 'M' 'M' 'M' 'M' 'M' 'U' 'M' 'M' 'U' 'M' 'M' 'M' 'M' 'M' 'M' 'M']"
44601,1,190,7,183,8,0,0,"['A' 'M' 'M' 'M' 'M' 'M' 'M' 'M' 'M' 'M' 'M' 'M' 'M' 'M' 'M' 'U' 'M' 'M'
 'M' 'M' 'M' 'M' 'U' 'M' 'M' 'M' 'M' 'M' 'M' 'M' 'M' 'M' 'M' 'M' 'M' 'M'
 'M' 'M' 'M' 'M' 'M' 'M' 'M' 'M' 'M' 'M' 'M' 'M' 'M' 'M' 'M' 'M' 'M' 'M'
 'M' 'M' 'M' 'M' 'M' 'M' 'M' 'M' 'M' 'M' 'M' 'M' 'M' 'M' 'M' 'M' 'M' 'M'
 'U' 'M' 'M' 'M' 'M' 'M' 'M' 'M' 'M' 'M' 'M' 'M' 'M' 'M' 'M' 'M' 'M' 'M'
 'M' 'M' 'M' 'M' 'M' 'M' 'M' 'M' 'M' 'M' 'M' 'M' 'M' 'M' 'U' 'M' 'M' 'M'
 'M' 'M' 'M' 'M' 'M' 'M' 'M' 'M' 'M' 'M' 'M' 'M' 'M' 'M' 'M' 'M' 'M' 'M'
 'M' 'M' 'M' 'M' 'M' 'M' 'A' 'A' 'A' 'A' 'A' 'A' 'U' 'M' 'M' 'M' 'M' 'M'
 'M' 'U' 'M' 'M' 'M' 'M' 'M' 'M' 'M' 'M' 'M' 'M' 'M' 'M' 'M' 'M' 'M' 'M'
 'M' 'M' 'M' 'M' 'M' 'M' 'M' 'M' 'M' 'M' 'M' 'M' 'M' 'M' 'M' 'M' 'M' 'M'
 'M' 'M' 'M' 'M' 'M' 'M' 'M' 'U' 'M' 'M' 'U' 'M' 'M' 'M' 'M' 'M' 'M' 'M']"
44701,0,188,8,180,10,0,0,"['A' 'M' 'M' 'M' 'M' 'M' 'M' 'M' 'M' 'M' 'M' 'M' 'M' 'M' 'M' 'U' 'M' 'M'
 'M' 'M' 'M' 'M' 'U' 'U' 'M' 'M' 'M' 'M' 'M' 'M' 'M' 'M' 'M' 'M' 'M' 'M'
 'M' 'M' 'M' 'M' 'M' 'M' 'M' 'M' 'M' 'M' 'M' 'M' 'M' 'M' 'M' 'M' 'M' 'M'
 'M' 'M' 'M' 'M' 'M' 'M' 'M' 'M' 'M' 'M' 'M' 'M' 'M' 'M' 'M' 'M' 'M' 'M'
 'M' 'M' 'M' 'M' 'M' 'M' 'M' 'M' 'M' 'M' 'M' 'M' 'M' 'M' 'M' 'M' 'M' 'M'
 'M' 'U' 'M' 'M' 'M' 'M' 'M' 'M' 'M' 'M' 'M' 'M' 'M' 'M' 'U' 'M' 'M' 'M'
 'M' 'M' 'M' 'M' 'M' 'M' 'M' 'M' 'M' 'M' 'M' 'M' 'M' 'U' 'M' 'M' 'M' 'M'
 'M' 'M' 'M' 'M' 'M' 'A' 'A' 'A' 'A' 'A' 'A' 'A' 'U' 'M' 'M' 'M' 'M' 'M'
 'M' 'U' 'M' 'M' 'M' 'M' 'M' 'M' 'M' 'M' 'M' 'M' 'U' 'M' 'M' 'M' 'M' 'M'
 'M' 'M' 'M' 'M' 'M' 'M' 'M' 'M' 'M' 'M' 'M' 'M' 'M' 'M' 'M' 'M' 'M' 'M'
 'M' 'M' 'M' 'M' 'M' 'M' 'M' 'U' 'M' 'M' 'M' 'M' 'M' 'M' 'M' 'M' 'M' 'M']"
44801,0,189,7,182,9,0,0,"['A' 'M' 'M' 'M' 'M' 'M' 'M' 'M' 'M' 'M' 'M' 'M' 'M' 'M' 'M' 'M' 'M' 'M'
 'M' 'M' 'M' 'M' 'U' 'U' 'M' 'M' 'M' 'M' 'M' 'M' 'M' 'M' 'M' 'M' 'M' 'M'
 'M' 'M' 'M' 'M' 'M' 'M' 'M' 'M' 'M' 'M' 'M' 'U' 'M' 'M' 'M' 'M' 'M' 'M'
 'M' 'M' 'M' 'M' 'M' 'M' 'M' 'M' 'M' 'M' 'M' 'M' 'M' 'M' 'M' 'U' 'M' 'M'
 'M' 'M' 'M' 'M' 'M' 'M' 'M' 'M' 'M' 'M' 'M' 'M' 'M' 'M' 'M' 'M' 'M' 'M'
 'M' 'M' 'M' 'M' 'M' 'M' 'M' 'M' 'M' 'M' 'M' 'M' 'M' 'M' 'U' 'M' 'M' 'M'
 'M' 'M' 'M' 'M' 'M' 'M' 'M' 'M' 'M' 'M' 'M' 'M' 'M' 'U' 'M' 'M' 'M' 'M'
 'M' 'M' 'M' 'M' 'M' 'U' 'A' 'U' 'A' 'A' 'A' 'A' 'A' 'M' 'M' 'M' 'M' 'M'
 'M' 'U' 'M' 'M' 'M' 'M' 'M' 'M' 'M' 'M' 'M' 'M' 'M' 'M' 'M' 'M' 'M' 'M'
 'M' 'M' 'M' 'M' 'M' 'M' 'M' 'M' 'M' 'M' 'M' 'M' 'M' 'M' 'M' 'M' 'M' 'M'
 'M' 'M' 'M' 'M' 'M' 'M' 'M' 'M' 'M' 'M' 'M' 'M' 'M' 'M' 'M' 'M' 'M' 'M']"
44901,0,190,7,183,8,0,0,"['A' 'M' 'M' 'M' 'M' 'M' 'M' 'M' 'M' 'M' 'M' 'M' 'M' 'M' 'M' 'M' 'M' 'M'
 'M' 'M' 'M' 'M' 'M' 'M' 'M' 'M' 'M' 'M' 'M' 'M' 'M' 'M' 'M' 'M' 'M' 'M'
 'M' 'M' 'M' 'M' 'M' 'M' 'M' 'M' 'M' 'U' 'M' 'U' 'M' 'M' 'M' 'M' 'M' 'M'
 'M' 'M' 'M' 'M' 'M' 'M' 'M' 'M' 'M' 'M' 'M' 'M' 'M' 'M' 'M' 'M' 'M' 'M'
 'M' 'M' 'M' 'M' 'M' 'M' 'M' 'M' 'M' 'M' 'M' 'M' 'U' 'M' 'M' 'M' 'M' 'M'
 'M' 'M' 'M' 'M' 'M' 'M' 'M' 'M' 'M' 'M' 'M' 'M' 'M' 'M' 'U' 'M' 'M' 'M'
 'M' 'M' 'M' 'M' 'M' 'M' 'M' 'M' 'M' 'M' 'M' 'M' 'M' 'M' 'M' 'M' 'M' 'M'
 'M' 'M' 'M' 'M' 'M' 'U' 'A' 'A' 'A' 'A' 'A' 'A' 'U' 'M' 'M' 'M' 'M' 'M'
 'M' 'M' 'M' 'M' 'M' 'M' 'M' 'M' 'M' 'M' 'M' 'M' 'M' 'M' 'M' 'M' 'M' 'M'
 'M' 'M' 'M' 'M' 'M' 'U' 'M' 'M' 'M' 'M' 'M' 'M' 'M' 'M' 'M' 'M' 'U' 'M'
 'M' 'M' 'M' 'M' 'M' 'M' 'M' 'M' 'M' 'M' 'M' 'M' 'M' 'M' 'M' 'M' 'M' 'M']"
45001,0,191,6,185,7,0,0,"['A' 'M' 'M' 'M' 'M' 'M' 'M' 'M' 'M' 'M' 'M' 'M' 'M' 'M' 'M' 'M' 'M' 'M'
 'M' 'M' 'M' 'M' 'M' 'M' 'M' 'M' 'M' 'M' 'M' 'M' 'M' 'M' 'M' 'M' 'M' 'M'
 'M' 'M' 'U' 'M' 'M' 'M' 'M' 'M' 'M' 'U' 'M' 'M' 'M' 'M' 'M' 'M' 'M' 'M'
 'M' 'M' 'M' 'M' 'M' 'M' 'M' 'M' 'M' 'M' 'M' 'M' 'M' 'M' 'M' 'M' 'M' 'M'
 'M' 'M' 'M' 'M' 'M' 'M' 'M' 'M' 'M' 'M' 'U' 'M' 'M' 'M' 'M' 'M' 'M' 'M'
 'M' 'M' 'M' 'M' 'M' 'M' 'M' 'M' 'M' 'M' 'M' 'M' 'M' 'M' 'U' 'M' 'M' 'M'
 'M' 'M' 'M' 'M' 'M' 'M' 'M' 'M' 'M' 'M' 'M' 'M' 'M' 'M' 'M' 'M' 'M' 'M'
 'M' 'M' 'M' 'M' 'M' 'U' 'A' 'A' 'A' 'M' 'A' 'A' 'U' 'M' 'M' 'M' 'M' 'M'
 'M' 'M' 'M' 'M' 'M' 'M' 'M' 'M' 'M' 'M' 'M' 'M' 'M' 'M' 'M' 'M' 'M' 'M'
 'M' 'M' 'M' 'M' 'M' 'M' 'M' 'M' 'M' 'M' 'M' 'M' 'M' 'M' 'M' 'M' 'U' 'M'
 'M' 'M' 'M' 'M' 'M' 'M' 'M' 'M' 'M' 'M' 'M' 'M' 'M' 'M' 'M' 'M' 'M' 'M']"
45101,1,191,6,185,7,0,0,"['A' 'M' 'M' 'M' 'U' 'M' 'M' 'M' 'M' 'M' 'M' 'M' 'M' 'M' 'M' 'M' 'M' 'M'
 'M' 'M' 'M' 'M' 'M' 'M' 'M' 'M' 'M' 'M' 'M' 'M' 'M' 'M' 'M' 'M' 'M' 'M'
 'M' 'M' 'M' 'M' 'M' 'M' 'M' 'M' 'M' 'M' 'M' 'M' 'M' 'M' 'M' 'M' 'M' 'M'
 'M' 'M' 'M' 'M' 'M' 'M' 'M' 'M' 'M' 'M' 'M' 'M' 'M' 'M' 'M' 'M' 'M' 'M'
 'M' 'M' 'M' 'M' 'U' 'M' 'M' 'M' 'M' 'M' 'M' 'M' 'M' 'M' 'M' 'M' 'M' 'M'
 'M' 'M' 'M' 'M' 'M' 'M' 'M' 'M' 'M' 'M' 'M' 'M' 'M' 'M' 'U' 'M' 'M' 'M'
 'M' 'M' 'M' 'M' 'M' 'M' 'M' 'M' 'M' 'M' 'M' 'M' 'M' 'M' 'M' 'M' 'M' 'M'
 'M' 'M' 'M' 'M' 'M' 'U' 'A' 'A' 'A' 'U' 'U' 'A' 'A' 'M' 'M' 'M' 'M' 'M'
 'M' 'M' 'M' 'M' 'M' 'M' 'M' 'M' 'M' 'M' 'M' 'M' 'M' 'M' 'M' 'M' 'M' 'M'
 'M' 'M' 'M' 'M' 'M' 'M' 'M' 'M' 'M' 'M' 'M' 'M' 'M' 'M' 'M' 'M' 'U' 'M'
 'M' 'M' 'M' 'M' 'M' 'M' 'M' 'M' 'M' 'M' 'M' 'M' 'M' 'M' 'M' 'M' 'M' 'M']"
45201,0,192,7,185,6,0,0,"['A' 'M' 'M' 'M' 'U' 'M' 'M' 'M' 'M' 'M' 'M' 'M' 'M' 'M' 'M' 'M' 'M' 'M'
 'M' 'M' 'M' 'M' 'M' 'M' 'M' 'M' 'M' 'M' 'M' 'M' 'M' 'M' 'M' 'M' 'M' 'M'
 'M' 'M' 'M' 'M' 'M' 'M' 'M' 'M' 'M' 'M' 'M' 'M' 'M' 'M' 'M' 'M' 'M' 'M'
 'M' 'M' 'M' 'M' 'M' 'M' 'M' 'M' 'M' 'M' 'M' 'M' 'M' 'M' 'M' 'M' 'M' 'M'
 'M' 'U' 'M' 'M' 'M' 'M' 'M' 'M' 'M' 'M' 'M' 'M' 'M' 'M' 'M' 'M' 'M' 'M'
 'M' 'M' 'M' 'M' 'M' 'M' 'M' 'M' 'M' 'M' 'M' 'M' 'M' 'M' 'U' 'M' 'M' 'M'
 'M' 'M' 'U' 'M' 'M' 'M' 'M' 'M' 'M' 'M' 'M' 'M' 'M' 'M' 'M' 'M' 'M' 'M'
 'M' 'M' 'M' 'M' 'M' 'M' 'A' 'A' 'U' 'A' 'A' 'A' 'A' 'M' 'M' 'M' 'M' 'M'
 'M' 'M' 'M' 'M' 'M' 'M' 'M' 'M' 'M' 'M' 'M' 'M' 'M' 'M' 'M' 'M' 'M' 'M'
 'M' 'M' 'M' 'M' 'U' 'M' 'M' 'M' 'M' 'M' 'M' 'M' 'M' 'M' 'M' 'M' 'M' 'M'
 'M' 'M' 'M' 'M' 'M' 'M' 'M' 'M' 'M' 'M' 'M' 'M' 'M' 'M' 'M' 'M' 'M' 'M']"
45301,1,189,9,180,9,0,0,"['A' 'M' 'M' 'M' 'M' 'M' 'M' 'M' 'M' 'M' 'M' 'M' 'M' 'M' 'M' 'M' 'M' 'M'
 'M' 'M' 'M' 'M' 'U' 'M' 'M' 'M' 'M' 'M' 'M' 'M' 'M' 'U' 'M' 'M' 'M' 'M'
 'M' 'M' 'M' 'M' 'M' 'M' 'M' 'M' 'M' 'M' 'M' 'M' 'M' 'M' 'M' 'M' 'M' 'M'
 'M' 'M' 'M' 'M' 'M' 'M' 'M' 'M' 'M' 'M' 'M' 'M' 'M' 'M' 'M' 'M' 'M' 'M'
 'M' 'U' 'M' 'M' 'M' 'M' 'M' 'M' 'M' 'M' 'M' 'M' 'M' 'M' 'M' 'M' 'M' 'M'
 'M' 'M' 'M' 'M' 'M' 'M' 'M' 'M' 'M' 'M' 'M' 'M' 'M' 'M' 'U' 'M' 'M' 'M'
 'M' 'M' 'U' 'M' 'M' 'M' 'M' 'M' 'M' 'M' 'M' 'U' 'M' 'M' 'M' 'M' 'M' 'M'
 'M' 'M' 'M' 'M' 'M' 'A' 'A' 'A' 'A' 'A' 'A' 'A' 'A' 'M' 'M' 'M' 'M' 'M'
 'M' 'M' 'M' 'M' 'M' 'M' 'M' 'M' 'M' 'M' 'M' 'M' 'M' 'M' 'M' 'M' 'M' 'M'
 'M' 'M' 'M' 'M' 'U' 'M' 'U' 'M' 'M' 'M' 'M' 'M' 'M' 'M' 'M' 'M' 'M' 'M'
 'M' 'M' 'M' 'M' 'M' 'M' 'U' 'M' 'M' 'M' 'M' 'M' 'M' 'M' 'M' 'M' 'M' 'M']"
45401,0,189,7,182,9,0,0,"['A' 'M' 'M' 'M' 'M' 'M' 'M' 'M' 'M' 'M' 'M' 'M' 'M' 'M' 'M' 'M' 'M' 'M'
 'M' 'M' 'M' 'M' 'U' 'M' 'M' 'M' 'M' 'M' 'M' 'M' 'M' 'U' 'M' 'M' 'M' 'M'
 'M' 'M' 'M' 'M' 'M' 'M' 'M' 'M' 'M' 'M' 'M' 'M' 'M' 'M' 'M' 'M' 'M' 'M'
 'M' 'M' 'M' 'M' 'M' 'M' 'M' 'M' 'M' 'M' 'M' 'M' 'U' 'M' 'M' 'M' 'M' 'M'
 'M' 'M' 'M' 'M' 'M' 'M' 'M' 'M' 'M' 'M' 'M' 'M' 'M' 'M' 'M' 'M' 'M' 'M'
 'M' 'M' 'M' 'M' 'M' 'M' 'M' 'M' 'M' 'M' 'M' 'M' 'M' 'M' 'M' 'M' 'M' 'M'
 'M' 'M' 'U' 'M' 'M' 'M' 'M' 'M' 'M' 'M' 'M' 'M' 'M' 'M' 'M' 'M' 'M' 'M'
 'M' 'M' 'M' 'M' 'M' 'A' 'A' 'U' 'A' 'A' 'A' 'U' 'A' 'M' 'M' 'M' 'M' 'M'
 'M' 'M' 'M' 'M' 'M' 'M' 'M' 'M' 'M' 'M' 'M' 'M' 'M' 'M' 'M' 'M' 'M' 'M'
 'M' 'M' 'M' 'M' 'U' 'M' 'U' 'M' 'M' 'M' 'M' 'M' 'M' 'M' 'M' 'M' 'M' 'M'
 'M' 'M' 'M' 'M' 'M' 'M' 'U' 'M' 'M' 'M' 'M' 'M' 'M' 'M' 'M' 'M' 'M' 'M']"
45501,0,189,8,181,9,0,0,"['A' 'M' 'M' 'M' 'M' 'M' 'M' 'M' 'M' 'M' 'M' 'M' 'M' 'U' 'M' 'M' 'M' 'U'
 'M' 'M' 'M' 'M' 'U' 'M' 'M' 'M' 'M' 'M' 'M' 'M' 'M' 'U' 'M' 'M' 'M' 'M'
 'M' 'M' 'M' 'M' 'M' 'M' 'M' 'M' 'M' 'M' 'M' 'M' 'M' 'M' 'M' 'M' 'M' 'M'
 'M' 'M' 'M' 'M' 'M' 'M' 'M' 'M' 'M' 'M' 'M' 'M' 'M' 'M' 'M' 'M' 'M' 'M'
 'M' 'M' 'M' 'M' 'M' 'M' 'M' 'M' 'M' 'M' 'M' 'M' 'M' 'M' 'M' 'M' 'M' 'M'
 'M' 'M' 'M' 'U' 'M' 'M' 'M' 'M' 'M' 'M' 'M' 'M' 'M' 'M' 'M' 'M' 'M' 'M'
 'M' 'M' 'U' 'M' 'M' 'M' 'M' 'M' 'M' 'M' 'M' 'M' 'M' 'M' 'M' 'M' 'M' 'M'
 'M' 'M' 'M' 'M' 'M' 'A' 'A' 'A' 'A' 'A' 'A' 'A' 'U' 'M' 'M' 'M' 'M' 'M'
 'M' 'M' 'M' 'M' 'M' 'M' 'M' 'M' 'M' 'M' 'M' 'M' 'M' 'M' 'M' 'M' 'M' 'M'
 'M' 'M' 'M' 'M' 'M' 'M' 'U' 'M' 'M' 'M' 'M' 'M' 'M' 'M' 'M' 'M' 'M' 'M'
 'M' 'M' 'M' 'M' 'M' 'M' 'U' 'M' 'M' 'M' 'M' 'M' 'M' 'M' 'M' 'M' 'M' 'M']"
45601,0,192,8,184,6,0,0,"['A' 'M' 'M' 'M' 'M' 'M' 'M' 'M' 'M' 'M' 'M' 'M' 'M' 'M' 'M' 'M' 'M' 'A'
 'M' 'M' 'M' 'M' 'U' 'M' 'M' 'M' 'M' 'M' 'M' 'M' 'M' 'U' 'M' 'M' 'M' 'M'
 'M' 'M' 'M' 'M' 'M' 'M' 'M' 'M' 'M' 'M' 'M' 'M' 'M' 'M' 'M' 'M' 'M' 'M'
 'M' 'U' 'M' 'M' 'M' 'M' 'M' 'M' 'M' 'M' 'M' 'M' 'M' 'M' 'M' 'M' 'M' 'M'
 'M' 'M' 'M' 'M' 'M' 'M' 'M' 'M' 'M' 'M' 'U' 'M' 'M' 'M' 'M' 'M' 'M' 'M'
 'M' 'M' 'M' 'M' 'M' 'M' 'M' 'M' 'M' 'M' 'M' 'M' 'M' 'M' 'M' 'M' 'M' 'M'
 'M' 'M' 'U' 'M' 'M' 'M' 'M' 'M' 'M' 'M' 'M' 'M' 'M' 'M' 'M' 'M' 'M' 'M'
 'M' 'M' 'M' 'M' 'M' 'A' 'A' 'M' 'U' 'A' 'A' 'A' 'A' 'M' 'M' 'M' 'M' 'M'
 'M' 'M' 'M' 'M' 'M' 'M' 'M' 'M' 'M' 'M' 'M' 'M' 'M' 'M' 'M' 'M' 'M' 'M'
 'M' 'M' 'M' 'M' 'M' 'M' 'M' 'M' 'M' 'M' 'M' 'M' 'M' 'M' 'M' 'M' 'M' 'M'
 'M' 'M' 'M' 'M' 'M' 'M' 'M' 'M' 'M' 'M' 'M' 'M' 'M' 'M' 'M' 'M' 'M' 'M']"
45701,0,193,7,186,5,0,1,"['A' 'M' 'M' 'M' 'M' 'M' 'M' 'M' 'M' 'M' 'M' 'M' 'M' 'M' 'M' 'M' 'M' 'U'
 'M' 'M' 'M' 'M' 'U' 'M' 'M' 'M' 'M' 'M' 'M' 'M' 'M' 'M' 'M' 'M' 'M' 'M'
 'M' 'M' 'M' 'M' 'M' 'M' 'M' 'M' 'M' 'M' 'M' 'M' 'M' 'M' 'M' 'M' 'M' 'M'
 'M' 'M' 'M' 'M' 'M' 'M' 'M' 'M' 'M' 'M' 'M' 'M' 'M' 'M' 'M' 'M' 'M' 'M'
 'M' 'M' 'M' 'M' 'M' 'M' 'M' 'M' 'M' 'M' 'M' 'M' 'U' 'M' 'M' 'M' 'M' 'M'
 'M' 'M' 'M' 'M' 'M' 'M' 'M' 'M' 'M' 'M' 'M' 'M' 'M' 'M' 'M' 'M' 'M' 'U'
 'M' 'M' 'M' 'M' 'M' 'M' 'M' 'M' 'M' 'M' 'M' 'M' 'M' 'M' 'M' 'M' 'M' 'M'
 'M' 'M' 'M' 'M' 'M' 'A' 'A' 'U' 'A' 'A' 'M' 'A' 'A' 'M' 'M' 'M' 'M' 'M'
 'M' 'M' 'M' 'M' 'M' 'M' 'M' 'M' 'M' 'M' 'M' 'M' 'M' 'M' 'M' 'M' 'M' 'M'
 'M' 'M' 'M' 'M' 'M' 'M' 'M' 'M' 'M' 'M' 'M' 'M' 'M' 'M' 'M' 'M' 'M' 'M'
 'M' 'M' 'M' 'M' 'M' 'M' 'M' 'M' 'M' 'M' 'M' 'M' 'M' 'M' 'M' 'M' 'M' 'M']"
45801,1,188,4,184,10,0,0,"['A' 'M' 'M' 'M' 'M' 'M' 'M' 'M' 'M' 'M' 'M' 'M' 'M' 'M' 'M' 'M' 'M' 'U'
 'M' 'M' 'M' 'M' 'U' 'M' 'M' 'M' 'M' 'M' 'M' 'M' 'M' 'M' 'M' 'M' 'M' 'M'
 'M' 'M' 'M' 'M' 'M' 'M' 'M' 'M' 'M' 'M' 'U' 'M' 'M' 'M' 'M' 'M' 'M' 'M'
 'M' 'M' 'M' 'M' 'M' 'M' 'M' 'M' 'M' 'M' 'M' 'M' 'M' 'M' 'M' 'M' 'M' 'M'
 'M' 'M' 'M' 'M' 'M' 'M' 'M' 'M' 'M' 'M' 'M' 'M' 'M' 'M' 'M' 'M' 'M' 'M'
 'M' 'M' 'M' 'U' 'M' 'M' 'M' 'M' 'M' 'U' 'M' 'M' 'M' 'M' 'M' 'M' 'M' 'U'
 'M' 'M' 'M' 'M' 'M' 'M' 'M' 'M' 'M' 'M' 'M' 'M' 'M' 'M' 'M' 'M' 'M' 'M'
 'M' 'M' 'M' 'M' 'M' 'U' 'A' 'U' 'U' 'M' 'M' 'A' 'A' 'U' 'M' 'M' 'M' 'M'
 'M' 'M' 'M' 'M' 'M' 'M' 'M' 'M' 'M' 'M' 'M' 'M' 'M' 'M' 'M' 'M' 'M' 'M'
 'M' 'M' 'M' 'M' 'M' 'M' 'M' 'M' 'M' 'M' 'M' 'M' 'M' 'M' 'M' 'M' 'M' 'M'
 'M' 'M' 'M' 'M' 'M' 'M' 'M' 'M' 'M' 'M' 'M' 'M' 'M' 'M' 'M' 'M' 'M' 'M']"
45901,1,191,7,184,7,0,0,"['A' 'M' 'M' 'M' 'M' 'M' 'M' 'M' 'M' 'M' 'M' 'M' 'M' 'M' 'M' 'M' 'M' 'M'
 'M' 'M' 'M' 'M' 'M' 'M' 'M' 'M' 'M' 'M' 'M' 'M' 'M' 'M' 'M' 'M' 'M' 'M'
 'M' 'M' 'M' 'M' 'M' 'M' 'M' 'M' 'M' 'M' 'U' 'M' 'M' 'M' 'M' 'M' 'M' 'M'
 'M' 'M' 'M' 'M' 'M' 'M' 'M' 'M' 'M' 'M' 'M' 'M' 'M' 'M' 'M' 'M' 'M' 'M'
 'M' 'M' 'M' 'M' 'M' 'M' 'M' 'M' 'M' 'M' 'M' 'M' 'M' 'M' 'M' 'M' 'M' 'M'
 'U' 'M' 'M' 'M' 'M' 'M' 'M' 'M' 'M' 'U' 'M' 'M' 'M' 'M' 'M' 'M' 'M' 'U'
 'M' 'M' 'M' 'M' 'M' 'M' 'M' 'M' 'M' 'M' 'M' 'M' 'M' 'M' 'M' 'M' 'M' 'M'
 'M' 'M' 'M' 'M' 'M' 'U' 'A' 'A' 'A' 'A' 'A' 'A' 'U' 'M' 'M' 'M' 'M' 'M'
 'M' 'M' 'M' 'M' 'M' 'M' 'M' 'M' 'M' 'M' 'M' 'M' 'M' 'M' 'M' 'M' 'U' 'M'
 'M' 'M' 'M' 'M' 'M' 'M' 'M' 'M' 'M' 'M' 'M' 'M' 'M' 'M' 'M' 'M' 'M' 'M'
 'M' 'M' 'M' 'M' 'M' 'M' 'M' 'M' 'M' 'M' 'M' 'M' 'M' 'M' 'M' 'M' 'M' 'M']"
46001,1,190,7,183,8,0,0,"['A' 'M' 'M' 'M' 'M' 'U' 'M' 'M' 'M' 'M' 'M' 'M' 'M' 'M' 'M' 'M' 'M' 'M'
 'U' 'M' 'M' 'M' 'M' 'M' 'M' 'M' 'M' 'M' 'M' 'M' 'M' 'M' 'M' 'M' 'M' 'M'
 'M' 'M' 'M' 'M' 'M' 'M' 'M' 'M' 'M' 'M' 'U' 'M' 'M' 'M' 'M' 'M' 'M' 'M'
 'M' 'M' 'M' 'M' 'M' 'M' 'M' 'M' 'M' 'M' 'M' 'M' 'M' 'M' 'M' 'M' 'M' 'M'
 'M' 'M' 'M' 'M' 'M' 'M' 'M' 'M' 'M' 'M' 'M' 'M' 'M' 'M' 'M' 'M' 'M' 'M'
 'M' 'M' 'U' 'M' 'M' 'M' 'M' 'M' 'M' 'U' 'M' 'M' 'M' 'M' 'M' 'M' 'M' 'U'
 'M' 'M' 'M' 'M' 'M' 'M' 'M' 'M' 'M' 'M' 'M' 'M' 'M' 'M' 'M' 'M' 'M' 'M'
 'M' 'M' 'M' 'M' 'M' 'A' 'U' 'A' 'A' 'A' 'U' 'A' 'A' 'M' 'M' 'M' 'M' 'M'
 'M' 'M' 'M' 'M' 'M' 'M' 'M' 'M' 'M' 'M' 'M' 'M' 'M' 'M' 'M' 'M' 'M' 'M'
 'M' 'M' 'M' 'M' 'M' 'M' 'M' 'M' 'M' 'M' 'M' 'M' 'M' 'M' 'M' 'M' 'M' 'M'
 'M' 'M' 'M' 'M' 'M' 'M' 'M' 'M' 'M' 'M' 'M' 'M' 'M' 'M' 'M' 'M' 'M' 'M']"
46101,0,189,5,184,9,0,1,"['A' 'M' 'M' 'M' 'M' 'M' 'M' 'M' 'M' 'M' 'M' 'M' 'M' 'M' 'M' 'U' 'M' 'M'
 'U' 'M' 'M' 'M' 'M' 'M' 'M' 'M' 'M' 'M' 'M' 'M' 'M' 'M' 'M' 'U' 'M' 'M'
 'M' 'M' 'M' 'M' 'M' 'M' 'M' 'M' 'M' 'M' 'U' 'M' 'M' 'M' 'M' 'M' 'M' 'M'
 'M' 'M' 'M' 'M' 'M' 'M' 'M' 'M' 'M' 'M' 'M' 'U' 'M' 'M' 'M' 'M' 'M' 'M'
 'M' 'M' 'M' 'M' 'M' 'M' 'M' 'M' 'M' 'M' 'M' 'M' 'M' 'M' 'M' 'M' 'M' 'M'
 'M' 'M' 'M' 'M' 'M' 'M' 'M' 'M' 'M' 'U' 'M' 'M' 'M' 'M' 'M' 'M' 'M' 'M'
 'M' 'M' 'M' 'M' 'M' 'M' 'M' 'M' 'M' 'M' 'M' 'M' 'U' 'M' 'M' 'M' 'M' 'M'
 'M' 'M' 'M' 'M' 'M' 'A' 'U' 'A' 'A' 'M' 'M' 'U' 'A' 'M' 'M' 'M' 'M' 'M'
 'M' 'M' 'M' 'M' 'M' 'M' 'M' 'M' 'M' 'M' 'M' 'M' 'M' 'M' 'M' 'M' 'M' 'M'
 'M' 'M' 'M' 'M' 'M' 'M' 'M' 'M' 'M' 'M' 'M' 'M' 'M' 'M' 'M' 'M' 'M' 'M'
 'M' 'M' 'M' 'M' 'M' 'M' 'M' 'M' 'M' 'M' 'M' 'M' 'M' 'M' 'M' 'M' 'M' 'M']"
46201,0,187,5,182,11,0,0,"['A' 'M' 'M' 'M' 'M' 'M' 'M' 'M' 'M' 'M' 'M' 'M' 'M' 'M' 'M' 'M' 'M' 'M'
 'U' 'M' 'M' 'M' 'M' 'M' 'M' 'M' 'M' 'M' 'M' 'M' 'M' 'M' 'M' 'U' 'M' 'M'
 'M' 'M' 'M' 'M' 'M' 'M' 'M' 'M' 'M' 'M' 'U' 'M' 'M' 'M' 'M' 'M' 'M' 'M'
 'M' 'M' 'M' 'M' 'M' 'M' 'M' 'M' 'M' 'M' 'M' 'M' 'M' 'M' 'M' 'M' 'M' 'M'
 'M' 'M' 'M' 'M' 'U' 'M' 'M' 'M' 'M' 'M' 'M' 'M' 'M' 'M' 'M' 'M' 'M' 'M'
 'M' 'M' 'M' 'M' 'M' 'M' 'M' 'M' 'M' 'U' 'M' 'M' 'M' 'M' 'M' 'M' 'M' 'M'
 'M' 'M' 'M' 'M' 'M' 'M' 'M' 'M' 'M' 'M' 'M' 'M' 'U' 'M' 'M' 'M' 'M' 'M'
 'M' 'M' 'M' 'M' 'M' 'A' 'A' 'U' 'A' 'U' 'U' 'U' 'A' 'M' 'M' 'M' 'M' 'M'
 'M' 'M' 'M' 'M' 'M' 'M' 'M' 'M' 'M' 'M' 'U' 'M' 'M' 'M' 'M' 'M' 'M' 'M'
 'M' 'M' 'M' 'M' 'M' 'M' 'M' 'M' 'M' 'M' 'M' 'M' 'M' 'M' 'M' 'M' 'M' 'M'
 'M' 'M' 'M' 'M' 'M' 'M' 'M' 'M' 'M' 'M' 'M' 'M' 'M' 'M' 'M' 'M' 'M' 'M']"
46301,0,190,5,185,8,0,0,"['A' 'M' 'M' 'M' 'M' 'M' 'M' 'M' 'M' 'M' 'M' 'M' 'M' 'M' 'M' 'M' 'M' 'M'
 'U' 'M' 'M' 'M' 'M' 'M' 'M' 'M' 'M' 'M' 'M' 'M' 'M' 'M' 'M' 'U' 'M' 'M'
 'M' 'M' 'M' 'M' 'M' 'M' 'M' 'M' 'M' 'M' 'M' 'M' 'M' 'M' 'M' 'M' 'M' 'M'
 'M' 'M' 'M' 'M' 'M' 'M' 'M' 'M' 'M' 'M' 'M' 'M' 'M' 'M' 'M' 'M' 'M' 'M'
 'M' 'M' 'M' 'M' 'M' 'M' 'M' 'M' 'M' 'M' 'M' 'M' 'M' 'M' 'M' 'M' 'M' 'M'
 'M' 'U' 'M' 'M' 'M' 'M' 'M' 'M' 'M' 'M' 'M' 'M' 'M' 'M' 'M' 'M' 'M' 'M'
 'M' 'M' 'M' 'M' 'M' 'M' 'M' 'M' 'M' 'M' 'M' 'M' 'M' 'M' 'M' 'M' 'M' 'M'
 'M' 'M' 'M' 'M' 'M' 'U' 'A' 'A' 'A' 'A' 'U' 'U' 'U' 'M' 'M' 'M' 'M' 'M'
 'M' 'M' 'M' 'M' 'M' 'M' 'M' 'M' 'M' 'M' 'U' 'M' 'M' 'M' 'M' 'M' 'M' 'M'
 'M' 'M' 'M' 'M' 'M' 'M' 'M' 'M' 'M' 'M' 'M' 'M' 'M' 'M' 'M' 'M' 'M' 'M'
 'M' 'M' 'M' 'M' 'M' 'M' 'M' 'M' 'M' 'M' 'M' 'M' 'M' 'M' 'M' 'M' 'M' 'M']"
46401,0,191,8,183,7,0,0,"['A' 'M' 'M' 'M' 'M' 'M' 'M' 'M' 'M' 'M' 'M' 'M' 'M' 'M' 'M' 'M' 'M' 'M'
 'U' 'M' 'M' 'M' 'M' 'M' 'M' 'M' 'M' 'M' 'M' 'M' 'M' 'M' 'M' 'U' 'M' 'M'
 'M' 'U' 'M' 'M' 'M' 'M' 'M' 'M' 'M' 'M' 'M' 'M' 'M' 'U' 'M' 'M' 'M' 'M'
 'M' 'M' 'M' 'M' 'M' 'M' 'M' 'M' 'M' 'M' 'M' 'M' 'M' 'M' 'M' 'M' 'M' 'M'
 'M' 'M' 'M' 'M' 'M' 'M' 'M' 'M' 'M' 'M' 'M' 'M' 'M' 'M' 'M' 'M' 'M' 'M'
 'M' 'M' 'M' 'M' 'U' 'M' 'M' 'M' 'M' 'M' 'M' 'M' 'M' 'M' 'M' 'M' 'M' 'U'
 'M' 'M' 'M' 'M' 'M' 'M' 'M' 'M' 'M' 'M' 'M' 'M' 'M' 'M' 'M' 'M' 'M' 'M'
 'M' 'M' 'M' 'M' 'M' 'A' 'A' 'A' 'A' 'A' 'A' 'U' 'A' 'M' 'M' 'M' 'M' 'M'
 'M' 'M' 'M' 'M' 'M' 'M' 'M' 'M' 'M' 'M' 'M' 'M' 'M' 'M' 'M' 'M' 'M' 'M'
 'M' 'M' 'M' 'M' 'M' 'M' 'M' 'M' 'M' 'M' 'M' 'M' 'M' 'M' 'M' 'M' 'M' 'M'
 'M' 'M' 'M' 'M' 'M' 'M' 'M' 'M' 'M' 'M' 'M' 'M' 'M' 'M' 'M' 'M' 'M' 'M']"
46501,1,190,7,183,8,0,0,"['A' 'M' 'M' 'M' 'M' 'M' 'M' 'M' 'M' 'M' 'M' 'M' 'M' 'M' 'M' 'M' 'M' 'M'
 'U' 'M' 'M' 'M' 'M' 'M' 'M' 'M' 'M' 'M' 'M' 'M' 'M' 'M' 'M' 'U' 'M' 'M'
 'M' 'M' 'M' 'M' 'M' 'M' 'M' 'M' 'M' 'M' 'M' 'M' 'M' 'U' 'M' 'M' 'M' 'M'
 'M' 'M' 'M' 'M' 'M' 'M' 'M' 'M' 'M' 'M' 'M' 'M' 'M' 'M' 'U' 'M' 'M' 'M'
 'M' 'M' 'M' 'M' 'M' 'M' 'M' 'M' 'M' 'M' 'M' 'M' 'M' 'M' 'M' 'M' 'M' 'M'
 'M' 'M' 'M' 'M' 'M' 'M' 'M' 'M' 'M' 'M' 'M' 'M' 'M' 'M' 'M' 'M' 'M' 'M'
 'M' 'U' 'M' 'M' 'M' 'M' 'M' 'M' 'M' 'M' 'M' 'M' 'M' 'M' 'M' 'M' 'M' 'M'
 'U' 'M' 'M' 'M' 'M' 'A' 'A' 'A' 'A' 'A' 'A' 'U' 'U' 'M' 'M' 'M' 'M' 'M'
 'M' 'M' 'M' 'M' 'M' 'M' 'M' 'M' 'M' 'M' 'M' 'M' 'M' 'M' 'M' 'M' 'M' 'M'
 'M' 'M' 'M' 'M' 'M' 'M' 'M' 'M' 'M' 'M' 'M' 'M' 'M' 'M' 'M' 'M' 'M' 'M'
 'M' 'M' 'M' 'M' 'M' 'M' 'M' 'M' 'M' 'M' 'M' 'M' 'M' 'M' 'M' 'M' 'M' 'M']"
46601,0,186,8,178,12,0,0,"['A' 'M' 'M' 'M' 'M' 'M' 'M' 'M' 'M' 'M' 'M' 'M' 'M' 'M' 'M' 'M' 'M' 'M'
 'U' 'M' 'M' 'M' 'M' 'M' 'M' 'M' 'M' 'M' 'M' 'M' 'M' 'M' 'M' 'M' 'M' 'M'
 'M' 'M' 'M' 'M' 'M' 'M' 'M' 'M' 'M' 'M' 'M' 'M' 'M' 'U' 'M' 'M' 'M' 'M'
 'M' 'M' 'M' 'M' 'M' 'M' 'M' 'M' 'M' 'M' 'M' 'M' 'M' 'U' 'M' 'M' 'M' 'M'
 'M' 'M' 'M' 'M' 'M' 'M' 'M' 'M' 'M' 'M' 'M' 'M' 'M' 'M' 'M' 'M' 'M' 'M'
 'M' 'M' 'M' 'M' 'M' 'M' 'U' 'M' 'M' 'M' 'M' 'M' 'M' 'M' 'M' 'M' 'M' 'M'
 'M' 'U' 'M' 'M' 'M' 'M' 'M' 'M' 'M' 'M' 'M' 'M' 'U' 'M' 'M' 'U' 'M' 'U'
 'M' 'M' 'U' 'M' 'M' 'U' 'A' 'A' 'A' 'A' 'A' 'A' 'A' 'M' 'M' 'M' 'M' 'M'
 'M' 'M' 'M' 'M' 'M' 'M' 'M' 'M' 'M' 'M' 'M' 'M' 'M' 'M' 'M' 'M' 'M' 'M'
 'M' 'M' 'M' 'M' 'M' 'M' 'M' 'M' 'U' 'M' 'M' 'M' 'M' 'M' 'M' 'M' 'M' 'M'
 'M' 'U' 'M' 'M' 'M' 'M' 'M' 'M' 'M' 'M' 'M' 'M' 'M' 'M' 'M' 'M' 'M' 'M']"
46701,0,189,4,185,9,0,0,"['A' 'M' 'M' 'M' 'M' 'M' 'M' 'M' 'M' 'M' 'M' 'M' 'M' 'M' 'M' 'M' 'M' 'M'
 'U' 'M' 'M' 'M' 'M' 'M' 'M' 'M' 'M' 'M' 'M' 'M' 'M' 'M' 'M' 'M' 'M' 'M'
 'M' 'M' 'M' 'M' 'M' 'M' 'M' 'M' 'M' 'M' 'M' 'M' 'M' 'M' 'M' 'M' 'M' 'M'
 'M' 'M' 'M' 'M' 'M' 'M' 'M' 'M' 'M' 'M' 'M' 'M' 'M' 'M' 'M' 'M' 'M' 'U'
 'M' 'M' 'M' 'M' 'M' 'M' 'M' 'M' 'M' 'M' 'M' 'M' 'M' 'M' 'M' 'M' 'M' 'M'
 'M' 'M' 'M' 'M' 'M' 'M' 'M' 'M' 'M' 'M' 'M' 'M' 'M' 'M' 'M' 'M' 'M' 'M'
 'M' 'U' 'M' 'M' 'M' 'M' 'M' 'M' 'M' 'M' 'M' 'M' 'M' 'M' 'M' 'M' 'M' 'U'
 'M' 'M' 'M' 'M' 'M' 'M' 'M' 'M' 'U' 'U' 'A' 'A' 'A' 'M' 'M' 'M' 'M' 'M'
 'M' 'M' 'M' 'M' 'M' 'M' 'M' 'M' 'M' 'M' 'M' 'M' 'M' 'M' 'M' 'U' 'M' 'M'
 'M' 'M' 'M' 'M' 'M' 'M' 'M' 'M' 'U' 'M' 'M' 'M' 'M' 'M' 'M' 'M' 'M' 'M'
 'M' 'U' 'M' 'M' 'M' 'M' 'M' 'M' 'M' 'M' 'M' 'M' 'M' 'M' 'M' 'M' 'M' 'M']"
46801,0,187,4,183,11,0,0,"['A' 'M' 'M' 'M' 'M' 'M' 'M' 'M' 'M' 'M' 'M' 'M' 'M' 'M' 'M' 'M' 'M' 'M'
 'M' 'M' 'M' 'M' 'M' 'M' 'M' 'M' 'M' 'M' 'M' 'M' 'M' 'M' 'M' 'M' 'M' 'M'
 'M' 'M' 'M' 'M' 'M' 'M' 'M' 'M' 'M' 'M' 'M' 'M' 'M' 'M' 'M' 'M' 'M' 'M'
 'M' 'M' 'M' 'M' 'M' 'M' 'M' 'M' 'M' 'M' 'M' 'M' 'M' 'M' 'M' 'U' 'M' 'M'
 'M' 'M' 'M' 'M' 'M' 'M' 'M' 'M' 'M' 'M' 'M' 'M' 'M' 'M' 'M' 'M' 'M' 'M'
 'M' 'M' 'M' 'M' 'M' 'M' 'M' 'M' 'M' 'M' 'M' 'M' 'M' 'M' 'M' 'M' 'M' 'M'
 'M' 'U' 'M' 'M' 'M' 'M' 'M' 'M' 'M' 'M' 'M' 'M' 'M' 'M' 'M' 'M' 'M' 'U'
 'M' 'M' 'M' 'M' 'M' 'U' 'A' 'M' 'U' 'A' 'A' 'U' 'U' 'M' 'M' 'M' 'M' 'M'
 'M' 'M' 'M' 'M' 'M' 'M' 'M' 'M' 'M' 'M' 'M' 'M' 'M' 'M' 'M' 'U' 'M' 'M'
 'M' 'M' 'M' 'M' 'M' 'M' 'M' 'M' 'U' 'M' 'M' 'M' 'M' 'M' 'M' 'M' 'M' 'M'
 'M' 'U' 'M' 'M' 'M' 'M' 'M' 'M' 'M' 'M' 'M' 'M' 'M' 'M' 'M' 'M' 'U' 'M']"
46901,0,187,3,184,11,0,0,"['A' 'M' 'M' 'M' 'M' 'M' 'M' 'M' 'M' 'M' 'M' 'M' 'M' 'M' 'M' 'M' 'U' 'M'
 'M' 'M' 'M' 'M' 'M' 'M' 'M' 'M' 'M' 'M' 'M' 'M' 'M' 'M' 'M' 'M' 'M' 'M'
 'M' 'M' 'M' 'M' 'M' 'M' 'M' 'M' 'M' 'M' 'M' 'M' 'M' 'M' 'M' 'M' 'M' 'M'
 'M' 'M' 'M' 'M' 'M' 'M' 'M' 'M' 'M' 'M' 'M' 'M' 'M' 'M' 'M' 'M' 'M' 'M'
 'M' 'M' 'M' 'M' 'M' 'M' 'M' 'M' 'M' 'M' 'M' 'M' 'M' 'M' 'M' 'U' 'M' 'M'
 'M' 'M' 'M' 'M' 'M' 'M' 'M' 'M' 'U' 'M' 'M' 'M' 'M' 'M' 'M' 'M' 'M' 'M'
 'M' 'U' 'M' 'M' 'M' 'M' 'M' 'M' 'M' 'M' 'M' 'M' 'M' 'M' 'M' 'M' 'M' 'M'
 'M' 'M' 'M' 'M' 'M' 'U' 'A' 'M' 'A' 'U' 'U' 'M' 'U' 'M' 'M' 'M' 'M' 'M'
 'M' 'M' 'M' 'M' 'M' 'M' 'M' 'M' 'M' 'M' 'M' 'M' 'M' 'M' 'M' 'U' 'M' 'M'
 'M' 'M' 'M' 'M' 'M' 'M' 'M' 'M' 'U' 'M' 'M' 'M' 'M' 'M' 'M' 'M' 'M' 'M'
 'M' 'M' 'M' 'M' 'M' 'M' 'M' 'M' 'M' 'M' 'M' 'M' 'M' 'M' 'M' 'M' 'U' 'M']"
47001,1,187,5,182,11,0,0,"['A' 'M' 'U' 'M' 'M' 'M' 'M' 'M' 'M' 'M' 'M' 'M' 'M' 'M' 'M' 'M' 'U' 'M'
 'M' 'M' 'M' 'M' 'M' 'M' 'M' 'M' 'M' 'M' 'M' 'M' 'M' 'M' 'M' 'M' 'M' 'M'
 'M' 'M' 'M' 'M' 'M' 'M' 'M' 'M' 'M' 'M' 'M' 'M' 'M' 'M' 'M' 'M' 'M' 'M'
 'M' 'M' 'M' 'M' 'M' 'M' 'M' 'M' 'M' 'M' 'M' 'M' 'M' 'M' 'M' 'M' 'M' 'M'
 'M' 'M' 'M' 'M' 'M' 'U' 'M' 'M' 'M' 'M' 'M' 'M' 'M' 'M' 'M' 'M' 'M' 'M'
 'M' 'M' 'M' 'M' 'M' 'M' 'M' 'M' 'M' 'M' 'M' 'M' 'M' 'M' 'M' 'M' 'M' 'M'
 'M' 'M' 'M' 'M' 'M' 'M' 'M' 'M' 'M' 'M' 'M' 'U' 'M' 'M' 'M' 'M' 'M' 'M'
 'M' 'M' 'M' 'M' 'M' 'A' 'A' 'U' 'U' 'A' 'A' 'U' 'U' 'M' 'M' 'U' 'M' 'M'
 'M' 'M' 'M' 'M' 'M' 'M' 'M' 'M' 'M' 'M' 'M' 'M' 'M' 'M' 'M' 'U' 'M' 'M'
 'M' 'M' 'M' 'M' 'M' 'M' 'M' 'M' 'M' 'M' 'M' 'M' 'M' 'M' 'M' 'M' 'M' 'M'
 'M' 'M' 'M' 'M' 'M' 'M' 'M' 'M' 'M' 'M' 'M' 'M' 'M' 'M' 'M' 'M' 'U' 'M']"
47101,0,186,5,181,12,0,0,"['A' 'M' 'U' 'M' 'U' 'U' 'M' 'M' 'M' 'M' 'M' 'M' 'M' 'M' 'M' 'M' 'U' 'M'
 'M' 'M' 'M' 'M' 'M' 'M' 'M' 'M' 'M' 'M' 'M' 'M' 'M' 'M' 'M' 'M' 'M' 'M'
 'M' 'M' 'M' 'M' 'M' 'M' 'M' 'M' 'M' 'M' 'M' 'M' 'M' 'M' 'M' 'M' 'M' 'U'
 'M' 'M' 'M' 'M' 'M' 'M' 'M' 'M' 'M' 'M' 'M' 'M' 'M' 'M' 'M' 'M' 'M' 'M'
 'M' 'M' 'M' 'M' 'M' 'M' 'M' 'M' 'M' 'U' 'M' 'M' 'M' 'M' 'M' 'M' 'M' 'M'
 'M' 'M' 'M' 'M' 'M' 'M' 'M' 'M' 'M' 'M' 'M' 'M' 'M' 'M' 'M' 'M' 'M' 'M'
 'M' 'M' 'M' 'M' 'M' 'M' 'M' 'M' 'M' 'M' 'M' 'U' 'M' 'M' 'M' 'M' 'M' 'M'
 'M' 'M' 'M' 'M' 'M' 'A' 'U' 'M' 'M' 'A' 'U' 'A' 'A' 'M' 'M' 'U' 'M' 'M'
 'M' 'M' 'M' 'M' 'M' 'M' 'M' 'M' 'M' 'M' 'M' 'M' 'M' 'M' 'M' 'U' 'M' 'M'
 'M' 'M' 'M' 'M' 'M' 'M' 'M' 'M' 'M' 'M' 'M' 'M' 'M' 'M' 'M' 'M' 'M' 'M'
 'M' 'M' 'M' 'M' 'M' 'M' 'M' 'M' 'M' 'M' 'M' 'M' 'M' 'M' 'M' 'M' 'U' 'M']"
47201,0,185,5,180,13,0,0,"['A' 'M' 'U' 'M' 'U' 'U' 'M' 'M' 'M' 'M' 'M' 'M' 'M' 'M' 'M' 'U' 'U' 'M'
 'M' 'M' 'M' 'M' 'M' 'M' 'M' 'M' 'M' 'M' 'M' 'M' 'M' 'M' 'M' 'M' 'M' 'M'
 'M' 'M' 'M' 'M' 'M' 'M' 'M' 'M' 'M' 'M' 'M' 'M' 'M' 'M' 'M' 'M' 'M' 'U'
 'M' 'M' 'M' 'M' 'M' 'M' 'M' 'M' 'M' 'M' 'M' 'M' 'M' 'M' 'M' 'M' 'M' 'M'
 'M' 'M' 'M' 'M' 'M' 'M' 'M' 'M' 'M' 'M' 'U' 'M' 'M' 'M' 'M' 'M' 'M' 'M'
 'M' 'M' 'M' 'M' 'M' 'M' 'M' 'M' 'M' 'M' 'M' 'M' 'M' 'M' 'M' 'M' 'M' 'M'
 'M' 'M' 'M' 'M' 'M' 'M' 'M' 'M' 'M' 'M' 'M' 'U' 'M' 'M' 'M' 'M' 'M' 'M'
 'M' 'M' 'M' 'M' 'M' 'A' 'U' 'M' 'M' 'A' 'M' 'A' 'A' 'M' 'M' 'U' 'M' 'M'
 'M' 'M' 'M' 'M' 'M' 'M' 'M' 'M' 'M' 'M' 'M' 'M' 'M' 'M' 'M' 'U' 'M' 'M'
 'M' 'M' 'M' 'M' 'M' 'M' 'M' 'M' 'M' 'M' 'M' 'M' 'M' 'M' 'M' 'M' 'U' 'M'
 'M' 'M' 'M' 'M' 'M' 'M' 'M' 'M' 'M' 'M' 'M' 'M' 'M' 'M' 'M' 'M' 'U' 'M']"
47301,0,188,5,183,10,0,0,"['A' 'M' 'M' 'M' 'U' 'U' 'M' 'M' 'M' 'M' 'M' 'M' 'M' 'M' 'M' 'U' 'U' 'M'
 'M' 'M' 'M' 'M' 'M' 'M' 'M' 'M' 'M' 'M' 'M' 'M' 'M' 'M' 'M' 'M' 'M' 'M'
 'M' 'M' 'M' 'M' 'M' 'M' 'M' 'M' 'M' 'M' 'M' 'M' 'M' 'M' 'M' 'M' 'M' 'U'
 'M' 'M' 'M' 'M' 'M' 'M' 'M' 'M' 'M' 'M' 'M' 'M' 'M' 'M' 'M' 'M' 'M' 'U'
 'M' 'M' 'M' 'M' 'M' 'M' 'M' 'M' 'M' 'M' 'M' 'M' 'M' 'M' 'M' 'M' 'M' 'M'
 'M' 'M' 'M' 'M' 'M' 'M' 'M' 'M' 'M' 'M' 'M' 'M' 'M' 'M' 'M' 'M' 'M' 'M'
 'M' 'M' 'M' 'M' 'M' 'M' 'M' 'M' 'M' 'M' 'M' 'M' 'M' 'M' 'M' 'M' 'M' 'M'
 'M' 'M' 'M' 'M' 'M' 'A' 'U' 'M' 'M' 'A' 'M' 'A' 'A' 'M' 'M' 'U' 'M' 'M'
 'M' 'M' 'M' 'M' 'M' 'M' 'M' 'M' 'M' 'M' 'M' 'M' 'M' 'M' 'M' 'U' 'M' 'M'
 'M' 'M' 'M' 'M' 'M' 'M' 'M' 'M' 'M' 'M' 'M' 'M' 'M' 'M' 'M' 'M' 'U' 'M'
 'M' 'M' 'M' 'M' 'M' 'M' 'M' 'M' 'M' 'M' 'M' 'M' 'M' 'M' 'M' 'M' 'M' 'M']"
47401,0,187,7,180,11,0,1,"['A' 'M' 'M' 'M' 'M' 'U' 'M' 'M' 'M' 'M' 'M' 'M' 'U' 'M' 'M' 'U' 'U' 'M'
 'M' 'M' 'M' 'M' 'M' 'M' 'M' 'M' 'M' 'M' 'M' 'M' 'M' 'M' 'M' 'M' 'M' 'M'
 'M' 'M' 'M' 'M' 'M' 'M' 'M' 'M' 'M' 'M' 'M' 'M' 'M' 'M' 'M' 'M' 'M' 'U'
 'M' 'M' 'M' 'M' 'M' 'M' 'M' 'M' 'M' 'M' 'M' 'M' 'M' 'M' 'M' 'M' 'M' 'M'
 'M' 'M' 'M' 'M' 'M' 'M' 'M' 'M' 'M' 'M' 'U' 'M' 'M' 'M' 'M' 'M' 'M' 'M'
 'M' 'M' 'M' 'M' 'M' 'M' 'M' 'M' 'M' 'M' 'M' 'M' 'M' 'M' 'M' 'M' 'U' 'M'
 'M' 'M' 'M' 'M' 'M' 'M' 'M' 'M' 'M' 'M' 'M' 'M' 'M' 'M' 'M' 'M' 'M' 'M'
 'M' 'M' 'M' 'M' 'M' 'A' 'A' 'M' 'M' 'A' 'A' 'A' 'A' 'M' 'M' 'U' 'M' 'M'
 'M' 'M' 'M' 'M' 'M' 'M' 'M' 'M' 'M' 'M' 'M' 'M' 'M' 'M' 'M' 'U' 'M' 'M'
 'M' 'M' 'M' 'M' 'M' 'M' 'M' 'M' 'M' 'M' 'U' 'M' 'M' 'M' 'M' 'M' 'U' 'M'
 'M' 'M' 'M' 'M' 'M' 'M' 'M' 'M' 'M' 'M' 'M' 'M' 'M' 'M' 'M' 'M' 'M' 'M']"
47501,1,183,5,178,15,0,0,"['A' 'M' 'M' 'M' 'M' 'M' 'M' 'M' 'M' 'M' 'M' 'M' 'M' 'M' 'U' 'M' 'U' 'M'
 'M' 'M' 'M' 'M' 'M' 'M' 'M' 'M' 'M' 'M' 'M' 'M' 'U' 'M' 'M' 'M' 'M' 'M'
 'M' 'M' 'M' 'M' 'M' 'M' 'M' 'M' 'M' 'M' 'M' 'M' 'U' 'M' 'M' 'M' 'M' 'U'
 'M' 'M' 'M' 'M' 'M' 'M' 'M' 'M' 'M' 'M' 'M' 'M' 'M' 'M' 'M' 'M' 'U' 'M'
 'M' 'M' 'M' 'M' 'M' 'M' 'M' 'M' 'M' 'M' 'M' 'M' 'M' 'M' 'M' 'M' 'M' 'M'
 'M' 'M' 'M' 'M' 'M' 'M' 'M' 'M' 'M' 'M' 'M' 'M' 'M' 'M' 'M' 'M' 'M' 'M'
 'M' 'M' 'M' 'M' 'M' 'M' 'M' 'M' 'M' 'M' 'M' 'M' 'M' 'M' 'M' 'M' 'M' 'M'
 'M' 'M' 'M' 'M' 'M' 'U' 'A' 'U' 'A' 'A' 'U' 'U' 'A' 'M' 'M' 'U' 'M' 'M'
 'M' 'M' 'M' 'M' 'M' 'M' 'U' 'M' 'M' 'M' 'M' 'M' 'M' 'M' 'M' 'M' 'M' 'M'
 'M' 'M' 'M' 'M' 'M' 'M' 'M' 'M' 'M' 'M' 'U' 'M' 'M' 'M' 'M' 'M' 'U' 'M'
 'M' 'M' 'M' 'M' 'M' 'M' 'M' 'U' 'M' 'M' 'M' 'M' 'M' 'M' 'M' 'M' 'M' 'M']"
47601,0,186,8,178,12,0,0,"['A' 'M' 'M' 'M' 'M' 'M' 'M' 'M' 'M' 'M' 'M' 'M' 'M' 'M' 'M' 'M' 'U' 'M'
 'M' 'M' 'M' 'M' 'M' 'M' 'M' 'M' 'M' 'M' 'M' 'M' 'U' 'M' 'M' 'M' 'M' 'M'
 'M' 'M' 'M' 'M' 'M' 'M' 'M' 'M' 'M' 'M' 'M' 'M' 'U' 'M' 'M' 'M' 'M' 'M'
 'M' 'M' 'M' 'M' 'M' 'M' 'M' 'M' 'U' 'M' 'M' 'M' 'M' 'M' 'M' 'M' 'M' 'M'
 'M' 'M' 'M' 'M' 'M' 'M' 'M' 'M' 'M' 'U' 'M' 'M' 'M' 'M' 'M' 'M' 'M' 'M'
 'M' 'M' 'M' 'M' 'M' 'M' 'M' 'M' 'M' 'M' 'M' 'M' 'M' 'M' 'M' 'M' 'M' 'M'
 'M' 'M' 'M' 'M' 'M' 'M' 'M' 'M' 'M' 'M' 'M' 'M' 'M' 'M' 'M' 'M' 'M' 'M'
 'M' 'M' 'M' 'M' 'M' 'A' 'A' 'A' 'A' 'U' 'A' 'A' 'A' 'M' 'M' 'U' 'M' 'M'
 'M' 'M' 'M' 'M' 'M' 'M' 'U' 'M' 'M' 'M' 'M' 'M' 'M' 'M' 'M' 'M' 'M' 'M'
 'M' 'M' 'M' 'M' 'U' 'M' 'M' 'M' 'M' 'M' 'U' 'M' 'M' 'M' 'M' 'M' 'U' 'M'
 'M' 'M' 'M' 'M' 'M' 'M' 'M' 'U' 'M' 'M' 'M' 'M' 'M' 'M' 'M' 'M' 'M' 'M']"
47701,0,188,7,181,10,0,0,"['A' 'M' 'M' 'M' 'M' 'M' 'M' 'M' 'M' 'M' 'M' 'M' 'M' 'M' 'M' 'M' 'M' 'M'
 'M' 'M' 'M' 'M' 'M' 'M' 'M' 'M' 'M' 'M' 'M' 'M' 'M' 'M' 'M' 'M' 'M' 'M'
 'M' 'M' 'M' 'M' 'M' 'M' 'M' 'M' 'M' 'M' 'M' 'M' 'M' 'M' 'M' 'M' 'M' 'M'
 'M' 'M' 'M' 'M' 'M' 'M' 'M' 'M' 'U' 'M' 'M' 'M' 'M' 'M' 'M' 'M' 'M' 'M'
 'M' 'M' 'M' 'M' 'M' 'M' 'M' 'M' 'M' 'M' 'M' 'M' 'U' 'M' 'M' 'M' 'M' 'M'
 'M' 'M' 'M' 'M' 'M' 'M' 'M' 'M' 'M' 'M' 'M' 'M' 'M' 'M' 'M' 'M' 'M' 'M'
 'M' 'M' 'M' 'M' 'M' 'M' 'M' 'M' 'M' 'M' 'M' 'M' 'M' 'M' 'M' 'M' 'M' 'M'
 'M' 'M' 'M' 'M' 'M' 'U' 'A' 'A' 'A' 'M' 'A' 'A' 'A' 'M' 'M' 'U' 'M' 'M'
 'M' 'M' 'M' 'M' 'M' 'M' 'U' 'M' 'M' 'M' 'M' 'M' 'M' 'M' 'M' 'M' 'M' 'M'
 'M' 'M' 'U' 'M' 'U' 'M' 'M' 'M' 'M' 'M' 'U' 'M' 'M' 'M' 'M' 'M' 'M' 'M'
 'M' 'M' 'M' 'M' 'M' 'M' 'U' 'U' 'M' 'M' 'M' 'M' 'M' 'M' 'M' 'M' 'M' 'M']"
47801,1,190,7,183,8,0,0,"['A' 'M' 'M' 'M' 'M' 'M' 'M' 'M' 'M' 'M' 'M' 'M' 'M' 'M' 'M' 'M' 'M' 'M'
 'M' 'M' 'M' 'M' 'M' 'M' 'M' 'M' 'M' 'M' 'M' 'M' 'M' 'M' 'M' 'M' 'M' 'M'
 'M' 'M' 'M' 'U' 'M' 'M' 'M' 'M' 'M' 'M' 'M' 'M' 'M' 'M' 'M' 'M' 'M' 'M'
 'M' 'M' 'M' 'M' 'M' 'M' 'M' 'M' 'U' 'M' 'M' 'M' 'M' 'U' 'M' 'M' 'M' 'M'
 'M' 'M' 'M' 'M' 'M' 'M' 'M' 'M' 'M' 'M' 'M' 'M' 'M' 'M' 'M' 'M' 'M' 'M'
 'M' 'M' 'M' 'M' 'M' 'M' 'M' 'M' 'M' 'M' 'M' 'M' 'M' 'M' 'M' 'M' 'M' 'M'
 'M' 'M' 'M' 'M' 'M' 'M' 'M' 'M' 'M' 'M' 'M' 'M' 'M' 'M' 'M' 'M' 'M' 'M'
 'M' 'M' 'M' 'M' 'M' 'A' 'A' 'A' 'A' 'A' 'U' 'U' 'A' 'M' 'M' 'M' 'M' 'M'
 'M' 'M' 'M' 'M' 'M' 'M' 'U' 'M' 'M' 'M' 'M' 'M' 'U' 'M' 'M' 'M' 'M' 'M'
 'M' 'M' 'M' 'M' 'M' 'M' 'M' 'M' 'M' 'M' 'M' 'M' 'M' 'M' 'M' 'M' 'M' 'M'
 'M' 'M' 'M' 'M' 'M' 'M' 'U' 'M' 'M' 'M' 'M' 'M' 'M' 'M' 'M' 'M' 'M' 'M']"
47901,0,191,8,183,7,0,1,"['A' 'M' 'M' 'M' 'M' 'M' 'M' 'M' 'M' 'M' 'M' 'M' 'M' 'M' 'M' 'M' 'M' 'M'
 'M' 'M' 'M' 'M' 'M' 'M' 'M' 'M' 'M' 'M' 'M' 'M' 'M' 'M' 'M' 'M' 'M' 'M'
 'M' 'M' 'M' 'M' 'M' 'U' 'M' 'M' 'M' 'M' 'M' 'M' 'M' 'M' 'M' 'M' 'M' 'M'
 'M' 'M' 'M' 'M' 'M' 'M' 'M' 'M' 'U' 'M' 'M' 'M' 'M' 'M' 'M' 'M' 'M' 'M'
 'M' 'M' 'M' 'M' 'M' 'M' 'M' 'M' 'M' 'U' 'M' 'M' 'M' 'M' 'M' 'M' 'M' 'M'
 'M' 'M' 'M' 'M' 'M' 'M' 'M' 'M' 'M' 'M' 'M' 'M' 'M' 'M' 'M' 'M' 'M' 'M'
 'M' 'M' 'M' 'M' 'M' 'M' 'U' 'M' 'M' 'M' 'M' 'M' 'M' 'M' 'M' 'M' 'M' 'M'
 'M' 'M' 'M' 'M' 'M' 'A' 'A' 'A' 'A' 'A' 'A' 'M' 'A' 'M' 'M' 'M' 'M' 'M'
 'M' 'M' 'M' 'M' 'M' 'M' 'U' 'M' 'M' 'M' 'M' 'M' 'M' 'M' 'M' 'M' 'M' 'M'
 'M' 'U' 'M' 'M' 'M' 'M' 'M' 'M' 'M' 'M' 'M' 'M' 'M' 'M' 'M' 'M' 'M' 'M'
 'M' 'M' 'M' 'M' 'M' 'M' 'U' 'M' 'M' 'M' 'M' 'M' 'M' 'M' 'M' 'M' 'M' 'M']"
48001,0,188,8,180,10,0,0,"['A' 'M' 'M' 'M' 'M' 'M' 'M' 'M' 'M' 'M' 'M' 'M' 'M' 'M' 'M' 'M' 'M' 'M'
 'M' 'M' 'M' 'M' 'M' 'M' 'M' 'M' 'M' 'M' 'M' 'M' 'M' 'M' 'M' 'U' 'M' 'M'
 'M' 'M' 'M' 'M' 'M' 'U' 'M' 'M' 'M' 'M' 'M' 'M' 'M' 'M' 'M' 'M' 'M' 'M'
 'M' 'M' 'M' 'M' 'M' 'M' 'M' 'M' 'U' 'M' 'M' 'M' 'M' 'M' 'M' 'M' 'M' 'M'
 'M' 'M' 'M' 'M' 'M' 'M' 'M' 'M' 'M' 'M' 'U' 'M' 'M' 'M' 'M' 'M' 'M' 'M'
 'M' 'M' 'M' 'M' 'M' 'M' 'M' 'M' 'M' 'M' 'M' 'M' 'M' 'M' 'M' 'M' 'M' 'M'
 'M' 'M' 'M' 'M' 'M' 'M' 'U' 'M' 'M' 'M' 'M' 'M' 'M' 'M' 'M' 'M' 'M' 'M'
 'M' 'M' 'M' 'M' 'M' 'A' 'A' 'A' 'A' 'A' 'A' 'U' 'A' 'M' 'M' 'M' 'M' 'M'
 'M' 'M' 'M' 'M' 'M' 'M' 'U' 'M' 'M' 'M' 'M' 'M' 'M' 'M' 'M' 'M' 'M' 'M'
 'M' 'U' 'M' 'U' 'M' 'M' 'M' 'M' 'M' 'M' 'M' 'M' 'M' 'M' 'M' 'M' 'M' 'M'
 'M' 'M' 'M' 'M' 'M' 'M' 'U' 'M' 'M' 'M' 'M' 'M' 'M' 'M' 'M' 'M' 'M' 'M']"
48101,2,187,7,180,11,0,0,"['A' 'M' 'M' 'M' 'M' 'M' 'M' 'M' 'M' 'M' 'M' 'M' 'M' 'M' 'M' 'M' 'M' 'M'
 'M' 'M' 'M' 'U' 'M' 'M' 'M' 'M' 'M' 'M' 'M' 'M' 'M' 'M' 'M' 'U' 'M' 'M'
 'M' 'M' 'M' 'M' 'M' 'U' 'M' 'M' 'M' 'M' 'M' 'M' 'M' 'M' 'M' 'M' 'M' 'M'
 'M' 'M' 'M' 'M' 'M' 'M' 'M' 'M' 'U' 'M' 'M' 'M' 'M' 'M' 'M' 'M' 'M' 'M'
 'M' 'M' 'M' 'M' 'M' 'M' 'M' 'M' 'M' 'M' 'M' 'M' 'M' 'M' 'M' 'U' 'M' 'M'
 'M' 'M' 'M' 'M' 'M' 'M' 'M' 'M' 'M' 'U' 'M' 'M' 'M' 'M' 'M' 'M' 'M' 'M'
 'M' 'M' 'M' 'M' 'M' 'M' 'M' 'M' 'M' 'M' 'M' 'M' 'M' 'M' 'M' 'M' 'M' 'M'
 'M' 'M' 'M' 'M' 'M' 'A' 'A' 'A' 'A' 'A' 'A' 'U' 'U' 'M' 'M' 'M' 'M' 'M'
 'M' 'M' 'M' 'M' 'M' 'M' 'M' 'M' 'M' 'M' 'M' 'M' 'M' 'M' 'M' 'M' 'M' 'M'
 'M' 'U' 'M' 'U' 'M' 'M' 'M' 'M' 'M' 'M' 'M' 'M' 'M' 'M' 'M' 'M' 'M' 'M'
 'M' 'M' 'M' 'M' 'M' 'M' 'U' 'M' 'M' 'M' 'M' 'M' 'M' 'M' 'M' 'M' 'M' 'M']"
48201,0,191,9,182,7,0,1,"['A' 'M' 'M' 'M' 'M' 'M' 'M' 'M' 'M' 'M' 'M' 'M' 'M' 'M' 'M' 'M' 'M' 'M'
 'M' 'M' 'M' 'M' 'M' 'M' 'M' 'M' 'M' 'M' 'M' 'M' 'M' 'M' 'M' 'U' 'M' 'M'
 'M' 'M' 'M' 'M' 'M' 'M' 'M' 'M' 'M' 'M' 'M' 'M' 'M' 'M' 'M' 'M' 'M' 'M'
 'M' 'M' 'M' 'M' 'M' 'M' 'M' 'M' 'U' 'M' 'M' 'M' 'M' 'M' 'M' 'M' 'M' 'M'
 'M' 'M' 'M' 'M' 'M' 'M' 'M' 'M' 'M' 'M' 'M' 'U' 'M' 'M' 'M' 'M' 'M' 'M'
 'M' 'M' 'M' 'M' 'M' 'M' 'M' 'M' 'M' 'M' 'M' 'M' 'M' 'M' 'M' 'M' 'M' 'M'
 'M' 'M' 'M' 'M' 'M' 'M' 'M' 'M' 'M' 'M' 'M' 'M' 'M' 'M' 'M' 'M' 'U' 'M'
 'M' 'M' 'M' 'M' 'M' 'A' 'A' 'A' 'A' 'A' 'A' 'A' 'A' 'M' 'M' 'M' 'M' 'M'
 'M' 'M' 'U' 'M' 'M' 'M' 'M' 'M' 'M' 'M' 'M' 'M' 'M' 'M' 'M' 'M' 'M' 'M'
 'M' 'M' 'M' 'M' 'M' 'M' 'M' 'M' 'M' 'M' 'M' 'M' 'M' 'M' 'M' 'M' 'M' 'M'
 'M' 'M' 'U' 'M' 'M' 'M' 'U' 'M' 'M' 'M' 'M' 'M' 'M' 'M' 'M' 'M' 'M' 'M']"
48301,1,189,8,181,9,0,0,"['A' 'M' 'M' 'M' 'M' 'M' 'M' 'M' 'M' 'M' 'M' 'M' 'M' 'M' 'M' 'M' 'M' 'M'
 'M' 'M' 'M' 'M' 'M' 'M' 'M' 'M' 'M' 'M' 'M' 'M' 'M' 'M' 'M' 'M' 'M' 'M'
 'M' 'M' 'M' 'M' 'M' 'M' 'M' 'M' 'M' 'M' 'M' 'M' 'M' 'M' 'M' 'M' 'M' 'M'
 'M' 'M' 'M' 'M' 'M' 'M' 'M' 'M' 'U' 'M' 'M' 'M' 'M' 'M' 'U' 'M' 'M' 'M'
 'M' 'M' 'M' 'M' 'M' 'M' 'M' 'M' 'M' 'M' 'M' 'M' 'M' 'M' 'M' 'M' 'M' 'M'
 'M' 'M' 'M' 'M' 'M' 'M' 'M' 'M' 'M' 'M' 'M' 'U' 'M' 'M' 'M' 'M' 'M' 'M'
 'M' 'M' 'M' 'M' 'M' 'M' 'M' 'M' 'M' 'M' 'M' 'M' 'M' 'M' 'M' 'M' 'U' 'M'
 'M' 'M' 'M' 'M' 'M' 'U' 'A' 'A' 'A' 'A' 'U' 'A' 'A' 'M' 'M' 'M' 'M' 'M'
 'M' 'M' 'A' 'M' 'M' 'M' 'M' 'M' 'M' 'M' 'M' 'M' 'M' 'M' 'M' 'M' 'M' 'M'
 'M' 'M' 'M' 'M' 'M' 'U' 'M' 'M' 'M' 'M' 'M' 'M' 'M' 'M' 'M' 'M' 'M' 'M'
 'M' 'M' 'U' 'M' 'M' 'M' 'U' 'M' 'M' 'M' 'M' 'M' 'M' 'M' 'M' 'M' 'M' 'M']"
48401,0,194,8,186,4,0,0,"['A' 'M' 'M' 'M' 'M' 'M' 'M' 'M' 'M' 'M' 'M' 'M' 'M' 'M' 'M' 'M' 'M' 'M'
 'M' 'M' 'M' 'M' 'M' 'M' 'M' 'M' 'M' 'M' 'M' 'M' 'M' 'M' 'M' 'M' 'M' 'M'
 'M' 'M' 'M' 'M' 'M' 'M' 'M' 'M' 'M' 'M' 'M' 'M' 'M' 'M' 'M' 'M' 'M' 'M'
 'M' 'M' 'M' 'M' 'M' 'M' 'M' 'M' 'M' 'M' 'M' 'M' 'M' 'M' 'M' 'M' 'M' 'M'
 'M' 'M' 'M' 'M' 'M' 'M' 'M' 'M' 'M' 'M' 'M' 'M' 'M' 'M' 'M' 'M' 'M' 'M'
 'M' 'M' 'M' 'U' 'M' 'M' 'M' 'M' 'M' 'M' 'M' 'U' 'M' 'M' 'M' 'M' 'M' 'M'
 'M' 'M' 'M' 'M' 'M' 'M' 'M' 'M' 'M' 'M' 'M' 'M' 'M' 'M' 'M' 'M' 'U' 'M'
 'M' 'M' 'M' 'M' 'M' 'M' 'U' 'A' 'A' 'A' 'A' 'A' 'A' 'M' 'M' 'M' 'M' 'M'
 'M' 'M' 'A' 'M' 'M' 'M' 'M' 'M' 'M' 'M' 'M' 'M' 'M' 'M' 'M' 'M' 'M' 'M'
 'M' 'M' 'M' 'M' 'M' 'M' 'M' 'M' 'M' 'M' 'M' 'M' 'M' 'M' 'M' 'M' 'M' 'M'
 'M' 'M' 'M' 'M' 'M' 'M' 'M' 'M' 'M' 'M' 'M' 'M' 'M' 'M' 'M' 'M' 'M' 'M']"
48501,0,191,8,183,7,0,0,"['A' 'M' 'M' 'M' 'M' 'M' 'M' 'M' 'M' 'M' 'M' 'M' 'M' 'M' 'M' 'M' 'M' 'M'
 'M' 'M' 'M' 'M' 'M' 'M' 'M' 'U' 'M' 'M' 'M' 'M' 'M' 'M' 'M' 'M' 'M' 'M'
 'M' 'M' 'M' 'M' 'M' 'M' 'M' 'M' 'M' 'M' 'M' 'M' 'M' 'M' 'M' 'M' 'M' 'M'
 'M' 'M' 'M' 'M' 'M' 'M' 'M' 'M' 'M' 'M' 'M' 'M' 'M' 'M' 'M' 'M' 'M' 'M'
 'M' 'M' 'M' 'M' 'M' 'M' 'M' 'M' 'M' 'U' 'M' 'M' 'M' 'M' 'M' 'M' 'M' 'M'
 'M' 'M' 'M' 'M' 'M' 'M' 'M' 'M' 'M' 'U' 'M' 'M' 'M' 'M' 'M' 'M' 'U' 'M'
 'M' 'M' 'M' 'M' 'M' 'M' 'M' 'M' 'M' 'M' 'M' 'M' 'M' 'M' 'M' 'M' 'U' 'M'
 'M' 'M' 'M' 'M' 'M' 'M' 'A' 'A' 'A' 'A' 'A' 'A' 'A' 'M' 'M' 'M' 'M' 'M'
 'M' 'M' 'U' 'M' 'M' 'M' 'M' 'M' 'M' 'M' 'M' 'M' 'M' 'M' 'M' 'M' 'M' 'M'
 'M' 'M' 'M' 'M' 'M' 'M' 'M' 'M' 'M' 'M' 'M' 'M' 'U' 'M' 'M' 'M' 'M' 'M'
 'M' 'M' 'M' 'M' 'M' 'M' 'M' 'M' 'M' 'M' 'M' 'M' 'M' 'M' 'M' 'M' 'M' 'M']"
48601,0,188,8,180,10,0,1,"['A' 'M' 'M' 'M' 'M' 'M' 'M' 'M' 'M' 'M' 'M' 'M' 'M' 'M' 'M' 'M' 'M' 'M'
 'M' 'M' 'M' 'M' 'M' 'M' 'M' 'U' 'M' 'M' 'M' 'M' 'M' 'M' 'M' 'M' 'M' 'M'
 'M' 'M' 'M' 'M' 'M' 'M' 'M' 'M' 'M' 'M' 'M' 'M' 'M' 'M' 'M' 'M' 'U' 'M'
 'U' 'M' 'M' 'M' 'M' 'M' 'M' 'M' 'M' 'M' 'M' 'M' 'M' 'M' 'M' 'M' 'M' 'M'
 'M' 'M' 'M' 'M' 'M' 'M' 'M' 'U' 'M' 'M' 'M' 'M' 'M' 'M' 'M' 'M' 'M' 'M'
 'M' 'M' 'M' 'M' 'M' 'U' 'M' 'M' 'M' 'M' 'M' 'M' 'M' 'M' 'M' 'M' 'U' 'M'
 'M' 'M' 'M' 'M' 'M' 'M' 'M' 'M' 'M' 'U' 'M' 'M' 'M' 'M' 'M' 'M' 'U' 'M'
 'M' 'M' 'M' 'M' 'M' 'M' 'A' 'A' 'A' 'A' 'A' 'A' 'A' 'M' 'M' 'M' 'M' 'M'
 'M' 'M' 'U' 'M' 'M' 'M' 'M' 'M' 'M' 'M' 'M' 'M' 'M' 'M' 'M' 'M' 'M' 'M'
 'M' 'M' 'M' 'M' 'M' 'M' 'M' 'M' 'M' 'M' 'M' 'M' 'U' 'M' 'M' 'M' 'M' 'M'
 'M' 'M' 'M' 'M' 'M' 'M' 'M' 'M' 'M' 'M' 'M' 'M' 'M' 'M' 'M' 'M' 'M' 'M']"
48701,0,188,5,183,10,0,0,"['A' 'M' 'M' 'M' 'M' 'M' 'M' 'M' 'M' 'M' 'M' 'M' 'M' 'M' 'M' 'M' 'M' 'M'
 'M' 'M' 'M' 'M' 'M' 'M' 'M' 'M' 'M' 'M' 'M' 'M' 'M' 'M' 'M' 'M' 'M' 'M'
 'M' 'M' 'M' 'M' 'M' 'M' 'M' 'M' 'M' 'M' 'M' 'M' 'M' 'M' 'M' 'M' 'U' 'M'
 'U' 'M' 'M' 'M' 'M' 'M' 'M' 'M' 'M' 'M' 'M' 'M' 'M' 'M' 'M' 'M' 'M' 'M'
 'M' 'M' 'M' 'M' 'M' 'M' 'U' 'M' 'M' 'M' 'M' 'M' 'M' 'M' 'M' 'M' 'M' 'M'
 'M' 'M' 'M' 'M' 'M' 'M' 'M' 'M' 'M' 'M' 'M' 'M' 'M' 'M' 'M' 'M' 'U' 'M'
 'M' 'M' 'M' 'M' 'M' 'M' 'M' 'M' 'U' 'M' 'M' 'M' 'M' 'M' 'M' 'M' 'U' 'M'
 'M' 'M' 'M' 'M' 'M' 'M' 'U' 'A' 'A' 'M' 'A' 'U' 'A' 'M' 'M' 'M' 'M' 'M'
 'M' 'M' 'U' 'M' 'M' 'M' 'M' 'M' 'M' 'M' 'M' 'M' 'M' 'M' 'M' 'M' 'M' 'M'
 'M' 'M' 'M' 'M' 'M' 'M' 'M' 'M' 'M' 'M' 'M' 'M' 'U' 'M' 'M' 'M' 'M' 'M'
 'M' 'M' 'M' 'M' 'M' 'M' 'M' 'M' 'M' 'M' 'M' 'M' 'M' 'M' 'M' 'M' 'M' 'M']"
48801,0,190,6,184,8,0,0,"['A' 'M' 'M' 'M' 'M' 'M' 'M' 'M' 'M' 'M' 'M' 'M' 'M' 'M' 'M' 'M' 'M' 'M'
 'M' 'M' 'M' 'M' 'M' 'M' 'M' 'M' 'M' 'M' 'M' 'M' 'M' 'M' 'M' 'M' 'M' 'M'
 'M' 'M' 'M' 'M' 'M' 'M' 'M' 'M' 'M' 'M' 'M' 'M' 'M' 'M' 'M' 'M' 'U' 'M'
 'M' 'U' 'M' 'M' 'M' 'M' 'M' 'M' 'M' 'M' 'M' 'M' 'M' 'M' 'M' 'M' 'M' 'M'
 'M' 'M' 'U' 'M' 'M' 'M' 'M' 'M' 'M' 'M' 'M' 'M' 'M' 'M' 'M' 'M' 'M' 'M'
 'M' 'M' 'M' 'M' 'M' 'M' 'M' 'M' 'M' 'M' 'M' 'M' 'M' 'M' 'M' 'M' 'M' 'M'
 'M' 'M' 'M' 'M' 'M' 'M' 'M' 'M' 'M' 'M' 'M' 'M' 'M' 'M' 'M' 'M' 'U' 'M'
 'M' 'M' 'M' 'M' 'M' 'M' 'A' 'A' 'A' 'U' 'A' 'U' 'A' 'M' 'M' 'M' 'M' 'M'
 'M' 'M' 'U' 'M' 'M' 'M' 'M' 'M' 'M' 'M' 'M' 'M' 'M' 'M' 'M' 'M' 'M' 'M'
 'M' 'M' 'M' 'M' 'M' 'M' 'M' 'M' 'M' 'M' 'M' 'M' 'U' 'M' 'M' 'M' 'M' 'M'
 'M' 'M' 'M' 'M' 'M' 'M' 'M' 'M' 'M' 'M' 'M' 'M' 'M' 'M' 'M' 'M' 'M' 'M']"
48901,0,191,8,183,7,0,0,"['A' 'M' 'M' 'M' 'M' 'M' 'M' 'M' 'M' 'M' 'M' 'M' 'M' 'M' 'M' 'M' 'M' 'M'
 'M' 'M' 'M' 'M' 'M' 'M' 'M' 'M' 'M' 'M' 'M' 'M' 'M' 'M' 'M' 'M' 'M' 'M'
 'M' 'M' 'M' 'M' 'M' 'M' 'M' 'M' 'M' 'M' 'M' 'M' 'M' 'M' 'M' 'M' 'U' 'M'
 'M' 'U' 'M' 'M' 'M' 'M' 'M' 'M' 'M' 'M' 'M' 'M' 'M' 'M' 'M' 'M' 'M' 'M'
 'M' 'M' 'M' 'M' 'M' 'M' 'M' 'M' 'M' 'M' 'M' 'U' 'M' 'M' 'M' 'M' 'M' 'M'
 'M' 'M' 'M' 'M' 'M' 'M' 'M' 'M' 'M' 'M' 'M' 'M' 'M' 'M' 'M' 'M' 'M' 'M'
 'M' 'M' 'M' 'M' 'M' 'M' 'M' 'M' 'M' 'M' 'M' 'M' 'M' 'M' 'M' 'M' 'U' 'M'
 'M' 'M' 'M' 'M' 'M' 'A' 'A' 'A' 'A' 'A' 'A' 'U' 'A' 'M' 'M' 'M' 'M' 'M'
 'M' 'M' 'M' 'M' 'M' 'M' 'M' 'M' 'M' 'M' 'M' 'M' 'M' 'M' 'M' 'M' 'M' 'M'
 'M' 'M' 'M' 'M' 'M' 'M' 'M' 'M' 'M' 'M' 'M' 'M' 'U' 'M' 'M' 'M' 'M' 'M'
 'M' 'M' 'M' 'M' 'M' 'M' 'M' 'M' 'M' 'U' 'M' 'M' 'M' 'M' 'M' 'M' 'M' 'M']"
49001,0,185,5,180,13,0,0,"['A' 'M' 'M' 'M' 'M' 'M' 'M' 'M' 'M' 'M' 'M' 'M' 'M' 'M' 'M' 'M' 'M' 'M'
 'M' 'M' 'M' 'M' 'M' 'M' 'M' 'M' 'M' 'M' 'M' 'M' 'M' 'M' 'M' 'M' 'M' 'M'
 'M' 'M' 'M' 'M' 'M' 'M' 'M' 'M' 'M' 'M' 'M' 'M' 'M' 'M' 'M' 'M' 'U' 'M'
 'M' 'U' 'M' 'M' 'M' 'M' 'U' 'M' 'M' 'M' 'M' 'M' 'M' 'M' 'M' 'M' 'M' 'M'
 'M' 'M' 'M' 'M' 'M' 'M' 'M' 'M' 'M' 'M' 'M' 'M' 'M' 'M' 'M' 'M' 'M' 'M'
 'M' 'U' 'M' 'M' 'M' 'M' 'M' 'M' 'M' 'M' 'M' 'M' 'M' 'M' 'M' 'M' 'M' 'M'
 'M' 'M' 'M' 'M' 'U' 'M' 'M' 'M' 'M' 'M' 'M' 'M' 'M' 'M' 'M' 'M' 'U' 'M'
 'M' 'M' 'M' 'M' 'M' 'A' 'U' 'U' 'U' 'A' 'A' 'U' 'A' 'M' 'M' 'M' 'M' 'M'
 'M' 'M' 'M' 'M' 'M' 'M' 'M' 'M' 'M' 'M' 'M' 'M' 'M' 'M' 'M' 'M' 'M' 'M'
 'M' 'M' 'M' 'M' 'M' 'M' 'M' 'M' 'M' 'M' 'M' 'M' 'U' 'U' 'M' 'M' 'M' 'M'
 'M' 'M' 'M' 'M' 'M' 'M' 'M' 'M' 'M' 'M' 'M' 'U' 'M' 'M' 'M' 'M' 'M' 'M']"
49101,1,188,6,182,10,0,0,"['A' 'M' 'M' 'M' 'M' 'M' 'M' 'M' 'M' 'M' 'M' 'M' 'M' 'M' 'M' 'M' 'M' 'M'
 'M' 'M' 'M' 'M' 'M' 'M' 'M' 'M' 'M' 'M' 'M' 'M' 'M' 'M' 'M' 'U' 'M' 'M'
 'M' 'M' 'M' 'M' 'M' 'M' 'M' 'M' 'M' 'M' 'M' 'M' 'M' 'M' 'M' 'M' 'U' 'M'
 'M' 'M' 'M' 'M' 'M' 'M' 'M' 'M' 'M' 'M' 'M' 'M' 'M' 'M' 'M' 'M' 'M' 'M'
 'M' 'M' 'M' 'M' 'M' 'M' 'M' 'M' 'M' 'M' 'M' 'M' 'M' 'M' 'M' 'M' 'M' 'M'
 'M' 'M' 'U' 'M' 'M' 'M' 'M' 'M' 'M' 'M' 'M' 'M' 'M' 'M' 'M' 'M' 'M' 'M'
 'M' 'M' 'M' 'M' 'U' 'M' 'M' 'M' 'M' 'M' 'M' 'M' 'M' 'M' 'M' 'M' 'U' 'M'
 'M' 'M' 'M' 'M' 'M' 'U' 'U' 'A' 'A' 'A' 'A' 'U' 'A' 'M' 'M' 'M' 'M' 'M'
 'M' 'M' 'M' 'M' 'M' 'M' 'M' 'M' 'U' 'M' 'M' 'M' 'M' 'M' 'M' 'M' 'M' 'M'
 'M' 'M' 'M' 'M' 'M' 'M' 'M' 'M' 'M' 'M' 'M' 'M' 'U' 'M' 'M' 'M' 'M' 'M'
 'M' 'M' 'M' 'M' 'M' 'M' 'M' 'M' 'M' 'M' 'M' 'M' 'M' 'M' 'M' 'M' 'M' 'M']"
49201,0,188,4,184,10,0,0,"['A' 'M' 'M' 'M' 'M' 'M' 'M' 'M' 'M' 'M' 'M' 'M' 'M' 'M' 'M' 'M' 'M' 'M'
 'M' 'M' 'M' 'M' 'M' 'M' 'M' 'M' 'M' 'M' 'M' 'U' 'M' 'M' 'M' 'U' 'M' 'M'
 'M' 'M' 'M' 'M' 'M' 'M' 'M' 'M' 'M' 'M' 'M' 'M' 'M' 'M' 'M' 'M' 'U' 'M'
 'M' 'M' 'M' 'M' 'M' 'M' 'M' 'M' 'M' 'M' 'M' 'M' 'M' 'M' 'M' 'M' 'M' 'M'
 'M' 'M' 'M' 'M' 'M' 'M' 'M' 'M' 'M' 'M' 'U' 'M' 'M' 'M' 'M' 'M' 'M' 'M'
 'M' 'M' 'M' 'M' 'M' 'M' 'M' 'M' 'M' 'M' 'M' 'M' 'M' 'M' 'M' 'M' 'M' 'M'
 'M' 'M' 'M' 'M' 'M' 'M' 'M' 'M' 'M' 'M' 'M' 'M' 'M' 'M' 'M' 'M' 'U' 'M'
 'M' 'M' 'M' 'M' 'M' 'U' 'M' 'M' 'A' 'U' 'A' 'U' 'A' 'M' 'M' 'M' 'M' 'M'
 'M' 'M' 'M' 'M' 'M' 'M' 'M' 'M' 'U' 'M' 'M' 'M' 'M' 'M' 'M' 'M' 'M' 'M'
 'M' 'M' 'M' 'U' 'M' 'M' 'M' 'M' 'M' 'M' 'M' 'M' 'M' 'M' 'M' 'M' 'M' 'M'
 'M' 'M' 'M' 'M' 'M' 'M' 'M' 'M' 'M' 'M' 'M' 'M' 'M' 'M' 'M' 'M' 'M' 'M']"
49301,1,185,8,177,13,0,0,"['A' 'M' 'M' 'M' 'M' 'M' 'M' 'M' 'U' 'M' 'M' 'M' 'M' 'M' 'M' 'M' 'M' 'M'
 'M' 'U' 'M' 'M' 'M' 'U' 'M' 'M' 'M' 'M' 'M' 'U' 'M' 'M' 'M' 'U' 'M' 'M'
 'M' 'M' 'M' 'M' 'M' 'M' 'M' 'M' 'M' 'M' 'M' 'M' 'M' 'M' 'M' 'M' 'U' 'M'
 'M' 'M' 'M' 'M' 'M' 'M' 'M' 'M' 'M' 'M' 'M' 'M' 'M' 'M' 'M' 'M' 'M' 'M'
 'M' 'M' 'M' 'M' 'M' 'M' 'M' 'M' 'M' 'M' 'U' 'M' 'M' 'M' 'M' 'M' 'M' 'M'
 'M' 'M' 'M' 'M' 'M' 'M' 'M' 'M' 'M' 'M' 'M' 'U' 'M' 'M' 'M' 'M' 'M' 'M'
 'M' 'M' 'M' 'M' 'M' 'M' 'M' 'M' 'M' 'M' 'M' 'M' 'M' 'M' 'M' 'M' 'U' 'U'
 'M' 'M' 'M' 'M' 'M' 'U' 'A' 'A' 'A' 'A' 'A' 'A' 'A' 'M' 'M' 'M' 'M' 'M'
 'M' 'M' 'M' 'M' 'M' 'M' 'M' 'M' 'M' 'U' 'M' 'M' 'M' 'M' 'M' 'M' 'M' 'M'
 'M' 'M' 'M' 'U' 'M' 'M' 'M' 'M' 'M' 'M' 'M' 'M' 'M' 'M' 'M' 'M' 'M' 'M'
 'M' 'M' 'M' 'M' 'M' 'M' 'M' 'M' 'M' 'M' 'M' 'M' 'M' 'M' 'M' 'M' 'M' 'M']"
49401,0,180,6,174,18,0,0,"['A' 'M' 'M' 'M' 'M' 'M' 'M' 'M' 'U' 'M' 'U' 'M' 'M' 'M' 'M' 'M' 'M' 'M'
 'M' 'U' 'M' 'M' 'M' 'M' 'M' 'M' 'M' 'M' 'M' 'U' 'M' 'U' 'M' 'U' 'M' 'M'
 'M' 'M' 'U' 'M' 'M' 'M' 'M' 'M' 'M' 'M' 'M' 'M' 'M' 'M' 'M' 'M' 'U' 'M'
 'M' 'M' 'M' 'M' 'M' 'M' 'M' 'M' 'M' 'M' 'M' 'M' 'M' 'M' 'M' 'M' 'M' 'M'
 'M' 'M' 'M' 'M' 'M' 'M' 'M' 'M' 'M' 'M' 'M' 'M' 'M' 'M' 'M' 'M' 'M' 'U'
 'M' 'M' 'M' 'M' 'M' 'M' 'M' 'M' 'M' 'M' 'M' 'U' 'M' 'M' 'M' 'M' 'M' 'M'
 'M' 'M' 'U' 'M' 'M' 'M' 'M' 'M' 'M' 'M' 'M' 'M' 'M' 'M' 'M' 'M' 'U' 'U'
 'M' 'M' 'M' 'M' 'M' 'U' 'U' 'A' 'A' 'A' 'A' 'A' 'U' 'M' 'M' 'M' 'M' 'M'
 'M' 'M' 'M' 'M' 'M' 'M' 'M' 'M' 'M' 'U' 'M' 'M' 'M' 'M' 'M' 'M' 'M' 'M'
 'M' 'M' 'M' 'U' 'M' 'M' 'M' 'M' 'M' 'M' 'M' 'M' 'M' 'M' 'M' 'M' 'M' 'M'
 'M' 'M' 'M' 'M' 'M' 'M' 'M' 'M' 'M' 'M' 'M' 'M' 'M' 'M' 'M' 'M' 'M' 'M']"
49501,0,181,3,178,17,0,0,"['A' 'M' 'M' 'M' 'M' 'M' 'M' 'M' 'M' 'M' 'M' 'M' 'M' 'M' 'M' 'M' 'M' 'M'
 'M' 'M' 'M' 'M' 'M' 'M' 'M' 'M' 'M' 'M' 'M' 'M' 'M' 'U' 'M' 'U' 'M' 'M'
 'M' 'M' 'U' 'M' 'M' 'M' 'M' 'M' 'M' 'M' 'U' 'M' 'M' 'M' 'M' 'M' 'U' 'M'
 'M' 'M' 'M' 'M' 'M' 'M' 'M' 'M' 'M' 'M' 'M' 'M' 'M' 'M' 'M' 'M' 'M' 'M'
 'M' 'M' 'M' 'M' 'M' 'M' 'M' 'M' 'M' 'M' 'M' 'M' 'M' 'M' 'M' 'M' 'M' 'M'
 'M' 'M' 'M' 'M' 'U' 'M' 'M' 'M' 'M' 'M' 'M' 'M' 'M' 'M' 'M' 'M' 'M' 'M'
 'M' 'M' 'U' 'M' 'M' 'M' 'M' 'M' 'M' 'M' 'M' 'M' 'M' 'M' 'M' 'M' 'U' 'M'
 'M' 'M' 'M' 'M' 'M' 'U' 'U' 'A' 'U' 'U' 'U' 'A' 'U' 'M' 'M' 'M' 'M' 'M'
 'M' 'M' 'M' 'U' 'M' 'M' 'M' 'M' 'M' 'U' 'M' 'M' 'M' 'M' 'M' 'M' 'M' 'M'
 'M' 'M' 'M' 'U' 'M' 'M' 'M' 'M' 'M' 'M' 'M' 'M' 'M' 'M' 'M' 'M' 'M' 'M'
 'M' 'M' 'M' 'M' 'M' 'M' 'M' 'M' 'M' 'M' 'M' 'M' 'M' 'M' 'M' 'M' 'M' 'M']"
49601,0,186,4,182,12,1,0,"['A' 'M' 'M' 'M' 'M' 'M' 'M' 'M' 'M' 'M' 'M' 'M' 'M' 'M' 'M' 'M' 'M' 'M'
 'M' 'M' 'M' 'M' 'M' 'M' 'M' 'M' 'M' 'M' 'M' 'M' 'M' 'M' 'M' 'M' 'M' 'M'
 'M' 'M' 'U' 'M' 'M' 'M' 'M' 'M' 'M' 'M' 'U' 'M' 'U' 'M' 'M' 'M' 'M' 'M'
 'M' 'M' 'M' 'M' 'M' 'M' 'M' 'M' 'M' 'M' 'M' 'M' 'M' 'M' 'M' 'M' 'M' 'M'
 'M' 'M' 'M' 'U' 'M' 'M' 'M' 'M' 'M' 'M' 'M' 'M' 'M' 'M' 'M' 'M' 'M' 'M'
 'M' 'M' 'M' 'M' 'M' 'M' 'M' 'M' 'M' 'M' 'M' 'M' 'M' 'M' 'M' 'M' 'M' 'M'
 'M' 'M' 'M' 'M' 'M' 'M' 'M' 'M' 'M' 'M' 'M' 'M' 'M' 'M' 'M' 'M' 'U' 'M'
 'M' 'M' 'M' 'M' 'M' 'U' 'U' 'A' 'U' 'M' 'A' 'A' 'U' 'M' 'M' 'M' 'M' 'M'
 'M' 'M' 'M' 'M' 'M' 'M' 'M' 'M' 'M' 'U' 'M' 'M' 'M' 'M' 'M' 'M' 'M' 'M'
 'M' 'M' 'M' 'U' 'M' 'M' 'M' 'M' 'M' 'M' 'M' 'M' 'M' 'M' 'M' 'M' 'M' 'M'
 'M' 'M' 'M' 'M' 'M' 'M' 'M' 'M' 'M' 'M' 'M' 'M' 'M' 'U' 'M' 'M' 'M' 'M']"
49701,0,186,7,179,12,0,0,"['A' 'M' 'M' 'M' 'M' 'M' 'M' 'M' 'U' 'M' 'M' 'M' 'M' 'M' 'M' 'M' 'M' 'M'
 'M' 'M' 'M' 'M' 'M' 'M' 'M' 'M' 'M' 'M' 'M' 'M' 'M' 'M' 'M' 'M' 'M' 'M'
 'M' 'M' 'M' 'M' 'M' 'M' 'M' 'M' 'M' 'M' 'M' 'M' 'U' 'M' 'M' 'U' 'M' 'M'
 'M' 'U' 'M' 'M' 'M' 'M' 'M' 'M' 'M' 'M' 'M' 'U' 'M' 'M' 'M' 'M' 'M' 'M'
 'M' 'M' 'M' 'M' 'M' 'M' 'M' 'M' 'M' 'M' 'M' 'M' 'M' 'M' 'M' 'M' 'M' 'M'
 'M' 'M' 'M' 'M' 'M' 'M' 'M' 'M' 'M' 'M' 'M' 'M' 'M' 'M' 'M' 'M' 'M' 'M'
 'M' 'M' 'M' 'M' 'M' 'M' 'M' 'M' 'M' 'M' 'M' 'M' 'M' 'M' 'M' 'M' 'U' 'M'
 'M' 'M' 'M' 'M' 'M' 'U' 'A' 'A' 'A' 'M' 'A' 'A' 'A' 'M' 'M' 'M' 'M' 'M'
 'M' 'M' 'M' 'M' 'M' 'M' 'M' 'M' 'M' 'U' 'M' 'M' 'M' 'M' 'M' 'M' 'M' 'M'
 'M' 'M' 'M' 'U' 'M' 'M' 'M' 'M' 'M' 'M' 'M' 'M' 'M' 'M' 'M' 'M' 'M' 'M'
 'M' 'M' 'M' 'M' 'M' 'M' 'M' 'U' 'M' 'M' 'M' 'M' 'M' 'U' 'M' 'M' 'U' 'M']"
49801,0,192,7,185,6,0,0,"['A' 'M' 'M' 'M' 'M' 'M' 'M' 'M' 'M' 'M' 'M' 'M' 'M' 'M' 'M' 'M' 'M' 'M'
 'M' 'M' 'M' 'M' 'M' 'M' 'M' 'M' 'M' 'M' 'M' 'M' 'M' 'M' 'M' 'M' 'M' 'M'
 'M' 'M' 'M' 'M' 'M' 'M' 'M' 'M' 'M' 'M' 'M' 'M' 'U' 'M' 'M' 'M' 'M' 'M'
 'M' 'M' 'M' 'M' 'M' 'M' 'M' 'M' 'M' 'M' 'M' 'M' 'M' 'M' 'M' 'M' 'M' 'M'
 'M' 'M' 'M' 'M' 'M' 'M' 'M' 'M' 'M' 'U' 'M' 'M' 'M' 'M' 'M' 'M' 'M' 'M'
 'M' 'M' 'M' 'M' 'M' 'M' 'M' 'M' 'M' 'M' 'M' 'M' 'M' 'M' 'M' 'M' 'M' 'M'
 'M' 'M' 'M' 'M' 'M' 'U' 'M' 'M' 'M' 'M' 'M' 'M' 'M' 'M' 'M' 'M' 'M' 'M'
 'M' 'M' 'M' 'M' 'M' 'M' 'A' 'A' 'A' 'A' 'U' 'A' 'A' 'M' 'M' 'M' 'M' 'M'
 'M' 'M' 'M' 'M' 'M' 'M' 'M' 'M' 'M' 'M' 'M' 'M' 'M' 'M' 'M' 'M' 'M' 'M'
 'M' 'M' 'M' 'M' 'M' 'M' 'M' 'M' 'M' 'M' 'M' 'M' 'M' 'M' 'M' 'M' 'M' 'M'
 'M' 'M' 'M' 'M' 'M' 'M' 'M' 'M' 'M' 'M' 'M' 'M' 'M' 'U' 'M' 'M' 'U' 'M']"
49901,0,191,5,186,7,0,0,"['A' 'M' 'M' 'M' 'M' 'M' 'M' 'M' 'M' 'M' 'M' 'M' 'M' 'M' 'M' 'M' 'M' 'M'
 'M' 'M' 'M' 'M' 'U' 'M' 'M' 'M' 'M' 'M' 'M' 'M' 'M' 'M' 'M' 'M' 'M' 'M'
 'M' 'M' 'M' 'M' 'M' 'M' 'M' 'M' 'M' 'M' 'M' 'M' 'U' 'M' 'M' 'M' 'M' 'M'
 'M' 'M' 'M' 'M' 'M' 'M' 'M' 'M' 'M' 'M' 'M' 'M' 'M' 'M' 'M' 'M' 'M' 'M'
 'M' 'M' 'M' 'M' 'M' 'U' 'M' 'M' 'M' 'M' 'M' 'M' 'M' 'M' 'M' 'M' 'M' 'M'
 'M' 'M' 'M' 'M' 'M' 'M' 'M' 'M' 'M' 'M' 'M' 'M' 'M' 'M' 'M' 'M' 'M' 'M'
 'M' 'M' 'M' 'M' 'M' 'M' 'M' 'M' 'U' 'M' 'M' 'M' 'M' 'M' 'M' 'M' 'M' 'M'
 'M' 'M' 'M' 'M' 'M' 'M' 'A' 'A' 'A' 'U' 'M' 'A' 'U' 'M' 'M' 'M' 'M' 'M'
 'M' 'M' 'M' 'M' 'M' 'M' 'M' 'M' 'M' 'M' 'M' 'M' 'M' 'M' 'M' 'M' 'M' 'M'
 'M' 'M' 'M' 'M' 'M' 'M' 'M' 'M' 'M' 'M' 'M' 'M' 'M' 'M' 'M' 'M' 'M' 'M'
 'M' 'M' 'M' 'M' 'M' 'M' 'M' 'M' 'M' 'M' 'M' 'M' 'M' 'M' 'M' 'M' 'U' 'M']"
