Time Steps,Polymerase Count,Active Histone Count,Acetylated Histone Count,Methylated Histone Count,Unmodified Histone Count,Noisy Changes Count,Enzyme Changes Count,Chromatine Array
1,0,111,82,29,87,0,0,"['A' 'A' 'U' 'A' 'U' 'U' 'U' 'A' 'A' 'U' 'U' 'U' 'U' 'A' 'A' 'U' 'U' 'A'
 'U' 'U' 'A' 'A' 'U' 'A' 'U' 'A' 'U' 'U' 'A' 'U' 'U' 'U' 'U' 'U' 'A' 'U'
 'U' 'A' 'U' 'A' 'A' 'U' 'U' 'A' 'A' 'U' 'U' 'A' 'A' 'A' 'A' 'U' 'A' 'A'
 'A' 'U' 'U' 'A' 'A' 'A' 'U' 'A' 'U' 'A' 'A' 'M' 'M' 'M' 'M' 'M' 'M' 'M'
 'M' 'U' 'M' 'M' 'M' 'M' 'M' 'M' 'M' 'M' 'M' 'M' 'M' 'M' 'M' 'M' 'M' 'M'
 'M' 'M' 'M' 'M' 'M' 'U' 'U' 'U' 'U' 'A' 'U' 'U' 'A' 'A' 'U' 'A' 'A' 'A'
 'A' 'U' 'A' 'U' 'A' 'U' 'U' 'U' 'A' 'U' 'A' 'U' 'A' 'A' 'U' 'A' 'U' 'U'
 'U' 'U' 'A' 'A' 'A' 'A' 'U' 'A' 'A' 'U' 'A' 'U' 'U' 'U' 'U' 'U' 'U' 'U'
 'A' 'A' 'U' 'U' 'U' 'A' 'U' 'A' 'A' 'A' 'A' 'A' 'U' 'A' 'U' 'U' 'A' 'U'
 'U' 'U' 'U' 'A' 'A' 'U' 'U' 'A' 'U' 'U' 'U' 'A' 'A' 'U' 'U' 'A' 'A' 'A'
 'A' 'A' 'A' 'A' 'U' 'U' 'A' 'U' 'A' 'U' 'A' 'U' 'A' 'U' 'A' 'U' 'A' 'A']"
101,0,134,100,34,64,0,1,"['A' 'A' 'U' 'A' 'U' 'A' 'U' 'A' 'A' 'A' 'U' 'U' 'U' 'A' 'U' 'U' 'U' 'A'
 'U' 'U' 'A' 'A' 'U' 'A' 'A' 'A' 'U' 'U' 'A' 'A' 'U' 'U' 'A' 'U' 'A' 'U'
 'U' 'A' 'A' 'A' 'A' 'U' 'U' 'A' 'A' 'U' 'U' 'A' 'A' 'A' 'A' 'U' 'A' 'A'
 'A' 'A' 'U' 'A' 'A' 'U' 'U' 'A' 'M' 'A' 'A' 'M' 'M' 'M' 'M' 'M' 'M' 'M'
 'M' 'M' 'M' 'M' 'M' 'M' 'M' 'M' 'M' 'M' 'M' 'M' 'M' 'M' 'M' 'M' 'M' 'M'
 'M' 'M' 'M' 'U' 'M' 'U' 'U' 'A' 'A' 'A' 'U' 'U' 'A' 'A' 'U' 'A' 'A' 'A'
 'A' 'U' 'A' 'U' 'A' 'A' 'U' 'M' 'A' 'U' 'A' 'U' 'A' 'A' 'U' 'A' 'U' 'A'
 'A' 'M' 'A' 'A' 'A' 'A' 'A' 'A' 'A' 'U' 'A' 'U' 'A' 'U' 'A' 'A' 'U' 'U'
 'A' 'A' 'A' 'M' 'A' 'A' 'U' 'A' 'A' 'A' 'U' 'A' 'A' 'A' 'U' 'U' 'A' 'U'
 'U' 'A' 'U' 'A' 'U' 'U' 'A' 'A' 'U' 'A' 'U' 'A' 'A' 'U' 'U' 'A' 'A' 'A'
 'A' 'A' 'A' 'A' 'U' 'U' 'A' 'U' 'A' 'M' 'A' 'U' 'A' 'U' 'A' 'U' 'A' 'A']"
201,0,141,102,39,57,0,0,"['A' 'A' 'U' 'A' 'U' 'A' 'M' 'A' 'U' 'A' 'U' 'A' 'U' 'A' 'U' 'U' 'U' 'U'
 'U' 'U' 'A' 'A' 'U' 'A' 'A' 'A' 'A' 'U' 'U' 'A' 'U' 'U' 'U' 'U' 'A' 'U'
 'U' 'A' 'A' 'A' 'A' 'U' 'U' 'A' 'A' 'A' 'A' 'A' 'A' 'A' 'U' 'U' 'A' 'A'
 'A' 'A' 'U' 'A' 'A' 'U' 'U' 'A' 'M' 'A' 'A' 'M' 'M' 'M' 'M' 'M' 'M' 'M'
 'M' 'M' 'M' 'M' 'M' 'M' 'M' 'M' 'M' 'M' 'M' 'M' 'M' 'M' 'M' 'M' 'M' 'U'
 'M' 'M' 'M' 'M' 'M' 'U' 'U' 'A' 'A' 'U' 'U' 'M' 'A' 'A' 'U' 'A' 'A' 'A'
 'U' 'A' 'A' 'U' 'A' 'A' 'U' 'M' 'A' 'U' 'A' 'U' 'M' 'A' 'U' 'A' 'U' 'A'
 'U' 'U' 'A' 'A' 'A' 'A' 'A' 'A' 'A' 'A' 'A' 'A' 'A' 'A' 'A' 'A' 'M' 'U'
 'A' 'A' 'A' 'M' 'A' 'A' 'U' 'A' 'A' 'A' 'U' 'A' 'A' 'A' 'A' 'U' 'A' 'U'
 'U' 'A' 'A' 'A' 'A' 'M' 'A' 'A' 'U' 'A' 'U' 'A' 'A' 'A' 'U' 'A' 'A' 'A'
 'A' 'A' 'A' 'A' 'A' 'U' 'A' 'M' 'A' 'M' 'A' 'U' 'A' 'U' 'A' 'U' 'U' 'U']"
301,0,145,100,45,53,1,0,"['A' 'A' 'U' 'A' 'A' 'A' 'M' 'A' 'M' 'A' 'U' 'A' 'U' 'A' 'U' 'M' 'U' 'U'
 'U' 'U' 'A' 'A' 'U' 'A' 'A' 'U' 'A' 'M' 'M' 'A' 'A' 'U' 'U' 'U' 'A' 'A'
 'U' 'A' 'A' 'A' 'A' 'A' 'M' 'A' 'A' 'U' 'A' 'U' 'A' 'A' 'A' 'U' 'A' 'A'
 'A' 'A' 'U' 'A' 'A' 'M' 'U' 'A' 'M' 'A' 'A' 'M' 'M' 'M' 'M' 'M' 'M' 'M'
 'M' 'M' 'M' 'M' 'M' 'M' 'M' 'M' 'M' 'M' 'M' 'M' 'M' 'M' 'M' 'M' 'M' 'M'
 'M' 'M' 'M' 'M' 'U' 'U' 'A' 'A' 'A' 'U' 'U' 'U' 'A' 'A' 'U' 'A' 'A' 'U'
 'A' 'A' 'U' 'M' 'A' 'A' 'U' 'M' 'A' 'U' 'A' 'U' 'U' 'A' 'M' 'A' 'U' 'U'
 'U' 'A' 'A' 'A' 'A' 'A' 'A' 'A' 'A' 'A' 'A' 'U' 'A' 'A' 'A' 'A' 'M' 'U'
 'A' 'U' 'A' 'U' 'A' 'A' 'M' 'U' 'A' 'A' 'A' 'A' 'A' 'A' 'A' 'A' 'A' 'A'
 'U' 'A' 'A' 'A' 'U' 'M' 'A' 'A' 'U' 'A' 'U' 'A' 'A' 'U' 'A' 'A' 'A' 'A'
 'A' 'U' 'A' 'A' 'A' 'U' 'A' 'M' 'U' 'M' 'A' 'U' 'A' 'U' 'U' 'U' 'U' 'U']"
401,0,150,102,48,48,0,0,"['A' 'A' 'U' 'A' 'A' 'A' 'M' 'U' 'M' 'A' 'M' 'A' 'U' 'A' 'U' 'M' 'U' 'M'
 'U' 'U' 'U' 'A' 'U' 'A' 'A' 'U' 'A' 'M' 'M' 'A' 'A' 'U' 'U' 'U' 'A' 'A'
 'U' 'A' 'A' 'A' 'A' 'A' 'A' 'A' 'U' 'U' 'A' 'U' 'A' 'A' 'A' 'A' 'A' 'A'
 'A' 'A' 'U' 'A' 'A' 'M' 'M' 'A' 'M' 'A' 'A' 'M' 'M' 'M' 'M' 'M' 'M' 'M'
 'M' 'M' 'M' 'M' 'M' 'M' 'M' 'M' 'M' 'M' 'M' 'M' 'M' 'M' 'M' 'M' 'M' 'M'
 'M' 'U' 'M' 'M' 'M' 'U' 'U' 'A' 'A' 'M' 'U' 'U' 'A' 'A' 'U' 'A' 'A' 'U'
 'A' 'U' 'U' 'M' 'A' 'A' 'A' 'M' 'A' 'U' 'A' 'U' 'U' 'A' 'M' 'A' 'U' 'U'
 'A' 'A' 'A' 'A' 'A' 'A' 'A' 'A' 'A' 'A' 'A' 'U' 'U' 'A' 'A' 'U' 'M' 'U'
 'A' 'A' 'U' 'U' 'A' 'A' 'U' 'A' 'A' 'A' 'A' 'A' 'A' 'A' 'A' 'A' 'A' 'A'
 'U' 'A' 'A' 'A' 'U' 'M' 'A' 'A' 'A' 'A' 'A' 'A' 'A' 'M' 'A' 'A' 'A' 'A'
 'A' 'A' 'A' 'A' 'A' 'U' 'A' 'M' 'U' 'M' 'A' 'U' 'A' 'A' 'U' 'U' 'U' 'U']"
501,0,149,98,51,49,0,0,"['A' 'A' 'U' 'U' 'A' 'A' 'M' 'U' 'M' 'A' 'U' 'A' 'U' 'A' 'U' 'U' 'U' 'M'
 'M' 'A' 'U' 'A' 'A' 'A' 'A' 'U' 'A' 'M' 'M' 'A' 'A' 'A' 'U' 'A' 'A' 'A'
 'U' 'A' 'A' 'A' 'A' 'A' 'A' 'U' 'M' 'U' 'A' 'U' 'A' 'A' 'A' 'U' 'A' 'A'
 'A' 'U' 'U' 'A' 'A' 'U' 'M' 'A' 'M' 'A' 'A' 'M' 'M' 'M' 'M' 'U' 'M' 'M'
 'M' 'M' 'M' 'M' 'M' 'M' 'M' 'M' 'M' 'M' 'M' 'M' 'M' 'M' 'M' 'M' 'M' 'M'
 'M' 'M' 'M' 'M' 'M' 'U' 'U' 'A' 'A' 'M' 'U' 'A' 'A' 'A' 'U' 'A' 'A' 'U'
 'A' 'U' 'U' 'M' 'A' 'A' 'A' 'M' 'A' 'U' 'A' 'M' 'U' 'A' 'M' 'A' 'U' 'U'
 'A' 'A' 'A' 'A' 'A' 'A' 'A' 'A' 'A' 'A' 'A' 'A' 'U' 'A' 'U' 'U' 'M' 'U'
 'A' 'A' 'M' 'A' 'A' 'A' 'U' 'A' 'A' 'A' 'A' 'A' 'A' 'U' 'A' 'A' 'A' 'A'
 'U' 'A' 'A' 'M' 'U' 'M' 'A' 'A' 'A' 'A' 'A' 'A' 'A' 'M' 'A' 'A' 'A' 'A'
 'A' 'A' 'U' 'A' 'A' 'M' 'U' 'M' 'U' 'M' 'U' 'U' 'A' 'U' 'U' 'U' 'U' 'U']"
601,0,152,101,51,46,0,0,"['A' 'A' 'U' 'U' 'A' 'A' 'M' 'M' 'U' 'A' 'U' 'A' 'U' 'A' 'U' 'A' 'U' 'M'
 'M' 'A' 'U' 'A' 'A' 'A' 'A' 'U' 'U' 'U' 'M' 'A' 'U' 'A' 'U' 'A' 'A' 'A'
 'U' 'A' 'A' 'A' 'A' 'A' 'A' 'U' 'M' 'U' 'A' 'A' 'A' 'A' 'A' 'U' 'A' 'A'
 'A' 'U' 'A' 'A' 'A' 'U' 'M' 'A' 'M' 'U' 'A' 'M' 'M' 'M' 'M' 'M' 'M' 'M'
 'M' 'M' 'M' 'M' 'M' 'M' 'M' 'M' 'M' 'M' 'M' 'M' 'M' 'M' 'U' 'M' 'M' 'M'
 'M' 'M' 'M' 'M' 'M' 'U' 'U' 'A' 'A' 'M' 'U' 'A' 'A' 'A' 'U' 'A' 'A' 'A'
 'A' 'U' 'M' 'A' 'A' 'A' 'A' 'M' 'A' 'U' 'A' 'M' 'U' 'A' 'M' 'A' 'M' 'A'
 'A' 'A' 'A' 'A' 'A' 'A' 'A' 'A' 'A' 'A' 'A' 'A' 'A' 'A' 'U' 'U' 'M' 'M'
 'A' 'A' 'U' 'A' 'A' 'A' 'U' 'A' 'A' 'A' 'A' 'A' 'A' 'A' 'A' 'U' 'A' 'U'
 'U' 'A' 'A' 'M' 'U' 'M' 'A' 'A' 'U' 'A' 'A' 'A' 'A' 'M' 'A' 'A' 'A' 'A'
 'A' 'M' 'U' 'A' 'A' 'U' 'A' 'M' 'U' 'M' 'U' 'U' 'A' 'A' 'U' 'U' 'U' 'U']"
701,0,152,98,54,46,0,0,"['A' 'A' 'U' 'U' 'A' 'A' 'U' 'M' 'U' 'U' 'M' 'A' 'U' 'A' 'M' 'A' 'A' 'A'
 'M' 'A' 'U' 'U' 'A' 'A' 'A' 'U' 'U' 'A' 'M' 'A' 'U' 'A' 'U' 'A' 'A' 'A'
 'U' 'U' 'A' 'A' 'A' 'U' 'A' 'U' 'M' 'A' 'A' 'U' 'A' 'A' 'A' 'U' 'A' 'A'
 'A' 'U' 'A' 'A' 'U' 'M' 'M' 'U' 'M' 'U' 'A' 'M' 'M' 'M' 'M' 'M' 'M' 'M'
 'M' 'M' 'M' 'M' 'M' 'M' 'M' 'U' 'M' 'M' 'M' 'M' 'M' 'M' 'M' 'M' 'M' 'M'
 'M' 'M' 'M' 'M' 'M' 'U' 'U' 'A' 'A' 'M' 'U' 'A' 'A' 'A' 'M' 'A' 'A' 'U'
 'A' 'M' 'U' 'A' 'A' 'A' 'A' 'U' 'A' 'U' 'A' 'M' 'U' 'A' 'M' 'A' 'U' 'A'
 'A' 'A' 'A' 'A' 'A' 'A' 'A' 'A' 'A' 'A' 'A' 'A' 'A' 'A' 'A' 'U' 'M' 'M'
 'A' 'A' 'U' 'A' 'A' 'A' 'U' 'A' 'A' 'A' 'A' 'A' 'A' 'A' 'A' 'U' 'A' 'U'
 'U' 'A' 'A' 'M' 'M' 'M' 'U' 'A' 'U' 'A' 'A' 'A' 'A' 'M' 'A' 'A' 'A' 'A'
 'A' 'M' 'A' 'A' 'A' 'U' 'A' 'M' 'U' 'M' 'U' 'M' 'A' 'A' 'M' 'U' 'U' 'U']"
801,0,138,87,51,60,0,0,"['A' 'A' 'U' 'M' 'A' 'A' 'U' 'M' 'U' 'U' 'M' 'A' 'U' 'A' 'M' 'A' 'A' 'A'
 'M' 'A' 'U' 'U' 'A' 'U' 'A' 'A' 'U' 'A' 'M' 'U' 'U' 'A' 'U' 'A' 'U' 'U'
 'U' 'A' 'A' 'U' 'U' 'U' 'A' 'U' 'M' 'A' 'U' 'U' 'A' 'A' 'A' 'U' 'A' 'A'
 'A' 'U' 'A' 'A' 'U' 'M' 'U' 'U' 'M' 'U' 'A' 'M' 'M' 'M' 'M' 'M' 'M' 'M'
 'M' 'M' 'M' 'M' 'M' 'M' 'M' 'M' 'M' 'M' 'M' 'M' 'M' 'M' 'M' 'M' 'M' 'M'
 'M' 'M' 'M' 'U' 'M' 'U' 'U' 'A' 'A' 'U' 'U' 'A' 'A' 'A' 'M' 'A' 'A' 'U'
 'A' 'M' 'M' 'A' 'A' 'A' 'A' 'U' 'A' 'U' 'A' 'M' 'U' 'A' 'M' 'A' 'U' 'A'
 'A' 'A' 'A' 'A' 'A' 'A' 'A' 'A' 'A' 'U' 'A' 'A' 'A' 'A' 'A' 'U' 'M' 'M'
 'A' 'A' 'U' 'A' 'A' 'A' 'A' 'A' 'U' 'A' 'A' 'U' 'A' 'A' 'A' 'U' 'U' 'U'
 'U' 'A' 'A' 'M' 'M' 'M' 'U' 'A' 'U' 'A' 'U' 'U' 'A' 'U' 'U' 'A' 'A' 'A'
 'A' 'U' 'A' 'A' 'A' 'U' 'A' 'M' 'U' 'U' 'U' 'M' 'A' 'A' 'M' 'U' 'U' 'U']"
901,0,141,81,60,57,0,0,"['A' 'A' 'U' 'M' 'A' 'A' 'M' 'M' 'M' 'M' 'M' 'A' 'A' 'A' 'M' 'A' 'A' 'A'
 'M' 'A' 'U' 'A' 'U' 'U' 'A' 'A' 'U' 'A' 'U' 'U' 'U' 'A' 'U' 'A' 'U' 'U'
 'M' 'A' 'A' 'U' 'U' 'U' 'A' 'U' 'M' 'A' 'M' 'M' 'A' 'A' 'A' 'U' 'A' 'A'
 'A' 'U' 'A' 'A' 'U' 'U' 'U' 'U' 'M' 'U' 'A' 'M' 'M' 'M' 'M' 'U' 'M' 'M'
 'M' 'M' 'M' 'M' 'M' 'M' 'M' 'M' 'M' 'M' 'M' 'M' 'M' 'M' 'M' 'M' 'M' 'M'
 'M' 'M' 'M' 'M' 'M' 'U' 'U' 'A' 'A' 'U' 'U' 'A' 'A' 'A' 'U' 'A' 'A' 'U'
 'A' 'M' 'M' 'A' 'A' 'A' 'A' 'U' 'A' 'U' 'A' 'M' 'U' 'M' 'M' 'A' 'M' 'A'
 'U' 'A' 'A' 'A' 'A' 'A' 'U' 'A' 'A' 'U' 'A' 'A' 'A' 'A' 'A' 'U' 'M' 'M'
 'A' 'A' 'U' 'A' 'A' 'A' 'U' 'A' 'U' 'A' 'A' 'U' 'U' 'A' 'A' 'U' 'U' 'M'
 'U' 'A' 'A' 'M' 'M' 'M' 'M' 'A' 'M' 'A' 'U' 'A' 'A' 'U' 'U' 'U' 'U' 'A'
 'A' 'U' 'A' 'A' 'U' 'U' 'A' 'M' 'U' 'U' 'U' 'M' 'A' 'A' 'M' 'M' 'U' 'U']"
1001,0,142,82,60,56,1,0,"['A' 'U' 'U' 'M' 'A' 'A' 'M' 'U' 'M' 'M' 'M' 'A' 'A' 'U' 'M' 'A' 'U' 'A'
 'M' 'A' 'A' 'A' 'U' 'U' 'A' 'A' 'U' 'A' 'U' 'U' 'U' 'A' 'A' 'A' 'U' 'U'
 'M' 'A' 'A' 'U' 'U' 'U' 'U' 'U' 'M' 'A' 'M' 'M' 'A' 'A' 'A' 'U' 'A' 'U'
 'A' 'U' 'A' 'A' 'M' 'U' 'U' 'M' 'M' 'U' 'A' 'M' 'M' 'M' 'M' 'M' 'M' 'U'
 'M' 'M' 'M' 'M' 'M' 'M' 'M' 'M' 'M' 'M' 'M' 'M' 'M' 'M' 'M' 'M' 'M' 'M'
 'M' 'M' 'M' 'M' 'M' 'U' 'U' 'A' 'A' 'U' 'U' 'A' 'A' 'A' 'U' 'A' 'U' 'U'
 'A' 'M' 'M' 'A' 'A' 'A' 'A' 'U' 'A' 'U' 'A' 'M' 'U' 'A' 'M' 'A' 'M' 'A'
 'M' 'A' 'U' 'A' 'A' 'A' 'A' 'A' 'A' 'A' 'A' 'A' 'A' 'A' 'A' 'U' 'M' 'A'
 'A' 'A' 'U' 'A' 'A' 'A' 'U' 'A' 'U' 'A' 'A' 'A' 'U' 'A' 'A' 'U' 'A' 'M'
 'U' 'A' 'A' 'U' 'U' 'M' 'M' 'A' 'M' 'A' 'U' 'A' 'A' 'M' 'U' 'U' 'U' 'A'
 'A' 'M' 'A' 'U' 'U' 'U' 'A' 'U' 'U' 'U' 'U' 'M' 'A' 'A' 'M' 'M' 'A' 'M']"
1101,0,134,71,63,64,0,1,"['A' 'U' 'U' 'U' 'U' 'A' 'M' 'U' 'M' 'M' 'M' 'U' 'A' 'U' 'M' 'U' 'M' 'A'
 'M' 'A' 'A' 'A' 'A' 'A' 'A' 'U' 'U' 'A' 'M' 'M' 'U' 'U' 'M' 'A' 'U' 'U'
 'M' 'A' 'A' 'U' 'U' 'U' 'U' 'M' 'A' 'A' 'M' 'M' 'A' 'A' 'A' 'U' 'A' 'U'
 'A' 'U' 'U' 'A' 'M' 'U' 'U' 'M' 'M' 'U' 'U' 'M' 'M' 'M' 'M' 'M' 'M' 'M'
 'M' 'M' 'M' 'M' 'M' 'M' 'M' 'M' 'M' 'M' 'M' 'M' 'M' 'M' 'M' 'M' 'M' 'M'
 'M' 'M' 'U' 'M' 'M' 'U' 'U' 'A' 'A' 'U' 'U' 'A' 'A' 'A' 'U' 'A' 'M' 'A'
 'A' 'M' 'M' 'A' 'A' 'U' 'A' 'M' 'A' 'U' 'A' 'M' 'U' 'A' 'M' 'A' 'U' 'A'
 'U' 'A' 'U' 'A' 'U' 'A' 'A' 'A' 'A' 'A' 'A' 'A' 'A' 'A' 'U' 'U' 'M' 'A'
 'A' 'A' 'U' 'A' 'A' 'A' 'U' 'A' 'U' 'A' 'A' 'A' 'U' 'U' 'A' 'U' 'U' 'M'
 'U' 'U' 'A' 'U' 'A' 'M' 'M' 'U' 'M' 'A' 'U' 'A' 'A' 'U' 'U' 'U' 'U' 'U'
 'A' 'M' 'A' 'U' 'M' 'U' 'A' 'U' 'U' 'U' 'U' 'M' 'A' 'A' 'M' 'M' 'A' 'M']"
1201,0,131,66,65,67,0,0,"['A' 'U' 'U' 'U' 'U' 'U' 'M' 'A' 'M' 'M' 'M' 'U' 'A' 'U' 'M' 'U' 'M' 'A'
 'U' 'A' 'A' 'A' 'A' 'A' 'A' 'U' 'U' 'A' 'M' 'M' 'M' 'U' 'M' 'A' 'U' 'U'
 'M' 'A' 'A' 'U' 'M' 'U' 'U' 'U' 'A' 'A' 'U' 'M' 'A' 'U' 'A' 'U' 'A' 'U'
 'A' 'M' 'U' 'U' 'U' 'U' 'M' 'M' 'M' 'U' 'A' 'M' 'M' 'M' 'M' 'M' 'M' 'M'
 'M' 'M' 'M' 'M' 'M' 'M' 'M' 'U' 'M' 'M' 'M' 'M' 'M' 'M' 'M' 'M' 'M' 'M'
 'M' 'M' 'M' 'M' 'M' 'U' 'U' 'A' 'A' 'A' 'U' 'U' 'U' 'U' 'U' 'A' 'M' 'A'
 'U' 'M' 'M' 'A' 'A' 'U' 'A' 'M' 'A' 'U' 'U' 'M' 'U' 'A' 'M' 'A' 'U' 'A'
 'U' 'A' 'M' 'A' 'U' 'A' 'A' 'A' 'A' 'A' 'A' 'A' 'A' 'A' 'U' 'U' 'M' 'A'
 'A' 'A' 'U' 'A' 'A' 'A' 'U' 'A' 'U' 'A' 'A' 'A' 'U' 'U' 'A' 'U' 'M' 'M'
 'U' 'U' 'A' 'U' 'A' 'M' 'M' 'U' 'M' 'A' 'U' 'A' 'A' 'A' 'U' 'U' 'U' 'U'
 'A' 'M' 'A' 'U' 'M' 'U' 'A' 'U' 'U' 'U' 'U' 'M' 'U' 'A' 'M' 'M' 'A' 'M']"
1301,0,125,58,67,73,0,0,"['A' 'U' 'U' 'U' 'U' 'U' 'M' 'U' 'M' 'M' 'M' 'U' 'A' 'U' 'M' 'U' 'M' 'A'
 'A' 'U' 'A' 'A' 'A' 'A' 'A' 'U' 'U' 'U' 'M' 'M' 'U' 'U' 'M' 'A' 'M' 'U'
 'M' 'A' 'A' 'U' 'U' 'M' 'U' 'U' 'A' 'A' 'U' 'M' 'A' 'U' 'A' 'U' 'A' 'U'
 'A' 'M' 'U' 'U' 'U' 'U' 'M' 'M' 'U' 'M' 'A' 'M' 'M' 'M' 'M' 'M' 'M' 'M'
 'M' 'M' 'M' 'M' 'M' 'M' 'M' 'M' 'M' 'M' 'M' 'M' 'M' 'M' 'M' 'M' 'M' 'M'
 'M' 'U' 'M' 'M' 'M' 'U' 'U' 'A' 'A' 'U' 'U' 'U' 'U' 'U' 'U' 'A' 'M' 'A'
 'U' 'M' 'M' 'A' 'M' 'U' 'A' 'M' 'A' 'U' 'U' 'M' 'U' 'A' 'M' 'A' 'U' 'A'
 'U' 'A' 'M' 'A' 'A' 'A' 'A' 'A' 'A' 'A' 'A' 'A' 'A' 'A' 'U' 'U' 'M' 'A'
 'A' 'A' 'U' 'U' 'A' 'A' 'U' 'U' 'U' 'U' 'U' 'A' 'U' 'U' 'A' 'A' 'M' 'U'
 'U' 'U' 'A' 'U' 'A' 'M' 'M' 'U' 'M' 'A' 'U' 'U' 'A' 'A' 'U' 'U' 'U' 'U'
 'A' 'U' 'A' 'U' 'M' 'M' 'A' 'M' 'U' 'U' 'M' 'M' 'U' 'A' 'M' 'M' 'U' 'M']"
1401,1,135,55,80,63,0,1,"['A' 'U' 'U' 'M' 'U' 'U' 'M' 'U' 'M' 'U' 'M' 'U' 'U' 'U' 'M' 'U' 'M' 'A'
 'A' 'U' 'A' 'A' 'A' 'U' 'A' 'U' 'M' 'A' 'M' 'M' 'U' 'U' 'M' 'A' 'M' 'U'
 'M' 'A' 'A' 'M' 'U' 'M' 'U' 'U' 'A' 'A' 'A' 'M' 'A' 'U' 'M' 'U' 'A' 'M'
 'A' 'M' 'U' 'A' 'M' 'U' 'M' 'M' 'U' 'M' 'A' 'M' 'M' 'M' 'M' 'M' 'M' 'M'
 'M' 'M' 'M' 'M' 'M' 'M' 'M' 'M' 'M' 'M' 'M' 'M' 'M' 'M' 'U' 'M' 'M' 'M'
 'M' 'M' 'M' 'M' 'M' 'U' 'U' 'A' 'U' 'M' 'U' 'U' 'U' 'M' 'U' 'A' 'M' 'A'
 'U' 'M' 'M' 'U' 'M' 'M' 'U' 'M' 'A' 'M' 'U' 'M' 'U' 'A' 'M' 'A' 'M' 'A'
 'U' 'A' 'M' 'A' 'A' 'A' 'A' 'A' 'A' 'A' 'A' 'A' 'A' 'A' 'A' 'M' 'M' 'U'
 'A' 'A' 'A' 'M' 'A' 'A' 'U' 'U' 'U' 'U' 'U' 'A' 'U' 'U' 'A' 'A' 'M' 'U'
 'U' 'M' 'A' 'U' 'A' 'M' 'A' 'U' 'M' 'A' 'U' 'U' 'A' 'M' 'U' 'U' 'U' 'U'
 'U' 'U' 'U' 'U' 'M' 'M' 'A' 'M' 'M' 'U' 'M' 'M' 'U' 'A' 'M' 'A' 'U' 'M']"
1501,0,135,53,82,63,0,0,"['A' 'U' 'U' 'U' 'U' 'U' 'M' 'U' 'M' 'U' 'U' 'U' 'U' 'M' 'M' 'U' 'M' 'U'
 'A' 'U' 'A' 'A' 'A' 'U' 'A' 'U' 'M' 'U' 'M' 'M' 'U' 'U' 'M' 'A' 'M' 'U'
 'M' 'A' 'U' 'M' 'U' 'M' 'A' 'U' 'A' 'A' 'A' 'M' 'U' 'U' 'M' 'U' 'A' 'M'
 'A' 'M' 'U' 'A' 'M' 'U' 'M' 'M' 'A' 'M' 'A' 'M' 'M' 'M' 'M' 'M' 'M' 'M'
 'M' 'M' 'M' 'M' 'M' 'M' 'M' 'M' 'M' 'M' 'M' 'M' 'M' 'M' 'M' 'M' 'M' 'M'
 'M' 'M' 'M' 'M' 'U' 'U' 'U' 'U' 'U' 'M' 'U' 'M' 'U' 'M' 'M' 'A' 'M' 'A'
 'A' 'M' 'M' 'U' 'M' 'M' 'U' 'M' 'A' 'M' 'M' 'M' 'U' 'A' 'M' 'A' 'M' 'A'
 'U' 'U' 'M' 'A' 'A' 'A' 'A' 'A' 'A' 'A' 'A' 'A' 'A' 'A' 'A' 'M' 'M' 'U'
 'M' 'U' 'A' 'M' 'A' 'A' 'U' 'U' 'U' 'U' 'U' 'A' 'U' 'U' 'A' 'A' 'M' 'U'
 'M' 'M' 'A' 'U' 'A' 'M' 'A' 'U' 'M' 'A' 'U' 'A' 'A' 'M' 'U' 'A' 'U' 'U'
 'U' 'M' 'U' 'A' 'U' 'M' 'A' 'U' 'M' 'U' 'M' 'M' 'U' 'A' 'M' 'A' 'U' 'U']"
1601,1,135,51,84,63,0,0,"['A' 'U' 'U' 'U' 'U' 'U' 'M' 'U' 'M' 'U' 'U' 'U' 'U' 'M' 'M' 'U' 'U' 'U'
 'A' 'M' 'A' 'A' 'U' 'U' 'M' 'M' 'M' 'U' 'M' 'U' 'U' 'M' 'M' 'A' 'M' 'U'
 'M' 'A' 'U' 'M' 'U' 'M' 'U' 'M' 'A' 'A' 'A' 'M' 'A' 'U' 'M' 'U' 'A' 'M'
 'U' 'M' 'U' 'A' 'M' 'U' 'M' 'M' 'U' 'M' 'A' 'M' 'M' 'M' 'M' 'M' 'M' 'M'
 'M' 'M' 'M' 'M' 'M' 'M' 'M' 'M' 'M' 'M' 'M' 'M' 'M' 'M' 'M' 'U' 'M' 'M'
 'M' 'M' 'M' 'M' 'M' 'U' 'U' 'U' 'A' 'M' 'A' 'M' 'M' 'M' 'M' 'A' 'M' 'A'
 'A' 'M' 'M' 'U' 'M' 'A' 'U' 'M' 'A' 'M' 'M' 'M' 'U' 'U' 'M' 'A' 'M' 'A'
 'U' 'U' 'M' 'A' 'A' 'A' 'A' 'A' 'A' 'A' 'A' 'U' 'A' 'A' 'A' 'U' 'M' 'M'
 'M' 'U' 'A' 'M' 'A' 'A' 'U' 'U' 'U' 'U' 'U' 'A' 'A' 'U' 'U' 'A' 'M' 'U'
 'M' 'M' 'A' 'A' 'A' 'M' 'U' 'A' 'M' 'A' 'U' 'A' 'A' 'M' 'U' 'U' 'U' 'U'
 'U' 'M' 'A' 'A' 'U' 'U' 'A' 'A' 'M' 'U' 'M' 'M' 'U' 'U' 'M' 'A' 'U' 'U']"
1701,0,138,51,87,60,1,0,"['A' 'U' 'U' 'U' 'U' 'U' 'M' 'U' 'M' 'A' 'U' 'U' 'U' 'M' 'M' 'U' 'U' 'U'
 'A' 'A' 'A' 'U' 'U' 'U' 'M' 'M' 'M' 'U' 'M' 'U' 'U' 'M' 'M' 'A' 'M' 'U'
 'M' 'A' 'A' 'M' 'U' 'M' 'U' 'M' 'A' 'A' 'A' 'M' 'A' 'M' 'M' 'U' 'A' 'U'
 'U' 'M' 'U' 'A' 'M' 'A' 'U' 'M' 'U' 'M' 'A' 'M' 'M' 'M' 'M' 'M' 'M' 'M'
 'M' 'M' 'M' 'M' 'M' 'M' 'M' 'M' 'M' 'M' 'M' 'M' 'M' 'U' 'M' 'M' 'M' 'M'
 'M' 'M' 'M' 'M' 'M' 'U' 'U' 'U' 'A' 'M' 'U' 'M' 'M' 'M' 'M' 'A' 'M' 'A'
 'A' 'M' 'M' 'U' 'U' 'A' 'U' 'M' 'A' 'M' 'U' 'U' 'M' 'M' 'M' 'A' 'M' 'A'
 'M' 'M' 'M' 'U' 'A' 'A' 'A' 'A' 'A' 'A' 'U' 'A' 'A' 'U' 'U' 'U' 'M' 'M'
 'M' 'U' 'U' 'M' 'A' 'A' 'A' 'U' 'M' 'U' 'U' 'A' 'A' 'U' 'U' 'U' 'M' 'U'
 'M' 'M' 'A' 'U' 'A' 'M' 'A' 'A' 'M' 'A' 'U' 'A' 'A' 'M' 'U' 'A' 'M' 'U'
 'M' 'M' 'A' 'A' 'U' 'M' 'A' 'A' 'M' 'U' 'M' 'M' 'U' 'U' 'M' 'A' 'A' 'U']"
1801,0,141,51,90,57,0,0,"['A' 'M' 'U' 'U' 'U' 'U' 'M' 'A' 'M' 'A' 'U' 'U' 'U' 'M' 'M' 'U' 'U' 'U'
 'A' 'A' 'M' 'U' 'U' 'U' 'M' 'U' 'M' 'U' 'U' 'U' 'M' 'M' 'M' 'A' 'U' 'U'
 'M' 'A' 'A' 'M' 'U' 'M' 'U' 'M' 'A' 'A' 'A' 'M' 'A' 'M' 'M' 'A' 'A' 'U'
 'A' 'M' 'U' 'A' 'U' 'A' 'U' 'U' 'U' 'M' 'A' 'M' 'M' 'M' 'M' 'M' 'M' 'M'
 'M' 'M' 'M' 'M' 'M' 'M' 'M' 'M' 'M' 'M' 'M' 'M' 'M' 'M' 'M' 'M' 'M' 'U'
 'M' 'M' 'M' 'M' 'M' 'M' 'M' 'U' 'A' 'U' 'U' 'U' 'M' 'M' 'U' 'U' 'M' 'A'
 'A' 'M' 'M' 'U' 'M' 'A' 'U' 'M' 'A' 'M' 'M' 'U' 'M' 'U' 'M' 'A' 'M' 'A'
 'U' 'M' 'M' 'U' 'A' 'A' 'A' 'A' 'A' 'A' 'U' 'A' 'A' 'U' 'U' 'U' 'M' 'M'
 'M' 'U' 'U' 'M' 'A' 'A' 'A' 'U' 'M' 'U' 'M' 'A' 'A' 'U' 'U' 'U' 'M' 'M'
 'M' 'M' 'A' 'M' 'A' 'M' 'A' 'A' 'M' 'U' 'M' 'A' 'A' 'M' 'U' 'A' 'M' 'M'
 'M' 'M' 'A' 'A' 'M' 'M' 'A' 'A' 'M' 'U' 'M' 'M' 'U' 'U' 'M' 'A' 'A' 'U']"
1901,0,145,45,100,53,0,1,"['A' 'M' 'U' 'M' 'U' 'M' 'M' 'A' 'M' 'A' 'M' 'M' 'U' 'M' 'M' 'U' 'U' 'U'
 'A' 'U' 'M' 'U' 'A' 'M' 'U' 'U' 'U' 'U' 'U' 'M' 'M' 'M' 'M' 'A' 'U' 'U'
 'M' 'A' 'A' 'M' 'M' 'M' 'U' 'U' 'U' 'A' 'A' 'M' 'A' 'M' 'M' 'A' 'A' 'U'
 'A' 'M' 'U' 'A' 'M' 'A' 'U' 'M' 'A' 'M' 'U' 'M' 'M' 'M' 'M' 'M' 'M' 'M'
 'M' 'M' 'M' 'M' 'M' 'M' 'M' 'M' 'M' 'M' 'M' 'M' 'M' 'M' 'M' 'U' 'M' 'M'
 'M' 'M' 'M' 'M' 'M' 'M' 'M' 'U' 'U' 'U' 'U' 'U' 'M' 'M' 'A' 'U' 'M' 'U'
 'A' 'M' 'M' 'M' 'M' 'U' 'U' 'M' 'A' 'M' 'M' 'A' 'M' 'U' 'M' 'A' 'M' 'A'
 'A' 'M' 'M' 'U' 'A' 'A' 'A' 'A' 'U' 'A' 'A' 'A' 'A' 'U' 'U' 'U' 'M' 'M'
 'M' 'U' 'U' 'M' 'M' 'U' 'U' 'M' 'M' 'U' 'M' 'A' 'U' 'U' 'M' 'M' 'M' 'M'
 'M' 'M' 'A' 'M' 'A' 'M' 'U' 'A' 'U' 'U' 'M' 'A' 'A' 'M' 'U' 'A' 'M' 'M'
 'M' 'M' 'A' 'A' 'M' 'M' 'A' 'A' 'U' 'U' 'M' 'M' 'M' 'U' 'M' 'A' 'A' 'U']"
2001,1,141,34,107,57,0,0,"['A' 'M' 'U' 'M' 'M' 'U' 'M' 'U' 'M' 'A' 'M' 'M' 'U' 'M' 'M' 'U' 'U' 'U'
 'A' 'M' 'M' 'M' 'A' 'M' 'M' 'U' 'U' 'U' 'U' 'M' 'M' 'M' 'M' 'A' 'U' 'U'
 'M' 'U' 'A' 'M' 'M' 'M' 'U' 'U' 'U' 'U' 'A' 'M' 'A' 'M' 'M' 'A' 'A' 'U'
 'A' 'M' 'M' 'A' 'M' 'A' 'U' 'U' 'A' 'M' 'U' 'M' 'M' 'M' 'M' 'M' 'M' 'M'
 'M' 'M' 'M' 'M' 'M' 'M' 'M' 'U' 'M' 'M' 'M' 'M' 'M' 'M' 'M' 'M' 'M' 'M'
 'M' 'M' 'M' 'M' 'M' 'U' 'M' 'U' 'U' 'U' 'M' 'M' 'M' 'M' 'A' 'M' 'M' 'U'
 'A' 'M' 'M' 'M' 'M' 'U' 'U' 'M' 'A' 'M' 'M' 'A' 'M' 'U' 'M' 'U' 'M' 'U'
 'A' 'M' 'M' 'U' 'U' 'A' 'A' 'A' 'U' 'A' 'A' 'A' 'A' 'M' 'U' 'U' 'M' 'M'
 'M' 'U' 'M' 'M' 'U' 'M' 'U' 'M' 'M' 'U' 'M' 'A' 'U' 'M' 'M' 'U' 'M' 'M'
 'M' 'M' 'U' 'M' 'U' 'M' 'U' 'U' 'U' 'U' 'M' 'U' 'A' 'U' 'U' 'A' 'M' 'M'
 'M' 'M' 'A' 'A' 'M' 'M' 'A' 'A' 'U' 'U' 'M' 'M' 'M' 'U' 'M' 'M' 'A' 'U']"
2101,1,149,34,115,49,0,0,"['A' 'M' 'U' 'M' 'M' 'U' 'M' 'U' 'M' 'A' 'M' 'M' 'U' 'M' 'M' 'U' 'U' 'M'
 'A' 'M' 'M' 'M' 'U' 'M' 'M' 'U' 'U' 'U' 'U' 'M' 'M' 'M' 'M' 'A' 'U' 'U'
 'M' 'U' 'A' 'M' 'M' 'M' 'U' 'U' 'U' 'U' 'A' 'M' 'A' 'M' 'M' 'A' 'A' 'A'
 'A' 'M' 'M' 'A' 'M' 'A' 'U' 'U' 'A' 'M' 'U' 'M' 'M' 'M' 'M' 'U' 'M' 'M'
 'M' 'M' 'M' 'M' 'M' 'M' 'M' 'M' 'M' 'M' 'M' 'M' 'M' 'M' 'M' 'M' 'M' 'M'
 'M' 'M' 'M' 'M' 'M' 'U' 'M' 'U' 'M' 'M' 'M' 'M' 'U' 'M' 'A' 'M' 'M' 'U'
 'A' 'M' 'M' 'M' 'M' 'U' 'A' 'M' 'A' 'M' 'M' 'U' 'M' 'U' 'M' 'U' 'M' 'U'
 'A' 'M' 'M' 'U' 'U' 'A' 'A' 'A' 'A' 'A' 'A' 'A' 'U' 'M' 'U' 'M' 'M' 'M'
 'M' 'U' 'M' 'M' 'U' 'M' 'U' 'M' 'M' 'U' 'M' 'A' 'A' 'M' 'M' 'U' 'M' 'U'
 'M' 'U' 'M' 'M' 'U' 'M' 'M' 'U' 'M' 'M' 'M' 'U' 'A' 'M' 'U' 'M' 'M' 'M'
 'M' 'M' 'A' 'A' 'M' 'M' 'U' 'A' 'U' 'A' 'M' 'M' 'M' 'M' 'M' 'M' 'A' 'U']"
2201,0,149,29,120,49,0,0,"['A' 'M' 'U' 'U' 'M' 'M' 'M' 'A' 'M' 'A' 'M' 'M' 'A' 'M' 'M' 'U' 'U' 'M'
 'U' 'U' 'M' 'M' 'M' 'M' 'M' 'U' 'U' 'U' 'U' 'M' 'M' 'M' 'M' 'U' 'U' 'U'
 'M' 'U' 'U' 'M' 'M' 'M' 'U' 'U' 'U' 'U' 'U' 'M' 'A' 'U' 'M' 'U' 'U' 'A'
 'A' 'M' 'M' 'A' 'M' 'A' 'M' 'M' 'A' 'M' 'U' 'M' 'M' 'M' 'M' 'M' 'M' 'M'
 'M' 'U' 'M' 'M' 'M' 'M' 'M' 'M' 'M' 'M' 'M' 'M' 'M' 'M' 'M' 'M' 'M' 'M'
 'M' 'M' 'M' 'M' 'M' 'M' 'M' 'M' 'U' 'M' 'M' 'M' 'A' 'M' 'U' 'M' 'M' 'U'
 'A' 'M' 'M' 'M' 'M' 'U' 'A' 'M' 'A' 'M' 'M' 'U' 'M' 'M' 'M' 'M' 'M' 'U'
 'A' 'M' 'M' 'U' 'U' 'A' 'A' 'A' 'A' 'A' 'A' 'A' 'U' 'M' 'M' 'M' 'M' 'M'
 'M' 'M' 'M' 'U' 'M' 'M' 'U' 'M' 'M' 'U' 'M' 'U' 'A' 'M' 'M' 'U' 'M' 'U'
 'M' 'U' 'M' 'M' 'U' 'U' 'U' 'U' 'M' 'M' 'M' 'U' 'A' 'M' 'M' 'M' 'M' 'M'
 'M' 'M' 'A' 'A' 'M' 'M' 'U' 'A' 'U' 'A' 'M' 'M' 'M' 'M' 'M' 'M' 'A' 'U']"
2301,1,146,22,124,52,0,0,"['A' 'M' 'U' 'U' 'M' 'M' 'M' 'A' 'M' 'A' 'M' 'M' 'A' 'M' 'M' 'U' 'U' 'M'
 'U' 'U' 'M' 'M' 'M' 'M' 'M' 'A' 'U' 'U' 'U' 'M' 'M' 'M' 'M' 'U' 'U' 'M'
 'M' 'U' 'U' 'M' 'M' 'M' 'U' 'M' 'U' 'U' 'A' 'M' 'U' 'U' 'M' 'U' 'M' 'A'
 'U' 'M' 'M' 'A' 'M' 'U' 'M' 'M' 'U' 'M' 'U' 'M' 'M' 'M' 'M' 'M' 'M' 'M'
 'M' 'M' 'M' 'M' 'M' 'M' 'M' 'M' 'M' 'M' 'M' 'M' 'M' 'M' 'M' 'M' 'M' 'M'
 'M' 'M' 'M' 'M' 'U' 'U' 'M' 'M' 'U' 'M' 'M' 'M' 'A' 'M' 'U' 'M' 'M' 'U'
 'A' 'M' 'M' 'M' 'M' 'M' 'A' 'M' 'A' 'M' 'M' 'M' 'M' 'M' 'M' 'M' 'M' 'U'
 'U' 'M' 'M' 'U' 'U' 'A' 'A' 'A' 'A' 'U' 'A' 'A' 'U' 'M' 'M' 'M' 'M' 'M'
 'M' 'M' 'M' 'U' 'M' 'M' 'U' 'M' 'M' 'U' 'M' 'U' 'U' 'M' 'M' 'U' 'M' 'U'
 'U' 'U' 'M' 'M' 'U' 'U' 'U' 'U' 'M' 'M' 'M' 'U' 'U' 'M' 'M' 'M' 'M' 'M'
 'M' 'M' 'A' 'U' 'M' 'M' 'U' 'A' 'U' 'A' 'M' 'M' 'M' 'M' 'M' 'M' 'A' 'M']"
2401,0,143,17,126,55,0,0,"['A' 'M' 'U' 'M' 'M' 'M' 'M' 'U' 'U' 'U' 'M' 'M' 'U' 'M' 'M' 'M' 'U' 'M'
 'U' 'U' 'M' 'M' 'M' 'M' 'M' 'U' 'U' 'U' 'U' 'M' 'M' 'M' 'M' 'U' 'U' 'M'
 'M' 'U' 'U' 'M' 'M' 'M' 'U' 'M' 'U' 'M' 'A' 'M' 'U' 'U' 'M' 'U' 'M' 'A'
 'U' 'M' 'M' 'A' 'M' 'U' 'M' 'M' 'U' 'M' 'U' 'M' 'M' 'M' 'M' 'M' 'M' 'M'
 'M' 'M' 'M' 'M' 'M' 'M' 'M' 'M' 'M' 'M' 'M' 'M' 'M' 'M' 'M' 'M' 'M' 'M'
 'M' 'U' 'M' 'M' 'M' 'U' 'M' 'M' 'U' 'M' 'M' 'M' 'A' 'M' 'U' 'M' 'U' 'U'
 'U' 'M' 'M' 'M' 'M' 'M' 'A' 'M' 'A' 'M' 'M' 'M' 'M' 'M' 'M' 'M' 'M' 'U'
 'M' 'M' 'M' 'M' 'U' 'U' 'A' 'A' 'A' 'U' 'A' 'A' 'A' 'M' 'M' 'U' 'M' 'M'
 'M' 'M' 'M' 'U' 'M' 'M' 'M' 'M' 'M' 'U' 'U' 'U' 'U' 'M' 'M' 'U' 'M' 'U'
 'U' 'U' 'M' 'U' 'U' 'M' 'U' 'U' 'U' 'M' 'M' 'M' 'U' 'M' 'M' 'M' 'M' 'M'
 'M' 'M' 'A' 'U' 'M' 'M' 'M' 'A' 'U' 'A' 'M' 'U' 'M' 'M' 'M' 'M' 'A' 'M']"
2501,0,160,15,145,38,0,1,"['A' 'M' 'M' 'M' 'M' 'M' 'M' 'M' 'U' 'U' 'M' 'M' 'U' 'M' 'U' 'M' 'U' 'M'
 'M' 'M' 'M' 'M' 'M' 'M' 'M' 'U' 'U' 'U' 'U' 'M' 'M' 'M' 'M' 'A' 'M' 'M'
 'M' 'U' 'U' 'M' 'M' 'M' 'U' 'M' 'U' 'M' 'U' 'M' 'U' 'M' 'M' 'M' 'M' 'U'
 'U' 'M' 'M' 'A' 'M' 'M' 'M' 'M' 'U' 'M' 'U' 'M' 'M' 'M' 'M' 'M' 'M' 'U'
 'M' 'M' 'M' 'M' 'M' 'M' 'M' 'M' 'M' 'M' 'M' 'M' 'M' 'M' 'M' 'M' 'M' 'M'
 'M' 'M' 'M' 'M' 'M' 'M' 'M' 'M' 'U' 'M' 'M' 'M' 'A' 'M' 'U' 'M' 'M' 'U'
 'U' 'M' 'M' 'M' 'M' 'M' 'A' 'M' 'A' 'M' 'M' 'M' 'M' 'M' 'M' 'M' 'M' 'U'
 'M' 'M' 'M' 'M' 'M' 'M' 'A' 'U' 'A' 'M' 'A' 'A' 'A' 'M' 'M' 'U' 'M' 'M'
 'M' 'M' 'M' 'M' 'M' 'M' 'M' 'M' 'M' 'U' 'M' 'M' 'M' 'M' 'M' 'U' 'M' 'U'
 'M' 'U' 'M' 'U' 'U' 'M' 'M' 'U' 'M' 'M' 'M' 'M' 'U' 'M' 'M' 'M' 'M' 'M'
 'M' 'M' 'A' 'U' 'M' 'M' 'M' 'A' 'U' 'A' 'M' 'U' 'M' 'M' 'M' 'M' 'A' 'M']"
2601,0,158,15,143,40,0,0,"['A' 'M' 'M' 'M' 'M' 'M' 'M' 'M' 'U' 'M' 'M' 'M' 'M' 'U' 'U' 'M' 'U' 'M'
 'M' 'M' 'M' 'M' 'M' 'U' 'M' 'U' 'U' 'M' 'U' 'M' 'M' 'M' 'M' 'A' 'M' 'M'
 'M' 'U' 'M' 'M' 'M' 'M' 'U' 'M' 'U' 'M' 'U' 'U' 'U' 'M' 'M' 'M' 'M' 'U'
 'U' 'M' 'M' 'U' 'M' 'M' 'M' 'M' 'U' 'M' 'U' 'M' 'M' 'M' 'M' 'M' 'M' 'M'
 'M' 'M' 'M' 'M' 'M' 'M' 'M' 'M' 'U' 'M' 'M' 'M' 'M' 'M' 'M' 'M' 'M' 'M'
 'M' 'M' 'M' 'M' 'M' 'M' 'M' 'M' 'U' 'M' 'M' 'M' 'A' 'M' 'U' 'M' 'M' 'M'
 'M' 'M' 'M' 'U' 'M' 'M' 'A' 'M' 'U' 'M' 'M' 'M' 'M' 'M' 'M' 'M' 'M' 'U'
 'M' 'M' 'M' 'M' 'M' 'U' 'A' 'A' 'A' 'A' 'A' 'A' 'A' 'M' 'M' 'M' 'M' 'M'
 'M' 'M' 'U' 'M' 'M' 'M' 'M' 'U' 'M' 'U' 'M' 'M' 'M' 'M' 'M' 'U' 'M' 'U'
 'U' 'U' 'M' 'U' 'U' 'M' 'M' 'U' 'M' 'M' 'M' 'M' 'U' 'M' 'M' 'M' 'M' 'M'
 'M' 'M' 'A' 'U' 'M' 'M' 'M' 'A' 'U' 'A' 'M' 'U' 'M' 'M' 'M' 'M' 'A' 'M']"
2701,0,161,16,145,37,0,0,"['A' 'M' 'M' 'M' 'M' 'M' 'M' 'U' 'U' 'M' 'M' 'M' 'M' 'M' 'U' 'M' 'U' 'M'
 'M' 'M' 'M' 'M' 'M' 'U' 'M' 'U' 'M' 'M' 'U' 'M' 'M' 'M' 'M' 'A' 'M' 'M'
 'M' 'U' 'M' 'M' 'M' 'U' 'M' 'M' 'A' 'M' 'U' 'U' 'U' 'M' 'M' 'M' 'U' 'U'
 'M' 'M' 'M' 'U' 'M' 'M' 'M' 'M' 'U' 'M' 'U' 'M' 'M' 'M' 'M' 'M' 'M' 'M'
 'M' 'M' 'M' 'M' 'M' 'M' 'M' 'M' 'M' 'M' 'M' 'M' 'M' 'M' 'M' 'U' 'M' 'M'
 'M' 'M' 'M' 'M' 'M' 'M' 'M' 'M' 'U' 'M' 'M' 'M' 'A' 'M' 'U' 'M' 'M' 'M'
 'M' 'M' 'M' 'U' 'M' 'U' 'A' 'M' 'U' 'M' 'M' 'M' 'M' 'M' 'M' 'U' 'M' 'U'
 'M' 'M' 'M' 'M' 'U' 'U' 'U' 'A' 'A' 'A' 'A' 'A' 'A' 'M' 'M' 'M' 'M' 'M'
 'M' 'M' 'M' 'M' 'M' 'M' 'M' 'U' 'M' 'U' 'M' 'M' 'M' 'M' 'M' 'M' 'M' 'M'
 'U' 'A' 'M' 'U' 'U' 'M' 'M' 'U' 'M' 'M' 'M' 'M' 'M' 'M' 'M' 'M' 'M' 'M'
 'M' 'M' 'A' 'U' 'M' 'M' 'M' 'A' 'M' 'A' 'M' 'A' 'M' 'M' 'M' 'M' 'U' 'U']"
2801,0,162,13,149,36,0,0,"['A' 'M' 'M' 'M' 'M' 'M' 'M' 'U' 'M' 'M' 'M' 'M' 'M' 'M' 'U' 'M' 'U' 'M'
 'M' 'M' 'M' 'M' 'M' 'U' 'M' 'U' 'M' 'M' 'U' 'M' 'M' 'M' 'M' 'U' 'M' 'M'
 'M' 'U' 'M' 'M' 'M' 'U' 'M' 'M' 'A' 'U' 'U' 'M' 'U' 'M' 'M' 'M' 'U' 'U'
 'M' 'M' 'M' 'U' 'M' 'M' 'M' 'M' 'U' 'M' 'M' 'M' 'M' 'M' 'M' 'M' 'M' 'M'
 'M' 'M' 'M' 'M' 'M' 'M' 'U' 'M' 'M' 'M' 'M' 'M' 'M' 'M' 'M' 'M' 'M' 'M'
 'M' 'M' 'M' 'M' 'M' 'M' 'M' 'M' 'M' 'M' 'M' 'M' 'U' 'M' 'A' 'M' 'M' 'M'
 'M' 'M' 'M' 'U' 'M' 'U' 'U' 'M' 'U' 'M' 'M' 'M' 'M' 'M' 'M' 'U' 'M' 'U'
 'U' 'M' 'M' 'M' 'U' 'A' 'A' 'A' 'A' 'A' 'U' 'A' 'A' 'M' 'M' 'M' 'M' 'M'
 'M' 'M' 'M' 'M' 'M' 'M' 'M' 'U' 'M' 'U' 'M' 'M' 'M' 'M' 'M' 'M' 'M' 'M'
 'M' 'U' 'M' 'U' 'U' 'M' 'M' 'M' 'M' 'M' 'M' 'M' 'M' 'M' 'M' 'M' 'U' 'M'
 'M' 'M' 'A' 'U' 'M' 'M' 'M' 'A' 'M' 'A' 'M' 'U' 'M' 'M' 'M' 'M' 'U' 'M']"
2901,0,165,8,157,33,0,0,"['A' 'M' 'M' 'M' 'M' 'M' 'M' 'U' 'M' 'M' 'M' 'M' 'M' 'M' 'U' 'M' 'U' 'M'
 'M' 'M' 'M' 'M' 'M' 'M' 'M' 'U' 'M' 'M' 'U' 'M' 'M' 'M' 'M' 'U' 'M' 'M'
 'M' 'U' 'M' 'M' 'M' 'U' 'M' 'M' 'A' 'U' 'U' 'M' 'U' 'M' 'M' 'M' 'M' 'U'
 'M' 'M' 'M' 'M' 'M' 'M' 'M' 'M' 'U' 'M' 'M' 'M' 'M' 'M' 'M' 'M' 'M' 'M'
 'M' 'M' 'M' 'M' 'M' 'M' 'M' 'M' 'M' 'M' 'M' 'M' 'M' 'M' 'M' 'M' 'U' 'M'
 'M' 'M' 'M' 'M' 'M' 'M' 'M' 'M' 'M' 'M' 'M' 'U' 'U' 'M' 'A' 'M' 'U' 'M'
 'M' 'M' 'M' 'M' 'M' 'M' 'U' 'M' 'U' 'M' 'U' 'M' 'M' 'M' 'M' 'M' 'M' 'M'
 'U' 'M' 'M' 'M' 'U' 'A' 'U' 'U' 'A' 'U' 'U' 'A' 'U' 'M' 'M' 'M' 'M' 'M'
 'M' 'M' 'M' 'M' 'M' 'M' 'M' 'U' 'M' 'M' 'M' 'M' 'M' 'M' 'M' 'M' 'U' 'M'
 'M' 'M' 'M' 'M' 'M' 'M' 'M' 'M' 'M' 'M' 'M' 'M' 'M' 'M' 'M' 'M' 'M' 'M'
 'M' 'M' 'U' 'U' 'M' 'M' 'M' 'A' 'M' 'A' 'M' 'U' 'M' 'M' 'M' 'M' 'U' 'M']"
3001,0,168,6,162,30,0,1,"['A' 'M' 'M' 'M' 'M' 'M' 'M' 'U' 'M' 'M' 'M' 'M' 'M' 'M' 'U' 'M' 'U' 'M'
 'M' 'M' 'M' 'M' 'M' 'M' 'M' 'U' 'M' 'M' 'U' 'M' 'M' 'M' 'M' 'U' 'M' 'M'
 'M' 'U' 'M' 'M' 'M' 'M' 'M' 'M' 'A' 'U' 'U' 'M' 'U' 'M' 'M' 'M' 'M' 'U'
 'M' 'M' 'M' 'M' 'M' 'M' 'M' 'M' 'U' 'M' 'M' 'M' 'M' 'M' 'M' 'M' 'M' 'M'
 'M' 'M' 'M' 'M' 'M' 'M' 'M' 'M' 'M' 'M' 'M' 'M' 'M' 'M' 'U' 'M' 'M' 'M'
 'M' 'M' 'M' 'M' 'M' 'M' 'M' 'M' 'M' 'M' 'M' 'U' 'U' 'M' 'M' 'M' 'U' 'M'
 'M' 'M' 'M' 'M' 'M' 'M' 'U' 'M' 'U' 'M' 'U' 'M' 'U' 'M' 'M' 'M' 'M' 'M'
 'M' 'M' 'M' 'M' 'U' 'M' 'M' 'U' 'U' 'A' 'U' 'A' 'A' 'M' 'M' 'M' 'M' 'M'
 'M' 'M' 'M' 'M' 'M' 'M' 'M' 'U' 'M' 'M' 'M' 'M' 'M' 'M' 'M' 'M' 'U' 'M'
 'M' 'M' 'M' 'M' 'M' 'M' 'M' 'M' 'M' 'M' 'M' 'M' 'M' 'M' 'M' 'M' 'M' 'M'
 'M' 'M' 'M' 'U' 'M' 'M' 'M' 'U' 'M' 'A' 'M' 'U' 'M' 'M' 'M' 'M' 'U' 'M']"
3101,0,170,2,168,28,0,0,"['A' 'M' 'M' 'M' 'M' 'M' 'M' 'U' 'M' 'M' 'M' 'M' 'M' 'M' 'U' 'M' 'M' 'M'
 'M' 'M' 'M' 'M' 'M' 'M' 'M' 'U' 'M' 'M' 'U' 'M' 'M' 'M' 'M' 'U' 'M' 'M'
 'M' 'U' 'M' 'M' 'M' 'M' 'M' 'M' 'U' 'U' 'U' 'M' 'U' 'M' 'M' 'M' 'M' 'U'
 'M' 'M' 'M' 'M' 'M' 'M' 'M' 'M' 'M' 'M' 'M' 'M' 'M' 'M' 'M' 'M' 'M' 'M'
 'M' 'M' 'M' 'M' 'M' 'M' 'M' 'M' 'M' 'M' 'M' 'M' 'M' 'M' 'M' 'U' 'M' 'M'
 'M' 'M' 'M' 'M' 'M' 'M' 'M' 'U' 'M' 'M' 'M' 'U' 'U' 'M' 'M' 'M' 'U' 'M'
 'M' 'M' 'M' 'M' 'M' 'M' 'U' 'M' 'U' 'M' 'M' 'M' 'M' 'M' 'M' 'M' 'M' 'M'
 'M' 'M' 'M' 'M' 'M' 'M' 'M' 'U' 'U' 'A' 'U' 'U' 'U' 'M' 'M' 'M' 'M' 'M'
 'M' 'M' 'M' 'M' 'M' 'M' 'M' 'M' 'M' 'M' 'M' 'M' 'M' 'M' 'M' 'M' 'U' 'M'
 'M' 'M' 'M' 'M' 'M' 'M' 'M' 'M' 'M' 'M' 'M' 'M' 'M' 'M' 'M' 'M' 'M' 'M'
 'M' 'M' 'M' 'U' 'M' 'M' 'M' 'U' 'M' 'U' 'M' 'U' 'M' 'M' 'M' 'M' 'M' 'M']"
3201,1,171,3,168,27,0,0,"['A' 'M' 'M' 'M' 'M' 'M' 'M' 'U' 'M' 'M' 'M' 'M' 'M' 'M' 'U' 'M' 'M' 'M'
 'M' 'M' 'M' 'M' 'M' 'U' 'M' 'U' 'M' 'M' 'U' 'M' 'M' 'M' 'M' 'M' 'M' 'M'
 'M' 'U' 'M' 'M' 'M' 'M' 'M' 'M' 'U' 'U' 'U' 'U' 'U' 'M' 'M' 'M' 'M' 'U'
 'M' 'M' 'M' 'M' 'M' 'M' 'M' 'U' 'M' 'M' 'M' 'M' 'M' 'M' 'M' 'M' 'M' 'M'
 'M' 'M' 'M' 'M' 'M' 'M' 'M' 'M' 'M' 'M' 'M' 'M' 'M' 'M' 'M' 'M' 'M' 'M'
 'M' 'M' 'M' 'M' 'U' 'M' 'M' 'U' 'M' 'M' 'M' 'M' 'M' 'M' 'M' 'M' 'U' 'M'
 'M' 'M' 'M' 'M' 'M' 'M' 'U' 'M' 'U' 'M' 'M' 'M' 'M' 'M' 'M' 'M' 'M' 'M'
 'M' 'M' 'M' 'M' 'U' 'U' 'U' 'A' 'M' 'A' 'U' 'U' 'U' 'M' 'M' 'M' 'M' 'M'
 'M' 'M' 'M' 'M' 'M' 'M' 'M' 'M' 'M' 'M' 'M' 'M' 'M' 'M' 'M' 'M' 'U' 'M'
 'M' 'M' 'M' 'M' 'M' 'M' 'M' 'M' 'M' 'M' 'M' 'M' 'M' 'M' 'M' 'M' 'M' 'M'
 'M' 'M' 'M' 'M' 'M' 'M' 'M' 'U' 'M' 'M' 'M' 'U' 'M' 'M' 'M' 'M' 'M' 'M']"
3301,0,178,6,172,20,0,1,"['A' 'M' 'M' 'M' 'M' 'M' 'M' 'U' 'M' 'M' 'M' 'M' 'M' 'M' 'U' 'M' 'M' 'M'
 'M' 'M' 'M' 'M' 'M' 'U' 'M' 'M' 'M' 'M' 'U' 'M' 'M' 'M' 'M' 'M' 'M' 'M'
 'M' 'U' 'M' 'M' 'M' 'M' 'M' 'M' 'U' 'U' 'M' 'U' 'M' 'M' 'M' 'M' 'M' 'U'
 'M' 'M' 'M' 'M' 'M' 'M' 'M' 'U' 'M' 'M' 'M' 'M' 'M' 'M' 'M' 'M' 'M' 'M'
 'M' 'M' 'M' 'M' 'M' 'M' 'U' 'M' 'M' 'M' 'M' 'M' 'M' 'M' 'M' 'M' 'M' 'M'
 'M' 'M' 'M' 'M' 'M' 'M' 'M' 'U' 'M' 'M' 'M' 'M' 'M' 'M' 'M' 'M' 'U' 'M'
 'M' 'M' 'M' 'M' 'M' 'M' 'M' 'M' 'U' 'M' 'M' 'M' 'M' 'M' 'M' 'M' 'M' 'M'
 'M' 'M' 'M' 'M' 'U' 'U' 'A' 'U' 'A' 'A' 'A' 'A' 'U' 'M' 'M' 'M' 'M' 'M'
 'M' 'M' 'M' 'M' 'M' 'M' 'M' 'M' 'M' 'M' 'M' 'M' 'M' 'M' 'M' 'M' 'M' 'M'
 'U' 'M' 'M' 'M' 'M' 'M' 'M' 'M' 'M' 'M' 'M' 'M' 'M' 'M' 'M' 'M' 'M' 'M'
 'M' 'M' 'M' 'M' 'M' 'M' 'M' 'U' 'M' 'M' 'M' 'M' 'M' 'M' 'M' 'M' 'M' 'M']"
3401,0,179,5,174,19,0,0,"['A' 'M' 'M' 'M' 'M' 'U' 'M' 'U' 'M' 'M' 'M' 'M' 'M' 'M' 'U' 'M' 'M' 'M'
 'M' 'M' 'M' 'M' 'M' 'M' 'M' 'M' 'M' 'M' 'M' 'M' 'M' 'U' 'M' 'M' 'M' 'M'
 'M' 'U' 'M' 'M' 'M' 'M' 'M' 'M' 'U' 'U' 'M' 'U' 'M' 'M' 'M' 'M' 'M' 'M'
 'M' 'M' 'M' 'M' 'M' 'M' 'M' 'M' 'U' 'M' 'M' 'M' 'M' 'M' 'M' 'M' 'M' 'M'
 'M' 'U' 'M' 'M' 'M' 'M' 'M' 'M' 'M' 'M' 'M' 'M' 'M' 'M' 'M' 'M' 'M' 'M'
 'M' 'M' 'M' 'M' 'M' 'M' 'M' 'U' 'M' 'M' 'M' 'M' 'M' 'M' 'M' 'M' 'U' 'M'
 'M' 'M' 'M' 'M' 'M' 'M' 'M' 'M' 'U' 'M' 'M' 'M' 'M' 'M' 'M' 'M' 'M' 'M'
 'M' 'M' 'M' 'M' 'M' 'U' 'M' 'U' 'A' 'A' 'U' 'A' 'A' 'M' 'M' 'M' 'M' 'M'
 'M' 'M' 'M' 'M' 'M' 'M' 'M' 'M' 'M' 'M' 'M' 'M' 'M' 'M' 'M' 'M' 'M' 'M'
 'U' 'M' 'M' 'M' 'M' 'M' 'M' 'M' 'M' 'M' 'M' 'M' 'M' 'M' 'M' 'M' 'M' 'M'
 'U' 'M' 'M' 'M' 'M' 'M' 'M' 'U' 'M' 'M' 'M' 'M' 'M' 'M' 'M' 'M' 'M' 'M']"
3501,0,180,3,177,18,0,0,"['A' 'M' 'M' 'M' 'M' 'M' 'M' 'U' 'M' 'M' 'M' 'M' 'U' 'M' 'U' 'M' 'M' 'M'
 'M' 'M' 'M' 'M' 'M' 'M' 'M' 'M' 'M' 'M' 'M' 'M' 'M' 'U' 'M' 'M' 'M' 'M'
 'M' 'U' 'M' 'M' 'M' 'M' 'M' 'M' 'M' 'M' 'M' 'U' 'M' 'M' 'M' 'M' 'M' 'M'
 'M' 'M' 'M' 'M' 'M' 'M' 'M' 'M' 'U' 'M' 'M' 'M' 'M' 'M' 'M' 'M' 'M' 'M'
 'M' 'M' 'M' 'M' 'M' 'M' 'M' 'M' 'M' 'U' 'M' 'M' 'M' 'M' 'M' 'M' 'M' 'M'
 'M' 'M' 'M' 'M' 'M' 'M' 'M' 'U' 'M' 'M' 'M' 'M' 'U' 'M' 'M' 'M' 'M' 'M'
 'M' 'M' 'M' 'M' 'M' 'M' 'M' 'M' 'M' 'M' 'M' 'M' 'M' 'M' 'M' 'M' 'M' 'M'
 'M' 'U' 'M' 'M' 'M' 'U' 'U' 'M' 'U' 'U' 'M' 'A' 'A' 'M' 'M' 'M' 'M' 'M'
 'M' 'M' 'M' 'M' 'M' 'M' 'M' 'M' 'M' 'M' 'M' 'M' 'M' 'M' 'M' 'M' 'M' 'M'
 'U' 'M' 'M' 'M' 'M' 'M' 'M' 'M' 'M' 'M' 'M' 'M' 'M' 'M' 'M' 'M' 'M' 'M'
 'U' 'M' 'M' 'M' 'M' 'M' 'M' 'U' 'M' 'M' 'M' 'M' 'M' 'M' 'M' 'M' 'M' 'M']"
3601,0,181,2,179,17,0,0,"['A' 'M' 'M' 'M' 'M' 'M' 'M' 'U' 'M' 'M' 'M' 'M' 'U' 'M' 'U' 'M' 'M' 'M'
 'M' 'M' 'M' 'M' 'M' 'M' 'M' 'M' 'M' 'M' 'M' 'M' 'M' 'M' 'M' 'M' 'M' 'M'
 'M' 'U' 'M' 'M' 'M' 'M' 'M' 'M' 'M' 'M' 'M' 'U' 'M' 'M' 'M' 'M' 'M' 'M'
 'M' 'M' 'M' 'M' 'M' 'M' 'M' 'M' 'M' 'M' 'M' 'M' 'M' 'M' 'M' 'M' 'M' 'M'
 'M' 'M' 'M' 'M' 'M' 'M' 'M' 'M' 'M' 'M' 'M' 'M' 'M' 'M' 'M' 'U' 'M' 'M'
 'M' 'M' 'M' 'M' 'M' 'M' 'M' 'U' 'M' 'M' 'M' 'M' 'M' 'M' 'M' 'M' 'M' 'M'
 'M' 'M' 'M' 'M' 'M' 'M' 'M' 'M' 'M' 'M' 'M' 'M' 'M' 'M' 'M' 'M' 'M' 'M'
 'U' 'U' 'M' 'M' 'M' 'U' 'M' 'M' 'U' 'U' 'M' 'U' 'A' 'M' 'M' 'M' 'M' 'M'
 'M' 'M' 'M' 'M' 'M' 'M' 'M' 'M' 'M' 'M' 'M' 'M' 'M' 'M' 'M' 'M' 'M' 'M'
 'U' 'M' 'M' 'M' 'M' 'M' 'M' 'M' 'M' 'M' 'M' 'M' 'M' 'M' 'M' 'M' 'M' 'U'
 'U' 'M' 'M' 'M' 'M' 'M' 'M' 'U' 'M' 'M' 'M' 'M' 'M' 'M' 'M' 'M' 'M' 'M']"
3701,0,184,6,178,14,0,0,"['A' 'M' 'M' 'M' 'M' 'M' 'M' 'U' 'M' 'M' 'M' 'M' 'M' 'M' 'M' 'M' 'M' 'M'
 'M' 'M' 'M' 'M' 'M' 'M' 'M' 'M' 'M' 'M' 'M' 'M' 'M' 'M' 'M' 'M' 'M' 'M'
 'M' 'M' 'M' 'M' 'M' 'M' 'M' 'M' 'M' 'M' 'M' 'U' 'M' 'M' 'M' 'M' 'M' 'M'
 'M' 'M' 'M' 'M' 'M' 'M' 'U' 'M' 'M' 'M' 'M' 'M' 'M' 'M' 'M' 'M' 'M' 'M'
 'M' 'M' 'M' 'M' 'M' 'M' 'M' 'M' 'U' 'M' 'M' 'M' 'M' 'M' 'M' 'M' 'M' 'M'
 'M' 'M' 'M' 'M' 'M' 'M' 'M' 'M' 'M' 'M' 'M' 'M' 'M' 'M' 'M' 'M' 'U' 'M'
 'M' 'M' 'M' 'M' 'M' 'M' 'M' 'M' 'M' 'M' 'M' 'M' 'M' 'M' 'M' 'M' 'M' 'M'
 'M' 'M' 'M' 'M' 'M' 'U' 'A' 'U' 'A' 'U' 'A' 'A' 'A' 'M' 'M' 'M' 'M' 'M'
 'M' 'M' 'M' 'M' 'M' 'M' 'M' 'M' 'M' 'M' 'M' 'M' 'M' 'M' 'M' 'M' 'M' 'M'
 'U' 'M' 'M' 'M' 'M' 'M' 'U' 'M' 'M' 'M' 'M' 'M' 'M' 'M' 'M' 'M' 'M' 'U'
 'U' 'M' 'M' 'M' 'M' 'M' 'M' 'U' 'M' 'U' 'M' 'M' 'M' 'M' 'M' 'M' 'M' 'M']"
3801,0,187,6,181,11,0,0,"['A' 'M' 'M' 'M' 'M' 'M' 'M' 'U' 'M' 'M' 'M' 'M' 'M' 'M' 'M' 'M' 'M' 'M'
 'M' 'M' 'M' 'M' 'M' 'M' 'M' 'M' 'M' 'M' 'M' 'M' 'M' 'M' 'M' 'M' 'M' 'M'
 'M' 'M' 'M' 'M' 'M' 'M' 'M' 'M' 'M' 'M' 'M' 'U' 'M' 'M' 'M' 'M' 'M' 'M'
 'M' 'M' 'M' 'M' 'M' 'M' 'M' 'M' 'M' 'M' 'M' 'M' 'M' 'M' 'M' 'M' 'U' 'M'
 'M' 'M' 'M' 'M' 'M' 'M' 'M' 'M' 'M' 'M' 'M' 'M' 'M' 'M' 'M' 'M' 'M' 'M'
 'M' 'M' 'M' 'M' 'M' 'M' 'M' 'M' 'M' 'M' 'M' 'M' 'M' 'M' 'M' 'M' 'M' 'M'
 'M' 'M' 'M' 'M' 'M' 'M' 'M' 'M' 'M' 'M' 'M' 'M' 'M' 'M' 'M' 'M' 'M' 'M'
 'M' 'M' 'M' 'M' 'M' 'U' 'A' 'U' 'A' 'A' 'A' 'A' 'U' 'M' 'U' 'M' 'M' 'M'
 'M' 'M' 'M' 'M' 'M' 'M' 'M' 'M' 'M' 'M' 'M' 'M' 'M' 'M' 'M' 'M' 'M' 'M'
 'U' 'M' 'M' 'M' 'M' 'M' 'M' 'M' 'M' 'M' 'M' 'M' 'M' 'M' 'M' 'M' 'M' 'U'
 'M' 'M' 'M' 'M' 'M' 'M' 'M' 'U' 'M' 'U' 'M' 'M' 'M' 'M' 'M' 'M' 'M' 'M']"
3901,0,184,5,179,14,0,1,"['A' 'M' 'M' 'M' 'M' 'M' 'M' 'U' 'M' 'M' 'M' 'U' 'M' 'M' 'M' 'M' 'M' 'M'
 'M' 'M' 'M' 'M' 'M' 'M' 'M' 'M' 'M' 'M' 'M' 'M' 'M' 'M' 'M' 'M' 'M' 'M'
 'M' 'M' 'M' 'M' 'M' 'M' 'M' 'M' 'M' 'M' 'M' 'U' 'M' 'M' 'M' 'M' 'M' 'M'
 'M' 'M' 'M' 'M' 'M' 'U' 'M' 'M' 'M' 'M' 'M' 'M' 'M' 'M' 'M' 'M' 'M' 'M'
 'M' 'M' 'M' 'M' 'M' 'M' 'M' 'M' 'M' 'M' 'M' 'M' 'M' 'M' 'M' 'M' 'M' 'U'
 'M' 'M' 'M' 'M' 'M' 'M' 'M' 'M' 'M' 'M' 'M' 'M' 'M' 'M' 'M' 'M' 'M' 'M'
 'M' 'M' 'M' 'M' 'M' 'M' 'M' 'M' 'M' 'M' 'M' 'M' 'M' 'M' 'M' 'U' 'M' 'M'
 'M' 'M' 'M' 'M' 'M' 'A' 'U' 'U' 'A' 'U' 'A' 'A' 'U' 'M' 'U' 'M' 'M' 'M'
 'M' 'M' 'U' 'M' 'M' 'M' 'M' 'M' 'M' 'M' 'M' 'M' 'M' 'M' 'M' 'M' 'M' 'M'
 'M' 'M' 'M' 'M' 'M' 'M' 'M' 'M' 'M' 'M' 'M' 'M' 'M' 'M' 'M' 'M' 'M' 'U'
 'M' 'M' 'M' 'M' 'M' 'M' 'M' 'U' 'M' 'M' 'M' 'M' 'M' 'M' 'M' 'M' 'M' 'M']"
4001,1,185,9,176,13,0,0,"['A' 'M' 'M' 'M' 'M' 'M' 'M' 'M' 'M' 'M' 'M' 'U' 'M' 'M' 'M' 'M' 'M' 'M'
 'M' 'M' 'M' 'M' 'M' 'M' 'U' 'M' 'M' 'M' 'M' 'M' 'M' 'M' 'M' 'U' 'M' 'M'
 'M' 'M' 'M' 'M' 'M' 'M' 'M' 'M' 'M' 'M' 'M' 'U' 'M' 'M' 'M' 'U' 'M' 'M'
 'M' 'M' 'M' 'M' 'M' 'U' 'M' 'M' 'M' 'M' 'M' 'M' 'M' 'M' 'M' 'M' 'M' 'M'
 'M' 'M' 'M' 'M' 'M' 'M' 'M' 'M' 'M' 'M' 'M' 'M' 'M' 'M' 'U' 'M' 'M' 'M'
 'M' 'M' 'M' 'M' 'M' 'M' 'M' 'M' 'M' 'M' 'M' 'M' 'M' 'M' 'M' 'M' 'M' 'M'
 'M' 'M' 'M' 'M' 'M' 'M' 'M' 'M' 'M' 'M' 'M' 'M' 'M' 'M' 'M' 'M' 'M' 'M'
 'M' 'M' 'M' 'M' 'M' 'A' 'A' 'A' 'A' 'A' 'A' 'A' 'A' 'M' 'U' 'M' 'M' 'M'
 'M' 'M' 'U' 'M' 'M' 'M' 'M' 'M' 'M' 'M' 'M' 'M' 'M' 'M' 'M' 'M' 'M' 'M'
 'U' 'U' 'M' 'M' 'M' 'M' 'M' 'M' 'M' 'M' 'M' 'M' 'M' 'M' 'M' 'M' 'M' 'U'
 'M' 'M' 'M' 'M' 'M' 'M' 'M' 'U' 'M' 'M' 'M' 'M' 'M' 'M' 'M' 'M' 'M' 'M']"
4101,0,187,9,178,11,0,0,"['A' 'M' 'M' 'M' 'M' 'M' 'M' 'M' 'M' 'M' 'M' 'U' 'M' 'M' 'M' 'M' 'M' 'M'
 'M' 'M' 'M' 'M' 'M' 'M' 'M' 'M' 'M' 'M' 'M' 'M' 'M' 'M' 'M' 'U' 'M' 'U'
 'M' 'M' 'M' 'M' 'M' 'M' 'M' 'M' 'M' 'M' 'M' 'U' 'M' 'M' 'M' 'U' 'M' 'M'
 'M' 'M' 'M' 'M' 'M' 'M' 'M' 'M' 'M' 'M' 'M' 'M' 'M' 'M' 'M' 'M' 'M' 'M'
 'M' 'M' 'M' 'M' 'M' 'M' 'M' 'M' 'M' 'M' 'M' 'M' 'M' 'M' 'M' 'M' 'M' 'M'
 'M' 'U' 'M' 'M' 'M' 'M' 'M' 'M' 'M' 'M' 'M' 'M' 'M' 'M' 'M' 'M' 'M' 'M'
 'M' 'M' 'M' 'M' 'M' 'M' 'M' 'M' 'M' 'M' 'M' 'M' 'M' 'M' 'M' 'U' 'M' 'M'
 'M' 'M' 'M' 'M' 'M' 'A' 'A' 'A' 'A' 'A' 'A' 'A' 'A' 'M' 'U' 'M' 'M' 'M'
 'M' 'M' 'U' 'M' 'M' 'M' 'M' 'M' 'M' 'M' 'M' 'M' 'M' 'M' 'M' 'M' 'M' 'M'
 'M' 'M' 'M' 'M' 'M' 'M' 'M' 'M' 'M' 'M' 'M' 'M' 'M' 'M' 'M' 'M' 'M' 'M'
 'M' 'M' 'M' 'U' 'M' 'M' 'M' 'U' 'M' 'M' 'M' 'M' 'M' 'M' 'M' 'M' 'M' 'M']"
4201,0,180,8,172,18,0,0,"['A' 'M' 'M' 'M' 'M' 'M' 'M' 'M' 'M' 'M' 'M' 'U' 'M' 'M' 'M' 'M' 'M' 'M'
 'M' 'M' 'M' 'M' 'M' 'M' 'M' 'M' 'M' 'M' 'M' 'M' 'M' 'M' 'U' 'U' 'M' 'U'
 'M' 'M' 'M' 'M' 'M' 'M' 'M' 'M' 'M' 'M' 'M' 'U' 'M' 'M' 'M' 'U' 'M' 'M'
 'M' 'M' 'M' 'M' 'M' 'M' 'M' 'M' 'M' 'M' 'M' 'M' 'M' 'M' 'M' 'M' 'M' 'U'
 'M' 'M' 'M' 'M' 'M' 'M' 'M' 'M' 'M' 'M' 'M' 'M' 'M' 'M' 'M' 'M' 'M' 'M'
 'M' 'M' 'M' 'M' 'M' 'M' 'M' 'M' 'U' 'M' 'M' 'M' 'M' 'M' 'M' 'M' 'M' 'M'
 'M' 'M' 'M' 'M' 'M' 'M' 'M' 'U' 'M' 'M' 'M' 'M' 'M' 'M' 'M' 'U' 'M' 'M'
 'M' 'M' 'M' 'M' 'M' 'A' 'A' 'A' 'A' 'U' 'A' 'A' 'A' 'M' 'U' 'M' 'M' 'M'
 'M' 'M' 'U' 'M' 'M' 'M' 'U' 'M' 'M' 'M' 'M' 'M' 'M' 'M' 'M' 'M' 'M' 'M'
 'M' 'M' 'M' 'M' 'M' 'M' 'M' 'M' 'M' 'M' 'M' 'M' 'M' 'M' 'M' 'M' 'M' 'M'
 'M' 'M' 'M' 'U' 'M' 'M' 'M' 'U' 'M' 'U' 'M' 'M' 'M' 'U' 'M' 'M' 'M' 'M']"
4301,0,182,9,173,16,0,0,"['A' 'M' 'M' 'M' 'M' 'M' 'M' 'M' 'M' 'M' 'M' 'U' 'M' 'M' 'M' 'M' 'M' 'M'
 'M' 'M' 'M' 'M' 'M' 'M' 'M' 'M' 'M' 'M' 'M' 'M' 'M' 'M' 'M' 'M' 'M' 'U'
 'M' 'M' 'M' 'M' 'M' 'M' 'M' 'M' 'M' 'M' 'M' 'M' 'M' 'M' 'M' 'U' 'M' 'M'
 'M' 'M' 'M' 'M' 'M' 'M' 'M' 'M' 'U' 'M' 'M' 'M' 'M' 'M' 'M' 'U' 'M' 'M'
 'M' 'M' 'M' 'M' 'M' 'M' 'M' 'M' 'M' 'M' 'M' 'M' 'M' 'M' 'M' 'M' 'M' 'M'
 'M' 'M' 'M' 'M' 'M' 'M' 'M' 'M' 'U' 'M' 'M' 'M' 'M' 'M' 'M' 'M' 'M' 'M'
 'M' 'M' 'M' 'M' 'M' 'M' 'M' 'M' 'M' 'M' 'M' 'M' 'M' 'M' 'M' 'U' 'M' 'M'
 'M' 'M' 'M' 'M' 'M' 'A' 'A' 'A' 'A' 'A' 'A' 'A' 'A' 'M' 'M' 'M' 'M' 'M'
 'M' 'M' 'U' 'M' 'M' 'M' 'U' 'M' 'M' 'M' 'M' 'M' 'M' 'M' 'M' 'M' 'M' 'M'
 'M' 'M' 'M' 'M' 'M' 'M' 'M' 'U' 'M' 'U' 'M' 'U' 'M' 'M' 'M' 'M' 'M' 'M'
 'U' 'M' 'M' 'U' 'M' 'M' 'M' 'M' 'M' 'U' 'M' 'M' 'M' 'U' 'M' 'M' 'M' 'M']"
4401,0,183,8,175,15,0,0,"['A' 'M' 'M' 'M' 'M' 'M' 'M' 'M' 'M' 'M' 'M' 'M' 'M' 'M' 'M' 'M' 'M' 'M'
 'M' 'M' 'M' 'M' 'M' 'M' 'M' 'M' 'M' 'M' 'M' 'M' 'M' 'M' 'M' 'M' 'M' 'U'
 'M' 'M' 'M' 'M' 'M' 'M' 'M' 'M' 'M' 'M' 'M' 'M' 'M' 'M' 'M' 'U' 'M' 'M'
 'M' 'M' 'M' 'U' 'M' 'M' 'M' 'M' 'U' 'M' 'M' 'M' 'U' 'M' 'M' 'M' 'M' 'M'
 'M' 'M' 'M' 'M' 'M' 'M' 'M' 'M' 'M' 'M' 'M' 'M' 'M' 'M' 'M' 'M' 'M' 'M'
 'M' 'M' 'M' 'M' 'M' 'M' 'M' 'M' 'U' 'M' 'M' 'M' 'M' 'M' 'M' 'M' 'M' 'M'
 'M' 'M' 'M' 'M' 'M' 'M' 'M' 'M' 'M' 'M' 'M' 'M' 'M' 'M' 'U' 'U' 'M' 'M'
 'M' 'M' 'M' 'M' 'M' 'A' 'A' 'A' 'U' 'A' 'A' 'A' 'M' 'M' 'M' 'M' 'M' 'M'
 'M' 'M' 'U' 'M' 'M' 'M' 'U' 'M' 'M' 'M' 'M' 'M' 'U' 'M' 'M' 'M' 'M' 'M'
 'M' 'M' 'M' 'M' 'M' 'M' 'M' 'M' 'M' 'U' 'M' 'M' 'M' 'M' 'M' 'M' 'M' 'M'
 'U' 'M' 'M' 'A' 'M' 'M' 'M' 'M' 'M' 'M' 'M' 'M' 'M' 'U' 'M' 'M' 'M' 'M']"
4501,0,185,3,182,13,0,0,"['A' 'M' 'M' 'M' 'M' 'M' 'M' 'M' 'M' 'M' 'M' 'M' 'M' 'M' 'M' 'M' 'M' 'M'
 'M' 'M' 'M' 'M' 'M' 'M' 'M' 'M' 'M' 'M' 'M' 'M' 'M' 'M' 'M' 'M' 'U' 'U'
 'M' 'M' 'M' 'M' 'M' 'M' 'M' 'M' 'M' 'M' 'M' 'M' 'M' 'M' 'M' 'M' 'M' 'M'
 'M' 'M' 'M' 'M' 'M' 'M' 'M' 'M' 'M' 'M' 'M' 'M' 'M' 'M' 'M' 'M' 'M' 'M'
 'U' 'M' 'M' 'M' 'M' 'M' 'M' 'M' 'M' 'M' 'M' 'M' 'M' 'M' 'M' 'M' 'M' 'M'
 'M' 'M' 'M' 'M' 'M' 'M' 'M' 'M' 'U' 'M' 'M' 'M' 'M' 'M' 'M' 'M' 'M' 'M'
 'M' 'M' 'M' 'M' 'M' 'M' 'M' 'M' 'M' 'M' 'M' 'M' 'M' 'M' 'U' 'M' 'M' 'M'
 'M' 'M' 'M' 'M' 'M' 'U' 'U' 'A' 'U' 'A' 'U' 'M' 'M' 'M' 'M' 'M' 'M' 'M'
 'U' 'M' 'M' 'M' 'M' 'M' 'U' 'M' 'M' 'M' 'M' 'M' 'U' 'M' 'M' 'M' 'M' 'M'
 'M' 'M' 'M' 'M' 'M' 'M' 'M' 'M' 'M' 'M' 'M' 'M' 'M' 'M' 'M' 'M' 'M' 'M'
 'U' 'M' 'M' 'M' 'M' 'M' 'M' 'M' 'M' 'M' 'M' 'M' 'M' 'M' 'M' 'M' 'M' 'M']"
4601,0,184,5,179,14,0,0,"['A' 'M' 'M' 'M' 'M' 'M' 'M' 'M' 'M' 'M' 'M' 'M' 'M' 'M' 'M' 'M' 'M' 'M'
 'M' 'M' 'M' 'M' 'M' 'M' 'M' 'M' 'M' 'M' 'M' 'M' 'M' 'M' 'M' 'M' 'U' 'U'
 'M' 'M' 'M' 'M' 'M' 'M' 'M' 'M' 'M' 'M' 'M' 'M' 'M' 'M' 'M' 'M' 'M' 'M'
 'M' 'M' 'M' 'M' 'M' 'M' 'M' 'U' 'M' 'M' 'M' 'M' 'M' 'M' 'M' 'M' 'M' 'M'
 'M' 'M' 'M' 'M' 'M' 'M' 'M' 'M' 'M' 'M' 'M' 'M' 'M' 'M' 'U' 'M' 'M' 'M'
 'M' 'M' 'M' 'M' 'M' 'M' 'M' 'M' 'U' 'M' 'M' 'M' 'M' 'M' 'M' 'M' 'M' 'M'
 'M' 'M' 'M' 'M' 'M' 'M' 'M' 'M' 'M' 'M' 'M' 'M' 'M' 'U' 'U' 'M' 'M' 'M'
 'M' 'M' 'M' 'M' 'M' 'A' 'A' 'A' 'U' 'A' 'U' 'U' 'U' 'M' 'M' 'M' 'M' 'M'
 'U' 'M' 'M' 'M' 'M' 'M' 'M' 'M' 'M' 'M' 'M' 'M' 'U' 'M' 'M' 'M' 'M' 'M'
 'M' 'M' 'M' 'M' 'M' 'M' 'M' 'M' 'M' 'M' 'M' 'M' 'M' 'M' 'M' 'M' 'M' 'M'
 'M' 'M' 'M' 'M' 'M' 'M' 'M' 'U' 'M' 'M' 'M' 'M' 'M' 'M' 'M' 'M' 'M' 'M']"
4701,0,184,5,179,14,0,0,"['A' 'M' 'M' 'M' 'M' 'M' 'M' 'M' 'M' 'M' 'M' 'M' 'M' 'M' 'M' 'M' 'M' 'M'
 'M' 'M' 'M' 'M' 'M' 'M' 'M' 'M' 'M' 'M' 'M' 'M' 'M' 'M' 'M' 'M' 'U' 'M'
 'M' 'M' 'M' 'M' 'M' 'M' 'M' 'M' 'M' 'M' 'M' 'M' 'M' 'M' 'M' 'M' 'M' 'U'
 'M' 'M' 'M' 'M' 'M' 'M' 'M' 'M' 'M' 'M' 'M' 'M' 'M' 'M' 'M' 'M' 'M' 'M'
 'M' 'M' 'M' 'M' 'M' 'M' 'M' 'U' 'M' 'M' 'M' 'M' 'M' 'M' 'M' 'M' 'M' 'M'
 'M' 'M' 'M' 'M' 'M' 'M' 'M' 'M' 'U' 'M' 'M' 'M' 'M' 'M' 'M' 'M' 'M' 'M'
 'M' 'M' 'M' 'M' 'M' 'M' 'M' 'M' 'M' 'M' 'M' 'M' 'M' 'M' 'M' 'M' 'M' 'M'
 'M' 'M' 'M' 'M' 'U' 'A' 'A' 'A' 'U' 'U' 'U' 'A' 'U' 'M' 'M' 'M' 'M' 'M'
 'U' 'M' 'M' 'M' 'M' 'M' 'M' 'M' 'M' 'M' 'M' 'M' 'U' 'M' 'M' 'M' 'M' 'M'
 'M' 'M' 'M' 'M' 'M' 'M' 'M' 'M' 'M' 'U' 'M' 'M' 'M' 'M' 'M' 'M' 'M' 'M'
 'M' 'U' 'M' 'M' 'M' 'M' 'M' 'U' 'M' 'M' 'M' 'M' 'M' 'M' 'M' 'M' 'M' 'M']"
4801,0,185,6,179,13,0,0,"['A' 'M' 'U' 'M' 'M' 'M' 'M' 'M' 'M' 'M' 'M' 'M' 'M' 'M' 'M' 'M' 'M' 'M'
 'M' 'M' 'M' 'M' 'M' 'M' 'M' 'M' 'M' 'M' 'M' 'M' 'M' 'M' 'M' 'M' 'U' 'M'
 'M' 'M' 'M' 'M' 'M' 'M' 'M' 'M' 'M' 'M' 'M' 'M' 'M' 'M' 'M' 'M' 'M' 'M'
 'M' 'M' 'M' 'M' 'M' 'M' 'M' 'M' 'M' 'M' 'M' 'M' 'M' 'M' 'U' 'M' 'M' 'M'
 'M' 'M' 'M' 'M' 'M' 'M' 'M' 'M' 'M' 'M' 'M' 'M' 'M' 'M' 'M' 'M' 'M' 'M'
 'M' 'M' 'M' 'M' 'M' 'M' 'M' 'M' 'M' 'M' 'M' 'M' 'M' 'M' 'U' 'M' 'M' 'M'
 'M' 'M' 'M' 'M' 'M' 'M' 'M' 'M' 'M' 'M' 'M' 'M' 'M' 'M' 'M' 'M' 'M' 'M'
 'M' 'M' 'M' 'M' 'M' 'A' 'A' 'U' 'U' 'U' 'A' 'U' 'A' 'M' 'M' 'M' 'M' 'M'
 'U' 'M' 'M' 'M' 'M' 'M' 'M' 'M' 'M' 'M' 'M' 'M' 'U' 'M' 'M' 'M' 'M' 'M'
 'M' 'M' 'M' 'M' 'M' 'M' 'M' 'M' 'M' 'U' 'U' 'M' 'M' 'M' 'M' 'M' 'M' 'M'
 'M' 'U' 'M' 'M' 'M' 'M' 'M' 'A' 'M' 'M' 'M' 'M' 'M' 'M' 'M' 'M' 'M' 'M']"
4901,0,183,8,175,15,0,1,"['A' 'M' 'U' 'M' 'M' 'M' 'M' 'M' 'M' 'M' 'M' 'M' 'M' 'M' 'M' 'M' 'M' 'M'
 'M' 'M' 'M' 'M' 'M' 'M' 'M' 'M' 'M' 'M' 'M' 'U' 'M' 'M' 'M' 'M' 'U' 'M'
 'M' 'M' 'M' 'M' 'M' 'M' 'M' 'M' 'M' 'M' 'M' 'M' 'M' 'M' 'M' 'M' 'M' 'M'
 'M' 'M' 'M' 'M' 'M' 'M' 'M' 'M' 'M' 'M' 'M' 'M' 'M' 'M' 'U' 'M' 'M' 'M'
 'M' 'M' 'M' 'M' 'M' 'M' 'M' 'M' 'M' 'M' 'M' 'M' 'M' 'M' 'M' 'M' 'M' 'M'
 'M' 'M' 'M' 'M' 'M' 'M' 'M' 'M' 'M' 'M' 'U' 'M' 'M' 'M' 'U' 'M' 'M' 'M'
 'M' 'M' 'M' 'M' 'M' 'M' 'M' 'M' 'M' 'M' 'M' 'M' 'M' 'M' 'M' 'M' 'M' 'M'
 'M' 'M' 'M' 'M' 'M' 'A' 'A' 'A' 'U' 'A' 'A' 'U' 'A' 'M' 'M' 'M' 'M' 'M'
 'M' 'M' 'M' 'M' 'M' 'M' 'M' 'M' 'M' 'U' 'M' 'M' 'U' 'U' 'M' 'M' 'M' 'M'
 'U' 'M' 'M' 'M' 'M' 'M' 'M' 'M' 'M' 'U' 'U' 'M' 'M' 'M' 'M' 'M' 'M' 'M'
 'M' 'U' 'M' 'M' 'M' 'M' 'M' 'A' 'M' 'M' 'M' 'M' 'M' 'M' 'M' 'M' 'M' 'M']"
5001,0,184,8,176,14,0,0,"['A' 'M' 'M' 'M' 'M' 'M' 'M' 'M' 'M' 'M' 'M' 'M' 'M' 'M' 'M' 'M' 'M' 'M'
 'M' 'M' 'M' 'M' 'M' 'M' 'U' 'M' 'M' 'M' 'M' 'U' 'M' 'M' 'M' 'M' 'U' 'M'
 'M' 'M' 'M' 'M' 'M' 'M' 'M' 'M' 'M' 'M' 'M' 'M' 'M' 'M' 'M' 'M' 'M' 'M'
 'M' 'M' 'M' 'M' 'M' 'M' 'M' 'M' 'U' 'M' 'M' 'M' 'M' 'M' 'M' 'M' 'M' 'M'
 'M' 'M' 'M' 'M' 'M' 'M' 'M' 'M' 'M' 'M' 'M' 'M' 'M' 'M' 'M' 'M' 'M' 'M'
 'M' 'M' 'M' 'M' 'U' 'M' 'M' 'M' 'M' 'M' 'U' 'M' 'M' 'M' 'U' 'M' 'M' 'M'
 'M' 'M' 'U' 'M' 'M' 'M' 'M' 'M' 'M' 'M' 'M' 'M' 'M' 'M' 'M' 'M' 'M' 'M'
 'M' 'M' 'M' 'M' 'M' 'A' 'A' 'A' 'U' 'A' 'A' 'A' 'U' 'M' 'M' 'M' 'M' 'M'
 'M' 'M' 'M' 'M' 'M' 'M' 'M' 'M' 'M' 'U' 'M' 'M' 'M' 'U' 'M' 'M' 'M' 'M'
 'M' 'M' 'M' 'M' 'M' 'M' 'M' 'M' 'M' 'U' 'U' 'M' 'M' 'M' 'M' 'M' 'M' 'M'
 'M' 'M' 'M' 'M' 'M' 'M' 'M' 'A' 'M' 'M' 'M' 'M' 'M' 'M' 'M' 'M' 'M' 'M']"
5101,0,183,6,177,15,0,0,"['A' 'M' 'M' 'M' 'M' 'M' 'M' 'M' 'M' 'M' 'M' 'M' 'M' 'M' 'M' 'M' 'M' 'M'
 'M' 'M' 'M' 'M' 'M' 'M' 'M' 'M' 'M' 'M' 'M' 'U' 'M' 'M' 'M' 'M' 'U' 'M'
 'M' 'M' 'M' 'M' 'M' 'M' 'M' 'M' 'M' 'M' 'M' 'M' 'M' 'M' 'M' 'M' 'M' 'M'
 'M' 'M' 'M' 'M' 'U' 'M' 'M' 'M' 'U' 'M' 'M' 'M' 'M' 'M' 'M' 'M' 'M' 'M'
 'M' 'M' 'M' 'M' 'M' 'M' 'M' 'M' 'M' 'M' 'M' 'M' 'M' 'M' 'M' 'M' 'M' 'U'
 'M' 'M' 'M' 'M' 'M' 'M' 'M' 'M' 'M' 'M' 'U' 'M' 'M' 'M' 'U' 'M' 'M' 'M'
 'M' 'M' 'U' 'M' 'M' 'M' 'M' 'M' 'M' 'M' 'M' 'M' 'M' 'M' 'M' 'M' 'M' 'M'
 'M' 'M' 'M' 'M' 'M' 'M' 'A' 'A' 'A' 'U' 'A' 'M' 'U' 'M' 'M' 'M' 'M' 'M'
 'M' 'M' 'M' 'M' 'M' 'M' 'M' 'M' 'M' 'U' 'M' 'M' 'M' 'U' 'M' 'M' 'M' 'M'
 'M' 'M' 'M' 'M' 'M' 'M' 'M' 'M' 'M' 'A' 'U' 'M' 'M' 'M' 'M' 'M' 'M' 'M'
 'M' 'M' 'M' 'M' 'M' 'M' 'M' 'U' 'M' 'M' 'M' 'M' 'M' 'M' 'U' 'M' 'M' 'M']"
5201,1,182,6,176,16,0,0,"['A' 'M' 'M' 'M' 'M' 'M' 'M' 'M' 'M' 'M' 'M' 'M' 'M' 'M' 'M' 'M' 'M' 'M'
 'M' 'M' 'M' 'M' 'M' 'M' 'M' 'M' 'M' 'M' 'M' 'U' 'M' 'M' 'M' 'M' 'U' 'M'
 'M' 'M' 'M' 'U' 'M' 'M' 'M' 'M' 'M' 'M' 'M' 'M' 'M' 'M' 'M' 'M' 'M' 'M'
 'M' 'M' 'M' 'M' 'U' 'M' 'M' 'M' 'U' 'M' 'M' 'M' 'M' 'M' 'M' 'M' 'M' 'M'
 'M' 'M' 'M' 'M' 'M' 'M' 'M' 'M' 'M' 'M' 'M' 'M' 'M' 'M' 'M' 'M' 'M' 'M'
 'U' 'M' 'M' 'M' 'M' 'M' 'M' 'M' 'M' 'M' 'M' 'M' 'M' 'M' 'M' 'M' 'M' 'M'
 'M' 'M' 'U' 'M' 'M' 'M' 'M' 'M' 'M' 'M' 'M' 'M' 'U' 'M' 'M' 'M' 'M' 'M'
 'M' 'M' 'U' 'M' 'M' 'U' 'A' 'A' 'A' 'A' 'M' 'U' 'U' 'M' 'M' 'M' 'M' 'M'
 'M' 'M' 'M' 'M' 'M' 'M' 'M' 'M' 'M' 'U' 'M' 'M' 'M' 'M' 'M' 'M' 'M' 'M'
 'M' 'M' 'M' 'M' 'M' 'M' 'M' 'M' 'M' 'A' 'U' 'M' 'M' 'M' 'M' 'M' 'M' 'M'
 'M' 'M' 'M' 'M' 'M' 'M' 'M' 'U' 'M' 'M' 'M' 'M' 'M' 'M' 'U' 'M' 'M' 'M']"
5301,1,183,9,174,15,0,1,"['A' 'M' 'M' 'M' 'M' 'M' 'M' 'M' 'M' 'M' 'M' 'M' 'M' 'M' 'M' 'M' 'M' 'M'
 'M' 'M' 'M' 'M' 'M' 'M' 'M' 'M' 'M' 'M' 'M' 'M' 'M' 'M' 'U' 'M' 'U' 'M'
 'M' 'M' 'M' 'U' 'M' 'M' 'M' 'M' 'M' 'M' 'M' 'M' 'M' 'M' 'M' 'M' 'M' 'M'
 'M' 'M' 'M' 'M' 'U' 'M' 'M' 'M' 'U' 'M' 'M' 'M' 'M' 'M' 'M' 'U' 'M' 'M'
 'M' 'M' 'M' 'M' 'M' 'M' 'M' 'M' 'M' 'M' 'M' 'M' 'M' 'M' 'M' 'M' 'M' 'M'
 'M' 'M' 'M' 'M' 'M' 'M' 'M' 'M' 'M' 'M' 'M' 'M' 'M' 'M' 'M' 'M' 'M' 'M'
 'M' 'M' 'M' 'M' 'M' 'M' 'M' 'M' 'M' 'M' 'M' 'M' 'U' 'M' 'M' 'M' 'M' 'M'
 'M' 'M' 'U' 'M' 'M' 'U' 'A' 'A' 'A' 'A' 'A' 'A' 'A' 'M' 'M' 'M' 'M' 'M'
 'M' 'M' 'M' 'M' 'M' 'M' 'M' 'M' 'M' 'U' 'M' 'M' 'U' 'M' 'M' 'M' 'M' 'M'
 'M' 'M' 'M' 'M' 'M' 'M' 'U' 'M' 'M' 'A' 'U' 'M' 'M' 'M' 'M' 'M' 'M' 'M'
 'M' 'M' 'M' 'M' 'M' 'M' 'M' 'U' 'M' 'M' 'M' 'M' 'M' 'M' 'U' 'M' 'M' 'M']"
5401,0,183,7,176,15,0,0,"['A' 'M' 'M' 'U' 'M' 'M' 'M' 'M' 'M' 'M' 'M' 'M' 'M' 'M' 'M' 'M' 'M' 'M'
 'M' 'M' 'M' 'M' 'M' 'M' 'M' 'M' 'M' 'M' 'M' 'M' 'M' 'M' 'U' 'M' 'M' 'M'
 'M' 'M' 'M' 'U' 'M' 'M' 'M' 'M' 'M' 'M' 'M' 'M' 'M' 'M' 'M' 'M' 'M' 'M'
 'M' 'M' 'M' 'M' 'U' 'M' 'M' 'M' 'M' 'M' 'M' 'M' 'M' 'M' 'M' 'M' 'M' 'M'
 'M' 'M' 'M' 'M' 'M' 'M' 'M' 'M' 'M' 'M' 'M' 'M' 'M' 'U' 'M' 'M' 'M' 'M'
 'M' 'M' 'M' 'M' 'M' 'M' 'M' 'M' 'M' 'M' 'M' 'M' 'M' 'M' 'M' 'M' 'M' 'M'
 'M' 'M' 'M' 'M' 'M' 'M' 'M' 'M' 'M' 'M' 'M' 'M' 'U' 'M' 'M' 'M' 'M' 'M'
 'M' 'M' 'U' 'M' 'M' 'U' 'A' 'U' 'A' 'A' 'U' 'A' 'A' 'M' 'M' 'M' 'M' 'M'
 'M' 'M' 'M' 'M' 'M' 'M' 'M' 'M' 'M' 'U' 'M' 'M' 'M' 'M' 'M' 'M' 'M' 'M'
 'M' 'M' 'M' 'M' 'M' 'M' 'U' 'M' 'M' 'A' 'U' 'M' 'M' 'M' 'M' 'M' 'M' 'M'
 'M' 'M' 'M' 'M' 'M' 'M' 'M' 'U' 'M' 'M' 'M' 'M' 'M' 'M' 'U' 'M' 'M' 'M']"
5501,0,182,5,177,16,0,0,"['A' 'M' 'M' 'M' 'M' 'M' 'M' 'M' 'M' 'M' 'M' 'M' 'M' 'M' 'M' 'U' 'M' 'M'
 'M' 'M' 'M' 'M' 'M' 'M' 'M' 'M' 'M' 'M' 'M' 'M' 'M' 'M' 'U' 'M' 'M' 'M'
 'M' 'M' 'M' 'M' 'M' 'M' 'M' 'M' 'M' 'M' 'M' 'M' 'M' 'M' 'M' 'M' 'M' 'M'
 'M' 'U' 'M' 'M' 'U' 'M' 'M' 'M' 'M' 'M' 'M' 'M' 'M' 'M' 'M' 'M' 'M' 'U'
 'M' 'M' 'M' 'M' 'M' 'M' 'M' 'M' 'M' 'M' 'M' 'M' 'M' 'M' 'M' 'M' 'M' 'M'
 'M' 'M' 'M' 'M' 'M' 'M' 'M' 'M' 'M' 'M' 'M' 'M' 'M' 'M' 'M' 'M' 'M' 'M'
 'M' 'M' 'M' 'M' 'M' 'M' 'M' 'M' 'M' 'M' 'M' 'M' 'U' 'M' 'M' 'M' 'M' 'M'
 'M' 'M' 'M' 'M' 'M' 'U' 'U' 'U' 'M' 'A' 'U' 'A' 'A' 'M' 'M' 'M' 'M' 'M'
 'M' 'M' 'M' 'M' 'M' 'M' 'U' 'M' 'M' 'U' 'M' 'M' 'M' 'M' 'M' 'M' 'M' 'M'
 'M' 'M' 'M' 'M' 'M' 'M' 'U' 'M' 'M' 'A' 'U' 'M' 'M' 'M' 'M' 'M' 'M' 'M'
 'M' 'M' 'M' 'M' 'M' 'M' 'M' 'U' 'M' 'M' 'M' 'M' 'M' 'M' 'U' 'M' 'M' 'M']"
5601,0,180,5,175,18,0,0,"['A' 'M' 'M' 'M' 'M' 'M' 'M' 'M' 'M' 'M' 'M' 'M' 'M' 'M' 'M' 'M' 'M' 'M'
 'M' 'M' 'M' 'M' 'M' 'M' 'M' 'M' 'M' 'M' 'M' 'M' 'M' 'M' 'U' 'M' 'M' 'M'
 'M' 'M' 'M' 'M' 'M' 'M' 'M' 'M' 'M' 'M' 'M' 'M' 'M' 'M' 'M' 'M' 'M' 'M'
 'M' 'M' 'M' 'M' 'M' 'M' 'M' 'M' 'M' 'M' 'M' 'M' 'M' 'M' 'M' 'M' 'M' 'M'
 'M' 'M' 'M' 'M' 'M' 'M' 'M' 'M' 'M' 'M' 'M' 'M' 'U' 'M' 'M' 'M' 'M' 'M'
 'M' 'M' 'M' 'M' 'M' 'U' 'M' 'M' 'M' 'M' 'M' 'U' 'M' 'M' 'M' 'U' 'M' 'M'
 'M' 'M' 'M' 'M' 'M' 'M' 'M' 'M' 'M' 'M' 'M' 'M' 'U' 'M' 'M' 'M' 'M' 'M'
 'M' 'M' 'M' 'M' 'M' 'U' 'U' 'U' 'A' 'A' 'A' 'U' 'A' 'M' 'M' 'M' 'M' 'M'
 'M' 'M' 'M' 'U' 'M' 'M' 'U' 'M' 'M' 'U' 'M' 'M' 'M' 'M' 'M' 'M' 'M' 'M'
 'M' 'M' 'M' 'M' 'M' 'M' 'M' 'M' 'M' 'U' 'U' 'M' 'M' 'M' 'M' 'M' 'M' 'M'
 'M' 'M' 'M' 'M' 'M' 'M' 'M' 'U' 'M' 'U' 'M' 'M' 'M' 'M' 'U' 'M' 'M' 'M']"
5701,0,181,8,173,17,0,0,"['A' 'M' 'M' 'U' 'M' 'M' 'M' 'M' 'M' 'M' 'M' 'M' 'M' 'M' 'M' 'M' 'M' 'M'
 'M' 'M' 'M' 'M' 'M' 'M' 'M' 'M' 'M' 'M' 'M' 'M' 'M' 'M' 'U' 'M' 'U' 'M'
 'M' 'M' 'M' 'M' 'M' 'M' 'M' 'M' 'M' 'M' 'M' 'M' 'M' 'M' 'M' 'M' 'M' 'M'
 'M' 'M' 'M' 'M' 'M' 'M' 'M' 'M' 'M' 'M' 'M' 'M' 'M' 'M' 'M' 'M' 'M' 'U'
 'M' 'M' 'M' 'M' 'M' 'M' 'M' 'M' 'M' 'M' 'M' 'M' 'M' 'M' 'M' 'M' 'M' 'M'
 'M' 'M' 'M' 'M' 'M' 'U' 'M' 'M' 'M' 'M' 'M' 'U' 'M' 'M' 'M' 'U' 'M' 'M'
 'M' 'M' 'U' 'M' 'M' 'M' 'M' 'M' 'M' 'M' 'M' 'M' 'U' 'M' 'M' 'M' 'M' 'M'
 'M' 'M' 'M' 'M' 'M' 'A' 'U' 'A' 'A' 'A' 'A' 'A' 'A' 'M' 'M' 'M' 'M' 'M'
 'M' 'M' 'M' 'M' 'M' 'M' 'U' 'M' 'M' 'U' 'M' 'M' 'M' 'M' 'M' 'M' 'M' 'M'
 'M' 'M' 'M' 'M' 'M' 'M' 'M' 'M' 'M' 'U' 'U' 'M' 'M' 'M' 'M' 'M' 'M' 'M'
 'M' 'M' 'M' 'U' 'M' 'M' 'M' 'U' 'M' 'M' 'M' 'M' 'M' 'M' 'U' 'M' 'M' 'M']"
5801,1,181,9,172,17,0,0,"['A' 'M' 'M' 'M' 'M' 'M' 'M' 'M' 'M' 'M' 'M' 'M' 'M' 'M' 'M' 'M' 'M' 'M'
 'M' 'M' 'M' 'M' 'M' 'M' 'M' 'M' 'M' 'M' 'M' 'M' 'M' 'M' 'M' 'M' 'U' 'M'
 'M' 'U' 'M' 'U' 'M' 'M' 'M' 'M' 'M' 'M' 'M' 'M' 'M' 'M' 'M' 'M' 'M' 'M'
 'M' 'M' 'M' 'M' 'U' 'M' 'M' 'M' 'M' 'M' 'M' 'M' 'M' 'U' 'M' 'M' 'M' 'M'
 'M' 'M' 'M' 'M' 'M' 'M' 'M' 'M' 'M' 'M' 'M' 'M' 'M' 'M' 'M' 'M' 'M' 'M'
 'M' 'M' 'M' 'M' 'M' 'U' 'M' 'M' 'M' 'M' 'M' 'U' 'M' 'M' 'M' 'U' 'M' 'M'
 'M' 'M' 'U' 'M' 'M' 'M' 'M' 'M' 'M' 'M' 'M' 'M' 'U' 'M' 'M' 'M' 'M' 'M'
 'M' 'M' 'M' 'M' 'M' 'A' 'A' 'A' 'A' 'A' 'A' 'A' 'A' 'M' 'M' 'M' 'M' 'M'
 'M' 'M' 'U' 'M' 'M' 'U' 'U' 'M' 'M' 'U' 'M' 'M' 'M' 'M' 'M' 'M' 'M' 'M'
 'M' 'M' 'M' 'M' 'M' 'M' 'M' 'M' 'M' 'M' 'M' 'M' 'M' 'M' 'M' 'M' 'M' 'M'
 'M' 'M' 'M' 'U' 'M' 'M' 'M' 'M' 'M' 'M' 'M' 'M' 'M' 'U' 'U' 'M' 'M' 'M']"
5901,0,177,8,169,21,0,1,"['A' 'M' 'M' 'M' 'M' 'M' 'M' 'M' 'M' 'M' 'M' 'M' 'M' 'M' 'M' 'M' 'M' 'M'
 'M' 'M' 'M' 'M' 'M' 'M' 'M' 'M' 'M' 'M' 'M' 'M' 'U' 'M' 'M' 'M' 'U' 'M'
 'M' 'U' 'M' 'U' 'M' 'M' 'M' 'M' 'M' 'M' 'M' 'M' 'M' 'M' 'M' 'M' 'M' 'M'
 'M' 'M' 'M' 'M' 'M' 'M' 'M' 'M' 'M' 'M' 'M' 'M' 'M' 'M' 'M' 'M' 'M' 'M'
 'M' 'M' 'M' 'M' 'M' 'M' 'M' 'M' 'M' 'M' 'M' 'U' 'M' 'M' 'M' 'M' 'M' 'M'
 'M' 'M' 'M' 'M' 'M' 'U' 'M' 'M' 'M' 'M' 'M' 'U' 'M' 'M' 'M' 'U' 'M' 'M'
 'M' 'M' 'U' 'M' 'M' 'M' 'M' 'M' 'M' 'M' 'M' 'M' 'U' 'M' 'M' 'M' 'M' 'M'
 'M' 'M' 'M' 'M' 'M' 'A' 'A' 'U' 'A' 'A' 'A' 'A' 'A' 'M' 'M' 'M' 'M' 'M'
 'M' 'M' 'M' 'M' 'M' 'M' 'U' 'M' 'M' 'U' 'U' 'M' 'U' 'M' 'M' 'M' 'M' 'M'
 'U' 'M' 'M' 'M' 'M' 'M' 'U' 'M' 'M' 'M' 'M' 'M' 'M' 'M' 'M' 'U' 'M' 'M'
 'M' 'M' 'M' 'U' 'M' 'M' 'M' 'M' 'M' 'U' 'M' 'M' 'M' 'M' 'U' 'M' 'M' 'M']"
6001,0,180,8,172,18,0,0,"['A' 'M' 'M' 'M' 'M' 'M' 'M' 'M' 'M' 'M' 'M' 'M' 'M' 'M' 'M' 'U' 'M' 'M'
 'M' 'M' 'M' 'M' 'M' 'M' 'M' 'M' 'M' 'M' 'M' 'M' 'U' 'M' 'M' 'M' 'U' 'M'
 'M' 'U' 'M' 'M' 'M' 'M' 'M' 'M' 'M' 'M' 'M' 'M' 'M' 'M' 'M' 'M' 'M' 'M'
 'M' 'M' 'M' 'M' 'M' 'M' 'M' 'M' 'M' 'M' 'M' 'M' 'M' 'M' 'M' 'M' 'M' 'M'
 'M' 'M' 'M' 'M' 'M' 'M' 'M' 'M' 'U' 'M' 'M' 'M' 'M' 'M' 'M' 'M' 'M' 'M'
 'M' 'M' 'M' 'M' 'M' 'U' 'M' 'M' 'M' 'U' 'M' 'U' 'M' 'U' 'M' 'A' 'M' 'M'
 'M' 'M' 'M' 'M' 'M' 'M' 'M' 'M' 'M' 'M' 'M' 'M' 'U' 'M' 'M' 'M' 'M' 'M'
 'M' 'M' 'M' 'M' 'M' 'U' 'A' 'U' 'A' 'A' 'A' 'A' 'A' 'M' 'M' 'M' 'M' 'M'
 'M' 'M' 'M' 'M' 'M' 'M' 'M' 'M' 'M' 'U' 'U' 'M' 'U' 'M' 'M' 'M' 'M' 'M'
 'U' 'M' 'M' 'M' 'M' 'M' 'U' 'M' 'M' 'M' 'M' 'M' 'M' 'M' 'M' 'M' 'M' 'M'
 'M' 'M' 'M' 'M' 'M' 'M' 'M' 'M' 'M' 'M' 'M' 'M' 'M' 'M' 'U' 'M' 'M' 'M']"
6101,0,180,7,173,18,0,0,"['A' 'M' 'U' 'M' 'M' 'M' 'M' 'M' 'M' 'M' 'M' 'M' 'M' 'M' 'M' 'U' 'M' 'M'
 'M' 'M' 'M' 'M' 'M' 'M' 'M' 'M' 'M' 'M' 'M' 'M' 'M' 'M' 'M' 'M' 'M' 'M'
 'M' 'U' 'M' 'M' 'M' 'M' 'M' 'M' 'M' 'M' 'M' 'M' 'M' 'M' 'M' 'M' 'M' 'M'
 'M' 'M' 'M' 'M' 'M' 'M' 'M' 'M' 'M' 'M' 'M' 'M' 'M' 'M' 'M' 'M' 'M' 'M'
 'M' 'M' 'M' 'U' 'M' 'M' 'M' 'M' 'M' 'M' 'M' 'M' 'M' 'M' 'M' 'M' 'M' 'M'
 'M' 'M' 'M' 'M' 'M' 'U' 'M' 'M' 'M' 'U' 'M' 'U' 'M' 'U' 'M' 'A' 'M' 'U'
 'M' 'M' 'M' 'M' 'M' 'M' 'M' 'M' 'M' 'M' 'M' 'M' 'U' 'U' 'M' 'M' 'M' 'M'
 'M' 'M' 'M' 'M' 'M' 'U' 'A' 'U' 'A' 'U' 'A' 'A' 'A' 'M' 'M' 'M' 'M' 'M'
 'M' 'M' 'M' 'M' 'M' 'M' 'M' 'M' 'M' 'U' 'U' 'M' 'M' 'M' 'M' 'M' 'M' 'M'
 'U' 'M' 'M' 'M' 'M' 'M' 'M' 'M' 'M' 'M' 'M' 'M' 'M' 'M' 'M' 'M' 'M' 'M'
 'M' 'M' 'M' 'M' 'M' 'M' 'M' 'M' 'M' 'M' 'M' 'M' 'M' 'M' 'U' 'M' 'M' 'M']"
6201,0,186,8,178,12,0,0,"['A' 'M' 'U' 'M' 'M' 'M' 'M' 'M' 'M' 'M' 'M' 'U' 'M' 'M' 'M' 'U' 'M' 'M'
 'M' 'M' 'M' 'M' 'M' 'M' 'M' 'M' 'M' 'M' 'M' 'M' 'M' 'M' 'M' 'M' 'M' 'M'
 'M' 'U' 'M' 'M' 'M' 'M' 'M' 'M' 'M' 'M' 'M' 'M' 'M' 'M' 'M' 'M' 'M' 'M'
 'M' 'M' 'M' 'M' 'M' 'M' 'M' 'M' 'M' 'M' 'M' 'M' 'M' 'M' 'M' 'M' 'M' 'M'
 'M' 'M' 'M' 'M' 'M' 'M' 'M' 'M' 'M' 'M' 'M' 'M' 'M' 'M' 'M' 'M' 'M' 'U'
 'M' 'M' 'M' 'M' 'M' 'M' 'M' 'M' 'M' 'U' 'M' 'M' 'M' 'U' 'M' 'A' 'M' 'M'
 'M' 'M' 'M' 'M' 'M' 'M' 'M' 'M' 'M' 'M' 'M' 'M' 'U' 'U' 'M' 'M' 'M' 'M'
 'M' 'M' 'M' 'M' 'M' 'A' 'A' 'A' 'A' 'U' 'U' 'A' 'A' 'M' 'M' 'M' 'M' 'M'
 'M' 'M' 'M' 'M' 'M' 'M' 'M' 'M' 'M' 'M' 'M' 'M' 'M' 'M' 'M' 'M' 'M' 'M'
 'M' 'M' 'M' 'M' 'M' 'M' 'M' 'M' 'M' 'M' 'M' 'M' 'M' 'M' 'M' 'M' 'M' 'U'
 'M' 'M' 'M' 'M' 'M' 'M' 'M' 'M' 'M' 'M' 'M' 'M' 'M' 'M' 'M' 'M' 'M' 'M']"
6301,0,186,7,179,12,0,0,"['A' 'M' 'U' 'M' 'M' 'M' 'M' 'M' 'M' 'U' 'M' 'U' 'M' 'M' 'M' 'U' 'M' 'M'
 'M' 'M' 'M' 'M' 'M' 'M' 'M' 'M' 'M' 'M' 'M' 'M' 'M' 'M' 'M' 'M' 'M' 'M'
 'M' 'U' 'M' 'M' 'M' 'M' 'U' 'M' 'M' 'M' 'M' 'M' 'M' 'M' 'M' 'M' 'M' 'M'
 'M' 'M' 'M' 'M' 'M' 'M' 'M' 'M' 'M' 'M' 'M' 'M' 'M' 'M' 'M' 'M' 'M' 'M'
 'M' 'M' 'M' 'M' 'M' 'M' 'M' 'M' 'M' 'M' 'M' 'M' 'M' 'M' 'M' 'M' 'M' 'M'
 'M' 'U' 'M' 'M' 'M' 'M' 'M' 'M' 'M' 'M' 'M' 'M' 'M' 'M' 'M' 'U' 'M' 'M'
 'M' 'M' 'M' 'M' 'M' 'M' 'M' 'M' 'M' 'M' 'M' 'M' 'U' 'U' 'M' 'M' 'M' 'U'
 'M' 'M' 'M' 'M' 'M' 'A' 'A' 'A' 'A' 'M' 'M' 'A' 'A' 'M' 'M' 'M' 'M' 'M'
 'M' 'M' 'M' 'M' 'M' 'M' 'M' 'M' 'M' 'M' 'M' 'M' 'M' 'M' 'M' 'M' 'M' 'M'
 'M' 'M' 'M' 'M' 'M' 'M' 'M' 'M' 'M' 'M' 'M' 'M' 'M' 'M' 'M' 'M' 'M' 'U'
 'M' 'M' 'M' 'M' 'M' 'M' 'M' 'M' 'M' 'M' 'M' 'M' 'M' 'M' 'M' 'M' 'M' 'M']"
6401,0,186,10,176,12,0,0,"['A' 'M' 'U' 'M' 'M' 'M' 'M' 'M' 'M' 'M' 'U' 'U' 'M' 'M' 'M' 'U' 'M' 'M'
 'M' 'M' 'U' 'M' 'M' 'M' 'M' 'M' 'M' 'M' 'M' 'M' 'M' 'M' 'M' 'M' 'M' 'M'
 'M' 'M' 'M' 'M' 'M' 'M' 'A' 'M' 'M' 'M' 'M' 'M' 'M' 'M' 'M' 'M' 'M' 'M'
 'M' 'A' 'M' 'M' 'M' 'M' 'M' 'M' 'M' 'M' 'M' 'M' 'M' 'M' 'M' 'M' 'M' 'M'
 'M' 'M' 'M' 'M' 'M' 'M' 'M' 'M' 'M' 'M' 'M' 'U' 'M' 'M' 'M' 'M' 'M' 'M'
 'M' 'M' 'M' 'M' 'M' 'M' 'M' 'M' 'M' 'M' 'M' 'M' 'M' 'M' 'M' 'U' 'M' 'M'
 'M' 'M' 'M' 'M' 'M' 'M' 'M' 'M' 'M' 'M' 'M' 'M' 'M' 'U' 'M' 'M' 'M' 'U'
 'M' 'M' 'M' 'M' 'M' 'A' 'A' 'A' 'A' 'U' 'A' 'A' 'A' 'M' 'M' 'M' 'M' 'M'
 'M' 'M' 'M' 'M' 'M' 'M' 'M' 'M' 'M' 'M' 'U' 'M' 'M' 'M' 'M' 'M' 'M' 'M'
 'M' 'M' 'M' 'M' 'M' 'M' 'M' 'M' 'M' 'M' 'M' 'M' 'M' 'M' 'M' 'M' 'M' 'U'
 'M' 'M' 'M' 'M' 'M' 'M' 'M' 'M' 'M' 'M' 'M' 'M' 'M' 'M' 'M' 'M' 'M' 'M']"
6501,0,184,5,179,14,0,1,"['A' 'M' 'M' 'M' 'M' 'M' 'M' 'M' 'M' 'M' 'M' 'U' 'M' 'M' 'M' 'M' 'M' 'M'
 'M' 'M' 'M' 'M' 'M' 'M' 'M' 'M' 'M' 'M' 'M' 'M' 'M' 'M' 'M' 'M' 'M' 'M'
 'M' 'M' 'M' 'M' 'M' 'M' 'U' 'M' 'M' 'M' 'M' 'M' 'M' 'M' 'M' 'M' 'M' 'M'
 'M' 'A' 'M' 'M' 'M' 'M' 'M' 'M' 'M' 'M' 'M' 'M' 'M' 'M' 'M' 'M' 'M' 'M'
 'M' 'M' 'M' 'M' 'M' 'M' 'M' 'M' 'M' 'M' 'M' 'M' 'M' 'M' 'M' 'M' 'M' 'U'
 'M' 'M' 'M' 'M' 'M' 'M' 'M' 'M' 'M' 'M' 'M' 'M' 'M' 'M' 'M' 'U' 'M' 'M'
 'M' 'U' 'M' 'M' 'M' 'M' 'M' 'M' 'M' 'M' 'U' 'M' 'M' 'U' 'U' 'M' 'M' 'M'
 'M' 'M' 'M' 'M' 'M' 'A' 'U' 'U' 'A' 'U' 'U' 'A' 'M' 'M' 'M' 'M' 'M' 'M'
 'M' 'M' 'M' 'M' 'M' 'M' 'M' 'M' 'M' 'M' 'M' 'M' 'M' 'M' 'M' 'M' 'M' 'M'
 'M' 'M' 'M' 'M' 'M' 'M' 'M' 'M' 'M' 'M' 'M' 'U' 'M' 'M' 'M' 'M' 'M' 'U'
 'M' 'M' 'M' 'M' 'M' 'M' 'M' 'M' 'M' 'M' 'M' 'M' 'M' 'M' 'M' 'M' 'M' 'M']"
6601,0,185,4,181,13,0,0,"['A' 'M' 'M' 'M' 'M' 'M' 'M' 'M' 'M' 'M' 'M' 'U' 'M' 'M' 'M' 'M' 'M' 'U'
 'M' 'M' 'M' 'M' 'M' 'M' 'M' 'M' 'M' 'M' 'M' 'M' 'M' 'M' 'M' 'M' 'M' 'M'
 'M' 'M' 'M' 'M' 'M' 'M' 'U' 'M' 'M' 'M' 'M' 'M' 'M' 'M' 'M' 'M' 'M' 'M'
 'U' 'U' 'M' 'M' 'M' 'M' 'M' 'M' 'M' 'M' 'M' 'M' 'M' 'M' 'U' 'M' 'M' 'M'
 'M' 'M' 'M' 'M' 'M' 'M' 'M' 'M' 'M' 'M' 'M' 'M' 'M' 'M' 'M' 'M' 'M' 'M'
 'M' 'M' 'M' 'M' 'M' 'M' 'M' 'M' 'M' 'M' 'M' 'M' 'M' 'M' 'M' 'M' 'M' 'M'
 'M' 'U' 'M' 'M' 'M' 'M' 'M' 'M' 'M' 'M' 'M' 'M' 'M' 'U' 'U' 'M' 'M' 'M'
 'M' 'M' 'M' 'M' 'M' 'A' 'U' 'M' 'A' 'U' 'M' 'A' 'M' 'M' 'M' 'M' 'M' 'M'
 'M' 'M' 'M' 'M' 'M' 'M' 'M' 'M' 'M' 'M' 'M' 'M' 'M' 'M' 'M' 'M' 'M' 'U'
 'M' 'M' 'M' 'M' 'M' 'M' 'M' 'M' 'M' 'M' 'M' 'U' 'M' 'M' 'M' 'M' 'M' 'M'
 'M' 'M' 'M' 'M' 'M' 'M' 'M' 'M' 'M' 'M' 'M' 'M' 'M' 'M' 'M' 'M' 'M' 'M']"
6701,1,186,5,181,12,0,0,"['A' 'M' 'M' 'M' 'M' 'M' 'M' 'M' 'M' 'M' 'M' 'U' 'M' 'U' 'M' 'M' 'M' 'U'
 'M' 'M' 'M' 'M' 'M' 'M' 'M' 'M' 'M' 'M' 'M' 'M' 'M' 'M' 'M' 'M' 'M' 'M'
 'M' 'M' 'M' 'M' 'M' 'M' 'M' 'M' 'M' 'M' 'M' 'M' 'M' 'M' 'M' 'M' 'M' 'M'
 'M' 'M' 'M' 'M' 'M' 'M' 'M' 'U' 'M' 'M' 'M' 'M' 'M' 'M' 'M' 'M' 'M' 'M'
 'M' 'M' 'M' 'M' 'M' 'U' 'M' 'M' 'M' 'M' 'M' 'M' 'M' 'M' 'M' 'M' 'M' 'M'
 'M' 'M' 'M' 'M' 'M' 'M' 'M' 'M' 'M' 'M' 'M' 'M' 'M' 'M' 'M' 'M' 'M' 'M'
 'M' 'M' 'M' 'M' 'M' 'M' 'M' 'M' 'M' 'M' 'M' 'M' 'M' 'U' 'U' 'M' 'M' 'M'
 'M' 'M' 'M' 'M' 'M' 'A' 'A' 'U' 'A' 'U' 'U' 'A' 'U' 'M' 'M' 'M' 'M' 'M'
 'M' 'M' 'M' 'M' 'M' 'M' 'M' 'M' 'M' 'M' 'M' 'M' 'M' 'M' 'M' 'M' 'M' 'U'
 'M' 'M' 'M' 'M' 'M' 'M' 'M' 'M' 'M' 'M' 'M' 'M' 'M' 'M' 'M' 'M' 'M' 'M'
 'M' 'M' 'M' 'M' 'M' 'M' 'M' 'M' 'M' 'M' 'M' 'M' 'M' 'M' 'M' 'M' 'M' 'M']"
6801,0,186,7,179,12,0,0,"['A' 'M' 'M' 'M' 'M' 'M' 'M' 'M' 'M' 'M' 'M' 'U' 'M' 'U' 'M' 'M' 'M' 'M'
 'M' 'M' 'M' 'M' 'M' 'M' 'M' 'M' 'M' 'M' 'M' 'M' 'M' 'M' 'M' 'M' 'M' 'M'
 'M' 'M' 'M' 'M' 'M' 'M' 'M' 'M' 'M' 'M' 'M' 'M' 'M' 'M' 'M' 'M' 'U' 'M'
 'M' 'M' 'M' 'M' 'M' 'M' 'M' 'U' 'M' 'M' 'M' 'M' 'M' 'M' 'U' 'M' 'M' 'M'
 'M' 'M' 'M' 'M' 'M' 'M' 'M' 'M' 'M' 'M' 'M' 'M' 'M' 'M' 'M' 'M' 'M' 'M'
 'M' 'M' 'M' 'M' 'M' 'M' 'M' 'M' 'M' 'M' 'M' 'M' 'U' 'M' 'M' 'M' 'M' 'M'
 'M' 'M' 'M' 'M' 'M' 'M' 'U' 'M' 'M' 'M' 'M' 'M' 'M' 'M' 'U' 'M' 'M' 'M'
 'U' 'M' 'M' 'M' 'M' 'A' 'A' 'U' 'A' 'A' 'U' 'A' 'A' 'M' 'M' 'M' 'M' 'M'
 'M' 'M' 'M' 'M' 'M' 'M' 'M' 'M' 'M' 'M' 'M' 'M' 'M' 'M' 'M' 'M' 'M' 'M'
 'M' 'M' 'M' 'U' 'M' 'M' 'M' 'M' 'M' 'M' 'M' 'M' 'M' 'M' 'M' 'M' 'M' 'M'
 'M' 'M' 'M' 'M' 'M' 'M' 'M' 'M' 'M' 'M' 'M' 'M' 'M' 'M' 'M' 'M' 'M' 'M']"
6901,0,182,3,179,16,0,0,"['A' 'M' 'M' 'M' 'M' 'M' 'M' 'M' 'M' 'M' 'M' 'M' 'M' 'M' 'M' 'M' 'M' 'M'
 'M' 'M' 'M' 'M' 'M' 'M' 'M' 'U' 'M' 'M' 'M' 'M' 'M' 'M' 'M' 'M' 'M' 'M'
 'M' 'U' 'M' 'M' 'M' 'M' 'M' 'M' 'M' 'M' 'M' 'M' 'M' 'M' 'M' 'M' 'U' 'M'
 'M' 'M' 'M' 'M' 'M' 'M' 'M' 'M' 'M' 'M' 'M' 'M' 'M' 'M' 'M' 'M' 'M' 'M'
 'M' 'M' 'M' 'M' 'M' 'M' 'U' 'M' 'M' 'M' 'M' 'M' 'M' 'M' 'M' 'M' 'M' 'M'
 'M' 'M' 'M' 'M' 'M' 'M' 'M' 'M' 'U' 'M' 'M' 'M' 'M' 'M' 'M' 'M' 'M' 'M'
 'M' 'M' 'M' 'M' 'M' 'M' 'U' 'M' 'M' 'M' 'M' 'M' 'M' 'M' 'U' 'M' 'M' 'M'
 'U' 'M' 'M' 'M' 'M' 'U' 'U' 'U' 'A' 'U' 'U' 'A' 'U' 'M' 'M' 'M' 'M' 'M'
 'M' 'M' 'M' 'M' 'M' 'M' 'M' 'M' 'M' 'M' 'M' 'M' 'M' 'M' 'M' 'M' 'M' 'M'
 'M' 'M' 'M' 'U' 'M' 'M' 'M' 'M' 'M' 'M' 'M' 'M' 'M' 'M' 'M' 'U' 'M' 'M'
 'M' 'M' 'M' 'M' 'M' 'M' 'M' 'M' 'M' 'M' 'M' 'M' 'M' 'M' 'M' 'M' 'M' 'M']"
7001,0,188,7,181,10,0,0,"['A' 'M' 'M' 'M' 'M' 'M' 'M' 'M' 'M' 'M' 'M' 'M' 'M' 'M' 'M' 'M' 'M' 'M'
 'M' 'M' 'M' 'M' 'M' 'M' 'M' 'U' 'M' 'M' 'M' 'M' 'M' 'M' 'M' 'M' 'M' 'M'
 'M' 'M' 'M' 'M' 'M' 'M' 'M' 'M' 'M' 'M' 'M' 'M' 'M' 'M' 'M' 'M' 'U' 'M'
 'M' 'M' 'M' 'M' 'M' 'M' 'M' 'M' 'M' 'M' 'M' 'U' 'M' 'M' 'M' 'M' 'M' 'M'
 'M' 'M' 'M' 'M' 'M' 'M' 'M' 'M' 'M' 'M' 'M' 'M' 'M' 'M' 'M' 'M' 'M' 'M'
 'M' 'M' 'M' 'M' 'M' 'M' 'M' 'M' 'U' 'M' 'M' 'M' 'U' 'M' 'M' 'M' 'M' 'M'
 'M' 'M' 'M' 'M' 'M' 'M' 'U' 'M' 'M' 'M' 'M' 'M' 'M' 'M' 'U' 'M' 'M' 'M'
 'U' 'M' 'M' 'M' 'M' 'U' 'A' 'U' 'A' 'A' 'A' 'A' 'A' 'M' 'M' 'M' 'M' 'M'
 'M' 'M' 'M' 'M' 'M' 'M' 'M' 'M' 'M' 'M' 'M' 'M' 'M' 'M' 'M' 'M' 'M' 'M'
 'M' 'M' 'M' 'M' 'M' 'M' 'M' 'M' 'M' 'M' 'M' 'M' 'M' 'M' 'M' 'M' 'M' 'M'
 'M' 'M' 'M' 'M' 'M' 'M' 'M' 'M' 'M' 'M' 'M' 'M' 'M' 'M' 'M' 'M' 'M' 'M']"
7101,0,185,6,179,13,0,0,"['A' 'M' 'M' 'M' 'M' 'M' 'M' 'M' 'M' 'M' 'M' 'M' 'M' 'M' 'M' 'M' 'M' 'M'
 'U' 'M' 'M' 'M' 'M' 'M' 'M' 'M' 'M' 'M' 'M' 'U' 'M' 'M' 'M' 'M' 'M' 'M'
 'M' 'M' 'M' 'M' 'M' 'M' 'M' 'M' 'M' 'M' 'M' 'M' 'M' 'M' 'M' 'M' 'U' 'M'
 'M' 'M' 'M' 'M' 'M' 'M' 'M' 'M' 'M' 'M' 'M' 'M' 'M' 'M' 'M' 'M' 'M' 'M'
 'M' 'M' 'M' 'M' 'M' 'M' 'U' 'M' 'M' 'M' 'M' 'M' 'M' 'M' 'M' 'M' 'M' 'M'
 'M' 'M' 'M' 'M' 'M' 'M' 'M' 'M' 'U' 'M' 'M' 'M' 'U' 'M' 'M' 'M' 'M' 'M'
 'M' 'M' 'M' 'M' 'M' 'M' 'U' 'M' 'M' 'M' 'M' 'M' 'M' 'M' 'U' 'M' 'M' 'M'
 'U' 'M' 'M' 'M' 'M' 'A' 'A' 'U' 'U' 'U' 'A' 'A' 'A' 'M' 'M' 'M' 'M' 'M'
 'M' 'M' 'M' 'M' 'M' 'M' 'M' 'M' 'M' 'M' 'M' 'M' 'M' 'M' 'M' 'M' 'M' 'M'
 'M' 'M' 'M' 'M' 'M' 'M' 'M' 'M' 'M' 'M' 'M' 'M' 'M' 'M' 'M' 'M' 'M' 'M'
 'M' 'M' 'M' 'M' 'M' 'U' 'M' 'M' 'M' 'M' 'M' 'M' 'M' 'M' 'M' 'M' 'M' 'M']"
7201,0,185,10,175,13,0,0,"['A' 'M' 'M' 'M' 'M' 'M' 'M' 'M' 'M' 'M' 'M' 'M' 'M' 'M' 'M' 'M' 'M' 'M'
 'A' 'M' 'M' 'M' 'M' 'M' 'M' 'M' 'M' 'M' 'M' 'M' 'M' 'M' 'M' 'M' 'M' 'M'
 'M' 'M' 'M' 'M' 'M' 'M' 'M' 'U' 'M' 'M' 'M' 'M' 'M' 'M' 'M' 'M' 'M' 'M'
 'M' 'M' 'M' 'M' 'M' 'M' 'M' 'U' 'M' 'M' 'M' 'M' 'M' 'M' 'M' 'M' 'M' 'M'
 'M' 'M' 'M' 'M' 'M' 'M' 'M' 'M' 'M' 'M' 'M' 'M' 'M' 'M' 'M' 'M' 'M' 'M'
 'M' 'M' 'M' 'U' 'M' 'M' 'M' 'M' 'U' 'M' 'M' 'M' 'U' 'M' 'M' 'M' 'M' 'M'
 'M' 'M' 'U' 'M' 'M' 'M' 'U' 'M' 'M' 'M' 'M' 'M' 'M' 'M' 'M' 'M' 'M' 'M'
 'U' 'M' 'M' 'M' 'M' 'A' 'A' 'A' 'A' 'A' 'U' 'A' 'A' 'M' 'M' 'M' 'M' 'M'
 'U' 'U' 'M' 'M' 'M' 'M' 'M' 'M' 'M' 'M' 'M' 'M' 'M' 'M' 'M' 'M' 'M' 'M'
 'M' 'M' 'M' 'M' 'M' 'M' 'U' 'A' 'M' 'M' 'M' 'M' 'M' 'M' 'M' 'M' 'M' 'M'
 'M' 'M' 'M' 'M' 'M' 'U' 'M' 'M' 'M' 'M' 'M' 'M' 'M' 'M' 'M' 'M' 'M' 'M']"
7301,0,182,9,173,16,0,1,"['A' 'M' 'M' 'M' 'M' 'M' 'M' 'M' 'M' 'M' 'M' 'M' 'M' 'M' 'M' 'M' 'M' 'M'
 'U' 'M' 'M' 'M' 'M' 'M' 'M' 'M' 'M' 'M' 'M' 'M' 'M' 'M' 'M' 'M' 'M' 'M'
 'M' 'M' 'M' 'M' 'M' 'M' 'M' 'U' 'M' 'M' 'M' 'M' 'M' 'M' 'M' 'U' 'M' 'M'
 'M' 'M' 'M' 'M' 'U' 'M' 'M' 'M' 'M' 'M' 'M' 'M' 'M' 'M' 'M' 'M' 'M' 'M'
 'M' 'M' 'M' 'M' 'M' 'M' 'M' 'M' 'M' 'M' 'M' 'M' 'M' 'U' 'M' 'M' 'M' 'M'
 'M' 'M' 'M' 'M' 'M' 'M' 'M' 'M' 'A' 'M' 'M' 'M' 'M' 'M' 'M' 'M' 'M' 'M'
 'U' 'M' 'U' 'M' 'M' 'M' 'U' 'M' 'M' 'M' 'M' 'M' 'M' 'M' 'U' 'M' 'M' 'M'
 'M' 'M' 'M' 'U' 'M' 'U' 'A' 'A' 'A' 'A' 'U' 'A' 'A' 'M' 'M' 'M' 'M' 'M'
 'U' 'U' 'M' 'M' 'M' 'M' 'M' 'M' 'M' 'M' 'M' 'M' 'M' 'M' 'M' 'M' 'M' 'M'
 'M' 'M' 'M' 'M' 'M' 'M' 'U' 'A' 'M' 'M' 'U' 'M' 'M' 'M' 'M' 'M' 'M' 'M'
 'M' 'M' 'M' 'M' 'M' 'M' 'M' 'M' 'M' 'M' 'M' 'M' 'M' 'M' 'M' 'M' 'M' 'M']"
7401,0,181,11,170,17,0,0,"['A' 'M' 'M' 'M' 'M' 'M' 'M' 'M' 'M' 'M' 'M' 'M' 'M' 'M' 'M' 'M' 'M' 'U'
 'U' 'M' 'M' 'M' 'A' 'M' 'M' 'M' 'M' 'M' 'M' 'M' 'M' 'M' 'M' 'M' 'M' 'M'
 'M' 'M' 'M' 'M' 'M' 'M' 'M' 'U' 'M' 'M' 'M' 'M' 'M' 'M' 'M' 'U' 'M' 'M'
 'M' 'M' 'M' 'M' 'U' 'M' 'M' 'M' 'M' 'M' 'M' 'M' 'M' 'M' 'M' 'M' 'M' 'M'
 'M' 'M' 'M' 'M' 'M' 'U' 'M' 'M' 'M' 'M' 'M' 'M' 'M' 'M' 'M' 'M' 'M' 'M'
 'M' 'M' 'M' 'M' 'M' 'M' 'M' 'M' 'U' 'M' 'M' 'M' 'M' 'M' 'M' 'M' 'M' 'M'
 'U' 'M' 'U' 'M' 'M' 'M' 'U' 'M' 'M' 'M' 'M' 'M' 'M' 'M' 'M' 'M' 'M' 'M'
 'M' 'M' 'M' 'U' 'M' 'A' 'A' 'A' 'A' 'A' 'A' 'A' 'A' 'M' 'M' 'M' 'M' 'M'
 'U' 'M' 'M' 'M' 'M' 'M' 'M' 'U' 'M' 'M' 'M' 'M' 'M' 'M' 'M' 'M' 'M' 'M'
 'M' 'M' 'M' 'M' 'M' 'M' 'U' 'A' 'M' 'M' 'U' 'M' 'M' 'M' 'M' 'M' 'M' 'M'
 'M' 'M' 'M' 'M' 'M' 'M' 'M' 'M' 'M' 'M' 'M' 'M' 'U' 'M' 'U' 'M' 'M' 'M']"
7501,0,176,9,167,22,0,1,"['A' 'M' 'M' 'M' 'M' 'M' 'M' 'M' 'M' 'M' 'M' 'M' 'M' 'M' 'M' 'U' 'M' 'U'
 'M' 'M' 'M' 'M' 'U' 'M' 'M' 'M' 'M' 'M' 'M' 'M' 'M' 'M' 'M' 'M' 'M' 'M'
 'M' 'M' 'M' 'M' 'M' 'M' 'M' 'U' 'M' 'M' 'M' 'M' 'M' 'M' 'M' 'M' 'M' 'M'
 'M' 'M' 'U' 'M' 'M' 'M' 'M' 'U' 'M' 'M' 'U' 'M' 'M' 'M' 'M' 'M' 'M' 'M'
 'M' 'M' 'M' 'M' 'M' 'M' 'M' 'U' 'M' 'M' 'M' 'M' 'M' 'M' 'M' 'M' 'M' 'M'
 'M' 'M' 'M' 'M' 'M' 'U' 'M' 'M' 'U' 'M' 'M' 'M' 'M' 'M' 'M' 'M' 'M' 'M'
 'U' 'M' 'U' 'M' 'M' 'M' 'U' 'U' 'M' 'M' 'M' 'M' 'M' 'M' 'M' 'M' 'M' 'M'
 'M' 'M' 'M' 'U' 'M' 'A' 'A' 'A' 'U' 'A' 'A' 'A' 'A' 'M' 'M' 'M' 'M' 'M'
 'U' 'M' 'M' 'M' 'M' 'M' 'M' 'U' 'M' 'M' 'M' 'M' 'M' 'M' 'M' 'M' 'M' 'M'
 'M' 'M' 'M' 'M' 'M' 'M' 'M' 'A' 'U' 'M' 'U' 'M' 'M' 'M' 'M' 'M' 'M' 'M'
 'M' 'M' 'M' 'M' 'M' 'M' 'M' 'M' 'M' 'M' 'M' 'M' 'U' 'M' 'U' 'M' 'M' 'M']"
7601,1,177,10,167,21,0,0,"['A' 'M' 'M' 'M' 'M' 'M' 'M' 'M' 'M' 'M' 'M' 'M' 'M' 'M' 'M' 'U' 'M' 'U'
 'M' 'U' 'M' 'M' 'M' 'M' 'M' 'M' 'M' 'M' 'M' 'M' 'M' 'M' 'M' 'M' 'M' 'M'
 'M' 'M' 'M' 'M' 'M' 'M' 'M' 'M' 'M' 'M' 'M' 'M' 'M' 'M' 'M' 'M' 'M' 'M'
 'M' 'M' 'U' 'U' 'M' 'M' 'M' 'U' 'M' 'M' 'U' 'M' 'M' 'M' 'M' 'M' 'M' 'M'
 'M' 'M' 'M' 'M' 'M' 'U' 'M' 'M' 'M' 'M' 'M' 'M' 'M' 'M' 'M' 'M' 'M' 'M'
 'M' 'M' 'M' 'M' 'M' 'M' 'M' 'M' 'U' 'M' 'M' 'U' 'U' 'M' 'M' 'M' 'M' 'M'
 'M' 'U' 'M' 'M' 'M' 'M' 'M' 'M' 'M' 'U' 'M' 'M' 'M' 'M' 'M' 'M' 'M' 'M'
 'M' 'U' 'M' 'U' 'M' 'A' 'A' 'A' 'A' 'A' 'A' 'A' 'A' 'M' 'M' 'M' 'M' 'M'
 'M' 'M' 'M' 'M' 'M' 'M' 'M' 'U' 'U' 'M' 'M' 'M' 'U' 'M' 'M' 'M' 'M' 'M'
 'M' 'M' 'M' 'M' 'M' 'M' 'M' 'A' 'U' 'M' 'U' 'M' 'M' 'M' 'M' 'M' 'M' 'M'
 'M' 'M' 'M' 'M' 'M' 'M' 'M' 'M' 'M' 'M' 'M' 'M' 'U' 'M' 'M' 'M' 'M' 'M']"
7701,0,180,9,171,18,0,0,"['A' 'M' 'M' 'M' 'M' 'M' 'M' 'M' 'M' 'M' 'M' 'M' 'M' 'M' 'M' 'U' 'M' 'U'
 'M' 'M' 'M' 'M' 'M' 'M' 'M' 'M' 'M' 'M' 'M' 'M' 'M' 'M' 'M' 'M' 'M' 'M'
 'M' 'M' 'M' 'M' 'M' 'U' 'M' 'M' 'M' 'M' 'M' 'M' 'M' 'M' 'M' 'U' 'M' 'M'
 'M' 'M' 'U' 'U' 'M' 'M' 'M' 'M' 'M' 'M' 'M' 'M' 'M' 'M' 'M' 'M' 'U' 'M'
 'M' 'M' 'M' 'M' 'M' 'M' 'M' 'M' 'M' 'M' 'M' 'M' 'M' 'M' 'M' 'M' 'M' 'M'
 'M' 'M' 'M' 'M' 'M' 'M' 'M' 'M' 'M' 'M' 'M' 'U' 'M' 'M' 'M' 'M' 'M' 'M'
 'U' 'U' 'M' 'M' 'M' 'M' 'M' 'M' 'M' 'U' 'M' 'M' 'M' 'M' 'M' 'M' 'M' 'M'
 'M' 'M' 'U' 'M' 'M' 'A' 'A' 'A' 'A' 'A' 'A' 'A' 'U' 'M' 'M' 'M' 'M' 'M'
 'M' 'M' 'M' 'M' 'M' 'M' 'M' 'M' 'U' 'M' 'M' 'M' 'U' 'M' 'M' 'M' 'M' 'M'
 'M' 'M' 'M' 'M' 'M' 'M' 'M' 'A' 'M' 'M' 'U' 'M' 'M' 'U' 'M' 'M' 'M' 'M'
 'M' 'M' 'M' 'M' 'M' 'M' 'M' 'M' 'M' 'M' 'M' 'M' 'U' 'M' 'M' 'M' 'M' 'M']"
7801,0,186,11,175,12,0,0,"['A' 'M' 'M' 'M' 'M' 'M' 'M' 'M' 'M' 'M' 'M' 'M' 'M' 'M' 'M' 'M' 'M' 'M'
 'M' 'M' 'M' 'M' 'M' 'M' 'M' 'M' 'M' 'U' 'M' 'M' 'M' 'M' 'M' 'M' 'M' 'M'
 'M' 'M' 'M' 'M' 'M' 'U' 'M' 'M' 'M' 'M' 'M' 'M' 'M' 'M' 'M' 'U' 'M' 'M'
 'M' 'M' 'U' 'U' 'M' 'M' 'M' 'M' 'M' 'M' 'M' 'M' 'M' 'U' 'M' 'M' 'M' 'M'
 'M' 'M' 'M' 'M' 'M' 'M' 'M' 'M' 'M' 'M' 'M' 'M' 'M' 'M' 'M' 'M' 'M' 'M'
 'M' 'M' 'M' 'M' 'M' 'M' 'M' 'M' 'M' 'M' 'M' 'U' 'M' 'M' 'M' 'M' 'M' 'M'
 'M' 'U' 'M' 'M' 'M' 'M' 'M' 'M' 'M' 'M' 'M' 'M' 'M' 'M' 'M' 'M' 'M' 'M'
 'M' 'M' 'A' 'M' 'M' 'A' 'A' 'A' 'A' 'A' 'A' 'A' 'A' 'M' 'M' 'M' 'M' 'M'
 'M' 'M' 'M' 'M' 'M' 'M' 'M' 'M' 'U' 'M' 'M' 'M' 'M' 'M' 'U' 'M' 'M' 'M'
 'M' 'M' 'M' 'M' 'M' 'M' 'M' 'A' 'M' 'M' 'U' 'M' 'M' 'U' 'M' 'M' 'M' 'M'
 'M' 'M' 'M' 'M' 'M' 'M' 'M' 'M' 'M' 'M' 'M' 'M' 'M' 'M' 'M' 'M' 'M' 'M']"
7901,0,184,9,175,14,0,0,"['A' 'M' 'M' 'M' 'M' 'M' 'M' 'M' 'M' 'M' 'M' 'M' 'M' 'M' 'M' 'M' 'M' 'M'
 'M' 'M' 'M' 'M' 'M' 'M' 'M' 'M' 'M' 'U' 'M' 'M' 'M' 'M' 'M' 'M' 'M' 'M'
 'M' 'M' 'M' 'M' 'M' 'M' 'M' 'M' 'M' 'M' 'M' 'M' 'M' 'M' 'M' 'U' 'M' 'M'
 'M' 'M' 'U' 'U' 'M' 'M' 'M' 'M' 'M' 'M' 'M' 'M' 'U' 'M' 'M' 'M' 'M' 'M'
 'M' 'M' 'M' 'M' 'M' 'M' 'M' 'M' 'M' 'M' 'M' 'M' 'M' 'M' 'M' 'M' 'M' 'M'
 'M' 'M' 'M' 'M' 'M' 'M' 'M' 'M' 'M' 'M' 'M' 'U' 'M' 'M' 'M' 'M' 'M' 'M'
 'M' 'U' 'M' 'M' 'M' 'M' 'M' 'M' 'M' 'M' 'M' 'M' 'M' 'M' 'M' 'M' 'M' 'M'
 'U' 'M' 'U' 'M' 'M' 'A' 'A' 'U' 'A' 'A' 'A' 'A' 'A' 'M' 'M' 'M' 'M' 'M'
 'M' 'M' 'M' 'M' 'M' 'M' 'M' 'M' 'U' 'M' 'M' 'M' 'M' 'M' 'M' 'M' 'M' 'M'
 'M' 'M' 'M' 'M' 'M' 'M' 'M' 'A' 'M' 'U' 'U' 'M' 'M' 'U' 'M' 'M' 'M' 'M'
 'M' 'M' 'M' 'M' 'M' 'M' 'M' 'M' 'M' 'M' 'M' 'M' 'M' 'M' 'M' 'M' 'M' 'M']"
8001,0,188,10,178,10,0,0,"['A' 'M' 'M' 'M' 'M' 'M' 'M' 'M' 'M' 'M' 'M' 'M' 'M' 'M' 'M' 'M' 'M' 'M'
 'M' 'M' 'M' 'M' 'M' 'M' 'M' 'M' 'M' 'M' 'M' 'M' 'M' 'M' 'M' 'M' 'M' 'M'
 'M' 'M' 'M' 'M' 'M' 'M' 'M' 'M' 'M' 'M' 'M' 'M' 'M' 'M' 'M' 'U' 'M' 'M'
 'M' 'M' 'M' 'M' 'M' 'M' 'M' 'M' 'M' 'M' 'M' 'M' 'M' 'M' 'M' 'M' 'M' 'M'
 'M' 'M' 'U' 'M' 'M' 'M' 'M' 'M' 'M' 'M' 'M' 'M' 'M' 'M' 'M' 'M' 'M' 'M'
 'M' 'M' 'M' 'M' 'M' 'M' 'M' 'M' 'M' 'M' 'M' 'U' 'U' 'M' 'M' 'M' 'M' 'M'
 'M' 'A' 'M' 'M' 'M' 'M' 'M' 'M' 'M' 'M' 'M' 'M' 'M' 'M' 'M' 'M' 'M' 'M'
 'U' 'M' 'M' 'M' 'M' 'A' 'A' 'A' 'A' 'U' 'A' 'A' 'A' 'M' 'U' 'M' 'M' 'M'
 'M' 'M' 'M' 'M' 'M' 'M' 'M' 'M' 'U' 'M' 'M' 'M' 'M' 'M' 'M' 'M' 'M' 'M'
 'M' 'M' 'M' 'M' 'M' 'M' 'M' 'A' 'M' 'U' 'M' 'M' 'M' 'M' 'M' 'M' 'U' 'M'
 'M' 'M' 'M' 'M' 'M' 'M' 'M' 'M' 'M' 'M' 'M' 'M' 'M' 'M' 'M' 'M' 'M' 'M']"
8101,0,184,8,176,14,0,0,"['A' 'M' 'M' 'M' 'M' 'M' 'M' 'M' 'M' 'M' 'M' 'M' 'M' 'M' 'M' 'M' 'M' 'M'
 'M' 'M' 'M' 'M' 'M' 'M' 'M' 'M' 'M' 'U' 'M' 'M' 'M' 'M' 'M' 'M' 'M' 'M'
 'M' 'M' 'M' 'M' 'M' 'M' 'M' 'M' 'M' 'U' 'M' 'M' 'M' 'M' 'M' 'U' 'M' 'M'
 'M' 'M' 'M' 'M' 'M' 'M' 'M' 'M' 'M' 'M' 'M' 'M' 'M' 'M' 'M' 'M' 'M' 'M'
 'M' 'M' 'M' 'M' 'M' 'M' 'M' 'M' 'M' 'M' 'M' 'M' 'M' 'U' 'M' 'M' 'M' 'M'
 'M' 'M' 'M' 'M' 'M' 'M' 'M' 'M' 'M' 'M' 'M' 'U' 'U' 'M' 'M' 'M' 'M' 'M'
 'M' 'U' 'M' 'M' 'M' 'M' 'M' 'M' 'M' 'M' 'M' 'M' 'M' 'M' 'M' 'M' 'M' 'M'
 'U' 'M' 'M' 'M' 'M' 'A' 'A' 'A' 'U' 'U' 'A' 'A' 'A' 'M' 'M' 'M' 'M' 'M'
 'M' 'M' 'M' 'M' 'M' 'M' 'M' 'M' 'U' 'M' 'M' 'M' 'M' 'M' 'M' 'M' 'M' 'M'
 'M' 'M' 'M' 'M' 'M' 'U' 'M' 'A' 'M' 'U' 'M' 'M' 'M' 'M' 'M' 'M' 'M' 'M'
 'M' 'M' 'M' 'M' 'M' 'M' 'M' 'M' 'M' 'M' 'M' 'M' 'U' 'M' 'M' 'M' 'M' 'M']"
8201,0,188,4,184,10,0,0,"['A' 'M' 'M' 'M' 'M' 'M' 'M' 'M' 'M' 'M' 'M' 'M' 'M' 'M' 'M' 'M' 'M' 'M'
 'M' 'M' 'M' 'M' 'M' 'M' 'M' 'M' 'M' 'U' 'M' 'M' 'M' 'M' 'M' 'M' 'M' 'M'
 'M' 'M' 'M' 'M' 'M' 'M' 'M' 'M' 'M' 'M' 'M' 'M' 'M' 'M' 'M' 'M' 'M' 'M'
 'M' 'M' 'M' 'M' 'M' 'M' 'M' 'M' 'M' 'M' 'M' 'M' 'M' 'M' 'M' 'M' 'M' 'M'
 'M' 'M' 'M' 'M' 'M' 'M' 'M' 'M' 'M' 'M' 'M' 'M' 'M' 'M' 'M' 'M' 'U' 'M'
 'M' 'M' 'M' 'M' 'M' 'M' 'M' 'M' 'M' 'M' 'M' 'M' 'M' 'M' 'M' 'M' 'M' 'M'
 'M' 'U' 'M' 'M' 'M' 'M' 'M' 'M' 'M' 'M' 'M' 'M' 'M' 'M' 'M' 'M' 'M' 'M'
 'M' 'M' 'M' 'M' 'M' 'A' 'U' 'A' 'M' 'M' 'A' 'U' 'U' 'M' 'M' 'M' 'M' 'M'
 'M' 'M' 'M' 'M' 'M' 'M' 'M' 'M' 'U' 'M' 'M' 'M' 'M' 'M' 'M' 'M' 'M' 'M'
 'M' 'M' 'M' 'M' 'M' 'M' 'M' 'U' 'M' 'U' 'M' 'M' 'M' 'M' 'M' 'M' 'M' 'M'
 'M' 'M' 'M' 'M' 'M' 'M' 'M' 'M' 'M' 'M' 'M' 'M' 'U' 'M' 'M' 'M' 'M' 'M']"
8301,0,186,7,179,12,0,0,"['A' 'M' 'M' 'M' 'M' 'M' 'M' 'M' 'M' 'M' 'M' 'M' 'M' 'M' 'M' 'M' 'M' 'M'
 'M' 'M' 'M' 'M' 'M' 'M' 'M' 'M' 'M' 'U' 'M' 'M' 'M' 'M' 'M' 'M' 'M' 'M'
 'M' 'M' 'M' 'M' 'M' 'M' 'M' 'M' 'M' 'M' 'M' 'M' 'M' 'M' 'M' 'M' 'M' 'M'
 'M' 'M' 'M' 'M' 'M' 'M' 'M' 'M' 'M' 'M' 'M' 'M' 'M' 'M' 'M' 'M' 'M' 'M'
 'M' 'M' 'M' 'M' 'U' 'M' 'M' 'M' 'M' 'M' 'M' 'M' 'M' 'M' 'M' 'M' 'M' 'M'
 'M' 'M' 'M' 'M' 'M' 'M' 'M' 'M' 'M' 'M' 'M' 'M' 'M' 'M' 'M' 'M' 'M' 'M'
 'M' 'U' 'M' 'M' 'M' 'U' 'M' 'M' 'M' 'M' 'M' 'M' 'M' 'M' 'A' 'M' 'M' 'M'
 'M' 'M' 'M' 'M' 'M' 'A' 'A' 'A' 'A' 'U' 'A' 'U' 'U' 'M' 'M' 'M' 'M' 'M'
 'M' 'M' 'M' 'U' 'M' 'U' 'M' 'M' 'M' 'M' 'M' 'M' 'M' 'M' 'M' 'M' 'M' 'M'
 'M' 'M' 'M' 'M' 'M' 'M' 'M' 'M' 'M' 'U' 'M' 'M' 'M' 'M' 'M' 'M' 'M' 'M'
 'M' 'M' 'M' 'M' 'M' 'M' 'M' 'M' 'M' 'M' 'M' 'M' 'U' 'M' 'M' 'M' 'U' 'M']"
8401,0,184,8,176,14,0,0,"['A' 'M' 'M' 'M' 'M' 'M' 'M' 'M' 'M' 'M' 'M' 'M' 'M' 'M' 'M' 'M' 'M' 'M'
 'M' 'M' 'M' 'M' 'M' 'M' 'M' 'M' 'M' 'U' 'M' 'M' 'M' 'M' 'M' 'M' 'M' 'M'
 'M' 'M' 'M' 'U' 'M' 'M' 'M' 'M' 'M' 'M' 'M' 'M' 'M' 'M' 'M' 'M' 'M' 'M'
 'M' 'M' 'M' 'M' 'M' 'M' 'M' 'M' 'M' 'M' 'M' 'M' 'M' 'M' 'M' 'M' 'M' 'M'
 'U' 'M' 'M' 'M' 'M' 'M' 'M' 'M' 'M' 'M' 'M' 'M' 'M' 'M' 'M' 'M' 'M' 'M'
 'M' 'M' 'M' 'M' 'M' 'M' 'M' 'M' 'M' 'M' 'M' 'M' 'M' 'M' 'M' 'M' 'M' 'M'
 'M' 'U' 'U' 'M' 'M' 'M' 'M' 'M' 'M' 'M' 'M' 'M' 'M' 'M' 'A' 'M' 'M' 'M'
 'M' 'M' 'M' 'M' 'M' 'A' 'A' 'U' 'A' 'A' 'U' 'A' 'U' 'M' 'M' 'M' 'M' 'U'
 'M' 'M' 'M' 'U' 'M' 'A' 'M' 'M' 'M' 'M' 'M' 'U' 'M' 'M' 'M' 'M' 'M' 'M'
 'M' 'M' 'M' 'M' 'M' 'M' 'M' 'M' 'M' 'U' 'M' 'M' 'M' 'M' 'M' 'M' 'M' 'M'
 'M' 'M' 'M' 'M' 'M' 'M' 'M' 'M' 'M' 'M' 'M' 'M' 'U' 'M' 'M' 'M' 'U' 'M']"
8501,0,185,5,180,13,0,0,"['A' 'M' 'M' 'M' 'M' 'M' 'M' 'M' 'M' 'M' 'M' 'M' 'M' 'M' 'M' 'M' 'M' 'M'
 'M' 'M' 'M' 'M' 'M' 'M' 'M' 'M' 'M' 'M' 'M' 'M' 'M' 'M' 'M' 'M' 'M' 'M'
 'M' 'M' 'M' 'M' 'M' 'M' 'M' 'U' 'M' 'M' 'M' 'M' 'M' 'M' 'M' 'M' 'M' 'M'
 'M' 'M' 'M' 'M' 'M' 'M' 'M' 'M' 'M' 'M' 'M' 'M' 'M' 'M' 'M' 'U' 'M' 'M'
 'M' 'M' 'M' 'M' 'M' 'M' 'M' 'M' 'M' 'M' 'M' 'M' 'M' 'M' 'M' 'M' 'M' 'M'
 'M' 'M' 'M' 'M' 'M' 'M' 'M' 'M' 'M' 'M' 'M' 'M' 'M' 'M' 'M' 'M' 'M' 'M'
 'M' 'U' 'U' 'M' 'M' 'M' 'M' 'M' 'M' 'M' 'M' 'M' 'M' 'M' 'A' 'U' 'M' 'M'
 'M' 'M' 'M' 'M' 'M' 'U' 'A' 'U' 'A' 'A' 'U' 'M' 'U' 'M' 'M' 'M' 'M' 'U'
 'M' 'M' 'M' 'M' 'M' 'U' 'M' 'M' 'M' 'M' 'M' 'U' 'M' 'M' 'M' 'M' 'M' 'M'
 'M' 'M' 'M' 'M' 'M' 'M' 'M' 'M' 'M' 'M' 'M' 'M' 'M' 'M' 'M' 'M' 'M' 'M'
 'M' 'M' 'M' 'M' 'M' 'M' 'M' 'M' 'M' 'M' 'M' 'M' 'M' 'M' 'M' 'M' 'U' 'M']"
8601,0,187,7,180,11,0,1,"['A' 'M' 'M' 'M' 'M' 'M' 'M' 'M' 'M' 'M' 'M' 'M' 'M' 'M' 'M' 'M' 'M' 'M'
 'M' 'M' 'M' 'M' 'M' 'M' 'M' 'M' 'M' 'M' 'M' 'M' 'M' 'M' 'M' 'M' 'M' 'M'
 'M' 'M' 'M' 'M' 'M' 'M' 'M' 'U' 'M' 'U' 'M' 'M' 'M' 'M' 'M' 'M' 'M' 'M'
 'M' 'M' 'M' 'M' 'M' 'M' 'M' 'M' 'U' 'M' 'M' 'M' 'M' 'M' 'M' 'M' 'M' 'M'
 'M' 'M' 'M' 'U' 'M' 'M' 'M' 'M' 'M' 'M' 'M' 'M' 'M' 'M' 'M' 'M' 'M' 'M'
 'M' 'M' 'M' 'M' 'M' 'M' 'M' 'M' 'M' 'M' 'M' 'M' 'M' 'M' 'M' 'M' 'M' 'M'
 'M' 'M' 'U' 'M' 'M' 'M' 'M' 'M' 'M' 'M' 'M' 'M' 'M' 'M' 'A' 'M' 'M' 'M'
 'M' 'M' 'M' 'M' 'M' 'U' 'A' 'U' 'A' 'U' 'A' 'A' 'A' 'M' 'M' 'M' 'M' 'M'
 'M' 'M' 'M' 'M' 'M' 'M' 'M' 'M' 'M' 'M' 'M' 'U' 'M' 'M' 'M' 'M' 'M' 'M'
 'M' 'U' 'M' 'M' 'M' 'M' 'M' 'M' 'M' 'M' 'M' 'M' 'M' 'M' 'M' 'M' 'M' 'M'
 'M' 'M' 'M' 'M' 'M' 'M' 'M' 'M' 'M' 'M' 'M' 'M' 'M' 'M' 'M' 'M' 'U' 'M']"
8701,1,189,6,183,9,0,0,"['A' 'M' 'M' 'M' 'M' 'M' 'M' 'M' 'M' 'M' 'M' 'M' 'M' 'M' 'M' 'M' 'M' 'M'
 'M' 'M' 'M' 'M' 'M' 'M' 'M' 'M' 'M' 'M' 'M' 'M' 'M' 'M' 'M' 'M' 'M' 'M'
 'M' 'M' 'M' 'M' 'M' 'M' 'M' 'U' 'M' 'M' 'M' 'M' 'M' 'M' 'M' 'M' 'M' 'M'
 'M' 'M' 'M' 'M' 'M' 'M' 'M' 'M' 'U' 'M' 'M' 'M' 'M' 'M' 'M' 'M' 'M' 'M'
 'M' 'M' 'M' 'M' 'M' 'M' 'M' 'M' 'M' 'M' 'U' 'M' 'M' 'M' 'M' 'M' 'M' 'M'
 'M' 'M' 'M' 'M' 'M' 'M' 'M' 'M' 'M' 'M' 'M' 'M' 'M' 'M' 'M' 'M' 'M' 'M'
 'M' 'M' 'U' 'M' 'M' 'M' 'M' 'M' 'M' 'M' 'M' 'M' 'M' 'M' 'U' 'M' 'M' 'M'
 'M' 'M' 'M' 'M' 'M' 'A' 'A' 'U' 'A' 'U' 'A' 'U' 'A' 'M' 'M' 'M' 'M' 'M'
 'M' 'M' 'M' 'M' 'M' 'M' 'M' 'M' 'M' 'M' 'M' 'M' 'M' 'M' 'M' 'M' 'M' 'M'
 'M' 'U' 'M' 'M' 'M' 'M' 'M' 'M' 'M' 'M' 'M' 'M' 'M' 'M' 'M' 'M' 'M' 'M'
 'M' 'M' 'M' 'M' 'M' 'M' 'M' 'M' 'M' 'M' 'M' 'M' 'M' 'M' 'M' 'M' 'M' 'M']"
8801,0,192,7,185,6,0,0,"['A' 'M' 'M' 'M' 'M' 'M' 'M' 'M' 'M' 'M' 'M' 'M' 'M' 'M' 'M' 'M' 'M' 'M'
 'M' 'M' 'M' 'M' 'M' 'M' 'M' 'M' 'M' 'M' 'M' 'M' 'M' 'M' 'M' 'M' 'M' 'M'
 'M' 'M' 'M' 'M' 'M' 'M' 'M' 'U' 'M' 'M' 'M' 'M' 'M' 'M' 'M' 'M' 'M' 'M'
 'M' 'M' 'M' 'M' 'M' 'M' 'M' 'M' 'M' 'M' 'M' 'M' 'M' 'M' 'M' 'M' 'M' 'M'
 'M' 'M' 'M' 'M' 'M' 'M' 'M' 'U' 'M' 'M' 'M' 'M' 'M' 'M' 'M' 'M' 'M' 'M'
 'M' 'M' 'M' 'M' 'M' 'M' 'U' 'M' 'M' 'M' 'M' 'M' 'M' 'M' 'M' 'M' 'M' 'M'
 'M' 'M' 'M' 'M' 'M' 'M' 'M' 'M' 'M' 'M' 'M' 'M' 'M' 'M' 'U' 'M' 'M' 'M'
 'M' 'M' 'M' 'M' 'M' 'U' 'M' 'A' 'A' 'A' 'A' 'A' 'A' 'M' 'M' 'M' 'M' 'M'
 'M' 'M' 'M' 'M' 'M' 'M' 'M' 'M' 'M' 'M' 'M' 'M' 'M' 'M' 'M' 'M' 'M' 'M'
 'M' 'U' 'M' 'M' 'M' 'M' 'M' 'M' 'M' 'M' 'M' 'M' 'M' 'M' 'M' 'M' 'M' 'M'
 'M' 'M' 'M' 'M' 'M' 'M' 'M' 'M' 'M' 'M' 'M' 'M' 'M' 'M' 'M' 'M' 'M' 'M']"
8901,1,189,8,181,9,0,0,"['A' 'M' 'M' 'M' 'M' 'M' 'M' 'M' 'M' 'M' 'M' 'M' 'M' 'M' 'M' 'M' 'M' 'M'
 'M' 'M' 'M' 'M' 'M' 'M' 'M' 'M' 'M' 'M' 'M' 'M' 'M' 'M' 'M' 'M' 'M' 'M'
 'M' 'M' 'M' 'M' 'M' 'M' 'M' 'U' 'M' 'M' 'M' 'M' 'M' 'M' 'M' 'M' 'M' 'M'
 'M' 'U' 'M' 'M' 'M' 'M' 'M' 'M' 'M' 'M' 'M' 'M' 'M' 'M' 'M' 'M' 'M' 'M'
 'M' 'M' 'M' 'M' 'M' 'M' 'M' 'M' 'M' 'M' 'M' 'M' 'M' 'M' 'M' 'M' 'M' 'M'
 'M' 'M' 'M' 'U' 'M' 'M' 'M' 'M' 'M' 'M' 'M' 'M' 'M' 'M' 'M' 'M' 'M' 'M'
 'M' 'M' 'M' 'M' 'M' 'M' 'M' 'M' 'M' 'M' 'M' 'M' 'M' 'M' 'U' 'M' 'M' 'M'
 'M' 'U' 'M' 'M' 'M' 'A' 'A' 'A' 'A' 'A' 'A' 'A' 'U' 'M' 'M' 'M' 'M' 'M'
 'M' 'M' 'M' 'M' 'M' 'M' 'M' 'M' 'M' 'M' 'M' 'M' 'M' 'M' 'M' 'M' 'M' 'M'
 'M' 'U' 'M' 'M' 'M' 'M' 'M' 'M' 'M' 'M' 'M' 'M' 'M' 'M' 'M' 'U' 'M' 'M'
 'M' 'M' 'M' 'M' 'M' 'M' 'U' 'M' 'M' 'M' 'M' 'M' 'M' 'M' 'M' 'M' 'M' 'M']"
9001,0,181,6,175,17,0,0,"['A' 'M' 'M' 'M' 'M' 'M' 'M' 'M' 'M' 'M' 'M' 'M' 'M' 'M' 'M' 'M' 'M' 'M'
 'M' 'M' 'M' 'M' 'M' 'M' 'M' 'M' 'M' 'M' 'M' 'M' 'M' 'M' 'M' 'M' 'M' 'M'
 'M' 'M' 'M' 'U' 'M' 'M' 'M' 'M' 'M' 'M' 'M' 'M' 'M' 'M' 'M' 'M' 'M' 'M'
 'M' 'U' 'M' 'M' 'M' 'M' 'M' 'M' 'M' 'M' 'M' 'M' 'M' 'M' 'M' 'M' 'M' 'M'
 'M' 'M' 'M' 'M' 'M' 'M' 'M' 'M' 'M' 'M' 'M' 'M' 'M' 'U' 'M' 'M' 'M' 'M'
 'M' 'M' 'M' 'M' 'M' 'U' 'M' 'M' 'U' 'M' 'M' 'M' 'M' 'M' 'M' 'M' 'M' 'M'
 'U' 'M' 'M' 'M' 'M' 'M' 'M' 'M' 'M' 'M' 'M' 'M' 'M' 'M' 'U' 'M' 'M' 'M'
 'M' 'U' 'M' 'M' 'M' 'A' 'U' 'A' 'A' 'U' 'U' 'A' 'A' 'M' 'M' 'M' 'M' 'M'
 'M' 'M' 'M' 'M' 'M' 'M' 'M' 'M' 'M' 'M' 'M' 'M' 'M' 'M' 'M' 'M' 'M' 'M'
 'M' 'U' 'M' 'U' 'M' 'M' 'U' 'M' 'M' 'M' 'M' 'M' 'M' 'M' 'M' 'U' 'M' 'M'
 'M' 'M' 'M' 'M' 'M' 'M' 'U' 'U' 'M' 'M' 'M' 'M' 'M' 'M' 'M' 'M' 'M' 'M']"
9101,1,180,8,172,18,0,0,"['A' 'M' 'M' 'M' 'M' 'M' 'M' 'M' 'M' 'M' 'M' 'M' 'M' 'M' 'M' 'M' 'U' 'M'
 'M' 'M' 'M' 'M' 'M' 'M' 'M' 'M' 'M' 'M' 'M' 'M' 'M' 'M' 'M' 'M' 'M' 'M'
 'M' 'M' 'M' 'U' 'M' 'M' 'M' 'M' 'M' 'U' 'M' 'M' 'M' 'M' 'M' 'M' 'M' 'M'
 'M' 'U' 'M' 'U' 'M' 'M' 'M' 'M' 'M' 'M' 'M' 'M' 'M' 'M' 'M' 'M' 'M' 'M'
 'M' 'M' 'M' 'M' 'M' 'M' 'M' 'M' 'M' 'M' 'M' 'M' 'M' 'M' 'M' 'M' 'M' 'M'
 'M' 'M' 'U' 'M' 'M' 'M' 'M' 'M' 'M' 'M' 'M' 'M' 'M' 'M' 'M' 'M' 'M' 'M'
 'M' 'M' 'M' 'M' 'M' 'M' 'M' 'M' 'M' 'M' 'M' 'M' 'U' 'M' 'U' 'M' 'M' 'M'
 'M' 'M' 'M' 'M' 'M' 'A' 'A' 'A' 'U' 'A' 'A' 'U' 'A' 'M' 'M' 'M' 'M' 'M'
 'M' 'U' 'M' 'M' 'U' 'M' 'M' 'M' 'M' 'U' 'M' 'M' 'M' 'M' 'M' 'M' 'M' 'M'
 'M' 'M' 'M' 'U' 'M' 'M' 'U' 'U' 'M' 'M' 'M' 'M' 'M' 'M' 'M' 'A' 'M' 'M'
 'M' 'M' 'M' 'M' 'M' 'M' 'U' 'U' 'M' 'M' 'M' 'M' 'M' 'M' 'M' 'M' 'M' 'M']"
9201,0,176,8,168,22,0,0,"['A' 'M' 'M' 'M' 'M' 'M' 'M' 'M' 'M' 'M' 'M' 'M' 'M' 'M' 'M' 'M' 'U' 'M'
 'M' 'M' 'M' 'M' 'M' 'M' 'M' 'M' 'M' 'M' 'M' 'U' 'U' 'M' 'M' 'M' 'M' 'M'
 'M' 'M' 'M' 'U' 'M' 'M' 'M' 'M' 'M' 'M' 'M' 'M' 'M' 'M' 'M' 'M' 'M' 'M'
 'M' 'U' 'M' 'M' 'M' 'M' 'M' 'M' 'M' 'M' 'M' 'M' 'M' 'M' 'M' 'M' 'M' 'M'
 'M' 'U' 'M' 'M' 'M' 'M' 'M' 'M' 'M' 'M' 'M' 'M' 'M' 'M' 'M' 'M' 'M' 'M'
 'M' 'M' 'M' 'M' 'M' 'U' 'M' 'M' 'M' 'M' 'M' 'M' 'M' 'M' 'M' 'M' 'M' 'M'
 'M' 'M' 'M' 'M' 'M' 'M' 'M' 'M' 'M' 'M' 'M' 'M' 'U' 'M' 'U' 'M' 'M' 'M'
 'M' 'M' 'M' 'M' 'M' 'A' 'A' 'A' 'U' 'A' 'A' 'A' 'A' 'M' 'M' 'M' 'M' 'M'
 'M' 'U' 'M' 'M' 'U' 'M' 'M' 'U' 'M' 'U' 'M' 'M' 'M' 'M' 'M' 'M' 'M' 'M'
 'M' 'M' 'M' 'U' 'M' 'M' 'U' 'U' 'M' 'M' 'U' 'M' 'M' 'M' 'M' 'U' 'M' 'M'
 'M' 'M' 'M' 'M' 'M' 'M' 'U' 'U' 'M' 'M' 'M' 'M' 'M' 'M' 'M' 'U' 'M' 'M']"
9301,0,178,7,171,20,0,0,"['A' 'M' 'M' 'M' 'M' 'M' 'M' 'M' 'M' 'M' 'M' 'M' 'M' 'M' 'M' 'M' 'U' 'M'
 'M' 'M' 'M' 'M' 'M' 'M' 'M' 'M' 'M' 'M' 'M' 'M' 'M' 'M' 'M' 'M' 'M' 'M'
 'M' 'M' 'M' 'U' 'M' 'M' 'M' 'M' 'M' 'M' 'M' 'M' 'M' 'M' 'M' 'M' 'M' 'M'
 'M' 'M' 'M' 'M' 'M' 'M' 'M' 'M' 'U' 'M' 'M' 'M' 'M' 'M' 'M' 'M' 'M' 'M'
 'M' 'M' 'M' 'M' 'M' 'M' 'M' 'M' 'M' 'U' 'M' 'M' 'M' 'M' 'M' 'M' 'M' 'M'
 'M' 'M' 'M' 'M' 'M' 'U' 'M' 'M' 'M' 'M' 'M' 'M' 'M' 'M' 'M' 'U' 'M' 'M'
 'M' 'U' 'M' 'M' 'M' 'M' 'M' 'M' 'M' 'M' 'M' 'M' 'M' 'M' 'U' 'M' 'M' 'M'
 'M' 'M' 'M' 'M' 'M' 'A' 'A' 'U' 'U' 'A' 'A' 'A' 'A' 'M' 'M' 'M' 'U' 'M'
 'M' 'U' 'M' 'M' 'M' 'M' 'M' 'U' 'M' 'U' 'M' 'M' 'M' 'M' 'M' 'M' 'M' 'M'
 'M' 'M' 'M' 'U' 'M' 'M' 'M' 'M' 'M' 'M' 'U' 'M' 'M' 'M' 'M' 'M' 'M' 'M'
 'U' 'M' 'M' 'M' 'M' 'M' 'M' 'U' 'M' 'M' 'M' 'M' 'U' 'M' 'M' 'U' 'M' 'M']"
9401,0,179,7,172,19,0,0,"['A' 'M' 'M' 'M' 'M' 'M' 'M' 'M' 'M' 'M' 'M' 'M' 'M' 'M' 'M' 'M' 'U' 'M'
 'M' 'M' 'M' 'M' 'M' 'M' 'M' 'M' 'M' 'M' 'M' 'M' 'M' 'M' 'M' 'M' 'M' 'M'
 'M' 'M' 'M' 'U' 'M' 'M' 'M' 'M' 'M' 'M' 'M' 'M' 'M' 'M' 'M' 'M' 'M' 'M'
 'M' 'M' 'M' 'M' 'M' 'M' 'M' 'M' 'U' 'M' 'M' 'M' 'M' 'M' 'M' 'U' 'M' 'M'
 'M' 'M' 'M' 'M' 'M' 'M' 'M' 'M' 'M' 'M' 'M' 'M' 'M' 'M' 'M' 'M' 'M' 'M'
 'M' 'M' 'M' 'M' 'M' 'U' 'M' 'M' 'M' 'M' 'M' 'M' 'M' 'M' 'M' 'U' 'M' 'M'
 'M' 'U' 'M' 'M' 'M' 'M' 'M' 'M' 'M' 'M' 'M' 'M' 'M' 'M' 'M' 'M' 'M' 'M'
 'M' 'U' 'M' 'M' 'M' 'U' 'A' 'U' 'A' 'A' 'A' 'A' 'A' 'M' 'M' 'M' 'U' 'M'
 'U' 'M' 'M' 'M' 'M' 'M' 'M' 'M' 'M' 'M' 'M' 'M' 'M' 'M' 'M' 'M' 'M' 'M'
 'M' 'M' 'M' 'U' 'M' 'M' 'M' 'M' 'M' 'M' 'U' 'M' 'M' 'M' 'M' 'U' 'M' 'M'
 'U' 'M' 'M' 'M' 'M' 'M' 'M' 'U' 'M' 'M' 'M' 'M' 'U' 'M' 'M' 'U' 'M' 'M']"
9501,0,177,6,171,21,0,0,"['A' 'M' 'M' 'M' 'M' 'M' 'M' 'M' 'U' 'M' 'M' 'M' 'M' 'M' 'M' 'M' 'U' 'M'
 'M' 'M' 'M' 'M' 'M' 'M' 'M' 'M' 'M' 'M' 'M' 'M' 'M' 'M' 'M' 'M' 'M' 'M'
 'M' 'M' 'M' 'U' 'U' 'M' 'M' 'M' 'M' 'M' 'M' 'M' 'M' 'M' 'M' 'M' 'M' 'M'
 'M' 'M' 'M' 'M' 'M' 'M' 'M' 'M' 'U' 'M' 'U' 'M' 'U' 'M' 'M' 'M' 'M' 'M'
 'M' 'M' 'M' 'M' 'M' 'M' 'M' 'M' 'M' 'M' 'M' 'M' 'M' 'M' 'M' 'M' 'M' 'M'
 'M' 'M' 'M' 'M' 'M' 'M' 'U' 'M' 'M' 'M' 'M' 'M' 'M' 'M' 'U' 'U' 'M' 'U'
 'M' 'M' 'M' 'M' 'M' 'M' 'M' 'M' 'M' 'M' 'M' 'M' 'M' 'M' 'M' 'M' 'M' 'M'
 'M' 'U' 'M' 'M' 'M' 'A' 'A' 'A' 'U' 'A' 'M' 'U' 'A' 'M' 'M' 'M' 'U' 'M'
 'U' 'M' 'M' 'M' 'M' 'M' 'M' 'M' 'M' 'M' 'M' 'M' 'M' 'M' 'M' 'M' 'M' 'M'
 'M' 'M' 'M' 'U' 'M' 'M' 'M' 'M' 'U' 'M' 'M' 'M' 'M' 'M' 'M' 'U' 'M' 'M'
 'M' 'M' 'M' 'M' 'M' 'M' 'M' 'U' 'M' 'M' 'M' 'M' 'U' 'M' 'M' 'M' 'M' 'M']"
9601,1,179,9,170,19,0,1,"['A' 'M' 'M' 'M' 'M' 'M' 'M' 'M' 'M' 'M' 'M' 'M' 'M' 'M' 'M' 'M' 'U' 'M'
 'M' 'M' 'M' 'M' 'M' 'M' 'M' 'M' 'M' 'M' 'M' 'M' 'M' 'M' 'M' 'M' 'M' 'M'
 'M' 'M' 'M' 'M' 'A' 'M' 'M' 'M' 'M' 'M' 'M' 'M' 'M' 'M' 'M' 'U' 'M' 'M'
 'M' 'M' 'M' 'M' 'M' 'M' 'M' 'M' 'M' 'M' 'U' 'M' 'M' 'M' 'M' 'M' 'M' 'M'
 'M' 'M' 'M' 'M' 'M' 'M' 'M' 'M' 'M' 'M' 'U' 'M' 'M' 'M' 'M' 'M' 'M' 'M'
 'M' 'M' 'M' 'M' 'M' 'U' 'U' 'M' 'M' 'M' 'M' 'M' 'M' 'M' 'M' 'U' 'U' 'U'
 'M' 'M' 'M' 'M' 'M' 'M' 'M' 'M' 'M' 'M' 'M' 'M' 'M' 'M' 'M' 'M' 'M' 'M'
 'M' 'U' 'U' 'M' 'M' 'A' 'A' 'A' 'A' 'A' 'A' 'U' 'A' 'M' 'M' 'M' 'U' 'M'
 'M' 'M' 'M' 'M' 'M' 'M' 'M' 'U' 'M' 'U' 'M' 'M' 'M' 'M' 'M' 'M' 'M' 'M'
 'M' 'M' 'M' 'U' 'M' 'M' 'M' 'M' 'U' 'M' 'M' 'M' 'M' 'M' 'M' 'U' 'M' 'M'
 'M' 'M' 'M' 'U' 'M' 'M' 'M' 'M' 'M' 'M' 'M' 'M' 'M' 'M' 'M' 'M' 'M' 'M']"
9701,0,182,6,176,16,0,0,"['A' 'M' 'M' 'M' 'M' 'M' 'M' 'M' 'M' 'M' 'M' 'M' 'M' 'M' 'M' 'M' 'M' 'M'
 'M' 'M' 'M' 'M' 'M' 'M' 'M' 'M' 'M' 'M' 'M' 'M' 'M' 'M' 'M' 'M' 'M' 'M'
 'M' 'M' 'M' 'M' 'A' 'M' 'M' 'M' 'M' 'U' 'M' 'M' 'M' 'M' 'M' 'M' 'M' 'M'
 'M' 'M' 'M' 'M' 'M' 'M' 'M' 'M' 'M' 'M' 'U' 'M' 'M' 'M' 'M' 'M' 'M' 'M'
 'M' 'M' 'M' 'M' 'M' 'M' 'M' 'M' 'M' 'M' 'M' 'U' 'M' 'M' 'M' 'M' 'M' 'M'
 'M' 'M' 'M' 'M' 'M' 'U' 'U' 'M' 'M' 'M' 'M' 'M' 'M' 'M' 'M' 'U' 'M' 'M'
 'M' 'M' 'M' 'M' 'M' 'M' 'M' 'M' 'M' 'M' 'M' 'M' 'M' 'M' 'M' 'M' 'M' 'M'
 'M' 'U' 'M' 'M' 'M' 'A' 'U' 'M' 'A' 'A' 'A' 'U' 'U' 'M' 'M' 'M' 'U' 'M'
 'M' 'M' 'M' 'M' 'M' 'M' 'M' 'U' 'M' 'U' 'M' 'M' 'M' 'M' 'M' 'M' 'M' 'M'
 'M' 'M' 'M' 'U' 'M' 'M' 'M' 'M' 'M' 'M' 'M' 'M' 'M' 'M' 'M' 'M' 'M' 'M'
 'M' 'M' 'M' 'U' 'M' 'M' 'M' 'M' 'M' 'M' 'M' 'M' 'M' 'U' 'M' 'M' 'M' 'M']"
9801,0,177,5,172,21,0,0,"['A' 'M' 'M' 'M' 'M' 'M' 'M' 'M' 'M' 'M' 'M' 'M' 'M' 'M' 'M' 'M' 'M' 'M'
 'M' 'M' 'M' 'M' 'M' 'M' 'M' 'M' 'M' 'M' 'M' 'M' 'M' 'M' 'M' 'M' 'M' 'M'
 'M' 'M' 'U' 'M' 'U' 'M' 'M' 'U' 'M' 'U' 'M' 'M' 'M' 'M' 'M' 'M' 'M' 'M'
 'M' 'M' 'M' 'M' 'M' 'M' 'M' 'M' 'M' 'M' 'U' 'M' 'M' 'M' 'M' 'M' 'U' 'M'
 'M' 'M' 'M' 'M' 'M' 'M' 'M' 'M' 'M' 'M' 'M' 'M' 'M' 'M' 'M' 'M' 'M' 'M'
 'M' 'M' 'M' 'M' 'M' 'U' 'U' 'M' 'M' 'M' 'M' 'M' 'M' 'M' 'M' 'A' 'M' 'M'
 'M' 'M' 'M' 'M' 'M' 'M' 'M' 'M' 'U' 'M' 'M' 'M' 'M' 'M' 'M' 'M' 'M' 'M'
 'M' 'U' 'M' 'M' 'M' 'M' 'U' 'M' 'A' 'A' 'A' 'U' 'U' 'M' 'M' 'M' 'U' 'M'
 'U' 'M' 'M' 'U' 'M' 'M' 'M' 'U' 'M' 'U' 'M' 'M' 'M' 'M' 'M' 'M' 'M' 'M'
 'M' 'M' 'M' 'M' 'M' 'M' 'M' 'M' 'M' 'M' 'M' 'M' 'M' 'M' 'M' 'M' 'M' 'M'
 'M' 'M' 'M' 'U' 'M' 'M' 'M' 'U' 'M' 'M' 'M' 'M' 'M' 'U' 'M' 'M' 'M' 'M']"
9901,0,183,5,178,15,0,1,"['A' 'M' 'M' 'M' 'M' 'M' 'M' 'M' 'M' 'M' 'M' 'M' 'M' 'M' 'M' 'M' 'M' 'M'
 'M' 'M' 'M' 'M' 'M' 'M' 'M' 'M' 'M' 'M' 'M' 'M' 'M' 'M' 'M' 'M' 'M' 'M'
 'M' 'M' 'U' 'M' 'M' 'M' 'M' 'M' 'M' 'M' 'M' 'M' 'M' 'M' 'M' 'M' 'M' 'M'
 'M' 'M' 'M' 'M' 'M' 'M' 'M' 'M' 'M' 'M' 'U' 'M' 'M' 'M' 'M' 'M' 'M' 'M'
 'M' 'U' 'M' 'M' 'M' 'M' 'M' 'M' 'M' 'M' 'M' 'M' 'M' 'M' 'M' 'M' 'M' 'M'
 'M' 'M' 'M' 'M' 'M' 'U' 'U' 'M' 'M' 'M' 'M' 'M' 'M' 'M' 'M' 'A' 'M' 'M'
 'M' 'M' 'M' 'M' 'M' 'M' 'M' 'M' 'M' 'U' 'M' 'M' 'M' 'M' 'M' 'M' 'M' 'M'
 'M' 'M' 'M' 'M' 'M' 'M' 'M' 'M' 'A' 'A' 'A' 'U' 'U' 'M' 'M' 'M' 'U' 'M'
 'U' 'M' 'M' 'U' 'M' 'M' 'M' 'U' 'M' 'M' 'M' 'M' 'M' 'M' 'M' 'M' 'M' 'M'
 'M' 'U' 'M' 'M' 'M' 'M' 'M' 'M' 'M' 'M' 'M' 'M' 'M' 'M' 'M' 'M' 'M' 'M'
 'M' 'M' 'M' 'U' 'M' 'M' 'M' 'U' 'M' 'M' 'M' 'M' 'M' 'M' 'M' 'M' 'M' 'M']"
10001,0,177,4,173,21,0,0,"['A' 'M' 'U' 'M' 'M' 'M' 'M' 'M' 'M' 'M' 'M' 'M' 'M' 'M' 'M' 'M' 'M' 'M'
 'M' 'M' 'M' 'M' 'M' 'M' 'M' 'M' 'M' 'M' 'M' 'M' 'U' 'M' 'M' 'M' 'M' 'M'
 'M' 'M' 'M' 'M' 'M' 'M' 'M' 'M' 'M' 'M' 'M' 'M' 'M' 'U' 'M' 'M' 'M' 'M'
 'M' 'M' 'M' 'M' 'M' 'M' 'M' 'M' 'M' 'M' 'A' 'M' 'M' 'M' 'M' 'M' 'M' 'M'
 'M' 'M' 'M' 'M' 'M' 'M' 'U' 'M' 'M' 'M' 'M' 'M' 'M' 'M' 'M' 'M' 'M' 'M'
 'M' 'M' 'M' 'M' 'M' 'U' 'U' 'M' 'M' 'M' 'M' 'M' 'M' 'M' 'M' 'U' 'M' 'M'
 'M' 'M' 'M' 'M' 'M' 'M' 'M' 'M' 'M' 'U' 'M' 'M' 'M' 'M' 'M' 'M' 'M' 'M'
 'M' 'M' 'M' 'U' 'M' 'M' 'U' 'U' 'U' 'A' 'A' 'U' 'U' 'M' 'M' 'M' 'M' 'M'
 'U' 'M' 'U' 'U' 'M' 'M' 'M' 'U' 'M' 'M' 'M' 'M' 'M' 'M' 'M' 'M' 'M' 'M'
 'M' 'U' 'M' 'M' 'M' 'M' 'M' 'M' 'M' 'M' 'M' 'M' 'M' 'M' 'M' 'M' 'M' 'M'
 'M' 'M' 'M' 'U' 'M' 'M' 'M' 'U' 'M' 'M' 'M' 'M' 'M' 'M' 'M' 'M' 'M' 'M']"
10101,0,181,7,174,17,0,0,"['A' 'M' 'U' 'U' 'M' 'M' 'M' 'M' 'M' 'M' 'U' 'M' 'M' 'M' 'M' 'M' 'M' 'M'
 'M' 'M' 'M' 'M' 'M' 'M' 'M' 'M' 'M' 'M' 'M' 'M' 'M' 'M' 'M' 'M' 'M' 'M'
 'M' 'M' 'M' 'M' 'M' 'M' 'M' 'M' 'M' 'M' 'M' 'M' 'M' 'U' 'M' 'M' 'M' 'M'
 'M' 'M' 'U' 'M' 'M' 'M' 'M' 'M' 'M' 'M' 'M' 'M' 'M' 'M' 'M' 'M' 'M' 'M'
 'M' 'M' 'M' 'M' 'M' 'M' 'M' 'M' 'U' 'M' 'M' 'M' 'M' 'M' 'M' 'M' 'M' 'M'
 'M' 'M' 'M' 'M' 'M' 'U' 'M' 'M' 'M' 'M' 'M' 'M' 'M' 'M' 'M' 'U' 'M' 'M'
 'M' 'M' 'M' 'M' 'M' 'M' 'M' 'M' 'M' 'U' 'M' 'M' 'M' 'M' 'M' 'M' 'M' 'M'
 'M' 'M' 'M' 'M' 'M' 'M' 'A' 'A' 'A' 'A' 'A' 'A' 'U' 'M' 'M' 'M' 'M' 'M'
 'U' 'M' 'U' 'U' 'M' 'M' 'M' 'U' 'M' 'M' 'M' 'M' 'M' 'M' 'M' 'M' 'M' 'M'
 'M' 'U' 'M' 'M' 'M' 'M' 'M' 'M' 'M' 'M' 'M' 'M' 'M' 'M' 'M' 'M' 'M' 'M'
 'M' 'M' 'M' 'U' 'M' 'M' 'M' 'U' 'M' 'M' 'M' 'M' 'M' 'M' 'M' 'M' 'M' 'M']"
10201,2,183,7,176,15,0,0,"['A' 'U' 'U' 'M' 'M' 'M' 'M' 'M' 'M' 'U' 'U' 'M' 'M' 'M' 'M' 'M' 'M' 'M'
 'M' 'M' 'M' 'M' 'M' 'M' 'M' 'M' 'M' 'M' 'M' 'M' 'M' 'M' 'M' 'M' 'M' 'M'
 'M' 'M' 'M' 'M' 'M' 'M' 'M' 'M' 'M' 'M' 'M' 'M' 'M' 'U' 'M' 'M' 'M' 'M'
 'M' 'M' 'U' 'M' 'M' 'M' 'M' 'M' 'M' 'M' 'M' 'M' 'M' 'M' 'M' 'M' 'M' 'M'
 'M' 'M' 'M' 'M' 'M' 'M' 'M' 'M' 'M' 'M' 'M' 'M' 'M' 'M' 'M' 'M' 'M' 'M'
 'M' 'M' 'U' 'M' 'M' 'U' 'M' 'M' 'M' 'M' 'M' 'M' 'M' 'M' 'M' 'U' 'M' 'M'
 'M' 'M' 'M' 'M' 'M' 'M' 'M' 'M' 'M' 'M' 'M' 'M' 'M' 'M' 'M' 'M' 'M' 'M'
 'M' 'M' 'M' 'M' 'M' 'M' 'A' 'A' 'A' 'A' 'A' 'A' 'U' 'M' 'M' 'M' 'M' 'M'
 'M' 'M' 'U' 'U' 'M' 'M' 'M' 'M' 'M' 'M' 'M' 'U' 'M' 'M' 'M' 'M' 'M' 'M'
 'M' 'U' 'M' 'M' 'M' 'M' 'M' 'M' 'M' 'M' 'M' 'M' 'M' 'M' 'M' 'M' 'M' 'M'
 'M' 'M' 'M' 'M' 'M' 'M' 'M' 'U' 'M' 'M' 'M' 'M' 'M' 'M' 'M' 'M' 'M' 'M']"
10301,0,183,6,177,15,0,0,"['A' 'M' 'M' 'U' 'M' 'M' 'M' 'M' 'M' 'U' 'U' 'M' 'M' 'M' 'M' 'M' 'M' 'M'
 'M' 'M' 'M' 'M' 'M' 'M' 'M' 'M' 'M' 'M' 'M' 'M' 'M' 'M' 'M' 'M' 'M' 'M'
 'M' 'U' 'M' 'M' 'M' 'M' 'M' 'M' 'M' 'M' 'M' 'M' 'M' 'M' 'M' 'M' 'M' 'M'
 'M' 'M' 'U' 'M' 'M' 'M' 'M' 'M' 'M' 'M' 'M' 'M' 'M' 'M' 'M' 'M' 'M' 'M'
 'M' 'M' 'M' 'M' 'M' 'M' 'M' 'M' 'M' 'M' 'M' 'M' 'M' 'M' 'M' 'U' 'M' 'M'
 'M' 'M' 'M' 'M' 'M' 'M' 'M' 'M' 'M' 'M' 'M' 'M' 'M' 'M' 'M' 'U' 'M' 'M'
 'M' 'M' 'M' 'M' 'M' 'M' 'M' 'M' 'M' 'U' 'M' 'M' 'M' 'M' 'M' 'M' 'M' 'M'
 'M' 'M' 'M' 'M' 'M' 'M' 'A' 'A' 'U' 'A' 'A' 'U' 'A' 'M' 'M' 'M' 'M' 'M'
 'M' 'M' 'M' 'U' 'M' 'M' 'U' 'M' 'M' 'M' 'M' 'M' 'M' 'M' 'M' 'M' 'M' 'M'
 'M' 'U' 'M' 'M' 'M' 'U' 'M' 'M' 'M' 'M' 'M' 'M' 'M' 'M' 'M' 'M' 'M' 'M'
 'M' 'M' 'M' 'M' 'M' 'M' 'M' 'U' 'M' 'M' 'M' 'M' 'M' 'M' 'M' 'M' 'M' 'M']"
10401,0,185,5,180,13,0,0,"['A' 'M' 'M' 'M' 'M' 'M' 'M' 'M' 'M' 'U' 'U' 'M' 'M' 'M' 'M' 'M' 'M' 'M'
 'M' 'M' 'M' 'M' 'M' 'M' 'M' 'M' 'M' 'M' 'M' 'M' 'M' 'M' 'M' 'M' 'M' 'M'
 'M' 'U' 'M' 'M' 'M' 'M' 'M' 'M' 'M' 'M' 'M' 'M' 'M' 'M' 'M' 'M' 'M' 'M'
 'M' 'M' 'U' 'M' 'M' 'M' 'M' 'M' 'M' 'M' 'M' 'M' 'M' 'M' 'M' 'M' 'M' 'M'
 'M' 'M' 'M' 'M' 'M' 'M' 'U' 'M' 'M' 'M' 'M' 'M' 'M' 'M' 'M' 'M' 'M' 'M'
 'M' 'M' 'M' 'M' 'M' 'M' 'M' 'M' 'M' 'M' 'M' 'M' 'U' 'M' 'M' 'U' 'U' 'M'
 'M' 'M' 'M' 'M' 'M' 'M' 'M' 'M' 'M' 'U' 'M' 'M' 'M' 'M' 'M' 'M' 'M' 'M'
 'M' 'M' 'M' 'M' 'M' 'M' 'A' 'U' 'M' 'A' 'A' 'U' 'A' 'M' 'M' 'M' 'M' 'M'
 'M' 'M' 'M' 'M' 'M' 'M' 'M' 'M' 'M' 'M' 'M' 'M' 'M' 'M' 'M' 'M' 'M' 'M'
 'M' 'M' 'M' 'M' 'M' 'U' 'M' 'M' 'M' 'M' 'M' 'M' 'M' 'M' 'M' 'M' 'M' 'M'
 'M' 'M' 'M' 'M' 'U' 'M' 'M' 'M' 'M' 'M' 'M' 'M' 'M' 'M' 'M' 'M' 'M' 'M']"
10501,0,187,6,181,11,0,0,"['A' 'M' 'M' 'M' 'M' 'M' 'M' 'M' 'M' 'U' 'M' 'M' 'M' 'M' 'M' 'M' 'M' 'M'
 'M' 'M' 'M' 'M' 'M' 'M' 'U' 'M' 'M' 'M' 'M' 'M' 'M' 'M' 'M' 'M' 'M' 'U'
 'M' 'M' 'M' 'M' 'M' 'M' 'M' 'M' 'M' 'M' 'M' 'M' 'M' 'M' 'M' 'M' 'M' 'M'
 'M' 'M' 'U' 'M' 'M' 'M' 'M' 'M' 'M' 'M' 'M' 'M' 'M' 'M' 'M' 'M' 'M' 'M'
 'M' 'M' 'M' 'M' 'M' 'M' 'M' 'M' 'M' 'M' 'M' 'M' 'M' 'M' 'M' 'M' 'U' 'M'
 'M' 'M' 'M' 'M' 'M' 'M' 'M' 'M' 'M' 'M' 'M' 'M' 'M' 'M' 'M' 'U' 'U' 'M'
 'M' 'M' 'M' 'M' 'M' 'M' 'M' 'M' 'M' 'M' 'M' 'M' 'M' 'M' 'M' 'M' 'M' 'M'
 'U' 'M' 'M' 'M' 'M' 'U' 'A' 'A' 'U' 'A' 'A' 'U' 'A' 'M' 'M' 'M' 'M' 'M'
 'M' 'M' 'M' 'M' 'M' 'M' 'M' 'M' 'M' 'M' 'M' 'M' 'M' 'M' 'M' 'M' 'M' 'M'
 'M' 'M' 'M' 'M' 'M' 'M' 'M' 'M' 'M' 'M' 'M' 'M' 'M' 'M' 'M' 'M' 'M' 'M'
 'M' 'M' 'M' 'M' 'M' 'M' 'M' 'M' 'M' 'M' 'M' 'M' 'M' 'M' 'M' 'M' 'M' 'M']"
10601,2,188,6,182,10,0,0,"['A' 'M' 'M' 'M' 'M' 'M' 'M' 'M' 'M' 'M' 'M' 'M' 'M' 'M' 'M' 'M' 'M' 'M'
 'M' 'M' 'M' 'M' 'M' 'M' 'M' 'M' 'M' 'M' 'M' 'M' 'M' 'M' 'U' 'M' 'M' 'M'
 'M' 'M' 'M' 'M' 'M' 'M' 'M' 'M' 'M' 'M' 'M' 'M' 'M' 'M' 'M' 'U' 'M' 'M'
 'M' 'M' 'M' 'M' 'M' 'M' 'M' 'M' 'M' 'M' 'M' 'M' 'U' 'M' 'M' 'M' 'M' 'M'
 'M' 'M' 'M' 'M' 'M' 'M' 'M' 'M' 'M' 'M' 'M' 'M' 'M' 'M' 'M' 'M' 'M' 'M'
 'M' 'M' 'M' 'M' 'M' 'M' 'M' 'M' 'M' 'M' 'M' 'M' 'U' 'M' 'M' 'M' 'U' 'M'
 'M' 'M' 'M' 'M' 'M' 'M' 'M' 'M' 'M' 'M' 'M' 'M' 'M' 'M' 'M' 'M' 'M' 'M'
 'M' 'M' 'M' 'M' 'M' 'U' 'A' 'A' 'A' 'A' 'A' 'U' 'U' 'M' 'M' 'M' 'M' 'M'
 'M' 'M' 'M' 'M' 'M' 'M' 'M' 'M' 'M' 'M' 'M' 'M' 'M' 'M' 'M' 'M' 'M' 'M'
 'M' 'M' 'M' 'M' 'M' 'M' 'M' 'M' 'M' 'M' 'M' 'M' 'M' 'M' 'M' 'M' 'M' 'M'
 'M' 'M' 'M' 'M' 'M' 'U' 'M' 'M' 'M' 'M' 'M' 'M' 'M' 'M' 'M' 'U' 'M' 'M']"
10701,0,184,6,178,14,0,0,"['A' 'M' 'M' 'M' 'M' 'U' 'M' 'M' 'M' 'M' 'M' 'M' 'M' 'M' 'M' 'M' 'M' 'M'
 'M' 'M' 'M' 'M' 'M' 'M' 'M' 'M' 'M' 'M' 'M' 'M' 'M' 'M' 'U' 'M' 'M' 'M'
 'M' 'M' 'M' 'M' 'M' 'M' 'M' 'M' 'M' 'M' 'M' 'M' 'M' 'M' 'M' 'U' 'M' 'M'
 'M' 'M' 'M' 'M' 'M' 'M' 'M' 'M' 'M' 'M' 'M' 'M' 'M' 'M' 'U' 'M' 'M' 'M'
 'M' 'M' 'M' 'M' 'M' 'M' 'M' 'M' 'M' 'M' 'M' 'M' 'M' 'M' 'M' 'M' 'M' 'M'
 'M' 'M' 'M' 'M' 'M' 'M' 'M' 'M' 'M' 'M' 'M' 'M' 'U' 'M' 'M' 'M' 'U' 'U'
 'M' 'M' 'M' 'M' 'M' 'M' 'M' 'M' 'M' 'M' 'M' 'M' 'M' 'M' 'M' 'M' 'M' 'M'
 'M' 'M' 'M' 'M' 'M' 'U' 'M' 'A' 'A' 'A' 'U' 'A' 'A' 'M' 'M' 'M' 'M' 'M'
 'M' 'M' 'M' 'M' 'M' 'M' 'M' 'M' 'M' 'M' 'M' 'M' 'M' 'M' 'M' 'M' 'M' 'M'
 'M' 'M' 'M' 'M' 'M' 'M' 'M' 'M' 'M' 'M' 'M' 'M' 'U' 'M' 'M' 'M' 'M' 'M'
 'M' 'U' 'M' 'M' 'M' 'M' 'M' 'U' 'M' 'M' 'M' 'M' 'M' 'U' 'M' 'U' 'M' 'M']"
10801,0,187,4,183,11,0,1,"['A' 'M' 'M' 'M' 'M' 'U' 'M' 'M' 'M' 'M' 'M' 'M' 'M' 'M' 'M' 'M' 'M' 'M'
 'M' 'M' 'M' 'M' 'M' 'M' 'M' 'M' 'M' 'M' 'M' 'M' 'M' 'M' 'M' 'M' 'M' 'M'
 'M' 'M' 'M' 'M' 'M' 'M' 'M' 'M' 'M' 'M' 'M' 'M' 'M' 'M' 'M' 'U' 'M' 'M'
 'M' 'M' 'M' 'M' 'M' 'M' 'M' 'M' 'M' 'M' 'M' 'M' 'M' 'M' 'M' 'M' 'M' 'M'
 'M' 'M' 'M' 'M' 'M' 'M' 'M' 'M' 'M' 'M' 'M' 'M' 'M' 'M' 'M' 'M' 'M' 'M'
 'M' 'M' 'M' 'M' 'U' 'M' 'M' 'M' 'M' 'M' 'M' 'M' 'U' 'M' 'M' 'M' 'U' 'M'
 'M' 'M' 'M' 'M' 'M' 'M' 'M' 'M' 'M' 'M' 'M' 'M' 'M' 'M' 'M' 'M' 'M' 'M'
 'M' 'M' 'M' 'M' 'M' 'M' 'U' 'U' 'M' 'U' 'A' 'A' 'A' 'M' 'M' 'M' 'M' 'M'
 'M' 'M' 'M' 'M' 'M' 'M' 'M' 'M' 'M' 'M' 'M' 'M' 'M' 'M' 'M' 'M' 'M' 'M'
 'M' 'M' 'M' 'M' 'M' 'M' 'M' 'M' 'M' 'M' 'M' 'M' 'M' 'M' 'M' 'M' 'M' 'M'
 'M' 'U' 'M' 'M' 'M' 'M' 'M' 'U' 'M' 'M' 'M' 'M' 'M' 'U' 'M' 'M' 'M' 'M']"
10901,0,188,6,182,10,0,0,"['A' 'M' 'M' 'M' 'M' 'U' 'M' 'M' 'M' 'M' 'M' 'M' 'M' 'M' 'M' 'M' 'M' 'M'
 'M' 'M' 'M' 'M' 'M' 'M' 'M' 'M' 'M' 'M' 'M' 'M' 'M' 'M' 'M' 'M' 'M' 'M'
 'M' 'M' 'M' 'M' 'M' 'M' 'M' 'M' 'M' 'M' 'M' 'M' 'M' 'M' 'M' 'M' 'M' 'M'
 'M' 'M' 'M' 'M' 'M' 'M' 'M' 'M' 'M' 'M' 'M' 'M' 'U' 'M' 'M' 'M' 'M' 'M'
 'M' 'M' 'M' 'M' 'M' 'M' 'M' 'M' 'M' 'M' 'M' 'M' 'M' 'M' 'M' 'M' 'M' 'M'
 'M' 'M' 'M' 'M' 'M' 'M' 'M' 'M' 'M' 'M' 'M' 'M' 'M' 'M' 'M' 'M' 'U' 'M'
 'M' 'M' 'M' 'M' 'M' 'M' 'M' 'M' 'M' 'M' 'M' 'M' 'M' 'M' 'M' 'M' 'M' 'M'
 'M' 'M' 'M' 'M' 'M' 'U' 'U' 'A' 'A' 'U' 'A' 'A' 'A' 'M' 'M' 'M' 'M' 'M'
 'M' 'M' 'M' 'M' 'M' 'M' 'M' 'M' 'M' 'M' 'M' 'M' 'M' 'M' 'M' 'M' 'M' 'M'
 'M' 'M' 'M' 'M' 'M' 'M' 'M' 'M' 'M' 'M' 'M' 'M' 'M' 'M' 'M' 'M' 'M' 'M'
 'M' 'U' 'M' 'M' 'M' 'M' 'U' 'M' 'M' 'M' 'M' 'M' 'M' 'U' 'M' 'U' 'M' 'M']"
11001,0,188,4,184,10,0,0,"['A' 'M' 'M' 'M' 'M' 'U' 'M' 'M' 'M' 'M' 'M' 'M' 'M' 'M' 'M' 'M' 'M' 'M'
 'M' 'M' 'M' 'M' 'M' 'M' 'M' 'M' 'M' 'M' 'M' 'M' 'M' 'M' 'M' 'M' 'M' 'M'
 'M' 'M' 'M' 'M' 'M' 'M' 'M' 'M' 'M' 'M' 'M' 'M' 'M' 'M' 'M' 'M' 'M' 'M'
 'U' 'M' 'M' 'M' 'M' 'M' 'M' 'M' 'M' 'M' 'M' 'M' 'M' 'U' 'M' 'M' 'M' 'M'
 'M' 'M' 'M' 'M' 'M' 'M' 'M' 'M' 'M' 'M' 'M' 'M' 'M' 'M' 'M' 'M' 'M' 'M'
 'M' 'M' 'M' 'M' 'M' 'M' 'M' 'M' 'M' 'M' 'M' 'M' 'M' 'M' 'M' 'M' 'U' 'M'
 'M' 'M' 'M' 'M' 'U' 'M' 'M' 'M' 'M' 'M' 'M' 'M' 'M' 'M' 'M' 'M' 'M' 'M'
 'M' 'M' 'M' 'M' 'M' 'M' 'M' 'A' 'A' 'M' 'A' 'U' 'U' 'M' 'M' 'M' 'M' 'M'
 'M' 'M' 'M' 'M' 'M' 'M' 'M' 'M' 'M' 'M' 'M' 'M' 'M' 'M' 'M' 'M' 'M' 'M'
 'M' 'M' 'M' 'M' 'M' 'M' 'M' 'M' 'M' 'M' 'M' 'M' 'M' 'U' 'M' 'M' 'M' 'M'
 'M' 'U' 'M' 'M' 'M' 'M' 'M' 'M' 'M' 'M' 'M' 'M' 'M' 'M' 'M' 'U' 'M' 'M']"
11101,0,185,6,179,13,0,0,"['A' 'M' 'M' 'M' 'M' 'U' 'M' 'M' 'M' 'M' 'M' 'M' 'M' 'M' 'M' 'M' 'M' 'M'
 'M' 'M' 'M' 'M' 'M' 'M' 'M' 'M' 'M' 'M' 'M' 'M' 'M' 'M' 'M' 'M' 'M' 'M'
 'M' 'M' 'M' 'M' 'M' 'M' 'M' 'M' 'M' 'M' 'M' 'M' 'M' 'M' 'M' 'M' 'M' 'M'
 'A' 'M' 'M' 'M' 'M' 'M' 'M' 'M' 'M' 'M' 'M' 'M' 'M' 'M' 'M' 'M' 'M' 'M'
 'U' 'M' 'M' 'M' 'M' 'M' 'M' 'M' 'M' 'M' 'M' 'M' 'M' 'M' 'M' 'M' 'M' 'M'
 'M' 'M' 'M' 'M' 'M' 'M' 'M' 'M' 'M' 'M' 'M' 'M' 'M' 'M' 'M' 'M' 'U' 'M'
 'M' 'M' 'M' 'M' 'M' 'M' 'M' 'M' 'M' 'M' 'M' 'M' 'M' 'M' 'M' 'M' 'U' 'M'
 'M' 'M' 'M' 'M' 'M' 'A' 'U' 'A' 'A' 'U' 'A' 'U' 'U' 'M' 'M' 'M' 'M' 'M'
 'M' 'M' 'M' 'M' 'M' 'M' 'M' 'M' 'M' 'M' 'M' 'M' 'M' 'M' 'M' 'M' 'M' 'M'
 'M' 'M' 'M' 'M' 'M' 'M' 'M' 'M' 'M' 'U' 'M' 'M' 'M' 'U' 'M' 'M' 'M' 'M'
 'M' 'U' 'M' 'M' 'U' 'M' 'M' 'M' 'M' 'M' 'M' 'M' 'M' 'M' 'M' 'U' 'M' 'M']"
11201,0,181,4,177,17,0,0,"['A' 'M' 'M' 'M' 'M' 'U' 'M' 'M' 'M' 'M' 'M' 'M' 'M' 'M' 'M' 'M' 'M' 'M'
 'M' 'M' 'M' 'M' 'M' 'M' 'M' 'M' 'M' 'U' 'M' 'M' 'M' 'M' 'M' 'M' 'M' 'M'
 'M' 'M' 'M' 'M' 'M' 'M' 'M' 'M' 'M' 'U' 'M' 'M' 'M' 'M' 'M' 'M' 'M' 'M'
 'A' 'M' 'M' 'M' 'M' 'M' 'M' 'M' 'M' 'M' 'M' 'M' 'M' 'M' 'M' 'M' 'M' 'M'
 'M' 'M' 'M' 'M' 'U' 'M' 'M' 'M' 'M' 'M' 'M' 'M' 'M' 'M' 'M' 'M' 'M' 'M'
 'M' 'M' 'M' 'M' 'M' 'M' 'M' 'M' 'M' 'M' 'M' 'M' 'M' 'M' 'M' 'M' 'U' 'M'
 'M' 'M' 'M' 'M' 'M' 'M' 'M' 'M' 'M' 'M' 'M' 'M' 'M' 'M' 'M' 'M' 'U' 'M'
 'M' 'U' 'M' 'M' 'M' 'A' 'U' 'A' 'U' 'U' 'U' 'U' 'U' 'M' 'M' 'M' 'M' 'M'
 'M' 'M' 'M' 'M' 'M' 'M' 'M' 'M' 'M' 'M' 'M' 'M' 'M' 'M' 'M' 'M' 'M' 'M'
 'M' 'M' 'M' 'M' 'M' 'M' 'M' 'M' 'M' 'U' 'M' 'M' 'M' 'M' 'M' 'M' 'M' 'M'
 'M' 'U' 'M' 'M' 'M' 'M' 'M' 'M' 'M' 'M' 'M' 'M' 'U' 'M' 'M' 'U' 'M' 'M']"
11301,1,180,5,175,18,0,0,"['A' 'M' 'M' 'M' 'M' 'U' 'M' 'M' 'M' 'M' 'M' 'M' 'M' 'M' 'M' 'M' 'M' 'M'
 'U' 'M' 'M' 'M' 'M' 'M' 'M' 'M' 'M' 'U' 'M' 'M' 'M' 'M' 'M' 'M' 'M' 'M'
 'M' 'M' 'M' 'M' 'M' 'M' 'M' 'M' 'M' 'U' 'M' 'M' 'M' 'M' 'M' 'M' 'M' 'M'
 'U' 'M' 'M' 'M' 'M' 'M' 'M' 'M' 'M' 'M' 'M' 'M' 'M' 'M' 'M' 'M' 'M' 'M'
 'M' 'M' 'M' 'M' 'M' 'M' 'M' 'M' 'M' 'M' 'M' 'M' 'M' 'M' 'M' 'U' 'M' 'M'
 'M' 'M' 'M' 'M' 'M' 'M' 'M' 'M' 'M' 'M' 'M' 'M' 'M' 'M' 'M' 'M' 'U' 'M'
 'M' 'U' 'M' 'M' 'M' 'M' 'M' 'M' 'M' 'M' 'M' 'M' 'M' 'M' 'M' 'M' 'U' 'M'
 'M' 'U' 'M' 'M' 'M' 'A' 'A' 'A' 'A' 'U' 'U' 'U' 'U' 'M' 'M' 'M' 'M' 'M'
 'M' 'M' 'M' 'M' 'M' 'U' 'M' 'M' 'M' 'M' 'M' 'M' 'M' 'M' 'M' 'M' 'M' 'M'
 'M' 'M' 'M' 'M' 'M' 'M' 'M' 'M' 'M' 'M' 'M' 'M' 'M' 'M' 'M' 'M' 'M' 'M'
 'M' 'M' 'U' 'M' 'M' 'M' 'M' 'M' 'M' 'M' 'M' 'M' 'U' 'M' 'M' 'U' 'M' 'M']"
11401,1,185,6,179,13,0,0,"['A' 'M' 'M' 'M' 'M' 'M' 'M' 'M' 'M' 'M' 'M' 'M' 'M' 'M' 'M' 'M' 'M' 'M'
 'U' 'M' 'M' 'M' 'M' 'M' 'M' 'M' 'M' 'U' 'M' 'M' 'M' 'M' 'M' 'M' 'M' 'M'
 'M' 'M' 'M' 'M' 'M' 'M' 'M' 'M' 'M' 'U' 'M' 'M' 'M' 'M' 'M' 'M' 'M' 'M'
 'U' 'M' 'M' 'M' 'M' 'M' 'M' 'M' 'M' 'M' 'M' 'M' 'M' 'M' 'M' 'M' 'M' 'M'
 'U' 'M' 'M' 'M' 'M' 'M' 'M' 'M' 'M' 'M' 'M' 'M' 'M' 'M' 'M' 'M' 'M' 'M'
 'M' 'M' 'M' 'M' 'M' 'M' 'M' 'M' 'M' 'M' 'M' 'M' 'M' 'M' 'M' 'M' 'U' 'M'
 'M' 'U' 'M' 'M' 'M' 'M' 'M' 'M' 'M' 'M' 'M' 'M' 'M' 'M' 'M' 'M' 'M' 'M'
 'M' 'U' 'M' 'M' 'M' 'A' 'A' 'A' 'U' 'U' 'A' 'A' 'U' 'M' 'M' 'M' 'M' 'M'
 'M' 'M' 'M' 'M' 'M' 'U' 'M' 'M' 'M' 'M' 'M' 'M' 'M' 'M' 'M' 'M' 'M' 'M'
 'M' 'M' 'M' 'M' 'M' 'M' 'M' 'M' 'M' 'M' 'M' 'M' 'M' 'M' 'M' 'M' 'M' 'M'
 'M' 'M' 'M' 'M' 'M' 'M' 'M' 'M' 'M' 'M' 'M' 'M' 'M' 'M' 'M' 'U' 'M' 'M']"
11501,0,185,9,176,13,0,0,"['A' 'M' 'M' 'M' 'M' 'M' 'M' 'M' 'M' 'M' 'M' 'M' 'M' 'M' 'M' 'U' 'M' 'M'
 'U' 'M' 'M' 'M' 'M' 'M' 'M' 'M' 'M' 'U' 'M' 'M' 'M' 'M' 'M' 'U' 'M' 'M'
 'M' 'M' 'M' 'M' 'M' 'M' 'M' 'M' 'M' 'M' 'M' 'M' 'M' 'M' 'M' 'M' 'M' 'M'
 'U' 'M' 'M' 'M' 'M' 'M' 'M' 'M' 'M' 'M' 'M' 'M' 'M' 'M' 'M' 'M' 'M' 'M'
 'M' 'M' 'M' 'M' 'M' 'M' 'M' 'M' 'M' 'M' 'M' 'M' 'M' 'M' 'M' 'M' 'M' 'U'
 'M' 'M' 'M' 'M' 'M' 'M' 'M' 'M' 'M' 'M' 'M' 'M' 'U' 'M' 'M' 'M' 'M' 'M'
 'M' 'M' 'M' 'M' 'M' 'M' 'M' 'M' 'M' 'M' 'M' 'M' 'M' 'M' 'M' 'M' 'M' 'M'
 'M' 'U' 'M' 'M' 'M' 'A' 'A' 'A' 'A' 'A' 'A' 'A' 'A' 'M' 'M' 'M' 'M' 'M'
 'M' 'M' 'M' 'M' 'M' 'U' 'M' 'M' 'M' 'M' 'M' 'M' 'M' 'M' 'M' 'M' 'M' 'M'
 'M' 'M' 'M' 'M' 'M' 'M' 'M' 'M' 'M' 'M' 'M' 'U' 'M' 'M' 'M' 'M' 'M' 'M'
 'M' 'M' 'U' 'M' 'M' 'M' 'M' 'M' 'M' 'M' 'M' 'M' 'M' 'M' 'M' 'U' 'U' 'M']"
11601,0,177,6,171,21,0,0,"['A' 'M' 'M' 'M' 'M' 'M' 'M' 'M' 'M' 'M' 'M' 'M' 'M' 'M' 'M' 'M' 'M' 'M'
 'U' 'M' 'M' 'M' 'U' 'M' 'M' 'M' 'M' 'M' 'M' 'M' 'M' 'M' 'M' 'M' 'M' 'M'
 'M' 'M' 'M' 'M' 'U' 'M' 'M' 'M' 'M' 'M' 'M' 'M' 'M' 'M' 'U' 'M' 'M' 'M'
 'U' 'M' 'M' 'M' 'M' 'M' 'M' 'M' 'M' 'M' 'M' 'M' 'M' 'M' 'U' 'M' 'M' 'M'
 'M' 'M' 'M' 'M' 'M' 'M' 'M' 'M' 'M' 'M' 'M' 'M' 'M' 'M' 'M' 'M' 'M' 'M'
 'M' 'M' 'M' 'M' 'M' 'M' 'M' 'M' 'M' 'M' 'M' 'M' 'U' 'M' 'M' 'M' 'M' 'M'
 'M' 'M' 'M' 'M' 'M' 'M' 'M' 'M' 'M' 'M' 'M' 'M' 'M' 'M' 'M' 'M' 'U' 'M'
 'M' 'U' 'M' 'M' 'M' 'U' 'A' 'U' 'A' 'A' 'A' 'U' 'A' 'M' 'M' 'U' 'M' 'U'
 'M' 'M' 'M' 'M' 'M' 'U' 'M' 'M' 'M' 'U' 'M' 'M' 'M' 'M' 'M' 'M' 'M' 'U'
 'M' 'M' 'M' 'M' 'M' 'M' 'M' 'M' 'M' 'M' 'M' 'U' 'M' 'M' 'M' 'M' 'M' 'M'
 'M' 'M' 'U' 'M' 'M' 'M' 'M' 'M' 'M' 'M' 'M' 'M' 'M' 'M' 'M' 'U' 'U' 'M']"
11701,0,177,6,171,21,0,0,"['A' 'M' 'M' 'M' 'M' 'M' 'M' 'M' 'M' 'M' 'U' 'M' 'M' 'M' 'M' 'M' 'M' 'M'
 'U' 'U' 'M' 'M' 'U' 'M' 'M' 'M' 'M' 'M' 'M' 'M' 'M' 'M' 'M' 'M' 'M' 'M'
 'M' 'M' 'M' 'M' 'U' 'M' 'M' 'M' 'M' 'M' 'M' 'M' 'M' 'M' 'U' 'M' 'M' 'M'
 'U' 'M' 'M' 'M' 'M' 'U' 'M' 'M' 'M' 'M' 'M' 'M' 'M' 'M' 'M' 'M' 'M' 'M'
 'M' 'M' 'M' 'M' 'M' 'M' 'M' 'M' 'M' 'M' 'M' 'M' 'M' 'M' 'M' 'M' 'M' 'M'
 'U' 'M' 'M' 'M' 'M' 'M' 'M' 'M' 'M' 'M' 'M' 'M' 'M' 'M' 'M' 'M' 'M' 'M'
 'M' 'M' 'M' 'M' 'M' 'M' 'M' 'M' 'M' 'M' 'M' 'M' 'M' 'M' 'M' 'M' 'M' 'M'
 'M' 'U' 'M' 'M' 'M' 'U' 'A' 'U' 'A' 'A' 'A' 'A' 'U' 'M' 'M' 'M' 'M' 'U'
 'M' 'M' 'M' 'M' 'M' 'M' 'M' 'M' 'M' 'U' 'M' 'M' 'M' 'M' 'M' 'M' 'M' 'U'
 'M' 'M' 'M' 'M' 'M' 'M' 'M' 'M' 'M' 'M' 'M' 'U' 'M' 'M' 'M' 'M' 'M' 'M'
 'M' 'M' 'U' 'M' 'M' 'M' 'M' 'M' 'M' 'M' 'M' 'M' 'M' 'M' 'U' 'U' 'U' 'M']"
11801,0,186,9,177,12,0,0,"['A' 'M' 'M' 'M' 'M' 'M' 'M' 'M' 'M' 'M' 'U' 'M' 'M' 'M' 'M' 'M' 'M' 'M'
 'U' 'M' 'M' 'M' 'M' 'M' 'M' 'M' 'M' 'M' 'M' 'M' 'M' 'M' 'M' 'M' 'M' 'M'
 'M' 'M' 'M' 'M' 'M' 'M' 'M' 'M' 'M' 'U' 'M' 'M' 'M' 'M' 'M' 'M' 'M' 'M'
 'U' 'M' 'M' 'M' 'M' 'U' 'M' 'M' 'M' 'M' 'M' 'M' 'M' 'M' 'M' 'M' 'U' 'M'
 'M' 'M' 'M' 'M' 'M' 'M' 'M' 'M' 'M' 'M' 'M' 'M' 'M' 'M' 'M' 'M' 'M' 'M'
 'M' 'M' 'M' 'M' 'M' 'M' 'M' 'M' 'M' 'M' 'M' 'M' 'M' 'M' 'M' 'M' 'M' 'M'
 'M' 'M' 'M' 'M' 'M' 'M' 'M' 'M' 'M' 'M' 'M' 'U' 'M' 'M' 'M' 'M' 'M' 'M'
 'M' 'U' 'M' 'M' 'M' 'A' 'A' 'A' 'A' 'A' 'A' 'A' 'A' 'M' 'M' 'M' 'M' 'M'
 'M' 'M' 'M' 'M' 'M' 'M' 'M' 'M' 'M' 'M' 'M' 'M' 'U' 'M' 'M' 'M' 'M' 'M'
 'M' 'M' 'M' 'M' 'M' 'M' 'M' 'M' 'M' 'M' 'M' 'M' 'M' 'M' 'M' 'M' 'M' 'M'
 'M' 'M' 'U' 'M' 'M' 'M' 'M' 'M' 'M' 'M' 'M' 'M' 'M' 'M' 'U' 'M' 'U' 'M']"
11901,0,182,5,177,16,0,0,"['A' 'M' 'M' 'M' 'M' 'M' 'M' 'M' 'M' 'M' 'U' 'M' 'M' 'M' 'M' 'M' 'M' 'M'
 'M' 'M' 'M' 'M' 'M' 'U' 'M' 'M' 'M' 'M' 'M' 'M' 'M' 'M' 'M' 'M' 'M' 'M'
 'M' 'M' 'M' 'M' 'M' 'M' 'M' 'M' 'M' 'U' 'M' 'M' 'M' 'M' 'M' 'M' 'M' 'M'
 'U' 'U' 'M' 'M' 'M' 'M' 'M' 'M' 'M' 'U' 'M' 'M' 'U' 'M' 'M' 'M' 'M' 'M'
 'M' 'M' 'M' 'M' 'M' 'M' 'M' 'M' 'M' 'M' 'M' 'M' 'M' 'M' 'M' 'M' 'M' 'M'
 'M' 'M' 'M' 'M' 'M' 'M' 'M' 'M' 'M' 'M' 'M' 'M' 'M' 'M' 'M' 'M' 'M' 'M'
 'M' 'M' 'M' 'M' 'M' 'M' 'M' 'M' 'M' 'M' 'M' 'U' 'M' 'M' 'M' 'M' 'M' 'M'
 'M' 'U' 'M' 'M' 'M' 'U' 'M' 'A' 'U' 'A' 'A' 'A' 'U' 'M' 'M' 'M' 'M' 'U'
 'M' 'M' 'M' 'M' 'M' 'M' 'M' 'M' 'M' 'M' 'M' 'M' 'U' 'M' 'M' 'M' 'M' 'M'
 'M' 'M' 'M' 'M' 'M' 'M' 'M' 'M' 'M' 'M' 'M' 'M' 'M' 'M' 'M' 'M' 'M' 'M'
 'M' 'M' 'M' 'M' 'M' 'M' 'M' 'M' 'M' 'M' 'M' 'M' 'M' 'M' 'U' 'M' 'U' 'M']"
12001,0,183,7,176,15,0,0,"['A' 'M' 'M' 'M' 'M' 'M' 'M' 'M' 'M' 'M' 'U' 'M' 'M' 'M' 'M' 'M' 'M' 'M'
 'M' 'M' 'M' 'M' 'M' 'U' 'M' 'M' 'M' 'M' 'M' 'M' 'M' 'M' 'M' 'M' 'M' 'U'
 'M' 'M' 'M' 'M' 'M' 'M' 'M' 'M' 'M' 'U' 'M' 'M' 'M' 'M' 'M' 'M' 'M' 'M'
 'M' 'M' 'M' 'M' 'M' 'M' 'M' 'M' 'M' 'U' 'M' 'M' 'U' 'M' 'M' 'M' 'M' 'M'
 'M' 'M' 'M' 'M' 'M' 'M' 'M' 'M' 'M' 'M' 'M' 'M' 'M' 'M' 'M' 'M' 'M' 'M'
 'M' 'M' 'M' 'M' 'M' 'M' 'M' 'M' 'M' 'M' 'M' 'M' 'M' 'M' 'M' 'M' 'M' 'M'
 'M' 'M' 'M' 'M' 'M' 'M' 'M' 'M' 'M' 'M' 'M' 'U' 'M' 'M' 'M' 'M' 'U' 'M'
 'M' 'M' 'M' 'M' 'M' 'U' 'A' 'A' 'A' 'A' 'U' 'A' 'A' 'M' 'M' 'M' 'M' 'M'
 'M' 'M' 'M' 'M' 'U' 'M' 'M' 'M' 'M' 'M' 'M' 'M' 'M' 'U' 'M' 'M' 'M' 'M'
 'M' 'M' 'M' 'M' 'M' 'M' 'M' 'M' 'M' 'M' 'M' 'M' 'M' 'M' 'M' 'M' 'M' 'M'
 'M' 'M' 'M' 'M' 'M' 'U' 'M' 'M' 'M' 'M' 'M' 'M' 'M' 'M' 'U' 'M' 'U' 'M']"
12101,1,179,7,172,19,0,0,"['A' 'M' 'M' 'U' 'M' 'M' 'M' 'M' 'M' 'M' 'U' 'M' 'M' 'M' 'M' 'M' 'M' 'M'
 'M' 'M' 'M' 'M' 'M' 'M' 'M' 'M' 'M' 'M' 'M' 'M' 'M' 'M' 'U' 'M' 'M' 'U'
 'M' 'M' 'M' 'M' 'M' 'M' 'M' 'M' 'M' 'U' 'M' 'M' 'M' 'M' 'M' 'M' 'M' 'M'
 'M' 'U' 'M' 'M' 'M' 'M' 'M' 'M' 'U' 'U' 'M' 'M' 'M' 'M' 'M' 'M' 'M' 'M'
 'M' 'M' 'M' 'M' 'M' 'M' 'M' 'M' 'M' 'M' 'M' 'M' 'M' 'M' 'M' 'M' 'M' 'U'
 'M' 'M' 'M' 'M' 'M' 'M' 'M' 'M' 'M' 'M' 'M' 'M' 'M' 'M' 'M' 'M' 'M' 'M'
 'M' 'M' 'M' 'M' 'M' 'M' 'M' 'M' 'M' 'M' 'M' 'U' 'M' 'M' 'M' 'M' 'U' 'M'
 'M' 'M' 'M' 'M' 'M' 'U' 'A' 'A' 'A' 'A' 'A' 'U' 'A' 'M' 'M' 'M' 'M' 'M'
 'M' 'M' 'M' 'M' 'M' 'M' 'M' 'M' 'M' 'M' 'M' 'M' 'M' 'U' 'M' 'M' 'M' 'U'
 'U' 'M' 'M' 'M' 'M' 'M' 'M' 'M' 'M' 'M' 'M' 'M' 'M' 'M' 'M' 'M' 'M' 'M'
 'M' 'M' 'M' 'M' 'M' 'U' 'M' 'M' 'M' 'M' 'M' 'M' 'M' 'M' 'U' 'M' 'U' 'M']"
12201,0,181,8,173,17,0,0,"['A' 'M' 'M' 'M' 'M' 'U' 'M' 'M' 'M' 'M' 'U' 'M' 'M' 'M' 'M' 'M' 'M' 'M'
 'M' 'M' 'M' 'M' 'M' 'M' 'M' 'M' 'M' 'M' 'M' 'U' 'M' 'M' 'U' 'M' 'M' 'M'
 'M' 'M' 'M' 'M' 'M' 'M' 'M' 'M' 'M' 'U' 'M' 'M' 'M' 'M' 'M' 'M' 'M' 'M'
 'M' 'U' 'M' 'M' 'M' 'M' 'M' 'M' 'U' 'M' 'M' 'M' 'M' 'M' 'U' 'M' 'M' 'M'
 'M' 'M' 'M' 'M' 'M' 'M' 'M' 'M' 'M' 'M' 'M' 'M' 'M' 'M' 'M' 'M' 'M' 'M'
 'M' 'M' 'M' 'M' 'M' 'M' 'M' 'M' 'M' 'M' 'M' 'M' 'M' 'M' 'M' 'M' 'M' 'M'
 'M' 'M' 'M' 'M' 'M' 'M' 'M' 'M' 'M' 'M' 'M' 'U' 'M' 'M' 'M' 'M' 'M' 'M'
 'M' 'M' 'M' 'M' 'M' 'U' 'A' 'A' 'A' 'A' 'A' 'U' 'A' 'A' 'M' 'M' 'M' 'M'
 'M' 'M' 'M' 'M' 'M' 'M' 'M' 'M' 'M' 'M' 'U' 'M' 'M' 'U' 'M' 'M' 'M' 'U'
 'U' 'M' 'M' 'M' 'M' 'M' 'M' 'M' 'M' 'M' 'M' 'M' 'M' 'M' 'M' 'M' 'M' 'M'
 'M' 'M' 'M' 'M' 'M' 'U' 'M' 'M' 'M' 'M' 'M' 'M' 'M' 'M' 'U' 'M' 'M' 'M']"
12301,1,182,8,174,16,0,0,"['A' 'M' 'M' 'M' 'M' 'U' 'M' 'M' 'M' 'M' 'U' 'M' 'M' 'M' 'M' 'M' 'M' 'M'
 'M' 'M' 'M' 'M' 'M' 'M' 'M' 'M' 'M' 'M' 'M' 'U' 'M' 'M' 'U' 'M' 'M' 'M'
 'M' 'M' 'M' 'M' 'M' 'M' 'M' 'M' 'M' 'U' 'M' 'M' 'M' 'M' 'M' 'M' 'M' 'M'
 'M' 'U' 'M' 'M' 'M' 'M' 'M' 'M' 'M' 'U' 'M' 'M' 'U' 'M' 'M' 'M' 'M' 'M'
 'M' 'M' 'M' 'M' 'M' 'M' 'M' 'M' 'M' 'M' 'M' 'M' 'M' 'M' 'M' 'M' 'M' 'M'
 'M' 'M' 'M' 'M' 'M' 'M' 'M' 'M' 'M' 'M' 'M' 'M' 'M' 'M' 'M' 'M' 'M' 'M'
 'M' 'M' 'M' 'M' 'M' 'M' 'M' 'M' 'M' 'M' 'M' 'M' 'M' 'M' 'M' 'M' 'M' 'M'
 'M' 'M' 'M' 'M' 'M' 'A' 'A' 'A' 'U' 'A' 'A' 'M' 'A' 'A' 'M' 'M' 'M' 'M'
 'M' 'M' 'M' 'M' 'M' 'M' 'M' 'M' 'M' 'M' 'U' 'M' 'M' 'U' 'M' 'M' 'M' 'U'
 'U' 'U' 'M' 'M' 'M' 'M' 'M' 'M' 'M' 'M' 'M' 'M' 'M' 'M' 'M' 'M' 'M' 'M'
 'M' 'M' 'M' 'M' 'M' 'M' 'U' 'M' 'M' 'M' 'M' 'M' 'M' 'M' 'U' 'M' 'M' 'M']"
12401,0,183,7,176,15,0,0,"['A' 'M' 'M' 'M' 'M' 'U' 'M' 'M' 'M' 'M' 'M' 'M' 'M' 'M' 'M' 'M' 'M' 'M'
 'M' 'M' 'M' 'M' 'M' 'M' 'M' 'M' 'M' 'M' 'M' 'U' 'M' 'M' 'U' 'M' 'M' 'M'
 'M' 'M' 'M' 'M' 'M' 'M' 'M' 'M' 'M' 'M' 'M' 'M' 'M' 'M' 'M' 'M' 'M' 'M'
 'M' 'U' 'M' 'M' 'M' 'M' 'M' 'M' 'M' 'U' 'M' 'M' 'M' 'M' 'M' 'M' 'M' 'M'
 'M' 'M' 'M' 'M' 'M' 'M' 'M' 'M' 'M' 'M' 'M' 'M' 'M' 'M' 'M' 'M' 'U' 'M'
 'M' 'M' 'M' 'M' 'M' 'M' 'M' 'M' 'M' 'M' 'M' 'M' 'M' 'M' 'M' 'M' 'M' 'M'
 'M' 'M' 'M' 'M' 'M' 'M' 'M' 'M' 'M' 'M' 'M' 'M' 'M' 'M' 'M' 'M' 'M' 'M'
 'M' 'M' 'M' 'M' 'M' 'A' 'U' 'A' 'U' 'A' 'U' 'A' 'A' 'A' 'M' 'M' 'M' 'M'
 'M' 'M' 'M' 'M' 'M' 'M' 'M' 'M' 'M' 'M' 'U' 'M' 'M' 'U' 'M' 'M' 'M' 'U'
 'M' 'M' 'M' 'M' 'M' 'M' 'M' 'M' 'M' 'M' 'M' 'M' 'M' 'M' 'M' 'M' 'M' 'M'
 'M' 'M' 'M' 'M' 'M' 'M' 'U' 'M' 'M' 'U' 'M' 'M' 'M' 'M' 'U' 'M' 'M' 'M']"
12501,2,185,8,177,13,0,0,"['A' 'M' 'M' 'U' 'M' 'U' 'M' 'M' 'M' 'M' 'M' 'M' 'M' 'M' 'M' 'M' 'M' 'M'
 'M' 'M' 'M' 'M' 'M' 'M' 'M' 'M' 'M' 'M' 'M' 'U' 'M' 'M' 'U' 'M' 'M' 'U'
 'M' 'M' 'M' 'M' 'M' 'M' 'M' 'M' 'M' 'M' 'M' 'M' 'M' 'M' 'M' 'M' 'M' 'M'
 'M' 'M' 'M' 'M' 'M' 'M' 'M' 'M' 'M' 'M' 'M' 'M' 'M' 'M' 'M' 'M' 'M' 'M'
 'M' 'M' 'M' 'M' 'M' 'M' 'M' 'M' 'U' 'M' 'M' 'M' 'M' 'M' 'M' 'M' 'M' 'M'
 'M' 'M' 'M' 'M' 'M' 'M' 'M' 'M' 'M' 'M' 'M' 'M' 'M' 'M' 'M' 'M' 'M' 'M'
 'M' 'M' 'M' 'M' 'M' 'M' 'M' 'M' 'M' 'M' 'M' 'M' 'M' 'M' 'M' 'M' 'M' 'M'
 'M' 'M' 'M' 'M' 'M' 'A' 'A' 'A' 'A' 'A' 'U' 'A' 'M' 'A' 'M' 'M' 'M' 'M'
 'M' 'U' 'M' 'M' 'M' 'M' 'M' 'M' 'M' 'M' 'M' 'M' 'M' 'U' 'U' 'M' 'M' 'M'
 'M' 'M' 'M' 'M' 'M' 'M' 'M' 'M' 'M' 'M' 'M' 'M' 'M' 'M' 'M' 'M' 'M' 'M'
 'M' 'M' 'M' 'M' 'M' 'M' 'U' 'M' 'M' 'M' 'M' 'M' 'M' 'M' 'U' 'M' 'U' 'M']"
12601,0,182,7,175,16,0,0,"['A' 'M' 'M' 'U' 'M' 'M' 'M' 'M' 'M' 'M' 'M' 'M' 'M' 'M' 'M' 'U' 'M' 'M'
 'M' 'M' 'M' 'M' 'U' 'M' 'M' 'M' 'M' 'M' 'U' 'M' 'M' 'M' 'M' 'M' 'M' 'M'
 'M' 'M' 'M' 'M' 'M' 'M' 'M' 'M' 'M' 'M' 'M' 'M' 'M' 'M' 'M' 'M' 'M' 'M'
 'M' 'M' 'M' 'M' 'M' 'M' 'M' 'M' 'M' 'M' 'M' 'M' 'M' 'M' 'M' 'M' 'U' 'M'
 'M' 'M' 'M' 'M' 'M' 'M' 'M' 'M' 'M' 'M' 'M' 'M' 'M' 'M' 'M' 'M' 'M' 'M'
 'M' 'M' 'M' 'M' 'M' 'M' 'M' 'M' 'M' 'M' 'M' 'M' 'M' 'M' 'M' 'M' 'M' 'M'
 'M' 'M' 'M' 'M' 'M' 'M' 'M' 'M' 'M' 'M' 'U' 'M' 'M' 'M' 'M' 'M' 'M' 'M'
 'M' 'M' 'M' 'M' 'M' 'U' 'A' 'A' 'A' 'A' 'U' 'A' 'U' 'U' 'M' 'M' 'M' 'M'
 'M' 'A' 'M' 'M' 'M' 'M' 'M' 'M' 'M' 'M' 'M' 'M' 'M' 'U' 'M' 'M' 'M' 'M'
 'M' 'M' 'M' 'M' 'M' 'M' 'M' 'M' 'M' 'M' 'M' 'M' 'M' 'M' 'M' 'M' 'M' 'M'
 'M' 'M' 'M' 'M' 'M' 'M' 'U' 'M' 'M' 'M' 'U' 'M' 'M' 'U' 'U' 'M' 'U' 'M']"
12701,0,183,10,173,15,0,1,"['A' 'M' 'M' 'M' 'M' 'M' 'M' 'M' 'M' 'M' 'M' 'M' 'M' 'M' 'M' 'U' 'M' 'U'
 'M' 'M' 'M' 'M' 'U' 'M' 'M' 'M' 'M' 'M' 'U' 'M' 'U' 'M' 'M' 'M' 'M' 'M'
 'M' 'M' 'M' 'M' 'M' 'M' 'M' 'M' 'U' 'M' 'M' 'M' 'M' 'M' 'M' 'M' 'M' 'M'
 'M' 'M' 'M' 'M' 'M' 'U' 'M' 'M' 'M' 'M' 'M' 'M' 'M' 'M' 'M' 'M' 'M' 'M'
 'M' 'M' 'M' 'M' 'M' 'M' 'M' 'M' 'M' 'M' 'M' 'M' 'M' 'M' 'M' 'M' 'M' 'M'
 'M' 'M' 'M' 'U' 'M' 'U' 'M' 'M' 'M' 'M' 'M' 'M' 'M' 'M' 'M' 'M' 'M' 'M'
 'M' 'M' 'M' 'M' 'M' 'M' 'M' 'M' 'M' 'M' 'U' 'M' 'M' 'M' 'M' 'M' 'U' 'M'
 'M' 'M' 'M' 'M' 'M' 'A' 'A' 'A' 'A' 'A' 'U' 'A' 'A' 'M' 'M' 'M' 'M' 'M'
 'M' 'A' 'M' 'M' 'M' 'M' 'M' 'M' 'M' 'M' 'M' 'M' 'M' 'U' 'M' 'M' 'M' 'M'
 'M' 'M' 'M' 'M' 'M' 'A' 'M' 'M' 'M' 'M' 'M' 'M' 'M' 'M' 'M' 'M' 'M' 'M'
 'M' 'M' 'M' 'M' 'M' 'M' 'M' 'M' 'M' 'M' 'M' 'M' 'M' 'U' 'U' 'M' 'M' 'M']"
12801,0,182,9,173,16,0,0,"['A' 'M' 'M' 'M' 'M' 'M' 'M' 'M' 'M' 'M' 'M' 'M' 'M' 'M' 'M' 'U' 'M' 'U'
 'M' 'M' 'M' 'M' 'U' 'M' 'M' 'M' 'M' 'M' 'U' 'M' 'U' 'M' 'M' 'M' 'M' 'M'
 'M' 'M' 'M' 'M' 'M' 'M' 'M' 'M' 'U' 'M' 'M' 'M' 'M' 'M' 'M' 'M' 'M' 'M'
 'M' 'M' 'M' 'M' 'M' 'U' 'M' 'M' 'M' 'M' 'M' 'M' 'M' 'M' 'M' 'M' 'M' 'M'
 'M' 'M' 'M' 'M' 'M' 'M' 'M' 'M' 'M' 'M' 'M' 'M' 'M' 'M' 'M' 'M' 'M' 'U'
 'M' 'M' 'M' 'M' 'M' 'U' 'M' 'M' 'M' 'M' 'M' 'M' 'M' 'M' 'M' 'M' 'M' 'M'
 'M' 'M' 'M' 'M' 'M' 'M' 'M' 'M' 'M' 'M' 'U' 'M' 'M' 'M' 'M' 'M' 'U' 'M'
 'M' 'M' 'M' 'M' 'M' 'U' 'A' 'A' 'A' 'A' 'A' 'U' 'A' 'M' 'M' 'M' 'M' 'M'
 'M' 'A' 'M' 'M' 'M' 'M' 'M' 'M' 'M' 'M' 'M' 'M' 'M' 'U' 'M' 'M' 'M' 'M'
 'M' 'M' 'M' 'M' 'M' 'M' 'M' 'M' 'M' 'M' 'M' 'M' 'M' 'M' 'M' 'M' 'M' 'M'
 'M' 'M' 'M' 'U' 'M' 'M' 'M' 'M' 'M' 'M' 'M' 'M' 'M' 'U' 'A' 'M' 'M' 'M']"
12901,0,178,6,172,20,0,0,"['A' 'M' 'M' 'M' 'M' 'M' 'M' 'M' 'M' 'U' 'M' 'U' 'M' 'M' 'U' 'M' 'M' 'M'
 'M' 'M' 'M' 'M' 'U' 'M' 'M' 'M' 'M' 'M' 'M' 'M' 'U' 'M' 'M' 'M' 'M' 'M'
 'M' 'M' 'M' 'M' 'M' 'M' 'U' 'U' 'U' 'M' 'M' 'M' 'M' 'M' 'M' 'M' 'M' 'M'
 'M' 'M' 'M' 'M' 'M' 'M' 'M' 'M' 'M' 'M' 'M' 'M' 'M' 'M' 'M' 'U' 'M' 'M'
 'M' 'M' 'M' 'M' 'M' 'M' 'M' 'M' 'M' 'M' 'M' 'M' 'M' 'M' 'M' 'M' 'M' 'M'
 'M' 'M' 'M' 'M' 'M' 'U' 'M' 'M' 'M' 'M' 'M' 'M' 'M' 'M' 'M' 'M' 'M' 'M'
 'M' 'M' 'M' 'M' 'M' 'M' 'M' 'U' 'M' 'M' 'U' 'U' 'M' 'M' 'M' 'M' 'M' 'M'
 'M' 'U' 'M' 'M' 'M' 'M' 'A' 'U' 'U' 'A' 'A' 'U' 'A' 'M' 'M' 'M' 'M' 'M'
 'M' 'A' 'M' 'M' 'M' 'M' 'M' 'M' 'M' 'M' 'M' 'M' 'U' 'U' 'M' 'M' 'M' 'M'
 'M' 'M' 'M' 'M' 'M' 'M' 'M' 'M' 'M' 'M' 'M' 'M' 'M' 'M' 'M' 'M' 'M' 'M'
 'M' 'M' 'M' 'M' 'M' 'M' 'M' 'M' 'M' 'M' 'M' 'M' 'M' 'M' 'M' 'M' 'M' 'U']"
13001,0,176,8,168,22,0,0,"['A' 'M' 'M' 'M' 'M' 'M' 'M' 'M' 'M' 'U' 'M' 'U' 'M' 'M' 'U' 'M' 'M' 'M'
 'M' 'M' 'M' 'M' 'M' 'M' 'U' 'M' 'M' 'M' 'M' 'M' 'U' 'M' 'M' 'M' 'M' 'M'
 'M' 'M' 'M' 'M' 'U' 'M' 'U' 'M' 'U' 'M' 'M' 'M' 'M' 'M' 'M' 'M' 'M' 'M'
 'M' 'M' 'M' 'M' 'M' 'M' 'M' 'M' 'M' 'M' 'U' 'M' 'M' 'M' 'U' 'M' 'M' 'M'
 'M' 'M' 'M' 'M' 'M' 'M' 'M' 'M' 'M' 'M' 'M' 'M' 'M' 'M' 'M' 'M' 'M' 'M'
 'M' 'M' 'M' 'M' 'M' 'U' 'M' 'M' 'M' 'M' 'M' 'M' 'M' 'M' 'M' 'M' 'M' 'M'
 'M' 'M' 'M' 'M' 'M' 'M' 'M' 'U' 'M' 'M' 'U' 'U' 'M' 'M' 'M' 'M' 'U' 'U'
 'M' 'U' 'M' 'M' 'M' 'A' 'A' 'A' 'U' 'A' 'A' 'A' 'A' 'M' 'M' 'M' 'M' 'M'
 'M' 'U' 'M' 'M' 'M' 'M' 'M' 'M' 'M' 'M' 'M' 'M' 'U' 'U' 'M' 'M' 'M' 'M'
 'M' 'M' 'M' 'M' 'M' 'M' 'M' 'M' 'M' 'M' 'M' 'M' 'M' 'M' 'M' 'M' 'M' 'M'
 'M' 'M' 'M' 'M' 'M' 'M' 'M' 'M' 'M' 'M' 'M' 'M' 'M' 'M' 'M' 'M' 'M' 'U']"
13101,0,178,9,169,20,0,0,"['A' 'M' 'M' 'M' 'M' 'M' 'M' 'M' 'M' 'U' 'M' 'U' 'M' 'M' 'U' 'M' 'M' 'M'
 'M' 'M' 'M' 'M' 'M' 'M' 'U' 'M' 'M' 'M' 'M' 'M' 'M' 'M' 'M' 'M' 'M' 'M'
 'M' 'M' 'M' 'M' 'U' 'M' 'U' 'M' 'U' 'M' 'M' 'M' 'M' 'M' 'M' 'M' 'M' 'M'
 'M' 'M' 'M' 'M' 'M' 'M' 'M' 'M' 'M' 'M' 'U' 'M' 'M' 'U' 'M' 'M' 'M' 'M'
 'M' 'M' 'M' 'M' 'M' 'M' 'M' 'M' 'M' 'M' 'M' 'M' 'M' 'M' 'M' 'M' 'M' 'M'
 'M' 'M' 'M' 'M' 'M' 'M' 'M' 'M' 'M' 'M' 'U' 'M' 'M' 'M' 'M' 'M' 'M' 'M'
 'M' 'M' 'M' 'M' 'M' 'M' 'M' 'M' 'M' 'U' 'M' 'U' 'M' 'M' 'M' 'M' 'U' 'U'
 'M' 'U' 'M' 'M' 'M' 'A' 'A' 'A' 'A' 'A' 'A' 'A' 'A' 'M' 'M' 'U' 'M' 'M'
 'M' 'M' 'M' 'M' 'M' 'M' 'M' 'M' 'M' 'M' 'M' 'M' 'U' 'U' 'M' 'M' 'M' 'M'
 'M' 'M' 'M' 'M' 'M' 'M' 'M' 'M' 'M' 'M' 'M' 'M' 'M' 'M' 'M' 'M' 'M' 'M'
 'M' 'M' 'M' 'M' 'U' 'M' 'M' 'M' 'M' 'M' 'M' 'M' 'M' 'M' 'M' 'M' 'M' 'U']"
13201,0,179,7,172,19,0,0,"['A' 'M' 'M' 'M' 'M' 'M' 'M' 'M' 'U' 'U' 'M' 'M' 'M' 'M' 'M' 'M' 'M' 'M'
 'M' 'M' 'M' 'M' 'M' 'M' 'U' 'M' 'M' 'M' 'M' 'M' 'M' 'U' 'M' 'M' 'M' 'M'
 'M' 'M' 'M' 'M' 'U' 'M' 'U' 'M' 'M' 'M' 'M' 'M' 'M' 'M' 'M' 'M' 'M' 'M'
 'M' 'M' 'M' 'M' 'M' 'M' 'M' 'M' 'M' 'M' 'U' 'M' 'M' 'M' 'M' 'M' 'U' 'M'
 'M' 'M' 'M' 'M' 'M' 'M' 'M' 'M' 'M' 'M' 'M' 'M' 'M' 'M' 'M' 'M' 'M' 'M'
 'M' 'M' 'M' 'M' 'M' 'M' 'M' 'M' 'M' 'M' 'U' 'M' 'M' 'M' 'M' 'M' 'M' 'M'
 'M' 'M' 'M' 'M' 'M' 'M' 'M' 'M' 'M' 'M' 'M' 'U' 'M' 'M' 'M' 'M' 'U' 'U'
 'M' 'U' 'M' 'M' 'M' 'A' 'A' 'A' 'A' 'A' 'U' 'U' 'A' 'M' 'M' 'U' 'M' 'M'
 'M' 'M' 'M' 'M' 'M' 'M' 'M' 'M' 'M' 'M' 'M' 'M' 'U' 'M' 'M' 'M' 'M' 'M'
 'M' 'U' 'M' 'M' 'M' 'M' 'M' 'M' 'M' 'M' 'M' 'M' 'M' 'M' 'M' 'M' 'M' 'M'
 'M' 'M' 'M' 'M' 'U' 'M' 'M' 'M' 'M' 'M' 'M' 'M' 'M' 'M' 'M' 'M' 'M' 'M']"
13301,0,180,7,173,18,0,0,"['A' 'M' 'M' 'M' 'M' 'M' 'M' 'M' 'U' 'U' 'M' 'M' 'M' 'M' 'M' 'M' 'M' 'M'
 'M' 'M' 'M' 'M' 'M' 'M' 'U' 'M' 'M' 'M' 'M' 'M' 'M' 'M' 'M' 'M' 'M' 'M'
 'M' 'M' 'M' 'M' 'M' 'M' 'U' 'M' 'M' 'M' 'M' 'M' 'M' 'M' 'M' 'M' 'M' 'M'
 'M' 'M' 'M' 'M' 'M' 'M' 'M' 'M' 'M' 'M' 'U' 'M' 'M' 'M' 'U' 'M' 'M' 'M'
 'M' 'M' 'M' 'M' 'M' 'M' 'M' 'M' 'M' 'M' 'M' 'M' 'M' 'M' 'M' 'M' 'M' 'M'
 'M' 'M' 'M' 'M' 'M' 'M' 'M' 'M' 'M' 'U' 'U' 'M' 'M' 'M' 'M' 'M' 'M' 'M'
 'M' 'M' 'M' 'M' 'U' 'M' 'M' 'M' 'M' 'M' 'M' 'U' 'M' 'M' 'M' 'M' 'U' 'U'
 'M' 'U' 'M' 'M' 'M' 'A' 'A' 'A' 'A' 'U' 'A' 'A' 'U' 'M' 'M' 'M' 'M' 'M'
 'M' 'M' 'M' 'U' 'M' 'M' 'M' 'M' 'M' 'M' 'M' 'M' 'M' 'M' 'M' 'M' 'M' 'M'
 'M' 'U' 'M' 'M' 'U' 'M' 'M' 'M' 'M' 'M' 'M' 'M' 'M' 'M' 'M' 'M' 'M' 'M'
 'M' 'M' 'M' 'M' 'M' 'M' 'M' 'M' 'M' 'M' 'M' 'M' 'M' 'M' 'M' 'M' 'M' 'M']"
13401,1,179,7,172,19,0,0,"['A' 'M' 'M' 'U' 'M' 'M' 'M' 'U' 'U' 'U' 'M' 'M' 'M' 'M' 'M' 'M' 'M' 'M'
 'M' 'M' 'M' 'M' 'M' 'M' 'M' 'M' 'M' 'M' 'M' 'M' 'M' 'M' 'M' 'M' 'M' 'M'
 'M' 'M' 'M' 'M' 'M' 'M' 'U' 'M' 'M' 'U' 'M' 'M' 'M' 'M' 'U' 'M' 'U' 'M'
 'M' 'M' 'M' 'M' 'M' 'M' 'M' 'M' 'M' 'M' 'U' 'M' 'U' 'M' 'M' 'M' 'M' 'M'
 'M' 'M' 'M' 'M' 'M' 'M' 'M' 'M' 'M' 'M' 'M' 'M' 'M' 'M' 'M' 'M' 'M' 'M'
 'M' 'M' 'M' 'M' 'M' 'M' 'M' 'M' 'M' 'M' 'U' 'M' 'M' 'M' 'M' 'M' 'M' 'M'
 'M' 'M' 'M' 'M' 'M' 'M' 'M' 'M' 'M' 'M' 'M' 'U' 'M' 'M' 'M' 'M' 'U' 'U'
 'M' 'U' 'M' 'M' 'M' 'A' 'A' 'A' 'A' 'U' 'A' 'A' 'M' 'M' 'M' 'U' 'M' 'M'
 'M' 'M' 'M' 'U' 'M' 'M' 'M' 'M' 'M' 'M' 'M' 'M' 'U' 'M' 'M' 'M' 'M' 'M'
 'M' 'M' 'M' 'M' 'M' 'M' 'M' 'M' 'M' 'M' 'M' 'M' 'M' 'M' 'M' 'M' 'M' 'M'
 'M' 'M' 'M' 'M' 'M' 'M' 'M' 'M' 'M' 'M' 'M' 'M' 'M' 'M' 'M' 'M' 'M' 'M']"
13501,0,183,10,173,15,0,0,"['A' 'M' 'M' 'M' 'M' 'M' 'M' 'U' 'A' 'M' 'M' 'M' 'M' 'M' 'M' 'M' 'M' 'M'
 'M' 'M' 'M' 'M' 'M' 'M' 'M' 'M' 'M' 'M' 'M' 'M' 'M' 'M' 'M' 'M' 'M' 'M'
 'M' 'M' 'M' 'M' 'M' 'M' 'U' 'M' 'M' 'U' 'M' 'M' 'M' 'M' 'U' 'M' 'U' 'M'
 'M' 'M' 'M' 'M' 'M' 'M' 'M' 'M' 'M' 'M' 'M' 'M' 'M' 'M' 'M' 'M' 'M' 'M'
 'M' 'M' 'M' 'M' 'M' 'M' 'M' 'M' 'M' 'M' 'M' 'M' 'M' 'M' 'M' 'M' 'U' 'M'
 'M' 'M' 'M' 'M' 'M' 'M' 'M' 'M' 'M' 'M' 'U' 'M' 'M' 'M' 'M' 'M' 'M' 'M'
 'M' 'M' 'M' 'M' 'M' 'M' 'M' 'M' 'M' 'M' 'M' 'U' 'M' 'M' 'M' 'M' 'M' 'U'
 'M' 'U' 'M' 'M' 'M' 'A' 'A' 'A' 'A' 'A' 'A' 'A' 'A' 'M' 'M' 'M' 'M' 'M'
 'U' 'M' 'M' 'U' 'M' 'M' 'M' 'M' 'M' 'M' 'M' 'M' 'U' 'M' 'M' 'M' 'U' 'M'
 'M' 'M' 'M' 'M' 'M' 'M' 'M' 'M' 'M' 'M' 'M' 'M' 'U' 'M' 'M' 'M' 'M' 'M'
 'M' 'M' 'M' 'M' 'M' 'M' 'M' 'M' 'M' 'M' 'M' 'M' 'M' 'M' 'M' 'M' 'M' 'M']"
13601,1,181,10,171,17,0,0,"['A' 'M' 'M' 'M' 'M' 'M' 'M' 'U' 'A' 'M' 'M' 'M' 'M' 'U' 'U' 'M' 'M' 'M'
 'M' 'M' 'M' 'M' 'M' 'M' 'M' 'M' 'M' 'M' 'M' 'M' 'M' 'M' 'M' 'M' 'M' 'M'
 'M' 'M' 'M' 'M' 'M' 'M' 'U' 'M' 'M' 'M' 'M' 'M' 'M' 'M' 'U' 'M' 'M' 'M'
 'M' 'M' 'M' 'M' 'M' 'M' 'M' 'U' 'M' 'M' 'M' 'M' 'M' 'M' 'M' 'M' 'M' 'M'
 'M' 'M' 'M' 'M' 'M' 'M' 'M' 'M' 'M' 'M' 'M' 'M' 'M' 'M' 'M' 'M' 'M' 'M'
 'M' 'U' 'M' 'M' 'M' 'M' 'M' 'M' 'M' 'M' 'M' 'M' 'M' 'M' 'M' 'M' 'U' 'M'
 'M' 'M' 'M' 'M' 'M' 'M' 'M' 'M' 'M' 'M' 'M' 'U' 'M' 'M' 'M' 'M' 'M' 'U'
 'M' 'U' 'M' 'M' 'U' 'A' 'A' 'A' 'A' 'A' 'A' 'A' 'A' 'M' 'M' 'M' 'M' 'M'
 'U' 'M' 'M' 'M' 'M' 'M' 'M' 'M' 'M' 'M' 'U' 'M' 'U' 'M' 'M' 'M' 'M' 'M'
 'M' 'M' 'M' 'M' 'M' 'M' 'M' 'M' 'M' 'M' 'M' 'M' 'U' 'M' 'M' 'U' 'M' 'M'
 'M' 'M' 'M' 'M' 'M' 'M' 'M' 'M' 'M' 'M' 'M' 'M' 'M' 'M' 'M' 'M' 'M' 'M']"
13701,0,180,8,172,18,0,0,"['A' 'M' 'M' 'M' 'M' 'M' 'M' 'U' 'U' 'M' 'M' 'M' 'M' 'M' 'M' 'M' 'M' 'M'
 'M' 'M' 'M' 'M' 'M' 'M' 'M' 'M' 'M' 'M' 'M' 'M' 'M' 'M' 'M' 'M' 'M' 'M'
 'M' 'M' 'M' 'M' 'M' 'M' 'U' 'M' 'M' 'M' 'M' 'M' 'M' 'M' 'M' 'M' 'M' 'M'
 'M' 'M' 'M' 'M' 'M' 'M' 'M' 'U' 'M' 'M' 'M' 'M' 'U' 'M' 'M' 'M' 'M' 'M'
 'M' 'M' 'M' 'M' 'M' 'M' 'M' 'M' 'M' 'M' 'M' 'M' 'M' 'M' 'M' 'M' 'M' 'M'
 'M' 'M' 'M' 'M' 'M' 'U' 'M' 'M' 'M' 'M' 'U' 'M' 'U' 'M' 'M' 'M' 'U' 'M'
 'M' 'M' 'M' 'M' 'M' 'M' 'M' 'M' 'M' 'M' 'M' 'U' 'M' 'M' 'M' 'M' 'M' 'U'
 'M' 'A' 'M' 'M' 'M' 'A' 'A' 'M' 'A' 'A' 'A' 'U' 'A' 'M' 'M' 'M' 'M' 'M'
 'U' 'M' 'M' 'M' 'M' 'M' 'M' 'M' 'M' 'U' 'M' 'M' 'U' 'M' 'M' 'M' 'M' 'M'
 'M' 'M' 'M' 'M' 'M' 'M' 'M' 'M' 'M' 'M' 'M' 'U' 'M' 'U' 'M' 'M' 'M' 'M'
 'M' 'M' 'M' 'M' 'M' 'M' 'M' 'M' 'M' 'M' 'M' 'M' 'M' 'M' 'U' 'M' 'M' 'M']"
13801,0,179,9,170,19,0,0,"['A' 'M' 'M' 'M' 'M' 'M' 'M' 'U' 'U' 'M' 'M' 'M' 'M' 'M' 'M' 'M' 'M' 'M'
 'M' 'M' 'M' 'M' 'M' 'M' 'M' 'M' 'M' 'M' 'M' 'M' 'M' 'M' 'M' 'M' 'U' 'M'
 'M' 'M' 'M' 'M' 'M' 'M' 'M' 'M' 'M' 'M' 'M' 'M' 'U' 'M' 'M' 'M' 'M' 'M'
 'M' 'M' 'M' 'M' 'M' 'M' 'M' 'U' 'M' 'U' 'M' 'M' 'M' 'M' 'M' 'M' 'M' 'M'
 'M' 'M' 'M' 'M' 'M' 'M' 'M' 'M' 'M' 'M' 'M' 'M' 'M' 'M' 'M' 'M' 'M' 'M'
 'M' 'M' 'M' 'M' 'U' 'U' 'M' 'M' 'M' 'M' 'U' 'M' 'U' 'M' 'U' 'M' 'U' 'M'
 'M' 'M' 'M' 'U' 'M' 'M' 'M' 'M' 'M' 'M' 'M' 'M' 'M' 'M' 'M' 'M' 'M' 'U'
 'M' 'A' 'M' 'M' 'M' 'A' 'A' 'U' 'A' 'A' 'A' 'A' 'A' 'M' 'M' 'M' 'M' 'M'
 'M' 'U' 'M' 'M' 'M' 'M' 'M' 'M' 'M' 'M' 'M' 'M' 'M' 'M' 'M' 'M' 'M' 'U'
 'M' 'M' 'M' 'M' 'M' 'M' 'M' 'M' 'M' 'M' 'M' 'U' 'M' 'M' 'M' 'M' 'M' 'M'
 'M' 'M' 'M' 'M' 'M' 'M' 'M' 'U' 'M' 'M' 'M' 'M' 'M' 'M' 'M' 'M' 'M' 'M']"
13901,1,172,8,164,26,0,0,"['A' 'M' 'M' 'M' 'M' 'M' 'M' 'U' 'U' 'U' 'M' 'M' 'M' 'M' 'M' 'M' 'M' 'M'
 'M' 'M' 'M' 'M' 'M' 'M' 'M' 'M' 'M' 'M' 'M' 'M' 'M' 'M' 'M' 'M' 'U' 'M'
 'M' 'M' 'U' 'M' 'M' 'M' 'M' 'M' 'M' 'M' 'M' 'M' 'U' 'M' 'M' 'M' 'M' 'M'
 'M' 'M' 'M' 'M' 'M' 'M' 'M' 'U' 'M' 'M' 'U' 'M' 'M' 'M' 'M' 'M' 'U' 'M'
 'M' 'M' 'M' 'M' 'M' 'M' 'M' 'M' 'M' 'M' 'M' 'M' 'M' 'M' 'M' 'M' 'M' 'M'
 'M' 'M' 'M' 'M' 'M' 'U' 'M' 'M' 'M' 'M' 'U' 'M' 'U' 'U' 'U' 'M' 'U' 'M'
 'M' 'U' 'M' 'A' 'M' 'M' 'M' 'M' 'M' 'M' 'M' 'M' 'M' 'M' 'M' 'M' 'M' 'U'
 'M' 'A' 'M' 'M' 'U' 'U' 'A' 'U' 'U' 'A' 'A' 'A' 'A' 'M' 'M' 'M' 'M' 'M'
 'M' 'U' 'M' 'M' 'M' 'M' 'M' 'M' 'M' 'M' 'M' 'M' 'M' 'M' 'M' 'M' 'M' 'M'
 'M' 'U' 'M' 'M' 'M' 'M' 'M' 'M' 'M' 'M' 'M' 'U' 'U' 'M' 'M' 'M' 'M' 'M'
 'M' 'M' 'M' 'M' 'M' 'M' 'M' 'U' 'M' 'M' 'M' 'M' 'M' 'M' 'M' 'M' 'M' 'M']"
14001,0,180,8,172,18,0,0,"['A' 'M' 'M' 'M' 'U' 'M' 'M' 'M' 'U' 'M' 'M' 'M' 'M' 'M' 'M' 'M' 'M' 'U'
 'M' 'M' 'M' 'M' 'M' 'M' 'M' 'M' 'M' 'M' 'M' 'M' 'M' 'M' 'M' 'M' 'M' 'M'
 'M' 'M' 'U' 'M' 'M' 'M' 'M' 'M' 'M' 'M' 'M' 'M' 'U' 'M' 'M' 'M' 'M' 'M'
 'M' 'M' 'M' 'M' 'M' 'M' 'M' 'U' 'M' 'M' 'U' 'M' 'M' 'M' 'M' 'M' 'M' 'M'
 'M' 'M' 'M' 'M' 'M' 'U' 'M' 'M' 'M' 'M' 'M' 'M' 'M' 'M' 'M' 'M' 'M' 'M'
 'M' 'M' 'M' 'M' 'M' 'M' 'M' 'M' 'M' 'M' 'M' 'M' 'M' 'U' 'M' 'M' 'M' 'M'
 'M' 'U' 'M' 'A' 'M' 'M' 'M' 'M' 'M' 'U' 'M' 'M' 'M' 'M' 'M' 'M' 'M' 'U'
 'M' 'U' 'M' 'M' 'M' 'U' 'A' 'A' 'A' 'A' 'A' 'A' 'U' 'M' 'M' 'M' 'M' 'M'
 'M' 'M' 'M' 'M' 'M' 'M' 'M' 'M' 'M' 'M' 'M' 'M' 'M' 'M' 'M' 'M' 'M' 'M'
 'M' 'U' 'M' 'M' 'M' 'M' 'M' 'M' 'M' 'M' 'M' 'U' 'M' 'M' 'U' 'M' 'M' 'M'
 'M' 'M' 'M' 'M' 'M' 'M' 'M' 'M' 'M' 'M' 'M' 'M' 'M' 'M' 'M' 'M' 'M' 'M']"
14101,0,179,8,171,19,0,0,"['A' 'M' 'M' 'M' 'U' 'M' 'M' 'M' 'M' 'M' 'M' 'M' 'M' 'M' 'M' 'M' 'M' 'U'
 'M' 'M' 'M' 'M' 'M' 'M' 'M' 'M' 'M' 'M' 'M' 'M' 'M' 'M' 'M' 'M' 'M' 'M'
 'M' 'M' 'U' 'M' 'M' 'M' 'M' 'M' 'M' 'M' 'M' 'M' 'U' 'M' 'M' 'M' 'M' 'M'
 'M' 'M' 'U' 'M' 'M' 'M' 'M' 'U' 'M' 'M' 'U' 'U' 'M' 'M' 'M' 'M' 'M' 'M'
 'M' 'M' 'M' 'M' 'M' 'M' 'M' 'M' 'M' 'M' 'M' 'M' 'M' 'M' 'M' 'M' 'M' 'M'
 'M' 'M' 'M' 'M' 'M' 'M' 'M' 'M' 'M' 'U' 'M' 'M' 'M' 'U' 'M' 'M' 'M' 'M'
 'M' 'M' 'M' 'A' 'M' 'U' 'M' 'M' 'M' 'U' 'M' 'M' 'M' 'M' 'M' 'M' 'M' 'M'
 'M' 'M' 'M' 'U' 'M' 'A' 'U' 'A' 'A' 'A' 'A' 'U' 'A' 'M' 'M' 'M' 'M' 'M'
 'M' 'M' 'M' 'M' 'M' 'M' 'M' 'M' 'M' 'M' 'M' 'M' 'M' 'M' 'M' 'M' 'M' 'M'
 'M' 'U' 'M' 'M' 'M' 'M' 'M' 'M' 'M' 'M' 'M' 'U' 'M' 'M' 'M' 'M' 'M' 'M'
 'M' 'M' 'M' 'M' 'M' 'M' 'M' 'M' 'M' 'M' 'U' 'M' 'U' 'M' 'M' 'M' 'M' 'M']"
14201,0,179,9,170,19,0,0,"['A' 'M' 'M' 'M' 'U' 'M' 'M' 'M' 'M' 'M' 'M' 'M' 'M' 'M' 'M' 'M' 'M' 'U'
 'M' 'M' 'M' 'M' 'M' 'M' 'M' 'M' 'U' 'M' 'U' 'M' 'M' 'M' 'M' 'M' 'M' 'M'
 'M' 'M' 'U' 'M' 'M' 'M' 'M' 'M' 'M' 'M' 'M' 'M' 'U' 'M' 'M' 'M' 'M' 'M'
 'M' 'M' 'U' 'M' 'M' 'M' 'M' 'M' 'M' 'M' 'U' 'M' 'M' 'M' 'M' 'M' 'M' 'M'
 'M' 'M' 'M' 'M' 'M' 'M' 'M' 'U' 'M' 'M' 'M' 'M' 'M' 'M' 'M' 'M' 'M' 'M'
 'M' 'M' 'M' 'M' 'M' 'M' 'U' 'M' 'M' 'U' 'M' 'M' 'M' 'U' 'M' 'M' 'M' 'M'
 'M' 'M' 'M' 'A' 'M' 'U' 'U' 'M' 'M' 'M' 'M' 'M' 'M' 'M' 'M' 'M' 'M' 'M'
 'M' 'M' 'M' 'U' 'M' 'A' 'A' 'A' 'A' 'U' 'A' 'A' 'A' 'M' 'M' 'M' 'M' 'M'
 'M' 'M' 'M' 'M' 'M' 'M' 'M' 'M' 'M' 'U' 'M' 'M' 'M' 'M' 'M' 'M' 'M' 'M'
 'M' 'M' 'M' 'M' 'M' 'M' 'M' 'M' 'M' 'M' 'M' 'U' 'M' 'M' 'M' 'M' 'M' 'M'
 'M' 'M' 'M' 'M' 'M' 'M' 'M' 'M' 'M' 'M' 'U' 'M' 'M' 'M' 'M' 'M' 'M' 'M']"
14301,1,181,8,173,17,0,0,"['A' 'M' 'M' 'M' 'U' 'M' 'M' 'M' 'M' 'M' 'M' 'M' 'M' 'M' 'M' 'U' 'M' 'U'
 'M' 'M' 'M' 'M' 'M' 'M' 'M' 'M' 'U' 'M' 'M' 'M' 'M' 'M' 'M' 'M' 'M' 'M'
 'M' 'M' 'M' 'M' 'M' 'M' 'M' 'M' 'M' 'M' 'M' 'M' 'M' 'M' 'M' 'M' 'M' 'M'
 'M' 'M' 'M' 'M' 'M' 'M' 'M' 'M' 'M' 'M' 'M' 'M' 'M' 'M' 'M' 'M' 'M' 'M'
 'M' 'M' 'M' 'M' 'M' 'M' 'M' 'M' 'M' 'M' 'M' 'M' 'U' 'M' 'M' 'M' 'M' 'M'
 'M' 'M' 'M' 'M' 'M' 'M' 'U' 'M' 'M' 'U' 'M' 'M' 'M' 'U' 'M' 'M' 'U' 'M'
 'M' 'M' 'M' 'A' 'M' 'U' 'M' 'M' 'M' 'M' 'M' 'M' 'U' 'M' 'M' 'M' 'M' 'M'
 'M' 'M' 'M' 'U' 'M' 'A' 'A' 'A' 'A' 'U' 'A' 'A' 'U' 'M' 'M' 'M' 'M' 'M'
 'M' 'M' 'M' 'M' 'M' 'M' 'M' 'M' 'M' 'U' 'M' 'M' 'M' 'M' 'M' 'M' 'M' 'M'
 'M' 'M' 'M' 'M' 'M' 'M' 'M' 'M' 'M' 'M' 'M' 'U' 'M' 'M' 'M' 'M' 'M' 'M'
 'M' 'M' 'M' 'M' 'M' 'M' 'M' 'M' 'M' 'M' 'M' 'M' 'U' 'M' 'M' 'M' 'M' 'M']"
14401,0,181,8,173,17,0,0,"['A' 'M' 'M' 'M' 'M' 'M' 'M' 'M' 'M' 'M' 'M' 'M' 'M' 'M' 'M' 'M' 'M' 'U'
 'M' 'M' 'M' 'M' 'M' 'M' 'M' 'M' 'M' 'M' 'M' 'M' 'M' 'M' 'M' 'M' 'U' 'M'
 'M' 'M' 'M' 'M' 'M' 'M' 'M' 'M' 'U' 'M' 'M' 'M' 'M' 'M' 'M' 'M' 'M' 'M'
 'M' 'M' 'M' 'M' 'M' 'M' 'M' 'M' 'M' 'M' 'U' 'M' 'M' 'M' 'U' 'M' 'M' 'M'
 'M' 'M' 'M' 'M' 'M' 'M' 'M' 'M' 'M' 'M' 'M' 'M' 'M' 'M' 'M' 'M' 'M' 'M'
 'M' 'M' 'M' 'M' 'M' 'M' 'M' 'U' 'M' 'M' 'M' 'M' 'M' 'M' 'M' 'M' 'U' 'M'
 'M' 'M' 'M' 'U' 'M' 'U' 'M' 'M' 'M' 'M' 'M' 'M' 'U' 'M' 'U' 'M' 'M' 'M'
 'M' 'M' 'M' 'U' 'M' 'A' 'A' 'A' 'A' 'U' 'A' 'A' 'A' 'M' 'M' 'M' 'M' 'M'
 'M' 'M' 'M' 'M' 'M' 'M' 'M' 'M' 'M' 'U' 'M' 'M' 'M' 'M' 'M' 'M' 'M' 'M'
 'M' 'M' 'M' 'M' 'M' 'M' 'M' 'M' 'M' 'M' 'U' 'U' 'M' 'M' 'M' 'M' 'M' 'M'
 'M' 'M' 'M' 'M' 'M' 'M' 'M' 'M' 'M' 'M' 'M' 'M' 'U' 'M' 'M' 'M' 'M' 'M']"
14501,0,189,9,180,9,0,0,"['A' 'M' 'M' 'M' 'M' 'M' 'M' 'M' 'M' 'M' 'M' 'M' 'M' 'M' 'M' 'M' 'M' 'U'
 'M' 'M' 'M' 'M' 'M' 'M' 'M' 'M' 'M' 'M' 'M' 'M' 'M' 'M' 'M' 'M' 'U' 'M'
 'M' 'M' 'M' 'M' 'M' 'M' 'M' 'M' 'M' 'M' 'M' 'M' 'M' 'M' 'M' 'M' 'M' 'M'
 'M' 'M' 'M' 'M' 'M' 'M' 'M' 'M' 'M' 'M' 'M' 'M' 'M' 'M' 'M' 'M' 'M' 'M'
 'M' 'M' 'M' 'M' 'M' 'M' 'M' 'M' 'M' 'U' 'M' 'M' 'M' 'M' 'M' 'M' 'M' 'M'
 'M' 'M' 'M' 'M' 'M' 'U' 'M' 'M' 'M' 'M' 'M' 'M' 'M' 'M' 'M' 'M' 'M' 'M'
 'M' 'M' 'M' 'U' 'M' 'A' 'M' 'M' 'M' 'M' 'M' 'M' 'U' 'M' 'U' 'M' 'M' 'M'
 'M' 'M' 'M' 'M' 'M' 'A' 'A' 'A' 'A' 'A' 'A' 'A' 'U' 'M' 'M' 'M' 'M' 'M'
 'M' 'M' 'M' 'M' 'M' 'M' 'M' 'M' 'M' 'M' 'M' 'M' 'M' 'M' 'M' 'M' 'M' 'M'
 'M' 'M' 'M' 'M' 'M' 'M' 'M' 'M' 'M' 'M' 'M' 'U' 'M' 'M' 'M' 'M' 'M' 'M'
 'M' 'M' 'M' 'M' 'M' 'M' 'M' 'M' 'M' 'M' 'M' 'M' 'M' 'M' 'M' 'M' 'M' 'M']"
14601,0,183,8,175,15,0,0,"['A' 'U' 'M' 'M' 'M' 'M' 'M' 'M' 'M' 'M' 'M' 'M' 'M' 'M' 'M' 'M' 'M' 'U'
 'M' 'M' 'M' 'M' 'M' 'M' 'M' 'M' 'M' 'M' 'M' 'M' 'M' 'M' 'M' 'M' 'A' 'M'
 'M' 'M' 'M' 'M' 'M' 'M' 'M' 'M' 'M' 'M' 'M' 'M' 'U' 'M' 'M' 'M' 'U' 'M'
 'M' 'M' 'M' 'M' 'M' 'M' 'M' 'M' 'M' 'M' 'M' 'M' 'M' 'M' 'M' 'M' 'M' 'M'
 'M' 'M' 'M' 'M' 'M' 'M' 'M' 'M' 'M' 'U' 'M' 'M' 'M' 'M' 'M' 'M' 'M' 'M'
 'M' 'M' 'M' 'M' 'M' 'U' 'M' 'M' 'M' 'M' 'M' 'M' 'M' 'M' 'M' 'M' 'M' 'M'
 'U' 'M' 'M' 'U' 'M' 'U' 'M' 'M' 'U' 'M' 'M' 'M' 'M' 'M' 'U' 'M' 'M' 'M'
 'M' 'M' 'M' 'M' 'M' 'A' 'U' 'A' 'A' 'A' 'A' 'A' 'U' 'M' 'M' 'M' 'M' 'M'
 'M' 'M' 'M' 'M' 'M' 'M' 'M' 'M' 'M' 'M' 'M' 'M' 'M' 'M' 'M' 'M' 'U' 'M'
 'M' 'M' 'M' 'M' 'M' 'M' 'U' 'M' 'M' 'M' 'M' 'M' 'M' 'M' 'M' 'M' 'M' 'M'
 'M' 'M' 'M' 'M' 'M' 'M' 'M' 'M' 'M' 'M' 'M' 'M' 'M' 'M' 'M' 'M' 'M' 'M']"
14701,0,184,8,176,14,0,0,"['A' 'M' 'M' 'M' 'M' 'M' 'M' 'M' 'M' 'M' 'M' 'M' 'M' 'M' 'M' 'M' 'M' 'U'
 'M' 'M' 'M' 'M' 'M' 'M' 'M' 'M' 'M' 'M' 'M' 'M' 'M' 'M' 'M' 'M' 'A' 'M'
 'M' 'M' 'M' 'M' 'M' 'M' 'M' 'M' 'M' 'M' 'M' 'M' 'U' 'M' 'M' 'M' 'U' 'M'
 'M' 'M' 'M' 'M' 'M' 'M' 'M' 'M' 'M' 'M' 'M' 'M' 'M' 'M' 'M' 'M' 'M' 'M'
 'M' 'M' 'M' 'M' 'M' 'M' 'M' 'M' 'M' 'M' 'M' 'M' 'M' 'M' 'M' 'M' 'M' 'M'
 'M' 'U' 'M' 'M' 'M' 'U' 'M' 'M' 'M' 'M' 'M' 'M' 'M' 'M' 'M' 'M' 'M' 'U'
 'U' 'M' 'M' 'U' 'M' 'U' 'M' 'M' 'M' 'M' 'M' 'M' 'M' 'U' 'M' 'M' 'M' 'M'
 'M' 'M' 'M' 'M' 'M' 'U' 'A' 'A' 'A' 'A' 'A' 'A' 'U' 'M' 'M' 'M' 'M' 'M'
 'M' 'M' 'M' 'M' 'M' 'M' 'M' 'M' 'M' 'M' 'M' 'M' 'M' 'M' 'U' 'M' 'M' 'M'
 'M' 'M' 'M' 'M' 'M' 'M' 'U' 'M' 'M' 'M' 'M' 'M' 'M' 'M' 'M' 'M' 'M' 'M'
 'M' 'M' 'M' 'M' 'M' 'M' 'M' 'M' 'M' 'M' 'M' 'M' 'M' 'M' 'M' 'M' 'M' 'M']"
14801,0,189,7,182,9,0,0,"['A' 'M' 'M' 'M' 'M' 'M' 'M' 'A' 'M' 'M' 'M' 'U' 'M' 'M' 'M' 'M' 'M' 'M'
 'M' 'M' 'M' 'M' 'M' 'M' 'M' 'M' 'M' 'M' 'M' 'M' 'M' 'M' 'M' 'M' 'A' 'M'
 'M' 'M' 'M' 'M' 'M' 'M' 'M' 'M' 'M' 'M' 'M' 'M' 'U' 'M' 'M' 'M' 'U' 'M'
 'M' 'M' 'M' 'M' 'M' 'M' 'M' 'M' 'M' 'M' 'M' 'M' 'M' 'M' 'M' 'M' 'M' 'M'
 'M' 'M' 'U' 'M' 'M' 'M' 'M' 'M' 'M' 'M' 'M' 'M' 'M' 'M' 'M' 'M' 'M' 'M'
 'M' 'M' 'M' 'M' 'M' 'M' 'M' 'M' 'M' 'M' 'M' 'M' 'M' 'M' 'M' 'M' 'M' 'U'
 'M' 'M' 'M' 'M' 'M' 'U' 'M' 'M' 'M' 'M' 'M' 'M' 'M' 'M' 'M' 'M' 'M' 'M'
 'M' 'M' 'M' 'M' 'M' 'M' 'U' 'M' 'U' 'A' 'A' 'A' 'A' 'M' 'M' 'M' 'M' 'M'
 'M' 'M' 'M' 'M' 'M' 'M' 'M' 'M' 'M' 'M' 'M' 'M' 'M' 'M' 'M' 'M' 'M' 'M'
 'M' 'M' 'M' 'M' 'M' 'M' 'M' 'U' 'M' 'M' 'M' 'M' 'M' 'M' 'M' 'M' 'M' 'M'
 'M' 'M' 'M' 'M' 'M' 'M' 'M' 'M' 'M' 'M' 'M' 'M' 'M' 'M' 'M' 'M' 'M' 'M']"
14901,0,188,6,182,10,0,0,"['A' 'M' 'M' 'M' 'M' 'M' 'M' 'A' 'M' 'M' 'M' 'U' 'M' 'M' 'M' 'M' 'M' 'M'
 'M' 'M' 'M' 'M' 'M' 'M' 'M' 'M' 'M' 'M' 'M' 'M' 'M' 'M' 'M' 'M' 'A' 'M'
 'M' 'M' 'M' 'M' 'M' 'M' 'M' 'M' 'M' 'M' 'M' 'M' 'U' 'M' 'M' 'M' 'U' 'M'
 'M' 'M' 'M' 'M' 'M' 'M' 'M' 'M' 'M' 'M' 'M' 'M' 'M' 'M' 'M' 'M' 'M' 'M'
 'M' 'M' 'M' 'M' 'M' 'M' 'M' 'M' 'M' 'M' 'M' 'M' 'M' 'M' 'M' 'M' 'M' 'M'
 'M' 'M' 'M' 'U' 'M' 'M' 'M' 'M' 'M' 'M' 'M' 'M' 'M' 'M' 'M' 'M' 'M' 'U'
 'M' 'M' 'M' 'M' 'M' 'M' 'M' 'M' 'M' 'M' 'M' 'M' 'M' 'M' 'M' 'M' 'M' 'M'
 'M' 'M' 'M' 'M' 'M' 'M' 'U' 'M' 'U' 'U' 'A' 'A' 'A' 'M' 'M' 'M' 'M' 'M'
 'M' 'M' 'M' 'M' 'M' 'M' 'M' 'M' 'M' 'M' 'M' 'M' 'M' 'M' 'M' 'M' 'M' 'U'
 'M' 'M' 'M' 'M' 'M' 'M' 'M' 'M' 'M' 'M' 'M' 'M' 'M' 'M' 'M' 'M' 'U' 'M'
 'M' 'M' 'M' 'M' 'M' 'M' 'M' 'M' 'M' 'M' 'M' 'M' 'M' 'M' 'M' 'M' 'M' 'M']"
15001,1,182,7,175,16,0,0,"['A' 'M' 'M' 'M' 'M' 'M' 'M' 'A' 'M' 'M' 'M' 'U' 'M' 'M' 'M' 'M' 'M' 'M'
 'M' 'M' 'M' 'M' 'M' 'M' 'M' 'M' 'M' 'M' 'M' 'M' 'M' 'M' 'M' 'M' 'U' 'M'
 'M' 'M' 'M' 'M' 'M' 'M' 'M' 'M' 'M' 'M' 'M' 'M' 'U' 'M' 'M' 'M' 'U' 'M'
 'M' 'M' 'M' 'M' 'M' 'M' 'M' 'M' 'M' 'U' 'M' 'U' 'M' 'M' 'M' 'M' 'M' 'M'
 'M' 'M' 'M' 'M' 'M' 'M' 'M' 'M' 'M' 'M' 'M' 'M' 'M' 'M' 'M' 'M' 'M' 'M'
 'M' 'M' 'M' 'M' 'M' 'M' 'M' 'M' 'M' 'U' 'M' 'M' 'M' 'M' 'M' 'U' 'M' 'U'
 'M' 'M' 'M' 'M' 'M' 'M' 'M' 'M' 'M' 'M' 'M' 'M' 'M' 'M' 'M' 'M' 'M' 'M'
 'M' 'M' 'M' 'M' 'M' 'U' 'A' 'U' 'A' 'A' 'U' 'A' 'A' 'M' 'M' 'M' 'M' 'M'
 'M' 'U' 'M' 'M' 'M' 'M' 'M' 'M' 'M' 'M' 'M' 'M' 'M' 'M' 'M' 'M' 'M' 'U'
 'M' 'M' 'M' 'M' 'M' 'M' 'M' 'M' 'M' 'M' 'M' 'M' 'M' 'M' 'M' 'M' 'U' 'M'
 'M' 'M' 'M' 'M' 'M' 'M' 'M' 'M' 'M' 'M' 'M' 'M' 'M' 'M' 'M' 'M' 'U' 'M']"
15101,0,180,6,174,18,0,0,"['A' 'M' 'M' 'U' 'M' 'M' 'M' 'A' 'M' 'M' 'M' 'U' 'M' 'M' 'M' 'M' 'M' 'M'
 'M' 'M' 'M' 'M' 'M' 'M' 'M' 'M' 'M' 'M' 'M' 'M' 'M' 'M' 'M' 'M' 'U' 'M'
 'M' 'U' 'M' 'M' 'M' 'M' 'M' 'M' 'M' 'M' 'M' 'M' 'U' 'M' 'M' 'M' 'U' 'M'
 'M' 'M' 'M' 'M' 'M' 'M' 'M' 'M' 'M' 'M' 'M' 'M' 'M' 'U' 'M' 'M' 'M' 'M'
 'M' 'M' 'M' 'M' 'M' 'M' 'M' 'M' 'M' 'M' 'M' 'M' 'M' 'M' 'M' 'M' 'M' 'M'
 'M' 'M' 'M' 'M' 'M' 'M' 'M' 'M' 'M' 'U' 'M' 'M' 'M' 'M' 'M' 'U' 'M' 'U'
 'M' 'M' 'M' 'M' 'M' 'M' 'M' 'M' 'M' 'M' 'M' 'M' 'M' 'M' 'M' 'M' 'M' 'M'
 'M' 'M' 'M' 'M' 'M' 'U' 'A' 'U' 'A' 'A' 'U' 'A' 'U' 'M' 'M' 'M' 'M' 'M'
 'U' 'U' 'M' 'M' 'M' 'M' 'M' 'M' 'M' 'M' 'M' 'M' 'M' 'M' 'M' 'M' 'M' 'U'
 'M' 'M' 'M' 'M' 'M' 'M' 'M' 'M' 'M' 'M' 'M' 'M' 'M' 'M' 'M' 'M' 'U' 'M'
 'M' 'M' 'M' 'M' 'M' 'M' 'M' 'M' 'M' 'M' 'M' 'M' 'M' 'M' 'M' 'M' 'M' 'M']"
15201,0,181,6,175,17,0,0,"['A' 'M' 'M' 'U' 'M' 'M' 'M' 'A' 'M' 'M' 'M' 'M' 'M' 'M' 'M' 'M' 'M' 'M'
 'M' 'M' 'M' 'M' 'M' 'M' 'M' 'M' 'M' 'M' 'M' 'M' 'M' 'M' 'M' 'M' 'U' 'M'
 'M' 'M' 'M' 'M' 'U' 'M' 'M' 'M' 'M' 'M' 'M' 'M' 'U' 'M' 'M' 'M' 'M' 'M'
 'M' 'M' 'M' 'M' 'M' 'M' 'M' 'M' 'M' 'M' 'M' 'M' 'M' 'M' 'M' 'M' 'M' 'M'
 'M' 'M' 'U' 'M' 'M' 'M' 'M' 'M' 'M' 'M' 'M' 'M' 'M' 'M' 'M' 'M' 'M' 'M'
 'M' 'M' 'M' 'M' 'M' 'M' 'M' 'M' 'M' 'M' 'M' 'M' 'M' 'M' 'M' 'U' 'U' 'M'
 'M' 'M' 'M' 'M' 'M' 'M' 'U' 'M' 'M' 'M' 'M' 'M' 'M' 'M' 'M' 'M' 'M' 'M'
 'M' 'M' 'M' 'M' 'M' 'M' 'A' 'U' 'A' 'A' 'U' 'A' 'U' 'M' 'M' 'M' 'M' 'M'
 'U' 'U' 'M' 'M' 'M' 'U' 'M' 'M' 'M' 'M' 'M' 'M' 'M' 'M' 'U' 'M' 'M' 'U'
 'M' 'M' 'M' 'M' 'M' 'M' 'M' 'M' 'M' 'M' 'M' 'M' 'M' 'M' 'M' 'M' 'M' 'M'
 'M' 'U' 'M' 'M' 'M' 'M' 'M' 'M' 'M' 'M' 'M' 'M' 'M' 'M' 'M' 'M' 'M' 'M']"
15301,1,181,9,172,17,0,0,"['A' 'M' 'M' 'U' 'M' 'M' 'M' 'A' 'M' 'U' 'M' 'U' 'M' 'M' 'M' 'M' 'M' 'M'
 'M' 'M' 'M' 'M' 'M' 'M' 'M' 'M' 'M' 'M' 'M' 'M' 'M' 'M' 'M' 'M' 'U' 'M'
 'M' 'M' 'M' 'M' 'U' 'M' 'M' 'M' 'M' 'M' 'M' 'M' 'U' 'M' 'U' 'M' 'M' 'M'
 'M' 'M' 'M' 'M' 'M' 'M' 'U' 'M' 'M' 'M' 'M' 'M' 'M' 'M' 'M' 'M' 'M' 'M'
 'M' 'M' 'M' 'M' 'M' 'M' 'M' 'M' 'M' 'M' 'M' 'U' 'M' 'M' 'M' 'M' 'M' 'M'
 'M' 'M' 'M' 'M' 'M' 'M' 'M' 'M' 'M' 'M' 'M' 'M' 'M' 'M' 'U' 'U' 'M' 'M'
 'M' 'M' 'M' 'M' 'M' 'M' 'U' 'M' 'M' 'M' 'M' 'M' 'M' 'M' 'M' 'M' 'M' 'M'
 'M' 'M' 'M' 'M' 'M' 'A' 'A' 'A' 'U' 'A' 'A' 'A' 'A' 'M' 'M' 'M' 'M' 'M'
 'M' 'U' 'M' 'M' 'M' 'U' 'M' 'M' 'M' 'M' 'M' 'M' 'M' 'M' 'M' 'M' 'M' 'U'
 'M' 'M' 'M' 'M' 'M' 'M' 'M' 'M' 'M' 'M' 'M' 'M' 'M' 'M' 'M' 'M' 'M' 'M'
 'M' 'U' 'M' 'M' 'M' 'M' 'M' 'M' 'M' 'M' 'M' 'M' 'M' 'M' 'M' 'M' 'M' 'M']"
15401,0,180,8,172,18,0,0,"['A' 'U' 'M' 'U' 'M' 'M' 'M' 'A' 'U' 'U' 'M' 'U' 'M' 'M' 'M' 'M' 'M' 'M'
 'M' 'M' 'M' 'M' 'M' 'M' 'M' 'M' 'M' 'M' 'M' 'M' 'M' 'M' 'M' 'M' 'U' 'M'
 'M' 'M' 'M' 'M' 'U' 'M' 'M' 'M' 'M' 'M' 'M' 'M' 'U' 'M' 'U' 'M' 'M' 'M'
 'M' 'M' 'M' 'M' 'M' 'M' 'U' 'M' 'M' 'U' 'M' 'M' 'M' 'M' 'M' 'M' 'M' 'M'
 'U' 'M' 'M' 'M' 'M' 'M' 'M' 'M' 'M' 'M' 'M' 'M' 'M' 'M' 'M' 'M' 'M' 'M'
 'M' 'M' 'M' 'M' 'M' 'M' 'M' 'M' 'M' 'M' 'M' 'M' 'M' 'M' 'U' 'U' 'M' 'M'
 'M' 'M' 'M' 'M' 'M' 'M' 'M' 'M' 'M' 'M' 'M' 'M' 'M' 'M' 'M' 'M' 'M' 'M'
 'M' 'M' 'M' 'M' 'M' 'A' 'U' 'A' 'U' 'A' 'A' 'A' 'A' 'M' 'M' 'M' 'M' 'M'
 'M' 'U' 'M' 'M' 'M' 'U' 'M' 'M' 'M' 'M' 'M' 'M' 'M' 'M' 'M' 'M' 'M' 'M'
 'M' 'M' 'M' 'M' 'M' 'M' 'M' 'M' 'M' 'M' 'M' 'M' 'M' 'M' 'M' 'M' 'M' 'M'
 'M' 'M' 'M' 'M' 'M' 'M' 'M' 'M' 'M' 'M' 'M' 'M' 'M' 'M' 'M' 'M' 'M' 'M']"
15501,0,177,9,168,21,0,0,"['A' 'U' 'M' 'U' 'M' 'M' 'M' 'A' 'U' 'U' 'M' 'M' 'M' 'M' 'M' 'M' 'M' 'M'
 'M' 'M' 'U' 'M' 'M' 'M' 'M' 'M' 'M' 'M' 'M' 'M' 'M' 'M' 'M' 'M' 'U' 'M'
 'M' 'M' 'M' 'M' 'U' 'M' 'M' 'M' 'M' 'M' 'M' 'M' 'U' 'M' 'U' 'M' 'M' 'M'
 'M' 'M' 'M' 'M' 'M' 'M' 'M' 'M' 'U' 'U' 'M' 'M' 'M' 'M' 'M' 'M' 'M' 'M'
 'M' 'M' 'M' 'M' 'M' 'M' 'M' 'M' 'M' 'M' 'M' 'M' 'M' 'M' 'M' 'M' 'M' 'M'
 'M' 'U' 'M' 'M' 'M' 'M' 'M' 'M' 'M' 'U' 'M' 'M' 'M' 'M' 'U' 'U' 'M' 'M'
 'M' 'M' 'M' 'M' 'M' 'M' 'M' 'M' 'M' 'M' 'M' 'M' 'M' 'M' 'M' 'M' 'M' 'M'
 'M' 'M' 'M' 'M' 'U' 'M' 'A' 'A' 'A' 'A' 'A' 'A' 'A' 'U' 'M' 'M' 'M' 'M'
 'M' 'U' 'M' 'M' 'M' 'U' 'M' 'M' 'M' 'M' 'M' 'M' 'M' 'M' 'M' 'U' 'M' 'M'
 'M' 'M' 'M' 'M' 'M' 'M' 'M' 'M' 'M' 'M' 'M' 'M' 'M' 'M' 'M' 'M' 'M' 'M'
 'M' 'M' 'M' 'M' 'M' 'M' 'M' 'M' 'M' 'M' 'M' 'M' 'M' 'M' 'M' 'U' 'M' 'M']"
15601,0,181,8,173,17,0,0,"['A' 'U' 'M' 'U' 'M' 'M' 'M' 'U' 'M' 'U' 'M' 'U' 'M' 'M' 'M' 'M' 'M' 'M'
 'M' 'M' 'M' 'M' 'M' 'M' 'M' 'M' 'M' 'M' 'M' 'M' 'M' 'M' 'M' 'M' 'U' 'M'
 'M' 'M' 'M' 'M' 'M' 'M' 'M' 'M' 'M' 'M' 'M' 'M' 'U' 'M' 'U' 'M' 'M' 'M'
 'M' 'M' 'M' 'M' 'M' 'M' 'M' 'M' 'U' 'U' 'M' 'M' 'M' 'M' 'M' 'M' 'M' 'M'
 'M' 'U' 'M' 'M' 'M' 'M' 'M' 'M' 'M' 'M' 'M' 'M' 'M' 'M' 'M' 'M' 'M' 'M'
 'M' 'M' 'M' 'M' 'M' 'M' 'M' 'M' 'M' 'M' 'M' 'M' 'M' 'M' 'M' 'U' 'M' 'M'
 'M' 'M' 'U' 'M' 'M' 'M' 'M' 'M' 'M' 'M' 'M' 'M' 'M' 'M' 'M' 'M' 'M' 'M'
 'M' 'M' 'M' 'M' 'U' 'M' 'A' 'A' 'A' 'A' 'A' 'A' 'A' 'M' 'M' 'M' 'M' 'M'
 'M' 'U' 'M' 'M' 'M' 'U' 'M' 'M' 'M' 'M' 'M' 'M' 'M' 'M' 'M' 'M' 'M' 'M'
 'M' 'M' 'M' 'M' 'M' 'M' 'M' 'M' 'M' 'M' 'M' 'M' 'M' 'M' 'M' 'M' 'M' 'M'
 'M' 'M' 'M' 'M' 'M' 'M' 'M' 'M' 'M' 'M' 'M' 'M' 'M' 'M' 'M' 'U' 'M' 'M']"
15701,2,180,7,173,18,0,0,"['A' 'M' 'M' 'M' 'M' 'M' 'M' 'M' 'M' 'U' 'M' 'U' 'M' 'M' 'M' 'M' 'M' 'M'
 'M' 'M' 'M' 'M' 'M' 'M' 'M' 'M' 'M' 'M' 'M' 'M' 'M' 'M' 'M' 'M' 'M' 'M'
 'M' 'M' 'M' 'M' 'M' 'M' 'M' 'M' 'M' 'M' 'M' 'U' 'U' 'M' 'U' 'M' 'M' 'M'
 'M' 'M' 'M' 'M' 'M' 'M' 'M' 'M' 'U' 'U' 'M' 'M' 'M' 'M' 'M' 'U' 'M' 'M'
 'M' 'M' 'M' 'M' 'M' 'M' 'M' 'M' 'M' 'M' 'M' 'M' 'M' 'M' 'M' 'M' 'M' 'M'
 'M' 'M' 'M' 'M' 'M' 'M' 'U' 'M' 'M' 'M' 'M' 'M' 'M' 'M' 'M' 'U' 'M' 'M'
 'M' 'M' 'M' 'M' 'M' 'M' 'M' 'M' 'M' 'M' 'M' 'M' 'M' 'M' 'M' 'M' 'M' 'M'
 'M' 'M' 'M' 'M' 'U' 'U' 'A' 'A' 'U' 'A' 'A' 'A' 'U' 'M' 'M' 'U' 'M' 'M'
 'M' 'U' 'M' 'M' 'M' 'U' 'M' 'M' 'M' 'M' 'M' 'M' 'M' 'M' 'M' 'M' 'M' 'M'
 'M' 'M' 'M' 'M' 'M' 'M' 'M' 'M' 'M' 'M' 'M' 'M' 'M' 'M' 'M' 'M' 'M' 'M'
 'M' 'M' 'A' 'M' 'M' 'M' 'M' 'M' 'M' 'M' 'M' 'M' 'M' 'M' 'M' 'U' 'M' 'M']"
15801,1,181,9,172,17,0,0,"['A' 'M' 'M' 'M' 'M' 'M' 'M' 'M' 'M' 'U' 'M' 'U' 'M' 'M' 'M' 'M' 'M' 'U'
 'M' 'M' 'M' 'M' 'M' 'M' 'M' 'M' 'M' 'M' 'M' 'M' 'M' 'M' 'M' 'M' 'M' 'M'
 'M' 'M' 'M' 'M' 'M' 'M' 'M' 'M' 'M' 'M' 'M' 'U' 'U' 'M' 'U' 'U' 'M' 'M'
 'M' 'M' 'M' 'M' 'M' 'M' 'M' 'M' 'M' 'M' 'M' 'M' 'M' 'M' 'M' 'M' 'M' 'M'
 'M' 'M' 'M' 'M' 'M' 'M' 'M' 'U' 'M' 'M' 'M' 'M' 'M' 'M' 'M' 'M' 'M' 'M'
 'M' 'M' 'M' 'M' 'M' 'M' 'M' 'M' 'M' 'M' 'M' 'M' 'M' 'M' 'M' 'U' 'M' 'M'
 'M' 'M' 'M' 'M' 'M' 'M' 'M' 'M' 'M' 'M' 'M' 'M' 'M' 'M' 'M' 'M' 'M' 'U'
 'M' 'M' 'M' 'M' 'U' 'A' 'A' 'A' 'A' 'A' 'A' 'A' 'U' 'M' 'M' 'U' 'M' 'M'
 'M' 'U' 'M' 'M' 'M' 'U' 'M' 'M' 'M' 'M' 'M' 'M' 'M' 'M' 'M' 'M' 'M' 'M'
 'M' 'M' 'M' 'M' 'M' 'U' 'M' 'M' 'M' 'M' 'M' 'M' 'M' 'M' 'M' 'M' 'M' 'M'
 'M' 'M' 'A' 'M' 'M' 'M' 'M' 'M' 'M' 'M' 'M' 'M' 'M' 'M' 'M' 'U' 'M' 'M']"
15901,0,180,7,173,18,0,0,"['A' 'M' 'M' 'M' 'M' 'M' 'M' 'M' 'M' 'U' 'M' 'U' 'M' 'M' 'M' 'M' 'M' 'U'
 'M' 'M' 'M' 'M' 'M' 'M' 'M' 'M' 'M' 'M' 'M' 'M' 'M' 'M' 'M' 'M' 'M' 'M'
 'M' 'M' 'M' 'M' 'M' 'M' 'M' 'M' 'M' 'M' 'M' 'U' 'M' 'M' 'U' 'U' 'M' 'M'
 'M' 'U' 'M' 'M' 'M' 'M' 'M' 'M' 'M' 'M' 'M' 'M' 'M' 'M' 'M' 'M' 'M' 'M'
 'M' 'M' 'M' 'M' 'M' 'M' 'M' 'M' 'M' 'M' 'M' 'M' 'M' 'M' 'M' 'M' 'M' 'M'
 'U' 'M' 'M' 'M' 'M' 'M' 'M' 'M' 'M' 'M' 'M' 'M' 'M' 'M' 'M' 'M' 'M' 'M'
 'M' 'M' 'M' 'M' 'M' 'M' 'M' 'M' 'M' 'M' 'M' 'M' 'M' 'M' 'M' 'M' 'M' 'U'
 'M' 'M' 'M' 'M' 'A' 'U' 'M' 'A' 'U' 'A' 'A' 'A' 'A' 'M' 'U' 'M' 'M' 'M'
 'M' 'U' 'M' 'M' 'M' 'U' 'M' 'M' 'M' 'M' 'M' 'M' 'M' 'M' 'M' 'M' 'M' 'M'
 'M' 'M' 'U' 'M' 'M' 'U' 'M' 'M' 'M' 'M' 'M' 'M' 'M' 'M' 'M' 'M' 'M' 'M'
 'M' 'M' 'U' 'M' 'M' 'M' 'M' 'M' 'M' 'M' 'M' 'U' 'M' 'M' 'M' 'M' 'M' 'M']"
16001,0,185,9,176,13,1,0,"['A' 'M' 'M' 'M' 'M' 'M' 'M' 'M' 'M' 'M' 'M' 'U' 'M' 'U' 'M' 'M' 'M' 'U'
 'M' 'M' 'M' 'M' 'M' 'M' 'M' 'M' 'M' 'M' 'M' 'M' 'M' 'M' 'M' 'M' 'M' 'M'
 'M' 'M' 'M' 'M' 'M' 'M' 'M' 'M' 'M' 'M' 'M' 'M' 'A' 'M' 'M' 'M' 'M' 'M'
 'M' 'M' 'M' 'M' 'M' 'M' 'M' 'M' 'M' 'M' 'M' 'M' 'M' 'M' 'M' 'M' 'M' 'M'
 'M' 'M' 'M' 'M' 'M' 'M' 'M' 'M' 'M' 'M' 'M' 'M' 'M' 'M' 'M' 'M' 'U' 'M'
 'M' 'M' 'M' 'M' 'M' 'M' 'M' 'M' 'M' 'M' 'M' 'M' 'M' 'M' 'U' 'U' 'M' 'M'
 'M' 'M' 'M' 'M' 'M' 'M' 'M' 'M' 'M' 'M' 'M' 'U' 'M' 'M' 'M' 'M' 'M' 'M'
 'M' 'M' 'M' 'M' 'A' 'U' 'U' 'A' 'A' 'A' 'A' 'A' 'A' 'M' 'M' 'M' 'M' 'M'
 'M' 'M' 'M' 'M' 'M' 'U' 'M' 'M' 'M' 'M' 'M' 'M' 'M' 'M' 'M' 'M' 'M' 'M'
 'M' 'M' 'U' 'M' 'M' 'U' 'M' 'M' 'M' 'M' 'M' 'M' 'M' 'M' 'M' 'M' 'M' 'M'
 'M' 'M' 'M' 'M' 'M' 'M' 'M' 'M' 'M' 'M' 'M' 'U' 'M' 'M' 'M' 'M' 'M' 'M']"
16101,0,185,10,175,13,0,0,"['A' 'M' 'M' 'M' 'M' 'M' 'M' 'M' 'M' 'M' 'M' 'U' 'M' 'U' 'M' 'M' 'M' 'U'
 'M' 'M' 'M' 'M' 'M' 'M' 'M' 'M' 'M' 'M' 'M' 'M' 'M' 'M' 'M' 'M' 'M' 'M'
 'M' 'M' 'M' 'M' 'M' 'M' 'M' 'M' 'M' 'M' 'M' 'M' 'A' 'M' 'M' 'M' 'M' 'M'
 'M' 'M' 'M' 'M' 'M' 'M' 'M' 'M' 'M' 'M' 'M' 'M' 'M' 'M' 'M' 'M' 'M' 'M'
 'M' 'M' 'M' 'M' 'M' 'M' 'M' 'M' 'M' 'M' 'M' 'U' 'M' 'M' 'M' 'M' 'M' 'M'
 'M' 'M' 'M' 'M' 'M' 'M' 'M' 'M' 'M' 'M' 'M' 'M' 'M' 'M' 'U' 'U' 'M' 'M'
 'M' 'M' 'M' 'M' 'M' 'M' 'M' 'M' 'M' 'M' 'M' 'U' 'M' 'M' 'M' 'M' 'M' 'M'
 'M' 'M' 'M' 'M' 'A' 'U' 'A' 'A' 'A' 'A' 'A' 'A' 'A' 'M' 'M' 'M' 'M' 'M'
 'M' 'M' 'M' 'M' 'M' 'U' 'M' 'M' 'M' 'M' 'M' 'M' 'M' 'M' 'M' 'M' 'M' 'M'
 'M' 'M' 'U' 'M' 'M' 'U' 'M' 'M' 'M' 'M' 'M' 'M' 'M' 'M' 'M' 'M' 'M' 'M'
 'M' 'M' 'M' 'M' 'M' 'M' 'M' 'M' 'M' 'M' 'M' 'U' 'U' 'M' 'M' 'M' 'M' 'M']"
16201,0,180,5,175,18,1,0,"['A' 'M' 'M' 'M' 'M' 'M' 'M' 'M' 'M' 'M' 'M' 'U' 'M' 'U' 'M' 'M' 'U' 'M'
 'M' 'M' 'M' 'M' 'M' 'M' 'M' 'M' 'M' 'M' 'M' 'M' 'M' 'M' 'M' 'M' 'M' 'M'
 'M' 'M' 'M' 'M' 'M' 'M' 'M' 'M' 'M' 'M' 'A' 'M' 'A' 'M' 'M' 'M' 'M' 'M'
 'M' 'M' 'M' 'M' 'M' 'M' 'M' 'M' 'M' 'M' 'U' 'M' 'M' 'M' 'M' 'M' 'M' 'M'
 'M' 'M' 'M' 'U' 'M' 'M' 'M' 'M' 'M' 'M' 'M' 'M' 'M' 'M' 'M' 'M' 'M' 'M'
 'M' 'M' 'M' 'M' 'M' 'M' 'M' 'M' 'M' 'M' 'M' 'M' 'M' 'M' 'M' 'U' 'M' 'M'
 'M' 'M' 'M' 'M' 'M' 'M' 'M' 'M' 'M' 'M' 'M' 'U' 'M' 'M' 'M' 'M' 'M' 'M'
 'M' 'M' 'M' 'U' 'U' 'U' 'U' 'U' 'A' 'U' 'U' 'U' 'A' 'M' 'M' 'M' 'M' 'M'
 'M' 'M' 'M' 'M' 'M' 'U' 'M' 'M' 'M' 'M' 'M' 'M' 'M' 'M' 'M' 'M' 'M' 'M'
 'M' 'M' 'U' 'M' 'M' 'U' 'M' 'M' 'M' 'M' 'M' 'M' 'M' 'M' 'M' 'M' 'M' 'M'
 'M' 'M' 'M' 'M' 'M' 'M' 'M' 'M' 'M' 'M' 'M' 'M' 'M' 'M' 'M' 'M' 'M' 'M']"
16301,0,182,4,178,16,0,0,"['A' 'M' 'M' 'M' 'M' 'M' 'M' 'M' 'M' 'U' 'M' 'U' 'M' 'M' 'M' 'M' 'M' 'M'
 'M' 'M' 'M' 'M' 'M' 'M' 'M' 'M' 'M' 'M' 'M' 'M' 'M' 'M' 'M' 'M' 'M' 'M'
 'M' 'M' 'M' 'M' 'M' 'M' 'M' 'M' 'M' 'M' 'U' 'M' 'A' 'M' 'M' 'M' 'M' 'M'
 'M' 'M' 'M' 'M' 'M' 'M' 'M' 'M' 'M' 'M' 'U' 'M' 'M' 'M' 'M' 'M' 'M' 'M'
 'M' 'M' 'M' 'M' 'M' 'M' 'M' 'M' 'M' 'M' 'M' 'M' 'M' 'M' 'M' 'U' 'M' 'M'
 'M' 'M' 'M' 'M' 'M' 'M' 'M' 'M' 'M' 'M' 'M' 'M' 'M' 'M' 'M' 'U' 'M' 'M'
 'M' 'M' 'M' 'M' 'M' 'M' 'M' 'M' 'U' 'M' 'M' 'U' 'M' 'M' 'M' 'M' 'M' 'M'
 'M' 'M' 'M' 'U' 'M' 'M' 'U' 'M' 'A' 'U' 'U' 'U' 'A' 'M' 'M' 'M' 'M' 'M'
 'M' 'M' 'M' 'M' 'M' 'U' 'M' 'M' 'M' 'M' 'M' 'M' 'M' 'M' 'M' 'M' 'M' 'M'
 'M' 'M' 'U' 'M' 'M' 'U' 'M' 'M' 'M' 'M' 'M' 'M' 'M' 'M' 'M' 'M' 'M' 'M'
 'M' 'M' 'M' 'M' 'M' 'M' 'M' 'M' 'M' 'M' 'M' 'M' 'M' 'M' 'M' 'M' 'M' 'M']"
16401,0,184,8,176,14,0,0,"['A' 'M' 'M' 'M' 'M' 'M' 'M' 'M' 'M' 'U' 'M' 'U' 'M' 'M' 'M' 'M' 'M' 'U'
 'M' 'M' 'M' 'M' 'M' 'M' 'M' 'M' 'M' 'M' 'M' 'M' 'M' 'M' 'M' 'M' 'M' 'M'
 'M' 'M' 'M' 'M' 'M' 'M' 'M' 'M' 'M' 'M' 'U' 'M' 'A' 'M' 'M' 'M' 'M' 'M'
 'M' 'M' 'M' 'M' 'M' 'M' 'M' 'M' 'M' 'M' 'U' 'M' 'M' 'M' 'M' 'M' 'M' 'M'
 'M' 'M' 'M' 'M' 'M' 'M' 'M' 'M' 'M' 'M' 'M' 'M' 'M' 'M' 'M' 'M' 'M' 'M'
 'M' 'M' 'M' 'U' 'M' 'M' 'M' 'M' 'M' 'M' 'M' 'M' 'M' 'M' 'M' 'U' 'M' 'M'
 'M' 'M' 'M' 'M' 'M' 'M' 'U' 'M' 'M' 'M' 'M' 'M' 'M' 'M' 'M' 'M' 'M' 'M'
 'M' 'M' 'M' 'U' 'M' 'A' 'A' 'U' 'A' 'A' 'A' 'A' 'U' 'M' 'M' 'M' 'M' 'M'
 'M' 'M' 'M' 'M' 'M' 'M' 'M' 'U' 'M' 'M' 'M' 'M' 'M' 'M' 'M' 'M' 'M' 'M'
 'M' 'M' 'M' 'M' 'M' 'U' 'M' 'M' 'M' 'M' 'M' 'M' 'M' 'M' 'M' 'M' 'M' 'M'
 'M' 'M' 'M' 'M' 'M' 'M' 'M' 'M' 'M' 'M' 'M' 'M' 'U' 'M' 'M' 'M' 'M' 'M']"
16501,0,178,8,170,20,0,0,"['A' 'M' 'M' 'M' 'M' 'M' 'M' 'M' 'M' 'U' 'M' 'U' 'M' 'M' 'M' 'M' 'M' 'M'
 'M' 'M' 'U' 'U' 'M' 'M' 'M' 'M' 'U' 'M' 'M' 'M' 'M' 'M' 'M' 'M' 'M' 'M'
 'M' 'M' 'M' 'M' 'M' 'M' 'M' 'M' 'M' 'M' 'U' 'M' 'A' 'M' 'M' 'M' 'M' 'M'
 'M' 'M' 'M' 'M' 'M' 'M' 'M' 'M' 'M' 'M' 'U' 'M' 'M' 'M' 'M' 'M' 'M' 'M'
 'M' 'M' 'M' 'M' 'M' 'M' 'M' 'U' 'M' 'M' 'M' 'M' 'M' 'M' 'M' 'M' 'M' 'M'
 'M' 'M' 'M' 'M' 'M' 'M' 'M' 'M' 'M' 'M' 'M' 'M' 'M' 'M' 'M' 'U' 'M' 'M'
 'M' 'M' 'M' 'M' 'M' 'U' 'U' 'M' 'M' 'M' 'M' 'M' 'M' 'M' 'M' 'M' 'M' 'M'
 'M' 'M' 'M' 'M' 'M' 'A' 'A' 'A' 'A' 'A' 'A' 'U' 'U' 'M' 'M' 'M' 'M' 'M'
 'M' 'M' 'M' 'M' 'M' 'M' 'M' 'U' 'U' 'M' 'M' 'M' 'M' 'M' 'M' 'M' 'M' 'U'
 'M' 'M' 'M' 'M' 'M' 'U' 'M' 'M' 'M' 'M' 'M' 'M' 'M' 'U' 'M' 'M' 'M' 'M'
 'M' 'M' 'M' 'M' 'M' 'M' 'M' 'M' 'M' 'M' 'M' 'M' 'U' 'M' 'M' 'U' 'M' 'M']"
16601,0,171,9,162,27,0,0,"['A' 'M' 'M' 'M' 'M' 'M' 'M' 'M' 'M' 'U' 'M' 'U' 'M' 'M' 'M' 'M' 'M' 'M'
 'M' 'M' 'U' 'U' 'M' 'M' 'M' 'M' 'U' 'M' 'M' 'M' 'M' 'M' 'M' 'M' 'M' 'U'
 'M' 'U' 'M' 'M' 'M' 'M' 'M' 'M' 'M' 'M' 'U' 'M' 'A' 'U' 'M' 'M' 'M' 'M'
 'M' 'M' 'M' 'M' 'M' 'M' 'M' 'M' 'M' 'M' 'U' 'M' 'M' 'M' 'M' 'M' 'M' 'U'
 'M' 'M' 'M' 'M' 'M' 'M' 'M' 'M' 'M' 'M' 'M' 'M' 'M' 'M' 'M' 'M' 'M' 'M'
 'M' 'M' 'M' 'M' 'M' 'M' 'M' 'M' 'M' 'U' 'M' 'M' 'M' 'M' 'M' 'U' 'M' 'U'
 'M' 'M' 'M' 'M' 'M' 'U' 'U' 'M' 'M' 'M' 'M' 'M' 'M' 'U' 'M' 'M' 'M' 'M'
 'M' 'M' 'M' 'M' 'M' 'A' 'A' 'A' 'A' 'A' 'U' 'A' 'A' 'M' 'M' 'M' 'M' 'M'
 'M' 'M' 'M' 'M' 'M' 'M' 'M' 'U' 'U' 'M' 'M' 'M' 'M' 'M' 'M' 'M' 'M' 'U'
 'M' 'M' 'M' 'M' 'M' 'U' 'M' 'M' 'M' 'U' 'M' 'M' 'M' 'U' 'M' 'M' 'M' 'M'
 'M' 'M' 'M' 'M' 'M' 'M' 'M' 'M' 'M' 'U' 'M' 'M' 'M' 'M' 'U' 'U' 'M' 'M']"
16701,0,173,6,167,25,0,0,"['A' 'M' 'M' 'M' 'M' 'M' 'M' 'M' 'M' 'U' 'M' 'U' 'M' 'M' 'M' 'M' 'M' 'M'
 'M' 'M' 'U' 'M' 'M' 'M' 'M' 'M' 'U' 'M' 'M' 'M' 'M' 'M' 'M' 'M' 'M' 'U'
 'M' 'U' 'M' 'M' 'M' 'M' 'M' 'M' 'M' 'M' 'U' 'M' 'A' 'U' 'M' 'M' 'M' 'M'
 'M' 'M' 'M' 'M' 'M' 'M' 'M' 'M' 'M' 'M' 'U' 'M' 'M' 'M' 'M' 'M' 'M' 'M'
 'M' 'U' 'M' 'M' 'M' 'M' 'M' 'M' 'M' 'M' 'M' 'M' 'M' 'M' 'M' 'M' 'M' 'M'
 'M' 'M' 'M' 'M' 'M' 'M' 'M' 'M' 'M' 'U' 'M' 'M' 'M' 'M' 'M' 'U' 'M' 'U'
 'M' 'M' 'M' 'M' 'M' 'M' 'M' 'M' 'M' 'M' 'M' 'M' 'M' 'M' 'M' 'U' 'M' 'M'
 'M' 'M' 'M' 'M' 'M' 'U' 'A' 'U' 'A' 'U' 'A' 'U' 'A' 'M' 'M' 'M' 'M' 'M'
 'M' 'M' 'M' 'M' 'M' 'M' 'U' 'U' 'U' 'M' 'M' 'M' 'M' 'M' 'M' 'M' 'M' 'M'
 'M' 'M' 'M' 'M' 'M' 'U' 'M' 'M' 'M' 'U' 'M' 'M' 'M' 'U' 'M' 'M' 'M' 'M'
 'M' 'M' 'M' 'M' 'M' 'M' 'M' 'M' 'M' 'U' 'M' 'M' 'M' 'M' 'M' 'M' 'M' 'M']"
16801,0,176,9,167,22,1,0,"['A' 'M' 'M' 'M' 'M' 'M' 'M' 'M' 'M' 'A' 'M' 'U' 'M' 'M' 'M' 'M' 'M' 'M'
 'M' 'M' 'U' 'M' 'M' 'M' 'M' 'M' 'U' 'M' 'M' 'M' 'M' 'M' 'M' 'M' 'U' 'U'
 'M' 'U' 'U' 'M' 'M' 'M' 'M' 'M' 'M' 'M' 'U' 'M' 'A' 'M' 'M' 'M' 'M' 'M'
 'M' 'M' 'U' 'M' 'M' 'M' 'M' 'M' 'M' 'M' 'M' 'M' 'M' 'M' 'M' 'M' 'M' 'M'
 'M' 'M' 'M' 'M' 'M' 'M' 'M' 'M' 'M' 'M' 'M' 'M' 'M' 'M' 'M' 'M' 'M' 'M'
 'M' 'U' 'M' 'M' 'M' 'M' 'M' 'M' 'M' 'U' 'M' 'M' 'M' 'M' 'M' 'M' 'M' 'U'
 'M' 'M' 'M' 'M' 'M' 'M' 'M' 'M' 'M' 'M' 'M' 'M' 'M' 'M' 'M' 'U' 'M' 'M'
 'M' 'M' 'M' 'M' 'M' 'A' 'A' 'A' 'U' 'U' 'A' 'A' 'A' 'M' 'M' 'M' 'M' 'M'
 'M' 'M' 'M' 'M' 'M' 'M' 'U' 'U' 'U' 'M' 'M' 'M' 'M' 'M' 'M' 'M' 'M' 'M'
 'M' 'U' 'M' 'M' 'M' 'U' 'M' 'M' 'M' 'U' 'M' 'M' 'M' 'M' 'M' 'M' 'M' 'M'
 'M' 'U' 'M' 'M' 'M' 'M' 'M' 'M' 'M' 'M' 'M' 'M' 'M' 'M' 'M' 'M' 'M' 'M']"
16901,0,179,6,173,19,0,0,"['A' 'M' 'M' 'M' 'M' 'M' 'M' 'M' 'M' 'A' 'M' 'U' 'M' 'M' 'M' 'M' 'M' 'M'
 'M' 'M' 'U' 'M' 'M' 'M' 'M' 'M' 'U' 'M' 'M' 'M' 'M' 'M' 'M' 'M' 'U' 'M'
 'M' 'U' 'U' 'M' 'M' 'M' 'M' 'M' 'M' 'M' 'M' 'M' 'U' 'M' 'M' 'M' 'M' 'M'
 'M' 'M' 'U' 'M' 'M' 'M' 'M' 'M' 'M' 'M' 'M' 'M' 'M' 'M' 'M' 'M' 'M' 'M'
 'U' 'M' 'M' 'M' 'M' 'M' 'M' 'M' 'M' 'M' 'M' 'M' 'M' 'M' 'M' 'M' 'M' 'M'
 'M' 'M' 'M' 'M' 'M' 'M' 'M' 'M' 'M' 'U' 'M' 'M' 'M' 'M' 'M' 'M' 'M' 'M'
 'M' 'M' 'M' 'M' 'M' 'M' 'M' 'M' 'M' 'M' 'M' 'M' 'M' 'M' 'M' 'U' 'M' 'M'
 'M' 'M' 'M' 'M' 'M' 'A' 'U' 'A' 'U' 'U' 'A' 'U' 'A' 'M' 'M' 'M' 'M' 'M'
 'M' 'M' 'M' 'M' 'M' 'M' 'U' 'M' 'M' 'M' 'M' 'M' 'M' 'M' 'M' 'M' 'M' 'M'
 'M' 'M' 'M' 'M' 'M' 'M' 'M' 'M' 'M' 'M' 'M' 'M' 'M' 'U' 'M' 'M' 'U' 'M'
 'M' 'U' 'M' 'M' 'M' 'M' 'M' 'M' 'M' 'M' 'M' 'M' 'M' 'M' 'M' 'M' 'M' 'M']"
17001,0,182,6,176,16,0,0,"['A' 'M' 'M' 'M' 'M' 'M' 'M' 'M' 'M' 'A' 'M' 'M' 'M' 'M' 'M' 'M' 'M' 'M'
 'M' 'M' 'M' 'M' 'M' 'M' 'M' 'M' 'U' 'M' 'M' 'M' 'M' 'M' 'M' 'M' 'U' 'M'
 'M' 'U' 'U' 'M' 'M' 'M' 'M' 'M' 'M' 'M' 'M' 'M' 'M' 'M' 'M' 'M' 'M' 'M'
 'M' 'M' 'U' 'M' 'M' 'M' 'M' 'U' 'M' 'M' 'M' 'M' 'M' 'M' 'M' 'M' 'M' 'M'
 'M' 'M' 'M' 'M' 'M' 'M' 'M' 'M' 'M' 'M' 'M' 'M' 'M' 'M' 'M' 'M' 'M' 'U'
 'M' 'M' 'M' 'M' 'M' 'M' 'M' 'M' 'M' 'U' 'M' 'M' 'U' 'M' 'M' 'M' 'M' 'M'
 'M' 'M' 'M' 'M' 'M' 'M' 'M' 'U' 'M' 'M' 'M' 'M' 'M' 'U' 'M' 'U' 'M' 'M'
 'M' 'M' 'M' 'M' 'M' 'A' 'M' 'A' 'M' 'U' 'A' 'M' 'A' 'M' 'M' 'M' 'M' 'M'
 'M' 'M' 'M' 'M' 'M' 'M' 'U' 'M' 'M' 'M' 'M' 'M' 'M' 'M' 'M' 'M' 'M' 'M'
 'M' 'M' 'M' 'M' 'M' 'M' 'M' 'M' 'M' 'M' 'M' 'M' 'M' 'U' 'M' 'M' 'U' 'M'
 'M' 'M' 'M' 'M' 'M' 'M' 'M' 'M' 'M' 'M' 'M' 'M' 'M' 'M' 'M' 'M' 'M' 'M']"
17101,0,178,3,175,20,1,0,"['A' 'M' 'M' 'M' 'M' 'M' 'M' 'M' 'M' 'A' 'M' 'M' 'U' 'M' 'M' 'M' 'M' 'M'
 'M' 'M' 'M' 'M' 'M' 'M' 'M' 'M' 'M' 'M' 'M' 'M' 'M' 'M' 'M' 'M' 'U' 'M'
 'M' 'U' 'U' 'M' 'M' 'M' 'M' 'M' 'M' 'M' 'M' 'M' 'M' 'M' 'M' 'M' 'M' 'M'
 'M' 'M' 'U' 'M' 'M' 'M' 'M' 'U' 'M' 'M' 'M' 'M' 'M' 'M' 'M' 'M' 'M' 'M'
 'M' 'M' 'M' 'M' 'M' 'M' 'M' 'M' 'M' 'M' 'M' 'M' 'M' 'M' 'M' 'M' 'M' 'U'
 'M' 'M' 'M' 'M' 'M' 'M' 'M' 'M' 'M' 'M' 'M' 'M' 'U' 'M' 'M' 'M' 'M' 'M'
 'M' 'M' 'M' 'M' 'M' 'M' 'M' 'U' 'M' 'M' 'M' 'M' 'M' 'M' 'M' 'U' 'M' 'M'
 'M' 'M' 'M' 'M' 'M' 'A' 'M' 'U' 'M' 'M' 'U' 'U' 'U' 'M' 'M' 'M' 'M' 'M'
 'M' 'M' 'M' 'M' 'M' 'M' 'U' 'M' 'M' 'U' 'M' 'M' 'M' 'M' 'M' 'M' 'M' 'M'
 'M' 'M' 'M' 'M' 'M' 'M' 'M' 'M' 'M' 'M' 'M' 'M' 'M' 'U' 'M' 'M' 'U' 'M'
 'U' 'U' 'M' 'M' 'M' 'M' 'M' 'M' 'M' 'M' 'M' 'M' 'M' 'M' 'M' 'M' 'M' 'M']"
17201,0,182,7,175,16,0,0,"['A' 'M' 'M' 'M' 'M' 'M' 'M' 'M' 'M' 'A' 'M' 'M' 'M' 'M' 'M' 'M' 'M' 'M'
 'M' 'M' 'M' 'M' 'M' 'M' 'M' 'M' 'M' 'M' 'M' 'M' 'M' 'M' 'M' 'M' 'U' 'M'
 'M' 'U' 'M' 'M' 'M' 'M' 'M' 'U' 'M' 'M' 'M' 'M' 'M' 'M' 'M' 'M' 'M' 'M'
 'M' 'M' 'U' 'M' 'M' 'M' 'M' 'M' 'M' 'M' 'M' 'M' 'M' 'M' 'M' 'M' 'M' 'M'
 'M' 'M' 'M' 'M' 'M' 'M' 'M' 'M' 'U' 'M' 'M' 'M' 'M' 'M' 'M' 'M' 'M' 'M'
 'M' 'M' 'M' 'M' 'M' 'M' 'U' 'M' 'M' 'M' 'M' 'M' 'U' 'M' 'M' 'M' 'U' 'M'
 'M' 'M' 'M' 'M' 'M' 'M' 'M' 'U' 'M' 'M' 'M' 'M' 'M' 'M' 'M' 'M' 'M' 'M'
 'M' 'M' 'M' 'M' 'M' 'A' 'A' 'A' 'A' 'U' 'A' 'U' 'M' 'M' 'M' 'M' 'M' 'M'
 'M' 'M' 'M' 'M' 'M' 'M' 'M' 'M' 'M' 'M' 'M' 'M' 'M' 'M' 'M' 'M' 'M' 'M'
 'M' 'M' 'M' 'M' 'M' 'M' 'M' 'M' 'M' 'M' 'M' 'M' 'M' 'M' 'U' 'U' 'U' 'M'
 'U' 'U' 'M' 'M' 'M' 'M' 'M' 'M' 'M' 'M' 'M' 'M' 'M' 'M' 'M' 'M' 'M' 'M']"
17301,0,180,5,175,18,0,0,"['A' 'M' 'M' 'M' 'M' 'M' 'M' 'M' 'M' 'A' 'M' 'M' 'M' 'M' 'M' 'M' 'M' 'M'
 'M' 'M' 'M' 'M' 'M' 'M' 'M' 'M' 'M' 'M' 'M' 'M' 'M' 'M' 'M' 'M' 'U' 'M'
 'M' 'M' 'M' 'M' 'M' 'M' 'M' 'U' 'M' 'M' 'M' 'M' 'M' 'M' 'M' 'M' 'M' 'M'
 'M' 'M' 'U' 'M' 'M' 'M' 'M' 'M' 'M' 'M' 'M' 'M' 'M' 'M' 'M' 'M' 'M' 'U'
 'M' 'M' 'M' 'M' 'M' 'M' 'M' 'M' 'M' 'M' 'M' 'M' 'M' 'M' 'M' 'M' 'M' 'M'
 'M' 'M' 'M' 'M' 'M' 'M' 'U' 'M' 'M' 'M' 'M' 'M' 'U' 'M' 'M' 'M' 'U' 'M'
 'M' 'M' 'M' 'M' 'M' 'M' 'M' 'U' 'M' 'M' 'M' 'M' 'M' 'M' 'M' 'M' 'M' 'M'
 'M' 'M' 'U' 'M' 'M' 'A' 'A' 'A' 'U' 'M' 'U' 'U' 'M' 'M' 'M' 'M' 'M' 'M'
 'M' 'M' 'M' 'M' 'M' 'M' 'M' 'M' 'M' 'M' 'M' 'M' 'M' 'M' 'M' 'M' 'U' 'M'
 'M' 'M' 'M' 'M' 'M' 'M' 'M' 'M' 'M' 'M' 'M' 'M' 'M' 'M' 'U' 'U' 'U' 'M'
 'U' 'M' 'M' 'M' 'U' 'M' 'M' 'M' 'M' 'M' 'M' 'M' 'M' 'M' 'M' 'M' 'M' 'M']"
17401,0,186,3,183,12,0,0,"['A' 'M' 'M' 'M' 'M' 'M' 'M' 'M' 'M' 'A' 'M' 'M' 'M' 'M' 'M' 'M' 'M' 'M'
 'M' 'M' 'M' 'M' 'M' 'M' 'M' 'M' 'M' 'M' 'M' 'M' 'M' 'M' 'M' 'M' 'M' 'M'
 'M' 'M' 'M' 'M' 'M' 'M' 'M' 'M' 'M' 'M' 'M' 'M' 'M' 'M' 'M' 'M' 'U' 'M'
 'M' 'M' 'U' 'M' 'M' 'M' 'M' 'M' 'M' 'M' 'M' 'M' 'M' 'M' 'M' 'M' 'M' 'M'
 'M' 'M' 'M' 'U' 'M' 'M' 'M' 'M' 'M' 'M' 'M' 'M' 'M' 'M' 'M' 'M' 'M' 'M'
 'M' 'M' 'M' 'M' 'M' 'U' 'U' 'M' 'M' 'M' 'M' 'M' 'U' 'M' 'M' 'M' 'U' 'M'
 'M' 'M' 'M' 'M' 'M' 'M' 'M' 'M' 'M' 'M' 'U' 'M' 'M' 'M' 'M' 'M' 'M' 'M'
 'M' 'M' 'M' 'M' 'M' 'M' 'A' 'U' 'M' 'M' 'M' 'M' 'M' 'M' 'M' 'M' 'M' 'M'
 'M' 'M' 'M' 'M' 'M' 'M' 'M' 'M' 'M' 'M' 'M' 'M' 'M' 'M' 'M' 'M' 'M' 'M'
 'M' 'M' 'M' 'M' 'M' 'M' 'M' 'M' 'M' 'M' 'M' 'M' 'M' 'M' 'U' 'U' 'M' 'M'
 'M' 'M' 'M' 'M' 'U' 'M' 'M' 'M' 'M' 'M' 'M' 'M' 'M' 'M' 'M' 'M' 'M' 'M']"
17501,0,183,3,180,15,0,0,"['A' 'M' 'M' 'M' 'M' 'M' 'M' 'M' 'M' 'A' 'M' 'M' 'M' 'M' 'M' 'M' 'M' 'M'
 'M' 'M' 'M' 'M' 'M' 'M' 'M' 'M' 'M' 'M' 'M' 'M' 'M' 'M' 'M' 'M' 'M' 'M'
 'M' 'M' 'M' 'M' 'M' 'M' 'M' 'M' 'M' 'M' 'M' 'M' 'U' 'M' 'M' 'M' 'U' 'M'
 'M' 'M' 'M' 'U' 'M' 'M' 'M' 'M' 'U' 'M' 'M' 'M' 'M' 'M' 'M' 'M' 'M' 'M'
 'M' 'M' 'M' 'M' 'M' 'M' 'M' 'M' 'M' 'M' 'M' 'M' 'M' 'U' 'M' 'M' 'M' 'M'
 'M' 'M' 'M' 'M' 'M' 'M' 'U' 'M' 'M' 'M' 'M' 'M' 'U' 'M' 'M' 'M' 'U' 'M'
 'M' 'M' 'M' 'M' 'M' 'M' 'M' 'M' 'M' 'M' 'U' 'M' 'M' 'M' 'M' 'M' 'M' 'M'
 'M' 'M' 'M' 'M' 'M' 'M' 'A' 'U' 'M' 'M' 'M' 'U' 'M' 'M' 'M' 'M' 'M' 'M'
 'M' 'M' 'M' 'M' 'M' 'M' 'M' 'M' 'M' 'M' 'M' 'M' 'M' 'M' 'U' 'M' 'M' 'M'
 'M' 'M' 'M' 'M' 'M' 'M' 'M' 'M' 'M' 'M' 'M' 'M' 'M' 'M' 'U' 'U' 'M' 'M'
 'M' 'M' 'M' 'M' 'U' 'M' 'M' 'M' 'M' 'M' 'M' 'M' 'M' 'M' 'M' 'M' 'M' 'M']"
17601,0,180,5,175,18,0,0,"['A' 'M' 'M' 'M' 'M' 'M' 'M' 'M' 'M' 'U' 'M' 'M' 'M' 'M' 'M' 'M' 'U' 'U'
 'M' 'M' 'M' 'M' 'M' 'M' 'M' 'M' 'M' 'M' 'M' 'M' 'M' 'U' 'M' 'M' 'M' 'M'
 'M' 'M' 'M' 'M' 'M' 'M' 'U' 'M' 'M' 'M' 'M' 'M' 'M' 'M' 'M' 'M' 'U' 'M'
 'M' 'M' 'M' 'M' 'M' 'M' 'M' 'M' 'U' 'M' 'M' 'M' 'M' 'M' 'M' 'M' 'M' 'M'
 'M' 'M' 'M' 'M' 'M' 'M' 'M' 'M' 'M' 'M' 'M' 'M' 'M' 'M' 'M' 'M' 'M' 'M'
 'M' 'M' 'U' 'M' 'M' 'M' 'M' 'M' 'M' 'M' 'M' 'M' 'A' 'M' 'M' 'U' 'U' 'M'
 'M' 'M' 'M' 'M' 'M' 'M' 'M' 'M' 'M' 'M' 'M' 'M' 'M' 'M' 'M' 'M' 'M' 'M'
 'M' 'M' 'M' 'M' 'M' 'M' 'A' 'A' 'U' 'A' 'U' 'U' 'U' 'M' 'M' 'M' 'M' 'M'
 'M' 'M' 'M' 'M' 'M' 'M' 'M' 'M' 'M' 'M' 'M' 'M' 'M' 'M' 'U' 'M' 'M' 'M'
 'M' 'M' 'M' 'M' 'M' 'M' 'M' 'M' 'M' 'M' 'M' 'M' 'M' 'M' 'U' 'U' 'M' 'M'
 'M' 'M' 'M' 'M' 'U' 'M' 'M' 'M' 'M' 'M' 'M' 'M' 'M' 'M' 'M' 'M' 'M' 'M']"
17701,1,178,7,171,20,0,1,"['A' 'M' 'M' 'M' 'M' 'M' 'M' 'M' 'U' 'U' 'M' 'M' 'M' 'M' 'M' 'M' 'M' 'U'
 'M' 'M' 'M' 'M' 'M' 'M' 'M' 'M' 'M' 'M' 'M' 'M' 'M' 'U' 'M' 'M' 'M' 'M'
 'M' 'M' 'M' 'M' 'M' 'M' 'U' 'M' 'M' 'M' 'M' 'M' 'M' 'M' 'M' 'M' 'U' 'M'
 'M' 'M' 'M' 'M' 'M' 'M' 'M' 'M' 'U' 'U' 'M' 'M' 'M' 'M' 'M' 'M' 'M' 'M'
 'M' 'M' 'M' 'M' 'M' 'M' 'M' 'M' 'M' 'M' 'M' 'M' 'M' 'M' 'M' 'M' 'M' 'M'
 'M' 'M' 'M' 'U' 'M' 'M' 'M' 'M' 'M' 'U' 'M' 'M' 'A' 'M' 'M' 'M' 'U' 'M'
 'M' 'M' 'M' 'M' 'M' 'M' 'M' 'M' 'U' 'M' 'M' 'M' 'M' 'M' 'M' 'M' 'M' 'M'
 'M' 'M' 'M' 'M' 'M' 'U' 'A' 'A' 'U' 'A' 'A' 'A' 'U' 'M' 'M' 'M' 'M' 'M'
 'M' 'M' 'M' 'M' 'M' 'M' 'M' 'M' 'M' 'M' 'M' 'M' 'M' 'M' 'M' 'U' 'M' 'M'
 'M' 'M' 'M' 'M' 'M' 'M' 'M' 'M' 'M' 'M' 'M' 'M' 'M' 'M' 'U' 'U' 'M' 'M'
 'M' 'M' 'M' 'M' 'U' 'M' 'M' 'M' 'M' 'M' 'M' 'U' 'M' 'M' 'M' 'M' 'M' 'M']"
17801,1,186,10,176,12,0,0,"['A' 'U' 'M' 'M' 'M' 'M' 'M' 'M' 'M' 'U' 'M' 'M' 'M' 'M' 'M' 'M' 'M' 'U'
 'M' 'M' 'M' 'M' 'M' 'M' 'M' 'M' 'M' 'M' 'M' 'M' 'M' 'M' 'M' 'M' 'M' 'M'
 'M' 'M' 'M' 'M' 'M' 'U' 'M' 'M' 'M' 'M' 'M' 'M' 'M' 'M' 'M' 'M' 'M' 'M'
 'M' 'M' 'M' 'M' 'M' 'M' 'M' 'M' 'U' 'U' 'M' 'M' 'M' 'M' 'M' 'M' 'U' 'M'
 'M' 'M' 'M' 'M' 'M' 'M' 'M' 'M' 'M' 'M' 'M' 'M' 'M' 'M' 'M' 'M' 'M' 'M'
 'M' 'M' 'M' 'M' 'M' 'M' 'M' 'M' 'M' 'M' 'M' 'M' 'A' 'M' 'M' 'M' 'M' 'M'
 'M' 'M' 'M' 'M' 'M' 'M' 'M' 'M' 'U' 'M' 'M' 'M' 'M' 'M' 'M' 'M' 'M' 'M'
 'M' 'M' 'M' 'M' 'M' 'A' 'A' 'A' 'A' 'A' 'A' 'A' 'A' 'M' 'M' 'M' 'M' 'M'
 'M' 'M' 'M' 'U' 'M' 'U' 'M' 'M' 'M' 'M' 'M' 'M' 'M' 'M' 'M' 'M' 'M' 'M'
 'M' 'M' 'M' 'M' 'M' 'M' 'M' 'M' 'M' 'M' 'M' 'M' 'M' 'M' 'M' 'U' 'M' 'M'
 'M' 'M' 'M' 'M' 'M' 'M' 'M' 'M' 'M' 'M' 'M' 'U' 'M' 'M' 'M' 'M' 'M' 'M']"
17901,0,180,7,173,18,0,0,"['A' 'M' 'M' 'M' 'U' 'M' 'M' 'M' 'M' 'U' 'M' 'M' 'M' 'U' 'U' 'M' 'M' 'M'
 'M' 'M' 'M' 'M' 'M' 'M' 'U' 'M' 'M' 'M' 'M' 'M' 'U' 'M' 'M' 'U' 'M' 'M'
 'M' 'M' 'M' 'M' 'M' 'U' 'M' 'M' 'M' 'M' 'M' 'M' 'M' 'M' 'M' 'M' 'M' 'M'
 'M' 'M' 'M' 'M' 'M' 'M' 'M' 'M' 'U' 'U' 'M' 'M' 'M' 'M' 'M' 'M' 'M' 'U'
 'M' 'M' 'M' 'M' 'M' 'M' 'M' 'M' 'M' 'M' 'M' 'M' 'M' 'M' 'M' 'M' 'M' 'M'
 'M' 'M' 'M' 'M' 'M' 'M' 'M' 'U' 'M' 'M' 'M' 'M' 'A' 'M' 'M' 'M' 'M' 'M'
 'M' 'M' 'M' 'M' 'M' 'M' 'M' 'M' 'U' 'M' 'M' 'M' 'M' 'M' 'M' 'M' 'M' 'M'
 'M' 'M' 'M' 'M' 'M' 'A' 'M' 'U' 'A' 'A' 'A' 'A' 'U' 'M' 'M' 'M' 'M' 'M'
 'M' 'M' 'M' 'U' 'M' 'U' 'M' 'M' 'M' 'M' 'M' 'M' 'M' 'M' 'M' 'M' 'M' 'M'
 'M' 'M' 'M' 'M' 'M' 'M' 'M' 'M' 'M' 'M' 'M' 'M' 'M' 'M' 'M' 'M' 'M' 'M'
 'M' 'M' 'M' 'M' 'M' 'M' 'M' 'M' 'M' 'M' 'M' 'U' 'M' 'M' 'M' 'M' 'M' 'M']"
18001,0,182,7,175,16,0,0,"['A' 'M' 'M' 'M' 'U' 'M' 'M' 'M' 'M' 'U' 'M' 'M' 'M' 'U' 'U' 'M' 'M' 'M'
 'M' 'M' 'M' 'M' 'M' 'M' 'U' 'M' 'M' 'M' 'M' 'M' 'U' 'M' 'M' 'M' 'M' 'M'
 'M' 'M' 'M' 'M' 'M' 'U' 'M' 'M' 'M' 'M' 'M' 'M' 'M' 'M' 'M' 'M' 'M' 'M'
 'M' 'M' 'M' 'M' 'M' 'M' 'M' 'M' 'U' 'U' 'M' 'M' 'M' 'M' 'M' 'M' 'M' 'M'
 'M' 'M' 'M' 'M' 'M' 'M' 'M' 'M' 'M' 'M' 'M' 'M' 'M' 'M' 'M' 'M' 'M' 'M'
 'M' 'M' 'M' 'M' 'U' 'M' 'M' 'M' 'M' 'M' 'M' 'M' 'A' 'M' 'M' 'M' 'M' 'M'
 'M' 'M' 'M' 'M' 'M' 'M' 'M' 'M' 'U' 'M' 'M' 'M' 'M' 'M' 'M' 'M' 'M' 'M'
 'M' 'M' 'M' 'M' 'M' 'A' 'M' 'M' 'A' 'A' 'A' 'A' 'U' 'M' 'M' 'M' 'M' 'M'
 'M' 'M' 'M' 'U' 'M' 'U' 'M' 'M' 'M' 'M' 'M' 'M' 'M' 'M' 'M' 'M' 'M' 'M'
 'M' 'M' 'M' 'M' 'M' 'M' 'U' 'M' 'M' 'M' 'M' 'M' 'M' 'M' 'M' 'M' 'M' 'M'
 'M' 'M' 'M' 'M' 'M' 'M' 'M' 'M' 'U' 'M' 'M' 'M' 'M' 'M' 'M' 'M' 'M' 'M']"
18101,0,182,7,175,16,0,0,"['A' 'M' 'M' 'M' 'M' 'M' 'M' 'M' 'M' 'U' 'M' 'M' 'M' 'U' 'M' 'M' 'M' 'M'
 'M' 'M' 'M' 'M' 'M' 'M' 'U' 'M' 'M' 'M' 'M' 'M' 'U' 'M' 'M' 'M' 'M' 'M'
 'M' 'M' 'M' 'M' 'M' 'U' 'M' 'M' 'M' 'M' 'M' 'M' 'M' 'M' 'M' 'M' 'M' 'M'
 'M' 'M' 'M' 'M' 'M' 'M' 'M' 'M' 'M' 'U' 'M' 'M' 'M' 'M' 'M' 'M' 'M' 'M'
 'M' 'M' 'M' 'M' 'M' 'M' 'M' 'M' 'M' 'M' 'M' 'M' 'M' 'M' 'U' 'M' 'M' 'M'
 'M' 'M' 'M' 'M' 'M' 'M' 'M' 'M' 'M' 'M' 'M' 'M' 'U' 'M' 'M' 'M' 'M' 'M'
 'M' 'M' 'M' 'M' 'M' 'M' 'M' 'M' 'U' 'M' 'M' 'M' 'M' 'M' 'M' 'M' 'M' 'M'
 'M' 'M' 'M' 'M' 'M' 'M' 'A' 'A' 'A' 'U' 'A' 'A' 'A' 'M' 'M' 'M' 'M' 'M'
 'M' 'M' 'M' 'M' 'M' 'U' 'M' 'M' 'M' 'M' 'U' 'M' 'U' 'M' 'M' 'U' 'M' 'M'
 'M' 'M' 'M' 'M' 'M' 'M' 'M' 'M' 'M' 'M' 'M' 'M' 'M' 'M' 'M' 'M' 'M' 'M'
 'M' 'M' 'M' 'M' 'M' 'M' 'M' 'M' 'U' 'M' 'U' 'M' 'M' 'M' 'M' 'M' 'M' 'M']"
18201,0,188,9,179,10,0,0,"['A' 'M' 'M' 'M' 'M' 'M' 'M' 'M' 'M' 'U' 'M' 'M' 'M' 'M' 'M' 'M' 'M' 'M'
 'M' 'M' 'M' 'M' 'M' 'M' 'M' 'M' 'M' 'M' 'M' 'M' 'U' 'M' 'M' 'M' 'M' 'M'
 'M' 'M' 'M' 'M' 'M' 'M' 'U' 'M' 'M' 'M' 'M' 'M' 'M' 'M' 'M' 'M' 'M' 'M'
 'M' 'M' 'M' 'M' 'M' 'M' 'M' 'M' 'M' 'U' 'M' 'M' 'M' 'M' 'M' 'U' 'M' 'M'
 'M' 'M' 'M' 'M' 'M' 'M' 'M' 'M' 'M' 'M' 'M' 'M' 'M' 'M' 'M' 'M' 'M' 'M'
 'M' 'M' 'M' 'M' 'M' 'M' 'M' 'M' 'M' 'M' 'M' 'M' 'U' 'M' 'M' 'M' 'M' 'M'
 'M' 'M' 'M' 'M' 'M' 'M' 'M' 'M' 'U' 'M' 'M' 'M' 'M' 'M' 'M' 'M' 'M' 'M'
 'M' 'M' 'M' 'M' 'M' 'A' 'A' 'A' 'A' 'A' 'A' 'A' 'A' 'M' 'M' 'M' 'M' 'M'
 'M' 'M' 'M' 'M' 'M' 'U' 'M' 'M' 'M' 'M' 'M' 'M' 'U' 'M' 'M' 'M' 'M' 'M'
 'M' 'M' 'M' 'M' 'M' 'M' 'M' 'M' 'M' 'M' 'M' 'M' 'M' 'M' 'M' 'M' 'M' 'M'
 'M' 'M' 'M' 'M' 'M' 'M' 'M' 'M' 'M' 'M' 'U' 'M' 'M' 'M' 'M' 'M' 'M' 'M']"
18301,0,186,7,179,12,0,0,"['A' 'M' 'M' 'U' 'M' 'M' 'M' 'M' 'M' 'U' 'M' 'M' 'M' 'M' 'M' 'M' 'M' 'M'
 'M' 'M' 'M' 'M' 'M' 'M' 'M' 'M' 'M' 'M' 'M' 'M' 'M' 'M' 'M' 'M' 'M' 'M'
 'M' 'M' 'M' 'M' 'M' 'M' 'U' 'M' 'M' 'M' 'M' 'M' 'M' 'M' 'M' 'M' 'M' 'M'
 'M' 'M' 'M' 'M' 'M' 'M' 'M' 'M' 'M' 'U' 'M' 'M' 'M' 'M' 'M' 'M' 'M' 'M'
 'M' 'M' 'M' 'M' 'M' 'M' 'M' 'M' 'M' 'M' 'M' 'M' 'U' 'M' 'M' 'M' 'M' 'M'
 'M' 'M' 'M' 'M' 'M' 'M' 'M' 'M' 'M' 'M' 'M' 'M' 'U' 'M' 'M' 'M' 'M' 'M'
 'M' 'M' 'M' 'M' 'M' 'M' 'M' 'M' 'U' 'M' 'M' 'M' 'M' 'M' 'M' 'M' 'M' 'M'
 'M' 'M' 'M' 'M' 'M' 'A' 'U' 'A' 'A' 'U' 'A' 'A' 'A' 'M' 'M' 'M' 'M' 'M'
 'M' 'M' 'M' 'M' 'M' 'U' 'M' 'M' 'M' 'M' 'M' 'M' 'U' 'M' 'M' 'M' 'M' 'M'
 'M' 'M' 'M' 'M' 'M' 'M' 'M' 'M' 'M' 'M' 'M' 'M' 'M' 'M' 'M' 'M' 'M' 'M'
 'M' 'M' 'M' 'M' 'M' 'M' 'M' 'M' 'M' 'M' 'M' 'M' 'M' 'M' 'M' 'M' 'M' 'U']"
18401,0,187,6,181,11,0,0,"['A' 'M' 'M' 'M' 'M' 'M' 'M' 'M' 'M' 'U' 'M' 'M' 'M' 'M' 'M' 'M' 'M' 'M'
 'M' 'M' 'M' 'M' 'M' 'M' 'M' 'M' 'M' 'M' 'M' 'M' 'M' 'M' 'M' 'M' 'M' 'M'
 'U' 'M' 'M' 'M' 'M' 'M' 'U' 'M' 'M' 'M' 'M' 'M' 'M' 'M' 'M' 'M' 'M' 'M'
 'M' 'M' 'M' 'M' 'M' 'M' 'M' 'M' 'M' 'U' 'M' 'M' 'M' 'M' 'M' 'M' 'M' 'M'
 'M' 'M' 'M' 'M' 'M' 'M' 'M' 'M' 'M' 'M' 'M' 'M' 'M' 'M' 'M' 'M' 'M' 'M'
 'U' 'M' 'M' 'M' 'M' 'M' 'M' 'M' 'M' 'M' 'M' 'M' 'U' 'M' 'M' 'M' 'M' 'M'
 'M' 'M' 'M' 'M' 'M' 'M' 'M' 'M' 'U' 'M' 'M' 'M' 'M' 'M' 'M' 'M' 'M' 'M'
 'M' 'M' 'M' 'M' 'M' 'M' 'U' 'A' 'A' 'U' 'A' 'A' 'A' 'M' 'M' 'M' 'M' 'M'
 'M' 'M' 'M' 'M' 'M' 'M' 'M' 'M' 'M' 'M' 'M' 'M' 'U' 'M' 'M' 'M' 'M' 'M'
 'M' 'M' 'M' 'M' 'M' 'M' 'M' 'M' 'M' 'M' 'M' 'M' 'M' 'M' 'M' 'M' 'M' 'M'
 'M' 'M' 'M' 'M' 'M' 'M' 'M' 'M' 'M' 'M' 'M' 'M' 'M' 'M' 'M' 'M' 'M' 'U']"
18501,1,185,6,179,13,0,1,"['A' 'M' 'M' 'M' 'M' 'M' 'M' 'M' 'M' 'U' 'M' 'M' 'M' 'M' 'M' 'M' 'M' 'M'
 'M' 'M' 'M' 'M' 'M' 'M' 'M' 'M' 'M' 'M' 'M' 'M' 'M' 'M' 'M' 'M' 'M' 'M'
 'U' 'M' 'M' 'M' 'M' 'M' 'U' 'M' 'M' 'M' 'M' 'M' 'M' 'M' 'M' 'M' 'M' 'M'
 'M' 'M' 'M' 'M' 'M' 'M' 'M' 'M' 'M' 'U' 'M' 'M' 'M' 'M' 'M' 'M' 'M' 'M'
 'M' 'M' 'M' 'M' 'M' 'M' 'M' 'M' 'M' 'M' 'M' 'M' 'M' 'M' 'M' 'M' 'U' 'M'
 'M' 'M' 'M' 'M' 'M' 'M' 'M' 'M' 'M' 'M' 'M' 'M' 'M' 'M' 'M' 'M' 'M' 'M'
 'M' 'M' 'M' 'M' 'M' 'M' 'M' 'M' 'U' 'M' 'M' 'M' 'M' 'M' 'M' 'M' 'M' 'M'
 'M' 'M' 'U' 'M' 'M' 'U' 'U' 'A' 'A' 'A' 'A' 'U' 'A' 'M' 'M' 'M' 'M' 'M'
 'M' 'M' 'M' 'M' 'M' 'M' 'M' 'M' 'M' 'M' 'M' 'M' 'M' 'M' 'M' 'M' 'M' 'M'
 'M' 'M' 'M' 'M' 'M' 'M' 'M' 'M' 'U' 'M' 'M' 'M' 'M' 'M' 'M' 'M' 'M' 'M'
 'M' 'U' 'M' 'M' 'M' 'M' 'M' 'M' 'M' 'M' 'M' 'M' 'M' 'M' 'M' 'M' 'M' 'U']"
18601,0,185,6,179,13,0,0,"['A' 'M' 'M' 'M' 'M' 'M' 'M' 'M' 'M' 'M' 'M' 'M' 'M' 'M' 'M' 'M' 'M' 'M'
 'M' 'M' 'M' 'M' 'M' 'M' 'M' 'M' 'M' 'M' 'M' 'M' 'M' 'M' 'M' 'M' 'M' 'M'
 'U' 'M' 'M' 'M' 'M' 'M' 'U' 'M' 'M' 'U' 'M' 'M' 'M' 'M' 'M' 'M' 'M' 'M'
 'M' 'M' 'M' 'M' 'M' 'M' 'M' 'M' 'M' 'M' 'M' 'M' 'M' 'M' 'M' 'M' 'M' 'M'
 'M' 'M' 'M' 'M' 'M' 'M' 'M' 'M' 'M' 'M' 'M' 'M' 'M' 'U' 'M' 'M' 'M' 'M'
 'M' 'M' 'M' 'M' 'M' 'M' 'M' 'M' 'M' 'M' 'M' 'M' 'M' 'M' 'M' 'M' 'M' 'M'
 'M' 'M' 'M' 'M' 'M' 'M' 'M' 'U' 'U' 'M' 'M' 'M' 'M' 'M' 'M' 'M' 'M' 'M'
 'M' 'M' 'U' 'M' 'M' 'A' 'U' 'A' 'A' 'A' 'U' 'U' 'A' 'M' 'M' 'M' 'M' 'M'
 'M' 'M' 'M' 'M' 'M' 'M' 'M' 'M' 'M' 'M' 'M' 'M' 'M' 'M' 'M' 'M' 'M' 'M'
 'M' 'M' 'M' 'M' 'M' 'M' 'M' 'M' 'U' 'M' 'M' 'M' 'M' 'M' 'M' 'M' 'M' 'M'
 'M' 'U' 'M' 'M' 'M' 'M' 'M' 'M' 'M' 'M' 'M' 'M' 'M' 'M' 'M' 'M' 'M' 'U']"
18701,0,189,7,182,9,0,0,"['A' 'M' 'M' 'M' 'M' 'M' 'M' 'M' 'M' 'M' 'M' 'M' 'M' 'M' 'M' 'M' 'M' 'M'
 'M' 'M' 'M' 'M' 'M' 'M' 'M' 'M' 'M' 'M' 'M' 'M' 'M' 'M' 'M' 'M' 'M' 'M'
 'U' 'M' 'M' 'M' 'M' 'M' 'M' 'M' 'M' 'U' 'M' 'M' 'M' 'M' 'M' 'M' 'M' 'M'
 'M' 'M' 'M' 'M' 'M' 'M' 'M' 'M' 'M' 'M' 'M' 'M' 'M' 'M' 'M' 'M' 'M' 'M'
 'M' 'M' 'M' 'M' 'M' 'M' 'M' 'M' 'M' 'M' 'M' 'M' 'M' 'M' 'M' 'M' 'M' 'M'
 'M' 'U' 'M' 'M' 'M' 'M' 'M' 'M' 'M' 'M' 'M' 'M' 'M' 'M' 'M' 'M' 'M' 'M'
 'M' 'M' 'M' 'M' 'M' 'M' 'M' 'U' 'M' 'M' 'M' 'M' 'M' 'M' 'M' 'M' 'M' 'M'
 'M' 'M' 'M' 'M' 'M' 'A' 'M' 'U' 'A' 'A' 'A' 'A' 'A' 'U' 'M' 'M' 'M' 'M'
 'M' 'M' 'M' 'M' 'M' 'M' 'M' 'M' 'M' 'M' 'M' 'M' 'M' 'M' 'M' 'M' 'M' 'M'
 'M' 'M' 'M' 'M' 'M' 'M' 'M' 'M' 'M' 'M' 'M' 'U' 'M' 'M' 'M' 'M' 'M' 'M'
 'M' 'U' 'M' 'M' 'M' 'M' 'M' 'M' 'M' 'M' 'M' 'M' 'M' 'M' 'M' 'M' 'M' 'U']"
18801,0,187,6,181,11,0,0,"['A' 'M' 'M' 'M' 'M' 'M' 'M' 'M' 'M' 'M' 'M' 'M' 'M' 'M' 'M' 'M' 'M' 'M'
 'M' 'U' 'M' 'M' 'M' 'M' 'M' 'M' 'M' 'M' 'M' 'M' 'M' 'M' 'M' 'M' 'M' 'M'
 'U' 'M' 'M' 'M' 'M' 'U' 'M' 'M' 'M' 'U' 'M' 'M' 'M' 'M' 'M' 'M' 'M' 'M'
 'M' 'M' 'M' 'M' 'M' 'M' 'M' 'M' 'M' 'M' 'M' 'M' 'M' 'M' 'M' 'M' 'M' 'M'
 'M' 'M' 'U' 'M' 'M' 'M' 'M' 'M' 'M' 'M' 'M' 'M' 'M' 'M' 'M' 'M' 'M' 'M'
 'M' 'M' 'M' 'M' 'M' 'M' 'M' 'M' 'M' 'M' 'M' 'M' 'M' 'M' 'M' 'M' 'M' 'M'
 'M' 'M' 'M' 'M' 'M' 'M' 'M' 'U' 'M' 'M' 'M' 'M' 'M' 'M' 'M' 'M' 'M' 'M'
 'M' 'M' 'M' 'M' 'M' 'A' 'U' 'M' 'A' 'M' 'A' 'A' 'A' 'U' 'M' 'M' 'M' 'M'
 'M' 'M' 'M' 'M' 'M' 'M' 'M' 'M' 'M' 'M' 'M' 'M' 'M' 'M' 'M' 'M' 'M' 'M'
 'M' 'M' 'M' 'M' 'M' 'M' 'M' 'M' 'M' 'M' 'M' 'U' 'M' 'M' 'M' 'M' 'M' 'M'
 'M' 'U' 'M' 'M' 'M' 'M' 'M' 'M' 'M' 'M' 'M' 'M' 'M' 'M' 'M' 'M' 'M' 'U']"
18901,0,185,8,177,13,0,0,"['A' 'M' 'M' 'M' 'M' 'M' 'M' 'M' 'M' 'M' 'M' 'M' 'M' 'M' 'M' 'M' 'M' 'M'
 'M' 'U' 'M' 'M' 'M' 'M' 'M' 'M' 'M' 'M' 'M' 'M' 'M' 'M' 'M' 'M' 'M' 'M'
 'M' 'M' 'M' 'M' 'M' 'U' 'M' 'M' 'M' 'U' 'M' 'M' 'M' 'M' 'U' 'M' 'M' 'M'
 'M' 'M' 'M' 'M' 'M' 'M' 'M' 'M' 'M' 'M' 'M' 'M' 'M' 'M' 'M' 'M' 'M' 'M'
 'M' 'M' 'M' 'M' 'M' 'M' 'M' 'M' 'M' 'M' 'M' 'M' 'M' 'M' 'M' 'U' 'M' 'M'
 'M' 'M' 'M' 'M' 'M' 'M' 'M' 'M' 'M' 'M' 'M' 'M' 'M' 'M' 'M' 'M' 'M' 'M'
 'M' 'M' 'M' 'M' 'U' 'M' 'M' 'M' 'M' 'M' 'M' 'M' 'M' 'M' 'M' 'M' 'M' 'U'
 'M' 'M' 'M' 'M' 'M' 'A' 'A' 'A' 'A' 'A' 'A' 'U' 'A' 'M' 'M' 'M' 'M' 'M'
 'M' 'M' 'M' 'M' 'M' 'M' 'M' 'U' 'M' 'M' 'M' 'M' 'M' 'M' 'M' 'M' 'M' 'M'
 'U' 'M' 'M' 'M' 'M' 'M' 'M' 'M' 'M' 'M' 'M' 'U' 'U' 'M' 'M' 'M' 'M' 'M'
 'M' 'M' 'M' 'M' 'M' 'M' 'M' 'M' 'M' 'M' 'M' 'M' 'M' 'M' 'M' 'M' 'M' 'U']"
19001,0,179,6,173,19,0,0,"['A' 'M' 'M' 'M' 'M' 'M' 'M' 'M' 'M' 'M' 'M' 'M' 'M' 'M' 'M' 'M' 'M' 'M'
 'M' 'U' 'M' 'M' 'M' 'M' 'M' 'M' 'M' 'M' 'M' 'M' 'M' 'U' 'M' 'M' 'M' 'M'
 'M' 'M' 'M' 'M' 'M' 'U' 'M' 'M' 'M' 'U' 'U' 'M' 'M' 'M' 'U' 'M' 'M' 'M'
 'M' 'M' 'M' 'M' 'M' 'M' 'M' 'M' 'M' 'M' 'M' 'M' 'M' 'M' 'M' 'M' 'M' 'M'
 'M' 'M' 'M' 'M' 'M' 'M' 'M' 'M' 'M' 'M' 'M' 'M' 'M' 'M' 'M' 'M' 'M' 'M'
 'M' 'M' 'M' 'M' 'U' 'M' 'M' 'M' 'M' 'M' 'M' 'U' 'M' 'M' 'M' 'M' 'M' 'M'
 'M' 'M' 'M' 'M' 'U' 'M' 'U' 'M' 'M' 'M' 'M' 'U' 'M' 'M' 'M' 'M' 'M' 'U'
 'M' 'M' 'M' 'M' 'M' 'A' 'A' 'A' 'U' 'U' 'A' 'U' 'A' 'M' 'M' 'M' 'M' 'M'
 'M' 'M' 'M' 'M' 'M' 'M' 'M' 'M' 'M' 'M' 'M' 'M' 'M' 'M' 'M' 'M' 'M' 'M'
 'U' 'M' 'M' 'U' 'M' 'U' 'M' 'M' 'M' 'M' 'M' 'U' 'M' 'M' 'M' 'M' 'M' 'M'
 'M' 'M' 'M' 'M' 'M' 'M' 'M' 'M' 'M' 'M' 'M' 'M' 'M' 'M' 'M' 'M' 'M' 'M']"
19101,0,185,9,176,13,0,0,"['A' 'M' 'M' 'M' 'M' 'M' 'M' 'M' 'M' 'M' 'M' 'M' 'M' 'M' 'M' 'M' 'M' 'M'
 'M' 'U' 'U' 'M' 'M' 'M' 'M' 'M' 'U' 'M' 'M' 'M' 'M' 'M' 'M' 'M' 'M' 'M'
 'M' 'M' 'M' 'M' 'M' 'U' 'M' 'M' 'M' 'U' 'U' 'M' 'M' 'M' 'U' 'M' 'M' 'M'
 'M' 'M' 'M' 'M' 'M' 'M' 'M' 'M' 'M' 'M' 'M' 'M' 'M' 'M' 'M' 'M' 'M' 'M'
 'M' 'M' 'M' 'M' 'M' 'M' 'M' 'M' 'M' 'M' 'M' 'M' 'U' 'M' 'M' 'M' 'M' 'M'
 'M' 'M' 'M' 'M' 'M' 'M' 'M' 'M' 'M' 'M' 'M' 'U' 'M' 'M' 'M' 'M' 'M' 'M'
 'M' 'M' 'M' 'M' 'U' 'M' 'M' 'M' 'M' 'M' 'M' 'U' 'M' 'M' 'M' 'M' 'M' 'U'
 'M' 'M' 'M' 'M' 'M' 'A' 'A' 'A' 'A' 'A' 'A' 'A' 'A' 'M' 'M' 'M' 'M' 'M'
 'M' 'M' 'M' 'M' 'M' 'M' 'M' 'M' 'M' 'M' 'M' 'M' 'M' 'M' 'M' 'M' 'M' 'M'
 'M' 'M' 'M' 'M' 'M' 'U' 'M' 'M' 'M' 'M' 'M' 'M' 'M' 'M' 'M' 'M' 'M' 'M'
 'M' 'M' 'M' 'M' 'M' 'M' 'M' 'M' 'M' 'M' 'M' 'M' 'M' 'M' 'M' 'M' 'M' 'M']"
19201,0,180,9,171,18,0,0,"['A' 'M' 'M' 'M' 'M' 'M' 'M' 'M' 'M' 'M' 'M' 'M' 'M' 'U' 'M' 'U' 'M' 'M'
 'M' 'U' 'U' 'M' 'M' 'M' 'M' 'M' 'M' 'M' 'M' 'M' 'M' 'U' 'M' 'M' 'M' 'M'
 'U' 'M' 'M' 'M' 'M' 'U' 'U' 'M' 'M' 'U' 'U' 'M' 'M' 'M' 'U' 'M' 'M' 'U'
 'M' 'M' 'M' 'M' 'M' 'M' 'M' 'M' 'M' 'M' 'M' 'M' 'M' 'M' 'M' 'M' 'M' 'M'
 'M' 'M' 'M' 'M' 'M' 'M' 'M' 'M' 'M' 'U' 'M' 'M' 'M' 'M' 'M' 'M' 'M' 'M'
 'M' 'M' 'M' 'M' 'M' 'M' 'M' 'M' 'M' 'M' 'M' 'M' 'M' 'M' 'M' 'M' 'M' 'M'
 'M' 'M' 'M' 'M' 'U' 'M' 'M' 'M' 'M' 'M' 'M' 'U' 'M' 'M' 'M' 'M' 'M' 'U'
 'M' 'M' 'M' 'M' 'M' 'A' 'A' 'A' 'A' 'A' 'A' 'A' 'A' 'M' 'M' 'M' 'M' 'M'
 'M' 'M' 'M' 'M' 'M' 'M' 'M' 'M' 'M' 'M' 'M' 'M' 'M' 'M' 'M' 'M' 'M' 'M'
 'M' 'M' 'M' 'M' 'M' 'M' 'M' 'M' 'M' 'M' 'M' 'M' 'M' 'M' 'M' 'M' 'M' 'M'
 'M' 'M' 'M' 'M' 'M' 'M' 'M' 'M' 'M' 'M' 'U' 'M' 'M' 'M' 'M' 'M' 'U' 'M']"
19301,0,178,5,173,20,0,0,"['A' 'M' 'M' 'M' 'M' 'M' 'M' 'M' 'M' 'M' 'M' 'M' 'M' 'M' 'M' 'U' 'M' 'M'
 'M' 'M' 'U' 'M' 'M' 'U' 'M' 'M' 'M' 'M' 'M' 'M' 'M' 'M' 'M' 'M' 'M' 'M'
 'U' 'M' 'M' 'M' 'M' 'U' 'U' 'M' 'M' 'U' 'U' 'M' 'M' 'M' 'U' 'M' 'M' 'U'
 'M' 'M' 'M' 'M' 'M' 'M' 'M' 'M' 'M' 'M' 'M' 'M' 'M' 'M' 'M' 'M' 'M' 'M'
 'M' 'M' 'M' 'M' 'M' 'M' 'M' 'M' 'M' 'M' 'M' 'M' 'M' 'M' 'M' 'M' 'M' 'M'
 'U' 'M' 'M' 'M' 'M' 'M' 'M' 'M' 'M' 'U' 'M' 'M' 'M' 'M' 'M' 'M' 'M' 'M'
 'M' 'U' 'M' 'M' 'U' 'M' 'M' 'M' 'M' 'M' 'M' 'M' 'M' 'M' 'M' 'M' 'M' 'U'
 'M' 'M' 'M' 'M' 'M' 'A' 'A' 'M' 'U' 'U' 'A' 'U' 'A' 'M' 'M' 'M' 'M' 'M'
 'M' 'M' 'M' 'M' 'M' 'M' 'M' 'M' 'M' 'M' 'M' 'M' 'M' 'M' 'U' 'M' 'M' 'M'
 'M' 'M' 'M' 'M' 'M' 'M' 'M' 'M' 'M' 'M' 'M' 'M' 'M' 'M' 'M' 'M' 'M' 'M'
 'M' 'M' 'M' 'M' 'M' 'M' 'M' 'M' 'M' 'M' 'M' 'M' 'M' 'M' 'M' 'M' 'U' 'M']"
19401,0,180,7,173,18,0,1,"['A' 'M' 'M' 'M' 'M' 'U' 'M' 'M' 'M' 'M' 'M' 'M' 'M' 'M' 'M' 'U' 'M' 'M'
 'M' 'M' 'M' 'M' 'M' 'U' 'M' 'M' 'U' 'M' 'M' 'M' 'M' 'M' 'M' 'M' 'M' 'M'
 'M' 'M' 'M' 'M' 'M' 'U' 'U' 'M' 'M' 'U' 'U' 'M' 'M' 'M' 'U' 'M' 'M' 'U'
 'M' 'M' 'M' 'M' 'M' 'M' 'M' 'M' 'M' 'M' 'M' 'M' 'M' 'M' 'M' 'M' 'M' 'M'
 'M' 'M' 'M' 'M' 'M' 'M' 'M' 'M' 'M' 'M' 'U' 'M' 'M' 'M' 'M' 'M' 'M' 'M'
 'M' 'M' 'M' 'M' 'M' 'M' 'M' 'M' 'M' 'M' 'M' 'M' 'M' 'M' 'M' 'M' 'M' 'M'
 'M' 'U' 'M' 'M' 'U' 'M' 'M' 'M' 'M' 'M' 'M' 'M' 'M' 'M' 'M' 'M' 'M' 'M'
 'M' 'M' 'M' 'M' 'M' 'A' 'U' 'U' 'A' 'A' 'A' 'A' 'A' 'M' 'M' 'M' 'M' 'M'
 'M' 'M' 'M' 'M' 'M' 'M' 'M' 'M' 'M' 'M' 'M' 'M' 'M' 'M' 'U' 'M' 'M' 'M'
 'U' 'M' 'M' 'M' 'M' 'M' 'M' 'M' 'M' 'M' 'M' 'M' 'M' 'M' 'M' 'M' 'M' 'M'
 'M' 'M' 'M' 'M' 'M' 'M' 'M' 'M' 'M' 'M' 'M' 'M' 'M' 'M' 'M' 'M' 'U' 'M']"
19501,1,181,7,174,17,0,0,"['A' 'M' 'M' 'M' 'M' 'U' 'M' 'M' 'M' 'M' 'M' 'U' 'M' 'M' 'M' 'M' 'M' 'M'
 'M' 'M' 'M' 'M' 'M' 'U' 'M' 'M' 'U' 'M' 'M' 'M' 'M' 'M' 'U' 'M' 'M' 'M'
 'M' 'M' 'M' 'M' 'M' 'U' 'M' 'M' 'M' 'M' 'U' 'M' 'M' 'U' 'U' 'M' 'M' 'U'
 'M' 'M' 'M' 'M' 'M' 'M' 'M' 'M' 'M' 'M' 'M' 'M' 'M' 'M' 'M' 'M' 'M' 'M'
 'M' 'M' 'M' 'M' 'M' 'M' 'M' 'M' 'M' 'M' 'U' 'M' 'M' 'M' 'M' 'M' 'M' 'M'
 'M' 'M' 'M' 'M' 'M' 'M' 'M' 'M' 'M' 'M' 'M' 'M' 'M' 'M' 'M' 'M' 'M' 'M'
 'M' 'U' 'M' 'M' 'U' 'M' 'M' 'M' 'M' 'M' 'M' 'M' 'M' 'M' 'U' 'M' 'M' 'M'
 'M' 'M' 'M' 'M' 'M' 'A' 'A' 'U' 'A' 'A' 'M' 'A' 'A' 'M' 'M' 'M' 'M' 'M'
 'M' 'M' 'M' 'M' 'M' 'M' 'M' 'M' 'U' 'M' 'M' 'M' 'M' 'M' 'M' 'M' 'M' 'M'
 'U' 'M' 'M' 'M' 'M' 'M' 'M' 'M' 'M' 'M' 'M' 'M' 'M' 'M' 'M' 'M' 'M' 'M'
 'M' 'M' 'M' 'M' 'M' 'M' 'M' 'M' 'M' 'M' 'M' 'M' 'M' 'M' 'M' 'M' 'M' 'M']"
19601,0,176,7,169,22,0,0,"['A' 'M' 'M' 'M' 'M' 'M' 'M' 'M' 'M' 'M' 'U' 'U' 'U' 'M' 'M' 'M' 'M' 'M'
 'M' 'M' 'M' 'U' 'M' 'U' 'M' 'M' 'U' 'M' 'M' 'M' 'M' 'M' 'M' 'U' 'M' 'M'
 'M' 'M' 'M' 'M' 'M' 'U' 'M' 'M' 'M' 'M' 'U' 'M' 'M' 'U' 'U' 'M' 'M' 'U'
 'M' 'M' 'M' 'M' 'M' 'M' 'M' 'M' 'M' 'U' 'M' 'M' 'M' 'M' 'M' 'M' 'M' 'M'
 'M' 'M' 'M' 'M' 'M' 'M' 'M' 'M' 'M' 'U' 'M' 'M' 'M' 'M' 'M' 'M' 'M' 'M'
 'M' 'M' 'M' 'M' 'M' 'M' 'M' 'M' 'M' 'M' 'M' 'M' 'M' 'M' 'M' 'M' 'M' 'M'
 'M' 'U' 'M' 'M' 'U' 'M' 'M' 'M' 'M' 'M' 'M' 'M' 'M' 'M' 'U' 'M' 'M' 'M'
 'M' 'M' 'M' 'M' 'M' 'A' 'A' 'M' 'A' 'U' 'A' 'A' 'A' 'M' 'M' 'M' 'M' 'M'
 'M' 'M' 'M' 'M' 'M' 'M' 'M' 'M' 'U' 'M' 'M' 'M' 'M' 'M' 'M' 'M' 'M' 'M'
 'U' 'M' 'M' 'M' 'M' 'M' 'M' 'M' 'M' 'M' 'M' 'M' 'M' 'M' 'U' 'M' 'M' 'M'
 'M' 'M' 'M' 'M' 'M' 'M' 'M' 'M' 'M' 'M' 'M' 'M' 'M' 'M' 'M' 'U' 'M' 'M']"
19701,0,178,8,170,20,0,0,"['A' 'M' 'M' 'M' 'M' 'M' 'M' 'M' 'M' 'M' 'M' 'U' 'U' 'M' 'M' 'M' 'M' 'M'
 'M' 'M' 'M' 'U' 'M' 'U' 'M' 'M' 'U' 'M' 'M' 'M' 'M' 'M' 'M' 'M' 'M' 'M'
 'M' 'M' 'M' 'U' 'M' 'U' 'M' 'M' 'M' 'M' 'U' 'M' 'M' 'U' 'M' 'M' 'M' 'U'
 'M' 'M' 'M' 'M' 'M' 'M' 'M' 'M' 'M' 'U' 'M' 'M' 'M' 'M' 'M' 'M' 'M' 'M'
 'M' 'M' 'M' 'M' 'M' 'M' 'M' 'M' 'M' 'M' 'M' 'M' 'M' 'M' 'M' 'M' 'U' 'M'
 'M' 'M' 'M' 'M' 'M' 'M' 'M' 'M' 'M' 'M' 'M' 'M' 'M' 'M' 'M' 'M' 'M' 'M'
 'M' 'U' 'M' 'M' 'U' 'M' 'M' 'M' 'M' 'M' 'M' 'M' 'M' 'M' 'U' 'M' 'M' 'M'
 'M' 'M' 'M' 'M' 'M' 'U' 'A' 'A' 'A' 'A' 'A' 'A' 'A' 'M' 'M' 'M' 'M' 'M'
 'M' 'M' 'M' 'M' 'M' 'M' 'M' 'M' 'U' 'M' 'M' 'M' 'M' 'M' 'M' 'M' 'M' 'M'
 'U' 'M' 'M' 'M' 'M' 'M' 'M' 'M' 'M' 'M' 'M' 'M' 'M' 'M' 'M' 'M' 'M' 'M'
 'M' 'M' 'M' 'M' 'M' 'U' 'M' 'M' 'M' 'M' 'M' 'M' 'M' 'M' 'M' 'U' 'M' 'M']"
19801,1,181,8,173,17,0,0,"['A' 'M' 'M' 'M' 'M' 'M' 'M' 'M' 'M' 'M' 'M' 'U' 'U' 'M' 'M' 'M' 'M' 'M'
 'M' 'U' 'M' 'U' 'M' 'U' 'M' 'M' 'M' 'M' 'M' 'M' 'M' 'M' 'M' 'M' 'M' 'M'
 'M' 'M' 'M' 'U' 'M' 'M' 'M' 'M' 'M' 'M' 'U' 'M' 'M' 'U' 'M' 'M' 'M' 'U'
 'M' 'M' 'M' 'M' 'M' 'M' 'M' 'M' 'M' 'M' 'M' 'M' 'M' 'M' 'M' 'M' 'M' 'M'
 'M' 'M' 'M' 'M' 'M' 'M' 'M' 'M' 'M' 'M' 'M' 'M' 'M' 'M' 'M' 'M' 'M' 'M'
 'M' 'M' 'M' 'U' 'M' 'M' 'M' 'M' 'M' 'M' 'M' 'M' 'M' 'M' 'M' 'M' 'M' 'M'
 'M' 'U' 'M' 'M' 'U' 'M' 'M' 'M' 'M' 'M' 'M' 'M' 'M' 'M' 'U' 'M' 'M' 'M'
 'M' 'M' 'M' 'M' 'M' 'A' 'A' 'U' 'A' 'A' 'A' 'A' 'A' 'M' 'M' 'M' 'M' 'M'
 'M' 'M' 'M' 'M' 'M' 'M' 'M' 'M' 'M' 'M' 'M' 'M' 'M' 'M' 'M' 'M' 'M' 'M'
 'U' 'M' 'M' 'M' 'M' 'M' 'M' 'M' 'M' 'M' 'M' 'M' 'M' 'M' 'M' 'M' 'M' 'M'
 'M' 'M' 'M' 'M' 'M' 'M' 'M' 'M' 'M' 'M' 'M' 'U' 'M' 'M' 'M' 'U' 'M' 'M']"
19901,0,183,6,177,15,0,0,"['A' 'M' 'M' 'M' 'M' 'M' 'M' 'M' 'M' 'M' 'M' 'U' 'U' 'M' 'M' 'M' 'M' 'M'
 'M' 'U' 'M' 'U' 'M' 'U' 'M' 'M' 'M' 'M' 'M' 'M' 'M' 'M' 'M' 'M' 'M' 'M'
 'M' 'M' 'M' 'U' 'M' 'U' 'M' 'M' 'M' 'M' 'U' 'M' 'M' 'M' 'M' 'M' 'M' 'U'
 'M' 'M' 'M' 'M' 'M' 'M' 'M' 'M' 'M' 'M' 'M' 'U' 'M' 'M' 'M' 'M' 'M' 'M'
 'M' 'M' 'M' 'M' 'M' 'M' 'M' 'M' 'M' 'M' 'M' 'M' 'M' 'M' 'M' 'M' 'M' 'M'
 'M' 'M' 'M' 'M' 'M' 'M' 'M' 'M' 'M' 'M' 'M' 'U' 'M' 'M' 'M' 'M' 'M' 'M'
 'M' 'M' 'M' 'M' 'U' 'M' 'M' 'M' 'M' 'M' 'M' 'M' 'M' 'M' 'U' 'M' 'M' 'M'
 'M' 'M' 'M' 'M' 'M' 'M' 'A' 'M' 'M' 'A' 'A' 'A' 'A' 'M' 'M' 'M' 'M' 'M'
 'M' 'M' 'M' 'M' 'M' 'M' 'M' 'M' 'M' 'M' 'M' 'M' 'M' 'M' 'M' 'M' 'M' 'M'
 'M' 'M' 'M' 'M' 'M' 'M' 'M' 'M' 'M' 'M' 'M' 'M' 'U' 'M' 'M' 'M' 'M' 'M'
 'M' 'M' 'M' 'M' 'M' 'M' 'M' 'M' 'M' 'M' 'M' 'M' 'M' 'M' 'M' 'U' 'M' 'M']"
20001,0,180,4,176,18,0,0,"['A' 'M' 'M' 'M' 'M' 'M' 'M' 'M' 'M' 'M' 'M' 'M' 'U' 'M' 'M' 'M' 'M' 'M'
 'M' 'U' 'M' 'U' 'M' 'U' 'M' 'M' 'M' 'M' 'M' 'M' 'M' 'M' 'M' 'M' 'M' 'M'
 'M' 'M' 'M' 'M' 'M' 'M' 'M' 'M' 'M' 'M' 'U' 'M' 'M' 'M' 'U' 'M' 'M' 'U'
 'M' 'M' 'M' 'M' 'M' 'M' 'M' 'M' 'M' 'M' 'M' 'M' 'M' 'M' 'M' 'U' 'M' 'M'
 'M' 'M' 'M' 'M' 'M' 'M' 'M' 'M' 'M' 'M' 'M' 'M' 'M' 'M' 'M' 'M' 'M' 'M'
 'M' 'M' 'M' 'M' 'M' 'M' 'M' 'U' 'M' 'M' 'M' 'M' 'M' 'M' 'M' 'M' 'M' 'M'
 'M' 'M' 'M' 'M' 'U' 'M' 'M' 'M' 'M' 'M' 'M' 'M' 'M' 'M' 'U' 'M' 'M' 'M'
 'M' 'M' 'M' 'M' 'M' 'M' 'A' 'A' 'U' 'U' 'A' 'U' 'U' 'M' 'M' 'M' 'M' 'M'
 'M' 'M' 'M' 'M' 'M' 'M' 'M' 'M' 'M' 'M' 'M' 'M' 'M' 'U' 'M' 'M' 'M' 'M'
 'M' 'M' 'M' 'M' 'M' 'M' 'M' 'M' 'M' 'M' 'M' 'U' 'U' 'M' 'M' 'M' 'M' 'M'
 'M' 'M' 'M' 'M' 'M' 'M' 'M' 'M' 'M' 'M' 'M' 'M' 'M' 'M' 'M' 'M' 'M' 'M']"
20101,1,182,7,175,16,0,0,"['A' 'M' 'M' 'M' 'M' 'M' 'M' 'M' 'M' 'M' 'M' 'M' 'U' 'M' 'M' 'M' 'M' 'M'
 'M' 'M' 'M' 'U' 'M' 'M' 'M' 'M' 'M' 'M' 'M' 'M' 'M' 'M' 'M' 'M' 'M' 'M'
 'M' 'M' 'M' 'M' 'M' 'U' 'M' 'M' 'M' 'U' 'U' 'M' 'M' 'M' 'U' 'M' 'M' 'U'
 'M' 'M' 'M' 'M' 'M' 'M' 'M' 'M' 'M' 'M' 'M' 'M' 'M' 'M' 'M' 'M' 'M' 'M'
 'M' 'U' 'M' 'M' 'M' 'M' 'M' 'M' 'M' 'M' 'M' 'M' 'M' 'M' 'M' 'M' 'M' 'M'
 'M' 'M' 'M' 'M' 'M' 'M' 'M' 'U' 'M' 'M' 'M' 'M' 'M' 'M' 'M' 'M' 'M' 'M'
 'M' 'M' 'M' 'M' 'U' 'M' 'M' 'M' 'M' 'M' 'M' 'M' 'M' 'M' 'U' 'M' 'M' 'M'
 'M' 'M' 'M' 'M' 'M' 'A' 'A' 'A' 'A' 'U' 'A' 'A' 'U' 'M' 'M' 'M' 'M' 'M'
 'M' 'M' 'M' 'M' 'M' 'M' 'M' 'M' 'M' 'M' 'M' 'M' 'M' 'M' 'M' 'M' 'M' 'M'
 'M' 'U' 'M' 'M' 'M' 'M' 'M' 'M' 'M' 'M' 'M' 'U' 'U' 'M' 'M' 'M' 'M' 'M'
 'M' 'M' 'M' 'M' 'M' 'M' 'M' 'M' 'M' 'M' 'M' 'M' 'M' 'M' 'M' 'M' 'M' 'M']"
20201,0,188,9,179,10,0,0,"['A' 'M' 'M' 'M' 'M' 'M' 'M' 'M' 'M' 'M' 'M' 'M' 'U' 'M' 'M' 'M' 'M' 'M'
 'M' 'M' 'M' 'U' 'M' 'M' 'M' 'M' 'M' 'M' 'M' 'M' 'M' 'M' 'M' 'M' 'M' 'M'
 'M' 'M' 'M' 'M' 'M' 'U' 'M' 'M' 'M' 'U' 'U' 'M' 'M' 'M' 'U' 'M' 'M' 'M'
 'M' 'M' 'M' 'M' 'M' 'M' 'M' 'M' 'M' 'M' 'M' 'M' 'M' 'M' 'M' 'M' 'M' 'M'
 'M' 'M' 'M' 'M' 'U' 'M' 'M' 'M' 'M' 'M' 'M' 'M' 'M' 'M' 'M' 'M' 'M' 'M'
 'M' 'M' 'M' 'M' 'M' 'M' 'M' 'M' 'M' 'M' 'M' 'M' 'M' 'M' 'M' 'M' 'M' 'M'
 'M' 'M' 'M' 'M' 'M' 'M' 'M' 'M' 'M' 'M' 'M' 'U' 'M' 'M' 'U' 'M' 'M' 'M'
 'M' 'M' 'M' 'M' 'M' 'A' 'A' 'A' 'A' 'A' 'A' 'A' 'A' 'M' 'M' 'M' 'M' 'M'
 'M' 'M' 'M' 'M' 'M' 'M' 'M' 'M' 'M' 'M' 'M' 'M' 'M' 'M' 'M' 'M' 'M' 'M'
 'M' 'M' 'M' 'M' 'M' 'M' 'M' 'M' 'M' 'M' 'M' 'U' 'M' 'M' 'M' 'M' 'M' 'M'
 'M' 'M' 'M' 'M' 'M' 'M' 'M' 'M' 'M' 'M' 'M' 'M' 'M' 'M' 'M' 'M' 'M' 'M']"
20301,0,184,8,176,14,0,0,"['A' 'M' 'M' 'M' 'M' 'M' 'M' 'M' 'M' 'M' 'M' 'M' 'U' 'M' 'M' 'M' 'M' 'M'
 'M' 'M' 'M' 'A' 'M' 'M' 'M' 'M' 'M' 'M' 'M' 'M' 'M' 'M' 'M' 'M' 'M' 'M'
 'M' 'M' 'M' 'M' 'M' 'M' 'M' 'M' 'M' 'U' 'U' 'M' 'M' 'U' 'M' 'M' 'M' 'M'
 'M' 'M' 'M' 'M' 'M' 'M' 'M' 'M' 'M' 'M' 'M' 'M' 'M' 'M' 'M' 'M' 'M' 'M'
 'M' 'U' 'M' 'M' 'M' 'M' 'M' 'M' 'M' 'M' 'M' 'M' 'M' 'M' 'M' 'M' 'M' 'M'
 'M' 'M' 'M' 'M' 'M' 'M' 'M' 'M' 'M' 'M' 'M' 'U' 'M' 'M' 'M' 'M' 'M' 'M'
 'M' 'M' 'M' 'M' 'M' 'M' 'M' 'M' 'M' 'M' 'M' 'U' 'M' 'M' 'U' 'M' 'M' 'M'
 'M' 'M' 'M' 'M' 'M' 'U' 'A' 'A' 'A' 'A' 'U' 'A' 'A' 'M' 'U' 'M' 'M' 'M'
 'M' 'M' 'M' 'M' 'U' 'U' 'M' 'M' 'M' 'M' 'M' 'M' 'M' 'M' 'M' 'M' 'M' 'M'
 'M' 'M' 'M' 'M' 'M' 'M' 'M' 'M' 'M' 'M' 'M' 'U' 'M' 'M' 'M' 'M' 'M' 'M'
 'M' 'M' 'M' 'M' 'M' 'M' 'M' 'M' 'M' 'M' 'M' 'M' 'M' 'M' 'M' 'M' 'M' 'M']"
20401,0,184,8,176,14,0,0,"['A' 'M' 'M' 'M' 'M' 'U' 'M' 'M' 'M' 'M' 'M' 'M' 'U' 'M' 'M' 'M' 'U' 'M'
 'M' 'M' 'M' 'A' 'M' 'M' 'M' 'M' 'M' 'M' 'M' 'M' 'M' 'M' 'M' 'M' 'M' 'M'
 'M' 'M' 'M' 'M' 'M' 'M' 'M' 'M' 'M' 'M' 'U' 'M' 'M' 'U' 'M' 'M' 'M' 'M'
 'M' 'M' 'M' 'M' 'M' 'M' 'U' 'M' 'M' 'M' 'M' 'M' 'M' 'M' 'M' 'M' 'M' 'M'
 'M' 'M' 'M' 'M' 'M' 'M' 'M' 'M' 'U' 'M' 'M' 'M' 'M' 'M' 'M' 'M' 'M' 'M'
 'M' 'M' 'M' 'M' 'M' 'M' 'M' 'M' 'M' 'M' 'M' 'U' 'M' 'M' 'M' 'M' 'M' 'M'
 'M' 'M' 'M' 'M' 'M' 'M' 'M' 'M' 'M' 'M' 'M' 'U' 'U' 'M' 'U' 'M' 'M' 'M'
 'M' 'M' 'U' 'M' 'M' 'M' 'A' 'A' 'A' 'A' 'U' 'A' 'A' 'M' 'M' 'M' 'M' 'M'
 'M' 'M' 'M' 'M' 'M' 'M' 'M' 'M' 'M' 'M' 'M' 'M' 'M' 'M' 'M' 'M' 'M' 'M'
 'M' 'M' 'M' 'M' 'M' 'M' 'M' 'M' 'M' 'M' 'M' 'U' 'M' 'M' 'M' 'M' 'M' 'M'
 'M' 'M' 'M' 'M' 'M' 'M' 'M' 'M' 'M' 'M' 'M' 'M' 'M' 'M' 'M' 'M' 'M' 'M']"
20501,0,186,7,179,12,0,0,"['A' 'M' 'M' 'M' 'M' 'M' 'M' 'M' 'M' 'M' 'M' 'M' 'U' 'M' 'M' 'M' 'U' 'M'
 'M' 'M' 'M' 'A' 'M' 'U' 'M' 'M' 'M' 'M' 'M' 'M' 'M' 'M' 'M' 'M' 'M' 'M'
 'M' 'M' 'M' 'M' 'M' 'M' 'M' 'M' 'M' 'M' 'M' 'M' 'M' 'U' 'M' 'M' 'M' 'M'
 'M' 'M' 'M' 'M' 'M' 'M' 'M' 'M' 'M' 'M' 'M' 'M' 'M' 'M' 'M' 'M' 'M' 'M'
 'M' 'M' 'M' 'M' 'M' 'M' 'M' 'M' 'M' 'M' 'M' 'U' 'M' 'M' 'M' 'M' 'M' 'M'
 'M' 'M' 'M' 'M' 'M' 'M' 'M' 'M' 'M' 'M' 'M' 'M' 'M' 'M' 'M' 'M' 'M' 'M'
 'M' 'M' 'M' 'M' 'M' 'M' 'M' 'M' 'M' 'U' 'M' 'M' 'M' 'M' 'U' 'M' 'M' 'M'
 'M' 'M' 'M' 'M' 'M' 'M' 'A' 'A' 'A' 'A' 'U' 'A' 'U' 'M' 'M' 'M' 'M' 'M'
 'U' 'M' 'M' 'M' 'M' 'U' 'M' 'M' 'M' 'M' 'M' 'M' 'M' 'M' 'M' 'M' 'M' 'M'
 'M' 'M' 'M' 'M' 'M' 'M' 'M' 'M' 'M' 'M' 'M' 'U' 'M' 'M' 'M' 'M' 'M' 'M'
 'M' 'M' 'M' 'M' 'M' 'M' 'M' 'M' 'M' 'M' 'M' 'M' 'M' 'M' 'M' 'M' 'M' 'M']"
20601,0,183,5,178,15,0,0,"['A' 'M' 'M' 'M' 'M' 'M' 'M' 'M' 'M' 'M' 'M' 'M' 'U' 'M' 'M' 'M' 'M' 'M'
 'M' 'M' 'M' 'A' 'M' 'M' 'M' 'M' 'M' 'M' 'M' 'M' 'M' 'M' 'M' 'M' 'M' 'M'
 'M' 'M' 'M' 'M' 'M' 'M' 'M' 'M' 'M' 'M' 'M' 'M' 'M' 'U' 'M' 'M' 'M' 'M'
 'M' 'M' 'M' 'M' 'M' 'M' 'M' 'M' 'M' 'M' 'M' 'M' 'M' 'M' 'M' 'M' 'M' 'M'
 'M' 'M' 'M' 'M' 'M' 'U' 'M' 'M' 'M' 'M' 'M' 'M' 'M' 'M' 'M' 'M' 'M' 'M'
 'M' 'M' 'M' 'M' 'M' 'M' 'M' 'M' 'M' 'M' 'M' 'M' 'M' 'M' 'M' 'M' 'M' 'M'
 'M' 'M' 'M' 'M' 'M' 'M' 'M' 'M' 'M' 'U' 'M' 'M' 'M' 'U' 'U' 'M' 'M' 'M'
 'M' 'U' 'M' 'M' 'M' 'M' 'U' 'A' 'A' 'U' 'U' 'A' 'U' 'M' 'M' 'M' 'M' 'M'
 'U' 'M' 'M' 'M' 'M' 'U' 'M' 'M' 'M' 'M' 'M' 'M' 'M' 'M' 'M' 'M' 'M' 'M'
 'M' 'M' 'M' 'M' 'M' 'M' 'M' 'U' 'M' 'M' 'M' 'U' 'M' 'M' 'M' 'M' 'M' 'M'
 'M' 'M' 'M' 'M' 'M' 'M' 'M' 'M' 'M' 'M' 'M' 'M' 'M' 'M' 'M' 'M' 'M' 'M']"
20701,0,184,3,181,14,0,0,"['A' 'M' 'M' 'M' 'M' 'M' 'M' 'M' 'M' 'M' 'M' 'M' 'M' 'M' 'M' 'M' 'M' 'U'
 'M' 'M' 'M' 'A' 'M' 'M' 'M' 'M' 'M' 'M' 'M' 'M' 'M' 'M' 'M' 'M' 'M' 'M'
 'M' 'M' 'M' 'M' 'M' 'M' 'M' 'M' 'M' 'M' 'M' 'M' 'M' 'U' 'M' 'M' 'M' 'M'
 'M' 'M' 'M' 'M' 'M' 'M' 'M' 'M' 'M' 'M' 'M' 'M' 'M' 'M' 'M' 'M' 'M' 'M'
 'M' 'M' 'M' 'M' 'M' 'M' 'M' 'M' 'U' 'M' 'M' 'M' 'M' 'M' 'M' 'M' 'M' 'M'
 'M' 'M' 'M' 'M' 'M' 'M' 'M' 'M' 'M' 'M' 'M' 'M' 'M' 'M' 'M' 'M' 'M' 'M'
 'M' 'M' 'M' 'M' 'M' 'M' 'M' 'M' 'M' 'U' 'M' 'M' 'M' 'M' 'U' 'M' 'M' 'M'
 'M' 'M' 'M' 'M' 'M' 'M' 'U' 'U' 'U' 'U' 'M' 'A' 'U' 'M' 'M' 'U' 'M' 'M'
 'M' 'M' 'M' 'M' 'M' 'U' 'M' 'M' 'M' 'M' 'M' 'M' 'M' 'M' 'M' 'M' 'M' 'M'
 'M' 'M' 'M' 'M' 'U' 'M' 'M' 'M' 'M' 'M' 'M' 'U' 'M' 'M' 'M' 'M' 'M' 'M'
 'M' 'M' 'M' 'M' 'M' 'M' 'M' 'M' 'M' 'M' 'M' 'M' 'M' 'M' 'M' 'M' 'M' 'M']"
20801,0,188,9,179,10,0,0,"['A' 'M' 'M' 'M' 'M' 'M' 'M' 'M' 'M' 'M' 'M' 'M' 'M' 'M' 'M' 'M' 'M' 'U'
 'M' 'M' 'M' 'A' 'M' 'M' 'M' 'M' 'M' 'M' 'M' 'M' 'M' 'M' 'M' 'M' 'M' 'M'
 'M' 'M' 'M' 'M' 'M' 'M' 'M' 'M' 'M' 'M' 'U' 'M' 'M' 'U' 'M' 'M' 'M' 'M'
 'M' 'M' 'M' 'M' 'M' 'M' 'M' 'M' 'M' 'M' 'M' 'M' 'M' 'M' 'M' 'M' 'U' 'M'
 'M' 'M' 'M' 'M' 'M' 'M' 'M' 'M' 'M' 'M' 'M' 'M' 'M' 'M' 'M' 'M' 'M' 'M'
 'M' 'M' 'M' 'M' 'M' 'M' 'M' 'M' 'M' 'M' 'U' 'M' 'M' 'M' 'M' 'M' 'M' 'M'
 'M' 'M' 'M' 'M' 'M' 'M' 'M' 'M' 'M' 'M' 'M' 'M' 'M' 'M' 'M' 'M' 'M' 'M'
 'M' 'M' 'M' 'M' 'M' 'A' 'U' 'A' 'A' 'A' 'A' 'A' 'A' 'M' 'M' 'U' 'M' 'M'
 'M' 'M' 'M' 'M' 'M' 'M' 'M' 'M' 'M' 'U' 'M' 'M' 'M' 'M' 'M' 'M' 'M' 'M'
 'M' 'M' 'M' 'M' 'U' 'M' 'M' 'M' 'M' 'M' 'M' 'M' 'M' 'M' 'M' 'M' 'U' 'M'
 'M' 'M' 'M' 'M' 'M' 'M' 'M' 'M' 'M' 'M' 'M' 'M' 'M' 'M' 'M' 'M' 'M' 'M']"
20901,1,187,11,176,11,0,1,"['A' 'M' 'M' 'M' 'M' 'M' 'M' 'M' 'M' 'M' 'M' 'M' 'M' 'M' 'M' 'M' 'M' 'U'
 'M' 'M' 'M' 'A' 'M' 'M' 'M' 'M' 'M' 'M' 'M' 'M' 'U' 'M' 'M' 'M' 'U' 'M'
 'M' 'M' 'U' 'M' 'M' 'M' 'M' 'M' 'M' 'M' 'U' 'M' 'M' 'U' 'M' 'M' 'M' 'M'
 'M' 'M' 'M' 'M' 'M' 'M' 'M' 'M' 'M' 'M' 'M' 'U' 'M' 'M' 'M' 'M' 'M' 'M'
 'M' 'M' 'M' 'M' 'M' 'M' 'M' 'M' 'M' 'M' 'M' 'M' 'M' 'M' 'M' 'M' 'M' 'M'
 'M' 'M' 'M' 'M' 'M' 'M' 'M' 'M' 'M' 'M' 'U' 'M' 'M' 'M' 'M' 'M' 'M' 'M'
 'M' 'M' 'M' 'M' 'M' 'M' 'M' 'M' 'M' 'M' 'M' 'M' 'M' 'M' 'A' 'M' 'M' 'M'
 'M' 'M' 'M' 'M' 'M' 'A' 'A' 'A' 'A' 'A' 'A' 'A' 'A' 'M' 'M' 'M' 'M' 'M'
 'M' 'M' 'M' 'M' 'U' 'M' 'M' 'M' 'M' 'M' 'M' 'M' 'M' 'M' 'U' 'M' 'M' 'M'
 'M' 'M' 'M' 'M' 'M' 'M' 'M' 'M' 'M' 'U' 'M' 'M' 'M' 'M' 'M' 'M' 'M' 'M'
 'M' 'M' 'M' 'M' 'M' 'M' 'M' 'M' 'M' 'M' 'M' 'M' 'M' 'M' 'M' 'M' 'M' 'M']"
21001,0,185,9,176,13,0,0,"['A' 'M' 'M' 'M' 'M' 'M' 'M' 'M' 'M' 'M' 'M' 'M' 'M' 'M' 'M' 'M' 'M' 'U'
 'M' 'M' 'M' 'A' 'M' 'M' 'M' 'M' 'M' 'M' 'M' 'M' 'U' 'M' 'M' 'M' 'U' 'M'
 'M' 'M' 'U' 'M' 'M' 'M' 'M' 'M' 'M' 'M' 'U' 'M' 'M' 'U' 'M' 'M' 'M' 'M'
 'M' 'M' 'M' 'M' 'M' 'M' 'M' 'M' 'M' 'M' 'M' 'M' 'M' 'M' 'M' 'M' 'M' 'M'
 'M' 'M' 'M' 'M' 'M' 'M' 'M' 'M' 'M' 'M' 'M' 'M' 'M' 'U' 'M' 'M' 'M' 'M'
 'M' 'M' 'M' 'M' 'M' 'M' 'M' 'M' 'M' 'M' 'M' 'M' 'M' 'M' 'M' 'M' 'M' 'M'
 'M' 'M' 'M' 'M' 'M' 'M' 'M' 'M' 'U' 'M' 'M' 'M' 'M' 'M' 'A' 'M' 'M' 'M'
 'M' 'M' 'M' 'M' 'M' 'A' 'A' 'A' 'A' 'U' 'U' 'A' 'A' 'M' 'M' 'M' 'M' 'M'
 'M' 'M' 'M' 'M' 'U' 'M' 'M' 'M' 'M' 'M' 'M' 'M' 'M' 'M' 'M' 'M' 'U' 'M'
 'M' 'M' 'M' 'M' 'M' 'M' 'M' 'M' 'M' 'U' 'M' 'M' 'M' 'M' 'M' 'M' 'M' 'M'
 'M' 'M' 'M' 'M' 'M' 'M' 'M' 'M' 'M' 'M' 'M' 'M' 'M' 'M' 'M' 'M' 'M' 'M']"
21101,1,181,6,175,17,0,1,"['A' 'M' 'M' 'M' 'M' 'M' 'M' 'M' 'M' 'U' 'M' 'M' 'M' 'M' 'M' 'M' 'M' 'U'
 'M' 'M' 'M' 'U' 'M' 'M' 'M' 'M' 'M' 'M' 'M' 'M' 'U' 'M' 'M' 'M' 'M' 'M'
 'M' 'M' 'U' 'M' 'M' 'M' 'M' 'M' 'M' 'M' 'U' 'M' 'M' 'U' 'M' 'M' 'M' 'M'
 'M' 'M' 'M' 'M' 'M' 'M' 'M' 'M' 'M' 'M' 'M' 'M' 'M' 'M' 'U' 'M' 'M' 'M'
 'M' 'M' 'M' 'M' 'M' 'M' 'M' 'M' 'M' 'M' 'M' 'M' 'M' 'M' 'M' 'M' 'M' 'M'
 'M' 'M' 'M' 'M' 'M' 'M' 'M' 'M' 'M' 'M' 'M' 'M' 'M' 'M' 'M' 'M' 'M' 'M'
 'M' 'M' 'M' 'M' 'M' 'M' 'M' 'M' 'M' 'M' 'M' 'M' 'M' 'M' 'A' 'M' 'M' 'M'
 'M' 'M' 'M' 'M' 'M' 'A' 'A' 'A' 'U' 'A' 'U' 'U' 'U' 'M' 'M' 'M' 'M' 'M'
 'M' 'M' 'M' 'M' 'U' 'U' 'M' 'M' 'M' 'M' 'M' 'M' 'M' 'M' 'M' 'M' 'U' 'M'
 'M' 'M' 'M' 'M' 'M' 'M' 'M' 'M' 'M' 'U' 'M' 'M' 'M' 'M' 'M' 'M' 'M' 'M'
 'M' 'M' 'M' 'U' 'M' 'M' 'M' 'M' 'M' 'M' 'M' 'M' 'M' 'M' 'M' 'M' 'M' 'M']"
21201,0,186,10,176,12,0,0,"['A' 'M' 'M' 'M' 'M' 'M' 'M' 'M' 'M' 'U' 'M' 'M' 'M' 'M' 'M' 'M' 'M' 'A'
 'M' 'M' 'M' 'M' 'M' 'M' 'M' 'M' 'M' 'M' 'M' 'M' 'M' 'M' 'M' 'M' 'M' 'M'
 'M' 'M' 'U' 'M' 'M' 'M' 'M' 'M' 'M' 'M' 'M' 'M' 'M' 'M' 'M' 'M' 'M' 'M'
 'M' 'M' 'M' 'M' 'M' 'M' 'M' 'M' 'M' 'M' 'M' 'M' 'M' 'M' 'U' 'M' 'M' 'M'
 'M' 'M' 'M' 'M' 'M' 'M' 'M' 'M' 'M' 'M' 'M' 'M' 'M' 'M' 'M' 'M' 'M' 'M'
 'M' 'M' 'M' 'M' 'M' 'M' 'M' 'M' 'M' 'M' 'M' 'M' 'M' 'M' 'M' 'M' 'M' 'M'
 'M' 'M' 'M' 'M' 'M' 'M' 'M' 'M' 'M' 'M' 'M' 'M' 'M' 'M' 'A' 'M' 'M' 'M'
 'M' 'M' 'M' 'M' 'M' 'A' 'U' 'A' 'A' 'A' 'A' 'A' 'U' 'M' 'M' 'M' 'M' 'M'
 'M' 'M' 'M' 'U' 'U' 'M' 'M' 'M' 'M' 'M' 'M' 'M' 'M' 'M' 'M' 'M' 'U' 'M'
 'M' 'A' 'U' 'M' 'M' 'M' 'M' 'M' 'M' 'U' 'M' 'M' 'M' 'M' 'M' 'M' 'M' 'M'
 'M' 'M' 'M' 'U' 'M' 'M' 'U' 'M' 'M' 'M' 'M' 'M' 'M' 'M' 'M' 'M' 'M' 'M']"
21301,0,184,11,173,14,0,0,"['A' 'M' 'M' 'M' 'M' 'M' 'M' 'U' 'M' 'U' 'M' 'M' 'M' 'M' 'M' 'M' 'M' 'A'
 'M' 'U' 'M' 'M' 'M' 'M' 'M' 'M' 'M' 'M' 'M' 'M' 'M' 'M' 'M' 'M' 'M' 'M'
 'M' 'M' 'U' 'M' 'M' 'M' 'M' 'M' 'M' 'M' 'M' 'M' 'M' 'M' 'M' 'M' 'M' 'M'
 'M' 'M' 'M' 'M' 'M' 'M' 'M' 'M' 'M' 'M' 'M' 'M' 'M' 'M' 'M' 'M' 'M' 'M'
 'M' 'U' 'M' 'M' 'M' 'M' 'M' 'M' 'M' 'M' 'M' 'M' 'M' 'M' 'M' 'M' 'M' 'M'
 'M' 'M' 'M' 'M' 'M' 'M' 'M' 'M' 'M' 'M' 'M' 'M' 'M' 'M' 'M' 'M' 'M' 'M'
 'M' 'M' 'M' 'M' 'M' 'M' 'M' 'M' 'M' 'M' 'M' 'M' 'M' 'M' 'A' 'M' 'M' 'M'
 'M' 'M' 'M' 'M' 'M' 'A' 'A' 'A' 'A' 'A' 'A' 'A' 'A' 'M' 'M' 'M' 'U' 'M'
 'M' 'M' 'U' 'M' 'M' 'M' 'M' 'M' 'M' 'M' 'M' 'M' 'M' 'M' 'M' 'U' 'M' 'M'
 'M' 'U' 'U' 'M' 'M' 'M' 'M' 'M' 'M' 'U' 'U' 'M' 'M' 'M' 'M' 'M' 'M' 'M'
 'M' 'M' 'M' 'U' 'M' 'M' 'M' 'M' 'M' 'M' 'U' 'M' 'M' 'M' 'M' 'M' 'M' 'M']"
21401,0,183,9,174,15,0,0,"['A' 'M' 'M' 'M' 'M' 'M' 'M' 'M' 'M' 'U' 'M' 'M' 'M' 'M' 'M' 'M' 'M' 'A'
 'M' 'M' 'M' 'M' 'M' 'M' 'M' 'M' 'M' 'M' 'M' 'M' 'M' 'M' 'M' 'M' 'M' 'M'
 'M' 'M' 'U' 'M' 'M' 'M' 'M' 'M' 'M' 'M' 'M' 'M' 'M' 'M' 'M' 'M' 'M' 'M'
 'M' 'U' 'M' 'M' 'M' 'M' 'M' 'M' 'M' 'M' 'M' 'M' 'M' 'M' 'M' 'M' 'M' 'M'
 'M' 'M' 'M' 'M' 'M' 'M' 'M' 'M' 'M' 'M' 'M' 'M' 'M' 'M' 'M' 'M' 'M' 'M'
 'M' 'M' 'M' 'M' 'U' 'M' 'M' 'M' 'M' 'M' 'M' 'M' 'U' 'M' 'M' 'M' 'M' 'M'
 'M' 'M' 'M' 'M' 'M' 'M' 'M' 'M' 'M' 'M' 'M' 'M' 'M' 'M' 'A' 'M' 'M' 'M'
 'M' 'M' 'M' 'M' 'M' 'U' 'A' 'A' 'A' 'U' 'A' 'A' 'A' 'M' 'M' 'M' 'U' 'M'
 'M' 'M' 'U' 'M' 'M' 'M' 'M' 'M' 'M' 'M' 'M' 'M' 'M' 'M' 'M' 'U' 'M' 'M'
 'M' 'U' 'U' 'M' 'M' 'M' 'M' 'M' 'M' 'U' 'U' 'M' 'M' 'M' 'M' 'M' 'M' 'M'
 'M' 'M' 'M' 'M' 'M' 'M' 'M' 'M' 'M' 'M' 'M' 'M' 'U' 'M' 'M' 'M' 'M' 'M']"
21501,0,184,7,177,14,0,0,"['A' 'M' 'M' 'M' 'M' 'M' 'M' 'M' 'M' 'M' 'M' 'M' 'M' 'M' 'M' 'M' 'M' 'A'
 'M' 'M' 'M' 'M' 'M' 'U' 'M' 'M' 'M' 'M' 'M' 'M' 'M' 'U' 'M' 'M' 'M' 'M'
 'M' 'M' 'M' 'M' 'M' 'M' 'M' 'M' 'M' 'M' 'M' 'M' 'M' 'M' 'M' 'M' 'M' 'M'
 'M' 'M' 'M' 'M' 'M' 'M' 'M' 'M' 'M' 'M' 'M' 'M' 'M' 'M' 'M' 'M' 'M' 'M'
 'M' 'M' 'M' 'M' 'M' 'M' 'M' 'U' 'M' 'M' 'M' 'M' 'M' 'M' 'M' 'M' 'M' 'M'
 'M' 'M' 'M' 'M' 'M' 'M' 'M' 'M' 'M' 'M' 'M' 'M' 'M' 'M' 'M' 'M' 'M' 'M'
 'M' 'M' 'M' 'M' 'M' 'M' 'M' 'M' 'M' 'M' 'M' 'M' 'M' 'M' 'A' 'M' 'M' 'U'
 'M' 'M' 'M' 'M' 'M' 'U' 'A' 'U' 'U' 'M' 'A' 'A' 'A' 'M' 'M' 'M' 'U' 'M'
 'M' 'M' 'M' 'M' 'M' 'M' 'M' 'M' 'M' 'M' 'M' 'M' 'M' 'M' 'U' 'U' 'M' 'M'
 'M' 'U' 'M' 'M' 'M' 'M' 'M' 'M' 'M' 'U' 'M' 'M' 'M' 'M' 'M' 'M' 'M' 'M'
 'M' 'M' 'M' 'M' 'M' 'M' 'M' 'M' 'M' 'M' 'M' 'M' 'U' 'M' 'U' 'M' 'M' 'M']"
21601,0,182,5,177,16,0,0,"['A' 'M' 'M' 'M' 'M' 'M' 'M' 'M' 'M' 'M' 'M' 'M' 'M' 'M' 'M' 'M' 'M' 'A'
 'M' 'M' 'M' 'M' 'M' 'U' 'M' 'M' 'M' 'M' 'M' 'M' 'M' 'M' 'M' 'M' 'M' 'M'
 'M' 'M' 'M' 'M' 'M' 'M' 'M' 'M' 'U' 'M' 'M' 'M' 'M' 'M' 'M' 'M' 'M' 'M'
 'M' 'M' 'U' 'M' 'M' 'M' 'M' 'M' 'M' 'M' 'M' 'M' 'M' 'M' 'M' 'M' 'M' 'M'
 'M' 'M' 'M' 'M' 'M' 'M' 'M' 'M' 'M' 'M' 'M' 'M' 'M' 'M' 'M' 'M' 'M' 'M'
 'M' 'U' 'M' 'M' 'M' 'M' 'M' 'M' 'M' 'M' 'M' 'U' 'M' 'M' 'M' 'M' 'M' 'M'
 'M' 'M' 'M' 'M' 'M' 'M' 'M' 'M' 'M' 'M' 'M' 'M' 'M' 'M' 'U' 'M' 'M' 'U'
 'M' 'M' 'M' 'M' 'M' 'M' 'A' 'U' 'U' 'M' 'A' 'U' 'A' 'M' 'M' 'M' 'U' 'M'
 'M' 'M' 'M' 'M' 'M' 'M' 'M' 'M' 'M' 'M' 'M' 'M' 'M' 'M' 'M' 'U' 'M' 'M'
 'M' 'M' 'U' 'M' 'M' 'M' 'M' 'M' 'M' 'U' 'M' 'M' 'M' 'M' 'M' 'M' 'M' 'M'
 'M' 'M' 'M' 'U' 'M' 'M' 'M' 'M' 'M' 'M' 'M' 'M' 'M' 'M' 'U' 'M' 'M' 'M']"
21701,0,180,4,176,18,0,0,"['A' 'M' 'M' 'M' 'M' 'M' 'M' 'M' 'M' 'M' 'M' 'M' 'M' 'M' 'M' 'M' 'M' 'A'
 'M' 'M' 'M' 'M' 'M' 'M' 'M' 'M' 'M' 'M' 'M' 'M' 'M' 'M' 'M' 'M' 'M' 'M'
 'M' 'M' 'M' 'M' 'M' 'M' 'M' 'M' 'U' 'M' 'M' 'M' 'M' 'M' 'M' 'M' 'M' 'M'
 'M' 'M' 'U' 'M' 'M' 'M' 'U' 'M' 'M' 'M' 'M' 'M' 'M' 'M' 'M' 'M' 'M' 'M'
 'M' 'M' 'M' 'M' 'M' 'M' 'M' 'M' 'M' 'M' 'M' 'U' 'M' 'M' 'M' 'M' 'M' 'M'
 'M' 'M' 'M' 'M' 'M' 'M' 'M' 'M' 'M' 'M' 'M' 'U' 'M' 'M' 'M' 'M' 'M' 'M'
 'M' 'M' 'M' 'M' 'M' 'M' 'M' 'M' 'M' 'U' 'M' 'M' 'M' 'M' 'U' 'M' 'M' 'U'
 'M' 'M' 'M' 'M' 'M' 'M' 'A' 'M' 'U' 'M' 'A' 'U' 'U' 'M' 'M' 'M' 'M' 'M'
 'M' 'M' 'M' 'M' 'M' 'M' 'M' 'M' 'M' 'M' 'M' 'M' 'M' 'M' 'M' 'U' 'M' 'M'
 'M' 'M' 'U' 'M' 'M' 'M' 'M' 'M' 'U' 'U' 'M' 'M' 'M' 'M' 'M' 'M' 'M' 'M'
 'M' 'M' 'M' 'M' 'M' 'M' 'M' 'M' 'M' 'M' 'U' 'M' 'M' 'M' 'U' 'M' 'M' 'U']"
21801,0,187,9,178,11,0,0,"['A' 'M' 'M' 'M' 'M' 'M' 'M' 'M' 'M' 'M' 'M' 'M' 'M' 'M' 'M' 'M' 'M' 'A'
 'M' 'M' 'M' 'M' 'M' 'M' 'M' 'M' 'M' 'M' 'M' 'U' 'M' 'M' 'M' 'M' 'M' 'M'
 'M' 'M' 'M' 'M' 'M' 'M' 'M' 'M' 'M' 'M' 'M' 'M' 'M' 'M' 'M' 'M' 'M' 'M'
 'M' 'M' 'U' 'M' 'M' 'M' 'U' 'M' 'M' 'M' 'M' 'M' 'M' 'M' 'M' 'M' 'M' 'M'
 'M' 'M' 'M' 'M' 'M' 'U' 'M' 'M' 'M' 'M' 'M' 'M' 'M' 'M' 'M' 'M' 'M' 'M'
 'M' 'M' 'M' 'M' 'M' 'M' 'M' 'M' 'M' 'M' 'M' 'U' 'M' 'M' 'M' 'M' 'M' 'M'
 'M' 'M' 'M' 'M' 'M' 'M' 'M' 'M' 'M' 'M' 'M' 'M' 'M' 'M' 'U' 'M' 'M' 'M'
 'M' 'M' 'M' 'M' 'M' 'A' 'A' 'A' 'M' 'A' 'A' 'A' 'A' 'M' 'M' 'M' 'M' 'M'
 'M' 'M' 'M' 'M' 'U' 'M' 'M' 'M' 'M' 'M' 'M' 'M' 'M' 'M' 'M' 'U' 'M' 'M'
 'M' 'M' 'M' 'M' 'M' 'M' 'M' 'M' 'M' 'U' 'M' 'M' 'M' 'M' 'M' 'M' 'M' 'M'
 'M' 'M' 'M' 'M' 'M' 'M' 'M' 'M' 'M' 'M' 'U' 'M' 'M' 'M' 'U' 'M' 'M' 'M']"
21901,0,190,9,181,8,0,0,"['A' 'M' 'M' 'M' 'M' 'M' 'M' 'M' 'M' 'M' 'M' 'M' 'M' 'M' 'M' 'M' 'M' 'A'
 'M' 'M' 'M' 'M' 'M' 'M' 'M' 'M' 'M' 'M' 'U' 'M' 'M' 'M' 'M' 'M' 'M' 'M'
 'M' 'M' 'M' 'M' 'M' 'M' 'M' 'U' 'M' 'M' 'M' 'M' 'M' 'M' 'M' 'M' 'M' 'M'
 'M' 'M' 'M' 'M' 'M' 'M' 'M' 'M' 'M' 'M' 'M' 'M' 'M' 'M' 'M' 'M' 'M' 'M'
 'M' 'M' 'M' 'M' 'U' 'M' 'M' 'M' 'M' 'M' 'M' 'M' 'M' 'M' 'M' 'M' 'M' 'M'
 'M' 'M' 'M' 'M' 'M' 'M' 'M' 'M' 'M' 'M' 'M' 'M' 'M' 'M' 'M' 'M' 'M' 'U'
 'M' 'M' 'M' 'M' 'M' 'M' 'M' 'M' 'M' 'M' 'M' 'M' 'M' 'M' 'M' 'M' 'M' 'M'
 'M' 'M' 'M' 'M' 'M' 'A' 'A' 'A' 'A' 'A' 'A' 'U' 'A' 'M' 'M' 'M' 'M' 'M'
 'M' 'M' 'M' 'M' 'U' 'M' 'M' 'M' 'M' 'M' 'M' 'M' 'M' 'M' 'M' 'M' 'M' 'M'
 'M' 'M' 'M' 'M' 'M' 'M' 'M' 'M' 'M' 'U' 'M' 'M' 'M' 'M' 'M' 'M' 'M' 'M'
 'M' 'M' 'M' 'M' 'M' 'M' 'M' 'M' 'M' 'M' 'M' 'M' 'M' 'M' 'U' 'M' 'M' 'M']"
22001,0,194,8,186,4,0,0,"['A' 'M' 'M' 'M' 'M' 'M' 'M' 'M' 'M' 'M' 'M' 'M' 'M' 'M' 'M' 'M' 'M' 'U'
 'M' 'M' 'M' 'M' 'M' 'M' 'M' 'M' 'M' 'M' 'M' 'M' 'M' 'M' 'M' 'M' 'M' 'M'
 'M' 'M' 'M' 'M' 'M' 'M' 'M' 'M' 'M' 'M' 'M' 'M' 'M' 'M' 'M' 'M' 'M' 'M'
 'M' 'M' 'M' 'M' 'M' 'M' 'M' 'M' 'M' 'M' 'M' 'M' 'M' 'M' 'M' 'M' 'M' 'M'
 'M' 'M' 'M' 'M' 'M' 'M' 'M' 'M' 'M' 'M' 'M' 'M' 'M' 'M' 'M' 'M' 'M' 'M'
 'M' 'M' 'M' 'M' 'U' 'M' 'M' 'M' 'M' 'M' 'M' 'M' 'M' 'M' 'M' 'M' 'M' 'M'
 'M' 'M' 'M' 'M' 'M' 'M' 'M' 'M' 'M' 'M' 'M' 'M' 'M' 'M' 'M' 'M' 'M' 'M'
 'M' 'M' 'M' 'M' 'M' 'A' 'A' 'A' 'A' 'A' 'A' 'U' 'A' 'M' 'M' 'M' 'M' 'M'
 'M' 'M' 'M' 'M' 'M' 'M' 'M' 'M' 'M' 'M' 'M' 'M' 'M' 'M' 'M' 'M' 'M' 'M'
 'M' 'M' 'M' 'M' 'M' 'M' 'M' 'M' 'M' 'U' 'M' 'M' 'M' 'M' 'M' 'M' 'M' 'M'
 'M' 'M' 'M' 'M' 'M' 'M' 'M' 'M' 'M' 'M' 'M' 'M' 'M' 'M' 'M' 'M' 'M' 'M']"
22101,0,189,10,179,9,0,1,"['A' 'M' 'M' 'M' 'M' 'U' 'M' 'M' 'M' 'M' 'M' 'M' 'M' 'U' 'M' 'M' 'M' 'M'
 'M' 'M' 'M' 'M' 'M' 'M' 'M' 'M' 'M' 'M' 'M' 'M' 'M' 'M' 'M' 'M' 'M' 'M'
 'M' 'M' 'M' 'M' 'M' 'M' 'U' 'M' 'M' 'M' 'M' 'M' 'M' 'M' 'M' 'M' 'M' 'M'
 'M' 'M' 'M' 'M' 'M' 'M' 'M' 'M' 'M' 'M' 'M' 'M' 'U' 'M' 'M' 'M' 'M' 'M'
 'M' 'M' 'M' 'M' 'M' 'M' 'M' 'M' 'M' 'M' 'M' 'M' 'M' 'M' 'M' 'M' 'M' 'M'
 'M' 'M' 'M' 'M' 'M' 'M' 'M' 'M' 'A' 'M' 'M' 'M' 'M' 'M' 'M' 'M' 'M' 'M'
 'M' 'M' 'M' 'U' 'M' 'M' 'M' 'U' 'M' 'M' 'M' 'U' 'M' 'M' 'M' 'M' 'M' 'M'
 'M' 'M' 'M' 'M' 'M' 'A' 'A' 'A' 'A' 'A' 'A' 'A' 'A' 'M' 'M' 'M' 'M' 'U'
 'M' 'M' 'M' 'M' 'M' 'M' 'M' 'M' 'M' 'M' 'M' 'M' 'M' 'M' 'M' 'M' 'M' 'M'
 'M' 'M' 'M' 'M' 'M' 'M' 'M' 'M' 'M' 'M' 'M' 'M' 'M' 'M' 'M' 'M' 'M' 'M'
 'M' 'M' 'M' 'M' 'M' 'M' 'M' 'M' 'M' 'M' 'M' 'U' 'M' 'M' 'M' 'M' 'M' 'M']"
22201,0,190,10,180,8,0,0,"['A' 'M' 'M' 'M' 'M' 'M' 'M' 'M' 'M' 'M' 'M' 'M' 'M' 'U' 'M' 'M' 'M' 'M'
 'M' 'M' 'M' 'M' 'M' 'M' 'M' 'M' 'M' 'M' 'M' 'M' 'M' 'M' 'M' 'M' 'M' 'M'
 'M' 'M' 'M' 'M' 'M' 'M' 'M' 'M' 'M' 'M' 'M' 'M' 'M' 'M' 'M' 'M' 'M' 'M'
 'M' 'M' 'M' 'M' 'M' 'M' 'M' 'M' 'U' 'M' 'M' 'M' 'M' 'M' 'M' 'M' 'M' 'M'
 'M' 'M' 'M' 'M' 'M' 'M' 'M' 'M' 'M' 'M' 'M' 'M' 'M' 'U' 'M' 'M' 'M' 'M'
 'M' 'M' 'M' 'M' 'M' 'M' 'M' 'M' 'A' 'M' 'M' 'M' 'M' 'M' 'M' 'M' 'M' 'M'
 'M' 'M' 'M' 'M' 'M' 'M' 'M' 'U' 'M' 'M' 'M' 'U' 'M' 'M' 'M' 'M' 'M' 'M'
 'M' 'M' 'M' 'M' 'M' 'A' 'A' 'A' 'A' 'A' 'A' 'A' 'A' 'M' 'M' 'M' 'M' 'M'
 'M' 'M' 'M' 'M' 'M' 'M' 'M' 'M' 'U' 'M' 'M' 'M' 'M' 'M' 'M' 'M' 'M' 'M'
 'M' 'M' 'M' 'U' 'M' 'M' 'M' 'M' 'M' 'M' 'M' 'M' 'M' 'M' 'M' 'M' 'M' 'M'
 'M' 'M' 'M' 'M' 'M' 'M' 'M' 'M' 'M' 'M' 'M' 'U' 'M' 'M' 'M' 'M' 'M' 'M']"
22301,0,185,9,176,13,0,0,"['A' 'M' 'M' 'M' 'M' 'M' 'M' 'M' 'M' 'M' 'M' 'M' 'M' 'M' 'M' 'M' 'M' 'M'
 'M' 'M' 'M' 'M' 'M' 'M' 'M' 'M' 'M' 'M' 'M' 'M' 'M' 'M' 'M' 'M' 'M' 'M'
 'M' 'M' 'M' 'M' 'U' 'M' 'M' 'M' 'M' 'M' 'M' 'M' 'M' 'M' 'M' 'M' 'M' 'M'
 'M' 'M' 'M' 'M' 'M' 'M' 'M' 'M' 'U' 'M' 'M' 'M' 'M' 'U' 'M' 'M' 'M' 'M'
 'M' 'M' 'M' 'M' 'M' 'M' 'M' 'M' 'M' 'M' 'M' 'M' 'M' 'M' 'M' 'M' 'M' 'M'
 'M' 'M' 'M' 'M' 'M' 'M' 'M' 'M' 'A' 'M' 'M' 'M' 'M' 'M' 'M' 'M' 'M' 'M'
 'M' 'M' 'M' 'M' 'M' 'M' 'M' 'U' 'M' 'M' 'M' 'U' 'M' 'M' 'M' 'M' 'M' 'M'
 'M' 'M' 'M' 'M' 'M' 'A' 'A' 'A' 'A' 'U' 'A' 'A' 'A' 'M' 'M' 'M' 'M' 'U'
 'M' 'M' 'M' 'M' 'M' 'M' 'M' 'M' 'U' 'M' 'M' 'M' 'M' 'U' 'M' 'M' 'M' 'M'
 'M' 'M' 'M' 'U' 'M' 'M' 'M' 'M' 'M' 'M' 'M' 'M' 'M' 'M' 'U' 'M' 'M' 'M'
 'M' 'M' 'M' 'M' 'M' 'U' 'M' 'M' 'M' 'M' 'M' 'U' 'M' 'M' 'M' 'M' 'M' 'M']"
22401,0,186,7,179,12,0,0,"['A' 'M' 'M' 'M' 'M' 'M' 'M' 'M' 'M' 'M' 'M' 'M' 'M' 'U' 'M' 'M' 'M' 'M'
 'M' 'M' 'M' 'M' 'M' 'M' 'M' 'M' 'M' 'M' 'M' 'U' 'M' 'M' 'M' 'M' 'M' 'M'
 'M' 'M' 'M' 'M' 'U' 'M' 'M' 'M' 'M' 'M' 'M' 'M' 'M' 'M' 'M' 'M' 'M' 'M'
 'M' 'M' 'M' 'M' 'M' 'M' 'M' 'M' 'U' 'M' 'M' 'M' 'M' 'M' 'M' 'M' 'M' 'M'
 'M' 'M' 'M' 'M' 'M' 'M' 'M' 'M' 'M' 'M' 'M' 'M' 'M' 'M' 'M' 'M' 'U' 'M'
 'M' 'M' 'M' 'M' 'M' 'M' 'M' 'M' 'M' 'M' 'M' 'M' 'M' 'M' 'M' 'M' 'M' 'M'
 'M' 'U' 'M' 'M' 'M' 'M' 'M' 'U' 'M' 'M' 'M' 'U' 'M' 'M' 'M' 'M' 'M' 'M'
 'M' 'M' 'M' 'M' 'M' 'A' 'A' 'M' 'A' 'M' 'A' 'A' 'A' 'M' 'M' 'M' 'M' 'U'
 'M' 'M' 'M' 'M' 'M' 'M' 'M' 'M' 'U' 'M' 'M' 'M' 'M' 'M' 'M' 'M' 'M' 'M'
 'M' 'M' 'M' 'M' 'M' 'M' 'M' 'M' 'M' 'M' 'M' 'M' 'M' 'M' 'U' 'M' 'M' 'M'
 'M' 'M' 'M' 'M' 'M' 'M' 'M' 'M' 'M' 'M' 'M' 'M' 'M' 'M' 'M' 'M' 'U' 'M']"
22501,0,187,4,183,11,0,0,"['A' 'M' 'M' 'M' 'M' 'M' 'U' 'M' 'U' 'M' 'M' 'M' 'M' 'M' 'M' 'M' 'M' 'M'
 'M' 'M' 'M' 'M' 'M' 'M' 'M' 'M' 'M' 'M' 'M' 'U' 'M' 'M' 'M' 'M' 'M' 'M'
 'M' 'M' 'M' 'M' 'M' 'M' 'M' 'M' 'M' 'M' 'M' 'M' 'M' 'M' 'M' 'M' 'M' 'M'
 'M' 'M' 'M' 'M' 'M' 'M' 'M' 'M' 'U' 'M' 'M' 'M' 'M' 'M' 'M' 'M' 'M' 'M'
 'M' 'M' 'M' 'M' 'M' 'M' 'M' 'M' 'M' 'M' 'M' 'M' 'M' 'M' 'M' 'M' 'M' 'M'
 'M' 'M' 'M' 'U' 'M' 'M' 'M' 'M' 'M' 'M' 'M' 'M' 'M' 'M' 'M' 'M' 'M' 'M'
 'M' 'M' 'M' 'M' 'M' 'M' 'M' 'U' 'M' 'M' 'M' 'U' 'M' 'M' 'M' 'M' 'M' 'M'
 'M' 'M' 'M' 'M' 'M' 'A' 'A' 'M' 'A' 'M' 'U' 'M' 'U' 'M' 'M' 'M' 'M' 'U'
 'M' 'M' 'M' 'M' 'M' 'M' 'M' 'M' 'M' 'M' 'M' 'M' 'M' 'M' 'M' 'M' 'M' 'M'
 'M' 'M' 'M' 'M' 'M' 'M' 'M' 'M' 'M' 'M' 'M' 'M' 'M' 'M' 'U' 'M' 'M' 'M'
 'M' 'M' 'M' 'M' 'M' 'M' 'M' 'M' 'M' 'M' 'M' 'M' 'M' 'M' 'M' 'M' 'M' 'M']"
22601,1,185,3,182,13,0,0,"['A' 'M' 'M' 'M' 'M' 'M' 'M' 'M' 'M' 'M' 'M' 'M' 'M' 'U' 'M' 'M' 'M' 'M'
 'M' 'M' 'M' 'M' 'M' 'M' 'M' 'M' 'M' 'M' 'M' 'U' 'M' 'M' 'M' 'M' 'M' 'M'
 'M' 'M' 'M' 'M' 'M' 'M' 'M' 'M' 'M' 'M' 'M' 'M' 'M' 'M' 'M' 'M' 'M' 'M'
 'M' 'M' 'M' 'M' 'M' 'M' 'M' 'M' 'U' 'M' 'M' 'M' 'M' 'U' 'M' 'M' 'M' 'M'
 'M' 'M' 'M' 'M' 'M' 'M' 'M' 'M' 'M' 'M' 'M' 'M' 'M' 'M' 'M' 'M' 'M' 'M'
 'M' 'M' 'M' 'M' 'M' 'M' 'M' 'M' 'M' 'M' 'M' 'M' 'M' 'M' 'M' 'M' 'M' 'M'
 'M' 'M' 'M' 'U' 'M' 'M' 'M' 'U' 'M' 'M' 'M' 'U' 'M' 'M' 'M' 'M' 'M' 'M'
 'M' 'M' 'M' 'M' 'M' 'A' 'U' 'M' 'A' 'U' 'M' 'U' 'U' 'M' 'M' 'M' 'M' 'U'
 'M' 'M' 'M' 'M' 'M' 'M' 'M' 'M' 'M' 'M' 'M' 'M' 'M' 'M' 'M' 'M' 'M' 'M'
 'M' 'M' 'M' 'M' 'M' 'M' 'M' 'M' 'M' 'M' 'M' 'M' 'M' 'M' 'U' 'M' 'M' 'M'
 'M' 'M' 'M' 'M' 'M' 'M' 'M' 'M' 'M' 'M' 'M' 'M' 'M' 'M' 'M' 'M' 'M' 'M']"
22701,2,183,8,175,15,0,0,"['A' 'M' 'M' 'M' 'M' 'M' 'M' 'M' 'M' 'M' 'M' 'M' 'M' 'U' 'M' 'M' 'M' 'M'
 'U' 'M' 'M' 'M' 'M' 'M' 'M' 'M' 'M' 'M' 'M' 'U' 'M' 'M' 'M' 'M' 'M' 'M'
 'M' 'M' 'M' 'M' 'M' 'M' 'M' 'M' 'M' 'M' 'M' 'M' 'M' 'M' 'M' 'M' 'M' 'M'
 'M' 'M' 'M' 'M' 'M' 'M' 'M' 'M' 'U' 'M' 'M' 'M' 'M' 'M' 'M' 'M' 'M' 'M'
 'M' 'M' 'M' 'M' 'M' 'M' 'M' 'M' 'M' 'M' 'M' 'U' 'M' 'M' 'M' 'M' 'M' 'M'
 'M' 'M' 'M' 'M' 'M' 'M' 'M' 'M' 'M' 'M' 'M' 'M' 'U' 'M' 'M' 'M' 'M' 'M'
 'M' 'M' 'M' 'U' 'M' 'U' 'M' 'M' 'M' 'M' 'M' 'M' 'M' 'M' 'M' 'M' 'M' 'M'
 'M' 'M' 'M' 'M' 'M' 'U' 'A' 'A' 'A' 'A' 'A' 'A' 'A' 'M' 'M' 'M' 'M' 'U'
 'U' 'M' 'M' 'M' 'M' 'M' 'M' 'M' 'M' 'M' 'M' 'M' 'M' 'M' 'U' 'M' 'M' 'M'
 'M' 'M' 'M' 'M' 'M' 'M' 'M' 'M' 'M' 'U' 'M' 'M' 'M' 'M' 'U' 'M' 'M' 'M'
 'M' 'M' 'M' 'M' 'M' 'M' 'M' 'U' 'M' 'M' 'M' 'M' 'M' 'M' 'M' 'M' 'M' 'M']"
22801,0,186,8,178,12,0,0,"['A' 'M' 'M' 'U' 'M' 'M' 'M' 'M' 'M' 'M' 'M' 'M' 'M' 'U' 'M' 'M' 'M' 'M'
 'M' 'M' 'M' 'M' 'M' 'M' 'M' 'M' 'M' 'M' 'M' 'U' 'M' 'M' 'M' 'M' 'M' 'M'
 'M' 'M' 'M' 'M' 'M' 'M' 'M' 'M' 'M' 'M' 'M' 'M' 'M' 'M' 'M' 'M' 'M' 'M'
 'M' 'M' 'M' 'M' 'M' 'M' 'M' 'M' 'M' 'M' 'M' 'M' 'M' 'M' 'M' 'M' 'M' 'M'
 'M' 'M' 'M' 'M' 'M' 'M' 'M' 'M' 'M' 'M' 'M' 'M' 'U' 'M' 'M' 'M' 'M' 'M'
 'M' 'M' 'M' 'M' 'M' 'M' 'M' 'M' 'M' 'M' 'M' 'M' 'U' 'M' 'M' 'M' 'M' 'M'
 'M' 'M' 'M' 'M' 'M' 'U' 'M' 'M' 'U' 'M' 'M' 'M' 'M' 'M' 'M' 'M' 'M' 'M'
 'M' 'M' 'M' 'M' 'M' 'M' 'A' 'A' 'A' 'A' 'A' 'A' 'A' 'M' 'U' 'M' 'M' 'U'
 'U' 'M' 'M' 'M' 'M' 'M' 'M' 'M' 'M' 'M' 'M' 'M' 'U' 'M' 'M' 'M' 'M' 'M'
 'M' 'M' 'M' 'M' 'M' 'M' 'M' 'M' 'M' 'U' 'M' 'M' 'M' 'M' 'M' 'M' 'M' 'M'
 'M' 'M' 'M' 'M' 'M' 'M' 'M' 'M' 'M' 'M' 'M' 'M' 'M' 'M' 'M' 'M' 'M' 'M']"
22901,0,176,7,169,22,0,0,"['A' 'M' 'M' 'U' 'U' 'M' 'M' 'M' 'M' 'M' 'M' 'M' 'U' 'U' 'M' 'M' 'M' 'M'
 'M' 'M' 'U' 'M' 'M' 'M' 'M' 'M' 'M' 'M' 'M' 'U' 'M' 'M' 'M' 'M' 'M' 'M'
 'M' 'M' 'U' 'M' 'M' 'M' 'M' 'M' 'M' 'M' 'U' 'M' 'M' 'M' 'U' 'M' 'M' 'U'
 'M' 'M' 'M' 'M' 'M' 'M' 'M' 'U' 'M' 'M' 'M' 'M' 'M' 'M' 'M' 'M' 'M' 'M'
 'M' 'M' 'M' 'M' 'M' 'M' 'M' 'M' 'M' 'M' 'M' 'M' 'M' 'U' 'M' 'M' 'M' 'M'
 'M' 'M' 'M' 'M' 'M' 'M' 'M' 'M' 'M' 'M' 'M' 'M' 'U' 'M' 'M' 'M' 'M' 'M'
 'M' 'M' 'M' 'M' 'M' 'U' 'M' 'M' 'M' 'M' 'M' 'M' 'M' 'M' 'M' 'M' 'M' 'M'
 'M' 'M' 'M' 'M' 'M' 'U' 'A' 'A' 'A' 'A' 'A' 'M' 'A' 'M' 'U' 'M' 'M' 'U'
 'M' 'M' 'U' 'M' 'M' 'M' 'M' 'M' 'M' 'M' 'M' 'M' 'U' 'M' 'M' 'M' 'M' 'M'
 'M' 'M' 'M' 'M' 'M' 'M' 'M' 'M' 'M' 'U' 'M' 'M' 'U' 'M' 'M' 'M' 'M' 'M'
 'M' 'M' 'M' 'M' 'M' 'M' 'M' 'M' 'M' 'M' 'M' 'M' 'M' 'U' 'M' 'M' 'M' 'M']"
23001,0,176,3,173,22,0,0,"['A' 'M' 'M' 'U' 'M' 'M' 'M' 'M' 'M' 'M' 'M' 'M' 'U' 'U' 'M' 'M' 'M' 'M'
 'M' 'M' 'U' 'M' 'M' 'M' 'M' 'U' 'M' 'M' 'M' 'U' 'M' 'M' 'M' 'M' 'M' 'M'
 'M' 'M' 'U' 'M' 'M' 'M' 'M' 'M' 'M' 'M' 'U' 'M' 'M' 'M' 'U' 'M' 'M' 'U'
 'M' 'M' 'M' 'M' 'M' 'M' 'M' 'U' 'M' 'M' 'M' 'M' 'M' 'U' 'M' 'M' 'M' 'M'
 'M' 'M' 'M' 'M' 'M' 'M' 'M' 'M' 'M' 'M' 'M' 'M' 'M' 'M' 'M' 'M' 'M' 'M'
 'M' 'M' 'M' 'M' 'M' 'M' 'M' 'M' 'M' 'M' 'M' 'M' 'U' 'M' 'M' 'U' 'M' 'M'
 'M' 'M' 'M' 'M' 'M' 'M' 'M' 'M' 'M' 'M' 'M' 'M' 'M' 'M' 'M' 'M' 'M' 'M'
 'M' 'M' 'M' 'M' 'M' 'U' 'A' 'U' 'U' 'U' 'U' 'M' 'A' 'M' 'M' 'M' 'M' 'U'
 'M' 'M' 'M' 'M' 'M' 'M' 'M' 'M' 'M' 'M' 'M' 'M' 'M' 'M' 'M' 'M' 'M' 'M'
 'M' 'M' 'M' 'M' 'M' 'M' 'M' 'M' 'M' 'M' 'M' 'M' 'M' 'M' 'M' 'M' 'U' 'M'
 'M' 'M' 'M' 'M' 'M' 'M' 'M' 'M' 'M' 'M' 'M' 'M' 'M' 'U' 'M' 'M' 'M' 'M']"
23101,0,181,2,179,17,0,0,"['A' 'M' 'M' 'M' 'M' 'M' 'M' 'M' 'M' 'M' 'M' 'M' 'U' 'U' 'M' 'M' 'M' 'M'
 'M' 'M' 'U' 'M' 'M' 'M' 'M' 'U' 'M' 'M' 'M' 'U' 'M' 'M' 'M' 'M' 'M' 'M'
 'M' 'M' 'U' 'M' 'M' 'M' 'M' 'M' 'M' 'M' 'U' 'M' 'M' 'M' 'U' 'M' 'U' 'U'
 'M' 'M' 'M' 'M' 'M' 'M' 'M' 'M' 'M' 'M' 'M' 'M' 'M' 'M' 'M' 'M' 'M' 'M'
 'M' 'M' 'M' 'M' 'M' 'M' 'M' 'M' 'M' 'M' 'M' 'M' 'M' 'U' 'M' 'M' 'M' 'M'
 'M' 'M' 'M' 'M' 'M' 'M' 'M' 'M' 'M' 'M' 'M' 'M' 'M' 'M' 'M' 'U' 'M' 'M'
 'M' 'M' 'M' 'M' 'M' 'M' 'M' 'M' 'M' 'M' 'M' 'M' 'M' 'M' 'M' 'M' 'M' 'M'
 'M' 'M' 'M' 'M' 'M' 'M' 'U' 'U' 'M' 'M' 'M' 'M' 'A' 'M' 'M' 'M' 'M' 'M'
 'M' 'M' 'M' 'M' 'M' 'M' 'M' 'M' 'M' 'M' 'M' 'M' 'M' 'M' 'M' 'M' 'U' 'M'
 'M' 'M' 'M' 'M' 'M' 'M' 'M' 'M' 'M' 'M' 'M' 'M' 'M' 'M' 'M' 'M' 'U' 'M'
 'M' 'M' 'M' 'M' 'M' 'M' 'M' 'M' 'M' 'M' 'M' 'M' 'M' 'U' 'M' 'M' 'M' 'M']"
23201,0,188,2,186,10,0,0,"['A' 'M' 'M' 'M' 'M' 'M' 'M' 'M' 'M' 'M' 'M' 'M' 'U' 'M' 'M' 'M' 'M' 'M'
 'M' 'M' 'U' 'M' 'M' 'M' 'U' 'M' 'M' 'M' 'M' 'M' 'M' 'M' 'M' 'M' 'M' 'M'
 'M' 'M' 'U' 'M' 'M' 'M' 'M' 'M' 'M' 'M' 'M' 'M' 'M' 'M' 'M' 'M' 'M' 'M'
 'M' 'M' 'M' 'M' 'M' 'M' 'M' 'M' 'M' 'M' 'M' 'M' 'M' 'M' 'M' 'M' 'M' 'M'
 'M' 'U' 'M' 'M' 'M' 'M' 'M' 'M' 'M' 'M' 'M' 'M' 'M' 'M' 'M' 'M' 'M' 'M'
 'M' 'M' 'M' 'M' 'M' 'M' 'M' 'M' 'M' 'M' 'M' 'M' 'M' 'M' 'M' 'U' 'M' 'M'
 'M' 'M' 'M' 'M' 'M' 'M' 'M' 'M' 'M' 'M' 'M' 'M' 'M' 'M' 'M' 'M' 'M' 'M'
 'M' 'M' 'M' 'M' 'M' 'M' 'U' 'U' 'M' 'M' 'M' 'M' 'A' 'M' 'M' 'M' 'M' 'M'
 'M' 'M' 'M' 'M' 'M' 'M' 'M' 'M' 'M' 'M' 'M' 'M' 'M' 'M' 'M' 'M' 'M' 'M'
 'M' 'U' 'M' 'M' 'M' 'M' 'M' 'M' 'M' 'M' 'M' 'M' 'M' 'M' 'M' 'M' 'M' 'M'
 'M' 'M' 'M' 'M' 'M' 'M' 'M' 'M' 'M' 'M' 'M' 'M' 'M' 'U' 'M' 'M' 'M' 'M']"
23301,0,189,1,188,9,0,0,"['A' 'M' 'M' 'M' 'M' 'M' 'M' 'M' 'M' 'M' 'M' 'M' 'M' 'M' 'M' 'M' 'M' 'M'
 'M' 'M' 'U' 'U' 'M' 'M' 'U' 'M' 'M' 'M' 'M' 'M' 'M' 'M' 'M' 'M' 'M' 'M'
 'M' 'M' 'U' 'M' 'M' 'M' 'M' 'M' 'M' 'U' 'M' 'M' 'M' 'M' 'M' 'M' 'M' 'M'
 'M' 'M' 'M' 'M' 'M' 'M' 'M' 'M' 'M' 'M' 'M' 'M' 'M' 'M' 'M' 'M' 'M' 'M'
 'M' 'M' 'M' 'M' 'M' 'M' 'M' 'U' 'M' 'M' 'M' 'M' 'M' 'M' 'M' 'M' 'M' 'M'
 'M' 'M' 'M' 'M' 'M' 'M' 'M' 'M' 'M' 'M' 'M' 'M' 'M' 'M' 'M' 'M' 'M' 'M'
 'M' 'M' 'M' 'M' 'M' 'M' 'M' 'M' 'M' 'M' 'M' 'M' 'M' 'M' 'M' 'M' 'M' 'M'
 'M' 'M' 'M' 'M' 'M' 'M' 'U' 'U' 'M' 'M' 'M' 'M' 'M' 'M' 'M' 'M' 'M' 'M'
 'M' 'M' 'M' 'M' 'M' 'M' 'M' 'M' 'M' 'M' 'U' 'M' 'M' 'M' 'M' 'M' 'M' 'M'
 'M' 'M' 'M' 'M' 'M' 'M' 'M' 'M' 'M' 'M' 'M' 'M' 'M' 'M' 'M' 'M' 'M' 'M'
 'M' 'M' 'M' 'M' 'M' 'M' 'M' 'M' 'M' 'M' 'M' 'M' 'M' 'M' 'M' 'M' 'M' 'M']"
23401,0,187,3,184,11,0,0,"['A' 'M' 'M' 'M' 'M' 'M' 'M' 'M' 'M' 'M' 'M' 'M' 'M' 'M' 'M' 'M' 'M' 'M'
 'M' 'M' 'U' 'M' 'M' 'M' 'U' 'M' 'M' 'M' 'M' 'M' 'M' 'M' 'M' 'M' 'M' 'M'
 'M' 'M' 'M' 'M' 'M' 'M' 'M' 'M' 'M' 'M' 'M' 'M' 'M' 'M' 'M' 'M' 'M' 'M'
 'M' 'M' 'M' 'M' 'M' 'M' 'M' 'M' 'M' 'M' 'M' 'M' 'M' 'M' 'M' 'M' 'M' 'M'
 'M' 'M' 'M' 'M' 'M' 'M' 'M' 'M' 'M' 'M' 'U' 'M' 'M' 'M' 'M' 'M' 'M' 'M'
 'M' 'M' 'M' 'M' 'M' 'M' 'M' 'M' 'M' 'M' 'M' 'M' 'M' 'M' 'M' 'M' 'M' 'M'
 'M' 'M' 'M' 'M' 'M' 'M' 'M' 'M' 'M' 'M' 'M' 'M' 'M' 'M' 'M' 'M' 'M' 'M'
 'M' 'M' 'M' 'M' 'M' 'M' 'U' 'U' 'A' 'A' 'U' 'U' 'U' 'M' 'M' 'M' 'M' 'M'
 'M' 'M' 'M' 'M' 'M' 'M' 'U' 'M' 'M' 'M' 'U' 'M' 'M' 'M' 'M' 'M' 'M' 'U'
 'M' 'M' 'M' 'M' 'M' 'M' 'M' 'M' 'M' 'M' 'M' 'M' 'M' 'M' 'M' 'M' 'M' 'M'
 'M' 'M' 'M' 'M' 'M' 'M' 'M' 'M' 'M' 'M' 'M' 'M' 'M' 'M' 'M' 'M' 'M' 'M']"
23501,0,189,7,182,9,0,0,"['A' 'M' 'M' 'M' 'M' 'M' 'M' 'M' 'M' 'M' 'M' 'M' 'M' 'U' 'M' 'M' 'M' 'M'
 'M' 'M' 'M' 'U' 'M' 'M' 'U' 'M' 'M' 'M' 'M' 'M' 'M' 'M' 'M' 'M' 'M' 'M'
 'M' 'M' 'M' 'M' 'M' 'M' 'M' 'M' 'M' 'M' 'M' 'M' 'M' 'M' 'M' 'M' 'M' 'M'
 'M' 'M' 'M' 'M' 'M' 'M' 'M' 'M' 'M' 'U' 'M' 'M' 'M' 'M' 'M' 'M' 'M' 'M'
 'M' 'M' 'M' 'M' 'M' 'M' 'M' 'M' 'M' 'M' 'M' 'M' 'M' 'M' 'M' 'M' 'M' 'M'
 'M' 'M' 'M' 'M' 'U' 'M' 'M' 'M' 'M' 'M' 'M' 'M' 'M' 'M' 'M' 'M' 'M' 'M'
 'M' 'M' 'M' 'M' 'M' 'M' 'M' 'M' 'M' 'M' 'M' 'M' 'M' 'M' 'M' 'M' 'M' 'M'
 'M' 'M' 'M' 'M' 'M' 'M' 'A' 'A' 'A' 'A' 'U' 'A' 'A' 'M' 'M' 'M' 'U' 'M'
 'M' 'M' 'M' 'M' 'M' 'M' 'U' 'M' 'M' 'M' 'U' 'M' 'M' 'M' 'M' 'M' 'M' 'M'
 'M' 'M' 'M' 'M' 'M' 'M' 'M' 'M' 'M' 'M' 'M' 'M' 'M' 'M' 'M' 'M' 'M' 'M'
 'M' 'M' 'M' 'M' 'M' 'M' 'M' 'M' 'M' 'M' 'M' 'M' 'M' 'M' 'M' 'M' 'M' 'M']"
23601,0,190,9,181,8,0,0,"['A' 'M' 'M' 'M' 'M' 'M' 'M' 'M' 'M' 'M' 'M' 'M' 'M' 'U' 'M' 'M' 'M' 'M'
 'M' 'M' 'M' 'U' 'M' 'M' 'A' 'M' 'M' 'M' 'M' 'M' 'M' 'M' 'M' 'M' 'M' 'M'
 'M' 'M' 'M' 'M' 'M' 'M' 'M' 'M' 'M' 'M' 'M' 'M' 'M' 'M' 'M' 'M' 'M' 'M'
 'M' 'M' 'M' 'M' 'M' 'M' 'M' 'M' 'M' 'M' 'M' 'M' 'M' 'M' 'M' 'M' 'M' 'M'
 'M' 'M' 'U' 'M' 'M' 'M' 'M' 'M' 'M' 'M' 'M' 'M' 'M' 'M' 'M' 'M' 'M' 'M'
 'M' 'M' 'M' 'M' 'M' 'M' 'M' 'M' 'M' 'M' 'M' 'M' 'M' 'M' 'M' 'M' 'M' 'M'
 'M' 'M' 'M' 'M' 'M' 'M' 'M' 'M' 'M' 'M' 'M' 'M' 'M' 'M' 'M' 'M' 'M' 'M'
 'M' 'M' 'M' 'M' 'M' 'A' 'A' 'A' 'U' 'A' 'A' 'A' 'A' 'M' 'M' 'M' 'U' 'M'
 'M' 'M' 'M' 'M' 'M' 'M' 'U' 'M' 'M' 'M' 'U' 'M' 'M' 'M' 'M' 'M' 'M' 'M'
 'M' 'M' 'M' 'M' 'M' 'M' 'M' 'M' 'M' 'M' 'M' 'M' 'M' 'M' 'M' 'M' 'M' 'M'
 'M' 'M' 'M' 'M' 'M' 'M' 'U' 'M' 'M' 'M' 'M' 'M' 'M' 'M' 'M' 'M' 'M' 'M']"
23701,1,187,10,177,11,0,0,"['A' 'M' 'U' 'M' 'M' 'M' 'M' 'M' 'M' 'M' 'M' 'M' 'M' 'U' 'M' 'M' 'M' 'M'
 'M' 'M' 'M' 'U' 'M' 'M' 'A' 'M' 'M' 'M' 'M' 'M' 'U' 'M' 'M' 'M' 'M' 'M'
 'M' 'M' 'M' 'M' 'M' 'M' 'M' 'M' 'M' 'M' 'M' 'M' 'M' 'U' 'M' 'M' 'M' 'M'
 'M' 'M' 'M' 'M' 'M' 'M' 'M' 'M' 'M' 'M' 'M' 'M' 'M' 'M' 'M' 'M' 'M' 'M'
 'M' 'M' 'M' 'M' 'M' 'M' 'M' 'M' 'M' 'M' 'U' 'M' 'M' 'M' 'M' 'M' 'M' 'M'
 'M' 'M' 'M' 'M' 'M' 'M' 'M' 'M' 'M' 'M' 'M' 'M' 'M' 'M' 'M' 'M' 'M' 'M'
 'M' 'M' 'M' 'M' 'M' 'M' 'M' 'M' 'M' 'M' 'U' 'M' 'M' 'M' 'M' 'M' 'M' 'M'
 'M' 'M' 'M' 'M' 'M' 'A' 'A' 'A' 'A' 'A' 'A' 'A' 'A' 'M' 'M' 'M' 'M' 'M'
 'M' 'M' 'M' 'M' 'M' 'M' 'U' 'M' 'M' 'M' 'U' 'M' 'M' 'U' 'M' 'M' 'M' 'M'
 'M' 'M' 'M' 'M' 'M' 'M' 'M' 'M' 'M' 'M' 'M' 'M' 'M' 'M' 'M' 'M' 'M' 'U'
 'M' 'M' 'M' 'M' 'M' 'M' 'M' 'M' 'M' 'M' 'M' 'M' 'M' 'M' 'M' 'M' 'M' 'M']"
23801,0,182,6,176,16,0,0,"['A' 'M' 'U' 'M' 'M' 'M' 'M' 'M' 'U' 'M' 'M' 'M' 'M' 'M' 'M' 'U' 'M' 'M'
 'M' 'M' 'M' 'M' 'M' 'M' 'A' 'M' 'M' 'U' 'M' 'U' 'U' 'M' 'M' 'M' 'M' 'M'
 'M' 'M' 'M' 'M' 'M' 'M' 'M' 'M' 'M' 'M' 'M' 'M' 'M' 'M' 'M' 'M' 'M' 'M'
 'M' 'M' 'M' 'M' 'M' 'M' 'M' 'M' 'M' 'M' 'M' 'M' 'M' 'M' 'U' 'M' 'M' 'M'
 'M' 'M' 'M' 'M' 'M' 'M' 'M' 'M' 'M' 'M' 'M' 'M' 'M' 'M' 'M' 'M' 'M' 'M'
 'M' 'M' 'M' 'M' 'M' 'M' 'M' 'M' 'M' 'M' 'M' 'M' 'M' 'U' 'M' 'M' 'M' 'M'
 'M' 'M' 'M' 'M' 'M' 'M' 'M' 'M' 'M' 'M' 'M' 'M' 'U' 'M' 'M' 'M' 'M' 'M'
 'M' 'M' 'M' 'M' 'M' 'A' 'U' 'A' 'U' 'A' 'U' 'U' 'A' 'M' 'M' 'M' 'M' 'M'
 'M' 'M' 'M' 'M' 'M' 'M' 'M' 'M' 'M' 'U' 'M' 'M' 'M' 'U' 'M' 'M' 'M' 'M'
 'M' 'M' 'M' 'M' 'M' 'M' 'M' 'M' 'M' 'M' 'M' 'M' 'M' 'M' 'M' 'M' 'M' 'U'
 'M' 'M' 'M' 'M' 'M' 'M' 'M' 'M' 'M' 'M' 'M' 'M' 'M' 'M' 'M' 'M' 'M' 'M']"
23901,1,187,8,179,11,0,0,"['A' 'M' 'U' 'M' 'M' 'M' 'M' 'M' 'U' 'M' 'M' 'M' 'M' 'M' 'M' 'U' 'M' 'M'
 'M' 'M' 'M' 'M' 'M' 'M' 'M' 'M' 'M' 'U' 'M' 'U' 'U' 'M' 'M' 'M' 'M' 'M'
 'M' 'M' 'M' 'M' 'M' 'M' 'M' 'M' 'M' 'M' 'M' 'M' 'M' 'M' 'M' 'M' 'M' 'M'
 'M' 'M' 'M' 'M' 'M' 'M' 'M' 'M' 'M' 'M' 'M' 'M' 'M' 'M' 'M' 'M' 'M' 'M'
 'M' 'M' 'M' 'M' 'M' 'M' 'M' 'M' 'M' 'M' 'M' 'M' 'M' 'M' 'M' 'M' 'M' 'M'
 'M' 'M' 'M' 'U' 'M' 'M' 'M' 'M' 'M' 'M' 'U' 'M' 'M' 'M' 'M' 'M' 'M' 'M'
 'M' 'M' 'M' 'M' 'M' 'M' 'M' 'M' 'M' 'M' 'M' 'M' 'M' 'M' 'M' 'M' 'M' 'M'
 'M' 'M' 'M' 'M' 'M' 'A' 'A' 'U' 'A' 'A' 'A' 'A' 'A' 'M' 'M' 'M' 'M' 'M'
 'M' 'M' 'M' 'M' 'M' 'M' 'M' 'M' 'M' 'U' 'M' 'M' 'M' 'M' 'M' 'M' 'M' 'M'
 'M' 'M' 'M' 'M' 'M' 'M' 'M' 'M' 'M' 'M' 'M' 'M' 'M' 'M' 'M' 'M' 'M' 'U'
 'M' 'M' 'M' 'M' 'M' 'M' 'M' 'M' 'M' 'M' 'M' 'M' 'M' 'M' 'M' 'M' 'M' 'M']"
24001,1,190,8,182,8,0,0,"['A' 'M' 'U' 'M' 'M' 'M' 'M' 'M' 'U' 'M' 'M' 'M' 'M' 'M' 'M' 'M' 'M' 'M'
 'M' 'M' 'M' 'M' 'M' 'M' 'M' 'M' 'M' 'U' 'M' 'U' 'M' 'M' 'M' 'M' 'M' 'M'
 'M' 'M' 'M' 'M' 'M' 'M' 'M' 'M' 'M' 'M' 'M' 'M' 'M' 'M' 'M' 'M' 'M' 'M'
 'M' 'M' 'M' 'M' 'M' 'M' 'M' 'M' 'M' 'M' 'M' 'M' 'M' 'M' 'M' 'M' 'M' 'M'
 'M' 'M' 'M' 'M' 'M' 'M' 'M' 'M' 'M' 'M' 'M' 'U' 'M' 'M' 'M' 'M' 'M' 'M'
 'M' 'M' 'M' 'M' 'M' 'M' 'M' 'M' 'U' 'M' 'M' 'M' 'M' 'M' 'M' 'M' 'M' 'M'
 'M' 'M' 'M' 'M' 'M' 'M' 'M' 'M' 'M' 'M' 'M' 'M' 'M' 'M' 'M' 'M' 'M' 'M'
 'M' 'M' 'M' 'M' 'M' 'A' 'A' 'U' 'A' 'A' 'A' 'A' 'A' 'M' 'M' 'M' 'M' 'M'
 'M' 'M' 'M' 'M' 'M' 'M' 'M' 'M' 'M' 'M' 'M' 'M' 'M' 'M' 'M' 'M' 'M' 'M'
 'M' 'M' 'M' 'M' 'M' 'M' 'M' 'M' 'M' 'M' 'M' 'M' 'M' 'M' 'M' 'M' 'M' 'U'
 'M' 'M' 'M' 'M' 'M' 'M' 'M' 'M' 'M' 'M' 'M' 'M' 'M' 'M' 'M' 'M' 'M' 'M']"
24101,0,185,6,179,13,1,0,"['A' 'M' 'M' 'M' 'M' 'M' 'M' 'M' 'U' 'M' 'M' 'M' 'M' 'M' 'M' 'M' 'M' 'M'
 'M' 'M' 'M' 'M' 'M' 'M' 'M' 'M' 'M' 'U' 'M' 'U' 'U' 'M' 'M' 'M' 'M' 'M'
 'M' 'M' 'M' 'M' 'M' 'M' 'M' 'M' 'M' 'M' 'M' 'M' 'M' 'M' 'M' 'M' 'M' 'M'
 'M' 'M' 'M' 'M' 'M' 'M' 'M' 'M' 'M' 'M' 'M' 'M' 'M' 'M' 'M' 'M' 'M' 'M'
 'M' 'M' 'M' 'M' 'M' 'M' 'M' 'M' 'M' 'U' 'M' 'M' 'M' 'M' 'M' 'M' 'M' 'M'
 'M' 'M' 'M' 'M' 'M' 'M' 'M' 'M' 'U' 'M' 'M' 'M' 'M' 'M' 'M' 'M' 'M' 'M'
 'M' 'M' 'M' 'M' 'M' 'M' 'M' 'M' 'M' 'M' 'M' 'M' 'M' 'M' 'M' 'M' 'M' 'M'
 'U' 'M' 'M' 'M' 'M' 'A' 'A' 'U' 'A' 'U' 'A' 'A' 'U' 'M' 'M' 'M' 'M' 'M'
 'M' 'M' 'M' 'M' 'M' 'M' 'M' 'M' 'M' 'M' 'M' 'M' 'M' 'M' 'M' 'M' 'M' 'M'
 'M' 'M' 'M' 'M' 'M' 'M' 'M' 'M' 'M' 'M' 'M' 'M' 'M' 'M' 'U' 'M' 'M' 'U'
 'M' 'M' 'M' 'M' 'M' 'M' 'U' 'M' 'M' 'M' 'M' 'M' 'M' 'M' 'M' 'M' 'M' 'M']"
24201,1,179,6,173,19,0,0,"['A' 'M' 'M' 'M' 'M' 'M' 'M' 'M' 'U' 'U' 'M' 'M' 'M' 'M' 'M' 'M' 'M' 'M'
 'M' 'M' 'M' 'M' 'M' 'M' 'M' 'M' 'M' 'U' 'M' 'U' 'U' 'M' 'M' 'M' 'M' 'M'
 'M' 'M' 'M' 'M' 'M' 'M' 'M' 'M' 'M' 'M' 'M' 'M' 'M' 'M' 'M' 'M' 'M' 'M'
 'M' 'M' 'M' 'M' 'M' 'M' 'M' 'M' 'M' 'U' 'M' 'M' 'M' 'M' 'M' 'M' 'M' 'M'
 'M' 'M' 'M' 'M' 'M' 'M' 'M' 'M' 'M' 'M' 'M' 'M' 'M' 'M' 'M' 'M' 'U' 'M'
 'M' 'M' 'M' 'M' 'M' 'M' 'M' 'M' 'A' 'M' 'M' 'M' 'M' 'M' 'M' 'M' 'M' 'M'
 'M' 'M' 'M' 'M' 'U' 'M' 'M' 'M' 'M' 'M' 'M' 'M' 'M' 'M' 'M' 'M' 'M' 'M'
 'U' 'M' 'M' 'M' 'M' 'A' 'A' 'A' 'A' 'U' 'U' 'U' 'U' 'M' 'M' 'M' 'M' 'M'
 'M' 'M' 'M' 'M' 'M' 'M' 'M' 'M' 'M' 'M' 'M' 'M' 'M' 'M' 'M' 'M' 'M' 'M'
 'M' 'M' 'M' 'M' 'M' 'M' 'M' 'M' 'M' 'M' 'U' 'M' 'U' 'M' 'U' 'M' 'M' 'M'
 'M' 'U' 'M' 'M' 'M' 'M' 'U' 'U' 'M' 'M' 'M' 'M' 'M' 'M' 'M' 'M' 'M' 'M']"
24301,0,183,10,173,15,0,0,"['A' 'M' 'M' 'M' 'M' 'M' 'M' 'M' 'U' 'U' 'M' 'M' 'M' 'M' 'M' 'M' 'M' 'M'
 'M' 'M' 'M' 'M' 'M' 'M' 'M' 'M' 'M' 'A' 'M' 'U' 'U' 'M' 'M' 'M' 'M' 'M'
 'M' 'M' 'M' 'M' 'M' 'M' 'M' 'M' 'M' 'M' 'M' 'M' 'M' 'M' 'M' 'M' 'M' 'M'
 'M' 'M' 'M' 'M' 'M' 'M' 'M' 'M' 'M' 'U' 'M' 'M' 'M' 'M' 'M' 'M' 'U' 'M'
 'M' 'M' 'M' 'M' 'M' 'M' 'M' 'M' 'M' 'M' 'M' 'M' 'M' 'M' 'M' 'M' 'M' 'M'
 'M' 'M' 'M' 'M' 'M' 'M' 'M' 'M' 'A' 'M' 'M' 'M' 'M' 'M' 'M' 'M' 'U' 'M'
 'M' 'M' 'M' 'M' 'U' 'M' 'M' 'M' 'M' 'U' 'M' 'M' 'M' 'M' 'M' 'U' 'M' 'M'
 'U' 'M' 'M' 'M' 'M' 'A' 'A' 'A' 'A' 'A' 'A' 'A' 'U' 'M' 'M' 'M' 'M' 'M'
 'M' 'M' 'M' 'M' 'M' 'M' 'M' 'M' 'M' 'M' 'M' 'M' 'M' 'M' 'M' 'M' 'M' 'M'
 'M' 'M' 'M' 'M' 'M' 'M' 'M' 'M' 'M' 'M' 'U' 'M' 'M' 'M' 'M' 'M' 'M' 'M'
 'M' 'M' 'M' 'M' 'M' 'M' 'U' 'U' 'M' 'M' 'M' 'M' 'M' 'M' 'M' 'M' 'M' 'M']"
24401,0,178,6,172,20,0,0,"['A' 'M' 'M' 'M' 'M' 'M' 'M' 'M' 'U' 'U' 'M' 'M' 'M' 'M' 'M' 'M' 'M' 'M'
 'M' 'M' 'M' 'M' 'M' 'U' 'M' 'M' 'M' 'A' 'M' 'U' 'M' 'M' 'M' 'M' 'M' 'M'
 'M' 'M' 'M' 'M' 'M' 'M' 'M' 'U' 'M' 'M' 'M' 'M' 'M' 'U' 'M' 'M' 'U' 'M'
 'M' 'M' 'M' 'M' 'M' 'M' 'M' 'M' 'M' 'U' 'M' 'M' 'M' 'M' 'M' 'M' 'M' 'M'
 'U' 'M' 'M' 'M' 'M' 'M' 'M' 'M' 'M' 'M' 'M' 'M' 'M' 'M' 'M' 'M' 'M' 'M'
 'M' 'M' 'M' 'M' 'M' 'M' 'M' 'M' 'A' 'M' 'M' 'M' 'M' 'M' 'M' 'U' 'U' 'M'
 'M' 'M' 'M' 'M' 'M' 'M' 'M' 'M' 'M' 'U' 'M' 'M' 'M' 'M' 'M' 'U' 'M' 'M'
 'M' 'M' 'M' 'M' 'M' 'U' 'A' 'A' 'U' 'U' 'M' 'A' 'U' 'M' 'M' 'M' 'M' 'M'
 'M' 'M' 'M' 'M' 'M' 'M' 'M' 'M' 'M' 'M' 'M' 'M' 'M' 'M' 'M' 'M' 'M' 'M'
 'M' 'M' 'M' 'M' 'M' 'M' 'M' 'M' 'M' 'M' 'U' 'M' 'M' 'M' 'M' 'M' 'M' 'M'
 'M' 'M' 'M' 'M' 'M' 'M' 'U' 'U' 'M' 'M' 'M' 'M' 'M' 'M' 'M' 'M' 'M' 'M']"
24501,0,175,5,170,23,0,0,"['A' 'M' 'M' 'M' 'M' 'M' 'M' 'M' 'U' 'U' 'M' 'M' 'M' 'M' 'M' 'M' 'M' 'M'
 'M' 'M' 'M' 'M' 'M' 'U' 'M' 'M' 'M' 'U' 'M' 'U' 'M' 'M' 'M' 'M' 'M' 'M'
 'M' 'M' 'M' 'M' 'M' 'M' 'M' 'U' 'M' 'M' 'M' 'M' 'M' 'U' 'M' 'M' 'U' 'U'
 'M' 'M' 'M' 'M' 'M' 'M' 'M' 'M' 'M' 'M' 'M' 'M' 'M' 'M' 'M' 'M' 'M' 'M'
 'M' 'M' 'M' 'M' 'M' 'M' 'M' 'M' 'M' 'U' 'M' 'M' 'M' 'M' 'M' 'M' 'M' 'M'
 'M' 'M' 'M' 'M' 'M' 'M' 'M' 'M' 'A' 'M' 'M' 'M' 'M' 'M' 'M' 'M' 'U' 'M'
 'M' 'M' 'M' 'M' 'M' 'M' 'M' 'M' 'M' 'U' 'M' 'M' 'M' 'M' 'M' 'U' 'M' 'M'
 'M' 'M' 'M' 'M' 'M' 'U' 'U' 'A' 'A' 'U' 'U' 'A' 'U' 'M' 'M' 'U' 'M' 'M'
 'M' 'M' 'M' 'M' 'M' 'M' 'M' 'U' 'M' 'M' 'M' 'M' 'M' 'M' 'M' 'M' 'M' 'M'
 'M' 'M' 'M' 'M' 'M' 'M' 'M' 'M' 'M' 'M' 'U' 'M' 'M' 'M' 'M' 'M' 'M' 'M'
 'M' 'M' 'M' 'M' 'M' 'M' 'U' 'U' 'M' 'M' 'M' 'M' 'M' 'M' 'M' 'M' 'M' 'M']"
24601,0,178,6,172,20,0,0,"['A' 'M' 'M' 'M' 'M' 'M' 'M' 'M' 'U' 'M' 'M' 'M' 'M' 'M' 'M' 'M' 'U' 'M'
 'M' 'M' 'M' 'M' 'M' 'U' 'M' 'M' 'M' 'U' 'M' 'U' 'M' 'M' 'M' 'M' 'M' 'M'
 'M' 'M' 'M' 'M' 'M' 'M' 'M' 'M' 'M' 'M' 'M' 'U' 'M' 'U' 'M' 'M' 'U' 'U'
 'M' 'M' 'M' 'M' 'M' 'M' 'M' 'M' 'M' 'M' 'M' 'M' 'M' 'M' 'M' 'M' 'M' 'M'
 'M' 'M' 'M' 'M' 'M' 'M' 'M' 'M' 'M' 'U' 'M' 'M' 'M' 'M' 'M' 'M' 'M' 'M'
 'M' 'M' 'M' 'M' 'M' 'M' 'M' 'M' 'U' 'M' 'M' 'M' 'M' 'M' 'M' 'M' 'M' 'M'
 'M' 'M' 'M' 'M' 'M' 'M' 'M' 'M' 'M' 'U' 'M' 'M' 'M' 'M' 'M' 'M' 'M' 'M'
 'M' 'M' 'M' 'M' 'M' 'U' 'U' 'A' 'A' 'U' 'A' 'A' 'A' 'M' 'M' 'U' 'M' 'M'
 'M' 'M' 'M' 'M' 'M' 'M' 'M' 'U' 'M' 'M' 'M' 'M' 'M' 'M' 'M' 'M' 'M' 'M'
 'M' 'M' 'M' 'M' 'M' 'M' 'M' 'M' 'M' 'M' 'U' 'M' 'M' 'M' 'M' 'M' 'M' 'U'
 'M' 'M' 'M' 'M' 'M' 'M' 'M' 'U' 'M' 'M' 'M' 'M' 'M' 'M' 'M' 'M' 'M' 'M']"
24701,0,179,7,172,19,0,0,"['A' 'M' 'M' 'M' 'M' 'M' 'M' 'M' 'M' 'M' 'M' 'M' 'M' 'M' 'M' 'M' 'M' 'M'
 'M' 'M' 'M' 'M' 'M' 'U' 'M' 'M' 'M' 'U' 'M' 'U' 'M' 'M' 'M' 'M' 'M' 'M'
 'M' 'M' 'U' 'M' 'M' 'M' 'M' 'M' 'M' 'M' 'M' 'M' 'M' 'A' 'U' 'M' 'U' 'U'
 'M' 'M' 'M' 'M' 'M' 'M' 'M' 'M' 'M' 'M' 'M' 'M' 'M' 'M' 'M' 'M' 'M' 'M'
 'U' 'M' 'M' 'M' 'M' 'M' 'M' 'M' 'M' 'M' 'M' 'M' 'M' 'M' 'M' 'M' 'M' 'M'
 'M' 'M' 'M' 'M' 'M' 'M' 'M' 'M' 'U' 'M' 'U' 'M' 'M' 'M' 'M' 'M' 'M' 'M'
 'M' 'M' 'M' 'M' 'M' 'M' 'M' 'M' 'M' 'U' 'M' 'M' 'M' 'M' 'M' 'M' 'M' 'M'
 'M' 'M' 'M' 'M' 'M' 'U' 'U' 'A' 'A' 'M' 'A' 'A' 'A' 'M' 'M' 'M' 'M' 'M'
 'M' 'M' 'M' 'M' 'M' 'M' 'M' 'U' 'M' 'M' 'M' 'M' 'M' 'M' 'M' 'M' 'M' 'M'
 'M' 'M' 'M' 'M' 'M' 'M' 'M' 'M' 'M' 'U' 'U' 'M' 'M' 'M' 'M' 'M' 'M' 'U'
 'M' 'M' 'M' 'M' 'M' 'M' 'M' 'M' 'U' 'U' 'M' 'M' 'M' 'M' 'M' 'M' 'M' 'M']"
24801,1,179,7,172,19,0,0,"['A' 'M' 'M' 'M' 'M' 'M' 'M' 'M' 'M' 'M' 'M' 'M' 'M' 'M' 'M' 'M' 'M' 'M'
 'M' 'M' 'M' 'M' 'U' 'U' 'M' 'M' 'M' 'M' 'M' 'M' 'M' 'M' 'U' 'M' 'M' 'M'
 'M' 'M' 'U' 'M' 'M' 'M' 'M' 'M' 'M' 'M' 'M' 'M' 'M' 'A' 'U' 'M' 'U' 'U'
 'M' 'M' 'M' 'M' 'M' 'M' 'M' 'M' 'M' 'M' 'M' 'M' 'M' 'M' 'M' 'M' 'M' 'M'
 'M' 'M' 'M' 'M' 'M' 'U' 'M' 'M' 'M' 'M' 'M' 'M' 'M' 'M' 'M' 'M' 'M' 'M'
 'M' 'M' 'M' 'M' 'M' 'M' 'M' 'M' 'U' 'M' 'U' 'M' 'M' 'M' 'U' 'M' 'M' 'M'
 'M' 'M' 'M' 'M' 'M' 'M' 'M' 'M' 'M' 'U' 'M' 'M' 'M' 'M' 'M' 'M' 'M' 'M'
 'M' 'M' 'M' 'M' 'M' 'M' 'U' 'A' 'A' 'U' 'A' 'A' 'A' 'M' 'M' 'M' 'M' 'M'
 'M' 'M' 'M' 'M' 'M' 'M' 'M' 'M' 'M' 'M' 'M' 'M' 'M' 'M' 'M' 'M' 'M' 'M'
 'M' 'M' 'M' 'U' 'M' 'M' 'M' 'M' 'M' 'U' 'M' 'M' 'M' 'M' 'M' 'M' 'U' 'U'
 'M' 'M' 'M' 'M' 'M' 'M' 'M' 'M' 'U' 'M' 'M' 'M' 'M' 'M' 'M' 'M' 'M' 'M']"
24901,0,179,6,173,19,0,0,"['A' 'M' 'M' 'M' 'M' 'M' 'M' 'M' 'M' 'M' 'M' 'M' 'M' 'M' 'M' 'M' 'M' 'M'
 'M' 'M' 'M' 'M' 'U' 'U' 'U' 'M' 'M' 'M' 'M' 'M' 'M' 'M' 'U' 'M' 'M' 'M'
 'M' 'M' 'U' 'M' 'M' 'M' 'M' 'M' 'M' 'M' 'M' 'M' 'M' 'A' 'U' 'M' 'M' 'M'
 'M' 'M' 'M' 'M' 'M' 'M' 'M' 'M' 'M' 'M' 'M' 'M' 'M' 'M' 'M' 'M' 'M' 'M'
 'M' 'M' 'M' 'M' 'M' 'M' 'M' 'M' 'M' 'M' 'M' 'M' 'M' 'M' 'U' 'M' 'M' 'M'
 'M' 'M' 'M' 'M' 'M' 'U' 'U' 'M' 'M' 'M' 'U' 'M' 'M' 'M' 'U' 'M' 'M' 'M'
 'M' 'M' 'M' 'M' 'M' 'M' 'M' 'M' 'M' 'A' 'M' 'M' 'M' 'M' 'M' 'M' 'M' 'M'
 'M' 'M' 'M' 'M' 'M' 'M' 'M' 'A' 'A' 'U' 'A' 'U' 'U' 'M' 'M' 'M' 'M' 'M'
 'M' 'M' 'M' 'M' 'M' 'M' 'M' 'M' 'M' 'M' 'M' 'M' 'M' 'M' 'M' 'M' 'M' 'M'
 'M' 'M' 'M' 'M' 'M' 'M' 'M' 'M' 'M' 'U' 'M' 'M' 'M' 'M' 'M' 'M' 'U' 'U'
 'M' 'M' 'M' 'M' 'M' 'M' 'M' 'M' 'U' 'U' 'M' 'M' 'M' 'M' 'M' 'M' 'M' 'M']"
25001,0,180,5,175,18,0,0,"['A' 'M' 'M' 'M' 'M' 'M' 'M' 'M' 'M' 'M' 'M' 'M' 'M' 'M' 'M' 'M' 'M' 'M'
 'M' 'M' 'M' 'M' 'U' 'U' 'M' 'M' 'M' 'M' 'M' 'M' 'M' 'M' 'M' 'M' 'M' 'M'
 'M' 'M' 'U' 'M' 'M' 'M' 'M' 'M' 'M' 'M' 'M' 'M' 'M' 'A' 'U' 'M' 'M' 'M'
 'M' 'M' 'M' 'M' 'M' 'M' 'M' 'M' 'M' 'M' 'M' 'M' 'M' 'U' 'M' 'M' 'M' 'M'
 'M' 'M' 'M' 'M' 'M' 'M' 'M' 'M' 'M' 'M' 'M' 'M' 'M' 'M' 'M' 'M' 'M' 'M'
 'M' 'M' 'M' 'M' 'M' 'U' 'U' 'M' 'M' 'M' 'U' 'M' 'M' 'M' 'U' 'M' 'M' 'M'
 'M' 'M' 'M' 'M' 'M' 'M' 'M' 'M' 'M' 'A' 'M' 'M' 'M' 'M' 'M' 'M' 'M' 'M'
 'M' 'M' 'M' 'M' 'M' 'M' 'M' 'A' 'A' 'U' 'U' 'U' 'M' 'M' 'M' 'M' 'M' 'M'
 'M' 'M' 'M' 'M' 'M' 'M' 'U' 'M' 'M' 'M' 'M' 'M' 'M' 'M' 'M' 'M' 'M' 'M'
 'M' 'M' 'M' 'M' 'M' 'M' 'M' 'M' 'M' 'U' 'M' 'M' 'M' 'M' 'U' 'M' 'U' 'M'
 'M' 'M' 'M' 'M' 'M' 'M' 'M' 'M' 'U' 'M' 'M' 'M' 'M' 'M' 'U' 'M' 'M' 'M']"
25101,0,184,9,175,14,0,0,"['A' 'M' 'M' 'M' 'M' 'M' 'M' 'M' 'M' 'M' 'M' 'M' 'M' 'M' 'M' 'M' 'M' 'M'
 'M' 'M' 'M' 'M' 'M' 'U' 'M' 'M' 'M' 'M' 'M' 'M' 'M' 'M' 'M' 'M' 'M' 'M'
 'M' 'M' 'M' 'M' 'M' 'M' 'M' 'M' 'M' 'M' 'M' 'M' 'M' 'A' 'U' 'M' 'M' 'M'
 'M' 'M' 'M' 'M' 'M' 'M' 'M' 'M' 'M' 'M' 'M' 'M' 'M' 'M' 'M' 'M' 'M' 'M'
 'U' 'M' 'M' 'M' 'M' 'M' 'M' 'M' 'M' 'M' 'M' 'M' 'M' 'M' 'M' 'M' 'M' 'M'
 'M' 'M' 'M' 'M' 'M' 'U' 'U' 'M' 'M' 'M' 'U' 'M' 'M' 'M' 'M' 'M' 'M' 'M'
 'M' 'M' 'M' 'M' 'M' 'M' 'M' 'M' 'M' 'U' 'M' 'M' 'M' 'M' 'M' 'M' 'M' 'M'
 'M' 'M' 'M' 'M' 'M' 'U' 'A' 'A' 'A' 'A' 'A' 'A' 'A' 'M' 'M' 'M' 'M' 'M'
 'M' 'M' 'M' 'M' 'M' 'M' 'U' 'M' 'M' 'M' 'M' 'M' 'M' 'M' 'M' 'M' 'M' 'M'
 'M' 'M' 'M' 'M' 'M' 'M' 'M' 'M' 'M' 'U' 'M' 'M' 'M' 'M' 'U' 'M' 'U' 'M'
 'M' 'M' 'M' 'M' 'M' 'M' 'M' 'M' 'U' 'M' 'M' 'M' 'M' 'M' 'U' 'M' 'M' 'M']"
25201,0,190,8,182,8,0,0,"['A' 'M' 'M' 'M' 'M' 'M' 'M' 'M' 'M' 'M' 'M' 'M' 'M' 'M' 'M' 'M' 'M' 'M'
 'M' 'M' 'M' 'M' 'M' 'M' 'M' 'M' 'M' 'M' 'M' 'M' 'M' 'M' 'M' 'M' 'M' 'M'
 'M' 'M' 'M' 'M' 'M' 'M' 'M' 'M' 'M' 'M' 'M' 'M' 'M' 'U' 'M' 'M' 'M' 'M'
 'M' 'M' 'M' 'M' 'M' 'M' 'M' 'M' 'M' 'M' 'M' 'M' 'M' 'M' 'M' 'M' 'M' 'M'
 'M' 'M' 'M' 'M' 'M' 'M' 'M' 'M' 'M' 'M' 'M' 'U' 'M' 'M' 'M' 'M' 'M' 'M'
 'M' 'M' 'M' 'M' 'M' 'M' 'U' 'M' 'M' 'M' 'M' 'M' 'M' 'M' 'M' 'M' 'M' 'M'
 'M' 'M' 'M' 'M' 'M' 'M' 'M' 'M' 'M' 'M' 'M' 'M' 'M' 'M' 'M' 'M' 'M' 'M'
 'M' 'M' 'M' 'M' 'M' 'U' 'A' 'A' 'A' 'A' 'A' 'A' 'A' 'M' 'M' 'M' 'M' 'M'
 'M' 'M' 'M' 'M' 'M' 'M' 'U' 'M' 'M' 'M' 'M' 'U' 'M' 'M' 'M' 'M' 'M' 'M'
 'M' 'M' 'M' 'M' 'M' 'M' 'M' 'M' 'M' 'M' 'M' 'M' 'M' 'M' 'U' 'M' 'M' 'M'
 'M' 'M' 'M' 'M' 'M' 'M' 'M' 'M' 'U' 'M' 'M' 'M' 'M' 'M' 'M' 'M' 'M' 'M']"
25301,0,189,7,182,9,0,0,"['A' 'M' 'M' 'M' 'M' 'M' 'M' 'M' 'M' 'M' 'M' 'M' 'M' 'M' 'M' 'M' 'M' 'M'
 'M' 'M' 'M' 'M' 'M' 'M' 'U' 'M' 'M' 'M' 'M' 'M' 'M' 'M' 'M' 'M' 'M' 'M'
 'M' 'M' 'M' 'M' 'M' 'M' 'M' 'M' 'M' 'M' 'M' 'M' 'M' 'M' 'M' 'M' 'M' 'M'
 'M' 'M' 'M' 'M' 'M' 'M' 'M' 'M' 'M' 'M' 'M' 'M' 'M' 'M' 'M' 'M' 'M' 'M'
 'M' 'M' 'U' 'M' 'M' 'M' 'M' 'M' 'M' 'M' 'M' 'M' 'M' 'M' 'M' 'M' 'M' 'M'
 'M' 'M' 'M' 'M' 'M' 'M' 'M' 'M' 'M' 'M' 'M' 'M' 'M' 'M' 'M' 'M' 'M' 'M'
 'M' 'M' 'M' 'U' 'M' 'M' 'M' 'M' 'M' 'M' 'M' 'M' 'M' 'U' 'M' 'M' 'M' 'M'
 'M' 'M' 'M' 'U' 'M' 'M' 'A' 'U' 'A' 'A' 'A' 'A' 'A' 'M' 'M' 'M' 'M' 'M'
 'M' 'M' 'M' 'M' 'M' 'M' 'U' 'M' 'M' 'M' 'M' 'U' 'M' 'M' 'M' 'M' 'M' 'M'
 'M' 'M' 'M' 'M' 'M' 'M' 'M' 'M' 'M' 'M' 'M' 'M' 'M' 'M' 'U' 'M' 'M' 'M'
 'M' 'M' 'M' 'M' 'M' 'M' 'M' 'M' 'M' 'M' 'M' 'M' 'M' 'M' 'M' 'M' 'M' 'M']"
25401,1,189,7,182,9,0,0,"['A' 'M' 'M' 'M' 'M' 'M' 'M' 'M' 'M' 'M' 'M' 'M' 'M' 'M' 'M' 'M' 'M' 'M'
 'M' 'M' 'M' 'M' 'M' 'M' 'U' 'M' 'M' 'M' 'M' 'M' 'M' 'M' 'M' 'M' 'M' 'M'
 'M' 'M' 'M' 'M' 'M' 'M' 'M' 'M' 'M' 'M' 'M' 'M' 'M' 'M' 'M' 'M' 'M' 'M'
 'M' 'M' 'M' 'M' 'M' 'M' 'M' 'M' 'M' 'M' 'M' 'M' 'M' 'M' 'M' 'M' 'M' 'M'
 'M' 'M' 'M' 'M' 'M' 'M' 'M' 'M' 'M' 'M' 'M' 'M' 'M' 'M' 'M' 'U' 'M' 'M'
 'M' 'M' 'M' 'M' 'M' 'M' 'M' 'M' 'M' 'M' 'M' 'M' 'M' 'M' 'M' 'M' 'M' 'M'
 'M' 'M' 'M' 'M' 'M' 'M' 'M' 'M' 'M' 'M' 'M' 'M' 'M' 'M' 'M' 'M' 'M' 'M'
 'M' 'M' 'M' 'U' 'M' 'A' 'U' 'A' 'A' 'A' 'A' 'U' 'A' 'M' 'M' 'M' 'M' 'M'
 'M' 'M' 'M' 'M' 'M' 'M' 'U' 'M' 'M' 'M' 'M' 'U' 'M' 'M' 'M' 'M' 'M' 'M'
 'M' 'M' 'M' 'M' 'M' 'M' 'M' 'M' 'M' 'M' 'M' 'M' 'M' 'M' 'U' 'M' 'M' 'M'
 'M' 'M' 'M' 'M' 'M' 'M' 'M' 'M' 'M' 'M' 'M' 'M' 'M' 'M' 'M' 'M' 'M' 'U']"
25501,0,185,8,177,13,0,0,"['A' 'M' 'M' 'M' 'M' 'M' 'M' 'M' 'M' 'M' 'M' 'M' 'M' 'M' 'M' 'M' 'M' 'M'
 'M' 'M' 'M' 'M' 'M' 'M' 'U' 'M' 'M' 'M' 'M' 'M' 'M' 'M' 'M' 'M' 'M' 'M'
 'M' 'M' 'M' 'M' 'M' 'M' 'M' 'M' 'M' 'M' 'M' 'M' 'M' 'M' 'M' 'M' 'M' 'M'
 'M' 'M' 'M' 'M' 'M' 'M' 'M' 'M' 'M' 'M' 'M' 'M' 'M' 'M' 'M' 'M' 'M' 'U'
 'M' 'M' 'M' 'M' 'M' 'M' 'M' 'M' 'M' 'M' 'M' 'M' 'M' 'M' 'M' 'M' 'M' 'M'
 'M' 'M' 'M' 'M' 'M' 'M' 'M' 'M' 'M' 'M' 'M' 'M' 'M' 'M' 'M' 'M' 'M' 'U'
 'M' 'M' 'M' 'M' 'M' 'M' 'M' 'M' 'M' 'M' 'M' 'M' 'M' 'M' 'M' 'M' 'M' 'M'
 'M' 'M' 'M' 'U' 'M' 'A' 'A' 'A' 'A' 'A' 'A' 'A' 'U' 'M' 'M' 'M' 'M' 'M'
 'M' 'M' 'M' 'M' 'M' 'M' 'U' 'M' 'M' 'M' 'M' 'U' 'M' 'M' 'M' 'M' 'M' 'M'
 'M' 'M' 'M' 'U' 'M' 'M' 'M' 'M' 'M' 'M' 'M' 'M' 'M' 'M' 'U' 'M' 'M' 'M'
 'M' 'M' 'M' 'M' 'M' 'M' 'M' 'U' 'M' 'M' 'M' 'M' 'M' 'U' 'U' 'M' 'M' 'U']"
25601,0,183,9,174,15,0,0,"['A' 'M' 'M' 'M' 'M' 'M' 'M' 'M' 'M' 'M' 'M' 'M' 'M' 'M' 'M' 'M' 'M' 'M'
 'M' 'M' 'M' 'M' 'M' 'M' 'M' 'M' 'M' 'M' 'M' 'M' 'M' 'M' 'M' 'M' 'M' 'M'
 'U' 'U' 'M' 'M' 'M' 'M' 'M' 'M' 'U' 'M' 'M' 'M' 'M' 'M' 'M' 'M' 'M' 'M'
 'M' 'M' 'M' 'M' 'M' 'M' 'M' 'M' 'M' 'M' 'M' 'M' 'M' 'M' 'M' 'M' 'M' 'M'
 'M' 'M' 'M' 'M' 'U' 'M' 'M' 'M' 'M' 'M' 'M' 'M' 'M' 'M' 'M' 'M' 'M' 'M'
 'M' 'M' 'M' 'M' 'M' 'M' 'M' 'M' 'M' 'M' 'M' 'M' 'M' 'M' 'M' 'M' 'M' 'M'
 'M' 'M' 'M' 'M' 'M' 'M' 'M' 'M' 'M' 'M' 'M' 'M' 'M' 'M' 'M' 'M' 'M' 'M'
 'M' 'U' 'M' 'U' 'M' 'A' 'A' 'A' 'A' 'A' 'A' 'A' 'A' 'M' 'U' 'M' 'M' 'M'
 'M' 'M' 'M' 'M' 'M' 'M' 'U' 'M' 'M' 'M' 'M' 'M' 'U' 'M' 'M' 'M' 'M' 'M'
 'M' 'M' 'M' 'M' 'M' 'M' 'M' 'M' 'M' 'U' 'M' 'M' 'M' 'M' 'U' 'M' 'M' 'M'
 'M' 'M' 'M' 'M' 'M' 'M' 'M' 'U' 'M' 'M' 'M' 'M' 'M' 'U' 'U' 'M' 'M' 'U']"
25701,0,179,6,173,19,0,0,"['A' 'M' 'M' 'M' 'M' 'M' 'M' 'M' 'M' 'M' 'M' 'M' 'M' 'M' 'M' 'M' 'M' 'M'
 'M' 'M' 'M' 'M' 'M' 'M' 'M' 'M' 'M' 'M' 'M' 'M' 'M' 'M' 'M' 'M' 'M' 'M'
 'M' 'M' 'M' 'M' 'M' 'M' 'M' 'M' 'U' 'M' 'M' 'M' 'M' 'M' 'M' 'M' 'M' 'M'
 'M' 'M' 'M' 'M' 'M' 'M' 'M' 'M' 'M' 'M' 'M' 'M' 'M' 'M' 'M' 'M' 'M' 'M'
 'M' 'M' 'U' 'M' 'M' 'M' 'M' 'M' 'M' 'M' 'M' 'M' 'M' 'M' 'M' 'M' 'M' 'M'
 'M' 'M' 'M' 'M' 'M' 'M' 'M' 'M' 'M' 'M' 'M' 'M' 'M' 'M' 'M' 'M' 'M' 'M'
 'M' 'M' 'M' 'M' 'M' 'M' 'M' 'M' 'M' 'U' 'M' 'M' 'M' 'M' 'U' 'M' 'M' 'M'
 'M' 'U' 'M' 'M' 'M' 'U' 'A' 'A' 'A' 'U' 'U' 'M' 'A' 'M' 'U' 'U' 'M' 'M'
 'M' 'M' 'M' 'M' 'M' 'M' 'M' 'M' 'M' 'M' 'M' 'M' 'U' 'M' 'M' 'U' 'M' 'M'
 'M' 'M' 'M' 'U' 'M' 'M' 'M' 'M' 'U' 'U' 'M' 'M' 'M' 'M' 'U' 'M' 'M' 'U'
 'M' 'M' 'M' 'M' 'M' 'M' 'M' 'U' 'M' 'M' 'M' 'M' 'M' 'A' 'M' 'M' 'M' 'U']"
25801,1,185,9,176,13,0,1,"['A' 'M' 'M' 'M' 'M' 'M' 'M' 'M' 'M' 'M' 'M' 'M' 'M' 'M' 'M' 'M' 'M' 'M'
 'M' 'M' 'M' 'M' 'M' 'M' 'M' 'M' 'M' 'M' 'M' 'M' 'M' 'M' 'M' 'M' 'M' 'M'
 'M' 'M' 'M' 'M' 'M' 'M' 'M' 'M' 'M' 'M' 'M' 'M' 'M' 'M' 'M' 'M' 'M' 'M'
 'M' 'M' 'M' 'M' 'M' 'M' 'M' 'M' 'M' 'M' 'M' 'M' 'M' 'M' 'M' 'M' 'M' 'M'
 'M' 'M' 'U' 'M' 'M' 'M' 'M' 'M' 'M' 'M' 'M' 'M' 'M' 'M' 'M' 'M' 'M' 'M'
 'M' 'M' 'M' 'M' 'M' 'M' 'M' 'M' 'M' 'M' 'M' 'M' 'M' 'M' 'U' 'M' 'M' 'M'
 'M' 'M' 'M' 'M' 'M' 'M' 'M' 'M' 'M' 'A' 'M' 'M' 'M' 'M' 'U' 'M' 'M' 'M'
 'M' 'U' 'M' 'M' 'M' 'A' 'A' 'U' 'A' 'A' 'M' 'A' 'A' 'M' 'M' 'U' 'M' 'M'
 'M' 'M' 'M' 'M' 'M' 'U' 'M' 'M' 'M' 'M' 'M' 'M' 'U' 'M' 'M' 'U' 'M' 'M'
 'M' 'M' 'M' 'M' 'M' 'M' 'M' 'M' 'M' 'U' 'M' 'M' 'M' 'M' 'U' 'M' 'M' 'U'
 'M' 'M' 'M' 'M' 'M' 'M' 'M' 'M' 'M' 'M' 'M' 'M' 'M' 'A' 'M' 'M' 'M' 'U']"
25901,0,178,7,171,20,0,0,"['A' 'M' 'M' 'M' 'M' 'M' 'M' 'M' 'M' 'M' 'M' 'M' 'M' 'M' 'M' 'M' 'M' 'M'
 'M' 'M' 'M' 'M' 'M' 'M' 'M' 'M' 'M' 'M' 'M' 'M' 'M' 'M' 'M' 'M' 'M' 'M'
 'M' 'M' 'M' 'M' 'M' 'M' 'M' 'M' 'M' 'M' 'M' 'M' 'M' 'M' 'M' 'M' 'M' 'M'
 'M' 'M' 'M' 'U' 'M' 'M' 'M' 'M' 'M' 'M' 'M' 'M' 'M' 'M' 'M' 'M' 'M' 'M'
 'M' 'M' 'M' 'M' 'M' 'M' 'M' 'U' 'M' 'M' 'M' 'M' 'M' 'M' 'M' 'M' 'M' 'M'
 'M' 'M' 'M' 'M' 'M' 'M' 'M' 'M' 'M' 'M' 'M' 'M' 'M' 'M' 'M' 'M' 'M' 'M'
 'M' 'M' 'M' 'M' 'M' 'M' 'M' 'M' 'M' 'A' 'M' 'M' 'M' 'M' 'U' 'M' 'M' 'M'
 'M' 'U' 'M' 'M' 'M' 'A' 'A' 'U' 'A' 'A' 'U' 'U' 'A' 'M' 'M' 'U' 'M' 'M'
 'M' 'M' 'M' 'M' 'M' 'U' 'U' 'M' 'M' 'M' 'M' 'M' 'U' 'M' 'M' 'U' 'M' 'M'
 'M' 'M' 'M' 'M' 'M' 'U' 'M' 'U' 'M' 'U' 'M' 'M' 'M' 'M' 'U' 'M' 'M' 'U'
 'M' 'M' 'M' 'M' 'M' 'M' 'M' 'M' 'M' 'M' 'M' 'M' 'M' 'U' 'U' 'M' 'M' 'U']"
26001,0,178,9,169,20,0,1,"['A' 'M' 'M' 'M' 'M' 'M' 'M' 'M' 'M' 'M' 'M' 'M' 'M' 'M' 'M' 'M' 'M' 'M'
 'M' 'M' 'M' 'M' 'M' 'M' 'M' 'M' 'M' 'M' 'M' 'M' 'M' 'M' 'M' 'M' 'M' 'M'
 'M' 'M' 'M' 'M' 'M' 'M' 'M' 'M' 'M' 'M' 'M' 'M' 'M' 'M' 'M' 'M' 'M' 'M'
 'M' 'M' 'M' 'U' 'M' 'M' 'M' 'M' 'M' 'M' 'M' 'M' 'M' 'M' 'M' 'M' 'M' 'M'
 'M' 'M' 'M' 'M' 'M' 'M' 'M' 'M' 'M' 'M' 'M' 'M' 'M' 'M' 'M' 'M' 'M' 'M'
 'M' 'M' 'M' 'M' 'U' 'M' 'M' 'M' 'M' 'M' 'M' 'M' 'M' 'M' 'M' 'M' 'M' 'M'
 'M' 'M' 'M' 'M' 'M' 'M' 'M' 'U' 'M' 'A' 'M' 'M' 'M' 'M' 'U' 'M' 'M' 'M'
 'M' 'M' 'U' 'M' 'M' 'A' 'U' 'A' 'A' 'U' 'A' 'A' 'A' 'M' 'M' 'U' 'M' 'M'
 'M' 'U' 'M' 'M' 'M' 'M' 'U' 'M' 'M' 'M' 'M' 'M' 'U' 'M' 'M' 'U' 'M' 'M'
 'M' 'M' 'M' 'M' 'M' 'M' 'M' 'U' 'M' 'U' 'M' 'M' 'M' 'M' 'U' 'A' 'M' 'U'
 'M' 'U' 'M' 'M' 'M' 'M' 'M' 'M' 'M' 'M' 'M' 'M' 'M' 'U' 'U' 'M' 'M' 'U']"
26101,0,174,8,166,24,0,0,"['A' 'M' 'M' 'M' 'M' 'M' 'M' 'M' 'M' 'M' 'M' 'M' 'M' 'M' 'M' 'M' 'M' 'M'
 'M' 'M' 'M' 'M' 'U' 'M' 'M' 'M' 'M' 'M' 'M' 'M' 'M' 'M' 'M' 'M' 'M' 'M'
 'M' 'M' 'M' 'M' 'M' 'M' 'M' 'M' 'M' 'M' 'M' 'M' 'M' 'M' 'M' 'M' 'M' 'M'
 'M' 'M' 'M' 'U' 'M' 'M' 'M' 'M' 'M' 'M' 'M' 'M' 'M' 'M' 'M' 'U' 'M' 'M'
 'M' 'M' 'M' 'M' 'M' 'M' 'M' 'M' 'M' 'M' 'M' 'M' 'M' 'M' 'M' 'M' 'M' 'M'
 'M' 'M' 'M' 'M' 'M' 'M' 'M' 'M' 'M' 'M' 'M' 'M' 'M' 'M' 'M' 'M' 'M' 'M'
 'M' 'M' 'M' 'M' 'M' 'M' 'M' 'U' 'M' 'A' 'M' 'M' 'M' 'M' 'U' 'M' 'M' 'M'
 'M' 'M' 'U' 'M' 'M' 'A' 'M' 'U' 'A' 'A' 'A' 'A' 'A' 'M' 'M' 'U' 'U' 'M'
 'M' 'U' 'M' 'M' 'M' 'M' 'U' 'M' 'M' 'M' 'M' 'M' 'M' 'M' 'M' 'U' 'M' 'M'
 'M' 'M' 'M' 'U' 'U' 'M' 'M' 'U' 'M' 'U' 'M' 'M' 'M' 'U' 'U' 'U' 'M' 'U'
 'M' 'M' 'M' 'M' 'M' 'M' 'M' 'M' 'M' 'M' 'M' 'M' 'M' 'U' 'U' 'U' 'M' 'U']"
26201,0,174,5,169,24,0,0,"['A' 'M' 'M' 'M' 'M' 'M' 'M' 'M' 'M' 'M' 'M' 'M' 'M' 'M' 'M' 'M' 'M' 'M'
 'M' 'M' 'M' 'M' 'M' 'M' 'M' 'M' 'M' 'M' 'M' 'M' 'M' 'M' 'M' 'M' 'M' 'M'
 'U' 'M' 'M' 'M' 'U' 'M' 'M' 'M' 'M' 'M' 'M' 'M' 'M' 'M' 'M' 'M' 'M' 'M'
 'M' 'M' 'M' 'U' 'M' 'M' 'M' 'M' 'M' 'M' 'M' 'M' 'M' 'M' 'M' 'M' 'M' 'M'
 'M' 'M' 'M' 'M' 'M' 'M' 'U' 'M' 'M' 'M' 'M' 'M' 'M' 'M' 'M' 'M' 'M' 'M'
 'M' 'M' 'M' 'M' 'M' 'M' 'M' 'M' 'M' 'M' 'M' 'M' 'M' 'M' 'M' 'M' 'M' 'M'
 'M' 'M' 'M' 'M' 'M' 'M' 'M' 'U' 'M' 'A' 'M' 'M' 'M' 'M' 'U' 'M' 'M' 'M'
 'M' 'M' 'M' 'M' 'M' 'U' 'U' 'U' 'U' 'A' 'U' 'A' 'A' 'M' 'M' 'U' 'U' 'M'
 'M' 'U' 'M' 'M' 'M' 'M' 'U' 'M' 'M' 'M' 'M' 'M' 'M' 'M' 'M' 'U' 'M' 'M'
 'M' 'M' 'M' 'M' 'M' 'M' 'M' 'U' 'M' 'U' 'M' 'M' 'M' 'U' 'U' 'U' 'M' 'U'
 'M' 'M' 'M' 'M' 'M' 'M' 'M' 'M' 'M' 'M' 'M' 'M' 'M' 'U' 'M' 'M' 'M' 'U']"
26301,0,175,7,168,23,1,0,"['A' 'U' 'M' 'M' 'M' 'M' 'M' 'M' 'M' 'M' 'M' 'M' 'M' 'M' 'M' 'M' 'M' 'M'
 'M' 'M' 'M' 'M' 'M' 'M' 'M' 'M' 'M' 'M' 'M' 'M' 'M' 'M' 'M' 'M' 'M' 'M'
 'U' 'M' 'M' 'M' 'M' 'M' 'M' 'M' 'M' 'M' 'U' 'M' 'M' 'M' 'M' 'M' 'M' 'M'
 'M' 'M' 'M' 'U' 'M' 'M' 'M' 'M' 'M' 'M' 'M' 'M' 'M' 'M' 'M' 'M' 'M' 'U'
 'M' 'M' 'M' 'M' 'M' 'M' 'M' 'M' 'M' 'M' 'M' 'M' 'M' 'M' 'M' 'M' 'M' 'M'
 'M' 'M' 'M' 'M' 'M' 'M' 'M' 'U' 'M' 'M' 'M' 'M' 'M' 'M' 'M' 'M' 'M' 'M'
 'U' 'M' 'M' 'M' 'M' 'M' 'M' 'U' 'M' 'A' 'M' 'M' 'M' 'M' 'U' 'M' 'M' 'M'
 'M' 'M' 'M' 'M' 'M' 'A' 'A' 'U' 'A' 'U' 'A' 'A' 'U' 'M' 'M' 'U' 'M' 'M'
 'M' 'U' 'M' 'M' 'M' 'M' 'U' 'M' 'M' 'U' 'M' 'M' 'M' 'M' 'M' 'M' 'M' 'M'
 'M' 'M' 'M' 'M' 'M' 'M' 'M' 'U' 'M' 'U' 'M' 'M' 'M' 'U' 'M' 'U' 'M' 'U'
 'M' 'M' 'M' 'M' 'M' 'M' 'M' 'M' 'M' 'M' 'M' 'M' 'M' 'U' 'M' 'M' 'M' 'U']"
26401,0,182,6,176,16,0,1,"['A' 'M' 'M' 'M' 'M' 'M' 'M' 'M' 'M' 'M' 'M' 'M' 'M' 'M' 'M' 'M' 'M' 'M'
 'M' 'M' 'M' 'M' 'M' 'M' 'M' 'U' 'M' 'M' 'M' 'M' 'M' 'M' 'M' 'M' 'M' 'M'
 'U' 'M' 'M' 'M' 'M' 'M' 'M' 'M' 'M' 'M' 'M' 'M' 'M' 'M' 'M' 'M' 'M' 'M'
 'M' 'M' 'M' 'M' 'M' 'M' 'M' 'M' 'M' 'M' 'M' 'M' 'M' 'M' 'M' 'M' 'M' 'M'
 'M' 'M' 'M' 'M' 'M' 'M' 'M' 'M' 'M' 'M' 'M' 'U' 'M' 'M' 'M' 'M' 'M' 'M'
 'M' 'M' 'M' 'M' 'M' 'M' 'M' 'U' 'M' 'M' 'M' 'M' 'M' 'M' 'M' 'M' 'M' 'M'
 'M' 'M' 'M' 'M' 'M' 'M' 'M' 'A' 'M' 'M' 'M' 'M' 'M' 'M' 'U' 'M' 'M' 'M'
 'M' 'M' 'M' 'M' 'M' 'A' 'A' 'U' 'U' 'M' 'A' 'U' 'A' 'M' 'M' 'M' 'M' 'M'
 'M' 'M' 'M' 'M' 'U' 'M' 'U' 'M' 'M' 'U' 'M' 'M' 'M' 'M' 'M' 'M' 'M' 'M'
 'M' 'M' 'M' 'M' 'M' 'M' 'M' 'U' 'M' 'U' 'M' 'M' 'M' 'U' 'M' 'U' 'M' 'M'
 'M' 'M' 'M' 'M' 'M' 'M' 'M' 'M' 'M' 'M' 'M' 'M' 'M' 'U' 'M' 'M' 'M' 'M']"
26501,0,182,3,179,16,0,0,"['A' 'M' 'M' 'M' 'M' 'M' 'M' 'M' 'M' 'M' 'M' 'M' 'M' 'M' 'M' 'M' 'M' 'M'
 'M' 'M' 'M' 'M' 'M' 'M' 'M' 'U' 'M' 'M' 'M' 'M' 'M' 'M' 'M' 'M' 'M' 'M'
 'U' 'M' 'M' 'M' 'M' 'M' 'M' 'M' 'M' 'M' 'M' 'M' 'M' 'U' 'M' 'M' 'M' 'M'
 'M' 'M' 'M' 'M' 'M' 'M' 'M' 'M' 'M' 'M' 'M' 'M' 'M' 'M' 'M' 'M' 'M' 'M'
 'M' 'M' 'M' 'M' 'M' 'M' 'M' 'M' 'M' 'M' 'M' 'M' 'M' 'M' 'M' 'M' 'M' 'M'
 'U' 'M' 'M' 'M' 'M' 'M' 'M' 'M' 'M' 'M' 'M' 'M' 'M' 'M' 'M' 'M' 'M' 'M'
 'M' 'M' 'M' 'M' 'M' 'M' 'M' 'U' 'M' 'M' 'M' 'M' 'M' 'M' 'M' 'M' 'M' 'M'
 'M' 'M' 'U' 'M' 'M' 'A' 'M' 'U' 'U' 'M' 'U' 'U' 'A' 'M' 'M' 'M' 'M' 'M'
 'M' 'M' 'M' 'M' 'U' 'M' 'M' 'M' 'M' 'U' 'M' 'M' 'M' 'M' 'M' 'M' 'M' 'M'
 'M' 'M' 'M' 'M' 'M' 'M' 'M' 'U' 'M' 'M' 'M' 'M' 'M' 'M' 'M' 'U' 'M' 'M'
 'M' 'M' 'M' 'M' 'M' 'M' 'M' 'M' 'M' 'U' 'M' 'M' 'M' 'M' 'M' 'U' 'M' 'M']"
26601,1,185,8,177,13,0,0,"['A' 'M' 'M' 'M' 'M' 'M' 'M' 'M' 'M' 'M' 'M' 'M' 'M' 'M' 'M' 'M' 'M' 'M'
 'M' 'M' 'M' 'M' 'M' 'M' 'M' 'M' 'M' 'M' 'M' 'M' 'M' 'M' 'M' 'U' 'M' 'M'
 'U' 'M' 'M' 'M' 'M' 'M' 'M' 'M' 'M' 'M' 'M' 'M' 'M' 'M' 'M' 'M' 'M' 'M'
 'M' 'M' 'M' 'M' 'M' 'M' 'M' 'M' 'M' 'M' 'M' 'M' 'M' 'M' 'M' 'M' 'M' 'M'
 'M' 'M' 'M' 'M' 'M' 'M' 'M' 'M' 'M' 'M' 'M' 'M' 'M' 'M' 'M' 'M' 'M' 'M'
 'M' 'U' 'M' 'M' 'M' 'M' 'M' 'M' 'M' 'M' 'M' 'M' 'M' 'M' 'M' 'M' 'M' 'M'
 'M' 'M' 'M' 'M' 'M' 'M' 'M' 'M' 'M' 'U' 'M' 'M' 'M' 'M' 'M' 'M' 'M' 'M'
 'M' 'M' 'U' 'M' 'M' 'A' 'A' 'A' 'U' 'A' 'A' 'A' 'A' 'M' 'M' 'M' 'M' 'M'
 'M' 'M' 'M' 'M' 'U' 'M' 'M' 'M' 'M' 'M' 'M' 'M' 'U' 'M' 'M' 'M' 'M' 'U'
 'M' 'M' 'M' 'M' 'M' 'M' 'M' 'U' 'M' 'M' 'M' 'M' 'M' 'M' 'M' 'U' 'M' 'M'
 'M' 'M' 'M' 'M' 'M' 'M' 'M' 'M' 'M' 'U' 'M' 'M' 'M' 'M' 'M' 'U' 'M' 'M']"
26701,1,186,8,178,12,0,0,"['A' 'M' 'M' 'U' 'M' 'M' 'M' 'M' 'M' 'M' 'M' 'M' 'M' 'U' 'M' 'M' 'M' 'M'
 'M' 'M' 'M' 'M' 'M' 'M' 'M' 'M' 'M' 'M' 'M' 'M' 'M' 'M' 'M' 'M' 'M' 'M'
 'U' 'M' 'M' 'M' 'M' 'M' 'M' 'M' 'M' 'M' 'M' 'M' 'M' 'M' 'M' 'M' 'M' 'M'
 'M' 'M' 'M' 'M' 'M' 'M' 'M' 'M' 'M' 'M' 'M' 'M' 'M' 'M' 'M' 'M' 'M' 'M'
 'M' 'M' 'M' 'M' 'M' 'M' 'M' 'M' 'U' 'M' 'M' 'M' 'M' 'M' 'M' 'M' 'M' 'M'
 'M' 'M' 'M' 'M' 'M' 'M' 'M' 'M' 'M' 'M' 'M' 'M' 'M' 'M' 'M' 'M' 'M' 'M'
 'M' 'M' 'M' 'M' 'M' 'M' 'M' 'M' 'M' 'U' 'M' 'M' 'M' 'M' 'M' 'M' 'M' 'M'
 'M' 'M' 'U' 'M' 'M' 'A' 'A' 'A' 'A' 'M' 'A' 'A' 'A' 'M' 'M' 'M' 'M' 'M'
 'M' 'M' 'M' 'M' 'M' 'M' 'M' 'U' 'M' 'M' 'M' 'M' 'M' 'M' 'M' 'M' 'M' 'U'
 'M' 'M' 'M' 'U' 'M' 'M' 'M' 'U' 'M' 'M' 'M' 'M' 'M' 'M' 'M' 'U' 'M' 'M'
 'M' 'M' 'M' 'M' 'M' 'M' 'M' 'M' 'M' 'U' 'M' 'M' 'M' 'M' 'M' 'M' 'M' 'M']"
26801,0,182,7,175,16,0,1,"['A' 'M' 'M' 'M' 'M' 'M' 'M' 'M' 'M' 'M' 'M' 'M' 'M' 'U' 'M' 'M' 'M' 'M'
 'M' 'M' 'M' 'M' 'M' 'M' 'M' 'M' 'M' 'U' 'M' 'M' 'M' 'M' 'U' 'M' 'M' 'M'
 'M' 'M' 'M' 'M' 'M' 'M' 'M' 'M' 'M' 'M' 'M' 'M' 'M' 'M' 'M' 'M' 'M' 'M'
 'M' 'M' 'M' 'M' 'U' 'M' 'M' 'M' 'M' 'M' 'U' 'M' 'M' 'M' 'M' 'M' 'M' 'M'
 'U' 'M' 'M' 'M' 'M' 'M' 'M' 'M' 'M' 'M' 'M' 'M' 'M' 'M' 'M' 'M' 'M' 'M'
 'M' 'M' 'M' 'M' 'M' 'M' 'M' 'M' 'M' 'M' 'M' 'M' 'M' 'M' 'M' 'M' 'M' 'M'
 'M' 'M' 'M' 'M' 'M' 'M' 'M' 'U' 'M' 'U' 'M' 'M' 'M' 'M' 'M' 'M' 'M' 'M'
 'M' 'M' 'U' 'M' 'M' 'A' 'A' 'A' 'M' 'A' 'U' 'A' 'A' 'M' 'M' 'M' 'M' 'M'
 'M' 'M' 'M' 'M' 'M' 'M' 'M' 'M' 'M' 'M' 'M' 'M' 'M' 'M' 'M' 'U' 'M' 'U'
 'M' 'M' 'M' 'U' 'M' 'M' 'M' 'U' 'M' 'M' 'M' 'M' 'M' 'M' 'M' 'U' 'M' 'M'
 'M' 'M' 'M' 'M' 'M' 'M' 'U' 'M' 'M' 'M' 'M' 'M' 'M' 'M' 'M' 'M' 'M' 'M']"
26901,0,180,6,174,18,0,1,"['A' 'M' 'M' 'M' 'M' 'M' 'M' 'M' 'M' 'M' 'M' 'M' 'M' 'U' 'M' 'M' 'M' 'M'
 'M' 'M' 'M' 'M' 'M' 'M' 'M' 'M' 'M' 'U' 'M' 'M' 'M' 'M' 'U' 'M' 'M' 'M'
 'M' 'M' 'U' 'M' 'M' 'M' 'M' 'M' 'M' 'M' 'M' 'M' 'M' 'M' 'M' 'M' 'M' 'M'
 'M' 'M' 'M' 'M' 'M' 'M' 'M' 'M' 'M' 'M' 'U' 'M' 'M' 'M' 'M' 'M' 'M' 'U'
 'M' 'M' 'M' 'M' 'M' 'M' 'M' 'M' 'M' 'M' 'M' 'M' 'M' 'M' 'M' 'M' 'M' 'M'
 'M' 'M' 'M' 'M' 'M' 'M' 'M' 'M' 'M' 'M' 'M' 'M' 'M' 'M' 'U' 'M' 'M' 'U'
 'M' 'M' 'M' 'M' 'M' 'M' 'M' 'U' 'M' 'U' 'M' 'M' 'U' 'M' 'M' 'M' 'M' 'M'
 'M' 'M' 'U' 'M' 'M' 'A' 'U' 'A' 'M' 'A' 'M' 'A' 'A' 'M' 'M' 'M' 'M' 'M'
 'M' 'M' 'M' 'M' 'M' 'M' 'M' 'M' 'M' 'M' 'M' 'M' 'M' 'M' 'M' 'U' 'M' 'M'
 'M' 'M' 'M' 'M' 'M' 'M' 'M' 'U' 'M' 'M' 'M' 'U' 'M' 'M' 'M' 'U' 'M' 'M'
 'M' 'M' 'M' 'M' 'M' 'M' 'U' 'M' 'M' 'M' 'M' 'M' 'M' 'M' 'M' 'M' 'M' 'M']"
27001,0,182,6,176,16,0,0,"['A' 'M' 'M' 'M' 'M' 'M' 'M' 'M' 'M' 'M' 'M' 'M' 'M' 'U' 'M' 'M' 'M' 'M'
 'M' 'M' 'M' 'M' 'M' 'M' 'M' 'M' 'M' 'M' 'M' 'M' 'M' 'M' 'U' 'M' 'M' 'M'
 'M' 'M' 'U' 'M' 'M' 'M' 'M' 'M' 'M' 'M' 'M' 'M' 'M' 'M' 'M' 'M' 'M' 'M'
 'M' 'M' 'M' 'M' 'M' 'M' 'M' 'M' 'M' 'M' 'M' 'M' 'M' 'M' 'M' 'M' 'M' 'M'
 'M' 'M' 'M' 'M' 'U' 'M' 'M' 'M' 'M' 'M' 'M' 'M' 'M' 'M' 'M' 'M' 'M' 'M'
 'M' 'M' 'M' 'M' 'M' 'M' 'M' 'M' 'M' 'M' 'M' 'M' 'U' 'M' 'U' 'M' 'M' 'U'
 'M' 'M' 'M' 'M' 'M' 'M' 'M' 'M' 'M' 'U' 'M' 'M' 'M' 'M' 'M' 'M' 'M' 'M'
 'M' 'M' 'M' 'M' 'M' 'A' 'U' 'A' 'U' 'A' 'U' 'A' 'A' 'M' 'M' 'M' 'M' 'M'
 'M' 'M' 'M' 'M' 'U' 'M' 'M' 'M' 'M' 'M' 'M' 'M' 'M' 'M' 'M' 'M' 'M' 'M'
 'M' 'M' 'M' 'M' 'M' 'M' 'M' 'U' 'M' 'M' 'M' 'U' 'M' 'M' 'M' 'U' 'M' 'M'
 'M' 'M' 'M' 'M' 'M' 'M' 'U' 'M' 'M' 'M' 'M' 'M' 'M' 'M' 'M' 'M' 'M' 'M']"
27101,0,185,9,176,13,0,0,"['A' 'M' 'M' 'M' 'M' 'M' 'M' 'M' 'M' 'M' 'M' 'M' 'M' 'U' 'M' 'M' 'M' 'M'
 'M' 'M' 'M' 'M' 'M' 'M' 'M' 'M' 'M' 'M' 'M' 'M' 'M' 'M' 'U' 'M' 'M' 'M'
 'M' 'M' 'U' 'M' 'M' 'M' 'M' 'M' 'M' 'M' 'M' 'M' 'M' 'M' 'U' 'M' 'M' 'M'
 'M' 'M' 'M' 'M' 'M' 'M' 'M' 'M' 'U' 'M' 'M' 'M' 'M' 'M' 'M' 'M' 'M' 'M'
 'M' 'M' 'M' 'M' 'M' 'M' 'M' 'M' 'M' 'M' 'M' 'M' 'M' 'M' 'U' 'M' 'M' 'M'
 'M' 'M' 'M' 'M' 'M' 'M' 'M' 'M' 'M' 'M' 'M' 'M' 'U' 'M' 'M' 'M' 'M' 'U'
 'M' 'M' 'M' 'M' 'M' 'M' 'M' 'M' 'M' 'M' 'M' 'M' 'M' 'M' 'M' 'M' 'M' 'M'
 'M' 'M' 'M' 'M' 'M' 'A' 'A' 'A' 'A' 'A' 'A' 'A' 'A' 'M' 'M' 'M' 'M' 'M'
 'M' 'M' 'M' 'M' 'U' 'M' 'M' 'M' 'M' 'M' 'M' 'M' 'M' 'M' 'M' 'M' 'M' 'M'
 'M' 'M' 'M' 'U' 'M' 'M' 'M' 'U' 'M' 'M' 'M' 'U' 'M' 'M' 'M' 'U' 'M' 'M'
 'M' 'M' 'M' 'M' 'M' 'M' 'M' 'M' 'M' 'M' 'M' 'M' 'M' 'M' 'M' 'M' 'M' 'M']"
27201,0,183,6,177,15,0,0,"['A' 'M' 'M' 'U' 'M' 'M' 'M' 'M' 'M' 'M' 'M' 'M' 'M' 'M' 'M' 'M' 'M' 'M'
 'M' 'M' 'M' 'M' 'M' 'M' 'M' 'M' 'M' 'M' 'M' 'M' 'U' 'M' 'M' 'M' 'M' 'M'
 'M' 'M' 'U' 'M' 'M' 'M' 'M' 'M' 'M' 'M' 'M' 'M' 'M' 'M' 'M' 'M' 'M' 'M'
 'M' 'M' 'M' 'M' 'M' 'M' 'M' 'M' 'M' 'M' 'M' 'M' 'M' 'M' 'M' 'M' 'M' 'U'
 'M' 'M' 'M' 'M' 'M' 'M' 'M' 'M' 'M' 'M' 'M' 'M' 'M' 'M' 'M' 'M' 'M' 'M'
 'M' 'M' 'M' 'M' 'M' 'M' 'M' 'M' 'M' 'M' 'M' 'M' 'U' 'M' 'M' 'M' 'M' 'U'
 'U' 'M' 'M' 'M' 'M' 'M' 'M' 'M' 'M' 'M' 'M' 'M' 'U' 'M' 'M' 'M' 'M' 'M'
 'M' 'M' 'M' 'M' 'M' 'A' 'M' 'A' 'A' 'A' 'U' 'U' 'A' 'M' 'M' 'M' 'M' 'M'
 'M' 'M' 'M' 'M' 'M' 'M' 'M' 'M' 'M' 'M' 'M' 'M' 'M' 'M' 'M' 'M' 'M' 'M'
 'M' 'M' 'M' 'M' 'M' 'M' 'M' 'U' 'M' 'U' 'M' 'U' 'M' 'M' 'M' 'U' 'M' 'M'
 'M' 'M' 'M' 'M' 'U' 'M' 'M' 'M' 'M' 'M' 'M' 'M' 'M' 'M' 'M' 'M' 'M' 'M']"
27301,0,189,6,183,9,0,0,"['A' 'M' 'M' 'U' 'M' 'M' 'M' 'M' 'M' 'M' 'M' 'M' 'M' 'M' 'M' 'M' 'M' 'M'
 'M' 'M' 'M' 'M' 'M' 'M' 'M' 'M' 'M' 'M' 'M' 'M' 'U' 'M' 'M' 'M' 'M' 'M'
 'M' 'M' 'M' 'M' 'M' 'M' 'M' 'M' 'M' 'M' 'M' 'M' 'M' 'M' 'M' 'M' 'M' 'M'
 'M' 'M' 'M' 'M' 'M' 'M' 'M' 'M' 'M' 'M' 'M' 'M' 'M' 'M' 'M' 'M' 'M' 'M'
 'M' 'M' 'M' 'M' 'M' 'M' 'M' 'M' 'M' 'M' 'M' 'M' 'M' 'M' 'M' 'M' 'M' 'M'
 'U' 'M' 'M' 'M' 'M' 'M' 'M' 'M' 'M' 'M' 'U' 'M' 'U' 'M' 'M' 'M' 'M' 'M'
 'M' 'M' 'M' 'M' 'M' 'M' 'M' 'M' 'M' 'M' 'M' 'M' 'M' 'M' 'M' 'M' 'M' 'M'
 'M' 'M' 'M' 'M' 'M' 'A' 'U' 'A' 'A' 'U' 'U' 'A' 'A' 'M' 'M' 'M' 'M' 'M'
 'M' 'M' 'M' 'M' 'M' 'M' 'M' 'M' 'M' 'M' 'M' 'M' 'M' 'M' 'M' 'M' 'M' 'M'
 'M' 'M' 'M' 'M' 'M' 'M' 'M' 'M' 'M' 'M' 'M' 'M' 'M' 'M' 'M' 'M' 'M' 'M'
 'M' 'M' 'M' 'M' 'U' 'M' 'M' 'M' 'M' 'M' 'M' 'M' 'M' 'M' 'M' 'M' 'M' 'M']"
27401,1,184,5,179,14,0,0,"['A' 'M' 'M' 'U' 'M' 'M' 'M' 'M' 'M' 'M' 'M' 'M' 'M' 'M' 'M' 'M' 'M' 'M'
 'M' 'M' 'M' 'M' 'M' 'M' 'M' 'M' 'M' 'M' 'M' 'M' 'U' 'M' 'M' 'M' 'M' 'M'
 'M' 'M' 'M' 'M' 'M' 'M' 'M' 'M' 'M' 'M' 'M' 'M' 'M' 'M' 'U' 'M' 'M' 'M'
 'M' 'M' 'M' 'M' 'M' 'M' 'M' 'M' 'M' 'M' 'M' 'M' 'M' 'M' 'M' 'M' 'M' 'M'
 'M' 'M' 'M' 'M' 'M' 'M' 'M' 'M' 'M' 'M' 'M' 'M' 'M' 'M' 'M' 'U' 'M' 'M'
 'M' 'M' 'M' 'M' 'M' 'M' 'M' 'M' 'M' 'M' 'U' 'M' 'U' 'M' 'M' 'M' 'M' 'M'
 'M' 'M' 'M' 'M' 'M' 'M' 'M' 'M' 'M' 'M' 'M' 'M' 'M' 'M' 'M' 'M' 'M' 'U'
 'M' 'M' 'M' 'M' 'M' 'A' 'U' 'A' 'A' 'U' 'A' 'U' 'U' 'M' 'M' 'M' 'M' 'M'
 'M' 'M' 'M' 'M' 'M' 'U' 'M' 'M' 'M' 'M' 'M' 'M' 'M' 'M' 'M' 'M' 'M' 'M'
 'M' 'M' 'M' 'M' 'M' 'M' 'M' 'M' 'M' 'M' 'M' 'M' 'M' 'U' 'M' 'M' 'M' 'M'
 'M' 'M' 'M' 'M' 'U' 'M' 'M' 'M' 'M' 'M' 'M' 'M' 'M' 'M' 'M' 'M' 'M' 'M']"
27501,0,188,8,180,10,0,0,"['A' 'M' 'M' 'U' 'M' 'M' 'M' 'M' 'M' 'M' 'M' 'M' 'M' 'M' 'M' 'M' 'M' 'M'
 'M' 'M' 'M' 'M' 'M' 'M' 'M' 'M' 'M' 'M' 'M' 'M' 'M' 'M' 'M' 'M' 'M' 'M'
 'M' 'M' 'M' 'M' 'M' 'M' 'M' 'M' 'M' 'M' 'M' 'M' 'M' 'M' 'U' 'M' 'M' 'M'
 'M' 'M' 'M' 'M' 'M' 'M' 'M' 'M' 'M' 'M' 'M' 'M' 'M' 'M' 'M' 'M' 'M' 'M'
 'M' 'M' 'U' 'M' 'M' 'M' 'M' 'M' 'M' 'M' 'M' 'M' 'M' 'M' 'M' 'M' 'M' 'M'
 'M' 'M' 'M' 'M' 'M' 'M' 'M' 'M' 'M' 'M' 'U' 'M' 'U' 'M' 'M' 'M' 'M' 'M'
 'M' 'M' 'M' 'M' 'M' 'M' 'M' 'M' 'M' 'M' 'M' 'M' 'M' 'M' 'M' 'M' 'M' 'U'
 'M' 'M' 'M' 'M' 'M' 'A' 'U' 'A' 'A' 'A' 'A' 'A' 'A' 'M' 'M' 'M' 'M' 'M'
 'M' 'M' 'M' 'M' 'U' 'M' 'M' 'M' 'M' 'M' 'M' 'M' 'M' 'M' 'M' 'M' 'M' 'M'
 'M' 'M' 'M' 'M' 'M' 'M' 'M' 'M' 'M' 'M' 'M' 'M' 'M' 'M' 'M' 'M' 'M' 'M'
 'M' 'M' 'M' 'M' 'U' 'M' 'M' 'M' 'M' 'M' 'M' 'M' 'M' 'U' 'M' 'M' 'M' 'M']"
27601,0,185,8,177,13,0,0,"['A' 'M' 'M' 'U' 'M' 'M' 'U' 'M' 'M' 'M' 'M' 'M' 'M' 'M' 'M' 'M' 'M' 'M'
 'M' 'M' 'M' 'M' 'M' 'M' 'M' 'M' 'M' 'M' 'M' 'M' 'M' 'M' 'M' 'U' 'M' 'M'
 'M' 'M' 'M' 'M' 'M' 'M' 'M' 'M' 'M' 'M' 'M' 'M' 'M' 'M' 'U' 'M' 'M' 'U'
 'M' 'M' 'M' 'M' 'M' 'M' 'M' 'M' 'M' 'U' 'M' 'M' 'M' 'M' 'M' 'M' 'M' 'M'
 'M' 'M' 'M' 'M' 'M' 'M' 'M' 'M' 'M' 'M' 'M' 'M' 'M' 'M' 'M' 'M' 'M' 'M'
 'M' 'U' 'M' 'M' 'M' 'M' 'M' 'M' 'M' 'M' 'U' 'M' 'M' 'M' 'M' 'M' 'M' 'M'
 'M' 'M' 'M' 'M' 'M' 'M' 'M' 'U' 'M' 'M' 'M' 'M' 'M' 'M' 'M' 'M' 'M' 'U'
 'M' 'M' 'M' 'M' 'M' 'A' 'A' 'A' 'A' 'A' 'A' 'A' 'U' 'M' 'M' 'M' 'M' 'M'
 'M' 'M' 'M' 'M' 'U' 'M' 'M' 'M' 'M' 'M' 'M' 'M' 'M' 'M' 'M' 'M' 'M' 'M'
 'M' 'M' 'M' 'M' 'M' 'M' 'M' 'M' 'M' 'M' 'M' 'M' 'M' 'M' 'M' 'M' 'M' 'M'
 'M' 'M' 'M' 'M' 'U' 'M' 'M' 'M' 'M' 'M' 'M' 'M' 'M' 'M' 'M' 'M' 'M' 'M']"
27701,0,182,6,176,16,0,0,"['A' 'M' 'M' 'A' 'M' 'M' 'U' 'M' 'M' 'M' 'U' 'M' 'M' 'M' 'M' 'M' 'M' 'M'
 'M' 'M' 'M' 'M' 'M' 'M' 'M' 'M' 'M' 'M' 'U' 'M' 'M' 'M' 'M' 'U' 'M' 'M'
 'M' 'M' 'M' 'M' 'M' 'M' 'M' 'M' 'M' 'M' 'U' 'M' 'M' 'M' 'U' 'M' 'M' 'U'
 'M' 'M' 'M' 'M' 'U' 'M' 'M' 'M' 'M' 'U' 'M' 'M' 'M' 'M' 'M' 'M' 'M' 'M'
 'M' 'M' 'U' 'M' 'M' 'M' 'M' 'M' 'M' 'M' 'M' 'M' 'M' 'M' 'M' 'M' 'M' 'M'
 'M' 'M' 'M' 'M' 'M' 'M' 'M' 'M' 'M' 'M' 'U' 'M' 'M' 'M' 'M' 'M' 'M' 'M'
 'M' 'M' 'M' 'M' 'M' 'M' 'M' 'M' 'M' 'M' 'M' 'M' 'M' 'M' 'M' 'M' 'M' 'U'
 'M' 'U' 'M' 'M' 'M' 'A' 'A' 'M' 'A' 'U' 'A' 'U' 'U' 'M' 'M' 'M' 'M' 'M'
 'M' 'M' 'M' 'M' 'M' 'M' 'M' 'M' 'M' 'M' 'M' 'M' 'M' 'M' 'M' 'M' 'M' 'M'
 'M' 'M' 'M' 'M' 'M' 'M' 'M' 'M' 'M' 'M' 'M' 'M' 'M' 'M' 'M' 'M' 'M' 'M'
 'M' 'M' 'M' 'M' 'M' 'M' 'M' 'M' 'M' 'M' 'M' 'M' 'M' 'M' 'M' 'M' 'M' 'M']"
27801,0,182,8,174,16,0,0,"['A' 'M' 'M' 'A' 'M' 'M' 'U' 'M' 'M' 'M' 'U' 'M' 'M' 'M' 'M' 'M' 'M' 'M'
 'M' 'U' 'M' 'U' 'M' 'M' 'M' 'M' 'M' 'M' 'U' 'M' 'M' 'M' 'M' 'M' 'M' 'M'
 'M' 'M' 'M' 'M' 'M' 'M' 'M' 'M' 'M' 'M' 'M' 'M' 'M' 'M' 'U' 'M' 'M' 'U'
 'M' 'M' 'M' 'M' 'M' 'M' 'M' 'M' 'M' 'M' 'M' 'M' 'M' 'M' 'M' 'M' 'M' 'M'
 'M' 'M' 'M' 'M' 'M' 'M' 'U' 'M' 'M' 'M' 'M' 'M' 'M' 'M' 'M' 'M' 'M' 'M'
 'M' 'M' 'M' 'M' 'M' 'M' 'M' 'M' 'M' 'M' 'U' 'M' 'M' 'M' 'M' 'M' 'M' 'M'
 'M' 'M' 'M' 'M' 'M' 'M' 'M' 'M' 'M' 'M' 'M' 'M' 'M' 'M' 'M' 'M' 'M' 'U'
 'M' 'U' 'M' 'M' 'M' 'A' 'U' 'A' 'A' 'A' 'A' 'A' 'U' 'M' 'M' 'M' 'M' 'M'
 'M' 'M' 'M' 'M' 'M' 'M' 'M' 'M' 'M' 'M' 'M' 'M' 'M' 'M' 'M' 'U' 'M' 'M'
 'M' 'M' 'M' 'M' 'M' 'M' 'M' 'M' 'M' 'M' 'M' 'M' 'M' 'M' 'M' 'M' 'M' 'M'
 'U' 'M' 'M' 'M' 'M' 'M' 'M' 'M' 'M' 'M' 'M' 'M' 'M' 'M' 'M' 'M' 'M' 'U']"
27901,0,181,8,173,17,0,0,"['A' 'M' 'M' 'A' 'M' 'M' 'U' 'M' 'M' 'M' 'U' 'M' 'M' 'M' 'M' 'U' 'M' 'M'
 'M' 'M' 'M' 'U' 'M' 'M' 'M' 'U' 'M' 'M' 'M' 'M' 'M' 'M' 'M' 'M' 'M' 'M'
 'M' 'M' 'M' 'M' 'M' 'M' 'M' 'M' 'M' 'M' 'M' 'M' 'M' 'M' 'U' 'M' 'M' 'U'
 'M' 'M' 'M' 'M' 'M' 'U' 'M' 'M' 'M' 'M' 'M' 'M' 'M' 'M' 'M' 'M' 'M' 'M'
 'M' 'M' 'M' 'M' 'M' 'M' 'M' 'M' 'U' 'M' 'M' 'M' 'M' 'M' 'M' 'M' 'M' 'M'
 'M' 'M' 'M' 'M' 'M' 'M' 'M' 'M' 'M' 'M' 'U' 'M' 'M' 'M' 'M' 'M' 'M' 'M'
 'M' 'M' 'M' 'M' 'M' 'M' 'M' 'M' 'M' 'M' 'M' 'M' 'M' 'M' 'M' 'M' 'M' 'M'
 'M' 'M' 'M' 'M' 'M' 'A' 'U' 'A' 'A' 'A' 'A' 'A' 'U' 'M' 'M' 'M' 'M' 'M'
 'M' 'M' 'M' 'M' 'M' 'M' 'U' 'M' 'M' 'M' 'M' 'M' 'M' 'U' 'M' 'M' 'M' 'M'
 'M' 'M' 'U' 'M' 'M' 'M' 'M' 'M' 'M' 'M' 'M' 'M' 'M' 'M' 'M' 'M' 'M' 'M'
 'U' 'M' 'M' 'M' 'M' 'M' 'M' 'M' 'M' 'M' 'M' 'M' 'M' 'M' 'M' 'M' 'M' 'U']"
28001,0,183,9,174,15,0,0,"['A' 'M' 'M' 'A' 'M' 'M' 'M' 'M' 'M' 'M' 'U' 'M' 'M' 'M' 'M' 'U' 'M' 'M'
 'M' 'M' 'M' 'U' 'M' 'M' 'M' 'M' 'M' 'M' 'M' 'U' 'M' 'M' 'M' 'M' 'M' 'M'
 'M' 'M' 'M' 'M' 'M' 'M' 'M' 'M' 'M' 'M' 'M' 'M' 'M' 'M' 'U' 'M' 'M' 'U'
 'M' 'M' 'M' 'M' 'M' 'U' 'M' 'M' 'M' 'M' 'M' 'M' 'M' 'M' 'M' 'M' 'M' 'M'
 'M' 'M' 'M' 'M' 'M' 'M' 'M' 'M' 'M' 'M' 'M' 'M' 'M' 'M' 'M' 'M' 'M' 'M'
 'M' 'M' 'M' 'M' 'U' 'M' 'M' 'M' 'M' 'M' 'U' 'M' 'U' 'M' 'M' 'U' 'M' 'M'
 'M' 'M' 'M' 'M' 'M' 'M' 'M' 'M' 'M' 'M' 'M' 'M' 'M' 'M' 'M' 'M' 'M' 'M'
 'M' 'M' 'M' 'M' 'M' 'U' 'A' 'A' 'A' 'A' 'A' 'A' 'A' 'M' 'M' 'M' 'M' 'M'
 'M' 'M' 'M' 'M' 'M' 'M' 'M' 'M' 'M' 'M' 'M' 'M' 'M' 'M' 'M' 'M' 'M' 'M'
 'M' 'M' 'U' 'M' 'M' 'M' 'M' 'M' 'M' 'M' 'M' 'M' 'M' 'M' 'M' 'M' 'M' 'M'
 'U' 'M' 'M' 'M' 'M' 'M' 'M' 'M' 'M' 'M' 'M' 'M' 'M' 'M' 'M' 'M' 'M' 'U']"
28101,0,181,4,177,17,0,0,"['A' 'M' 'M' 'A' 'M' 'M' 'M' 'M' 'M' 'M' 'U' 'M' 'M' 'M' 'M' 'U' 'M' 'M'
 'M' 'M' 'M' 'U' 'M' 'M' 'M' 'M' 'M' 'M' 'M' 'M' 'M' 'M' 'M' 'M' 'M' 'M'
 'M' 'M' 'M' 'M' 'M' 'M' 'M' 'M' 'M' 'M' 'M' 'M' 'M' 'M' 'M' 'M' 'M' 'U'
 'M' 'M' 'M' 'M' 'M' 'M' 'M' 'M' 'M' 'M' 'M' 'M' 'M' 'M' 'M' 'M' 'M' 'M'
 'M' 'M' 'U' 'M' 'M' 'M' 'M' 'M' 'M' 'M' 'M' 'M' 'M' 'M' 'M' 'M' 'M' 'M'
 'M' 'M' 'M' 'M' 'M' 'M' 'M' 'M' 'M' 'M' 'M' 'U' 'M' 'M' 'M' 'U' 'M' 'M'
 'M' 'M' 'M' 'M' 'M' 'M' 'M' 'M' 'M' 'M' 'M' 'M' 'M' 'M' 'M' 'M' 'M' 'M'
 'M' 'M' 'M' 'M' 'M' 'M' 'U' 'U' 'U' 'A' 'A' 'M' 'U' 'M' 'M' 'M' 'U' 'M'
 'M' 'M' 'M' 'M' 'M' 'M' 'M' 'M' 'M' 'M' 'M' 'M' 'M' 'M' 'M' 'U' 'M' 'M'
 'M' 'M' 'U' 'M' 'M' 'M' 'M' 'M' 'M' 'M' 'U' 'M' 'M' 'M' 'M' 'M' 'M' 'M'
 'U' 'M' 'M' 'M' 'M' 'M' 'M' 'M' 'M' 'M' 'M' 'M' 'M' 'M' 'M' 'M' 'M' 'U']"
28201,0,179,6,173,19,0,0,"['A' 'M' 'M' 'A' 'M' 'M' 'M' 'M' 'M' 'M' 'M' 'M' 'M' 'M' 'M' 'U' 'M' 'M'
 'M' 'M' 'M' 'M' 'M' 'M' 'M' 'M' 'M' 'M' 'M' 'M' 'M' 'M' 'M' 'M' 'M' 'M'
 'M' 'M' 'M' 'U' 'M' 'M' 'M' 'M' 'M' 'U' 'M' 'M' 'M' 'M' 'M' 'M' 'M' 'M'
 'M' 'M' 'M' 'M' 'M' 'M' 'M' 'M' 'M' 'M' 'M' 'M' 'M' 'M' 'M' 'M' 'M' 'M'
 'M' 'M' 'M' 'M' 'U' 'M' 'M' 'M' 'M' 'M' 'M' 'M' 'M' 'M' 'M' 'M' 'M' 'M'
 'M' 'M' 'M' 'M' 'M' 'M' 'M' 'M' 'M' 'M' 'M' 'U' 'M' 'M' 'M' 'M' 'M' 'M'
 'M' 'U' 'M' 'M' 'M' 'M' 'M' 'M' 'M' 'M' 'M' 'M' 'M' 'M' 'M' 'M' 'M' 'M'
 'M' 'M' 'U' 'M' 'M' 'A' 'A' 'U' 'U' 'A' 'A' 'U' 'U' 'M' 'M' 'M' 'U' 'M'
 'M' 'M' 'M' 'M' 'M' 'M' 'M' 'M' 'M' 'M' 'M' 'M' 'M' 'M' 'M' 'U' 'M' 'M'
 'M' 'M' 'U' 'M' 'M' 'M' 'U' 'M' 'M' 'M' 'U' 'M' 'M' 'M' 'M' 'M' 'M' 'M'
 'U' 'M' 'U' 'M' 'M' 'M' 'M' 'M' 'M' 'M' 'M' 'M' 'M' 'M' 'M' 'M' 'M' 'U']"
28301,0,181,3,178,17,0,0,"['A' 'M' 'M' 'M' 'M' 'M' 'M' 'M' 'M' 'M' 'M' 'M' 'M' 'M' 'M' 'U' 'M' 'M'
 'M' 'M' 'U' 'M' 'M' 'M' 'M' 'M' 'M' 'M' 'M' 'M' 'M' 'M' 'M' 'M' 'M' 'M'
 'M' 'M' 'M' 'M' 'M' 'M' 'M' 'M' 'M' 'M' 'M' 'M' 'M' 'M' 'M' 'M' 'M' 'M'
 'M' 'M' 'M' 'M' 'M' 'M' 'M' 'M' 'M' 'M' 'M' 'M' 'M' 'M' 'M' 'M' 'M' 'M'
 'M' 'M' 'M' 'U' 'M' 'M' 'M' 'M' 'M' 'M' 'M' 'M' 'M' 'M' 'M' 'M' 'M' 'M'
 'M' 'M' 'M' 'M' 'M' 'M' 'M' 'M' 'M' 'M' 'M' 'M' 'M' 'M' 'M' 'M' 'M' 'M'
 'U' 'M' 'M' 'M' 'M' 'M' 'M' 'M' 'M' 'M' 'M' 'M' 'M' 'M' 'M' 'M' 'M' 'M'
 'M' 'M' 'M' 'U' 'M' 'A' 'U' 'U' 'U' 'A' 'U' 'U' 'U' 'M' 'M' 'M' 'M' 'M'
 'M' 'M' 'M' 'M' 'M' 'M' 'M' 'M' 'M' 'M' 'M' 'M' 'M' 'M' 'M' 'U' 'M' 'M'
 'M' 'M' 'M' 'M' 'M' 'M' 'M' 'M' 'M' 'M' 'U' 'M' 'M' 'M' 'M' 'M' 'U' 'U'
 'U' 'M' 'M' 'M' 'M' 'M' 'M' 'M' 'M' 'M' 'M' 'M' 'M' 'M' 'M' 'M' 'M' 'U']"
28401,0,185,7,178,13,0,0,"['A' 'M' 'M' 'M' 'M' 'M' 'M' 'M' 'M' 'M' 'M' 'M' 'M' 'M' 'M' 'U' 'M' 'M'
 'M' 'M' 'U' 'M' 'M' 'M' 'M' 'M' 'M' 'M' 'M' 'M' 'M' 'M' 'M' 'M' 'M' 'M'
 'M' 'M' 'M' 'M' 'M' 'M' 'M' 'M' 'M' 'M' 'M' 'M' 'M' 'M' 'M' 'M' 'M' 'M'
 'M' 'M' 'M' 'M' 'M' 'M' 'M' 'M' 'M' 'M' 'M' 'M' 'M' 'M' 'M' 'M' 'M' 'M'
 'M' 'M' 'M' 'M' 'M' 'M' 'M' 'M' 'M' 'M' 'M' 'M' 'M' 'M' 'M' 'M' 'M' 'U'
 'M' 'M' 'M' 'M' 'M' 'M' 'M' 'M' 'M' 'M' 'M' 'M' 'M' 'M' 'M' 'M' 'M' 'M'
 'U' 'M' 'M' 'M' 'M' 'M' 'M' 'M' 'M' 'M' 'M' 'M' 'M' 'M' 'M' 'M' 'M' 'M'
 'M' 'M' 'M' 'U' 'M' 'A' 'A' 'A' 'A' 'A' 'A' 'U' 'U' 'M' 'M' 'M' 'M' 'M'
 'M' 'M' 'M' 'M' 'M' 'M' 'M' 'M' 'M' 'M' 'M' 'M' 'M' 'M' 'M' 'U' 'M' 'M'
 'U' 'M' 'M' 'M' 'M' 'M' 'M' 'M' 'M' 'M' 'M' 'M' 'M' 'M' 'M' 'M' 'M' 'M'
 'U' 'M' 'M' 'U' 'U' 'M' 'M' 'M' 'M' 'M' 'M' 'M' 'M' 'M' 'M' 'M' 'M' 'U']"
28501,0,184,7,177,14,0,1,"['A' 'M' 'M' 'M' 'M' 'M' 'M' 'M' 'M' 'M' 'M' 'M' 'M' 'M' 'M' 'U' 'M' 'M'
 'M' 'M' 'M' 'M' 'M' 'U' 'M' 'M' 'M' 'M' 'M' 'M' 'M' 'M' 'M' 'M' 'M' 'M'
 'M' 'M' 'M' 'M' 'M' 'M' 'M' 'M' 'M' 'M' 'M' 'M' 'M' 'M' 'M' 'M' 'M' 'M'
 'M' 'M' 'M' 'M' 'M' 'M' 'M' 'M' 'M' 'M' 'M' 'M' 'M' 'M' 'M' 'M' 'M' 'M'
 'M' 'M' 'M' 'M' 'U' 'M' 'M' 'M' 'M' 'M' 'M' 'M' 'M' 'M' 'M' 'M' 'M' 'M'
 'M' 'M' 'M' 'M' 'M' 'M' 'M' 'U' 'M' 'M' 'M' 'M' 'M' 'M' 'M' 'M' 'M' 'M'
 'U' 'M' 'M' 'M' 'M' 'M' 'M' 'M' 'M' 'M' 'M' 'M' 'M' 'M' 'M' 'M' 'M' 'M'
 'M' 'M' 'M' 'U' 'M' 'A' 'U' 'U' 'A' 'A' 'A' 'A' 'A' 'M' 'M' 'M' 'M' 'M'
 'M' 'M' 'U' 'M' 'M' 'M' 'M' 'M' 'M' 'M' 'M' 'M' 'M' 'M' 'M' 'M' 'M' 'M'
 'U' 'M' 'M' 'M' 'M' 'M' 'M' 'M' 'M' 'M' 'M' 'M' 'M' 'M' 'M' 'M' 'M' 'M'
 'U' 'M' 'U' 'M' 'U' 'M' 'M' 'M' 'M' 'M' 'M' 'M' 'M' 'M' 'M' 'M' 'M' 'U']"
28601,0,183,6,177,15,0,0,"['A' 'U' 'M' 'M' 'M' 'M' 'M' 'M' 'M' 'U' 'M' 'M' 'M' 'M' 'M' 'U' 'M' 'M'
 'M' 'M' 'M' 'M' 'M' 'U' 'M' 'M' 'M' 'M' 'M' 'M' 'M' 'M' 'M' 'M' 'M' 'M'
 'M' 'M' 'M' 'M' 'M' 'M' 'M' 'M' 'M' 'M' 'M' 'M' 'M' 'M' 'M' 'M' 'M' 'M'
 'M' 'M' 'M' 'M' 'M' 'M' 'M' 'M' 'M' 'M' 'M' 'M' 'M' 'M' 'M' 'M' 'M' 'M'
 'M' 'U' 'M' 'M' 'M' 'M' 'M' 'M' 'M' 'M' 'M' 'M' 'M' 'M' 'M' 'M' 'M' 'M'
 'M' 'M' 'M' 'M' 'M' 'M' 'M' 'U' 'M' 'M' 'M' 'M' 'M' 'M' 'M' 'M' 'M' 'M'
 'M' 'M' 'M' 'M' 'M' 'U' 'M' 'M' 'M' 'M' 'M' 'M' 'M' 'M' 'U' 'M' 'M' 'U'
 'M' 'M' 'M' 'M' 'M' 'U' 'A' 'U' 'U' 'A' 'A' 'A' 'A' 'M' 'M' 'M' 'M' 'M'
 'M' 'M' 'U' 'M' 'M' 'M' 'M' 'M' 'M' 'M' 'M' 'M' 'M' 'M' 'M' 'M' 'M' 'M'
 'M' 'M' 'M' 'M' 'M' 'M' 'M' 'M' 'M' 'M' 'M' 'M' 'M' 'M' 'M' 'M' 'M' 'M'
 'M' 'M' 'U' 'M' 'U' 'M' 'M' 'M' 'M' 'M' 'M' 'M' 'M' 'M' 'M' 'M' 'M' 'M']"
28701,1,184,7,177,14,0,0,"['A' 'U' 'M' 'M' 'M' 'M' 'M' 'M' 'M' 'U' 'M' 'M' 'M' 'M' 'M' 'U' 'M' 'M'
 'M' 'M' 'M' 'M' 'M' 'U' 'M' 'M' 'M' 'M' 'M' 'M' 'M' 'M' 'M' 'M' 'M' 'M'
 'M' 'M' 'M' 'M' 'M' 'M' 'U' 'M' 'M' 'M' 'M' 'M' 'M' 'M' 'M' 'M' 'M' 'M'
 'M' 'M' 'M' 'M' 'M' 'M' 'M' 'M' 'M' 'U' 'M' 'M' 'M' 'M' 'M' 'M' 'M' 'M'
 'M' 'M' 'M' 'M' 'M' 'M' 'U' 'M' 'M' 'M' 'M' 'M' 'M' 'M' 'M' 'M' 'M' 'M'
 'M' 'M' 'M' 'M' 'M' 'M' 'M' 'M' 'M' 'M' 'M' 'M' 'M' 'M' 'M' 'M' 'M' 'M'
 'M' 'M' 'M' 'M' 'M' 'U' 'M' 'M' 'M' 'M' 'M' 'M' 'M' 'M' 'U' 'M' 'M' 'U'
 'M' 'M' 'M' 'M' 'M' 'U' 'M' 'A' 'A' 'A' 'A' 'A' 'A' 'M' 'M' 'M' 'M' 'M'
 'M' 'M' 'U' 'M' 'M' 'M' 'M' 'M' 'M' 'M' 'M' 'M' 'M' 'M' 'M' 'M' 'M' 'M'
 'M' 'U' 'M' 'M' 'M' 'M' 'U' 'M' 'M' 'M' 'M' 'M' 'M' 'M' 'M' 'M' 'M' 'M'
 'M' 'M' 'M' 'M' 'M' 'M' 'M' 'M' 'M' 'M' 'M' 'M' 'M' 'M' 'M' 'M' 'M' 'M']"
28801,0,179,8,171,19,0,0,"['A' 'U' 'M' 'M' 'M' 'U' 'M' 'M' 'M' 'M' 'M' 'M' 'M' 'M' 'M' 'U' 'M' 'M'
 'M' 'M' 'M' 'M' 'M' 'U' 'M' 'M' 'M' 'M' 'M' 'M' 'M' 'M' 'M' 'M' 'M' 'M'
 'M' 'M' 'M' 'M' 'M' 'M' 'U' 'M' 'M' 'M' 'M' 'M' 'M' 'U' 'M' 'M' 'M' 'M'
 'U' 'M' 'M' 'M' 'M' 'M' 'M' 'M' 'M' 'M' 'M' 'M' 'M' 'M' 'M' 'M' 'M' 'M'
 'M' 'M' 'M' 'M' 'M' 'M' 'M' 'M' 'M' 'M' 'M' 'M' 'M' 'M' 'U' 'M' 'M' 'M'
 'M' 'M' 'M' 'M' 'M' 'M' 'M' 'M' 'M' 'M' 'M' 'M' 'M' 'M' 'M' 'M' 'M' 'M'
 'M' 'U' 'M' 'U' 'M' 'U' 'M' 'M' 'M' 'M' 'U' 'M' 'M' 'M' 'U' 'M' 'M' 'U'
 'M' 'M' 'M' 'M' 'M' 'A' 'A' 'A' 'A' 'U' 'A' 'A' 'A' 'M' 'M' 'M' 'M' 'M'
 'M' 'M' 'U' 'M' 'M' 'M' 'M' 'M' 'M' 'M' 'M' 'M' 'M' 'M' 'M' 'M' 'M' 'M'
 'M' 'U' 'M' 'M' 'M' 'U' 'U' 'M' 'M' 'M' 'M' 'M' 'M' 'M' 'M' 'M' 'M' 'M'
 'M' 'M' 'M' 'M' 'M' 'M' 'M' 'M' 'M' 'M' 'M' 'M' 'M' 'M' 'M' 'M' 'M' 'M']"
28901,0,183,9,174,15,0,0,"['A' 'M' 'M' 'M' 'M' 'U' 'M' 'M' 'M' 'M' 'M' 'M' 'M' 'M' 'M' 'U' 'M' 'M'
 'M' 'M' 'M' 'M' 'M' 'U' 'M' 'M' 'M' 'M' 'M' 'M' 'M' 'M' 'M' 'M' 'M' 'M'
 'M' 'M' 'M' 'M' 'M' 'M' 'U' 'M' 'M' 'M' 'M' 'M' 'M' 'U' 'M' 'M' 'M' 'M'
 'U' 'M' 'M' 'M' 'M' 'M' 'M' 'M' 'M' 'M' 'M' 'M' 'M' 'M' 'M' 'M' 'M' 'M'
 'M' 'M' 'M' 'M' 'M' 'M' 'M' 'M' 'M' 'U' 'M' 'M' 'M' 'M' 'M' 'M' 'M' 'M'
 'M' 'M' 'M' 'M' 'M' 'M' 'M' 'M' 'M' 'M' 'M' 'M' 'M' 'M' 'M' 'M' 'M' 'M'
 'M' 'M' 'M' 'U' 'M' 'U' 'M' 'M' 'M' 'M' 'U' 'M' 'M' 'M' 'U' 'M' 'M' 'U'
 'M' 'M' 'M' 'M' 'M' 'A' 'A' 'A' 'A' 'A' 'A' 'A' 'A' 'M' 'M' 'M' 'M' 'M'
 'M' 'M' 'M' 'M' 'U' 'M' 'M' 'M' 'M' 'M' 'M' 'M' 'M' 'M' 'M' 'M' 'M' 'M'
 'M' 'U' 'M' 'M' 'M' 'U' 'M' 'M' 'M' 'M' 'M' 'M' 'M' 'M' 'M' 'M' 'M' 'M'
 'M' 'M' 'M' 'M' 'M' 'M' 'M' 'M' 'M' 'M' 'M' 'M' 'M' 'M' 'M' 'M' 'M' 'M']"
29001,0,178,7,171,20,0,0,"['A' 'M' 'M' 'M' 'M' 'U' 'M' 'M' 'M' 'M' 'M' 'M' 'M' 'M' 'M' 'M' 'M' 'M'
 'M' 'M' 'M' 'M' 'M' 'M' 'U' 'M' 'M' 'M' 'M' 'M' 'M' 'M' 'M' 'M' 'M' 'M'
 'M' 'M' 'M' 'M' 'M' 'M' 'U' 'M' 'M' 'M' 'M' 'M' 'M' 'U' 'M' 'M' 'M' 'M'
 'U' 'M' 'M' 'M' 'M' 'M' 'M' 'M' 'M' 'M' 'M' 'M' 'M' 'M' 'M' 'U' 'M' 'M'
 'M' 'M' 'M' 'M' 'M' 'M' 'M' 'M' 'M' 'M' 'M' 'M' 'M' 'M' 'M' 'M' 'M' 'M'
 'M' 'M' 'M' 'M' 'M' 'M' 'M' 'M' 'M' 'M' 'M' 'M' 'M' 'M' 'M' 'U' 'M' 'M'
 'M' 'M' 'M' 'U' 'M' 'U' 'M' 'M' 'M' 'M' 'U' 'M' 'M' 'M' 'U' 'M' 'M' 'U'
 'M' 'M' 'M' 'M' 'M' 'A' 'A' 'U' 'A' 'U' 'A' 'A' 'A' 'M' 'M' 'M' 'M' 'M'
 'M' 'M' 'M' 'M' 'U' 'M' 'U' 'M' 'M' 'U' 'M' 'M' 'M' 'M' 'M' 'M' 'M' 'M'
 'M' 'M' 'M' 'M' 'U' 'U' 'M' 'M' 'M' 'M' 'M' 'M' 'M' 'M' 'M' 'M' 'M' 'U'
 'M' 'M' 'M' 'M' 'M' 'M' 'M' 'M' 'M' 'M' 'M' 'M' 'M' 'M' 'M' 'M' 'M' 'M']"
29101,0,184,5,179,14,0,0,"['A' 'M' 'M' 'M' 'M' 'M' 'M' 'M' 'M' 'M' 'M' 'M' 'M' 'M' 'M' 'M' 'M' 'M'
 'M' 'M' 'M' 'M' 'M' 'M' 'U' 'M' 'M' 'M' 'M' 'M' 'M' 'M' 'M' 'M' 'M' 'M'
 'M' 'M' 'M' 'M' 'M' 'M' 'U' 'M' 'M' 'M' 'M' 'M' 'M' 'U' 'M' 'M' 'M' 'M'
 'M' 'M' 'M' 'M' 'M' 'M' 'M' 'M' 'M' 'M' 'M' 'M' 'M' 'M' 'M' 'M' 'M' 'M'
 'M' 'M' 'M' 'M' 'M' 'M' 'M' 'M' 'M' 'M' 'M' 'M' 'M' 'M' 'M' 'M' 'M' 'M'
 'M' 'U' 'M' 'M' 'M' 'M' 'M' 'M' 'M' 'M' 'M' 'M' 'M' 'M' 'M' 'M' 'M' 'M'
 'M' 'M' 'M' 'U' 'M' 'U' 'M' 'M' 'M' 'M' 'M' 'M' 'M' 'M' 'U' 'M' 'M' 'U'
 'M' 'M' 'M' 'M' 'M' 'U' 'A' 'M' 'A' 'M' 'A' 'A' 'U' 'M' 'M' 'M' 'M' 'M'
 'M' 'M' 'M' 'M' 'M' 'M' 'M' 'M' 'M' 'U' 'M' 'M' 'M' 'M' 'M' 'M' 'M' 'M'
 'M' 'M' 'M' 'M' 'U' 'U' 'M' 'M' 'M' 'M' 'M' 'M' 'M' 'M' 'M' 'M' 'M' 'U'
 'M' 'M' 'M' 'M' 'M' 'M' 'M' 'M' 'M' 'M' 'M' 'M' 'M' 'M' 'M' 'M' 'M' 'M']"
29201,0,187,8,179,11,0,0,"['A' 'M' 'M' 'M' 'M' 'M' 'M' 'M' 'M' 'M' 'M' 'M' 'M' 'M' 'M' 'M' 'M' 'M'
 'M' 'M' 'M' 'M' 'M' 'M' 'U' 'M' 'M' 'M' 'M' 'M' 'M' 'M' 'M' 'M' 'M' 'M'
 'M' 'M' 'M' 'M' 'M' 'M' 'U' 'M' 'M' 'M' 'M' 'M' 'M' 'M' 'M' 'M' 'M' 'M'
 'M' 'M' 'M' 'M' 'M' 'M' 'M' 'M' 'M' 'M' 'M' 'M' 'M' 'M' 'M' 'M' 'M' 'M'
 'M' 'M' 'M' 'M' 'M' 'M' 'M' 'M' 'M' 'M' 'M' 'M' 'M' 'M' 'U' 'M' 'M' 'M'
 'M' 'M' 'M' 'M' 'M' 'M' 'M' 'M' 'M' 'M' 'M' 'M' 'M' 'M' 'M' 'M' 'M' 'M'
 'M' 'M' 'M' 'U' 'M' 'M' 'M' 'M' 'M' 'M' 'M' 'M' 'M' 'M' 'U' 'M' 'M' 'U'
 'M' 'M' 'M' 'M' 'M' 'A' 'U' 'A' 'A' 'A' 'A' 'A' 'A' 'M' 'M' 'M' 'M' 'M'
 'M' 'M' 'M' 'M' 'M' 'M' 'M' 'M' 'M' 'U' 'M' 'M' 'M' 'M' 'M' 'M' 'M' 'M'
 'M' 'M' 'M' 'M' 'U' 'U' 'M' 'M' 'M' 'M' 'M' 'M' 'M' 'M' 'M' 'M' 'M' 'U'
 'M' 'M' 'M' 'M' 'M' 'M' 'M' 'M' 'M' 'M' 'M' 'M' 'M' 'M' 'M' 'M' 'M' 'M']"
29301,0,185,8,177,13,0,0,"['A' 'M' 'M' 'M' 'M' 'M' 'M' 'M' 'M' 'M' 'M' 'U' 'M' 'M' 'M' 'M' 'M' 'M'
 'M' 'M' 'M' 'M' 'M' 'M' 'U' 'M' 'M' 'M' 'M' 'U' 'M' 'M' 'M' 'M' 'M' 'M'
 'M' 'M' 'M' 'M' 'M' 'M' 'M' 'M' 'M' 'M' 'M' 'M' 'M' 'M' 'M' 'M' 'M' 'M'
 'M' 'M' 'M' 'M' 'M' 'M' 'M' 'U' 'M' 'M' 'M' 'M' 'M' 'M' 'M' 'M' 'M' 'M'
 'U' 'M' 'M' 'M' 'M' 'M' 'M' 'M' 'M' 'M' 'M' 'M' 'M' 'M' 'M' 'M' 'M' 'M'
 'M' 'M' 'M' 'M' 'M' 'M' 'M' 'M' 'U' 'M' 'M' 'M' 'M' 'M' 'M' 'M' 'M' 'M'
 'M' 'M' 'M' 'U' 'M' 'M' 'M' 'M' 'M' 'M' 'M' 'M' 'M' 'M' 'M' 'M' 'M' 'U'
 'M' 'M' 'M' 'M' 'M' 'A' 'U' 'A' 'A' 'A' 'A' 'A' 'A' 'M' 'M' 'M' 'M' 'M'
 'M' 'M' 'U' 'M' 'M' 'M' 'M' 'M' 'M' 'U' 'M' 'M' 'M' 'M' 'M' 'M' 'M' 'M'
 'M' 'M' 'M' 'M' 'U' 'M' 'M' 'M' 'M' 'M' 'M' 'M' 'M' 'M' 'M' 'M' 'M' 'U'
 'M' 'M' 'M' 'M' 'M' 'M' 'M' 'M' 'M' 'M' 'M' 'M' 'M' 'M' 'M' 'M' 'M' 'M']"
29401,0,180,8,172,18,0,0,"['A' 'M' 'U' 'M' 'M' 'M' 'M' 'M' 'M' 'M' 'M' 'U' 'M' 'M' 'M' 'M' 'M' 'M'
 'M' 'M' 'M' 'M' 'M' 'M' 'M' 'M' 'M' 'M' 'M' 'U' 'M' 'U' 'M' 'M' 'M' 'M'
 'M' 'M' 'M' 'M' 'M' 'M' 'M' 'M' 'M' 'M' 'M' 'M' 'M' 'M' 'M' 'M' 'M' 'M'
 'M' 'M' 'M' 'M' 'U' 'M' 'M' 'M' 'M' 'M' 'M' 'M' 'M' 'M' 'M' 'M' 'M' 'M'
 'M' 'M' 'M' 'M' 'M' 'U' 'M' 'M' 'M' 'M' 'M' 'M' 'M' 'M' 'M' 'M' 'M' 'M'
 'M' 'M' 'M' 'M' 'M' 'M' 'M' 'U' 'U' 'U' 'M' 'M' 'M' 'M' 'M' 'U' 'M' 'M'
 'M' 'M' 'M' 'M' 'M' 'M' 'M' 'M' 'M' 'M' 'M' 'M' 'M' 'M' 'M' 'M' 'M' 'U'
 'U' 'M' 'M' 'M' 'M' 'A' 'A' 'A' 'M' 'A' 'A' 'A' 'A' 'M' 'M' 'M' 'U' 'M'
 'M' 'M' 'U' 'M' 'M' 'M' 'M' 'M' 'M' 'U' 'M' 'M' 'M' 'M' 'M' 'M' 'M' 'M'
 'U' 'M' 'M' 'M' 'U' 'M' 'M' 'M' 'M' 'M' 'M' 'M' 'M' 'M' 'M' 'M' 'M' 'U'
 'M' 'M' 'M' 'M' 'M' 'M' 'M' 'M' 'M' 'M' 'M' 'M' 'M' 'M' 'M' 'M' 'M' 'M']"
29501,0,177,7,170,21,0,0,"['A' 'M' 'M' 'M' 'U' 'M' 'M' 'M' 'M' 'U' 'M' 'M' 'M' 'M' 'M' 'M' 'M' 'M'
 'M' 'M' 'M' 'M' 'M' 'M' 'M' 'M' 'M' 'M' 'M' 'U' 'M' 'M' 'M' 'M' 'M' 'M'
 'M' 'M' 'M' 'M' 'M' 'M' 'M' 'M' 'M' 'M' 'M' 'M' 'M' 'M' 'U' 'M' 'M' 'M'
 'M' 'M' 'M' 'M' 'U' 'M' 'M' 'M' 'U' 'M' 'M' 'M' 'M' 'M' 'M' 'M' 'M' 'M'
 'M' 'U' 'M' 'M' 'M' 'M' 'M' 'M' 'M' 'M' 'M' 'M' 'M' 'M' 'M' 'M' 'M' 'M'
 'M' 'M' 'M' 'M' 'M' 'M' 'U' 'U' 'U' 'U' 'M' 'M' 'M' 'M' 'M' 'M' 'M' 'M'
 'M' 'M' 'M' 'M' 'M' 'M' 'M' 'M' 'M' 'M' 'M' 'M' 'M' 'M' 'M' 'M' 'M' 'U'
 'U' 'M' 'M' 'M' 'M' 'U' 'A' 'A' 'U' 'A' 'A' 'A' 'A' 'M' 'M' 'M' 'M' 'M'
 'M' 'M' 'U' 'M' 'M' 'M' 'M' 'M' 'M' 'U' 'M' 'M' 'M' 'M' 'M' 'M' 'M' 'M'
 'U' 'M' 'M' 'M' 'U' 'M' 'M' 'M' 'M' 'M' 'M' 'M' 'M' 'M' 'M' 'M' 'M' 'U'
 'M' 'M' 'M' 'M' 'M' 'M' 'M' 'M' 'M' 'M' 'M' 'M' 'M' 'M' 'M' 'M' 'M' 'U']"
29601,0,176,5,171,22,0,0,"['A' 'M' 'M' 'M' 'M' 'M' 'M' 'M' 'M' 'U' 'M' 'M' 'M' 'M' 'M' 'M' 'M' 'M'
 'M' 'M' 'M' 'M' 'M' 'M' 'M' 'M' 'M' 'M' 'M' 'U' 'M' 'M' 'U' 'M' 'M' 'M'
 'M' 'M' 'M' 'M' 'M' 'M' 'M' 'M' 'M' 'M' 'M' 'M' 'M' 'M' 'U' 'M' 'M' 'M'
 'M' 'M' 'M' 'M' 'M' 'M' 'M' 'M' 'U' 'M' 'M' 'M' 'M' 'M' 'M' 'M' 'M' 'M'
 'M' 'M' 'M' 'M' 'M' 'M' 'M' 'M' 'U' 'M' 'M' 'M' 'M' 'M' 'M' 'M' 'M' 'M'
 'M' 'M' 'M' 'M' 'M' 'M' 'M' 'U' 'U' 'U' 'U' 'U' 'M' 'M' 'M' 'M' 'M' 'M'
 'M' 'M' 'M' 'M' 'M' 'M' 'M' 'M' 'M' 'M' 'M' 'M' 'M' 'M' 'M' 'M' 'M' 'M'
 'M' 'M' 'M' 'M' 'M' 'U' 'U' 'A' 'U' 'A' 'U' 'A' 'A' 'M' 'M' 'M' 'U' 'M'
 'M' 'M' 'U' 'M' 'M' 'M' 'M' 'M' 'M' 'M' 'M' 'M' 'M' 'M' 'M' 'M' 'M' 'M'
 'U' 'M' 'M' 'M' 'U' 'M' 'M' 'M' 'M' 'M' 'U' 'M' 'M' 'M' 'M' 'M' 'M' 'U'
 'M' 'M' 'M' 'M' 'M' 'M' 'M' 'M' 'M' 'M' 'M' 'M' 'M' 'M' 'M' 'M' 'M' 'U']"
29701,0,180,7,173,18,0,1,"['A' 'M' 'M' 'M' 'M' 'M' 'M' 'M' 'M' 'U' 'M' 'M' 'M' 'M' 'M' 'M' 'M' 'M'
 'M' 'M' 'M' 'M' 'M' 'M' 'M' 'M' 'M' 'M' 'M' 'M' 'M' 'M' 'U' 'M' 'M' 'M'
 'M' 'M' 'M' 'M' 'M' 'M' 'M' 'M' 'M' 'M' 'M' 'M' 'U' 'M' 'U' 'M' 'M' 'M'
 'U' 'M' 'M' 'M' 'M' 'M' 'M' 'M' 'U' 'M' 'M' 'M' 'M' 'M' 'M' 'M' 'M' 'M'
 'M' 'M' 'M' 'M' 'M' 'M' 'M' 'U' 'M' 'M' 'M' 'M' 'M' 'M' 'M' 'M' 'M' 'M'
 'M' 'M' 'M' 'M' 'M' 'M' 'M' 'U' 'U' 'U' 'U' 'U' 'M' 'M' 'M' 'M' 'M' 'M'
 'M' 'M' 'M' 'M' 'M' 'M' 'M' 'M' 'M' 'M' 'M' 'M' 'M' 'M' 'M' 'M' 'M' 'M'
 'M' 'M' 'M' 'M' 'M' 'M' 'A' 'U' 'A' 'A' 'A' 'A' 'A' 'M' 'M' 'M' 'M' 'M'
 'M' 'M' 'M' 'M' 'M' 'M' 'M' 'M' 'M' 'M' 'M' 'M' 'M' 'M' 'M' 'M' 'M' 'M'
 'M' 'M' 'M' 'M' 'U' 'M' 'M' 'M' 'M' 'U' 'U' 'M' 'M' 'M' 'M' 'U' 'M' 'U'
 'M' 'M' 'M' 'M' 'M' 'M' 'M' 'M' 'M' 'M' 'M' 'M' 'M' 'M' 'M' 'M' 'M' 'M']"
29801,0,179,5,174,19,0,0,"['A' 'M' 'M' 'M' 'M' 'M' 'M' 'M' 'M' 'U' 'M' 'M' 'M' 'M' 'M' 'M' 'M' 'M'
 'M' 'M' 'M' 'M' 'M' 'M' 'M' 'M' 'M' 'M' 'M' 'M' 'M' 'M' 'U' 'M' 'M' 'M'
 'M' 'M' 'M' 'M' 'M' 'M' 'M' 'M' 'M' 'M' 'M' 'M' 'M' 'M' 'U' 'M' 'M' 'M'
 'M' 'M' 'M' 'M' 'M' 'M' 'M' 'M' 'M' 'M' 'M' 'M' 'M' 'M' 'M' 'M' 'M' 'M'
 'M' 'M' 'M' 'M' 'M' 'M' 'M' 'M' 'M' 'M' 'M' 'M' 'M' 'M' 'M' 'M' 'M' 'M'
 'M' 'M' 'U' 'M' 'M' 'M' 'M' 'U' 'M' 'U' 'M' 'U' 'M' 'M' 'U' 'M' 'M' 'M'
 'M' 'M' 'M' 'M' 'M' 'M' 'M' 'M' 'U' 'M' 'M' 'M' 'M' 'M' 'M' 'M' 'M' 'M'
 'M' 'M' 'M' 'M' 'M' 'U' 'A' 'U' 'U' 'A' 'U' 'A' 'A' 'M' 'M' 'M' 'M' 'M'
 'M' 'M' 'M' 'M' 'M' 'M' 'M' 'M' 'M' 'M' 'U' 'M' 'M' 'M' 'M' 'M' 'M' 'M'
 'M' 'M' 'M' 'M' 'U' 'M' 'M' 'M' 'M' 'U' 'U' 'M' 'M' 'M' 'M' 'U' 'M' 'U'
 'M' 'M' 'M' 'M' 'M' 'M' 'M' 'M' 'M' 'M' 'M' 'M' 'M' 'M' 'M' 'M' 'M' 'M']"
29901,0,184,7,177,14,0,1,"['A' 'M' 'M' 'M' 'M' 'M' 'M' 'M' 'M' 'U' 'M' 'M' 'M' 'M' 'M' 'M' 'M' 'M'
 'M' 'M' 'M' 'M' 'M' 'M' 'M' 'M' 'M' 'M' 'M' 'M' 'M' 'M' 'U' 'M' 'M' 'M'
 'M' 'M' 'M' 'M' 'M' 'M' 'M' 'M' 'M' 'M' 'M' 'M' 'M' 'M' 'U' 'M' 'M' 'M'
 'M' 'M' 'M' 'M' 'M' 'M' 'M' 'M' 'M' 'M' 'M' 'M' 'M' 'M' 'U' 'M' 'M' 'M'
 'M' 'M' 'M' 'M' 'M' 'M' 'M' 'M' 'M' 'M' 'M' 'M' 'M' 'M' 'M' 'M' 'M' 'M'
 'M' 'M' 'M' 'M' 'M' 'M' 'M' 'M' 'M' 'U' 'M' 'U' 'M' 'M' 'U' 'M' 'M' 'M'
 'M' 'M' 'M' 'M' 'M' 'U' 'M' 'M' 'M' 'M' 'M' 'M' 'M' 'M' 'M' 'M' 'M' 'M'
 'M' 'M' 'M' 'M' 'M' 'A' 'A' 'U' 'A' 'U' 'A' 'A' 'A' 'M' 'M' 'M' 'M' 'M'
 'M' 'M' 'M' 'M' 'M' 'M' 'M' 'M' 'M' 'M' 'U' 'M' 'M' 'M' 'M' 'M' 'M' 'M'
 'M' 'M' 'M' 'M' 'U' 'M' 'M' 'M' 'M' 'M' 'U' 'M' 'M' 'M' 'M' 'M' 'M' 'U'
 'M' 'M' 'M' 'M' 'M' 'M' 'M' 'M' 'M' 'M' 'M' 'M' 'M' 'M' 'M' 'M' 'M' 'M']"
30001,0,189,8,181,9,0,0,"['A' 'M' 'M' 'M' 'M' 'M' 'M' 'M' 'M' 'U' 'M' 'M' 'M' 'U' 'M' 'M' 'M' 'M'
 'M' 'M' 'M' 'M' 'M' 'M' 'M' 'M' 'M' 'M' 'M' 'M' 'M' 'M' 'M' 'M' 'M' 'M'
 'M' 'M' 'M' 'M' 'M' 'M' 'M' 'M' 'M' 'M' 'M' 'M' 'M' 'M' 'M' 'M' 'M' 'M'
 'M' 'M' 'M' 'M' 'M' 'M' 'U' 'M' 'M' 'M' 'M' 'M' 'M' 'M' 'M' 'M' 'M' 'M'
 'M' 'M' 'M' 'M' 'M' 'M' 'M' 'M' 'M' 'M' 'M' 'M' 'M' 'M' 'M' 'M' 'M' 'M'
 'M' 'M' 'M' 'M' 'U' 'M' 'M' 'M' 'M' 'U' 'M' 'U' 'M' 'M' 'M' 'M' 'M' 'M'
 'M' 'M' 'M' 'M' 'M' 'U' 'M' 'M' 'M' 'M' 'M' 'M' 'M' 'M' 'M' 'M' 'M' 'M'
 'M' 'M' 'M' 'M' 'M' 'A' 'A' 'A' 'A' 'U' 'A' 'A' 'A' 'M' 'M' 'M' 'M' 'M'
 'M' 'M' 'M' 'M' 'M' 'M' 'M' 'M' 'M' 'M' 'M' 'M' 'M' 'M' 'M' 'M' 'M' 'M'
 'M' 'M' 'M' 'M' 'U' 'M' 'M' 'M' 'M' 'M' 'M' 'M' 'M' 'M' 'M' 'M' 'M' 'M'
 'M' 'M' 'M' 'M' 'M' 'M' 'M' 'M' 'M' 'M' 'M' 'M' 'M' 'M' 'M' 'M' 'M' 'M']"
30101,0,185,9,176,13,0,0,"['A' 'M' 'U' 'M' 'M' 'M' 'M' 'M' 'M' 'U' 'M' 'M' 'M' 'U' 'M' 'M' 'M' 'M'
 'M' 'M' 'U' 'M' 'M' 'M' 'M' 'M' 'M' 'M' 'M' 'M' 'M' 'M' 'M' 'M' 'M' 'M'
 'M' 'M' 'M' 'M' 'M' 'M' 'M' 'U' 'M' 'M' 'M' 'M' 'M' 'M' 'M' 'M' 'M' 'M'
 'M' 'M' 'M' 'M' 'M' 'M' 'U' 'M' 'M' 'M' 'M' 'M' 'M' 'M' 'M' 'M' 'M' 'M'
 'M' 'M' 'M' 'M' 'M' 'M' 'M' 'U' 'M' 'M' 'M' 'M' 'M' 'M' 'M' 'M' 'M' 'M'
 'M' 'M' 'M' 'M' 'M' 'M' 'M' 'M' 'M' 'U' 'M' 'U' 'M' 'M' 'M' 'M' 'M' 'M'
 'M' 'M' 'M' 'M' 'M' 'U' 'M' 'M' 'M' 'M' 'M' 'M' 'M' 'M' 'M' 'M' 'M' 'M'
 'M' 'M' 'M' 'M' 'M' 'A' 'A' 'A' 'A' 'A' 'A' 'A' 'A' 'M' 'M' 'M' 'M' 'M'
 'M' 'M' 'M' 'M' 'M' 'M' 'M' 'M' 'M' 'M' 'M' 'M' 'M' 'M' 'M' 'M' 'U' 'M'
 'M' 'M' 'M' 'M' 'U' 'M' 'M' 'M' 'M' 'M' 'M' 'M' 'M' 'M' 'M' 'M' 'M' 'M'
 'M' 'M' 'M' 'M' 'M' 'M' 'M' 'U' 'M' 'M' 'M' 'M' 'M' 'M' 'M' 'M' 'M' 'M']"
30201,0,182,8,174,16,0,0,"['A' 'M' 'U' 'M' 'U' 'M' 'U' 'M' 'M' 'U' 'M' 'M' 'M' 'U' 'M' 'M' 'M' 'M'
 'M' 'M' 'U' 'M' 'M' 'U' 'M' 'M' 'M' 'M' 'M' 'M' 'U' 'M' 'M' 'M' 'M' 'M'
 'M' 'M' 'M' 'M' 'M' 'M' 'M' 'M' 'M' 'M' 'M' 'M' 'M' 'M' 'M' 'M' 'M' 'M'
 'M' 'M' 'M' 'M' 'M' 'M' 'U' 'M' 'M' 'M' 'M' 'M' 'M' 'M' 'M' 'M' 'M' 'M'
 'M' 'M' 'U' 'M' 'M' 'M' 'M' 'M' 'M' 'M' 'M' 'M' 'M' 'M' 'M' 'M' 'M' 'M'
 'M' 'M' 'M' 'M' 'M' 'M' 'M' 'M' 'M' 'U' 'M' 'U' 'M' 'M' 'M' 'M' 'M' 'M'
 'M' 'M' 'M' 'M' 'M' 'M' 'M' 'M' 'M' 'M' 'M' 'M' 'M' 'M' 'M' 'M' 'M' 'M'
 'M' 'M' 'M' 'M' 'M' 'A' 'A' 'A' 'A' 'A' 'A' 'A' 'U' 'M' 'M' 'M' 'M' 'M'
 'M' 'M' 'M' 'M' 'M' 'M' 'M' 'M' 'M' 'M' 'M' 'M' 'M' 'M' 'M' 'M' 'U' 'M'
 'M' 'M' 'M' 'M' 'U' 'M' 'M' 'M' 'M' 'M' 'M' 'M' 'M' 'M' 'M' 'M' 'M' 'M'
 'M' 'M' 'M' 'M' 'M' 'M' 'M' 'U' 'M' 'M' 'M' 'M' 'M' 'M' 'M' 'M' 'M' 'M']"
30301,1,182,7,175,16,0,0,"['A' 'M' 'U' 'M' 'U' 'M' 'U' 'M' 'M' 'U' 'M' 'M' 'M' 'M' 'M' 'M' 'M' 'M'
 'M' 'M' 'U' 'M' 'M' 'U' 'M' 'M' 'M' 'M' 'M' 'M' 'M' 'M' 'M' 'M' 'M' 'M'
 'M' 'M' 'M' 'M' 'M' 'M' 'M' 'M' 'M' 'M' 'M' 'M' 'M' 'M' 'M' 'M' 'M' 'M'
 'M' 'M' 'M' 'M' 'M' 'M' 'M' 'M' 'M' 'M' 'M' 'M' 'M' 'M' 'M' 'M' 'M' 'M'
 'M' 'M' 'M' 'M' 'M' 'M' 'M' 'U' 'M' 'M' 'M' 'M' 'M' 'M' 'M' 'M' 'M' 'M'
 'M' 'M' 'M' 'M' 'M' 'M' 'M' 'M' 'M' 'M' 'M' 'U' 'M' 'M' 'M' 'M' 'M' 'M'
 'M' 'M' 'M' 'M' 'M' 'M' 'M' 'M' 'M' 'M' 'M' 'M' 'M' 'M' 'M' 'M' 'M' 'M'
 'M' 'M' 'M' 'M' 'M' 'U' 'A' 'A' 'U' 'A' 'A' 'A' 'A' 'M' 'M' 'M' 'M' 'M'
 'M' 'M' 'M' 'M' 'M' 'M' 'M' 'M' 'U' 'M' 'M' 'M' 'M' 'M' 'M' 'U' 'U' 'M'
 'M' 'M' 'M' 'U' 'U' 'M' 'M' 'M' 'M' 'M' 'M' 'M' 'M' 'M' 'M' 'M' 'M' 'M'
 'M' 'M' 'M' 'M' 'M' 'M' 'M' 'U' 'M' 'M' 'M' 'M' 'M' 'M' 'M' 'M' 'M' 'M']"
30401,0,183,9,174,15,0,0,"['A' 'M' 'M' 'M' 'M' 'M' 'U' 'M' 'M' 'M' 'M' 'M' 'M' 'M' 'M' 'M' 'M' 'M'
 'M' 'M' 'U' 'M' 'M' 'U' 'M' 'M' 'M' 'M' 'M' 'M' 'M' 'M' 'U' 'M' 'M' 'M'
 'M' 'M' 'M' 'M' 'M' 'M' 'M' 'M' 'M' 'M' 'M' 'M' 'M' 'M' 'M' 'M' 'M' 'U'
 'M' 'M' 'M' 'M' 'M' 'U' 'M' 'M' 'M' 'M' 'M' 'M' 'M' 'M' 'M' 'M' 'M' 'M'
 'M' 'M' 'M' 'M' 'M' 'M' 'M' 'M' 'M' 'M' 'M' 'M' 'M' 'M' 'M' 'M' 'U' 'M'
 'M' 'M' 'M' 'M' 'M' 'M' 'M' 'M' 'M' 'M' 'M' 'U' 'M' 'M' 'M' 'M' 'M' 'M'
 'M' 'M' 'M' 'M' 'M' 'M' 'M' 'M' 'M' 'M' 'M' 'M' 'M' 'M' 'M' 'M' 'M' 'M'
 'M' 'M' 'M' 'M' 'M' 'A' 'A' 'A' 'A' 'A' 'A' 'A' 'A' 'M' 'M' 'M' 'M' 'M'
 'M' 'U' 'M' 'M' 'M' 'M' 'M' 'M' 'U' 'M' 'M' 'M' 'M' 'M' 'M' 'U' 'U' 'M'
 'M' 'M' 'M' 'M' 'U' 'M' 'M' 'M' 'M' 'M' 'M' 'U' 'M' 'M' 'M' 'M' 'M' 'M'
 'M' 'M' 'M' 'M' 'M' 'M' 'M' 'U' 'M' 'M' 'M' 'M' 'M' 'M' 'M' 'M' 'M' 'M']"
30501,0,185,9,176,13,0,0,"['A' 'M' 'M' 'M' 'U' 'M' 'M' 'M' 'M' 'M' 'M' 'M' 'M' 'M' 'M' 'M' 'M' 'M'
 'M' 'M' 'U' 'M' 'M' 'U' 'M' 'M' 'M' 'M' 'M' 'M' 'M' 'M' 'M' 'M' 'M' 'M'
 'M' 'M' 'M' 'M' 'M' 'M' 'M' 'M' 'M' 'M' 'M' 'M' 'M' 'M' 'M' 'M' 'M' 'U'
 'M' 'M' 'M' 'M' 'M' 'M' 'M' 'U' 'M' 'M' 'M' 'M' 'M' 'M' 'M' 'M' 'M' 'M'
 'M' 'M' 'M' 'M' 'M' 'M' 'M' 'M' 'M' 'U' 'M' 'M' 'M' 'M' 'M' 'M' 'M' 'M'
 'M' 'M' 'M' 'M' 'M' 'M' 'M' 'M' 'M' 'M' 'M' 'U' 'M' 'M' 'M' 'M' 'M' 'M'
 'M' 'M' 'M' 'M' 'M' 'M' 'M' 'M' 'M' 'M' 'U' 'M' 'M' 'M' 'M' 'M' 'M' 'M'
 'M' 'M' 'M' 'M' 'M' 'A' 'A' 'A' 'A' 'A' 'A' 'A' 'A' 'M' 'M' 'M' 'M' 'M'
 'M' 'M' 'M' 'M' 'M' 'M' 'U' 'M' 'M' 'M' 'M' 'M' 'M' 'M' 'M' 'M' 'U' 'M'
 'M' 'M' 'M' 'M' 'U' 'M' 'M' 'M' 'M' 'M' 'M' 'U' 'M' 'M' 'M' 'M' 'M' 'M'
 'M' 'M' 'M' 'M' 'M' 'M' 'M' 'U' 'M' 'M' 'M' 'M' 'M' 'M' 'M' 'M' 'M' 'M']"
30601,1,185,7,178,13,0,0,"['A' 'M' 'M' 'M' 'U' 'M' 'M' 'M' 'M' 'M' 'U' 'M' 'M' 'M' 'M' 'M' 'M' 'M'
 'M' 'M' 'U' 'M' 'M' 'U' 'M' 'M' 'M' 'M' 'M' 'M' 'M' 'M' 'M' 'M' 'M' 'M'
 'M' 'M' 'M' 'M' 'M' 'M' 'M' 'M' 'M' 'M' 'M' 'M' 'M' 'M' 'M' 'M' 'M' 'U'
 'M' 'M' 'M' 'M' 'M' 'M' 'M' 'M' 'M' 'M' 'M' 'M' 'M' 'M' 'M' 'M' 'M' 'M'
 'U' 'M' 'M' 'M' 'M' 'M' 'M' 'M' 'M' 'M' 'M' 'M' 'M' 'M' 'M' 'M' 'M' 'M'
 'M' 'M' 'M' 'M' 'M' 'M' 'M' 'M' 'M' 'M' 'U' 'M' 'M' 'M' 'M' 'M' 'M' 'M'
 'M' 'M' 'M' 'M' 'M' 'M' 'M' 'M' 'M' 'M' 'U' 'M' 'M' 'M' 'M' 'M' 'M' 'M'
 'M' 'U' 'M' 'M' 'M' 'A' 'A' 'A' 'A' 'A' 'U' 'U' 'A' 'M' 'M' 'M' 'M' 'M'
 'M' 'M' 'M' 'M' 'M' 'M' 'M' 'M' 'M' 'M' 'M' 'M' 'M' 'M' 'M' 'M' 'U' 'M'
 'M' 'M' 'M' 'M' 'M' 'M' 'M' 'M' 'M' 'M' 'M' 'M' 'M' 'M' 'M' 'M' 'M' 'M'
 'M' 'M' 'M' 'M' 'M' 'M' 'M' 'U' 'M' 'M' 'M' 'M' 'M' 'M' 'M' 'M' 'M' 'M']"
30701,0,182,7,175,16,0,0,"['A' 'M' 'M' 'U' 'U' 'M' 'M' 'M' 'M' 'M' 'M' 'M' 'M' 'M' 'M' 'M' 'M' 'M'
 'M' 'M' 'M' 'M' 'M' 'U' 'M' 'M' 'M' 'M' 'M' 'M' 'M' 'M' 'M' 'M' 'M' 'M'
 'M' 'M' 'M' 'M' 'M' 'U' 'M' 'M' 'U' 'M' 'M' 'M' 'M' 'M' 'M' 'M' 'M' 'U'
 'M' 'M' 'M' 'M' 'M' 'M' 'M' 'M' 'M' 'M' 'M' 'M' 'M' 'M' 'M' 'M' 'M' 'M'
 'M' 'M' 'M' 'M' 'M' 'M' 'M' 'M' 'M' 'M' 'U' 'M' 'M' 'M' 'M' 'M' 'M' 'M'
 'M' 'M' 'M' 'M' 'M' 'M' 'M' 'M' 'M' 'M' 'M' 'M' 'M' 'M' 'M' 'M' 'M' 'M'
 'M' 'M' 'M' 'M' 'M' 'M' 'M' 'M' 'M' 'M' 'U' 'M' 'M' 'M' 'M' 'M' 'M' 'M'
 'M' 'U' 'M' 'M' 'M' 'A' 'A' 'U' 'A' 'A' 'A' 'U' 'A' 'M' 'M' 'M' 'M' 'M'
 'M' 'M' 'M' 'M' 'M' 'M' 'M' 'M' 'M' 'M' 'M' 'M' 'U' 'M' 'M' 'M' 'M' 'M'
 'U' 'M' 'M' 'M' 'M' 'M' 'M' 'M' 'M' 'M' 'M' 'M' 'M' 'M' 'M' 'M' 'M' 'M'
 'U' 'M' 'M' 'M' 'M' 'M' 'M' 'U' 'M' 'M' 'M' 'M' 'M' 'M' 'M' 'M' 'U' 'M']"
30801,0,173,6,167,25,0,1,"['A' 'M' 'M' 'M' 'U' 'M' 'M' 'M' 'M' 'M' 'M' 'M' 'M' 'M' 'M' 'M' 'M' 'M'
 'M' 'M' 'M' 'M' 'M' 'U' 'U' 'M' 'U' 'M' 'M' 'M' 'M' 'M' 'M' 'M' 'M' 'M'
 'M' 'M' 'M' 'M' 'M' 'M' 'M' 'M' 'M' 'M' 'M' 'M' 'M' 'M' 'M' 'M' 'M' 'U'
 'M' 'M' 'M' 'M' 'U' 'M' 'M' 'M' 'M' 'M' 'U' 'M' 'M' 'M' 'M' 'M' 'M' 'M'
 'M' 'M' 'M' 'U' 'M' 'M' 'M' 'M' 'M' 'M' 'M' 'M' 'M' 'M' 'M' 'M' 'M' 'M'
 'M' 'M' 'M' 'M' 'M' 'M' 'U' 'M' 'M' 'M' 'M' 'M' 'M' 'M' 'M' 'M' 'M' 'M'
 'M' 'M' 'M' 'M' 'M' 'U' 'M' 'M' 'M' 'M' 'U' 'U' 'M' 'M' 'M' 'M' 'M' 'M'
 'M' 'U' 'M' 'M' 'M' 'A' 'U' 'A' 'A' 'U' 'A' 'A' 'U' 'M' 'M' 'M' 'M' 'M'
 'M' 'M' 'M' 'M' 'U' 'M' 'U' 'M' 'M' 'M' 'M' 'M' 'U' 'M' 'M' 'M' 'M' 'M'
 'U' 'M' 'M' 'M' 'M' 'M' 'U' 'M' 'M' 'M' 'M' 'M' 'M' 'M' 'M' 'M' 'M' 'M'
 'U' 'M' 'M' 'M' 'M' 'M' 'M' 'U' 'M' 'M' 'U' 'M' 'M' 'M' 'M' 'M' 'U' 'M']"
30901,0,177,7,170,21,0,0,"['A' 'M' 'M' 'M' 'M' 'M' 'M' 'M' 'M' 'M' 'M' 'M' 'M' 'M' 'M' 'M' 'M' 'M'
 'M' 'M' 'M' 'M' 'M' 'U' 'U' 'M' 'U' 'M' 'M' 'M' 'U' 'M' 'M' 'M' 'M' 'M'
 'M' 'M' 'M' 'M' 'M' 'M' 'M' 'M' 'M' 'M' 'M' 'M' 'M' 'M' 'M' 'M' 'M' 'U'
 'M' 'M' 'U' 'M' 'U' 'M' 'M' 'M' 'M' 'M' 'U' 'M' 'M' 'M' 'M' 'M' 'M' 'M'
 'M' 'M' 'M' 'M' 'M' 'M' 'M' 'M' 'M' 'M' 'M' 'M' 'M' 'M' 'U' 'M' 'M' 'M'
 'M' 'M' 'M' 'M' 'M' 'M' 'U' 'M' 'M' 'M' 'M' 'M' 'M' 'M' 'M' 'M' 'M' 'M'
 'M' 'M' 'M' 'M' 'M' 'M' 'M' 'M' 'M' 'M' 'U' 'U' 'M' 'M' 'M' 'M' 'M' 'M'
 'M' 'U' 'M' 'M' 'M' 'A' 'A' 'A' 'A' 'A' 'U' 'A' 'U' 'M' 'M' 'M' 'M' 'M'
 'M' 'M' 'M' 'M' 'U' 'M' 'M' 'M' 'M' 'M' 'U' 'M' 'M' 'M' 'M' 'M' 'M' 'M'
 'M' 'M' 'M' 'M' 'M' 'M' 'U' 'M' 'M' 'M' 'M' 'M' 'M' 'M' 'M' 'M' 'M' 'M'
 'U' 'M' 'M' 'M' 'M' 'M' 'M' 'M' 'M' 'M' 'U' 'M' 'M' 'M' 'M' 'M' 'U' 'M']"
31001,0,176,7,169,22,0,0,"['A' 'M' 'M' 'M' 'M' 'M' 'M' 'M' 'M' 'M' 'M' 'M' 'M' 'M' 'M' 'M' 'M' 'M'
 'M' 'M' 'M' 'M' 'M' 'U' 'U' 'M' 'M' 'M' 'M' 'M' 'U' 'M' 'M' 'U' 'M' 'M'
 'M' 'M' 'M' 'M' 'M' 'M' 'M' 'M' 'M' 'M' 'M' 'M' 'M' 'M' 'M' 'M' 'M' 'U'
 'M' 'M' 'U' 'M' 'M' 'M' 'M' 'M' 'U' 'M' 'M' 'M' 'M' 'M' 'M' 'M' 'M' 'M'
 'M' 'M' 'M' 'M' 'M' 'M' 'U' 'M' 'M' 'M' 'M' 'M' 'M' 'M' 'M' 'M' 'M' 'M'
 'M' 'M' 'M' 'M' 'M' 'M' 'U' 'M' 'M' 'M' 'M' 'M' 'M' 'M' 'M' 'M' 'M' 'M'
 'M' 'M' 'M' 'M' 'M' 'M' 'M' 'M' 'U' 'M' 'U' 'U' 'M' 'M' 'M' 'M' 'M' 'M'
 'M' 'U' 'M' 'M' 'M' 'A' 'U' 'A' 'A' 'A' 'U' 'A' 'A' 'M' 'M' 'M' 'M' 'M'
 'M' 'M' 'U' 'M' 'U' 'M' 'M' 'M' 'M' 'M' 'U' 'M' 'M' 'M' 'M' 'M' 'M' 'M'
 'M' 'M' 'M' 'M' 'M' 'M' 'U' 'M' 'M' 'M' 'M' 'M' 'M' 'M' 'M' 'M' 'M' 'M'
 'U' 'M' 'M' 'M' 'M' 'M' 'M' 'M' 'M' 'M' 'U' 'M' 'M' 'M' 'M' 'M' 'U' 'M']"
31101,1,183,9,174,15,0,0,"['A' 'M' 'M' 'M' 'M' 'M' 'M' 'M' 'M' 'M' 'M' 'M' 'M' 'M' 'M' 'M' 'M' 'M'
 'M' 'M' 'M' 'M' 'M' 'A' 'U' 'M' 'M' 'M' 'M' 'M' 'A' 'M' 'M' 'M' 'M' 'M'
 'M' 'M' 'M' 'M' 'M' 'M' 'M' 'M' 'M' 'M' 'M' 'M' 'M' 'M' 'M' 'M' 'M' 'M'
 'M' 'M' 'M' 'M' 'M' 'M' 'M' 'M' 'U' 'M' 'M' 'M' 'M' 'M' 'M' 'M' 'M' 'M'
 'M' 'M' 'M' 'M' 'M' 'M' 'M' 'M' 'M' 'M' 'M' 'M' 'M' 'M' 'M' 'U' 'M' 'M'
 'M' 'M' 'M' 'M' 'M' 'M' 'U' 'M' 'M' 'M' 'M' 'M' 'M' 'M' 'M' 'M' 'M' 'M'
 'M' 'M' 'M' 'M' 'M' 'M' 'M' 'M' 'M' 'M' 'U' 'U' 'M' 'M' 'M' 'M' 'M' 'M'
 'M' 'U' 'M' 'M' 'M' 'A' 'A' 'A' 'A' 'U' 'U' 'A' 'A' 'M' 'M' 'M' 'M' 'M'
 'M' 'U' 'U' 'M' 'M' 'M' 'M' 'M' 'M' 'M' 'U' 'M' 'M' 'M' 'M' 'M' 'M' 'M'
 'M' 'M' 'M' 'M' 'M' 'M' 'U' 'M' 'M' 'M' 'M' 'M' 'M' 'M' 'M' 'M' 'M' 'M'
 'M' 'M' 'M' 'M' 'M' 'M' 'M' 'M' 'M' 'M' 'U' 'M' 'M' 'M' 'M' 'M' 'U' 'M']"
31201,0,182,8,174,16,0,1,"['A' 'M' 'M' 'M' 'M' 'M' 'M' 'M' 'M' 'M' 'M' 'M' 'U' 'M' 'M' 'M' 'M' 'M'
 'M' 'M' 'M' 'M' 'M' 'A' 'M' 'M' 'M' 'M' 'M' 'M' 'A' 'M' 'M' 'M' 'M' 'M'
 'U' 'M' 'M' 'M' 'M' 'M' 'M' 'M' 'U' 'M' 'M' 'M' 'M' 'M' 'M' 'M' 'M' 'M'
 'M' 'M' 'M' 'M' 'M' 'M' 'M' 'M' 'U' 'M' 'M' 'M' 'M' 'M' 'M' 'M' 'M' 'M'
 'M' 'M' 'M' 'M' 'U' 'M' 'M' 'M' 'M' 'M' 'M' 'M' 'M' 'M' 'M' 'M' 'M' 'M'
 'M' 'M' 'M' 'M' 'M' 'M' 'U' 'M' 'M' 'U' 'M' 'M' 'M' 'M' 'M' 'M' 'M' 'M'
 'M' 'M' 'M' 'M' 'M' 'M' 'M' 'M' 'M' 'M' 'U' 'U' 'M' 'M' 'M' 'M' 'M' 'M'
 'M' 'M' 'M' 'M' 'M' 'A' 'U' 'A' 'A' 'A' 'U' 'A' 'U' 'M' 'M' 'M' 'M' 'M'
 'M' 'U' 'U' 'M' 'M' 'M' 'M' 'M' 'M' 'M' 'M' 'M' 'M' 'M' 'M' 'M' 'M' 'M'
 'M' 'M' 'M' 'M' 'M' 'M' 'U' 'M' 'M' 'M' 'M' 'M' 'M' 'M' 'M' 'M' 'M' 'M'
 'M' 'M' 'M' 'M' 'M' 'M' 'M' 'M' 'M' 'M' 'M' 'M' 'M' 'M' 'M' 'M' 'U' 'M']"
31301,0,180,11,169,18,0,0,"['A' 'M' 'M' 'M' 'M' 'U' 'M' 'M' 'M' 'M' 'U' 'M' 'M' 'M' 'M' 'M' 'M' 'M'
 'M' 'M' 'M' 'M' 'M' 'A' 'M' 'M' 'M' 'M' 'M' 'M' 'A' 'M' 'M' 'M' 'M' 'U'
 'U' 'M' 'M' 'M' 'M' 'M' 'M' 'M' 'M' 'M' 'M' 'M' 'M' 'M' 'M' 'U' 'M' 'M'
 'M' 'M' 'M' 'M' 'M' 'M' 'M' 'M' 'M' 'M' 'M' 'M' 'M' 'M' 'M' 'M' 'M' 'M'
 'M' 'M' 'M' 'M' 'M' 'M' 'M' 'M' 'M' 'M' 'U' 'M' 'M' 'M' 'M' 'M' 'M' 'M'
 'M' 'M' 'M' 'M' 'M' 'M' 'A' 'U' 'M' 'U' 'M' 'M' 'M' 'M' 'M' 'U' 'M' 'M'
 'M' 'M' 'M' 'M' 'M' 'M' 'U' 'M' 'M' 'M' 'U' 'U' 'M' 'M' 'M' 'M' 'M' 'M'
 'M' 'M' 'M' 'M' 'M' 'A' 'A' 'U' 'A' 'A' 'A' 'A' 'A' 'M' 'M' 'M' 'M' 'M'
 'M' 'U' 'U' 'M' 'M' 'M' 'M' 'M' 'M' 'M' 'M' 'M' 'M' 'M' 'M' 'M' 'M' 'M'
 'M' 'M' 'M' 'M' 'M' 'M' 'U' 'M' 'M' 'M' 'M' 'M' 'M' 'M' 'M' 'M' 'M' 'M'
 'M' 'M' 'M' 'M' 'M' 'U' 'M' 'U' 'M' 'M' 'M' 'M' 'M' 'M' 'M' 'M' 'M' 'M']"
31401,0,181,10,171,17,0,0,"['A' 'M' 'M' 'M' 'M' 'M' 'M' 'M' 'M' 'M' 'U' 'M' 'M' 'M' 'M' 'M' 'M' 'M'
 'M' 'M' 'M' 'M' 'M' 'U' 'M' 'M' 'M' 'M' 'M' 'M' 'U' 'M' 'M' 'M' 'M' 'M'
 'U' 'M' 'M' 'M' 'M' 'M' 'M' 'M' 'M' 'M' 'M' 'M' 'M' 'M' 'M' 'M' 'M' 'M'
 'M' 'M' 'M' 'M' 'M' 'M' 'M' 'M' 'M' 'M' 'U' 'M' 'M' 'M' 'M' 'M' 'M' 'M'
 'M' 'M' 'M' 'M' 'M' 'M' 'M' 'M' 'M' 'M' 'U' 'M' 'M' 'M' 'M' 'M' 'M' 'M'
 'M' 'M' 'M' 'M' 'M' 'M' 'A' 'U' 'M' 'U' 'M' 'M' 'M' 'M' 'M' 'U' 'M' 'M'
 'M' 'M' 'M' 'M' 'M' 'M' 'U' 'M' 'M' 'M' 'U' 'M' 'M' 'M' 'M' 'M' 'M' 'M'
 'M' 'M' 'M' 'M' 'M' 'A' 'A' 'A' 'A' 'A' 'A' 'A' 'A' 'M' 'M' 'M' 'M' 'M'
 'M' 'U' 'U' 'M' 'M' 'M' 'M' 'M' 'M' 'M' 'M' 'M' 'M' 'M' 'M' 'M' 'M' 'M'
 'M' 'M' 'M' 'M' 'M' 'M' 'U' 'M' 'M' 'M' 'M' 'M' 'M' 'M' 'M' 'M' 'M' 'M'
 'M' 'M' 'M' 'M' 'M' 'U' 'M' 'U' 'M' 'M' 'M' 'M' 'M' 'M' 'M' 'U' 'M' 'M']"
31501,0,183,9,174,15,0,0,"['A' 'M' 'M' 'M' 'M' 'M' 'M' 'M' 'M' 'M' 'U' 'M' 'M' 'M' 'M' 'M' 'M' 'M'
 'M' 'U' 'M' 'M' 'M' 'U' 'M' 'M' 'M' 'M' 'M' 'M' 'M' 'M' 'M' 'M' 'M' 'M'
 'M' 'M' 'M' 'M' 'M' 'M' 'M' 'M' 'M' 'M' 'M' 'M' 'M' 'M' 'M' 'M' 'M' 'M'
 'M' 'M' 'M' 'M' 'U' 'M' 'M' 'M' 'M' 'M' 'M' 'M' 'M' 'M' 'M' 'M' 'M' 'M'
 'M' 'M' 'M' 'M' 'M' 'M' 'M' 'M' 'M' 'M' 'M' 'M' 'M' 'M' 'M' 'M' 'M' 'U'
 'M' 'M' 'M' 'M' 'M' 'M' 'A' 'U' 'M' 'U' 'M' 'M' 'M' 'M' 'M' 'U' 'M' 'M'
 'U' 'M' 'M' 'M' 'M' 'M' 'U' 'M' 'M' 'M' 'M' 'M' 'M' 'M' 'M' 'M' 'M' 'M'
 'M' 'M' 'M' 'M' 'M' 'A' 'A' 'A' 'A' 'A' 'A' 'A' 'U' 'M' 'M' 'M' 'M' 'M'
 'M' 'U' 'U' 'M' 'M' 'M' 'M' 'M' 'M' 'M' 'M' 'M' 'M' 'M' 'M' 'M' 'M' 'M'
 'M' 'M' 'M' 'M' 'M' 'M' 'M' 'M' 'M' 'M' 'M' 'M' 'M' 'M' 'M' 'M' 'M' 'M'
 'M' 'M' 'M' 'M' 'M' 'U' 'M' 'U' 'M' 'M' 'M' 'M' 'M' 'M' 'M' 'M' 'M' 'M']"
31601,0,179,3,176,19,0,0,"['A' 'M' 'M' 'M' 'M' 'M' 'M' 'M' 'M' 'M' 'U' 'M' 'M' 'M' 'M' 'M' 'M' 'M'
 'M' 'U' 'M' 'M' 'M' 'M' 'M' 'M' 'M' 'M' 'M' 'M' 'M' 'M' 'M' 'M' 'M' 'M'
 'M' 'M' 'M' 'M' 'M' 'M' 'M' 'M' 'M' 'M' 'M' 'M' 'M' 'M' 'M' 'M' 'M' 'M'
 'M' 'M' 'M' 'M' 'U' 'M' 'M' 'M' 'M' 'M' 'M' 'M' 'M' 'M' 'M' 'M' 'M' 'M'
 'M' 'M' 'M' 'M' 'M' 'M' 'M' 'M' 'M' 'M' 'M' 'M' 'M' 'M' 'M' 'M' 'M' 'M'
 'U' 'M' 'M' 'M' 'M' 'M' 'U' 'U' 'M' 'U' 'M' 'M' 'M' 'M' 'M' 'U' 'M' 'M'
 'U' 'M' 'M' 'M' 'M' 'M' 'U' 'M' 'M' 'M' 'M' 'M' 'M' 'M' 'M' 'M' 'M' 'M'
 'M' 'M' 'M' 'M' 'U' 'U' 'U' 'U' 'M' 'A' 'U' 'A' 'U' 'M' 'M' 'M' 'M' 'M'
 'M' 'U' 'M' 'M' 'M' 'M' 'M' 'M' 'M' 'M' 'M' 'M' 'M' 'M' 'M' 'M' 'M' 'M'
 'M' 'M' 'M' 'M' 'M' 'M' 'M' 'M' 'M' 'M' 'M' 'M' 'M' 'M' 'U' 'M' 'M' 'M'
 'M' 'M' 'M' 'M' 'M' 'M' 'M' 'M' 'M' 'M' 'M' 'M' 'M' 'M' 'M' 'U' 'M' 'M']"
31701,0,184,10,174,14,0,0,"['A' 'M' 'M' 'M' 'M' 'M' 'M' 'M' 'M' 'M' 'U' 'M' 'M' 'M' 'M' 'M' 'M' 'M'
 'M' 'U' 'M' 'M' 'M' 'M' 'M' 'M' 'M' 'M' 'M' 'M' 'M' 'M' 'M' 'M' 'M' 'M'
 'M' 'M' 'M' 'M' 'M' 'M' 'M' 'M' 'M' 'M' 'M' 'M' 'M' 'M' 'M' 'M' 'M' 'M'
 'M' 'M' 'M' 'M' 'U' 'M' 'M' 'M' 'M' 'M' 'M' 'M' 'M' 'M' 'M' 'M' 'M' 'M'
 'M' 'M' 'M' 'M' 'M' 'M' 'M' 'U' 'M' 'M' 'M' 'M' 'M' 'M' 'M' 'M' 'M' 'M'
 'M' 'M' 'M' 'M' 'M' 'M' 'M' 'U' 'M' 'M' 'M' 'M' 'M' 'M' 'M' 'U' 'M' 'M'
 'A' 'M' 'M' 'M' 'M' 'M' 'U' 'M' 'M' 'U' 'M' 'M' 'M' 'M' 'M' 'M' 'M' 'M'
 'M' 'M' 'M' 'M' 'M' 'U' 'A' 'A' 'A' 'A' 'A' 'A' 'A' 'U' 'M' 'M' 'M' 'M'
 'M' 'A' 'M' 'M' 'M' 'M' 'U' 'M' 'M' 'M' 'M' 'M' 'M' 'M' 'M' 'U' 'M' 'M'
 'M' 'M' 'M' 'M' 'M' 'M' 'M' 'M' 'M' 'M' 'M' 'M' 'M' 'M' 'U' 'M' 'M' 'M'
 'M' 'M' 'M' 'M' 'M' 'M' 'M' 'M' 'M' 'M' 'M' 'M' 'M' 'M' 'M' 'U' 'M' 'M']"
31801,0,189,9,180,9,0,0,"['A' 'M' 'M' 'M' 'M' 'M' 'M' 'M' 'M' 'M' 'M' 'M' 'M' 'M' 'M' 'M' 'M' 'M'
 'M' 'U' 'M' 'M' 'M' 'M' 'M' 'M' 'M' 'M' 'M' 'U' 'M' 'M' 'M' 'M' 'M' 'M'
 'M' 'M' 'M' 'M' 'M' 'M' 'M' 'M' 'M' 'M' 'M' 'M' 'M' 'M' 'M' 'M' 'M' 'M'
 'M' 'M' 'M' 'M' 'U' 'M' 'M' 'M' 'M' 'M' 'M' 'M' 'M' 'M' 'M' 'U' 'M' 'M'
 'M' 'M' 'M' 'M' 'M' 'M' 'M' 'M' 'M' 'M' 'M' 'M' 'M' 'M' 'M' 'M' 'M' 'M'
 'M' 'M' 'M' 'M' 'M' 'M' 'M' 'M' 'M' 'M' 'M' 'M' 'M' 'M' 'M' 'U' 'M' 'M'
 'U' 'M' 'M' 'M' 'M' 'M' 'A' 'M' 'M' 'U' 'M' 'M' 'M' 'M' 'M' 'M' 'M' 'M'
 'M' 'M' 'M' 'M' 'M' 'M' 'A' 'A' 'A' 'A' 'A' 'U' 'A' 'M' 'M' 'M' 'M' 'M'
 'M' 'A' 'M' 'M' 'M' 'M' 'M' 'M' 'M' 'M' 'M' 'M' 'M' 'M' 'M' 'M' 'M' 'M'
 'M' 'M' 'M' 'M' 'M' 'M' 'M' 'M' 'M' 'M' 'M' 'M' 'M' 'M' 'M' 'M' 'M' 'M'
 'M' 'M' 'M' 'M' 'M' 'M' 'M' 'M' 'M' 'M' 'M' 'M' 'M' 'M' 'M' 'U' 'M' 'M']"
31901,0,177,7,170,21,0,0,"['A' 'M' 'M' 'M' 'M' 'M' 'M' 'U' 'M' 'M' 'M' 'M' 'M' 'M' 'M' 'M' 'M' 'M'
 'M' 'M' 'U' 'M' 'M' 'M' 'M' 'M' 'M' 'M' 'M' 'U' 'M' 'M' 'M' 'M' 'U' 'U'
 'M' 'M' 'M' 'M' 'U' 'M' 'M' 'M' 'M' 'M' 'M' 'M' 'M' 'M' 'M' 'M' 'M' 'M'
 'M' 'M' 'M' 'M' 'U' 'M' 'M' 'M' 'M' 'M' 'M' 'M' 'M' 'M' 'M' 'M' 'M' 'M'
 'M' 'M' 'M' 'M' 'U' 'M' 'M' 'M' 'M' 'M' 'M' 'M' 'M' 'M' 'M' 'M' 'M' 'M'
 'M' 'M' 'M' 'M' 'M' 'M' 'M' 'M' 'M' 'M' 'M' 'M' 'M' 'M' 'M' 'U' 'M' 'M'
 'U' 'M' 'M' 'M' 'M' 'M' 'A' 'M' 'M' 'U' 'M' 'M' 'M' 'M' 'U' 'M' 'M' 'M'
 'M' 'M' 'M' 'M' 'M' 'U' 'U' 'U' 'A' 'A' 'A' 'U' 'A' 'M' 'M' 'M' 'U' 'M'
 'M' 'A' 'M' 'M' 'M' 'M' 'M' 'M' 'M' 'M' 'M' 'M' 'M' 'U' 'M' 'U' 'M' 'M'
 'M' 'M' 'M' 'M' 'M' 'M' 'M' 'M' 'M' 'M' 'M' 'M' 'M' 'M' 'M' 'M' 'M' 'M'
 'U' 'M' 'M' 'M' 'M' 'M' 'M' 'M' 'U' 'M' 'M' 'M' 'M' 'M' 'M' 'M' 'M' 'M']"
32001,0,179,8,171,19,0,0,"['A' 'M' 'M' 'M' 'M' 'M' 'M' 'U' 'M' 'M' 'M' 'M' 'M' 'M' 'M' 'M' 'M' 'M'
 'M' 'U' 'U' 'U' 'M' 'M' 'M' 'M' 'M' 'M' 'M' 'U' 'M' 'M' 'M' 'M' 'M' 'M'
 'M' 'M' 'M' 'M' 'M' 'M' 'M' 'M' 'M' 'M' 'M' 'M' 'M' 'M' 'M' 'M' 'M' 'M'
 'M' 'M' 'M' 'M' 'A' 'M' 'M' 'M' 'M' 'M' 'M' 'M' 'M' 'M' 'M' 'M' 'M' 'M'
 'M' 'U' 'M' 'M' 'M' 'M' 'M' 'M' 'M' 'M' 'M' 'M' 'M' 'M' 'M' 'M' 'M' 'M'
 'M' 'M' 'M' 'M' 'M' 'M' 'M' 'M' 'M' 'M' 'M' 'M' 'M' 'M' 'M' 'M' 'M' 'M'
 'U' 'M' 'M' 'M' 'M' 'M' 'A' 'M' 'M' 'M' 'M' 'M' 'M' 'M' 'U' 'M' 'M' 'M'
 'M' 'M' 'M' 'M' 'M' 'U' 'A' 'A' 'A' 'U' 'A' 'U' 'A' 'M' 'M' 'M' 'U' 'M'
 'M' 'U' 'M' 'M' 'M' 'M' 'M' 'M' 'M' 'M' 'M' 'M' 'M' 'U' 'M' 'U' 'M' 'M'
 'M' 'M' 'U' 'M' 'M' 'M' 'M' 'M' 'M' 'M' 'M' 'M' 'U' 'M' 'M' 'M' 'M' 'M'
 'U' 'M' 'M' 'M' 'M' 'M' 'M' 'M' 'U' 'M' 'M' 'M' 'M' 'M' 'M' 'M' 'M' 'M']"
32101,0,182,6,176,16,0,0,"['A' 'M' 'U' 'M' 'M' 'M' 'M' 'M' 'M' 'M' 'M' 'M' 'M' 'M' 'M' 'M' 'M' 'M'
 'M' 'M' 'U' 'U' 'M' 'M' 'M' 'M' 'M' 'M' 'M' 'M' 'M' 'M' 'M' 'M' 'M' 'M'
 'M' 'M' 'M' 'M' 'M' 'M' 'M' 'M' 'M' 'M' 'M' 'M' 'M' 'U' 'M' 'M' 'M' 'M'
 'M' 'M' 'M' 'M' 'A' 'M' 'M' 'M' 'M' 'M' 'M' 'M' 'M' 'M' 'M' 'M' 'M' 'M'
 'M' 'M' 'M' 'M' 'M' 'M' 'M' 'M' 'M' 'M' 'M' 'M' 'M' 'M' 'M' 'M' 'M' 'M'
 'U' 'M' 'M' 'M' 'M' 'M' 'M' 'M' 'M' 'M' 'M' 'M' 'M' 'M' 'M' 'M' 'M' 'M'
 'U' 'M' 'M' 'M' 'M' 'M' 'A' 'M' 'M' 'M' 'M' 'M' 'M' 'M' 'U' 'M' 'M' 'M'
 'M' 'M' 'M' 'M' 'M' 'M' 'A' 'U' 'U' 'U' 'A' 'U' 'A' 'M' 'M' 'M' 'U' 'M'
 'M' 'U' 'M' 'M' 'M' 'M' 'M' 'M' 'U' 'M' 'M' 'M' 'M' 'U' 'M' 'M' 'M' 'M'
 'M' 'M' 'M' 'M' 'M' 'M' 'M' 'M' 'M' 'M' 'M' 'M' 'M' 'M' 'M' 'M' 'M' 'M'
 'M' 'M' 'M' 'M' 'M' 'M' 'M' 'M' 'U' 'M' 'M' 'M' 'M' 'M' 'M' 'M' 'M' 'M']"
32201,0,185,10,175,13,0,0,"['A' 'M' 'U' 'M' 'M' 'M' 'M' 'M' 'M' 'M' 'M' 'M' 'M' 'M' 'M' 'M' 'M' 'M'
 'M' 'M' 'U' 'U' 'M' 'M' 'M' 'M' 'M' 'M' 'M' 'M' 'M' 'M' 'M' 'U' 'M' 'M'
 'M' 'M' 'M' 'M' 'M' 'M' 'M' 'M' 'M' 'M' 'M' 'M' 'M' 'M' 'M' 'M' 'M' 'M'
 'M' 'M' 'M' 'M' 'U' 'M' 'M' 'M' 'M' 'M' 'M' 'U' 'M' 'M' 'M' 'M' 'M' 'M'
 'M' 'M' 'M' 'M' 'M' 'M' 'M' 'M' 'M' 'M' 'M' 'M' 'M' 'M' 'M' 'M' 'M' 'M'
 'M' 'M' 'M' 'M' 'M' 'M' 'M' 'M' 'M' 'M' 'M' 'M' 'M' 'M' 'M' 'M' 'M' 'M'
 'U' 'M' 'M' 'M' 'M' 'M' 'A' 'M' 'M' 'M' 'M' 'M' 'M' 'M' 'U' 'M' 'M' 'U'
 'M' 'M' 'M' 'M' 'M' 'M' 'A' 'A' 'A' 'A' 'A' 'A' 'A' 'M' 'M' 'M' 'A' 'M'
 'M' 'U' 'M' 'M' 'M' 'M' 'M' 'M' 'U' 'M' 'M' 'M' 'M' 'U' 'M' 'M' 'M' 'M'
 'M' 'M' 'M' 'M' 'M' 'M' 'M' 'M' 'M' 'M' 'M' 'M' 'U' 'M' 'M' 'M' 'M' 'M'
 'M' 'M' 'M' 'M' 'M' 'M' 'M' 'M' 'M' 'M' 'M' 'M' 'M' 'M' 'M' 'M' 'M' 'M']"
32301,0,178,8,170,20,0,0,"['A' 'M' 'U' 'U' 'M' 'M' 'M' 'M' 'M' 'M' 'M' 'M' 'M' 'M' 'M' 'M' 'M' 'M'
 'M' 'M' 'U' 'U' 'M' 'M' 'M' 'M' 'M' 'M' 'M' 'U' 'M' 'M' 'M' 'U' 'M' 'M'
 'M' 'M' 'M' 'U' 'M' 'M' 'M' 'M' 'M' 'M' 'M' 'M' 'M' 'M' 'U' 'M' 'M' 'M'
 'U' 'M' 'M' 'M' 'M' 'M' 'M' 'M' 'U' 'M' 'M' 'U' 'M' 'M' 'M' 'M' 'M' 'M'
 'M' 'M' 'M' 'M' 'M' 'M' 'M' 'M' 'M' 'M' 'M' 'M' 'M' 'M' 'M' 'M' 'M' 'M'
 'M' 'M' 'M' 'M' 'M' 'M' 'M' 'M' 'M' 'M' 'M' 'M' 'M' 'M' 'M' 'M' 'M' 'M'
 'U' 'M' 'M' 'M' 'M' 'M' 'A' 'M' 'M' 'M' 'M' 'M' 'M' 'M' 'U' 'M' 'M' 'U'
 'U' 'M' 'M' 'M' 'M' 'M' 'U' 'A' 'A' 'U' 'A' 'A' 'A' 'M' 'M' 'M' 'A' 'M'
 'M' 'M' 'M' 'M' 'M' 'M' 'M' 'M' 'U' 'M' 'M' 'M' 'M' 'U' 'M' 'M' 'M' 'M'
 'M' 'M' 'M' 'M' 'M' 'M' 'M' 'M' 'M' 'M' 'M' 'M' 'U' 'M' 'M' 'M' 'M' 'M'
 'M' 'M' 'M' 'M' 'M' 'M' 'M' 'M' 'M' 'M' 'M' 'M' 'M' 'M' 'M' 'M' 'M' 'M']"
32401,0,178,5,173,20,0,0,"['A' 'M' 'U' 'U' 'M' 'M' 'M' 'M' 'M' 'M' 'M' 'M' 'M' 'M' 'M' 'M' 'M' 'M'
 'M' 'M' 'U' 'U' 'M' 'U' 'M' 'M' 'M' 'M' 'M' 'U' 'M' 'M' 'M' 'U' 'M' 'M'
 'M' 'M' 'M' 'U' 'M' 'M' 'M' 'M' 'M' 'M' 'M' 'M' 'M' 'M' 'M' 'M' 'M' 'M'
 'U' 'M' 'M' 'M' 'M' 'M' 'M' 'M' 'U' 'M' 'M' 'M' 'M' 'M' 'M' 'M' 'M' 'M'
 'U' 'M' 'M' 'M' 'M' 'M' 'M' 'M' 'M' 'M' 'M' 'M' 'M' 'M' 'M' 'M' 'M' 'M'
 'M' 'M' 'M' 'M' 'M' 'M' 'M' 'M' 'M' 'M' 'M' 'M' 'M' 'M' 'M' 'M' 'M' 'M'
 'U' 'M' 'M' 'M' 'M' 'M' 'A' 'M' 'M' 'M' 'M' 'M' 'M' 'M' 'U' 'M' 'M' 'U'
 'U' 'M' 'M' 'M' 'M' 'M' 'U' 'U' 'U' 'M' 'M' 'A' 'A' 'M' 'M' 'M' 'A' 'M'
 'M' 'M' 'M' 'M' 'M' 'M' 'M' 'M' 'U' 'M' 'M' 'M' 'M' 'M' 'M' 'M' 'M' 'M'
 'M' 'M' 'M' 'M' 'M' 'M' 'M' 'M' 'M' 'M' 'M' 'M' 'U' 'M' 'M' 'M' 'M' 'M'
 'M' 'M' 'M' 'M' 'M' 'M' 'M' 'M' 'M' 'M' 'M' 'M' 'M' 'M' 'M' 'M' 'M' 'M']"
32501,0,175,3,172,23,0,0,"['A' 'M' 'U' 'U' 'M' 'M' 'M' 'M' 'M' 'M' 'M' 'M' 'M' 'M' 'M' 'M' 'M' 'M'
 'M' 'M' 'M' 'U' 'M' 'U' 'M' 'M' 'M' 'M' 'M' 'M' 'M' 'M' 'M' 'U' 'M' 'M'
 'M' 'M' 'M' 'U' 'M' 'M' 'M' 'M' 'M' 'M' 'M' 'U' 'U' 'M' 'M' 'M' 'M' 'M'
 'U' 'M' 'M' 'M' 'M' 'M' 'M' 'M' 'U' 'M' 'M' 'M' 'M' 'M' 'M' 'M' 'M' 'M'
 'M' 'U' 'M' 'M' 'M' 'M' 'M' 'M' 'M' 'M' 'M' 'M' 'M' 'M' 'M' 'M' 'M' 'M'
 'M' 'M' 'M' 'M' 'M' 'M' 'M' 'M' 'M' 'M' 'M' 'M' 'M' 'M' 'M' 'M' 'M' 'M'
 'U' 'M' 'M' 'M' 'U' 'M' 'U' 'M' 'M' 'M' 'M' 'M' 'M' 'M' 'U' 'M' 'M' 'U'
 'U' 'M' 'M' 'M' 'M' 'M' 'A' 'M' 'M' 'M' 'U' 'U' 'A' 'M' 'M' 'M' 'U' 'M'
 'M' 'M' 'M' 'M' 'M' 'M' 'M' 'M' 'U' 'M' 'M' 'M' 'M' 'M' 'M' 'M' 'M' 'M'
 'M' 'M' 'M' 'M' 'M' 'M' 'M' 'M' 'M' 'U' 'M' 'M' 'U' 'M' 'M' 'M' 'M' 'M'
 'M' 'M' 'M' 'M' 'M' 'M' 'M' 'M' 'M' 'M' 'M' 'M' 'M' 'M' 'M' 'M' 'M' 'M']"
32601,0,181,4,177,17,0,0,"['A' 'M' 'M' 'U' 'M' 'M' 'M' 'M' 'M' 'M' 'M' 'M' 'M' 'M' 'M' 'M' 'M' 'M'
 'M' 'M' 'M' 'U' 'M' 'U' 'M' 'M' 'M' 'M' 'M' 'M' 'M' 'M' 'M' 'U' 'M' 'M'
 'M' 'M' 'M' 'M' 'M' 'M' 'M' 'M' 'M' 'M' 'M' 'M' 'M' 'M' 'M' 'M' 'M' 'M'
 'M' 'M' 'M' 'M' 'M' 'M' 'M' 'M' 'U' 'M' 'M' 'M' 'M' 'M' 'M' 'M' 'M' 'M'
 'M' 'M' 'M' 'M' 'M' 'U' 'M' 'M' 'M' 'M' 'M' 'M' 'M' 'M' 'M' 'M' 'M' 'M'
 'M' 'M' 'M' 'M' 'M' 'M' 'M' 'M' 'M' 'M' 'M' 'M' 'M' 'M' 'M' 'M' 'M' 'M'
 'M' 'M' 'M' 'M' 'U' 'M' 'M' 'M' 'M' 'M' 'M' 'M' 'M' 'M' 'U' 'M' 'M' 'U'
 'U' 'M' 'M' 'M' 'M' 'M' 'A' 'U' 'A' 'U' 'U' 'U' 'A' 'M' 'M' 'M' 'U' 'M'
 'M' 'M' 'M' 'M' 'M' 'M' 'M' 'M' 'M' 'M' 'M' 'M' 'M' 'M' 'M' 'M' 'M' 'M'
 'M' 'M' 'M' 'M' 'M' 'M' 'M' 'M' 'M' 'M' 'M' 'M' 'U' 'M' 'M' 'M' 'M' 'M'
 'M' 'U' 'M' 'M' 'M' 'M' 'M' 'M' 'M' 'M' 'M' 'M' 'M' 'M' 'M' 'M' 'M' 'M']"
32701,0,183,2,181,15,0,0,"['A' 'M' 'M' 'M' 'M' 'M' 'M' 'M' 'M' 'M' 'M' 'M' 'M' 'M' 'M' 'M' 'M' 'M'
 'M' 'M' 'M' 'M' 'M' 'M' 'M' 'M' 'M' 'M' 'M' 'M' 'M' 'M' 'M' 'U' 'M' 'M'
 'M' 'M' 'M' 'M' 'M' 'M' 'U' 'M' 'M' 'M' 'M' 'M' 'M' 'M' 'M' 'M' 'M' 'M'
 'M' 'M' 'M' 'M' 'M' 'M' 'M' 'M' 'U' 'M' 'M' 'M' 'M' 'M' 'M' 'M' 'M' 'M'
 'M' 'M' 'M' 'M' 'M' 'M' 'M' 'M' 'M' 'M' 'M' 'M' 'M' 'U' 'M' 'M' 'M' 'M'
 'M' 'M' 'M' 'M' 'M' 'M' 'M' 'M' 'M' 'M' 'M' 'M' 'M' 'M' 'M' 'M' 'M' 'M'
 'M' 'M' 'M' 'M' 'U' 'M' 'M' 'M' 'M' 'M' 'M' 'M' 'M' 'M' 'U' 'M' 'M' 'U'
 'U' 'M' 'M' 'M' 'M' 'M' 'M' 'U' 'A' 'U' 'U' 'U' 'M' 'M' 'M' 'M' 'M' 'M'
 'M' 'M' 'M' 'M' 'M' 'M' 'M' 'M' 'M' 'M' 'M' 'M' 'U' 'M' 'M' 'M' 'M' 'M'
 'M' 'M' 'M' 'M' 'M' 'M' 'M' 'M' 'M' 'M' 'M' 'M' 'U' 'M' 'M' 'M' 'M' 'M'
 'M' 'U' 'M' 'M' 'M' 'M' 'M' 'M' 'M' 'M' 'M' 'M' 'M' 'M' 'M' 'M' 'M' 'M']"
32801,1,188,5,183,10,0,0,"['A' 'M' 'M' 'M' 'M' 'M' 'M' 'M' 'M' 'M' 'M' 'M' 'M' 'M' 'M' 'M' 'M' 'M'
 'M' 'M' 'M' 'M' 'M' 'M' 'M' 'M' 'M' 'M' 'M' 'M' 'M' 'M' 'M' 'U' 'M' 'M'
 'M' 'M' 'M' 'M' 'M' 'M' 'U' 'M' 'M' 'M' 'M' 'M' 'M' 'M' 'M' 'M' 'M' 'M'
 'M' 'M' 'M' 'M' 'M' 'M' 'M' 'M' 'M' 'M' 'M' 'M' 'M' 'M' 'M' 'M' 'M' 'M'
 'M' 'M' 'M' 'M' 'M' 'U' 'M' 'M' 'M' 'M' 'M' 'M' 'M' 'M' 'M' 'M' 'M' 'M'
 'M' 'M' 'M' 'M' 'M' 'M' 'M' 'M' 'M' 'M' 'M' 'M' 'M' 'M' 'M' 'M' 'M' 'M'
 'M' 'U' 'M' 'M' 'U' 'M' 'M' 'M' 'M' 'M' 'M' 'M' 'M' 'M' 'M' 'M' 'M' 'M'
 'M' 'M' 'M' 'M' 'M' 'U' 'A' 'A' 'A' 'A' 'U' 'U' 'M' 'M' 'M' 'M' 'M' 'M'
 'M' 'M' 'M' 'M' 'M' 'M' 'M' 'M' 'M' 'M' 'M' 'U' 'M' 'M' 'M' 'M' 'M' 'M'
 'M' 'M' 'M' 'M' 'M' 'M' 'M' 'M' 'M' 'M' 'M' 'M' 'U' 'M' 'M' 'M' 'M' 'M'
 'M' 'M' 'M' 'M' 'M' 'M' 'M' 'M' 'M' 'M' 'M' 'M' 'M' 'M' 'M' 'M' 'M' 'M']"
32901,0,183,4,179,15,0,0,"['A' 'M' 'M' 'M' 'M' 'M' 'M' 'M' 'M' 'U' 'M' 'M' 'M' 'M' 'M' 'M' 'M' 'M'
 'M' 'M' 'M' 'M' 'M' 'M' 'M' 'M' 'M' 'M' 'M' 'M' 'M' 'M' 'M' 'U' 'M' 'M'
 'M' 'M' 'M' 'M' 'M' 'M' 'U' 'M' 'M' 'M' 'M' 'M' 'M' 'M' 'M' 'M' 'M' 'M'
 'M' 'M' 'M' 'U' 'M' 'M' 'M' 'M' 'M' 'M' 'M' 'M' 'M' 'M' 'M' 'M' 'U' 'M'
 'M' 'M' 'M' 'M' 'M' 'M' 'M' 'M' 'M' 'M' 'M' 'M' 'M' 'M' 'M' 'M' 'M' 'M'
 'M' 'M' 'M' 'M' 'M' 'M' 'M' 'M' 'M' 'M' 'M' 'M' 'M' 'M' 'M' 'M' 'U' 'M'
 'M' 'U' 'M' 'M' 'M' 'M' 'M' 'M' 'M' 'M' 'M' 'M' 'M' 'M' 'M' 'M' 'M' 'M'
 'M' 'M' 'M' 'U' 'M' 'U' 'U' 'A' 'U' 'U' 'A' 'A' 'U' 'M' 'M' 'M' 'M' 'M'
 'M' 'M' 'M' 'M' 'M' 'M' 'M' 'M' 'M' 'M' 'M' 'M' 'M' 'M' 'M' 'M' 'M' 'M'
 'M' 'M' 'M' 'M' 'M' 'M' 'M' 'M' 'M' 'M' 'M' 'M' 'U' 'M' 'M' 'M' 'M' 'M'
 'M' 'M' 'M' 'U' 'M' 'M' 'M' 'M' 'M' 'M' 'M' 'M' 'M' 'M' 'M' 'M' 'M' 'M']"
33001,0,185,7,178,13,0,0,"['A' 'M' 'M' 'M' 'M' 'M' 'M' 'M' 'M' 'U' 'M' 'M' 'M' 'M' 'M' 'M' 'M' 'U'
 'M' 'M' 'M' 'M' 'M' 'M' 'M' 'M' 'M' 'M' 'M' 'M' 'M' 'M' 'U' 'M' 'M' 'M'
 'M' 'M' 'M' 'M' 'M' 'M' 'U' 'M' 'M' 'M' 'M' 'M' 'M' 'M' 'M' 'M' 'M' 'M'
 'M' 'M' 'M' 'U' 'M' 'M' 'M' 'M' 'M' 'M' 'M' 'M' 'M' 'M' 'M' 'M' 'M' 'M'
 'M' 'M' 'M' 'M' 'M' 'M' 'M' 'M' 'M' 'M' 'M' 'M' 'M' 'M' 'M' 'M' 'M' 'M'
 'U' 'M' 'M' 'M' 'M' 'M' 'M' 'M' 'M' 'M' 'M' 'M' 'M' 'M' 'M' 'M' 'U' 'M'
 'M' 'U' 'M' 'M' 'M' 'M' 'M' 'M' 'M' 'M' 'M' 'M' 'M' 'M' 'M' 'M' 'M' 'M'
 'M' 'M' 'M' 'U' 'M' 'A' 'A' 'A' 'A' 'A' 'U' 'A' 'U' 'M' 'M' 'M' 'M' 'M'
 'M' 'M' 'M' 'M' 'M' 'M' 'M' 'M' 'M' 'M' 'M' 'M' 'M' 'M' 'M' 'M' 'M' 'M'
 'M' 'M' 'M' 'M' 'M' 'M' 'M' 'M' 'M' 'M' 'M' 'M' 'U' 'M' 'M' 'M' 'M' 'M'
 'M' 'M' 'M' 'U' 'M' 'M' 'M' 'M' 'M' 'M' 'M' 'M' 'M' 'M' 'M' 'M' 'M' 'M']"
33101,0,179,7,172,19,0,0,"['A' 'U' 'M' 'M' 'M' 'M' 'M' 'M' 'M' 'U' 'M' 'M' 'M' 'M' 'M' 'M' 'M' 'U'
 'M' 'M' 'M' 'M' 'M' 'M' 'M' 'M' 'M' 'M' 'M' 'M' 'M' 'M' 'U' 'M' 'M' 'M'
 'M' 'M' 'M' 'M' 'M' 'M' 'U' 'M' 'M' 'M' 'M' 'M' 'M' 'M' 'M' 'M' 'M' 'M'
 'M' 'M' 'M' 'M' 'M' 'M' 'M' 'M' 'M' 'M' 'M' 'U' 'M' 'M' 'M' 'M' 'M' 'M'
 'M' 'M' 'M' 'M' 'M' 'M' 'M' 'M' 'M' 'M' 'M' 'M' 'M' 'M' 'M' 'M' 'M' 'M'
 'M' 'M' 'M' 'M' 'M' 'M' 'U' 'M' 'M' 'M' 'M' 'M' 'U' 'M' 'M' 'M' 'U' 'M'
 'M' 'U' 'M' 'U' 'M' 'M' 'M' 'M' 'M' 'M' 'M' 'M' 'M' 'M' 'M' 'M' 'M' 'M'
 'M' 'M' 'M' 'U' 'M' 'A' 'A' 'U' 'A' 'A' 'A' 'A' 'M' 'M' 'U' 'M' 'M' 'M'
 'M' 'M' 'M' 'M' 'U' 'M' 'M' 'M' 'M' 'M' 'M' 'M' 'M' 'M' 'M' 'M' 'M' 'M'
 'M' 'M' 'M' 'M' 'U' 'M' 'M' 'M' 'M' 'M' 'M' 'M' 'U' 'M' 'M' 'M' 'M' 'M'
 'M' 'M' 'M' 'U' 'M' 'M' 'M' 'M' 'M' 'M' 'M' 'M' 'U' 'M' 'M' 'M' 'M' 'M']"
33201,0,174,8,166,24,1,0,"['A' 'U' 'M' 'M' 'M' 'M' 'M' 'M' 'U' 'U' 'M' 'U' 'M' 'M' 'M' 'M' 'M' 'U'
 'M' 'M' 'M' 'M' 'M' 'M' 'M' 'M' 'M' 'M' 'U' 'M' 'M' 'M' 'U' 'M' 'M' 'M'
 'M' 'M' 'M' 'M' 'M' 'M' 'U' 'M' 'U' 'M' 'M' 'M' 'M' 'U' 'M' 'M' 'M' 'M'
 'M' 'M' 'M' 'M' 'M' 'M' 'M' 'M' 'M' 'M' 'M' 'M' 'M' 'M' 'M' 'M' 'M' 'M'
 'M' 'M' 'M' 'M' 'M' 'M' 'M' 'M' 'M' 'M' 'M' 'M' 'M' 'U' 'M' 'M' 'M' 'M'
 'M' 'M' 'M' 'M' 'M' 'M' 'M' 'M' 'M' 'M' 'M' 'M' 'A' 'M' 'M' 'M' 'U' 'M'
 'M' 'U' 'M' 'U' 'M' 'M' 'M' 'M' 'M' 'M' 'M' 'M' 'M' 'M' 'M' 'M' 'M' 'M'
 'M' 'M' 'M' 'U' 'M' 'A' 'A' 'A' 'A' 'A' 'U' 'A' 'U' 'U' 'U' 'M' 'M' 'M'
 'M' 'M' 'M' 'M' 'U' 'M' 'M' 'M' 'M' 'M' 'M' 'U' 'M' 'M' 'M' 'M' 'M' 'M'
 'M' 'M' 'M' 'M' 'U' 'M' 'U' 'M' 'M' 'M' 'M' 'M' 'M' 'M' 'M' 'M' 'M' 'M'
 'M' 'M' 'M' 'M' 'M' 'M' 'M' 'M' 'M' 'M' 'M' 'M' 'U' 'M' 'M' 'M' 'M' 'M']"
33301,0,175,5,170,23,0,0,"['A' 'U' 'M' 'M' 'M' 'M' 'M' 'M' 'U' 'U' 'M' 'U' 'M' 'M' 'M' 'M' 'M' 'M'
 'M' 'M' 'M' 'M' 'M' 'M' 'M' 'U' 'M' 'M' 'U' 'M' 'M' 'M' 'U' 'M' 'M' 'M'
 'M' 'M' 'M' 'M' 'M' 'M' 'U' 'M' 'U' 'M' 'M' 'M' 'M' 'U' 'M' 'M' 'M' 'M'
 'M' 'M' 'M' 'M' 'M' 'M' 'M' 'M' 'M' 'M' 'M' 'M' 'M' 'M' 'M' 'M' 'M' 'M'
 'M' 'U' 'M' 'M' 'M' 'M' 'M' 'M' 'M' 'M' 'M' 'M' 'M' 'M' 'M' 'M' 'M' 'M'
 'M' 'M' 'M' 'M' 'M' 'M' 'M' 'M' 'M' 'M' 'M' 'M' 'A' 'M' 'M' 'M' 'M' 'M'
 'M' 'U' 'M' 'M' 'M' 'M' 'M' 'M' 'M' 'M' 'M' 'M' 'M' 'M' 'M' 'M' 'M' 'M'
 'M' 'M' 'U' 'U' 'M' 'U' 'U' 'A' 'A' 'A' 'U' 'U' 'U' 'M' 'U' 'M' 'M' 'M'
 'M' 'M' 'M' 'M' 'U' 'M' 'M' 'M' 'M' 'M' 'M' 'M' 'M' 'M' 'M' 'M' 'M' 'M'
 'M' 'M' 'M' 'M' 'M' 'M' 'U' 'M' 'M' 'M' 'M' 'M' 'M' 'M' 'M' 'M' 'M' 'U'
 'M' 'M' 'M' 'M' 'M' 'M' 'M' 'M' 'M' 'M' 'M' 'M' 'M' 'M' 'M' 'M' 'M' 'M']"
33401,0,179,9,170,19,0,0,"['A' 'U' 'M' 'M' 'M' 'M' 'M' 'M' 'U' 'U' 'M' 'U' 'M' 'M' 'M' 'M' 'M' 'M'
 'M' 'M' 'M' 'M' 'M' 'M' 'M' 'M' 'M' 'M' 'U' 'M' 'M' 'M' 'U' 'M' 'M' 'M'
 'M' 'M' 'M' 'M' 'M' 'M' 'U' 'M' 'U' 'M' 'M' 'M' 'M' 'U' 'M' 'M' 'M' 'M'
 'M' 'M' 'M' 'M' 'M' 'M' 'M' 'M' 'M' 'M' 'M' 'M' 'M' 'M' 'M' 'M' 'U' 'M'
 'M' 'M' 'M' 'M' 'M' 'M' 'M' 'M' 'M' 'M' 'M' 'M' 'M' 'M' 'M' 'M' 'M' 'M'
 'M' 'M' 'M' 'M' 'M' 'M' 'M' 'M' 'M' 'M' 'M' 'M' 'U' 'M' 'M' 'M' 'M' 'M'
 'M' 'U' 'M' 'M' 'M' 'M' 'M' 'M' 'M' 'M' 'M' 'M' 'U' 'M' 'M' 'M' 'M' 'M'
 'M' 'M' 'U' 'A' 'M' 'U' 'A' 'A' 'A' 'A' 'A' 'A' 'A' 'M' 'U' 'M' 'M' 'M'
 'M' 'M' 'M' 'M' 'U' 'M' 'M' 'M' 'M' 'M' 'M' 'M' 'M' 'M' 'M' 'M' 'M' 'M'
 'M' 'M' 'M' 'M' 'M' 'M' 'U' 'M' 'M' 'M' 'M' 'M' 'M' 'M' 'M' 'M' 'M' 'U'
 'M' 'M' 'M' 'M' 'M' 'M' 'M' 'M' 'M' 'M' 'M' 'M' 'M' 'M' 'M' 'M' 'M' 'M']"
33501,0,181,11,170,17,0,0,"['A' 'M' 'M' 'M' 'M' 'M' 'M' 'M' 'M' 'U' 'M' 'U' 'M' 'M' 'M' 'M' 'M' 'M'
 'M' 'M' 'M' 'M' 'U' 'M' 'M' 'M' 'M' 'M' 'U' 'M' 'M' 'M' 'U' 'M' 'M' 'M'
 'M' 'M' 'M' 'M' 'M' 'M' 'U' 'M' 'U' 'M' 'M' 'M' 'M' 'U' 'M' 'M' 'M' 'M'
 'M' 'M' 'M' 'M' 'M' 'M' 'M' 'M' 'M' 'M' 'M' 'M' 'M' 'U' 'M' 'M' 'M' 'M'
 'M' 'M' 'M' 'M' 'M' 'M' 'M' 'M' 'M' 'M' 'M' 'M' 'M' 'M' 'M' 'M' 'M' 'M'
 'M' 'M' 'M' 'M' 'M' 'M' 'M' 'M' 'M' 'M' 'M' 'M' 'M' 'M' 'M' 'M' 'M' 'M'
 'M' 'U' 'M' 'M' 'M' 'M' 'M' 'M' 'M' 'M' 'M' 'M' 'U' 'M' 'M' 'M' 'M' 'M'
 'M' 'M' 'A' 'A' 'U' 'U' 'A' 'A' 'A' 'A' 'A' 'A' 'A' 'M' 'A' 'M' 'M' 'M'
 'M' 'M' 'M' 'M' 'U' 'M' 'M' 'M' 'M' 'M' 'M' 'M' 'M' 'M' 'M' 'M' 'U' 'M'
 'M' 'M' 'M' 'M' 'M' 'M' 'U' 'M' 'M' 'M' 'M' 'M' 'M' 'M' 'M' 'M' 'M' 'U'
 'M' 'M' 'M' 'M' 'M' 'M' 'M' 'M' 'M' 'M' 'M' 'M' 'M' 'M' 'M' 'M' 'M' 'M']"
33601,1,181,10,171,17,0,0,"['A' 'M' 'M' 'M' 'M' 'M' 'M' 'M' 'M' 'M' 'M' 'U' 'M' 'M' 'M' 'M' 'M' 'M'
 'M' 'M' 'M' 'M' 'U' 'M' 'M' 'M' 'M' 'M' 'U' 'M' 'U' 'M' 'M' 'M' 'M' 'M'
 'M' 'M' 'M' 'M' 'M' 'M' 'M' 'M' 'U' 'M' 'M' 'M' 'M' 'M' 'M' 'M' 'M' 'M'
 'M' 'M' 'M' 'M' 'U' 'M' 'M' 'M' 'M' 'M' 'M' 'M' 'M' 'M' 'U' 'M' 'M' 'M'
 'M' 'M' 'M' 'M' 'M' 'M' 'M' 'M' 'M' 'M' 'M' 'M' 'M' 'M' 'M' 'M' 'M' 'M'
 'M' 'M' 'M' 'M' 'M' 'M' 'M' 'M' 'U' 'U' 'M' 'M' 'M' 'M' 'M' 'M' 'M' 'M'
 'M' 'U' 'M' 'M' 'M' 'M' 'M' 'M' 'M' 'M' 'M' 'M' 'U' 'M' 'M' 'M' 'M' 'M'
 'M' 'M' 'U' 'A' 'M' 'A' 'A' 'U' 'A' 'A' 'A' 'A' 'A' 'M' 'A' 'M' 'M' 'M'
 'M' 'M' 'M' 'M' 'U' 'M' 'M' 'M' 'M' 'M' 'U' 'M' 'M' 'M' 'M' 'U' 'M' 'M'
 'M' 'M' 'M' 'M' 'M' 'M' 'U' 'M' 'M' 'M' 'M' 'M' 'M' 'M' 'M' 'M' 'M' 'M'
 'M' 'M' 'M' 'M' 'M' 'M' 'M' 'M' 'M' 'M' 'M' 'M' 'M' 'M' 'M' 'M' 'M' 'M']"
33701,0,182,8,174,16,0,0,"['A' 'M' 'M' 'M' 'M' 'M' 'M' 'M' 'M' 'M' 'M' 'U' 'M' 'M' 'M' 'M' 'M' 'M'
 'M' 'M' 'M' 'M' 'M' 'M' 'M' 'M' 'M' 'M' 'M' 'M' 'U' 'M' 'M' 'M' 'M' 'M'
 'M' 'M' 'M' 'U' 'M' 'M' 'M' 'M' 'U' 'M' 'M' 'M' 'M' 'M' 'M' 'M' 'M' 'M'
 'M' 'M' 'M' 'M' 'M' 'M' 'M' 'M' 'M' 'M' 'M' 'M' 'M' 'M' 'M' 'M' 'M' 'M'
 'M' 'M' 'M' 'M' 'M' 'M' 'M' 'M' 'M' 'M' 'M' 'M' 'M' 'M' 'M' 'M' 'M' 'M'
 'M' 'M' 'M' 'M' 'U' 'M' 'M' 'M' 'U' 'M' 'M' 'M' 'M' 'M' 'M' 'M' 'M' 'M'
 'M' 'U' 'M' 'M' 'M' 'M' 'M' 'M' 'M' 'M' 'M' 'M' 'U' 'M' 'M' 'M' 'M' 'M'
 'M' 'M' 'U' 'A' 'M' 'A' 'A' 'U' 'A' 'U' 'A' 'U' 'A' 'M' 'A' 'M' 'M' 'M'
 'M' 'M' 'M' 'M' 'U' 'M' 'M' 'M' 'M' 'M' 'U' 'M' 'M' 'M' 'M' 'M' 'M' 'M'
 'M' 'M' 'M' 'M' 'U' 'M' 'M' 'M' 'M' 'M' 'M' 'M' 'M' 'M' 'M' 'M' 'M' 'M'
 'M' 'M' 'U' 'M' 'M' 'M' 'M' 'M' 'M' 'M' 'M' 'M' 'M' 'M' 'M' 'M' 'M' 'M']"
33801,0,185,9,176,13,0,0,"['A' 'M' 'M' 'M' 'M' 'U' 'M' 'M' 'M' 'M' 'M' 'U' 'M' 'M' 'M' 'M' 'M' 'M'
 'M' 'M' 'M' 'M' 'M' 'M' 'M' 'M' 'M' 'M' 'M' 'M' 'U' 'M' 'M' 'M' 'M' 'M'
 'M' 'M' 'M' 'U' 'M' 'M' 'M' 'M' 'M' 'M' 'M' 'M' 'M' 'M' 'M' 'M' 'M' 'M'
 'M' 'M' 'M' 'M' 'M' 'M' 'M' 'M' 'M' 'M' 'M' 'M' 'M' 'M' 'M' 'M' 'M' 'M'
 'M' 'M' 'M' 'M' 'M' 'M' 'M' 'M' 'M' 'M' 'M' 'M' 'M' 'M' 'U' 'M' 'M' 'M'
 'M' 'M' 'M' 'M' 'M' 'M' 'M' 'M' 'A' 'M' 'M' 'M' 'M' 'M' 'M' 'M' 'A' 'M'
 'M' 'U' 'M' 'M' 'M' 'M' 'M' 'M' 'M' 'M' 'M' 'M' 'M' 'M' 'M' 'M' 'M' 'U'
 'M' 'M' 'M' 'A' 'M' 'A' 'U' 'A' 'U' 'A' 'M' 'A' 'A' 'M' 'U' 'M' 'M' 'M'
 'M' 'U' 'M' 'M' 'M' 'M' 'M' 'M' 'M' 'M' 'M' 'M' 'M' 'M' 'M' 'M' 'M' 'M'
 'M' 'M' 'M' 'M' 'U' 'M' 'M' 'M' 'M' 'M' 'M' 'M' 'M' 'M' 'M' 'M' 'M' 'M'
 'M' 'M' 'M' 'M' 'M' 'M' 'M' 'M' 'M' 'M' 'U' 'M' 'M' 'M' 'M' 'M' 'M' 'M']"
33901,0,182,6,176,16,0,0,"['A' 'M' 'M' 'M' 'M' 'U' 'M' 'M' 'M' 'M' 'M' 'U' 'M' 'U' 'M' 'M' 'M' 'M'
 'M' 'M' 'U' 'M' 'M' 'M' 'M' 'M' 'M' 'M' 'M' 'M' 'M' 'M' 'M' 'M' 'M' 'M'
 'M' 'M' 'M' 'U' 'M' 'M' 'M' 'M' 'M' 'M' 'M' 'M' 'M' 'M' 'M' 'M' 'M' 'M'
 'M' 'M' 'M' 'M' 'M' 'M' 'M' 'M' 'M' 'M' 'M' 'M' 'U' 'M' 'M' 'M' 'M' 'M'
 'M' 'M' 'M' 'M' 'M' 'M' 'M' 'M' 'M' 'M' 'M' 'M' 'M' 'M' 'M' 'M' 'M' 'M'
 'M' 'M' 'M' 'M' 'M' 'M' 'M' 'M' 'M' 'M' 'M' 'M' 'M' 'U' 'M' 'M' 'A' 'M'
 'M' 'M' 'M' 'M' 'M' 'M' 'M' 'M' 'M' 'M' 'M' 'M' 'M' 'M' 'M' 'M' 'M' 'U'
 'M' 'M' 'M' 'U' 'U' 'A' 'U' 'A' 'U' 'A' 'M' 'A' 'U' 'M' 'M' 'M' 'M' 'M'
 'M' 'U' 'M' 'M' 'M' 'M' 'M' 'M' 'M' 'M' 'M' 'M' 'M' 'M' 'M' 'M' 'M' 'M'
 'M' 'M' 'M' 'M' 'U' 'M' 'M' 'M' 'M' 'M' 'M' 'M' 'M' 'M' 'M' 'M' 'M' 'M'
 'M' 'M' 'M' 'M' 'M' 'M' 'M' 'M' 'M' 'M' 'U' 'M' 'M' 'M' 'M' 'M' 'M' 'M']"
34001,0,178,6,172,20,0,0,"['A' 'M' 'M' 'M' 'M' 'M' 'M' 'M' 'M' 'M' 'M' 'U' 'M' 'U' 'M' 'M' 'M' 'M'
 'M' 'M' 'U' 'M' 'M' 'M' 'M' 'M' 'M' 'M' 'M' 'M' 'M' 'M' 'M' 'M' 'M' 'M'
 'M' 'M' 'M' 'U' 'M' 'M' 'M' 'M' 'M' 'M' 'M' 'M' 'M' 'M' 'M' 'M' 'M' 'M'
 'M' 'M' 'M' 'M' 'M' 'M' 'M' 'M' 'M' 'U' 'M' 'M' 'M' 'U' 'M' 'M' 'M' 'M'
 'M' 'M' 'M' 'M' 'M' 'M' 'M' 'M' 'M' 'M' 'M' 'M' 'M' 'M' 'M' 'M' 'M' 'M'
 'M' 'M' 'M' 'M' 'M' 'M' 'M' 'M' 'M' 'M' 'M' 'M' 'M' 'U' 'M' 'M' 'U' 'U'
 'M' 'M' 'M' 'M' 'M' 'M' 'M' 'M' 'M' 'M' 'M' 'M' 'M' 'M' 'M' 'M' 'M' 'U'
 'M' 'U' 'M' 'U' 'U' 'M' 'A' 'A' 'A' 'A' 'U' 'U' 'A' 'M' 'M' 'U' 'M' 'M'
 'M' 'U' 'M' 'M' 'M' 'M' 'M' 'M' 'M' 'M' 'M' 'M' 'M' 'M' 'M' 'M' 'U' 'M'
 'M' 'M' 'M' 'M' 'M' 'M' 'M' 'M' 'M' 'M' 'M' 'M' 'M' 'M' 'M' 'M' 'M' 'M'
 'M' 'M' 'M' 'M' 'M' 'M' 'M' 'M' 'M' 'M' 'U' 'M' 'M' 'U' 'M' 'M' 'M' 'M']"
34101,0,181,4,177,17,0,0,"['A' 'M' 'M' 'M' 'M' 'M' 'M' 'M' 'M' 'M' 'M' 'U' 'M' 'U' 'M' 'M' 'M' 'M'
 'M' 'M' 'U' 'M' 'M' 'M' 'M' 'M' 'M' 'M' 'M' 'M' 'M' 'M' 'M' 'M' 'M' 'M'
 'M' 'M' 'M' 'U' 'M' 'M' 'M' 'M' 'M' 'M' 'M' 'M' 'M' 'M' 'M' 'M' 'M' 'M'
 'M' 'M' 'M' 'M' 'M' 'M' 'M' 'M' 'M' 'U' 'M' 'M' 'M' 'M' 'M' 'M' 'M' 'M'
 'M' 'M' 'M' 'M' 'M' 'M' 'M' 'M' 'M' 'M' 'M' 'M' 'M' 'M' 'M' 'M' 'M' 'M'
 'M' 'M' 'M' 'M' 'U' 'M' 'M' 'M' 'M' 'M' 'M' 'M' 'M' 'M' 'M' 'M' 'U' 'M'
 'M' 'M' 'M' 'M' 'M' 'M' 'M' 'M' 'M' 'M' 'M' 'M' 'M' 'M' 'M' 'M' 'M' 'U'
 'M' 'U' 'M' 'U' 'M' 'M' 'A' 'M' 'A' 'M' 'A' 'U' 'U' 'M' 'M' 'U' 'M' 'M'
 'M' 'U' 'M' 'M' 'M' 'M' 'M' 'M' 'M' 'M' 'M' 'M' 'M' 'M' 'M' 'M' 'U' 'M'
 'M' 'M' 'M' 'M' 'M' 'M' 'M' 'M' 'M' 'M' 'M' 'M' 'M' 'M' 'M' 'M' 'M' 'M'
 'M' 'M' 'M' 'M' 'M' 'M' 'M' 'M' 'M' 'M' 'U' 'M' 'M' 'U' 'M' 'M' 'M' 'M']"
34201,0,182,1,181,16,0,0,"['A' 'M' 'M' 'M' 'M' 'M' 'M' 'M' 'M' 'M' 'M' 'M' 'M' 'U' 'M' 'M' 'M' 'M'
 'M' 'M' 'M' 'M' 'M' 'M' 'M' 'M' 'M' 'M' 'M' 'M' 'M' 'M' 'M' 'M' 'M' 'M'
 'M' 'M' 'M' 'U' 'M' 'M' 'M' 'M' 'M' 'M' 'M' 'M' 'M' 'M' 'M' 'M' 'M' 'M'
 'M' 'M' 'M' 'M' 'M' 'M' 'M' 'M' 'M' 'M' 'M' 'M' 'M' 'M' 'M' 'U' 'M' 'M'
 'M' 'M' 'M' 'M' 'M' 'M' 'M' 'M' 'M' 'M' 'M' 'M' 'M' 'M' 'M' 'M' 'M' 'M'
 'M' 'M' 'M' 'M' 'M' 'M' 'M' 'M' 'M' 'M' 'M' 'M' 'M' 'M' 'M' 'M' 'U' 'M'
 'M' 'M' 'M' 'M' 'M' 'M' 'M' 'M' 'M' 'M' 'M' 'M' 'M' 'M' 'M' 'M' 'M' 'U'
 'M' 'U' 'M' 'U' 'M' 'M' 'M' 'M' 'U' 'M' 'U' 'U' 'U' 'M' 'M' 'U' 'M' 'M'
 'M' 'U' 'M' 'M' 'M' 'M' 'M' 'M' 'M' 'M' 'M' 'M' 'M' 'M' 'M' 'M' 'U' 'M'
 'M' 'M' 'M' 'M' 'M' 'M' 'M' 'M' 'M' 'M' 'M' 'M' 'M' 'M' 'U' 'M' 'M' 'M'
 'M' 'M' 'M' 'M' 'M' 'M' 'M' 'M' 'M' 'M' 'U' 'M' 'M' 'M' 'M' 'M' 'M' 'M']"
34301,0,185,1,184,13,0,0,"['A' 'M' 'M' 'M' 'M' 'M' 'M' 'M' 'M' 'M' 'M' 'M' 'M' 'U' 'M' 'M' 'M' 'M'
 'U' 'M' 'M' 'M' 'M' 'M' 'M' 'M' 'M' 'M' 'M' 'M' 'M' 'M' 'M' 'M' 'M' 'M'
 'M' 'M' 'M' 'U' 'M' 'M' 'M' 'M' 'M' 'M' 'M' 'M' 'M' 'M' 'M' 'M' 'M' 'M'
 'M' 'M' 'M' 'M' 'M' 'M' 'M' 'M' 'M' 'M' 'M' 'U' 'M' 'M' 'M' 'M' 'M' 'M'
 'M' 'M' 'M' 'M' 'M' 'M' 'M' 'M' 'M' 'M' 'M' 'M' 'M' 'M' 'M' 'M' 'M' 'M'
 'M' 'M' 'M' 'M' 'M' 'M' 'M' 'M' 'M' 'M' 'M' 'M' 'M' 'M' 'M' 'M' 'U' 'M'
 'M' 'M' 'M' 'M' 'M' 'M' 'M' 'M' 'M' 'M' 'M' 'M' 'M' 'M' 'M' 'M' 'M' 'U'
 'M' 'M' 'M' 'U' 'M' 'M' 'M' 'M' 'M' 'M' 'U' 'M' 'U' 'M' 'M' 'U' 'M' 'M'
 'M' 'U' 'M' 'M' 'M' 'M' 'M' 'M' 'M' 'M' 'M' 'M' 'M' 'M' 'M' 'M' 'U' 'M'
 'M' 'M' 'M' 'M' 'M' 'M' 'M' 'M' 'M' 'M' 'M' 'M' 'M' 'M' 'M' 'U' 'M' 'M'
 'M' 'M' 'M' 'M' 'M' 'M' 'M' 'M' 'M' 'M' 'M' 'M' 'M' 'M' 'M' 'M' 'M' 'M']"
34401,0,181,4,177,17,0,0,"['A' 'M' 'M' 'M' 'M' 'M' 'M' 'M' 'M' 'M' 'M' 'M' 'M' 'U' 'M' 'M' 'M' 'M'
 'U' 'M' 'M' 'M' 'M' 'M' 'M' 'M' 'M' 'M' 'M' 'M' 'M' 'M' 'M' 'M' 'M' 'M'
 'M' 'M' 'M' 'M' 'M' 'M' 'M' 'M' 'M' 'M' 'M' 'M' 'M' 'M' 'M' 'M' 'M' 'M'
 'M' 'M' 'M' 'M' 'M' 'M' 'M' 'M' 'M' 'M' 'M' 'U' 'M' 'M' 'M' 'M' 'M' 'M'
 'M' 'M' 'M' 'M' 'M' 'M' 'M' 'M' 'M' 'M' 'M' 'M' 'M' 'M' 'M' 'M' 'M' 'M'
 'M' 'M' 'M' 'M' 'M' 'M' 'M' 'M' 'M' 'U' 'M' 'M' 'M' 'M' 'M' 'M' 'U' 'M'
 'M' 'M' 'M' 'M' 'M' 'M' 'M' 'M' 'M' 'M' 'M' 'M' 'M' 'M' 'M' 'M' 'M' 'U'
 'M' 'M' 'M' 'M' 'U' 'U' 'A' 'U' 'U' 'A' 'A' 'U' 'U' 'M' 'M' 'U' 'M' 'M'
 'M' 'U' 'M' 'M' 'M' 'M' 'M' 'M' 'M' 'M' 'M' 'M' 'M' 'M' 'M' 'M' 'M' 'M'
 'M' 'M' 'M' 'M' 'M' 'M' 'M' 'M' 'M' 'M' 'M' 'M' 'M' 'M' 'M' 'U' 'M' 'M'
 'M' 'M' 'M' 'M' 'M' 'M' 'M' 'M' 'M' 'M' 'M' 'U' 'M' 'U' 'M' 'M' 'M' 'M']"
34501,0,184,8,176,14,0,0,"['A' 'M' 'M' 'M' 'M' 'M' 'M' 'M' 'M' 'M' 'M' 'M' 'M' 'U' 'M' 'M' 'M' 'M'
 'M' 'M' 'M' 'M' 'M' 'M' 'M' 'M' 'M' 'M' 'M' 'M' 'M' 'M' 'M' 'M' 'U' 'M'
 'M' 'M' 'M' 'M' 'M' 'M' 'M' 'M' 'M' 'M' 'M' 'M' 'M' 'M' 'M' 'M' 'M' 'M'
 'M' 'M' 'M' 'M' 'M' 'M' 'M' 'M' 'M' 'M' 'M' 'M' 'M' 'M' 'M' 'M' 'M' 'M'
 'M' 'M' 'M' 'M' 'M' 'M' 'M' 'M' 'M' 'M' 'M' 'U' 'M' 'M' 'M' 'M' 'M' 'M'
 'M' 'M' 'M' 'M' 'M' 'M' 'M' 'M' 'M' 'M' 'M' 'M' 'M' 'M' 'M' 'M' 'U' 'M'
 'M' 'M' 'M' 'M' 'M' 'M' 'M' 'M' 'M' 'M' 'U' 'M' 'M' 'M' 'M' 'M' 'M' 'U'
 'M' 'M' 'M' 'M' 'U' 'A' 'A' 'A' 'A' 'A' 'A' 'U' 'A' 'M' 'M' 'U' 'M' 'M'
 'M' 'U' 'M' 'M' 'U' 'M' 'M' 'M' 'M' 'M' 'M' 'U' 'M' 'M' 'M' 'M' 'M' 'M'
 'M' 'M' 'M' 'M' 'M' 'M' 'M' 'M' 'M' 'M' 'M' 'M' 'M' 'M' 'M' 'U' 'M' 'M'
 'M' 'M' 'M' 'M' 'M' 'M' 'M' 'M' 'M' 'M' 'M' 'M' 'M' 'U' 'M' 'M' 'M' 'M']"
34601,0,183,7,176,15,0,0,"['A' 'M' 'M' 'M' 'M' 'M' 'M' 'M' 'M' 'M' 'M' 'M' 'M' 'U' 'M' 'M' 'M' 'M'
 'U' 'M' 'M' 'M' 'M' 'M' 'M' 'M' 'M' 'M' 'M' 'M' 'M' 'M' 'M' 'M' 'U' 'M'
 'M' 'M' 'M' 'M' 'M' 'M' 'M' 'M' 'M' 'M' 'M' 'M' 'M' 'M' 'M' 'M' 'M' 'M'
 'M' 'M' 'M' 'M' 'M' 'M' 'M' 'M' 'M' 'M' 'M' 'M' 'M' 'M' 'M' 'M' 'M' 'M'
 'M' 'M' 'M' 'M' 'M' 'M' 'M' 'M' 'M' 'M' 'M' 'M' 'M' 'M' 'M' 'U' 'M' 'M'
 'M' 'M' 'M' 'M' 'M' 'M' 'M' 'M' 'M' 'M' 'M' 'M' 'M' 'M' 'M' 'M' 'U' 'M'
 'M' 'U' 'M' 'M' 'M' 'M' 'M' 'M' 'M' 'M' 'M' 'M' 'M' 'M' 'M' 'M' 'M' 'U'
 'M' 'M' 'M' 'M' 'M' 'U' 'A' 'A' 'A' 'A' 'U' 'A' 'A' 'M' 'M' 'M' 'U' 'M'
 'M' 'U' 'M' 'M' 'U' 'M' 'M' 'M' 'M' 'M' 'M' 'U' 'M' 'M' 'M' 'M' 'M' 'M'
 'M' 'M' 'M' 'M' 'M' 'M' 'M' 'M' 'M' 'M' 'M' 'M' 'M' 'M' 'M' 'U' 'M' 'M'
 'M' 'M' 'M' 'M' 'M' 'M' 'M' 'M' 'M' 'M' 'M' 'M' 'M' 'U' 'M' 'M' 'M' 'M']"
34701,0,181,8,173,17,0,0,"['A' 'M' 'M' 'M' 'M' 'M' 'M' 'M' 'M' 'M' 'M' 'M' 'M' 'M' 'M' 'M' 'M' 'M'
 'U' 'U' 'M' 'M' 'M' 'M' 'M' 'M' 'M' 'M' 'M' 'M' 'M' 'M' 'M' 'M' 'A' 'M'
 'M' 'M' 'M' 'M' 'M' 'M' 'M' 'M' 'M' 'M' 'M' 'M' 'M' 'M' 'M' 'M' 'M' 'M'
 'M' 'M' 'M' 'M' 'M' 'M' 'M' 'M' 'M' 'M' 'M' 'U' 'M' 'M' 'M' 'M' 'M' 'M'
 'M' 'M' 'M' 'M' 'M' 'M' 'M' 'M' 'M' 'M' 'M' 'M' 'M' 'M' 'M' 'M' 'M' 'M'
 'M' 'M' 'M' 'M' 'M' 'M' 'M' 'M' 'M' 'M' 'M' 'U' 'M' 'M' 'M' 'M' 'U' 'M'
 'M' 'U' 'M' 'M' 'M' 'U' 'M' 'M' 'M' 'M' 'M' 'M' 'M' 'M' 'M' 'M' 'M' 'M'
 'M' 'M' 'M' 'M' 'M' 'U' 'A' 'A' 'A' 'A' 'M' 'A' 'A' 'M' 'M' 'M' 'U' 'M'
 'M' 'U' 'M' 'M' 'U' 'M' 'M' 'M' 'M' 'M' 'M' 'U' 'M' 'M' 'M' 'M' 'M' 'M'
 'M' 'M' 'M' 'M' 'M' 'M' 'M' 'U' 'M' 'M' 'M' 'M' 'M' 'M' 'M' 'U' 'M' 'M'
 'M' 'M' 'M' 'M' 'M' 'M' 'M' 'M' 'M' 'U' 'M' 'M' 'M' 'U' 'M' 'M' 'M' 'U']"
34801,0,182,7,175,16,0,0,"['A' 'M' 'M' 'M' 'M' 'M' 'M' 'M' 'M' 'M' 'M' 'M' 'M' 'M' 'M' 'M' 'M' 'M'
 'U' 'U' 'M' 'M' 'M' 'M' 'M' 'M' 'M' 'M' 'M' 'M' 'M' 'M' 'M' 'U' 'A' 'M'
 'M' 'M' 'M' 'M' 'M' 'M' 'M' 'M' 'M' 'M' 'M' 'M' 'M' 'M' 'M' 'M' 'M' 'M'
 'U' 'M' 'M' 'M' 'M' 'M' 'M' 'M' 'M' 'M' 'M' 'M' 'M' 'M' 'M' 'M' 'M' 'M'
 'M' 'M' 'U' 'M' 'M' 'M' 'M' 'M' 'M' 'M' 'M' 'M' 'M' 'M' 'M' 'M' 'M' 'M'
 'M' 'M' 'M' 'M' 'M' 'M' 'M' 'M' 'M' 'M' 'M' 'A' 'M' 'M' 'M' 'M' 'U' 'M'
 'M' 'M' 'M' 'M' 'M' 'U' 'M' 'M' 'M' 'M' 'M' 'M' 'M' 'M' 'M' 'M' 'M' 'M'
 'M' 'M' 'M' 'M' 'M' 'A' 'A' 'M' 'A' 'U' 'U' 'U' 'A' 'M' 'M' 'M' 'U' 'M'
 'M' 'M' 'M' 'M' 'M' 'M' 'M' 'M' 'M' 'M' 'M' 'U' 'M' 'M' 'M' 'M' 'M' 'M'
 'M' 'M' 'M' 'M' 'M' 'M' 'M' 'U' 'M' 'M' 'M' 'M' 'M' 'M' 'M' 'U' 'M' 'M'
 'M' 'M' 'M' 'M' 'M' 'M' 'M' 'M' 'M' 'M' 'M' 'M' 'M' 'U' 'M' 'M' 'M' 'U']"
34901,1,183,8,175,15,0,0,"['A' 'M' 'M' 'M' 'M' 'M' 'M' 'M' 'M' 'M' 'M' 'M' 'M' 'M' 'M' 'M' 'M' 'M'
 'U' 'U' 'M' 'M' 'M' 'M' 'M' 'U' 'U' 'M' 'M' 'M' 'M' 'M' 'M' 'U' 'A' 'M'
 'M' 'M' 'M' 'M' 'M' 'M' 'M' 'M' 'M' 'M' 'M' 'M' 'M' 'M' 'M' 'M' 'M' 'M'
 'M' 'M' 'M' 'M' 'M' 'M' 'M' 'M' 'M' 'M' 'M' 'M' 'M' 'M' 'M' 'U' 'M' 'M'
 'M' 'M' 'M' 'M' 'M' 'M' 'M' 'M' 'M' 'M' 'M' 'M' 'M' 'M' 'M' 'M' 'M' 'M'
 'M' 'M' 'M' 'M' 'M' 'M' 'M' 'M' 'M' 'M' 'M' 'A' 'M' 'M' 'M' 'M' 'M' 'M'
 'M' 'M' 'M' 'M' 'M' 'U' 'M' 'M' 'M' 'M' 'M' 'M' 'M' 'M' 'M' 'M' 'M' 'M'
 'M' 'M' 'U' 'M' 'M' 'A' 'A' 'A' 'A' 'U' 'A' 'U' 'U' 'M' 'M' 'M' 'U' 'M'
 'M' 'M' 'M' 'M' 'M' 'M' 'M' 'M' 'M' 'M' 'M' 'M' 'M' 'M' 'M' 'M' 'M' 'M'
 'M' 'M' 'M' 'M' 'M' 'M' 'M' 'U' 'M' 'M' 'M' 'M' 'M' 'M' 'M' 'U' 'M' 'M'
 'M' 'M' 'M' 'M' 'M' 'M' 'M' 'M' 'M' 'M' 'M' 'M' 'M' 'U' 'M' 'M' 'M' 'M']"
35001,0,184,8,176,14,0,0,"['A' 'M' 'M' 'M' 'M' 'M' 'M' 'M' 'M' 'M' 'M' 'U' 'M' 'M' 'M' 'M' 'M' 'M'
 'U' 'U' 'M' 'M' 'M' 'M' 'M' 'U' 'U' 'M' 'M' 'M' 'M' 'M' 'M' 'U' 'A' 'M'
 'M' 'M' 'M' 'M' 'M' 'M' 'M' 'M' 'M' 'M' 'M' 'M' 'M' 'M' 'M' 'U' 'M' 'M'
 'M' 'M' 'M' 'M' 'M' 'M' 'M' 'M' 'M' 'M' 'M' 'M' 'M' 'M' 'M' 'M' 'M' 'M'
 'M' 'M' 'M' 'M' 'M' 'M' 'M' 'M' 'M' 'M' 'M' 'M' 'U' 'M' 'M' 'M' 'M' 'M'
 'M' 'M' 'M' 'M' 'M' 'M' 'M' 'M' 'M' 'M' 'M' 'M' 'M' 'M' 'M' 'M' 'M' 'M'
 'M' 'M' 'M' 'M' 'M' 'M' 'M' 'M' 'M' 'M' 'M' 'M' 'M' 'M' 'M' 'M' 'M' 'M'
 'M' 'M' 'M' 'M' 'M' 'A' 'M' 'A' 'A' 'A' 'U' 'A' 'A' 'M' 'M' 'M' 'U' 'M'
 'M' 'M' 'M' 'M' 'M' 'M' 'M' 'M' 'M' 'M' 'M' 'M' 'M' 'M' 'M' 'M' 'M' 'M'
 'M' 'M' 'M' 'M' 'M' 'M' 'U' 'U' 'M' 'M' 'M' 'M' 'M' 'M' 'M' 'U' 'M' 'M'
 'M' 'M' 'M' 'M' 'M' 'M' 'M' 'M' 'M' 'M' 'M' 'M' 'M' 'U' 'M' 'M' 'M' 'M']"
35101,1,183,7,176,15,0,0,"['A' 'M' 'M' 'M' 'M' 'M' 'M' 'M' 'M' 'M' 'M' 'U' 'M' 'M' 'U' 'M' 'M' 'M'
 'U' 'U' 'M' 'M' 'M' 'M' 'M' 'U' 'M' 'M' 'M' 'U' 'M' 'M' 'M' 'M' 'U' 'M'
 'M' 'M' 'M' 'M' 'U' 'M' 'M' 'M' 'M' 'M' 'M' 'M' 'M' 'M' 'M' 'M' 'M' 'M'
 'M' 'M' 'M' 'M' 'M' 'M' 'M' 'M' 'M' 'U' 'M' 'M' 'M' 'M' 'M' 'M' 'M' 'M'
 'M' 'M' 'M' 'M' 'U' 'M' 'M' 'M' 'M' 'M' 'M' 'M' 'M' 'M' 'M' 'M' 'M' 'M'
 'M' 'M' 'M' 'M' 'M' 'M' 'M' 'M' 'M' 'M' 'M' 'M' 'M' 'M' 'M' 'U' 'M' 'M'
 'M' 'M' 'M' 'M' 'M' 'M' 'M' 'M' 'M' 'M' 'M' 'M' 'M' 'M' 'M' 'M' 'M' 'M'
 'M' 'M' 'M' 'M' 'M' 'A' 'A' 'A' 'U' 'A' 'A' 'A' 'U' 'M' 'M' 'M' 'M' 'M'
 'M' 'M' 'M' 'M' 'M' 'M' 'M' 'M' 'M' 'M' 'M' 'M' 'M' 'M' 'M' 'M' 'M' 'M'
 'M' 'M' 'M' 'M' 'M' 'M' 'U' 'M' 'M' 'M' 'M' 'M' 'M' 'M' 'M' 'M' 'M' 'M'
 'M' 'M' 'M' 'M' 'M' 'M' 'M' 'M' 'M' 'M' 'M' 'M' 'M' 'U' 'M' 'M' 'M' 'M']"
35201,0,178,5,173,20,0,0,"['A' 'M' 'M' 'M' 'M' 'M' 'M' 'M' 'M' 'M' 'M' 'U' 'M' 'M' 'U' 'M' 'M' 'M'
 'U' 'U' 'M' 'M' 'M' 'M' 'M' 'U' 'M' 'M' 'M' 'U' 'M' 'U' 'M' 'M' 'U' 'M'
 'M' 'M' 'M' 'U' 'U' 'M' 'M' 'M' 'M' 'M' 'M' 'M' 'M' 'M' 'U' 'M' 'M' 'M'
 'M' 'M' 'M' 'M' 'M' 'M' 'M' 'M' 'M' 'U' 'M' 'M' 'M' 'M' 'M' 'M' 'M' 'U'
 'M' 'M' 'M' 'M' 'M' 'M' 'M' 'M' 'M' 'M' 'M' 'M' 'M' 'M' 'M' 'M' 'M' 'M'
 'M' 'M' 'M' 'M' 'M' 'M' 'M' 'M' 'M' 'M' 'M' 'M' 'M' 'M' 'M' 'U' 'M' 'M'
 'M' 'M' 'M' 'M' 'M' 'M' 'M' 'M' 'M' 'M' 'M' 'M' 'M' 'M' 'M' 'M' 'M' 'M'
 'M' 'M' 'M' 'M' 'M' 'A' 'U' 'A' 'U' 'A' 'U' 'A' 'U' 'M' 'M' 'M' 'M' 'M'
 'M' 'U' 'M' 'M' 'M' 'M' 'M' 'M' 'M' 'M' 'M' 'M' 'M' 'M' 'M' 'M' 'M' 'M'
 'M' 'M' 'M' 'M' 'M' 'M' 'M' 'M' 'M' 'M' 'M' 'M' 'M' 'M' 'M' 'M' 'M' 'M'
 'M' 'M' 'M' 'M' 'M' 'M' 'M' 'M' 'M' 'M' 'M' 'M' 'M' 'U' 'M' 'M' 'M' 'M']"
35301,0,182,6,176,16,0,1,"['A' 'M' 'M' 'M' 'M' 'M' 'M' 'M' 'M' 'M' 'M' 'U' 'M' 'M' 'M' 'M' 'M' 'M'
 'U' 'M' 'M' 'M' 'M' 'M' 'M' 'U' 'M' 'M' 'M' 'U' 'M' 'U' 'M' 'M' 'U' 'M'
 'M' 'M' 'M' 'U' 'U' 'M' 'M' 'M' 'M' 'M' 'M' 'M' 'M' 'M' 'U' 'M' 'M' 'M'
 'M' 'M' 'M' 'M' 'M' 'M' 'M' 'M' 'M' 'M' 'M' 'M' 'M' 'M' 'M' 'M' 'M' 'M'
 'M' 'M' 'M' 'M' 'M' 'M' 'M' 'M' 'M' 'M' 'M' 'M' 'M' 'U' 'M' 'M' 'M' 'M'
 'M' 'M' 'M' 'M' 'M' 'M' 'M' 'M' 'M' 'U' 'M' 'M' 'M' 'M' 'M' 'M' 'M' 'M'
 'M' 'M' 'M' 'M' 'M' 'M' 'M' 'M' 'M' 'M' 'M' 'M' 'M' 'M' 'M' 'M' 'M' 'M'
 'M' 'M' 'M' 'M' 'M' 'A' 'U' 'A' 'U' 'A' 'A' 'A' 'M' 'M' 'M' 'M' 'M' 'M'
 'M' 'U' 'M' 'M' 'M' 'M' 'M' 'M' 'M' 'M' 'M' 'M' 'M' 'M' 'M' 'M' 'M' 'M'
 'M' 'M' 'M' 'M' 'M' 'M' 'M' 'M' 'M' 'M' 'M' 'M' 'M' 'M' 'M' 'M' 'M' 'M'
 'M' 'M' 'M' 'M' 'M' 'M' 'M' 'M' 'U' 'M' 'M' 'M' 'M' 'U' 'M' 'M' 'M' 'M']"
35401,0,177,6,171,21,0,0,"['A' 'M' 'M' 'M' 'M' 'M' 'M' 'M' 'M' 'U' 'M' 'U' 'M' 'M' 'M' 'M' 'M' 'M'
 'U' 'M' 'M' 'M' 'M' 'M' 'M' 'M' 'M' 'M' 'M' 'U' 'M' 'M' 'M' 'M' 'U' 'U'
 'M' 'M' 'U' 'M' 'U' 'M' 'M' 'M' 'M' 'M' 'M' 'M' 'M' 'M' 'U' 'M' 'M' 'M'
 'M' 'M' 'M' 'M' 'M' 'M' 'M' 'M' 'M' 'M' 'M' 'M' 'M' 'M' 'M' 'M' 'M' 'M'
 'M' 'M' 'U' 'M' 'M' 'M' 'M' 'M' 'M' 'M' 'M' 'M' 'M' 'M' 'M' 'M' 'M' 'M'
 'M' 'M' 'M' 'M' 'M' 'U' 'M' 'M' 'M' 'M' 'M' 'M' 'M' 'M' 'M' 'M' 'M' 'M'
 'M' 'U' 'M' 'M' 'M' 'M' 'M' 'M' 'M' 'M' 'U' 'M' 'M' 'M' 'M' 'M' 'M' 'M'
 'M' 'M' 'M' 'M' 'M' 'U' 'A' 'A' 'U' 'A' 'A' 'A' 'U' 'M' 'M' 'M' 'M' 'M'
 'M' 'U' 'M' 'M' 'M' 'M' 'M' 'M' 'M' 'M' 'M' 'M' 'M' 'M' 'M' 'M' 'M' 'M'
 'M' 'M' 'M' 'M' 'M' 'M' 'M' 'M' 'M' 'M' 'M' 'M' 'M' 'M' 'M' 'M' 'U' 'M'
 'M' 'U' 'M' 'M' 'M' 'M' 'M' 'M' 'U' 'M' 'M' 'M' 'M' 'U' 'M' 'M' 'M' 'M']"
35501,0,184,8,176,14,0,0,"['A' 'M' 'M' 'M' 'M' 'M' 'M' 'M' 'M' 'U' 'M' 'U' 'M' 'M' 'M' 'M' 'M' 'M'
 'M' 'M' 'M' 'M' 'M' 'M' 'M' 'M' 'M' 'M' 'M' 'U' 'M' 'M' 'M' 'M' 'A' 'U'
 'M' 'M' 'U' 'M' 'M' 'M' 'M' 'M' 'M' 'M' 'M' 'M' 'M' 'M' 'U' 'M' 'M' 'M'
 'M' 'M' 'M' 'M' 'U' 'M' 'M' 'M' 'M' 'M' 'M' 'M' 'M' 'M' 'M' 'M' 'M' 'M'
 'M' 'M' 'M' 'M' 'M' 'M' 'M' 'M' 'M' 'M' 'M' 'M' 'M' 'M' 'M' 'M' 'M' 'M'
 'U' 'M' 'M' 'M' 'M' 'M' 'M' 'M' 'M' 'M' 'M' 'M' 'M' 'M' 'M' 'M' 'M' 'M'
 'M' 'U' 'M' 'M' 'M' 'M' 'M' 'M' 'M' 'M' 'M' 'M' 'M' 'M' 'M' 'M' 'M' 'M'
 'M' 'M' 'M' 'M' 'M' 'A' 'A' 'U' 'U' 'A' 'A' 'A' 'A' 'M' 'M' 'M' 'M' 'M'
 'M' 'M' 'M' 'M' 'M' 'M' 'M' 'M' 'M' 'M' 'M' 'M' 'M' 'M' 'M' 'M' 'M' 'M'
 'M' 'M' 'M' 'M' 'M' 'M' 'M' 'M' 'M' 'M' 'M' 'M' 'M' 'M' 'M' 'M' 'U' 'M'
 'M' 'M' 'M' 'M' 'M' 'U' 'M' 'M' 'U' 'M' 'M' 'M' 'M' 'M' 'M' 'M' 'M' 'M']"
35601,0,183,9,174,15,0,1,"['A' 'M' 'M' 'M' 'U' 'M' 'M' 'M' 'M' 'U' 'M' 'U' 'M' 'M' 'M' 'M' 'M' 'M'
 'M' 'M' 'M' 'M' 'M' 'M' 'M' 'M' 'M' 'M' 'M' 'M' 'M' 'M' 'M' 'M' 'A' 'U'
 'M' 'M' 'A' 'M' 'M' 'M' 'M' 'M' 'M' 'M' 'M' 'M' 'M' 'M' 'U' 'M' 'M' 'M'
 'M' 'M' 'M' 'M' 'U' 'M' 'U' 'M' 'M' 'M' 'M' 'M' 'M' 'M' 'M' 'M' 'M' 'M'
 'M' 'M' 'M' 'M' 'M' 'M' 'M' 'M' 'U' 'M' 'M' 'M' 'M' 'M' 'M' 'M' 'M' 'M'
 'M' 'M' 'M' 'M' 'M' 'U' 'M' 'M' 'M' 'M' 'M' 'M' 'M' 'U' 'M' 'M' 'M' 'M'
 'M' 'U' 'U' 'M' 'M' 'M' 'M' 'M' 'M' 'M' 'M' 'M' 'M' 'M' 'M' 'M' 'M' 'M'
 'M' 'M' 'M' 'M' 'M' 'A' 'A' 'U' 'A' 'A' 'U' 'A' 'A' 'M' 'M' 'M' 'M' 'M'
 'M' 'M' 'M' 'M' 'M' 'M' 'M' 'M' 'M' 'M' 'M' 'M' 'M' 'M' 'M' 'M' 'M' 'M'
 'M' 'M' 'M' 'M' 'M' 'M' 'M' 'M' 'M' 'M' 'M' 'M' 'M' 'M' 'M' 'M' 'M' 'M'
 'M' 'M' 'M' 'M' 'M' 'M' 'M' 'M' 'U' 'M' 'M' 'M' 'M' 'M' 'M' 'M' 'M' 'M']"
35701,1,185,9,176,13,0,0,"['A' 'M' 'M' 'M' 'U' 'M' 'M' 'M' 'U' 'U' 'M' 'M' 'M' 'M' 'M' 'M' 'M' 'M'
 'M' 'M' 'M' 'M' 'M' 'M' 'M' 'M' 'M' 'M' 'M' 'M' 'M' 'M' 'M' 'M' 'U' 'M'
 'M' 'M' 'A' 'M' 'M' 'M' 'M' 'M' 'M' 'M' 'M' 'M' 'M' 'M' 'U' 'M' 'M' 'M'
 'M' 'M' 'M' 'M' 'U' 'M' 'U' 'M' 'M' 'M' 'M' 'M' 'M' 'M' 'M' 'M' 'M' 'M'
 'M' 'M' 'M' 'M' 'M' 'M' 'M' 'M' 'M' 'M' 'M' 'M' 'M' 'M' 'U' 'M' 'M' 'M'
 'M' 'M' 'M' 'M' 'M' 'M' 'M' 'M' 'M' 'M' 'M' 'M' 'M' 'M' 'M' 'M' 'M' 'M'
 'M' 'U' 'M' 'M' 'M' 'M' 'M' 'M' 'M' 'M' 'M' 'M' 'M' 'M' 'M' 'M' 'M' 'M'
 'M' 'M' 'M' 'M' 'M' 'A' 'A' 'A' 'A' 'A' 'U' 'A' 'A' 'M' 'M' 'M' 'M' 'M'
 'M' 'M' 'M' 'M' 'M' 'M' 'M' 'M' 'M' 'M' 'M' 'M' 'M' 'M' 'M' 'M' 'M' 'M'
 'U' 'M' 'M' 'M' 'M' 'M' 'M' 'M' 'M' 'M' 'M' 'M' 'M' 'M' 'M' 'M' 'M' 'M'
 'M' 'M' 'M' 'M' 'M' 'M' 'M' 'M' 'U' 'M' 'M' 'M' 'M' 'M' 'M' 'M' 'M' 'U']"
35801,0,183,10,173,15,0,0,"['A' 'M' 'M' 'M' 'M' 'M' 'M' 'M' 'U' 'A' 'M' 'M' 'M' 'M' 'M' 'M' 'M' 'M'
 'M' 'M' 'M' 'M' 'M' 'M' 'M' 'M' 'M' 'M' 'M' 'M' 'M' 'M' 'M' 'M' 'U' 'M'
 'M' 'M' 'A' 'M' 'M' 'M' 'M' 'M' 'M' 'M' 'M' 'M' 'M' 'M' 'U' 'M' 'M' 'U'
 'M' 'M' 'M' 'M' 'M' 'M' 'U' 'M' 'M' 'M' 'M' 'M' 'M' 'M' 'M' 'M' 'M' 'M'
 'M' 'M' 'M' 'M' 'M' 'M' 'M' 'M' 'M' 'M' 'M' 'M' 'M' 'M' 'M' 'M' 'M' 'U'
 'M' 'M' 'M' 'M' 'M' 'M' 'M' 'M' 'M' 'M' 'M' 'M' 'U' 'M' 'M' 'M' 'M' 'M'
 'M' 'U' 'M' 'M' 'M' 'M' 'M' 'M' 'M' 'M' 'M' 'M' 'M' 'M' 'M' 'M' 'M' 'M'
 'M' 'M' 'M' 'M' 'M' 'A' 'A' 'U' 'A' 'A' 'A' 'A' 'U' 'M' 'M' 'M' 'M' 'M'
 'U' 'M' 'M' 'M' 'M' 'M' 'M' 'M' 'M' 'M' 'M' 'M' 'M' 'M' 'M' 'U' 'M' 'M'
 'A' 'M' 'M' 'U' 'M' 'M' 'M' 'M' 'M' 'M' 'M' 'M' 'U' 'M' 'M' 'U' 'M' 'M'
 'M' 'M' 'M' 'M' 'M' 'M' 'M' 'M' 'M' 'M' 'M' 'M' 'M' 'M' 'M' 'M' 'M' 'M']"
35901,1,184,10,174,14,0,0,"['A' 'M' 'M' 'M' 'M' 'M' 'M' 'M' 'U' 'A' 'M' 'M' 'M' 'M' 'M' 'M' 'M' 'M'
 'M' 'M' 'M' 'M' 'U' 'M' 'M' 'M' 'M' 'M' 'M' 'M' 'M' 'M' 'M' 'M' 'U' 'M'
 'M' 'M' 'A' 'M' 'M' 'M' 'M' 'M' 'M' 'M' 'M' 'M' 'M' 'M' 'M' 'M' 'M' 'U'
 'M' 'M' 'M' 'M' 'M' 'M' 'U' 'M' 'M' 'M' 'M' 'U' 'M' 'M' 'M' 'M' 'M' 'M'
 'M' 'M' 'M' 'M' 'M' 'M' 'M' 'M' 'M' 'M' 'M' 'M' 'M' 'M' 'M' 'M' 'M' 'M'
 'M' 'M' 'M' 'M' 'M' 'M' 'M' 'M' 'M' 'M' 'M' 'M' 'M' 'M' 'M' 'M' 'M' 'M'
 'M' 'U' 'M' 'M' 'M' 'M' 'M' 'M' 'M' 'M' 'M' 'M' 'M' 'M' 'M' 'M' 'M' 'M'
 'M' 'M' 'M' 'M' 'U' 'A' 'U' 'A' 'A' 'A' 'A' 'A' 'U' 'M' 'M' 'M' 'M' 'M'
 'M' 'M' 'M' 'M' 'M' 'M' 'M' 'M' 'M' 'M' 'M' 'M' 'M' 'M' 'M' 'U' 'M' 'M'
 'A' 'M' 'M' 'U' 'M' 'M' 'M' 'M' 'M' 'M' 'M' 'M' 'M' 'M' 'M' 'U' 'M' 'M'
 'M' 'M' 'M' 'M' 'M' 'M' 'M' 'M' 'M' 'M' 'M' 'M' 'M' 'M' 'M' 'U' 'M' 'M']"
36001,1,185,11,174,13,0,0,"['A' 'M' 'M' 'M' 'M' 'M' 'M' 'M' 'M' 'A' 'M' 'M' 'M' 'M' 'M' 'M' 'M' 'M'
 'U' 'M' 'M' 'M' 'U' 'M' 'M' 'M' 'M' 'M' 'M' 'M' 'M' 'M' 'M' 'M' 'M' 'M'
 'M' 'M' 'A' 'M' 'M' 'M' 'M' 'M' 'M' 'M' 'U' 'M' 'M' 'M' 'M' 'M' 'M' 'U'
 'M' 'M' 'M' 'M' 'M' 'M' 'U' 'M' 'M' 'M' 'M' 'M' 'M' 'M' 'M' 'M' 'M' 'M'
 'M' 'M' 'M' 'M' 'M' 'M' 'M' 'U' 'M' 'M' 'M' 'M' 'M' 'M' 'M' 'M' 'M' 'M'
 'M' 'M' 'M' 'M' 'M' 'M' 'M' 'M' 'M' 'M' 'M' 'M' 'M' 'M' 'M' 'M' 'M' 'M'
 'M' 'M' 'M' 'M' 'M' 'M' 'M' 'M' 'M' 'M' 'M' 'M' 'M' 'M' 'M' 'M' 'U' 'M'
 'M' 'M' 'M' 'M' 'M' 'M' 'A' 'A' 'A' 'A' 'A' 'A' 'A' 'M' 'M' 'M' 'M' 'M'
 'M' 'M' 'M' 'M' 'M' 'M' 'M' 'M' 'M' 'M' 'M' 'M' 'M' 'M' 'M' 'M' 'M' 'M'
 'A' 'M' 'M' 'U' 'M' 'M' 'M' 'M' 'M' 'M' 'U' 'M' 'M' 'M' 'M' 'U' 'M' 'M'
 'M' 'U' 'U' 'M' 'M' 'M' 'M' 'M' 'M' 'M' 'M' 'M' 'M' 'M' 'M' 'U' 'M' 'M']"
36101,0,184,9,175,14,0,0,"['A' 'M' 'M' 'M' 'M' 'M' 'M' 'M' 'M' 'U' 'M' 'M' 'M' 'M' 'M' 'M' 'M' 'M'
 'U' 'M' 'M' 'M' 'U' 'M' 'M' 'M' 'M' 'M' 'M' 'M' 'M' 'M' 'M' 'M' 'M' 'M'
 'M' 'M' 'A' 'M' 'M' 'M' 'M' 'M' 'M' 'M' 'M' 'M' 'M' 'M' 'M' 'M' 'M' 'U'
 'M' 'M' 'U' 'M' 'M' 'M' 'U' 'M' 'M' 'M' 'M' 'M' 'M' 'M' 'M' 'M' 'U' 'M'
 'M' 'M' 'M' 'M' 'M' 'M' 'M' 'M' 'M' 'M' 'M' 'M' 'M' 'M' 'M' 'M' 'M' 'M'
 'M' 'M' 'M' 'M' 'M' 'M' 'M' 'M' 'M' 'M' 'M' 'M' 'M' 'M' 'M' 'M' 'M' 'M'
 'M' 'M' 'M' 'M' 'M' 'M' 'M' 'M' 'M' 'M' 'M' 'M' 'M' 'M' 'M' 'M' 'U' 'M'
 'M' 'M' 'M' 'M' 'M' 'M' 'A' 'A' 'A' 'U' 'A' 'A' 'A' 'M' 'M' 'M' 'M' 'M'
 'M' 'U' 'M' 'M' 'M' 'M' 'M' 'M' 'M' 'M' 'M' 'M' 'M' 'M' 'U' 'M' 'M' 'M'
 'A' 'M' 'M' 'M' 'M' 'M' 'M' 'M' 'M' 'M' 'U' 'M' 'M' 'M' 'M' 'U' 'M' 'M'
 'M' 'M' 'M' 'M' 'M' 'M' 'M' 'M' 'M' 'M' 'M' 'M' 'M' 'M' 'M' 'U' 'M' 'M']"
36201,0,179,8,171,19,0,0,"['A' 'M' 'M' 'M' 'M' 'M' 'M' 'M' 'M' 'U' 'M' 'M' 'U' 'M' 'M' 'M' 'M' 'M'
 'U' 'M' 'U' 'M' 'U' 'M' 'M' 'M' 'M' 'M' 'M' 'M' 'M' 'M' 'M' 'M' 'M' 'M'
 'M' 'M' 'A' 'M' 'M' 'M' 'M' 'M' 'M' 'M' 'M' 'M' 'M' 'M' 'M' 'M' 'M' 'M'
 'M' 'M' 'U' 'M' 'M' 'M' 'U' 'M' 'M' 'M' 'M' 'M' 'M' 'M' 'M' 'M' 'M' 'M'
 'M' 'M' 'M' 'M' 'M' 'M' 'M' 'M' 'M' 'M' 'M' 'M' 'M' 'M' 'M' 'M' 'M' 'M'
 'M' 'U' 'M' 'M' 'M' 'M' 'M' 'M' 'M' 'M' 'M' 'M' 'M' 'M' 'M' 'M' 'M' 'M'
 'M' 'M' 'M' 'M' 'M' 'M' 'M' 'M' 'M' 'M' 'M' 'M' 'M' 'M' 'M' 'M' 'U' 'M'
 'M' 'M' 'M' 'M' 'U' 'U' 'A' 'A' 'A' 'U' 'A' 'A' 'A' 'M' 'M' 'M' 'M' 'M'
 'M' 'U' 'U' 'M' 'M' 'M' 'M' 'M' 'M' 'M' 'M' 'M' 'M' 'M' 'U' 'M' 'M' 'M'
 'U' 'M' 'M' 'M' 'M' 'M' 'M' 'M' 'M' 'M' 'U' 'M' 'M' 'M' 'M' 'U' 'M' 'M'
 'M' 'M' 'M' 'M' 'M' 'M' 'M' 'M' 'M' 'U' 'M' 'M' 'M' 'M' 'M' 'M' 'M' 'M']"
36301,0,179,8,171,19,0,0,"['A' 'M' 'U' 'M' 'M' 'M' 'M' 'M' 'M' 'U' 'M' 'M' 'U' 'M' 'M' 'M' 'M' 'M'
 'M' 'M' 'M' 'M' 'U' 'M' 'M' 'M' 'M' 'M' 'M' 'M' 'M' 'M' 'M' 'M' 'M' 'M'
 'M' 'M' 'U' 'M' 'M' 'M' 'M' 'M' 'M' 'M' 'M' 'M' 'M' 'M' 'M' 'U' 'U' 'M'
 'M' 'U' 'M' 'M' 'M' 'M' 'M' 'M' 'M' 'M' 'M' 'M' 'M' 'M' 'M' 'M' 'M' 'M'
 'M' 'M' 'M' 'M' 'M' 'M' 'M' 'M' 'M' 'M' 'M' 'M' 'U' 'M' 'M' 'M' 'M' 'M'
 'M' 'M' 'M' 'M' 'M' 'M' 'M' 'M' 'M' 'M' 'M' 'M' 'M' 'M' 'M' 'M' 'M' 'M'
 'M' 'M' 'M' 'M' 'M' 'M' 'U' 'M' 'M' 'M' 'M' 'M' 'M' 'M' 'U' 'M' 'M' 'M'
 'M' 'M' 'M' 'M' 'U' 'A' 'A' 'A' 'A' 'A' 'U' 'A' 'A' 'M' 'M' 'M' 'M' 'M'
 'M' 'U' 'M' 'M' 'M' 'M' 'M' 'M' 'M' 'M' 'M' 'M' 'M' 'M' 'M' 'M' 'M' 'M'
 'U' 'M' 'M' 'M' 'M' 'M' 'U' 'M' 'M' 'M' 'U' 'M' 'M' 'M' 'M' 'M' 'M' 'M'
 'M' 'M' 'M' 'M' 'M' 'M' 'M' 'M' 'M' 'U' 'M' 'M' 'U' 'M' 'M' 'M' 'M' 'M']"
36401,2,180,11,169,18,0,0,"['A' 'M' 'U' 'M' 'M' 'M' 'M' 'M' 'M' 'U' 'M' 'M' 'M' 'M' 'M' 'U' 'M' 'M'
 'M' 'M' 'M' 'M' 'U' 'M' 'M' 'M' 'M' 'M' 'M' 'M' 'M' 'M' 'M' 'M' 'M' 'M'
 'M' 'M' 'U' 'M' 'M' 'M' 'M' 'M' 'M' 'M' 'M' 'M' 'M' 'A' 'M' 'U' 'M' 'M'
 'M' 'M' 'M' 'M' 'M' 'M' 'M' 'M' 'M' 'M' 'M' 'M' 'M' 'M' 'U' 'M' 'M' 'M'
 'M' 'M' 'M' 'M' 'M' 'M' 'M' 'M' 'M' 'M' 'M' 'M' 'M' 'M' 'M' 'M' 'M' 'M'
 'M' 'M' 'M' 'M' 'M' 'M' 'M' 'U' 'M' 'M' 'M' 'M' 'M' 'M' 'M' 'M' 'M' 'M'
 'M' 'M' 'M' 'M' 'A' 'M' 'U' 'M' 'M' 'M' 'M' 'M' 'M' 'M' 'U' 'M' 'M' 'M'
 'M' 'M' 'M' 'M' 'U' 'A' 'A' 'A' 'A' 'A' 'A' 'A' 'A' 'M' 'M' 'M' 'M' 'M'
 'M' 'M' 'M' 'M' 'M' 'M' 'M' 'U' 'M' 'M' 'M' 'M' 'M' 'M' 'M' 'U' 'M' 'M'
 'U' 'M' 'M' 'M' 'M' 'M' 'U' 'M' 'M' 'M' 'U' 'M' 'M' 'M' 'M' 'M' 'M' 'M'
 'M' 'M' 'M' 'M' 'M' 'M' 'M' 'M' 'M' 'U' 'U' 'M' 'M' 'M' 'M' 'M' 'M' 'M']"
36501,0,172,7,165,26,0,0,"['A' 'M' 'M' 'M' 'M' 'M' 'M' 'M' 'M' 'M' 'M' 'M' 'M' 'M' 'M' 'U' 'M' 'M'
 'M' 'M' 'M' 'M' 'U' 'M' 'M' 'M' 'M' 'M' 'M' 'M' 'M' 'M' 'M' 'M' 'U' 'M'
 'M' 'M' 'U' 'M' 'M' 'M' 'M' 'M' 'M' 'U' 'M' 'M' 'M' 'U' 'M' 'U' 'M' 'M'
 'M' 'M' 'U' 'M' 'M' 'M' 'M' 'M' 'U' 'M' 'M' 'U' 'M' 'M' 'M' 'M' 'M' 'M'
 'M' 'M' 'M' 'M' 'M' 'M' 'M' 'M' 'M' 'M' 'M' 'M' 'M' 'M' 'M' 'M' 'M' 'M'
 'M' 'M' 'M' 'M' 'M' 'M' 'M' 'U' 'M' 'M' 'M' 'M' 'M' 'M' 'M' 'M' 'M' 'M'
 'M' 'M' 'M' 'U' 'U' 'M' 'U' 'M' 'M' 'M' 'M' 'M' 'M' 'U' 'U' 'M' 'M' 'M'
 'M' 'M' 'M' 'M' 'U' 'U' 'U' 'A' 'A' 'U' 'A' 'A' 'A' 'M' 'M' 'M' 'M' 'M'
 'M' 'M' 'M' 'M' 'M' 'M' 'M' 'U' 'M' 'M' 'M' 'M' 'U' 'M' 'M' 'U' 'M' 'M'
 'U' 'M' 'M' 'M' 'M' 'M' 'M' 'M' 'M' 'M' 'U' 'M' 'M' 'M' 'M' 'M' 'M' 'M'
 'M' 'M' 'M' 'M' 'M' 'M' 'M' 'M' 'M' 'U' 'A' 'M' 'M' 'M' 'M' 'M' 'M' 'M']"
36601,1,177,8,169,21,0,0,"['A' 'M' 'M' 'M' 'M' 'M' 'M' 'M' 'M' 'M' 'M' 'M' 'M' 'M' 'M' 'U' 'M' 'M'
 'M' 'M' 'M' 'M' 'M' 'M' 'M' 'M' 'M' 'M' 'M' 'M' 'M' 'M' 'M' 'M' 'U' 'M'
 'M' 'M' 'U' 'M' 'M' 'M' 'M' 'M' 'U' 'U' 'M' 'M' 'M' 'U' 'M' 'M' 'M' 'M'
 'M' 'M' 'M' 'M' 'M' 'M' 'M' 'M' 'U' 'M' 'M' 'M' 'M' 'M' 'M' 'M' 'M' 'U'
 'M' 'M' 'M' 'M' 'M' 'M' 'M' 'M' 'M' 'M' 'M' 'M' 'M' 'M' 'M' 'M' 'M' 'M'
 'M' 'M' 'M' 'M' 'M' 'M' 'M' 'U' 'M' 'M' 'M' 'M' 'M' 'M' 'M' 'M' 'M' 'M'
 'M' 'M' 'M' 'U' 'M' 'M' 'U' 'M' 'M' 'M' 'M' 'M' 'M' 'U' 'M' 'M' 'M' 'M'
 'M' 'M' 'M' 'M' 'U' 'M' 'U' 'A' 'A' 'A' 'A' 'A' 'A' 'M' 'M' 'M' 'M' 'M'
 'M' 'M' 'M' 'M' 'M' 'M' 'M' 'U' 'M' 'M' 'M' 'M' 'U' 'M' 'M' 'U' 'M' 'M'
 'M' 'M' 'M' 'M' 'M' 'M' 'M' 'M' 'M' 'M' 'U' 'M' 'M' 'M' 'U' 'M' 'M' 'M'
 'U' 'M' 'M' 'M' 'M' 'M' 'M' 'M' 'M' 'U' 'A' 'M' 'M' 'M' 'M' 'M' 'M' 'M']"
36701,1,179,9,170,19,0,1,"['A' 'M' 'M' 'M' 'M' 'M' 'M' 'U' 'M' 'M' 'M' 'M' 'M' 'M' 'M' 'M' 'M' 'M'
 'M' 'M' 'M' 'M' 'M' 'M' 'M' 'M' 'M' 'M' 'M' 'M' 'M' 'M' 'M' 'M' 'U' 'M'
 'M' 'M' 'U' 'M' 'M' 'M' 'M' 'M' 'M' 'U' 'M' 'M' 'M' 'U' 'M' 'M' 'M' 'M'
 'M' 'M' 'M' 'M' 'M' 'M' 'M' 'M' 'U' 'M' 'M' 'M' 'U' 'M' 'M' 'M' 'M' 'M'
 'M' 'M' 'M' 'M' 'M' 'M' 'M' 'M' 'M' 'M' 'M' 'M' 'M' 'M' 'M' 'M' 'M' 'M'
 'M' 'M' 'M' 'M' 'M' 'M' 'M' 'A' 'M' 'M' 'M' 'M' 'M' 'M' 'M' 'M' 'M' 'M'
 'M' 'M' 'M' 'M' 'M' 'M' 'U' 'M' 'M' 'M' 'M' 'M' 'M' 'U' 'M' 'M' 'M' 'M'
 'M' 'M' 'M' 'M' 'U' 'A' 'A' 'A' 'U' 'A' 'A' 'A' 'U' 'M' 'M' 'M' 'M' 'M'
 'M' 'M' 'M' 'U' 'M' 'M' 'M' 'U' 'M' 'M' 'M' 'M' 'U' 'M' 'M' 'U' 'M' 'M'
 'M' 'M' 'M' 'M' 'M' 'M' 'M' 'M' 'M' 'M' 'U' 'M' 'M' 'M' 'U' 'M' 'M' 'M'
 'M' 'M' 'M' 'M' 'M' 'M' 'M' 'M' 'M' 'U' 'A' 'M' 'M' 'M' 'M' 'M' 'M' 'M']"
36801,0,179,6,173,19,0,0,"['A' 'M' 'M' 'M' 'M' 'M' 'M' 'U' 'M' 'M' 'M' 'M' 'M' 'M' 'M' 'M' 'M' 'M'
 'M' 'M' 'M' 'M' 'M' 'M' 'M' 'M' 'M' 'M' 'M' 'M' 'M' 'U' 'M' 'M' 'M' 'M'
 'M' 'M' 'U' 'M' 'M' 'M' 'M' 'M' 'M' 'U' 'M' 'M' 'M' 'U' 'M' 'M' 'M' 'M'
 'M' 'M' 'M' 'M' 'M' 'M' 'M' 'M' 'M' 'M' 'M' 'M' 'M' 'M' 'M' 'M' 'M' 'M'
 'M' 'M' 'M' 'M' 'M' 'M' 'M' 'M' 'M' 'M' 'M' 'M' 'M' 'M' 'M' 'M' 'M' 'U'
 'M' 'M' 'M' 'M' 'M' 'M' 'M' 'A' 'M' 'M' 'M' 'M' 'M' 'M' 'M' 'M' 'M' 'M'
 'M' 'M' 'M' 'U' 'M' 'M' 'M' 'M' 'M' 'M' 'M' 'M' 'M' 'U' 'M' 'M' 'M' 'M'
 'M' 'M' 'M' 'M' 'U' 'U' 'A' 'A' 'U' 'A' 'A' 'U' 'U' 'M' 'M' 'M' 'M' 'M'
 'M' 'M' 'M' 'M' 'M' 'M' 'M' 'U' 'M' 'M' 'M' 'M' 'M' 'M' 'M' 'M' 'M' 'M'
 'M' 'M' 'M' 'M' 'M' 'M' 'M' 'M' 'M' 'M' 'U' 'M' 'M' 'M' 'U' 'M' 'M' 'M'
 'M' 'M' 'M' 'M' 'U' 'M' 'M' 'U' 'M' 'M' 'U' 'M' 'M' 'M' 'M' 'M' 'M' 'M']"
36901,0,178,8,170,20,0,1,"['A' 'M' 'M' 'M' 'M' 'M' 'M' 'M' 'M' 'M' 'M' 'M' 'M' 'M' 'M' 'M' 'M' 'M'
 'U' 'M' 'M' 'M' 'M' 'M' 'M' 'M' 'U' 'U' 'M' 'M' 'M' 'U' 'M' 'M' 'M' 'M'
 'M' 'M' 'M' 'M' 'M' 'M' 'M' 'M' 'M' 'M' 'M' 'M' 'M' 'U' 'M' 'M' 'M' 'M'
 'M' 'M' 'M' 'M' 'M' 'M' 'M' 'M' 'M' 'M' 'M' 'M' 'M' 'M' 'M' 'M' 'M' 'M'
 'M' 'M' 'M' 'M' 'M' 'M' 'M' 'M' 'M' 'M' 'M' 'M' 'M' 'M' 'M' 'M' 'M' 'M'
 'M' 'M' 'U' 'M' 'M' 'M' 'M' 'A' 'M' 'M' 'M' 'M' 'M' 'M' 'M' 'M' 'M' 'M'
 'M' 'M' 'M' 'U' 'M' 'M' 'M' 'M' 'M' 'M' 'M' 'M' 'M' 'U' 'M' 'M' 'M' 'M'
 'M' 'M' 'M' 'M' 'U' 'U' 'U' 'A' 'A' 'A' 'A' 'A' 'A' 'M' 'M' 'M' 'M' 'M'
 'M' 'M' 'U' 'M' 'M' 'M' 'U' 'U' 'M' 'M' 'M' 'M' 'M' 'M' 'M' 'M' 'M' 'M'
 'M' 'M' 'M' 'M' 'M' 'M' 'M' 'M' 'M' 'M' 'U' 'M' 'M' 'M' 'U' 'M' 'M' 'M'
 'M' 'M' 'M' 'M' 'U' 'M' 'M' 'U' 'M' 'M' 'U' 'U' 'M' 'M' 'M' 'M' 'M' 'M']"
37001,0,177,9,168,21,0,0,"['A' 'M' 'M' 'M' 'M' 'M' 'M' 'M' 'M' 'M' 'M' 'M' 'M' 'M' 'M' 'M' 'M' 'M'
 'U' 'M' 'U' 'M' 'M' 'M' 'M' 'M' 'U' 'U' 'M' 'M' 'M' 'U' 'M' 'M' 'M' 'M'
 'M' 'M' 'M' 'M' 'M' 'M' 'M' 'M' 'M' 'M' 'M' 'M' 'M' 'U' 'M' 'M' 'M' 'M'
 'M' 'M' 'M' 'M' 'M' 'M' 'U' 'M' 'M' 'M' 'M' 'M' 'M' 'M' 'M' 'M' 'M' 'M'
 'M' 'M' 'M' 'M' 'M' 'M' 'U' 'M' 'M' 'M' 'M' 'M' 'M' 'M' 'M' 'M' 'M' 'M'
 'M' 'M' 'M' 'M' 'M' 'M' 'M' 'A' 'M' 'M' 'M' 'M' 'M' 'M' 'M' 'M' 'M' 'M'
 'M' 'M' 'M' 'U' 'M' 'M' 'M' 'M' 'M' 'M' 'M' 'M' 'M' 'M' 'M' 'M' 'M' 'M'
 'M' 'U' 'M' 'M' 'U' 'A' 'U' 'U' 'A' 'A' 'A' 'A' 'A' 'M' 'M' 'M' 'M' 'M'
 'M' 'M' 'U' 'M' 'M' 'M' 'U' 'U' 'M' 'M' 'M' 'M' 'M' 'M' 'M' 'M' 'M' 'M'
 'M' 'M' 'M' 'M' 'M' 'M' 'U' 'M' 'M' 'M' 'U' 'M' 'M' 'M' 'M' 'M' 'M' 'M'
 'M' 'M' 'M' 'M' 'M' 'M' 'M' 'U' 'M' 'M' 'U' 'U' 'M' 'M' 'M' 'A' 'M' 'M']"
37101,0,179,10,169,19,0,0,"['A' 'M' 'M' 'M' 'M' 'M' 'M' 'M' 'M' 'U' 'M' 'M' 'M' 'M' 'M' 'M' 'M' 'M'
 'M' 'M' 'U' 'M' 'M' 'M' 'M' 'M' 'U' 'M' 'M' 'M' 'M' 'M' 'M' 'M' 'M' 'M'
 'M' 'M' 'M' 'M' 'M' 'M' 'M' 'M' 'M' 'M' 'U' 'M' 'M' 'M' 'M' 'M' 'M' 'M'
 'M' 'M' 'M' 'M' 'M' 'M' 'U' 'M' 'M' 'M' 'M' 'M' 'M' 'M' 'M' 'M' 'M' 'M'
 'M' 'M' 'M' 'M' 'M' 'M' 'M' 'M' 'M' 'M' 'M' 'M' 'M' 'M' 'M' 'M' 'M' 'M'
 'M' 'M' 'U' 'M' 'M' 'M' 'M' 'A' 'M' 'M' 'M' 'M' 'M' 'M' 'M' 'M' 'M' 'M'
 'M' 'M' 'M' 'M' 'M' 'M' 'M' 'M' 'M' 'M' 'M' 'M' 'M' 'M' 'M' 'M' 'M' 'M'
 'M' 'U' 'M' 'M' 'U' 'U' 'U' 'A' 'A' 'A' 'A' 'A' 'A' 'M' 'U' 'M' 'M' 'M'
 'M' 'M' 'U' 'M' 'M' 'M' 'U' 'U' 'M' 'M' 'M' 'M' 'M' 'M' 'M' 'M' 'M' 'M'
 'M' 'M' 'M' 'M' 'M' 'M' 'A' 'M' 'M' 'M' 'U' 'M' 'M' 'M' 'M' 'M' 'M' 'M'
 'M' 'M' 'M' 'M' 'U' 'M' 'M' 'U' 'M' 'M' 'U' 'U' 'M' 'M' 'M' 'A' 'M' 'M']"
37201,1,177,6,171,21,0,0,"['A' 'M' 'M' 'M' 'M' 'M' 'M' 'M' 'M' 'M' 'M' 'M' 'M' 'M' 'M' 'M' 'M' 'M'
 'M' 'M' 'U' 'M' 'M' 'M' 'M' 'M' 'U' 'M' 'M' 'M' 'M' 'M' 'M' 'M' 'M' 'M'
 'M' 'M' 'M' 'M' 'M' 'M' 'M' 'M' 'M' 'M' 'M' 'M' 'M' 'M' 'M' 'M' 'M' 'M'
 'M' 'M' 'M' 'M' 'M' 'M' 'M' 'M' 'M' 'M' 'M' 'M' 'M' 'M' 'M' 'M' 'M' 'M'
 'M' 'M' 'M' 'M' 'M' 'M' 'M' 'M' 'M' 'M' 'M' 'M' 'M' 'M' 'M' 'M' 'U' 'M'
 'M' 'M' 'M' 'M' 'M' 'M' 'M' 'U' 'M' 'M' 'M' 'M' 'M' 'M' 'M' 'M' 'M' 'M'
 'M' 'M' 'M' 'U' 'M' 'M' 'M' 'M' 'M' 'M' 'M' 'M' 'M' 'M' 'M' 'U' 'M' 'M'
 'M' 'U' 'M' 'M' 'U' 'U' 'U' 'A' 'U' 'A' 'U' 'A' 'A' 'M' 'U' 'M' 'M' 'M'
 'M' 'M' 'U' 'M' 'M' 'M' 'U' 'U' 'M' 'M' 'M' 'M' 'M' 'M' 'M' 'M' 'M' 'M'
 'M' 'M' 'M' 'M' 'M' 'M' 'A' 'M' 'M' 'M' 'U' 'M' 'M' 'M' 'M' 'M' 'M' 'M'
 'M' 'M' 'M' 'M' 'M' 'M' 'M' 'U' 'M' 'M' 'U' 'U' 'M' 'M' 'M' 'U' 'M' 'M']"
37301,0,177,8,169,21,0,0,"['A' 'M' 'M' 'M' 'M' 'M' 'M' 'M' 'M' 'M' 'M' 'U' 'M' 'M' 'M' 'M' 'M' 'M'
 'M' 'M' 'M' 'M' 'M' 'M' 'M' 'M' 'U' 'M' 'M' 'M' 'M' 'M' 'M' 'M' 'M' 'M'
 'M' 'M' 'M' 'M' 'M' 'U' 'M' 'M' 'M' 'M' 'M' 'M' 'M' 'M' 'M' 'M' 'M' 'M'
 'M' 'M' 'M' 'M' 'M' 'M' 'M' 'M' 'M' 'M' 'M' 'M' 'M' 'M' 'M' 'M' 'M' 'M'
 'M' 'M' 'M' 'M' 'M' 'M' 'M' 'M' 'M' 'M' 'M' 'M' 'M' 'M' 'M' 'M' 'M' 'U'
 'M' 'M' 'M' 'M' 'M' 'M' 'M' 'U' 'M' 'M' 'M' 'M' 'M' 'M' 'M' 'M' 'M' 'M'
 'M' 'M' 'M' 'U' 'M' 'M' 'M' 'M' 'M' 'M' 'M' 'M' 'M' 'M' 'M' 'U' 'M' 'M'
 'M' 'U' 'M' 'M' 'U' 'U' 'A' 'A' 'A' 'A' 'A' 'A' 'U' 'M' 'A' 'M' 'M' 'M'
 'M' 'M' 'U' 'M' 'M' 'M' 'U' 'U' 'M' 'M' 'M' 'M' 'M' 'M' 'M' 'M' 'M' 'U'
 'M' 'M' 'M' 'M' 'M' 'M' 'U' 'M' 'M' 'M' 'M' 'M' 'M' 'M' 'M' 'M' 'M' 'M'
 'M' 'M' 'M' 'M' 'M' 'M' 'M' 'U' 'M' 'M' 'U' 'U' 'U' 'M' 'M' 'U' 'M' 'M']"
37401,0,179,6,173,19,0,1,"['A' 'M' 'M' 'M' 'M' 'M' 'M' 'M' 'M' 'M' 'M' 'M' 'M' 'M' 'M' 'M' 'M' 'M'
 'M' 'M' 'M' 'M' 'M' 'M' 'M' 'M' 'M' 'M' 'M' 'M' 'M' 'M' 'M' 'M' 'M' 'M'
 'M' 'U' 'M' 'M' 'M' 'U' 'M' 'M' 'M' 'M' 'M' 'M' 'M' 'M' 'M' 'M' 'M' 'M'
 'M' 'M' 'M' 'M' 'M' 'M' 'M' 'M' 'M' 'M' 'M' 'M' 'M' 'M' 'M' 'M' 'M' 'U'
 'M' 'M' 'M' 'M' 'M' 'M' 'M' 'M' 'M' 'M' 'M' 'M' 'M' 'M' 'M' 'M' 'M' 'M'
 'M' 'M' 'M' 'M' 'M' 'M' 'M' 'M' 'M' 'M' 'M' 'M' 'M' 'M' 'M' 'M' 'M' 'M'
 'M' 'M' 'U' 'M' 'M' 'M' 'M' 'M' 'M' 'M' 'M' 'M' 'M' 'M' 'M' 'U' 'M' 'M'
 'M' 'U' 'M' 'M' 'U' 'U' 'A' 'A' 'A' 'U' 'A' 'U' 'U' 'M' 'A' 'M' 'M' 'M'
 'M' 'M' 'U' 'M' 'M' 'M' 'U' 'U' 'M' 'M' 'M' 'M' 'M' 'M' 'M' 'M' 'M' 'U'
 'M' 'M' 'M' 'M' 'M' 'M' 'U' 'M' 'M' 'M' 'M' 'M' 'M' 'M' 'M' 'M' 'M' 'M'
 'M' 'M' 'M' 'M' 'M' 'M' 'M' 'U' 'M' 'M' 'M' 'M' 'U' 'M' 'M' 'U' 'M' 'M']"
37501,0,181,5,176,17,0,0,"['A' 'M' 'M' 'M' 'M' 'M' 'M' 'M' 'M' 'M' 'M' 'M' 'M' 'M' 'M' 'M' 'M' 'M'
 'M' 'M' 'U' 'M' 'M' 'M' 'M' 'M' 'M' 'M' 'M' 'M' 'M' 'M' 'M' 'M' 'M' 'M'
 'M' 'U' 'M' 'M' 'M' 'U' 'M' 'M' 'M' 'M' 'M' 'M' 'M' 'M' 'M' 'M' 'M' 'M'
 'M' 'M' 'M' 'M' 'M' 'M' 'M' 'M' 'M' 'M' 'M' 'M' 'M' 'M' 'M' 'M' 'M' 'M'
 'M' 'M' 'M' 'M' 'M' 'M' 'M' 'M' 'M' 'M' 'M' 'M' 'M' 'M' 'M' 'M' 'M' 'M'
 'M' 'M' 'M' 'M' 'U' 'M' 'M' 'M' 'M' 'M' 'M' 'M' 'M' 'M' 'M' 'M' 'M' 'M'
 'M' 'M' 'U' 'M' 'M' 'M' 'M' 'M' 'M' 'M' 'M' 'M' 'M' 'M' 'M' 'U' 'M' 'M'
 'M' 'U' 'M' 'M' 'U' 'U' 'U' 'A' 'A' 'U' 'A' 'M' 'M' 'M' 'A' 'M' 'M' 'U'
 'M' 'M' 'M' 'M' 'M' 'M' 'U' 'M' 'M' 'M' 'M' 'M' 'M' 'M' 'M' 'M' 'M' 'M'
 'M' 'M' 'M' 'M' 'M' 'M' 'U' 'M' 'M' 'M' 'M' 'M' 'U' 'M' 'M' 'M' 'M' 'M'
 'M' 'M' 'M' 'M' 'M' 'M' 'M' 'M' 'M' 'M' 'M' 'M' 'U' 'M' 'M' 'U' 'M' 'M']"
37601,0,179,8,171,19,0,0,"['A' 'M' 'M' 'M' 'M' 'M' 'M' 'M' 'M' 'M' 'M' 'M' 'M' 'M' 'M' 'M' 'M' 'M'
 'M' 'M' 'U' 'M' 'M' 'M' 'U' 'M' 'M' 'M' 'M' 'M' 'M' 'M' 'M' 'M' 'M' 'M'
 'M' 'U' 'M' 'M' 'M' 'U' 'M' 'M' 'M' 'M' 'M' 'M' 'M' 'M' 'M' 'M' 'M' 'M'
 'M' 'M' 'M' 'M' 'M' 'U' 'M' 'M' 'M' 'M' 'M' 'U' 'M' 'M' 'M' 'M' 'M' 'M'
 'M' 'M' 'M' 'M' 'M' 'M' 'M' 'M' 'M' 'M' 'M' 'M' 'M' 'M' 'M' 'M' 'M' 'M'
 'M' 'M' 'M' 'M' 'M' 'M' 'M' 'M' 'M' 'M' 'M' 'M' 'M' 'M' 'M' 'M' 'M' 'M'
 'M' 'M' 'U' 'M' 'M' 'M' 'M' 'M' 'M' 'M' 'M' 'M' 'M' 'M' 'M' 'U' 'U' 'M'
 'M' 'U' 'M' 'M' 'U' 'A' 'A' 'U' 'A' 'A' 'A' 'A' 'U' 'U' 'A' 'U' 'M' 'U'
 'M' 'M' 'M' 'M' 'M' 'M' 'U' 'M' 'M' 'M' 'M' 'M' 'M' 'M' 'M' 'M' 'M' 'M'
 'M' 'M' 'M' 'M' 'M' 'M' 'M' 'M' 'M' 'M' 'M' 'M' 'M' 'M' 'M' 'M' 'M' 'M'
 'M' 'M' 'M' 'M' 'M' 'M' 'M' 'M' 'M' 'M' 'M' 'M' 'U' 'M' 'U' 'M' 'M' 'M']"
37701,0,180,4,176,18,0,0,"['A' 'M' 'M' 'M' 'M' 'M' 'M' 'M' 'M' 'M' 'M' 'M' 'M' 'M' 'M' 'M' 'M' 'M'
 'M' 'M' 'U' 'M' 'M' 'M' 'M' 'M' 'M' 'M' 'M' 'M' 'M' 'M' 'M' 'M' 'M' 'M'
 'U' 'U' 'M' 'M' 'M' 'M' 'M' 'M' 'M' 'M' 'M' 'M' 'M' 'M' 'M' 'M' 'M' 'M'
 'M' 'M' 'M' 'M' 'M' 'U' 'M' 'M' 'M' 'M' 'M' 'M' 'M' 'M' 'M' 'M' 'M' 'M'
 'M' 'M' 'M' 'M' 'M' 'M' 'M' 'M' 'M' 'M' 'M' 'M' 'M' 'M' 'M' 'M' 'M' 'M'
 'M' 'M' 'M' 'M' 'U' 'M' 'M' 'M' 'M' 'M' 'U' 'M' 'M' 'M' 'M' 'M' 'M' 'M'
 'M' 'M' 'M' 'M' 'M' 'M' 'M' 'M' 'M' 'M' 'M' 'M' 'M' 'M' 'M' 'U' 'M' 'M'
 'M' 'M' 'M' 'M' 'U' 'U' 'U' 'M' 'U' 'A' 'U' 'A' 'U' 'U' 'A' 'U' 'M' 'M'
 'M' 'M' 'M' 'M' 'M' 'M' 'M' 'M' 'M' 'M' 'M' 'M' 'M' 'M' 'M' 'M' 'M' 'M'
 'M' 'M' 'M' 'M' 'M' 'M' 'M' 'M' 'U' 'M' 'M' 'M' 'M' 'M' 'M' 'M' 'M' 'M'
 'M' 'M' 'M' 'M' 'M' 'M' 'M' 'M' 'M' 'M' 'M' 'M' 'U' 'M' 'U' 'M' 'M' 'M']"
37801,0,176,5,171,22,0,0,"['A' 'M' 'M' 'M' 'M' 'M' 'M' 'U' 'M' 'M' 'M' 'M' 'M' 'M' 'M' 'M' 'M' 'M'
 'M' 'M' 'M' 'M' 'M' 'M' 'M' 'M' 'M' 'M' 'M' 'M' 'M' 'M' 'M' 'M' 'M' 'M'
 'U' 'U' 'M' 'M' 'M' 'M' 'M' 'M' 'M' 'M' 'M' 'M' 'M' 'M' 'M' 'M' 'M' 'M'
 'M' 'M' 'U' 'M' 'M' 'M' 'M' 'M' 'M' 'M' 'M' 'M' 'M' 'M' 'M' 'M' 'M' 'M'
 'M' 'M' 'M' 'M' 'M' 'M' 'M' 'M' 'M' 'M' 'M' 'M' 'M' 'M' 'M' 'M' 'U' 'M'
 'M' 'M' 'M' 'M' 'M' 'M' 'M' 'M' 'M' 'M' 'U' 'M' 'M' 'M' 'M' 'M' 'M' 'M'
 'M' 'M' 'M' 'M' 'M' 'M' 'M' 'M' 'M' 'M' 'M' 'M' 'M' 'M' 'M' 'U' 'M' 'M'
 'U' 'M' 'M' 'U' 'U' 'U' 'U' 'U' 'U' 'A' 'A' 'U' 'A' 'U' 'A' 'U' 'M' 'M'
 'M' 'U' 'M' 'M' 'U' 'M' 'M' 'M' 'M' 'M' 'M' 'M' 'M' 'M' 'M' 'M' 'M' 'M'
 'M' 'M' 'M' 'M' 'M' 'M' 'M' 'M' 'U' 'M' 'M' 'M' 'M' 'M' 'M' 'M' 'M' 'M'
 'M' 'M' 'M' 'M' 'M' 'M' 'M' 'M' 'M' 'M' 'M' 'M' 'M' 'M' 'U' 'U' 'M' 'M']"
37901,1,185,8,177,13,0,0,"['A' 'M' 'M' 'M' 'M' 'M' 'M' 'M' 'M' 'M' 'M' 'M' 'M' 'M' 'M' 'M' 'M' 'M'
 'M' 'M' 'M' 'M' 'M' 'M' 'M' 'M' 'M' 'M' 'M' 'M' 'M' 'M' 'M' 'M' 'M' 'M'
 'U' 'M' 'M' 'M' 'M' 'M' 'M' 'M' 'M' 'M' 'M' 'M' 'M' 'M' 'M' 'M' 'M' 'M'
 'M' 'M' 'M' 'M' 'M' 'U' 'M' 'M' 'M' 'M' 'M' 'M' 'M' 'M' 'M' 'M' 'M' 'M'
 'M' 'M' 'M' 'M' 'M' 'M' 'M' 'M' 'M' 'M' 'M' 'M' 'M' 'M' 'M' 'M' 'M' 'M'
 'M' 'M' 'M' 'M' 'U' 'M' 'M' 'U' 'M' 'M' 'U' 'M' 'M' 'M' 'M' 'M' 'M' 'M'
 'M' 'M' 'M' 'M' 'M' 'M' 'M' 'M' 'M' 'M' 'M' 'M' 'M' 'M' 'M' 'U' 'M' 'M'
 'M' 'M' 'M' 'U' 'U' 'A' 'A' 'U' 'A' 'A' 'A' 'A' 'A' 'M' 'U' 'U' 'M' 'M'
 'M' 'U' 'M' 'M' 'M' 'M' 'M' 'M' 'M' 'M' 'M' 'M' 'M' 'M' 'M' 'M' 'M' 'M'
 'M' 'M' 'M' 'M' 'M' 'M' 'M' 'M' 'M' 'M' 'M' 'M' 'M' 'M' 'M' 'M' 'M' 'M'
 'M' 'M' 'M' 'M' 'M' 'M' 'M' 'M' 'M' 'M' 'M' 'M' 'M' 'M' 'M' 'U' 'M' 'M']"
38001,0,185,8,177,13,0,0,"['A' 'M' 'M' 'M' 'M' 'M' 'M' 'M' 'M' 'M' 'M' 'M' 'M' 'M' 'M' 'M' 'M' 'M'
 'U' 'M' 'M' 'M' 'M' 'M' 'M' 'M' 'M' 'M' 'M' 'M' 'M' 'M' 'M' 'M' 'M' 'M'
 'M' 'M' 'M' 'M' 'M' 'M' 'M' 'M' 'M' 'M' 'M' 'M' 'M' 'M' 'M' 'M' 'M' 'M'
 'M' 'M' 'M' 'U' 'M' 'U' 'M' 'M' 'M' 'M' 'M' 'U' 'M' 'M' 'M' 'M' 'M' 'M'
 'M' 'M' 'M' 'M' 'M' 'M' 'M' 'M' 'M' 'M' 'M' 'M' 'M' 'M' 'M' 'M' 'M' 'M'
 'M' 'M' 'M' 'M' 'M' 'M' 'M' 'U' 'M' 'M' 'U' 'M' 'M' 'M' 'M' 'M' 'M' 'M'
 'M' 'U' 'M' 'M' 'M' 'M' 'M' 'M' 'M' 'M' 'M' 'M' 'M' 'M' 'M' 'A' 'M' 'M'
 'M' 'M' 'M' 'U' 'U' 'A' 'U' 'U' 'A' 'A' 'A' 'A' 'A' 'M' 'U' 'U' 'M' 'M'
 'M' 'M' 'M' 'M' 'M' 'M' 'M' 'M' 'M' 'M' 'M' 'M' 'M' 'M' 'M' 'M' 'M' 'M'
 'M' 'M' 'M' 'M' 'M' 'M' 'M' 'M' 'M' 'M' 'M' 'M' 'M' 'M' 'M' 'M' 'M' 'M'
 'M' 'M' 'M' 'M' 'M' 'M' 'M' 'M' 'M' 'M' 'M' 'M' 'M' 'M' 'M' 'M' 'M' 'M']"
38101,1,183,8,175,15,0,0,"['A' 'M' 'M' 'M' 'M' 'M' 'M' 'M' 'M' 'M' 'M' 'M' 'M' 'M' 'M' 'M' 'M' 'M'
 'M' 'M' 'M' 'U' 'M' 'M' 'M' 'M' 'M' 'M' 'M' 'M' 'M' 'M' 'M' 'M' 'M' 'M'
 'M' 'M' 'M' 'M' 'M' 'M' 'M' 'M' 'M' 'M' 'M' 'M' 'M' 'M' 'M' 'U' 'M' 'M'
 'M' 'M' 'M' 'U' 'M' 'U' 'M' 'M' 'M' 'M' 'M' 'M' 'M' 'M' 'M' 'M' 'M' 'M'
 'M' 'M' 'M' 'M' 'M' 'M' 'M' 'M' 'M' 'M' 'M' 'M' 'M' 'M' 'M' 'M' 'M' 'M'
 'M' 'M' 'M' 'U' 'M' 'M' 'M' 'U' 'M' 'M' 'U' 'M' 'M' 'M' 'M' 'U' 'M' 'U'
 'M' 'U' 'M' 'M' 'M' 'M' 'M' 'M' 'M' 'M' 'M' 'M' 'M' 'M' 'M' 'U' 'M' 'M'
 'M' 'M' 'M' 'U' 'U' 'A' 'A' 'A' 'A' 'A' 'U' 'A' 'A' 'M' 'M' 'U' 'M' 'M'
 'M' 'M' 'M' 'M' 'M' 'M' 'M' 'M' 'M' 'M' 'M' 'M' 'M' 'M' 'M' 'M' 'M' 'M'
 'M' 'M' 'M' 'M' 'M' 'M' 'M' 'M' 'M' 'M' 'M' 'M' 'M' 'M' 'M' 'M' 'M' 'M'
 'M' 'M' 'M' 'M' 'M' 'M' 'M' 'M' 'M' 'M' 'M' 'M' 'M' 'M' 'M' 'M' 'M' 'M']"
38201,0,186,8,178,12,0,0,"['A' 'M' 'M' 'U' 'M' 'M' 'M' 'M' 'M' 'M' 'M' 'M' 'M' 'M' 'M' 'M' 'M' 'M'
 'M' 'M' 'M' 'U' 'M' 'M' 'M' 'M' 'M' 'M' 'M' 'M' 'M' 'M' 'M' 'M' 'M' 'M'
 'M' 'M' 'M' 'M' 'M' 'M' 'M' 'M' 'M' 'M' 'M' 'M' 'M' 'M' 'M' 'U' 'M' 'M'
 'M' 'M' 'M' 'U' 'M' 'M' 'M' 'M' 'M' 'M' 'M' 'M' 'M' 'U' 'M' 'M' 'M' 'M'
 'M' 'M' 'M' 'M' 'M' 'M' 'M' 'M' 'M' 'M' 'M' 'M' 'M' 'M' 'M' 'M' 'M' 'M'
 'M' 'M' 'M' 'M' 'M' 'M' 'M' 'U' 'M' 'M' 'U' 'M' 'M' 'M' 'M' 'M' 'M' 'M'
 'M' 'M' 'M' 'M' 'M' 'M' 'M' 'M' 'M' 'M' 'M' 'M' 'M' 'M' 'M' 'U' 'M' 'M'
 'M' 'M' 'M' 'M' 'U' 'A' 'U' 'A' 'A' 'A' 'A' 'A' 'A' 'M' 'M' 'U' 'M' 'M'
 'M' 'M' 'M' 'M' 'M' 'M' 'M' 'M' 'M' 'M' 'M' 'M' 'M' 'M' 'M' 'M' 'M' 'M'
 'M' 'M' 'M' 'M' 'M' 'M' 'M' 'M' 'M' 'M' 'M' 'M' 'M' 'M' 'M' 'M' 'M' 'M'
 'M' 'M' 'M' 'M' 'M' 'M' 'U' 'M' 'M' 'M' 'M' 'M' 'M' 'M' 'M' 'M' 'M' 'M']"
38301,0,181,8,173,17,0,0,"['A' 'M' 'M' 'U' 'M' 'M' 'M' 'M' 'M' 'M' 'M' 'M' 'M' 'M' 'M' 'M' 'M' 'M'
 'M' 'M' 'M' 'U' 'M' 'M' 'M' 'M' 'M' 'M' 'M' 'M' 'M' 'M' 'M' 'M' 'M' 'M'
 'M' 'M' 'M' 'M' 'M' 'M' 'M' 'M' 'M' 'M' 'M' 'M' 'M' 'M' 'M' 'U' 'M' 'M'
 'M' 'M' 'M' 'U' 'M' 'M' 'M' 'M' 'M' 'M' 'U' 'U' 'M' 'M' 'M' 'M' 'M' 'M'
 'M' 'M' 'M' 'M' 'M' 'M' 'M' 'M' 'M' 'M' 'M' 'M' 'M' 'M' 'M' 'M' 'M' 'M'
 'M' 'M' 'M' 'M' 'M' 'M' 'M' 'A' 'M' 'M' 'U' 'M' 'M' 'M' 'M' 'M' 'M' 'M'
 'M' 'M' 'M' 'M' 'M' 'M' 'M' 'M' 'M' 'M' 'U' 'M' 'M' 'M' 'M' 'U' 'M' 'M'
 'M' 'M' 'M' 'M' 'M' 'A' 'A' 'A' 'U' 'A' 'A' 'A' 'U' 'M' 'M' 'U' 'M' 'M'
 'M' 'M' 'M' 'M' 'M' 'U' 'M' 'M' 'M' 'M' 'M' 'M' 'M' 'M' 'U' 'U' 'M' 'M'
 'U' 'M' 'M' 'M' 'M' 'M' 'M' 'M' 'M' 'M' 'M' 'M' 'M' 'M' 'M' 'M' 'M' 'M'
 'M' 'M' 'M' 'M' 'U' 'M' 'M' 'M' 'M' 'M' 'M' 'M' 'M' 'M' 'M' 'M' 'M' 'M']"
38401,0,177,8,169,21,0,0,"['A' 'M' 'M' 'M' 'M' 'M' 'M' 'M' 'M' 'M' 'M' 'M' 'M' 'M' 'M' 'M' 'M' 'M'
 'M' 'M' 'M' 'U' 'M' 'M' 'M' 'U' 'M' 'M' 'M' 'M' 'M' 'M' 'M' 'M' 'M' 'M'
 'M' 'U' 'M' 'M' 'M' 'M' 'M' 'M' 'M' 'M' 'M' 'M' 'M' 'M' 'M' 'M' 'M' 'M'
 'M' 'M' 'M' 'U' 'M' 'U' 'M' 'M' 'M' 'M' 'M' 'M' 'M' 'M' 'M' 'M' 'M' 'M'
 'M' 'M' 'M' 'M' 'M' 'U' 'M' 'M' 'M' 'M' 'M' 'M' 'M' 'M' 'M' 'M' 'M' 'M'
 'M' 'M' 'M' 'M' 'M' 'M' 'M' 'A' 'M' 'M' 'U' 'M' 'M' 'M' 'M' 'M' 'M' 'M'
 'M' 'M' 'M' 'M' 'M' 'M' 'M' 'M' 'M' 'M' 'U' 'M' 'M' 'M' 'M' 'U' 'M' 'M'
 'M' 'M' 'M' 'M' 'M' 'A' 'A' 'A' 'U' 'A' 'A' 'A' 'U' 'U' 'M' 'U' 'M' 'M'
 'M' 'M' 'M' 'M' 'M' 'U' 'M' 'M' 'M' 'M' 'M' 'M' 'M' 'M' 'U' 'U' 'M' 'M'
 'U' 'M' 'M' 'M' 'U' 'M' 'M' 'M' 'M' 'M' 'M' 'U' 'M' 'M' 'M' 'M' 'M' 'M'
 'M' 'M' 'M' 'M' 'U' 'M' 'M' 'M' 'U' 'M' 'M' 'M' 'M' 'M' 'M' 'M' 'M' 'M']"
38501,0,176,5,171,22,0,0,"['A' 'M' 'M' 'M' 'M' 'M' 'M' 'M' 'M' 'M' 'M' 'M' 'M' 'M' 'M' 'M' 'M' 'M'
 'M' 'M' 'M' 'M' 'M' 'M' 'M' 'M' 'M' 'M' 'M' 'M' 'M' 'M' 'M' 'M' 'M' 'M'
 'M' 'U' 'M' 'M' 'M' 'M' 'M' 'M' 'M' 'M' 'M' 'M' 'M' 'M' 'M' 'M' 'M' 'M'
 'M' 'M' 'M' 'U' 'U' 'U' 'M' 'M' 'M' 'M' 'M' 'M' 'M' 'M' 'M' 'M' 'M' 'M'
 'M' 'M' 'M' 'M' 'M' 'M' 'M' 'M' 'M' 'M' 'M' 'M' 'M' 'U' 'M' 'M' 'M' 'M'
 'M' 'M' 'M' 'M' 'M' 'M' 'M' 'U' 'M' 'M' 'U' 'M' 'M' 'M' 'M' 'M' 'M' 'M'
 'M' 'M' 'M' 'M' 'M' 'M' 'M' 'M' 'M' 'M' 'U' 'M' 'M' 'M' 'M' 'U' 'M' 'M'
 'M' 'M' 'M' 'M' 'M' 'M' 'A' 'A' 'U' 'A' 'U' 'A' 'U' 'U' 'M' 'U' 'M' 'U'
 'M' 'M' 'M' 'M' 'M' 'M' 'M' 'M' 'M' 'M' 'M' 'M' 'M' 'M' 'U' 'M' 'M' 'M'
 'U' 'M' 'M' 'M' 'U' 'M' 'M' 'M' 'M' 'M' 'M' 'U' 'M' 'M' 'M' 'M' 'M' 'M'
 'M' 'M' 'M' 'M' 'U' 'M' 'M' 'M' 'U' 'M' 'M' 'M' 'M' 'U' 'M' 'M' 'M' 'M']"
38601,1,181,6,175,17,0,0,"['A' 'M' 'M' 'M' 'M' 'M' 'M' 'M' 'M' 'M' 'M' 'M' 'M' 'M' 'M' 'M' 'M' 'M'
 'M' 'M' 'M' 'M' 'M' 'M' 'M' 'M' 'M' 'M' 'M' 'M' 'M' 'M' 'M' 'M' 'M' 'M'
 'M' 'M' 'M' 'M' 'M' 'M' 'M' 'M' 'M' 'M' 'M' 'M' 'M' 'M' 'M' 'M' 'M' 'M'
 'M' 'M' 'M' 'M' 'U' 'M' 'M' 'M' 'M' 'M' 'M' 'M' 'M' 'M' 'M' 'M' 'M' 'M'
 'M' 'M' 'M' 'M' 'M' 'M' 'M' 'M' 'U' 'M' 'M' 'M' 'M' 'M' 'M' 'M' 'M' 'M'
 'M' 'M' 'M' 'M' 'M' 'M' 'M' 'U' 'M' 'M' 'U' 'M' 'M' 'M' 'M' 'M' 'M' 'M'
 'M' 'M' 'M' 'M' 'M' 'M' 'M' 'M' 'M' 'M' 'U' 'M' 'M' 'M' 'M' 'U' 'M' 'M'
 'M' 'M' 'M' 'M' 'M' 'M' 'A' 'A' 'A' 'A' 'U' 'A' 'U' 'U' 'M' 'U' 'M' 'U'
 'M' 'M' 'M' 'M' 'M' 'M' 'M' 'M' 'M' 'M' 'M' 'M' 'M' 'M' 'U' 'M' 'M' 'M'
 'U' 'M' 'M' 'M' 'M' 'M' 'M' 'M' 'M' 'M' 'M' 'U' 'M' 'M' 'M' 'M' 'M' 'M'
 'M' 'M' 'M' 'M' 'U' 'M' 'M' 'M' 'U' 'M' 'M' 'M' 'M' 'U' 'M' 'M' 'M' 'M']"
38701,0,184,8,176,14,0,0,"['A' 'M' 'M' 'M' 'M' 'M' 'M' 'M' 'M' 'M' 'U' 'M' 'M' 'M' 'M' 'M' 'M' 'M'
 'M' 'M' 'M' 'M' 'M' 'M' 'M' 'M' 'M' 'M' 'M' 'M' 'M' 'M' 'M' 'M' 'M' 'M'
 'M' 'M' 'M' 'M' 'M' 'M' 'M' 'M' 'M' 'M' 'M' 'M' 'M' 'M' 'M' 'M' 'M' 'M'
 'M' 'M' 'M' 'M' 'U' 'M' 'M' 'M' 'M' 'M' 'M' 'M' 'M' 'M' 'M' 'M' 'M' 'M'
 'M' 'U' 'M' 'M' 'M' 'M' 'M' 'M' 'M' 'M' 'M' 'M' 'M' 'M' 'M' 'M' 'M' 'M'
 'M' 'M' 'M' 'M' 'M' 'M' 'M' 'M' 'M' 'M' 'U' 'M' 'M' 'M' 'M' 'M' 'M' 'M'
 'M' 'M' 'M' 'M' 'M' 'M' 'M' 'M' 'M' 'M' 'U' 'M' 'M' 'M' 'M' 'M' 'M' 'M'
 'M' 'M' 'M' 'M' 'M' 'U' 'A' 'A' 'A' 'A' 'A' 'A' 'A' 'M' 'M' 'U' 'M' 'U'
 'M' 'M' 'M' 'M' 'M' 'M' 'M' 'M' 'M' 'M' 'M' 'M' 'M' 'M' 'M' 'M' 'M' 'M'
 'U' 'M' 'M' 'M' 'M' 'M' 'M' 'M' 'M' 'M' 'M' 'U' 'M' 'M' 'M' 'M' 'M' 'M'
 'M' 'M' 'U' 'M' 'U' 'M' 'M' 'M' 'U' 'M' 'M' 'M' 'M' 'U' 'M' 'M' 'M' 'M']"
38801,0,183,8,175,15,0,0,"['A' 'M' 'M' 'M' 'M' 'M' 'M' 'M' 'M' 'M' 'U' 'M' 'M' 'M' 'M' 'M' 'M' 'M'
 'M' 'M' 'U' 'M' 'M' 'M' 'M' 'M' 'M' 'M' 'M' 'M' 'M' 'M' 'M' 'U' 'M' 'M'
 'M' 'M' 'M' 'M' 'M' 'M' 'M' 'M' 'M' 'M' 'U' 'M' 'M' 'M' 'M' 'M' 'M' 'M'
 'M' 'M' 'M' 'M' 'U' 'M' 'M' 'M' 'M' 'M' 'M' 'M' 'M' 'M' 'M' 'M' 'M' 'M'
 'M' 'M' 'M' 'M' 'M' 'M' 'M' 'M' 'M' 'M' 'M' 'M' 'M' 'M' 'M' 'M' 'M' 'M'
 'M' 'U' 'M' 'M' 'M' 'M' 'M' 'M' 'M' 'M' 'U' 'M' 'M' 'M' 'M' 'M' 'M' 'M'
 'M' 'M' 'M' 'M' 'M' 'M' 'M' 'M' 'M' 'M' 'M' 'M' 'M' 'M' 'M' 'M' 'M' 'M'
 'M' 'M' 'M' 'M' 'M' 'A' 'A' 'A' 'A' 'U' 'A' 'A' 'A' 'M' 'M' 'M' 'M' 'U'
 'M' 'M' 'M' 'M' 'M' 'M' 'M' 'M' 'M' 'M' 'M' 'M' 'M' 'M' 'M' 'U' 'M' 'M'
 'U' 'M' 'M' 'M' 'M' 'M' 'M' 'M' 'M' 'M' 'M' 'U' 'M' 'M' 'M' 'M' 'M' 'M'
 'M' 'M' 'M' 'M' 'U' 'M' 'M' 'M' 'U' 'M' 'M' 'M' 'M' 'U' 'M' 'M' 'M' 'M']"
38901,0,185,7,178,13,1,0,"['A' 'M' 'M' 'M' 'M' 'M' 'M' 'M' 'M' 'M' 'M' 'M' 'M' 'M' 'M' 'M' 'M' 'M'
 'M' 'M' 'U' 'M' 'M' 'U' 'M' 'M' 'M' 'M' 'M' 'M' 'M' 'M' 'M' 'M' 'M' 'M'
 'M' 'U' 'M' 'M' 'M' 'M' 'M' 'M' 'M' 'M' 'U' 'M' 'M' 'M' 'M' 'M' 'M' 'M'
 'M' 'M' 'M' 'M' 'M' 'M' 'U' 'M' 'M' 'M' 'M' 'M' 'M' 'M' 'M' 'M' 'M' 'M'
 'M' 'U' 'M' 'M' 'M' 'M' 'M' 'M' 'M' 'M' 'M' 'M' 'M' 'M' 'M' 'M' 'M' 'M'
 'M' 'M' 'M' 'M' 'M' 'M' 'M' 'M' 'M' 'M' 'U' 'M' 'M' 'M' 'M' 'M' 'M' 'M'
 'M' 'M' 'M' 'M' 'M' 'M' 'M' 'M' 'M' 'M' 'M' 'M' 'M' 'M' 'M' 'M' 'M' 'M'
 'M' 'M' 'M' 'M' 'M' 'U' 'A' 'A' 'U' 'A' 'A' 'A' 'A' 'M' 'M' 'M' 'M' 'M'
 'M' 'M' 'M' 'M' 'M' 'M' 'M' 'M' 'M' 'M' 'M' 'M' 'M' 'M' 'M' 'U' 'M' 'M'
 'U' 'M' 'M' 'M' 'M' 'M' 'M' 'M' 'M' 'M' 'M' 'U' 'M' 'M' 'M' 'M' 'M' 'M'
 'M' 'M' 'M' 'M' 'U' 'M' 'M' 'M' 'M' 'M' 'M' 'M' 'M' 'M' 'M' 'M' 'M' 'M']"
39001,0,184,8,176,14,0,0,"['A' 'M' 'M' 'M' 'M' 'M' 'M' 'M' 'M' 'M' 'M' 'U' 'M' 'M' 'M' 'M' 'M' 'M'
 'M' 'M' 'U' 'M' 'M' 'U' 'M' 'M' 'M' 'M' 'M' 'M' 'M' 'M' 'M' 'M' 'M' 'M'
 'M' 'U' 'M' 'M' 'M' 'M' 'M' 'M' 'M' 'M' 'U' 'M' 'M' 'M' 'M' 'M' 'M' 'M'
 'M' 'M' 'M' 'M' 'M' 'M' 'U' 'M' 'M' 'M' 'M' 'M' 'M' 'M' 'M' 'M' 'M' 'M'
 'M' 'M' 'M' 'M' 'M' 'M' 'M' 'M' 'M' 'M' 'M' 'M' 'M' 'M' 'M' 'M' 'M' 'M'
 'M' 'M' 'U' 'M' 'M' 'M' 'M' 'M' 'M' 'M' 'U' 'M' 'M' 'M' 'M' 'M' 'M' 'M'
 'M' 'M' 'U' 'M' 'M' 'M' 'M' 'M' 'M' 'M' 'M' 'M' 'M' 'M' 'M' 'M' 'M' 'M'
 'M' 'M' 'M' 'M' 'M' 'M' 'A' 'A' 'A' 'A' 'A' 'A' 'A' 'M' 'M' 'M' 'M' 'M'
 'M' 'M' 'M' 'M' 'M' 'M' 'M' 'M' 'M' 'M' 'M' 'M' 'M' 'M' 'M' 'U' 'M' 'M'
 'U' 'M' 'M' 'M' 'M' 'M' 'M' 'U' 'M' 'M' 'M' 'M' 'M' 'M' 'M' 'M' 'M' 'M'
 'M' 'M' 'M' 'M' 'U' 'M' 'M' 'M' 'M' 'M' 'M' 'M' 'U' 'M' 'M' 'M' 'M' 'M']"
39101,0,184,6,178,14,0,0,"['A' 'M' 'M' 'M' 'M' 'M' 'M' 'M' 'M' 'M' 'M' 'U' 'M' 'M' 'M' 'M' 'M' 'M'
 'M' 'M' 'M' 'M' 'M' 'U' 'M' 'M' 'M' 'M' 'M' 'M' 'M' 'M' 'M' 'M' 'M' 'M'
 'M' 'U' 'M' 'M' 'M' 'M' 'M' 'M' 'M' 'M' 'U' 'M' 'M' 'M' 'M' 'M' 'M' 'M'
 'M' 'M' 'M' 'M' 'M' 'M' 'M' 'M' 'M' 'M' 'M' 'M' 'M' 'M' 'M' 'M' 'M' 'M'
 'M' 'M' 'M' 'M' 'M' 'M' 'M' 'M' 'M' 'M' 'M' 'M' 'M' 'M' 'M' 'M' 'M' 'U'
 'M' 'M' 'M' 'M' 'M' 'M' 'M' 'M' 'M' 'M' 'U' 'M' 'M' 'M' 'M' 'M' 'M' 'U'
 'M' 'M' 'M' 'M' 'M' 'M' 'M' 'M' 'M' 'M' 'M' 'M' 'M' 'M' 'M' 'M' 'M' 'M'
 'M' 'M' 'M' 'M' 'M' 'M' 'A' 'A' 'U' 'A' 'A' 'A' 'U' 'M' 'M' 'U' 'M' 'M'
 'M' 'M' 'M' 'M' 'M' 'M' 'M' 'M' 'M' 'M' 'M' 'M' 'M' 'M' 'M' 'M' 'M' 'M'
 'M' 'M' 'M' 'M' 'M' 'M' 'U' 'U' 'M' 'M' 'M' 'M' 'M' 'M' 'M' 'M' 'M' 'M'
 'M' 'M' 'M' 'M' 'U' 'M' 'M' 'M' 'M' 'M' 'M' 'M' 'U' 'M' 'M' 'M' 'M' 'M']"
39201,1,184,6,178,14,0,0,"['A' 'M' 'M' 'M' 'M' 'M' 'M' 'M' 'M' 'M' 'M' 'U' 'M' 'M' 'M' 'M' 'M' 'M'
 'M' 'M' 'M' 'M' 'M' 'U' 'M' 'M' 'M' 'M' 'M' 'M' 'M' 'M' 'M' 'U' 'M' 'M'
 'M' 'U' 'M' 'M' 'M' 'M' 'M' 'U' 'M' 'M' 'A' 'M' 'M' 'M' 'M' 'M' 'M' 'M'
 'M' 'M' 'M' 'M' 'M' 'M' 'M' 'M' 'M' 'M' 'M' 'M' 'U' 'M' 'M' 'M' 'M' 'M'
 'M' 'M' 'M' 'M' 'M' 'M' 'M' 'M' 'M' 'M' 'M' 'M' 'M' 'M' 'M' 'M' 'M' 'M'
 'M' 'M' 'M' 'M' 'M' 'M' 'M' 'M' 'M' 'M' 'M' 'M' 'M' 'M' 'M' 'M' 'M' 'U'
 'M' 'M' 'M' 'M' 'M' 'M' 'M' 'M' 'M' 'M' 'M' 'M' 'M' 'M' 'M' 'M' 'M' 'M'
 'M' 'M' 'M' 'M' 'M' 'M' 'A' 'A' 'U' 'A' 'A' 'M' 'U' 'M' 'M' 'U' 'M' 'M'
 'M' 'M' 'M' 'M' 'M' 'M' 'M' 'M' 'M' 'U' 'M' 'M' 'M' 'M' 'M' 'M' 'M' 'M'
 'M' 'M' 'M' 'U' 'M' 'M' 'U' 'U' 'M' 'M' 'M' 'M' 'M' 'M' 'M' 'M' 'M' 'M'
 'M' 'M' 'M' 'M' 'M' 'M' 'M' 'M' 'M' 'M' 'M' 'M' 'M' 'M' 'M' 'M' 'M' 'M']"
39301,0,184,8,176,14,0,0,"['A' 'M' 'M' 'M' 'M' 'M' 'M' 'M' 'M' 'M' 'M' 'U' 'M' 'M' 'M' 'M' 'M' 'M'
 'M' 'M' 'M' 'M' 'M' 'M' 'M' 'U' 'M' 'M' 'M' 'M' 'M' 'M' 'M' 'U' 'M' 'M'
 'M' 'U' 'M' 'M' 'M' 'M' 'M' 'U' 'M' 'M' 'U' 'M' 'M' 'M' 'M' 'U' 'M' 'M'
 'U' 'M' 'M' 'M' 'M' 'M' 'M' 'M' 'M' 'M' 'M' 'M' 'M' 'M' 'U' 'M' 'M' 'M'
 'M' 'M' 'M' 'M' 'M' 'M' 'M' 'M' 'M' 'M' 'M' 'M' 'M' 'M' 'M' 'M' 'M' 'M'
 'M' 'M' 'M' 'M' 'M' 'M' 'M' 'M' 'M' 'M' 'M' 'M' 'M' 'M' 'U' 'M' 'M' 'M'
 'M' 'M' 'M' 'M' 'M' 'M' 'M' 'M' 'M' 'M' 'M' 'M' 'M' 'M' 'M' 'M' 'M' 'M'
 'M' 'M' 'M' 'M' 'M' 'A' 'A' 'U' 'A' 'A' 'A' 'A' 'A' 'M' 'M' 'M' 'M' 'M'
 'M' 'M' 'M' 'M' 'M' 'M' 'M' 'M' 'M' 'U' 'M' 'M' 'M' 'M' 'M' 'M' 'M' 'M'
 'M' 'M' 'M' 'U' 'M' 'M' 'U' 'M' 'M' 'M' 'M' 'M' 'M' 'M' 'M' 'M' 'M' 'M'
 'M' 'M' 'M' 'M' 'M' 'M' 'M' 'M' 'M' 'M' 'M' 'M' 'M' 'M' 'M' 'M' 'M' 'M']"
39401,0,184,6,178,14,0,0,"['A' 'M' 'M' 'M' 'M' 'M' 'M' 'M' 'M' 'M' 'M' 'U' 'M' 'M' 'M' 'M' 'M' 'M'
 'M' 'M' 'M' 'M' 'M' 'M' 'M' 'M' 'M' 'M' 'M' 'M' 'M' 'M' 'M' 'U' 'M' 'M'
 'M' 'U' 'M' 'M' 'M' 'M' 'M' 'U' 'M' 'M' 'U' 'M' 'M' 'M' 'M' 'U' 'M' 'M'
 'M' 'U' 'M' 'M' 'M' 'M' 'M' 'M' 'M' 'M' 'M' 'M' 'M' 'M' 'M' 'M' 'M' 'M'
 'M' 'M' 'M' 'M' 'M' 'M' 'M' 'M' 'M' 'M' 'M' 'M' 'M' 'U' 'M' 'M' 'M' 'M'
 'M' 'M' 'M' 'M' 'M' 'M' 'M' 'M' 'M' 'M' 'M' 'M' 'M' 'M' 'M' 'M' 'M' 'M'
 'M' 'M' 'M' 'M' 'M' 'M' 'M' 'M' 'M' 'M' 'M' 'M' 'M' 'M' 'M' 'M' 'M' 'M'
 'M' 'M' 'M' 'M' 'M' 'U' 'A' 'U' 'A' 'U' 'A' 'A' 'A' 'M' 'M' 'M' 'M' 'M'
 'M' 'M' 'M' 'M' 'U' 'M' 'M' 'M' 'M' 'U' 'M' 'M' 'M' 'M' 'U' 'M' 'M' 'M'
 'M' 'M' 'M' 'M' 'M' 'M' 'M' 'M' 'M' 'M' 'M' 'M' 'M' 'M' 'M' 'M' 'M' 'M'
 'M' 'M' 'M' 'M' 'M' 'M' 'M' 'M' 'M' 'M' 'M' 'M' 'M' 'M' 'M' 'M' 'M' 'M']"
39501,1,186,9,177,12,0,0,"['A' 'M' 'M' 'M' 'M' 'M' 'M' 'M' 'M' 'M' 'M' 'U' 'M' 'M' 'M' 'M' 'M' 'M'
 'M' 'M' 'M' 'M' 'M' 'M' 'M' 'M' 'M' 'M' 'M' 'M' 'M' 'M' 'M' 'U' 'M' 'M'
 'M' 'M' 'M' 'M' 'M' 'M' 'M' 'U' 'M' 'M' 'U' 'M' 'M' 'M' 'M' 'U' 'M' 'M'
 'M' 'U' 'M' 'M' 'M' 'M' 'M' 'M' 'M' 'M' 'M' 'M' 'M' 'M' 'M' 'M' 'M' 'U'
 'M' 'M' 'M' 'M' 'M' 'M' 'M' 'M' 'M' 'M' 'M' 'M' 'M' 'M' 'M' 'M' 'M' 'M'
 'M' 'M' 'M' 'M' 'M' 'M' 'M' 'M' 'M' 'M' 'M' 'M' 'M' 'M' 'M' 'M' 'M' 'M'
 'M' 'M' 'U' 'M' 'M' 'M' 'M' 'M' 'M' 'M' 'M' 'M' 'M' 'M' 'M' 'M' 'M' 'M'
 'M' 'M' 'M' 'M' 'M' 'A' 'A' 'A' 'A' 'A' 'A' 'A' 'A' 'M' 'M' 'M' 'U' 'M'
 'M' 'M' 'U' 'M' 'M' 'M' 'M' 'M' 'M' 'M' 'M' 'M' 'M' 'M' 'U' 'M' 'M' 'M'
 'M' 'M' 'M' 'M' 'M' 'M' 'M' 'M' 'M' 'M' 'M' 'M' 'M' 'M' 'U' 'M' 'M' 'M'
 'M' 'M' 'M' 'M' 'M' 'M' 'M' 'M' 'M' 'M' 'M' 'M' 'M' 'M' 'M' 'M' 'M' 'M']"
39601,0,185,7,178,13,0,0,"['A' 'M' 'M' 'M' 'U' 'M' 'M' 'M' 'M' 'M' 'M' 'U' 'M' 'M' 'M' 'M' 'M' 'M'
 'M' 'M' 'M' 'M' 'M' 'M' 'M' 'M' 'M' 'M' 'M' 'M' 'M' 'M' 'M' 'U' 'M' 'M'
 'M' 'M' 'M' 'M' 'M' 'M' 'M' 'M' 'M' 'M' 'U' 'M' 'M' 'M' 'M' 'U' 'M' 'M'
 'M' 'U' 'M' 'M' 'M' 'M' 'M' 'M' 'M' 'M' 'M' 'M' 'M' 'M' 'M' 'M' 'M' 'M'
 'M' 'U' 'M' 'M' 'M' 'M' 'M' 'M' 'M' 'M' 'M' 'M' 'M' 'M' 'M' 'M' 'M' 'M'
 'M' 'M' 'M' 'M' 'M' 'M' 'M' 'M' 'M' 'M' 'M' 'M' 'M' 'M' 'M' 'U' 'M' 'M'
 'M' 'M' 'M' 'M' 'M' 'M' 'M' 'M' 'M' 'M' 'M' 'M' 'M' 'M' 'M' 'M' 'M' 'M'
 'M' 'M' 'M' 'M' 'M' 'A' 'A' 'U' 'A' 'A' 'A' 'U' 'A' 'M' 'M' 'M' 'M' 'M'
 'M' 'M' 'M' 'M' 'M' 'M' 'M' 'M' 'U' 'M' 'M' 'M' 'M' 'M' 'U' 'M' 'M' 'M'
 'M' 'M' 'M' 'M' 'M' 'M' 'M' 'M' 'M' 'M' 'M' 'U' 'M' 'M' 'M' 'M' 'M' 'M'
 'M' 'M' 'M' 'M' 'M' 'M' 'M' 'M' 'M' 'M' 'M' 'M' 'M' 'M' 'M' 'M' 'M' 'M']"
39701,0,187,7,180,11,0,0,"['A' 'M' 'M' 'M' 'U' 'M' 'M' 'M' 'M' 'M' 'M' 'M' 'M' 'M' 'M' 'M' 'U' 'M'
 'M' 'M' 'M' 'M' 'M' 'M' 'M' 'M' 'M' 'M' 'M' 'M' 'M' 'M' 'M' 'M' 'M' 'M'
 'M' 'M' 'M' 'M' 'M' 'M' 'U' 'M' 'M' 'M' 'U' 'M' 'M' 'M' 'M' 'U' 'M' 'M'
 'M' 'M' 'M' 'M' 'M' 'M' 'M' 'M' 'M' 'M' 'M' 'M' 'M' 'M' 'M' 'M' 'M' 'M'
 'M' 'M' 'U' 'M' 'M' 'M' 'M' 'M' 'M' 'M' 'M' 'M' 'M' 'M' 'M' 'M' 'M' 'M'
 'M' 'M' 'M' 'M' 'M' 'M' 'M' 'M' 'M' 'M' 'M' 'M' 'M' 'M' 'M' 'U' 'M' 'M'
 'M' 'M' 'M' 'M' 'M' 'M' 'M' 'M' 'M' 'M' 'M' 'M' 'M' 'M' 'M' 'M' 'M' 'M'
 'M' 'M' 'M' 'M' 'M' 'A' 'A' 'U' 'A' 'A' 'A' 'U' 'A' 'M' 'M' 'M' 'M' 'M'
 'M' 'M' 'M' 'U' 'M' 'M' 'M' 'M' 'M' 'M' 'M' 'M' 'M' 'M' 'M' 'M' 'M' 'M'
 'M' 'M' 'M' 'M' 'M' 'M' 'M' 'M' 'M' 'M' 'M' 'U' 'M' 'M' 'M' 'M' 'M' 'M'
 'M' 'M' 'M' 'M' 'M' 'M' 'M' 'M' 'M' 'M' 'M' 'M' 'M' 'M' 'M' 'M' 'M' 'M']"
39801,0,184,9,175,14,0,0,"['A' 'M' 'M' 'M' 'U' 'M' 'M' 'M' 'M' 'U' 'M' 'M' 'M' 'M' 'M' 'M' 'M' 'M'
 'M' 'M' 'M' 'M' 'M' 'M' 'M' 'M' 'M' 'M' 'U' 'U' 'M' 'M' 'M' 'M' 'M' 'M'
 'M' 'M' 'M' 'M' 'M' 'M' 'U' 'M' 'M' 'M' 'M' 'M' 'M' 'M' 'M' 'A' 'M' 'M'
 'M' 'M' 'M' 'M' 'M' 'M' 'M' 'M' 'M' 'M' 'M' 'M' 'M' 'M' 'M' 'M' 'M' 'M'
 'M' 'M' 'M' 'M' 'M' 'M' 'M' 'M' 'M' 'M' 'M' 'M' 'M' 'M' 'M' 'M' 'M' 'M'
 'M' 'M' 'M' 'U' 'M' 'M' 'M' 'M' 'M' 'M' 'M' 'M' 'M' 'M' 'M' 'U' 'M' 'M'
 'M' 'M' 'M' 'M' 'M' 'M' 'M' 'M' 'M' 'U' 'M' 'M' 'M' 'M' 'M' 'M' 'M' 'M'
 'U' 'M' 'M' 'M' 'M' 'A' 'A' 'A' 'A' 'A' 'A' 'U' 'A' 'M' 'M' 'M' 'M' 'M'
 'M' 'M' 'M' 'U' 'M' 'M' 'M' 'M' 'M' 'M' 'M' 'M' 'M' 'M' 'M' 'M' 'M' 'M'
 'M' 'M' 'U' 'M' 'M' 'M' 'M' 'M' 'M' 'U' 'M' 'M' 'M' 'M' 'M' 'M' 'M' 'M'
 'M' 'M' 'M' 'M' 'M' 'U' 'M' 'M' 'M' 'M' 'M' 'M' 'M' 'M' 'M' 'M' 'M' 'M']"
39901,0,187,8,179,11,0,0,"['A' 'M' 'M' 'M' 'M' 'M' 'M' 'M' 'M' 'M' 'M' 'M' 'M' 'M' 'M' 'M' 'M' 'M'
 'M' 'M' 'U' 'M' 'M' 'M' 'M' 'M' 'M' 'M' 'U' 'U' 'M' 'M' 'M' 'M' 'M' 'M'
 'M' 'M' 'M' 'M' 'M' 'M' 'U' 'M' 'M' 'M' 'M' 'M' 'M' 'M' 'M' 'A' 'M' 'M'
 'M' 'M' 'M' 'M' 'M' 'M' 'M' 'M' 'M' 'M' 'M' 'M' 'M' 'M' 'M' 'M' 'M' 'M'
 'M' 'M' 'M' 'M' 'M' 'M' 'M' 'M' 'M' 'M' 'M' 'M' 'M' 'M' 'M' 'U' 'M' 'M'
 'M' 'M' 'M' 'M' 'M' 'M' 'M' 'M' 'M' 'M' 'M' 'M' 'M' 'M' 'M' 'M' 'M' 'M'
 'M' 'M' 'M' 'M' 'M' 'M' 'M' 'M' 'M' 'U' 'M' 'M' 'M' 'M' 'M' 'M' 'U' 'M'
 'M' 'M' 'M' 'M' 'M' 'U' 'A' 'A' 'A' 'A' 'A' 'M' 'A' 'M' 'M' 'M' 'M' 'M'
 'M' 'M' 'M' 'U' 'M' 'M' 'M' 'M' 'M' 'M' 'M' 'M' 'M' 'M' 'M' 'M' 'U' 'M'
 'M' 'M' 'M' 'M' 'M' 'M' 'M' 'M' 'M' 'M' 'M' 'M' 'M' 'M' 'M' 'M' 'M' 'M'
 'M' 'M' 'M' 'M' 'M' 'U' 'M' 'M' 'M' 'M' 'M' 'M' 'M' 'M' 'M' 'M' 'M' 'M']"
40001,0,185,5,180,13,0,0,"['A' 'M' 'M' 'M' 'M' 'M' 'M' 'M' 'M' 'M' 'M' 'M' 'M' 'M' 'M' 'M' 'M' 'M'
 'M' 'M' 'U' 'M' 'M' 'M' 'M' 'M' 'M' 'M' 'M' 'M' 'M' 'M' 'M' 'M' 'M' 'M'
 'M' 'M' 'M' 'M' 'M' 'M' 'U' 'M' 'M' 'M' 'M' 'M' 'M' 'M' 'M' 'A' 'M' 'U'
 'M' 'M' 'M' 'M' 'M' 'M' 'M' 'M' 'M' 'M' 'M' 'M' 'M' 'M' 'M' 'M' 'M' 'M'
 'M' 'M' 'M' 'M' 'M' 'M' 'M' 'U' 'M' 'M' 'M' 'M' 'M' 'M' 'M' 'M' 'M' 'M'
 'M' 'M' 'M' 'M' 'M' 'M' 'M' 'M' 'M' 'M' 'M' 'M' 'M' 'M' 'M' 'M' 'M' 'M'
 'M' 'M' 'M' 'M' 'M' 'M' 'M' 'M' 'M' 'U' 'M' 'M' 'M' 'M' 'M' 'M' 'M' 'M'
 'U' 'M' 'M' 'M' 'U' 'U' 'U' 'A' 'A' 'A' 'U' 'M' 'U' 'M' 'M' 'M' 'M' 'M'
 'M' 'M' 'M' 'U' 'M' 'M' 'M' 'M' 'M' 'M' 'M' 'M' 'M' 'M' 'M' 'M' 'M' 'M'
 'M' 'M' 'M' 'M' 'M' 'M' 'M' 'M' 'M' 'M' 'M' 'M' 'M' 'M' 'M' 'M' 'M' 'M'
 'M' 'M' 'M' 'M' 'M' 'U' 'M' 'M' 'M' 'M' 'M' 'M' 'M' 'M' 'M' 'M' 'M' 'M']"
40101,0,187,7,180,11,0,0,"['A' 'M' 'M' 'M' 'M' 'M' 'M' 'M' 'M' 'M' 'M' 'M' 'M' 'M' 'M' 'M' 'M' 'M'
 'M' 'M' 'U' 'M' 'M' 'M' 'U' 'M' 'M' 'M' 'M' 'M' 'M' 'M' 'M' 'M' 'M' 'M'
 'M' 'M' 'M' 'M' 'M' 'M' 'M' 'M' 'M' 'M' 'M' 'M' 'M' 'M' 'M' 'A' 'M' 'U'
 'M' 'M' 'M' 'M' 'M' 'M' 'M' 'M' 'M' 'U' 'M' 'M' 'M' 'M' 'M' 'M' 'M' 'M'
 'M' 'M' 'M' 'M' 'M' 'M' 'M' 'M' 'U' 'M' 'M' 'M' 'M' 'M' 'M' 'M' 'M' 'M'
 'M' 'M' 'M' 'M' 'M' 'M' 'M' 'M' 'M' 'M' 'M' 'M' 'M' 'M' 'M' 'M' 'M' 'M'
 'M' 'M' 'M' 'M' 'M' 'M' 'M' 'M' 'M' 'M' 'M' 'M' 'M' 'M' 'M' 'M' 'M' 'U'
 'M' 'M' 'M' 'M' 'U' 'M' 'U' 'A' 'A' 'A' 'A' 'A' 'U' 'M' 'M' 'M' 'M' 'M'
 'M' 'M' 'M' 'U' 'M' 'M' 'M' 'M' 'M' 'M' 'M' 'M' 'M' 'M' 'M' 'M' 'M' 'M'
 'M' 'M' 'M' 'M' 'M' 'M' 'M' 'M' 'M' 'M' 'M' 'M' 'M' 'M' 'M' 'M' 'M' 'M'
 'M' 'M' 'M' 'M' 'M' 'M' 'M' 'M' 'M' 'M' 'U' 'M' 'M' 'M' 'M' 'M' 'M' 'M']"
40201,0,190,6,184,8,0,0,"['A' 'M' 'M' 'M' 'M' 'M' 'M' 'M' 'M' 'M' 'M' 'M' 'M' 'M' 'M' 'M' 'M' 'M'
 'M' 'M' 'U' 'M' 'M' 'M' 'U' 'M' 'M' 'M' 'M' 'M' 'M' 'M' 'M' 'M' 'M' 'M'
 'M' 'M' 'M' 'M' 'M' 'M' 'M' 'M' 'M' 'M' 'M' 'M' 'M' 'M' 'M' 'U' 'M' 'M'
 'M' 'M' 'M' 'M' 'M' 'M' 'M' 'M' 'M' 'U' 'M' 'M' 'M' 'M' 'M' 'M' 'M' 'M'
 'M' 'M' 'M' 'M' 'M' 'M' 'M' 'M' 'M' 'M' 'M' 'M' 'M' 'M' 'M' 'M' 'U' 'M'
 'M' 'M' 'M' 'M' 'M' 'M' 'M' 'M' 'M' 'M' 'M' 'M' 'M' 'M' 'M' 'M' 'M' 'M'
 'M' 'M' 'M' 'M' 'M' 'M' 'M' 'M' 'M' 'M' 'M' 'M' 'M' 'M' 'M' 'M' 'M' 'M'
 'M' 'M' 'M' 'M' 'M' 'M' 'A' 'A' 'A' 'A' 'A' 'U' 'U' 'M' 'M' 'M' 'M' 'M'
 'M' 'M' 'M' 'U' 'M' 'M' 'M' 'M' 'M' 'M' 'M' 'M' 'M' 'M' 'M' 'M' 'M' 'M'
 'M' 'M' 'M' 'M' 'M' 'M' 'M' 'M' 'M' 'M' 'M' 'M' 'M' 'M' 'M' 'M' 'M' 'M'
 'M' 'M' 'M' 'M' 'M' 'M' 'M' 'M' 'M' 'M' 'M' 'M' 'M' 'M' 'M' 'M' 'M' 'M']"
40301,0,188,9,179,10,0,0,"['A' 'M' 'M' 'M' 'M' 'M' 'M' 'M' 'M' 'U' 'M' 'M' 'M' 'M' 'M' 'M' 'M' 'M'
 'M' 'M' 'M' 'M' 'M' 'M' 'U' 'M' 'M' 'M' 'M' 'M' 'M' 'M' 'M' 'M' 'M' 'M'
 'M' 'M' 'M' 'M' 'M' 'M' 'M' 'M' 'M' 'M' 'M' 'M' 'M' 'U' 'M' 'U' 'M' 'M'
 'M' 'M' 'M' 'M' 'M' 'M' 'M' 'M' 'M' 'M' 'M' 'M' 'M' 'M' 'M' 'U' 'M' 'M'
 'M' 'M' 'M' 'M' 'M' 'M' 'M' 'M' 'M' 'M' 'M' 'M' 'M' 'M' 'M' 'M' 'M' 'M'
 'M' 'M' 'M' 'M' 'M' 'M' 'M' 'M' 'M' 'M' 'M' 'M' 'M' 'M' 'M' 'M' 'M' 'M'
 'M' 'M' 'M' 'M' 'M' 'M' 'M' 'M' 'M' 'M' 'M' 'M' 'M' 'M' 'M' 'M' 'M' 'M'
 'M' 'M' 'M' 'M' 'M' 'A' 'A' 'A' 'A' 'A' 'A' 'A' 'A' 'M' 'M' 'U' 'M' 'M'
 'M' 'M' 'M' 'U' 'M' 'M' 'M' 'M' 'M' 'M' 'M' 'M' 'M' 'M' 'M' 'M' 'M' 'M'
 'M' 'M' 'M' 'M' 'M' 'M' 'M' 'M' 'M' 'U' 'M' 'M' 'M' 'M' 'M' 'M' 'M' 'M'
 'M' 'M' 'M' 'M' 'U' 'M' 'M' 'M' 'M' 'M' 'M' 'M' 'M' 'M' 'M' 'M' 'M' 'U']"
40401,0,186,9,177,12,1,0,"['A' 'M' 'M' 'M' 'M' 'M' 'M' 'M' 'M' 'U' 'M' 'M' 'M' 'M' 'M' 'M' 'M' 'M'
 'M' 'M' 'M' 'M' 'M' 'M' 'U' 'M' 'M' 'M' 'M' 'M' 'M' 'M' 'M' 'M' 'M' 'M'
 'M' 'U' 'M' 'M' 'M' 'M' 'M' 'M' 'M' 'M' 'M' 'M' 'M' 'M' 'M' 'M' 'M' 'M'
 'M' 'M' 'M' 'M' 'M' 'M' 'M' 'M' 'M' 'M' 'M' 'M' 'U' 'M' 'M' 'M' 'M' 'M'
 'M' 'M' 'M' 'M' 'M' 'M' 'M' 'M' 'M' 'M' 'M' 'M' 'M' 'M' 'M' 'M' 'M' 'M'
 'M' 'M' 'M' 'M' 'M' 'M' 'M' 'M' 'M' 'M' 'M' 'M' 'M' 'M' 'M' 'M' 'M' 'M'
 'M' 'M' 'U' 'M' 'M' 'M' 'M' 'M' 'M' 'M' 'M' 'M' 'M' 'M' 'M' 'M' 'M' 'M'
 'M' 'M' 'M' 'M' 'M' 'A' 'A' 'A' 'A' 'A' 'A' 'A' 'A' 'M' 'M' 'M' 'U' 'M'
 'M' 'M' 'M' 'U' 'M' 'M' 'M' 'M' 'M' 'M' 'M' 'M' 'M' 'M' 'M' 'M' 'M' 'M'
 'M' 'M' 'M' 'M' 'M' 'M' 'M' 'M' 'M' 'U' 'M' 'M' 'M' 'U' 'M' 'M' 'M' 'M'
 'M' 'M' 'U' 'M' 'M' 'M' 'M' 'M' 'M' 'M' 'M' 'U' 'M' 'M' 'M' 'M' 'M' 'U']"
40501,0,188,5,183,10,0,0,"['A' 'M' 'M' 'M' 'M' 'M' 'M' 'M' 'M' 'U' 'M' 'M' 'M' 'M' 'M' 'M' 'M' 'M'
 'M' 'M' 'M' 'M' 'M' 'M' 'U' 'M' 'M' 'M' 'M' 'M' 'M' 'M' 'M' 'M' 'M' 'M'
 'M' 'M' 'M' 'M' 'M' 'M' 'M' 'M' 'M' 'M' 'M' 'M' 'M' 'M' 'M' 'M' 'M' 'M'
 'M' 'M' 'M' 'M' 'M' 'M' 'M' 'M' 'M' 'M' 'M' 'M' 'M' 'M' 'M' 'M' 'U' 'M'
 'M' 'M' 'M' 'M' 'M' 'M' 'M' 'M' 'M' 'M' 'M' 'M' 'M' 'M' 'M' 'M' 'M' 'M'
 'M' 'M' 'M' 'M' 'M' 'M' 'M' 'M' 'M' 'M' 'M' 'M' 'M' 'M' 'M' 'M' 'M' 'M'
 'M' 'M' 'M' 'M' 'M' 'M' 'M' 'M' 'M' 'M' 'M' 'M' 'M' 'M' 'M' 'M' 'M' 'M'
 'M' 'M' 'M' 'M' 'M' 'A' 'U' 'U' 'U' 'A' 'U' 'A' 'A' 'M' 'M' 'M' 'U' 'M'
 'M' 'M' 'M' 'M' 'M' 'M' 'M' 'M' 'M' 'M' 'M' 'M' 'M' 'M' 'M' 'M' 'M' 'M'
 'M' 'M' 'M' 'M' 'M' 'M' 'M' 'M' 'M' 'M' 'M' 'M' 'M' 'U' 'M' 'M' 'M' 'M'
 'M' 'M' 'U' 'M' 'M' 'M' 'M' 'M' 'M' 'M' 'M' 'M' 'M' 'M' 'M' 'M' 'M' 'M']"
40601,0,191,9,182,7,0,0,"['A' 'M' 'M' 'M' 'M' 'M' 'M' 'M' 'M' 'U' 'M' 'M' 'M' 'M' 'M' 'M' 'M' 'M'
 'M' 'M' 'M' 'M' 'M' 'M' 'U' 'U' 'M' 'M' 'M' 'M' 'M' 'M' 'M' 'M' 'M' 'M'
 'M' 'M' 'M' 'M' 'M' 'M' 'M' 'M' 'M' 'M' 'M' 'M' 'M' 'M' 'M' 'M' 'M' 'M'
 'M' 'M' 'M' 'M' 'M' 'M' 'U' 'M' 'M' 'M' 'M' 'M' 'M' 'M' 'M' 'U' 'M' 'M'
 'M' 'M' 'M' 'M' 'M' 'M' 'M' 'M' 'M' 'M' 'M' 'M' 'M' 'M' 'M' 'M' 'M' 'M'
 'M' 'M' 'M' 'M' 'M' 'M' 'M' 'M' 'M' 'M' 'M' 'M' 'M' 'M' 'M' 'M' 'M' 'M'
 'M' 'M' 'M' 'M' 'M' 'M' 'M' 'M' 'M' 'M' 'M' 'M' 'M' 'M' 'M' 'M' 'M' 'M'
 'M' 'M' 'M' 'M' 'M' 'A' 'A' 'A' 'A' 'A' 'A' 'A' 'A' 'M' 'M' 'M' 'U' 'M'
 'M' 'M' 'M' 'M' 'M' 'M' 'M' 'M' 'M' 'M' 'M' 'M' 'M' 'M' 'M' 'M' 'M' 'M'
 'M' 'M' 'M' 'M' 'M' 'M' 'M' 'U' 'M' 'M' 'M' 'M' 'M' 'M' 'M' 'M' 'M' 'M'
 'M' 'M' 'M' 'M' 'M' 'M' 'M' 'M' 'M' 'M' 'M' 'M' 'M' 'M' 'M' 'M' 'M' 'M']"
40701,0,184,7,177,14,0,1,"['A' 'M' 'M' 'M' 'M' 'M' 'M' 'M' 'M' 'U' 'M' 'M' 'M' 'M' 'M' 'M' 'M' 'M'
 'M' 'M' 'M' 'M' 'M' 'M' 'U' 'U' 'M' 'U' 'U' 'M' 'M' 'M' 'U' 'M' 'M' 'M'
 'M' 'M' 'M' 'U' 'M' 'M' 'M' 'M' 'M' 'M' 'M' 'M' 'M' 'M' 'M' 'M' 'M' 'M'
 'M' 'M' 'M' 'M' 'M' 'M' 'U' 'M' 'M' 'M' 'M' 'M' 'M' 'M' 'M' 'M' 'M' 'M'
 'M' 'M' 'M' 'M' 'M' 'M' 'M' 'M' 'U' 'M' 'M' 'M' 'M' 'M' 'M' 'M' 'M' 'M'
 'M' 'M' 'M' 'M' 'M' 'M' 'M' 'M' 'M' 'M' 'M' 'M' 'M' 'M' 'M' 'M' 'M' 'M'
 'M' 'M' 'M' 'M' 'M' 'M' 'M' 'U' 'M' 'M' 'M' 'M' 'M' 'M' 'U' 'M' 'M' 'M'
 'M' 'M' 'M' 'M' 'M' 'A' 'M' 'A' 'A' 'A' 'U' 'A' 'A' 'M' 'M' 'M' 'U' 'M'
 'M' 'M' 'M' 'M' 'M' 'M' 'M' 'M' 'M' 'M' 'M' 'M' 'M' 'M' 'M' 'M' 'M' 'M'
 'M' 'M' 'M' 'M' 'M' 'M' 'M' 'M' 'M' 'M' 'M' 'M' 'M' 'M' 'M' 'M' 'M' 'M'
 'M' 'M' 'M' 'M' 'M' 'M' 'M' 'U' 'M' 'M' 'M' 'M' 'M' 'M' 'M' 'M' 'M' 'M']"
40801,0,187,6,181,11,0,0,"['A' 'M' 'M' 'M' 'M' 'U' 'M' 'M' 'M' 'M' 'M' 'M' 'M' 'M' 'M' 'M' 'M' 'M'
 'M' 'M' 'M' 'M' 'M' 'M' 'M' 'M' 'M' 'M' 'U' 'M' 'M' 'M' 'M' 'M' 'M' 'M'
 'M' 'M' 'M' 'M' 'M' 'M' 'M' 'M' 'M' 'M' 'M' 'M' 'M' 'M' 'M' 'M' 'M' 'M'
 'M' 'M' 'M' 'M' 'M' 'M' 'U' 'M' 'U' 'M' 'M' 'M' 'M' 'M' 'M' 'M' 'M' 'M'
 'M' 'M' 'M' 'M' 'M' 'M' 'M' 'M' 'M' 'M' 'M' 'M' 'M' 'M' 'M' 'M' 'U' 'M'
 'M' 'M' 'M' 'M' 'M' 'M' 'M' 'M' 'M' 'M' 'U' 'M' 'M' 'M' 'M' 'M' 'M' 'M'
 'M' 'M' 'M' 'M' 'M' 'M' 'M' 'M' 'M' 'M' 'M' 'M' 'M' 'M' 'U' 'M' 'U' 'M'
 'M' 'M' 'M' 'M' 'M' 'A' 'M' 'A' 'A' 'A' 'U' 'A' 'U' 'M' 'M' 'M' 'M' 'M'
 'M' 'M' 'M' 'U' 'M' 'M' 'M' 'M' 'M' 'M' 'M' 'M' 'M' 'M' 'M' 'M' 'M' 'M'
 'M' 'M' 'M' 'M' 'M' 'M' 'M' 'M' 'M' 'M' 'M' 'M' 'M' 'M' 'M' 'M' 'M' 'M'
 'M' 'M' 'M' 'M' 'M' 'M' 'M' 'M' 'M' 'M' 'M' 'M' 'M' 'M' 'M' 'M' 'M' 'M']"
40901,0,191,9,182,7,0,0,"['A' 'M' 'M' 'M' 'M' 'M' 'M' 'M' 'M' 'M' 'M' 'M' 'M' 'M' 'M' 'M' 'M' 'M'
 'M' 'M' 'M' 'M' 'M' 'M' 'U' 'M' 'M' 'M' 'U' 'M' 'M' 'M' 'M' 'M' 'M' 'M'
 'M' 'M' 'M' 'M' 'M' 'M' 'M' 'M' 'M' 'M' 'M' 'M' 'M' 'M' 'M' 'M' 'M' 'M'
 'M' 'M' 'M' 'M' 'M' 'M' 'U' 'M' 'M' 'M' 'M' 'M' 'M' 'M' 'M' 'M' 'M' 'M'
 'M' 'M' 'M' 'M' 'M' 'M' 'M' 'M' 'M' 'M' 'M' 'M' 'M' 'M' 'U' 'M' 'M' 'M'
 'M' 'M' 'M' 'M' 'M' 'M' 'M' 'M' 'M' 'M' 'U' 'M' 'M' 'M' 'M' 'M' 'M' 'M'
 'M' 'M' 'M' 'M' 'M' 'M' 'M' 'M' 'M' 'M' 'M' 'M' 'M' 'M' 'M' 'M' 'U' 'M'
 'M' 'M' 'M' 'M' 'M' 'A' 'A' 'A' 'A' 'A' 'A' 'A' 'A' 'M' 'M' 'M' 'M' 'M'
 'M' 'M' 'M' 'M' 'M' 'M' 'M' 'M' 'M' 'M' 'M' 'M' 'M' 'M' 'M' 'M' 'M' 'U'
 'M' 'M' 'M' 'M' 'M' 'M' 'M' 'M' 'M' 'M' 'M' 'M' 'M' 'M' 'M' 'M' 'M' 'M'
 'M' 'M' 'M' 'M' 'M' 'M' 'M' 'M' 'M' 'M' 'M' 'M' 'M' 'M' 'M' 'M' 'M' 'M']"
41001,0,190,7,183,8,0,0,"['A' 'M' 'M' 'M' 'M' 'M' 'M' 'M' 'M' 'M' 'M' 'M' 'M' 'M' 'M' 'M' 'M' 'M'
 'M' 'M' 'M' 'M' 'M' 'M' 'U' 'M' 'M' 'M' 'M' 'M' 'M' 'M' 'M' 'M' 'M' 'M'
 'M' 'M' 'M' 'M' 'M' 'M' 'M' 'M' 'M' 'M' 'M' 'M' 'M' 'M' 'M' 'M' 'M' 'M'
 'M' 'M' 'M' 'M' 'M' 'M' 'U' 'M' 'M' 'M' 'M' 'M' 'M' 'M' 'M' 'M' 'M' 'M'
 'M' 'M' 'M' 'M' 'M' 'M' 'M' 'M' 'M' 'M' 'U' 'M' 'M' 'M' 'M' 'M' 'M' 'M'
 'M' 'M' 'M' 'M' 'M' 'M' 'M' 'M' 'M' 'M' 'U' 'M' 'M' 'M' 'M' 'M' 'M' 'M'
 'M' 'M' 'M' 'M' 'M' 'M' 'M' 'M' 'M' 'M' 'M' 'M' 'M' 'M' 'M' 'M' 'U' 'M'
 'M' 'U' 'M' 'M' 'M' 'U' 'A' 'A' 'A' 'A' 'U' 'A' 'A' 'M' 'M' 'M' 'M' 'M'
 'M' 'M' 'M' 'M' 'M' 'M' 'M' 'M' 'M' 'M' 'M' 'M' 'M' 'M' 'M' 'M' 'M' 'M'
 'M' 'M' 'M' 'M' 'M' 'M' 'M' 'M' 'M' 'M' 'M' 'M' 'M' 'M' 'M' 'M' 'M' 'M'
 'M' 'M' 'M' 'M' 'M' 'M' 'M' 'M' 'M' 'M' 'M' 'M' 'M' 'M' 'M' 'M' 'M' 'M']"
41101,0,183,6,177,15,0,0,"['A' 'M' 'M' 'M' 'U' 'M' 'M' 'M' 'M' 'M' 'M' 'M' 'M' 'M' 'M' 'M' 'M' 'M'
 'M' 'M' 'M' 'M' 'U' 'M' 'U' 'M' 'M' 'M' 'M' 'M' 'M' 'M' 'M' 'M' 'M' 'M'
 'M' 'M' 'M' 'M' 'M' 'M' 'M' 'M' 'M' 'M' 'M' 'M' 'M' 'M' 'M' 'U' 'M' 'M'
 'M' 'M' 'M' 'U' 'M' 'M' 'U' 'M' 'M' 'M' 'M' 'M' 'M' 'M' 'M' 'M' 'M' 'M'
 'M' 'M' 'U' 'M' 'M' 'M' 'M' 'M' 'M' 'M' 'M' 'M' 'M' 'M' 'M' 'M' 'M' 'M'
 'M' 'M' 'M' 'M' 'M' 'M' 'M' 'M' 'M' 'M' 'M' 'M' 'M' 'M' 'M' 'M' 'M' 'M'
 'M' 'U' 'M' 'M' 'M' 'M' 'M' 'M' 'M' 'M' 'M' 'M' 'M' 'M' 'M' 'M' 'U' 'M'
 'M' 'M' 'U' 'M' 'M' 'A' 'A' 'U' 'U' 'A' 'A' 'U' 'A' 'M' 'M' 'M' 'M' 'M'
 'M' 'M' 'M' 'M' 'M' 'M' 'M' 'M' 'M' 'M' 'M' 'M' 'M' 'M' 'M' 'U' 'M' 'M'
 'M' 'M' 'M' 'M' 'M' 'M' 'M' 'M' 'M' 'M' 'M' 'M' 'M' 'M' 'U' 'M' 'M' 'M'
 'M' 'M' 'M' 'M' 'M' 'M' 'M' 'M' 'M' 'M' 'M' 'M' 'M' 'M' 'M' 'M' 'M' 'M']"
41201,1,183,5,178,15,1,0,"['A' 'M' 'M' 'M' 'U' 'M' 'M' 'U' 'M' 'M' 'M' 'M' 'M' 'M' 'M' 'M' 'M' 'M'
 'M' 'M' 'M' 'M' 'U' 'M' 'M' 'M' 'M' 'M' 'M' 'M' 'M' 'M' 'M' 'M' 'M' 'M'
 'M' 'M' 'M' 'M' 'M' 'M' 'M' 'M' 'M' 'M' 'M' 'M' 'M' 'M' 'M' 'U' 'M' 'M'
 'M' 'M' 'M' 'U' 'M' 'M' 'M' 'M' 'M' 'M' 'M' 'M' 'M' 'M' 'M' 'M' 'M' 'M'
 'U' 'M' 'M' 'M' 'M' 'M' 'M' 'M' 'M' 'M' 'M' 'M' 'M' 'M' 'M' 'M' 'M' 'M'
 'M' 'M' 'M' 'M' 'M' 'M' 'M' 'M' 'M' 'M' 'M' 'M' 'M' 'M' 'M' 'M' 'M' 'U'
 'M' 'U' 'M' 'M' 'M' 'M' 'M' 'M' 'M' 'M' 'M' 'M' 'M' 'M' 'M' 'M' 'M' 'M'
 'M' 'M' 'U' 'M' 'M' 'A' 'A' 'A' 'M' 'U' 'M' 'U' 'A' 'M' 'M' 'M' 'M' 'M'
 'M' 'M' 'M' 'M' 'M' 'M' 'M' 'M' 'M' 'M' 'M' 'M' 'M' 'M' 'U' 'U' 'M' 'M'
 'M' 'M' 'M' 'M' 'M' 'M' 'M' 'M' 'M' 'M' 'M' 'M' 'M' 'M' 'U' 'M' 'M' 'M'
 'M' 'M' 'M' 'M' 'M' 'M' 'M' 'M' 'M' 'U' 'M' 'M' 'M' 'M' 'M' 'M' 'M' 'M']"
41301,0,187,8,179,11,0,0,"['A' 'M' 'M' 'M' 'M' 'M' 'M' 'U' 'M' 'M' 'M' 'M' 'M' 'M' 'M' 'M' 'M' 'M'
 'M' 'M' 'M' 'M' 'U' 'M' 'M' 'M' 'M' 'M' 'M' 'M' 'M' 'M' 'M' 'M' 'M' 'M'
 'M' 'M' 'M' 'M' 'M' 'M' 'M' 'M' 'M' 'M' 'M' 'M' 'M' 'M' 'M' 'U' 'M' 'M'
 'M' 'M' 'M' 'U' 'M' 'M' 'M' 'M' 'M' 'M' 'M' 'M' 'M' 'M' 'M' 'M' 'M' 'M'
 'M' 'M' 'M' 'M' 'M' 'M' 'M' 'M' 'M' 'M' 'M' 'M' 'M' 'M' 'M' 'M' 'M' 'U'
 'M' 'M' 'M' 'M' 'M' 'M' 'M' 'M' 'M' 'M' 'M' 'M' 'M' 'M' 'M' 'M' 'M' 'U'
 'M' 'U' 'M' 'M' 'M' 'M' 'M' 'M' 'M' 'M' 'M' 'M' 'M' 'M' 'M' 'M' 'M' 'M'
 'M' 'M' 'U' 'M' 'M' 'A' 'A' 'A' 'U' 'A' 'A' 'A' 'A' 'M' 'M' 'M' 'M' 'M'
 'M' 'M' 'M' 'M' 'M' 'M' 'M' 'M' 'M' 'M' 'M' 'M' 'M' 'M' 'M' 'U' 'M' 'M'
 'M' 'M' 'M' 'M' 'M' 'M' 'M' 'M' 'M' 'M' 'M' 'M' 'M' 'M' 'M' 'M' 'M' 'M'
 'M' 'M' 'M' 'M' 'M' 'M' 'M' 'M' 'M' 'U' 'M' 'M' 'M' 'M' 'M' 'M' 'M' 'M']"
41401,1,188,8,180,10,0,1,"['A' 'M' 'M' 'M' 'M' 'M' 'M' 'U' 'M' 'M' 'M' 'M' 'M' 'M' 'M' 'M' 'M' 'M'
 'M' 'M' 'M' 'M' 'U' 'M' 'M' 'M' 'M' 'U' 'M' 'M' 'M' 'M' 'M' 'M' 'M' 'M'
 'M' 'M' 'M' 'M' 'M' 'M' 'M' 'M' 'M' 'M' 'M' 'M' 'M' 'M' 'M' 'U' 'M' 'M'
 'M' 'M' 'M' 'U' 'M' 'M' 'M' 'M' 'M' 'M' 'M' 'M' 'M' 'M' 'M' 'M' 'M' 'M'
 'M' 'M' 'M' 'M' 'M' 'M' 'M' 'M' 'U' 'M' 'M' 'M' 'M' 'M' 'M' 'M' 'M' 'M'
 'M' 'M' 'M' 'M' 'M' 'M' 'M' 'M' 'M' 'M' 'M' 'M' 'M' 'M' 'M' 'M' 'M' 'M'
 'M' 'M' 'M' 'M' 'M' 'M' 'M' 'M' 'M' 'M' 'M' 'M' 'M' 'M' 'M' 'M' 'M' 'M'
 'M' 'M' 'M' 'M' 'M' 'A' 'A' 'A' 'U' 'A' 'A' 'A' 'A' 'M' 'M' 'U' 'M' 'M'
 'M' 'M' 'M' 'M' 'M' 'M' 'M' 'M' 'M' 'M' 'M' 'M' 'M' 'M' 'M' 'U' 'M' 'M'
 'M' 'M' 'M' 'M' 'M' 'M' 'M' 'M' 'M' 'M' 'M' 'M' 'M' 'M' 'M' 'M' 'M' 'M'
 'M' 'M' 'M' 'M' 'M' 'M' 'M' 'M' 'M' 'U' 'M' 'M' 'M' 'M' 'M' 'M' 'M' 'M']"
41501,1,188,6,182,10,0,0,"['A' 'M' 'M' 'M' 'M' 'M' 'M' 'U' 'U' 'M' 'M' 'M' 'M' 'M' 'M' 'M' 'M' 'M'
 'M' 'M' 'M' 'M' 'M' 'M' 'M' 'M' 'M' 'M' 'M' 'M' 'M' 'M' 'M' 'M' 'M' 'M'
 'M' 'U' 'M' 'M' 'M' 'M' 'M' 'M' 'M' 'M' 'M' 'M' 'M' 'M' 'M' 'M' 'M' 'M'
 'M' 'M' 'M' 'U' 'M' 'M' 'M' 'M' 'M' 'M' 'M' 'M' 'M' 'M' 'U' 'M' 'M' 'M'
 'M' 'M' 'M' 'M' 'M' 'M' 'M' 'M' 'M' 'M' 'M' 'M' 'M' 'M' 'M' 'M' 'M' 'M'
 'M' 'M' 'M' 'M' 'M' 'M' 'M' 'M' 'M' 'M' 'M' 'M' 'M' 'M' 'M' 'M' 'M' 'M'
 'M' 'M' 'M' 'M' 'M' 'M' 'M' 'M' 'M' 'M' 'M' 'M' 'M' 'M' 'M' 'M' 'M' 'M'
 'M' 'M' 'M' 'M' 'M' 'A' 'A' 'A' 'U' 'U' 'U' 'A' 'A' 'M' 'M' 'U' 'M' 'M'
 'M' 'M' 'M' 'M' 'M' 'M' 'M' 'M' 'M' 'M' 'M' 'M' 'M' 'M' 'M' 'M' 'M' 'M'
 'M' 'M' 'M' 'M' 'M' 'M' 'M' 'M' 'M' 'M' 'M' 'M' 'M' 'M' 'M' 'M' 'M' 'M'
 'M' 'M' 'M' 'M' 'M' 'M' 'M' 'M' 'M' 'M' 'M' 'M' 'M' 'M' 'M' 'M' 'U' 'M']"
41601,0,186,8,178,12,0,0,"['A' 'M' 'M' 'M' 'M' 'M' 'M' 'M' 'U' 'M' 'M' 'M' 'M' 'M' 'M' 'M' 'M' 'M'
 'M' 'M' 'M' 'M' 'M' 'M' 'M' 'M' 'M' 'M' 'M' 'M' 'M' 'U' 'M' 'M' 'M' 'M'
 'M' 'U' 'M' 'M' 'M' 'M' 'M' 'M' 'M' 'M' 'M' 'M' 'M' 'M' 'M' 'M' 'M' 'M'
 'U' 'M' 'M' 'U' 'M' 'M' 'M' 'M' 'M' 'M' 'U' 'M' 'M' 'M' 'M' 'M' 'U' 'M'
 'M' 'M' 'M' 'M' 'M' 'M' 'M' 'M' 'M' 'M' 'M' 'M' 'M' 'M' 'M' 'M' 'M' 'M'
 'M' 'M' 'M' 'M' 'M' 'M' 'M' 'M' 'M' 'M' 'M' 'U' 'M' 'M' 'M' 'M' 'M' 'M'
 'M' 'M' 'M' 'M' 'M' 'M' 'M' 'M' 'M' 'M' 'M' 'M' 'M' 'M' 'M' 'M' 'M' 'M'
 'M' 'M' 'M' 'M' 'M' 'A' 'U' 'A' 'A' 'A' 'A' 'A' 'A' 'M' 'M' 'U' 'M' 'M'
 'M' 'M' 'M' 'M' 'M' 'M' 'M' 'M' 'M' 'M' 'M' 'M' 'M' 'M' 'M' 'M' 'M' 'M'
 'M' 'U' 'M' 'M' 'M' 'M' 'M' 'M' 'M' 'M' 'M' 'M' 'M' 'M' 'M' 'M' 'M' 'M'
 'M' 'M' 'M' 'M' 'M' 'M' 'M' 'M' 'M' 'M' 'M' 'U' 'M' 'M' 'M' 'M' 'M' 'M']"
41701,3,182,8,174,16,0,0,"['A' 'M' 'M' 'M' 'M' 'M' 'M' 'M' 'U' 'M' 'M' 'U' 'M' 'M' 'M' 'M' 'M' 'M'
 'M' 'M' 'M' 'M' 'M' 'U' 'U' 'M' 'M' 'M' 'M' 'M' 'M' 'M' 'M' 'M' 'M' 'M'
 'M' 'U' 'M' 'M' 'M' 'M' 'M' 'M' 'M' 'U' 'M' 'M' 'M' 'M' 'M' 'M' 'M' 'M'
 'U' 'M' 'M' 'U' 'M' 'M' 'M' 'M' 'M' 'M' 'U' 'M' 'M' 'M' 'M' 'U' 'M' 'M'
 'M' 'M' 'M' 'M' 'M' 'M' 'M' 'M' 'M' 'M' 'M' 'M' 'M' 'M' 'M' 'M' 'M' 'M'
 'M' 'M' 'M' 'M' 'M' 'M' 'M' 'M' 'M' 'M' 'M' 'U' 'M' 'M' 'M' 'M' 'M' 'M'
 'M' 'U' 'M' 'M' 'M' 'M' 'M' 'M' 'M' 'M' 'M' 'M' 'M' 'M' 'M' 'M' 'M' 'M'
 'M' 'M' 'M' 'M' 'M' 'A' 'U' 'A' 'A' 'A' 'A' 'A' 'A' 'M' 'M' 'M' 'M' 'M'
 'M' 'M' 'M' 'M' 'M' 'M' 'M' 'M' 'M' 'M' 'M' 'M' 'M' 'M' 'M' 'M' 'M' 'M'
 'M' 'U' 'M' 'M' 'M' 'M' 'M' 'M' 'U' 'M' 'M' 'M' 'M' 'M' 'M' 'M' 'M' 'M'
 'M' 'M' 'M' 'M' 'M' 'M' 'M' 'M' 'M' 'M' 'M' 'U' 'M' 'M' 'M' 'M' 'M' 'M']"
41801,0,184,8,176,14,0,0,"['A' 'M' 'M' 'M' 'M' 'M' 'M' 'M' 'M' 'M' 'M' 'U' 'M' 'M' 'M' 'M' 'M' 'M'
 'M' 'M' 'M' 'M' 'M' 'M' 'M' 'M' 'M' 'M' 'M' 'M' 'M' 'M' 'M' 'M' 'M' 'M'
 'M' 'M' 'M' 'M' 'M' 'M' 'M' 'M' 'M' 'U' 'M' 'M' 'M' 'U' 'M' 'M' 'M' 'M'
 'U' 'M' 'M' 'U' 'M' 'M' 'M' 'M' 'M' 'M' 'M' 'M' 'M' 'M' 'M' 'M' 'M' 'M'
 'M' 'M' 'M' 'M' 'M' 'M' 'M' 'M' 'M' 'M' 'M' 'M' 'M' 'M' 'U' 'M' 'M' 'M'
 'M' 'M' 'M' 'M' 'M' 'U' 'M' 'M' 'M' 'M' 'M' 'M' 'M' 'M' 'M' 'M' 'M' 'M'
 'M' 'U' 'M' 'M' 'M' 'M' 'M' 'M' 'M' 'M' 'U' 'M' 'M' 'M' 'M' 'M' 'M' 'M'
 'M' 'M' 'M' 'M' 'M' 'A' 'A' 'A' 'A' 'A' 'U' 'A' 'A' 'M' 'M' 'M' 'M' 'M'
 'M' 'M' 'M' 'M' 'M' 'M' 'M' 'M' 'U' 'M' 'M' 'M' 'M' 'M' 'M' 'M' 'M' 'M'
 'M' 'U' 'M' 'M' 'M' 'M' 'M' 'M' 'U' 'M' 'M' 'M' 'M' 'M' 'M' 'M' 'M' 'M'
 'M' 'M' 'M' 'M' 'M' 'M' 'M' 'M' 'M' 'M' 'M' 'U' 'M' 'M' 'M' 'M' 'M' 'M']"
41901,0,182,7,175,16,0,1,"['A' 'M' 'M' 'M' 'M' 'M' 'M' 'M' 'M' 'M' 'M' 'U' 'M' 'M' 'M' 'M' 'M' 'M'
 'M' 'M' 'M' 'M' 'M' 'M' 'M' 'M' 'M' 'M' 'M' 'M' 'M' 'M' 'M' 'M' 'M' 'M'
 'M' 'M' 'M' 'M' 'M' 'M' 'M' 'M' 'M' 'U' 'M' 'M' 'M' 'U' 'M' 'M' 'M' 'M'
 'U' 'M' 'M' 'M' 'M' 'M' 'M' 'M' 'M' 'M' 'M' 'M' 'M' 'M' 'M' 'M' 'M' 'U'
 'M' 'M' 'M' 'M' 'M' 'M' 'M' 'M' 'M' 'M' 'M' 'M' 'M' 'M' 'M' 'M' 'M' 'M'
 'M' 'M' 'M' 'M' 'M' 'U' 'M' 'M' 'M' 'M' 'M' 'M' 'M' 'M' 'M' 'M' 'M' 'M'
 'M' 'U' 'M' 'U' 'M' 'M' 'M' 'U' 'M' 'M' 'U' 'M' 'M' 'U' 'M' 'M' 'M' 'M'
 'M' 'M' 'M' 'M' 'M' 'U' 'A' 'A' 'A' 'A' 'A' 'A' 'U' 'M' 'M' 'M' 'M' 'M'
 'M' 'M' 'M' 'M' 'M' 'U' 'M' 'M' 'U' 'M' 'M' 'M' 'M' 'M' 'M' 'M' 'M' 'M'
 'M' 'M' 'M' 'M' 'M' 'M' 'M' 'M' 'U' 'M' 'M' 'M' 'M' 'M' 'M' 'M' 'M' 'M'
 'M' 'M' 'M' 'M' 'M' 'M' 'M' 'M' 'M' 'M' 'M' 'M' 'M' 'M' 'M' 'M' 'M' 'M']"
42001,0,190,9,181,8,0,0,"['A' 'M' 'M' 'M' 'M' 'U' 'M' 'M' 'M' 'M' 'M' 'M' 'M' 'M' 'M' 'M' 'M' 'M'
 'M' 'M' 'M' 'M' 'M' 'M' 'M' 'M' 'M' 'M' 'M' 'M' 'M' 'M' 'M' 'M' 'M' 'M'
 'M' 'M' 'M' 'M' 'M' 'M' 'M' 'M' 'M' 'M' 'M' 'M' 'M' 'M' 'M' 'M' 'M' 'M'
 'M' 'M' 'M' 'M' 'M' 'M' 'M' 'M' 'M' 'M' 'M' 'M' 'M' 'M' 'M' 'U' 'M' 'M'
 'M' 'M' 'M' 'M' 'M' 'M' 'M' 'M' 'M' 'M' 'M' 'M' 'M' 'M' 'M' 'M' 'M' 'M'
 'M' 'M' 'M' 'M' 'M' 'U' 'M' 'M' 'M' 'M' 'M' 'M' 'M' 'M' 'M' 'M' 'M' 'M'
 'M' 'U' 'M' 'M' 'M' 'M' 'M' 'M' 'M' 'M' 'U' 'M' 'M' 'M' 'M' 'M' 'M' 'M'
 'M' 'M' 'M' 'M' 'M' 'A' 'A' 'A' 'A' 'A' 'A' 'A' 'A' 'M' 'M' 'M' 'M' 'M'
 'M' 'M' 'M' 'M' 'M' 'U' 'M' 'M' 'U' 'M' 'M' 'M' 'M' 'M' 'M' 'M' 'M' 'M'
 'M' 'M' 'M' 'M' 'M' 'M' 'M' 'M' 'M' 'U' 'M' 'M' 'M' 'M' 'M' 'M' 'M' 'M'
 'M' 'M' 'M' 'M' 'M' 'M' 'M' 'M' 'M' 'M' 'M' 'M' 'M' 'M' 'M' 'M' 'M' 'M']"
42101,0,191,9,182,7,0,0,"['A' 'M' 'M' 'M' 'M' 'M' 'M' 'M' 'M' 'M' 'M' 'M' 'U' 'M' 'U' 'M' 'M' 'M'
 'M' 'M' 'M' 'M' 'M' 'M' 'M' 'M' 'M' 'M' 'M' 'M' 'M' 'M' 'M' 'M' 'M' 'M'
 'M' 'M' 'M' 'M' 'M' 'M' 'M' 'M' 'M' 'M' 'M' 'M' 'M' 'M' 'M' 'M' 'M' 'M'
 'M' 'M' 'M' 'M' 'M' 'M' 'M' 'M' 'M' 'M' 'M' 'M' 'M' 'M' 'M' 'M' 'M' 'M'
 'M' 'M' 'M' 'M' 'M' 'M' 'M' 'M' 'M' 'M' 'M' 'M' 'U' 'M' 'M' 'M' 'M' 'M'
 'M' 'M' 'M' 'M' 'M' 'U' 'M' 'M' 'M' 'M' 'M' 'M' 'M' 'M' 'M' 'U' 'M' 'M'
 'M' 'M' 'M' 'M' 'M' 'M' 'M' 'M' 'M' 'M' 'A' 'M' 'M' 'M' 'M' 'M' 'M' 'M'
 'M' 'M' 'M' 'M' 'M' 'A' 'A' 'A' 'A' 'A' 'A' 'A' 'M' 'M' 'M' 'M' 'M' 'M'
 'M' 'M' 'M' 'M' 'M' 'M' 'M' 'M' 'M' 'M' 'M' 'M' 'M' 'M' 'M' 'M' 'M' 'U'
 'M' 'M' 'M' 'M' 'M' 'M' 'M' 'M' 'M' 'U' 'M' 'M' 'M' 'M' 'M' 'M' 'M' 'M'
 'M' 'M' 'M' 'M' 'M' 'M' 'M' 'M' 'M' 'M' 'M' 'M' 'M' 'M' 'M' 'M' 'M' 'M']"
42201,0,186,9,177,12,0,0,"['A' 'M' 'M' 'M' 'M' 'M' 'M' 'M' 'M' 'M' 'M' 'M' 'U' 'M' 'U' 'M' 'M' 'M'
 'M' 'M' 'M' 'M' 'M' 'M' 'M' 'M' 'M' 'M' 'M' 'U' 'M' 'M' 'M' 'M' 'M' 'M'
 'M' 'M' 'M' 'M' 'U' 'M' 'M' 'M' 'M' 'M' 'M' 'M' 'M' 'M' 'M' 'M' 'M' 'M'
 'M' 'M' 'M' 'M' 'M' 'M' 'M' 'M' 'M' 'M' 'M' 'M' 'M' 'M' 'M' 'M' 'M' 'M'
 'M' 'M' 'M' 'M' 'M' 'M' 'M' 'M' 'M' 'M' 'M' 'M' 'M' 'U' 'M' 'M' 'M' 'M'
 'M' 'M' 'M' 'M' 'M' 'U' 'M' 'M' 'M' 'M' 'M' 'M' 'M' 'M' 'M' 'M' 'U' 'M'
 'M' 'M' 'M' 'M' 'M' 'M' 'U' 'M' 'M' 'M' 'A' 'M' 'M' 'M' 'M' 'M' 'U' 'M'
 'M' 'M' 'M' 'M' 'M' 'A' 'A' 'A' 'A' 'A' 'A' 'A' 'U' 'M' 'M' 'M' 'M' 'M'
 'M' 'M' 'M' 'M' 'M' 'M' 'M' 'M' 'M' 'M' 'M' 'M' 'M' 'M' 'M' 'M' 'M' 'M'
 'M' 'M' 'M' 'M' 'M' 'M' 'M' 'M' 'M' 'U' 'M' 'M' 'M' 'M' 'M' 'M' 'M' 'M'
 'M' 'M' 'M' 'M' 'M' 'M' 'M' 'M' 'M' 'M' 'M' 'M' 'M' 'M' 'M' 'M' 'M' 'U']"
42301,0,184,8,176,14,0,0,"['A' 'M' 'M' 'M' 'M' 'M' 'M' 'M' 'M' 'M' 'M' 'M' 'U' 'M' 'U' 'M' 'M' 'M'
 'M' 'M' 'M' 'M' 'M' 'M' 'M' 'U' 'M' 'M' 'M' 'M' 'M' 'M' 'M' 'M' 'M' 'M'
 'M' 'M' 'M' 'M' 'U' 'M' 'M' 'M' 'M' 'M' 'M' 'M' 'M' 'M' 'M' 'M' 'M' 'M'
 'M' 'M' 'M' 'M' 'M' 'M' 'M' 'M' 'M' 'M' 'M' 'M' 'M' 'M' 'M' 'M' 'M' 'M'
 'M' 'M' 'M' 'M' 'M' 'M' 'M' 'U' 'M' 'M' 'M' 'M' 'M' 'M' 'M' 'M' 'M' 'M'
 'M' 'M' 'M' 'M' 'M' 'M' 'M' 'M' 'M' 'M' 'M' 'M' 'M' 'M' 'M' 'M' 'U' 'M'
 'M' 'M' 'M' 'M' 'M' 'M' 'U' 'M' 'M' 'M' 'M' 'M' 'M' 'M' 'M' 'M' 'M' 'M'
 'M' 'M' 'M' 'M' 'M' 'A' 'A' 'A' 'U' 'A' 'A' 'A' 'A' 'M' 'M' 'M' 'M' 'M'
 'M' 'M' 'M' 'M' 'M' 'M' 'M' 'M' 'M' 'M' 'M' 'M' 'M' 'U' 'M' 'M' 'M' 'M'
 'M' 'U' 'M' 'M' 'M' 'M' 'M' 'M' 'M' 'U' 'M' 'M' 'M' 'M' 'M' 'M' 'M' 'M'
 'M' 'M' 'M' 'M' 'M' 'U' 'M' 'M' 'M' 'M' 'M' 'M' 'M' 'M' 'M' 'U' 'M' 'U']"
42401,1,185,7,178,13,0,0,"['A' 'M' 'M' 'M' 'M' 'M' 'M' 'M' 'M' 'M' 'M' 'M' 'M' 'M' 'U' 'M' 'M' 'M'
 'M' 'M' 'M' 'M' 'M' 'M' 'M' 'U' 'M' 'M' 'M' 'M' 'M' 'M' 'M' 'M' 'M' 'M'
 'M' 'M' 'M' 'M' 'M' 'M' 'M' 'M' 'M' 'M' 'M' 'M' 'M' 'M' 'M' 'M' 'M' 'M'
 'M' 'M' 'M' 'M' 'M' 'M' 'M' 'M' 'M' 'M' 'M' 'M' 'M' 'M' 'M' 'M' 'M' 'M'
 'M' 'M' 'M' 'M' 'M' 'M' 'M' 'M' 'M' 'M' 'M' 'M' 'M' 'M' 'M' 'M' 'M' 'U'
 'M' 'M' 'M' 'M' 'M' 'M' 'U' 'M' 'M' 'M' 'M' 'M' 'M' 'M' 'M' 'M' 'U' 'M'
 'M' 'M' 'M' 'M' 'M' 'M' 'U' 'M' 'M' 'M' 'M' 'M' 'M' 'M' 'M' 'M' 'M' 'M'
 'M' 'M' 'M' 'M' 'M' 'A' 'A' 'A' 'A' 'A' 'A' 'U' 'U' 'U' 'M' 'M' 'M' 'M'
 'M' 'M' 'M' 'U' 'M' 'M' 'M' 'M' 'M' 'M' 'M' 'M' 'U' 'M' 'M' 'M' 'M' 'M'
 'M' 'U' 'M' 'M' 'M' 'M' 'M' 'M' 'M' 'M' 'M' 'M' 'M' 'M' 'M' 'M' 'M' 'M'
 'M' 'M' 'M' 'M' 'M' 'U' 'M' 'M' 'M' 'M' 'M' 'M' 'M' 'M' 'M' 'M' 'M' 'M']"
42501,0,188,10,178,10,0,0,"['A' 'M' 'M' 'M' 'M' 'M' 'M' 'M' 'M' 'M' 'M' 'M' 'M' 'M' 'M' 'M' 'U' 'M'
 'M' 'M' 'M' 'M' 'M' 'M' 'M' 'U' 'M' 'M' 'M' 'M' 'M' 'M' 'M' 'M' 'M' 'U'
 'M' 'M' 'M' 'M' 'M' 'M' 'M' 'M' 'M' 'M' 'M' 'M' 'M' 'M' 'M' 'M' 'M' 'M'
 'M' 'M' 'M' 'M' 'M' 'M' 'M' 'M' 'M' 'M' 'M' 'M' 'M' 'M' 'M' 'M' 'M' 'M'
 'M' 'M' 'M' 'M' 'M' 'M' 'M' 'M' 'M' 'M' 'M' 'M' 'M' 'M' 'U' 'M' 'M' 'M'
 'M' 'M' 'M' 'M' 'M' 'M' 'U' 'M' 'M' 'M' 'M' 'M' 'M' 'M' 'M' 'M' 'A' 'M'
 'M' 'M' 'M' 'M' 'M' 'M' 'M' 'M' 'M' 'M' 'M' 'M' 'M' 'M' 'M' 'M' 'M' 'M'
 'M' 'M' 'M' 'M' 'U' 'U' 'A' 'A' 'A' 'A' 'A' 'A' 'A' 'M' 'M' 'M' 'M' 'M'
 'M' 'M' 'M' 'U' 'M' 'M' 'M' 'M' 'M' 'M' 'A' 'M' 'U' 'M' 'M' 'M' 'M' 'M'
 'M' 'M' 'M' 'M' 'M' 'M' 'M' 'M' 'M' 'M' 'M' 'M' 'M' 'M' 'M' 'M' 'M' 'M'
 'M' 'M' 'M' 'M' 'M' 'U' 'M' 'M' 'M' 'M' 'M' 'M' 'M' 'M' 'M' 'M' 'M' 'M']"
42601,1,188,9,179,10,0,0,"['A' 'M' 'M' 'M' 'M' 'M' 'M' 'M' 'M' 'M' 'M' 'M' 'M' 'M' 'M' 'M' 'M' 'M'
 'M' 'M' 'M' 'M' 'M' 'M' 'M' 'U' 'M' 'M' 'M' 'M' 'M' 'M' 'M' 'M' 'M' 'U'
 'M' 'M' 'M' 'M' 'M' 'M' 'M' 'M' 'M' 'M' 'M' 'M' 'M' 'M' 'M' 'M' 'M' 'M'
 'U' 'M' 'M' 'M' 'M' 'M' 'M' 'M' 'M' 'M' 'M' 'M' 'M' 'M' 'M' 'M' 'M' 'M'
 'M' 'M' 'M' 'M' 'U' 'M' 'M' 'M' 'M' 'M' 'M' 'M' 'M' 'M' 'M' 'M' 'M' 'M'
 'M' 'M' 'M' 'M' 'M' 'M' 'M' 'M' 'M' 'M' 'M' 'M' 'M' 'M' 'M' 'M' 'U' 'M'
 'U' 'M' 'M' 'M' 'M' 'M' 'M' 'M' 'M' 'M' 'M' 'M' 'M' 'M' 'M' 'M' 'M' 'M'
 'M' 'M' 'M' 'M' 'U' 'U' 'A' 'A' 'A' 'A' 'A' 'A' 'A' 'M' 'M' 'M' 'M' 'M'
 'M' 'M' 'M' 'U' 'M' 'M' 'M' 'M' 'M' 'M' 'A' 'M' 'M' 'M' 'M' 'M' 'M' 'M'
 'M' 'M' 'M' 'M' 'M' 'M' 'M' 'M' 'M' 'M' 'M' 'M' 'M' 'M' 'M' 'M' 'M' 'M'
 'M' 'M' 'M' 'M' 'M' 'M' 'M' 'M' 'M' 'M' 'M' 'M' 'M' 'M' 'M' 'M' 'M' 'U']"
42701,0,189,10,179,9,0,0,"['A' 'M' 'M' 'M' 'M' 'M' 'M' 'M' 'M' 'M' 'M' 'M' 'M' 'M' 'M' 'M' 'M' 'M'
 'M' 'M' 'M' 'M' 'M' 'M' 'M' 'M' 'M' 'M' 'M' 'M' 'M' 'M' 'M' 'M' 'M' 'U'
 'M' 'M' 'M' 'M' 'U' 'M' 'M' 'M' 'M' 'M' 'M' 'M' 'M' 'M' 'M' 'M' 'M' 'U'
 'M' 'M' 'M' 'M' 'M' 'M' 'M' 'M' 'M' 'M' 'M' 'M' 'M' 'U' 'M' 'M' 'M' 'M'
 'M' 'M' 'M' 'M' 'M' 'M' 'M' 'M' 'M' 'M' 'M' 'M' 'M' 'M' 'M' 'M' 'M' 'M'
 'M' 'M' 'M' 'M' 'M' 'M' 'M' 'M' 'M' 'M' 'M' 'M' 'M' 'M' 'U' 'M' 'M' 'M'
 'M' 'M' 'M' 'M' 'M' 'M' 'M' 'M' 'U' 'M' 'M' 'M' 'M' 'M' 'M' 'M' 'M' 'M'
 'M' 'M' 'M' 'M' 'M' 'A' 'A' 'A' 'A' 'A' 'A' 'A' 'A' 'M' 'M' 'M' 'M' 'M'
 'M' 'M' 'M' 'U' 'M' 'M' 'M' 'M' 'U' 'M' 'A' 'M' 'M' 'M' 'M' 'M' 'M' 'M'
 'M' 'M' 'M' 'M' 'M' 'M' 'M' 'M' 'M' 'M' 'M' 'M' 'M' 'M' 'M' 'M' 'M' 'M'
 'M' 'M' 'M' 'M' 'M' 'M' 'M' 'M' 'M' 'M' 'M' 'M' 'M' 'M' 'M' 'M' 'M' 'U']"
42801,0,188,9,179,10,0,0,"['A' 'M' 'M' 'M' 'M' 'M' 'M' 'M' 'M' 'M' 'M' 'M' 'M' 'M' 'M' 'M' 'M' 'M'
 'U' 'M' 'M' 'M' 'M' 'M' 'M' 'M' 'M' 'M' 'M' 'M' 'M' 'M' 'M' 'M' 'M' 'U'
 'M' 'M' 'M' 'M' 'U' 'M' 'M' 'M' 'M' 'M' 'M' 'M' 'M' 'M' 'M' 'M' 'M' 'U'
 'M' 'M' 'M' 'M' 'M' 'M' 'M' 'M' 'M' 'M' 'M' 'M' 'M' 'M' 'M' 'M' 'M' 'M'
 'M' 'M' 'M' 'M' 'M' 'M' 'M' 'M' 'M' 'M' 'M' 'M' 'M' 'M' 'U' 'M' 'M' 'M'
 'M' 'M' 'M' 'M' 'M' 'M' 'M' 'M' 'M' 'M' 'M' 'M' 'M' 'M' 'U' 'M' 'M' 'M'
 'M' 'M' 'M' 'M' 'M' 'M' 'M' 'M' 'M' 'M' 'M' 'M' 'M' 'M' 'U' 'M' 'M' 'M'
 'M' 'M' 'M' 'M' 'M' 'A' 'A' 'A' 'A' 'A' 'A' 'M' 'A' 'M' 'M' 'M' 'M' 'M'
 'M' 'M' 'M' 'U' 'M' 'M' 'M' 'M' 'U' 'M' 'A' 'M' 'M' 'M' 'M' 'M' 'M' 'M'
 'M' 'M' 'M' 'M' 'M' 'M' 'M' 'M' 'M' 'M' 'M' 'M' 'M' 'M' 'M' 'M' 'M' 'M'
 'M' 'M' 'M' 'M' 'M' 'M' 'M' 'M' 'M' 'M' 'M' 'M' 'M' 'M' 'M' 'M' 'M' 'U']"
42901,1,188,9,179,10,0,0,"['A' 'M' 'M' 'M' 'M' 'M' 'M' 'M' 'M' 'M' 'M' 'M' 'M' 'M' 'M' 'M' 'M' 'M'
 'M' 'M' 'M' 'M' 'M' 'M' 'M' 'M' 'M' 'M' 'M' 'M' 'M' 'U' 'M' 'M' 'M' 'M'
 'M' 'M' 'M' 'M' 'M' 'M' 'M' 'M' 'M' 'M' 'M' 'M' 'M' 'M' 'M' 'M' 'M' 'U'
 'M' 'M' 'M' 'M' 'M' 'M' 'M' 'M' 'M' 'M' 'M' 'M' 'M' 'M' 'M' 'M' 'M' 'M'
 'M' 'M' 'M' 'M' 'M' 'M' 'M' 'M' 'M' 'U' 'M' 'M' 'M' 'M' 'M' 'M' 'M' 'M'
 'M' 'M' 'M' 'M' 'M' 'M' 'M' 'M' 'M' 'M' 'M' 'M' 'M' 'M' 'M' 'M' 'M' 'M'
 'M' 'M' 'M' 'M' 'M' 'M' 'M' 'M' 'M' 'M' 'M' 'M' 'M' 'M' 'U' 'M' 'M' 'M'
 'M' 'M' 'U' 'M' 'M' 'A' 'A' 'A' 'A' 'A' 'A' 'A' 'U' 'M' 'M' 'M' 'M' 'M'
 'M' 'M' 'M' 'M' 'M' 'M' 'U' 'M' 'U' 'M' 'A' 'M' 'M' 'M' 'M' 'M' 'M' 'M'
 'M' 'M' 'M' 'M' 'M' 'M' 'M' 'M' 'M' 'M' 'M' 'M' 'M' 'M' 'M' 'M' 'M' 'M'
 'M' 'M' 'M' 'M' 'M' 'U' 'M' 'M' 'M' 'M' 'M' 'M' 'M' 'M' 'M' 'M' 'M' 'U']"
43001,0,183,7,176,15,0,0,"['A' 'M' 'M' 'M' 'M' 'M' 'M' 'M' 'M' 'M' 'M' 'M' 'M' 'M' 'M' 'M' 'M' 'M'
 'M' 'M' 'M' 'M' 'M' 'M' 'M' 'M' 'M' 'M' 'M' 'M' 'M' 'U' 'M' 'M' 'M' 'M'
 'M' 'M' 'M' 'M' 'U' 'M' 'M' 'M' 'M' 'U' 'M' 'M' 'M' 'M' 'M' 'M' 'M' 'U'
 'M' 'M' 'M' 'M' 'M' 'M' 'M' 'M' 'M' 'M' 'M' 'M' 'M' 'M' 'M' 'U' 'M' 'M'
 'M' 'M' 'M' 'M' 'M' 'M' 'M' 'M' 'M' 'M' 'M' 'M' 'M' 'M' 'M' 'M' 'M' 'M'
 'M' 'M' 'M' 'M' 'M' 'M' 'M' 'M' 'M' 'M' 'M' 'M' 'M' 'M' 'M' 'M' 'M' 'M'
 'M' 'M' 'M' 'M' 'M' 'M' 'M' 'M' 'M' 'M' 'M' 'M' 'M' 'M' 'M' 'M' 'M' 'M'
 'U' 'M' 'U' 'M' 'U' 'A' 'U' 'U' 'A' 'A' 'U' 'A' 'A' 'M' 'M' 'M' 'M' 'M'
 'M' 'M' 'M' 'M' 'M' 'M' 'M' 'M' 'U' 'M' 'A' 'M' 'M' 'M' 'M' 'M' 'M' 'M'
 'M' 'M' 'M' 'M' 'M' 'M' 'M' 'M' 'M' 'U' 'M' 'M' 'M' 'M' 'M' 'M' 'M' 'M'
 'M' 'M' 'M' 'M' 'M' 'U' 'M' 'M' 'M' 'M' 'M' 'M' 'M' 'M' 'M' 'M' 'M' 'U']"
43101,0,183,6,177,15,0,0,"['A' 'M' 'M' 'M' 'M' 'M' 'M' 'M' 'M' 'M' 'M' 'M' 'M' 'M' 'M' 'M' 'M' 'M'
 'M' 'M' 'M' 'M' 'M' 'M' 'M' 'U' 'M' 'M' 'M' 'M' 'M' 'U' 'M' 'M' 'M' 'U'
 'M' 'M' 'M' 'M' 'U' 'M' 'M' 'M' 'M' 'M' 'M' 'M' 'M' 'M' 'M' 'M' 'M' 'U'
 'M' 'M' 'M' 'M' 'M' 'M' 'M' 'M' 'M' 'M' 'M' 'M' 'M' 'M' 'M' 'M' 'M' 'M'
 'M' 'M' 'M' 'M' 'U' 'M' 'M' 'M' 'M' 'M' 'M' 'M' 'M' 'M' 'M' 'M' 'M' 'M'
 'M' 'M' 'M' 'M' 'M' 'M' 'M' 'M' 'M' 'M' 'M' 'M' 'M' 'M' 'M' 'M' 'M' 'M'
 'M' 'M' 'M' 'M' 'M' 'M' 'M' 'M' 'M' 'M' 'M' 'M' 'M' 'M' 'M' 'M' 'M' 'M'
 'M' 'M' 'U' 'M' 'M' 'A' 'U' 'U' 'A' 'A' 'U' 'A' 'U' 'M' 'M' 'M' 'M' 'M'
 'M' 'M' 'M' 'M' 'M' 'M' 'M' 'M' 'U' 'M' 'A' 'M' 'M' 'M' 'M' 'M' 'M' 'M'
 'M' 'M' 'M' 'M' 'M' 'M' 'M' 'M' 'M' 'U' 'M' 'M' 'M' 'M' 'M' 'M' 'M' 'M'
 'M' 'M' 'M' 'M' 'M' 'U' 'M' 'M' 'M' 'M' 'M' 'M' 'M' 'M' 'M' 'M' 'M' 'U']"
43201,0,185,6,179,13,0,0,"['A' 'M' 'M' 'M' 'U' 'M' 'M' 'M' 'M' 'M' 'M' 'M' 'M' 'M' 'M' 'M' 'M' 'M'
 'M' 'M' 'M' 'M' 'M' 'M' 'U' 'M' 'M' 'M' 'M' 'M' 'M' 'U' 'M' 'M' 'M' 'M'
 'M' 'M' 'M' 'M' 'M' 'M' 'M' 'M' 'U' 'M' 'M' 'M' 'M' 'M' 'M' 'M' 'M' 'M'
 'M' 'M' 'M' 'M' 'M' 'M' 'M' 'M' 'M' 'M' 'M' 'M' 'M' 'M' 'M' 'M' 'M' 'M'
 'M' 'M' 'M' 'M' 'M' 'M' 'M' 'M' 'M' 'U' 'M' 'M' 'M' 'M' 'M' 'M' 'M' 'M'
 'M' 'M' 'M' 'M' 'M' 'M' 'M' 'U' 'M' 'M' 'M' 'M' 'M' 'M' 'M' 'M' 'M' 'M'
 'M' 'M' 'M' 'M' 'M' 'M' 'M' 'M' 'M' 'M' 'M' 'M' 'M' 'M' 'M' 'M' 'M' 'M'
 'M' 'M' 'U' 'M' 'M' 'A' 'U' 'U' 'A' 'A' 'U' 'A' 'M' 'M' 'M' 'M' 'M' 'M'
 'M' 'M' 'M' 'M' 'M' 'M' 'M' 'M' 'U' 'M' 'A' 'M' 'M' 'M' 'M' 'M' 'M' 'M'
 'M' 'M' 'M' 'M' 'M' 'M' 'M' 'M' 'M' 'M' 'M' 'M' 'M' 'M' 'M' 'M' 'M' 'M'
 'M' 'M' 'M' 'M' 'M' 'U' 'M' 'M' 'M' 'M' 'M' 'M' 'M' 'M' 'M' 'M' 'M' 'U']"
43301,0,184,6,178,14,0,0,"['A' 'M' 'M' 'M' 'M' 'M' 'M' 'M' 'M' 'M' 'M' 'M' 'M' 'M' 'M' 'M' 'M' 'U'
 'M' 'M' 'M' 'M' 'M' 'M' 'U' 'M' 'M' 'M' 'M' 'M' 'M' 'U' 'M' 'M' 'M' 'M'
 'M' 'M' 'M' 'M' 'M' 'U' 'M' 'M' 'U' 'M' 'M' 'M' 'M' 'M' 'M' 'M' 'M' 'M'
 'M' 'M' 'M' 'M' 'M' 'M' 'M' 'M' 'M' 'M' 'M' 'M' 'M' 'M' 'M' 'M' 'M' 'M'
 'U' 'M' 'M' 'M' 'M' 'M' 'M' 'M' 'M' 'M' 'M' 'M' 'M' 'M' 'M' 'M' 'M' 'M'
 'M' 'M' 'M' 'M' 'M' 'M' 'M' 'U' 'M' 'M' 'M' 'M' 'M' 'M' 'M' 'M' 'M' 'M'
 'M' 'M' 'M' 'M' 'M' 'M' 'M' 'M' 'M' 'M' 'M' 'M' 'M' 'M' 'M' 'M' 'M' 'M'
 'M' 'M' 'U' 'M' 'M' 'A' 'U' 'A' 'A' 'U' 'U' 'A' 'A' 'M' 'M' 'M' 'M' 'M'
 'M' 'M' 'M' 'M' 'M' 'M' 'M' 'M' 'U' 'M' 'U' 'M' 'M' 'M' 'M' 'M' 'M' 'M'
 'M' 'M' 'M' 'M' 'M' 'M' 'M' 'M' 'M' 'M' 'M' 'M' 'M' 'M' 'M' 'M' 'M' 'M'
 'M' 'M' 'M' 'M' 'M' 'U' 'M' 'M' 'M' 'M' 'M' 'M' 'M' 'M' 'M' 'M' 'M' 'M']"
43401,1,178,5,173,20,0,0,"['A' 'M' 'M' 'M' 'M' 'M' 'M' 'M' 'U' 'M' 'M' 'M' 'M' 'M' 'M' 'M' 'M' 'M'
 'M' 'M' 'M' 'M' 'M' 'M' 'U' 'M' 'M' 'M' 'M' 'M' 'M' 'U' 'M' 'M' 'M' 'M'
 'M' 'M' 'M' 'M' 'M' 'U' 'M' 'M' 'U' 'M' 'M' 'M' 'M' 'U' 'M' 'M' 'M' 'M'
 'M' 'M' 'M' 'M' 'M' 'M' 'M' 'M' 'M' 'M' 'M' 'M' 'M' 'M' 'M' 'M' 'M' 'M'
 'M' 'M' 'M' 'U' 'M' 'M' 'M' 'M' 'M' 'M' 'M' 'M' 'M' 'M' 'M' 'M' 'M' 'M'
 'M' 'M' 'M' 'M' 'M' 'M' 'M' 'U' 'M' 'M' 'M' 'M' 'M' 'M' 'M' 'M' 'M' 'M'
 'M' 'M' 'M' 'M' 'M' 'M' 'M' 'M' 'M' 'M' 'M' 'M' 'M' 'M' 'M' 'M' 'M' 'M'
 'M' 'M' 'U' 'M' 'M' 'U' 'A' 'A' 'U' 'A' 'A' 'U' 'U' 'M' 'M' 'U' 'M' 'M'
 'M' 'M' 'M' 'M' 'M' 'M' 'M' 'M' 'M' 'M' 'U' 'M' 'M' 'M' 'U' 'M' 'M' 'U'
 'M' 'M' 'M' 'M' 'M' 'U' 'M' 'M' 'M' 'M' 'M' 'M' 'M' 'M' 'M' 'M' 'M' 'M'
 'M' 'M' 'M' 'M' 'M' 'U' 'M' 'M' 'M' 'M' 'M' 'U' 'M' 'M' 'M' 'M' 'M' 'M']"
43501,0,180,8,172,18,0,0,"['A' 'M' 'M' 'M' 'M' 'M' 'M' 'M' 'U' 'M' 'M' 'M' 'M' 'M' 'M' 'M' 'M' 'M'
 'M' 'M' 'M' 'M' 'M' 'M' 'U' 'M' 'M' 'M' 'M' 'M' 'M' 'M' 'M' 'M' 'M' 'M'
 'M' 'M' 'M' 'M' 'M' 'M' 'M' 'M' 'M' 'M' 'M' 'M' 'M' 'U' 'M' 'M' 'M' 'M'
 'M' 'M' 'M' 'M' 'M' 'M' 'M' 'M' 'M' 'M' 'M' 'M' 'M' 'M' 'M' 'M' 'U' 'M'
 'M' 'M' 'M' 'M' 'M' 'M' 'M' 'M' 'M' 'M' 'M' 'M' 'M' 'M' 'M' 'M' 'M' 'M'
 'M' 'M' 'M' 'M' 'M' 'U' 'M' 'U' 'M' 'M' 'U' 'M' 'M' 'M' 'M' 'M' 'M' 'M'
 'M' 'M' 'M' 'M' 'M' 'M' 'M' 'M' 'M' 'M' 'M' 'M' 'M' 'M' 'M' 'M' 'M' 'M'
 'M' 'M' 'U' 'M' 'M' 'A' 'A' 'A' 'U' 'A' 'A' 'A' 'A' 'M' 'U' 'U' 'M' 'M'
 'M' 'M' 'M' 'M' 'M' 'M' 'M' 'M' 'M' 'M' 'U' 'M' 'M' 'M' 'U' 'U' 'M' 'U'
 'M' 'M' 'M' 'M' 'M' 'U' 'M' 'U' 'M' 'M' 'M' 'M' 'M' 'M' 'M' 'M' 'M' 'M'
 'M' 'M' 'M' 'M' 'M' 'U' 'M' 'M' 'M' 'M' 'M' 'M' 'M' 'M' 'M' 'M' 'M' 'M']"
43601,1,183,8,175,15,0,0,"['A' 'M' 'M' 'M' 'M' 'M' 'M' 'M' 'U' 'M' 'M' 'M' 'M' 'M' 'M' 'M' 'M' 'M'
 'M' 'M' 'M' 'M' 'M' 'M' 'U' 'M' 'M' 'M' 'M' 'M' 'M' 'M' 'M' 'M' 'M' 'M'
 'M' 'M' 'M' 'M' 'M' 'M' 'M' 'M' 'M' 'M' 'M' 'M' 'M' 'M' 'M' 'M' 'M' 'M'
 'M' 'M' 'M' 'M' 'M' 'M' 'M' 'M' 'M' 'M' 'M' 'M' 'M' 'M' 'M' 'M' 'M' 'M'
 'M' 'M' 'M' 'M' 'M' 'M' 'M' 'M' 'M' 'M' 'M' 'M' 'M' 'M' 'M' 'U' 'M' 'M'
 'M' 'M' 'M' 'M' 'M' 'U' 'M' 'U' 'M' 'M' 'M' 'M' 'M' 'M' 'M' 'M' 'M' 'M'
 'M' 'M' 'M' 'M' 'M' 'M' 'M' 'M' 'M' 'U' 'M' 'M' 'M' 'M' 'M' 'U' 'M' 'M'
 'M' 'M' 'U' 'M' 'M' 'A' 'A' 'A' 'A' 'A' 'U' 'A' 'A' 'M' 'M' 'U' 'M' 'M'
 'M' 'M' 'M' 'M' 'M' 'M' 'M' 'M' 'M' 'M' 'M' 'M' 'M' 'M' 'U' 'U' 'M' 'U'
 'M' 'M' 'M' 'M' 'M' 'U' 'M' 'M' 'M' 'M' 'M' 'M' 'M' 'M' 'M' 'M' 'M' 'M'
 'M' 'M' 'M' 'M' 'M' 'M' 'M' 'M' 'M' 'M' 'M' 'U' 'M' 'M' 'M' 'M' 'M' 'M']"
43701,1,179,7,172,19,0,1,"['A' 'M' 'M' 'M' 'M' 'M' 'M' 'M' 'U' 'M' 'M' 'M' 'M' 'M' 'M' 'M' 'M' 'M'
 'U' 'M' 'M' 'M' 'M' 'M' 'M' 'M' 'M' 'M' 'M' 'M' 'M' 'M' 'M' 'M' 'M' 'U'
 'M' 'M' 'M' 'M' 'M' 'M' 'M' 'M' 'M' 'M' 'M' 'M' 'M' 'M' 'M' 'M' 'M' 'M'
 'M' 'M' 'M' 'M' 'M' 'M' 'M' 'M' 'M' 'M' 'M' 'M' 'M' 'M' 'M' 'M' 'M' 'M'
 'M' 'M' 'M' 'M' 'M' 'U' 'M' 'M' 'M' 'M' 'M' 'M' 'M' 'M' 'M' 'M' 'M' 'M'
 'M' 'M' 'M' 'M' 'M' 'U' 'M' 'M' 'M' 'M' 'M' 'M' 'M' 'M' 'U' 'M' 'M' 'M'
 'M' 'M' 'M' 'M' 'M' 'M' 'M' 'M' 'M' 'U' 'U' 'M' 'M' 'M' 'M' 'U' 'M' 'M'
 'M' 'M' 'M' 'M' 'M' 'A' 'U' 'A' 'A' 'A' 'A' 'A' 'U' 'M' 'M' 'U' 'M' 'M'
 'M' 'M' 'M' 'M' 'M' 'M' 'M' 'M' 'M' 'M' 'M' 'M' 'M' 'M' 'U' 'U' 'M' 'U'
 'M' 'M' 'M' 'M' 'M' 'M' 'M' 'M' 'U' 'M' 'M' 'M' 'M' 'M' 'U' 'M' 'M' 'M'
 'M' 'M' 'M' 'M' 'U' 'M' 'M' 'M' 'M' 'M' 'M' 'U' 'M' 'M' 'M' 'M' 'M' 'M']"
43801,0,184,8,176,14,0,0,"['A' 'M' 'M' 'M' 'M' 'M' 'M' 'M' 'M' 'M' 'M' 'M' 'M' 'M' 'M' 'M' 'M' 'M'
 'U' 'M' 'M' 'M' 'M' 'M' 'M' 'M' 'M' 'M' 'M' 'M' 'M' 'M' 'M' 'M' 'M' 'U'
 'M' 'M' 'M' 'M' 'M' 'M' 'M' 'M' 'U' 'M' 'M' 'M' 'M' 'M' 'M' 'M' 'M' 'M'
 'M' 'M' 'M' 'M' 'M' 'M' 'M' 'M' 'M' 'M' 'M' 'M' 'M' 'M' 'M' 'M' 'M' 'M'
 'M' 'M' 'M' 'M' 'M' 'M' 'M' 'M' 'M' 'M' 'M' 'M' 'M' 'M' 'M' 'M' 'M' 'M'
 'M' 'M' 'M' 'M' 'U' 'U' 'M' 'M' 'M' 'M' 'M' 'M' 'M' 'M' 'M' 'M' 'M' 'M'
 'M' 'M' 'M' 'M' 'M' 'M' 'M' 'M' 'M' 'U' 'U' 'M' 'M' 'M' 'M' 'U' 'M' 'M'
 'M' 'M' 'M' 'M' 'M' 'A' 'U' 'A' 'A' 'A' 'A' 'A' 'A' 'M' 'M' 'M' 'M' 'M'
 'M' 'U' 'M' 'M' 'M' 'M' 'M' 'M' 'M' 'M' 'M' 'M' 'M' 'M' 'M' 'M' 'M' 'U'
 'M' 'M' 'M' 'M' 'M' 'M' 'M' 'M' 'M' 'M' 'M' 'M' 'M' 'M' 'U' 'M' 'M' 'M'
 'M' 'M' 'M' 'M' 'U' 'M' 'M' 'M' 'M' 'M' 'M' 'U' 'M' 'M' 'M' 'M' 'M' 'M']"
43901,0,183,9,174,15,0,0,"['A' 'M' 'M' 'M' 'M' 'M' 'M' 'M' 'M' 'M' 'M' 'M' 'M' 'M' 'M' 'M' 'M' 'M'
 'U' 'M' 'M' 'M' 'M' 'U' 'M' 'M' 'M' 'M' 'M' 'M' 'M' 'M' 'U' 'M' 'M' 'U'
 'M' 'M' 'M' 'M' 'M' 'U' 'U' 'M' 'U' 'U' 'M' 'M' 'M' 'M' 'M' 'M' 'M' 'M'
 'M' 'M' 'M' 'M' 'M' 'M' 'M' 'M' 'M' 'M' 'M' 'M' 'M' 'M' 'M' 'M' 'M' 'M'
 'M' 'M' 'M' 'M' 'M' 'M' 'M' 'M' 'M' 'U' 'M' 'M' 'M' 'M' 'M' 'M' 'M' 'M'
 'M' 'M' 'M' 'M' 'M' 'M' 'M' 'M' 'M' 'M' 'M' 'M' 'U' 'M' 'M' 'M' 'M' 'M'
 'M' 'M' 'M' 'M' 'M' 'M' 'M' 'M' 'M' 'M' 'U' 'M' 'M' 'M' 'M' 'M' 'M' 'M'
 'M' 'M' 'M' 'M' 'M' 'A' 'A' 'A' 'A' 'A' 'A' 'A' 'A' 'M' 'M' 'M' 'M' 'M'
 'U' 'U' 'M' 'M' 'M' 'M' 'M' 'M' 'M' 'M' 'M' 'M' 'M' 'M' 'M' 'M' 'M' 'M'
 'M' 'M' 'M' 'M' 'M' 'M' 'M' 'M' 'M' 'M' 'M' 'M' 'M' 'M' 'U' 'M' 'M' 'M'
 'M' 'M' 'M' 'M' 'M' 'M' 'M' 'M' 'M' 'M' 'M' 'U' 'M' 'M' 'M' 'M' 'M' 'M']"
44001,0,180,7,173,18,0,0,"['A' 'M' 'M' 'M' 'M' 'M' 'M' 'M' 'M' 'M' 'M' 'M' 'M' 'M' 'M' 'M' 'M' 'M'
 'U' 'M' 'M' 'M' 'M' 'U' 'M' 'M' 'M' 'M' 'M' 'M' 'M' 'M' 'U' 'M' 'M' 'M'
 'M' 'M' 'M' 'M' 'M' 'U' 'U' 'M' 'U' 'U' 'M' 'M' 'M' 'U' 'M' 'M' 'U' 'M'
 'M' 'M' 'M' 'M' 'M' 'M' 'M' 'M' 'M' 'M' 'M' 'M' 'M' 'M' 'M' 'M' 'M' 'M'
 'M' 'M' 'M' 'M' 'M' 'M' 'M' 'M' 'M' 'M' 'M' 'M' 'U' 'M' 'M' 'M' 'M' 'M'
 'M' 'M' 'M' 'M' 'M' 'M' 'M' 'M' 'M' 'M' 'M' 'M' 'M' 'M' 'M' 'M' 'M' 'M'
 'M' 'M' 'M' 'M' 'M' 'M' 'M' 'M' 'M' 'M' 'U' 'M' 'M' 'M' 'M' 'M' 'M' 'M'
 'M' 'M' 'M' 'M' 'M' 'A' 'U' 'A' 'U' 'A' 'A' 'A' 'A' 'M' 'M' 'M' 'M' 'M'
 'M' 'M' 'M' 'U' 'M' 'M' 'M' 'M' 'M' 'M' 'M' 'M' 'M' 'M' 'M' 'M' 'M' 'M'
 'M' 'M' 'M' 'M' 'M' 'M' 'M' 'M' 'M' 'M' 'M' 'M' 'M' 'M' 'U' 'U' 'M' 'M'
 'M' 'M' 'M' 'M' 'M' 'M' 'M' 'M' 'M' 'M' 'M' 'U' 'M' 'M' 'M' 'U' 'M' 'M']"
44101,0,184,4,180,14,0,0,"['A' 'M' 'M' 'M' 'M' 'M' 'M' 'M' 'M' 'U' 'M' 'M' 'M' 'M' 'M' 'M' 'M' 'U'
 'M' 'M' 'M' 'M' 'M' 'U' 'M' 'M' 'M' 'M' 'M' 'M' 'M' 'M' 'M' 'M' 'M' 'M'
 'M' 'M' 'M' 'M' 'M' 'M' 'M' 'M' 'M' 'U' 'M' 'M' 'M' 'U' 'M' 'M' 'M' 'M'
 'M' 'M' 'M' 'M' 'M' 'M' 'M' 'M' 'M' 'M' 'M' 'U' 'M' 'M' 'M' 'M' 'M' 'M'
 'M' 'M' 'M' 'M' 'M' 'M' 'M' 'M' 'M' 'M' 'M' 'M' 'M' 'M' 'M' 'M' 'M' 'M'
 'M' 'M' 'M' 'M' 'M' 'M' 'M' 'M' 'U' 'M' 'M' 'M' 'M' 'M' 'M' 'M' 'M' 'M'
 'M' 'M' 'M' 'M' 'M' 'M' 'M' 'M' 'M' 'M' 'U' 'M' 'M' 'M' 'M' 'M' 'M' 'M'
 'M' 'M' 'M' 'M' 'M' 'M' 'M' 'A' 'U' 'U' 'A' 'A' 'U' 'U' 'M' 'M' 'M' 'M'
 'M' 'M' 'M' 'M' 'M' 'M' 'M' 'M' 'M' 'M' 'M' 'M' 'M' 'M' 'M' 'M' 'M' 'M'
 'M' 'M' 'M' 'M' 'M' 'M' 'M' 'M' 'M' 'M' 'M' 'M' 'M' 'M' 'U' 'U' 'M' 'M'
 'M' 'M' 'M' 'M' 'M' 'M' 'M' 'M' 'M' 'M' 'M' 'M' 'M' 'M' 'M' 'M' 'M' 'M']"
44201,0,187,3,184,11,0,0,"['A' 'M' 'M' 'M' 'M' 'M' 'M' 'M' 'M' 'U' 'M' 'M' 'M' 'M' 'M' 'M' 'M' 'M'
 'M' 'M' 'M' 'M' 'M' 'M' 'M' 'M' 'M' 'M' 'M' 'M' 'M' 'M' 'M' 'M' 'M' 'M'
 'M' 'M' 'M' 'M' 'M' 'M' 'M' 'M' 'M' 'U' 'M' 'M' 'U' 'M' 'M' 'M' 'M' 'M'
 'M' 'M' 'M' 'M' 'M' 'M' 'M' 'M' 'M' 'M' 'M' 'M' 'M' 'M' 'M' 'M' 'M' 'M'
 'M' 'M' 'M' 'M' 'M' 'M' 'M' 'M' 'M' 'M' 'M' 'M' 'M' 'M' 'M' 'M' 'M' 'M'
 'M' 'U' 'M' 'M' 'M' 'M' 'M' 'M' 'U' 'M' 'M' 'M' 'U' 'M' 'M' 'M' 'M' 'M'
 'M' 'M' 'M' 'M' 'M' 'M' 'M' 'M' 'M' 'M' 'U' 'M' 'M' 'M' 'M' 'M' 'M' 'M'
 'M' 'M' 'M' 'M' 'M' 'M' 'U' 'U' 'M' 'U' 'A' 'A' 'U' 'M' 'M' 'M' 'M' 'M'
 'M' 'M' 'M' 'M' 'M' 'M' 'M' 'M' 'M' 'M' 'M' 'M' 'M' 'M' 'M' 'M' 'M' 'M'
 'M' 'M' 'M' 'M' 'M' 'M' 'M' 'M' 'M' 'M' 'M' 'M' 'M' 'M' 'M' 'M' 'M' 'M'
 'M' 'M' 'M' 'M' 'M' 'M' 'M' 'M' 'M' 'M' 'M' 'M' 'M' 'M' 'M' 'M' 'M' 'M']"
44301,0,182,3,179,16,0,0,"['A' 'U' 'M' 'M' 'M' 'M' 'M' 'M' 'U' 'U' 'M' 'M' 'M' 'M' 'M' 'M' 'M' 'M'
 'M' 'M' 'M' 'M' 'U' 'M' 'U' 'M' 'M' 'M' 'M' 'M' 'M' 'M' 'M' 'M' 'M' 'M'
 'M' 'M' 'M' 'M' 'M' 'M' 'M' 'M' 'M' 'U' 'M' 'M' 'M' 'M' 'M' 'U' 'M' 'M'
 'M' 'M' 'M' 'M' 'M' 'M' 'U' 'M' 'M' 'M' 'M' 'M' 'M' 'M' 'M' 'M' 'M' 'M'
 'M' 'M' 'M' 'M' 'M' 'M' 'M' 'M' 'M' 'M' 'M' 'M' 'M' 'M' 'M' 'M' 'U' 'M'
 'M' 'M' 'M' 'M' 'M' 'M' 'M' 'M' 'U' 'M' 'M' 'M' 'M' 'M' 'M' 'M' 'M' 'M'
 'M' 'M' 'M' 'M' 'M' 'M' 'M' 'M' 'M' 'M' 'U' 'M' 'M' 'M' 'M' 'M' 'M' 'M'
 'M' 'M' 'M' 'M' 'M' 'U' 'M' 'M' 'M' 'U' 'A' 'A' 'U' 'M' 'M' 'M' 'M' 'M'
 'M' 'M' 'M' 'M' 'M' 'M' 'M' 'M' 'M' 'M' 'M' 'M' 'M' 'M' 'M' 'M' 'M' 'M'
 'M' 'M' 'M' 'M' 'M' 'M' 'M' 'M' 'M' 'M' 'M' 'M' 'M' 'M' 'M' 'M' 'M' 'M'
 'M' 'M' 'M' 'M' 'M' 'M' 'M' 'U' 'M' 'M' 'U' 'M' 'M' 'M' 'M' 'M' 'M' 'M']"
44401,0,192,9,183,6,0,0,"['A' 'M' 'M' 'M' 'M' 'M' 'M' 'M' 'M' 'M' 'M' 'M' 'M' 'M' 'M' 'M' 'M' 'M'
 'M' 'M' 'M' 'M' 'U' 'M' 'U' 'M' 'M' 'M' 'M' 'M' 'M' 'M' 'M' 'M' 'M' 'M'
 'M' 'M' 'M' 'M' 'M' 'M' 'M' 'M' 'M' 'M' 'M' 'M' 'M' 'M' 'M' 'M' 'M' 'M'
 'M' 'M' 'M' 'M' 'M' 'M' 'U' 'M' 'M' 'M' 'M' 'U' 'M' 'M' 'M' 'M' 'M' 'M'
 'M' 'M' 'M' 'M' 'M' 'M' 'M' 'M' 'M' 'M' 'M' 'M' 'M' 'M' 'M' 'M' 'M' 'M'
 'M' 'M' 'M' 'M' 'M' 'M' 'M' 'M' 'M' 'M' 'M' 'M' 'M' 'M' 'M' 'M' 'M' 'M'
 'M' 'M' 'M' 'M' 'M' 'M' 'M' 'M' 'M' 'M' 'M' 'M' 'M' 'M' 'M' 'M' 'M' 'M'
 'M' 'M' 'M' 'M' 'M' 'A' 'A' 'A' 'A' 'A' 'A' 'A' 'A' 'M' 'M' 'M' 'M' 'M'
 'M' 'M' 'M' 'M' 'M' 'M' 'M' 'M' 'M' 'M' 'M' 'M' 'M' 'M' 'M' 'M' 'M' 'M'
 'M' 'M' 'M' 'M' 'M' 'M' 'M' 'M' 'M' 'M' 'M' 'M' 'M' 'M' 'M' 'M' 'M' 'M'
 'M' 'M' 'M' 'M' 'M' 'M' 'M' 'U' 'M' 'M' 'U' 'M' 'M' 'M' 'M' 'M' 'M' 'M']"
44501,0,186,6,180,12,0,0,"['A' 'M' 'M' 'M' 'M' 'M' 'M' 'M' 'M' 'M' 'M' 'M' 'M' 'U' 'M' 'M' 'M' 'M'
 'M' 'M' 'M' 'M' 'U' 'M' 'U' 'M' 'M' 'M' 'M' 'M' 'M' 'M' 'M' 'M' 'M' 'M'
 'M' 'M' 'M' 'M' 'M' 'M' 'U' 'M' 'M' 'U' 'M' 'M' 'M' 'M' 'M' 'M' 'M' 'M'
 'M' 'M' 'M' 'M' 'U' 'M' 'U' 'M' 'M' 'M' 'M' 'M' 'M' 'M' 'M' 'M' 'M' 'M'
 'M' 'M' 'M' 'M' 'M' 'M' 'M' 'M' 'M' 'M' 'M' 'M' 'M' 'M' 'U' 'M' 'M' 'M'
 'M' 'M' 'M' 'M' 'M' 'M' 'M' 'M' 'M' 'M' 'M' 'M' 'M' 'M' 'U' 'M' 'M' 'M'
 'M' 'M' 'M' 'M' 'M' 'M' 'M' 'M' 'M' 'M' 'M' 'M' 'M' 'M' 'M' 'M' 'M' 'M'
 'M' 'M' 'M' 'M' 'M' 'A' 'U' 'A' 'M' 'A' 'A' 'A' 'U' 'M' 'M' 'M' 'M' 'M'
 'M' 'M' 'M' 'M' 'M' 'M' 'M' 'M' 'M' 'M' 'M' 'M' 'M' 'M' 'M' 'M' 'M' 'M'
 'M' 'M' 'M' 'M' 'M' 'M' 'M' 'M' 'M' 'M' 'M' 'M' 'M' 'M' 'M' 'M' 'M' 'M'
 'M' 'M' 'M' 'M' 'M' 'M' 'M' 'U' 'M' 'M' 'M' 'M' 'M' 'M' 'M' 'M' 'M' 'M']"
44601,0,180,8,172,18,0,0,"['A' 'M' 'M' 'M' 'M' 'M' 'M' 'M' 'M' 'M' 'M' 'M' 'M' 'U' 'M' 'M' 'M' 'M'
 'M' 'M' 'M' 'M' 'U' 'M' 'U' 'M' 'M' 'M' 'M' 'M' 'M' 'M' 'M' 'M' 'M' 'M'
 'M' 'M' 'M' 'M' 'M' 'M' 'U' 'M' 'M' 'U' 'M' 'M' 'M' 'M' 'M' 'M' 'M' 'M'
 'M' 'M' 'M' 'M' 'U' 'M' 'U' 'M' 'M' 'M' 'M' 'M' 'M' 'M' 'M' 'M' 'M' 'M'
 'M' 'M' 'M' 'M' 'M' 'M' 'M' 'M' 'M' 'M' 'M' 'M' 'M' 'M' 'M' 'M' 'M' 'M'
 'M' 'U' 'M' 'M' 'M' 'M' 'M' 'M' 'M' 'M' 'M' 'M' 'U' 'M' 'U' 'M' 'M' 'M'
 'M' 'M' 'M' 'M' 'M' 'U' 'M' 'M' 'M' 'M' 'M' 'U' 'M' 'U' 'M' 'U' 'M' 'M'
 'M' 'M' 'M' 'M' 'M' 'A' 'A' 'A' 'A' 'U' 'A' 'A' 'A' 'M' 'M' 'M' 'M' 'M'
 'M' 'M' 'M' 'M' 'M' 'M' 'M' 'M' 'M' 'M' 'M' 'M' 'M' 'M' 'M' 'M' 'M' 'M'
 'U' 'M' 'M' 'M' 'M' 'M' 'M' 'M' 'M' 'M' 'M' 'M' 'M' 'M' 'M' 'M' 'M' 'M'
 'M' 'M' 'M' 'U' 'M' 'M' 'M' 'U' 'M' 'M' 'M' 'M' 'M' 'M' 'M' 'M' 'M' 'M']"
44701,0,186,9,177,12,0,1,"['A' 'M' 'M' 'M' 'M' 'M' 'M' 'M' 'M' 'M' 'M' 'M' 'M' 'U' 'M' 'M' 'M' 'M'
 'M' 'M' 'M' 'M' 'M' 'M' 'U' 'M' 'M' 'M' 'M' 'M' 'M' 'M' 'M' 'M' 'M' 'M'
 'M' 'M' 'M' 'M' 'M' 'M' 'A' 'M' 'M' 'M' 'M' 'M' 'M' 'M' 'M' 'M' 'M' 'M'
 'M' 'M' 'M' 'M' 'U' 'M' 'U' 'M' 'M' 'M' 'M' 'M' 'M' 'M' 'M' 'M' 'M' 'M'
 'M' 'M' 'M' 'M' 'M' 'M' 'M' 'M' 'M' 'M' 'M' 'M' 'M' 'M' 'M' 'M' 'M' 'U'
 'M' 'M' 'M' 'M' 'M' 'M' 'M' 'M' 'M' 'M' 'M' 'M' 'M' 'M' 'U' 'M' 'M' 'M'
 'M' 'M' 'M' 'M' 'M' 'U' 'M' 'M' 'M' 'M' 'M' 'M' 'M' 'A' 'M' 'U' 'M' 'M'
 'M' 'M' 'M' 'M' 'M' 'U' 'A' 'U' 'A' 'A' 'A' 'A' 'A' 'M' 'M' 'M' 'M' 'M'
 'M' 'M' 'M' 'M' 'M' 'M' 'M' 'M' 'M' 'M' 'M' 'M' 'M' 'M' 'M' 'M' 'M' 'M'
 'M' 'M' 'M' 'M' 'M' 'M' 'M' 'M' 'M' 'M' 'U' 'M' 'M' 'M' 'M' 'M' 'M' 'M'
 'M' 'M' 'M' 'M' 'M' 'M' 'M' 'M' 'M' 'U' 'M' 'M' 'M' 'M' 'M' 'M' 'M' 'M']"
44801,1,187,7,180,11,0,0,"['A' 'M' 'M' 'M' 'M' 'M' 'M' 'M' 'M' 'M' 'M' 'M' 'M' 'M' 'M' 'M' 'M' 'M'
 'M' 'M' 'M' 'M' 'M' 'M' 'U' 'M' 'M' 'M' 'M' 'M' 'M' 'M' 'M' 'M' 'M' 'M'
 'M' 'M' 'M' 'M' 'M' 'M' 'A' 'M' 'M' 'M' 'M' 'M' 'M' 'M' 'M' 'M' 'M' 'M'
 'M' 'M' 'M' 'M' 'U' 'M' 'M' 'M' 'M' 'M' 'M' 'M' 'M' 'M' 'M' 'M' 'M' 'M'
 'M' 'M' 'M' 'M' 'M' 'U' 'M' 'M' 'M' 'M' 'M' 'M' 'M' 'M' 'M' 'M' 'M' 'M'
 'M' 'M' 'M' 'M' 'M' 'M' 'U' 'M' 'M' 'M' 'M' 'M' 'M' 'M' 'U' 'M' 'M' 'M'
 'M' 'M' 'M' 'M' 'M' 'U' 'M' 'M' 'M' 'M' 'M' 'M' 'M' 'U' 'M' 'U' 'M' 'M'
 'M' 'M' 'M' 'M' 'M' 'M' 'A' 'U' 'A' 'U' 'A' 'A' 'A' 'M' 'M' 'M' 'M' 'M'
 'M' 'M' 'M' 'M' 'M' 'M' 'M' 'M' 'M' 'M' 'M' 'M' 'M' 'M' 'M' 'M' 'M' 'M'
 'M' 'M' 'M' 'M' 'M' 'M' 'M' 'M' 'M' 'M' 'M' 'M' 'M' 'M' 'M' 'M' 'M' 'M'
 'M' 'M' 'M' 'M' 'M' 'M' 'M' 'M' 'M' 'U' 'M' 'M' 'M' 'M' 'M' 'M' 'M' 'M']"
44901,0,191,9,182,7,0,0,"['A' 'M' 'M' 'M' 'M' 'M' 'M' 'M' 'M' 'M' 'M' 'M' 'M' 'M' 'M' 'M' 'M' 'M'
 'M' 'M' 'M' 'M' 'M' 'M' 'M' 'M' 'M' 'M' 'M' 'M' 'M' 'M' 'M' 'M' 'M' 'M'
 'M' 'M' 'M' 'M' 'M' 'M' 'A' 'M' 'M' 'U' 'M' 'M' 'M' 'M' 'M' 'M' 'M' 'M'
 'M' 'M' 'M' 'M' 'M' 'M' 'M' 'M' 'M' 'M' 'M' 'M' 'M' 'M' 'M' 'M' 'M' 'M'
 'M' 'M' 'M' 'M' 'U' 'M' 'M' 'M' 'M' 'M' 'M' 'M' 'M' 'M' 'M' 'M' 'M' 'M'
 'M' 'M' 'M' 'M' 'M' 'M' 'M' 'M' 'M' 'M' 'M' 'M' 'M' 'M' 'U' 'M' 'M' 'M'
 'M' 'M' 'M' 'M' 'M' 'M' 'M' 'M' 'M' 'M' 'M' 'M' 'M' 'U' 'M' 'U' 'M' 'M'
 'M' 'M' 'M' 'M' 'M' 'U' 'A' 'A' 'A' 'A' 'A' 'A' 'A' 'M' 'M' 'M' 'M' 'M'
 'M' 'M' 'M' 'M' 'M' 'M' 'M' 'M' 'M' 'M' 'M' 'M' 'M' 'M' 'M' 'M' 'M' 'M'
 'M' 'M' 'M' 'M' 'M' 'M' 'M' 'M' 'M' 'M' 'M' 'M' 'M' 'M' 'M' 'M' 'M' 'M'
 'M' 'M' 'M' 'M' 'M' 'M' 'M' 'M' 'M' 'U' 'M' 'M' 'M' 'M' 'M' 'M' 'M' 'M']"
45001,0,187,4,183,11,0,1,"['A' 'M' 'M' 'M' 'M' 'M' 'M' 'M' 'M' 'M' 'M' 'M' 'M' 'M' 'M' 'M' 'M' 'M'
 'M' 'M' 'M' 'M' 'M' 'M' 'M' 'M' 'M' 'M' 'M' 'M' 'M' 'M' 'M' 'M' 'M' 'M'
 'M' 'M' 'M' 'M' 'M' 'M' 'A' 'M' 'M' 'M' 'M' 'M' 'M' 'M' 'M' 'M' 'M' 'M'
 'M' 'M' 'M' 'M' 'M' 'M' 'M' 'M' 'M' 'M' 'M' 'M' 'M' 'M' 'M' 'U' 'M' 'M'
 'M' 'M' 'M' 'M' 'M' 'M' 'M' 'M' 'M' 'M' 'M' 'M' 'M' 'M' 'M' 'M' 'M' 'M'
 'M' 'M' 'M' 'M' 'M' 'M' 'M' 'M' 'M' 'M' 'M' 'M' 'M' 'M' 'U' 'M' 'M' 'M'
 'M' 'M' 'M' 'M' 'M' 'M' 'M' 'M' 'M' 'M' 'M' 'M' 'M' 'U' 'M' 'U' 'M' 'M'
 'M' 'M' 'M' 'M' 'M' 'M' 'M' 'U' 'U' 'U' 'A' 'U' 'A' 'M' 'M' 'M' 'M' 'M'
 'M' 'M' 'M' 'M' 'U' 'M' 'M' 'M' 'M' 'M' 'U' 'M' 'M' 'M' 'M' 'M' 'M' 'M'
 'M' 'M' 'M' 'M' 'M' 'M' 'M' 'M' 'M' 'M' 'M' 'M' 'M' 'M' 'M' 'M' 'M' 'M'
 'M' 'M' 'M' 'M' 'M' 'M' 'M' 'M' 'M' 'U' 'M' 'M' 'M' 'M' 'M' 'M' 'M' 'M']"
45101,1,185,7,178,13,0,0,"['A' 'M' 'M' 'M' 'M' 'M' 'M' 'M' 'U' 'M' 'M' 'M' 'M' 'M' 'M' 'M' 'M' 'U'
 'M' 'M' 'M' 'M' 'M' 'M' 'M' 'M' 'M' 'M' 'M' 'M' 'M' 'M' 'M' 'M' 'M' 'M'
 'M' 'M' 'M' 'M' 'M' 'M' 'A' 'M' 'M' 'M' 'M' 'M' 'M' 'M' 'M' 'M' 'M' 'U'
 'M' 'M' 'M' 'M' 'M' 'M' 'M' 'M' 'M' 'M' 'M' 'M' 'M' 'M' 'M' 'M' 'M' 'M'
 'M' 'M' 'M' 'M' 'M' 'M' 'M' 'M' 'M' 'M' 'M' 'M' 'M' 'M' 'M' 'M' 'U' 'M'
 'M' 'M' 'M' 'M' 'M' 'M' 'M' 'M' 'M' 'M' 'M' 'M' 'M' 'M' 'U' 'M' 'M' 'M'
 'M' 'M' 'U' 'M' 'M' 'M' 'M' 'M' 'M' 'M' 'M' 'M' 'M' 'U' 'M' 'U' 'M' 'M'
 'M' 'U' 'M' 'M' 'M' 'U' 'A' 'A' 'A' 'A' 'U' 'A' 'U' 'M' 'M' 'M' 'M' 'M'
 'M' 'M' 'M' 'M' 'M' 'M' 'M' 'M' 'M' 'M' 'U' 'M' 'M' 'M' 'M' 'M' 'M' 'M'
 'M' 'M' 'M' 'M' 'M' 'M' 'M' 'M' 'M' 'M' 'M' 'M' 'M' 'M' 'M' 'M' 'M' 'M'
 'M' 'M' 'M' 'M' 'M' 'M' 'M' 'M' 'M' 'M' 'M' 'M' 'M' 'M' 'M' 'M' 'M' 'M']"
45201,0,182,8,174,16,0,0,"['A' 'M' 'M' 'U' 'M' 'M' 'U' 'M' 'M' 'M' 'U' 'M' 'M' 'M' 'M' 'M' 'M' 'U'
 'M' 'M' 'M' 'M' 'U' 'M' 'M' 'M' 'M' 'M' 'M' 'M' 'M' 'M' 'M' 'M' 'M' 'M'
 'M' 'M' 'M' 'M' 'M' 'M' 'A' 'M' 'M' 'M' 'M' 'M' 'M' 'M' 'M' 'M' 'M' 'U'
 'M' 'M' 'M' 'M' 'M' 'M' 'M' 'M' 'M' 'M' 'M' 'M' 'M' 'M' 'M' 'M' 'M' 'M'
 'U' 'M' 'M' 'M' 'M' 'M' 'M' 'M' 'M' 'M' 'M' 'M' 'M' 'M' 'M' 'M' 'M' 'M'
 'M' 'M' 'M' 'M' 'M' 'M' 'M' 'M' 'M' 'M' 'M' 'M' 'M' 'M' 'U' 'M' 'M' 'M'
 'M' 'M' 'U' 'M' 'M' 'M' 'M' 'M' 'M' 'M' 'M' 'U' 'M' 'U' 'M' 'U' 'M' 'M'
 'M' 'U' 'M' 'M' 'M' 'A' 'A' 'A' 'A' 'U' 'A' 'A' 'U' 'M' 'M' 'M' 'M' 'M'
 'M' 'M' 'M' 'M' 'M' 'M' 'M' 'M' 'M' 'M' 'M' 'M' 'M' 'M' 'M' 'M' 'M' 'M'
 'M' 'M' 'M' 'U' 'M' 'M' 'M' 'M' 'M' 'M' 'M' 'M' 'M' 'M' 'M' 'M' 'M' 'M'
 'M' 'M' 'M' 'M' 'M' 'M' 'M' 'M' 'M' 'M' 'M' 'M' 'M' 'M' 'M' 'M' 'M' 'M']"
45301,1,184,8,176,14,0,0,"['A' 'M' 'M' 'U' 'M' 'M' 'M' 'M' 'M' 'M' 'M' 'M' 'M' 'M' 'M' 'M' 'M' 'U'
 'M' 'M' 'M' 'M' 'U' 'M' 'M' 'M' 'M' 'M' 'M' 'M' 'M' 'M' 'M' 'M' 'M' 'M'
 'M' 'M' 'M' 'M' 'M' 'M' 'A' 'M' 'M' 'M' 'M' 'M' 'M' 'M' 'M' 'M' 'M' 'U'
 'M' 'M' 'M' 'M' 'M' 'M' 'M' 'M' 'M' 'M' 'M' 'M' 'M' 'M' 'M' 'M' 'M' 'M'
 'M' 'M' 'M' 'M' 'M' 'M' 'M' 'M' 'M' 'M' 'M' 'M' 'M' 'M' 'M' 'M' 'M' 'M'
 'M' 'M' 'M' 'M' 'U' 'M' 'M' 'M' 'M' 'M' 'M' 'M' 'M' 'M' 'M' 'M' 'M' 'M'
 'M' 'U' 'U' 'M' 'M' 'M' 'M' 'M' 'M' 'M' 'M' 'U' 'M' 'U' 'M' 'M' 'M' 'M'
 'M' 'M' 'U' 'M' 'M' 'A' 'A' 'A' 'A' 'U' 'A' 'A' 'U' 'M' 'M' 'M' 'M' 'M'
 'M' 'M' 'M' 'M' 'M' 'M' 'M' 'M' 'M' 'M' 'M' 'M' 'U' 'M' 'M' 'M' 'M' 'M'
 'M' 'M' 'M' 'U' 'M' 'M' 'M' 'M' 'M' 'M' 'M' 'M' 'M' 'M' 'M' 'M' 'M' 'M'
 'M' 'M' 'M' 'M' 'M' 'M' 'M' 'M' 'M' 'M' 'M' 'M' 'M' 'M' 'M' 'M' 'M' 'M']"
45401,1,181,7,174,17,0,0,"['A' 'M' 'M' 'U' 'M' 'M' 'M' 'M' 'M' 'M' 'M' 'M' 'M' 'M' 'M' 'M' 'M' 'U'
 'M' 'M' 'M' 'M' 'U' 'M' 'M' 'M' 'M' 'M' 'M' 'M' 'M' 'M' 'M' 'M' 'M' 'M'
 'M' 'M' 'M' 'M' 'M' 'M' 'A' 'M' 'M' 'U' 'M' 'M' 'M' 'M' 'M' 'M' 'M' 'U'
 'M' 'M' 'M' 'M' 'M' 'M' 'M' 'M' 'M' 'M' 'M' 'M' 'M' 'M' 'M' 'M' 'M' 'M'
 'M' 'M' 'M' 'M' 'M' 'M' 'M' 'M' 'M' 'M' 'M' 'M' 'M' 'U' 'M' 'M' 'M' 'M'
 'M' 'M' 'M' 'M' 'M' 'M' 'M' 'U' 'M' 'M' 'M' 'M' 'M' 'M' 'U' 'M' 'M' 'M'
 'M' 'M' 'U' 'M' 'M' 'M' 'M' 'M' 'M' 'M' 'M' 'U' 'M' 'M' 'M' 'M' 'M' 'M'
 'M' 'M' 'U' 'M' 'U' 'A' 'U' 'A' 'A' 'A' 'A' 'U' 'U' 'M' 'M' 'M' 'M' 'M'
 'M' 'M' 'M' 'M' 'M' 'M' 'M' 'M' 'M' 'M' 'M' 'M' 'U' 'M' 'M' 'M' 'M' 'M'
 'M' 'M' 'M' 'U' 'M' 'M' 'M' 'M' 'M' 'M' 'M' 'M' 'M' 'M' 'M' 'M' 'M' 'M'
 'M' 'M' 'M' 'M' 'M' 'M' 'M' 'M' 'M' 'M' 'M' 'M' 'M' 'M' 'M' 'M' 'M' 'M']"
45501,0,181,8,173,17,0,0,"['A' 'M' 'M' 'M' 'M' 'M' 'M' 'M' 'M' 'M' 'M' 'M' 'M' 'M' 'M' 'M' 'M' 'U'
 'M' 'M' 'M' 'M' 'U' 'M' 'M' 'M' 'M' 'M' 'M' 'M' 'M' 'M' 'M' 'M' 'M' 'M'
 'M' 'M' 'M' 'M' 'M' 'U' 'A' 'M' 'U' 'U' 'M' 'M' 'M' 'M' 'M' 'M' 'M' 'U'
 'M' 'M' 'M' 'M' 'M' 'M' 'M' 'M' 'M' 'M' 'M' 'U' 'M' 'M' 'M' 'M' 'M' 'M'
 'M' 'M' 'M' 'M' 'M' 'M' 'M' 'M' 'M' 'M' 'M' 'M' 'M' 'M' 'M' 'M' 'M' 'M'
 'M' 'M' 'M' 'M' 'M' 'M' 'M' 'U' 'M' 'M' 'M' 'M' 'M' 'M' 'M' 'M' 'M' 'M'
 'M' 'M' 'U' 'M' 'M' 'M' 'M' 'M' 'M' 'M' 'M' 'M' 'U' 'M' 'M' 'M' 'M' 'M'
 'M' 'M' 'M' 'M' 'M' 'U' 'A' 'A' 'A' 'U' 'A' 'A' 'U' 'M' 'M' 'M' 'M' 'M'
 'M' 'A' 'M' 'M' 'M' 'M' 'M' 'M' 'M' 'M' 'M' 'M' 'U' 'M' 'M' 'M' 'M' 'M'
 'M' 'M' 'M' 'U' 'M' 'M' 'M' 'M' 'U' 'M' 'M' 'M' 'M' 'M' 'M' 'M' 'U' 'M'
 'M' 'M' 'M' 'M' 'M' 'M' 'M' 'M' 'M' 'M' 'M' 'M' 'M' 'M' 'M' 'M' 'M' 'M']"
45601,0,182,9,173,16,0,0,"['A' 'M' 'M' 'M' 'M' 'M' 'M' 'M' 'M' 'M' 'M' 'M' 'M' 'M' 'M' 'M' 'M' 'U'
 'M' 'M' 'M' 'M' 'U' 'M' 'M' 'M' 'M' 'M' 'M' 'M' 'M' 'M' 'U' 'M' 'M' 'M'
 'M' 'M' 'M' 'M' 'M' 'U' 'A' 'M' 'M' 'U' 'M' 'M' 'M' 'M' 'M' 'M' 'M' 'M'
 'M' 'M' 'M' 'M' 'M' 'M' 'M' 'M' 'M' 'M' 'M' 'M' 'M' 'M' 'M' 'M' 'M' 'M'
 'M' 'M' 'M' 'M' 'M' 'M' 'M' 'M' 'M' 'M' 'M' 'M' 'M' 'M' 'M' 'M' 'M' 'M'
 'U' 'M' 'M' 'M' 'M' 'M' 'M' 'A' 'M' 'M' 'M' 'M' 'M' 'M' 'M' 'M' 'M' 'M'
 'M' 'M' 'M' 'M' 'M' 'M' 'M' 'M' 'M' 'M' 'M' 'M' 'U' 'M' 'M' 'M' 'M' 'M'
 'M' 'M' 'M' 'M' 'M' 'U' 'A' 'A' 'U' 'A' 'A' 'A' 'A' 'M' 'M' 'M' 'M' 'M'
 'M' 'U' 'M' 'M' 'M' 'M' 'M' 'M' 'M' 'M' 'M' 'M' 'U' 'M' 'U' 'M' 'M' 'M'
 'M' 'M' 'M' 'U' 'M' 'M' 'M' 'M' 'U' 'M' 'M' 'M' 'M' 'M' 'M' 'M' 'U' 'U'
 'M' 'M' 'M' 'M' 'M' 'M' 'M' 'M' 'M' 'M' 'M' 'M' 'M' 'M' 'M' 'M' 'M' 'M']"
45701,0,183,7,176,15,0,0,"['A' 'M' 'M' 'M' 'M' 'M' 'M' 'M' 'M' 'M' 'M' 'M' 'M' 'M' 'M' 'M' 'M' 'M'
 'M' 'M' 'M' 'M' 'U' 'M' 'M' 'M' 'M' 'U' 'M' 'M' 'M' 'M' 'U' 'M' 'M' 'M'
 'M' 'M' 'M' 'M' 'M' 'U' 'A' 'M' 'M' 'U' 'M' 'M' 'M' 'M' 'M' 'M' 'M' 'M'
 'M' 'M' 'M' 'M' 'M' 'M' 'M' 'M' 'M' 'M' 'M' 'M' 'M' 'M' 'M' 'M' 'M' 'M'
 'M' 'M' 'M' 'M' 'M' 'M' 'M' 'M' 'M' 'M' 'M' 'U' 'M' 'M' 'M' 'M' 'M' 'M'
 'M' 'M' 'M' 'M' 'M' 'M' 'M' 'A' 'M' 'M' 'M' 'M' 'M' 'M' 'M' 'M' 'M' 'U'
 'M' 'M' 'M' 'M' 'M' 'M' 'M' 'M' 'M' 'M' 'M' 'M' 'U' 'M' 'M' 'M' 'M' 'M'
 'M' 'M' 'M' 'M' 'M' 'A' 'U' 'A' 'M' 'U' 'M' 'A' 'A' 'U' 'M' 'M' 'M' 'M'
 'M' 'M' 'M' 'M' 'M' 'M' 'M' 'M' 'M' 'M' 'M' 'M' 'U' 'M' 'M' 'M' 'M' 'M'
 'M' 'M' 'M' 'U' 'M' 'M' 'M' 'M' 'M' 'M' 'M' 'M' 'M' 'M' 'M' 'M' 'U' 'U'
 'M' 'M' 'M' 'M' 'M' 'M' 'M' 'M' 'M' 'M' 'M' 'M' 'M' 'M' 'M' 'M' 'M' 'M']"
45801,0,183,5,178,15,0,0,"['A' 'U' 'M' 'M' 'M' 'M' 'M' 'M' 'M' 'M' 'M' 'M' 'M' 'M' 'M' 'M' 'M' 'M'
 'M' 'M' 'M' 'M' 'M' 'M' 'M' 'M' 'M' 'M' 'M' 'M' 'M' 'M' 'U' 'M' 'M' 'M'
 'M' 'M' 'M' 'M' 'M' 'U' 'A' 'M' 'M' 'U' 'M' 'M' 'M' 'M' 'M' 'M' 'M' 'M'
 'M' 'M' 'M' 'M' 'M' 'M' 'M' 'M' 'M' 'M' 'M' 'M' 'U' 'M' 'M' 'M' 'M' 'M'
 'M' 'M' 'M' 'M' 'M' 'M' 'M' 'M' 'M' 'M' 'M' 'M' 'M' 'M' 'M' 'M' 'M' 'M'
 'M' 'M' 'M' 'M' 'M' 'M' 'M' 'A' 'M' 'M' 'M' 'M' 'M' 'M' 'M' 'M' 'M' 'U'
 'M' 'M' 'M' 'M' 'M' 'M' 'M' 'M' 'M' 'M' 'M' 'M' 'M' 'M' 'M' 'M' 'M' 'M'
 'M' 'M' 'M' 'M' 'M' 'U' 'M' 'U' 'U' 'A' 'U' 'A' 'U' 'U' 'M' 'M' 'M' 'M'
 'M' 'M' 'M' 'M' 'M' 'M' 'M' 'M' 'M' 'M' 'M' 'M' 'U' 'M' 'M' 'M' 'M' 'M'
 'M' 'M' 'M' 'M' 'M' 'M' 'M' 'M' 'U' 'M' 'M' 'M' 'M' 'M' 'M' 'M' 'M' 'U'
 'M' 'M' 'M' 'M' 'M' 'M' 'M' 'M' 'M' 'M' 'M' 'M' 'M' 'M' 'M' 'M' 'M' 'M']"
45901,0,188,10,178,10,0,0,"['A' 'U' 'M' 'M' 'M' 'M' 'M' 'M' 'M' 'M' 'M' 'M' 'M' 'M' 'M' 'M' 'M' 'M'
 'M' 'M' 'M' 'M' 'M' 'M' 'M' 'M' 'M' 'M' 'M' 'M' 'M' 'M' 'U' 'M' 'M' 'M'
 'M' 'M' 'M' 'M' 'M' 'U' 'A' 'M' 'M' 'M' 'M' 'M' 'M' 'M' 'M' 'M' 'M' 'M'
 'M' 'M' 'M' 'M' 'M' 'M' 'M' 'M' 'M' 'M' 'M' 'M' 'M' 'M' 'M' 'M' 'M' 'M'
 'M' 'M' 'M' 'M' 'M' 'M' 'M' 'M' 'M' 'M' 'U' 'M' 'M' 'M' 'M' 'M' 'M' 'M'
 'M' 'M' 'M' 'M' 'M' 'M' 'M' 'A' 'M' 'M' 'M' 'M' 'M' 'M' 'M' 'M' 'M' 'M'
 'M' 'M' 'M' 'M' 'M' 'M' 'M' 'M' 'M' 'M' 'M' 'M' 'M' 'M' 'M' 'M' 'M' 'M'
 'M' 'M' 'M' 'M' 'M' 'U' 'A' 'A' 'A' 'A' 'A' 'A' 'A' 'M' 'M' 'M' 'M' 'M'
 'M' 'M' 'M' 'M' 'M' 'M' 'M' 'M' 'M' 'M' 'M' 'M' 'U' 'M' 'M' 'M' 'M' 'M'
 'U' 'M' 'M' 'M' 'M' 'M' 'M' 'U' 'M' 'M' 'M' 'M' 'M' 'M' 'M' 'M' 'M' 'U'
 'M' 'M' 'M' 'M' 'M' 'U' 'M' 'M' 'M' 'M' 'M' 'M' 'M' 'M' 'M' 'M' 'M' 'M']"
46001,0,183,8,175,15,0,1,"['A' 'M' 'M' 'M' 'M' 'M' 'M' 'M' 'U' 'M' 'M' 'M' 'M' 'M' 'M' 'U' 'M' 'M'
 'M' 'M' 'M' 'M' 'M' 'M' 'M' 'M' 'M' 'M' 'M' 'M' 'M' 'M' 'U' 'M' 'M' 'M'
 'M' 'M' 'M' 'M' 'M' 'U' 'A' 'M' 'M' 'M' 'M' 'M' 'M' 'M' 'M' 'M' 'M' 'M'
 'M' 'M' 'M' 'M' 'M' 'M' 'U' 'M' 'M' 'M' 'M' 'M' 'M' 'M' 'M' 'M' 'M' 'M'
 'M' 'M' 'U' 'M' 'M' 'M' 'M' 'M' 'M' 'M' 'M' 'M' 'M' 'M' 'M' 'M' 'M' 'M'
 'M' 'M' 'M' 'M' 'M' 'U' 'M' 'A' 'M' 'M' 'M' 'M' 'M' 'M' 'M' 'M' 'M' 'M'
 'M' 'M' 'M' 'M' 'M' 'M' 'M' 'M' 'M' 'M' 'M' 'M' 'U' 'M' 'M' 'M' 'M' 'M'
 'M' 'M' 'M' 'M' 'M' 'U' 'A' 'A' 'A' 'M' 'U' 'A' 'A' 'M' 'M' 'M' 'M' 'M'
 'M' 'M' 'M' 'M' 'M' 'M' 'M' 'M' 'M' 'M' 'M' 'M' 'U' 'M' 'M' 'M' 'M' 'M'
 'M' 'M' 'M' 'M' 'M' 'M' 'M' 'U' 'M' 'M' 'M' 'M' 'M' 'M' 'M' 'M' 'M' 'U'
 'M' 'M' 'M' 'M' 'U' 'U' 'M' 'M' 'M' 'M' 'M' 'M' 'M' 'M' 'M' 'M' 'M' 'M']"
46101,1,185,7,178,13,0,1,"['A' 'M' 'M' 'M' 'M' 'M' 'M' 'M' 'M' 'M' 'M' 'M' 'M' 'M' 'M' 'U' 'M' 'M'
 'M' 'M' 'M' 'M' 'U' 'M' 'M' 'M' 'M' 'M' 'M' 'M' 'M' 'M' 'M' 'U' 'M' 'M'
 'M' 'M' 'M' 'M' 'M' 'M' 'A' 'M' 'M' 'M' 'M' 'M' 'M' 'M' 'M' 'M' 'M' 'M'
 'M' 'M' 'M' 'M' 'M' 'U' 'M' 'U' 'M' 'M' 'M' 'M' 'M' 'M' 'M' 'M' 'M' 'M'
 'M' 'M' 'M' 'M' 'M' 'M' 'M' 'M' 'M' 'M' 'M' 'M' 'M' 'M' 'M' 'M' 'M' 'M'
 'M' 'U' 'M' 'M' 'M' 'U' 'M' 'M' 'M' 'M' 'M' 'M' 'M' 'M' 'M' 'M' 'M' 'M'
 'M' 'M' 'M' 'M' 'M' 'M' 'M' 'M' 'M' 'M' 'M' 'M' 'M' 'M' 'M' 'M' 'M' 'M'
 'M' 'M' 'M' 'M' 'M' 'A' 'A' 'A' 'A' 'U' 'U' 'U' 'A' 'M' 'M' 'M' 'M' 'M'
 'M' 'M' 'M' 'M' 'M' 'M' 'M' 'M' 'M' 'M' 'M' 'M' 'M' 'M' 'M' 'M' 'M' 'M'
 'M' 'M' 'M' 'M' 'M' 'M' 'M' 'M' 'M' 'M' 'M' 'M' 'M' 'M' 'M' 'M' 'M' 'U'
 'M' 'M' 'U' 'M' 'U' 'M' 'M' 'M' 'M' 'M' 'M' 'M' 'M' 'M' 'M' 'M' 'M' 'M']"
46201,0,178,5,173,20,0,0,"['A' 'M' 'M' 'M' 'M' 'M' 'M' 'M' 'M' 'M' 'M' 'M' 'M' 'M' 'M' 'M' 'M' 'M'
 'M' 'M' 'M' 'M' 'U' 'M' 'M' 'M' 'M' 'M' 'M' 'M' 'M' 'M' 'M' 'U' 'M' 'M'
 'M' 'M' 'M' 'M' 'M' 'M' 'A' 'M' 'M' 'M' 'M' 'M' 'M' 'M' 'M' 'M' 'M' 'M'
 'M' 'M' 'M' 'M' 'M' 'U' 'M' 'U' 'M' 'M' 'M' 'M' 'M' 'M' 'M' 'M' 'U' 'M'
 'M' 'M' 'M' 'M' 'M' 'M' 'M' 'M' 'M' 'M' 'M' 'M' 'M' 'M' 'M' 'M' 'M' 'M'
 'M' 'M' 'M' 'M' 'M' 'U' 'U' 'M' 'M' 'M' 'M' 'M' 'M' 'U' 'M' 'M' 'M' 'M'
 'M' 'M' 'U' 'M' 'M' 'M' 'M' 'M' 'M' 'M' 'M' 'M' 'M' 'M' 'M' 'M' 'M' 'M'
 'M' 'U' 'M' 'U' 'M' 'U' 'A' 'A' 'A' 'U' 'U' 'U' 'U' 'M' 'M' 'M' 'M' 'M'
 'M' 'M' 'M' 'M' 'M' 'M' 'M' 'M' 'M' 'M' 'U' 'M' 'M' 'M' 'M' 'M' 'M' 'M'
 'M' 'M' 'M' 'M' 'M' 'M' 'U' 'M' 'M' 'M' 'M' 'M' 'M' 'M' 'M' 'M' 'M' 'M'
 'M' 'M' 'U' 'M' 'U' 'M' 'M' 'M' 'M' 'M' 'M' 'M' 'M' 'M' 'M' 'M' 'M' 'M']"
46301,1,183,10,173,15,0,0,"['A' 'M' 'M' 'M' 'M' 'M' 'M' 'M' 'M' 'M' 'M' 'M' 'M' 'M' 'M' 'M' 'M' 'M'
 'M' 'M' 'M' 'M' 'M' 'M' 'M' 'M' 'M' 'M' 'M' 'M' 'M' 'M' 'M' 'A' 'M' 'M'
 'M' 'U' 'M' 'M' 'M' 'M' 'A' 'M' 'M' 'M' 'U' 'M' 'M' 'M' 'M' 'M' 'M' 'M'
 'M' 'M' 'M' 'M' 'M' 'U' 'M' 'M' 'M' 'M' 'M' 'M' 'M' 'M' 'M' 'M' 'M' 'M'
 'M' 'M' 'M' 'M' 'M' 'M' 'M' 'M' 'M' 'M' 'M' 'M' 'M' 'M' 'U' 'M' 'M' 'M'
 'M' 'M' 'M' 'M' 'M' 'M' 'U' 'M' 'M' 'M' 'M' 'M' 'M' 'U' 'M' 'U' 'M' 'U'
 'M' 'M' 'M' 'M' 'M' 'M' 'M' 'M' 'M' 'M' 'M' 'M' 'M' 'M' 'M' 'M' 'M' 'M'
 'M' 'U' 'M' 'U' 'M' 'A' 'A' 'A' 'A' 'A' 'A' 'A' 'U' 'M' 'M' 'M' 'M' 'M'
 'M' 'U' 'M' 'M' 'M' 'M' 'M' 'M' 'M' 'M' 'U' 'M' 'M' 'M' 'M' 'M' 'M' 'M'
 'M' 'M' 'M' 'M' 'M' 'M' 'U' 'M' 'M' 'M' 'M' 'M' 'M' 'M' 'M' 'M' 'M' 'M'
 'M' 'M' 'U' 'M' 'M' 'M' 'M' 'M' 'M' 'M' 'M' 'M' 'M' 'M' 'M' 'M' 'M' 'M']"
46401,0,187,11,176,11,0,0,"['A' 'M' 'M' 'M' 'M' 'M' 'M' 'M' 'M' 'M' 'M' 'M' 'M' 'M' 'M' 'M' 'M' 'M'
 'M' 'M' 'M' 'M' 'M' 'M' 'M' 'M' 'M' 'M' 'M' 'M' 'M' 'M' 'M' 'A' 'M' 'M'
 'M' 'M' 'M' 'M' 'M' 'M' 'A' 'M' 'M' 'M' 'U' 'M' 'M' 'M' 'M' 'M' 'M' 'M'
 'M' 'M' 'M' 'M' 'M' 'U' 'M' 'M' 'M' 'M' 'M' 'M' 'M' 'M' 'M' 'M' 'M' 'M'
 'M' 'M' 'M' 'M' 'M' 'M' 'M' 'M' 'M' 'M' 'M' 'M' 'M' 'M' 'M' 'M' 'M' 'M'
 'M' 'M' 'U' 'M' 'M' 'M' 'U' 'M' 'M' 'M' 'M' 'M' 'M' 'U' 'M' 'A' 'M' 'U'
 'M' 'M' 'M' 'M' 'M' 'M' 'M' 'M' 'M' 'M' 'M' 'M' 'M' 'M' 'M' 'M' 'M' 'M'
 'M' 'M' 'M' 'M' 'M' 'A' 'A' 'A' 'A' 'A' 'A' 'A' 'U' 'M' 'M' 'M' 'M' 'M'
 'M' 'U' 'M' 'M' 'M' 'M' 'M' 'M' 'M' 'M' 'M' 'M' 'M' 'M' 'M' 'M' 'M' 'M'
 'M' 'M' 'M' 'M' 'M' 'M' 'U' 'M' 'M' 'M' 'M' 'M' 'M' 'M' 'U' 'M' 'M' 'M'
 'M' 'M' 'U' 'M' 'M' 'M' 'M' 'M' 'M' 'M' 'M' 'M' 'M' 'M' 'M' 'M' 'M' 'M']"
46501,0,178,9,169,20,0,0,"['A' 'M' 'M' 'M' 'M' 'M' 'M' 'M' 'M' 'M' 'M' 'M' 'M' 'M' 'M' 'M' 'M' 'U'
 'M' 'M' 'M' 'M' 'M' 'M' 'M' 'M' 'M' 'M' 'M' 'M' 'M' 'M' 'M' 'U' 'M' 'M'
 'M' 'M' 'M' 'M' 'M' 'M' 'A' 'M' 'M' 'M' 'U' 'M' 'M' 'M' 'M' 'M' 'M' 'M'
 'M' 'M' 'M' 'M' 'M' 'U' 'M' 'M' 'M' 'M' 'M' 'M' 'M' 'M' 'M' 'M' 'M' 'M'
 'M' 'M' 'M' 'M' 'M' 'M' 'M' 'M' 'M' 'M' 'M' 'M' 'M' 'U' 'M' 'M' 'M' 'M'
 'M' 'M' 'M' 'M' 'M' 'M' 'A' 'M' 'M' 'M' 'M' 'M' 'M' 'U' 'M' 'U' 'M' 'U'
 'M' 'M' 'M' 'M' 'M' 'M' 'M' 'M' 'M' 'M' 'M' 'M' 'U' 'M' 'M' 'U' 'U' 'M'
 'M' 'M' 'M' 'M' 'M' 'A' 'A' 'A' 'A' 'A' 'U' 'U' 'A' 'M' 'M' 'M' 'M' 'M'
 'M' 'U' 'M' 'M' 'M' 'M' 'M' 'M' 'M' 'M' 'M' 'M' 'M' 'M' 'M' 'M' 'M' 'M'
 'M' 'M' 'M' 'M' 'M' 'M' 'M' 'M' 'U' 'M' 'M' 'U' 'M' 'M' 'U' 'M' 'M' 'M'
 'M' 'U' 'U' 'M' 'M' 'M' 'M' 'U' 'M' 'M' 'M' 'M' 'M' 'M' 'M' 'M' 'M' 'M']"
46601,0,178,3,175,20,0,0,"['A' 'M' 'M' 'M' 'M' 'M' 'M' 'M' 'M' 'M' 'M' 'M' 'M' 'M' 'U' 'M' 'M' 'U'
 'M' 'M' 'M' 'M' 'M' 'M' 'M' 'M' 'M' 'M' 'M' 'M' 'M' 'M' 'M' 'U' 'M' 'M'
 'M' 'M' 'M' 'M' 'M' 'M' 'U' 'M' 'M' 'M' 'U' 'M' 'M' 'M' 'M' 'M' 'M' 'M'
 'M' 'M' 'M' 'M' 'M' 'U' 'M' 'M' 'M' 'M' 'M' 'M' 'M' 'M' 'M' 'M' 'M' 'M'
 'M' 'M' 'M' 'M' 'M' 'M' 'U' 'M' 'M' 'M' 'M' 'M' 'M' 'M' 'M' 'M' 'M' 'M'
 'M' 'M' 'M' 'M' 'M' 'M' 'U' 'M' 'M' 'M' 'M' 'M' 'M' 'M' 'M' 'M' 'M' 'U'
 'M' 'M' 'M' 'M' 'M' 'M' 'M' 'M' 'M' 'M' 'M' 'M' 'U' 'M' 'M' 'M' 'M' 'M'
 'M' 'M' 'M' 'M' 'M' 'M' 'M' 'A' 'U' 'M' 'U' 'U' 'A' 'M' 'M' 'M' 'M' 'M'
 'M' 'U' 'M' 'M' 'M' 'M' 'M' 'M' 'M' 'M' 'M' 'M' 'M' 'M' 'M' 'U' 'M' 'M'
 'M' 'M' 'M' 'M' 'M' 'M' 'M' 'M' 'U' 'M' 'M' 'U' 'M' 'U' 'M' 'M' 'M' 'M'
 'M' 'U' 'M' 'M' 'M' 'M' 'M' 'U' 'M' 'M' 'M' 'M' 'M' 'M' 'M' 'M' 'M' 'M']"
46701,0,180,7,173,18,0,0,"['A' 'M' 'M' 'M' 'M' 'M' 'M' 'M' 'M' 'M' 'M' 'M' 'M' 'M' 'M' 'M' 'M' 'M'
 'M' 'M' 'M' 'M' 'M' 'M' 'U' 'M' 'M' 'M' 'M' 'M' 'M' 'M' 'M' 'M' 'M' 'M'
 'M' 'M' 'M' 'M' 'M' 'M' 'U' 'M' 'M' 'M' 'U' 'M' 'M' 'M' 'M' 'M' 'M' 'U'
 'M' 'M' 'M' 'M' 'M' 'M' 'M' 'M' 'M' 'M' 'M' 'M' 'M' 'M' 'M' 'M' 'M' 'M'
 'M' 'M' 'M' 'M' 'M' 'M' 'M' 'M' 'M' 'M' 'M' 'M' 'U' 'M' 'M' 'M' 'M' 'M'
 'M' 'M' 'M' 'M' 'M' 'M' 'M' 'M' 'M' 'M' 'M' 'M' 'M' 'M' 'M' 'U' 'M' 'M'
 'U' 'M' 'M' 'M' 'M' 'M' 'M' 'M' 'M' 'M' 'M' 'M' 'U' 'M' 'M' 'M' 'M' 'M'
 'M' 'M' 'M' 'M' 'M' 'M' 'A' 'A' 'A' 'U' 'A' 'A' 'A' 'U' 'U' 'M' 'M' 'M'
 'M' 'U' 'M' 'M' 'M' 'M' 'M' 'M' 'M' 'M' 'M' 'M' 'M' 'M' 'M' 'M' 'M' 'M'
 'U' 'M' 'M' 'M' 'M' 'U' 'M' 'M' 'M' 'M' 'M' 'U' 'M' 'M' 'M' 'M' 'M' 'M'
 'M' 'U' 'M' 'M' 'M' 'M' 'M' 'U' 'M' 'M' 'M' 'M' 'M' 'M' 'M' 'M' 'U' 'M']"
46801,0,181,7,174,17,0,0,"['A' 'M' 'M' 'M' 'M' 'M' 'M' 'M' 'M' 'M' 'M' 'M' 'M' 'M' 'M' 'M' 'U' 'M'
 'M' 'M' 'M' 'M' 'M' 'M' 'U' 'M' 'M' 'M' 'M' 'M' 'M' 'M' 'M' 'M' 'U' 'M'
 'M' 'M' 'M' 'M' 'M' 'M' 'M' 'M' 'M' 'M' 'U' 'M' 'M' 'M' 'M' 'M' 'M' 'U'
 'M' 'M' 'M' 'M' 'M' 'M' 'M' 'M' 'M' 'M' 'M' 'M' 'M' 'M' 'M' 'M' 'M' 'U'
 'M' 'M' 'M' 'M' 'M' 'M' 'M' 'M' 'M' 'M' 'M' 'M' 'M' 'M' 'M' 'M' 'M' 'M'
 'M' 'M' 'M' 'M' 'M' 'M' 'M' 'M' 'U' 'M' 'M' 'M' 'M' 'M' 'M' 'U' 'M' 'M'
 'U' 'M' 'M' 'M' 'M' 'M' 'M' 'M' 'M' 'M' 'M' 'M' 'U' 'M' 'M' 'M' 'M' 'M'
 'M' 'M' 'M' 'M' 'M' 'M' 'A' 'M' 'A' 'A' 'A' 'U' 'A' 'M' 'U' 'M' 'M' 'M'
 'M' 'M' 'M' 'M' 'M' 'M' 'M' 'M' 'M' 'M' 'M' 'M' 'M' 'M' 'M' 'M' 'M' 'M'
 'U' 'M' 'M' 'M' 'M' 'U' 'M' 'M' 'M' 'M' 'M' 'U' 'M' 'M' 'M' 'M' 'M' 'M'
 'M' 'A' 'M' 'M' 'M' 'M' 'M' 'U' 'M' 'M' 'M' 'M' 'M' 'M' 'M' 'M' 'U' 'M']"
46901,0,179,7,172,19,0,0,"['A' 'M' 'U' 'M' 'M' 'M' 'M' 'M' 'M' 'M' 'M' 'M' 'M' 'M' 'M' 'M' 'U' 'M'
 'M' 'M' 'M' 'M' 'M' 'M' 'U' 'M' 'M' 'M' 'M' 'M' 'M' 'M' 'M' 'M' 'U' 'M'
 'M' 'M' 'M' 'M' 'M' 'M' 'M' 'M' 'M' 'M' 'A' 'M' 'M' 'M' 'U' 'M' 'M' 'U'
 'M' 'M' 'M' 'M' 'U' 'M' 'M' 'M' 'U' 'M' 'M' 'M' 'M' 'M' 'M' 'M' 'M' 'M'
 'M' 'M' 'M' 'M' 'M' 'M' 'M' 'M' 'M' 'M' 'M' 'M' 'M' 'M' 'M' 'M' 'M' 'M'
 'U' 'M' 'M' 'M' 'M' 'M' 'M' 'M' 'M' 'U' 'M' 'M' 'M' 'M' 'M' 'M' 'M' 'M'
 'M' 'M' 'M' 'M' 'M' 'M' 'M' 'M' 'M' 'M' 'M' 'M' 'U' 'M' 'M' 'M' 'M' 'M'
 'M' 'M' 'M' 'M' 'M' 'M' 'A' 'M' 'U' 'A' 'A' 'U' 'A' 'M' 'U' 'M' 'M' 'M'
 'M' 'M' 'M' 'M' 'M' 'M' 'M' 'M' 'U' 'M' 'M' 'M' 'M' 'M' 'M' 'M' 'M' 'M'
 'U' 'M' 'M' 'M' 'M' 'U' 'M' 'M' 'M' 'M' 'M' 'M' 'M' 'M' 'M' 'M' 'M' 'M'
 'M' 'A' 'M' 'M' 'M' 'M' 'M' 'U' 'M' 'M' 'M' 'M' 'M' 'M' 'M' 'M' 'U' 'M']"
47001,0,178,10,168,20,0,0,"['A' 'M' 'U' 'M' 'U' 'A' 'M' 'M' 'M' 'M' 'M' 'M' 'M' 'M' 'M' 'M' 'U' 'M'
 'M' 'M' 'M' 'M' 'M' 'M' 'M' 'M' 'M' 'M' 'M' 'M' 'M' 'M' 'M' 'M' 'U' 'M'
 'M' 'M' 'M' 'M' 'M' 'M' 'U' 'M' 'M' 'M' 'A' 'M' 'U' 'M' 'U' 'M' 'M' 'A'
 'M' 'M' 'M' 'M' 'M' 'M' 'M' 'M' 'U' 'M' 'M' 'M' 'M' 'M' 'M' 'M' 'M' 'M'
 'M' 'M' 'M' 'M' 'M' 'M' 'M' 'M' 'M' 'M' 'M' 'M' 'M' 'M' 'M' 'M' 'M' 'M'
 'M' 'M' 'M' 'M' 'U' 'M' 'M' 'M' 'M' 'U' 'M' 'M' 'M' 'M' 'M' 'M' 'M' 'M'
 'M' 'M' 'M' 'M' 'M' 'M' 'M' 'M' 'M' 'M' 'M' 'M' 'M' 'M' 'M' 'M' 'M' 'M'
 'M' 'M' 'M' 'M' 'M' 'A' 'U' 'A' 'U' 'A' 'U' 'A' 'A' 'M' 'U' 'M' 'U' 'M'
 'M' 'M' 'M' 'M' 'M' 'M' 'M' 'M' 'U' 'M' 'M' 'M' 'M' 'M' 'M' 'M' 'M' 'U'
 'U' 'M' 'M' 'M' 'M' 'U' 'M' 'M' 'M' 'M' 'M' 'M' 'M' 'M' 'M' 'M' 'M' 'M'
 'M' 'A' 'M' 'M' 'M' 'M' 'M' 'M' 'M' 'M' 'M' 'M' 'M' 'M' 'M' 'M' 'U' 'M']"
47101,0,179,8,171,19,0,0,"['A' 'M' 'M' 'M' 'U' 'A' 'M' 'M' 'M' 'M' 'M' 'M' 'M' 'M' 'M' 'U' 'U' 'M'
 'M' 'M' 'M' 'M' 'M' 'M' 'M' 'M' 'M' 'M' 'M' 'M' 'M' 'M' 'M' 'M' 'U' 'M'
 'M' 'M' 'M' 'M' 'M' 'M' 'M' 'M' 'M' 'M' 'U' 'U' 'M' 'M' 'U' 'M' 'M' 'A'
 'M' 'M' 'M' 'M' 'M' 'M' 'M' 'M' 'U' 'M' 'M' 'M' 'M' 'M' 'M' 'M' 'M' 'M'
 'M' 'M' 'U' 'M' 'M' 'M' 'M' 'M' 'M' 'M' 'M' 'M' 'M' 'M' 'M' 'M' 'M' 'M'
 'M' 'M' 'M' 'M' 'M' 'M' 'M' 'M' 'M' 'U' 'M' 'M' 'M' 'M' 'M' 'M' 'M' 'M'
 'M' 'M' 'M' 'M' 'M' 'M' 'M' 'M' 'M' 'U' 'M' 'M' 'M' 'M' 'M' 'M' 'M' 'M'
 'M' 'M' 'M' 'M' 'M' 'A' 'U' 'U' 'U' 'A' 'A' 'A' 'A' 'M' 'M' 'M' 'U' 'U'
 'M' 'M' 'M' 'M' 'M' 'M' 'M' 'M' 'M' 'M' 'M' 'M' 'M' 'M' 'M' 'M' 'M' 'M'
 'U' 'M' 'M' 'M' 'M' 'M' 'M' 'M' 'M' 'M' 'M' 'M' 'M' 'M' 'M' 'M' 'U' 'M'
 'M' 'M' 'M' 'M' 'M' 'M' 'M' 'M' 'M' 'M' 'M' 'M' 'M' 'M' 'M' 'M' 'U' 'M']"
47201,0,177,6,171,21,0,0,"['A' 'M' 'M' 'M' 'U' 'A' 'M' 'M' 'M' 'M' 'M' 'M' 'M' 'M' 'M' 'U' 'U' 'M'
 'M' 'M' 'M' 'M' 'M' 'M' 'M' 'M' 'M' 'M' 'M' 'M' 'M' 'M' 'M' 'M' 'U' 'M'
 'M' 'M' 'M' 'M' 'M' 'M' 'M' 'M' 'M' 'M' 'U' 'U' 'M' 'M' 'U' 'M' 'M' 'U'
 'M' 'M' 'M' 'M' 'M' 'M' 'M' 'M' 'U' 'M' 'M' 'M' 'M' 'M' 'M' 'M' 'M' 'M'
 'M' 'M' 'M' 'M' 'M' 'M' 'M' 'M' 'M' 'M' 'M' 'M' 'U' 'M' 'M' 'M' 'M' 'M'
 'M' 'M' 'M' 'M' 'M' 'M' 'M' 'M' 'M' 'U' 'M' 'M' 'M' 'M' 'M' 'M' 'M' 'M'
 'M' 'M' 'M' 'M' 'M' 'M' 'M' 'M' 'M' 'U' 'M' 'M' 'M' 'M' 'M' 'M' 'M' 'M'
 'M' 'M' 'M' 'M' 'M' 'A' 'U' 'M' 'U' 'A' 'U' 'A' 'A' 'M' 'M' 'M' 'M' 'M'
 'M' 'M' 'M' 'M' 'M' 'M' 'U' 'M' 'M' 'M' 'M' 'M' 'M' 'M' 'M' 'M' 'M' 'M'
 'U' 'M' 'M' 'M' 'M' 'M' 'M' 'M' 'M' 'M' 'M' 'M' 'U' 'M' 'M' 'M' 'U' 'U'
 'M' 'M' 'M' 'M' 'M' 'M' 'M' 'M' 'M' 'M' 'M' 'M' 'M' 'M' 'M' 'M' 'U' 'M']"
47301,0,186,9,177,12,0,0,"['A' 'M' 'M' 'M' 'M' 'A' 'M' 'M' 'M' 'M' 'M' 'M' 'U' 'M' 'M' 'U' 'U' 'M'
 'M' 'M' 'M' 'M' 'M' 'M' 'M' 'M' 'M' 'M' 'M' 'M' 'M' 'M' 'M' 'M' 'U' 'M'
 'M' 'M' 'M' 'M' 'M' 'M' 'M' 'M' 'M' 'M' 'U' 'M' 'M' 'M' 'M' 'M' 'M' 'U'
 'M' 'M' 'M' 'M' 'M' 'M' 'M' 'M' 'M' 'M' 'M' 'M' 'M' 'M' 'M' 'M' 'M' 'U'
 'M' 'M' 'M' 'M' 'M' 'M' 'M' 'M' 'M' 'M' 'M' 'M' 'M' 'M' 'M' 'M' 'M' 'M'
 'M' 'M' 'M' 'M' 'M' 'M' 'M' 'M' 'M' 'M' 'M' 'M' 'M' 'M' 'M' 'M' 'U' 'M'
 'M' 'M' 'M' 'M' 'M' 'M' 'M' 'M' 'M' 'M' 'M' 'M' 'M' 'M' 'M' 'M' 'M' 'M'
 'M' 'M' 'M' 'M' 'M' 'A' 'A' 'M' 'A' 'A' 'A' 'A' 'A' 'M' 'M' 'M' 'M' 'M'
 'M' 'M' 'M' 'M' 'M' 'M' 'M' 'M' 'M' 'M' 'M' 'M' 'M' 'M' 'M' 'M' 'M' 'M'
 'U' 'M' 'M' 'M' 'M' 'M' 'M' 'M' 'M' 'M' 'M' 'M' 'U' 'M' 'M' 'M' 'U' 'U'
 'M' 'M' 'M' 'M' 'M' 'M' 'M' 'M' 'M' 'M' 'M' 'M' 'M' 'M' 'M' 'M' 'M' 'M']"
47401,1,182,11,171,16,0,0,"['A' 'M' 'M' 'M' 'M' 'A' 'M' 'M' 'M' 'M' 'M' 'M' 'U' 'M' 'U' 'M' 'U' 'M'
 'M' 'M' 'M' 'M' 'M' 'M' 'M' 'M' 'M' 'M' 'M' 'M' 'U' 'M' 'M' 'M' 'U' 'M'
 'M' 'M' 'M' 'M' 'M' 'M' 'M' 'M' 'M' 'M' 'M' 'U' 'U' 'M' 'M' 'M' 'M' 'U'
 'M' 'M' 'M' 'M' 'M' 'M' 'M' 'M' 'M' 'M' 'M' 'M' 'M' 'M' 'M' 'M' 'M' 'M'
 'M' 'M' 'M' 'M' 'M' 'M' 'M' 'M' 'M' 'M' 'M' 'M' 'M' 'M' 'M' 'U' 'M' 'M'
 'M' 'M' 'M' 'M' 'M' 'M' 'M' 'M' 'M' 'M' 'M' 'M' 'M' 'M' 'M' 'M' 'A' 'M'
 'M' 'M' 'M' 'M' 'M' 'M' 'M' 'M' 'M' 'M' 'M' 'M' 'M' 'M' 'M' 'M' 'M' 'M'
 'M' 'M' 'M' 'M' 'M' 'A' 'A' 'A' 'A' 'A' 'A' 'A' 'A' 'M' 'M' 'M' 'M' 'M'
 'M' 'M' 'M' 'M' 'M' 'M' 'M' 'M' 'M' 'M' 'M' 'M' 'M' 'M' 'M' 'M' 'U' 'M'
 'U' 'M' 'M' 'U' 'M' 'M' 'M' 'M' 'M' 'M' 'U' 'M' 'U' 'M' 'M' 'M' 'U' 'M'
 'M' 'M' 'M' 'M' 'M' 'U' 'M' 'M' 'M' 'M' 'M' 'M' 'M' 'M' 'M' 'M' 'M' 'M']"
47501,0,182,10,172,16,0,0,"['A' 'M' 'M' 'M' 'M' 'A' 'M' 'M' 'M' 'M' 'M' 'M' 'U' 'M' 'U' 'M' 'M' 'M'
 'M' 'M' 'M' 'M' 'M' 'M' 'M' 'M' 'M' 'M' 'M' 'M' 'U' 'M' 'M' 'M' 'U' 'M'
 'M' 'M' 'M' 'M' 'M' 'M' 'M' 'M' 'M' 'M' 'M' 'M' 'U' 'M' 'M' 'M' 'M' 'U'
 'M' 'U' 'M' 'M' 'M' 'M' 'M' 'M' 'M' 'M' 'M' 'M' 'M' 'M' 'M' 'M' 'M' 'M'
 'M' 'M' 'M' 'M' 'M' 'M' 'M' 'M' 'M' 'M' 'M' 'M' 'M' 'M' 'M' 'M' 'M' 'M'
 'M' 'M' 'M' 'U' 'M' 'M' 'M' 'M' 'M' 'M' 'M' 'M' 'M' 'M' 'M' 'M' 'U' 'U'
 'M' 'M' 'M' 'M' 'M' 'M' 'M' 'M' 'M' 'M' 'M' 'M' 'M' 'M' 'M' 'M' 'M' 'M'
 'M' 'U' 'M' 'M' 'M' 'A' 'A' 'A' 'A' 'A' 'A' 'A' 'A' 'M' 'M' 'M' 'M' 'M'
 'M' 'M' 'M' 'M' 'M' 'M' 'M' 'M' 'M' 'M' 'M' 'M' 'M' 'M' 'M' 'M' 'M' 'M'
 'U' 'M' 'M' 'U' 'M' 'M' 'M' 'M' 'M' 'M' 'U' 'M' 'M' 'M' 'M' 'M' 'U' 'M'
 'M' 'M' 'M' 'M' 'M' 'U' 'M' 'M' 'M' 'M' 'M' 'M' 'M' 'M' 'M' 'M' 'M' 'M']"
47601,0,178,8,170,20,0,0,"['A' 'M' 'M' 'M' 'M' 'M' 'M' 'M' 'M' 'M' 'M' 'M' 'M' 'M' 'M' 'M' 'M' 'M'
 'M' 'M' 'M' 'M' 'M' 'M' 'M' 'M' 'M' 'M' 'U' 'M' 'U' 'M' 'M' 'M' 'U' 'M'
 'M' 'M' 'M' 'M' 'U' 'M' 'M' 'U' 'U' 'M' 'M' 'M' 'U' 'M' 'M' 'M' 'M' 'U'
 'M' 'U' 'M' 'M' 'M' 'M' 'M' 'M' 'M' 'M' 'M' 'U' 'M' 'M' 'M' 'M' 'M' 'M'
 'M' 'M' 'M' 'M' 'M' 'M' 'M' 'M' 'M' 'M' 'M' 'M' 'M' 'M' 'M' 'M' 'M' 'M'
 'M' 'M' 'M' 'M' 'M' 'M' 'M' 'M' 'M' 'M' 'M' 'M' 'M' 'M' 'M' 'M' 'U' 'M'
 'M' 'M' 'M' 'M' 'M' 'M' 'M' 'M' 'M' 'M' 'M' 'M' 'M' 'M' 'M' 'M' 'M' 'M'
 'M' 'A' 'M' 'M' 'M' 'M' 'A' 'A' 'U' 'A' 'A' 'A' 'A' 'M' 'M' 'M' 'M' 'M'
 'M' 'M' 'M' 'M' 'M' 'M' 'M' 'M' 'M' 'M' 'M' 'M' 'M' 'M' 'M' 'M' 'M' 'M'
 'U' 'M' 'U' 'U' 'M' 'M' 'M' 'M' 'M' 'M' 'U' 'M' 'U' 'M' 'M' 'M' 'M' 'M'
 'M' 'M' 'M' 'M' 'M' 'U' 'U' 'M' 'M' 'M' 'M' 'M' 'M' 'M' 'M' 'M' 'M' 'U']"
47701,0,184,9,175,14,0,0,"['A' 'M' 'M' 'M' 'M' 'M' 'M' 'M' 'M' 'M' 'M' 'M' 'M' 'M' 'M' 'M' 'M' 'M'
 'M' 'M' 'M' 'M' 'M' 'M' 'M' 'M' 'M' 'M' 'U' 'M' 'U' 'M' 'M' 'M' 'U' 'M'
 'M' 'M' 'M' 'M' 'M' 'M' 'M' 'M' 'U' 'M' 'M' 'M' 'M' 'M' 'M' 'M' 'M' 'U'
 'M' 'M' 'M' 'M' 'M' 'M' 'M' 'M' 'M' 'M' 'M' 'M' 'M' 'M' 'M' 'M' 'M' 'M'
 'U' 'M' 'M' 'M' 'M' 'M' 'M' 'M' 'M' 'M' 'M' 'M' 'M' 'M' 'M' 'M' 'M' 'M'
 'M' 'M' 'M' 'M' 'M' 'U' 'M' 'M' 'M' 'M' 'M' 'M' 'M' 'M' 'M' 'M' 'M' 'M'
 'M' 'M' 'M' 'M' 'M' 'M' 'M' 'M' 'M' 'M' 'M' 'M' 'M' 'M' 'M' 'M' 'M' 'M'
 'M' 'A' 'M' 'M' 'M' 'A' 'U' 'U' 'A' 'A' 'A' 'A' 'A' 'M' 'M' 'M' 'M' 'M'
 'M' 'M' 'M' 'M' 'M' 'M' 'M' 'M' 'M' 'M' 'M' 'M' 'M' 'M' 'M' 'M' 'M' 'M'
 'U' 'M' 'M' 'U' 'M' 'M' 'M' 'M' 'M' 'M' 'U' 'M' 'U' 'M' 'M' 'M' 'M' 'M'
 'M' 'M' 'M' 'M' 'M' 'M' 'U' 'M' 'M' 'M' 'M' 'M' 'M' 'M' 'M' 'M' 'M' 'A']"
47801,0,179,9,170,19,0,0,"['A' 'M' 'M' 'M' 'M' 'M' 'M' 'U' 'M' 'M' 'M' 'M' 'M' 'M' 'M' 'M' 'M' 'M'
 'M' 'M' 'M' 'M' 'M' 'M' 'M' 'M' 'M' 'M' 'U' 'M' 'U' 'M' 'M' 'M' 'U' 'M'
 'M' 'M' 'M' 'M' 'M' 'M' 'M' 'M' 'U' 'M' 'M' 'M' 'M' 'M' 'M' 'M' 'M' 'U'
 'M' 'U' 'M' 'M' 'M' 'M' 'M' 'M' 'M' 'M' 'U' 'M' 'M' 'M' 'M' 'M' 'M' 'M'
 'M' 'M' 'M' 'M' 'M' 'M' 'M' 'M' 'M' 'M' 'M' 'M' 'U' 'M' 'M' 'M' 'M' 'M'
 'M' 'M' 'M' 'M' 'M' 'U' 'M' 'M' 'M' 'M' 'M' 'M' 'M' 'M' 'M' 'M' 'M' 'M'
 'M' 'M' 'M' 'M' 'M' 'M' 'M' 'M' 'M' 'M' 'M' 'M' 'U' 'M' 'M' 'M' 'M' 'M'
 'U' 'A' 'M' 'M' 'M' 'A' 'U' 'A' 'A' 'A' 'A' 'A' 'A' 'M' 'M' 'M' 'M' 'M'
 'M' 'M' 'M' 'M' 'M' 'M' 'M' 'M' 'M' 'M' 'M' 'M' 'M' 'M' 'M' 'U' 'M' 'M'
 'U' 'M' 'M' 'M' 'M' 'M' 'M' 'M' 'M' 'M' 'U' 'M' 'U' 'M' 'M' 'M' 'M' 'M'
 'M' 'M' 'M' 'M' 'M' 'M' 'U' 'M' 'M' 'M' 'M' 'M' 'M' 'M' 'M' 'M' 'M' 'U']"
47901,1,182,9,173,16,0,0,"['A' 'M' 'M' 'M' 'M' 'M' 'M' 'M' 'M' 'M' 'M' 'M' 'M' 'M' 'M' 'M' 'M' 'M'
 'M' 'M' 'M' 'M' 'M' 'M' 'M' 'M' 'M' 'M' 'M' 'M' 'U' 'M' 'M' 'M' 'U' 'M'
 'M' 'M' 'M' 'M' 'M' 'M' 'M' 'U' 'M' 'M' 'M' 'M' 'M' 'M' 'M' 'M' 'M' 'M'
 'M' 'M' 'M' 'M' 'M' 'M' 'M' 'M' 'M' 'M' 'U' 'M' 'M' 'M' 'M' 'M' 'M' 'M'
 'M' 'M' 'M' 'M' 'M' 'M' 'M' 'M' 'M' 'M' 'M' 'M' 'M' 'M' 'M' 'M' 'U' 'M'
 'M' 'M' 'M' 'M' 'M' 'U' 'U' 'M' 'M' 'M' 'M' 'M' 'M' 'M' 'M' 'M' 'M' 'M'
 'M' 'M' 'M' 'M' 'M' 'M' 'M' 'M' 'M' 'M' 'M' 'U' 'U' 'M' 'M' 'M' 'M' 'M'
 'U' 'U' 'M' 'M' 'M' 'A' 'A' 'A' 'A' 'A' 'A' 'A' 'A' 'M' 'M' 'M' 'M' 'M'
 'M' 'M' 'M' 'M' 'U' 'M' 'M' 'M' 'M' 'M' 'M' 'M' 'M' 'M' 'M' 'M' 'M' 'M'
 'U' 'M' 'M' 'M' 'M' 'M' 'M' 'M' 'M' 'M' 'M' 'M' 'U' 'M' 'M' 'M' 'M' 'M'
 'M' 'M' 'M' 'M' 'M' 'M' 'U' 'M' 'M' 'M' 'M' 'M' 'M' 'M' 'M' 'M' 'M' 'U']"
48001,1,184,7,177,14,0,0,"['A' 'M' 'M' 'M' 'M' 'M' 'M' 'M' 'M' 'M' 'M' 'M' 'M' 'M' 'M' 'M' 'M' 'M'
 'M' 'M' 'M' 'U' 'M' 'M' 'M' 'M' 'M' 'M' 'M' 'M' 'U' 'M' 'M' 'M' 'U' 'M'
 'M' 'M' 'M' 'M' 'M' 'M' 'M' 'M' 'M' 'M' 'M' 'M' 'M' 'M' 'M' 'M' 'M' 'M'
 'M' 'M' 'M' 'M' 'M' 'M' 'M' 'M' 'M' 'M' 'M' 'M' 'M' 'M' 'M' 'M' 'M' 'M'
 'M' 'M' 'M' 'U' 'M' 'M' 'M' 'M' 'M' 'M' 'M' 'M' 'M' 'M' 'M' 'M' 'M' 'M'
 'M' 'M' 'M' 'M' 'M' 'U' 'M' 'M' 'M' 'U' 'M' 'M' 'M' 'M' 'M' 'M' 'M' 'M'
 'M' 'M' 'M' 'M' 'M' 'M' 'M' 'M' 'M' 'M' 'M' 'U' 'U' 'M' 'M' 'M' 'M' 'M'
 'U' 'M' 'M' 'M' 'M' 'A' 'A' 'U' 'A' 'A' 'A' 'A' 'U' 'M' 'M' 'M' 'M' 'M'
 'M' 'M' 'M' 'M' 'M' 'M' 'M' 'M' 'M' 'M' 'M' 'M' 'M' 'M' 'M' 'M' 'M' 'M'
 'U' 'M' 'M' 'M' 'M' 'M' 'M' 'M' 'M' 'M' 'M' 'M' 'U' 'M' 'M' 'M' 'M' 'M'
 'M' 'M' 'M' 'M' 'M' 'M' 'U' 'M' 'M' 'M' 'M' 'M' 'M' 'M' 'M' 'M' 'M' 'M']"
48101,0,187,9,178,11,0,0,"['A' 'M' 'M' 'M' 'M' 'M' 'M' 'M' 'M' 'M' 'M' 'M' 'M' 'M' 'M' 'M' 'M' 'M'
 'M' 'M' 'M' 'M' 'M' 'M' 'M' 'M' 'M' 'M' 'M' 'M' 'U' 'M' 'M' 'M' 'M' 'M'
 'M' 'M' 'M' 'M' 'M' 'M' 'M' 'M' 'M' 'M' 'M' 'M' 'M' 'M' 'M' 'M' 'M' 'M'
 'M' 'M' 'M' 'M' 'M' 'M' 'M' 'M' 'M' 'M' 'M' 'M' 'M' 'M' 'M' 'M' 'M' 'M'
 'M' 'M' 'M' 'M' 'M' 'U' 'M' 'M' 'M' 'M' 'M' 'M' 'M' 'M' 'M' 'M' 'M' 'M'
 'M' 'M' 'M' 'M' 'M' 'U' 'M' 'M' 'M' 'U' 'M' 'M' 'M' 'M' 'M' 'M' 'M' 'M'
 'M' 'M' 'M' 'M' 'M' 'M' 'M' 'M' 'M' 'M' 'M' 'M' 'U' 'M' 'M' 'M' 'M' 'M'
 'U' 'M' 'M' 'M' 'M' 'A' 'A' 'A' 'A' 'A' 'A' 'A' 'A' 'U' 'M' 'M' 'M' 'M'
 'M' 'M' 'U' 'M' 'M' 'M' 'M' 'M' 'M' 'M' 'M' 'M' 'M' 'M' 'M' 'M' 'M' 'M'
 'M' 'M' 'M' 'M' 'M' 'M' 'M' 'M' 'M' 'M' 'M' 'M' 'M' 'M' 'M' 'U' 'M' 'M'
 'M' 'M' 'U' 'M' 'M' 'M' 'U' 'M' 'M' 'M' 'M' 'M' 'M' 'M' 'M' 'M' 'M' 'M']"
48201,0,181,7,174,17,0,0,"['A' 'M' 'M' 'M' 'M' 'M' 'M' 'M' 'M' 'M' 'M' 'M' 'M' 'M' 'M' 'M' 'M' 'M'
 'M' 'M' 'M' 'M' 'M' 'M' 'M' 'M' 'M' 'M' 'M' 'M' 'U' 'M' 'M' 'M' 'M' 'M'
 'M' 'M' 'M' 'M' 'M' 'M' 'M' 'U' 'M' 'M' 'M' 'M' 'M' 'M' 'M' 'M' 'M' 'M'
 'M' 'U' 'M' 'M' 'M' 'M' 'M' 'M' 'M' 'M' 'M' 'M' 'M' 'M' 'M' 'M' 'M' 'U'
 'M' 'M' 'M' 'M' 'M' 'M' 'M' 'M' 'M' 'M' 'M' 'M' 'M' 'M' 'M' 'M' 'M' 'M'
 'M' 'M' 'M' 'M' 'M' 'U' 'M' 'M' 'M' 'M' 'M' 'U' 'M' 'M' 'M' 'M' 'M' 'M'
 'M' 'M' 'M' 'M' 'M' 'M' 'M' 'M' 'M' 'M' 'M' 'M' 'U' 'M' 'M' 'M' 'M' 'M'
 'U' 'M' 'M' 'M' 'M' 'U' 'A' 'A' 'A' 'A' 'U' 'A' 'A' 'U' 'M' 'M' 'M' 'M'
 'M' 'M' 'U' 'M' 'M' 'M' 'U' 'M' 'M' 'M' 'M' 'M' 'M' 'M' 'M' 'M' 'M' 'M'
 'M' 'M' 'M' 'M' 'M' 'U' 'M' 'M' 'M' 'M' 'M' 'M' 'M' 'M' 'M' 'U' 'M' 'M'
 'M' 'M' 'U' 'M' 'M' 'M' 'U' 'M' 'M' 'M' 'M' 'M' 'M' 'M' 'M' 'M' 'M' 'M']"
48301,0,186,8,178,12,0,0,"['A' 'M' 'M' 'M' 'M' 'M' 'M' 'M' 'M' 'M' 'M' 'M' 'M' 'M' 'M' 'M' 'M' 'M'
 'M' 'M' 'M' 'M' 'M' 'M' 'M' 'M' 'M' 'M' 'M' 'M' 'U' 'M' 'M' 'U' 'M' 'M'
 'M' 'M' 'M' 'M' 'M' 'M' 'M' 'M' 'M' 'M' 'M' 'M' 'M' 'M' 'M' 'M' 'M' 'M'
 'M' 'U' 'M' 'M' 'M' 'M' 'M' 'M' 'M' 'M' 'M' 'M' 'M' 'M' 'M' 'M' 'M' 'M'
 'M' 'M' 'M' 'U' 'M' 'M' 'M' 'M' 'M' 'M' 'M' 'M' 'M' 'M' 'M' 'M' 'M' 'M'
 'M' 'M' 'M' 'M' 'M' 'U' 'M' 'M' 'M' 'M' 'M' 'U' 'M' 'M' 'M' 'M' 'M' 'M'
 'M' 'M' 'M' 'M' 'M' 'M' 'M' 'M' 'M' 'M' 'M' 'M' 'M' 'M' 'M' 'M' 'M' 'U'
 'U' 'U' 'M' 'M' 'M' 'M' 'A' 'A' 'A' 'A' 'A' 'A' 'A' 'U' 'M' 'M' 'M' 'M'
 'M' 'M' 'M' 'M' 'M' 'M' 'M' 'M' 'M' 'M' 'M' 'M' 'M' 'M' 'M' 'M' 'M' 'M'
 'M' 'M' 'M' 'M' 'M' 'M' 'M' 'M' 'M' 'M' 'M' 'M' 'M' 'M' 'M' 'M' 'M' 'U'
 'M' 'M' 'M' 'M' 'M' 'M' 'U' 'M' 'M' 'M' 'M' 'M' 'M' 'M' 'M' 'M' 'M' 'M']"
48401,0,182,8,174,16,0,0,"['A' 'M' 'M' 'M' 'M' 'M' 'M' 'M' 'M' 'M' 'M' 'M' 'M' 'M' 'M' 'M' 'M' 'M'
 'M' 'M' 'M' 'M' 'M' 'M' 'M' 'U' 'M' 'M' 'M' 'M' 'U' 'M' 'M' 'U' 'M' 'M'
 'M' 'M' 'M' 'M' 'M' 'M' 'M' 'M' 'M' 'M' 'M' 'M' 'M' 'M' 'M' 'M' 'M' 'M'
 'M' 'U' 'M' 'M' 'M' 'M' 'M' 'M' 'M' 'U' 'M' 'M' 'M' 'M' 'M' 'M' 'M' 'M'
 'M' 'M' 'M' 'M' 'M' 'M' 'M' 'U' 'M' 'M' 'M' 'M' 'M' 'M' 'M' 'M' 'M' 'M'
 'M' 'M' 'M' 'M' 'M' 'U' 'M' 'M' 'M' 'U' 'M' 'U' 'M' 'M' 'M' 'M' 'U' 'M'
 'M' 'U' 'M' 'M' 'M' 'M' 'M' 'M' 'M' 'M' 'M' 'M' 'M' 'M' 'M' 'M' 'M' 'U'
 'M' 'M' 'M' 'M' 'M' 'U' 'A' 'A' 'A' 'A' 'A' 'A' 'A' 'U' 'M' 'M' 'M' 'M'
 'M' 'M' 'M' 'M' 'M' 'M' 'M' 'M' 'M' 'M' 'M' 'M' 'M' 'M' 'M' 'M' 'M' 'M'
 'M' 'M' 'M' 'M' 'M' 'M' 'M' 'M' 'M' 'M' 'M' 'M' 'U' 'M' 'M' 'M' 'M' 'U'
 'M' 'M' 'M' 'M' 'M' 'M' 'M' 'M' 'M' 'M' 'M' 'M' 'M' 'M' 'M' 'M' 'M' 'M']"
48501,0,183,6,177,15,0,0,"['A' 'M' 'M' 'M' 'M' 'M' 'M' 'M' 'M' 'M' 'M' 'M' 'M' 'M' 'M' 'M' 'M' 'M'
 'M' 'M' 'M' 'M' 'M' 'M' 'M' 'U' 'M' 'M' 'M' 'M' 'U' 'M' 'M' 'U' 'M' 'M'
 'M' 'M' 'M' 'M' 'M' 'M' 'M' 'M' 'M' 'M' 'M' 'M' 'M' 'M' 'M' 'M' 'M' 'M'
 'M' 'U' 'M' 'M' 'M' 'M' 'M' 'M' 'M' 'M' 'M' 'M' 'M' 'M' 'M' 'M' 'M' 'M'
 'M' 'M' 'M' 'M' 'M' 'M' 'M' 'M' 'M' 'M' 'M' 'M' 'M' 'M' 'M' 'M' 'U' 'M'
 'M' 'M' 'M' 'M' 'M' 'M' 'M' 'M' 'M' 'M' 'M' 'U' 'M' 'M' 'M' 'M' 'U' 'M'
 'M' 'M' 'M' 'M' 'M' 'M' 'M' 'M' 'M' 'M' 'M' 'M' 'M' 'M' 'M' 'M' 'M' 'M'
 'M' 'M' 'M' 'M' 'M' 'A' 'A' 'U' 'U' 'A' 'A' 'A' 'U' 'M' 'M' 'M' 'M' 'M'
 'M' 'M' 'M' 'M' 'M' 'M' 'M' 'M' 'M' 'M' 'M' 'M' 'M' 'M' 'M' 'M' 'M' 'U'
 'M' 'M' 'M' 'M' 'M' 'M' 'M' 'M' 'U' 'M' 'M' 'M' 'U' 'M' 'M' 'M' 'M' 'U'
 'M' 'M' 'M' 'M' 'M' 'M' 'M' 'M' 'M' 'M' 'M' 'M' 'M' 'U' 'M' 'M' 'M' 'M']"
48601,0,181,3,178,17,0,0,"['A' 'M' 'M' 'M' 'M' 'M' 'M' 'M' 'M' 'M' 'M' 'M' 'M' 'M' 'M' 'M' 'M' 'M'
 'M' 'M' 'M' 'M' 'M' 'M' 'M' 'M' 'M' 'M' 'M' 'M' 'M' 'M' 'M' 'U' 'M' 'M'
 'M' 'M' 'M' 'M' 'M' 'M' 'M' 'M' 'M' 'M' 'M' 'M' 'M' 'M' 'M' 'M' 'M' 'M'
 'U' 'U' 'M' 'M' 'M' 'M' 'M' 'M' 'M' 'M' 'M' 'M' 'M' 'M' 'M' 'M' 'M' 'M'
 'M' 'M' 'M' 'M' 'M' 'M' 'M' 'M' 'M' 'M' 'M' 'M' 'M' 'M' 'U' 'M' 'M' 'M'
 'M' 'M' 'M' 'M' 'M' 'M' 'M' 'M' 'M' 'M' 'M' 'U' 'M' 'M' 'M' 'M' 'U' 'M'
 'M' 'M' 'M' 'M' 'M' 'M' 'M' 'M' 'U' 'M' 'M' 'M' 'M' 'M' 'M' 'M' 'M' 'M'
 'M' 'M' 'M' 'M' 'M' 'A' 'U' 'U' 'U' 'M' 'A' 'U' 'M' 'M' 'M' 'M' 'M' 'M'
 'M' 'M' 'M' 'M' 'M' 'U' 'M' 'M' 'M' 'M' 'M' 'M' 'M' 'M' 'M' 'M' 'M' 'U'
 'M' 'M' 'M' 'M' 'M' 'M' 'M' 'M' 'U' 'M' 'M' 'M' 'U' 'M' 'M' 'M' 'M' 'U'
 'M' 'M' 'M' 'M' 'M' 'M' 'M' 'M' 'M' 'M' 'M' 'M' 'M' 'U' 'M' 'M' 'M' 'M']"
48701,0,182,5,177,16,0,0,"['A' 'M' 'M' 'M' 'M' 'M' 'M' 'M' 'M' 'M' 'M' 'M' 'M' 'M' 'M' 'M' 'M' 'M'
 'M' 'M' 'M' 'M' 'M' 'M' 'M' 'M' 'M' 'M' 'M' 'M' 'M' 'M' 'M' 'U' 'M' 'M'
 'M' 'M' 'M' 'M' 'M' 'M' 'M' 'M' 'M' 'M' 'M' 'M' 'M' 'M' 'M' 'M' 'M' 'M'
 'U' 'U' 'M' 'M' 'M' 'M' 'M' 'M' 'M' 'M' 'M' 'M' 'M' 'M' 'M' 'M' 'M' 'M'
 'M' 'M' 'M' 'M' 'M' 'M' 'M' 'M' 'M' 'M' 'M' 'M' 'M' 'M' 'U' 'M' 'M' 'M'
 'M' 'M' 'M' 'M' 'M' 'M' 'M' 'M' 'M' 'M' 'M' 'U' 'M' 'M' 'M' 'M' 'U' 'M'
 'M' 'M' 'M' 'M' 'M' 'M' 'M' 'M' 'M' 'M' 'M' 'M' 'M' 'M' 'M' 'M' 'M' 'M'
 'M' 'M' 'M' 'M' 'M' 'U' 'A' 'A' 'A' 'U' 'A' 'U' 'U' 'M' 'M' 'M' 'M' 'M'
 'M' 'M' 'M' 'M' 'M' 'U' 'M' 'M' 'M' 'M' 'M' 'M' 'M' 'M' 'M' 'M' 'M' 'U'
 'M' 'M' 'M' 'M' 'M' 'M' 'M' 'M' 'U' 'M' 'M' 'M' 'U' 'M' 'M' 'U' 'M' 'M'
 'M' 'M' 'M' 'M' 'M' 'M' 'M' 'M' 'M' 'M' 'M' 'M' 'M' 'U' 'M' 'M' 'M' 'M']"
48801,1,182,5,177,16,0,0,"['A' 'M' 'M' 'M' 'M' 'M' 'M' 'M' 'M' 'M' 'M' 'M' 'M' 'M' 'M' 'M' 'M' 'M'
 'M' 'M' 'M' 'M' 'U' 'M' 'M' 'M' 'M' 'M' 'M' 'M' 'M' 'M' 'M' 'M' 'M' 'M'
 'M' 'M' 'M' 'M' 'M' 'M' 'M' 'M' 'M' 'M' 'M' 'M' 'M' 'M' 'M' 'M' 'M' 'M'
 'U' 'U' 'M' 'M' 'M' 'M' 'M' 'M' 'M' 'M' 'M' 'M' 'M' 'M' 'M' 'M' 'M' 'M'
 'M' 'M' 'M' 'M' 'M' 'M' 'M' 'M' 'M' 'M' 'M' 'M' 'M' 'M' 'M' 'M' 'M' 'M'
 'M' 'U' 'M' 'M' 'M' 'M' 'M' 'M' 'M' 'M' 'M' 'M' 'M' 'M' 'M' 'M' 'M' 'M'
 'M' 'M' 'M' 'M' 'M' 'M' 'M' 'M' 'M' 'M' 'M' 'M' 'M' 'M' 'M' 'M' 'M' 'M'
 'M' 'M' 'M' 'M' 'M' 'A' 'A' 'A' 'U' 'U' 'A' 'U' 'U' 'M' 'M' 'M' 'M' 'M'
 'M' 'M' 'M' 'M' 'M' 'U' 'M' 'M' 'M' 'M' 'M' 'M' 'M' 'M' 'U' 'M' 'M' 'U'
 'M' 'M' 'M' 'U' 'M' 'M' 'M' 'M' 'U' 'M' 'M' 'M' 'U' 'M' 'M' 'U' 'M' 'M'
 'M' 'M' 'M' 'M' 'M' 'M' 'M' 'M' 'M' 'M' 'M' 'M' 'M' 'U' 'M' 'M' 'M' 'M']"
48901,0,182,5,177,16,0,0,"['A' 'M' 'M' 'M' 'M' 'M' 'M' 'M' 'M' 'M' 'M' 'M' 'M' 'M' 'M' 'M' 'M' 'M'
 'M' 'M' 'M' 'M' 'U' 'M' 'M' 'M' 'M' 'M' 'M' 'M' 'M' 'M' 'M' 'M' 'M' 'M'
 'M' 'M' 'M' 'M' 'M' 'M' 'M' 'M' 'M' 'M' 'M' 'M' 'M' 'M' 'M' 'M' 'M' 'M'
 'U' 'U' 'M' 'M' 'M' 'M' 'M' 'M' 'M' 'M' 'M' 'M' 'M' 'M' 'M' 'M' 'M' 'M'
 'M' 'M' 'M' 'M' 'M' 'U' 'M' 'M' 'M' 'M' 'M' 'M' 'M' 'M' 'M' 'M' 'M' 'M'
 'M' 'M' 'M' 'M' 'M' 'M' 'M' 'M' 'M' 'M' 'M' 'M' 'M' 'M' 'M' 'M' 'M' 'M'
 'M' 'M' 'M' 'M' 'M' 'M' 'M' 'M' 'M' 'M' 'M' 'M' 'M' 'M' 'M' 'M' 'M' 'M'
 'M' 'M' 'M' 'M' 'M' 'A' 'U' 'U' 'U' 'A' 'A' 'A' 'U' 'M' 'M' 'M' 'M' 'M'
 'M' 'M' 'M' 'M' 'M' 'U' 'M' 'M' 'M' 'M' 'M' 'M' 'M' 'M' 'M' 'M' 'M' 'U'
 'M' 'M' 'M' 'U' 'M' 'M' 'M' 'M' 'U' 'M' 'M' 'U' 'M' 'U' 'M' 'U' 'M' 'M'
 'M' 'M' 'M' 'M' 'M' 'M' 'M' 'M' 'M' 'M' 'M' 'U' 'M' 'M' 'M' 'M' 'M' 'M']"
49001,0,185,7,178,13,0,0,"['A' 'M' 'M' 'M' 'M' 'M' 'M' 'M' 'M' 'M' 'M' 'M' 'M' 'M' 'M' 'M' 'M' 'M'
 'M' 'M' 'M' 'M' 'M' 'M' 'M' 'M' 'M' 'M' 'M' 'M' 'M' 'M' 'M' 'M' 'M' 'M'
 'M' 'M' 'M' 'M' 'M' 'U' 'M' 'M' 'M' 'M' 'M' 'M' 'M' 'M' 'M' 'M' 'M' 'M'
 'U' 'M' 'M' 'M' 'M' 'M' 'M' 'M' 'M' 'U' 'M' 'M' 'M' 'M' 'M' 'M' 'U' 'M'
 'M' 'M' 'M' 'M' 'M' 'M' 'M' 'M' 'M' 'M' 'M' 'M' 'M' 'M' 'M' 'M' 'M' 'M'
 'M' 'M' 'M' 'M' 'M' 'M' 'M' 'M' 'M' 'M' 'M' 'M' 'M' 'M' 'M' 'M' 'M' 'M'
 'M' 'M' 'M' 'M' 'M' 'M' 'M' 'M' 'M' 'M' 'M' 'M' 'U' 'M' 'M' 'M' 'M' 'M'
 'M' 'M' 'M' 'M' 'M' 'A' 'A' 'A' 'U' 'A' 'A' 'A' 'U' 'M' 'M' 'M' 'M' 'M'
 'M' 'M' 'M' 'M' 'M' 'U' 'M' 'M' 'U' 'M' 'M' 'M' 'M' 'M' 'M' 'M' 'M' 'M'
 'M' 'M' 'M' 'U' 'M' 'M' 'M' 'M' 'U' 'M' 'M' 'M' 'M' 'M' 'M' 'U' 'M' 'M'
 'M' 'M' 'M' 'M' 'M' 'M' 'M' 'M' 'M' 'M' 'M' 'U' 'M' 'M' 'M' 'M' 'M' 'M']"
49101,0,182,8,174,16,0,0,"['A' 'M' 'M' 'M' 'M' 'M' 'M' 'M' 'M' 'M' 'M' 'M' 'M' 'M' 'M' 'M' 'M' 'M'
 'M' 'U' 'M' 'M' 'M' 'M' 'M' 'M' 'M' 'M' 'M' 'M' 'M' 'M' 'M' 'M' 'M' 'M'
 'M' 'M' 'M' 'M' 'M' 'U' 'M' 'M' 'M' 'M' 'M' 'M' 'M' 'M' 'M' 'U' 'M' 'M'
 'M' 'M' 'M' 'M' 'M' 'M' 'M' 'M' 'M' 'M' 'M' 'M' 'M' 'M' 'M' 'M' 'M' 'M'
 'U' 'M' 'M' 'M' 'M' 'M' 'M' 'M' 'M' 'M' 'M' 'M' 'M' 'M' 'M' 'M' 'M' 'M'
 'M' 'M' 'M' 'M' 'M' 'M' 'U' 'M' 'U' 'M' 'M' 'M' 'M' 'M' 'M' 'M' 'M' 'M'
 'M' 'M' 'M' 'M' 'M' 'M' 'M' 'M' 'M' 'M' 'M' 'M' 'U' 'M' 'M' 'M' 'M' 'M'
 'M' 'M' 'M' 'M' 'M' 'A' 'A' 'A' 'A' 'A' 'A' 'A' 'U' 'M' 'M' 'M' 'M' 'M'
 'M' 'M' 'M' 'M' 'M' 'U' 'U' 'M' 'M' 'M' 'M' 'U' 'M' 'M' 'M' 'M' 'M' 'M'
 'M' 'M' 'M' 'U' 'M' 'M' 'M' 'M' 'U' 'M' 'M' 'M' 'M' 'M' 'M' 'U' 'U' 'M'
 'M' 'M' 'M' 'M' 'M' 'M' 'M' 'M' 'M' 'M' 'M' 'U' 'M' 'M' 'M' 'M' 'M' 'M']"
49201,0,180,5,175,18,0,0,"['A' 'M' 'M' 'M' 'M' 'M' 'M' 'M' 'M' 'M' 'M' 'M' 'M' 'M' 'M' 'M' 'M' 'M'
 'M' 'M' 'M' 'M' 'M' 'M' 'M' 'M' 'M' 'M' 'M' 'M' 'M' 'M' 'M' 'M' 'M' 'M'
 'M' 'M' 'M' 'M' 'M' 'M' 'M' 'M' 'M' 'M' 'M' 'M' 'M' 'M' 'U' 'M' 'M' 'M'
 'M' 'M' 'M' 'M' 'M' 'M' 'M' 'M' 'M' 'M' 'M' 'M' 'M' 'M' 'M' 'M' 'M' 'M'
 'U' 'M' 'M' 'M' 'M' 'M' 'M' 'M' 'M' 'M' 'M' 'M' 'M' 'M' 'M' 'M' 'M' 'M'
 'M' 'M' 'M' 'M' 'M' 'M' 'U' 'M' 'M' 'M' 'M' 'M' 'M' 'M' 'M' 'M' 'M' 'M'
 'M' 'M' 'M' 'M' 'M' 'M' 'M' 'M' 'M' 'M' 'M' 'M' 'M' 'M' 'M' 'M' 'M' 'M'
 'M' 'M' 'M' 'U' 'M' 'U' 'U' 'U' 'A' 'A' 'A' 'A' 'U' 'M' 'M' 'M' 'M' 'U'
 'M' 'M' 'M' 'M' 'M' 'U' 'U' 'M' 'M' 'M' 'M' 'M' 'M' 'M' 'M' 'M' 'M' 'M'
 'M' 'M' 'M' 'U' 'M' 'M' 'M' 'M' 'U' 'M' 'M' 'M' 'M' 'M' 'M' 'U' 'U' 'M'
 'U' 'M' 'M' 'M' 'M' 'M' 'M' 'M' 'M' 'M' 'M' 'U' 'U' 'M' 'M' 'M' 'M' 'M']"
49301,0,181,8,173,17,0,0,"['A' 'M' 'M' 'M' 'M' 'M' 'M' 'M' 'M' 'M' 'M' 'M' 'M' 'M' 'M' 'M' 'M' 'M'
 'M' 'M' 'M' 'M' 'M' 'M' 'M' 'M' 'M' 'M' 'M' 'M' 'U' 'M' 'M' 'M' 'M' 'M'
 'M' 'M' 'M' 'M' 'M' 'M' 'M' 'M' 'M' 'M' 'M' 'M' 'M' 'M' 'U' 'U' 'M' 'M'
 'M' 'M' 'M' 'M' 'M' 'M' 'M' 'M' 'M' 'M' 'M' 'M' 'M' 'M' 'M' 'M' 'M' 'M'
 'M' 'M' 'M' 'M' 'U' 'M' 'M' 'M' 'M' 'M' 'M' 'M' 'M' 'M' 'M' 'M' 'M' 'M'
 'M' 'M' 'M' 'M' 'M' 'M' 'U' 'U' 'M' 'M' 'M' 'M' 'M' 'M' 'M' 'M' 'M' 'M'
 'M' 'M' 'M' 'M' 'M' 'M' 'M' 'M' 'M' 'M' 'M' 'M' 'M' 'M' 'M' 'M' 'M' 'M'
 'M' 'M' 'M' 'U' 'M' 'A' 'A' 'A' 'U' 'A' 'A' 'A' 'A' 'M' 'M' 'M' 'M' 'M'
 'M' 'M' 'M' 'M' 'M' 'M' 'U' 'M' 'M' 'U' 'M' 'M' 'M' 'M' 'M' 'M' 'M' 'M'
 'M' 'M' 'M' 'U' 'M' 'M' 'M' 'M' 'M' 'M' 'M' 'M' 'M' 'M' 'M' 'U' 'U' 'M'
 'U' 'M' 'M' 'M' 'M' 'M' 'M' 'M' 'M' 'M' 'M' 'U' 'U' 'M' 'M' 'M' 'M' 'U']"
49401,0,177,8,169,21,0,0,"['A' 'M' 'M' 'M' 'M' 'M' 'M' 'M' 'M' 'M' 'M' 'M' 'M' 'M' 'M' 'M' 'M' 'M'
 'M' 'M' 'M' 'M' 'M' 'M' 'M' 'M' 'M' 'M' 'M' 'M' 'U' 'M' 'M' 'M' 'M' 'M'
 'M' 'M' 'M' 'M' 'M' 'M' 'U' 'M' 'M' 'M' 'U' 'M' 'M' 'M' 'U' 'U' 'M' 'M'
 'M' 'M' 'M' 'M' 'M' 'M' 'M' 'M' 'M' 'M' 'M' 'M' 'M' 'M' 'M' 'M' 'M' 'M'
 'M' 'M' 'M' 'M' 'M' 'M' 'M' 'M' 'M' 'M' 'M' 'M' 'M' 'M' 'M' 'U' 'M' 'M'
 'M' 'M' 'M' 'M' 'M' 'M' 'U' 'U' 'M' 'M' 'M' 'M' 'M' 'M' 'M' 'M' 'M' 'M'
 'M' 'M' 'M' 'M' 'M' 'U' 'M' 'M' 'M' 'M' 'U' 'M' 'M' 'M' 'M' 'U' 'M' 'M'
 'M' 'M' 'M' 'M' 'M' 'A' 'A' 'A' 'A' 'A' 'A' 'U' 'A' 'M' 'M' 'M' 'M' 'M'
 'M' 'M' 'M' 'M' 'M' 'M' 'U' 'M' 'M' 'U' 'M' 'M' 'M' 'M' 'M' 'M' 'M' 'M'
 'U' 'M' 'M' 'U' 'M' 'M' 'M' 'M' 'M' 'M' 'M' 'M' 'M' 'M' 'M' 'M' 'U' 'M'
 'U' 'M' 'M' 'M' 'M' 'M' 'M' 'U' 'M' 'M' 'M' 'M' 'U' 'M' 'M' 'M' 'M' 'U']"
49501,0,179,7,172,19,0,1,"['A' 'M' 'M' 'M' 'M' 'M' 'M' 'M' 'M' 'M' 'M' 'M' 'M' 'M' 'M' 'M' 'M' 'M'
 'M' 'M' 'M' 'M' 'M' 'M' 'M' 'M' 'M' 'M' 'M' 'M' 'U' 'M' 'M' 'M' 'M' 'M'
 'M' 'M' 'M' 'M' 'M' 'M' 'M' 'M' 'M' 'M' 'U' 'M' 'M' 'M' 'U' 'U' 'M' 'M'
 'M' 'M' 'M' 'M' 'M' 'M' 'M' 'M' 'M' 'M' 'M' 'M' 'M' 'M' 'M' 'M' 'M' 'M'
 'M' 'M' 'M' 'M' 'M' 'M' 'U' 'M' 'M' 'M' 'M' 'M' 'M' 'M' 'M' 'M' 'M' 'M'
 'M' 'M' 'M' 'M' 'M' 'M' 'U' 'U' 'M' 'M' 'M' 'M' 'M' 'M' 'M' 'M' 'M' 'M'
 'M' 'M' 'M' 'M' 'M' 'U' 'M' 'M' 'M' 'M' 'M' 'M' 'M' 'M' 'M' 'U' 'M' 'M'
 'M' 'M' 'M' 'M' 'M' 'A' 'A' 'A' 'U' 'U' 'A' 'A' 'U' 'M' 'M' 'M' 'M' 'M'
 'M' 'M' 'M' 'M' 'M' 'M' 'M' 'M' 'M' 'U' 'M' 'M' 'M' 'M' 'M' 'M' 'M' 'M'
 'U' 'M' 'M' 'U' 'M' 'M' 'M' 'M' 'M' 'M' 'M' 'M' 'M' 'M' 'M' 'M' 'U' 'M'
 'U' 'M' 'M' 'M' 'M' 'M' 'M' 'U' 'M' 'M' 'M' 'M' 'U' 'M' 'M' 'M' 'M' 'A']"
49601,0,183,7,176,15,0,0,"['A' 'M' 'M' 'M' 'M' 'M' 'M' 'M' 'M' 'M' 'M' 'M' 'M' 'M' 'U' 'M' 'M' 'M'
 'M' 'M' 'M' 'M' 'M' 'M' 'M' 'M' 'M' 'M' 'M' 'M' 'U' 'M' 'M' 'M' 'M' 'M'
 'M' 'M' 'M' 'M' 'M' 'M' 'M' 'M' 'M' 'M' 'U' 'M' 'M' 'M' 'M' 'M' 'M' 'M'
 'M' 'M' 'M' 'M' 'M' 'M' 'M' 'M' 'M' 'M' 'M' 'M' 'U' 'M' 'M' 'M' 'M' 'M'
 'M' 'M' 'M' 'M' 'M' 'M' 'M' 'M' 'M' 'M' 'M' 'M' 'M' 'M' 'M' 'M' 'M' 'M'
 'M' 'M' 'M' 'M' 'M' 'M' 'M' 'U' 'M' 'M' 'M' 'M' 'M' 'M' 'M' 'M' 'M' 'M'
 'M' 'M' 'M' 'M' 'M' 'M' 'M' 'M' 'M' 'M' 'M' 'M' 'M' 'M' 'M' 'U' 'M' 'M'
 'M' 'M' 'M' 'M' 'M' 'U' 'A' 'U' 'A' 'U' 'A' 'A' 'M' 'M' 'M' 'M' 'M' 'M'
 'M' 'M' 'M' 'M' 'M' 'M' 'M' 'M' 'M' 'U' 'M' 'M' 'M' 'M' 'M' 'M' 'M' 'M'
 'M' 'M' 'M' 'U' 'M' 'M' 'M' 'M' 'M' 'M' 'M' 'M' 'M' 'M' 'M' 'M' 'U' 'M'
 'U' 'M' 'M' 'M' 'M' 'M' 'U' 'A' 'M' 'M' 'M' 'M' 'U' 'M' 'M' 'M' 'M' 'A']"
49701,0,189,9,180,9,0,0,"['A' 'M' 'M' 'M' 'M' 'M' 'M' 'M' 'M' 'M' 'M' 'M' 'M' 'M' 'M' 'M' 'M' 'M'
 'M' 'M' 'M' 'M' 'M' 'M' 'M' 'M' 'M' 'M' 'M' 'M' 'M' 'M' 'M' 'M' 'M' 'M'
 'M' 'M' 'M' 'M' 'M' 'M' 'M' 'M' 'M' 'M' 'M' 'M' 'M' 'M' 'M' 'M' 'M' 'M'
 'M' 'M' 'M' 'M' 'U' 'M' 'M' 'M' 'M' 'M' 'M' 'M' 'M' 'M' 'M' 'U' 'M' 'M'
 'M' 'M' 'M' 'M' 'M' 'M' 'M' 'M' 'M' 'M' 'M' 'M' 'M' 'M' 'M' 'M' 'M' 'M'
 'M' 'M' 'M' 'M' 'M' 'M' 'M' 'U' 'M' 'M' 'M' 'M' 'M' 'M' 'M' 'M' 'M' 'M'
 'M' 'M' 'M' 'M' 'M' 'M' 'M' 'M' 'M' 'M' 'M' 'M' 'M' 'M' 'M' 'M' 'M' 'M'
 'M' 'M' 'M' 'M' 'M' 'A' 'A' 'A' 'A' 'A' 'U' 'A' 'A' 'M' 'M' 'M' 'M' 'M'
 'M' 'M' 'M' 'M' 'M' 'M' 'M' 'M' 'M' 'M' 'M' 'M' 'M' 'M' 'M' 'M' 'M' 'M'
 'M' 'M' 'M' 'U' 'M' 'M' 'M' 'M' 'M' 'M' 'M' 'M' 'M' 'M' 'M' 'M' 'U' 'M'
 'M' 'M' 'M' 'M' 'M' 'M' 'U' 'A' 'M' 'M' 'M' 'M' 'U' 'M' 'M' 'M' 'M' 'U']"
49801,1,184,6,178,14,0,0,"['A' 'M' 'M' 'M' 'M' 'M' 'M' 'M' 'M' 'M' 'M' 'M' 'M' 'M' 'M' 'M' 'M' 'M'
 'M' 'M' 'M' 'M' 'U' 'M' 'M' 'M' 'M' 'M' 'M' 'M' 'M' 'M' 'M' 'M' 'M' 'M'
 'M' 'M' 'M' 'M' 'M' 'M' 'M' 'M' 'M' 'M' 'M' 'M' 'M' 'M' 'M' 'U' 'M' 'M'
 'M' 'M' 'M' 'M' 'U' 'M' 'U' 'M' 'M' 'M' 'M' 'M' 'M' 'M' 'M' 'M' 'M' 'M'
 'M' 'M' 'M' 'M' 'M' 'M' 'M' 'M' 'M' 'M' 'M' 'M' 'M' 'M' 'U' 'M' 'M' 'M'
 'M' 'M' 'M' 'M' 'M' 'M' 'M' 'U' 'M' 'M' 'M' 'M' 'M' 'M' 'M' 'M' 'M' 'M'
 'M' 'M' 'M' 'M' 'M' 'M' 'M' 'M' 'U' 'M' 'M' 'M' 'M' 'M' 'M' 'M' 'M' 'M'
 'M' 'M' 'M' 'M' 'M' 'U' 'A' 'A' 'A' 'U' 'U' 'A' 'A' 'M' 'M' 'M' 'M' 'M'
 'M' 'M' 'M' 'M' 'M' 'M' 'M' 'M' 'M' 'M' 'M' 'M' 'M' 'M' 'M' 'M' 'M' 'M'
 'M' 'M' 'M' 'U' 'M' 'M' 'M' 'M' 'M' 'M' 'M' 'M' 'M' 'M' 'M' 'M' 'U' 'M'
 'M' 'M' 'M' 'M' 'M' 'M' 'M' 'U' 'M' 'M' 'M' 'M' 'M' 'M' 'M' 'M' 'M' 'U']"
49901,0,186,6,180,12,0,0,"['A' 'M' 'M' 'M' 'M' 'M' 'M' 'M' 'M' 'M' 'M' 'M' 'M' 'M' 'M' 'M' 'M' 'M'
 'M' 'M' 'M' 'M' 'M' 'U' 'M' 'M' 'M' 'M' 'M' 'M' 'M' 'M' 'M' 'M' 'M' 'M'
 'M' 'M' 'M' 'M' 'M' 'M' 'M' 'M' 'M' 'M' 'M' 'M' 'M' 'M' 'M' 'U' 'M' 'M'
 'U' 'M' 'M' 'M' 'U' 'M' 'M' 'M' 'M' 'M' 'M' 'M' 'M' 'M' 'M' 'M' 'M' 'M'
 'M' 'M' 'M' 'M' 'M' 'U' 'M' 'M' 'M' 'M' 'M' 'M' 'M' 'M' 'M' 'M' 'M' 'M'
 'M' 'M' 'M' 'M' 'M' 'M' 'M' 'M' 'M' 'M' 'M' 'M' 'M' 'M' 'M' 'M' 'M' 'M'
 'M' 'M' 'M' 'M' 'M' 'M' 'M' 'M' 'U' 'M' 'M' 'M' 'M' 'M' 'M' 'M' 'M' 'M'
 'M' 'M' 'M' 'M' 'M' 'U' 'A' 'A' 'U' 'A' 'A' 'A' 'U' 'M' 'M' 'M' 'M' 'M'
 'M' 'M' 'M' 'M' 'M' 'M' 'M' 'M' 'M' 'M' 'M' 'M' 'M' 'M' 'M' 'M' 'M' 'M'
 'M' 'M' 'M' 'M' 'M' 'M' 'M' 'M' 'M' 'M' 'M' 'M' 'M' 'M' 'M' 'M' 'U' 'M'
 'M' 'M' 'M' 'M' 'M' 'M' 'M' 'U' 'M' 'M' 'M' 'M' 'M' 'M' 'M' 'M' 'U' 'M']"
