Time Steps,Polymerase Count,Active Histone Count,Acetylated Histone Count,Methylated Histone Count,Unmodified Histone Count,Noisy Changes Count,Enzyme Changes Count,Chromatine Array
1,0,107,82,25,91,0,0,"['A' 'A' 'U' 'A' 'U' 'U' 'U' 'A' 'A' 'U' 'U' 'U' 'U' 'A' 'A' 'U' 'U' 'A'
 'U' 'U' 'A' 'A' 'U' 'A' 'U' 'A' 'U' 'U' 'A' 'U' 'U' 'U' 'U' 'U' 'A' 'U'
 'U' 'A' 'U' 'A' 'A' 'U' 'U' 'A' 'A' 'U' 'U' 'A' 'A' 'A' 'A' 'U' 'A' 'A'
 'A' 'U' 'U' 'A' 'A' 'A' 'U' 'A' 'U' 'A' 'A' 'M' 'M' 'M' 'M' 'M' 'M' 'M'
 'M' 'U' 'M' 'M' 'M' 'U' 'M' 'M' 'U' 'M' 'U' 'M' 'M' 'M' 'M' 'M' 'M' 'M'
 'M' 'M' 'M' 'M' 'U' 'U' 'U' 'U' 'U' 'A' 'U' 'U' 'A' 'A' 'U' 'A' 'A' 'A'
 'A' 'U' 'A' 'U' 'A' 'U' 'U' 'U' 'A' 'U' 'A' 'U' 'A' 'A' 'U' 'A' 'U' 'U'
 'U' 'U' 'A' 'A' 'A' 'A' 'U' 'A' 'A' 'U' 'A' 'U' 'U' 'U' 'U' 'U' 'U' 'U'
 'A' 'A' 'U' 'U' 'U' 'A' 'U' 'A' 'A' 'A' 'A' 'A' 'U' 'A' 'U' 'U' 'A' 'U'
 'U' 'U' 'U' 'A' 'A' 'U' 'U' 'A' 'U' 'U' 'U' 'A' 'A' 'U' 'U' 'A' 'A' 'A'
 'A' 'A' 'A' 'A' 'U' 'U' 'A' 'U' 'A' 'U' 'A' 'U' 'A' 'U' 'A' 'U' 'A' 'A']"
101,0,119,90,29,79,0,1,"['A' 'A' 'U' 'A' 'U' 'U' 'U' 'A' 'A' 'A' 'U' 'U' 'U' 'A' 'A' 'U' 'U' 'A'
 'U' 'U' 'A' 'A' 'U' 'A' 'U' 'A' 'U' 'U' 'A' 'U' 'U' 'M' 'U' 'A' 'A' 'U'
 'U' 'A' 'U' 'A' 'A' 'U' 'U' 'A' 'A' 'U' 'U' 'A' 'A' 'A' 'U' 'U' 'A' 'A'
 'A' 'A' 'U' 'A' 'A' 'U' 'U' 'A' 'U' 'A' 'A' 'M' 'M' 'M' 'M' 'M' 'U' 'M'
 'U' 'M' 'M' 'M' 'M' 'M' 'M' 'U' 'M' 'M' 'M' 'M' 'M' 'M' 'M' 'M' 'U' 'M'
 'M' 'M' 'M' 'U' 'M' 'U' 'A' 'A' 'A' 'A' 'U' 'U' 'A' 'A' 'U' 'A' 'A' 'A'
 'A' 'U' 'A' 'U' 'U' 'A' 'U' 'M' 'A' 'U' 'A' 'U' 'A' 'A' 'U' 'A' 'U' 'A'
 'U' 'M' 'A' 'A' 'A' 'A' 'U' 'A' 'A' 'M' 'U' 'U' 'A' 'U' 'U' 'A' 'U' 'U'
 'A' 'A' 'U' 'A' 'A' 'A' 'U' 'A' 'U' 'A' 'A' 'A' 'A' 'A' 'U' 'U' 'A' 'U'
 'U' 'U' 'U' 'U' 'U' 'U' 'A' 'A' 'U' 'U' 'U' 'A' 'A' 'U' 'U' 'A' 'A' 'A'
 'A' 'A' 'A' 'A' 'U' 'U' 'A' 'U' 'A' 'U' 'A' 'U' 'A' 'A' 'A' 'U' 'A' 'A']"
201,0,128,94,34,70,1,0,"['A' 'A' 'U' 'A' 'U' 'U' 'U' 'A' 'U' 'A' 'A' 'A' 'U' 'A' 'A' 'U' 'U' 'A'
 'U' 'U' 'A' 'A' 'U' 'A' 'U' 'A' 'U' 'U' 'A' 'A' 'U' 'M' 'U' 'A' 'A' 'M'
 'U' 'A' 'U' 'A' 'A' 'U' 'U' 'A' 'A' 'A' 'A' 'A' 'A' 'A' 'M' 'U' 'A' 'A'
 'A' 'A' 'M' 'A' 'A' 'A' 'U' 'A' 'U' 'A' 'A' 'U' 'M' 'M' 'M' 'M' 'M' 'M'
 'M' 'M' 'M' 'M' 'M' 'M' 'U' 'M' 'M' 'M' 'M' 'M' 'M' 'M' 'M' 'U' 'M' 'M'
 'U' 'U' 'M' 'M' 'M' 'U' 'A' 'U' 'A' 'U' 'U' 'M' 'A' 'A' 'U' 'U' 'A' 'U'
 'A' 'U' 'A' 'U' 'A' 'A' 'U' 'M' 'A' 'U' 'A' 'U' 'U' 'A' 'U' 'A' 'U' 'A'
 'M' 'U' 'A' 'A' 'A' 'A' 'U' 'A' 'A' 'U' 'U' 'U' 'A' 'A' 'U' 'A' 'U' 'U'
 'A' 'U' 'M' 'A' 'A' 'A' 'U' 'A' 'U' 'A' 'A' 'A' 'A' 'A' 'A' 'U' 'A' 'U'
 'U' 'U' 'U' 'A' 'M' 'U' 'A' 'A' 'U' 'A' 'A' 'A' 'A' 'U' 'U' 'A' 'A' 'A'
 'A' 'A' 'A' 'A' 'A' 'U' 'A' 'U' 'A' 'U' 'A' 'U' 'A' 'A' 'A' 'U' 'U' 'U']"
301,0,133,94,39,65,0,1,"['A' 'A' 'A' 'A' 'U' 'U' 'A' 'A' 'U' 'A' 'A' 'A' 'U' 'A' 'A' 'U' 'U' 'A'
 'U' 'U' 'A' 'A' 'U' 'A' 'U' 'A' 'M' 'M' 'U' 'A' 'U' 'M' 'U' 'U' 'A' 'M'
 'U' 'A' 'U' 'A' 'A' 'M' 'U' 'A' 'A' 'A' 'A' 'A' 'U' 'A' 'U' 'U' 'U' 'A'
 'U' 'A' 'A' 'A' 'A' 'A' 'U' 'U' 'A' 'A' 'A' 'M' 'M' 'U' 'M' 'M' 'U' 'M'
 'M' 'M' 'M' 'M' 'M' 'M' 'M' 'M' 'M' 'M' 'U' 'M' 'M' 'M' 'M' 'M' 'M' 'M'
 'M' 'U' 'M' 'M' 'U' 'U' 'A' 'U' 'A' 'A' 'U' 'U' 'A' 'A' 'U' 'U' 'A' 'M'
 'A' 'U' 'A' 'U' 'A' 'A' 'U' 'M' 'A' 'U' 'A' 'U' 'A' 'A' 'U' 'A' 'U' 'U'
 'U' 'M' 'A' 'A' 'A' 'A' 'U' 'U' 'A' 'U' 'U' 'U' 'A' 'A' 'U' 'A' 'A' 'U'
 'A' 'U' 'M' 'A' 'A' 'A' 'A' 'A' 'U' 'A' 'A' 'A' 'A' 'A' 'A' 'U' 'A' 'U'
 'M' 'U' 'A' 'A' 'M' 'U' 'A' 'A' 'A' 'A' 'A' 'A' 'A' 'U' 'U' 'A' 'A' 'A'
 'A' 'U' 'U' 'A' 'A' 'A' 'A' 'M' 'A' 'M' 'A' 'U' 'A' 'M' 'A' 'U' 'U' 'U']"
401,1,139,95,44,59,0,1,"['A' 'A' 'A' 'A' 'U' 'U' 'U' 'U' 'U' 'A' 'A' 'A' 'A' 'A' 'A' 'M' 'M' 'A'
 'U' 'U' 'A' 'A' 'U' 'A' 'M' 'U' 'M' 'M' 'U' 'A' 'A' 'M' 'U' 'U' 'A' 'M'
 'U' 'A' 'U' 'A' 'A' 'U' 'U' 'A' 'U' 'A' 'A' 'A' 'U' 'A' 'U' 'U' 'A' 'A'
 'U' 'A' 'A' 'A' 'A' 'A' 'A' 'M' 'A' 'A' 'A' 'M' 'M' 'M' 'M' 'M' 'M' 'M'
 'M' 'M' 'M' 'M' 'U' 'U' 'M' 'M' 'M' 'U' 'M' 'M' 'M' 'M' 'M' 'M' 'M' 'M'
 'M' 'M' 'M' 'U' 'U' 'U' 'A' 'U' 'A' 'U' 'U' 'U' 'A' 'A' 'U' 'U' 'A' 'M'
 'A' 'M' 'A' 'U' 'A' 'A' 'A' 'U' 'A' 'U' 'A' 'U' 'A' 'A' 'U' 'A' 'U' 'M'
 'U' 'M' 'A' 'A' 'A' 'A' 'A' 'A' 'A' 'A' 'U' 'U' 'U' 'A' 'U' 'A' 'A' 'U'
 'A' 'U' 'M' 'A' 'A' 'A' 'A' 'A' 'U' 'A' 'A' 'A' 'A' 'A' 'A' 'U' 'A' 'M'
 'M' 'U' 'A' 'A' 'M' 'U' 'A' 'A' 'U' 'A' 'A' 'A' 'A' 'M' 'U' 'A' 'A' 'A'
 'A' 'U' 'U' 'A' 'A' 'A' 'A' 'U' 'A' 'M' 'A' 'U' 'A' 'M' 'A' 'U' 'U' 'U']"
501,0,138,91,47,60,0,0,"['A' 'U' 'A' 'A' 'U' 'A' 'U' 'A' 'U' 'A' 'A' 'A' 'A' 'A' 'A' 'M' 'M' 'A'
 'U' 'U' 'A' 'A' 'U' 'A' 'M' 'U' 'M' 'M' 'U' 'A' 'A' 'M' 'U' 'U' 'A' 'M'
 'U' 'A' 'U' 'A' 'A' 'U' 'U' 'A' 'M' 'A' 'A' 'A' 'U' 'A' 'U' 'A' 'A' 'A'
 'U' 'A' 'A' 'U' 'A' 'A' 'A' 'M' 'A' 'A' 'A' 'M' 'M' 'M' 'M' 'M' 'M' 'M'
 'M' 'M' 'M' 'M' 'M' 'U' 'M' 'U' 'U' 'M' 'M' 'U' 'M' 'M' 'M' 'M' 'M' 'U'
 'M' 'M' 'M' 'M' 'M' 'U' 'A' 'U' 'A' 'U' 'U' 'U' 'A' 'A' 'U' 'U' 'A' 'M'
 'A' 'M' 'A' 'A' 'A' 'A' 'A' 'U' 'A' 'U' 'U' 'A' 'A' 'A' 'U' 'A' 'U' 'M'
 'U' 'M' 'A' 'A' 'A' 'A' 'A' 'A' 'A' 'A' 'U' 'U' 'U' 'A' 'M' 'U' 'M' 'U'
 'A' 'U' 'M' 'A' 'A' 'U' 'A' 'A' 'A' 'A' 'A' 'A' 'A' 'U' 'A' 'U' 'U' 'M'
 'M' 'U' 'A' 'A' 'M' 'A' 'A' 'U' 'A' 'A' 'A' 'A' 'A' 'M' 'U' 'A' 'U' 'A'
 'A' 'U' 'U' 'A' 'A' 'U' 'A' 'U' 'A' 'M' 'U' 'U' 'A' 'M' 'A' 'U' 'U' 'U']"
601,0,133,88,45,65,0,0,"['A' 'A' 'A' 'A' 'U' 'A' 'U' 'U' 'U' 'A' 'A' 'A' 'A' 'A' 'A' 'M' 'M' 'A'
 'U' 'U' 'A' 'A' 'U' 'A' 'M' 'U' 'M' 'M' 'U' 'U' 'A' 'U' 'U' 'U' 'A' 'M'
 'U' 'A' 'U' 'A' 'A' 'U' 'U' 'A' 'U' 'A' 'U' 'A' 'U' 'A' 'M' 'A' 'U' 'A'
 'M' 'A' 'A' 'U' 'A' 'A' 'A' 'M' 'A' 'U' 'A' 'M' 'M' 'M' 'U' 'M' 'M' 'M'
 'U' 'M' 'M' 'M' 'M' 'M' 'M' 'U' 'M' 'M' 'M' 'M' 'M' 'U' 'M' 'M' 'M' 'M'
 'M' 'M' 'M' 'U' 'M' 'U' 'A' 'A' 'A' 'U' 'U' 'U' 'A' 'A' 'U' 'U' 'A' 'M'
 'A' 'M' 'U' 'A' 'A' 'U' 'A' 'U' 'A' 'U' 'A' 'A' 'U' 'A' 'U' 'A' 'U' 'M'
 'U' 'M' 'A' 'A' 'A' 'A' 'A' 'A' 'A' 'A' 'U' 'U' 'U' 'A' 'M' 'U' 'M' 'U'
 'A' 'U' 'M' 'A' 'A' 'U' 'A' 'A' 'A' 'A' 'A' 'A' 'A' 'A' 'A' 'U' 'U' 'M'
 'M' 'U' 'A' 'A' 'U' 'A' 'U' 'U' 'U' 'A' 'U' 'A' 'A' 'M' 'A' 'A' 'U' 'A'
 'A' 'U' 'U' 'A' 'A' 'A' 'A' 'U' 'A' 'M' 'U' 'A' 'A' 'U' 'A' 'U' 'U' 'A']"
701,0,130,84,46,68,0,0,"['A' 'A' 'A' 'A' 'U' 'A' 'U' 'U' 'U' 'A' 'A' 'A' 'A' 'A' 'A' 'M' 'U' 'A'
 'U' 'M' 'A' 'A' 'U' 'A' 'M' 'U' 'U' 'M' 'U' 'U' 'A' 'U' 'U' 'M' 'A' 'M'
 'U' 'A' 'A' 'A' 'A' 'U' 'U' 'A' 'A' 'A' 'U' 'A' 'M' 'U' 'M' 'A' 'U' 'A'
 'U' 'A' 'A' 'U' 'U' 'U' 'A' 'U' 'A' 'U' 'A' 'M' 'M' 'U' 'M' 'M' 'M' 'M'
 'M' 'M' 'U' 'M' 'U' 'M' 'M' 'M' 'M' 'U' 'M' 'M' 'M' 'M' 'M' 'M' 'M' 'M'
 'M' 'M' 'M' 'U' 'M' 'U' 'A' 'A' 'A' 'U' 'U' 'M' 'A' 'A' 'U' 'U' 'A' 'M'
 'A' 'M' 'A' 'A' 'A' 'U' 'A' 'A' 'A' 'U' 'A' 'A' 'U' 'A' 'U' 'A' 'U' 'M'
 'U' 'M' 'A' 'A' 'A' 'A' 'U' 'M' 'A' 'A' 'U' 'U' 'A' 'U' 'U' 'U' 'A' 'U'
 'A' 'U' 'M' 'A' 'A' 'U' 'A' 'A' 'A' 'A' 'A' 'A' 'U' 'A' 'A' 'U' 'M' 'M'
 'M' 'U' 'A' 'U' 'U' 'A' 'U' 'U' 'U' 'A' 'U' 'A' 'A' 'M' 'A' 'A' 'U' 'A'
 'M' 'U' 'A' 'U' 'A' 'A' 'A' 'U' 'A' 'M' 'U' 'U' 'A' 'U' 'A' 'U' 'U' 'A']"
801,0,138,89,49,60,1,0,"['A' 'U' 'A' 'U' 'U' 'A' 'U' 'U' 'U' 'A' 'A' 'A' 'U' 'A' 'A' 'M' 'U' 'A'
 'A' 'U' 'A' 'A' 'U' 'A' 'M' 'M' 'U' 'M' 'A' 'U' 'A' 'A' 'U' 'M' 'A' 'M'
 'A' 'A' 'A' 'A' 'A' 'U' 'M' 'A' 'A' 'A' 'U' 'A' 'M' 'U' 'M' 'A' 'U' 'A'
 'U' 'A' 'A' 'U' 'A' 'U' 'A' 'U' 'U' 'A' 'A' 'M' 'M' 'M' 'M' 'M' 'U' 'M'
 'M' 'M' 'M' 'M' 'M' 'M' 'M' 'M' 'M' 'M' 'M' 'M' 'U' 'M' 'U' 'U' 'M' 'M'
 'M' 'M' 'M' 'M' 'U' 'U' 'A' 'A' 'A' 'M' 'U' 'M' 'A' 'A' 'U' 'U' 'A' 'M'
 'A' 'M' 'A' 'A' 'A' 'A' 'A' 'U' 'A' 'U' 'A' 'A' 'U' 'A' 'U' 'A' 'A' 'M'
 'U' 'M' 'A' 'A' 'A' 'A' 'U' 'U' 'U' 'A' 'U' 'A' 'U' 'U' 'U' 'U' 'A' 'U'
 'A' 'U' 'M' 'A' 'A' 'M' 'A' 'A' 'A' 'A' 'A' 'A' 'U' 'A' 'A' 'U' 'M' 'M'
 'M' 'A' 'A' 'U' 'U' 'A' 'U' 'A' 'U' 'M' 'A' 'A' 'A' 'M' 'A' 'A' 'U' 'A'
 'M' 'U' 'U' 'A' 'A' 'A' 'A' 'U' 'A' 'M' 'U' 'U' 'A' 'A' 'A' 'U' 'U' 'A']"
901,0,137,89,48,61,0,0,"['A' 'U' 'A' 'U' 'U' 'A' 'M' 'U' 'U' 'U' 'A' 'A' 'U' 'A' 'A' 'M' 'U' 'A'
 'A' 'A' 'A' 'A' 'U' 'U' 'U' 'M' 'U' 'U' 'A' 'A' 'A' 'A' 'U' 'U' 'A' 'M'
 'A' 'A' 'A' 'A' 'A' 'U' 'U' 'A' 'A' 'A' 'U' 'U' 'M' 'U' 'M' 'A' 'U' 'A'
 'U' 'A' 'A' 'U' 'A' 'A' 'U' 'U' 'U' 'A' 'A' 'M' 'U' 'M' 'M' 'U' 'M' 'M'
 'M' 'M' 'M' 'U' 'M' 'M' 'M' 'M' 'M' 'M' 'M' 'M' 'U' 'M' 'M' 'M' 'M' 'U'
 'M' 'M' 'M' 'M' 'M' 'M' 'A' 'A' 'M' 'U' 'U' 'M' 'A' 'A' 'M' 'U' 'A' 'M'
 'A' 'M' 'A' 'A' 'A' 'A' 'A' 'U' 'A' 'A' 'A' 'A' 'U' 'A' 'U' 'A' 'A' 'M'
 'M' 'M' 'A' 'A' 'A' 'A' 'M' 'U' 'U' 'A' 'U' 'A' 'U' 'U' 'U' 'U' 'A' 'U'
 'A' 'U' 'M' 'A' 'A' 'U' 'A' 'U' 'A' 'A' 'A' 'A' 'A' 'U' 'A' 'U' 'M' 'M'
 'M' 'A' 'A' 'U' 'U' 'A' 'U' 'A' 'U' 'M' 'A' 'A' 'A' 'U' 'A' 'A' 'A' 'A'
 'M' 'U' 'A' 'A' 'A' 'A' 'A' 'U' 'A' 'M' 'U' 'U' 'A' 'A' 'A' 'U' 'U' 'A']"
1001,0,139,86,53,59,0,0,"['A' 'A' 'A' 'U' 'M' 'A' 'M' 'M' 'U' 'A' 'A' 'A' 'U' 'A' 'U' 'M' 'U' 'U'
 'A' 'A' 'A' 'A' 'U' 'U' 'M' 'U' 'U' 'M' 'U' 'A' 'A' 'A' 'U' 'U' 'A' 'M'
 'A' 'A' 'A' 'A' 'A' 'U' 'U' 'A' 'A' 'A' 'U' 'U' 'U' 'U' 'M' 'A' 'U' 'U'
 'A' 'A' 'A' 'A' 'A' 'A' 'U' 'U' 'U' 'A' 'A' 'M' 'M' 'M' 'M' 'M' 'M' 'M'
 'M' 'M' 'M' 'M' 'M' 'U' 'M' 'M' 'M' 'M' 'U' 'M' 'M' 'M' 'M' 'U' 'U' 'M'
 'M' 'U' 'M' 'M' 'M' 'M' 'A' 'A' 'M' 'U' 'U' 'M' 'A' 'A' 'M' 'U' 'A' 'M'
 'A' 'M' 'A' 'A' 'A' 'A' 'A' 'U' 'U' 'A' 'A' 'A' 'U' 'A' 'U' 'A' 'A' 'M'
 'M' 'M' 'U' 'A' 'A' 'A' 'U' 'U' 'U' 'A' 'U' 'A' 'A' 'U' 'U' 'A' 'A' 'M'
 'A' 'U' 'M' 'A' 'U' 'M' 'A' 'U' 'A' 'A' 'A' 'U' 'A' 'U' 'A' 'U' 'M' 'M'
 'M' 'A' 'A' 'U' 'U' 'U' 'U' 'A' 'U' 'M' 'A' 'A' 'A' 'M' 'A' 'A' 'A' 'A'
 'M' 'M' 'A' 'A' 'U' 'A' 'A' 'A' 'A' 'M' 'U' 'U' 'A' 'A' 'A' 'U' 'U' 'A']"
1101,0,142,90,52,56,0,0,"['A' 'A' 'U' 'A' 'M' 'A' 'M' 'M' 'U' 'U' 'A' 'A' 'U' 'A' 'U' 'U' 'A' 'M'
 'U' 'A' 'U' 'A' 'A' 'U' 'M' 'U' 'U' 'M' 'U' 'A' 'A' 'A' 'A' 'U' 'A' 'M'
 'A' 'A' 'A' 'A' 'A' 'U' 'U' 'U' 'A' 'A' 'U' 'U' 'U' 'U' 'M' 'A' 'U' 'A'
 'A' 'A' 'A' 'A' 'A' 'A' 'U' 'U' 'U' 'A' 'A' 'M' 'U' 'M' 'M' 'M' 'M' 'U'
 'M' 'U' 'M' 'M' 'M' 'M' 'M' 'M' 'M' 'M' 'M' 'U' 'M' 'M' 'M' 'M' 'M' 'M'
 'U' 'M' 'M' 'M' 'M' 'M' 'A' 'A' 'M' 'U' 'U' 'M' 'U' 'A' 'M' 'M' 'A' 'M'
 'A' 'M' 'U' 'A' 'A' 'A' 'A' 'A' 'A' 'A' 'A' 'A' 'U' 'A' 'U' 'A' 'A' 'M'
 'A' 'M' 'U' 'A' 'U' 'A' 'U' 'U' 'U' 'A' 'A' 'A' 'A' 'A' 'A' 'A' 'M' 'M'
 'A' 'U' 'M' 'A' 'U' 'U' 'A' 'U' 'A' 'A' 'A' 'U' 'A' 'U' 'A' 'A' 'M' 'M'
 'M' 'A' 'A' 'U' 'A' 'U' 'U' 'U' 'U' 'M' 'A' 'A' 'A' 'M' 'A' 'A' 'A' 'A'
 'U' 'M' 'A' 'A' 'U' 'A' 'A' 'A' 'A' 'M' 'U' 'A' 'A' 'A' 'A' 'U' 'U' 'A']"
1201,0,133,79,54,65,0,1,"['A' 'A' 'U' 'A' 'M' 'U' 'M' 'U' 'U' 'M' 'U' 'A' 'U' 'A' 'A' 'U' 'A' 'M'
 'U' 'A' 'U' 'A' 'A' 'U' 'M' 'U' 'U' 'M' 'U' 'A' 'A' 'U' 'A' 'U' 'U' 'M'
 'A' 'A' 'A' 'A' 'A' 'U' 'U' 'U' 'A' 'A' 'U' 'U' 'U' 'U' 'M' 'A' 'U' 'A'
 'A' 'A' 'A' 'A' 'U' 'A' 'U' 'U' 'U' 'A' 'A' 'M' 'M' 'M' 'M' 'M' 'M' 'U'
 'M' 'M' 'M' 'U' 'M' 'M' 'M' 'M' 'U' 'M' 'M' 'U' 'M' 'M' 'M' 'M' 'U' 'M'
 'M' 'M' 'M' 'M' 'M' 'U' 'A' 'A' 'M' 'U' 'A' 'M' 'U' 'U' 'M' 'M' 'A' 'U'
 'A' 'M' 'U' 'A' 'A' 'A' 'U' 'A' 'A' 'A' 'A' 'A' 'U' 'A' 'U' 'A' 'A' 'M'
 'A' 'M' 'M' 'A' 'U' 'A' 'U' 'U' 'U' 'A' 'A' 'A' 'A' 'A' 'A' 'A' 'M' 'M'
 'A' 'U' 'M' 'A' 'U' 'M' 'A' 'M' 'A' 'A' 'U' 'M' 'A' 'U' 'A' 'A' 'M' 'M'
 'M' 'A' 'A' 'U' 'A' 'U' 'U' 'U' 'M' 'M' 'A' 'A' 'A' 'U' 'A' 'A' 'U' 'U'
 'M' 'U' 'A' 'U' 'U' 'A' 'A' 'U' 'A' 'M' 'U' 'A' 'U' 'A' 'A' 'U' 'U' 'A']"
1301,0,137,86,51,61,0,1,"['A' 'A' 'U' 'A' 'M' 'U' 'U' 'A' 'U' 'M' 'U' 'A' 'U' 'A' 'A' 'U' 'A' 'M'
 'A' 'U' 'U' 'A' 'A' 'U' 'M' 'U' 'U' 'M' 'U' 'A' 'A' 'A' 'A' 'U' 'A' 'M'
 'A' 'A' 'A' 'A' 'A' 'U' 'U' 'U' 'A' 'A' 'U' 'U' 'A' 'U' 'M' 'A' 'A' 'A'
 'U' 'A' 'A' 'A' 'U' 'A' 'U' 'U' 'A' 'A' 'A' 'U' 'M' 'M' 'M' 'M' 'M' 'M'
 'U' 'M' 'U' 'M' 'M' 'M' 'U' 'M' 'M' 'M' 'M' 'M' 'M' 'M' 'M' 'M' 'M' 'M'
 'M' 'M' 'U' 'M' 'M' 'U' 'A' 'A' 'U' 'U' 'A' 'M' 'A' 'M' 'M' 'M' 'A' 'U'
 'A' 'M' 'U' 'U' 'A' 'A' 'U' 'A' 'A' 'A' 'A' 'A' 'U' 'A' 'U' 'A' 'A' 'M'
 'A' 'M' 'M' 'A' 'U' 'A' 'A' 'U' 'U' 'A' 'A' 'A' 'A' 'A' 'U' 'A' 'M' 'M'
 'A' 'U' 'M' 'A' 'A' 'M' 'A' 'M' 'A' 'A' 'U' 'U' 'A' 'U' 'A' 'A' 'M' 'M'
 'M' 'A' 'U' 'U' 'A' 'U' 'U' 'U' 'M' 'M' 'A' 'A' 'U' 'A' 'A' 'A' 'U' 'A'
 'M' 'A' 'A' 'U' 'U' 'U' 'A' 'U' 'A' 'U' 'A' 'A' 'U' 'A' 'A' 'U' 'U' 'A']"
1401,0,131,79,52,67,0,0,"['A' 'A' 'M' 'A' 'M' 'U' 'U' 'U' 'M' 'M' 'U' 'A' 'U' 'A' 'U' 'A' 'U' 'M'
 'A' 'U' 'A' 'A' 'A' 'U' 'M' 'U' 'U' 'U' 'U' 'A' 'A' 'A' 'A' 'U' 'A' 'M'
 'A' 'A' 'A' 'A' 'A' 'M' 'U' 'U' 'A' 'U' 'U' 'U' 'A' 'U' 'M' 'A' 'A' 'A'
 'U' 'U' 'A' 'A' 'U' 'U' 'U' 'U' 'A' 'A' 'A' 'M' 'M' 'M' 'U' 'M' 'M' 'U'
 'M' 'U' 'U' 'M' 'M' 'M' 'M' 'M' 'M' 'M' 'M' 'M' 'M' 'U' 'M' 'M' 'M' 'M'
 'M' 'M' 'M' 'M' 'M' 'U' 'A' 'A' 'A' 'U' 'A' 'M' 'A' 'M' 'M' 'M' 'A' 'U'
 'U' 'M' 'U' 'M' 'A' 'A' 'U' 'A' 'A' 'A' 'A' 'A' 'U' 'A' 'U' 'U' 'A' 'M'
 'A' 'U' 'U' 'A' 'U' 'A' 'A' 'U' 'U' 'A' 'A' 'A' 'A' 'A' 'A' 'U' 'M' 'M'
 'A' 'A' 'M' 'A' 'A' 'M' 'A' 'M' 'U' 'U' 'U' 'U' 'A' 'U' 'A' 'A' 'M' 'M'
 'U' 'A' 'U' 'U' 'A' 'U' 'U' 'M' 'M' 'M' 'A' 'A' 'U' 'A' 'A' 'A' 'U' 'A'
 'U' 'A' 'U' 'U' 'A' 'U' 'A' 'U' 'U' 'U' 'A' 'A' 'M' 'A' 'A' 'U' 'U' 'A']"
1501,0,129,77,52,69,0,1,"['A' 'A' 'M' 'A' 'M' 'U' 'U' 'U' 'M' 'M' 'U' 'A' 'U' 'U' 'U' 'A' 'U' 'U'
 'A' 'A' 'A' 'A' 'A' 'U' 'U' 'U' 'U' 'U' 'U' 'A' 'A' 'A' 'U' 'U' 'A' 'M'
 'A' 'A' 'A' 'U' 'A' 'M' 'M' 'U' 'A' 'U' 'U' 'U' 'U' 'M' 'M' 'A' 'A' 'A'
 'U' 'U' 'A' 'A' 'U' 'U' 'A' 'U' 'A' 'U' 'A' 'M' 'M' 'M' 'M' 'M' 'M' 'U'
 'M' 'U' 'M' 'M' 'M' 'M' 'M' 'M' 'M' 'M' 'U' 'M' 'M' 'M' 'U' 'M' 'M' 'U'
 'M' 'M' 'M' 'M' 'M' 'U' 'A' 'A' 'A' 'U' 'A' 'M' 'U' 'M' 'M' 'M' 'A' 'U'
 'U' 'U' 'A' 'M' 'A' 'A' 'U' 'A' 'A' 'A' 'A' 'A' 'U' 'A' 'A' 'U' 'A' 'M'
 'A' 'U' 'U' 'A' 'A' 'A' 'A' 'A' 'U' 'A' 'A' 'A' 'A' 'A' 'A' 'U' 'U' 'M'
 'U' 'A' 'M' 'A' 'A' 'M' 'A' 'M' 'A' 'U' 'U' 'U' 'A' 'U' 'A' 'U' 'M' 'M'
 'A' 'A' 'M' 'U' 'A' 'U' 'U' 'M' 'M' 'M' 'A' 'A' 'U' 'A' 'A' 'U' 'U' 'A'
 'U' 'A' 'U' 'U' 'A' 'A' 'M' 'U' 'U' 'U' 'A' 'A' 'M' 'A' 'A' 'U' 'U' 'U']"
1601,0,134,79,55,64,0,1,"['A' 'A' 'M' 'A' 'M' 'A' 'U' 'U' 'M' 'M' 'U' 'A' 'U' 'U' 'U' 'A' 'U' 'U'
 'A' 'A' 'A' 'A' 'A' 'U' 'A' 'M' 'U' 'U' 'M' 'A' 'A' 'A' 'U' 'A' 'A' 'M'
 'A' 'A' 'A' 'U' 'A' 'M' 'U' 'A' 'A' 'U' 'U' 'U' 'A' 'M' 'M' 'A' 'A' 'A'
 'U' 'U' 'A' 'A' 'M' 'U' 'U' 'M' 'A' 'U' 'A' 'M' 'M' 'M' 'U' 'M' 'U' 'M'
 'M' 'M' 'M' 'M' 'M' 'M' 'M' 'M' 'U' 'M' 'M' 'M' 'M' 'M' 'M' 'M' 'M' 'M'
 'U' 'M' 'M' 'U' 'M' 'U' 'A' 'U' 'A' 'A' 'A' 'M' 'M' 'M' 'U' 'M' 'A' 'U'
 'A' 'U' 'A' 'M' 'A' 'A' 'U' 'A' 'A' 'A' 'A' 'A' 'U' 'A' 'A' 'U' 'A' 'U'
 'A' 'U' 'U' 'A' 'U' 'A' 'A' 'A' 'U' 'A' 'A' 'U' 'U' 'A' 'U' 'A' 'U' 'M'
 'U' 'A' 'M' 'A' 'A' 'U' 'A' 'M' 'A' 'U' 'U' 'U' 'A' 'U' 'M' 'U' 'M' 'M'
 'A' 'A' 'M' 'U' 'A' 'U' 'U' 'M' 'M' 'M' 'A' 'A' 'U' 'A' 'A' 'M' 'U' 'A'
 'U' 'A' 'U' 'M' 'A' 'A' 'M' 'A' 'U' 'U' 'A' 'A' 'U' 'A' 'A' 'U' 'U' 'U']"
1701,0,133,74,59,65,0,0,"['A' 'A' 'M' 'U' 'M' 'A' 'U' 'U' 'M' 'M' 'U' 'A' 'U' 'U' 'U' 'A' 'U' 'U'
 'A' 'A' 'A' 'A' 'A' 'U' 'A' 'M' 'U' 'U' 'M' 'U' 'A' 'A' 'U' 'A' 'A' 'M'
 'A' 'A' 'A' 'U' 'A' 'M' 'U' 'A' 'A' 'U' 'U' 'U' 'A' 'U' 'M' 'A' 'A' 'A'
 'A' 'U' 'A' 'U' 'M' 'U' 'A' 'M' 'A' 'U' 'A' 'M' 'U' 'M' 'M' 'M' 'M' 'M'
 'M' 'M' 'M' 'M' 'M' 'M' 'M' 'M' 'M' 'M' 'M' 'M' 'M' 'U' 'M' 'M' 'U' 'M'
 'U' 'M' 'M' 'M' 'U' 'M' 'A' 'U' 'A' 'U' 'A' 'U' 'M' 'M' 'U' 'M' 'A' 'U'
 'A' 'U' 'A' 'M' 'A' 'A' 'U' 'A' 'A' 'A' 'A' 'U' 'U' 'U' 'A' 'U' 'A' 'U'
 'A' 'A' 'U' 'A' 'U' 'A' 'A' 'A' 'U' 'A' 'A' 'U' 'U' 'U' 'M' 'A' 'U' 'M'
 'M' 'A' 'M' 'A' 'A' 'U' 'A' 'M' 'U' 'A' 'U' 'U' 'U' 'M' 'M' 'A' 'M' 'U'
 'U' 'A' 'M' 'U' 'A' 'U' 'U' 'M' 'M' 'M' 'A' 'A' 'U' 'A' 'A' 'M' 'M' 'A'
 'U' 'A' 'M' 'M' 'A' 'A' 'M' 'A' 'U' 'A' 'U' 'A' 'M' 'A' 'A' 'U' 'U' 'U']"
1801,0,131,71,60,67,1,0,"['A' 'A' 'A' 'U' 'M' 'U' 'U' 'A' 'M' 'M' 'U' 'A' 'U' 'U' 'U' 'A' 'U' 'U'
 'A' 'A' 'A' 'A' 'A' 'U' 'U' 'M' 'U' 'U' 'M' 'U' 'U' 'A' 'U' 'A' 'A' 'M'
 'A' 'A' 'A' 'U' 'A' 'M' 'U' 'A' 'U' 'U' 'U' 'U' 'A' 'U' 'M' 'U' 'A' 'A'
 'A' 'M' 'A' 'U' 'U' 'U' 'A' 'M' 'A' 'U' 'A' 'M' 'M' 'M' 'M' 'U' 'U' 'M'
 'M' 'M' 'M' 'U' 'M' 'M' 'M' 'M' 'M' 'M' 'M' 'M' 'M' 'M' 'M' 'M' 'M' 'M'
 'M' 'U' 'M' 'M' 'U' 'M' 'A' 'U' 'U' 'U' 'U' 'U' 'M' 'M' 'A' 'M' 'A' 'U'
 'A' 'U' 'A' 'M' 'A' 'A' 'U' 'A' 'A' 'A' 'A' 'U' 'A' 'A' 'A' 'U' 'A' 'U'
 'M' 'A' 'A' 'A' 'A' 'A' 'A' 'A' 'U' 'A' 'A' 'U' 'U' 'U' 'M' 'A' 'M' 'M'
 'M' 'A' 'M' 'A' 'A' 'U' 'A' 'M' 'U' 'U' 'M' 'U' 'U' 'U' 'M' 'A' 'M' 'U'
 'U' 'A' 'M' 'M' 'U' 'M' 'U' 'M' 'U' 'M' 'A' 'A' 'U' 'A' 'A' 'M' 'M' 'A'
 'U' 'A' 'M' 'M' 'A' 'U' 'M' 'A' 'U' 'A' 'U' 'A' 'U' 'A' 'A' 'U' 'U' 'A']"
1901,0,130,66,64,68,0,1,"['A' 'A' 'A' 'U' 'M' 'M' 'A' 'A' 'M' 'U' 'M' 'A' 'U' 'M' 'U' 'A' 'U' 'U'
 'A' 'M' 'A' 'A' 'A' 'U' 'U' 'M' 'U' 'U' 'M' 'U' 'U' 'A' 'U' 'A' 'A' 'M'
 'A' 'A' 'A' 'U' 'U' 'U' 'U' 'A' 'U' 'U' 'U' 'M' 'A' 'U' 'M' 'U' 'U' 'U'
 'A' 'M' 'A' 'A' 'M' 'U' 'A' 'M' 'A' 'U' 'A' 'M' 'U' 'M' 'M' 'M' 'U' 'M'
 'U' 'M' 'M' 'M' 'M' 'M' 'M' 'M' 'M' 'M' 'M' 'M' 'M' 'M' 'U' 'M' 'M' 'M'
 'M' 'M' 'M' 'M' 'U' 'M' 'A' 'M' 'U' 'U' 'U' 'U' 'U' 'U' 'U' 'M' 'A' 'U'
 'A' 'U' 'A' 'M' 'A' 'U' 'U' 'A' 'U' 'A' 'A' 'U' 'A' 'A' 'A' 'U' 'A' 'M'
 'M' 'A' 'A' 'M' 'A' 'U' 'A' 'A' 'U' 'U' 'A' 'U' 'U' 'U' 'M' 'A' 'M' 'M'
 'M' 'A' 'M' 'A' 'U' 'M' 'A' 'M' 'U' 'A' 'M' 'U' 'A' 'U' 'M' 'U' 'M' 'A'
 'U' 'A' 'M' 'M' 'U' 'M' 'U' 'U' 'U' 'U' 'A' 'A' 'U' 'A' 'A' 'M' 'M' 'A'
 'U' 'A' 'M' 'M' 'A' 'A' 'M' 'A' 'A' 'A' 'U' 'A' 'U' 'U' 'A' 'A' 'U' 'A']"
2001,0,128,61,67,70,0,0,"['A' 'A' 'A' 'A' 'M' 'M' 'A' 'A' 'U' 'U' 'M' 'A' 'U' 'M' 'U' 'A' 'U' 'M'
 'A' 'M' 'A' 'A' 'A' 'U' 'U' 'U' 'U' 'U' 'M' 'U' 'U' 'A' 'M' 'A' 'A' 'M'
 'A' 'A' 'A' 'U' 'U' 'U' 'U' 'A' 'U' 'M' 'U' 'M' 'A' 'U' 'M' 'U' 'U' 'U'
 'A' 'M' 'A' 'A' 'M' 'U' 'A' 'M' 'A' 'U' 'A' 'M' 'M' 'U' 'M' 'M' 'M' 'M'
 'U' 'M' 'M' 'M' 'M' 'M' 'U' 'M' 'M' 'M' 'U' 'M' 'M' 'M' 'M' 'M' 'M' 'M'
 'M' 'M' 'U' 'M' 'M' 'M' 'A' 'M' 'U' 'U' 'M' 'A' 'U' 'U' 'M' 'M' 'A' 'U'
 'A' 'U' 'U' 'M' 'A' 'U' 'U' 'A' 'U' 'A' 'A' 'U' 'A' 'A' 'A' 'U' 'A' 'U'
 'M' 'U' 'A' 'M' 'A' 'U' 'A' 'U' 'U' 'U' 'A' 'U' 'M' 'U' 'M' 'A' 'M' 'M'
 'M' 'A' 'M' 'A' 'U' 'M' 'U' 'M' 'U' 'U' 'M' 'U' 'A' 'M' 'M' 'A' 'M' 'A'
 'U' 'A' 'U' 'M' 'U' 'M' 'U' 'U' 'U' 'U' 'U' 'U' 'U' 'A' 'A' 'M' 'M' 'A'
 'U' 'A' 'M' 'M' 'A' 'A' 'M' 'A' 'A' 'A' 'U' 'A' 'U' 'U' 'A' 'U' 'U' 'A']"
2101,1,139,69,70,59,0,0,"['A' 'A' 'A' 'A' 'M' 'M' 'A' 'A' 'U' 'U' 'M' 'A' 'A' 'M' 'U' 'A' 'U' 'M'
 'A' 'M' 'A' 'A' 'A' 'U' 'U' 'U' 'U' 'U' 'M' 'A' 'A' 'A' 'M' 'A' 'A' 'M'
 'A' 'A' 'A' 'A' 'U' 'U' 'U' 'A' 'U' 'M' 'U' 'M' 'A' 'M' 'M' 'A' 'U' 'U'
 'A' 'M' 'A' 'A' 'M' 'U' 'A' 'M' 'A' 'U' 'A' 'M' 'M' 'U' 'M' 'U' 'M' 'M'
 'U' 'M' 'M' 'M' 'M' 'M' 'M' 'M' 'M' 'M' 'M' 'M' 'U' 'M' 'M' 'U' 'M' 'M'
 'M' 'M' 'M' 'M' 'M' 'M' 'A' 'U' 'M' 'M' 'M' 'A' 'M' 'U' 'M' 'M' 'A' 'U'
 'A' 'U' 'A' 'U' 'U' 'U' 'M' 'A' 'U' 'A' 'A' 'U' 'A' 'A' 'A' 'U' 'A' 'U'
 'M' 'U' 'U' 'M' 'A' 'A' 'A' 'U' 'U' 'U' 'A' 'A' 'M' 'U' 'M' 'A' 'M' 'M'
 'M' 'A' 'M' 'A' 'U' 'M' 'U' 'M' 'U' 'M' 'M' 'U' 'A' 'M' 'M' 'A' 'M' 'A'
 'U' 'A' 'A' 'U' 'A' 'M' 'U' 'U' 'A' 'M' 'U' 'U' 'U' 'U' 'A' 'U' 'M' 'A'
 'U' 'A' 'M' 'M' 'A' 'A' 'M' 'A' 'A' 'A' 'U' 'A' 'U' 'U' 'A' 'U' 'U' 'A']"
2201,0,136,63,73,62,0,1,"['A' 'A' 'A' 'U' 'M' 'M' 'A' 'A' 'M' 'U' 'M' 'A' 'U' 'U' 'U' 'A' 'U' 'M'
 'A' 'M' 'A' 'A' 'A' 'U' 'U' 'U' 'U' 'U' 'M' 'A' 'A' 'A' 'M' 'A' 'A' 'M'
 'A' 'A' 'A' 'A' 'U' 'U' 'A' 'A' 'U' 'M' 'A' 'M' 'U' 'U' 'U' 'U' 'M' 'U'
 'A' 'M' 'A' 'A' 'M' 'U' 'A' 'M' 'A' 'U' 'A' 'M' 'U' 'M' 'M' 'M' 'U' 'M'
 'M' 'M' 'M' 'M' 'M' 'M' 'M' 'M' 'M' 'M' 'U' 'M' 'U' 'U' 'M' 'M' 'M' 'M'
 'M' 'M' 'M' 'M' 'M' 'M' 'A' 'A' 'M' 'M' 'M' 'A' 'M' 'U' 'M' 'M' 'U' 'U'
 'A' 'M' 'A' 'M' 'U' 'U' 'M' 'U' 'U' 'A' 'A' 'U' 'A' 'A' 'A' 'U' 'A' 'U'
 'U' 'U' 'U' 'M' 'A' 'A' 'A' 'U' 'U' 'M' 'A' 'A' 'M' 'U' 'M' 'A' 'M' 'U'
 'M' 'U' 'M' 'U' 'M' 'M' 'U' 'M' 'U' 'M' 'M' 'M' 'A' 'M' 'M' 'A' 'U' 'A'
 'U' 'A' 'A' 'U' 'A' 'M' 'U' 'M' 'A' 'M' 'U' 'U' 'U' 'U' 'A' 'M' 'M' 'A'
 'U' 'A' 'M' 'M' 'A' 'A' 'M' 'A' 'A' 'A' 'U' 'A' 'U' 'U' 'A' 'U' 'U' 'U']"
2301,0,134,56,78,64,0,0,"['A' 'A' 'A' 'U' 'M' 'M' 'A' 'A' 'M' 'U' 'M' 'A' 'U' 'U' 'U' 'A' 'U' 'M'
 'A' 'M' 'A' 'A' 'A' 'M' 'U' 'U' 'M' 'U' 'M' 'A' 'U' 'A' 'M' 'A' 'A' 'M'
 'A' 'A' 'A' 'A' 'U' 'U' 'A' 'A' 'A' 'M' 'U' 'M' 'U' 'U' 'U' 'U' 'M' 'A'
 'U' 'M' 'A' 'A' 'M' 'U' 'A' 'M' 'A' 'U' 'U' 'U' 'M' 'M' 'M' 'M' 'M' 'M'
 'M' 'M' 'M' 'U' 'M' 'M' 'M' 'U' 'M' 'M' 'U' 'M' 'M' 'M' 'M' 'U' 'M' 'M'
 'M' 'M' 'M' 'M' 'M' 'M' 'A' 'U' 'M' 'M' 'M' 'A' 'U' 'U' 'U' 'M' 'U' 'U'
 'U' 'M' 'A' 'M' 'U' 'M' 'M' 'M' 'M' 'A' 'A' 'U' 'A' 'A' 'A' 'U' 'U' 'U'
 'A' 'U' 'U' 'M' 'A' 'A' 'A' 'U' 'U' 'M' 'A' 'U' 'U' 'U' 'M' 'M' 'U' 'M'
 'U' 'U' 'M' 'U' 'M' 'M' 'U' 'M' 'U' 'M' 'M' 'M' 'A' 'M' 'M' 'A' 'U' 'A'
 'U' 'A' 'A' 'U' 'A' 'M' 'U' 'M' 'U' 'M' 'U' 'M' 'U' 'U' 'A' 'M' 'M' 'A'
 'U' 'A' 'M' 'M' 'A' 'A' 'M' 'A' 'A' 'A' 'M' 'A' 'U' 'U' 'A' 'U' 'U' 'M']"
2401,0,131,54,77,67,0,0,"['A' 'A' 'A' 'U' 'M' 'M' 'A' 'A' 'U' 'U' 'M' 'A' 'U' 'U' 'U' 'A' 'U' 'M'
 'A' 'M' 'A' 'A' 'A' 'M' 'U' 'U' 'M' 'M' 'U' 'A' 'M' 'U' 'M' 'A' 'A' 'M'
 'A' 'A' 'A' 'A' 'U' 'U' 'A' 'A' 'A' 'M' 'U' 'M' 'U' 'U' 'U' 'U' 'M' 'A'
 'U' 'U' 'U' 'A' 'M' 'U' 'A' 'M' 'A' 'U' 'U' 'M' 'M' 'M' 'M' 'M' 'M' 'M'
 'M' 'M' 'M' 'U' 'M' 'U' 'M' 'M' 'M' 'U' 'M' 'M' 'U' 'M' 'M' 'U' 'M' 'M'
 'M' 'M' 'M' 'M' 'M' 'M' 'M' 'U' 'M' 'M' 'U' 'A' 'M' 'U' 'U' 'M' 'U' 'U'
 'A' 'M' 'A' 'M' 'U' 'M' 'M' 'M' 'U' 'A' 'A' 'U' 'U' 'A' 'A' 'U' 'U' 'U'
 'A' 'M' 'U' 'M' 'A' 'A' 'A' 'U' 'M' 'M' 'A' 'U' 'U' 'A' 'M' 'U' 'U' 'M'
 'U' 'U' 'U' 'U' 'M' 'M' 'M' 'M' 'U' 'M' 'M' 'M' 'A' 'M' 'M' 'A' 'U' 'A'
 'U' 'A' 'A' 'U' 'A' 'U' 'U' 'M' 'A' 'M' 'U' 'M' 'U' 'M' 'A' 'M' 'M' 'A'
 'U' 'A' 'M' 'M' 'A' 'A' 'M' 'A' 'A' 'A' 'U' 'U' 'U' 'U' 'A' 'U' 'U' 'M']"
2501,0,134,54,80,64,0,1,"['A' 'A' 'A' 'M' 'M' 'M' 'A' 'A' 'U' 'U' 'U' 'U' 'U' 'U' 'M' 'A' 'U' 'M'
 'A' 'M' 'A' 'A' 'A' 'M' 'M' 'A' 'M' 'M' 'U' 'A' 'M' 'U' 'M' 'U' 'A' 'M'
 'A' 'A' 'A' 'A' 'U' 'A' 'A' 'A' 'A' 'M' 'U' 'M' 'U' 'U' 'U' 'M' 'M' 'A'
 'U' 'U' 'U' 'A' 'M' 'U' 'A' 'M' 'U' 'U' 'U' 'M' 'M' 'M' 'M' 'M' 'M' 'M'
 'M' 'M' 'U' 'U' 'M' 'M' 'M' 'M' 'M' 'M' 'M' 'U' 'M' 'M' 'M' 'M' 'M' 'M'
 'M' 'U' 'M' 'M' 'U' 'M' 'M' 'U' 'M' 'U' 'U' 'U' 'U' 'U' 'U' 'M' 'U' 'U'
 'A' 'M' 'A' 'M' 'A' 'M' 'M' 'M' 'U' 'A' 'M' 'U' 'A' 'U' 'A' 'U' 'U' 'U'
 'A' 'M' 'U' 'M' 'A' 'A' 'A' 'U' 'M' 'U' 'A' 'U' 'U' 'A' 'M' 'U' 'U' 'M'
 'U' 'U' 'U' 'A' 'M' 'M' 'M' 'M' 'M' 'M' 'M' 'M' 'U' 'M' 'M' 'A' 'U' 'A'
 'A' 'A' 'A' 'U' 'A' 'A' 'U' 'M' 'A' 'M' 'U' 'M' 'U' 'M' 'A' 'M' 'M' 'A'
 'U' 'A' 'M' 'M' 'A' 'A' 'M' 'A' 'A' 'A' 'U' 'U' 'U' 'U' 'A' 'M' 'U' 'M']"
2601,2,131,46,85,67,0,0,"['A' 'A' 'A' 'M' 'M' 'M' 'A' 'U' 'U' 'U' 'A' 'U' 'U' 'A' 'M' 'A' 'U' 'M'
 'A' 'M' 'A' 'A' 'A' 'M' 'M' 'A' 'M' 'M' 'U' 'A' 'M' 'U' 'M' 'U' 'A' 'M'
 'U' 'A' 'A' 'A' 'U' 'U' 'A' 'A' 'A' 'M' 'U' 'U' 'U' 'U' 'U' 'M' 'M' 'A'
 'M' 'U' 'U' 'U' 'M' 'U' 'A' 'M' 'U' 'U' 'U' 'M' 'M' 'M' 'U' 'M' 'U' 'M'
 'M' 'M' 'M' 'M' 'M' 'M' 'M' 'M' 'U' 'M' 'M' 'M' 'M' 'U' 'U' 'M' 'M' 'M'
 'M' 'M' 'M' 'M' 'M' 'M' 'M' 'U' 'M' 'U' 'M' 'U' 'M' 'U' 'U' 'M' 'U' 'M'
 'U' 'M' 'A' 'M' 'A' 'M' 'M' 'M' 'M' 'A' 'M' 'U' 'A' 'U' 'A' 'U' 'U' 'U'
 'A' 'M' 'U' 'M' 'A' 'A' 'U' 'U' 'U' 'U' 'A' 'U' 'M' 'A' 'M' 'M' 'M' 'M'
 'U' 'U' 'M' 'U' 'M' 'M' 'M' 'U' 'M' 'U' 'M' 'U' 'U' 'M' 'M' 'A' 'U' 'A'
 'U' 'A' 'A' 'U' 'U' 'A' 'U' 'U' 'A' 'M' 'A' 'M' 'U' 'M' 'A' 'M' 'M' 'A'
 'M' 'U' 'M' 'M' 'A' 'A' 'M' 'A' 'A' 'A' 'U' 'U' 'M' 'U' 'U' 'M' 'U' 'M']"
2701,0,127,43,84,71,0,0,"['A' 'A' 'A' 'M' 'M' 'M' 'A' 'A' 'U' 'U' 'U' 'U' 'U' 'U' 'M' 'A' 'U' 'M'
 'A' 'M' 'A' 'A' 'A' 'M' 'M' 'A' 'M' 'M' 'U' 'A' 'M' 'U' 'M' 'U' 'A' 'M'
 'U' 'A' 'A' 'A' 'U' 'A' 'A' 'U' 'M' 'M' 'U' 'U' 'U' 'U' 'U' 'M' 'U' 'A'
 'M' 'U' 'U' 'U' 'M' 'U' 'A' 'M' 'U' 'M' 'U' 'U' 'M' 'M' 'M' 'M' 'M' 'M'
 'M' 'M' 'M' 'M' 'M' 'M' 'M' 'M' 'M' 'M' 'M' 'M' 'M' 'M' 'M' 'M' 'M' 'M'
 'U' 'U' 'U' 'M' 'U' 'M' 'M' 'U' 'M' 'A' 'M' 'U' 'M' 'U' 'U' 'M' 'U' 'M'
 'U' 'M' 'A' 'M' 'A' 'M' 'M' 'M' 'U' 'A' 'M' 'A' 'A' 'U' 'A' 'U' 'U' 'U'
 'A' 'M' 'U' 'M' 'A' 'A' 'A' 'U' 'U' 'U' 'U' 'M' 'U' 'U' 'M' 'M' 'M' 'M'
 'U' 'U' 'M' 'U' 'M' 'M' 'M' 'U' 'M' 'U' 'M' 'U' 'U' 'M' 'M' 'A' 'U' 'U'
 'U' 'M' 'A' 'U' 'U' 'A' 'U' 'U' 'A' 'M' 'A' 'U' 'U' 'M' 'U' 'M' 'M' 'A'
 'M' 'U' 'M' 'M' 'A' 'A' 'M' 'A' 'A' 'A' 'U' 'A' 'M' 'U' 'U' 'U' 'U' 'M']"
2801,0,122,40,82,76,0,0,"['A' 'A' 'U' 'M' 'M' 'M' 'A' 'A' 'U' 'U' 'U' 'U' 'U' 'U' 'M' 'A' 'U' 'M'
 'U' 'M' 'A' 'A' 'A' 'M' 'M' 'A' 'U' 'M' 'U' 'A' 'M' 'U' 'M' 'U' 'A' 'U'
 'U' 'U' 'A' 'A' 'U' 'A' 'A' 'U' 'M' 'U' 'A' 'U' 'U' 'U' 'U' 'M' 'U' 'A'
 'M' 'U' 'M' 'U' 'M' 'U' 'A' 'M' 'U' 'M' 'U' 'U' 'M' 'M' 'M' 'M' 'U' 'M'
 'M' 'M' 'M' 'M' 'M' 'M' 'U' 'M' 'M' 'M' 'M' 'M' 'M' 'M' 'M' 'M' 'U' 'U'
 'M' 'M' 'M' 'M' 'M' 'M' 'M' 'M' 'U' 'A' 'U' 'U' 'M' 'M' 'U' 'M' 'U' 'U'
 'M' 'M' 'A' 'M' 'A' 'M' 'M' 'M' 'U' 'A' 'M' 'A' 'A' 'U' 'U' 'U' 'U' 'U'
 'A' 'M' 'U' 'M' 'A' 'A' 'A' 'U' 'U' 'U' 'M' 'M' 'U' 'U' 'M' 'M' 'M' 'M'
 'U' 'U' 'M' 'M' 'M' 'M' 'M' 'M' 'M' 'U' 'M' 'U' 'M' 'M' 'M' 'A' 'U' 'U'
 'U' 'U' 'A' 'U' 'U' 'A' 'U' 'U' 'A' 'M' 'A' 'U' 'U' 'M' 'A' 'M' 'M' 'A'
 'U' 'U' 'M' 'M' 'A' 'A' 'U' 'A' 'A' 'A' 'U' 'U' 'U' 'U' 'U' 'U' 'U' 'M']"
2901,0,122,35,87,76,0,1,"['A' 'A' 'U' 'M' 'M' 'U' 'A' 'A' 'U' 'U' 'M' 'U' 'A' 'U' 'M' 'A' 'U' 'M'
 'U' 'M' 'A' 'A' 'U' 'M' 'M' 'A' 'U' 'M' 'U' 'A' 'M' 'M' 'M' 'U' 'A' 'M'
 'U' 'U' 'A' 'A' 'U' 'A' 'A' 'U' 'M' 'U' 'A' 'U' 'U' 'U' 'U' 'M' 'M' 'A'
 'M' 'U' 'M' 'U' 'M' 'U' 'A' 'M' 'U' 'U' 'U' 'M' 'M' 'U' 'U' 'M' 'M' 'M'
 'M' 'U' 'M' 'M' 'M' 'M' 'M' 'M' 'M' 'M' 'U' 'M' 'M' 'M' 'M' 'U' 'M' 'M'
 'M' 'M' 'M' 'M' 'M' 'M' 'M' 'M' 'U' 'A' 'U' 'U' 'M' 'M' 'U' 'M' 'U' 'U'
 'M' 'M' 'U' 'M' 'U' 'M' 'M' 'U' 'U' 'A' 'M' 'A' 'A' 'U' 'U' 'U' 'U' 'A'
 'A' 'M' 'M' 'M' 'A' 'A' 'A' 'U' 'U' 'M' 'M' 'U' 'U' 'U' 'M' 'M' 'M' 'U'
 'U' 'U' 'M' 'M' 'M' 'M' 'M' 'M' 'M' 'M' 'M' 'M' 'M' 'M' 'M' 'A' 'U' 'U'
 'U' 'U' 'A' 'U' 'M' 'A' 'U' 'A' 'A' 'M' 'U' 'U' 'M' 'M' 'A' 'M' 'M' 'U'
 'U' 'U' 'M' 'M' 'U' 'U' 'U' 'A' 'U' 'A' 'U' 'U' 'U' 'U' 'U' 'U' 'U' 'M']"
3001,0,123,24,99,75,0,0,"['A' 'A' 'U' 'M' 'M' 'U' 'A' 'A' 'U' 'U' 'M' 'M' 'A' 'U' 'M' 'A' 'U' 'M'
 'M' 'U' 'U' 'A' 'U' 'M' 'M' 'A' 'U' 'M' 'U' 'U' 'M' 'M' 'M' 'U' 'U' 'M'
 'U' 'U' 'A' 'M' 'U' 'U' 'A' 'U' 'M' 'U' 'A' 'U' 'M' 'U' 'M' 'M' 'M' 'A'
 'M' 'M' 'M' 'U' 'M' 'U' 'M' 'M' 'U' 'U' 'U' 'M' 'M' 'M' 'M' 'M' 'M' 'M'
 'M' 'M' 'M' 'M' 'M' 'M' 'M' 'M' 'M' 'M' 'M' 'M' 'M' 'M' 'U' 'U' 'M' 'U'
 'M' 'U' 'M' 'U' 'M' 'M' 'M' 'M' 'U' 'A' 'U' 'U' 'M' 'M' 'M' 'M' 'U' 'U'
 'U' 'M' 'M' 'M' 'M' 'M' 'M' 'U' 'U' 'U' 'M' 'A' 'A' 'U' 'U' 'U' 'M' 'A'
 'U' 'M' 'M' 'M' 'A' 'U' 'U' 'U' 'U' 'M' 'M' 'U' 'U' 'U' 'M' 'M' 'M' 'M'
 'U' 'U' 'M' 'M' 'M' 'M' 'M' 'M' 'M' 'U' 'M' 'M' 'M' 'U' 'M' 'U' 'A' 'U'
 'U' 'U' 'A' 'U' 'M' 'A' 'U' 'U' 'A' 'M' 'U' 'U' 'U' 'M' 'A' 'M' 'M' 'A'
 'U' 'M' 'M' 'M' 'U' 'U' 'U' 'U' 'U' 'A' 'U' 'M' 'U' 'M' 'M' 'M' 'U' 'M']"
3101,0,132,25,107,66,0,1,"['A' 'A' 'M' 'M' 'M' 'U' 'A' 'A' 'U' 'U' 'M' 'M' 'A' 'U' 'M' 'A' 'U' 'M'
 'M' 'M' 'U' 'A' 'U' 'U' 'M' 'A' 'M' 'M' 'U' 'U' 'M' 'M' 'M' 'A' 'A' 'M'
 'U' 'U' 'A' 'M' 'U' 'U' 'A' 'U' 'M' 'U' 'A' 'M' 'M' 'U' 'U' 'M' 'M' 'A'
 'M' 'M' 'M' 'U' 'M' 'U' 'M' 'M' 'U' 'U' 'U' 'M' 'M' 'U' 'M' 'M' 'M' 'M'
 'U' 'M' 'U' 'M' 'M' 'U' 'M' 'U' 'M' 'M' 'M' 'M' 'M' 'M' 'M' 'M' 'M' 'M'
 'M' 'M' 'M' 'M' 'M' 'U' 'M' 'M' 'M' 'A' 'M' 'U' 'M' 'M' 'M' 'M' 'U' 'U'
 'A' 'M' 'M' 'M' 'U' 'M' 'M' 'M' 'U' 'U' 'M' 'A' 'M' 'U' 'U' 'U' 'M' 'A'
 'U' 'M' 'M' 'M' 'A' 'U' 'U' 'U' 'U' 'M' 'M' 'M' 'U' 'A' 'M' 'M' 'M' 'M'
 'U' 'M' 'M' 'M' 'M' 'M' 'M' 'M' 'U' 'U' 'M' 'M' 'M' 'U' 'M' 'U' 'A' 'M'
 'U' 'U' 'A' 'U' 'M' 'A' 'U' 'U' 'A' 'M' 'M' 'M' 'U' 'M' 'U' 'M' 'M' 'U'
 'U' 'M' 'M' 'U' 'U' 'M' 'U' 'U' 'U' 'A' 'U' 'M' 'U' 'M' 'M' 'M' 'U' 'M']"
3201,1,130,31,99,68,1,0,"['A' 'A' 'M' 'U' 'U' 'U' 'A' 'A' 'U' 'U' 'M' 'M' 'A' 'U' 'M' 'A' 'A' 'M'
 'M' 'U' 'U' 'A' 'M' 'M' 'M' 'A' 'M' 'M' 'U' 'U' 'M' 'M' 'M' 'A' 'U' 'M'
 'U' 'A' 'A' 'U' 'U' 'M' 'A' 'U' 'M' 'U' 'A' 'U' 'U' 'U' 'U' 'M' 'M' 'A'
 'M' 'M' 'M' 'U' 'M' 'M' 'M' 'U' 'U' 'M' 'A' 'M' 'M' 'M' 'M' 'M' 'U' 'M'
 'M' 'M' 'M' 'M' 'M' 'M' 'M' 'M' 'M' 'M' 'M' 'U' 'M' 'U' 'M' 'M' 'M' 'M'
 'M' 'M' 'U' 'M' 'U' 'M' 'M' 'M' 'M' 'A' 'M' 'U' 'M' 'M' 'M' 'M' 'U' 'U'
 'A' 'M' 'M' 'M' 'U' 'M' 'M' 'M' 'U' 'U' 'M' 'A' 'A' 'U' 'U' 'A' 'M' 'A'
 'U' 'M' 'M' 'M' 'A' 'M' 'U' 'U' 'U' 'U' 'U' 'U' 'U' 'U' 'M' 'M' 'M' 'M'
 'U' 'M' 'M' 'M' 'M' 'M' 'U' 'M' 'A' 'A' 'U' 'U' 'M' 'M' 'U' 'U' 'A' 'M'
 'U' 'U' 'A' 'U' 'M' 'A' 'U' 'U' 'A' 'M' 'M' 'M' 'U' 'M' 'A' 'U' 'M' 'U'
 'U' 'M' 'M' 'U' 'U' 'M' 'U' 'U' 'M' 'A' 'U' 'U' 'U' 'M' 'M' 'M' 'U' 'M']"
3301,0,144,38,106,54,0,1,"['A' 'A' 'M' 'M' 'U' 'U' 'A' 'A' 'M' 'U' 'M' 'M' 'A' 'M' 'U' 'U' 'A' 'U'
 'M' 'A' 'U' 'A' 'M' 'M' 'M' 'A' 'M' 'M' 'U' 'M' 'M' 'M' 'M' 'A' 'U' 'M'
 'A' 'A' 'A' 'U' 'U' 'M' 'A' 'A' 'M' 'U' 'A' 'A' 'U' 'U' 'U' 'M' 'M' 'A'
 'M' 'M' 'M' 'U' 'M' 'M' 'M' 'U' 'U' 'M' 'A' 'M' 'M' 'M' 'M' 'M' 'M' 'M'
 'U' 'M' 'M' 'M' 'U' 'M' 'M' 'M' 'M' 'M' 'M' 'M' 'M' 'U' 'U' 'M' 'M' 'M'
 'M' 'M' 'M' 'U' 'M' 'U' 'M' 'M' 'M' 'A' 'M' 'A' 'M' 'M' 'M' 'M' 'U' 'A'
 'A' 'M' 'A' 'M' 'M' 'M' 'U' 'M' 'U' 'U' 'M' 'A' 'A' 'M' 'U' 'A' 'M' 'A'
 'U' 'M' 'M' 'M' 'A' 'M' 'U' 'U' 'U' 'M' 'U' 'U' 'M' 'U' 'M' 'M' 'M' 'M'
 'U' 'M' 'U' 'M' 'M' 'M' 'U' 'M' 'A' 'A' 'U' 'U' 'M' 'M' 'M' 'U' 'A' 'M'
 'U' 'U' 'A' 'U' 'M' 'A' 'U' 'U' 'A' 'M' 'M' 'M' 'U' 'M' 'U' 'U' 'M' 'U'
 'U' 'M' 'M' 'M' 'A' 'M' 'M' 'U' 'M' 'A' 'M' 'M' 'U' 'M' 'M' 'M' 'A' 'M']"
3401,1,144,36,108,54,0,0,"['A' 'A' 'M' 'M' 'U' 'U' 'A' 'U' 'M' 'A' 'M' 'M' 'A' 'M' 'M' 'U' 'A' 'U'
 'M' 'A' 'U' 'A' 'M' 'M' 'M' 'A' 'U' 'M' 'U' 'M' 'M' 'M' 'M' 'M' 'U' 'M'
 'A' 'A' 'A' 'A' 'M' 'M' 'U' 'A' 'M' 'U' 'A' 'A' 'U' 'A' 'U' 'M' 'M' 'U'
 'M' 'M' 'M' 'M' 'M' 'M' 'M' 'U' 'A' 'M' 'A' 'M' 'M' 'M' 'M' 'U' 'M' 'M'
 'M' 'M' 'M' 'M' 'M' 'M' 'M' 'U' 'M' 'M' 'U' 'M' 'U' 'M' 'M' 'U' 'M' 'M'
 'M' 'M' 'M' 'M' 'M' 'U' 'M' 'M' 'M' 'A' 'M' 'U' 'M' 'M' 'M' 'M' 'U' 'A'
 'A' 'M' 'A' 'M' 'M' 'M' 'U' 'M' 'U' 'M' 'M' 'A' 'A' 'M' 'U' 'M' 'M' 'A'
 'M' 'M' 'M' 'M' 'A' 'U' 'U' 'A' 'U' 'U' 'U' 'U' 'U' 'U' 'M' 'M' 'M' 'M'
 'U' 'M' 'M' 'M' 'M' 'M' 'U' 'M' 'A' 'A' 'U' 'U' 'U' 'M' 'M' 'U' 'A' 'M'
 'U' 'U' 'A' 'U' 'M' 'U' 'U' 'U' 'A' 'M' 'M' 'M' 'U' 'M' 'M' 'U' 'M' 'U'
 'U' 'M' 'U' 'M' 'A' 'M' 'M' 'U' 'M' 'A' 'M' 'M' 'U' 'M' 'M' 'M' 'A' 'U']"
3501,0,152,33,119,46,0,0,"['A' 'A' 'M' 'M' 'U' 'U' 'U' 'U' 'M' 'A' 'M' 'M' 'U' 'M' 'M' 'M' 'A' 'M'
 'M' 'A' 'U' 'A' 'M' 'M' 'M' 'A' 'A' 'M' 'M' 'M' 'M' 'M' 'M' 'M' 'M' 'M'
 'A' 'A' 'A' 'A' 'M' 'M' 'U' 'U' 'M' 'U' 'A' 'A' 'U' 'A' 'A' 'M' 'M' 'U'
 'M' 'M' 'M' 'M' 'M' 'M' 'M' 'U' 'U' 'M' 'A' 'M' 'M' 'M' 'M' 'U' 'M' 'M'
 'M' 'M' 'M' 'M' 'M' 'M' 'M' 'M' 'M' 'U' 'M' 'M' 'M' 'M' 'M' 'M' 'M' 'U'
 'M' 'M' 'M' 'U' 'U' 'A' 'M' 'M' 'M' 'A' 'M' 'M' 'U' 'M' 'M' 'M' 'U' 'A'
 'A' 'U' 'A' 'M' 'M' 'M' 'U' 'M' 'M' 'M' 'M' 'A' 'A' 'M' 'M' 'M' 'M' 'A'
 'M' 'M' 'M' 'M' 'A' 'U' 'U' 'M' 'U' 'U' 'U' 'U' 'U' 'U' 'M' 'M' 'M' 'M'
 'M' 'M' 'M' 'M' 'M' 'M' 'U' 'M' 'A' 'U' 'U' 'U' 'U' 'M' 'M' 'M' 'A' 'M'
 'M' 'U' 'M' 'U' 'M' 'U' 'U' 'U' 'A' 'M' 'M' 'M' 'U' 'M' 'M' 'U' 'M' 'M'
 'A' 'M' 'M' 'M' 'A' 'M' 'M' 'U' 'M' 'A' 'M' 'M' 'U' 'M' 'U' 'M' 'A' 'U']"
3601,0,146,33,113,52,0,1,"['A' 'A' 'M' 'M' 'U' 'U' 'U' 'U' 'M' 'A' 'M' 'M' 'U' 'M' 'M' 'M' 'A' 'M'
 'M' 'A' 'U' 'A' 'M' 'M' 'M' 'A' 'A' 'M' 'M' 'U' 'M' 'M' 'M' 'M' 'M' 'M'
 'A' 'A' 'A' 'A' 'M' 'M' 'U' 'U' 'M' 'U' 'A' 'A' 'U' 'A' 'A' 'M' 'M' 'M'
 'U' 'M' 'U' 'M' 'M' 'M' 'M' 'U' 'U' 'M' 'A' 'M' 'U' 'M' 'M' 'M' 'M' 'M'
 'M' 'M' 'M' 'M' 'M' 'M' 'M' 'M' 'M' 'M' 'M' 'M' 'U' 'M' 'M' 'M' 'U' 'M'
 'U' 'M' 'M' 'M' 'U' 'A' 'M' 'M' 'M' 'A' 'M' 'M' 'A' 'U' 'M' 'M' 'U' 'U'
 'A' 'M' 'U' 'M' 'M' 'M' 'U' 'M' 'M' 'M' 'M' 'U' 'A' 'M' 'M' 'M' 'M' 'A'
 'M' 'U' 'M' 'M' 'A' 'U' 'M' 'M' 'U' 'U' 'U' 'U' 'U' 'U' 'M' 'M' 'M' 'M'
 'U' 'U' 'U' 'M' 'U' 'M' 'U' 'M' 'A' 'U' 'U' 'U' 'U' 'M' 'M' 'M' 'A' 'M'
 'M' 'U' 'U' 'M' 'M' 'U' 'A' 'A' 'U' 'M' 'M' 'M' 'U' 'M' 'M' 'A' 'M' 'M'
 'A' 'M' 'M' 'M' 'A' 'M' 'M' 'U' 'M' 'A' 'M' 'M' 'U' 'M' 'U' 'M' 'A' 'U']"
3701,0,147,29,118,51,0,0,"['A' 'U' 'M' 'M' 'U' 'U' 'U' 'U' 'M' 'A' 'M' 'M' 'U' 'M' 'M' 'U' 'A' 'M'
 'M' 'A' 'U' 'A' 'M' 'M' 'M' 'A' 'M' 'M' 'M' 'U' 'M' 'M' 'M' 'M' 'M' 'M'
 'A' 'A' 'M' 'A' 'M' 'M' 'U' 'U' 'M' 'A' 'A' 'A' 'U' 'A' 'A' 'M' 'M' 'M'
 'U' 'M' 'U' 'M' 'M' 'M' 'M' 'U' 'A' 'M' 'A' 'M' 'M' 'M' 'M' 'U' 'M' 'M'
 'M' 'M' 'M' 'U' 'M' 'M' 'U' 'U' 'M' 'M' 'M' 'M' 'M' 'M' 'M' 'M' 'M' 'M'
 'M' 'M' 'M' 'M' 'U' 'A' 'M' 'M' 'M' 'A' 'M' 'M' 'A' 'U' 'M' 'M' 'U' 'U'
 'U' 'M' 'M' 'M' 'U' 'M' 'U' 'M' 'M' 'M' 'M' 'U' 'U' 'M' 'M' 'M' 'M' 'A'
 'M' 'U' 'M' 'M' 'A' 'U' 'M' 'M' 'M' 'M' 'U' 'U' 'M' 'U' 'M' 'M' 'M' 'M'
 'A' 'U' 'U' 'M' 'U' 'M' 'U' 'M' 'A' 'U' 'U' 'U' 'U' 'M' 'M' 'M' 'A' 'M'
 'M' 'U' 'U' 'M' 'M' 'U' 'U' 'U' 'U' 'M' 'M' 'M' 'U' 'M' 'M' 'U' 'M' 'M'
 'A' 'M' 'M' 'M' 'A' 'M' 'M' 'A' 'M' 'A' 'M' 'M' 'U' 'M' 'U' 'M' 'A' 'M']"
3801,0,141,22,119,57,0,1,"['A' 'U' 'M' 'M' 'U' 'U' 'U' 'U' 'U' 'A' 'M' 'U' 'U' 'U' 'M' 'M' 'A' 'M'
 'M' 'A' 'U' 'A' 'M' 'M' 'M' 'A' 'M' 'M' 'M' 'M' 'M' 'M' 'M' 'M' 'M' 'M'
 'U' 'A' 'M' 'A' 'M' 'M' 'M' 'U' 'M' 'A' 'U' 'A' 'U' 'A' 'U' 'M' 'M' 'M'
 'U' 'M' 'U' 'M' 'M' 'M' 'M' 'M' 'A' 'M' 'A' 'U' 'M' 'U' 'M' 'M' 'M' 'M'
 'M' 'M' 'M' 'M' 'M' 'U' 'M' 'M' 'M' 'M' 'M' 'M' 'M' 'M' 'U' 'M' 'M' 'U'
 'M' 'M' 'M' 'M' 'M' 'A' 'U' 'M' 'U' 'U' 'M' 'M' 'A' 'M' 'M' 'M' 'U' 'M'
 'U' 'M' 'M' 'M' 'U' 'M' 'U' 'M' 'M' 'M' 'M' 'U' 'M' 'M' 'M' 'M' 'M' 'A'
 'M' 'M' 'M' 'M' 'U' 'M' 'M' 'M' 'M' 'M' 'U' 'U' 'M' 'U' 'U' 'M' 'M' 'M'
 'A' 'U' 'U' 'M' 'U' 'M' 'U' 'M' 'A' 'M' 'U' 'U' 'U' 'M' 'M' 'M' 'A' 'M'
 'M' 'U' 'U' 'M' 'M' 'U' 'U' 'U' 'U' 'M' 'M' 'M' 'U' 'M' 'M' 'U' 'M' 'M'
 'U' 'U' 'U' 'M' 'A' 'M' 'M' 'A' 'U' 'A' 'M' 'M' 'U' 'M' 'U' 'M' 'U' 'M']"
3901,0,137,20,117,61,0,0,"['A' 'U' 'M' 'M' 'U' 'U' 'U' 'U' 'M' 'U' 'M' 'M' 'U' 'U' 'M' 'M' 'A' 'M'
 'M' 'U' 'U' 'A' 'M' 'M' 'M' 'A' 'M' 'U' 'M' 'M' 'M' 'U' 'M' 'M' 'M' 'M'
 'U' 'A' 'M' 'A' 'U' 'M' 'U' 'U' 'M' 'M' 'U' 'A' 'U' 'A' 'U' 'M' 'M' 'M'
 'U' 'M' 'U' 'M' 'M' 'M' 'M' 'M' 'A' 'M' 'A' 'M' 'M' 'M' 'M' 'U' 'M' 'M'
 'M' 'M' 'U' 'U' 'U' 'M' 'M' 'U' 'M' 'M' 'M' 'M' 'M' 'M' 'M' 'M' 'M' 'M'
 'M' 'M' 'M' 'M' 'M' 'A' 'U' 'M' 'U' 'M' 'M' 'M' 'A' 'M' 'M' 'M' 'U' 'M'
 'U' 'M' 'M' 'M' 'U' 'M' 'U' 'M' 'M' 'M' 'U' 'M' 'M' 'M' 'M' 'M' 'M' 'U'
 'M' 'M' 'M' 'M' 'U' 'M' 'U' 'M' 'M' 'M' 'U' 'U' 'M' 'U' 'U' 'M' 'M' 'M'
 'A' 'A' 'U' 'M' 'U' 'M' 'U' 'M' 'A' 'M' 'U' 'U' 'U' 'M' 'M' 'M' 'A' 'M'
 'M' 'U' 'U' 'M' 'M' 'M' 'U' 'U' 'U' 'M' 'M' 'U' 'U' 'M' 'U' 'U' 'M' 'M'
 'A' 'A' 'U' 'M' 'A' 'M' 'M' 'U' 'U' 'A' 'M' 'M' 'U' 'M' 'U' 'M' 'U' 'M']"
4001,0,138,17,121,60,0,0,"['A' 'M' 'M' 'M' 'M' 'U' 'U' 'M' 'M' 'M' 'M' 'M' 'U' 'U' 'U' 'M' 'A' 'M'
 'M' 'M' 'U' 'A' 'M' 'M' 'M' 'A' 'M' 'M' 'M' 'U' 'M' 'U' 'M' 'M' 'M' 'M'
 'U' 'A' 'M' 'A' 'U' 'M' 'U' 'U' 'M' 'M' 'U' 'A' 'M' 'A' 'M' 'M' 'M' 'M'
 'U' 'M' 'U' 'M' 'M' 'M' 'M' 'M' 'A' 'M' 'A' 'M' 'M' 'M' 'U' 'M' 'M' 'M'
 'M' 'M' 'M' 'M' 'M' 'M' 'M' 'M' 'M' 'M' 'M' 'U' 'U' 'M' 'M' 'M' 'U' 'U'
 'M' 'M' 'M' 'M' 'M' 'A' 'U' 'U' 'U' 'M' 'M' 'M' 'U' 'M' 'M' 'M' 'U' 'M'
 'U' 'M' 'M' 'M' 'M' 'M' 'M' 'M' 'M' 'M' 'U' 'M' 'M' 'M' 'M' 'M' 'M' 'U'
 'M' 'U' 'M' 'U' 'U' 'M' 'U' 'M' 'M' 'M' 'U' 'U' 'M' 'U' 'U' 'M' 'M' 'M'
 'U' 'A' 'U' 'M' 'U' 'M' 'U' 'U' 'A' 'M' 'U' 'U' 'A' 'M' 'M' 'M' 'A' 'M'
 'U' 'U' 'U' 'U' 'M' 'M' 'U' 'U' 'U' 'M' 'M' 'U' 'U' 'M' 'U' 'U' 'M' 'M'
 'M' 'U' 'U' 'M' 'A' 'M' 'M' 'U' 'U' 'A' 'M' 'M' 'M' 'M' 'U' 'M' 'U' 'M']"
4101,0,142,14,128,56,0,0,"['A' 'M' 'M' 'U' 'M' 'M' 'U' 'M' 'M' 'M' 'M' 'M' 'U' 'U' 'U' 'M' 'A' 'M'
 'M' 'M' 'U' 'U' 'M' 'M' 'M' 'A' 'M' 'M' 'M' 'U' 'M' 'U' 'M' 'M' 'M' 'M'
 'U' 'U' 'M' 'A' 'U' 'M' 'U' 'U' 'M' 'M' 'U' 'A' 'U' 'A' 'M' 'M' 'M' 'M'
 'U' 'U' 'U' 'M' 'M' 'M' 'M' 'M' 'A' 'M' 'A' 'M' 'M' 'M' 'U' 'U' 'M' 'M'
 'U' 'M' 'M' 'M' 'M' 'M' 'M' 'M' 'M' 'M' 'M' 'M' 'U' 'M' 'M' 'M' 'M' 'M'
 'M' 'U' 'M' 'M' 'M' 'A' 'A' 'U' 'M' 'M' 'M' 'M' 'U' 'M' 'M' 'M' 'M' 'M'
 'M' 'M' 'M' 'M' 'M' 'M' 'M' 'M' 'M' 'M' 'U' 'M' 'M' 'M' 'M' 'U' 'M' 'U'
 'M' 'U' 'M' 'U' 'U' 'M' 'U' 'M' 'M' 'M' 'U' 'M' 'M' 'M' 'U' 'M' 'M' 'M'
 'M' 'U' 'U' 'M' 'U' 'M' 'M' 'U' 'A' 'M' 'U' 'U' 'A' 'M' 'M' 'M' 'A' 'M'
 'M' 'U' 'M' 'U' 'M' 'M' 'U' 'M' 'U' 'M' 'M' 'U' 'U' 'M' 'U' 'U' 'M' 'M'
 'M' 'U' 'M' 'U' 'A' 'M' 'M' 'U' 'U' 'U' 'M' 'M' 'M' 'M' 'U' 'M' 'U' 'M']"
4201,0,149,15,134,49,0,0,"['A' 'M' 'M' 'U' 'M' 'M' 'U' 'M' 'M' 'M' 'M' 'M' 'M' 'U' 'U' 'M' 'A' 'M'
 'M' 'M' 'M' 'M' 'M' 'M' 'M' 'A' 'M' 'M' 'M' 'U' 'M' 'U' 'M' 'M' 'M' 'M'
 'M' 'U' 'M' 'A' 'U' 'M' 'M' 'U' 'M' 'M' 'U' 'A' 'U' 'U' 'M' 'M' 'M' 'M'
 'U' 'U' 'M' 'M' 'M' 'M' 'U' 'M' 'A' 'M' 'U' 'M' 'M' 'M' 'M' 'M' 'U' 'M'
 'M' 'M' 'M' 'M' 'M' 'M' 'M' 'M' 'M' 'M' 'U' 'M' 'M' 'U' 'M' 'M' 'M' 'U'
 'M' 'M' 'M' 'U' 'M' 'A' 'A' 'U' 'M' 'M' 'M' 'M' 'U' 'M' 'M' 'M' 'M' 'M'
 'M' 'M' 'M' 'M' 'M' 'M' 'M' 'M' 'M' 'M' 'U' 'M' 'M' 'M' 'M' 'U' 'M' 'M'
 'M' 'U' 'M' 'U' 'U' 'U' 'U' 'M' 'M' 'M' 'U' 'U' 'M' 'M' 'U' 'M' 'M' 'M'
 'M' 'U' 'U' 'M' 'U' 'M' 'M' 'M' 'A' 'M' 'A' 'U' 'A' 'M' 'U' 'M' 'A' 'M'
 'M' 'U' 'M' 'M' 'M' 'M' 'A' 'M' 'U' 'M' 'M' 'U' 'U' 'U' 'U' 'M' 'M' 'M'
 'M' 'U' 'M' 'U' 'A' 'M' 'M' 'U' 'U' 'A' 'M' 'M' 'M' 'M' 'U' 'M' 'M' 'M']"
4301,0,145,11,134,53,0,0,"['A' 'M' 'M' 'U' 'M' 'M' 'M' 'M' 'M' 'U' 'M' 'M' 'M' 'M' 'U' 'M' 'A' 'M'
 'M' 'M' 'U' 'M' 'M' 'M' 'M' 'A' 'M' 'M' 'M' 'U' 'M' 'U' 'M' 'M' 'M' 'M'
 'M' 'U' 'M' 'A' 'U' 'M' 'M' 'U' 'M' 'M' 'A' 'A' 'U' 'U' 'M' 'M' 'M' 'M'
 'U' 'U' 'M' 'M' 'M' 'M' 'U' 'M' 'A' 'M' 'U' 'M' 'M' 'M' 'M' 'M' 'M' 'U'
 'M' 'M' 'U' 'M' 'M' 'M' 'M' 'M' 'M' 'M' 'U' 'M' 'M' 'U' 'M' 'M' 'M' 'M'
 'M' 'M' 'U' 'M' 'M' 'M' 'A' 'U' 'M' 'M' 'M' 'M' 'U' 'M' 'M' 'U' 'M' 'M'
 'M' 'M' 'M' 'M' 'M' 'M' 'M' 'M' 'M' 'M' 'U' 'M' 'M' 'M' 'M' 'U' 'U' 'M'
 'M' 'M' 'M' 'M' 'U' 'U' 'U' 'U' 'U' 'U' 'M' 'U' 'U' 'M' 'U' 'M' 'U' 'M'
 'M' 'U' 'M' 'M' 'M' 'M' 'M' 'M' 'U' 'M' 'A' 'U' 'A' 'M' 'U' 'M' 'U' 'M'
 'M' 'U' 'M' 'M' 'M' 'M' 'A' 'M' 'M' 'U' 'M' 'U' 'U' 'U' 'M' 'U' 'M' 'M'
 'M' 'U' 'M' 'U' 'U' 'M' 'M' 'M' 'U' 'U' 'M' 'M' 'M' 'M' 'U' 'M' 'M' 'M']"
4401,0,141,10,131,57,0,0,"['A' 'M' 'M' 'U' 'M' 'M' 'M' 'U' 'M' 'U' 'M' 'M' 'M' 'M' 'U' 'M' 'A' 'U'
 'M' 'M' 'U' 'M' 'M' 'U' 'M' 'A' 'M' 'U' 'M' 'U' 'M' 'U' 'M' 'M' 'M' 'M'
 'M' 'U' 'M' 'A' 'U' 'U' 'M' 'M' 'M' 'M' 'A' 'A' 'U' 'U' 'M' 'M' 'M' 'M'
 'U' 'U' 'M' 'M' 'M' 'M' 'U' 'M' 'A' 'M' 'M' 'U' 'M' 'M' 'M' 'M' 'M' 'M'
 'M' 'M' 'M' 'M' 'M' 'M' 'M' 'M' 'U' 'U' 'M' 'M' 'M' 'M' 'M' 'M' 'U' 'U'
 'M' 'M' 'M' 'M' 'M' 'M' 'A' 'U' 'M' 'M' 'M' 'M' 'M' 'M' 'M' 'U' 'M' 'U'
 'M' 'M' 'M' 'M' 'M' 'M' 'M' 'M' 'M' 'M' 'U' 'U' 'M' 'M' 'M' 'U' 'U' 'M'
 'M' 'M' 'M' 'M' 'U' 'U' 'U' 'U' 'U' 'U' 'U' 'U' 'U' 'U' 'U' 'M' 'U' 'M'
 'M' 'U' 'M' 'M' 'M' 'M' 'M' 'M' 'U' 'M' 'A' 'U' 'U' 'U' 'U' 'M' 'U' 'M'
 'M' 'U' 'M' 'M' 'M' 'M' 'A' 'M' 'M' 'U' 'M' 'M' 'U' 'U' 'M' 'U' 'M' 'M'
 'M' 'M' 'M' 'M' 'U' 'M' 'M' 'M' 'U' 'M' 'M' 'M' 'M' 'M' 'U' 'M' 'M' 'M']"
4501,0,148,7,141,50,0,0,"['A' 'M' 'M' 'M' 'M' 'M' 'M' 'U' 'M' 'U' 'M' 'M' 'M' 'M' 'M' 'M' 'U' 'U'
 'M' 'M' 'M' 'M' 'M' 'U' 'M' 'U' 'M' 'U' 'M' 'U' 'M' 'U' 'M' 'M' 'U' 'M'
 'M' 'U' 'M' 'A' 'U' 'M' 'M' 'M' 'M' 'M' 'A' 'A' 'U' 'U' 'M' 'M' 'M' 'M'
 'U' 'U' 'M' 'M' 'M' 'M' 'U' 'M' 'U' 'M' 'M' 'M' 'M' 'M' 'M' 'M' 'M' 'M'
 'M' 'M' 'M' 'M' 'M' 'M' 'M' 'M' 'M' 'U' 'M' 'M' 'M' 'U' 'M' 'U' 'M' 'M'
 'U' 'M' 'M' 'U' 'M' 'M' 'A' 'U' 'M' 'M' 'M' 'M' 'M' 'M' 'M' 'U' 'M' 'U'
 'M' 'M' 'M' 'M' 'M' 'M' 'M' 'M' 'M' 'M' 'U' 'M' 'M' 'M' 'M' 'U' 'U' 'M'
 'M' 'M' 'M' 'M' 'U' 'U' 'U' 'U' 'U' 'U' 'U' 'M' 'U' 'U' 'U' 'M' 'U' 'M'
 'U' 'M' 'M' 'M' 'M' 'M' 'M' 'M' 'M' 'M' 'A' 'M' 'M' 'U' 'U' 'M' 'U' 'M'
 'M' 'U' 'M' 'M' 'M' 'M' 'A' 'M' 'M' 'U' 'M' 'M' 'U' 'U' 'M' 'M' 'M' 'M'
 'M' 'M' 'M' 'M' 'U' 'M' 'M' 'M' 'M' 'M' 'M' 'M' 'M' 'M' 'U' 'M' 'M' 'M']"
4601,0,147,3,144,51,0,0,"['A' 'M' 'M' 'M' 'M' 'M' 'M' 'U' 'M' 'U' 'M' 'M' 'M' 'M' 'M' 'M' 'U' 'U'
 'U' 'M' 'M' 'M' 'M' 'U' 'M' 'M' 'M' 'M' 'M' 'U' 'M' 'M' 'M' 'M' 'U' 'M'
 'M' 'U' 'M' 'U' 'U' 'M' 'M' 'M' 'M' 'M' 'U' 'U' 'U' 'U' 'M' 'M' 'M' 'M'
 'M' 'U' 'M' 'M' 'M' 'M' 'U' 'M' 'M' 'M' 'M' 'U' 'M' 'M' 'M' 'M' 'M' 'M'
 'M' 'M' 'M' 'M' 'M' 'U' 'M' 'M' 'M' 'M' 'U' 'M' 'M' 'U' 'M' 'M' 'M' 'M'
 'M' 'M' 'M' 'M' 'U' 'U' 'U' 'U' 'M' 'M' 'M' 'M' 'M' 'M' 'M' 'U' 'M' 'U'
 'M' 'M' 'M' 'M' 'M' 'M' 'M' 'M' 'M' 'M' 'U' 'M' 'M' 'U' 'M' 'U' 'U' 'M'
 'M' 'M' 'M' 'M' 'M' 'U' 'U' 'U' 'U' 'U' 'U' 'U' 'U' 'U' 'U' 'M' 'U' 'M'
 'M' 'M' 'M' 'M' 'M' 'M' 'M' 'M' 'M' 'M' 'A' 'M' 'M' 'U' 'U' 'M' 'U' 'M'
 'M' 'U' 'M' 'M' 'M' 'M' 'A' 'M' 'M' 'M' 'M' 'M' 'U' 'U' 'M' 'M' 'M' 'M'
 'M' 'M' 'M' 'M' 'U' 'M' 'M' 'U' 'M' 'M' 'M' 'M' 'U' 'M' 'M' 'M' 'M' 'M']"
4701,0,152,4,148,46,0,0,"['A' 'M' 'M' 'M' 'M' 'M' 'M' 'U' 'M' 'M' 'M' 'M' 'M' 'M' 'M' 'M' 'M' 'U'
 'U' 'M' 'M' 'M' 'M' 'U' 'M' 'M' 'M' 'M' 'M' 'U' 'M' 'M' 'M' 'M' 'A' 'M'
 'M' 'U' 'M' 'M' 'U' 'M' 'M' 'M' 'M' 'M' 'M' 'U' 'U' 'U' 'M' 'M' 'M' 'M'
 'M' 'U' 'M' 'M' 'M' 'M' 'M' 'M' 'M' 'M' 'M' 'M' 'M' 'M' 'M' 'M' 'M' 'M'
 'M' 'M' 'M' 'M' 'M' 'U' 'U' 'U' 'M' 'M' 'M' 'U' 'M' 'M' 'M' 'M' 'M' 'M'
 'U' 'M' 'M' 'M' 'M' 'U' 'M' 'U' 'U' 'M' 'M' 'M' 'M' 'M' 'M' 'U' 'M' 'U'
 'M' 'M' 'M' 'M' 'M' 'M' 'M' 'M' 'M' 'M' 'M' 'M' 'M' 'U' 'M' 'U' 'U' 'M'
 'M' 'M' 'M' 'M' 'M' 'U' 'U' 'U' 'M' 'U' 'U' 'U' 'U' 'U' 'U' 'M' 'U' 'M'
 'M' 'M' 'M' 'M' 'M' 'M' 'M' 'M' 'M' 'U' 'A' 'M' 'M' 'M' 'U' 'M' 'U' 'M'
 'M' 'U' 'M' 'M' 'M' 'M' 'A' 'M' 'U' 'M' 'M' 'M' 'U' 'M' 'M' 'M' 'U' 'M'
 'M' 'M' 'M' 'M' 'U' 'M' 'M' 'U' 'M' 'M' 'M' 'U' 'U' 'M' 'U' 'M' 'M' 'M']"
4801,0,153,4,149,45,0,1,"['A' 'M' 'M' 'M' 'M' 'M' 'M' 'U' 'M' 'M' 'M' 'M' 'M' 'M' 'M' 'M' 'M' 'U'
 'U' 'M' 'M' 'M' 'M' 'U' 'M' 'M' 'M' 'M' 'U' 'U' 'M' 'M' 'M' 'M' 'A' 'M'
 'M' 'U' 'M' 'M' 'M' 'M' 'M' 'M' 'M' 'M' 'M' 'U' 'U' 'U' 'M' 'M' 'M' 'M'
 'M' 'U' 'M' 'M' 'M' 'M' 'M' 'U' 'M' 'M' 'M' 'M' 'M' 'M' 'U' 'M' 'M' 'U'
 'M' 'M' 'M' 'M' 'M' 'M' 'U' 'M' 'M' 'M' 'M' 'M' 'U' 'M' 'M' 'M' 'M' 'M'
 'M' 'U' 'M' 'M' 'M' 'U' 'M' 'U' 'U' 'M' 'M' 'M' 'M' 'M' 'M' 'U' 'M' 'U'
 'M' 'M' 'M' 'M' 'M' 'M' 'M' 'M' 'M' 'M' 'M' 'M' 'M' 'U' 'M' 'U' 'U' 'M'
 'M' 'M' 'M' 'M' 'M' 'U' 'U' 'U' 'M' 'M' 'M' 'U' 'U' 'U' 'A' 'M' 'M' 'M'
 'M' 'M' 'M' 'M' 'M' 'M' 'M' 'M' 'M' 'M' 'U' 'M' 'M' 'M' 'U' 'M' 'M' 'M'
 'M' 'U' 'M' 'U' 'M' 'M' 'M' 'U' 'M' 'U' 'U' 'M' 'U' 'U' 'M' 'M' 'U' 'M'
 'M' 'M' 'M' 'M' 'U' 'M' 'M' 'U' 'M' 'M' 'M' 'U' 'U' 'M' 'A' 'M' 'M' 'M']"
4901,0,153,6,147,45,0,0,"['A' 'M' 'M' 'M' 'M' 'M' 'M' 'U' 'M' 'M' 'M' 'M' 'M' 'M' 'M' 'M' 'M' 'A'
 'U' 'M' 'U' 'M' 'M' 'U' 'M' 'M' 'M' 'M' 'U' 'M' 'M' 'M' 'M' 'M' 'A' 'M'
 'M' 'M' 'M' 'M' 'U' 'M' 'M' 'M' 'M' 'M' 'M' 'U' 'U' 'A' 'M' 'M' 'M' 'M'
 'M' 'M' 'U' 'M' 'M' 'M' 'M' 'U' 'M' 'M' 'M' 'M' 'M' 'M' 'M' 'M' 'M' 'M'
 'M' 'M' 'M' 'M' 'M' 'M' 'M' 'M' 'M' 'M' 'M' 'M' 'M' 'U' 'M' 'M' 'M' 'M'
 'U' 'U' 'M' 'U' 'U' 'U' 'U' 'M' 'U' 'M' 'U' 'M' 'M' 'M' 'M' 'U' 'U' 'U'
 'M' 'M' 'M' 'M' 'M' 'U' 'M' 'M' 'M' 'M' 'M' 'M' 'M' 'U' 'M' 'U' 'U' 'M'
 'M' 'M' 'M' 'M' 'M' 'U' 'U' 'U' 'M' 'M' 'M' 'M' 'U' 'U' 'A' 'M' 'M' 'M'
 'U' 'M' 'U' 'M' 'M' 'M' 'M' 'M' 'U' 'M' 'U' 'M' 'M' 'M' 'U' 'M' 'M' 'M'
 'M' 'U' 'M' 'U' 'M' 'M' 'M' 'M' 'M' 'U' 'U' 'M' 'U' 'M' 'M' 'M' 'U' 'M'
 'M' 'M' 'M' 'M' 'U' 'M' 'U' 'M' 'M' 'M' 'M' 'M' 'U' 'M' 'A' 'M' 'M' 'M']"
5001,0,151,8,143,47,0,0,"['A' 'M' 'U' 'M' 'M' 'M' 'M' 'U' 'U' 'M' 'M' 'U' 'M' 'M' 'M' 'M' 'M' 'A'
 'U' 'M' 'M' 'M' 'M' 'U' 'M' 'M' 'M' 'M' 'U' 'M' 'U' 'M' 'M' 'M' 'A' 'M'
 'M' 'M' 'M' 'M' 'U' 'M' 'M' 'M' 'M' 'M' 'M' 'M' 'M' 'A' 'M' 'M' 'M' 'M'
 'M' 'U' 'M' 'M' 'M' 'M' 'M' 'U' 'M' 'M' 'M' 'M' 'M' 'U' 'M' 'M' 'M' 'M'
 'M' 'M' 'M' 'M' 'M' 'M' 'M' 'M' 'M' 'U' 'M' 'M' 'U' 'M' 'U' 'M' 'U' 'M'
 'M' 'M' 'M' 'M' 'M' 'U' 'U' 'M' 'M' 'M' 'U' 'M' 'M' 'U' 'M' 'U' 'A' 'U'
 'M' 'M' 'M' 'M' 'M' 'U' 'M' 'M' 'M' 'M' 'M' 'M' 'M' 'U' 'M' 'M' 'U' 'M'
 'M' 'M' 'M' 'M' 'M' 'U' 'M' 'U' 'U' 'M' 'U' 'U' 'U' 'U' 'A' 'U' 'M' 'M'
 'M' 'M' 'U' 'M' 'M' 'M' 'U' 'U' 'A' 'M' 'U' 'M' 'M' 'M' 'U' 'M' 'M' 'M'
 'M' 'U' 'M' 'U' 'M' 'M' 'M' 'M' 'M' 'U' 'U' 'M' 'U' 'M' 'M' 'M' 'M' 'M'
 'M' 'M' 'U' 'M' 'U' 'M' 'U' 'M' 'M' 'M' 'M' 'M' 'U' 'M' 'A' 'M' 'M' 'M']"
5101,0,146,7,139,52,0,0,"['A' 'M' 'U' 'M' 'M' 'M' 'M' 'U' 'U' 'M' 'M' 'U' 'M' 'M' 'U' 'M' 'M' 'M'
 'U' 'M' 'M' 'M' 'M' 'U' 'M' 'M' 'M' 'M' 'U' 'M' 'U' 'M' 'U' 'M' 'A' 'U'
 'M' 'M' 'M' 'M' 'U' 'M' 'M' 'M' 'U' 'M' 'M' 'M' 'M' 'A' 'M' 'M' 'M' 'M'
 'M' 'U' 'M' 'M' 'U' 'M' 'M' 'M' 'M' 'M' 'M' 'M' 'U' 'M' 'M' 'M' 'U' 'M'
 'M' 'U' 'U' 'M' 'M' 'M' 'M' 'M' 'M' 'M' 'M' 'M' 'M' 'M' 'M' 'M' 'M' 'M'
 'M' 'M' 'M' 'M' 'U' 'M' 'U' 'M' 'M' 'M' 'U' 'M' 'M' 'U' 'M' 'U' 'U' 'U'
 'M' 'M' 'M' 'M' 'M' 'U' 'M' 'M' 'M' 'M' 'M' 'M' 'M' 'U' 'M' 'M' 'U' 'M'
 'M' 'M' 'M' 'M' 'U' 'M' 'U' 'U' 'U' 'A' 'U' 'M' 'U' 'U' 'A' 'M' 'U' 'M'
 'M' 'M' 'U' 'M' 'M' 'M' 'U' 'U' 'A' 'M' 'U' 'M' 'M' 'M' 'U' 'M' 'U' 'M'
 'M' 'U' 'M' 'U' 'U' 'M' 'M' 'M' 'M' 'U' 'M' 'M' 'U' 'M' 'M' 'U' 'M' 'M'
 'M' 'M' 'M' 'M' 'U' 'M' 'U' 'M' 'M' 'M' 'M' 'U' 'M' 'M' 'A' 'M' 'M' 'M']"
5201,0,144,7,137,54,0,0,"['A' 'M' 'M' 'M' 'M' 'M' 'M' 'U' 'U' 'M' 'M' 'U' 'M' 'M' 'U' 'M' 'M' 'M'
 'U' 'M' 'M' 'M' 'M' 'U' 'U' 'M' 'M' 'M' 'M' 'M' 'M' 'M' 'M' 'M' 'A' 'M'
 'M' 'M' 'M' 'M' 'U' 'M' 'U' 'M' 'U' 'M' 'M' 'M' 'M' 'A' 'M' 'M' 'M' 'M'
 'M' 'U' 'M' 'M' 'U' 'M' 'M' 'M' 'M' 'U' 'M' 'M' 'M' 'M' 'M' 'M' 'U' 'U'
 'M' 'M' 'M' 'M' 'M' 'M' 'M' 'M' 'M' 'M' 'M' 'M' 'U' 'M' 'U' 'M' 'U' 'M'
 'M' 'M' 'M' 'M' 'M' 'M' 'U' 'M' 'M' 'U' 'M' 'M' 'M' 'U' 'M' 'A' 'U' 'U'
 'M' 'M' 'U' 'M' 'M' 'U' 'M' 'M' 'M' 'M' 'M' 'M' 'U' 'U' 'U' 'M' 'M' 'M'
 'M' 'M' 'M' 'M' 'U' 'M' 'A' 'U' 'U' 'A' 'U' 'M' 'U' 'U' 'U' 'M' 'M' 'M'
 'U' 'M' 'U' 'M' 'M' 'M' 'U' 'U' 'U' 'M' 'U' 'M' 'M' 'M' 'U' 'M' 'U' 'M'
 'M' 'U' 'M' 'U' 'U' 'M' 'M' 'M' 'M' 'U' 'M' 'M' 'U' 'M' 'M' 'U' 'M' 'M'
 'M' 'M' 'M' 'M' 'U' 'M' 'U' 'M' 'M' 'M' 'U' 'U' 'U' 'M' 'A' 'M' 'M' 'M']"
5301,0,144,6,138,54,0,0,"['A' 'M' 'M' 'M' 'M' 'M' 'M' 'U' 'U' 'M' 'M' 'U' 'M' 'M' 'U' 'M' 'M' 'M'
 'U' 'M' 'M' 'M' 'M' 'M' 'U' 'M' 'M' 'M' 'M' 'M' 'M' 'M' 'U' 'M' 'A' 'M'
 'M' 'M' 'M' 'M' 'U' 'M' 'U' 'U' 'U' 'M' 'M' 'M' 'U' 'U' 'M' 'M' 'M' 'M'
 'M' 'U' 'M' 'M' 'U' 'M' 'M' 'M' 'M' 'U' 'U' 'M' 'M' 'U' 'M' 'M' 'M' 'M'
 'M' 'M' 'M' 'M' 'M' 'M' 'U' 'M' 'M' 'U' 'M' 'M' 'M' 'M' 'M' 'M' 'M' 'U'
 'M' 'M' 'M' 'U' 'M' 'M' 'M' 'M' 'M' 'U' 'M' 'M' 'M' 'U' 'M' 'A' 'U' 'U'
 'U' 'M' 'M' 'U' 'U' 'U' 'M' 'M' 'M' 'M' 'M' 'M' 'U' 'U' 'U' 'M' 'M' 'M'
 'M' 'M' 'M' 'M' 'M' 'M' 'A' 'U' 'M' 'A' 'U' 'U' 'U' 'M' 'U' 'M' 'M' 'M'
 'U' 'M' 'M' 'M' 'M' 'M' 'U' 'U' 'U' 'M' 'U' 'M' 'M' 'M' 'U' 'M' 'U' 'M'
 'M' 'M' 'M' 'U' 'U' 'M' 'M' 'M' 'M' 'U' 'M' 'U' 'U' 'U' 'M' 'M' 'M' 'M'
 'M' 'M' 'M' 'M' 'U' 'M' 'M' 'M' 'M' 'M' 'M' 'U' 'U' 'M' 'A' 'M' 'M' 'M']"
5401,0,148,4,144,50,0,0,"['A' 'M' 'M' 'M' 'M' 'M' 'M' 'U' 'U' 'M' 'M' 'M' 'M' 'M' 'U' 'M' 'M' 'M'
 'U' 'M' 'M' 'M' 'M' 'M' 'M' 'M' 'M' 'M' 'M' 'M' 'M' 'M' 'M' 'M' 'A' 'M'
 'M' 'M' 'M' 'M' 'U' 'M' 'U' 'M' 'U' 'M' 'M' 'M' 'U' 'U' 'M' 'M' 'M' 'M'
 'M' 'U' 'M' 'M' 'U' 'M' 'M' 'M' 'M' 'U' 'U' 'M' 'M' 'M' 'M' 'M' 'M' 'M'
 'U' 'M' 'M' 'U' 'M' 'U' 'M' 'M' 'M' 'M' 'M' 'M' 'M' 'M' 'M' 'M' 'M' 'M'
 'U' 'M' 'M' 'U' 'M' 'M' 'M' 'M' 'M' 'U' 'M' 'M' 'M' 'U' 'M' 'U' 'U' 'U'
 'U' 'M' 'M' 'U' 'U' 'U' 'M' 'M' 'M' 'A' 'M' 'M' 'U' 'U' 'U' 'M' 'M' 'M'
 'M' 'M' 'M' 'U' 'M' 'M' 'U' 'U' 'M' 'U' 'M' 'U' 'U' 'U' 'M' 'M' 'M' 'M'
 'U' 'M' 'M' 'M' 'M' 'M' 'M' 'U' 'U' 'M' 'M' 'M' 'M' 'M' 'U' 'M' 'U' 'M'
 'M' 'M' 'M' 'U' 'M' 'M' 'M' 'U' 'M' 'U' 'U' 'U' 'M' 'U' 'M' 'M' 'M' 'U'
 'M' 'M' 'M' 'M' 'M' 'M' 'M' 'M' 'M' 'M' 'U' 'M' 'M' 'M' 'A' 'M' 'M' 'M']"
5501,0,153,4,149,45,0,0,"['A' 'M' 'M' 'M' 'M' 'M' 'M' 'U' 'M' 'M' 'M' 'M' 'M' 'M' 'M' 'U' 'M' 'M'
 'M' 'M' 'M' 'M' 'M' 'M' 'M' 'M' 'M' 'M' 'M' 'M' 'M' 'M' 'M' 'M' 'A' 'M'
 'M' 'M' 'M' 'M' 'U' 'M' 'U' 'M' 'U' 'M' 'M' 'M' 'U' 'U' 'M' 'M' 'U' 'M'
 'M' 'A' 'M' 'M' 'U' 'M' 'M' 'M' 'M' 'U' 'U' 'M' 'M' 'M' 'U' 'U' 'U' 'U'
 'U' 'M' 'M' 'M' 'M' 'M' 'M' 'M' 'M' 'M' 'M' 'M' 'M' 'M' 'M' 'M' 'M' 'M'
 'M' 'M' 'M' 'M' 'M' 'M' 'M' 'M' 'M' 'M' 'U' 'M' 'M' 'U' 'M' 'U' 'U' 'U'
 'M' 'M' 'M' 'M' 'M' 'U' 'M' 'M' 'M' 'U' 'M' 'M' 'U' 'U' 'U' 'M' 'M' 'M'
 'U' 'M' 'M' 'U' 'M' 'M' 'U' 'U' 'M' 'U' 'M' 'U' 'U' 'M' 'M' 'M' 'M' 'M'
 'U' 'M' 'M' 'M' 'M' 'M' 'M' 'U' 'U' 'M' 'M' 'M' 'M' 'M' 'M' 'M' 'U' 'M'
 'M' 'M' 'M' 'U' 'M' 'M' 'M' 'M' 'M' 'U' 'U' 'U' 'M' 'U' 'M' 'M' 'M' 'U'
 'M' 'M' 'M' 'M' 'M' 'M' 'M' 'M' 'M' 'U' 'U' 'M' 'M' 'M' 'A' 'M' 'M' 'M']"
5601,0,152,2,150,46,0,0,"['A' 'M' 'M' 'M' 'M' 'M' 'M' 'U' 'M' 'M' 'M' 'M' 'M' 'M' 'M' 'U' 'M' 'M'
 'M' 'M' 'M' 'M' 'M' 'M' 'M' 'M' 'M' 'M' 'M' 'M' 'M' 'M' 'M' 'M' 'U' 'M'
 'U' 'M' 'M' 'M' 'U' 'M' 'M' 'M' 'U' 'M' 'M' 'M' 'M' 'U' 'M' 'M' 'U' 'U'
 'M' 'U' 'M' 'M' 'M' 'M' 'U' 'M' 'M' 'U' 'U' 'M' 'M' 'M' 'M' 'M' 'M' 'M'
 'U' 'M' 'U' 'M' 'M' 'M' 'U' 'M' 'M' 'M' 'M' 'M' 'M' 'M' 'M' 'M' 'U' 'M'
 'M' 'M' 'M' 'M' 'U' 'M' 'M' 'M' 'M' 'M' 'U' 'U' 'M' 'U' 'M' 'M' 'U' 'U'
 'M' 'M' 'M' 'M' 'M' 'U' 'M' 'M' 'M' 'U' 'U' 'M' 'U' 'M' 'U' 'M' 'M' 'M'
 'U' 'M' 'M' 'U' 'M' 'M' 'U' 'U' 'M' 'U' 'M' 'U' 'U' 'M' 'M' 'M' 'M' 'M'
 'U' 'M' 'M' 'M' 'M' 'M' 'M' 'U' 'U' 'M' 'M' 'M' 'M' 'M' 'M' 'M' 'U' 'M'
 'M' 'M' 'M' 'U' 'M' 'M' 'M' 'U' 'M' 'M' 'U' 'U' 'M' 'U' 'M' 'M' 'M' 'M'
 'M' 'M' 'M' 'U' 'M' 'M' 'M' 'U' 'M' 'M' 'M' 'M' 'M' 'M' 'A' 'M' 'M' 'M']"
5701,0,155,4,151,43,0,0,"['A' 'M' 'M' 'M' 'M' 'M' 'M' 'A' 'M' 'M' 'M' 'M' 'M' 'M' 'M' 'U' 'M' 'M'
 'M' 'M' 'M' 'M' 'M' 'M' 'M' 'M' 'M' 'M' 'M' 'M' 'M' 'M' 'M' 'M' 'U' 'M'
 'U' 'M' 'M' 'M' 'U' 'M' 'M' 'M' 'M' 'M' 'M' 'M' 'M' 'U' 'M' 'M' 'M' 'U'
 'M' 'U' 'M' 'M' 'M' 'M' 'U' 'M' 'M' 'M' 'U' 'M' 'M' 'U' 'U' 'M' 'M' 'M'
 'M' 'M' 'U' 'M' 'M' 'M' 'M' 'M' 'M' 'M' 'M' 'M' 'U' 'M' 'M' 'M' 'M' 'M'
 'M' 'M' 'M' 'M' 'U' 'M' 'M' 'M' 'M' 'M' 'U' 'U' 'M' 'M' 'M' 'M' 'A' 'M'
 'M' 'M' 'U' 'M' 'U' 'U' 'M' 'M' 'M' 'U' 'U' 'M' 'U' 'M' 'U' 'U' 'M' 'U'
 'U' 'M' 'M' 'U' 'M' 'M' 'U' 'U' 'M' 'U' 'M' 'U' 'U' 'M' 'M' 'M' 'M' 'M'
 'U' 'M' 'M' 'M' 'M' 'U' 'M' 'M' 'M' 'M' 'M' 'M' 'M' 'M' 'U' 'M' 'M' 'M'
 'M' 'M' 'M' 'U' 'M' 'M' 'M' 'U' 'M' 'M' 'U' 'U' 'M' 'U' 'M' 'M' 'M' 'M'
 'U' 'M' 'M' 'U' 'M' 'M' 'M' 'U' 'M' 'M' 'M' 'M' 'M' 'M' 'A' 'M' 'M' 'M']"
5801,0,158,3,155,40,0,0,"['A' 'M' 'M' 'U' 'M' 'M' 'M' 'U' 'M' 'M' 'M' 'M' 'M' 'M' 'M' 'U' 'M' 'M'
 'M' 'M' 'M' 'M' 'M' 'M' 'M' 'M' 'M' 'M' 'M' 'M' 'M' 'M' 'M' 'M' 'U' 'M'
 'U' 'M' 'M' 'M' 'U' 'M' 'M' 'M' 'M' 'M' 'M' 'M' 'M' 'U' 'M' 'M' 'M' 'M'
 'M' 'U' 'M' 'U' 'M' 'M' 'U' 'M' 'M' 'M' 'M' 'M' 'U' 'M' 'M' 'M' 'M' 'M'
 'M' 'M' 'U' 'U' 'M' 'M' 'M' 'M' 'M' 'M' 'M' 'M' 'M' 'M' 'M' 'U' 'M' 'M'
 'M' 'M' 'M' 'U' 'M' 'M' 'M' 'M' 'M' 'M' 'M' 'U' 'M' 'M' 'M' 'M' 'A' 'M'
 'M' 'U' 'U' 'M' 'M' 'U' 'M' 'M' 'M' 'U' 'M' 'M' 'U' 'M' 'U' 'U' 'M' 'U'
 'U' 'M' 'M' 'M' 'M' 'M' 'U' 'U' 'U' 'U' 'M' 'M' 'U' 'M' 'M' 'M' 'M' 'M'
 'U' 'M' 'U' 'M' 'M' 'U' 'M' 'M' 'M' 'M' 'M' 'M' 'M' 'M' 'U' 'M' 'M' 'M'
 'M' 'M' 'M' 'U' 'M' 'M' 'M' 'M' 'M' 'M' 'U' 'U' 'M' 'U' 'M' 'M' 'M' 'M'
 'M' 'M' 'U' 'U' 'M' 'M' 'M' 'M' 'M' 'M' 'M' 'M' 'M' 'M' 'A' 'M' 'M' 'M']"
5901,0,151,3,148,47,0,1,"['A' 'M' 'M' 'M' 'M' 'M' 'M' 'U' 'M' 'M' 'M' 'M' 'M' 'M' 'M' 'U' 'M' 'M'
 'M' 'M' 'M' 'U' 'M' 'M' 'M' 'M' 'M' 'U' 'M' 'M' 'U' 'M' 'M' 'U' 'U' 'M'
 'U' 'M' 'M' 'M' 'M' 'M' 'U' 'M' 'M' 'M' 'M' 'M' 'M' 'U' 'M' 'M' 'M' 'M'
 'M' 'U' 'M' 'U' 'M' 'M' 'U' 'M' 'M' 'M' 'M' 'M' 'M' 'M' 'M' 'M' 'M' 'M'
 'U' 'M' 'M' 'M' 'M' 'M' 'M' 'M' 'U' 'M' 'U' 'M' 'M' 'M' 'M' 'M' 'M' 'M'
 'U' 'M' 'U' 'M' 'M' 'M' 'M' 'M' 'M' 'M' 'M' 'U' 'M' 'M' 'M' 'M' 'A' 'M'
 'M' 'U' 'U' 'U' 'M' 'U' 'M' 'M' 'M' 'U' 'M' 'M' 'U' 'M' 'U' 'U' 'M' 'A'
 'M' 'M' 'M' 'M' 'M' 'M' 'U' 'U' 'U' 'U' 'M' 'U' 'U' 'M' 'M' 'M' 'M' 'M'
 'U' 'M' 'U' 'M' 'M' 'U' 'M' 'M' 'M' 'M' 'U' 'M' 'M' 'M' 'U' 'M' 'U' 'M'
 'M' 'M' 'M' 'U' 'M' 'M' 'M' 'M' 'M' 'M' 'U' 'M' 'M' 'U' 'M' 'M' 'M' 'M'
 'M' 'M' 'U' 'U' 'M' 'M' 'M' 'M' 'M' 'U' 'M' 'M' 'M' 'M' 'U' 'U' 'M' 'M']"
6001,0,162,3,159,36,0,0,"['A' 'M' 'M' 'M' 'M' 'M' 'M' 'U' 'M' 'M' 'M' 'M' 'M' 'M' 'M' 'M' 'M' 'M'
 'M' 'M' 'M' 'U' 'M' 'M' 'M' 'M' 'M' 'M' 'M' 'M' 'U' 'M' 'M' 'M' 'U' 'M'
 'U' 'M' 'M' 'M' 'M' 'M' 'U' 'M' 'M' 'M' 'M' 'M' 'M' 'U' 'M' 'M' 'M' 'M'
 'M' 'M' 'M' 'U' 'M' 'M' 'U' 'M' 'M' 'M' 'M' 'M' 'M' 'M' 'M' 'M' 'M' 'M'
 'M' 'U' 'M' 'U' 'M' 'M' 'M' 'M' 'M' 'M' 'M' 'M' 'U' 'M' 'M' 'M' 'M' 'M'
 'M' 'U' 'U' 'M' 'M' 'M' 'M' 'M' 'M' 'U' 'M' 'U' 'M' 'M' 'M' 'M' 'M' 'M'
 'M' 'M' 'M' 'U' 'M' 'A' 'M' 'M' 'M' 'U' 'M' 'M' 'U' 'M' 'M' 'U' 'M' 'A'
 'M' 'M' 'M' 'M' 'M' 'M' 'U' 'M' 'U' 'U' 'U' 'U' 'U' 'M' 'M' 'M' 'M' 'M'
 'U' 'M' 'U' 'M' 'M' 'M' 'M' 'M' 'M' 'M' 'U' 'M' 'M' 'M' 'U' 'M' 'M' 'M'
 'M' 'U' 'M' 'U' 'M' 'M' 'U' 'M' 'M' 'M' 'M' 'M' 'M' 'M' 'M' 'M' 'M' 'M'
 'M' 'M' 'U' 'M' 'M' 'M' 'M' 'M' 'M' 'U' 'U' 'M' 'M' 'M' 'M' 'M' 'M' 'M']"
6101,0,160,2,158,38,1,0,"['A' 'M' 'M' 'M' 'M' 'M' 'M' 'U' 'M' 'M' 'M' 'M' 'M' 'M' 'M' 'M' 'M' 'M'
 'M' 'M' 'M' 'U' 'M' 'M' 'U' 'M' 'M' 'M' 'M' 'M' 'M' 'M' 'M' 'M' 'U' 'M'
 'U' 'U' 'M' 'U' 'U' 'M' 'U' 'M' 'M' 'M' 'M' 'M' 'M' 'U' 'M' 'M' 'M' 'M'
 'M' 'M' 'M' 'M' 'M' 'M' 'U' 'M' 'M' 'M' 'M' 'M' 'M' 'M' 'M' 'M' 'U' 'M'
 'M' 'M' 'M' 'U' 'M' 'M' 'M' 'M' 'M' 'U' 'M' 'M' 'M' 'U' 'M' 'M' 'M' 'M'
 'M' 'U' 'M' 'M' 'M' 'M' 'M' 'M' 'M' 'M' 'M' 'U' 'M' 'M' 'M' 'M' 'U' 'M'
 'M' 'M' 'M' 'U' 'M' 'M' 'M' 'M' 'M' 'U' 'M' 'M' 'U' 'M' 'M' 'U' 'M' 'A'
 'M' 'M' 'M' 'M' 'M' 'M' 'U' 'M' 'U' 'U' 'U' 'U' 'U' 'M' 'M' 'M' 'U' 'U'
 'M' 'M' 'U' 'M' 'M' 'M' 'M' 'M' 'M' 'M' 'U' 'M' 'M' 'M' 'U' 'M' 'M' 'M'
 'U' 'U' 'M' 'U' 'M' 'M' 'M' 'M' 'M' 'M' 'M' 'U' 'M' 'M' 'M' 'M' 'M' 'M'
 'M' 'M' 'U' 'M' 'M' 'M' 'M' 'M' 'M' 'M' 'M' 'M' 'M' 'M' 'M' 'M' 'M' 'M']"
6201,0,161,2,159,37,0,0,"['A' 'M' 'M' 'M' 'M' 'M' 'M' 'U' 'M' 'M' 'M' 'M' 'M' 'M' 'M' 'M' 'M' 'M'
 'M' 'M' 'M' 'M' 'M' 'M' 'U' 'M' 'M' 'M' 'M' 'M' 'U' 'M' 'M' 'M' 'U' 'M'
 'U' 'U' 'M' 'U' 'U' 'M' 'M' 'M' 'M' 'M' 'M' 'M' 'M' 'U' 'M' 'M' 'M' 'M'
 'M' 'M' 'M' 'M' 'M' 'M' 'M' 'M' 'M' 'M' 'M' 'M' 'M' 'M' 'M' 'M' 'U' 'M'
 'M' 'M' 'M' 'U' 'M' 'M' 'M' 'M' 'M' 'M' 'M' 'M' 'M' 'M' 'M' 'U' 'M' 'M'
 'M' 'M' 'U' 'M' 'U' 'M' 'M' 'M' 'M' 'M' 'M' 'U' 'M' 'M' 'M' 'M' 'U' 'M'
 'M' 'M' 'M' 'U' 'M' 'M' 'M' 'M' 'M' 'M' 'M' 'M' 'U' 'M' 'M' 'M' 'M' 'A'
 'M' 'M' 'M' 'U' 'U' 'M' 'U' 'M' 'U' 'U' 'U' 'U' 'M' 'M' 'M' 'M' 'U' 'M'
 'M' 'M' 'U' 'M' 'M' 'M' 'M' 'M' 'M' 'M' 'U' 'M' 'M' 'M' 'U' 'M' 'M' 'M'
 'U' 'U' 'M' 'U' 'M' 'U' 'M' 'M' 'M' 'M' 'M' 'U' 'M' 'M' 'M' 'M' 'M' 'M'
 'M' 'M' 'U' 'M' 'M' 'M' 'M' 'M' 'M' 'M' 'M' 'M' 'U' 'M' 'M' 'M' 'M' 'U']"
6301,1,161,3,158,37,0,0,"['A' 'M' 'M' 'M' 'M' 'M' 'M' 'U' 'M' 'M' 'M' 'M' 'M' 'M' 'M' 'M' 'M' 'M'
 'M' 'M' 'M' 'M' 'M' 'M' 'U' 'M' 'M' 'M' 'M' 'M' 'U' 'M' 'M' 'M' 'A' 'M'
 'U' 'M' 'M' 'U' 'U' 'M' 'M' 'M' 'M' 'M' 'M' 'M' 'M' 'U' 'M' 'U' 'U' 'M'
 'M' 'M' 'M' 'M' 'M' 'M' 'M' 'M' 'M' 'M' 'M' 'M' 'M' 'M' 'M' 'U' 'M' 'M'
 'M' 'M' 'M' 'M' 'M' 'M' 'M' 'M' 'U' 'M' 'M' 'M' 'M' 'U' 'U' 'M' 'M' 'M'
 'M' 'M' 'M' 'M' 'U' 'M' 'M' 'M' 'M' 'M' 'M' 'U' 'M' 'M' 'M' 'M' 'U' 'M'
 'M' 'M' 'U' 'U' 'M' 'M' 'M' 'M' 'M' 'M' 'M' 'M' 'M' 'M' 'M' 'M' 'M' 'A'
 'M' 'M' 'M' 'U' 'U' 'U' 'U' 'U' 'U' 'U' 'U' 'M' 'M' 'M' 'M' 'M' 'U' 'M'
 'M' 'M' 'M' 'M' 'U' 'M' 'M' 'M' 'M' 'M' 'U' 'M' 'M' 'M' 'U' 'M' 'M' 'M'
 'M' 'M' 'M' 'U' 'M' 'U' 'M' 'M' 'M' 'M' 'U' 'M' 'U' 'M' 'M' 'M' 'M' 'M'
 'M' 'M' 'U' 'M' 'M' 'M' 'M' 'M' 'M' 'M' 'M' 'M' 'M' 'U' 'M' 'M' 'M' 'U']"
6401,0,159,5,154,39,0,0,"['A' 'U' 'M' 'M' 'M' 'M' 'M' 'U' 'M' 'M' 'U' 'M' 'M' 'M' 'M' 'M' 'M' 'M'
 'M' 'M' 'M' 'M' 'M' 'M' 'U' 'M' 'M' 'M' 'M' 'M' 'U' 'M' 'M' 'M' 'A' 'M'
 'U' 'M' 'M' 'M' 'M' 'U' 'M' 'M' 'M' 'M' 'M' 'M' 'M' 'U' 'M' 'U' 'A' 'M'
 'M' 'M' 'M' 'M' 'M' 'M' 'M' 'M' 'M' 'M' 'M' 'M' 'U' 'M' 'M' 'M' 'M' 'M'
 'U' 'M' 'M' 'M' 'M' 'U' 'M' 'M' 'M' 'M' 'M' 'M' 'M' 'M' 'U' 'M' 'U' 'M'
 'M' 'M' 'M' 'M' 'M' 'M' 'M' 'U' 'U' 'M' 'M' 'U' 'M' 'M' 'U' 'M' 'U' 'M'
 'M' 'M' 'U' 'U' 'M' 'M' 'M' 'M' 'M' 'M' 'M' 'M' 'M' 'M' 'M' 'M' 'M' 'A'
 'M' 'M' 'M' 'M' 'U' 'U' 'U' 'U' 'M' 'U' 'U' 'M' 'U' 'M' 'M' 'M' 'U' 'M'
 'M' 'M' 'M' 'M' 'U' 'M' 'M' 'M' 'M' 'M' 'U' 'M' 'U' 'M' 'M' 'M' 'M' 'M'
 'U' 'M' 'M' 'U' 'M' 'U' 'M' 'M' 'M' 'M' 'U' 'M' 'U' 'M' 'M' 'M' 'M' 'M'
 'M' 'M' 'A' 'M' 'M' 'M' 'M' 'M' 'M' 'M' 'M' 'M' 'M' 'U' 'M' 'M' 'M' 'U']"
6501,0,156,5,151,42,0,0,"['A' 'M' 'M' 'M' 'M' 'M' 'M' 'U' 'M' 'M' 'U' 'M' 'M' 'M' 'M' 'M' 'M' 'M'
 'M' 'M' 'M' 'M' 'M' 'M' 'U' 'M' 'M' 'M' 'M' 'M' 'U' 'M' 'M' 'U' 'A' 'M'
 'M' 'M' 'M' 'M' 'M' 'U' 'M' 'U' 'M' 'M' 'M' 'U' 'M' 'U' 'M' 'U' 'U' 'M'
 'M' 'M' 'M' 'M' 'M' 'M' 'M' 'U' 'M' 'M' 'M' 'U' 'M' 'M' 'M' 'M' 'M' 'M'
 'M' 'M' 'U' 'M' 'M' 'M' 'M' 'M' 'M' 'M' 'M' 'M' 'U' 'M' 'M' 'M' 'M' 'U'
 'M' 'M' 'U' 'M' 'M' 'M' 'M' 'M' 'U' 'M' 'M' 'U' 'M' 'U' 'U' 'M' 'U' 'M'
 'M' 'M' 'U' 'M' 'M' 'M' 'M' 'M' 'M' 'M' 'M' 'M' 'M' 'M' 'U' 'M' 'M' 'A'
 'M' 'M' 'M' 'M' 'U' 'U' 'U' 'U' 'U' 'U' 'U' 'U' 'U' 'U' 'M' 'M' 'M' 'M'
 'M' 'M' 'M' 'M' 'U' 'M' 'M' 'M' 'M' 'M' 'U' 'M' 'A' 'M' 'M' 'M' 'M' 'M'
 'M' 'M' 'M' 'U' 'M' 'M' 'M' 'M' 'M' 'M' 'U' 'M' 'U' 'M' 'M' 'M' 'M' 'M'
 'M' 'M' 'A' 'M' 'M' 'U' 'M' 'M' 'M' 'M' 'M' 'U' 'M' 'U' 'M' 'M' 'M' 'M']"
6601,0,157,3,154,41,0,0,"['A' 'M' 'M' 'M' 'M' 'M' 'M' 'U' 'M' 'M' 'M' 'M' 'M' 'M' 'M' 'M' 'M' 'M'
 'M' 'M' 'M' 'M' 'M' 'M' 'U' 'M' 'M' 'M' 'M' 'M' 'U' 'M' 'M' 'U' 'A' 'M'
 'M' 'M' 'M' 'M' 'M' 'U' 'M' 'U' 'M' 'M' 'M' 'U' 'M' 'U' 'M' 'U' 'U' 'M'
 'M' 'U' 'M' 'M' 'M' 'M' 'M' 'U' 'M' 'M' 'M' 'U' 'M' 'M' 'M' 'U' 'M' 'M'
 'M' 'M' 'M' 'M' 'U' 'M' 'M' 'M' 'M' 'M' 'M' 'M' 'U' 'M' 'M' 'M' 'M' 'M'
 'M' 'M' 'M' 'M' 'U' 'M' 'M' 'M' 'U' 'M' 'M' 'M' 'M' 'U' 'U' 'M' 'M' 'M'
 'M' 'M' 'U' 'M' 'M' 'M' 'M' 'U' 'M' 'M' 'M' 'M' 'M' 'M' 'U' 'M' 'M' 'U'
 'M' 'M' 'M' 'M' 'M' 'U' 'U' 'M' 'U' 'U' 'M' 'U' 'U' 'M' 'M' 'M' 'M' 'M'
 'M' 'M' 'M' 'M' 'U' 'M' 'M' 'M' 'M' 'M' 'U' 'M' 'U' 'M' 'M' 'M' 'M' 'U'
 'M' 'M' 'M' 'U' 'M' 'M' 'M' 'M' 'M' 'M' 'U' 'M' 'U' 'M' 'M' 'M' 'M' 'M'
 'M' 'M' 'A' 'M' 'M' 'U' 'U' 'M' 'M' 'M' 'M' 'U' 'M' 'U' 'M' 'M' 'M' 'M']"
6701,0,157,3,154,41,0,0,"['A' 'M' 'M' 'M' 'M' 'M' 'M' 'U' 'M' 'M' 'M' 'M' 'M' 'M' 'M' 'M' 'M' 'M'
 'M' 'M' 'M' 'M' 'M' 'M' 'U' 'M' 'M' 'M' 'M' 'M' 'U' 'M' 'M' 'U' 'A' 'M'
 'M' 'M' 'M' 'M' 'M' 'U' 'M' 'U' 'M' 'M' 'M' 'M' 'M' 'U' 'M' 'U' 'U' 'M'
 'M' 'U' 'M' 'M' 'M' 'M' 'M' 'U' 'M' 'M' 'M' 'U' 'M' 'M' 'M' 'M' 'M' 'M'
 'U' 'M' 'M' 'M' 'M' 'M' 'U' 'M' 'M' 'M' 'M' 'M' 'M' 'M' 'M' 'M' 'M' 'M'
 'M' 'U' 'M' 'U' 'M' 'M' 'M' 'M' 'U' 'M' 'M' 'M' 'M' 'U' 'M' 'M' 'M' 'M'
 'M' 'M' 'M' 'M' 'M' 'M' 'M' 'M' 'M' 'M' 'M' 'M' 'U' 'M' 'U' 'U' 'M' 'U'
 'M' 'M' 'M' 'M' 'M' 'M' 'U' 'U' 'U' 'U' 'U' 'U' 'U' 'M' 'M' 'M' 'M' 'M'
 'M' 'M' 'U' 'M' 'U' 'M' 'U' 'M' 'M' 'M' 'U' 'M' 'U' 'M' 'U' 'M' 'M' 'U'
 'M' 'M' 'M' 'U' 'M' 'M' 'M' 'M' 'M' 'M' 'U' 'M' 'M' 'M' 'M' 'M' 'M' 'M'
 'M' 'M' 'A' 'M' 'M' 'U' 'M' 'M' 'M' 'M' 'M' 'U' 'M' 'U' 'M' 'M' 'M' 'M']"
6801,0,161,5,156,37,0,0,"['A' 'M' 'M' 'M' 'M' 'M' 'M' 'U' 'M' 'M' 'M' 'M' 'M' 'M' 'M' 'M' 'M' 'M'
 'M' 'M' 'M' 'M' 'M' 'M' 'M' 'M' 'M' 'M' 'M' 'U' 'U' 'M' 'M' 'M' 'A' 'M'
 'M' 'M' 'M' 'M' 'M' 'M' 'M' 'M' 'M' 'M' 'M' 'M' 'M' 'U' 'M' 'U' 'M' 'M'
 'M' 'M' 'M' 'M' 'M' 'M' 'U' 'M' 'M' 'M' 'M' 'M' 'M' 'M' 'M' 'M' 'M' 'M'
 'M' 'M' 'M' 'M' 'U' 'M' 'U' 'M' 'M' 'U' 'M' 'U' 'M' 'M' 'M' 'M' 'M' 'M'
 'U' 'M' 'M' 'M' 'M' 'M' 'M' 'M' 'U' 'M' 'M' 'M' 'M' 'U' 'M' 'M' 'M' 'M'
 'M' 'M' 'M' 'M' 'M' 'M' 'M' 'M' 'M' 'M' 'M' 'M' 'U' 'M' 'U' 'U' 'M' 'U'
 'M' 'M' 'M' 'M' 'M' 'U' 'U' 'A' 'U' 'A' 'U' 'U' 'U' 'M' 'M' 'M' 'M' 'M'
 'M' 'M' 'U' 'M' 'U' 'M' 'U' 'M' 'M' 'M' 'U' 'M' 'U' 'M' 'U' 'U' 'M' 'M'
 'M' 'M' 'M' 'M' 'M' 'U' 'M' 'M' 'M' 'M' 'U' 'M' 'M' 'M' 'M' 'M' 'M' 'M'
 'M' 'M' 'A' 'U' 'M' 'U' 'M' 'M' 'M' 'U' 'M' 'U' 'M' 'U' 'M' 'M' 'M' 'M']"
6901,0,162,6,156,36,0,0,"['A' 'M' 'M' 'M' 'M' 'M' 'M' 'U' 'M' 'M' 'M' 'M' 'M' 'M' 'M' 'M' 'M' 'M'
 'M' 'M' 'M' 'M' 'M' 'M' 'M' 'M' 'M' 'M' 'M' 'U' 'A' 'M' 'M' 'M' 'U' 'U'
 'M' 'U' 'M' 'M' 'M' 'M' 'M' 'M' 'M' 'M' 'M' 'M' 'M' 'M' 'M' 'U' 'M' 'M'
 'M' 'M' 'M' 'M' 'M' 'M' 'M' 'M' 'M' 'U' 'M' 'M' 'M' 'M' 'M' 'M' 'M' 'M'
 'M' 'M' 'M' 'M' 'M' 'U' 'M' 'M' 'M' 'M' 'M' 'U' 'M' 'U' 'M' 'M' 'U' 'U'
 'M' 'M' 'M' 'M' 'M' 'M' 'M' 'M' 'M' 'M' 'M' 'M' 'M' 'M' 'M' 'M' 'M' 'M'
 'M' 'M' 'M' 'M' 'M' 'M' 'M' 'M' 'M' 'M' 'M' 'M' 'U' 'M' 'U' 'A' 'M' 'U'
 'M' 'M' 'M' 'M' 'M' 'M' 'U' 'A' 'U' 'U' 'U' 'U' 'U' 'M' 'M' 'M' 'M' 'M'
 'M' 'M' 'U' 'M' 'U' 'M' 'U' 'M' 'M' 'M' 'U' 'U' 'U' 'M' 'U' 'U' 'U' 'M'
 'M' 'M' 'M' 'M' 'M' 'M' 'M' 'M' 'M' 'M' 'U' 'M' 'M' 'M' 'M' 'M' 'M' 'M'
 'M' 'M' 'A' 'U' 'U' 'U' 'M' 'M' 'M' 'U' 'A' 'U' 'M' 'M' 'M' 'M' 'M' 'M']"
7001,0,155,4,151,43,0,0,"['A' 'M' 'M' 'M' 'M' 'M' 'M' 'U' 'M' 'M' 'M' 'U' 'M' 'M' 'U' 'U' 'M' 'M'
 'M' 'M' 'M' 'M' 'M' 'M' 'M' 'M' 'M' 'M' 'M' 'U' 'A' 'M' 'M' 'M' 'U' 'M'
 'M' 'U' 'M' 'M' 'M' 'M' 'M' 'M' 'M' 'M' 'M' 'M' 'U' 'M' 'M' 'U' 'M' 'M'
 'M' 'M' 'M' 'M' 'M' 'M' 'U' 'M' 'M' 'U' 'M' 'M' 'M' 'M' 'M' 'M' 'M' 'M'
 'U' 'M' 'M' 'M' 'M' 'M' 'M' 'M' 'U' 'M' 'M' 'M' 'M' 'U' 'M' 'U' 'U' 'M'
 'M' 'M' 'M' 'M' 'M' 'M' 'M' 'M' 'M' 'M' 'M' 'M' 'M' 'M' 'M' 'U' 'M' 'M'
 'M' 'M' 'M' 'M' 'M' 'M' 'M' 'M' 'M' 'M' 'M' 'M' 'U' 'M' 'U' 'A' 'M' 'U'
 'M' 'M' 'M' 'M' 'M' 'U' 'U' 'U' 'M' 'U' 'U' 'M' 'U' 'M' 'M' 'M' 'M' 'M'
 'M' 'M' 'U' 'M' 'U' 'M' 'U' 'M' 'M' 'M' 'U' 'U' 'U' 'M' 'U' 'U' 'U' 'M'
 'M' 'M' 'M' 'M' 'M' 'M' 'M' 'U' 'M' 'M' 'U' 'M' 'M' 'M' 'M' 'M' 'M' 'M'
 'M' 'M' 'U' 'U' 'U' 'U' 'M' 'M' 'M' 'U' 'A' 'U' 'M' 'M' 'M' 'M' 'M' 'M']"
7101,0,156,5,151,42,0,0,"['A' 'M' 'M' 'M' 'M' 'M' 'M' 'U' 'M' 'M' 'M' 'M' 'M' 'M' 'U' 'U' 'M' 'M'
 'M' 'M' 'M' 'M' 'M' 'M' 'M' 'M' 'M' 'M' 'M' 'U' 'A' 'M' 'M' 'M' 'U' 'M'
 'M' 'U' 'M' 'M' 'M' 'M' 'M' 'M' 'M' 'U' 'M' 'M' 'U' 'M' 'M' 'M' 'M' 'M'
 'M' 'M' 'M' 'M' 'M' 'M' 'U' 'M' 'M' 'U' 'M' 'M' 'M' 'M' 'U' 'M' 'M' 'M'
 'U' 'U' 'M' 'M' 'M' 'M' 'M' 'M' 'M' 'M' 'M' 'M' 'M' 'M' 'M' 'U' 'M' 'M'
 'M' 'M' 'M' 'U' 'M' 'M' 'M' 'M' 'M' 'M' 'M' 'M' 'M' 'M' 'M' 'U' 'M' 'M'
 'M' 'M' 'M' 'M' 'M' 'M' 'M' 'M' 'M' 'M' 'M' 'M' 'U' 'M' 'U' 'A' 'M' 'U'
 'M' 'M' 'M' 'U' 'M' 'M' 'U' 'U' 'U' 'U' 'U' 'U' 'U' 'M' 'M' 'M' 'U' 'M'
 'M' 'M' 'U' 'M' 'U' 'M' 'U' 'M' 'M' 'M' 'U' 'U' 'M' 'M' 'U' 'U' 'M' 'M'
 'M' 'M' 'M' 'M' 'M' 'M' 'M' 'A' 'M' 'U' 'U' 'M' 'M' 'M' 'M' 'M' 'M' 'M'
 'M' 'M' 'U' 'U' 'U' 'U' 'M' 'M' 'M' 'M' 'A' 'U' 'M' 'M' 'M' 'M' 'M' 'M']"
7201,0,157,6,151,41,0,0,"['A' 'M' 'M' 'M' 'M' 'M' 'U' 'M' 'M' 'M' 'M' 'M' 'M' 'M' 'U' 'U' 'U' 'M'
 'U' 'M' 'M' 'M' 'M' 'M' 'M' 'M' 'M' 'M' 'M' 'M' 'A' 'M' 'M' 'M' 'U' 'M'
 'M' 'M' 'U' 'M' 'M' 'M' 'M' 'U' 'M' 'U' 'M' 'M' 'U' 'M' 'M' 'M' 'M' 'M'
 'M' 'M' 'M' 'M' 'M' 'M' 'U' 'M' 'M' 'U' 'M' 'M' 'U' 'U' 'U' 'M' 'M' 'M'
 'M' 'M' 'M' 'M' 'M' 'M' 'M' 'M' 'M' 'M' 'M' 'M' 'M' 'M' 'M' 'U' 'M' 'M'
 'U' 'M' 'M' 'M' 'M' 'M' 'M' 'M' 'M' 'M' 'M' 'M' 'M' 'U' 'M' 'U' 'M' 'M'
 'M' 'M' 'M' 'M' 'M' 'M' 'M' 'M' 'M' 'M' 'M' 'M' 'U' 'M' 'U' 'A' 'M' 'M'
 'M' 'M' 'M' 'A' 'M' 'M' 'U' 'M' 'U' 'U' 'U' 'U' 'U' 'M' 'M' 'M' 'M' 'U'
 'U' 'M' 'M' 'M' 'U' 'M' 'M' 'M' 'M' 'M' 'U' 'U' 'M' 'U' 'U' 'U' 'M' 'M'
 'M' 'M' 'M' 'M' 'M' 'M' 'M' 'A' 'M' 'U' 'U' 'M' 'M' 'M' 'M' 'M' 'M' 'U'
 'M' 'M' 'M' 'U' 'U' 'M' 'M' 'M' 'M' 'M' 'A' 'U' 'M' 'M' 'M' 'M' 'M' 'M']"
7301,0,149,6,143,49,0,0,"['A' 'M' 'M' 'U' 'M' 'M' 'U' 'M' 'M' 'M' 'M' 'M' 'M' 'M' 'U' 'U' 'U' 'M'
 'U' 'M' 'M' 'M' 'M' 'M' 'M' 'M' 'M' 'M' 'M' 'M' 'M' 'M' 'M' 'M' 'U' 'M'
 'M' 'M' 'U' 'M' 'M' 'M' 'M' 'U' 'M' 'A' 'M' 'M' 'U' 'M' 'M' 'U' 'M' 'M'
 'M' 'U' 'M' 'M' 'M' 'U' 'U' 'M' 'M' 'U' 'M' 'M' 'M' 'U' 'M' 'M' 'M' 'M'
 'M' 'M' 'M' 'M' 'M' 'M' 'M' 'M' 'M' 'M' 'U' 'M' 'M' 'M' 'U' 'M' 'M' 'M'
 'U' 'M' 'M' 'M' 'U' 'M' 'M' 'M' 'U' 'M' 'U' 'U' 'M' 'U' 'M' 'M' 'M' 'M'
 'M' 'M' 'M' 'M' 'M' 'M' 'M' 'M' 'M' 'M' 'M' 'M' 'U' 'M' 'U' 'A' 'M' 'M'
 'M' 'M' 'M' 'A' 'U' 'M' 'U' 'U' 'U' 'U' 'U' 'U' 'U' 'U' 'M' 'M' 'M' 'U'
 'U' 'M' 'M' 'M' 'U' 'M' 'M' 'M' 'M' 'M' 'U' 'U' 'M' 'U' 'U' 'U' 'M' 'M'
 'M' 'M' 'M' 'M' 'M' 'M' 'M' 'A' 'M' 'A' 'U' 'M' 'M' 'M' 'M' 'M' 'M' 'M'
 'M' 'M' 'M' 'U' 'U' 'M' 'M' 'M' 'M' 'M' 'U' 'U' 'M' 'M' 'U' 'M' 'M' 'M']"
7401,0,151,6,145,47,0,0,"['A' 'M' 'M' 'U' 'M' 'M' 'U' 'M' 'M' 'M' 'M' 'M' 'M' 'M' 'U' 'U' 'U' 'M'
 'U' 'M' 'M' 'M' 'M' 'M' 'M' 'U' 'M' 'M' 'M' 'M' 'M' 'M' 'M' 'M' 'M' 'M'
 'M' 'M' 'U' 'M' 'M' 'M' 'M' 'U' 'M' 'A' 'M' 'M' 'U' 'M' 'M' 'M' 'M' 'M'
 'M' 'M' 'M' 'M' 'M' 'U' 'U' 'M' 'M' 'U' 'M' 'M' 'M' 'M' 'M' 'M' 'M' 'M'
 'M' 'M' 'M' 'U' 'M' 'M' 'U' 'M' 'U' 'U' 'M' 'M' 'M' 'M' 'M' 'M' 'M' 'U'
 'M' 'M' 'M' 'M' 'M' 'M' 'M' 'M' 'U' 'M' 'U' 'U' 'M' 'U' 'M' 'M' 'M' 'M'
 'M' 'M' 'U' 'M' 'M' 'M' 'M' 'M' 'M' 'M' 'M' 'M' 'U' 'M' 'M' 'A' 'M' 'M'
 'M' 'M' 'M' 'A' 'U' 'M' 'U' 'U' 'U' 'U' 'U' 'U' 'U' 'M' 'M' 'M' 'M' 'U'
 'U' 'M' 'M' 'M' 'U' 'M' 'M' 'M' 'M' 'M' 'U' 'U' 'M' 'M' 'U' 'M' 'M' 'M'
 'M' 'M' 'M' 'M' 'M' 'M' 'M' 'A' 'U' 'A' 'U' 'M' 'M' 'M' 'M' 'M' 'M' 'M'
 'M' 'M' 'U' 'M' 'U' 'M' 'M' 'M' 'U' 'M' 'U' 'U' 'M' 'M' 'U' 'M' 'M' 'U']"
7501,1,151,6,145,47,0,0,"['A' 'M' 'M' 'U' 'M' 'M' 'M' 'U' 'M' 'M' 'M' 'M' 'M' 'M' 'U' 'U' 'U' 'M'
 'M' 'M' 'M' 'M' 'M' 'M' 'M' 'U' 'M' 'M' 'M' 'M' 'M' 'M' 'M' 'M' 'M' 'M'
 'M' 'M' 'M' 'M' 'M' 'M' 'M' 'U' 'M' 'A' 'M' 'U' 'U' 'M' 'M' 'M' 'U' 'M'
 'M' 'M' 'U' 'M' 'M' 'U' 'U' 'U' 'M' 'M' 'U' 'M' 'U' 'M' 'M' 'M' 'M' 'M'
 'M' 'M' 'U' 'U' 'M' 'M' 'M' 'M' 'M' 'U' 'M' 'M' 'M' 'M' 'M' 'M' 'M' 'M'
 'U' 'M' 'M' 'M' 'M' 'M' 'M' 'M' 'U' 'M' 'M' 'U' 'M' 'M' 'U' 'M' 'M' 'M'
 'M' 'M' 'U' 'M' 'M' 'M' 'M' 'M' 'M' 'M' 'M' 'M' 'U' 'M' 'M' 'A' 'M' 'M'
 'M' 'M' 'M' 'A' 'U' 'U' 'U' 'U' 'U' 'M' 'U' 'U' 'U' 'M' 'M' 'M' 'M' 'U'
 'A' 'M' 'M' 'M' 'U' 'M' 'M' 'M' 'M' 'M' 'M' 'U' 'M' 'M' 'U' 'M' 'M' 'M'
 'M' 'M' 'M' 'M' 'M' 'M' 'M' 'U' 'U' 'A' 'U' 'M' 'M' 'M' 'U' 'M' 'M' 'M'
 'M' 'M' 'M' 'M' 'M' 'M' 'M' 'M' 'U' 'M' 'U' 'U' 'M' 'M' 'U' 'M' 'U' 'U']"
7601,0,158,7,151,40,0,0,"['A' 'M' 'M' 'U' 'M' 'M' 'M' 'U' 'M' 'M' 'M' 'M' 'M' 'M' 'M' 'U' 'U' 'M'
 'M' 'M' 'M' 'M' 'M' 'M' 'M' 'U' 'U' 'M' 'M' 'M' 'M' 'M' 'M' 'M' 'M' 'M'
 'U' 'M' 'M' 'M' 'U' 'M' 'M' 'M' 'M' 'A' 'M' 'U' 'U' 'M' 'M' 'M' 'M' 'M'
 'M' 'M' 'U' 'U' 'M' 'M' 'A' 'U' 'M' 'M' 'U' 'M' 'M' 'M' 'M' 'M' 'M' 'M'
 'M' 'M' 'M' 'U' 'U' 'M' 'U' 'M' 'M' 'M' 'M' 'M' 'U' 'U' 'M' 'M' 'M' 'M'
 'M' 'M' 'M' 'M' 'M' 'M' 'M' 'M' 'U' 'M' 'M' 'M' 'M' 'M' 'U' 'M' 'M' 'M'
 'M' 'M' 'M' 'M' 'M' 'M' 'M' 'M' 'M' 'M' 'M' 'M' 'M' 'M' 'M' 'U' 'M' 'M'
 'M' 'M' 'M' 'A' 'U' 'U' 'M' 'M' 'M' 'U' 'U' 'A' 'M' 'M' 'M' 'M' 'M' 'M'
 'A' 'M' 'M' 'M' 'U' 'M' 'M' 'M' 'M' 'M' 'M' 'U' 'M' 'M' 'U' 'M' 'M' 'M'
 'M' 'U' 'M' 'M' 'M' 'M' 'M' 'M' 'U' 'A' 'U' 'M' 'M' 'M' 'U' 'M' 'M' 'U'
 'M' 'M' 'M' 'M' 'M' 'M' 'M' 'M' 'U' 'M' 'U' 'U' 'M' 'M' 'U' 'M' 'U' 'U']"
7701,0,148,6,142,50,0,0,"['A' 'M' 'M' 'M' 'M' 'M' 'M' 'M' 'M' 'M' 'M' 'M' 'M' 'M' 'M' 'U' 'M' 'M'
 'M' 'M' 'M' 'M' 'M' 'M' 'M' 'M' 'U' 'M' 'M' 'M' 'M' 'M' 'M' 'M' 'U' 'M'
 'U' 'M' 'M' 'M' 'U' 'U' 'M' 'M' 'M' 'A' 'U' 'U' 'M' 'M' 'M' 'U' 'M' 'M'
 'M' 'M' 'U' 'U' 'M' 'M' 'A' 'M' 'M' 'M' 'U' 'M' 'M' 'M' 'M' 'U' 'M' 'M'
 'M' 'M' 'M' 'M' 'M' 'M' 'M' 'M' 'M' 'M' 'M' 'M' 'M' 'U' 'M' 'U' 'M' 'M'
 'U' 'M' 'M' 'M' 'U' 'M' 'M' 'M' 'U' 'M' 'M' 'U' 'U' 'M' 'U' 'M' 'M' 'M'
 'U' 'M' 'M' 'U' 'M' 'M' 'M' 'M' 'M' 'M' 'M' 'M' 'M' 'M' 'M' 'U' 'M' 'M'
 'M' 'M' 'M' 'A' 'U' 'U' 'U' 'U' 'U' 'U' 'U' 'A' 'M' 'M' 'M' 'M' 'M' 'M'
 'A' 'M' 'U' 'M' 'U' 'M' 'M' 'M' 'M' 'M' 'M' 'U' 'M' 'M' 'U' 'U' 'M' 'M'
 'U' 'U' 'M' 'M' 'M' 'M' 'M' 'M' 'U' 'U' 'U' 'M' 'M' 'M' 'U' 'M' 'M' 'U'
 'M' 'M' 'M' 'M' 'M' 'M' 'U' 'M' 'U' 'M' 'U' 'U' 'M' 'M' 'U' 'M' 'U' 'U']"
7801,0,155,9,146,43,0,1,"['A' 'M' 'M' 'M' 'M' 'M' 'M' 'M' 'U' 'M' 'M' 'M' 'M' 'M' 'M' 'M' 'U' 'M'
 'M' 'M' 'U' 'M' 'M' 'M' 'M' 'M' 'U' 'M' 'M' 'M' 'M' 'M' 'M' 'M' 'U' 'M'
 'U' 'M' 'M' 'M' 'M' 'A' 'M' 'M' 'M' 'A' 'U' 'U' 'M' 'M' 'M' 'U' 'M' 'M'
 'M' 'M' 'U' 'U' 'M' 'M' 'A' 'M' 'M' 'M' 'M' 'M' 'M' 'M' 'M' 'M' 'M' 'M'
 'M' 'U' 'M' 'M' 'M' 'M' 'M' 'M' 'M' 'M' 'U' 'M' 'M' 'U' 'M' 'U' 'M' 'M'
 'M' 'U' 'M' 'M' 'M' 'M' 'M' 'M' 'U' 'M' 'M' 'U' 'U' 'M' 'M' 'M' 'M' 'M'
 'U' 'M' 'M' 'U' 'M' 'M' 'M' 'M' 'M' 'U' 'M' 'M' 'M' 'M' 'M' 'M' 'M' 'M'
 'M' 'M' 'M' 'A' 'U' 'U' 'A' 'U' 'A' 'U' 'U' 'A' 'U' 'M' 'M' 'M' 'M' 'M'
 'A' 'M' 'U' 'M' 'U' 'M' 'M' 'M' 'M' 'M' 'M' 'U' 'M' 'M' 'M' 'U' 'M' 'M'
 'U' 'M' 'M' 'M' 'M' 'M' 'M' 'M' 'U' 'U' 'U' 'M' 'M' 'M' 'U' 'M' 'M' 'U'
 'M' 'M' 'M' 'M' 'M' 'M' 'M' 'U' 'U' 'M' 'M' 'U' 'M' 'M' 'M' 'M' 'U' 'U']"
7901,1,158,10,148,40,0,0,"['A' 'M' 'M' 'U' 'M' 'M' 'M' 'M' 'U' 'M' 'U' 'M' 'M' 'M' 'M' 'M' 'M' 'M'
 'U' 'M' 'U' 'M' 'M' 'M' 'M' 'M' 'U' 'M' 'M' 'M' 'M' 'M' 'M' 'M' 'U' 'M'
 'U' 'M' 'M' 'U' 'M' 'M' 'M' 'M' 'M' 'A' 'U' 'U' 'M' 'M' 'M' 'U' 'M' 'M'
 'M' 'M' 'U' 'U' 'M' 'M' 'A' 'M' 'M' 'M' 'U' 'M' 'M' 'M' 'M' 'M' 'M' 'U'
 'M' 'M' 'M' 'M' 'M' 'M' 'M' 'M' 'M' 'M' 'U' 'M' 'U' 'M' 'M' 'M' 'M' 'U'
 'M' 'M' 'M' 'U' 'M' 'M' 'M' 'M' 'U' 'M' 'M' 'A' 'U' 'M' 'M' 'M' 'M' 'M'
 'U' 'M' 'M' 'U' 'M' 'M' 'M' 'M' 'M' 'U' 'M' 'M' 'M' 'M' 'M' 'M' 'M' 'M'
 'A' 'M' 'U' 'A' 'A' 'U' 'U' 'U' 'A' 'U' 'U' 'A' 'M' 'M' 'M' 'M' 'M' 'M'
 'A' 'M' 'M' 'M' 'M' 'M' 'M' 'M' 'M' 'M' 'M' 'M' 'M' 'M' 'M' 'U' 'M' 'M'
 'U' 'M' 'M' 'M' 'M' 'M' 'M' 'M' 'M' 'M' 'U' 'M' 'M' 'M' 'M' 'M' 'M' 'U'
 'M' 'M' 'M' 'M' 'M' 'U' 'M' 'M' 'U' 'M' 'M' 'U' 'M' 'M' 'M' 'M' 'U' 'U']"
8001,0,158,10,148,40,0,1,"['A' 'M' 'M' 'U' 'M' 'M' 'U' 'M' 'U' 'U' 'U' 'M' 'M' 'M' 'M' 'M' 'M' 'M'
 'U' 'M' 'M' 'M' 'M' 'M' 'M' 'M' 'M' 'M' 'M' 'M' 'M' 'M' 'M' 'M' 'U' 'M'
 'A' 'M' 'M' 'U' 'M' 'M' 'M' 'M' 'M' 'U' 'M' 'U' 'M' 'U' 'M' 'U' 'M' 'M'
 'M' 'M' 'M' 'M' 'M' 'M' 'M' 'M' 'M' 'M' 'U' 'M' 'M' 'M' 'M' 'M' 'M' 'M'
 'M' 'M' 'U' 'M' 'M' 'M' 'M' 'M' 'M' 'M' 'U' 'M' 'M' 'M' 'U' 'M' 'M' 'U'
 'U' 'M' 'M' 'M' 'M' 'M' 'U' 'M' 'M' 'M' 'M' 'A' 'U' 'M' 'M' 'M' 'M' 'M'
 'U' 'M' 'M' 'U' 'M' 'M' 'M' 'M' 'U' 'U' 'M' 'M' 'M' 'M' 'M' 'U' 'M' 'M'
 'A' 'M' 'U' 'A' 'A' 'U' 'U' 'U' 'A' 'M' 'U' 'A' 'U' 'M' 'U' 'M' 'M' 'M'
 'A' 'M' 'M' 'U' 'M' 'M' 'M' 'M' 'M' 'M' 'M' 'M' 'M' 'M' 'M' 'M' 'M' 'M'
 'M' 'M' 'M' 'M' 'M' 'M' 'M' 'M' 'M' 'M' 'A' 'M' 'M' 'M' 'M' 'M' 'U' 'U'
 'M' 'M' 'M' 'M' 'M' 'U' 'M' 'M' 'U' 'M' 'M' 'U' 'M' 'M' 'M' 'M' 'U' 'U']"
8101,1,162,11,151,36,0,0,"['A' 'M' 'M' 'M' 'M' 'M' 'U' 'M' 'A' 'U' 'U' 'M' 'M' 'M' 'M' 'M' 'M' 'M'
 'U' 'M' 'M' 'M' 'M' 'M' 'M' 'M' 'M' 'M' 'M' 'M' 'M' 'M' 'M' 'M' 'U' 'M'
 'A' 'M' 'M' 'U' 'M' 'M' 'M' 'M' 'M' 'M' 'M' 'U' 'M' 'U' 'M' 'U' 'M' 'M'
 'M' 'M' 'M' 'M' 'M' 'M' 'M' 'M' 'M' 'M' 'U' 'M' 'U' 'M' 'M' 'M' 'U' 'M'
 'M' 'M' 'M' 'M' 'M' 'M' 'M' 'M' 'M' 'U' 'M' 'M' 'M' 'M' 'M' 'M' 'M' 'M'
 'U' 'M' 'M' 'M' 'U' 'M' 'U' 'U' 'M' 'M' 'M' 'A' 'U' 'M' 'M' 'M' 'M' 'M'
 'M' 'M' 'M' 'U' 'M' 'M' 'M' 'M' 'U' 'U' 'M' 'M' 'M' 'M' 'M' 'U' 'M' 'M'
 'A' 'M' 'M' 'A' 'A' 'M' 'U' 'U' 'U' 'U' 'U' 'A' 'U' 'M' 'A' 'U' 'M' 'M'
 'A' 'M' 'M' 'M' 'M' 'M' 'M' 'M' 'M' 'U' 'M' 'M' 'M' 'U' 'M' 'M' 'M' 'M'
 'M' 'M' 'M' 'M' 'M' 'M' 'M' 'M' 'M' 'M' 'A' 'M' 'M' 'M' 'M' 'M' 'M' 'U'
 'M' 'M' 'M' 'M' 'M' 'M' 'M' 'M' 'U' 'M' 'M' 'U' 'M' 'M' 'M' 'M' 'U' 'U']"
8201,0,157,6,151,41,0,0,"['A' 'U' 'M' 'M' 'M' 'M' 'M' 'M' 'U' 'M' 'U' 'M' 'M' 'M' 'M' 'M' 'M' 'M'
 'M' 'M' 'M' 'M' 'M' 'M' 'M' 'U' 'M' 'M' 'M' 'M' 'M' 'M' 'M' 'M' 'U' 'M'
 'A' 'M' 'M' 'M' 'M' 'M' 'M' 'M' 'U' 'U' 'M' 'U' 'M' 'U' 'M' 'M' 'M' 'M'
 'M' 'M' 'M' 'M' 'M' 'M' 'M' 'M' 'U' 'M' 'U' 'M' 'M' 'M' 'M' 'M' 'M' 'U'
 'M' 'M' 'M' 'M' 'M' 'M' 'M' 'M' 'M' 'M' 'U' 'M' 'M' 'U' 'U' 'U' 'M' 'M'
 'M' 'M' 'M' 'M' 'M' 'M' 'U' 'U' 'M' 'M' 'M' 'U' 'M' 'M' 'M' 'M' 'M' 'M'
 'M' 'M' 'M' 'U' 'M' 'M' 'M' 'M' 'M' 'U' 'M' 'U' 'M' 'M' 'M' 'U' 'M' 'M'
 'U' 'M' 'M' 'A' 'U' 'M' 'U' 'U' 'U' 'U' 'U' 'A' 'U' 'M' 'A' 'U' 'M' 'M'
 'A' 'M' 'U' 'M' 'M' 'M' 'M' 'M' 'M' 'M' 'M' 'U' 'M' 'U' 'M' 'M' 'M' 'M'
 'M' 'M' 'M' 'M' 'M' 'M' 'M' 'M' 'M' 'M' 'U' 'M' 'M' 'M' 'M' 'M' 'M' 'U'
 'M' 'M' 'M' 'M' 'M' 'M' 'M' 'M' 'U' 'M' 'M' 'U' 'M' 'M' 'M' 'M' 'U' 'U']"
8301,0,158,6,152,40,0,0,"['A' 'U' 'M' 'M' 'M' 'M' 'U' 'M' 'M' 'M' 'U' 'M' 'M' 'M' 'M' 'M' 'M' 'M'
 'M' 'M' 'M' 'M' 'M' 'M' 'M' 'U' 'M' 'M' 'M' 'M' 'U' 'M' 'M' 'M' 'U' 'M'
 'A' 'M' 'M' 'M' 'M' 'M' 'M' 'M' 'U' 'M' 'A' 'U' 'M' 'U' 'M' 'M' 'M' 'M'
 'M' 'M' 'M' 'M' 'M' 'M' 'M' 'M' 'U' 'M' 'U' 'M' 'M' 'M' 'M' 'M' 'M' 'U'
 'U' 'M' 'M' 'M' 'M' 'U' 'M' 'M' 'M' 'M' 'U' 'M' 'M' 'M' 'M' 'M' 'M' 'M'
 'M' 'U' 'M' 'M' 'M' 'M' 'M' 'U' 'M' 'M' 'M' 'U' 'M' 'M' 'M' 'M' 'M' 'M'
 'M' 'M' 'M' 'M' 'M' 'M' 'M' 'M' 'M' 'U' 'M' 'U' 'M' 'M' 'M' 'U' 'M' 'M'
 'U' 'M' 'M' 'A' 'U' 'M' 'U' 'M' 'U' 'U' 'U' 'A' 'U' 'M' 'A' 'U' 'M' 'M'
 'U' 'M' 'U' 'M' 'M' 'U' 'M' 'M' 'M' 'M' 'M' 'U' 'M' 'U' 'M' 'M' 'M' 'M'
 'M' 'M' 'M' 'M' 'M' 'M' 'M' 'M' 'M' 'M' 'U' 'M' 'M' 'M' 'M' 'M' 'M' 'U'
 'M' 'M' 'U' 'M' 'M' 'M' 'M' 'M' 'U' 'M' 'M' 'U' 'M' 'M' 'M' 'M' 'M' 'U']"
8401,1,152,5,147,46,0,0,"['A' 'U' 'M' 'M' 'M' 'U' 'U' 'M' 'M' 'M' 'U' 'M' 'M' 'U' 'M' 'M' 'M' 'M'
 'U' 'M' 'M' 'M' 'M' 'M' 'M' 'U' 'M' 'M' 'M' 'M' 'U' 'M' 'M' 'M' 'U' 'M'
 'A' 'M' 'M' 'M' 'M' 'M' 'M' 'M' 'U' 'U' 'M' 'U' 'M' 'U' 'M' 'M' 'M' 'M'
 'M' 'M' 'M' 'M' 'M' 'M' 'M' 'M' 'U' 'U' 'U' 'M' 'M' 'M' 'M' 'M' 'M' 'U'
 'M' 'M' 'M' 'M' 'M' 'M' 'M' 'U' 'M' 'M' 'M' 'M' 'U' 'U' 'M' 'M' 'M' 'M'
 'M' 'U' 'M' 'M' 'M' 'M' 'U' 'M' 'M' 'M' 'M' 'U' 'M' 'M' 'M' 'M' 'M' 'M'
 'M' 'M' 'M' 'M' 'M' 'M' 'M' 'M' 'M' 'M' 'M' 'U' 'M' 'M' 'M' 'U' 'M' 'M'
 'U' 'M' 'U' 'A' 'U' 'U' 'M' 'M' 'U' 'U' 'M' 'A' 'U' 'M' 'U' 'U' 'M' 'M'
 'U' 'M' 'U' 'M' 'M' 'A' 'M' 'M' 'U' 'M' 'M' 'U' 'M' 'U' 'M' 'M' 'M' 'M'
 'M' 'M' 'M' 'M' 'M' 'M' 'M' 'M' 'M' 'M' 'U' 'U' 'M' 'M' 'M' 'M' 'M' 'M'
 'M' 'M' 'U' 'M' 'U' 'M' 'M' 'M' 'U' 'M' 'M' 'U' 'M' 'M' 'M' 'M' 'M' 'U']"
8501,0,153,3,150,45,0,1,"['A' 'U' 'M' 'M' 'M' 'U' 'M' 'M' 'M' 'M' 'U' 'M' 'M' 'U' 'M' 'M' 'U' 'M'
 'M' 'M' 'M' 'M' 'M' 'M' 'M' 'U' 'M' 'M' 'M' 'M' 'U' 'M' 'M' 'M' 'U' 'M'
 'A' 'M' 'M' 'M' 'M' 'M' 'M' 'M' 'M' 'U' 'M' 'M' 'M' 'U' 'M' 'M' 'M' 'M'
 'M' 'M' 'M' 'M' 'M' 'M' 'M' 'M' 'M' 'M' 'M' 'M' 'M' 'U' 'U' 'M' 'M' 'M'
 'M' 'M' 'M' 'M' 'M' 'M' 'M' 'M' 'M' 'M' 'M' 'U' 'M' 'M' 'M' 'U' 'M' 'M'
 'M' 'M' 'M' 'U' 'M' 'U' 'U' 'M' 'M' 'M' 'M' 'U' 'M' 'M' 'M' 'M' 'M' 'M'
 'M' 'M' 'M' 'U' 'M' 'M' 'M' 'M' 'M' 'M' 'M' 'U' 'M' 'M' 'M' 'M' 'M' 'M'
 'U' 'M' 'U' 'U' 'U' 'U' 'U' 'U' 'U' 'U' 'U' 'M' 'U' 'M' 'U' 'M' 'M' 'M'
 'U' 'M' 'U' 'M' 'M' 'M' 'M' 'M' 'U' 'M' 'M' 'U' 'M' 'M' 'M' 'M' 'M' 'M'
 'M' 'U' 'M' 'U' 'M' 'M' 'U' 'M' 'M' 'M' 'U' 'U' 'M' 'M' 'M' 'M' 'M' 'M'
 'M' 'M' 'U' 'M' 'U' 'M' 'U' 'M' 'U' 'M' 'M' 'M' 'M' 'A' 'M' 'M' 'M' 'M']"
8601,0,162,5,157,36,0,0,"['A' 'U' 'M' 'M' 'M' 'U' 'M' 'M' 'M' 'M' 'U' 'M' 'M' 'U' 'M' 'M' 'U' 'M'
 'M' 'M' 'M' 'M' 'M' 'M' 'M' 'U' 'M' 'M' 'M' 'M' 'M' 'M' 'M' 'M' 'U' 'M'
 'A' 'M' 'M' 'M' 'M' 'M' 'M' 'M' 'M' 'U' 'M' 'M' 'M' 'U' 'M' 'M' 'M' 'M'
 'M' 'M' 'M' 'M' 'M' 'M' 'M' 'M' 'M' 'M' 'M' 'M' 'U' 'M' 'M' 'M' 'U' 'U'
 'M' 'M' 'M' 'M' 'M' 'M' 'M' 'M' 'M' 'M' 'M' 'M' 'M' 'M' 'M' 'U' 'M' 'U'
 'M' 'M' 'M' 'M' 'M' 'U' 'U' 'M' 'M' 'M' 'M' 'U' 'M' 'M' 'M' 'M' 'M' 'M'
 'M' 'M' 'M' 'M' 'M' 'M' 'M' 'M' 'M' 'M' 'M' 'M' 'M' 'M' 'M' 'M' 'M' 'M'
 'A' 'M' 'U' 'U' 'M' 'M' 'U' 'U' 'U' 'U' 'U' 'M' 'M' 'M' 'U' 'M' 'M' 'M'
 'U' 'M' 'M' 'M' 'U' 'M' 'U' 'M' 'U' 'M' 'M' 'A' 'M' 'M' 'M' 'M' 'M' 'M'
 'M' 'M' 'M' 'M' 'M' 'M' 'U' 'M' 'M' 'M' 'U' 'U' 'M' 'M' 'M' 'M' 'M' 'M'
 'M' 'M' 'U' 'M' 'M' 'M' 'U' 'M' 'U' 'M' 'M' 'M' 'U' 'A' 'M' 'M' 'M' 'M']"
8701,0,168,5,163,30,0,0,"['A' 'U' 'M' 'M' 'M' 'M' 'M' 'M' 'M' 'M' 'M' 'M' 'M' 'U' 'M' 'M' 'U' 'U'
 'M' 'M' 'M' 'M' 'M' 'M' 'M' 'U' 'M' 'M' 'M' 'M' 'M' 'M' 'M' 'M' 'M' 'M'
 'U' 'M' 'M' 'M' 'M' 'M' 'M' 'M' 'M' 'U' 'M' 'M' 'M' 'M' 'M' 'M' 'M' 'M'
 'M' 'M' 'M' 'M' 'M' 'A' 'M' 'M' 'M' 'M' 'M' 'U' 'M' 'M' 'M' 'M' 'M' 'M'
 'U' 'M' 'M' 'M' 'M' 'M' 'M' 'M' 'M' 'U' 'M' 'M' 'M' 'M' 'M' 'U' 'M' 'M'
 'M' 'M' 'M' 'M' 'U' 'U' 'U' 'M' 'M' 'M' 'M' 'M' 'M' 'M' 'M' 'M' 'M' 'M'
 'M' 'M' 'M' 'M' 'M' 'M' 'U' 'M' 'M' 'M' 'M' 'M' 'M' 'M' 'M' 'M' 'M' 'M'
 'A' 'M' 'U' 'U' 'M' 'U' 'U' 'U' 'U' 'M' 'M' 'M' 'M' 'M' 'M' 'M' 'M' 'M'
 'M' 'M' 'M' 'M' 'U' 'M' 'U' 'M' 'U' 'M' 'M' 'A' 'M' 'M' 'M' 'M' 'M' 'M'
 'M' 'M' 'M' 'M' 'M' 'M' 'M' 'M' 'M' 'M' 'U' 'U' 'M' 'M' 'M' 'M' 'M' 'M'
 'M' 'M' 'U' 'M' 'M' 'M' 'U' 'M' 'U' 'M' 'M' 'M' 'U' 'A' 'M' 'M' 'M' 'M']"
8801,0,169,4,165,29,0,0,"['A' 'M' 'M' 'M' 'M' 'M' 'M' 'M' 'M' 'M' 'M' 'M' 'M' 'M' 'M' 'M' 'U' 'U'
 'M' 'M' 'M' 'M' 'M' 'M' 'M' 'M' 'M' 'M' 'M' 'M' 'M' 'M' 'M' 'M' 'M' 'M'
 'U' 'M' 'M' 'M' 'M' 'M' 'M' 'M' 'M' 'M' 'M' 'M' 'M' 'M' 'M' 'M' 'M' 'M'
 'M' 'M' 'M' 'M' 'M' 'U' 'M' 'M' 'M' 'M' 'M' 'M' 'M' 'M' 'M' 'M' 'M' 'U'
 'M' 'U' 'M' 'M' 'M' 'M' 'M' 'M' 'M' 'M' 'M' 'U' 'M' 'U' 'M' 'M' 'M' 'M'
 'M' 'U' 'M' 'M' 'M' 'U' 'U' 'M' 'M' 'M' 'M' 'M' 'M' 'M' 'M' 'M' 'M' 'M'
 'M' 'M' 'M' 'M' 'M' 'M' 'U' 'M' 'M' 'M' 'M' 'M' 'M' 'M' 'M' 'M' 'M' 'M'
 'U' 'M' 'U' 'U' 'M' 'U' 'M' 'U' 'U' 'U' 'U' 'U' 'U' 'M' 'M' 'M' 'M' 'M'
 'M' 'M' 'M' 'M' 'U' 'M' 'U' 'M' 'U' 'M' 'M' 'A' 'M' 'M' 'M' 'M' 'M' 'M'
 'M' 'M' 'M' 'M' 'M' 'M' 'M' 'M' 'M' 'M' 'U' 'M' 'M' 'M' 'M' 'M' 'M' 'M'
 'M' 'M' 'A' 'M' 'M' 'M' 'U' 'M' 'U' 'M' 'M' 'M' 'U' 'A' 'M' 'M' 'M' 'M']"
8901,0,169,4,165,29,0,0,"['A' 'M' 'M' 'M' 'M' 'M' 'M' 'M' 'M' 'M' 'M' 'M' 'M' 'M' 'M' 'M' 'U' 'U'
 'M' 'M' 'M' 'M' 'M' 'M' 'U' 'M' 'M' 'M' 'M' 'M' 'M' 'M' 'M' 'M' 'M' 'M'
 'M' 'U' 'M' 'M' 'M' 'M' 'M' 'M' 'M' 'M' 'M' 'M' 'M' 'M' 'M' 'M' 'M' 'M'
 'M' 'M' 'M' 'M' 'M' 'M' 'M' 'M' 'M' 'M' 'M' 'M' 'M' 'M' 'M' 'M' 'M' 'U'
 'M' 'U' 'M' 'M' 'M' 'M' 'M' 'M' 'M' 'U' 'M' 'U' 'M' 'M' 'M' 'M' 'M' 'U'
 'M' 'M' 'M' 'M' 'M' 'U' 'U' 'M' 'M' 'M' 'M' 'M' 'M' 'M' 'M' 'M' 'M' 'M'
 'M' 'M' 'M' 'M' 'M' 'M' 'U' 'M' 'M' 'M' 'M' 'M' 'M' 'M' 'M' 'M' 'M' 'M'
 'U' 'M' 'U' 'U' 'M' 'U' 'U' 'U' 'U' 'U' 'U' 'U' 'A' 'M' 'M' 'M' 'M' 'M'
 'M' 'M' 'M' 'M' 'U' 'M' 'M' 'M' 'U' 'M' 'M' 'U' 'M' 'M' 'M' 'M' 'M' 'M'
 'M' 'M' 'M' 'M' 'M' 'M' 'M' 'M' 'M' 'M' 'M' 'M' 'M' 'M' 'M' 'U' 'M' 'M'
 'M' 'M' 'A' 'M' 'M' 'M' 'U' 'M' 'U' 'M' 'M' 'M' 'U' 'A' 'M' 'M' 'M' 'M']"
9001,1,160,4,156,38,0,0,"['A' 'M' 'U' 'M' 'M' 'M' 'M' 'M' 'M' 'U' 'M' 'M' 'M' 'M' 'M' 'M' 'U' 'M'
 'M' 'M' 'M' 'M' 'M' 'M' 'U' 'M' 'M' 'M' 'M' 'M' 'M' 'M' 'M' 'M' 'M' 'M'
 'M' 'U' 'M' 'U' 'M' 'M' 'M' 'M' 'M' 'M' 'M' 'M' 'M' 'M' 'U' 'M' 'M' 'M'
 'M' 'M' 'M' 'M' 'M' 'M' 'M' 'M' 'M' 'M' 'M' 'M' 'M' 'U' 'U' 'M' 'M' 'M'
 'M' 'M' 'M' 'U' 'M' 'M' 'M' 'M' 'M' 'M' 'M' 'M' 'M' 'M' 'U' 'M' 'M' 'M'
 'M' 'M' 'M' 'U' 'M' 'U' 'U' 'M' 'U' 'M' 'M' 'M' 'M' 'M' 'M' 'M' 'M' 'M'
 'U' 'M' 'M' 'M' 'M' 'M' 'U' 'M' 'M' 'M' 'M' 'M' 'M' 'U' 'M' 'M' 'M' 'M'
 'U' 'M' 'U' 'U' 'M' 'U' 'U' 'U' 'U' 'U' 'U' 'U' 'A' 'M' 'M' 'M' 'M' 'M'
 'M' 'M' 'M' 'M' 'U' 'M' 'M' 'M' 'U' 'M' 'M' 'U' 'U' 'M' 'M' 'M' 'M' 'U'
 'M' 'M' 'M' 'U' 'M' 'M' 'M' 'M' 'M' 'M' 'M' 'M' 'M' 'M' 'M' 'A' 'M' 'M'
 'M' 'M' 'U' 'M' 'M' 'M' 'U' 'M' 'U' 'M' 'M' 'M' 'U' 'A' 'M' 'M' 'M' 'M']"
9101,0,161,4,157,37,0,0,"['A' 'M' 'U' 'M' 'M' 'M' 'M' 'M' 'M' 'U' 'M' 'M' 'M' 'M' 'M' 'M' 'U' 'M'
 'M' 'M' 'M' 'M' 'M' 'M' 'A' 'U' 'M' 'U' 'M' 'M' 'U' 'M' 'M' 'M' 'M' 'M'
 'M' 'M' 'M' 'U' 'M' 'M' 'M' 'M' 'M' 'M' 'M' 'M' 'M' 'U' 'U' 'M' 'M' 'M'
 'M' 'M' 'M' 'M' 'M' 'M' 'M' 'M' 'M' 'M' 'M' 'M' 'M' 'M' 'M' 'M' 'M' 'M'
 'M' 'M' 'U' 'U' 'M' 'M' 'M' 'M' 'M' 'M' 'M' 'M' 'U' 'M' 'M' 'M' 'M' 'M'
 'M' 'M' 'U' 'M' 'U' 'U' 'U' 'M' 'A' 'M' 'M' 'M' 'M' 'M' 'M' 'M' 'M' 'M'
 'M' 'M' 'M' 'M' 'M' 'M' 'M' 'M' 'M' 'M' 'M' 'M' 'U' 'U' 'M' 'U' 'M' 'M'
 'U' 'M' 'M' 'U' 'M' 'M' 'U' 'U' 'M' 'U' 'U' 'U' 'U' 'M' 'M' 'M' 'M' 'M'
 'U' 'M' 'U' 'M' 'M' 'M' 'M' 'M' 'M' 'M' 'M' 'U' 'M' 'M' 'M' 'M' 'M' 'M'
 'M' 'M' 'M' 'U' 'M' 'M' 'M' 'M' 'M' 'M' 'M' 'M' 'M' 'M' 'M' 'U' 'U' 'M'
 'M' 'M' 'U' 'M' 'M' 'M' 'U' 'M' 'M' 'M' 'U' 'M' 'U' 'A' 'M' 'M' 'M' 'M']"
9201,0,158,5,153,40,0,0,"['A' 'M' 'U' 'M' 'M' 'M' 'M' 'M' 'M' 'A' 'M' 'M' 'M' 'M' 'M' 'M' 'U' 'M'
 'M' 'M' 'M' 'M' 'M' 'M' 'U' 'U' 'M' 'M' 'M' 'U' 'A' 'M' 'M' 'M' 'M' 'M'
 'U' 'M' 'M' 'U' 'M' 'M' 'M' 'M' 'M' 'M' 'M' 'M' 'M' 'U' 'U' 'M' 'M' 'M'
 'M' 'M' 'M' 'M' 'M' 'M' 'M' 'M' 'M' 'M' 'M' 'M' 'M' 'M' 'M' 'M' 'M' 'M'
 'U' 'U' 'M' 'U' 'M' 'M' 'U' 'M' 'M' 'M' 'M' 'M' 'M' 'M' 'M' 'M' 'M' 'M'
 'M' 'U' 'M' 'M' 'M' 'U' 'U' 'M' 'U' 'M' 'M' 'M' 'M' 'M' 'M' 'M' 'M' 'M'
 'M' 'U' 'M' 'M' 'M' 'M' 'M' 'M' 'M' 'M' 'M' 'M' 'U' 'U' 'M' 'U' 'M' 'M'
 'M' 'M' 'M' 'U' 'M' 'M' 'U' 'U' 'M' 'U' 'U' 'U' 'M' 'M' 'M' 'M' 'M' 'M'
 'A' 'M' 'U' 'M' 'M' 'M' 'M' 'U' 'M' 'M' 'M' 'U' 'M' 'M' 'M' 'M' 'M' 'M'
 'M' 'M' 'M' 'U' 'M' 'M' 'M' 'M' 'M' 'M' 'M' 'M' 'M' 'M' 'M' 'U' 'U' 'M'
 'M' 'M' 'U' 'M' 'U' 'M' 'U' 'M' 'M' 'M' 'U' 'M' 'U' 'A' 'U' 'M' 'M' 'U']"
9301,0,153,3,150,45,0,0,"['A' 'M' 'U' 'M' 'M' 'M' 'M' 'M' 'M' 'A' 'M' 'M' 'M' 'M' 'M' 'M' 'U' 'M'
 'M' 'M' 'M' 'M' 'M' 'M' 'U' 'M' 'M' 'M' 'M' 'U' 'U' 'M' 'U' 'M' 'M' 'M'
 'U' 'M' 'M' 'U' 'M' 'M' 'M' 'M' 'M' 'M' 'M' 'M' 'M' 'U' 'M' 'M' 'M' 'M'
 'M' 'M' 'M' 'M' 'M' 'M' 'M' 'M' 'U' 'M' 'M' 'M' 'M' 'M' 'M' 'U' 'M' 'M'
 'U' 'M' 'M' 'M' 'M' 'M' 'U' 'U' 'M' 'U' 'M' 'M' 'M' 'M' 'M' 'M' 'M' 'M'
 'M' 'M' 'M' 'M' 'M' 'M' 'U' 'M' 'U' 'M' 'M' 'M' 'M' 'M' 'M' 'M' 'M' 'M'
 'M' 'U' 'M' 'M' 'M' 'M' 'M' 'M' 'M' 'M' 'U' 'M' 'U' 'M' 'M' 'U' 'M' 'M'
 'M' 'M' 'M' 'U' 'M' 'U' 'U' 'U' 'U' 'M' 'U' 'U' 'U' 'M' 'M' 'M' 'M' 'M'
 'U' 'M' 'U' 'M' 'U' 'M' 'M' 'U' 'M' 'M' 'M' 'M' 'M' 'M' 'M' 'M' 'M' 'M'
 'M' 'M' 'M' 'U' 'M' 'M' 'M' 'M' 'M' 'M' 'M' 'M' 'M' 'M' 'M' 'U' 'U' 'M'
 'U' 'M' 'U' 'M' 'U' 'M' 'U' 'M' 'M' 'M' 'U' 'M' 'U' 'A' 'U' 'U' 'M' 'U']"
9401,1,154,4,150,44,0,0,"['A' 'M' 'U' 'M' 'M' 'M' 'M' 'M' 'M' 'A' 'M' 'M' 'M' 'M' 'M' 'M' 'U' 'M'
 'M' 'M' 'M' 'M' 'M' 'M' 'U' 'M' 'M' 'M' 'M' 'U' 'U' 'M' 'U' 'M' 'M' 'M'
 'U' 'M' 'M' 'U' 'M' 'M' 'M' 'M' 'M' 'M' 'M' 'M' 'M' 'U' 'M' 'M' 'M' 'M'
 'M' 'M' 'M' 'M' 'M' 'M' 'M' 'M' 'U' 'M' 'M' 'M' 'M' 'M' 'M' 'M' 'U' 'M'
 'M' 'M' 'M' 'M' 'M' 'U' 'M' 'M' 'M' 'M' 'M' 'M' 'U' 'M' 'M' 'U' 'M' 'M'
 'M' 'M' 'M' 'U' 'M' 'M' 'M' 'M' 'U' 'M' 'M' 'M' 'M' 'M' 'U' 'M' 'M' 'U'
 'M' 'U' 'M' 'M' 'M' 'M' 'M' 'M' 'M' 'M' 'U' 'M' 'U' 'M' 'M' 'U' 'M' 'U'
 'M' 'U' 'M' 'U' 'M' 'U' 'U' 'U' 'U' 'U' 'M' 'U' 'U' 'M' 'M' 'M' 'M' 'M'
 'A' 'M' 'M' 'M' 'U' 'M' 'M' 'U' 'M' 'M' 'M' 'M' 'M' 'M' 'M' 'M' 'M' 'M'
 'M' 'M' 'M' 'U' 'M' 'M' 'M' 'M' 'M' 'M' 'M' 'M' 'M' 'M' 'M' 'U' 'U' 'M'
 'U' 'M' 'U' 'M' 'U' 'M' 'M' 'M' 'M' 'M' 'M' 'M' 'U' 'A' 'U' 'U' 'M' 'U']"
9501,0,158,4,154,40,0,0,"['A' 'M' 'U' 'M' 'M' 'M' 'M' 'M' 'M' 'U' 'M' 'M' 'M' 'M' 'M' 'M' 'U' 'M'
 'M' 'M' 'M' 'M' 'U' 'M' 'U' 'M' 'M' 'M' 'M' 'U' 'M' 'M' 'M' 'M' 'M' 'M'
 'M' 'M' 'M' 'M' 'M' 'M' 'M' 'M' 'M' 'M' 'M' 'M' 'M' 'U' 'M' 'M' 'M' 'M'
 'M' 'M' 'M' 'M' 'M' 'M' 'M' 'M' 'U' 'M' 'M' 'M' 'M' 'M' 'M' 'M' 'M' 'U'
 'M' 'U' 'M' 'M' 'U' 'U' 'M' 'M' 'U' 'M' 'M' 'M' 'M' 'M' 'M' 'M' 'M' 'M'
 'M' 'M' 'M' 'M' 'M' 'M' 'M' 'M' 'U' 'M' 'M' 'M' 'M' 'M' 'M' 'M' 'M' 'U'
 'M' 'M' 'M' 'M' 'M' 'M' 'M' 'M' 'M' 'M' 'U' 'M' 'A' 'U' 'M' 'M' 'M' 'U'
 'M' 'U' 'M' 'U' 'M' 'U' 'U' 'U' 'U' 'U' 'U' 'U' 'M' 'M' 'M' 'M' 'M' 'M'
 'A' 'M' 'M' 'M' 'M' 'M' 'M' 'U' 'U' 'M' 'U' 'M' 'M' 'M' 'M' 'M' 'M' 'M'
 'M' 'M' 'M' 'U' 'M' 'M' 'M' 'M' 'M' 'M' 'M' 'M' 'U' 'M' 'M' 'U' 'M' 'U'
 'U' 'M' 'U' 'M' 'U' 'M' 'M' 'M' 'M' 'M' 'M' 'M' 'U' 'A' 'M' 'U' 'M' 'U']"
9601,0,159,4,155,39,0,0,"['A' 'M' 'M' 'M' 'M' 'M' 'M' 'M' 'M' 'U' 'M' 'M' 'M' 'M' 'M' 'M' 'U' 'M'
 'M' 'M' 'M' 'M' 'A' 'M' 'U' 'M' 'M' 'M' 'M' 'U' 'M' 'M' 'M' 'M' 'M' 'M'
 'M' 'M' 'M' 'M' 'M' 'M' 'M' 'M' 'M' 'M' 'M' 'M' 'M' 'U' 'M' 'U' 'M' 'M'
 'M' 'M' 'M' 'M' 'M' 'M' 'M' 'M' 'M' 'M' 'M' 'M' 'M' 'M' 'M' 'M' 'M' 'U'
 'M' 'M' 'M' 'M' 'M' 'M' 'M' 'U' 'M' 'M' 'U' 'M' 'M' 'M' 'M' 'M' 'M' 'U'
 'M' 'M' 'M' 'U' 'M' 'U' 'M' 'M' 'U' 'M' 'M' 'U' 'U' 'M' 'M' 'M' 'M' 'M'
 'M' 'M' 'M' 'M' 'M' 'M' 'M' 'M' 'M' 'M' 'U' 'M' 'U' 'U' 'M' 'M' 'M' 'U'
 'M' 'U' 'M' 'U' 'M' 'U' 'U' 'U' 'U' 'U' 'U' 'U' 'M' 'M' 'M' 'M' 'M' 'M'
 'A' 'M' 'M' 'M' 'M' 'M' 'M' 'U' 'U' 'M' 'U' 'M' 'M' 'M' 'M' 'M' 'M' 'M'
 'M' 'M' 'M' 'U' 'M' 'M' 'M' 'M' 'M' 'M' 'M' 'M' 'U' 'M' 'M' 'U' 'M' 'M'
 'U' 'M' 'U' 'M' 'U' 'M' 'M' 'M' 'M' 'M' 'M' 'M' 'M' 'A' 'M' 'U' 'M' 'U']"
9701,0,155,2,153,43,0,0,"['A' 'M' 'M' 'M' 'M' 'M' 'M' 'M' 'M' 'U' 'M' 'M' 'M' 'U' 'M' 'M' 'M' 'U'
 'M' 'M' 'M' 'M' 'A' 'M' 'U' 'M' 'M' 'U' 'M' 'U' 'M' 'M' 'M' 'M' 'M' 'M'
 'M' 'M' 'M' 'M' 'M' 'M' 'M' 'M' 'M' 'U' 'M' 'M' 'M' 'U' 'M' 'M' 'M' 'M'
 'M' 'M' 'M' 'M' 'M' 'M' 'M' 'M' 'M' 'M' 'M' 'M' 'M' 'M' 'M' 'M' 'M' 'M'
 'M' 'M' 'M' 'U' 'M' 'M' 'U' 'M' 'M' 'U' 'M' 'M' 'U' 'M' 'M' 'M' 'U' 'M'
 'M' 'M' 'M' 'M' 'M' 'U' 'M' 'M' 'M' 'M' 'M' 'U' 'U' 'M' 'M' 'M' 'M' 'M'
 'M' 'M' 'M' 'M' 'M' 'M' 'M' 'M' 'M' 'M' 'U' 'M' 'U' 'U' 'U' 'M' 'U' 'U'
 'M' 'U' 'M' 'U' 'U' 'U' 'U' 'M' 'U' 'U' 'U' 'U' 'M' 'M' 'M' 'M' 'M' 'M'
 'U' 'M' 'M' 'M' 'M' 'M' 'M' 'U' 'M' 'M' 'U' 'M' 'M' 'M' 'M' 'M' 'M' 'M'
 'M' 'M' 'M' 'U' 'M' 'M' 'U' 'M' 'M' 'M' 'M' 'M' 'U' 'M' 'M' 'M' 'M' 'M'
 'U' 'M' 'U' 'U' 'U' 'M' 'M' 'M' 'M' 'M' 'M' 'M' 'M' 'U' 'M' 'M' 'M' 'U']"
9801,0,155,4,151,43,1,0,"['A' 'M' 'M' 'M' 'M' 'M' 'M' 'M' 'M' 'U' 'M' 'M' 'M' 'U' 'M' 'M' 'M' 'U'
 'M' 'M' 'M' 'M' 'A' 'M' 'U' 'U' 'M' 'U' 'M' 'U' 'M' 'M' 'U' 'M' 'M' 'M'
 'M' 'M' 'M' 'M' 'M' 'U' 'M' 'M' 'M' 'U' 'M' 'M' 'M' 'U' 'M' 'M' 'M' 'M'
 'M' 'M' 'M' 'M' 'M' 'M' 'M' 'M' 'M' 'M' 'U' 'M' 'M' 'M' 'U' 'M' 'M' 'U'
 'M' 'M' 'M' 'M' 'U' 'M' 'M' 'M' 'U' 'M' 'M' 'M' 'M' 'M' 'M' 'U' 'M' 'M'
 'M' 'M' 'M' 'M' 'M' 'U' 'M' 'M' 'M' 'M' 'M' 'U' 'M' 'M' 'M' 'U' 'M' 'M'
 'M' 'M' 'M' 'M' 'M' 'M' 'M' 'U' 'M' 'M' 'U' 'M' 'U' 'U' 'U' 'M' 'M' 'M'
 'M' 'U' 'M' 'U' 'U' 'U' 'U' 'M' 'U' 'U' 'U' 'U' 'M' 'M' 'M' 'M' 'M' 'M'
 'U' 'M' 'M' 'M' 'M' 'M' 'M' 'U' 'M' 'A' 'U' 'U' 'M' 'M' 'M' 'M' 'M' 'M'
 'M' 'M' 'M' 'M' 'M' 'M' 'U' 'M' 'M' 'M' 'M' 'M' 'A' 'M' 'M' 'M' 'M' 'M'
 'U' 'M' 'U' 'U' 'M' 'M' 'M' 'M' 'M' 'M' 'M' 'M' 'M' 'U' 'M' 'M' 'M' 'M']"
9901,1,155,4,151,43,0,0,"['A' 'M' 'M' 'M' 'M' 'M' 'M' 'M' 'M' 'U' 'M' 'M' 'M' 'U' 'M' 'M' 'M' 'M'
 'M' 'M' 'M' 'U' 'U' 'M' 'A' 'M' 'M' 'U' 'M' 'U' 'M' 'M' 'U' 'U' 'M' 'M'
 'U' 'M' 'M' 'M' 'M' 'U' 'M' 'M' 'M' 'U' 'M' 'M' 'M' 'U' 'M' 'M' 'M' 'M'
 'M' 'M' 'M' 'M' 'M' 'M' 'M' 'M' 'M' 'M' 'U' 'U' 'M' 'M' 'M' 'M' 'M' 'M'
 'U' 'M' 'M' 'M' 'U' 'M' 'M' 'U' 'M' 'M' 'M' 'M' 'M' 'M' 'M' 'M' 'M' 'M'
 'M' 'U' 'M' 'M' 'M' 'U' 'M' 'M' 'M' 'M' 'M' 'U' 'M' 'M' 'M' 'M' 'M' 'M'
 'M' 'M' 'M' 'M' 'M' 'M' 'M' 'M' 'M' 'U' 'U' 'M' 'U' 'U' 'U' 'M' 'U' 'M'
 'M' 'U' 'M' 'M' 'U' 'U' 'U' 'U' 'U' 'U' 'U' 'U' 'M' 'M' 'U' 'M' 'M' 'U'
 'M' 'M' 'M' 'M' 'M' 'M' 'M' 'U' 'M' 'A' 'M' 'M' 'M' 'M' 'M' 'M' 'M' 'M'
 'M' 'M' 'M' 'M' 'M' 'M' 'U' 'M' 'M' 'M' 'M' 'M' 'A' 'M' 'M' 'M' 'M' 'M'
 'U' 'M' 'U' 'U' 'M' 'M' 'M' 'M' 'M' 'M' 'M' 'M' 'M' 'U' 'M' 'M' 'M' 'M']"
10001,0,159,4,155,39,0,0,"['A' 'M' 'M' 'M' 'M' 'M' 'M' 'M' 'M' 'U' 'M' 'M' 'M' 'U' 'M' 'M' 'M' 'M'
 'U' 'M' 'M' 'U' 'U' 'M' 'A' 'M' 'M' 'M' 'M' 'U' 'M' 'M' 'U' 'M' 'M' 'M'
 'U' 'M' 'M' 'M' 'M' 'U' 'M' 'M' 'M' 'M' 'M' 'M' 'M' 'U' 'M' 'M' 'M' 'M'
 'M' 'M' 'M' 'M' 'M' 'M' 'M' 'M' 'M' 'M' 'U' 'U' 'M' 'M' 'M' 'M' 'M' 'U'
 'M' 'U' 'M' 'M' 'M' 'M' 'U' 'M' 'M' 'U' 'M' 'M' 'M' 'M' 'M' 'M' 'M' 'M'
 'M' 'M' 'M' 'M' 'M' 'U' 'M' 'M' 'U' 'M' 'M' 'U' 'M' 'M' 'M' 'M' 'M' 'M'
 'M' 'M' 'M' 'M' 'M' 'M' 'M' 'M' 'M' 'U' 'M' 'M' 'M' 'U' 'M' 'M' 'U' 'M'
 'M' 'U' 'M' 'U' 'U' 'M' 'M' 'U' 'U' 'U' 'U' 'M' 'U' 'M' 'U' 'M' 'M' 'U'
 'M' 'M' 'U' 'M' 'M' 'M' 'M' 'U' 'M' 'A' 'M' 'M' 'M' 'M' 'M' 'M' 'M' 'U'
 'M' 'M' 'M' 'M' 'M' 'M' 'U' 'M' 'M' 'M' 'M' 'M' 'A' 'M' 'M' 'M' 'M' 'M'
 'U' 'M' 'U' 'U' 'M' 'M' 'M' 'M' 'M' 'M' 'M' 'M' 'M' 'M' 'M' 'M' 'M' 'M']"
10101,0,160,4,156,38,0,0,"['A' 'M' 'M' 'M' 'M' 'M' 'M' 'M' 'M' 'U' 'U' 'M' 'M' 'U' 'M' 'M' 'M' 'M'
 'U' 'M' 'M' 'U' 'M' 'M' 'A' 'M' 'M' 'M' 'M' 'U' 'M' 'M' 'U' 'M' 'M' 'M'
 'U' 'M' 'M' 'M' 'M' 'U' 'M' 'M' 'M' 'M' 'M' 'M' 'M' 'M' 'M' 'M' 'M' 'M'
 'M' 'M' 'M' 'M' 'M' 'M' 'M' 'M' 'M' 'M' 'M' 'M' 'M' 'M' 'U' 'M' 'M' 'M'
 'M' 'M' 'M' 'M' 'U' 'M' 'M' 'M' 'M' 'M' 'M' 'M' 'M' 'M' 'U' 'U' 'M' 'U'
 'M' 'M' 'M' 'M' 'M' 'U' 'M' 'M' 'M' 'M' 'M' 'M' 'M' 'M' 'M' 'M' 'M' 'M'
 'U' 'U' 'M' 'M' 'M' 'M' 'M' 'M' 'M' 'U' 'M' 'M' 'U' 'U' 'M' 'M' 'U' 'M'
 'M' 'U' 'M' 'U' 'U' 'M' 'M' 'U' 'U' 'U' 'U' 'M' 'U' 'M' 'U' 'M' 'M' 'U'
 'M' 'M' 'U' 'M' 'M' 'M' 'M' 'U' 'M' 'A' 'M' 'M' 'M' 'M' 'M' 'M' 'M' 'U'
 'M' 'M' 'M' 'U' 'M' 'M' 'U' 'M' 'M' 'M' 'M' 'M' 'A' 'M' 'M' 'M' 'M' 'M'
 'M' 'M' 'U' 'U' 'M' 'M' 'M' 'M' 'M' 'M' 'M' 'M' 'M' 'M' 'M' 'M' 'M' 'M']"
10201,0,164,3,161,34,0,0,"['A' 'M' 'M' 'M' 'M' 'M' 'M' 'M' 'M' 'M' 'U' 'M' 'M' 'U' 'M' 'M' 'M' 'M'
 'U' 'M' 'M' 'M' 'M' 'M' 'U' 'M' 'M' 'M' 'M' 'U' 'M' 'M' 'U' 'M' 'M' 'M'
 'U' 'M' 'M' 'M' 'M' 'U' 'M' 'M' 'M' 'M' 'M' 'M' 'M' 'M' 'M' 'M' 'M' 'M'
 'M' 'M' 'M' 'M' 'M' 'M' 'M' 'M' 'M' 'M' 'M' 'M' 'U' 'M' 'M' 'M' 'M' 'M'
 'M' 'M' 'M' 'U' 'M' 'M' 'U' 'M' 'M' 'M' 'U' 'M' 'M' 'M' 'M' 'U' 'M' 'M'
 'M' 'M' 'M' 'M' 'M' 'M' 'M' 'M' 'M' 'M' 'M' 'M' 'M' 'M' 'M' 'M' 'M' 'M'
 'U' 'U' 'M' 'M' 'M' 'M' 'M' 'M' 'M' 'U' 'M' 'M' 'M' 'M' 'M' 'M' 'U' 'M'
 'M' 'U' 'M' 'M' 'U' 'M' 'M' 'U' 'M' 'U' 'U' 'M' 'U' 'M' 'U' 'M' 'M' 'M'
 'M' 'M' 'U' 'M' 'M' 'M' 'M' 'U' 'M' 'A' 'M' 'U' 'M' 'M' 'M' 'M' 'M' 'U'
 'M' 'M' 'M' 'U' 'M' 'U' 'U' 'M' 'M' 'M' 'M' 'M' 'A' 'M' 'M' 'M' 'M' 'M'
 'M' 'M' 'U' 'U' 'M' 'M' 'M' 'M' 'U' 'M' 'M' 'M' 'M' 'M' 'M' 'M' 'M' 'M']"
10301,0,160,3,157,38,0,0,"['A' 'M' 'M' 'M' 'M' 'M' 'M' 'M' 'M' 'M' 'U' 'M' 'M' 'U' 'U' 'M' 'M' 'M'
 'M' 'M' 'M' 'M' 'M' 'M' 'U' 'U' 'M' 'M' 'M' 'U' 'M' 'M' 'U' 'M' 'M' 'M'
 'U' 'M' 'M' 'M' 'M' 'M' 'M' 'M' 'M' 'U' 'M' 'M' 'M' 'M' 'M' 'M' 'U' 'M'
 'M' 'M' 'M' 'M' 'M' 'M' 'M' 'M' 'M' 'M' 'M' 'M' 'M' 'U' 'M' 'M' 'M' 'M'
 'M' 'M' 'M' 'M' 'M' 'M' 'M' 'M' 'M' 'U' 'M' 'M' 'M' 'M' 'M' 'U' 'M' 'M'
 'U' 'M' 'M' 'M' 'U' 'M' 'M' 'M' 'M' 'M' 'M' 'M' 'M' 'M' 'M' 'M' 'M' 'M'
 'U' 'U' 'M' 'M' 'M' 'M' 'M' 'M' 'M' 'U' 'M' 'M' 'M' 'M' 'M' 'M' 'U' 'M'
 'M' 'U' 'M' 'M' 'U' 'U' 'U' 'U' 'M' 'U' 'U' 'U' 'M' 'M' 'U' 'M' 'M' 'M'
 'M' 'M' 'U' 'M' 'U' 'U' 'M' 'U' 'M' 'A' 'M' 'U' 'M' 'M' 'M' 'M' 'M' 'U'
 'M' 'M' 'M' 'U' 'M' 'U' 'U' 'M' 'M' 'M' 'M' 'M' 'A' 'M' 'M' 'M' 'M' 'M'
 'M' 'M' 'U' 'M' 'M' 'M' 'M' 'M' 'M' 'M' 'M' 'M' 'M' 'M' 'M' 'M' 'M' 'M']"
10401,0,160,2,158,38,0,1,"['A' 'M' 'U' 'M' 'M' 'M' 'M' 'U' 'M' 'M' 'U' 'M' 'M' 'U' 'U' 'M' 'M' 'M'
 'M' 'M' 'M' 'M' 'M' 'M' 'U' 'U' 'M' 'M' 'M' 'M' 'M' 'M' 'U' 'M' 'M' 'M'
 'U' 'M' 'M' 'U' 'M' 'M' 'M' 'M' 'M' 'U' 'M' 'M' 'M' 'M' 'M' 'M' 'U' 'M'
 'M' 'M' 'M' 'M' 'M' 'M' 'M' 'M' 'M' 'M' 'M' 'M' 'M' 'U' 'M' 'M' 'M' 'M'
 'M' 'M' 'M' 'M' 'M' 'M' 'M' 'M' 'M' 'M' 'M' 'M' 'M' 'M' 'U' 'U' 'M' 'M'
 'U' 'M' 'M' 'U' 'M' 'M' 'M' 'M' 'M' 'M' 'M' 'M' 'U' 'M' 'M' 'M' 'M' 'M'
 'M' 'U' 'M' 'M' 'M' 'M' 'M' 'M' 'M' 'M' 'M' 'M' 'M' 'M' 'M' 'M' 'U' 'M'
 'M' 'U' 'M' 'M' 'M' 'U' 'U' 'U' 'M' 'U' 'M' 'M' 'M' 'M' 'U' 'M' 'M' 'M'
 'M' 'M' 'U' 'M' 'U' 'U' 'M' 'U' 'M' 'M' 'M' 'U' 'M' 'M' 'M' 'M' 'M' 'U'
 'M' 'U' 'M' 'U' 'M' 'U' 'U' 'M' 'M' 'M' 'M' 'M' 'A' 'M' 'M' 'M' 'M' 'M'
 'M' 'M' 'M' 'M' 'M' 'M' 'M' 'M' 'M' 'M' 'M' 'M' 'M' 'U' 'M' 'U' 'M' 'M']"
10501,1,159,3,156,39,0,0,"['A' 'M' 'U' 'M' 'M' 'M' 'M' 'U' 'M' 'M' 'U' 'M' 'M' 'A' 'U' 'M' 'M' 'M'
 'M' 'M' 'M' 'M' 'M' 'M' 'U' 'M' 'M' 'M' 'M' 'M' 'M' 'M' 'U' 'M' 'M' 'M'
 'U' 'M' 'M' 'U' 'M' 'M' 'M' 'M' 'M' 'U' 'M' 'M' 'M' 'M' 'M' 'M' 'U' 'M'
 'M' 'M' 'M' 'M' 'M' 'M' 'M' 'M' 'M' 'M' 'M' 'M' 'M' 'M' 'M' 'U' 'M' 'M'
 'M' 'M' 'M' 'M' 'M' 'M' 'M' 'M' 'U' 'M' 'M' 'M' 'M' 'U' 'M' 'U' 'U' 'M'
 'M' 'M' 'M' 'M' 'M' 'M' 'M' 'M' 'M' 'M' 'M' 'M' 'U' 'M' 'M' 'M' 'M' 'M'
 'M' 'U' 'M' 'M' 'M' 'M' 'M' 'M' 'M' 'M' 'M' 'M' 'M' 'M' 'M' 'M' 'M' 'M'
 'M' 'U' 'M' 'M' 'M' 'A' 'U' 'U' 'M' 'U' 'U' 'M' 'M' 'M' 'U' 'M' 'U' 'M'
 'M' 'M' 'U' 'U' 'U' 'U' 'M' 'U' 'M' 'U' 'M' 'U' 'M' 'M' 'M' 'M' 'M' 'U'
 'M' 'U' 'M' 'U' 'M' 'U' 'U' 'M' 'U' 'M' 'M' 'M' 'M' 'M' 'M' 'M' 'M' 'M'
 'M' 'M' 'M' 'M' 'M' 'M' 'M' 'M' 'M' 'M' 'M' 'M' 'M' 'U' 'M' 'U' 'M' 'M']"
10601,0,157,4,153,41,0,0,"['A' 'M' 'U' 'M' 'M' 'M' 'M' 'U' 'M' 'M' 'U' 'M' 'M' 'A' 'U' 'M' 'M' 'M'
 'M' 'M' 'M' 'M' 'M' 'M' 'M' 'M' 'M' 'M' 'M' 'M' 'M' 'M' 'M' 'M' 'M' 'M'
 'U' 'M' 'M' 'U' 'M' 'M' 'M' 'M' 'M' 'M' 'M' 'M' 'U' 'M' 'M' 'M' 'U' 'M'
 'M' 'M' 'M' 'M' 'M' 'M' 'M' 'M' 'M' 'M' 'M' 'M' 'U' 'M' 'M' 'M' 'M' 'U'
 'M' 'U' 'M' 'M' 'M' 'M' 'M' 'M' 'M' 'M' 'M' 'U' 'M' 'U' 'M' 'M' 'M' 'M'
 'M' 'M' 'M' 'M' 'M' 'M' 'M' 'M' 'M' 'M' 'M' 'M' 'U' 'M' 'M' 'M' 'M' 'M'
 'M' 'M' 'M' 'M' 'M' 'M' 'M' 'M' 'M' 'M' 'M' 'M' 'M' 'M' 'M' 'M' 'M' 'M'
 'M' 'U' 'M' 'M' 'M' 'A' 'U' 'A' 'U' 'U' 'U' 'U' 'U' 'U' 'U' 'M' 'U' 'M'
 'M' 'M' 'U' 'U' 'U' 'U' 'M' 'U' 'M' 'M' 'M' 'U' 'M' 'M' 'M' 'M' 'M' 'U'
 'M' 'U' 'M' 'U' 'M' 'U' 'U' 'M' 'U' 'M' 'M' 'M' 'M' 'M' 'U' 'M' 'M' 'M'
 'M' 'M' 'M' 'U' 'M' 'M' 'M' 'M' 'M' 'M' 'M' 'M' 'M' 'U' 'M' 'U' 'U' 'M']"
10701,0,157,4,153,41,1,0,"['A' 'M' 'U' 'M' 'M' 'M' 'M' 'U' 'M' 'M' 'M' 'M' 'M' 'A' 'U' 'M' 'M' 'U'
 'M' 'M' 'M' 'M' 'M' 'M' 'M' 'M' 'M' 'M' 'M' 'M' 'M' 'M' 'M' 'M' 'M' 'M'
 'U' 'M' 'M' 'M' 'U' 'M' 'M' 'M' 'M' 'M' 'M' 'M' 'U' 'M' 'M' 'M' 'U' 'M'
 'U' 'M' 'M' 'M' 'M' 'M' 'M' 'M' 'M' 'U' 'M' 'M' 'M' 'M' 'M' 'M' 'M' 'U'
 'M' 'M' 'M' 'M' 'M' 'M' 'M' 'U' 'U' 'M' 'M' 'M' 'M' 'M' 'M' 'U' 'M' 'U'
 'M' 'M' 'M' 'M' 'M' 'M' 'M' 'M' 'M' 'M' 'M' 'M' 'U' 'M' 'M' 'M' 'M' 'M'
 'M' 'U' 'M' 'M' 'M' 'M' 'M' 'M' 'M' 'M' 'M' 'M' 'M' 'M' 'M' 'M' 'M' 'M'
 'M' 'M' 'M' 'M' 'M' 'A' 'U' 'A' 'U' 'M' 'U' 'U' 'U' 'U' 'M' 'M' 'U' 'U'
 'M' 'M' 'U' 'U' 'U' 'M' 'M' 'U' 'M' 'M' 'M' 'U' 'M' 'M' 'M' 'M' 'M' 'U'
 'M' 'U' 'M' 'U' 'U' 'M' 'U' 'M' 'U' 'M' 'M' 'M' 'M' 'M' 'U' 'M' 'M' 'M'
 'M' 'M' 'M' 'U' 'M' 'M' 'M' 'M' 'M' 'M' 'M' 'M' 'M' 'U' 'M' 'U' 'U' 'M']"
10801,0,164,2,162,34,0,0,"['A' 'M' 'U' 'M' 'M' 'M' 'M' 'M' 'M' 'M' 'M' 'M' 'M' 'A' 'M' 'M' 'M' 'U'
 'M' 'M' 'M' 'M' 'M' 'M' 'M' 'M' 'M' 'M' 'M' 'M' 'M' 'U' 'M' 'M' 'M' 'M'
 'U' 'M' 'M' 'M' 'U' 'M' 'M' 'M' 'M' 'M' 'U' 'M' 'U' 'M' 'M' 'M' 'M' 'M'
 'U' 'M' 'M' 'M' 'M' 'M' 'M' 'M' 'M' 'U' 'M' 'M' 'M' 'M' 'M' 'M' 'M' 'U'
 'M' 'M' 'M' 'U' 'M' 'U' 'M' 'M' 'M' 'M' 'M' 'M' 'M' 'M' 'M' 'M' 'M' 'M'
 'M' 'M' 'M' 'U' 'U' 'M' 'M' 'M' 'M' 'M' 'M' 'U' 'U' 'M' 'M' 'U' 'M' 'M'
 'M' 'U' 'M' 'M' 'M' 'M' 'M' 'M' 'M' 'M' 'U' 'M' 'M' 'M' 'M' 'M' 'M' 'M'
 'M' 'M' 'M' 'M' 'M' 'U' 'U' 'U' 'U' 'M' 'U' 'M' 'U' 'M' 'M' 'M' 'U' 'U'
 'M' 'M' 'M' 'M' 'U' 'M' 'M' 'M' 'M' 'M' 'M' 'M' 'M' 'M' 'M' 'M' 'M' 'U'
 'M' 'U' 'M' 'M' 'M' 'M' 'U' 'M' 'M' 'M' 'M' 'M' 'M' 'M' 'U' 'M' 'M' 'M'
 'M' 'M' 'M' 'M' 'M' 'M' 'M' 'M' 'M' 'M' 'M' 'M' 'M' 'U' 'M' 'U' 'M' 'M']"
10901,0,163,2,161,35,0,0,"['A' 'M' 'M' 'M' 'M' 'M' 'M' 'M' 'M' 'M' 'M' 'U' 'M' 'A' 'M' 'M' 'M' 'U'
 'M' 'M' 'M' 'M' 'M' 'M' 'M' 'M' 'M' 'M' 'M' 'M' 'M' 'U' 'M' 'M' 'M' 'M'
 'U' 'M' 'M' 'M' 'U' 'M' 'M' 'M' 'M' 'M' 'U' 'M' 'U' 'M' 'M' 'M' 'M' 'M'
 'M' 'M' 'M' 'M' 'M' 'M' 'M' 'M' 'M' 'M' 'M' 'M' 'M' 'M' 'M' 'M' 'M' 'U'
 'M' 'U' 'U' 'M' 'M' 'M' 'M' 'M' 'M' 'M' 'M' 'U' 'M' 'M' 'M' 'M' 'M' 'M'
 'M' 'M' 'U' 'M' 'M' 'M' 'M' 'M' 'M' 'M' 'M' 'U' 'U' 'M' 'M' 'U' 'M' 'M'
 'M' 'M' 'U' 'M' 'M' 'M' 'M' 'M' 'M' 'M' 'U' 'M' 'M' 'M' 'M' 'M' 'M' 'M'
 'M' 'M' 'M' 'M' 'M' 'U' 'U' 'U' 'U' 'U' 'U' 'U' 'U' 'M' 'M' 'M' 'U' 'U'
 'M' 'M' 'M' 'M' 'U' 'M' 'M' 'M' 'M' 'M' 'M' 'M' 'M' 'M' 'M' 'M' 'M' 'M'
 'M' 'U' 'M' 'U' 'M' 'M' 'U' 'M' 'M' 'M' 'M' 'M' 'M' 'M' 'U' 'M' 'M' 'U'
 'M' 'M' 'M' 'M' 'M' 'M' 'U' 'M' 'M' 'M' 'M' 'M' 'M' 'U' 'M' 'M' 'M' 'M']"
11001,0,161,3,158,37,0,0,"['A' 'M' 'M' 'M' 'M' 'M' 'M' 'M' 'M' 'M' 'M' 'U' 'M' 'A' 'M' 'M' 'M' 'U'
 'M' 'U' 'M' 'M' 'M' 'M' 'M' 'M' 'M' 'M' 'M' 'M' 'M' 'U' 'M' 'M' 'M' 'M'
 'M' 'M' 'M' 'M' 'U' 'M' 'M' 'U' 'M' 'M' 'U' 'M' 'U' 'M' 'M' 'M' 'M' 'M'
 'M' 'M' 'M' 'M' 'M' 'M' 'M' 'M' 'M' 'M' 'M' 'M' 'M' 'M' 'M' 'U' 'M' 'M'
 'U' 'M' 'M' 'U' 'M' 'M' 'M' 'M' 'M' 'M' 'M' 'M' 'M' 'U' 'M' 'M' 'M' 'M'
 'M' 'M' 'U' 'M' 'M' 'M' 'M' 'M' 'M' 'M' 'U' 'U' 'U' 'M' 'M' 'U' 'M' 'M'
 'M' 'M' 'U' 'M' 'U' 'M' 'M' 'M' 'M' 'M' 'U' 'M' 'M' 'M' 'M' 'M' 'M' 'M'
 'M' 'M' 'M' 'M' 'M' 'U' 'M' 'U' 'U' 'U' 'M' 'U' 'U' 'U' 'M' 'M' 'U' 'M'
 'M' 'M' 'M' 'M' 'U' 'M' 'M' 'M' 'M' 'M' 'M' 'M' 'M' 'M' 'M' 'M' 'M' 'U'
 'M' 'U' 'M' 'M' 'M' 'M' 'U' 'M' 'M' 'M' 'M' 'M' 'M' 'U' 'M' 'M' 'M' 'A'
 'M' 'M' 'M' 'U' 'M' 'M' 'U' 'M' 'M' 'M' 'M' 'M' 'M' 'U' 'M' 'M' 'M' 'U']"
11101,0,165,4,161,33,0,0,"['A' 'M' 'M' 'M' 'M' 'M' 'M' 'M' 'M' 'M' 'M' 'M' 'U' 'A' 'M' 'M' 'M' 'U'
 'M' 'U' 'M' 'M' 'M' 'M' 'M' 'M' 'M' 'M' 'M' 'U' 'M' 'U' 'M' 'M' 'M' 'M'
 'M' 'M' 'M' 'M' 'A' 'M' 'M' 'U' 'M' 'M' 'U' 'M' 'U' 'M' 'M' 'M' 'M' 'M'
 'M' 'M' 'M' 'M' 'M' 'M' 'M' 'M' 'M' 'M' 'M' 'M' 'U' 'M' 'M' 'M' 'M' 'M'
 'M' 'M' 'M' 'U' 'U' 'M' 'M' 'M' 'M' 'M' 'U' 'M' 'M' 'M' 'M' 'M' 'U' 'M'
 'M' 'M' 'M' 'M' 'M' 'M' 'M' 'M' 'M' 'M' 'M' 'U' 'U' 'M' 'M' 'U' 'M' 'M'
 'M' 'M' 'U' 'M' 'M' 'M' 'M' 'M' 'M' 'M' 'U' 'M' 'M' 'M' 'M' 'M' 'M' 'M'
 'U' 'M' 'M' 'M' 'M' 'M' 'M' 'M' 'U' 'U' 'M' 'M' 'U' 'M' 'M' 'M' 'U' 'M'
 'M' 'M' 'M' 'M' 'U' 'M' 'M' 'M' 'M' 'M' 'M' 'M' 'M' 'M' 'M' 'M' 'M' 'U'
 'M' 'M' 'M' 'M' 'M' 'M' 'U' 'M' 'M' 'M' 'M' 'U' 'M' 'U' 'M' 'M' 'M' 'A'
 'M' 'U' 'M' 'M' 'U' 'M' 'U' 'M' 'M' 'M' 'M' 'M' 'M' 'U' 'M' 'M' 'M' 'U']"
11201,0,160,3,157,38,0,0,"['A' 'U' 'M' 'M' 'M' 'M' 'M' 'M' 'M' 'M' 'M' 'M' 'U' 'A' 'M' 'U' 'M' 'U'
 'M' 'U' 'M' 'M' 'M' 'M' 'M' 'M' 'M' 'M' 'M' 'U' 'M' 'U' 'M' 'M' 'U' 'M'
 'U' 'M' 'M' 'M' 'A' 'M' 'M' 'U' 'M' 'M' 'U' 'M' 'U' 'M' 'M' 'M' 'M' 'M'
 'M' 'M' 'M' 'M' 'M' 'M' 'U' 'M' 'M' 'M' 'M' 'M' 'M' 'U' 'M' 'M' 'M' 'M'
 'U' 'M' 'M' 'M' 'M' 'U' 'M' 'M' 'M' 'U' 'M' 'M' 'M' 'U' 'M' 'M' 'M' 'M'
 'M' 'M' 'M' 'M' 'M' 'M' 'M' 'M' 'M' 'M' 'M' 'M' 'U' 'M' 'M' 'U' 'M' 'M'
 'M' 'M' 'U' 'M' 'M' 'M' 'M' 'M' 'M' 'M' 'U' 'M' 'M' 'M' 'M' 'M' 'M' 'M'
 'U' 'M' 'M' 'M' 'M' 'M' 'M' 'M' 'U' 'M' 'U' 'M' 'U' 'M' 'M' 'M' 'U' 'M'
 'M' 'M' 'U' 'M' 'U' 'M' 'M' 'M' 'M' 'M' 'M' 'M' 'M' 'M' 'M' 'M' 'M' 'U'
 'M' 'M' 'M' 'M' 'M' 'M' 'U' 'M' 'M' 'M' 'M' 'U' 'M' 'U' 'M' 'M' 'M' 'U'
 'M' 'U' 'M' 'M' 'U' 'U' 'M' 'M' 'M' 'M' 'M' 'M' 'M' 'M' 'M' 'M' 'M' 'U']"
11301,0,165,4,161,33,0,0,"['A' 'U' 'M' 'M' 'M' 'M' 'M' 'M' 'M' 'M' 'M' 'M' 'U' 'A' 'M' 'U' 'M' 'M'
 'M' 'U' 'M' 'M' 'M' 'M' 'M' 'M' 'M' 'M' 'M' 'U' 'M' 'M' 'M' 'M' 'U' 'M'
 'U' 'U' 'M' 'M' 'A' 'M' 'M' 'U' 'M' 'U' 'U' 'M' 'U' 'M' 'M' 'M' 'M' 'M'
 'M' 'M' 'M' 'M' 'M' 'M' 'U' 'M' 'M' 'M' 'M' 'M' 'M' 'M' 'U' 'U' 'U' 'U'
 'M' 'M' 'M' 'M' 'M' 'M' 'M' 'M' 'M' 'M' 'M' 'M' 'M' 'M' 'M' 'M' 'M' 'U'
 'M' 'M' 'M' 'M' 'M' 'M' 'M' 'M' 'M' 'M' 'M' 'M' 'U' 'M' 'M' 'U' 'M' 'M'
 'M' 'M' 'M' 'M' 'U' 'M' 'M' 'M' 'M' 'M' 'U' 'M' 'M' 'M' 'M' 'M' 'M' 'M'
 'U' 'M' 'M' 'M' 'M' 'M' 'M' 'M' 'M' 'M' 'U' 'M' 'M' 'M' 'M' 'M' 'U' 'M'
 'M' 'M' 'U' 'M' 'U' 'M' 'M' 'M' 'U' 'M' 'M' 'M' 'M' 'M' 'M' 'M' 'M' 'U'
 'M' 'M' 'M' 'M' 'M' 'M' 'U' 'M' 'M' 'M' 'M' 'M' 'M' 'A' 'M' 'M' 'M' 'U'
 'M' 'U' 'M' 'M' 'U' 'M' 'M' 'M' 'M' 'M' 'M' 'M' 'M' 'M' 'M' 'M' 'M' 'M']"
11401,0,168,3,165,30,0,0,"['A' 'U' 'M' 'M' 'M' 'M' 'M' 'M' 'M' 'M' 'M' 'M' 'M' 'A' 'M' 'U' 'M' 'M'
 'M' 'U' 'U' 'M' 'M' 'M' 'M' 'M' 'M' 'M' 'M' 'M' 'M' 'M' 'M' 'M' 'U' 'M'
 'U' 'U' 'M' 'M' 'A' 'M' 'M' 'U' 'M' 'U' 'M' 'M' 'U' 'M' 'M' 'M' 'M' 'M'
 'M' 'M' 'M' 'M' 'M' 'M' 'M' 'M' 'M' 'M' 'M' 'M' 'M' 'M' 'M' 'M' 'M' 'U'
 'U' 'M' 'M' 'M' 'M' 'M' 'M' 'M' 'M' 'M' 'M' 'U' 'M' 'M' 'U' 'U' 'M' 'M'
 'M' 'M' 'M' 'M' 'M' 'M' 'M' 'M' 'M' 'M' 'M' 'M' 'U' 'M' 'M' 'M' 'U' 'M'
 'M' 'M' 'M' 'M' 'U' 'M' 'U' 'M' 'M' 'M' 'M' 'M' 'M' 'M' 'M' 'M' 'M' 'M'
 'M' 'M' 'M' 'M' 'M' 'M' 'M' 'M' 'M' 'M' 'U' 'M' 'M' 'M' 'M' 'M' 'U' 'M'
 'M' 'M' 'M' 'M' 'U' 'M' 'U' 'M' 'U' 'M' 'M' 'M' 'M' 'M' 'M' 'M' 'M' 'U'
 'M' 'M' 'M' 'M' 'M' 'M' 'U' 'M' 'M' 'M' 'M' 'M' 'M' 'M' 'M' 'M' 'M' 'U'
 'M' 'U' 'M' 'M' 'U' 'M' 'M' 'M' 'M' 'U' 'M' 'M' 'M' 'M' 'M' 'M' 'M' 'M']"
11501,0,170,3,167,28,0,0,"['A' 'U' 'M' 'M' 'M' 'M' 'M' 'M' 'M' 'M' 'M' 'M' 'M' 'A' 'M' 'M' 'M' 'M'
 'M' 'U' 'U' 'M' 'M' 'M' 'M' 'M' 'M' 'M' 'M' 'M' 'M' 'M' 'M' 'M' 'U' 'M'
 'U' 'U' 'M' 'M' 'A' 'M' 'M' 'U' 'M' 'M' 'M' 'M' 'U' 'M' 'M' 'M' 'M' 'M'
 'M' 'M' 'M' 'M' 'M' 'M' 'M' 'M' 'M' 'M' 'M' 'M' 'M' 'M' 'U' 'M' 'M' 'M'
 'M' 'M' 'M' 'M' 'M' 'U' 'M' 'U' 'M' 'M' 'M' 'M' 'M' 'M' 'M' 'U' 'M' 'M'
 'U' 'M' 'M' 'M' 'M' 'M' 'M' 'M' 'M' 'M' 'M' 'M' 'M' 'M' 'M' 'M' 'U' 'M'
 'M' 'M' 'M' 'M' 'U' 'M' 'U' 'M' 'M' 'M' 'M' 'M' 'M' 'M' 'M' 'M' 'M' 'M'
 'M' 'M' 'M' 'M' 'M' 'U' 'M' 'M' 'M' 'M' 'U' 'U' 'M' 'M' 'M' 'M' 'M' 'M'
 'M' 'M' 'M' 'M' 'U' 'M' 'M' 'M' 'U' 'M' 'M' 'M' 'M' 'M' 'M' 'M' 'M' 'U'
 'M' 'M' 'M' 'M' 'M' 'M' 'M' 'M' 'M' 'M' 'M' 'M' 'M' 'M' 'U' 'M' 'M' 'U'
 'M' 'U' 'M' 'U' 'M' 'M' 'M' 'M' 'M' 'M' 'M' 'M' 'U' 'M' 'M' 'U' 'M' 'M']"
11601,0,172,3,169,26,0,0,"['A' 'U' 'M' 'M' 'M' 'M' 'M' 'M' 'M' 'M' 'M' 'M' 'M' 'A' 'M' 'M' 'M' 'M'
 'M' 'M' 'M' 'M' 'U' 'M' 'M' 'M' 'M' 'M' 'M' 'M' 'M' 'M' 'M' 'M' 'M' 'M'
 'M' 'U' 'M' 'M' 'U' 'M' 'M' 'U' 'U' 'M' 'M' 'M' 'U' 'M' 'M' 'M' 'M' 'M'
 'M' 'M' 'M' 'M' 'U' 'M' 'M' 'M' 'M' 'M' 'M' 'M' 'M' 'U' 'M' 'M' 'U' 'M'
 'M' 'M' 'M' 'M' 'U' 'M' 'M' 'M' 'U' 'M' 'M' 'M' 'M' 'M' 'U' 'M' 'M' 'M'
 'M' 'M' 'M' 'M' 'M' 'M' 'M' 'M' 'M' 'M' 'M' 'M' 'M' 'M' 'M' 'M' 'M' 'M'
 'M' 'M' 'M' 'M' 'M' 'M' 'U' 'M' 'M' 'M' 'M' 'M' 'M' 'M' 'M' 'M' 'M' 'M'
 'M' 'M' 'M' 'M' 'M' 'M' 'U' 'M' 'U' 'M' 'U' 'U' 'U' 'M' 'M' 'U' 'M' 'M'
 'M' 'M' 'M' 'M' 'M' 'M' 'M' 'M' 'U' 'A' 'M' 'M' 'M' 'M' 'M' 'M' 'M' 'U'
 'U' 'M' 'M' 'M' 'M' 'M' 'M' 'M' 'M' 'M' 'M' 'M' 'M' 'M' 'M' 'M' 'M' 'M'
 'M' 'U' 'M' 'U' 'M' 'M' 'M' 'M' 'M' 'M' 'M' 'M' 'M' 'M' 'M' 'U' 'M' 'M']"
11701,0,176,4,172,22,0,0,"['A' 'M' 'M' 'M' 'M' 'M' 'M' 'M' 'M' 'M' 'M' 'M' 'M' 'A' 'M' 'M' 'M' 'M'
 'M' 'M' 'M' 'M' 'U' 'M' 'M' 'M' 'M' 'M' 'M' 'M' 'M' 'M' 'M' 'M' 'M' 'M'
 'M' 'U' 'M' 'M' 'A' 'M' 'M' 'M' 'U' 'M' 'M' 'M' 'U' 'M' 'M' 'M' 'M' 'M'
 'M' 'M' 'M' 'M' 'U' 'M' 'M' 'M' 'M' 'M' 'M' 'M' 'M' 'M' 'M' 'M' 'U' 'M'
 'M' 'U' 'M' 'U' 'M' 'M' 'M' 'M' 'M' 'M' 'M' 'M' 'M' 'M' 'M' 'M' 'M' 'M'
 'M' 'M' 'U' 'M' 'U' 'M' 'M' 'M' 'M' 'M' 'M' 'M' 'M' 'M' 'M' 'M' 'M' 'M'
 'M' 'U' 'M' 'M' 'M' 'M' 'U' 'M' 'M' 'M' 'M' 'M' 'M' 'M' 'M' 'M' 'M' 'M'
 'M' 'M' 'M' 'M' 'M' 'M' 'U' 'M' 'U' 'M' 'U' 'U' 'M' 'M' 'M' 'M' 'M' 'M'
 'M' 'M' 'M' 'M' 'M' 'M' 'M' 'M' 'U' 'A' 'M' 'M' 'M' 'M' 'M' 'M' 'M' 'U'
 'U' 'M' 'M' 'M' 'M' 'M' 'M' 'M' 'M' 'M' 'M' 'M' 'M' 'M' 'M' 'M' 'M' 'M'
 'M' 'U' 'M' 'U' 'U' 'M' 'M' 'M' 'M' 'M' 'M' 'M' 'M' 'M' 'M' 'M' 'M' 'M']"
11801,0,182,2,180,16,0,0,"['A' 'M' 'M' 'M' 'M' 'M' 'M' 'M' 'M' 'M' 'M' 'M' 'M' 'U' 'U' 'M' 'M' 'M'
 'M' 'M' 'M' 'M' 'M' 'M' 'M' 'M' 'M' 'M' 'M' 'M' 'M' 'M' 'M' 'M' 'M' 'M'
 'M' 'M' 'M' 'M' 'A' 'M' 'M' 'M' 'U' 'M' 'M' 'M' 'M' 'M' 'M' 'M' 'M' 'M'
 'M' 'M' 'M' 'M' 'M' 'M' 'M' 'M' 'M' 'M' 'M' 'M' 'M' 'M' 'M' 'M' 'M' 'M'
 'M' 'M' 'M' 'M' 'M' 'M' 'M' 'U' 'M' 'M' 'U' 'M' 'M' 'M' 'U' 'M' 'M' 'U'
 'M' 'M' 'M' 'M' 'U' 'M' 'M' 'M' 'M' 'M' 'M' 'M' 'M' 'M' 'M' 'M' 'M' 'M'
 'M' 'U' 'M' 'M' 'M' 'M' 'U' 'M' 'M' 'M' 'M' 'M' 'M' 'M' 'M' 'M' 'M' 'M'
 'M' 'M' 'M' 'M' 'M' 'M' 'U' 'M' 'U' 'M' 'U' 'U' 'M' 'M' 'M' 'M' 'M' 'M'
 'M' 'M' 'M' 'M' 'M' 'M' 'M' 'M' 'M' 'M' 'M' 'M' 'M' 'M' 'M' 'M' 'M' 'M'
 'U' 'M' 'M' 'M' 'M' 'M' 'M' 'M' 'M' 'M' 'M' 'M' 'M' 'M' 'M' 'M' 'M' 'M'
 'M' 'U' 'M' 'M' 'M' 'M' 'M' 'M' 'M' 'M' 'M' 'M' 'M' 'M' 'M' 'M' 'M' 'M']"
11901,0,174,1,173,24,0,0,"['A' 'M' 'M' 'M' 'U' 'M' 'M' 'U' 'M' 'M' 'M' 'M' 'M' 'U' 'U' 'M' 'M' 'M'
 'M' 'M' 'M' 'U' 'U' 'U' 'M' 'M' 'M' 'M' 'M' 'M' 'M' 'M' 'M' 'M' 'M' 'M'
 'M' 'M' 'M' 'M' 'U' 'M' 'M' 'M' 'U' 'M' 'M' 'U' 'M' 'M' 'M' 'M' 'M' 'M'
 'M' 'U' 'M' 'M' 'M' 'U' 'M' 'M' 'M' 'M' 'M' 'M' 'M' 'M' 'M' 'M' 'M' 'M'
 'M' 'M' 'M' 'U' 'U' 'M' 'M' 'M' 'U' 'M' 'M' 'M' 'M' 'M' 'M' 'M' 'M' 'U'
 'M' 'M' 'M' 'M' 'U' 'M' 'M' 'M' 'M' 'M' 'U' 'M' 'M' 'M' 'U' 'M' 'M' 'M'
 'M' 'M' 'M' 'M' 'M' 'M' 'M' 'M' 'M' 'M' 'M' 'M' 'M' 'M' 'M' 'M' 'M' 'M'
 'M' 'M' 'M' 'M' 'M' 'M' 'M' 'M' 'U' 'M' 'M' 'U' 'M' 'M' 'M' 'M' 'M' 'M'
 'M' 'M' 'M' 'M' 'M' 'M' 'M' 'M' 'M' 'M' 'M' 'M' 'M' 'M' 'M' 'M' 'M' 'M'
 'U' 'M' 'M' 'M' 'M' 'M' 'M' 'M' 'M' 'M' 'M' 'M' 'M' 'M' 'M' 'M' 'M' 'M'
 'M' 'U' 'M' 'M' 'M' 'M' 'M' 'M' 'U' 'M' 'M' 'M' 'M' 'M' 'M' 'M' 'M' 'M']"
12001,0,173,3,170,25,0,0,"['A' 'M' 'M' 'M' 'M' 'M' 'M' 'U' 'M' 'M' 'M' 'M' 'M' 'U' 'A' 'M' 'M' 'M'
 'M' 'M' 'M' 'A' 'U' 'U' 'M' 'M' 'M' 'M' 'M' 'M' 'M' 'M' 'M' 'M' 'M' 'M'
 'M' 'U' 'M' 'M' 'U' 'M' 'M' 'M' 'M' 'M' 'M' 'U' 'M' 'M' 'M' 'M' 'M' 'U'
 'M' 'M' 'M' 'U' 'M' 'U' 'M' 'M' 'M' 'M' 'M' 'M' 'M' 'U' 'U' 'M' 'M' 'M'
 'M' 'U' 'M' 'M' 'M' 'M' 'U' 'M' 'M' 'M' 'M' 'M' 'M' 'M' 'M' 'M' 'M' 'U'
 'M' 'M' 'M' 'M' 'M' 'M' 'M' 'M' 'M' 'M' 'U' 'U' 'M' 'M' 'U' 'M' 'M' 'M'
 'M' 'M' 'M' 'M' 'M' 'M' 'U' 'U' 'M' 'M' 'M' 'M' 'M' 'M' 'M' 'M' 'M' 'M'
 'M' 'M' 'M' 'M' 'M' 'U' 'M' 'M' 'M' 'M' 'M' 'U' 'M' 'M' 'M' 'M' 'M' 'M'
 'M' 'M' 'M' 'M' 'M' 'M' 'M' 'M' 'M' 'M' 'M' 'M' 'M' 'M' 'M' 'M' 'M' 'M'
 'U' 'M' 'M' 'M' 'M' 'M' 'M' 'M' 'M' 'M' 'M' 'M' 'M' 'M' 'U' 'M' 'M' 'M'
 'M' 'U' 'M' 'M' 'M' 'M' 'M' 'M' 'M' 'M' 'M' 'M' 'M' 'M' 'M' 'M' 'M' 'M']"
12101,0,175,3,172,23,0,0,"['A' 'M' 'M' 'M' 'M' 'M' 'M' 'M' 'M' 'M' 'M' 'M' 'M' 'U' 'A' 'M' 'M' 'M'
 'M' 'M' 'M' 'A' 'M' 'U' 'M' 'M' 'M' 'M' 'M' 'M' 'M' 'M' 'M' 'M' 'M' 'M'
 'M' 'U' 'M' 'M' 'U' 'M' 'M' 'M' 'M' 'M' 'M' 'U' 'M' 'U' 'M' 'M' 'M' 'U'
 'M' 'M' 'M' 'U' 'M' 'M' 'M' 'M' 'M' 'M' 'M' 'M' 'M' 'M' 'M' 'U' 'M' 'M'
 'M' 'M' 'U' 'M' 'M' 'M' 'M' 'M' 'M' 'M' 'M' 'M' 'U' 'M' 'U' 'M' 'M' 'M'
 'U' 'M' 'M' 'M' 'M' 'M' 'M' 'M' 'M' 'M' 'M' 'M' 'M' 'M' 'U' 'M' 'M' 'M'
 'M' 'M' 'M' 'M' 'M' 'M' 'M' 'M' 'M' 'M' 'M' 'M' 'M' 'M' 'M' 'M' 'M' 'M'
 'M' 'M' 'M' 'M' 'M' 'U' 'M' 'M' 'M' 'M' 'M' 'U' 'M' 'M' 'U' 'M' 'M' 'M'
 'M' 'M' 'M' 'M' 'U' 'M' 'M' 'M' 'M' 'M' 'M' 'M' 'M' 'M' 'M' 'M' 'M' 'M'
 'M' 'M' 'M' 'M' 'M' 'M' 'M' 'M' 'M' 'M' 'M' 'M' 'M' 'M' 'U' 'M' 'M' 'M'
 'M' 'U' 'U' 'M' 'M' 'U' 'M' 'M' 'M' 'M' 'M' 'M' 'M' 'U' 'M' 'M' 'M' 'M']"
12201,0,173,3,170,25,0,0,"['A' 'U' 'M' 'M' 'U' 'U' 'M' 'M' 'M' 'M' 'M' 'M' 'M' 'U' 'A' 'M' 'M' 'M'
 'M' 'M' 'M' 'U' 'M' 'M' 'M' 'M' 'M' 'M' 'M' 'M' 'M' 'M' 'U' 'M' 'M' 'M'
 'M' 'M' 'M' 'M' 'U' 'M' 'M' 'M' 'M' 'M' 'U' 'U' 'M' 'M' 'M' 'M' 'M' 'M'
 'M' 'M' 'M' 'U' 'M' 'M' 'U' 'M' 'M' 'M' 'M' 'M' 'M' 'M' 'M' 'M' 'M' 'M'
 'M' 'M' 'M' 'M' 'M' 'M' 'M' 'M' 'M' 'U' 'U' 'M' 'M' 'M' 'M' 'M' 'U' 'U'
 'M' 'M' 'M' 'M' 'U' 'M' 'M' 'M' 'M' 'M' 'M' 'M' 'M' 'M' 'U' 'M' 'M' 'M'
 'M' 'M' 'M' 'M' 'M' 'M' 'M' 'M' 'M' 'M' 'M' 'M' 'M' 'U' 'M' 'M' 'M' 'M'
 'M' 'M' 'M' 'M' 'M' 'M' 'M' 'M' 'M' 'U' 'M' 'U' 'M' 'M' 'U' 'M' 'M' 'M'
 'M' 'M' 'M' 'M' 'U' 'M' 'M' 'M' 'M' 'M' 'M' 'M' 'M' 'M' 'M' 'M' 'M' 'M'
 'M' 'M' 'M' 'M' 'M' 'M' 'M' 'M' 'M' 'M' 'M' 'M' 'M' 'M' 'A' 'M' 'M' 'M'
 'M' 'U' 'U' 'M' 'M' 'U' 'M' 'M' 'M' 'M' 'M' 'M' 'M' 'M' 'M' 'M' 'M' 'M']"
12301,0,169,3,166,29,0,0,"['A' 'M' 'M' 'M' 'M' 'A' 'M' 'M' 'M' 'M' 'M' 'M' 'M' 'U' 'A' 'M' 'M' 'M'
 'M' 'M' 'M' 'U' 'M' 'M' 'M' 'M' 'M' 'M' 'M' 'M' 'M' 'M' 'U' 'M' 'M' 'M'
 'M' 'M' 'M' 'M' 'U' 'M' 'M' 'M' 'M' 'U' 'U' 'U' 'M' 'M' 'M' 'M' 'M' 'M'
 'M' 'M' 'M' 'U' 'M' 'U' 'U' 'M' 'M' 'U' 'U' 'U' 'M' 'M' 'M' 'U' 'M' 'M'
 'M' 'M' 'M' 'U' 'U' 'M' 'M' 'M' 'M' 'M' 'M' 'U' 'M' 'M' 'M' 'M' 'M' 'M'
 'M' 'M' 'M' 'M' 'M' 'M' 'M' 'M' 'M' 'M' 'U' 'M' 'M' 'M' 'U' 'M' 'M' 'M'
 'M' 'M' 'M' 'M' 'M' 'M' 'M' 'M' 'M' 'M' 'M' 'M' 'M' 'M' 'M' 'M' 'M' 'M'
 'M' 'M' 'M' 'M' 'M' 'M' 'M' 'M' 'M' 'U' 'M' 'U' 'M' 'M' 'U' 'M' 'M' 'M'
 'M' 'M' 'U' 'M' 'U' 'M' 'M' 'M' 'M' 'M' 'M' 'M' 'M' 'M' 'M' 'M' 'M' 'M'
 'M' 'M' 'M' 'U' 'M' 'M' 'M' 'M' 'M' 'M' 'M' 'M' 'M' 'M' 'U' 'M' 'M' 'M'
 'M' 'M' 'U' 'M' 'M' 'M' 'U' 'M' 'M' 'M' 'M' 'M' 'U' 'M' 'M' 'M' 'M' 'M']"
12401,0,163,3,160,35,0,0,"['A' 'M' 'M' 'M' 'M' 'A' 'M' 'M' 'M' 'M' 'M' 'M' 'M' 'A' 'U' 'M' 'M' 'M'
 'M' 'M' 'M' 'M' 'M' 'M' 'M' 'U' 'M' 'M' 'M' 'M' 'M' 'M' 'U' 'U' 'M' 'M'
 'M' 'M' 'M' 'M' 'M' 'M' 'M' 'M' 'M' 'U' 'U' 'U' 'M' 'M' 'M' 'M' 'M' 'M'
 'M' 'M' 'M' 'U' 'M' 'U' 'M' 'U' 'M' 'U' 'M' 'M' 'M' 'U' 'U' 'M' 'M' 'M'
 'U' 'M' 'M' 'U' 'M' 'M' 'M' 'M' 'M' 'U' 'M' 'M' 'M' 'M' 'M' 'M' 'M' 'M'
 'M' 'M' 'M' 'M' 'M' 'M' 'M' 'M' 'M' 'U' 'U' 'M' 'M' 'M' 'U' 'M' 'M' 'M'
 'M' 'M' 'M' 'M' 'M' 'M' 'U' 'M' 'M' 'M' 'M' 'M' 'M' 'M' 'M' 'M' 'M' 'M'
 'M' 'M' 'U' 'M' 'M' 'M' 'M' 'M' 'U' 'U' 'M' 'U' 'M' 'M' 'U' 'M' 'M' 'M'
 'M' 'M' 'U' 'M' 'U' 'U' 'M' 'M' 'U' 'M' 'M' 'M' 'M' 'M' 'M' 'M' 'M' 'M'
 'M' 'M' 'M' 'U' 'M' 'M' 'M' 'M' 'M' 'M' 'M' 'U' 'M' 'M' 'M' 'M' 'M' 'M'
 'M' 'M' 'U' 'M' 'U' 'M' 'U' 'M' 'M' 'M' 'M' 'M' 'U' 'M' 'M' 'M' 'M' 'M']"
12501,0,170,3,167,28,0,0,"['A' 'M' 'M' 'U' 'M' 'A' 'M' 'M' 'M' 'M' 'M' 'M' 'M' 'A' 'U' 'M' 'M' 'M'
 'M' 'M' 'M' 'M' 'M' 'M' 'M' 'M' 'M' 'M' 'M' 'M' 'M' 'M' 'U' 'U' 'M' 'M'
 'M' 'M' 'M' 'M' 'M' 'M' 'M' 'M' 'M' 'U' 'U' 'U' 'M' 'M' 'M' 'M' 'M' 'M'
 'M' 'M' 'M' 'U' 'M' 'U' 'M' 'M' 'M' 'M' 'M' 'M' 'M' 'M' 'M' 'M' 'M' 'M'
 'M' 'M' 'M' 'M' 'M' 'U' 'M' 'M' 'M' 'M' 'M' 'M' 'M' 'M' 'M' 'U' 'U' 'M'
 'M' 'M' 'U' 'M' 'U' 'M' 'M' 'M' 'M' 'U' 'M' 'M' 'M' 'M' 'M' 'M' 'M' 'M'
 'M' 'M' 'M' 'M' 'M' 'M' 'M' 'M' 'M' 'M' 'M' 'M' 'M' 'M' 'M' 'M' 'M' 'U'
 'M' 'M' 'U' 'M' 'M' 'M' 'M' 'M' 'U' 'U' 'M' 'U' 'M' 'M' 'U' 'M' 'M' 'M'
 'M' 'M' 'M' 'M' 'M' 'U' 'M' 'M' 'U' 'M' 'M' 'M' 'M' 'M' 'M' 'M' 'M' 'M'
 'M' 'M' 'M' 'U' 'M' 'M' 'M' 'M' 'M' 'M' 'M' 'U' 'M' 'M' 'M' 'M' 'M' 'M'
 'M' 'M' 'M' 'M' 'U' 'M' 'U' 'M' 'M' 'M' 'M' 'M' 'U' 'M' 'M' 'M' 'M' 'M']"
12601,0,163,6,157,35,0,0,"['A' 'M' 'M' 'U' 'M' 'U' 'M' 'M' 'M' 'M' 'M' 'M' 'M' 'A' 'M' 'U' 'M' 'M'
 'M' 'M' 'U' 'M' 'M' 'M' 'M' 'M' 'M' 'M' 'U' 'M' 'M' 'M' 'M' 'U' 'M' 'M'
 'M' 'M' 'M' 'U' 'M' 'M' 'M' 'M' 'M' 'U' 'U' 'M' 'M' 'M' 'M' 'M' 'M' 'M'
 'M' 'M' 'M' 'U' 'M' 'U' 'M' 'M' 'M' 'U' 'M' 'U' 'M' 'M' 'M' 'M' 'M' 'M'
 'M' 'U' 'M' 'M' 'M' 'U' 'M' 'U' 'M' 'M' 'M' 'M' 'M' 'M' 'U' 'M' 'M' 'M'
 'M' 'M' 'M' 'M' 'M' 'M' 'M' 'M' 'M' 'A' 'M' 'M' 'M' 'M' 'M' 'M' 'M' 'M'
 'M' 'M' 'M' 'M' 'M' 'M' 'M' 'M' 'M' 'M' 'U' 'M' 'M' 'M' 'U' 'M' 'M' 'U'
 'M' 'M' 'U' 'M' 'M' 'M' 'U' 'U' 'U' 'A' 'M' 'U' 'U' 'M' 'A' 'M' 'M' 'M'
 'M' 'U' 'M' 'M' 'M' 'U' 'M' 'M' 'A' 'M' 'M' 'M' 'M' 'M' 'M' 'M' 'M' 'M'
 'M' 'M' 'M' 'M' 'M' 'M' 'M' 'M' 'M' 'M' 'U' 'U' 'U' 'M' 'M' 'M' 'M' 'M'
 'M' 'M' 'M' 'M' 'U' 'M' 'U' 'M' 'M' 'M' 'M' 'M' 'U' 'M' 'M' 'M' 'U' 'M']"
12701,0,164,5,159,34,0,0,"['A' 'M' 'M' 'U' 'M' 'U' 'M' 'M' 'M' 'M' 'M' 'M' 'M' 'A' 'M' 'U' 'M' 'M'
 'M' 'U' 'U' 'M' 'M' 'M' 'M' 'M' 'M' 'M' 'U' 'M' 'M' 'M' 'M' 'U' 'M' 'M'
 'M' 'M' 'M' 'U' 'U' 'M' 'M' 'M' 'M' 'U' 'U' 'M' 'M' 'M' 'M' 'M' 'M' 'M'
 'M' 'M' 'M' 'U' 'M' 'M' 'M' 'M' 'U' 'U' 'M' 'M' 'M' 'M' 'U' 'M' 'M' 'M'
 'M' 'M' 'M' 'M' 'U' 'M' 'M' 'M' 'M' 'M' 'M' 'U' 'M' 'M' 'M' 'M' 'M' 'M'
 'U' 'M' 'M' 'U' 'M' 'M' 'M' 'M' 'M' 'M' 'M' 'M' 'M' 'M' 'M' 'M' 'M' 'M'
 'U' 'M' 'M' 'M' 'M' 'M' 'M' 'M' 'M' 'M' 'U' 'M' 'M' 'M' 'U' 'M' 'M' 'U'
 'M' 'M' 'M' 'M' 'M' 'M' 'U' 'U' 'M' 'A' 'M' 'M' 'U' 'M' 'A' 'M' 'M' 'M'
 'M' 'M' 'M' 'M' 'M' 'U' 'M' 'M' 'A' 'M' 'M' 'M' 'U' 'M' 'M' 'M' 'M' 'M'
 'M' 'M' 'M' 'M' 'M' 'M' 'U' 'M' 'M' 'M' 'U' 'U' 'M' 'M' 'M' 'M' 'M' 'M'
 'M' 'M' 'M' 'M' 'U' 'M' 'U' 'M' 'M' 'M' 'M' 'M' 'U' 'M' 'M' 'M' 'M' 'M']"
12801,0,167,5,162,31,0,0,"['A' 'M' 'M' 'M' 'M' 'U' 'M' 'M' 'M' 'M' 'M' 'M' 'M' 'A' 'M' 'U' 'M' 'M'
 'M' 'U' 'M' 'U' 'M' 'M' 'M' 'M' 'M' 'M' 'U' 'M' 'M' 'M' 'M' 'U' 'M' 'M'
 'M' 'M' 'M' 'U' 'U' 'M' 'M' 'M' 'M' 'M' 'M' 'M' 'M' 'M' 'M' 'M' 'M' 'M'
 'M' 'M' 'M' 'U' 'M' 'M' 'M' 'M' 'M' 'M' 'M' 'M' 'M' 'M' 'M' 'M' 'U' 'M'
 'U' 'M' 'M' 'M' 'M' 'M' 'U' 'M' 'M' 'U' 'M' 'M' 'M' 'M' 'M' 'M' 'M' 'M'
 'M' 'M' 'M' 'M' 'U' 'M' 'M' 'M' 'M' 'M' 'M' 'M' 'M' 'M' 'M' 'M' 'M' 'M'
 'U' 'M' 'U' 'M' 'M' 'M' 'M' 'M' 'M' 'M' 'M' 'M' 'M' 'M' 'A' 'M' 'M' 'U'
 'M' 'U' 'M' 'M' 'M' 'M' 'M' 'U' 'M' 'A' 'M' 'M' 'U' 'M' 'U' 'M' 'M' 'M'
 'M' 'M' 'M' 'M' 'M' 'M' 'U' 'M' 'A' 'M' 'M' 'M' 'U' 'M' 'M' 'M' 'M' 'M'
 'M' 'M' 'M' 'M' 'M' 'M' 'U' 'M' 'M' 'M' 'M' 'U' 'M' 'M' 'M' 'M' 'M' 'M'
 'M' 'M' 'U' 'U' 'U' 'M' 'U' 'M' 'M' 'M' 'M' 'U' 'U' 'M' 'M' 'M' 'M' 'M']"
12901,0,173,5,168,25,1,0,"['A' 'M' 'M' 'M' 'M' 'U' 'M' 'M' 'M' 'M' 'M' 'U' 'M' 'A' 'M' 'U' 'M' 'M'
 'M' 'M' 'M' 'U' 'U' 'M' 'M' 'M' 'M' 'M' 'U' 'M' 'M' 'M' 'M' 'M' 'M' 'M'
 'M' 'M' 'M' 'U' 'M' 'M' 'M' 'M' 'M' 'M' 'M' 'M' 'M' 'M' 'M' 'M' 'M' 'M'
 'M' 'M' 'M' 'U' 'M' 'M' 'M' 'M' 'M' 'M' 'M' 'M' 'U' 'M' 'M' 'M' 'M' 'M'
 'M' 'M' 'M' 'M' 'M' 'U' 'U' 'M' 'M' 'M' 'M' 'U' 'M' 'M' 'M' 'M' 'U' 'M'
 'M' 'M' 'M' 'M' 'M' 'M' 'M' 'M' 'M' 'M' 'M' 'U' 'M' 'M' 'M' 'M' 'M' 'M'
 'U' 'M' 'U' 'M' 'M' 'M' 'M' 'M' 'M' 'M' 'M' 'U' 'M' 'M' 'A' 'M' 'M' 'U'
 'M' 'U' 'M' 'M' 'M' 'M' 'M' 'M' 'M' 'A' 'M' 'M' 'U' 'M' 'U' 'M' 'M' 'M'
 'M' 'M' 'M' 'M' 'M' 'M' 'M' 'M' 'A' 'M' 'M' 'M' 'U' 'M' 'M' 'M' 'M' 'M'
 'M' 'M' 'M' 'M' 'M' 'M' 'M' 'M' 'M' 'M' 'M' 'M' 'M' 'M' 'M' 'M' 'M' 'M'
 'M' 'M' 'M' 'U' 'U' 'M' 'M' 'M' 'M' 'M' 'M' 'U' 'M' 'M' 'M' 'M' 'M' 'M']"
13001,0,171,5,166,27,0,0,"['A' 'M' 'M' 'M' 'M' 'U' 'M' 'M' 'M' 'M' 'M' 'U' 'M' 'A' 'M' 'U' 'M' 'M'
 'M' 'M' 'M' 'U' 'M' 'M' 'M' 'M' 'M' 'M' 'U' 'M' 'M' 'M' 'M' 'M' 'M' 'M'
 'M' 'M' 'M' 'U' 'M' 'M' 'U' 'M' 'M' 'M' 'M' 'M' 'M' 'M' 'M' 'M' 'M' 'M'
 'M' 'M' 'M' 'U' 'M' 'M' 'M' 'M' 'M' 'M' 'M' 'M' 'M' 'M' 'M' 'M' 'M' 'M'
 'M' 'M' 'M' 'M' 'M' 'M' 'M' 'M' 'M' 'M' 'U' 'M' 'M' 'M' 'U' 'M' 'U' 'M'
 'M' 'M' 'U' 'U' 'M' 'M' 'M' 'M' 'M' 'M' 'M' 'U' 'M' 'M' 'M' 'M' 'M' 'M'
 'U' 'U' 'U' 'M' 'M' 'M' 'M' 'M' 'M' 'M' 'M' 'U' 'M' 'M' 'A' 'M' 'M' 'U'
 'M' 'M' 'M' 'M' 'M' 'M' 'M' 'M' 'M' 'A' 'M' 'M' 'U' 'M' 'U' 'M' 'M' 'M'
 'M' 'M' 'M' 'M' 'M' 'M' 'M' 'M' 'A' 'M' 'M' 'U' 'U' 'M' 'M' 'M' 'M' 'M'
 'M' 'M' 'M' 'M' 'M' 'M' 'M' 'U' 'M' 'M' 'M' 'M' 'M' 'M' 'M' 'M' 'M' 'M'
 'M' 'M' 'M' 'U' 'M' 'M' 'M' 'M' 'M' 'M' 'M' 'U' 'M' 'U' 'M' 'M' 'M' 'M']"
13101,0,165,4,161,33,0,0,"['A' 'M' 'M' 'M' 'M' 'U' 'M' 'M' 'U' 'M' 'M' 'U' 'M' 'U' 'M' 'M' 'M' 'M'
 'M' 'M' 'M' 'M' 'M' 'M' 'M' 'M' 'U' 'M' 'U' 'M' 'M' 'M' 'M' 'U' 'M' 'M'
 'M' 'M' 'M' 'U' 'M' 'M' 'U' 'M' 'M' 'M' 'M' 'M' 'M' 'M' 'M' 'M' 'M' 'U'
 'M' 'M' 'M' 'U' 'M' 'M' 'M' 'M' 'M' 'M' 'M' 'M' 'U' 'M' 'M' 'M' 'M' 'M'
 'M' 'M' 'M' 'M' 'U' 'M' 'U' 'M' 'M' 'M' 'M' 'M' 'M' 'U' 'M' 'M' 'M' 'M'
 'M' 'M' 'U' 'M' 'M' 'M' 'M' 'M' 'M' 'M' 'U' 'M' 'M' 'M' 'M' 'M' 'M' 'M'
 'M' 'U' 'U' 'M' 'M' 'M' 'M' 'M' 'M' 'M' 'M' 'U' 'M' 'M' 'U' 'M' 'M' 'U'
 'M' 'M' 'M' 'M' 'M' 'M' 'M' 'M' 'M' 'A' 'M' 'U' 'U' 'M' 'A' 'U' 'M' 'M'
 'M' 'M' 'M' 'M' 'U' 'M' 'M' 'M' 'A' 'M' 'M' 'U' 'U' 'M' 'M' 'M' 'U' 'M'
 'M' 'M' 'M' 'M' 'M' 'M' 'M' 'U' 'M' 'M' 'M' 'M' 'M' 'M' 'M' 'M' 'M' 'M'
 'M' 'M' 'M' 'U' 'M' 'M' 'M' 'M' 'M' 'M' 'M' 'U' 'M' 'U' 'M' 'M' 'M' 'M']"
13201,0,161,3,158,37,1,0,"['A' 'M' 'M' 'M' 'M' 'U' 'M' 'M' 'U' 'M' 'M' 'M' 'M' 'U' 'U' 'M' 'U' 'M'
 'U' 'M' 'M' 'M' 'M' 'M' 'M' 'M' 'M' 'U' 'U' 'M' 'M' 'U' 'M' 'U' 'M' 'M'
 'U' 'M' 'M' 'U' 'M' 'M' 'M' 'M' 'M' 'M' 'M' 'M' 'M' 'M' 'M' 'M' 'M' 'U'
 'M' 'M' 'M' 'U' 'M' 'M' 'M' 'M' 'M' 'U' 'M' 'M' 'M' 'M' 'M' 'M' 'M' 'M'
 'U' 'U' 'M' 'M' 'U' 'U' 'M' 'M' 'M' 'M' 'M' 'M' 'M' 'M' 'M' 'U' 'M' 'M'
 'M' 'M' 'M' 'M' 'M' 'M' 'M' 'M' 'M' 'M' 'U' 'M' 'M' 'M' 'M' 'M' 'M' 'M'
 'M' 'U' 'U' 'M' 'M' 'M' 'M' 'M' 'M' 'M' 'M' 'A' 'M' 'M' 'M' 'M' 'M' 'U'
 'M' 'M' 'M' 'M' 'U' 'M' 'M' 'M' 'M' 'M' 'M' 'U' 'U' 'M' 'A' 'U' 'M' 'M'
 'M' 'M' 'M' 'M' 'M' 'M' 'U' 'M' 'U' 'M' 'M' 'U' 'M' 'M' 'M' 'M' 'U' 'U'
 'M' 'M' 'M' 'M' 'M' 'U' 'M' 'U' 'M' 'M' 'M' 'M' 'M' 'M' 'M' 'M' 'M' 'M'
 'M' 'M' 'M' 'M' 'M' 'M' 'M' 'M' 'M' 'M' 'M' 'U' 'M' 'U' 'M' 'M' 'M' 'M']"
13301,0,163,4,159,35,0,0,"['A' 'M' 'M' 'M' 'M' 'U' 'M' 'M' 'A' 'U' 'M' 'M' 'M' 'U' 'M' 'M' 'M' 'M'
 'M' 'M' 'M' 'M' 'M' 'M' 'M' 'M' 'M' 'U' 'U' 'M' 'M' 'U' 'M' 'M' 'M' 'M'
 'U' 'M' 'M' 'U' 'M' 'M' 'M' 'M' 'M' 'M' 'M' 'M' 'M' 'M' 'M' 'U' 'M' 'M'
 'M' 'M' 'M' 'U' 'M' 'M' 'M' 'M' 'M' 'U' 'M' 'M' 'M' 'M' 'M' 'M' 'M' 'M'
 'M' 'U' 'U' 'M' 'M' 'M' 'U' 'M' 'M' 'M' 'M' 'M' 'M' 'M' 'M' 'U' 'M' 'M'
 'U' 'M' 'M' 'M' 'M' 'M' 'M' 'M' 'M' 'M' 'M' 'M' 'M' 'M' 'M' 'M' 'M' 'M'
 'U' 'U' 'M' 'M' 'M' 'M' 'U' 'M' 'M' 'M' 'M' 'A' 'M' 'U' 'M' 'M' 'M' 'U'
 'M' 'M' 'M' 'M' 'A' 'M' 'M' 'M' 'M' 'M' 'M' 'U' 'U' 'M' 'U' 'U' 'M' 'M'
 'U' 'M' 'M' 'M' 'M' 'M' 'U' 'M' 'U' 'M' 'M' 'U' 'M' 'M' 'M' 'M' 'U' 'U'
 'M' 'M' 'M' 'M' 'M' 'U' 'M' 'U' 'M' 'M' 'M' 'M' 'M' 'M' 'M' 'M' 'M' 'M'
 'M' 'M' 'M' 'M' 'M' 'M' 'M' 'M' 'M' 'M' 'M' 'U' 'M' 'M' 'M' 'M' 'U' 'M']"
13401,0,158,4,154,40,0,0,"['A' 'M' 'M' 'M' 'M' 'U' 'M' 'M' 'A' 'U' 'M' 'M' 'M' 'U' 'M' 'M' 'M' 'M'
 'U' 'M' 'M' 'M' 'M' 'M' 'M' 'M' 'M' 'U' 'U' 'M' 'M' 'U' 'M' 'M' 'M' 'M'
 'U' 'M' 'M' 'U' 'M' 'M' 'M' 'M' 'M' 'U' 'M' 'M' 'M' 'M' 'M' 'M' 'M' 'M'
 'M' 'U' 'M' 'U' 'M' 'M' 'M' 'M' 'M' 'U' 'M' 'M' 'M' 'M' 'M' 'M' 'M' 'U'
 'M' 'M' 'M' 'M' 'M' 'U' 'M' 'U' 'M' 'M' 'M' 'M' 'M' 'U' 'M' 'M' 'M' 'M'
 'M' 'M' 'M' 'M' 'U' 'M' 'M' 'M' 'M' 'M' 'M' 'M' 'M' 'M' 'M' 'U' 'M' 'M'
 'M' 'U' 'M' 'M' 'M' 'M' 'M' 'M' 'M' 'M' 'M' 'A' 'M' 'U' 'M' 'M' 'M' 'U'
 'M' 'M' 'M' 'M' 'A' 'M' 'M' 'M' 'M' 'M' 'M' 'U' 'U' 'M' 'U' 'U' 'M' 'M'
 'U' 'M' 'M' 'M' 'M' 'M' 'U' 'M' 'U' 'M' 'M' 'M' 'U' 'M' 'M' 'M' 'U' 'U'
 'U' 'M' 'U' 'M' 'M' 'U' 'M' 'U' 'U' 'M' 'M' 'M' 'M' 'M' 'M' 'M' 'M' 'M'
 'M' 'M' 'M' 'M' 'M' 'M' 'M' 'M' 'M' 'M' 'M' 'U' 'M' 'M' 'M' 'M' 'U' 'U']"
13501,0,156,6,150,42,0,0,"['A' 'U' 'M' 'M' 'M' 'U' 'M' 'M' 'A' 'U' 'M' 'M' 'M' 'A' 'M' 'M' 'M' 'M'
 'U' 'M' 'M' 'M' 'U' 'M' 'M' 'M' 'M' 'U' 'U' 'M' 'M' 'U' 'M' 'M' 'M' 'M'
 'M' 'M' 'M' 'U' 'M' 'M' 'M' 'M' 'M' 'U' 'M' 'U' 'M' 'M' 'M' 'M' 'M' 'M'
 'M' 'U' 'M' 'M' 'U' 'M' 'M' 'M' 'M' 'M' 'U' 'M' 'M' 'M' 'M' 'M' 'M' 'U'
 'M' 'M' 'U' 'U' 'M' 'M' 'M' 'M' 'M' 'M' 'M' 'M' 'M' 'M' 'M' 'M' 'M' 'M'
 'U' 'M' 'M' 'M' 'U' 'M' 'M' 'M' 'M' 'M' 'M' 'M' 'M' 'M' 'M' 'U' 'M' 'M'
 'M' 'U' 'M' 'M' 'M' 'M' 'M' 'M' 'M' 'M' 'M' 'A' 'U' 'M' 'U' 'M' 'M' 'U'
 'M' 'M' 'M' 'M' 'A' 'M' 'M' 'U' 'M' 'M' 'M' 'M' 'U' 'M' 'U' 'U' 'M' 'M'
 'U' 'U' 'M' 'M' 'M' 'M' 'A' 'M' 'U' 'M' 'M' 'M' 'U' 'M' 'U' 'M' 'U' 'U'
 'U' 'M' 'U' 'M' 'M' 'U' 'M' 'U' 'U' 'M' 'M' 'M' 'M' 'M' 'M' 'M' 'M' 'M'
 'M' 'M' 'M' 'M' 'M' 'M' 'M' 'M' 'M' 'M' 'M' 'U' 'M' 'M' 'M' 'M' 'U' 'M']"
13601,0,164,7,157,34,0,0,"['A' 'U' 'M' 'M' 'M' 'M' 'M' 'M' 'A' 'U' 'M' 'M' 'M' 'A' 'M' 'M' 'U' 'M'
 'U' 'M' 'M' 'M' 'M' 'M' 'M' 'M' 'M' 'U' 'M' 'M' 'M' 'U' 'M' 'M' 'M' 'M'
 'M' 'M' 'M' 'M' 'M' 'M' 'M' 'M' 'M' 'M' 'M' 'U' 'M' 'M' 'M' 'M' 'U' 'M'
 'M' 'M' 'M' 'M' 'M' 'M' 'M' 'M' 'M' 'M' 'M' 'M' 'U' 'M' 'M' 'M' 'M' 'M'
 'M' 'U' 'M' 'M' 'M' 'M' 'M' 'U' 'M' 'M' 'M' 'M' 'M' 'M' 'U' 'M' 'M' 'U'
 'M' 'M' 'M' 'M' 'M' 'M' 'M' 'M' 'M' 'M' 'M' 'M' 'M' 'M' 'M' 'M' 'M' 'M'
 'M' 'U' 'M' 'M' 'M' 'M' 'M' 'M' 'M' 'M' 'M' 'A' 'A' 'M' 'U' 'M' 'M' 'U'
 'M' 'U' 'M' 'M' 'A' 'M' 'M' 'U' 'M' 'M' 'M' 'M' 'U' 'M' 'U' 'U' 'M' 'M'
 'U' 'U' 'M' 'M' 'M' 'M' 'A' 'M' 'M' 'M' 'M' 'M' 'U' 'M' 'U' 'M' 'M' 'M'
 'U' 'M' 'U' 'M' 'M' 'U' 'M' 'U' 'U' 'M' 'M' 'M' 'M' 'M' 'M' 'M' 'M' 'M'
 'M' 'U' 'M' 'M' 'U' 'M' 'M' 'M' 'M' 'M' 'M' 'U' 'M' 'M' 'M' 'M' 'U' 'M']"
13701,0,160,6,154,38,0,0,"['A' 'U' 'U' 'M' 'M' 'M' 'M' 'M' 'A' 'U' 'M' 'M' 'M' 'U' 'M' 'M' 'U' 'M'
 'M' 'M' 'M' 'M' 'M' 'M' 'M' 'M' 'U' 'M' 'M' 'M' 'M' 'U' 'M' 'M' 'M' 'M'
 'M' 'M' 'M' 'M' 'M' 'M' 'M' 'M' 'M' 'M' 'M' 'U' 'M' 'M' 'M' 'M' 'U' 'M'
 'M' 'M' 'M' 'M' 'M' 'M' 'M' 'M' 'M' 'M' 'M' 'U' 'M' 'M' 'M' 'M' 'U' 'M'
 'M' 'M' 'U' 'M' 'M' 'M' 'M' 'M' 'M' 'M' 'M' 'M' 'M' 'M' 'M' 'M' 'M' 'M'
 'U' 'M' 'U' 'M' 'M' 'M' 'M' 'M' 'M' 'M' 'M' 'M' 'M' 'M' 'M' 'M' 'M' 'M'
 'M' 'M' 'M' 'M' 'M' 'M' 'M' 'M' 'M' 'M' 'M' 'A' 'A' 'M' 'M' 'M' 'M' 'U'
 'M' 'U' 'M' 'M' 'A' 'U' 'U' 'U' 'U' 'U' 'U' 'U' 'U' 'M' 'U' 'M' 'U' 'M'
 'M' 'U' 'M' 'M' 'M' 'M' 'A' 'M' 'M' 'M' 'M' 'M' 'M' 'M' 'U' 'U' 'M' 'M'
 'U' 'M' 'M' 'M' 'M' 'U' 'M' 'U' 'U' 'M' 'M' 'M' 'M' 'M' 'M' 'M' 'M' 'M'
 'M' 'U' 'M' 'M' 'U' 'M' 'M' 'M' 'M' 'U' 'M' 'U' 'M' 'M' 'M' 'M' 'U' 'M']"
13801,0,166,6,160,32,0,0,"['A' 'U' 'U' 'M' 'M' 'M' 'M' 'M' 'A' 'U' 'M' 'M' 'M' 'U' 'M' 'M' 'U' 'M'
 'M' 'M' 'M' 'M' 'M' 'M' 'M' 'M' 'U' 'M' 'M' 'M' 'M' 'M' 'U' 'M' 'M' 'M'
 'M' 'M' 'M' 'M' 'M' 'M' 'M' 'M' 'U' 'M' 'M' 'U' 'M' 'M' 'M' 'M' 'U' 'M'
 'M' 'M' 'M' 'M' 'M' 'M' 'M' 'M' 'M' 'M' 'M' 'M' 'M' 'M' 'M' 'U' 'U' 'U'
 'U' 'M' 'M' 'M' 'M' 'M' 'M' 'M' 'M' 'M' 'M' 'M' 'M' 'U' 'M' 'M' 'M' 'M'
 'M' 'M' 'M' 'M' 'M' 'M' 'M' 'M' 'M' 'M' 'M' 'M' 'M' 'M' 'M' 'M' 'M' 'M'
 'M' 'M' 'M' 'M' 'M' 'M' 'M' 'M' 'M' 'M' 'M' 'U' 'A' 'M' 'M' 'M' 'M' 'M'
 'M' 'M' 'M' 'M' 'A' 'M' 'U' 'U' 'U' 'U' 'U' 'U' 'U' 'M' 'A' 'M' 'U' 'M'
 'M' 'U' 'M' 'M' 'M' 'M' 'A' 'M' 'M' 'M' 'M' 'M' 'M' 'M' 'M' 'U' 'M' 'M'
 'U' 'M' 'M' 'M' 'M' 'M' 'M' 'U' 'M' 'M' 'M' 'M' 'M' 'M' 'M' 'M' 'M' 'M'
 'M' 'M' 'M' 'M' 'U' 'M' 'M' 'M' 'M' 'M' 'M' 'U' 'M' 'M' 'M' 'M' 'U' 'U']"
13901,0,167,6,161,31,0,0,"['A' 'U' 'M' 'M' 'M' 'M' 'M' 'M' 'A' 'U' 'M' 'M' 'M' 'U' 'M' 'M' 'U' 'M'
 'M' 'M' 'M' 'M' 'M' 'M' 'M' 'M' 'A' 'M' 'M' 'M' 'M' 'M' 'U' 'M' 'M' 'M'
 'M' 'M' 'U' 'M' 'M' 'M' 'M' 'M' 'U' 'M' 'M' 'U' 'M' 'M' 'M' 'M' 'U' 'M'
 'M' 'M' 'M' 'M' 'M' 'U' 'M' 'M' 'M' 'M' 'M' 'M' 'M' 'M' 'M' 'M' 'M' 'M'
 'M' 'M' 'M' 'M' 'M' 'U' 'M' 'U' 'M' 'M' 'M' 'M' 'M' 'M' 'U' 'M' 'M' 'M'
 'M' 'U' 'M' 'U' 'M' 'M' 'M' 'M' 'M' 'M' 'M' 'M' 'M' 'U' 'M' 'M' 'M' 'M'
 'M' 'M' 'M' 'U' 'M' 'M' 'M' 'M' 'M' 'U' 'M' 'M' 'A' 'M' 'M' 'M' 'M' 'M'
 'M' 'M' 'M' 'M' 'A' 'M' 'U' 'U' 'U' 'U' 'U' 'U' 'U' 'M' 'A' 'M' 'M' 'M'
 'M' 'M' 'M' 'M' 'M' 'M' 'M' 'M' 'M' 'M' 'M' 'M' 'M' 'M' 'M' 'U' 'M' 'M'
 'U' 'M' 'M' 'M' 'M' 'M' 'M' 'U' 'M' 'M' 'M' 'M' 'M' 'M' 'M' 'M' 'M' 'M'
 'M' 'M' 'M' 'M' 'M' 'M' 'M' 'M' 'U' 'M' 'M' 'M' 'M' 'M' 'M' 'M' 'U' 'U']"
14001,0,164,6,158,34,0,0,"['A' 'U' 'M' 'M' 'M' 'M' 'M' 'M' 'A' 'U' 'M' 'M' 'M' 'M' 'M' 'M' 'U' 'M'
 'M' 'M' 'M' 'M' 'U' 'M' 'M' 'M' 'A' 'M' 'M' 'M' 'M' 'M' 'U' 'M' 'M' 'M'
 'M' 'M' 'U' 'M' 'M' 'M' 'M' 'M' 'M' 'M' 'M' 'A' 'M' 'M' 'M' 'M' 'U' 'M'
 'M' 'M' 'M' 'M' 'M' 'U' 'M' 'U' 'M' 'M' 'M' 'M' 'M' 'U' 'U' 'M' 'M' 'U'
 'M' 'M' 'M' 'M' 'M' 'M' 'M' 'M' 'M' 'M' 'M' 'M' 'M' 'M' 'M' 'U' 'M' 'M'
 'M' 'U' 'M' 'M' 'M' 'M' 'M' 'M' 'M' 'M' 'M' 'M' 'M' 'U' 'M' 'M' 'M' 'M'
 'M' 'M' 'M' 'U' 'M' 'M' 'M' 'M' 'M' 'U' 'U' 'M' 'U' 'M' 'M' 'M' 'M' 'M'
 'M' 'M' 'M' 'U' 'U' 'M' 'U' 'U' 'U' 'M' 'U' 'U' 'U' 'M' 'A' 'M' 'M' 'M'
 'M' 'M' 'M' 'M' 'M' 'M' 'M' 'M' 'M' 'M' 'M' 'M' 'M' 'M' 'M' 'U' 'M' 'M'
 'U' 'U' 'M' 'M' 'M' 'M' 'M' 'M' 'M' 'M' 'M' 'A' 'U' 'M' 'M' 'M' 'M' 'U'
 'M' 'M' 'M' 'M' 'M' 'M' 'M' 'M' 'M' 'M' 'M' 'M' 'M' 'M' 'U' 'M' 'M' 'U']"
14101,1,160,5,155,38,0,0,"['A' 'M' 'M' 'M' 'M' 'M' 'M' 'M' 'A' 'U' 'U' 'M' 'M' 'M' 'M' 'M' 'U' 'M'
 'M' 'M' 'M' 'M' 'U' 'M' 'M' 'M' 'A' 'M' 'U' 'M' 'M' 'M' 'M' 'M' 'M' 'M'
 'M' 'M' 'M' 'M' 'M' 'M' 'M' 'M' 'M' 'M' 'M' 'A' 'M' 'M' 'M' 'U' 'U' 'M'
 'M' 'M' 'M' 'M' 'U' 'M' 'M' 'U' 'M' 'M' 'M' 'M' 'M' 'M' 'M' 'M' 'M' 'M'
 'M' 'M' 'M' 'M' 'U' 'M' 'M' 'U' 'M' 'M' 'M' 'M' 'M' 'M' 'M' 'M' 'M' 'U'
 'U' 'M' 'M' 'U' 'M' 'M' 'M' 'M' 'M' 'M' 'M' 'M' 'M' 'U' 'M' 'M' 'M' 'M'
 'M' 'M' 'M' 'M' 'U' 'M' 'M' 'M' 'M' 'U' 'M' 'M' 'U' 'M' 'U' 'M' 'M' 'M'
 'M' 'M' 'M' 'U' 'U' 'M' 'U' 'U' 'U' 'U' 'U' 'U' 'U' 'M' 'U' 'M' 'M' 'M'
 'M' 'M' 'M' 'M' 'M' 'M' 'M' 'M' 'M' 'M' 'M' 'M' 'M' 'M' 'M' 'U' 'M' 'M'
 'U' 'U' 'M' 'M' 'M' 'M' 'M' 'M' 'M' 'M' 'M' 'A' 'U' 'M' 'M' 'M' 'M' 'U'
 'M' 'M' 'M' 'M' 'M' 'M' 'M' 'M' 'M' 'M' 'U' 'M' 'U' 'M' 'U' 'M' 'M' 'U']"
14201,0,158,5,153,40,0,0,"['A' 'M' 'U' 'M' 'M' 'M' 'M' 'M' 'U' 'U' 'U' 'M' 'M' 'M' 'M' 'M' 'U' 'M'
 'M' 'M' 'M' 'M' 'U' 'M' 'M' 'M' 'A' 'M' 'M' 'M' 'M' 'M' 'M' 'M' 'M' 'M'
 'M' 'M' 'M' 'M' 'M' 'M' 'M' 'M' 'M' 'A' 'M' 'A' 'M' 'M' 'M' 'U' 'U' 'M'
 'M' 'U' 'M' 'M' 'U' 'M' 'M' 'M' 'U' 'M' 'M' 'M' 'M' 'M' 'M' 'M' 'M' 'M'
 'U' 'U' 'M' 'M' 'M' 'M' 'M' 'M' 'M' 'M' 'M' 'U' 'M' 'M' 'M' 'M' 'U' 'U'
 'M' 'M' 'M' 'M' 'M' 'M' 'U' 'M' 'M' 'M' 'M' 'M' 'M' 'U' 'M' 'M' 'M' 'M'
 'M' 'M' 'M' 'M' 'U' 'M' 'M' 'M' 'M' 'U' 'M' 'M' 'U' 'M' 'U' 'M' 'M' 'M'
 'M' 'M' 'M' 'M' 'U' 'M' 'U' 'U' 'U' 'U' 'U' 'U' 'U' 'M' 'U' 'M' 'M' 'M'
 'M' 'M' 'M' 'M' 'M' 'M' 'M' 'M' 'M' 'M' 'M' 'M' 'M' 'M' 'M' 'M' 'M' 'M'
 'U' 'M' 'M' 'M' 'M' 'M' 'U' 'M' 'M' 'M' 'M' 'A' 'U' 'M' 'M' 'M' 'M' 'U'
 'U' 'M' 'M' 'M' 'M' 'M' 'M' 'M' 'M' 'M' 'U' 'M' 'U' 'M' 'M' 'M' 'U' 'U']"
14301,0,167,7,160,31,0,1,"['A' 'M' 'M' 'M' 'M' 'M' 'M' 'A' 'U' 'U' 'M' 'M' 'M' 'M' 'M' 'M' 'U' 'M'
 'M' 'M' 'M' 'M' 'U' 'M' 'M' 'M' 'A' 'M' 'M' 'M' 'M' 'M' 'M' 'M' 'M' 'M'
 'M' 'M' 'M' 'M' 'M' 'M' 'M' 'M' 'M' 'A' 'M' 'A' 'M' 'M' 'M' 'U' 'M' 'M'
 'M' 'M' 'M' 'M' 'U' 'M' 'M' 'M' 'M' 'M' 'M' 'M' 'M' 'M' 'M' 'M' 'M' 'U'
 'M' 'M' 'M' 'M' 'M' 'U' 'M' 'U' 'M' 'M' 'M' 'U' 'M' 'M' 'M' 'M' 'M' 'M'
 'U' 'M' 'M' 'M' 'M' 'M' 'A' 'M' 'M' 'M' 'M' 'M' 'M' 'U' 'M' 'M' 'M' 'M'
 'M' 'M' 'U' 'U' 'U' 'M' 'M' 'M' 'M' 'U' 'M' 'M' 'U' 'M' 'U' 'M' 'M' 'M'
 'M' 'M' 'M' 'M' 'U' 'M' 'U' 'M' 'M' 'M' 'U' 'U' 'M' 'M' 'U' 'M' 'M' 'M'
 'M' 'M' 'M' 'M' 'M' 'M' 'M' 'M' 'M' 'M' 'M' 'M' 'U' 'M' 'M' 'M' 'M' 'M'
 'M' 'M' 'M' 'M' 'M' 'M' 'M' 'M' 'M' 'M' 'M' 'A' 'U' 'M' 'M' 'M' 'M' 'U'
 'M' 'M' 'M' 'M' 'M' 'M' 'U' 'M' 'M' 'M' 'U' 'M' 'U' 'M' 'M' 'M' 'U' 'U']"
14401,0,161,5,156,37,0,1,"['A' 'M' 'M' 'M' 'M' 'M' 'M' 'A' 'U' 'U' 'M' 'M' 'M' 'M' 'M' 'M' 'U' 'M'
 'M' 'M' 'M' 'M' 'M' 'M' 'M' 'M' 'M' 'M' 'M' 'M' 'M' 'M' 'M' 'M' 'M' 'M'
 'M' 'M' 'M' 'M' 'M' 'M' 'M' 'M' 'M' 'U' 'M' 'A' 'M' 'M' 'M' 'U' 'M' 'M'
 'M' 'M' 'M' 'M' 'M' 'M' 'M' 'M' 'M' 'M' 'M' 'U' 'M' 'M' 'M' 'M' 'M' 'M'
 'M' 'M' 'U' 'M' 'U' 'M' 'M' 'M' 'M' 'M' 'M' 'M' 'M' 'M' 'M' 'U' 'M' 'M'
 'M' 'M' 'U' 'M' 'M' 'M' 'A' 'M' 'M' 'M' 'M' 'M' 'M' 'U' 'M' 'M' 'M' 'M'
 'M' 'M' 'U' 'U' 'U' 'M' 'M' 'M' 'M' 'U' 'M' 'M' 'U' 'M' 'U' 'M' 'M' 'M'
 'M' 'M' 'M' 'U' 'U' 'U' 'U' 'U' 'U' 'U' 'U' 'U' 'U' 'M' 'M' 'M' 'M' 'U'
 'M' 'M' 'M' 'M' 'M' 'M' 'M' 'U' 'M' 'M' 'M' 'M' 'U' 'M' 'M' 'M' 'M' 'M'
 'M' 'M' 'M' 'M' 'M' 'M' 'U' 'M' 'M' 'M' 'M' 'U' 'U' 'M' 'M' 'M' 'M' 'M'
 'M' 'M' 'M' 'M' 'M' 'M' 'A' 'M' 'M' 'M' 'U' 'M' 'U' 'M' 'M' 'M' 'U' 'U']"
14501,0,164,5,159,34,0,0,"['A' 'M' 'M' 'M' 'M' 'M' 'M' 'A' 'U' 'M' 'M' 'M' 'M' 'M' 'M' 'M' 'U' 'M'
 'M' 'M' 'M' 'M' 'M' 'M' 'M' 'M' 'M' 'M' 'M' 'M' 'M' 'M' 'M' 'M' 'U' 'M'
 'M' 'M' 'M' 'M' 'M' 'M' 'M' 'M' 'M' 'U' 'M' 'A' 'M' 'U' 'M' 'A' 'M' 'M'
 'M' 'M' 'M' 'M' 'M' 'M' 'M' 'M' 'M' 'M' 'M' 'M' 'M' 'M' 'M' 'M' 'M' 'M'
 'M' 'M' 'U' 'M' 'M' 'M' 'M' 'U' 'M' 'U' 'M' 'M' 'M' 'M' 'U' 'M' 'M' 'M'
 'M' 'M' 'M' 'M' 'U' 'M' 'U' 'M' 'M' 'M' 'M' 'M' 'M' 'M' 'M' 'M' 'M' 'M'
 'M' 'M' 'U' 'M' 'U' 'M' 'M' 'M' 'M' 'U' 'M' 'M' 'U' 'M' 'M' 'M' 'M' 'U'
 'M' 'M' 'M' 'U' 'M' 'U' 'U' 'U' 'U' 'U' 'U' 'U' 'M' 'M' 'M' 'M' 'M' 'U'
 'M' 'M' 'M' 'M' 'M' 'M' 'M' 'M' 'M' 'M' 'M' 'M' 'U' 'M' 'M' 'M' 'M' 'M'
 'M' 'M' 'M' 'M' 'M' 'M' 'U' 'M' 'M' 'M' 'M' 'U' 'U' 'M' 'U' 'M' 'M' 'U'
 'M' 'M' 'M' 'M' 'M' 'M' 'A' 'M' 'M' 'M' 'U' 'M' 'M' 'M' 'M' 'M' 'U' 'U']"
14601,0,159,6,153,39,1,0,"['A' 'M' 'M' 'M' 'M' 'M' 'M' 'A' 'U' 'M' 'M' 'M' 'M' 'M' 'M' 'M' 'A' 'M'
 'M' 'M' 'M' 'M' 'M' 'M' 'M' 'M' 'M' 'U' 'M' 'M' 'M' 'U' 'M' 'M' 'U' 'M'
 'M' 'M' 'M' 'M' 'M' 'M' 'M' 'M' 'M' 'U' 'M' 'A' 'M' 'U' 'M' 'A' 'M' 'M'
 'M' 'M' 'M' 'M' 'M' 'M' 'M' 'M' 'M' 'M' 'M' 'U' 'M' 'U' 'M' 'M' 'M' 'U'
 'M' 'M' 'M' 'M' 'M' 'M' 'M' 'M' 'U' 'M' 'U' 'M' 'M' 'M' 'M' 'M' 'M' 'M'
 'M' 'M' 'M' 'M' 'M' 'M' 'U' 'M' 'M' 'M' 'U' 'M' 'M' 'M' 'M' 'U' 'M' 'M'
 'M' 'M' 'M' 'M' 'U' 'M' 'M' 'M' 'M' 'U' 'M' 'M' 'U' 'M' 'M' 'M' 'M' 'U'
 'M' 'M' 'M' 'U' 'M' 'U' 'U' 'U' 'U' 'U' 'U' 'U' 'U' 'U' 'M' 'M' 'M' 'U'
 'M' 'M' 'M' 'M' 'M' 'M' 'M' 'M' 'M' 'M' 'M' 'M' 'U' 'M' 'M' 'M' 'U' 'M'
 'M' 'M' 'M' 'M' 'M' 'M' 'U' 'M' 'U' 'M' 'M' 'U' 'M' 'M' 'U' 'M' 'M' 'U'
 'M' 'M' 'M' 'M' 'M' 'M' 'A' 'M' 'M' 'M' 'U' 'M' 'M' 'M' 'M' 'M' 'U' 'U']"
14701,0,161,7,154,37,0,0,"['A' 'M' 'M' 'M' 'M' 'M' 'M' 'A' 'U' 'M' 'M' 'M' 'M' 'M' 'M' 'M' 'A' 'M'
 'M' 'M' 'M' 'M' 'M' 'M' 'M' 'M' 'M' 'M' 'M' 'M' 'M' 'M' 'M' 'M' 'M' 'M'
 'M' 'M' 'M' 'M' 'M' 'M' 'M' 'M' 'M' 'U' 'M' 'A' 'U' 'A' 'M' 'A' 'M' 'M'
 'M' 'M' 'M' 'U' 'M' 'M' 'M' 'M' 'M' 'M' 'M' 'U' 'M' 'M' 'M' 'M' 'M' 'M'
 'U' 'M' 'U' 'M' 'M' 'M' 'M' 'M' 'M' 'M' 'M' 'U' 'M' 'M' 'U' 'M' 'M' 'M'
 'M' 'M' 'M' 'M' 'M' 'M' 'U' 'M' 'M' 'M' 'M' 'M' 'U' 'M' 'M' 'M' 'M' 'M'
 'M' 'M' 'M' 'M' 'U' 'M' 'U' 'M' 'M' 'U' 'M' 'U' 'U' 'M' 'M' 'M' 'M' 'M'
 'M' 'M' 'M' 'U' 'M' 'M' 'U' 'U' 'U' 'U' 'U' 'U' 'U' 'M' 'M' 'M' 'M' 'U'
 'M' 'M' 'M' 'M' 'M' 'M' 'M' 'M' 'M' 'M' 'M' 'M' 'U' 'M' 'M' 'M' 'U' 'M'
 'U' 'M' 'M' 'M' 'M' 'M' 'U' 'M' 'U' 'M' 'M' 'U' 'M' 'M' 'U' 'U' 'M' 'U'
 'M' 'M' 'M' 'M' 'M' 'M' 'A' 'M' 'M' 'M' 'U' 'M' 'M' 'M' 'M' 'M' 'U' 'U']"
14801,0,160,6,154,38,0,0,"['A' 'M' 'M' 'M' 'U' 'M' 'M' 'A' 'U' 'M' 'M' 'M' 'M' 'M' 'M' 'M' 'U' 'M'
 'M' 'U' 'M' 'M' 'M' 'M' 'M' 'M' 'M' 'M' 'M' 'M' 'M' 'M' 'M' 'M' 'M' 'M'
 'M' 'M' 'M' 'M' 'M' 'M' 'M' 'M' 'M' 'U' 'U' 'A' 'U' 'A' 'M' 'A' 'M' 'M'
 'M' 'M' 'M' 'U' 'M' 'M' 'M' 'M' 'M' 'M' 'M' 'M' 'M' 'M' 'M' 'M' 'M' 'M'
 'M' 'M' 'M' 'M' 'M' 'M' 'M' 'M' 'M' 'M' 'M' 'M' 'U' 'U' 'M' 'M' 'M' 'U'
 'U' 'M' 'U' 'M' 'M' 'M' 'U' 'M' 'M' 'M' 'M' 'M' 'U' 'M' 'M' 'M' 'U' 'U'
 'M' 'M' 'M' 'M' 'U' 'M' 'U' 'M' 'M' 'M' 'M' 'M' 'M' 'M' 'M' 'M' 'M' 'M'
 'U' 'M' 'M' 'M' 'M' 'M' 'U' 'U' 'U' 'U' 'U' 'U' 'U' 'M' 'M' 'M' 'M' 'U'
 'M' 'M' 'M' 'M' 'M' 'M' 'M' 'M' 'M' 'M' 'M' 'M' 'M' 'M' 'M' 'M' 'M' 'M'
 'M' 'M' 'M' 'M' 'M' 'M' 'U' 'M' 'U' 'M' 'M' 'U' 'M' 'M' 'U' 'U' 'M' 'U'
 'M' 'M' 'M' 'M' 'M' 'U' 'A' 'M' 'M' 'M' 'U' 'M' 'M' 'M' 'M' 'M' 'U' 'U']"
14901,0,156,6,150,42,0,0,"['A' 'M' 'M' 'M' 'U' 'M' 'M' 'A' 'U' 'M' 'M' 'M' 'M' 'M' 'M' 'M' 'M' 'U'
 'M' 'M' 'M' 'M' 'M' 'M' 'M' 'M' 'M' 'M' 'M' 'M' 'M' 'M' 'M' 'M' 'M' 'M'
 'M' 'M' 'M' 'M' 'M' 'M' 'M' 'M' 'M' 'A' 'U' 'A' 'M' 'A' 'M' 'A' 'M' 'M'
 'M' 'M' 'M' 'U' 'M' 'U' 'M' 'M' 'M' 'M' 'M' 'M' 'U' 'M' 'M' 'M' 'M' 'U'
 'M' 'M' 'M' 'M' 'M' 'M' 'M' 'U' 'U' 'M' 'M' 'M' 'M' 'M' 'M' 'M' 'U' 'M'
 'M' 'M' 'M' 'M' 'M' 'M' 'U' 'M' 'M' 'M' 'M' 'M' 'U' 'M' 'M' 'M' 'U' 'U'
 'M' 'M' 'M' 'M' 'M' 'U' 'U' 'M' 'M' 'M' 'M' 'M' 'M' 'M' 'M' 'M' 'U' 'M'
 'U' 'M' 'M' 'M' 'M' 'U' 'M' 'U' 'U' 'U' 'U' 'U' 'U' 'M' 'M' 'M' 'M' 'U'
 'M' 'M' 'M' 'M' 'M' 'M' 'M' 'M' 'M' 'M' 'M' 'M' 'M' 'M' 'M' 'M' 'M' 'M'
 'M' 'M' 'M' 'M' 'M' 'M' 'U' 'M' 'M' 'M' 'M' 'U' 'M' 'M' 'U' 'U' 'U' 'U'
 'U' 'U' 'M' 'M' 'M' 'U' 'U' 'M' 'M' 'M' 'U' 'U' 'U' 'M' 'M' 'M' 'U' 'U']"
15001,0,161,5,156,37,0,0,"['A' 'M' 'M' 'M' 'U' 'M' 'M' 'A' 'M' 'M' 'M' 'M' 'M' 'M' 'M' 'M' 'M' 'U'
 'M' 'M' 'M' 'M' 'M' 'M' 'M' 'M' 'M' 'M' 'M' 'M' 'M' 'M' 'M' 'M' 'M' 'M'
 'M' 'M' 'M' 'M' 'M' 'M' 'M' 'M' 'M' 'A' 'M' 'U' 'M' 'A' 'M' 'A' 'M' 'M'
 'M' 'M' 'M' 'U' 'M' 'U' 'M' 'M' 'M' 'M' 'M' 'M' 'M' 'M' 'M' 'M' 'M' 'U'
 'M' 'M' 'M' 'M' 'M' 'U' 'M' 'M' 'M' 'M' 'M' 'M' 'M' 'M' 'M' 'U' 'U' 'M'
 'U' 'M' 'M' 'M' 'M' 'M' 'U' 'M' 'M' 'M' 'M' 'U' 'U' 'M' 'M' 'M' 'M' 'U'
 'M' 'M' 'M' 'M' 'M' 'U' 'U' 'M' 'M' 'M' 'M' 'M' 'M' 'M' 'M' 'M' 'U' 'M'
 'U' 'M' 'M' 'M' 'M' 'M' 'M' 'M' 'U' 'M' 'U' 'U' 'U' 'M' 'M' 'M' 'M' 'U'
 'M' 'M' 'M' 'M' 'M' 'M' 'M' 'M' 'U' 'M' 'M' 'M' 'M' 'M' 'M' 'M' 'M' 'M'
 'M' 'M' 'M' 'M' 'M' 'M' 'U' 'M' 'U' 'M' 'M' 'U' 'M' 'M' 'U' 'M' 'U' 'U'
 'U' 'U' 'M' 'M' 'M' 'U' 'U' 'M' 'M' 'M' 'U' 'M' 'M' 'M' 'M' 'M' 'U' 'U']"
15101,0,166,6,160,32,0,0,"['A' 'M' 'U' 'M' 'U' 'M' 'M' 'A' 'M' 'M' 'M' 'A' 'M' 'M' 'M' 'U' 'M' 'U'
 'M' 'M' 'M' 'M' 'M' 'M' 'M' 'M' 'M' 'M' 'M' 'M' 'M' 'U' 'M' 'M' 'M' 'M'
 'M' 'M' 'M' 'M' 'M' 'M' 'M' 'M' 'M' 'A' 'M' 'U' 'M' 'A' 'M' 'A' 'M' 'M'
 'M' 'M' 'M' 'U' 'M' 'U' 'M' 'M' 'M' 'M' 'M' 'U' 'M' 'M' 'M' 'M' 'M' 'M'
 'U' 'M' 'M' 'M' 'U' 'M' 'M' 'M' 'M' 'U' 'M' 'M' 'M' 'M' 'M' 'M' 'M' 'U'
 'M' 'M' 'M' 'M' 'M' 'M' 'U' 'M' 'M' 'M' 'M' 'U' 'U' 'M' 'M' 'M' 'M' 'M'
 'M' 'M' 'M' 'M' 'M' 'U' 'U' 'M' 'M' 'M' 'M' 'M' 'M' 'M' 'M' 'M' 'U' 'M'
 'U' 'M' 'M' 'M' 'M' 'M' 'M' 'M' 'M' 'M' 'U' 'U' 'U' 'M' 'M' 'M' 'M' 'U'
 'M' 'M' 'M' 'M' 'M' 'M' 'M' 'M' 'M' 'M' 'M' 'M' 'M' 'M' 'M' 'M' 'M' 'M'
 'M' 'M' 'M' 'M' 'M' 'M' 'M' 'M' 'U' 'M' 'M' 'M' 'M' 'M' 'U' 'M' 'U' 'U'
 'U' 'U' 'M' 'M' 'M' 'M' 'U' 'M' 'M' 'M' 'M' 'M' 'M' 'M' 'M' 'M' 'M' 'U']"
15201,0,158,3,155,40,0,0,"['A' 'M' 'U' 'M' 'U' 'M' 'M' 'U' 'M' 'M' 'M' 'U' 'M' 'M' 'M' 'M' 'M' 'U'
 'U' 'M' 'M' 'M' 'M' 'M' 'M' 'M' 'M' 'M' 'M' 'M' 'M' 'U' 'M' 'M' 'M' 'M'
 'M' 'M' 'M' 'M' 'U' 'M' 'M' 'M' 'M' 'U' 'M' 'U' 'M' 'A' 'M' 'A' 'M' 'U'
 'M' 'M' 'M' 'U' 'M' 'M' 'M' 'M' 'M' 'M' 'M' 'M' 'M' 'M' 'U' 'M' 'U' 'M'
 'M' 'U' 'M' 'M' 'M' 'M' 'M' 'M' 'M' 'M' 'M' 'M' 'M' 'M' 'U' 'M' 'M' 'M'
 'U' 'M' 'M' 'M' 'M' 'M' 'U' 'M' 'M' 'U' 'M' 'U' 'M' 'M' 'M' 'M' 'M' 'M'
 'M' 'M' 'M' 'U' 'M' 'U' 'M' 'M' 'M' 'M' 'M' 'M' 'M' 'M' 'U' 'M' 'U' 'M'
 'U' 'M' 'M' 'M' 'M' 'M' 'M' 'M' 'M' 'M' 'M' 'U' 'U' 'M' 'U' 'M' 'M' 'M'
 'M' 'M' 'M' 'M' 'M' 'U' 'M' 'M' 'M' 'M' 'M' 'M' 'M' 'M' 'U' 'M' 'U' 'M'
 'M' 'M' 'M' 'M' 'M' 'U' 'M' 'M' 'U' 'M' 'M' 'M' 'M' 'M' 'U' 'M' 'M' 'U'
 'M' 'U' 'M' 'M' 'M' 'M' 'U' 'M' 'U' 'M' 'M' 'M' 'M' 'U' 'M' 'M' 'M' 'U']"
15301,0,165,2,163,33,0,0,"['A' 'M' 'M' 'M' 'U' 'M' 'M' 'U' 'M' 'M' 'M' 'U' 'M' 'M' 'M' 'M' 'M' 'U'
 'U' 'M' 'M' 'M' 'M' 'U' 'M' 'M' 'M' 'M' 'M' 'M' 'M' 'U' 'M' 'M' 'M' 'M'
 'M' 'M' 'M' 'M' 'M' 'M' 'M' 'M' 'M' 'U' 'M' 'M' 'M' 'U' 'M' 'A' 'M' 'M'
 'M' 'M' 'M' 'M' 'M' 'M' 'M' 'M' 'M' 'M' 'M' 'M' 'M' 'U' 'M' 'M' 'M' 'M'
 'M' 'M' 'M' 'U' 'M' 'M' 'M' 'M' 'U' 'M' 'M' 'M' 'M' 'M' 'U' 'M' 'M' 'M'
 'M' 'M' 'U' 'M' 'M' 'M' 'U' 'M' 'M' 'M' 'M' 'M' 'M' 'M' 'U' 'M' 'M' 'U'
 'M' 'M' 'M' 'U' 'M' 'U' 'M' 'M' 'M' 'M' 'M' 'M' 'M' 'M' 'M' 'M' 'U' 'M'
 'U' 'M' 'M' 'M' 'M' 'M' 'M' 'M' 'M' 'M' 'M' 'U' 'M' 'M' 'U' 'M' 'M' 'M'
 'M' 'M' 'M' 'M' 'M' 'U' 'M' 'M' 'U' 'M' 'M' 'M' 'M' 'M' 'U' 'M' 'M' 'M'
 'M' 'M' 'M' 'M' 'M' 'U' 'M' 'M' 'M' 'M' 'M' 'M' 'M' 'M' 'U' 'M' 'M' 'M'
 'M' 'U' 'M' 'M' 'M' 'M' 'U' 'M' 'U' 'M' 'M' 'M' 'M' 'U' 'M' 'M' 'M' 'U']"
15401,0,171,5,166,27,0,1,"['A' 'M' 'M' 'M' 'U' 'M' 'M' 'U' 'M' 'U' 'M' 'U' 'M' 'U' 'M' 'M' 'M' 'U'
 'A' 'M' 'M' 'M' 'M' 'U' 'U' 'M' 'M' 'M' 'M' 'M' 'M' 'M' 'M' 'M' 'M' 'M'
 'U' 'M' 'M' 'M' 'M' 'M' 'M' 'M' 'M' 'M' 'M' 'M' 'M' 'U' 'M' 'A' 'M' 'M'
 'M' 'M' 'M' 'M' 'M' 'M' 'M' 'M' 'M' 'M' 'M' 'M' 'M' 'U' 'M' 'M' 'M' 'M'
 'U' 'M' 'M' 'M' 'M' 'M' 'M' 'M' 'U' 'U' 'M' 'M' 'M' 'M' 'M' 'M' 'U' 'M'
 'M' 'M' 'M' 'M' 'M' 'M' 'A' 'M' 'M' 'M' 'M' 'M' 'M' 'M' 'U' 'M' 'M' 'M'
 'M' 'M' 'M' 'U' 'M' 'U' 'M' 'M' 'M' 'M' 'M' 'M' 'M' 'M' 'M' 'M' 'M' 'M'
 'M' 'M' 'M' 'M' 'M' 'M' 'M' 'M' 'M' 'M' 'M' 'U' 'M' 'M' 'M' 'U' 'M' 'M'
 'M' 'U' 'M' 'M' 'M' 'U' 'M' 'M' 'M' 'M' 'M' 'M' 'M' 'M' 'M' 'M' 'M' 'M'
 'M' 'M' 'M' 'M' 'M' 'U' 'M' 'M' 'M' 'M' 'M' 'M' 'M' 'M' 'U' 'M' 'M' 'M'
 'M' 'M' 'M' 'M' 'M' 'M' 'A' 'M' 'U' 'M' 'M' 'M' 'M' 'U' 'M' 'M' 'M' 'U']"
15501,0,173,5,168,25,0,0,"['A' 'M' 'M' 'M' 'A' 'M' 'M' 'U' 'M' 'U' 'M' 'U' 'M' 'U' 'M' 'M' 'M' 'M'
 'A' 'M' 'M' 'M' 'M' 'U' 'M' 'M' 'M' 'M' 'M' 'M' 'M' 'M' 'M' 'M' 'M' 'M'
 'U' 'M' 'M' 'M' 'M' 'M' 'M' 'M' 'M' 'M' 'M' 'M' 'M' 'M' 'M' 'A' 'U' 'M'
 'M' 'M' 'M' 'M' 'M' 'M' 'M' 'M' 'M' 'M' 'M' 'U' 'U' 'M' 'M' 'M' 'M' 'M'
 'M' 'M' 'M' 'M' 'M' 'M' 'M' 'U' 'M' 'M' 'M' 'M' 'M' 'M' 'U' 'M' 'M' 'M'
 'M' 'M' 'U' 'M' 'M' 'M' 'M' 'M' 'M' 'M' 'M' 'M' 'M' 'M' 'U' 'M' 'M' 'M'
 'M' 'M' 'M' 'U' 'M' 'U' 'M' 'M' 'M' 'M' 'M' 'M' 'M' 'M' 'M' 'M' 'M' 'M'
 'M' 'M' 'M' 'M' 'M' 'M' 'M' 'M' 'M' 'U' 'M' 'U' 'M' 'M' 'M' 'U' 'M' 'M'
 'M' 'M' 'M' 'M' 'M' 'U' 'M' 'M' 'U' 'M' 'M' 'M' 'M' 'M' 'M' 'M' 'M' 'M'
 'M' 'M' 'M' 'M' 'M' 'U' 'M' 'U' 'M' 'M' 'M' 'M' 'M' 'M' 'U' 'M' 'M' 'M'
 'M' 'M' 'M' 'M' 'M' 'M' 'A' 'M' 'M' 'M' 'M' 'M' 'M' 'U' 'M' 'M' 'M' 'U']"
15601,0,168,5,163,30,0,0,"['A' 'M' 'M' 'M' 'A' 'M' 'M' 'M' 'M' 'U' 'M' 'U' 'M' 'U' 'M' 'M' 'M' 'M'
 'A' 'M' 'M' 'M' 'M' 'U' 'M' 'M' 'M' 'M' 'M' 'M' 'M' 'U' 'M' 'M' 'M' 'M'
 'M' 'M' 'M' 'M' 'M' 'M' 'M' 'M' 'M' 'M' 'M' 'M' 'M' 'M' 'M' 'A' 'U' 'M'
 'M' 'M' 'M' 'M' 'M' 'M' 'M' 'M' 'M' 'M' 'M' 'M' 'M' 'M' 'M' 'M' 'M' 'U'
 'M' 'M' 'M' 'M' 'M' 'M' 'U' 'M' 'U' 'M' 'M' 'M' 'M' 'M' 'U' 'M' 'U' 'M'
 'M' 'M' 'M' 'M' 'M' 'U' 'M' 'M' 'M' 'M' 'U' 'M' 'M' 'M' 'U' 'M' 'M' 'M'
 'M' 'M' 'M' 'U' 'M' 'U' 'M' 'M' 'U' 'M' 'M' 'M' 'U' 'M' 'M' 'M' 'M' 'M'
 'M' 'M' 'M' 'M' 'M' 'M' 'M' 'M' 'M' 'A' 'M' 'U' 'M' 'M' 'M' 'U' 'M' 'M'
 'M' 'M' 'M' 'M' 'M' 'M' 'M' 'M' 'U' 'M' 'M' 'U' 'M' 'M' 'M' 'U' 'M' 'M'
 'U' 'M' 'M' 'M' 'M' 'M' 'M' 'U' 'M' 'M' 'M' 'M' 'M' 'M' 'U' 'M' 'M' 'M'
 'M' 'M' 'M' 'M' 'M' 'M' 'U' 'U' 'M' 'M' 'M' 'M' 'M' 'U' 'M' 'M' 'M' 'U']"
15701,0,171,3,168,27,0,0,"['A' 'M' 'M' 'M' 'A' 'M' 'M' 'M' 'M' 'U' 'M' 'M' 'M' 'U' 'M' 'M' 'M' 'M'
 'U' 'M' 'M' 'M' 'M' 'M' 'M' 'U' 'M' 'M' 'M' 'M' 'M' 'U' 'M' 'M' 'M' 'M'
 'M' 'M' 'M' 'M' 'M' 'M' 'M' 'M' 'M' 'M' 'M' 'M' 'M' 'M' 'M' 'U' 'U' 'M'
 'M' 'M' 'M' 'M' 'U' 'M' 'M' 'M' 'M' 'M' 'M' 'M' 'M' 'M' 'M' 'M' 'M' 'M'
 'M' 'M' 'M' 'M' 'M' 'U' 'M' 'U' 'U' 'U' 'M' 'M' 'M' 'M' 'M' 'M' 'M' 'M'
 'M' 'M' 'M' 'M' 'U' 'M' 'M' 'M' 'M' 'M' 'U' 'M' 'M' 'M' 'U' 'M' 'M' 'M'
 'M' 'M' 'M' 'U' 'M' 'M' 'M' 'M' 'U' 'M' 'M' 'M' 'M' 'M' 'M' 'M' 'M' 'M'
 'M' 'M' 'M' 'U' 'U' 'M' 'M' 'M' 'M' 'A' 'M' 'M' 'M' 'M' 'M' 'M' 'M' 'M'
 'M' 'M' 'M' 'M' 'M' 'M' 'U' 'M' 'M' 'M' 'M' 'U' 'M' 'M' 'M' 'U' 'M' 'M'
 'U' 'M' 'M' 'M' 'M' 'M' 'M' 'U' 'M' 'M' 'M' 'M' 'M' 'M' 'M' 'M' 'M' 'M'
 'M' 'M' 'M' 'M' 'M' 'M' 'U' 'U' 'M' 'M' 'M' 'M' 'M' 'U' 'M' 'M' 'M' 'M']"
15801,0,161,2,159,37,0,0,"['A' 'M' 'M' 'M' 'U' 'M' 'M' 'U' 'U' 'U' 'M' 'M' 'M' 'M' 'M' 'M' 'M' 'M'
 'U' 'M' 'M' 'M' 'M' 'M' 'M' 'U' 'M' 'M' 'M' 'M' 'M' 'U' 'M' 'M' 'M' 'M'
 'M' 'M' 'M' 'M' 'M' 'M' 'U' 'M' 'M' 'M' 'M' 'M' 'M' 'M' 'M' 'U' 'U' 'M'
 'M' 'M' 'M' 'M' 'U' 'U' 'M' 'M' 'M' 'M' 'M' 'M' 'M' 'M' 'M' 'U' 'U' 'M'
 'M' 'U' 'M' 'M' 'M' 'M' 'M' 'M' 'M' 'M' 'M' 'M' 'M' 'M' 'M' 'U' 'M' 'M'
 'M' 'M' 'M' 'U' 'M' 'M' 'M' 'M' 'M' 'M' 'U' 'M' 'M' 'M' 'U' 'M' 'M' 'M'
 'M' 'M' 'M' 'U' 'M' 'M' 'M' 'M' 'M' 'M' 'M' 'M' 'M' 'M' 'M' 'M' 'M' 'M'
 'M' 'M' 'M' 'U' 'U' 'M' 'U' 'M' 'U' 'A' 'M' 'M' 'M' 'M' 'M' 'U' 'M' 'M'
 'M' 'M' 'M' 'M' 'M' 'M' 'U' 'M' 'M' 'M' 'M' 'U' 'M' 'M' 'M' 'U' 'M' 'M'
 'U' 'M' 'M' 'U' 'M' 'M' 'M' 'U' 'M' 'M' 'U' 'U' 'M' 'M' 'M' 'M' 'M' 'M'
 'M' 'M' 'U' 'M' 'M' 'M' 'M' 'U' 'M' 'U' 'M' 'M' 'M' 'U' 'M' 'M' 'M' 'M']"
15901,0,156,1,155,42,0,0,"['A' 'M' 'M' 'M' 'U' 'M' 'M' 'U' 'M' 'U' 'U' 'M' 'M' 'M' 'M' 'M' 'M' 'M'
 'U' 'M' 'M' 'M' 'U' 'M' 'U' 'U' 'M' 'M' 'M' 'M' 'M' 'U' 'M' 'M' 'M' 'M'
 'M' 'M' 'M' 'M' 'M' 'M' 'U' 'M' 'M' 'M' 'M' 'M' 'M' 'M' 'M' 'U' 'U' 'M'
 'M' 'U' 'M' 'M' 'M' 'U' 'M' 'M' 'M' 'M' 'M' 'M' 'M' 'M' 'M' 'U' 'M' 'M'
 'U' 'M' 'M' 'M' 'U' 'M' 'M' 'M' 'U' 'U' 'M' 'M' 'M' 'M' 'M' 'M' 'M' 'M'
 'M' 'M' 'M' 'M' 'M' 'M' 'M' 'M' 'M' 'M' 'U' 'M' 'M' 'M' 'U' 'M' 'M' 'M'
 'M' 'M' 'M' 'U' 'M' 'M' 'M' 'M' 'M' 'M' 'M' 'M' 'M' 'M' 'M' 'U' 'M' 'M'
 'U' 'M' 'M' 'U' 'U' 'M' 'U' 'M' 'U' 'U' 'M' 'M' 'M' 'M' 'M' 'U' 'M' 'M'
 'U' 'M' 'M' 'M' 'M' 'M' 'U' 'M' 'M' 'M' 'M' 'U' 'M' 'M' 'M' 'U' 'M' 'M'
 'U' 'M' 'M' 'U' 'M' 'M' 'M' 'U' 'M' 'M' 'M' 'U' 'M' 'M' 'M' 'M' 'M' 'M'
 'M' 'M' 'U' 'M' 'M' 'M' 'M' 'U' 'M' 'U' 'M' 'M' 'M' 'U' 'M' 'M' 'M' 'M']"
16001,0,160,2,158,38,0,0,"['A' 'M' 'M' 'M' 'U' 'M' 'M' 'M' 'M' 'M' 'U' 'M' 'M' 'M' 'M' 'M' 'M' 'M'
 'U' 'M' 'M' 'M' 'U' 'M' 'U' 'U' 'M' 'M' 'M' 'M' 'M' 'U' 'M' 'M' 'M' 'M'
 'M' 'M' 'M' 'M' 'M' 'M' 'U' 'M' 'M' 'M' 'M' 'M' 'M' 'M' 'M' 'M' 'M' 'M'
 'M' 'U' 'M' 'M' 'M' 'M' 'M' 'M' 'M' 'M' 'M' 'M' 'M' 'M' 'M' 'M' 'M' 'M'
 'U' 'M' 'U' 'M' 'M' 'M' 'M' 'M' 'M' 'M' 'M' 'M' 'M' 'M' 'U' 'M' 'M' 'M'
 'U' 'M' 'U' 'M' 'M' 'M' 'M' 'M' 'M' 'M' 'U' 'M' 'M' 'M' 'U' 'M' 'M' 'M'
 'M' 'M' 'M' 'U' 'M' 'M' 'M' 'M' 'M' 'M' 'M' 'M' 'M' 'M' 'M' 'U' 'M' 'M'
 'M' 'M' 'M' 'U' 'U' 'M' 'U' 'U' 'U' 'U' 'U' 'U' 'U' 'M' 'M' 'U' 'M' 'U'
 'A' 'M' 'M' 'M' 'M' 'M' 'U' 'M' 'M' 'M' 'M' 'M' 'U' 'M' 'M' 'U' 'M' 'M'
 'U' 'M' 'M' 'U' 'M' 'M' 'M' 'U' 'M' 'M' 'M' 'M' 'M' 'M' 'M' 'M' 'M' 'M'
 'M' 'M' 'M' 'M' 'M' 'M' 'M' 'U' 'M' 'U' 'M' 'M' 'M' 'U' 'M' 'M' 'M' 'M']"
16101,0,162,4,158,36,1,0,"['A' 'M' 'M' 'M' 'U' 'U' 'M' 'M' 'M' 'M' 'U' 'M' 'M' 'M' 'M' 'M' 'M' 'M'
 'U' 'M' 'M' 'U' 'U' 'M' 'M' 'U' 'M' 'M' 'M' 'M' 'M' 'U' 'M' 'M' 'M' 'M'
 'M' 'M' 'M' 'M' 'M' 'M' 'U' 'M' 'M' 'M' 'M' 'M' 'M' 'M' 'M' 'M' 'M' 'M'
 'M' 'U' 'M' 'M' 'U' 'M' 'M' 'M' 'U' 'M' 'M' 'M' 'M' 'M' 'M' 'M' 'U' 'U'
 'U' 'M' 'M' 'M' 'M' 'M' 'M' 'M' 'M' 'M' 'M' 'M' 'M' 'M' 'U' 'M' 'M' 'M'
 'M' 'M' 'M' 'U' 'M' 'M' 'M' 'U' 'M' 'M' 'A' 'M' 'M' 'M' 'U' 'U' 'M' 'M'
 'M' 'M' 'M' 'M' 'M' 'M' 'M' 'M' 'M' 'M' 'M' 'M' 'M' 'M' 'M' 'A' 'M' 'M'
 'M' 'M' 'M' 'U' 'U' 'M' 'U' 'M' 'U' 'U' 'U' 'U' 'U' 'M' 'M' 'U' 'M' 'M'
 'A' 'M' 'M' 'M' 'M' 'M' 'U' 'M' 'M' 'M' 'M' 'M' 'U' 'M' 'M' 'U' 'U' 'M'
 'M' 'M' 'M' 'U' 'M' 'M' 'M' 'M' 'M' 'M' 'M' 'M' 'M' 'M' 'M' 'M' 'M' 'M'
 'M' 'M' 'M' 'M' 'M' 'M' 'M' 'U' 'M' 'U' 'M' 'M' 'M' 'M' 'M' 'M' 'M' 'M']"
16201,0,166,3,163,32,0,0,"['A' 'M' 'M' 'M' 'U' 'M' 'M' 'M' 'M' 'M' 'U' 'M' 'M' 'M' 'M' 'M' 'U' 'M'
 'U' 'M' 'M' 'U' 'U' 'M' 'M' 'M' 'M' 'M' 'M' 'M' 'M' 'U' 'M' 'M' 'M' 'M'
 'M' 'M' 'M' 'M' 'M' 'M' 'M' 'M' 'M' 'M' 'M' 'M' 'M' 'M' 'M' 'M' 'M' 'M'
 'M' 'U' 'M' 'M' 'U' 'M' 'M' 'M' 'U' 'M' 'M' 'U' 'U' 'M' 'M' 'M' 'M' 'M'
 'M' 'M' 'M' 'M' 'M' 'M' 'M' 'M' 'U' 'U' 'M' 'M' 'M' 'M' 'M' 'M' 'M' 'M'
 'U' 'M' 'M' 'M' 'M' 'M' 'M' 'U' 'M' 'M' 'U' 'M' 'M' 'M' 'U' 'U' 'M' 'U'
 'M' 'M' 'M' 'M' 'M' 'M' 'M' 'M' 'M' 'M' 'M' 'M' 'M' 'M' 'M' 'A' 'M' 'M'
 'M' 'M' 'M' 'U' 'M' 'M' 'M' 'M' 'U' 'U' 'U' 'M' 'M' 'M' 'M' 'U' 'M' 'M'
 'A' 'M' 'M' 'M' 'M' 'M' 'U' 'M' 'M' 'M' 'M' 'M' 'U' 'M' 'M' 'M' 'U' 'M'
 'M' 'M' 'U' 'U' 'M' 'M' 'M' 'M' 'M' 'M' 'M' 'M' 'M' 'M' 'M' 'M' 'M' 'M'
 'M' 'M' 'M' 'M' 'M' 'M' 'M' 'U' 'M' 'M' 'M' 'M' 'U' 'M' 'M' 'M' 'M' 'M']"
16301,0,171,4,167,27,0,0,"['A' 'M' 'M' 'M' 'U' 'M' 'M' 'M' 'M' 'M' 'M' 'U' 'M' 'M' 'M' 'M' 'M' 'M'
 'M' 'M' 'M' 'M' 'U' 'M' 'M' 'M' 'M' 'M' 'M' 'M' 'U' 'U' 'M' 'M' 'M' 'M'
 'M' 'M' 'M' 'M' 'M' 'M' 'M' 'M' 'M' 'M' 'M' 'M' 'U' 'M' 'M' 'M' 'M' 'M'
 'M' 'U' 'M' 'M' 'U' 'M' 'U' 'M' 'U' 'M' 'M' 'M' 'M' 'U' 'M' 'M' 'M' 'M'
 'M' 'M' 'M' 'M' 'M' 'M' 'M' 'M' 'M' 'U' 'U' 'M' 'M' 'M' 'M' 'M' 'M' 'M'
 'M' 'U' 'M' 'M' 'U' 'M' 'M' 'M' 'M' 'M' 'U' 'M' 'M' 'M' 'U' 'U' 'M' 'M'
 'M' 'M' 'M' 'M' 'M' 'M' 'M' 'M' 'M' 'M' 'M' 'M' 'M' 'M' 'M' 'A' 'U' 'M'
 'M' 'M' 'M' 'M' 'M' 'M' 'M' 'M' 'A' 'M' 'U' 'M' 'M' 'M' 'M' 'U' 'M' 'M'
 'A' 'M' 'M' 'U' 'M' 'M' 'M' 'U' 'M' 'M' 'M' 'M' 'U' 'M' 'M' 'M' 'M' 'M'
 'M' 'M' 'U' 'M' 'M' 'M' 'M' 'M' 'M' 'M' 'M' 'M' 'M' 'M' 'M' 'M' 'M' 'M'
 'M' 'M' 'M' 'U' 'M' 'M' 'M' 'U' 'M' 'M' 'M' 'M' 'M' 'M' 'M' 'M' 'M' 'M']"
16401,0,172,2,170,26,0,0,"['A' 'M' 'M' 'M' 'U' 'M' 'M' 'M' 'M' 'M' 'M' 'U' 'M' 'M' 'M' 'M' 'M' 'M'
 'M' 'M' 'M' 'M' 'U' 'M' 'M' 'M' 'M' 'M' 'M' 'M' 'M' 'U' 'M' 'M' 'U' 'M'
 'M' 'M' 'M' 'M' 'M' 'M' 'M' 'M' 'M' 'M' 'M' 'M' 'U' 'M' 'M' 'M' 'M' 'M'
 'M' 'M' 'M' 'M' 'M' 'M' 'U' 'M' 'M' 'M' 'M' 'M' 'M' 'M' 'M' 'U' 'M' 'M'
 'U' 'U' 'M' 'M' 'U' 'M' 'M' 'M' 'M' 'M' 'M' 'M' 'M' 'M' 'M' 'M' 'M' 'M'
 'M' 'M' 'M' 'U' 'M' 'M' 'M' 'M' 'M' 'M' 'U' 'M' 'U' 'M' 'M' 'U' 'M' 'M'
 'M' 'M' 'M' 'M' 'M' 'M' 'M' 'M' 'M' 'M' 'M' 'M' 'M' 'M' 'M' 'U' 'U' 'M'
 'M' 'M' 'M' 'M' 'M' 'M' 'M' 'M' 'A' 'U' 'U' 'M' 'M' 'M' 'M' 'U' 'M' 'M'
 'M' 'M' 'M' 'U' 'M' 'M' 'M' 'U' 'M' 'M' 'M' 'M' 'U' 'M' 'M' 'M' 'M' 'M'
 'M' 'M' 'U' 'M' 'M' 'M' 'M' 'M' 'M' 'M' 'M' 'M' 'M' 'M' 'M' 'M' 'M' 'M'
 'M' 'M' 'M' 'U' 'M' 'M' 'M' 'M' 'M' 'M' 'U' 'M' 'M' 'M' 'M' 'M' 'M' 'M']"
16501,0,165,2,163,33,0,0,"['A' 'M' 'M' 'M' 'U' 'M' 'M' 'M' 'M' 'M' 'M' 'U' 'M' 'M' 'M' 'M' 'M' 'U'
 'M' 'M' 'M' 'M' 'U' 'M' 'M' 'M' 'M' 'M' 'M' 'M' 'M' 'M' 'M' 'M' 'U' 'M'
 'U' 'M' 'M' 'M' 'M' 'M' 'M' 'M' 'M' 'M' 'M' 'M' 'U' 'M' 'U' 'M' 'M' 'M'
 'M' 'M' 'M' 'M' 'M' 'M' 'U' 'M' 'M' 'M' 'M' 'M' 'M' 'M' 'M' 'M' 'M' 'M'
 'U' 'M' 'M' 'M' 'U' 'U' 'U' 'M' 'M' 'M' 'M' 'M' 'M' 'M' 'U' 'M' 'M' 'M'
 'M' 'M' 'M' 'M' 'M' 'M' 'M' 'M' 'M' 'M' 'U' 'M' 'U' 'M' 'M' 'U' 'M' 'M'
 'M' 'M' 'M' 'M' 'M' 'M' 'M' 'M' 'M' 'M' 'M' 'M' 'M' 'M' 'M' 'M' 'U' 'M'
 'M' 'M' 'M' 'M' 'U' 'M' 'U' 'U' 'A' 'U' 'U' 'U' 'U' 'U' 'M' 'U' 'M' 'M'
 'M' 'M' 'M' 'U' 'M' 'M' 'M' 'M' 'M' 'M' 'M' 'M' 'U' 'M' 'M' 'M' 'M' 'M'
 'M' 'M' 'U' 'M' 'M' 'M' 'M' 'M' 'M' 'M' 'M' 'M' 'M' 'M' 'M' 'M' 'M' 'M'
 'M' 'M' 'M' 'U' 'M' 'M' 'M' 'M' 'U' 'M' 'U' 'M' 'M' 'M' 'M' 'M' 'M' 'M']"
16601,0,166,3,163,32,0,0,"['A' 'M' 'M' 'M' 'M' 'M' 'M' 'U' 'M' 'M' 'M' 'U' 'M' 'M' 'M' 'M' 'M' 'M'
 'M' 'U' 'M' 'M' 'U' 'M' 'M' 'M' 'M' 'M' 'M' 'M' 'M' 'M' 'M' 'M' 'U' 'M'
 'U' 'M' 'M' 'M' 'M' 'M' 'M' 'M' 'M' 'M' 'M' 'M' 'U' 'M' 'U' 'M' 'M' 'M'
 'M' 'M' 'M' 'M' 'M' 'M' 'M' 'M' 'M' 'M' 'M' 'M' 'M' 'M' 'U' 'M' 'M' 'U'
 'M' 'M' 'M' 'M' 'M' 'M' 'M' 'U' 'M' 'U' 'M' 'M' 'M' 'M' 'M' 'U' 'M' 'M'
 'M' 'M' 'M' 'M' 'M' 'U' 'M' 'M' 'M' 'M' 'U' 'M' 'U' 'M' 'M' 'U' 'M' 'M'
 'M' 'M' 'M' 'M' 'M' 'M' 'M' 'M' 'M' 'M' 'M' 'M' 'M' 'M' 'M' 'M' 'U' 'M'
 'M' 'M' 'M' 'M' 'M' 'M' 'A' 'U' 'A' 'U' 'M' 'M' 'U' 'U' 'M' 'U' 'M' 'M'
 'M' 'M' 'M' 'M' 'M' 'M' 'M' 'M' 'M' 'M' 'M' 'M' 'U' 'M' 'M' 'M' 'M' 'U'
 'M' 'M' 'U' 'M' 'U' 'M' 'M' 'M' 'M' 'M' 'M' 'M' 'M' 'M' 'M' 'M' 'M' 'M'
 'M' 'M' 'U' 'U' 'M' 'M' 'M' 'M' 'M' 'U' 'U' 'M' 'U' 'M' 'M' 'M' 'M' 'M']"
16701,0,164,3,161,34,0,0,"['A' 'M' 'M' 'M' 'M' 'M' 'M' 'U' 'M' 'M' 'U' 'U' 'M' 'M' 'M' 'M' 'M' 'M'
 'M' 'U' 'M' 'M' 'M' 'M' 'M' 'M' 'M' 'M' 'U' 'M' 'M' 'M' 'M' 'M' 'U' 'U'
 'U' 'M' 'M' 'M' 'M' 'M' 'M' 'M' 'M' 'M' 'M' 'M' 'U' 'U' 'U' 'M' 'M' 'M'
 'M' 'M' 'M' 'M' 'M' 'M' 'M' 'M' 'M' 'M' 'M' 'M' 'M' 'M' 'M' 'M' 'M' 'M'
 'M' 'M' 'M' 'M' 'M' 'M' 'U' 'M' 'U' 'M' 'U' 'U' 'M' 'M' 'M' 'U' 'M' 'M'
 'M' 'M' 'M' 'M' 'M' 'U' 'M' 'M' 'M' 'M' 'U' 'M' 'U' 'M' 'M' 'U' 'M' 'M'
 'M' 'M' 'M' 'M' 'M' 'M' 'M' 'U' 'M' 'M' 'M' 'M' 'M' 'M' 'M' 'M' 'M' 'M'
 'M' 'M' 'M' 'M' 'M' 'U' 'A' 'U' 'A' 'U' 'M' 'M' 'U' 'M' 'M' 'M' 'M' 'M'
 'M' 'M' 'M' 'M' 'M' 'M' 'U' 'M' 'M' 'M' 'M' 'M' 'U' 'M' 'M' 'M' 'M' 'M'
 'M' 'M' 'U' 'M' 'U' 'U' 'M' 'M' 'M' 'M' 'M' 'M' 'M' 'M' 'M' 'M' 'M' 'M'
 'M' 'M' 'U' 'U' 'M' 'M' 'M' 'U' 'M' 'M' 'U' 'M' 'M' 'M' 'M' 'M' 'M' 'M']"
16801,0,162,3,159,36,0,0,"['A' 'M' 'M' 'M' 'M' 'M' 'M' 'U' 'M' 'M' 'U' 'M' 'M' 'M' 'M' 'M' 'M' 'M'
 'M' 'U' 'M' 'M' 'M' 'M' 'M' 'U' 'M' 'M' 'U' 'M' 'M' 'M' 'M' 'M' 'U' 'M'
 'U' 'M' 'M' 'M' 'M' 'M' 'M' 'U' 'M' 'M' 'M' 'M' 'M' 'U' 'U' 'M' 'M' 'M'
 'M' 'M' 'M' 'M' 'M' 'M' 'M' 'M' 'M' 'M' 'M' 'M' 'M' 'M' 'M' 'M' 'M' 'U'
 'M' 'M' 'M' 'M' 'M' 'U' 'M' 'M' 'M' 'M' 'M' 'U' 'M' 'M' 'M' 'M' 'U' 'M'
 'M' 'M' 'U' 'M' 'M' 'M' 'M' 'M' 'M' 'M' 'U' 'M' 'M' 'M' 'M' 'U' 'M' 'M'
 'M' 'M' 'M' 'M' 'M' 'M' 'M' 'U' 'M' 'M' 'M' 'M' 'M' 'M' 'M' 'M' 'M' 'M'
 'M' 'M' 'M' 'M' 'M' 'U' 'A' 'U' 'U' 'U' 'U' 'U' 'U' 'M' 'M' 'M' 'M' 'M'
 'M' 'M' 'M' 'M' 'M' 'M' 'U' 'U' 'M' 'M' 'M' 'M' 'U' 'M' 'M' 'M' 'M' 'A'
 'M' 'M' 'M' 'M' 'U' 'U' 'M' 'M' 'M' 'U' 'M' 'M' 'M' 'M' 'M' 'M' 'M' 'M'
 'M' 'M' 'U' 'U' 'M' 'M' 'U' 'U' 'M' 'M' 'U' 'M' 'M' 'M' 'M' 'M' 'M' 'M']"
16901,0,161,4,157,37,1,0,"['A' 'M' 'M' 'M' 'M' 'M' 'M' 'U' 'M' 'M' 'U' 'M' 'M' 'M' 'M' 'M' 'M' 'M'
 'M' 'U' 'M' 'M' 'M' 'M' 'M' 'U' 'M' 'M' 'U' 'M' 'M' 'M' 'M' 'M' 'A' 'M'
 'U' 'M' 'U' 'M' 'M' 'M' 'M' 'U' 'U' 'M' 'M' 'M' 'M' 'U' 'U' 'U' 'A' 'M'
 'M' 'M' 'M' 'M' 'M' 'M' 'M' 'M' 'M' 'M' 'M' 'M' 'M' 'M' 'M' 'M' 'M' 'M'
 'M' 'M' 'U' 'M' 'M' 'M' 'M' 'M' 'M' 'M' 'M' 'M' 'M' 'U' 'M' 'U' 'M' 'U'
 'M' 'M' 'M' 'U' 'M' 'M' 'M' 'M' 'M' 'U' 'M' 'M' 'M' 'M' 'M' 'M' 'U' 'M'
 'M' 'M' 'U' 'M' 'M' 'M' 'M' 'M' 'M' 'M' 'M' 'M' 'M' 'M' 'M' 'M' 'M' 'M'
 'M' 'M' 'M' 'M' 'M' 'U' 'U' 'U' 'M' 'U' 'U' 'M' 'A' 'M' 'M' 'M' 'M' 'M'
 'M' 'M' 'M' 'M' 'M' 'M' 'U' 'U' 'M' 'M' 'M' 'M' 'M' 'M' 'M' 'M' 'M' 'U'
 'M' 'M' 'M' 'M' 'U' 'U' 'M' 'M' 'M' 'U' 'M' 'M' 'M' 'M' 'M' 'M' 'M' 'M'
 'M' 'U' 'U' 'U' 'M' 'M' 'U' 'U' 'M' 'M' 'U' 'M' 'M' 'M' 'M' 'M' 'M' 'M']"
17001,0,167,5,162,31,0,0,"['A' 'M' 'M' 'M' 'M' 'M' 'M' 'M' 'M' 'M' 'U' 'M' 'M' 'M' 'M' 'M' 'M' 'M'
 'M' 'U' 'M' 'M' 'M' 'M' 'M' 'U' 'M' 'M' 'U' 'M' 'M' 'M' 'M' 'M' 'A' 'M'
 'M' 'M' 'U' 'M' 'M' 'M' 'M' 'U' 'U' 'M' 'M' 'M' 'M' 'M' 'U' 'U' 'A' 'M'
 'M' 'M' 'M' 'M' 'M' 'M' 'M' 'M' 'M' 'M' 'M' 'M' 'M' 'U' 'M' 'M' 'M' 'M'
 'U' 'M' 'M' 'U' 'M' 'M' 'M' 'M' 'M' 'U' 'M' 'U' 'M' 'M' 'M' 'M' 'M' 'M'
 'M' 'M' 'M' 'M' 'M' 'M' 'M' 'M' 'M' 'M' 'M' 'M' 'M' 'M' 'M' 'M' 'U' 'M'
 'M' 'M' 'M' 'M' 'M' 'M' 'M' 'M' 'M' 'M' 'M' 'U' 'M' 'U' 'M' 'M' 'U' 'M'
 'M' 'M' 'M' 'M' 'M' 'M' 'A' 'U' 'M' 'U' 'M' 'M' 'A' 'M' 'M' 'M' 'M' 'M'
 'M' 'U' 'M' 'M' 'M' 'M' 'U' 'U' 'M' 'M' 'M' 'M' 'M' 'M' 'M' 'M' 'M' 'U'
 'M' 'M' 'M' 'M' 'U' 'U' 'M' 'M' 'M' 'U' 'M' 'U' 'M' 'M' 'M' 'M' 'M' 'M'
 'M' 'M' 'U' 'M' 'M' 'M' 'U' 'U' 'M' 'M' 'M' 'M' 'M' 'M' 'M' 'M' 'M' 'M']"
17101,0,169,6,163,29,0,0,"['A' 'M' 'M' 'M' 'M' 'M' 'M' 'M' 'M' 'M' 'M' 'M' 'M' 'M' 'M' 'M' 'M' 'M'
 'M' 'U' 'M' 'M' 'M' 'M' 'M' 'U' 'M' 'M' 'A' 'M' 'M' 'M' 'M' 'M' 'U' 'M'
 'M' 'M' 'A' 'M' 'M' 'M' 'M' 'U' 'U' 'M' 'M' 'M' 'M' 'M' 'U' 'M' 'A' 'M'
 'M' 'M' 'M' 'M' 'U' 'M' 'M' 'M' 'M' 'M' 'M' 'M' 'M' 'M' 'M' 'M' 'U' 'U'
 'M' 'M' 'M' 'M' 'M' 'M' 'M' 'M' 'U' 'M' 'M' 'M' 'U' 'M' 'M' 'M' 'M' 'M'
 'M' 'U' 'M' 'M' 'M' 'M' 'M' 'M' 'M' 'U' 'M' 'M' 'U' 'M' 'M' 'M' 'U' 'M'
 'M' 'U' 'M' 'M' 'M' 'M' 'M' 'M' 'M' 'M' 'M' 'U' 'M' 'U' 'M' 'M' 'M' 'M'
 'M' 'M' 'M' 'M' 'M' 'M' 'A' 'U' 'M' 'U' 'M' 'M' 'A' 'M' 'M' 'M' 'U' 'U'
 'M' 'M' 'M' 'M' 'M' 'M' 'U' 'U' 'M' 'M' 'M' 'M' 'U' 'M' 'M' 'M' 'M' 'M'
 'M' 'M' 'M' 'M' 'U' 'U' 'M' 'M' 'M' 'M' 'M' 'U' 'M' 'M' 'M' 'M' 'M' 'M'
 'M' 'M' 'M' 'M' 'M' 'M' 'U' 'M' 'M' 'M' 'M' 'M' 'M' 'M' 'M' 'M' 'M' 'M']"
17201,0,168,5,163,30,0,0,"['A' 'M' 'M' 'M' 'M' 'M' 'M' 'M' 'U' 'M' 'M' 'M' 'M' 'M' 'M' 'M' 'M' 'M'
 'M' 'U' 'M' 'M' 'M' 'M' 'M' 'U' 'M' 'M' 'A' 'M' 'M' 'M' 'M' 'M' 'U' 'M'
 'M' 'M' 'U' 'M' 'M' 'M' 'M' 'U' 'M' 'M' 'M' 'M' 'M' 'M' 'M' 'M' 'A' 'M'
 'M' 'M' 'M' 'M' 'U' 'M' 'M' 'M' 'M' 'M' 'M' 'M' 'U' 'M' 'M' 'M' 'M' 'M'
 'M' 'M' 'M' 'M' 'U' 'M' 'M' 'U' 'M' 'M' 'M' 'M' 'M' 'M' 'M' 'U' 'M' 'M'
 'M' 'M' 'M' 'U' 'M' 'M' 'U' 'M' 'M' 'M' 'M' 'M' 'U' 'M' 'M' 'M' 'M' 'U'
 'M' 'M' 'M' 'M' 'M' 'M' 'M' 'M' 'M' 'M' 'M' 'U' 'M' 'U' 'M' 'M' 'M' 'M'
 'M' 'M' 'M' 'M' 'M' 'M' 'A' 'U' 'M' 'M' 'M' 'U' 'U' 'M' 'M' 'M' 'U' 'U'
 'M' 'M' 'M' 'M' 'M' 'M' 'U' 'U' 'U' 'M' 'M' 'M' 'U' 'M' 'M' 'M' 'M' 'M'
 'M' 'M' 'M' 'M' 'U' 'M' 'M' 'M' 'M' 'M' 'M' 'U' 'M' 'M' 'M' 'M' 'M' 'M'
 'A' 'M' 'U' 'M' 'M' 'M' 'M' 'M' 'M' 'M' 'M' 'M' 'M' 'M' 'M' 'U' 'M' 'M']"
17301,0,167,6,161,31,0,0,"['A' 'M' 'M' 'M' 'M' 'M' 'M' 'U' 'U' 'M' 'M' 'M' 'M' 'M' 'M' 'M' 'M' 'M'
 'U' 'U' 'M' 'M' 'M' 'M' 'U' 'U' 'M' 'M' 'A' 'M' 'M' 'M' 'M' 'M' 'U' 'M'
 'M' 'M' 'U' 'M' 'M' 'M' 'M' 'U' 'M' 'M' 'M' 'M' 'M' 'M' 'M' 'M' 'U' 'M'
 'M' 'U' 'M' 'M' 'U' 'M' 'M' 'M' 'M' 'M' 'M' 'U' 'M' 'M' 'U' 'M' 'M' 'M'
 'M' 'M' 'M' 'M' 'U' 'M' 'M' 'M' 'M' 'M' 'M' 'M' 'U' 'M' 'M' 'M' 'U' 'M'
 'M' 'M' 'M' 'M' 'M' 'M' 'U' 'M' 'M' 'M' 'M' 'M' 'U' 'M' 'M' 'M' 'M' 'U'
 'M' 'M' 'M' 'M' 'M' 'M' 'M' 'M' 'M' 'M' 'M' 'U' 'M' 'U' 'M' 'M' 'M' 'M'
 'M' 'M' 'M' 'M' 'M' 'M' 'A' 'M' 'M' 'M' 'M' 'U' 'U' 'M' 'M' 'M' 'U' 'M'
 'M' 'M' 'M' 'M' 'U' 'M' 'U' 'U' 'M' 'M' 'M' 'M' 'A' 'M' 'M' 'M' 'M' 'M'
 'M' 'M' 'M' 'M' 'U' 'M' 'M' 'M' 'M' 'M' 'M' 'U' 'M' 'M' 'M' 'M' 'M' 'M'
 'A' 'M' 'A' 'M' 'U' 'M' 'M' 'M' 'M' 'M' 'M' 'M' 'M' 'M' 'M' 'M' 'M' 'M']"
17401,0,160,5,155,38,0,0,"['A' 'M' 'U' 'M' 'M' 'M' 'M' 'U' 'U' 'M' 'M' 'M' 'M' 'M' 'M' 'M' 'U' 'M'
 'U' 'U' 'M' 'M' 'M' 'M' 'M' 'U' 'M' 'M' 'A' 'M' 'M' 'M' 'M' 'M' 'U' 'M'
 'M' 'M' 'U' 'M' 'M' 'M' 'M' 'U' 'M' 'M' 'M' 'M' 'M' 'M' 'M' 'M' 'U' 'M'
 'M' 'U' 'M' 'M' 'U' 'M' 'M' 'M' 'M' 'M' 'M' 'M' 'M' 'M' 'M' 'M' 'M' 'M'
 'M' 'M' 'U' 'M' 'M' 'M' 'M' 'M' 'M' 'M' 'M' 'M' 'M' 'M' 'M' 'M' 'M' 'M'
 'U' 'U' 'M' 'U' 'U' 'M' 'U' 'M' 'M' 'M' 'M' 'M' 'U' 'M' 'M' 'U' 'M' 'U'
 'M' 'M' 'M' 'M' 'M' 'M' 'M' 'U' 'M' 'M' 'M' 'A' 'M' 'U' 'M' 'M' 'M' 'M'
 'M' 'M' 'M' 'M' 'M' 'M' 'M' 'U' 'U' 'U' 'U' 'U' 'U' 'M' 'M' 'M' 'M' 'M'
 'M' 'M' 'M' 'M' 'U' 'M' 'U' 'U' 'M' 'M' 'M' 'M' 'A' 'M' 'M' 'M' 'M' 'M'
 'M' 'M' 'M' 'M' 'U' 'M' 'M' 'M' 'M' 'U' 'M' 'U' 'M' 'M' 'M' 'M' 'M' 'M'
 'A' 'M' 'U' 'M' 'U' 'M' 'M' 'M' 'M' 'M' 'M' 'M' 'M' 'M' 'M' 'M' 'M' 'M']"
17501,0,161,1,160,37,0,0,"['A' 'M' 'U' 'M' 'M' 'M' 'M' 'U' 'U' 'M' 'M' 'M' 'M' 'M' 'M' 'M' 'U' 'M'
 'U' 'M' 'M' 'M' 'M' 'M' 'M' 'U' 'M' 'M' 'U' 'M' 'M' 'M' 'M' 'M' 'U' 'M'
 'M' 'M' 'U' 'M' 'M' 'M' 'M' 'U' 'M' 'M' 'M' 'M' 'U' 'M' 'M' 'M' 'U' 'M'
 'M' 'M' 'M' 'U' 'M' 'M' 'M' 'M' 'M' 'M' 'M' 'M' 'M' 'M' 'M' 'M' 'M' 'M'
 'M' 'M' 'M' 'M' 'M' 'U' 'M' 'M' 'M' 'M' 'M' 'M' 'M' 'U' 'M' 'M' 'M' 'U'
 'M' 'U' 'M' 'U' 'M' 'M' 'U' 'M' 'M' 'M' 'M' 'M' 'U' 'M' 'M' 'U' 'M' 'U'
 'M' 'M' 'M' 'M' 'M' 'M' 'M' 'M' 'M' 'M' 'M' 'U' 'M' 'U' 'M' 'M' 'M' 'M'
 'M' 'M' 'M' 'M' 'M' 'M' 'M' 'U' 'M' 'M' 'U' 'M' 'U' 'M' 'M' 'M' 'M' 'M'
 'M' 'M' 'M' 'M' 'U' 'M' 'U' 'U' 'M' 'M' 'M' 'M' 'U' 'M' 'M' 'M' 'M' 'M'
 'M' 'M' 'M' 'M' 'U' 'M' 'M' 'M' 'M' 'U' 'M' 'U' 'M' 'M' 'M' 'M' 'M' 'M'
 'U' 'M' 'U' 'M' 'U' 'M' 'M' 'M' 'M' 'M' 'M' 'M' 'M' 'M' 'M' 'M' 'M' 'M']"
17601,0,164,1,163,34,0,0,"['A' 'M' 'U' 'M' 'M' 'M' 'M' 'M' 'U' 'M' 'M' 'M' 'M' 'U' 'M' 'M' 'U' 'M'
 'M' 'M' 'M' 'M' 'M' 'M' 'M' 'U' 'M' 'M' 'U' 'M' 'M' 'M' 'M' 'U' 'U' 'M'
 'M' 'M' 'U' 'M' 'M' 'M' 'M' 'M' 'M' 'M' 'M' 'M' 'U' 'M' 'M' 'M' 'U' 'M'
 'M' 'M' 'M' 'U' 'M' 'M' 'M' 'M' 'M' 'M' 'M' 'M' 'M' 'M' 'M' 'U' 'M' 'M'
 'M' 'M' 'M' 'M' 'M' 'M' 'M' 'M' 'M' 'M' 'M' 'U' 'M' 'M' 'M' 'M' 'U' 'U'
 'M' 'M' 'M' 'M' 'U' 'M' 'M' 'M' 'M' 'M' 'M' 'U' 'M' 'M' 'M' 'U' 'M' 'U'
 'M' 'M' 'M' 'M' 'M' 'U' 'M' 'M' 'M' 'M' 'M' 'U' 'M' 'M' 'M' 'M' 'M' 'M'
 'M' 'M' 'M' 'M' 'M' 'M' 'M' 'U' 'M' 'M' 'U' 'U' 'U' 'M' 'M' 'M' 'M' 'M'
 'M' 'M' 'M' 'M' 'U' 'M' 'U' 'M' 'M' 'M' 'M' 'M' 'U' 'M' 'M' 'M' 'M' 'M'
 'M' 'M' 'M' 'M' 'M' 'M' 'M' 'M' 'M' 'U' 'M' 'U' 'M' 'M' 'M' 'M' 'M' 'M'
 'U' 'M' 'U' 'M' 'U' 'M' 'M' 'M' 'M' 'M' 'M' 'M' 'M' 'M' 'M' 'M' 'M' 'M']"
17701,0,162,1,161,36,0,0,"['A' 'M' 'U' 'M' 'M' 'M' 'M' 'M' 'M' 'M' 'M' 'M' 'M' 'U' 'M' 'M' 'M' 'U'
 'M' 'M' 'M' 'M' 'M' 'M' 'M' 'U' 'M' 'M' 'M' 'U' 'M' 'U' 'M' 'U' 'U' 'M'
 'M' 'M' 'U' 'M' 'M' 'M' 'M' 'M' 'M' 'M' 'M' 'M' 'U' 'M' 'M' 'M' 'U' 'M'
 'M' 'M' 'M' 'M' 'M' 'M' 'M' 'M' 'M' 'M' 'M' 'U' 'U' 'M' 'M' 'U' 'M' 'M'
 'M' 'M' 'M' 'M' 'M' 'M' 'M' 'M' 'M' 'M' 'M' 'M' 'M' 'U' 'M' 'M' 'M' 'U'
 'M' 'M' 'M' 'M' 'M' 'M' 'M' 'M' 'M' 'M' 'M' 'U' 'M' 'M' 'M' 'U' 'M' 'U'
 'M' 'M' 'M' 'M' 'M' 'U' 'M' 'M' 'M' 'M' 'M' 'U' 'M' 'M' 'U' 'M' 'M' 'M'
 'M' 'M' 'M' 'M' 'M' 'M' 'M' 'U' 'M' 'M' 'U' 'U' 'U' 'M' 'M' 'M' 'M' 'M'
 'M' 'M' 'M' 'M' 'U' 'M' 'U' 'M' 'M' 'M' 'M' 'M' 'U' 'M' 'M' 'U' 'M' 'M'
 'M' 'M' 'M' 'M' 'M' 'M' 'M' 'M' 'M' 'M' 'M' 'U' 'U' 'M' 'M' 'M' 'M' 'M'
 'U' 'M' 'M' 'M' 'M' 'M' 'M' 'M' 'M' 'M' 'M' 'M' 'M' 'U' 'U' 'M' 'M' 'U']"
17801,0,162,2,160,36,0,0,"['A' 'M' 'U' 'M' 'M' 'M' 'M' 'M' 'M' 'M' 'M' 'M' 'M' 'U' 'M' 'M' 'M' 'U'
 'M' 'M' 'M' 'M' 'U' 'U' 'M' 'U' 'M' 'M' 'M' 'U' 'M' 'M' 'M' 'U' 'U' 'M'
 'M' 'M' 'U' 'M' 'M' 'M' 'M' 'M' 'M' 'M' 'M' 'M' 'U' 'M' 'M' 'M' 'U' 'M'
 'M' 'U' 'M' 'M' 'M' 'M' 'M' 'M' 'M' 'M' 'M' 'M' 'M' 'M' 'M' 'M' 'M' 'M'
 'U' 'M' 'U' 'U' 'M' 'M' 'M' 'M' 'M' 'M' 'M' 'U' 'M' 'M' 'M' 'U' 'M' 'M'
 'M' 'M' 'M' 'M' 'M' 'M' 'M' 'M' 'M' 'M' 'M' 'U' 'U' 'M' 'M' 'U' 'U' 'U'
 'M' 'M' 'M' 'M' 'M' 'M' 'M' 'M' 'M' 'M' 'M' 'U' 'M' 'M' 'U' 'M' 'M' 'M'
 'M' 'M' 'M' 'M' 'M' 'M' 'U' 'A' 'M' 'M' 'U' 'M' 'U' 'M' 'M' 'M' 'M' 'M'
 'M' 'M' 'M' 'M' 'U' 'M' 'M' 'M' 'M' 'M' 'M' 'M' 'U' 'M' 'M' 'U' 'M' 'M'
 'M' 'M' 'M' 'M' 'M' 'M' 'M' 'M' 'M' 'M' 'M' 'U' 'U' 'M' 'M' 'M' 'M' 'M'
 'U' 'M' 'M' 'M' 'M' 'M' 'M' 'M' 'M' 'M' 'M' 'M' 'M' 'M' 'U' 'M' 'M' 'U']"
17901,0,160,2,158,38,0,0,"['A' 'M' 'U' 'M' 'M' 'M' 'M' 'M' 'M' 'U' 'U' 'M' 'M' 'U' 'M' 'M' 'M' 'M'
 'M' 'M' 'U' 'U' 'U' 'M' 'M' 'U' 'M' 'M' 'M' 'U' 'M' 'M' 'M' 'U' 'U' 'M'
 'M' 'M' 'U' 'M' 'M' 'M' 'M' 'M' 'M' 'U' 'M' 'M' 'U' 'M' 'M' 'M' 'U' 'M'
 'M' 'M' 'M' 'M' 'M' 'M' 'M' 'M' 'M' 'M' 'M' 'U' 'M' 'M' 'M' 'U' 'M' 'M'
 'M' 'M' 'M' 'U' 'M' 'U' 'M' 'M' 'M' 'M' 'M' 'M' 'M' 'M' 'M' 'M' 'M' 'M'
 'M' 'M' 'U' 'M' 'M' 'M' 'M' 'M' 'M' 'U' 'M' 'U' 'U' 'M' 'M' 'M' 'M' 'U'
 'M' 'M' 'M' 'M' 'M' 'M' 'M' 'M' 'M' 'M' 'M' 'U' 'M' 'M' 'U' 'M' 'M' 'M'
 'M' 'M' 'M' 'M' 'M' 'M' 'U' 'A' 'U' 'M' 'U' 'M' 'U' 'M' 'M' 'M' 'M' 'M'
 'M' 'M' 'M' 'M' 'U' 'M' 'M' 'M' 'M' 'M' 'M' 'U' 'M' 'M' 'M' 'M' 'M' 'U'
 'M' 'M' 'M' 'M' 'M' 'M' 'M' 'M' 'M' 'U' 'M' 'U' 'M' 'M' 'M' 'M' 'M' 'M'
 'U' 'M' 'M' 'M' 'M' 'M' 'M' 'M' 'M' 'M' 'M' 'M' 'M' 'M' 'U' 'M' 'M' 'U']"
18001,0,158,3,155,40,0,0,"['A' 'M' 'U' 'M' 'M' 'U' 'M' 'M' 'M' 'U' 'U' 'M' 'M' 'U' 'M' 'M' 'M' 'M'
 'M' 'M' 'U' 'U' 'U' 'M' 'M' 'U' 'M' 'M' 'M' 'U' 'M' 'M' 'M' 'A' 'M' 'M'
 'M' 'M' 'U' 'M' 'U' 'M' 'M' 'M' 'M' 'M' 'M' 'M' 'U' 'M' 'M' 'M' 'U' 'M'
 'M' 'M' 'M' 'M' 'M' 'M' 'M' 'M' 'M' 'M' 'M' 'M' 'M' 'U' 'M' 'U' 'U' 'M'
 'M' 'U' 'M' 'M' 'M' 'M' 'M' 'M' 'M' 'U' 'M' 'M' 'M' 'M' 'M' 'M' 'M' 'M'
 'M' 'M' 'M' 'M' 'M' 'M' 'M' 'M' 'M' 'U' 'U' 'U' 'U' 'M' 'M' 'U' 'M' 'U'
 'M' 'M' 'M' 'M' 'M' 'M' 'M' 'M' 'M' 'M' 'M' 'U' 'M' 'M' 'A' 'M' 'M' 'M'
 'M' 'M' 'M' 'M' 'M' 'M' 'U' 'U' 'U' 'M' 'U' 'M' 'M' 'M' 'M' 'M' 'M' 'M'
 'M' 'M' 'M' 'M' 'U' 'M' 'M' 'M' 'M' 'M' 'M' 'U' 'M' 'M' 'M' 'M' 'M' 'U'
 'M' 'M' 'M' 'M' 'M' 'M' 'U' 'M' 'M' 'U' 'M' 'U' 'M' 'M' 'M' 'M' 'M' 'M'
 'U' 'M' 'M' 'M' 'M' 'M' 'M' 'M' 'U' 'M' 'M' 'M' 'M' 'M' 'U' 'M' 'M' 'U']"
18101,0,160,1,159,38,0,0,"['A' 'M' 'U' 'M' 'M' 'U' 'M' 'M' 'U' 'U' 'U' 'U' 'M' 'U' 'M' 'M' 'M' 'M'
 'M' 'M' 'U' 'M' 'M' 'M' 'M' 'M' 'M' 'M' 'M' 'U' 'M' 'M' 'M' 'U' 'M' 'M'
 'M' 'M' 'U' 'M' 'U' 'M' 'M' 'M' 'M' 'M' 'M' 'M' 'U' 'M' 'M' 'M' 'M' 'M'
 'M' 'M' 'M' 'M' 'M' 'M' 'M' 'M' 'M' 'M' 'M' 'U' 'M' 'M' 'M' 'M' 'M' 'M'
 'M' 'M' 'M' 'M' 'M' 'U' 'M' 'U' 'M' 'M' 'M' 'M' 'M' 'M' 'M' 'U' 'M' 'M'
 'M' 'M' 'M' 'M' 'U' 'M' 'M' 'M' 'M' 'U' 'U' 'U' 'M' 'M' 'M' 'U' 'M' 'M'
 'M' 'M' 'M' 'M' 'M' 'U' 'M' 'M' 'M' 'M' 'M' 'U' 'M' 'M' 'U' 'M' 'M' 'M'
 'M' 'M' 'M' 'U' 'M' 'M' 'M' 'U' 'M' 'M' 'U' 'M' 'M' 'M' 'M' 'M' 'M' 'M'
 'U' 'M' 'M' 'M' 'U' 'M' 'M' 'M' 'M' 'M' 'M' 'U' 'M' 'M' 'M' 'M' 'M' 'M'
 'M' 'M' 'M' 'M' 'M' 'M' 'U' 'M' 'M' 'U' 'M' 'U' 'M' 'M' 'M' 'M' 'M' 'M'
 'U' 'U' 'M' 'M' 'M' 'M' 'M' 'M' 'U' 'M' 'M' 'M' 'M' 'M' 'U' 'M' 'M' 'M']"
18201,0,155,2,153,43,0,0,"['A' 'M' 'U' 'M' 'M' 'M' 'M' 'M' 'U' 'U' 'U' 'U' 'M' 'U' 'M' 'M' 'M' 'M'
 'M' 'M' 'U' 'M' 'M' 'U' 'M' 'U' 'M' 'M' 'M' 'U' 'M' 'M' 'M' 'M' 'M' 'M'
 'M' 'M' 'U' 'M' 'U' 'M' 'M' 'M' 'U' 'M' 'M' 'M' 'U' 'M' 'M' 'M' 'M' 'M'
 'M' 'M' 'M' 'M' 'M' 'M' 'M' 'M' 'U' 'M' 'M' 'U' 'M' 'M' 'M' 'M' 'M' 'M'
 'M' 'M' 'M' 'M' 'U' 'M' 'M' 'M' 'M' 'M' 'U' 'M' 'U' 'M' 'M' 'M' 'M' 'M'
 'M' 'M' 'M' 'U' 'M' 'M' 'U' 'M' 'M' 'U' 'U' 'U' 'M' 'U' 'M' 'U' 'M' 'M'
 'M' 'M' 'M' 'M' 'M' 'M' 'M' 'M' 'M' 'M' 'M' 'U' 'U' 'U' 'M' 'M' 'M' 'M'
 'M' 'M' 'M' 'U' 'M' 'M' 'M' 'U' 'U' 'U' 'U' 'M' 'M' 'M' 'M' 'U' 'M' 'M'
 'U' 'M' 'M' 'M' 'M' 'M' 'M' 'M' 'M' 'M' 'M' 'U' 'M' 'M' 'M' 'M' 'M' 'M'
 'U' 'M' 'M' 'M' 'M' 'M' 'M' 'M' 'M' 'U' 'M' 'A' 'M' 'M' 'M' 'M' 'M' 'M'
 'U' 'U' 'M' 'M' 'M' 'M' 'M' 'M' 'U' 'M' 'M' 'M' 'M' 'M' 'U' 'M' 'M' 'M']"
18301,0,152,3,149,46,0,0,"['A' 'M' 'M' 'M' 'M' 'M' 'M' 'M' 'U' 'U' 'U' 'M' 'M' 'U' 'M' 'M' 'M' 'M'
 'M' 'M' 'U' 'M' 'M' 'U' 'M' 'U' 'M' 'M' 'M' 'U' 'M' 'M' 'M' 'M' 'M' 'M'
 'M' 'M' 'U' 'M' 'M' 'M' 'M' 'M' 'M' 'M' 'M' 'M' 'U' 'U' 'M' 'M' 'M' 'M'
 'M' 'M' 'M' 'M' 'M' 'M' 'M' 'M' 'M' 'M' 'M' 'M' 'M' 'U' 'M' 'U' 'M' 'M'
 'M' 'M' 'M' 'M' 'M' 'U' 'M' 'M' 'M' 'M' 'M' 'M' 'U' 'M' 'M' 'U' 'M' 'M'
 'M' 'M' 'M' 'M' 'M' 'M' 'U' 'M' 'M' 'U' 'U' 'U' 'M' 'U' 'M' 'U' 'M' 'M'
 'M' 'M' 'M' 'M' 'M' 'M' 'M' 'M' 'M' 'M' 'M' 'U' 'U' 'U' 'U' 'M' 'M' 'M'
 'M' 'M' 'M' 'U' 'M' 'U' 'U' 'U' 'U' 'U' 'U' 'M' 'U' 'M' 'M' 'U' 'M' 'M'
 'A' 'U' 'M' 'M' 'U' 'M' 'M' 'M' 'M' 'M' 'M' 'U' 'M' 'M' 'M' 'U' 'M' 'M'
 'M' 'M' 'M' 'U' 'U' 'M' 'M' 'M' 'M' 'U' 'M' 'A' 'M' 'M' 'M' 'M' 'M' 'M'
 'U' 'U' 'M' 'M' 'M' 'M' 'M' 'M' 'U' 'M' 'M' 'M' 'M' 'M' 'U' 'M' 'M' 'M']"
18401,0,157,3,154,41,0,0,"['A' 'M' 'M' 'M' 'M' 'M' 'M' 'M' 'M' 'U' 'U' 'M' 'M' 'U' 'M' 'U' 'M' 'M'
 'M' 'M' 'U' 'M' 'M' 'U' 'M' 'U' 'M' 'M' 'M' 'U' 'M' 'M' 'M' 'M' 'M' 'M'
 'M' 'M' 'U' 'M' 'M' 'M' 'M' 'M' 'M' 'M' 'M' 'M' 'U' 'U' 'M' 'M' 'M' 'M'
 'M' 'M' 'M' 'M' 'M' 'M' 'M' 'M' 'M' 'M' 'M' 'M' 'M' 'U' 'M' 'M' 'M' 'M'
 'M' 'M' 'U' 'M' 'U' 'M' 'M' 'M' 'M' 'M' 'M' 'M' 'M' 'M' 'M' 'M' 'U' 'M'
 'M' 'U' 'M' 'M' 'M' 'M' 'U' 'M' 'M' 'U' 'U' 'U' 'M' 'U' 'M' 'U' 'M' 'M'
 'M' 'M' 'M' 'M' 'M' 'M' 'M' 'M' 'M' 'M' 'M' 'U' 'U' 'U' 'M' 'M' 'M' 'M'
 'M' 'M' 'M' 'U' 'M' 'M' 'U' 'U' 'U' 'U' 'U' 'U' 'M' 'M' 'M' 'U' 'M' 'M'
 'A' 'U' 'M' 'M' 'U' 'M' 'M' 'M' 'M' 'M' 'M' 'U' 'M' 'M' 'M' 'M' 'M' 'M'
 'M' 'M' 'M' 'U' 'M' 'M' 'M' 'M' 'M' 'M' 'M' 'A' 'M' 'M' 'M' 'M' 'M' 'M'
 'M' 'U' 'M' 'M' 'M' 'U' 'M' 'M' 'U' 'M' 'M' 'M' 'M' 'M' 'U' 'M' 'M' 'M']"
18501,0,160,4,156,38,1,0,"['A' 'M' 'M' 'M' 'M' 'M' 'U' 'M' 'M' 'M' 'U' 'M' 'M' 'U' 'M' 'M' 'M' 'M'
 'M' 'M' 'U' 'M' 'M' 'U' 'M' 'M' 'M' 'M' 'M' 'U' 'M' 'M' 'M' 'M' 'M' 'U'
 'M' 'M' 'U' 'M' 'M' 'M' 'M' 'M' 'M' 'M' 'M' 'M' 'U' 'U' 'M' 'M' 'M' 'M'
 'M' 'M' 'M' 'M' 'M' 'M' 'M' 'M' 'M' 'M' 'M' 'M' 'U' 'M' 'M' 'M' 'U' 'U'
 'M' 'M' 'M' 'M' 'M' 'M' 'M' 'M' 'M' 'M' 'M' 'M' 'M' 'M' 'M' 'M' 'M' 'M'
 'U' 'M' 'U' 'M' 'M' 'M' 'A' 'M' 'M' 'M' 'M' 'U' 'M' 'U' 'M' 'U' 'M' 'M'
 'M' 'M' 'M' 'M' 'M' 'M' 'M' 'M' 'M' 'M' 'M' 'U' 'U' 'U' 'M' 'U' 'M' 'M'
 'M' 'M' 'M' 'U' 'M' 'M' 'U' 'U' 'U' 'U' 'U' 'U' 'U' 'M' 'M' 'M' 'M' 'M'
 'A' 'U' 'M' 'M' 'M' 'M' 'M' 'M' 'M' 'M' 'M' 'U' 'M' 'M' 'M' 'M' 'M' 'M'
 'M' 'M' 'M' 'U' 'M' 'U' 'M' 'M' 'M' 'M' 'M' 'A' 'M' 'M' 'M' 'M' 'U' 'M'
 'M' 'U' 'M' 'M' 'M' 'M' 'M' 'M' 'U' 'M' 'M' 'M' 'M' 'M' 'U' 'M' 'M' 'M']"
18601,0,162,5,157,36,0,1,"['A' 'M' 'M' 'M' 'M' 'M' 'U' 'M' 'M' 'M' 'U' 'M' 'M' 'U' 'M' 'M' 'M' 'M'
 'M' 'M' 'A' 'M' 'M' 'U' 'U' 'M' 'M' 'M' 'M' 'U' 'M' 'M' 'M' 'M' 'M' 'U'
 'M' 'M' 'M' 'M' 'M' 'M' 'M' 'M' 'M' 'M' 'M' 'M' 'U' 'M' 'M' 'M' 'M' 'M'
 'M' 'M' 'M' 'M' 'M' 'M' 'M' 'M' 'M' 'M' 'M' 'M' 'M' 'M' 'M' 'M' 'M' 'U'
 'U' 'M' 'U' 'M' 'M' 'U' 'M' 'M' 'M' 'M' 'M' 'M' 'M' 'M' 'M' 'M' 'U' 'M'
 'M' 'M' 'M' 'M' 'M' 'M' 'A' 'M' 'M' 'M' 'M' 'U' 'M' 'M' 'M' 'M' 'M' 'M'
 'M' 'M' 'M' 'M' 'M' 'M' 'M' 'M' 'M' 'M' 'M' 'U' 'U' 'U' 'M' 'U' 'M' 'M'
 'U' 'M' 'M' 'U' 'M' 'U' 'U' 'A' 'A' 'U' 'U' 'U' 'U' 'M' 'M' 'M' 'M' 'M'
 'U' 'M' 'M' 'M' 'M' 'M' 'M' 'M' 'U' 'M' 'M' 'U' 'M' 'M' 'M' 'M' 'M' 'M'
 'M' 'M' 'M' 'U' 'M' 'U' 'U' 'M' 'M' 'M' 'M' 'U' 'M' 'M' 'M' 'M' 'M' 'M'
 'M' 'U' 'M' 'M' 'M' 'M' 'M' 'M' 'U' 'M' 'M' 'M' 'M' 'M' 'U' 'M' 'M' 'M']"
18701,0,161,4,157,37,0,0,"['A' 'M' 'M' 'M' 'M' 'M' 'U' 'M' 'U' 'M' 'U' 'M' 'M' 'U' 'M' 'M' 'M' 'M'
 'M' 'M' 'A' 'M' 'M' 'U' 'U' 'M' 'M' 'M' 'M' 'U' 'M' 'M' 'M' 'M' 'M' 'M'
 'M' 'M' 'M' 'M' 'M' 'M' 'M' 'M' 'M' 'M' 'M' 'M' 'U' 'M' 'M' 'M' 'M' 'M'
 'M' 'M' 'M' 'M' 'M' 'M' 'M' 'M' 'M' 'M' 'M' 'M' 'M' 'M' 'U' 'M' 'M' 'M'
 'M' 'U' 'M' 'M' 'M' 'M' 'M' 'M' 'M' 'M' 'U' 'M' 'M' 'M' 'U' 'M' 'M' 'M'
 'M' 'M' 'U' 'M' 'M' 'M' 'U' 'M' 'M' 'M' 'M' 'M' 'M' 'M' 'M' 'M' 'M' 'M'
 'M' 'M' 'M' 'M' 'M' 'M' 'M' 'U' 'U' 'M' 'M' 'U' 'M' 'U' 'M' 'M' 'M' 'M'
 'U' 'M' 'M' 'U' 'M' 'U' 'U' 'A' 'A' 'U' 'U' 'M' 'U' 'M' 'M' 'M' 'M' 'M'
 'U' 'M' 'M' 'M' 'U' 'M' 'M' 'M' 'U' 'M' 'M' 'U' 'M' 'M' 'M' 'M' 'M' 'U'
 'M' 'M' 'M' 'U' 'M' 'U' 'U' 'M' 'M' 'M' 'M' 'U' 'M' 'M' 'M' 'M' 'M' 'M'
 'M' 'U' 'M' 'M' 'M' 'M' 'M' 'M' 'U' 'M' 'M' 'M' 'M' 'M' 'U' 'M' 'M' 'M']"
18801,0,167,5,162,31,0,0,"['A' 'M' 'M' 'M' 'M' 'M' 'U' 'M' 'U' 'M' 'U' 'M' 'M' 'U' 'M' 'M' 'M' 'M'
 'U' 'M' 'A' 'M' 'M' 'U' 'U' 'M' 'M' 'M' 'M' 'M' 'M' 'M' 'M' 'M' 'M' 'M'
 'M' 'M' 'M' 'M' 'M' 'U' 'M' 'M' 'M' 'M' 'M' 'M' 'U' 'M' 'M' 'M' 'M' 'M'
 'M' 'M' 'M' 'M' 'U' 'M' 'M' 'M' 'M' 'M' 'M' 'U' 'U' 'M' 'M' 'M' 'M' 'M'
 'M' 'U' 'M' 'M' 'M' 'M' 'M' 'M' 'M' 'M' 'M' 'M' 'M' 'U' 'M' 'M' 'M' 'M'
 'M' 'M' 'M' 'M' 'U' 'M' 'U' 'M' 'M' 'M' 'M' 'M' 'M' 'M' 'M' 'M' 'M' 'M'
 'M' 'M' 'M' 'M' 'M' 'M' 'M' 'U' 'M' 'M' 'M' 'U' 'M' 'U' 'M' 'M' 'M' 'M'
 'M' 'M' 'M' 'U' 'M' 'U' 'M' 'A' 'A' 'M' 'U' 'M' 'M' 'M' 'M' 'M' 'M' 'M'
 'U' 'M' 'M' 'M' 'M' 'M' 'M' 'M' 'U' 'M' 'M' 'M' 'M' 'M' 'M' 'M' 'M' 'U'
 'M' 'M' 'M' 'U' 'M' 'U' 'U' 'M' 'M' 'M' 'M' 'A' 'M' 'M' 'M' 'M' 'M' 'M'
 'M' 'U' 'M' 'M' 'M' 'M' 'M' 'M' 'U' 'M' 'M' 'M' 'M' 'M' 'U' 'M' 'M' 'M']"
18901,0,167,4,163,31,0,0,"['A' 'M' 'M' 'M' 'M' 'M' 'M' 'M' 'U' 'M' 'U' 'M' 'M' 'M' 'M' 'M' 'M' 'U'
 'U' 'M' 'A' 'M' 'M' 'U' 'U' 'M' 'M' 'M' 'M' 'M' 'M' 'M' 'M' 'M' 'M' 'M'
 'M' 'M' 'M' 'M' 'M' 'U' 'M' 'M' 'M' 'M' 'M' 'M' 'U' 'M' 'M' 'M' 'M' 'M'
 'M' 'M' 'M' 'M' 'U' 'M' 'M' 'M' 'M' 'M' 'M' 'M' 'U' 'M' 'U' 'M' 'M' 'M'
 'U' 'M' 'U' 'M' 'M' 'M' 'M' 'M' 'M' 'M' 'M' 'M' 'M' 'M' 'M' 'M' 'M' 'U'
 'M' 'M' 'M' 'M' 'M' 'U' 'M' 'M' 'U' 'M' 'M' 'M' 'M' 'M' 'M' 'M' 'M' 'U'
 'M' 'M' 'M' 'M' 'M' 'M' 'M' 'U' 'M' 'M' 'M' 'U' 'M' 'U' 'M' 'M' 'M' 'M'
 'M' 'M' 'M' 'M' 'M' 'U' 'M' 'U' 'A' 'M' 'U' 'M' 'M' 'M' 'M' 'M' 'M' 'M'
 'M' 'M' 'M' 'M' 'M' 'M' 'M' 'M' 'U' 'M' 'M' 'M' 'M' 'M' 'M' 'M' 'M' 'M'
 'M' 'M' 'M' 'U' 'M' 'U' 'U' 'M' 'M' 'M' 'M' 'A' 'M' 'M' 'U' 'M' 'M' 'M'
 'M' 'U' 'M' 'M' 'M' 'M' 'M' 'M' 'U' 'M' 'M' 'M' 'M' 'M' 'U' 'M' 'M' 'M']"
19001,0,171,6,165,27,0,0,"['A' 'M' 'M' 'M' 'M' 'M' 'M' 'M' 'M' 'M' 'M' 'M' 'M' 'M' 'M' 'M' 'M' 'U'
 'U' 'M' 'A' 'M' 'M' 'U' 'U' 'M' 'M' 'M' 'M' 'M' 'M' 'M' 'M' 'M' 'M' 'M'
 'M' 'M' 'M' 'M' 'M' 'U' 'M' 'M' 'M' 'M' 'M' 'M' 'M' 'M' 'M' 'M' 'M' 'M'
 'M' 'M' 'M' 'M' 'M' 'M' 'M' 'M' 'M' 'M' 'M' 'M' 'M' 'M' 'M' 'U' 'M' 'M'
 'M' 'M' 'M' 'U' 'M' 'M' 'M' 'M' 'M' 'U' 'U' 'M' 'M' 'M' 'U' 'M' 'M' 'M'
 'M' 'M' 'M' 'M' 'M' 'U' 'M' 'M' 'U' 'M' 'M' 'M' 'M' 'M' 'M' 'M' 'M' 'U'
 'M' 'M' 'M' 'M' 'M' 'M' 'M' 'M' 'M' 'M' 'M' 'U' 'M' 'U' 'M' 'M' 'M' 'M'
 'M' 'M' 'M' 'M' 'M' 'M' 'M' 'M' 'A' 'M' 'U' 'M' 'M' 'M' 'M' 'U' 'M' 'M'
 'M' 'M' 'M' 'M' 'M' 'M' 'M' 'U' 'U' 'M' 'M' 'M' 'M' 'M' 'M' 'M' 'M' 'M'
 'U' 'M' 'M' 'A' 'M' 'U' 'A' 'M' 'M' 'M' 'M' 'A' 'U' 'M' 'U' 'M' 'M' 'M'
 'M' 'M' 'U' 'M' 'M' 'M' 'M' 'M' 'U' 'U' 'M' 'M' 'M' 'M' 'U' 'M' 'M' 'M']"
19101,0,164,5,159,34,1,0,"['A' 'M' 'U' 'M' 'M' 'M' 'M' 'M' 'M' 'M' 'M' 'M' 'M' 'M' 'M' 'M' 'M' 'U'
 'M' 'M' 'A' 'M' 'M' 'U' 'M' 'M' 'M' 'M' 'M' 'M' 'M' 'M' 'M' 'M' 'M' 'M'
 'M' 'M' 'M' 'M' 'M' 'U' 'M' 'U' 'M' 'M' 'U' 'M' 'U' 'M' 'M' 'M' 'M' 'M'
 'M' 'M' 'U' 'M' 'M' 'M' 'M' 'M' 'M' 'M' 'M' 'M' 'M' 'M' 'U' 'M' 'M' 'M'
 'M' 'M' 'M' 'M' 'M' 'M' 'M' 'M' 'U' 'M' 'M' 'M' 'U' 'M' 'U' 'M' 'M' 'M'
 'M' 'U' 'M' 'M' 'M' 'M' 'M' 'M' 'M' 'M' 'M' 'M' 'M' 'M' 'M' 'M' 'M' 'U'
 'M' 'M' 'M' 'M' 'M' 'M' 'M' 'M' 'M' 'U' 'M' 'U' 'M' 'U' 'M' 'M' 'M' 'M'
 'U' 'M' 'M' 'M' 'M' 'M' 'M' 'M' 'A' 'M' 'U' 'M' 'M' 'M' 'U' 'A' 'M' 'M'
 'M' 'M' 'M' 'M' 'M' 'M' 'M' 'M' 'U' 'M' 'M' 'M' 'M' 'M' 'M' 'M' 'M' 'U'
 'M' 'M' 'U' 'U' 'M' 'U' 'A' 'M' 'M' 'M' 'M' 'U' 'U' 'M' 'U' 'M' 'U' 'M'
 'M' 'M' 'U' 'M' 'M' 'M' 'M' 'M' 'U' 'U' 'U' 'M' 'M' 'M' 'U' 'M' 'M' 'M']"
19201,0,164,4,160,34,0,0,"['A' 'M' 'M' 'M' 'M' 'U' 'M' 'M' 'M' 'M' 'M' 'M' 'M' 'U' 'M' 'M' 'M' 'U'
 'M' 'M' 'U' 'M' 'M' 'U' 'M' 'M' 'M' 'M' 'M' 'M' 'M' 'M' 'M' 'M' 'M' 'M'
 'M' 'M' 'M' 'M' 'M' 'U' 'M' 'U' 'M' 'M' 'U' 'M' 'U' 'M' 'M' 'U' 'M' 'M'
 'M' 'M' 'U' 'M' 'M' 'M' 'M' 'M' 'M' 'M' 'M' 'U' 'M' 'M' 'M' 'U' 'M' 'M'
 'M' 'M' 'U' 'M' 'M' 'M' 'M' 'U' 'M' 'M' 'M' 'M' 'M' 'M' 'M' 'M' 'M' 'M'
 'M' 'U' 'M' 'M' 'M' 'M' 'M' 'M' 'M' 'M' 'M' 'M' 'M' 'M' 'M' 'M' 'M' 'M'
 'M' 'M' 'M' 'M' 'M' 'U' 'M' 'M' 'M' 'M' 'M' 'M' 'M' 'U' 'M' 'M' 'M' 'M'
 'U' 'M' 'M' 'M' 'M' 'M' 'M' 'M' 'A' 'M' 'U' 'M' 'M' 'M' 'U' 'A' 'M' 'M'
 'M' 'M' 'M' 'M' 'U' 'M' 'M' 'M' 'U' 'M' 'M' 'M' 'M' 'M' 'M' 'M' 'M' 'U'
 'M' 'M' 'U' 'M' 'M' 'U' 'A' 'M' 'M' 'M' 'M' 'U' 'U' 'M' 'U' 'M' 'M' 'M'
 'U' 'M' 'U' 'M' 'M' 'M' 'M' 'M' 'M' 'U' 'U' 'M' 'M' 'M' 'U' 'M' 'M' 'M']"
19301,0,164,6,158,34,0,0,"['A' 'U' 'M' 'M' 'M' 'M' 'M' 'M' 'M' 'M' 'M' 'M' 'M' 'U' 'M' 'M' 'M' 'U'
 'M' 'M' 'U' 'M' 'M' 'U' 'M' 'U' 'M' 'M' 'M' 'M' 'M' 'M' 'M' 'M' 'M' 'M'
 'M' 'M' 'M' 'M' 'M' 'U' 'M' 'U' 'M' 'M' 'U' 'M' 'U' 'M' 'M' 'M' 'M' 'M'
 'M' 'M' 'M' 'M' 'M' 'M' 'M' 'M' 'M' 'M' 'M' 'M' 'M' 'M' 'M' 'M' 'M' 'M'
 'M' 'M' 'M' 'M' 'M' 'M' 'M' 'M' 'U' 'U' 'U' 'M' 'M' 'M' 'M' 'U' 'M' 'M'
 'M' 'M' 'M' 'U' 'M' 'M' 'M' 'M' 'M' 'M' 'M' 'M' 'M' 'M' 'M' 'M' 'M' 'M'
 'M' 'M' 'M' 'M' 'M' 'U' 'M' 'M' 'M' 'M' 'M' 'M' 'M' 'U' 'M' 'M' 'M' 'M'
 'U' 'M' 'M' 'M' 'M' 'M' 'U' 'U' 'A' 'M' 'U' 'U' 'U' 'M' 'U' 'A' 'M' 'M'
 'M' 'M' 'M' 'M' 'U' 'M' 'M' 'M' 'U' 'M' 'M' 'M' 'U' 'M' 'U' 'M' 'M' 'U'
 'M' 'M' 'A' 'M' 'M' 'U' 'A' 'M' 'M' 'M' 'M' 'U' 'M' 'M' 'U' 'M' 'M' 'M'
 'U' 'M' 'U' 'M' 'M' 'M' 'M' 'M' 'M' 'M' 'M' 'M' 'M' 'M' 'M' 'A' 'M' 'M']"
19401,0,164,5,159,34,0,1,"['A' 'U' 'M' 'M' 'M' 'M' 'M' 'M' 'M' 'M' 'M' 'M' 'M' 'U' 'M' 'M' 'M' 'M'
 'M' 'M' 'U' 'M' 'M' 'U' 'M' 'M' 'M' 'M' 'M' 'M' 'M' 'M' 'M' 'M' 'M' 'M'
 'M' 'M' 'M' 'M' 'M' 'U' 'M' 'U' 'M' 'M' 'U' 'M' 'U' 'M' 'M' 'M' 'M' 'M'
 'M' 'M' 'M' 'M' 'M' 'M' 'M' 'M' 'M' 'M' 'M' 'U' 'M' 'M' 'M' 'U' 'M' 'M'
 'M' 'U' 'M' 'U' 'M' 'M' 'M' 'M' 'M' 'U' 'M' 'M' 'M' 'M' 'M' 'M' 'M' 'M'
 'M' 'M' 'M' 'M' 'M' 'M' 'U' 'U' 'M' 'M' 'M' 'M' 'M' 'M' 'M' 'M' 'M' 'M'
 'M' 'U' 'M' 'M' 'M' 'U' 'M' 'M' 'M' 'M' 'M' 'M' 'M' 'M' 'M' 'M' 'M' 'M'
 'M' 'M' 'M' 'M' 'M' 'M' 'U' 'U' 'A' 'M' 'U' 'M' 'U' 'M' 'U' 'A' 'M' 'U'
 'M' 'M' 'M' 'M' 'U' 'M' 'M' 'M' 'U' 'M' 'M' 'M' 'U' 'M' 'A' 'M' 'M' 'U'
 'M' 'M' 'U' 'M' 'U' 'U' 'A' 'M' 'M' 'M' 'M' 'U' 'M' 'M' 'U' 'M' 'M' 'M'
 'M' 'M' 'M' 'M' 'M' 'M' 'M' 'M' 'M' 'M' 'M' 'M' 'M' 'M' 'M' 'U' 'M' 'U']"
19501,0,164,6,158,34,0,0,"['A' 'U' 'M' 'M' 'M' 'M' 'M' 'M' 'M' 'M' 'M' 'M' 'M' 'U' 'M' 'M' 'M' 'U'
 'M' 'M' 'M' 'M' 'M' 'U' 'M' 'M' 'U' 'M' 'M' 'M' 'M' 'M' 'M' 'M' 'M' 'M'
 'M' 'M' 'M' 'M' 'M' 'U' 'M' 'U' 'M' 'M' 'M' 'M' 'U' 'M' 'M' 'M' 'M' 'M'
 'M' 'U' 'M' 'M' 'M' 'M' 'M' 'M' 'M' 'M' 'M' 'M' 'M' 'M' 'M' 'M' 'M' 'M'
 'M' 'U' 'U' 'M' 'M' 'M' 'M' 'M' 'M' 'M' 'U' 'M' 'M' 'M' 'M' 'U' 'M' 'U'
 'M' 'M' 'M' 'M' 'M' 'M' 'U' 'U' 'M' 'U' 'M' 'M' 'M' 'M' 'M' 'M' 'M' 'M'
 'M' 'U' 'M' 'M' 'M' 'M' 'M' 'M' 'M' 'M' 'M' 'M' 'M' 'M' 'M' 'M' 'M' 'M'
 'M' 'U' 'M' 'M' 'M' 'U' 'M' 'U' 'A' 'M' 'U' 'U' 'M' 'M' 'U' 'A' 'M' 'M'
 'M' 'M' 'M' 'M' 'U' 'M' 'M' 'M' 'M' 'M' 'M' 'M' 'U' 'M' 'A' 'M' 'M' 'A'
 'U' 'M' 'U' 'M' 'M' 'U' 'A' 'M' 'M' 'U' 'M' 'U' 'M' 'M' 'U' 'M' 'M' 'M'
 'M' 'M' 'M' 'M' 'M' 'M' 'U' 'M' 'M' 'M' 'M' 'M' 'M' 'M' 'M' 'U' 'M' 'M']"
19601,0,166,4,162,32,0,0,"['A' 'U' 'M' 'M' 'M' 'M' 'M' 'M' 'M' 'M' 'M' 'M' 'M' 'U' 'M' 'M' 'M' 'M'
 'M' 'M' 'M' 'M' 'M' 'U' 'M' 'M' 'M' 'M' 'U' 'M' 'M' 'M' 'M' 'M' 'M' 'M'
 'M' 'M' 'M' 'M' 'M' 'M' 'M' 'U' 'M' 'M' 'M' 'M' 'U' 'M' 'M' 'M' 'M' 'M'
 'M' 'U' 'M' 'M' 'M' 'M' 'M' 'M' 'M' 'M' 'M' 'M' 'M' 'M' 'M' 'M' 'M' 'U'
 'M' 'M' 'M' 'M' 'M' 'M' 'M' 'U' 'M' 'M' 'U' 'M' 'M' 'M' 'M' 'M' 'M' 'M'
 'U' 'U' 'M' 'M' 'M' 'M' 'U' 'U' 'M' 'M' 'M' 'M' 'M' 'M' 'M' 'M' 'M' 'M'
 'M' 'M' 'M' 'M' 'M' 'M' 'M' 'M' 'M' 'M' 'M' 'M' 'M' 'M' 'M' 'M' 'M' 'M'
 'M' 'U' 'M' 'M' 'M' 'M' 'U' 'M' 'U' 'U' 'U' 'U' 'M' 'M' 'U' 'A' 'M' 'U'
 'M' 'M' 'M' 'M' 'U' 'M' 'M' 'M' 'M' 'M' 'M' 'M' 'M' 'M' 'U' 'M' 'M' 'U'
 'U' 'M' 'U' 'M' 'M' 'U' 'A' 'M' 'U' 'U' 'M' 'U' 'M' 'M' 'A' 'M' 'M' 'M'
 'M' 'M' 'M' 'M' 'M' 'M' 'U' 'M' 'M' 'M' 'M' 'M' 'M' 'M' 'M' 'M' 'M' 'M']"
19701,0,170,5,165,28,0,1,"['A' 'U' 'U' 'M' 'M' 'M' 'M' 'M' 'M' 'M' 'M' 'M' 'M' 'U' 'M' 'M' 'M' 'M'
 'M' 'M' 'M' 'M' 'M' 'U' 'M' 'M' 'M' 'M' 'M' 'M' 'M' 'M' 'M' 'M' 'M' 'M'
 'M' 'M' 'M' 'M' 'M' 'M' 'M' 'M' 'U' 'M' 'M' 'M' 'M' 'U' 'M' 'M' 'M' 'M'
 'M' 'M' 'M' 'M' 'M' 'M' 'M' 'M' 'M' 'M' 'U' 'M' 'M' 'M' 'M' 'M' 'M' 'M'
 'U' 'M' 'M' 'U' 'M' 'M' 'M' 'M' 'M' 'M' 'U' 'U' 'M' 'M' 'M' 'M' 'M' 'M'
 'M' 'M' 'U' 'M' 'M' 'M' 'U' 'U' 'M' 'M' 'M' 'M' 'M' 'M' 'M' 'M' 'M' 'M'
 'M' 'M' 'M' 'M' 'M' 'M' 'M' 'M' 'M' 'M' 'M' 'M' 'M' 'M' 'M' 'M' 'M' 'M'
 'M' 'A' 'M' 'M' 'M' 'M' 'U' 'M' 'U' 'M' 'U' 'U' 'M' 'M' 'M' 'U' 'M' 'U'
 'M' 'M' 'M' 'M' 'M' 'M' 'M' 'M' 'M' 'M' 'M' 'M' 'M' 'M' 'U' 'M' 'M' 'U'
 'U' 'M' 'U' 'M' 'M' 'A' 'A' 'M' 'U' 'U' 'M' 'U' 'M' 'M' 'A' 'M' 'U' 'M'
 'M' 'M' 'M' 'M' 'M' 'M' 'M' 'M' 'M' 'M' 'M' 'M' 'M' 'M' 'M' 'M' 'M' 'M']"
19801,0,168,5,163,30,0,0,"['A' 'U' 'U' 'M' 'M' 'M' 'M' 'M' 'M' 'M' 'M' 'M' 'M' 'M' 'M' 'M' 'M' 'M'
 'M' 'M' 'M' 'M' 'M' 'U' 'M' 'M' 'M' 'M' 'M' 'M' 'U' 'M' 'M' 'M' 'M' 'M'
 'M' 'M' 'M' 'M' 'M' 'M' 'M' 'M' 'U' 'M' 'M' 'M' 'M' 'M' 'M' 'M' 'M' 'M'
 'M' 'M' 'M' 'M' 'M' 'M' 'M' 'M' 'M' 'M' 'U' 'M' 'M' 'M' 'M' 'M' 'M' 'U'
 'M' 'M' 'U' 'U' 'M' 'M' 'U' 'M' 'M' 'M' 'M' 'U' 'M' 'M' 'M' 'M' 'M' 'M'
 'M' 'M' 'M' 'M' 'M' 'U' 'U' 'U' 'U' 'M' 'M' 'M' 'M' 'U' 'M' 'M' 'M' 'M'
 'M' 'M' 'M' 'M' 'M' 'M' 'M' 'M' 'M' 'M' 'M' 'M' 'M' 'U' 'M' 'M' 'M' 'M'
 'M' 'M' 'M' 'M' 'M' 'M' 'M' 'M' 'U' 'M' 'U' 'U' 'M' 'M' 'M' 'A' 'M' 'U'
 'M' 'M' 'M' 'M' 'M' 'M' 'M' 'M' 'M' 'M' 'M' 'M' 'M' 'M' 'U' 'M' 'M' 'U'
 'U' 'M' 'U' 'M' 'M' 'A' 'A' 'M' 'U' 'U' 'M' 'U' 'M' 'U' 'A' 'M' 'U' 'M'
 'M' 'M' 'M' 'M' 'M' 'M' 'M' 'M' 'M' 'M' 'M' 'M' 'M' 'M' 'M' 'M' 'M' 'M']"
19901,0,168,2,166,30,0,0,"['A' 'U' 'U' 'U' 'M' 'M' 'M' 'M' 'M' 'M' 'M' 'U' 'M' 'M' 'M' 'U' 'M' 'M'
 'M' 'M' 'M' 'M' 'M' 'U' 'M' 'M' 'M' 'M' 'M' 'M' 'U' 'M' 'M' 'M' 'M' 'M'
 'M' 'M' 'M' 'M' 'M' 'M' 'M' 'M' 'U' 'M' 'U' 'M' 'M' 'M' 'M' 'M' 'M' 'M'
 'M' 'M' 'M' 'M' 'M' 'M' 'M' 'M' 'M' 'M' 'M' 'M' 'M' 'M' 'M' 'U' 'M' 'U'
 'M' 'U' 'M' 'M' 'M' 'M' 'M' 'M' 'M' 'M' 'M' 'M' 'M' 'M' 'M' 'U' 'M' 'M'
 'M' 'U' 'M' 'M' 'M' 'M' 'M' 'M' 'M' 'M' 'M' 'M' 'M' 'U' 'M' 'U' 'M' 'M'
 'M' 'M' 'M' 'M' 'M' 'M' 'M' 'M' 'M' 'M' 'M' 'U' 'M' 'M' 'M' 'M' 'M' 'M'
 'M' 'M' 'M' 'M' 'M' 'M' 'M' 'M' 'U' 'M' 'U' 'U' 'M' 'M' 'M' 'U' 'M' 'U'
 'M' 'M' 'M' 'M' 'M' 'M' 'M' 'M' 'M' 'M' 'M' 'M' 'M' 'M' 'M' 'M' 'M' 'U'
 'U' 'M' 'U' 'M' 'M' 'U' 'A' 'M' 'U' 'M' 'M' 'M' 'M' 'U' 'U' 'M' 'U' 'M'
 'M' 'M' 'M' 'M' 'M' 'M' 'M' 'M' 'M' 'M' 'M' 'M' 'M' 'M' 'M' 'M' 'M' 'M']"
20001,0,169,3,166,29,0,0,"['A' 'M' 'U' 'U' 'M' 'M' 'M' 'M' 'M' 'M' 'M' 'M' 'M' 'M' 'M' 'M' 'M' 'M'
 'M' 'M' 'M' 'M' 'M' 'U' 'M' 'M' 'M' 'M' 'M' 'M' 'U' 'M' 'M' 'M' 'M' 'M'
 'M' 'M' 'M' 'M' 'M' 'U' 'M' 'M' 'A' 'M' 'U' 'M' 'M' 'M' 'U' 'M' 'M' 'M'
 'M' 'M' 'M' 'M' 'M' 'M' 'M' 'M' 'M' 'M' 'M' 'U' 'M' 'U' 'U' 'M' 'M' 'M'
 'M' 'M' 'U' 'M' 'M' 'M' 'M' 'M' 'M' 'M' 'M' 'M' 'M' 'M' 'M' 'M' 'M' 'M'
 'M' 'M' 'M' 'U' 'M' 'M' 'M' 'M' 'M' 'M' 'M' 'M' 'M' 'U' 'M' 'U' 'M' 'M'
 'M' 'M' 'M' 'M' 'M' 'M' 'M' 'M' 'M' 'M' 'M' 'U' 'M' 'U' 'M' 'M' 'M' 'M'
 'M' 'M' 'M' 'U' 'M' 'M' 'M' 'M' 'M' 'M' 'U' 'U' 'M' 'M' 'M' 'M' 'M' 'U'
 'M' 'M' 'M' 'M' 'M' 'M' 'M' 'M' 'M' 'M' 'M' 'M' 'M' 'M' 'M' 'M' 'M' 'M'
 'M' 'M' 'U' 'U' 'M' 'U' 'A' 'M' 'U' 'M' 'M' 'M' 'U' 'U' 'U' 'M' 'U' 'M'
 'M' 'M' 'M' 'M' 'M' 'M' 'M' 'M' 'M' 'M' 'M' 'M' 'M' 'M' 'U' 'M' 'M' 'M']"
20101,0,163,3,160,35,0,0,"['A' 'M' 'U' 'U' 'M' 'M' 'M' 'M' 'M' 'M' 'M' 'M' 'M' 'M' 'M' 'M' 'M' 'M'
 'M' 'M' 'M' 'U' 'M' 'U' 'M' 'M' 'M' 'M' 'M' 'M' 'M' 'M' 'M' 'M' 'M' 'M'
 'M' 'M' 'M' 'M' 'M' 'U' 'M' 'M' 'A' 'M' 'U' 'M' 'M' 'M' 'U' 'M' 'M' 'M'
 'M' 'M' 'U' 'M' 'M' 'M' 'M' 'M' 'M' 'M' 'M' 'U' 'U' 'M' 'M' 'M' 'M' 'M'
 'M' 'M' 'M' 'M' 'U' 'M' 'M' 'M' 'M' 'M' 'U' 'M' 'U' 'M' 'M' 'M' 'M' 'M'
 'M' 'M' 'M' 'M' 'M' 'M' 'M' 'M' 'U' 'M' 'M' 'M' 'M' 'U' 'M' 'U' 'M' 'M'
 'M' 'M' 'M' 'M' 'M' 'M' 'U' 'M' 'M' 'M' 'M' 'U' 'M' 'U' 'M' 'M' 'M' 'M'
 'M' 'M' 'M' 'U' 'M' 'M' 'M' 'M' 'M' 'M' 'M' 'U' 'M' 'M' 'M' 'M' 'M' 'U'
 'M' 'M' 'M' 'M' 'M' 'M' 'M' 'M' 'M' 'M' 'M' 'M' 'M' 'M' 'U' 'M' 'U' 'M'
 'M' 'M' 'A' 'U' 'M' 'U' 'M' 'M' 'U' 'M' 'M' 'M' 'U' 'U' 'U' 'M' 'U' 'M'
 'M' 'M' 'M' 'M' 'M' 'M' 'M' 'M' 'M' 'M' 'U' 'U' 'U' 'M' 'U' 'M' 'M' 'M']"
20201,0,160,5,155,38,0,0,"['A' 'M' 'M' 'A' 'U' 'M' 'M' 'M' 'M' 'M' 'M' 'M' 'M' 'M' 'M' 'M' 'U' 'M'
 'M' 'M' 'M' 'U' 'M' 'M' 'M' 'M' 'M' 'M' 'M' 'M' 'M' 'M' 'M' 'M' 'U' 'M'
 'M' 'M' 'M' 'M' 'M' 'U' 'M' 'M' 'A' 'A' 'U' 'M' 'M' 'M' 'U' 'M' 'M' 'M'
 'M' 'M' 'U' 'M' 'M' 'M' 'M' 'M' 'M' 'M' 'M' 'U' 'M' 'M' 'M' 'M' 'M' 'M'
 'M' 'M' 'M' 'U' 'U' 'M' 'M' 'M' 'U' 'M' 'M' 'M' 'M' 'M' 'M' 'M' 'M' 'U'
 'M' 'M' 'M' 'M' 'M' 'M' 'M' 'M' 'U' 'M' 'M' 'M' 'M' 'U' 'M' 'U' 'M' 'M'
 'M' 'M' 'M' 'M' 'U' 'M' 'U' 'M' 'M' 'M' 'M' 'U' 'M' 'U' 'M' 'U' 'M' 'M'
 'M' 'M' 'M' 'M' 'M' 'U' 'M' 'M' 'M' 'M' 'M' 'M' 'M' 'M' 'M' 'M' 'M' 'U'
 'M' 'M' 'M' 'M' 'M' 'M' 'M' 'M' 'M' 'M' 'M' 'M' 'M' 'M' 'U' 'M' 'U' 'M'
 'M' 'U' 'A' 'U' 'M' 'U' 'M' 'M' 'U' 'M' 'M' 'M' 'U' 'M' 'U' 'U' 'U' 'M'
 'M' 'M' 'M' 'U' 'M' 'M' 'M' 'M' 'M' 'M' 'U' 'U' 'U' 'M' 'U' 'M' 'M' 'M']"
20301,0,160,6,154,38,0,0,"['A' 'M' 'M' 'A' 'M' 'M' 'M' 'M' 'M' 'M' 'M' 'M' 'M' 'M' 'M' 'M' 'M' 'M'
 'M' 'M' 'M' 'U' 'M' 'M' 'M' 'M' 'M' 'M' 'M' 'M' 'M' 'M' 'M' 'M' 'A' 'M'
 'M' 'M' 'M' 'M' 'M' 'U' 'M' 'M' 'A' 'A' 'M' 'M' 'M' 'M' 'U' 'M' 'M' 'M'
 'M' 'M' 'U' 'M' 'M' 'M' 'M' 'M' 'M' 'M' 'M' 'M' 'U' 'M' 'U' 'M' 'M' 'M'
 'M' 'M' 'U' 'M' 'M' 'M' 'M' 'M' 'M' 'M' 'M' 'M' 'M' 'M' 'M' 'M' 'U' 'M'
 'M' 'M' 'M' 'M' 'U' 'M' 'M' 'M' 'U' 'M' 'M' 'M' 'M' 'U' 'M' 'U' 'M' 'M'
 'M' 'M' 'M' 'M' 'M' 'M' 'U' 'M' 'M' 'M' 'M' 'A' 'M' 'U' 'M' 'U' 'M' 'M'
 'M' 'M' 'M' 'M' 'M' 'M' 'U' 'U' 'U' 'U' 'U' 'U' 'U' 'M' 'U' 'M' 'M' 'U'
 'M' 'M' 'M' 'M' 'M' 'M' 'U' 'M' 'M' 'M' 'M' 'M' 'M' 'M' 'U' 'M' 'U' 'M'
 'M' 'M' 'U' 'U' 'U' 'M' 'M' 'M' 'U' 'M' 'M' 'M' 'U' 'M' 'U' 'U' 'U' 'M'
 'M' 'M' 'M' 'U' 'M' 'M' 'M' 'M' 'M' 'M' 'M' 'U' 'U' 'M' 'M' 'M' 'M' 'M']"
20401,0,157,4,153,41,0,1,"['A' 'M' 'M' 'A' 'M' 'M' 'M' 'M' 'M' 'M' 'M' 'M' 'M' 'M' 'M' 'M' 'M' 'M'
 'M' 'M' 'M' 'U' 'M' 'M' 'M' 'M' 'M' 'M' 'M' 'M' 'M' 'M' 'U' 'M' 'U' 'M'
 'M' 'M' 'M' 'M' 'M' 'M' 'M' 'M' 'U' 'A' 'M' 'U' 'M' 'M' 'U' 'M' 'M' 'U'
 'M' 'M' 'U' 'M' 'M' 'M' 'M' 'M' 'M' 'M' 'U' 'M' 'M' 'M' 'M' 'M' 'M' 'M'
 'M' 'M' 'M' 'M' 'U' 'M' 'M' 'U' 'M' 'M' 'U' 'M' 'M' 'M' 'M' 'M' 'M' 'M'
 'U' 'M' 'M' 'M' 'U' 'M' 'M' 'M' 'U' 'U' 'M' 'M' 'M' 'M' 'U' 'U' 'M' 'M'
 'M' 'M' 'M' 'M' 'M' 'M' 'M' 'M' 'M' 'M' 'M' 'A' 'M' 'U' 'M' 'M' 'M' 'M'
 'M' 'M' 'U' 'M' 'M' 'M' 'U' 'U' 'U' 'U' 'U' 'U' 'U' 'M' 'U' 'M' 'M' 'U'
 'M' 'M' 'M' 'M' 'M' 'U' 'U' 'M' 'M' 'M' 'M' 'M' 'M' 'M' 'M' 'M' 'U' 'M'
 'M' 'M' 'U' 'M' 'U' 'M' 'M' 'M' 'U' 'M' 'M' 'M' 'M' 'M' 'U' 'U' 'U' 'M'
 'M' 'M' 'M' 'M' 'M' 'M' 'U' 'M' 'M' 'M' 'M' 'U' 'M' 'U' 'M' 'M' 'M' 'M']"
20501,0,158,6,152,40,0,0,"['A' 'M' 'M' 'A' 'M' 'M' 'M' 'M' 'M' 'M' 'M' 'M' 'M' 'U' 'M' 'U' 'M' 'M'
 'M' 'M' 'M' 'U' 'M' 'U' 'M' 'M' 'M' 'M' 'M' 'M' 'M' 'M' 'U' 'M' 'U' 'M'
 'M' 'U' 'M' 'M' 'M' 'M' 'M' 'M' 'U' 'A' 'M' 'U' 'M' 'M' 'U' 'M' 'M' 'U'
 'M' 'M' 'A' 'M' 'M' 'M' 'M' 'M' 'M' 'M' 'M' 'M' 'M' 'M' 'U' 'U' 'M' 'M'
 'M' 'M' 'M' 'M' 'M' 'M' 'M' 'M' 'M' 'U' 'M' 'M' 'M' 'M' 'U' 'M' 'M' 'M'
 'U' 'M' 'M' 'M' 'M' 'M' 'M' 'M' 'U' 'U' 'M' 'M' 'M' 'M' 'U' 'M' 'M' 'M'
 'M' 'M' 'M' 'M' 'M' 'M' 'M' 'M' 'M' 'M' 'U' 'A' 'M' 'U' 'M' 'M' 'M' 'M'
 'M' 'M' 'A' 'M' 'M' 'M' 'U' 'U' 'M' 'U' 'U' 'U' 'U' 'M' 'U' 'M' 'M' 'U'
 'M' 'M' 'M' 'M' 'U' 'U' 'U' 'M' 'M' 'M' 'M' 'M' 'M' 'M' 'M' 'M' 'U' 'M'
 'M' 'M' 'U' 'M' 'U' 'M' 'M' 'M' 'M' 'M' 'M' 'M' 'M' 'M' 'U' 'U' 'U' 'M'
 'M' 'M' 'M' 'M' 'M' 'M' 'M' 'M' 'M' 'M' 'M' 'U' 'M' 'U' 'M' 'M' 'M' 'M']"
20601,0,157,10,147,41,0,0,"['A' 'M' 'M' 'A' 'U' 'M' 'M' 'U' 'M' 'M' 'M' 'M' 'M' 'U' 'M' 'M' 'M' 'M'
 'M' 'M' 'M' 'U' 'M' 'U' 'M' 'U' 'M' 'M' 'M' 'M' 'M' 'M' 'U' 'M' 'U' 'M'
 'M' 'U' 'M' 'M' 'M' 'M' 'M' 'U' 'M' 'A' 'M' 'U' 'M' 'M' 'U' 'M' 'M' 'M'
 'M' 'M' 'A' 'M' 'M' 'M' 'M' 'M' 'M' 'M' 'M' 'M' 'M' 'M' 'M' 'M' 'U' 'M'
 'M' 'M' 'M' 'U' 'M' 'U' 'U' 'M' 'M' 'M' 'M' 'M' 'M' 'M' 'M' 'M' 'M' 'M'
 'M' 'M' 'M' 'M' 'U' 'M' 'M' 'M' 'M' 'U' 'M' 'M' 'U' 'M' 'U' 'M' 'M' 'M'
 'M' 'M' 'M' 'M' 'M' 'M' 'M' 'M' 'M' 'U' 'U' 'A' 'M' 'U' 'M' 'M' 'M' 'M'
 'M' 'M' 'A' 'M' 'M' 'M' 'U' 'U' 'U' 'A' 'U' 'U' 'U' 'M' 'A' 'M' 'M' 'U'
 'M' 'M' 'M' 'M' 'U' 'A' 'U' 'U' 'M' 'M' 'M' 'M' 'M' 'M' 'M' 'M' 'U' 'M'
 'M' 'M' 'U' 'M' 'U' 'M' 'M' 'M' 'M' 'M' 'M' 'M' 'M' 'M' 'A' 'U' 'M' 'M'
 'M' 'U' 'M' 'M' 'M' 'M' 'M' 'M' 'M' 'M' 'M' 'U' 'M' 'U' 'U' 'M' 'M' 'M']"
20701,0,163,10,153,35,0,0,"['A' 'M' 'M' 'A' 'M' 'U' 'M' 'U' 'M' 'M' 'M' 'M' 'M' 'U' 'M' 'M' 'M' 'M'
 'M' 'M' 'M' 'M' 'M' 'M' 'M' 'U' 'M' 'M' 'M' 'M' 'M' 'M' 'U' 'M' 'U' 'M'
 'M' 'U' 'M' 'M' 'M' 'M' 'M' 'U' 'M' 'A' 'M' 'U' 'M' 'M' 'U' 'M' 'M' 'M'
 'M' 'M' 'A' 'M' 'M' 'M' 'M' 'M' 'M' 'M' 'M' 'M' 'M' 'U' 'M' 'U' 'U' 'M'
 'M' 'U' 'M' 'M' 'M' 'M' 'U' 'M' 'M' 'M' 'M' 'M' 'M' 'M' 'M' 'M' 'M' 'M'
 'M' 'M' 'M' 'M' 'M' 'M' 'M' 'M' 'M' 'M' 'M' 'M' 'U' 'M' 'U' 'M' 'M' 'M'
 'M' 'M' 'M' 'M' 'M' 'M' 'M' 'M' 'M' 'U' 'M' 'U' 'M' 'M' 'M' 'M' 'M' 'M'
 'M' 'M' 'A' 'M' 'M' 'M' 'U' 'U' 'M' 'U' 'U' 'U' 'U' 'M' 'A' 'M' 'M' 'A'
 'M' 'M' 'M' 'M' 'U' 'A' 'M' 'U' 'M' 'M' 'M' 'M' 'M' 'M' 'M' 'U' 'M' 'M'
 'M' 'M' 'M' 'M' 'A' 'U' 'U' 'M' 'M' 'M' 'U' 'M' 'M' 'M' 'A' 'M' 'M' 'M'
 'M' 'U' 'M' 'M' 'M' 'M' 'M' 'M' 'M' 'M' 'M' 'U' 'M' 'U' 'U' 'M' 'M' 'M']"
20801,0,162,11,151,36,0,0,"['A' 'M' 'M' 'A' 'U' 'U' 'M' 'U' 'M' 'M' 'M' 'M' 'M' 'U' 'M' 'M' 'M' 'M'
 'M' 'M' 'M' 'M' 'M' 'M' 'M' 'M' 'M' 'M' 'M' 'M' 'U' 'M' 'U' 'U' 'M' 'M'
 'U' 'U' 'M' 'M' 'M' 'M' 'M' 'U' 'M' 'A' 'M' 'U' 'M' 'M' 'M' 'M' 'M' 'M'
 'M' 'M' 'A' 'M' 'M' 'M' 'M' 'M' 'M' 'M' 'M' 'M' 'M' 'U' 'M' 'M' 'U' 'M'
 'U' 'M' 'M' 'M' 'M' 'U' 'M' 'M' 'U' 'M' 'M' 'M' 'M' 'M' 'M' 'M' 'M' 'M'
 'M' 'M' 'M' 'M' 'M' 'M' 'M' 'M' 'M' 'M' 'M' 'M' 'A' 'M' 'U' 'M' 'M' 'M'
 'M' 'M' 'M' 'M' 'M' 'M' 'M' 'M' 'M' 'U' 'M' 'U' 'M' 'M' 'M' 'M' 'M' 'M'
 'M' 'M' 'A' 'M' 'M' 'U' 'M' 'M' 'U' 'U' 'U' 'U' 'U' 'M' 'A' 'M' 'U' 'A'
 'M' 'M' 'M' 'M' 'U' 'A' 'U' 'U' 'M' 'M' 'M' 'M' 'M' 'M' 'M' 'U' 'M' 'M'
 'M' 'M' 'M' 'M' 'A' 'U' 'U' 'M' 'M' 'M' 'U' 'M' 'M' 'M' 'A' 'M' 'M' 'M'
 'M' 'U' 'M' 'M' 'M' 'U' 'M' 'M' 'M' 'M' 'M' 'M' 'M' 'U' 'M' 'M' 'M' 'M']"
20901,0,163,9,154,35,0,0,"['A' 'M' 'M' 'A' 'U' 'M' 'M' 'M' 'M' 'U' 'M' 'M' 'M' 'U' 'M' 'M' 'M' 'M'
 'M' 'M' 'M' 'M' 'M' 'M' 'M' 'M' 'M' 'M' 'M' 'M' 'M' 'M' 'U' 'A' 'M' 'M'
 'M' 'U' 'M' 'M' 'M' 'M' 'M' 'U' 'M' 'U' 'M' 'M' 'M' 'M' 'M' 'M' 'M' 'M'
 'U' 'M' 'A' 'M' 'M' 'M' 'M' 'M' 'M' 'M' 'M' 'M' 'M' 'M' 'M' 'M' 'M' 'M'
 'M' 'U' 'U' 'M' 'M' 'M' 'M' 'M' 'M' 'M' 'M' 'M' 'M' 'M' 'M' 'U' 'M' 'M'
 'M' 'U' 'M' 'M' 'U' 'U' 'M' 'M' 'M' 'M' 'U' 'M' 'A' 'M' 'U' 'M' 'M' 'M'
 'M' 'M' 'M' 'M' 'M' 'M' 'M' 'M' 'M' 'A' 'M' 'U' 'M' 'M' 'M' 'M' 'M' 'M'
 'M' 'M' 'A' 'M' 'M' 'U' 'M' 'M' 'U' 'U' 'U' 'M' 'U' 'M' 'M' 'M' 'U' 'U'
 'M' 'M' 'M' 'M' 'M' 'A' 'U' 'U' 'M' 'M' 'M' 'M' 'M' 'M' 'M' 'U' 'M' 'M'
 'M' 'M' 'M' 'M' 'A' 'U' 'U' 'M' 'M' 'M' 'U' 'M' 'M' 'M' 'U' 'M' 'U' 'M'
 'M' 'U' 'M' 'M' 'M' 'U' 'M' 'M' 'M' 'M' 'M' 'M' 'M' 'U' 'M' 'M' 'M' 'M']"
21001,0,156,8,148,42,0,1,"['A' 'M' 'M' 'A' 'M' 'M' 'M' 'M' 'M' 'U' 'M' 'M' 'M' 'U' 'M' 'M' 'M' 'M'
 'M' 'M' 'M' 'M' 'M' 'M' 'M' 'M' 'M' 'M' 'M' 'M' 'M' 'M' 'U' 'A' 'M' 'A'
 'M' 'U' 'M' 'U' 'M' 'M' 'M' 'U' 'U' 'U' 'M' 'M' 'M' 'M' 'U' 'M' 'M' 'M'
 'U' 'U' 'U' 'M' 'M' 'M' 'M' 'M' 'M' 'M' 'M' 'M' 'M' 'M' 'M' 'U' 'U' 'M'
 'M' 'M' 'M' 'M' 'M' 'M' 'M' 'M' 'U' 'M' 'M' 'M' 'M' 'U' 'M' 'M' 'M' 'M'
 'M' 'M' 'M' 'U' 'M' 'U' 'M' 'M' 'M' 'M' 'U' 'M' 'A' 'M' 'U' 'M' 'M' 'M'
 'M' 'M' 'M' 'M' 'M' 'M' 'M' 'M' 'M' 'U' 'M' 'U' 'M' 'M' 'M' 'M' 'M' 'M'
 'M' 'M' 'A' 'M' 'M' 'U' 'M' 'M' 'U' 'U' 'U' 'M' 'M' 'M' 'U' 'M' 'U' 'A'
 'M' 'M' 'M' 'M' 'M' 'U' 'U' 'U' 'M' 'U' 'M' 'M' 'U' 'M' 'M' 'U' 'M' 'M'
 'M' 'M' 'M' 'M' 'A' 'U' 'U' 'M' 'M' 'M' 'U' 'M' 'M' 'M' 'U' 'M' 'U' 'M'
 'M' 'M' 'M' 'M' 'M' 'U' 'M' 'M' 'M' 'M' 'M' 'M' 'U' 'U' 'M' 'M' 'M' 'M']"
21101,0,155,11,144,43,0,0,"['A' 'M' 'M' 'U' 'M' 'M' 'M' 'M' 'M' 'A' 'M' 'U' 'M' 'U' 'M' 'M' 'M' 'M'
 'M' 'M' 'M' 'M' 'M' 'M' 'M' 'M' 'M' 'M' 'M' 'M' 'M' 'M' 'M' 'A' 'M' 'A'
 'M' 'U' 'M' 'M' 'U' 'M' 'M' 'U' 'U' 'A' 'M' 'M' 'M' 'M' 'U' 'M' 'M' 'M'
 'U' 'U' 'A' 'M' 'M' 'M' 'M' 'M' 'M' 'M' 'M' 'U' 'M' 'M' 'M' 'M' 'M' 'M'
 'M' 'M' 'M' 'M' 'U' 'M' 'U' 'M' 'M' 'M' 'M' 'M' 'M' 'M' 'M' 'M' 'M' 'M'
 'M' 'U' 'U' 'M' 'M' 'U' 'M' 'M' 'M' 'M' 'M' 'M' 'A' 'M' 'U' 'M' 'M' 'M'
 'M' 'M' 'M' 'M' 'M' 'M' 'M' 'M' 'M' 'U' 'M' 'U' 'M' 'M' 'M' 'M' 'M' 'M'
 'U' 'M' 'U' 'U' 'M' 'U' 'U' 'U' 'U' 'U' 'U' 'M' 'U' 'M' 'M' 'M' 'U' 'A'
 'M' 'M' 'M' 'M' 'M' 'U' 'U' 'U' 'M' 'U' 'M' 'M' 'U' 'M' 'M' 'U' 'U' 'M'
 'M' 'M' 'M' 'M' 'A' 'U' 'U' 'M' 'M' 'M' 'A' 'M' 'M' 'M' 'U' 'M' 'U' 'M'
 'M' 'M' 'M' 'U' 'M' 'A' 'M' 'M' 'M' 'M' 'M' 'M' 'U' 'M' 'M' 'M' 'M' 'M']"
21201,1,148,9,139,50,0,0,"['A' 'U' 'M' 'U' 'M' 'M' 'M' 'M' 'M' 'A' 'M' 'U' 'M' 'U' 'M' 'M' 'M' 'M'
 'M' 'M' 'M' 'M' 'M' 'M' 'M' 'M' 'M' 'M' 'M' 'M' 'M' 'M' 'M' 'A' 'M' 'U'
 'M' 'U' 'M' 'M' 'U' 'M' 'M' 'U' 'U' 'U' 'M' 'M' 'M' 'M' 'U' 'M' 'M' 'M'
 'U' 'U' 'A' 'M' 'M' 'M' 'M' 'M' 'M' 'M' 'M' 'U' 'M' 'U' 'M' 'M' 'M' 'M'
 'U' 'M' 'M' 'M' 'M' 'M' 'U' 'M' 'M' 'M' 'M' 'M' 'M' 'U' 'M' 'M' 'M' 'M'
 'M' 'M' 'M' 'M' 'M' 'M' 'M' 'M' 'M' 'M' 'M' 'M' 'A' 'U' 'U' 'M' 'M' 'M'
 'M' 'M' 'M' 'M' 'M' 'M' 'M' 'M' 'M' 'U' 'M' 'U' 'M' 'M' 'M' 'M' 'U' 'M'
 'U' 'M' 'U' 'U' 'U' 'U' 'M' 'U' 'U' 'U' 'U' 'M' 'U' 'M' 'M' 'M' 'U' 'U'
 'M' 'M' 'M' 'M' 'M' 'U' 'U' 'U' 'M' 'U' 'M' 'U' 'U' 'M' 'M' 'U' 'A' 'U'
 'M' 'M' 'M' 'M' 'A' 'M' 'U' 'M' 'M' 'M' 'A' 'M' 'M' 'M' 'U' 'M' 'U' 'M'
 'M' 'M' 'M' 'U' 'M' 'A' 'M' 'M' 'U' 'M' 'M' 'M' 'U' 'M' 'M' 'M' 'M' 'U']"
21301,1,148,9,139,50,0,0,"['A' 'U' 'M' 'U' 'M' 'M' 'M' 'M' 'M' 'A' 'M' 'U' 'M' 'U' 'M' 'M' 'M' 'M'
 'M' 'M' 'M' 'M' 'U' 'M' 'M' 'M' 'M' 'M' 'M' 'M' 'M' 'M' 'M' 'A' 'M' 'U'
 'M' 'U' 'M' 'M' 'U' 'M' 'M' 'U' 'U' 'U' 'U' 'M' 'M' 'U' 'U' 'M' 'M' 'M'
 'U' 'M' 'U' 'M' 'M' 'M' 'M' 'M' 'M' 'M' 'M' 'M' 'M' 'M' 'M' 'M' 'U' 'M'
 'U' 'M' 'M' 'M' 'M' 'M' 'M' 'M' 'U' 'M' 'M' 'M' 'M' 'M' 'M' 'M' 'M' 'U'
 'M' 'M' 'M' 'U' 'M' 'M' 'M' 'M' 'M' 'U' 'M' 'M' 'A' 'U' 'A' 'M' 'M' 'M'
 'M' 'M' 'M' 'M' 'M' 'M' 'M' 'M' 'M' 'U' 'M' 'U' 'M' 'M' 'M' 'M' 'U' 'M'
 'U' 'M' 'U' 'U' 'M' 'U' 'U' 'U' 'U' 'U' 'U' 'U' 'U' 'M' 'M' 'M' 'U' 'M'
 'M' 'M' 'M' 'M' 'M' 'U' 'U' 'U' 'U' 'M' 'M' 'U' 'U' 'M' 'M' 'M' 'A' 'A'
 'M' 'U' 'M' 'M' 'A' 'M' 'U' 'M' 'M' 'M' 'A' 'M' 'M' 'M' 'M' 'M' 'U' 'M'
 'M' 'M' 'M' 'U' 'M' 'M' 'M' 'M' 'M' 'M' 'M' 'M' 'U' 'M' 'M' 'M' 'M' 'U']"
21401,0,154,13,141,44,0,0,"['A' 'U' 'M' 'A' 'M' 'M' 'M' 'M' 'M' 'A' 'M' 'U' 'M' 'U' 'M' 'M' 'M' 'M'
 'M' 'M' 'M' 'M' 'U' 'M' 'M' 'U' 'M' 'M' 'M' 'M' 'M' 'M' 'M' 'A' 'M' 'U'
 'M' 'U' 'U' 'M' 'U' 'U' 'M' 'U' 'U' 'U' 'M' 'M' 'M' 'U' 'U' 'M' 'M' 'M'
 'U' 'M' 'U' 'M' 'M' 'M' 'M' 'U' 'M' 'M' 'M' 'M' 'M' 'M' 'M' 'M' 'M' 'M'
 'U' 'U' 'M' 'M' 'M' 'M' 'M' 'M' 'M' 'M' 'M' 'M' 'M' 'U' 'M' 'M' 'M' 'U'
 'U' 'M' 'M' 'M' 'M' 'M' 'M' 'U' 'M' 'U' 'M' 'M' 'A' 'U' 'A' 'M' 'M' 'M'
 'M' 'M' 'M' 'M' 'M' 'M' 'M' 'M' 'M' 'M' 'M' 'A' 'M' 'M' 'U' 'M' 'A' 'M'
 'A' 'M' 'M' 'U' 'M' 'U' 'U' 'U' 'U' 'U' 'M' 'U' 'U' 'M' 'M' 'M' 'M' 'M'
 'M' 'M' 'M' 'M' 'M' 'M' 'U' 'A' 'U' 'M' 'M' 'M' 'U' 'M' 'M' 'M' 'U' 'A'
 'M' 'U' 'M' 'M' 'A' 'M' 'M' 'M' 'M' 'M' 'A' 'M' 'M' 'M' 'M' 'M' 'U' 'M'
 'M' 'M' 'M' 'U' 'M' 'M' 'M' 'M' 'M' 'M' 'M' 'M' 'U' 'M' 'M' 'M' 'M' 'U']"
21501,0,154,11,143,44,0,0,"['A' 'M' 'M' 'A' 'M' 'M' 'M' 'M' 'M' 'A' 'M' 'U' 'M' 'U' 'M' 'M' 'M' 'M'
 'M' 'M' 'M' 'M' 'M' 'M' 'M' 'U' 'M' 'M' 'M' 'M' 'M' 'M' 'M' 'A' 'M' 'U'
 'M' 'U' 'M' 'M' 'U' 'U' 'M' 'M' 'U' 'U' 'M' 'M' 'M' 'U' 'U' 'M' 'M' 'M'
 'M' 'M' 'U' 'M' 'U' 'M' 'M' 'U' 'M' 'M' 'M' 'M' 'M' 'M' 'M' 'M' 'M' 'U'
 'M' 'M' 'M' 'M' 'M' 'M' 'M' 'M' 'M' 'U' 'M' 'M' 'M' 'M' 'U' 'M' 'M' 'U'
 'M' 'M' 'M' 'M' 'U' 'M' 'M' 'U' 'M' 'U' 'M' 'M' 'A' 'M' 'U' 'M' 'M' 'U'
 'M' 'M' 'M' 'M' 'M' 'M' 'M' 'M' 'M' 'M' 'U' 'A' 'M' 'U' 'U' 'M' 'U' 'M'
 'A' 'M' 'M' 'U' 'M' 'M' 'U' 'U' 'U' 'U' 'M' 'U' 'U' 'M' 'M' 'M' 'M' 'M'
 'M' 'M' 'M' 'M' 'M' 'M' 'M' 'A' 'M' 'U' 'M' 'M' 'U' 'M' 'M' 'M' 'U' 'A'
 'M' 'U' 'M' 'M' 'A' 'M' 'M' 'M' 'M' 'M' 'A' 'M' 'U' 'M' 'M' 'M' 'U' 'M'
 'M' 'M' 'M' 'M' 'M' 'M' 'M' 'M' 'M' 'U' 'M' 'M' 'U' 'M' 'M' 'U' 'M' 'U']"
21601,0,152,7,145,46,0,0,"['A' 'M' 'M' 'A' 'M' 'U' 'M' 'M' 'M' 'A' 'M' 'M' 'M' 'U' 'U' 'M' 'M' 'U'
 'M' 'M' 'M' 'M' 'M' 'U' 'M' 'U' 'M' 'M' 'M' 'M' 'M' 'M' 'M' 'U' 'M' 'M'
 'M' 'U' 'M' 'M' 'U' 'U' 'M' 'M' 'U' 'M' 'M' 'M' 'M' 'U' 'M' 'M' 'M' 'M'
 'M' 'M' 'M' 'M' 'M' 'M' 'M' 'U' 'M' 'M' 'M' 'M' 'M' 'U' 'U' 'M' 'M' 'M'
 'M' 'M' 'M' 'M' 'U' 'M' 'M' 'M' 'M' 'M' 'M' 'M' 'M' 'M' 'M' 'U' 'M' 'U'
 'M' 'M' 'M' 'M' 'M' 'M' 'M' 'U' 'M' 'M' 'M' 'M' 'A' 'M' 'U' 'M' 'M' 'U'
 'M' 'M' 'M' 'M' 'M' 'M' 'M' 'M' 'M' 'M' 'U' 'A' 'M' 'U' 'U' 'M' 'U' 'M'
 'A' 'M' 'M' 'U' 'M' 'U' 'U' 'M' 'U' 'M' 'U' 'M' 'U' 'M' 'M' 'M' 'M' 'M'
 'M' 'M' 'M' 'M' 'M' 'M' 'M' 'U' 'M' 'U' 'M' 'M' 'U' 'M' 'M' 'M' 'U' 'U'
 'M' 'U' 'M' 'M' 'U' 'M' 'M' 'M' 'M' 'M' 'A' 'U' 'U' 'M' 'M' 'M' 'U' 'M'
 'M' 'M' 'M' 'M' 'M' 'M' 'M' 'U' 'M' 'U' 'M' 'M' 'M' 'M' 'U' 'U' 'M' 'U']"
21701,0,158,6,152,40,0,0,"['A' 'M' 'M' 'A' 'M' 'M' 'M' 'M' 'M' 'A' 'M' 'M' 'M' 'M' 'A' 'M' 'M' 'U'
 'M' 'M' 'M' 'M' 'M' 'M' 'M' 'U' 'M' 'M' 'M' 'M' 'M' 'M' 'M' 'U' 'M' 'M'
 'U' 'M' 'M' 'M' 'U' 'U' 'M' 'M' 'U' 'M' 'M' 'M' 'M' 'U' 'M' 'M' 'M' 'M'
 'M' 'M' 'U' 'M' 'M' 'M' 'M' 'U' 'M' 'M' 'M' 'M' 'U' 'M' 'M' 'M' 'M' 'M'
 'M' 'M' 'M' 'M' 'M' 'U' 'M' 'M' 'M' 'M' 'M' 'M' 'M' 'M' 'U' 'M' 'M' 'M'
 'U' 'M' 'U' 'M' 'M' 'M' 'M' 'U' 'M' 'M' 'M' 'M' 'A' 'M' 'U' 'M' 'M' 'U'
 'M' 'M' 'M' 'M' 'M' 'M' 'M' 'M' 'M' 'M' 'U' 'U' 'M' 'U' 'U' 'M' 'M' 'M'
 'U' 'M' 'M' 'M' 'M' 'U' 'U' 'M' 'U' 'M' 'U' 'M' 'M' 'M' 'M' 'M' 'U' 'M'
 'M' 'M' 'M' 'M' 'M' 'M' 'M' 'M' 'M' 'M' 'M' 'U' 'M' 'M' 'M' 'M' 'U' 'U'
 'M' 'U' 'U' 'U' 'U' 'M' 'M' 'M' 'M' 'M' 'A' 'U' 'U' 'M' 'M' 'M' 'M' 'M'
 'M' 'M' 'M' 'M' 'M' 'M' 'M' 'U' 'M' 'U' 'M' 'M' 'M' 'M' 'U' 'M' 'M' 'M']"
21801,0,149,6,143,49,0,0,"['A' 'M' 'M' 'U' 'M' 'M' 'M' 'U' 'M' 'A' 'M' 'M' 'M' 'M' 'U' 'U' 'M' 'U'
 'M' 'M' 'M' 'U' 'M' 'M' 'M' 'M' 'M' 'M' 'M' 'M' 'M' 'M' 'M' 'M' 'M' 'M'
 'U' 'M' 'U' 'M' 'U' 'U' 'U' 'M' 'U' 'U' 'M' 'M' 'M' 'U' 'M' 'U' 'M' 'M'
 'M' 'M' 'U' 'M' 'M' 'M' 'M' 'U' 'M' 'M' 'M' 'M' 'M' 'M' 'M' 'U' 'M' 'M'
 'U' 'M' 'U' 'M' 'M' 'M' 'M' 'M' 'M' 'M' 'M' 'M' 'U' 'M' 'M' 'M' 'M' 'M'
 'M' 'M' 'M' 'U' 'M' 'M' 'M' 'U' 'M' 'M' 'M' 'M' 'A' 'M' 'U' 'M' 'M' 'U'
 'M' 'M' 'M' 'M' 'M' 'M' 'M' 'M' 'M' 'U' 'M' 'U' 'M' 'A' 'U' 'M' 'M' 'M'
 'U' 'M' 'U' 'M' 'M' 'U' 'U' 'M' 'U' 'M' 'U' 'M' 'M' 'M' 'M' 'M' 'U' 'M'
 'M' 'U' 'M' 'U' 'M' 'M' 'M' 'M' 'M' 'M' 'M' 'U' 'M' 'M' 'M' 'M' 'M' 'U'
 'M' 'U' 'U' 'U' 'A' 'M' 'M' 'M' 'M' 'M' 'A' 'U' 'U' 'M' 'M' 'M' 'M' 'M'
 'M' 'M' 'M' 'M' 'M' 'M' 'M' 'U' 'M' 'U' 'U' 'M' 'M' 'M' 'U' 'M' 'U' 'M']"
21901,0,157,6,151,41,0,0,"['A' 'M' 'M' 'U' 'M' 'M' 'M' 'M' 'U' 'A' 'M' 'M' 'U' 'M' 'U' 'M' 'M' 'M'
 'M' 'M' 'M' 'M' 'M' 'M' 'M' 'M' 'M' 'M' 'M' 'M' 'M' 'M' 'M' 'M' 'M' 'M'
 'M' 'M' 'U' 'M' 'M' 'M' 'U' 'U' 'U' 'M' 'M' 'M' 'M' 'U' 'M' 'U' 'M' 'M'
 'M' 'M' 'M' 'M' 'M' 'M' 'M' 'M' 'M' 'M' 'U' 'M' 'M' 'M' 'M' 'M' 'M' 'M'
 'U' 'M' 'M' 'M' 'U' 'M' 'U' 'U' 'M' 'M' 'U' 'M' 'M' 'M' 'M' 'M' 'M' 'M'
 'M' 'M' 'M' 'M' 'M' 'M' 'M' 'U' 'M' 'M' 'M' 'M' 'A' 'M' 'U' 'M' 'M' 'U'
 'M' 'M' 'M' 'M' 'M' 'M' 'M' 'M' 'M' 'M' 'M' 'U' 'M' 'A' 'U' 'M' 'M' 'M'
 'U' 'U' 'U' 'M' 'M' 'U' 'U' 'M' 'U' 'M' 'U' 'M' 'M' 'M' 'M' 'M' 'U' 'M'
 'M' 'U' 'M' 'U' 'U' 'M' 'M' 'M' 'M' 'M' 'M' 'U' 'M' 'M' 'M' 'M' 'M' 'U'
 'M' 'U' 'U' 'M' 'A' 'M' 'M' 'M' 'M' 'M' 'A' 'U' 'U' 'M' 'M' 'M' 'M' 'M'
 'M' 'M' 'M' 'M' 'M' 'M' 'M' 'U' 'M' 'M' 'M' 'M' 'M' 'M' 'U' 'M' 'U' 'M']"
22001,0,159,9,150,39,0,0,"['A' 'M' 'M' 'A' 'M' 'M' 'M' 'M' 'A' 'A' 'M' 'U' 'M' 'M' 'U' 'M' 'M' 'U'
 'M' 'M' 'M' 'M' 'M' 'M' 'M' 'M' 'M' 'M' 'M' 'M' 'M' 'M' 'M' 'M' 'M' 'M'
 'M' 'M' 'U' 'U' 'M' 'M' 'U' 'U' 'M' 'M' 'M' 'M' 'U' 'M' 'M' 'A' 'M' 'M'
 'M' 'M' 'M' 'M' 'M' 'M' 'M' 'U' 'M' 'M' 'M' 'M' 'M' 'M' 'U' 'M' 'U' 'M'
 'M' 'M' 'M' 'M' 'M' 'M' 'M' 'M' 'M' 'M' 'M' 'M' 'M' 'M' 'M' 'U' 'M' 'M'
 'U' 'U' 'M' 'M' 'M' 'M' 'M' 'U' 'M' 'U' 'M' 'U' 'A' 'M' 'M' 'M' 'M' 'U'
 'M' 'M' 'M' 'M' 'M' 'M' 'M' 'M' 'M' 'M' 'M' 'U' 'M' 'A' 'U' 'M' 'M' 'M'
 'M' 'M' 'U' 'M' 'M' 'U' 'U' 'U' 'U' 'U' 'U' 'M' 'U' 'M' 'M' 'M' 'U' 'M'
 'M' 'U' 'M' 'U' 'U' 'M' 'M' 'M' 'M' 'M' 'M' 'U' 'M' 'M' 'M' 'M' 'M' 'U'
 'M' 'U' 'U' 'M' 'A' 'M' 'M' 'M' 'M' 'M' 'A' 'M' 'M' 'M' 'M' 'M' 'M' 'M'
 'M' 'M' 'M' 'M' 'M' 'M' 'M' 'U' 'M' 'M' 'M' 'M' 'M' 'M' 'U' 'M' 'U' 'M']"
22101,0,166,6,160,32,0,1,"['A' 'M' 'M' 'A' 'M' 'M' 'M' 'M' 'A' 'A' 'M' 'M' 'M' 'M' 'M' 'M' 'M' 'U'
 'M' 'M' 'M' 'M' 'M' 'M' 'M' 'M' 'M' 'M' 'M' 'M' 'M' 'M' 'M' 'M' 'M' 'M'
 'M' 'M' 'U' 'M' 'M' 'M' 'U' 'U' 'M' 'M' 'M' 'M' 'U' 'M' 'M' 'M' 'M' 'M'
 'M' 'M' 'M' 'M' 'M' 'M' 'M' 'M' 'M' 'M' 'M' 'M' 'M' 'M' 'M' 'M' 'M' 'M'
 'M' 'U' 'U' 'U' 'M' 'M' 'U' 'M' 'M' 'M' 'M' 'U' 'M' 'M' 'M' 'M' 'M' 'M'
 'M' 'M' 'M' 'M' 'M' 'M' 'M' 'M' 'M' 'U' 'M' 'U' 'A' 'M' 'M' 'M' 'M' 'M'
 'U' 'M' 'M' 'M' 'M' 'M' 'M' 'M' 'M' 'M' 'M' 'U' 'M' 'U' 'M' 'M' 'M' 'M'
 'M' 'M' 'U' 'M' 'M' 'U' 'U' 'U' 'M' 'U' 'U' 'M' 'U' 'M' 'M' 'M' 'M' 'M'
 'M' 'U' 'M' 'U' 'U' 'M' 'M' 'M' 'M' 'M' 'M' 'M' 'M' 'M' 'M' 'M' 'M' 'M'
 'M' 'U' 'M' 'U' 'A' 'U' 'M' 'U' 'M' 'M' 'U' 'M' 'M' 'M' 'M' 'M' 'M' 'M'
 'M' 'M' 'M' 'U' 'M' 'M' 'M' 'M' 'M' 'M' 'M' 'M' 'M' 'M' 'M' 'M' 'U' 'M']"
22201,0,159,6,153,39,0,0,"['A' 'M' 'M' 'A' 'M' 'M' 'M' 'M' 'A' 'A' 'M' 'M' 'M' 'U' 'M' 'U' 'M' 'U'
 'M' 'M' 'M' 'U' 'M' 'M' 'M' 'M' 'M' 'U' 'M' 'M' 'M' 'M' 'M' 'M' 'M' 'M'
 'U' 'M' 'U' 'M' 'M' 'M' 'U' 'A' 'M' 'M' 'M' 'M' 'U' 'M' 'M' 'M' 'M' 'M'
 'M' 'M' 'M' 'M' 'M' 'M' 'M' 'M' 'M' 'M' 'M' 'M' 'M' 'M' 'M' 'M' 'M' 'U'
 'M' 'M' 'M' 'M' 'M' 'M' 'M' 'M' 'M' 'U' 'M' 'U' 'M' 'M' 'M' 'M' 'M' 'M'
 'M' 'M' 'U' 'U' 'M' 'M' 'M' 'M' 'M' 'U' 'M' 'U' 'U' 'M' 'M' 'M' 'M' 'M'
 'U' 'M' 'M' 'M' 'M' 'M' 'M' 'U' 'M' 'M' 'M' 'U' 'M' 'U' 'M' 'M' 'M' 'M'
 'M' 'M' 'M' 'M' 'M' 'U' 'U' 'U' 'M' 'U' 'U' 'U' 'U' 'U' 'M' 'M' 'M' 'M'
 'M' 'U' 'M' 'U' 'U' 'M' 'M' 'U' 'M' 'M' 'M' 'M' 'M' 'M' 'M' 'M' 'M' 'M'
 'M' 'U' 'U' 'U' 'A' 'U' 'M' 'U' 'M' 'M' 'M' 'M' 'M' 'M' 'M' 'M' 'M' 'M'
 'M' 'M' 'M' 'M' 'M' 'M' 'M' 'M' 'M' 'M' 'M' 'M' 'M' 'M' 'M' 'M' 'U' 'M']"
22301,0,152,4,148,46,0,0,"['A' 'M' 'M' 'U' 'U' 'M' 'M' 'M' 'A' 'A' 'M' 'M' 'M' 'U' 'M' 'U' 'M' 'U'
 'M' 'U' 'M' 'U' 'M' 'M' 'M' 'U' 'M' 'U' 'M' 'M' 'M' 'M' 'M' 'M' 'M' 'M'
 'M' 'M' 'U' 'M' 'M' 'U' 'U' 'A' 'M' 'M' 'M' 'M' 'U' 'U' 'U' 'M' 'M' 'M'
 'M' 'M' 'M' 'M' 'M' 'M' 'M' 'M' 'M' 'M' 'M' 'M' 'U' 'M' 'M' 'M' 'M' 'M'
 'M' 'M' 'M' 'M' 'U' 'M' 'U' 'M' 'M' 'M' 'M' 'M' 'M' 'M' 'U' 'U' 'M' 'M'
 'M' 'M' 'M' 'M' 'M' 'M' 'M' 'M' 'M' 'U' 'U' 'U' 'U' 'M' 'M' 'M' 'M' 'M'
 'U' 'M' 'M' 'M' 'M' 'M' 'M' 'M' 'M' 'M' 'M' 'M' 'M' 'U' 'M' 'M' 'M' 'M'
 'M' 'M' 'M' 'M' 'M' 'U' 'U' 'U' 'U' 'U' 'U' 'U' 'U' 'U' 'M' 'M' 'M' 'M'
 'M' 'U' 'M' 'U' 'U' 'M' 'M' 'M' 'U' 'M' 'M' 'M' 'M' 'M' 'M' 'M' 'M' 'M'
 'M' 'U' 'U' 'U' 'U' 'U' 'M' 'U' 'M' 'M' 'M' 'M' 'M' 'M' 'M' 'M' 'M' 'M'
 'M' 'M' 'M' 'M' 'M' 'M' 'M' 'M' 'M' 'M' 'M' 'M' 'M' 'M' 'M' 'M' 'U' 'M']"
22401,0,156,3,153,42,0,0,"['A' 'M' 'M' 'U' 'U' 'M' 'M' 'M' 'A' 'U' 'U' 'M' 'M' 'M' 'M' 'U' 'M' 'U'
 'M' 'M' 'M' 'U' 'M' 'M' 'M' 'U' 'M' 'M' 'M' 'U' 'M' 'M' 'M' 'M' 'M' 'M'
 'M' 'M' 'U' 'M' 'M' 'U' 'U' 'A' 'M' 'M' 'M' 'M' 'M' 'U' 'U' 'M' 'M' 'M'
 'M' 'M' 'M' 'M' 'M' 'M' 'M' 'M' 'M' 'M' 'M' 'M' 'M' 'U' 'U' 'M' 'M' 'M'
 'M' 'M' 'M' 'M' 'M' 'M' 'U' 'M' 'M' 'M' 'M' 'M' 'M' 'M' 'M' 'U' 'M' 'M'
 'M' 'M' 'M' 'U' 'M' 'M' 'M' 'M' 'M' 'U' 'U' 'M' 'M' 'M' 'M' 'M' 'M' 'M'
 'M' 'M' 'M' 'M' 'M' 'M' 'M' 'U' 'M' 'M' 'M' 'M' 'M' 'U' 'M' 'M' 'M' 'M'
 'M' 'M' 'M' 'M' 'M' 'U' 'U' 'M' 'U' 'U' 'U' 'U' 'U' 'U' 'M' 'M' 'M' 'M'
 'M' 'U' 'M' 'M' 'U' 'M' 'M' 'M' 'U' 'U' 'M' 'M' 'M' 'M' 'M' 'M' 'M' 'M'
 'M' 'M' 'M' 'U' 'M' 'U' 'M' 'U' 'M' 'M' 'M' 'M' 'M' 'M' 'U' 'M' 'M' 'M'
 'M' 'M' 'M' 'M' 'M' 'U' 'M' 'M' 'M' 'U' 'M' 'M' 'M' 'M' 'M' 'U' 'M' 'M']"
22501,0,163,5,158,35,0,0,"['A' 'M' 'M' 'U' 'A' 'M' 'M' 'M' 'A' 'U' 'U' 'M' 'M' 'M' 'M' 'U' 'M' 'U'
 'M' 'M' 'M' 'U' 'M' 'M' 'M' 'U' 'U' 'M' 'U' 'U' 'M' 'M' 'M' 'M' 'M' 'M'
 'M' 'M' 'U' 'M' 'M' 'U' 'A' 'A' 'M' 'M' 'M' 'M' 'M' 'U' 'U' 'M' 'M' 'M'
 'M' 'M' 'M' 'M' 'M' 'M' 'M' 'M' 'M' 'M' 'M' 'M' 'U' 'M' 'M' 'M' 'M' 'M'
 'U' 'M' 'M' 'M' 'M' 'M' 'M' 'M' 'M' 'M' 'M' 'M' 'M' 'M' 'M' 'M' 'M' 'U'
 'M' 'M' 'M' 'U' 'U' 'M' 'M' 'M' 'M' 'M' 'U' 'M' 'M' 'M' 'M' 'M' 'M' 'M'
 'M' 'M' 'M' 'M' 'M' 'M' 'M' 'U' 'M' 'M' 'M' 'M' 'M' 'M' 'M' 'M' 'M' 'M'
 'M' 'M' 'M' 'M' 'M' 'M' 'M' 'M' 'U' 'M' 'U' 'M' 'U' 'U' 'M' 'M' 'M' 'M'
 'M' 'U' 'M' 'M' 'M' 'M' 'M' 'M' 'U' 'U' 'M' 'M' 'U' 'M' 'M' 'M' 'M' 'M'
 'M' 'M' 'M' 'M' 'M' 'U' 'M' 'U' 'M' 'M' 'M' 'M' 'M' 'M' 'U' 'M' 'M' 'M'
 'M' 'M' 'M' 'M' 'M' 'U' 'M' 'M' 'M' 'U' 'M' 'M' 'M' 'M' 'M' 'M' 'U' 'M']"
22601,0,165,5,160,33,0,1,"['A' 'M' 'M' 'M' 'A' 'M' 'M' 'M' 'U' 'U' 'U' 'M' 'M' 'M' 'M' 'U' 'M' 'U'
 'M' 'U' 'M' 'M' 'M' 'M' 'M' 'M' 'M' 'M' 'U' 'U' 'M' 'M' 'M' 'M' 'M' 'M'
 'M' 'M' 'U' 'M' 'M' 'U' 'A' 'A' 'M' 'M' 'M' 'M' 'M' 'U' 'A' 'M' 'M' 'M'
 'M' 'M' 'M' 'M' 'M' 'M' 'M' 'M' 'M' 'M' 'M' 'M' 'M' 'M' 'M' 'M' 'M' 'M'
 'M' 'M' 'U' 'M' 'M' 'M' 'U' 'M' 'M' 'M' 'M' 'M' 'M' 'M' 'M' 'U' 'M' 'M'
 'M' 'U' 'M' 'M' 'U' 'M' 'M' 'M' 'M' 'M' 'U' 'M' 'M' 'M' 'M' 'M' 'M' 'M'
 'M' 'M' 'M' 'M' 'M' 'M' 'M' 'M' 'M' 'M' 'M' 'M' 'M' 'M' 'M' 'M' 'M' 'M'
 'M' 'M' 'M' 'M' 'M' 'M' 'M' 'U' 'U' 'U' 'M' 'U' 'M' 'U' 'M' 'M' 'M' 'M'
 'M' 'U' 'M' 'M' 'M' 'M' 'M' 'M' 'U' 'U' 'M' 'M' 'U' 'M' 'M' 'M' 'M' 'M'
 'M' 'M' 'M' 'M' 'M' 'U' 'M' 'U' 'M' 'M' 'M' 'M' 'M' 'M' 'U' 'M' 'M' 'M'
 'U' 'M' 'U' 'M' 'M' 'M' 'M' 'M' 'M' 'U' 'M' 'M' 'M' 'M' 'M' 'M' 'U' 'M']"
22701,0,168,6,162,30,0,0,"['A' 'M' 'M' 'M' 'A' 'M' 'U' 'M' 'M' 'U' 'U' 'M' 'M' 'M' 'M' 'U' 'M' 'U'
 'M' 'U' 'M' 'M' 'M' 'M' 'M' 'M' 'M' 'M' 'M' 'U' 'M' 'M' 'M' 'M' 'M' 'M'
 'M' 'M' 'U' 'M' 'U' 'U' 'A' 'U' 'M' 'M' 'M' 'M' 'M' 'U' 'A' 'M' 'M' 'M'
 'M' 'M' 'U' 'M' 'M' 'M' 'M' 'M' 'M' 'M' 'M' 'U' 'M' 'M' 'M' 'M' 'M' 'M'
 'M' 'M' 'M' 'M' 'M' 'U' 'M' 'U' 'U' 'M' 'M' 'M' 'M' 'M' 'M' 'M' 'M' 'M'
 'M' 'M' 'M' 'U' 'M' 'M' 'M' 'M' 'M' 'M' 'U' 'M' 'M' 'M' 'U' 'M' 'M' 'M'
 'M' 'M' 'M' 'M' 'M' 'M' 'M' 'M' 'M' 'M' 'U' 'M' 'M' 'M' 'M' 'M' 'M' 'M'
 'M' 'M' 'U' 'M' 'M' 'M' 'U' 'M' 'M' 'U' 'M' 'M' 'M' 'U' 'M' 'M' 'M' 'M'
 'M' 'A' 'M' 'M' 'M' 'M' 'M' 'M' 'M' 'M' 'M' 'M' 'M' 'M' 'M' 'M' 'M' 'M'
 'M' 'M' 'M' 'M' 'M' 'U' 'M' 'M' 'M' 'M' 'M' 'M' 'M' 'M' 'M' 'M' 'M' 'M'
 'M' 'M' 'U' 'M' 'U' 'M' 'M' 'M' 'M' 'U' 'M' 'M' 'M' 'U' 'M' 'M' 'A' 'M']"
22801,0,157,4,153,41,0,1,"['A' 'M' 'M' 'M' 'M' 'M' 'U' 'M' 'M' 'U' 'M' 'M' 'M' 'M' 'M' 'U' 'M' 'U'
 'M' 'U' 'M' 'M' 'M' 'M' 'U' 'M' 'M' 'U' 'M' 'U' 'U' 'M' 'M' 'M' 'M' 'M'
 'M' 'M' 'U' 'M' 'U' 'U' 'A' 'U' 'M' 'M' 'M' 'M' 'M' 'M' 'A' 'M' 'M' 'M'
 'M' 'M' 'U' 'M' 'M' 'M' 'M' 'M' 'M' 'M' 'M' 'M' 'U' 'M' 'M' 'U' 'U' 'M'
 'M' 'M' 'M' 'M' 'M' 'M' 'M' 'M' 'M' 'M' 'M' 'M' 'M' 'M' 'U' 'M' 'M' 'M'
 'U' 'M' 'M' 'M' 'M' 'M' 'M' 'M' 'M' 'M' 'U' 'M' 'M' 'M' 'U' 'M' 'M' 'M'
 'M' 'M' 'M' 'M' 'M' 'M' 'M' 'M' 'M' 'M' 'U' 'M' 'M' 'M' 'M' 'M' 'M' 'M'
 'M' 'M' 'U' 'M' 'M' 'M' 'U' 'U' 'U' 'U' 'U' 'U' 'U' 'U' 'M' 'M' 'M' 'M'
 'U' 'U' 'M' 'M' 'M' 'M' 'M' 'M' 'M' 'M' 'M' 'M' 'M' 'M' 'U' 'M' 'M' 'M'
 'M' 'M' 'M' 'M' 'U' 'U' 'M' 'M' 'U' 'U' 'M' 'M' 'M' 'M' 'M' 'M' 'M' 'M'
 'M' 'M' 'M' 'M' 'U' 'M' 'M' 'M' 'M' 'U' 'M' 'M' 'M' 'U' 'M' 'M' 'A' 'M']"
22901,0,157,3,154,41,1,0,"['A' 'M' 'M' 'M' 'M' 'M' 'U' 'M' 'M' 'U' 'M' 'M' 'M' 'U' 'M' 'U' 'M' 'U'
 'M' 'U' 'M' 'M' 'M' 'M' 'M' 'M' 'M' 'U' 'M' 'M' 'U' 'M' 'M' 'M' 'M' 'M'
 'M' 'M' 'U' 'M' 'U' 'M' 'A' 'U' 'M' 'M' 'M' 'M' 'M' 'M' 'U' 'M' 'M' 'M'
 'M' 'M' 'U' 'M' 'M' 'M' 'M' 'M' 'M' 'M' 'M' 'M' 'M' 'M' 'U' 'U' 'M' 'M'
 'M' 'U' 'M' 'M' 'M' 'M' 'M' 'U' 'M' 'M' 'M' 'M' 'M' 'M' 'M' 'M' 'M' 'M'
 'M' 'M' 'M' 'U' 'M' 'M' 'M' 'M' 'M' 'M' 'U' 'M' 'M' 'M' 'U' 'M' 'M' 'M'
 'M' 'M' 'M' 'M' 'M' 'M' 'U' 'M' 'M' 'M' 'U' 'M' 'M' 'U' 'M' 'M' 'M' 'M'
 'M' 'M' 'U' 'U' 'M' 'U' 'M' 'M' 'U' 'M' 'U' 'U' 'M' 'U' 'M' 'M' 'M' 'M'
 'U' 'U' 'M' 'M' 'M' 'M' 'M' 'M' 'M' 'M' 'U' 'M' 'M' 'M' 'U' 'M' 'M' 'M'
 'M' 'M' 'M' 'M' 'U' 'M' 'M' 'M' 'U' 'U' 'M' 'U' 'M' 'M' 'M' 'M' 'M' 'U'
 'M' 'M' 'M' 'M' 'U' 'M' 'M' 'M' 'M' 'M' 'M' 'M' 'M' 'U' 'M' 'M' 'A' 'M']"
23001,0,154,5,149,44,0,0,"['A' 'U' 'M' 'M' 'M' 'M' 'U' 'M' 'M' 'U' 'M' 'M' 'M' 'U' 'M' 'M' 'U' 'U'
 'M' 'U' 'M' 'M' 'M' 'M' 'M' 'M' 'M' 'M' 'M' 'M' 'U' 'M' 'M' 'U' 'M' 'M'
 'M' 'M' 'A' 'M' 'U' 'M' 'A' 'U' 'M' 'M' 'M' 'M' 'U' 'U' 'U' 'M' 'M' 'M'
 'M' 'M' 'M' 'M' 'M' 'M' 'U' 'U' 'M' 'M' 'M' 'M' 'U' 'M' 'M' 'M' 'M' 'M'
 'M' 'M' 'M' 'M' 'U' 'M' 'M' 'M' 'M' 'M' 'M' 'M' 'U' 'M' 'M' 'M' 'M' 'U'
 'U' 'M' 'M' 'M' 'M' 'M' 'M' 'M' 'M' 'M' 'U' 'M' 'M' 'M' 'A' 'M' 'M' 'M'
 'M' 'M' 'M' 'M' 'M' 'M' 'U' 'M' 'M' 'M' 'U' 'M' 'M' 'U' 'M' 'M' 'M' 'M'
 'M' 'M' 'U' 'U' 'M' 'U' 'U' 'U' 'U' 'U' 'U' 'U' 'U' 'M' 'M' 'M' 'M' 'M'
 'M' 'U' 'M' 'M' 'M' 'M' 'M' 'M' 'M' 'M' 'U' 'M' 'M' 'M' 'M' 'M' 'M' 'M'
 'M' 'M' 'M' 'M' 'U' 'M' 'M' 'M' 'M' 'U' 'M' 'U' 'U' 'M' 'M' 'M' 'M' 'U'
 'M' 'M' 'M' 'M' 'U' 'M' 'M' 'M' 'M' 'M' 'M' 'M' 'M' 'U' 'M' 'M' 'A' 'M']"
23101,0,148,8,140,50,0,0,"['A' 'M' 'M' 'M' 'M' 'M' 'U' 'M' 'M' 'A' 'M' 'U' 'M' 'U' 'M' 'M' 'M' 'U'
 'M' 'U' 'U' 'M' 'M' 'M' 'M' 'U' 'M' 'U' 'M' 'M' 'U' 'U' 'M' 'U' 'M' 'M'
 'U' 'M' 'U' 'M' 'U' 'M' 'A' 'U' 'M' 'M' 'M' 'M' 'U' 'U' 'U' 'M' 'U' 'M'
 'M' 'M' 'M' 'M' 'M' 'M' 'M' 'U' 'M' 'M' 'M' 'M' 'M' 'M' 'M' 'U' 'M' 'M'
 'U' 'U' 'M' 'M' 'M' 'M' 'M' 'M' 'M' 'M' 'M' 'M' 'M' 'U' 'M' 'M' 'M' 'M'
 'M' 'M' 'M' 'U' 'M' 'M' 'M' 'M' 'M' 'M' 'A' 'M' 'M' 'A' 'A' 'M' 'M' 'U'
 'M' 'M' 'M' 'M' 'M' 'M' 'U' 'M' 'U' 'M' 'U' 'M' 'M' 'U' 'U' 'M' 'M' 'M'
 'M' 'M' 'U' 'U' 'M' 'M' 'U' 'A' 'M' 'U' 'U' 'U' 'U' 'M' 'U' 'M' 'M' 'M'
 'M' 'U' 'M' 'M' 'M' 'M' 'M' 'M' 'U' 'M' 'U' 'M' 'M' 'M' 'M' 'M' 'M' 'M'
 'M' 'M' 'M' 'M' 'M' 'M' 'M' 'M' 'M' 'M' 'M' 'U' 'M' 'M' 'M' 'M' 'U' 'U'
 'M' 'M' 'M' 'M' 'U' 'M' 'M' 'M' 'U' 'U' 'M' 'U' 'M' 'U' 'M' 'M' 'A' 'M']"
23201,0,154,8,146,44,0,0,"['A' 'M' 'M' 'M' 'M' 'M' 'U' 'M' 'M' 'A' 'M' 'U' 'M' 'U' 'M' 'M' 'M' 'U'
 'M' 'M' 'U' 'M' 'A' 'M' 'M' 'U' 'M' 'U' 'M' 'M' 'M' 'U' 'M' 'U' 'M' 'M'
 'U' 'M' 'U' 'M' 'M' 'M' 'A' 'U' 'M' 'M' 'M' 'M' 'U' 'U' 'U' 'M' 'M' 'M'
 'M' 'M' 'M' 'M' 'M' 'M' 'M' 'U' 'M' 'M' 'M' 'U' 'M' 'M' 'M' 'M' 'M' 'U'
 'M' 'M' 'U' 'M' 'M' 'M' 'M' 'M' 'M' 'M' 'M' 'U' 'M' 'M' 'M' 'M' 'M' 'M'
 'U' 'M' 'M' 'M' 'M' 'M' 'M' 'M' 'M' 'M' 'A' 'M' 'M' 'A' 'A' 'M' 'M' 'U'
 'M' 'M' 'M' 'M' 'M' 'U' 'M' 'M' 'U' 'M' 'U' 'M' 'M' 'M' 'U' 'M' 'M' 'M'
 'M' 'U' 'M' 'U' 'M' 'M' 'U' 'A' 'M' 'U' 'U' 'U' 'U' 'M' 'M' 'M' 'M' 'M'
 'M' 'U' 'M' 'M' 'M' 'M' 'M' 'M' 'U' 'M' 'U' 'M' 'M' 'M' 'M' 'M' 'M' 'M'
 'M' 'M' 'M' 'M' 'M' 'M' 'M' 'M' 'M' 'M' 'M' 'M' 'M' 'M' 'M' 'M' 'U' 'U'
 'M' 'M' 'M' 'M' 'U' 'M' 'M' 'M' 'U' 'U' 'M' 'U' 'M' 'U' 'M' 'M' 'U' 'M']"
23301,0,158,10,148,40,0,1,"['A' 'M' 'U' 'M' 'M' 'M' 'U' 'M' 'M' 'A' 'M' 'U' 'M' 'U' 'M' 'M' 'M' 'U'
 'M' 'U' 'U' 'M' 'A' 'M' 'M' 'M' 'M' 'M' 'M' 'M' 'M' 'U' 'M' 'U' 'M' 'M'
 'U' 'M' 'A' 'M' 'M' 'M' 'A' 'M' 'M' 'M' 'M' 'M' 'U' 'U' 'U' 'M' 'M' 'M'
 'M' 'M' 'M' 'M' 'M' 'M' 'M' 'M' 'M' 'M' 'U' 'M' 'M' 'M' 'M' 'M' 'M' 'M'
 'M' 'M' 'M' 'U' 'M' 'M' 'M' 'M' 'M' 'M' 'M' 'U' 'M' 'M' 'M' 'U' 'U' 'M'
 'M' 'U' 'M' 'M' 'M' 'M' 'M' 'M' 'M' 'M' 'U' 'M' 'M' 'A' 'A' 'M' 'M' 'M'
 'M' 'M' 'M' 'U' 'M' 'M' 'M' 'M' 'U' 'M' 'U' 'M' 'M' 'M' 'U' 'M' 'M' 'M'
 'M' 'U' 'M' 'U' 'M' 'M' 'U' 'U' 'M' 'U' 'U' 'M' 'A' 'M' 'M' 'U' 'M' 'M'
 'M' 'U' 'M' 'U' 'M' 'M' 'M' 'M' 'U' 'M' 'A' 'M' 'M' 'M' 'M' 'M' 'M' 'M'
 'M' 'M' 'M' 'M' 'M' 'M' 'M' 'M' 'M' 'M' 'M' 'M' 'M' 'M' 'U' 'M' 'M' 'U'
 'M' 'M' 'M' 'M' 'A' 'M' 'M' 'M' 'U' 'U' 'M' 'M' 'M' 'U' 'M' 'M' 'U' 'M']"
23401,0,154,9,145,44,0,1,"['A' 'M' 'U' 'U' 'M' 'M' 'M' 'M' 'M' 'A' 'M' 'U' 'M' 'U' 'M' 'M' 'M' 'U'
 'U' 'U' 'U' 'M' 'U' 'U' 'M' 'M' 'M' 'M' 'M' 'M' 'M' 'U' 'M' 'M' 'M' 'M'
 'U' 'M' 'A' 'M' 'M' 'U' 'U' 'M' 'U' 'M' 'M' 'M' 'U' 'M' 'U' 'M' 'M' 'M'
 'M' 'M' 'M' 'M' 'U' 'U' 'M' 'U' 'M' 'M' 'M' 'M' 'M' 'M' 'M' 'U' 'M' 'M'
 'M' 'M' 'M' 'M' 'U' 'M' 'M' 'M' 'M' 'M' 'M' 'M' 'U' 'U' 'M' 'M' 'M' 'M'
 'M' 'M' 'U' 'M' 'M' 'M' 'M' 'M' 'M' 'M' 'U' 'M' 'M' 'A' 'A' 'M' 'M' 'M'
 'M' 'M' 'M' 'U' 'M' 'M' 'M' 'M' 'U' 'M' 'U' 'M' 'M' 'M' 'M' 'M' 'M' 'M'
 'M' 'A' 'M' 'M' 'M' 'M' 'U' 'M' 'M' 'U' 'U' 'M' 'A' 'U' 'M' 'U' 'M' 'M'
 'M' 'U' 'M' 'U' 'M' 'M' 'M' 'M' 'M' 'M' 'A' 'M' 'M' 'M' 'U' 'M' 'M' 'M'
 'M' 'M' 'M' 'M' 'M' 'M' 'M' 'M' 'M' 'M' 'M' 'M' 'M' 'M' 'A' 'M' 'M' 'U'
 'M' 'M' 'U' 'M' 'U' 'M' 'M' 'U' 'U' 'M' 'M' 'M' 'M' 'U' 'M' 'M' 'U' 'M']"
23501,0,148,5,143,50,0,0,"['A' 'M' 'U' 'M' 'M' 'M' 'M' 'M' 'M' 'U' 'U' 'M' 'M' 'U' 'M' 'U' 'M' 'U'
 'M' 'U' 'U' 'U' 'U' 'U' 'M' 'M' 'M' 'M' 'M' 'M' 'M' 'M' 'M' 'M' 'M' 'M'
 'U' 'M' 'U' 'M' 'M' 'U' 'U' 'M' 'U' 'M' 'M' 'M' 'U' 'M' 'U' 'M' 'U' 'M'
 'M' 'M' 'M' 'M' 'U' 'U' 'U' 'U' 'M' 'M' 'M' 'M' 'M' 'M' 'U' 'M' 'M' 'M'
 'M' 'M' 'M' 'U' 'M' 'M' 'M' 'M' 'M' 'M' 'M' 'M' 'M' 'M' 'U' 'M' 'M' 'M'
 'M' 'U' 'M' 'U' 'M' 'M' 'M' 'U' 'M' 'M' 'U' 'M' 'M' 'A' 'M' 'M' 'U' 'M'
 'M' 'M' 'M' 'U' 'M' 'M' 'M' 'M' 'U' 'M' 'U' 'M' 'M' 'M' 'M' 'U' 'M' 'M'
 'M' 'A' 'M' 'M' 'M' 'M' 'U' 'M' 'M' 'U' 'U' 'M' 'A' 'U' 'M' 'M' 'M' 'M'
 'M' 'M' 'M' 'U' 'M' 'M' 'M' 'M' 'M' 'M' 'U' 'M' 'M' 'M' 'U' 'M' 'M' 'M'
 'M' 'M' 'M' 'M' 'M' 'M' 'U' 'U' 'U' 'M' 'M' 'M' 'M' 'M' 'A' 'M' 'M' 'M'
 'M' 'M' 'U' 'M' 'U' 'M' 'M' 'U' 'U' 'M' 'M' 'M' 'M' 'U' 'M' 'M' 'M' 'M']"
23601,1,144,4,140,54,0,0,"['A' 'M' 'U' 'M' 'M' 'M' 'M' 'M' 'M' 'U' 'U' 'M' 'M' 'U' 'M' 'U' 'M' 'U'
 'M' 'U' 'M' 'U' 'M' 'U' 'M' 'M' 'M' 'U' 'M' 'M' 'M' 'M' 'M' 'M' 'M' 'M'
 'U' 'M' 'U' 'M' 'M' 'M' 'U' 'M' 'U' 'M' 'M' 'M' 'U' 'M' 'U' 'M' 'U' 'M'
 'M' 'M' 'M' 'M' 'U' 'U' 'U' 'U' 'M' 'M' 'M' 'U' 'U' 'M' 'M' 'U' 'M' 'M'
 'M' 'M' 'M' 'M' 'M' 'M' 'M' 'M' 'M' 'M' 'M' 'M' 'M' 'M' 'M' 'M' 'M' 'U'
 'M' 'M' 'U' 'M' 'M' 'M' 'M' 'U' 'M' 'M' 'U' 'M' 'M' 'U' 'U' 'M' 'M' 'M'
 'M' 'M' 'M' 'U' 'M' 'M' 'M' 'M' 'U' 'M' 'U' 'M' 'M' 'M' 'M' 'M' 'M' 'M'
 'M' 'U' 'M' 'M' 'M' 'U' 'U' 'U' 'U' 'U' 'M' 'U' 'A' 'U' 'M' 'M' 'M' 'M'
 'M' 'M' 'M' 'U' 'M' 'M' 'M' 'M' 'M' 'M' 'U' 'M' 'M' 'M' 'U' 'M' 'M' 'M'
 'M' 'M' 'M' 'M' 'M' 'M' 'U' 'A' 'U' 'M' 'U' 'M' 'U' 'M' 'A' 'M' 'M' 'M'
 'M' 'M' 'U' 'M' 'U' 'M' 'U' 'M' 'U' 'U' 'M' 'M' 'M' 'U' 'M' 'M' 'M' 'M']"
23701,0,149,6,143,49,0,0,"['A' 'M' 'U' 'M' 'M' 'M' 'M' 'M' 'M' 'U' 'U' 'M' 'M' 'U' 'M' 'M' 'M' 'M'
 'U' 'M' 'M' 'U' 'M' 'U' 'M' 'U' 'M' 'U' 'M' 'M' 'M' 'M' 'M' 'M' 'M' 'M'
 'M' 'M' 'U' 'M' 'M' 'M' 'U' 'M' 'A' 'M' 'M' 'M' 'U' 'M' 'U' 'M' 'U' 'U'
 'M' 'M' 'M' 'M' 'U' 'M' 'U' 'U' 'M' 'M' 'M' 'M' 'U' 'M' 'M' 'M' 'U' 'M'
 'M' 'M' 'M' 'M' 'M' 'M' 'M' 'M' 'M' 'M' 'U' 'M' 'M' 'M' 'M' 'M' 'M' 'M'
 'U' 'M' 'M' 'M' 'U' 'M' 'M' 'M' 'M' 'M' 'U' 'M' 'M' 'U' 'U' 'M' 'M' 'M'
 'M' 'M' 'M' 'U' 'M' 'M' 'M' 'M' 'M' 'M' 'U' 'M' 'M' 'M' 'M' 'M' 'M' 'M'
 'M' 'U' 'M' 'M' 'M' 'U' 'U' 'U' 'U' 'U' 'M' 'U' 'A' 'U' 'M' 'M' 'M' 'M'
 'M' 'M' 'M' 'M' 'M' 'M' 'M' 'M' 'M' 'M' 'U' 'M' 'U' 'M' 'U' 'M' 'M' 'M'
 'M' 'U' 'M' 'M' 'M' 'M' 'U' 'A' 'U' 'M' 'U' 'M' 'U' 'M' 'A' 'M' 'M' 'M'
 'M' 'M' 'U' 'M' 'U' 'M' 'U' 'M' 'M' 'U' 'M' 'M' 'M' 'A' 'M' 'U' 'M' 'M']"
23801,0,153,7,146,45,1,0,"['A' 'M' 'U' 'M' 'M' 'M' 'M' 'M' 'M' 'U' 'U' 'M' 'M' 'U' 'M' 'M' 'M' 'M'
 'M' 'M' 'M' 'U' 'M' 'U' 'M' 'U' 'M' 'U' 'M' 'M' 'M' 'M' 'M' 'M' 'M' 'M'
 'M' 'M' 'U' 'M' 'M' 'M' 'U' 'M' 'A' 'M' 'M' 'U' 'U' 'U' 'U' 'M' 'U' 'U'
 'M' 'U' 'M' 'U' 'M' 'M' 'U' 'U' 'M' 'M' 'M' 'U' 'M' 'U' 'M' 'M' 'M' 'M'
 'M' 'M' 'M' 'M' 'M' 'M' 'M' 'M' 'M' 'M' 'M' 'M' 'U' 'M' 'M' 'U' 'M' 'M'
 'U' 'M' 'M' 'M' 'M' 'M' 'M' 'M' 'M' 'M' 'U' 'M' 'M' 'U' 'U' 'M' 'M' 'M'
 'M' 'M' 'M' 'U' 'M' 'U' 'M' 'M' 'M' 'M' 'U' 'M' 'M' 'M' 'M' 'M' 'U' 'M'
 'M' 'U' 'M' 'M' 'M' 'M' 'M' 'U' 'M' 'U' 'M' 'U' 'A' 'U' 'M' 'M' 'M' 'M'
 'M' 'M' 'M' 'M' 'M' 'M' 'M' 'M' 'M' 'M' 'U' 'M' 'A' 'M' 'U' 'M' 'M' 'M'
 'M' 'U' 'M' 'M' 'M' 'M' 'M' 'A' 'U' 'M' 'M' 'M' 'M' 'M' 'A' 'M' 'M' 'M'
 'M' 'M' 'M' 'M' 'U' 'M' 'U' 'M' 'M' 'U' 'M' 'M' 'M' 'A' 'M' 'U' 'M' 'M']"
23901,0,161,7,154,37,0,0,"['A' 'M' 'U' 'M' 'M' 'M' 'M' 'M' 'M' 'M' 'U' 'M' 'M' 'U' 'M' 'M' 'M' 'M'
 'M' 'M' 'M' 'M' 'M' 'U' 'M' 'U' 'M' 'M' 'M' 'M' 'M' 'M' 'M' 'M' 'M' 'M'
 'M' 'M' 'U' 'M' 'M' 'M' 'M' 'M' 'U' 'M' 'M' 'U' 'U' 'U' 'A' 'M' 'U' 'U'
 'M' 'M' 'M' 'U' 'M' 'M' 'U' 'M' 'M' 'M' 'M' 'M' 'M' 'M' 'M' 'M' 'U' 'M'
 'M' 'M' 'M' 'M' 'M' 'M' 'M' 'U' 'M' 'M' 'M' 'U' 'M' 'M' 'U' 'M' 'M' 'M'
 'M' 'M' 'M' 'U' 'M' 'M' 'M' 'M' 'M' 'U' 'M' 'M' 'M' 'U' 'U' 'M' 'M' 'M'
 'U' 'M' 'M' 'M' 'M' 'U' 'M' 'M' 'M' 'M' 'M' 'M' 'M' 'M' 'M' 'M' 'U' 'U'
 'M' 'M' 'M' 'M' 'M' 'M' 'U' 'M' 'M' 'U' 'M' 'U' 'A' 'U' 'M' 'M' 'M' 'M'
 'M' 'M' 'M' 'M' 'M' 'M' 'M' 'M' 'M' 'M' 'U' 'M' 'A' 'M' 'U' 'M' 'M' 'U'
 'M' 'M' 'M' 'M' 'M' 'M' 'M' 'A' 'U' 'M' 'M' 'M' 'M' 'M' 'A' 'M' 'M' 'M'
 'M' 'M' 'M' 'M' 'U' 'M' 'M' 'M' 'M' 'U' 'M' 'M' 'M' 'A' 'M' 'U' 'M' 'M']"
24001,0,165,7,158,33,1,0,"['A' 'U' 'U' 'M' 'M' 'M' 'M' 'M' 'M' 'M' 'M' 'M' 'M' 'U' 'M' 'M' 'M' 'M'
 'M' 'M' 'M' 'U' 'M' 'M' 'M' 'M' 'M' 'M' 'M' 'M' 'M' 'M' 'M' 'M' 'M' 'M'
 'M' 'M' 'M' 'M' 'U' 'M' 'M' 'M' 'U' 'M' 'M' 'U' 'U' 'U' 'A' 'M' 'U' 'M'
 'M' 'M' 'M' 'U' 'M' 'U' 'U' 'M' 'M' 'M' 'M' 'M' 'M' 'M' 'M' 'M' 'M' 'U'
 'M' 'U' 'M' 'M' 'U' 'M' 'M' 'M' 'M' 'M' 'M' 'M' 'M' 'U' 'M' 'M' 'M' 'U'
 'M' 'M' 'M' 'M' 'M' 'M' 'M' 'M' 'M' 'U' 'M' 'M' 'M' 'U' 'M' 'U' 'M' 'M'
 'U' 'M' 'M' 'M' 'M' 'U' 'M' 'M' 'M' 'M' 'M' 'M' 'M' 'M' 'M' 'M' 'U' 'M'
 'M' 'M' 'U' 'M' 'M' 'M' 'U' 'M' 'M' 'U' 'M' 'U' 'A' 'M' 'M' 'U' 'M' 'M'
 'M' 'M' 'M' 'M' 'M' 'M' 'M' 'M' 'M' 'M' 'U' 'M' 'A' 'M' 'U' 'M' 'M' 'M'
 'M' 'M' 'M' 'M' 'M' 'M' 'M' 'A' 'U' 'M' 'M' 'M' 'M' 'M' 'A' 'M' 'M' 'M'
 'M' 'M' 'M' 'M' 'M' 'M' 'M' 'M' 'M' 'M' 'M' 'M' 'M' 'A' 'M' 'U' 'M' 'M']"
24101,0,157,5,152,41,0,0,"['A' 'M' 'U' 'M' 'M' 'M' 'U' 'M' 'M' 'M' 'U' 'M' 'M' 'U' 'M' 'M' 'M' 'M'
 'M' 'M' 'M' 'M' 'M' 'M' 'M' 'M' 'M' 'M' 'M' 'M' 'M' 'M' 'M' 'M' 'M' 'M'
 'M' 'M' 'M' 'M' 'U' 'U' 'M' 'M' 'M' 'M' 'M' 'U' 'U' 'U' 'U' 'M' 'U' 'M'
 'M' 'M' 'M' 'U' 'M' 'U' 'M' 'M' 'M' 'M' 'M' 'M' 'M' 'M' 'M' 'M' 'U' 'M'
 'M' 'M' 'M' 'M' 'M' 'U' 'M' 'M' 'U' 'M' 'M' 'M' 'M' 'M' 'U' 'M' 'M' 'M'
 'U' 'M' 'M' 'M' 'M' 'M' 'M' 'M' 'U' 'M' 'M' 'M' 'M' 'U' 'M' 'M' 'M' 'M'
 'U' 'M' 'M' 'M' 'M' 'U' 'M' 'M' 'M' 'M' 'M' 'M' 'M' 'M' 'M' 'M' 'U' 'M'
 'M' 'U' 'U' 'M' 'M' 'U' 'U' 'U' 'U' 'U' 'U' 'U' 'A' 'M' 'M' 'U' 'M' 'M'
 'M' 'M' 'M' 'M' 'M' 'M' 'M' 'M' 'M' 'M' 'U' 'M' 'A' 'M' 'U' 'M' 'M' 'M'
 'M' 'M' 'U' 'M' 'M' 'U' 'M' 'U' 'U' 'M' 'M' 'M' 'M' 'M' 'A' 'M' 'M' 'M'
 'M' 'M' 'M' 'M' 'U' 'M' 'M' 'M' 'M' 'M' 'M' 'M' 'M' 'A' 'M' 'U' 'M' 'M']"
24201,0,155,4,151,43,1,0,"['A' 'M' 'M' 'M' 'M' 'M' 'U' 'M' 'U' 'U' 'U' 'M' 'M' 'U' 'M' 'M' 'M' 'M'
 'M' 'M' 'M' 'M' 'M' 'M' 'M' 'M' 'M' 'M' 'M' 'M' 'M' 'M' 'M' 'M' 'U' 'M'
 'M' 'M' 'U' 'M' 'U' 'U' 'M' 'M' 'M' 'M' 'M' 'M' 'U' 'U' 'U' 'M' 'U' 'M'
 'M' 'M' 'M' 'U' 'M' 'U' 'M' 'M' 'M' 'M' 'M' 'M' 'M' 'M' 'M' 'U' 'M' 'M'
 'M' 'M' 'U' 'M' 'M' 'M' 'M' 'U' 'M' 'M' 'M' 'U' 'M' 'U' 'M' 'M' 'M' 'M'
 'M' 'M' 'M' 'M' 'M' 'M' 'M' 'M' 'U' 'M' 'M' 'M' 'M' 'U' 'M' 'M' 'M' 'M'
 'M' 'M' 'M' 'M' 'M' 'U' 'M' 'M' 'M' 'M' 'M' 'M' 'M' 'M' 'M' 'M' 'M' 'M'
 'M' 'U' 'U' 'M' 'U' 'U' 'U' 'U' 'U' 'U' 'U' 'U' 'A' 'M' 'M' 'U' 'M' 'M'
 'M' 'M' 'M' 'M' 'M' 'M' 'M' 'M' 'M' 'M' 'M' 'M' 'A' 'M' 'U' 'M' 'M' 'M'
 'M' 'M' 'U' 'M' 'M' 'U' 'M' 'U' 'U' 'M' 'M' 'M' 'M' 'M' 'U' 'M' 'M' 'M'
 'M' 'M' 'M' 'M' 'U' 'M' 'M' 'M' 'M' 'U' 'M' 'M' 'M' 'A' 'M' 'U' 'M' 'M']"
24301,1,154,6,148,44,0,0,"['A' 'U' 'M' 'M' 'M' 'M' 'U' 'M' 'U' 'A' 'M' 'M' 'M' 'U' 'M' 'M' 'M' 'M'
 'M' 'M' 'M' 'M' 'M' 'M' 'M' 'M' 'M' 'M' 'M' 'M' 'M' 'M' 'M' 'M' 'U' 'M'
 'M' 'M' 'M' 'M' 'U' 'M' 'U' 'M' 'M' 'M' 'M' 'M' 'U' 'U' 'U' 'U' 'U' 'M'
 'M' 'M' 'M' 'M' 'M' 'U' 'M' 'M' 'U' 'M' 'M' 'M' 'U' 'M' 'M' 'M' 'M' 'M'
 'M' 'M' 'M' 'U' 'M' 'M' 'M' 'M' 'M' 'M' 'M' 'M' 'U' 'M' 'M' 'M' 'U' 'M'
 'M' 'M' 'U' 'M' 'M' 'M' 'M' 'M' 'A' 'U' 'M' 'M' 'M' 'U' 'M' 'M' 'M' 'M'
 'M' 'M' 'M' 'M' 'M' 'U' 'M' 'M' 'M' 'M' 'M' 'M' 'M' 'M' 'M' 'M' 'M' 'M'
 'M' 'U' 'U' 'M' 'U' 'U' 'U' 'U' 'M' 'U' 'U' 'U' 'A' 'M' 'M' 'U' 'M' 'M'
 'M' 'M' 'M' 'M' 'M' 'M' 'M' 'M' 'M' 'U' 'M' 'M' 'A' 'M' 'U' 'M' 'M' 'M'
 'M' 'M' 'U' 'M' 'M' 'U' 'M' 'U' 'U' 'M' 'M' 'M' 'U' 'M' 'U' 'M' 'M' 'M'
 'M' 'U' 'M' 'M' 'M' 'M' 'M' 'U' 'M' 'U' 'M' 'M' 'M' 'A' 'M' 'U' 'M' 'M']"
24401,0,161,8,153,37,0,1,"['A' 'U' 'M' 'M' 'M' 'M' 'U' 'M' 'U' 'A' 'M' 'U' 'M' 'M' 'M' 'M' 'M' 'U'
 'M' 'U' 'M' 'M' 'M' 'M' 'M' 'M' 'M' 'M' 'M' 'M' 'M' 'M' 'M' 'M' 'M' 'M'
 'M' 'M' 'M' 'M' 'U' 'M' 'U' 'M' 'M' 'M' 'M' 'M' 'U' 'M' 'U' 'U' 'U' 'M'
 'M' 'M' 'M' 'M' 'M' 'U' 'M' 'M' 'M' 'M' 'M' 'M' 'M' 'M' 'M' 'M' 'M' 'M'
 'M' 'U' 'M' 'M' 'M' 'U' 'M' 'M' 'M' 'M' 'M' 'U' 'M' 'M' 'M' 'U' 'M' 'M'
 'M' 'M' 'M' 'M' 'U' 'M' 'M' 'M' 'A' 'U' 'U' 'M' 'M' 'U' 'M' 'M' 'U' 'M'
 'M' 'M' 'M' 'M' 'M' 'U' 'M' 'M' 'M' 'M' 'M' 'M' 'M' 'M' 'M' 'M' 'M' 'M'
 'M' 'M' 'U' 'M' 'U' 'U' 'U' 'U' 'M' 'U' 'U' 'U' 'A' 'M' 'M' 'M' 'M' 'M'
 'M' 'M' 'M' 'M' 'M' 'M' 'M' 'M' 'M' 'M' 'M' 'M' 'A' 'M' 'M' 'A' 'M' 'M'
 'M' 'U' 'U' 'M' 'M' 'U' 'M' 'A' 'M' 'M' 'M' 'M' 'M' 'M' 'U' 'M' 'M' 'M'
 'M' 'M' 'M' 'M' 'M' 'M' 'M' 'U' 'M' 'U' 'M' 'M' 'M' 'A' 'M' 'M' 'M' 'M']"
24501,0,161,7,154,37,0,1,"['A' 'U' 'M' 'M' 'M' 'M' 'U' 'M' 'U' 'A' 'M' 'U' 'M' 'M' 'M' 'M' 'U' 'U'
 'M' 'U' 'M' 'M' 'M' 'M' 'M' 'M' 'M' 'M' 'M' 'M' 'M' 'M' 'M' 'M' 'M' 'M'
 'M' 'M' 'M' 'M' 'U' 'M' 'U' 'U' 'M' 'M' 'M' 'M' 'U' 'M' 'U' 'M' 'A' 'M'
 'M' 'M' 'M' 'M' 'M' 'M' 'M' 'M' 'M' 'M' 'M' 'M' 'U' 'M' 'M' 'M' 'U' 'M'
 'M' 'M' 'M' 'M' 'M' 'M' 'M' 'M' 'M' 'U' 'M' 'M' 'M' 'M' 'M' 'M' 'U' 'U'
 'M' 'M' 'M' 'M' 'M' 'M' 'M' 'M' 'A' 'M' 'U' 'M' 'M' 'U' 'M' 'M' 'U' 'M'
 'M' 'M' 'M' 'M' 'M' 'U' 'M' 'M' 'M' 'M' 'M' 'M' 'M' 'M' 'M' 'M' 'M' 'M'
 'M' 'M' 'U' 'M' 'U' 'M' 'M' 'U' 'M' 'U' 'M' 'M' 'A' 'M' 'M' 'M' 'M' 'M'
 'M' 'M' 'M' 'M' 'M' 'M' 'M' 'M' 'M' 'M' 'M' 'M' 'U' 'M' 'M' 'U' 'U' 'M'
 'M' 'U' 'U' 'M' 'M' 'U' 'U' 'U' 'M' 'M' 'M' 'M' 'M' 'M' 'U' 'M' 'M' 'M'
 'M' 'M' 'U' 'M' 'M' 'M' 'M' 'U' 'M' 'A' 'M' 'M' 'M' 'A' 'M' 'M' 'U' 'M']"
24601,0,167,7,160,31,0,0,"['A' 'U' 'M' 'M' 'M' 'M' 'U' 'M' 'U' 'A' 'M' 'M' 'M' 'M' 'M' 'M' 'M' 'U'
 'M' 'U' 'M' 'M' 'M' 'M' 'M' 'M' 'M' 'M' 'M' 'M' 'M' 'M' 'M' 'M' 'M' 'M'
 'M' 'M' 'M' 'M' 'U' 'M' 'M' 'U' 'M' 'M' 'M' 'M' 'U' 'M' 'U' 'M' 'A' 'A'
 'U' 'M' 'M' 'M' 'M' 'M' 'M' 'M' 'M' 'M' 'M' 'M' 'M' 'M' 'M' 'M' 'M' 'M'
 'M' 'M' 'U' 'M' 'M' 'M' 'M' 'M' 'U' 'M' 'M' 'M' 'M' 'U' 'M' 'M' 'M' 'M'
 'U' 'U' 'M' 'M' 'M' 'M' 'M' 'M' 'M' 'M' 'M' 'M' 'M' 'U' 'M' 'M' 'U' 'M'
 'M' 'M' 'M' 'M' 'M' 'U' 'M' 'M' 'M' 'M' 'M' 'M' 'M' 'M' 'M' 'M' 'M' 'M'
 'M' 'M' 'U' 'M' 'M' 'M' 'M' 'U' 'M' 'U' 'M' 'M' 'A' 'M' 'M' 'M' 'M' 'M'
 'M' 'M' 'M' 'M' 'M' 'M' 'M' 'M' 'M' 'M' 'M' 'M' 'U' 'M' 'M' 'U' 'U' 'M'
 'M' 'U' 'M' 'M' 'M' 'U' 'M' 'U' 'M' 'M' 'M' 'M' 'M' 'M' 'U' 'M' 'M' 'M'
 'M' 'M' 'M' 'M' 'M' 'M' 'M' 'U' 'M' 'U' 'M' 'M' 'M' 'A' 'M' 'U' 'A' 'M']"
24701,0,157,6,151,41,0,0,"['A' 'U' 'M' 'M' 'M' 'M' 'U' 'M' 'U' 'A' 'M' 'M' 'M' 'M' 'M' 'M' 'M' 'M'
 'M' 'U' 'M' 'M' 'M' 'M' 'M' 'M' 'M' 'U' 'M' 'M' 'M' 'M' 'U' 'M' 'M' 'M'
 'M' 'M' 'M' 'U' 'U' 'M' 'M' 'U' 'M' 'M' 'M' 'M' 'M' 'M' 'M' 'M' 'A' 'A'
 'U' 'M' 'M' 'M' 'M' 'M' 'M' 'U' 'M' 'M' 'M' 'M' 'M' 'M' 'M' 'M' 'M' 'M'
 'M' 'M' 'M' 'M' 'M' 'M' 'U' 'U' 'M' 'M' 'U' 'M' 'U' 'M' 'U' 'M' 'M' 'M'
 'M' 'M' 'M' 'M' 'M' 'M' 'M' 'M' 'M' 'M' 'M' 'M' 'U' 'U' 'M' 'M' 'M' 'M'
 'M' 'M' 'M' 'M' 'M' 'U' 'M' 'M' 'M' 'M' 'M' 'M' 'M' 'M' 'M' 'U' 'U' 'M'
 'M' 'M' 'U' 'M' 'M' 'M' 'M' 'U' 'M' 'U' 'M' 'U' 'A' 'M' 'M' 'M' 'M' 'M'
 'M' 'M' 'M' 'M' 'M' 'M' 'U' 'M' 'M' 'M' 'M' 'M' 'U' 'M' 'M' 'U' 'M' 'M'
 'M' 'U' 'M' 'M' 'M' 'U' 'M' 'U' 'M' 'M' 'M' 'M' 'U' 'M' 'U' 'M' 'M' 'U'
 'M' 'M' 'M' 'U' 'M' 'M' 'M' 'U' 'M' 'U' 'M' 'U' 'M' 'U' 'M' 'U' 'A' 'U']"
24801,0,156,6,150,42,0,0,"['A' 'U' 'M' 'M' 'M' 'M' 'U' 'M' 'U' 'A' 'M' 'M' 'M' 'M' 'M' 'M' 'M' 'M'
 'M' 'M' 'M' 'M' 'M' 'M' 'M' 'M' 'M' 'U' 'U' 'M' 'M' 'M' 'U' 'M' 'M' 'M'
 'M' 'M' 'M' 'U' 'U' 'M' 'U' 'U' 'M' 'M' 'U' 'M' 'M' 'M' 'M' 'M' 'A' 'A'
 'U' 'M' 'M' 'M' 'M' 'M' 'M' 'M' 'M' 'M' 'M' 'M' 'M' 'M' 'M' 'M' 'M' 'U'
 'M' 'M' 'M' 'M' 'M' 'M' 'M' 'U' 'M' 'M' 'M' 'M' 'M' 'U' 'M' 'U' 'M' 'M'
 'M' 'M' 'M' 'U' 'M' 'U' 'M' 'M' 'M' 'M' 'M' 'M' 'U' 'U' 'M' 'M' 'M' 'U'
 'M' 'M' 'M' 'M' 'M' 'U' 'M' 'M' 'M' 'M' 'M' 'M' 'M' 'M' 'M' 'M' 'U' 'U'
 'M' 'M' 'M' 'M' 'M' 'M' 'M' 'U' 'M' 'U' 'M' 'U' 'U' 'M' 'M' 'M' 'M' 'M'
 'M' 'M' 'M' 'M' 'M' 'U' 'U' 'M' 'M' 'M' 'M' 'M' 'M' 'M' 'M' 'A' 'M' 'M'
 'M' 'U' 'M' 'M' 'M' 'M' 'M' 'U' 'M' 'M' 'M' 'M' 'U' 'M' 'U' 'M' 'M' 'U'
 'M' 'M' 'M' 'U' 'M' 'M' 'M' 'U' 'U' 'M' 'M' 'U' 'M' 'U' 'M' 'U' 'A' 'U']"
24901,1,147,6,141,51,0,0,"['A' 'U' 'M' 'M' 'M' 'M' 'U' 'M' 'U' 'A' 'M' 'M' 'M' 'M' 'M' 'M' 'M' 'M'
 'M' 'M' 'M' 'U' 'U' 'M' 'M' 'M' 'M' 'U' 'U' 'M' 'M' 'M' 'U' 'M' 'M' 'M'
 'M' 'M' 'M' 'U' 'U' 'M' 'A' 'U' 'M' 'M' 'U' 'M' 'M' 'U' 'M' 'M' 'A' 'U'
 'M' 'M' 'M' 'M' 'M' 'M' 'M' 'M' 'M' 'U' 'M' 'M' 'M' 'M' 'M' 'M' 'U' 'U'
 'U' 'M' 'M' 'M' 'M' 'M' 'M' 'M' 'U' 'M' 'M' 'M' 'M' 'U' 'M' 'M' 'M' 'M'
 'M' 'M' 'M' 'M' 'M' 'U' 'M' 'M' 'M' 'M' 'M' 'A' 'U' 'U' 'M' 'M' 'M' 'U'
 'M' 'M' 'U' 'M' 'M' 'M' 'M' 'M' 'M' 'M' 'M' 'M' 'M' 'M' 'M' 'M' 'U' 'U'
 'M' 'M' 'M' 'M' 'M' 'U' 'U' 'U' 'U' 'U' 'U' 'U' 'U' 'M' 'M' 'M' 'M' 'M'
 'M' 'M' 'M' 'M' 'M' 'M' 'U' 'M' 'M' 'M' 'M' 'M' 'M' 'M' 'M' 'A' 'U' 'M'
 'U' 'U' 'M' 'M' 'M' 'M' 'M' 'U' 'M' 'M' 'M' 'M' 'U' 'M' 'U' 'U' 'M' 'U'
 'M' 'M' 'M' 'U' 'M' 'M' 'M' 'U' 'U' 'M' 'M' 'U' 'M' 'U' 'M' 'M' 'U' 'U']"
25001,0,146,6,140,52,0,1,"['A' 'U' 'M' 'M' 'M' 'M' 'U' 'M' 'M' 'U' 'M' 'M' 'M' 'M' 'M' 'M' 'M' 'M'
 'M' 'M' 'M' 'M' 'M' 'M' 'M' 'M' 'M' 'U' 'U' 'M' 'M' 'U' 'U' 'M' 'M' 'M'
 'M' 'M' 'M' 'U' 'U' 'M' 'A' 'U' 'U' 'M' 'U' 'M' 'M' 'U' 'M' 'M' 'A' 'M'
 'M' 'M' 'M' 'M' 'M' 'M' 'M' 'M' 'M' 'U' 'U' 'M' 'M' 'M' 'M' 'M' 'U' 'M'
 'M' 'M' 'M' 'M' 'M' 'M' 'M' 'M' 'M' 'M' 'M' 'U' 'M' 'M' 'U' 'M' 'M' 'M'
 'U' 'M' 'M' 'M' 'U' 'U' 'M' 'M' 'M' 'M' 'M' 'A' 'U' 'U' 'M' 'M' 'M' 'U'
 'M' 'M' 'M' 'M' 'M' 'M' 'M' 'M' 'M' 'M' 'M' 'U' 'M' 'U' 'M' 'U' 'U' 'U'
 'M' 'M' 'M' 'U' 'M' 'U' 'U' 'U' 'U' 'U' 'U' 'M' 'U' 'M' 'M' 'M' 'M' 'M'
 'U' 'U' 'M' 'M' 'M' 'M' 'M' 'M' 'M' 'M' 'M' 'M' 'M' 'M' 'M' 'A' 'U' 'M'
 'A' 'M' 'M' 'M' 'M' 'M' 'M' 'U' 'M' 'M' 'M' 'M' 'U' 'M' 'U' 'M' 'M' 'U'
 'M' 'M' 'U' 'U' 'M' 'M' 'M' 'U' 'U' 'U' 'M' 'U' 'M' 'M' 'U' 'M' 'M' 'U']"
25101,0,152,5,147,46,0,0,"['A' 'M' 'M' 'U' 'M' 'M' 'U' 'M' 'M' 'U' 'M' 'M' 'M' 'U' 'M' 'M' 'M' 'M'
 'M' 'M' 'M' 'M' 'M' 'M' 'M' 'M' 'M' 'M' 'U' 'M' 'M' 'U' 'U' 'M' 'M' 'M'
 'M' 'M' 'M' 'U' 'U' 'M' 'U' 'U' 'U' 'M' 'U' 'M' 'M' 'U' 'M' 'M' 'A' 'M'
 'M' 'M' 'M' 'M' 'M' 'M' 'M' 'U' 'M' 'M' 'U' 'M' 'U' 'M' 'M' 'M' 'M' 'M'
 'M' 'M' 'M' 'M' 'M' 'M' 'M' 'M' 'M' 'M' 'M' 'U' 'U' 'M' 'M' 'M' 'M' 'M'
 'U' 'M' 'U' 'M' 'M' 'U' 'M' 'M' 'M' 'U' 'M' 'A' 'U' 'U' 'M' 'M' 'M' 'U'
 'M' 'M' 'M' 'M' 'M' 'M' 'M' 'M' 'M' 'M' 'M' 'M' 'M' 'M' 'M' 'U' 'U' 'M'
 'M' 'M' 'M' 'U' 'M' 'M' 'U' 'U' 'U' 'U' 'M' 'M' 'M' 'M' 'M' 'M' 'M' 'M'
 'U' 'U' 'M' 'M' 'U' 'M' 'U' 'M' 'M' 'M' 'M' 'M' 'M' 'M' 'M' 'A' 'U' 'M'
 'A' 'M' 'M' 'M' 'M' 'M' 'M' 'M' 'M' 'U' 'M' 'M' 'U' 'M' 'M' 'M' 'M' 'M'
 'M' 'M' 'M' 'U' 'M' 'M' 'U' 'U' 'U' 'M' 'M' 'M' 'M' 'U' 'U' 'M' 'M' 'M']"
25201,0,156,6,150,42,0,0,"['A' 'M' 'M' 'U' 'M' 'M' 'U' 'M' 'M' 'U' 'M' 'M' 'M' 'U' 'M' 'M' 'M' 'M'
 'M' 'U' 'M' 'M' 'M' 'M' 'M' 'M' 'M' 'M' 'U' 'M' 'M' 'U' 'U' 'U' 'M' 'M'
 'M' 'M' 'M' 'M' 'M' 'M' 'U' 'U' 'M' 'M' 'U' 'M' 'M' 'U' 'M' 'M' 'A' 'M'
 'M' 'M' 'M' 'M' 'M' 'M' 'M' 'U' 'M' 'M' 'U' 'M' 'U' 'M' 'M' 'M' 'M' 'M'
 'M' 'M' 'M' 'U' 'M' 'M' 'U' 'M' 'M' 'M' 'M' 'M' 'U' 'M' 'M' 'M' 'U' 'M'
 'M' 'M' 'M' 'M' 'M' 'A' 'M' 'M' 'M' 'U' 'M' 'A' 'U' 'U' 'M' 'M' 'M' 'U'
 'M' 'M' 'M' 'M' 'M' 'M' 'M' 'U' 'M' 'M' 'M' 'M' 'M' 'U' 'M' 'U' 'U' 'M'
 'M' 'M' 'M' 'M' 'M' 'M' 'U' 'M' 'U' 'U' 'M' 'M' 'M' 'M' 'M' 'M' 'M' 'M'
 'U' 'U' 'M' 'M' 'U' 'M' 'U' 'M' 'M' 'M' 'M' 'M' 'M' 'M' 'M' 'A' 'M' 'M'
 'A' 'M' 'M' 'M' 'M' 'M' 'M' 'M' 'M' 'M' 'M' 'M' 'U' 'M' 'M' 'M' 'M' 'M'
 'M' 'M' 'M' 'U' 'M' 'M' 'M' 'U' 'U' 'M' 'M' 'M' 'M' 'U' 'U' 'U' 'M' 'M']"
25301,0,154,4,150,44,0,0,"['A' 'M' 'M' 'U' 'M' 'M' 'M' 'M' 'M' 'M' 'M' 'M' 'M' 'U' 'M' 'M' 'M' 'M'
 'M' 'M' 'M' 'M' 'M' 'U' 'M' 'M' 'M' 'M' 'M' 'M' 'M' 'U' 'U' 'U' 'M' 'M'
 'M' 'M' 'M' 'M' 'M' 'M' 'U' 'U' 'M' 'M' 'U' 'U' 'M' 'M' 'M' 'M' 'A' 'M'
 'M' 'M' 'M' 'M' 'M' 'M' 'M' 'U' 'M' 'M' 'U' 'M' 'M' 'M' 'M' 'M' 'M' 'U'
 'M' 'M' 'M' 'M' 'U' 'M' 'M' 'M' 'M' 'M' 'U' 'M' 'M' 'M' 'M' 'M' 'M' 'M'
 'M' 'M' 'U' 'M' 'U' 'U' 'M' 'M' 'M' 'U' 'M' 'A' 'U' 'U' 'M' 'M' 'M' 'U'
 'M' 'U' 'M' 'M' 'M' 'M' 'M' 'U' 'M' 'M' 'M' 'M' 'M' 'U' 'M' 'U' 'U' 'M'
 'M' 'M' 'M' 'M' 'M' 'M' 'U' 'M' 'U' 'M' 'M' 'M' 'M' 'M' 'M' 'M' 'M' 'M'
 'U' 'U' 'M' 'M' 'U' 'M' 'U' 'M' 'M' 'M' 'M' 'M' 'M' 'M' 'M' 'A' 'M' 'U'
 'U' 'M' 'M' 'M' 'M' 'M' 'M' 'M' 'M' 'M' 'M' 'U' 'U' 'M' 'U' 'M' 'U' 'M'
 'M' 'M' 'M' 'U' 'M' 'M' 'M' 'U' 'U' 'M' 'M' 'M' 'M' 'M' 'M' 'U' 'U' 'M']"
25401,0,156,3,153,42,0,0,"['A' 'M' 'M' 'U' 'M' 'M' 'U' 'M' 'M' 'M' 'M' 'M' 'M' 'U' 'M' 'M' 'M' 'M'
 'M' 'M' 'M' 'M' 'M' 'M' 'M' 'M' 'M' 'M' 'M' 'M' 'M' 'U' 'U' 'U' 'M' 'M'
 'M' 'M' 'M' 'M' 'M' 'M' 'U' 'U' 'M' 'M' 'U' 'M' 'M' 'M' 'M' 'M' 'M' 'M'
 'M' 'M' 'M' 'M' 'M' 'M' 'U' 'U' 'M' 'M' 'M' 'M' 'M' 'M' 'M' 'U' 'U' 'M'
 'M' 'M' 'M' 'M' 'U' 'M' 'M' 'M' 'M' 'M' 'M' 'M' 'M' 'M' 'M' 'M' 'M' 'U'
 'M' 'M' 'M' 'U' 'M' 'U' 'M' 'M' 'M' 'M' 'M' 'A' 'U' 'U' 'U' 'M' 'M' 'U'
 'M' 'U' 'M' 'M' 'M' 'M' 'M' 'U' 'M' 'M' 'M' 'M' 'M' 'U' 'M' 'U' 'U' 'M'
 'M' 'M' 'M' 'M' 'M' 'M' 'U' 'M' 'U' 'M' 'M' 'M' 'M' 'M' 'M' 'M' 'M' 'M'
 'U' 'U' 'M' 'M' 'U' 'M' 'U' 'M' 'M' 'M' 'M' 'M' 'M' 'M' 'M' 'A' 'M' 'M'
 'U' 'U' 'M' 'M' 'M' 'M' 'M' 'M' 'M' 'M' 'M' 'U' 'U' 'M' 'U' 'M' 'U' 'M'
 'M' 'M' 'M' 'U' 'M' 'M' 'M' 'U' 'M' 'M' 'M' 'M' 'M' 'M' 'M' 'U' 'U' 'M']"
25501,0,165,3,162,33,0,0,"['A' 'M' 'M' 'U' 'M' 'M' 'U' 'M' 'M' 'M' 'M' 'U' 'M' 'M' 'M' 'M' 'M' 'M'
 'M' 'M' 'M' 'M' 'M' 'M' 'M' 'M' 'M' 'M' 'M' 'M' 'U' 'U' 'U' 'M' 'M' 'M'
 'M' 'M' 'M' 'M' 'M' 'M' 'M' 'U' 'M' 'M' 'U' 'M' 'M' 'M' 'M' 'M' 'M' 'M'
 'M' 'M' 'M' 'M' 'M' 'U' 'U' 'U' 'M' 'M' 'M' 'M' 'M' 'U' 'M' 'M' 'M' 'M'
 'M' 'M' 'M' 'M' 'M' 'M' 'M' 'M' 'M' 'M' 'U' 'M' 'M' 'M' 'M' 'M' 'U' 'U'
 'U' 'M' 'M' 'M' 'M' 'U' 'M' 'M' 'M' 'M' 'M' 'A' 'U' 'M' 'U' 'M' 'M' 'U'
 'M' 'U' 'M' 'M' 'M' 'M' 'M' 'U' 'M' 'M' 'M' 'M' 'M' 'U' 'M' 'M' 'U' 'M'
 'M' 'M' 'M' 'M' 'M' 'M' 'M' 'M' 'U' 'M' 'M' 'M' 'M' 'M' 'M' 'M' 'M' 'M'
 'U' 'M' 'M' 'M' 'M' 'M' 'U' 'M' 'M' 'M' 'M' 'M' 'M' 'M' 'M' 'A' 'M' 'M'
 'M' 'U' 'M' 'M' 'M' 'M' 'M' 'M' 'M' 'M' 'M' 'M' 'U' 'M' 'U' 'M' 'U' 'M'
 'M' 'M' 'M' 'U' 'M' 'M' 'M' 'U' 'M' 'M' 'M' 'M' 'M' 'M' 'M' 'M' 'M' 'M']"
25601,0,158,3,155,40,0,0,"['A' 'M' 'M' 'U' 'U' 'M' 'U' 'M' 'M' 'M' 'M' 'M' 'M' 'M' 'M' 'U' 'M' 'M'
 'M' 'M' 'M' 'M' 'M' 'M' 'M' 'M' 'M' 'M' 'M' 'M' 'U' 'M' 'U' 'M' 'M' 'M'
 'M' 'M' 'M' 'M' 'M' 'M' 'M' 'U' 'M' 'M' 'U' 'M' 'M' 'M' 'M' 'U' 'M' 'M'
 'M' 'M' 'M' 'M' 'M' 'U' 'M' 'U' 'M' 'M' 'U' 'M' 'M' 'M' 'M' 'M' 'M' 'M'
 'M' 'M' 'M' 'M' 'M' 'M' 'M' 'U' 'M' 'M' 'M' 'M' 'U' 'U' 'M' 'M' 'U' 'M'
 'M' 'M' 'M' 'U' 'M' 'U' 'M' 'U' 'M' 'M' 'M' 'U' 'U' 'U' 'U' 'M' 'M' 'M'
 'U' 'M' 'M' 'M' 'M' 'M' 'M' 'U' 'M' 'M' 'M' 'M' 'M' 'U' 'M' 'M' 'U' 'M'
 'M' 'U' 'M' 'M' 'M' 'M' 'M' 'M' 'U' 'M' 'U' 'M' 'M' 'M' 'M' 'M' 'M' 'M'
 'U' 'M' 'M' 'M' 'U' 'M' 'U' 'M' 'M' 'M' 'M' 'U' 'M' 'M' 'M' 'A' 'M' 'M'
 'M' 'U' 'M' 'M' 'M' 'M' 'M' 'M' 'M' 'M' 'M' 'M' 'U' 'M' 'U' 'M' 'U' 'M'
 'M' 'M' 'M' 'M' 'M' 'U' 'M' 'U' 'M' 'M' 'M' 'M' 'M' 'A' 'M' 'M' 'M' 'M']"
25701,0,156,2,154,42,0,1,"['A' 'M' 'M' 'U' 'U' 'M' 'M' 'M' 'M' 'M' 'M' 'M' 'M' 'M' 'M' 'M' 'M' 'M'
 'M' 'M' 'M' 'M' 'M' 'M' 'M' 'M' 'U' 'M' 'M' 'M' 'U' 'M' 'U' 'U' 'M' 'M'
 'U' 'M' 'M' 'M' 'M' 'M' 'M' 'M' 'M' 'M' 'M' 'M' 'M' 'M' 'M' 'U' 'M' 'M'
 'M' 'M' 'M' 'M' 'M' 'U' 'M' 'U' 'M' 'M' 'M' 'M' 'M' 'U' 'M' 'M' 'M' 'M'
 'M' 'M' 'M' 'M' 'M' 'U' 'M' 'M' 'M' 'M' 'M' 'M' 'M' 'U' 'M' 'M' 'M' 'M'
 'U' 'M' 'M' 'U' 'M' 'U' 'M' 'M' 'M' 'M' 'M' 'U' 'U' 'U' 'U' 'M' 'M' 'M'
 'M' 'M' 'M' 'M' 'M' 'M' 'M' 'U' 'M' 'U' 'M' 'U' 'M' 'M' 'M' 'M' 'M' 'M'
 'M' 'U' 'M' 'M' 'M' 'U' 'U' 'U' 'U' 'U' 'M' 'U' 'U' 'M' 'M' 'U' 'M' 'M'
 'U' 'M' 'M' 'M' 'U' 'M' 'M' 'M' 'M' 'M' 'M' 'U' 'M' 'M' 'M' 'U' 'M' 'M'
 'M' 'U' 'M' 'M' 'M' 'M' 'M' 'M' 'M' 'U' 'M' 'M' 'U' 'M' 'U' 'M' 'U' 'M'
 'M' 'M' 'M' 'M' 'M' 'U' 'M' 'M' 'M' 'M' 'M' 'M' 'M' 'A' 'M' 'M' 'M' 'M']"
25801,0,155,1,154,43,0,1,"['A' 'M' 'M' 'U' 'U' 'M' 'M' 'M' 'M' 'M' 'M' 'M' 'M' 'M' 'M' 'M' 'M' 'M'
 'M' 'M' 'M' 'M' 'M' 'M' 'M' 'M' 'U' 'M' 'M' 'M' 'U' 'M' 'U' 'M' 'M' 'M'
 'U' 'M' 'M' 'M' 'M' 'M' 'M' 'M' 'U' 'M' 'M' 'M' 'M' 'M' 'M' 'U' 'M' 'M'
 'M' 'M' 'M' 'M' 'M' 'U' 'M' 'M' 'M' 'M' 'M' 'M' 'M' 'M' 'M' 'M' 'M' 'U'
 'M' 'M' 'M' 'M' 'M' 'M' 'M' 'U' 'M' 'M' 'U' 'M' 'M' 'M' 'U' 'M' 'M' 'M'
 'M' 'M' 'M' 'U' 'M' 'U' 'M' 'M' 'M' 'M' 'M' 'U' 'U' 'U' 'M' 'M' 'M' 'M'
 'M' 'M' 'M' 'M' 'M' 'M' 'M' 'U' 'M' 'U' 'M' 'M' 'M' 'M' 'U' 'M' 'M' 'M'
 'M' 'U' 'M' 'M' 'M' 'U' 'U' 'U' 'U' 'U' 'M' 'M' 'U' 'M' 'M' 'U' 'M' 'M'
 'U' 'M' 'M' 'M' 'U' 'M' 'M' 'M' 'M' 'M' 'M' 'U' 'M' 'M' 'M' 'U' 'M' 'M'
 'M' 'M' 'M' 'M' 'M' 'M' 'M' 'U' 'M' 'U' 'M' 'M' 'M' 'M' 'U' 'U' 'U' 'U'
 'M' 'M' 'M' 'M' 'M' 'U' 'M' 'M' 'M' 'U' 'U' 'M' 'M' 'U' 'M' 'M' 'M' 'M']"
25901,0,156,1,155,42,0,0,"['A' 'M' 'M' 'U' 'M' 'M' 'M' 'M' 'M' 'M' 'M' 'U' 'M' 'M' 'M' 'M' 'M' 'M'
 'M' 'M' 'M' 'M' 'M' 'M' 'M' 'M' 'M' 'M' 'M' 'M' 'U' 'M' 'U' 'M' 'M' 'M'
 'U' 'M' 'M' 'M' 'M' 'M' 'M' 'M' 'U' 'M' 'M' 'M' 'M' 'M' 'M' 'U' 'M' 'M'
 'M' 'M' 'M' 'M' 'M' 'U' 'M' 'M' 'M' 'M' 'M' 'U' 'M' 'U' 'U' 'M' 'M' 'M'
 'M' 'M' 'M' 'M' 'M' 'M' 'M' 'M' 'M' 'M' 'M' 'M' 'M' 'M' 'M' 'M' 'M' 'U'
 'M' 'U' 'M' 'M' 'M' 'U' 'M' 'M' 'M' 'M' 'M' 'U' 'U' 'U' 'M' 'M' 'M' 'M'
 'M' 'M' 'M' 'M' 'M' 'M' 'M' 'M' 'U' 'U' 'M' 'M' 'M' 'M' 'M' 'U' 'M' 'M'
 'M' 'M' 'M' 'M' 'M' 'U' 'M' 'U' 'U' 'U' 'M' 'M' 'U' 'M' 'M' 'U' 'M' 'M'
 'U' 'M' 'M' 'M' 'U' 'M' 'M' 'U' 'M' 'M' 'M' 'U' 'M' 'U' 'M' 'U' 'M' 'M'
 'M' 'M' 'M' 'M' 'M' 'M' 'M' 'M' 'U' 'U' 'M' 'M' 'U' 'M' 'U' 'M' 'U' 'U'
 'M' 'M' 'M' 'M' 'M' 'U' 'M' 'M' 'M' 'U' 'U' 'M' 'M' 'U' 'M' 'M' 'M' 'M']"
26001,0,156,4,152,42,0,0,"['A' 'M' 'M' 'U' 'M' 'M' 'M' 'M' 'M' 'M' 'M' 'U' 'M' 'M' 'U' 'M' 'M' 'M'
 'M' 'M' 'M' 'M' 'M' 'M' 'M' 'M' 'M' 'M' 'M' 'M' 'U' 'M' 'U' 'M' 'M' 'M'
 'U' 'M' 'M' 'M' 'M' 'M' 'M' 'M' 'U' 'M' 'M' 'M' 'M' 'M' 'M' 'U' 'M' 'M'
 'M' 'M' 'M' 'M' 'M' 'M' 'M' 'M' 'M' 'M' 'M' 'M' 'U' 'M' 'M' 'M' 'M' 'M'
 'M' 'M' 'U' 'M' 'M' 'M' 'M' 'M' 'M' 'U' 'M' 'M' 'M' 'M' 'M' 'M' 'M' 'U'
 'U' 'M' 'M' 'M' 'M' 'U' 'M' 'M' 'M' 'M' 'U' 'U' 'U' 'U' 'M' 'M' 'M' 'M'
 'U' 'M' 'M' 'M' 'M' 'M' 'M' 'M' 'U' 'A' 'M' 'M' 'M' 'M' 'M' 'U' 'M' 'M'
 'M' 'M' 'U' 'M' 'M' 'U' 'M' 'M' 'M' 'U' 'M' 'M' 'U' 'M' 'M' 'U' 'U' 'M'
 'U' 'M' 'M' 'M' 'U' 'M' 'M' 'U' 'M' 'M' 'M' 'U' 'M' 'A' 'M' 'U' 'M' 'M'
 'M' 'U' 'M' 'M' 'M' 'M' 'M' 'M' 'U' 'U' 'M' 'M' 'U' 'M' 'M' 'M' 'U' 'U'
 'M' 'M' 'U' 'M' 'M' 'U' 'M' 'M' 'M' 'U' 'U' 'M' 'M' 'A' 'M' 'M' 'M' 'M']"
26101,0,160,6,154,38,0,1,"['A' 'M' 'M' 'U' 'M' 'M' 'M' 'M' 'U' 'M' 'M' 'M' 'M' 'M' 'U' 'M' 'M' 'M'
 'M' 'M' 'M' 'M' 'M' 'M' 'M' 'M' 'M' 'M' 'M' 'M' 'M' 'M' 'M' 'M' 'M' 'M'
 'U' 'M' 'M' 'M' 'M' 'M' 'M' 'M' 'U' 'M' 'M' 'M' 'M' 'M' 'M' 'U' 'M' 'M'
 'M' 'M' 'M' 'M' 'M' 'M' 'M' 'M' 'M' 'M' 'M' 'M' 'M' 'U' 'M' 'M' 'U' 'M'
 'M' 'M' 'U' 'M' 'M' 'M' 'U' 'M' 'M' 'M' 'U' 'M' 'M' 'M' 'M' 'M' 'M' 'M'
 'M' 'M' 'M' 'M' 'M' 'U' 'M' 'M' 'M' 'U' 'M' 'U' 'U' 'M' 'M' 'M' 'M' 'M'
 'U' 'M' 'M' 'M' 'U' 'M' 'M' 'M' 'M' 'A' 'M' 'M' 'M' 'M' 'M' 'A' 'M' 'U'
 'M' 'M' 'U' 'M' 'M' 'M' 'M' 'M' 'M' 'M' 'M' 'M' 'U' 'M' 'A' 'U' 'U' 'M'
 'M' 'M' 'U' 'M' 'U' 'U' 'M' 'U' 'M' 'M' 'M' 'U' 'M' 'A' 'M' 'M' 'M' 'M'
 'M' 'U' 'M' 'M' 'M' 'M' 'M' 'M' 'U' 'U' 'M' 'M' 'U' 'M' 'M' 'M' 'U' 'U'
 'M' 'M' 'U' 'M' 'M' 'U' 'U' 'M' 'M' 'A' 'U' 'M' 'M' 'U' 'M' 'M' 'M' 'M']"
26201,0,166,8,158,32,0,0,"['A' 'M' 'M' 'M' 'M' 'M' 'M' 'M' 'U' 'M' 'M' 'M' 'M' 'M' 'M' 'M' 'M' 'M'
 'M' 'M' 'M' 'M' 'U' 'M' 'M' 'M' 'M' 'M' 'U' 'M' 'M' 'M' 'M' 'M' 'M' 'M'
 'U' 'M' 'M' 'U' 'M' 'M' 'M' 'M' 'U' 'M' 'M' 'U' 'M' 'M' 'M' 'M' 'M' 'M'
 'M' 'M' 'M' 'M' 'M' 'M' 'M' 'M' 'M' 'M' 'M' 'M' 'M' 'M' 'M' 'M' 'M' 'M'
 'M' 'U' 'U' 'M' 'U' 'M' 'M' 'M' 'U' 'M' 'M' 'U' 'M' 'M' 'M' 'M' 'M' 'M'
 'M' 'M' 'M' 'M' 'M' 'U' 'M' 'M' 'M' 'U' 'M' 'U' 'U' 'M' 'M' 'M' 'M' 'M'
 'U' 'M' 'M' 'M' 'M' 'M' 'M' 'M' 'M' 'A' 'M' 'M' 'M' 'U' 'M' 'A' 'M' 'U'
 'M' 'M' 'U' 'M' 'M' 'M' 'M' 'M' 'M' 'M' 'M' 'M' 'U' 'M' 'A' 'M' 'U' 'M'
 'M' 'M' 'U' 'M' 'U' 'M' 'M' 'M' 'M' 'M' 'M' 'A' 'M' 'A' 'M' 'M' 'M' 'M'
 'M' 'M' 'M' 'M' 'M' 'M' 'M' 'M' 'A' 'U' 'M' 'M' 'U' 'U' 'M' 'M' 'U' 'U'
 'M' 'M' 'U' 'M' 'M' 'U' 'M' 'M' 'M' 'A' 'M' 'M' 'M' 'U' 'M' 'M' 'M' 'M']"
26301,0,167,8,159,31,0,0,"['A' 'M' 'M' 'M' 'M' 'M' 'M' 'M' 'U' 'M' 'M' 'M' 'M' 'M' 'M' 'M' 'U' 'M'
 'M' 'M' 'M' 'M' 'M' 'M' 'M' 'M' 'M' 'M' 'U' 'M' 'M' 'M' 'M' 'M' 'M' 'M'
 'U' 'M' 'M' 'M' 'M' 'M' 'M' 'M' 'U' 'U' 'M' 'U' 'M' 'M' 'M' 'M' 'M' 'M'
 'M' 'M' 'M' 'M' 'M' 'M' 'U' 'M' 'M' 'M' 'M' 'M' 'U' 'M' 'M' 'M' 'M' 'U'
 'M' 'M' 'U' 'M' 'U' 'M' 'M' 'M' 'M' 'M' 'M' 'U' 'M' 'M' 'M' 'M' 'M' 'M'
 'M' 'M' 'M' 'M' 'M' 'M' 'M' 'M' 'M' 'U' 'M' 'U' 'U' 'M' 'M' 'M' 'M' 'M'
 'U' 'M' 'M' 'M' 'M' 'M' 'M' 'M' 'M' 'A' 'M' 'M' 'M' 'U' 'M' 'A' 'M' 'U'
 'M' 'M' 'M' 'M' 'M' 'M' 'M' 'M' 'M' 'M' 'M' 'M' 'U' 'M' 'A' 'M' 'U' 'M'
 'U' 'M' 'U' 'M' 'U' 'M' 'M' 'M' 'M' 'M' 'M' 'A' 'M' 'U' 'M' 'M' 'M' 'M'
 'M' 'M' 'M' 'M' 'M' 'M' 'M' 'M' 'A' 'A' 'M' 'M' 'U' 'M' 'M' 'M' 'U' 'U'
 'M' 'M' 'U' 'M' 'M' 'U' 'M' 'M' 'M' 'A' 'M' 'M' 'M' 'U' 'M' 'M' 'M' 'M']"
26401,0,169,8,161,29,0,0,"['A' 'M' 'M' 'M' 'M' 'M' 'M' 'M' 'U' 'M' 'M' 'M' 'M' 'M' 'M' 'M' 'U' 'M'
 'M' 'M' 'M' 'M' 'M' 'M' 'M' 'M' 'M' 'M' 'M' 'M' 'M' 'M' 'M' 'M' 'M' 'M'
 'A' 'M' 'M' 'M' 'M' 'M' 'M' 'M' 'M' 'U' 'M' 'U' 'M' 'M' 'M' 'M' 'M' 'M'
 'M' 'M' 'M' 'U' 'M' 'M' 'U' 'M' 'M' 'M' 'M' 'M' 'M' 'M' 'M' 'M' 'U' 'M'
 'M' 'M' 'M' 'U' 'M' 'M' 'M' 'M' 'M' 'M' 'M' 'M' 'M' 'M' 'U' 'M' 'M' 'M'
 'U' 'M' 'U' 'M' 'M' 'M' 'M' 'M' 'M' 'U' 'M' 'A' 'U' 'M' 'M' 'M' 'M' 'M'
 'M' 'M' 'M' 'M' 'M' 'M' 'M' 'U' 'M' 'A' 'M' 'M' 'M' 'M' 'M' 'U' 'M' 'M'
 'M' 'M' 'M' 'M' 'M' 'M' 'M' 'M' 'M' 'M' 'M' 'M' 'M' 'U' 'A' 'M' 'M' 'M'
 'U' 'M' 'U' 'M' 'A' 'M' 'M' 'U' 'M' 'U' 'M' 'U' 'M' 'U' 'M' 'M' 'M' 'M'
 'M' 'M' 'U' 'M' 'U' 'M' 'M' 'M' 'A' 'U' 'M' 'M' 'U' 'M' 'M' 'M' 'U' 'M'
 'M' 'M' 'M' 'M' 'M' 'M' 'M' 'M' 'M' 'A' 'M' 'U' 'M' 'U' 'M' 'M' 'M' 'M']"
26501,0,165,9,156,33,0,1,"['A' 'M' 'M' 'M' 'M' 'M' 'M' 'M' 'U' 'M' 'M' 'M' 'M' 'M' 'M' 'M' 'U' 'M'
 'M' 'M' 'M' 'M' 'M' 'M' 'M' 'U' 'M' 'U' 'M' 'M' 'M' 'M' 'M' 'M' 'M' 'M'
 'A' 'M' 'M' 'M' 'M' 'M' 'U' 'M' 'M' 'U' 'M' 'U' 'M' 'U' 'M' 'M' 'M' 'M'
 'M' 'M' 'M' 'M' 'M' 'M' 'M' 'M' 'M' 'M' 'M' 'U' 'M' 'M' 'M' 'M' 'M' 'M'
 'M' 'M' 'M' 'M' 'M' 'U' 'M' 'M' 'U' 'M' 'M' 'M' 'M' 'M' 'U' 'M' 'U' 'M'
 'M' 'M' 'M' 'M' 'M' 'M' 'M' 'M' 'M' 'U' 'M' 'A' 'M' 'M' 'M' 'M' 'M' 'M'
 'M' 'M' 'M' 'M' 'U' 'M' 'M' 'A' 'M' 'U' 'M' 'M' 'M' 'M' 'U' 'U' 'M' 'M'
 'M' 'M' 'M' 'M' 'M' 'M' 'M' 'M' 'M' 'M' 'M' 'M' 'U' 'U' 'A' 'M' 'M' 'M'
 'U' 'M' 'U' 'M' 'A' 'M' 'U' 'M' 'M' 'U' 'M' 'U' 'M' 'U' 'M' 'M' 'M' 'M'
 'M' 'M' 'U' 'M' 'U' 'M' 'M' 'U' 'A' 'U' 'M' 'M' 'U' 'M' 'M' 'M' 'A' 'M'
 'M' 'M' 'M' 'M' 'M' 'U' 'M' 'M' 'M' 'A' 'M' 'U' 'M' 'M' 'M' 'M' 'M' 'M']"
26601,0,168,10,158,30,0,0,"['A' 'M' 'M' 'M' 'M' 'M' 'M' 'M' 'U' 'M' 'M' 'M' 'M' 'M' 'M' 'M' 'U' 'M'
 'U' 'M' 'M' 'M' 'M' 'M' 'M' 'M' 'M' 'M' 'M' 'M' 'M' 'M' 'M' 'M' 'M' 'M'
 'A' 'M' 'M' 'M' 'M' 'M' 'M' 'M' 'M' 'U' 'M' 'U' 'M' 'U' 'M' 'M' 'M' 'M'
 'M' 'M' 'M' 'M' 'M' 'M' 'M' 'U' 'M' 'M' 'M' 'M' 'M' 'M' 'M' 'M' 'U' 'M'
 'M' 'U' 'M' 'M' 'M' 'U' 'M' 'M' 'M' 'M' 'M' 'M' 'M' 'M' 'M' 'M' 'M' 'M'
 'U' 'M' 'M' 'U' 'M' 'M' 'M' 'M' 'M' 'U' 'M' 'A' 'M' 'M' 'M' 'M' 'M' 'M'
 'M' 'M' 'M' 'M' 'M' 'M' 'M' 'U' 'M' 'U' 'M' 'M' 'U' 'M' 'M' 'A' 'M' 'M'
 'M' 'M' 'M' 'M' 'M' 'M' 'U' 'M' 'M' 'M' 'M' 'M' 'U' 'U' 'A' 'M' 'M' 'M'
 'U' 'M' 'U' 'M' 'A' 'M' 'M' 'M' 'M' 'M' 'M' 'U' 'M' 'U' 'M' 'M' 'U' 'M'
 'M' 'M' 'U' 'M' 'U' 'M' 'M' 'M' 'A' 'U' 'M' 'M' 'U' 'A' 'M' 'M' 'A' 'M'
 'M' 'M' 'M' 'M' 'M' 'U' 'M' 'M' 'M' 'A' 'M' 'M' 'M' 'M' 'M' 'U' 'M' 'M']"
26701,0,167,7,160,31,0,0,"['A' 'M' 'M' 'M' 'M' 'U' 'M' 'M' 'M' 'U' 'M' 'M' 'M' 'M' 'M' 'M' 'M' 'M'
 'U' 'M' 'M' 'M' 'M' 'M' 'M' 'M' 'M' 'U' 'M' 'M' 'M' 'M' 'M' 'U' 'M' 'M'
 'A' 'M' 'M' 'U' 'M' 'M' 'M' 'M' 'M' 'U' 'M' 'M' 'M' 'U' 'M' 'M' 'M' 'M'
 'M' 'M' 'M' 'M' 'M' 'M' 'M' 'U' 'M' 'M' 'M' 'M' 'M' 'M' 'U' 'M' 'M' 'M'
 'M' 'M' 'M' 'M' 'M' 'M' 'M' 'M' 'M' 'M' 'M' 'U' 'M' 'U' 'M' 'M' 'M' 'M'
 'U' 'M' 'U' 'M' 'M' 'M' 'M' 'M' 'M' 'U' 'M' 'A' 'M' 'M' 'M' 'M' 'M' 'M'
 'M' 'M' 'M' 'M' 'M' 'M' 'M' 'M' 'M' 'U' 'M' 'M' 'M' 'M' 'U' 'U' 'M' 'M'
 'M' 'M' 'M' 'M' 'M' 'M' 'M' 'M' 'M' 'M' 'M' 'M' 'U' 'U' 'A' 'M' 'M' 'M'
 'U' 'M' 'M' 'M' 'A' 'M' 'M' 'M' 'U' 'U' 'M' 'U' 'M' 'U' 'M' 'M' 'M' 'M'
 'M' 'M' 'M' 'U' 'U' 'M' 'M' 'M' 'A' 'U' 'M' 'M' 'U' 'M' 'M' 'M' 'A' 'M'
 'M' 'M' 'M' 'M' 'M' 'M' 'M' 'M' 'M' 'U' 'M' 'M' 'M' 'M' 'M' 'U' 'M' 'M']"
26801,0,165,6,159,33,0,0,"['A' 'M' 'M' 'M' 'M' 'U' 'M' 'M' 'M' 'M' 'M' 'M' 'M' 'M' 'M' 'M' 'M' 'M'
 'M' 'M' 'M' 'M' 'M' 'M' 'M' 'M' 'M' 'U' 'M' 'M' 'M' 'M' 'M' 'U' 'M' 'M'
 'A' 'M' 'M' 'U' 'M' 'M' 'M' 'M' 'M' 'M' 'M' 'M' 'M' 'U' 'M' 'M' 'M' 'M'
 'U' 'M' 'M' 'M' 'M' 'M' 'M' 'U' 'M' 'M' 'M' 'U' 'M' 'U' 'M' 'M' 'M' 'M'
 'M' 'M' 'U' 'M' 'M' 'M' 'M' 'M' 'M' 'U' 'M' 'M' 'M' 'M' 'M' 'M' 'M' 'M'
 'M' 'M' 'M' 'U' 'M' 'M' 'M' 'M' 'M' 'A' 'M' 'A' 'M' 'M' 'M' 'M' 'M' 'M'
 'M' 'M' 'U' 'M' 'M' 'M' 'U' 'M' 'M' 'U' 'M' 'M' 'M' 'M' 'U' 'U' 'M' 'M'
 'M' 'M' 'M' 'M' 'M' 'M' 'M' 'U' 'M' 'M' 'M' 'M' 'U' 'U' 'A' 'M' 'M' 'M'
 'U' 'M' 'M' 'M' 'A' 'M' 'M' 'M' 'U' 'M' 'U' 'U' 'M' 'U' 'M' 'M' 'M' 'M'
 'M' 'M' 'M' 'U' 'U' 'M' 'M' 'M' 'U' 'U' 'M' 'M' 'U' 'M' 'M' 'M' 'U' 'M'
 'M' 'M' 'M' 'M' 'M' 'M' 'M' 'M' 'M' 'U' 'M' 'M' 'M' 'M' 'M' 'U' 'M' 'M']"
26901,0,170,6,164,28,1,0,"['A' 'M' 'M' 'U' 'M' 'M' 'M' 'M' 'M' 'M' 'M' 'M' 'M' 'M' 'M' 'U' 'M' 'M'
 'M' 'M' 'M' 'M' 'M' 'M' 'U' 'M' 'M' 'U' 'M' 'M' 'M' 'M' 'M' 'M' 'M' 'M'
 'A' 'A' 'M' 'U' 'M' 'M' 'M' 'M' 'M' 'M' 'M' 'M' 'M' 'M' 'M' 'M' 'M' 'M'
 'U' 'M' 'M' 'M' 'M' 'M' 'M' 'U' 'M' 'M' 'U' 'M' 'M' 'M' 'M' 'M' 'M' 'U'
 'M' 'M' 'M' 'U' 'M' 'M' 'M' 'M' 'M' 'M' 'M' 'M' 'U' 'M' 'M' 'U' 'M' 'M'
 'U' 'M' 'M' 'M' 'M' 'M' 'M' 'M' 'M' 'A' 'M' 'M' 'M' 'M' 'M' 'M' 'M' 'M'
 'M' 'M' 'U' 'M' 'M' 'M' 'U' 'M' 'M' 'M' 'M' 'M' 'M' 'M' 'M' 'M' 'M' 'M'
 'M' 'M' 'M' 'M' 'M' 'M' 'M' 'U' 'M' 'M' 'M' 'M' 'U' 'U' 'A' 'M' 'U' 'M'
 'M' 'M' 'M' 'M' 'A' 'M' 'M' 'M' 'M' 'M' 'U' 'M' 'M' 'M' 'M' 'M' 'M' 'M'
 'M' 'M' 'M' 'U' 'U' 'M' 'M' 'M' 'U' 'M' 'M' 'M' 'U' 'M' 'U' 'M' 'M' 'M'
 'M' 'M' 'M' 'M' 'M' 'M' 'M' 'M' 'M' 'U' 'M' 'U' 'M' 'M' 'M' 'U' 'M' 'M']"
27001,0,166,3,163,32,0,0,"['A' 'M' 'M' 'M' 'M' 'M' 'M' 'M' 'M' 'M' 'M' 'M' 'M' 'M' 'M' 'M' 'M' 'M'
 'M' 'M' 'M' 'M' 'M' 'M' 'U' 'M' 'M' 'U' 'M' 'M' 'M' 'M' 'M' 'M' 'M' 'M'
 'A' 'A' 'M' 'U' 'M' 'M' 'M' 'M' 'M' 'M' 'M' 'M' 'M' 'M' 'M' 'M' 'M' 'M'
 'M' 'M' 'M' 'M' 'M' 'M' 'M' 'U' 'M' 'M' 'U' 'U' 'U' 'M' 'M' 'M' 'M' 'M'
 'M' 'M' 'U' 'M' 'M' 'M' 'U' 'M' 'M' 'M' 'M' 'M' 'U' 'M' 'M' 'M' 'M' 'M'
 'M' 'M' 'M' 'M' 'M' 'M' 'M' 'U' 'M' 'M' 'M' 'M' 'M' 'M' 'U' 'M' 'M' 'M'
 'M' 'M' 'U' 'M' 'U' 'M' 'U' 'M' 'M' 'M' 'U' 'M' 'M' 'M' 'M' 'M' 'M' 'M'
 'M' 'M' 'M' 'M' 'M' 'M' 'M' 'U' 'M' 'U' 'M' 'M' 'U' 'U' 'U' 'M' 'M' 'M'
 'M' 'M' 'M' 'U' 'U' 'M' 'M' 'M' 'M' 'M' 'U' 'M' 'M' 'M' 'M' 'M' 'M' 'M'
 'M' 'M' 'M' 'M' 'U' 'M' 'M' 'M' 'U' 'M' 'M' 'M' 'U' 'M' 'U' 'M' 'M' 'M'
 'M' 'M' 'M' 'M' 'M' 'M' 'M' 'M' 'M' 'U' 'M' 'U' 'M' 'U' 'M' 'U' 'M' 'M']"
27101,0,165,4,161,33,0,0,"['A' 'M' 'M' 'M' 'M' 'M' 'M' 'U' 'M' 'M' 'M' 'M' 'M' 'M' 'M' 'M' 'M' 'M'
 'M' 'M' 'M' 'M' 'M' 'U' 'U' 'M' 'M' 'M' 'M' 'M' 'M' 'M' 'M' 'M' 'M' 'M'
 'A' 'A' 'M' 'U' 'M' 'M' 'M' 'M' 'M' 'M' 'M' 'M' 'M' 'M' 'M' 'M' 'M' 'M'
 'U' 'M' 'M' 'M' 'M' 'M' 'M' 'M' 'M' 'M' 'M' 'M' 'M' 'M' 'M' 'M' 'M' 'U'
 'M' 'M' 'M' 'M' 'U' 'M' 'M' 'U' 'M' 'M' 'M' 'M' 'U' 'M' 'M' 'M' 'M' 'M'
 'M' 'M' 'M' 'U' 'M' 'M' 'M' 'U' 'M' 'M' 'M' 'M' 'M' 'M' 'U' 'M' 'M' 'M'
 'M' 'M' 'U' 'M' 'U' 'M' 'U' 'M' 'M' 'M' 'M' 'M' 'M' 'M' 'M' 'M' 'M' 'M'
 'M' 'M' 'M' 'M' 'M' 'M' 'M' 'M' 'M' 'U' 'M' 'M' 'U' 'U' 'U' 'M' 'M' 'U'
 'M' 'M' 'U' 'U' 'U' 'U' 'M' 'M' 'M' 'M' 'U' 'M' 'M' 'M' 'M' 'M' 'M' 'M'
 'M' 'M' 'M' 'M' 'U' 'M' 'M' 'M' 'U' 'M' 'M' 'M' 'U' 'M' 'U' 'M' 'M' 'M'
 'M' 'M' 'M' 'M' 'M' 'M' 'M' 'U' 'M' 'U' 'M' 'U' 'M' 'A' 'M' 'U' 'M' 'M']"
27201,0,162,5,157,36,0,0,"['A' 'M' 'M' 'M' 'M' 'M' 'M' 'U' 'M' 'M' 'M' 'M' 'M' 'M' 'M' 'M' 'M' 'M'
 'U' 'U' 'M' 'M' 'M' 'U' 'U' 'M' 'M' 'M' 'M' 'U' 'M' 'M' 'M' 'M' 'M' 'M'
 'A' 'A' 'M' 'U' 'M' 'M' 'M' 'M' 'M' 'U' 'M' 'M' 'M' 'M' 'M' 'M' 'M' 'M'
 'U' 'U' 'M' 'M' 'M' 'M' 'M' 'M' 'M' 'M' 'M' 'M' 'M' 'U' 'M' 'M' 'M' 'M'
 'M' 'M' 'M' 'M' 'M' 'U' 'M' 'M' 'M' 'U' 'M' 'M' 'U' 'M' 'M' 'M' 'M' 'M'
 'M' 'U' 'M' 'M' 'M' 'M' 'M' 'U' 'M' 'M' 'M' 'M' 'M' 'M' 'U' 'M' 'M' 'M'
 'M' 'M' 'U' 'M' 'U' 'M' 'U' 'M' 'M' 'M' 'M' 'M' 'M' 'M' 'M' 'M' 'M' 'M'
 'M' 'M' 'M' 'M' 'M' 'M' 'M' 'M' 'M' 'U' 'M' 'M' 'U' 'U' 'U' 'M' 'M' 'M'
 'M' 'M' 'U' 'U' 'U' 'A' 'M' 'M' 'M' 'U' 'M' 'M' 'M' 'M' 'M' 'M' 'M' 'M'
 'M' 'M' 'M' 'M' 'U' 'M' 'M' 'M' 'U' 'M' 'M' 'M' 'U' 'M' 'U' 'M' 'M' 'M'
 'M' 'M' 'M' 'M' 'M' 'M' 'M' 'U' 'M' 'U' 'M' 'U' 'M' 'A' 'M' 'U' 'M' 'M']"
27301,0,160,3,157,38,0,0,"['A' 'M' 'M' 'M' 'M' 'M' 'M' 'U' 'M' 'M' 'M' 'M' 'M' 'M' 'M' 'M' 'M' 'M'
 'M' 'U' 'M' 'M' 'M' 'U' 'M' 'M' 'M' 'M' 'M' 'U' 'M' 'M' 'M' 'M' 'M' 'M'
 'A' 'U' 'M' 'U' 'M' 'M' 'M' 'M' 'M' 'M' 'U' 'M' 'M' 'U' 'M' 'M' 'M' 'M'
 'U' 'U' 'M' 'M' 'M' 'M' 'M' 'M' 'M' 'M' 'M' 'M' 'M' 'M' 'M' 'M' 'U' 'M'
 'U' 'M' 'M' 'M' 'U' 'M' 'M' 'M' 'M' 'M' 'U' 'M' 'M' 'M' 'M' 'M' 'U' 'M'
 'M' 'M' 'M' 'M' 'M' 'M' 'M' 'U' 'M' 'M' 'M' 'M' 'M' 'U' 'U' 'M' 'M' 'M'
 'M' 'M' 'U' 'M' 'U' 'M' 'U' 'M' 'M' 'M' 'M' 'M' 'U' 'M' 'M' 'M' 'M' 'M'
 'M' 'M' 'M' 'M' 'M' 'M' 'M' 'M' 'M' 'M' 'M' 'M' 'U' 'U' 'U' 'M' 'M' 'M'
 'M' 'M' 'U' 'U' 'U' 'U' 'M' 'M' 'M' 'U' 'M' 'M' 'M' 'M' 'M' 'M' 'M' 'M'
 'M' 'M' 'M' 'M' 'U' 'M' 'M' 'M' 'U' 'M' 'M' 'M' 'U' 'M' 'U' 'M' 'M' 'M'
 'M' 'M' 'M' 'M' 'M' 'M' 'M' 'U' 'M' 'U' 'M' 'U' 'M' 'A' 'M' 'U' 'M' 'M']"
27401,0,171,3,168,27,0,0,"['A' 'M' 'M' 'M' 'M' 'M' 'M' 'M' 'M' 'M' 'M' 'M' 'M' 'M' 'M' 'M' 'M' 'M'
 'M' 'U' 'M' 'M' 'M' 'U' 'M' 'M' 'M' 'M' 'M' 'M' 'M' 'M' 'M' 'M' 'M' 'M'
 'M' 'U' 'M' 'M' 'M' 'M' 'M' 'M' 'M' 'M' 'M' 'M' 'M' 'U' 'M' 'M' 'M' 'M'
 'U' 'U' 'M' 'M' 'M' 'M' 'M' 'M' 'M' 'M' 'M' 'M' 'U' 'M' 'M' 'M' 'M' 'M'
 'M' 'M' 'U' 'M' 'M' 'M' 'M' 'M' 'M' 'M' 'M' 'U' 'M' 'M' 'M' 'M' 'U' 'U'
 'M' 'M' 'M' 'M' 'M' 'M' 'M' 'A' 'M' 'M' 'M' 'M' 'M' 'M' 'U' 'M' 'M' 'M'
 'M' 'U' 'U' 'M' 'M' 'M' 'M' 'M' 'M' 'M' 'M' 'M' 'U' 'M' 'M' 'M' 'M' 'M'
 'M' 'M' 'M' 'M' 'M' 'M' 'M' 'M' 'M' 'M' 'M' 'M' 'M' 'U' 'U' 'M' 'M' 'M'
 'M' 'M' 'U' 'M' 'U' 'U' 'M' 'U' 'M' 'M' 'M' 'M' 'M' 'M' 'M' 'M' 'M' 'M'
 'M' 'M' 'M' 'M' 'U' 'M' 'U' 'M' 'U' 'M' 'M' 'M' 'M' 'M' 'U' 'M' 'M' 'M'
 'M' 'M' 'M' 'M' 'M' 'M' 'M' 'M' 'M' 'U' 'M' 'U' 'M' 'A' 'M' 'M' 'M' 'M']"
27501,0,169,2,167,29,0,0,"['A' 'U' 'M' 'M' 'M' 'M' 'M' 'M' 'M' 'M' 'M' 'M' 'M' 'M' 'M' 'M' 'M' 'M'
 'M' 'U' 'M' 'M' 'M' 'U' 'M' 'M' 'M' 'M' 'M' 'M' 'M' 'M' 'M' 'M' 'M' 'M'
 'M' 'U' 'U' 'M' 'M' 'U' 'M' 'M' 'M' 'M' 'M' 'M' 'M' 'M' 'U' 'M' 'M' 'M'
 'U' 'U' 'M' 'M' 'M' 'M' 'M' 'M' 'M' 'M' 'M' 'M' 'M' 'U' 'U' 'M' 'M' 'M'
 'M' 'M' 'M' 'M' 'M' 'U' 'M' 'M' 'M' 'M' 'M' 'M' 'M' 'M' 'M' 'M' 'U' 'M'
 'U' 'M' 'M' 'M' 'M' 'M' 'M' 'A' 'M' 'M' 'M' 'M' 'M' 'M' 'U' 'M' 'M' 'M'
 'M' 'U' 'U' 'M' 'U' 'M' 'M' 'M' 'M' 'M' 'M' 'M' 'M' 'M' 'M' 'M' 'M' 'M'
 'M' 'M' 'M' 'M' 'M' 'M' 'M' 'M' 'M' 'M' 'M' 'M' 'M' 'M' 'U' 'M' 'M' 'M'
 'U' 'M' 'U' 'M' 'U' 'M' 'M' 'U' 'M' 'M' 'M' 'M' 'M' 'M' 'M' 'M' 'M' 'M'
 'M' 'M' 'M' 'M' 'U' 'M' 'U' 'M' 'U' 'M' 'M' 'M' 'M' 'M' 'U' 'M' 'M' 'M'
 'M' 'M' 'M' 'M' 'M' 'M' 'M' 'M' 'M' 'U' 'M' 'U' 'M' 'M' 'M' 'M' 'M' 'M']"
27601,0,167,2,165,31,0,1,"['A' 'U' 'M' 'M' 'M' 'M' 'M' 'M' 'M' 'M' 'M' 'M' 'M' 'M' 'M' 'M' 'M' 'M'
 'M' 'U' 'M' 'M' 'M' 'U' 'M' 'M' 'U' 'M' 'M' 'M' 'M' 'M' 'M' 'M' 'M' 'M'
 'M' 'M' 'M' 'M' 'M' 'M' 'M' 'U' 'M' 'M' 'U' 'M' 'M' 'M' 'U' 'M' 'M' 'M'
 'U' 'U' 'M' 'M' 'M' 'M' 'M' 'M' 'M' 'M' 'M' 'M' 'M' 'U' 'M' 'M' 'M' 'M'
 'U' 'M' 'M' 'U' 'M' 'M' 'M' 'M' 'M' 'M' 'M' 'M' 'M' 'M' 'U' 'M' 'M' 'M'
 'U' 'M' 'M' 'M' 'M' 'M' 'M' 'A' 'M' 'M' 'M' 'M' 'M' 'M' 'U' 'M' 'M' 'M'
 'M' 'U' 'M' 'M' 'U' 'M' 'M' 'M' 'M' 'M' 'M' 'M' 'M' 'M' 'M' 'M' 'M' 'M'
 'M' 'M' 'M' 'M' 'M' 'M' 'M' 'U' 'M' 'M' 'M' 'M' 'M' 'M' 'U' 'M' 'M' 'M'
 'M' 'M' 'U' 'M' 'M' 'M' 'M' 'U' 'M' 'M' 'M' 'M' 'M' 'M' 'M' 'M' 'U' 'M'
 'M' 'M' 'M' 'M' 'U' 'M' 'U' 'M' 'U' 'M' 'M' 'M' 'M' 'M' 'U' 'M' 'U' 'U'
 'M' 'M' 'M' 'M' 'M' 'U' 'M' 'M' 'M' 'U' 'M' 'M' 'M' 'U' 'M' 'M' 'M' 'M']"
27701,0,166,2,164,32,0,0,"['A' 'U' 'M' 'M' 'M' 'M' 'M' 'M' 'M' 'M' 'M' 'M' 'M' 'M' 'U' 'M' 'M' 'M'
 'M' 'M' 'U' 'M' 'M' 'U' 'M' 'M' 'U' 'M' 'M' 'M' 'M' 'M' 'M' 'M' 'M' 'U'
 'M' 'M' 'M' 'M' 'M' 'M' 'M' 'U' 'M' 'M' 'U' 'M' 'M' 'M' 'U' 'M' 'M' 'U'
 'M' 'M' 'M' 'M' 'M' 'M' 'M' 'M' 'M' 'M' 'M' 'M' 'M' 'M' 'M' 'M' 'M' 'U'
 'M' 'M' 'M' 'M' 'M' 'M' 'M' 'M' 'M' 'M' 'M' 'M' 'M' 'M' 'U' 'U' 'M' 'M'
 'M' 'U' 'U' 'M' 'M' 'M' 'M' 'A' 'M' 'M' 'M' 'M' 'M' 'M' 'U' 'M' 'M' 'M'
 'M' 'U' 'M' 'M' 'U' 'M' 'M' 'M' 'M' 'U' 'M' 'M' 'M' 'M' 'M' 'M' 'M' 'U'
 'M' 'M' 'M' 'M' 'M' 'M' 'M' 'U' 'M' 'M' 'M' 'M' 'M' 'M' 'M' 'M' 'M' 'M'
 'U' 'M' 'M' 'M' 'M' 'U' 'M' 'U' 'M' 'M' 'M' 'M' 'M' 'M' 'M' 'M' 'U' 'M'
 'M' 'M' 'M' 'M' 'M' 'M' 'M' 'M' 'U' 'M' 'M' 'M' 'M' 'M' 'U' 'M' 'U' 'U'
 'U' 'M' 'M' 'M' 'M' 'U' 'M' 'M' 'M' 'M' 'M' 'M' 'M' 'U' 'M' 'M' 'M' 'M']"
27801,0,165,2,163,33,0,1,"['A' 'M' 'M' 'M' 'M' 'M' 'M' 'M' 'U' 'M' 'M' 'M' 'M' 'M' 'U' 'M' 'M' 'M'
 'M' 'M' 'U' 'M' 'M' 'U' 'M' 'M' 'U' 'M' 'M' 'M' 'M' 'M' 'M' 'M' 'M' 'M'
 'M' 'M' 'U' 'M' 'M' 'M' 'M' 'U' 'M' 'M' 'M' 'M' 'M' 'M' 'U' 'M' 'M' 'U'
 'M' 'M' 'M' 'M' 'M' 'M' 'M' 'M' 'M' 'M' 'M' 'M' 'U' 'M' 'M' 'M' 'M' 'M'
 'M' 'M' 'U' 'M' 'M' 'M' 'M' 'M' 'M' 'M' 'U' 'M' 'U' 'U' 'M' 'M' 'M' 'M'
 'M' 'M' 'M' 'M' 'M' 'M' 'M' 'A' 'M' 'M' 'M' 'M' 'M' 'M' 'M' 'M' 'M' 'M'
 'M' 'U' 'M' 'M' 'U' 'M' 'M' 'M' 'M' 'U' 'M' 'M' 'M' 'M' 'M' 'M' 'M' 'U'
 'M' 'M' 'M' 'M' 'M' 'M' 'M' 'M' 'M' 'M' 'M' 'M' 'U' 'M' 'M' 'M' 'M' 'M'
 'U' 'M' 'M' 'M' 'M' 'U' 'U' 'U' 'M' 'M' 'M' 'M' 'M' 'M' 'M' 'U' 'U' 'M'
 'M' 'M' 'M' 'M' 'M' 'M' 'M' 'M' 'U' 'M' 'M' 'M' 'M' 'M' 'U' 'M' 'U' 'U'
 'U' 'M' 'U' 'M' 'M' 'U' 'M' 'M' 'M' 'M' 'M' 'M' 'M' 'U' 'M' 'M' 'M' 'M']"
27901,0,170,4,166,28,0,0,"['A' 'M' 'M' 'M' 'M' 'M' 'M' 'M' 'M' 'M' 'M' 'M' 'M' 'M' 'U' 'M' 'M' 'M'
 'M' 'U' 'A' 'M' 'U' 'U' 'M' 'M' 'U' 'M' 'M' 'M' 'M' 'M' 'M' 'M' 'M' 'M'
 'M' 'M' 'U' 'M' 'M' 'M' 'M' 'U' 'M' 'M' 'M' 'M' 'M' 'M' 'U' 'M' 'M' 'M'
 'M' 'M' 'M' 'M' 'M' 'M' 'M' 'M' 'M' 'M' 'M' 'M' 'M' 'M' 'M' 'M' 'M' 'M'
 'M' 'M' 'U' 'M' 'U' 'M' 'M' 'U' 'M' 'M' 'M' 'M' 'M' 'M' 'M' 'M' 'M' 'M'
 'M' 'U' 'M' 'U' 'M' 'M' 'M' 'A' 'U' 'U' 'M' 'M' 'M' 'M' 'M' 'M' 'M' 'M'
 'M' 'U' 'M' 'M' 'U' 'M' 'M' 'M' 'M' 'M' 'M' 'M' 'M' 'M' 'M' 'M' 'M' 'U'
 'M' 'M' 'M' 'M' 'M' 'M' 'M' 'U' 'M' 'M' 'M' 'M' 'M' 'M' 'M' 'M' 'M' 'M'
 'M' 'M' 'M' 'M' 'M' 'U' 'M' 'M' 'M' 'M' 'M' 'M' 'M' 'M' 'M' 'U' 'U' 'M'
 'M' 'M' 'M' 'M' 'M' 'M' 'M' 'M' 'U' 'M' 'M' 'M' 'M' 'M' 'M' 'M' 'U' 'U'
 'U' 'M' 'U' 'M' 'M' 'U' 'M' 'M' 'M' 'M' 'M' 'M' 'M' 'A' 'M' 'M' 'M' 'M']"
28001,0,167,2,165,31,0,0,"['A' 'U' 'M' 'M' 'M' 'M' 'M' 'M' 'M' 'M' 'M' 'M' 'M' 'M' 'U' 'M' 'M' 'M'
 'M' 'M' 'A' 'M' 'U' 'M' 'M' 'M' 'U' 'M' 'M' 'M' 'M' 'M' 'M' 'M' 'M' 'M'
 'M' 'M' 'U' 'M' 'M' 'M' 'M' 'U' 'M' 'U' 'M' 'M' 'M' 'M' 'U' 'M' 'M' 'M'
 'M' 'M' 'M' 'M' 'M' 'U' 'M' 'M' 'M' 'M' 'M' 'M' 'M' 'M' 'U' 'M' 'M' 'M'
 'M' 'M' 'M' 'M' 'M' 'M' 'M' 'M' 'M' 'U' 'M' 'U' 'U' 'M' 'M' 'M' 'M' 'M'
 'M' 'M' 'U' 'M' 'M' 'M' 'M' 'U' 'U' 'U' 'M' 'M' 'M' 'M' 'M' 'M' 'M' 'M'
 'M' 'U' 'M' 'M' 'M' 'M' 'U' 'M' 'M' 'M' 'M' 'M' 'M' 'M' 'M' 'M' 'M' 'M'
 'U' 'M' 'M' 'M' 'M' 'M' 'M' 'U' 'M' 'M' 'M' 'M' 'M' 'M' 'M' 'M' 'M' 'M'
 'M' 'M' 'M' 'M' 'M' 'U' 'U' 'M' 'M' 'M' 'M' 'M' 'M' 'M' 'M' 'U' 'M' 'M'
 'M' 'M' 'M' 'M' 'M' 'M' 'M' 'M' 'U' 'M' 'M' 'M' 'M' 'M' 'M' 'M' 'U' 'U'
 'U' 'M' 'U' 'M' 'M' 'U' 'M' 'M' 'M' 'M' 'M' 'M' 'M' 'U' 'M' 'M' 'M' 'M']"
28101,0,162,1,161,36,0,1,"['A' 'U' 'M' 'M' 'M' 'M' 'M' 'M' 'M' 'M' 'M' 'M' 'M' 'M' 'U' 'M' 'M' 'M'
 'M' 'M' 'U' 'M' 'U' 'M' 'M' 'M' 'U' 'M' 'M' 'M' 'M' 'M' 'M' 'M' 'M' 'U'
 'M' 'U' 'U' 'M' 'M' 'M' 'M' 'U' 'M' 'U' 'M' 'M' 'U' 'M' 'U' 'U' 'M' 'M'
 'M' 'M' 'M' 'M' 'M' 'U' 'M' 'M' 'M' 'M' 'M' 'M' 'M' 'M' 'M' 'M' 'M' 'M'
 'M' 'M' 'M' 'M' 'U' 'M' 'M' 'M' 'M' 'M' 'M' 'M' 'U' 'M' 'M' 'U' 'U' 'M'
 'M' 'M' 'U' 'M' 'M' 'M' 'M' 'M' 'U' 'U' 'M' 'M' 'M' 'M' 'M' 'M' 'M' 'M'
 'M' 'U' 'M' 'M' 'M' 'M' 'U' 'M' 'M' 'M' 'M' 'M' 'M' 'M' 'M' 'M' 'M' 'M'
 'U' 'M' 'M' 'U' 'M' 'M' 'M' 'U' 'M' 'M' 'M' 'M' 'M' 'M' 'U' 'M' 'M' 'M'
 'M' 'M' 'M' 'M' 'M' 'M' 'U' 'M' 'M' 'M' 'M' 'M' 'M' 'U' 'M' 'U' 'M' 'M'
 'M' 'M' 'M' 'M' 'M' 'M' 'M' 'M' 'U' 'M' 'M' 'M' 'M' 'M' 'M' 'M' 'M' 'U'
 'U' 'M' 'U' 'M' 'M' 'U' 'M' 'M' 'M' 'M' 'M' 'M' 'M' 'U' 'M' 'M' 'M' 'M']"
28201,0,163,2,161,35,0,0,"['A' 'U' 'M' 'M' 'M' 'M' 'M' 'M' 'M' 'M' 'M' 'M' 'M' 'M' 'U' 'M' 'M' 'M'
 'M' 'M' 'U' 'U' 'M' 'M' 'M' 'M' 'U' 'M' 'M' 'M' 'M' 'M' 'M' 'M' 'M' 'U'
 'M' 'U' 'M' 'M' 'M' 'U' 'M' 'U' 'M' 'U' 'M' 'U' 'M' 'M' 'M' 'M' 'M' 'M'
 'M' 'M' 'M' 'M' 'M' 'M' 'M' 'M' 'M' 'M' 'M' 'M' 'M' 'M' 'U' 'U' 'M' 'M'
 'M' 'M' 'M' 'M' 'M' 'M' 'M' 'M' 'U' 'M' 'M' 'M' 'M' 'M' 'U' 'U' 'M' 'M'
 'M' 'M' 'M' 'M' 'M' 'M' 'M' 'M' 'U' 'U' 'M' 'M' 'M' 'M' 'M' 'M' 'M' 'M'
 'M' 'U' 'M' 'M' 'M' 'U' 'A' 'M' 'M' 'M' 'M' 'M' 'M' 'M' 'M' 'M' 'M' 'M'
 'U' 'M' 'M' 'M' 'M' 'M' 'M' 'M' 'M' 'M' 'M' 'M' 'M' 'M' 'U' 'M' 'U' 'M'
 'M' 'M' 'M' 'M' 'M' 'M' 'M' 'M' 'M' 'M' 'M' 'U' 'M' 'U' 'M' 'U' 'M' 'U'
 'M' 'U' 'U' 'M' 'M' 'M' 'M' 'M' 'U' 'M' 'M' 'M' 'M' 'M' 'M' 'M' 'M' 'U'
 'U' 'M' 'U' 'M' 'M' 'U' 'M' 'M' 'M' 'M' 'M' 'M' 'M' 'U' 'M' 'M' 'M' 'M']"
28301,0,164,5,159,34,0,0,"['A' 'U' 'U' 'M' 'M' 'M' 'M' 'M' 'M' 'M' 'M' 'M' 'U' 'M' 'U' 'M' 'M' 'M'
 'M' 'M' 'U' 'M' 'M' 'M' 'M' 'M' 'U' 'M' 'M' 'M' 'M' 'M' 'M' 'M' 'M' 'U'
 'M' 'M' 'M' 'M' 'M' 'U' 'M' 'U' 'M' 'A' 'M' 'U' 'M' 'M' 'M' 'M' 'M' 'U'
 'M' 'M' 'M' 'M' 'M' 'M' 'M' 'M' 'M' 'M' 'M' 'M' 'M' 'M' 'M' 'M' 'U' 'M'
 'M' 'M' 'M' 'M' 'M' 'U' 'M' 'M' 'M' 'U' 'M' 'U' 'M' 'M' 'M' 'M' 'M' 'M'
 'M' 'M' 'M' 'M' 'U' 'M' 'M' 'M' 'U' 'U' 'M' 'M' 'M' 'M' 'M' 'M' 'M' 'M'
 'M' 'A' 'M' 'M' 'M' 'U' 'U' 'M' 'M' 'M' 'M' 'M' 'M' 'M' 'M' 'M' 'M' 'U'
 'U' 'M' 'M' 'U' 'M' 'M' 'M' 'M' 'M' 'M' 'M' 'M' 'M' 'M' 'M' 'M' 'U' 'M'
 'M' 'M' 'M' 'M' 'M' 'M' 'M' 'M' 'M' 'U' 'M' 'M' 'M' 'U' 'U' 'U' 'M' 'M'
 'M' 'A' 'U' 'M' 'M' 'U' 'M' 'M' 'U' 'M' 'M' 'M' 'M' 'M' 'M' 'M' 'M' 'U'
 'A' 'M' 'M' 'M' 'M' 'U' 'M' 'M' 'M' 'M' 'M' 'M' 'M' 'U' 'M' 'M' 'M' 'M']"
28401,0,165,4,161,33,0,0,"['A' 'M' 'M' 'M' 'M' 'M' 'M' 'M' 'M' 'M' 'M' 'M' 'U' 'M' 'U' 'M' 'M' 'M'
 'U' 'M' 'U' 'M' 'M' 'M' 'M' 'M' 'U' 'M' 'M' 'M' 'M' 'M' 'M' 'M' 'M' 'U'
 'M' 'M' 'M' 'M' 'M' 'U' 'M' 'U' 'M' 'M' 'M' 'M' 'M' 'M' 'M' 'M' 'M' 'U'
 'U' 'M' 'M' 'M' 'M' 'M' 'M' 'M' 'M' 'M' 'M' 'M' 'M' 'M' 'M' 'M' 'M' 'M'
 'M' 'M' 'U' 'M' 'M' 'M' 'U' 'M' 'M' 'U' 'M' 'U' 'M' 'M' 'M' 'M' 'U' 'M'
 'M' 'M' 'M' 'M' 'M' 'M' 'M' 'M' 'U' 'M' 'M' 'M' 'M' 'M' 'M' 'M' 'M' 'M'
 'U' 'A' 'M' 'M' 'M' 'U' 'U' 'M' 'M' 'U' 'M' 'M' 'M' 'U' 'M' 'M' 'M' 'U'
 'U' 'M' 'M' 'U' 'M' 'M' 'M' 'M' 'M' 'M' 'M' 'M' 'M' 'M' 'M' 'M' 'M' 'M'
 'M' 'M' 'M' 'M' 'M' 'M' 'M' 'M' 'M' 'U' 'M' 'M' 'M' 'U' 'U' 'U' 'M' 'M'
 'M' 'A' 'U' 'M' 'M' 'U' 'M' 'M' 'U' 'M' 'M' 'M' 'M' 'M' 'M' 'M' 'M' 'U'
 'A' 'M' 'M' 'M' 'M' 'U' 'M' 'M' 'M' 'M' 'M' 'M' 'M' 'M' 'M' 'M' 'M' 'M']"
28501,0,163,3,160,35,0,0,"['A' 'M' 'M' 'M' 'M' 'M' 'M' 'M' 'M' 'U' 'M' 'M' 'U' 'M' 'U' 'M' 'M' 'M'
 'U' 'M' 'U' 'M' 'M' 'M' 'M' 'M' 'M' 'M' 'M' 'M' 'M' 'M' 'M' 'M' 'M' 'U'
 'M' 'M' 'M' 'M' 'M' 'U' 'M' 'M' 'M' 'M' 'M' 'M' 'M' 'M' 'M' 'M' 'M' 'U'
 'U' 'M' 'M' 'M' 'M' 'M' 'M' 'M' 'U' 'M' 'M' 'M' 'U' 'M' 'U' 'M' 'M' 'M'
 'U' 'M' 'M' 'M' 'M' 'M' 'M' 'M' 'M' 'M' 'M' 'U' 'M' 'M' 'M' 'M' 'M' 'M'
 'M' 'U' 'M' 'M' 'M' 'M' 'M' 'M' 'M' 'M' 'M' 'M' 'M' 'M' 'M' 'M' 'M' 'M'
 'U' 'A' 'M' 'M' 'M' 'U' 'U' 'M' 'M' 'U' 'M' 'M' 'M' 'U' 'M' 'M' 'M' 'U'
 'M' 'M' 'M' 'U' 'M' 'M' 'M' 'M' 'M' 'M' 'U' 'M' 'M' 'M' 'M' 'M' 'M' 'M'
 'U' 'M' 'U' 'M' 'M' 'M' 'M' 'M' 'M' 'U' 'M' 'M' 'M' 'M' 'M' 'U' 'M' 'M'
 'M' 'U' 'U' 'M' 'M' 'U' 'M' 'M' 'U' 'M' 'M' 'M' 'M' 'M' 'M' 'M' 'M' 'M'
 'A' 'M' 'M' 'U' 'U' 'U' 'U' 'M' 'M' 'M' 'M' 'M' 'M' 'M' 'M' 'M' 'M' 'M']"
28601,0,159,4,155,39,0,0,"['A' 'M' 'M' 'M' 'M' 'M' 'M' 'M' 'M' 'M' 'M' 'M' 'U' 'M' 'U' 'M' 'M' 'M'
 'U' 'M' 'U' 'M' 'M' 'M' 'M' 'M' 'M' 'U' 'M' 'M' 'M' 'M' 'M' 'M' 'M' 'U'
 'M' 'M' 'M' 'M' 'M' 'U' 'M' 'M' 'M' 'M' 'M' 'U' 'M' 'M' 'M' 'M' 'M' 'M'
 'U' 'M' 'M' 'M' 'U' 'M' 'M' 'M' 'U' 'M' 'U' 'U' 'U' 'U' 'U' 'M' 'M' 'M'
 'M' 'M' 'M' 'M' 'M' 'M' 'M' 'M' 'M' 'M' 'M' 'M' 'M' 'M' 'M' 'U' 'M' 'M'
 'M' 'M' 'M' 'M' 'M' 'M' 'M' 'M' 'M' 'M' 'M' 'M' 'M' 'M' 'M' 'M' 'M' 'M'
 'U' 'A' 'M' 'M' 'M' 'A' 'U' 'M' 'M' 'U' 'M' 'M' 'M' 'U' 'M' 'M' 'U' 'M'
 'M' 'M' 'M' 'U' 'M' 'M' 'M' 'M' 'M' 'M' 'U' 'M' 'M' 'M' 'M' 'M' 'M' 'M'
 'U' 'M' 'U' 'M' 'M' 'M' 'M' 'M' 'M' 'U' 'M' 'M' 'M' 'M' 'M' 'U' 'M' 'M'
 'M' 'U' 'U' 'M' 'M' 'U' 'M' 'M' 'U' 'M' 'U' 'M' 'M' 'M' 'M' 'M' 'M' 'M'
 'A' 'M' 'M' 'U' 'U' 'U' 'U' 'M' 'M' 'M' 'U' 'M' 'M' 'M' 'M' 'M' 'M' 'U']"
28701,0,160,6,154,38,0,0,"['A' 'M' 'M' 'M' 'M' 'M' 'M' 'M' 'M' 'U' 'M' 'M' 'U' 'M' 'U' 'M' 'M' 'M'
 'U' 'M' 'A' 'M' 'M' 'M' 'M' 'M' 'M' 'U' 'M' 'M' 'M' 'M' 'M' 'M' 'M' 'U'
 'M' 'U' 'M' 'M' 'M' 'U' 'M' 'M' 'M' 'M' 'M' 'U' 'U' 'M' 'M' 'M' 'M' 'M'
 'M' 'M' 'M' 'M' 'U' 'M' 'M' 'M' 'U' 'M' 'U' 'M' 'M' 'M' 'U' 'M' 'M' 'U'
 'M' 'M' 'M' 'U' 'M' 'U' 'M' 'M' 'M' 'M' 'M' 'M' 'M' 'M' 'M' 'M' 'U' 'M'
 'M' 'M' 'M' 'M' 'M' 'M' 'M' 'M' 'M' 'M' 'M' 'M' 'M' 'M' 'M' 'M' 'M' 'M'
 'A' 'A' 'M' 'M' 'M' 'A' 'U' 'M' 'M' 'U' 'M' 'M' 'M' 'U' 'M' 'M' 'U' 'M'
 'M' 'M' 'M' 'M' 'M' 'M' 'M' 'M' 'M' 'M' 'U' 'M' 'M' 'M' 'M' 'M' 'M' 'M'
 'U' 'U' 'U' 'U' 'M' 'M' 'M' 'M' 'M' 'M' 'M' 'M' 'M' 'M' 'M' 'U' 'U' 'M'
 'M' 'U' 'U' 'M' 'M' 'U' 'M' 'M' 'U' 'M' 'U' 'M' 'M' 'U' 'M' 'M' 'M' 'M'
 'A' 'M' 'M' 'U' 'M' 'U' 'M' 'M' 'M' 'M' 'M' 'U' 'M' 'M' 'M' 'M' 'M' 'M']"
28801,0,167,5,162,31,0,0,"['A' 'M' 'M' 'M' 'M' 'M' 'M' 'M' 'M' 'M' 'M' 'M' 'M' 'M' 'M' 'M' 'M' 'M'
 'U' 'M' 'A' 'M' 'M' 'M' 'M' 'M' 'M' 'M' 'M' 'M' 'M' 'M' 'M' 'M' 'M' 'M'
 'M' 'U' 'M' 'M' 'M' 'M' 'M' 'M' 'U' 'M' 'M' 'M' 'U' 'M' 'M' 'M' 'M' 'M'
 'M' 'M' 'M' 'M' 'U' 'M' 'M' 'M' 'M' 'M' 'U' 'M' 'M' 'U' 'M' 'U' 'M' 'M'
 'M' 'M' 'M' 'M' 'M' 'U' 'M' 'M' 'M' 'M' 'M' 'U' 'U' 'M' 'M' 'M' 'M' 'M'
 'M' 'M' 'M' 'M' 'M' 'M' 'M' 'M' 'M' 'M' 'M' 'M' 'M' 'M' 'U' 'M' 'M' 'M'
 'A' 'A' 'M' 'M' 'M' 'U' 'U' 'M' 'M' 'U' 'M' 'M' 'M' 'U' 'M' 'M' 'U' 'M'
 'M' 'M' 'M' 'M' 'M' 'M' 'M' 'M' 'M' 'M' 'U' 'M' 'M' 'M' 'M' 'M' 'M' 'M'
 'U' 'U' 'U' 'U' 'M' 'M' 'M' 'M' 'M' 'M' 'M' 'M' 'M' 'M' 'M' 'M' 'M' 'M'
 'M' 'U' 'U' 'M' 'M' 'U' 'M' 'M' 'U' 'M' 'U' 'M' 'M' 'U' 'M' 'M' 'M' 'M'
 'A' 'M' 'M' 'U' 'M' 'M' 'M' 'M' 'M' 'M' 'M' 'U' 'M' 'M' 'M' 'U' 'M' 'M']"
28901,0,160,4,156,38,0,0,"['A' 'M' 'M' 'M' 'M' 'M' 'M' 'M' 'M' 'M' 'M' 'M' 'M' 'M' 'M' 'M' 'M' 'M'
 'U' 'M' 'A' 'M' 'M' 'M' 'M' 'M' 'M' 'M' 'M' 'M' 'M' 'M' 'M' 'M' 'M' 'M'
 'M' 'U' 'M' 'M' 'M' 'M' 'M' 'M' 'U' 'M' 'U' 'M' 'U' 'U' 'M' 'M' 'M' 'M'
 'M' 'M' 'M' 'U' 'U' 'M' 'M' 'M' 'M' 'M' 'U' 'U' 'M' 'M' 'M' 'M' 'M' 'M'
 'M' 'M' 'M' 'M' 'U' 'M' 'M' 'M' 'M' 'M' 'U' 'M' 'M' 'M' 'M' 'U' 'U' 'M'
 'M' 'M' 'M' 'M' 'M' 'M' 'M' 'M' 'M' 'M' 'M' 'M' 'M' 'M' 'U' 'M' 'M' 'M'
 'A' 'U' 'M' 'M' 'M' 'U' 'U' 'M' 'M' 'U' 'M' 'M' 'M' 'U' 'M' 'M' 'M' 'M'
 'M' 'M' 'M' 'M' 'M' 'U' 'U' 'U' 'U' 'M' 'U' 'U' 'U' 'M' 'M' 'M' 'M' 'M'
 'U' 'U' 'U' 'U' 'M' 'M' 'M' 'M' 'M' 'M' 'M' 'M' 'M' 'M' 'M' 'M' 'U' 'M'
 'M' 'U' 'U' 'M' 'M' 'U' 'M' 'M' 'U' 'M' 'M' 'M' 'M' 'M' 'M' 'M' 'M' 'M'
 'A' 'M' 'M' 'U' 'M' 'M' 'M' 'M' 'M' 'M' 'M' 'M' 'M' 'M' 'M' 'U' 'M' 'M']"
29001,0,162,4,158,36,0,0,"['A' 'M' 'M' 'M' 'M' 'U' 'M' 'M' 'M' 'M' 'M' 'M' 'M' 'M' 'M' 'M' 'M' 'M'
 'U' 'M' 'A' 'M' 'M' 'M' 'M' 'M' 'M' 'M' 'M' 'M' 'M' 'M' 'M' 'M' 'M' 'M'
 'M' 'U' 'M' 'M' 'M' 'M' 'M' 'M' 'U' 'M' 'U' 'M' 'U' 'U' 'M' 'M' 'M' 'M'
 'U' 'M' 'M' 'M' 'M' 'M' 'M' 'M' 'M' 'M' 'U' 'M' 'M' 'M' 'M' 'M' 'M' 'M'
 'U' 'M' 'M' 'M' 'M' 'M' 'M' 'U' 'M' 'M' 'M' 'M' 'U' 'M' 'M' 'U' 'M' 'M'
 'M' 'M' 'U' 'M' 'M' 'M' 'M' 'M' 'M' 'M' 'M' 'M' 'M' 'M' 'U' 'M' 'M' 'M'
 'A' 'U' 'M' 'M' 'M' 'U' 'U' 'U' 'M' 'M' 'M' 'M' 'M' 'M' 'M' 'M' 'M' 'M'
 'M' 'M' 'M' 'M' 'M' 'U' 'U' 'U' 'U' 'M' 'M' 'M' 'U' 'M' 'M' 'M' 'M' 'M'
 'U' 'U' 'M' 'U' 'M' 'M' 'M' 'M' 'M' 'M' 'M' 'M' 'M' 'M' 'M' 'M' 'M' 'M'
 'U' 'M' 'U' 'M' 'U' 'U' 'M' 'M' 'U' 'M' 'M' 'M' 'M' 'M' 'M' 'M' 'M' 'M'
 'A' 'U' 'M' 'U' 'M' 'U' 'M' 'M' 'M' 'M' 'M' 'M' 'M' 'M' 'U' 'M' 'M' 'M']"
29101,0,166,4,162,32,0,0,"['A' 'M' 'U' 'M' 'M' 'M' 'M' 'M' 'M' 'M' 'M' 'M' 'M' 'M' 'M' 'M' 'M' 'M'
 'U' 'M' 'A' 'M' 'M' 'M' 'M' 'M' 'M' 'M' 'M' 'M' 'M' 'M' 'M' 'M' 'M' 'M'
 'M' 'U' 'M' 'M' 'M' 'M' 'M' 'M' 'U' 'M' 'M' 'M' 'U' 'U' 'M' 'M' 'M' 'M'
 'U' 'M' 'M' 'M' 'M' 'M' 'M' 'M' 'M' 'M' 'U' 'M' 'M' 'U' 'M' 'M' 'M' 'M'
 'M' 'M' 'M' 'M' 'M' 'M' 'M' 'U' 'U' 'M' 'M' 'M' 'M' 'M' 'U' 'M' 'U' 'M'
 'M' 'M' 'M' 'M' 'M' 'M' 'M' 'M' 'M' 'M' 'M' 'U' 'M' 'M' 'M' 'M' 'M' 'M'
 'A' 'U' 'M' 'M' 'M' 'U' 'M' 'U' 'M' 'M' 'M' 'M' 'M' 'M' 'M' 'M' 'M' 'M'
 'M' 'M' 'M' 'M' 'M' 'U' 'U' 'M' 'M' 'M' 'M' 'M' 'U' 'M' 'M' 'M' 'M' 'M'
 'U' 'U' 'M' 'M' 'M' 'M' 'M' 'M' 'U' 'M' 'M' 'M' 'M' 'M' 'M' 'M' 'M' 'M'
 'U' 'M' 'M' 'M' 'U' 'U' 'M' 'M' 'U' 'M' 'M' 'M' 'M' 'M' 'M' 'M' 'M' 'U'
 'A' 'M' 'M' 'U' 'M' 'U' 'M' 'M' 'M' 'M' 'U' 'M' 'M' 'M' 'U' 'M' 'M' 'M']"
29201,0,171,4,167,27,0,0,"['A' 'M' 'U' 'M' 'M' 'M' 'M' 'M' 'M' 'M' 'M' 'M' 'M' 'M' 'M' 'M' 'M' 'M'
 'M' 'U' 'U' 'M' 'M' 'M' 'M' 'M' 'M' 'M' 'M' 'M' 'M' 'M' 'M' 'M' 'M' 'M'
 'M' 'U' 'M' 'M' 'M' 'M' 'M' 'M' 'U' 'M' 'M' 'M' 'M' 'U' 'M' 'M' 'M' 'M'
 'M' 'M' 'M' 'M' 'U' 'M' 'M' 'M' 'M' 'M' 'U' 'M' 'M' 'M' 'M' 'M' 'U' 'M'
 'M' 'U' 'M' 'M' 'M' 'M' 'U' 'U' 'M' 'U' 'M' 'M' 'M' 'M' 'M' 'M' 'M' 'M'
 'M' 'M' 'M' 'M' 'M' 'M' 'M' 'U' 'M' 'M' 'M' 'U' 'M' 'M' 'M' 'M' 'M' 'M'
 'A' 'U' 'M' 'M' 'M' 'U' 'M' 'U' 'M' 'M' 'M' 'M' 'M' 'M' 'M' 'M' 'M' 'M'
 'M' 'M' 'M' 'M' 'M' 'U' 'U' 'M' 'M' 'M' 'M' 'M' 'M' 'M' 'M' 'M' 'M' 'M'
 'U' 'M' 'M' 'M' 'M' 'M' 'M' 'M' 'M' 'M' 'M' 'M' 'M' 'M' 'M' 'M' 'M' 'M'
 'U' 'M' 'M' 'M' 'A' 'U' 'M' 'M' 'U' 'M' 'M' 'M' 'M' 'M' 'M' 'M' 'M' 'U'
 'A' 'M' 'M' 'M' 'M' 'U' 'M' 'U' 'M' 'M' 'M' 'M' 'M' 'M' 'M' 'M' 'M' 'M']"
29301,0,174,3,171,24,1,0,"['A' 'U' 'U' 'M' 'M' 'M' 'M' 'M' 'M' 'M' 'M' 'M' 'M' 'M' 'M' 'M' 'M' 'M'
 'M' 'M' 'M' 'M' 'M' 'M' 'M' 'M' 'M' 'M' 'M' 'M' 'M' 'M' 'M' 'M' 'M' 'M'
 'M' 'M' 'M' 'M' 'M' 'M' 'M' 'M' 'U' 'M' 'M' 'M' 'M' 'U' 'M' 'M' 'M' 'M'
 'M' 'M' 'M' 'M' 'U' 'M' 'M' 'M' 'M' 'M' 'U' 'U' 'M' 'M' 'M' 'M' 'M' 'U'
 'U' 'M' 'M' 'M' 'M' 'M' 'U' 'M' 'U' 'M' 'M' 'M' 'M' 'M' 'M' 'M' 'M' 'M'
 'M' 'M' 'M' 'M' 'M' 'M' 'M' 'U' 'M' 'M' 'U' 'U' 'M' 'M' 'M' 'U' 'M' 'M'
 'A' 'M' 'M' 'M' 'M' 'M' 'M' 'U' 'M' 'U' 'M' 'M' 'M' 'M' 'M' 'M' 'M' 'M'
 'M' 'M' 'M' 'M' 'M' 'U' 'M' 'M' 'M' 'M' 'M' 'M' 'M' 'M' 'M' 'M' 'M' 'M'
 'M' 'M' 'M' 'M' 'M' 'M' 'M' 'M' 'M' 'M' 'M' 'U' 'M' 'M' 'M' 'M' 'M' 'M'
 'U' 'M' 'M' 'M' 'A' 'U' 'M' 'M' 'M' 'M' 'M' 'M' 'M' 'M' 'M' 'M' 'M' 'U'
 'U' 'M' 'M' 'M' 'M' 'U' 'M' 'M' 'M' 'M' 'M' 'M' 'M' 'M' 'M' 'M' 'M' 'M']"
29401,0,168,3,165,30,0,0,"['A' 'U' 'U' 'M' 'M' 'M' 'M' 'M' 'M' 'M' 'M' 'M' 'M' 'U' 'M' 'M' 'M' 'M'
 'M' 'M' 'M' 'M' 'M' 'M' 'M' 'M' 'M' 'M' 'M' 'M' 'M' 'M' 'M' 'U' 'M' 'M'
 'U' 'M' 'M' 'M' 'M' 'M' 'M' 'M' 'M' 'M' 'M' 'M' 'M' 'M' 'M' 'M' 'M' 'M'
 'M' 'M' 'M' 'M' 'U' 'M' 'M' 'U' 'M' 'M' 'U' 'M' 'M' 'M' 'M' 'M' 'M' 'M'
 'M' 'M' 'U' 'M' 'M' 'M' 'M' 'M' 'M' 'M' 'M' 'M' 'U' 'M' 'M' 'M' 'M' 'M'
 'U' 'U' 'U' 'M' 'M' 'M' 'M' 'U' 'M' 'M' 'U' 'U' 'U' 'M' 'M' 'U' 'M' 'M'
 'A' 'M' 'M' 'M' 'M' 'M' 'M' 'M' 'M' 'U' 'M' 'M' 'M' 'M' 'M' 'M' 'M' 'M'
 'U' 'M' 'M' 'M' 'M' 'U' 'M' 'U' 'M' 'M' 'M' 'M' 'M' 'M' 'M' 'M' 'M' 'M'
 'M' 'M' 'M' 'M' 'M' 'U' 'M' 'U' 'M' 'M' 'M' 'U' 'M' 'M' 'M' 'M' 'M' 'M'
 'U' 'M' 'M' 'M' 'A' 'M' 'M' 'M' 'M' 'M' 'M' 'M' 'M' 'M' 'M' 'M' 'M' 'U'
 'U' 'M' 'M' 'M' 'M' 'U' 'M' 'M' 'M' 'M' 'M' 'U' 'M' 'M' 'M' 'M' 'M' 'M']"
29501,0,163,5,158,35,1,0,"['A' 'M' 'U' 'M' 'M' 'M' 'M' 'M' 'M' 'M' 'M' 'M' 'M' 'U' 'M' 'M' 'M' 'M'
 'M' 'M' 'M' 'M' 'M' 'A' 'M' 'M' 'M' 'M' 'M' 'M' 'M' 'U' 'M' 'U' 'M' 'M'
 'U' 'M' 'M' 'M' 'M' 'M' 'M' 'M' 'M' 'M' 'M' 'M' 'M' 'M' 'M' 'U' 'M' 'M'
 'M' 'M' 'M' 'M' 'U' 'M' 'M' 'U' 'M' 'M' 'M' 'M' 'M' 'M' 'M' 'M' 'M' 'U'
 'U' 'M' 'M' 'M' 'M' 'M' 'M' 'M' 'U' 'M' 'M' 'M' 'M' 'M' 'M' 'M' 'U' 'M'
 'M' 'M' 'M' 'M' 'U' 'M' 'M' 'U' 'M' 'M' 'U' 'U' 'U' 'M' 'M' 'U' 'M' 'M'
 'A' 'M' 'M' 'M' 'M' 'M' 'M' 'M' 'M' 'U' 'M' 'M' 'M' 'M' 'M' 'M' 'M' 'M'
 'U' 'U' 'M' 'M' 'M' 'A' 'U' 'U' 'M' 'U' 'U' 'U' 'U' 'M' 'M' 'M' 'U' 'M'
 'M' 'M' 'M' 'M' 'M' 'U' 'M' 'U' 'M' 'M' 'M' 'M' 'M' 'M' 'M' 'M' 'M' 'M'
 'U' 'M' 'M' 'M' 'A' 'M' 'M' 'M' 'M' 'M' 'M' 'M' 'M' 'M' 'M' 'M' 'M' 'U'
 'U' 'M' 'M' 'M' 'M' 'U' 'M' 'M' 'M' 'M' 'M' 'M' 'U' 'M' 'M' 'M' 'M' 'M']"
29601,0,165,6,159,33,0,0,"['A' 'M' 'U' 'M' 'M' 'M' 'M' 'M' 'M' 'M' 'M' 'M' 'M' 'M' 'M' 'M' 'M' 'M'
 'M' 'M' 'M' 'M' 'M' 'A' 'M' 'M' 'M' 'M' 'M' 'U' 'M' 'M' 'M' 'M' 'M' 'M'
 'U' 'M' 'M' 'M' 'M' 'M' 'M' 'M' 'M' 'M' 'M' 'M' 'M' 'M' 'M' 'U' 'M' 'M'
 'M' 'M' 'M' 'M' 'U' 'M' 'M' 'U' 'U' 'M' 'M' 'M' 'M' 'M' 'M' 'M' 'M' 'M'
 'M' 'M' 'M' 'M' 'M' 'M' 'M' 'U' 'M' 'M' 'M' 'M' 'M' 'M' 'M' 'U' 'M' 'M'
 'M' 'M' 'U' 'U' 'U' 'M' 'M' 'M' 'M' 'M' 'U' 'U' 'U' 'M' 'M' 'M' 'M' 'M'
 'A' 'M' 'M' 'M' 'M' 'M' 'M' 'M' 'M' 'M' 'M' 'M' 'M' 'M' 'M' 'M' 'M' 'M'
 'U' 'U' 'M' 'M' 'M' 'A' 'U' 'U' 'U' 'U' 'U' 'U' 'U' 'M' 'M' 'M' 'U' 'M'
 'M' 'M' 'M' 'M' 'M' 'U' 'U' 'U' 'M' 'M' 'M' 'M' 'M' 'M' 'M' 'M' 'M' 'M'
 'U' 'M' 'M' 'M' 'A' 'M' 'M' 'M' 'M' 'M' 'M' 'A' 'M' 'M' 'M' 'M' 'M' 'U'
 'M' 'U' 'M' 'M' 'M' 'M' 'U' 'M' 'M' 'M' 'M' 'M' 'U' 'M' 'M' 'M' 'M' 'M']"
29701,0,165,7,158,33,1,0,"['A' 'M' 'M' 'M' 'M' 'M' 'M' 'M' 'M' 'M' 'M' 'M' 'M' 'M' 'M' 'M' 'M' 'M'
 'M' 'M' 'M' 'M' 'M' 'A' 'M' 'M' 'M' 'M' 'M' 'U' 'M' 'M' 'M' 'M' 'M' 'M'
 'M' 'M' 'M' 'M' 'M' 'M' 'M' 'M' 'M' 'U' 'M' 'M' 'M' 'M' 'M' 'U' 'M' 'M'
 'M' 'M' 'M' 'M' 'U' 'M' 'M' 'M' 'U' 'M' 'M' 'M' 'M' 'M' 'U' 'M' 'M' 'M'
 'M' 'U' 'M' 'M' 'M' 'M' 'M' 'M' 'M' 'U' 'M' 'M' 'M' 'M' 'M' 'M' 'M' 'M'
 'U' 'M' 'M' 'U' 'M' 'M' 'M' 'M' 'M' 'M' 'U' 'U' 'U' 'A' 'M' 'M' 'M' 'M'
 'U' 'U' 'M' 'M' 'M' 'M' 'M' 'M' 'M' 'M' 'M' 'M' 'M' 'M' 'M' 'M' 'M' 'M'
 'U' 'U' 'M' 'M' 'U' 'A' 'U' 'M' 'M' 'U' 'M' 'M' 'U' 'M' 'U' 'M' 'A' 'M'
 'U' 'M' 'M' 'M' 'M' 'U' 'U' 'U' 'M' 'M' 'M' 'M' 'M' 'M' 'M' 'M' 'M' 'M'
 'U' 'M' 'M' 'U' 'A' 'M' 'M' 'U' 'M' 'M' 'M' 'A' 'M' 'M' 'M' 'M' 'M' 'U'
 'M' 'U' 'M' 'M' 'M' 'M' 'U' 'M' 'M' 'M' 'M' 'M' 'U' 'M' 'M' 'M' 'M' 'M']"
29801,0,159,4,155,39,0,0,"['A' 'M' 'M' 'M' 'M' 'M' 'M' 'M' 'M' 'M' 'M' 'M' 'M' 'M' 'M' 'M' 'M' 'M'
 'U' 'M' 'M' 'M' 'M' 'A' 'U' 'M' 'M' 'U' 'M' 'U' 'M' 'M' 'M' 'M' 'M' 'M'
 'M' 'U' 'M' 'M' 'M' 'M' 'M' 'M' 'M' 'U' 'M' 'M' 'U' 'M' 'M' 'M' 'M' 'M'
 'M' 'U' 'M' 'M' 'M' 'M' 'M' 'M' 'U' 'M' 'M' 'M' 'M' 'M' 'M' 'M' 'M' 'M'
 'U' 'M' 'U' 'M' 'U' 'M' 'M' 'M' 'M' 'M' 'M' 'M' 'M' 'M' 'M' 'U' 'U' 'M'
 'M' 'M' 'M' 'M' 'M' 'M' 'M' 'M' 'U' 'M' 'U' 'U' 'U' 'U' 'M' 'M' 'M' 'M'
 'U' 'U' 'M' 'M' 'M' 'M' 'M' 'M' 'M' 'M' 'M' 'M' 'M' 'M' 'M' 'M' 'M' 'M'
 'M' 'U' 'M' 'M' 'U' 'A' 'U' 'M' 'M' 'U' 'M' 'M' 'M' 'M' 'U' 'M' 'U' 'M'
 'U' 'U' 'M' 'M' 'M' 'U' 'U' 'M' 'M' 'M' 'M' 'M' 'M' 'M' 'M' 'M' 'M' 'M'
 'U' 'M' 'M' 'U' 'U' 'M' 'M' 'U' 'M' 'M' 'M' 'A' 'M' 'M' 'M' 'M' 'M' 'U'
 'M' 'M' 'M' 'M' 'M' 'M' 'U' 'U' 'M' 'M' 'M' 'M' 'U' 'M' 'M' 'M' 'M' 'M']"
29901,0,150,4,146,48,0,1,"['A' 'M' 'M' 'M' 'M' 'M' 'M' 'M' 'M' 'M' 'U' 'M' 'M' 'M' 'M' 'M' 'M' 'M'
 'U' 'M' 'M' 'M' 'M' 'U' 'U' 'M' 'M' 'M' 'M' 'M' 'M' 'M' 'M' 'M' 'M' 'M'
 'M' 'U' 'M' 'U' 'U' 'M' 'M' 'M' 'M' 'U' 'M' 'M' 'M' 'M' 'M' 'M' 'M' 'M'
 'M' 'U' 'M' 'M' 'M' 'M' 'U' 'M' 'U' 'M' 'M' 'M' 'M' 'M' 'U' 'M' 'U' 'M'
 'M' 'M' 'M' 'M' 'M' 'M' 'U' 'M' 'M' 'M' 'M' 'M' 'M' 'M' 'M' 'M' 'M' 'M'
 'U' 'M' 'U' 'M' 'M' 'M' 'U' 'M' 'U' 'M' 'U' 'U' 'M' 'U' 'U' 'M' 'M' 'U'
 'U' 'U' 'M' 'M' 'M' 'M' 'M' 'M' 'M' 'M' 'M' 'M' 'M' 'M' 'M' 'M' 'M' 'M'
 'M' 'M' 'U' 'M' 'U' 'A' 'U' 'M' 'U' 'U' 'A' 'A' 'U' 'M' 'M' 'M' 'U' 'U'
 'U' 'U' 'M' 'M' 'M' 'M' 'U' 'M' 'M' 'M' 'U' 'U' 'M' 'M' 'M' 'M' 'M' 'M'
 'U' 'M' 'M' 'U' 'U' 'M' 'M' 'U' 'M' 'M' 'M' 'U' 'U' 'M' 'M' 'M' 'M' 'U'
 'M' 'M' 'M' 'M' 'M' 'M' 'U' 'U' 'M' 'M' 'M' 'M' 'U' 'M' 'M' 'M' 'M' 'M']"
30001,0,163,3,160,35,0,1,"['A' 'M' 'M' 'M' 'M' 'M' 'M' 'M' 'M' 'M' 'M' 'M' 'M' 'M' 'M' 'M' 'M' 'M'
 'M' 'M' 'M' 'M' 'M' 'U' 'U' 'M' 'M' 'M' 'M' 'M' 'M' 'M' 'M' 'M' 'M' 'M'
 'M' 'M' 'M' 'M' 'U' 'M' 'M' 'M' 'M' 'U' 'M' 'M' 'M' 'M' 'M' 'M' 'M' 'M'
 'M' 'U' 'M' 'M' 'M' 'M' 'U' 'M' 'U' 'M' 'M' 'M' 'M' 'M' 'M' 'M' 'M' 'M'
 'M' 'U' 'M' 'U' 'M' 'U' 'M' 'M' 'M' 'M' 'M' 'U' 'M' 'M' 'M' 'U' 'M' 'M'
 'M' 'M' 'M' 'M' 'M' 'M' 'M' 'M' 'M' 'M' 'M' 'U' 'M' 'M' 'U' 'M' 'M' 'U'
 'M' 'U' 'M' 'M' 'M' 'M' 'M' 'M' 'M' 'M' 'M' 'M' 'M' 'M' 'M' 'M' 'M' 'M'
 'M' 'M' 'U' 'M' 'M' 'A' 'U' 'M' 'U' 'U' 'U' 'A' 'U' 'M' 'M' 'M' 'U' 'U'
 'U' 'M' 'M' 'M' 'U' 'M' 'M' 'M' 'M' 'M' 'M' 'U' 'M' 'M' 'M' 'M' 'M' 'M'
 'M' 'M' 'M' 'U' 'U' 'M' 'M' 'U' 'M' 'M' 'M' 'U' 'U' 'M' 'M' 'M' 'M' 'U'
 'M' 'M' 'M' 'M' 'M' 'M' 'M' 'U' 'M' 'M' 'M' 'M' 'U' 'M' 'M' 'M' 'M' 'M']"
30101,0,165,4,161,33,0,0,"['A' 'M' 'M' 'M' 'M' 'M' 'U' 'M' 'M' 'M' 'U' 'M' 'M' 'M' 'M' 'M' 'M' 'M'
 'M' 'M' 'M' 'M' 'M' 'U' 'U' 'M' 'M' 'M' 'M' 'M' 'M' 'M' 'M' 'M' 'M' 'M'
 'M' 'M' 'M' 'M' 'M' 'M' 'M' 'M' 'M' 'U' 'M' 'M' 'M' 'M' 'M' 'M' 'M' 'M'
 'M' 'M' 'M' 'M' 'M' 'M' 'A' 'M' 'U' 'U' 'M' 'M' 'M' 'M' 'M' 'U' 'M' 'M'
 'M' 'M' 'U' 'M' 'U' 'M' 'U' 'M' 'M' 'M' 'M' 'M' 'M' 'M' 'M' 'M' 'M' 'M'
 'M' 'U' 'M' 'M' 'M' 'M' 'M' 'M' 'M' 'M' 'M' 'U' 'M' 'M' 'U' 'M' 'M' 'M'
 'M' 'U' 'M' 'M' 'M' 'M' 'M' 'M' 'M' 'M' 'M' 'M' 'M' 'M' 'M' 'M' 'M' 'M'
 'M' 'M' 'U' 'M' 'M' 'A' 'U' 'U' 'U' 'M' 'U' 'A' 'U' 'M' 'M' 'M' 'U' 'U'
 'M' 'M' 'M' 'M' 'U' 'M' 'M' 'M' 'M' 'M' 'M' 'M' 'M' 'M' 'M' 'M' 'M' 'M'
 'M' 'M' 'M' 'U' 'U' 'M' 'M' 'U' 'M' 'M' 'M' 'U' 'U' 'M' 'M' 'M' 'M' 'U'
 'M' 'M' 'M' 'M' 'M' 'U' 'M' 'U' 'M' 'M' 'M' 'M' 'M' 'U' 'M' 'M' 'M' 'M']"
30201,0,168,2,166,30,0,0,"['A' 'M' 'M' 'M' 'M' 'U' 'M' 'M' 'M' 'M' 'M' 'M' 'M' 'M' 'M' 'M' 'M' 'M'
 'M' 'M' 'M' 'M' 'M' 'U' 'U' 'M' 'M' 'M' 'M' 'M' 'M' 'M' 'M' 'M' 'M' 'M'
 'M' 'M' 'M' 'M' 'M' 'M' 'M' 'M' 'M' 'U' 'M' 'M' 'M' 'M' 'M' 'M' 'M' 'M'
 'M' 'M' 'M' 'M' 'M' 'M' 'U' 'M' 'U' 'U' 'M' 'M' 'M' 'U' 'M' 'M' 'M' 'U'
 'M' 'M' 'M' 'U' 'M' 'M' 'M' 'M' 'U' 'M' 'M' 'M' 'M' 'M' 'U' 'M' 'M' 'M'
 'M' 'M' 'M' 'M' 'M' 'M' 'M' 'M' 'M' 'M' 'M' 'U' 'M' 'M' 'M' 'M' 'M' 'M'
 'M' 'U' 'M' 'M' 'M' 'M' 'M' 'M' 'M' 'M' 'M' 'M' 'M' 'M' 'M' 'M' 'M' 'M'
 'M' 'M' 'U' 'M' 'M' 'U' 'M' 'U' 'M' 'M' 'M' 'A' 'U' 'M' 'M' 'M' 'M' 'U'
 'M' 'M' 'M' 'M' 'U' 'M' 'M' 'M' 'M' 'M' 'M' 'M' 'M' 'M' 'M' 'M' 'M' 'M'
 'M' 'M' 'M' 'U' 'U' 'U' 'M' 'U' 'M' 'M' 'M' 'U' 'U' 'M' 'M' 'M' 'M' 'U'
 'M' 'M' 'M' 'M' 'M' 'U' 'M' 'U' 'M' 'M' 'M' 'M' 'M' 'U' 'M' 'M' 'M' 'M']"
30301,0,169,3,166,29,0,0,"['A' 'M' 'M' 'M' 'M' 'M' 'M' 'M' 'M' 'M' 'M' 'U' 'M' 'M' 'M' 'M' 'M' 'M'
 'M' 'M' 'M' 'M' 'M' 'A' 'U' 'M' 'M' 'M' 'M' 'M' 'M' 'M' 'M' 'M' 'M' 'M'
 'M' 'M' 'M' 'M' 'M' 'M' 'M' 'M' 'M' 'U' 'M' 'M' 'M' 'M' 'M' 'M' 'M' 'M'
 'M' 'U' 'M' 'M' 'M' 'M' 'U' 'M' 'U' 'A' 'M' 'U' 'M' 'M' 'M' 'M' 'M' 'M'
 'M' 'U' 'U' 'U' 'M' 'M' 'M' 'M' 'M' 'M' 'M' 'M' 'M' 'M' 'M' 'M' 'M' 'M'
 'U' 'M' 'M' 'M' 'M' 'M' 'M' 'M' 'M' 'M' 'M' 'U' 'M' 'M' 'M' 'M' 'U' 'M'
 'M' 'U' 'M' 'M' 'M' 'M' 'M' 'M' 'M' 'M' 'M' 'M' 'M' 'M' 'M' 'M' 'U' 'M'
 'M' 'M' 'U' 'M' 'U' 'U' 'U' 'U' 'M' 'M' 'M' 'U' 'M' 'M' 'M' 'M' 'M' 'U'
 'M' 'M' 'M' 'M' 'M' 'M' 'M' 'M' 'M' 'M' 'M' 'M' 'M' 'M' 'M' 'M' 'M' 'M'
 'M' 'M' 'M' 'U' 'U' 'U' 'M' 'U' 'M' 'M' 'M' 'U' 'M' 'M' 'M' 'M' 'M' 'U'
 'M' 'M' 'M' 'M' 'M' 'U' 'M' 'M' 'M' 'M' 'M' 'M' 'M' 'M' 'M' 'M' 'M' 'M']"
30401,0,169,3,166,29,0,0,"['A' 'U' 'U' 'M' 'U' 'M' 'M' 'M' 'M' 'M' 'M' 'U' 'M' 'M' 'M' 'M' 'M' 'M'
 'U' 'M' 'M' 'M' 'M' 'A' 'M' 'M' 'M' 'M' 'M' 'M' 'M' 'M' 'M' 'M' 'M' 'M'
 'M' 'M' 'M' 'M' 'M' 'U' 'M' 'M' 'M' 'U' 'M' 'M' 'M' 'M' 'M' 'M' 'M' 'U'
 'M' 'M' 'M' 'M' 'M' 'M' 'M' 'M' 'U' 'A' 'M' 'M' 'U' 'M' 'M' 'M' 'M' 'U'
 'M' 'M' 'M' 'M' 'M' 'M' 'M' 'M' 'M' 'M' 'U' 'M' 'M' 'U' 'U' 'M' 'M' 'M'
 'M' 'M' 'M' 'M' 'M' 'M' 'M' 'M' 'M' 'M' 'M' 'U' 'M' 'M' 'M' 'M' 'U' 'M'
 'M' 'U' 'M' 'M' 'M' 'M' 'M' 'M' 'M' 'M' 'M' 'M' 'M' 'M' 'M' 'M' 'U' 'M'
 'M' 'M' 'M' 'M' 'U' 'U' 'M' 'U' 'M' 'M' 'M' 'M' 'M' 'M' 'U' 'M' 'M' 'U'
 'M' 'M' 'M' 'M' 'M' 'M' 'M' 'M' 'M' 'M' 'M' 'M' 'M' 'M' 'M' 'M' 'M' 'M'
 'M' 'M' 'M' 'M' 'U' 'U' 'M' 'U' 'M' 'M' 'M' 'M' 'M' 'M' 'U' 'M' 'M' 'U'
 'M' 'M' 'M' 'M' 'M' 'U' 'M' 'M' 'M' 'M' 'M' 'M' 'M' 'M' 'M' 'M' 'M' 'M']"
30501,0,168,4,164,30,0,0,"['A' 'U' 'U' 'M' 'U' 'M' 'M' 'M' 'M' 'M' 'M' 'U' 'M' 'M' 'U' 'M' 'U' 'M'
 'U' 'M' 'M' 'M' 'M' 'A' 'M' 'M' 'M' 'M' 'M' 'M' 'M' 'M' 'M' 'M' 'M' 'M'
 'M' 'M' 'M' 'M' 'M' 'M' 'M' 'M' 'M' 'U' 'M' 'M' 'M' 'M' 'M' 'M' 'M' 'U'
 'M' 'M' 'M' 'M' 'A' 'M' 'M' 'M' 'U' 'A' 'M' 'U' 'M' 'M' 'U' 'M' 'M' 'M'
 'M' 'M' 'M' 'M' 'M' 'M' 'M' 'M' 'M' 'M' 'M' 'M' 'M' 'M' 'M' 'M' 'U' 'M'
 'M' 'U' 'M' 'M' 'U' 'M' 'M' 'M' 'M' 'M' 'M' 'U' 'M' 'M' 'M' 'M' 'M' 'M'
 'M' 'M' 'M' 'M' 'M' 'M' 'M' 'M' 'M' 'M' 'M' 'M' 'M' 'M' 'M' 'M' 'U' 'U'
 'M' 'M' 'M' 'M' 'U' 'U' 'M' 'U' 'M' 'M' 'M' 'M' 'M' 'M' 'U' 'M' 'M' 'U'
 'M' 'M' 'U' 'M' 'M' 'M' 'M' 'M' 'M' 'M' 'M' 'M' 'M' 'M' 'M' 'M' 'M' 'M'
 'M' 'M' 'M' 'M' 'U' 'U' 'M' 'M' 'M' 'M' 'M' 'M' 'M' 'M' 'U' 'M' 'M' 'U'
 'M' 'M' 'M' 'M' 'M' 'U' 'M' 'M' 'M' 'M' 'M' 'M' 'M' 'M' 'U' 'M' 'M' 'M']"
30601,0,160,4,156,38,0,0,"['A' 'U' 'U' 'M' 'U' 'U' 'M' 'M' 'M' 'M' 'M' 'U' 'M' 'M' 'U' 'M' 'U' 'M'
 'U' 'M' 'M' 'M' 'M' 'A' 'M' 'M' 'M' 'M' 'M' 'M' 'M' 'M' 'M' 'M' 'M' 'M'
 'M' 'M' 'M' 'U' 'M' 'M' 'M' 'M' 'M' 'U' 'M' 'M' 'M' 'M' 'M' 'M' 'M' 'U'
 'M' 'M' 'M' 'M' 'M' 'M' 'M' 'M' 'U' 'U' 'M' 'M' 'M' 'M' 'M' 'M' 'M' 'M'
 'M' 'U' 'M' 'M' 'M' 'M' 'M' 'M' 'M' 'M' 'M' 'U' 'M' 'U' 'M' 'M' 'M' 'M'
 'M' 'M' 'M' 'U' 'U' 'M' 'M' 'M' 'M' 'M' 'M' 'U' 'M' 'M' 'M' 'M' 'M' 'M'
 'M' 'M' 'M' 'M' 'M' 'U' 'M' 'M' 'M' 'M' 'M' 'M' 'M' 'M' 'M' 'M' 'U' 'M'
 'M' 'M' 'M' 'M' 'U' 'U' 'U' 'U' 'U' 'U' 'U' 'U' 'A' 'M' 'U' 'U' 'U' 'M'
 'M' 'M' 'U' 'M' 'M' 'M' 'M' 'M' 'M' 'M' 'M' 'M' 'M' 'M' 'M' 'M' 'M' 'M'
 'M' 'M' 'M' 'M' 'U' 'U' 'M' 'M' 'M' 'M' 'M' 'M' 'M' 'M' 'M' 'M' 'M' 'U'
 'M' 'M' 'M' 'M' 'M' 'A' 'M' 'M' 'M' 'M' 'U' 'M' 'M' 'M' 'U' 'M' 'M' 'M']"
30701,0,163,4,159,35,0,0,"['A' 'M' 'U' 'M' 'U' 'M' 'M' 'M' 'M' 'M' 'M' 'U' 'M' 'M' 'M' 'M' 'U' 'M'
 'M' 'M' 'M' 'M' 'M' 'U' 'M' 'M' 'M' 'M' 'M' 'M' 'M' 'M' 'M' 'M' 'M' 'M'
 'M' 'M' 'M' 'U' 'M' 'M' 'M' 'U' 'M' 'U' 'M' 'M' 'M' 'M' 'M' 'M' 'M' 'U'
 'M' 'M' 'M' 'M' 'M' 'M' 'M' 'M' 'U' 'U' 'M' 'M' 'M' 'M' 'M' 'M' 'M' 'U'
 'M' 'U' 'M' 'M' 'U' 'M' 'M' 'M' 'M' 'M' 'M' 'M' 'M' 'U' 'M' 'M' 'U' 'M'
 'M' 'M' 'M' 'M' 'M' 'M' 'U' 'M' 'M' 'M' 'M' 'U' 'M' 'M' 'M' 'M' 'M' 'M'
 'M' 'M' 'M' 'M' 'M' 'U' 'M' 'M' 'M' 'M' 'M' 'M' 'M' 'M' 'M' 'M' 'U' 'M'
 'M' 'M' 'M' 'M' 'U' 'U' 'U' 'U' 'U' 'U' 'A' 'U' 'A' 'M' 'U' 'M' 'M' 'M'
 'M' 'M' 'U' 'M' 'M' 'M' 'M' 'M' 'M' 'M' 'M' 'M' 'M' 'U' 'M' 'M' 'M' 'M'
 'M' 'M' 'M' 'M' 'U' 'M' 'M' 'M' 'U' 'M' 'M' 'M' 'M' 'M' 'M' 'U' 'M' 'U'
 'M' 'M' 'M' 'M' 'M' 'A' 'M' 'M' 'M' 'M' 'M' 'M' 'M' 'M' 'U' 'M' 'M' 'M']"
30801,0,168,2,166,30,0,0,"['A' 'M' 'U' 'M' 'M' 'M' 'M' 'M' 'M' 'M' 'M' 'U' 'M' 'U' 'M' 'M' 'M' 'M'
 'M' 'M' 'M' 'M' 'M' 'M' 'M' 'M' 'M' 'M' 'M' 'M' 'M' 'M' 'M' 'M' 'M' 'M'
 'M' 'M' 'M' 'U' 'M' 'M' 'M' 'U' 'M' 'U' 'M' 'M' 'M' 'M' 'M' 'M' 'M' 'U'
 'M' 'M' 'M' 'M' 'M' 'M' 'M' 'M' 'U' 'U' 'M' 'M' 'M' 'M' 'M' 'M' 'M' 'U'
 'M' 'M' 'U' 'M' 'M' 'M' 'M' 'M' 'U' 'M' 'M' 'U' 'M' 'M' 'M' 'M' 'M' 'M'
 'M' 'U' 'M' 'M' 'M' 'M' 'M' 'M' 'M' 'M' 'M' 'U' 'M' 'M' 'M' 'M' 'M' 'M'
 'U' 'M' 'M' 'M' 'M' 'M' 'M' 'M' 'M' 'M' 'U' 'M' 'M' 'M' 'M' 'M' 'U' 'M'
 'M' 'M' 'M' 'M' 'M' 'U' 'U' 'M' 'M' 'M' 'A' 'U' 'U' 'M' 'M' 'M' 'M' 'M'
 'M' 'M' 'U' 'M' 'M' 'U' 'M' 'M' 'M' 'M' 'M' 'M' 'M' 'M' 'M' 'M' 'M' 'U'
 'U' 'M' 'M' 'M' 'U' 'M' 'M' 'M' 'M' 'M' 'M' 'M' 'M' 'M' 'M' 'M' 'M' 'U'
 'M' 'M' 'M' 'M' 'M' 'U' 'M' 'M' 'M' 'M' 'M' 'M' 'M' 'M' 'U' 'M' 'M' 'M']"
30901,0,169,3,166,29,0,0,"['A' 'M' 'M' 'M' 'M' 'M' 'M' 'M' 'M' 'M' 'M' 'M' 'M' 'U' 'M' 'M' 'M' 'M'
 'M' 'M' 'M' 'M' 'M' 'M' 'A' 'M' 'M' 'M' 'M' 'M' 'M' 'M' 'M' 'M' 'M' 'M'
 'M' 'M' 'M' 'U' 'M' 'M' 'M' 'U' 'M' 'M' 'M' 'M' 'M' 'M' 'M' 'M' 'M' 'U'
 'M' 'M' 'M' 'M' 'M' 'M' 'M' 'M' 'U' 'U' 'M' 'U' 'M' 'U' 'M' 'M' 'M' 'M'
 'M' 'M' 'M' 'M' 'M' 'M' 'M' 'M' 'U' 'M' 'M' 'M' 'M' 'U' 'M' 'M' 'M' 'M'
 'M' 'M' 'U' 'M' 'M' 'M' 'M' 'M' 'M' 'M' 'M' 'U' 'U' 'M' 'M' 'M' 'M' 'M'
 'U' 'M' 'M' 'M' 'M' 'U' 'M' 'U' 'M' 'M' 'U' 'M' 'M' 'M' 'M' 'M' 'M' 'M'
 'M' 'M' 'M' 'M' 'M' 'U' 'M' 'U' 'U' 'U' 'A' 'U' 'U' 'M' 'M' 'M' 'M' 'M'
 'M' 'U' 'U' 'M' 'M' 'M' 'M' 'M' 'M' 'M' 'M' 'M' 'M' 'M' 'M' 'M' 'M' 'U'
 'M' 'M' 'M' 'M' 'M' 'M' 'M' 'M' 'M' 'M' 'M' 'M' 'M' 'M' 'M' 'M' 'M' 'M'
 'M' 'M' 'M' 'M' 'U' 'U' 'M' 'M' 'M' 'M' 'M' 'M' 'M' 'M' 'U' 'M' 'M' 'M']"
31001,0,166,2,164,32,0,0,"['A' 'M' 'U' 'M' 'M' 'M' 'M' 'M' 'M' 'M' 'M' 'M' 'M' 'M' 'M' 'M' 'M' 'M'
 'M' 'M' 'M' 'M' 'M' 'M' 'A' 'M' 'U' 'M' 'U' 'M' 'M' 'M' 'M' 'U' 'M' 'M'
 'M' 'M' 'M' 'U' 'M' 'M' 'M' 'M' 'M' 'M' 'M' 'M' 'M' 'M' 'M' 'M' 'M' 'U'
 'M' 'M' 'M' 'M' 'M' 'M' 'M' 'M' 'U' 'U' 'M' 'M' 'U' 'M' 'M' 'M' 'M' 'M'
 'U' 'M' 'M' 'M' 'M' 'M' 'U' 'U' 'M' 'M' 'M' 'M' 'M' 'M' 'M' 'M' 'M' 'M'
 'M' 'M' 'M' 'M' 'U' 'M' 'M' 'M' 'M' 'M' 'M' 'U' 'M' 'M' 'M' 'M' 'M' 'M'
 'U' 'M' 'M' 'M' 'M' 'U' 'M' 'U' 'M' 'M' 'U' 'U' 'M' 'M' 'M' 'M' 'M' 'M'
 'M' 'M' 'M' 'M' 'M' 'U' 'M' 'U' 'U' 'U' 'U' 'U' 'M' 'M' 'U' 'M' 'M' 'M'
 'M' 'U' 'U' 'M' 'M' 'M' 'M' 'M' 'M' 'M' 'M' 'M' 'M' 'M' 'M' 'M' 'M' 'U'
 'M' 'M' 'M' 'M' 'M' 'M' 'M' 'M' 'M' 'M' 'M' 'M' 'M' 'M' 'M' 'M' 'M' 'M'
 'M' 'M' 'M' 'M' 'U' 'U' 'M' 'M' 'M' 'M' 'M' 'M' 'M' 'M' 'U' 'M' 'M' 'M']"
31101,0,171,3,168,27,0,0,"['A' 'M' 'M' 'M' 'M' 'M' 'M' 'M' 'M' 'M' 'M' 'M' 'M' 'M' 'M' 'M' 'M' 'M'
 'M' 'M' 'M' 'M' 'M' 'M' 'A' 'M' 'U' 'M' 'M' 'M' 'M' 'M' 'M' 'U' 'M' 'M'
 'M' 'M' 'M' 'M' 'M' 'M' 'M' 'U' 'M' 'M' 'M' 'M' 'M' 'M' 'M' 'M' 'M' 'U'
 'M' 'M' 'M' 'M' 'M' 'M' 'M' 'M' 'U' 'U' 'M' 'U' 'M' 'M' 'M' 'M' 'M' 'M'
 'M' 'M' 'M' 'M' 'U' 'U' 'M' 'M' 'M' 'U' 'M' 'U' 'M' 'M' 'M' 'M' 'M' 'M'
 'M' 'M' 'M' 'M' 'M' 'M' 'M' 'M' 'M' 'M' 'M' 'U' 'M' 'M' 'M' 'M' 'M' 'M'
 'U' 'M' 'M' 'M' 'M' 'U' 'M' 'U' 'M' 'U' 'U' 'M' 'M' 'M' 'M' 'M' 'M' 'M'
 'M' 'M' 'M' 'M' 'M' 'U' 'M' 'U' 'M' 'U' 'U' 'U' 'M' 'M' 'U' 'M' 'M' 'M'
 'M' 'M' 'A' 'M' 'M' 'M' 'U' 'M' 'M' 'M' 'M' 'M' 'M' 'M' 'M' 'M' 'M' 'U'
 'M' 'M' 'M' 'M' 'M' 'M' 'M' 'M' 'M' 'M' 'M' 'M' 'M' 'M' 'M' 'M' 'M' 'M'
 'M' 'M' 'M' 'M' 'M' 'U' 'M' 'M' 'M' 'M' 'M' 'M' 'M' 'M' 'U' 'M' 'M' 'M']"
31201,0,172,5,167,26,0,0,"['A' 'M' 'M' 'M' 'M' 'M' 'M' 'M' 'M' 'M' 'M' 'M' 'M' 'M' 'M' 'M' 'M' 'M'
 'M' 'M' 'M' 'M' 'M' 'M' 'A' 'U' 'U' 'M' 'M' 'M' 'M' 'M' 'M' 'A' 'M' 'M'
 'M' 'M' 'M' 'M' 'M' 'M' 'M' 'A' 'M' 'M' 'M' 'M' 'M' 'M' 'M' 'M' 'U' 'U'
 'M' 'M' 'M' 'M' 'M' 'M' 'M' 'M' 'U' 'U' 'M' 'M' 'M' 'M' 'M' 'M' 'M' 'M'
 'U' 'U' 'M' 'M' 'M' 'M' 'M' 'M' 'M' 'U' 'M' 'M' 'M' 'M' 'M' 'U' 'U' 'M'
 'M' 'M' 'M' 'M' 'M' 'M' 'M' 'M' 'M' 'M' 'M' 'M' 'M' 'M' 'M' 'M' 'M' 'M'
 'M' 'M' 'U' 'M' 'M' 'M' 'M' 'U' 'M' 'U' 'M' 'M' 'M' 'M' 'M' 'M' 'M' 'M'
 'M' 'M' 'M' 'M' 'M' 'U' 'M' 'M' 'M' 'M' 'U' 'U' 'M' 'M' 'U' 'M' 'U' 'M'
 'M' 'M' 'U' 'M' 'M' 'M' 'U' 'M' 'M' 'A' 'M' 'M' 'M' 'M' 'M' 'M' 'M' 'U'
 'M' 'M' 'U' 'M' 'M' 'M' 'M' 'M' 'M' 'M' 'M' 'M' 'M' 'M' 'M' 'M' 'M' 'M'
 'M' 'M' 'M' 'M' 'M' 'U' 'M' 'M' 'M' 'M' 'M' 'M' 'M' 'U' 'U' 'M' 'M' 'M']"
31301,0,173,4,169,25,0,0,"['A' 'M' 'M' 'M' 'M' 'M' 'M' 'M' 'M' 'M' 'M' 'M' 'M' 'M' 'M' 'M' 'M' 'M'
 'M' 'M' 'U' 'M' 'M' 'M' 'U' 'M' 'M' 'M' 'M' 'M' 'M' 'M' 'M' 'A' 'M' 'M'
 'M' 'M' 'M' 'M' 'M' 'M' 'M' 'A' 'M' 'M' 'M' 'M' 'M' 'M' 'M' 'M' 'U' 'M'
 'M' 'M' 'M' 'M' 'M' 'M' 'M' 'M' 'U' 'U' 'M' 'M' 'U' 'M' 'M' 'M' 'M' 'M'
 'U' 'M' 'M' 'M' 'M' 'M' 'M' 'U' 'M' 'M' 'M' 'M' 'U' 'M' 'M' 'M' 'M' 'M'
 'M' 'M' 'M' 'M' 'U' 'M' 'M' 'M' 'M' 'M' 'M' 'M' 'M' 'M' 'M' 'M' 'M' 'M'
 'M' 'M' 'U' 'M' 'M' 'M' 'M' 'M' 'M' 'M' 'M' 'M' 'M' 'M' 'M' 'M' 'M' 'M'
 'M' 'M' 'M' 'M' 'M' 'U' 'M' 'U' 'M' 'M' 'U' 'U' 'M' 'M' 'U' 'M' 'U' 'M'
 'M' 'U' 'U' 'M' 'M' 'M' 'U' 'U' 'M' 'A' 'M' 'M' 'M' 'M' 'M' 'M' 'M' 'U'
 'M' 'M' 'U' 'M' 'M' 'M' 'M' 'M' 'M' 'M' 'M' 'M' 'M' 'M' 'M' 'M' 'M' 'M'
 'M' 'M' 'M' 'M' 'M' 'M' 'M' 'M' 'M' 'M' 'U' 'M' 'M' 'M' 'M' 'M' 'M' 'U']"
31401,0,170,6,164,28,0,0,"['A' 'M' 'M' 'M' 'M' 'M' 'M' 'M' 'M' 'M' 'U' 'M' 'M' 'M' 'M' 'M' 'M' 'M'
 'M' 'M' 'M' 'M' 'M' 'M' 'U' 'M' 'M' 'M' 'M' 'M' 'M' 'M' 'M' 'A' 'M' 'M'
 'M' 'M' 'M' 'U' 'M' 'M' 'M' 'A' 'M' 'M' 'M' 'U' 'M' 'M' 'M' 'M' 'U' 'M'
 'M' 'M' 'M' 'M' 'U' 'M' 'M' 'M' 'U' 'M' 'M' 'M' 'M' 'U' 'M' 'M' 'M' 'M'
 'M' 'M' 'M' 'U' 'M' 'U' 'U' 'M' 'M' 'M' 'M' 'M' 'M' 'M' 'M' 'M' 'M' 'M'
 'M' 'U' 'M' 'M' 'M' 'M' 'M' 'M' 'M' 'U' 'M' 'M' 'M' 'M' 'M' 'M' 'M' 'M'
 'M' 'M' 'U' 'M' 'M' 'M' 'U' 'M' 'M' 'M' 'M' 'M' 'M' 'M' 'M' 'M' 'M' 'M'
 'M' 'M' 'M' 'M' 'M' 'U' 'A' 'M' 'U' 'U' 'M' 'U' 'M' 'M' 'M' 'M' 'U' 'M'
 'M' 'U' 'U' 'M' 'M' 'M' 'A' 'U' 'M' 'A' 'M' 'M' 'M' 'M' 'M' 'M' 'M' 'U'
 'M' 'M' 'U' 'M' 'M' 'M' 'M' 'M' 'M' 'M' 'M' 'M' 'M' 'U' 'M' 'M' 'M' 'M'
 'M' 'M' 'M' 'M' 'M' 'M' 'M' 'M' 'M' 'M' 'U' 'M' 'M' 'M' 'M' 'M' 'M' 'U']"
31501,0,163,6,157,35,0,0,"['A' 'M' 'M' 'M' 'M' 'M' 'M' 'M' 'M' 'M' 'U' 'U' 'M' 'M' 'M' 'M' 'M' 'M'
 'M' 'M' 'M' 'M' 'M' 'M' 'U' 'M' 'M' 'M' 'M' 'M' 'M' 'M' 'M' 'A' 'U' 'M'
 'M' 'M' 'M' 'U' 'M' 'M' 'U' 'A' 'M' 'U' 'M' 'U' 'M' 'M' 'M' 'M' 'U' 'U'
 'M' 'M' 'M' 'M' 'M' 'M' 'M' 'M' 'U' 'M' 'U' 'M' 'M' 'U' 'M' 'M' 'M' 'M'
 'M' 'M' 'U' 'M' 'M' 'M' 'U' 'M' 'M' 'M' 'M' 'M' 'M' 'M' 'M' 'M' 'M' 'M'
 'M' 'U' 'M' 'M' 'U' 'M' 'M' 'M' 'M' 'U' 'M' 'M' 'M' 'M' 'M' 'M' 'M' 'M'
 'M' 'M' 'U' 'M' 'M' 'M' 'U' 'M' 'M' 'M' 'U' 'M' 'M' 'M' 'M' 'M' 'M' 'M'
 'M' 'M' 'M' 'M' 'U' 'U' 'A' 'U' 'U' 'A' 'U' 'U' 'U' 'M' 'M' 'M' 'U' 'M'
 'M' 'U' 'U' 'M' 'M' 'M' 'A' 'M' 'M' 'U' 'M' 'M' 'M' 'M' 'M' 'M' 'M' 'M'
 'M' 'M' 'U' 'M' 'M' 'M' 'U' 'M' 'M' 'M' 'M' 'M' 'M' 'M' 'M' 'M' 'M' 'M'
 'M' 'M' 'M' 'M' 'M' 'M' 'M' 'M' 'M' 'M' 'U' 'M' 'M' 'M' 'M' 'M' 'M' 'M']"
31601,0,164,6,158,34,1,0,"['A' 'U' 'M' 'M' 'M' 'M' 'M' 'M' 'M' 'M' 'U' 'U' 'M' 'M' 'M' 'M' 'M' 'M'
 'M' 'M' 'M' 'M' 'M' 'M' 'U' 'M' 'M' 'M' 'M' 'M' 'M' 'M' 'M' 'A' 'U' 'M'
 'M' 'U' 'M' 'U' 'M' 'M' 'U' 'A' 'M' 'U' 'M' 'M' 'M' 'M' 'M' 'M' 'U' 'U'
 'M' 'M' 'M' 'M' 'M' 'M' 'M' 'M' 'U' 'U' 'U' 'M' 'M' 'U' 'M' 'U' 'M' 'M'
 'M' 'U' 'U' 'M' 'M' 'U' 'M' 'M' 'M' 'M' 'M' 'M' 'M' 'M' 'M' 'M' 'M' 'M'
 'M' 'M' 'M' 'M' 'M' 'M' 'M' 'M' 'M' 'M' 'U' 'M' 'M' 'M' 'M' 'M' 'M' 'M'
 'M' 'M' 'U' 'M' 'M' 'M' 'M' 'U' 'M' 'M' 'U' 'M' 'M' 'M' 'M' 'M' 'M' 'M'
 'M' 'M' 'M' 'M' 'M' 'U' 'A' 'M' 'U' 'A' 'U' 'M' 'U' 'M' 'M' 'M' 'U' 'M'
 'M' 'U' 'U' 'M' 'M' 'M' 'A' 'M' 'M' 'U' 'M' 'M' 'U' 'M' 'M' 'M' 'M' 'M'
 'M' 'M' 'U' 'M' 'M' 'M' 'M' 'M' 'M' 'M' 'M' 'M' 'M' 'M' 'M' 'M' 'M' 'M'
 'M' 'M' 'M' 'M' 'M' 'U' 'M' 'M' 'M' 'M' 'M' 'M' 'M' 'M' 'M' 'M' 'M' 'M']"
31701,0,168,7,161,30,1,0,"['A' 'M' 'M' 'M' 'M' 'M' 'M' 'M' 'M' 'M' 'U' 'U' 'M' 'M' 'M' 'M' 'M' 'M'
 'M' 'M' 'M' 'M' 'M' 'M' 'U' 'M' 'M' 'M' 'U' 'M' 'M' 'M' 'M' 'A' 'U' 'M'
 'M' 'M' 'M' 'U' 'M' 'M' 'U' 'A' 'M' 'A' 'M' 'M' 'M' 'M' 'M' 'M' 'U' 'U'
 'M' 'M' 'M' 'M' 'M' 'M' 'M' 'M' 'U' 'U' 'U' 'U' 'M' 'M' 'M' 'U' 'M' 'M'
 'M' 'M' 'M' 'M' 'M' 'M' 'U' 'U' 'M' 'M' 'M' 'M' 'M' 'M' 'M' 'M' 'U' 'M'
 'M' 'M' 'M' 'M' 'M' 'M' 'M' 'M' 'M' 'M' 'U' 'M' 'M' 'M' 'U' 'M' 'M' 'M'
 'M' 'M' 'M' 'M' 'M' 'M' 'M' 'U' 'M' 'M' 'M' 'M' 'M' 'M' 'M' 'M' 'M' 'M'
 'M' 'M' 'M' 'M' 'M' 'U' 'A' 'U' 'M' 'A' 'M' 'U' 'U' 'M' 'M' 'M' 'U' 'M'
 'M' 'M' 'M' 'M' 'M' 'M' 'A' 'M' 'M' 'U' 'M' 'M' 'U' 'M' 'M' 'M' 'M' 'M'
 'M' 'M' 'U' 'M' 'M' 'U' 'M' 'M' 'M' 'M' 'M' 'M' 'M' 'M' 'M' 'M' 'M' 'U'
 'M' 'M' 'M' 'M' 'M' 'M' 'M' 'M' 'M' 'M' 'M' 'M' 'M' 'M' 'M' 'M' 'M' 'M']"
31801,0,158,5,153,40,0,0,"['A' 'U' 'M' 'M' 'M' 'M' 'M' 'M' 'M' 'M' 'U' 'M' 'M' 'M' 'M' 'M' 'M' 'M'
 'M' 'M' 'M' 'M' 'M' 'M' 'U' 'M' 'M' 'U' 'U' 'U' 'M' 'M' 'M' 'U' 'M' 'M'
 'M' 'M' 'M' 'U' 'M' 'M' 'U' 'A' 'M' 'A' 'M' 'U' 'M' 'M' 'U' 'M' 'U' 'U'
 'M' 'M' 'M' 'U' 'M' 'M' 'M' 'M' 'M' 'U' 'U' 'M' 'M' 'M' 'M' 'U' 'U' 'M'
 'M' 'M' 'M' 'M' 'U' 'M' 'M' 'M' 'M' 'M' 'M' 'M' 'M' 'M' 'M' 'M' 'M' 'M'
 'M' 'M' 'U' 'U' 'M' 'U' 'M' 'M' 'M' 'M' 'U' 'M' 'M' 'M' 'U' 'M' 'M' 'M'
 'M' 'M' 'M' 'M' 'M' 'M' 'M' 'U' 'M' 'M' 'M' 'M' 'M' 'M' 'M' 'M' 'M' 'M'
 'M' 'M' 'U' 'M' 'U' 'U' 'U' 'U' 'M' 'A' 'M' 'M' 'U' 'M' 'M' 'M' 'M' 'M'
 'M' 'M' 'M' 'M' 'M' 'M' 'A' 'M' 'M' 'U' 'M' 'M' 'U' 'U' 'U' 'M' 'M' 'M'
 'M' 'M' 'M' 'M' 'U' 'U' 'M' 'M' 'M' 'M' 'M' 'U' 'M' 'M' 'M' 'M' 'M' 'U'
 'M' 'M' 'M' 'U' 'M' 'M' 'M' 'M' 'M' 'M' 'M' 'M' 'M' 'M' 'M' 'M' 'M' 'M']"
31901,1,159,5,154,39,0,0,"['A' 'U' 'M' 'M' 'M' 'M' 'M' 'M' 'M' 'M' 'M' 'M' 'M' 'M' 'M' 'M' 'M' 'M'
 'M' 'M' 'M' 'M' 'M' 'M' 'U' 'M' 'M' 'M' 'U' 'U' 'M' 'M' 'M' 'U' 'M' 'M'
 'M' 'M' 'M' 'U' 'M' 'M' 'U' 'A' 'M' 'A' 'M' 'U' 'M' 'M' 'U' 'M' 'M' 'U'
 'M' 'M' 'M' 'U' 'M' 'M' 'M' 'M' 'M' 'U' 'U' 'U' 'M' 'M' 'M' 'M' 'M' 'M'
 'M' 'M' 'U' 'M' 'M' 'M' 'M' 'M' 'M' 'M' 'M' 'M' 'M' 'M' 'M' 'M' 'M' 'U'
 'U' 'M' 'M' 'M' 'U' 'U' 'M' 'M' 'M' 'M' 'M' 'M' 'M' 'M' 'A' 'M' 'M' 'M'
 'M' 'M' 'M' 'M' 'M' 'M' 'M' 'U' 'M' 'M' 'M' 'M' 'M' 'M' 'M' 'M' 'M' 'M'
 'M' 'M' 'U' 'M' 'U' 'U' 'U' 'U' 'U' 'A' 'U' 'U' 'M' 'M' 'M' 'M' 'M' 'M'
 'U' 'M' 'M' 'M' 'M' 'M' 'U' 'M' 'M' 'U' 'M' 'M' 'M' 'U' 'U' 'M' 'M' 'M'
 'M' 'M' 'M' 'M' 'M' 'U' 'M' 'M' 'M' 'M' 'M' 'U' 'M' 'M' 'M' 'M' 'M' 'U'
 'M' 'M' 'M' 'U' 'M' 'M' 'U' 'M' 'M' 'M' 'M' 'M' 'M' 'M' 'M' 'M' 'U' 'M']"
32001,0,157,7,150,41,0,0,"['A' 'U' 'M' 'M' 'M' 'M' 'M' 'M' 'M' 'M' 'M' 'M' 'M' 'M' 'U' 'M' 'M' 'M'
 'M' 'M' 'M' 'M' 'M' 'M' 'U' 'M' 'M' 'M' 'M' 'U' 'M' 'M' 'M' 'U' 'M' 'U'
 'M' 'M' 'M' 'U' 'U' 'M' 'U' 'A' 'M' 'A' 'M' 'A' 'M' 'M' 'M' 'M' 'M' 'U'
 'M' 'M' 'M' 'U' 'M' 'M' 'M' 'M' 'M' 'U' 'U' 'M' 'M' 'M' 'M' 'M' 'M' 'M'
 'M' 'U' 'U' 'M' 'U' 'M' 'U' 'M' 'M' 'M' 'M' 'M' 'M' 'M' 'M' 'M' 'M' 'M'
 'M' 'M' 'M' 'U' 'M' 'U' 'M' 'M' 'M' 'M' 'M' 'M' 'U' 'M' 'A' 'M' 'M' 'M'
 'M' 'M' 'M' 'M' 'M' 'M' 'M' 'U' 'M' 'M' 'M' 'M' 'M' 'M' 'M' 'M' 'M' 'M'
 'M' 'M' 'U' 'M' 'U' 'U' 'U' 'U' 'M' 'A' 'U' 'U' 'U' 'U' 'M' 'M' 'M' 'M'
 'U' 'M' 'M' 'M' 'M' 'M' 'U' 'M' 'U' 'U' 'M' 'M' 'M' 'M' 'U' 'M' 'M' 'M'
 'U' 'M' 'M' 'M' 'M' 'U' 'M' 'M' 'M' 'M' 'M' 'U' 'M' 'M' 'M' 'M' 'M' 'A'
 'U' 'M' 'M' 'M' 'M' 'M' 'U' 'M' 'M' 'M' 'M' 'M' 'M' 'M' 'M' 'M' 'U' 'M']"
32101,0,151,6,145,47,0,1,"['A' 'U' 'M' 'M' 'M' 'M' 'M' 'M' 'M' 'M' 'U' 'M' 'M' 'M' 'U' 'M' 'M' 'M'
 'M' 'M' 'M' 'M' 'M' 'M' 'U' 'M' 'M' 'M' 'M' 'U' 'M' 'M' 'M' 'M' 'U' 'M'
 'M' 'U' 'M' 'U' 'M' 'M' 'U' 'A' 'M' 'A' 'M' 'A' 'M' 'M' 'M' 'M' 'M' 'U'
 'U' 'M' 'M' 'U' 'M' 'M' 'M' 'M' 'U' 'U' 'U' 'M' 'M' 'M' 'M' 'M' 'M' 'M'
 'M' 'U' 'M' 'M' 'M' 'M' 'M' 'M' 'U' 'U' 'M' 'U' 'M' 'M' 'M' 'M' 'M' 'M'
 'U' 'M' 'M' 'M' 'M' 'M' 'M' 'M' 'M' 'M' 'M' 'M' 'U' 'U' 'A' 'M' 'M' 'M'
 'M' 'M' 'M' 'M' 'M' 'M' 'M' 'U' 'M' 'M' 'M' 'M' 'M' 'M' 'M' 'M' 'M' 'M'
 'M' 'M' 'U' 'M' 'U' 'U' 'U' 'U' 'U' 'U' 'U' 'U' 'U' 'U' 'M' 'M' 'M' 'M'
 'U' 'M' 'M' 'M' 'M' 'M' 'M' 'M' 'U' 'U' 'M' 'U' 'M' 'M' 'U' 'M' 'M' 'M'
 'U' 'M' 'M' 'M' 'M' 'M' 'M' 'M' 'M' 'M' 'M' 'U' 'U' 'M' 'M' 'M' 'M' 'A'
 'U' 'M' 'M' 'M' 'M' 'M' 'U' 'U' 'M' 'U' 'M' 'M' 'M' 'M' 'M' 'M' 'U' 'M']"
32201,0,154,3,151,44,0,0,"['A' 'U' 'M' 'M' 'M' 'M' 'M' 'M' 'M' 'M' 'U' 'M' 'M' 'M' 'U' 'M' 'M' 'M'
 'M' 'M' 'M' 'M' 'M' 'M' 'U' 'M' 'M' 'M' 'M' 'M' 'M' 'M' 'U' 'M' 'U' 'M'
 'M' 'U' 'M' 'U' 'M' 'M' 'U' 'U' 'M' 'U' 'M' 'U' 'M' 'M' 'M' 'M' 'M' 'U'
 'M' 'M' 'M' 'U' 'M' 'U' 'M' 'M' 'M' 'U' 'M' 'U' 'M' 'M' 'U' 'M' 'M' 'M'
 'M' 'M' 'U' 'M' 'M' 'M' 'M' 'M' 'M' 'M' 'M' 'M' 'M' 'U' 'M' 'M' 'M' 'M'
 'U' 'M' 'M' 'M' 'M' 'M' 'M' 'M' 'M' 'M' 'M' 'M' 'M' 'M' 'U' 'M' 'M' 'M'
 'M' 'M' 'M' 'M' 'M' 'M' 'M' 'U' 'M' 'U' 'M' 'M' 'M' 'M' 'M' 'M' 'M' 'M'
 'M' 'U' 'M' 'M' 'M' 'U' 'U' 'U' 'M' 'A' 'U' 'U' 'U' 'M' 'M' 'M' 'M' 'M'
 'U' 'M' 'U' 'M' 'M' 'M' 'M' 'M' 'U' 'U' 'M' 'M' 'M' 'M' 'U' 'M' 'M' 'M'
 'U' 'M' 'U' 'M' 'M' 'M' 'M' 'M' 'M' 'M' 'M' 'U' 'U' 'M' 'M' 'M' 'M' 'A'
 'M' 'M' 'M' 'M' 'M' 'U' 'U' 'U' 'M' 'M' 'M' 'M' 'M' 'M' 'M' 'M' 'U' 'M']"
32301,0,159,3,156,39,0,0,"['A' 'U' 'M' 'M' 'U' 'M' 'M' 'M' 'M' 'M' 'U' 'M' 'M' 'M' 'M' 'U' 'M' 'M'
 'M' 'M' 'M' 'M' 'M' 'M' 'M' 'M' 'M' 'M' 'M' 'M' 'M' 'M' 'U' 'M' 'U' 'M'
 'M' 'U' 'M' 'U' 'M' 'M' 'U' 'U' 'M' 'U' 'M' 'M' 'M' 'M' 'M' 'M' 'M' 'M'
 'M' 'M' 'M' 'U' 'M' 'U' 'M' 'M' 'M' 'U' 'M' 'M' 'M' 'M' 'M' 'M' 'U' 'M'
 'M' 'M' 'M' 'M' 'M' 'M' 'M' 'M' 'M' 'U' 'U' 'M' 'M' 'M' 'M' 'M' 'M' 'U'
 'M' 'M' 'M' 'M' 'U' 'M' 'M' 'M' 'M' 'M' 'M' 'U' 'M' 'M' 'M' 'M' 'M' 'M'
 'M' 'M' 'M' 'M' 'M' 'M' 'U' 'U' 'M' 'U' 'M' 'M' 'M' 'M' 'M' 'M' 'M' 'M'
 'M' 'U' 'M' 'M' 'M' 'M' 'U' 'U' 'M' 'A' 'U' 'U' 'U' 'M' 'M' 'M' 'M' 'M'
 'U' 'M' 'U' 'M' 'U' 'M' 'M' 'M' 'U' 'M' 'M' 'M' 'M' 'M' 'U' 'M' 'M' 'M'
 'U' 'M' 'U' 'M' 'M' 'M' 'M' 'M' 'M' 'M' 'M' 'M' 'M' 'M' 'M' 'M' 'M' 'A'
 'M' 'M' 'M' 'M' 'M' 'M' 'U' 'U' 'M' 'M' 'M' 'M' 'M' 'M' 'M' 'M' 'U' 'M']"
32401,0,163,5,158,35,0,0,"['A' 'U' 'M' 'M' 'U' 'M' 'M' 'M' 'M' 'M' 'U' 'M' 'M' 'M' 'M' 'U' 'M' 'M'
 'M' 'M' 'M' 'M' 'M' 'M' 'M' 'M' 'M' 'M' 'M' 'M' 'M' 'M' 'M' 'M' 'M' 'M'
 'M' 'M' 'M' 'U' 'M' 'M' 'U' 'U' 'M' 'U' 'M' 'M' 'M' 'M' 'M' 'M' 'M' 'M'
 'M' 'M' 'M' 'U' 'M' 'U' 'M' 'M' 'U' 'U' 'M' 'M' 'M' 'M' 'U' 'M' 'U' 'M'
 'M' 'M' 'U' 'M' 'M' 'M' 'M' 'M' 'M' 'U' 'M' 'M' 'M' 'M' 'M' 'M' 'M' 'U'
 'M' 'M' 'M' 'M' 'M' 'M' 'U' 'M' 'M' 'M' 'M' 'M' 'M' 'M' 'M' 'M' 'M' 'M'
 'M' 'M' 'M' 'M' 'M' 'M' 'U' 'U' 'M' 'U' 'M' 'M' 'M' 'M' 'U' 'M' 'M' 'M'
 'U' 'U' 'M' 'M' 'M' 'M' 'U' 'U' 'M' 'M' 'U' 'U' 'U' 'M' 'M' 'M' 'M' 'M'
 'A' 'M' 'A' 'M' 'U' 'M' 'M' 'M' 'U' 'M' 'M' 'M' 'M' 'M' 'A' 'M' 'M' 'M'
 'M' 'M' 'U' 'M' 'M' 'M' 'M' 'M' 'M' 'M' 'M' 'M' 'M' 'M' 'M' 'U' 'M' 'A'
 'M' 'M' 'M' 'M' 'M' 'M' 'U' 'M' 'M' 'M' 'M' 'M' 'M' 'M' 'M' 'M' 'U' 'M']"
32501,0,162,4,158,36,0,0,"['A' 'M' 'M' 'U' 'U' 'M' 'M' 'M' 'M' 'M' 'M' 'M' 'M' 'M' 'M' 'U' 'M' 'M'
 'M' 'M' 'M' 'M' 'M' 'U' 'M' 'M' 'M' 'M' 'M' 'M' 'M' 'U' 'M' 'M' 'M' 'M'
 'M' 'M' 'M' 'U' 'M' 'M' 'U' 'U' 'M' 'U' 'M' 'M' 'M' 'M' 'M' 'M' 'M' 'M'
 'M' 'M' 'M' 'U' 'M' 'U' 'M' 'M' 'U' 'M' 'M' 'M' 'M' 'M' 'M' 'M' 'U' 'M'
 'M' 'M' 'M' 'M' 'M' 'U' 'M' 'M' 'U' 'M' 'M' 'M' 'U' 'M' 'M' 'M' 'M' 'M'
 'M' 'M' 'M' 'U' 'M' 'M' 'U' 'M' 'U' 'M' 'M' 'M' 'M' 'M' 'M' 'M' 'M' 'M'
 'M' 'M' 'M' 'M' 'M' 'M' 'U' 'U' 'M' 'U' 'M' 'M' 'M' 'M' 'U' 'M' 'M' 'M'
 'U' 'U' 'M' 'M' 'M' 'M' 'U' 'U' 'M' 'M' 'M' 'U' 'U' 'M' 'M' 'M' 'M' 'M'
 'A' 'M' 'A' 'M' 'U' 'M' 'M' 'M' 'U' 'M' 'M' 'M' 'M' 'M' 'U' 'M' 'M' 'M'
 'M' 'M' 'M' 'M' 'M' 'M' 'M' 'M' 'M' 'M' 'M' 'M' 'M' 'M' 'M' 'M' 'M' 'A'
 'M' 'M' 'M' 'M' 'M' 'U' 'U' 'M' 'M' 'M' 'M' 'U' 'M' 'M' 'M' 'M' 'U' 'M']"
32601,0,161,4,157,37,0,0,"['A' 'M' 'M' 'U' 'U' 'M' 'M' 'M' 'M' 'M' 'M' 'M' 'M' 'M' 'M' 'U' 'M' 'M'
 'U' 'M' 'M' 'M' 'M' 'U' 'M' 'M' 'M' 'M' 'M' 'M' 'M' 'U' 'M' 'M' 'M' 'M'
 'M' 'M' 'M' 'U' 'M' 'M' 'M' 'U' 'M' 'U' 'M' 'M' 'M' 'M' 'M' 'M' 'M' 'M'
 'M' 'M' 'M' 'U' 'M' 'U' 'M' 'M' 'U' 'M' 'M' 'M' 'M' 'M' 'M' 'M' 'M' 'U'
 'M' 'M' 'U' 'M' 'M' 'M' 'M' 'M' 'U' 'M' 'M' 'M' 'M' 'M' 'M' 'M' 'M' 'M'
 'M' 'M' 'U' 'U' 'M' 'M' 'U' 'M' 'U' 'M' 'M' 'U' 'M' 'M' 'M' 'M' 'M' 'M'
 'M' 'M' 'M' 'M' 'M' 'M' 'U' 'M' 'M' 'U' 'M' 'M' 'M' 'M' 'U' 'M' 'M' 'M'
 'U' 'A' 'M' 'M' 'M' 'M' 'U' 'M' 'M' 'M' 'M' 'U' 'U' 'M' 'M' 'M' 'M' 'M'
 'A' 'M' 'A' 'M' 'M' 'M' 'M' 'M' 'U' 'M' 'M' 'M' 'M' 'M' 'M' 'M' 'M' 'M'
 'M' 'M' 'M' 'M' 'M' 'M' 'M' 'M' 'M' 'U' 'U' 'M' 'M' 'M' 'U' 'M' 'M' 'U'
 'M' 'M' 'M' 'M' 'M' 'U' 'U' 'M' 'M' 'U' 'M' 'U' 'M' 'M' 'M' 'M' 'U' 'M']"
32701,0,158,4,154,40,0,0,"['A' 'M' 'M' 'U' 'U' 'M' 'M' 'M' 'M' 'M' 'M' 'M' 'M' 'M' 'U' 'U' 'M' 'M'
 'M' 'M' 'M' 'M' 'M' 'U' 'M' 'M' 'M' 'M' 'M' 'M' 'M' 'U' 'M' 'M' 'M' 'M'
 'M' 'M' 'M' 'U' 'M' 'M' 'M' 'M' 'M' 'U' 'M' 'M' 'M' 'U' 'M' 'M' 'M' 'M'
 'M' 'M' 'M' 'U' 'M' 'U' 'M' 'M' 'U' 'M' 'M' 'M' 'M' 'M' 'M' 'M' 'M' 'U'
 'U' 'M' 'M' 'U' 'M' 'M' 'M' 'M' 'M' 'M' 'M' 'M' 'M' 'M' 'M' 'M' 'U' 'U'
 'M' 'M' 'M' 'M' 'M' 'M' 'U' 'M' 'U' 'M' 'M' 'U' 'M' 'M' 'M' 'M' 'U' 'M'
 'M' 'M' 'M' 'M' 'M' 'M' 'M' 'U' 'M' 'U' 'M' 'M' 'M' 'M' 'U' 'M' 'M' 'U'
 'U' 'A' 'M' 'M' 'M' 'M' 'U' 'U' 'M' 'M' 'M' 'U' 'U' 'M' 'M' 'M' 'M' 'M'
 'A' 'M' 'A' 'M' 'M' 'M' 'M' 'M' 'U' 'U' 'M' 'M' 'M' 'M' 'M' 'M' 'M' 'M'
 'M' 'M' 'M' 'M' 'U' 'M' 'M' 'M' 'M' 'U' 'M' 'M' 'M' 'M' 'M' 'M' 'M' 'U'
 'M' 'M' 'M' 'M' 'M' 'U' 'M' 'M' 'M' 'U' 'U' 'U' 'M' 'M' 'M' 'M' 'U' 'M']"
32801,0,162,4,158,36,0,0,"['A' 'M' 'M' 'M' 'M' 'M' 'M' 'M' 'M' 'M' 'M' 'M' 'M' 'M' 'M' 'U' 'M' 'M'
 'M' 'M' 'M' 'M' 'M' 'M' 'M' 'U' 'M' 'M' 'M' 'M' 'M' 'U' 'M' 'M' 'M' 'M'
 'M' 'M' 'M' 'M' 'M' 'M' 'M' 'M' 'M' 'U' 'M' 'M' 'M' 'M' 'M' 'M' 'M' 'M'
 'M' 'M' 'M' 'U' 'M' 'U' 'M' 'M' 'U' 'M' 'M' 'M' 'M' 'M' 'M' 'M' 'M' 'M'
 'M' 'U' 'M' 'M' 'M' 'U' 'M' 'M' 'M' 'M' 'M' 'U' 'M' 'U' 'M' 'M' 'U' 'M'
 'M' 'M' 'M' 'M' 'M' 'M' 'U' 'M' 'U' 'M' 'M' 'M' 'U' 'U' 'M' 'M' 'A' 'M'
 'M' 'M' 'M' 'M' 'U' 'M' 'M' 'U' 'M' 'U' 'M' 'M' 'M' 'M' 'U' 'M' 'M' 'U'
 'U' 'A' 'M' 'M' 'M' 'M' 'U' 'U' 'M' 'M' 'M' 'U' 'U' 'M' 'M' 'M' 'M' 'M'
 'M' 'M' 'A' 'M' 'M' 'M' 'M' 'M' 'M' 'U' 'M' 'M' 'U' 'M' 'M' 'M' 'M' 'M'
 'M' 'M' 'M' 'M' 'U' 'M' 'M' 'M' 'M' 'U' 'M' 'M' 'M' 'M' 'M' 'M' 'M' 'U'
 'M' 'M' 'M' 'M' 'M' 'U' 'M' 'M' 'M' 'U' 'U' 'U' 'M' 'M' 'M' 'M' 'U' 'M']"
32901,0,168,3,165,30,0,0,"['A' 'M' 'M' 'M' 'M' 'M' 'M' 'M' 'M' 'M' 'M' 'M' 'M' 'M' 'M' 'U' 'M' 'M'
 'M' 'M' 'M' 'M' 'M' 'M' 'M' 'U' 'M' 'M' 'M' 'M' 'M' 'M' 'M' 'M' 'M' 'M'
 'M' 'M' 'M' 'M' 'M' 'M' 'U' 'M' 'M' 'U' 'M' 'M' 'M' 'M' 'M' 'M' 'M' 'M'
 'M' 'M' 'M' 'M' 'M' 'M' 'M' 'M' 'U' 'M' 'M' 'M' 'U' 'M' 'M' 'M' 'M' 'M'
 'M' 'M' 'M' 'U' 'M' 'M' 'M' 'M' 'M' 'M' 'M' 'U' 'M' 'U' 'M' 'M' 'M' 'M'
 'M' 'M' 'M' 'M' 'U' 'M' 'U' 'M' 'U' 'M' 'M' 'M' 'U' 'U' 'M' 'M' 'U' 'M'
 'M' 'M' 'M' 'U' 'U' 'M' 'M' 'U' 'M' 'U' 'M' 'M' 'M' 'M' 'U' 'M' 'M' 'M'
 'M' 'A' 'M' 'M' 'U' 'M' 'M' 'U' 'M' 'M' 'M' 'U' 'M' 'M' 'M' 'M' 'M' 'M'
 'M' 'M' 'A' 'M' 'M' 'M' 'M' 'M' 'M' 'U' 'M' 'M' 'U' 'M' 'M' 'M' 'M' 'U'
 'M' 'M' 'M' 'M' 'U' 'M' 'M' 'U' 'M' 'U' 'M' 'M' 'M' 'M' 'M' 'M' 'M' 'U'
 'M' 'M' 'M' 'M' 'M' 'M' 'M' 'M' 'M' 'M' 'M' 'M' 'M' 'M' 'M' 'M' 'M' 'M']"
33001,0,163,3,160,35,0,0,"['A' 'M' 'M' 'M' 'M' 'M' 'M' 'M' 'M' 'U' 'M' 'M' 'M' 'M' 'M' 'U' 'M' 'M'
 'M' 'U' 'M' 'M' 'U' 'M' 'M' 'U' 'M' 'M' 'M' 'M' 'M' 'M' 'M' 'M' 'M' 'M'
 'M' 'M' 'M' 'M' 'M' 'M' 'U' 'M' 'M' 'U' 'M' 'M' 'M' 'M' 'M' 'M' 'M' 'M'
 'M' 'M' 'M' 'M' 'M' 'M' 'M' 'M' 'U' 'M' 'M' 'M' 'M' 'M' 'M' 'M' 'M' 'U'
 'M' 'M' 'U' 'M' 'M' 'U' 'M' 'M' 'M' 'M' 'M' 'M' 'M' 'M' 'U' 'M' 'M' 'M'
 'M' 'M' 'M' 'M' 'U' 'M' 'U' 'M' 'M' 'M' 'M' 'M' 'U' 'U' 'U' 'M' 'U' 'M'
 'M' 'M' 'U' 'U' 'U' 'M' 'M' 'U' 'M' 'U' 'M' 'M' 'M' 'M' 'U' 'M' 'M' 'M'
 'M' 'A' 'M' 'M' 'M' 'U' 'U' 'M' 'M' 'U' 'U' 'U' 'U' 'M' 'M' 'M' 'M' 'M'
 'M' 'M' 'A' 'M' 'M' 'M' 'U' 'M' 'M' 'U' 'M' 'M' 'M' 'M' 'M' 'M' 'M' 'M'
 'M' 'M' 'M' 'M' 'U' 'M' 'M' 'U' 'M' 'M' 'M' 'M' 'M' 'M' 'M' 'M' 'M' 'U'
 'M' 'M' 'M' 'M' 'M' 'M' 'M' 'M' 'M' 'M' 'M' 'M' 'M' 'M' 'M' 'M' 'M' 'M']"
33101,1,166,4,162,32,0,0,"['A' 'M' 'M' 'M' 'M' 'M' 'M' 'M' 'M' 'M' 'M' 'M' 'M' 'M' 'M' 'M' 'M' 'U'
 'M' 'U' 'M' 'M' 'U' 'M' 'M' 'U' 'M' 'M' 'M' 'M' 'M' 'M' 'M' 'M' 'M' 'M'
 'M' 'M' 'M' 'M' 'M' 'M' 'M' 'M' 'M' 'U' 'M' 'U' 'M' 'M' 'M' 'M' 'M' 'M'
 'M' 'M' 'M' 'M' 'M' 'M' 'M' 'M' 'U' 'M' 'M' 'M' 'M' 'M' 'M' 'M' 'M' 'U'
 'M' 'U' 'M' 'M' 'U' 'M' 'M' 'M' 'M' 'M' 'M' 'M' 'U' 'M' 'M' 'M' 'M' 'M'
 'M' 'M' 'M' 'U' 'M' 'M' 'U' 'M' 'M' 'M' 'M' 'M' 'U' 'U' 'U' 'M' 'M' 'M'
 'M' 'M' 'M' 'U' 'U' 'M' 'M' 'U' 'M' 'U' 'M' 'M' 'M' 'M' 'A' 'M' 'M' 'M'
 'M' 'A' 'M' 'M' 'M' 'U' 'U' 'U' 'U' 'U' 'U' 'U' 'M' 'M' 'M' 'M' 'M' 'M'
 'M' 'M' 'A' 'M' 'M' 'M' 'U' 'M' 'M' 'U' 'M' 'M' 'M' 'M' 'M' 'M' 'M' 'M'
 'M' 'M' 'M' 'M' 'U' 'M' 'M' 'M' 'M' 'M' 'M' 'M' 'M' 'M' 'M' 'M' 'M' 'U'
 'M' 'M' 'M' 'M' 'M' 'M' 'M' 'M' 'U' 'M' 'M' 'M' 'M' 'M' 'M' 'M' 'M' 'M']"
33201,0,160,6,154,38,0,0,"['A' 'M' 'M' 'M' 'M' 'M' 'M' 'M' 'M' 'M' 'M' 'M' 'M' 'U' 'M' 'M' 'M' 'M'
 'M' 'M' 'M' 'M' 'U' 'M' 'M' 'U' 'M' 'M' 'M' 'M' 'U' 'M' 'M' 'M' 'M' 'M'
 'M' 'M' 'M' 'M' 'M' 'M' 'M' 'M' 'M' 'U' 'M' 'U' 'M' 'M' 'M' 'M' 'M' 'M'
 'M' 'M' 'M' 'U' 'M' 'M' 'M' 'M' 'U' 'M' 'M' 'U' 'M' 'M' 'M' 'M' 'M' 'M'
 'M' 'M' 'M' 'M' 'M' 'M' 'M' 'M' 'M' 'M' 'U' 'U' 'U' 'M' 'U' 'M' 'M' 'M'
 'M' 'M' 'M' 'M' 'M' 'M' 'U' 'M' 'M' 'M' 'M' 'M' 'M' 'A' 'A' 'U' 'M' 'M'
 'M' 'M' 'M' 'U' 'M' 'M' 'M' 'U' 'M' 'U' 'M' 'M' 'M' 'M' 'A' 'M' 'M' 'M'
 'M' 'U' 'M' 'M' 'M' 'U' 'U' 'U' 'U' 'A' 'U' 'U' 'U' 'M' 'U' 'M' 'M' 'M'
 'U' 'M' 'A' 'U' 'M' 'M' 'U' 'M' 'M' 'U' 'M' 'M' 'M' 'M' 'M' 'M' 'M' 'M'
 'M' 'M' 'M' 'M' 'M' 'M' 'M' 'M' 'M' 'U' 'M' 'M' 'U' 'M' 'M' 'M' 'M' 'U'
 'M' 'M' 'M' 'M' 'M' 'M' 'M' 'M' 'U' 'M' 'M' 'U' 'M' 'M' 'M' 'U' 'U' 'M']"
33301,0,155,6,149,43,1,0,"['A' 'U' 'M' 'M' 'M' 'M' 'M' 'M' 'M' 'M' 'M' 'M' 'M' 'U' 'M' 'M' 'M' 'M'
 'M' 'M' 'M' 'M' 'U' 'M' 'M' 'U' 'M' 'M' 'M' 'M' 'U' 'U' 'M' 'M' 'M' 'M'
 'M' 'M' 'M' 'M' 'U' 'M' 'M' 'M' 'M' 'M' 'M' 'U' 'M' 'U' 'M' 'M' 'M' 'M'
 'M' 'M' 'M' 'U' 'M' 'M' 'M' 'M' 'U' 'M' 'M' 'M' 'M' 'M' 'M' 'M' 'M' 'M'
 'M' 'U' 'M' 'M' 'M' 'M' 'M' 'U' 'M' 'M' 'M' 'M' 'M' 'M' 'U' 'M' 'M' 'U'
 'M' 'M' 'M' 'M' 'U' 'M' 'M' 'M' 'M' 'M' 'M' 'M' 'M' 'A' 'A' 'U' 'M' 'M'
 'M' 'M' 'M' 'U' 'M' 'M' 'M' 'M' 'M' 'U' 'M' 'M' 'M' 'M' 'A' 'M' 'M' 'M'
 'U' 'U' 'M' 'U' 'M' 'U' 'U' 'U' 'U' 'A' 'U' 'U' 'U' 'U' 'U' 'M' 'M' 'M'
 'U' 'U' 'A' 'M' 'M' 'M' 'U' 'M' 'M' 'U' 'M' 'U' 'M' 'M' 'M' 'M' 'M' 'M'
 'M' 'M' 'M' 'M' 'M' 'M' 'M' 'M' 'M' 'U' 'M' 'M' 'U' 'M' 'U' 'M' 'M' 'U'
 'M' 'M' 'M' 'M' 'M' 'M' 'M' 'M' 'U' 'M' 'M' 'U' 'M' 'M' 'M' 'U' 'M' 'M']"
33401,0,157,6,151,41,0,0,"['A' 'U' 'M' 'M' 'M' 'M' 'M' 'M' 'U' 'M' 'M' 'M' 'M' 'U' 'M' 'M' 'M' 'M'
 'U' 'M' 'M' 'M' 'U' 'M' 'M' 'U' 'M' 'M' 'M' 'M' 'M' 'M' 'M' 'M' 'M' 'M'
 'M' 'M' 'M' 'M' 'M' 'M' 'M' 'M' 'M' 'M' 'M' 'M' 'M' 'M' 'M' 'M' 'M' 'M'
 'U' 'M' 'M' 'U' 'M' 'M' 'M' 'M' 'U' 'M' 'M' 'M' 'M' 'M' 'M' 'M' 'U' 'M'
 'M' 'M' 'M' 'U' 'M' 'M' 'M' 'M' 'U' 'M' 'M' 'U' 'M' 'M' 'M' 'M' 'M' 'M'
 'M' 'M' 'U' 'M' 'M' 'M' 'M' 'M' 'M' 'M' 'M' 'M' 'M' 'A' 'A' 'A' 'M' 'M'
 'M' 'M' 'U' 'U' 'M' 'M' 'M' 'M' 'M' 'U' 'M' 'M' 'U' 'M' 'A' 'M' 'M' 'M'
 'U' 'U' 'M' 'U' 'M' 'U' 'U' 'U' 'U' 'U' 'U' 'U' 'U' 'U' 'M' 'M' 'M' 'M'
 'U' 'U' 'A' 'M' 'U' 'M' 'M' 'M' 'M' 'M' 'M' 'M' 'M' 'M' 'M' 'U' 'M' 'M'
 'M' 'M' 'U' 'M' 'M' 'M' 'M' 'M' 'M' 'U' 'M' 'M' 'M' 'M' 'U' 'M' 'M' 'U'
 'M' 'M' 'M' 'M' 'M' 'M' 'M' 'M' 'U' 'M' 'M' 'U' 'M' 'M' 'M' 'U' 'M' 'M']"
33501,0,163,9,154,35,0,0,"['A' 'U' 'M' 'M' 'M' 'M' 'M' 'M' 'U' 'M' 'M' 'M' 'M' 'U' 'M' 'M' 'M' 'M'
 'U' 'M' 'M' 'M' 'U' 'M' 'M' 'U' 'M' 'M' 'M' 'U' 'M' 'M' 'M' 'M' 'M' 'M'
 'M' 'M' 'M' 'U' 'M' 'M' 'M' 'M' 'M' 'M' 'M' 'M' 'M' 'M' 'M' 'M' 'M' 'M'
 'U' 'M' 'M' 'M' 'M' 'M' 'M' 'M' 'A' 'M' 'M' 'M' 'M' 'M' 'M' 'M' 'U' 'M'
 'M' 'M' 'M' 'M' 'M' 'M' 'M' 'M' 'U' 'M' 'M' 'M' 'M' 'U' 'M' 'M' 'M' 'U'
 'M' 'M' 'U' 'M' 'M' 'M' 'M' 'M' 'M' 'M' 'M' 'M' 'M' 'A' 'A' 'A' 'M' 'M'
 'M' 'M' 'U' 'U' 'M' 'M' 'M' 'M' 'M' 'U' 'M' 'M' 'A' 'M' 'A' 'M' 'M' 'M'
 'M' 'U' 'M' 'U' 'M' 'U' 'M' 'U' 'U' 'A' 'U' 'M' 'U' 'U' 'M' 'M' 'M' 'M'
 'U' 'M' 'A' 'M' 'U' 'M' 'M' 'M' 'M' 'M' 'M' 'M' 'M' 'M' 'M' 'U' 'M' 'U'
 'M' 'M' 'U' 'M' 'M' 'M' 'M' 'M' 'M' 'M' 'M' 'M' 'M' 'M' 'M' 'M' 'M' 'U'
 'U' 'M' 'M' 'M' 'M' 'M' 'M' 'M' 'U' 'M' 'M' 'U' 'M' 'M' 'M' 'U' 'M' 'M']"
33601,0,165,8,157,33,0,0,"['A' 'U' 'M' 'M' 'M' 'M' 'M' 'M' 'M' 'M' 'M' 'M' 'M' 'U' 'M' 'M' 'M' 'M'
 'M' 'M' 'M' 'M' 'U' 'M' 'M' 'U' 'M' 'M' 'M' 'U' 'M' 'M' 'M' 'M' 'M' 'M'
 'M' 'M' 'M' 'U' 'M' 'M' 'M' 'M' 'M' 'M' 'M' 'M' 'M' 'M' 'M' 'M' 'M' 'M'
 'U' 'M' 'M' 'M' 'M' 'M' 'M' 'M' 'A' 'M' 'M' 'M' 'M' 'M' 'M' 'M' 'M' 'M'
 'M' 'M' 'M' 'U' 'M' 'M' 'M' 'M' 'M' 'U' 'M' 'M' 'M' 'M' 'U' 'M' 'U' 'M'
 'M' 'M' 'M' 'M' 'U' 'M' 'M' 'M' 'M' 'M' 'M' 'M' 'M' 'A' 'M' 'A' 'M' 'M'
 'M' 'M' 'U' 'U' 'M' 'M' 'M' 'M' 'M' 'U' 'M' 'M' 'A' 'M' 'A' 'U' 'M' 'M'
 'M' 'U' 'U' 'M' 'M' 'M' 'M' 'U' 'U' 'U' 'U' 'M' 'U' 'U' 'U' 'M' 'M' 'M'
 'M' 'M' 'M' 'M' 'U' 'M' 'M' 'M' 'M' 'M' 'M' 'M' 'M' 'M' 'M' 'U' 'M' 'U'
 'M' 'M' 'U' 'M' 'M' 'U' 'M' 'M' 'M' 'M' 'M' 'M' 'M' 'M' 'M' 'M' 'M' 'A'
 'U' 'M' 'M' 'M' 'M' 'M' 'M' 'M' 'M' 'M' 'M' 'A' 'U' 'M' 'M' 'U' 'M' 'M']"
33701,0,159,7,152,39,1,0,"['A' 'M' 'M' 'M' 'M' 'M' 'M' 'M' 'M' 'M' 'M' 'M' 'M' 'U' 'M' 'M' 'M' 'M'
 'M' 'M' 'M' 'M' 'U' 'M' 'U' 'U' 'M' 'M' 'M' 'U' 'M' 'M' 'M' 'M' 'M' 'M'
 'M' 'M' 'M' 'U' 'M' 'M' 'M' 'M' 'M' 'M' 'M' 'M' 'M' 'M' 'M' 'M' 'M' 'M'
 'U' 'M' 'M' 'M' 'M' 'M' 'M' 'M' 'A' 'M' 'M' 'U' 'M' 'M' 'M' 'M' 'M' 'M'
 'M' 'M' 'U' 'M' 'U' 'M' 'M' 'M' 'M' 'M' 'M' 'U' 'M' 'M' 'M' 'M' 'U' 'M'
 'M' 'M' 'M' 'M' 'M' 'M' 'U' 'M' 'M' 'M' 'M' 'M' 'M' 'A' 'M' 'A' 'M' 'M'
 'M' 'M' 'U' 'M' 'M' 'M' 'M' 'M' 'U' 'U' 'M' 'M' 'A' 'M' 'M' 'U' 'M' 'M'
 'M' 'U' 'U' 'M' 'M' 'U' 'U' 'A' 'U' 'U' 'U' 'U' 'U' 'M' 'U' 'M' 'M' 'M'
 'M' 'M' 'M' 'M' 'U' 'M' 'M' 'M' 'M' 'M' 'M' 'M' 'U' 'M' 'M' 'U' 'M' 'U'
 'M' 'M' 'U' 'M' 'M' 'U' 'M' 'M' 'U' 'U' 'M' 'M' 'M' 'M' 'M' 'M' 'M' 'A'
 'U' 'M' 'M' 'M' 'M' 'M' 'M' 'M' 'M' 'M' 'M' 'U' 'U' 'M' 'M' 'U' 'M' 'M']"
33801,0,162,8,154,36,1,0,"['A' 'M' 'M' 'M' 'M' 'U' 'M' 'M' 'M' 'M' 'M' 'M' 'M' 'A' 'M' 'M' 'M' 'M'
 'U' 'U' 'M' 'M' 'A' 'M' 'U' 'U' 'M' 'M' 'M' 'U' 'U' 'M' 'M' 'M' 'M' 'M'
 'M' 'M' 'M' 'M' 'M' 'M' 'M' 'M' 'M' 'M' 'M' 'M' 'M' 'M' 'M' 'M' 'M' 'M'
 'U' 'M' 'M' 'M' 'U' 'M' 'M' 'M' 'A' 'M' 'M' 'M' 'M' 'U' 'M' 'M' 'M' 'M'
 'M' 'M' 'U' 'M' 'M' 'U' 'M' 'M' 'M' 'M' 'U' 'M' 'M' 'M' 'M' 'M' 'M' 'M'
 'M' 'M' 'U' 'M' 'M' 'M' 'U' 'M' 'M' 'M' 'M' 'M' 'M' 'A' 'M' 'A' 'M' 'U'
 'M' 'M' 'M' 'M' 'M' 'M' 'M' 'M' 'U' 'U' 'M' 'M' 'A' 'M' 'M' 'U' 'M' 'M'
 'M' 'U' 'U' 'M' 'M' 'M' 'U' 'U' 'U' 'M' 'U' 'U' 'M' 'M' 'U' 'M' 'M' 'M'
 'M' 'M' 'M' 'M' 'M' 'M' 'M' 'M' 'M' 'M' 'U' 'M' 'U' 'M' 'M' 'M' 'M' 'U'
 'M' 'M' 'M' 'M' 'M' 'U' 'M' 'M' 'U' 'U' 'M' 'M' 'M' 'M' 'M' 'M' 'M' 'A'
 'U' 'M' 'M' 'M' 'M' 'M' 'M' 'M' 'M' 'M' 'M' 'U' 'U' 'M' 'M' 'M' 'M' 'M']"
33901,0,173,6,167,25,0,0,"['A' 'M' 'M' 'M' 'U' 'M' 'M' 'M' 'M' 'M' 'M' 'M' 'M' 'A' 'M' 'M' 'M' 'M'
 'U' 'U' 'M' 'M' 'U' 'M' 'U' 'M' 'M' 'M' 'M' 'M' 'U' 'M' 'U' 'U' 'M' 'M'
 'M' 'M' 'M' 'M' 'M' 'U' 'M' 'M' 'M' 'M' 'M' 'M' 'M' 'M' 'M' 'M' 'M' 'M'
 'M' 'M' 'M' 'M' 'M' 'M' 'M' 'M' 'A' 'M' 'M' 'M' 'M' 'M' 'U' 'M' 'M' 'M'
 'M' 'M' 'U' 'U' 'M' 'U' 'M' 'M' 'M' 'M' 'M' 'M' 'M' 'M' 'M' 'M' 'M' 'M'
 'M' 'M' 'M' 'M' 'U' 'U' 'M' 'M' 'M' 'M' 'M' 'M' 'M' 'A' 'M' 'A' 'M' 'M'
 'M' 'M' 'M' 'M' 'M' 'M' 'M' 'M' 'U' 'M' 'M' 'M' 'U' 'M' 'M' 'M' 'M' 'M'
 'M' 'U' 'U' 'M' 'M' 'M' 'M' 'M' 'U' 'M' 'U' 'M' 'M' 'M' 'M' 'M' 'M' 'M'
 'M' 'M' 'M' 'M' 'M' 'M' 'M' 'M' 'M' 'M' 'M' 'M' 'U' 'M' 'M' 'M' 'M' 'U'
 'M' 'M' 'M' 'M' 'M' 'M' 'M' 'M' 'M' 'U' 'M' 'M' 'M' 'M' 'M' 'M' 'M' 'A'
 'M' 'M' 'M' 'M' 'M' 'M' 'M' 'M' 'M' 'M' 'M' 'M' 'M' 'U' 'M' 'M' 'M' 'M']"
34001,0,173,4,169,25,0,0,"['A' 'M' 'M' 'M' 'M' 'M' 'M' 'M' 'M' 'M' 'M' 'M' 'M' 'U' 'M' 'M' 'M' 'M'
 'U' 'U' 'M' 'M' 'U' 'M' 'U' 'M' 'M' 'M' 'M' 'M' 'M' 'M' 'U' 'M' 'M' 'M'
 'M' 'M' 'M' 'M' 'M' 'M' 'M' 'M' 'U' 'M' 'M' 'M' 'M' 'M' 'M' 'M' 'M' 'M'
 'U' 'M' 'M' 'M' 'M' 'M' 'M' 'M' 'A' 'M' 'M' 'M' 'M' 'M' 'M' 'M' 'U' 'M'
 'M' 'M' 'M' 'U' 'M' 'U' 'M' 'M' 'M' 'M' 'M' 'M' 'M' 'M' 'M' 'M' 'M' 'U'
 'M' 'M' 'U' 'M' 'M' 'M' 'M' 'M' 'U' 'M' 'M' 'M' 'M' 'U' 'M' 'A' 'M' 'M'
 'M' 'M' 'M' 'M' 'M' 'M' 'M' 'M' 'U' 'M' 'M' 'M' 'M' 'M' 'M' 'M' 'M' 'M'
 'M' 'M' 'M' 'M' 'M' 'U' 'U' 'U' 'M' 'M' 'U' 'U' 'U' 'M' 'M' 'M' 'M' 'M'
 'M' 'M' 'M' 'M' 'M' 'M' 'M' 'M' 'M' 'M' 'M' 'M' 'M' 'M' 'M' 'M' 'M' 'M'
 'M' 'M' 'M' 'M' 'M' 'M' 'M' 'M' 'M' 'U' 'M' 'M' 'M' 'M' 'U' 'M' 'M' 'A'
 'M' 'M' 'M' 'M' 'M' 'M' 'M' 'M' 'M' 'M' 'M' 'M' 'M' 'U' 'M' 'M' 'M' 'M']"
34101,0,169,3,166,29,0,1,"['A' 'M' 'M' 'M' 'M' 'M' 'M' 'M' 'M' 'M' 'M' 'M' 'M' 'U' 'M' 'M' 'M' 'M'
 'M' 'M' 'M' 'M' 'U' 'M' 'U' 'U' 'M' 'M' 'M' 'M' 'M' 'M' 'M' 'M' 'M' 'M'
 'M' 'M' 'M' 'M' 'M' 'M' 'M' 'M' 'M' 'M' 'M' 'M' 'M' 'M' 'M' 'M' 'M' 'M'
 'U' 'M' 'M' 'M' 'U' 'M' 'M' 'M' 'A' 'U' 'M' 'M' 'M' 'M' 'M' 'M' 'M' 'M'
 'U' 'U' 'M' 'M' 'M' 'M' 'M' 'U' 'M' 'M' 'M' 'M' 'U' 'M' 'M' 'M' 'M' 'M'
 'M' 'M' 'M' 'M' 'U' 'M' 'M' 'M' 'U' 'M' 'M' 'M' 'M' 'U' 'M' 'A' 'M' 'M'
 'M' 'M' 'M' 'M' 'M' 'M' 'M' 'M' 'U' 'M' 'M' 'M' 'M' 'M' 'M' 'M' 'M' 'U'
 'M' 'M' 'M' 'U' 'M' 'U' 'U' 'U' 'U' 'U' 'U' 'U' 'U' 'M' 'M' 'M' 'M' 'M'
 'M' 'M' 'M' 'M' 'M' 'M' 'M' 'M' 'M' 'M' 'M' 'M' 'M' 'M' 'M' 'M' 'M' 'M'
 'M' 'M' 'M' 'M' 'M' 'M' 'M' 'M' 'M' 'U' 'M' 'M' 'M' 'M' 'U' 'M' 'M' 'U'
 'M' 'M' 'M' 'M' 'M' 'M' 'M' 'M' 'M' 'M' 'M' 'M' 'M' 'U' 'M' 'M' 'M' 'M']"
34201,0,172,3,169,26,0,0,"['A' 'M' 'U' 'M' 'M' 'M' 'M' 'M' 'M' 'M' 'M' 'U' 'M' 'U' 'M' 'M' 'M' 'M'
 'M' 'U' 'M' 'M' 'M' 'M' 'M' 'M' 'M' 'U' 'M' 'M' 'M' 'M' 'U' 'M' 'M' 'M'
 'M' 'M' 'M' 'M' 'M' 'M' 'M' 'M' 'M' 'M' 'M' 'M' 'M' 'M' 'M' 'M' 'M' 'M'
 'U' 'M' 'M' 'M' 'M' 'M' 'M' 'M' 'A' 'U' 'M' 'M' 'M' 'U' 'M' 'M' 'U' 'M'
 'M' 'M' 'M' 'M' 'M' 'M' 'M' 'M' 'U' 'M' 'M' 'M' 'M' 'M' 'M' 'M' 'M' 'M'
 'M' 'U' 'M' 'M' 'U' 'M' 'M' 'M' 'M' 'M' 'M' 'M' 'M' 'U' 'M' 'A' 'M' 'M'
 'M' 'M' 'M' 'M' 'M' 'M' 'M' 'M' 'M' 'M' 'M' 'M' 'M' 'M' 'M' 'M' 'M' 'U'
 'M' 'M' 'M' 'U' 'M' 'M' 'U' 'M' 'U' 'M' 'U' 'U' 'M' 'U' 'M' 'M' 'M' 'M'
 'M' 'M' 'M' 'M' 'M' 'M' 'M' 'M' 'M' 'U' 'M' 'M' 'M' 'M' 'M' 'M' 'M' 'M'
 'M' 'M' 'M' 'M' 'M' 'M' 'M' 'M' 'M' 'U' 'M' 'M' 'M' 'M' 'U' 'M' 'M' 'U'
 'M' 'M' 'U' 'M' 'M' 'M' 'M' 'M' 'M' 'M' 'M' 'M' 'M' 'M' 'M' 'M' 'M' 'M']"
34301,0,162,4,158,36,0,1,"['A' 'M' 'U' 'M' 'M' 'M' 'M' 'M' 'M' 'M' 'M' 'U' 'M' 'U' 'M' 'M' 'M' 'M'
 'M' 'U' 'M' 'M' 'M' 'M' 'M' 'M' 'U' 'U' 'M' 'M' 'M' 'M' 'U' 'M' 'M' 'M'
 'M' 'M' 'M' 'M' 'M' 'U' 'M' 'M' 'M' 'M' 'M' 'M' 'M' 'M' 'M' 'M' 'M' 'U'
 'U' 'M' 'M' 'M' 'M' 'M' 'M' 'M' 'A' 'U' 'M' 'M' 'M' 'M' 'M' 'M' 'U' 'M'
 'M' 'M' 'M' 'U' 'U' 'M' 'M' 'M' 'M' 'M' 'M' 'M' 'M' 'M' 'M' 'U' 'M' 'M'
 'M' 'M' 'U' 'M' 'M' 'M' 'M' 'M' 'M' 'U' 'M' 'M' 'M' 'U' 'M' 'A' 'M' 'M'
 'M' 'M' 'M' 'M' 'U' 'M' 'M' 'M' 'M' 'M' 'M' 'M' 'M' 'M' 'M' 'M' 'M' 'U'
 'M' 'U' 'M' 'U' 'M' 'M' 'M' 'U' 'U' 'U' 'M' 'U' 'U' 'U' 'M' 'M' 'M' 'M'
 'M' 'M' 'M' 'M' 'M' 'M' 'M' 'M' 'M' 'U' 'M' 'M' 'M' 'U' 'M' 'M' 'M' 'M'
 'M' 'M' 'M' 'M' 'M' 'M' 'M' 'M' 'M' 'U' 'U' 'M' 'M' 'M' 'U' 'M' 'M' 'A'
 'M' 'M' 'U' 'M' 'M' 'M' 'M' 'M' 'M' 'U' 'M' 'U' 'M' 'M' 'M' 'M' 'M' 'M']"
34401,0,162,5,157,36,0,1,"['A' 'M' 'M' 'M' 'M' 'M' 'M' 'M' 'M' 'M' 'M' 'A' 'M' 'U' 'M' 'M' 'U' 'M'
 'M' 'M' 'M' 'M' 'M' 'M' 'M' 'M' 'U' 'U' 'U' 'M' 'M' 'M' 'U' 'M' 'M' 'M'
 'M' 'M' 'M' 'M' 'M' 'U' 'M' 'U' 'M' 'M' 'M' 'M' 'M' 'M' 'M' 'U' 'M' 'U'
 'U' 'M' 'M' 'M' 'U' 'M' 'M' 'M' 'A' 'M' 'M' 'M' 'M' 'M' 'U' 'M' 'M' 'M'
 'M' 'U' 'U' 'M' 'M' 'M' 'M' 'M' 'M' 'M' 'M' 'M' 'M' 'U' 'U' 'M' 'M' 'M'
 'M' 'M' 'M' 'M' 'M' 'M' 'M' 'M' 'M' 'U' 'M' 'M' 'M' 'U' 'M' 'A' 'M' 'M'
 'M' 'M' 'M' 'M' 'U' 'M' 'M' 'M' 'M' 'M' 'M' 'M' 'M' 'M' 'M' 'M' 'U' 'U'
 'M' 'U' 'M' 'M' 'M' 'M' 'M' 'M' 'U' 'U' 'M' 'U' 'U' 'A' 'M' 'M' 'M' 'M'
 'U' 'U' 'M' 'M' 'M' 'M' 'M' 'M' 'M' 'M' 'M' 'M' 'M' 'U' 'M' 'M' 'M' 'M'
 'M' 'M' 'M' 'M' 'M' 'M' 'M' 'M' 'M' 'U' 'U' 'M' 'U' 'M' 'U' 'M' 'M' 'M'
 'M' 'M' 'U' 'M' 'M' 'M' 'M' 'M' 'M' 'M' 'M' 'U' 'M' 'M' 'M' 'M' 'M' 'M']"
34501,0,168,6,162,30,0,0,"['A' 'M' 'M' 'U' 'M' 'M' 'M' 'M' 'M' 'M' 'M' 'A' 'U' 'A' 'M' 'M' 'M' 'M'
 'M' 'M' 'M' 'M' 'M' 'M' 'M' 'M' 'M' 'M' 'U' 'M' 'M' 'M' 'U' 'M' 'M' 'M'
 'M' 'M' 'M' 'M' 'M' 'M' 'M' 'U' 'M' 'M' 'M' 'M' 'M' 'M' 'M' 'M' 'M' 'M'
 'U' 'M' 'M' 'M' 'U' 'M' 'M' 'M' 'A' 'M' 'M' 'M' 'M' 'M' 'U' 'M' 'M' 'M'
 'M' 'M' 'M' 'M' 'M' 'M' 'M' 'U' 'M' 'M' 'U' 'M' 'U' 'M' 'M' 'M' 'M' 'M'
 'M' 'M' 'M' 'M' 'U' 'M' 'M' 'M' 'M' 'U' 'M' 'M' 'M' 'U' 'M' 'A' 'M' 'U'
 'M' 'M' 'M' 'M' 'U' 'M' 'M' 'M' 'M' 'M' 'M' 'M' 'M' 'M' 'M' 'M' 'U' 'M'
 'M' 'U' 'M' 'M' 'U' 'M' 'M' 'M' 'M' 'U' 'M' 'U' 'M' 'A' 'M' 'M' 'M' 'M'
 'M' 'U' 'M' 'M' 'M' 'M' 'M' 'M' 'M' 'M' 'M' 'U' 'M' 'U' 'M' 'M' 'M' 'M'
 'M' 'M' 'M' 'M' 'M' 'M' 'M' 'M' 'M' 'U' 'U' 'M' 'U' 'M' 'M' 'U' 'M' 'M'
 'M' 'M' 'U' 'M' 'M' 'M' 'M' 'M' 'M' 'M' 'M' 'U' 'M' 'M' 'M' 'M' 'M' 'M']"
34601,0,158,5,153,40,0,0,"['A' 'M' 'M' 'M' 'M' 'U' 'M' 'M' 'M' 'M' 'M' 'A' 'U' 'A' 'M' 'M' 'M' 'M'
 'M' 'M' 'M' 'M' 'M' 'M' 'M' 'M' 'M' 'M' 'M' 'M' 'M' 'M' 'U' 'M' 'U' 'M'
 'M' 'M' 'M' 'M' 'M' 'M' 'M' 'U' 'M' 'M' 'M' 'U' 'M' 'M' 'M' 'M' 'M' 'M'
 'U' 'M' 'M' 'M' 'U' 'M' 'M' 'M' 'U' 'M' 'M' 'M' 'U' 'M' 'M' 'M' 'U' 'M'
 'M' 'M' 'M' 'U' 'M' 'M' 'U' 'M' 'M' 'U' 'M' 'M' 'M' 'M' 'M' 'M' 'M' 'M'
 'M' 'M' 'M' 'M' 'M' 'M' 'M' 'M' 'M' 'U' 'M' 'M' 'M' 'U' 'M' 'A' 'U' 'U'
 'M' 'M' 'M' 'M' 'U' 'M' 'M' 'M' 'M' 'M' 'M' 'M' 'M' 'U' 'M' 'M' 'U' 'M'
 'M' 'U' 'M' 'U' 'U' 'M' 'M' 'M' 'M' 'U' 'M' 'U' 'M' 'A' 'M' 'M' 'M' 'M'
 'M' 'U' 'M' 'M' 'M' 'M' 'M' 'M' 'M' 'U' 'M' 'U' 'M' 'U' 'M' 'M' 'U' 'U'
 'M' 'M' 'M' 'M' 'M' 'M' 'U' 'M' 'M' 'U' 'U' 'M' 'U' 'M' 'U' 'U' 'M' 'M'
 'M' 'M' 'U' 'M' 'M' 'M' 'M' 'M' 'M' 'M' 'M' 'U' 'M' 'M' 'M' 'M' 'M' 'M']"
34701,0,155,8,147,43,0,0,"['A' 'M' 'M' 'M' 'M' 'U' 'M' 'M' 'M' 'M' 'M' 'A' 'M' 'A' 'M' 'M' 'M' 'M'
 'M' 'M' 'M' 'M' 'M' 'M' 'M' 'M' 'M' 'M' 'M' 'M' 'M' 'M' 'U' 'U' 'M' 'M'
 'M' 'M' 'M' 'M' 'M' 'M' 'M' 'U' 'M' 'M' 'M' 'U' 'M' 'M' 'M' 'M' 'M' 'M'
 'U' 'U' 'M' 'M' 'U' 'M' 'M' 'M' 'U' 'M' 'M' 'M' 'M' 'M' 'M' 'M' 'M' 'M'
 'M' 'M' 'U' 'M' 'M' 'M' 'M' 'M' 'M' 'M' 'M' 'M' 'U' 'U' 'M' 'M' 'M' 'M'
 'M' 'M' 'U' 'U' 'M' 'M' 'M' 'U' 'M' 'U' 'M' 'M' 'M' 'U' 'M' 'A' 'U' 'M'
 'M' 'M' 'M' 'U' 'U' 'M' 'M' 'M' 'M' 'M' 'M' 'M' 'M' 'U' 'M' 'M' 'U' 'M'
 'M' 'U' 'M' 'A' 'U' 'U' 'U' 'U' 'U' 'U' 'U' 'U' 'U' 'A' 'M' 'M' 'M' 'M'
 'U' 'U' 'A' 'M' 'M' 'M' 'M' 'M' 'M' 'M' 'M' 'M' 'M' 'U' 'M' 'M' 'M' 'U'
 'M' 'M' 'M' 'M' 'U' 'M' 'M' 'M' 'M' 'U' 'U' 'M' 'U' 'M' 'U' 'A' 'M' 'M'
 'M' 'M' 'U' 'M' 'M' 'M' 'M' 'M' 'M' 'M' 'M' 'U' 'M' 'M' 'M' 'M' 'M' 'M']"
34801,0,152,8,144,46,0,0,"['A' 'M' 'M' 'M' 'M' 'M' 'M' 'M' 'M' 'M' 'M' 'A' 'M' 'U' 'M' 'M' 'M' 'M'
 'U' 'M' 'M' 'M' 'M' 'M' 'M' 'M' 'M' 'M' 'M' 'M' 'M' 'M' 'U' 'U' 'M' 'M'
 'M' 'M' 'M' 'M' 'M' 'M' 'M' 'U' 'M' 'M' 'M' 'U' 'M' 'M' 'M' 'M' 'M' 'M'
 'U' 'U' 'M' 'M' 'U' 'M' 'M' 'M' 'A' 'M' 'M' 'M' 'M' 'M' 'M' 'M' 'M' 'M'
 'M' 'M' 'U' 'M' 'M' 'M' 'M' 'U' 'M' 'M' 'M' 'M' 'M' 'M' 'M' 'U' 'U' 'M'
 'M' 'M' 'M' 'U' 'M' 'M' 'M' 'U' 'M' 'U' 'M' 'U' 'M' 'U' 'M' 'U' 'U' 'M'
 'M' 'U' 'M' 'U' 'M' 'U' 'M' 'M' 'M' 'M' 'U' 'M' 'M' 'M' 'M' 'M' 'U' 'M'
 'M' 'U' 'M' 'A' 'U' 'U' 'U' 'U' 'U' 'U' 'U' 'U' 'U' 'A' 'M' 'M' 'M' 'M'
 'U' 'U' 'A' 'M' 'M' 'M' 'M' 'M' 'M' 'M' 'M' 'M' 'M' 'U' 'M' 'M' 'M' 'A'
 'M' 'M' 'M' 'M' 'U' 'M' 'M' 'M' 'M' 'U' 'U' 'M' 'U' 'M' 'U' 'A' 'M' 'M'
 'M' 'M' 'U' 'M' 'M' 'M' 'M' 'M' 'U' 'M' 'M' 'U' 'M' 'M' 'M' 'M' 'M' 'M']"
34901,0,154,8,146,44,0,0,"['A' 'M' 'M' 'M' 'M' 'M' 'M' 'M' 'M' 'M' 'M' 'A' 'M' 'U' 'M' 'M' 'M' 'M'
 'U' 'M' 'U' 'M' 'U' 'M' 'M' 'M' 'U' 'M' 'M' 'M' 'M' 'M' 'U' 'M' 'M' 'M'
 'M' 'M' 'M' 'M' 'M' 'M' 'M' 'U' 'M' 'M' 'M' 'A' 'M' 'M' 'M' 'M' 'M' 'M'
 'U' 'M' 'M' 'M' 'U' 'M' 'M' 'M' 'A' 'M' 'M' 'U' 'M' 'M' 'M' 'M' 'M' 'M'
 'M' 'M' 'M' 'M' 'M' 'M' 'M' 'U' 'M' 'M' 'M' 'M' 'U' 'M' 'M' 'U' 'M' 'M'
 'M' 'M' 'M' 'U' 'M' 'M' 'M' 'U' 'M' 'U' 'M' 'U' 'M' 'U' 'M' 'U' 'U' 'M'
 'M' 'U' 'M' 'U' 'M' 'U' 'M' 'U' 'M' 'M' 'U' 'M' 'M' 'M' 'M' 'M' 'U' 'M'
 'M' 'U' 'M' 'A' 'U' 'U' 'U' 'U' 'U' 'M' 'U' 'U' 'M' 'A' 'M' 'M' 'M' 'M'
 'M' 'U' 'U' 'M' 'M' 'M' 'M' 'U' 'M' 'M' 'M' 'M' 'M' 'M' 'M' 'M' 'M' 'A'
 'M' 'M' 'M' 'M' 'U' 'M' 'M' 'M' 'M' 'U' 'U' 'M' 'M' 'M' 'U' 'A' 'M' 'M'
 'M' 'M' 'U' 'M' 'M' 'M' 'M' 'M' 'U' 'M' 'M' 'M' 'M' 'M' 'M' 'M' 'M' 'U']"
35001,0,157,11,146,41,0,0,"['A' 'M' 'M' 'M' 'U' 'M' 'M' 'M' 'M' 'M' 'U' 'A' 'M' 'U' 'M' 'M' 'M' 'M'
 'U' 'M' 'M' 'M' 'U' 'M' 'M' 'M' 'M' 'M' 'M' 'M' 'M' 'M' 'U' 'M' 'M' 'M'
 'M' 'M' 'M' 'M' 'M' 'M' 'M' 'U' 'M' 'M' 'M' 'A' 'M' 'M' 'M' 'M' 'M' 'M'
 'A' 'M' 'M' 'M' 'M' 'M' 'A' 'M' 'A' 'M' 'M' 'M' 'M' 'M' 'U' 'M' 'M' 'M'
 'M' 'M' 'M' 'M' 'M' 'M' 'M' 'M' 'U' 'M' 'M' 'M' 'M' 'M' 'M' 'U' 'M' 'M'
 'U' 'M' 'M' 'U' 'M' 'M' 'M' 'U' 'M' 'U' 'M' 'A' 'M' 'U' 'M' 'U' 'U' 'M'
 'M' 'U' 'M' 'U' 'M' 'U' 'M' 'U' 'M' 'M' 'U' 'M' 'M' 'M' 'M' 'M' 'U' 'M'
 'M' 'U' 'U' 'A' 'U' 'U' 'U' 'M' 'U' 'M' 'U' 'M' 'M' 'A' 'M' 'M' 'M' 'M'
 'M' 'U' 'U' 'M' 'U' 'M' 'M' 'M' 'M' 'M' 'M' 'M' 'M' 'M' 'U' 'M' 'M' 'A'
 'M' 'M' 'M' 'M' 'U' 'M' 'M' 'M' 'M' 'U' 'M' 'M' 'M' 'M' 'U' 'A' 'M' 'M'
 'M' 'M' 'U' 'M' 'M' 'M' 'M' 'M' 'U' 'M' 'M' 'M' 'M' 'U' 'U' 'M' 'M' 'M']"
35101,0,153,11,142,45,0,0,"['A' 'M' 'M' 'M' 'U' 'M' 'M' 'M' 'M' 'M' 'U' 'A' 'M' 'M' 'M' 'M' 'M' 'M'
 'U' 'M' 'M' 'M' 'U' 'M' 'M' 'M' 'U' 'M' 'M' 'M' 'M' 'M' 'U' 'M' 'M' 'M'
 'M' 'M' 'U' 'M' 'M' 'M' 'M' 'M' 'M' 'M' 'M' 'A' 'M' 'M' 'M' 'M' 'M' 'M'
 'A' 'M' 'M' 'U' 'M' 'M' 'U' 'M' 'U' 'M' 'M' 'M' 'M' 'U' 'U' 'M' 'M' 'M'
 'U' 'M' 'M' 'M' 'M' 'M' 'M' 'M' 'M' 'U' 'M' 'M' 'M' 'M' 'M' 'M' 'M' 'M'
 'U' 'M' 'M' 'M' 'M' 'M' 'M' 'M' 'M' 'M' 'M' 'A' 'M' 'M' 'M' 'U' 'M' 'M'
 'M' 'U' 'M' 'U' 'M' 'U' 'M' 'U' 'M' 'M' 'U' 'M' 'M' 'M' 'M' 'M' 'U' 'M'
 'M' 'U' 'U' 'A' 'M' 'U' 'U' 'A' 'U' 'U' 'U' 'U' 'U' 'A' 'M' 'M' 'M' 'M'
 'M' 'U' 'A' 'M' 'U' 'M' 'M' 'U' 'M' 'M' 'M' 'M' 'M' 'M' 'U' 'M' 'M' 'A'
 'M' 'M' 'M' 'M' 'U' 'M' 'M' 'M' 'M' 'M' 'U' 'M' 'M' 'M' 'U' 'A' 'M' 'M'
 'U' 'M' 'U' 'U' 'M' 'U' 'M' 'M' 'U' 'M' 'M' 'M' 'M' 'U' 'U' 'M' 'M' 'M']"
35201,1,155,10,145,43,0,0,"['A' 'M' 'U' 'M' 'M' 'M' 'M' 'M' 'M' 'M' 'A' 'M' 'M' 'M' 'M' 'M' 'M' 'M'
 'U' 'M' 'M' 'M' 'U' 'M' 'M' 'M' 'M' 'M' 'M' 'M' 'M' 'M' 'U' 'M' 'M' 'M'
 'M' 'M' 'U' 'M' 'M' 'M' 'M' 'M' 'M' 'M' 'M' 'A' 'M' 'M' 'M' 'M' 'M' 'M'
 'U' 'M' 'M' 'U' 'M' 'M' 'U' 'M' 'U' 'M' 'M' 'M' 'M' 'M' 'U' 'M' 'M' 'M'
 'M' 'M' 'M' 'M' 'M' 'M' 'M' 'M' 'U' 'U' 'U' 'M' 'M' 'M' 'M' 'M' 'M' 'M'
 'M' 'U' 'M' 'M' 'M' 'U' 'M' 'M' 'M' 'M' 'U' 'U' 'M' 'M' 'M' 'M' 'M' 'M'
 'M' 'U' 'U' 'U' 'M' 'U' 'M' 'U' 'M' 'M' 'U' 'M' 'M' 'M' 'M' 'M' 'M' 'M'
 'M' 'U' 'U' 'A' 'M' 'A' 'U' 'A' 'U' 'U' 'M' 'U' 'U' 'A' 'M' 'M' 'M' 'M'
 'M' 'U' 'A' 'M' 'U' 'M' 'M' 'U' 'M' 'M' 'M' 'M' 'M' 'M' 'U' 'M' 'M' 'A'
 'M' 'M' 'M' 'M' 'U' 'M' 'M' 'U' 'M' 'M' 'U' 'M' 'M' 'M' 'U' 'A' 'M' 'M'
 'M' 'M' 'U' 'M' 'M' 'U' 'M' 'M' 'U' 'M' 'M' 'M' 'M' 'U' 'U' 'M' 'M' 'M']"
35301,0,152,10,142,46,0,1,"['A' 'M' 'U' 'M' 'M' 'M' 'M' 'M' 'M' 'M' 'A' 'M' 'M' 'M' 'M' 'M' 'M' 'U'
 'U' 'M' 'M' 'M' 'M' 'M' 'M' 'M' 'M' 'M' 'M' 'M' 'M' 'M' 'M' 'M' 'M' 'M'
 'U' 'M' 'U' 'M' 'M' 'M' 'M' 'M' 'M' 'M' 'M' 'A' 'M' 'M' 'M' 'M' 'M' 'M'
 'U' 'M' 'M' 'A' 'M' 'M' 'U' 'M' 'U' 'M' 'M' 'M' 'M' 'M' 'M' 'M' 'M' 'U'
 'M' 'M' 'M' 'U' 'M' 'U' 'M' 'M' 'M' 'M' 'M' 'U' 'M' 'U' 'M' 'M' 'M' 'M'
 'M' 'M' 'M' 'M' 'M' 'U' 'M' 'M' 'M' 'M' 'U' 'U' 'M' 'M' 'M' 'U' 'M' 'M'
 'M' 'U' 'U' 'M' 'M' 'M' 'M' 'U' 'M' 'M' 'U' 'M' 'M' 'M' 'M' 'M' 'U' 'M'
 'M' 'U' 'U' 'U' 'M' 'A' 'U' 'A' 'M' 'U' 'U' 'A' 'U' 'A' 'M' 'M' 'M' 'M'
 'M' 'U' 'A' 'M' 'U' 'M' 'M' 'U' 'M' 'M' 'M' 'M' 'M' 'M' 'U' 'M' 'M' 'U'
 'M' 'M' 'U' 'M' 'U' 'M' 'M' 'U' 'M' 'U' 'U' 'M' 'M' 'M' 'U' 'A' 'M' 'M'
 'M' 'M' 'U' 'M' 'M' 'U' 'U' 'M' 'U' 'M' 'M' 'M' 'M' 'U' 'U' 'M' 'M' 'M']"
35401,0,150,9,141,48,0,1,"['A' 'U' 'U' 'M' 'M' 'M' 'M' 'M' 'M' 'M' 'A' 'M' 'M' 'M' 'M' 'M' 'M' 'U'
 'U' 'M' 'M' 'M' 'M' 'M' 'U' 'M' 'M' 'M' 'M' 'M' 'M' 'M' 'M' 'M' 'M' 'M'
 'U' 'M' 'U' 'U' 'M' 'M' 'M' 'M' 'M' 'U' 'M' 'A' 'M' 'M' 'U' 'M' 'M' 'M'
 'U' 'M' 'M' 'U' 'M' 'M' 'U' 'U' 'U' 'M' 'M' 'M' 'M' 'M' 'M' 'U' 'U' 'M'
 'M' 'M' 'M' 'M' 'M' 'M' 'U' 'M' 'M' 'M' 'U' 'M' 'M' 'M' 'M' 'M' 'M' 'M'
 'M' 'M' 'M' 'M' 'U' 'M' 'M' 'M' 'M' 'M' 'U' 'U' 'U' 'M' 'M' 'U' 'M' 'M'
 'M' 'U' 'M' 'M' 'M' 'M' 'M' 'U' 'M' 'M' 'U' 'M' 'M' 'M' 'M' 'M' 'U' 'M'
 'M' 'U' 'M' 'U' 'M' 'A' 'U' 'A' 'U' 'U' 'A' 'A' 'M' 'A' 'M' 'M' 'M' 'M'
 'M' 'U' 'U' 'M' 'U' 'M' 'M' 'U' 'M' 'M' 'M' 'M' 'M' 'M' 'U' 'M' 'M' 'U'
 'M' 'M' 'U' 'M' 'M' 'M' 'M' 'U' 'M' 'U' 'U' 'M' 'M' 'M' 'M' 'U' 'M' 'M'
 'M' 'M' 'M' 'M' 'M' 'U' 'M' 'M' 'A' 'U' 'M' 'M' 'M' 'U' 'U' 'M' 'M' 'M']"
35501,0,157,8,149,41,0,0,"['A' 'U' 'U' 'M' 'M' 'M' 'M' 'M' 'M' 'M' 'A' 'M' 'M' 'M' 'M' 'M' 'M' 'M'
 'U' 'M' 'M' 'M' 'M' 'M' 'U' 'M' 'M' 'M' 'M' 'M' 'M' 'M' 'M' 'M' 'M' 'U'
 'M' 'M' 'U' 'U' 'M' 'M' 'M' 'M' 'M' 'U' 'M' 'U' 'M' 'M' 'U' 'M' 'M' 'M'
 'U' 'M' 'M' 'U' 'M' 'M' 'U' 'U' 'U' 'U' 'M' 'M' 'M' 'M' 'M' 'M' 'M' 'M'
 'M' 'M' 'U' 'M' 'M' 'M' 'M' 'U' 'M' 'M' 'U' 'M' 'M' 'U' 'M' 'M' 'M' 'M'
 'M' 'M' 'U' 'M' 'M' 'M' 'M' 'M' 'M' 'M' 'M' 'M' 'U' 'M' 'M' 'U' 'M' 'U'
 'M' 'M' 'M' 'M' 'M' 'M' 'M' 'U' 'M' 'M' 'U' 'M' 'M' 'M' 'M' 'M' 'U' 'M'
 'M' 'U' 'M' 'U' 'M' 'A' 'M' 'U' 'U' 'U' 'A' 'A' 'M' 'A' 'M' 'M' 'M' 'M'
 'M' 'U' 'U' 'M' 'U' 'M' 'M' 'U' 'M' 'M' 'M' 'M' 'M' 'M' 'M' 'M' 'M' 'M'
 'M' 'M' 'M' 'M' 'M' 'M' 'M' 'M' 'M' 'U' 'M' 'M' 'M' 'M' 'M' 'A' 'M' 'M'
 'M' 'M' 'M' 'M' 'M' 'U' 'M' 'M' 'A' 'U' 'M' 'M' 'M' 'U' 'U' 'M' 'M' 'M']"
35601,0,157,8,149,41,0,0,"['A' 'M' 'U' 'M' 'M' 'M' 'M' 'M' 'M' 'M' 'A' 'M' 'M' 'M' 'M' 'M' 'M' 'M'
 'M' 'M' 'U' 'U' 'M' 'M' 'U' 'M' 'M' 'M' 'M' 'M' 'M' 'M' 'M' 'M' 'U' 'M'
 'M' 'M' 'M' 'M' 'M' 'M' 'M' 'M' 'M' 'U' 'M' 'M' 'M' 'M' 'U' 'M' 'M' 'M'
 'M' 'M' 'M' 'U' 'M' 'M' 'U' 'U' 'U' 'U' 'M' 'M' 'M' 'M' 'M' 'M' 'U' 'U'
 'U' 'M' 'M' 'M' 'M' 'M' 'M' 'M' 'M' 'U' 'M' 'M' 'M' 'M' 'M' 'M' 'M' 'M'
 'M' 'M' 'M' 'U' 'M' 'U' 'M' 'M' 'M' 'M' 'M' 'M' 'U' 'M' 'M' 'U' 'M' 'U'
 'M' 'U' 'M' 'M' 'M' 'U' 'M' 'U' 'M' 'M' 'U' 'M' 'M' 'M' 'M' 'U' 'U' 'M'
 'M' 'M' 'M' 'M' 'M' 'A' 'U' 'M' 'U' 'U' 'A' 'A' 'U' 'A' 'M' 'M' 'M' 'M'
 'M' 'U' 'U' 'M' 'U' 'M' 'M' 'U' 'M' 'M' 'M' 'M' 'M' 'M' 'M' 'M' 'M' 'M'
 'M' 'M' 'U' 'M' 'M' 'M' 'M' 'M' 'M' 'U' 'M' 'M' 'U' 'M' 'M' 'A' 'M' 'M'
 'M' 'M' 'M' 'M' 'M' 'U' 'M' 'M' 'A' 'U' 'M' 'M' 'M' 'M' 'U' 'M' 'M' 'M']"
35701,0,158,3,155,40,0,1,"['A' 'M' 'M' 'M' 'M' 'M' 'M' 'M' 'M' 'M' 'U' 'M' 'M' 'M' 'U' 'M' 'M' 'M'
 'M' 'M' 'U' 'U' 'M' 'M' 'U' 'U' 'M' 'M' 'M' 'M' 'M' 'M' 'M' 'M' 'U' 'M'
 'M' 'M' 'M' 'M' 'M' 'M' 'M' 'M' 'M' 'U' 'M' 'M' 'M' 'M' 'M' 'M' 'M' 'M'
 'M' 'M' 'M' 'M' 'M' 'M' 'U' 'M' 'U' 'U' 'U' 'M' 'M' 'M' 'U' 'M' 'M' 'M'
 'M' 'U' 'U' 'M' 'M' 'M' 'M' 'M' 'M' 'M' 'M' 'M' 'M' 'M' 'M' 'U' 'M' 'M'
 'M' 'U' 'M' 'M' 'M' 'M' 'M' 'M' 'M' 'M' 'M' 'M' 'U' 'M' 'M' 'U' 'M' 'M'
 'M' 'U' 'U' 'M' 'M' 'U' 'M' 'M' 'M' 'M' 'U' 'M' 'M' 'M' 'M' 'U' 'U' 'M'
 'U' 'M' 'M' 'M' 'M' 'U' 'U' 'M' 'U' 'M' 'U' 'U' 'U' 'M' 'U' 'M' 'M' 'M'
 'M' 'M' 'M' 'M' 'U' 'M' 'M' 'U' 'M' 'M' 'M' 'M' 'M' 'U' 'M' 'M' 'M' 'M'
 'M' 'M' 'M' 'M' 'M' 'M' 'M' 'M' 'M' 'U' 'M' 'M' 'U' 'M' 'M' 'A' 'M' 'M'
 'M' 'M' 'M' 'M' 'M' 'U' 'M' 'M' 'A' 'U' 'M' 'M' 'M' 'M' 'M' 'M' 'M' 'M']"
35801,0,157,3,154,41,0,0,"['A' 'M' 'M' 'M' 'M' 'M' 'M' 'M' 'M' 'M' 'U' 'M' 'M' 'M' 'U' 'M' 'M' 'M'
 'M' 'M' 'U' 'U' 'M' 'M' 'M' 'U' 'M' 'M' 'M' 'M' 'M' 'M' 'M' 'M' 'M' 'M'
 'M' 'M' 'M' 'M' 'U' 'M' 'M' 'M' 'M' 'U' 'M' 'M' 'M' 'M' 'M' 'M' 'M' 'M'
 'M' 'M' 'M' 'M' 'M' 'M' 'U' 'M' 'U' 'U' 'U' 'M' 'M' 'M' 'U' 'U' 'M' 'M'
 'M' 'M' 'M' 'M' 'M' 'U' 'M' 'U' 'M' 'M' 'U' 'M' 'M' 'M' 'M' 'M' 'M' 'M'
 'M' 'M' 'M' 'M' 'M' 'M' 'M' 'M' 'M' 'M' 'M' 'M' 'U' 'M' 'M' 'M' 'M' 'M'
 'M' 'U' 'U' 'M' 'M' 'U' 'M' 'M' 'M' 'U' 'U' 'M' 'U' 'M' 'M' 'U' 'M' 'M'
 'U' 'M' 'M' 'M' 'M' 'U' 'U' 'U' 'U' 'U' 'M' 'U' 'U' 'M' 'U' 'M' 'M' 'M'
 'M' 'M' 'M' 'M' 'U' 'U' 'M' 'M' 'M' 'M' 'M' 'M' 'M' 'U' 'M' 'M' 'M' 'M'
 'M' 'M' 'M' 'M' 'M' 'M' 'M' 'M' 'M' 'U' 'M' 'U' 'U' 'M' 'M' 'A' 'M' 'M'
 'M' 'M' 'M' 'M' 'M' 'U' 'M' 'M' 'A' 'U' 'M' 'M' 'M' 'M' 'M' 'M' 'M' 'M']"
35901,0,161,3,158,37,1,0,"['A' 'M' 'M' 'M' 'M' 'U' 'M' 'M' 'M' 'M' 'U' 'M' 'M' 'M' 'U' 'M' 'M' 'M'
 'M' 'M' 'M' 'M' 'M' 'M' 'M' 'U' 'M' 'M' 'M' 'M' 'M' 'M' 'M' 'M' 'M' 'M'
 'M' 'M' 'M' 'M' 'U' 'M' 'M' 'M' 'M' 'U' 'M' 'M' 'M' 'M' 'M' 'M' 'M' 'M'
 'M' 'M' 'M' 'M' 'M' 'M' 'M' 'M' 'A' 'M' 'U' 'M' 'M' 'M' 'M' 'U' 'M' 'M'
 'M' 'M' 'M' 'M' 'M' 'M' 'U' 'M' 'M' 'M' 'M' 'M' 'M' 'U' 'M' 'U' 'M' 'M'
 'M' 'M' 'M' 'U' 'M' 'M' 'M' 'M' 'M' 'M' 'M' 'M' 'M' 'M' 'M' 'M' 'M' 'M'
 'M' 'U' 'U' 'U' 'M' 'U' 'M' 'M' 'U' 'U' 'M' 'M' 'U' 'M' 'M' 'U' 'M' 'M'
 'U' 'M' 'M' 'M' 'M' 'U' 'U' 'U' 'U' 'U' 'M' 'M' 'M' 'M' 'U' 'M' 'M' 'M'
 'M' 'M' 'M' 'U' 'M' 'U' 'M' 'M' 'M' 'M' 'M' 'M' 'M' 'U' 'M' 'M' 'M' 'M'
 'M' 'M' 'M' 'M' 'M' 'M' 'U' 'M' 'M' 'U' 'M' 'U' 'U' 'M' 'M' 'A' 'M' 'M'
 'M' 'M' 'M' 'M' 'U' 'U' 'M' 'M' 'M' 'M' 'M' 'M' 'M' 'M' 'U' 'M' 'M' 'M']"
36001,0,155,2,153,43,0,0,"['A' 'M' 'M' 'M' 'M' 'M' 'M' 'M' 'M' 'M' 'U' 'M' 'M' 'M' 'U' 'M' 'M' 'U'
 'M' 'M' 'M' 'M' 'M' 'M' 'M' 'U' 'M' 'M' 'M' 'U' 'U' 'M' 'M' 'M' 'M' 'M'
 'M' 'M' 'M' 'M' 'U' 'M' 'U' 'M' 'M' 'U' 'M' 'U' 'M' 'M' 'M' 'M' 'M' 'M'
 'M' 'M' 'M' 'M' 'M' 'M' 'M' 'M' 'U' 'M' 'M' 'M' 'U' 'M' 'U' 'M' 'U' 'M'
 'M' 'M' 'M' 'M' 'M' 'M' 'U' 'M' 'M' 'M' 'M' 'M' 'M' 'M' 'M' 'M' 'M' 'M'
 'M' 'M' 'M' 'U' 'M' 'M' 'M' 'M' 'M' 'M' 'M' 'M' 'M' 'U' 'M' 'M' 'M' 'M'
 'M' 'U' 'U' 'U' 'M' 'U' 'M' 'M' 'U' 'U' 'M' 'M' 'U' 'M' 'M' 'U' 'M' 'M'
 'U' 'M' 'M' 'M' 'U' 'U' 'U' 'U' 'U' 'U' 'M' 'M' 'M' 'M' 'U' 'M' 'M' 'M'
 'M' 'M' 'M' 'U' 'M' 'U' 'U' 'M' 'M' 'M' 'M' 'M' 'M' 'U' 'M' 'M' 'M' 'M'
 'M' 'M' 'M' 'M' 'M' 'M' 'U' 'M' 'M' 'U' 'M' 'U' 'U' 'M' 'M' 'A' 'M' 'M'
 'M' 'M' 'M' 'M' 'M' 'M' 'M' 'M' 'M' 'M' 'M' 'M' 'M' 'M' 'M' 'U' 'M' 'U']"
36101,0,160,2,158,38,0,0,"['A' 'M' 'M' 'M' 'M' 'M' 'M' 'M' 'M' 'M' 'U' 'M' 'M' 'U' 'M' 'M' 'M' 'U'
 'M' 'M' 'M' 'M' 'M' 'M' 'M' 'U' 'M' 'M' 'M' 'U' 'U' 'M' 'M' 'M' 'M' 'M'
 'M' 'M' 'M' 'M' 'M' 'M' 'U' 'M' 'M' 'M' 'M' 'M' 'M' 'M' 'M' 'M' 'M' 'M'
 'M' 'M' 'M' 'M' 'M' 'M' 'M' 'M' 'M' 'M' 'M' 'M' 'M' 'M' 'M' 'M' 'M' 'M'
 'M' 'M' 'U' 'M' 'U' 'M' 'M' 'M' 'M' 'U' 'U' 'M' 'M' 'M' 'M' 'M' 'M' 'M'
 'U' 'M' 'M' 'M' 'M' 'M' 'M' 'M' 'M' 'M' 'M' 'M' 'M' 'M' 'M' 'M' 'M' 'M'
 'M' 'U' 'U' 'U' 'M' 'U' 'M' 'M' 'U' 'U' 'M' 'M' 'U' 'M' 'M' 'M' 'U' 'M'
 'M' 'M' 'M' 'M' 'U' 'U' 'U' 'U' 'U' 'M' 'M' 'M' 'M' 'M' 'U' 'U' 'M' 'M'
 'M' 'U' 'M' 'U' 'M' 'U' 'U' 'M' 'M' 'M' 'M' 'M' 'M' 'U' 'M' 'M' 'M' 'M'
 'M' 'M' 'M' 'M' 'M' 'M' 'U' 'M' 'M' 'U' 'M' 'M' 'U' 'M' 'M' 'A' 'M' 'M'
 'M' 'M' 'U' 'M' 'M' 'M' 'M' 'M' 'M' 'M' 'M' 'M' 'M' 'M' 'M' 'U' 'M' 'U']"
36201,0,156,4,152,42,0,0,"['A' 'U' 'M' 'M' 'M' 'M' 'M' 'U' 'M' 'M' 'U' 'M' 'M' 'U' 'M' 'M' 'M' 'M'
 'M' 'M' 'M' 'M' 'U' 'M' 'M' 'U' 'M' 'M' 'U' 'U' 'U' 'M' 'M' 'M' 'U' 'M'
 'M' 'M' 'M' 'M' 'M' 'M' 'U' 'M' 'M' 'M' 'M' 'M' 'M' 'M' 'M' 'M' 'M' 'M'
 'M' 'M' 'M' 'M' 'M' 'M' 'M' 'M' 'M' 'M' 'M' 'M' 'M' 'M' 'U' 'M' 'M' 'M'
 'U' 'M' 'M' 'M' 'M' 'M' 'M' 'M' 'M' 'M' 'M' 'M' 'M' 'M' 'U' 'M' 'M' 'U'
 'M' 'M' 'M' 'M' 'U' 'M' 'U' 'U' 'M' 'M' 'M' 'M' 'M' 'M' 'U' 'M' 'M' 'U'
 'M' 'U' 'U' 'M' 'M' 'M' 'U' 'M' 'M' 'M' 'M' 'M' 'U' 'M' 'M' 'M' 'U' 'M'
 'M' 'M' 'M' 'M' 'U' 'M' 'U' 'U' 'U' 'M' 'M' 'M' 'M' 'M' 'U' 'U' 'M' 'M'
 'M' 'A' 'M' 'U' 'M' 'U' 'U' 'M' 'M' 'M' 'M' 'U' 'M' 'U' 'U' 'U' 'M' 'M'
 'M' 'M' 'M' 'A' 'M' 'M' 'U' 'M' 'M' 'M' 'M' 'M' 'U' 'M' 'M' 'A' 'M' 'M'
 'M' 'M' 'M' 'M' 'M' 'M' 'M' 'M' 'M' 'M' 'M' 'M' 'M' 'M' 'M' 'U' 'M' 'U']"
36301,0,156,5,151,42,0,0,"['A' 'U' 'M' 'M' 'M' 'M' 'M' 'U' 'M' 'M' 'U' 'M' 'M' 'M' 'M' 'M' 'M' 'M'
 'M' 'M' 'M' 'M' 'U' 'M' 'M' 'M' 'M' 'M' 'U' 'U' 'U' 'M' 'M' 'M' 'U' 'M'
 'M' 'M' 'M' 'M' 'M' 'M' 'M' 'M' 'M' 'M' 'M' 'M' 'M' 'M' 'M' 'M' 'M' 'M'
 'M' 'M' 'M' 'M' 'M' 'M' 'M' 'M' 'M' 'M' 'M' 'M' 'U' 'M' 'M' 'M' 'M' 'M'
 'M' 'M' 'U' 'M' 'M' 'M' 'U' 'M' 'U' 'M' 'M' 'U' 'M' 'M' 'M' 'M' 'M' 'M'
 'M' 'M' 'M' 'M' 'M' 'M' 'M' 'U' 'M' 'M' 'M' 'M' 'M' 'M' 'U' 'M' 'M' 'U'
 'M' 'U' 'U' 'U' 'M' 'M' 'U' 'M' 'M' 'M' 'M' 'M' 'U' 'M' 'M' 'M' 'U' 'M'
 'M' 'M' 'M' 'M' 'U' 'U' 'U' 'U' 'U' 'U' 'U' 'U' 'U' 'M' 'U' 'U' 'U' 'M'
 'M' 'A' 'M' 'U' 'M' 'U' 'U' 'M' 'M' 'M' 'M' 'U' 'M' 'A' 'M' 'U' 'M' 'M'
 'M' 'M' 'M' 'A' 'M' 'M' 'U' 'M' 'M' 'M' 'M' 'M' 'M' 'M' 'M' 'A' 'U' 'M'
 'M' 'M' 'M' 'M' 'M' 'M' 'M' 'M' 'M' 'M' 'M' 'M' 'M' 'M' 'M' 'U' 'M' 'M']"
36401,0,154,5,149,44,0,0,"['A' 'U' 'M' 'M' 'M' 'M' 'M' 'M' 'U' 'M' 'U' 'M' 'M' 'M' 'M' 'U' 'M' 'U'
 'M' 'M' 'M' 'M' 'U' 'M' 'M' 'M' 'M' 'M' 'U' 'U' 'U' 'M' 'M' 'M' 'U' 'M'
 'M' 'M' 'M' 'M' 'M' 'M' 'M' 'M' 'M' 'M' 'M' 'M' 'M' 'M' 'M' 'M' 'M' 'M'
 'M' 'M' 'M' 'M' 'M' 'M' 'M' 'M' 'M' 'M' 'M' 'M' 'M' 'M' 'M' 'U' 'U' 'M'
 'U' 'M' 'M' 'M' 'M' 'U' 'M' 'M' 'M' 'M' 'U' 'M' 'M' 'M' 'M' 'M' 'M' 'M'
 'M' 'M' 'M' 'M' 'M' 'M' 'M' 'M' 'M' 'M' 'U' 'M' 'M' 'M' 'M' 'M' 'M' 'U'
 'M' 'U' 'U' 'U' 'M' 'M' 'U' 'M' 'M' 'M' 'M' 'U' 'M' 'M' 'M' 'M' 'U' 'M'
 'M' 'M' 'M' 'M' 'U' 'U' 'U' 'U' 'U' 'U' 'U' 'U' 'U' 'M' 'A' 'U' 'U' 'M'
 'M' 'U' 'M' 'U' 'M' 'U' 'U' 'M' 'M' 'M' 'M' 'U' 'M' 'U' 'M' 'U' 'M' 'M'
 'M' 'M' 'M' 'A' 'M' 'M' 'A' 'M' 'M' 'M' 'M' 'M' 'M' 'M' 'M' 'A' 'U' 'M'
 'M' 'M' 'M' 'U' 'M' 'M' 'M' 'M' 'M' 'M' 'M' 'M' 'M' 'M' 'M' 'M' 'M' 'U']"
36501,0,153,8,145,45,0,0,"['A' 'U' 'M' 'M' 'M' 'M' 'M' 'M' 'U' 'M' 'U' 'M' 'M' 'M' 'M' 'A' 'M' 'U'
 'M' 'M' 'M' 'M' 'U' 'M' 'M' 'M' 'M' 'M' 'U' 'U' 'M' 'M' 'M' 'M' 'M' 'M'
 'M' 'M' 'M' 'M' 'M' 'M' 'M' 'M' 'U' 'M' 'M' 'M' 'U' 'M' 'M' 'U' 'M' 'M'
 'M' 'M' 'M' 'U' 'M' 'M' 'M' 'M' 'M' 'M' 'M' 'M' 'M' 'M' 'M' 'M' 'M' 'M'
 'M' 'M' 'M' 'M' 'M' 'M' 'M' 'M' 'M' 'M' 'M' 'M' 'M' 'M' 'M' 'U' 'U' 'U'
 'M' 'U' 'U' 'M' 'M' 'M' 'M' 'M' 'M' 'M' 'U' 'M' 'M' 'M' 'M' 'M' 'M' 'U'
 'U' 'U' 'U' 'U' 'M' 'M' 'A' 'M' 'U' 'M' 'M' 'U' 'M' 'M' 'M' 'M' 'U' 'M'
 'M' 'M' 'M' 'M' 'U' 'U' 'U' 'U' 'U' 'U' 'U' 'U' 'U' 'A' 'A' 'U' 'U' 'M'
 'M' 'U' 'M' 'U' 'M' 'M' 'U' 'M' 'M' 'M' 'M' 'U' 'U' 'U' 'M' 'M' 'M' 'M'
 'M' 'M' 'M' 'A' 'M' 'M' 'A' 'M' 'M' 'M' 'M' 'M' 'M' 'M' 'M' 'A' 'U' 'M'
 'M' 'M' 'M' 'M' 'M' 'M' 'M' 'M' 'U' 'M' 'M' 'M' 'M' 'M' 'M' 'M' 'M' 'U']"
36601,0,152,6,146,46,0,0,"['A' 'M' 'M' 'M' 'M' 'M' 'M' 'M' 'U' 'M' 'M' 'M' 'M' 'M' 'M' 'M' 'M' 'U'
 'M' 'M' 'M' 'M' 'U' 'U' 'M' 'M' 'M' 'M' 'U' 'U' 'M' 'M' 'M' 'M' 'M' 'M'
 'M' 'M' 'M' 'M' 'M' 'M' 'M' 'M' 'U' 'U' 'M' 'M' 'U' 'U' 'M' 'U' 'M' 'M'
 'M' 'M' 'U' 'U' 'M' 'M' 'U' 'M' 'U' 'M' 'M' 'M' 'M' 'M' 'U' 'U' 'M' 'M'
 'M' 'M' 'M' 'M' 'M' 'M' 'M' 'U' 'M' 'M' 'M' 'M' 'U' 'M' 'M' 'M' 'U' 'M'
 'M' 'M' 'M' 'M' 'M' 'M' 'M' 'M' 'M' 'M' 'U' 'M' 'M' 'M' 'M' 'M' 'M' 'U'
 'U' 'U' 'U' 'U' 'U' 'M' 'A' 'M' 'U' 'M' 'M' 'U' 'M' 'U' 'M' 'M' 'M' 'M'
 'M' 'M' 'M' 'M' 'M' 'M' 'U' 'U' 'U' 'U' 'U' 'M' 'U' 'A' 'U' 'U' 'M' 'M'
 'M' 'U' 'M' 'M' 'M' 'M' 'M' 'M' 'M' 'M' 'M' 'U' 'M' 'U' 'M' 'M' 'M' 'M'
 'M' 'M' 'M' 'A' 'M' 'M' 'A' 'M' 'M' 'M' 'M' 'M' 'M' 'U' 'M' 'A' 'U' 'M'
 'M' 'M' 'M' 'M' 'M' 'M' 'M' 'U' 'U' 'M' 'M' 'M' 'M' 'M' 'U' 'M' 'M' 'M']"
36701,0,156,5,151,42,0,1,"['A' 'M' 'M' 'M' 'M' 'M' 'M' 'M' 'M' 'M' 'M' 'M' 'M' 'M' 'M' 'M' 'M' 'U'
 'M' 'M' 'M' 'M' 'M' 'M' 'M' 'M' 'M' 'M' 'U' 'M' 'M' 'M' 'M' 'M' 'A' 'M'
 'M' 'M' 'M' 'M' 'U' 'M' 'M' 'M' 'U' 'U' 'M' 'U' 'M' 'U' 'M' 'U' 'M' 'M'
 'M' 'M' 'U' 'U' 'M' 'M' 'M' 'M' 'U' 'M' 'M' 'M' 'M' 'M' 'M' 'M' 'M' 'M'
 'M' 'M' 'M' 'M' 'U' 'M' 'M' 'M' 'U' 'U' 'M' 'M' 'M' 'M' 'M' 'M' 'U' 'M'
 'U' 'M' 'M' 'M' 'M' 'M' 'M' 'M' 'M' 'M' 'U' 'M' 'M' 'M' 'M' 'M' 'M' 'M'
 'U' 'U' 'U' 'U' 'U' 'M' 'U' 'M' 'U' 'M' 'M' 'U' 'M' 'U' 'M' 'M' 'M' 'M'
 'M' 'M' 'M' 'M' 'M' 'M' 'M' 'U' 'U' 'M' 'U' 'M' 'U' 'U' 'U' 'U' 'M' 'M'
 'M' 'M' 'M' 'M' 'M' 'M' 'M' 'M' 'U' 'M' 'M' 'U' 'U' 'U' 'M' 'M' 'M' 'M'
 'M' 'M' 'M' 'A' 'M' 'M' 'A' 'M' 'M' 'M' 'M' 'M' 'M' 'U' 'M' 'A' 'U' 'M'
 'M' 'M' 'M' 'M' 'M' 'M' 'M' 'U' 'M' 'M' 'U' 'M' 'M' 'M' 'U' 'M' 'M' 'M']"
36801,1,155,5,150,43,0,0,"['A' 'M' 'M' 'M' 'U' 'M' 'M' 'M' 'M' 'M' 'U' 'M' 'M' 'M' 'M' 'M' 'U' 'M'
 'M' 'M' 'M' 'M' 'M' 'M' 'M' 'M' 'U' 'M' 'U' 'M' 'M' 'M' 'M' 'M' 'A' 'M'
 'M' 'M' 'M' 'M' 'U' 'M' 'M' 'M' 'U' 'U' 'U' 'M' 'M' 'U' 'M' 'U' 'M' 'M'
 'M' 'U' 'U' 'U' 'M' 'M' 'M' 'M' 'U' 'M' 'M' 'M' 'M' 'M' 'M' 'M' 'M' 'U'
 'M' 'M' 'M' 'M' 'U' 'M' 'M' 'M' 'M' 'M' 'M' 'U' 'M' 'M' 'M' 'M' 'M' 'M'
 'U' 'M' 'M' 'U' 'M' 'M' 'M' 'M' 'M' 'M' 'U' 'M' 'M' 'M' 'M' 'M' 'M' 'M'
 'U' 'M' 'U' 'U' 'U' 'M' 'U' 'U' 'A' 'M' 'M' 'U' 'M' 'U' 'M' 'M' 'M' 'M'
 'M' 'M' 'M' 'M' 'M' 'U' 'M' 'U' 'U' 'M' 'M' 'M' 'U' 'U' 'M' 'U' 'M' 'M'
 'M' 'M' 'M' 'M' 'M' 'M' 'M' 'M' 'U' 'M' 'M' 'M' 'U' 'M' 'M' 'M' 'M' 'M'
 'M' 'M' 'M' 'A' 'M' 'M' 'U' 'M' 'M' 'M' 'M' 'M' 'M' 'M' 'M' 'A' 'U' 'M'
 'M' 'M' 'M' 'M' 'M' 'M' 'M' 'U' 'M' 'M' 'U' 'M' 'M' 'M' 'U' 'M' 'M' 'U']"
36901,0,154,6,148,44,0,1,"['A' 'M' 'M' 'M' 'U' 'M' 'M' 'M' 'M' 'M' 'U' 'M' 'M' 'M' 'M' 'M' 'U' 'M'
 'M' 'M' 'M' 'M' 'M' 'M' 'M' 'M' 'M' 'M' 'U' 'M' 'M' 'M' 'M' 'M' 'A' 'M'
 'M' 'M' 'M' 'M' 'U' 'M' 'M' 'M' 'U' 'U' 'M' 'M' 'U' 'U' 'M' 'U' 'M' 'M'
 'M' 'M' 'U' 'U' 'M' 'M' 'M' 'M' 'M' 'M' 'M' 'M' 'M' 'M' 'M' 'M' 'M' 'M'
 'M' 'M' 'U' 'U' 'M' 'U' 'M' 'M' 'M' 'M' 'U' 'M' 'M' 'M' 'M' 'M' 'M' 'M'
 'M' 'M' 'M' 'U' 'M' 'M' 'M' 'U' 'M' 'M' 'U' 'M' 'M' 'U' 'M' 'M' 'M' 'M'
 'U' 'M' 'U' 'U' 'U' 'M' 'U' 'U' 'A' 'M' 'M' 'U' 'M' 'U' 'M' 'M' 'M' 'M'
 'M' 'M' 'M' 'M' 'M' 'U' 'A' 'U' 'M' 'U' 'U' 'U' 'U' 'U' 'M' 'U' 'M' 'M'
 'M' 'M' 'M' 'M' 'M' 'M' 'M' 'M' 'U' 'M' 'M' 'M' 'M' 'M' 'M' 'M' 'M' 'M'
 'M' 'M' 'M' 'A' 'M' 'M' 'M' 'M' 'M' 'M' 'M' 'M' 'M' 'M' 'M' 'A' 'U' 'U'
 'M' 'M' 'U' 'M' 'U' 'M' 'M' 'U' 'M' 'M' 'M' 'M' 'M' 'M' 'U' 'M' 'M' 'U']"
37001,0,158,3,155,40,0,0,"['A' 'M' 'M' 'M' 'U' 'M' 'M' 'M' 'M' 'M' 'U' 'M' 'M' 'M' 'M' 'M' 'U' 'M'
 'M' 'M' 'M' 'M' 'M' 'M' 'M' 'M' 'U' 'U' 'M' 'M' 'M' 'U' 'M' 'M' 'U' 'M'
 'M' 'M' 'M' 'M' 'U' 'M' 'M' 'M' 'U' 'M' 'M' 'M' 'M' 'U' 'M' 'U' 'M' 'M'
 'M' 'M' 'U' 'U' 'M' 'M' 'M' 'M' 'M' 'M' 'M' 'M' 'U' 'U' 'M' 'M' 'M' 'M'
 'M' 'M' 'M' 'U' 'M' 'M' 'M' 'M' 'M' 'U' 'M' 'M' 'M' 'M' 'M' 'M' 'M' 'M'
 'M' 'U' 'M' 'M' 'M' 'M' 'M' 'U' 'M' 'M' 'M' 'M' 'M' 'U' 'M' 'M' 'M' 'M'
 'M' 'M' 'U' 'U' 'U' 'U' 'U' 'M' 'A' 'M' 'M' 'U' 'M' 'U' 'M' 'M' 'M' 'M'
 'M' 'M' 'M' 'M' 'M' 'M' 'M' 'U' 'M' 'U' 'U' 'M' 'U' 'U' 'M' 'U' 'M' 'M'
 'M' 'M' 'M' 'M' 'M' 'M' 'M' 'M' 'M' 'M' 'M' 'M' 'M' 'M' 'U' 'M' 'M' 'M'
 'M' 'M' 'M' 'A' 'M' 'M' 'M' 'M' 'M' 'M' 'U' 'M' 'M' 'M' 'M' 'U' 'U' 'M'
 'M' 'M' 'M' 'M' 'M' 'M' 'M' 'U' 'M' 'M' 'M' 'M' 'M' 'M' 'U' 'M' 'M' 'U']"
37101,0,158,4,154,40,0,0,"['A' 'M' 'M' 'M' 'M' 'M' 'M' 'M' 'M' 'M' 'M' 'M' 'M' 'M' 'M' 'M' 'U' 'M'
 'M' 'M' 'M' 'M' 'M' 'U' 'M' 'M' 'U' 'U' 'M' 'M' 'M' 'U' 'M' 'M' 'M' 'M'
 'M' 'M' 'M' 'M' 'U' 'M' 'M' 'M' 'U' 'M' 'M' 'M' 'M' 'M' 'M' 'U' 'M' 'M'
 'M' 'U' 'U' 'U' 'M' 'M' 'U' 'M' 'M' 'M' 'M' 'U' 'M' 'M' 'M' 'M' 'U' 'U'
 'M' 'M' 'M' 'M' 'M' 'M' 'M' 'M' 'M' 'M' 'M' 'M' 'M' 'M' 'U' 'M' 'M' 'M'
 'M' 'M' 'U' 'M' 'M' 'M' 'M' 'A' 'M' 'M' 'M' 'M' 'M' 'U' 'M' 'M' 'M' 'M'
 'M' 'U' 'U' 'U' 'M' 'U' 'U' 'M' 'A' 'M' 'M' 'U' 'M' 'U' 'M' 'M' 'M' 'M'
 'M' 'M' 'M' 'M' 'M' 'M' 'M' 'U' 'M' 'M' 'U' 'M' 'M' 'U' 'M' 'U' 'M' 'U'
 'M' 'M' 'U' 'M' 'M' 'M' 'U' 'M' 'M' 'M' 'M' 'M' 'M' 'M' 'U' 'M' 'M' 'M'
 'M' 'M' 'M' 'A' 'M' 'M' 'M' 'M' 'M' 'M' 'U' 'M' 'M' 'M' 'M' 'U' 'U' 'M'
 'M' 'U' 'M' 'M' 'M' 'M' 'M' 'U' 'M' 'M' 'M' 'M' 'M' 'M' 'U' 'M' 'M' 'U']"
37201,0,162,4,158,36,1,0,"['A' 'M' 'M' 'M' 'M' 'M' 'M' 'M' 'M' 'M' 'M' 'M' 'M' 'M' 'M' 'M' 'U' 'M'
 'M' 'M' 'M' 'M' 'M' 'U' 'M' 'M' 'M' 'U' 'M' 'U' 'M' 'U' 'M' 'M' 'M' 'M'
 'M' 'M' 'M' 'M' 'U' 'M' 'M' 'M' 'U' 'M' 'M' 'M' 'M' 'M' 'M' 'M' 'M' 'M'
 'M' 'U' 'U' 'U' 'M' 'M' 'M' 'M' 'M' 'M' 'M' 'M' 'M' 'U' 'M' 'U' 'M' 'M'
 'M' 'U' 'U' 'M' 'M' 'U' 'M' 'M' 'M' 'M' 'M' 'M' 'M' 'M' 'M' 'M' 'M' 'M'
 'M' 'M' 'M' 'M' 'M' 'M' 'M' 'A' 'M' 'M' 'M' 'M' 'M' 'U' 'M' 'M' 'M' 'M'
 'M' 'U' 'M' 'M' 'M' 'U' 'A' 'M' 'U' 'M' 'M' 'U' 'M' 'U' 'M' 'M' 'M' 'M'
 'M' 'M' 'M' 'M' 'A' 'M' 'M' 'U' 'M' 'M' 'U' 'M' 'M' 'U' 'M' 'M' 'M' 'U'
 'M' 'M' 'M' 'M' 'M' 'M' 'U' 'M' 'M' 'M' 'M' 'M' 'M' 'M' 'U' 'M' 'M' 'M'
 'M' 'M' 'M' 'U' 'M' 'M' 'U' 'M' 'M' 'M' 'U' 'M' 'M' 'M' 'M' 'U' 'U' 'M'
 'M' 'U' 'U' 'M' 'M' 'M' 'M' 'M' 'M' 'M' 'M' 'M' 'M' 'M' 'U' 'M' 'M' 'U']"
37301,0,164,4,160,34,0,0,"['A' 'M' 'M' 'M' 'M' 'M' 'M' 'M' 'M' 'M' 'M' 'M' 'M' 'M' 'M' 'M' 'U' 'M'
 'M' 'M' 'M' 'M' 'M' 'U' 'M' 'M' 'M' 'M' 'M' 'U' 'M' 'U' 'M' 'M' 'M' 'M'
 'M' 'M' 'M' 'M' 'U' 'M' 'M' 'M' 'U' 'M' 'M' 'U' 'M' 'M' 'M' 'M' 'M' 'M'
 'M' 'U' 'M' 'M' 'M' 'M' 'M' 'M' 'M' 'M' 'M' 'U' 'M' 'M' 'M' 'U' 'M' 'M'
 'M' 'M' 'M' 'M' 'U' 'M' 'M' 'M' 'M' 'U' 'M' 'M' 'M' 'M' 'M' 'M' 'U' 'M'
 'M' 'M' 'M' 'M' 'M' 'M' 'M' 'A' 'M' 'M' 'M' 'M' 'M' 'A' 'M' 'M' 'M' 'M'
 'M' 'U' 'M' 'U' 'M' 'U' 'U' 'M' 'U' 'M' 'M' 'U' 'M' 'M' 'M' 'M' 'M' 'M'
 'M' 'U' 'M' 'M' 'A' 'M' 'M' 'U' 'M' 'M' 'U' 'M' 'M' 'M' 'M' 'M' 'M' 'U'
 'M' 'M' 'M' 'M' 'M' 'M' 'U' 'M' 'M' 'M' 'U' 'M' 'M' 'M' 'U' 'M' 'U' 'M'
 'M' 'M' 'M' 'U' 'M' 'M' 'U' 'M' 'M' 'M' 'U' 'M' 'M' 'M' 'M' 'U' 'U' 'M'
 'M' 'U' 'M' 'M' 'M' 'M' 'M' 'M' 'M' 'M' 'M' 'M' 'M' 'M' 'M' 'M' 'M' 'U']"
37401,0,169,5,164,29,0,0,"['A' 'M' 'M' 'M' 'M' 'M' 'M' 'U' 'M' 'M' 'M' 'M' 'M' 'M' 'M' 'M' 'M' 'M'
 'M' 'M' 'M' 'M' 'M' 'U' 'M' 'M' 'M' 'M' 'M' 'U' 'M' 'U' 'M' 'M' 'M' 'M'
 'M' 'M' 'M' 'M' 'M' 'M' 'U' 'M' 'M' 'M' 'M' 'U' 'M' 'M' 'M' 'M' 'M' 'M'
 'M' 'U' 'M' 'M' 'M' 'M' 'M' 'M' 'M' 'M' 'M' 'M' 'U' 'U' 'M' 'M' 'M' 'M'
 'U' 'M' 'M' 'M' 'M' 'U' 'M' 'M' 'U' 'M' 'M' 'M' 'M' 'M' 'M' 'M' 'M' 'M'
 'M' 'M' 'M' 'M' 'M' 'M' 'M' 'A' 'M' 'M' 'M' 'M' 'M' 'A' 'M' 'M' 'M' 'M'
 'M' 'U' 'M' 'A' 'M' 'M' 'U' 'U' 'U' 'U' 'M' 'M' 'M' 'M' 'M' 'U' 'M' 'M'
 'M' 'M' 'M' 'M' 'A' 'M' 'U' 'U' 'M' 'M' 'M' 'M' 'M' 'M' 'M' 'M' 'M' 'M'
 'M' 'M' 'M' 'M' 'M' 'M' 'U' 'M' 'M' 'M' 'U' 'M' 'M' 'M' 'M' 'U' 'U' 'U'
 'M' 'M' 'M' 'U' 'M' 'M' 'U' 'M' 'M' 'M' 'M' 'M' 'M' 'M' 'M' 'M' 'U' 'M'
 'M' 'M' 'M' 'M' 'M' 'M' 'M' 'M' 'M' 'M' 'M' 'M' 'M' 'M' 'M' 'M' 'M' 'U']"
37501,0,170,3,167,28,0,0,"['A' 'M' 'M' 'M' 'M' 'M' 'M' 'M' 'M' 'M' 'M' 'M' 'M' 'M' 'M' 'M' 'M' 'M'
 'M' 'M' 'M' 'M' 'M' 'U' 'M' 'M' 'M' 'M' 'M' 'U' 'M' 'U' 'M' 'M' 'M' 'M'
 'M' 'M' 'M' 'M' 'M' 'M' 'U' 'M' 'M' 'M' 'M' 'U' 'M' 'M' 'M' 'M' 'M' 'M'
 'M' 'M' 'M' 'M' 'M' 'M' 'M' 'M' 'M' 'M' 'M' 'M' 'M' 'M' 'M' 'U' 'M' 'M'
 'U' 'M' 'M' 'M' 'M' 'M' 'M' 'M' 'U' 'U' 'M' 'M' 'M' 'M' 'M' 'M' 'M' 'M'
 'M' 'M' 'U' 'M' 'M' 'M' 'M' 'A' 'M' 'M' 'M' 'M' 'M' 'A' 'M' 'M' 'M' 'M'
 'M' 'U' 'M' 'U' 'M' 'M' 'U' 'M' 'M' 'M' 'M' 'M' 'M' 'M' 'M' 'U' 'M' 'M'
 'M' 'M' 'M' 'M' 'U' 'M' 'U' 'U' 'M' 'M' 'M' 'M' 'M' 'M' 'M' 'M' 'U' 'M'
 'M' 'M' 'M' 'M' 'M' 'M' 'U' 'M' 'M' 'M' 'U' 'M' 'M' 'M' 'M' 'U' 'U' 'M'
 'U' 'M' 'M' 'U' 'M' 'M' 'U' 'M' 'M' 'M' 'M' 'M' 'M' 'M' 'M' 'U' 'U' 'M'
 'M' 'M' 'M' 'M' 'M' 'M' 'M' 'M' 'M' 'M' 'M' 'M' 'M' 'M' 'M' 'M' 'M' 'U']"
37601,0,172,4,168,26,0,0,"['A' 'M' 'M' 'M' 'M' 'M' 'M' 'M' 'M' 'M' 'M' 'M' 'M' 'M' 'M' 'M' 'M' 'M'
 'M' 'M' 'M' 'M' 'M' 'U' 'M' 'U' 'M' 'M' 'M' 'M' 'M' 'U' 'M' 'M' 'M' 'M'
 'M' 'M' 'M' 'M' 'M' 'M' 'M' 'M' 'M' 'M' 'M' 'U' 'M' 'U' 'U' 'M' 'M' 'M'
 'M' 'M' 'M' 'M' 'U' 'M' 'M' 'M' 'M' 'M' 'M' 'M' 'U' 'M' 'U' 'M' 'M' 'M'
 'M' 'M' 'U' 'M' 'M' 'M' 'M' 'M' 'M' 'U' 'M' 'M' 'M' 'U' 'M' 'M' 'M' 'M'
 'M' 'M' 'M' 'M' 'M' 'M' 'M' 'A' 'M' 'M' 'M' 'M' 'M' 'A' 'M' 'M' 'M' 'M'
 'M' 'M' 'M' 'U' 'U' 'M' 'U' 'M' 'M' 'M' 'M' 'M' 'M' 'M' 'M' 'U' 'M' 'M'
 'M' 'M' 'M' 'M' 'M' 'M' 'U' 'M' 'M' 'M' 'M' 'M' 'M' 'M' 'M' 'M' 'U' 'M'
 'M' 'M' 'M' 'M' 'M' 'M' 'U' 'M' 'U' 'M' 'U' 'M' 'M' 'M' 'M' 'U' 'U' 'M'
 'A' 'M' 'M' 'M' 'M' 'M' 'M' 'M' 'M' 'M' 'M' 'M' 'M' 'M' 'M' 'U' 'U' 'M'
 'M' 'M' 'M' 'M' 'M' 'M' 'M' 'M' 'M' 'M' 'M' 'M' 'M' 'M' 'M' 'M' 'M' 'U']"
37701,0,174,6,168,24,0,0,"['A' 'M' 'M' 'M' 'M' 'M' 'U' 'M' 'M' 'M' 'M' 'M' 'M' 'M' 'M' 'M' 'M' 'M'
 'M' 'M' 'M' 'M' 'M' 'U' 'M' 'M' 'M' 'M' 'M' 'U' 'M' 'U' 'M' 'M' 'M' 'M'
 'M' 'M' 'M' 'M' 'M' 'M' 'M' 'M' 'M' 'M' 'U' 'U' 'M' 'U' 'U' 'M' 'M' 'M'
 'U' 'M' 'M' 'M' 'U' 'M' 'M' 'M' 'M' 'M' 'M' 'M' 'U' 'M' 'M' 'M' 'U' 'U'
 'M' 'M' 'U' 'M' 'M' 'M' 'M' 'M' 'M' 'M' 'M' 'M' 'M' 'M' 'M' 'M' 'M' 'U'
 'M' 'M' 'M' 'M' 'M' 'M' 'M' 'A' 'M' 'M' 'M' 'M' 'M' 'A' 'M' 'M' 'M' 'M'
 'M' 'M' 'M' 'U' 'U' 'M' 'U' 'M' 'M' 'M' 'M' 'M' 'M' 'M' 'M' 'U' 'M' 'M'
 'M' 'M' 'M' 'U' 'M' 'M' 'M' 'M' 'M' 'M' 'M' 'M' 'M' 'M' 'M' 'M' 'M' 'M'
 'U' 'M' 'M' 'M' 'M' 'M' 'A' 'M' 'M' 'M' 'A' 'M' 'M' 'M' 'M' 'M' 'U' 'M'
 'A' 'M' 'M' 'M' 'M' 'M' 'M' 'M' 'M' 'M' 'M' 'M' 'M' 'M' 'M' 'M' 'U' 'M'
 'M' 'M' 'M' 'M' 'M' 'M' 'M' 'M' 'M' 'M' 'M' 'M' 'M' 'M' 'M' 'M' 'M' 'U']"
37801,0,175,6,169,23,0,0,"['A' 'M' 'M' 'M' 'M' 'M' 'M' 'M' 'M' 'M' 'M' 'M' 'M' 'M' 'M' 'M' 'M' 'M'
 'M' 'M' 'M' 'M' 'M' 'U' 'M' 'M' 'M' 'M' 'M' 'U' 'M' 'U' 'M' 'M' 'M' 'M'
 'M' 'M' 'M' 'M' 'M' 'M' 'M' 'U' 'M' 'M' 'U' 'M' 'M' 'U' 'U' 'M' 'M' 'M'
 'U' 'M' 'M' 'M' 'U' 'M' 'M' 'M' 'M' 'M' 'M' 'M' 'M' 'U' 'M' 'M' 'M' 'U'
 'M' 'M' 'M' 'M' 'M' 'M' 'M' 'U' 'M' 'M' 'U' 'M' 'M' 'M' 'M' 'M' 'M' 'M'
 'M' 'U' 'M' 'M' 'M' 'M' 'M' 'A' 'M' 'M' 'M' 'M' 'M' 'A' 'M' 'M' 'M' 'M'
 'M' 'M' 'M' 'M' 'M' 'M' 'U' 'M' 'M' 'M' 'M' 'M' 'M' 'M' 'M' 'U' 'M' 'M'
 'M' 'M' 'M' 'M' 'M' 'M' 'M' 'M' 'M' 'M' 'M' 'M' 'M' 'M' 'M' 'M' 'M' 'M'
 'U' 'M' 'M' 'M' 'M' 'M' 'A' 'M' 'M' 'M' 'A' 'M' 'M' 'M' 'M' 'M' 'U' 'M'
 'A' 'M' 'M' 'M' 'M' 'M' 'M' 'M' 'M' 'M' 'M' 'M' 'M' 'M' 'M' 'M' 'U' 'U'
 'M' 'M' 'M' 'M' 'M' 'M' 'M' 'U' 'M' 'M' 'U' 'M' 'M' 'M' 'M' 'M' 'M' 'U']"
37901,0,170,7,163,28,0,1,"['A' 'M' 'M' 'M' 'M' 'U' 'M' 'M' 'A' 'M' 'M' 'M' 'M' 'M' 'M' 'M' 'M' 'M'
 'M' 'M' 'M' 'M' 'M' 'U' 'M' 'M' 'U' 'M' 'M' 'U' 'M' 'U' 'M' 'M' 'M' 'M'
 'M' 'M' 'M' 'M' 'M' 'M' 'M' 'U' 'M' 'U' 'U' 'M' 'M' 'U' 'U' 'M' 'M' 'M'
 'U' 'M' 'M' 'M' 'U' 'M' 'M' 'M' 'M' 'M' 'M' 'M' 'M' 'M' 'U' 'U' 'M' 'M'
 'U' 'M' 'M' 'U' 'M' 'M' 'M' 'M' 'M' 'M' 'M' 'M' 'M' 'M' 'M' 'M' 'M' 'M'
 'M' 'M' 'U' 'M' 'M' 'M' 'M' 'A' 'M' 'M' 'M' 'M' 'M' 'A' 'M' 'M' 'M' 'M'
 'M' 'M' 'M' 'M' 'U' 'M' 'M' 'M' 'M' 'M' 'M' 'M' 'M' 'M' 'M' 'U' 'M' 'M'
 'M' 'M' 'M' 'M' 'M' 'M' 'M' 'M' 'M' 'M' 'M' 'M' 'M' 'M' 'M' 'M' 'M' 'M'
 'U' 'M' 'M' 'U' 'M' 'M' 'A' 'M' 'M' 'U' 'A' 'M' 'M' 'M' 'M' 'M' 'U' 'M'
 'A' 'M' 'M' 'M' 'M' 'M' 'M' 'M' 'U' 'M' 'M' 'M' 'M' 'M' 'M' 'M' 'U' 'U'
 'M' 'M' 'M' 'M' 'M' 'M' 'M' 'M' 'M' 'M' 'M' 'M' 'U' 'M' 'M' 'M' 'M' 'U']"
38001,0,163,3,160,35,0,0,"['A' 'M' 'M' 'M' 'M' 'U' 'M' 'U' 'A' 'M' 'M' 'U' 'M' 'M' 'M' 'M' 'M' 'M'
 'M' 'M' 'U' 'M' 'M' 'U' 'U' 'M' 'U' 'M' 'M' 'M' 'M' 'U' 'M' 'M' 'M' 'M'
 'M' 'M' 'M' 'M' 'M' 'M' 'M' 'U' 'M' 'M' 'U' 'M' 'M' 'U' 'U' 'M' 'M' 'M'
 'U' 'U' 'M' 'M' 'U' 'M' 'M' 'M' 'M' 'M' 'M' 'M' 'M' 'M' 'M' 'M' 'M' 'M'
 'M' 'M' 'M' 'M' 'M' 'U' 'M' 'M' 'M' 'U' 'M' 'U' 'M' 'U' 'M' 'M' 'M' 'M'
 'M' 'M' 'M' 'U' 'M' 'M' 'M' 'U' 'M' 'M' 'M' 'M' 'M' 'A' 'M' 'M' 'M' 'M'
 'M' 'M' 'M' 'M' 'U' 'M' 'U' 'M' 'M' 'M' 'M' 'M' 'M' 'M' 'U' 'U' 'M' 'M'
 'M' 'M' 'M' 'M' 'M' 'M' 'M' 'M' 'M' 'M' 'M' 'M' 'M' 'M' 'M' 'M' 'M' 'M'
 'M' 'M' 'M' 'U' 'M' 'M' 'U' 'M' 'M' 'U' 'U' 'M' 'M' 'M' 'M' 'M' 'U' 'M'
 'U' 'M' 'M' 'M' 'M' 'M' 'M' 'M' 'U' 'M' 'M' 'M' 'M' 'M' 'M' 'M' 'M' 'U'
 'M' 'M' 'M' 'M' 'M' 'U' 'M' 'M' 'M' 'M' 'M' 'M' 'M' 'M' 'M' 'M' 'M' 'U']"
38101,0,161,3,158,37,0,0,"['A' 'M' 'M' 'M' 'M' 'U' 'M' 'M' 'A' 'M' 'M' 'U' 'M' 'M' 'M' 'M' 'M' 'M'
 'M' 'M' 'U' 'U' 'M' 'U' 'U' 'M' 'U' 'M' 'M' 'M' 'M' 'U' 'M' 'M' 'M' 'M'
 'M' 'M' 'M' 'M' 'M' 'M' 'M' 'U' 'M' 'U' 'U' 'M' 'M' 'M' 'U' 'M' 'M' 'M'
 'U' 'U' 'M' 'M' 'U' 'M' 'M' 'M' 'M' 'M' 'M' 'U' 'M' 'M' 'M' 'M' 'M' 'M'
 'M' 'U' 'U' 'M' 'M' 'M' 'M' 'M' 'M' 'U' 'M' 'U' 'M' 'M' 'M' 'M' 'M' 'M'
 'M' 'M' 'M' 'M' 'M' 'M' 'M' 'U' 'M' 'M' 'M' 'M' 'M' 'U' 'M' 'M' 'M' 'U'
 'M' 'M' 'M' 'M' 'U' 'M' 'U' 'M' 'M' 'M' 'M' 'M' 'M' 'M' 'U' 'U' 'M' 'M'
 'M' 'M' 'M' 'U' 'M' 'M' 'M' 'M' 'M' 'M' 'M' 'M' 'M' 'M' 'M' 'M' 'M' 'M'
 'M' 'M' 'M' 'U' 'M' 'U' 'U' 'M' 'M' 'U' 'M' 'M' 'M' 'M' 'M' 'M' 'A' 'M'
 'U' 'M' 'M' 'M' 'M' 'M' 'M' 'M' 'U' 'M' 'M' 'M' 'M' 'M' 'M' 'M' 'M' 'U'
 'M' 'M' 'M' 'M' 'M' 'U' 'M' 'M' 'M' 'M' 'M' 'M' 'M' 'M' 'M' 'M' 'M' 'U']"
38201,0,161,4,157,37,0,0,"['A' 'M' 'M' 'M' 'M' 'U' 'M' 'M' 'A' 'M' 'M' 'U' 'M' 'M' 'M' 'M' 'M' 'M'
 'U' 'M' 'U' 'U' 'M' 'U' 'U' 'M' 'U' 'M' 'M' 'M' 'M' 'U' 'U' 'M' 'M' 'M'
 'M' 'M' 'M' 'M' 'M' 'M' 'M' 'A' 'M' 'U' 'U' 'M' 'M' 'M' 'U' 'M' 'M' 'M'
 'U' 'U' 'M' 'M' 'U' 'M' 'M' 'M' 'M' 'M' 'M' 'M' 'U' 'M' 'M' 'M' 'M' 'M'
 'M' 'M' 'M' 'M' 'M' 'U' 'M' 'M' 'U' 'M' 'M' 'M' 'M' 'M' 'U' 'M' 'M' 'M'
 'M' 'U' 'M' 'M' 'M' 'M' 'M' 'U' 'M' 'M' 'M' 'M' 'M' 'M' 'M' 'U' 'M' 'U'
 'M' 'M' 'M' 'M' 'U' 'M' 'U' 'M' 'U' 'M' 'M' 'M' 'M' 'M' 'U' 'U' 'M' 'M'
 'M' 'M' 'M' 'U' 'M' 'M' 'M' 'M' 'M' 'M' 'M' 'M' 'U' 'M' 'M' 'M' 'M' 'M'
 'M' 'M' 'M' 'M' 'M' 'U' 'U' 'M' 'M' 'M' 'M' 'M' 'M' 'M' 'M' 'M' 'A' 'M'
 'U' 'M' 'M' 'M' 'M' 'M' 'M' 'M' 'U' 'M' 'M' 'M' 'M' 'M' 'M' 'M' 'M' 'U'
 'M' 'M' 'M' 'M' 'M' 'U' 'M' 'M' 'M' 'M' 'M' 'M' 'M' 'M' 'M' 'M' 'M' 'M']"
38301,0,168,4,164,30,0,0,"['A' 'M' 'M' 'M' 'M' 'U' 'M' 'M' 'M' 'U' 'M' 'U' 'M' 'M' 'M' 'M' 'M' 'M'
 'M' 'M' 'M' 'M' 'M' 'U' 'M' 'M' 'U' 'M' 'M' 'M' 'U' 'U' 'M' 'M' 'M' 'U'
 'M' 'M' 'M' 'M' 'M' 'M' 'M' 'A' 'M' 'U' 'U' 'M' 'M' 'M' 'U' 'M' 'M' 'M'
 'U' 'U' 'M' 'M' 'M' 'M' 'M' 'M' 'M' 'M' 'M' 'U' 'M' 'U' 'M' 'M' 'M' 'M'
 'M' 'M' 'M' 'M' 'M' 'M' 'M' 'M' 'M' 'U' 'M' 'M' 'M' 'M' 'M' 'M' 'M' 'M'
 'M' 'M' 'M' 'U' 'U' 'M' 'M' 'U' 'M' 'U' 'M' 'M' 'M' 'M' 'M' 'M' 'M' 'M'
 'M' 'M' 'M' 'M' 'M' 'M' 'M' 'M' 'U' 'M' 'M' 'M' 'M' 'M' 'U' 'U' 'M' 'M'
 'M' 'M' 'M' 'M' 'M' 'M' 'M' 'M' 'M' 'M' 'M' 'M' 'U' 'M' 'M' 'M' 'U' 'M'
 'M' 'M' 'M' 'M' 'M' 'M' 'U' 'M' 'M' 'M' 'M' 'M' 'M' 'M' 'M' 'M' 'A' 'M'
 'U' 'M' 'M' 'M' 'M' 'M' 'U' 'M' 'U' 'M' 'M' 'M' 'M' 'M' 'M' 'M' 'M' 'U'
 'M' 'M' 'M' 'M' 'M' 'A' 'M' 'M' 'M' 'M' 'M' 'M' 'M' 'M' 'M' 'M' 'M' 'M']"
38401,0,170,3,167,28,0,0,"['A' 'M' 'M' 'M' 'M' 'U' 'M' 'M' 'M' 'U' 'M' 'M' 'M' 'M' 'M' 'M' 'M' 'U'
 'M' 'M' 'M' 'M' 'M' 'U' 'M' 'U' 'U' 'M' 'M' 'M' 'U' 'U' 'M' 'M' 'M' 'M'
 'M' 'M' 'M' 'M' 'M' 'M' 'M' 'U' 'M' 'U' 'U' 'M' 'M' 'M' 'M' 'M' 'M' 'M'
 'U' 'U' 'M' 'M' 'M' 'M' 'M' 'M' 'M' 'M' 'M' 'M' 'M' 'M' 'M' 'U' 'M' 'M'
 'M' 'M' 'M' 'M' 'M' 'M' 'M' 'M' 'M' 'U' 'U' 'M' 'M' 'M' 'M' 'M' 'M' 'U'
 'M' 'M' 'M' 'M' 'U' 'M' 'M' 'U' 'M' 'U' 'M' 'M' 'M' 'M' 'M' 'M' 'M' 'M'
 'M' 'M' 'U' 'M' 'M' 'M' 'M' 'M' 'U' 'M' 'M' 'M' 'M' 'M' 'U' 'U' 'M' 'M'
 'M' 'M' 'M' 'M' 'M' 'M' 'M' 'M' 'M' 'M' 'M' 'M' 'U' 'M' 'M' 'M' 'M' 'M'
 'M' 'M' 'M' 'M' 'M' 'M' 'A' 'M' 'M' 'M' 'M' 'M' 'M' 'M' 'M' 'U' 'U' 'M'
 'M' 'M' 'M' 'M' 'M' 'M' 'M' 'M' 'U' 'M' 'M' 'M' 'M' 'M' 'M' 'M' 'M' 'M'
 'M' 'M' 'M' 'M' 'M' 'A' 'M' 'M' 'M' 'M' 'M' 'M' 'M' 'M' 'M' 'M' 'M' 'M']"
38501,0,171,4,167,27,1,0,"['A' 'M' 'M' 'M' 'M' 'U' 'M' 'M' 'U' 'U' 'M' 'M' 'M' 'M' 'M' 'M' 'M' 'U'
 'M' 'M' 'M' 'M' 'U' 'U' 'M' 'U' 'U' 'M' 'M' 'M' 'U' 'M' 'M' 'M' 'M' 'M'
 'M' 'M' 'M' 'M' 'M' 'M' 'M' 'U' 'M' 'M' 'M' 'M' 'M' 'M' 'M' 'M' 'M' 'M'
 'U' 'U' 'M' 'M' 'M' 'M' 'M' 'M' 'M' 'M' 'M' 'U' 'U' 'M' 'M' 'U' 'M' 'M'
 'M' 'M' 'M' 'M' 'M' 'M' 'M' 'M' 'M' 'M' 'M' 'M' 'M' 'M' 'M' 'U' 'M' 'M'
 'U' 'M' 'M' 'M' 'M' 'M' 'M' 'A' 'M' 'U' 'M' 'M' 'M' 'M' 'M' 'U' 'M' 'M'
 'M' 'M' 'M' 'M' 'M' 'M' 'M' 'M' 'U' 'M' 'M' 'M' 'M' 'M' 'U' 'U' 'M' 'M'
 'M' 'M' 'M' 'M' 'M' 'M' 'M' 'M' 'M' 'M' 'M' 'M' 'M' 'U' 'M' 'M' 'M' 'M'
 'M' 'M' 'M' 'M' 'M' 'M' 'A' 'M' 'M' 'M' 'M' 'M' 'M' 'M' 'M' 'U' 'U' 'M'
 'M' 'M' 'M' 'M' 'M' 'M' 'M' 'M' 'U' 'M' 'M' 'A' 'M' 'M' 'M' 'M' 'M' 'M'
 'M' 'M' 'M' 'M' 'M' 'U' 'M' 'M' 'M' 'M' 'M' 'M' 'M' 'M' 'M' 'M' 'M' 'M']"
38601,0,163,4,159,35,0,0,"['A' 'M' 'M' 'M' 'M' 'U' 'M' 'M' 'U' 'M' 'M' 'M' 'M' 'U' 'M' 'M' 'M' 'U'
 'U' 'M' 'M' 'M' 'U' 'U' 'M' 'U' 'U' 'M' 'M' 'M' 'U' 'M' 'M' 'M' 'M' 'M'
 'M' 'M' 'M' 'M' 'M' 'M' 'U' 'U' 'M' 'M' 'M' 'M' 'M' 'M' 'M' 'M' 'M' 'M'
 'M' 'M' 'U' 'M' 'M' 'M' 'M' 'M' 'M' 'M' 'M' 'U' 'M' 'M' 'M' 'M' 'M' 'M'
 'M' 'M' 'M' 'M' 'M' 'M' 'M' 'M' 'M' 'M' 'M' 'M' 'U' 'M' 'M' 'M' 'M' 'U'
 'M' 'U' 'U' 'M' 'M' 'M' 'M' 'A' 'U' 'U' 'M' 'M' 'M' 'M' 'M' 'U' 'U' 'M'
 'M' 'M' 'M' 'M' 'M' 'M' 'M' 'M' 'U' 'M' 'M' 'M' 'M' 'M' 'U' 'U' 'M' 'M'
 'M' 'M' 'M' 'M' 'M' 'M' 'M' 'M' 'M' 'M' 'M' 'M' 'M' 'M' 'M' 'M' 'M' 'U'
 'U' 'M' 'M' 'M' 'U' 'M' 'A' 'M' 'M' 'M' 'M' 'M' 'U' 'M' 'M' 'U' 'M' 'M'
 'M' 'M' 'M' 'M' 'M' 'M' 'U' 'M' 'U' 'M' 'M' 'A' 'U' 'M' 'M' 'M' 'M' 'M'
 'M' 'M' 'M' 'M' 'M' 'U' 'M' 'M' 'U' 'M' 'M' 'M' 'M' 'M' 'M' 'M' 'M' 'M']"
38701,0,167,3,164,31,0,0,"['A' 'M' 'M' 'M' 'M' 'U' 'M' 'M' 'U' 'M' 'M' 'M' 'M' 'U' 'M' 'M' 'M' 'M'
 'U' 'M' 'M' 'M' 'M' 'M' 'M' 'M' 'M' 'M' 'M' 'M' 'U' 'M' 'M' 'M' 'M' 'M'
 'M' 'M' 'M' 'M' 'M' 'M' 'U' 'U' 'M' 'M' 'M' 'M' 'M' 'M' 'M' 'M' 'M' 'M'
 'M' 'M' 'M' 'M' 'M' 'M' 'M' 'M' 'M' 'M' 'M' 'M' 'M' 'M' 'M' 'M' 'M' 'M'
 'U' 'M' 'M' 'M' 'M' 'M' 'U' 'M' 'M' 'M' 'M' 'U' 'M' 'M' 'M' 'M' 'M' 'M'
 'M' 'U' 'M' 'U' 'M' 'M' 'M' 'U' 'U' 'M' 'U' 'M' 'M' 'M' 'M' 'U' 'U' 'M'
 'M' 'M' 'M' 'M' 'M' 'M' 'M' 'M' 'M' 'M' 'M' 'M' 'M' 'M' 'U' 'U' 'M' 'M'
 'M' 'M' 'M' 'M' 'M' 'M' 'M' 'M' 'M' 'M' 'M' 'M' 'M' 'U' 'M' 'M' 'M' 'U'
 'U' 'U' 'M' 'M' 'U' 'M' 'U' 'M' 'M' 'M' 'M' 'M' 'U' 'M' 'M' 'U' 'M' 'M'
 'M' 'M' 'M' 'M' 'M' 'M' 'U' 'M' 'M' 'M' 'M' 'A' 'M' 'M' 'M' 'M' 'M' 'M'
 'M' 'M' 'M' 'U' 'M' 'U' 'M' 'M' 'A' 'M' 'M' 'M' 'M' 'U' 'M' 'M' 'M' 'M']"
38801,0,171,4,167,27,0,0,"['A' 'M' 'M' 'M' 'M' 'U' 'U' 'M' 'M' 'M' 'M' 'M' 'M' 'U' 'M' 'M' 'M' 'M'
 'M' 'M' 'M' 'M' 'M' 'M' 'M' 'M' 'M' 'M' 'M' 'M' 'U' 'M' 'M' 'M' 'M' 'M'
 'M' 'M' 'M' 'M' 'M' 'M' 'U' 'U' 'M' 'M' 'M' 'M' 'M' 'U' 'M' 'M' 'M' 'M'
 'M' 'M' 'M' 'M' 'M' 'M' 'M' 'M' 'M' 'M' 'M' 'M' 'M' 'M' 'M' 'M' 'M' 'M'
 'M' 'M' 'M' 'M' 'M' 'M' 'U' 'M' 'U' 'M' 'M' 'U' 'M' 'U' 'M' 'M' 'M' 'M'
 'M' 'U' 'M' 'M' 'M' 'M' 'M' 'U' 'M' 'M' 'U' 'M' 'M' 'M' 'M' 'U' 'M' 'M'
 'M' 'M' 'M' 'M' 'M' 'M' 'M' 'M' 'M' 'M' 'M' 'M' 'M' 'M' 'U' 'U' 'U' 'M'
 'M' 'M' 'M' 'M' 'M' 'M' 'M' 'M' 'M' 'M' 'M' 'M' 'M' 'M' 'M' 'M' 'M' 'U'
 'U' 'U' 'M' 'M' 'U' 'M' 'A' 'M' 'M' 'M' 'M' 'M' 'U' 'M' 'M' 'U' 'M' 'M'
 'M' 'M' 'M' 'U' 'M' 'M' 'U' 'M' 'M' 'M' 'M' 'A' 'M' 'M' 'M' 'M' 'M' 'M'
 'M' 'M' 'M' 'M' 'M' 'M' 'M' 'M' 'A' 'M' 'M' 'M' 'U' 'M' 'M' 'M' 'M' 'M']"
38901,0,170,5,165,28,0,1,"['A' 'M' 'M' 'M' 'M' 'U' 'U' 'M' 'M' 'M' 'U' 'M' 'M' 'A' 'M' 'M' 'M' 'M'
 'M' 'M' 'M' 'M' 'M' 'M' 'M' 'M' 'M' 'M' 'M' 'M' 'U' 'M' 'M' 'M' 'M' 'M'
 'M' 'M' 'M' 'M' 'M' 'M' 'U' 'U' 'M' 'M' 'M' 'M' 'M' 'U' 'M' 'M' 'M' 'M'
 'M' 'M' 'M' 'M' 'M' 'M' 'M' 'M' 'M' 'M' 'M' 'M' 'M' 'U' 'M' 'M' 'M' 'M'
 'M' 'M' 'M' 'M' 'U' 'M' 'M' 'U' 'M' 'M' 'M' 'M' 'M' 'M' 'M' 'M' 'U' 'M'
 'M' 'M' 'M' 'M' 'U' 'M' 'M' 'U' 'M' 'M' 'M' 'M' 'M' 'M' 'M' 'U' 'U' 'U'
 'M' 'M' 'M' 'M' 'M' 'M' 'M' 'M' 'M' 'M' 'M' 'M' 'M' 'M' 'U' 'M' 'U' 'M'
 'M' 'M' 'M' 'M' 'M' 'M' 'M' 'M' 'M' 'M' 'M' 'M' 'U' 'M' 'M' 'M' 'M' 'U'
 'U' 'M' 'M' 'M' 'M' 'M' 'A' 'M' 'M' 'M' 'M' 'U' 'U' 'M' 'M' 'M' 'M' 'M'
 'M' 'M' 'M' 'U' 'M' 'M' 'U' 'M' 'M' 'M' 'M' 'A' 'M' 'M' 'M' 'M' 'M' 'M'
 'M' 'M' 'U' 'M' 'M' 'M' 'M' 'M' 'A' 'M' 'U' 'M' 'M' 'M' 'M' 'M' 'M' 'U']"
39001,0,173,6,167,25,0,0,"['A' 'M' 'M' 'M' 'M' 'M' 'U' 'M' 'M' 'M' 'M' 'M' 'M' 'A' 'U' 'M' 'M' 'M'
 'M' 'M' 'M' 'M' 'M' 'M' 'M' 'M' 'M' 'M' 'M' 'M' 'U' 'M' 'M' 'M' 'U' 'M'
 'M' 'M' 'M' 'M' 'M' 'M' 'U' 'U' 'M' 'M' 'M' 'M' 'M' 'A' 'M' 'M' 'M' 'M'
 'M' 'M' 'M' 'M' 'M' 'M' 'M' 'M' 'M' 'M' 'M' 'M' 'M' 'U' 'M' 'U' 'M' 'M'
 'U' 'M' 'M' 'M' 'M' 'M' 'M' 'M' 'M' 'M' 'M' 'M' 'M' 'U' 'M' 'M' 'M' 'M'
 'U' 'M' 'M' 'M' 'M' 'M' 'M' 'U' 'M' 'U' 'M' 'M' 'M' 'M' 'M' 'M' 'U' 'U'
 'M' 'M' 'U' 'M' 'M' 'M' 'M' 'M' 'M' 'M' 'M' 'M' 'M' 'M' 'U' 'M' 'M' 'M'
 'M' 'M' 'M' 'M' 'M' 'M' 'M' 'M' 'M' 'M' 'M' 'M' 'M' 'M' 'M' 'M' 'M' 'U'
 'U' 'M' 'M' 'M' 'M' 'M' 'A' 'M' 'M' 'M' 'M' 'U' 'M' 'M' 'M' 'U' 'M' 'M'
 'U' 'M' 'M' 'U' 'M' 'M' 'U' 'M' 'M' 'M' 'M' 'A' 'M' 'M' 'M' 'M' 'M' 'M'
 'M' 'M' 'U' 'M' 'M' 'M' 'M' 'M' 'A' 'M' 'M' 'M' 'M' 'M' 'M' 'M' 'M' 'M']"
39101,0,166,5,161,32,0,0,"['A' 'M' 'M' 'M' 'M' 'M' 'M' 'M' 'U' 'M' 'M' 'U' 'M' 'A' 'U' 'M' 'M' 'M'
 'M' 'M' 'M' 'M' 'M' 'U' 'M' 'M' 'M' 'M' 'M' 'M' 'U' 'M' 'M' 'M' 'M' 'M'
 'M' 'U' 'M' 'M' 'M' 'M' 'U' 'M' 'M' 'M' 'M' 'M' 'M' 'A' 'M' 'M' 'M' 'M'
 'M' 'M' 'M' 'M' 'M' 'M' 'M' 'M' 'M' 'M' 'M' 'M' 'M' 'M' 'M' 'M' 'M' 'M'
 'M' 'M' 'M' 'M' 'M' 'M' 'U' 'M' 'U' 'M' 'U' 'M' 'M' 'M' 'M' 'U' 'M' 'M'
 'M' 'M' 'U' 'M' 'M' 'M' 'M' 'M' 'M' 'U' 'U' 'M' 'M' 'M' 'M' 'M' 'U' 'M'
 'M' 'M' 'U' 'M' 'M' 'U' 'M' 'M' 'M' 'M' 'M' 'M' 'M' 'M' 'U' 'M' 'U' 'M'
 'M' 'M' 'M' 'M' 'U' 'M' 'M' 'U' 'M' 'U' 'M' 'U' 'U' 'M' 'M' 'M' 'M' 'M'
 'U' 'M' 'M' 'M' 'M' 'M' 'A' 'M' 'M' 'M' 'M' 'U' 'M' 'M' 'M' 'U' 'M' 'M'
 'U' 'M' 'M' 'U' 'M' 'M' 'M' 'M' 'M' 'M' 'M' 'A' 'M' 'M' 'M' 'M' 'M' 'M'
 'M' 'M' 'U' 'M' 'M' 'M' 'M' 'M' 'U' 'M' 'U' 'M' 'M' 'M' 'M' 'M' 'M' 'M']"
39201,0,161,2,159,37,0,0,"['A' 'M' 'M' 'M' 'M' 'M' 'M' 'M' 'U' 'M' 'M' 'U' 'M' 'U' 'U' 'M' 'M' 'M'
 'M' 'M' 'M' 'M' 'M' 'U' 'M' 'M' 'M' 'U' 'M' 'M' 'U' 'M' 'M' 'M' 'M' 'M'
 'M' 'M' 'M' 'U' 'M' 'M' 'U' 'M' 'M' 'M' 'M' 'M' 'M' 'A' 'M' 'M' 'M' 'M'
 'M' 'M' 'M' 'M' 'M' 'M' 'M' 'M' 'M' 'M' 'M' 'M' 'M' 'M' 'U' 'M' 'M' 'M'
 'M' 'M' 'M' 'M' 'M' 'M' 'U' 'M' 'M' 'U' 'M' 'M' 'U' 'M' 'M' 'U' 'M' 'M'
 'M' 'M' 'M' 'M' 'M' 'M' 'M' 'M' 'M' 'U' 'M' 'M' 'M' 'M' 'M' 'M' 'U' 'M'
 'M' 'M' 'U' 'M' 'M' 'U' 'M' 'M' 'M' 'M' 'M' 'M' 'M' 'M' 'M' 'M' 'U' 'M'
 'M' 'M' 'M' 'M' 'M' 'U' 'U' 'U' 'U' 'U' 'U' 'U' 'M' 'M' 'M' 'U' 'M' 'U'
 'U' 'M' 'M' 'M' 'M' 'M' 'U' 'M' 'M' 'M' 'M' 'U' 'M' 'M' 'M' 'U' 'M' 'M'
 'U' 'M' 'M' 'M' 'M' 'M' 'M' 'M' 'M' 'M' 'M' 'M' 'M' 'M' 'M' 'M' 'M' 'M'
 'M' 'M' 'U' 'M' 'U' 'M' 'M' 'M' 'M' 'M' 'U' 'M' 'M' 'M' 'M' 'U' 'M' 'M']"
39301,0,171,3,168,27,0,0,"['A' 'U' 'M' 'M' 'M' 'M' 'U' 'M' 'M' 'M' 'M' 'M' 'M' 'M' 'M' 'M' 'M' 'M'
 'M' 'M' 'M' 'M' 'U' 'M' 'M' 'M' 'M' 'U' 'M' 'M' 'U' 'M' 'M' 'M' 'M' 'M'
 'M' 'M' 'M' 'M' 'M' 'M' 'U' 'M' 'M' 'M' 'M' 'M' 'M' 'A' 'M' 'M' 'M' 'M'
 'M' 'M' 'M' 'M' 'M' 'M' 'U' 'M' 'M' 'M' 'M' 'M' 'U' 'M' 'M' 'M' 'M' 'U'
 'M' 'M' 'U' 'U' 'M' 'M' 'M' 'M' 'M' 'M' 'M' 'M' 'M' 'M' 'M' 'U' 'M' 'M'
 'M' 'M' 'M' 'M' 'M' 'M' 'M' 'M' 'M' 'U' 'M' 'M' 'M' 'M' 'M' 'M' 'U' 'M'
 'M' 'M' 'M' 'M' 'M' 'U' 'M' 'M' 'M' 'M' 'M' 'M' 'M' 'M' 'M' 'M' 'M' 'M'
 'M' 'M' 'M' 'M' 'M' 'U' 'M' 'U' 'M' 'U' 'U' 'M' 'M' 'M' 'M' 'A' 'M' 'U'
 'M' 'M' 'M' 'M' 'M' 'M' 'U' 'M' 'M' 'M' 'M' 'U' 'M' 'M' 'M' 'M' 'M' 'M'
 'U' 'U' 'M' 'M' 'M' 'M' 'M' 'M' 'M' 'M' 'M' 'M' 'M' 'M' 'U' 'M' 'M' 'M'
 'M' 'M' 'U' 'M' 'U' 'M' 'M' 'M' 'M' 'M' 'M' 'M' 'M' 'M' 'M' 'M' 'M' 'M']"
39401,0,166,3,163,32,1,0,"['A' 'U' 'M' 'M' 'M' 'M' 'U' 'M' 'M' 'M' 'M' 'M' 'M' 'M' 'M' 'M' 'M' 'M'
 'M' 'M' 'M' 'M' 'U' 'M' 'M' 'M' 'M' 'M' 'M' 'M' 'U' 'M' 'M' 'M' 'M' 'M'
 'M' 'M' 'M' 'M' 'M' 'M' 'U' 'M' 'M' 'M' 'M' 'U' 'M' 'U' 'M' 'M' 'M' 'M'
 'M' 'M' 'M' 'M' 'M' 'M' 'U' 'M' 'M' 'M' 'M' 'U' 'M' 'M' 'U' 'M' 'U' 'M'
 'M' 'M' 'M' 'M' 'M' 'M' 'M' 'M' 'M' 'M' 'M' 'M' 'M' 'M' 'M' 'M' 'M' 'M'
 'M' 'M' 'U' 'M' 'U' 'M' 'M' 'M' 'M' 'U' 'M' 'M' 'M' 'U' 'M' 'M' 'M' 'M'
 'M' 'M' 'M' 'U' 'M' 'U' 'M' 'M' 'U' 'M' 'M' 'A' 'M' 'M' 'U' 'M' 'M' 'M'
 'M' 'M' 'M' 'M' 'M' 'U' 'M' 'U' 'M' 'U' 'U' 'M' 'M' 'M' 'M' 'A' 'M' 'U'
 'M' 'M' 'M' 'M' 'M' 'M' 'U' 'M' 'M' 'M' 'M' 'M' 'M' 'M' 'M' 'M' 'M' 'M'
 'U' 'U' 'U' 'M' 'M' 'M' 'M' 'M' 'M' 'M' 'M' 'M' 'M' 'M' 'U' 'M' 'M' 'M'
 'M' 'M' 'M' 'U' 'U' 'M' 'M' 'M' 'M' 'M' 'M' 'M' 'M' 'M' 'M' 'M' 'M' 'U']"
39501,0,156,1,155,42,0,0,"['A' 'U' 'M' 'U' 'M' 'M' 'U' 'M' 'M' 'M' 'M' 'M' 'M' 'M' 'M' 'M' 'M' 'M'
 'M' 'M' 'M' 'M' 'U' 'M' 'M' 'M' 'M' 'M' 'U' 'M' 'U' 'M' 'M' 'M' 'U' 'M'
 'M' 'M' 'M' 'M' 'M' 'M' 'U' 'M' 'M' 'M' 'M' 'U' 'M' 'U' 'M' 'M' 'M' 'M'
 'U' 'M' 'M' 'M' 'M' 'M' 'U' 'M' 'M' 'M' 'M' 'M' 'M' 'M' 'M' 'M' 'U' 'M'
 'U' 'M' 'M' 'M' 'M' 'M' 'U' 'M' 'M' 'M' 'M' 'M' 'M' 'M' 'M' 'M' 'M' 'M'
 'U' 'M' 'M' 'U' 'M' 'M' 'M' 'M' 'M' 'M' 'M' 'M' 'M' 'U' 'M' 'M' 'M' 'M'
 'M' 'M' 'M' 'U' 'M' 'U' 'M' 'M' 'U' 'M' 'M' 'U' 'M' 'M' 'U' 'M' 'M' 'M'
 'M' 'M' 'M' 'U' 'M' 'U' 'U' 'U' 'U' 'U' 'U' 'U' 'U' 'M' 'M' 'U' 'M' 'U'
 'M' 'M' 'U' 'M' 'M' 'M' 'U' 'M' 'M' 'M' 'M' 'M' 'M' 'M' 'M' 'M' 'M' 'M'
 'M' 'M' 'U' 'M' 'M' 'M' 'M' 'M' 'M' 'M' 'M' 'M' 'M' 'M' 'U' 'M' 'M' 'U'
 'M' 'M' 'M' 'U' 'U' 'M' 'M' 'M' 'M' 'M' 'M' 'M' 'M' 'M' 'M' 'M' 'M' 'U']"
39601,0,164,3,161,34,0,0,"['A' 'U' 'M' 'U' 'M' 'M' 'U' 'M' 'M' 'M' 'M' 'M' 'M' 'M' 'M' 'M' 'M' 'M'
 'M' 'M' 'M' 'M' 'U' 'M' 'M' 'M' 'M' 'M' 'U' 'M' 'U' 'M' 'M' 'M' 'M' 'M'
 'M' 'M' 'M' 'M' 'M' 'M' 'M' 'M' 'M' 'M' 'M' 'U' 'M' 'M' 'M' 'M' 'M' 'M'
 'M' 'U' 'M' 'M' 'M' 'M' 'U' 'M' 'M' 'M' 'M' 'M' 'U' 'U' 'M' 'M' 'M' 'M'
 'M' 'M' 'M' 'M' 'M' 'M' 'M' 'M' 'M' 'U' 'M' 'M' 'M' 'M' 'U' 'M' 'M' 'M'
 'M' 'M' 'U' 'M' 'M' 'M' 'M' 'M' 'M' 'M' 'M' 'M' 'M' 'M' 'M' 'M' 'M' 'M'
 'U' 'M' 'M' 'M' 'M' 'U' 'M' 'M' 'U' 'M' 'M' 'U' 'M' 'M' 'U' 'M' 'M' 'M'
 'M' 'M' 'M' 'U' 'M' 'M' 'A' 'U' 'U' 'M' 'U' 'U' 'U' 'M' 'M' 'U' 'M' 'M'
 'M' 'M' 'M' 'M' 'M' 'M' 'M' 'M' 'M' 'M' 'M' 'M' 'M' 'M' 'M' 'M' 'M' 'M'
 'M' 'M' 'U' 'M' 'M' 'M' 'M' 'U' 'M' 'U' 'M' 'M' 'M' 'M' 'U' 'M' 'U' 'U'
 'M' 'M' 'M' 'U' 'A' 'M' 'M' 'M' 'M' 'M' 'U' 'M' 'M' 'M' 'M' 'M' 'M' 'M']"
39701,0,166,1,165,32,0,0,"['A' 'U' 'M' 'U' 'M' 'M' 'U' 'M' 'M' 'M' 'M' 'M' 'M' 'M' 'M' 'U' 'M' 'M'
 'M' 'M' 'M' 'M' 'U' 'M' 'M' 'M' 'M' 'M' 'U' 'M' 'M' 'M' 'M' 'M' 'M' 'M'
 'M' 'M' 'M' 'M' 'M' 'M' 'M' 'U' 'M' 'M' 'M' 'U' 'M' 'M' 'M' 'M' 'M' 'M'
 'M' 'U' 'M' 'M' 'M' 'U' 'U' 'M' 'M' 'M' 'M' 'M' 'M' 'M' 'M' 'M' 'M' 'M'
 'U' 'U' 'M' 'M' 'M' 'M' 'M' 'M' 'M' 'M' 'U' 'M' 'U' 'M' 'M' 'M' 'M' 'M'
 'M' 'M' 'U' 'M' 'M' 'M' 'U' 'M' 'M' 'M' 'M' 'M' 'M' 'M' 'M' 'M' 'M' 'M'
 'U' 'M' 'M' 'M' 'M' 'U' 'M' 'U' 'U' 'M' 'M' 'U' 'M' 'M' 'U' 'M' 'M' 'M'
 'M' 'M' 'M' 'U' 'M' 'M' 'M' 'U' 'M' 'M' 'U' 'M' 'U' 'M' 'M' 'M' 'M' 'M'
 'M' 'M' 'M' 'M' 'M' 'U' 'M' 'M' 'M' 'M' 'M' 'M' 'M' 'M' 'M' 'M' 'M' 'M'
 'M' 'M' 'M' 'M' 'M' 'M' 'M' 'M' 'M' 'M' 'M' 'M' 'U' 'M' 'M' 'M' 'U' 'M'
 'M' 'M' 'M' 'M' 'U' 'M' 'M' 'M' 'M' 'M' 'U' 'M' 'M' 'M' 'M' 'M' 'M' 'M']"
39801,0,162,1,161,36,0,0,"['A' 'U' 'M' 'U' 'U' 'M' 'U' 'M' 'M' 'M' 'M' 'M' 'M' 'M' 'M' 'M' 'M' 'M'
 'M' 'M' 'M' 'M' 'U' 'M' 'M' 'M' 'M' 'M' 'M' 'M' 'M' 'M' 'M' 'M' 'U' 'M'
 'M' 'M' 'M' 'M' 'M' 'M' 'M' 'M' 'M' 'M' 'M' 'U' 'M' 'M' 'M' 'M' 'M' 'M'
 'M' 'U' 'M' 'M' 'M' 'U' 'U' 'M' 'M' 'M' 'M' 'M' 'M' 'U' 'M' 'M' 'U' 'M'
 'M' 'M' 'M' 'U' 'M' 'M' 'M' 'M' 'M' 'M' 'M' 'M' 'M' 'M' 'M' 'M' 'M' 'M'
 'M' 'M' 'U' 'M' 'U' 'M' 'U' 'M' 'M' 'M' 'M' 'M' 'M' 'M' 'M' 'M' 'M' 'U'
 'U' 'M' 'M' 'M' 'M' 'U' 'U' 'U' 'U' 'M' 'M' 'U' 'M' 'M' 'U' 'M' 'M' 'M'
 'M' 'M' 'U' 'U' 'M' 'M' 'U' 'U' 'U' 'U' 'U' 'M' 'U' 'M' 'M' 'U' 'M' 'M'
 'M' 'M' 'M' 'M' 'M' 'M' 'M' 'M' 'M' 'M' 'M' 'M' 'M' 'M' 'M' 'M' 'M' 'M'
 'M' 'M' 'M' 'M' 'M' 'M' 'M' 'M' 'M' 'M' 'M' 'M' 'U' 'U' 'M' 'M' 'M' 'M'
 'M' 'M' 'M' 'M' 'U' 'M' 'M' 'M' 'M' 'M' 'M' 'M' 'M' 'M' 'M' 'M' 'M' 'M']"
39901,0,163,1,162,35,1,0,"['A' 'U' 'M' 'M' 'U' 'M' 'U' 'M' 'M' 'M' 'M' 'M' 'M' 'M' 'M' 'M' 'M' 'M'
 'M' 'M' 'M' 'M' 'U' 'M' 'M' 'M' 'M' 'M' 'M' 'M' 'M' 'M' 'M' 'M' 'U' 'M'
 'M' 'M' 'M' 'M' 'M' 'M' 'M' 'U' 'M' 'M' 'U' 'U' 'M' 'M' 'M' 'M' 'U' 'U'
 'M' 'U' 'M' 'M' 'M' 'M' 'M' 'M' 'M' 'M' 'M' 'M' 'M' 'M' 'U' 'M' 'M' 'M'
 'M' 'M' 'M' 'U' 'M' 'M' 'M' 'M' 'M' 'M' 'U' 'M' 'M' 'M' 'U' 'M' 'M' 'M'
 'M' 'U' 'M' 'M' 'M' 'M' 'U' 'M' 'M' 'M' 'M' 'M' 'M' 'M' 'M' 'M' 'M' 'U'
 'M' 'M' 'M' 'M' 'M' 'M' 'M' 'U' 'U' 'M' 'M' 'U' 'M' 'M' 'M' 'M' 'M' 'M'
 'M' 'M' 'U' 'U' 'M' 'U' 'U' 'U' 'U' 'U' 'U' 'U' 'U' 'M' 'M' 'U' 'M' 'M'
 'M' 'M' 'M' 'M' 'M' 'M' 'M' 'M' 'M' 'M' 'M' 'U' 'M' 'M' 'M' 'M' 'M' 'M'
 'M' 'M' 'M' 'M' 'M' 'M' 'M' 'M' 'M' 'M' 'M' 'M' 'U' 'U' 'M' 'M' 'M' 'M'
 'M' 'M' 'M' 'M' 'M' 'M' 'M' 'M' 'M' 'M' 'M' 'M' 'M' 'M' 'M' 'M' 'M' 'M']"
40001,0,162,1,161,36,0,0,"['A' 'U' 'M' 'M' 'U' 'M' 'U' 'M' 'M' 'M' 'M' 'M' 'M' 'U' 'M' 'M' 'M' 'M'
 'M' 'M' 'M' 'M' 'U' 'M' 'M' 'M' 'M' 'M' 'M' 'M' 'M' 'M' 'M' 'M' 'M' 'M'
 'M' 'M' 'M' 'M' 'M' 'M' 'M' 'U' 'U' 'M' 'M' 'U' 'M' 'M' 'M' 'M' 'U' 'U'
 'M' 'M' 'M' 'M' 'M' 'M' 'M' 'M' 'M' 'M' 'M' 'M' 'U' 'M' 'M' 'M' 'U' 'M'
 'M' 'M' 'M' 'M' 'U' 'M' 'U' 'M' 'M' 'M' 'M' 'M' 'M' 'M' 'M' 'M' 'M' 'M'
 'M' 'M' 'M' 'U' 'M' 'M' 'U' 'M' 'M' 'M' 'M' 'M' 'M' 'M' 'M' 'M' 'M' 'U'
 'M' 'M' 'M' 'M' 'M' 'M' 'M' 'M' 'U' 'M' 'M' 'M' 'M' 'M' 'U' 'M' 'M' 'M'
 'M' 'M' 'U' 'M' 'M' 'M' 'U' 'U' 'U' 'U' 'U' 'M' 'U' 'M' 'M' 'U' 'U' 'M'
 'M' 'M' 'M' 'M' 'M' 'M' 'M' 'M' 'M' 'M' 'M' 'U' 'M' 'M' 'M' 'M' 'M' 'M'
 'M' 'M' 'M' 'M' 'M' 'U' 'M' 'U' 'M' 'M' 'M' 'U' 'U' 'U' 'M' 'M' 'M' 'U'
 'M' 'M' 'M' 'M' 'M' 'M' 'M' 'M' 'M' 'M' 'M' 'M' 'M' 'M' 'M' 'M' 'U' 'M']"
40101,0,162,1,161,36,0,0,"['A' 'U' 'U' 'M' 'M' 'M' 'M' 'M' 'M' 'M' 'M' 'U' 'M' 'M' 'M' 'M' 'M' 'U'
 'M' 'M' 'M' 'M' 'U' 'M' 'M' 'M' 'M' 'M' 'M' 'M' 'M' 'M' 'M' 'M' 'M' 'M'
 'M' 'M' 'M' 'M' 'M' 'M' 'M' 'U' 'U' 'M' 'M' 'U' 'M' 'M' 'M' 'M' 'M' 'U'
 'M' 'M' 'M' 'M' 'M' 'M' 'M' 'M' 'M' 'M' 'M' 'M' 'M' 'M' 'M' 'M' 'M' 'M'
 'M' 'M' 'U' 'U' 'U' 'M' 'M' 'M' 'U' 'M' 'U' 'M' 'M' 'M' 'M' 'M' 'M' 'M'
 'M' 'M' 'M' 'M' 'M' 'M' 'U' 'M' 'M' 'M' 'U' 'U' 'M' 'M' 'M' 'M' 'M' 'U'
 'M' 'M' 'M' 'M' 'U' 'M' 'M' 'M' 'U' 'M' 'M' 'M' 'M' 'M' 'U' 'M' 'M' 'M'
 'M' 'M' 'M' 'M' 'M' 'M' 'U' 'M' 'M' 'U' 'U' 'M' 'U' 'M' 'M' 'U' 'U' 'M'
 'U' 'M' 'U' 'M' 'M' 'M' 'M' 'M' 'M' 'M' 'M' 'M' 'M' 'M' 'U' 'M' 'U' 'M'
 'M' 'M' 'M' 'M' 'M' 'U' 'M' 'U' 'M' 'M' 'M' 'U' 'U' 'M' 'M' 'M' 'M' 'M'
 'M' 'M' 'M' 'M' 'M' 'M' 'M' 'U' 'M' 'M' 'M' 'M' 'M' 'M' 'M' 'M' 'M' 'M']"
40201,0,163,1,162,35,0,0,"['A' 'M' 'U' 'M' 'M' 'M' 'M' 'M' 'M' 'M' 'M' 'U' 'U' 'M' 'M' 'M' 'M' 'U'
 'M' 'M' 'M' 'M' 'U' 'M' 'M' 'M' 'M' 'M' 'M' 'M' 'M' 'M' 'M' 'M' 'U' 'M'
 'M' 'M' 'M' 'M' 'M' 'M' 'M' 'U' 'U' 'M' 'M' 'U' 'M' 'M' 'M' 'M' 'M' 'U'
 'M' 'M' 'M' 'M' 'M' 'M' 'M' 'M' 'M' 'M' 'M' 'M' 'U' 'M' 'M' 'M' 'M' 'M'
 'M' 'M' 'M' 'U' 'M' 'M' 'M' 'U' 'M' 'M' 'M' 'M' 'M' 'M' 'U' 'M' 'M' 'M'
 'M' 'U' 'M' 'M' 'M' 'M' 'U' 'M' 'M' 'M' 'U' 'U' 'M' 'M' 'M' 'M' 'M' 'M'
 'M' 'M' 'M' 'M' 'U' 'M' 'M' 'M' 'U' 'M' 'M' 'M' 'M' 'M' 'M' 'M' 'M' 'M'
 'M' 'M' 'M' 'M' 'M' 'M' 'M' 'U' 'M' 'U' 'M' 'M' 'U' 'M' 'U' 'M' 'U' 'M'
 'U' 'M' 'U' 'M' 'M' 'M' 'M' 'M' 'M' 'M' 'M' 'M' 'M' 'M' 'U' 'M' 'U' 'M'
 'M' 'M' 'M' 'M' 'M' 'M' 'M' 'U' 'M' 'M' 'U' 'U' 'U' 'M' 'M' 'M' 'M' 'U'
 'M' 'M' 'M' 'M' 'M' 'M' 'M' 'U' 'M' 'M' 'M' 'M' 'M' 'M' 'M' 'M' 'M' 'M']"
40301,0,159,1,158,39,0,0,"['A' 'M' 'U' 'M' 'M' 'M' 'M' 'M' 'M' 'M' 'M' 'M' 'U' 'U' 'M' 'U' 'M' 'M'
 'M' 'M' 'M' 'M' 'M' 'M' 'M' 'M' 'M' 'M' 'M' 'M' 'M' 'U' 'U' 'M' 'U' 'M'
 'M' 'U' 'M' 'M' 'M' 'M' 'M' 'U' 'U' 'M' 'M' 'U' 'M' 'M' 'M' 'M' 'M' 'U'
 'M' 'M' 'M' 'M' 'M' 'M' 'M' 'M' 'M' 'M' 'M' 'M' 'M' 'U' 'M' 'M' 'M' 'M'
 'M' 'M' 'M' 'U' 'M' 'M' 'U' 'U' 'M' 'M' 'M' 'M' 'M' 'M' 'M' 'U' 'M' 'M'
 'M' 'M' 'M' 'M' 'M' 'M' 'U' 'M' 'M' 'M' 'U' 'U' 'M' 'M' 'M' 'M' 'M' 'M'
 'M' 'M' 'M' 'M' 'M' 'M' 'M' 'M' 'U' 'M' 'M' 'M' 'M' 'M' 'M' 'M' 'M' 'M'
 'M' 'M' 'M' 'M' 'M' 'U' 'U' 'U' 'U' 'U' 'U' 'M' 'U' 'U' 'U' 'M' 'U' 'M'
 'M' 'M' 'U' 'M' 'M' 'M' 'M' 'M' 'M' 'M' 'M' 'U' 'M' 'M' 'U' 'M' 'U' 'M'
 'M' 'M' 'M' 'M' 'M' 'M' 'M' 'U' 'M' 'M' 'U' 'U' 'U' 'M' 'M' 'M' 'M' 'M'
 'M' 'M' 'M' 'M' 'M' 'M' 'M' 'M' 'M' 'M' 'M' 'M' 'M' 'M' 'M' 'M' 'M' 'M']"
40401,0,167,1,166,31,0,0,"['A' 'M' 'M' 'M' 'M' 'M' 'M' 'M' 'M' 'M' 'M' 'U' 'U' 'U' 'M' 'U' 'M' 'M'
 'M' 'M' 'M' 'M' 'M' 'M' 'M' 'M' 'M' 'M' 'M' 'M' 'M' 'M' 'U' 'M' 'U' 'M'
 'M' 'U' 'M' 'M' 'M' 'M' 'M' 'U' 'U' 'M' 'M' 'U' 'M' 'M' 'M' 'M' 'M' 'M'
 'M' 'M' 'M' 'M' 'M' 'M' 'M' 'M' 'M' 'M' 'M' 'M' 'M' 'M' 'M' 'M' 'M' 'M'
 'M' 'M' 'M' 'U' 'M' 'M' 'M' 'U' 'U' 'M' 'U' 'M' 'M' 'M' 'M' 'M' 'M' 'M'
 'U' 'M' 'M' 'M' 'M' 'M' 'U' 'M' 'M' 'M' 'U' 'M' 'U' 'M' 'M' 'M' 'M' 'M'
 'M' 'M' 'M' 'M' 'M' 'M' 'M' 'M' 'M' 'M' 'M' 'M' 'M' 'M' 'M' 'M' 'M' 'M'
 'M' 'M' 'M' 'M' 'M' 'U' 'M' 'U' 'M' 'M' 'M' 'M' 'U' 'M' 'U' 'M' 'U' 'M'
 'M' 'M' 'M' 'M' 'M' 'U' 'M' 'M' 'M' 'M' 'U' 'M' 'M' 'M' 'U' 'M' 'U' 'M'
 'M' 'M' 'M' 'M' 'M' 'M' 'M' 'U' 'M' 'M' 'U' 'M' 'U' 'M' 'U' 'M' 'M' 'M'
 'M' 'M' 'M' 'M' 'M' 'M' 'M' 'M' 'M' 'M' 'M' 'M' 'M' 'M' 'M' 'M' 'M' 'M']"
40501,0,163,1,162,35,0,0,"['A' 'M' 'M' 'M' 'M' 'M' 'M' 'M' 'M' 'M' 'M' 'U' 'U' 'U' 'M' 'M' 'M' 'M'
 'M' 'M' 'M' 'M' 'M' 'M' 'M' 'M' 'M' 'M' 'M' 'M' 'M' 'M' 'U' 'M' 'U' 'M'
 'M' 'U' 'M' 'M' 'M' 'M' 'M' 'M' 'U' 'M' 'M' 'M' 'M' 'U' 'M' 'M' 'M' 'M'
 'M' 'M' 'M' 'U' 'M' 'M' 'U' 'M' 'M' 'M' 'M' 'M' 'M' 'M' 'M' 'M' 'M' 'M'
 'U' 'M' 'M' 'M' 'M' 'M' 'U' 'M' 'M' 'M' 'M' 'U' 'M' 'M' 'M' 'M' 'M' 'U'
 'U' 'M' 'M' 'M' 'M' 'M' 'M' 'M' 'M' 'M' 'U' 'M' 'M' 'M' 'M' 'M' 'M' 'U'
 'M' 'U' 'M' 'M' 'M' 'U' 'M' 'M' 'M' 'M' 'M' 'M' 'M' 'M' 'M' 'M' 'M' 'M'
 'M' 'M' 'M' 'M' 'M' 'U' 'U' 'U' 'U' 'U' 'U' 'U' 'U' 'M' 'M' 'M' 'U' 'M'
 'M' 'M' 'M' 'M' 'M' 'U' 'M' 'M' 'M' 'M' 'U' 'M' 'U' 'M' 'U' 'M' 'U' 'M'
 'M' 'M' 'M' 'M' 'M' 'M' 'M' 'M' 'M' 'M' 'U' 'M' 'M' 'M' 'U' 'M' 'M' 'M'
 'M' 'M' 'M' 'M' 'M' 'M' 'M' 'M' 'M' 'M' 'M' 'M' 'M' 'M' 'M' 'M' 'M' 'M']"
40601,0,158,2,156,40,0,0,"['A' 'M' 'M' 'M' 'M' 'M' 'M' 'M' 'M' 'M' 'M' 'U' 'U' 'U' 'M' 'M' 'M' 'U'
 'M' 'M' 'M' 'M' 'U' 'M' 'M' 'M' 'M' 'M' 'M' 'M' 'M' 'M' 'U' 'M' 'U' 'M'
 'M' 'U' 'M' 'M' 'M' 'M' 'M' 'M' 'U' 'M' 'M' 'M' 'M' 'M' 'M' 'M' 'M' 'M'
 'U' 'M' 'A' 'U' 'M' 'M' 'U' 'M' 'M' 'M' 'M' 'M' 'M' 'M' 'M' 'M' 'M' 'M'
 'M' 'M' 'M' 'M' 'M' 'M' 'M' 'U' 'U' 'M' 'M' 'M' 'M' 'U' 'U' 'M' 'M' 'M'
 'U' 'M' 'M' 'M' 'M' 'M' 'M' 'M' 'M' 'M' 'U' 'M' 'M' 'M' 'M' 'M' 'M' 'M'
 'M' 'U' 'M' 'U' 'M' 'M' 'M' 'M' 'M' 'M' 'M' 'M' 'M' 'M' 'M' 'M' 'M' 'M'
 'M' 'M' 'M' 'M' 'M' 'U' 'U' 'U' 'U' 'U' 'U' 'U' 'U' 'M' 'M' 'M' 'U' 'M'
 'M' 'M' 'M' 'M' 'M' 'U' 'M' 'M' 'M' 'M' 'U' 'M' 'U' 'M' 'U' 'U' 'U' 'M'
 'U' 'M' 'M' 'M' 'M' 'M' 'M' 'M' 'M' 'U' 'U' 'M' 'M' 'M' 'U' 'M' 'M' 'M'
 'M' 'M' 'M' 'M' 'M' 'M' 'M' 'M' 'M' 'M' 'M' 'M' 'U' 'M' 'M' 'M' 'M' 'M']"
40701,0,166,2,164,32,0,0,"['A' 'M' 'M' 'M' 'M' 'M' 'M' 'M' 'M' 'U' 'M' 'U' 'U' 'M' 'M' 'M' 'M' 'U'
 'M' 'M' 'M' 'M' 'U' 'M' 'U' 'M' 'M' 'M' 'M' 'M' 'M' 'M' 'U' 'M' 'U' 'M'
 'M' 'M' 'M' 'M' 'M' 'M' 'M' 'M' 'M' 'M' 'M' 'M' 'M' 'M' 'M' 'M' 'M' 'M'
 'M' 'M' 'A' 'U' 'M' 'M' 'M' 'M' 'M' 'M' 'M' 'U' 'M' 'M' 'U' 'M' 'M' 'M'
 'M' 'M' 'M' 'M' 'M' 'M' 'M' 'M' 'U' 'M' 'M' 'U' 'M' 'M' 'M' 'M' 'M' 'M'
 'M' 'U' 'M' 'M' 'M' 'M' 'M' 'M' 'M' 'M' 'U' 'M' 'M' 'M' 'M' 'M' 'M' 'M'
 'M' 'U' 'M' 'U' 'M' 'M' 'M' 'M' 'M' 'M' 'M' 'M' 'M' 'M' 'M' 'M' 'M' 'M'
 'M' 'M' 'M' 'M' 'M' 'U' 'M' 'U' 'M' 'U' 'U' 'U' 'U' 'M' 'M' 'M' 'M' 'M'
 'M' 'M' 'M' 'M' 'M' 'M' 'M' 'M' 'M' 'M' 'U' 'U' 'U' 'M' 'U' 'U' 'M' 'M'
 'U' 'M' 'M' 'M' 'M' 'M' 'M' 'U' 'M' 'M' 'M' 'M' 'M' 'U' 'M' 'M' 'M' 'M'
 'M' 'M' 'M' 'M' 'M' 'M' 'M' 'M' 'M' 'M' 'M' 'M' 'U' 'M' 'M' 'M' 'M' 'M']"
40801,0,168,1,167,30,0,0,"['A' 'M' 'M' 'M' 'U' 'M' 'M' 'M' 'M' 'U' 'M' 'U' 'M' 'M' 'M' 'M' 'M' 'U'
 'M' 'M' 'M' 'M' 'U' 'M' 'U' 'U' 'M' 'M' 'M' 'M' 'M' 'M' 'U' 'M' 'U' 'M'
 'M' 'M' 'M' 'M' 'M' 'M' 'M' 'M' 'M' 'M' 'M' 'M' 'M' 'M' 'M' 'M' 'M' 'M'
 'M' 'M' 'U' 'U' 'M' 'M' 'M' 'M' 'M' 'M' 'M' 'M' 'M' 'M' 'M' 'M' 'U' 'M'
 'M' 'U' 'M' 'M' 'M' 'M' 'M' 'M' 'M' 'M' 'U' 'M' 'M' 'M' 'M' 'U' 'M' 'M'
 'M' 'U' 'M' 'M' 'M' 'M' 'M' 'M' 'M' 'M' 'U' 'M' 'M' 'M' 'M' 'M' 'M' 'M'
 'M' 'M' 'M' 'U' 'M' 'M' 'M' 'M' 'M' 'M' 'M' 'M' 'U' 'M' 'M' 'M' 'M' 'M'
 'M' 'M' 'M' 'M' 'M' 'M' 'M' 'U' 'M' 'U' 'U' 'U' 'U' 'M' 'M' 'M' 'M' 'M'
 'M' 'M' 'M' 'M' 'M' 'M' 'M' 'M' 'M' 'M' 'M' 'M' 'U' 'M' 'M' 'U' 'U' 'M'
 'U' 'U' 'M' 'M' 'M' 'M' 'M' 'M' 'M' 'M' 'M' 'M' 'M' 'M' 'M' 'M' 'M' 'M'
 'M' 'M' 'M' 'M' 'M' 'M' 'M' 'M' 'M' 'M' 'M' 'M' 'U' 'M' 'M' 'M' 'M' 'M']"
40901,0,168,2,166,30,0,0,"['A' 'M' 'M' 'M' 'U' 'M' 'M' 'M' 'M' 'U' 'M' 'U' 'M' 'M' 'M' 'M' 'M' 'U'
 'M' 'U' 'M' 'M' 'U' 'M' 'U' 'U' 'M' 'M' 'M' 'M' 'M' 'M' 'M' 'M' 'M' 'M'
 'M' 'M' 'M' 'M' 'M' 'M' 'M' 'M' 'M' 'M' 'M' 'M' 'M' 'M' 'M' 'M' 'M' 'M'
 'M' 'M' 'U' 'U' 'M' 'M' 'M' 'M' 'U' 'M' 'M' 'M' 'M' 'U' 'M' 'M' 'M' 'M'
 'U' 'M' 'M' 'M' 'M' 'M' 'U' 'M' 'M' 'M' 'M' 'M' 'M' 'M' 'U' 'M' 'U' 'M'
 'M' 'M' 'M' 'M' 'M' 'M' 'M' 'M' 'M' 'M' 'U' 'M' 'M' 'M' 'M' 'M' 'M' 'M'
 'M' 'M' 'M' 'U' 'M' 'M' 'M' 'M' 'M' 'M' 'M' 'M' 'U' 'M' 'M' 'M' 'M' 'M'
 'M' 'M' 'M' 'M' 'U' 'M' 'M' 'U' 'U' 'U' 'U' 'A' 'U' 'M' 'M' 'M' 'M' 'M'
 'M' 'M' 'M' 'M' 'M' 'M' 'M' 'M' 'M' 'M' 'M' 'M' 'U' 'M' 'M' 'U' 'U' 'M'
 'M' 'U' 'M' 'M' 'M' 'M' 'M' 'M' 'M' 'M' 'M' 'M' 'M' 'M' 'M' 'M' 'M' 'M'
 'M' 'M' 'M' 'M' 'M' 'M' 'M' 'M' 'M' 'M' 'M' 'M' 'U' 'M' 'M' 'M' 'M' 'M']"
41001,0,162,3,159,36,1,0,"['A' 'M' 'M' 'M' 'U' 'M' 'M' 'U' 'M' 'U' 'M' 'U' 'M' 'U' 'M' 'M' 'M' 'U'
 'M' 'U' 'M' 'M' 'M' 'M' 'U' 'U' 'M' 'M' 'M' 'M' 'M' 'M' 'U' 'M' 'M' 'M'
 'M' 'M' 'M' 'M' 'M' 'M' 'M' 'M' 'M' 'M' 'M' 'M' 'M' 'M' 'M' 'M' 'M' 'M'
 'M' 'M' 'M' 'U' 'M' 'M' 'M' 'M' 'U' 'M' 'M' 'M' 'M' 'U' 'M' 'M' 'M' 'U'
 'M' 'M' 'M' 'M' 'M' 'M' 'M' 'M' 'U' 'M' 'M' 'M' 'M' 'U' 'M' 'M' 'M' 'M'
 'M' 'M' 'M' 'M' 'U' 'M' 'M' 'M' 'M' 'M' 'U' 'M' 'M' 'M' 'M' 'M' 'M' 'M'
 'U' 'M' 'M' 'U' 'M' 'M' 'M' 'M' 'M' 'U' 'M' 'M' 'A' 'M' 'U' 'M' 'M' 'M'
 'M' 'M' 'M' 'M' 'U' 'M' 'U' 'U' 'U' 'U' 'U' 'A' 'U' 'M' 'M' 'M' 'M' 'M'
 'M' 'M' 'M' 'M' 'M' 'M' 'M' 'M' 'M' 'U' 'M' 'M' 'U' 'M' 'M' 'U' 'U' 'M'
 'M' 'U' 'M' 'M' 'M' 'M' 'M' 'M' 'M' 'M' 'M' 'U' 'M' 'M' 'M' 'M' 'M' 'M'
 'M' 'M' 'M' 'M' 'M' 'M' 'M' 'M' 'M' 'M' 'M' 'M' 'U' 'M' 'M' 'M' 'M' 'M']"
41101,1,161,3,158,37,1,0,"['A' 'M' 'M' 'M' 'M' 'M' 'M' 'U' 'M' 'M' 'M' 'U' 'M' 'U' 'M' 'M' 'M' 'U'
 'M' 'U' 'M' 'M' 'U' 'M' 'U' 'U' 'M' 'M' 'M' 'M' 'M' 'M' 'U' 'M' 'M' 'M'
 'M' 'M' 'M' 'M' 'M' 'M' 'M' 'M' 'U' 'M' 'M' 'M' 'M' 'M' 'M' 'M' 'M' 'M'
 'M' 'M' 'U' 'U' 'M' 'M' 'M' 'M' 'U' 'M' 'M' 'M' 'M' 'U' 'M' 'M' 'M' 'U'
 'M' 'M' 'M' 'M' 'M' 'M' 'U' 'M' 'M' 'M' 'M' 'U' 'M' 'M' 'M' 'U' 'M' 'M'
 'M' 'M' 'M' 'M' 'M' 'M' 'M' 'U' 'M' 'M' 'M' 'M' 'M' 'M' 'M' 'M' 'M' 'M'
 'U' 'M' 'M' 'U' 'M' 'M' 'M' 'M' 'M' 'U' 'M' 'U' 'A' 'M' 'U' 'M' 'M' 'M'
 'M' 'M' 'M' 'M' 'M' 'U' 'U' 'U' 'U' 'M' 'U' 'A' 'M' 'M' 'M' 'M' 'M' 'M'
 'M' 'M' 'M' 'M' 'M' 'M' 'M' 'M' 'M' 'M' 'M' 'M' 'U' 'M' 'M' 'U' 'M' 'M'
 'M' 'U' 'M' 'M' 'M' 'M' 'M' 'M' 'M' 'M' 'M' 'U' 'M' 'M' 'M' 'M' 'M' 'M'
 'U' 'M' 'M' 'M' 'M' 'M' 'M' 'M' 'M' 'M' 'M' 'M' 'U' 'M' 'M' 'U' 'M' 'U']"
41201,0,163,4,159,35,0,0,"['A' 'M' 'M' 'M' 'M' 'M' 'M' 'M' 'M' 'M' 'M' 'U' 'M' 'U' 'M' 'M' 'U' 'U'
 'M' 'U' 'M' 'M' 'M' 'M' 'U' 'M' 'M' 'M' 'M' 'M' 'M' 'M' 'U' 'M' 'M' 'M'
 'M' 'M' 'M' 'M' 'M' 'M' 'M' 'M' 'U' 'M' 'M' 'M' 'M' 'M' 'M' 'M' 'M' 'M'
 'M' 'M' 'U' 'U' 'M' 'M' 'M' 'M' 'U' 'M' 'M' 'U' 'M' 'M' 'M' 'M' 'M' 'M'
 'M' 'U' 'M' 'M' 'U' 'M' 'M' 'M' 'M' 'M' 'M' 'U' 'M' 'M' 'M' 'M' 'M' 'M'
 'M' 'M' 'M' 'U' 'M' 'M' 'M' 'U' 'M' 'M' 'U' 'M' 'M' 'M' 'M' 'M' 'M' 'M'
 'U' 'M' 'M' 'U' 'M' 'M' 'M' 'M' 'M' 'U' 'M' 'M' 'A' 'M' 'U' 'M' 'M' 'M'
 'M' 'U' 'M' 'M' 'M' 'U' 'A' 'M' 'U' 'U' 'M' 'A' 'U' 'M' 'M' 'M' 'U' 'M'
 'M' 'M' 'M' 'M' 'M' 'M' 'M' 'M' 'M' 'M' 'M' 'M' 'U' 'M' 'M' 'U' 'M' 'M'
 'M' 'U' 'M' 'M' 'M' 'M' 'M' 'M' 'M' 'M' 'M' 'U' 'U' 'M' 'M' 'M' 'M' 'M'
 'M' 'M' 'M' 'M' 'M' 'M' 'M' 'M' 'M' 'M' 'M' 'M' 'U' 'M' 'M' 'M' 'M' 'U']"
41301,0,158,3,155,40,0,0,"['A' 'M' 'U' 'M' 'M' 'M' 'M' 'M' 'M' 'M' 'M' 'U' 'M' 'U' 'M' 'M' 'U' 'U'
 'M' 'U' 'M' 'M' 'U' 'M' 'U' 'M' 'M' 'M' 'M' 'M' 'M' 'M' 'U' 'M' 'M' 'M'
 'U' 'M' 'U' 'M' 'M' 'M' 'M' 'M' 'U' 'M' 'M' 'M' 'M' 'M' 'M' 'M' 'M' 'M'
 'M' 'M' 'U' 'U' 'M' 'M' 'M' 'M' 'U' 'M' 'M' 'M' 'M' 'M' 'M' 'M' 'U' 'M'
 'M' 'M' 'M' 'M' 'M' 'M' 'U' 'U' 'M' 'M' 'M' 'M' 'M' 'M' 'M' 'M' 'M' 'M'
 'U' 'M' 'M' 'U' 'M' 'M' 'M' 'U' 'M' 'M' 'M' 'M' 'M' 'M' 'M' 'M' 'M' 'M'
 'U' 'M' 'M' 'U' 'M' 'U' 'M' 'M' 'M' 'U' 'M' 'M' 'A' 'M' 'U' 'M' 'M' 'M'
 'M' 'M' 'M' 'M' 'M' 'U' 'A' 'M' 'M' 'U' 'M' 'U' 'U' 'M' 'M' 'M' 'U' 'M'
 'M' 'M' 'M' 'U' 'M' 'M' 'M' 'M' 'M' 'M' 'M' 'M' 'U' 'M' 'M' 'U' 'M' 'M'
 'U' 'U' 'U' 'M' 'M' 'M' 'M' 'M' 'M' 'M' 'M' 'M' 'U' 'M' 'M' 'M' 'M' 'M'
 'M' 'M' 'M' 'M' 'M' 'M' 'M' 'M' 'M' 'M' 'M' 'M' 'U' 'M' 'M' 'M' 'M' 'U']"
41401,0,158,4,154,40,0,0,"['A' 'M' 'U' 'M' 'M' 'M' 'M' 'M' 'M' 'M' 'M' 'U' 'M' 'U' 'U' 'M' 'U' 'U'
 'M' 'U' 'M' 'M' 'M' 'M' 'U' 'M' 'M' 'M' 'M' 'M' 'M' 'M' 'U' 'M' 'M' 'M'
 'U' 'M' 'U' 'M' 'M' 'M' 'M' 'U' 'U' 'M' 'M' 'M' 'M' 'M' 'M' 'M' 'M' 'M'
 'M' 'M' 'A' 'U' 'M' 'M' 'M' 'M' 'U' 'M' 'M' 'M' 'U' 'M' 'M' 'M' 'M' 'M'
 'M' 'M' 'M' 'U' 'M' 'M' 'U' 'M' 'M' 'M' 'M' 'M' 'M' 'M' 'M' 'U' 'U' 'M'
 'M' 'M' 'M' 'M' 'M' 'M' 'M' 'M' 'U' 'M' 'M' 'M' 'M' 'M' 'M' 'M' 'M' 'M'
 'U' 'M' 'M' 'U' 'M' 'U' 'M' 'M' 'M' 'U' 'M' 'M' 'A' 'M' 'M' 'M' 'M' 'M'
 'M' 'M' 'M' 'M' 'M' 'U' 'A' 'M' 'M' 'U' 'M' 'U' 'U' 'M' 'M' 'M' 'U' 'M'
 'M' 'M' 'M' 'U' 'M' 'M' 'M' 'M' 'M' 'M' 'M' 'M' 'U' 'M' 'U' 'U' 'M' 'M'
 'M' 'M' 'U' 'M' 'M' 'M' 'M' 'M' 'M' 'M' 'M' 'U' 'U' 'M' 'M' 'M' 'M' 'U'
 'M' 'U' 'M' 'M' 'M' 'M' 'M' 'M' 'M' 'M' 'M' 'M' 'U' 'M' 'M' 'M' 'M' 'M']"
41501,0,166,4,162,32,0,0,"['A' 'M' 'U' 'M' 'M' 'M' 'M' 'M' 'M' 'M' 'M' 'U' 'M' 'U' 'M' 'M' 'U' 'U'
 'M' 'U' 'M' 'M' 'M' 'M' 'U' 'M' 'U' 'M' 'M' 'M' 'M' 'M' 'M' 'M' 'M' 'M'
 'U' 'M' 'U' 'M' 'M' 'M' 'M' 'U' 'U' 'M' 'U' 'M' 'M' 'M' 'M' 'M' 'M' 'M'
 'M' 'M' 'A' 'M' 'M' 'M' 'M' 'M' 'U' 'M' 'M' 'M' 'M' 'M' 'M' 'M' 'M' 'M'
 'M' 'M' 'M' 'M' 'M' 'M' 'M' 'U' 'M' 'M' 'M' 'U' 'M' 'M' 'U' 'M' 'M' 'M'
 'U' 'U' 'M' 'M' 'M' 'M' 'M' 'M' 'M' 'M' 'M' 'M' 'M' 'M' 'M' 'M' 'M' 'M'
 'U' 'M' 'M' 'U' 'M' 'U' 'M' 'M' 'M' 'M' 'M' 'M' 'A' 'M' 'M' 'M' 'M' 'M'
 'M' 'M' 'M' 'M' 'M' 'U' 'M' 'M' 'M' 'M' 'M' 'M' 'M' 'M' 'M' 'M' 'U' 'M'
 'M' 'M' 'M' 'M' 'M' 'M' 'M' 'U' 'M' 'M' 'M' 'M' 'M' 'M' 'U' 'U' 'M' 'M'
 'M' 'M' 'M' 'M' 'A' 'M' 'M' 'M' 'M' 'M' 'M' 'M' 'U' 'M' 'M' 'M' 'M' 'U'
 'M' 'U' 'M' 'M' 'M' 'U' 'M' 'M' 'M' 'M' 'M' 'M' 'U' 'M' 'M' 'M' 'M' 'M']"
41601,0,163,4,159,35,0,0,"['A' 'M' 'M' 'M' 'M' 'M' 'M' 'M' 'M' 'M' 'M' 'U' 'M' 'M' 'U' 'M' 'M' 'U'
 'M' 'M' 'M' 'M' 'M' 'M' 'U' 'M' 'U' 'M' 'M' 'M' 'M' 'M' 'M' 'U' 'M' 'M'
 'M' 'M' 'U' 'M' 'M' 'M' 'M' 'U' 'U' 'M' 'M' 'M' 'M' 'M' 'M' 'M' 'M' 'M'
 'M' 'M' 'A' 'M' 'M' 'M' 'M' 'M' 'U' 'M' 'M' 'M' 'U' 'M' 'U' 'U' 'M' 'M'
 'M' 'M' 'M' 'M' 'M' 'M' 'M' 'M' 'M' 'M' 'M' 'M' 'U' 'M' 'M' 'M' 'M' 'M'
 'U' 'M' 'M' 'M' 'M' 'M' 'M' 'M' 'M' 'M' 'M' 'M' 'M' 'M' 'M' 'M' 'M' 'M'
 'U' 'M' 'M' 'U' 'M' 'U' 'M' 'M' 'M' 'M' 'M' 'M' 'A' 'M' 'M' 'M' 'M' 'M'
 'U' 'M' 'M' 'M' 'M' 'U' 'U' 'U' 'U' 'U' 'U' 'U' 'U' 'M' 'M' 'M' 'U' 'M'
 'M' 'M' 'M' 'M' 'M' 'M' 'M' 'U' 'M' 'U' 'M' 'M' 'M' 'M' 'U' 'M' 'M' 'M'
 'M' 'M' 'M' 'M' 'A' 'M' 'M' 'M' 'M' 'M' 'M' 'M' 'U' 'M' 'M' 'M' 'M' 'U'
 'M' 'M' 'M' 'M' 'M' 'U' 'M' 'M' 'M' 'M' 'M' 'M' 'U' 'M' 'M' 'M' 'M' 'M']"
41701,0,160,3,157,38,1,0,"['A' 'M' 'M' 'M' 'U' 'M' 'M' 'M' 'M' 'M' 'M' 'U' 'M' 'M' 'U' 'M' 'M' 'U'
 'M' 'M' 'M' 'M' 'M' 'M' 'U' 'M' 'M' 'M' 'M' 'M' 'M' 'M' 'M' 'U' 'M' 'M'
 'M' 'U' 'U' 'M' 'M' 'M' 'M' 'M' 'U' 'M' 'M' 'M' 'M' 'M' 'M' 'M' 'U' 'M'
 'M' 'M' 'A' 'M' 'M' 'M' 'M' 'M' 'U' 'M' 'M' 'M' 'U' 'M' 'M' 'M' 'M' 'U'
 'M' 'M' 'M' 'U' 'M' 'M' 'M' 'M' 'M' 'M' 'U' 'M' 'M' 'M' 'M' 'M' 'U' 'M'
 'M' 'M' 'M' 'M' 'M' 'M' 'M' 'M' 'M' 'M' 'M' 'M' 'M' 'M' 'M' 'M' 'U' 'M'
 'U' 'M' 'M' 'U' 'M' 'M' 'M' 'M' 'M' 'M' 'M' 'M' 'U' 'M' 'M' 'M' 'U' 'U'
 'U' 'M' 'M' 'M' 'M' 'U' 'U' 'U' 'U' 'M' 'U' 'U' 'U' 'M' 'M' 'M' 'U' 'M'
 'M' 'M' 'M' 'M' 'M' 'M' 'U' 'U' 'M' 'U' 'M' 'M' 'M' 'M' 'U' 'M' 'M' 'M'
 'M' 'M' 'M' 'M' 'A' 'M' 'M' 'M' 'M' 'M' 'M' 'U' 'M' 'M' 'M' 'M' 'M' 'U'
 'M' 'M' 'M' 'M' 'M' 'M' 'M' 'M' 'M' 'M' 'M' 'M' 'U' 'M' 'M' 'M' 'M' 'M']"
41801,0,159,4,155,39,0,0,"['A' 'M' 'M' 'M' 'U' 'M' 'M' 'M' 'M' 'M' 'M' 'U' 'M' 'M' 'U' 'M' 'M' 'U'
 'M' 'M' 'M' 'M' 'M' 'M' 'U' 'M' 'M' 'M' 'M' 'M' 'M' 'U' 'M' 'M' 'M' 'M'
 'U' 'U' 'U' 'M' 'M' 'M' 'M' 'M' 'M' 'M' 'M' 'M' 'M' 'M' 'M' 'M' 'M' 'U'
 'M' 'M' 'A' 'M' 'M' 'M' 'M' 'M' 'U' 'M' 'M' 'M' 'M' 'M' 'M' 'M' 'M' 'M'
 'M' 'M' 'U' 'U' 'M' 'M' 'M' 'M' 'M' 'M' 'M' 'M' 'M' 'U' 'M' 'M' 'M' 'M'
 'U' 'M' 'U' 'M' 'M' 'A' 'M' 'M' 'M' 'M' 'M' 'M' 'M' 'M' 'M' 'U' 'M' 'M'
 'U' 'M' 'M' 'M' 'M' 'M' 'M' 'M' 'M' 'M' 'M' 'M' 'U' 'M' 'M' 'U' 'U' 'U'
 'U' 'M' 'M' 'M' 'M' 'U' 'U' 'U' 'M' 'U' 'U' 'U' 'U' 'M' 'M' 'M' 'U' 'U'
 'M' 'M' 'M' 'M' 'U' 'M' 'M' 'U' 'M' 'U' 'M' 'M' 'M' 'M' 'U' 'M' 'M' 'M'
 'M' 'M' 'M' 'M' 'A' 'M' 'M' 'M' 'M' 'M' 'M' 'U' 'M' 'M' 'M' 'M' 'M' 'M'
 'U' 'M' 'M' 'M' 'M' 'M' 'M' 'M' 'M' 'M' 'M' 'M' 'U' 'M' 'M' 'M' 'M' 'M']"
41901,0,157,4,153,41,0,0,"['A' 'M' 'M' 'M' 'U' 'M' 'M' 'M' 'M' 'M' 'M' 'U' 'M' 'M' 'U' 'M' 'M' 'U'
 'M' 'M' 'M' 'M' 'M' 'M' 'M' 'M' 'M' 'M' 'M' 'M' 'M' 'U' 'M' 'M' 'M' 'M'
 'U' 'M' 'U' 'M' 'M' 'U' 'M' 'U' 'M' 'U' 'M' 'M' 'M' 'M' 'M' 'M' 'M' 'U'
 'M' 'M' 'A' 'M' 'M' 'M' 'M' 'M' 'U' 'M' 'M' 'M' 'M' 'M' 'U' 'M' 'M' 'M'
 'M' 'M' 'U' 'M' 'M' 'U' 'M' 'M' 'M' 'M' 'U' 'M' 'M' 'U' 'M' 'M' 'M' 'M'
 'M' 'M' 'M' 'M' 'M' 'A' 'M' 'M' 'M' 'M' 'M' 'M' 'M' 'M' 'M' 'U' 'M' 'U'
 'U' 'M' 'M' 'M' 'M' 'M' 'M' 'M' 'M' 'M' 'M' 'M' 'U' 'M' 'M' 'U' 'M' 'U'
 'U' 'M' 'M' 'M' 'M' 'U' 'M' 'U' 'M' 'U' 'M' 'M' 'U' 'M' 'M' 'M' 'U' 'U'
 'M' 'M' 'M' 'M' 'U' 'M' 'M' 'U' 'U' 'U' 'M' 'M' 'M' 'M' 'U' 'M' 'M' 'M'
 'U' 'M' 'U' 'M' 'A' 'M' 'M' 'M' 'M' 'U' 'M' 'U' 'M' 'M' 'M' 'M' 'M' 'M'
 'U' 'M' 'M' 'M' 'M' 'M' 'M' 'M' 'M' 'M' 'M' 'M' 'U' 'M' 'M' 'M' 'M' 'M']"
42001,0,162,3,159,36,0,0,"['A' 'M' 'M' 'M' 'M' 'M' 'M' 'M' 'M' 'M' 'M' 'U' 'M' 'M' 'M' 'U' 'M' 'U'
 'M' 'M' 'M' 'M' 'M' 'M' 'U' 'M' 'M' 'M' 'M' 'M' 'M' 'U' 'M' 'M' 'M' 'M'
 'A' 'M' 'M' 'M' 'M' 'U' 'M' 'A' 'M' 'U' 'M' 'M' 'M' 'U' 'M' 'M' 'M' 'M'
 'M' 'M' 'U' 'M' 'M' 'M' 'M' 'M' 'M' 'M' 'M' 'M' 'U' 'M' 'M' 'M' 'U' 'U'
 'M' 'M' 'M' 'M' 'M' 'M' 'M' 'M' 'M' 'M' 'M' 'U' 'M' 'M' 'M' 'M' 'U' 'M'
 'M' 'M' 'M' 'M' 'M' 'U' 'M' 'M' 'M' 'M' 'M' 'M' 'M' 'M' 'M' 'M' 'M' 'U'
 'U' 'M' 'M' 'M' 'M' 'M' 'M' 'M' 'M' 'M' 'U' 'M' 'M' 'M' 'M' 'M' 'M' 'M'
 'U' 'M' 'M' 'U' 'M' 'U' 'M' 'U' 'M' 'U' 'U' 'M' 'M' 'M' 'M' 'M' 'M' 'U'
 'M' 'M' 'M' 'U' 'U' 'M' 'M' 'U' 'U' 'M' 'M' 'M' 'M' 'M' 'U' 'M' 'M' 'M'
 'U' 'M' 'U' 'M' 'U' 'M' 'M' 'M' 'M' 'U' 'M' 'M' 'M' 'M' 'M' 'M' 'M' 'M'
 'U' 'M' 'M' 'M' 'M' 'M' 'M' 'M' 'M' 'M' 'M' 'M' 'U' 'M' 'M' 'M' 'M' 'M']"
42101,0,163,4,159,35,0,0,"['A' 'M' 'M' 'U' 'M' 'M' 'M' 'M' 'M' 'M' 'M' 'U' 'M' 'U' 'M' 'U' 'M' 'U'
 'M' 'M' 'M' 'M' 'M' 'M' 'U' 'M' 'M' 'M' 'M' 'M' 'M' 'U' 'M' 'M' 'M' 'M'
 'A' 'M' 'M' 'M' 'M' 'U' 'M' 'A' 'M' 'U' 'M' 'U' 'M' 'U' 'M' 'M' 'M' 'M'
 'M' 'M' 'U' 'M' 'M' 'M' 'M' 'M' 'M' 'M' 'M' 'M' 'M' 'M' 'U' 'M' 'M' 'M'
 'M' 'M' 'M' 'U' 'M' 'M' 'U' 'M' 'M' 'M' 'U' 'M' 'M' 'M' 'M' 'M' 'U' 'M'
 'M' 'M' 'M' 'M' 'M' 'A' 'M' 'M' 'M' 'M' 'M' 'M' 'M' 'M' 'M' 'M' 'M' 'U'
 'M' 'M' 'M' 'M' 'M' 'M' 'M' 'M' 'M' 'M' 'U' 'M' 'M' 'M' 'M' 'M' 'M' 'M'
 'M' 'M' 'M' 'M' 'M' 'U' 'M' 'U' 'M' 'U' 'M' 'M' 'M' 'M' 'M' 'U' 'M' 'U'
 'M' 'M' 'M' 'U' 'U' 'M' 'M' 'M' 'U' 'U' 'M' 'U' 'M' 'M' 'U' 'M' 'M' 'M'
 'U' 'M' 'U' 'M' 'M' 'M' 'M' 'M' 'M' 'U' 'M' 'M' 'M' 'M' 'M' 'M' 'M' 'M'
 'M' 'M' 'U' 'M' 'M' 'M' 'M' 'M' 'M' 'M' 'M' 'M' 'U' 'M' 'M' 'M' 'M' 'M']"
42201,0,165,4,161,33,0,0,"['A' 'U' 'M' 'U' 'M' 'M' 'M' 'M' 'M' 'M' 'M' 'M' 'M' 'M' 'M' 'U' 'M' 'U'
 'M' 'M' 'M' 'M' 'M' 'M' 'M' 'M' 'M' 'M' 'M' 'M' 'M' 'U' 'M' 'M' 'M' 'M'
 'A' 'M' 'M' 'M' 'M' 'U' 'M' 'A' 'M' 'U' 'M' 'U' 'M' 'M' 'M' 'M' 'M' 'M'
 'M' 'M' 'U' 'M' 'M' 'M' 'M' 'U' 'U' 'M' 'M' 'M' 'M' 'M' 'M' 'M' 'U' 'M'
 'U' 'M' 'M' 'M' 'M' 'M' 'M' 'M' 'M' 'M' 'M' 'M' 'U' 'M' 'M' 'U' 'M' 'M'
 'M' 'M' 'M' 'M' 'U' 'A' 'M' 'U' 'M' 'M' 'M' 'M' 'M' 'M' 'M' 'M' 'M' 'U'
 'M' 'M' 'M' 'M' 'M' 'M' 'M' 'M' 'M' 'M' 'U' 'M' 'M' 'M' 'M' 'M' 'M' 'M'
 'M' 'M' 'M' 'M' 'M' 'U' 'M' 'U' 'M' 'U' 'M' 'M' 'M' 'M' 'M' 'U' 'M' 'U'
 'M' 'M' 'M' 'M' 'U' 'M' 'M' 'M' 'U' 'M' 'M' 'U' 'M' 'M' 'U' 'M' 'U' 'M'
 'U' 'M' 'M' 'M' 'M' 'M' 'M' 'M' 'M' 'U' 'M' 'M' 'M' 'M' 'M' 'M' 'M' 'M'
 'M' 'M' 'U' 'M' 'M' 'M' 'M' 'M' 'M' 'M' 'M' 'M' 'U' 'M' 'M' 'M' 'M' 'M']"
42301,0,165,3,162,33,0,0,"['A' 'U' 'M' 'U' 'M' 'M' 'M' 'M' 'M' 'M' 'M' 'M' 'U' 'M' 'M' 'U' 'M' 'U'
 'M' 'M' 'M' 'M' 'M' 'M' 'M' 'M' 'M' 'M' 'M' 'M' 'M' 'U' 'M' 'M' 'M' 'M'
 'U' 'M' 'M' 'M' 'M' 'U' 'M' 'A' 'M' 'U' 'M' 'U' 'M' 'M' 'M' 'M' 'U' 'M'
 'M' 'M' 'U' 'U' 'M' 'M' 'M' 'M' 'U' 'M' 'M' 'M' 'M' 'M' 'M' 'M' 'M' 'M'
 'M' 'M' 'M' 'M' 'U' 'M' 'U' 'M' 'M' 'U' 'M' 'M' 'M' 'M' 'M' 'U' 'M' 'M'
 'M' 'M' 'U' 'M' 'M' 'A' 'M' 'M' 'M' 'M' 'M' 'M' 'M' 'M' 'M' 'M' 'M' 'M'
 'M' 'U' 'M' 'M' 'M' 'M' 'M' 'M' 'M' 'M' 'U' 'M' 'M' 'M' 'M' 'M' 'M' 'M'
 'M' 'M' 'M' 'M' 'M' 'M' 'M' 'U' 'M' 'U' 'M' 'M' 'M' 'M' 'M' 'U' 'M' 'U'
 'M' 'M' 'M' 'M' 'M' 'M' 'M' 'M' 'U' 'M' 'M' 'U' 'M' 'M' 'U' 'M' 'U' 'M'
 'M' 'M' 'M' 'M' 'M' 'M' 'M' 'M' 'M' 'U' 'M' 'M' 'M' 'M' 'M' 'U' 'M' 'M'
 'M' 'M' 'U' 'M' 'M' 'M' 'M' 'M' 'M' 'M' 'M' 'M' 'U' 'M' 'M' 'M' 'M' 'M']"
42401,0,167,3,164,31,1,0,"['A' 'U' 'M' 'U' 'M' 'M' 'M' 'M' 'M' 'M' 'M' 'M' 'U' 'M' 'M' 'U' 'M' 'U'
 'M' 'M' 'M' 'M' 'M' 'M' 'M' 'M' 'M' 'M' 'M' 'M' 'M' 'U' 'M' 'M' 'M' 'M'
 'U' 'M' 'M' 'M' 'M' 'U' 'M' 'A' 'M' 'U' 'M' 'U' 'M' 'M' 'M' 'M' 'U' 'M'
 'M' 'M' 'M' 'U' 'M' 'M' 'M' 'M' 'U' 'M' 'M' 'M' 'U' 'M' 'M' 'M' 'M' 'M'
 'M' 'U' 'U' 'M' 'M' 'M' 'M' 'M' 'M' 'U' 'M' 'M' 'M' 'U' 'M' 'M' 'M' 'M'
 'M' 'M' 'M' 'M' 'M' 'A' 'M' 'M' 'M' 'M' 'M' 'M' 'M' 'M' 'M' 'M' 'M' 'M'
 'M' 'M' 'M' 'M' 'M' 'M' 'M' 'M' 'M' 'M' 'U' 'M' 'M' 'M' 'M' 'M' 'M' 'M'
 'M' 'M' 'M' 'M' 'M' 'M' 'M' 'U' 'U' 'M' 'M' 'M' 'M' 'M' 'M' 'U' 'U' 'U'
 'M' 'M' 'M' 'M' 'M' 'M' 'U' 'M' 'U' 'M' 'M' 'M' 'M' 'M' 'M' 'M' 'U' 'M'
 'M' 'M' 'M' 'M' 'M' 'M' 'M' 'M' 'M' 'U' 'M' 'M' 'M' 'M' 'M' 'U' 'M' 'M'
 'M' 'M' 'U' 'M' 'M' 'M' 'U' 'M' 'M' 'M' 'M' 'M' 'M' 'M' 'M' 'M' 'M' 'M']"
42501,0,167,4,163,31,0,0,"['A' 'U' 'M' 'M' 'M' 'M' 'M' 'M' 'M' 'M' 'M' 'M' 'A' 'M' 'M' 'U' 'M' 'U'
 'M' 'M' 'M' 'M' 'M' 'M' 'U' 'M' 'M' 'M' 'M' 'M' 'M' 'M' 'M' 'M' 'M' 'M'
 'A' 'M' 'M' 'M' 'M' 'U' 'M' 'A' 'M' 'U' 'M' 'U' 'M' 'M' 'M' 'M' 'U' 'M'
 'M' 'M' 'M' 'U' 'M' 'M' 'M' 'M' 'U' 'M' 'M' 'M' 'U' 'M' 'M' 'M' 'M' 'M'
 'M' 'M' 'M' 'M' 'U' 'M' 'M' 'M' 'M' 'M' 'M' 'M' 'M' 'M' 'M' 'U' 'M' 'M'
 'M' 'U' 'M' 'U' 'M' 'U' 'M' 'M' 'M' 'M' 'M' 'M' 'M' 'M' 'M' 'M' 'M' 'M'
 'M' 'M' 'M' 'M' 'M' 'M' 'U' 'M' 'M' 'M' 'M' 'M' 'M' 'M' 'M' 'M' 'M' 'M'
 'M' 'M' 'M' 'M' 'M' 'M' 'M' 'U' 'U' 'M' 'M' 'M' 'M' 'U' 'M' 'U' 'M' 'U'
 'M' 'M' 'M' 'M' 'M' 'M' 'M' 'M' 'U' 'M' 'M' 'M' 'M' 'M' 'M' 'M' 'U' 'U'
 'M' 'U' 'M' 'M' 'M' 'M' 'M' 'M' 'M' 'U' 'M' 'M' 'M' 'M' 'M' 'U' 'M' 'M'
 'M' 'M' 'U' 'M' 'M' 'M' 'U' 'M' 'M' 'M' 'M' 'M' 'M' 'M' 'M' 'U' 'M' 'M']"
42601,0,162,4,158,36,0,1,"['A' 'M' 'M' 'M' 'M' 'M' 'M' 'M' 'U' 'M' 'M' 'M' 'A' 'U' 'M' 'U' 'M' 'U'
 'M' 'M' 'M' 'M' 'M' 'M' 'U' 'M' 'M' 'M' 'M' 'M' 'M' 'M' 'M' 'M' 'M' 'M'
 'U' 'M' 'U' 'M' 'M' 'U' 'M' 'A' 'M' 'U' 'M' 'U' 'U' 'M' 'M' 'U' 'M' 'M'
 'M' 'M' 'M' 'A' 'M' 'M' 'M' 'M' 'U' 'M' 'M' 'M' 'U' 'M' 'M' 'M' 'M' 'M'
 'M' 'U' 'M' 'M' 'M' 'M' 'M' 'M' 'M' 'M' 'M' 'M' 'M' 'M' 'M' 'U' 'M' 'M'
 'M' 'U' 'M' 'M' 'U' 'U' 'U' 'M' 'M' 'M' 'M' 'M' 'M' 'M' 'M' 'M' 'M' 'M'
 'M' 'M' 'M' 'M' 'M' 'M' 'M' 'M' 'U' 'U' 'M' 'M' 'M' 'U' 'M' 'M' 'M' 'M'
 'M' 'M' 'M' 'M' 'M' 'M' 'M' 'U' 'U' 'M' 'M' 'M' 'M' 'U' 'M' 'U' 'M' 'U'
 'M' 'M' 'M' 'M' 'M' 'M' 'M' 'M' 'U' 'M' 'M' 'M' 'M' 'M' 'U' 'M' 'U' 'U'
 'M' 'U' 'M' 'M' 'M' 'M' 'M' 'M' 'M' 'M' 'M' 'M' 'M' 'M' 'M' 'U' 'M' 'M'
 'M' 'M' 'M' 'M' 'M' 'M' 'U' 'M' 'M' 'M' 'M' 'M' 'M' 'M' 'M' 'U' 'M' 'M']"
42701,0,156,3,153,42,1,0,"['A' 'M' 'M' 'M' 'M' 'M' 'M' 'M' 'U' 'M' 'M' 'M' 'U' 'U' 'M' 'U' 'M' 'M'
 'M' 'M' 'M' 'M' 'M' 'M' 'U' 'M' 'M' 'M' 'M' 'M' 'M' 'M' 'M' 'M' 'M' 'M'
 'U' 'M' 'U' 'M' 'M' 'U' 'M' 'A' 'M' 'U' 'M' 'M' 'U' 'M' 'M' 'U' 'M' 'M'
 'M' 'M' 'M' 'A' 'M' 'M' 'M' 'M' 'M' 'M' 'M' 'U' 'M' 'U' 'M' 'U' 'M' 'M'
 'M' 'M' 'M' 'M' 'U' 'M' 'M' 'M' 'M' 'M' 'M' 'M' 'M' 'M' 'M' 'U' 'M' 'M'
 'M' 'M' 'M' 'M' 'M' 'U' 'U' 'M' 'M' 'M' 'U' 'M' 'U' 'M' 'M' 'M' 'M' 'M'
 'M' 'M' 'M' 'M' 'M' 'M' 'M' 'M' 'U' 'U' 'M' 'M' 'M' 'U' 'M' 'M' 'M' 'M'
 'M' 'M' 'M' 'M' 'U' 'M' 'U' 'U' 'U' 'M' 'M' 'M' 'U' 'U' 'M' 'U' 'U' 'U'
 'M' 'M' 'M' 'M' 'M' 'M' 'M' 'M' 'U' 'M' 'M' 'M' 'M' 'M' 'U' 'M' 'U' 'U'
 'M' 'M' 'U' 'M' 'U' 'M' 'M' 'M' 'M' 'M' 'M' 'M' 'M' 'M' 'M' 'U' 'M' 'U'
 'M' 'M' 'M' 'M' 'M' 'M' 'U' 'M' 'M' 'M' 'M' 'M' 'M' 'M' 'M' 'U' 'M' 'M']"
42801,0,154,4,150,44,0,0,"['A' 'M' 'M' 'M' 'M' 'M' 'U' 'M' 'U' 'M' 'U' 'U' 'U' 'U' 'M' 'U' 'M' 'M'
 'M' 'M' 'M' 'M' 'M' 'M' 'M' 'M' 'M' 'M' 'M' 'M' 'M' 'M' 'M' 'M' 'M' 'M'
 'U' 'M' 'U' 'M' 'M' 'U' 'M' 'A' 'M' 'U' 'M' 'M' 'M' 'M' 'M' 'U' 'M' 'M'
 'M' 'M' 'M' 'A' 'M' 'M' 'M' 'M' 'M' 'M' 'M' 'M' 'M' 'M' 'M' 'M' 'U' 'M'
 'M' 'M' 'M' 'M' 'M' 'M' 'M' 'M' 'M' 'M' 'M' 'M' 'M' 'M' 'M' 'U' 'U' 'M'
 'U' 'M' 'M' 'M' 'U' 'U' 'M' 'U' 'M' 'M' 'U' 'M' 'U' 'M' 'M' 'M' 'U' 'M'
 'M' 'M' 'M' 'M' 'M' 'M' 'M' 'M' 'A' 'U' 'M' 'M' 'M' 'U' 'M' 'M' 'M' 'M'
 'M' 'M' 'U' 'M' 'M' 'M' 'M' 'U' 'U' 'U' 'U' 'U' 'U' 'M' 'M' 'M' 'U' 'U'
 'M' 'M' 'M' 'M' 'M' 'M' 'M' 'M' 'U' 'M' 'M' 'M' 'M' 'M' 'U' 'M' 'U' 'M'
 'M' 'M' 'U' 'M' 'U' 'M' 'M' 'M' 'M' 'M' 'M' 'U' 'M' 'M' 'M' 'U' 'M' 'U'
 'M' 'M' 'M' 'M' 'M' 'M' 'U' 'M' 'M' 'M' 'M' 'M' 'M' 'M' 'M' 'U' 'M' 'U']"
42901,0,162,3,159,36,0,0,"['A' 'U' 'M' 'M' 'M' 'M' 'M' 'M' 'M' 'M' 'M' 'U' 'M' 'M' 'M' 'U' 'M' 'U'
 'M' 'M' 'M' 'M' 'M' 'M' 'M' 'M' 'M' 'M' 'M' 'M' 'M' 'M' 'M' 'M' 'M' 'M'
 'U' 'M' 'U' 'M' 'M' 'U' 'M' 'M' 'M' 'U' 'M' 'M' 'M' 'M' 'M' 'U' 'M' 'M'
 'M' 'M' 'M' 'U' 'M' 'M' 'M' 'M' 'M' 'M' 'M' 'M' 'M' 'M' 'M' 'M' 'M' 'M'
 'M' 'M' 'U' 'U' 'M' 'M' 'M' 'M' 'M' 'M' 'U' 'M' 'M' 'M' 'U' 'M' 'M' 'M'
 'U' 'M' 'M' 'M' 'M' 'M' 'M' 'U' 'M' 'M' 'M' 'M' 'M' 'M' 'M' 'M' 'U' 'M'
 'M' 'M' 'M' 'M' 'M' 'M' 'U' 'M' 'A' 'U' 'M' 'M' 'M' 'U' 'U' 'M' 'M' 'M'
 'U' 'U' 'U' 'M' 'M' 'M' 'M' 'M' 'M' 'M' 'M' 'U' 'M' 'M' 'M' 'U' 'M' 'U'
 'M' 'M' 'M' 'M' 'M' 'M' 'M' 'M' 'U' 'M' 'M' 'M' 'M' 'M' 'M' 'M' 'U' 'M'
 'M' 'M' 'U' 'M' 'U' 'M' 'M' 'M' 'U' 'M' 'M' 'M' 'M' 'M' 'M' 'A' 'M' 'U'
 'M' 'M' 'M' 'M' 'M' 'M' 'U' 'M' 'M' 'M' 'M' 'M' 'M' 'M' 'M' 'U' 'M' 'U']"
43001,0,162,5,157,36,0,0,"['A' 'U' 'M' 'M' 'U' 'M' 'M' 'M' 'M' 'M' 'M' 'M' 'M' 'M' 'M' 'M' 'M' 'U'
 'M' 'M' 'M' 'M' 'M' 'M' 'M' 'M' 'M' 'M' 'M' 'M' 'M' 'M' 'M' 'U' 'M' 'M'
 'U' 'M' 'M' 'M' 'M' 'U' 'M' 'M' 'M' 'U' 'M' 'M' 'M' 'M' 'M' 'U' 'M' 'M'
 'M' 'M' 'M' 'U' 'M' 'M' 'M' 'M' 'M' 'M' 'U' 'M' 'M' 'M' 'M' 'M' 'M' 'M'
 'M' 'M' 'M' 'U' 'M' 'M' 'M' 'M' 'M' 'M' 'M' 'M' 'M' 'M' 'U' 'U' 'M' 'M'
 'M' 'U' 'U' 'M' 'M' 'M' 'M' 'U' 'M' 'M' 'M' 'M' 'M' 'M' 'M' 'M' 'U' 'M'
 'M' 'M' 'M' 'M' 'M' 'M' 'A' 'M' 'A' 'U' 'U' 'M' 'M' 'M' 'A' 'M' 'M' 'M'
 'U' 'M' 'U' 'M' 'M' 'M' 'M' 'M' 'M' 'M' 'M' 'U' 'M' 'M' 'M' 'U' 'M' 'U'
 'M' 'M' 'M' 'M' 'M' 'M' 'M' 'M' 'U' 'M' 'M' 'M' 'M' 'M' 'M' 'M' 'U' 'M'
 'M' 'M' 'U' 'M' 'U' 'M' 'M' 'M' 'U' 'M' 'M' 'M' 'U' 'M' 'M' 'A' 'M' 'U'
 'M' 'M' 'M' 'M' 'M' 'M' 'U' 'M' 'M' 'M' 'M' 'U' 'M' 'M' 'M' 'U' 'U' 'U']"
43101,0,160,6,154,38,0,1,"['A' 'M' 'M' 'M' 'U' 'M' 'M' 'M' 'M' 'M' 'M' 'M' 'U' 'M' 'M' 'M' 'M' 'U'
 'M' 'M' 'M' 'M' 'M' 'M' 'M' 'M' 'M' 'M' 'M' 'M' 'M' 'M' 'M' 'U' 'M' 'M'
 'U' 'M' 'M' 'M' 'M' 'M' 'M' 'M' 'M' 'U' 'U' 'M' 'M' 'M' 'M' 'U' 'M' 'M'
 'M' 'M' 'M' 'U' 'M' 'M' 'M' 'M' 'M' 'M' 'U' 'U' 'M' 'M' 'M' 'M' 'U' 'M'
 'M' 'M' 'U' 'M' 'M' 'M' 'U' 'M' 'M' 'M' 'M' 'M' 'M' 'M' 'M' 'M' 'M' 'M'
 'M' 'U' 'M' 'M' 'M' 'M' 'M' 'U' 'M' 'M' 'M' 'M' 'M' 'M' 'M' 'M' 'U' 'M'
 'M' 'M' 'M' 'M' 'U' 'M' 'A' 'M' 'A' 'U' 'A' 'M' 'M' 'M' 'A' 'M' 'M' 'M'
 'U' 'M' 'U' 'M' 'M' 'M' 'U' 'M' 'M' 'M' 'M' 'M' 'M' 'M' 'M' 'M' 'U' 'U'
 'M' 'U' 'M' 'M' 'M' 'M' 'U' 'M' 'U' 'M' 'M' 'M' 'M' 'M' 'M' 'M' 'U' 'M'
 'M' 'M' 'U' 'M' 'U' 'M' 'M' 'M' 'U' 'M' 'M' 'M' 'M' 'M' 'M' 'A' 'M' 'U'
 'M' 'M' 'M' 'M' 'M' 'U' 'U' 'M' 'M' 'M' 'U' 'U' 'M' 'M' 'M' 'U' 'M' 'U']"
43201,0,161,8,153,37,0,0,"['A' 'M' 'M' 'M' 'M' 'U' 'U' 'M' 'M' 'M' 'M' 'M' 'U' 'M' 'M' 'M' 'M' 'U'
 'M' 'M' 'M' 'M' 'M' 'M' 'M' 'M' 'M' 'M' 'M' 'M' 'M' 'M' 'M' 'U' 'M' 'M'
 'U' 'M' 'M' 'M' 'M' 'M' 'M' 'M' 'M' 'M' 'U' 'U' 'M' 'M' 'M' 'U' 'M' 'M'
 'M' 'M' 'M' 'U' 'M' 'M' 'M' 'M' 'M' 'M' 'U' 'M' 'M' 'M' 'M' 'M' 'M' 'U'
 'M' 'M' 'U' 'M' 'M' 'U' 'M' 'M' 'U' 'M' 'M' 'M' 'M' 'U' 'M' 'M' 'M' 'M'
 'M' 'M' 'M' 'M' 'M' 'M' 'M' 'U' 'M' 'M' 'M' 'M' 'M' 'M' 'M' 'M' 'U' 'M'
 'U' 'M' 'M' 'M' 'U' 'M' 'A' 'M' 'A' 'M' 'A' 'M' 'M' 'M' 'A' 'M' 'M' 'M'
 'U' 'M' 'U' 'M' 'M' 'M' 'U' 'M' 'M' 'M' 'M' 'M' 'M' 'M' 'M' 'A' 'M' 'U'
 'M' 'U' 'M' 'M' 'M' 'M' 'A' 'M' 'U' 'M' 'M' 'M' 'U' 'U' 'M' 'M' 'U' 'M'
 'M' 'M' 'U' 'M' 'M' 'M' 'M' 'M' 'M' 'M' 'M' 'M' 'M' 'M' 'M' 'A' 'M' 'U'
 'M' 'M' 'M' 'M' 'M' 'U' 'U' 'M' 'M' 'M' 'U' 'U' 'M' 'M' 'M' 'U' 'M' 'U']"
43301,0,155,8,147,43,0,0,"['A' 'M' 'M' 'M' 'M' 'U' 'U' 'M' 'M' 'M' 'M' 'U' 'U' 'M' 'M' 'M' 'M' 'U'
 'M' 'M' 'M' 'M' 'U' 'M' 'M' 'M' 'M' 'M' 'M' 'U' 'M' 'M' 'M' 'U' 'M' 'M'
 'U' 'M' 'M' 'M' 'M' 'M' 'M' 'M' 'M' 'M' 'U' 'M' 'U' 'M' 'M' 'M' 'M' 'M'
 'M' 'M' 'M' 'U' 'M' 'M' 'M' 'M' 'M' 'M' 'M' 'M' 'M' 'U' 'M' 'U' 'M' 'M'
 'U' 'M' 'M' 'M' 'M' 'M' 'M' 'M' 'M' 'M' 'M' 'M' 'U' 'U' 'M' 'M' 'M' 'M'
 'M' 'M' 'M' 'M' 'M' 'M' 'M' 'U' 'M' 'M' 'M' 'M' 'M' 'M' 'M' 'M' 'U' 'U'
 'U' 'M' 'M' 'M' 'M' 'M' 'A' 'M' 'A' 'M' 'A' 'U' 'M' 'M' 'A' 'M' 'M' 'M'
 'U' 'M' 'U' 'M' 'M' 'M' 'U' 'U' 'U' 'U' 'U' 'M' 'U' 'M' 'M' 'A' 'M' 'U'
 'M' 'A' 'M' 'M' 'M' 'U' 'U' 'M' 'U' 'M' 'M' 'M' 'U' 'U' 'M' 'M' 'U' 'M'
 'M' 'M' 'U' 'M' 'M' 'M' 'M' 'M' 'M' 'M' 'M' 'M' 'M' 'M' 'M' 'A' 'M' 'M'
 'M' 'M' 'M' 'M' 'M' 'U' 'U' 'M' 'M' 'M' 'U' 'U' 'M' 'M' 'M' 'U' 'M' 'M']"
43401,0,160,10,150,38,0,0,"['A' 'M' 'M' 'M' 'M' 'M' 'M' 'M' 'M' 'M' 'M' 'U' 'M' 'M' 'M' 'M' 'M' 'U'
 'M' 'M' 'M' 'A' 'U' 'M' 'M' 'M' 'M' 'M' 'M' 'U' 'M' 'M' 'M' 'U' 'M' 'U'
 'U' 'M' 'M' 'M' 'M' 'M' 'M' 'M' 'M' 'M' 'U' 'M' 'U' 'M' 'M' 'M' 'M' 'M'
 'M' 'M' 'M' 'U' 'M' 'M' 'M' 'M' 'M' 'M' 'M' 'M' 'U' 'M' 'U' 'M' 'U' 'M'
 'M' 'M' 'M' 'M' 'M' 'M' 'M' 'M' 'M' 'M' 'U' 'M' 'M' 'U' 'M' 'M' 'M' 'M'
 'M' 'M' 'M' 'M' 'M' 'M' 'M' 'M' 'M' 'M' 'M' 'M' 'M' 'M' 'M' 'M' 'U' 'U'
 'M' 'M' 'M' 'M' 'M' 'M' 'A' 'M' 'A' 'M' 'A' 'U' 'M' 'M' 'A' 'M' 'M' 'M'
 'U' 'M' 'U' 'M' 'M' 'M' 'U' 'U' 'A' 'M' 'U' 'U' 'U' 'M' 'M' 'A' 'M' 'U'
 'U' 'A' 'M' 'U' 'M' 'U' 'M' 'M' 'U' 'M' 'M' 'M' 'M' 'M' 'M' 'M' 'A' 'M'
 'M' 'M' 'U' 'M' 'M' 'M' 'M' 'U' 'M' 'M' 'M' 'M' 'M' 'M' 'M' 'U' 'M' 'M'
 'M' 'M' 'M' 'M' 'M' 'U' 'U' 'M' 'M' 'M' 'U' 'U' 'M' 'M' 'M' 'U' 'M' 'M']"
43501,0,154,8,146,44,0,0,"['A' 'M' 'M' 'M' 'M' 'M' 'M' 'M' 'M' 'M' 'M' 'U' 'M' 'M' 'M' 'U' 'M' 'M'
 'U' 'M' 'M' 'U' 'U' 'M' 'M' 'M' 'M' 'M' 'M' 'U' 'M' 'M' 'M' 'U' 'M' 'U'
 'U' 'M' 'M' 'M' 'M' 'M' 'M' 'M' 'M' 'M' 'U' 'M' 'M' 'M' 'M' 'M' 'U' 'M'
 'M' 'M' 'M' 'U' 'M' 'U' 'M' 'M' 'M' 'M' 'M' 'U' 'M' 'M' 'U' 'M' 'M' 'U'
 'M' 'M' 'M' 'M' 'M' 'M' 'M' 'M' 'M' 'M' 'M' 'M' 'M' 'M' 'M' 'U' 'M' 'M'
 'M' 'U' 'M' 'M' 'M' 'M' 'M' 'M' 'U' 'M' 'M' 'M' 'M' 'M' 'M' 'M' 'M' 'U'
 'M' 'M' 'M' 'M' 'U' 'M' 'A' 'M' 'U' 'M' 'A' 'U' 'M' 'M' 'A' 'M' 'M' 'M'
 'U' 'M' 'U' 'M' 'M' 'M' 'U' 'U' 'A' 'U' 'U' 'U' 'U' 'U' 'M' 'A' 'M' 'M'
 'U' 'A' 'M' 'U' 'M' 'U' 'M' 'M' 'U' 'M' 'M' 'M' 'M' 'M' 'M' 'M' 'A' 'M'
 'M' 'M' 'U' 'M' 'M' 'M' 'M' 'M' 'M' 'M' 'M' 'M' 'M' 'M' 'M' 'U' 'M' 'M'
 'M' 'M' 'M' 'M' 'M' 'U' 'U' 'M' 'U' 'M' 'U' 'U' 'M' 'M' 'M' 'U' 'M' 'M']"
43601,0,159,7,152,39,0,0,"['A' 'M' 'M' 'M' 'M' 'M' 'U' 'M' 'M' 'M' 'M' 'U' 'M' 'M' 'M' 'U' 'M' 'U'
 'U' 'M' 'M' 'U' 'M' 'M' 'M' 'M' 'M' 'M' 'M' 'M' 'M' 'M' 'M' 'U' 'M' 'U'
 'U' 'M' 'M' 'M' 'M' 'M' 'M' 'M' 'M' 'M' 'U' 'M' 'M' 'M' 'M' 'M' 'M' 'M'
 'M' 'M' 'M' 'M' 'M' 'U' 'M' 'M' 'M' 'M' 'M' 'M' 'M' 'M' 'M' 'M' 'M' 'M'
 'M' 'M' 'M' 'M' 'M' 'U' 'M' 'M' 'M' 'U' 'M' 'M' 'U' 'M' 'U' 'U' 'M' 'M'
 'M' 'M' 'M' 'M' 'M' 'M' 'M' 'U' 'U' 'M' 'M' 'M' 'M' 'M' 'M' 'M' 'M' 'U'
 'M' 'M' 'M' 'M' 'M' 'M' 'A' 'M' 'M' 'M' 'A' 'U' 'M' 'M' 'A' 'M' 'M' 'M'
 'M' 'M' 'U' 'M' 'M' 'M' 'A' 'U' 'A' 'U' 'U' 'U' 'M' 'U' 'M' 'U' 'M' 'M'
 'U' 'U' 'M' 'U' 'M' 'M' 'M' 'M' 'U' 'M' 'M' 'M' 'M' 'M' 'M' 'M' 'A' 'M'
 'M' 'M' 'U' 'M' 'M' 'M' 'M' 'M' 'M' 'M' 'M' 'M' 'M' 'M' 'M' 'U' 'M' 'M'
 'M' 'M' 'M' 'M' 'M' 'U' 'U' 'M' 'M' 'M' 'U' 'U' 'M' 'U' 'M' 'U' 'M' 'M']"
43701,1,157,6,151,41,0,0,"['A' 'M' 'M' 'M' 'M' 'M' 'U' 'M' 'M' 'M' 'M' 'U' 'M' 'M' 'M' 'U' 'M' 'U'
 'M' 'M' 'M' 'U' 'M' 'M' 'U' 'M' 'M' 'M' 'M' 'M' 'M' 'M' 'M' 'U' 'M' 'U'
 'U' 'M' 'M' 'M' 'M' 'M' 'M' 'M' 'M' 'M' 'U' 'M' 'M' 'M' 'M' 'M' 'M' 'M'
 'M' 'M' 'M' 'M' 'M' 'U' 'M' 'M' 'M' 'M' 'M' 'M' 'M' 'M' 'M' 'M' 'M' 'M'
 'M' 'M' 'M' 'M' 'U' 'U' 'M' 'M' 'M' 'M' 'M' 'M' 'M' 'M' 'M' 'M' 'U' 'M'
 'M' 'M' 'M' 'U' 'U' 'M' 'M' 'U' 'U' 'M' 'M' 'M' 'M' 'M' 'M' 'M' 'M' 'U'
 'U' 'M' 'U' 'M' 'M' 'M' 'A' 'U' 'M' 'M' 'A' 'U' 'M' 'M' 'A' 'M' 'M' 'M'
 'M' 'M' 'U' 'M' 'M' 'U' 'A' 'U' 'U' 'U' 'A' 'M' 'M' 'U' 'M' 'U' 'M' 'U'
 'U' 'U' 'U' 'U' 'M' 'M' 'M' 'M' 'U' 'M' 'M' 'M' 'M' 'M' 'M' 'M' 'M' 'M'
 'M' 'M' 'U' 'M' 'M' 'M' 'M' 'M' 'M' 'M' 'M' 'M' 'M' 'M' 'M' 'U' 'M' 'M'
 'M' 'M' 'M' 'M' 'M' 'U' 'M' 'M' 'M' 'M' 'M' 'U' 'M' 'M' 'M' 'U' 'M' 'M']"
43801,1,151,6,145,47,0,0,"['A' 'M' 'M' 'M' 'M' 'M' 'U' 'M' 'M' 'M' 'M' 'U' 'U' 'M' 'M' 'M' 'M' 'U'
 'M' 'U' 'M' 'U' 'M' 'M' 'U' 'M' 'M' 'M' 'M' 'M' 'M' 'M' 'M' 'U' 'M' 'U'
 'U' 'M' 'M' 'M' 'M' 'U' 'M' 'M' 'M' 'M' 'U' 'U' 'M' 'M' 'M' 'M' 'M' 'M'
 'M' 'M' 'M' 'M' 'M' 'U' 'M' 'M' 'M' 'M' 'U' 'M' 'M' 'M' 'M' 'M' 'U' 'U'
 'M' 'M' 'M' 'U' 'M' 'M' 'M' 'M' 'M' 'M' 'M' 'M' 'M' 'U' 'M' 'U' 'M' 'M'
 'M' 'M' 'M' 'M' 'M' 'M' 'M' 'U' 'U' 'M' 'M' 'M' 'M' 'M' 'M' 'U' 'M' 'U'
 'U' 'M' 'U' 'M' 'M' 'M' 'A' 'M' 'M' 'U' 'U' 'U' 'M' 'M' 'A' 'U' 'M' 'M'
 'M' 'M' 'U' 'M' 'M' 'U' 'A' 'U' 'M' 'U' 'U' 'U' 'U' 'U' 'M' 'U' 'M' 'U'
 'U' 'U' 'M' 'A' 'M' 'M' 'M' 'M' 'U' 'M' 'M' 'M' 'M' 'M' 'M' 'M' 'M' 'M'
 'M' 'U' 'M' 'M' 'M' 'M' 'M' 'M' 'M' 'M' 'M' 'M' 'M' 'M' 'M' 'U' 'M' 'M'
 'M' 'M' 'M' 'M' 'M' 'U' 'M' 'M' 'M' 'M' 'M' 'A' 'M' 'M' 'M' 'U' 'M' 'M']"
43901,0,159,10,149,39,0,0,"['A' 'M' 'M' 'M' 'M' 'M' 'U' 'M' 'M' 'M' 'M' 'U' 'U' 'M' 'M' 'M' 'M' 'M'
 'M' 'U' 'M' 'A' 'M' 'M' 'U' 'M' 'M' 'M' 'M' 'M' 'M' 'M' 'M' 'U' 'M' 'U'
 'U' 'M' 'M' 'M' 'M' 'U' 'M' 'M' 'M' 'M' 'U' 'U' 'M' 'M' 'M' 'U' 'M' 'M'
 'M' 'U' 'M' 'M' 'M' 'A' 'M' 'U' 'M' 'M' 'U' 'M' 'M' 'M' 'M' 'M' 'M' 'M'
 'M' 'M' 'M' 'M' 'M' 'M' 'M' 'M' 'M' 'M' 'M' 'U' 'M' 'U' 'M' 'U' 'M' 'U'
 'U' 'M' 'M' 'M' 'M' 'M' 'M' 'M' 'U' 'M' 'M' 'M' 'M' 'M' 'M' 'M' 'M' 'M'
 'U' 'M' 'U' 'M' 'M' 'M' 'A' 'M' 'U' 'U' 'A' 'A' 'M' 'M' 'A' 'U' 'M' 'M'
 'M' 'M' 'M' 'M' 'M' 'U' 'U' 'A' 'U' 'U' 'U' 'U' 'U' 'M' 'M' 'U' 'M' 'U'
 'U' 'U' 'M' 'A' 'M' 'M' 'M' 'M' 'U' 'M' 'M' 'M' 'M' 'M' 'M' 'M' 'M' 'M'
 'M' 'M' 'M' 'M' 'M' 'M' 'M' 'M' 'M' 'M' 'M' 'M' 'M' 'M' 'M' 'M' 'M' 'M'
 'M' 'M' 'M' 'M' 'U' 'M' 'M' 'M' 'M' 'M' 'M' 'A' 'M' 'M' 'M' 'M' 'M' 'M']"
44001,0,158,8,150,40,0,1,"['A' 'M' 'M' 'M' 'M' 'M' 'U' 'M' 'M' 'M' 'M' 'U' 'M' 'M' 'M' 'M' 'M' 'M'
 'M' 'M' 'M' 'U' 'M' 'M' 'U' 'M' 'M' 'M' 'M' 'M' 'M' 'M' 'M' 'U' 'M' 'U'
 'U' 'M' 'M' 'M' 'M' 'U' 'M' 'U' 'M' 'M' 'M' 'U' 'U' 'M' 'M' 'U' 'M' 'M'
 'M' 'U' 'U' 'M' 'M' 'A' 'M' 'U' 'M' 'M' 'U' 'U' 'M' 'M' 'M' 'M' 'U' 'M'
 'M' 'M' 'U' 'M' 'M' 'M' 'M' 'M' 'M' 'M' 'M' 'U' 'M' 'M' 'M' 'M' 'M' 'M'
 'M' 'M' 'M' 'M' 'U' 'M' 'M' 'M' 'U' 'M' 'M' 'M' 'M' 'M' 'M' 'M' 'M' 'M'
 'M' 'U' 'U' 'M' 'M' 'M' 'A' 'M' 'U' 'U' 'A' 'A' 'M' 'M' 'A' 'U' 'M' 'M'
 'M' 'M' 'M' 'M' 'M' 'U' 'U' 'A' 'U' 'U' 'U' 'U' 'U' 'M' 'M' 'U' 'M' 'M'
 'U' 'M' 'M' 'M' 'M' 'M' 'M' 'M' 'M' 'M' 'M' 'M' 'M' 'M' 'M' 'M' 'M' 'M'
 'M' 'M' 'M' 'M' 'M' 'M' 'M' 'M' 'M' 'M' 'U' 'M' 'M' 'M' 'M' 'M' 'M' 'M'
 'M' 'M' 'M' 'M' 'U' 'M' 'M' 'U' 'M' 'M' 'M' 'A' 'M' 'M' 'M' 'M' 'M' 'U']"
44101,0,158,7,151,40,0,1,"['A' 'M' 'M' 'M' 'M' 'M' 'M' 'M' 'M' 'M' 'M' 'U' 'M' 'M' 'M' 'M' 'M' 'M'
 'M' 'U' 'M' 'U' 'M' 'M' 'U' 'M' 'M' 'M' 'M' 'M' 'M' 'M' 'M' 'U' 'M' 'U'
 'M' 'M' 'M' 'M' 'M' 'A' 'U' 'U' 'M' 'M' 'M' 'U' 'U' 'M' 'M' 'M' 'M' 'M'
 'M' 'U' 'U' 'M' 'M' 'U' 'M' 'U' 'M' 'M' 'U' 'M' 'U' 'M' 'M' 'M' 'M' 'M'
 'M' 'M' 'M' 'M' 'M' 'U' 'M' 'M' 'M' 'U' 'M' 'M' 'M' 'M' 'M' 'M' 'M' 'U'
 'U' 'M' 'M' 'M' 'M' 'M' 'M' 'M' 'U' 'M' 'M' 'M' 'M' 'M' 'M' 'M' 'M' 'M'
 'M' 'U' 'M' 'M' 'M' 'M' 'U' 'M' 'U' 'M' 'A' 'A' 'M' 'M' 'U' 'M' 'M' 'M'
 'M' 'M' 'M' 'M' 'M' 'U' 'U' 'A' 'U' 'U' 'U' 'U' 'U' 'M' 'M' 'U' 'M' 'M'
 'A' 'M' 'M' 'M' 'M' 'M' 'M' 'U' 'M' 'M' 'M' 'M' 'M' 'M' 'M' 'M' 'M' 'M'
 'M' 'U' 'M' 'M' 'M' 'M' 'M' 'M' 'M' 'M' 'U' 'M' 'M' 'M' 'M' 'M' 'M' 'M'
 'M' 'M' 'M' 'M' 'U' 'M' 'M' 'U' 'M' 'M' 'M' 'A' 'M' 'M' 'U' 'M' 'M' 'U']"
44201,1,156,6,150,42,0,0,"['A' 'M' 'M' 'M' 'M' 'M' 'M' 'M' 'M' 'M' 'M' 'U' 'M' 'M' 'M' 'M' 'M' 'M'
 'M' 'U' 'M' 'U' 'M' 'M' 'M' 'M' 'M' 'M' 'M' 'M' 'M' 'M' 'M' 'U' 'M' 'M'
 'M' 'M' 'M' 'M' 'M' 'A' 'A' 'U' 'M' 'M' 'M' 'U' 'U' 'U' 'M' 'M' 'M' 'M'
 'M' 'U' 'U' 'M' 'M' 'M' 'M' 'U' 'U' 'M' 'U' 'U' 'M' 'M' 'M' 'M' 'M' 'M'
 'M' 'M' 'M' 'M' 'M' 'U' 'U' 'M' 'M' 'M' 'M' 'M' 'M' 'M' 'M' 'M' 'U' 'M'
 'M' 'U' 'M' 'M' 'M' 'M' 'M' 'M' 'U' 'M' 'U' 'M' 'U' 'M' 'M' 'M' 'M' 'M'
 'M' 'U' 'M' 'M' 'M' 'M' 'U' 'M' 'U' 'M' 'A' 'U' 'M' 'M' 'U' 'M' 'M' 'M'
 'M' 'M' 'M' 'M' 'M' 'U' 'U' 'A' 'U' 'U' 'U' 'U' 'U' 'M' 'M' 'M' 'M' 'M'
 'U' 'M' 'M' 'M' 'M' 'M' 'M' 'U' 'M' 'M' 'M' 'M' 'M' 'M' 'M' 'M' 'M' 'M'
 'M' 'U' 'M' 'M' 'M' 'M' 'M' 'M' 'M' 'U' 'U' 'M' 'M' 'M' 'M' 'U' 'M' 'M'
 'M' 'M' 'M' 'M' 'U' 'M' 'M' 'M' 'M' 'M' 'M' 'A' 'M' 'M' 'U' 'M' 'M' 'U']"
44301,0,160,7,153,38,0,1,"['A' 'M' 'M' 'U' 'M' 'M' 'M' 'M' 'M' 'M' 'M' 'U' 'M' 'M' 'M' 'M' 'M' 'M'
 'M' 'M' 'M' 'M' 'M' 'M' 'M' 'M' 'M' 'M' 'M' 'M' 'M' 'M' 'M' 'U' 'M' 'M'
 'M' 'M' 'M' 'M' 'M' 'A' 'A' 'M' 'M' 'M' 'M' 'U' 'A' 'U' 'M' 'M' 'M' 'M'
 'M' 'U' 'U' 'M' 'M' 'M' 'M' 'U' 'M' 'M' 'U' 'M' 'M' 'M' 'M' 'U' 'M' 'M'
 'M' 'M' 'M' 'M' 'M' 'M' 'M' 'M' 'M' 'M' 'U' 'M' 'M' 'U' 'U' 'M' 'M' 'M'
 'M' 'M' 'M' 'U' 'M' 'U' 'M' 'U' 'U' 'M' 'M' 'M' 'U' 'M' 'U' 'M' 'U' 'M'
 'M' 'U' 'M' 'M' 'M' 'M' 'M' 'M' 'M' 'M' 'A' 'M' 'M' 'M' 'U' 'M' 'M' 'M'
 'M' 'M' 'M' 'M' 'M' 'M' 'M' 'A' 'U' 'U' 'U' 'U' 'M' 'U' 'M' 'M' 'M' 'M'
 'U' 'M' 'M' 'M' 'M' 'M' 'U' 'U' 'M' 'U' 'M' 'M' 'M' 'M' 'M' 'M' 'M' 'M'
 'M' 'U' 'M' 'M' 'M' 'M' 'M' 'M' 'M' 'A' 'U' 'M' 'M' 'M' 'M' 'M' 'M' 'M'
 'M' 'M' 'M' 'M' 'U' 'M' 'M' 'M' 'M' 'U' 'M' 'U' 'M' 'M' 'U' 'M' 'M' 'U']"
44401,0,158,10,148,40,0,0,"['A' 'M' 'M' 'U' 'M' 'M' 'M' 'M' 'M' 'M' 'M' 'U' 'M' 'M' 'M' 'M' 'M' 'M'
 'M' 'M' 'M' 'M' 'U' 'M' 'M' 'M' 'M' 'M' 'M' 'M' 'M' 'M' 'M' 'U' 'M' 'M'
 'M' 'M' 'M' 'U' 'M' 'A' 'A' 'M' 'M' 'M' 'M' 'A' 'A' 'M' 'M' 'M' 'M' 'M'
 'M' 'U' 'M' 'M' 'M' 'M' 'M' 'U' 'M' 'M' 'U' 'M' 'M' 'M' 'M' 'M' 'M' 'U'
 'M' 'U' 'M' 'U' 'M' 'U' 'M' 'M' 'M' 'M' 'M' 'M' 'U' 'M' 'M' 'M' 'M' 'M'
 'M' 'M' 'M' 'M' 'M' 'U' 'M' 'U' 'U' 'M' 'M' 'U' 'U' 'M' 'U' 'M' 'U' 'M'
 'M' 'U' 'M' 'M' 'M' 'M' 'M' 'M' 'M' 'M' 'A' 'M' 'M' 'M' 'U' 'M' 'M' 'M'
 'M' 'M' 'M' 'M' 'U' 'M' 'M' 'A' 'M' 'U' 'U' 'U' 'U' 'A' 'M' 'M' 'M' 'M'
 'U' 'M' 'M' 'M' 'U' 'M' 'U' 'U' 'M' 'A' 'M' 'M' 'M' 'M' 'M' 'M' 'M' 'M'
 'M' 'U' 'U' 'M' 'U' 'M' 'M' 'M' 'M' 'A' 'U' 'M' 'M' 'U' 'M' 'M' 'M' 'M'
 'M' 'M' 'M' 'M' 'U' 'M' 'M' 'M' 'M' 'U' 'M' 'M' 'M' 'M' 'U' 'M' 'M' 'U']"
44501,0,159,11,148,39,0,0,"['A' 'U' 'M' 'M' 'M' 'M' 'M' 'M' 'U' 'M' 'M' 'U' 'M' 'M' 'M' 'M' 'M' 'M'
 'M' 'M' 'M' 'M' 'M' 'M' 'U' 'M' 'M' 'M' 'M' 'M' 'M' 'M' 'M' 'U' 'M' 'U'
 'M' 'M' 'M' 'U' 'M' 'U' 'A' 'M' 'M' 'M' 'M' 'A' 'A' 'M' 'M' 'M' 'M' 'M'
 'U' 'M' 'M' 'U' 'M' 'M' 'U' 'U' 'M' 'M' 'U' 'M' 'U' 'U' 'M' 'M' 'M' 'M'
 'M' 'U' 'M' 'M' 'M' 'M' 'M' 'M' 'M' 'M' 'M' 'M' 'U' 'M' 'M' 'M' 'M' 'M'
 'U' 'M' 'M' 'M' 'M' 'U' 'M' 'U' 'U' 'M' 'M' 'M' 'U' 'M' 'M' 'M' 'M' 'M'
 'M' 'U' 'M' 'M' 'M' 'M' 'M' 'M' 'M' 'M' 'A' 'U' 'M' 'M' 'M' 'U' 'M' 'M'
 'M' 'M' 'M' 'M' 'U' 'M' 'M' 'U' 'M' 'U' 'U' 'U' 'U' 'A' 'M' 'M' 'M' 'M'
 'U' 'M' 'M' 'M' 'M' 'M' 'U' 'M' 'M' 'A' 'M' 'M' 'M' 'M' 'U' 'M' 'M' 'M'
 'M' 'A' 'M' 'M' 'M' 'M' 'M' 'M' 'M' 'A' 'M' 'M' 'M' 'U' 'M' 'M' 'M' 'M'
 'M' 'M' 'M' 'M' 'A' 'M' 'M' 'U' 'M' 'U' 'A' 'M' 'M' 'M' 'U' 'M' 'M' 'U']"
44601,0,155,12,143,43,0,0,"['A' 'U' 'M' 'M' 'M' 'M' 'M' 'M' 'A' 'M' 'M' 'U' 'M' 'M' 'M' 'M' 'M' 'M'
 'M' 'M' 'U' 'M' 'M' 'M' 'U' 'M' 'M' 'M' 'M' 'U' 'M' 'M' 'M' 'U' 'M' 'U'
 'M' 'M' 'M' 'U' 'M' 'M' 'A' 'M' 'M' 'M' 'M' 'A' 'A' 'M' 'M' 'U' 'M' 'M'
 'U' 'M' 'M' 'U' 'M' 'M' 'U' 'A' 'M' 'M' 'M' 'U' 'M' 'M' 'U' 'M' 'M' 'M'
 'M' 'M' 'M' 'U' 'M' 'M' 'M' 'M' 'M' 'M' 'M' 'M' 'M' 'M' 'M' 'M' 'M' 'M'
 'U' 'M' 'M' 'U' 'M' 'U' 'M' 'U' 'U' 'M' 'U' 'U' 'U' 'M' 'M' 'M' 'M' 'M'
 'M' 'U' 'M' 'M' 'M' 'M' 'M' 'M' 'M' 'U' 'U' 'U' 'M' 'M' 'M' 'U' 'M' 'M'
 'M' 'M' 'M' 'M' 'U' 'M' 'M' 'U' 'M' 'U' 'U' 'U' 'U' 'A' 'M' 'M' 'M' 'M'
 'U' 'U' 'M' 'U' 'M' 'M' 'U' 'M' 'M' 'A' 'M' 'M' 'M' 'M' 'U' 'M' 'M' 'M'
 'M' 'A' 'M' 'M' 'M' 'M' 'M' 'M' 'M' 'A' 'M' 'M' 'M' 'U' 'M' 'M' 'M' 'M'
 'M' 'M' 'M' 'M' 'A' 'M' 'M' 'M' 'M' 'U' 'A' 'M' 'M' 'M' 'U' 'M' 'M' 'U']"
44701,0,163,11,152,35,0,0,"['A' 'U' 'M' 'M' 'U' 'M' 'M' 'M' 'A' 'M' 'M' 'A' 'M' 'M' 'M' 'M' 'M' 'M'
 'M' 'M' 'M' 'M' 'M' 'M' 'U' 'M' 'M' 'M' 'M' 'M' 'M' 'M' 'M' 'U' 'M' 'U'
 'M' 'M' 'M' 'U' 'M' 'M' 'U' 'M' 'M' 'M' 'M' 'A' 'A' 'M' 'M' 'U' 'M' 'M'
 'U' 'M' 'M' 'U' 'U' 'M' 'U' 'U' 'M' 'M' 'M' 'M' 'M' 'M' 'U' 'M' 'M' 'M'
 'M' 'M' 'M' 'M' 'M' 'M' 'M' 'M' 'M' 'M' 'M' 'M' 'M' 'M' 'M' 'M' 'U' 'M'
 'U' 'U' 'M' 'U' 'M' 'U' 'M' 'U' 'M' 'M' 'U' 'U' 'U' 'M' 'M' 'M' 'M' 'M'
 'M' 'U' 'M' 'M' 'M' 'M' 'M' 'M' 'M' 'M' 'U' 'M' 'M' 'M' 'M' 'U' 'M' 'M'
 'M' 'M' 'M' 'M' 'M' 'M' 'M' 'U' 'M' 'M' 'M' 'M' 'M' 'A' 'M' 'M' 'M' 'M'
 'U' 'M' 'M' 'M' 'M' 'M' 'U' 'M' 'M' 'A' 'M' 'U' 'U' 'M' 'U' 'M' 'M' 'M'
 'M' 'A' 'M' 'M' 'M' 'M' 'M' 'M' 'M' 'A' 'M' 'M' 'M' 'U' 'M' 'M' 'M' 'M'
 'M' 'M' 'M' 'M' 'A' 'M' 'M' 'M' 'M' 'M' 'U' 'M' 'M' 'M' 'U' 'M' 'M' 'A']"
44801,0,161,12,149,37,0,0,"['A' 'U' 'M' 'M' 'U' 'M' 'M' 'M' 'A' 'M' 'M' 'A' 'M' 'M' 'M' 'M' 'M' 'M'
 'U' 'M' 'M' 'M' 'M' 'M' 'M' 'M' 'M' 'M' 'M' 'M' 'M' 'M' 'M' 'U' 'M' 'M'
 'M' 'M' 'M' 'U' 'M' 'M' 'U' 'M' 'U' 'M' 'M' 'A' 'A' 'U' 'M' 'M' 'M' 'M'
 'M' 'M' 'M' 'A' 'U' 'M' 'U' 'U' 'M' 'M' 'M' 'M' 'M' 'M' 'M' 'M' 'M' 'M'
 'U' 'M' 'U' 'M' 'M' 'M' 'M' 'U' 'M' 'M' 'M' 'M' 'M' 'U' 'U' 'M' 'M' 'M'
 'M' 'M' 'M' 'M' 'M' 'U' 'M' 'M' 'M' 'M' 'U' 'U' 'U' 'M' 'M' 'M' 'M' 'M'
 'M' 'A' 'M' 'M' 'M' 'M' 'M' 'M' 'M' 'M' 'U' 'U' 'M' 'U' 'M' 'U' 'M' 'M'
 'M' 'M' 'M' 'M' 'M' 'M' 'M' 'U' 'M' 'M' 'M' 'M' 'M' 'A' 'M' 'M' 'M' 'M'
 'U' 'M' 'M' 'M' 'M' 'M' 'M' 'M' 'M' 'U' 'U' 'U' 'U' 'M' 'U' 'U' 'M' 'M'
 'M' 'A' 'M' 'M' 'M' 'M' 'M' 'M' 'M' 'A' 'M' 'M' 'M' 'U' 'M' 'M' 'M' 'M'
 'M' 'M' 'M' 'U' 'A' 'M' 'M' 'M' 'M' 'M' 'U' 'M' 'U' 'M' 'U' 'M' 'M' 'A']"
44901,0,167,7,160,31,0,1,"['A' 'M' 'M' 'M' 'U' 'M' 'M' 'M' 'A' 'M' 'M' 'A' 'M' 'M' 'M' 'U' 'M' 'M'
 'U' 'M' 'M' 'M' 'M' 'M' 'M' 'M' 'M' 'M' 'M' 'M' 'M' 'M' 'M' 'M' 'M' 'M'
 'M' 'M' 'M' 'U' 'M' 'M' 'M' 'M' 'M' 'M' 'M' 'U' 'U' 'U' 'M' 'M' 'M' 'M'
 'M' 'M' 'M' 'U' 'U' 'M' 'U' 'U' 'M' 'M' 'M' 'M' 'M' 'M' 'M' 'U' 'M' 'M'
 'M' 'M' 'M' 'U' 'M' 'M' 'M' 'M' 'M' 'M' 'M' 'M' 'U' 'M' 'M' 'M' 'M' 'U'
 'M' 'M' 'M' 'U' 'M' 'U' 'M' 'M' 'M' 'M' 'U' 'M' 'M' 'M' 'M' 'M' 'M' 'M'
 'M' 'A' 'M' 'M' 'U' 'M' 'M' 'M' 'M' 'M' 'U' 'M' 'M' 'U' 'M' 'U' 'M' 'M'
 'M' 'M' 'M' 'M' 'M' 'M' 'M' 'M' 'M' 'M' 'M' 'M' 'M' 'U' 'M' 'M' 'M' 'M'
 'U' 'M' 'M' 'M' 'M' 'M' 'M' 'M' 'M' 'M' 'M' 'U' 'U' 'M' 'U' 'U' 'M' 'M'
 'M' 'U' 'M' 'M' 'U' 'M' 'M' 'M' 'M' 'A' 'M' 'M' 'M' 'M' 'M' 'M' 'M' 'M'
 'M' 'M' 'M' 'M' 'A' 'M' 'M' 'M' 'M' 'M' 'M' 'M' 'M' 'M' 'U' 'M' 'M' 'A']"
45001,0,170,5,165,28,0,0,"['A' 'M' 'U' 'M' 'U' 'M' 'M' 'M' 'A' 'M' 'M' 'A' 'M' 'M' 'M' 'M' 'M' 'M'
 'M' 'M' 'M' 'M' 'M' 'M' 'M' 'M' 'M' 'M' 'M' 'M' 'M' 'M' 'M' 'M' 'M' 'M'
 'M' 'M' 'M' 'U' 'M' 'M' 'M' 'M' 'M' 'M' 'M' 'U' 'U' 'U' 'M' 'M' 'M' 'M'
 'M' 'M' 'M' 'U' 'U' 'M' 'U' 'U' 'M' 'M' 'M' 'M' 'M' 'M' 'M' 'U' 'M' 'M'
 'M' 'M' 'M' 'M' 'M' 'M' 'M' 'U' 'M' 'M' 'M' 'U' 'U' 'M' 'M' 'M' 'U' 'M'
 'M' 'M' 'M' 'M' 'M' 'U' 'M' 'M' 'M' 'M' 'U' 'M' 'M' 'M' 'M' 'M' 'M' 'M'
 'U' 'A' 'M' 'M' 'M' 'M' 'M' 'M' 'M' 'M' 'U' 'M' 'M' 'M' 'M' 'U' 'M' 'M'
 'M' 'U' 'M' 'M' 'M' 'M' 'M' 'M' 'M' 'M' 'M' 'M' 'M' 'M' 'M' 'M' 'M' 'M'
 'M' 'M' 'M' 'M' 'M' 'M' 'M' 'M' 'M' 'M' 'M' 'M' 'M' 'M' 'U' 'U' 'M' 'M'
 'M' 'M' 'M' 'M' 'U' 'M' 'M' 'M' 'M' 'U' 'M' 'U' 'M' 'M' 'M' 'M' 'M' 'M'
 'M' 'M' 'M' 'M' 'U' 'M' 'M' 'M' 'M' 'M' 'M' 'M' 'M' 'M' 'U' 'M' 'M' 'A']"
45101,1,161,3,158,37,0,1,"['A' 'M' 'U' 'M' 'U' 'M' 'M' 'M' 'A' 'M' 'M' 'A' 'M' 'M' 'M' 'U' 'M' 'M'
 'M' 'M' 'M' 'M' 'U' 'M' 'M' 'M' 'U' 'M' 'M' 'M' 'M' 'M' 'M' 'M' 'M' 'M'
 'M' 'M' 'M' 'U' 'M' 'M' 'M' 'M' 'M' 'M' 'M' 'U' 'M' 'M' 'M' 'M' 'M' 'M'
 'M' 'M' 'M' 'U' 'U' 'M' 'M' 'U' 'M' 'M' 'M' 'M' 'M' 'M' 'M' 'M' 'M' 'M'
 'U' 'M' 'M' 'M' 'M' 'M' 'U' 'U' 'M' 'M' 'M' 'M' 'M' 'U' 'U' 'M' 'M' 'M'
 'M' 'M' 'M' 'M' 'M' 'U' 'M' 'M' 'M' 'M' 'M' 'M' 'M' 'M' 'M' 'M' 'M' 'M'
 'U' 'U' 'M' 'M' 'M' 'M' 'M' 'M' 'M' 'M' 'U' 'U' 'U' 'M' 'M' 'U' 'M' 'M'
 'M' 'U' 'M' 'M' 'M' 'U' 'U' 'M' 'U' 'M' 'U' 'M' 'M' 'U' 'M' 'M' 'M' 'M'
 'M' 'M' 'M' 'M' 'M' 'M' 'M' 'M' 'M' 'M' 'M' 'M' 'M' 'M' 'U' 'M' 'M' 'M'
 'M' 'M' 'M' 'M' 'U' 'M' 'M' 'M' 'M' 'U' 'M' 'U' 'M' 'M' 'U' 'M' 'M' 'M'
 'M' 'M' 'M' 'M' 'U' 'M' 'M' 'M' 'M' 'M' 'M' 'M' 'M' 'U' 'U' 'M' 'M' 'U']"
45201,0,164,3,161,34,0,0,"['A' 'M' 'M' 'M' 'U' 'M' 'M' 'M' 'A' 'M' 'M' 'A' 'M' 'M' 'M' 'M' 'M' 'M'
 'M' 'M' 'M' 'M' 'M' 'M' 'M' 'M' 'U' 'M' 'M' 'M' 'M' 'M' 'M' 'M' 'M' 'M'
 'M' 'M' 'M' 'U' 'M' 'M' 'M' 'M' 'M' 'M' 'M' 'U' 'M' 'M' 'M' 'M' 'M' 'M'
 'M' 'M' 'M' 'U' 'U' 'M' 'M' 'U' 'M' 'M' 'M' 'M' 'M' 'M' 'M' 'M' 'M' 'M'
 'M' 'M' 'M' 'M' 'M' 'U' 'M' 'M' 'M' 'M' 'U' 'M' 'M' 'M' 'M' 'U' 'M' 'U'
 'M' 'M' 'M' 'U' 'M' 'U' 'M' 'M' 'M' 'M' 'M' 'M' 'M' 'M' 'M' 'M' 'M' 'M'
 'M' 'U' 'M' 'M' 'M' 'M' 'M' 'M' 'M' 'M' 'U' 'M' 'U' 'M' 'M' 'M' 'M' 'M'
 'M' 'U' 'M' 'M' 'M' 'M' 'U' 'M' 'U' 'M' 'U' 'M' 'U' 'M' 'M' 'M' 'U' 'M'
 'M' 'M' 'M' 'M' 'M' 'U' 'M' 'M' 'M' 'M' 'U' 'M' 'M' 'M' 'U' 'M' 'M' 'M'
 'M' 'M' 'M' 'M' 'U' 'M' 'M' 'M' 'M' 'U' 'M' 'U' 'M' 'M' 'U' 'M' 'M' 'M'
 'M' 'M' 'M' 'M' 'U' 'M' 'M' 'M' 'M' 'M' 'M' 'U' 'M' 'U' 'U' 'M' 'M' 'U']"
45301,0,166,2,164,32,0,0,"['A' 'M' 'M' 'M' 'U' 'M' 'M' 'M' 'U' 'M' 'M' 'A' 'M' 'M' 'M' 'M' 'M' 'M'
 'M' 'M' 'M' 'M' 'M' 'M' 'M' 'M' 'M' 'M' 'M' 'M' 'M' 'M' 'M' 'M' 'M' 'M'
 'M' 'M' 'M' 'U' 'M' 'M' 'M' 'M' 'M' 'M' 'M' 'U' 'M' 'M' 'M' 'M' 'M' 'M'
 'M' 'U' 'M' 'U' 'U' 'M' 'M' 'U' 'M' 'M' 'M' 'U' 'M' 'M' 'M' 'M' 'M' 'M'
 'M' 'M' 'M' 'M' 'M' 'M' 'M' 'M' 'M' 'M' 'U' 'M' 'M' 'M' 'M' 'M' 'U' 'M'
 'M' 'U' 'M' 'U' 'M' 'M' 'M' 'U' 'M' 'M' 'M' 'M' 'M' 'M' 'M' 'M' 'M' 'M'
 'M' 'M' 'U' 'M' 'M' 'M' 'M' 'M' 'M' 'M' 'U' 'M' 'U' 'M' 'M' 'M' 'M' 'M'
 'M' 'U' 'M' 'M' 'M' 'M' 'M' 'M' 'U' 'M' 'U' 'M' 'M' 'M' 'U' 'M' 'U' 'M'
 'M' 'M' 'M' 'M' 'M' 'U' 'M' 'M' 'M' 'M' 'M' 'M' 'M' 'M' 'U' 'M' 'M' 'M'
 'M' 'M' 'M' 'M' 'U' 'M' 'M' 'M' 'M' 'U' 'M' 'U' 'M' 'M' 'U' 'M' 'M' 'M'
 'M' 'M' 'M' 'M' 'M' 'M' 'M' 'M' 'M' 'M' 'M' 'U' 'U' 'U' 'U' 'M' 'M' 'M']"
45401,0,165,2,163,33,0,0,"['A' 'M' 'M' 'M' 'U' 'M' 'M' 'M' 'M' 'M' 'M' 'A' 'M' 'M' 'M' 'M' 'M' 'M'
 'M' 'M' 'M' 'M' 'M' 'M' 'M' 'M' 'M' 'M' 'M' 'M' 'M' 'M' 'M' 'M' 'M' 'M'
 'M' 'M' 'M' 'U' 'M' 'M' 'M' 'M' 'M' 'U' 'M' 'U' 'M' 'M' 'M' 'M' 'M' 'M'
 'M' 'U' 'M' 'U' 'U' 'M' 'M' 'U' 'M' 'U' 'M' 'M' 'U' 'M' 'M' 'M' 'M' 'M'
 'M' 'M' 'U' 'M' 'M' 'M' 'M' 'M' 'M' 'M' 'M' 'M' 'M' 'M' 'M' 'M' 'U' 'U'
 'M' 'M' 'M' 'M' 'U' 'M' 'M' 'U' 'M' 'M' 'M' 'M' 'M' 'M' 'M' 'M' 'M' 'M'
 'M' 'M' 'U' 'M' 'M' 'M' 'M' 'M' 'M' 'M' 'U' 'M' 'U' 'M' 'U' 'U' 'M' 'M'
 'M' 'U' 'M' 'M' 'M' 'M' 'M' 'U' 'U' 'M' 'U' 'M' 'U' 'M' 'M' 'M' 'U' 'M'
 'M' 'M' 'M' 'M' 'M' 'U' 'M' 'M' 'M' 'M' 'M' 'M' 'M' 'M' 'U' 'M' 'M' 'M'
 'M' 'M' 'M' 'U' 'M' 'M' 'M' 'M' 'M' 'U' 'M' 'M' 'M' 'M' 'U' 'M' 'M' 'M'
 'M' 'M' 'M' 'M' 'M' 'M' 'M' 'M' 'M' 'M' 'M' 'U' 'M' 'M' 'U' 'M' 'M' 'M']"
45501,0,164,3,161,34,0,0,"['A' 'M' 'M' 'M' 'M' 'M' 'M' 'M' 'M' 'M' 'M' 'A' 'M' 'M' 'M' 'M' 'M' 'M'
 'M' 'M' 'M' 'M' 'M' 'U' 'M' 'M' 'M' 'M' 'M' 'M' 'M' 'M' 'M' 'M' 'M' 'M'
 'M' 'M' 'M' 'U' 'M' 'M' 'M' 'M' 'M' 'M' 'M' 'U' 'M' 'M' 'M' 'M' 'M' 'M'
 'M' 'U' 'M' 'U' 'M' 'M' 'M' 'U' 'M' 'U' 'M' 'M' 'M' 'M' 'M' 'M' 'M' 'M'
 'M' 'M' 'M' 'M' 'M' 'M' 'M' 'U' 'M' 'M' 'U' 'M' 'M' 'M' 'M' 'M' 'M' 'U'
 'U' 'M' 'U' 'M' 'M' 'M' 'M' 'A' 'M' 'M' 'M' 'M' 'M' 'M' 'M' 'M' 'M' 'M'
 'M' 'M' 'U' 'M' 'M' 'M' 'M' 'M' 'M' 'M' 'U' 'M' 'M' 'M' 'U' 'U' 'M' 'M'
 'U' 'U' 'U' 'U' 'M' 'M' 'U' 'U' 'U' 'M' 'U' 'M' 'M' 'M' 'M' 'M' 'U' 'M'
 'M' 'M' 'M' 'M' 'M' 'U' 'M' 'M' 'M' 'M' 'M' 'M' 'U' 'M' 'M' 'M' 'M' 'M'
 'M' 'M' 'M' 'U' 'M' 'M' 'M' 'M' 'U' 'U' 'M' 'M' 'M' 'U' 'U' 'M' 'M' 'M'
 'M' 'M' 'M' 'M' 'M' 'M' 'M' 'M' 'M' 'M' 'M' 'U' 'M' 'M' 'U' 'M' 'M' 'M']"
45601,0,168,3,165,30,1,0,"['A' 'M' 'M' 'M' 'M' 'M' 'M' 'M' 'M' 'U' 'M' 'A' 'M' 'M' 'M' 'M' 'M' 'M'
 'M' 'M' 'M' 'M' 'M' 'U' 'M' 'M' 'M' 'M' 'M' 'M' 'M' 'M' 'M' 'M' 'M' 'M'
 'M' 'M' 'M' 'U' 'M' 'M' 'M' 'M' 'M' 'M' 'M' 'U' 'M' 'M' 'M' 'M' 'M' 'M'
 'M' 'U' 'M' 'M' 'M' 'U' 'U' 'U' 'M' 'M' 'M' 'M' 'M' 'U' 'M' 'M' 'M' 'M'
 'U' 'M' 'U' 'M' 'M' 'M' 'U' 'M' 'M' 'M' 'M' 'M' 'M' 'M' 'M' 'M' 'M' 'M'
 'U' 'M' 'M' 'M' 'M' 'M' 'M' 'U' 'M' 'M' 'M' 'M' 'M' 'M' 'M' 'M' 'U' 'M'
 'M' 'M' 'M' 'M' 'M' 'M' 'M' 'M' 'M' 'M' 'M' 'U' 'M' 'U' 'U' 'U' 'M' 'M'
 'M' 'M' 'M' 'U' 'M' 'M' 'M' 'U' 'M' 'M' 'U' 'M' 'M' 'M' 'M' 'M' 'M' 'M'
 'M' 'M' 'U' 'M' 'M' 'M' 'M' 'M' 'M' 'M' 'M' 'M' 'U' 'M' 'M' 'M' 'M' 'A'
 'M' 'M' 'M' 'M' 'M' 'M' 'M' 'M' 'U' 'U' 'M' 'M' 'M' 'U' 'M' 'M' 'M' 'U'
 'M' 'M' 'M' 'M' 'M' 'M' 'M' 'M' 'M' 'M' 'M' 'U' 'M' 'M' 'U' 'M' 'M' 'M']"
45701,0,167,4,163,31,0,1,"['A' 'M' 'M' 'M' 'U' 'M' 'M' 'M' 'M' 'U' 'M' 'A' 'M' 'M' 'M' 'M' 'M' 'M'
 'M' 'M' 'M' 'M' 'M' 'M' 'M' 'M' 'M' 'M' 'M' 'M' 'M' 'M' 'M' 'U' 'M' 'M'
 'M' 'M' 'U' 'U' 'M' 'M' 'M' 'M' 'U' 'M' 'U' 'U' 'M' 'A' 'M' 'M' 'M' 'M'
 'M' 'U' 'M' 'M' 'M' 'U' 'M' 'U' 'M' 'M' 'M' 'M' 'M' 'U' 'M' 'M' 'M' 'M'
 'M' 'U' 'M' 'M' 'M' 'M' 'M' 'M' 'M' 'M' 'M' 'M' 'U' 'M' 'M' 'M' 'M' 'M'
 'U' 'M' 'M' 'M' 'U' 'M' 'M' 'U' 'M' 'M' 'M' 'M' 'M' 'M' 'M' 'M' 'M' 'M'
 'U' 'M' 'M' 'M' 'M' 'M' 'M' 'M' 'M' 'M' 'M' 'M' 'M' 'M' 'U' 'U' 'M' 'M'
 'M' 'M' 'M' 'U' 'M' 'M' 'M' 'M' 'M' 'M' 'M' 'M' 'M' 'M' 'M' 'M' 'M' 'M'
 'M' 'M' 'U' 'M' 'U' 'M' 'M' 'U' 'M' 'M' 'M' 'M' 'U' 'M' 'M' 'M' 'M' 'A'
 'M' 'M' 'M' 'M' 'M' 'M' 'M' 'M' 'U' 'M' 'M' 'M' 'M' 'U' 'M' 'M' 'M' 'U'
 'M' 'M' 'M' 'M' 'M' 'M' 'M' 'M' 'M' 'U' 'M' 'M' 'M' 'M' 'U' 'M' 'M' 'U']"
45801,0,171,6,165,27,0,0,"['A' 'M' 'M' 'M' 'U' 'U' 'M' 'M' 'M' 'M' 'M' 'A' 'M' 'U' 'M' 'M' 'M' 'M'
 'M' 'M' 'M' 'M' 'M' 'M' 'M' 'M' 'M' 'M' 'M' 'M' 'M' 'M' 'U' 'U' 'A' 'M'
 'M' 'M' 'M' 'U' 'U' 'M' 'M' 'M' 'U' 'M' 'U' 'U' 'M' 'A' 'M' 'M' 'M' 'M'
 'M' 'U' 'M' 'M' 'M' 'U' 'M' 'A' 'M' 'M' 'M' 'M' 'M' 'M' 'M' 'M' 'M' 'U'
 'M' 'M' 'M' 'M' 'M' 'U' 'M' 'M' 'M' 'M' 'M' 'M' 'M' 'M' 'M' 'M' 'M' 'U'
 'M' 'U' 'M' 'M' 'U' 'M' 'M' 'U' 'M' 'M' 'M' 'M' 'M' 'M' 'M' 'U' 'M' 'M'
 'M' 'M' 'M' 'M' 'M' 'M' 'M' 'M' 'M' 'M' 'M' 'M' 'M' 'M' 'M' 'M' 'M' 'M'
 'M' 'M' 'M' 'U' 'M' 'M' 'M' 'M' 'M' 'M' 'M' 'M' 'M' 'M' 'M' 'M' 'M' 'M'
 'M' 'M' 'U' 'M' 'U' 'M' 'M' 'M' 'M' 'M' 'M' 'M' 'U' 'M' 'M' 'M' 'M' 'A'
 'M' 'M' 'M' 'M' 'M' 'U' 'M' 'M' 'U' 'U' 'M' 'M' 'M' 'M' 'M' 'M' 'M' 'M'
 'M' 'M' 'M' 'M' 'M' 'M' 'M' 'M' 'M' 'M' 'M' 'M' 'M' 'M' 'M' 'M' 'M' 'U']"
45901,0,173,5,168,25,0,0,"['A' 'M' 'M' 'M' 'U' 'M' 'M' 'M' 'M' 'M' 'U' 'A' 'M' 'M' 'M' 'M' 'M' 'M'
 'M' 'M' 'M' 'M' 'M' 'M' 'M' 'M' 'M' 'M' 'M' 'M' 'M' 'M' 'U' 'M' 'A' 'M'
 'M' 'M' 'M' 'U' 'U' 'M' 'M' 'M' 'U' 'M' 'U' 'U' 'M' 'U' 'M' 'M' 'M' 'M'
 'M' 'U' 'M' 'M' 'U' 'M' 'M' 'A' 'M' 'M' 'M' 'M' 'M' 'M' 'U' 'U' 'M' 'U'
 'M' 'M' 'M' 'M' 'M' 'M' 'M' 'M' 'M' 'M' 'M' 'M' 'M' 'M' 'M' 'M' 'M' 'M'
 'M' 'M' 'M' 'U' 'U' 'M' 'M' 'M' 'M' 'M' 'M' 'M' 'M' 'M' 'M' 'M' 'M' 'M'
 'M' 'M' 'M' 'M' 'M' 'M' 'M' 'M' 'M' 'M' 'M' 'U' 'M' 'M' 'M' 'M' 'M' 'M'
 'M' 'M' 'M' 'M' 'M' 'M' 'M' 'M' 'M' 'M' 'M' 'M' 'M' 'M' 'M' 'M' 'M' 'M'
 'M' 'M' 'U' 'M' 'U' 'M' 'M' 'M' 'M' 'M' 'M' 'M' 'U' 'M' 'M' 'M' 'M' 'A'
 'M' 'U' 'M' 'M' 'M' 'U' 'M' 'U' 'U' 'U' 'M' 'M' 'M' 'M' 'M' 'M' 'M' 'M'
 'M' 'M' 'M' 'M' 'M' 'M' 'M' 'M' 'M' 'M' 'M' 'M' 'M' 'M' 'M' 'M' 'M' 'M']"
46001,0,171,4,167,27,0,0,"['A' 'U' 'M' 'M' 'U' 'M' 'M' 'M' 'M' 'M' 'M' 'A' 'M' 'M' 'M' 'M' 'M' 'M'
 'M' 'M' 'M' 'M' 'M' 'M' 'M' 'M' 'M' 'U' 'M' 'M' 'M' 'M' 'M' 'M' 'U' 'M'
 'M' 'M' 'M' 'U' 'U' 'M' 'M' 'M' 'A' 'M' 'U' 'U' 'M' 'M' 'M' 'M' 'M' 'M'
 'M' 'U' 'M' 'M' 'U' 'M' 'M' 'U' 'M' 'M' 'M' 'U' 'M' 'M' 'U' 'U' 'M' 'M'
 'M' 'M' 'M' 'M' 'M' 'M' 'M' 'M' 'M' 'M' 'M' 'M' 'M' 'M' 'U' 'M' 'M' 'M'
 'M' 'M' 'M' 'M' 'U' 'M' 'M' 'M' 'M' 'M' 'M' 'M' 'M' 'U' 'M' 'M' 'M' 'M'
 'M' 'M' 'M' 'M' 'U' 'M' 'M' 'M' 'M' 'M' 'M' 'U' 'M' 'M' 'M' 'M' 'U' 'M'
 'M' 'M' 'M' 'M' 'M' 'M' 'M' 'M' 'M' 'M' 'M' 'M' 'M' 'M' 'M' 'M' 'M' 'M'
 'M' 'M' 'U' 'M' 'M' 'M' 'M' 'M' 'M' 'M' 'M' 'M' 'U' 'M' 'U' 'M' 'M' 'U'
 'M' 'U' 'M' 'M' 'M' 'M' 'M' 'U' 'A' 'U' 'M' 'M' 'M' 'M' 'M' 'M' 'M' 'M'
 'M' 'M' 'M' 'M' 'M' 'M' 'M' 'M' 'M' 'M' 'M' 'M' 'M' 'M' 'M' 'M' 'M' 'M']"
46101,0,172,5,167,26,0,0,"['A' 'U' 'M' 'M' 'M' 'M' 'M' 'M' 'M' 'A' 'M' 'A' 'M' 'M' 'M' 'M' 'M' 'M'
 'M' 'M' 'M' 'M' 'M' 'M' 'M' 'M' 'M' 'U' 'M' 'M' 'M' 'M' 'M' 'M' 'M' 'M'
 'M' 'M' 'U' 'M' 'U' 'M' 'M' 'M' 'A' 'A' 'U' 'U' 'M' 'M' 'M' 'M' 'M' 'M'
 'M' 'U' 'M' 'M' 'U' 'M' 'U' 'U' 'M' 'M' 'U' 'M' 'U' 'M' 'M' 'U' 'M' 'M'
 'M' 'M' 'M' 'M' 'M' 'M' 'U' 'M' 'M' 'M' 'M' 'U' 'M' 'M' 'M' 'M' 'M' 'M'
 'M' 'M' 'M' 'U' 'M' 'M' 'M' 'M' 'M' 'M' 'M' 'M' 'M' 'M' 'M' 'M' 'M' 'M'
 'M' 'M' 'M' 'M' 'U' 'M' 'M' 'M' 'M' 'M' 'M' 'U' 'U' 'M' 'M' 'M' 'M' 'M'
 'M' 'M' 'M' 'M' 'M' 'M' 'M' 'M' 'M' 'M' 'M' 'M' 'M' 'M' 'M' 'M' 'M' 'M'
 'M' 'M' 'M' 'M' 'M' 'M' 'M' 'M' 'M' 'M' 'M' 'M' 'U' 'M' 'M' 'M' 'M' 'U'
 'M' 'U' 'M' 'M' 'M' 'M' 'M' 'U' 'U' 'U' 'M' 'M' 'M' 'M' 'M' 'M' 'M' 'M'
 'M' 'M' 'M' 'M' 'M' 'U' 'M' 'M' 'M' 'M' 'M' 'M' 'M' 'M' 'M' 'M' 'M' 'M']"
46201,0,162,4,158,36,1,0,"['A' 'U' 'M' 'M' 'M' 'M' 'M' 'M' 'M' 'U' 'M' 'U' 'M' 'M' 'M' 'U' 'M' 'M'
 'M' 'M' 'M' 'M' 'M' 'M' 'M' 'M' 'M' 'U' 'M' 'M' 'M' 'M' 'M' 'M' 'M' 'M'
 'M' 'M' 'U' 'M' 'U' 'M' 'U' 'M' 'A' 'A' 'U' 'U' 'M' 'M' 'M' 'M' 'U' 'M'
 'M' 'U' 'M' 'M' 'U' 'M' 'M' 'U' 'M' 'M' 'U' 'M' 'M' 'M' 'M' 'M' 'M' 'U'
 'M' 'U' 'M' 'M' 'M' 'M' 'M' 'U' 'M' 'M' 'M' 'M' 'M' 'M' 'M' 'M' 'M' 'M'
 'U' 'M' 'M' 'M' 'U' 'M' 'M' 'M' 'M' 'M' 'M' 'M' 'M' 'M' 'M' 'M' 'M' 'M'
 'M' 'M' 'M' 'M' 'U' 'M' 'M' 'M' 'M' 'M' 'U' 'U' 'U' 'M' 'M' 'M' 'M' 'M'
 'M' 'M' 'M' 'M' 'M' 'U' 'M' 'M' 'M' 'M' 'M' 'M' 'M' 'M' 'M' 'U' 'M' 'M'
 'M' 'M' 'M' 'M' 'M' 'M' 'M' 'M' 'M' 'M' 'M' 'M' 'U' 'M' 'M' 'M' 'M' 'U'
 'M' 'U' 'M' 'M' 'M' 'M' 'M' 'A' 'U' 'U' 'M' 'M' 'M' 'M' 'M' 'U' 'M' 'U'
 'M' 'M' 'M' 'M' 'M' 'U' 'M' 'M' 'U' 'M' 'M' 'M' 'M' 'U' 'M' 'M' 'M' 'M']"
46301,0,164,4,160,34,0,0,"['A' 'M' 'M' 'M' 'M' 'M' 'M' 'M' 'U' 'M' 'M' 'M' 'M' 'M' 'M' 'U' 'M' 'M'
 'M' 'M' 'M' 'M' 'M' 'M' 'M' 'M' 'M' 'U' 'M' 'M' 'M' 'M' 'M' 'M' 'M' 'M'
 'U' 'M' 'U' 'M' 'U' 'M' 'U' 'M' 'U' 'A' 'U' 'M' 'M' 'M' 'U' 'M' 'U' 'M'
 'M' 'U' 'M' 'M' 'U' 'M' 'M' 'U' 'M' 'M' 'U' 'M' 'M' 'U' 'M' 'M' 'M' 'M'
 'M' 'M' 'M' 'U' 'M' 'M' 'M' 'M' 'M' 'M' 'M' 'M' 'M' 'M' 'M' 'M' 'M' 'M'
 'M' 'U' 'M' 'U' 'U' 'M' 'M' 'M' 'M' 'M' 'M' 'M' 'M' 'M' 'M' 'M' 'M' 'M'
 'M' 'M' 'M' 'M' 'U' 'M' 'M' 'M' 'M' 'M' 'U' 'M' 'A' 'M' 'M' 'M' 'M' 'U'
 'M' 'M' 'M' 'M' 'M' 'U' 'M' 'M' 'M' 'M' 'M' 'M' 'U' 'M' 'M' 'U' 'M' 'M'
 'M' 'M' 'M' 'M' 'M' 'M' 'M' 'M' 'M' 'M' 'M' 'M' 'U' 'M' 'M' 'U' 'M' 'M'
 'M' 'M' 'M' 'M' 'M' 'M' 'M' 'A' 'U' 'U' 'M' 'M' 'M' 'M' 'M' 'U' 'M' 'U'
 'M' 'M' 'M' 'M' 'M' 'M' 'M' 'M' 'U' 'M' 'M' 'M' 'M' 'U' 'M' 'M' 'M' 'M']"
46401,0,161,3,158,37,0,0,"['A' 'M' 'M' 'M' 'M' 'M' 'M' 'M' 'U' 'M' 'M' 'U' 'M' 'M' 'M' 'U' 'M' 'M'
 'M' 'M' 'M' 'M' 'M' 'M' 'M' 'M' 'M' 'U' 'M' 'M' 'M' 'M' 'M' 'M' 'M' 'M'
 'M' 'M' 'U' 'M' 'U' 'M' 'U' 'M' 'U' 'A' 'U' 'U' 'M' 'M' 'U' 'M' 'U' 'M'
 'U' 'U' 'M' 'M' 'U' 'M' 'M' 'U' 'U' 'M' 'U' 'M' 'M' 'M' 'M' 'M' 'M' 'M'
 'M' 'U' 'M' 'M' 'M' 'M' 'M' 'M' 'M' 'M' 'M' 'M' 'M' 'U' 'M' 'M' 'U' 'M'
 'M' 'U' 'M' 'M' 'U' 'M' 'M' 'M' 'M' 'M' 'M' 'M' 'M' 'U' 'M' 'M' 'M' 'M'
 'M' 'M' 'M' 'M' 'M' 'M' 'M' 'M' 'U' 'M' 'U' 'M' 'A' 'M' 'M' 'M' 'M' 'U'
 'M' 'U' 'M' 'U' 'M' 'M' 'M' 'M' 'M' 'M' 'M' 'M' 'U' 'M' 'M' 'U' 'M' 'M'
 'M' 'M' 'M' 'M' 'M' 'M' 'M' 'M' 'M' 'M' 'M' 'M' 'M' 'M' 'M' 'M' 'M' 'M'
 'M' 'M' 'M' 'M' 'M' 'M' 'M' 'U' 'U' 'U' 'M' 'M' 'M' 'M' 'M' 'M' 'M' 'M'
 'M' 'M' 'M' 'M' 'M' 'M' 'M' 'M' 'U' 'M' 'M' 'M' 'U' 'U' 'M' 'M' 'M' 'M']"
46501,0,159,5,154,39,0,1,"['A' 'M' 'M' 'M' 'M' 'M' 'M' 'M' 'A' 'M' 'M' 'M' 'M' 'M' 'M' 'M' 'M' 'M'
 'M' 'M' 'M' 'M' 'M' 'M' 'M' 'M' 'M' 'U' 'U' 'M' 'M' 'M' 'M' 'M' 'M' 'M'
 'M' 'M' 'U' 'M' 'U' 'M' 'M' 'M' 'U' 'A' 'M' 'U' 'M' 'M' 'M' 'M' 'U' 'M'
 'M' 'U' 'M' 'M' 'U' 'M' 'M' 'M' 'U' 'M' 'U' 'U' 'M' 'M' 'M' 'M' 'M' 'M'
 'M' 'M' 'M' 'M' 'M' 'M' 'M' 'M' 'M' 'M' 'U' 'U' 'M' 'M' 'M' 'M' 'U' 'M'
 'M' 'M' 'M' 'M' 'U' 'M' 'U' 'M' 'M' 'M' 'M' 'M' 'M' 'U' 'U' 'M' 'M' 'U'
 'M' 'M' 'M' 'M' 'M' 'M' 'U' 'U' 'U' 'M' 'U' 'M' 'A' 'M' 'M' 'M' 'M' 'U'
 'M' 'M' 'M' 'M' 'M' 'U' 'U' 'U' 'U' 'U' 'U' 'U' 'U' 'M' 'M' 'A' 'M' 'M'
 'M' 'M' 'M' 'M' 'M' 'M' 'M' 'M' 'M' 'M' 'U' 'M' 'M' 'M' 'M' 'M' 'M' 'M'
 'M' 'M' 'M' 'M' 'M' 'M' 'M' 'M' 'U' 'U' 'M' 'M' 'M' 'M' 'M' 'M' 'M' 'M'
 'M' 'M' 'M' 'M' 'M' 'M' 'M' 'M' 'M' 'M' 'M' 'M' 'U' 'U' 'M' 'M' 'M' 'U']"
46601,0,157,6,151,41,0,0,"['A' 'M' 'M' 'M' 'M' 'M' 'M' 'M' 'A' 'M' 'M' 'M' 'M' 'M' 'M' 'U' 'M' 'M'
 'M' 'M' 'M' 'M' 'M' 'U' 'M' 'M' 'M' 'M' 'U' 'M' 'M' 'M' 'M' 'M' 'M' 'M'
 'M' 'U' 'U' 'M' 'M' 'M' 'M' 'M' 'U' 'A' 'M' 'M' 'M' 'U' 'M' 'M' 'U' 'M'
 'M' 'U' 'M' 'M' 'A' 'M' 'M' 'M' 'U' 'M' 'U' 'M' 'U' 'U' 'M' 'M' 'M' 'M'
 'M' 'M' 'M' 'M' 'M' 'M' 'M' 'M' 'M' 'M' 'M' 'M' 'M' 'U' 'M' 'M' 'M' 'M'
 'M' 'U' 'M' 'M' 'U' 'M' 'M' 'M' 'U' 'M' 'M' 'M' 'M' 'U' 'U' 'M' 'U' 'U'
 'M' 'M' 'M' 'M' 'M' 'M' 'U' 'U' 'U' 'M' 'U' 'U' 'A' 'M' 'M' 'M' 'M' 'U'
 'M' 'M' 'M' 'M' 'M' 'U' 'U' 'M' 'U' 'U' 'U' 'U' 'U' 'M' 'M' 'A' 'M' 'M'
 'M' 'M' 'M' 'M' 'M' 'M' 'M' 'M' 'M' 'M' 'U' 'M' 'M' 'M' 'M' 'M' 'M' 'M'
 'M' 'M' 'M' 'M' 'U' 'M' 'M' 'M' 'U' 'M' 'M' 'M' 'M' 'M' 'M' 'M' 'M' 'M'
 'M' 'M' 'M' 'M' 'M' 'M' 'M' 'U' 'M' 'M' 'M' 'M' 'U' 'U' 'M' 'M' 'M' 'U']"
46701,0,158,4,154,40,0,0,"['A' 'M' 'M' 'M' 'M' 'M' 'M' 'M' 'A' 'M' 'M' 'M' 'M' 'M' 'M' 'U' 'M' 'U'
 'M' 'M' 'M' 'M' 'M' 'U' 'M' 'M' 'M' 'M' 'U' 'M' 'M' 'M' 'M' 'M' 'M' 'M'
 'M' 'U' 'M' 'M' 'M' 'M' 'U' 'M' 'U' 'U' 'M' 'M' 'M' 'U' 'M' 'M' 'U' 'M'
 'M' 'U' 'M' 'M' 'U' 'M' 'M' 'M' 'U' 'M' 'U' 'M' 'M' 'U' 'M' 'U' 'M' 'M'
 'M' 'M' 'M' 'M' 'M' 'M' 'M' 'U' 'M' 'M' 'M' 'M' 'U' 'M' 'M' 'M' 'M' 'M'
 'M' 'U' 'M' 'M' 'M' 'M' 'M' 'M' 'U' 'M' 'M' 'M' 'M' 'U' 'U' 'M' 'U' 'M'
 'M' 'U' 'M' 'M' 'M' 'M' 'U' 'U' 'U' 'M' 'U' 'U' 'U' 'M' 'M' 'M' 'M' 'M'
 'M' 'M' 'M' 'M' 'M' 'U' 'U' 'M' 'U' 'M' 'U' 'U' 'M' 'M' 'M' 'A' 'M' 'M'
 'M' 'M' 'M' 'M' 'M' 'M' 'M' 'M' 'M' 'M' 'U' 'M' 'M' 'M' 'M' 'M' 'M' 'M'
 'M' 'M' 'M' 'M' 'A' 'M' 'M' 'M' 'M' 'M' 'M' 'M' 'M' 'M' 'M' 'M' 'M' 'M'
 'M' 'U' 'M' 'M' 'M' 'M' 'M' 'M' 'U' 'M' 'M' 'M' 'U' 'U' 'M' 'M' 'M' 'M']"
46801,0,154,5,149,44,0,0,"['A' 'M' 'M' 'M' 'M' 'M' 'M' 'M' 'A' 'M' 'M' 'M' 'U' 'M' 'M' 'U' 'M' 'U'
 'M' 'M' 'M' 'M' 'M' 'A' 'M' 'M' 'M' 'M' 'U' 'M' 'M' 'U' 'M' 'M' 'M' 'M'
 'U' 'U' 'M' 'M' 'M' 'M' 'U' 'M' 'U' 'M' 'M' 'M' 'M' 'U' 'U' 'M' 'U' 'M'
 'M' 'U' 'M' 'U' 'M' 'M' 'M' 'M' 'M' 'M' 'U' 'M' 'M' 'M' 'M' 'M' 'U' 'U'
 'M' 'M' 'M' 'M' 'M' 'M' 'M' 'M' 'U' 'M' 'M' 'M' 'M' 'U' 'M' 'M' 'M' 'M'
 'U' 'M' 'M' 'M' 'M' 'M' 'M' 'M' 'U' 'M' 'M' 'M' 'M' 'U' 'U' 'M' 'U' 'M'
 'M' 'U' 'M' 'M' 'M' 'M' 'U' 'M' 'U' 'M' 'U' 'M' 'U' 'M' 'M' 'M' 'M' 'M'
 'M' 'M' 'M' 'M' 'U' 'U' 'M' 'U' 'U' 'U' 'U' 'U' 'U' 'M' 'M' 'A' 'M' 'M'
 'M' 'M' 'M' 'M' 'M' 'M' 'M' 'M' 'M' 'M' 'U' 'M' 'M' 'M' 'M' 'U' 'M' 'M'
 'M' 'M' 'M' 'M' 'A' 'M' 'U' 'M' 'M' 'M' 'M' 'M' 'M' 'M' 'M' 'U' 'M' 'M'
 'M' 'U' 'M' 'M' 'M' 'M' 'M' 'M' 'U' 'M' 'M' 'M' 'U' 'M' 'M' 'M' 'M' 'M']"
46901,0,151,5,146,47,0,0,"['A' 'M' 'M' 'M' 'M' 'M' 'M' 'M' 'A' 'M' 'M' 'M' 'M' 'M' 'M' 'U' 'M' 'M'
 'M' 'M' 'M' 'M' 'M' 'A' 'U' 'M' 'M' 'M' 'U' 'M' 'M' 'U' 'M' 'M' 'M' 'M'
 'U' 'U' 'U' 'M' 'M' 'M' 'M' 'M' 'U' 'M' 'M' 'M' 'M' 'U' 'U' 'M' 'U' 'M'
 'M' 'U' 'M' 'U' 'M' 'M' 'M' 'M' 'M' 'U' 'M' 'M' 'U' 'M' 'M' 'M' 'U' 'M'
 'M' 'U' 'M' 'U' 'M' 'M' 'M' 'M' 'M' 'M' 'M' 'M' 'M' 'M' 'M' 'M' 'M' 'M'
 'M' 'M' 'M' 'M' 'U' 'M' 'M' 'U' 'U' 'M' 'M' 'M' 'M' 'U' 'U' 'M' 'U' 'M'
 'U' 'U' 'M' 'M' 'M' 'M' 'U' 'M' 'M' 'M' 'U' 'M' 'U' 'U' 'M' 'M' 'M' 'U'
 'M' 'M' 'M' 'M' 'U' 'M' 'M' 'U' 'U' 'U' 'U' 'U' 'M' 'U' 'M' 'A' 'M' 'M'
 'M' 'M' 'M' 'M' 'M' 'M' 'M' 'U' 'M' 'M' 'U' 'M' 'M' 'M' 'M' 'U' 'M' 'M'
 'U' 'U' 'M' 'M' 'A' 'M' 'M' 'M' 'M' 'M' 'M' 'M' 'M' 'M' 'M' 'U' 'M' 'M'
 'M' 'U' 'M' 'M' 'M' 'M' 'M' 'M' 'U' 'M' 'M' 'M' 'U' 'M' 'M' 'M' 'M' 'M']"
47001,0,150,6,144,48,1,0,"['A' 'M' 'M' 'M' 'M' 'M' 'M' 'M' 'A' 'M' 'M' 'M' 'M' 'M' 'M' 'A' 'U' 'M'
 'M' 'M' 'M' 'M' 'M' 'A' 'U' 'M' 'M' 'M' 'U' 'M' 'U' 'U' 'M' 'M' 'M' 'M'
 'U' 'U' 'A' 'M' 'M' 'M' 'M' 'M' 'U' 'M' 'M' 'M' 'M' 'U' 'U' 'M' 'U' 'M'
 'M' 'M' 'M' 'M' 'M' 'M' 'M' 'M' 'M' 'U' 'M' 'M' 'M' 'U' 'M' 'M' 'M' 'M'
 'M' 'U' 'M' 'M' 'M' 'M' 'M' 'U' 'M' 'U' 'M' 'M' 'U' 'M' 'M' 'M' 'M' 'M'
 'M' 'M' 'M' 'M' 'M' 'M' 'M' 'M' 'U' 'M' 'M' 'M' 'M' 'U' 'U' 'M' 'M' 'M'
 'U' 'U' 'M' 'M' 'M' 'M' 'U' 'M' 'M' 'M' 'U' 'M' 'M' 'U' 'M' 'M' 'M' 'U'
 'M' 'U' 'M' 'M' 'U' 'U' 'U' 'U' 'U' 'U' 'U' 'U' 'U' 'M' 'M' 'U' 'M' 'M'
 'U' 'M' 'M' 'M' 'M' 'M' 'M' 'U' 'M' 'M' 'U' 'M' 'M' 'M' 'M' 'U' 'M' 'M'
 'U' 'U' 'M' 'M' 'A' 'M' 'M' 'M' 'M' 'M' 'M' 'M' 'M' 'M' 'M' 'U' 'M' 'M'
 'M' 'U' 'M' 'M' 'M' 'M' 'U' 'M' 'U' 'M' 'M' 'M' 'U' 'M' 'M' 'M' 'M' 'M']"
47101,0,146,7,139,52,0,0,"['A' 'M' 'M' 'M' 'M' 'M' 'M' 'M' 'A' 'M' 'M' 'M' 'M' 'M' 'M' 'A' 'M' 'M'
 'M' 'M' 'M' 'M' 'M' 'A' 'U' 'M' 'M' 'M' 'U' 'U' 'U' 'M' 'M' 'M' 'M' 'M'
 'U' 'M' 'U' 'M' 'M' 'M' 'M' 'M' 'U' 'M' 'M' 'M' 'M' 'M' 'U' 'M' 'U' 'M'
 'M' 'M' 'M' 'M' 'M' 'M' 'M' 'M' 'M' 'U' 'M' 'M' 'M' 'M' 'M' 'U' 'M' 'U'
 'M' 'M' 'M' 'M' 'M' 'M' 'U' 'M' 'M' 'M' 'M' 'M' 'M' 'M' 'U' 'M' 'M' 'M'
 'M' 'M' 'M' 'M' 'U' 'U' 'M' 'M' 'U' 'U' 'M' 'M' 'M' 'U' 'M' 'U' 'U' 'M'
 'M' 'U' 'M' 'M' 'U' 'U' 'A' 'M' 'M' 'M' 'U' 'U' 'M' 'M' 'M' 'M' 'M' 'U'
 'U' 'U' 'M' 'M' 'U' 'U' 'U' 'U' 'M' 'U' 'U' 'U' 'U' 'U' 'M' 'U' 'M' 'M'
 'U' 'M' 'M' 'M' 'M' 'U' 'M' 'U' 'U' 'U' 'A' 'M' 'M' 'M' 'U' 'U' 'M' 'M'
 'U' 'U' 'M' 'M' 'A' 'M' 'M' 'M' 'M' 'M' 'M' 'M' 'M' 'M' 'M' 'U' 'M' 'M'
 'M' 'U' 'M' 'M' 'M' 'M' 'U' 'M' 'M' 'M' 'M' 'M' 'M' 'M' 'M' 'M' 'U' 'M']"
47201,0,152,8,144,46,0,0,"['A' 'M' 'M' 'M' 'M' 'M' 'M' 'M' 'A' 'M' 'M' 'M' 'M' 'M' 'M' 'A' 'M' 'M'
 'M' 'M' 'M' 'M' 'M' 'A' 'U' 'M' 'M' 'M' 'U' 'U' 'U' 'M' 'M' 'M' 'M' 'M'
 'U' 'M' 'U' 'M' 'M' 'M' 'M' 'M' 'U' 'M' 'M' 'M' 'M' 'M' 'U' 'M' 'U' 'M'
 'M' 'M' 'M' 'M' 'M' 'M' 'M' 'M' 'U' 'M' 'M' 'U' 'M' 'M' 'U' 'M' 'M' 'M'
 'M' 'U' 'M' 'M' 'M' 'M' 'M' 'U' 'M' 'M' 'M' 'M' 'M' 'M' 'M' 'U' 'M' 'M'
 'M' 'M' 'M' 'M' 'M' 'U' 'M' 'M' 'U' 'U' 'M' 'M' 'M' 'M' 'M' 'U' 'U' 'M'
 'M' 'U' 'M' 'M' 'M' 'U' 'A' 'M' 'M' 'M' 'U' 'U' 'M' 'M' 'M' 'M' 'M' 'U'
 'M' 'U' 'M' 'M' 'U' 'U' 'U' 'M' 'U' 'U' 'U' 'A' 'U' 'U' 'M' 'U' 'U' 'M'
 'M' 'M' 'M' 'M' 'M' 'U' 'M' 'U' 'U' 'U' 'A' 'M' 'M' 'M' 'M' 'M' 'M' 'M'
 'M' 'U' 'M' 'M' 'A' 'M' 'M' 'M' 'M' 'M' 'M' 'M' 'M' 'M' 'M' 'U' 'M' 'M'
 'M' 'M' 'M' 'M' 'U' 'M' 'U' 'M' 'M' 'M' 'U' 'M' 'M' 'M' 'M' 'M' 'U' 'M']"
47301,0,156,7,149,42,0,1,"['A' 'M' 'M' 'M' 'M' 'M' 'M' 'M' 'M' 'M' 'U' 'U' 'M' 'M' 'M' 'A' 'M' 'M'
 'M' 'M' 'M' 'M' 'M' 'A' 'M' 'M' 'M' 'M' 'M' 'U' 'U' 'M' 'U' 'M' 'M' 'M'
 'U' 'M' 'A' 'M' 'M' 'M' 'M' 'M' 'U' 'M' 'M' 'M' 'M' 'M' 'U' 'M' 'U' 'M'
 'M' 'M' 'M' 'M' 'M' 'M' 'M' 'U' 'M' 'M' 'M' 'M' 'M' 'M' 'M' 'M' 'M' 'M'
 'M' 'M' 'U' 'U' 'M' 'M' 'M' 'M' 'M' 'M' 'M' 'M' 'U' 'U' 'M' 'M' 'M' 'M'
 'U' 'M' 'M' 'M' 'M' 'U' 'M' 'M' 'U' 'U' 'M' 'M' 'M' 'M' 'M' 'M' 'U' 'M'
 'M' 'U' 'M' 'M' 'M' 'U' 'A' 'M' 'M' 'U' 'U' 'U' 'M' 'M' 'M' 'M' 'M' 'U'
 'M' 'U' 'M' 'M' 'U' 'U' 'M' 'M' 'M' 'U' 'U' 'A' 'M' 'U' 'M' 'U' 'M' 'M'
 'M' 'M' 'M' 'M' 'M' 'U' 'U' 'M' 'U' 'U' 'A' 'M' 'M' 'M' 'M' 'M' 'M' 'U'
 'M' 'M' 'M' 'M' 'U' 'M' 'M' 'M' 'M' 'M' 'M' 'M' 'M' 'M' 'M' 'U' 'M' 'M'
 'M' 'M' 'M' 'M' 'M' 'M' 'M' 'M' 'M' 'M' 'U' 'M' 'M' 'U' 'M' 'M' 'U' 'M']"
47401,0,155,9,146,43,0,0,"['A' 'M' 'M' 'M' 'M' 'M' 'M' 'M' 'U' 'M' 'U' 'U' 'M' 'M' 'M' 'A' 'M' 'M'
 'M' 'M' 'M' 'M' 'M' 'A' 'M' 'M' 'M' 'M' 'M' 'M' 'U' 'M' 'U' 'U' 'M' 'M'
 'U' 'M' 'U' 'M' 'M' 'M' 'M' 'M' 'M' 'M' 'M' 'M' 'M' 'M' 'M' 'M' 'U' 'U'
 'M' 'M' 'M' 'M' 'M' 'M' 'M' 'U' 'M' 'M' 'M' 'M' 'M' 'M' 'M' 'M' 'M' 'M'
 'M' 'M' 'M' 'M' 'U' 'M' 'U' 'M' 'U' 'M' 'U' 'M' 'M' 'M' 'M' 'M' 'M' 'U'
 'M' 'M' 'M' 'M' 'M' 'A' 'M' 'M' 'U' 'A' 'U' 'M' 'M' 'M' 'M' 'M' 'U' 'M'
 'M' 'U' 'M' 'M' 'M' 'U' 'A' 'U' 'M' 'M' 'U' 'U' 'M' 'M' 'M' 'M' 'M' 'U'
 'M' 'U' 'M' 'M' 'U' 'U' 'M' 'M' 'M' 'U' 'U' 'A' 'M' 'U' 'M' 'U' 'M' 'U'
 'M' 'M' 'M' 'M' 'M' 'U' 'U' 'M' 'U' 'U' 'A' 'M' 'M' 'M' 'M' 'M' 'M' 'U'
 'U' 'M' 'M' 'M' 'U' 'M' 'U' 'M' 'M' 'M' 'M' 'M' 'M' 'M' 'M' 'M' 'M' 'M'
 'M' 'M' 'M' 'M' 'M' 'M' 'M' 'M' 'M' 'M' 'U' 'M' 'M' 'U' 'M' 'M' 'A' 'M']"
47501,1,154,7,147,44,0,0,"['A' 'M' 'M' 'M' 'M' 'M' 'M' 'M' 'U' 'M' 'M' 'U' 'M' 'M' 'M' 'A' 'M' 'M'
 'U' 'M' 'M' 'M' 'M' 'U' 'M' 'U' 'M' 'M' 'M' 'M' 'M' 'M' 'U' 'U' 'M' 'M'
 'U' 'M' 'U' 'M' 'M' 'M' 'M' 'M' 'M' 'M' 'M' 'M' 'M' 'M' 'M' 'M' 'U' 'U'
 'M' 'M' 'M' 'M' 'M' 'M' 'M' 'U' 'M' 'M' 'M' 'U' 'M' 'M' 'M' 'M' 'M' 'M'
 'M' 'M' 'M' 'U' 'M' 'M' 'M' 'M' 'M' 'M' 'M' 'M' 'M' 'M' 'U' 'U' 'U' 'M'
 'M' 'M' 'M' 'M' 'M' 'A' 'M' 'M' 'U' 'A' 'U' 'M' 'M' 'M' 'M' 'M' 'U' 'M'
 'M' 'U' 'M' 'M' 'M' 'U' 'U' 'U' 'M' 'M' 'U' 'U' 'M' 'M' 'M' 'M' 'M' 'M'
 'M' 'M' 'U' 'M' 'U' 'U' 'U' 'U' 'U' 'U' 'U' 'A' 'M' 'M' 'M' 'U' 'M' 'U'
 'M' 'M' 'M' 'M' 'M' 'M' 'U' 'M' 'M' 'M' 'A' 'M' 'M' 'M' 'M' 'M' 'M' 'U'
 'U' 'M' 'M' 'M' 'U' 'M' 'U' 'M' 'M' 'M' 'M' 'M' 'M' 'M' 'M' 'M' 'M' 'U'
 'M' 'M' 'M' 'M' 'U' 'M' 'M' 'M' 'M' 'M' 'U' 'M' 'M' 'M' 'M' 'M' 'A' 'M']"
47601,0,144,8,136,54,0,0,"['A' 'M' 'M' 'M' 'M' 'M' 'M' 'M' 'U' 'M' 'M' 'U' 'M' 'M' 'M' 'A' 'M' 'M'
 'U' 'M' 'M' 'M' 'M' 'U' 'M' 'U' 'U' 'M' 'M' 'M' 'M' 'M' 'U' 'U' 'M' 'U'
 'U' 'U' 'U' 'U' 'M' 'U' 'M' 'M' 'M' 'M' 'M' 'U' 'M' 'M' 'M' 'M' 'U' 'U'
 'M' 'M' 'M' 'M' 'M' 'M' 'U' 'U' 'M' 'M' 'M' 'M' 'M' 'M' 'M' 'M' 'M' 'M'
 'M' 'M' 'M' 'U' 'M' 'U' 'M' 'M' 'M' 'M' 'M' 'M' 'U' 'M' 'M' 'M' 'M' 'M'
 'M' 'M' 'U' 'M' 'U' 'A' 'M' 'U' 'U' 'A' 'M' 'M' 'M' 'M' 'M' 'M' 'U' 'M'
 'M' 'U' 'M' 'M' 'M' 'U' 'A' 'U' 'M' 'M' 'U' 'M' 'M' 'M' 'M' 'M' 'M' 'M'
 'M' 'M' 'U' 'U' 'U' 'U' 'U' 'M' 'M' 'U' 'U' 'A' 'U' 'M' 'M' 'U' 'M' 'U'
 'M' 'M' 'M' 'M' 'M' 'M' 'M' 'M' 'M' 'M' 'A' 'M' 'M' 'M' 'M' 'M' 'U' 'U'
 'U' 'U' 'M' 'M' 'U' 'U' 'U' 'M' 'M' 'M' 'M' 'M' 'M' 'M' 'M' 'M' 'M' 'U'
 'M' 'M' 'M' 'M' 'U' 'M' 'U' 'U' 'M' 'M' 'U' 'U' 'M' 'M' 'M' 'M' 'A' 'M']"
47701,0,143,4,139,55,0,0,"['A' 'M' 'M' 'M' 'M' 'M' 'U' 'M' 'U' 'U' 'M' 'U' 'U' 'M' 'M' 'U' 'M' 'M'
 'U' 'M' 'M' 'M' 'M' 'M' 'M' 'U' 'U' 'M' 'M' 'M' 'M' 'U' 'M' 'U' 'M' 'U'
 'U' 'U' 'U' 'U' 'M' 'U' 'M' 'M' 'M' 'M' 'M' 'M' 'M' 'M' 'M' 'M' 'U' 'U'
 'M' 'M' 'M' 'M' 'M' 'M' 'M' 'U' 'M' 'M' 'M' 'M' 'M' 'M' 'U' 'M' 'M' 'M'
 'U' 'M' 'M' 'M' 'M' 'M' 'M' 'M' 'M' 'M' 'M' 'M' 'M' 'U' 'M' 'U' 'M' 'M'
 'M' 'M' 'M' 'U' 'M' 'U' 'M' 'U' 'U' 'U' 'M' 'M' 'M' 'M' 'M' 'M' 'U' 'M'
 'M' 'U' 'M' 'U' 'M' 'U' 'U' 'U' 'M' 'M' 'M' 'M' 'M' 'M' 'M' 'M' 'U' 'M'
 'M' 'M' 'U' 'M' 'U' 'U' 'M' 'M' 'M' 'U' 'U' 'A' 'U' 'M' 'M' 'M' 'M' 'U'
 'M' 'M' 'M' 'U' 'M' 'M' 'M' 'M' 'M' 'M' 'A' 'M' 'M' 'M' 'M' 'M' 'U' 'U'
 'M' 'U' 'M' 'M' 'M' 'U' 'U' 'M' 'M' 'M' 'M' 'M' 'M' 'M' 'M' 'M' 'M' 'U'
 'M' 'M' 'M' 'M' 'U' 'M' 'U' 'M' 'M' 'M' 'U' 'U' 'M' 'U' 'M' 'M' 'A' 'M']"
47801,0,151,4,147,47,0,0,"['A' 'M' 'M' 'M' 'M' 'M' 'U' 'M' 'M' 'M' 'M' 'M' 'U' 'M' 'M' 'U' 'M' 'M'
 'U' 'M' 'M' 'M' 'M' 'M' 'M' 'U' 'U' 'M' 'M' 'M' 'M' 'U' 'M' 'U' 'M' 'U'
 'U' 'M' 'U' 'M' 'M' 'U' 'M' 'M' 'M' 'M' 'M' 'M' 'M' 'M' 'M' 'M' 'U' 'M'
 'M' 'M' 'M' 'M' 'M' 'M' 'M' 'U' 'M' 'M' 'U' 'M' 'U' 'M' 'M' 'M' 'M' 'U'
 'M' 'M' 'M' 'M' 'M' 'M' 'M' 'M' 'M' 'M' 'U' 'M' 'M' 'M' 'M' 'M' 'M' 'M'
 'M' 'U' 'M' 'M' 'U' 'M' 'M' 'U' 'U' 'U' 'M' 'M' 'M' 'M' 'M' 'M' 'M' 'U'
 'M' 'U' 'M' 'U' 'M' 'M' 'U' 'U' 'M' 'M' 'M' 'U' 'M' 'M' 'M' 'M' 'M' 'M'
 'M' 'M' 'U' 'M' 'U' 'U' 'U' 'U' 'U' 'U' 'U' 'A' 'U' 'M' 'M' 'M' 'U' 'M'
 'M' 'M' 'M' 'U' 'M' 'M' 'M' 'U' 'M' 'M' 'A' 'M' 'M' 'M' 'M' 'M' 'M' 'M'
 'M' 'U' 'M' 'M' 'M' 'U' 'U' 'M' 'M' 'M' 'M' 'M' 'M' 'M' 'M' 'M' 'M' 'M'
 'M' 'M' 'M' 'M' 'U' 'M' 'U' 'M' 'M' 'M' 'M' 'U' 'M' 'M' 'M' 'M' 'A' 'M']"
47901,0,147,4,143,51,0,0,"['A' 'U' 'M' 'M' 'U' 'M' 'U' 'M' 'M' 'M' 'M' 'M' 'U' 'M' 'M' 'M' 'M' 'M'
 'U' 'M' 'M' 'M' 'M' 'U' 'M' 'U' 'U' 'M' 'M' 'M' 'M' 'U' 'M' 'U' 'M' 'U'
 'U' 'M' 'U' 'M' 'M' 'U' 'M' 'M' 'M' 'M' 'M' 'M' 'M' 'M' 'M' 'M' 'U' 'M'
 'M' 'M' 'M' 'M' 'M' 'M' 'U' 'U' 'M' 'M' 'U' 'M' 'M' 'M' 'M' 'U' 'M' 'M'
 'M' 'M' 'M' 'M' 'U' 'M' 'M' 'M' 'M' 'U' 'M' 'M' 'M' 'U' 'M' 'U' 'M' 'M'
 'M' 'M' 'M' 'M' 'M' 'M' 'M' 'U' 'A' 'U' 'M' 'M' 'M' 'M' 'M' 'M' 'M' 'U'
 'M' 'U' 'M' 'U' 'M' 'M' 'U' 'M' 'M' 'M' 'M' 'U' 'M' 'M' 'M' 'M' 'M' 'M'
 'M' 'M' 'U' 'M' 'M' 'U' 'U' 'U' 'U' 'U' 'U' 'A' 'U' 'M' 'U' 'U' 'M' 'M'
 'M' 'M' 'U' 'U' 'M' 'M' 'M' 'U' 'M' 'M' 'U' 'M' 'U' 'M' 'M' 'M' 'M' 'M'
 'M' 'M' 'M' 'M' 'M' 'U' 'U' 'M' 'M' 'M' 'M' 'M' 'M' 'M' 'M' 'M' 'M' 'M'
 'M' 'M' 'M' 'M' 'U' 'M' 'U' 'M' 'M' 'M' 'M' 'U' 'M' 'M' 'M' 'M' 'A' 'U']"
48001,0,155,4,151,43,0,0,"['A' 'U' 'M' 'M' 'M' 'M' 'U' 'M' 'U' 'M' 'M' 'M' 'U' 'M' 'M' 'M' 'M' 'M'
 'U' 'M' 'M' 'M' 'M' 'U' 'M' 'M' 'U' 'U' 'M' 'M' 'M' 'U' 'M' 'M' 'M' 'U'
 'U' 'M' 'U' 'M' 'M' 'M' 'M' 'M' 'M' 'M' 'U' 'M' 'M' 'M' 'M' 'M' 'U' 'M'
 'M' 'M' 'M' 'M' 'M' 'M' 'U' 'U' 'M' 'M' 'M' 'U' 'M' 'M' 'M' 'M' 'U' 'U'
 'M' 'M' 'M' 'M' 'M' 'M' 'M' 'M' 'M' 'M' 'M' 'U' 'M' 'M' 'U' 'M' 'M' 'M'
 'M' 'M' 'M' 'M' 'M' 'M' 'M' 'U' 'A' 'M' 'M' 'M' 'M' 'M' 'M' 'M' 'M' 'U'
 'M' 'U' 'M' 'M' 'M' 'M' 'U' 'M' 'M' 'M' 'M' 'U' 'M' 'M' 'M' 'M' 'M' 'M'
 'M' 'M' 'U' 'U' 'M' 'M' 'U' 'M' 'U' 'U' 'U' 'A' 'U' 'M' 'M' 'U' 'M' 'M'
 'M' 'M' 'U' 'U' 'M' 'M' 'M' 'U' 'M' 'M' 'U' 'M' 'M' 'M' 'M' 'M' 'M' 'M'
 'M' 'M' 'M' 'M' 'M' 'U' 'U' 'M' 'M' 'M' 'U' 'M' 'M' 'M' 'M' 'M' 'M' 'M'
 'M' 'M' 'M' 'M' 'M' 'M' 'U' 'M' 'M' 'M' 'M' 'M' 'M' 'M' 'M' 'M' 'A' 'U']"
48101,0,159,6,153,39,0,0,"['A' 'M' 'M' 'M' 'M' 'M' 'U' 'M' 'U' 'M' 'M' 'M' 'M' 'M' 'M' 'M' 'M' 'M'
 'U' 'M' 'M' 'M' 'M' 'U' 'M' 'M' 'U' 'U' 'M' 'M' 'M' 'A' 'M' 'U' 'M' 'U'
 'U' 'M' 'U' 'M' 'M' 'M' 'M' 'M' 'M' 'M' 'U' 'M' 'M' 'U' 'M' 'M' 'U' 'M'
 'M' 'M' 'M' 'M' 'M' 'M' 'U' 'U' 'M' 'M' 'U' 'M' 'M' 'M' 'M' 'U' 'M' 'M'
 'M' 'M' 'M' 'M' 'U' 'M' 'M' 'M' 'M' 'M' 'M' 'M' 'U' 'U' 'M' 'M' 'M' 'M'
 'U' 'M' 'M' 'M' 'M' 'U' 'M' 'M' 'U' 'M' 'M' 'M' 'M' 'M' 'M' 'M' 'M' 'M'
 'M' 'U' 'M' 'M' 'M' 'M' 'U' 'M' 'M' 'M' 'M' 'A' 'M' 'M' 'M' 'M' 'M' 'M'
 'M' 'M' 'U' 'U' 'M' 'M' 'U' 'M' 'U' 'U' 'U' 'A' 'A' 'M' 'M' 'M' 'M' 'M'
 'M' 'M' 'U' 'U' 'M' 'M' 'M' 'M' 'M' 'M' 'U' 'M' 'M' 'M' 'M' 'M' 'M' 'M'
 'M' 'M' 'M' 'M' 'M' 'U' 'U' 'M' 'M' 'M' 'U' 'M' 'M' 'M' 'M' 'M' 'M' 'M'
 'M' 'M' 'M' 'M' 'M' 'M' 'U' 'M' 'M' 'M' 'M' 'M' 'M' 'M' 'M' 'M' 'A' 'U']"
48201,0,158,5,153,40,1,0,"['A' 'M' 'M' 'M' 'M' 'M' 'M' 'M' 'U' 'M' 'M' 'M' 'M' 'M' 'M' 'M' 'U' 'M'
 'U' 'M' 'M' 'M' 'M' 'M' 'M' 'M' 'U' 'U' 'M' 'M' 'M' 'M' 'M' 'M' 'M' 'M'
 'M' 'M' 'U' 'M' 'M' 'M' 'M' 'M' 'M' 'M' 'U' 'M' 'M' 'U' 'M' 'M' 'U' 'M'
 'M' 'U' 'M' 'U' 'M' 'M' 'M' 'U' 'M' 'M' 'M' 'M' 'M' 'M' 'M' 'U' 'M' 'M'
 'U' 'M' 'M' 'M' 'U' 'M' 'M' 'M' 'M' 'M' 'M' 'M' 'M' 'U' 'M' 'M' 'M' 'M'
 'M' 'M' 'U' 'M' 'M' 'U' 'M' 'M' 'U' 'M' 'M' 'M' 'M' 'M' 'M' 'M' 'M' 'M'
 'M' 'U' 'M' 'M' 'M' 'M' 'U' 'M' 'M' 'M' 'M' 'A' 'M' 'M' 'M' 'M' 'M' 'M'
 'M' 'M' 'U' 'U' 'M' 'M' 'U' 'U' 'U' 'U' 'M' 'A' 'U' 'M' 'M' 'M' 'M' 'M'
 'M' 'M' 'U' 'U' 'M' 'M' 'M' 'M' 'M' 'U' 'U' 'M' 'U' 'M' 'M' 'M' 'M' 'M'
 'M' 'M' 'M' 'M' 'M' 'U' 'A' 'M' 'M' 'M' 'U' 'M' 'M' 'U' 'M' 'M' 'U' 'M'
 'M' 'M' 'M' 'M' 'M' 'M' 'U' 'M' 'M' 'M' 'M' 'M' 'M' 'U' 'M' 'M' 'U' 'A']"
48301,0,156,6,150,42,0,0,"['A' 'M' 'M' 'M' 'M' 'M' 'M' 'M' 'U' 'M' 'M' 'M' 'M' 'M' 'M' 'M' 'U' 'M'
 'U' 'M' 'M' 'M' 'M' 'M' 'M' 'M' 'U' 'M' 'M' 'M' 'M' 'M' 'M' 'M' 'M' 'M'
 'M' 'M' 'U' 'M' 'M' 'M' 'M' 'M' 'M' 'M' 'U' 'M' 'U' 'U' 'M' 'M' 'U' 'M'
 'M' 'M' 'M' 'U' 'M' 'M' 'M' 'M' 'M' 'M' 'M' 'M' 'U' 'M' 'U' 'U' 'M' 'M'
 'M' 'U' 'M' 'M' 'M' 'M' 'M' 'M' 'M' 'M' 'M' 'M' 'M' 'M' 'M' 'M' 'M' 'M'
 'M' 'M' 'M' 'U' 'M' 'U' 'M' 'M' 'U' 'M' 'M' 'M' 'M' 'M' 'U' 'M' 'M' 'M'
 'M' 'M' 'M' 'M' 'M' 'M' 'U' 'M' 'M' 'M' 'M' 'A' 'M' 'M' 'M' 'M' 'M' 'M'
 'M' 'M' 'U' 'U' 'M' 'U' 'U' 'U' 'U' 'U' 'U' 'A' 'U' 'U' 'M' 'M' 'M' 'M'
 'U' 'M' 'U' 'U' 'M' 'M' 'M' 'M' 'M' 'U' 'M' 'M' 'U' 'U' 'M' 'M' 'M' 'M'
 'M' 'M' 'M' 'U' 'M' 'U' 'A' 'M' 'M' 'M' 'U' 'M' 'M' 'M' 'M' 'A' 'U' 'M'
 'M' 'M' 'M' 'M' 'M' 'M' 'U' 'M' 'M' 'M' 'M' 'M' 'M' 'U' 'M' 'M' 'U' 'A']"
48401,0,156,9,147,42,0,0,"['A' 'M' 'M' 'M' 'M' 'M' 'M' 'M' 'U' 'M' 'M' 'M' 'M' 'U' 'M' 'M' 'U' 'M'
 'A' 'M' 'M' 'M' 'M' 'M' 'M' 'M' 'U' 'M' 'M' 'M' 'M' 'U' 'M' 'M' 'M' 'M'
 'M' 'M' 'A' 'M' 'M' 'M' 'M' 'M' 'M' 'M' 'U' 'U' 'A' 'U' 'M' 'M' 'U' 'M'
 'M' 'M' 'M' 'U' 'M' 'M' 'M' 'M' 'M' 'M' 'M' 'U' 'M' 'M' 'M' 'M' 'M' 'M'
 'U' 'M' 'M' 'M' 'M' 'M' 'M' 'M' 'M' 'U' 'U' 'M' 'M' 'M' 'M' 'M' 'M' 'M'
 'M' 'M' 'M' 'U' 'M' 'U' 'M' 'M' 'U' 'M' 'M' 'M' 'M' 'M' 'U' 'M' 'M' 'M'
 'M' 'M' 'M' 'M' 'M' 'M' 'U' 'M' 'M' 'M' 'M' 'A' 'U' 'M' 'M' 'M' 'M' 'M'
 'M' 'M' 'U' 'M' 'M' 'M' 'U' 'U' 'U' 'U' 'M' 'A' 'U' 'U' 'M' 'M' 'M' 'M'
 'U' 'M' 'U' 'U' 'M' 'M' 'U' 'M' 'M' 'U' 'M' 'M' 'U' 'U' 'M' 'M' 'M' 'M'
 'M' 'U' 'M' 'M' 'U' 'M' 'A' 'M' 'M' 'M' 'U' 'M' 'M' 'U' 'M' 'A' 'U' 'M'
 'M' 'M' 'M' 'M' 'M' 'M' 'U' 'M' 'M' 'M' 'M' 'M' 'M' 'U' 'M' 'M' 'U' 'A']"
48501,0,147,4,143,51,0,0,"['A' 'U' 'M' 'M' 'M' 'M' 'M' 'M' 'U' 'U' 'M' 'M' 'M' 'U' 'M' 'M' 'U' 'M'
 'A' 'M' 'M' 'M' 'M' 'M' 'M' 'M' 'U' 'M' 'M' 'M' 'M' 'U' 'M' 'M' 'M' 'U'
 'M' 'U' 'A' 'M' 'M' 'M' 'M' 'M' 'M' 'M' 'U' 'U' 'U' 'U' 'M' 'M' 'U' 'M'
 'M' 'M' 'M' 'U' 'M' 'M' 'M' 'M' 'M' 'M' 'M' 'M' 'M' 'M' 'U' 'M' 'M' 'M'
 'U' 'M' 'U' 'M' 'M' 'M' 'M' 'M' 'M' 'M' 'M' 'M' 'M' 'M' 'U' 'M' 'M' 'U'
 'M' 'M' 'M' 'M' 'M' 'U' 'M' 'M' 'U' 'M' 'M' 'M' 'M' 'M' 'U' 'M' 'M' 'M'
 'M' 'M' 'M' 'M' 'M' 'M' 'U' 'M' 'U' 'M' 'M' 'M' 'U' 'M' 'M' 'M' 'M' 'M'
 'M' 'M' 'U' 'M' 'M' 'M' 'U' 'U' 'M' 'U' 'U' 'A' 'U' 'U' 'M' 'M' 'M' 'U'
 'U' 'M' 'U' 'U' 'U' 'M' 'U' 'M' 'M' 'M' 'M' 'M' 'U' 'M' 'M' 'M' 'M' 'M'
 'M' 'U' 'M' 'M' 'U' 'M' 'U' 'M' 'M' 'M' 'U' 'M' 'M' 'U' 'M' 'U' 'U' 'M'
 'M' 'M' 'M' 'M' 'M' 'M' 'U' 'M' 'M' 'M' 'M' 'M' 'M' 'U' 'M' 'M' 'U' 'U']"
48601,0,147,4,143,51,0,0,"['A' 'U' 'M' 'M' 'M' 'U' 'M' 'M' 'U' 'U' 'M' 'M' 'M' 'U' 'M' 'M' 'M' 'U'
 'M' 'M' 'M' 'M' 'M' 'M' 'M' 'M' 'M' 'M' 'M' 'M' 'M' 'U' 'U' 'U' 'M' 'M'
 'M' 'U' 'A' 'M' 'M' 'M' 'M' 'M' 'M' 'M' 'U' 'U' 'U' 'U' 'M' 'M' 'M' 'M'
 'M' 'M' 'M' 'U' 'M' 'M' 'M' 'M' 'M' 'U' 'M' 'M' 'M' 'M' 'U' 'M' 'U' 'M'
 'M' 'U' 'M' 'M' 'M' 'M' 'M' 'M' 'M' 'M' 'M' 'M' 'U' 'M' 'M' 'U' 'M' 'M'
 'M' 'M' 'M' 'M' 'M' 'U' 'M' 'M' 'M' 'M' 'M' 'M' 'M' 'M' 'U' 'U' 'M' 'M'
 'M' 'U' 'M' 'M' 'M' 'M' 'U' 'M' 'U' 'M' 'M' 'M' 'U' 'M' 'M' 'M' 'M' 'M'
 'M' 'M' 'U' 'U' 'M' 'U' 'U' 'U' 'U' 'M' 'U' 'A' 'U' 'M' 'M' 'M' 'U' 'U'
 'M' 'M' 'M' 'M' 'M' 'M' 'U' 'M' 'M' 'M' 'M' 'M' 'U' 'M' 'M' 'M' 'M' 'U'
 'M' 'U' 'U' 'M' 'U' 'M' 'U' 'M' 'M' 'M' 'U' 'M' 'M' 'U' 'M' 'U' 'A' 'U'
 'M' 'M' 'M' 'M' 'M' 'M' 'M' 'M' 'M' 'M' 'M' 'M' 'M' 'U' 'M' 'M' 'M' 'U']"
48701,0,150,5,145,48,0,0,"['A' 'U' 'M' 'M' 'M' 'U' 'M' 'M' 'M' 'U' 'M' 'M' 'M' 'M' 'M' 'M' 'M' 'U'
 'U' 'M' 'M' 'U' 'M' 'M' 'M' 'M' 'M' 'M' 'M' 'M' 'M' 'U' 'U' 'U' 'M' 'M'
 'U' 'M' 'A' 'M' 'U' 'M' 'M' 'M' 'M' 'M' 'U' 'A' 'U' 'U' 'M' 'M' 'M' 'M'
 'M' 'M' 'M' 'M' 'M' 'M' 'M' 'M' 'M' 'U' 'M' 'M' 'M' 'M' 'M' 'M' 'M' 'U'
 'M' 'M' 'M' 'U' 'M' 'M' 'M' 'U' 'M' 'M' 'M' 'M' 'M' 'M' 'U' 'M' 'M' 'M'
 'U' 'M' 'M' 'M' 'M' 'U' 'M' 'M' 'M' 'M' 'U' 'U' 'M' 'M' 'U' 'U' 'M' 'M'
 'M' 'U' 'M' 'M' 'M' 'M' 'U' 'M' 'U' 'M' 'M' 'M' 'U' 'M' 'M' 'M' 'M' 'M'
 'M' 'M' 'M' 'U' 'M' 'U' 'U' 'U' 'U' 'M' 'U' 'A' 'U' 'M' 'M' 'M' 'U' 'M'
 'M' 'M' 'M' 'M' 'M' 'M' 'U' 'M' 'M' 'M' 'M' 'M' 'U' 'M' 'M' 'M' 'M' 'U'
 'M' 'U' 'M' 'M' 'U' 'M' 'U' 'M' 'M' 'M' 'M' 'M' 'M' 'U' 'M' 'U' 'A' 'U'
 'M' 'M' 'M' 'M' 'M' 'M' 'M' 'M' 'M' 'M' 'M' 'M' 'M' 'U' 'M' 'M' 'M' 'U']"
48801,0,147,4,143,51,0,0,"['A' 'U' 'M' 'M' 'M' 'U' 'M' 'M' 'M' 'U' 'M' 'M' 'M' 'M' 'M' 'M' 'M' 'U'
 'U' 'M' 'M' 'U' 'M' 'M' 'M' 'M' 'M' 'M' 'M' 'M' 'M' 'U' 'U' 'U' 'M' 'M'
 'M' 'M' 'A' 'M' 'M' 'M' 'M' 'M' 'M' 'M' 'U' 'A' 'U' 'U' 'M' 'M' 'M' 'M'
 'M' 'M' 'M' 'M' 'M' 'U' 'U' 'M' 'M' 'U' 'U' 'M' 'M' 'M' 'M' 'M' 'M' 'U'
 'M' 'M' 'M' 'U' 'M' 'M' 'U' 'M' 'U' 'M' 'M' 'M' 'M' 'M' 'M' 'M' 'M' 'M'
 'U' 'M' 'M' 'M' 'M' 'U' 'M' 'M' 'M' 'M' 'U' 'U' 'M' 'M' 'U' 'U' 'U' 'M'
 'M' 'M' 'M' 'M' 'M' 'M' 'U' 'M' 'M' 'M' 'M' 'U' 'U' 'M' 'M' 'M' 'M' 'M'
 'M' 'M' 'M' 'U' 'M' 'U' 'U' 'U' 'U' 'M' 'U' 'A' 'U' 'M' 'M' 'U' 'M' 'M'
 'M' 'M' 'M' 'M' 'M' 'U' 'U' 'M' 'M' 'M' 'U' 'M' 'M' 'M' 'M' 'M' 'M' 'U'
 'M' 'U' 'M' 'M' 'U' 'M' 'U' 'M' 'M' 'M' 'M' 'M' 'M' 'U' 'M' 'U' 'M' 'U'
 'M' 'M' 'M' 'U' 'M' 'M' 'M' 'M' 'M' 'M' 'M' 'M' 'M' 'U' 'M' 'M' 'M' 'U']"
48901,0,145,5,140,53,0,0,"['A' 'M' 'M' 'M' 'M' 'U' 'M' 'M' 'M' 'U' 'M' 'M' 'U' 'M' 'M' 'U' 'M' 'U'
 'U' 'M' 'M' 'U' 'M' 'M' 'M' 'M' 'M' 'M' 'M' 'M' 'M' 'U' 'U' 'U' 'M' 'M'
 'M' 'M' 'A' 'M' 'M' 'M' 'M' 'M' 'M' 'M' 'U' 'A' 'U' 'U' 'M' 'M' 'M' 'M'
 'M' 'M' 'M' 'M' 'M' 'U' 'A' 'M' 'M' 'U' 'U' 'M' 'M' 'M' 'M' 'M' 'M' 'U'
 'M' 'M' 'M' 'U' 'M' 'M' 'M' 'U' 'M' 'M' 'M' 'M' 'U' 'M' 'M' 'U' 'M' 'M'
 'M' 'M' 'M' 'M' 'M' 'U' 'M' 'M' 'M' 'M' 'U' 'U' 'M' 'M' 'U' 'U' 'U' 'M'
 'M' 'M' 'U' 'M' 'M' 'M' 'M' 'M' 'U' 'M' 'M' 'M' 'U' 'M' 'M' 'M' 'M' 'M'
 'M' 'M' 'M' 'U' 'M' 'U' 'U' 'U' 'U' 'M' 'U' 'A' 'U' 'M' 'M' 'U' 'M' 'M'
 'M' 'M' 'M' 'M' 'M' 'U' 'U' 'M' 'M' 'M' 'U' 'M' 'M' 'M' 'M' 'M' 'M' 'U'
 'M' 'U' 'M' 'U' 'U' 'M' 'U' 'M' 'M' 'M' 'M' 'M' 'M' 'U' 'M' 'U' 'M' 'U'
 'M' 'M' 'M' 'U' 'M' 'M' 'M' 'M' 'M' 'M' 'U' 'M' 'M' 'U' 'M' 'M' 'M' 'U']"
49001,0,151,4,147,47,0,0,"['A' 'M' 'M' 'M' 'M' 'U' 'U' 'M' 'M' 'U' 'M' 'M' 'U' 'M' 'M' 'U' 'M' 'U'
 'U' 'M' 'M' 'U' 'M' 'M' 'M' 'M' 'M' 'M' 'M' 'M' 'M' 'U' 'U' 'M' 'M' 'M'
 'M' 'M' 'A' 'M' 'M' 'M' 'M' 'M' 'M' 'M' 'M' 'U' 'M' 'M' 'M' 'M' 'M' 'M'
 'M' 'M' 'M' 'M' 'M' 'U' 'A' 'M' 'M' 'U' 'U' 'M' 'M' 'M' 'M' 'U' 'M' 'M'
 'M' 'M' 'M' 'M' 'M' 'M' 'M' 'M' 'U' 'M' 'U' 'M' 'M' 'M' 'U' 'M' 'M' 'M'
 'M' 'M' 'M' 'M' 'U' 'M' 'M' 'M' 'M' 'M' 'U' 'U' 'M' 'M' 'U' 'U' 'M' 'M'
 'M' 'M' 'U' 'M' 'M' 'M' 'M' 'M' 'M' 'M' 'M' 'M' 'M' 'M' 'M' 'M' 'M' 'M'
 'M' 'M' 'M' 'U' 'M' 'U' 'U' 'U' 'U' 'U' 'U' 'A' 'U' 'M' 'M' 'U' 'M' 'M'
 'M' 'M' 'M' 'M' 'M' 'U' 'U' 'M' 'M' 'M' 'U' 'M' 'M' 'M' 'M' 'M' 'M' 'U'
 'M' 'U' 'M' 'U' 'U' 'U' 'U' 'M' 'M' 'M' 'M' 'M' 'M' 'M' 'M' 'M' 'M' 'M'
 'M' 'M' 'M' 'U' 'M' 'U' 'M' 'M' 'U' 'M' 'M' 'M' 'M' 'U' 'M' 'M' 'M' 'U']"
49101,0,158,5,153,40,0,0,"['A' 'M' 'M' 'M' 'M' 'U' 'U' 'M' 'M' 'U' 'M' 'U' 'M' 'M' 'M' 'A' 'M' 'M'
 'U' 'M' 'M' 'M' 'U' 'M' 'M' 'M' 'M' 'M' 'M' 'M' 'M' 'U' 'M' 'M' 'M' 'M'
 'M' 'M' 'A' 'M' 'M' 'M' 'M' 'M' 'M' 'M' 'M' 'U' 'M' 'M' 'M' 'M' 'M' 'M'
 'M' 'M' 'M' 'M' 'M' 'U' 'A' 'M' 'M' 'U' 'U' 'M' 'U' 'M' 'M' 'M' 'U' 'M'
 'M' 'M' 'M' 'M' 'M' 'M' 'M' 'M' 'M' 'M' 'M' 'M' 'M' 'M' 'U' 'M' 'U' 'M'
 'M' 'M' 'M' 'M' 'U' 'M' 'M' 'M' 'M' 'M' 'U' 'U' 'M' 'M' 'U' 'U' 'M' 'M'
 'M' 'M' 'U' 'M' 'M' 'M' 'M' 'M' 'M' 'M' 'M' 'M' 'M' 'M' 'M' 'M' 'U' 'M'
 'M' 'M' 'M' 'M' 'M' 'U' 'M' 'U' 'M' 'U' 'M' 'U' 'U' 'M' 'M' 'M' 'M' 'M'
 'M' 'M' 'M' 'M' 'M' 'U' 'M' 'M' 'M' 'M' 'U' 'M' 'M' 'M' 'U' 'U' 'M' 'U'
 'M' 'U' 'M' 'U' 'A' 'M' 'M' 'M' 'M' 'M' 'M' 'U' 'M' 'M' 'M' 'M' 'M' 'M'
 'M' 'M' 'M' 'U' 'M' 'M' 'M' 'M' 'U' 'M' 'M' 'M' 'M' 'U' 'U' 'M' 'M' 'U']"
49201,0,153,6,147,45,0,1,"['A' 'M' 'M' 'M' 'M' 'U' 'U' 'M' 'M' 'U' 'M' 'U' 'M' 'M' 'M' 'A' 'M' 'M'
 'A' 'M' 'M' 'M' 'U' 'M' 'M' 'M' 'M' 'U' 'M' 'M' 'M' 'U' 'M' 'M' 'M' 'U'
 'M' 'M' 'A' 'M' 'M' 'M' 'M' 'M' 'M' 'M' 'M' 'U' 'M' 'M' 'M' 'M' 'U' 'M'
 'M' 'M' 'M' 'M' 'M' 'U' 'A' 'M' 'M' 'U' 'U' 'M' 'M' 'U' 'M' 'M' 'M' 'M'
 'U' 'M' 'U' 'U' 'M' 'M' 'M' 'M' 'M' 'M' 'M' 'M' 'M' 'M' 'M' 'M' 'M' 'M'
 'M' 'M' 'U' 'M' 'M' 'M' 'M' 'M' 'M' 'M' 'U' 'U' 'M' 'M' 'U' 'M' 'M' 'M'
 'M' 'M' 'U' 'M' 'M' 'M' 'M' 'M' 'M' 'M' 'M' 'M' 'M' 'M' 'M' 'M' 'U' 'M'
 'M' 'M' 'M' 'M' 'U' 'U' 'M' 'U' 'U' 'M' 'U' 'U' 'M' 'M' 'M' 'M' 'M' 'M'
 'M' 'M' 'M' 'M' 'M' 'U' 'M' 'M' 'U' 'M' 'U' 'M' 'U' 'M' 'U' 'U' 'M' 'U'
 'M' 'M' 'M' 'U' 'A' 'M' 'M' 'M' 'M' 'M' 'M' 'M' 'U' 'M' 'M' 'M' 'M' 'U'
 'M' 'M' 'M' 'U' 'M' 'M' 'M' 'M' 'U' 'M' 'M' 'M' 'M' 'U' 'U' 'U' 'M' 'U']"
49301,1,150,4,146,48,0,0,"['A' 'M' 'M' 'M' 'M' 'U' 'U' 'M' 'M' 'U' 'M' 'M' 'M' 'M' 'M' 'U' 'M' 'M'
 'A' 'M' 'M' 'M' 'M' 'M' 'U' 'M' 'M' 'U' 'M' 'M' 'M' 'U' 'M' 'M' 'M' 'M'
 'M' 'M' 'U' 'M' 'M' 'M' 'M' 'M' 'M' 'M' 'M' 'U' 'M' 'M' 'M' 'M' 'U' 'M'
 'U' 'M' 'M' 'M' 'M' 'U' 'A' 'M' 'M' 'U' 'M' 'M' 'M' 'U' 'U' 'U' 'M' 'M'
 'M' 'M' 'M' 'M' 'M' 'M' 'U' 'M' 'M' 'M' 'M' 'M' 'M' 'M' 'M' 'U' 'M' 'M'
 'M' 'M' 'M' 'M' 'M' 'M' 'M' 'M' 'M' 'M' 'U' 'U' 'M' 'M' 'U' 'M' 'U' 'M'
 'M' 'M' 'U' 'M' 'M' 'U' 'M' 'M' 'M' 'M' 'M' 'M' 'M' 'M' 'M' 'U' 'U' 'M'
 'M' 'M' 'M' 'M' 'U' 'U' 'U' 'M' 'U' 'M' 'M' 'U' 'M' 'M' 'M' 'M' 'M' 'M'
 'M' 'M' 'M' 'U' 'M' 'U' 'U' 'M' 'M' 'M' 'M' 'U' 'U' 'M' 'U' 'U' 'M' 'M'
 'U' 'M' 'M' 'U' 'A' 'M' 'M' 'U' 'M' 'M' 'M' 'M' 'U' 'M' 'M' 'M' 'M' 'U'
 'M' 'M' 'M' 'U' 'M' 'M' 'M' 'M' 'U' 'M' 'M' 'M' 'M' 'U' 'U' 'U' 'M' 'M']"
49401,0,153,8,145,45,0,0,"['A' 'M' 'M' 'M' 'M' 'U' 'U' 'M' 'U' 'A' 'M' 'M' 'M' 'M' 'M' 'U' 'M' 'U'
 'A' 'M' 'U' 'M' 'M' 'M' 'U' 'M' 'M' 'A' 'M' 'M' 'M' 'M' 'M' 'M' 'M' 'M'
 'M' 'M' 'M' 'M' 'M' 'M' 'U' 'M' 'M' 'M' 'M' 'M' 'M' 'M' 'M' 'M' 'A' 'M'
 'U' 'M' 'M' 'M' 'M' 'U' 'M' 'M' 'M' 'U' 'M' 'U' 'M' 'M' 'U' 'M' 'M' 'M'
 'M' 'M' 'M' 'M' 'U' 'M' 'M' 'U' 'M' 'M' 'U' 'M' 'M' 'M' 'M' 'M' 'M' 'M'
 'M' 'M' 'M' 'M' 'M' 'M' 'M' 'M' 'U' 'M' 'U' 'U' 'M' 'M' 'U' 'M' 'U' 'M'
 'M' 'M' 'U' 'M' 'M' 'M' 'M' 'M' 'M' 'M' 'M' 'M' 'M' 'M' 'M' 'A' 'U' 'M'
 'M' 'M' 'M' 'M' 'U' 'U' 'M' 'U' 'U' 'U' 'U' 'U' 'U' 'U' 'M' 'M' 'M' 'M'
 'U' 'M' 'M' 'U' 'M' 'U' 'U' 'M' 'M' 'M' 'M' 'U' 'U' 'M' 'M' 'U' 'M' 'M'
 'M' 'M' 'M' 'U' 'A' 'M' 'M' 'U' 'M' 'M' 'M' 'M' 'M' 'M' 'M' 'M' 'M' 'M'
 'M' 'M' 'M' 'U' 'M' 'M' 'M' 'M' 'A' 'M' 'M' 'M' 'M' 'U' 'U' 'U' 'M' 'M']"
49501,0,146,7,139,52,0,0,"['A' 'M' 'M' 'M' 'M' 'U' 'U' 'M' 'U' 'M' 'M' 'M' 'M' 'M' 'M' 'M' 'M' 'U'
 'A' 'M' 'U' 'M' 'M' 'M' 'U' 'M' 'M' 'A' 'M' 'M' 'M' 'M' 'M' 'M' 'M' 'U'
 'M' 'M' 'M' 'M' 'M' 'M' 'U' 'M' 'M' 'M' 'M' 'M' 'M' 'M' 'U' 'M' 'A' 'M'
 'U' 'M' 'M' 'M' 'M' 'M' 'M' 'U' 'M' 'U' 'M' 'M' 'M' 'M' 'M' 'M' 'M' 'M'
 'M' 'M' 'M' 'M' 'M' 'U' 'M' 'M' 'M' 'U' 'M' 'M' 'U' 'M' 'M' 'U' 'M' 'M'
 'M' 'U' 'M' 'M' 'M' 'M' 'M' 'M' 'M' 'M' 'U' 'U' 'M' 'M' 'U' 'U' 'U' 'M'
 'M' 'M' 'U' 'M' 'M' 'M' 'U' 'M' 'M' 'M' 'M' 'M' 'M' 'M' 'U' 'U' 'U' 'M'
 'M' 'M' 'M' 'M' 'U' 'U' 'U' 'U' 'U' 'U' 'U' 'U' 'U' 'U' 'M' 'M' 'M' 'M'
 'U' 'M' 'M' 'U' 'M' 'U' 'U' 'M' 'M' 'M' 'M' 'U' 'U' 'M' 'M' 'U' 'M' 'M'
 'U' 'M' 'M' 'U' 'A' 'M' 'M' 'U' 'M' 'M' 'M' 'M' 'M' 'M' 'M' 'M' 'M' 'M'
 'M' 'U' 'M' 'M' 'M' 'M' 'M' 'M' 'A' 'M' 'M' 'M' 'U' 'U' 'A' 'U' 'M' 'U']"
49601,0,149,7,142,49,0,0,"['A' 'M' 'M' 'M' 'M' 'U' 'U' 'U' 'M' 'M' 'M' 'M' 'M' 'M' 'M' 'M' 'M' 'M'
 'A' 'M' 'U' 'M' 'M' 'M' 'A' 'M' 'M' 'A' 'M' 'M' 'M' 'M' 'M' 'M' 'M' 'U'
 'M' 'M' 'M' 'M' 'M' 'M' 'M' 'M' 'M' 'U' 'U' 'M' 'M' 'M' 'U' 'M' 'A' 'M'
 'U' 'M' 'M' 'M' 'M' 'M' 'M' 'M' 'M' 'U' 'M' 'U' 'M' 'M' 'M' 'M' 'U' 'M'
 'M' 'M' 'M' 'M' 'M' 'M' 'M' 'M' 'M' 'M' 'M' 'U' 'M' 'M' 'M' 'M' 'M' 'M'
 'M' 'M' 'U' 'U' 'M' 'M' 'M' 'M' 'M' 'M' 'U' 'U' 'M' 'M' 'U' 'U' 'U' 'M'
 'M' 'M' 'U' 'M' 'M' 'M' 'U' 'M' 'M' 'M' 'M' 'M' 'M' 'M' 'U' 'A' 'U' 'M'
 'M' 'M' 'M' 'M' 'M' 'U' 'U' 'U' 'U' 'U' 'U' 'M' 'U' 'U' 'M' 'M' 'M' 'M'
 'M' 'M' 'M' 'U' 'M' 'U' 'U' 'M' 'M' 'M' 'M' 'M' 'U' 'M' 'M' 'U' 'M' 'M'
 'U' 'M' 'M' 'U' 'U' 'M' 'M' 'M' 'U' 'M' 'U' 'M' 'M' 'M' 'M' 'M' 'M' 'M'
 'M' 'U' 'M' 'U' 'M' 'M' 'M' 'U' 'A' 'M' 'M' 'U' 'U' 'M' 'M' 'U' 'M' 'U']"
49701,0,151,6,145,47,0,1,"['A' 'M' 'M' 'M' 'M' 'U' 'U' 'U' 'M' 'M' 'M' 'M' 'M' 'M' 'M' 'M' 'M' 'M'
 'A' 'M' 'U' 'M' 'M' 'M' 'M' 'M' 'M' 'A' 'M' 'M' 'M' 'M' 'M' 'M' 'M' 'U'
 'M' 'M' 'M' 'M' 'M' 'U' 'M' 'M' 'M' 'U' 'U' 'M' 'M' 'M' 'U' 'M' 'A' 'M'
 'M' 'M' 'M' 'M' 'M' 'M' 'M' 'M' 'M' 'U' 'M' 'M' 'M' 'M' 'M' 'M' 'M' 'M'
 'M' 'M' 'M' 'U' 'M' 'M' 'U' 'U' 'U' 'M' 'M' 'M' 'M' 'M' 'M' 'M' 'M' 'M'
 'M' 'M' 'U' 'M' 'M' 'M' 'M' 'M' 'M' 'M' 'U' 'U' 'M' 'M' 'U' 'U' 'U' 'M'
 'M' 'M' 'U' 'M' 'M' 'M' 'M' 'M' 'M' 'U' 'M' 'M' 'M' 'M' 'U' 'A' 'U' 'M'
 'M' 'M' 'M' 'U' 'M' 'U' 'U' 'U' 'U' 'U' 'U' 'U' 'U' 'U' 'M' 'M' 'M' 'M'
 'M' 'M' 'M' 'U' 'M' 'M' 'U' 'M' 'M' 'M' 'M' 'M' 'U' 'U' 'U' 'U' 'M' 'M'
 'U' 'M' 'M' 'M' 'U' 'M' 'M' 'M' 'M' 'M' 'U' 'M' 'M' 'M' 'M' 'M' 'M' 'M'
 'M' 'M' 'M' 'M' 'M' 'M' 'M' 'U' 'A' 'M' 'M' 'U' 'U' 'M' 'M' 'U' 'M' 'M']"
49801,0,159,7,152,39,0,0,"['A' 'M' 'M' 'M' 'M' 'U' 'M' 'U' 'M' 'M' 'M' 'M' 'M' 'M' 'M' 'M' 'M' 'M'
 'A' 'M' 'U' 'M' 'M' 'M' 'M' 'U' 'M' 'A' 'M' 'M' 'M' 'M' 'M' 'M' 'M' 'A'
 'M' 'M' 'M' 'M' 'M' 'M' 'M' 'M' 'M' 'U' 'U' 'M' 'M' 'M' 'M' 'M' 'U' 'M'
 'M' 'M' 'M' 'M' 'M' 'M' 'U' 'M' 'M' 'U' 'M' 'M' 'U' 'M' 'U' 'M' 'M' 'M'
 'M' 'M' 'M' 'M' 'U' 'M' 'M' 'M' 'M' 'M' 'M' 'M' 'M' 'M' 'M' 'M' 'U' 'M'
 'M' 'M' 'M' 'M' 'U' 'M' 'U' 'M' 'M' 'M' 'M' 'U' 'M' 'M' 'M' 'U' 'U' 'M'
 'M' 'M' 'U' 'M' 'M' 'M' 'M' 'M' 'M' 'M' 'M' 'M' 'U' 'M' 'U' 'A' 'U' 'M'
 'M' 'M' 'M' 'M' 'M' 'U' 'U' 'U' 'U' 'M' 'U' 'U' 'U' 'M' 'M' 'M' 'M' 'M'
 'M' 'M' 'M' 'U' 'M' 'M' 'M' 'M' 'M' 'M' 'M' 'M' 'U' 'M' 'U' 'U' 'M' 'M'
 'U' 'M' 'M' 'M' 'M' 'M' 'M' 'M' 'M' 'M' 'U' 'M' 'M' 'M' 'M' 'M' 'M' 'M'
 'M' 'M' 'M' 'M' 'M' 'M' 'U' 'A' 'A' 'M' 'M' 'U' 'U' 'M' 'M' 'U' 'M' 'M']"
49901,0,161,6,155,37,1,0,"['A' 'M' 'M' 'M' 'M' 'U' 'M' 'M' 'M' 'M' 'M' 'M' 'M' 'M' 'M' 'M' 'M' 'M'
 'A' 'M' 'U' 'M' 'M' 'M' 'M' 'M' 'M' 'A' 'M' 'M' 'M' 'M' 'M' 'M' 'M' 'A'
 'M' 'M' 'M' 'M' 'M' 'M' 'M' 'M' 'M' 'U' 'U' 'M' 'M' 'M' 'M' 'M' 'U' 'M'
 'M' 'M' 'M' 'M' 'M' 'M' 'U' 'M' 'M' 'M' 'M' 'M' 'M' 'M' 'M' 'M' 'U' 'M'
 'M' 'M' 'M' 'M' 'M' 'M' 'M' 'U' 'M' 'M' 'U' 'M' 'M' 'M' 'M' 'M' 'M' 'M'
 'M' 'U' 'U' 'M' 'M' 'M' 'U' 'M' 'M' 'M' 'M' 'U' 'M' 'M' 'M' 'U' 'U' 'M'
 'M' 'M' 'U' 'M' 'M' 'M' 'M' 'M' 'M' 'U' 'M' 'M' 'M' 'M' 'U' 'A' 'U' 'M'
 'M' 'M' 'M' 'M' 'U' 'U' 'U' 'U' 'U' 'M' 'U' 'U' 'U' 'M' 'M' 'M' 'M' 'M'
 'M' 'M' 'M' 'U' 'M' 'M' 'M' 'M' 'A' 'U' 'M' 'M' 'U' 'M' 'U' 'U' 'M' 'M'
 'M' 'M' 'M' 'M' 'M' 'M' 'M' 'M' 'M' 'M' 'M' 'M' 'M' 'M' 'M' 'M' 'M' 'M'
 'M' 'M' 'M' 'M' 'M' 'M' 'U' 'U' 'U' 'M' 'M' 'U' 'U' 'M' 'M' 'M' 'M' 'M']"
50001,0,164,7,157,34,0,0,"['A' 'M' 'M' 'M' 'M' 'U' 'M' 'M' 'M' 'M' 'M' 'M' 'M' 'M' 'M' 'M' 'M' 'M'
 'A' 'M' 'M' 'M' 'M' 'M' 'M' 'M' 'M' 'A' 'M' 'M' 'M' 'M' 'U' 'M' 'M' 'A'
 'M' 'M' 'M' 'M' 'M' 'M' 'M' 'M' 'M' 'M' 'U' 'M' 'M' 'M' 'U' 'U' 'U' 'M'
 'M' 'U' 'M' 'M' 'M' 'M' 'A' 'M' 'M' 'M' 'M' 'M' 'M' 'M' 'M' 'M' 'M' 'U'
 'M' 'M' 'M' 'M' 'U' 'M' 'M' 'M' 'M' 'M' 'M' 'M' 'M' 'M' 'M' 'M' 'M' 'U'
 'M' 'U' 'U' 'M' 'M' 'M' 'U' 'M' 'M' 'M' 'M' 'M' 'M' 'M' 'M' 'U' 'U' 'M'
 'M' 'M' 'U' 'M' 'M' 'M' 'M' 'M' 'M' 'U' 'M' 'M' 'M' 'M' 'U' 'U' 'U' 'M'
 'M' 'M' 'M' 'M' 'U' 'M' 'U' 'U' 'M' 'U' 'M' 'A' 'U' 'M' 'M' 'M' 'M' 'M'
 'M' 'M' 'M' 'U' 'M' 'M' 'M' 'M' 'A' 'U' 'M' 'M' 'U' 'M' 'U' 'U' 'M' 'M'
 'M' 'M' 'M' 'M' 'M' 'M' 'M' 'M' 'M' 'M' 'M' 'M' 'M' 'M' 'M' 'M' 'U' 'M'
 'M' 'M' 'M' 'M' 'M' 'M' 'M' 'M' 'U' 'M' 'M' 'U' 'U' 'M' 'M' 'M' 'M' 'M']"
50101,0,162,6,156,36,0,0,"['A' 'M' 'M' 'M' 'M' 'U' 'M' 'M' 'M' 'M' 'U' 'M' 'M' 'M' 'M' 'M' 'M' 'M'
 'U' 'M' 'M' 'M' 'M' 'M' 'M' 'M' 'M' 'A' 'M' 'M' 'M' 'M' 'M' 'M' 'M' 'A'
 'M' 'M' 'M' 'M' 'M' 'M' 'M' 'U' 'M' 'M' 'M' 'M' 'M' 'M' 'U' 'M' 'U' 'M'
 'M' 'U' 'M' 'U' 'M' 'M' 'A' 'M' 'M' 'M' 'M' 'U' 'M' 'M' 'M' 'U' 'M' 'U'
 'M' 'M' 'M' 'U' 'M' 'M' 'M' 'M' 'M' 'M' 'M' 'M' 'M' 'U' 'M' 'M' 'M' 'M'
 'M' 'M' 'M' 'M' 'M' 'M' 'U' 'M' 'M' 'M' 'M' 'M' 'M' 'M' 'M' 'U' 'M' 'M'
 'M' 'M' 'U' 'M' 'M' 'M' 'M' 'M' 'U' 'M' 'M' 'M' 'M' 'M' 'U' 'M' 'U' 'M'
 'M' 'M' 'M' 'M' 'M' 'U' 'U' 'U' 'U' 'U' 'U' 'U' 'U' 'M' 'M' 'M' 'M' 'M'
 'M' 'M' 'M' 'U' 'M' 'M' 'M' 'U' 'A' 'U' 'M' 'M' 'A' 'M' 'U' 'U' 'M' 'M'
 'M' 'M' 'M' 'M' 'M' 'M' 'M' 'M' 'M' 'M' 'M' 'M' 'M' 'M' 'M' 'M' 'U' 'M'
 'M' 'M' 'M' 'M' 'M' 'M' 'U' 'M' 'U' 'M' 'M' 'M' 'M' 'M' 'M' 'M' 'U' 'M']"
50201,0,159,4,155,39,0,0,"['A' 'M' 'M' 'M' 'M' 'M' 'M' 'M' 'M' 'M' 'U' 'M' 'M' 'M' 'M' 'M' 'M' 'U'
 'U' 'M' 'M' 'M' 'M' 'U' 'U' 'M' 'M' 'U' 'M' 'M' 'M' 'M' 'M' 'M' 'M' 'A'
 'M' 'M' 'M' 'M' 'M' 'M' 'M' 'U' 'M' 'M' 'M' 'M' 'M' 'M' 'U' 'M' 'U' 'M'
 'M' 'U' 'U' 'U' 'M' 'M' 'A' 'M' 'M' 'M' 'M' 'M' 'M' 'M' 'M' 'M' 'M' 'M'
 'M' 'M' 'M' 'M' 'M' 'U' 'M' 'M' 'M' 'M' 'M' 'U' 'M' 'U' 'M' 'U' 'U' 'M'
 'M' 'M' 'M' 'M' 'M' 'M' 'M' 'M' 'M' 'U' 'U' 'M' 'M' 'M' 'M' 'M' 'M' 'M'
 'M' 'M' 'U' 'M' 'M' 'M' 'M' 'M' 'U' 'M' 'M' 'M' 'M' 'M' 'U' 'M' 'M' 'M'
 'M' 'M' 'M' 'M' 'M' 'U' 'M' 'U' 'U' 'U' 'U' 'U' 'U' 'M' 'M' 'M' 'M' 'M'
 'M' 'M' 'M' 'U' 'M' 'M' 'M' 'U' 'U' 'U' 'M' 'M' 'A' 'M' 'U' 'U' 'M' 'M'
 'M' 'M' 'M' 'M' 'M' 'M' 'M' 'M' 'M' 'M' 'M' 'M' 'M' 'M' 'M' 'M' 'U' 'M'
 'M' 'M' 'M' 'U' 'M' 'M' 'U' 'M' 'U' 'M' 'M' 'M' 'M' 'M' 'M' 'M' 'M' 'M']"
50301,1,154,3,151,44,0,0,"['A' 'M' 'M' 'M' 'M' 'M' 'M' 'M' 'M' 'M' 'M' 'M' 'M' 'M' 'M' 'M' 'M' 'M'
 'U' 'U' 'M' 'M' 'M' 'U' 'M' 'M' 'M' 'U' 'U' 'M' 'M' 'M' 'M' 'M' 'M' 'U'
 'M' 'M' 'M' 'M' 'M' 'M' 'M' 'U' 'M' 'M' 'M' 'M' 'M' 'M' 'U' 'M' 'M' 'M'
 'M' 'U' 'U' 'U' 'M' 'M' 'A' 'M' 'M' 'M' 'U' 'M' 'M' 'M' 'M' 'M' 'M' 'M'
 'M' 'U' 'M' 'M' 'M' 'U' 'U' 'M' 'M' 'M' 'M' 'M' 'M' 'M' 'U' 'M' 'M' 'M'
 'M' 'M' 'M' 'M' 'U' 'M' 'M' 'M' 'M' 'M' 'U' 'M' 'M' 'M' 'M' 'M' 'M' 'M'
 'M' 'M' 'U' 'M' 'M' 'M' 'M' 'U' 'U' 'M' 'M' 'M' 'M' 'M' 'M' 'M' 'U' 'M'
 'M' 'M' 'M' 'M' 'M' 'U' 'U' 'U' 'U' 'U' 'U' 'M' 'M' 'M' 'U' 'U' 'M' 'U'
 'M' 'M' 'M' 'U' 'M' 'U' 'M' 'U' 'U' 'U' 'M' 'M' 'A' 'M' 'U' 'U' 'M' 'M'
 'M' 'M' 'M' 'M' 'M' 'M' 'M' 'U' 'M' 'M' 'M' 'U' 'M' 'M' 'M' 'M' 'U' 'M'
 'M' 'M' 'M' 'U' 'M' 'M' 'U' 'M' 'U' 'M' 'M' 'M' 'M' 'M' 'M' 'M' 'M' 'M']"
50401,0,164,3,161,34,1,0,"['A' 'M' 'M' 'M' 'M' 'M' 'M' 'M' 'M' 'M' 'M' 'M' 'M' 'M' 'M' 'M' 'M' 'M'
 'M' 'U' 'M' 'M' 'M' 'U' 'M' 'M' 'M' 'U' 'M' 'M' 'M' 'M' 'M' 'M' 'M' 'U'
 'M' 'M' 'M' 'M' 'M' 'M' 'M' 'M' 'M' 'M' 'M' 'M' 'M' 'M' 'U' 'M' 'M' 'M'
 'M' 'U' 'M' 'U' 'M' 'M' 'A' 'M' 'M' 'M' 'U' 'U' 'U' 'M' 'M' 'M' 'U' 'U'
 'M' 'M' 'U' 'M' 'M' 'M' 'M' 'M' 'M' 'M' 'M' 'M' 'M' 'M' 'M' 'M' 'M' 'M'
 'M' 'M' 'M' 'M' 'M' 'M' 'M' 'M' 'U' 'M' 'U' 'M' 'M' 'M' 'M' 'M' 'M' 'M'
 'M' 'M' 'U' 'M' 'M' 'M' 'M' 'M' 'U' 'M' 'M' 'M' 'M' 'M' 'M' 'M' 'U' 'M'
 'M' 'M' 'M' 'M' 'M' 'M' 'U' 'M' 'M' 'U' 'U' 'U' 'U' 'M' 'U' 'M' 'M' 'U'
 'M' 'M' 'M' 'U' 'M' 'M' 'M' 'U' 'M' 'U' 'M' 'M' 'A' 'M' 'M' 'U' 'M' 'M'
 'U' 'M' 'M' 'M' 'M' 'M' 'M' 'M' 'M' 'M' 'M' 'U' 'M' 'M' 'M' 'M' 'U' 'U'
 'M' 'M' 'M' 'M' 'M' 'M' 'M' 'M' 'U' 'M' 'M' 'M' 'M' 'M' 'M' 'M' 'M' 'M']"
50501,0,157,3,154,41,0,0,"['A' 'M' 'M' 'M' 'M' 'M' 'M' 'M' 'U' 'M' 'M' 'M' 'M' 'M' 'M' 'M' 'M' 'U'
 'M' 'U' 'M' 'M' 'M' 'U' 'M' 'M' 'M' 'U' 'M' 'M' 'M' 'U' 'M' 'M' 'M' 'M'
 'M' 'M' 'M' 'M' 'M' 'M' 'M' 'M' 'M' 'M' 'M' 'M' 'M' 'M' 'U' 'M' 'M' 'M'
 'M' 'U' 'M' 'U' 'M' 'M' 'A' 'M' 'M' 'M' 'M' 'M' 'M' 'U' 'M' 'M' 'M' 'M'
 'U' 'M' 'M' 'M' 'M' 'M' 'M' 'M' 'U' 'M' 'M' 'M' 'M' 'M' 'M' 'M' 'U' 'M'
 'M' 'U' 'M' 'M' 'M' 'M' 'M' 'M' 'U' 'M' 'U' 'M' 'M' 'M' 'M' 'M' 'M' 'M'
 'M' 'M' 'U' 'M' 'M' 'U' 'M' 'M' 'U' 'M' 'M' 'U' 'M' 'M' 'M' 'M' 'U' 'M'
 'M' 'M' 'M' 'M' 'M' 'M' 'M' 'U' 'U' 'U' 'U' 'U' 'U' 'M' 'U' 'M' 'M' 'U'
 'M' 'M' 'M' 'M' 'M' 'M' 'M' 'U' 'U' 'U' 'U' 'M' 'A' 'M' 'M' 'U' 'M' 'M'
 'U' 'M' 'M' 'U' 'M' 'M' 'M' 'M' 'M' 'M' 'M' 'U' 'M' 'M' 'M' 'M' 'U' 'U'
 'M' 'M' 'M' 'M' 'M' 'M' 'M' 'M' 'U' 'M' 'M' 'M' 'M' 'M' 'M' 'M' 'M' 'U']"
50601,0,161,2,159,37,0,1,"['A' 'M' 'M' 'M' 'M' 'U' 'M' 'M' 'U' 'M' 'M' 'M' 'U' 'M' 'M' 'U' 'M' 'U'
 'M' 'U' 'M' 'M' 'M' 'U' 'M' 'U' 'U' 'M' 'M' 'U' 'M' 'M' 'M' 'M' 'M' 'M'
 'M' 'M' 'M' 'M' 'U' 'M' 'M' 'M' 'M' 'M' 'M' 'M' 'M' 'M' 'U' 'M' 'M' 'M'
 'M' 'A' 'M' 'M' 'M' 'M' 'U' 'M' 'M' 'M' 'M' 'M' 'M' 'M' 'M' 'M' 'M' 'M'
 'M' 'M' 'M' 'M' 'M' 'M' 'U' 'M' 'U' 'M' 'U' 'M' 'M' 'M' 'M' 'M' 'M' 'M'
 'M' 'M' 'U' 'M' 'U' 'M' 'M' 'M' 'U' 'M' 'M' 'M' 'M' 'M' 'M' 'M' 'M' 'M'
 'M' 'M' 'M' 'M' 'M' 'M' 'M' 'M' 'M' 'M' 'M' 'U' 'M' 'M' 'U' 'M' 'U' 'M'
 'M' 'M' 'M' 'M' 'M' 'M' 'M' 'M' 'M' 'U' 'U' 'U' 'U' 'M' 'M' 'M' 'M' 'U'
 'M' 'M' 'M' 'M' 'M' 'M' 'M' 'U' 'U' 'M' 'M' 'M' 'U' 'M' 'M' 'M' 'M' 'M'
 'M' 'M' 'M' 'U' 'M' 'M' 'M' 'M' 'M' 'U' 'M' 'U' 'M' 'M' 'M' 'M' 'U' 'U'
 'M' 'M' 'M' 'M' 'M' 'M' 'M' 'M' 'U' 'M' 'M' 'M' 'M' 'M' 'M' 'M' 'M' 'U']"
50701,0,158,3,155,40,0,0,"['A' 'M' 'M' 'M' 'M' 'U' 'M' 'M' 'U' 'M' 'M' 'M' 'U' 'M' 'M' 'U' 'M' 'M'
 'M' 'U' 'M' 'M' 'M' 'U' 'M' 'U' 'U' 'U' 'M' 'U' 'M' 'M' 'M' 'M' 'M' 'M'
 'M' 'M' 'M' 'M' 'U' 'M' 'M' 'M' 'M' 'M' 'M' 'M' 'M' 'M' 'U' 'M' 'M' 'M'
 'M' 'A' 'M' 'M' 'M' 'U' 'M' 'U' 'M' 'M' 'M' 'M' 'M' 'U' 'M' 'U' 'M' 'U'
 'M' 'M' 'U' 'M' 'M' 'M' 'M' 'M' 'M' 'M' 'M' 'M' 'M' 'M' 'M' 'M' 'U' 'M'
 'M' 'M' 'M' 'M' 'M' 'M' 'M' 'M' 'U' 'M' 'M' 'M' 'M' 'M' 'M' 'M' 'M' 'U'
 'M' 'M' 'M' 'M' 'M' 'M' 'M' 'M' 'M' 'M' 'M' 'U' 'M' 'M' 'U' 'M' 'U' 'M'
 'U' 'M' 'M' 'M' 'M' 'M' 'M' 'M' 'M' 'U' 'U' 'U' 'U' 'M' 'M' 'M' 'M' 'U'
 'M' 'M' 'M' 'M' 'M' 'M' 'M' 'U' 'U' 'M' 'M' 'M' 'U' 'M' 'M' 'M' 'M' 'M'
 'M' 'M' 'M' 'U' 'M' 'M' 'M' 'M' 'M' 'U' 'M' 'U' 'M' 'M' 'M' 'M' 'U' 'A'
 'M' 'M' 'M' 'M' 'M' 'M' 'U' 'M' 'U' 'M' 'M' 'M' 'M' 'M' 'M' 'M' 'M' 'U']"
50801,0,163,3,160,35,0,0,"['A' 'M' 'M' 'M' 'M' 'U' 'M' 'M' 'U' 'M' 'M' 'M' 'U' 'M' 'M' 'M' 'M' 'M'
 'M' 'U' 'M' 'M' 'M' 'U' 'M' 'U' 'U' 'U' 'M' 'M' 'M' 'M' 'M' 'M' 'M' 'M'
 'M' 'U' 'M' 'M' 'U' 'M' 'M' 'M' 'M' 'M' 'M' 'M' 'M' 'M' 'U' 'M' 'U' 'M'
 'M' 'A' 'M' 'M' 'M' 'U' 'M' 'U' 'M' 'M' 'M' 'M' 'M' 'U' 'M' 'U' 'M' 'M'
 'M' 'M' 'M' 'U' 'M' 'M' 'M' 'M' 'M' 'M' 'M' 'M' 'M' 'M' 'M' 'M' 'M' 'M'
 'M' 'M' 'U' 'U' 'M' 'M' 'M' 'M' 'U' 'M' 'M' 'M' 'M' 'M' 'M' 'M' 'M' 'M'
 'M' 'M' 'M' 'M' 'M' 'M' 'M' 'M' 'M' 'M' 'M' 'U' 'M' 'M' 'M' 'M' 'U' 'M'
 'U' 'M' 'M' 'M' 'M' 'M' 'M' 'M' 'M' 'M' 'U' 'M' 'U' 'M' 'M' 'M' 'M' 'M'
 'M' 'U' 'M' 'M' 'M' 'M' 'M' 'U' 'U' 'M' 'M' 'M' 'M' 'M' 'M' 'M' 'M' 'M'
 'M' 'M' 'M' 'U' 'M' 'M' 'M' 'M' 'M' 'U' 'M' 'U' 'M' 'M' 'M' 'M' 'U' 'A'
 'M' 'M' 'M' 'M' 'M' 'M' 'U' 'M' 'M' 'U' 'M' 'M' 'M' 'M' 'M' 'M' 'M' 'U']"
50901,0,165,4,161,33,0,0,"['A' 'M' 'M' 'M' 'M' 'U' 'M' 'M' 'U' 'M' 'M' 'M' 'U' 'M' 'M' 'M' 'M' 'M'
 'M' 'M' 'M' 'M' 'U' 'U' 'M' 'U' 'U' 'U' 'M' 'M' 'M' 'M' 'M' 'M' 'M' 'M'
 'U' 'U' 'M' 'M' 'M' 'M' 'U' 'M' 'M' 'M' 'M' 'M' 'M' 'M' 'U' 'M' 'M' 'M'
 'M' 'A' 'M' 'M' 'M' 'U' 'M' 'U' 'M' 'M' 'M' 'M' 'M' 'U' 'M' 'M' 'M' 'M'
 'M' 'M' 'M' 'M' 'M' 'M' 'M' 'M' 'U' 'M' 'M' 'M' 'M' 'M' 'M' 'M' 'M' 'M'
 'U' 'U' 'U' 'M' 'M' 'M' 'M' 'M' 'U' 'M' 'M' 'M' 'M' 'M' 'M' 'M' 'M' 'M'
 'M' 'M' 'M' 'M' 'M' 'M' 'M' 'M' 'M' 'M' 'M' 'U' 'M' 'M' 'M' 'M' 'U' 'M'
 'U' 'M' 'M' 'M' 'U' 'M' 'M' 'M' 'M' 'M' 'M' 'M' 'M' 'M' 'M' 'M' 'M' 'M'
 'M' 'U' 'M' 'M' 'M' 'M' 'M' 'U' 'U' 'M' 'M' 'U' 'M' 'M' 'M' 'M' 'M' 'M'
 'M' 'M' 'M' 'U' 'M' 'M' 'M' 'M' 'M' 'M' 'M' 'U' 'M' 'M' 'M' 'M' 'U' 'A'
 'M' 'M' 'M' 'M' 'M' 'M' 'U' 'M' 'M' 'U' 'M' 'M' 'M' 'M' 'M' 'M' 'M' 'A']"
51001,0,166,5,161,32,0,0,"['A' 'M' 'M' 'M' 'M' 'U' 'M' 'M' 'U' 'M' 'M' 'M' 'U' 'M' 'M' 'M' 'M' 'M'
 'M' 'M' 'M' 'M' 'U' 'U' 'M' 'U' 'U' 'U' 'M' 'M' 'M' 'M' 'M' 'M' 'M' 'M'
 'U' 'U' 'M' 'M' 'M' 'M' 'U' 'M' 'U' 'M' 'M' 'M' 'M' 'M' 'U' 'M' 'M' 'M'
 'M' 'A' 'M' 'U' 'M' 'U' 'M' 'A' 'M' 'M' 'M' 'M' 'M' 'M' 'M' 'M' 'U' 'M'
 'M' 'M' 'M' 'M' 'M' 'M' 'M' 'M' 'U' 'M' 'U' 'M' 'M' 'U' 'M' 'M' 'M' 'M'
 'U' 'M' 'M' 'M' 'M' 'M' 'M' 'M' 'M' 'M' 'M' 'M' 'M' 'M' 'M' 'M' 'M' 'M'
 'M' 'M' 'M' 'M' 'M' 'M' 'U' 'M' 'M' 'M' 'M' 'M' 'M' 'M' 'M' 'M' 'U' 'U'
 'M' 'M' 'M' 'M' 'U' 'M' 'M' 'M' 'M' 'M' 'M' 'M' 'M' 'M' 'A' 'M' 'M' 'M'
 'M' 'U' 'M' 'M' 'M' 'M' 'M' 'M' 'U' 'M' 'M' 'U' 'M' 'M' 'M' 'M' 'M' 'M'
 'M' 'M' 'M' 'U' 'M' 'M' 'M' 'M' 'M' 'M' 'M' 'M' 'M' 'M' 'M' 'M' 'M' 'A'
 'M' 'M' 'M' 'M' 'M' 'M' 'U' 'M' 'M' 'U' 'M' 'M' 'M' 'M' 'M' 'U' 'M' 'U']"
51101,0,170,4,166,28,1,0,"['A' 'M' 'M' 'M' 'M' 'U' 'M' 'M' 'M' 'M' 'M' 'M' 'U' 'M' 'M' 'M' 'M' 'M'
 'M' 'M' 'M' 'M' 'M' 'U' 'M' 'U' 'U' 'U' 'M' 'M' 'M' 'M' 'M' 'M' 'M' 'M'
 'M' 'U' 'M' 'M' 'M' 'M' 'U' 'M' 'U' 'M' 'M' 'M' 'M' 'M' 'U' 'M' 'M' 'M'
 'M' 'A' 'M' 'U' 'M' 'M' 'M' 'A' 'M' 'M' 'M' 'M' 'M' 'M' 'M' 'U' 'M' 'M'
 'M' 'M' 'M' 'U' 'M' 'M' 'M' 'M' 'M' 'M' 'M' 'M' 'M' 'M' 'M' 'M' 'U' 'M'
 'M' 'U' 'M' 'M' 'U' 'M' 'M' 'M' 'M' 'U' 'M' 'M' 'M' 'M' 'M' 'M' 'M' 'M'
 'M' 'M' 'M' 'M' 'M' 'M' 'U' 'U' 'M' 'M' 'M' 'M' 'M' 'M' 'M' 'M' 'U' 'U'
 'M' 'M' 'M' 'M' 'U' 'M' 'M' 'M' 'M' 'M' 'M' 'M' 'M' 'M' 'A' 'M' 'M' 'M'
 'M' 'M' 'M' 'M' 'M' 'M' 'M' 'M' 'U' 'M' 'M' 'M' 'U' 'M' 'M' 'M' 'M' 'M'
 'M' 'M' 'M' 'U' 'M' 'M' 'M' 'M' 'M' 'M' 'M' 'M' 'M' 'M' 'M' 'M' 'M' 'U'
 'M' 'M' 'M' 'M' 'M' 'M' 'U' 'M' 'M' 'M' 'M' 'M' 'M' 'M' 'M' 'M' 'M' 'U']"
51201,0,168,2,166,30,0,0,"['A' 'M' 'M' 'M' 'M' 'U' 'M' 'M' 'M' 'M' 'M' 'M' 'U' 'M' 'M' 'M' 'M' 'M'
 'M' 'M' 'M' 'M' 'M' 'U' 'M' 'U' 'U' 'U' 'M' 'M' 'M' 'M' 'M' 'M' 'M' 'M'
 'M' 'U' 'M' 'M' 'M' 'M' 'U' 'M' 'U' 'M' 'M' 'M' 'M' 'M' 'U' 'M' 'M' 'M'
 'M' 'U' 'M' 'U' 'M' 'M' 'M' 'U' 'M' 'M' 'M' 'M' 'M' 'M' 'M' 'U' 'M' 'M'
 'M' 'M' 'M' 'M' 'M' 'M' 'M' 'M' 'U' 'U' 'M' 'M' 'M' 'U' 'M' 'M' 'M' 'U'
 'M' 'M' 'M' 'M' 'M' 'M' 'M' 'M' 'M' 'M' 'M' 'M' 'M' 'M' 'M' 'M' 'M' 'M'
 'M' 'M' 'M' 'M' 'M' 'M' 'U' 'U' 'M' 'M' 'M' 'M' 'U' 'M' 'M' 'M' 'U' 'M'
 'M' 'M' 'M' 'M' 'U' 'M' 'M' 'M' 'M' 'M' 'M' 'M' 'M' 'M' 'A' 'M' 'M' 'M'
 'M' 'M' 'M' 'M' 'M' 'M' 'M' 'M' 'U' 'M' 'M' 'M' 'U' 'M' 'M' 'M' 'M' 'M'
 'M' 'M' 'M' 'U' 'M' 'M' 'M' 'M' 'M' 'M' 'M' 'M' 'M' 'M' 'U' 'M' 'M' 'U'
 'M' 'M' 'M' 'M' 'M' 'M' 'U' 'M' 'M' 'M' 'M' 'M' 'M' 'M' 'M' 'M' 'M' 'U']"
51301,0,166,2,164,32,0,0,"['A' 'U' 'M' 'M' 'M' 'M' 'M' 'M' 'M' 'M' 'M' 'M' 'U' 'M' 'M' 'M' 'M' 'M'
 'M' 'M' 'M' 'M' 'M' 'U' 'M' 'U' 'U' 'U' 'M' 'M' 'M' 'M' 'M' 'M' 'M' 'M'
 'M' 'U' 'M' 'M' 'M' 'M' 'U' 'M' 'U' 'M' 'M' 'M' 'M' 'M' 'U' 'M' 'M' 'M'
 'M' 'U' 'M' 'M' 'M' 'M' 'M' 'M' 'M' 'M' 'M' 'U' 'M' 'M' 'M' 'M' 'M' 'M'
 'U' 'U' 'M' 'U' 'M' 'M' 'M' 'M' 'M' 'M' 'M' 'M' 'M' 'M' 'M' 'M' 'M' 'M'
 'M' 'M' 'U' 'M' 'M' 'M' 'M' 'M' 'M' 'M' 'M' 'M' 'M' 'M' 'M' 'U' 'M' 'M'
 'M' 'U' 'M' 'M' 'M' 'M' 'M' 'U' 'M' 'M' 'M' 'M' 'U' 'M' 'M' 'M' 'M' 'M'
 'M' 'M' 'M' 'M' 'M' 'U' 'U' 'U' 'U' 'U' 'U' 'U' 'U' 'M' 'A' 'M' 'M' 'M'
 'M' 'M' 'M' 'M' 'M' 'M' 'M' 'M' 'U' 'M' 'M' 'M' 'U' 'M' 'M' 'M' 'M' 'M'
 'M' 'M' 'M' 'M' 'M' 'M' 'M' 'M' 'M' 'M' 'M' 'M' 'M' 'M' 'U' 'M' 'M' 'M'
 'M' 'M' 'M' 'M' 'M' 'M' 'U' 'M' 'M' 'M' 'M' 'M' 'M' 'M' 'M' 'M' 'M' 'M']"
51401,0,168,3,165,30,0,0,"['A' 'U' 'M' 'M' 'M' 'M' 'U' 'M' 'M' 'M' 'M' 'M' 'U' 'M' 'U' 'M' 'M' 'M'
 'M' 'M' 'M' 'M' 'M' 'U' 'M' 'M' 'U' 'U' 'M' 'M' 'M' 'M' 'M' 'M' 'M' 'M'
 'M' 'M' 'M' 'M' 'M' 'M' 'M' 'M' 'U' 'M' 'M' 'M' 'M' 'M' 'U' 'M' 'M' 'M'
 'M' 'U' 'U' 'M' 'M' 'M' 'M' 'M' 'M' 'M' 'M' 'M' 'M' 'M' 'M' 'U' 'M' 'M'
 'U' 'U' 'M' 'M' 'M' 'M' 'M' 'U' 'M' 'M' 'M' 'M' 'M' 'U' 'M' 'M' 'M' 'M'
 'M' 'M' 'M' 'M' 'M' 'M' 'M' 'M' 'M' 'M' 'M' 'M' 'M' 'M' 'M' 'U' 'M' 'M'
 'M' 'U' 'M' 'M' 'M' 'M' 'M' 'M' 'M' 'M' 'M' 'M' 'U' 'M' 'M' 'M' 'M' 'M'
 'M' 'M' 'M' 'M' 'M' 'U' 'M' 'U' 'U' 'U' 'U' 'U' 'U' 'M' 'A' 'M' 'M' 'M'
 'M' 'M' 'M' 'M' 'M' 'M' 'M' 'M' 'M' 'M' 'M' 'M' 'M' 'M' 'U' 'M' 'M' 'M'
 'M' 'M' 'M' 'M' 'M' 'M' 'M' 'M' 'M' 'M' 'M' 'M' 'M' 'U' 'A' 'M' 'M' 'M'
 'M' 'U' 'M' 'M' 'M' 'M' 'U' 'M' 'M' 'M' 'M' 'M' 'M' 'M' 'M' 'M' 'M' 'M']"
51501,0,166,3,163,32,0,0,"['A' 'M' 'M' 'M' 'M' 'M' 'U' 'M' 'M' 'A' 'U' 'M' 'U' 'M' 'M' 'M' 'M' 'M'
 'M' 'M' 'M' 'M' 'M' 'U' 'U' 'M' 'U' 'U' 'M' 'M' 'M' 'M' 'M' 'M' 'M' 'M'
 'M' 'M' 'M' 'M' 'M' 'M' 'M' 'M' 'U' 'M' 'M' 'M' 'M' 'M' 'M' 'M' 'M' 'M'
 'M' 'U' 'U' 'M' 'M' 'M' 'M' 'M' 'M' 'M' 'M' 'M' 'U' 'M' 'M' 'U' 'M' 'M'
 'M' 'U' 'M' 'M' 'M' 'M' 'M' 'U' 'M' 'M' 'M' 'M' 'M' 'M' 'M' 'M' 'U' 'M'
 'M' 'M' 'M' 'M' 'M' 'M' 'M' 'M' 'M' 'M' 'M' 'M' 'M' 'M' 'M' 'U' 'M' 'M'
 'M' 'M' 'M' 'M' 'M' 'M' 'M' 'M' 'M' 'M' 'M' 'M' 'U' 'M' 'M' 'M' 'M' 'M'
 'M' 'M' 'M' 'M' 'M' 'U' 'U' 'U' 'U' 'U' 'U' 'U' 'U' 'M' 'A' 'M' 'M' 'M'
 'M' 'M' 'M' 'M' 'M' 'M' 'M' 'M' 'M' 'M' 'M' 'M' 'M' 'M' 'U' 'M' 'M' 'M'
 'M' 'M' 'M' 'M' 'M' 'M' 'M' 'M' 'M' 'M' 'M' 'U' 'M' 'M' 'U' 'M' 'M' 'M'
 'M' 'U' 'M' 'M' 'M' 'M' 'U' 'M' 'M' 'M' 'M' 'M' 'M' 'M' 'U' 'U' 'M' 'M']"
51601,0,168,3,165,30,0,0,"['A' 'M' 'M' 'M' 'M' 'M' 'U' 'M' 'M' 'A' 'U' 'M' 'U' 'M' 'M' 'U' 'M' 'M'
 'M' 'M' 'M' 'M' 'M' 'M' 'U' 'M' 'M' 'U' 'M' 'M' 'M' 'M' 'M' 'M' 'M' 'M'
 'M' 'M' 'M' 'M' 'M' 'U' 'M' 'M' 'U' 'M' 'M' 'M' 'M' 'M' 'M' 'M' 'M' 'M'
 'M' 'M' 'U' 'M' 'M' 'U' 'M' 'M' 'M' 'M' 'M' 'U' 'M' 'M' 'M' 'M' 'M' 'M'
 'M' 'M' 'U' 'M' 'M' 'U' 'U' 'M' 'M' 'M' 'M' 'M' 'M' 'M' 'M' 'M' 'M' 'M'
 'M' 'M' 'U' 'M' 'M' 'M' 'M' 'M' 'M' 'M' 'M' 'M' 'M' 'M' 'M' 'U' 'M' 'M'
 'M' 'M' 'M' 'M' 'M' 'M' 'M' 'M' 'M' 'M' 'M' 'M' 'M' 'M' 'M' 'M' 'M' 'M'
 'M' 'M' 'M' 'M' 'M' 'M' 'U' 'U' 'U' 'U' 'U' 'U' 'U' 'M' 'A' 'M' 'M' 'M'
 'M' 'U' 'M' 'M' 'M' 'M' 'M' 'M' 'M' 'M' 'M' 'M' 'M' 'M' 'M' 'M' 'M' 'M'
 'U' 'M' 'M' 'M' 'M' 'M' 'M' 'M' 'M' 'M' 'M' 'U' 'M' 'M' 'U' 'M' 'M' 'M'
 'M' 'U' 'M' 'M' 'M' 'M' 'U' 'M' 'M' 'M' 'M' 'M' 'M' 'M' 'M' 'U' 'M' 'M']"
51701,0,169,2,167,29,0,0,"['A' 'M' 'M' 'M' 'M' 'M' 'U' 'M' 'M' 'M' 'U' 'M' 'U' 'M' 'M' 'M' 'M' 'M'
 'M' 'M' 'M' 'M' 'M' 'M' 'U' 'M' 'M' 'U' 'M' 'M' 'M' 'M' 'M' 'M' 'M' 'M'
 'M' 'M' 'M' 'M' 'M' 'U' 'M' 'M' 'U' 'M' 'M' 'U' 'M' 'M' 'M' 'M' 'M' 'M'
 'M' 'M' 'U' 'M' 'M' 'U' 'M' 'M' 'M' 'M' 'M' 'U' 'M' 'M' 'M' 'M' 'U' 'M'
 'M' 'M' 'M' 'M' 'M' 'U' 'M' 'M' 'M' 'M' 'U' 'M' 'M' 'M' 'M' 'M' 'M' 'M'
 'M' 'M' 'U' 'M' 'M' 'M' 'M' 'M' 'M' 'M' 'M' 'M' 'M' 'M' 'M' 'U' 'M' 'M'
 'M' 'U' 'M' 'M' 'M' 'M' 'M' 'M' 'M' 'M' 'M' 'M' 'M' 'M' 'M' 'M' 'M' 'M'
 'U' 'M' 'M' 'M' 'M' 'M' 'U' 'M' 'U' 'M' 'U' 'U' 'U' 'M' 'A' 'M' 'M' 'M'
 'M' 'U' 'M' 'M' 'M' 'M' 'M' 'M' 'M' 'M' 'M' 'M' 'M' 'M' 'M' 'M' 'M' 'M'
 'U' 'M' 'M' 'M' 'M' 'M' 'M' 'M' 'M' 'M' 'M' 'U' 'M' 'M' 'U' 'M' 'M' 'M'
 'M' 'U' 'M' 'M' 'M' 'M' 'M' 'M' 'M' 'M' 'M' 'M' 'M' 'M' 'M' 'U' 'M' 'M']"
51801,0,170,2,168,28,0,0,"['A' 'M' 'M' 'M' 'M' 'M' 'U' 'M' 'U' 'M' 'A' 'M' 'U' 'M' 'M' 'U' 'M' 'M'
 'U' 'M' 'M' 'M' 'M' 'M' 'U' 'M' 'M' 'M' 'M' 'M' 'M' 'U' 'M' 'M' 'M' 'M'
 'M' 'M' 'M' 'M' 'M' 'M' 'M' 'M' 'M' 'M' 'M' 'U' 'M' 'M' 'M' 'M' 'M' 'M'
 'M' 'U' 'U' 'M' 'M' 'U' 'M' 'M' 'U' 'M' 'M' 'M' 'M' 'M' 'M' 'M' 'U' 'M'
 'M' 'M' 'M' 'M' 'M' 'M' 'M' 'U' 'U' 'U' 'M' 'M' 'U' 'M' 'M' 'M' 'M' 'M'
 'M' 'M' 'M' 'M' 'M' 'M' 'M' 'M' 'M' 'M' 'M' 'M' 'M' 'M' 'M' 'U' 'M' 'M'
 'M' 'M' 'M' 'M' 'M' 'M' 'M' 'M' 'M' 'M' 'M' 'M' 'M' 'M' 'M' 'M' 'M' 'M'
 'U' 'M' 'M' 'M' 'M' 'U' 'M' 'M' 'M' 'M' 'U' 'U' 'U' 'M' 'U' 'M' 'M' 'M'
 'M' 'U' 'M' 'M' 'M' 'M' 'M' 'M' 'M' 'M' 'M' 'M' 'M' 'M' 'M' 'M' 'M' 'M'
 'U' 'M' 'M' 'M' 'M' 'M' 'M' 'M' 'M' 'M' 'M' 'M' 'M' 'M' 'U' 'M' 'M' 'M'
 'M' 'U' 'M' 'M' 'M' 'M' 'M' 'M' 'M' 'M' 'M' 'M' 'M' 'M' 'M' 'M' 'M' 'M']"
51901,0,171,1,170,27,0,0,"['A' 'M' 'M' 'M' 'M' 'M' 'M' 'M' 'U' 'U' 'U' 'M' 'U' 'M' 'M' 'M' 'M' 'M'
 'M' 'M' 'M' 'M' 'M' 'M' 'M' 'M' 'U' 'M' 'M' 'M' 'M' 'U' 'M' 'M' 'M' 'M'
 'M' 'M' 'M' 'M' 'M' 'M' 'M' 'M' 'M' 'M' 'M' 'U' 'M' 'M' 'M' 'M' 'M' 'M'
 'M' 'U' 'U' 'M' 'M' 'U' 'M' 'M' 'U' 'M' 'M' 'M' 'U' 'M' 'M' 'M' 'M' 'M'
 'M' 'U' 'M' 'M' 'M' 'M' 'M' 'U' 'M' 'M' 'M' 'M' 'M' 'U' 'M' 'M' 'M' 'M'
 'U' 'M' 'M' 'M' 'M' 'M' 'M' 'U' 'M' 'M' 'M' 'M' 'M' 'M' 'M' 'M' 'M' 'M'
 'M' 'M' 'M' 'M' 'M' 'M' 'M' 'M' 'M' 'M' 'M' 'M' 'M' 'M' 'M' 'M' 'M' 'M'
 'U' 'M' 'M' 'M' 'M' 'M' 'M' 'M' 'M' 'U' 'U' 'U' 'M' 'M' 'M' 'U' 'M' 'M'
 'M' 'U' 'M' 'M' 'M' 'M' 'M' 'M' 'M' 'M' 'M' 'M' 'M' 'M' 'M' 'M' 'M' 'M'
 'U' 'U' 'M' 'M' 'M' 'M' 'M' 'M' 'M' 'M' 'M' 'M' 'M' 'M' 'M' 'M' 'M' 'M'
 'M' 'U' 'M' 'M' 'M' 'M' 'M' 'U' 'M' 'M' 'M' 'M' 'M' 'M' 'M' 'M' 'M' 'M']"
52001,0,167,1,166,31,0,0,"['A' 'M' 'M' 'M' 'M' 'M' 'M' 'M' 'U' 'U' 'U' 'M' 'U' 'M' 'M' 'M' 'M' 'U'
 'M' 'M' 'M' 'M' 'M' 'M' 'M' 'M' 'M' 'M' 'M' 'M' 'M' 'U' 'M' 'M' 'M' 'M'
 'M' 'M' 'M' 'M' 'M' 'M' 'M' 'M' 'M' 'M' 'M' 'U' 'M' 'M' 'M' 'M' 'M' 'M'
 'M' 'U' 'M' 'M' 'M' 'U' 'U' 'M' 'U' 'M' 'M' 'M' 'M' 'U' 'M' 'M' 'M' 'U'
 'M' 'U' 'U' 'M' 'M' 'M' 'M' 'M' 'M' 'M' 'M' 'M' 'M' 'U' 'M' 'M' 'M' 'M'
 'M' 'M' 'M' 'M' 'M' 'M' 'M' 'M' 'M' 'M' 'U' 'M' 'M' 'M' 'M' 'M' 'M' 'M'
 'M' 'M' 'M' 'M' 'M' 'M' 'M' 'M' 'M' 'M' 'M' 'M' 'M' 'M' 'M' 'M' 'M' 'M'
 'U' 'M' 'M' 'M' 'M' 'M' 'M' 'M' 'M' 'U' 'U' 'U' 'M' 'M' 'M' 'U' 'M' 'M'
 'M' 'U' 'M' 'M' 'M' 'M' 'M' 'M' 'M' 'M' 'M' 'M' 'M' 'M' 'M' 'M' 'M' 'M'
 'U' 'U' 'U' 'M' 'M' 'M' 'M' 'M' 'U' 'M' 'U' 'M' 'M' 'M' 'M' 'U' 'M' 'M'
 'M' 'U' 'M' 'M' 'M' 'M' 'M' 'U' 'M' 'M' 'M' 'M' 'M' 'M' 'M' 'M' 'M' 'M']"
52101,0,168,2,166,30,0,0,"['A' 'M' 'M' 'M' 'U' 'M' 'M' 'U' 'U' 'U' 'M' 'M' 'M' 'M' 'M' 'M' 'M' 'U'
 'M' 'U' 'M' 'M' 'M' 'M' 'M' 'M' 'M' 'M' 'M' 'M' 'M' 'M' 'M' 'M' 'M' 'M'
 'M' 'M' 'M' 'M' 'M' 'M' 'M' 'M' 'M' 'U' 'M' 'M' 'M' 'M' 'M' 'M' 'M' 'M'
 'M' 'M' 'M' 'M' 'M' 'U' 'U' 'M' 'U' 'M' 'M' 'M' 'M' 'M' 'M' 'M' 'M' 'U'
 'M' 'M' 'M' 'M' 'M' 'M' 'M' 'U' 'M' 'M' 'M' 'M' 'M' 'M' 'M' 'M' 'M' 'M'
 'M' 'U' 'U' 'U' 'M' 'M' 'M' 'M' 'M' 'M' 'A' 'U' 'M' 'M' 'M' 'M' 'M' 'M'
 'U' 'M' 'M' 'M' 'M' 'M' 'M' 'M' 'M' 'M' 'M' 'M' 'M' 'M' 'M' 'M' 'M' 'M'
 'U' 'M' 'M' 'M' 'U' 'M' 'M' 'M' 'M' 'U' 'M' 'U' 'M' 'M' 'M' 'M' 'M' 'M'
 'M' 'U' 'M' 'M' 'M' 'M' 'M' 'M' 'M' 'M' 'M' 'M' 'M' 'M' 'M' 'M' 'M' 'M'
 'U' 'M' 'U' 'M' 'M' 'M' 'M' 'M' 'U' 'M' 'U' 'M' 'U' 'M' 'M' 'U' 'M' 'M'
 'M' 'M' 'M' 'M' 'M' 'M' 'M' 'U' 'U' 'M' 'M' 'M' 'M' 'M' 'M' 'M' 'M' 'M']"
52201,0,168,4,164,30,0,0,"['A' 'M' 'M' 'U' 'U' 'M' 'M' 'M' 'M' 'M' 'M' 'M' 'M' 'M' 'M' 'M' 'M' 'U'
 'M' 'U' 'M' 'M' 'M' 'M' 'M' 'M' 'M' 'M' 'M' 'U' 'M' 'M' 'M' 'M' 'M' 'M'
 'M' 'M' 'M' 'M' 'M' 'M' 'M' 'M' 'M' 'U' 'M' 'M' 'U' 'M' 'M' 'M' 'M' 'M'
 'U' 'M' 'M' 'M' 'M' 'U' 'M' 'M' 'U' 'M' 'M' 'M' 'M' 'M' 'U' 'M' 'M' 'M'
 'U' 'M' 'M' 'M' 'U' 'M' 'M' 'M' 'M' 'M' 'M' 'M' 'M' 'M' 'M' 'M' 'M' 'M'
 'M' 'M' 'U' 'U' 'M' 'M' 'M' 'M' 'M' 'U' 'A' 'M' 'M' 'M' 'M' 'M' 'M' 'M'
 'U' 'M' 'M' 'M' 'M' 'M' 'U' 'M' 'M' 'M' 'M' 'U' 'M' 'M' 'M' 'M' 'M' 'M'
 'U' 'M' 'M' 'M' 'U' 'M' 'M' 'M' 'M' 'U' 'M' 'U' 'M' 'M' 'M' 'M' 'M' 'M'
 'M' 'U' 'M' 'M' 'M' 'M' 'M' 'M' 'M' 'M' 'M' 'M' 'M' 'M' 'M' 'M' 'M' 'M'
 'A' 'M' 'M' 'M' 'M' 'M' 'M' 'M' 'U' 'M' 'M' 'M' 'U' 'M' 'M' 'U' 'M' 'U'
 'U' 'M' 'M' 'M' 'M' 'M' 'M' 'A' 'U' 'M' 'M' 'M' 'M' 'M' 'M' 'M' 'M' 'M']"
52301,0,173,3,170,25,0,0,"['A' 'M' 'M' 'M' 'U' 'M' 'M' 'M' 'M' 'M' 'M' 'M' 'M' 'M' 'M' 'M' 'M' 'U'
 'M' 'M' 'M' 'M' 'M' 'M' 'M' 'M' 'M' 'M' 'M' 'U' 'M' 'M' 'M' 'M' 'M' 'M'
 'M' 'M' 'M' 'M' 'M' 'M' 'U' 'M' 'M' 'U' 'M' 'M' 'U' 'M' 'M' 'M' 'M' 'M'
 'U' 'M' 'M' 'M' 'M' 'M' 'M' 'M' 'U' 'M' 'M' 'U' 'U' 'U' 'M' 'M' 'M' 'M'
 'M' 'M' 'M' 'M' 'M' 'M' 'M' 'U' 'M' 'M' 'M' 'M' 'M' 'U' 'M' 'M' 'M' 'M'
 'M' 'M' 'M' 'M' 'M' 'M' 'M' 'M' 'M' 'U' 'U' 'M' 'M' 'M' 'M' 'M' 'M' 'M'
 'U' 'M' 'M' 'M' 'M' 'M' 'M' 'M' 'M' 'M' 'M' 'U' 'M' 'M' 'M' 'M' 'M' 'M'
 'M' 'M' 'M' 'M' 'U' 'M' 'M' 'M' 'M' 'M' 'M' 'U' 'M' 'M' 'M' 'M' 'M' 'M'
 'M' 'U' 'M' 'M' 'M' 'M' 'M' 'M' 'M' 'M' 'M' 'M' 'M' 'M' 'M' 'M' 'U' 'M'
 'A' 'M' 'M' 'M' 'M' 'M' 'M' 'M' 'U' 'M' 'M' 'M' 'M' 'M' 'M' 'U' 'M' 'M'
 'U' 'M' 'M' 'M' 'M' 'M' 'M' 'A' 'U' 'M' 'M' 'M' 'M' 'M' 'M' 'M' 'M' 'M']"
52401,0,169,2,167,29,0,0,"['A' 'M' 'M' 'M' 'U' 'M' 'M' 'M' 'M' 'M' 'M' 'M' 'M' 'M' 'M' 'M' 'M' 'U'
 'M' 'M' 'M' 'M' 'M' 'M' 'M' 'M' 'M' 'M' 'M' 'U' 'M' 'M' 'M' 'M' 'M' 'M'
 'M' 'M' 'M' 'M' 'M' 'M' 'U' 'M' 'M' 'U' 'M' 'M' 'U' 'M' 'M' 'M' 'U' 'M'
 'U' 'M' 'M' 'M' 'M' 'M' 'M' 'M' 'U' 'M' 'M' 'M' 'M' 'M' 'M' 'M' 'M' 'M'
 'M' 'M' 'M' 'M' 'M' 'M' 'M' 'M' 'U' 'U' 'M' 'U' 'U' 'M' 'M' 'M' 'M' 'U'
 'M' 'M' 'M' 'M' 'M' 'M' 'M' 'M' 'U' 'U' 'U' 'M' 'M' 'M' 'M' 'M' 'M' 'M'
 'M' 'M' 'M' 'M' 'M' 'M' 'M' 'M' 'M' 'M' 'M' 'U' 'U' 'M' 'M' 'M' 'M' 'M'
 'U' 'M' 'M' 'M' 'U' 'M' 'M' 'M' 'M' 'M' 'M' 'U' 'M' 'M' 'M' 'M' 'M' 'M'
 'M' 'M' 'U' 'M' 'U' 'M' 'M' 'U' 'M' 'M' 'M' 'M' 'M' 'M' 'M' 'M' 'U' 'M'
 'A' 'M' 'M' 'M' 'M' 'M' 'M' 'M' 'U' 'M' 'M' 'M' 'U' 'M' 'M' 'M' 'M' 'M'
 'M' 'M' 'M' 'M' 'M' 'M' 'M' 'M' 'U' 'M' 'M' 'M' 'M' 'M' 'M' 'M' 'M' 'M']"
52501,0,164,2,162,34,0,0,"['A' 'M' 'M' 'M' 'U' 'M' 'M' 'M' 'M' 'M' 'M' 'M' 'M' 'M' 'M' 'U' 'M' 'U'
 'M' 'M' 'U' 'M' 'M' 'U' 'M' 'M' 'M' 'M' 'M' 'U' 'M' 'M' 'M' 'M' 'M' 'M'
 'M' 'M' 'M' 'M' 'M' 'M' 'U' 'U' 'M' 'U' 'M' 'M' 'M' 'M' 'M' 'M' 'U' 'M'
 'M' 'M' 'M' 'M' 'M' 'M' 'M' 'M' 'U' 'M' 'M' 'M' 'M' 'M' 'M' 'U' 'U' 'M'
 'M' 'M' 'M' 'M' 'U' 'M' 'M' 'U' 'M' 'M' 'M' 'M' 'M' 'M' 'M' 'M' 'M' 'M'
 'M' 'M' 'M' 'U' 'M' 'M' 'M' 'M' 'U' 'U' 'U' 'M' 'M' 'M' 'M' 'M' 'M' 'M'
 'M' 'M' 'M' 'M' 'M' 'M' 'M' 'M' 'M' 'M' 'M' 'M' 'U' 'U' 'M' 'M' 'M' 'M'
 'M' 'M' 'M' 'M' 'U' 'M' 'M' 'M' 'M' 'M' 'M' 'U' 'M' 'M' 'M' 'U' 'M' 'M'
 'M' 'M' 'U' 'M' 'U' 'M' 'M' 'U' 'M' 'M' 'M' 'M' 'M' 'M' 'U' 'M' 'U' 'M'
 'U' 'M' 'M' 'M' 'M' 'M' 'M' 'M' 'U' 'M' 'M' 'M' 'A' 'M' 'M' 'U' 'M' 'M'
 'M' 'M' 'M' 'M' 'M' 'M' 'M' 'M' 'U' 'M' 'M' 'M' 'U' 'M' 'M' 'M' 'M' 'M']"
52601,0,159,3,156,39,0,1,"['A' 'M' 'M' 'M' 'U' 'M' 'U' 'M' 'M' 'M' 'M' 'M' 'M' 'M' 'M' 'U' 'M' 'U'
 'M' 'M' 'U' 'M' 'M' 'M' 'U' 'M' 'M' 'M' 'M' 'A' 'M' 'M' 'M' 'M' 'M' 'M'
 'M' 'U' 'M' 'M' 'M' 'M' 'M' 'U' 'M' 'U' 'M' 'M' 'M' 'M' 'M' 'M' 'U' 'M'
 'M' 'U' 'M' 'M' 'M' 'M' 'M' 'M' 'M' 'M' 'M' 'M' 'M' 'M' 'M' 'M' 'M' 'U'
 'M' 'U' 'M' 'M' 'M' 'M' 'M' 'M' 'M' 'M' 'M' 'U' 'M' 'M' 'M' 'M' 'M' 'M'
 'M' 'M' 'M' 'U' 'U' 'M' 'M' 'M' 'U' 'U' 'U' 'M' 'M' 'M' 'M' 'M' 'U' 'M'
 'M' 'M' 'M' 'M' 'M' 'M' 'M' 'U' 'M' 'M' 'M' 'M' 'U' 'U' 'M' 'M' 'M' 'M'
 'M' 'M' 'M' 'M' 'A' 'M' 'M' 'M' 'M' 'M' 'M' 'U' 'M' 'M' 'M' 'U' 'M' 'M'
 'M' 'M' 'U' 'M' 'U' 'M' 'M' 'U' 'M' 'M' 'M' 'U' 'M' 'M' 'M' 'M' 'U' 'M'
 'M' 'U' 'U' 'M' 'M' 'M' 'M' 'M' 'U' 'M' 'M' 'M' 'U' 'M' 'M' 'U' 'M' 'M'
 'M' 'M' 'M' 'M' 'U' 'M' 'M' 'M' 'U' 'M' 'M' 'M' 'U' 'M' 'M' 'M' 'M' 'U']"
52701,0,158,3,155,40,0,0,"['A' 'M' 'M' 'M' 'U' 'M' 'U' 'M' 'M' 'M' 'M' 'M' 'M' 'M' 'M' 'U' 'M' 'U'
 'M' 'U' 'U' 'M' 'M' 'M' 'U' 'M' 'M' 'M' 'M' 'A' 'M' 'M' 'M' 'M' 'M' 'M'
 'M' 'U' 'M' 'M' 'M' 'M' 'M' 'M' 'M' 'U' 'M' 'M' 'U' 'M' 'M' 'M' 'U' 'M'
 'M' 'U' 'M' 'M' 'M' 'M' 'M' 'M' 'M' 'M' 'M' 'M' 'M' 'M' 'M' 'M' 'M' 'M'
 'U' 'M' 'M' 'M' 'M' 'M' 'M' 'M' 'M' 'M' 'U' 'M' 'M' 'M' 'M' 'U' 'U' 'M'
 'U' 'M' 'M' 'M' 'M' 'M' 'M' 'M' 'M' 'U' 'U' 'M' 'M' 'M' 'M' 'U' 'U' 'M'
 'M' 'M' 'M' 'M' 'M' 'M' 'U' 'U' 'M' 'M' 'M' 'M' 'U' 'U' 'M' 'M' 'M' 'M'
 'M' 'M' 'M' 'U' 'U' 'M' 'M' 'M' 'M' 'M' 'M' 'M' 'M' 'M' 'M' 'U' 'M' 'M'
 'M' 'M' 'M' 'M' 'U' 'M' 'U' 'U' 'M' 'U' 'M' 'U' 'M' 'M' 'M' 'M' 'A' 'M'
 'M' 'U' 'U' 'M' 'M' 'M' 'M' 'M' 'U' 'M' 'M' 'M' 'M' 'M' 'M' 'U' 'M' 'M'
 'M' 'M' 'M' 'M' 'U' 'M' 'M' 'M' 'M' 'M' 'M' 'M' 'M' 'M' 'M' 'M' 'U' 'U']"
52801,0,160,4,156,38,0,0,"['A' 'M' 'M' 'M' 'U' 'M' 'M' 'M' 'M' 'M' 'M' 'M' 'M' 'M' 'M' 'U' 'M' 'M'
 'M' 'U' 'U' 'M' 'M' 'M' 'U' 'M' 'U' 'M' 'M' 'A' 'M' 'M' 'M' 'M' 'M' 'M'
 'U' 'U' 'M' 'M' 'M' 'M' 'M' 'M' 'M' 'U' 'M' 'M' 'M' 'M' 'M' 'M' 'M' 'M'
 'M' 'M' 'M' 'M' 'M' 'M' 'M' 'M' 'M' 'M' 'M' 'M' 'M' 'M' 'M' 'M' 'M' 'M'
 'U' 'M' 'M' 'U' 'M' 'M' 'M' 'M' 'M' 'M' 'M' 'U' 'M' 'M' 'U' 'M' 'M' 'M'
 'M' 'M' 'M' 'U' 'M' 'M' 'M' 'M' 'M' 'U' 'U' 'M' 'M' 'M' 'M' 'U' 'U' 'U'
 'A' 'M' 'M' 'M' 'M' 'M' 'U' 'U' 'M' 'M' 'M' 'M' 'U' 'U' 'M' 'M' 'M' 'M'
 'M' 'M' 'M' 'U' 'U' 'M' 'M' 'M' 'M' 'M' 'M' 'M' 'M' 'M' 'M' 'U' 'M' 'M'
 'M' 'M' 'U' 'M' 'M' 'M' 'U' 'M' 'M' 'U' 'M' 'U' 'M' 'M' 'M' 'M' 'A' 'M'
 'M' 'U' 'U' 'M' 'U' 'M' 'M' 'M' 'U' 'M' 'M' 'M' 'M' 'M' 'M' 'U' 'M' 'M'
 'U' 'M' 'M' 'M' 'M' 'M' 'M' 'M' 'M' 'M' 'M' 'M' 'M' 'M' 'M' 'M' 'U' 'U']"
52901,0,162,5,157,36,0,0,"['A' 'M' 'M' 'M' 'U' 'M' 'M' 'M' 'M' 'M' 'M' 'M' 'M' 'M' 'M' 'U' 'M' 'M'
 'U' 'U' 'U' 'M' 'M' 'M' 'U' 'M' 'U' 'M' 'M' 'A' 'M' 'M' 'M' 'M' 'M' 'M'
 'U' 'M' 'M' 'M' 'M' 'U' 'M' 'M' 'M' 'M' 'M' 'M' 'M' 'M' 'M' 'M' 'M' 'M'
 'U' 'M' 'M' 'M' 'M' 'M' 'M' 'U' 'M' 'M' 'M' 'M' 'U' 'M' 'M' 'M' 'M' 'M'
 'M' 'M' 'M' 'M' 'M' 'U' 'U' 'M' 'M' 'M' 'M' 'M' 'M' 'M' 'M' 'U' 'M' 'U'
 'M' 'M' 'M' 'M' 'M' 'M' 'M' 'M' 'M' 'M' 'U' 'M' 'U' 'M' 'M' 'U' 'U' 'U'
 'A' 'M' 'M' 'M' 'M' 'M' 'U' 'M' 'M' 'M' 'M' 'M' 'U' 'M' 'M' 'M' 'M' 'M'
 'M' 'M' 'M' 'U' 'U' 'M' 'M' 'U' 'U' 'U' 'A' 'U' 'M' 'M' 'M' 'M' 'M' 'M'
 'U' 'M' 'U' 'M' 'M' 'M' 'M' 'M' 'M' 'U' 'M' 'M' 'M' 'M' 'M' 'M' 'A' 'M'
 'M' 'U' 'M' 'M' 'M' 'M' 'M' 'M' 'M' 'M' 'M' 'M' 'M' 'M' 'M' 'M' 'M' 'M'
 'U' 'M' 'M' 'M' 'M' 'M' 'M' 'M' 'M' 'M' 'M' 'M' 'M' 'M' 'M' 'M' 'U' 'U']"
53001,0,159,4,155,39,0,0,"['A' 'M' 'M' 'M' 'U' 'M' 'M' 'M' 'M' 'M' 'M' 'M' 'M' 'M' 'M' 'M' 'M' 'M'
 'U' 'M' 'U' 'M' 'U' 'M' 'U' 'M' 'U' 'M' 'M' 'A' 'M' 'M' 'M' 'U' 'M' 'M'
 'M' 'M' 'M' 'M' 'M' 'U' 'M' 'M' 'M' 'M' 'M' 'M' 'M' 'M' 'M' 'U' 'M' 'M'
 'U' 'M' 'M' 'M' 'M' 'M' 'U' 'M' 'M' 'M' 'M' 'M' 'U' 'M' 'M' 'U' 'M' 'M'
 'M' 'M' 'M' 'M' 'U' 'M' 'M' 'M' 'M' 'M' 'M' 'U' 'M' 'M' 'M' 'M' 'M' 'M'
 'M' 'M' 'M' 'U' 'M' 'M' 'M' 'M' 'M' 'M' 'U' 'M' 'U' 'M' 'M' 'M' 'U' 'A'
 'M' 'M' 'M' 'M' 'M' 'M' 'U' 'M' 'M' 'M' 'M' 'M' 'U' 'M' 'M' 'M' 'M' 'M'
 'M' 'M' 'M' 'U' 'U' 'U' 'U' 'U' 'U' 'U' 'A' 'U' 'U' 'M' 'M' 'M' 'M' 'M'
 'U' 'M' 'U' 'M' 'M' 'M' 'M' 'M' 'M' 'U' 'M' 'M' 'M' 'M' 'M' 'M' 'U' 'M'
 'M' 'U' 'M' 'U' 'M' 'M' 'M' 'U' 'M' 'M' 'M' 'M' 'M' 'M' 'M' 'M' 'U' 'M'
 'U' 'M' 'M' 'M' 'M' 'M' 'M' 'M' 'M' 'M' 'M' 'M' 'M' 'M' 'M' 'M' 'M' 'M']"
53101,0,152,5,147,46,0,0,"['A' 'M' 'M' 'M' 'U' 'M' 'M' 'M' 'M' 'M' 'M' 'M' 'M' 'U' 'M' 'M' 'M' 'M'
 'U' 'M' 'U' 'M' 'U' 'M' 'U' 'M' 'U' 'M' 'M' 'A' 'M' 'M' 'M' 'M' 'M' 'M'
 'M' 'M' 'M' 'M' 'M' 'U' 'M' 'U' 'M' 'M' 'M' 'M' 'M' 'M' 'M' 'U' 'M' 'M'
 'U' 'M' 'M' 'M' 'M' 'M' 'M' 'M' 'M' 'M' 'M' 'M' 'M' 'M' 'U' 'U' 'M' 'M'
 'M' 'M' 'M' 'M' 'M' 'M' 'M' 'M' 'M' 'M' 'M' 'M' 'M' 'M' 'M' 'U' 'U' 'M'
 'U' 'M' 'M' 'M' 'M' 'M' 'M' 'U' 'M' 'M' 'U' 'M' 'U' 'M' 'M' 'M' 'U' 'A'
 'U' 'M' 'M' 'M' 'M' 'M' 'U' 'M' 'M' 'M' 'M' 'M' 'U' 'M' 'M' 'M' 'M' 'M'
 'M' 'M' 'M' 'U' 'U' 'U' 'U' 'A' 'U' 'U' 'U' 'U' 'U' 'M' 'M' 'M' 'M' 'M'
 'U' 'M' 'U' 'U' 'M' 'M' 'M' 'M' 'M' 'A' 'M' 'M' 'M' 'M' 'M' 'U' 'M' 'M'
 'M' 'U' 'M' 'U' 'M' 'M' 'M' 'U' 'M' 'M' 'M' 'M' 'M' 'M' 'U' 'M' 'U' 'M'
 'U' 'M' 'M' 'M' 'M' 'M' 'M' 'U' 'M' 'U' 'M' 'U' 'M' 'U' 'M' 'M' 'M' 'M']"
53201,1,156,4,152,42,0,1,"['A' 'M' 'M' 'M' 'U' 'M' 'M' 'U' 'M' 'M' 'M' 'M' 'M' 'U' 'M' 'M' 'M' 'M'
 'M' 'M' 'U' 'M' 'M' 'M' 'M' 'M' 'U' 'M' 'M' 'A' 'M' 'M' 'M' 'M' 'M' 'M'
 'M' 'M' 'M' 'M' 'M' 'M' 'M' 'U' 'M' 'M' 'M' 'U' 'M' 'M' 'M' 'U' 'M' 'M'
 'U' 'M' 'M' 'M' 'M' 'M' 'M' 'M' 'M' 'M' 'M' 'U' 'M' 'M' 'M' 'M' 'M' 'M'
 'M' 'M' 'M' 'M' 'U' 'M' 'M' 'M' 'M' 'U' 'U' 'M' 'M' 'M' 'M' 'M' 'M' 'M'
 'M' 'M' 'U' 'M' 'M' 'M' 'M' 'U' 'M' 'U' 'M' 'M' 'M' 'M' 'M' 'M' 'U' 'U'
 'U' 'U' 'M' 'M' 'M' 'M' 'M' 'M' 'M' 'M' 'M' 'M' 'U' 'M' 'M' 'M' 'M' 'M'
 'M' 'M' 'U' 'U' 'U' 'U' 'U' 'U' 'M' 'U' 'M' 'U' 'U' 'M' 'M' 'M' 'M' 'M'
 'M' 'M' 'U' 'U' 'M' 'M' 'U' 'M' 'M' 'A' 'M' 'M' 'M' 'M' 'M' 'U' 'M' 'M'
 'M' 'M' 'M' 'U' 'M' 'M' 'M' 'U' 'U' 'M' 'U' 'M' 'M' 'M' 'U' 'M' 'A' 'M'
 'U' 'M' 'M' 'M' 'M' 'M' 'M' 'M' 'M' 'M' 'M' 'U' 'M' 'U' 'M' 'M' 'M' 'M']"
53301,0,158,6,152,40,0,0,"['A' 'M' 'M' 'M' 'A' 'M' 'M' 'U' 'M' 'U' 'M' 'M' 'M' 'U' 'M' 'M' 'M' 'M'
 'M' 'M' 'U' 'U' 'M' 'M' 'M' 'M' 'U' 'M' 'M' 'A' 'U' 'M' 'M' 'M' 'M' 'M'
 'M' 'M' 'U' 'M' 'M' 'M' 'U' 'U' 'M' 'M' 'M' 'U' 'M' 'M' 'M' 'U' 'M' 'M'
 'U' 'M' 'M' 'M' 'M' 'M' 'M' 'U' 'M' 'M' 'M' 'M' 'M' 'M' 'M' 'M' 'M' 'M'
 'M' 'U' 'M' 'U' 'M' 'M' 'M' 'M' 'M' 'U' 'M' 'M' 'M' 'M' 'M' 'M' 'M' 'M'
 'U' 'M' 'M' 'U' 'M' 'M' 'M' 'U' 'A' 'U' 'M' 'M' 'M' 'M' 'M' 'M' 'M' 'U'
 'U' 'U' 'M' 'M' 'M' 'U' 'M' 'M' 'M' 'M' 'M' 'M' 'U' 'M' 'M' 'M' 'M' 'M'
 'M' 'M' 'M' 'U' 'M' 'U' 'M' 'M' 'U' 'U' 'M' 'U' 'U' 'M' 'M' 'M' 'M' 'M'
 'M' 'M' 'U' 'U' 'M' 'M' 'M' 'M' 'M' 'A' 'M' 'M' 'M' 'M' 'M' 'M' 'M' 'M'
 'M' 'M' 'M' 'U' 'M' 'M' 'M' 'U' 'M' 'M' 'U' 'M' 'M' 'M' 'U' 'M' 'A' 'M'
 'U' 'M' 'M' 'M' 'M' 'M' 'M' 'M' 'M' 'M' 'M' 'M' 'M' 'U' 'M' 'M' 'M' 'M']"
53401,0,164,8,156,34,0,0,"['A' 'M' 'M' 'M' 'A' 'M' 'M' 'U' 'M' 'M' 'M' 'M' 'M' 'U' 'M' 'M' 'M' 'M'
 'M' 'M' 'A' 'M' 'M' 'M' 'M' 'M' 'U' 'M' 'U' 'A' 'M' 'M' 'M' 'M' 'M' 'M'
 'M' 'M' 'U' 'M' 'M' 'M' 'U' 'M' 'M' 'M' 'M' 'U' 'M' 'M' 'U' 'U' 'M' 'M'
 'M' 'M' 'M' 'M' 'M' 'M' 'M' 'U' 'M' 'M' 'M' 'M' 'M' 'M' 'M' 'M' 'M' 'M'
 'M' 'M' 'M' 'M' 'M' 'U' 'M' 'M' 'M' 'M' 'M' 'M' 'M' 'M' 'U' 'U' 'U' 'M'
 'M' 'U' 'M' 'M' 'M' 'M' 'M' 'M' 'A' 'U' 'M' 'M' 'M' 'M' 'M' 'M' 'M' 'U'
 'U' 'M' 'M' 'M' 'M' 'U' 'M' 'M' 'U' 'M' 'M' 'M' 'U' 'M' 'M' 'M' 'M' 'M'
 'M' 'M' 'M' 'M' 'U' 'U' 'U' 'M' 'U' 'U' 'M' 'U' 'U' 'M' 'M' 'M' 'M' 'M'
 'M' 'M' 'U' 'U' 'M' 'M' 'M' 'M' 'M' 'A' 'M' 'M' 'M' 'M' 'M' 'M' 'M' 'M'
 'M' 'M' 'M' 'A' 'M' 'M' 'M' 'U' 'M' 'M' 'M' 'M' 'M' 'M' 'M' 'M' 'A' 'M'
 'U' 'U' 'M' 'M' 'M' 'M' 'M' 'M' 'M' 'M' 'M' 'M' 'M' 'U' 'M' 'M' 'M' 'M']"
53501,0,166,8,158,32,1,0,"['A' 'M' 'M' 'M' 'A' 'M' 'M' 'M' 'M' 'M' 'M' 'M' 'M' 'A' 'M' 'M' 'M' 'M'
 'M' 'M' 'A' 'M' 'M' 'M' 'M' 'M' 'M' 'M' 'U' 'A' 'M' 'M' 'M' 'M' 'M' 'M'
 'M' 'M' 'M' 'M' 'M' 'M' 'U' 'M' 'M' 'M' 'M' 'M' 'M' 'M' 'U' 'M' 'M' 'M'
 'U' 'M' 'M' 'M' 'M' 'M' 'M' 'U' 'M' 'M' 'M' 'M' 'M' 'U' 'U' 'M' 'U' 'M'
 'M' 'M' 'M' 'U' 'M' 'M' 'M' 'M' 'M' 'M' 'M' 'M' 'M' 'M' 'M' 'M' 'M' 'M'
 'M' 'M' 'M' 'U' 'M' 'M' 'M' 'M' 'A' 'U' 'M' 'M' 'M' 'M' 'M' 'M' 'M' 'U'
 'U' 'M' 'M' 'M' 'M' 'U' 'M' 'M' 'U' 'M' 'M' 'M' 'U' 'M' 'M' 'M' 'M' 'M'
 'M' 'M' 'U' 'M' 'U' 'U' 'U' 'U' 'U' 'M' 'U' 'U' 'U' 'M' 'M' 'M' 'M' 'M'
 'M' 'M' 'U' 'M' 'M' 'M' 'M' 'M' 'M' 'A' 'M' 'M' 'M' 'M' 'M' 'M' 'M' 'M'
 'M' 'U' 'M' 'A' 'U' 'M' 'M' 'M' 'M' 'M' 'M' 'M' 'M' 'M' 'M' 'M' 'U' 'M'
 'U' 'U' 'M' 'M' 'M' 'M' 'M' 'M' 'M' 'U' 'M' 'M' 'M' 'M' 'M' 'M' 'M' 'M']"
53601,0,171,6,165,27,0,0,"['A' 'M' 'M' 'M' 'M' 'M' 'M' 'M' 'M' 'M' 'U' 'M' 'M' 'A' 'M' 'M' 'M' 'M'
 'M' 'M' 'M' 'M' 'M' 'M' 'M' 'M' 'M' 'M' 'U' 'A' 'M' 'M' 'M' 'M' 'M' 'M'
 'M' 'M' 'M' 'M' 'M' 'M' 'M' 'M' 'M' 'M' 'M' 'M' 'M' 'M' 'U' 'M' 'M' 'M'
 'M' 'M' 'U' 'M' 'M' 'M' 'M' 'M' 'M' 'M' 'M' 'M' 'M' 'U' 'U' 'M' 'M' 'M'
 'M' 'M' 'M' 'M' 'M' 'M' 'M' 'M' 'M' 'U' 'U' 'M' 'M' 'M' 'M' 'M' 'M' 'M'
 'M' 'M' 'M' 'M' 'U' 'M' 'M' 'M' 'A' 'U' 'M' 'M' 'M' 'M' 'M' 'M' 'M' 'U'
 'U' 'M' 'M' 'M' 'U' 'M' 'M' 'M' 'U' 'M' 'M' 'M' 'M' 'M' 'M' 'M' 'M' 'M'
 'M' 'U' 'U' 'M' 'M' 'M' 'U' 'U' 'U' 'M' 'U' 'U' 'M' 'M' 'M' 'M' 'M' 'M'
 'M' 'M' 'U' 'M' 'M' 'M' 'M' 'M' 'M' 'A' 'M' 'M' 'M' 'M' 'U' 'M' 'M' 'M'
 'M' 'U' 'M' 'A' 'U' 'M' 'M' 'M' 'M' 'M' 'M' 'M' 'M' 'M' 'M' 'M' 'M' 'U'
 'M' 'M' 'M' 'M' 'M' 'M' 'M' 'M' 'M' 'U' 'M' 'M' 'M' 'M' 'M' 'M' 'M' 'M']"
53701,0,169,6,163,29,0,0,"['A' 'M' 'M' 'M' 'M' 'M' 'M' 'M' 'M' 'M' 'U' 'M' 'M' 'M' 'M' 'M' 'M' 'M'
 'M' 'U' 'M' 'M' 'M' 'M' 'M' 'M' 'M' 'M' 'M' 'A' 'M' 'M' 'M' 'M' 'M' 'M'
 'M' 'M' 'M' 'M' 'M' 'M' 'M' 'M' 'M' 'M' 'M' 'M' 'M' 'M' 'U' 'M' 'M' 'M'
 'M' 'M' 'U' 'M' 'M' 'M' 'M' 'M' 'M' 'M' 'M' 'M' 'M' 'M' 'M' 'M' 'M' 'U'
 'M' 'M' 'M' 'M' 'M' 'U' 'M' 'M' 'M' 'M' 'M' 'M' 'M' 'U' 'M' 'M' 'M' 'U'
 'M' 'U' 'M' 'M' 'M' 'M' 'M' 'M' 'A' 'U' 'M' 'M' 'M' 'M' 'M' 'M' 'M' 'U'
 'U' 'U' 'M' 'M' 'U' 'M' 'M' 'U' 'U' 'M' 'M' 'M' 'M' 'U' 'M' 'M' 'M' 'M'
 'M' 'U' 'U' 'M' 'M' 'M' 'U' 'U' 'U' 'M' 'M' 'A' 'M' 'M' 'M' 'M' 'M' 'M'
 'M' 'M' 'U' 'M' 'M' 'M' 'M' 'M' 'M' 'A' 'M' 'M' 'M' 'M' 'U' 'M' 'M' 'M'
 'M' 'U' 'M' 'A' 'U' 'M' 'M' 'M' 'M' 'M' 'M' 'M' 'M' 'M' 'M' 'M' 'M' 'U'
 'M' 'M' 'M' 'M' 'U' 'M' 'M' 'M' 'M' 'M' 'M' 'U' 'M' 'M' 'M' 'M' 'M' 'M']"
53801,0,162,5,157,36,0,0,"['A' 'M' 'M' 'M' 'M' 'M' 'M' 'M' 'M' 'M' 'U' 'M' 'M' 'M' 'M' 'M' 'M' 'M'
 'M' 'U' 'M' 'M' 'M' 'M' 'M' 'M' 'M' 'M' 'M' 'A' 'M' 'M' 'M' 'M' 'M' 'M'
 'M' 'M' 'M' 'M' 'U' 'M' 'M' 'M' 'M' 'M' 'M' 'M' 'M' 'M' 'U' 'M' 'M' 'M'
 'M' 'M' 'U' 'M' 'M' 'M' 'M' 'M' 'M' 'M' 'M' 'M' 'M' 'M' 'M' 'M' 'M' 'M'
 'M' 'M' 'M' 'M' 'M' 'M' 'M' 'M' 'M' 'M' 'U' 'U' 'M' 'M' 'M' 'U' 'M' 'U'
 'U' 'M' 'M' 'M' 'M' 'M' 'M' 'M' 'U' 'M' 'M' 'M' 'M' 'M' 'M' 'M' 'M' 'U'
 'U' 'U' 'M' 'M' 'U' 'M' 'M' 'U' 'U' 'M' 'M' 'M' 'M' 'U' 'U' 'M' 'M' 'M'
 'M' 'U' 'M' 'M' 'M' 'U' 'U' 'U' 'U' 'U' 'U' 'A' 'U' 'M' 'U' 'M' 'M' 'M'
 'M' 'M' 'M' 'M' 'M' 'M' 'M' 'M' 'M' 'A' 'M' 'M' 'M' 'M' 'U' 'M' 'M' 'M'
 'M' 'U' 'M' 'A' 'U' 'M' 'M' 'U' 'M' 'M' 'M' 'M' 'M' 'M' 'M' 'U' 'M' 'U'
 'M' 'M' 'M' 'M' 'U' 'M' 'M' 'M' 'M' 'M' 'M' 'U' 'M' 'M' 'M' 'M' 'M' 'M']"
53901,0,161,5,156,37,0,1,"['A' 'M' 'A' 'M' 'U' 'M' 'M' 'M' 'M' 'M' 'M' 'M' 'M' 'M' 'M' 'M' 'U' 'M'
 'M' 'M' 'M' 'M' 'M' 'M' 'M' 'M' 'M' 'M' 'M' 'U' 'M' 'M' 'M' 'M' 'M' 'M'
 'M' 'M' 'M' 'M' 'U' 'M' 'M' 'M' 'M' 'M' 'M' 'M' 'M' 'M' 'A' 'U' 'M' 'M'
 'M' 'M' 'U' 'M' 'M' 'M' 'M' 'M' 'M' 'M' 'M' 'M' 'M' 'M' 'M' 'M' 'M' 'U'
 'M' 'M' 'M' 'U' 'M' 'M' 'M' 'M' 'M' 'M' 'M' 'M' 'M' 'M' 'M' 'U' 'M' 'M'
 'U' 'M' 'M' 'M' 'U' 'U' 'M' 'M' 'U' 'M' 'U' 'M' 'M' 'M' 'M' 'M' 'M' 'M'
 'U' 'U' 'M' 'M' 'M' 'M' 'M' 'U' 'M' 'M' 'M' 'M' 'M' 'U' 'U' 'M' 'M' 'M'
 'M' 'U' 'M' 'M' 'M' 'U' 'U' 'U' 'U' 'U' 'U' 'A' 'U' 'M' 'U' 'M' 'U' 'M'
 'M' 'M' 'M' 'M' 'M' 'M' 'M' 'M' 'M' 'A' 'M' 'M' 'M' 'M' 'M' 'M' 'M' 'M'
 'U' 'M' 'M' 'U' 'U' 'M' 'M' 'U' 'M' 'M' 'M' 'M' 'M' 'M' 'M' 'U' 'M' 'U'
 'M' 'M' 'M' 'M' 'U' 'U' 'M' 'M' 'M' 'M' 'M' 'M' 'M' 'M' 'M' 'M' 'M' 'M']"
54001,1,164,6,158,34,0,0,"['A' 'M' 'A' 'M' 'U' 'M' 'M' 'M' 'M' 'M' 'M' 'M' 'M' 'M' 'M' 'M' 'U' 'M'
 'M' 'U' 'M' 'M' 'M' 'M' 'M' 'U' 'M' 'M' 'M' 'U' 'M' 'M' 'M' 'M' 'M' 'M'
 'M' 'M' 'M' 'M' 'U' 'M' 'M' 'M' 'M' 'M' 'M' 'M' 'M' 'M' 'A' 'M' 'M' 'M'
 'M' 'U' 'U' 'M' 'M' 'M' 'M' 'M' 'M' 'M' 'M' 'U' 'M' 'M' 'M' 'M' 'M' 'M'
 'M' 'U' 'M' 'M' 'M' 'M' 'U' 'M' 'M' 'U' 'U' 'M' 'M' 'M' 'M' 'M' 'M' 'M'
 'M' 'M' 'M' 'M' 'M' 'U' 'M' 'M' 'U' 'U' 'U' 'M' 'M' 'M' 'M' 'M' 'M' 'M'
 'U' 'U' 'M' 'M' 'M' 'M' 'M' 'U' 'M' 'M' 'M' 'M' 'M' 'U' 'U' 'M' 'M' 'M'
 'M' 'M' 'M' 'M' 'A' 'U' 'U' 'M' 'U' 'M' 'M' 'A' 'U' 'M' 'U' 'M' 'U' 'M'
 'M' 'M' 'M' 'M' 'M' 'M' 'M' 'M' 'M' 'A' 'M' 'M' 'M' 'M' 'U' 'M' 'M' 'M'
 'U' 'M' 'M' 'M' 'U' 'M' 'M' 'M' 'M' 'M' 'M' 'M' 'M' 'M' 'M' 'U' 'M' 'M'
 'M' 'M' 'M' 'M' 'U' 'U' 'M' 'M' 'M' 'M' 'M' 'M' 'M' 'M' 'M' 'M' 'M' 'M']"
54101,1,154,5,149,44,1,0,"['A' 'M' 'A' 'M' 'U' 'M' 'M' 'M' 'M' 'M' 'M' 'M' 'M' 'M' 'M' 'M' 'U' 'M'
 'M' 'U' 'M' 'U' 'M' 'M' 'M' 'U' 'U' 'M' 'M' 'M' 'U' 'M' 'M' 'M' 'M' 'M'
 'M' 'M' 'M' 'M' 'U' 'M' 'M' 'M' 'M' 'U' 'U' 'M' 'M' 'M' 'A' 'M' 'M' 'M'
 'M' 'U' 'M' 'M' 'M' 'M' 'M' 'M' 'M' 'M' 'M' 'M' 'M' 'M' 'U' 'M' 'M' 'M'
 'M' 'M' 'M' 'U' 'M' 'M' 'M' 'M' 'U' 'M' 'M' 'U' 'M' 'M' 'U' 'M' 'M' 'M'
 'M' 'M' 'M' 'M' 'M' 'U' 'M' 'U' 'U' 'M' 'U' 'M' 'M' 'M' 'M' 'M' 'M' 'M'
 'U' 'U' 'M' 'M' 'M' 'M' 'M' 'U' 'M' 'M' 'M' 'M' 'M' 'U' 'U' 'M' 'M' 'M'
 'U' 'M' 'M' 'M' 'U' 'M' 'U' 'U' 'U' 'U' 'U' 'A' 'U' 'M' 'U' 'M' 'U' 'M'
 'M' 'M' 'M' 'M' 'M' 'M' 'M' 'M' 'M' 'A' 'M' 'M' 'U' 'M' 'U' 'M' 'M' 'M'
 'U' 'M' 'M' 'M' 'U' 'M' 'M' 'M' 'M' 'M' 'U' 'M' 'M' 'M' 'M' 'U' 'M' 'M'
 'M' 'M' 'M' 'M' 'U' 'U' 'M' 'M' 'M' 'U' 'M' 'M' 'M' 'M' 'M' 'M' 'M' 'M']"
54201,0,158,2,156,40,0,1,"['A' 'U' 'U' 'M' 'U' 'M' 'M' 'M' 'M' 'M' 'M' 'M' 'M' 'M' 'M' 'M' 'U' 'M'
 'M' 'M' 'M' 'M' 'M' 'M' 'M' 'U' 'U' 'M' 'M' 'M' 'M' 'M' 'M' 'M' 'M' 'M'
 'M' 'U' 'M' 'M' 'U' 'M' 'M' 'M' 'M' 'U' 'U' 'M' 'M' 'M' 'A' 'M' 'M' 'M'
 'M' 'M' 'M' 'M' 'M' 'M' 'M' 'M' 'M' 'M' 'M' 'M' 'M' 'M' 'M' 'M' 'M' 'M'
 'M' 'M' 'M' 'M' 'M' 'U' 'U' 'M' 'M' 'U' 'U' 'M' 'M' 'U' 'M' 'M' 'M' 'M'
 'M' 'M' 'M' 'M' 'M' 'M' 'M' 'U' 'U' 'M' 'U' 'M' 'M' 'M' 'M' 'M' 'M' 'M'
 'U' 'U' 'M' 'M' 'M' 'M' 'M' 'U' 'M' 'M' 'M' 'M' 'M' 'U' 'U' 'M' 'M' 'M'
 'M' 'M' 'M' 'M' 'U' 'U' 'U' 'M' 'M' 'U' 'U' 'U' 'U' 'M' 'U' 'M' 'U' 'M'
 'M' 'U' 'M' 'M' 'M' 'M' 'M' 'M' 'M' 'U' 'M' 'M' 'U' 'M' 'U' 'M' 'M' 'M'
 'M' 'M' 'M' 'M' 'U' 'U' 'M' 'M' 'M' 'M' 'U' 'M' 'M' 'M' 'M' 'M' 'M' 'M'
 'M' 'M' 'M' 'M' 'M' 'M' 'M' 'M' 'U' 'M' 'M' 'M' 'M' 'M' 'M' 'M' 'M' 'M']"
54301,0,159,2,157,39,0,0,"['A' 'U' 'U' 'M' 'U' 'U' 'M' 'M' 'M' 'M' 'U' 'M' 'M' 'U' 'M' 'M' 'U' 'M'
 'M' 'M' 'M' 'M' 'M' 'M' 'M' 'M' 'U' 'M' 'M' 'M' 'M' 'M' 'M' 'M' 'M' 'M'
 'M' 'U' 'M' 'M' 'U' 'M' 'M' 'M' 'M' 'U' 'U' 'M' 'M' 'M' 'A' 'M' 'M' 'U'
 'M' 'M' 'M' 'M' 'U' 'M' 'M' 'M' 'M' 'M' 'M' 'M' 'M' 'M' 'M' 'M' 'M' 'U'
 'M' 'M' 'M' 'U' 'M' 'M' 'U' 'M' 'M' 'M' 'M' 'M' 'U' 'M' 'M' 'M' 'U' 'M'
 'M' 'M' 'M' 'M' 'M' 'M' 'M' 'U' 'U' 'M' 'M' 'M' 'M' 'M' 'M' 'M' 'M' 'M'
 'M' 'U' 'M' 'M' 'M' 'M' 'M' 'U' 'M' 'M' 'M' 'M' 'M' 'U' 'M' 'M' 'M' 'U'
 'M' 'M' 'M' 'M' 'U' 'U' 'U' 'M' 'M' 'U' 'U' 'M' 'M' 'M' 'U' 'M' 'M' 'M'
 'M' 'M' 'M' 'M' 'U' 'M' 'M' 'M' 'M' 'U' 'M' 'M' 'U' 'M' 'U' 'M' 'M' 'M'
 'M' 'M' 'M' 'M' 'U' 'M' 'M' 'M' 'M' 'M' 'U' 'M' 'M' 'M' 'M' 'M' 'M' 'M'
 'M' 'M' 'M' 'M' 'M' 'M' 'M' 'M' 'U' 'M' 'U' 'M' 'M' 'M' 'M' 'M' 'M' 'M']"
54401,0,163,1,162,35,1,0,"['A' 'U' 'U' 'M' 'U' 'U' 'M' 'M' 'M' 'M' 'U' 'M' 'M' 'U' 'M' 'M' 'U' 'M'
 'M' 'M' 'M' 'M' 'M' 'M' 'M' 'M' 'U' 'M' 'M' 'M' 'M' 'M' 'M' 'M' 'M' 'M'
 'M' 'U' 'M' 'M' 'U' 'M' 'M' 'M' 'M' 'U' 'U' 'M' 'M' 'M' 'U' 'M' 'M' 'U'
 'M' 'U' 'M' 'M' 'M' 'M' 'M' 'M' 'M' 'M' 'M' 'M' 'M' 'M' 'M' 'M' 'M' 'M'
 'M' 'M' 'M' 'M' 'M' 'M' 'M' 'U' 'M' 'U' 'U' 'M' 'M' 'M' 'M' 'M' 'M' 'M'
 'M' 'U' 'M' 'M' 'U' 'M' 'M' 'M' 'U' 'M' 'M' 'M' 'M' 'M' 'M' 'M' 'M' 'M'
 'M' 'M' 'M' 'M' 'M' 'M' 'M' 'M' 'M' 'M' 'M' 'M' 'M' 'U' 'M' 'M' 'M' 'U'
 'U' 'M' 'M' 'M' 'U' 'M' 'U' 'M' 'M' 'M' 'U' 'M' 'M' 'M' 'U' 'M' 'M' 'M'
 'M' 'M' 'M' 'M' 'M' 'M' 'M' 'M' 'M' 'M' 'M' 'M' 'U' 'M' 'M' 'M' 'M' 'U'
 'M' 'M' 'M' 'M' 'M' 'M' 'M' 'M' 'M' 'M' 'U' 'M' 'U' 'M' 'M' 'M' 'M' 'M'
 'M' 'M' 'M' 'U' 'M' 'U' 'M' 'M' 'M' 'M' 'U' 'M' 'M' 'M' 'M' 'M' 'M' 'M']"
54501,0,165,2,163,33,0,0,"['A' 'U' 'U' 'M' 'U' 'U' 'M' 'M' 'M' 'M' 'U' 'M' 'M' 'M' 'M' 'M' 'U' 'M'
 'M' 'M' 'M' 'M' 'M' 'M' 'M' 'M' 'A' 'M' 'M' 'M' 'M' 'M' 'M' 'M' 'M' 'M'
 'M' 'U' 'M' 'M' 'U' 'M' 'M' 'M' 'M' 'M' 'U' 'M' 'M' 'M' 'M' 'M' 'M' 'M'
 'M' 'M' 'M' 'M' 'M' 'M' 'M' 'M' 'U' 'M' 'M' 'M' 'M' 'M' 'M' 'M' 'M' 'M'
 'U' 'U' 'M' 'M' 'U' 'M' 'M' 'M' 'M' 'M' 'M' 'M' 'M' 'U' 'M' 'M' 'M' 'M'
 'M' 'M' 'U' 'M' 'M' 'M' 'M' 'M' 'U' 'M' 'M' 'M' 'M' 'M' 'M' 'M' 'M' 'M'
 'M' 'M' 'M' 'M' 'M' 'M' 'M' 'M' 'M' 'M' 'M' 'M' 'M' 'M' 'M' 'M' 'M' 'U'
 'U' 'M' 'M' 'M' 'U' 'U' 'U' 'M' 'M' 'M' 'M' 'U' 'M' 'M' 'M' 'M' 'M' 'M'
 'M' 'M' 'M' 'M' 'M' 'M' 'M' 'M' 'M' 'M' 'M' 'M' 'U' 'M' 'M' 'M' 'M' 'U'
 'M' 'M' 'M' 'M' 'M' 'M' 'M' 'M' 'M' 'M' 'U' 'M' 'U' 'M' 'M' 'U' 'M' 'M'
 'M' 'M' 'U' 'U' 'M' 'U' 'M' 'M' 'M' 'M' 'U' 'M' 'M' 'M' 'U' 'M' 'U' 'M']"
54601,1,160,2,158,38,0,0,"['A' 'U' 'U' 'M' 'M' 'U' 'M' 'M' 'U' 'M' 'M' 'M' 'M' 'M' 'M' 'M' 'U' 'M'
 'M' 'M' 'M' 'M' 'M' 'M' 'M' 'M' 'A' 'M' 'M' 'U' 'M' 'M' 'M' 'M' 'M' 'M'
 'M' 'U' 'M' 'M' 'U' 'M' 'M' 'M' 'M' 'M' 'U' 'M' 'M' 'M' 'M' 'M' 'M' 'M'
 'M' 'M' 'M' 'M' 'M' 'U' 'M' 'M' 'U' 'M' 'M' 'M' 'M' 'U' 'M' 'U' 'M' 'U'
 'M' 'U' 'M' 'M' 'M' 'M' 'M' 'M' 'U' 'M' 'M' 'M' 'M' 'M' 'M' 'M' 'M' 'M'
 'M' 'M' 'M' 'M' 'M' 'M' 'M' 'M' 'U' 'M' 'M' 'M' 'M' 'M' 'M' 'M' 'M' 'M'
 'M' 'M' 'M' 'M' 'M' 'M' 'M' 'M' 'U' 'M' 'M' 'M' 'M' 'M' 'M' 'M' 'M' 'U'
 'U' 'M' 'M' 'M' 'U' 'U' 'U' 'U' 'U' 'U' 'U' 'U' 'U' 'M' 'M' 'M' 'M' 'M'
 'M' 'M' 'M' 'M' 'M' 'M' 'M' 'M' 'M' 'M' 'M' 'M' 'U' 'M' 'M' 'M' 'M' 'U'
 'M' 'M' 'M' 'M' 'U' 'M' 'M' 'M' 'M' 'M' 'U' 'M' 'M' 'M' 'M' 'U' 'U' 'M'
 'M' 'M' 'M' 'U' 'M' 'M' 'M' 'M' 'M' 'M' 'M' 'M' 'M' 'M' 'U' 'M' 'U' 'M']"
54701,0,160,5,155,38,0,0,"['A' 'M' 'U' 'M' 'M' 'U' 'M' 'M' 'U' 'M' 'M' 'M' 'M' 'M' 'M' 'M' 'U' 'M'
 'M' 'U' 'M' 'M' 'M' 'M' 'M' 'M' 'A' 'M' 'M' 'U' 'M' 'M' 'M' 'M' 'M' 'U'
 'M' 'A' 'M' 'M' 'A' 'M' 'M' 'M' 'M' 'M' 'A' 'M' 'M' 'M' 'U' 'M' 'M' 'M'
 'M' 'M' 'M' 'M' 'M' 'U' 'M' 'M' 'U' 'M' 'M' 'M' 'M' 'M' 'M' 'M' 'M' 'M'
 'M' 'M' 'U' 'U' 'M' 'M' 'U' 'M' 'M' 'U' 'M' 'M' 'M' 'M' 'M' 'M' 'U' 'M'
 'M' 'M' 'M' 'M' 'M' 'M' 'M' 'M' 'U' 'M' 'M' 'M' 'M' 'M' 'M' 'M' 'M' 'M'
 'M' 'U' 'M' 'M' 'M' 'M' 'M' 'M' 'U' 'M' 'M' 'M' 'M' 'M' 'M' 'M' 'M' 'U'
 'U' 'M' 'M' 'M' 'M' 'U' 'U' 'U' 'U' 'U' 'U' 'M' 'U' 'M' 'M' 'M' 'M' 'M'
 'M' 'M' 'M' 'M' 'M' 'M' 'M' 'M' 'M' 'M' 'M' 'M' 'U' 'M' 'M' 'M' 'M' 'M'
 'M' 'U' 'M' 'M' 'U' 'M' 'M' 'M' 'M' 'M' 'U' 'U' 'M' 'M' 'M' 'U' 'U' 'M'
 'M' 'M' 'M' 'U' 'M' 'M' 'U' 'M' 'M' 'M' 'M' 'M' 'M' 'M' 'U' 'M' 'U' 'M']"
54801,0,158,6,152,40,0,0,"['A' 'U' 'U' 'M' 'M' 'U' 'M' 'M' 'M' 'M' 'M' 'M' 'M' 'M' 'M' 'M' 'M' 'M'
 'U' 'M' 'M' 'U' 'M' 'M' 'U' 'M' 'A' 'M' 'M' 'U' 'M' 'M' 'M' 'U' 'U' 'U'
 'M' 'A' 'M' 'M' 'A' 'M' 'M' 'M' 'M' 'M' 'U' 'M' 'M' 'M' 'U' 'M' 'M' 'M'
 'M' 'M' 'U' 'M' 'M' 'M' 'M' 'M' 'U' 'M' 'U' 'M' 'M' 'M' 'M' 'M' 'M' 'M'
 'M' 'M' 'U' 'M' 'M' 'M' 'M' 'M' 'M' 'M' 'U' 'U' 'M' 'M' 'M' 'M' 'M' 'M'
 'U' 'M' 'M' 'M' 'U' 'M' 'M' 'M' 'A' 'M' 'M' 'M' 'M' 'M' 'M' 'M' 'M' 'M'
 'M' 'U' 'M' 'M' 'M' 'U' 'M' 'M' 'U' 'M' 'M' 'M' 'M' 'M' 'M' 'M' 'M' 'U'
 'U' 'M' 'M' 'M' 'M' 'M' 'U' 'U' 'U' 'U' 'U' 'M' 'U' 'M' 'M' 'M' 'M' 'M'
 'M' 'M' 'M' 'M' 'M' 'M' 'M' 'M' 'M' 'M' 'M' 'M' 'U' 'M' 'M' 'M' 'M' 'M'
 'M' 'U' 'M' 'M' 'M' 'M' 'M' 'M' 'M' 'M' 'U' 'M' 'U' 'M' 'M' 'U' 'U' 'M'
 'M' 'M' 'M' 'U' 'M' 'M' 'U' 'M' 'M' 'M' 'M' 'M' 'M' 'M' 'A' 'M' 'U' 'M']"
54901,1,155,5,150,43,0,0,"['A' 'M' 'U' 'M' 'M' 'U' 'M' 'M' 'M' 'M' 'M' 'M' 'M' 'M' 'M' 'M' 'M' 'M'
 'U' 'U' 'M' 'U' 'M' 'M' 'U' 'M' 'M' 'M' 'M' 'U' 'M' 'M' 'M' 'A' 'U' 'U'
 'M' 'M' 'M' 'M' 'U' 'M' 'M' 'M' 'U' 'M' 'U' 'M' 'M' 'M' 'U' 'M' 'M' 'M'
 'M' 'M' 'M' 'M' 'M' 'M' 'M' 'M' 'U' 'M' 'U' 'M' 'M' 'U' 'M' 'M' 'M' 'M'
 'M' 'M' 'M' 'M' 'U' 'U' 'M' 'M' 'M' 'M' 'M' 'M' 'M' 'M' 'M' 'M' 'U' 'U'
 'M' 'M' 'M' 'M' 'M' 'M' 'M' 'M' 'A' 'M' 'M' 'M' 'M' 'M' 'M' 'M' 'M' 'M'
 'M' 'U' 'M' 'M' 'M' 'M' 'M' 'M' 'U' 'M' 'M' 'M' 'M' 'M' 'M' 'M' 'M' 'U'
 'M' 'M' 'M' 'M' 'M' 'U' 'U' 'U' 'U' 'U' 'M' 'U' 'U' 'M' 'M' 'M' 'M' 'M'
 'M' 'M' 'M' 'M' 'M' 'M' 'M' 'M' 'M' 'U' 'U' 'M' 'U' 'M' 'M' 'M' 'M' 'M'
 'M' 'U' 'M' 'M' 'M' 'M' 'M' 'M' 'M' 'M' 'U' 'M' 'A' 'U' 'U' 'U' 'U' 'M'
 'M' 'M' 'M' 'U' 'M' 'U' 'U' 'M' 'M' 'M' 'M' 'M' 'M' 'M' 'A' 'M' 'U' 'M']"
55001,0,155,8,147,43,0,0,"['A' 'M' 'M' 'M' 'M' 'U' 'M' 'M' 'M' 'M' 'M' 'M' 'M' 'M' 'M' 'M' 'M' 'M'
 'U' 'U' 'M' 'M' 'M' 'M' 'U' 'M' 'M' 'M' 'M' 'U' 'M' 'M' 'M' 'A' 'U' 'U'
 'M' 'U' 'M' 'M' 'U' 'M' 'M' 'M' 'U' 'M' 'U' 'M' 'M' 'M' 'U' 'M' 'M' 'M'
 'M' 'U' 'U' 'M' 'M' 'M' 'M' 'M' 'U' 'M' 'U' 'M' 'M' 'M' 'M' 'M' 'M' 'M'
 'M' 'M' 'M' 'U' 'M' 'M' 'U' 'M' 'M' 'U' 'U' 'M' 'M' 'M' 'M' 'M' 'M' 'M'
 'M' 'U' 'M' 'M' 'M' 'M' 'M' 'M' 'A' 'M' 'M' 'M' 'M' 'M' 'M' 'M' 'M' 'M'
 'M' 'U' 'M' 'U' 'M' 'M' 'M' 'M' 'U' 'M' 'M' 'M' 'M' 'M' 'M' 'M' 'M' 'U'
 'U' 'M' 'M' 'M' 'M' 'A' 'M' 'A' 'U' 'U' 'U' 'U' 'U' 'M' 'M' 'M' 'M' 'M'
 'M' 'M' 'M' 'M' 'M' 'M' 'M' 'M' 'M' 'U' 'M' 'M' 'U' 'M' 'M' 'M' 'M' 'M'
 'M' 'M' 'U' 'M' 'M' 'M' 'M' 'M' 'M' 'M' 'U' 'M' 'A' 'U' 'U' 'U' 'U' 'M'
 'M' 'M' 'M' 'U' 'U' 'U' 'U' 'M' 'M' 'M' 'M' 'M' 'M' 'M' 'A' 'M' 'A' 'M']"
55101,0,155,5,150,43,0,1,"['A' 'M' 'M' 'M' 'M' 'U' 'M' 'M' 'M' 'M' 'M' 'M' 'M' 'M' 'M' 'M' 'M' 'M'
 'U' 'U' 'M' 'M' 'M' 'M' 'M' 'M' 'M' 'M' 'M' 'M' 'M' 'M' 'M' 'A' 'U' 'U'
 'M' 'M' 'M' 'M' 'U' 'M' 'M' 'M' 'U' 'M' 'U' 'M' 'M' 'M' 'U' 'M' 'M' 'M'
 'U' 'U' 'U' 'M' 'M' 'M' 'M' 'M' 'M' 'M' 'U' 'M' 'U' 'M' 'M' 'M' 'M' 'M'
 'U' 'M' 'M' 'M' 'M' 'M' 'M' 'M' 'M' 'M' 'M' 'U' 'U' 'M' 'U' 'M' 'M' 'M'
 'M' 'M' 'M' 'M' 'M' 'M' 'M' 'M' 'U' 'M' 'M' 'M' 'M' 'M' 'M' 'M' 'M' 'M'
 'M' 'M' 'M' 'U' 'M' 'M' 'M' 'M' 'U' 'U' 'M' 'U' 'M' 'M' 'M' 'M' 'M' 'M'
 'U' 'M' 'M' 'M' 'M' 'A' 'U' 'A' 'U' 'U' 'U' 'U' 'U' 'M' 'M' 'U' 'M' 'M'
 'M' 'M' 'M' 'M' 'M' 'M' 'M' 'M' 'M' 'U' 'M' 'M' 'U' 'M' 'M' 'M' 'M' 'M'
 'M' 'M' 'M' 'M' 'M' 'M' 'M' 'M' 'U' 'M' 'M' 'M' 'A' 'U' 'U' 'U' 'U' 'M'
 'M' 'M' 'M' 'U' 'U' 'M' 'U' 'M' 'M' 'M' 'M' 'M' 'M' 'M' 'U' 'M' 'U' 'M']"
55201,0,161,5,156,37,1,0,"['A' 'M' 'M' 'M' 'M' 'M' 'M' 'M' 'M' 'M' 'M' 'M' 'M' 'M' 'M' 'M' 'M' 'M'
 'M' 'M' 'M' 'M' 'M' 'M' 'M' 'M' 'M' 'M' 'M' 'M' 'M' 'M' 'M' 'A' 'U' 'U'
 'M' 'U' 'M' 'M' 'U' 'M' 'M' 'U' 'U' 'M' 'M' 'M' 'M' 'M' 'U' 'M' 'M' 'M'
 'U' 'U' 'U' 'M' 'M' 'M' 'M' 'M' 'M' 'M' 'U' 'M' 'M' 'M' 'M' 'M' 'U' 'M'
 'M' 'M' 'M' 'M' 'M' 'M' 'M' 'U' 'U' 'M' 'M' 'M' 'M' 'M' 'U' 'M' 'U' 'M'
 'M' 'M' 'M' 'M' 'M' 'M' 'M' 'M' 'M' 'M' 'M' 'M' 'U' 'M' 'M' 'M' 'M' 'M'
 'U' 'M' 'M' 'U' 'M' 'M' 'M' 'M' 'U' 'U' 'M' 'M' 'M' 'M' 'M' 'M' 'M' 'M'
 'M' 'M' 'M' 'U' 'M' 'M' 'U' 'A' 'A' 'U' 'M' 'M' 'M' 'U' 'M' 'U' 'M' 'M'
 'M' 'M' 'M' 'M' 'M' 'M' 'U' 'M' 'M' 'U' 'M' 'M' 'M' 'M' 'M' 'M' 'M' 'M'
 'M' 'M' 'M' 'M' 'M' 'M' 'M' 'M' 'U' 'U' 'M' 'M' 'A' 'U' 'M' 'U' 'U' 'M'
 'M' 'M' 'M' 'U' 'U' 'M' 'U' 'M' 'M' 'M' 'M' 'M' 'M' 'M' 'U' 'M' 'M' 'M']"
55301,0,164,7,157,34,0,0,"['A' 'M' 'M' 'M' 'M' 'M' 'M' 'M' 'M' 'M' 'M' 'M' 'M' 'M' 'M' 'M' 'M' 'M'
 'M' 'M' 'M' 'M' 'M' 'M' 'M' 'M' 'M' 'M' 'M' 'M' 'M' 'M' 'M' 'A' 'M' 'U'
 'M' 'U' 'M' 'M' 'U' 'M' 'M' 'U' 'A' 'M' 'M' 'M' 'M' 'M' 'U' 'M' 'M' 'M'
 'M' 'U' 'U' 'M' 'M' 'M' 'M' 'M' 'M' 'M' 'U' 'M' 'M' 'M' 'M' 'M' 'M' 'M'
 'M' 'M' 'M' 'M' 'M' 'M' 'M' 'U' 'M' 'M' 'U' 'M' 'M' 'M' 'M' 'M' 'M' 'U'
 'M' 'U' 'M' 'U' 'M' 'M' 'M' 'M' 'M' 'M' 'M' 'M' 'M' 'M' 'M' 'M' 'M' 'M'
 'U' 'U' 'U' 'U' 'M' 'M' 'M' 'M' 'M' 'U' 'M' 'M' 'M' 'M' 'M' 'U' 'M' 'M'
 'M' 'M' 'M' 'U' 'M' 'M' 'U' 'A' 'A' 'M' 'M' 'U' 'M' 'U' 'M' 'U' 'M' 'M'
 'M' 'M' 'M' 'M' 'M' 'M' 'U' 'M' 'M' 'U' 'U' 'M' 'M' 'M' 'M' 'M' 'M' 'M'
 'M' 'M' 'M' 'M' 'M' 'M' 'M' 'M' 'M' 'U' 'U' 'M' 'A' 'A' 'M' 'M' 'U' 'M'
 'M' 'M' 'U' 'U' 'M' 'M' 'U' 'M' 'M' 'M' 'M' 'M' 'M' 'M' 'U' 'M' 'M' 'M']"
55401,0,158,9,149,40,0,0,"['A' 'M' 'M' 'M' 'U' 'M' 'M' 'M' 'M' 'M' 'M' 'M' 'M' 'M' 'M' 'M' 'M' 'M'
 'M' 'M' 'M' 'M' 'M' 'M' 'M' 'M' 'U' 'M' 'U' 'M' 'U' 'M' 'M' 'A' 'M' 'A'
 'M' 'M' 'M' 'M' 'U' 'M' 'M' 'M' 'A' 'M' 'M' 'M' 'M' 'U' 'A' 'M' 'M' 'M'
 'M' 'M' 'U' 'M' 'U' 'M' 'M' 'M' 'M' 'M' 'U' 'M' 'M' 'M' 'M' 'M' 'U' 'M'
 'U' 'M' 'U' 'M' 'M' 'M' 'M' 'M' 'M' 'M' 'M' 'M' 'U' 'M' 'M' 'M' 'M' 'M'
 'M' 'M' 'U' 'M' 'M' 'M' 'U' 'M' 'M' 'M' 'M' 'M' 'M' 'M' 'M' 'M' 'M' 'M'
 'U' 'U' 'U' 'U' 'M' 'M' 'M' 'M' 'M' 'U' 'M' 'M' 'M' 'M' 'M' 'U' 'M' 'M'
 'M' 'M' 'M' 'U' 'M' 'U' 'U' 'A' 'A' 'M' 'M' 'U' 'U' 'U' 'M' 'U' 'M' 'M'
 'M' 'M' 'U' 'M' 'M' 'M' 'U' 'M' 'M' 'U' 'U' 'M' 'M' 'U' 'M' 'M' 'M' 'M'
 'M' 'M' 'M' 'M' 'M' 'M' 'M' 'M' 'M' 'U' 'U' 'M' 'A' 'A' 'M' 'U' 'U' 'M'
 'M' 'M' 'U' 'U' 'M' 'M' 'U' 'M' 'M' 'M' 'M' 'M' 'M' 'M' 'M' 'M' 'M' 'M']"
55501,0,153,9,144,45,0,0,"['A' 'M' 'U' 'M' 'M' 'M' 'M' 'M' 'M' 'M' 'M' 'M' 'U' 'M' 'M' 'M' 'M' 'M'
 'M' 'M' 'M' 'M' 'M' 'M' 'M' 'M' 'A' 'M' 'U' 'M' 'U' 'M' 'M' 'A' 'M' 'U'
 'M' 'M' 'M' 'M' 'U' 'M' 'M' 'M' 'A' 'M' 'M' 'M' 'M' 'U' 'A' 'M' 'M' 'M'
 'M' 'M' 'U' 'M' 'U' 'M' 'M' 'M' 'M' 'M' 'U' 'M' 'M' 'M' 'M' 'U' 'M' 'M'
 'M' 'U' 'M' 'M' 'M' 'U' 'M' 'M' 'M' 'M' 'M' 'M' 'M' 'U' 'M' 'M' 'M' 'M'
 'M' 'U' 'M' 'M' 'M' 'M' 'U' 'M' 'M' 'U' 'M' 'M' 'M' 'M' 'M' 'M' 'M' 'M'
 'U' 'U' 'M' 'U' 'M' 'M' 'M' 'M' 'U' 'M' 'M' 'M' 'M' 'M' 'M' 'U' 'M' 'M'
 'M' 'M' 'M' 'U' 'M' 'M' 'U' 'A' 'A' 'U' 'M' 'U' 'U' 'U' 'M' 'U' 'U' 'M'
 'M' 'M' 'U' 'M' 'M' 'U' 'M' 'M' 'M' 'U' 'M' 'M' 'M' 'U' 'U' 'M' 'M' 'U'
 'M' 'M' 'M' 'M' 'M' 'M' 'M' 'M' 'M' 'U' 'U' 'M' 'A' 'A' 'M' 'U' 'U' 'M'
 'M' 'M' 'U' 'U' 'M' 'M' 'U' 'U' 'M' 'M' 'M' 'M' 'M' 'M' 'M' 'U' 'M' 'M']"
55601,1,152,8,144,46,0,0,"['A' 'U' 'M' 'M' 'M' 'M' 'M' 'M' 'M' 'M' 'M' 'M' 'U' 'M' 'M' 'M' 'M' 'M'
 'M' 'M' 'M' 'M' 'M' 'M' 'M' 'M' 'A' 'M' 'U' 'U' 'U' 'M' 'M' 'U' 'M' 'U'
 'M' 'M' 'M' 'M' 'U' 'M' 'M' 'M' 'A' 'M' 'M' 'M' 'M' 'U' 'A' 'M' 'M' 'M'
 'M' 'M' 'M' 'M' 'U' 'M' 'M' 'M' 'M' 'M' 'U' 'M' 'U' 'U' 'M' 'M' 'M' 'M'
 'M' 'M' 'M' 'M' 'M' 'M' 'M' 'M' 'M' 'U' 'M' 'U' 'M' 'M' 'M' 'M' 'M' 'M'
 'M' 'M' 'M' 'U' 'M' 'M' 'U' 'M' 'M' 'M' 'M' 'M' 'M' 'M' 'M' 'M' 'M' 'M'
 'M' 'U' 'M' 'M' 'M' 'M' 'M' 'U' 'U' 'M' 'M' 'M' 'M' 'M' 'M' 'U' 'M' 'M'
 'M' 'M' 'M' 'A' 'U' 'U' 'U' 'A' 'A' 'U' 'U' 'U' 'U' 'U' 'M' 'M' 'U' 'M'
 'M' 'U' 'U' 'M' 'U' 'U' 'M' 'M' 'M' 'U' 'M' 'M' 'M' 'U' 'M' 'U' 'M' 'M'
 'M' 'U' 'M' 'M' 'M' 'M' 'M' 'M' 'M' 'M' 'U' 'M' 'U' 'A' 'M' 'U' 'U' 'M'
 'M' 'M' 'M' 'M' 'M' 'M' 'U' 'U' 'M' 'M' 'M' 'M' 'U' 'M' 'M' 'U' 'M' 'M']"
55701,1,154,8,146,44,0,0,"['A' 'U' 'M' 'M' 'M' 'M' 'M' 'M' 'M' 'M' 'M' 'M' 'M' 'M' 'U' 'M' 'M' 'M'
 'M' 'M' 'M' 'M' 'M' 'M' 'M' 'M' 'A' 'M' 'M' 'U' 'U' 'M' 'M' 'U' 'M' 'U'
 'M' 'M' 'M' 'M' 'U' 'M' 'M' 'M' 'A' 'M' 'M' 'M' 'M' 'U' 'A' 'M' 'M' 'M'
 'M' 'M' 'M' 'M' 'M' 'U' 'M' 'M' 'M' 'M' 'U' 'M' 'M' 'M' 'M' 'M' 'M' 'M'
 'M' 'M' 'M' 'M' 'M' 'U' 'U' 'M' 'M' 'M' 'M' 'M' 'M' 'M' 'M' 'M' 'U' 'M'
 'M' 'U' 'U' 'M' 'M' 'M' 'U' 'M' 'M' 'M' 'M' 'M' 'M' 'M' 'M' 'M' 'M' 'U'
 'M' 'U' 'M' 'M' 'M' 'M' 'M' 'M' 'M' 'M' 'M' 'M' 'M' 'M' 'M' 'U' 'M' 'M'
 'M' 'M' 'M' 'A' 'U' 'U' 'U' 'A' 'A' 'U' 'U' 'U' 'M' 'U' 'M' 'M' 'U' 'M'
 'M' 'U' 'U' 'M' 'U' 'U' 'M' 'M' 'M' 'U' 'M' 'M' 'M' 'U' 'M' 'M' 'M' 'M'
 'M' 'M' 'M' 'U' 'M' 'M' 'M' 'M' 'M' 'M' 'M' 'M' 'U' 'A' 'M' 'U' 'U' 'U'
 'M' 'U' 'M' 'M' 'U' 'M' 'U' 'U' 'M' 'M' 'M' 'M' 'U' 'M' 'M' 'U' 'M' 'M']"
55801,1,168,8,160,30,0,0,"['A' 'M' 'M' 'M' 'M' 'M' 'M' 'M' 'M' 'M' 'M' 'M' 'M' 'M' 'U' 'M' 'M' 'M'
 'M' 'M' 'M' 'M' 'M' 'M' 'M' 'M' 'A' 'M' 'M' 'M' 'M' 'M' 'M' 'U' 'M' 'M'
 'M' 'M' 'M' 'M' 'U' 'M' 'U' 'M' 'A' 'M' 'M' 'M' 'M' 'U' 'A' 'M' 'M' 'M'
 'M' 'M' 'M' 'M' 'M' 'U' 'M' 'M' 'M' 'M' 'U' 'M' 'M' 'M' 'M' 'M' 'U' 'M'
 'M' 'M' 'M' 'M' 'M' 'U' 'M' 'M' 'U' 'M' 'M' 'M' 'M' 'M' 'M' 'M' 'U' 'U'
 'M' 'M' 'M' 'M' 'M' 'M' 'U' 'M' 'M' 'M' 'M' 'M' 'M' 'M' 'M' 'M' 'M' 'M'
 'M' 'M' 'M' 'M' 'U' 'M' 'M' 'M' 'M' 'M' 'M' 'M' 'M' 'M' 'M' 'M' 'M' 'M'
 'M' 'M' 'M' 'U' 'U' 'U' 'U' 'A' 'A' 'U' 'A' 'U' 'U' 'U' 'M' 'M' 'U' 'M'
 'M' 'U' 'U' 'M' 'U' 'M' 'M' 'M' 'M' 'M' 'M' 'M' 'M' 'U' 'M' 'M' 'M' 'M'
 'M' 'M' 'M' 'M' 'M' 'M' 'M' 'M' 'M' 'M' 'M' 'M' 'M' 'A' 'M' 'M' 'M' 'M'
 'M' 'U' 'M' 'M' 'U' 'M' 'U' 'M' 'M' 'M' 'M' 'M' 'M' 'M' 'M' 'M' 'M' 'M']"
55901,1,162,7,155,36,0,0,"['A' 'M' 'M' 'M' 'M' 'M' 'M' 'M' 'M' 'M' 'M' 'M' 'M' 'M' 'U' 'U' 'M' 'M'
 'U' 'M' 'M' 'M' 'M' 'M' 'M' 'M' 'A' 'M' 'M' 'M' 'M' 'M' 'U' 'M' 'M' 'M'
 'M' 'M' 'M' 'M' 'U' 'M' 'M' 'M' 'A' 'M' 'M' 'M' 'M' 'U' 'A' 'M' 'M' 'M'
 'M' 'M' 'M' 'M' 'U' 'U' 'M' 'M' 'M' 'M' 'U' 'M' 'U' 'U' 'M' 'M' 'M' 'U'
 'M' 'M' 'M' 'M' 'M' 'M' 'M' 'M' 'M' 'M' 'M' 'U' 'M' 'M' 'M' 'M' 'M' 'M'
 'M' 'M' 'M' 'U' 'M' 'M' 'A' 'M' 'M' 'M' 'M' 'M' 'M' 'M' 'M' 'M' 'M' 'M'
 'M' 'M' 'M' 'M' 'U' 'M' 'M' 'M' 'M' 'M' 'M' 'M' 'M' 'M' 'M' 'M' 'M' 'M'
 'M' 'M' 'M' 'U' 'U' 'U' 'U' 'A' 'U' 'U' 'U' 'U' 'U' 'U' 'M' 'M' 'U' 'M'
 'M' 'U' 'U' 'M' 'U' 'M' 'M' 'M' 'M' 'M' 'M' 'M' 'U' 'M' 'M' 'M' 'M' 'M'
 'M' 'M' 'M' 'M' 'M' 'M' 'M' 'M' 'M' 'M' 'M' 'M' 'M' 'A' 'M' 'M' 'M' 'M'
 'M' 'U' 'M' 'M' 'U' 'M' 'U' 'M' 'U' 'M' 'M' 'M' 'U' 'M' 'M' 'M' 'U' 'M']"
56001,0,158,5,153,40,0,0,"['A' 'M' 'M' 'M' 'M' 'A' 'M' 'M' 'M' 'M' 'M' 'M' 'M' 'M' 'U' 'A' 'M' 'M'
 'M' 'M' 'U' 'M' 'M' 'M' 'M' 'M' 'A' 'M' 'M' 'M' 'M' 'M' 'U' 'M' 'M' 'M'
 'M' 'M' 'M' 'M' 'U' 'M' 'U' 'M' 'U' 'M' 'M' 'M' 'U' 'U' 'U' 'M' 'U' 'M'
 'M' 'M' 'M' 'M' 'U' 'M' 'M' 'M' 'M' 'M' 'U' 'M' 'M' 'M' 'U' 'U' 'M' 'M'
 'M' 'M' 'U' 'M' 'M' 'M' 'M' 'M' 'M' 'M' 'M' 'M' 'M' 'U' 'M' 'M' 'M' 'M'
 'M' 'M' 'M' 'U' 'M' 'M' 'U' 'M' 'M' 'M' 'M' 'M' 'M' 'M' 'M' 'M' 'M' 'M'
 'M' 'M' 'M' 'U' 'U' 'M' 'M' 'M' 'M' 'M' 'M' 'M' 'M' 'M' 'M' 'M' 'M' 'M'
 'M' 'M' 'M' 'U' 'U' 'U' 'U' 'M' 'U' 'U' 'U' 'U' 'U' 'U' 'M' 'M' 'U' 'M'
 'M' 'U' 'U' 'M' 'U' 'M' 'M' 'M' 'M' 'M' 'M' 'M' 'U' 'M' 'M' 'M' 'M' 'M'
 'M' 'M' 'M' 'M' 'M' 'M' 'M' 'M' 'M' 'M' 'U' 'M' 'M' 'A' 'M' 'M' 'M' 'M'
 'M' 'M' 'M' 'M' 'U' 'M' 'U' 'M' 'M' 'M' 'M' 'M' 'U' 'M' 'M' 'M' 'U' 'M']"
56101,0,156,5,151,42,1,0,"['A' 'M' 'M' 'M' 'M' 'U' 'M' 'M' 'M' 'M' 'M' 'M' 'M' 'M' 'U' 'A' 'M' 'M'
 'M' 'M' 'U' 'M' 'M' 'M' 'M' 'M' 'A' 'M' 'M' 'M' 'M' 'M' 'M' 'M' 'M' 'M'
 'M' 'M' 'M' 'M' 'M' 'M' 'U' 'M' 'U' 'U' 'M' 'M' 'M' 'U' 'U' 'M' 'U' 'M'
 'M' 'M' 'M' 'M' 'M' 'M' 'M' 'M' 'M' 'M' 'U' 'M' 'M' 'M' 'M' 'M' 'M' 'M'
 'M' 'M' 'M' 'M' 'M' 'M' 'M' 'U' 'M' 'M' 'M' 'U' 'M' 'U' 'U' 'M' 'M' 'M'
 'U' 'M' 'M' 'M' 'M' 'M' 'U' 'M' 'M' 'M' 'M' 'M' 'M' 'M' 'M' 'M' 'M' 'M'
 'M' 'M' 'M' 'M' 'A' 'M' 'M' 'M' 'M' 'M' 'M' 'M' 'M' 'M' 'M' 'M' 'M' 'M'
 'M' 'M' 'M' 'U' 'U' 'U' 'U' 'U' 'U' 'U' 'U' 'U' 'U' 'A' 'U' 'M' 'M' 'U'
 'M' 'U' 'U' 'M' 'U' 'M' 'M' 'U' 'M' 'M' 'M' 'M' 'U' 'M' 'M' 'M' 'M' 'M'
 'M' 'U' 'U' 'M' 'M' 'M' 'M' 'M' 'M' 'M' 'U' 'M' 'M' 'U' 'M' 'M' 'M' 'U'
 'M' 'M' 'M' 'M' 'M' 'M' 'U' 'M' 'M' 'M' 'U' 'M' 'U' 'M' 'M' 'M' 'U' 'M']"
56201,0,160,6,154,38,0,0,"['A' 'M' 'M' 'M' 'U' 'M' 'M' 'M' 'M' 'M' 'M' 'M' 'M' 'M' 'U' 'A' 'M' 'M'
 'U' 'M' 'M' 'M' 'M' 'M' 'M' 'M' 'A' 'M' 'M' 'M' 'M' 'M' 'M' 'M' 'M' 'M'
 'M' 'M' 'U' 'M' 'M' 'M' 'M' 'M' 'U' 'U' 'M' 'M' 'M' 'U' 'M' 'M' 'U' 'M'
 'M' 'M' 'M' 'M' 'M' 'M' 'M' 'M' 'M' 'M' 'U' 'M' 'M' 'M' 'M' 'U' 'U' 'M'
 'U' 'M' 'M' 'M' 'M' 'M' 'M' 'M' 'U' 'M' 'M' 'M' 'M' 'M' 'M' 'M' 'M' 'M'
 'M' 'M' 'M' 'U' 'M' 'M' 'U' 'M' 'M' 'M' 'M' 'U' 'M' 'M' 'M' 'U' 'M' 'M'
 'M' 'M' 'M' 'M' 'A' 'M' 'M' 'M' 'M' 'M' 'M' 'M' 'M' 'M' 'M' 'U' 'M' 'M'
 'M' 'M' 'M' 'U' 'M' 'U' 'U' 'U' 'M' 'U' 'U' 'U' 'U' 'A' 'U' 'M' 'M' 'U'
 'M' 'U' 'U' 'M' 'U' 'M' 'M' 'M' 'M' 'M' 'M' 'M' 'U' 'M' 'M' 'M' 'M' 'M'
 'M' 'U' 'M' 'M' 'M' 'M' 'M' 'M' 'M' 'M' 'U' 'M' 'M' 'U' 'M' 'M' 'M' 'A'
 'M' 'M' 'M' 'M' 'M' 'M' 'M' 'M' 'M' 'M' 'U' 'M' 'U' 'M' 'M' 'M' 'U' 'M']"
56301,0,165,5,160,33,0,0,"['A' 'M' 'M' 'M' 'M' 'U' 'M' 'M' 'M' 'U' 'M' 'M' 'M' 'M' 'M' 'A' 'M' 'M'
 'M' 'M' 'M' 'M' 'M' 'M' 'M' 'M' 'A' 'M' 'M' 'M' 'M' 'M' 'M' 'M' 'M' 'M'
 'M' 'M' 'U' 'M' 'U' 'A' 'U' 'M' 'U' 'M' 'M' 'M' 'M' 'M' 'M' 'M' 'U' 'M'
 'M' 'M' 'M' 'U' 'M' 'M' 'M' 'M' 'M' 'M' 'U' 'M' 'M' 'M' 'M' 'M' 'M' 'U'
 'M' 'M' 'M' 'M' 'M' 'M' 'M' 'M' 'M' 'M' 'U' 'M' 'M' 'M' 'M' 'U' 'M' 'M'
 'M' 'M' 'M' 'U' 'U' 'M' 'U' 'M' 'M' 'M' 'M' 'U' 'M' 'M' 'M' 'U' 'M' 'M'
 'M' 'M' 'M' 'M' 'A' 'M' 'M' 'M' 'M' 'M' 'M' 'M' 'M' 'M' 'M' 'M' 'M' 'M'
 'M' 'M' 'M' 'U' 'M' 'U' 'U' 'U' 'U' 'M' 'U' 'U' 'U' 'U' 'U' 'M' 'M' 'M'
 'M' 'U' 'M' 'M' 'M' 'M' 'M' 'M' 'M' 'M' 'M' 'M' 'U' 'M' 'M' 'M' 'M' 'M'
 'M' 'U' 'M' 'M' 'M' 'M' 'M' 'M' 'M' 'M' 'U' 'M' 'M' 'M' 'M' 'M' 'M' 'U'
 'M' 'M' 'M' 'M' 'M' 'M' 'M' 'M' 'M' 'M' 'M' 'M' 'M' 'M' 'M' 'M' 'U' 'M']"
56401,0,163,5,158,35,0,0,"['A' 'M' 'M' 'M' 'M' 'M' 'M' 'M' 'M' 'U' 'M' 'M' 'M' 'M' 'M' 'A' 'M' 'U'
 'M' 'M' 'M' 'M' 'M' 'U' 'M' 'M' 'A' 'M' 'M' 'M' 'M' 'M' 'M' 'M' 'M' 'U'
 'M' 'M' 'U' 'M' 'U' 'A' 'U' 'M' 'U' 'M' 'U' 'M' 'M' 'M' 'M' 'U' 'U' 'M'
 'M' 'M' 'M' 'U' 'M' 'M' 'M' 'M' 'M' 'M' 'U' 'M' 'M' 'U' 'U' 'M' 'M' 'M'
 'M' 'M' 'M' 'M' 'M' 'M' 'M' 'M' 'M' 'M' 'M' 'M' 'M' 'M' 'M' 'M' 'U' 'U'
 'U' 'M' 'M' 'M' 'M' 'M' 'U' 'M' 'M' 'M' 'M' 'M' 'M' 'M' 'M' 'U' 'M' 'M'
 'M' 'M' 'M' 'M' 'A' 'M' 'M' 'M' 'M' 'M' 'M' 'M' 'M' 'M' 'M' 'M' 'M' 'U'
 'M' 'M' 'M' 'U' 'M' 'U' 'M' 'M' 'U' 'U' 'U' 'U' 'U' 'U' 'U' 'M' 'M' 'M'
 'M' 'M' 'M' 'M' 'M' 'M' 'M' 'M' 'M' 'M' 'M' 'M' 'U' 'M' 'M' 'M' 'M' 'M'
 'M' 'U' 'M' 'U' 'M' 'M' 'M' 'M' 'M' 'M' 'U' 'M' 'M' 'M' 'M' 'M' 'M' 'M'
 'M' 'M' 'M' 'M' 'M' 'M' 'M' 'M' 'M' 'M' 'M' 'M' 'M' 'M' 'M' 'M' 'U' 'M']"
56501,0,162,4,158,36,0,0,"['A' 'M' 'M' 'M' 'M' 'M' 'M' 'M' 'M' 'U' 'M' 'M' 'M' 'M' 'M' 'U' 'M' 'U'
 'M' 'M' 'M' 'M' 'M' 'U' 'M' 'M' 'U' 'M' 'M' 'M' 'M' 'M' 'M' 'M' 'M' 'M'
 'M' 'M' 'U' 'M' 'U' 'A' 'U' 'M' 'A' 'M' 'M' 'M' 'M' 'U' 'U' 'U' 'M' 'M'
 'M' 'U' 'M' 'U' 'M' 'M' 'M' 'M' 'M' 'M' 'M' 'M' 'M' 'M' 'M' 'M' 'M' 'M'
 'M' 'M' 'M' 'U' 'M' 'M' 'M' 'M' 'M' 'M' 'U' 'M' 'M' 'M' 'M' 'U' 'M' 'M'
 'U' 'M' 'U' 'M' 'M' 'M' 'U' 'M' 'M' 'M' 'M' 'M' 'M' 'M' 'M' 'U' 'M' 'M'
 'M' 'M' 'U' 'M' 'A' 'M' 'M' 'M' 'M' 'M' 'M' 'M' 'M' 'U' 'M' 'M' 'M' 'M'
 'M' 'M' 'M' 'U' 'M' 'U' 'M' 'M' 'U' 'U' 'U' 'U' 'M' 'M' 'U' 'M' 'M' 'M'
 'M' 'M' 'M' 'M' 'M' 'M' 'M' 'M' 'M' 'M' 'U' 'M' 'U' 'M' 'M' 'M' 'M' 'M'
 'M' 'U' 'M' 'U' 'M' 'M' 'M' 'M' 'M' 'M' 'U' 'M' 'M' 'M' 'M' 'M' 'M' 'M'
 'M' 'M' 'M' 'M' 'M' 'M' 'M' 'M' 'U' 'M' 'M' 'M' 'M' 'M' 'M' 'M' 'U' 'M']"
56601,0,160,3,157,38,0,1,"['A' 'M' 'M' 'M' 'M' 'M' 'M' 'M' 'M' 'M' 'M' 'M' 'M' 'M' 'M' 'U' 'M' 'M'
 'M' 'U' 'M' 'M' 'M' 'U' 'M' 'M' 'U' 'M' 'M' 'M' 'M' 'M' 'M' 'M' 'M' 'M'
 'M' 'M' 'M' 'M' 'U' 'A' 'M' 'M' 'U' 'M' 'M' 'M' 'M' 'U' 'U' 'U' 'M' 'M'
 'M' 'M' 'M' 'U' 'M' 'M' 'M' 'M' 'M' 'M' 'M' 'M' 'M' 'U' 'M' 'U' 'M' 'M'
 'M' 'U' 'M' 'M' 'M' 'M' 'M' 'M' 'M' 'M' 'U' 'M' 'M' 'M' 'M' 'M' 'U' 'M'
 'M' 'M' 'M' 'M' 'M' 'M' 'M' 'M' 'M' 'M' 'M' 'M' 'M' 'M' 'M' 'U' 'U' 'M'
 'M' 'M' 'M' 'M' 'A' 'M' 'M' 'M' 'M' 'M' 'U' 'M' 'U' 'M' 'M' 'M' 'M' 'M'
 'M' 'M' 'M' 'U' 'M' 'U' 'U' 'U' 'U' 'U' 'U' 'U' 'U' 'M' 'U' 'M' 'M' 'M'
 'M' 'M' 'M' 'M' 'M' 'M' 'M' 'M' 'M' 'M' 'M' 'M' 'U' 'M' 'M' 'M' 'M' 'M'
 'U' 'U' 'M' 'U' 'M' 'M' 'M' 'M' 'M' 'M' 'M' 'M' 'M' 'M' 'M' 'M' 'M' 'M'
 'U' 'M' 'M' 'M' 'M' 'M' 'M' 'M' 'U' 'M' 'U' 'M' 'M' 'M' 'M' 'U' 'U' 'M']"
56701,0,162,3,159,36,0,1,"['A' 'M' 'M' 'M' 'M' 'M' 'M' 'M' 'M' 'M' 'M' 'M' 'M' 'U' 'M' 'U' 'M' 'M'
 'M' 'M' 'M' 'M' 'M' 'M' 'M' 'M' 'M' 'M' 'M' 'M' 'M' 'M' 'M' 'M' 'M' 'M'
 'M' 'M' 'M' 'M' 'U' 'U' 'M' 'M' 'M' 'M' 'M' 'M' 'M' 'U' 'M' 'U' 'M' 'M'
 'M' 'M' 'M' 'U' 'M' 'M' 'M' 'M' 'M' 'M' 'M' 'M' 'M' 'M' 'M' 'U' 'U' 'M'
 'M' 'M' 'M' 'M' 'M' 'U' 'M' 'M' 'M' 'M' 'M' 'M' 'M' 'M' 'M' 'M' 'U' 'M'
 'M' 'M' 'M' 'M' 'U' 'M' 'M' 'M' 'M' 'M' 'M' 'M' 'M' 'M' 'M' 'U' 'U' 'M'
 'M' 'M' 'A' 'M' 'U' 'M' 'M' 'M' 'M' 'M' 'U' 'M' 'U' 'M' 'M' 'M' 'M' 'M'
 'M' 'M' 'M' 'U' 'M' 'U' 'U' 'U' 'U' 'U' 'U' 'U' 'U' 'M' 'U' 'M' 'M' 'M'
 'M' 'M' 'M' 'U' 'M' 'M' 'M' 'M' 'M' 'M' 'M' 'M' 'M' 'M' 'M' 'M' 'U' 'M'
 'U' 'U' 'M' 'U' 'M' 'M' 'M' 'M' 'M' 'M' 'M' 'M' 'M' 'M' 'M' 'M' 'M' 'M'
 'A' 'M' 'M' 'M' 'M' 'M' 'M' 'U' 'U' 'M' 'M' 'M' 'M' 'U' 'M' 'U' 'M' 'M']"
56801,0,164,4,160,34,0,0,"['A' 'M' 'M' 'M' 'U' 'M' 'M' 'M' 'M' 'M' 'M' 'M' 'M' 'M' 'M' 'U' 'M' 'M'
 'M' 'M' 'M' 'M' 'M' 'M' 'U' 'M' 'M' 'M' 'M' 'M' 'U' 'M' 'M' 'M' 'M' 'M'
 'M' 'M' 'M' 'M' 'U' 'U' 'M' 'M' 'M' 'M' 'M' 'M' 'M' 'U' 'M' 'M' 'M' 'M'
 'M' 'M' 'U' 'U' 'M' 'M' 'M' 'M' 'M' 'M' 'M' 'U' 'M' 'M' 'M' 'M' 'U' 'M'
 'U' 'M' 'M' 'U' 'M' 'M' 'M' 'M' 'M' 'M' 'M' 'M' 'M' 'M' 'M' 'U' 'M' 'M'
 'M' 'M' 'M' 'M' 'M' 'M' 'M' 'M' 'M' 'M' 'M' 'M' 'M' 'M' 'M' 'U' 'A' 'M'
 'M' 'M' 'A' 'M' 'U' 'M' 'M' 'M' 'M' 'M' 'M' 'M' 'M' 'M' 'M' 'M' 'M' 'M'
 'M' 'M' 'M' 'U' 'M' 'U' 'U' 'U' 'U' 'U' 'U' 'M' 'U' 'M' 'U' 'M' 'M' 'M'
 'M' 'M' 'M' 'U' 'M' 'M' 'M' 'M' 'M' 'M' 'M' 'M' 'U' 'M' 'M' 'M' 'U' 'M'
 'U' 'M' 'M' 'U' 'M' 'M' 'M' 'M' 'M' 'M' 'M' 'M' 'M' 'M' 'M' 'M' 'M' 'M'
 'A' 'M' 'M' 'M' 'M' 'M' 'M' 'U' 'U' 'M' 'M' 'M' 'M' 'U' 'M' 'U' 'M' 'M']"
56901,0,162,4,158,36,0,0,"['A' 'M' 'M' 'M' 'U' 'U' 'M' 'M' 'M' 'M' 'M' 'M' 'M' 'M' 'M' 'U' 'M' 'M'
 'M' 'M' 'M' 'M' 'M' 'M' 'U' 'M' 'M' 'M' 'M' 'M' 'U' 'M' 'M' 'M' 'M' 'M'
 'U' 'M' 'M' 'M' 'U' 'U' 'M' 'M' 'M' 'M' 'M' 'M' 'M' 'U' 'M' 'M' 'M' 'M'
 'M' 'M' 'U' 'U' 'M' 'M' 'M' 'M' 'M' 'M' 'M' 'M' 'M' 'M' 'U' 'M' 'M' 'U'
 'M' 'M' 'M' 'M' 'M' 'M' 'U' 'M' 'M' 'M' 'U' 'M' 'U' 'M' 'M' 'M' 'M' 'M'
 'M' 'M' 'M' 'M' 'M' 'U' 'M' 'M' 'M' 'M' 'M' 'M' 'M' 'M' 'M' 'M' 'U' 'M'
 'M' 'M' 'A' 'M' 'U' 'M' 'M' 'M' 'M' 'M' 'M' 'M' 'M' 'M' 'U' 'U' 'M' 'M'
 'M' 'M' 'M' 'M' 'M' 'U' 'U' 'U' 'U' 'M' 'M' 'M' 'U' 'U' 'U' 'M' 'M' 'M'
 'M' 'M' 'M' 'U' 'M' 'M' 'M' 'U' 'M' 'M' 'M' 'M' 'U' 'M' 'M' 'M' 'U' 'M'
 'A' 'M' 'M' 'M' 'M' 'M' 'M' 'M' 'M' 'M' 'U' 'M' 'M' 'M' 'M' 'M' 'M' 'M'
 'A' 'M' 'U' 'M' 'M' 'M' 'M' 'U' 'M' 'M' 'M' 'U' 'M' 'M' 'M' 'M' 'M' 'M']"
57001,1,167,6,161,31,0,0,"['A' 'M' 'M' 'M' 'U' 'U' 'M' 'M' 'M' 'M' 'M' 'M' 'M' 'M' 'M' 'U' 'M' 'M'
 'M' 'M' 'M' 'M' 'M' 'M' 'U' 'M' 'M' 'M' 'M' 'M' 'U' 'M' 'M' 'M' 'M' 'M'
 'M' 'M' 'M' 'M' 'U' 'U' 'M' 'M' 'M' 'M' 'M' 'M' 'M' 'U' 'M' 'M' 'M' 'U'
 'M' 'M' 'U' 'U' 'M' 'M' 'M' 'M' 'M' 'U' 'M' 'M' 'U' 'M' 'M' 'U' 'M' 'M'
 'M' 'M' 'M' 'M' 'M' 'M' 'M' 'M' 'M' 'M' 'M' 'M' 'U' 'M' 'M' 'M' 'M' 'M'
 'M' 'M' 'M' 'U' 'U' 'U' 'M' 'M' 'M' 'M' 'M' 'M' 'M' 'M' 'M' 'M' 'M' 'U'
 'M' 'M' 'A' 'M' 'A' 'M' 'M' 'M' 'M' 'M' 'M' 'M' 'M' 'M' 'U' 'U' 'M' 'M'
 'M' 'M' 'M' 'M' 'M' 'M' 'U' 'U' 'M' 'U' 'A' 'U' 'U' 'U' 'U' 'M' 'M' 'M'
 'M' 'M' 'M' 'M' 'M' 'M' 'M' 'U' 'M' 'M' 'M' 'M' 'M' 'M' 'M' 'M' 'M' 'M'
 'A' 'M' 'M' 'M' 'M' 'M' 'M' 'M' 'M' 'M' 'M' 'M' 'M' 'M' 'M' 'M' 'M' 'M'
 'A' 'M' 'U' 'M' 'M' 'M' 'M' 'U' 'M' 'M' 'M' 'M' 'M' 'M' 'M' 'M' 'M' 'M']"
57101,0,161,6,155,37,0,0,"['A' 'M' 'M' 'M' 'U' 'M' 'M' 'M' 'M' 'M' 'U' 'M' 'M' 'M' 'M' 'M' 'M' 'M'
 'M' 'M' 'M' 'M' 'M' 'M' 'M' 'M' 'M' 'M' 'M' 'M' 'U' 'M' 'M' 'M' 'M' 'M'
 'U' 'M' 'M' 'M' 'U' 'M' 'M' 'M' 'M' 'M' 'M' 'M' 'M' 'U' 'M' 'M' 'U' 'M'
 'M' 'M' 'U' 'U' 'M' 'M' 'M' 'M' 'M' 'U' 'M' 'U' 'U' 'M' 'M' 'M' 'M' 'M'
 'M' 'M' 'M' 'M' 'M' 'U' 'M' 'M' 'M' 'M' 'M' 'U' 'M' 'M' 'M' 'M' 'M' 'M'
 'M' 'U' 'M' 'M' 'M' 'U' 'M' 'M' 'M' 'M' 'M' 'U' 'M' 'M' 'M' 'M' 'M' 'U'
 'M' 'M' 'A' 'M' 'A' 'M' 'U' 'M' 'M' 'M' 'U' 'U' 'M' 'M' 'M' 'U' 'M' 'M'
 'M' 'M' 'M' 'M' 'M' 'M' 'U' 'U' 'U' 'U' 'A' 'U' 'U' 'U' 'U' 'M' 'M' 'U'
 'M' 'M' 'M' 'M' 'M' 'M' 'U' 'U' 'U' 'M' 'M' 'U' 'M' 'M' 'M' 'M' 'M' 'M'
 'U' 'M' 'M' 'M' 'M' 'M' 'M' 'M' 'M' 'M' 'M' 'M' 'M' 'M' 'M' 'M' 'M' 'M'
 'A' 'M' 'A' 'M' 'M' 'M' 'M' 'M' 'M' 'U' 'M' 'M' 'M' 'M' 'M' 'M' 'M' 'M']"
57201,0,161,6,155,37,0,0,"['A' 'M' 'M' 'M' 'M' 'M' 'M' 'M' 'M' 'M' 'U' 'M' 'M' 'M' 'M' 'M' 'M' 'M'
 'M' 'M' 'M' 'M' 'M' 'M' 'M' 'M' 'M' 'M' 'M' 'M' 'U' 'M' 'M' 'M' 'M' 'M'
 'U' 'M' 'M' 'M' 'M' 'M' 'M' 'M' 'M' 'M' 'M' 'M' 'M' 'U' 'M' 'M' 'U' 'M'
 'M' 'M' 'U' 'U' 'M' 'M' 'M' 'M' 'M' 'M' 'M' 'U' 'M' 'M' 'M' 'M' 'M' 'M'
 'U' 'M' 'M' 'M' 'M' 'M' 'M' 'M' 'M' 'M' 'U' 'M' 'U' 'M' 'M' 'M' 'M' 'M'
 'M' 'M' 'M' 'U' 'M' 'U' 'M' 'M' 'M' 'M' 'M' 'U' 'M' 'M' 'M' 'M' 'M' 'U'
 'M' 'M' 'A' 'M' 'A' 'U' 'U' 'M' 'M' 'M' 'U' 'U' 'M' 'M' 'M' 'U' 'M' 'M'
 'M' 'M' 'M' 'M' 'M' 'M' 'U' 'U' 'U' 'U' 'A' 'U' 'U' 'U' 'U' 'M' 'M' 'U'
 'M' 'M' 'M' 'M' 'M' 'M' 'U' 'M' 'U' 'M' 'U' 'U' 'M' 'M' 'M' 'M' 'M' 'M'
 'U' 'U' 'U' 'M' 'M' 'M' 'M' 'M' 'M' 'M' 'M' 'M' 'M' 'M' 'M' 'M' 'M' 'M'
 'U' 'M' 'A' 'M' 'M' 'M' 'M' 'M' 'M' 'A' 'M' 'M' 'M' 'M' 'M' 'M' 'M' 'M']"
57301,0,165,6,159,33,0,0,"['A' 'M' 'M' 'M' 'M' 'M' 'M' 'M' 'M' 'M' 'U' 'M' 'M' 'M' 'M' 'M' 'M' 'M'
 'M' 'M' 'M' 'M' 'M' 'M' 'M' 'M' 'M' 'M' 'M' 'M' 'U' 'M' 'M' 'M' 'M' 'M'
 'M' 'M' 'M' 'M' 'M' 'M' 'M' 'M' 'M' 'M' 'M' 'M' 'M' 'U' 'M' 'M' 'U' 'A'
 'M' 'M' 'U' 'U' 'U' 'M' 'M' 'M' 'M' 'M' 'M' 'U' 'M' 'U' 'M' 'M' 'M' 'M'
 'U' 'M' 'M' 'M' 'M' 'U' 'M' 'M' 'M' 'M' 'M' 'M' 'M' 'M' 'M' 'M' 'M' 'M'
 'M' 'M' 'U' 'M' 'M' 'M' 'M' 'M' 'M' 'M' 'M' 'U' 'M' 'M' 'U' 'M' 'M' 'U'
 'M' 'M' 'A' 'M' 'U' 'M' 'U' 'M' 'M' 'M' 'U' 'U' 'M' 'M' 'M' 'M' 'M' 'M'
 'M' 'M' 'M' 'M' 'M' 'M' 'M' 'U' 'M' 'U' 'A' 'U' 'U' 'M' 'U' 'M' 'M' 'U'
 'M' 'M' 'M' 'M' 'M' 'M' 'U' 'M' 'U' 'M' 'M' 'U' 'M' 'M' 'M' 'M' 'M' 'M'
 'U' 'U' 'U' 'M' 'M' 'M' 'M' 'M' 'M' 'M' 'M' 'M' 'M' 'M' 'M' 'M' 'U' 'M'
 'U' 'M' 'A' 'M' 'M' 'M' 'M' 'M' 'M' 'A' 'M' 'M' 'M' 'M' 'M' 'M' 'M' 'M']"
57401,0,163,7,156,35,0,0,"['A' 'M' 'M' 'M' 'M' 'M' 'M' 'M' 'M' 'M' 'U' 'M' 'M' 'M' 'M' 'M' 'M' 'M'
 'M' 'M' 'M' 'U' 'M' 'M' 'M' 'M' 'M' 'M' 'M' 'M' 'M' 'M' 'M' 'M' 'M' 'M'
 'M' 'M' 'M' 'M' 'U' 'U' 'M' 'M' 'M' 'M' 'M' 'M' 'M' 'U' 'M' 'M' 'U' 'A'
 'M' 'M' 'U' 'A' 'U' 'M' 'M' 'M' 'M' 'M' 'U' 'M' 'M' 'M' 'M' 'M' 'M' 'M'
 'M' 'M' 'U' 'M' 'M' 'M' 'M' 'U' 'M' 'M' 'M' 'M' 'U' 'M' 'M' 'M' 'M' 'U'
 'U' 'M' 'M' 'M' 'M' 'M' 'M' 'M' 'M' 'M' 'M' 'U' 'M' 'U' 'U' 'M' 'M' 'U'
 'M' 'M' 'A' 'M' 'U' 'M' 'M' 'M' 'M' 'M' 'U' 'U' 'M' 'M' 'M' 'M' 'M' 'M'
 'M' 'M' 'M' 'U' 'M' 'M' 'M' 'U' 'M' 'U' 'A' 'M' 'M' 'M' 'U' 'M' 'M' 'U'
 'M' 'M' 'M' 'M' 'M' 'M' 'M' 'M' 'U' 'M' 'M' 'U' 'M' 'M' 'M' 'U' 'M' 'M'
 'U' 'A' 'M' 'M' 'M' 'M' 'M' 'U' 'M' 'M' 'M' 'M' 'M' 'M' 'M' 'M' 'U' 'M'
 'M' 'M' 'A' 'U' 'M' 'M' 'M' 'M' 'M' 'U' 'M' 'U' 'M' 'M' 'M' 'M' 'M' 'M']"
57501,1,156,5,151,42,0,0,"['A' 'M' 'U' 'M' 'M' 'M' 'M' 'M' 'M' 'U' 'U' 'M' 'M' 'M' 'M' 'M' 'M' 'M'
 'M' 'M' 'M' 'U' 'M' 'M' 'M' 'M' 'M' 'M' 'M' 'M' 'M' 'M' 'M' 'M' 'M' 'M'
 'M' 'M' 'M' 'M' 'U' 'M' 'M' 'M' 'M' 'U' 'M' 'M' 'M' 'U' 'M' 'M' 'U' 'A'
 'M' 'M' 'U' 'U' 'U' 'M' 'M' 'M' 'M' 'M' 'M' 'M' 'M' 'M' 'U' 'M' 'M' 'M'
 'M' 'M' 'M' 'U' 'U' 'M' 'U' 'M' 'M' 'M' 'M' 'U' 'M' 'M' 'M' 'M' 'M' 'M'
 'M' 'M' 'M' 'M' 'M' 'M' 'M' 'M' 'M' 'U' 'M' 'U' 'M' 'U' 'U' 'M' 'U' 'U'
 'M' 'M' 'A' 'M' 'U' 'M' 'M' 'M' 'M' 'M' 'U' 'U' 'M' 'M' 'M' 'M' 'M' 'M'
 'M' 'M' 'M' 'U' 'M' 'U' 'M' 'M' 'M' 'M' 'U' 'M' 'M' 'M' 'U' 'M' 'M' 'U'
 'M' 'M' 'M' 'M' 'M' 'M' 'M' 'U' 'M' 'M' 'M' 'U' 'M' 'M' 'M' 'M' 'M' 'U'
 'U' 'A' 'M' 'M' 'U' 'M' 'M' 'U' 'M' 'M' 'M' 'M' 'M' 'M' 'M' 'U' 'U' 'M'
 'M' 'M' 'A' 'U' 'M' 'M' 'M' 'M' 'M' 'U' 'M' 'U' 'M' 'U' 'M' 'M' 'M' 'M']"
57601,0,155,2,153,43,0,0,"['A' 'U' 'U' 'U' 'M' 'M' 'M' 'M' 'M' 'U' 'U' 'M' 'M' 'M' 'M' 'M' 'M' 'M'
 'M' 'M' 'M' 'U' 'M' 'M' 'M' 'M' 'M' 'M' 'M' 'M' 'M' 'U' 'M' 'M' 'M' 'M'
 'M' 'M' 'M' 'M' 'U' 'M' 'M' 'M' 'M' 'U' 'M' 'M' 'M' 'M' 'M' 'M' 'M' 'A'
 'M' 'M' 'U' 'U' 'U' 'M' 'M' 'M' 'M' 'M' 'M' 'U' 'M' 'M' 'M' 'M' 'M' 'M'
 'M' 'M' 'M' 'M' 'M' 'M' 'M' 'M' 'M' 'U' 'M' 'M' 'M' 'M' 'M' 'M' 'M' 'U'
 'M' 'U' 'M' 'U' 'M' 'M' 'M' 'M' 'M' 'M' 'M' 'M' 'M' 'U' 'U' 'M' 'M' 'M'
 'M' 'M' 'U' 'M' 'U' 'M' 'M' 'M' 'M' 'M' 'U' 'U' 'M' 'U' 'M' 'M' 'M' 'M'
 'M' 'M' 'M' 'U' 'M' 'U' 'M' 'U' 'U' 'M' 'U' 'U' 'U' 'M' 'U' 'M' 'M' 'M'
 'M' 'M' 'M' 'M' 'M' 'M' 'M' 'U' 'M' 'M' 'M' 'U' 'M' 'M' 'M' 'M' 'M' 'M'
 'U' 'U' 'M' 'M' 'U' 'M' 'M' 'M' 'M' 'M' 'M' 'M' 'M' 'M' 'M' 'U' 'M' 'M'
 'M' 'M' 'U' 'U' 'M' 'M' 'M' 'M' 'M' 'U' 'M' 'U' 'M' 'U' 'M' 'M' 'M' 'M']"
57701,0,145,1,144,53,0,0,"['A' 'U' 'U' 'U' 'M' 'M' 'M' 'M' 'M' 'U' 'U' 'M' 'M' 'M' 'M' 'U' 'U' 'M'
 'M' 'M' 'M' 'U' 'M' 'M' 'U' 'M' 'M' 'M' 'M' 'M' 'M' 'U' 'M' 'M' 'U' 'M'
 'M' 'M' 'U' 'M' 'U' 'M' 'M' 'M' 'M' 'U' 'M' 'M' 'M' 'M' 'M' 'M' 'M' 'U'
 'M' 'M' 'U' 'U' 'U' 'M' 'M' 'M' 'M' 'U' 'M' 'M' 'M' 'U' 'M' 'M' 'U' 'M'
 'M' 'U' 'M' 'U' 'M' 'M' 'M' 'U' 'M' 'M' 'M' 'M' 'M' 'M' 'M' 'M' 'M' 'M'
 'M' 'M' 'M' 'M' 'M' 'M' 'M' 'M' 'M' 'M' 'M' 'M' 'M' 'U' 'U' 'U' 'M' 'M'
 'M' 'M' 'U' 'M' 'M' 'M' 'M' 'M' 'M' 'M' 'U' 'U' 'M' 'U' 'M' 'M' 'M' 'M'
 'M' 'M' 'M' 'U' 'M' 'U' 'U' 'U' 'M' 'M' 'U' 'M' 'U' 'M' 'U' 'M' 'M' 'M'
 'M' 'M' 'M' 'M' 'M' 'M' 'M' 'U' 'M' 'M' 'M' 'M' 'M' 'M' 'M' 'M' 'M' 'M'
 'U' 'M' 'U' 'M' 'U' 'M' 'U' 'M' 'M' 'M' 'M' 'M' 'M' 'U' 'U' 'U' 'M' 'M'
 'M' 'M' 'U' 'U' 'M' 'M' 'M' 'M' 'M' 'U' 'U' 'U' 'M' 'U' 'M' 'M' 'U' 'M']"
57801,0,154,2,152,44,0,1,"['A' 'M' 'U' 'M' 'M' 'M' 'M' 'M' 'M' 'U' 'M' 'M' 'M' 'M' 'M' 'M' 'M' 'M'
 'M' 'M' 'U' 'M' 'M' 'M' 'U' 'M' 'M' 'M' 'M' 'M' 'M' 'U' 'M' 'M' 'U' 'M'
 'M' 'M' 'M' 'M' 'U' 'M' 'M' 'M' 'M' 'U' 'M' 'M' 'M' 'M' 'M' 'M' 'M' 'U'
 'M' 'M' 'U' 'U' 'U' 'U' 'M' 'M' 'M' 'U' 'M' 'M' 'M' 'M' 'M' 'M' 'M' 'U'
 'M' 'M' 'M' 'M' 'M' 'M' 'M' 'M' 'M' 'M' 'M' 'M' 'M' 'M' 'M' 'M' 'M' 'U'
 'U' 'M' 'M' 'U' 'U' 'M' 'M' 'M' 'M' 'M' 'M' 'M' 'M' 'M' 'M' 'U' 'M' 'M'
 'M' 'M' 'U' 'M' 'M' 'M' 'M' 'M' 'M' 'U' 'M' 'U' 'M' 'U' 'M' 'M' 'M' 'U'
 'M' 'M' 'M' 'M' 'U' 'U' 'U' 'U' 'M' 'M' 'U' 'M' 'U' 'M' 'M' 'M' 'M' 'M'
 'M' 'M' 'M' 'M' 'M' 'M' 'M' 'U' 'M' 'U' 'M' 'M' 'M' 'M' 'M' 'M' 'M' 'M'
 'U' 'M' 'M' 'M' 'U' 'M' 'U' 'U' 'M' 'M' 'M' 'M' 'M' 'A' 'M' 'U' 'M' 'M'
 'M' 'M' 'M' 'U' 'M' 'M' 'M' 'M' 'M' 'U' 'U' 'U' 'M' 'U' 'M' 'M' 'U' 'M']"
57901,0,164,4,160,34,1,0,"['A' 'M' 'M' 'M' 'M' 'M' 'M' 'M' 'M' 'U' 'M' 'M' 'M' 'M' 'M' 'M' 'M' 'M'
 'M' 'M' 'U' 'M' 'M' 'M' 'A' 'M' 'M' 'M' 'M' 'M' 'M' 'U' 'M' 'M' 'U' 'M'
 'M' 'M' 'M' 'M' 'M' 'M' 'M' 'M' 'M' 'U' 'M' 'M' 'M' 'M' 'M' 'M' 'M' 'U'
 'U' 'M' 'U' 'U' 'M' 'U' 'M' 'M' 'M' 'U' 'M' 'M' 'M' 'M' 'M' 'U' 'M' 'M'
 'M' 'M' 'M' 'M' 'M' 'M' 'U' 'M' 'M' 'M' 'U' 'M' 'M' 'U' 'M' 'M' 'M' 'M'
 'M' 'M' 'U' 'M' 'M' 'M' 'M' 'M' 'M' 'M' 'M' 'M' 'M' 'M' 'M' 'M' 'M' 'M'
 'M' 'M' 'U' 'M' 'M' 'M' 'M' 'M' 'M' 'U' 'M' 'A' 'M' 'U' 'M' 'M' 'M' 'U'
 'M' 'M' 'M' 'M' 'U' 'U' 'U' 'U' 'M' 'M' 'M' 'M' 'U' 'U' 'M' 'M' 'M' 'M'
 'M' 'M' 'M' 'M' 'M' 'M' 'M' 'M' 'M' 'U' 'M' 'M' 'M' 'M' 'M' 'M' 'M' 'M'
 'U' 'M' 'M' 'M' 'U' 'M' 'M' 'M' 'M' 'M' 'M' 'M' 'M' 'A' 'M' 'U' 'M' 'M'
 'M' 'M' 'M' 'M' 'M' 'M' 'M' 'M' 'M' 'U' 'U' 'U' 'M' 'M' 'M' 'M' 'U' 'M']"
58001,0,157,3,154,41,0,0,"['A' 'M' 'M' 'M' 'M' 'M' 'M' 'M' 'M' 'U' 'M' 'M' 'M' 'M' 'M' 'M' 'M' 'M'
 'M' 'M' 'M' 'M' 'M' 'M' 'U' 'M' 'M' 'M' 'M' 'M' 'M' 'U' 'M' 'M' 'U' 'M'
 'M' 'M' 'M' 'M' 'M' 'M' 'M' 'M' 'M' 'M' 'M' 'U' 'M' 'M' 'M' 'M' 'M' 'U'
 'U' 'M' 'M' 'U' 'M' 'U' 'M' 'M' 'M' 'U' 'M' 'M' 'M' 'U' 'M' 'U' 'M' 'M'
 'M' 'M' 'U' 'U' 'M' 'M' 'M' 'U' 'M' 'M' 'M' 'M' 'M' 'M' 'M' 'M' 'M' 'M'
 'M' 'M' 'M' 'M' 'M' 'M' 'M' 'M' 'M' 'M' 'M' 'M' 'M' 'M' 'M' 'M' 'M' 'M'
 'M' 'M' 'U' 'M' 'M' 'M' 'M' 'M' 'M' 'U' 'M' 'A' 'M' 'M' 'M' 'M' 'M' 'U'
 'M' 'M' 'M' 'M' 'U' 'U' 'U' 'U' 'U' 'U' 'U' 'U' 'U' 'U' 'M' 'M' 'M' 'M'
 'M' 'U' 'M' 'M' 'M' 'M' 'M' 'U' 'M' 'U' 'M' 'U' 'M' 'M' 'U' 'M' 'M' 'M'
 'U' 'M' 'M' 'M' 'U' 'M' 'M' 'M' 'U' 'M' 'M' 'M' 'M' 'M' 'M' 'M' 'M' 'M'
 'M' 'M' 'M' 'M' 'M' 'M' 'M' 'U' 'A' 'U' 'M' 'U' 'M' 'M' 'M' 'M' 'U' 'U']"
58101,0,160,4,156,38,0,0,"['A' 'M' 'M' 'M' 'M' 'M' 'M' 'M' 'M' 'U' 'M' 'M' 'M' 'M' 'M' 'M' 'M' 'M'
 'U' 'M' 'M' 'M' 'M' 'M' 'A' 'M' 'M' 'M' 'M' 'M' 'M' 'U' 'M' 'M' 'M' 'U'
 'M' 'U' 'M' 'M' 'U' 'M' 'M' 'M' 'M' 'M' 'M' 'U' 'M' 'M' 'M' 'M' 'M' 'M'
 'U' 'M' 'M' 'M' 'M' 'U' 'M' 'M' 'M' 'U' 'M' 'M' 'M' 'M' 'M' 'M' 'M' 'M'
 'M' 'M' 'M' 'M' 'M' 'M' 'M' 'U' 'U' 'M' 'M' 'M' 'M' 'U' 'M' 'U' 'U' 'M'
 'M' 'M' 'M' 'M' 'M' 'M' 'M' 'M' 'M' 'M' 'M' 'M' 'M' 'U' 'M' 'M' 'M' 'M'
 'M' 'M' 'U' 'M' 'M' 'M' 'M' 'M' 'M' 'A' 'M' 'A' 'M' 'M' 'M' 'M' 'M' 'M'
 'M' 'M' 'M' 'M' 'M' 'U' 'U' 'M' 'U' 'U' 'U' 'U' 'U' 'U' 'M' 'M' 'M' 'M'
 'M' 'U' 'M' 'M' 'M' 'M' 'M' 'U' 'M' 'M' 'M' 'M' 'M' 'M' 'U' 'M' 'M' 'M'
 'M' 'M' 'M' 'M' 'U' 'M' 'M' 'U' 'U' 'M' 'U' 'M' 'M' 'M' 'M' 'M' 'M' 'M'
 'M' 'M' 'M' 'M' 'M' 'M' 'M' 'U' 'U' 'U' 'U' 'M' 'M' 'U' 'M' 'M' 'M' 'U']"
58201,0,164,3,161,34,0,0,"['A' 'M' 'M' 'M' 'M' 'M' 'U' 'M' 'M' 'M' 'M' 'M' 'U' 'M' 'M' 'M' 'M' 'M'
 'U' 'M' 'M' 'M' 'M' 'M' 'M' 'M' 'M' 'M' 'M' 'M' 'M' 'U' 'M' 'M' 'M' 'M'
 'M' 'U' 'M' 'M' 'M' 'M' 'M' 'M' 'M' 'M' 'M' 'M' 'M' 'M' 'M' 'M' 'M' 'M'
 'M' 'U' 'M' 'M' 'M' 'U' 'M' 'M' 'M' 'U' 'M' 'M' 'M' 'U' 'M' 'M' 'M' 'M'
 'M' 'M' 'M' 'M' 'U' 'U' 'M' 'M' 'M' 'M' 'M' 'M' 'U' 'M' 'M' 'M' 'U' 'M'
 'M' 'M' 'M' 'M' 'M' 'M' 'M' 'M' 'M' 'M' 'M' 'M' 'M' 'M' 'M' 'M' 'M' 'M'
 'M' 'M' 'U' 'M' 'M' 'U' 'M' 'M' 'M' 'A' 'M' 'U' 'M' 'M' 'M' 'M' 'M' 'M'
 'M' 'M' 'M' 'M' 'M' 'U' 'U' 'M' 'U' 'U' 'U' 'U' 'U' 'U' 'M' 'M' 'M' 'M'
 'M' 'U' 'M' 'M' 'M' 'M' 'M' 'U' 'M' 'M' 'M' 'M' 'M' 'M' 'U' 'M' 'M' 'M'
 'M' 'M' 'M' 'M' 'U' 'M' 'M' 'U' 'U' 'M' 'M' 'M' 'M' 'M' 'M' 'M' 'M' 'M'
 'M' 'M' 'U' 'M' 'M' 'M' 'M' 'U' 'M' 'U' 'M' 'M' 'M' 'U' 'M' 'M' 'M' 'A']"
58301,0,162,3,159,36,0,1,"['A' 'M' 'U' 'M' 'M' 'M' 'U' 'M' 'M' 'M' 'M' 'M' 'U' 'M' 'M' 'M' 'M' 'M'
 'M' 'M' 'M' 'M' 'M' 'M' 'M' 'M' 'M' 'M' 'M' 'M' 'M' 'U' 'M' 'M' 'M' 'U'
 'M' 'M' 'M' 'M' 'M' 'M' 'U' 'M' 'M' 'M' 'M' 'M' 'M' 'M' 'M' 'M' 'M' 'M'
 'M' 'U' 'M' 'M' 'M' 'U' 'M' 'M' 'M' 'U' 'M' 'M' 'M' 'M' 'M' 'M' 'M' 'M'
 'M' 'M' 'M' 'U' 'U' 'M' 'U' 'M' 'M' 'M' 'U' 'M' 'M' 'M' 'M' 'M' 'M' 'M'
 'M' 'M' 'M' 'U' 'M' 'M' 'M' 'M' 'M' 'U' 'M' 'M' 'M' 'M' 'M' 'M' 'M' 'U'
 'M' 'M' 'U' 'M' 'M' 'U' 'M' 'M' 'M' 'A' 'M' 'U' 'U' 'M' 'M' 'M' 'M' 'M'
 'M' 'M' 'M' 'M' 'M' 'M' 'U' 'U' 'U' 'M' 'U' 'U' 'U' 'M' 'M' 'M' 'M' 'M'
 'M' 'M' 'M' 'U' 'M' 'M' 'M' 'M' 'M' 'M' 'M' 'M' 'M' 'M' 'U' 'M' 'M' 'M'
 'U' 'M' 'M' 'M' 'U' 'M' 'M' 'U' 'U' 'M' 'M' 'M' 'M' 'M' 'M' 'M' 'M' 'M'
 'M' 'M' 'U' 'M' 'M' 'M' 'M' 'U' 'M' 'U' 'M' 'M' 'M' 'U' 'M' 'M' 'M' 'A']"
58401,0,160,2,158,38,0,0,"['A' 'M' 'M' 'M' 'M' 'M' 'U' 'M' 'M' 'M' 'M' 'M' 'U' 'M' 'M' 'M' 'M' 'M'
 'M' 'M' 'M' 'M' 'M' 'M' 'M' 'M' 'M' 'M' 'M' 'M' 'M' 'M' 'M' 'M' 'M' 'U'
 'M' 'M' 'M' 'M' 'M' 'M' 'U' 'M' 'M' 'M' 'M' 'U' 'M' 'M' 'M' 'M' 'M' 'M'
 'M' 'U' 'M' 'M' 'U' 'M' 'M' 'M' 'M' 'U' 'M' 'U' 'M' 'M' 'M' 'M' 'U' 'M'
 'M' 'M' 'M' 'M' 'U' 'M' 'M' 'U' 'U' 'M' 'M' 'M' 'M' 'M' 'M' 'M' 'M' 'M'
 'M' 'M' 'M' 'M' 'M' 'M' 'M' 'M' 'M' 'U' 'M' 'M' 'M' 'M' 'M' 'M' 'M' 'U'
 'M' 'M' 'U' 'M' 'M' 'U' 'M' 'M' 'M' 'A' 'M' 'M' 'U' 'M' 'M' 'M' 'M' 'M'
 'M' 'M' 'M' 'U' 'M' 'M' 'M' 'U' 'U' 'M' 'U' 'U' 'U' 'M' 'U' 'U' 'M' 'M'
 'M' 'M' 'M' 'U' 'M' 'M' 'M' 'M' 'M' 'M' 'M' 'M' 'U' 'M' 'U' 'M' 'M' 'M'
 'U' 'M' 'M' 'M' 'U' 'M' 'M' 'U' 'M' 'U' 'M' 'M' 'M' 'M' 'M' 'M' 'M' 'M'
 'M' 'M' 'U' 'M' 'M' 'M' 'M' 'U' 'M' 'U' 'M' 'M' 'M' 'U' 'M' 'M' 'M' 'U']"
58501,0,160,3,157,38,0,0,"['A' 'M' 'U' 'M' 'M' 'M' 'U' 'M' 'M' 'M' 'M' 'M' 'M' 'M' 'M' 'M' 'M' 'M'
 'M' 'M' 'M' 'M' 'M' 'M' 'M' 'M' 'M' 'M' 'M' 'M' 'M' 'M' 'M' 'M' 'M' 'U'
 'M' 'M' 'M' 'M' 'M' 'M' 'U' 'M' 'M' 'M' 'M' 'U' 'M' 'M' 'M' 'M' 'M' 'M'
 'M' 'U' 'M' 'M' 'U' 'M' 'M' 'M' 'M' 'U' 'M' 'M' 'M' 'M' 'M' 'M' 'M' 'M'
 'M' 'M' 'M' 'M' 'M' 'M' 'M' 'M' 'M' 'M' 'U' 'M' 'M' 'U' 'M' 'U' 'U' 'M'
 'M' 'M' 'M' 'M' 'U' 'M' 'M' 'M' 'M' 'U' 'M' 'M' 'M' 'M' 'M' 'M' 'M' 'M'
 'M' 'M' 'U' 'M' 'M' 'U' 'M' 'M' 'U' 'A' 'M' 'M' 'U' 'M' 'M' 'M' 'M' 'M'
 'M' 'M' 'M' 'U' 'M' 'U' 'U' 'U' 'U' 'U' 'U' 'U' 'U' 'M' 'U' 'U' 'M' 'M'
 'M' 'M' 'M' 'M' 'M' 'M' 'M' 'M' 'M' 'M' 'M' 'M' 'A' 'M' 'U' 'M' 'M' 'M'
 'U' 'M' 'M' 'M' 'U' 'M' 'M' 'U' 'M' 'M' 'M' 'M' 'M' 'M' 'U' 'M' 'M' 'M'
 'M' 'M' 'U' 'M' 'M' 'M' 'M' 'M' 'M' 'U' 'M' 'M' 'M' 'U' 'M' 'M' 'M' 'U']"
58601,0,165,4,161,33,0,0,"['A' 'M' 'U' 'M' 'M' 'M' 'M' 'M' 'M' 'M' 'M' 'M' 'M' 'M' 'M' 'M' 'M' 'M'
 'M' 'U' 'M' 'M' 'M' 'M' 'M' 'U' 'M' 'M' 'M' 'M' 'M' 'M' 'M' 'M' 'M' 'U'
 'M' 'M' 'M' 'M' 'M' 'M' 'U' 'M' 'M' 'M' 'M' 'U' 'M' 'M' 'M' 'M' 'M' 'M'
 'M' 'U' 'M' 'M' 'M' 'M' 'M' 'M' 'M' 'U' 'M' 'M' 'M' 'M' 'M' 'M' 'M' 'M'
 'M' 'M' 'M' 'U' 'U' 'M' 'M' 'U' 'M' 'M' 'M' 'U' 'M' 'M' 'M' 'M' 'M' 'M'
 'M' 'U' 'M' 'M' 'M' 'M' 'M' 'M' 'M' 'M' 'U' 'M' 'U' 'M' 'U' 'M' 'M' 'M'
 'M' 'M' 'M' 'M' 'M' 'M' 'M' 'M' 'M' 'A' 'M' 'M' 'U' 'M' 'M' 'M' 'M' 'M'
 'M' 'M' 'M' 'M' 'M' 'U' 'U' 'U' 'U' 'M' 'U' 'U' 'U' 'M' 'M' 'U' 'M' 'U'
 'M' 'M' 'M' 'M' 'M' 'M' 'M' 'M' 'M' 'M' 'U' 'M' 'A' 'M' 'U' 'M' 'M' 'M'
 'M' 'M' 'M' 'M' 'U' 'M' 'U' 'U' 'M' 'M' 'M' 'M' 'M' 'M' 'U' 'M' 'M' 'M'
 'M' 'M' 'A' 'M' 'M' 'M' 'M' 'M' 'M' 'U' 'M' 'M' 'M' 'M' 'M' 'M' 'M' 'M']"
58701,0,166,5,161,32,0,0,"['A' 'M' 'M' 'M' 'M' 'M' 'M' 'U' 'M' 'M' 'M' 'M' 'U' 'M' 'M' 'U' 'U' 'M'
 'M' 'U' 'M' 'M' 'M' 'M' 'M' 'U' 'M' 'M' 'M' 'M' 'M' 'M' 'M' 'M' 'M' 'M'
 'M' 'M' 'M' 'M' 'M' 'M' 'U' 'M' 'M' 'M' 'M' 'U' 'M' 'M' 'M' 'M' 'M' 'M'
 'M' 'U' 'M' 'M' 'U' 'U' 'M' 'M' 'M' 'U' 'M' 'M' 'M' 'U' 'M' 'M' 'M' 'M'
 'M' 'M' 'M' 'M' 'M' 'M' 'M' 'M' 'M' 'M' 'M' 'M' 'M' 'M' 'U' 'M' 'M' 'M'
 'U' 'U' 'M' 'M' 'U' 'M' 'M' 'M' 'M' 'M' 'U' 'M' 'M' 'M' 'U' 'M' 'M' 'M'
 'M' 'U' 'M' 'M' 'M' 'M' 'M' 'M' 'M' 'A' 'M' 'M' 'U' 'M' 'M' 'M' 'M' 'M'
 'M' 'M' 'M' 'M' 'M' 'M' 'A' 'M' 'U' 'M' 'M' 'U' 'U' 'M' 'M' 'U' 'M' 'M'
 'M' 'M' 'M' 'M' 'M' 'M' 'M' 'M' 'M' 'U' 'U' 'M' 'A' 'M' 'M' 'M' 'M' 'M'
 'M' 'M' 'M' 'M' 'M' 'M' 'U' 'M' 'M' 'U' 'M' 'M' 'M' 'M' 'U' 'M' 'M' 'M'
 'M' 'M' 'A' 'U' 'M' 'M' 'M' 'M' 'M' 'U' 'M' 'M' 'M' 'M' 'M' 'M' 'M' 'M']"
58801,0,168,6,162,30,0,0,"['A' 'M' 'M' 'M' 'M' 'M' 'U' 'U' 'M' 'M' 'M' 'M' 'U' 'M' 'M' 'U' 'U' 'M'
 'M' 'M' 'M' 'M' 'M' 'M' 'M' 'U' 'M' 'M' 'M' 'U' 'M' 'M' 'U' 'M' 'M' 'M'
 'M' 'M' 'M' 'M' 'M' 'M' 'U' 'M' 'M' 'M' 'M' 'U' 'M' 'M' 'M' 'M' 'M' 'M'
 'M' 'U' 'M' 'M' 'U' 'M' 'M' 'M' 'M' 'M' 'M' 'U' 'M' 'M' 'M' 'M' 'U' 'U'
 'U' 'M' 'M' 'M' 'M' 'M' 'M' 'M' 'M' 'M' 'M' 'M' 'M' 'M' 'M' 'M' 'M' 'U'
 'M' 'M' 'M' 'M' 'M' 'M' 'M' 'M' 'M' 'M' 'U' 'M' 'M' 'M' 'U' 'U' 'M' 'M'
 'M' 'U' 'M' 'M' 'M' 'M' 'M' 'M' 'M' 'A' 'M' 'M' 'U' 'M' 'M' 'M' 'M' 'M'
 'M' 'M' 'M' 'M' 'M' 'M' 'U' 'M' 'A' 'M' 'M' 'U' 'M' 'M' 'U' 'M' 'M' 'M'
 'M' 'M' 'M' 'M' 'M' 'M' 'M' 'M' 'M' 'M' 'A' 'M' 'A' 'M' 'M' 'M' 'M' 'M'
 'M' 'M' 'M' 'U' 'M' 'M' 'M' 'M' 'M' 'U' 'M' 'M' 'M' 'M' 'U' 'M' 'M' 'M'
 'M' 'M' 'A' 'U' 'M' 'M' 'M' 'M' 'M' 'U' 'M' 'M' 'M' 'M' 'M' 'M' 'M' 'M']"
58901,0,166,8,158,32,0,0,"['A' 'M' 'M' 'M' 'M' 'M' 'M' 'U' 'M' 'M' 'M' 'M' 'U' 'M' 'M' 'U' 'U' 'M'
 'M' 'M' 'M' 'M' 'M' 'U' 'M' 'U' 'M' 'M' 'M' 'U' 'M' 'M' 'M' 'M' 'M' 'M'
 'M' 'M' 'M' 'M' 'M' 'M' 'U' 'M' 'M' 'U' 'M' 'U' 'M' 'M' 'M' 'M' 'M' 'M'
 'M' 'U' 'M' 'M' 'U' 'M' 'M' 'M' 'M' 'M' 'M' 'M' 'M' 'M' 'M' 'M' 'M' 'M'
 'M' 'U' 'M' 'M' 'U' 'M' 'M' 'M' 'M' 'M' 'U' 'M' 'M' 'M' 'U' 'U' 'M' 'M'
 'M' 'M' 'M' 'M' 'M' 'M' 'M' 'M' 'M' 'M' 'M' 'M' 'M' 'M' 'M' 'U' 'M' 'M'
 'M' 'U' 'M' 'M' 'M' 'M' 'M' 'M' 'M' 'A' 'M' 'M' 'U' 'M' 'M' 'M' 'M' 'M'
 'M' 'M' 'M' 'M' 'M' 'M' 'U' 'M' 'A' 'M' 'M' 'U' 'M' 'M' 'A' 'M' 'M' 'M'
 'M' 'M' 'U' 'M' 'M' 'M' 'M' 'M' 'M' 'U' 'A' 'M' 'A' 'M' 'U' 'M' 'U' 'M'
 'M' 'M' 'M' 'A' 'U' 'M' 'M' 'M' 'M' 'U' 'M' 'M' 'M' 'M' 'U' 'M' 'M' 'U'
 'M' 'M' 'A' 'U' 'M' 'M' 'M' 'M' 'M' 'U' 'M' 'M' 'M' 'M' 'M' 'M' 'M' 'M']"
59001,0,167,7,160,31,0,0,"['A' 'M' 'M' 'M' 'M' 'M' 'M' 'U' 'M' 'M' 'M' 'M' 'M' 'U' 'M' 'U' 'M' 'M'
 'M' 'M' 'M' 'M' 'M' 'U' 'M' 'M' 'M' 'M' 'M' 'U' 'M' 'M' 'M' 'M' 'M' 'M'
 'M' 'M' 'M' 'M' 'M' 'M' 'M' 'M' 'M' 'U' 'M' 'M' 'M' 'M' 'M' 'M' 'M' 'M'
 'M' 'M' 'M' 'M' 'U' 'M' 'M' 'M' 'M' 'U' 'M' 'M' 'U' 'M' 'M' 'M' 'M' 'M'
 'M' 'M' 'M' 'U' 'M' 'U' 'M' 'M' 'M' 'U' 'M' 'M' 'M' 'M' 'M' 'M' 'M' 'U'
 'M' 'M' 'M' 'M' 'M' 'M' 'U' 'U' 'M' 'M' 'U' 'M' 'M' 'M' 'M' 'U' 'M' 'M'
 'M' 'U' 'M' 'M' 'M' 'M' 'M' 'M' 'M' 'A' 'M' 'M' 'M' 'M' 'M' 'M' 'U' 'M'
 'M' 'M' 'M' 'M' 'M' 'M' 'U' 'M' 'A' 'M' 'M' 'U' 'M' 'M' 'A' 'M' 'M' 'M'
 'M' 'M' 'U' 'M' 'M' 'M' 'M' 'M' 'M' 'U' 'A' 'M' 'A' 'M' 'U' 'M' 'U' 'M'
 'M' 'M' 'M' 'U' 'M' 'M' 'M' 'M' 'M' 'U' 'M' 'M' 'M' 'M' 'M' 'M' 'M' 'U'
 'M' 'M' 'A' 'U' 'M' 'M' 'M' 'M' 'M' 'U' 'M' 'M' 'M' 'M' 'U' 'M' 'M' 'M']"
59101,0,164,6,158,34,0,0,"['A' 'U' 'M' 'M' 'M' 'M' 'M' 'U' 'M' 'M' 'M' 'M' 'M' 'U' 'M' 'U' 'M' 'M'
 'M' 'M' 'M' 'M' 'M' 'U' 'M' 'M' 'U' 'U' 'M' 'U' 'M' 'M' 'M' 'M' 'M' 'M'
 'M' 'M' 'M' 'M' 'M' 'M' 'M' 'M' 'M' 'U' 'M' 'M' 'M' 'M' 'M' 'M' 'M' 'M'
 'M' 'M' 'M' 'M' 'U' 'M' 'M' 'M' 'M' 'U' 'M' 'M' 'M' 'M' 'M' 'M' 'M' 'M'
 'U' 'M' 'M' 'M' 'M' 'M' 'M' 'M' 'U' 'M' 'M' 'M' 'M' 'M' 'M' 'M' 'U' 'M'
 'M' 'M' 'U' 'M' 'U' 'M' 'U' 'U' 'M' 'M' 'U' 'M' 'M' 'M' 'M' 'M' 'M' 'M'
 'M' 'U' 'M' 'M' 'M' 'M' 'M' 'M' 'U' 'A' 'M' 'M' 'M' 'M' 'M' 'M' 'U' 'M'
 'M' 'U' 'M' 'M' 'M' 'U' 'U' 'M' 'A' 'M' 'M' 'U' 'M' 'M' 'A' 'M' 'M' 'M'
 'M' 'M' 'U' 'M' 'M' 'M' 'M' 'M' 'M' 'M' 'A' 'M' 'A' 'M' 'U' 'M' 'U' 'U'
 'M' 'U' 'M' 'U' 'M' 'M' 'M' 'M' 'M' 'M' 'M' 'M' 'M' 'M' 'M' 'M' 'M' 'M'
 'M' 'M' 'M' 'U' 'M' 'M' 'M' 'M' 'M' 'M' 'M' 'M' 'M' 'M' 'U' 'M' 'M' 'M']"
59201,0,169,5,164,29,0,0,"['A' 'U' 'M' 'M' 'M' 'M' 'M' 'M' 'M' 'M' 'M' 'M' 'M' 'U' 'M' 'M' 'M' 'M'
 'M' 'M' 'M' 'M' 'M' 'U' 'M' 'M' 'M' 'U' 'M' 'U' 'M' 'M' 'M' 'M' 'M' 'M'
 'M' 'M' 'M' 'M' 'M' 'M' 'M' 'M' 'M' 'U' 'M' 'M' 'M' 'M' 'M' 'M' 'M' 'M'
 'M' 'M' 'M' 'M' 'U' 'M' 'M' 'M' 'M' 'U' 'M' 'M' 'M' 'M' 'M' 'M' 'U' 'U'
 'M' 'M' 'M' 'M' 'U' 'M' 'M' 'M' 'M' 'M' 'U' 'M' 'M' 'M' 'M' 'U' 'M' 'M'
 'M' 'M' 'M' 'M' 'M' 'M' 'U' 'U' 'M' 'M' 'U' 'M' 'M' 'M' 'M' 'M' 'M' 'M'
 'M' 'U' 'M' 'M' 'M' 'M' 'M' 'M' 'M' 'A' 'M' 'U' 'M' 'M' 'M' 'M' 'U' 'M'
 'M' 'U' 'M' 'M' 'M' 'U' 'M' 'M' 'A' 'M' 'M' 'M' 'M' 'M' 'M' 'M' 'M' 'M'
 'M' 'U' 'M' 'M' 'M' 'U' 'M' 'M' 'M' 'M' 'A' 'M' 'A' 'M' 'U' 'M' 'M' 'U'
 'M' 'U' 'M' 'M' 'M' 'M' 'M' 'M' 'M' 'M' 'M' 'U' 'M' 'M' 'M' 'M' 'M' 'M'
 'M' 'M' 'M' 'U' 'M' 'M' 'M' 'M' 'M' 'M' 'M' 'U' 'M' 'M' 'M' 'M' 'M' 'M']"
59301,0,170,4,166,28,0,0,"['A' 'M' 'M' 'U' 'M' 'M' 'M' 'M' 'M' 'M' 'M' 'M' 'M' 'U' 'M' 'M' 'M' 'M'
 'M' 'M' 'M' 'M' 'M' 'U' 'M' 'M' 'M' 'U' 'U' 'U' 'M' 'M' 'M' 'U' 'U' 'M'
 'M' 'M' 'M' 'M' 'M' 'M' 'M' 'M' 'M' 'U' 'M' 'M' 'M' 'M' 'M' 'M' 'M' 'M'
 'M' 'M' 'M' 'M' 'U' 'M' 'M' 'M' 'M' 'U' 'M' 'M' 'M' 'M' 'M' 'U' 'M' 'M'
 'M' 'M' 'M' 'M' 'U' 'M' 'M' 'M' 'M' 'U' 'M' 'M' 'M' 'M' 'U' 'M' 'M' 'M'
 'U' 'M' 'M' 'M' 'M' 'M' 'M' 'M' 'M' 'M' 'U' 'M' 'M' 'M' 'U' 'M' 'M' 'M'
 'M' 'U' 'M' 'M' 'M' 'M' 'M' 'M' 'M' 'A' 'M' 'M' 'M' 'M' 'M' 'M' 'U' 'U'
 'M' 'M' 'M' 'M' 'M' 'U' 'M' 'M' 'A' 'M' 'M' 'M' 'M' 'M' 'M' 'M' 'M' 'M'
 'M' 'M' 'M' 'M' 'M' 'M' 'M' 'M' 'M' 'M' 'U' 'M' 'A' 'M' 'U' 'M' 'M' 'U'
 'M' 'M' 'M' 'M' 'M' 'M' 'M' 'M' 'M' 'M' 'M' 'M' 'M' 'M' 'M' 'M' 'U' 'M'
 'M' 'M' 'M' 'M' 'M' 'M' 'M' 'M' 'M' 'M' 'U' 'U' 'M' 'M' 'M' 'M' 'M' 'M']"
59401,0,171,5,166,27,0,0,"['A' 'M' 'M' 'U' 'M' 'M' 'M' 'M' 'M' 'M' 'M' 'M' 'M' 'U' 'M' 'M' 'M' 'M'
 'M' 'M' 'M' 'M' 'M' 'U' 'M' 'M' 'M' 'M' 'U' 'M' 'M' 'M' 'M' 'M' 'M' 'M'
 'M' 'M' 'M' 'M' 'M' 'M' 'M' 'M' 'M' 'U' 'M' 'M' 'M' 'M' 'M' 'M' 'M' 'M'
 'M' 'M' 'M' 'M' 'U' 'M' 'M' 'M' 'M' 'M' 'M' 'M' 'M' 'M' 'M' 'M' 'U' 'M'
 'M' 'M' 'U' 'M' 'U' 'M' 'M' 'M' 'M' 'M' 'U' 'M' 'U' 'M' 'M' 'M' 'M' 'M'
 'M' 'M' 'M' 'M' 'M' 'U' 'M' 'M' 'M' 'M' 'A' 'M' 'M' 'M' 'U' 'U' 'M' 'M'
 'M' 'U' 'M' 'M' 'M' 'U' 'M' 'M' 'M' 'A' 'M' 'M' 'M' 'M' 'U' 'M' 'U' 'U'
 'M' 'M' 'M' 'M' 'M' 'M' 'M' 'M' 'A' 'M' 'M' 'M' 'U' 'M' 'M' 'M' 'M' 'M'
 'M' 'M' 'M' 'M' 'M' 'M' 'M' 'M' 'M' 'U' 'U' 'M' 'A' 'M' 'U' 'U' 'M' 'U'
 'M' 'M' 'M' 'M' 'M' 'M' 'M' 'M' 'M' 'M' 'M' 'M' 'M' 'M' 'M' 'M' 'M' 'M'
 'M' 'M' 'M' 'M' 'M' 'M' 'M' 'M' 'M' 'M' 'U' 'U' 'M' 'M' 'M' 'M' 'M' 'M']"
59501,0,167,2,165,31,0,1,"['A' 'M' 'U' 'U' 'U' 'M' 'M' 'M' 'M' 'M' 'M' 'M' 'U' 'U' 'M' 'M' 'M' 'M'
 'M' 'M' 'M' 'M' 'M' 'M' 'M' 'M' 'M' 'M' 'U' 'M' 'U' 'M' 'M' 'M' 'M' 'M'
 'M' 'M' 'M' 'M' 'M' 'M' 'M' 'M' 'M' 'U' 'M' 'M' 'M' 'M' 'M' 'M' 'U' 'M'
 'M' 'M' 'M' 'M' 'U' 'M' 'M' 'M' 'M' 'U' 'M' 'M' 'U' 'M' 'M' 'M' 'M' 'M'
 'M' 'M' 'M' 'M' 'U' 'M' 'U' 'M' 'U' 'M' 'M' 'U' 'M' 'M' 'M' 'M' 'M' 'M'
 'M' 'M' 'M' 'M' 'M' 'M' 'M' 'M' 'M' 'M' 'M' 'M' 'M' 'M' 'U' 'M' 'M' 'M'
 'M' 'M' 'M' 'M' 'M' 'M' 'M' 'M' 'M' 'U' 'M' 'M' 'U' 'M' 'M' 'M' 'U' 'U'
 'M' 'M' 'M' 'M' 'M' 'M' 'M' 'M' 'A' 'M' 'M' 'M' 'U' 'M' 'M' 'M' 'M' 'M'
 'M' 'M' 'M' 'M' 'M' 'M' 'U' 'M' 'M' 'U' 'U' 'M' 'U' 'M' 'U' 'U' 'M' 'U'
 'M' 'M' 'M' 'M' 'M' 'M' 'M' 'M' 'M' 'M' 'M' 'M' 'U' 'M' 'M' 'M' 'M' 'M'
 'M' 'M' 'M' 'M' 'M' 'M' 'U' 'M' 'M' 'M' 'M' 'M' 'M' 'M' 'M' 'M' 'M' 'M']"
59601,0,163,1,162,35,0,0,"['A' 'M' 'U' 'M' 'U' 'M' 'M' 'M' 'M' 'M' 'M' 'M' 'U' 'U' 'M' 'M' 'M' 'M'
 'M' 'M' 'M' 'M' 'M' 'M' 'M' 'M' 'U' 'M' 'U' 'M' 'M' 'M' 'M' 'M' 'M' 'M'
 'M' 'M' 'M' 'M' 'M' 'M' 'M' 'M' 'M' 'U' 'M' 'M' 'M' 'M' 'M' 'M' 'U' 'M'
 'M' 'M' 'M' 'M' 'U' 'M' 'M' 'M' 'M' 'U' 'M' 'M' 'M' 'M' 'M' 'M' 'M' 'M'
 'U' 'M' 'M' 'M' 'M' 'M' 'M' 'M' 'M' 'U' 'M' 'M' 'M' 'U' 'U' 'M' 'U' 'M'
 'M' 'M' 'M' 'M' 'M' 'M' 'M' 'M' 'M' 'M' 'M' 'M' 'M' 'M' 'U' 'M' 'U' 'M'
 'M' 'M' 'M' 'M' 'M' 'M' 'M' 'M' 'M' 'U' 'M' 'M' 'U' 'M' 'M' 'M' 'M' 'U'
 'U' 'M' 'M' 'M' 'M' 'M' 'M' 'M' 'U' 'M' 'M' 'M' 'U' 'M' 'M' 'M' 'U' 'M'
 'M' 'M' 'M' 'M' 'M' 'M' 'M' 'M' 'M' 'U' 'U' 'M' 'U' 'M' 'U' 'U' 'M' 'U'
 'M' 'M' 'M' 'M' 'M' 'M' 'M' 'M' 'M' 'M' 'M' 'M' 'U' 'M' 'M' 'M' 'M' 'M'
 'M' 'M' 'U' 'M' 'M' 'M' 'U' 'U' 'M' 'M' 'M' 'M' 'M' 'M' 'M' 'U' 'M' 'M']"
59701,0,167,1,166,31,0,0,"['A' 'M' 'U' 'M' 'M' 'M' 'M' 'M' 'M' 'M' 'M' 'M' 'U' 'U' 'M' 'M' 'M' 'M'
 'M' 'M' 'M' 'M' 'U' 'M' 'M' 'M' 'U' 'M' 'U' 'M' 'M' 'M' 'M' 'M' 'M' 'M'
 'M' 'M' 'M' 'M' 'M' 'M' 'M' 'M' 'M' 'M' 'M' 'M' 'M' 'M' 'M' 'M' 'U' 'M'
 'M' 'M' 'M' 'M' 'U' 'U' 'M' 'M' 'M' 'U' 'M' 'M' 'M' 'U' 'M' 'M' 'M' 'M'
 'M' 'M' 'U' 'M' 'M' 'M' 'M' 'M' 'U' 'M' 'M' 'M' 'M' 'M' 'M' 'U' 'M' 'U'
 'M' 'M' 'M' 'M' 'M' 'M' 'M' 'M' 'M' 'M' 'M' 'M' 'M' 'M' 'M' 'M' 'M' 'M'
 'M' 'M' 'M' 'M' 'M' 'M' 'M' 'M' 'M' 'M' 'M' 'M' 'M' 'M' 'U' 'M' 'M' 'U'
 'U' 'M' 'M' 'M' 'M' 'M' 'U' 'M' 'U' 'M' 'M' 'U' 'M' 'M' 'M' 'M' 'M' 'M'
 'M' 'M' 'M' 'M' 'M' 'M' 'M' 'M' 'M' 'U' 'M' 'M' 'U' 'M' 'U' 'U' 'M' 'U'
 'M' 'M' 'M' 'M' 'M' 'M' 'M' 'M' 'M' 'M' 'M' 'M' 'U' 'M' 'M' 'M' 'M' 'M'
 'M' 'M' 'M' 'M' 'U' 'M' 'U' 'U' 'M' 'M' 'U' 'M' 'M' 'M' 'M' 'M' 'M' 'M']"
59801,0,174,1,173,24,0,0,"['A' 'U' 'M' 'M' 'M' 'U' 'M' 'M' 'M' 'U' 'M' 'M' 'U' 'M' 'M' 'M' 'M' 'M'
 'M' 'M' 'M' 'M' 'M' 'M' 'M' 'M' 'U' 'M' 'M' 'M' 'M' 'M' 'M' 'M' 'M' 'M'
 'M' 'M' 'M' 'M' 'M' 'M' 'M' 'M' 'M' 'M' 'M' 'M' 'M' 'M' 'M' 'M' 'U' 'M'
 'M' 'M' 'M' 'M' 'U' 'U' 'M' 'M' 'M' 'M' 'M' 'U' 'M' 'M' 'M' 'M' 'M' 'M'
 'M' 'M' 'M' 'M' 'M' 'M' 'M' 'U' 'M' 'M' 'U' 'M' 'U' 'M' 'M' 'U' 'M' 'M'
 'M' 'M' 'M' 'M' 'M' 'M' 'M' 'M' 'M' 'M' 'M' 'M' 'M' 'M' 'M' 'M' 'M' 'M'
 'M' 'M' 'M' 'M' 'M' 'M' 'M' 'M' 'M' 'M' 'M' 'M' 'M' 'M' 'U' 'M' 'M' 'M'
 'U' 'M' 'M' 'M' 'M' 'M' 'M' 'M' 'M' 'M' 'M' 'U' 'M' 'M' 'M' 'M' 'M' 'M'
 'M' 'M' 'M' 'M' 'M' 'M' 'M' 'M' 'M' 'U' 'M' 'M' 'U' 'M' 'U' 'U' 'M' 'U'
 'M' 'M' 'M' 'M' 'M' 'M' 'M' 'M' 'M' 'M' 'M' 'M' 'M' 'M' 'M' 'M' 'M' 'M'
 'M' 'M' 'M' 'M' 'M' 'M' 'U' 'U' 'M' 'M' 'U' 'M' 'M' 'M' 'M' 'M' 'M' 'M']"
59901,0,168,3,165,30,0,1,"['A' 'U' 'M' 'M' 'M' 'U' 'M' 'M' 'M' 'A' 'M' 'M' 'U' 'M' 'M' 'M' 'M' 'M'
 'M' 'U' 'M' 'M' 'U' 'M' 'M' 'M' 'U' 'M' 'M' 'M' 'M' 'M' 'M' 'M' 'U' 'M'
 'M' 'M' 'M' 'M' 'M' 'M' 'M' 'M' 'M' 'M' 'M' 'M' 'M' 'M' 'M' 'M' 'M' 'M'
 'M' 'M' 'M' 'M' 'M' 'M' 'M' 'U' 'M' 'M' 'M' 'M' 'M' 'M' 'M' 'M' 'M' 'U'
 'M' 'U' 'M' 'U' 'M' 'M' 'M' 'M' 'U' 'M' 'M' 'M' 'M' 'M' 'M' 'U' 'M' 'M'
 'M' 'M' 'M' 'M' 'M' 'U' 'M' 'M' 'M' 'M' 'M' 'M' 'M' 'M' 'M' 'M' 'M' 'M'
 'M' 'M' 'M' 'M' 'M' 'M' 'M' 'M' 'M' 'M' 'M' 'M' 'U' 'M' 'M' 'M' 'U' 'M'
 'U' 'M' 'M' 'M' 'M' 'M' 'M' 'M' 'M' 'M' 'M' 'U' 'M' 'M' 'M' 'M' 'U' 'M'
 'A' 'M' 'M' 'M' 'M' 'M' 'M' 'M' 'M' 'U' 'M' 'M' 'U' 'U' 'U' 'U' 'M' 'U'
 'M' 'M' 'M' 'M' 'U' 'M' 'U' 'M' 'M' 'M' 'M' 'M' 'M' 'M' 'M' 'M' 'M' 'M'
 'M' 'M' 'M' 'M' 'M' 'M' 'U' 'U' 'M' 'M' 'U' 'M' 'M' 'M' 'M' 'M' 'M' 'M']"
60001,0,163,5,158,35,0,0,"['A' 'U' 'M' 'M' 'M' 'U' 'M' 'M' 'M' 'A' 'M' 'M' 'U' 'M' 'M' 'M' 'U' 'M'
 'M' 'U' 'M' 'M' 'U' 'M' 'M' 'M' 'U' 'M' 'M' 'M' 'M' 'M' 'M' 'M' 'U' 'M'
 'M' 'M' 'U' 'M' 'M' 'M' 'M' 'M' 'M' 'M' 'M' 'M' 'U' 'M' 'M' 'M' 'M' 'M'
 'M' 'M' 'M' 'M' 'M' 'M' 'M' 'M' 'U' 'M' 'M' 'M' 'M' 'M' 'M' 'M' 'M' 'M'
 'M' 'U' 'M' 'U' 'M' 'M' 'M' 'U' 'U' 'M' 'M' 'M' 'M' 'M' 'M' 'U' 'M' 'M'
 'M' 'M' 'M' 'M' 'M' 'U' 'M' 'M' 'M' 'M' 'M' 'M' 'M' 'M' 'M' 'M' 'M' 'M'
 'M' 'M' 'M' 'M' 'M' 'M' 'M' 'M' 'U' 'M' 'M' 'M' 'U' 'M' 'M' 'M' 'U' 'M'
 'U' 'M' 'M' 'M' 'M' 'M' 'M' 'M' 'M' 'M' 'M' 'U' 'M' 'M' 'M' 'M' 'U' 'M'
 'A' 'M' 'M' 'M' 'M' 'U' 'M' 'M' 'M' 'U' 'M' 'M' 'U' 'M' 'U' 'U' 'M' 'A'
 'M' 'M' 'U' 'M' 'U' 'M' 'U' 'U' 'M' 'M' 'M' 'M' 'M' 'M' 'M' 'M' 'M' 'A'
 'M' 'M' 'M' 'M' 'M' 'M' 'U' 'U' 'M' 'M' 'U' 'M' 'M' 'M' 'M' 'M' 'M' 'M']"
60101,0,160,3,157,38,0,0,"['A' 'U' 'M' 'M' 'M' 'U' 'M' 'M' 'M' 'U' 'M' 'M' 'M' 'M' 'M' 'M' 'U' 'M'
 'M' 'U' 'M' 'M' 'U' 'M' 'M' 'M' 'U' 'M' 'M' 'M' 'M' 'M' 'M' 'M' 'U' 'M'
 'M' 'M' 'M' 'M' 'M' 'M' 'M' 'M' 'M' 'M' 'M' 'M' 'M' 'M' 'M' 'M' 'M' 'M'
 'M' 'M' 'M' 'M' 'M' 'M' 'M' 'M' 'U' 'M' 'M' 'M' 'U' 'M' 'M' 'U' 'M' 'M'
 'M' 'M' 'M' 'M' 'M' 'M' 'M' 'M' 'M' 'M' 'M' 'M' 'M' 'M' 'M' 'M' 'M' 'M'
 'M' 'U' 'M' 'U' 'U' 'M' 'M' 'U' 'M' 'M' 'M' 'M' 'M' 'M' 'M' 'M' 'M' 'M'
 'M' 'M' 'M' 'M' 'M' 'M' 'M' 'M' 'U' 'M' 'M' 'M' 'U' 'M' 'M' 'M' 'U' 'M'
 'U' 'M' 'M' 'M' 'M' 'M' 'M' 'U' 'M' 'M' 'M' 'U' 'M' 'M' 'M' 'M' 'U' 'M'
 'A' 'M' 'M' 'M' 'M' 'U' 'M' 'M' 'M' 'U' 'M' 'M' 'U' 'U' 'M' 'U' 'M' 'A'
 'U' 'M' 'U' 'M' 'U' 'M' 'U' 'U' 'M' 'M' 'M' 'M' 'M' 'M' 'M' 'M' 'M' 'U'
 'M' 'M' 'M' 'M' 'U' 'M' 'U' 'U' 'M' 'M' 'U' 'U' 'M' 'M' 'M' 'M' 'M' 'M']"
60201,0,159,4,155,39,0,0,"['A' 'M' 'M' 'M' 'M' 'U' 'M' 'M' 'M' 'U' 'M' 'M' 'M' 'M' 'M' 'M' 'M' 'M'
 'M' 'M' 'M' 'M' 'U' 'M' 'M' 'M' 'U' 'M' 'M' 'M' 'M' 'M' 'M' 'M' 'M' 'M'
 'M' 'M' 'M' 'M' 'M' 'M' 'M' 'M' 'M' 'M' 'M' 'M' 'M' 'M' 'M' 'M' 'M' 'M'
 'M' 'M' 'M' 'M' 'U' 'M' 'M' 'M' 'U' 'M' 'M' 'M' 'M' 'M' 'M' 'M' 'M' 'M'
 'M' 'U' 'M' 'M' 'M' 'M' 'M' 'M' 'M' 'M' 'M' 'M' 'M' 'U' 'U' 'U' 'U' 'M'
 'M' 'M' 'M' 'M' 'M' 'M' 'M' 'U' 'M' 'M' 'M' 'M' 'M' 'M' 'M' 'U' 'M' 'M'
 'M' 'M' 'M' 'M' 'M' 'M' 'M' 'M' 'U' 'M' 'M' 'M' 'U' 'M' 'M' 'M' 'U' 'M'
 'U' 'U' 'M' 'M' 'M' 'M' 'M' 'U' 'M' 'M' 'M' 'U' 'M' 'M' 'M' 'M' 'U' 'M'
 'A' 'M' 'M' 'U' 'M' 'U' 'U' 'M' 'M' 'U' 'U' 'M' 'U' 'U' 'M' 'U' 'M' 'A'
 'U' 'M' 'M' 'U' 'M' 'M' 'U' 'U' 'M' 'M' 'M' 'M' 'M' 'M' 'U' 'M' 'M' 'U'
 'M' 'M' 'M' 'M' 'U' 'M' 'M' 'A' 'M' 'M' 'U' 'U' 'M' 'M' 'M' 'M' 'M' 'U']"
60301,0,160,4,156,38,0,0,"['A' 'M' 'M' 'M' 'M' 'U' 'M' 'M' 'M' 'U' 'M' 'M' 'M' 'M' 'M' 'M' 'M' 'M'
 'M' 'M' 'M' 'M' 'U' 'M' 'M' 'M' 'U' 'M' 'M' 'U' 'M' 'M' 'M' 'M' 'M' 'M'
 'U' 'M' 'M' 'M' 'M' 'M' 'M' 'M' 'M' 'M' 'M' 'M' 'M' 'M' 'M' 'M' 'M' 'M'
 'M' 'M' 'M' 'M' 'U' 'M' 'M' 'M' 'U' 'M' 'M' 'M' 'M' 'M' 'M' 'M' 'M' 'M'
 'M' 'U' 'M' 'M' 'M' 'M' 'M' 'M' 'M' 'M' 'M' 'M' 'M' 'U' 'M' 'U' 'M' 'M'
 'U' 'U' 'M' 'M' 'M' 'M' 'M' 'U' 'M' 'M' 'M' 'M' 'U' 'M' 'M' 'U' 'M' 'M'
 'M' 'M' 'M' 'M' 'M' 'M' 'M' 'M' 'U' 'M' 'M' 'M' 'U' 'M' 'M' 'M' 'U' 'M'
 'U' 'U' 'M' 'M' 'M' 'M' 'U' 'M' 'M' 'M' 'M' 'U' 'M' 'M' 'M' 'M' 'U' 'M'
 'U' 'M' 'M' 'U' 'M' 'U' 'U' 'M' 'M' 'U' 'U' 'M' 'U' 'M' 'M' 'U' 'M' 'A'
 'A' 'M' 'M' 'U' 'M' 'M' 'U' 'U' 'M' 'M' 'M' 'M' 'M' 'M' 'U' 'M' 'M' 'M'
 'M' 'M' 'M' 'M' 'M' 'M' 'M' 'A' 'M' 'M' 'M' 'U' 'M' 'M' 'M' 'M' 'M' 'U']"
60401,1,153,4,149,45,0,0,"['A' 'M' 'M' 'M' 'M' 'U' 'M' 'M' 'M' 'M' 'M' 'M' 'M' 'M' 'M' 'U' 'M' 'M'
 'M' 'M' 'M' 'M' 'M' 'M' 'M' 'M' 'U' 'M' 'M' 'U' 'M' 'M' 'M' 'M' 'U' 'M'
 'U' 'M' 'M' 'M' 'M' 'M' 'M' 'M' 'M' 'M' 'M' 'M' 'M' 'M' 'M' 'M' 'M' 'M'
 'M' 'M' 'U' 'M' 'M' 'M' 'M' 'M' 'U' 'M' 'M' 'U' 'M' 'U' 'U' 'M' 'M' 'M'
 'M' 'U' 'M' 'M' 'M' 'M' 'M' 'M' 'M' 'M' 'U' 'M' 'M' 'M' 'M' 'M' 'M' 'M'
 'M' 'M' 'M' 'M' 'M' 'M' 'M' 'M' 'M' 'M' 'M' 'M' 'U' 'M' 'M' 'U' 'M' 'M'
 'M' 'M' 'M' 'U' 'M' 'M' 'U' 'M' 'U' 'U' 'M' 'M' 'U' 'M' 'M' 'M' 'U' 'M'
 'U' 'U' 'M' 'M' 'M' 'U' 'U' 'U' 'U' 'U' 'U' 'U' 'M' 'M' 'M' 'M' 'U' 'M'
 'U' 'M' 'M' 'U' 'U' 'U' 'U' 'M' 'M' 'U' 'M' 'M' 'U' 'M' 'M' 'A' 'M' 'A'
 'A' 'M' 'M' 'U' 'M' 'M' 'U' 'M' 'M' 'U' 'M' 'M' 'M' 'M' 'U' 'M' 'M' 'M'
 'M' 'M' 'M' 'M' 'M' 'M' 'M' 'U' 'M' 'M' 'M' 'U' 'M' 'M' 'M' 'M' 'M' 'U']"
60501,1,158,7,151,40,0,0,"['A' 'M' 'M' 'M' 'M' 'M' 'M' 'M' 'M' 'M' 'M' 'M' 'M' 'M' 'M' 'M' 'M' 'M'
 'M' 'M' 'M' 'M' 'M' 'M' 'M' 'M' 'U' 'M' 'U' 'M' 'M' 'M' 'M' 'M' 'U' 'U'
 'U' 'M' 'M' 'M' 'U' 'M' 'A' 'M' 'M' 'M' 'M' 'U' 'M' 'M' 'M' 'M' 'M' 'M'
 'M' 'M' 'U' 'M' 'M' 'M' 'M' 'M' 'A' 'M' 'M' 'M' 'U' 'M' 'M' 'M' 'M' 'M'
 'M' 'M' 'U' 'M' 'M' 'M' 'M' 'M' 'M' 'M' 'M' 'M' 'U' 'U' 'M' 'M' 'M' 'U'
 'M' 'M' 'M' 'M' 'M' 'M' 'M' 'M' 'M' 'M' 'M' 'M' 'U' 'M' 'M' 'A' 'M' 'M'
 'M' 'M' 'M' 'M' 'M' 'M' 'U' 'M' 'U' 'M' 'M' 'M' 'U' 'M' 'M' 'M' 'U' 'M'
 'M' 'U' 'M' 'M' 'M' 'U' 'U' 'U' 'U' 'M' 'U' 'M' 'U' 'M' 'M' 'M' 'U' 'M'
 'U' 'M' 'M' 'U' 'M' 'U' 'A' 'M' 'M' 'U' 'M' 'M' 'U' 'M' 'M' 'U' 'M' 'A'
 'A' 'M' 'M' 'U' 'U' 'M' 'M' 'M' 'M' 'U' 'M' 'M' 'M' 'M' 'U' 'U' 'M' 'M'
 'M' 'M' 'M' 'M' 'M' 'M' 'M' 'U' 'M' 'M' 'M' 'U' 'M' 'U' 'M' 'M' 'M' 'M']"
60601,0,152,7,145,46,0,0,"['A' 'M' 'M' 'M' 'M' 'M' 'M' 'M' 'M' 'M' 'M' 'M' 'M' 'M' 'M' 'M' 'M' 'M'
 'M' 'M' 'M' 'M' 'U' 'M' 'M' 'M' 'M' 'U' 'A' 'U' 'M' 'M' 'M' 'M' 'M' 'U'
 'U' 'M' 'M' 'U' 'U' 'M' 'A' 'M' 'M' 'M' 'M' 'U' 'M' 'U' 'M' 'M' 'M' 'M'
 'M' 'M' 'U' 'M' 'M' 'M' 'M' 'M' 'A' 'M' 'M' 'M' 'U' 'U' 'M' 'M' 'M' 'M'
 'U' 'M' 'M' 'M' 'M' 'M' 'M' 'M' 'M' 'M' 'M' 'U' 'M' 'M' 'M' 'M' 'M' 'M'
 'M' 'M' 'U' 'M' 'M' 'M' 'M' 'U' 'M' 'M' 'M' 'M' 'U' 'M' 'M' 'M' 'U' 'M'
 'M' 'M' 'M' 'M' 'M' 'M' 'U' 'M' 'M' 'M' 'M' 'M' 'U' 'M' 'M' 'M' 'U' 'M'
 'M' 'U' 'M' 'M' 'M' 'U' 'U' 'U' 'U' 'U' 'U' 'U' 'U' 'M' 'M' 'M' 'M' 'M'
 'U' 'M' 'M' 'U' 'M' 'U' 'A' 'M' 'U' 'U' 'M' 'M' 'U' 'M' 'M' 'U' 'M' 'A'
 'A' 'M' 'M' 'U' 'U' 'M' 'M' 'M' 'U' 'U' 'M' 'M' 'M' 'M' 'U' 'U' 'M' 'M'
 'M' 'M' 'M' 'M' 'M' 'M' 'M' 'U' 'M' 'M' 'M' 'U' 'M' 'U' 'M' 'M' 'M' 'M']"
60701,0,156,7,149,42,0,0,"['A' 'M' 'M' 'M' 'M' 'M' 'M' 'M' 'M' 'M' 'M' 'M' 'M' 'M' 'M' 'U' 'M' 'M'
 'M' 'M' 'M' 'M' 'M' 'M' 'M' 'M' 'M' 'U' 'U' 'U' 'M' 'M' 'M' 'M' 'U' 'U'
 'U' 'M' 'M' 'U' 'U' 'M' 'A' 'M' 'M' 'M' 'M' 'M' 'M' 'A' 'M' 'M' 'M' 'M'
 'M' 'M' 'M' 'U' 'M' 'M' 'M' 'M' 'U' 'M' 'M' 'M' 'M' 'M' 'M' 'M' 'M' 'M'
 'M' 'M' 'M' 'M' 'U' 'U' 'M' 'M' 'U' 'M' 'M' 'M' 'M' 'M' 'M' 'M' 'U' 'M'
 'M' 'M' 'M' 'M' 'U' 'M' 'M' 'U' 'M' 'M' 'M' 'M' 'U' 'U' 'M' 'M' 'M' 'M'
 'M' 'M' 'M' 'M' 'M' 'M' 'U' 'M' 'U' 'M' 'M' 'M' 'U' 'M' 'M' 'M' 'U' 'M'
 'M' 'U' 'M' 'M' 'M' 'U' 'M' 'U' 'M' 'U' 'U' 'U' 'U' 'M' 'M' 'M' 'M' 'M'
 'U' 'M' 'M' 'U' 'M' 'M' 'A' 'M' 'U' 'M' 'M' 'M' 'M' 'M' 'M' 'U' 'M' 'A'
 'A' 'M' 'M' 'M' 'U' 'M' 'M' 'M' 'U' 'U' 'M' 'M' 'M' 'M' 'U' 'U' 'M' 'M'
 'M' 'M' 'M' 'U' 'M' 'M' 'M' 'U' 'M' 'M' 'M' 'A' 'M' 'U' 'M' 'M' 'M' 'M']"
60801,1,155,5,150,43,1,0,"['A' 'M' 'M' 'M' 'M' 'M' 'M' 'M' 'M' 'M' 'M' 'M' 'M' 'M' 'M' 'U' 'M' 'M'
 'M' 'M' 'M' 'M' 'M' 'M' 'M' 'M' 'M' 'U' 'M' 'U' 'M' 'M' 'M' 'M' 'U' 'U'
 'U' 'M' 'U' 'A' 'U' 'M' 'U' 'M' 'M' 'M' 'M' 'M' 'M' 'A' 'M' 'M' 'M' 'U'
 'M' 'M' 'U' 'M' 'M' 'M' 'M' 'M' 'U' 'M' 'M' 'M' 'M' 'U' 'M' 'M' 'M' 'U'
 'M' 'M' 'U' 'M' 'M' 'M' 'M' 'U' 'M' 'M' 'M' 'M' 'U' 'M' 'M' 'M' 'M' 'M'
 'M' 'M' 'M' 'M' 'M' 'M' 'M' 'U' 'M' 'M' 'M' 'M' 'M' 'M' 'M' 'M' 'M' 'M'
 'M' 'M' 'M' 'M' 'M' 'M' 'U' 'M' 'U' 'M' 'M' 'M' 'U' 'M' 'M' 'M' 'U' 'M'
 'M' 'M' 'M' 'M' 'M' 'U' 'U' 'U' 'U' 'U' 'U' 'U' 'U' 'M' 'M' 'M' 'M' 'M'
 'U' 'M' 'M' 'U' 'M' 'M' 'U' 'M' 'U' 'M' 'M' 'M' 'M' 'M' 'M' 'U' 'M' 'U'
 'A' 'M' 'M' 'M' 'M' 'M' 'M' 'M' 'U' 'U' 'M' 'M' 'U' 'M' 'M' 'U' 'M' 'M'
 'U' 'M' 'M' 'M' 'M' 'M' 'M' 'U' 'M' 'M' 'M' 'A' 'M' 'U' 'M' 'M' 'M' 'M']"
60901,0,159,5,154,39,0,0,"['A' 'M' 'M' 'M' 'M' 'M' 'M' 'M' 'M' 'M' 'M' 'M' 'M' 'M' 'M' 'U' 'M' 'M'
 'M' 'M' 'M' 'M' 'M' 'M' 'M' 'M' 'M' 'U' 'M' 'U' 'M' 'M' 'M' 'M' 'U' 'M'
 'U' 'M' 'U' 'A' 'U' 'M' 'U' 'M' 'M' 'M' 'M' 'U' 'U' 'A' 'M' 'M' 'M' 'U'
 'M' 'M' 'M' 'M' 'M' 'M' 'M' 'M' 'U' 'M' 'M' 'U' 'M' 'M' 'M' 'M' 'M' 'M'
 'M' 'M' 'M' 'M' 'M' 'U' 'M' 'U' 'U' 'U' 'M' 'M' 'M' 'M' 'M' 'M' 'M' 'M'
 'M' 'M' 'M' 'M' 'M' 'M' 'M' 'U' 'M' 'M' 'M' 'M' 'M' 'M' 'M' 'U' 'M' 'M'
 'M' 'M' 'M' 'M' 'M' 'M' 'U' 'M' 'U' 'M' 'M' 'M' 'M' 'M' 'M' 'M' 'U' 'M'
 'M' 'M' 'M' 'M' 'M' 'U' 'U' 'U' 'U' 'U' 'U' 'U' 'U' 'M' 'M' 'M' 'M' 'M'
 'U' 'M' 'M' 'U' 'M' 'M' 'M' 'M' 'U' 'M' 'M' 'U' 'M' 'M' 'M' 'U' 'M' 'A'
 'U' 'M' 'M' 'M' 'M' 'M' 'M' 'M' 'M' 'M' 'M' 'M' 'M' 'M' 'U' 'U' 'M' 'M'
 'M' 'M' 'M' 'M' 'M' 'M' 'M' 'M' 'M' 'M' 'M' 'A' 'M' 'U' 'M' 'M' 'M' 'M']"
61001,0,158,6,152,40,0,0,"['A' 'M' 'M' 'M' 'M' 'M' 'M' 'M' 'M' 'M' 'M' 'U' 'M' 'M' 'M' 'M' 'M' 'M'
 'M' 'M' 'M' 'M' 'M' 'M' 'M' 'M' 'M' 'U' 'M' 'U' 'M' 'M' 'M' 'U' 'U' 'M'
 'U' 'M' 'U' 'A' 'U' 'M' 'U' 'M' 'M' 'M' 'M' 'U' 'U' 'U' 'M' 'M' 'M' 'U'
 'M' 'M' 'M' 'M' 'M' 'M' 'M' 'M' 'U' 'M' 'M' 'M' 'U' 'U' 'M' 'M' 'M' 'M'
 'M' 'M' 'M' 'M' 'M' 'U' 'M' 'M' 'M' 'M' 'M' 'M' 'M' 'M' 'M' 'M' 'U' 'U'
 'M' 'M' 'M' 'M' 'M' 'M' 'U' 'U' 'M' 'M' 'M' 'M' 'M' 'M' 'M' 'M' 'M' 'M'
 'M' 'M' 'M' 'M' 'M' 'M' 'U' 'M' 'M' 'M' 'M' 'M' 'M' 'M' 'M' 'U' 'U' 'M'
 'U' 'M' 'M' 'M' 'M' 'M' 'U' 'U' 'U' 'U' 'U' 'U' 'U' 'M' 'M' 'M' 'M' 'M'
 'M' 'M' 'M' 'A' 'M' 'M' 'M' 'M' 'A' 'M' 'M' 'U' 'M' 'M' 'M' 'U' 'M' 'A'
 'U' 'M' 'M' 'M' 'M' 'M' 'M' 'M' 'M' 'U' 'M' 'M' 'M' 'M' 'U' 'U' 'M' 'M'
 'M' 'M' 'M' 'M' 'M' 'M' 'M' 'M' 'M' 'M' 'U' 'A' 'M' 'U' 'M' 'M' 'M' 'M']"
61101,0,167,8,159,31,1,0,"['A' 'M' 'M' 'M' 'M' 'M' 'M' 'M' 'M' 'M' 'M' 'M' 'M' 'M' 'M' 'M' 'M' 'M'
 'U' 'M' 'M' 'M' 'M' 'M' 'M' 'M' 'M' 'U' 'M' 'A' 'M' 'M' 'M' 'M' 'U' 'U'
 'M' 'M' 'U' 'A' 'U' 'M' 'U' 'M' 'M' 'M' 'M' 'U' 'U' 'U' 'U' 'M' 'M' 'M'
 'M' 'M' 'M' 'M' 'M' 'U' 'M' 'M' 'U' 'M' 'M' 'M' 'U' 'M' 'M' 'M' 'U' 'U'
 'M' 'M' 'M' 'M' 'M' 'U' 'U' 'M' 'M' 'M' 'M' 'M' 'M' 'M' 'M' 'M' 'M' 'M'
 'M' 'M' 'M' 'M' 'M' 'M' 'U' 'U' 'M' 'M' 'M' 'M' 'M' 'M' 'M' 'M' 'M' 'M'
 'M' 'M' 'M' 'M' 'M' 'M' 'U' 'M' 'M' 'M' 'M' 'M' 'M' 'M' 'M' 'U' 'A' 'M'
 'U' 'M' 'M' 'M' 'M' 'M' 'A' 'U' 'U' 'U' 'M' 'M' 'U' 'M' 'M' 'M' 'M' 'M'
 'M' 'M' 'M' 'A' 'M' 'M' 'M' 'M' 'A' 'M' 'M' 'U' 'M' 'M' 'M' 'M' 'M' 'U'
 'M' 'M' 'M' 'M' 'M' 'M' 'M' 'M' 'M' 'U' 'M' 'M' 'M' 'M' 'U' 'M' 'M' 'M'
 'M' 'M' 'M' 'M' 'M' 'M' 'M' 'M' 'M' 'M' 'M' 'A' 'M' 'M' 'M' 'M' 'M' 'M']"
61201,1,167,7,160,31,0,0,"['A' 'M' 'M' 'M' 'M' 'M' 'M' 'M' 'M' 'M' 'M' 'M' 'M' 'M' 'M' 'M' 'M' 'M'
 'U' 'M' 'M' 'M' 'M' 'U' 'M' 'M' 'M' 'M' 'M' 'A' 'M' 'M' 'M' 'M' 'U' 'M'
 'M' 'U' 'U' 'A' 'M' 'M' 'U' 'M' 'M' 'M' 'M' 'U' 'U' 'M' 'U' 'M' 'M' 'M'
 'M' 'M' 'M' 'M' 'M' 'U' 'M' 'M' 'U' 'M' 'M' 'M' 'M' 'M' 'M' 'M' 'M' 'M'
 'M' 'M' 'U' 'U' 'M' 'M' 'U' 'U' 'M' 'M' 'M' 'M' 'M' 'M' 'M' 'M' 'U' 'M'
 'M' 'M' 'M' 'M' 'M' 'M' 'U' 'U' 'M' 'M' 'M' 'M' 'M' 'M' 'M' 'M' 'M' 'M'
 'U' 'M' 'M' 'M' 'M' 'M' 'U' 'M' 'M' 'M' 'M' 'M' 'M' 'M' 'M' 'U' 'A' 'M'
 'M' 'M' 'M' 'M' 'M' 'U' 'A' 'U' 'U' 'M' 'M' 'M' 'U' 'M' 'M' 'M' 'M' 'M'
 'M' 'M' 'M' 'A' 'M' 'M' 'M' 'M' 'A' 'M' 'M' 'U' 'M' 'M' 'M' 'U' 'M' 'M'
 'M' 'M' 'M' 'M' 'M' 'M' 'M' 'M' 'M' 'U' 'M' 'M' 'M' 'M' 'U' 'M' 'M' 'M'
 'M' 'M' 'M' 'M' 'M' 'M' 'M' 'M' 'M' 'U' 'M' 'U' 'M' 'M' 'M' 'M' 'M' 'M']"
61301,0,164,5,159,34,0,0,"['A' 'M' 'M' 'M' 'M' 'M' 'M' 'M' 'M' 'M' 'M' 'M' 'M' 'M' 'M' 'U' 'M' 'M'
 'U' 'M' 'M' 'M' 'M' 'U' 'M' 'M' 'M' 'M' 'U' 'A' 'M' 'M' 'M' 'M' 'U' 'M'
 'M' 'U' 'U' 'A' 'M' 'M' 'M' 'M' 'M' 'M' 'M' 'U' 'U' 'M' 'U' 'M' 'M' 'M'
 'M' 'M' 'M' 'M' 'M' 'U' 'M' 'M' 'U' 'M' 'M' 'M' 'M' 'M' 'U' 'M' 'U' 'M'
 'M' 'M' 'M' 'M' 'M' 'M' 'M' 'M' 'M' 'M' 'M' 'M' 'M' 'M' 'U' 'U' 'M' 'M'
 'M' 'U' 'M' 'M' 'M' 'M' 'M' 'U' 'M' 'M' 'M' 'M' 'M' 'M' 'M' 'M' 'M' 'M'
 'U' 'M' 'M' 'M' 'M' 'M' 'M' 'M' 'M' 'M' 'M' 'M' 'M' 'M' 'M' 'M' 'M' 'M'
 'M' 'M' 'M' 'M' 'M' 'U' 'A' 'U' 'U' 'U' 'U' 'U' 'U' 'M' 'M' 'M' 'M' 'M'
 'M' 'M' 'M' 'A' 'M' 'M' 'U' 'M' 'U' 'M' 'M' 'M' 'M' 'M' 'M' 'U' 'M' 'M'
 'M' 'M' 'M' 'M' 'M' 'M' 'M' 'M' 'M' 'U' 'M' 'M' 'M' 'M' 'U' 'M' 'M' 'M'
 'M' 'M' 'M' 'M' 'M' 'M' 'M' 'M' 'M' 'U' 'M' 'U' 'U' 'M' 'M' 'M' 'M' 'M']"
61401,0,159,4,155,39,0,0,"['A' 'M' 'M' 'M' 'U' 'M' 'M' 'M' 'M' 'M' 'M' 'M' 'M' 'M' 'M' 'M' 'U' 'M'
 'M' 'M' 'M' 'M' 'M' 'U' 'M' 'M' 'M' 'U' 'U' 'U' 'M' 'M' 'M' 'M' 'U' 'M'
 'M' 'M' 'U' 'A' 'U' 'M' 'M' 'M' 'M' 'U' 'M' 'U' 'M' 'M' 'U' 'M' 'M' 'M'
 'M' 'M' 'M' 'M' 'M' 'U' 'M' 'M' 'U' 'M' 'M' 'M' 'M' 'M' 'M' 'M' 'M' 'M'
 'M' 'M' 'M' 'M' 'M' 'M' 'M' 'M' 'M' 'M' 'M' 'U' 'M' 'U' 'M' 'M' 'U' 'M'
 'M' 'U' 'M' 'U' 'M' 'M' 'M' 'U' 'M' 'M' 'U' 'M' 'M' 'M' 'U' 'M' 'M' 'M'
 'M' 'M' 'M' 'M' 'M' 'U' 'M' 'M' 'M' 'M' 'M' 'M' 'M' 'M' 'M' 'M' 'M' 'M'
 'M' 'M' 'M' 'M' 'M' 'U' 'U' 'U' 'M' 'U' 'U' 'U' 'A' 'M' 'M' 'M' 'M' 'M'
 'M' 'M' 'M' 'A' 'U' 'M' 'M' 'M' 'U' 'M' 'M' 'M' 'M' 'M' 'M' 'U' 'M' 'M'
 'M' 'U' 'M' 'M' 'M' 'M' 'M' 'M' 'M' 'U' 'M' 'M' 'M' 'M' 'U' 'M' 'M' 'M'
 'M' 'M' 'M' 'M' 'M' 'M' 'M' 'M' 'M' 'U' 'M' 'U' 'U' 'M' 'U' 'M' 'M' 'M']"
61501,0,160,5,155,38,0,1,"['A' 'M' 'U' 'U' 'U' 'M' 'M' 'M' 'M' 'M' 'M' 'M' 'M' 'M' 'M' 'M' 'U' 'M'
 'M' 'M' 'M' 'M' 'M' 'U' 'M' 'U' 'U' 'U' 'M' 'U' 'M' 'M' 'M' 'M' 'U' 'M'
 'M' 'M' 'M' 'A' 'A' 'M' 'M' 'M' 'M' 'M' 'M' 'U' 'M' 'M' 'U' 'M' 'M' 'U'
 'M' 'M' 'M' 'M' 'M' 'M' 'M' 'M' 'U' 'M' 'M' 'M' 'M' 'M' 'U' 'M' 'M' 'U'
 'M' 'M' 'M' 'U' 'M' 'U' 'M' 'M' 'M' 'M' 'M' 'M' 'M' 'M' 'M' 'M' 'U' 'M'
 'M' 'M' 'M' 'M' 'M' 'M' 'M' 'U' 'U' 'M' 'M' 'M' 'M' 'M' 'U' 'M' 'M' 'M'
 'M' 'M' 'M' 'M' 'M' 'U' 'M' 'M' 'M' 'M' 'M' 'M' 'M' 'M' 'M' 'M' 'M' 'M'
 'M' 'U' 'M' 'M' 'M' 'U' 'U' 'M' 'M' 'U' 'U' 'M' 'A' 'M' 'M' 'M' 'M' 'M'
 'M' 'M' 'M' 'A' 'U' 'M' 'M' 'M' 'U' 'U' 'M' 'M' 'M' 'M' 'M' 'U' 'M' 'M'
 'M' 'U' 'M' 'M' 'M' 'M' 'M' 'M' 'M' 'U' 'M' 'M' 'M' 'M' 'U' 'M' 'M' 'M'
 'M' 'M' 'M' 'M' 'M' 'M' 'M' 'M' 'M' 'U' 'M' 'U' 'U' 'M' 'M' 'M' 'M' 'M']"
61601,0,166,4,162,32,0,0,"['A' 'M' 'M' 'U' 'U' 'M' 'M' 'M' 'M' 'M' 'M' 'M' 'M' 'M' 'M' 'M' 'U' 'M'
 'M' 'M' 'M' 'M' 'M' 'M' 'M' 'M' 'U' 'U' 'M' 'M' 'M' 'U' 'M' 'M' 'U' 'M'
 'M' 'M' 'M' 'U' 'A' 'M' 'M' 'M' 'M' 'M' 'M' 'U' 'M' 'M' 'U' 'M' 'M' 'U'
 'M' 'M' 'M' 'M' 'M' 'M' 'M' 'U' 'U' 'U' 'M' 'M' 'M' 'M' 'M' 'M' 'M' 'M'
 'M' 'M' 'M' 'M' 'M' 'M' 'M' 'M' 'M' 'M' 'M' 'U' 'U' 'M' 'M' 'M' 'M' 'U'
 'U' 'M' 'M' 'M' 'U' 'M' 'M' 'M' 'M' 'M' 'M' 'M' 'M' 'M' 'U' 'M' 'M' 'M'
 'M' 'M' 'M' 'M' 'M' 'A' 'M' 'M' 'U' 'M' 'M' 'M' 'M' 'M' 'M' 'M' 'M' 'M'
 'M' 'M' 'M' 'M' 'M' 'M' 'M' 'M' 'M' 'M' 'U' 'M' 'U' 'M' 'M' 'M' 'M' 'M'
 'M' 'U' 'M' 'A' 'M' 'M' 'M' 'M' 'U' 'U' 'M' 'M' 'M' 'M' 'M' 'U' 'M' 'M'
 'M' 'M' 'M' 'M' 'M' 'M' 'M' 'M' 'M' 'U' 'M' 'M' 'M' 'U' 'U' 'M' 'M' 'M'
 'M' 'M' 'M' 'M' 'M' 'M' 'M' 'M' 'M' 'M' 'M' 'U' 'U' 'M' 'M' 'M' 'M' 'M']"
61701,0,160,3,157,38,0,0,"['A' 'M' 'M' 'U' 'U' 'M' 'M' 'M' 'M' 'M' 'M' 'M' 'U' 'M' 'M' 'M' 'U' 'M'
 'M' 'M' 'M' 'M' 'M' 'M' 'M' 'M' 'U' 'M' 'M' 'M' 'M' 'U' 'U' 'M' 'U' 'M'
 'M' 'M' 'M' 'U' 'U' 'M' 'M' 'M' 'M' 'M' 'M' 'U' 'M' 'M' 'U' 'M' 'M' 'U'
 'M' 'M' 'M' 'M' 'M' 'M' 'M' 'U' 'U' 'U' 'M' 'U' 'M' 'M' 'M' 'M' 'M' 'M'
 'M' 'M' 'U' 'M' 'M' 'M' 'U' 'M' 'U' 'M' 'M' 'M' 'M' 'M' 'M' 'M' 'M' 'M'
 'U' 'M' 'M' 'M' 'M' 'U' 'M' 'M' 'M' 'M' 'M' 'M' 'M' 'M' 'U' 'M' 'M' 'M'
 'M' 'M' 'M' 'M' 'M' 'A' 'M' 'M' 'U' 'M' 'M' 'U' 'M' 'M' 'M' 'M' 'M' 'M'
 'M' 'M' 'M' 'M' 'M' 'M' 'M' 'M' 'M' 'M' 'U' 'M' 'U' 'U' 'M' 'M' 'M' 'M'
 'M' 'U' 'M' 'A' 'M' 'M' 'M' 'M' 'U' 'U' 'M' 'M' 'M' 'M' 'M' 'U' 'M' 'U'
 'M' 'M' 'M' 'M' 'M' 'M' 'M' 'M' 'M' 'U' 'M' 'M' 'M' 'U' 'M' 'M' 'M' 'M'
 'M' 'M' 'U' 'M' 'M' 'M' 'M' 'M' 'M' 'M' 'M' 'U' 'U' 'M' 'M' 'M' 'M' 'M']"
61801,0,168,5,163,30,0,0,"['A' 'M' 'M' 'U' 'U' 'M' 'M' 'M' 'M' 'M' 'M' 'M' 'U' 'M' 'M' 'M' 'U' 'M'
 'M' 'M' 'M' 'M' 'M' 'M' 'M' 'M' 'M' 'M' 'M' 'M' 'M' 'U' 'M' 'M' 'M' 'M'
 'M' 'U' 'M' 'A' 'M' 'M' 'M' 'M' 'M' 'M' 'M' 'U' 'M' 'M' 'U' 'M' 'M' 'M'
 'M' 'M' 'M' 'M' 'M' 'M' 'M' 'M' 'U' 'U' 'M' 'M' 'M' 'M' 'M' 'U' 'M' 'M'
 'M' 'M' 'M' 'M' 'M' 'M' 'U' 'M' 'M' 'M' 'M' 'M' 'M' 'M' 'M' 'U' 'M' 'M'
 'M' 'M' 'U' 'M' 'U' 'U' 'M' 'M' 'M' 'M' 'M' 'M' 'M' 'M' 'U' 'M' 'M' 'M'
 'M' 'M' 'M' 'M' 'M' 'A' 'M' 'M' 'U' 'M' 'U' 'M' 'M' 'M' 'M' 'M' 'M' 'M'
 'M' 'M' 'M' 'M' 'M' 'M' 'M' 'M' 'M' 'M' 'U' 'M' 'M' 'M' 'M' 'M' 'M' 'M'
 'M' 'U' 'M' 'A' 'M' 'M' 'M' 'M' 'U' 'U' 'M' 'M' 'M' 'M' 'M' 'U' 'U' 'M'
 'M' 'M' 'M' 'M' 'M' 'M' 'M' 'M' 'M' 'U' 'M' 'M' 'M' 'M' 'M' 'M' 'M' 'M'
 'M' 'U' 'U' 'M' 'M' 'M' 'M' 'U' 'M' 'M' 'M' 'M' 'A' 'M' 'U' 'M' 'M' 'M']"
61901,0,157,5,152,41,1,0,"['A' 'M' 'M' 'U' 'U' 'M' 'M' 'M' 'M' 'M' 'M' 'M' 'U' 'M' 'M' 'U' 'M' 'M'
 'M' 'U' 'U' 'M' 'M' 'M' 'M' 'M' 'M' 'M' 'M' 'M' 'M' 'U' 'M' 'M' 'M' 'M'
 'U' 'U' 'M' 'A' 'M' 'M' 'M' 'M' 'M' 'M' 'M' 'U' 'M' 'M' 'A' 'M' 'M' 'M'
 'M' 'U' 'M' 'M' 'M' 'M' 'M' 'M' 'U' 'M' 'M' 'M' 'M' 'U' 'M' 'M' 'M' 'M'
 'M' 'M' 'U' 'M' 'M' 'M' 'M' 'U' 'M' 'M' 'U' 'M' 'M' 'M' 'M' 'M' 'M' 'M'
 'U' 'M' 'M' 'M' 'M' 'U' 'M' 'M' 'M' 'M' 'M' 'M' 'M' 'M' 'U' 'M' 'M' 'M'
 'M' 'U' 'M' 'M' 'U' 'U' 'M' 'U' 'U' 'M' 'U' 'M' 'M' 'M' 'M' 'M' 'M' 'M'
 'M' 'M' 'M' 'M' 'M' 'U' 'M' 'U' 'M' 'M' 'M' 'M' 'U' 'M' 'M' 'M' 'M' 'U'
 'M' 'U' 'M' 'A' 'M' 'M' 'M' 'U' 'U' 'M' 'M' 'M' 'M' 'M' 'M' 'U' 'U' 'M'
 'M' 'M' 'M' 'M' 'U' 'M' 'M' 'M' 'M' 'U' 'M' 'M' 'M' 'M' 'M' 'M' 'U' 'M'
 'M' 'U' 'M' 'U' 'M' 'M' 'M' 'U' 'M' 'M' 'M' 'M' 'A' 'M' 'U' 'M' 'M' 'M']"
62001,0,163,5,158,35,0,0,"['A' 'M' 'M' 'U' 'U' 'M' 'M' 'M' 'M' 'M' 'M' 'M' 'M' 'M' 'M' 'M' 'M' 'M'
 'M' 'M' 'U' 'M' 'M' 'M' 'M' 'M' 'M' 'M' 'M' 'M' 'M' 'U' 'M' 'M' 'M' 'M'
 'U' 'M' 'M' 'A' 'M' 'M' 'M' 'M' 'M' 'M' 'M' 'U' 'M' 'M' 'A' 'M' 'M' 'M'
 'M' 'U' 'M' 'M' 'M' 'M' 'U' 'M' 'M' 'M' 'M' 'M' 'M' 'M' 'M' 'U' 'M' 'U'
 'M' 'M' 'M' 'M' 'M' 'M' 'M' 'U' 'M' 'U' 'M' 'U' 'M' 'M' 'M' 'M' 'M' 'M'
 'M' 'M' 'M' 'M' 'M' 'M' 'M' 'M' 'M' 'M' 'M' 'U' 'M' 'M' 'M' 'M' 'M' 'M'
 'U' 'U' 'M' 'M' 'U' 'U' 'M' 'U' 'M' 'M' 'U' 'M' 'M' 'M' 'M' 'M' 'M' 'M'
 'M' 'M' 'M' 'M' 'M' 'U' 'M' 'U' 'M' 'M' 'M' 'M' 'U' 'M' 'M' 'M' 'M' 'M'
 'M' 'U' 'M' 'U' 'M' 'M' 'M' 'A' 'U' 'M' 'M' 'U' 'M' 'M' 'M' 'U' 'M' 'M'
 'M' 'M' 'M' 'M' 'U' 'U' 'M' 'M' 'M' 'U' 'M' 'M' 'M' 'M' 'M' 'M' 'U' 'M'
 'M' 'U' 'M' 'U' 'M' 'M' 'M' 'M' 'M' 'M' 'M' 'M' 'A' 'M' 'M' 'U' 'M' 'M']"
62101,0,162,4,158,36,0,0,"['A' 'M' 'U' 'U' 'U' 'M' 'M' 'M' 'M' 'M' 'M' 'M' 'U' 'M' 'M' 'M' 'M' 'M'
 'M' 'M' 'M' 'M' 'M' 'M' 'M' 'M' 'M' 'M' 'M' 'M' 'M' 'U' 'M' 'M' 'M' 'M'
 'M' 'M' 'M' 'U' 'M' 'M' 'M' 'M' 'M' 'M' 'M' 'M' 'M' 'M' 'U' 'M' 'M' 'M'
 'M' 'U' 'M' 'M' 'M' 'M' 'A' 'M' 'M' 'M' 'M' 'U' 'U' 'M' 'M' 'M' 'M' 'U'
 'M' 'M' 'M' 'M' 'M' 'M' 'M' 'M' 'U' 'M' 'M' 'M' 'M' 'M' 'M' 'M' 'M' 'M'
 'M' 'M' 'U' 'M' 'M' 'M' 'M' 'M' 'M' 'M' 'M' 'U' 'M' 'M' 'M' 'M' 'M' 'M'
 'U' 'U' 'M' 'M' 'U' 'U' 'M' 'U' 'M' 'M' 'U' 'M' 'M' 'M' 'M' 'M' 'M' 'M'
 'M' 'M' 'M' 'M' 'M' 'U' 'M' 'U' 'M' 'M' 'M' 'M' 'U' 'M' 'M' 'M' 'M' 'M'
 'M' 'U' 'M' 'U' 'M' 'M' 'M' 'A' 'U' 'M' 'M' 'U' 'M' 'M' 'M' 'M' 'M' 'U'
 'M' 'M' 'M' 'M' 'M' 'U' 'M' 'M' 'M' 'U' 'M' 'M' 'M' 'M' 'M' 'M' 'U' 'U'
 'M' 'U' 'M' 'U' 'M' 'M' 'M' 'M' 'M' 'M' 'M' 'M' 'A' 'U' 'M' 'U' 'M' 'M']"
62201,0,166,4,162,32,0,0,"['A' 'M' 'U' 'U' 'U' 'M' 'M' 'M' 'M' 'M' 'M' 'M' 'U' 'M' 'M' 'M' 'M' 'M'
 'M' 'M' 'M' 'M' 'M' 'M' 'M' 'M' 'U' 'M' 'M' 'M' 'M' 'M' 'M' 'M' 'M' 'M'
 'M' 'M' 'M' 'U' 'M' 'M' 'M' 'M' 'M' 'M' 'M' 'M' 'M' 'U' 'U' 'M' 'M' 'M'
 'M' 'U' 'M' 'M' 'M' 'M' 'A' 'M' 'M' 'M' 'M' 'M' 'M' 'M' 'M' 'M' 'M' 'M'
 'U' 'M' 'U' 'M' 'U' 'M' 'M' 'M' 'M' 'M' 'M' 'M' 'M' 'M' 'M' 'U' 'M' 'U'
 'M' 'M' 'M' 'M' 'M' 'M' 'U' 'M' 'M' 'M' 'M' 'M' 'M' 'M' 'M' 'M' 'M' 'M'
 'U' 'M' 'M' 'U' 'A' 'U' 'M' 'U' 'M' 'M' 'U' 'M' 'M' 'M' 'M' 'M' 'M' 'M'
 'M' 'M' 'M' 'M' 'M' 'U' 'M' 'U' 'M' 'M' 'M' 'M' 'M' 'M' 'M' 'M' 'M' 'M'
 'M' 'M' 'M' 'M' 'M' 'M' 'M' 'U' 'U' 'U' 'M' 'U' 'M' 'M' 'M' 'M' 'M' 'M'
 'M' 'M' 'M' 'M' 'M' 'U' 'M' 'M' 'M' 'U' 'M' 'M' 'M' 'M' 'M' 'M' 'U' 'U'
 'M' 'M' 'M' 'M' 'M' 'M' 'U' 'M' 'M' 'M' 'M' 'M' 'A' 'M' 'M' 'U' 'M' 'M']"
62301,0,164,4,160,34,0,1,"['A' 'M' 'U' 'M' 'U' 'M' 'M' 'M' 'M' 'M' 'M' 'M' 'U' 'M' 'M' 'M' 'M' 'M'
 'U' 'M' 'M' 'M' 'M' 'M' 'M' 'M' 'M' 'M' 'M' 'M' 'M' 'M' 'M' 'M' 'M' 'M'
 'M' 'M' 'M' 'M' 'M' 'M' 'M' 'U' 'M' 'M' 'M' 'M' 'M' 'U' 'U' 'M' 'M' 'M'
 'M' 'U' 'M' 'M' 'U' 'M' 'A' 'M' 'M' 'M' 'M' 'U' 'M' 'U' 'M' 'M' 'U' 'M'
 'M' 'M' 'M' 'U' 'M' 'M' 'U' 'M' 'M' 'M' 'M' 'M' 'M' 'M' 'M' 'M' 'M' 'M'
 'M' 'M' 'M' 'M' 'M' 'M' 'U' 'M' 'M' 'M' 'M' 'M' 'M' 'U' 'M' 'U' 'M' 'M'
 'U' 'U' 'M' 'U' 'A' 'U' 'M' 'U' 'M' 'M' 'U' 'M' 'M' 'M' 'M' 'M' 'M' 'M'
 'M' 'M' 'M' 'M' 'M' 'U' 'M' 'U' 'M' 'M' 'M' 'M' 'M' 'M' 'M' 'M' 'M' 'M'
 'M' 'M' 'M' 'M' 'M' 'M' 'M' 'U' 'M' 'U' 'M' 'U' 'U' 'M' 'M' 'M' 'M' 'M'
 'M' 'M' 'M' 'M' 'M' 'U' 'M' 'M' 'M' 'U' 'M' 'M' 'M' 'M' 'M' 'M' 'U' 'M'
 'M' 'M' 'M' 'M' 'M' 'M' 'U' 'M' 'M' 'M' 'M' 'M' 'A' 'M' 'M' 'U' 'M' 'M']"
62401,0,159,4,155,39,0,0,"['A' 'M' 'U' 'M' 'U' 'M' 'M' 'M' 'M' 'M' 'M' 'M' 'U' 'M' 'M' 'M' 'M' 'M'
 'U' 'M' 'M' 'M' 'M' 'M' 'M' 'M' 'M' 'M' 'M' 'M' 'M' 'M' 'M' 'M' 'M' 'M'
 'M' 'M' 'U' 'M' 'M' 'M' 'M' 'U' 'M' 'M' 'M' 'M' 'M' 'U' 'U' 'M' 'M' 'M'
 'M' 'U' 'M' 'M' 'U' 'M' 'A' 'M' 'M' 'M' 'M' 'M' 'M' 'M' 'M' 'M' 'U' 'M'
 'M' 'M' 'M' 'M' 'M' 'U' 'M' 'M' 'M' 'M' 'M' 'M' 'U' 'M' 'U' 'M' 'M' 'M'
 'U' 'M' 'M' 'M' 'M' 'M' 'U' 'M' 'M' 'M' 'M' 'M' 'M' 'U' 'M' 'U' 'U' 'M'
 'U' 'M' 'M' 'U' 'A' 'M' 'M' 'U' 'M' 'M' 'U' 'M' 'U' 'M' 'U' 'M' 'M' 'M'
 'M' 'M' 'M' 'M' 'M' 'M' 'U' 'M' 'U' 'M' 'U' 'U' 'U' 'M' 'M' 'M' 'M' 'M'
 'M' 'M' 'U' 'M' 'M' 'M' 'M' 'M' 'M' 'U' 'M' 'U' 'U' 'M' 'M' 'M' 'M' 'M'
 'M' 'M' 'M' 'M' 'M' 'U' 'M' 'M' 'M' 'U' 'M' 'U' 'M' 'M' 'M' 'M' 'M' 'M'
 'M' 'M' 'M' 'M' 'M' 'M' 'U' 'M' 'M' 'M' 'M' 'M' 'A' 'M' 'M' 'U' 'M' 'M']"
62501,0,163,5,158,35,0,0,"['A' 'M' 'U' 'M' 'U' 'M' 'M' 'M' 'M' 'U' 'M' 'M' 'U' 'M' 'M' 'M' 'M' 'M'
 'U' 'M' 'M' 'M' 'M' 'M' 'M' 'M' 'M' 'M' 'M' 'M' 'M' 'M' 'M' 'M' 'M' 'M'
 'M' 'M' 'M' 'M' 'M' 'M' 'M' 'U' 'M' 'M' 'M' 'M' 'M' 'A' 'U' 'M' 'M' 'M'
 'M' 'U' 'M' 'M' 'U' 'M' 'A' 'M' 'M' 'M' 'M' 'M' 'U' 'U' 'M' 'M' 'M' 'M'
 'M' 'M' 'M' 'M' 'M' 'M' 'M' 'U' 'U' 'M' 'M' 'M' 'M' 'M' 'M' 'M' 'M' 'M'
 'U' 'M' 'M' 'M' 'M' 'M' 'U' 'M' 'M' 'M' 'M' 'M' 'M' 'M' 'M' 'U' 'M' 'M'
 'U' 'M' 'M' 'M' 'A' 'M' 'U' 'M' 'M' 'M' 'U' 'M' 'U' 'M' 'M' 'U' 'M' 'M'
 'M' 'M' 'M' 'M' 'M' 'M' 'U' 'M' 'U' 'M' 'U' 'U' 'U' 'M' 'M' 'M' 'M' 'M'
 'M' 'M' 'U' 'U' 'M' 'M' 'M' 'M' 'M' 'U' 'M' 'U' 'M' 'M' 'M' 'M' 'M' 'M'
 'M' 'U' 'A' 'M' 'M' 'M' 'M' 'M' 'M' 'M' 'M' 'U' 'M' 'M' 'M' 'M' 'M' 'M'
 'M' 'M' 'M' 'M' 'M' 'M' 'U' 'M' 'M' 'M' 'M' 'M' 'U' 'M' 'M' 'U' 'M' 'M']"
62601,0,161,5,156,37,0,0,"['A' 'M' 'U' 'M' 'U' 'M' 'M' 'M' 'M' 'U' 'U' 'M' 'U' 'M' 'M' 'M' 'U' 'M'
 'U' 'M' 'M' 'U' 'M' 'M' 'M' 'M' 'M' 'M' 'M' 'M' 'M' 'M' 'M' 'M' 'M' 'M'
 'M' 'M' 'M' 'M' 'M' 'M' 'M' 'M' 'M' 'M' 'M' 'M' 'M' 'U' 'U' 'M' 'M' 'M'
 'M' 'U' 'M' 'U' 'U' 'M' 'A' 'M' 'M' 'U' 'M' 'M' 'M' 'M' 'M' 'M' 'M' 'M'
 'M' 'M' 'M' 'M' 'U' 'M' 'M' 'M' 'M' 'M' 'M' 'M' 'U' 'M' 'M' 'U' 'U' 'M'
 'M' 'M' 'U' 'M' 'M' 'M' 'M' 'M' 'M' 'M' 'M' 'M' 'M' 'M' 'M' 'U' 'M' 'M'
 'U' 'M' 'U' 'M' 'A' 'M' 'U' 'M' 'M' 'M' 'M' 'M' 'U' 'M' 'M' 'M' 'M' 'M'
 'M' 'M' 'M' 'M' 'M' 'M' 'U' 'M' 'U' 'M' 'M' 'U' 'U' 'U' 'M' 'U' 'M' 'M'
 'M' 'M' 'U' 'M' 'U' 'M' 'M' 'M' 'M' 'U' 'M' 'A' 'M' 'M' 'M' 'M' 'M' 'M'
 'M' 'U' 'A' 'M' 'M' 'M' 'M' 'M' 'M' 'M' 'M' 'M' 'M' 'M' 'M' 'M' 'M' 'M'
 'M' 'U' 'M' 'M' 'M' 'M' 'U' 'M' 'M' 'M' 'M' 'M' 'U' 'M' 'M' 'M' 'M' 'M']"
62701,0,164,5,159,34,1,0,"['A' 'M' 'A' 'M' 'U' 'M' 'M' 'M' 'M' 'U' 'U' 'M' 'U' 'M' 'U' 'M' 'U' 'M'
 'U' 'M' 'M' 'U' 'M' 'M' 'M' 'M' 'M' 'M' 'M' 'M' 'M' 'M' 'M' 'M' 'M' 'M'
 'U' 'M' 'M' 'M' 'M' 'M' 'M' 'M' 'M' 'M' 'M' 'M' 'M' 'U' 'A' 'M' 'M' 'M'
 'M' 'U' 'M' 'U' 'U' 'M' 'U' 'U' 'M' 'U' 'M' 'M' 'M' 'M' 'M' 'M' 'U' 'U'
 'U' 'M' 'M' 'U' 'M' 'M' 'M' 'M' 'M' 'U' 'M' 'M' 'M' 'M' 'M' 'M' 'M' 'M'
 'M' 'M' 'M' 'M' 'M' 'M' 'M' 'M' 'M' 'M' 'M' 'M' 'M' 'M' 'M' 'M' 'M' 'M'
 'M' 'M' 'M' 'M' 'U' 'M' 'M' 'M' 'M' 'M' 'M' 'M' 'A' 'M' 'M' 'M' 'M' 'M'
 'M' 'M' 'M' 'M' 'M' 'M' 'M' 'M' 'U' 'M' 'M' 'U' 'M' 'U' 'M' 'M' 'M' 'M'
 'M' 'M' 'U' 'M' 'U' 'M' 'M' 'M' 'M' 'M' 'M' 'U' 'M' 'M' 'M' 'M' 'M' 'M'
 'M' 'U' 'A' 'M' 'M' 'M' 'M' 'M' 'M' 'M' 'M' 'U' 'M' 'M' 'M' 'M' 'M' 'U'
 'M' 'U' 'M' 'M' 'M' 'M' 'U' 'M' 'M' 'M' 'M' 'M' 'U' 'M' 'M' 'M' 'M' 'M']"
62801,0,164,3,161,34,0,0,"['A' 'M' 'A' 'M' 'U' 'M' 'M' 'M' 'M' 'M' 'U' 'M' 'U' 'M' 'M' 'M' 'U' 'M'
 'U' 'M' 'M' 'M' 'M' 'M' 'M' 'M' 'M' 'M' 'M' 'M' 'M' 'M' 'M' 'M' 'M' 'M'
 'U' 'M' 'M' 'M' 'M' 'M' 'M' 'M' 'M' 'M' 'M' 'M' 'M' 'U' 'U' 'M' 'M' 'M'
 'M' 'U' 'M' 'U' 'M' 'M' 'M' 'U' 'M' 'U' 'M' 'M' 'M' 'M' 'M' 'M' 'U' 'M'
 'M' 'M' 'M' 'M' 'M' 'M' 'M' 'M' 'M' 'M' 'M' 'U' 'U' 'M' 'M' 'M' 'M' 'U'
 'M' 'M' 'M' 'U' 'M' 'M' 'M' 'M' 'U' 'M' 'M' 'M' 'M' 'M' 'M' 'M' 'M' 'M'
 'M' 'M' 'U' 'M' 'U' 'M' 'M' 'M' 'M' 'M' 'M' 'M' 'A' 'M' 'M' 'M' 'M' 'M'
 'M' 'M' 'M' 'M' 'M' 'M' 'M' 'M' 'M' 'M' 'U' 'U' 'M' 'M' 'M' 'M' 'M' 'M'
 'M' 'M' 'U' 'M' 'U' 'M' 'M' 'M' 'M' 'M' 'M' 'M' 'M' 'M' 'M' 'M' 'M' 'M'
 'M' 'U' 'U' 'U' 'M' 'M' 'M' 'M' 'U' 'M' 'M' 'U' 'M' 'M' 'M' 'M' 'M' 'U'
 'M' 'U' 'M' 'U' 'M' 'M' 'U' 'M' 'M' 'M' 'M' 'M' 'U' 'M' 'M' 'M' 'M' 'M']"
62901,0,168,2,166,30,0,0,"['A' 'M' 'A' 'M' 'U' 'M' 'M' 'M' 'M' 'M' 'M' 'M' 'U' 'M' 'M' 'M' 'M' 'M'
 'U' 'M' 'M' 'M' 'M' 'M' 'M' 'M' 'M' 'M' 'M' 'M' 'M' 'M' 'M' 'M' 'M' 'M'
 'U' 'M' 'M' 'M' 'M' 'M' 'M' 'M' 'M' 'M' 'M' 'M' 'M' 'U' 'U' 'M' 'M' 'M'
 'M' 'M' 'M' 'U' 'M' 'M' 'M' 'U' 'M' 'U' 'M' 'U' 'M' 'U' 'M' 'M' 'M' 'M'
 'M' 'M' 'M' 'M' 'U' 'M' 'M' 'M' 'M' 'U' 'M' 'U' 'M' 'M' 'M' 'M' 'M' 'M'
 'M' 'M' 'M' 'M' 'M' 'M' 'M' 'U' 'U' 'M' 'M' 'U' 'M' 'M' 'M' 'M' 'M' 'M'
 'M' 'M' 'M' 'M' 'U' 'M' 'M' 'M' 'M' 'M' 'M' 'M' 'M' 'M' 'M' 'M' 'M' 'M'
 'M' 'M' 'M' 'M' 'M' 'M' 'M' 'M' 'M' 'M' 'U' 'M' 'M' 'M' 'M' 'M' 'M' 'M'
 'M' 'M' 'M' 'M' 'M' 'M' 'M' 'M' 'M' 'M' 'M' 'M' 'M' 'M' 'M' 'M' 'M' 'M'
 'M' 'U' 'U' 'U' 'M' 'M' 'M' 'U' 'M' 'M' 'M' 'M' 'M' 'M' 'M' 'M' 'M' 'U'
 'M' 'U' 'M' 'U' 'U' 'M' 'U' 'M' 'M' 'M' 'M' 'U' 'U' 'M' 'M' 'M' 'M' 'M']"
63001,0,170,2,168,28,1,0,"['A' 'M' 'A' 'M' 'U' 'M' 'M' 'M' 'M' 'M' 'M' 'M' 'M' 'M' 'M' 'M' 'M' 'M'
 'U' 'M' 'M' 'M' 'M' 'M' 'M' 'M' 'M' 'M' 'U' 'M' 'M' 'M' 'M' 'M' 'M' 'M'
 'U' 'M' 'M' 'M' 'M' 'M' 'M' 'M' 'M' 'M' 'M' 'M' 'M' 'U' 'M' 'M' 'M' 'M'
 'M' 'M' 'M' 'U' 'M' 'M' 'M' 'M' 'M' 'U' 'M' 'M' 'M' 'U' 'M' 'M' 'U' 'M'
 'M' 'M' 'M' 'M' 'M' 'M' 'M' 'M' 'M' 'U' 'M' 'M' 'M' 'U' 'M' 'M' 'M' 'U'
 'M' 'M' 'M' 'M' 'M' 'M' 'M' 'U' 'U' 'M' 'M' 'U' 'M' 'M' 'M' 'M' 'M' 'M'
 'M' 'M' 'M' 'M' 'M' 'M' 'M' 'M' 'M' 'M' 'M' 'M' 'M' 'M' 'M' 'M' 'M' 'M'
 'U' 'M' 'M' 'M' 'M' 'M' 'M' 'M' 'U' 'M' 'U' 'M' 'U' 'M' 'M' 'M' 'M' 'M'
 'M' 'M' 'M' 'M' 'M' 'M' 'M' 'M' 'M' 'M' 'M' 'M' 'M' 'M' 'M' 'M' 'M' 'M'
 'M' 'U' 'U' 'M' 'M' 'M' 'M' 'U' 'M' 'M' 'M' 'M' 'U' 'M' 'M' 'M' 'M' 'M'
 'M' 'U' 'M' 'M' 'M' 'U' 'M' 'M' 'M' 'U' 'M' 'U' 'U' 'M' 'M' 'M' 'M' 'M']"
63101,0,171,2,169,27,0,0,"['A' 'M' 'A' 'M' 'M' 'M' 'M' 'M' 'M' 'M' 'M' 'M' 'M' 'U' 'M' 'M' 'M' 'M'
 'U' 'M' 'M' 'M' 'M' 'M' 'M' 'M' 'M' 'M' 'U' 'M' 'M' 'M' 'M' 'M' 'M' 'M'
 'U' 'M' 'M' 'M' 'M' 'M' 'M' 'M' 'M' 'M' 'M' 'M' 'M' 'U' 'M' 'M' 'M' 'M'
 'M' 'M' 'M' 'M' 'M' 'M' 'M' 'M' 'M' 'M' 'U' 'M' 'M' 'M' 'M' 'M' 'M' 'U'
 'M' 'M' 'M' 'M' 'M' 'M' 'U' 'M' 'M' 'M' 'M' 'M' 'M' 'M' 'M' 'M' 'U' 'M'
 'M' 'M' 'U' 'U' 'M' 'M' 'M' 'U' 'M' 'M' 'M' 'U' 'M' 'M' 'M' 'M' 'M' 'M'
 'M' 'M' 'M' 'M' 'M' 'M' 'M' 'M' 'M' 'M' 'M' 'M' 'M' 'M' 'M' 'M' 'M' 'M'
 'U' 'M' 'M' 'M' 'M' 'M' 'M' 'M' 'M' 'M' 'U' 'M' 'M' 'M' 'M' 'M' 'U' 'M'
 'M' 'M' 'M' 'M' 'M' 'M' 'M' 'M' 'M' 'M' 'M' 'M' 'M' 'M' 'M' 'M' 'M' 'M'
 'M' 'U' 'U' 'M' 'M' 'M' 'M' 'U' 'M' 'M' 'M' 'M' 'U' 'M' 'U' 'M' 'M' 'M'
 'M' 'U' 'M' 'M' 'U' 'U' 'M' 'M' 'U' 'U' 'M' 'U' 'M' 'M' 'M' 'M' 'M' 'M']"
63201,0,169,2,167,29,0,0,"['A' 'M' 'A' 'M' 'M' 'M' 'M' 'M' 'M' 'M' 'M' 'M' 'M' 'U' 'M' 'M' 'M' 'M'
 'M' 'M' 'M' 'M' 'M' 'M' 'M' 'M' 'M' 'M' 'U' 'M' 'M' 'M' 'M' 'M' 'M' 'M'
 'U' 'U' 'M' 'M' 'M' 'M' 'M' 'M' 'M' 'M' 'M' 'M' 'M' 'U' 'M' 'M' 'M' 'M'
 'M' 'M' 'M' 'M' 'M' 'M' 'M' 'U' 'M' 'M' 'U' 'U' 'M' 'M' 'M' 'M' 'M' 'M'
 'M' 'M' 'M' 'M' 'M' 'M' 'M' 'M' 'M' 'U' 'M' 'M' 'M' 'M' 'M' 'M' 'U' 'U'
 'U' 'M' 'M' 'M' 'M' 'M' 'M' 'U' 'M' 'M' 'M' 'U' 'M' 'M' 'M' 'M' 'M' 'M'
 'M' 'M' 'M' 'M' 'U' 'M' 'M' 'M' 'M' 'M' 'M' 'M' 'M' 'M' 'M' 'M' 'M' 'M'
 'U' 'M' 'U' 'M' 'M' 'M' 'M' 'M' 'M' 'M' 'M' 'M' 'M' 'U' 'M' 'M' 'M' 'M'
 'M' 'M' 'M' 'M' 'M' 'M' 'U' 'M' 'M' 'M' 'M' 'M' 'M' 'M' 'M' 'M' 'M' 'M'
 'M' 'U' 'U' 'M' 'M' 'M' 'M' 'U' 'M' 'M' 'M' 'M' 'U' 'M' 'U' 'M' 'M' 'M'
 'M' 'U' 'M' 'M' 'U' 'M' 'M' 'M' 'U' 'U' 'M' 'U' 'M' 'M' 'M' 'M' 'M' 'M']"
63301,0,165,2,163,33,0,0,"['A' 'M' 'A' 'M' 'M' 'M' 'M' 'U' 'M' 'M' 'M' 'M' 'M' 'U' 'M' 'M' 'M' 'M'
 'M' 'U' 'M' 'M' 'M' 'M' 'M' 'M' 'M' 'M' 'M' 'M' 'M' 'M' 'M' 'M' 'M' 'M'
 'U' 'U' 'M' 'M' 'M' 'M' 'M' 'M' 'M' 'M' 'M' 'M' 'M' 'U' 'M' 'M' 'M' 'M'
 'M' 'M' 'M' 'M' 'M' 'M' 'M' 'U' 'M' 'M' 'U' 'M' 'M' 'M' 'M' 'M' 'M' 'M'
 'U' 'U' 'U' 'M' 'U' 'M' 'M' 'M' 'M' 'M' 'M' 'U' 'M' 'M' 'M' 'M' 'M' 'M'
 'M' 'M' 'M' 'M' 'M' 'M' 'M' 'U' 'M' 'M' 'M' 'M' 'M' 'M' 'M' 'M' 'M' 'M'
 'M' 'M' 'M' 'M' 'U' 'M' 'M' 'M' 'M' 'M' 'M' 'M' 'M' 'U' 'M' 'M' 'M' 'M'
 'U' 'M' 'M' 'U' 'M' 'U' 'M' 'M' 'U' 'U' 'U' 'M' 'U' 'M' 'M' 'M' 'M' 'M'
 'M' 'M' 'M' 'M' 'M' 'M' 'U' 'M' 'M' 'M' 'M' 'M' 'M' 'M' 'M' 'M' 'M' 'M'
 'M' 'M' 'U' 'M' 'M' 'M' 'M' 'M' 'M' 'M' 'M' 'M' 'U' 'M' 'U' 'M' 'M' 'M'
 'M' 'U' 'M' 'M' 'U' 'M' 'M' 'M' 'U' 'U' 'U' 'U' 'M' 'M' 'M' 'M' 'M' 'M']"
63401,0,167,1,166,31,0,0,"['A' 'M' 'U' 'M' 'M' 'U' 'M' 'U' 'M' 'M' 'M' 'M' 'M' 'U' 'M' 'M' 'M' 'M'
 'M' 'M' 'M' 'M' 'M' 'M' 'M' 'M' 'M' 'M' 'M' 'U' 'M' 'M' 'M' 'M' 'M' 'M'
 'M' 'U' 'M' 'M' 'M' 'M' 'M' 'M' 'M' 'M' 'M' 'M' 'M' 'U' 'M' 'M' 'M' 'M'
 'M' 'M' 'M' 'M' 'M' 'M' 'M' 'U' 'M' 'M' 'M' 'M' 'M' 'M' 'M' 'M' 'U' 'M'
 'M' 'U' 'M' 'M' 'M' 'U' 'M' 'M' 'M' 'M' 'M' 'M' 'M' 'M' 'U' 'M' 'M' 'M'
 'M' 'M' 'M' 'U' 'M' 'M' 'M' 'U' 'M' 'M' 'M' 'M' 'M' 'M' 'M' 'M' 'M' 'M'
 'M' 'M' 'M' 'M' 'U' 'M' 'M' 'M' 'M' 'M' 'M' 'M' 'M' 'U' 'M' 'M' 'M' 'M'
 'M' 'M' 'M' 'U' 'M' 'U' 'M' 'M' 'U' 'U' 'U' 'M' 'U' 'M' 'M' 'M' 'M' 'M'
 'M' 'M' 'M' 'M' 'M' 'M' 'U' 'M' 'M' 'M' 'M' 'M' 'M' 'M' 'M' 'M' 'M' 'M'
 'M' 'M' 'U' 'M' 'M' 'M' 'M' 'M' 'M' 'M' 'M' 'M' 'U' 'M' 'M' 'M' 'M' 'M'
 'M' 'U' 'M' 'M' 'U' 'M' 'M' 'M' 'U' 'U' 'U' 'U' 'M' 'M' 'M' 'M' 'M' 'M']"
63501,0,168,1,167,30,0,0,"['A' 'M' 'M' 'M' 'M' 'M' 'M' 'U' 'M' 'M' 'M' 'M' 'M' 'U' 'M' 'M' 'M' 'M'
 'M' 'M' 'U' 'M' 'M' 'M' 'M' 'U' 'M' 'M' 'M' 'U' 'M' 'M' 'M' 'M' 'M' 'M'
 'M' 'U' 'M' 'M' 'M' 'M' 'M' 'M' 'M' 'M' 'M' 'M' 'M' 'U' 'M' 'M' 'M' 'M'
 'M' 'M' 'M' 'M' 'M' 'M' 'M' 'U' 'M' 'M' 'M' 'U' 'M' 'M' 'M' 'U' 'M' 'M'
 'M' 'M' 'M' 'M' 'M' 'M' 'M' 'M' 'M' 'U' 'M' 'M' 'M' 'M' 'U' 'U' 'M' 'M'
 'M' 'M' 'M' 'M' 'M' 'M' 'M' 'U' 'M' 'U' 'M' 'M' 'M' 'M' 'M' 'M' 'M' 'M'
 'U' 'M' 'M' 'M' 'U' 'M' 'M' 'M' 'M' 'M' 'M' 'M' 'M' 'M' 'M' 'M' 'M' 'M'
 'M' 'M' 'M' 'U' 'M' 'U' 'M' 'M' 'M' 'U' 'U' 'M' 'U' 'M' 'M' 'M' 'M' 'M'
 'M' 'M' 'M' 'M' 'M' 'M' 'M' 'M' 'M' 'M' 'M' 'M' 'M' 'M' 'M' 'M' 'M' 'M'
 'M' 'M' 'U' 'M' 'M' 'M' 'M' 'M' 'M' 'M' 'M' 'M' 'U' 'M' 'M' 'M' 'M' 'M'
 'M' 'M' 'M' 'M' 'U' 'M' 'M' 'U' 'U' 'U' 'U' 'U' 'M' 'M' 'M' 'M' 'M' 'M']"
63601,0,166,2,164,32,1,0,"['A' 'M' 'M' 'M' 'M' 'M' 'M' 'U' 'M' 'M' 'M' 'M' 'M' 'U' 'M' 'M' 'M' 'M'
 'M' 'M' 'M' 'M' 'M' 'M' 'M' 'U' 'M' 'M' 'M' 'U' 'M' 'M' 'M' 'M' 'M' 'M'
 'M' 'U' 'M' 'M' 'M' 'M' 'M' 'M' 'M' 'M' 'M' 'M' 'M' 'U' 'U' 'M' 'M' 'U'
 'M' 'M' 'M' 'M' 'M' 'M' 'M' 'U' 'M' 'M' 'M' 'U' 'M' 'M' 'M' 'M' 'M' 'M'
 'M' 'M' 'U' 'M' 'U' 'M' 'M' 'M' 'M' 'M' 'U' 'M' 'M' 'M' 'M' 'M' 'M' 'M'
 'U' 'M' 'M' 'M' 'M' 'M' 'M' 'U' 'M' 'M' 'M' 'M' 'U' 'M' 'M' 'M' 'M' 'M'
 'A' 'M' 'M' 'M' 'U' 'U' 'M' 'M' 'U' 'M' 'M' 'M' 'M' 'M' 'M' 'M' 'M' 'M'
 'M' 'M' 'M' 'U' 'M' 'M' 'M' 'M' 'M' 'U' 'U' 'M' 'U' 'M' 'M' 'M' 'M' 'M'
 'M' 'M' 'M' 'M' 'M' 'M' 'M' 'M' 'M' 'M' 'M' 'M' 'U' 'M' 'M' 'U' 'M' 'M'
 'U' 'M' 'U' 'M' 'M' 'M' 'M' 'M' 'M' 'M' 'M' 'M' 'U' 'M' 'M' 'M' 'M' 'M'
 'M' 'M' 'M' 'M' 'U' 'M' 'M' 'U' 'M' 'U' 'U' 'M' 'M' 'M' 'M' 'M' 'M' 'M']"
63701,0,168,2,166,30,0,0,"['A' 'M' 'M' 'M' 'M' 'U' 'M' 'M' 'M' 'M' 'M' 'M' 'M' 'U' 'U' 'M' 'M' 'M'
 'M' 'M' 'M' 'M' 'M' 'M' 'M' 'U' 'M' 'M' 'M' 'M' 'M' 'M' 'M' 'M' 'M' 'M'
 'M' 'M' 'M' 'M' 'M' 'M' 'M' 'M' 'M' 'M' 'M' 'M' 'M' 'U' 'M' 'M' 'M' 'M'
 'M' 'M' 'U' 'M' 'M' 'M' 'U' 'U' 'U' 'M' 'M' 'M' 'M' 'M' 'M' 'M' 'M' 'M'
 'M' 'M' 'M' 'M' 'M' 'U' 'U' 'M' 'M' 'M' 'M' 'M' 'M' 'M' 'M' 'U' 'M' 'U'
 'M' 'M' 'U' 'M' 'M' 'M' 'M' 'M' 'M' 'M' 'M' 'M' 'U' 'M' 'M' 'M' 'M' 'M'
 'A' 'M' 'M' 'M' 'U' 'U' 'M' 'M' 'U' 'M' 'M' 'M' 'M' 'M' 'M' 'M' 'M' 'M'
 'M' 'M' 'M' 'M' 'M' 'M' 'M' 'M' 'M' 'U' 'U' 'M' 'U' 'U' 'M' 'M' 'M' 'M'
 'M' 'M' 'M' 'M' 'M' 'M' 'M' 'M' 'M' 'M' 'M' 'M' 'U' 'M' 'M' 'U' 'M' 'M'
 'M' 'M' 'U' 'M' 'M' 'M' 'M' 'M' 'M' 'M' 'M' 'M' 'U' 'M' 'M' 'M' 'M' 'M'
 'M' 'M' 'M' 'M' 'U' 'M' 'M' 'U' 'M' 'U' 'U' 'M' 'M' 'M' 'M' 'M' 'M' 'M']"
63801,0,172,2,170,26,0,0,"['A' 'M' 'M' 'M' 'M' 'M' 'M' 'M' 'M' 'M' 'M' 'M' 'M' 'U' 'U' 'M' 'M' 'M'
 'M' 'M' 'M' 'M' 'M' 'M' 'M' 'U' 'M' 'M' 'M' 'M' 'M' 'M' 'M' 'M' 'M' 'M'
 'M' 'M' 'M' 'M' 'M' 'M' 'M' 'M' 'M' 'M' 'M' 'M' 'M' 'M' 'M' 'M' 'M' 'M'
 'M' 'M' 'U' 'M' 'M' 'M' 'M' 'U' 'U' 'M' 'M' 'M' 'M' 'M' 'U' 'M' 'M' 'M'
 'M' 'M' 'M' 'U' 'M' 'M' 'M' 'M' 'M' 'U' 'M' 'M' 'M' 'M' 'M' 'M' 'M' 'M'
 'U' 'M' 'M' 'M' 'U' 'M' 'M' 'M' 'U' 'M' 'M' 'M' 'U' 'M' 'M' 'M' 'M' 'M'
 'A' 'M' 'M' 'M' 'U' 'U' 'U' 'M' 'U' 'M' 'M' 'M' 'M' 'M' 'M' 'M' 'M' 'M'
 'M' 'M' 'M' 'M' 'M' 'M' 'M' 'M' 'M' 'U' 'U' 'M' 'M' 'M' 'M' 'M' 'M' 'M'
 'M' 'M' 'M' 'M' 'M' 'M' 'M' 'M' 'M' 'M' 'M' 'M' 'U' 'M' 'M' 'U' 'M' 'M'
 'M' 'M' 'M' 'M' 'M' 'M' 'M' 'M' 'M' 'M' 'M' 'M' 'U' 'M' 'M' 'M' 'M' 'M'
 'M' 'M' 'M' 'M' 'U' 'M' 'M' 'U' 'M' 'U' 'U' 'M' 'M' 'M' 'M' 'M' 'M' 'M']"
63901,0,171,1,170,27,0,0,"['A' 'M' 'U' 'M' 'M' 'M' 'M' 'M' 'M' 'M' 'M' 'M' 'M' 'U' 'U' 'M' 'M' 'M'
 'U' 'M' 'M' 'M' 'M' 'M' 'M' 'M' 'M' 'M' 'M' 'M' 'M' 'M' 'M' 'M' 'M' 'M'
 'M' 'M' 'M' 'M' 'M' 'M' 'M' 'M' 'M' 'M' 'M' 'M' 'M' 'M' 'M' 'M' 'M' 'M'
 'M' 'M' 'M' 'M' 'M' 'U' 'M' 'M' 'M' 'M' 'M' 'M' 'M' 'M' 'M' 'M' 'M' 'M'
 'M' 'M' 'M' 'M' 'M' 'M' 'U' 'U' 'M' 'U' 'M' 'M' 'M' 'M' 'M' 'U' 'M' 'U'
 'M' 'M' 'M' 'M' 'M' 'M' 'M' 'M' 'U' 'M' 'M' 'M' 'U' 'M' 'M' 'M' 'M' 'M'
 'U' 'M' 'M' 'M' 'U' 'U' 'U' 'M' 'U' 'M' 'M' 'M' 'M' 'M' 'M' 'M' 'U' 'M'
 'M' 'M' 'M' 'M' 'M' 'M' 'M' 'M' 'M' 'U' 'U' 'M' 'M' 'M' 'M' 'M' 'M' 'M'
 'M' 'M' 'M' 'M' 'M' 'M' 'M' 'M' 'M' 'M' 'M' 'M' 'U' 'M' 'M' 'U' 'M' 'M'
 'M' 'U' 'M' 'M' 'M' 'M' 'M' 'M' 'M' 'M' 'M' 'M' 'U' 'M' 'U' 'M' 'M' 'M'
 'M' 'M' 'M' 'M' 'U' 'M' 'M' 'M' 'M' 'U' 'M' 'M' 'M' 'M' 'M' 'M' 'M' 'M']"
64001,0,170,1,169,28,0,1,"['A' 'M' 'U' 'M' 'M' 'M' 'M' 'M' 'M' 'M' 'M' 'U' 'M' 'M' 'M' 'M' 'M' 'M'
 'U' 'M' 'M' 'M' 'M' 'M' 'M' 'M' 'M' 'U' 'M' 'M' 'M' 'M' 'M' 'M' 'M' 'M'
 'M' 'M' 'M' 'M' 'M' 'M' 'M' 'M' 'M' 'M' 'M' 'M' 'M' 'M' 'M' 'M' 'M' 'M'
 'M' 'M' 'M' 'M' 'M' 'U' 'M' 'M' 'U' 'U' 'M' 'M' 'M' 'M' 'M' 'U' 'M' 'M'
 'M' 'M' 'M' 'M' 'U' 'M' 'M' 'M' 'M' 'M' 'U' 'M' 'M' 'M' 'M' 'U' 'M' 'M'
 'U' 'M' 'M' 'M' 'M' 'M' 'M' 'M' 'M' 'M' 'M' 'M' 'M' 'M' 'M' 'M' 'M' 'M'
 'U' 'M' 'M' 'M' 'U' 'U' 'U' 'M' 'U' 'M' 'M' 'M' 'M' 'M' 'M' 'M' 'U' 'M'
 'M' 'M' 'M' 'M' 'M' 'M' 'M' 'M' 'M' 'U' 'U' 'M' 'M' 'M' 'M' 'M' 'M' 'M'
 'M' 'M' 'M' 'M' 'M' 'M' 'U' 'M' 'M' 'M' 'M' 'M' 'U' 'M' 'M' 'U' 'M' 'M'
 'M' 'U' 'M' 'M' 'M' 'U' 'M' 'M' 'M' 'M' 'M' 'M' 'M' 'M' 'U' 'U' 'M' 'M'
 'M' 'M' 'M' 'M' 'U' 'M' 'M' 'M' 'M' 'M' 'M' 'M' 'M' 'M' 'M' 'M' 'M' 'M']"
64101,0,168,1,167,30,0,0,"['A' 'M' 'U' 'M' 'M' 'M' 'M' 'M' 'M' 'M' 'M' 'U' 'M' 'M' 'M' 'M' 'M' 'M'
 'U' 'M' 'M' 'M' 'M' 'M' 'M' 'U' 'M' 'U' 'M' 'M' 'M' 'M' 'M' 'M' 'U' 'M'
 'M' 'M' 'M' 'M' 'M' 'U' 'M' 'M' 'M' 'M' 'M' 'M' 'M' 'M' 'M' 'M' 'M' 'M'
 'M' 'M' 'M' 'M' 'M' 'U' 'M' 'M' 'M' 'M' 'M' 'M' 'M' 'M' 'M' 'M' 'M' 'U'
 'M' 'U' 'M' 'M' 'M' 'M' 'M' 'U' 'U' 'M' 'M' 'M' 'M' 'M' 'M' 'U' 'M' 'M'
 'M' 'M' 'M' 'M' 'M' 'M' 'M' 'M' 'U' 'M' 'M' 'M' 'M' 'M' 'U' 'M' 'M' 'M'
 'U' 'M' 'M' 'M' 'U' 'U' 'U' 'M' 'M' 'M' 'M' 'M' 'M' 'M' 'M' 'M' 'U' 'M'
 'U' 'M' 'M' 'M' 'M' 'M' 'M' 'M' 'M' 'U' 'U' 'M' 'M' 'M' 'M' 'M' 'M' 'M'
 'M' 'M' 'U' 'M' 'M' 'M' 'U' 'M' 'M' 'M' 'M' 'M' 'U' 'M' 'M' 'U' 'M' 'M'
 'M' 'U' 'M' 'M' 'M' 'M' 'M' 'M' 'M' 'M' 'M' 'M' 'M' 'M' 'M' 'U' 'M' 'M'
 'M' 'M' 'M' 'M' 'U' 'M' 'M' 'M' 'M' 'M' 'M' 'M' 'M' 'M' 'M' 'M' 'M' 'M']"
64201,0,171,1,170,27,0,0,"['A' 'M' 'M' 'M' 'M' 'M' 'M' 'M' 'M' 'M' 'M' 'M' 'M' 'M' 'M' 'M' 'M' 'M'
 'U' 'M' 'M' 'M' 'M' 'M' 'U' 'U' 'M' 'M' 'M' 'M' 'M' 'M' 'M' 'M' 'U' 'M'
 'M' 'M' 'M' 'M' 'M' 'U' 'M' 'M' 'M' 'M' 'M' 'M' 'M' 'M' 'M' 'M' 'U' 'M'
 'M' 'M' 'M' 'M' 'M' 'M' 'M' 'M' 'M' 'M' 'M' 'U' 'M' 'M' 'U' 'M' 'M' 'M'
 'M' 'U' 'M' 'M' 'M' 'M' 'M' 'M' 'U' 'M' 'M' 'M' 'M' 'M' 'M' 'M' 'M' 'M'
 'M' 'U' 'M' 'M' 'M' 'M' 'M' 'M' 'U' 'M' 'M' 'M' 'M' 'M' 'U' 'M' 'M' 'M'
 'U' 'M' 'M' 'M' 'U' 'U' 'M' 'M' 'M' 'M' 'M' 'M' 'M' 'M' 'M' 'M' 'U' 'M'
 'U' 'M' 'M' 'M' 'M' 'M' 'M' 'M' 'M' 'M' 'U' 'M' 'M' 'M' 'M' 'M' 'M' 'M'
 'M' 'M' 'M' 'M' 'M' 'M' 'U' 'U' 'M' 'M' 'M' 'M' 'U' 'M' 'M' 'U' 'M' 'U'
 'M' 'U' 'M' 'M' 'M' 'M' 'M' 'M' 'M' 'M' 'M' 'M' 'M' 'M' 'M' 'U' 'M' 'M'
 'M' 'M' 'M' 'M' 'M' 'M' 'M' 'M' 'M' 'M' 'M' 'M' 'M' 'M' 'M' 'M' 'U' 'M']"
64301,1,165,1,164,33,0,0,"['A' 'M' 'M' 'M' 'M' 'M' 'M' 'U' 'M' 'M' 'M' 'U' 'M' 'M' 'U' 'M' 'M' 'M'
 'U' 'M' 'M' 'M' 'M' 'M' 'M' 'M' 'M' 'M' 'M' 'M' 'M' 'M' 'M' 'M' 'M' 'M'
 'M' 'M' 'M' 'M' 'M' 'U' 'M' 'M' 'M' 'M' 'M' 'U' 'M' 'M' 'M' 'U' 'M' 'M'
 'M' 'M' 'M' 'M' 'M' 'M' 'M' 'M' 'M' 'M' 'M' 'M' 'M' 'M' 'M' 'M' 'M' 'M'
 'M' 'U' 'M' 'M' 'M' 'M' 'M' 'U' 'M' 'M' 'U' 'M' 'U' 'M' 'U' 'M' 'M' 'M'
 'M' 'M' 'M' 'M' 'M' 'M' 'M' 'M' 'U' 'M' 'M' 'M' 'M' 'M' 'M' 'M' 'M' 'M'
 'M' 'M' 'M' 'M' 'U' 'U' 'U' 'M' 'M' 'M' 'M' 'M' 'M' 'M' 'M' 'M' 'U' 'M'
 'U' 'M' 'M' 'M' 'M' 'M' 'U' 'U' 'U' 'U' 'U' 'U' 'U' 'M' 'M' 'M' 'M' 'M'
 'M' 'U' 'M' 'M' 'M' 'M' 'U' 'U' 'M' 'M' 'M' 'M' 'U' 'M' 'M' 'U' 'M' 'U'
 'M' 'U' 'M' 'M' 'M' 'M' 'M' 'M' 'M' 'M' 'M' 'M' 'M' 'M' 'M' 'U' 'M' 'M'
 'M' 'M' 'M' 'M' 'M' 'M' 'M' 'M' 'M' 'M' 'M' 'M' 'M' 'M' 'M' 'M' 'M' 'M']"
64401,0,166,3,163,32,0,0,"['A' 'U' 'M' 'M' 'M' 'M' 'M' 'U' 'M' 'M' 'M' 'M' 'M' 'M' 'U' 'M' 'M' 'M'
 'M' 'M' 'M' 'M' 'M' 'M' 'M' 'M' 'M' 'M' 'M' 'M' 'M' 'M' 'M' 'M' 'M' 'M'
 'M' 'M' 'M' 'M' 'M' 'U' 'M' 'M' 'M' 'M' 'M' 'U' 'M' 'M' 'M' 'U' 'M' 'M'
 'M' 'M' 'M' 'M' 'M' 'M' 'M' 'M' 'M' 'U' 'M' 'M' 'M' 'M' 'M' 'U' 'M' 'U'
 'M' 'M' 'U' 'M' 'M' 'M' 'M' 'M' 'M' 'M' 'M' 'M' 'M' 'U' 'M' 'M' 'M' 'M'
 'M' 'M' 'U' 'M' 'M' 'M' 'M' 'M' 'M' 'M' 'M' 'M' 'M' 'M' 'M' 'U' 'M' 'M'
 'M' 'U' 'M' 'M' 'M' 'U' 'U' 'M' 'M' 'U' 'M' 'M' 'M' 'M' 'M' 'M' 'M' 'M'
 'U' 'M' 'U' 'M' 'M' 'M' 'U' 'U' 'U' 'M' 'M' 'U' 'U' 'M' 'M' 'M' 'M' 'M'
 'M' 'U' 'M' 'M' 'M' 'M' 'U' 'U' 'M' 'M' 'M' 'U' 'A' 'M' 'U' 'U' 'M' 'M'
 'M' 'A' 'U' 'M' 'M' 'M' 'M' 'M' 'M' 'M' 'M' 'M' 'M' 'M' 'M' 'U' 'M' 'M'
 'M' 'M' 'M' 'M' 'M' 'M' 'M' 'M' 'M' 'M' 'M' 'M' 'M' 'M' 'M' 'M' 'M' 'M']"
64501,0,167,5,162,31,0,0,"['A' 'U' 'M' 'M' 'M' 'M' 'M' 'M' 'M' 'M' 'M' 'M' 'M' 'M' 'U' 'M' 'M' 'M'
 'M' 'M' 'M' 'M' 'U' 'M' 'M' 'M' 'M' 'M' 'M' 'M' 'M' 'M' 'M' 'M' 'M' 'M'
 'M' 'M' 'M' 'M' 'M' 'M' 'M' 'M' 'M' 'M' 'M' 'U' 'M' 'M' 'M' 'A' 'M' 'M'
 'M' 'M' 'M' 'M' 'M' 'M' 'M' 'M' 'U' 'U' 'M' 'M' 'M' 'M' 'U' 'M' 'U' 'M'
 'U' 'M' 'M' 'M' 'M' 'M' 'M' 'U' 'M' 'M' 'M' 'M' 'M' 'M' 'M' 'M' 'M' 'M'
 'M' 'M' 'M' 'M' 'U' 'M' 'M' 'U' 'M' 'M' 'M' 'M' 'U' 'M' 'M' 'U' 'M' 'M'
 'M' 'U' 'M' 'M' 'M' 'U' 'U' 'M' 'M' 'U' 'M' 'M' 'M' 'M' 'M' 'M' 'M' 'M'
 'A' 'M' 'M' 'M' 'M' 'M' 'U' 'U' 'U' 'U' 'U' 'U' 'U' 'M' 'M' 'M' 'M' 'M'
 'M' 'M' 'M' 'M' 'M' 'M' 'M' 'U' 'M' 'M' 'M' 'U' 'A' 'M' 'M' 'U' 'M' 'M'
 'M' 'A' 'U' 'M' 'M' 'M' 'M' 'M' 'M' 'M' 'M' 'M' 'M' 'M' 'M' 'M' 'M' 'M'
 'M' 'M' 'M' 'M' 'U' 'M' 'U' 'M' 'M' 'M' 'M' 'M' 'M' 'M' 'M' 'M' 'M' 'M']"
64601,0,167,5,162,31,0,0,"['A' 'U' 'M' 'M' 'M' 'M' 'M' 'M' 'M' 'M' 'M' 'M' 'M' 'M' 'U' 'M' 'M' 'M'
 'M' 'M' 'M' 'M' 'M' 'M' 'M' 'M' 'U' 'M' 'M' 'M' 'U' 'M' 'M' 'M' 'M' 'M'
 'M' 'M' 'M' 'M' 'M' 'M' 'M' 'M' 'M' 'M' 'M' 'U' 'M' 'M' 'M' 'M' 'M' 'M'
 'M' 'M' 'M' 'M' 'M' 'U' 'M' 'M' 'U' 'M' 'M' 'M' 'U' 'M' 'M' 'U' 'M' 'M'
 'M' 'M' 'M' 'M' 'U' 'M' 'M' 'M' 'M' 'M' 'M' 'M' 'M' 'M' 'M' 'M' 'U' 'M'
 'M' 'M' 'U' 'M' 'M' 'M' 'M' 'U' 'M' 'M' 'M' 'M' 'U' 'M' 'M' 'M' 'M' 'M'
 'M' 'U' 'M' 'M' 'M' 'U' 'U' 'M' 'M' 'U' 'M' 'M' 'M' 'M' 'M' 'M' 'M' 'U'
 'A' 'M' 'M' 'M' 'U' 'M' 'U' 'U' 'U' 'U' 'U' 'U' 'U' 'M' 'M' 'M' 'M' 'M'
 'M' 'M' 'M' 'M' 'M' 'M' 'M' 'M' 'M' 'M' 'M' 'U' 'A' 'M' 'M' 'M' 'M' 'M'
 'M' 'A' 'U' 'M' 'M' 'M' 'M' 'M' 'M' 'M' 'M' 'M' 'U' 'M' 'M' 'M' 'M' 'M'
 'M' 'M' 'M' 'M' 'U' 'M' 'A' 'M' 'M' 'M' 'M' 'M' 'M' 'M' 'M' 'M' 'M' 'M']"
64701,0,165,4,161,33,0,0,"['A' 'U' 'M' 'M' 'M' 'M' 'M' 'M' 'M' 'M' 'M' 'M' 'M' 'M' 'M' 'M' 'M' 'M'
 'U' 'M' 'U' 'M' 'M' 'M' 'M' 'M' 'U' 'M' 'M' 'M' 'U' 'M' 'M' 'M' 'M' 'M'
 'M' 'M' 'M' 'M' 'M' 'M' 'M' 'M' 'M' 'M' 'M' 'U' 'M' 'M' 'M' 'M' 'M' 'U'
 'M' 'M' 'M' 'M' 'U' 'M' 'M' 'M' 'M' 'M' 'M' 'M' 'U' 'M' 'U' 'U' 'M' 'M'
 'M' 'M' 'M' 'M' 'M' 'M' 'M' 'U' 'U' 'M' 'M' 'M' 'M' 'M' 'M' 'M' 'M' 'M'
 'M' 'M' 'M' 'M' 'M' 'M' 'M' 'U' 'M' 'M' 'M' 'M' 'U' 'M' 'M' 'M' 'M' 'M'
 'M' 'M' 'M' 'M' 'M' 'U' 'U' 'M' 'M' 'U' 'M' 'M' 'M' 'M' 'M' 'M' 'M' 'U'
 'U' 'M' 'M' 'M' 'U' 'M' 'U' 'U' 'U' 'U' 'U' 'M' 'U' 'M' 'M' 'M' 'M' 'M'
 'M' 'M' 'M' 'M' 'U' 'M' 'M' 'M' 'U' 'M' 'M' 'U' 'A' 'M' 'M' 'M' 'M' 'M'
 'M' 'A' 'U' 'M' 'M' 'M' 'M' 'M' 'M' 'M' 'M' 'M' 'U' 'M' 'U' 'M' 'M' 'M'
 'M' 'M' 'M' 'M' 'M' 'M' 'A' 'M' 'M' 'M' 'M' 'M' 'M' 'M' 'M' 'M' 'M' 'M']"
64801,0,165,4,161,33,0,0,"['A' 'U' 'M' 'M' 'M' 'M' 'M' 'M' 'M' 'M' 'M' 'M' 'M' 'U' 'M' 'U' 'M' 'M'
 'M' 'M' 'U' 'M' 'M' 'M' 'M' 'M' 'U' 'M' 'M' 'M' 'U' 'M' 'M' 'M' 'M' 'M'
 'M' 'M' 'M' 'U' 'M' 'M' 'M' 'M' 'M' 'M' 'M' 'M' 'M' 'M' 'M' 'M' 'M' 'M'
 'M' 'M' 'M' 'M' 'M' 'M' 'M' 'M' 'M' 'M' 'M' 'M' 'M' 'M' 'U' 'U' 'M' 'M'
 'M' 'M' 'M' 'M' 'M' 'M' 'U' 'M' 'M' 'M' 'M' 'M' 'U' 'M' 'M' 'M' 'U' 'M'
 'M' 'M' 'M' 'M' 'M' 'M' 'M' 'U' 'M' 'M' 'U' 'M' 'U' 'M' 'M' 'M' 'M' 'M'
 'M' 'M' 'M' 'M' 'U' 'U' 'U' 'M' 'M' 'U' 'M' 'U' 'M' 'M' 'M' 'M' 'M' 'M'
 'U' 'M' 'M' 'M' 'U' 'M' 'U' 'M' 'U' 'M' 'U' 'M' 'M' 'M' 'M' 'M' 'M' 'M'
 'M' 'M' 'U' 'M' 'U' 'M' 'M' 'M' 'U' 'M' 'M' 'M' 'A' 'M' 'M' 'M' 'M' 'M'
 'M' 'A' 'U' 'M' 'M' 'M' 'M' 'M' 'M' 'U' 'M' 'M' 'U' 'M' 'U' 'M' 'M' 'M'
 'M' 'M' 'M' 'M' 'M' 'M' 'A' 'M' 'M' 'M' 'U' 'M' 'M' 'M' 'M' 'M' 'M' 'M']"
64901,0,171,3,168,27,0,0,"['A' 'U' 'M' 'M' 'M' 'M' 'M' 'M' 'M' 'M' 'M' 'U' 'M' 'M' 'M' 'U' 'M' 'M'
 'M' 'M' 'M' 'M' 'M' 'M' 'M' 'M' 'M' 'M' 'M' 'U' 'M' 'M' 'M' 'M' 'M' 'M'
 'M' 'M' 'M' 'M' 'M' 'M' 'M' 'M' 'M' 'M' 'M' 'M' 'M' 'M' 'M' 'M' 'M' 'M'
 'M' 'M' 'M' 'M' 'M' 'M' 'M' 'M' 'M' 'M' 'M' 'M' 'M' 'M' 'U' 'M' 'M' 'M'
 'M' 'M' 'U' 'M' 'M' 'M' 'M' 'M' 'M' 'U' 'M' 'M' 'U' 'M' 'U' 'M' 'M' 'M'
 'M' 'M' 'M' 'M' 'M' 'M' 'M' 'M' 'M' 'M' 'U' 'M' 'U' 'M' 'M' 'M' 'M' 'M'
 'M' 'U' 'M' 'M' 'U' 'U' 'U' 'M' 'M' 'M' 'M' 'U' 'M' 'M' 'M' 'M' 'M' 'M'
 'U' 'M' 'M' 'M' 'M' 'M' 'U' 'M' 'U' 'M' 'U' 'M' 'M' 'M' 'M' 'M' 'M' 'M'
 'M' 'M' 'M' 'U' 'U' 'M' 'M' 'M' 'U' 'M' 'M' 'M' 'U' 'M' 'M' 'M' 'M' 'M'
 'M' 'A' 'M' 'M' 'M' 'M' 'M' 'M' 'M' 'M' 'M' 'M' 'U' 'M' 'A' 'M' 'M' 'M'
 'M' 'M' 'M' 'M' 'M' 'M' 'U' 'M' 'M' 'M' 'M' 'M' 'M' 'M' 'M' 'M' 'M' 'U']"
65001,0,178,4,174,20,0,0,"['A' 'M' 'M' 'M' 'M' 'M' 'M' 'M' 'U' 'M' 'M' 'U' 'M' 'M' 'M' 'M' 'M' 'M'
 'M' 'M' 'M' 'M' 'M' 'M' 'M' 'M' 'M' 'M' 'M' 'M' 'M' 'M' 'M' 'M' 'M' 'M'
 'M' 'M' 'M' 'M' 'M' 'M' 'M' 'M' 'M' 'M' 'M' 'M' 'M' 'M' 'M' 'M' 'M' 'M'
 'M' 'M' 'M' 'U' 'M' 'M' 'M' 'M' 'M' 'M' 'M' 'M' 'M' 'M' 'M' 'M' 'M' 'M'
 'M' 'U' 'U' 'U' 'M' 'M' 'U' 'M' 'M' 'M' 'M' 'M' 'M' 'M' 'M' 'M' 'M' 'M'
 'M' 'U' 'M' 'M' 'M' 'M' 'M' 'M' 'M' 'M' 'U' 'M' 'U' 'M' 'M' 'M' 'M' 'M'
 'M' 'U' 'M' 'U' 'M' 'U' 'A' 'M' 'M' 'M' 'M' 'U' 'M' 'M' 'M' 'M' 'M' 'M'
 'M' 'M' 'M' 'M' 'M' 'U' 'U' 'M' 'U' 'M' 'M' 'M' 'M' 'M' 'M' 'M' 'M' 'M'
 'M' 'M' 'M' 'U' 'U' 'M' 'M' 'M' 'M' 'M' 'M' 'M' 'U' 'M' 'M' 'M' 'M' 'M'
 'M' 'A' 'M' 'M' 'M' 'M' 'M' 'M' 'M' 'M' 'M' 'M' 'M' 'M' 'A' 'M' 'M' 'M'
 'M' 'M' 'M' 'M' 'M' 'M' 'M' 'M' 'M' 'M' 'M' 'M' 'M' 'M' 'M' 'M' 'M' 'M']"
65101,0,167,3,164,31,1,0,"['A' 'M' 'M' 'U' 'M' 'U' 'M' 'M' 'U' 'M' 'M' 'M' 'M' 'M' 'M' 'M' 'M' 'M'
 'M' 'M' 'M' 'M' 'M' 'M' 'M' 'M' 'M' 'M' 'M' 'M' 'M' 'U' 'M' 'M' 'M' 'M'
 'M' 'M' 'M' 'M' 'M' 'M' 'M' 'M' 'M' 'M' 'M' 'M' 'M' 'M' 'M' 'M' 'M' 'M'
 'M' 'U' 'M' 'U' 'M' 'M' 'M' 'M' 'M' 'M' 'M' 'M' 'M' 'M' 'M' 'M' 'M' 'M'
 'M' 'M' 'M' 'M' 'M' 'U' 'M' 'M' 'M' 'M' 'M' 'M' 'M' 'U' 'U' 'M' 'M' 'U'
 'M' 'M' 'M' 'U' 'M' 'M' 'M' 'M' 'M' 'M' 'U' 'M' 'M' 'U' 'M' 'M' 'M' 'M'
 'M' 'U' 'M' 'U' 'M' 'M' 'A' 'M' 'M' 'M' 'M' 'U' 'M' 'M' 'U' 'M' 'M' 'M'
 'U' 'M' 'M' 'M' 'M' 'U' 'M' 'M' 'U' 'M' 'M' 'M' 'M' 'M' 'M' 'M' 'U' 'M'
 'M' 'M' 'M' 'U' 'M' 'M' 'M' 'U' 'M' 'M' 'M' 'M' 'U' 'M' 'M' 'M' 'M' 'M'
 'M' 'M' 'M' 'M' 'M' 'U' 'M' 'M' 'M' 'M' 'M' 'M' 'U' 'M' 'A' 'M' 'M' 'U'
 'U' 'U' 'U' 'M' 'M' 'M' 'M' 'M' 'M' 'M' 'M' 'M' 'U' 'M' 'M' 'M' 'M' 'M']"
65201,0,166,3,163,32,0,0,"['A' 'M' 'M' 'U' 'M' 'M' 'M' 'M' 'U' 'M' 'M' 'M' 'U' 'M' 'U' 'M' 'U' 'U'
 'M' 'M' 'M' 'U' 'M' 'M' 'M' 'M' 'M' 'M' 'M' 'M' 'M' 'M' 'M' 'M' 'M' 'M'
 'U' 'M' 'M' 'M' 'M' 'M' 'M' 'M' 'U' 'M' 'M' 'M' 'M' 'M' 'M' 'M' 'M' 'M'
 'M' 'U' 'M' 'U' 'M' 'M' 'M' 'M' 'M' 'M' 'M' 'M' 'U' 'M' 'M' 'M' 'M' 'M'
 'M' 'M' 'M' 'M' 'M' 'M' 'M' 'M' 'M' 'M' 'M' 'M' 'U' 'M' 'U' 'U' 'M' 'M'
 'U' 'M' 'M' 'M' 'M' 'M' 'M' 'M' 'M' 'M' 'U' 'M' 'M' 'U' 'M' 'M' 'M' 'U'
 'M' 'U' 'M' 'M' 'M' 'M' 'A' 'M' 'M' 'M' 'U' 'U' 'M' 'M' 'M' 'M' 'M' 'M'
 'M' 'M' 'M' 'M' 'M' 'M' 'M' 'M' 'U' 'M' 'M' 'M' 'M' 'U' 'M' 'M' 'M' 'M'
 'M' 'U' 'M' 'M' 'M' 'M' 'M' 'U' 'M' 'M' 'M' 'M' 'U' 'M' 'M' 'M' 'M' 'M'
 'U' 'M' 'M' 'M' 'M' 'U' 'M' 'M' 'M' 'M' 'M' 'M' 'U' 'M' 'A' 'M' 'M' 'M'
 'U' 'M' 'U' 'M' 'M' 'M' 'M' 'M' 'M' 'M' 'M' 'M' 'M' 'M' 'M' 'M' 'M' 'M']"
65301,0,168,3,165,30,0,0,"['A' 'M' 'M' 'M' 'M' 'M' 'M' 'M' 'M' 'M' 'M' 'M' 'U' 'M' 'U' 'M' 'M' 'U'
 'M' 'M' 'M' 'U' 'M' 'M' 'M' 'U' 'M' 'M' 'M' 'M' 'M' 'M' 'M' 'M' 'M' 'M'
 'M' 'M' 'M' 'M' 'M' 'M' 'M' 'M' 'U' 'M' 'M' 'M' 'M' 'M' 'M' 'M' 'M' 'M'
 'M' 'U' 'M' 'U' 'M' 'M' 'M' 'M' 'M' 'M' 'M' 'M' 'U' 'M' 'M' 'M' 'M' 'M'
 'M' 'U' 'M' 'M' 'M' 'M' 'M' 'M' 'M' 'M' 'M' 'M' 'U' 'M' 'U' 'M' 'M' 'U'
 'M' 'M' 'M' 'M' 'M' 'M' 'U' 'M' 'M' 'M' 'U' 'M' 'M' 'U' 'M' 'M' 'M' 'M'
 'M' 'U' 'M' 'M' 'M' 'M' 'A' 'M' 'M' 'M' 'U' 'U' 'U' 'M' 'M' 'M' 'M' 'M'
 'M' 'M' 'M' 'M' 'M' 'M' 'M' 'M' 'U' 'M' 'M' 'M' 'M' 'M' 'M' 'M' 'M' 'M'
 'M' 'M' 'M' 'M' 'M' 'M' 'M' 'U' 'M' 'M' 'M' 'M' 'U' 'U' 'M' 'M' 'M' 'M'
 'U' 'M' 'M' 'M' 'U' 'U' 'M' 'M' 'M' 'U' 'M' 'M' 'M' 'M' 'A' 'M' 'M' 'M'
 'U' 'M' 'U' 'M' 'M' 'M' 'M' 'M' 'M' 'M' 'M' 'M' 'M' 'M' 'M' 'M' 'M' 'M']"
65401,0,165,4,161,33,0,0,"['A' 'M' 'M' 'M' 'M' 'M' 'M' 'M' 'M' 'M' 'M' 'U' 'M' 'U' 'U' 'M' 'M' 'A'
 'M' 'M' 'M' 'M' 'M' 'M' 'M' 'U' 'M' 'M' 'M' 'M' 'M' 'M' 'M' 'M' 'M' 'M'
 'M' 'M' 'M' 'M' 'M' 'M' 'M' 'M' 'U' 'M' 'M' 'M' 'M' 'M' 'M' 'M' 'M' 'M'
 'M' 'U' 'M' 'U' 'M' 'M' 'M' 'M' 'M' 'M' 'M' 'M' 'M' 'M' 'M' 'M' 'M' 'M'
 'M' 'M' 'M' 'M' 'M' 'M' 'U' 'M' 'M' 'M' 'M' 'M' 'U' 'M' 'U' 'U' 'M' 'U'
 'M' 'M' 'M' 'M' 'M' 'M' 'U' 'M' 'M' 'M' 'U' 'M' 'M' 'U' 'M' 'M' 'M' 'U'
 'U' 'U' 'M' 'M' 'M' 'M' 'A' 'M' 'M' 'M' 'U' 'U' 'U' 'M' 'M' 'M' 'M' 'M'
 'M' 'M' 'M' 'M' 'U' 'M' 'M' 'M' 'M' 'M' 'M' 'M' 'M' 'M' 'M' 'M' 'M' 'M'
 'M' 'M' 'M' 'U' 'M' 'M' 'U' 'U' 'M' 'M' 'M' 'M' 'U' 'U' 'M' 'M' 'M' 'M'
 'U' 'M' 'M' 'M' 'U' 'M' 'M' 'M' 'M' 'U' 'M' 'M' 'M' 'M' 'A' 'M' 'M' 'M'
 'M' 'M' 'U' 'M' 'M' 'M' 'U' 'M' 'M' 'M' 'M' 'M' 'M' 'M' 'M' 'M' 'M' 'U']"
65501,0,170,5,165,28,0,0,"['A' 'M' 'M' 'M' 'M' 'M' 'M' 'M' 'M' 'M' 'M' 'A' 'M' 'U' 'U' 'M' 'M' 'A'
 'M' 'M' 'M' 'M' 'M' 'M' 'M' 'U' 'M' 'M' 'M' 'M' 'M' 'M' 'M' 'M' 'M' 'M'
 'M' 'M' 'M' 'M' 'U' 'M' 'M' 'M' 'U' 'M' 'M' 'M' 'M' 'M' 'M' 'M' 'M' 'M'
 'M' 'U' 'M' 'U' 'M' 'M' 'M' 'M' 'M' 'M' 'M' 'U' 'M' 'M' 'M' 'M' 'M' 'M'
 'M' 'M' 'M' 'M' 'M' 'M' 'M' 'M' 'M' 'U' 'U' 'M' 'M' 'U' 'M' 'M' 'M' 'M'
 'M' 'M' 'M' 'U' 'M' 'M' 'A' 'M' 'M' 'M' 'U' 'M' 'M' 'M' 'M' 'M' 'M' 'U'
 'U' 'U' 'M' 'M' 'M' 'M' 'U' 'M' 'M' 'M' 'M' 'U' 'U' 'M' 'M' 'M' 'M' 'M'
 'M' 'M' 'M' 'M' 'M' 'M' 'U' 'M' 'M' 'M' 'M' 'M' 'M' 'M' 'M' 'M' 'M' 'M'
 'M' 'M' 'M' 'U' 'M' 'M' 'M' 'M' 'M' 'M' 'M' 'M' 'U' 'U' 'M' 'M' 'M' 'M'
 'U' 'M' 'M' 'M' 'U' 'M' 'M' 'M' 'U' 'U' 'M' 'M' 'M' 'M' 'A' 'M' 'M' 'M'
 'M' 'M' 'U' 'M' 'M' 'M' 'M' 'M' 'M' 'M' 'M' 'M' 'M' 'M' 'M' 'M' 'M' 'M']"
65601,0,170,4,166,28,0,0,"['A' 'M' 'M' 'M' 'M' 'M' 'M' 'M' 'M' 'M' 'M' 'U' 'M' 'A' 'M' 'M' 'M' 'A'
 'M' 'U' 'M' 'M' 'M' 'M' 'M' 'U' 'M' 'M' 'M' 'M' 'M' 'M' 'M' 'M' 'M' 'M'
 'M' 'M' 'M' 'M' 'U' 'M' 'M' 'M' 'M' 'M' 'M' 'M' 'M' 'M' 'M' 'M' 'M' 'M'
 'M' 'U' 'M' 'U' 'M' 'M' 'M' 'M' 'M' 'M' 'M' 'M' 'M' 'U' 'U' 'M' 'M' 'M'
 'M' 'M' 'M' 'M' 'M' 'M' 'M' 'M' 'M' 'U' 'M' 'M' 'M' 'M' 'M' 'M' 'M' 'M'
 'M' 'U' 'M' 'U' 'M' 'M' 'U' 'M' 'M' 'M' 'U' 'M' 'M' 'U' 'M' 'M' 'M' 'U'
 'U' 'M' 'M' 'M' 'M' 'M' 'M' 'M' 'M' 'M' 'M' 'M' 'U' 'M' 'M' 'M' 'M' 'U'
 'M' 'M' 'M' 'M' 'M' 'M' 'U' 'M' 'M' 'M' 'M' 'M' 'M' 'M' 'M' 'M' 'M' 'M'
 'M' 'M' 'M' 'M' 'M' 'M' 'U' 'M' 'M' 'M' 'M' 'M' 'U' 'U' 'M' 'M' 'M' 'M'
 'U' 'M' 'U' 'M' 'U' 'M' 'M' 'M' 'M' 'M' 'M' 'M' 'M' 'M' 'A' 'M' 'M' 'M'
 'M' 'M' 'U' 'M' 'M' 'M' 'M' 'U' 'U' 'M' 'M' 'M' 'M' 'M' 'M' 'M' 'M' 'M']"
65701,0,157,4,153,41,0,0,"['A' 'M' 'M' 'M' 'M' 'M' 'M' 'M' 'M' 'M' 'M' 'U' 'M' 'A' 'M' 'M' 'M' 'A'
 'M' 'U' 'M' 'M' 'M' 'M' 'M' 'U' 'M' 'M' 'M' 'M' 'U' 'M' 'M' 'M' 'M' 'M'
 'M' 'M' 'U' 'M' 'U' 'M' 'M' 'M' 'M' 'U' 'M' 'M' 'M' 'M' 'M' 'M' 'M' 'M'
 'M' 'U' 'U' 'U' 'M' 'M' 'M' 'M' 'U' 'M' 'M' 'M' 'U' 'M' 'M' 'U' 'M' 'M'
 'M' 'M' 'M' 'U' 'U' 'M' 'M' 'M' 'M' 'M' 'M' 'M' 'M' 'M' 'M' 'M' 'M' 'M'
 'M' 'M' 'M' 'M' 'U' 'M' 'U' 'M' 'M' 'M' 'U' 'M' 'M' 'U' 'M' 'M' 'M' 'U'
 'U' 'M' 'M' 'M' 'M' 'M' 'M' 'M' 'M' 'U' 'M' 'M' 'U' 'M' 'M' 'M' 'M' 'U'
 'M' 'M' 'M' 'M' 'M' 'M' 'U' 'U' 'U' 'M' 'U' 'U' 'U' 'M' 'M' 'M' 'M' 'M'
 'M' 'M' 'M' 'M' 'M' 'U' 'U' 'M' 'M' 'M' 'M' 'U' 'U' 'U' 'M' 'M' 'M' 'M'
 'M' 'M' 'U' 'M' 'U' 'M' 'M' 'M' 'M' 'M' 'M' 'M' 'M' 'M' 'A' 'U' 'U' 'M'
 'M' 'M' 'M' 'M' 'M' 'U' 'M' 'M' 'U' 'M' 'M' 'M' 'M' 'M' 'M' 'M' 'M' 'M']"
65801,0,165,6,159,33,0,1,"['A' 'M' 'M' 'M' 'M' 'M' 'U' 'M' 'M' 'M' 'M' 'M' 'M' 'A' 'M' 'M' 'M' 'A'
 'M' 'U' 'M' 'M' 'M' 'M' 'M' 'M' 'M' 'U' 'M' 'M' 'U' 'M' 'M' 'M' 'M' 'M'
 'M' 'M' 'U' 'M' 'A' 'M' 'M' 'M' 'M' 'U' 'M' 'M' 'M' 'A' 'M' 'M' 'M' 'M'
 'M' 'U' 'U' 'U' 'U' 'M' 'M' 'M' 'M' 'M' 'M' 'M' 'M' 'M' 'M' 'M' 'U' 'M'
 'M' 'M' 'M' 'M' 'U' 'M' 'M' 'M' 'M' 'U' 'M' 'M' 'U' 'M' 'M' 'M' 'M' 'M'
 'M' 'M' 'M' 'U' 'M' 'M' 'U' 'M' 'M' 'M' 'U' 'M' 'M' 'U' 'M' 'M' 'M' 'U'
 'M' 'M' 'M' 'M' 'M' 'M' 'M' 'M' 'M' 'M' 'M' 'M' 'U' 'M' 'M' 'M' 'M' 'M'
 'M' 'M' 'M' 'M' 'M' 'U' 'M' 'M' 'U' 'M' 'U' 'U' 'U' 'M' 'M' 'M' 'M' 'U'
 'M' 'M' 'M' 'M' 'M' 'M' 'U' 'M' 'M' 'M' 'M' 'M' 'M' 'M' 'M' 'M' 'M' 'M'
 'M' 'M' 'M' 'M' 'U' 'M' 'M' 'M' 'M' 'M' 'M' 'M' 'M' 'M' 'A' 'U' 'U' 'M'
 'M' 'M' 'M' 'M' 'M' 'U' 'M' 'M' 'U' 'M' 'M' 'M' 'M' 'M' 'U' 'M' 'M' 'M']"
65901,0,165,4,161,33,0,0,"['A' 'M' 'M' 'M' 'M' 'M' 'U' 'M' 'M' 'U' 'M' 'M' 'M' 'A' 'M' 'M' 'U' 'U'
 'M' 'M' 'M' 'M' 'M' 'M' 'U' 'M' 'M' 'A' 'M' 'M' 'U' 'M' 'M' 'M' 'M' 'M'
 'M' 'M' 'M' 'M' 'A' 'M' 'M' 'M' 'M' 'M' 'M' 'M' 'M' 'U' 'M' 'M' 'M' 'M'
 'M' 'U' 'U' 'U' 'U' 'M' 'M' 'M' 'M' 'M' 'M' 'M' 'M' 'M' 'U' 'M' 'M' 'M'
 'M' 'M' 'M' 'M' 'U' 'M' 'U' 'U' 'M' 'M' 'M' 'M' 'M' 'M' 'M' 'M' 'M' 'M'
 'M' 'M' 'U' 'M' 'M' 'M' 'U' 'M' 'M' 'M' 'M' 'M' 'M' 'U' 'M' 'M' 'M' 'U'
 'M' 'M' 'M' 'M' 'M' 'M' 'M' 'M' 'M' 'M' 'M' 'M' 'U' 'M' 'M' 'M' 'M' 'M'
 'M' 'M' 'M' 'M' 'M' 'U' 'M' 'M' 'U' 'M' 'U' 'U' 'U' 'M' 'M' 'M' 'M' 'M'
 'M' 'M' 'M' 'U' 'M' 'M' 'U' 'M' 'M' 'M' 'M' 'M' 'M' 'M' 'M' 'M' 'U' 'M'
 'M' 'M' 'M' 'M' 'M' 'M' 'M' 'M' 'M' 'M' 'M' 'M' 'M' 'M' 'U' 'U' 'U' 'M'
 'M' 'M' 'M' 'M' 'M' 'U' 'M' 'M' 'U' 'M' 'M' 'M' 'M' 'M' 'M' 'M' 'M' 'M']"
66001,0,159,4,155,39,0,0,"['A' 'M' 'M' 'M' 'M' 'U' 'U' 'M' 'M' 'U' 'M' 'M' 'M' 'A' 'M' 'M' 'M' 'U'
 'M' 'M' 'M' 'M' 'M' 'M' 'U' 'M' 'M' 'A' 'M' 'M' 'U' 'M' 'M' 'M' 'M' 'M'
 'M' 'M' 'M' 'M' 'M' 'M' 'M' 'M' 'M' 'M' 'M' 'U' 'M' 'M' 'M' 'M' 'M' 'M'
 'M' 'U' 'U' 'U' 'M' 'M' 'M' 'M' 'U' 'M' 'M' 'M' 'M' 'M' 'M' 'M' 'U' 'U'
 'M' 'M' 'M' 'M' 'U' 'M' 'U' 'M' 'M' 'M' 'M' 'U' 'M' 'M' 'M' 'M' 'M' 'M'
 'M' 'M' 'M' 'M' 'M' 'M' 'U' 'U' 'M' 'M' 'M' 'M' 'M' 'U' 'M' 'M' 'M' 'M'
 'M' 'M' 'M' 'M' 'M' 'M' 'M' 'M' 'M' 'M' 'M' 'M' 'U' 'M' 'M' 'M' 'M' 'M'
 'M' 'U' 'A' 'M' 'U' 'U' 'U' 'U' 'U' 'U' 'U' 'U' 'U' 'M' 'M' 'M' 'M' 'M'
 'M' 'M' 'M' 'U' 'M' 'M' 'U' 'M' 'M' 'M' 'M' 'M' 'M' 'M' 'M' 'M' 'U' 'M'
 'M' 'M' 'M' 'U' 'M' 'M' 'M' 'M' 'M' 'M' 'M' 'M' 'M' 'M' 'U' 'U' 'M' 'M'
 'M' 'M' 'M' 'M' 'M' 'U' 'M' 'M' 'U' 'M' 'M' 'M' 'M' 'M' 'U' 'M' 'M' 'M']"
66101,0,163,3,160,35,0,0,"['A' 'M' 'M' 'M' 'M' 'M' 'U' 'M' 'M' 'M' 'M' 'M' 'M' 'A' 'M' 'M' 'M' 'U'
 'M' 'M' 'M' 'M' 'M' 'M' 'M' 'M' 'U' 'U' 'M' 'M' 'U' 'M' 'M' 'M' 'M' 'M'
 'M' 'M' 'M' 'M' 'M' 'M' 'M' 'M' 'M' 'M' 'M' 'U' 'M' 'M' 'M' 'M' 'M' 'M'
 'M' 'U' 'M' 'U' 'M' 'M' 'M' 'M' 'U' 'M' 'M' 'M' 'M' 'M' 'M' 'M' 'M' 'M'
 'M' 'M' 'M' 'U' 'M' 'U' 'M' 'U' 'M' 'U' 'M' 'M' 'M' 'M' 'M' 'U' 'M' 'M'
 'M' 'M' 'M' 'M' 'M' 'M' 'U' 'M' 'M' 'M' 'M' 'M' 'M' 'U' 'M' 'M' 'M' 'M'
 'M' 'U' 'M' 'M' 'M' 'M' 'M' 'M' 'M' 'M' 'M' 'M' 'U' 'M' 'M' 'M' 'M' 'M'
 'M' 'M' 'A' 'M' 'U' 'U' 'U' 'U' 'U' 'U' 'U' 'U' 'U' 'M' 'U' 'M' 'M' 'M'
 'M' 'M' 'M' 'U' 'M' 'M' 'M' 'M' 'M' 'M' 'M' 'M' 'M' 'M' 'M' 'M' 'U' 'M'
 'U' 'M' 'M' 'U' 'M' 'M' 'M' 'M' 'M' 'M' 'M' 'M' 'M' 'M' 'U' 'U' 'M' 'M'
 'M' 'M' 'M' 'M' 'M' 'U' 'M' 'M' 'M' 'M' 'M' 'M' 'M' 'M' 'M' 'M' 'M' 'M']"
66201,0,171,3,168,27,0,0,"['A' 'M' 'M' 'M' 'M' 'M' 'U' 'M' 'M' 'M' 'M' 'M' 'M' 'A' 'M' 'M' 'M' 'U'
 'M' 'M' 'M' 'M' 'M' 'M' 'M' 'M' 'U' 'U' 'M' 'M' 'M' 'M' 'M' 'M' 'M' 'M'
 'M' 'M' 'M' 'M' 'M' 'M' 'M' 'M' 'M' 'M' 'M' 'U' 'M' 'M' 'M' 'M' 'M' 'M'
 'M' 'U' 'M' 'U' 'M' 'M' 'M' 'M' 'U' 'U' 'M' 'M' 'M' 'U' 'M' 'M' 'M' 'M'
 'M' 'M' 'U' 'U' 'M' 'M' 'M' 'M' 'U' 'M' 'M' 'M' 'M' 'U' 'M' 'M' 'M' 'M'
 'M' 'M' 'M' 'M' 'M' 'M' 'U' 'M' 'M' 'M' 'M' 'M' 'M' 'M' 'M' 'M' 'M' 'M'
 'M' 'U' 'M' 'M' 'M' 'M' 'M' 'M' 'M' 'M' 'M' 'M' 'M' 'M' 'M' 'M' 'M' 'M'
 'M' 'M' 'U' 'M' 'U' 'M' 'M' 'M' 'U' 'U' 'U' 'U' 'U' 'M' 'U' 'M' 'M' 'M'
 'M' 'M' 'M' 'M' 'M' 'M' 'M' 'M' 'M' 'M' 'M' 'M' 'M' 'M' 'M' 'M' 'M' 'M'
 'U' 'M' 'M' 'U' 'M' 'M' 'M' 'M' 'M' 'M' 'M' 'M' 'M' 'M' 'U' 'M' 'M' 'M'
 'M' 'M' 'M' 'M' 'M' 'A' 'M' 'M' 'M' 'M' 'M' 'M' 'M' 'M' 'M' 'M' 'M' 'M']"
66301,0,165,3,162,33,0,0,"['A' 'M' 'M' 'U' 'M' 'M' 'U' 'U' 'M' 'M' 'M' 'M' 'M' 'A' 'M' 'M' 'M' 'U'
 'M' 'M' 'M' 'M' 'M' 'M' 'M' 'M' 'U' 'M' 'M' 'M' 'M' 'M' 'M' 'M' 'U' 'M'
 'M' 'M' 'M' 'M' 'M' 'M' 'M' 'M' 'U' 'M' 'M' 'U' 'M' 'M' 'M' 'M' 'M' 'M'
 'M' 'U' 'M' 'U' 'M' 'M' 'U' 'M' 'M' 'U' 'M' 'M' 'M' 'M' 'M' 'M' 'M' 'M'
 'M' 'M' 'M' 'M' 'M' 'M' 'M' 'M' 'M' 'U' 'M' 'M' 'M' 'M' 'M' 'U' 'M' 'U'
 'U' 'M' 'M' 'M' 'U' 'M' 'U' 'M' 'M' 'M' 'M' 'M' 'M' 'M' 'M' 'M' 'M' 'M'
 'M' 'U' 'M' 'M' 'M' 'M' 'M' 'M' 'M' 'M' 'M' 'M' 'M' 'U' 'M' 'M' 'M' 'M'
 'M' 'M' 'U' 'M' 'U' 'M' 'M' 'M' 'U' 'U' 'U' 'U' 'U' 'M' 'M' 'U' 'M' 'U'
 'M' 'M' 'M' 'M' 'M' 'M' 'M' 'M' 'M' 'M' 'M' 'M' 'M' 'M' 'M' 'M' 'M' 'M'
 'U' 'M' 'M' 'U' 'M' 'M' 'M' 'M' 'U' 'M' 'M' 'M' 'M' 'M' 'M' 'M' 'M' 'M'
 'M' 'M' 'M' 'M' 'M' 'A' 'M' 'M' 'M' 'M' 'U' 'M' 'M' 'M' 'M' 'M' 'M' 'M']"
66401,1,167,3,164,31,0,0,"['A' 'M' 'M' 'U' 'M' 'M' 'M' 'U' 'M' 'M' 'M' 'M' 'M' 'A' 'M' 'M' 'M' 'U'
 'M' 'M' 'M' 'M' 'M' 'M' 'M' 'M' 'U' 'M' 'M' 'M' 'U' 'M' 'M' 'M' 'U' 'M'
 'M' 'M' 'M' 'M' 'M' 'M' 'M' 'M' 'U' 'M' 'M' 'U' 'M' 'M' 'M' 'M' 'M' 'M'
 'M' 'U' 'M' 'U' 'M' 'M' 'M' 'M' 'M' 'U' 'M' 'M' 'M' 'U' 'M' 'M' 'M' 'M'
 'M' 'M' 'U' 'M' 'M' 'M' 'U' 'M' 'M' 'M' 'M' 'M' 'M' 'U' 'M' 'M' 'M' 'M'
 'M' 'M' 'M' 'U' 'M' 'M' 'U' 'M' 'M' 'M' 'U' 'M' 'M' 'M' 'M' 'M' 'M' 'M'
 'M' 'M' 'M' 'M' 'M' 'M' 'M' 'M' 'M' 'M' 'M' 'M' 'M' 'U' 'M' 'M' 'M' 'M'
 'M' 'M' 'M' 'M' 'M' 'U' 'U' 'U' 'U' 'U' 'U' 'U' 'U' 'M' 'M' 'U' 'M' 'M'
 'M' 'M' 'M' 'M' 'M' 'M' 'M' 'M' 'M' 'M' 'M' 'M' 'M' 'M' 'M' 'M' 'M' 'M'
 'U' 'M' 'M' 'U' 'M' 'M' 'M' 'M' 'M' 'M' 'M' 'M' 'M' 'M' 'M' 'M' 'M' 'M'
 'M' 'M' 'M' 'M' 'M' 'A' 'M' 'M' 'M' 'M' 'M' 'M' 'M' 'M' 'M' 'M' 'U' 'M']"
66501,0,164,4,160,34,0,0,"['A' 'M' 'M' 'M' 'M' 'M' 'M' 'U' 'M' 'M' 'U' 'M' 'U' 'U' 'M' 'M' 'M' 'U'
 'M' 'M' 'M' 'M' 'M' 'M' 'M' 'M' 'U' 'U' 'M' 'M' 'U' 'M' 'M' 'M' 'U' 'M'
 'M' 'M' 'M' 'M' 'M' 'M' 'M' 'M' 'U' 'M' 'M' 'U' 'M' 'M' 'M' 'M' 'M' 'M'
 'M' 'U' 'M' 'U' 'M' 'M' 'M' 'M' 'M' 'U' 'M' 'M' 'M' 'M' 'M' 'M' 'M' 'M'
 'M' 'M' 'M' 'M' 'U' 'M' 'M' 'M' 'U' 'M' 'M' 'M' 'M' 'M' 'M' 'M' 'M' 'U'
 'M' 'U' 'M' 'M' 'U' 'M' 'U' 'M' 'M' 'M' 'U' 'U' 'M' 'M' 'M' 'M' 'M' 'M'
 'U' 'M' 'M' 'M' 'M' 'M' 'M' 'M' 'M' 'M' 'M' 'M' 'M' 'U' 'M' 'M' 'M' 'M'
 'M' 'U' 'M' 'M' 'M' 'A' 'U' 'M' 'U' 'M' 'U' 'U' 'U' 'M' 'M' 'A' 'M' 'M'
 'M' 'M' 'M' 'M' 'M' 'M' 'M' 'M' 'M' 'M' 'M' 'M' 'M' 'M' 'M' 'M' 'M' 'M'
 'U' 'M' 'M' 'U' 'M' 'M' 'M' 'M' 'M' 'M' 'M' 'M' 'M' 'M' 'M' 'M' 'M' 'M'
 'M' 'M' 'M' 'M' 'U' 'A' 'M' 'M' 'M' 'M' 'M' 'M' 'M' 'M' 'M' 'M' 'U' 'M']"
66601,0,166,3,163,32,0,0,"['A' 'M' 'M' 'M' 'M' 'M' 'M' 'U' 'M' 'M' 'M' 'M' 'M' 'M' 'M' 'M' 'M' 'U'
 'M' 'M' 'M' 'M' 'M' 'M' 'M' 'M' 'U' 'U' 'M' 'M' 'M' 'M' 'M' 'M' 'U' 'M'
 'M' 'M' 'M' 'M' 'M' 'M' 'M' 'M' 'U' 'M' 'M' 'U' 'M' 'M' 'M' 'M' 'M' 'M'
 'M' 'M' 'M' 'M' 'M' 'M' 'M' 'M' 'M' 'U' 'M' 'U' 'M' 'M' 'U' 'U' 'M' 'M'
 'M' 'M' 'M' 'M' 'M' 'M' 'M' 'M' 'M' 'M' 'M' 'M' 'M' 'M' 'M' 'U' 'M' 'U'
 'M' 'M' 'M' 'M' 'M' 'M' 'U' 'M' 'M' 'M' 'U' 'U' 'U' 'M' 'M' 'M' 'M' 'M'
 'U' 'M' 'M' 'M' 'M' 'M' 'M' 'M' 'M' 'M' 'M' 'M' 'M' 'U' 'M' 'M' 'M' 'M'
 'M' 'U' 'M' 'M' 'M' 'A' 'U' 'U' 'U' 'M' 'U' 'U' 'M' 'M' 'M' 'A' 'M' 'U'
 'M' 'M' 'M' 'M' 'M' 'M' 'M' 'M' 'M' 'M' 'M' 'M' 'M' 'M' 'M' 'M' 'M' 'M'
 'U' 'M' 'M' 'U' 'M' 'M' 'M' 'M' 'M' 'M' 'M' 'M' 'M' 'M' 'U' 'M' 'M' 'M'
 'M' 'M' 'M' 'M' 'U' 'U' 'M' 'M' 'M' 'M' 'M' 'M' 'M' 'M' 'M' 'M' 'U' 'M']"
66701,0,162,2,160,36,0,0,"['A' 'M' 'M' 'M' 'M' 'M' 'M' 'U' 'M' 'M' 'M' 'M' 'M' 'M' 'U' 'M' 'M' 'M'
 'M' 'M' 'M' 'M' 'M' 'M' 'M' 'M' 'U' 'U' 'M' 'M' 'M' 'M' 'M' 'M' 'U' 'M'
 'M' 'M' 'M' 'M' 'M' 'M' 'M' 'M' 'M' 'U' 'M' 'U' 'M' 'M' 'M' 'M' 'M' 'M'
 'M' 'M' 'M' 'M' 'M' 'M' 'U' 'M' 'M' 'M' 'M' 'M' 'M' 'M' 'M' 'U' 'M' 'M'
 'M' 'M' 'M' 'M' 'M' 'U' 'M' 'M' 'M' 'M' 'M' 'M' 'U' 'M' 'U' 'M' 'M' 'M'
 'U' 'M' 'M' 'M' 'M' 'M' 'U' 'M' 'M' 'M' 'M' 'U' 'M' 'M' 'U' 'M' 'M' 'M'
 'U' 'M' 'M' 'M' 'M' 'M' 'M' 'M' 'M' 'M' 'M' 'M' 'M' 'U' 'M' 'M' 'M' 'M'
 'M' 'U' 'U' 'M' 'M' 'A' 'U' 'U' 'U' 'U' 'U' 'U' 'U' 'M' 'M' 'U' 'M' 'M'
 'M' 'M' 'M' 'U' 'M' 'M' 'M' 'M' 'M' 'U' 'M' 'M' 'M' 'M' 'M' 'M' 'M' 'M'
 'U' 'M' 'M' 'U' 'M' 'M' 'M' 'M' 'M' 'M' 'M' 'M' 'M' 'M' 'U' 'M' 'M' 'M'
 'M' 'M' 'M' 'M' 'U' 'U' 'M' 'M' 'U' 'M' 'M' 'M' 'M' 'M' 'M' 'M' 'M' 'M']"
66801,0,160,3,157,38,0,0,"['A' 'M' 'M' 'M' 'M' 'M' 'M' 'U' 'M' 'M' 'A' 'M' 'M' 'M' 'U' 'M' 'U' 'M'
 'M' 'U' 'M' 'M' 'M' 'M' 'M' 'M' 'M' 'U' 'M' 'M' 'M' 'M' 'M' 'M' 'U' 'M'
 'M' 'M' 'M' 'M' 'M' 'M' 'U' 'M' 'M' 'U' 'M' 'U' 'M' 'M' 'M' 'M' 'M' 'M'
 'M' 'M' 'M' 'M' 'M' 'M' 'U' 'M' 'M' 'M' 'M' 'M' 'M' 'M' 'M' 'M' 'M' 'M'
 'U' 'M' 'U' 'M' 'M' 'M' 'U' 'M' 'M' 'M' 'M' 'M' 'M' 'M' 'M' 'M' 'U' 'U'
 'M' 'M' 'M' 'M' 'M' 'M' 'U' 'M' 'M' 'U' 'M' 'U' 'M' 'M' 'U' 'M' 'M' 'M'
 'U' 'M' 'M' 'M' 'M' 'M' 'M' 'M' 'M' 'U' 'M' 'M' 'M' 'M' 'M' 'M' 'M' 'M'
 'M' 'U' 'U' 'M' 'M' 'A' 'U' 'M' 'U' 'U' 'U' 'U' 'U' 'M' 'M' 'U' 'M' 'M'
 'M' 'M' 'M' 'M' 'M' 'M' 'M' 'M' 'M' 'U' 'M' 'M' 'M' 'U' 'M' 'M' 'M' 'M'
 'M' 'M' 'M' 'U' 'M' 'M' 'M' 'U' 'U' 'M' 'M' 'M' 'M' 'M' 'U' 'M' 'M' 'M'
 'M' 'M' 'M' 'M' 'U' 'U' 'M' 'M' 'M' 'M' 'M' 'M' 'M' 'M' 'M' 'M' 'M' 'M']"
66901,0,166,4,162,32,0,0,"['A' 'M' 'M' 'M' 'M' 'M' 'M' 'U' 'M' 'M' 'A' 'M' 'M' 'M' 'M' 'M' 'U' 'U'
 'M' 'A' 'M' 'M' 'M' 'M' 'M' 'M' 'M' 'U' 'M' 'M' 'M' 'M' 'M' 'M' 'U' 'M'
 'M' 'M' 'M' 'M' 'M' 'M' 'U' 'M' 'M' 'M' 'M' 'U' 'U' 'M' 'M' 'M' 'M' 'M'
 'M' 'M' 'M' 'M' 'M' 'M' 'M' 'M' 'M' 'M' 'M' 'M' 'M' 'M' 'M' 'U' 'U' 'M'
 'M' 'M' 'M' 'M' 'M' 'M' 'M' 'M' 'M' 'M' 'M' 'M' 'M' 'M' 'U' 'U' 'M' 'M'
 'M' 'M' 'M' 'M' 'U' 'M' 'U' 'M' 'M' 'M' 'M' 'M' 'M' 'M' 'M' 'M' 'M' 'M'
 'U' 'M' 'M' 'M' 'M' 'M' 'M' 'M' 'U' 'M' 'M' 'U' 'M' 'M' 'M' 'M' 'M' 'U'
 'M' 'U' 'M' 'M' 'M' 'A' 'U' 'M' 'U' 'M' 'U' 'U' 'U' 'M' 'M' 'U' 'M' 'M'
 'M' 'M' 'M' 'M' 'M' 'M' 'M' 'M' 'M' 'U' 'U' 'M' 'M' 'U' 'M' 'M' 'M' 'M'
 'M' 'M' 'M' 'M' 'M' 'M' 'M' 'U' 'U' 'M' 'M' 'M' 'M' 'M' 'U' 'U' 'M' 'M'
 'M' 'M' 'M' 'M' 'M' 'M' 'M' 'M' 'M' 'M' 'M' 'M' 'M' 'M' 'M' 'M' 'M' 'M']"
67001,0,165,5,160,33,0,0,"['A' 'M' 'M' 'M' 'M' 'M' 'M' 'U' 'M' 'M' 'A' 'M' 'M' 'M' 'U' 'M' 'A' 'U'
 'M' 'A' 'M' 'M' 'M' 'M' 'M' 'M' 'M' 'U' 'M' 'M' 'M' 'M' 'M' 'M' 'U' 'M'
 'M' 'M' 'M' 'M' 'M' 'M' 'U' 'M' 'M' 'M' 'M' 'M' 'U' 'M' 'M' 'M' 'M' 'M'
 'M' 'M' 'M' 'M' 'M' 'U' 'M' 'M' 'M' 'M' 'M' 'M' 'M' 'M' 'M' 'M' 'M' 'M'
 'U' 'M' 'U' 'M' 'M' 'M' 'M' 'M' 'M' 'M' 'M' 'U' 'M' 'U' 'M' 'M' 'M' 'U'
 'M' 'M' 'M' 'M' 'M' 'U' 'M' 'M' 'M' 'U' 'M' 'M' 'M' 'M' 'M' 'M' 'M' 'M'
 'U' 'M' 'M' 'U' 'M' 'M' 'M' 'M' 'U' 'M' 'M' 'U' 'M' 'M' 'M' 'M' 'M' 'U'
 'M' 'U' 'M' 'M' 'M' 'A' 'M' 'M' 'U' 'M' 'U' 'U' 'U' 'U' 'M' 'M' 'M' 'M'
 'M' 'M' 'M' 'M' 'M' 'M' 'M' 'M' 'M' 'U' 'U' 'M' 'M' 'M' 'M' 'M' 'M' 'M'
 'M' 'M' 'M' 'M' 'U' 'M' 'M' 'M' 'U' 'M' 'U' 'U' 'M' 'M' 'U' 'M' 'M' 'M'
 'M' 'M' 'M' 'M' 'M' 'M' 'M' 'M' 'M' 'M' 'M' 'M' 'M' 'M' 'M' 'M' 'M' 'M']"
67101,0,165,6,159,33,0,0,"['A' 'M' 'M' 'M' 'U' 'M' 'M' 'U' 'M' 'M' 'A' 'M' 'M' 'U' 'M' 'M' 'A' 'U'
 'M' 'A' 'M' 'M' 'M' 'U' 'M' 'M' 'M' 'U' 'M' 'M' 'M' 'M' 'M' 'M' 'U' 'M'
 'M' 'M' 'M' 'M' 'M' 'M' 'M' 'M' 'M' 'M' 'M' 'M' 'U' 'M' 'M' 'M' 'M' 'M'
 'M' 'M' 'M' 'M' 'M' 'U' 'M' 'M' 'M' 'M' 'M' 'M' 'M' 'M' 'M' 'M' 'M' 'U'
 'M' 'M' 'M' 'M' 'M' 'U' 'M' 'M' 'M' 'M' 'U' 'M' 'M' 'M' 'M' 'U' 'M' 'M'
 'M' 'M' 'U' 'M' 'M' 'U' 'M' 'M' 'U' 'U' 'M' 'M' 'M' 'M' 'M' 'M' 'M' 'M'
 'A' 'M' 'M' 'U' 'M' 'M' 'M' 'M' 'U' 'M' 'M' 'U' 'M' 'M' 'M' 'M' 'M' 'U'
 'M' 'U' 'M' 'M' 'M' 'A' 'M' 'M' 'U' 'M' 'M' 'U' 'M' 'U' 'M' 'M' 'M' 'M'
 'M' 'M' 'M' 'M' 'M' 'M' 'M' 'M' 'M' 'U' 'M' 'M' 'M' 'M' 'M' 'M' 'M' 'U'
 'M' 'M' 'U' 'M' 'U' 'M' 'M' 'M' 'U' 'M' 'U' 'M' 'M' 'U' 'M' 'M' 'M' 'M'
 'M' 'M' 'M' 'U' 'M' 'M' 'M' 'M' 'M' 'M' 'M' 'M' 'M' 'M' 'M' 'M' 'M' 'M']"
67201,0,173,7,166,25,0,0,"['A' 'M' 'M' 'M' 'U' 'M' 'M' 'U' 'M' 'M' 'A' 'M' 'M' 'U' 'M' 'M' 'A' 'M'
 'M' 'A' 'M' 'M' 'M' 'U' 'M' 'M' 'M' 'U' 'M' 'M' 'M' 'M' 'M' 'M' 'U' 'M'
 'M' 'M' 'M' 'M' 'M' 'M' 'M' 'M' 'M' 'M' 'M' 'M' 'A' 'M' 'M' 'M' 'M' 'M'
 'M' 'M' 'M' 'M' 'M' 'M' 'M' 'M' 'M' 'M' 'U' 'M' 'M' 'U' 'M' 'M' 'M' 'M'
 'M' 'M' 'M' 'U' 'U' 'M' 'U' 'M' 'M' 'M' 'M' 'M' 'M' 'M' 'M' 'M' 'U' 'M'
 'M' 'M' 'M' 'M' 'M' 'U' 'M' 'M' 'U' 'M' 'M' 'M' 'M' 'M' 'M' 'M' 'M' 'M'
 'M' 'M' 'M' 'M' 'M' 'M' 'M' 'M' 'U' 'M' 'M' 'U' 'M' 'M' 'M' 'M' 'M' 'A'
 'M' 'A' 'M' 'M' 'M' 'U' 'M' 'M' 'U' 'U' 'M' 'U' 'M' 'U' 'M' 'M' 'M' 'M'
 'M' 'M' 'M' 'M' 'M' 'M' 'M' 'M' 'M' 'M' 'M' 'M' 'M' 'M' 'M' 'M' 'M' 'U'
 'M' 'M' 'M' 'M' 'U' 'M' 'M' 'M' 'M' 'M' 'U' 'M' 'M' 'M' 'M' 'M' 'M' 'M'
 'M' 'M' 'M' 'U' 'M' 'M' 'M' 'M' 'M' 'M' 'M' 'M' 'M' 'M' 'M' 'M' 'M' 'M']"
67301,0,170,7,163,28,0,0,"['A' 'M' 'M' 'M' 'U' 'U' 'M' 'U' 'M' 'M' 'A' 'M' 'M' 'U' 'M' 'M' 'A' 'M'
 'M' 'A' 'M' 'M' 'M' 'M' 'M' 'M' 'M' 'M' 'M' 'M' 'M' 'M' 'M' 'M' 'U' 'M'
 'M' 'M' 'M' 'M' 'M' 'U' 'M' 'M' 'M' 'M' 'U' 'M' 'A' 'M' 'M' 'U' 'M' 'M'
 'M' 'M' 'M' 'M' 'M' 'M' 'M' 'M' 'M' 'M' 'M' 'U' 'U' 'M' 'M' 'M' 'M' 'M'
 'M' 'M' 'M' 'M' 'M' 'M' 'U' 'M' 'U' 'M' 'M' 'U' 'M' 'M' 'M' 'M' 'M' 'M'
 'M' 'M' 'M' 'M' 'M' 'U' 'M' 'U' 'U' 'M' 'M' 'M' 'M' 'M' 'M' 'M' 'M' 'M'
 'M' 'M' 'M' 'M' 'M' 'M' 'M' 'M' 'M' 'M' 'M' 'U' 'M' 'M' 'M' 'M' 'M' 'A'
 'M' 'U' 'M' 'M' 'M' 'U' 'U' 'M' 'U' 'U' 'U' 'A' 'M' 'M' 'M' 'M' 'M' 'M'
 'M' 'M' 'M' 'M' 'M' 'M' 'M' 'M' 'M' 'M' 'M' 'M' 'M' 'M' 'M' 'M' 'M' 'U'
 'M' 'M' 'M' 'M' 'U' 'M' 'M' 'M' 'U' 'M' 'U' 'M' 'M' 'M' 'M' 'M' 'M' 'M'
 'M' 'M' 'M' 'U' 'M' 'M' 'M' 'M' 'M' 'M' 'M' 'M' 'M' 'M' 'M' 'M' 'M' 'M']"
67401,0,167,7,160,31,0,0,"['A' 'M' 'M' 'M' 'U' 'U' 'M' 'U' 'M' 'M' 'A' 'M' 'M' 'A' 'M' 'M' 'U' 'M'
 'M' 'A' 'M' 'M' 'M' 'M' 'U' 'M' 'M' 'M' 'M' 'M' 'M' 'M' 'M' 'M' 'U' 'M'
 'M' 'M' 'M' 'M' 'M' 'M' 'M' 'U' 'M' 'M' 'U' 'M' 'A' 'M' 'M' 'M' 'M' 'M'
 'M' 'M' 'M' 'M' 'M' 'M' 'M' 'M' 'M' 'M' 'M' 'M' 'M' 'M' 'M' 'M' 'M' 'M'
 'U' 'M' 'M' 'M' 'M' 'M' 'U' 'M' 'U' 'M' 'M' 'M' 'M' 'M' 'M' 'M' 'U' 'M'
 'U' 'M' 'M' 'M' 'M' 'U' 'M' 'U' 'U' 'M' 'M' 'M' 'U' 'M' 'M' 'M' 'M' 'M'
 'M' 'M' 'M' 'U' 'M' 'M' 'M' 'M' 'M' 'M' 'M' 'U' 'M' 'U' 'M' 'M' 'M' 'A'
 'M' 'M' 'M' 'M' 'M' 'U' 'U' 'U' 'M' 'U' 'U' 'A' 'U' 'M' 'M' 'M' 'M' 'M'
 'U' 'M' 'M' 'M' 'M' 'M' 'U' 'M' 'M' 'M' 'M' 'M' 'M' 'M' 'M' 'M' 'M' 'M'
 'M' 'M' 'M' 'M' 'M' 'M' 'U' 'M' 'U' 'M' 'M' 'M' 'M' 'M' 'M' 'M' 'M' 'M'
 'M' 'U' 'M' 'M' 'M' 'M' 'M' 'M' 'M' 'M' 'M' 'M' 'M' 'M' 'M' 'M' 'M' 'M']"
67501,0,160,7,153,38,1,0,"['A' 'M' 'M' 'M' 'U' 'U' 'M' 'U' 'M' 'M' 'A' 'M' 'M' 'A' 'M' 'M' 'M' 'M'
 'M' 'A' 'M' 'M' 'M' 'M' 'U' 'M' 'M' 'M' 'M' 'M' 'M' 'M' 'U' 'M' 'U' 'U'
 'M' 'M' 'M' 'M' 'M' 'U' 'M' 'U' 'M' 'M' 'U' 'M' 'A' 'M' 'M' 'M' 'M' 'M'
 'M' 'M' 'M' 'M' 'U' 'M' 'M' 'M' 'M' 'M' 'M' 'M' 'M' 'M' 'M' 'M' 'M' 'M'
 'U' 'M' 'M' 'M' 'M' 'M' 'M' 'M' 'U' 'M' 'U' 'M' 'M' 'M' 'M' 'M' 'U' 'M'
 'U' 'M' 'M' 'M' 'M' 'U' 'M' 'A' 'U' 'M' 'M' 'M' 'U' 'M' 'M' 'M' 'M' 'M'
 'M' 'M' 'M' 'U' 'M' 'M' 'M' 'M' 'M' 'M' 'M' 'U' 'M' 'U' 'M' 'M' 'M' 'A'
 'M' 'M' 'M' 'M' 'M' 'U' 'U' 'U' 'M' 'U' 'U' 'U' 'U' 'M' 'U' 'M' 'M' 'M'
 'M' 'M' 'M' 'M' 'M' 'M' 'U' 'M' 'M' 'U' 'M' 'M' 'M' 'M' 'U' 'M' 'M' 'M'
 'M' 'M' 'M' 'M' 'M' 'M' 'M' 'M' 'M' 'U' 'M' 'M' 'M' 'M' 'M' 'M' 'M' 'M'
 'M' 'U' 'M' 'U' 'M' 'M' 'M' 'M' 'M' 'M' 'U' 'M' 'M' 'U' 'M' 'M' 'M' 'M']"
67601,0,168,6,162,30,0,0,"['A' 'M' 'M' 'M' 'M' 'U' 'M' 'U' 'M' 'M' 'A' 'M' 'M' 'A' 'M' 'M' 'M' 'M'
 'U' 'U' 'M' 'M' 'M' 'U' 'U' 'M' 'M' 'M' 'M' 'M' 'M' 'M' 'M' 'M' 'U' 'U'
 'M' 'M' 'M' 'M' 'M' 'M' 'M' 'M' 'M' 'M' 'U' 'M' 'A' 'U' 'M' 'M' 'M' 'M'
 'M' 'M' 'M' 'M' 'M' 'M' 'M' 'M' 'M' 'M' 'M' 'M' 'M' 'U' 'M' 'M' 'M' 'M'
 'M' 'M' 'U' 'M' 'M' 'M' 'M' 'M' 'M' 'M' 'M' 'M' 'M' 'U' 'M' 'U' 'U' 'M'
 'M' 'M' 'M' 'M' 'M' 'U' 'M' 'A' 'U' 'M' 'M' 'M' 'M' 'M' 'M' 'M' 'M' 'M'
 'M' 'M' 'M' 'M' 'M' 'M' 'M' 'M' 'M' 'M' 'M' 'M' 'M' 'U' 'M' 'M' 'M' 'A'
 'M' 'M' 'M' 'M' 'M' 'U' 'M' 'U' 'M' 'U' 'U' 'U' 'U' 'M' 'M' 'M' 'M' 'M'
 'M' 'M' 'M' 'M' 'M' 'M' 'U' 'M' 'M' 'M' 'M' 'M' 'M' 'M' 'U' 'M' 'M' 'M'
 'M' 'M' 'M' 'M' 'M' 'M' 'M' 'M' 'M' 'U' 'M' 'M' 'M' 'M' 'M' 'M' 'M' 'M'
 'M' 'U' 'M' 'U' 'M' 'M' 'M' 'M' 'M' 'M' 'U' 'M' 'M' 'M' 'M' 'M' 'M' 'M']"
67701,0,167,6,161,31,0,0,"['A' 'M' 'M' 'M' 'M' 'U' 'M' 'U' 'M' 'M' 'A' 'M' 'M' 'A' 'M' 'M' 'M' 'M'
 'U' 'U' 'M' 'U' 'M' 'U' 'U' 'M' 'M' 'M' 'M' 'M' 'M' 'M' 'M' 'M' 'U' 'U'
 'M' 'M' 'M' 'M' 'M' 'M' 'M' 'M' 'M' 'M' 'M' 'M' 'A' 'U' 'M' 'M' 'M' 'M'
 'M' 'M' 'M' 'M' 'M' 'U' 'M' 'M' 'M' 'M' 'M' 'M' 'M' 'M' 'M' 'M' 'M' 'M'
 'M' 'U' 'U' 'M' 'M' 'M' 'U' 'M' 'M' 'M' 'M' 'U' 'M' 'M' 'M' 'M' 'M' 'M'
 'U' 'M' 'M' 'M' 'M' 'U' 'M' 'A' 'U' 'M' 'M' 'M' 'M' 'U' 'M' 'M' 'M' 'M'
 'M' 'M' 'M' 'M' 'M' 'M' 'M' 'M' 'M' 'M' 'M' 'M' 'M' 'M' 'M' 'M' 'M' 'A'
 'M' 'M' 'M' 'M' 'M' 'M' 'M' 'M' 'M' 'U' 'U' 'U' 'U' 'M' 'U' 'M' 'M' 'M'
 'M' 'M' 'M' 'M' 'M' 'M' 'U' 'M' 'M' 'U' 'M' 'M' 'M' 'M' 'U' 'M' 'M' 'M'
 'M' 'M' 'M' 'M' 'M' 'M' 'M' 'M' 'M' 'U' 'M' 'M' 'M' 'U' 'M' 'M' 'M' 'M'
 'M' 'U' 'M' 'M' 'M' 'M' 'M' 'M' 'M' 'M' 'U' 'M' 'M' 'M' 'M' 'M' 'M' 'M']"
67801,0,167,5,162,31,1,0,"['A' 'M' 'M' 'M' 'M' 'U' 'M' 'U' 'M' 'M' 'A' 'M' 'M' 'A' 'M' 'M' 'M' 'M'
 'U' 'U' 'M' 'U' 'M' 'U' 'M' 'M' 'M' 'U' 'M' 'M' 'M' 'M' 'M' 'M' 'U' 'M'
 'M' 'M' 'M' 'M' 'M' 'M' 'U' 'M' 'M' 'M' 'M' 'M' 'A' 'M' 'M' 'M' 'M' 'M'
 'U' 'M' 'M' 'M' 'M' 'M' 'M' 'M' 'M' 'M' 'M' 'M' 'M' 'M' 'M' 'M' 'M' 'U'
 'M' 'M' 'M' 'U' 'M' 'M' 'M' 'M' 'M' 'M' 'M' 'U' 'M' 'U' 'M' 'U' 'M' 'M'
 'M' 'M' 'M' 'M' 'M' 'U' 'M' 'M' 'U' 'M' 'M' 'M' 'M' 'U' 'M' 'M' 'M' 'M'
 'M' 'M' 'M' 'M' 'M' 'M' 'M' 'M' 'M' 'M' 'M' 'M' 'M' 'M' 'U' 'M' 'M' 'A'
 'M' 'M' 'M' 'M' 'M' 'M' 'M' 'M' 'M' 'U' 'U' 'U' 'M' 'M' 'U' 'M' 'M' 'M'
 'M' 'M' 'M' 'M' 'M' 'M' 'U' 'M' 'M' 'U' 'M' 'M' 'M' 'M' 'U' 'M' 'M' 'M'
 'M' 'M' 'M' 'M' 'M' 'M' 'M' 'M' 'M' 'M' 'M' 'M' 'M' 'M' 'M' 'M' 'M' 'M'
 'M' 'U' 'M' 'M' 'M' 'U' 'U' 'M' 'M' 'M' 'U' 'M' 'M' 'U' 'M' 'M' 'M' 'M']"
67901,0,172,5,167,26,0,0,"['A' 'M' 'M' 'M' 'M' 'U' 'M' 'M' 'M' 'M' 'A' 'M' 'M' 'A' 'M' 'M' 'M' 'M'
 'U' 'U' 'M' 'U' 'M' 'U' 'M' 'M' 'M' 'M' 'M' 'M' 'M' 'M' 'M' 'M' 'M' 'M'
 'M' 'M' 'M' 'M' 'M' 'M' 'M' 'M' 'M' 'M' 'M' 'M' 'A' 'M' 'M' 'M' 'M' 'M'
 'U' 'M' 'U' 'M' 'M' 'M' 'M' 'M' 'M' 'M' 'M' 'U' 'M' 'M' 'M' 'M' 'M' 'M'
 'M' 'M' 'M' 'M' 'M' 'M' 'M' 'M' 'M' 'U' 'M' 'M' 'M' 'M' 'U' 'M' 'M' 'M'
 'M' 'M' 'U' 'U' 'M' 'M' 'M' 'M' 'M' 'M' 'M' 'M' 'M' 'U' 'M' 'U' 'M' 'M'
 'M' 'M' 'M' 'M' 'M' 'M' 'M' 'M' 'M' 'M' 'M' 'M' 'M' 'M' 'U' 'M' 'M' 'A'
 'M' 'M' 'M' 'M' 'M' 'M' 'M' 'M' 'M' 'U' 'U' 'U' 'M' 'M' 'U' 'M' 'M' 'M'
 'M' 'M' 'M' 'M' 'M' 'M' 'U' 'M' 'M' 'U' 'M' 'M' 'M' 'M' 'U' 'M' 'M' 'M'
 'M' 'M' 'M' 'M' 'M' 'M' 'M' 'M' 'M' 'M' 'M' 'M' 'M' 'U' 'M' 'M' 'M' 'M'
 'M' 'U' 'M' 'M' 'M' 'U' 'M' 'M' 'M' 'M' 'M' 'M' 'M' 'U' 'M' 'M' 'M' 'M']"
68001,0,175,3,172,23,0,0,"['A' 'M' 'M' 'M' 'M' 'U' 'M' 'M' 'M' 'M' 'U' 'M' 'M' 'A' 'M' 'M' 'M' 'M'
 'M' 'M' 'M' 'U' 'M' 'U' 'M' 'M' 'M' 'M' 'U' 'M' 'M' 'M' 'M' 'M' 'M' 'M'
 'M' 'M' 'M' 'M' 'M' 'U' 'M' 'M' 'M' 'M' 'M' 'M' 'M' 'M' 'M' 'M' 'M' 'M'
 'M' 'M' 'M' 'M' 'M' 'M' 'M' 'M' 'M' 'M' 'M' 'M' 'M' 'M' 'M' 'U' 'M' 'M'
 'M' 'M' 'M' 'M' 'M' 'M' 'U' 'M' 'U' 'M' 'M' 'U' 'M' 'M' 'M' 'M' 'M' 'M'
 'M' 'M' 'U' 'M' 'M' 'M' 'M' 'M' 'U' 'M' 'M' 'M' 'M' 'M' 'M' 'U' 'M' 'M'
 'M' 'M' 'M' 'M' 'M' 'M' 'M' 'M' 'M' 'M' 'M' 'M' 'M' 'M' 'U' 'M' 'M' 'A'
 'M' 'M' 'M' 'M' 'U' 'M' 'M' 'M' 'M' 'U' 'M' 'U' 'M' 'M' 'U' 'M' 'M' 'M'
 'M' 'M' 'M' 'M' 'M' 'M' 'U' 'M' 'M' 'U' 'M' 'M' 'M' 'M' 'U' 'M' 'M' 'M'
 'M' 'M' 'M' 'M' 'M' 'M' 'M' 'M' 'M' 'M' 'M' 'M' 'M' 'M' 'M' 'M' 'M' 'M'
 'M' 'U' 'M' 'M' 'M' 'U' 'M' 'M' 'M' 'M' 'M' 'M' 'M' 'M' 'M' 'M' 'M' 'M']"
68101,0,170,3,167,28,0,0,"['A' 'M' 'M' 'M' 'M' 'U' 'M' 'M' 'M' 'M' 'U' 'M' 'M' 'A' 'M' 'M' 'M' 'M'
 'M' 'M' 'M' 'U' 'M' 'U' 'M' 'M' 'M' 'M' 'U' 'M' 'M' 'M' 'M' 'M' 'M' 'M'
 'M' 'M' 'M' 'M' 'M' 'U' 'M' 'M' 'M' 'M' 'M' 'M' 'M' 'M' 'M' 'M' 'M' 'M'
 'M' 'M' 'M' 'M' 'M' 'M' 'M' 'M' 'M' 'M' 'M' 'M' 'M' 'U' 'M' 'M' 'M' 'M'
 'M' 'M' 'M' 'M' 'M' 'M' 'U' 'M' 'M' 'U' 'M' 'M' 'M' 'M' 'U' 'M' 'M' 'M'
 'M' 'M' 'M' 'U' 'M' 'M' 'M' 'M' 'U' 'M' 'M' 'M' 'M' 'M' 'M' 'U' 'M' 'M'
 'M' 'M' 'M' 'M' 'M' 'M' 'M' 'M' 'U' 'M' 'M' 'M' 'M' 'U' 'M' 'M' 'M' 'A'
 'M' 'M' 'M' 'M' 'U' 'M' 'M' 'M' 'M' 'U' 'M' 'U' 'M' 'M' 'M' 'U' 'M' 'M'
 'M' 'M' 'M' 'M' 'M' 'M' 'U' 'M' 'M' 'U' 'U' 'M' 'M' 'M' 'U' 'M' 'M' 'M'
 'M' 'M' 'M' 'M' 'M' 'U' 'M' 'M' 'M' 'M' 'M' 'M' 'M' 'M' 'M' 'M' 'M' 'M'
 'M' 'U' 'M' 'M' 'M' 'U' 'M' 'M' 'M' 'M' 'M' 'U' 'M' 'M' 'M' 'U' 'M' 'M']"
68201,0,162,3,159,36,0,0,"['A' 'M' 'M' 'M' 'M' 'U' 'M' 'M' 'M' 'M' 'U' 'M' 'M' 'U' 'U' 'M' 'M' 'M'
 'M' 'M' 'M' 'M' 'M' 'U' 'M' 'M' 'M' 'M' 'M' 'M' 'M' 'M' 'M' 'M' 'M' 'M'
 'M' 'M' 'M' 'M' 'M' 'U' 'M' 'M' 'M' 'M' 'M' 'M' 'M' 'M' 'M' 'M' 'M' 'M'
 'M' 'M' 'M' 'M' 'M' 'M' 'M' 'U' 'M' 'M' 'M' 'M' 'U' 'M' 'U' 'M' 'M' 'M'
 'M' 'M' 'M' 'M' 'U' 'M' 'M' 'M' 'M' 'M' 'M' 'M' 'M' 'M' 'M' 'M' 'U' 'M'
 'M' 'M' 'M' 'M' 'U' 'M' 'M' 'M' 'U' 'M' 'M' 'U' 'M' 'M' 'M' 'M' 'M' 'M'
 'M' 'M' 'M' 'M' 'M' 'M' 'M' 'M' 'U' 'M' 'U' 'M' 'U' 'U' 'M' 'M' 'U' 'A'
 'M' 'M' 'M' 'M' 'U' 'M' 'M' 'M' 'M' 'U' 'M' 'U' 'M' 'M' 'M' 'A' 'M' 'M'
 'M' 'M' 'M' 'M' 'U' 'M' 'U' 'M' 'M' 'U' 'U' 'M' 'M' 'M' 'U' 'M' 'M' 'M'
 'M' 'U' 'M' 'M' 'M' 'U' 'M' 'M' 'U' 'M' 'M' 'M' 'M' 'M' 'M' 'M' 'M' 'U'
 'M' 'U' 'M' 'M' 'M' 'U' 'M' 'M' 'M' 'M' 'U' 'U' 'M' 'M' 'M' 'U' 'M' 'M']"
68301,0,159,4,155,39,0,1,"['A' 'M' 'M' 'M' 'M' 'U' 'M' 'M' 'M' 'M' 'U' 'M' 'M' 'M' 'U' 'M' 'U' 'U'
 'M' 'M' 'M' 'M' 'M' 'U' 'M' 'M' 'M' 'M' 'M' 'M' 'M' 'M' 'M' 'M' 'M' 'M'
 'M' 'M' 'M' 'M' 'M' 'U' 'M' 'M' 'M' 'U' 'M' 'M' 'M' 'M' 'M' 'M' 'M' 'M'
 'M' 'M' 'M' 'M' 'M' 'M' 'M' 'M' 'M' 'M' 'M' 'M' 'M' 'M' 'M' 'U' 'M' 'U'
 'M' 'M' 'M' 'U' 'M' 'M' 'M' 'M' 'M' 'M' 'M' 'U' 'M' 'M' 'U' 'M' 'M' 'M'
 'M' 'M' 'M' 'M' 'M' 'M' 'M' 'M' 'U' 'M' 'M' 'M' 'M' 'M' 'M' 'M' 'M' 'M'
 'M' 'M' 'M' 'M' 'U' 'M' 'M' 'M' 'U' 'M' 'A' 'M' 'U' 'U' 'M' 'M' 'U' 'A'
 'M' 'M' 'M' 'M' 'U' 'M' 'U' 'M' 'U' 'U' 'M' 'U' 'M' 'M' 'M' 'U' 'U' 'M'
 'M' 'M' 'M' 'M' 'U' 'M' 'U' 'M' 'M' 'M' 'U' 'M' 'M' 'M' 'M' 'M' 'M' 'U'
 'M' 'M' 'M' 'M' 'M' 'U' 'M' 'M' 'U' 'U' 'M' 'M' 'M' 'M' 'M' 'M' 'U' 'U'
 'M' 'U' 'M' 'M' 'M' 'U' 'M' 'M' 'M' 'M' 'A' 'U' 'M' 'M' 'M' 'U' 'M' 'M']"
68401,0,162,4,158,36,0,1,"['A' 'M' 'M' 'M' 'M' 'M' 'M' 'M' 'M' 'M' 'M' 'M' 'M' 'M' 'U' 'M' 'U' 'U'
 'M' 'U' 'M' 'M' 'U' 'M' 'M' 'M' 'M' 'M' 'M' 'M' 'M' 'M' 'M' 'M' 'M' 'U'
 'U' 'M' 'M' 'U' 'M' 'U' 'M' 'M' 'M' 'M' 'M' 'M' 'M' 'M' 'M' 'M' 'M' 'M'
 'M' 'M' 'M' 'M' 'M' 'M' 'M' 'M' 'U' 'M' 'M' 'M' 'M' 'M' 'M' 'M' 'M' 'U'
 'M' 'M' 'U' 'U' 'U' 'M' 'M' 'M' 'M' 'M' 'M' 'M' 'M' 'M' 'M' 'M' 'U' 'M'
 'M' 'M' 'M' 'M' 'M' 'M' 'M' 'M' 'M' 'M' 'M' 'M' 'M' 'M' 'M' 'M' 'M' 'M'
 'M' 'M' 'M' 'M' 'M' 'M' 'M' 'M' 'U' 'M' 'A' 'M' 'M' 'M' 'M' 'M' 'U' 'A'
 'M' 'M' 'M' 'M' 'U' 'M' 'M' 'M' 'U' 'U' 'M' 'U' 'M' 'M' 'M' 'U' 'U' 'M'
 'M' 'M' 'M' 'M' 'U' 'M' 'U' 'M' 'M' 'M' 'U' 'M' 'M' 'M' 'M' 'M' 'U' 'U'
 'M' 'M' 'U' 'M' 'M' 'U' 'M' 'M' 'U' 'U' 'M' 'M' 'M' 'M' 'M' 'M' 'U' 'U'
 'M' 'U' 'M' 'M' 'M' 'M' 'M' 'M' 'M' 'M' 'A' 'M' 'M' 'M' 'M' 'U' 'M' 'M']"
68501,0,168,5,163,30,0,0,"['A' 'M' 'U' 'M' 'M' 'M' 'M' 'M' 'M' 'M' 'M' 'M' 'M' 'M' 'U' 'M' 'M' 'U'
 'M' 'U' 'M' 'M' 'U' 'M' 'M' 'M' 'M' 'M' 'M' 'M' 'M' 'M' 'M' 'M' 'M' 'U'
 'M' 'M' 'M' 'U' 'M' 'M' 'M' 'M' 'M' 'M' 'M' 'M' 'M' 'M' 'M' 'M' 'M' 'M'
 'M' 'M' 'M' 'M' 'M' 'M' 'M' 'M' 'U' 'M' 'M' 'M' 'M' 'M' 'M' 'M' 'M' 'M'
 'M' 'M' 'U' 'M' 'U' 'M' 'M' 'M' 'M' 'M' 'M' 'M' 'M' 'M' 'M' 'M' 'M' 'M'
 'U' 'U' 'M' 'U' 'M' 'M' 'M' 'M' 'M' 'M' 'M' 'U' 'M' 'M' 'M' 'M' 'M' 'U'
 'M' 'M' 'M' 'M' 'M' 'M' 'M' 'M' 'M' 'M' 'A' 'M' 'U' 'M' 'M' 'M' 'U' 'A'
 'M' 'M' 'M' 'M' 'A' 'M' 'M' 'M' 'U' 'U' 'M' 'M' 'M' 'M' 'M' 'U' 'M' 'M'
 'M' 'M' 'U' 'M' 'U' 'M' 'M' 'M' 'M' 'M' 'U' 'M' 'M' 'M' 'M' 'M' 'M' 'U'
 'M' 'M' 'U' 'M' 'M' 'U' 'M' 'M' 'U' 'M' 'M' 'M' 'M' 'M' 'M' 'M' 'U' 'U'
 'M' 'M' 'M' 'M' 'M' 'M' 'M' 'M' 'M' 'M' 'A' 'M' 'M' 'M' 'M' 'U' 'M' 'M']"
68601,1,167,4,163,31,0,0,"['A' 'M' 'U' 'M' 'M' 'M' 'M' 'M' 'M' 'M' 'M' 'M' 'M' 'M' 'M' 'M' 'M' 'U'
 'M' 'M' 'M' 'M' 'U' 'M' 'M' 'M' 'M' 'M' 'M' 'M' 'M' 'M' 'M' 'M' 'M' 'M'
 'M' 'M' 'M' 'M' 'M' 'M' 'M' 'M' 'M' 'M' 'M' 'M' 'M' 'M' 'M' 'M' 'M' 'M'
 'U' 'M' 'M' 'M' 'U' 'U' 'M' 'M' 'U' 'M' 'M' 'M' 'M' 'M' 'M' 'M' 'U' 'U'
 'M' 'M' 'M' 'U' 'M' 'M' 'M' 'M' 'M' 'M' 'M' 'M' 'M' 'M' 'M' 'M' 'M' 'M'
 'M' 'M' 'U' 'M' 'U' 'M' 'M' 'M' 'M' 'M' 'M' 'M' 'M' 'M' 'U' 'M' 'M' 'M'
 'M' 'M' 'M' 'M' 'U' 'M' 'M' 'M' 'M' 'M' 'U' 'M' 'U' 'M' 'M' 'M' 'M' 'A'
 'M' 'M' 'M' 'M' 'A' 'M' 'U' 'M' 'U' 'U' 'U' 'M' 'M' 'M' 'M' 'U' 'M' 'M'
 'M' 'M' 'U' 'U' 'U' 'M' 'M' 'M' 'M' 'M' 'U' 'M' 'M' 'M' 'M' 'M' 'M' 'U'
 'M' 'M' 'U' 'M' 'M' 'A' 'M' 'M' 'U' 'M' 'M' 'M' 'M' 'M' 'M' 'M' 'M' 'U'
 'M' 'M' 'M' 'U' 'M' 'M' 'M' 'M' 'M' 'M' 'U' 'M' 'M' 'M' 'M' 'M' 'M' 'M']"
68701,0,164,3,161,34,0,0,"['A' 'M' 'M' 'M' 'M' 'M' 'M' 'M' 'M' 'M' 'M' 'M' 'M' 'M' 'M' 'M' 'M' 'M'
 'M' 'U' 'M' 'M' 'U' 'M' 'M' 'M' 'M' 'M' 'M' 'M' 'M' 'M' 'M' 'M' 'M' 'M'
 'M' 'M' 'M' 'M' 'M' 'M' 'M' 'M' 'M' 'U' 'M' 'M' 'M' 'M' 'M' 'M' 'M' 'M'
 'M' 'U' 'M' 'M' 'U' 'M' 'M' 'M' 'U' 'M' 'M' 'M' 'M' 'M' 'M' 'M' 'M' 'M'
 'M' 'M' 'U' 'M' 'M' 'M' 'M' 'M' 'M' 'M' 'M' 'M' 'U' 'M' 'U' 'M' 'U' 'M'
 'M' 'U' 'M' 'M' 'M' 'M' 'M' 'M' 'M' 'M' 'M' 'M' 'M' 'M' 'U' 'M' 'M' 'M'
 'M' 'M' 'M' 'M' 'U' 'M' 'M' 'M' 'M' 'M' 'U' 'M' 'U' 'M' 'U' 'M' 'M' 'A'
 'M' 'M' 'M' 'M' 'A' 'M' 'M' 'U' 'U' 'M' 'U' 'U' 'U' 'M' 'M' 'U' 'M' 'M'
 'M' 'M' 'U' 'U' 'U' 'M' 'M' 'M' 'M' 'M' 'U' 'M' 'M' 'M' 'M' 'M' 'M' 'U'
 'M' 'U' 'U' 'M' 'M' 'U' 'M' 'M' 'U' 'M' 'M' 'M' 'M' 'M' 'M' 'M' 'M' 'U'
 'M' 'M' 'M' 'U' 'M' 'M' 'M' 'M' 'M' 'M' 'U' 'M' 'M' 'M' 'M' 'M' 'M' 'M']"
68801,0,161,3,158,37,0,0,"['A' 'M' 'M' 'M' 'U' 'M' 'U' 'M' 'M' 'M' 'M' 'M' 'M' 'M' 'M' 'M' 'M' 'M'
 'M' 'U' 'M' 'M' 'U' 'M' 'M' 'M' 'M' 'M' 'M' 'M' 'U' 'M' 'M' 'M' 'M' 'U'
 'M' 'M' 'M' 'M' 'M' 'M' 'M' 'M' 'M' 'M' 'M' 'M' 'M' 'M' 'M' 'M' 'M' 'M'
 'M' 'M' 'M' 'M' 'U' 'M' 'M' 'M' 'U' 'M' 'M' 'M' 'M' 'M' 'U' 'M' 'M' 'M'
 'M' 'M' 'M' 'M' 'U' 'M' 'M' 'M' 'M' 'M' 'M' 'M' 'M' 'U' 'M' 'M' 'M' 'M'
 'M' 'M' 'U' 'M' 'U' 'M' 'M' 'M' 'M' 'M' 'M' 'M' 'M' 'M' 'U' 'M' 'M' 'M'
 'M' 'M' 'M' 'M' 'U' 'M' 'U' 'M' 'M' 'M' 'U' 'M' 'U' 'M' 'U' 'M' 'M' 'A'
 'M' 'M' 'M' 'M' 'A' 'M' 'U' 'U' 'U' 'U' 'U' 'U' 'U' 'M' 'M' 'M' 'M' 'M'
 'M' 'M' 'U' 'U' 'U' 'M' 'M' 'M' 'M' 'M' 'U' 'M' 'M' 'M' 'M' 'M' 'M' 'U'
 'M' 'M' 'U' 'M' 'M' 'M' 'M' 'M' 'U' 'M' 'M' 'M' 'M' 'M' 'M' 'U' 'M' 'U'
 'M' 'M' 'M' 'U' 'M' 'M' 'M' 'M' 'M' 'M' 'U' 'M' 'M' 'M' 'M' 'M' 'M' 'M']"
68901,0,160,5,155,38,0,0,"['A' 'M' 'M' 'U' 'U' 'M' 'U' 'M' 'M' 'M' 'M' 'M' 'M' 'M' 'M' 'M' 'M' 'M'
 'M' 'U' 'M' 'M' 'U' 'M' 'M' 'M' 'M' 'M' 'M' 'M' 'M' 'M' 'M' 'M' 'U' 'U'
 'U' 'M' 'M' 'M' 'M' 'M' 'M' 'M' 'M' 'M' 'M' 'M' 'M' 'M' 'M' 'M' 'M' 'M'
 'M' 'M' 'M' 'M' 'U' 'M' 'M' 'M' 'U' 'M' 'M' 'M' 'M' 'M' 'M' 'U' 'M' 'M'
 'M' 'M' 'M' 'M' 'M' 'U' 'M' 'M' 'M' 'M' 'M' 'M' 'M' 'U' 'U' 'M' 'M' 'M'
 'M' 'M' 'U' 'M' 'M' 'M' 'M' 'M' 'M' 'M' 'M' 'M' 'M' 'M' 'U' 'M' 'M' 'M'
 'M' 'M' 'M' 'M' 'U' 'M' 'U' 'M' 'M' 'M' 'U' 'M' 'U' 'M' 'U' 'M' 'M' 'A'
 'M' 'M' 'M' 'M' 'A' 'U' 'M' 'U' 'U' 'U' 'U' 'U' 'M' 'M' 'M' 'M' 'M' 'M'
 'M' 'M' 'U' 'M' 'U' 'M' 'M' 'M' 'M' 'M' 'U' 'M' 'M' 'M' 'M' 'M' 'U' 'U'
 'M' 'M' 'U' 'M' 'M' 'M' 'M' 'M' 'U' 'U' 'A' 'M' 'M' 'M' 'M' 'U' 'M' 'U'
 'M' 'M' 'M' 'A' 'M' 'M' 'M' 'M' 'M' 'M' 'U' 'M' 'M' 'M' 'M' 'M' 'M' 'M']"
69001,0,156,3,153,42,0,0,"['A' 'M' 'M' 'U' 'U' 'M' 'U' 'M' 'M' 'M' 'M' 'M' 'M' 'M' 'M' 'M' 'M' 'M'
 'M' 'M' 'M' 'M' 'M' 'M' 'M' 'M' 'M' 'M' 'M' 'M' 'M' 'M' 'M' 'M' 'U' 'U'
 'U' 'M' 'M' 'M' 'M' 'M' 'M' 'M' 'M' 'M' 'M' 'M' 'M' 'M' 'M' 'M' 'M' 'M'
 'M' 'M' 'M' 'M' 'U' 'M' 'M' 'U' 'U' 'U' 'M' 'U' 'M' 'M' 'M' 'M' 'M' 'U'
 'M' 'M' 'M' 'M' 'M' 'M' 'M' 'M' 'M' 'M' 'M' 'M' 'M' 'M' 'M' 'U' 'M' 'U'
 'M' 'M' 'M' 'M' 'U' 'M' 'M' 'M' 'M' 'M' 'M' 'M' 'M' 'M' 'U' 'M' 'M' 'M'
 'M' 'M' 'M' 'U' 'U' 'M' 'U' 'U' 'M' 'M' 'U' 'M' 'M' 'M' 'M' 'U' 'M' 'A'
 'M' 'U' 'M' 'M' 'M' 'U' 'M' 'U' 'U' 'M' 'U' 'U' 'M' 'M' 'M' 'M' 'M' 'M'
 'M' 'M' 'U' 'M' 'U' 'M' 'M' 'M' 'M' 'U' 'U' 'M' 'M' 'M' 'M' 'M' 'U' 'U'
 'M' 'M' 'U' 'M' 'M' 'M' 'M' 'M' 'U' 'U' 'U' 'M' 'M' 'M' 'M' 'U' 'M' 'U'
 'U' 'M' 'M' 'A' 'M' 'M' 'M' 'M' 'M' 'M' 'U' 'M' 'M' 'M' 'M' 'M' 'M' 'M']"
69101,0,158,3,155,40,0,1,"['A' 'M' 'M' 'U' 'M' 'M' 'U' 'M' 'M' 'M' 'M' 'M' 'M' 'M' 'M' 'M' 'M' 'M'
 'U' 'M' 'M' 'M' 'M' 'M' 'M' 'M' 'M' 'M' 'M' 'M' 'M' 'M' 'M' 'M' 'U' 'M'
 'M' 'M' 'M' 'M' 'M' 'M' 'U' 'M' 'U' 'M' 'M' 'M' 'U' 'M' 'M' 'M' 'M' 'M'
 'M' 'M' 'M' 'M' 'M' 'M' 'M' 'M' 'U' 'U' 'U' 'M' 'U' 'M' 'M' 'M' 'M' 'M'
 'M' 'U' 'M' 'M' 'M' 'M' 'M' 'U' 'M' 'M' 'M' 'M' 'M' 'M' 'U' 'M' 'M' 'M'
 'U' 'M' 'M' 'M' 'M' 'M' 'M' 'M' 'M' 'M' 'M' 'M' 'M' 'M' 'U' 'M' 'M' 'M'
 'M' 'M' 'M' 'M' 'U' 'M' 'M' 'U' 'M' 'M' 'U' 'M' 'M' 'M' 'M' 'U' 'M' 'A'
 'M' 'U' 'M' 'M' 'M' 'U' 'M' 'M' 'U' 'U' 'U' 'U' 'U' 'M' 'M' 'M' 'M' 'U'
 'M' 'M' 'U' 'M' 'U' 'M' 'M' 'M' 'M' 'U' 'U' 'M' 'M' 'M' 'U' 'M' 'M' 'M'
 'M' 'M' 'M' 'M' 'M' 'M' 'M' 'M' 'M' 'U' 'U' 'M' 'M' 'M' 'M' 'U' 'M' 'U'
 'U' 'M' 'M' 'A' 'M' 'M' 'M' 'M' 'M' 'M' 'U' 'M' 'M' 'M' 'U' 'M' 'M' 'M']"
69201,0,163,3,160,35,0,0,"['A' 'M' 'M' 'U' 'M' 'M' 'U' 'M' 'M' 'M' 'M' 'M' 'M' 'M' 'M' 'M' 'M' 'M'
 'M' 'M' 'M' 'M' 'M' 'M' 'M' 'M' 'M' 'M' 'M' 'M' 'M' 'M' 'M' 'M' 'M' 'M'
 'M' 'M' 'M' 'M' 'M' 'M' 'U' 'M' 'U' 'M' 'M' 'M' 'M' 'M' 'M' 'M' 'M' 'M'
 'M' 'M' 'M' 'M' 'M' 'M' 'M' 'M' 'U' 'U' 'U' 'U' 'M' 'M' 'M' 'M' 'M' 'M'
 'M' 'M' 'M' 'U' 'M' 'M' 'U' 'M' 'M' 'M' 'M' 'M' 'M' 'U' 'M' 'M' 'M' 'U'
 'M' 'M' 'M' 'M' 'M' 'M' 'M' 'U' 'U' 'M' 'A' 'M' 'M' 'M' 'U' 'M' 'M' 'M'
 'M' 'M' 'M' 'M' 'U' 'M' 'M' 'U' 'M' 'M' 'U' 'M' 'M' 'M' 'M' 'U' 'M' 'A'
 'M' 'U' 'M' 'M' 'M' 'U' 'U' 'U' 'U' 'U' 'U' 'M' 'U' 'M' 'M' 'M' 'M' 'U'
 'U' 'M' 'U' 'M' 'M' 'M' 'M' 'M' 'M' 'U' 'M' 'M' 'M' 'M' 'M' 'M' 'M' 'M'
 'M' 'M' 'M' 'M' 'M' 'M' 'M' 'M' 'M' 'U' 'U' 'M' 'U' 'M' 'M' 'M' 'M' 'U'
 'M' 'M' 'M' 'M' 'M' 'M' 'M' 'M' 'M' 'M' 'M' 'M' 'M' 'M' 'M' 'M' 'M' 'M']"
69301,0,158,2,156,40,0,0,"['A' 'M' 'M' 'U' 'M' 'M' 'U' 'M' 'M' 'M' 'M' 'M' 'M' 'M' 'M' 'M' 'M' 'M'
 'M' 'M' 'M' 'M' 'M' 'M' 'M' 'M' 'M' 'M' 'M' 'M' 'U' 'M' 'M' 'M' 'M' 'M'
 'M' 'M' 'M' 'M' 'M' 'U' 'U' 'M' 'U' 'M' 'M' 'M' 'U' 'M' 'U' 'M' 'M' 'M'
 'M' 'M' 'M' 'M' 'M' 'M' 'M' 'M' 'U' 'U' 'U' 'U' 'M' 'M' 'M' 'M' 'M' 'M'
 'M' 'M' 'U' 'M' 'M' 'M' 'M' 'M' 'M' 'M' 'M' 'M' 'M' 'M' 'M' 'M' 'U' 'M'
 'M' 'M' 'M' 'U' 'U' 'M' 'M' 'U' 'U' 'M' 'A' 'M' 'M' 'M' 'U' 'M' 'M' 'M'
 'M' 'M' 'M' 'M' 'U' 'U' 'M' 'U' 'M' 'M' 'M' 'M' 'M' 'M' 'U' 'U' 'M' 'M'
 'M' 'U' 'M' 'M' 'M' 'U' 'U' 'U' 'U' 'U' 'U' 'M' 'M' 'M' 'M' 'M' 'M' 'U'
 'U' 'M' 'U' 'M' 'U' 'M' 'M' 'M' 'U' 'M' 'M' 'M' 'M' 'M' 'M' 'M' 'M' 'M'
 'M' 'M' 'M' 'M' 'M' 'M' 'M' 'M' 'M' 'U' 'M' 'M' 'U' 'M' 'M' 'M' 'M' 'U'
 'M' 'M' 'M' 'M' 'M' 'M' 'M' 'M' 'M' 'M' 'M' 'M' 'M' 'M' 'M' 'M' 'U' 'M']"
69401,0,164,1,163,34,0,0,"['A' 'M' 'M' 'M' 'M' 'M' 'M' 'M' 'M' 'M' 'M' 'M' 'M' 'M' 'U' 'M' 'M' 'M'
 'M' 'M' 'M' 'M' 'M' 'M' 'M' 'M' 'M' 'M' 'M' 'M' 'U' 'M' 'M' 'M' 'M' 'M'
 'M' 'M' 'M' 'M' 'M' 'U' 'U' 'M' 'U' 'M' 'M' 'M' 'U' 'M' 'U' 'M' 'M' 'M'
 'M' 'M' 'M' 'M' 'M' 'M' 'M' 'M' 'M' 'U' 'U' 'M' 'M' 'M' 'M' 'M' 'M' 'M'
 'M' 'M' 'M' 'M' 'U' 'M' 'M' 'M' 'M' 'U' 'M' 'M' 'M' 'U' 'U' 'M' 'M' 'M'
 'U' 'M' 'M' 'M' 'M' 'M' 'M' 'M' 'U' 'M' 'U' 'M' 'M' 'M' 'U' 'M' 'M' 'M'
 'M' 'M' 'M' 'M' 'U' 'M' 'M' 'M' 'M' 'M' 'M' 'M' 'M' 'M' 'M' 'U' 'U' 'M'
 'M' 'U' 'M' 'M' 'M' 'U' 'U' 'U' 'M' 'U' 'U' 'M' 'M' 'M' 'M' 'M' 'M' 'U'
 'U' 'M' 'U' 'M' 'U' 'M' 'M' 'M' 'U' 'M' 'M' 'M' 'M' 'M' 'M' 'M' 'M' 'M'
 'M' 'M' 'U' 'M' 'M' 'M' 'M' 'M' 'M' 'M' 'M' 'M' 'U' 'M' 'M' 'M' 'M' 'U'
 'M' 'M' 'M' 'M' 'M' 'M' 'M' 'M' 'M' 'M' 'M' 'M' 'M' 'M' 'M' 'M' 'M' 'M']"
69501,0,167,2,165,31,0,0,"['A' 'M' 'M' 'M' 'M' 'M' 'M' 'M' 'M' 'M' 'M' 'M' 'M' 'M' 'U' 'M' 'M' 'M'
 'M' 'M' 'M' 'M' 'M' 'M' 'M' 'M' 'M' 'M' 'U' 'M' 'U' 'M' 'M' 'M' 'M' 'M'
 'M' 'M' 'M' 'M' 'M' 'U' 'U' 'M' 'M' 'M' 'M' 'M' 'M' 'M' 'M' 'M' 'M' 'M'
 'M' 'M' 'M' 'M' 'M' 'M' 'M' 'M' 'M' 'U' 'U' 'M' 'M' 'U' 'U' 'M' 'M' 'M'
 'M' 'M' 'M' 'M' 'M' 'U' 'M' 'M' 'M' 'M' 'M' 'M' 'M' 'M' 'M' 'M' 'U' 'M'
 'M' 'M' 'M' 'U' 'M' 'M' 'M' 'M' 'U' 'M' 'U' 'M' 'M' 'M' 'U' 'M' 'M' 'M'
 'M' 'M' 'M' 'M' 'U' 'M' 'M' 'M' 'M' 'M' 'M' 'M' 'M' 'M' 'M' 'U' 'U' 'U'
 'M' 'M' 'M' 'M' 'U' 'U' 'U' 'U' 'U' 'U' 'U' 'M' 'U' 'M' 'M' 'M' 'M' 'A'
 'M' 'M' 'M' 'M' 'U' 'M' 'M' 'M' 'M' 'M' 'M' 'M' 'M' 'M' 'M' 'M' 'M' 'M'
 'M' 'M' 'M' 'M' 'M' 'M' 'M' 'M' 'M' 'M' 'M' 'M' 'U' 'M' 'M' 'M' 'M' 'M'
 'M' 'M' 'M' 'M' 'M' 'M' 'M' 'M' 'M' 'M' 'M' 'U' 'M' 'U' 'M' 'M' 'M' 'M']"
69601,0,162,1,161,36,0,0,"['A' 'M' 'M' 'M' 'M' 'M' 'M' 'M' 'M' 'M' 'M' 'M' 'M' 'M' 'M' 'M' 'M' 'M'
 'M' 'M' 'M' 'M' 'M' 'M' 'M' 'M' 'M' 'M' 'M' 'M' 'U' 'M' 'M' 'M' 'M' 'M'
 'M' 'M' 'M' 'M' 'M' 'M' 'U' 'U' 'M' 'M' 'M' 'M' 'M' 'M' 'M' 'M' 'M' 'M'
 'M' 'M' 'M' 'M' 'M' 'M' 'M' 'M' 'M' 'U' 'U' 'M' 'M' 'M' 'M' 'M' 'M' 'M'
 'M' 'M' 'M' 'U' 'M' 'M' 'M' 'M' 'U' 'M' 'U' 'M' 'M' 'M' 'U' 'M' 'M' 'M'
 'U' 'M' 'M' 'M' 'M' 'M' 'M' 'M' 'U' 'M' 'U' 'M' 'M' 'M' 'U' 'M' 'M' 'U'
 'M' 'U' 'M' 'M' 'M' 'U' 'M' 'M' 'M' 'U' 'M' 'M' 'M' 'M' 'M' 'U' 'U' 'U'
 'M' 'M' 'M' 'M' 'U' 'U' 'U' 'U' 'M' 'U' 'U' 'U' 'U' 'U' 'M' 'M' 'M' 'U'
 'M' 'M' 'M' 'M' 'U' 'M' 'M' 'M' 'M' 'M' 'M' 'M' 'M' 'M' 'M' 'M' 'M' 'M'
 'M' 'M' 'M' 'M' 'M' 'M' 'M' 'M' 'M' 'M' 'M' 'U' 'U' 'M' 'M' 'M' 'M' 'M'
 'M' 'M' 'M' 'U' 'M' 'M' 'M' 'M' 'M' 'M' 'M' 'U' 'M' 'U' 'M' 'M' 'M' 'M']"
69701,0,167,1,166,31,0,1,"['A' 'M' 'M' 'M' 'M' 'M' 'M' 'M' 'M' 'M' 'M' 'M' 'M' 'M' 'M' 'M' 'M' 'M'
 'M' 'M' 'U' 'M' 'M' 'M' 'M' 'M' 'M' 'M' 'M' 'M' 'U' 'M' 'M' 'M' 'M' 'M'
 'M' 'M' 'M' 'M' 'M' 'M' 'U' 'M' 'M' 'M' 'M' 'M' 'M' 'M' 'M' 'M' 'M' 'M'
 'M' 'M' 'M' 'M' 'M' 'M' 'M' 'M' 'M' 'U' 'M' 'M' 'M' 'M' 'M' 'M' 'M' 'M'
 'M' 'M' 'M' 'U' 'U' 'U' 'M' 'M' 'M' 'M' 'U' 'M' 'M' 'M' 'M' 'M' 'M' 'M'
 'U' 'M' 'M' 'M' 'M' 'M' 'M' 'M' 'M' 'M' 'U' 'M' 'M' 'M' 'U' 'M' 'U' 'U'
 'M' 'M' 'M' 'M' 'M' 'M' 'M' 'M' 'M' 'M' 'M' 'U' 'M' 'M' 'M' 'U' 'M' 'U'
 'M' 'M' 'M' 'M' 'U' 'U' 'U' 'U' 'U' 'U' 'M' 'U' 'U' 'M' 'M' 'M' 'M' 'U'
 'M' 'M' 'M' 'M' 'U' 'M' 'M' 'M' 'U' 'M' 'M' 'M' 'M' 'M' 'M' 'M' 'M' 'M'
 'M' 'M' 'M' 'M' 'M' 'M' 'M' 'M' 'M' 'M' 'U' 'U' 'M' 'M' 'M' 'M' 'M' 'M'
 'M' 'M' 'M' 'M' 'M' 'M' 'M' 'M' 'M' 'M' 'M' 'U' 'M' 'U' 'M' 'M' 'M' 'M']"
69801,0,166,1,165,32,0,0,"['A' 'M' 'M' 'M' 'M' 'M' 'M' 'M' 'M' 'M' 'M' 'M' 'M' 'M' 'M' 'M' 'M' 'M'
 'M' 'M' 'M' 'M' 'M' 'M' 'M' 'U' 'M' 'M' 'M' 'M' 'U' 'M' 'M' 'M' 'M' 'M'
 'M' 'M' 'M' 'M' 'M' 'M' 'U' 'M' 'M' 'U' 'M' 'M' 'M' 'M' 'M' 'M' 'M' 'M'
 'M' 'M' 'M' 'M' 'M' 'M' 'M' 'M' 'M' 'U' 'U' 'M' 'M' 'M' 'M' 'M' 'M' 'M'
 'M' 'M' 'M' 'U' 'M' 'M' 'M' 'M' 'M' 'M' 'M' 'M' 'M' 'U' 'U' 'M' 'M' 'M'
 'U' 'M' 'M' 'M' 'U' 'M' 'M' 'M' 'M' 'M' 'U' 'M' 'M' 'M' 'U' 'M' 'U' 'U'
 'M' 'M' 'M' 'M' 'M' 'M' 'M' 'M' 'M' 'M' 'U' 'U' 'M' 'M' 'M' 'U' 'M' 'U'
 'M' 'M' 'M' 'M' 'U' 'M' 'U' 'U' 'M' 'U' 'M' 'U' 'M' 'M' 'M' 'M' 'M' 'M'
 'M' 'M' 'M' 'M' 'U' 'M' 'M' 'M' 'U' 'M' 'M' 'M' 'M' 'M' 'M' 'M' 'M' 'M'
 'M' 'M' 'M' 'M' 'M' 'M' 'U' 'M' 'M' 'M' 'U' 'U' 'M' 'M' 'U' 'M' 'M' 'M'
 'M' 'M' 'M' 'M' 'M' 'M' 'M' 'M' 'M' 'M' 'M' 'U' 'M' 'U' 'M' 'M' 'M' 'M']"
69901,0,160,1,159,38,0,1,"['A' 'M' 'M' 'M' 'M' 'M' 'U' 'M' 'M' 'M' 'M' 'M' 'M' 'U' 'M' 'M' 'M' 'M'
 'M' 'M' 'M' 'M' 'M' 'M' 'M' 'U' 'M' 'M' 'M' 'M' 'U' 'M' 'M' 'M' 'M' 'M'
 'M' 'M' 'M' 'M' 'M' 'M' 'M' 'M' 'M' 'U' 'M' 'U' 'M' 'M' 'M' 'M' 'M' 'M'
 'M' 'M' 'M' 'M' 'U' 'M' 'M' 'M' 'M' 'U' 'U' 'M' 'M' 'M' 'M' 'M' 'U' 'U'
 'M' 'U' 'M' 'M' 'M' 'M' 'U' 'M' 'M' 'M' 'M' 'U' 'M' 'M' 'M' 'M' 'M' 'M'
 'M' 'M' 'M' 'M' 'M' 'M' 'M' 'M' 'M' 'M' 'U' 'M' 'M' 'U' 'M' 'M' 'U' 'M'
 'U' 'M' 'M' 'M' 'M' 'M' 'M' 'M' 'M' 'M' 'U' 'U' 'M' 'M' 'M' 'U' 'M' 'U'
 'M' 'M' 'M' 'M' 'U' 'U' 'U' 'U' 'U' 'U' 'U' 'U' 'U' 'M' 'M' 'M' 'M' 'M'
 'M' 'M' 'M' 'M' 'U' 'M' 'M' 'M' 'M' 'U' 'M' 'M' 'M' 'M' 'M' 'M' 'M' 'M'
 'M' 'M' 'M' 'M' 'M' 'M' 'M' 'M' 'M' 'M' 'U' 'U' 'M' 'M' 'U' 'M' 'M' 'M'
 'M' 'M' 'M' 'M' 'M' 'M' 'M' 'M' 'M' 'M' 'M' 'U' 'M' 'U' 'M' 'M' 'M' 'M']"
70001,0,157,2,155,41,0,0,"['A' 'M' 'M' 'U' 'M' 'M' 'U' 'M' 'M' 'M' 'M' 'M' 'U' 'U' 'M' 'M' 'M' 'M'
 'M' 'M' 'M' 'M' 'U' 'M' 'M' 'U' 'M' 'M' 'M' 'M' 'U' 'M' 'M' 'M' 'M' 'M'
 'M' 'M' 'M' 'M' 'M' 'M' 'M' 'M' 'M' 'U' 'M' 'U' 'M' 'M' 'M' 'M' 'M' 'M'
 'M' 'M' 'M' 'M' 'U' 'M' 'M' 'M' 'M' 'U' 'U' 'M' 'M' 'M' 'M' 'M' 'M' 'U'
 'U' 'M' 'M' 'M' 'M' 'M' 'M' 'M' 'M' 'M' 'M' 'M' 'M' 'U' 'M' 'M' 'M' 'U'
 'M' 'U' 'M' 'M' 'M' 'M' 'M' 'M' 'M' 'M' 'U' 'M' 'M' 'M' 'M' 'M' 'M' 'M'
 'M' 'M' 'M' 'M' 'M' 'M' 'M' 'U' 'M' 'M' 'A' 'U' 'M' 'M' 'M' 'U' 'M' 'U'
 'M' 'M' 'M' 'M' 'M' 'U' 'U' 'U' 'M' 'U' 'U' 'U' 'U' 'U' 'M' 'M' 'M' 'M'
 'M' 'M' 'M' 'M' 'U' 'M' 'M' 'M' 'M' 'U' 'M' 'M' 'M' 'M' 'M' 'M' 'M' 'M'
 'M' 'M' 'M' 'M' 'M' 'M' 'M' 'M' 'U' 'M' 'U' 'U' 'U' 'M' 'U' 'M' 'U' 'M'
 'M' 'M' 'M' 'U' 'M' 'M' 'U' 'M' 'M' 'M' 'M' 'M' 'M' 'U' 'M' 'M' 'M' 'M']"
70101,0,162,4,158,36,0,0,"['A' 'M' 'M' 'U' 'M' 'M' 'U' 'M' 'M' 'M' 'M' 'M' 'M' 'U' 'M' 'M' 'U' 'M'
 'M' 'M' 'M' 'M' 'U' 'M' 'M' 'U' 'M' 'M' 'M' 'M' 'U' 'M' 'U' 'M' 'M' 'M'
 'M' 'M' 'M' 'M' 'U' 'M' 'M' 'M' 'M' 'U' 'M' 'M' 'M' 'M' 'M' 'M' 'U' 'M'
 'M' 'M' 'M' 'M' 'U' 'M' 'M' 'M' 'M' 'U' 'U' 'M' 'M' 'M' 'M' 'U' 'M' 'M'
 'M' 'M' 'M' 'M' 'M' 'M' 'M' 'M' 'M' 'M' 'M' 'U' 'M' 'M' 'M' 'U' 'M' 'M'
 'M' 'M' 'M' 'U' 'U' 'M' 'M' 'M' 'M' 'M' 'M' 'M' 'M' 'M' 'M' 'M' 'A' 'M'
 'M' 'U' 'M' 'M' 'M' 'M' 'U' 'U' 'M' 'M' 'A' 'M' 'M' 'M' 'M' 'M' 'M' 'U'
 'M' 'M' 'M' 'M' 'M' 'U' 'U' 'U' 'M' 'U' 'U' 'U' 'M' 'M' 'M' 'M' 'M' 'M'
 'M' 'M' 'M' 'M' 'U' 'M' 'M' 'M' 'M' 'M' 'M' 'M' 'M' 'M' 'M' 'M' 'M' 'M'
 'M' 'U' 'M' 'M' 'M' 'M' 'M' 'M' 'U' 'M' 'U' 'U' 'M' 'M' 'U' 'M' 'U' 'M'
 'M' 'M' 'M' 'A' 'M' 'M' 'M' 'M' 'M' 'M' 'M' 'M' 'M' 'M' 'M' 'M' 'M' 'M']"
70201,0,154,1,153,44,0,0,"['A' 'M' 'M' 'U' 'M' 'M' 'U' 'M' 'M' 'M' 'M' 'M' 'M' 'U' 'M' 'M' 'U' 'M'
 'M' 'M' 'M' 'U' 'U' 'M' 'M' 'U' 'M' 'M' 'M' 'M' 'U' 'M' 'U' 'M' 'M' 'M'
 'M' 'M' 'M' 'M' 'U' 'M' 'M' 'M' 'M' 'U' 'M' 'M' 'M' 'M' 'M' 'M' 'U' 'M'
 'M' 'M' 'M' 'M' 'U' 'M' 'M' 'M' 'M' 'U' 'M' 'M' 'M' 'M' 'M' 'M' 'M' 'M'
 'U' 'U' 'M' 'M' 'M' 'M' 'M' 'M' 'U' 'M' 'M' 'M' 'U' 'M' 'U' 'M' 'M' 'M'
 'M' 'M' 'M' 'M' 'M' 'M' 'M' 'M' 'M' 'M' 'M' 'M' 'M' 'M' 'M' 'M' 'U' 'M'
 'M' 'U' 'M' 'M' 'U' 'M' 'M' 'U' 'M' 'M' 'U' 'U' 'M' 'M' 'M' 'M' 'M' 'U'
 'M' 'M' 'M' 'U' 'M' 'U' 'U' 'U' 'U' 'U' 'U' 'U' 'U' 'M' 'M' 'M' 'M' 'M'
 'M' 'M' 'M' 'M' 'U' 'M' 'U' 'M' 'M' 'M' 'M' 'M' 'M' 'M' 'M' 'M' 'M' 'M'
 'M' 'U' 'M' 'M' 'M' 'M' 'M' 'M' 'U' 'M' 'U' 'M' 'U' 'M' 'U' 'M' 'U' 'M'
 'M' 'M' 'M' 'U' 'M' 'M' 'M' 'M' 'M' 'M' 'M' 'M' 'M' 'M' 'M' 'M' 'M' 'M']"
70301,0,162,2,160,36,1,0,"['A' 'M' 'M' 'U' 'M' 'U' 'U' 'M' 'M' 'M' 'M' 'M' 'M' 'U' 'M' 'M' 'M' 'M'
 'M' 'M' 'M' 'U' 'M' 'M' 'M' 'U' 'M' 'M' 'M' 'M' 'A' 'M' 'U' 'M' 'M' 'M'
 'M' 'M' 'M' 'M' 'U' 'M' 'M' 'M' 'M' 'U' 'M' 'U' 'M' 'M' 'M' 'M' 'M' 'M'
 'M' 'M' 'M' 'M' 'M' 'M' 'M' 'M' 'M' 'U' 'M' 'M' 'M' 'M' 'M' 'M' 'M' 'M'
 'M' 'M' 'M' 'M' 'U' 'M' 'M' 'U' 'M' 'M' 'M' 'M' 'M' 'U' 'M' 'M' 'M' 'M'
 'U' 'M' 'M' 'U' 'M' 'M' 'M' 'M' 'M' 'M' 'M' 'M' 'M' 'M' 'M' 'M' 'M' 'M'
 'M' 'U' 'M' 'M' 'M' 'M' 'M' 'U' 'M' 'M' 'U' 'M' 'M' 'M' 'U' 'M' 'M' 'M'
 'M' 'M' 'M' 'U' 'M' 'U' 'M' 'U' 'M' 'U' 'U' 'U' 'U' 'M' 'M' 'M' 'M' 'M'
 'U' 'M' 'M' 'M' 'U' 'M' 'M' 'M' 'M' 'M' 'M' 'M' 'M' 'M' 'M' 'M' 'M' 'M'
 'M' 'U' 'M' 'M' 'M' 'M' 'M' 'M' 'U' 'M' 'U' 'M' 'U' 'M' 'U' 'M' 'U' 'M'
 'M' 'M' 'M' 'M' 'M' 'M' 'M' 'M' 'M' 'M' 'M' 'M' 'M' 'M' 'U' 'M' 'M' 'M']"
70401,1,163,2,161,35,0,0,"['A' 'M' 'M' 'U' 'M' 'U' 'M' 'M' 'U' 'M' 'M' 'M' 'M' 'U' 'M' 'M' 'M' 'M'
 'M' 'M' 'M' 'U' 'M' 'M' 'M' 'U' 'M' 'M' 'U' 'M' 'A' 'M' 'U' 'M' 'M' 'M'
 'M' 'M' 'M' 'M' 'M' 'M' 'M' 'M' 'M' 'M' 'M' 'M' 'M' 'U' 'M' 'M' 'M' 'M'
 'M' 'M' 'M' 'M' 'M' 'M' 'M' 'M' 'M' 'U' 'M' 'M' 'M' 'M' 'M' 'M' 'M' 'M'
 'U' 'M' 'U' 'M' 'M' 'M' 'U' 'M' 'M' 'M' 'M' 'M' 'M' 'M' 'M' 'M' 'M' 'M'
 'U' 'U' 'M' 'M' 'M' 'M' 'M' 'M' 'M' 'M' 'M' 'M' 'M' 'M' 'M' 'M' 'M' 'M'
 'M' 'U' 'M' 'M' 'M' 'M' 'M' 'U' 'M' 'M' 'U' 'M' 'M' 'M' 'U' 'M' 'M' 'M'
 'M' 'M' 'M' 'M' 'M' 'U' 'U' 'M' 'U' 'U' 'U' 'U' 'U' 'M' 'M' 'M' 'M' 'M'
 'U' 'M' 'M' 'M' 'U' 'M' 'M' 'M' 'M' 'M' 'M' 'U' 'M' 'M' 'M' 'M' 'M' 'M'
 'M' 'U' 'M' 'M' 'M' 'M' 'M' 'M' 'U' 'M' 'U' 'M' 'U' 'M' 'M' 'M' 'U' 'M'
 'M' 'M' 'M' 'M' 'M' 'M' 'M' 'M' 'M' 'M' 'M' 'M' 'M' 'M' 'U' 'M' 'M' 'M']"
70501,0,163,2,161,35,0,0,"['A' 'M' 'M' 'U' 'M' 'U' 'M' 'M' 'M' 'M' 'M' 'M' 'U' 'U' 'M' 'M' 'M' 'M'
 'M' 'M' 'M' 'U' 'M' 'M' 'M' 'U' 'M' 'M' 'M' 'M' 'A' 'M' 'U' 'M' 'M' 'M'
 'M' 'M' 'M' 'M' 'M' 'M' 'M' 'M' 'M' 'M' 'M' 'M' 'M' 'U' 'M' 'M' 'M' 'M'
 'M' 'M' 'M' 'U' 'M' 'M' 'M' 'M' 'M' 'U' 'M' 'M' 'M' 'M' 'M' 'M' 'M' 'U'
 'M' 'M' 'M' 'M' 'U' 'M' 'M' 'M' 'M' 'M' 'M' 'M' 'M' 'M' 'M' 'U' 'M' 'M'
 'M' 'U' 'U' 'M' 'M' 'M' 'M' 'M' 'M' 'M' 'M' 'M' 'M' 'M' 'M' 'M' 'M' 'M'
 'M' 'U' 'M' 'M' 'M' 'M' 'U' 'U' 'M' 'M' 'M' 'M' 'M' 'M' 'U' 'M' 'U' 'M'
 'M' 'M' 'M' 'M' 'M' 'U' 'U' 'U' 'M' 'U' 'U' 'U' 'U' 'M' 'M' 'M' 'U' 'M'
 'M' 'U' 'M' 'M' 'U' 'M' 'M' 'M' 'M' 'M' 'M' 'M' 'M' 'M' 'M' 'M' 'M' 'M'
 'M' 'U' 'M' 'M' 'M' 'M' 'M' 'M' 'U' 'M' 'U' 'M' 'M' 'U' 'M' 'M' 'M' 'M'
 'M' 'M' 'M' 'M' 'M' 'M' 'M' 'M' 'M' 'M' 'M' 'M' 'M' 'M' 'U' 'M' 'M' 'M']"
70601,0,165,3,162,33,0,0,"['A' 'M' 'M' 'U' 'M' 'U' 'M' 'M' 'M' 'U' 'M' 'M' 'U' 'U' 'M' 'M' 'M' 'M'
 'M' 'M' 'M' 'U' 'M' 'M' 'M' 'U' 'M' 'M' 'M' 'M' 'U' 'U' 'U' 'M' 'M' 'M'
 'M' 'M' 'M' 'M' 'M' 'M' 'M' 'M' 'M' 'M' 'M' 'M' 'M' 'U' 'M' 'M' 'M' 'M'
 'U' 'M' 'M' 'M' 'M' 'M' 'M' 'M' 'M' 'U' 'M' 'M' 'M' 'M' 'U' 'M' 'M' 'M'
 'M' 'M' 'M' 'M' 'U' 'M' 'M' 'M' 'M' 'U' 'M' 'M' 'M' 'M' 'U' 'M' 'M' 'M'
 'M' 'M' 'M' 'M' 'U' 'M' 'M' 'U' 'M' 'M' 'M' 'M' 'M' 'M' 'M' 'M' 'M' 'M'
 'M' 'U' 'M' 'M' 'M' 'M' 'U' 'U' 'M' 'M' 'M' 'M' 'M' 'M' 'A' 'M' 'M' 'A'
 'U' 'M' 'M' 'M' 'M' 'U' 'M' 'M' 'M' 'U' 'M' 'U' 'M' 'M' 'M' 'M' 'U' 'M'
 'M' 'U' 'M' 'M' 'U' 'M' 'M' 'M' 'M' 'M' 'M' 'M' 'M' 'M' 'M' 'M' 'M' 'M'
 'M' 'U' 'M' 'U' 'M' 'M' 'M' 'M' 'M' 'M' 'U' 'M' 'M' 'U' 'M' 'M' 'M' 'M'
 'M' 'M' 'M' 'M' 'M' 'M' 'M' 'M' 'M' 'M' 'M' 'M' 'M' 'M' 'M' 'M' 'M' 'M']"
70701,1,162,2,160,36,0,0,"['A' 'M' 'M' 'U' 'M' 'U' 'M' 'M' 'M' 'M' 'M' 'M' 'U' 'U' 'M' 'M' 'M' 'M'
 'M' 'M' 'M' 'U' 'M' 'M' 'M' 'U' 'M' 'M' 'M' 'M' 'U' 'U' 'U' 'M' 'M' 'M'
 'M' 'M' 'M' 'M' 'M' 'M' 'M' 'M' 'M' 'M' 'M' 'M' 'M' 'U' 'M' 'M' 'M' 'M'
 'U' 'M' 'M' 'M' 'M' 'M' 'M' 'M' 'M' 'U' 'M' 'M' 'M' 'U' 'M' 'M' 'M' 'M'
 'M' 'M' 'M' 'U' 'M' 'M' 'M' 'M' 'M' 'M' 'M' 'M' 'M' 'M' 'M' 'M' 'U' 'U'
 'M' 'U' 'M' 'M' 'M' 'M' 'M' 'M' 'M' 'M' 'M' 'M' 'M' 'M' 'M' 'M' 'M' 'M'
 'M' 'M' 'U' 'M' 'M' 'M' 'U' 'U' 'M' 'M' 'M' 'M' 'M' 'M' 'A' 'M' 'M' 'M'
 'M' 'M' 'U' 'M' 'M' 'U' 'U' 'U' 'U' 'U' 'U' 'U' 'M' 'M' 'M' 'M' 'U' 'M'
 'M' 'U' 'M' 'M' 'M' 'M' 'M' 'M' 'M' 'M' 'M' 'M' 'M' 'M' 'M' 'M' 'M' 'M'
 'M' 'U' 'M' 'U' 'M' 'M' 'M' 'M' 'M' 'M' 'U' 'M' 'M' 'U' 'M' 'M' 'M' 'M'
 'M' 'M' 'M' 'M' 'M' 'M' 'M' 'M' 'U' 'M' 'M' 'M' 'M' 'M' 'M' 'M' 'M' 'U']"
70801,0,168,4,164,30,0,0,"['A' 'M' 'M' 'M' 'M' 'U' 'M' 'M' 'M' 'M' 'M' 'M' 'U' 'M' 'U' 'M' 'M' 'M'
 'M' 'M' 'U' 'U' 'M' 'M' 'M' 'U' 'M' 'M' 'M' 'M' 'M' 'U' 'M' 'M' 'M' 'M'
 'M' 'M' 'M' 'M' 'M' 'M' 'M' 'M' 'M' 'M' 'M' 'M' 'M' 'M' 'M' 'M' 'M' 'M'
 'U' 'M' 'M' 'M' 'M' 'M' 'M' 'M' 'M' 'M' 'M' 'M' 'U' 'M' 'M' 'M' 'U' 'U'
 'M' 'M' 'M' 'M' 'M' 'M' 'M' 'M' 'M' 'M' 'M' 'M' 'M' 'M' 'M' 'M' 'M' 'U'
 'M' 'U' 'M' 'M' 'M' 'M' 'M' 'M' 'M' 'M' 'M' 'M' 'M' 'M' 'M' 'M' 'M' 'M'
 'M' 'M' 'U' 'M' 'M' 'M' 'U' 'A' 'M' 'M' 'M' 'M' 'M' 'M' 'A' 'M' 'M' 'M'
 'M' 'M' 'M' 'M' 'M' 'U' 'U' 'U' 'U' 'U' 'M' 'M' 'U' 'U' 'M' 'M' 'U' 'M'
 'M' 'U' 'M' 'M' 'M' 'M' 'M' 'U' 'U' 'M' 'M' 'M' 'M' 'M' 'M' 'M' 'M' 'M'
 'M' 'U' 'M' 'U' 'M' 'M' 'M' 'M' 'M' 'M' 'U' 'M' 'M' 'A' 'M' 'M' 'M' 'M'
 'U' 'M' 'M' 'M' 'M' 'M' 'M' 'M' 'M' 'M' 'M' 'M' 'M' 'M' 'M' 'M' 'M' 'M']"
70901,0,169,5,164,29,0,0,"['A' 'M' 'M' 'M' 'M' 'M' 'M' 'M' 'U' 'M' 'M' 'M' 'U' 'M' 'U' 'M' 'M' 'M'
 'M' 'M' 'U' 'M' 'M' 'M' 'M' 'U' 'M' 'M' 'M' 'M' 'M' 'U' 'M' 'M' 'M' 'M'
 'M' 'M' 'M' 'M' 'M' 'M' 'M' 'M' 'M' 'M' 'M' 'M' 'M' 'M' 'M' 'M' 'M' 'M'
 'U' 'M' 'M' 'M' 'M' 'M' 'M' 'M' 'M' 'M' 'M' 'M' 'M' 'M' 'M' 'M' 'U' 'M'
 'M' 'M' 'M' 'M' 'M' 'M' 'M' 'M' 'M' 'M' 'M' 'U' 'U' 'M' 'U' 'U' 'M' 'M'
 'M' 'M' 'M' 'M' 'M' 'M' 'M' 'M' 'M' 'M' 'M' 'U' 'M' 'M' 'M' 'U' 'M' 'M'
 'M' 'U' 'U' 'M' 'M' 'M' 'U' 'A' 'M' 'M' 'M' 'M' 'M' 'M' 'U' 'M' 'M' 'M'
 'M' 'M' 'M' 'M' 'M' 'M' 'U' 'U' 'A' 'U' 'M' 'M' 'M' 'M' 'M' 'M' 'U' 'M'
 'M' 'U' 'M' 'M' 'M' 'M' 'M' 'M' 'U' 'M' 'M' 'M' 'U' 'M' 'M' 'M' 'M' 'M'
 'M' 'U' 'M' 'A' 'U' 'M' 'M' 'M' 'M' 'M' 'U' 'M' 'M' 'A' 'M' 'M' 'M' 'M'
 'M' 'M' 'M' 'M' 'M' 'M' 'M' 'M' 'M' 'M' 'M' 'U' 'M' 'M' 'M' 'M' 'M' 'M']"
71001,0,170,3,167,28,1,0,"['A' 'U' 'U' 'M' 'M' 'M' 'M' 'M' 'U' 'M' 'M' 'M' 'M' 'M' 'M' 'M' 'M' 'M'
 'M' 'M' 'U' 'M' 'M' 'M' 'M' 'U' 'M' 'U' 'M' 'M' 'M' 'U' 'M' 'M' 'M' 'M'
 'M' 'U' 'M' 'M' 'M' 'M' 'M' 'M' 'M' 'M' 'M' 'M' 'M' 'M' 'M' 'M' 'M' 'M'
 'M' 'M' 'M' 'M' 'M' 'M' 'M' 'M' 'M' 'M' 'M' 'M' 'U' 'M' 'U' 'M' 'M' 'M'
 'M' 'M' 'M' 'M' 'M' 'M' 'M' 'M' 'U' 'M' 'M' 'M' 'M' 'M' 'M' 'U' 'M' 'M'
 'M' 'M' 'M' 'M' 'U' 'M' 'M' 'M' 'M' 'M' 'M' 'M' 'M' 'M' 'M' 'M' 'M' 'M'
 'M' 'M' 'U' 'M' 'U' 'M' 'U' 'U' 'M' 'M' 'M' 'M' 'M' 'M' 'U' 'M' 'M' 'M'
 'M' 'M' 'M' 'M' 'M' 'M' 'M' 'U' 'A' 'M' 'M' 'M' 'M' 'M' 'M' 'M' 'M' 'M'
 'M' 'U' 'M' 'M' 'M' 'M' 'M' 'M' 'U' 'M' 'M' 'M' 'U' 'M' 'M' 'M' 'M' 'U'
 'M' 'U' 'M' 'A' 'M' 'M' 'M' 'M' 'M' 'M' 'U' 'M' 'M' 'U' 'M' 'M' 'M' 'M'
 'M' 'U' 'M' 'M' 'M' 'M' 'M' 'M' 'M' 'M' 'M' 'U' 'M' 'M' 'M' 'M' 'M' 'M']"
71101,0,172,3,169,26,0,0,"['A' 'U' 'U' 'M' 'M' 'M' 'M' 'M' 'U' 'M' 'M' 'U' 'M' 'M' 'M' 'M' 'M' 'M'
 'M' 'M' 'U' 'M' 'M' 'M' 'M' 'M' 'M' 'U' 'M' 'M' 'M' 'U' 'M' 'M' 'M' 'M'
 'M' 'U' 'M' 'M' 'M' 'M' 'M' 'M' 'M' 'M' 'M' 'M' 'M' 'M' 'M' 'M' 'M' 'M'
 'M' 'M' 'M' 'M' 'M' 'M' 'M' 'M' 'M' 'M' 'M' 'M' 'M' 'U' 'M' 'M' 'M' 'M'
 'M' 'M' 'M' 'M' 'M' 'M' 'M' 'U' 'M' 'M' 'M' 'U' 'M' 'M' 'M' 'M' 'M' 'U'
 'M' 'M' 'M' 'U' 'M' 'M' 'M' 'M' 'M' 'M' 'M' 'M' 'M' 'M' 'M' 'M' 'M' 'M'
 'M' 'M' 'U' 'M' 'U' 'U' 'U' 'U' 'M' 'M' 'M' 'M' 'U' 'M' 'M' 'M' 'M' 'M'
 'M' 'M' 'M' 'M' 'M' 'M' 'M' 'U' 'A' 'M' 'M' 'M' 'U' 'M' 'M' 'M' 'M' 'M'
 'M' 'U' 'M' 'M' 'M' 'M' 'M' 'M' 'U' 'M' 'M' 'M' 'U' 'M' 'M' 'M' 'M' 'M'
 'M' 'U' 'M' 'A' 'M' 'M' 'M' 'M' 'M' 'M' 'M' 'M' 'M' 'M' 'M' 'M' 'M' 'M'
 'M' 'M' 'M' 'M' 'M' 'M' 'M' 'M' 'M' 'M' 'M' 'U' 'M' 'M' 'M' 'M' 'M' 'M']"
71201,0,171,4,167,27,0,0,"['A' 'U' 'U' 'M' 'M' 'M' 'M' 'M' 'U' 'M' 'M' 'U' 'M' 'M' 'M' 'M' 'M' 'M'
 'M' 'M' 'U' 'M' 'M' 'M' 'M' 'M' 'U' 'U' 'M' 'M' 'M' 'U' 'M' 'M' 'M' 'M'
 'M' 'U' 'M' 'M' 'M' 'M' 'M' 'M' 'M' 'M' 'M' 'M' 'M' 'M' 'M' 'M' 'M' 'M'
 'M' 'M' 'M' 'M' 'M' 'M' 'M' 'M' 'M' 'U' 'M' 'M' 'M' 'M' 'M' 'U' 'U' 'M'
 'M' 'M' 'M' 'U' 'M' 'M' 'M' 'U' 'M' 'M' 'M' 'M' 'M' 'M' 'M' 'M' 'M' 'U'
 'M' 'M' 'M' 'M' 'M' 'M' 'M' 'M' 'M' 'M' 'M' 'M' 'M' 'M' 'M' 'U' 'M' 'M'
 'M' 'M' 'U' 'M' 'U' 'M' 'A' 'U' 'M' 'M' 'M' 'M' 'U' 'M' 'M' 'M' 'M' 'M'
 'M' 'M' 'A' 'M' 'M' 'M' 'M' 'M' 'A' 'M' 'M' 'M' 'U' 'M' 'M' 'M' 'M' 'M'
 'M' 'U' 'M' 'M' 'M' 'M' 'M' 'M' 'U' 'M' 'M' 'M' 'U' 'M' 'M' 'M' 'M' 'M'
 'M' 'U' 'M' 'M' 'M' 'M' 'M' 'M' 'M' 'M' 'M' 'M' 'M' 'M' 'M' 'M' 'M' 'M'
 'M' 'U' 'M' 'M' 'M' 'M' 'M' 'M' 'M' 'M' 'M' 'U' 'M' 'M' 'M' 'M' 'M' 'M']"
71301,0,170,4,166,28,0,0,"['A' 'M' 'U' 'M' 'M' 'M' 'M' 'M' 'U' 'M' 'M' 'M' 'M' 'M' 'M' 'M' 'U' 'M'
 'M' 'M' 'M' 'M' 'M' 'M' 'M' 'M' 'U' 'U' 'M' 'M' 'U' 'U' 'M' 'M' 'M' 'M'
 'M' 'U' 'M' 'M' 'M' 'M' 'M' 'M' 'M' 'M' 'M' 'M' 'M' 'M' 'M' 'M' 'M' 'M'
 'M' 'M' 'M' 'M' 'M' 'M' 'M' 'M' 'M' 'U' 'M' 'M' 'M' 'M' 'M' 'U' 'U' 'M'
 'M' 'M' 'M' 'M' 'M' 'M' 'M' 'M' 'M' 'M' 'M' 'M' 'M' 'U' 'M' 'U' 'U' 'M'
 'M' 'M' 'M' 'M' 'M' 'M' 'M' 'M' 'M' 'M' 'M' 'M' 'M' 'M' 'M' 'U' 'M' 'M'
 'M' 'M' 'U' 'M' 'U' 'M' 'A' 'M' 'M' 'M' 'M' 'M' 'U' 'M' 'M' 'M' 'M' 'M'
 'U' 'M' 'A' 'M' 'M' 'M' 'U' 'M' 'A' 'M' 'M' 'M' 'U' 'M' 'M' 'M' 'M' 'U'
 'M' 'U' 'M' 'M' 'M' 'M' 'M' 'M' 'U' 'M' 'M' 'M' 'U' 'M' 'M' 'M' 'M' 'M'
 'M' 'U' 'M' 'M' 'M' 'M' 'M' 'U' 'M' 'M' 'M' 'M' 'M' 'M' 'M' 'M' 'M' 'M'
 'M' 'M' 'M' 'M' 'M' 'M' 'M' 'M' 'M' 'M' 'M' 'M' 'M' 'M' 'M' 'U' 'M' 'M']"
71401,0,173,3,170,25,0,0,"['A' 'M' 'U' 'M' 'M' 'M' 'M' 'M' 'U' 'M' 'M' 'M' 'M' 'M' 'M' 'M' 'U' 'M'
 'M' 'M' 'M' 'M' 'M' 'M' 'M' 'M' 'U' 'U' 'M' 'M' 'M' 'M' 'M' 'M' 'M' 'M'
 'M' 'M' 'M' 'A' 'M' 'M' 'M' 'M' 'M' 'M' 'M' 'M' 'M' 'M' 'M' 'M' 'M' 'M'
 'M' 'M' 'M' 'M' 'M' 'M' 'M' 'M' 'M' 'U' 'M' 'U' 'M' 'M' 'U' 'U' 'M' 'M'
 'M' 'M' 'M' 'M' 'M' 'M' 'M' 'U' 'M' 'M' 'M' 'M' 'M' 'M' 'M' 'M' 'U' 'M'
 'M' 'M' 'M' 'M' 'M' 'M' 'M' 'M' 'M' 'M' 'M' 'M' 'M' 'M' 'M' 'U' 'U' 'M'
 'M' 'M' 'U' 'M' 'M' 'M' 'U' 'M' 'M' 'M' 'M' 'M' 'M' 'M' 'M' 'M' 'M' 'M'
 'M' 'M' 'A' 'M' 'M' 'M' 'M' 'M' 'U' 'M' 'M' 'M' 'U' 'M' 'M' 'U' 'M' 'U'
 'M' 'U' 'U' 'M' 'M' 'M' 'M' 'M' 'U' 'M' 'M' 'M' 'U' 'M' 'M' 'M' 'M' 'M'
 'M' 'U' 'M' 'M' 'M' 'M' 'M' 'M' 'M' 'M' 'M' 'M' 'M' 'M' 'M' 'M' 'U' 'M'
 'M' 'M' 'M' 'M' 'M' 'M' 'M' 'M' 'M' 'M' 'M' 'M' 'M' 'M' 'M' 'M' 'M' 'M']"
71501,1,168,4,164,30,0,0,"['A' 'M' 'U' 'M' 'M' 'M' 'M' 'M' 'U' 'U' 'M' 'M' 'U' 'M' 'U' 'M' 'U' 'M'
 'M' 'M' 'M' 'M' 'M' 'M' 'M' 'M' 'U' 'U' 'M' 'M' 'M' 'M' 'M' 'M' 'M' 'M'
 'M' 'M' 'M' 'A' 'M' 'M' 'M' 'M' 'M' 'M' 'M' 'M' 'M' 'M' 'M' 'U' 'M' 'M'
 'M' 'M' 'M' 'M' 'M' 'M' 'M' 'M' 'M' 'U' 'M' 'M' 'M' 'M' 'M' 'M' 'M' 'M'
 'M' 'M' 'M' 'M' 'M' 'M' 'U' 'M' 'U' 'U' 'M' 'U' 'M' 'U' 'M' 'M' 'M' 'M'
 'M' 'M' 'M' 'M' 'M' 'M' 'M' 'M' 'M' 'M' 'M' 'M' 'M' 'M' 'M' 'M' 'U' 'M'
 'M' 'M' 'M' 'M' 'M' 'M' 'U' 'M' 'M' 'M' 'M' 'M' 'M' 'M' 'M' 'M' 'M' 'M'
 'M' 'M' 'A' 'M' 'M' 'U' 'U' 'U' 'U' 'U' 'U' 'M' 'M' 'M' 'M' 'M' 'M' 'M'
 'M' 'U' 'U' 'M' 'M' 'M' 'M' 'M' 'U' 'M' 'M' 'M' 'A' 'M' 'M' 'M' 'U' 'M'
 'M' 'U' 'M' 'M' 'M' 'M' 'M' 'M' 'M' 'M' 'M' 'M' 'M' 'M' 'M' 'M' 'U' 'M'
 'M' 'M' 'M' 'M' 'M' 'U' 'M' 'M' 'M' 'M' 'M' 'M' 'M' 'M' 'M' 'M' 'M' 'M']"
71601,0,169,3,166,29,0,0,"['A' 'M' 'M' 'M' 'M' 'M' 'M' 'M' 'U' 'U' 'M' 'M' 'U' 'M' 'M' 'M' 'U' 'M'
 'M' 'M' 'M' 'M' 'M' 'U' 'M' 'M' 'U' 'U' 'M' 'M' 'M' 'M' 'M' 'M' 'M' 'M'
 'M' 'M' 'M' 'A' 'M' 'M' 'M' 'M' 'M' 'M' 'M' 'M' 'M' 'M' 'M' 'M' 'U' 'M'
 'M' 'M' 'M' 'M' 'M' 'M' 'M' 'M' 'M' 'U' 'M' 'M' 'M' 'M' 'M' 'M' 'M' 'M'
 'M' 'U' 'M' 'M' 'M' 'M' 'M' 'M' 'U' 'M' 'U' 'U' 'M' 'M' 'M' 'M' 'U' 'M'
 'M' 'M' 'M' 'M' 'M' 'M' 'M' 'M' 'M' 'M' 'M' 'M' 'M' 'M' 'M' 'M' 'U' 'M'
 'M' 'M' 'M' 'M' 'M' 'M' 'U' 'M' 'M' 'M' 'M' 'M' 'M' 'M' 'M' 'M' 'M' 'M'
 'M' 'U' 'A' 'M' 'M' 'U' 'U' 'U' 'U' 'U' 'U' 'M' 'M' 'M' 'M' 'U' 'M' 'M'
 'M' 'U' 'U' 'M' 'M' 'M' 'M' 'M' 'U' 'M' 'M' 'M' 'M' 'M' 'M' 'M' 'U' 'M'
 'M' 'M' 'M' 'M' 'M' 'M' 'M' 'M' 'M' 'M' 'M' 'M' 'M' 'M' 'M' 'M' 'U' 'M'
 'M' 'M' 'M' 'M' 'M' 'M' 'M' 'M' 'M' 'M' 'M' 'M' 'M' 'M' 'M' 'M' 'M' 'M']"
71701,0,163,1,162,35,0,0,"['A' 'M' 'M' 'M' 'U' 'M' 'M' 'M' 'U' 'U' 'M' 'M' 'U' 'M' 'M' 'M' 'M' 'M'
 'M' 'M' 'M' 'M' 'M' 'M' 'M' 'M' 'U' 'U' 'M' 'M' 'M' 'M' 'M' 'M' 'M' 'M'
 'M' 'M' 'M' 'U' 'M' 'M' 'M' 'M' 'M' 'U' 'M' 'M' 'M' 'M' 'M' 'M' 'M' 'M'
 'U' 'M' 'M' 'M' 'M' 'M' 'M' 'M' 'M' 'U' 'U' 'U' 'U' 'M' 'M' 'M' 'U' 'M'
 'M' 'M' 'M' 'M' 'U' 'M' 'M' 'M' 'M' 'M' 'M' 'U' 'M' 'M' 'M' 'M' 'M' 'M'
 'M' 'M' 'M' 'M' 'M' 'M' 'M' 'U' 'M' 'M' 'M' 'M' 'M' 'M' 'M' 'M' 'U' 'M'
 'M' 'M' 'M' 'M' 'M' 'M' 'U' 'M' 'M' 'M' 'M' 'M' 'M' 'M' 'U' 'M' 'M' 'M'
 'M' 'U' 'M' 'M' 'M' 'U' 'U' 'U' 'U' 'U' 'U' 'U' 'U' 'M' 'M' 'U' 'M' 'M'
 'M' 'U' 'M' 'M' 'M' 'M' 'M' 'M' 'M' 'M' 'M' 'M' 'M' 'M' 'M' 'M' 'U' 'M'
 'M' 'M' 'M' 'M' 'M' 'U' 'M' 'M' 'U' 'M' 'M' 'M' 'M' 'M' 'M' 'M' 'U' 'M'
 'M' 'M' 'M' 'M' 'M' 'M' 'M' 'M' 'M' 'M' 'M' 'M' 'M' 'M' 'M' 'M' 'M' 'M']"
71801,0,167,1,166,31,0,0,"['A' 'M' 'M' 'M' 'U' 'M' 'U' 'M' 'M' 'U' 'M' 'M' 'U' 'M' 'M' 'M' 'M' 'M'
 'M' 'M' 'M' 'M' 'M' 'M' 'M' 'M' 'U' 'U' 'M' 'M' 'M' 'M' 'M' 'M' 'M' 'M'
 'M' 'M' 'M' 'M' 'M' 'M' 'M' 'M' 'M' 'M' 'M' 'M' 'M' 'M' 'M' 'M' 'M' 'M'
 'M' 'M' 'U' 'M' 'M' 'M' 'M' 'M' 'M' 'U' 'M' 'U' 'U' 'M' 'U' 'M' 'U' 'M'
 'M' 'M' 'M' 'M' 'M' 'M' 'M' 'M' 'U' 'M' 'M' 'M' 'M' 'M' 'M' 'M' 'M' 'M'
 'M' 'M' 'M' 'M' 'M' 'M' 'M' 'U' 'M' 'M' 'M' 'M' 'M' 'M' 'M' 'M' 'U' 'M'
 'M' 'M' 'M' 'M' 'M' 'M' 'U' 'M' 'M' 'M' 'M' 'M' 'M' 'M' 'U' 'M' 'M' 'M'
 'M' 'M' 'M' 'M' 'M' 'U' 'M' 'U' 'M' 'U' 'M' 'U' 'U' 'M' 'M' 'U' 'M' 'U'
 'U' 'U' 'M' 'M' 'M' 'M' 'M' 'M' 'M' 'M' 'M' 'M' 'M' 'M' 'M' 'M' 'U' 'M'
 'M' 'M' 'M' 'M' 'M' 'U' 'M' 'M' 'U' 'M' 'M' 'M' 'U' 'M' 'M' 'M' 'U' 'M'
 'M' 'M' 'M' 'M' 'M' 'M' 'M' 'M' 'M' 'M' 'M' 'M' 'M' 'M' 'M' 'M' 'M' 'M']"
71901,0,169,2,167,29,0,0,"['A' 'M' 'M' 'M' 'M' 'M' 'M' 'M' 'M' 'U' 'M' 'M' 'U' 'M' 'M' 'M' 'M' 'M'
 'M' 'M' 'M' 'M' 'M' 'M' 'M' 'M' 'U' 'M' 'M' 'M' 'M' 'M' 'M' 'M' 'M' 'M'
 'M' 'M' 'M' 'M' 'M' 'M' 'M' 'M' 'M' 'M' 'M' 'M' 'M' 'M' 'M' 'M' 'M' 'M'
 'M' 'M' 'U' 'M' 'M' 'M' 'M' 'M' 'M' 'U' 'M' 'M' 'M' 'U' 'M' 'U' 'M' 'M'
 'M' 'M' 'M' 'M' 'M' 'M' 'M' 'U' 'M' 'M' 'U' 'M' 'M' 'M' 'M' 'M' 'M' 'M'
 'M' 'U' 'M' 'M' 'M' 'M' 'M' 'U' 'M' 'M' 'M' 'M' 'M' 'M' 'M' 'M' 'M' 'M'
 'M' 'M' 'M' 'M' 'M' 'M' 'U' 'M' 'M' 'M' 'M' 'M' 'M' 'M' 'U' 'U' 'M' 'M'
 'M' 'M' 'M' 'M' 'M' 'U' 'U' 'U' 'M' 'M' 'U' 'U' 'U' 'M' 'M' 'U' 'M' 'U'
 'U' 'U' 'M' 'M' 'M' 'M' 'M' 'M' 'M' 'M' 'M' 'M' 'M' 'M' 'M' 'M' 'U' 'M'
 'M' 'M' 'M' 'M' 'U' 'A' 'M' 'M' 'U' 'M' 'M' 'M' 'U' 'M' 'M' 'M' 'M' 'M'
 'M' 'M' 'M' 'M' 'M' 'M' 'M' 'M' 'M' 'M' 'M' 'M' 'M' 'M' 'M' 'M' 'U' 'M']"
72001,0,169,2,167,29,0,0,"['A' 'M' 'M' 'M' 'M' 'M' 'M' 'M' 'M' 'U' 'M' 'M' 'M' 'M' 'M' 'M' 'M' 'M'
 'M' 'M' 'M' 'M' 'M' 'M' 'M' 'M' 'U' 'M' 'M' 'M' 'M' 'M' 'M' 'M' 'M' 'M'
 'M' 'M' 'M' 'M' 'M' 'M' 'M' 'M' 'U' 'M' 'M' 'M' 'M' 'M' 'M' 'M' 'M' 'M'
 'M' 'M' 'M' 'M' 'M' 'M' 'M' 'M' 'U' 'U' 'M' 'M' 'M' 'M' 'M' 'M' 'M' 'M'
 'M' 'M' 'M' 'U' 'M' 'M' 'M' 'M' 'U' 'M' 'M' 'M' 'M' 'U' 'M' 'M' 'M' 'M'
 'U' 'M' 'M' 'M' 'U' 'M' 'M' 'U' 'M' 'M' 'M' 'M' 'M' 'M' 'M' 'M' 'M' 'M'
 'U' 'M' 'M' 'M' 'M' 'M' 'U' 'M' 'M' 'M' 'M' 'M' 'M' 'M' 'M' 'U' 'M' 'M'
 'M' 'M' 'M' 'M' 'M' 'U' 'M' 'U' 'U' 'M' 'U' 'M' 'U' 'M' 'M' 'U' 'M' 'U'
 'M' 'U' 'M' 'M' 'M' 'M' 'M' 'M' 'M' 'M' 'M' 'U' 'M' 'M' 'M' 'M' 'M' 'M'
 'M' 'M' 'M' 'M' 'U' 'A' 'M' 'M' 'U' 'M' 'M' 'M' 'U' 'M' 'M' 'M' 'M' 'M'
 'M' 'U' 'M' 'M' 'M' 'M' 'M' 'M' 'M' 'M' 'M' 'M' 'U' 'M' 'M' 'M' 'U' 'M']"
72101,0,166,1,165,32,0,0,"['A' 'M' 'M' 'M' 'M' 'M' 'M' 'M' 'M' 'M' 'M' 'M' 'M' 'M' 'M' 'M' 'M' 'M'
 'M' 'M' 'U' 'M' 'M' 'M' 'U' 'M' 'U' 'M' 'U' 'M' 'M' 'M' 'M' 'M' 'M' 'M'
 'M' 'M' 'M' 'M' 'M' 'M' 'M' 'M' 'U' 'M' 'M' 'M' 'M' 'M' 'M' 'M' 'M' 'M'
 'M' 'U' 'M' 'M' 'M' 'M' 'M' 'M' 'U' 'U' 'M' 'M' 'M' 'M' 'U' 'M' 'M' 'M'
 'M' 'M' 'U' 'M' 'M' 'M' 'M' 'M' 'M' 'M' 'M' 'M' 'M' 'M' 'U' 'U' 'M' 'M'
 'M' 'M' 'M' 'U' 'M' 'M' 'M' 'U' 'M' 'M' 'M' 'M' 'M' 'M' 'M' 'M' 'M' 'M'
 'U' 'M' 'M' 'M' 'U' 'M' 'U' 'M' 'M' 'M' 'M' 'M' 'M' 'M' 'M' 'U' 'M' 'M'
 'M' 'M' 'M' 'M' 'M' 'U' 'U' 'U' 'U' 'M' 'U' 'M' 'M' 'M' 'M' 'M' 'M' 'U'
 'M' 'U' 'M' 'M' 'M' 'M' 'M' 'M' 'M' 'M' 'M' 'U' 'M' 'M' 'M' 'M' 'M' 'M'
 'M' 'M' 'M' 'M' 'M' 'U' 'M' 'M' 'U' 'M' 'M' 'M' 'U' 'M' 'M' 'M' 'M' 'M'
 'M' 'U' 'M' 'M' 'M' 'M' 'M' 'M' 'M' 'M' 'M' 'M' 'U' 'M' 'M' 'M' 'U' 'M']"
72201,0,161,1,160,37,0,0,"['A' 'M' 'M' 'M' 'M' 'M' 'M' 'M' 'M' 'M' 'U' 'M' 'M' 'M' 'M' 'M' 'M' 'M'
 'M' 'M' 'U' 'M' 'M' 'M' 'U' 'M' 'U' 'M' 'U' 'M' 'M' 'M' 'M' 'M' 'M' 'M'
 'U' 'M' 'M' 'M' 'M' 'M' 'M' 'M' 'U' 'M' 'U' 'M' 'M' 'M' 'M' 'M' 'M' 'M'
 'M' 'U' 'M' 'M' 'M' 'M' 'M' 'M' 'M' 'M' 'M' 'M' 'M' 'M' 'M' 'M' 'M' 'U'
 'M' 'U' 'M' 'M' 'M' 'U' 'M' 'U' 'M' 'M' 'M' 'M' 'M' 'M' 'M' 'M' 'M' 'M'
 'M' 'M' 'U' 'M' 'M' 'M' 'M' 'U' 'U' 'M' 'M' 'M' 'U' 'M' 'M' 'M' 'M' 'M'
 'U' 'M' 'M' 'M' 'M' 'M' 'U' 'M' 'U' 'M' 'M' 'M' 'M' 'M' 'M' 'M' 'M' 'M'
 'M' 'M' 'M' 'M' 'M' 'U' 'U' 'U' 'M' 'U' 'U' 'U' 'U' 'M' 'M' 'M' 'M' 'M'
 'M' 'M' 'M' 'U' 'M' 'M' 'M' 'M' 'M' 'M' 'M' 'U' 'M' 'M' 'M' 'M' 'M' 'M'
 'M' 'M' 'M' 'M' 'M' 'U' 'M' 'M' 'U' 'U' 'M' 'M' 'U' 'M' 'M' 'M' 'M' 'M'
 'U' 'M' 'M' 'M' 'M' 'M' 'M' 'M' 'M' 'M' 'M' 'M' 'U' 'M' 'U' 'M' 'U' 'M']"
72301,0,166,4,162,32,0,0,"['A' 'M' 'M' 'M' 'M' 'M' 'M' 'M' 'M' 'M' 'A' 'M' 'M' 'M' 'M' 'M' 'M' 'M'
 'M' 'M' 'U' 'M' 'M' 'M' 'U' 'M' 'U' 'M' 'U' 'M' 'M' 'M' 'M' 'M' 'M' 'M'
 'M' 'M' 'M' 'M' 'M' 'M' 'M' 'U' 'M' 'M' 'U' 'M' 'M' 'M' 'M' 'M' 'M' 'M'
 'M' 'M' 'M' 'M' 'M' 'M' 'M' 'M' 'M' 'M' 'M' 'M' 'M' 'U' 'M' 'U' 'M' 'M'
 'U' 'M' 'M' 'M' 'M' 'M' 'M' 'M' 'M' 'U' 'M' 'M' 'M' 'M' 'M' 'M' 'M' 'U'
 'M' 'M' 'M' 'M' 'M' 'M' 'M' 'U' 'U' 'M' 'M' 'M' 'M' 'M' 'M' 'M' 'M' 'M'
 'M' 'M' 'M' 'M' 'M' 'M' 'U' 'M' 'M' 'M' 'U' 'M' 'M' 'M' 'M' 'U' 'M' 'M'
 'M' 'M' 'M' 'M' 'M' 'U' 'U' 'U' 'U' 'U' 'M' 'U' 'U' 'M' 'M' 'M' 'M' 'M'
 'M' 'M' 'M' 'A' 'M' 'M' 'M' 'M' 'M' 'M' 'M' 'U' 'M' 'M' 'M' 'M' 'M' 'M'
 'M' 'M' 'M' 'M' 'U' 'U' 'M' 'M' 'U' 'U' 'M' 'M' 'A' 'M' 'M' 'M' 'M' 'M'
 'M' 'M' 'M' 'M' 'M' 'M' 'M' 'M' 'M' 'M' 'M' 'M' 'U' 'M' 'U' 'U' 'U' 'M']"
72401,0,168,5,163,30,0,1,"['A' 'M' 'M' 'M' 'M' 'M' 'M' 'M' 'M' 'M' 'A' 'M' 'M' 'M' 'M' 'M' 'M' 'M'
 'U' 'M' 'M' 'M' 'M' 'M' 'M' 'M' 'U' 'M' 'U' 'M' 'M' 'M' 'M' 'M' 'M' 'M'
 'M' 'M' 'M' 'M' 'M' 'M' 'M' 'U' 'M' 'M' 'U' 'M' 'M' 'M' 'M' 'M' 'M' 'M'
 'M' 'M' 'U' 'M' 'M' 'M' 'M' 'M' 'M' 'M' 'M' 'M' 'M' 'M' 'U' 'M' 'M' 'M'
 'U' 'M' 'M' 'U' 'M' 'M' 'M' 'M' 'M' 'M' 'M' 'M' 'U' 'M' 'M' 'M' 'M' 'M'
 'M' 'M' 'U' 'M' 'M' 'M' 'M' 'U' 'U' 'M' 'M' 'M' 'M' 'M' 'M' 'M' 'M' 'M'
 'M' 'M' 'M' 'M' 'M' 'M' 'A' 'M' 'M' 'M' 'M' 'M' 'M' 'M' 'M' 'U' 'M' 'M'
 'M' 'M' 'M' 'M' 'M' 'M' 'U' 'U' 'U' 'U' 'M' 'U' 'U' 'M' 'M' 'U' 'M' 'M'
 'M' 'M' 'M' 'A' 'M' 'M' 'M' 'M' 'M' 'M' 'M' 'U' 'M' 'M' 'M' 'M' 'M' 'M'
 'M' 'U' 'M' 'M' 'M' 'M' 'M' 'M' 'U' 'U' 'M' 'M' 'A' 'M' 'M' 'M' 'M' 'M'
 'U' 'M' 'M' 'M' 'M' 'M' 'M' 'M' 'M' 'M' 'M' 'U' 'U' 'M' 'U' 'U' 'M' 'M']"
72501,0,167,6,161,31,0,1,"['A' 'M' 'M' 'M' 'M' 'M' 'M' 'M' 'M' 'M' 'A' 'M' 'M' 'M' 'M' 'M' 'M' 'M'
 'M' 'M' 'M' 'M' 'M' 'M' 'M' 'M' 'A' 'M' 'U' 'M' 'M' 'M' 'M' 'M' 'M' 'M'
 'M' 'M' 'M' 'M' 'M' 'M' 'M' 'M' 'M' 'M' 'U' 'M' 'M' 'U' 'M' 'M' 'U' 'M'
 'U' 'M' 'U' 'M' 'M' 'M' 'M' 'M' 'M' 'M' 'M' 'M' 'M' 'M' 'M' 'U' 'M' 'M'
 'M' 'M' 'M' 'M' 'M' 'M' 'U' 'U' 'U' 'U' 'M' 'M' 'M' 'M' 'M' 'M' 'M' 'M'
 'M' 'M' 'M' 'M' 'M' 'M' 'M' 'M' 'A' 'M' 'M' 'M' 'M' 'M' 'M' 'M' 'M' 'M'
 'M' 'M' 'M' 'M' 'M' 'M' 'A' 'M' 'M' 'M' 'M' 'M' 'M' 'M' 'U' 'M' 'U' 'M'
 'M' 'M' 'M' 'M' 'M' 'U' 'U' 'U' 'U' 'U' 'U' 'U' 'U' 'M' 'U' 'M' 'M' 'M'
 'M' 'M' 'M' 'A' 'M' 'M' 'M' 'M' 'M' 'M' 'M' 'U' 'M' 'M' 'M' 'M' 'M' 'M'
 'M' 'U' 'M' 'M' 'M' 'M' 'M' 'M' 'U' 'M' 'M' 'M' 'U' 'M' 'M' 'M' 'U' 'M'
 'U' 'M' 'M' 'M' 'M' 'M' 'M' 'M' 'M' 'M' 'M' 'U' 'U' 'M' 'U' 'M' 'M' 'M']"
72601,0,162,5,157,36,0,0,"['A' 'M' 'M' 'M' 'M' 'M' 'M' 'M' 'M' 'M' 'A' 'M' 'M' 'M' 'M' 'M' 'M' 'M'
 'M' 'M' 'M' 'M' 'M' 'M' 'M' 'M' 'A' 'M' 'M' 'M' 'U' 'M' 'M' 'M' 'M' 'M'
 'M' 'M' 'M' 'M' 'M' 'M' 'M' 'M' 'U' 'M' 'U' 'M' 'M' 'U' 'M' 'M' 'A' 'M'
 'M' 'U' 'U' 'M' 'M' 'M' 'M' 'M' 'M' 'M' 'M' 'U' 'M' 'U' 'M' 'M' 'M' 'M'
 'M' 'U' 'M' 'M' 'U' 'M' 'M' 'U' 'M' 'M' 'M' 'M' 'M' 'M' 'M' 'M' 'M' 'M'
 'M' 'M' 'M' 'M' 'M' 'M' 'M' 'M' 'U' 'M' 'M' 'M' 'M' 'M' 'U' 'M' 'M' 'M'
 'M' 'M' 'U' 'M' 'M' 'M' 'A' 'M' 'M' 'M' 'M' 'M' 'M' 'M' 'U' 'M' 'U' 'M'
 'M' 'M' 'U' 'M' 'M' 'M' 'U' 'M' 'U' 'U' 'M' 'U' 'M' 'M' 'U' 'U' 'M' 'M'
 'M' 'M' 'M' 'M' 'M' 'M' 'M' 'M' 'M' 'M' 'M' 'U' 'U' 'M' 'M' 'M' 'M' 'M'
 'U' 'U' 'M' 'M' 'M' 'M' 'M' 'M' 'U' 'M' 'M' 'M' 'U' 'M' 'M' 'M' 'U' 'M'
 'U' 'M' 'M' 'U' 'M' 'M' 'M' 'M' 'M' 'M' 'M' 'U' 'U' 'M' 'U' 'M' 'U' 'M']"
72701,0,160,6,154,38,0,0,"['A' 'M' 'M' 'M' 'M' 'M' 'M' 'M' 'M' 'M' 'A' 'M' 'M' 'M' 'U' 'M' 'M' 'M'
 'M' 'M' 'M' 'M' 'M' 'M' 'M' 'M' 'A' 'M' 'M' 'M' 'U' 'M' 'M' 'M' 'U' 'M'
 'M' 'M' 'M' 'M' 'M' 'M' 'M' 'M' 'A' 'M' 'U' 'U' 'M' 'U' 'M' 'M' 'A' 'M'
 'U' 'U' 'U' 'M' 'M' 'M' 'M' 'U' 'M' 'M' 'U' 'M' 'M' 'M' 'M' 'M' 'M' 'U'
 'M' 'M' 'M' 'M' 'M' 'U' 'M' 'M' 'M' 'M' 'M' 'U' 'M' 'M' 'U' 'U' 'M' 'M'
 'M' 'M' 'M' 'M' 'M' 'M' 'M' 'M' 'M' 'M' 'M' 'M' 'M' 'M' 'M' 'U' 'M' 'M'
 'M' 'M' 'M' 'M' 'M' 'M' 'A' 'M' 'M' 'M' 'M' 'M' 'M' 'U' 'U' 'M' 'U' 'M'
 'U' 'M' 'U' 'M' 'M' 'M' 'U' 'M' 'U' 'U' 'M' 'M' 'M' 'M' 'U' 'U' 'U' 'M'
 'M' 'M' 'M' 'M' 'M' 'M' 'M' 'M' 'M' 'M' 'M' 'M' 'M' 'M' 'M' 'M' 'M' 'M'
 'U' 'U' 'M' 'M' 'M' 'U' 'M' 'M' 'U' 'M' 'M' 'M' 'U' 'M' 'M' 'M' 'U' 'M'
 'U' 'M' 'M' 'U' 'M' 'M' 'M' 'M' 'M' 'M' 'M' 'U' 'U' 'M' 'M' 'M' 'M' 'M']"
72801,0,157,7,150,41,0,0,"['A' 'M' 'U' 'M' 'M' 'M' 'M' 'M' 'M' 'M' 'A' 'M' 'M' 'M' 'U' 'M' 'M' 'M'
 'M' 'M' 'M' 'M' 'M' 'M' 'M' 'M' 'A' 'M' 'M' 'M' 'U' 'M' 'M' 'M' 'U' 'M'
 'M' 'M' 'M' 'M' 'M' 'U' 'M' 'M' 'A' 'M' 'U' 'U' 'M' 'U' 'M' 'M' 'A' 'M'
 'U' 'U' 'U' 'M' 'M' 'M' 'M' 'U' 'M' 'U' 'M' 'M' 'M' 'M' 'M' 'M' 'M' 'M'
 'M' 'M' 'U' 'M' 'M' 'M' 'M' 'M' 'M' 'M' 'M' 'U' 'M' 'U' 'M' 'U' 'U' 'M'
 'M' 'M' 'M' 'M' 'M' 'M' 'U' 'M' 'M' 'M' 'M' 'M' 'M' 'M' 'M' 'U' 'M' 'M'
 'U' 'M' 'M' 'M' 'M' 'M' 'A' 'M' 'M' 'M' 'M' 'M' 'M' 'U' 'U' 'M' 'U' 'M'
 'U' 'M' 'U' 'M' 'M' 'M' 'U' 'M' 'U' 'M' 'U' 'M' 'M' 'M' 'M' 'U' 'U' 'M'
 'M' 'M' 'M' 'M' 'M' 'M' 'M' 'M' 'M' 'M' 'M' 'M' 'M' 'M' 'U' 'M' 'M' 'M'
 'U' 'U' 'M' 'M' 'M' 'U' 'M' 'M' 'U' 'M' 'M' 'M' 'U' 'U' 'M' 'M' 'U' 'M'
 'U' 'M' 'M' 'U' 'M' 'M' 'M' 'M' 'M' 'M' 'M' 'M' 'A' 'M' 'M' 'M' 'M' 'M']"
72901,0,154,7,147,44,0,0,"['A' 'M' 'U' 'M' 'M' 'M' 'M' 'U' 'M' 'M' 'A' 'M' 'M' 'M' 'U' 'M' 'M' 'M'
 'M' 'M' 'U' 'M' 'M' 'M' 'M' 'U' 'A' 'M' 'M' 'M' 'U' 'M' 'M' 'M' 'M' 'M'
 'M' 'M' 'M' 'M' 'M' 'U' 'M' 'M' 'A' 'M' 'U' 'M' 'M' 'M' 'M' 'M' 'A' 'M'
 'U' 'U' 'U' 'M' 'M' 'M' 'M' 'M' 'M' 'U' 'M' 'M' 'M' 'M' 'M' 'U' 'M' 'M'
 'M' 'U' 'M' 'M' 'M' 'M' 'U' 'U' 'M' 'M' 'M' 'U' 'M' 'M' 'M' 'M' 'M' 'M'
 'M' 'M' 'M' 'M' 'M' 'M' 'U' 'M' 'M' 'M' 'M' 'M' 'M' 'M' 'M' 'U' 'M' 'M'
 'M' 'M' 'M' 'M' 'M' 'M' 'A' 'M' 'M' 'M' 'M' 'M' 'M' 'U' 'U' 'M' 'U' 'M'
 'U' 'M' 'U' 'M' 'M' 'U' 'U' 'U' 'U' 'U' 'U' 'U' 'U' 'M' 'M' 'U' 'M' 'M'
 'M' 'M' 'M' 'M' 'M' 'M' 'M' 'M' 'M' 'M' 'M' 'M' 'M' 'M' 'U' 'M' 'U' 'M'
 'U' 'U' 'M' 'M' 'U' 'U' 'M' 'M' 'U' 'M' 'M' 'M' 'U' 'A' 'M' 'M' 'U' 'M'
 'M' 'M' 'M' 'U' 'M' 'M' 'M' 'M' 'M' 'M' 'M' 'M' 'U' 'M' 'M' 'M' 'M' 'M']"
73001,1,157,6,151,41,0,0,"['A' 'M' 'M' 'M' 'M' 'M' 'M' 'U' 'M' 'M' 'A' 'M' 'M' 'M' 'M' 'M' 'M' 'M'
 'M' 'M' 'M' 'M' 'M' 'M' 'M' 'U' 'U' 'M' 'U' 'M' 'U' 'M' 'M' 'M' 'M' 'M'
 'M' 'M' 'M' 'U' 'M' 'U' 'U' 'M' 'A' 'M' 'U' 'M' 'U' 'M' 'M' 'M' 'A' 'M'
 'U' 'M' 'M' 'M' 'M' 'M' 'M' 'M' 'M' 'U' 'M' 'M' 'M' 'M' 'M' 'M' 'M' 'M'
 'U' 'M' 'M' 'M' 'M' 'M' 'M' 'U' 'M' 'U' 'M' 'M' 'M' 'U' 'M' 'M' 'M' 'M'
 'U' 'M' 'M' 'M' 'M' 'M' 'M' 'M' 'U' 'M' 'M' 'M' 'M' 'M' 'M' 'U' 'M' 'U'
 'M' 'M' 'M' 'M' 'M' 'M' 'U' 'M' 'M' 'M' 'M' 'M' 'M' 'U' 'U' 'M' 'M' 'M'
 'U' 'U' 'M' 'M' 'M' 'U' 'U' 'U' 'M' 'U' 'U' 'U' 'M' 'M' 'M' 'U' 'M' 'M'
 'M' 'M' 'M' 'M' 'M' 'M' 'M' 'M' 'M' 'M' 'M' 'M' 'M' 'M' 'M' 'M' 'U' 'U'
 'U' 'A' 'M' 'M' 'U' 'U' 'M' 'M' 'U' 'M' 'M' 'M' 'U' 'A' 'M' 'M' 'U' 'M'
 'M' 'M' 'M' 'M' 'M' 'M' 'M' 'M' 'M' 'M' 'M' 'M' 'U' 'M' 'M' 'M' 'M' 'M']"
73101,0,152,6,146,46,0,0,"['A' 'M' 'M' 'M' 'M' 'M' 'M' 'U' 'M' 'M' 'A' 'M' 'M' 'M' 'M' 'M' 'M' 'M'
 'M' 'M' 'U' 'M' 'M' 'M' 'M' 'U' 'U' 'U' 'U' 'M' 'U' 'M' 'M' 'M' 'M' 'M'
 'M' 'M' 'M' 'U' 'M' 'U' 'U' 'M' 'U' 'M' 'U' 'M' 'U' 'M' 'M' 'M' 'A' 'M'
 'M' 'M' 'M' 'M' 'U' 'M' 'M' 'U' 'M' 'M' 'M' 'M' 'M' 'U' 'M' 'M' 'U' 'M'
 'M' 'M' 'U' 'M' 'M' 'M' 'M' 'U' 'M' 'M' 'U' 'M' 'M' 'M' 'M' 'M' 'M' 'M'
 'M' 'M' 'M' 'M' 'M' 'M' 'M' 'M' 'U' 'M' 'M' 'M' 'M' 'M' 'M' 'U' 'M' 'U'
 'M' 'U' 'U' 'M' 'M' 'M' 'U' 'M' 'M' 'U' 'M' 'M' 'M' 'U' 'M' 'U' 'M' 'M'
 'U' 'U' 'M' 'M' 'M' 'M' 'U' 'U' 'U' 'U' 'U' 'U' 'U' 'M' 'M' 'M' 'M' 'M'
 'M' 'M' 'M' 'M' 'U' 'M' 'M' 'M' 'M' 'M' 'M' 'M' 'M' 'M' 'M' 'M' 'U' 'U'
 'U' 'A' 'M' 'M' 'U' 'M' 'M' 'M' 'U' 'M' 'M' 'M' 'A' 'A' 'M' 'M' 'U' 'M'
 'M' 'M' 'M' 'M' 'M' 'M' 'M' 'M' 'M' 'M' 'M' 'M' 'U' 'M' 'M' 'M' 'M' 'M']"
73201,0,150,3,147,48,1,0,"['A' 'M' 'M' 'M' 'M' 'M' 'M' 'U' 'M' 'M' 'U' 'M' 'M' 'M' 'M' 'M' 'M' 'M'
 'M' 'M' 'U' 'M' 'M' 'M' 'M' 'U' 'M' 'U' 'U' 'M' 'U' 'M' 'M' 'M' 'M' 'M'
 'M' 'M' 'M' 'A' 'M' 'U' 'M' 'M' 'U' 'M' 'M' 'M' 'M' 'M' 'M' 'M' 'U' 'M'
 'M' 'M' 'M' 'M' 'U' 'M' 'M' 'U' 'M' 'M' 'M' 'M' 'U' 'M' 'M' 'M' 'M' 'M'
 'M' 'M' 'M' 'M' 'M' 'U' 'U' 'M' 'M' 'M' 'U' 'M' 'M' 'U' 'M' 'M' 'M' 'M'
 'M' 'M' 'M' 'M' 'M' 'M' 'M' 'M' 'U' 'M' 'M' 'M' 'M' 'M' 'M' 'U' 'M' 'U'
 'M' 'U' 'U' 'M' 'M' 'M' 'U' 'M' 'M' 'U' 'M' 'M' 'M' 'U' 'M' 'U' 'M' 'M'
 'U' 'M' 'M' 'M' 'M' 'M' 'U' 'U' 'U' 'M' 'U' 'U' 'U' 'M' 'M' 'M' 'M' 'M'
 'M' 'U' 'M' 'M' 'M' 'M' 'M' 'M' 'M' 'M' 'M' 'U' 'M' 'M' 'M' 'U' 'U' 'U'
 'U' 'A' 'M' 'M' 'U' 'M' 'M' 'M' 'U' 'M' 'M' 'M' 'U' 'U' 'M' 'U' 'U' 'M'
 'M' 'M' 'M' 'M' 'M' 'M' 'M' 'M' 'M' 'M' 'U' 'M' 'U' 'M' 'M' 'U' 'M' 'M']"
73301,0,152,3,149,46,0,0,"['A' 'M' 'M' 'M' 'M' 'M' 'M' 'U' 'U' 'M' 'M' 'M' 'M' 'M' 'M' 'M' 'M' 'U'
 'M' 'M' 'U' 'M' 'M' 'M' 'M' 'U' 'M' 'U' 'U' 'M' 'M' 'M' 'M' 'M' 'M' 'M'
 'M' 'M' 'M' 'A' 'M' 'U' 'M' 'M' 'U' 'M' 'M' 'M' 'M' 'M' 'M' 'M' 'U' 'M'
 'M' 'M' 'U' 'M' 'U' 'U' 'M' 'U' 'M' 'M' 'M' 'M' 'M' 'M' 'M' 'M' 'M' 'M'
 'M' 'M' 'M' 'M' 'M' 'M' 'M' 'M' 'M' 'M' 'U' 'U' 'U' 'M' 'M' 'U' 'M' 'M'
 'M' 'M' 'U' 'M' 'M' 'M' 'M' 'M' 'M' 'M' 'M' 'M' 'M' 'U' 'M' 'U' 'M' 'U'
 'M' 'M' 'U' 'M' 'M' 'M' 'U' 'M' 'M' 'U' 'M' 'M' 'M' 'A' 'M' 'U' 'M' 'M'
 'U' 'M' 'M' 'M' 'M' 'M' 'U' 'U' 'M' 'M' 'U' 'M' 'U' 'M' 'M' 'M' 'M' 'M'
 'M' 'M' 'M' 'M' 'M' 'M' 'M' 'M' 'U' 'M' 'M' 'U' 'M' 'M' 'M' 'U' 'U' 'M'
 'M' 'U' 'M' 'M' 'U' 'M' 'M' 'M' 'U' 'M' 'M' 'M' 'U' 'U' 'M' 'U' 'U' 'U'
 'M' 'M' 'M' 'M' 'M' 'M' 'M' 'M' 'M' 'M' 'U' 'M' 'M' 'M' 'M' 'U' 'U' 'M']"
73401,0,159,5,154,39,0,0,"['A' 'M' 'M' 'M' 'M' 'M' 'M' 'U' 'U' 'M' 'M' 'M' 'M' 'M' 'M' 'M' 'M' 'U'
 'M' 'M' 'U' 'M' 'M' 'M' 'M' 'M' 'U' 'U' 'M' 'M' 'M' 'M' 'M' 'M' 'M' 'M'
 'M' 'M' 'M' 'A' 'M' 'M' 'M' 'M' 'U' 'M' 'M' 'M' 'M' 'M' 'M' 'M' 'U' 'M'
 'M' 'M' 'M' 'M' 'U' 'U' 'M' 'M' 'M' 'M' 'M' 'M' 'M' 'M' 'M' 'M' 'U' 'M'
 'U' 'M' 'M' 'M' 'M' 'U' 'M' 'U' 'M' 'M' 'M' 'M' 'U' 'M' 'M' 'M' 'M' 'M'
 'M' 'M' 'M' 'M' 'M' 'M' 'M' 'M' 'M' 'M' 'M' 'M' 'M' 'U' 'M' 'U' 'M' 'U'
 'M' 'M' 'U' 'M' 'M' 'M' 'U' 'M' 'M' 'U' 'M' 'M' 'M' 'A' 'M' 'U' 'M' 'M'
 'U' 'M' 'M' 'M' 'M' 'M' 'U' 'M' 'U' 'U' 'M' 'U' 'M' 'M' 'M' 'M' 'M' 'M'
 'M' 'M' 'M' 'M' 'M' 'M' 'M' 'M' 'U' 'M' 'M' 'M' 'M' 'M' 'M' 'U' 'M' 'M'
 'M' 'U' 'M' 'M' 'A' 'M' 'M' 'M' 'A' 'M' 'M' 'M' 'U' 'U' 'M' 'U' 'U' 'U'
 'M' 'U' 'M' 'M' 'M' 'U' 'M' 'M' 'M' 'M' 'M' 'M' 'M' 'M' 'M' 'U' 'U' 'M']"
73501,0,159,5,154,39,0,1,"['A' 'M' 'M' 'M' 'M' 'M' 'M' 'M' 'U' 'M' 'M' 'M' 'M' 'M' 'M' 'M' 'M' 'U'
 'M' 'M' 'U' 'M' 'M' 'U' 'M' 'M' 'M' 'U' 'M' 'M' 'M' 'M' 'M' 'M' 'M' 'M'
 'M' 'M' 'M' 'A' 'M' 'M' 'M' 'M' 'U' 'M' 'M' 'M' 'M' 'M' 'M' 'U' 'U' 'U'
 'M' 'M' 'M' 'M' 'U' 'M' 'M' 'M' 'M' 'M' 'M' 'U' 'M' 'M' 'M' 'M' 'U' 'M'
 'M' 'M' 'U' 'M' 'M' 'M' 'M' 'M' 'U' 'M' 'M' 'M' 'U' 'M' 'M' 'M' 'M' 'M'
 'M' 'M' 'M' 'M' 'M' 'M' 'M' 'U' 'M' 'M' 'M' 'M' 'M' 'U' 'M' 'U' 'M' 'U'
 'M' 'M' 'U' 'M' 'M' 'M' 'U' 'M' 'M' 'U' 'M' 'M' 'M' 'A' 'M' 'U' 'M' 'M'
 'U' 'M' 'M' 'M' 'M' 'M' 'U' 'M' 'U' 'U' 'M' 'M' 'M' 'M' 'M' 'M' 'M' 'M'
 'M' 'M' 'M' 'U' 'M' 'M' 'M' 'M' 'M' 'M' 'M' 'M' 'M' 'M' 'M' 'U' 'M' 'M'
 'M' 'M' 'M' 'M' 'A' 'M' 'M' 'M' 'A' 'M' 'M' 'M' 'U' 'U' 'M' 'U' 'U' 'U'
 'M' 'U' 'M' 'M' 'M' 'U' 'M' 'M' 'M' 'M' 'M' 'M' 'M' 'U' 'M' 'U' 'U' 'M']"
73601,0,159,4,155,39,0,0,"['A' 'M' 'M' 'M' 'M' 'U' 'M' 'M' 'A' 'U' 'M' 'M' 'M' 'M' 'M' 'M' 'M' 'U'
 'M' 'M' 'U' 'M' 'M' 'U' 'M' 'U' 'M' 'U' 'M' 'M' 'M' 'U' 'M' 'M' 'M' 'M'
 'M' 'M' 'M' 'U' 'M' 'M' 'M' 'M' 'U' 'M' 'M' 'M' 'M' 'M' 'M' 'M' 'U' 'U'
 'M' 'U' 'M' 'M' 'U' 'M' 'M' 'M' 'M' 'M' 'M' 'M' 'M' 'M' 'M' 'M' 'M' 'M'
 'U' 'U' 'M' 'M' 'M' 'M' 'U' 'M' 'M' 'M' 'U' 'M' 'M' 'M' 'M' 'M' 'M' 'M'
 'M' 'U' 'M' 'M' 'M' 'M' 'M' 'U' 'M' 'M' 'M' 'M' 'M' 'U' 'M' 'M' 'U' 'U'
 'M' 'M' 'M' 'M' 'M' 'M' 'U' 'M' 'M' 'U' 'M' 'M' 'M' 'A' 'M' 'U' 'M' 'M'
 'U' 'M' 'M' 'M' 'M' 'M' 'U' 'M' 'M' 'U' 'M' 'M' 'M' 'M' 'M' 'U' 'M' 'M'
 'M' 'M' 'M' 'M' 'M' 'M' 'M' 'U' 'M' 'M' 'M' 'M' 'M' 'M' 'M' 'M' 'M' 'M'
 'M' 'M' 'M' 'M' 'U' 'M' 'M' 'U' 'A' 'M' 'M' 'M' 'M' 'U' 'M' 'U' 'U' 'U'
 'M' 'M' 'M' 'M' 'M' 'U' 'M' 'M' 'M' 'M' 'M' 'M' 'M' 'U' 'M' 'M' 'M' 'M']"
73701,0,161,4,157,37,0,0,"['A' 'M' 'M' 'M' 'M' 'U' 'M' 'M' 'A' 'U' 'M' 'M' 'M' 'M' 'M' 'M' 'M' 'M'
 'M' 'M' 'M' 'M' 'M' 'U' 'U' 'U' 'U' 'U' 'M' 'M' 'M' 'M' 'M' 'M' 'M' 'M'
 'M' 'M' 'M' 'U' 'M' 'M' 'M' 'M' 'M' 'M' 'M' 'M' 'M' 'M' 'M' 'M' 'U' 'U'
 'M' 'M' 'M' 'M' 'U' 'M' 'M' 'M' 'M' 'M' 'M' 'M' 'U' 'M' 'M' 'M' 'M' 'M'
 'M' 'U' 'M' 'M' 'M' 'M' 'M' 'U' 'M' 'M' 'M' 'M' 'M' 'U' 'M' 'M' 'M' 'M'
 'U' 'M' 'M' 'M' 'M' 'M' 'M' 'U' 'M' 'M' 'M' 'M' 'M' 'U' 'M' 'M' 'M' 'U'
 'M' 'M' 'M' 'M' 'M' 'M' 'U' 'M' 'M' 'A' 'M' 'M' 'M' 'U' 'M' 'M' 'M' 'M'
 'U' 'M' 'M' 'M' 'M' 'M' 'U' 'M' 'U' 'U' 'U' 'U' 'U' 'M' 'M' 'U' 'M' 'M'
 'M' 'M' 'M' 'M' 'M' 'M' 'U' 'U' 'M' 'M' 'U' 'M' 'M' 'M' 'M' 'M' 'M' 'M'
 'M' 'M' 'M' 'M' 'U' 'M' 'M' 'U' 'A' 'M' 'M' 'M' 'M' 'U' 'M' 'M' 'U' 'U'
 'M' 'M' 'M' 'M' 'M' 'M' 'M' 'M' 'M' 'M' 'M' 'M' 'M' 'M' 'M' 'M' 'M' 'M']"
73801,0,161,3,158,37,0,0,"['A' 'M' 'M' 'M' 'M' 'U' 'M' 'M' 'U' 'M' 'M' 'M' 'M' 'M' 'M' 'M' 'M' 'M'
 'M' 'M' 'M' 'M' 'M' 'M' 'U' 'U' 'U' 'U' 'M' 'M' 'M' 'M' 'M' 'M' 'M' 'M'
 'M' 'M' 'U' 'M' 'M' 'M' 'M' 'M' 'M' 'M' 'M' 'U' 'M' 'M' 'M' 'M' 'U' 'U'
 'M' 'M' 'M' 'M' 'U' 'M' 'M' 'M' 'U' 'M' 'M' 'M' 'M' 'M' 'U' 'M' 'M' 'M'
 'M' 'M' 'M' 'M' 'M' 'M' 'U' 'M' 'M' 'M' 'M' 'M' 'M' 'U' 'U' 'U' 'M' 'M'
 'M' 'M' 'M' 'M' 'M' 'M' 'M' 'U' 'M' 'M' 'M' 'M' 'M' 'U' 'M' 'M' 'M' 'U'
 'M' 'M' 'M' 'M' 'M' 'M' 'U' 'M' 'M' 'A' 'M' 'M' 'M' 'U' 'M' 'M' 'M' 'M'
 'U' 'M' 'M' 'M' 'M' 'M' 'U' 'M' 'M' 'U' 'U' 'U' 'U' 'M' 'M' 'U' 'M' 'M'
 'M' 'M' 'M' 'M' 'M' 'M' 'U' 'U' 'M' 'U' 'U' 'M' 'M' 'M' 'M' 'M' 'M' 'M'
 'M' 'M' 'M' 'M' 'M' 'M' 'M' 'M' 'A' 'M' 'M' 'M' 'M' 'U' 'M' 'M' 'U' 'U'
 'M' 'M' 'M' 'M' 'M' 'U' 'M' 'M' 'M' 'M' 'M' 'M' 'M' 'M' 'M' 'M' 'M' 'M']"
73901,0,160,3,157,38,0,0,"['A' 'M' 'M' 'M' 'M' 'M' 'M' 'M' 'U' 'M' 'M' 'M' 'M' 'M' 'M' 'M' 'M' 'M'
 'M' 'M' 'M' 'M' 'M' 'M' 'U' 'U' 'M' 'U' 'M' 'M' 'M' 'U' 'M' 'M' 'M' 'M'
 'M' 'M' 'U' 'M' 'M' 'M' 'M' 'M' 'M' 'M' 'M' 'U' 'M' 'U' 'M' 'M' 'U' 'U'
 'U' 'M' 'M' 'M' 'U' 'M' 'M' 'M' 'U' 'M' 'M' 'M' 'M' 'M' 'M' 'M' 'M' 'M'
 'M' 'M' 'U' 'M' 'M' 'M' 'M' 'M' 'M' 'M' 'M' 'U' 'M' 'U' 'M' 'U' 'M' 'M'
 'M' 'M' 'M' 'U' 'M' 'M' 'M' 'M' 'M' 'M' 'M' 'M' 'U' 'U' 'M' 'M' 'M' 'M'
 'M' 'M' 'M' 'M' 'M' 'M' 'U' 'M' 'M' 'A' 'M' 'M' 'M' 'U' 'M' 'M' 'M' 'M'
 'U' 'M' 'M' 'M' 'M' 'M' 'U' 'M' 'M' 'U' 'U' 'U' 'U' 'M' 'M' 'M' 'M' 'M'
 'M' 'M' 'M' 'M' 'M' 'M' 'U' 'U' 'M' 'U' 'U' 'U' 'M' 'M' 'M' 'M' 'M' 'M'
 'M' 'M' 'M' 'M' 'M' 'M' 'M' 'M' 'A' 'M' 'M' 'M' 'M' 'U' 'M' 'M' 'U' 'M'
 'M' 'M' 'M' 'M' 'M' 'U' 'U' 'M' 'M' 'M' 'M' 'M' 'U' 'M' 'M' 'M' 'M' 'M']"
74001,0,168,3,165,30,0,0,"['A' 'M' 'M' 'M' 'U' 'M' 'M' 'M' 'U' 'M' 'M' 'M' 'M' 'M' 'M' 'M' 'M' 'M'
 'M' 'M' 'M' 'M' 'M' 'M' 'U' 'U' 'M' 'M' 'M' 'M' 'U' 'M' 'M' 'M' 'M' 'M'
 'M' 'M' 'U' 'M' 'M' 'M' 'M' 'M' 'M' 'M' 'M' 'U' 'U' 'M' 'M' 'M' 'U' 'M'
 'U' 'M' 'M' 'M' 'U' 'M' 'M' 'M' 'M' 'M' 'M' 'U' 'M' 'M' 'M' 'M' 'M' 'U'
 'M' 'M' 'M' 'M' 'M' 'U' 'M' 'U' 'M' 'M' 'U' 'M' 'M' 'M' 'M' 'M' 'M' 'M'
 'M' 'M' 'M' 'M' 'M' 'M' 'M' 'M' 'M' 'M' 'M' 'M' 'U' 'U' 'M' 'M' 'M' 'M'
 'M' 'M' 'M' 'U' 'M' 'M' 'M' 'M' 'M' 'A' 'M' 'M' 'M' 'U' 'M' 'M' 'M' 'M'
 'U' 'M' 'M' 'M' 'M' 'M' 'M' 'M' 'M' 'M' 'M' 'U' 'U' 'M' 'M' 'M' 'M' 'M'
 'M' 'M' 'M' 'M' 'M' 'M' 'M' 'U' 'M' 'M' 'U' 'U' 'M' 'M' 'M' 'M' 'M' 'M'
 'M' 'M' 'M' 'M' 'M' 'M' 'M' 'M' 'A' 'M' 'M' 'M' 'M' 'U' 'M' 'M' 'M' 'M'
 'M' 'M' 'M' 'M' 'M' 'U' 'U' 'M' 'M' 'M' 'M' 'M' 'U' 'M' 'M' 'M' 'M' 'M']"
74101,0,163,2,161,35,0,0,"['A' 'U' 'M' 'M' 'U' 'M' 'M' 'M' 'U' 'M' 'M' 'M' 'M' 'M' 'M' 'M' 'M' 'M'
 'M' 'M' 'M' 'M' 'M' 'M' 'U' 'M' 'M' 'M' 'M' 'M' 'U' 'M' 'M' 'M' 'M' 'M'
 'M' 'M' 'U' 'M' 'M' 'M' 'M' 'M' 'M' 'M' 'M' 'U' 'U' 'M' 'M' 'M' 'U' 'M'
 'U' 'M' 'M' 'M' 'U' 'M' 'M' 'M' 'U' 'M' 'M' 'M' 'M' 'M' 'M' 'U' 'U' 'M'
 'U' 'M' 'M' 'M' 'M' 'M' 'M' 'M' 'M' 'U' 'M' 'M' 'M' 'M' 'U' 'M' 'M' 'M'
 'M' 'M' 'M' 'M' 'M' 'M' 'M' 'M' 'M' 'M' 'M' 'M' 'M' 'U' 'M' 'M' 'M' 'M'
 'M' 'M' 'M' 'U' 'M' 'M' 'M' 'M' 'M' 'A' 'M' 'U' 'U' 'M' 'M' 'U' 'U' 'M'
 'U' 'M' 'M' 'M' 'M' 'M' 'M' 'M' 'M' 'M' 'U' 'M' 'U' 'M' 'M' 'M' 'M' 'M'
 'M' 'M' 'M' 'U' 'M' 'M' 'M' 'U' 'M' 'M' 'U' 'M' 'M' 'M' 'M' 'M' 'M' 'M'
 'M' 'U' 'M' 'M' 'M' 'M' 'M' 'M' 'U' 'M' 'M' 'M' 'M' 'U' 'M' 'M' 'M' 'M'
 'U' 'M' 'M' 'M' 'M' 'U' 'M' 'M' 'M' 'M' 'M' 'M' 'U' 'M' 'M' 'M' 'M' 'M']"
74201,0,167,2,165,31,0,0,"['A' 'M' 'M' 'M' 'U' 'M' 'M' 'M' 'U' 'M' 'M' 'M' 'M' 'M' 'M' 'U' 'M' 'M'
 'M' 'M' 'M' 'M' 'M' 'M' 'U' 'M' 'M' 'M' 'M' 'M' 'U' 'M' 'M' 'M' 'M' 'M'
 'M' 'M' 'U' 'M' 'M' 'M' 'M' 'M' 'M' 'M' 'M' 'M' 'M' 'M' 'M' 'M' 'U' 'M'
 'U' 'M' 'M' 'M' 'U' 'M' 'M' 'M' 'U' 'M' 'M' 'M' 'M' 'M' 'M' 'U' 'M' 'M'
 'M' 'U' 'M' 'M' 'M' 'M' 'M' 'M' 'M' 'M' 'U' 'M' 'M' 'U' 'M' 'M' 'M' 'M'
 'M' 'M' 'U' 'M' 'M' 'M' 'M' 'M' 'M' 'M' 'M' 'M' 'M' 'M' 'U' 'M' 'M' 'U'
 'M' 'M' 'M' 'M' 'M' 'M' 'M' 'M' 'M' 'A' 'M' 'U' 'M' 'M' 'M' 'M' 'U' 'M'
 'U' 'M' 'M' 'M' 'M' 'M' 'M' 'M' 'M' 'M' 'U' 'M' 'U' 'M' 'U' 'M' 'M' 'M'
 'M' 'M' 'M' 'U' 'M' 'U' 'M' 'U' 'M' 'M' 'U' 'M' 'M' 'M' 'M' 'M' 'M' 'M'
 'M' 'M' 'M' 'M' 'M' 'M' 'M' 'M' 'U' 'M' 'M' 'M' 'M' 'U' 'M' 'M' 'M' 'M'
 'U' 'M' 'M' 'M' 'M' 'M' 'M' 'M' 'M' 'M' 'M' 'M' 'U' 'M' 'M' 'M' 'M' 'M']"
74301,0,172,3,169,26,0,0,"['A' 'M' 'M' 'M' 'U' 'M' 'M' 'M' 'M' 'M' 'M' 'M' 'M' 'M' 'M' 'U' 'M' 'M'
 'M' 'M' 'M' 'M' 'M' 'U' 'U' 'M' 'M' 'M' 'M' 'M' 'U' 'M' 'M' 'M' 'M' 'M'
 'M' 'M' 'U' 'M' 'M' 'M' 'M' 'M' 'M' 'M' 'M' 'M' 'M' 'M' 'M' 'M' 'M' 'M'
 'U' 'M' 'M' 'M' 'M' 'M' 'M' 'M' 'U' 'M' 'M' 'M' 'U' 'M' 'M' 'M' 'M' 'U'
 'M' 'M' 'M' 'M' 'M' 'M' 'M' 'M' 'M' 'M' 'M' 'U' 'M' 'U' 'M' 'M' 'M' 'M'
 'M' 'M' 'M' 'M' 'U' 'M' 'M' 'M' 'M' 'M' 'M' 'M' 'M' 'M' 'M' 'M' 'M' 'U'
 'M' 'M' 'M' 'M' 'M' 'M' 'M' 'M' 'M' 'A' 'M' 'U' 'M' 'M' 'M' 'M' 'U' 'M'
 'U' 'M' 'M' 'M' 'M' 'M' 'M' 'M' 'M' 'M' 'U' 'M' 'U' 'M' 'U' 'M' 'M' 'M'
 'M' 'M' 'M' 'U' 'M' 'U' 'M' 'A' 'M' 'M' 'M' 'M' 'M' 'M' 'U' 'M' 'M' 'M'
 'M' 'M' 'M' 'M' 'U' 'M' 'M' 'M' 'U' 'M' 'M' 'M' 'M' 'M' 'M' 'U' 'M' 'M'
 'M' 'M' 'M' 'M' 'M' 'M' 'M' 'M' 'M' 'M' 'M' 'M' 'M' 'M' 'M' 'M' 'M' 'M']"
74401,0,166,3,163,32,0,0,"['A' 'M' 'M' 'M' 'U' 'M' 'M' 'M' 'M' 'M' 'M' 'M' 'M' 'M' 'M' 'M' 'M' 'M'
 'U' 'M' 'M' 'M' 'M' 'U' 'U' 'M' 'M' 'M' 'M' 'M' 'U' 'M' 'M' 'M' 'M' 'M'
 'M' 'M' 'U' 'M' 'M' 'M' 'M' 'M' 'M' 'M' 'M' 'M' 'M' 'M' 'M' 'M' 'M' 'M'
 'U' 'M' 'M' 'M' 'M' 'M' 'M' 'M' 'U' 'M' 'M' 'M' 'M' 'M' 'M' 'U' 'U' 'M'
 'M' 'U' 'M' 'M' 'M' 'U' 'M' 'M' 'M' 'M' 'M' 'M' 'M' 'M' 'M' 'M' 'M' 'M'
 'M' 'U' 'M' 'M' 'M' 'M' 'M' 'M' 'M' 'M' 'M' 'M' 'M' 'M' 'M' 'M' 'M' 'U'
 'M' 'M' 'M' 'M' 'M' 'M' 'M' 'M' 'M' 'A' 'M' 'U' 'M' 'M' 'M' 'M' 'U' 'M'
 'U' 'M' 'M' 'M' 'M' 'M' 'M' 'U' 'U' 'U' 'U' 'U' 'U' 'M' 'U' 'M' 'M' 'M'
 'M' 'M' 'M' 'U' 'M' 'U' 'M' 'A' 'M' 'M' 'U' 'M' 'M' 'M' 'U' 'M' 'M' 'M'
 'M' 'M' 'M' 'M' 'M' 'M' 'M' 'M' 'U' 'M' 'M' 'M' 'M' 'M' 'M' 'U' 'M' 'M'
 'M' 'M' 'M' 'M' 'M' 'M' 'M' 'M' 'M' 'U' 'M' 'M' 'M' 'M' 'M' 'M' 'M' 'U']"
74501,0,163,5,158,35,0,0,"['A' 'M' 'M' 'M' 'M' 'M' 'M' 'M' 'M' 'M' 'M' 'M' 'M' 'M' 'M' 'M' 'M' 'M'
 'U' 'M' 'M' 'M' 'M' 'U' 'U' 'M' 'M' 'M' 'M' 'M' 'U' 'M' 'M' 'M' 'M' 'M'
 'M' 'M' 'U' 'M' 'M' 'M' 'M' 'U' 'M' 'M' 'M' 'M' 'M' 'M' 'M' 'M' 'M' 'U'
 'U' 'M' 'M' 'M' 'M' 'M' 'M' 'U' 'U' 'M' 'M' 'U' 'U' 'M' 'M' 'M' 'M' 'U'
 'M' 'M' 'M' 'M' 'M' 'M' 'M' 'M' 'M' 'M' 'M' 'M' 'M' 'M' 'M' 'M' 'M' 'U'
 'M' 'M' 'M' 'M' 'U' 'M' 'M' 'M' 'M' 'M' 'M' 'M' 'M' 'M' 'M' 'M' 'M' 'U'
 'M' 'M' 'M' 'U' 'M' 'M' 'M' 'M' 'M' 'A' 'M' 'U' 'M' 'M' 'M' 'M' 'U' 'M'
 'U' 'M' 'M' 'M' 'M' 'M' 'M' 'U' 'U' 'U' 'U' 'U' 'A' 'M' 'U' 'U' 'M' 'M'
 'M' 'M' 'M' 'U' 'M' 'U' 'M' 'A' 'M' 'M' 'U' 'M' 'M' 'M' 'U' 'M' 'M' 'M'
 'M' 'M' 'M' 'M' 'M' 'M' 'M' 'M' 'A' 'M' 'M' 'M' 'M' 'M' 'M' 'U' 'M' 'M'
 'M' 'M' 'M' 'M' 'U' 'M' 'M' 'M' 'M' 'U' 'M' 'M' 'M' 'M' 'M' 'M' 'M' 'U']"
74601,0,164,5,159,34,0,0,"['A' 'M' 'M' 'M' 'M' 'M' 'M' 'M' 'M' 'M' 'M' 'M' 'M' 'M' 'M' 'M' 'M' 'M'
 'A' 'M' 'M' 'M' 'M' 'U' 'M' 'M' 'M' 'M' 'M' 'M' 'U' 'M' 'M' 'M' 'M' 'M'
 'M' 'M' 'U' 'U' 'M' 'M' 'M' 'M' 'M' 'M' 'M' 'M' 'M' 'M' 'M' 'M' 'M' 'U'
 'U' 'M' 'M' 'M' 'M' 'M' 'M' 'U' 'U' 'M' 'M' 'M' 'M' 'U' 'M' 'M' 'M' 'U'
 'M' 'U' 'M' 'M' 'M' 'M' 'M' 'M' 'M' 'M' 'M' 'U' 'M' 'M' 'M' 'M' 'M' 'M'
 'M' 'M' 'U' 'M' 'M' 'M' 'M' 'M' 'M' 'M' 'M' 'M' 'M' 'M' 'M' 'M' 'M' 'U'
 'M' 'M' 'M' 'U' 'U' 'M' 'M' 'U' 'M' 'A' 'U' 'U' 'M' 'M' 'M' 'M' 'U' 'M'
 'U' 'M' 'M' 'M' 'M' 'M' 'M' 'U' 'U' 'U' 'M' 'U' 'U' 'M' 'U' 'M' 'M' 'M'
 'U' 'M' 'M' 'U' 'M' 'M' 'M' 'A' 'M' 'M' 'U' 'M' 'U' 'M' 'U' 'M' 'M' 'M'
 'M' 'M' 'M' 'M' 'M' 'M' 'M' 'M' 'A' 'M' 'M' 'M' 'M' 'M' 'M' 'U' 'M' 'M'
 'M' 'M' 'M' 'M' 'M' 'M' 'M' 'M' 'M' 'M' 'M' 'M' 'M' 'M' 'M' 'M' 'M' 'U']"
74701,0,169,5,164,29,0,0,"['A' 'M' 'M' 'M' 'M' 'M' 'M' 'M' 'M' 'M' 'M' 'M' 'M' 'M' 'M' 'M' 'M' 'M'
 'A' 'M' 'M' 'U' 'M' 'U' 'M' 'M' 'M' 'M' 'M' 'M' 'U' 'M' 'M' 'M' 'M' 'U'
 'M' 'M' 'U' 'M' 'M' 'M' 'M' 'M' 'M' 'M' 'M' 'M' 'M' 'M' 'M' 'M' 'M' 'M'
 'M' 'M' 'M' 'M' 'M' 'M' 'M' 'U' 'U' 'M' 'M' 'M' 'M' 'M' 'M' 'M' 'M' 'M'
 'M' 'M' 'M' 'M' 'U' 'M' 'M' 'M' 'U' 'U' 'M' 'M' 'U' 'M' 'M' 'M' 'M' 'M'
 'M' 'U' 'M' 'M' 'M' 'M' 'U' 'M' 'M' 'M' 'M' 'M' 'M' 'M' 'U' 'M' 'M' 'M'
 'M' 'M' 'M' 'M' 'U' 'M' 'M' 'M' 'M' 'A' 'U' 'U' 'M' 'M' 'M' 'M' 'U' 'M'
 'U' 'M' 'M' 'M' 'M' 'M' 'M' 'M' 'U' 'M' 'M' 'U' 'U' 'M' 'U' 'M' 'M' 'M'
 'U' 'M' 'M' 'M' 'M' 'M' 'M' 'A' 'M' 'M' 'U' 'M' 'M' 'M' 'U' 'M' 'M' 'M'
 'M' 'U' 'M' 'M' 'M' 'M' 'M' 'M' 'A' 'M' 'M' 'M' 'M' 'M' 'M' 'U' 'M' 'M'
 'M' 'M' 'M' 'M' 'M' 'M' 'M' 'M' 'M' 'M' 'M' 'M' 'M' 'M' 'M' 'M' 'M' 'U']"
74801,0,165,5,160,33,0,0,"['A' 'M' 'M' 'U' 'M' 'M' 'M' 'M' 'U' 'M' 'M' 'M' 'M' 'M' 'M' 'M' 'M' 'U'
 'A' 'M' 'M' 'M' 'M' 'M' 'M' 'M' 'M' 'M' 'M' 'M' 'U' 'M' 'U' 'M' 'M' 'M'
 'U' 'M' 'U' 'M' 'M' 'M' 'M' 'M' 'M' 'M' 'U' 'U' 'M' 'M' 'M' 'M' 'M' 'M'
 'M' 'M' 'M' 'M' 'M' 'M' 'M' 'U' 'U' 'M' 'M' 'M' 'M' 'M' 'M' 'M' 'M' 'M'
 'U' 'M' 'M' 'M' 'M' 'M' 'M' 'M' 'U' 'M' 'M' 'M' 'M' 'U' 'U' 'M' 'M' 'M'
 'M' 'M' 'U' 'M' 'M' 'M' 'U' 'M' 'M' 'M' 'M' 'M' 'M' 'M' 'U' 'M' 'U' 'M'
 'M' 'M' 'M' 'M' 'U' 'M' 'M' 'M' 'M' 'A' 'U' 'U' 'M' 'M' 'M' 'M' 'M' 'M'
 'U' 'M' 'M' 'M' 'M' 'M' 'U' 'M' 'U' 'M' 'M' 'U' 'U' 'M' 'M' 'M' 'M' 'M'
 'U' 'M' 'M' 'M' 'M' 'M' 'M' 'A' 'M' 'M' 'U' 'M' 'M' 'M' 'U' 'M' 'M' 'M'
 'M' 'U' 'M' 'M' 'M' 'M' 'M' 'M' 'A' 'M' 'M' 'M' 'M' 'M' 'M' 'M' 'M' 'M'
 'U' 'M' 'M' 'M' 'M' 'M' 'M' 'M' 'M' 'M' 'M' 'M' 'M' 'M' 'M' 'M' 'M' 'U']"
74901,0,166,4,162,32,0,0,"['A' 'M' 'M' 'U' 'M' 'M' 'M' 'M' 'U' 'M' 'M' 'U' 'M' 'M' 'M' 'M' 'M' 'M'
 'A' 'M' 'M' 'M' 'M' 'M' 'M' 'M' 'M' 'M' 'U' 'M' 'M' 'M' 'U' 'M' 'M' 'M'
 'U' 'M' 'M' 'M' 'M' 'M' 'M' 'M' 'M' 'M' 'U' 'U' 'M' 'M' 'M' 'M' 'U' 'M'
 'M' 'M' 'U' 'M' 'M' 'M' 'M' 'U' 'U' 'M' 'M' 'M' 'M' 'M' 'M' 'U' 'M' 'M'
 'U' 'M' 'U' 'U' 'M' 'M' 'M' 'M' 'M' 'M' 'M' 'M' 'M' 'M' 'M' 'U' 'M' 'M'
 'M' 'M' 'M' 'M' 'M' 'M' 'U' 'M' 'U' 'M' 'M' 'M' 'U' 'M' 'M' 'M' 'U' 'M'
 'M' 'M' 'M' 'M' 'M' 'M' 'M' 'M' 'M' 'A' 'U' 'M' 'M' 'M' 'M' 'M' 'M' 'M'
 'U' 'M' 'M' 'M' 'M' 'M' 'U' 'M' 'M' 'M' 'M' 'U' 'U' 'M' 'M' 'M' 'M' 'M'
 'M' 'M' 'M' 'M' 'M' 'M' 'M' 'A' 'M' 'M' 'U' 'M' 'M' 'M' 'U' 'M' 'M' 'M'
 'M' 'U' 'M' 'M' 'M' 'M' 'M' 'M' 'M' 'M' 'M' 'M' 'M' 'M' 'M' 'M' 'M' 'M'
 'U' 'M' 'M' 'M' 'M' 'M' 'M' 'M' 'M' 'M' 'M' 'M' 'M' 'U' 'M' 'M' 'M' 'U']"
75001,0,159,3,156,39,1,0,"['A' 'M' 'M' 'M' 'M' 'M' 'M' 'M' 'U' 'M' 'M' 'U' 'M' 'M' 'M' 'M' 'M' 'M'
 'U' 'U' 'M' 'M' 'M' 'M' 'M' 'M' 'M' 'M' 'U' 'M' 'U' 'M' 'U' 'M' 'M' 'M'
 'U' 'M' 'M' 'M' 'M' 'M' 'M' 'M' 'M' 'M' 'U' 'U' 'M' 'M' 'M' 'M' 'U' 'M'
 'M' 'M' 'U' 'M' 'M' 'M' 'M' 'U' 'U' 'M' 'M' 'M' 'M' 'M' 'M' 'U' 'M' 'M'
 'M' 'U' 'M' 'U' 'M' 'M' 'M' 'M' 'M' 'M' 'U' 'M' 'M' 'M' 'M' 'U' 'M' 'M'
 'M' 'M' 'M' 'M' 'M' 'U' 'U' 'A' 'U' 'M' 'M' 'M' 'M' 'M' 'M' 'M' 'U' 'M'
 'M' 'M' 'M' 'M' 'M' 'M' 'M' 'M' 'M' 'A' 'U' 'M' 'M' 'M' 'M' 'M' 'M' 'M'
 'M' 'M' 'M' 'M' 'M' 'M' 'U' 'M' 'M' 'M' 'M' 'U' 'U' 'M' 'M' 'M' 'M' 'M'
 'M' 'M' 'U' 'M' 'M' 'M' 'M' 'U' 'M' 'M' 'U' 'M' 'M' 'M' 'U' 'M' 'M' 'M'
 'M' 'U' 'M' 'M' 'U' 'M' 'M' 'M' 'M' 'M' 'M' 'M' 'M' 'U' 'M' 'M' 'M' 'M'
 'U' 'M' 'M' 'M' 'M' 'U' 'M' 'M' 'M' 'M' 'M' 'M' 'M' 'U' 'M' 'U' 'M' 'U']"
75101,1,157,5,152,41,0,0,"['A' 'M' 'M' 'M' 'M' 'M' 'M' 'M' 'U' 'M' 'M' 'U' 'M' 'M' 'M' 'M' 'M' 'M'
 'U' 'U' 'M' 'M' 'M' 'M' 'M' 'M' 'M' 'M' 'M' 'M' 'U' 'M' 'U' 'M' 'M' 'M'
 'M' 'U' 'M' 'M' 'M' 'M' 'M' 'M' 'M' 'M' 'M' 'U' 'M' 'M' 'M' 'U' 'U' 'M'
 'M' 'M' 'U' 'U' 'M' 'M' 'M' 'U' 'A' 'M' 'M' 'U' 'M' 'M' 'M' 'M' 'M' 'M'
 'M' 'M' 'M' 'U' 'M' 'M' 'M' 'U' 'M' 'M' 'M' 'M' 'M' 'M' 'M' 'U' 'M' 'U'
 'M' 'M' 'M' 'M' 'M' 'M' 'M' 'A' 'U' 'M' 'M' 'M' 'M' 'U' 'M' 'M' 'U' 'M'
 'M' 'M' 'M' 'U' 'M' 'M' 'M' 'M' 'M' 'A' 'U' 'M' 'M' 'U' 'M' 'M' 'M' 'M'
 'M' 'U' 'M' 'M' 'M' 'U' 'U' 'U' 'M' 'M' 'M' 'U' 'M' 'M' 'M' 'U' 'M' 'M'
 'M' 'M' 'U' 'M' 'M' 'M' 'M' 'U' 'M' 'M' 'U' 'M' 'M' 'M' 'U' 'M' 'M' 'M'
 'M' 'M' 'M' 'M' 'U' 'M' 'M' 'M' 'M' 'M' 'M' 'M' 'M' 'U' 'M' 'M' 'M' 'M'
 'U' 'M' 'M' 'M' 'M' 'U' 'M' 'U' 'M' 'M' 'M' 'M' 'M' 'A' 'M' 'U' 'M' 'U']"
75201,0,154,6,148,44,0,0,"['A' 'M' 'M' 'M' 'M' 'M' 'M' 'U' 'M' 'M' 'M' 'M' 'M' 'U' 'U' 'M' 'M' 'M'
 'U' 'U' 'M' 'M' 'U' 'M' 'M' 'M' 'M' 'M' 'U' 'M' 'M' 'U' 'U' 'M' 'M' 'M'
 'M' 'U' 'M' 'M' 'M' 'M' 'M' 'U' 'M' 'M' 'U' 'U' 'M' 'M' 'M' 'U' 'U' 'M'
 'M' 'M' 'M' 'U' 'M' 'M' 'M' 'U' 'A' 'M' 'M' 'M' 'M' 'M' 'M' 'M' 'M' 'M'
 'M' 'M' 'U' 'M' 'M' 'U' 'U' 'M' 'M' 'M' 'M' 'U' 'M' 'M' 'M' 'M' 'M' 'M'
 'M' 'M' 'M' 'M' 'U' 'M' 'M' 'A' 'A' 'M' 'M' 'M' 'M' 'U' 'M' 'M' 'U' 'M'
 'M' 'M' 'M' 'U' 'M' 'M' 'M' 'M' 'M' 'A' 'U' 'M' 'M' 'U' 'M' 'M' 'M' 'M'
 'M' 'M' 'M' 'M' 'M' 'U' 'U' 'U' 'U' 'U' 'U' 'U' 'M' 'M' 'M' 'M' 'M' 'M'
 'M' 'M' 'U' 'M' 'M' 'M' 'M' 'U' 'M' 'M' 'M' 'M' 'M' 'M' 'M' 'U' 'M' 'M'
 'M' 'M' 'M' 'M' 'U' 'M' 'M' 'M' 'M' 'M' 'M' 'M' 'M' 'U' 'M' 'M' 'M' 'M'
 'U' 'M' 'M' 'M' 'M' 'M' 'M' 'U' 'M' 'M' 'M' 'U' 'M' 'A' 'M' 'U' 'M' 'U']"
75301,0,157,5,152,41,0,1,"['A' 'M' 'M' 'M' 'M' 'U' 'M' 'U' 'M' 'M' 'M' 'M' 'M' 'U' 'U' 'M' 'M' 'M'
 'M' 'U' 'M' 'M' 'U' 'M' 'M' 'M' 'M' 'M' 'M' 'M' 'M' 'U' 'U' 'M' 'M' 'U'
 'M' 'M' 'M' 'U' 'M' 'M' 'M' 'U' 'M' 'M' 'U' 'U' 'M' 'M' 'M' 'U' 'M' 'M'
 'U' 'M' 'M' 'U' 'M' 'M' 'M' 'M' 'A' 'M' 'M' 'M' 'M' 'M' 'M' 'M' 'M' 'M'
 'M' 'U' 'M' 'U' 'M' 'M' 'M' 'U' 'M' 'M' 'M' 'M' 'M' 'M' 'U' 'M' 'M' 'U'
 'M' 'M' 'M' 'M' 'M' 'M' 'M' 'U' 'A' 'M' 'M' 'M' 'M' 'M' 'M' 'M' 'U' 'M'
 'M' 'M' 'M' 'U' 'M' 'M' 'M' 'M' 'M' 'A' 'U' 'A' 'M' 'U' 'M' 'M' 'M' 'M'
 'M' 'M' 'M' 'M' 'M' 'M' 'M' 'U' 'M' 'U' 'U' 'U' 'M' 'M' 'M' 'M' 'M' 'M'
 'M' 'M' 'U' 'M' 'M' 'M' 'M' 'U' 'M' 'M' 'M' 'M' 'M' 'M' 'U' 'U' 'M' 'M'
 'M' 'M' 'M' 'M' 'U' 'M' 'M' 'M' 'M' 'M' 'M' 'M' 'M' 'U' 'M' 'M' 'M' 'M'
 'M' 'M' 'M' 'M' 'U' 'M' 'M' 'M' 'M' 'M' 'M' 'U' 'M' 'U' 'M' 'U' 'M' 'U']"
75401,0,154,5,149,44,0,0,"['A' 'M' 'M' 'M' 'M' 'M' 'M' 'A' 'M' 'M' 'M' 'M' 'M' 'U' 'M' 'M' 'M' 'M'
 'M' 'U' 'M' 'U' 'M' 'M' 'M' 'M' 'U' 'M' 'M' 'M' 'M' 'U' 'M' 'M' 'M' 'U'
 'M' 'M' 'M' 'U' 'M' 'M' 'M' 'M' 'U' 'M' 'U' 'U' 'M' 'M' 'M' 'U' 'M' 'M'
 'M' 'M' 'M' 'U' 'M' 'M' 'M' 'M' 'A' 'M' 'M' 'M' 'M' 'M' 'M' 'M' 'U' 'U'
 'M' 'M' 'M' 'M' 'M' 'M' 'M' 'M' 'M' 'M' 'M' 'U' 'M' 'M' 'M' 'M' 'U' 'M'
 'U' 'M' 'M' 'M' 'M' 'M' 'M' 'U' 'A' 'M' 'M' 'M' 'M' 'M' 'M' 'M' 'U' 'M'
 'M' 'M' 'M' 'U' 'M' 'U' 'M' 'M' 'M' 'U' 'U' 'A' 'M' 'U' 'M' 'M' 'U' 'M'
 'M' 'M' 'M' 'U' 'M' 'M' 'U' 'U' 'U' 'U' 'U' 'U' 'U' 'M' 'M' 'M' 'M' 'M'
 'M' 'U' 'U' 'M' 'M' 'M' 'M' 'M' 'M' 'M' 'M' 'M' 'M' 'M' 'U' 'U' 'M' 'M'
 'M' 'M' 'M' 'M' 'M' 'M' 'M' 'M' 'M' 'M' 'M' 'M' 'M' 'M' 'M' 'M' 'M' 'M'
 'U' 'M' 'M' 'M' 'U' 'M' 'M' 'U' 'M' 'U' 'M' 'M' 'M' 'U' 'M' 'U' 'M' 'U']"
75501,1,153,6,147,45,0,0,"['A' 'M' 'M' 'M' 'M' 'U' 'M' 'A' 'M' 'M' 'M' 'M' 'M' 'M' 'M' 'M' 'M' 'M'
 'M' 'U' 'M' 'U' 'M' 'M' 'M' 'M' 'U' 'M' 'M' 'M' 'M' 'U' 'M' 'M' 'M' 'U'
 'M' 'M' 'M' 'U' 'M' 'M' 'M' 'M' 'M' 'M' 'U' 'U' 'M' 'M' 'M' 'U' 'M' 'M'
 'M' 'M' 'M' 'U' 'M' 'M' 'M' 'M' 'A' 'M' 'M' 'M' 'M' 'M' 'M' 'M' 'M' 'U'
 'M' 'M' 'M' 'M' 'M' 'M' 'M' 'M' 'M' 'M' 'M' 'M' 'U' 'M' 'U' 'M' 'M' 'M'
 'M' 'U' 'M' 'M' 'U' 'M' 'M' 'U' 'A' 'M' 'M' 'M' 'M' 'U' 'M' 'M' 'M' 'M'
 'M' 'M' 'M' 'U' 'M' 'M' 'M' 'M' 'U' 'M' 'U' 'A' 'U' 'M' 'M' 'M' 'U' 'M'
 'M' 'M' 'M' 'U' 'M' 'U' 'U' 'U' 'A' 'U' 'U' 'U' 'U' 'M' 'M' 'M' 'M' 'M'
 'M' 'U' 'U' 'M' 'M' 'M' 'M' 'M' 'M' 'M' 'M' 'M' 'U' 'M' 'M' 'U' 'M' 'M'
 'M' 'M' 'M' 'M' 'M' 'M' 'M' 'M' 'M' 'M' 'U' 'M' 'M' 'M' 'M' 'M' 'M' 'U'
 'U' 'M' 'U' 'M' 'U' 'U' 'M' 'U' 'M' 'M' 'M' 'M' 'M' 'U' 'M' 'U' 'M' 'U']"
75601,0,162,7,155,36,0,0,"['A' 'M' 'M' 'M' 'M' 'M' 'M' 'A' 'M' 'M' 'M' 'M' 'M' 'M' 'M' 'M' 'M' 'M'
 'M' 'U' 'M' 'U' 'M' 'M' 'M' 'M' 'A' 'M' 'M' 'M' 'M' 'M' 'M' 'M' 'M' 'M'
 'M' 'M' 'M' 'M' 'M' 'M' 'M' 'M' 'M' 'M' 'M' 'M' 'M' 'M' 'M' 'M' 'U' 'M'
 'M' 'M' 'M' 'U' 'M' 'M' 'M' 'M' 'A' 'M' 'M' 'M' 'U' 'M' 'M' 'M' 'M' 'M'
 'M' 'M' 'M' 'U' 'M' 'U' 'M' 'M' 'M' 'U' 'M' 'M' 'M' 'M' 'M' 'U' 'M' 'M'
 'M' 'M' 'M' 'M' 'M' 'M' 'M' 'U' 'A' 'M' 'M' 'M' 'M' 'U' 'M' 'M' 'M' 'M'
 'M' 'M' 'M' 'M' 'M' 'M' 'M' 'M' 'U' 'M' 'U' 'A' 'M' 'M' 'M' 'M' 'U' 'M'
 'M' 'M' 'M' 'U' 'M' 'U' 'U' 'U' 'A' 'U' 'U' 'U' 'U' 'M' 'M' 'M' 'M' 'M'
 'M' 'U' 'U' 'M' 'M' 'M' 'M' 'M' 'M' 'M' 'M' 'M' 'U' 'M' 'M' 'U' 'M' 'U'
 'M' 'M' 'M' 'M' 'M' 'M' 'M' 'M' 'M' 'M' 'M' 'M' 'M' 'M' 'M' 'M' 'M' 'U'
 'U' 'M' 'U' 'M' 'U' 'U' 'M' 'U' 'M' 'M' 'M' 'M' 'M' 'U' 'M' 'U' 'M' 'U']"
75701,0,162,9,153,36,0,0,"['A' 'M' 'M' 'M' 'M' 'M' 'M' 'A' 'M' 'U' 'M' 'M' 'M' 'M' 'M' 'M' 'M' 'M'
 'M' 'M' 'M' 'U' 'M' 'M' 'U' 'M' 'A' 'M' 'M' 'M' 'M' 'M' 'M' 'M' 'M' 'M'
 'M' 'M' 'M' 'M' 'M' 'M' 'M' 'U' 'M' 'M' 'M' 'M' 'M' 'U' 'M' 'M' 'U' 'M'
 'M' 'M' 'M' 'A' 'M' 'M' 'M' 'M' 'A' 'M' 'M' 'U' 'M' 'M' 'M' 'M' 'M' 'M'
 'M' 'M' 'M' 'M' 'M' 'M' 'U' 'U' 'M' 'M' 'M' 'M' 'U' 'M' 'U' 'M' 'M' 'M'
 'M' 'M' 'M' 'M' 'M' 'M' 'M' 'U' 'A' 'M' 'M' 'M' 'M' 'U' 'M' 'M' 'M' 'M'
 'M' 'M' 'M' 'M' 'M' 'M' 'M' 'M' 'U' 'M' 'U' 'A' 'M' 'M' 'M' 'M' 'U' 'M'
 'M' 'M' 'M' 'U' 'M' 'U' 'U' 'U' 'A' 'U' 'U' 'U' 'U' 'M' 'M' 'M' 'M' 'M'
 'M' 'U' 'U' 'M' 'M' 'M' 'M' 'M' 'M' 'M' 'M' 'M' 'U' 'M' 'M' 'M' 'M' 'U'
 'M' 'M' 'M' 'M' 'M' 'M' 'M' 'U' 'M' 'M' 'M' 'M' 'M' 'M' 'M' 'M' 'M' 'U'
 'U' 'M' 'M' 'M' 'U' 'U' 'M' 'A' 'M' 'M' 'M' 'M' 'M' 'U' 'M' 'U' 'M' 'U']"
75801,0,158,11,147,40,0,1,"['A' 'U' 'M' 'M' 'M' 'M' 'M' 'A' 'M' 'M' 'M' 'M' 'M' 'M' 'M' 'M' 'M' 'M'
 'M' 'M' 'M' 'U' 'M' 'M' 'U' 'M' 'A' 'M' 'M' 'A' 'M' 'M' 'M' 'M' 'M' 'M'
 'M' 'M' 'U' 'M' 'M' 'U' 'M' 'U' 'M' 'M' 'M' 'M' 'M' 'M' 'M' 'M' 'U' 'M'
 'M' 'M' 'M' 'U' 'M' 'M' 'U' 'M' 'A' 'M' 'M' 'M' 'M' 'M' 'M' 'U' 'M' 'M'
 'M' 'M' 'M' 'M' 'M' 'U' 'M' 'M' 'M' 'M' 'M' 'M' 'M' 'M' 'M' 'M' 'M' 'U'
 'M' 'U' 'U' 'M' 'M' 'M' 'M' 'U' 'U' 'M' 'M' 'M' 'M' 'U' 'M' 'U' 'M' 'M'
 'M' 'M' 'M' 'M' 'U' 'M' 'M' 'M' 'A' 'M' 'M' 'A' 'M' 'M' 'M' 'M' 'A' 'U'
 'M' 'M' 'M' 'M' 'M' 'U' 'U' 'U' 'A' 'U' 'U' 'U' 'M' 'M' 'M' 'M' 'M' 'M'
 'M' 'U' 'U' 'M' 'M' 'M' 'M' 'M' 'M' 'M' 'M' 'A' 'U' 'M' 'M' 'M' 'M' 'A'
 'M' 'M' 'U' 'M' 'M' 'U' 'M' 'U' 'M' 'M' 'M' 'M' 'M' 'M' 'M' 'M' 'M' 'U'
 'U' 'M' 'M' 'M' 'U' 'U' 'M' 'U' 'M' 'M' 'M' 'M' 'U' 'U' 'M' 'U' 'M' 'M']"
75901,0,156,8,148,42,0,0,"['A' 'M' 'M' 'U' 'M' 'M' 'M' 'A' 'U' 'M' 'M' 'M' 'M' 'M' 'M' 'M' 'M' 'M'
 'M' 'M' 'M' 'M' 'M' 'M' 'U' 'M' 'A' 'M' 'M' 'A' 'M' 'M' 'M' 'M' 'M' 'M'
 'U' 'M' 'M' 'M' 'M' 'U' 'M' 'M' 'M' 'M' 'M' 'M' 'M' 'M' 'M' 'M' 'U' 'U'
 'M' 'M' 'M' 'U' 'M' 'M' 'U' 'M' 'U' 'M' 'M' 'M' 'M' 'M' 'M' 'M' 'U' 'M'
 'M' 'M' 'M' 'M' 'M' 'M' 'M' 'M' 'M' 'M' 'M' 'M' 'M' 'U' 'M' 'M' 'M' 'U'
 'M' 'M' 'M' 'U' 'U' 'M' 'M' 'M' 'U' 'M' 'M' 'M' 'M' 'A' 'M' 'U' 'M' 'M'
 'M' 'M' 'M' 'M' 'U' 'M' 'M' 'M' 'U' 'M' 'M' 'A' 'M' 'M' 'M' 'U' 'A' 'M'
 'M' 'M' 'M' 'M' 'M' 'U' 'U' 'U' 'M' 'U' 'U' 'U' 'U' 'M' 'M' 'M' 'M' 'U'
 'M' 'U' 'M' 'M' 'M' 'U' 'M' 'M' 'M' 'M' 'M' 'U' 'U' 'M' 'M' 'M' 'M' 'U'
 'M' 'M' 'M' 'M' 'M' 'U' 'M' 'U' 'M' 'M' 'M' 'M' 'M' 'M' 'M' 'M' 'M' 'U'
 'U' 'M' 'M' 'M' 'M' 'U' 'M' 'U' 'M' 'M' 'U' 'M' 'A' 'U' 'M' 'U' 'M' 'M']"
76001,0,158,6,152,40,0,0,"['A' 'M' 'M' 'U' 'M' 'M' 'M' 'M' 'M' 'M' 'M' 'M' 'M' 'M' 'M' 'M' 'U' 'M'
 'M' 'M' 'M' 'M' 'M' 'M' 'M' 'M' 'U' 'M' 'M' 'A' 'M' 'M' 'M' 'M' 'M' 'M'
 'U' 'M' 'M' 'M' 'M' 'U' 'M' 'M' 'M' 'M' 'M' 'M' 'M' 'M' 'M' 'M' 'U' 'U'
 'U' 'M' 'M' 'U' 'M' 'M' 'U' 'M' 'U' 'M' 'M' 'M' 'U' 'M' 'M' 'M' 'U' 'M'
 'M' 'M' 'U' 'M' 'U' 'M' 'M' 'M' 'M' 'M' 'M' 'M' 'M' 'M' 'M' 'M' 'M' 'U'
 'M' 'M' 'M' 'M' 'M' 'M' 'M' 'M' 'U' 'M' 'M' 'M' 'M' 'A' 'M' 'M' 'M' 'M'
 'M' 'M' 'M' 'M' 'M' 'M' 'U' 'M' 'U' 'M' 'U' 'A' 'U' 'M' 'M' 'M' 'A' 'U'
 'M' 'M' 'M' 'M' 'U' 'M' 'U' 'U' 'M' 'M' 'U' 'U' 'M' 'M' 'M' 'M' 'M' 'U'
 'M' 'M' 'M' 'M' 'M' 'U' 'M' 'M' 'M' 'M' 'M' 'U' 'U' 'M' 'M' 'M' 'M' 'U'
 'M' 'M' 'M' 'M' 'M' 'U' 'M' 'U' 'M' 'M' 'M' 'M' 'M' 'M' 'M' 'M' 'M' 'U'
 'M' 'M' 'M' 'M' 'M' 'M' 'M' 'U' 'M' 'M' 'U' 'M' 'A' 'U' 'M' 'U' 'U' 'M']"
76101,0,160,6,154,38,0,0,"['A' 'M' 'M' 'U' 'M' 'U' 'M' 'M' 'M' 'M' 'M' 'M' 'M' 'M' 'M' 'M' 'U' 'M'
 'M' 'M' 'M' 'M' 'M' 'U' 'M' 'M' 'U' 'M' 'M' 'A' 'M' 'M' 'M' 'M' 'M' 'M'
 'U' 'M' 'M' 'M' 'M' 'U' 'M' 'M' 'M' 'M' 'M' 'M' 'M' 'M' 'M' 'M' 'M' 'A'
 'U' 'U' 'M' 'M' 'M' 'M' 'U' 'M' 'U' 'M' 'U' 'U' 'M' 'M' 'M' 'M' 'M' 'M'
 'M' 'U' 'M' 'M' 'M' 'M' 'M' 'M' 'M' 'M' 'M' 'U' 'M' 'M' 'M' 'M' 'U' 'M'
 'M' 'M' 'M' 'U' 'M' 'M' 'M' 'M' 'U' 'M' 'M' 'M' 'M' 'A' 'M' 'M' 'M' 'M'
 'M' 'M' 'M' 'M' 'M' 'M' 'U' 'M' 'U' 'U' 'U' 'U' 'U' 'M' 'M' 'M' 'A' 'U'
 'M' 'M' 'M' 'M' 'U' 'M' 'U' 'U' 'M' 'M' 'U' 'M' 'M' 'M' 'M' 'M' 'M' 'U'
 'M' 'M' 'M' 'M' 'M' 'U' 'M' 'M' 'M' 'M' 'M' 'M' 'M' 'M' 'M' 'M' 'M' 'M'
 'M' 'M' 'M' 'M' 'M' 'U' 'M' 'M' 'M' 'M' 'M' 'M' 'M' 'M' 'M' 'M' 'M' 'U'
 'M' 'M' 'M' 'M' 'M' 'M' 'M' 'U' 'M' 'M' 'U' 'M' 'A' 'U' 'M' 'U' 'U' 'M']"
76201,0,160,4,156,38,0,0,"['A' 'M' 'M' 'M' 'M' 'U' 'M' 'M' 'M' 'M' 'U' 'M' 'M' 'M' 'M' 'M' 'U' 'M'
 'M' 'M' 'M' 'M' 'M' 'U' 'M' 'M' 'U' 'M' 'M' 'A' 'M' 'M' 'M' 'M' 'M' 'U'
 'M' 'M' 'M' 'M' 'M' 'U' 'M' 'M' 'M' 'M' 'M' 'M' 'M' 'U' 'M' 'M' 'U' 'U'
 'U' 'U' 'M' 'M' 'M' 'M' 'M' 'M' 'M' 'M' 'U' 'M' 'M' 'M' 'M' 'M' 'M' 'M'
 'M' 'M' 'M' 'U' 'M' 'M' 'M' 'U' 'M' 'U' 'M' 'M' 'M' 'U' 'M' 'M' 'M' 'M'
 'U' 'M' 'M' 'M' 'M' 'M' 'M' 'M' 'U' 'M' 'M' 'M' 'M' 'A' 'M' 'M' 'M' 'M'
 'M' 'M' 'M' 'M' 'M' 'M' 'U' 'M' 'U' 'U' 'U' 'M' 'M' 'M' 'U' 'U' 'U' 'M'
 'M' 'M' 'M' 'M' 'U' 'M' 'M' 'U' 'M' 'M' 'U' 'M' 'M' 'M' 'M' 'M' 'M' 'U'
 'M' 'M' 'M' 'M' 'U' 'U' 'M' 'M' 'M' 'M' 'M' 'U' 'M' 'M' 'M' 'M' 'M' 'M'
 'M' 'M' 'M' 'M' 'M' 'U' 'M' 'M' 'M' 'M' 'U' 'M' 'M' 'M' 'M' 'M' 'M' 'U'
 'M' 'M' 'M' 'M' 'M' 'M' 'M' 'M' 'M' 'M' 'U' 'M' 'A' 'U' 'M' 'M' 'M' 'M']"
76301,0,163,6,157,35,0,0,"['A' 'M' 'M' 'M' 'M' 'U' 'U' 'M' 'M' 'M' 'A' 'M' 'M' 'M' 'M' 'M' 'U' 'M'
 'M' 'M' 'M' 'M' 'M' 'U' 'M' 'M' 'M' 'M' 'M' 'U' 'M' 'M' 'M' 'M' 'M' 'M'
 'M' 'M' 'M' 'U' 'M' 'U' 'M' 'M' 'M' 'M' 'M' 'M' 'M' 'U' 'M' 'M' 'M' 'U'
 'M' 'A' 'M' 'M' 'M' 'U' 'M' 'M' 'U' 'M' 'U' 'M' 'M' 'M' 'M' 'M' 'M' 'M'
 'M' 'U' 'M' 'M' 'M' 'M' 'M' 'M' 'M' 'U' 'U' 'M' 'M' 'M' 'M' 'M' 'U' 'M'
 'M' 'U' 'M' 'M' 'M' 'M' 'M' 'M' 'U' 'M' 'U' 'M' 'M' 'A' 'M' 'M' 'M' 'M'
 'M' 'M' 'M' 'M' 'M' 'M' 'U' 'M' 'U' 'U' 'U' 'M' 'M' 'M' 'U' 'U' 'M' 'M'
 'M' 'M' 'M' 'M' 'M' 'M' 'M' 'U' 'M' 'M' 'U' 'M' 'M' 'M' 'M' 'M' 'M' 'U'
 'M' 'M' 'M' 'M' 'U' 'U' 'M' 'M' 'M' 'M' 'M' 'M' 'M' 'M' 'M' 'M' 'M' 'M'
 'M' 'M' 'M' 'M' 'M' 'U' 'M' 'M' 'M' 'M' 'U' 'M' 'M' 'M' 'M' 'M' 'M' 'A'
 'M' 'M' 'M' 'M' 'M' 'M' 'M' 'M' 'M' 'U' 'U' 'M' 'A' 'U' 'M' 'M' 'M' 'M']"
76401,0,165,6,159,33,0,0,"['A' 'M' 'M' 'M' 'M' 'U' 'U' 'M' 'M' 'M' 'U' 'M' 'M' 'M' 'M' 'M' 'U' 'M'
 'M' 'M' 'M' 'M' 'M' 'M' 'M' 'U' 'M' 'M' 'M' 'M' 'M' 'M' 'M' 'M' 'M' 'M'
 'M' 'M' 'M' 'U' 'M' 'U' 'M' 'M' 'M' 'M' 'M' 'M' 'M' 'U' 'M' 'U' 'M' 'U'
 'M' 'A' 'M' 'M' 'M' 'M' 'M' 'M' 'U' 'M' 'M' 'M' 'M' 'M' 'U' 'M' 'M' 'M'
 'M' 'M' 'M' 'M' 'M' 'M' 'U' 'M' 'M' 'U' 'M' 'M' 'U' 'M' 'M' 'U' 'M' 'M'
 'M' 'M' 'M' 'M' 'M' 'M' 'M' 'M' 'U' 'M' 'U' 'M' 'M' 'U' 'M' 'M' 'M' 'M'
 'M' 'M' 'M' 'M' 'M' 'M' 'U' 'M' 'A' 'U' 'U' 'M' 'M' 'U' 'U' 'M' 'M' 'M'
 'M' 'M' 'M' 'M' 'M' 'M' 'M' 'U' 'M' 'M' 'U' 'M' 'M' 'M' 'M' 'M' 'M' 'U'
 'M' 'M' 'M' 'M' 'A' 'U' 'M' 'M' 'M' 'U' 'M' 'M' 'M' 'M' 'M' 'M' 'M' 'M'
 'M' 'M' 'M' 'M' 'M' 'U' 'M' 'M' 'U' 'M' 'M' 'M' 'M' 'U' 'M' 'M' 'M' 'A'
 'M' 'M' 'M' 'M' 'M' 'M' 'M' 'M' 'M' 'M' 'U' 'M' 'A' 'M' 'M' 'M' 'M' 'M']"
76501,0,162,5,157,36,1,0,"['A' 'M' 'M' 'M' 'M' 'U' 'U' 'M' 'M' 'M' 'U' 'M' 'M' 'M' 'M' 'M' 'U' 'M'
 'M' 'M' 'M' 'M' 'M' 'M' 'M' 'U' 'M' 'M' 'M' 'U' 'M' 'M' 'M' 'M' 'M' 'M'
 'M' 'M' 'M' 'U' 'M' 'U' 'M' 'M' 'M' 'M' 'M' 'M' 'M' 'M' 'M' 'U' 'M' 'U'
 'M' 'A' 'M' 'M' 'M' 'M' 'M' 'M' 'U' 'M' 'U' 'M' 'M' 'M' 'M' 'M' 'M' 'M'
 'M' 'M' 'U' 'M' 'M' 'M' 'M' 'M' 'M' 'U' 'M' 'U' 'M' 'M' 'U' 'M' 'M' 'M'
 'U' 'M' 'M' 'M' 'M' 'M' 'M' 'M' 'U' 'M' 'M' 'M' 'M' 'U' 'M' 'U' 'M' 'M'
 'M' 'M' 'M' 'M' 'M' 'M' 'U' 'M' 'A' 'U' 'U' 'M' 'M' 'U' 'U' 'M' 'M' 'M'
 'U' 'M' 'M' 'M' 'M' 'M' 'M' 'U' 'M' 'M' 'U' 'M' 'M' 'M' 'M' 'M' 'M' 'U'
 'M' 'M' 'M' 'M' 'U' 'M' 'M' 'M' 'M' 'U' 'M' 'M' 'M' 'M' 'M' 'M' 'M' 'M'
 'M' 'M' 'M' 'M' 'M' 'M' 'M' 'M' 'U' 'M' 'M' 'M' 'M' 'U' 'M' 'M' 'M' 'A'
 'M' 'M' 'M' 'M' 'M' 'M' 'U' 'M' 'M' 'M' 'U' 'M' 'A' 'M' 'U' 'M' 'M' 'M']"
76601,0,161,7,154,37,0,0,"['A' 'M' 'M' 'U' 'M' 'M' 'U' 'M' 'M' 'M' 'M' 'M' 'M' 'U' 'M' 'M' 'A' 'M'
 'M' 'M' 'M' 'M' 'M' 'M' 'M' 'U' 'M' 'M' 'M' 'M' 'M' 'M' 'M' 'M' 'M' 'M'
 'M' 'M' 'M' 'M' 'M' 'U' 'M' 'M' 'M' 'M' 'M' 'M' 'M' 'M' 'M' 'U' 'M' 'U'
 'M' 'A' 'M' 'M' 'U' 'M' 'M' 'M' 'U' 'M' 'M' 'M' 'U' 'M' 'M' 'M' 'M' 'U'
 'M' 'M' 'M' 'M' 'U' 'M' 'M' 'U' 'M' 'M' 'M' 'M' 'M' 'M' 'U' 'M' 'M' 'M'
 'M' 'M' 'M' 'M' 'M' 'M' 'M' 'M' 'U' 'M' 'M' 'M' 'M' 'U' 'M' 'U' 'M' 'U'
 'M' 'U' 'M' 'M' 'M' 'M' 'U' 'M' 'A' 'U' 'U' 'M' 'M' 'M' 'A' 'M' 'M' 'U'
 'U' 'M' 'U' 'M' 'M' 'M' 'M' 'U' 'M' 'U' 'M' 'M' 'M' 'M' 'M' 'M' 'M' 'M'
 'M' 'M' 'M' 'M' 'U' 'M' 'M' 'M' 'M' 'U' 'M' 'M' 'M' 'M' 'M' 'M' 'M' 'M'
 'M' 'M' 'M' 'M' 'M' 'M' 'M' 'M' 'U' 'M' 'M' 'M' 'M' 'U' 'M' 'M' 'U' 'A'
 'M' 'M' 'M' 'M' 'M' 'M' 'U' 'U' 'M' 'M' 'U' 'U' 'A' 'M' 'U' 'M' 'M' 'M']"
76701,0,160,6,154,38,0,0,"['A' 'M' 'M' 'U' 'M' 'M' 'U' 'M' 'M' 'M' 'M' 'M' 'M' 'U' 'M' 'U' 'U' 'M'
 'M' 'M' 'M' 'M' 'U' 'M' 'M' 'U' 'M' 'M' 'M' 'M' 'M' 'M' 'M' 'M' 'M' 'M'
 'M' 'M' 'M' 'U' 'M' 'U' 'M' 'M' 'M' 'M' 'M' 'M' 'M' 'M' 'M' 'U' 'M' 'U'
 'M' 'A' 'M' 'M' 'U' 'M' 'M' 'U' 'U' 'M' 'M' 'M' 'M' 'U' 'M' 'M' 'U' 'M'
 'M' 'M' 'M' 'M' 'U' 'M' 'M' 'M' 'M' 'M' 'M' 'M' 'M' 'U' 'M' 'U' 'M' 'M'
 'M' 'M' 'M' 'M' 'M' 'M' 'M' 'M' 'U' 'M' 'M' 'M' 'M' 'U' 'M' 'U' 'M' 'U'
 'M' 'U' 'M' 'M' 'M' 'M' 'U' 'M' 'A' 'U' 'U' 'M' 'M' 'U' 'A' 'M' 'M' 'U'
 'M' 'M' 'M' 'U' 'M' 'M' 'M' 'U' 'M' 'M' 'M' 'M' 'M' 'M' 'M' 'M' 'M' 'M'
 'M' 'M' 'M' 'M' 'M' 'M' 'M' 'M' 'M' 'M' 'M' 'M' 'M' 'M' 'M' 'M' 'M' 'M'
 'M' 'U' 'M' 'M' 'M' 'M' 'M' 'U' 'M' 'M' 'M' 'M' 'M' 'U' 'M' 'M' 'U' 'A'
 'U' 'M' 'M' 'M' 'M' 'M' 'M' 'U' 'M' 'M' 'M' 'U' 'A' 'M' 'M' 'M' 'M' 'M']"
76801,0,156,4,152,42,1,0,"['A' 'U' 'M' 'U' 'M' 'U' 'U' 'M' 'M' 'M' 'M' 'M' 'M' 'M' 'U' 'U' 'M' 'M'
 'M' 'M' 'M' 'M' 'U' 'M' 'M' 'U' 'M' 'M' 'M' 'M' 'M' 'M' 'M' 'M' 'M' 'M'
 'M' 'U' 'M' 'U' 'U' 'M' 'M' 'M' 'M' 'M' 'M' 'M' 'M' 'M' 'M' 'U' 'U' 'U'
 'M' 'M' 'M' 'M' 'U' 'M' 'M' 'U' 'M' 'M' 'M' 'M' 'M' 'M' 'M' 'M' 'U' 'M'
 'M' 'M' 'U' 'M' 'M' 'M' 'M' 'M' 'U' 'U' 'U' 'M' 'M' 'M' 'M' 'M' 'M' 'M'
 'M' 'M' 'M' 'M' 'M' 'M' 'M' 'M' 'U' 'M' 'M' 'M' 'M' 'U' 'U' 'U' 'M' 'U'
 'M' 'U' 'M' 'M' 'M' 'M' 'U' 'U' 'M' 'U' 'U' 'M' 'M' 'U' 'A' 'M' 'M' 'U'
 'M' 'M' 'M' 'U' 'M' 'M' 'M' 'U' 'M' 'M' 'M' 'M' 'M' 'M' 'M' 'M' 'M' 'M'
 'M' 'M' 'M' 'M' 'M' 'M' 'M' 'M' 'M' 'M' 'M' 'M' 'M' 'M' 'M' 'M' 'M' 'M'
 'M' 'U' 'M' 'M' 'U' 'M' 'M' 'U' 'M' 'M' 'M' 'M' 'M' 'U' 'M' 'M' 'M' 'A'
 'U' 'M' 'M' 'M' 'M' 'M' 'M' 'M' 'M' 'M' 'U' 'U' 'A' 'M' 'M' 'M' 'M' 'M']"
76901,0,158,4,154,40,0,0,"['A' 'U' 'M' 'U' 'M' 'U' 'U' 'M' 'M' 'M' 'M' 'M' 'M' 'M' 'U' 'U' 'M' 'M'
 'M' 'M' 'M' 'M' 'U' 'M' 'M' 'U' 'M' 'M' 'M' 'M' 'M' 'M' 'M' 'M' 'M' 'M'
 'M' 'U' 'M' 'M' 'U' 'M' 'M' 'M' 'M' 'M' 'M' 'M' 'M' 'M' 'M' 'U' 'U' 'M'
 'M' 'M' 'M' 'M' 'U' 'M' 'M' 'U' 'M' 'M' 'M' 'M' 'M' 'M' 'M' 'M' 'M' 'M'
 'M' 'U' 'U' 'M' 'M' 'M' 'M' 'M' 'M' 'M' 'M' 'M' 'M' 'M' 'M' 'U' 'M' 'U'
 'U' 'M' 'M' 'M' 'M' 'M' 'M' 'M' 'U' 'M' 'M' 'U' 'M' 'U' 'M' 'M' 'M' 'U'
 'M' 'M' 'M' 'U' 'M' 'M' 'U' 'U' 'M' 'U' 'A' 'M' 'M' 'U' 'U' 'M' 'U' 'U'
 'M' 'M' 'M' 'U' 'M' 'M' 'M' 'U' 'M' 'M' 'M' 'M' 'M' 'U' 'M' 'M' 'M' 'U'
 'M' 'M' 'M' 'M' 'M' 'M' 'M' 'M' 'M' 'M' 'M' 'M' 'M' 'M' 'M' 'M' 'M' 'M'
 'M' 'U' 'M' 'M' 'M' 'M' 'M' 'U' 'M' 'M' 'M' 'M' 'M' 'M' 'M' 'M' 'M' 'A'
 'U' 'M' 'M' 'M' 'M' 'M' 'M' 'M' 'M' 'M' 'U' 'U' 'A' 'M' 'M' 'M' 'M' 'M']"
77001,1,153,3,150,45,0,0,"['A' 'U' 'M' 'U' 'M' 'U' 'U' 'M' 'M' 'M' 'M' 'M' 'M' 'M' 'M' 'U' 'M' 'M'
 'M' 'M' 'M' 'M' 'M' 'M' 'M' 'U' 'M' 'M' 'M' 'M' 'M' 'M' 'M' 'M' 'M' 'M'
 'M' 'U' 'M' 'M' 'U' 'M' 'M' 'M' 'M' 'M' 'M' 'M' 'M' 'M' 'M' 'M' 'U' 'M'
 'M' 'M' 'M' 'M' 'U' 'M' 'M' 'U' 'M' 'M' 'M' 'M' 'U' 'U' 'M' 'M' 'M' 'M'
 'M' 'U' 'M' 'M' 'M' 'M' 'M' 'M' 'M' 'M' 'M' 'M' 'M' 'M' 'M' 'M' 'U' 'M'
 'M' 'M' 'M' 'M' 'U' 'M' 'M' 'M' 'U' 'M' 'M' 'U' 'M' 'U' 'M' 'M' 'M' 'U'
 'M' 'M' 'U' 'U' 'M' 'M' 'U' 'M' 'M' 'U' 'A' 'M' 'M' 'U' 'M' 'U' 'U' 'M'
 'M' 'M' 'M' 'U' 'M' 'U' 'U' 'U' 'U' 'U' 'U' 'U' 'U' 'U' 'M' 'M' 'M' 'M'
 'M' 'M' 'M' 'U' 'M' 'M' 'M' 'M' 'M' 'M' 'M' 'M' 'M' 'M' 'M' 'M' 'M' 'M'
 'M' 'U' 'M' 'M' 'M' 'M' 'M' 'U' 'M' 'M' 'M' 'M' 'M' 'M' 'M' 'M' 'M' 'U'
 'U' 'M' 'M' 'U' 'M' 'M' 'M' 'M' 'M' 'M' 'U' 'U' 'A' 'M' 'M' 'M' 'M' 'M']"
77101,0,158,2,156,40,1,0,"['A' 'M' 'M' 'U' 'M' 'M' 'M' 'M' 'M' 'M' 'M' 'M' 'M' 'M' 'M' 'U' 'M' 'M'
 'M' 'M' 'M' 'M' 'M' 'M' 'M' 'U' 'M' 'M' 'M' 'M' 'M' 'M' 'M' 'M' 'M' 'M'
 'M' 'U' 'M' 'M' 'U' 'M' 'M' 'M' 'M' 'M' 'M' 'M' 'M' 'M' 'M' 'M' 'M' 'M'
 'M' 'M' 'M' 'M' 'U' 'M' 'M' 'U' 'M' 'M' 'M' 'M' 'M' 'M' 'M' 'M' 'U' 'U'
 'M' 'U' 'M' 'M' 'M' 'M' 'M' 'U' 'M' 'U' 'M' 'M' 'M' 'M' 'M' 'M' 'M' 'M'
 'M' 'M' 'M' 'M' 'M' 'M' 'M' 'M' 'M' 'M' 'M' 'U' 'M' 'M' 'M' 'U' 'M' 'U'
 'M' 'M' 'U' 'U' 'M' 'M' 'U' 'M' 'M' 'U' 'A' 'U' 'M' 'U' 'M' 'M' 'U' 'M'
 'M' 'M' 'M' 'U' 'M' 'M' 'U' 'U' 'M' 'M' 'M' 'M' 'U' 'U' 'M' 'M' 'U' 'M'
 'M' 'M' 'U' 'U' 'U' 'M' 'M' 'M' 'M' 'M' 'M' 'U' 'M' 'M' 'M' 'M' 'M' 'M'
 'M' 'U' 'M' 'M' 'M' 'M' 'M' 'U' 'M' 'M' 'M' 'M' 'M' 'M' 'M' 'M' 'M' 'U'
 'U' 'M' 'M' 'U' 'M' 'M' 'M' 'M' 'M' 'M' 'U' 'U' 'U' 'M' 'M' 'M' 'M' 'M']"
77201,0,158,4,154,40,0,0,"['A' 'M' 'M' 'M' 'M' 'M' 'M' 'M' 'M' 'M' 'M' 'M' 'M' 'M' 'M' 'M' 'M' 'M'
 'M' 'M' 'M' 'M' 'M' 'M' 'M' 'U' 'M' 'M' 'M' 'M' 'M' 'M' 'M' 'M' 'M' 'M'
 'M' 'U' 'M' 'M' 'U' 'M' 'M' 'M' 'M' 'M' 'M' 'M' 'M' 'M' 'M' 'M' 'M' 'M'
 'M' 'M' 'M' 'M' 'U' 'M' 'M' 'U' 'U' 'M' 'M' 'M' 'M' 'M' 'M' 'M' 'M' 'M'
 'M' 'M' 'M' 'M' 'M' 'U' 'M' 'M' 'U' 'U' 'M' 'U' 'M' 'M' 'M' 'M' 'M' 'M'
 'M' 'M' 'U' 'M' 'M' 'M' 'M' 'M' 'M' 'M' 'M' 'U' 'U' 'M' 'M' 'U' 'M' 'U'
 'U' 'M' 'U' 'U' 'M' 'M' 'U' 'M' 'M' 'U' 'A' 'U' 'M' 'U' 'M' 'M' 'U' 'M'
 'M' 'M' 'M' 'U' 'M' 'M' 'A' 'U' 'M' 'M' 'M' 'M' 'A' 'U' 'M' 'M' 'U' 'M'
 'M' 'M' 'M' 'M' 'U' 'M' 'M' 'M' 'M' 'M' 'M' 'U' 'M' 'M' 'M' 'M' 'M' 'U'
 'M' 'U' 'U' 'M' 'M' 'M' 'M' 'U' 'M' 'M' 'M' 'M' 'M' 'U' 'M' 'M' 'M' 'U'
 'U' 'M' 'M' 'U' 'M' 'M' 'M' 'M' 'M' 'M' 'U' 'U' 'U' 'M' 'M' 'M' 'M' 'M']"
77301,0,162,5,157,36,0,0,"['A' 'M' 'M' 'M' 'M' 'M' 'M' 'M' 'M' 'M' 'M' 'M' 'M' 'M' 'M' 'M' 'M' 'M'
 'M' 'M' 'M' 'M' 'M' 'M' 'M' 'U' 'M' 'M' 'M' 'M' 'M' 'M' 'M' 'M' 'M' 'M'
 'M' 'M' 'M' 'M' 'M' 'M' 'M' 'M' 'M' 'M' 'M' 'U' 'M' 'M' 'M' 'M' 'M' 'U'
 'M' 'M' 'M' 'M' 'U' 'M' 'M' 'U' 'M' 'M' 'M' 'M' 'M' 'M' 'U' 'M' 'U' 'M'
 'M' 'M' 'M' 'M' 'M' 'M' 'M' 'M' 'M' 'M' 'M' 'U' 'M' 'M' 'M' 'M' 'M' 'M'
 'U' 'U' 'M' 'M' 'M' 'M' 'M' 'M' 'M' 'M' 'M' 'U' 'M' 'M' 'M' 'M' 'M' 'A'
 'U' 'M' 'M' 'U' 'U' 'M' 'U' 'M' 'M' 'U' 'U' 'M' 'M' 'U' 'M' 'M' 'U' 'M'
 'M' 'M' 'M' 'U' 'M' 'U' 'A' 'U' 'U' 'U' 'M' 'U' 'A' 'U' 'M' 'M' 'U' 'M'
 'M' 'M' 'M' 'M' 'U' 'M' 'M' 'M' 'M' 'M' 'M' 'U' 'M' 'M' 'M' 'M' 'M' 'M'
 'M' 'U' 'M' 'M' 'M' 'M' 'M' 'U' 'M' 'M' 'M' 'M' 'M' 'U' 'M' 'M' 'U' 'M'
 'U' 'M' 'M' 'M' 'M' 'M' 'U' 'M' 'M' 'M' 'M' 'U' 'A' 'M' 'M' 'M' 'M' 'M']"
77401,0,161,4,157,37,0,0,"['A' 'M' 'M' 'M' 'M' 'M' 'M' 'M' 'M' 'M' 'M' 'M' 'M' 'M' 'M' 'M' 'M' 'M'
 'U' 'M' 'M' 'M' 'M' 'M' 'M' 'U' 'U' 'M' 'M' 'M' 'M' 'M' 'M' 'M' 'M' 'M'
 'M' 'M' 'M' 'M' 'M' 'M' 'M' 'M' 'M' 'M' 'U' 'U' 'M' 'M' 'M' 'M' 'M' 'U'
 'M' 'M' 'M' 'M' 'U' 'M' 'M' 'U' 'M' 'M' 'M' 'U' 'M' 'M' 'M' 'M' 'M' 'U'
 'M' 'M' 'M' 'M' 'M' 'M' 'U' 'M' 'M' 'M' 'M' 'M' 'M' 'M' 'M' 'M' 'M' 'M'
 'U' 'U' 'M' 'M' 'M' 'M' 'M' 'U' 'M' 'M' 'M' 'U' 'M' 'U' 'M' 'M' 'M' 'A'
 'U' 'M' 'M' 'U' 'U' 'M' 'U' 'M' 'M' 'U' 'U' 'M' 'M' 'M' 'M' 'U' 'M' 'M'
 'M' 'M' 'M' 'M' 'M' 'U' 'A' 'M' 'U' 'U' 'U' 'U' 'A' 'U' 'M' 'M' 'U' 'M'
 'M' 'M' 'M' 'M' 'M' 'M' 'M' 'M' 'M' 'M' 'M' 'U' 'M' 'M' 'M' 'M' 'M' 'M'
 'M' 'U' 'M' 'M' 'M' 'M' 'M' 'M' 'M' 'M' 'M' 'M' 'M' 'U' 'M' 'M' 'U' 'M'
 'M' 'M' 'M' 'M' 'M' 'M' 'U' 'M' 'M' 'M' 'M' 'M' 'U' 'U' 'M' 'M' 'M' 'M']"
77501,0,162,4,158,36,0,0,"['A' 'M' 'M' 'M' 'M' 'M' 'M' 'M' 'M' 'M' 'M' 'M' 'M' 'M' 'M' 'M' 'M' 'M'
 'U' 'M' 'U' 'M' 'M' 'M' 'M' 'U' 'U' 'M' 'M' 'M' 'M' 'M' 'M' 'M' 'M' 'M'
 'M' 'M' 'M' 'M' 'M' 'M' 'M' 'M' 'M' 'M' 'U' 'U' 'M' 'M' 'M' 'M' 'M' 'U'
 'M' 'M' 'M' 'M' 'M' 'M' 'M' 'U' 'M' 'M' 'M' 'M' 'M' 'M' 'U' 'M' 'M' 'M'
 'M' 'U' 'M' 'M' 'M' 'M' 'U' 'M' 'M' 'M' 'M' 'M' 'U' 'M' 'M' 'M' 'M' 'M'
 'U' 'M' 'M' 'M' 'M' 'M' 'U' 'M' 'M' 'M' 'M' 'U' 'M' 'U' 'M' 'M' 'M' 'A'
 'U' 'M' 'M' 'M' 'U' 'M' 'U' 'M' 'M' 'M' 'U' 'M' 'M' 'M' 'M' 'U' 'M' 'M'
 'M' 'M' 'M' 'M' 'M' 'M' 'A' 'M' 'U' 'U' 'U' 'U' 'A' 'U' 'U' 'M' 'U' 'M'
 'M' 'M' 'M' 'M' 'M' 'M' 'M' 'M' 'M' 'M' 'U' 'M' 'M' 'M' 'M' 'M' 'M' 'M'
 'M' 'M' 'M' 'M' 'M' 'M' 'M' 'M' 'M' 'M' 'M' 'M' 'M' 'U' 'M' 'M' 'U' 'M'
 'M' 'M' 'M' 'M' 'M' 'U' 'U' 'M' 'M' 'M' 'M' 'M' 'U' 'U' 'M' 'M' 'U' 'M']"
77601,0,162,3,159,36,0,1,"['A' 'M' 'M' 'M' 'M' 'M' 'M' 'M' 'M' 'M' 'M' 'M' 'U' 'M' 'U' 'M' 'M' 'M'
 'U' 'M' 'M' 'M' 'U' 'M' 'M' 'U' 'U' 'M' 'M' 'M' 'M' 'M' 'M' 'M' 'M' 'M'
 'M' 'M' 'M' 'M' 'M' 'M' 'M' 'M' 'M' 'M' 'U' 'M' 'M' 'M' 'M' 'M' 'M' 'M'
 'M' 'M' 'M' 'M' 'M' 'M' 'M' 'U' 'M' 'U' 'M' 'M' 'M' 'M' 'M' 'M' 'M' 'M'
 'M' 'U' 'M' 'M' 'M' 'M' 'U' 'U' 'M' 'M' 'U' 'M' 'M' 'M' 'M' 'M' 'M' 'M'
 'M' 'M' 'M' 'M' 'U' 'M' 'U' 'M' 'M' 'M' 'M' 'U' 'M' 'U' 'M' 'M' 'M' 'A'
 'U' 'M' 'M' 'M' 'U' 'M' 'M' 'U' 'M' 'M' 'U' 'M' 'U' 'M' 'M' 'M' 'M' 'M'
 'M' 'M' 'M' 'M' 'M' 'M' 'U' 'M' 'U' 'M' 'M' 'U' 'A' 'U' 'M' 'M' 'U' 'M'
 'M' 'M' 'M' 'M' 'M' 'M' 'M' 'M' 'M' 'M' 'U' 'M' 'U' 'M' 'M' 'M' 'M' 'M'
 'M' 'M' 'M' 'M' 'M' 'M' 'M' 'M' 'M' 'M' 'M' 'M' 'M' 'U' 'M' 'M' 'U' 'M'
 'U' 'M' 'M' 'M' 'M' 'U' 'U' 'M' 'M' 'M' 'M' 'M' 'U' 'M' 'M' 'M' 'U' 'M']"
77701,0,156,2,154,42,0,0,"['A' 'M' 'M' 'M' 'U' 'U' 'M' 'M' 'M' 'M' 'M' 'M' 'U' 'M' 'M' 'M' 'M' 'M'
 'U' 'M' 'M' 'M' 'U' 'U' 'M' 'U' 'U' 'M' 'M' 'M' 'M' 'M' 'M' 'U' 'M' 'U'
 'M' 'M' 'M' 'M' 'M' 'M' 'M' 'M' 'M' 'M' 'U' 'M' 'M' 'M' 'M' 'M' 'M' 'M'
 'M' 'M' 'M' 'M' 'M' 'M' 'M' 'U' 'M' 'M' 'M' 'M' 'M' 'M' 'M' 'M' 'M' 'M'
 'M' 'M' 'M' 'M' 'M' 'M' 'M' 'U' 'M' 'M' 'M' 'M' 'M' 'U' 'U' 'M' 'M' 'M'
 'U' 'M' 'M' 'U' 'M' 'M' 'M' 'M' 'U' 'M' 'M' 'M' 'M' 'M' 'M' 'M' 'M' 'A'
 'U' 'M' 'M' 'M' 'U' 'M' 'M' 'U' 'M' 'M' 'U' 'M' 'M' 'M' 'M' 'M' 'M' 'M'
 'M' 'M' 'M' 'M' 'M' 'M' 'U' 'M' 'U' 'U' 'M' 'U' 'U' 'U' 'M' 'M' 'U' 'M'
 'M' 'M' 'M' 'M' 'M' 'U' 'M' 'M' 'M' 'M' 'M' 'M' 'U' 'M' 'M' 'M' 'U' 'M'
 'M' 'M' 'M' 'U' 'M' 'U' 'M' 'M' 'M' 'M' 'M' 'M' 'M' 'U' 'M' 'M' 'U' 'M'
 'U' 'M' 'M' 'M' 'M' 'U' 'U' 'M' 'M' 'M' 'M' 'M' 'U' 'M' 'M' 'M' 'U' 'U']"
77801,0,158,3,155,40,0,0,"['A' 'M' 'M' 'M' 'U' 'U' 'M' 'M' 'M' 'M' 'M' 'M' 'U' 'M' 'M' 'M' 'M' 'M'
 'M' 'M' 'M' 'M' 'M' 'U' 'M' 'U' 'U' 'M' 'M' 'M' 'M' 'M' 'M' 'U' 'M' 'U'
 'M' 'M' 'M' 'M' 'M' 'M' 'M' 'M' 'M' 'M' 'M' 'M' 'M' 'U' 'M' 'M' 'M' 'M'
 'M' 'M' 'M' 'M' 'M' 'M' 'M' 'U' 'M' 'M' 'M' 'M' 'M' 'M' 'M' 'M' 'M' 'M'
 'M' 'M' 'U' 'U' 'M' 'M' 'M' 'M' 'M' 'M' 'U' 'M' 'M' 'U' 'M' 'M' 'M' 'M'
 'U' 'M' 'M' 'M' 'M' 'M' 'M' 'M' 'U' 'M' 'M' 'M' 'U' 'M' 'M' 'M' 'M' 'A'
 'U' 'M' 'M' 'M' 'U' 'M' 'M' 'U' 'M' 'U' 'U' 'M' 'M' 'M' 'M' 'M' 'U' 'M'
 'M' 'M' 'M' 'M' 'U' 'M' 'U' 'M' 'M' 'U' 'M' 'M' 'M' 'U' 'M' 'M' 'U' 'M'
 'M' 'M' 'M' 'M' 'M' 'A' 'M' 'M' 'M' 'M' 'M' 'M' 'U' 'M' 'M' 'M' 'U' 'M'
 'M' 'M' 'M' 'U' 'M' 'U' 'M' 'M' 'M' 'M' 'U' 'M' 'M' 'M' 'M' 'M' 'M' 'M'
 'U' 'M' 'M' 'M' 'M' 'U' 'U' 'M' 'M' 'M' 'U' 'M' 'U' 'M' 'M' 'M' 'U' 'U']"
77901,0,163,4,159,35,0,0,"['A' 'M' 'M' 'M' 'U' 'U' 'M' 'M' 'M' 'M' 'M' 'M' 'U' 'M' 'M' 'M' 'M' 'M'
 'M' 'M' 'M' 'M' 'M' 'M' 'M' 'M' 'U' 'M' 'M' 'M' 'M' 'M' 'M' 'M' 'M' 'M'
 'M' 'M' 'M' 'M' 'M' 'M' 'M' 'M' 'M' 'M' 'M' 'M' 'M' 'U' 'M' 'M' 'M' 'M'
 'M' 'M' 'M' 'M' 'M' 'M' 'M' 'U' 'M' 'M' 'M' 'M' 'M' 'M' 'M' 'M' 'M' 'M'
 'M' 'M' 'M' 'M' 'M' 'M' 'M' 'U' 'M' 'U' 'M' 'M' 'M' 'M' 'M' 'M' 'M' 'M'
 'M' 'U' 'U' 'M' 'U' 'M' 'M' 'M' 'U' 'M' 'M' 'M' 'M' 'M' 'M' 'M' 'M' 'A'
 'U' 'M' 'M' 'M' 'U' 'M' 'M' 'M' 'M' 'U' 'A' 'M' 'M' 'M' 'M' 'M' 'U' 'M'
 'M' 'M' 'M' 'M' 'U' 'M' 'U' 'M' 'M' 'U' 'M' 'M' 'M' 'U' 'M' 'M' 'U' 'M'
 'M' 'M' 'U' 'M' 'M' 'U' 'M' 'M' 'M' 'U' 'M' 'M' 'U' 'M' 'M' 'M' 'U' 'M'
 'M' 'M' 'M' 'U' 'M' 'U' 'M' 'M' 'M' 'M' 'M' 'M' 'M' 'M' 'M' 'M' 'M' 'M'
 'U' 'M' 'M' 'M' 'M' 'U' 'M' 'M' 'A' 'U' 'U' 'M' 'U' 'M' 'M' 'M' 'U' 'U']"
78001,0,154,4,150,44,0,0,"['A' 'U' 'M' 'M' 'U' 'U' 'M' 'M' 'M' 'M' 'M' 'M' 'U' 'M' 'M' 'M' 'M' 'M'
 'U' 'M' 'M' 'M' 'M' 'M' 'M' 'M' 'U' 'M' 'M' 'M' 'M' 'M' 'M' 'M' 'M' 'M'
 'M' 'M' 'M' 'M' 'M' 'M' 'M' 'M' 'M' 'M' 'M' 'M' 'M' 'U' 'M' 'M' 'M' 'M'
 'M' 'M' 'M' 'M' 'M' 'U' 'U' 'M' 'M' 'M' 'M' 'M' 'U' 'M' 'M' 'M' 'M' 'M'
 'M' 'M' 'M' 'M' 'M' 'M' 'U' 'M' 'M' 'U' 'M' 'M' 'M' 'M' 'M' 'M' 'M' 'M'
 'U' 'U' 'M' 'M' 'M' 'M' 'M' 'M' 'U' 'M' 'M' 'M' 'M' 'M' 'M' 'M' 'M' 'A'
 'U' 'M' 'M' 'M' 'U' 'U' 'M' 'M' 'M' 'U' 'A' 'U' 'M' 'M' 'M' 'M' 'M' 'M'
 'M' 'M' 'M' 'M' 'U' 'U' 'U' 'U' 'U' 'U' 'U' 'U' 'U' 'U' 'M' 'M' 'U' 'M'
 'M' 'M' 'U' 'M' 'M' 'U' 'M' 'M' 'M' 'U' 'M' 'M' 'U' 'M' 'M' 'M' 'U' 'M'
 'M' 'M' 'M' 'U' 'M' 'M' 'M' 'M' 'M' 'M' 'M' 'M' 'M' 'M' 'M' 'M' 'M' 'M'
 'U' 'M' 'M' 'M' 'M' 'U' 'M' 'M' 'A' 'M' 'U' 'M' 'U' 'M' 'U' 'M' 'U' 'U']"
78101,0,159,6,153,39,0,1,"['A' 'U' 'U' 'M' 'U' 'U' 'M' 'M' 'M' 'M' 'M' 'M' 'A' 'U' 'M' 'M' 'M' 'U'
 'M' 'M' 'M' 'M' 'M' 'M' 'M' 'M' 'U' 'M' 'M' 'M' 'M' 'M' 'M' 'M' 'M' 'M'
 'M' 'M' 'M' 'M' 'M' 'M' 'M' 'M' 'M' 'M' 'M' 'M' 'M' 'M' 'M' 'M' 'M' 'M'
 'M' 'M' 'M' 'M' 'M' 'U' 'M' 'M' 'M' 'M' 'M' 'M' 'M' 'M' 'M' 'U' 'M' 'M'
 'M' 'M' 'M' 'M' 'U' 'U' 'M' 'M' 'M' 'M' 'M' 'M' 'M' 'M' 'M' 'U' 'U' 'M'
 'M' 'M' 'M' 'M' 'M' 'U' 'M' 'M' 'U' 'M' 'M' 'M' 'U' 'M' 'M' 'M' 'M' 'A'
 'U' 'M' 'M' 'M' 'M' 'U' 'M' 'M' 'M' 'U' 'A' 'U' 'M' 'M' 'M' 'M' 'M' 'M'
 'M' 'M' 'M' 'M' 'M' 'U' 'M' 'U' 'U' 'A' 'U' 'U' 'U' 'M' 'M' 'M' 'U' 'M'
 'M' 'M' 'U' 'M' 'M' 'U' 'M' 'M' 'M' 'U' 'M' 'M' 'U' 'M' 'M' 'M' 'U' 'M'
 'M' 'M' 'M' 'U' 'U' 'M' 'M' 'M' 'M' 'M' 'M' 'M' 'M' 'M' 'M' 'M' 'M' 'M'
 'M' 'M' 'M' 'M' 'M' 'M' 'M' 'M' 'A' 'M' 'U' 'M' 'U' 'M' 'U' 'M' 'U' 'U']"
78201,0,163,8,155,35,0,0,"['A' 'M' 'M' 'M' 'U' 'M' 'U' 'M' 'M' 'M' 'M' 'M' 'A' 'M' 'M' 'M' 'M' 'U'
 'M' 'M' 'M' 'M' 'M' 'M' 'M' 'M' 'U' 'M' 'M' 'M' 'M' 'M' 'M' 'M' 'M' 'M'
 'M' 'M' 'M' 'M' 'M' 'M' 'M' 'M' 'M' 'M' 'M' 'M' 'M' 'M' 'U' 'U' 'M' 'M'
 'M' 'M' 'M' 'M' 'M' 'U' 'M' 'M' 'M' 'M' 'M' 'M' 'U' 'M' 'M' 'M' 'M' 'M'
 'M' 'M' 'M' 'M' 'M' 'M' 'M' 'M' 'M' 'M' 'U' 'M' 'M' 'M' 'U' 'M' 'M' 'M'
 'M' 'U' 'M' 'M' 'U' 'U' 'M' 'M' 'A' 'M' 'M' 'M' 'U' 'M' 'M' 'M' 'M' 'U'
 'A' 'M' 'M' 'M' 'M' 'U' 'M' 'M' 'U' 'U' 'A' 'U' 'M' 'M' 'M' 'M' 'M' 'M'
 'U' 'M' 'M' 'M' 'M' 'M' 'M' 'U' 'U' 'A' 'U' 'U' 'U' 'M' 'M' 'M' 'M' 'M'
 'M' 'U' 'U' 'M' 'M' 'U' 'M' 'M' 'M' 'M' 'M' 'M' 'A' 'M' 'M' 'M' 'U' 'M'
 'M' 'M' 'M' 'U' 'U' 'M' 'M' 'M' 'M' 'M' 'M' 'M' 'M' 'M' 'M' 'M' 'M' 'M'
 'M' 'M' 'M' 'M' 'U' 'M' 'M' 'M' 'A' 'M' 'M' 'M' 'U' 'M' 'M' 'M' 'U' 'U']"
78301,0,163,6,157,35,0,0,"['A' 'M' 'M' 'M' 'U' 'M' 'U' 'U' 'M' 'M' 'M' 'M' 'A' 'M' 'M' 'M' 'M' 'U'
 'M' 'M' 'M' 'M' 'M' 'M' 'M' 'M' 'M' 'U' 'M' 'M' 'U' 'M' 'M' 'M' 'M' 'M'
 'M' 'M' 'M' 'M' 'M' 'M' 'M' 'M' 'M' 'M' 'M' 'M' 'M' 'M' 'U' 'U' 'M' 'M'
 'M' 'M' 'M' 'M' 'M' 'M' 'M' 'M' 'M' 'M' 'M' 'U' 'U' 'M' 'M' 'M' 'M' 'M'
 'M' 'U' 'M' 'M' 'M' 'M' 'M' 'M' 'M' 'M' 'M' 'M' 'M' 'M' 'M' 'U' 'M' 'M'
 'M' 'M' 'U' 'M' 'M' 'M' 'M' 'M' 'A' 'M' 'M' 'M' 'M' 'M' 'M' 'M' 'M' 'M'
 'A' 'M' 'M' 'U' 'M' 'U' 'M' 'M' 'U' 'U' 'A' 'U' 'M' 'M' 'M' 'M' 'M' 'M'
 'U' 'M' 'M' 'M' 'M' 'M' 'U' 'M' 'U' 'U' 'U' 'U' 'U' 'U' 'M' 'M' 'M' 'M'
 'M' 'U' 'M' 'M' 'M' 'U' 'M' 'M' 'M' 'M' 'M' 'M' 'M' 'M' 'M' 'M' 'M' 'M'
 'M' 'M' 'M' 'U' 'U' 'M' 'M' 'M' 'M' 'M' 'M' 'M' 'M' 'U' 'M' 'M' 'M' 'M'
 'M' 'M' 'M' 'M' 'U' 'M' 'M' 'M' 'A' 'M' 'M' 'M' 'U' 'M' 'M' 'M' 'U' 'U']"
78401,1,161,5,156,37,0,0,"['A' 'M' 'M' 'M' 'U' 'M' 'U' 'U' 'U' 'M' 'M' 'M' 'A' 'M' 'M' 'M' 'M' 'U'
 'M' 'M' 'M' 'U' 'M' 'M' 'M' 'M' 'M' 'U' 'M' 'M' 'U' 'M' 'U' 'M' 'M' 'M'
 'M' 'M' 'M' 'M' 'M' 'M' 'M' 'M' 'M' 'M' 'M' 'M' 'M' 'M' 'M' 'U' 'M' 'M'
 'M' 'M' 'M' 'M' 'U' 'M' 'M' 'M' 'M' 'M' 'M' 'U' 'M' 'M' 'M' 'M' 'U' 'M'
 'M' 'M' 'M' 'U' 'M' 'M' 'M' 'U' 'M' 'M' 'M' 'M' 'M' 'M' 'M' 'M' 'M' 'U'
 'M' 'M' 'M' 'M' 'M' 'M' 'M' 'M' 'A' 'M' 'M' 'M' 'M' 'M' 'M' 'M' 'M' 'M'
 'U' 'M' 'M' 'U' 'M' 'M' 'M' 'M' 'M' 'U' 'U' 'U' 'M' 'M' 'M' 'M' 'M' 'M'
 'U' 'M' 'M' 'M' 'M' 'M' 'U' 'U' 'U' 'U' 'U' 'U' 'U' 'U' 'M' 'M' 'M' 'M'
 'M' 'U' 'M' 'M' 'M' 'U' 'M' 'M' 'M' 'M' 'M' 'M' 'M' 'M' 'M' 'M' 'M' 'M'
 'M' 'M' 'M' 'U' 'U' 'M' 'M' 'M' 'M' 'M' 'M' 'M' 'M' 'A' 'M' 'M' 'M' 'M'
 'M' 'M' 'M' 'M' 'U' 'M' 'M' 'M' 'A' 'M' 'M' 'M' 'U' 'M' 'M' 'M' 'U' 'M']"
78501,1,158,6,152,40,0,0,"['A' 'M' 'M' 'M' 'U' 'M' 'A' 'U' 'U' 'M' 'M' 'M' 'A' 'M' 'M' 'M' 'M' 'U'
 'M' 'M' 'M' 'U' 'M' 'M' 'M' 'U' 'M' 'M' 'M' 'M' 'M' 'M' 'U' 'M' 'M' 'M'
 'M' 'M' 'M' 'M' 'M' 'M' 'M' 'M' 'M' 'M' 'M' 'M' 'M' 'M' 'M' 'U' 'M' 'M'
 'M' 'M' 'M' 'M' 'U' 'M' 'M' 'M' 'M' 'M' 'M' 'U' 'M' 'M' 'M' 'M' 'M' 'M'
 'U' 'M' 'U' 'M' 'M' 'M' 'M' 'M' 'M' 'M' 'M' 'M' 'M' 'M' 'M' 'M' 'M' 'U'
 'M' 'M' 'M' 'U' 'M' 'M' 'M' 'M' 'A' 'M' 'M' 'M' 'U' 'M' 'U' 'M' 'M' 'M'
 'M' 'M' 'M' 'U' 'M' 'M' 'M' 'M' 'M' 'U' 'U' 'M' 'M' 'M' 'M' 'M' 'M' 'U'
 'U' 'M' 'M' 'M' 'M' 'U' 'U' 'U' 'U' 'A' 'U' 'U' 'U' 'U' 'M' 'M' 'M' 'M'
 'M' 'U' 'M' 'M' 'M' 'U' 'M' 'M' 'M' 'M' 'M' 'U' 'M' 'M' 'M' 'M' 'M' 'M'
 'M' 'U' 'M' 'U' 'U' 'M' 'U' 'M' 'M' 'M' 'M' 'M' 'M' 'M' 'M' 'M' 'M' 'M'
 'M' 'M' 'M' 'M' 'U' 'M' 'M' 'U' 'A' 'M' 'M' 'M' 'U' 'M' 'M' 'M' 'U' 'M']"
78601,0,161,3,158,37,0,0,"['A' 'M' 'M' 'M' 'U' 'M' 'A' 'U' 'M' 'M' 'M' 'U' 'U' 'M' 'M' 'M' 'M' 'U'
 'M' 'M' 'M' 'U' 'M' 'M' 'M' 'U' 'M' 'M' 'M' 'M' 'M' 'M' 'M' 'M' 'M' 'M'
 'M' 'M' 'M' 'M' 'M' 'M' 'M' 'M' 'M' 'M' 'M' 'M' 'M' 'M' 'M' 'M' 'M' 'M'
 'M' 'M' 'M' 'M' 'U' 'M' 'M' 'M' 'M' 'M' 'M' 'M' 'M' 'M' 'M' 'M' 'M' 'U'
 'M' 'M' 'M' 'M' 'U' 'M' 'U' 'M' 'M' 'M' 'M' 'M' 'U' 'M' 'M' 'M' 'M' 'M'
 'M' 'M' 'U' 'M' 'M' 'M' 'M' 'M' 'U' 'M' 'M' 'M' 'U' 'M' 'U' 'M' 'M' 'M'
 'M' 'M' 'U' 'U' 'M' 'M' 'M' 'M' 'M' 'U' 'U' 'M' 'M' 'M' 'M' 'M' 'M' 'U'
 'U' 'U' 'M' 'M' 'M' 'M' 'M' 'U' 'M' 'A' 'U' 'U' 'U' 'U' 'M' 'M' 'M' 'M'
 'M' 'U' 'M' 'M' 'M' 'U' 'M' 'M' 'M' 'M' 'U' 'M' 'M' 'M' 'M' 'U' 'M' 'U'
 'M' 'U' 'M' 'M' 'M' 'M' 'M' 'M' 'M' 'M' 'M' 'M' 'M' 'M' 'M' 'M' 'M' 'M'
 'M' 'M' 'M' 'M' 'M' 'M' 'M' 'U' 'U' 'M' 'M' 'M' 'U' 'M' 'M' 'M' 'M' 'M']"
78701,0,165,2,163,33,0,0,"['A' 'M' 'M' 'M' 'U' 'M' 'A' 'M' 'M' 'M' 'M' 'U' 'M' 'M' 'M' 'M' 'M' 'U'
 'M' 'M' 'M' 'U' 'M' 'M' 'M' 'U' 'M' 'M' 'M' 'M' 'M' 'M' 'M' 'M' 'M' 'M'
 'M' 'U' 'U' 'M' 'M' 'M' 'M' 'M' 'M' 'M' 'M' 'M' 'M' 'M' 'M' 'M' 'M' 'M'
 'M' 'M' 'M' 'M' 'U' 'M' 'M' 'M' 'M' 'U' 'M' 'U' 'M' 'M' 'M' 'M' 'M' 'M'
 'M' 'M' 'M' 'M' 'M' 'M' 'U' 'U' 'U' 'U' 'M' 'M' 'M' 'M' 'M' 'M' 'M' 'M'
 'M' 'M' 'M' 'M' 'M' 'M' 'U' 'M' 'U' 'M' 'M' 'M' 'M' 'M' 'U' 'M' 'M' 'M'
 'M' 'M' 'U' 'U' 'M' 'M' 'M' 'M' 'M' 'U' 'M' 'M' 'M' 'M' 'M' 'M' 'M' 'U'
 'U' 'U' 'M' 'M' 'M' 'M' 'M' 'M' 'M' 'U' 'M' 'U' 'M' 'U' 'M' 'M' 'U' 'M'
 'M' 'U' 'M' 'M' 'M' 'M' 'M' 'M' 'M' 'M' 'U' 'M' 'M' 'M' 'M' 'M' 'M' 'M'
 'M' 'M' 'M' 'M' 'M' 'M' 'M' 'M' 'M' 'M' 'M' 'M' 'M' 'M' 'U' 'M' 'M' 'M'
 'M' 'M' 'M' 'M' 'M' 'M' 'M' 'U' 'U' 'M' 'M' 'M' 'U' 'M' 'M' 'M' 'M' 'M']"
78801,0,168,3,165,30,0,0,"['A' 'M' 'M' 'M' 'M' 'M' 'A' 'M' 'M' 'M' 'M' 'M' 'M' 'M' 'M' 'M' 'M' 'M'
 'M' 'M' 'M' 'U' 'U' 'M' 'M' 'M' 'M' 'M' 'M' 'M' 'M' 'M' 'M' 'M' 'M' 'M'
 'M' 'U' 'U' 'M' 'M' 'M' 'M' 'M' 'M' 'M' 'M' 'M' 'M' 'M' 'M' 'M' 'M' 'M'
 'M' 'M' 'U' 'M' 'U' 'M' 'M' 'M' 'M' 'M' 'M' 'M' 'M' 'M' 'M' 'U' 'M' 'U'
 'M' 'U' 'M' 'M' 'M' 'U' 'M' 'M' 'M' 'M' 'M' 'M' 'M' 'M' 'M' 'M' 'M' 'M'
 'M' 'U' 'M' 'M' 'M' 'M' 'U' 'M' 'U' 'M' 'M' 'M' 'M' 'M' 'U' 'M' 'M' 'M'
 'M' 'M' 'U' 'U' 'M' 'M' 'M' 'M' 'M' 'U' 'M' 'M' 'M' 'M' 'M' 'M' 'M' 'U'
 'U' 'U' 'M' 'M' 'M' 'M' 'M' 'M' 'M' 'U' 'M' 'U' 'M' 'M' 'M' 'M' 'U' 'M'
 'M' 'U' 'M' 'M' 'M' 'M' 'M' 'M' 'M' 'M' 'U' 'A' 'M' 'M' 'M' 'M' 'M' 'U'
 'M' 'M' 'M' 'M' 'M' 'M' 'M' 'M' 'M' 'M' 'M' 'M' 'M' 'M' 'U' 'M' 'M' 'M'
 'M' 'M' 'M' 'M' 'M' 'M' 'M' 'U' 'U' 'M' 'M' 'U' 'M' 'M' 'M' 'M' 'M' 'M']"
78901,0,163,2,161,35,0,0,"['A' 'M' 'M' 'M' 'M' 'M' 'U' 'M' 'M' 'M' 'M' 'M' 'M' 'M' 'M' 'M' 'M' 'M'
 'M' 'M' 'M' 'U' 'U' 'M' 'M' 'M' 'M' 'M' 'M' 'M' 'M' 'M' 'M' 'M' 'M' 'M'
 'M' 'U' 'U' 'M' 'M' 'M' 'M' 'M' 'M' 'M' 'M' 'M' 'M' 'M' 'M' 'M' 'M' 'M'
 'M' 'M' 'U' 'M' 'U' 'M' 'M' 'M' 'M' 'M' 'M' 'M' 'M' 'M' 'M' 'M' 'M' 'U'
 'M' 'M' 'M' 'U' 'M' 'U' 'M' 'M' 'M' 'U' 'M' 'M' 'M' 'M' 'U' 'M' 'M' 'M'
 'M' 'M' 'M' 'M' 'M' 'M' 'M' 'M' 'U' 'M' 'M' 'M' 'M' 'M' 'U' 'M' 'M' 'M'
 'M' 'M' 'U' 'U' 'M' 'M' 'M' 'M' 'M' 'U' 'M' 'M' 'M' 'M' 'M' 'M' 'M' 'U'
 'U' 'M' 'M' 'M' 'M' 'M' 'M' 'M' 'M' 'U' 'M' 'U' 'M' 'M' 'M' 'M' 'U' 'U'
 'M' 'M' 'M' 'M' 'M' 'U' 'U' 'M' 'M' 'M' 'U' 'A' 'M' 'M' 'U' 'M' 'M' 'U'
 'M' 'M' 'U' 'M' 'M' 'M' 'U' 'M' 'M' 'M' 'M' 'M' 'M' 'M' 'U' 'M' 'M' 'M'
 'M' 'M' 'M' 'M' 'M' 'M' 'U' 'U' 'U' 'M' 'M' 'U' 'M' 'M' 'M' 'M' 'M' 'M']"
79001,0,162,3,159,36,0,0,"['A' 'M' 'M' 'M' 'M' 'M' 'M' 'M' 'M' 'M' 'M' 'M' 'M' 'M' 'M' 'M' 'M' 'M'
 'M' 'M' 'M' 'U' 'U' 'M' 'M' 'M' 'M' 'M' 'M' 'M' 'M' 'M' 'M' 'U' 'M' 'M'
 'M' 'U' 'M' 'M' 'U' 'M' 'M' 'M' 'M' 'M' 'M' 'M' 'M' 'M' 'U' 'M' 'M' 'M'
 'M' 'M' 'U' 'M' 'M' 'M' 'M' 'M' 'M' 'M' 'M' 'M' 'M' 'M' 'U' 'M' 'U' 'M'
 'M' 'M' 'M' 'M' 'U' 'M' 'M' 'M' 'M' 'M' 'M' 'M' 'M' 'M' 'M' 'M' 'M' 'M'
 'U' 'M' 'U' 'M' 'M' 'M' 'M' 'M' 'U' 'M' 'M' 'M' 'M' 'M' 'U' 'M' 'M' 'M'
 'M' 'M' 'U' 'U' 'M' 'M' 'M' 'M' 'M' 'U' 'M' 'M' 'M' 'M' 'M' 'M' 'M' 'U'
 'U' 'M' 'U' 'M' 'M' 'M' 'M' 'M' 'M' 'U' 'M' 'U' 'M' 'M' 'M' 'M' 'U' 'U'
 'M' 'M' 'M' 'M' 'M' 'U' 'U' 'M' 'M' 'M' 'U' 'A' 'M' 'M' 'U' 'M' 'M' 'U'
 'M' 'M' 'A' 'M' 'M' 'M' 'U' 'M' 'M' 'M' 'M' 'M' 'M' 'M' 'U' 'M' 'M' 'M'
 'M' 'M' 'M' 'M' 'U' 'M' 'U' 'U' 'M' 'U' 'M' 'U' 'M' 'M' 'M' 'M' 'M' 'M']"
79101,0,169,2,167,29,0,0,"['A' 'M' 'U' 'M' 'M' 'M' 'M' 'M' 'M' 'M' 'M' 'M' 'M' 'M' 'M' 'M' 'M' 'M'
 'M' 'M' 'M' 'M' 'U' 'M' 'M' 'M' 'U' 'M' 'M' 'M' 'M' 'M' 'M' 'M' 'M' 'M'
 'M' 'U' 'M' 'M' 'U' 'M' 'M' 'M' 'M' 'M' 'M' 'M' 'M' 'M' 'U' 'M' 'M' 'M'
 'M' 'M' 'U' 'M' 'M' 'M' 'M' 'M' 'M' 'M' 'M' 'U' 'M' 'M' 'M' 'M' 'U' 'M'
 'U' 'M' 'M' 'M' 'M' 'M' 'M' 'M' 'M' 'M' 'M' 'M' 'M' 'M' 'M' 'U' 'M' 'M'
 'M' 'M' 'M' 'U' 'M' 'M' 'M' 'M' 'U' 'M' 'M' 'M' 'M' 'M' 'U' 'M' 'M' 'M'
 'M' 'M' 'M' 'M' 'M' 'M' 'M' 'M' 'M' 'U' 'M' 'M' 'M' 'M' 'M' 'M' 'M' 'M'
 'U' 'M' 'U' 'M' 'M' 'M' 'M' 'M' 'M' 'U' 'M' 'U' 'M' 'M' 'M' 'M' 'U' 'M'
 'M' 'M' 'M' 'M' 'M' 'U' 'U' 'M' 'M' 'M' 'U' 'A' 'M' 'M' 'M' 'M' 'M' 'U'
 'M' 'M' 'U' 'M' 'M' 'M' 'M' 'M' 'M' 'M' 'M' 'M' 'M' 'M' 'M' 'M' 'M' 'M'
 'M' 'M' 'M' 'M' 'M' 'M' 'U' 'U' 'M' 'U' 'M' 'U' 'M' 'M' 'M' 'M' 'M' 'M']"
79201,0,170,3,167,28,0,0,"['A' 'M' 'M' 'M' 'M' 'M' 'M' 'M' 'M' 'M' 'U' 'M' 'M' 'M' 'M' 'M' 'M' 'M'
 'M' 'M' 'M' 'M' 'U' 'M' 'M' 'M' 'U' 'M' 'M' 'M' 'M' 'M' 'M' 'M' 'M' 'M'
 'M' 'U' 'M' 'M' 'M' 'M' 'M' 'M' 'U' 'M' 'M' 'M' 'M' 'M' 'U' 'M' 'M' 'M'
 'M' 'M' 'U' 'M' 'M' 'U' 'M' 'M' 'M' 'M' 'M' 'M' 'M' 'U' 'M' 'M' 'M' 'M'
 'U' 'M' 'M' 'M' 'M' 'M' 'M' 'M' 'U' 'M' 'M' 'M' 'M' 'M' 'U' 'M' 'U' 'M'
 'M' 'M' 'M' 'M' 'M' 'M' 'M' 'M' 'U' 'M' 'M' 'M' 'M' 'M' 'U' 'M' 'M' 'M'
 'M' 'M' 'M' 'M' 'M' 'M' 'M' 'M' 'M' 'U' 'M' 'M' 'M' 'M' 'M' 'M' 'M' 'M'
 'A' 'M' 'U' 'M' 'M' 'M' 'M' 'M' 'M' 'U' 'M' 'M' 'M' 'M' 'M' 'M' 'U' 'M'
 'M' 'M' 'M' 'M' 'M' 'U' 'U' 'M' 'M' 'M' 'M' 'A' 'M' 'M' 'M' 'M' 'M' 'U'
 'U' 'U' 'U' 'M' 'M' 'M' 'M' 'M' 'M' 'M' 'M' 'M' 'M' 'M' 'M' 'M' 'M' 'M'
 'M' 'M' 'M' 'M' 'M' 'M' 'U' 'U' 'M' 'U' 'M' 'M' 'M' 'M' 'M' 'M' 'M' 'M']"
79301,0,173,2,171,25,0,0,"['A' 'M' 'M' 'M' 'M' 'M' 'M' 'M' 'M' 'M' 'M' 'M' 'M' 'M' 'M' 'M' 'M' 'M'
 'M' 'M' 'M' 'M' 'U' 'M' 'M' 'M' 'M' 'M' 'M' 'M' 'U' 'M' 'M' 'M' 'M' 'U'
 'M' 'M' 'M' 'M' 'M' 'M' 'M' 'M' 'U' 'M' 'M' 'M' 'M' 'M' 'U' 'M' 'M' 'M'
 'M' 'M' 'U' 'M' 'M' 'U' 'M' 'M' 'M' 'M' 'M' 'M' 'M' 'M' 'M' 'M' 'M' 'M'
 'U' 'M' 'M' 'M' 'U' 'U' 'M' 'M' 'M' 'M' 'M' 'U' 'M' 'M' 'M' 'M' 'M' 'U'
 'M' 'M' 'M' 'M' 'M' 'M' 'M' 'M' 'U' 'M' 'M' 'M' 'M' 'M' 'U' 'M' 'M' 'M'
 'M' 'M' 'M' 'M' 'M' 'M' 'M' 'M' 'M' 'M' 'M' 'M' 'M' 'M' 'M' 'M' 'M' 'M'
 'A' 'M' 'U' 'M' 'M' 'M' 'M' 'M' 'M' 'M' 'U' 'M' 'M' 'M' 'M' 'M' 'M' 'M'
 'M' 'M' 'M' 'M' 'M' 'U' 'U' 'M' 'M' 'M' 'M' 'U' 'M' 'M' 'M' 'M' 'M' 'M'
 'U' 'U' 'U' 'M' 'M' 'M' 'M' 'M' 'M' 'M' 'M' 'M' 'M' 'M' 'M' 'M' 'M' 'M'
 'M' 'M' 'M' 'M' 'M' 'M' 'U' 'U' 'M' 'U' 'M' 'M' 'M' 'M' 'M' 'M' 'M' 'M']"
79401,0,170,3,167,28,0,0,"['A' 'M' 'M' 'M' 'M' 'M' 'M' 'M' 'M' 'M' 'U' 'M' 'M' 'M' 'M' 'M' 'M' 'M'
 'M' 'M' 'M' 'M' 'U' 'M' 'M' 'M' 'M' 'U' 'M' 'M' 'U' 'M' 'M' 'M' 'M' 'U'
 'M' 'U' 'M' 'U' 'M' 'M' 'M' 'M' 'M' 'M' 'M' 'U' 'M' 'M' 'M' 'M' 'M' 'M'
 'M' 'M' 'U' 'M' 'M' 'M' 'M' 'M' 'M' 'M' 'M' 'M' 'M' 'M' 'M' 'M' 'U' 'U'
 'M' 'M' 'M' 'M' 'M' 'M' 'U' 'M' 'M' 'M' 'U' 'M' 'M' 'M' 'M' 'M' 'M' 'M'
 'M' 'U' 'M' 'M' 'M' 'M' 'M' 'M' 'U' 'M' 'M' 'M' 'M' 'M' 'M' 'M' 'M' 'M'
 'M' 'M' 'M' 'M' 'M' 'M' 'M' 'M' 'M' 'M' 'M' 'M' 'M' 'M' 'M' 'M' 'M' 'M'
 'A' 'M' 'M' 'M' 'M' 'M' 'M' 'M' 'M' 'M' 'M' 'M' 'M' 'M' 'M' 'M' 'M' 'U'
 'M' 'M' 'U' 'M' 'U' 'U' 'U' 'M' 'M' 'M' 'M' 'U' 'M' 'M' 'M' 'M' 'M' 'M'
 'U' 'U' 'U' 'M' 'U' 'M' 'M' 'M' 'M' 'M' 'M' 'M' 'M' 'M' 'M' 'M' 'M' 'M'
 'U' 'A' 'M' 'M' 'M' 'M' 'U' 'U' 'M' 'M' 'M' 'M' 'M' 'M' 'M' 'M' 'M' 'M']"
79501,0,162,3,159,36,0,0,"['A' 'M' 'M' 'M' 'M' 'M' 'M' 'M' 'M' 'M' 'U' 'M' 'M' 'M' 'M' 'M' 'M' 'M'
 'M' 'M' 'M' 'M' 'U' 'U' 'U' 'M' 'M' 'U' 'M' 'M' 'U' 'M' 'M' 'U' 'M' 'U'
 'M' 'U' 'M' 'U' 'M' 'M' 'M' 'M' 'M' 'M' 'M' 'U' 'M' 'M' 'U' 'M' 'M' 'M'
 'M' 'M' 'M' 'M' 'M' 'M' 'M' 'M' 'M' 'M' 'M' 'M' 'M' 'M' 'U' 'U' 'M' 'M'
 'M' 'M' 'U' 'M' 'M' 'U' 'M' 'M' 'M' 'M' 'M' 'M' 'M' 'M' 'M' 'M' 'M' 'M'
 'M' 'M' 'M' 'M' 'U' 'U' 'M' 'M' 'U' 'M' 'M' 'U' 'M' 'M' 'M' 'U' 'M' 'M'
 'M' 'M' 'U' 'M' 'M' 'M' 'M' 'M' 'M' 'M' 'M' 'M' 'M' 'U' 'M' 'M' 'M' 'M'
 'A' 'M' 'M' 'M' 'M' 'M' 'M' 'M' 'M' 'M' 'M' 'M' 'M' 'M' 'M' 'M' 'M' 'U'
 'M' 'M' 'U' 'M' 'U' 'U' 'U' 'M' 'M' 'M' 'M' 'U' 'M' 'M' 'M' 'M' 'M' 'M'
 'U' 'U' 'U' 'U' 'U' 'M' 'M' 'M' 'M' 'M' 'M' 'M' 'M' 'M' 'M' 'M' 'M' 'M'
 'U' 'A' 'M' 'M' 'M' 'M' 'U' 'M' 'M' 'M' 'M' 'M' 'M' 'M' 'M' 'M' 'M' 'M']"
79601,0,158,3,155,40,0,0,"['A' 'M' 'M' 'M' 'U' 'M' 'M' 'M' 'M' 'M' 'U' 'M' 'M' 'M' 'M' 'M' 'M' 'M'
 'M' 'M' 'M' 'M' 'U' 'U' 'M' 'M' 'M' 'U' 'M' 'M' 'U' 'M' 'M' 'M' 'M' 'M'
 'M' 'U' 'M' 'U' 'M' 'M' 'M' 'U' 'M' 'M' 'M' 'U' 'M' 'M' 'U' 'M' 'M' 'M'
 'U' 'M' 'M' 'M' 'M' 'M' 'M' 'M' 'M' 'M' 'M' 'M' 'M' 'U' 'M' 'M' 'M' 'M'
 'U' 'M' 'M' 'M' 'M' 'M' 'M' 'M' 'U' 'M' 'U' 'M' 'M' 'M' 'M' 'M' 'U' 'M'
 'M' 'M' 'M' 'M' 'M' 'U' 'M' 'M' 'U' 'M' 'M' 'U' 'M' 'M' 'M' 'M' 'M' 'M'
 'U' 'M' 'U' 'M' 'M' 'M' 'M' 'M' 'M' 'M' 'M' 'M' 'M' 'U' 'M' 'M' 'U' 'M'
 'A' 'M' 'M' 'M' 'U' 'M' 'M' 'M' 'U' 'M' 'M' 'M' 'M' 'M' 'M' 'U' 'M' 'U'
 'M' 'M' 'U' 'M' 'U' 'U' 'M' 'M' 'M' 'M' 'M' 'U' 'M' 'M' 'M' 'M' 'M' 'U'
 'U' 'U' 'U' 'A' 'M' 'M' 'M' 'M' 'M' 'M' 'M' 'M' 'M' 'M' 'M' 'M' 'M' 'M'
 'U' 'U' 'M' 'M' 'M' 'M' 'U' 'M' 'M' 'M' 'M' 'U' 'M' 'M' 'M' 'M' 'M' 'M']"
79701,0,156,3,153,42,0,1,"['A' 'M' 'M' 'M' 'U' 'M' 'M' 'M' 'M' 'U' 'U' 'M' 'M' 'M' 'M' 'M' 'U' 'M'
 'M' 'M' 'M' 'M' 'U' 'U' 'M' 'M' 'M' 'U' 'M' 'M' 'U' 'M' 'M' 'M' 'M' 'M'
 'M' 'U' 'M' 'U' 'M' 'M' 'M' 'U' 'M' 'M' 'M' 'M' 'M' 'M' 'U' 'M' 'M' 'M'
 'U' 'M' 'M' 'M' 'M' 'M' 'M' 'M' 'M' 'M' 'M' 'M' 'M' 'M' 'M' 'M' 'U' 'M'
 'U' 'U' 'U' 'M' 'M' 'M' 'M' 'M' 'M' 'M' 'M' 'M' 'M' 'M' 'M' 'M' 'M' 'M'
 'M' 'M' 'U' 'M' 'M' 'M' 'M' 'M' 'U' 'M' 'M' 'U' 'M' 'M' 'M' 'M' 'M' 'M'
 'U' 'M' 'U' 'M' 'M' 'M' 'M' 'U' 'M' 'M' 'M' 'M' 'M' 'U' 'M' 'M' 'U' 'M'
 'A' 'M' 'M' 'M' 'U' 'M' 'M' 'M' 'U' 'U' 'U' 'U' 'U' 'M' 'M' 'U' 'M' 'M'
 'M' 'M' 'U' 'M' 'U' 'M' 'M' 'M' 'M' 'M' 'M' 'U' 'M' 'M' 'M' 'M' 'M' 'U'
 'U' 'M' 'U' 'A' 'U' 'U' 'M' 'M' 'M' 'M' 'M' 'M' 'M' 'M' 'M' 'M' 'M' 'M'
 'M' 'U' 'M' 'M' 'M' 'M' 'M' 'M' 'M' 'M' 'M' 'U' 'M' 'M' 'M' 'M' 'M' 'M']"
79801,0,151,3,148,47,0,0,"['A' 'M' 'M' 'M' 'U' 'M' 'M' 'M' 'M' 'U' 'M' 'M' 'M' 'M' 'M' 'M' 'U' 'M'
 'M' 'M' 'M' 'M' 'U' 'U' 'M' 'M' 'M' 'U' 'M' 'M' 'U' 'M' 'M' 'M' 'M' 'U'
 'M' 'U' 'M' 'M' 'M' 'M' 'M' 'M' 'U' 'M' 'M' 'M' 'M' 'M' 'U' 'M' 'M' 'M'
 'M' 'M' 'M' 'M' 'M' 'M' 'M' 'M' 'M' 'M' 'M' 'M' 'U' 'M' 'M' 'M' 'M' 'M'
 'M' 'M' 'M' 'M' 'U' 'M' 'M' 'M' 'U' 'M' 'M' 'M' 'M' 'M' 'M' 'U' 'M' 'M'
 'U' 'M' 'M' 'M' 'M' 'M' 'M' 'M' 'U' 'M' 'U' 'U' 'M' 'M' 'M' 'M' 'M' 'M'
 'U' 'M' 'A' 'U' 'M' 'M' 'M' 'U' 'M' 'M' 'M' 'M' 'M' 'U' 'U' 'M' 'U' 'M'
 'A' 'M' 'M' 'U' 'U' 'U' 'U' 'U' 'U' 'U' 'U' 'U' 'U' 'M' 'M' 'M' 'M' 'M'
 'M' 'M' 'U' 'U' 'M' 'M' 'M' 'M' 'M' 'M' 'U' 'U' 'M' 'M' 'M' 'M' 'M' 'U'
 'U' 'M' 'U' 'U' 'U' 'M' 'M' 'M' 'M' 'M' 'M' 'U' 'M' 'M' 'M' 'M' 'M' 'M'
 'M' 'U' 'M' 'M' 'M' 'M' 'M' 'M' 'M' 'M' 'M' 'U' 'M' 'M' 'M' 'M' 'M' 'M']"
79901,0,156,4,152,42,0,1,"['A' 'M' 'M' 'U' 'M' 'M' 'M' 'M' 'M' 'U' 'M' 'M' 'M' 'M' 'M' 'M' 'U' 'M'
 'M' 'M' 'M' 'M' 'U' 'U' 'M' 'M' 'M' 'U' 'M' 'M' 'M' 'M' 'M' 'M' 'M' 'U'
 'M' 'U' 'M' 'M' 'M' 'M' 'M' 'M' 'U' 'M' 'M' 'M' 'M' 'U' 'U' 'M' 'M' 'M'
 'M' 'M' 'M' 'M' 'M' 'M' 'M' 'M' 'M' 'U' 'M' 'U' 'M' 'M' 'M' 'M' 'M' 'M'
 'M' 'M' 'M' 'M' 'M' 'M' 'M' 'U' 'M' 'M' 'U' 'M' 'M' 'M' 'M' 'M' 'M' 'U'
 'U' 'M' 'M' 'M' 'M' 'M' 'M' 'M' 'U' 'M' 'U' 'U' 'M' 'M' 'M' 'M' 'M' 'M'
 'U' 'M' 'A' 'U' 'M' 'M' 'M' 'U' 'M' 'M' 'M' 'U' 'M' 'U' 'U' 'M' 'M' 'M'
 'A' 'M' 'M' 'U' 'M' 'U' 'U' 'U' 'U' 'A' 'U' 'U' 'U' 'M' 'M' 'M' 'M' 'M'
 'M' 'M' 'U' 'U' 'M' 'M' 'M' 'M' 'M' 'M' 'U' 'M' 'M' 'M' 'M' 'M' 'M' 'M'
 'M' 'M' 'U' 'M' 'U' 'M' 'M' 'M' 'M' 'M' 'U' 'U' 'M' 'M' 'M' 'M' 'M' 'M'
 'M' 'U' 'M' 'M' 'M' 'M' 'M' 'M' 'M' 'M' 'M' 'M' 'M' 'M' 'M' 'M' 'M' 'M']"
80001,0,159,6,153,39,0,1,"['A' 'M' 'M' 'M' 'M' 'M' 'M' 'M' 'M' 'U' 'M' 'M' 'M' 'M' 'M' 'M' 'U' 'M'
 'M' 'M' 'M' 'M' 'U' 'M' 'M' 'M' 'M' 'U' 'M' 'M' 'M' 'M' 'M' 'M' 'M' 'U'
 'M' 'U' 'M' 'M' 'M' 'M' 'M' 'M' 'U' 'M' 'M' 'M' 'M' 'U' 'U' 'M' 'M' 'M'
 'M' 'M' 'M' 'M' 'M' 'M' 'M' 'M' 'M' 'U' 'M' 'M' 'U' 'M' 'U' 'M' 'M' 'M'
 'M' 'M' 'M' 'M' 'M' 'M' 'M' 'M' 'U' 'M' 'M' 'M' 'M' 'M' 'M' 'M' 'M' 'M'
 'U' 'M' 'U' 'M' 'M' 'M' 'M' 'M' 'U' 'M' 'M' 'U' 'M' 'M' 'M' 'M' 'M' 'M'
 'U' 'M' 'A' 'U' 'M' 'M' 'M' 'M' 'M' 'M' 'M' 'U' 'M' 'M' 'U' 'M' 'M' 'M'
 'A' 'M' 'M' 'A' 'M' 'U' 'U' 'U' 'U' 'A' 'U' 'U' 'U' 'M' 'M' 'M' 'M' 'M'
 'M' 'M' 'U' 'U' 'M' 'M' 'M' 'U' 'M' 'M' 'U' 'U' 'M' 'M' 'M' 'M' 'M' 'M'
 'M' 'M' 'M' 'M' 'U' 'U' 'M' 'M' 'M' 'M' 'U' 'A' 'M' 'M' 'M' 'M' 'M' 'M'
 'M' 'U' 'M' 'U' 'M' 'M' 'M' 'M' 'M' 'M' 'U' 'M' 'M' 'M' 'M' 'M' 'M' 'M']"
80101,1,151,4,147,47,0,0,"['A' 'M' 'M' 'U' 'M' 'M' 'M' 'M' 'M' 'U' 'M' 'M' 'M' 'M' 'M' 'M' 'U' 'M'
 'M' 'M' 'M' 'M' 'U' 'M' 'M' 'M' 'M' 'U' 'M' 'M' 'M' 'M' 'M' 'U' 'U' 'U'
 'M' 'U' 'M' 'M' 'M' 'M' 'M' 'M' 'U' 'M' 'M' 'M' 'M' 'M' 'U' 'M' 'M' 'M'
 'M' 'M' 'U' 'M' 'M' 'M' 'M' 'M' 'M' 'M' 'U' 'M' 'M' 'U' 'M' 'M' 'M' 'U'
 'M' 'M' 'M' 'M' 'U' 'M' 'M' 'M' 'M' 'U' 'M' 'M' 'M' 'M' 'U' 'M' 'M' 'M'
 'M' 'M' 'M' 'M' 'M' 'M' 'M' 'M' 'U' 'M' 'M' 'U' 'M' 'M' 'M' 'M' 'U' 'U'
 'U' 'M' 'U' 'U' 'M' 'U' 'M' 'M' 'M' 'M' 'M' 'U' 'M' 'M' 'U' 'M' 'M' 'M'
 'A' 'M' 'M' 'A' 'M' 'U' 'U' 'U' 'U' 'A' 'U' 'U' 'U' 'M' 'M' 'M' 'M' 'M'
 'M' 'M' 'U' 'U' 'M' 'M' 'U' 'U' 'M' 'M' 'U' 'U' 'M' 'M' 'M' 'M' 'M' 'M'
 'M' 'M' 'M' 'M' 'M' 'M' 'M' 'M' 'M' 'M' 'U' 'U' 'M' 'M' 'M' 'U' 'M' 'M'
 'M' 'M' 'M' 'U' 'M' 'M' 'M' 'M' 'M' 'U' 'U' 'M' 'M' 'M' 'M' 'M' 'M' 'M']"
80201,0,145,4,141,53,0,0,"['A' 'M' 'M' 'U' 'M' 'M' 'M' 'M' 'M' 'U' 'M' 'M' 'M' 'M' 'M' 'M' 'U' 'U'
 'M' 'M' 'M' 'M' 'U' 'M' 'M' 'M' 'M' 'U' 'M' 'M' 'M' 'M' 'M' 'M' 'U' 'U'
 'M' 'U' 'M' 'M' 'M' 'M' 'U' 'M' 'U' 'U' 'M' 'M' 'M' 'M' 'U' 'M' 'M' 'M'
 'M' 'M' 'U' 'M' 'M' 'M' 'M' 'M' 'M' 'M' 'U' 'M' 'M' 'M' 'U' 'U' 'U' 'U'
 'M' 'M' 'M' 'M' 'M' 'M' 'M' 'M' 'M' 'M' 'M' 'M' 'M' 'M' 'M' 'U' 'M' 'M'
 'M' 'M' 'M' 'M' 'M' 'M' 'U' 'M' 'M' 'M' 'U' 'U' 'U' 'M' 'M' 'M' 'M' 'U'
 'U' 'U' 'M' 'U' 'M' 'U' 'M' 'U' 'U' 'M' 'M' 'U' 'M' 'M' 'U' 'U' 'M' 'M'
 'M' 'M' 'M' 'A' 'M' 'U' 'U' 'U' 'M' 'A' 'U' 'U' 'U' 'M' 'U' 'M' 'M' 'M'
 'M' 'M' 'U' 'M' 'M' 'M' 'U' 'U' 'M' 'M' 'U' 'U' 'M' 'M' 'M' 'M' 'M' 'M'
 'M' 'M' 'M' 'M' 'M' 'M' 'U' 'M' 'M' 'M' 'U' 'U' 'M' 'M' 'M' 'U' 'M' 'M'
 'M' 'M' 'M' 'A' 'M' 'M' 'U' 'M' 'M' 'U' 'U' 'M' 'M' 'M' 'M' 'M' 'M' 'M']"
80301,1,151,5,146,47,0,0,"['A' 'U' 'M' 'U' 'M' 'M' 'M' 'M' 'M' 'U' 'M' 'M' 'M' 'M' 'M' 'M' 'U' 'M'
 'M' 'M' 'M' 'M' 'U' 'M' 'M' 'M' 'M' 'U' 'M' 'M' 'M' 'M' 'M' 'M' 'U' 'U'
 'M' 'M' 'M' 'M' 'M' 'M' 'U' 'M' 'U' 'U' 'M' 'M' 'M' 'M' 'M' 'M' 'M' 'M'
 'M' 'M' 'A' 'M' 'M' 'M' 'M' 'M' 'U' 'M' 'M' 'M' 'M' 'M' 'M' 'M' 'M' 'U'
 'M' 'M' 'M' 'M' 'M' 'M' 'M' 'M' 'M' 'M' 'M' 'U' 'U' 'M' 'M' 'M' 'U' 'M'
 'M' 'M' 'M' 'U' 'M' 'M' 'U' 'M' 'M' 'M' 'U' 'A' 'U' 'U' 'M' 'M' 'M' 'U'
 'A' 'M' 'M' 'U' 'M' 'U' 'M' 'M' 'U' 'M' 'M' 'U' 'M' 'M' 'U' 'U' 'M' 'M'
 'M' 'M' 'M' 'A' 'M' 'U' 'U' 'U' 'U' 'U' 'U' 'U' 'U' 'M' 'M' 'M' 'M' 'M'
 'M' 'M' 'U' 'M' 'M' 'M' 'U' 'U' 'M' 'M' 'U' 'U' 'M' 'M' 'M' 'M' 'M' 'M'
 'M' 'M' 'U' 'M' 'M' 'M' 'U' 'M' 'M' 'M' 'M' 'M' 'M' 'M' 'M' 'M' 'M' 'M'
 'M' 'M' 'U' 'U' 'M' 'M' 'U' 'M' 'M' 'U' 'M' 'M' 'M' 'M' 'M' 'M' 'M' 'M']"
80401,0,153,7,146,45,0,1,"['A' 'U' 'M' 'U' 'M' 'M' 'M' 'M' 'M' 'U' 'M' 'M' 'U' 'M' 'M' 'M' 'M' 'M'
 'M' 'M' 'M' 'M' 'M' 'M' 'M' 'M' 'U' 'U' 'M' 'M' 'M' 'M' 'M' 'M' 'U' 'U'
 'M' 'M' 'M' 'M' 'M' 'M' 'M' 'U' 'U' 'U' 'M' 'M' 'M' 'M' 'M' 'M' 'M' 'M'
 'M' 'M' 'A' 'U' 'M' 'M' 'M' 'M' 'M' 'M' 'U' 'M' 'M' 'M' 'M' 'M' 'U' 'M'
 'M' 'M' 'M' 'U' 'M' 'M' 'M' 'M' 'M' 'M' 'M' 'M' 'M' 'M' 'M' 'M' 'M' 'M'
 'M' 'U' 'M' 'U' 'U' 'M' 'U' 'M' 'U' 'M' 'U' 'A' 'M' 'U' 'M' 'U' 'M' 'U'
 'A' 'M' 'M' 'M' 'M' 'U' 'M' 'M' 'U' 'M' 'M' 'M' 'M' 'M' 'U' 'U' 'M' 'M'
 'M' 'A' 'M' 'A' 'M' 'U' 'U' 'A' 'U' 'U' 'U' 'U' 'U' 'M' 'M' 'M' 'M' 'M'
 'M' 'M' 'U' 'M' 'M' 'M' 'U' 'U' 'M' 'M' 'U' 'U' 'M' 'M' 'M' 'M' 'M' 'M'
 'M' 'M' 'U' 'U' 'M' 'M' 'U' 'M' 'M' 'M' 'M' 'M' 'M' 'M' 'M' 'M' 'M' 'M'
 'M' 'M' 'U' 'M' 'M' 'M' 'M' 'M' 'M' 'U' 'M' 'M' 'M' 'M' 'M' 'M' 'M' 'M']"
80501,0,152,7,145,46,0,0,"['A' 'U' 'U' 'U' 'M' 'M' 'M' 'M' 'M' 'U' 'M' 'M' 'U' 'U' 'M' 'M' 'M' 'M'
 'M' 'M' 'M' 'M' 'M' 'M' 'M' 'M' 'U' 'M' 'M' 'M' 'M' 'M' 'M' 'M' 'U' 'U'
 'M' 'M' 'M' 'M' 'M' 'M' 'M' 'U' 'U' 'M' 'M' 'U' 'M' 'M' 'M' 'M' 'M' 'M'
 'M' 'M' 'M' 'M' 'M' 'M' 'M' 'M' 'M' 'M' 'U' 'M' 'M' 'M' 'M' 'U' 'M' 'M'
 'M' 'M' 'U' 'M' 'M' 'M' 'M' 'U' 'M' 'M' 'M' 'M' 'M' 'M' 'M' 'M' 'M' 'U'
 'M' 'M' 'M' 'U' 'M' 'M' 'U' 'U' 'M' 'M' 'M' 'A' 'M' 'U' 'M' 'U' 'M' 'U'
 'A' 'M' 'M' 'M' 'M' 'U' 'M' 'M' 'U' 'M' 'M' 'M' 'M' 'M' 'U' 'U' 'U' 'M'
 'M' 'A' 'U' 'A' 'M' 'M' 'U' 'A' 'U' 'U' 'U' 'U' 'U' 'M' 'M' 'U' 'M' 'M'
 'M' 'M' 'U' 'M' 'M' 'M' 'U' 'A' 'M' 'M' 'M' 'U' 'M' 'M' 'M' 'M' 'M' 'M'
 'M' 'M' 'U' 'U' 'M' 'M' 'U' 'M' 'M' 'M' 'M' 'M' 'M' 'M' 'M' 'U' 'M' 'M'
 'M' 'M' 'U' 'M' 'M' 'M' 'U' 'M' 'M' 'U' 'M' 'M' 'M' 'M' 'M' 'M' 'M' 'M']"
80601,0,152,6,146,46,0,0,"['A' 'U' 'U' 'U' 'M' 'M' 'M' 'M' 'M' 'U' 'M' 'M' 'U' 'M' 'U' 'M' 'M' 'M'
 'M' 'M' 'M' 'M' 'M' 'M' 'M' 'M' 'U' 'M' 'M' 'M' 'M' 'M' 'M' 'M' 'U' 'U'
 'M' 'M' 'M' 'M' 'M' 'M' 'M' 'U' 'U' 'M' 'M' 'U' 'M' 'M' 'M' 'M' 'M' 'M'
 'M' 'M' 'M' 'M' 'M' 'M' 'M' 'M' 'M' 'M' 'U' 'M' 'M' 'M' 'M' 'M' 'M' 'M'
 'M' 'M' 'U' 'M' 'M' 'M' 'M' 'M' 'U' 'M' 'M' 'M' 'M' 'M' 'U' 'M' 'U' 'M'
 'M' 'M' 'M' 'U' 'M' 'M' 'U' 'U' 'M' 'M' 'M' 'A' 'M' 'U' 'U' 'U' 'M' 'U'
 'A' 'M' 'M' 'M' 'M' 'U' 'M' 'M' 'M' 'M' 'U' 'M' 'M' 'M' 'U' 'M' 'U' 'U'
 'M' 'A' 'M' 'U' 'U' 'M' 'U' 'A' 'M' 'U' 'U' 'U' 'U' 'M' 'M' 'U' 'M' 'M'
 'M' 'U' 'M' 'M' 'M' 'M' 'U' 'A' 'M' 'M' 'M' 'U' 'M' 'M' 'M' 'M' 'M' 'M'
 'M' 'M' 'U' 'M' 'M' 'M' 'M' 'M' 'M' 'M' 'M' 'M' 'M' 'M' 'M' 'U' 'U' 'M'
 'M' 'M' 'U' 'M' 'M' 'M' 'U' 'M' 'M' 'U' 'M' 'M' 'M' 'M' 'M' 'M' 'M' 'M']"
80701,0,156,8,148,42,0,0,"['A' 'M' 'U' 'U' 'M' 'M' 'M' 'M' 'M' 'U' 'M' 'M' 'U' 'M' 'M' 'M' 'M' 'M'
 'M' 'M' 'M' 'M' 'M' 'M' 'U' 'M' 'M' 'M' 'M' 'M' 'M' 'M' 'M' 'M' 'M' 'M'
 'U' 'M' 'M' 'M' 'M' 'U' 'M' 'U' 'U' 'M' 'M' 'U' 'M' 'M' 'U' 'U' 'M' 'M'
 'M' 'M' 'M' 'M' 'M' 'M' 'M' 'M' 'M' 'M' 'U' 'M' 'M' 'U' 'M' 'M' 'M' 'M'
 'M' 'M' 'M' 'M' 'U' 'U' 'M' 'M' 'M' 'M' 'U' 'M' 'M' 'M' 'U' 'M' 'M' 'M'
 'M' 'M' 'M' 'M' 'M' 'M' 'U' 'M' 'M' 'M' 'M' 'A' 'M' 'M' 'U' 'A' 'M' 'U'
 'A' 'M' 'M' 'M' 'M' 'U' 'M' 'M' 'M' 'U' 'M' 'M' 'M' 'M' 'U' 'M' 'U' 'U'
 'M' 'A' 'M' 'U' 'U' 'M' 'U' 'A' 'M' 'M' 'U' 'A' 'U' 'M' 'M' 'U' 'M' 'M'
 'M' 'U' 'M' 'M' 'U' 'M' 'U' 'A' 'M' 'M' 'U' 'U' 'M' 'M' 'M' 'M' 'M' 'M'
 'M' 'M' 'U' 'M' 'M' 'M' 'M' 'M' 'M' 'M' 'M' 'M' 'M' 'M' 'M' 'U' 'U' 'M'
 'M' 'M' 'M' 'M' 'M' 'M' 'U' 'M' 'M' 'M' 'U' 'M' 'M' 'M' 'M' 'M' 'M' 'M']"
80801,0,157,8,149,41,1,0,"['A' 'U' 'M' 'U' 'M' 'M' 'M' 'M' 'M' 'M' 'U' 'M' 'U' 'M' 'M' 'M' 'M' 'M'
 'M' 'U' 'M' 'M' 'M' 'U' 'U' 'M' 'M' 'M' 'M' 'M' 'M' 'M' 'M' 'M' 'M' 'M'
 'M' 'M' 'M' 'U' 'M' 'U' 'M' 'U' 'U' 'M' 'M' 'U' 'M' 'M' 'U' 'U' 'M' 'M'
 'M' 'M' 'M' 'M' 'M' 'M' 'U' 'M' 'M' 'M' 'M' 'M' 'M' 'M' 'M' 'M' 'M' 'U'
 'M' 'M' 'U' 'M' 'U' 'M' 'M' 'M' 'M' 'M' 'M' 'M' 'M' 'M' 'M' 'U' 'M' 'M'
 'M' 'M' 'U' 'M' 'M' 'M' 'U' 'M' 'M' 'M' 'M' 'A' 'M' 'M' 'U' 'A' 'M' 'M'
 'A' 'M' 'M' 'M' 'M' 'U' 'M' 'M' 'M' 'M' 'M' 'M' 'M' 'M' 'U' 'M' 'A' 'U'
 'M' 'A' 'U' 'M' 'U' 'M' 'M' 'A' 'M' 'M' 'U' 'U' 'U' 'M' 'M' 'U' 'U' 'M'
 'M' 'U' 'M' 'M' 'M' 'M' 'M' 'A' 'M' 'M' 'U' 'U' 'M' 'M' 'M' 'M' 'M' 'M'
 'M' 'M' 'U' 'M' 'M' 'M' 'M' 'M' 'M' 'M' 'M' 'M' 'M' 'M' 'M' 'U' 'U' 'M'
 'M' 'M' 'M' 'M' 'M' 'U' 'U' 'M' 'M' 'M' 'U' 'M' 'M' 'M' 'M' 'M' 'M' 'M']"
80901,0,156,7,149,42,0,0,"['A' 'U' 'U' 'U' 'M' 'M' 'M' 'M' 'M' 'M' 'U' 'M' 'M' 'M' 'M' 'M' 'M' 'M'
 'M' 'U' 'U' 'M' 'M' 'M' 'U' 'M' 'M' 'M' 'M' 'M' 'M' 'M' 'M' 'U' 'M' 'M'
 'M' 'M' 'M' 'U' 'M' 'U' 'M' 'U' 'U' 'M' 'M' 'U' 'M' 'M' 'U' 'U' 'M' 'M'
 'M' 'M' 'M' 'M' 'M' 'M' 'U' 'M' 'M' 'M' 'M' 'M' 'M' 'M' 'M' 'M' 'U' 'M'
 'M' 'M' 'M' 'U' 'M' 'M' 'M' 'U' 'M' 'M' 'M' 'M' 'M' 'M' 'M' 'U' 'M' 'M'
 'M' 'M' 'M' 'U' 'M' 'M' 'U' 'M' 'M' 'M' 'M' 'U' 'U' 'U' 'U' 'A' 'M' 'M'
 'U' 'M' 'M' 'M' 'M' 'U' 'M' 'M' 'M' 'M' 'M' 'M' 'M' 'M' 'U' 'M' 'A' 'M'
 'M' 'A' 'U' 'M' 'U' 'M' 'U' 'A' 'M' 'U' 'A' 'U' 'M' 'M' 'M' 'U' 'U' 'M'
 'M' 'U' 'M' 'M' 'M' 'M' 'M' 'A' 'M' 'M' 'U' 'U' 'M' 'M' 'M' 'M' 'M' 'M'
 'M' 'M' 'M' 'M' 'M' 'M' 'M' 'M' 'M' 'M' 'M' 'M' 'M' 'M' 'M' 'U' 'M' 'M'
 'M' 'M' 'M' 'M' 'M' 'U' 'U' 'M' 'M' 'M' 'M' 'M' 'M' 'M' 'M' 'M' 'M' 'M']"
81001,0,160,8,152,38,0,1,"['A' 'M' 'M' 'U' 'M' 'M' 'M' 'U' 'M' 'M' 'U' 'M' 'M' 'M' 'M' 'M' 'M' 'M'
 'M' 'U' 'U' 'M' 'M' 'M' 'U' 'M' 'M' 'M' 'M' 'M' 'M' 'M' 'M' 'U' 'M' 'M'
 'U' 'M' 'M' 'U' 'M' 'U' 'M' 'M' 'U' 'M' 'M' 'U' 'M' 'M' 'M' 'U' 'M' 'M'
 'M' 'M' 'M' 'M' 'M' 'M' 'U' 'M' 'M' 'M' 'M' 'M' 'U' 'U' 'M' 'M' 'U' 'M'
 'M' 'M' 'U' 'M' 'M' 'M' 'M' 'M' 'M' 'M' 'M' 'M' 'M' 'M' 'M' 'U' 'M' 'M'
 'M' 'M' 'M' 'M' 'M' 'M' 'U' 'M' 'M' 'M' 'M' 'M' 'M' 'U' 'U' 'A' 'M' 'M'
 'U' 'M' 'M' 'M' 'M' 'U' 'M' 'U' 'M' 'M' 'M' 'M' 'M' 'M' 'U' 'M' 'A' 'M'
 'M' 'A' 'A' 'M' 'U' 'U' 'A' 'A' 'U' 'U' 'A' 'U' 'U' 'M' 'M' 'U' 'U' 'M'
 'M' 'M' 'M' 'M' 'M' 'M' 'M' 'U' 'M' 'M' 'M' 'U' 'M' 'M' 'M' 'M' 'M' 'M'
 'M' 'M' 'M' 'M' 'M' 'M' 'M' 'M' 'M' 'M' 'M' 'M' 'M' 'M' 'M' 'U' 'M' 'M'
 'M' 'M' 'M' 'M' 'M' 'U' 'M' 'M' 'M' 'M' 'M' 'M' 'M' 'M' 'M' 'M' 'M' 'M']"
81101,0,158,6,152,40,0,0,"['A' 'U' 'M' 'M' 'M' 'M' 'M' 'U' 'M' 'M' 'U' 'M' 'M' 'M' 'M' 'U' 'M' 'M'
 'M' 'U' 'U' 'M' 'M' 'M' 'M' 'M' 'M' 'M' 'M' 'M' 'M' 'M' 'M' 'U' 'M' 'M'
 'U' 'M' 'M' 'U' 'U' 'M' 'M' 'M' 'U' 'M' 'M' 'U' 'M' 'M' 'M' 'U' 'M' 'M'
 'M' 'M' 'M' 'M' 'M' 'M' 'U' 'U' 'M' 'M' 'M' 'M' 'M' 'M' 'M' 'M' 'M' 'M'
 'M' 'M' 'M' 'M' 'M' 'M' 'M' 'U' 'M' 'M' 'M' 'U' 'U' 'M' 'M' 'M' 'M' 'M'
 'U' 'M' 'M' 'M' 'U' 'M' 'M' 'M' 'M' 'U' 'M' 'M' 'M' 'U' 'M' 'A' 'U' 'M'
 'U' 'M' 'M' 'M' 'M' 'U' 'M' 'M' 'M' 'M' 'M' 'M' 'M' 'M' 'U' 'M' 'A' 'M'
 'M' 'U' 'A' 'M' 'M' 'U' 'U' 'A' 'U' 'U' 'A' 'U' 'U' 'M' 'M' 'U' 'U' 'M'
 'M' 'M' 'M' 'M' 'M' 'M' 'M' 'U' 'M' 'M' 'M' 'U' 'M' 'M' 'M' 'M' 'M' 'M'
 'M' 'M' 'M' 'M' 'M' 'M' 'M' 'M' 'M' 'M' 'M' 'M' 'M' 'M' 'M' 'U' 'M' 'M'
 'M' 'M' 'M' 'M' 'M' 'U' 'M' 'M' 'M' 'M' 'M' 'M' 'M' 'M' 'M' 'U' 'M' 'M']"
81201,0,160,7,153,38,0,0,"['A' 'U' 'M' 'M' 'M' 'M' 'M' 'U' 'M' 'M' 'U' 'M' 'M' 'M' 'M' 'U' 'M' 'M'
 'M' 'U' 'U' 'M' 'M' 'M' 'M' 'U' 'M' 'M' 'M' 'M' 'M' 'M' 'M' 'M' 'M' 'M'
 'A' 'M' 'M' 'U' 'U' 'M' 'U' 'M' 'U' 'M' 'M' 'U' 'M' 'M' 'M' 'U' 'M' 'M'
 'M' 'M' 'M' 'U' 'M' 'M' 'U' 'U' 'M' 'M' 'M' 'M' 'M' 'M' 'M' 'M' 'U' 'M'
 'M' 'M' 'M' 'M' 'M' 'U' 'M' 'M' 'M' 'M' 'M' 'M' 'M' 'M' 'M' 'M' 'M' 'U'
 'U' 'U' 'M' 'M' 'M' 'M' 'M' 'M' 'M' 'M' 'M' 'M' 'M' 'U' 'M' 'A' 'U' 'M'
 'M' 'M' 'M' 'M' 'M' 'M' 'M' 'M' 'M' 'M' 'M' 'M' 'M' 'U' 'A' 'M' 'A' 'M'
 'M' 'U' 'U' 'M' 'M' 'U' 'U' 'U' 'M' 'U' 'A' 'U' 'U' 'M' 'M' 'M' 'M' 'M'
 'M' 'M' 'M' 'M' 'M' 'M' 'M' 'A' 'M' 'M' 'M' 'U' 'M' 'M' 'M' 'M' 'U' 'M'
 'M' 'M' 'M' 'M' 'M' 'M' 'M' 'M' 'M' 'M' 'M' 'M' 'M' 'M' 'M' 'U' 'M' 'M'
 'M' 'M' 'M' 'M' 'M' 'U' 'M' 'M' 'U' 'M' 'M' 'M' 'M' 'M' 'M' 'U' 'M' 'M']"
81301,0,166,7,159,32,0,1,"['A' 'M' 'M' 'M' 'M' 'M' 'M' 'U' 'U' 'M' 'M' 'M' 'M' 'M' 'M' 'U' 'M' 'M'
 'M' 'M' 'U' 'M' 'M' 'M' 'M' 'M' 'M' 'M' 'M' 'M' 'M' 'M' 'M' 'M' 'M' 'M'
 'U' 'M' 'M' 'U' 'M' 'U' 'U' 'M' 'M' 'M' 'M' 'U' 'M' 'M' 'M' 'A' 'M' 'M'
 'M' 'M' 'M' 'U' 'M' 'M' 'U' 'M' 'M' 'M' 'M' 'M' 'M' 'U' 'M' 'U' 'M' 'U'
 'M' 'M' 'U' 'M' 'M' 'M' 'M' 'M' 'M' 'U' 'M' 'M' 'M' 'M' 'M' 'M' 'M' 'M'
 'M' 'M' 'M' 'M' 'M' 'M' 'U' 'M' 'M' 'M' 'M' 'M' 'M' 'M' 'M' 'A' 'U' 'M'
 'M' 'M' 'M' 'M' 'M' 'M' 'M' 'M' 'M' 'M' 'M' 'M' 'M' 'U' 'A' 'M' 'A' 'M'
 'M' 'U' 'U' 'M' 'M' 'U' 'M' 'M' 'M' 'U' 'A' 'U' 'U' 'M' 'M' 'M' 'M' 'M'
 'M' 'M' 'M' 'M' 'M' 'M' 'M' 'A' 'M' 'M' 'M' 'U' 'M' 'U' 'M' 'M' 'U' 'M'
 'M' 'M' 'M' 'M' 'M' 'M' 'M' 'M' 'M' 'M' 'M' 'M' 'U' 'M' 'M' 'U' 'M' 'M'
 'M' 'M' 'M' 'M' 'M' 'U' 'M' 'M' 'M' 'M' 'M' 'M' 'M' 'M' 'M' 'U' 'M' 'M']"
81401,0,163,6,157,35,0,0,"['A' 'M' 'M' 'M' 'M' 'M' 'M' 'U' 'M' 'M' 'M' 'M' 'M' 'M' 'M' 'U' 'M' 'M'
 'M' 'M' 'U' 'M' 'M' 'M' 'M' 'M' 'M' 'M' 'M' 'M' 'M' 'M' 'M' 'U' 'M' 'U'
 'U' 'M' 'M' 'U' 'M' 'U' 'U' 'M' 'M' 'M' 'M' 'U' 'M' 'M' 'M' 'A' 'M' 'M'
 'M' 'M' 'M' 'U' 'M' 'M' 'U' 'M' 'M' 'M' 'M' 'M' 'M' 'M' 'M' 'U' 'U' 'M'
 'M' 'M' 'U' 'M' 'M' 'M' 'M' 'M' 'M' 'M' 'M' 'M' 'M' 'M' 'U' 'U' 'M' 'M'
 'M' 'M' 'M' 'M' 'M' 'M' 'U' 'M' 'M' 'U' 'M' 'M' 'M' 'M' 'M' 'A' 'U' 'M'
 'M' 'M' 'M' 'M' 'M' 'M' 'M' 'M' 'M' 'M' 'M' 'M' 'U' 'U' 'A' 'M' 'A' 'M'
 'M' 'U' 'U' 'M' 'M' 'U' 'M' 'M' 'M' 'U' 'U' 'U' 'M' 'M' 'M' 'U' 'M' 'M'
 'M' 'M' 'M' 'M' 'M' 'M' 'M' 'A' 'M' 'M' 'M' 'M' 'M' 'M' 'M' 'M' 'U' 'U'
 'M' 'M' 'M' 'M' 'M' 'M' 'M' 'M' 'M' 'M' 'M' 'M' 'U' 'M' 'M' 'M' 'M' 'M'
 'M' 'M' 'U' 'M' 'M' 'U' 'M' 'M' 'M' 'M' 'M' 'M' 'M' 'M' 'M' 'U' 'M' 'M']"
81501,0,161,8,153,37,0,1,"['A' 'M' 'M' 'M' 'M' 'U' 'M' 'M' 'M' 'M' 'M' 'M' 'M' 'M' 'M' 'M' 'M' 'M'
 'U' 'M' 'M' 'M' 'M' 'M' 'M' 'M' 'M' 'M' 'M' 'M' 'M' 'M' 'M' 'U' 'M' 'U'
 'U' 'M' 'M' 'U' 'M' 'U' 'U' 'M' 'M' 'M' 'M' 'U' 'M' 'M' 'M' 'A' 'M' 'M'
 'M' 'M' 'M' 'M' 'M' 'U' 'M' 'M' 'M' 'M' 'M' 'M' 'M' 'M' 'M' 'U' 'M' 'M'
 'M' 'M' 'M' 'M' 'U' 'M' 'M' 'U' 'M' 'M' 'M' 'U' 'M' 'M' 'M' 'M' 'M' 'M'
 'M' 'M' 'U' 'M' 'M' 'M' 'M' 'M' 'M' 'U' 'M' 'M' 'U' 'M' 'U' 'A' 'U' 'M'
 'M' 'M' 'M' 'M' 'M' 'M' 'M' 'M' 'M' 'M' 'M' 'M' 'U' 'U' 'A' 'M' 'A' 'U'
 'M' 'M' 'U' 'M' 'M' 'U' 'U' 'U' 'U' 'U' 'U' 'A' 'U' 'M' 'M' 'A' 'M' 'M'
 'M' 'M' 'U' 'M' 'M' 'M' 'M' 'U' 'M' 'M' 'M' 'M' 'M' 'M' 'M' 'M' 'M' 'A'
 'M' 'M' 'M' 'M' 'M' 'M' 'M' 'M' 'M' 'M' 'M' 'M' 'U' 'M' 'M' 'M' 'M' 'M'
 'M' 'M' 'U' 'M' 'M' 'U' 'M' 'U' 'M' 'U' 'M' 'M' 'M' 'M' 'M' 'M' 'M' 'M']"
81601,0,162,5,157,36,0,0,"['A' 'M' 'M' 'M' 'M' 'U' 'M' 'M' 'M' 'M' 'U' 'M' 'M' 'M' 'M' 'M' 'M' 'M'
 'U' 'M' 'M' 'M' 'M' 'M' 'M' 'M' 'M' 'M' 'M' 'M' 'M' 'M' 'M' 'U' 'M' 'M'
 'U' 'M' 'M' 'U' 'M' 'U' 'U' 'M' 'M' 'M' 'M' 'U' 'M' 'M' 'M' 'M' 'M' 'M'
 'M' 'M' 'M' 'M' 'M' 'U' 'M' 'M' 'M' 'M' 'M' 'M' 'M' 'M' 'M' 'M' 'M' 'M'
 'M' 'M' 'M' 'U' 'M' 'M' 'M' 'M' 'U' 'M' 'M' 'U' 'M' 'M' 'M' 'M' 'M' 'U'
 'M' 'U' 'M' 'M' 'M' 'M' 'M' 'M' 'M' 'U' 'M' 'M' 'U' 'M' 'U' 'A' 'M' 'M'
 'M' 'M' 'U' 'M' 'M' 'M' 'M' 'M' 'M' 'M' 'M' 'M' 'M' 'U' 'A' 'M' 'U' 'M'
 'M' 'U' 'U' 'M' 'M' 'U' 'M' 'U' 'M' 'M' 'U' 'U' 'U' 'M' 'M' 'A' 'M' 'M'
 'M' 'M' 'M' 'M' 'M' 'M' 'M' 'U' 'U' 'M' 'M' 'M' 'M' 'M' 'M' 'M' 'M' 'A'
 'M' 'M' 'M' 'M' 'M' 'M' 'M' 'M' 'M' 'M' 'U' 'U' 'U' 'M' 'M' 'M' 'M' 'M'
 'M' 'M' 'U' 'M' 'M' 'U' 'M' 'U' 'M' 'M' 'M' 'M' 'M' 'M' 'M' 'M' 'M' 'M']"
81701,0,170,6,164,28,1,0,"['A' 'M' 'M' 'M' 'M' 'U' 'M' 'M' 'M' 'M' 'U' 'M' 'M' 'M' 'M' 'M' 'M' 'M'
 'M' 'M' 'M' 'M' 'M' 'M' 'M' 'M' 'M' 'M' 'M' 'M' 'M' 'M' 'M' 'M' 'M' 'M'
 'M' 'M' 'M' 'M' 'M' 'M' 'U' 'M' 'M' 'M' 'M' 'M' 'M' 'M' 'M' 'M' 'M' 'M'
 'M' 'M' 'M' 'M' 'M' 'U' 'M' 'M' 'M' 'M' 'M' 'M' 'U' 'M' 'M' 'M' 'M' 'M'
 'M' 'M' 'M' 'M' 'M' 'U' 'M' 'U' 'M' 'M' 'M' 'M' 'M' 'M' 'M' 'M' 'U' 'U'
 'M' 'M' 'M' 'M' 'M' 'M' 'M' 'M' 'M' 'U' 'M' 'M' 'M' 'M' 'A' 'A' 'M' 'U'
 'M' 'M' 'U' 'M' 'M' 'M' 'M' 'M' 'M' 'M' 'M' 'M' 'M' 'U' 'A' 'M' 'U' 'M'
 'M' 'M' 'U' 'M' 'M' 'M' 'U' 'U' 'U' 'U' 'U' 'U' 'U' 'M' 'M' 'A' 'M' 'M'
 'M' 'M' 'M' 'M' 'M' 'M' 'M' 'U' 'U' 'M' 'M' 'M' 'M' 'M' 'M' 'M' 'M' 'A'
 'M' 'M' 'M' 'M' 'M' 'M' 'M' 'M' 'M' 'M' 'M' 'U' 'U' 'M' 'M' 'M' 'M' 'M'
 'M' 'M' 'M' 'M' 'M' 'U' 'M' 'U' 'M' 'M' 'M' 'M' 'M' 'M' 'M' 'M' 'M' 'M']"
81801,0,162,5,157,36,0,0,"['A' 'M' 'M' 'U' 'M' 'U' 'M' 'M' 'M' 'M' 'M' 'M' 'U' 'M' 'M' 'M' 'M' 'M'
 'M' 'M' 'M' 'M' 'M' 'U' 'M' 'M' 'M' 'M' 'U' 'U' 'M' 'M' 'M' 'M' 'M' 'M'
 'M' 'U' 'M' 'M' 'M' 'U' 'M' 'M' 'M' 'M' 'M' 'M' 'M' 'M' 'M' 'M' 'M' 'M'
 'M' 'M' 'M' 'M' 'M' 'A' 'M' 'M' 'M' 'M' 'M' 'M' 'M' 'M' 'M' 'M' 'M' 'M'
 'M' 'M' 'M' 'M' 'M' 'M' 'M' 'M' 'M' 'U' 'U' 'M' 'M' 'U' 'M' 'U' 'M' 'M'
 'M' 'M' 'U' 'M' 'M' 'M' 'M' 'M' 'M' 'U' 'M' 'M' 'M' 'M' 'A' 'A' 'M' 'U'
 'M' 'M' 'U' 'M' 'M' 'M' 'M' 'M' 'M' 'M' 'M' 'M' 'M' 'U' 'U' 'M' 'U' 'M'
 'M' 'M' 'U' 'M' 'M' 'M' 'U' 'U' 'M' 'U' 'U' 'U' 'M' 'M' 'M' 'A' 'M' 'M'
 'M' 'M' 'M' 'U' 'M' 'M' 'M' 'U' 'U' 'M' 'M' 'M' 'M' 'U' 'M' 'M' 'U' 'U'
 'M' 'M' 'M' 'M' 'M' 'M' 'M' 'M' 'U' 'M' 'M' 'U' 'U' 'M' 'M' 'M' 'M' 'M'
 'M' 'M' 'M' 'M' 'M' 'U' 'M' 'U' 'M' 'M' 'M' 'M' 'M' 'M' 'M' 'M' 'M' 'M']"
81901,0,160,4,156,38,0,0,"['A' 'M' 'U' 'M' 'M' 'U' 'M' 'M' 'M' 'M' 'M' 'M' 'M' 'M' 'U' 'M' 'M' 'U'
 'M' 'M' 'M' 'M' 'M' 'U' 'M' 'M' 'M' 'M' 'U' 'U' 'M' 'M' 'M' 'M' 'M' 'M'
 'M' 'M' 'M' 'M' 'M' 'U' 'M' 'U' 'M' 'M' 'M' 'U' 'M' 'M' 'M' 'M' 'M' 'M'
 'M' 'M' 'M' 'M' 'M' 'U' 'M' 'M' 'M' 'M' 'M' 'M' 'M' 'M' 'U' 'U' 'M' 'M'
 'U' 'M' 'M' 'M' 'M' 'M' 'M' 'M' 'M' 'U' 'M' 'M' 'M' 'M' 'M' 'M' 'M' 'M'
 'M' 'U' 'M' 'M' 'M' 'M' 'M' 'M' 'U' 'U' 'M' 'M' 'M' 'M' 'A' 'A' 'M' 'U'
 'M' 'M' 'U' 'M' 'M' 'M' 'M' 'M' 'M' 'M' 'M' 'M' 'U' 'U' 'U' 'U' 'M' 'M'
 'M' 'M' 'M' 'M' 'M' 'M' 'U' 'M' 'M' 'M' 'U' 'U' 'M' 'M' 'M' 'A' 'M' 'M'
 'U' 'M' 'M' 'U' 'M' 'M' 'M' 'M' 'M' 'M' 'M' 'M' 'M' 'U' 'M' 'M' 'U' 'M'
 'M' 'M' 'M' 'M' 'M' 'M' 'M' 'M' 'U' 'M' 'M' 'U' 'U' 'U' 'M' 'M' 'M' 'M'
 'M' 'M' 'M' 'M' 'M' 'U' 'M' 'U' 'M' 'M' 'M' 'M' 'M' 'M' 'M' 'U' 'M' 'M']"
82001,0,156,5,151,42,0,0,"['A' 'M' 'M' 'M' 'M' 'U' 'M' 'M' 'M' 'M' 'M' 'M' 'M' 'M' 'M' 'M' 'M' 'U'
 'M' 'M' 'M' 'M' 'M' 'U' 'M' 'M' 'M' 'M' 'U' 'U' 'M' 'M' 'M' 'M' 'M' 'M'
 'M' 'M' 'U' 'U' 'M' 'U' 'M' 'U' 'M' 'M' 'M' 'U' 'M' 'M' 'M' 'M' 'M' 'M'
 'M' 'M' 'M' 'M' 'M' 'A' 'M' 'M' 'M' 'M' 'M' 'M' 'M' 'M' 'M' 'M' 'M' 'U'
 'M' 'M' 'M' 'M' 'M' 'M' 'M' 'M' 'M' 'U' 'M' 'M' 'U' 'M' 'M' 'M' 'M' 'U'
 'M' 'U' 'M' 'M' 'M' 'M' 'M' 'M' 'U' 'U' 'M' 'M' 'U' 'M' 'A' 'A' 'M' 'U'
 'M' 'M' 'U' 'M' 'M' 'M' 'M' 'M' 'M' 'U' 'M' 'M' 'U' 'U' 'U' 'U' 'U' 'U'
 'M' 'M' 'M' 'M' 'M' 'M' 'M' 'M' 'M' 'M' 'U' 'M' 'M' 'M' 'M' 'A' 'M' 'M'
 'M' 'M' 'M' 'U' 'M' 'M' 'M' 'M' 'U' 'M' 'M' 'M' 'M' 'M' 'M' 'M' 'U' 'M'
 'M' 'M' 'M' 'M' 'M' 'M' 'M' 'M' 'U' 'M' 'M' 'U' 'U' 'U' 'M' 'U' 'M' 'M'
 'M' 'U' 'U' 'M' 'M' 'U' 'M' 'U' 'U' 'M' 'M' 'M' 'M' 'M' 'M' 'U' 'M' 'M']"
82101,0,160,4,156,38,0,1,"['A' 'M' 'M' 'M' 'M' 'M' 'M' 'M' 'M' 'M' 'M' 'M' 'M' 'M' 'M' 'M' 'M' 'U'
 'M' 'M' 'M' 'M' 'M' 'U' 'M' 'M' 'M' 'M' 'M' 'U' 'M' 'U' 'M' 'M' 'M' 'M'
 'M' 'M' 'U' 'U' 'M' 'M' 'M' 'U' 'M' 'M' 'M' 'M' 'M' 'M' 'M' 'M' 'M' 'M'
 'M' 'M' 'M' 'M' 'M' 'U' 'M' 'A' 'M' 'M' 'M' 'M' 'M' 'M' 'M' 'M' 'M' 'M'
 'M' 'M' 'M' 'U' 'M' 'M' 'M' 'M' 'U' 'M' 'M' 'M' 'M' 'M' 'M' 'U' 'M' 'U'
 'M' 'M' 'M' 'U' 'M' 'M' 'M' 'M' 'U' 'U' 'M' 'M' 'M' 'M' 'U' 'A' 'M' 'U'
 'M' 'M' 'U' 'M' 'M' 'M' 'M' 'M' 'M' 'U' 'M' 'M' 'M' 'U' 'U' 'U' 'M' 'M'
 'M' 'M' 'M' 'M' 'M' 'M' 'M' 'M' 'M' 'M' 'U' 'M' 'M' 'M' 'U' 'U' 'M' 'M'
 'M' 'M' 'M' 'U' 'M' 'M' 'M' 'M' 'U' 'M' 'M' 'M' 'M' 'M' 'M' 'M' 'U' 'U'
 'M' 'M' 'M' 'M' 'M' 'M' 'M' 'M' 'U' 'M' 'U' 'U' 'M' 'U' 'M' 'U' 'M' 'M'
 'M' 'U' 'U' 'M' 'M' 'M' 'M' 'U' 'A' 'M' 'M' 'M' 'M' 'M' 'M' 'U' 'M' 'M']"
82201,0,154,4,150,44,0,0,"['A' 'M' 'M' 'M' 'M' 'M' 'M' 'M' 'M' 'U' 'M' 'M' 'M' 'M' 'M' 'M' 'M' 'M'
 'M' 'M' 'M' 'M' 'U' 'U' 'M' 'M' 'M' 'M' 'M' 'U' 'M' 'U' 'U' 'M' 'M' 'M'
 'M' 'M' 'U' 'U' 'M' 'M' 'M' 'M' 'M' 'M' 'M' 'M' 'M' 'M' 'M' 'M' 'M' 'M'
 'M' 'M' 'M' 'M' 'M' 'U' 'M' 'U' 'M' 'M' 'M' 'M' 'U' 'U' 'M' 'M' 'M' 'U'
 'M' 'M' 'M' 'M' 'M' 'M' 'M' 'U' 'U' 'M' 'M' 'M' 'M' 'M' 'M' 'M' 'M' 'M'
 'M' 'M' 'M' 'M' 'M' 'M' 'M' 'M' 'M' 'M' 'M' 'M' 'M' 'M' 'M' 'A' 'M' 'U'
 'M' 'M' 'U' 'M' 'M' 'M' 'M' 'A' 'M' 'U' 'M' 'M' 'M' 'U' 'M' 'U' 'M' 'M'
 'M' 'U' 'M' 'M' 'M' 'U' 'U' 'U' 'U' 'U' 'M' 'U' 'U' 'M' 'U' 'U' 'M' 'M'
 'M' 'M' 'M' 'U' 'M' 'M' 'M' 'M' 'U' 'M' 'M' 'M' 'M' 'M' 'M' 'M' 'U' 'M'
 'M' 'M' 'M' 'M' 'M' 'U' 'M' 'M' 'U' 'M' 'U' 'U' 'M' 'U' 'M' 'U' 'M' 'M'
 'M' 'U' 'U' 'M' 'M' 'M' 'M' 'U' 'A' 'M' 'M' 'M' 'M' 'M' 'U' 'U' 'M' 'M']"
82301,0,159,4,155,39,0,0,"['A' 'M' 'M' 'M' 'M' 'M' 'M' 'M' 'M' 'U' 'M' 'M' 'M' 'M' 'M' 'M' 'M' 'M'
 'M' 'M' 'M' 'M' 'M' 'U' 'M' 'M' 'M' 'M' 'M' 'U' 'M' 'M' 'U' 'U' 'M' 'M'
 'M' 'M' 'U' 'U' 'M' 'M' 'M' 'M' 'M' 'M' 'M' 'M' 'M' 'M' 'M' 'M' 'M' 'M'
 'M' 'M' 'M' 'U' 'M' 'U' 'M' 'U' 'M' 'M' 'M' 'M' 'U' 'M' 'M' 'M' 'M' 'M'
 'M' 'U' 'M' 'U' 'M' 'M' 'M' 'M' 'U' 'M' 'M' 'M' 'M' 'M' 'M' 'M' 'M' 'M'
 'M' 'M' 'M' 'M' 'U' 'M' 'M' 'M' 'M' 'M' 'M' 'M' 'M' 'M' 'M' 'A' 'M' 'U'
 'M' 'M' 'U' 'M' 'M' 'M' 'M' 'A' 'M' 'U' 'M' 'M' 'M' 'M' 'M' 'U' 'M' 'M'
 'M' 'U' 'M' 'M' 'M' 'U' 'M' 'U' 'M' 'U' 'U' 'M' 'U' 'M' 'M' 'U' 'M' 'M'
 'M' 'M' 'M' 'U' 'M' 'M' 'M' 'M' 'M' 'M' 'U' 'M' 'M' 'M' 'U' 'M' 'U' 'M'
 'M' 'M' 'M' 'M' 'M' 'U' 'M' 'M' 'U' 'M' 'M' 'U' 'M' 'U' 'M' 'M' 'M' 'M'
 'M' 'U' 'U' 'M' 'M' 'M' 'M' 'U' 'A' 'M' 'M' 'M' 'M' 'M' 'U' 'U' 'M' 'M']"
82401,0,166,6,160,32,0,0,"['A' 'M' 'M' 'M' 'M' 'M' 'M' 'M' 'M' 'A' 'M' 'M' 'U' 'M' 'M' 'M' 'M' 'M'
 'M' 'M' 'M' 'M' 'M' 'U' 'M' 'M' 'M' 'M' 'M' 'U' 'M' 'U' 'M' 'U' 'M' 'U'
 'M' 'M' 'U' 'M' 'M' 'M' 'M' 'M' 'M' 'M' 'M' 'M' 'M' 'M' 'M' 'M' 'M' 'M'
 'M' 'M' 'M' 'M' 'M' 'U' 'M' 'U' 'M' 'M' 'U' 'M' 'M' 'M' 'M' 'M' 'M' 'M'
 'U' 'M' 'M' 'M' 'M' 'M' 'M' 'M' 'M' 'M' 'M' 'U' 'M' 'M' 'M' 'M' 'M' 'M'
 'U' 'U' 'M' 'U' 'M' 'M' 'M' 'M' 'M' 'M' 'M' 'M' 'M' 'M' 'M' 'A' 'M' 'U'
 'M' 'M' 'M' 'M' 'M' 'M' 'M' 'A' 'M' 'M' 'M' 'M' 'M' 'M' 'M' 'M' 'M' 'U'
 'M' 'U' 'M' 'M' 'M' 'M' 'M' 'U' 'M' 'M' 'U' 'M' 'M' 'M' 'M' 'U' 'M' 'M'
 'M' 'M' 'M' 'A' 'M' 'M' 'M' 'M' 'M' 'M' 'M' 'M' 'M' 'M' 'U' 'M' 'U' 'M'
 'M' 'M' 'M' 'M' 'M' 'U' 'M' 'U' 'U' 'M' 'M' 'U' 'M' 'M' 'M' 'M' 'M' 'M'
 'M' 'U' 'U' 'M' 'M' 'M' 'M' 'U' 'A' 'M' 'U' 'M' 'M' 'M' 'U' 'M' 'M' 'M']"
82501,0,158,3,155,40,0,0,"['A' 'M' 'M' 'M' 'M' 'M' 'M' 'M' 'M' 'A' 'M' 'M' 'U' 'M' 'M' 'M' 'M' 'M'
 'M' 'M' 'M' 'M' 'M' 'U' 'U' 'M' 'M' 'M' 'M' 'U' 'M' 'U' 'M' 'M' 'M' 'U'
 'M' 'M' 'U' 'M' 'M' 'M' 'M' 'M' 'M' 'M' 'M' 'M' 'M' 'M' 'M' 'M' 'M' 'M'
 'M' 'M' 'M' 'M' 'M' 'M' 'M' 'M' 'M' 'U' 'U' 'U' 'M' 'M' 'M' 'U' 'M' 'M'
 'M' 'M' 'M' 'M' 'M' 'M' 'M' 'M' 'M' 'M' 'M' 'M' 'U' 'M' 'M' 'M' 'U' 'U'
 'M' 'M' 'M' 'M' 'M' 'M' 'M' 'M' 'M' 'M' 'M' 'M' 'M' 'M' 'M' 'A' 'M' 'M'
 'U' 'M' 'M' 'M' 'M' 'M' 'U' 'U' 'M' 'M' 'U' 'M' 'M' 'U' 'M' 'M' 'M' 'U'
 'M' 'U' 'M' 'M' 'M' 'M' 'U' 'U' 'M' 'M' 'M' 'M' 'U' 'M' 'M' 'U' 'M' 'M'
 'M' 'M' 'M' 'U' 'M' 'U' 'M' 'M' 'M' 'M' 'U' 'M' 'M' 'M' 'U' 'M' 'U' 'M'
 'M' 'M' 'M' 'M' 'M' 'M' 'M' 'U' 'U' 'M' 'M' 'U' 'M' 'M' 'M' 'M' 'U' 'M'
 'M' 'U' 'U' 'M' 'M' 'M' 'M' 'M' 'U' 'M' 'U' 'M' 'U' 'M' 'U' 'M' 'M' 'M']"
82601,0,160,4,156,38,0,0,"['A' 'M' 'M' 'M' 'M' 'M' 'M' 'M' 'M' 'A' 'M' 'M' 'U' 'M' 'M' 'M' 'M' 'M'
 'M' 'M' 'M' 'M' 'M' 'U' 'U' 'M' 'M' 'M' 'M' 'M' 'U' 'U' 'M' 'M' 'M' 'U'
 'M' 'M' 'M' 'M' 'M' 'M' 'M' 'M' 'M' 'M' 'M' 'M' 'M' 'M' 'U' 'M' 'M' 'M'
 'M' 'M' 'M' 'M' 'M' 'M' 'M' 'M' 'M' 'M' 'U' 'M' 'M' 'M' 'M' 'M' 'U' 'M'
 'M' 'M' 'U' 'M' 'M' 'M' 'M' 'M' 'M' 'M' 'U' 'M' 'M' 'M' 'M' 'M' 'M' 'M'
 'U' 'M' 'M' 'M' 'U' 'U' 'M' 'M' 'M' 'M' 'M' 'M' 'M' 'M' 'M' 'A' 'M' 'M'
 'U' 'M' 'U' 'M' 'M' 'M' 'U' 'U' 'M' 'M' 'M' 'M' 'M' 'U' 'M' 'M' 'M' 'U'
 'M' 'U' 'M' 'M' 'M' 'M' 'U' 'U' 'M' 'M' 'M' 'M' 'U' 'M' 'M' 'U' 'M' 'M'
 'M' 'M' 'M' 'U' 'M' 'U' 'M' 'M' 'M' 'M' 'U' 'M' 'M' 'M' 'M' 'M' 'U' 'M'
 'M' 'M' 'M' 'M' 'M' 'M' 'M' 'M' 'U' 'M' 'M' 'U' 'M' 'U' 'M' 'M' 'U' 'M'
 'M' 'U' 'A' 'M' 'M' 'M' 'M' 'M' 'U' 'M' 'U' 'M' 'U' 'M' 'M' 'U' 'M' 'M']"
82701,0,162,5,157,36,0,0,"['A' 'M' 'M' 'M' 'M' 'M' 'M' 'M' 'M' 'A' 'M' 'M' 'U' 'M' 'M' 'U' 'M' 'M'
 'M' 'M' 'M' 'M' 'M' 'U' 'M' 'M' 'M' 'M' 'M' 'M' 'U' 'U' 'M' 'M' 'M' 'U'
 'M' 'M' 'M' 'M' 'M' 'U' 'M' 'M' 'M' 'M' 'M' 'M' 'M' 'M' 'M' 'M' 'M' 'M'
 'M' 'M' 'M' 'M' 'M' 'M' 'M' 'M' 'M' 'M' 'M' 'M' 'M' 'M' 'U' 'M' 'M' 'M'
 'M' 'M' 'M' 'M' 'M' 'M' 'M' 'M' 'M' 'M' 'M' 'M' 'U' 'M' 'M' 'U' 'U' 'M'
 'M' 'M' 'M' 'M' 'U' 'M' 'M' 'M' 'M' 'U' 'M' 'U' 'M' 'M' 'U' 'A' 'M' 'M'
 'U' 'M' 'M' 'M' 'M' 'M' 'U' 'U' 'M' 'M' 'M' 'M' 'M' 'U' 'M' 'M' 'M' 'U'
 'M' 'M' 'M' 'M' 'M' 'M' 'M' 'U' 'M' 'M' 'M' 'M' 'U' 'M' 'M' 'U' 'M' 'U'
 'M' 'M' 'M' 'M' 'U' 'U' 'M' 'M' 'M' 'M' 'A' 'M' 'M' 'M' 'M' 'U' 'U' 'M'
 'U' 'M' 'M' 'M' 'M' 'M' 'M' 'M' 'U' 'M' 'M' 'M' 'M' 'U' 'M' 'M' 'U' 'M'
 'M' 'U' 'A' 'M' 'M' 'M' 'M' 'M' 'U' 'M' 'U' 'M' 'U' 'M' 'M' 'M' 'M' 'M']"
82801,0,171,7,164,27,0,0,"['A' 'M' 'M' 'M' 'M' 'M' 'M' 'M' 'M' 'U' 'M' 'M' 'U' 'M' 'M' 'U' 'M' 'M'
 'M' 'M' 'M' 'M' 'M' 'A' 'U' 'M' 'M' 'M' 'M' 'M' 'M' 'U' 'M' 'M' 'M' 'U'
 'M' 'M' 'M' 'M' 'M' 'U' 'M' 'M' 'M' 'M' 'M' 'M' 'M' 'M' 'M' 'M' 'M' 'M'
 'M' 'M' 'M' 'M' 'M' 'M' 'U' 'M' 'M' 'M' 'M' 'M' 'M' 'U' 'M' 'M' 'M' 'M'
 'M' 'M' 'M' 'M' 'M' 'M' 'U' 'M' 'M' 'U' 'M' 'M' 'M' 'M' 'M' 'M' 'M' 'M'
 'U' 'M' 'U' 'M' 'M' 'M' 'M' 'M' 'M' 'M' 'M' 'U' 'M' 'M' 'A' 'A' 'M' 'M'
 'U' 'M' 'M' 'M' 'M' 'M' 'M' 'M' 'M' 'M' 'M' 'M' 'M' 'U' 'M' 'M' 'M' 'U'
 'M' 'M' 'M' 'M' 'M' 'M' 'M' 'M' 'M' 'M' 'M' 'M' 'A' 'M' 'M' 'U' 'U' 'M'
 'M' 'M' 'M' 'M' 'M' 'U' 'M' 'M' 'U' 'M' 'A' 'M' 'M' 'M' 'M' 'M' 'M' 'M'
 'U' 'M' 'M' 'U' 'M' 'M' 'M' 'M' 'M' 'M' 'U' 'M' 'M' 'M' 'M' 'M' 'U' 'M'
 'M' 'M' 'A' 'M' 'M' 'M' 'M' 'M' 'U' 'M' 'U' 'M' 'M' 'M' 'M' 'M' 'M' 'M']"
82901,0,169,4,165,29,0,0,"['A' 'M' 'M' 'M' 'M' 'U' 'M' 'M' 'M' 'U' 'M' 'M' 'M' 'M' 'M' 'U' 'M' 'U'
 'M' 'M' 'M' 'M' 'M' 'M' 'U' 'M' 'M' 'M' 'M' 'M' 'M' 'U' 'M' 'M' 'M' 'U'
 'M' 'M' 'M' 'M' 'U' 'U' 'M' 'M' 'M' 'M' 'M' 'M' 'M' 'M' 'M' 'M' 'M' 'M'
 'M' 'M' 'M' 'M' 'M' 'M' 'M' 'M' 'M' 'M' 'M' 'M' 'M' 'M' 'M' 'M' 'M' 'M'
 'M' 'M' 'M' 'M' 'M' 'M' 'M' 'U' 'M' 'U' 'M' 'M' 'M' 'M' 'M' 'M' 'U' 'M'
 'M' 'U' 'M' 'U' 'M' 'M' 'M' 'M' 'M' 'M' 'M' 'U' 'M' 'M' 'A' 'U' 'M' 'M'
 'U' 'M' 'M' 'M' 'M' 'M' 'M' 'M' 'M' 'M' 'M' 'M' 'M' 'U' 'M' 'M' 'M' 'U'
 'M' 'M' 'M' 'M' 'M' 'M' 'M' 'M' 'M' 'M' 'M' 'M' 'U' 'M' 'M' 'U' 'U' 'M'
 'M' 'M' 'M' 'M' 'M' 'A' 'M' 'M' 'U' 'M' 'U' 'M' 'M' 'M' 'M' 'M' 'M' 'M'
 'M' 'M' 'M' 'U' 'M' 'M' 'M' 'M' 'M' 'M' 'U' 'M' 'M' 'M' 'M' 'M' 'U' 'M'
 'M' 'M' 'A' 'M' 'M' 'M' 'M' 'M' 'U' 'M' 'U' 'M' 'M' 'M' 'M' 'M' 'M' 'M']"
83001,0,163,4,159,35,0,0,"['A' 'M' 'M' 'M' 'M' 'U' 'M' 'M' 'M' 'U' 'M' 'M' 'M' 'M' 'U' 'U' 'M' 'U'
 'M' 'M' 'M' 'M' 'M' 'M' 'U' 'M' 'M' 'M' 'M' 'M' 'M' 'U' 'M' 'M' 'U' 'M'
 'M' 'M' 'U' 'M' 'U' 'U' 'M' 'M' 'M' 'M' 'M' 'M' 'M' 'U' 'M' 'M' 'U' 'M'
 'M' 'M' 'M' 'M' 'M' 'M' 'M' 'M' 'M' 'M' 'M' 'M' 'M' 'U' 'U' 'M' 'M' 'M'
 'M' 'U' 'M' 'M' 'M' 'M' 'M' 'M' 'M' 'M' 'M' 'M' 'M' 'M' 'M' 'M' 'M' 'M'
 'M' 'M' 'U' 'M' 'U' 'U' 'M' 'M' 'U' 'M' 'M' 'U' 'M' 'M' 'A' 'U' 'M' 'M'
 'M' 'M' 'M' 'M' 'M' 'M' 'M' 'M' 'M' 'M' 'M' 'M' 'M' 'U' 'M' 'M' 'M' 'U'
 'M' 'M' 'M' 'M' 'M' 'M' 'M' 'M' 'M' 'M' 'M' 'M' 'M' 'M' 'M' 'U' 'U' 'M'
 'M' 'U' 'M' 'M' 'M' 'A' 'M' 'U' 'M' 'M' 'U' 'M' 'M' 'M' 'M' 'M' 'M' 'M'
 'M' 'M' 'M' 'M' 'M' 'M' 'M' 'M' 'M' 'M' 'U' 'M' 'M' 'M' 'M' 'M' 'U' 'M'
 'M' 'M' 'A' 'M' 'M' 'M' 'U' 'M' 'U' 'M' 'U' 'U' 'M' 'M' 'M' 'M' 'M' 'M']"
83101,0,162,5,157,36,1,0,"['A' 'M' 'U' 'M' 'M' 'M' 'M' 'M' 'M' 'U' 'M' 'M' 'M' 'M' 'U' 'U' 'M' 'M'
 'U' 'M' 'M' 'M' 'M' 'M' 'M' 'U' 'M' 'M' 'M' 'M' 'M' 'U' 'M' 'M' 'U' 'M'
 'M' 'M' 'U' 'M' 'U' 'U' 'M' 'M' 'M' 'M' 'M' 'M' 'M' 'U' 'M' 'M' 'U' 'M'
 'M' 'M' 'M' 'M' 'M' 'M' 'M' 'M' 'M' 'M' 'M' 'M' 'M' 'M' 'M' 'M' 'M' 'M'
 'M' 'M' 'M' 'U' 'U' 'M' 'M' 'U' 'U' 'M' 'M' 'M' 'M' 'M' 'M' 'U' 'M' 'M'
 'M' 'M' 'M' 'M' 'M' 'U' 'M' 'U' 'U' 'M' 'M' 'U' 'M' 'M' 'A' 'M' 'M' 'M'
 'M' 'M' 'M' 'M' 'M' 'M' 'M' 'M' 'M' 'M' 'M' 'M' 'M' 'U' 'M' 'M' 'M' 'A'
 'M' 'M' 'M' 'M' 'M' 'M' 'M' 'U' 'M' 'M' 'M' 'M' 'M' 'M' 'M' 'M' 'U' 'M'
 'M' 'U' 'M' 'M' 'M' 'U' 'M' 'U' 'M' 'M' 'M' 'M' 'M' 'M' 'U' 'M' 'M' 'M'
 'M' 'M' 'U' 'M' 'M' 'M' 'M' 'M' 'M' 'M' 'U' 'M' 'M' 'M' 'U' 'M' 'M' 'M'
 'M' 'M' 'A' 'M' 'M' 'U' 'U' 'M' 'U' 'M' 'U' 'A' 'M' 'M' 'M' 'M' 'M' 'M']"
83201,0,166,4,162,32,0,1,"['A' 'M' 'M' 'M' 'M' 'M' 'M' 'M' 'M' 'U' 'M' 'M' 'M' 'U' 'U' 'U' 'M' 'M'
 'U' 'M' 'M' 'M' 'M' 'M' 'M' 'U' 'M' 'M' 'M' 'U' 'M' 'U' 'M' 'U' 'U' 'M'
 'M' 'M' 'U' 'M' 'M' 'M' 'M' 'M' 'M' 'M' 'M' 'M' 'M' 'U' 'M' 'M' 'M' 'M'
 'M' 'M' 'M' 'M' 'M' 'M' 'M' 'M' 'M' 'M' 'M' 'M' 'M' 'U' 'M' 'M' 'U' 'M'
 'M' 'M' 'M' 'U' 'U' 'M' 'U' 'M' 'M' 'M' 'M' 'M' 'M' 'M' 'M' 'M' 'M' 'M'
 'M' 'M' 'M' 'M' 'M' 'U' 'M' 'U' 'U' 'M' 'M' 'U' 'M' 'M' 'A' 'M' 'M' 'M'
 'M' 'M' 'M' 'M' 'M' 'U' 'M' 'M' 'M' 'M' 'M' 'M' 'M' 'U' 'M' 'M' 'M' 'A'
 'M' 'M' 'M' 'M' 'M' 'M' 'M' 'U' 'M' 'M' 'M' 'M' 'M' 'M' 'M' 'M' 'U' 'M'
 'M' 'U' 'M' 'M' 'M' 'U' 'M' 'U' 'M' 'M' 'M' 'M' 'M' 'M' 'U' 'M' 'M' 'M'
 'M' 'M' 'M' 'M' 'M' 'U' 'M' 'M' 'M' 'M' 'M' 'M' 'M' 'M' 'M' 'M' 'M' 'M'
 'M' 'M' 'U' 'M' 'M' 'M' 'U' 'M' 'M' 'M' 'M' 'A' 'M' 'M' 'M' 'M' 'M' 'M']"
83301,0,169,5,164,29,0,0,"['A' 'M' 'M' 'M' 'M' 'M' 'U' 'M' 'M' 'U' 'M' 'U' 'U' 'U' 'M' 'M' 'M' 'M'
 'M' 'M' 'M' 'M' 'M' 'M' 'M' 'U' 'M' 'M' 'M' 'U' 'M' 'A' 'M' 'U' 'U' 'M'
 'M' 'M' 'U' 'M' 'M' 'M' 'M' 'M' 'M' 'M' 'M' 'M' 'M' 'U' 'M' 'M' 'M' 'M'
 'M' 'M' 'M' 'M' 'U' 'M' 'M' 'M' 'M' 'M' 'M' 'M' 'M' 'M' 'M' 'M' 'M' 'M'
 'M' 'M' 'M' 'M' 'M' 'M' 'M' 'M' 'M' 'U' 'U' 'M' 'U' 'M' 'U' 'M' 'M' 'M'
 'M' 'M' 'M' 'U' 'M' 'M' 'M' 'M' 'U' 'M' 'M' 'U' 'M' 'M' 'A' 'M' 'M' 'M'
 'M' 'M' 'M' 'U' 'M' 'U' 'M' 'M' 'M' 'M' 'M' 'M' 'M' 'U' 'M' 'M' 'M' 'A'
 'M' 'M' 'M' 'M' 'M' 'M' 'M' 'U' 'M' 'M' 'M' 'M' 'M' 'M' 'M' 'U' 'U' 'M'
 'M' 'M' 'M' 'M' 'M' 'U' 'M' 'M' 'M' 'M' 'M' 'M' 'M' 'M' 'M' 'M' 'M' 'M'
 'M' 'M' 'M' 'M' 'M' 'U' 'M' 'M' 'M' 'M' 'M' 'M' 'M' 'M' 'M' 'M' 'M' 'M'
 'M' 'M' 'U' 'M' 'M' 'M' 'U' 'M' 'M' 'M' 'M' 'A' 'M' 'M' 'M' 'M' 'M' 'M']"
83401,0,166,5,161,32,1,0,"['A' 'M' 'M' 'M' 'U' 'M' 'U' 'M' 'M' 'U' 'M' 'U' 'U' 'U' 'M' 'M' 'M' 'M'
 'M' 'M' 'M' 'M' 'M' 'M' 'M' 'U' 'M' 'M' 'M' 'U' 'M' 'A' 'M' 'U' 'U' 'M'
 'M' 'M' 'U' 'M' 'M' 'M' 'M' 'M' 'M' 'M' 'M' 'M' 'M' 'U' 'M' 'M' 'M' 'M'
 'M' 'M' 'M' 'M' 'U' 'M' 'M' 'M' 'M' 'M' 'M' 'M' 'U' 'M' 'M' 'M' 'M' 'M'
 'M' 'M' 'U' 'M' 'M' 'M' 'M' 'M' 'M' 'M' 'M' 'M' 'U' 'M' 'M' 'M' 'M' 'U'
 'M' 'M' 'U' 'M' 'M' 'M' 'M' 'M' 'U' 'M' 'M' 'M' 'M' 'U' 'A' 'M' 'M' 'M'
 'M' 'M' 'M' 'M' 'M' 'U' 'M' 'M' 'M' 'M' 'M' 'M' 'M' 'M' 'M' 'M' 'M' 'U'
 'M' 'M' 'M' 'U' 'M' 'M' 'A' 'U' 'M' 'M' 'U' 'M' 'M' 'U' 'M' 'U' 'U' 'M'
 'M' 'M' 'M' 'M' 'M' 'M' 'M' 'M' 'M' 'M' 'M' 'M' 'M' 'M' 'M' 'M' 'M' 'M'
 'M' 'M' 'M' 'M' 'M' 'M' 'M' 'M' 'M' 'M' 'M' 'M' 'M' 'M' 'M' 'U' 'M' 'M'
 'U' 'M' 'U' 'M' 'M' 'M' 'U' 'M' 'M' 'M' 'M' 'A' 'M' 'M' 'M' 'M' 'M' 'M']"
83501,0,166,4,162,32,0,0,"['A' 'U' 'M' 'M' 'M' 'U' 'M' 'M' 'M' 'U' 'M' 'U' 'U' 'M' 'M' 'M' 'M' 'M'
 'M' 'M' 'M' 'M' 'M' 'M' 'M' 'M' 'M' 'M' 'M' 'U' 'M' 'U' 'M' 'U' 'U' 'M'
 'M' 'M' 'M' 'M' 'M' 'M' 'M' 'M' 'M' 'M' 'M' 'M' 'M' 'M' 'M' 'M' 'M' 'M'
 'M' 'M' 'M' 'M' 'M' 'M' 'M' 'M' 'M' 'M' 'M' 'M' 'M' 'M' 'U' 'U' 'M' 'M'
 'M' 'U' 'M' 'U' 'M' 'M' 'M' 'M' 'M' 'M' 'M' 'M' 'M' 'U' 'M' 'M' 'M' 'M'
 'M' 'M' 'M' 'M' 'M' 'M' 'M' 'M' 'U' 'M' 'M' 'M' 'M' 'U' 'A' 'M' 'U' 'M'
 'M' 'M' 'M' 'M' 'M' 'U' 'M' 'U' 'M' 'M' 'U' 'M' 'M' 'U' 'M' 'M' 'M' 'U'
 'M' 'M' 'M' 'U' 'M' 'M' 'A' 'U' 'U' 'M' 'U' 'M' 'M' 'M' 'M' 'U' 'U' 'M'
 'M' 'M' 'M' 'M' 'M' 'M' 'M' 'M' 'M' 'M' 'U' 'M' 'M' 'M' 'M' 'M' 'U' 'M'
 'M' 'M' 'M' 'M' 'M' 'M' 'M' 'M' 'M' 'M' 'M' 'M' 'M' 'M' 'M' 'U' 'M' 'M'
 'U' 'M' 'M' 'M' 'M' 'M' 'M' 'M' 'M' 'M' 'M' 'A' 'M' 'M' 'M' 'M' 'M' 'M']"
83601,0,157,4,153,41,0,0,"['A' 'U' 'M' 'M' 'M' 'U' 'M' 'M' 'M' 'M' 'U' 'U' 'M' 'M' 'M' 'M' 'M' 'U'
 'M' 'M' 'M' 'M' 'M' 'M' 'U' 'M' 'M' 'M' 'M' 'M' 'M' 'U' 'M' 'U' 'U' 'M'
 'M' 'M' 'M' 'M' 'M' 'M' 'M' 'M' 'U' 'M' 'M' 'M' 'M' 'M' 'M' 'M' 'M' 'M'
 'M' 'M' 'U' 'M' 'M' 'U' 'M' 'M' 'M' 'M' 'M' 'M' 'M' 'M' 'U' 'M' 'M' 'M'
 'M' 'M' 'M' 'M' 'M' 'M' 'M' 'M' 'M' 'M' 'M' 'M' 'M' 'U' 'M' 'M' 'M' 'M'
 'U' 'M' 'M' 'U' 'U' 'M' 'M' 'M' 'M' 'M' 'M' 'M' 'M' 'U' 'A' 'U' 'U' 'M'
 'M' 'M' 'M' 'M' 'M' 'M' 'M' 'U' 'M' 'M' 'U' 'M' 'M' 'U' 'M' 'M' 'M' 'U'
 'M' 'M' 'M' 'U' 'M' 'M' 'A' 'U' 'U' 'U' 'M' 'M' 'U' 'M' 'M' 'U' 'M' 'M'
 'M' 'M' 'M' 'M' 'M' 'M' 'U' 'M' 'U' 'M' 'U' 'M' 'M' 'M' 'M' 'M' 'U' 'M'
 'U' 'M' 'M' 'M' 'U' 'M' 'M' 'M' 'M' 'M' 'M' 'M' 'M' 'M' 'M' 'U' 'M' 'M'
 'U' 'M' 'M' 'M' 'U' 'M' 'U' 'M' 'M' 'M' 'M' 'A' 'M' 'M' 'M' 'M' 'M' 'U']"
83701,0,158,6,152,40,0,0,"['A' 'U' 'U' 'M' 'M' 'M' 'M' 'M' 'M' 'M' 'U' 'U' 'M' 'M' 'M' 'M' 'M' 'U'
 'M' 'M' 'M' 'M' 'M' 'M' 'U' 'M' 'M' 'M' 'M' 'M' 'M' 'U' 'M' 'M' 'M' 'U'
 'M' 'M' 'M' 'M' 'M' 'M' 'U' 'U' 'U' 'M' 'M' 'M' 'M' 'M' 'M' 'M' 'M' 'M'
 'M' 'M' 'U' 'M' 'M' 'M' 'M' 'U' 'M' 'M' 'M' 'M' 'U' 'M' 'M' 'M' 'M' 'M'
 'M' 'M' 'M' 'M' 'M' 'M' 'M' 'U' 'M' 'M' 'U' 'M' 'M' 'M' 'M' 'U' 'M' 'M'
 'U' 'M' 'M' 'M' 'M' 'M' 'M' 'M' 'M' 'M' 'M' 'M' 'M' 'M' 'A' 'U' 'U' 'M'
 'M' 'M' 'M' 'M' 'M' 'M' 'M' 'A' 'M' 'M' 'U' 'M' 'M' 'M' 'M' 'M' 'M' 'U'
 'M' 'M' 'M' 'U' 'M' 'U' 'U' 'A' 'U' 'U' 'M' 'M' 'U' 'M' 'U' 'U' 'U' 'M'
 'M' 'M' 'M' 'M' 'M' 'M' 'U' 'M' 'U' 'M' 'A' 'M' 'M' 'M' 'M' 'M' 'U' 'M'
 'U' 'M' 'M' 'M' 'U' 'M' 'M' 'M' 'M' 'M' 'M' 'M' 'M' 'M' 'M' 'U' 'M' 'M'
 'M' 'M' 'M' 'M' 'U' 'M' 'U' 'M' 'M' 'M' 'M' 'A' 'M' 'M' 'M' 'M' 'M' 'U']"
83801,0,164,9,155,34,0,0,"['A' 'A' 'M' 'M' 'M' 'M' 'M' 'M' 'M' 'M' 'U' 'A' 'M' 'M' 'M' 'M' 'M' 'U'
 'M' 'M' 'M' 'U' 'M' 'M' 'U' 'M' 'M' 'M' 'M' 'M' 'M' 'U' 'M' 'U' 'M' 'M'
 'M' 'U' 'M' 'M' 'M' 'M' 'M' 'M' 'U' 'M' 'M' 'M' 'M' 'M' 'M' 'M' 'M' 'M'
 'M' 'M' 'M' 'M' 'M' 'M' 'M' 'U' 'M' 'M' 'M' 'M' 'M' 'M' 'M' 'M' 'M' 'M'
 'M' 'M' 'M' 'U' 'M' 'M' 'M' 'M' 'M' 'M' 'M' 'U' 'M' 'M' 'M' 'M' 'U' 'U'
 'M' 'M' 'M' 'M' 'U' 'M' 'M' 'M' 'M' 'M' 'M' 'M' 'M' 'M' 'U' 'U' 'A' 'M'
 'M' 'U' 'U' 'M' 'M' 'M' 'M' 'A' 'M' 'M' 'M' 'M' 'M' 'M' 'M' 'M' 'M' 'A'
 'M' 'M' 'M' 'U' 'M' 'U' 'U' 'A' 'U' 'U' 'M' 'U' 'U' 'M' 'U' 'U' 'U' 'M'
 'M' 'M' 'M' 'M' 'M' 'M' 'M' 'M' 'M' 'M' 'A' 'M' 'M' 'M' 'M' 'M' 'U' 'M'
 'M' 'M' 'M' 'M' 'U' 'M' 'M' 'M' 'M' 'M' 'M' 'M' 'M' 'M' 'M' 'U' 'M' 'M'
 'M' 'M' 'M' 'M' 'U' 'M' 'U' 'M' 'M' 'M' 'M' 'A' 'M' 'M' 'M' 'M' 'M' 'U']"
83901,0,165,6,159,33,0,1,"['A' 'U' 'M' 'M' 'M' 'M' 'U' 'M' 'M' 'M' 'U' 'A' 'M' 'M' 'M' 'M' 'M' 'U'
 'M' 'M' 'M' 'U' 'M' 'M' 'U' 'M' 'M' 'M' 'M' 'M' 'M' 'U' 'M' 'U' 'M' 'M'
 'M' 'U' 'M' 'M' 'M' 'M' 'M' 'M' 'U' 'M' 'M' 'M' 'M' 'M' 'M' 'M' 'M' 'M'
 'M' 'M' 'M' 'M' 'M' 'M' 'M' 'U' 'M' 'M' 'M' 'M' 'M' 'M' 'M' 'U' 'M' 'M'
 'M' 'M' 'M' 'M' 'M' 'M' 'M' 'U' 'M' 'M' 'M' 'U' 'M' 'M' 'M' 'M' 'M' 'M'
 'U' 'U' 'M' 'M' 'M' 'M' 'M' 'M' 'M' 'M' 'M' 'M' 'M' 'M' 'U' 'U' 'A' 'M'
 'M' 'U' 'U' 'M' 'U' 'M' 'M' 'U' 'M' 'M' 'M' 'M' 'M' 'M' 'M' 'M' 'M' 'A'
 'U' 'M' 'M' 'U' 'M' 'U' 'M' 'M' 'M' 'M' 'M' 'U' 'M' 'M' 'U' 'U' 'U' 'M'
 'M' 'M' 'M' 'M' 'M' 'M' 'M' 'M' 'M' 'M' 'A' 'M' 'M' 'M' 'M' 'M' 'U' 'M'
 'A' 'M' 'M' 'M' 'U' 'M' 'M' 'M' 'M' 'M' 'M' 'M' 'M' 'M' 'M' 'U' 'M' 'M'
 'M' 'M' 'M' 'M' 'M' 'M' 'U' 'M' 'M' 'M' 'M' 'M' 'M' 'M' 'M' 'M' 'M' 'M']"
84001,0,164,6,158,34,0,0,"['A' 'M' 'M' 'M' 'M' 'U' 'U' 'M' 'U' 'M' 'U' 'A' 'M' 'M' 'M' 'M' 'M' 'U'
 'M' 'M' 'M' 'U' 'M' 'M' 'M' 'M' 'M' 'M' 'M' 'M' 'M' 'M' 'M' 'U' 'M' 'M'
 'M' 'U' 'M' 'M' 'M' 'M' 'M' 'M' 'U' 'M' 'M' 'M' 'M' 'M' 'M' 'M' 'M' 'M'
 'M' 'M' 'M' 'M' 'M' 'M' 'M' 'M' 'M' 'M' 'U' 'M' 'M' 'M' 'M' 'M' 'M' 'M'
 'M' 'U' 'M' 'M' 'M' 'M' 'M' 'U' 'M' 'U' 'M' 'M' 'M' 'M' 'M' 'M' 'M' 'M'
 'M' 'M' 'M' 'U' 'U' 'M' 'M' 'M' 'M' 'M' 'M' 'M' 'M' 'M' 'U' 'M' 'A' 'M'
 'M' 'U' 'U' 'M' 'U' 'M' 'M' 'U' 'M' 'M' 'M' 'M' 'M' 'M' 'M' 'M' 'M' 'A'
 'U' 'M' 'M' 'U' 'M' 'U' 'M' 'M' 'M' 'M' 'M' 'U' 'M' 'M' 'U' 'U' 'U' 'M'
 'M' 'M' 'M' 'M' 'M' 'M' 'M' 'U' 'M' 'M' 'A' 'M' 'M' 'M' 'M' 'M' 'U' 'M'
 'A' 'U' 'M' 'M' 'U' 'M' 'M' 'M' 'M' 'M' 'M' 'M' 'M' 'M' 'M' 'M' 'M' 'M'
 'M' 'M' 'M' 'U' 'M' 'M' 'U' 'M' 'U' 'M' 'M' 'M' 'M' 'M' 'M' 'M' 'M' 'M']"
84101,0,171,4,167,27,0,0,"['A' 'M' 'M' 'M' 'M' 'M' 'U' 'M' 'U' 'M' 'M' 'A' 'M' 'M' 'M' 'M' 'M' 'M'
 'M' 'M' 'M' 'U' 'M' 'M' 'M' 'M' 'M' 'M' 'M' 'M' 'M' 'M' 'M' 'U' 'M' 'M'
 'M' 'U' 'M' 'M' 'M' 'M' 'M' 'M' 'U' 'M' 'M' 'M' 'M' 'M' 'M' 'M' 'U' 'M'
 'M' 'M' 'M' 'M' 'M' 'M' 'M' 'M' 'M' 'M' 'U' 'M' 'M' 'M' 'M' 'M' 'M' 'M'
 'M' 'M' 'M' 'M' 'M' 'U' 'M' 'M' 'M' 'M' 'M' 'U' 'M' 'M' 'M' 'M' 'U' 'U'
 'M' 'M' 'U' 'M' 'M' 'M' 'M' 'M' 'M' 'M' 'M' 'M' 'M' 'M' 'M' 'M' 'A' 'M'
 'M' 'M' 'U' 'M' 'U' 'M' 'M' 'U' 'M' 'M' 'M' 'M' 'M' 'M' 'M' 'M' 'M' 'U'
 'M' 'M' 'M' 'U' 'M' 'M' 'M' 'M' 'M' 'M' 'M' 'U' 'M' 'M' 'M' 'U' 'M' 'M'
 'U' 'M' 'M' 'M' 'M' 'M' 'M' 'M' 'M' 'M' 'A' 'M' 'M' 'M' 'M' 'M' 'M' 'M'
 'M' 'U' 'M' 'M' 'U' 'M' 'M' 'M' 'M' 'M' 'M' 'M' 'M' 'U' 'M' 'M' 'M' 'M'
 'M' 'M' 'M' 'U' 'M' 'U' 'U' 'M' 'M' 'M' 'M' 'M' 'M' 'M' 'M' 'M' 'M' 'M']"
84201,0,167,2,165,31,0,0,"['A' 'M' 'M' 'M' 'M' 'M' 'U' 'M' 'U' 'M' 'M' 'A' 'M' 'M' 'M' 'M' 'M' 'M'
 'M' 'M' 'M' 'U' 'M' 'M' 'M' 'M' 'M' 'M' 'M' 'M' 'M' 'M' 'M' 'U' 'M' 'M'
 'M' 'U' 'M' 'M' 'M' 'M' 'M' 'M' 'M' 'M' 'M' 'M' 'U' 'M' 'U' 'M' 'M' 'M'
 'M' 'M' 'M' 'M' 'M' 'M' 'M' 'M' 'M' 'M' 'U' 'M' 'M' 'M' 'M' 'U' 'M' 'M'
 'M' 'M' 'M' 'U' 'M' 'M' 'M' 'M' 'U' 'M' 'M' 'M' 'M' 'M' 'M' 'M' 'M' 'M'
 'U' 'M' 'M' 'U' 'M' 'U' 'M' 'M' 'M' 'M' 'U' 'M' 'M' 'M' 'M' 'M' 'U' 'M'
 'M' 'M' 'U' 'M' 'U' 'M' 'M' 'U' 'M' 'M' 'M' 'M' 'M' 'M' 'M' 'M' 'M' 'M'
 'M' 'M' 'M' 'U' 'M' 'M' 'M' 'M' 'M' 'M' 'M' 'U' 'U' 'M' 'M' 'U' 'M' 'M'
 'U' 'M' 'M' 'M' 'M' 'M' 'M' 'M' 'M' 'M' 'M' 'M' 'M' 'M' 'M' 'M' 'M' 'M'
 'M' 'U' 'M' 'M' 'U' 'M' 'M' 'M' 'M' 'M' 'M' 'M' 'M' 'U' 'M' 'U' 'M' 'U'
 'M' 'M' 'M' 'U' 'M' 'M' 'U' 'M' 'M' 'M' 'M' 'M' 'M' 'M' 'M' 'M' 'M' 'M']"
84301,0,170,4,166,28,0,0,"['A' 'M' 'M' 'M' 'M' 'M' 'U' 'M' 'M' 'U' 'M' 'A' 'M' 'M' 'M' 'M' 'M' 'M'
 'M' 'M' 'M' 'U' 'M' 'M' 'M' 'M' 'M' 'M' 'M' 'M' 'M' 'M' 'M' 'U' 'M' 'M'
 'M' 'U' 'M' 'M' 'M' 'M' 'M' 'M' 'U' 'M' 'M' 'M' 'U' 'M' 'U' 'M' 'M' 'M'
 'M' 'M' 'M' 'M' 'M' 'M' 'M' 'M' 'M' 'M' 'U' 'M' 'M' 'M' 'M' 'M' 'U' 'U'
 'M' 'M' 'M' 'M' 'M' 'M' 'M' 'M' 'M' 'M' 'M' 'U' 'U' 'M' 'M' 'M' 'M' 'M'
 'M' 'M' 'M' 'M' 'U' 'U' 'M' 'M' 'U' 'M' 'U' 'M' 'M' 'M' 'M' 'M' 'U' 'M'
 'M' 'M' 'M' 'M' 'U' 'M' 'M' 'M' 'M' 'M' 'M' 'M' 'M' 'M' 'M' 'M' 'M' 'M'
 'M' 'M' 'M' 'A' 'M' 'M' 'M' 'M' 'M' 'M' 'M' 'U' 'U' 'M' 'M' 'U' 'M' 'M'
 'U' 'M' 'U' 'M' 'M' 'M' 'M' 'M' 'M' 'M' 'M' 'M' 'M' 'M' 'M' 'M' 'M' 'M'
 'M' 'U' 'M' 'M' 'M' 'M' 'M' 'M' 'M' 'M' 'M' 'M' 'M' 'M' 'M' 'U' 'M' 'U'
 'M' 'M' 'M' 'U' 'M' 'M' 'A' 'M' 'M' 'M' 'M' 'M' 'M' 'M' 'M' 'M' 'M' 'M']"
84401,0,172,2,170,26,0,0,"['A' 'M' 'M' 'M' 'M' 'M' 'U' 'M' 'M' 'U' 'M' 'U' 'M' 'M' 'M' 'M' 'M' 'M'
 'M' 'M' 'M' 'U' 'M' 'M' 'M' 'M' 'M' 'M' 'M' 'M' 'M' 'M' 'M' 'U' 'M' 'M'
 'M' 'M' 'M' 'M' 'M' 'M' 'M' 'M' 'M' 'M' 'M' 'M' 'M' 'M' 'U' 'M' 'M' 'M'
 'M' 'M' 'M' 'M' 'M' 'M' 'M' 'M' 'M' 'M' 'U' 'M' 'M' 'M' 'M' 'M' 'U' 'M'
 'M' 'M' 'M' 'M' 'M' 'M' 'M' 'M' 'M' 'M' 'M' 'U' 'M' 'M' 'M' 'U' 'U' 'M'
 'M' 'M' 'U' 'M' 'M' 'M' 'M' 'M' 'U' 'M' 'U' 'M' 'M' 'M' 'M' 'M' 'M' 'M'
 'M' 'M' 'M' 'M' 'U' 'M' 'M' 'M' 'M' 'M' 'M' 'M' 'M' 'M' 'M' 'M' 'M' 'M'
 'M' 'M' 'M' 'U' 'M' 'M' 'M' 'M' 'M' 'M' 'M' 'U' 'M' 'M' 'U' 'U' 'M' 'M'
 'U' 'M' 'U' 'M' 'M' 'M' 'M' 'M' 'M' 'M' 'M' 'M' 'M' 'M' 'M' 'M' 'M' 'M'
 'M' 'U' 'M' 'M' 'M' 'M' 'M' 'U' 'M' 'M' 'M' 'M' 'M' 'M' 'M' 'U' 'M' 'U'
 'M' 'M' 'M' 'U' 'M' 'M' 'A' 'M' 'M' 'M' 'M' 'M' 'M' 'M' 'M' 'M' 'M' 'M']"
84501,0,177,1,176,21,0,0,"['A' 'M' 'M' 'M' 'M' 'M' 'U' 'U' 'M' 'M' 'M' 'M' 'M' 'M' 'M' 'M' 'M' 'M'
 'M' 'M' 'M' 'M' 'U' 'M' 'M' 'M' 'M' 'M' 'M' 'M' 'M' 'M' 'M' 'U' 'M' 'M'
 'M' 'M' 'M' 'M' 'M' 'M' 'M' 'M' 'M' 'M' 'M' 'M' 'M' 'M' 'M' 'M' 'M' 'M'
 'M' 'M' 'M' 'M' 'M' 'M' 'M' 'M' 'M' 'M' 'U' 'M' 'M' 'M' 'M' 'M' 'M' 'M'
 'M' 'M' 'M' 'U' 'M' 'U' 'M' 'M' 'M' 'M' 'M' 'U' 'M' 'U' 'M' 'M' 'M' 'U'
 'M' 'M' 'M' 'M' 'M' 'M' 'M' 'M' 'U' 'M' 'M' 'U' 'M' 'M' 'M' 'M' 'M' 'M'
 'M' 'M' 'M' 'M' 'M' 'M' 'M' 'M' 'M' 'M' 'M' 'M' 'M' 'M' 'M' 'M' 'M' 'M'
 'M' 'M' 'M' 'U' 'M' 'M' 'M' 'M' 'U' 'M' 'M' 'M' 'M' 'M' 'U' 'U' 'M' 'M'
 'U' 'M' 'M' 'M' 'M' 'M' 'M' 'M' 'M' 'M' 'M' 'M' 'M' 'M' 'M' 'M' 'M' 'M'
 'M' 'U' 'M' 'M' 'M' 'M' 'M' 'U' 'M' 'M' 'M' 'M' 'M' 'M' 'M' 'M' 'M' 'U'
 'M' 'M' 'M' 'M' 'M' 'M' 'U' 'M' 'M' 'M' 'M' 'M' 'M' 'M' 'M' 'M' 'M' 'M']"
84601,0,171,3,168,27,0,0,"['A' 'M' 'M' 'M' 'M' 'M' 'U' 'A' 'M' 'U' 'M' 'M' 'M' 'M' 'M' 'M' 'M' 'M'
 'M' 'M' 'M' 'M' 'M' 'M' 'M' 'M' 'M' 'M' 'M' 'M' 'M' 'M' 'U' 'U' 'M' 'M'
 'M' 'U' 'M' 'M' 'M' 'M' 'M' 'M' 'M' 'M' 'M' 'M' 'M' 'U' 'M' 'M' 'M' 'M'
 'M' 'M' 'M' 'M' 'M' 'M' 'M' 'M' 'M' 'M' 'U' 'U' 'M' 'U' 'M' 'M' 'M' 'M'
 'M' 'M' 'M' 'U' 'M' 'M' 'M' 'M' 'M' 'M' 'M' 'M' 'M' 'M' 'U' 'M' 'M' 'M'
 'M' 'M' 'M' 'M' 'U' 'M' 'M' 'M' 'U' 'M' 'M' 'U' 'M' 'M' 'M' 'M' 'M' 'U'
 'M' 'M' 'M' 'U' 'M' 'M' 'A' 'M' 'M' 'M' 'M' 'M' 'M' 'M' 'M' 'M' 'U' 'M'
 'M' 'M' 'M' 'M' 'M' 'M' 'M' 'M' 'U' 'M' 'M' 'M' 'M' 'M' 'U' 'U' 'M' 'M'
 'U' 'M' 'M' 'M' 'M' 'M' 'M' 'M' 'M' 'M' 'U' 'M' 'M' 'M' 'M' 'M' 'U' 'M'
 'M' 'U' 'M' 'M' 'M' 'M' 'M' 'U' 'M' 'M' 'M' 'M' 'M' 'M' 'M' 'M' 'M' 'U'
 'M' 'M' 'M' 'M' 'M' 'M' 'U' 'M' 'M' 'M' 'M' 'M' 'M' 'M' 'M' 'M' 'M' 'M']"
84701,0,171,4,167,27,0,0,"['A' 'M' 'M' 'M' 'M' 'M' 'U' 'A' 'M' 'U' 'M' 'M' 'M' 'M' 'M' 'M' 'M' 'M'
 'M' 'M' 'M' 'M' 'M' 'M' 'M' 'M' 'M' 'M' 'M' 'M' 'M' 'M' 'U' 'A' 'M' 'M'
 'M' 'U' 'M' 'M' 'M' 'M' 'M' 'M' 'M' 'M' 'M' 'M' 'M' 'M' 'M' 'M' 'M' 'M'
 'M' 'M' 'M' 'M' 'M' 'U' 'M' 'M' 'M' 'M' 'U' 'M' 'M' 'M' 'M' 'M' 'M' 'M'
 'M' 'M' 'M' 'U' 'M' 'M' 'U' 'M' 'M' 'M' 'M' 'M' 'M' 'U' 'M' 'U' 'M' 'M'
 'M' 'M' 'M' 'M' 'U' 'M' 'M' 'M' 'U' 'M' 'M' 'U' 'U' 'M' 'M' 'M' 'M' 'M'
 'M' 'M' 'M' 'U' 'M' 'M' 'A' 'M' 'M' 'M' 'M' 'M' 'M' 'M' 'M' 'U' 'U' 'M'
 'M' 'M' 'M' 'M' 'M' 'M' 'M' 'M' 'M' 'M' 'M' 'M' 'M' 'M' 'U' 'U' 'M' 'M'
 'U' 'M' 'M' 'M' 'M' 'M' 'M' 'M' 'M' 'M' 'U' 'M' 'M' 'M' 'M' 'M' 'U' 'M'
 'M' 'U' 'M' 'M' 'M' 'M' 'U' 'U' 'M' 'M' 'M' 'M' 'M' 'M' 'M' 'M' 'M' 'M'
 'M' 'M' 'M' 'M' 'M' 'M' 'M' 'M' 'M' 'M' 'M' 'M' 'M' 'M' 'M' 'M' 'U' 'U']"
84801,0,169,2,167,29,0,1,"['A' 'M' 'M' 'M' 'M' 'M' 'U' 'U' 'M' 'U' 'M' 'M' 'M' 'M' 'M' 'M' 'M' 'M'
 'M' 'M' 'M' 'M' 'M' 'M' 'M' 'M' 'M' 'U' 'M' 'M' 'M' 'M' 'U' 'U' 'U' 'M'
 'M' 'M' 'M' 'M' 'M' 'M' 'M' 'M' 'M' 'M' 'M' 'M' 'M' 'M' 'U' 'M' 'M' 'M'
 'M' 'M' 'M' 'M' 'M' 'U' 'M' 'M' 'M' 'M' 'M' 'U' 'U' 'M' 'M' 'M' 'M' 'M'
 'U' 'M' 'M' 'M' 'M' 'M' 'M' 'M' 'U' 'M' 'U' 'M' 'M' 'M' 'M' 'M' 'M' 'M'
 'M' 'M' 'M' 'M' 'M' 'M' 'M' 'M' 'U' 'U' 'M' 'U' 'U' 'M' 'M' 'M' 'M' 'M'
 'M' 'M' 'M' 'U' 'M' 'M' 'A' 'M' 'M' 'M' 'M' 'M' 'M' 'M' 'M' 'M' 'M' 'M'
 'M' 'M' 'M' 'M' 'M' 'M' 'M' 'M' 'U' 'M' 'M' 'U' 'M' 'M' 'U' 'M' 'M' 'M'
 'U' 'M' 'M' 'M' 'M' 'M' 'M' 'M' 'M' 'M' 'U' 'M' 'M' 'M' 'M' 'M' 'U' 'M'
 'M' 'M' 'M' 'M' 'M' 'M' 'U' 'U' 'M' 'M' 'M' 'M' 'M' 'M' 'M' 'M' 'M' 'M'
 'M' 'M' 'M' 'M' 'M' 'M' 'M' 'M' 'M' 'M' 'M' 'U' 'M' 'M' 'M' 'M' 'U' 'M']"
84901,0,155,1,154,43,1,0,"['A' 'M' 'M' 'U' 'M' 'M' 'U' 'U' 'M' 'U' 'M' 'M' 'M' 'M' 'M' 'M' 'U' 'M'
 'M' 'M' 'M' 'M' 'M' 'M' 'M' 'M' 'M' 'U' 'U' 'M' 'M' 'M' 'U' 'U' 'U' 'M'
 'M' 'M' 'M' 'M' 'M' 'M' 'M' 'M' 'M' 'M' 'M' 'M' 'M' 'M' 'U' 'M' 'M' 'M'
 'M' 'M' 'U' 'M' 'M' 'U' 'M' 'M' 'M' 'M' 'M' 'M' 'M' 'U' 'U' 'M' 'M' 'U'
 'M' 'U' 'M' 'M' 'M' 'M' 'M' 'M' 'M' 'M' 'M' 'M' 'M' 'M' 'U' 'M' 'M' 'M'
 'M' 'M' 'M' 'M' 'M' 'M' 'M' 'M' 'U' 'U' 'M' 'U' 'U' 'M' 'M' 'M' 'M' 'M'
 'M' 'M' 'M' 'M' 'M' 'M' 'U' 'M' 'M' 'M' 'M' 'M' 'M' 'M' 'M' 'M' 'M' 'M'
 'M' 'M' 'M' 'M' 'M' 'M' 'U' 'U' 'U' 'M' 'U' 'U' 'U' 'M' 'U' 'M' 'M' 'M'
 'U' 'M' 'U' 'M' 'M' 'M' 'M' 'M' 'M' 'M' 'U' 'M' 'M' 'M' 'M' 'M' 'U' 'M'
 'M' 'U' 'M' 'M' 'M' 'M' 'U' 'U' 'M' 'U' 'M' 'M' 'M' 'U' 'U' 'M' 'M' 'M'
 'M' 'M' 'M' 'M' 'M' 'M' 'M' 'M' 'M' 'U' 'M' 'U' 'M' 'M' 'M' 'M' 'U' 'M']"
85001,0,162,3,159,36,0,0,"['A' 'M' 'M' 'U' 'M' 'M' 'U' 'U' 'M' 'M' 'M' 'M' 'M' 'M' 'M' 'M' 'U' 'M'
 'U' 'M' 'M' 'M' 'M' 'M' 'M' 'M' 'M' 'U' 'U' 'M' 'M' 'M' 'U' 'U' 'M' 'M'
 'M' 'M' 'M' 'M' 'M' 'M' 'M' 'M' 'M' 'M' 'M' 'M' 'M' 'M' 'M' 'M' 'U' 'M'
 'M' 'M' 'U' 'M' 'M' 'U' 'M' 'M' 'M' 'M' 'M' 'M' 'M' 'U' 'U' 'M' 'M' 'M'
 'U' 'M' 'M' 'M' 'M' 'M' 'M' 'M' 'M' 'M' 'M' 'M' 'M' 'M' 'M' 'M' 'U' 'U'
 'M' 'M' 'M' 'M' 'M' 'M' 'M' 'M' 'A' 'U' 'M' 'U' 'M' 'M' 'M' 'M' 'M' 'M'
 'M' 'M' 'M' 'M' 'M' 'M' 'M' 'M' 'M' 'M' 'M' 'M' 'M' 'M' 'M' 'M' 'M' 'M'
 'M' 'M' 'M' 'M' 'M' 'M' 'U' 'U' 'U' 'M' 'U' 'U' 'M' 'M' 'A' 'M' 'M' 'M'
 'U' 'M' 'U' 'M' 'M' 'M' 'M' 'M' 'M' 'M' 'U' 'M' 'M' 'M' 'M' 'M' 'U' 'M'
 'M' 'U' 'M' 'M' 'M' 'M' 'U' 'U' 'M' 'U' 'M' 'M' 'M' 'M' 'U' 'M' 'M' 'M'
 'M' 'M' 'M' 'M' 'M' 'M' 'M' 'M' 'M' 'U' 'M' 'U' 'M' 'M' 'M' 'M' 'U' 'M']"
85101,0,161,3,158,37,0,0,"['A' 'M' 'M' 'M' 'M' 'M' 'M' 'U' 'M' 'M' 'M' 'M' 'M' 'M' 'M' 'M' 'U' 'M'
 'U' 'M' 'M' 'M' 'M' 'M' 'M' 'M' 'M' 'U' 'U' 'M' 'M' 'M' 'U' 'U' 'M' 'M'
 'M' 'M' 'M' 'U' 'M' 'M' 'M' 'M' 'M' 'M' 'M' 'M' 'M' 'M' 'M' 'M' 'U' 'M'
 'M' 'M' 'U' 'M' 'M' 'U' 'M' 'M' 'M' 'M' 'M' 'U' 'M' 'M' 'M' 'M' 'M' 'M'
 'U' 'M' 'M' 'U' 'M' 'M' 'M' 'M' 'M' 'M' 'M' 'M' 'U' 'M' 'M' 'M' 'M' 'M'
 'M' 'M' 'U' 'M' 'M' 'M' 'M' 'U' 'A' 'U' 'M' 'U' 'M' 'M' 'M' 'M' 'M' 'M'
 'M' 'M' 'M' 'M' 'M' 'M' 'M' 'M' 'M' 'M' 'M' 'M' 'M' 'M' 'M' 'M' 'M' 'M'
 'M' 'M' 'U' 'U' 'M' 'M' 'M' 'U' 'U' 'M' 'U' 'U' 'M' 'M' 'A' 'M' 'M' 'M'
 'U' 'M' 'U' 'M' 'M' 'M' 'M' 'M' 'M' 'M' 'U' 'M' 'M' 'M' 'M' 'M' 'U' 'M'
 'M' 'M' 'M' 'M' 'M' 'M' 'U' 'U' 'M' 'U' 'M' 'M' 'M' 'M' 'U' 'M' 'M' 'M'
 'M' 'M' 'M' 'M' 'M' 'M' 'M' 'U' 'M' 'U' 'M' 'U' 'M' 'M' 'M' 'M' 'U' 'M']"
85201,0,158,4,154,40,0,0,"['A' 'M' 'M' 'M' 'M' 'M' 'M' 'M' 'M' 'M' 'M' 'M' 'M' 'M' 'M' 'M' 'U' 'M'
 'M' 'M' 'M' 'M' 'M' 'M' 'M' 'M' 'M' 'M' 'U' 'M' 'M' 'M' 'U' 'U' 'M' 'M'
 'M' 'M' 'M' 'U' 'M' 'M' 'M' 'M' 'M' 'M' 'U' 'U' 'M' 'M' 'M' 'M' 'U' 'M'
 'M' 'M' 'U' 'M' 'M' 'U' 'M' 'U' 'M' 'M' 'M' 'M' 'M' 'M' 'M' 'M' 'M' 'U'
 'M' 'M' 'M' 'U' 'M' 'M' 'M' 'M' 'M' 'M' 'M' 'M' 'M' 'U' 'M' 'U' 'M' 'M'
 'M' 'M' 'M' 'U' 'M' 'M' 'M' 'U' 'A' 'U' 'M' 'M' 'M' 'M' 'M' 'M' 'M' 'M'
 'U' 'M' 'M' 'M' 'M' 'M' 'M' 'M' 'M' 'M' 'M' 'M' 'M' 'M' 'M' 'M' 'M' 'U'
 'M' 'M' 'U' 'U' 'M' 'M' 'U' 'U' 'U' 'U' 'A' 'U' 'U' 'M' 'A' 'M' 'M' 'M'
 'M' 'M' 'U' 'M' 'M' 'M' 'M' 'M' 'M' 'M' 'U' 'M' 'M' 'M' 'M' 'M' 'M' 'U'
 'M' 'M' 'M' 'M' 'M' 'U' 'U' 'U' 'M' 'U' 'M' 'M' 'M' 'M' 'U' 'U' 'M' 'M'
 'M' 'M' 'M' 'M' 'M' 'M' 'M' 'U' 'M' 'M' 'M' 'U' 'M' 'M' 'M' 'M' 'U' 'M']"
85301,0,160,6,154,38,0,0,"['A' 'M' 'M' 'M' 'M' 'M' 'M' 'M' 'M' 'U' 'M' 'M' 'M' 'M' 'M' 'M' 'U' 'M'
 'M' 'M' 'M' 'M' 'M' 'M' 'M' 'M' 'M' 'M' 'M' 'M' 'M' 'M' 'U' 'M' 'M' 'M'
 'M' 'M' 'M' 'A' 'M' 'M' 'M' 'M' 'M' 'M' 'A' 'U' 'M' 'M' 'M' 'M' 'U' 'M'
 'M' 'M' 'U' 'U' 'U' 'M' 'M' 'M' 'M' 'M' 'M' 'M' 'M' 'M' 'M' 'M' 'M' 'M'
 'M' 'M' 'M' 'U' 'M' 'M' 'M' 'M' 'M' 'M' 'M' 'M' 'U' 'M' 'M' 'U' 'M' 'M'
 'M' 'M' 'U' 'U' 'M' 'M' 'M' 'U' 'A' 'M' 'U' 'M' 'M' 'M' 'M' 'M' 'M' 'M'
 'U' 'M' 'M' 'U' 'M' 'M' 'M' 'M' 'M' 'M' 'M' 'M' 'M' 'M' 'M' 'M' 'M' 'U'
 'M' 'M' 'U' 'U' 'M' 'M' 'U' 'U' 'M' 'U' 'A' 'U' 'U' 'M' 'A' 'M' 'M' 'M'
 'M' 'M' 'U' 'M' 'M' 'M' 'M' 'M' 'M' 'U' 'U' 'M' 'M' 'M' 'M' 'U' 'M' 'U'
 'M' 'M' 'M' 'M' 'M' 'U' 'U' 'U' 'M' 'U' 'M' 'M' 'M' 'M' 'U' 'M' 'M' 'M'
 'M' 'U' 'M' 'M' 'M' 'M' 'M' 'M' 'M' 'M' 'M' 'U' 'M' 'M' 'M' 'M' 'U' 'M']"
85401,0,156,4,152,42,0,1,"['A' 'M' 'M' 'M' 'M' 'M' 'M' 'M' 'M' 'U' 'M' 'M' 'U' 'M' 'M' 'M' 'U' 'M'
 'M' 'M' 'U' 'M' 'M' 'M' 'M' 'M' 'M' 'M' 'M' 'M' 'M' 'M' 'U' 'M' 'M' 'M'
 'M' 'M' 'M' 'A' 'U' 'M' 'M' 'M' 'M' 'M' 'U' 'U' 'M' 'M' 'M' 'M' 'U' 'M'
 'M' 'M' 'U' 'U' 'U' 'M' 'U' 'M' 'M' 'M' 'M' 'M' 'M' 'M' 'M' 'M' 'M' 'M'
 'U' 'M' 'U' 'M' 'U' 'M' 'M' 'M' 'M' 'M' 'M' 'M' 'M' 'U' 'M' 'M' 'U' 'M'
 'M' 'M' 'M' 'M' 'M' 'M' 'M' 'M' 'A' 'M' 'U' 'M' 'M' 'M' 'M' 'M' 'M' 'M'
 'U' 'M' 'U' 'U' 'U' 'M' 'M' 'U' 'M' 'M' 'M' 'M' 'M' 'M' 'M' 'M' 'M' 'U'
 'M' 'M' 'M' 'U' 'M' 'M' 'U' 'M' 'M' 'U' 'A' 'U' 'U' 'M' 'U' 'M' 'M' 'M'
 'M' 'M' 'U' 'M' 'M' 'U' 'M' 'M' 'M' 'U' 'U' 'M' 'M' 'M' 'M' 'U' 'M' 'M'
 'M' 'M' 'M' 'M' 'M' 'U' 'U' 'M' 'M' 'M' 'M' 'M' 'M' 'M' 'U' 'M' 'M' 'M'
 'M' 'U' 'M' 'U' 'M' 'M' 'M' 'M' 'M' 'M' 'M' 'M' 'M' 'M' 'M' 'M' 'U' 'M']"
85501,0,160,5,155,38,1,0,"['A' 'M' 'M' 'M' 'M' 'M' 'M' 'M' 'M' 'U' 'M' 'M' 'M' 'M' 'M' 'M' 'U' 'M'
 'M' 'M' 'U' 'M' 'M' 'M' 'M' 'M' 'M' 'M' 'M' 'M' 'M' 'M' 'U' 'M' 'M' 'M'
 'M' 'M' 'M' 'A' 'U' 'M' 'U' 'M' 'M' 'U' 'U' 'U' 'M' 'M' 'M' 'M' 'M' 'M'
 'M' 'U' 'M' 'M' 'M' 'M' 'U' 'M' 'M' 'U' 'U' 'U' 'M' 'M' 'M' 'M' 'M' 'M'
 'M' 'U' 'M' 'U' 'M' 'M' 'M' 'M' 'U' 'U' 'M' 'M' 'M' 'M' 'M' 'M' 'M' 'M'
 'M' 'M' 'M' 'M' 'M' 'M' 'U' 'M' 'A' 'M' 'U' 'M' 'M' 'M' 'M' 'M' 'M' 'M'
 'U' 'M' 'U' 'U' 'U' 'M' 'M' 'U' 'M' 'M' 'M' 'M' 'M' 'M' 'M' 'M' 'M' 'M'
 'M' 'M' 'M' 'M' 'M' 'M' 'U' 'M' 'M' 'U' 'A' 'U' 'M' 'M' 'U' 'M' 'M' 'M'
 'M' 'M' 'M' 'M' 'M' 'U' 'M' 'M' 'M' 'U' 'U' 'M' 'M' 'M' 'M' 'U' 'M' 'M'
 'M' 'M' 'M' 'M' 'M' 'U' 'M' 'M' 'M' 'M' 'M' 'M' 'M' 'M' 'U' 'U' 'M' 'M'
 'M' 'A' 'U' 'M' 'M' 'M' 'M' 'M' 'M' 'M' 'M' 'M' 'M' 'M' 'M' 'M' 'U' 'M']"
85601,0,161,6,155,37,0,0,"['A' 'M' 'M' 'M' 'M' 'M' 'M' 'M' 'M' 'U' 'M' 'M' 'M' 'M' 'M' 'M' 'U' 'M'
 'M' 'M' 'U' 'M' 'M' 'M' 'M' 'M' 'M' 'M' 'M' 'M' 'M' 'M' 'U' 'M' 'M' 'U'
 'M' 'M' 'U' 'A' 'M' 'M' 'U' 'M' 'M' 'U' 'U' 'U' 'M' 'M' 'M' 'M' 'M' 'M'
 'M' 'A' 'M' 'M' 'M' 'M' 'U' 'M' 'M' 'M' 'U' 'M' 'M' 'M' 'M' 'M' 'M' 'M'
 'M' 'U' 'M' 'M' 'M' 'M' 'U' 'U' 'M' 'M' 'M' 'M' 'M' 'M' 'M' 'U' 'M' 'M'
 'U' 'M' 'M' 'M' 'M' 'M' 'U' 'M' 'A' 'M' 'U' 'M' 'M' 'M' 'M' 'M' 'M' 'M'
 'M' 'M' 'U' 'U' 'M' 'M' 'M' 'U' 'M' 'U' 'U' 'M' 'M' 'M' 'M' 'M' 'M' 'M'
 'M' 'M' 'M' 'M' 'M' 'M' 'M' 'U' 'M' 'M' 'A' 'U' 'U' 'M' 'U' 'M' 'M' 'M'
 'M' 'M' 'M' 'M' 'M' 'M' 'M' 'M' 'M' 'U' 'U' 'M' 'M' 'M' 'M' 'U' 'M' 'M'
 'M' 'M' 'M' 'M' 'M' 'U' 'M' 'M' 'M' 'U' 'M' 'M' 'M' 'U' 'M' 'U' 'M' 'M'
 'M' 'A' 'U' 'M' 'M' 'M' 'M' 'M' 'M' 'M' 'M' 'M' 'M' 'M' 'M' 'U' 'M' 'M']"
85701,0,159,3,156,39,0,0,"['A' 'M' 'M' 'M' 'M' 'M' 'M' 'M' 'M' 'U' 'M' 'M' 'M' 'M' 'M' 'M' 'M' 'M'
 'M' 'M' 'U' 'M' 'M' 'M' 'M' 'M' 'M' 'U' 'M' 'M' 'M' 'M' 'U' 'M' 'M' 'U'
 'M' 'M' 'M' 'A' 'M' 'M' 'U' 'M' 'M' 'U' 'M' 'U' 'M' 'M' 'M' 'M' 'M' 'U'
 'M' 'A' 'M' 'M' 'M' 'M' 'U' 'M' 'M' 'M' 'U' 'M' 'M' 'M' 'M' 'M' 'M' 'M'
 'M' 'M' 'U' 'M' 'U' 'M' 'M' 'M' 'M' 'M' 'M' 'U' 'M' 'U' 'M' 'M' 'M' 'M'
 'M' 'U' 'M' 'M' 'M' 'M' 'U' 'M' 'U' 'M' 'U' 'M' 'M' 'M' 'M' 'M' 'M' 'U'
 'M' 'M' 'U' 'U' 'M' 'M' 'M' 'U' 'M' 'U' 'U' 'M' 'M' 'M' 'M' 'M' 'M' 'M'
 'M' 'M' 'M' 'M' 'M' 'M' 'M' 'M' 'M' 'M' 'U' 'U' 'U' 'M' 'U' 'M' 'M' 'M'
 'M' 'M' 'M' 'M' 'M' 'M' 'M' 'M' 'M' 'U' 'U' 'M' 'M' 'M' 'M' 'U' 'M' 'M'
 'M' 'M' 'M' 'M' 'M' 'U' 'M' 'M' 'M' 'U' 'M' 'M' 'M' 'U' 'M' 'U' 'M' 'M'
 'M' 'U' 'U' 'M' 'M' 'M' 'M' 'M' 'M' 'M' 'M' 'M' 'M' 'M' 'M' 'U' 'M' 'M']"
85801,0,162,4,158,36,0,0,"['A' 'M' 'M' 'M' 'M' 'M' 'M' 'M' 'M' 'U' 'M' 'M' 'M' 'M' 'M' 'M' 'M' 'M'
 'M' 'M' 'U' 'M' 'M' 'M' 'M' 'M' 'M' 'U' 'M' 'M' 'M' 'M' 'U' 'M' 'M' 'M'
 'M' 'M' 'M' 'A' 'M' 'M' 'U' 'M' 'M' 'U' 'M' 'M' 'M' 'M' 'M' 'M' 'M' 'U'
 'M' 'U' 'M' 'M' 'M' 'M' 'U' 'M' 'M' 'M' 'U' 'M' 'M' 'M' 'M' 'U' 'M' 'M'
 'M' 'M' 'M' 'M' 'M' 'M' 'M' 'M' 'M' 'M' 'U' 'M' 'U' 'M' 'U' 'M' 'M' 'M'
 'M' 'M' 'M' 'M' 'U' 'M' 'M' 'U' 'U' 'M' 'U' 'M' 'U' 'M' 'M' 'M' 'M' 'A'
 'M' 'M' 'M' 'U' 'M' 'M' 'M' 'U' 'U' 'U' 'U' 'M' 'M' 'M' 'M' 'M' 'M' 'M'
 'M' 'M' 'M' 'M' 'M' 'M' 'M' 'M' 'M' 'M' 'U' 'M' 'U' 'M' 'M' 'M' 'M' 'M'
 'M' 'M' 'M' 'U' 'M' 'M' 'M' 'M' 'M' 'U' 'M' 'M' 'M' 'M' 'M' 'U' 'M' 'M'
 'M' 'M' 'M' 'A' 'M' 'U' 'M' 'M' 'M' 'U' 'M' 'M' 'M' 'U' 'M' 'U' 'M' 'M'
 'M' 'M' 'U' 'M' 'M' 'M' 'M' 'M' 'U' 'M' 'M' 'M' 'M' 'M' 'M' 'U' 'M' 'M']"
85901,0,163,3,160,35,0,1,"['A' 'M' 'U' 'M' 'M' 'M' 'M' 'M' 'M' 'U' 'M' 'M' 'M' 'M' 'M' 'M' 'M' 'M'
 'M' 'M' 'U' 'M' 'M' 'M' 'M' 'M' 'M' 'U' 'M' 'M' 'M' 'M' 'M' 'M' 'M' 'M'
 'U' 'M' 'M' 'A' 'M' 'M' 'M' 'M' 'M' 'U' 'M' 'M' 'M' 'M' 'M' 'M' 'M' 'U'
 'M' 'U' 'M' 'M' 'M' 'M' 'U' 'M' 'M' 'M' 'U' 'M' 'U' 'M' 'U' 'M' 'M' 'M'
 'M' 'M' 'U' 'M' 'M' 'M' 'M' 'M' 'M' 'M' 'U' 'M' 'M' 'M' 'U' 'M' 'M' 'M'
 'M' 'M' 'M' 'M' 'M' 'M' 'M' 'U' 'M' 'M' 'U' 'M' 'M' 'M' 'M' 'M' 'M' 'A'
 'M' 'M' 'M' 'U' 'M' 'M' 'M' 'U' 'U' 'U' 'U' 'M' 'M' 'M' 'M' 'M' 'M' 'M'
 'M' 'M' 'U' 'M' 'M' 'M' 'M' 'M' 'M' 'M' 'U' 'M' 'M' 'M' 'M' 'M' 'M' 'M'
 'M' 'M' 'M' 'U' 'M' 'M' 'M' 'M' 'M' 'M' 'M' 'M' 'M' 'M' 'M' 'M' 'M' 'M'
 'M' 'M' 'M' 'U' 'M' 'U' 'M' 'M' 'M' 'U' 'M' 'M' 'M' 'U' 'M' 'U' 'M' 'M'
 'M' 'U' 'M' 'M' 'M' 'M' 'M' 'M' 'U' 'M' 'M' 'M' 'U' 'M' 'U' 'U' 'M' 'M']"
86001,0,161,3,158,37,0,0,"['A' 'M' 'U' 'M' 'M' 'M' 'M' 'M' 'M' 'M' 'M' 'M' 'M' 'M' 'M' 'M' 'M' 'M'
 'M' 'M' 'U' 'M' 'M' 'U' 'M' 'M' 'M' 'U' 'M' 'M' 'M' 'M' 'M' 'M' 'M' 'M'
 'U' 'M' 'M' 'A' 'M' 'M' 'M' 'M' 'M' 'U' 'M' 'U' 'U' 'M' 'M' 'M' 'M' 'U'
 'M' 'A' 'M' 'M' 'M' 'M' 'U' 'M' 'M' 'M' 'U' 'M' 'M' 'M' 'M' 'M' 'M' 'U'
 'U' 'U' 'M' 'M' 'M' 'M' 'M' 'M' 'M' 'M' 'M' 'U' 'M' 'M' 'M' 'M' 'U' 'M'
 'M' 'M' 'M' 'M' 'M' 'M' 'M' 'M' 'M' 'M' 'U' 'M' 'M' 'M' 'M' 'M' 'M' 'U'
 'M' 'M' 'U' 'M' 'M' 'M' 'M' 'M' 'U' 'M' 'U' 'M' 'U' 'M' 'M' 'M' 'M' 'M'
 'M' 'M' 'U' 'M' 'M' 'U' 'M' 'M' 'U' 'M' 'U' 'M' 'M' 'M' 'M' 'M' 'U' 'M'
 'M' 'M' 'M' 'U' 'M' 'M' 'M' 'M' 'M' 'M' 'M' 'M' 'M' 'M' 'M' 'M' 'M' 'M'
 'M' 'M' 'M' 'U' 'M' 'U' 'M' 'M' 'M' 'M' 'M' 'M' 'M' 'U' 'M' 'M' 'M' 'M'
 'M' 'U' 'M' 'M' 'M' 'M' 'M' 'M' 'U' 'M' 'U' 'M' 'U' 'M' 'U' 'U' 'M' 'M']"
86101,0,162,7,155,36,0,0,"['A' 'M' 'U' 'M' 'M' 'M' 'M' 'M' 'M' 'M' 'M' 'M' 'M' 'M' 'M' 'M' 'M' 'M'
 'M' 'M' 'U' 'M' 'M' 'M' 'M' 'M' 'M' 'A' 'M' 'M' 'M' 'M' 'M' 'M' 'M' 'M'
 'U' 'M' 'M' 'A' 'M' 'M' 'M' 'M' 'M' 'U' 'U' 'U' 'U' 'M' 'M' 'M' 'M' 'A'
 'M' 'A' 'M' 'M' 'U' 'M' 'A' 'U' 'M' 'M' 'U' 'M' 'M' 'M' 'M' 'M' 'M' 'M'
 'M' 'U' 'M' 'U' 'M' 'U' 'M' 'M' 'M' 'M' 'M' 'U' 'M' 'M' 'M' 'M' 'M' 'M'
 'M' 'U' 'M' 'M' 'M' 'M' 'M' 'M' 'M' 'M' 'U' 'M' 'M' 'M' 'M' 'M' 'M' 'M'
 'M' 'M' 'U' 'M' 'M' 'M' 'M' 'U' 'U' 'M' 'U' 'M' 'U' 'U' 'M' 'M' 'M' 'M'
 'U' 'U' 'M' 'M' 'M' 'M' 'M' 'M' 'U' 'M' 'U' 'M' 'M' 'M' 'M' 'M' 'U' 'M'
 'M' 'M' 'M' 'U' 'M' 'M' 'M' 'M' 'U' 'M' 'M' 'M' 'M' 'M' 'M' 'M' 'M' 'M'
 'M' 'M' 'M' 'M' 'M' 'U' 'U' 'M' 'M' 'M' 'M' 'M' 'M' 'U' 'M' 'M' 'M' 'M'
 'U' 'U' 'M' 'M' 'M' 'M' 'M' 'M' 'M' 'M' 'U' 'M' 'A' 'M' 'U' 'M' 'M' 'M']"
86201,0,169,8,161,29,0,1,"['A' 'M' 'M' 'M' 'M' 'M' 'M' 'M' 'M' 'M' 'M' 'M' 'M' 'M' 'M' 'M' 'M' 'M'
 'M' 'M' 'U' 'M' 'M' 'M' 'M' 'M' 'U' 'A' 'M' 'M' 'M' 'M' 'M' 'M' 'M' 'M'
 'A' 'M' 'M' 'A' 'M' 'M' 'M' 'U' 'M' 'M' 'M' 'U' 'U' 'M' 'M' 'M' 'M' 'A'
 'M' 'A' 'M' 'M' 'U' 'M' 'A' 'U' 'M' 'M' 'U' 'M' 'M' 'M' 'U' 'M' 'M' 'M'
 'M' 'M' 'M' 'U' 'M' 'M' 'U' 'M' 'M' 'U' 'M' 'M' 'M' 'M' 'M' 'M' 'M' 'M'
 'M' 'M' 'M' 'M' 'U' 'M' 'M' 'M' 'M' 'M' 'U' 'M' 'M' 'M' 'M' 'M' 'M' 'M'
 'M' 'M' 'M' 'M' 'M' 'M' 'M' 'U' 'U' 'M' 'U' 'M' 'M' 'U' 'M' 'M' 'M' 'U'
 'M' 'U' 'M' 'M' 'M' 'M' 'M' 'M' 'U' 'M' 'U' 'M' 'M' 'M' 'M' 'U' 'M' 'M'
 'M' 'M' 'M' 'U' 'M' 'M' 'M' 'M' 'M' 'M' 'M' 'M' 'M' 'M' 'M' 'M' 'M' 'M'
 'M' 'M' 'M' 'M' 'M' 'M' 'U' 'M' 'M' 'M' 'M' 'M' 'M' 'M' 'M' 'M' 'M' 'M'
 'U' 'U' 'M' 'M' 'M' 'M' 'M' 'M' 'M' 'M' 'U' 'M' 'A' 'M' 'U' 'M' 'M' 'M']"
86301,0,164,7,157,34,0,0,"['A' 'M' 'M' 'M' 'M' 'M' 'M' 'M' 'M' 'M' 'M' 'M' 'M' 'M' 'M' 'M' 'M' 'M'
 'M' 'M' 'M' 'M' 'M' 'M' 'U' 'M' 'U' 'A' 'M' 'U' 'M' 'M' 'M' 'M' 'M' 'M'
 'U' 'M' 'M' 'U' 'M' 'M' 'M' 'M' 'M' 'M' 'M' 'U' 'M' 'M' 'M' 'M' 'M' 'A'
 'M' 'A' 'U' 'M' 'A' 'M' 'A' 'U' 'M' 'M' 'M' 'M' 'M' 'M' 'M' 'M' 'M' 'U'
 'M' 'M' 'M' 'M' 'M' 'M' 'M' 'M' 'U' 'U' 'M' 'M' 'M' 'U' 'M' 'U' 'M' 'M'
 'M' 'M' 'M' 'M' 'M' 'M' 'M' 'M' 'M' 'M' 'U' 'M' 'M' 'M' 'M' 'M' 'M' 'U'
 'M' 'M' 'M' 'M' 'M' 'M' 'M' 'U' 'M' 'M' 'M' 'M' 'M' 'U' 'M' 'M' 'M' 'M'
 'M' 'M' 'M' 'M' 'U' 'M' 'U' 'U' 'U' 'U' 'U' 'U' 'U' 'M' 'M' 'U' 'M' 'M'
 'M' 'M' 'M' 'U' 'M' 'M' 'M' 'M' 'U' 'U' 'M' 'M' 'M' 'M' 'M' 'M' 'M' 'M'
 'M' 'M' 'U' 'M' 'M' 'M' 'M' 'M' 'M' 'M' 'M' 'M' 'M' 'M' 'M' 'M' 'U' 'M'
 'M' 'U' 'M' 'M' 'M' 'M' 'M' 'M' 'M' 'M' 'U' 'M' 'A' 'M' 'U' 'M' 'M' 'M']"
86401,0,158,7,151,40,1,0,"['A' 'M' 'M' 'M' 'M' 'M' 'M' 'M' 'M' 'M' 'M' 'M' 'M' 'M' 'M' 'M' 'M' 'M'
 'M' 'M' 'M' 'M' 'M' 'M' 'U' 'M' 'U' 'A' 'M' 'U' 'M' 'M' 'M' 'U' 'M' 'U'
 'U' 'M' 'M' 'M' 'M' 'M' 'U' 'U' 'M' 'U' 'M' 'U' 'M' 'M' 'M' 'M' 'M' 'A'
 'M' 'A' 'U' 'M' 'A' 'M' 'A' 'U' 'M' 'M' 'M' 'M' 'M' 'U' 'M' 'M' 'M' 'U'
 'M' 'U' 'M' 'M' 'M' 'M' 'U' 'M' 'M' 'M' 'M' 'M' 'M' 'U' 'M' 'M' 'M' 'M'
 'M' 'M' 'M' 'M' 'M' 'M' 'M' 'M' 'M' 'M' 'U' 'M' 'M' 'M' 'M' 'M' 'M' 'U'
 'M' 'U' 'M' 'M' 'M' 'M' 'M' 'M' 'M' 'M' 'M' 'U' 'M' 'U' 'M' 'M' 'M' 'M'
 'M' 'M' 'M' 'M' 'U' 'M' 'U' 'U' 'U' 'U' 'U' 'U' 'U' 'M' 'M' 'M' 'M' 'M'
 'M' 'M' 'M' 'U' 'U' 'M' 'M' 'M' 'U' 'U' 'M' 'M' 'M' 'M' 'M' 'M' 'M' 'M'
 'M' 'M' 'U' 'M' 'M' 'M' 'M' 'M' 'M' 'M' 'M' 'M' 'M' 'M' 'M' 'M' 'M' 'M'
 'M' 'U' 'M' 'U' 'M' 'M' 'U' 'M' 'M' 'M' 'U' 'M' 'A' 'M' 'U' 'M' 'M' 'M']"
86501,0,154,7,147,44,0,0,"['A' 'M' 'M' 'M' 'M' 'M' 'M' 'M' 'M' 'M' 'M' 'M' 'M' 'M' 'M' 'M' 'M' 'M'
 'M' 'M' 'M' 'M' 'M' 'M' 'U' 'M' 'U' 'U' 'U' 'U' 'M' 'M' 'M' 'U' 'M' 'U'
 'U' 'M' 'M' 'M' 'M' 'M' 'U' 'U' 'M' 'U' 'M' 'U' 'M' 'M' 'M' 'M' 'M' 'U'
 'M' 'A' 'U' 'M' 'A' 'M' 'A' 'M' 'M' 'U' 'M' 'M' 'M' 'M' 'M' 'M' 'M' 'U'
 'M' 'U' 'M' 'M' 'M' 'M' 'U' 'M' 'M' 'M' 'M' 'M' 'M' 'M' 'U' 'M' 'M' 'U'
 'M' 'M' 'M' 'M' 'M' 'M' 'M' 'M' 'M' 'U' 'A' 'M' 'U' 'M' 'M' 'M' 'M' 'U'
 'M' 'U' 'M' 'M' 'M' 'M' 'M' 'M' 'U' 'M' 'M' 'U' 'M' 'U' 'U' 'M' 'M' 'M'
 'M' 'M' 'M' 'M' 'U' 'U' 'U' 'M' 'M' 'U' 'U' 'U' 'U' 'M' 'M' 'U' 'M' 'M'
 'M' 'M' 'U' 'U' 'U' 'M' 'M' 'M' 'M' 'M' 'M' 'M' 'M' 'M' 'M' 'M' 'M' 'M'
 'M' 'M' 'U' 'M' 'M' 'M' 'M' 'M' 'M' 'M' 'M' 'M' 'M' 'M' 'M' 'M' 'M' 'M'
 'M' 'U' 'M' 'U' 'M' 'M' 'U' 'M' 'M' 'M' 'U' 'M' 'A' 'M' 'A' 'M' 'M' 'M']"
86601,1,153,9,144,45,0,0,"['A' 'M' 'M' 'M' 'M' 'M' 'M' 'M' 'M' 'M' 'M' 'M' 'M' 'M' 'M' 'M' 'M' 'M'
 'M' 'M' 'M' 'M' 'M' 'M' 'U' 'M' 'M' 'U' 'U' 'U' 'U' 'M' 'M' 'U' 'M' 'M'
 'U' 'M' 'M' 'M' 'M' 'M' 'U' 'U' 'M' 'U' 'M' 'M' 'M' 'M' 'M' 'M' 'M' 'U'
 'M' 'A' 'U' 'U' 'A' 'M' 'U' 'M' 'M' 'A' 'M' 'M' 'M' 'M' 'M' 'M' 'M' 'M'
 'M' 'M' 'M' 'M' 'M' 'M' 'M' 'M' 'M' 'M' 'U' 'M' 'M' 'M' 'M' 'U' 'M' 'M'
 'U' 'M' 'M' 'U' 'U' 'M' 'M' 'M' 'M' 'U' 'A' 'U' 'U' 'M' 'U' 'M' 'M' 'U'
 'M' 'A' 'M' 'M' 'M' 'M' 'M' 'M' 'M' 'M' 'M' 'U' 'M' 'U' 'U' 'M' 'M' 'M'
 'M' 'M' 'M' 'U' 'U' 'M' 'U' 'U' 'U' 'U' 'M' 'U' 'U' 'M' 'M' 'M' 'M' 'M'
 'M' 'M' 'U' 'U' 'A' 'M' 'M' 'M' 'M' 'M' 'M' 'M' 'M' 'M' 'M' 'U' 'M' 'M'
 'M' 'M' 'U' 'U' 'M' 'M' 'M' 'M' 'M' 'M' 'M' 'M' 'M' 'M' 'M' 'M' 'M' 'M'
 'M' 'U' 'M' 'U' 'M' 'M' 'U' 'M' 'U' 'M' 'U' 'M' 'A' 'M' 'A' 'M' 'M' 'M']"
86701,0,160,10,150,38,0,0,"['A' 'M' 'M' 'M' 'M' 'U' 'M' 'M' 'U' 'U' 'M' 'M' 'M' 'M' 'M' 'M' 'M' 'M'
 'M' 'U' 'M' 'M' 'M' 'M' 'M' 'M' 'M' 'M' 'U' 'U' 'M' 'U' 'M' 'M' 'M' 'M'
 'M' 'M' 'M' 'M' 'M' 'M' 'M' 'U' 'M' 'U' 'M' 'M' 'M' 'M' 'M' 'M' 'M' 'M'
 'M' 'A' 'U' 'U' 'A' 'M' 'M' 'M' 'M' 'A' 'M' 'U' 'M' 'M' 'M' 'M' 'M' 'M'
 'M' 'M' 'U' 'M' 'M' 'M' 'M' 'M' 'M' 'M' 'M' 'M' 'M' 'M' 'M' 'U' 'M' 'M'
 'M' 'U' 'M' 'M' 'U' 'M' 'M' 'M' 'M' 'A' 'A' 'U' 'A' 'M' 'U' 'M' 'M' 'M'
 'M' 'U' 'M' 'M' 'M' 'M' 'M' 'M' 'M' 'M' 'M' 'U' 'M' 'U' 'U' 'M' 'M' 'M'
 'M' 'M' 'M' 'U' 'M' 'M' 'U' 'U' 'U' 'M' 'U' 'U' 'U' 'M' 'M' 'M' 'M' 'M'
 'M' 'M' 'M' 'U' 'A' 'U' 'M' 'M' 'M' 'M' 'M' 'M' 'M' 'M' 'M' 'M' 'M' 'M'
 'U' 'M' 'U' 'M' 'M' 'M' 'M' 'M' 'M' 'M' 'M' 'M' 'M' 'M' 'M' 'M' 'U' 'M'
 'M' 'U' 'M' 'M' 'M' 'M' 'U' 'M' 'U' 'M' 'U' 'M' 'A' 'M' 'A' 'M' 'M' 'M']"
86801,0,160,11,149,38,0,0,"['A' 'M' 'M' 'U' 'M' 'U' 'M' 'U' 'M' 'M' 'M' 'M' 'M' 'M' 'M' 'M' 'M' 'M'
 'M' 'U' 'M' 'M' 'M' 'M' 'M' 'M' 'M' 'M' 'U' 'U' 'M' 'U' 'M' 'M' 'U' 'M'
 'M' 'M' 'M' 'M' 'M' 'M' 'M' 'U' 'M' 'U' 'M' 'M' 'M' 'M' 'M' 'M' 'M' 'M'
 'M' 'A' 'U' 'U' 'U' 'M' 'M' 'M' 'M' 'A' 'M' 'M' 'M' 'M' 'M' 'M' 'U' 'M'
 'M' 'M' 'M' 'M' 'M' 'M' 'M' 'M' 'M' 'M' 'M' 'U' 'M' 'M' 'M' 'U' 'U' 'M'
 'M' 'M' 'M' 'M' 'U' 'M' 'M' 'M' 'U' 'A' 'U' 'U' 'A' 'M' 'M' 'M' 'M' 'M'
 'M' 'M' 'M' 'M' 'M' 'M' 'M' 'M' 'M' 'M' 'M' 'U' 'M' 'U' 'A' 'U' 'M' 'M'
 'M' 'M' 'U' 'M' 'M' 'M' 'U' 'U' 'U' 'U' 'A' 'U' 'U' 'M' 'M' 'M' 'M' 'M'
 'M' 'M' 'M' 'U' 'A' 'U' 'M' 'M' 'M' 'M' 'M' 'M' 'M' 'M' 'M' 'M' 'M' 'U'
 'M' 'M' 'M' 'M' 'M' 'M' 'M' 'M' 'M' 'M' 'M' 'M' 'M' 'M' 'M' 'M' 'U' 'M'
 'M' 'U' 'M' 'M' 'M' 'M' 'U' 'M' 'A' 'M' 'U' 'M' 'A' 'M' 'A' 'M' 'M' 'M']"
86901,0,159,12,147,39,0,0,"['A' 'M' 'M' 'U' 'U' 'M' 'M' 'M' 'M' 'M' 'M' 'M' 'M' 'M' 'M' 'M' 'M' 'M'
 'U' 'U' 'M' 'M' 'U' 'M' 'M' 'M' 'M' 'M' 'M' 'U' 'M' 'U' 'M' 'M' 'U' 'M'
 'M' 'M' 'M' 'M' 'U' 'M' 'M' 'U' 'M' 'U' 'M' 'M' 'M' 'M' 'M' 'M' 'M' 'M'
 'M' 'A' 'U' 'U' 'U' 'M' 'M' 'M' 'M' 'A' 'M' 'M' 'U' 'M' 'M' 'M' 'M' 'M'
 'M' 'U' 'M' 'M' 'M' 'M' 'M' 'U' 'U' 'M' 'M' 'M' 'M' 'M' 'M' 'M' 'M' 'M'
 'M' 'U' 'M' 'M' 'M' 'M' 'M' 'M' 'M' 'A' 'U' 'U' 'A' 'M' 'M' 'M' 'M' 'M'
 'M' 'M' 'M' 'M' 'M' 'M' 'U' 'M' 'M' 'M' 'U' 'U' 'M' 'A' 'A' 'U' 'M' 'M'
 'M' 'M' 'M' 'M' 'M' 'M' 'U' 'U' 'U' 'U' 'A' 'U' 'M' 'M' 'M' 'M' 'M' 'M'
 'M' 'M' 'M' 'U' 'A' 'U' 'M' 'M' 'M' 'M' 'M' 'M' 'M' 'U' 'M' 'M' 'M' 'M'
 'M' 'M' 'M' 'M' 'M' 'M' 'M' 'U' 'M' 'M' 'M' 'M' 'M' 'M' 'M' 'U' 'A' 'M'
 'M' 'U' 'M' 'M' 'M' 'M' 'U' 'M' 'A' 'M' 'U' 'M' 'A' 'M' 'U' 'M' 'M' 'M']"
87001,0,163,12,151,35,0,0,"['A' 'M' 'M' 'M' 'U' 'M' 'M' 'M' 'U' 'M' 'M' 'M' 'M' 'M' 'M' 'M' 'M' 'M'
 'U' 'M' 'M' 'M' 'U' 'M' 'M' 'M' 'M' 'M' 'M' 'M' 'M' 'U' 'U' 'M' 'U' 'M'
 'M' 'M' 'M' 'M' 'M' 'M' 'M' 'U' 'M' 'U' 'U' 'M' 'M' 'M' 'M' 'M' 'M' 'M'
 'M' 'A' 'A' 'U' 'U' 'M' 'M' 'M' 'M' 'A' 'M' 'M' 'M' 'M' 'M' 'M' 'M' 'M'
 'M' 'M' 'M' 'U' 'M' 'M' 'M' 'M' 'M' 'U' 'M' 'M' 'M' 'U' 'M' 'M' 'M' 'M'
 'U' 'M' 'M' 'M' 'U' 'M' 'M' 'M' 'M' 'M' 'M' 'U' 'A' 'M' 'M' 'M' 'M' 'M'
 'M' 'M' 'M' 'M' 'M' 'M' 'M' 'M' 'M' 'M' 'M' 'U' 'M' 'U' 'A' 'U' 'M' 'M'
 'M' 'M' 'M' 'M' 'U' 'M' 'U' 'U' 'U' 'M' 'A' 'U' 'M' 'M' 'M' 'M' 'M' 'M'
 'M' 'M' 'M' 'U' 'A' 'U' 'M' 'M' 'M' 'M' 'M' 'M' 'M' 'M' 'M' 'M' 'M' 'M'
 'M' 'M' 'M' 'M' 'M' 'M' 'M' 'U' 'U' 'M' 'M' 'M' 'M' 'M' 'U' 'A' 'A' 'M'
 'M' 'M' 'U' 'M' 'M' 'M' 'U' 'M' 'A' 'M' 'U' 'M' 'A' 'M' 'U' 'M' 'M' 'M']"
87101,0,160,8,152,38,0,0,"['A' 'M' 'M' 'M' 'U' 'M' 'M' 'M' 'U' 'M' 'M' 'U' 'M' 'M' 'M' 'M' 'M' 'M'
 'A' 'M' 'M' 'M' 'U' 'M' 'M' 'M' 'M' 'M' 'M' 'M' 'M' 'U' 'U' 'M' 'U' 'M'
 'M' 'M' 'M' 'M' 'M' 'M' 'U' 'U' 'M' 'M' 'M' 'M' 'M' 'M' 'M' 'M' 'M' 'M'
 'M' 'U' 'A' 'U' 'U' 'M' 'M' 'M' 'M' 'A' 'M' 'M' 'M' 'M' 'M' 'M' 'M' 'M'
 'M' 'M' 'M' 'M' 'M' 'M' 'U' 'M' 'M' 'M' 'U' 'M' 'M' 'M' 'M' 'U' 'M' 'M'
 'M' 'M' 'U' 'U' 'M' 'M' 'M' 'M' 'M' 'M' 'M' 'U' 'A' 'M' 'U' 'M' 'M' 'M'
 'M' 'M' 'M' 'M' 'M' 'M' 'M' 'M' 'M' 'M' 'M' 'M' 'M' 'U' 'A' 'U' 'M' 'M'
 'M' 'M' 'M' 'M' 'U' 'M' 'M' 'U' 'U' 'U' 'U' 'U' 'M' 'M' 'M' 'M' 'M' 'M'
 'M' 'M' 'M' 'U' 'U' 'U' 'M' 'M' 'M' 'M' 'M' 'M' 'M' 'M' 'M' 'M' 'M' 'M'
 'M' 'M' 'M' 'U' 'M' 'M' 'M' 'U' 'U' 'M' 'M' 'M' 'M' 'M' 'U' 'U' 'A' 'M'
 'M' 'M' 'M' 'M' 'M' 'M' 'U' 'M' 'M' 'M' 'U' 'M' 'A' 'U' 'M' 'M' 'M' 'M']"
87201,2,165,8,157,33,0,1,"['A' 'M' 'U' 'M' 'U' 'M' 'M' 'M' 'A' 'M' 'M' 'U' 'M' 'M' 'M' 'M' 'M' 'M'
 'M' 'M' 'M' 'U' 'U' 'M' 'M' 'M' 'M' 'M' 'M' 'M' 'M' 'U' 'U' 'M' 'U' 'M'
 'M' 'M' 'M' 'M' 'M' 'M' 'U' 'M' 'M' 'M' 'M' 'M' 'M' 'M' 'M' 'M' 'M' 'M'
 'M' 'M' 'A' 'U' 'M' 'M' 'M' 'M' 'M' 'A' 'M' 'M' 'U' 'M' 'M' 'M' 'M' 'M'
 'M' 'M' 'M' 'M' 'M' 'M' 'M' 'M' 'U' 'M' 'M' 'M' 'M' 'U' 'U' 'M' 'M' 'M'
 'U' 'M' 'M' 'M' 'M' 'M' 'M' 'M' 'M' 'M' 'M' 'M' 'U' 'M' 'M' 'M' 'M' 'M'
 'M' 'M' 'M' 'M' 'M' 'M' 'M' 'M' 'M' 'M' 'M' 'M' 'M' 'U' 'A' 'U' 'M' 'M'
 'M' 'M' 'M' 'M' 'U' 'U' 'U' 'M' 'A' 'U' 'M' 'M' 'M' 'M' 'M' 'M' 'M' 'M'
 'M' 'M' 'M' 'U' 'U' 'M' 'M' 'M' 'M' 'M' 'M' 'M' 'M' 'M' 'M' 'M' 'M' 'M'
 'M' 'M' 'M' 'U' 'U' 'M' 'M' 'U' 'U' 'M' 'M' 'M' 'U' 'M' 'U' 'U' 'A' 'M'
 'M' 'M' 'M' 'M' 'M' 'M' 'U' 'M' 'M' 'M' 'M' 'M' 'A' 'U' 'M' 'M' 'M' 'M']"
87301,0,168,7,161,30,0,0,"['A' 'M' 'M' 'M' 'U' 'M' 'M' 'M' 'U' 'M' 'M' 'U' 'M' 'M' 'M' 'M' 'M' 'M'
 'M' 'M' 'M' 'U' 'M' 'M' 'M' 'M' 'M' 'M' 'M' 'M' 'M' 'M' 'U' 'M' 'M' 'M'
 'M' 'M' 'M' 'M' 'M' 'M' 'U' 'U' 'M' 'M' 'M' 'M' 'M' 'M' 'M' 'M' 'M' 'M'
 'M' 'M' 'A' 'M' 'M' 'M' 'M' 'M' 'M' 'A' 'M' 'M' 'M' 'M' 'M' 'U' 'M' 'U'
 'U' 'M' 'M' 'M' 'M' 'M' 'M' 'M' 'M' 'M' 'M' 'M' 'M' 'M' 'U' 'M' 'M' 'M'
 'U' 'M' 'M' 'M' 'M' 'M' 'M' 'M' 'M' 'M' 'M' 'M' 'U' 'M' 'M' 'M' 'M' 'M'
 'M' 'M' 'M' 'M' 'M' 'M' 'M' 'M' 'M' 'M' 'M' 'M' 'M' 'U' 'A' 'M' 'M' 'M'
 'M' 'M' 'M' 'M' 'M' 'U' 'U' 'U' 'A' 'M' 'M' 'U' 'U' 'M' 'M' 'M' 'M' 'M'
 'M' 'M' 'M' 'U' 'U' 'M' 'M' 'M' 'M' 'M' 'M' 'M' 'M' 'M' 'M' 'M' 'M' 'M'
 'M' 'M' 'M' 'U' 'U' 'M' 'M' 'U' 'U' 'M' 'M' 'U' 'U' 'M' 'U' 'U' 'A' 'M'
 'M' 'M' 'M' 'M' 'M' 'M' 'U' 'M' 'M' 'M' 'M' 'M' 'A' 'M' 'M' 'M' 'M' 'M']"
87401,0,164,8,156,34,0,0,"['A' 'M' 'M' 'M' 'U' 'M' 'U' 'M' 'U' 'M' 'M' 'U' 'M' 'U' 'M' 'M' 'U' 'M'
 'M' 'M' 'M' 'U' 'M' 'M' 'M' 'M' 'M' 'M' 'M' 'M' 'M' 'M' 'U' 'M' 'M' 'M'
 'M' 'M' 'M' 'M' 'M' 'M' 'U' 'M' 'M' 'M' 'M' 'M' 'M' 'M' 'M' 'M' 'M' 'M'
 'M' 'M' 'U' 'M' 'M' 'M' 'M' 'M' 'M' 'A' 'M' 'M' 'M' 'U' 'M' 'M' 'M' 'U'
 'M' 'M' 'M' 'M' 'U' 'U' 'M' 'M' 'M' 'M' 'M' 'M' 'M' 'U' 'M' 'M' 'M' 'M'
 'M' 'M' 'M' 'M' 'M' 'M' 'M' 'M' 'M' 'M' 'M' 'M' 'U' 'M' 'M' 'M' 'M' 'M'
 'U' 'M' 'M' 'M' 'M' 'U' 'M' 'M' 'M' 'M' 'M' 'M' 'M' 'M' 'A' 'M' 'M' 'M'
 'M' 'U' 'M' 'M' 'M' 'U' 'A' 'U' 'A' 'M' 'M' 'U' 'U' 'M' 'M' 'M' 'M' 'M'
 'M' 'M' 'M' 'U' 'U' 'M' 'M' 'M' 'M' 'M' 'M' 'M' 'M' 'M' 'M' 'M' 'M' 'M'
 'M' 'M' 'M' 'M' 'M' 'M' 'M' 'A' 'U' 'U' 'M' 'U' 'U' 'M' 'U' 'U' 'A' 'M'
 'M' 'M' 'M' 'M' 'M' 'M' 'U' 'M' 'U' 'M' 'M' 'M' 'A' 'M' 'M' 'M' 'U' 'M']"
87501,0,157,9,148,41,0,0,"['A' 'M' 'M' 'M' 'U' 'M' 'U' 'M' 'U' 'M' 'M' 'U' 'M' 'U' 'M' 'M' 'M' 'M'
 'M' 'M' 'M' 'U' 'M' 'M' 'U' 'M' 'M' 'M' 'M' 'U' 'M' 'M' 'A' 'M' 'M' 'M'
 'M' 'M' 'M' 'M' 'M' 'U' 'U' 'M' 'M' 'M' 'M' 'M' 'M' 'M' 'M' 'U' 'M' 'M'
 'M' 'U' 'U' 'M' 'M' 'M' 'M' 'M' 'M' 'A' 'U' 'M' 'U' 'U' 'M' 'M' 'M' 'M'
 'M' 'M' 'M' 'M' 'M' 'M' 'U' 'M' 'M' 'M' 'U' 'M' 'M' 'M' 'M' 'M' 'M' 'M'
 'M' 'U' 'M' 'M' 'M' 'M' 'M' 'M' 'M' 'M' 'M' 'M' 'A' 'U' 'M' 'M' 'M' 'M'
 'U' 'M' 'M' 'M' 'M' 'U' 'M' 'M' 'M' 'M' 'M' 'M' 'M' 'M' 'A' 'M' 'M' 'M'
 'M' 'U' 'M' 'M' 'M' 'U' 'A' 'U' 'A' 'M' 'M' 'M' 'U' 'U' 'M' 'M' 'M' 'M'
 'M' 'M' 'M' 'U' 'U' 'M' 'M' 'M' 'M' 'U' 'M' 'M' 'M' 'M' 'M' 'U' 'M' 'M'
 'M' 'M' 'U' 'M' 'M' 'M' 'M' 'U' 'M' 'U' 'M' 'U' 'U' 'M' 'M' 'U' 'A' 'M'
 'M' 'M' 'M' 'M' 'M' 'M' 'U' 'M' 'U' 'M' 'M' 'M' 'A' 'M' 'M' 'M' 'U' 'U']"
87601,0,156,8,148,42,0,0,"['A' 'M' 'M' 'M' 'U' 'M' 'U' 'M' 'U' 'M' 'M' 'U' 'M' 'U' 'M' 'M' 'M' 'M'
 'U' 'M' 'M' 'U' 'M' 'M' 'U' 'M' 'M' 'M' 'M' 'U' 'M' 'M' 'A' 'M' 'M' 'M'
 'M' 'M' 'M' 'M' 'M' 'U' 'U' 'M' 'U' 'M' 'M' 'M' 'M' 'M' 'M' 'M' 'M' 'M'
 'M' 'U' 'U' 'M' 'M' 'M' 'M' 'M' 'M' 'A' 'U' 'M' 'M' 'M' 'M' 'M' 'M' 'M'
 'M' 'U' 'M' 'M' 'M' 'M' 'M' 'M' 'M' 'M' 'M' 'M' 'U' 'U' 'M' 'M' 'M' 'M'
 'M' 'M' 'U' 'M' 'U' 'M' 'M' 'M' 'M' 'M' 'M' 'M' 'A' 'U' 'M' 'M' 'M' 'M'
 'M' 'M' 'M' 'M' 'M' 'U' 'M' 'M' 'U' 'M' 'M' 'M' 'M' 'M' 'U' 'M' 'M' 'M'
 'M' 'U' 'M' 'M' 'M' 'M' 'A' 'M' 'A' 'M' 'M' 'M' 'U' 'U' 'M' 'M' 'M' 'U'
 'M' 'U' 'M' 'U' 'U' 'M' 'M' 'M' 'M' 'M' 'M' 'M' 'M' 'M' 'M' 'U' 'U' 'M'
 'M' 'M' 'U' 'M' 'U' 'M' 'M' 'U' 'M' 'U' 'M' 'U' 'M' 'M' 'M' 'U' 'A' 'M'
 'M' 'M' 'M' 'M' 'M' 'M' 'M' 'M' 'U' 'M' 'M' 'M' 'A' 'M' 'M' 'M' 'U' 'U']"
87701,0,157,7,150,41,0,0,"['A' 'M' 'M' 'M' 'U' 'M' 'U' 'M' 'M' 'M' 'M' 'U' 'U' 'U' 'M' 'M' 'M' 'M'
 'U' 'M' 'M' 'U' 'M' 'M' 'M' 'M' 'M' 'M' 'M' 'U' 'M' 'M' 'A' 'M' 'M' 'M'
 'M' 'M' 'M' 'M' 'M' 'U' 'U' 'M' 'M' 'M' 'M' 'M' 'M' 'M' 'M' 'M' 'M' 'M'
 'M' 'M' 'U' 'M' 'U' 'M' 'M' 'M' 'M' 'A' 'U' 'U' 'M' 'M' 'M' 'M' 'M' 'M'
 'M' 'M' 'M' 'M' 'M' 'M' 'M' 'U' 'M' 'M' 'M' 'M' 'U' 'U' 'U' 'M' 'M' 'M'
 'M' 'M' 'M' 'M' 'M' 'M' 'M' 'M' 'U' 'M' 'M' 'M' 'A' 'U' 'M' 'M' 'M' 'M'
 'M' 'M' 'M' 'M' 'M' 'U' 'M' 'M' 'U' 'M' 'M' 'M' 'M' 'M' 'U' 'M' 'M' 'M'
 'M' 'M' 'M' 'M' 'M' 'U' 'A' 'M' 'A' 'M' 'M' 'M' 'U' 'U' 'M' 'M' 'M' 'U'
 'M' 'U' 'M' 'U' 'M' 'M' 'M' 'M' 'M' 'M' 'M' 'M' 'M' 'M' 'M' 'U' 'M' 'M'
 'M' 'M' 'M' 'M' 'U' 'U' 'M' 'U' 'U' 'U' 'M' 'U' 'M' 'M' 'U' 'U' 'U' 'M'
 'M' 'M' 'M' 'M' 'M' 'M' 'M' 'M' 'U' 'M' 'M' 'M' 'A' 'M' 'M' 'M' 'U' 'M']"
87801,0,154,6,148,44,0,0,"['A' 'M' 'M' 'M' 'U' 'M' 'U' 'M' 'U' 'M' 'M' 'U' 'U' 'U' 'M' 'M' 'M' 'M'
 'U' 'M' 'M' 'U' 'M' 'M' 'U' 'M' 'M' 'M' 'M' 'U' 'M' 'M' 'A' 'M' 'U' 'M'
 'U' 'M' 'M' 'M' 'M' 'M' 'U' 'M' 'M' 'M' 'M' 'M' 'M' 'M' 'M' 'M' 'M' 'M'
 'M' 'M' 'U' 'M' 'U' 'M' 'M' 'M' 'M' 'A' 'U' 'M' 'M' 'M' 'M' 'M' 'M' 'M'
 'M' 'U' 'M' 'M' 'M' 'U' 'M' 'M' 'M' 'M' 'M' 'M' 'M' 'M' 'U' 'M' 'U' 'M'
 'M' 'M' 'U' 'M' 'M' 'M' 'M' 'M' 'U' 'M' 'M' 'M' 'A' 'U' 'M' 'M' 'M' 'M'
 'M' 'M' 'M' 'M' 'M' 'U' 'M' 'M' 'U' 'M' 'M' 'U' 'M' 'M' 'U' 'M' 'M' 'M'
 'M' 'M' 'M' 'M' 'M' 'U' 'A' 'M' 'A' 'M' 'M' 'M' 'U' 'M' 'U' 'M' 'M' 'U'
 'M' 'U' 'M' 'U' 'M' 'M' 'M' 'M' 'M' 'M' 'M' 'M' 'M' 'M' 'M' 'U' 'M' 'M'
 'M' 'M' 'M' 'M' 'U' 'U' 'M' 'M' 'U' 'M' 'M' 'U' 'M' 'M' 'U' 'U' 'U' 'M'
 'M' 'M' 'M' 'M' 'M' 'U' 'M' 'M' 'U' 'M' 'M' 'M' 'U' 'M' 'M' 'M' 'M' 'M']"
87901,0,154,6,148,44,0,0,"['A' 'M' 'U' 'M' 'M' 'M' 'U' 'M' 'U' 'M' 'M' 'U' 'M' 'M' 'M' 'M' 'M' 'M'
 'U' 'M' 'M' 'U' 'M' 'M' 'U' 'A' 'M' 'M' 'M' 'U' 'M' 'M' 'A' 'M' 'U' 'M'
 'U' 'M' 'M' 'M' 'M' 'M' 'M' 'M' 'M' 'M' 'M' 'M' 'M' 'M' 'M' 'M' 'M' 'M'
 'M' 'M' 'U' 'M' 'U' 'M' 'M' 'M' 'M' 'A' 'U' 'M' 'U' 'M' 'M' 'M' 'U' 'M'
 'M' 'M' 'M' 'M' 'M' 'M' 'U' 'M' 'M' 'M' 'M' 'M' 'M' 'M' 'M' 'M' 'U' 'U'
 'M' 'M' 'M' 'M' 'M' 'M' 'U' 'M' 'U' 'M' 'M' 'M' 'A' 'U' 'M' 'M' 'M' 'M'
 'M' 'M' 'M' 'M' 'M' 'U' 'M' 'M' 'U' 'M' 'M' 'U' 'M' 'M' 'M' 'U' 'M' 'M'
 'M' 'M' 'M' 'M' 'M' 'U' 'A' 'M' 'M' 'U' 'U' 'U' 'U' 'M' 'U' 'M' 'M' 'U'
 'M' 'M' 'U' 'U' 'M' 'M' 'M' 'M' 'M' 'M' 'M' 'M' 'M' 'M' 'M' 'U' 'M' 'M'
 'M' 'M' 'M' 'M' 'U' 'U' 'M' 'M' 'U' 'U' 'M' 'U' 'M' 'M' 'U' 'U' 'M' 'M'
 'M' 'M' 'M' 'M' 'M' 'U' 'M' 'M' 'M' 'M' 'M' 'M' 'U' 'M' 'M' 'M' 'M' 'M']"
88001,0,159,8,151,39,0,0,"['A' 'M' 'U' 'U' 'M' 'M' 'M' 'U' 'U' 'M' 'M' 'M' 'M' 'M' 'M' 'M' 'M' 'M'
 'U' 'M' 'M' 'U' 'M' 'M' 'M' 'A' 'M' 'M' 'U' 'U' 'M' 'U' 'A' 'M' 'U' 'M'
 'U' 'M' 'M' 'M' 'M' 'M' 'M' 'M' 'M' 'M' 'M' 'M' 'M' 'M' 'M' 'M' 'M' 'M'
 'M' 'M' 'M' 'M' 'U' 'M' 'M' 'M' 'M' 'A' 'U' 'M' 'M' 'M' 'M' 'M' 'M' 'M'
 'M' 'M' 'M' 'U' 'M' 'U' 'M' 'U' 'M' 'M' 'M' 'M' 'M' 'M' 'M' 'M' 'M' 'U'
 'M' 'M' 'M' 'M' 'U' 'M' 'A' 'M' 'U' 'M' 'M' 'M' 'A' 'M' 'M' 'M' 'M' 'M'
 'U' 'M' 'M' 'M' 'M' 'U' 'M' 'M' 'U' 'M' 'U' 'A' 'M' 'M' 'M' 'M' 'M' 'M'
 'M' 'M' 'M' 'M' 'M' 'U' 'M' 'M' 'M' 'M' 'U' 'M' 'U' 'M' 'U' 'M' 'M' 'U'
 'M' 'M' 'A' 'U' 'M' 'M' 'M' 'M' 'M' 'M' 'M' 'M' 'M' 'M' 'M' 'U' 'M' 'U'
 'M' 'M' 'U' 'M' 'U' 'U' 'M' 'M' 'U' 'U' 'M' 'M' 'M' 'M' 'U' 'M' 'M' 'M'
 'M' 'M' 'M' 'M' 'M' 'U' 'M' 'M' 'M' 'M' 'M' 'M' 'U' 'M' 'M' 'M' 'M' 'M']"
88101,0,153,7,146,45,0,0,"['A' 'M' 'U' 'U' 'M' 'M' 'M' 'M' 'U' 'M' 'M' 'M' 'M' 'M' 'M' 'M' 'M' 'U'
 'U' 'M' 'M' 'U' 'U' 'M' 'U' 'A' 'M' 'M' 'U' 'U' 'M' 'M' 'U' 'M' 'U' 'M'
 'M' 'M' 'M' 'M' 'U' 'M' 'M' 'M' 'M' 'M' 'M' 'M' 'M' 'M' 'M' 'M' 'M' 'M'
 'M' 'M' 'M' 'M' 'M' 'M' 'M' 'M' 'M' 'A' 'U' 'M' 'M' 'M' 'M' 'U' 'U' 'U'
 'M' 'M' 'M' 'M' 'M' 'M' 'M' 'M' 'U' 'M' 'M' 'M' 'M' 'M' 'M' 'U' 'M' 'M'
 'M' 'M' 'M' 'M' 'M' 'M' 'A' 'M' 'U' 'M' 'M' 'M' 'A' 'M' 'M' 'M' 'M' 'M'
 'U' 'M' 'M' 'M' 'M' 'U' 'M' 'M' 'U' 'M' 'U' 'U' 'M' 'M' 'M' 'U' 'M' 'M'
 'M' 'M' 'M' 'M' 'M' 'U' 'U' 'U' 'U' 'U' 'U' 'M' 'U' 'M' 'M' 'M' 'U' 'U'
 'M' 'M' 'A' 'U' 'M' 'M' 'M' 'M' 'M' 'M' 'M' 'M' 'M' 'M' 'M' 'U' 'M' 'U'
 'M' 'M' 'M' 'M' 'U' 'U' 'M' 'M' 'U' 'A' 'M' 'M' 'M' 'M' 'U' 'M' 'M' 'M'
 'M' 'M' 'M' 'U' 'M' 'U' 'M' 'M' 'M' 'M' 'M' 'M' 'U' 'M' 'M' 'M' 'M' 'M']"
88201,0,155,6,149,43,1,0,"['A' 'M' 'M' 'U' 'M' 'M' 'M' 'M' 'U' 'M' 'M' 'M' 'M' 'M' 'M' 'U' 'M' 'U'
 'M' 'M' 'M' 'U' 'U' 'M' 'U' 'A' 'M' 'M' 'U' 'M' 'M' 'M' 'M' 'M' 'U' 'M'
 'M' 'M' 'M' 'M' 'U' 'M' 'U' 'M' 'M' 'M' 'M' 'M' 'M' 'M' 'M' 'M' 'M' 'M'
 'M' 'M' 'M' 'M' 'U' 'M' 'M' 'M' 'M' 'A' 'U' 'U' 'M' 'M' 'M' 'U' 'M' 'U'
 'M' 'M' 'M' 'M' 'M' 'M' 'U' 'U' 'M' 'M' 'M' 'M' 'M' 'M' 'M' 'M' 'M' 'M'
 'M' 'M' 'M' 'M' 'M' 'M' 'A' 'M' 'U' 'M' 'M' 'M' 'U' 'M' 'M' 'M' 'M' 'M'
 'M' 'M' 'M' 'M' 'M' 'A' 'M' 'M' 'U' 'M' 'M' 'U' 'M' 'U' 'M' 'M' 'M' 'M'
 'M' 'M' 'M' 'M' 'M' 'U' 'U' 'U' 'U' 'U' 'U' 'M' 'U' 'M' 'M' 'M' 'U' 'U'
 'M' 'M' 'A' 'U' 'M' 'M' 'M' 'M' 'M' 'M' 'M' 'M' 'M' 'M' 'M' 'U' 'M' 'U'
 'M' 'M' 'M' 'M' 'U' 'U' 'M' 'M' 'U' 'U' 'M' 'M' 'M' 'M' 'U' 'M' 'M' 'M'
 'M' 'M' 'M' 'U' 'M' 'U' 'M' 'M' 'M' 'M' 'M' 'M' 'U' 'M' 'M' 'M' 'M' 'M']"
88301,0,149,5,144,49,0,0,"['A' 'M' 'M' 'U' 'M' 'M' 'M' 'M' 'U' 'M' 'M' 'M' 'M' 'M' 'M' 'U' 'M' 'U'
 'M' 'M' 'M' 'M' 'U' 'M' 'M' 'U' 'M' 'M' 'U' 'U' 'M' 'M' 'M' 'M' 'U' 'M'
 'U' 'M' 'M' 'M' 'A' 'M' 'U' 'M' 'M' 'M' 'M' 'M' 'M' 'M' 'M' 'M' 'M' 'M'
 'M' 'M' 'U' 'M' 'A' 'M' 'M' 'M' 'U' 'U' 'U' 'U' 'M' 'M' 'M' 'M' 'M' 'M'
 'M' 'M' 'M' 'M' 'U' 'M' 'M' 'M' 'M' 'M' 'U' 'U' 'U' 'M' 'M' 'M' 'M' 'M'
 'M' 'M' 'M' 'M' 'M' 'M' 'M' 'M' 'M' 'U' 'U' 'M' 'U' 'M' 'M' 'M' 'M' 'M'
 'M' 'M' 'M' 'M' 'M' 'A' 'M' 'M' 'U' 'M' 'M' 'U' 'M' 'U' 'U' 'M' 'M' 'U'
 'U' 'M' 'M' 'M' 'M' 'U' 'U' 'U' 'U' 'U' 'U' 'U' 'U' 'M' 'M' 'M' 'M' 'U'
 'M' 'M' 'A' 'U' 'M' 'M' 'M' 'M' 'M' 'M' 'M' 'M' 'U' 'M' 'M' 'M' 'U' 'U'
 'M' 'M' 'M' 'U' 'U' 'U' 'M' 'M' 'U' 'U' 'M' 'M' 'M' 'M' 'U' 'M' 'M' 'M'
 'M' 'M' 'M' 'U' 'M' 'M' 'M' 'M' 'M' 'M' 'M' 'M' 'M' 'M' 'M' 'M' 'M' 'M']"
88401,0,160,6,154,38,0,0,"['A' 'M' 'M' 'U' 'M' 'M' 'M' 'U' 'U' 'M' 'M' 'M' 'M' 'M' 'M' 'U' 'M' 'U'
 'M' 'M' 'M' 'M' 'M' 'M' 'M' 'U' 'M' 'M' 'U' 'U' 'M' 'M' 'M' 'M' 'U' 'M'
 'M' 'M' 'M' 'M' 'A' 'M' 'U' 'M' 'M' 'M' 'M' 'M' 'M' 'U' 'M' 'M' 'M' 'M'
 'M' 'M' 'U' 'M' 'A' 'M' 'M' 'M' 'U' 'M' 'U' 'M' 'M' 'M' 'M' 'U' 'M' 'U'
 'M' 'M' 'M' 'M' 'M' 'M' 'M' 'M' 'M' 'M' 'M' 'M' 'M' 'M' 'U' 'M' 'U' 'M'
 'U' 'M' 'M' 'M' 'M' 'M' 'M' 'M' 'M' 'U' 'M' 'M' 'M' 'M' 'M' 'M' 'M' 'M'
 'M' 'M' 'M' 'M' 'M' 'A' 'M' 'M' 'M' 'M' 'M' 'M' 'M' 'U' 'M' 'M' 'M' 'U'
 'M' 'M' 'M' 'M' 'M' 'M' 'M' 'U' 'U' 'U' 'U' 'U' 'U' 'M' 'M' 'M' 'M' 'U'
 'M' 'M' 'A' 'U' 'M' 'M' 'M' 'M' 'M' 'M' 'M' 'M' 'M' 'M' 'M' 'M' 'M' 'U'
 'M' 'M' 'M' 'U' 'U' 'U' 'M' 'M' 'U' 'U' 'M' 'M' 'M' 'M' 'U' 'M' 'M' 'M'
 'M' 'M' 'M' 'A' 'M' 'M' 'M' 'U' 'M' 'M' 'M' 'M' 'M' 'M' 'M' 'M' 'M' 'M']"
88501,1,157,9,148,41,0,0,"['A' 'M' 'M' 'U' 'M' 'M' 'M' 'U' 'M' 'M' 'M' 'U' 'M' 'M' 'M' 'U' 'M' 'U'
 'M' 'M' 'M' 'M' 'M' 'U' 'M' 'U' 'M' 'M' 'U' 'U' 'M' 'M' 'M' 'M' 'M' 'M'
 'M' 'M' 'M' 'M' 'U' 'M' 'A' 'U' 'M' 'M' 'M' 'M' 'M' 'A' 'M' 'M' 'M' 'M'
 'M' 'M' 'M' 'M' 'A' 'M' 'M' 'M' 'U' 'M' 'U' 'U' 'M' 'M' 'M' 'U' 'M' 'U'
 'M' 'M' 'M' 'U' 'M' 'M' 'M' 'M' 'M' 'M' 'M' 'M' 'M' 'M' 'M' 'M' 'M' 'U'
 'M' 'M' 'M' 'M' 'M' 'M' 'M' 'M' 'M' 'M' 'M' 'M' 'M' 'M' 'M' 'M' 'M' 'M'
 'M' 'M' 'M' 'M' 'M' 'A' 'M' 'M' 'M' 'M' 'M' 'U' 'M' 'U' 'M' 'M' 'M' 'U'
 'M' 'M' 'M' 'M' 'M' 'U' 'U' 'U' 'A' 'U' 'U' 'U' 'U' 'M' 'M' 'M' 'M' 'U'
 'M' 'U' 'U' 'M' 'U' 'M' 'M' 'M' 'M' 'M' 'M' 'M' 'M' 'U' 'M' 'M' 'M' 'U'
 'M' 'M' 'M' 'A' 'M' 'M' 'M' 'M' 'A' 'U' 'M' 'M' 'M' 'U' 'U' 'M' 'M' 'M'
 'M' 'M' 'M' 'A' 'M' 'M' 'M' 'U' 'M' 'M' 'M' 'M' 'M' 'M' 'M' 'U' 'U' 'U']"
88601,0,148,7,141,50,1,0,"['A' 'M' 'M' 'U' 'M' 'M' 'M' 'U' 'M' 'M' 'M' 'U' 'M' 'M' 'M' 'U' 'M' 'U'
 'M' 'M' 'M' 'M' 'M' 'U' 'M' 'U' 'M' 'M' 'U' 'U' 'M' 'M' 'M' 'M' 'M' 'M'
 'M' 'M' 'M' 'M' 'U' 'U' 'A' 'U' 'M' 'M' 'M' 'M' 'U' 'A' 'M' 'M' 'M' 'M'
 'M' 'M' 'M' 'M' 'A' 'M' 'M' 'M' 'U' 'M' 'U' 'M' 'M' 'M' 'U' 'M' 'M' 'M'
 'M' 'M' 'M' 'U' 'M' 'M' 'U' 'M' 'M' 'M' 'M' 'M' 'U' 'M' 'M' 'M' 'U' 'M'
 'M' 'M' 'M' 'M' 'M' 'U' 'M' 'M' 'M' 'M' 'M' 'M' 'M' 'M' 'M' 'M' 'M' 'U'
 'M' 'M' 'M' 'M' 'M' 'U' 'M' 'M' 'M' 'M' 'M' 'U' 'M' 'U' 'M' 'M' 'M' 'M'
 'M' 'M' 'M' 'M' 'M' 'U' 'U' 'U' 'A' 'U' 'U' 'U' 'U' 'M' 'M' 'M' 'M' 'U'
 'M' 'U' 'U' 'M' 'U' 'M' 'M' 'M' 'M' 'M' 'M' 'M' 'A' 'M' 'M' 'U' 'U' 'U'
 'M' 'M' 'M' 'U' 'M' 'M' 'M' 'M' 'A' 'U' 'M' 'M' 'U' 'U' 'U' 'M' 'M' 'M'
 'M' 'M' 'M' 'U' 'M' 'M' 'M' 'U' 'M' 'M' 'M' 'M' 'U' 'M' 'M' 'U' 'U' 'U']"
88701,0,159,9,150,39,0,1,"['A' 'M' 'M' 'U' 'M' 'M' 'M' 'U' 'M' 'M' 'U' 'M' 'M' 'M' 'M' 'U' 'M' 'U'
 'M' 'M' 'M' 'M' 'M' 'U' 'U' 'M' 'M' 'M' 'U' 'M' 'A' 'M' 'M' 'M' 'M' 'M'
 'M' 'M' 'M' 'M' 'U' 'U' 'A' 'U' 'M' 'M' 'M' 'M' 'U' 'A' 'M' 'M' 'M' 'M'
 'M' 'M' 'M' 'U' 'A' 'M' 'M' 'M' 'M' 'M' 'M' 'U' 'U' 'M' 'M' 'M' 'M' 'M'
 'U' 'M' 'M' 'M' 'M' 'M' 'M' 'M' 'M' 'M' 'M' 'U' 'M' 'U' 'M' 'M' 'M' 'M'
 'M' 'M' 'M' 'M' 'M' 'M' 'U' 'M' 'M' 'M' 'M' 'M' 'M' 'M' 'M' 'M' 'M' 'M'
 'M' 'M' 'M' 'M' 'M' 'U' 'M' 'M' 'M' 'M' 'M' 'U' 'M' 'M' 'M' 'M' 'M' 'M'
 'M' 'M' 'M' 'M' 'M' 'U' 'U' 'U' 'A' 'U' 'U' 'U' 'U' 'M' 'M' 'M' 'M' 'M'
 'M' 'U' 'M' 'M' 'U' 'M' 'M' 'M' 'M' 'M' 'M' 'M' 'A' 'M' 'M' 'M' 'U' 'M'
 'M' 'M' 'M' 'U' 'M' 'M' 'M' 'M' 'A' 'M' 'M' 'M' 'U' 'U' 'M' 'M' 'M' 'M'
 'M' 'M' 'M' 'U' 'M' 'M' 'M' 'U' 'M' 'M' 'M' 'M' 'U' 'M' 'M' 'A' 'U' 'U']"
88801,0,155,8,147,43,1,0,"['A' 'M' 'M' 'U' 'M' 'M' 'M' 'U' 'M' 'M' 'U' 'M' 'M' 'M' 'M' 'U' 'M' 'U'
 'M' 'M' 'M' 'M' 'M' 'U' 'U' 'M' 'M' 'M' 'U' 'M' 'M' 'M' 'M' 'M' 'M' 'M'
 'M' 'M' 'M' 'M' 'U' 'U' 'A' 'M' 'M' 'M' 'M' 'M' 'U' 'A' 'M' 'M' 'M' 'M'
 'M' 'M' 'U' 'U' 'A' 'M' 'M' 'M' 'M' 'M' 'M' 'M' 'M' 'M' 'M' 'M' 'M' 'M'
 'U' 'U' 'M' 'M' 'M' 'U' 'M' 'M' 'M' 'M' 'M' 'M' 'M' 'M' 'M' 'M' 'M' 'M'
 'M' 'U' 'U' 'M' 'M' 'M' 'U' 'M' 'M' 'M' 'M' 'M' 'U' 'M' 'U' 'M' 'M' 'M'
 'M' 'M' 'M' 'M' 'M' 'U' 'M' 'M' 'M' 'M' 'M' 'M' 'M' 'U' 'M' 'M' 'M' 'M'
 'M' 'M' 'M' 'U' 'M' 'U' 'U' 'U' 'A' 'M' 'U' 'U' 'U' 'M' 'M' 'M' 'M' 'M'
 'M' 'U' 'M' 'M' 'U' 'M' 'U' 'M' 'M' 'M' 'M' 'M' 'A' 'M' 'M' 'M' 'U' 'M'
 'M' 'M' 'M' 'U' 'M' 'M' 'M' 'M' 'A' 'M' 'M' 'M' 'U' 'U' 'M' 'M' 'M' 'M'
 'M' 'M' 'M' 'U' 'M' 'M' 'M' 'U' 'M' 'M' 'M' 'M' 'U' 'U' 'M' 'A' 'U' 'U']"
88901,0,162,8,154,36,0,0,"['A' 'M' 'M' 'M' 'M' 'M' 'M' 'M' 'M' 'M' 'U' 'M' 'U' 'M' 'M' 'U' 'M' 'U'
 'M' 'M' 'M' 'M' 'M' 'M' 'M' 'M' 'M' 'U' 'U' 'M' 'M' 'M' 'M' 'M' 'U' 'M'
 'M' 'M' 'M' 'M' 'M' 'U' 'A' 'M' 'M' 'M' 'M' 'M' 'M' 'A' 'M' 'M' 'M' 'M'
 'M' 'M' 'U' 'M' 'A' 'M' 'M' 'M' 'M' 'M' 'M' 'M' 'M' 'M' 'M' 'M' 'M' 'M'
 'U' 'M' 'M' 'M' 'U' 'M' 'M' 'M' 'M' 'M' 'U' 'U' 'M' 'M' 'M' 'M' 'M' 'U'
 'M' 'M' 'M' 'M' 'M' 'M' 'U' 'M' 'M' 'M' 'M' 'M' 'M' 'M' 'U' 'M' 'M' 'M'
 'M' 'M' 'U' 'M' 'M' 'U' 'M' 'M' 'M' 'M' 'M' 'M' 'M' 'M' 'M' 'M' 'M' 'M'
 'M' 'M' 'M' 'U' 'M' 'U' 'U' 'U' 'A' 'U' 'U' 'U' 'U' 'M' 'M' 'M' 'M' 'M'
 'M' 'U' 'M' 'M' 'U' 'M' 'U' 'M' 'M' 'M' 'M' 'M' 'A' 'M' 'M' 'M' 'M' 'M'
 'M' 'M' 'U' 'M' 'U' 'M' 'M' 'M' 'A' 'M' 'M' 'M' 'U' 'U' 'U' 'M' 'M' 'M'
 'M' 'M' 'M' 'U' 'M' 'M' 'M' 'M' 'M' 'M' 'M' 'M' 'M' 'M' 'M' 'A' 'U' 'M']"
89001,0,162,7,155,36,0,0,"['A' 'M' 'M' 'M' 'M' 'M' 'M' 'U' 'M' 'M' 'M' 'M' 'U' 'M' 'M' 'M' 'M' 'U'
 'M' 'M' 'M' 'M' 'M' 'M' 'M' 'M' 'M' 'U' 'M' 'M' 'M' 'M' 'M' 'M' 'U' 'M'
 'M' 'M' 'M' 'M' 'M' 'A' 'A' 'M' 'M' 'M' 'M' 'M' 'M' 'U' 'M' 'M' 'M' 'M'
 'M' 'M' 'M' 'M' 'A' 'M' 'M' 'M' 'M' 'M' 'M' 'U' 'U' 'U' 'M' 'M' 'M' 'U'
 'M' 'U' 'M' 'M' 'M' 'M' 'M' 'M' 'M' 'M' 'M' 'M' 'M' 'M' 'M' 'M' 'M' 'M'
 'M' 'M' 'M' 'M' 'M' 'M' 'U' 'M' 'M' 'M' 'M' 'U' 'U' 'M' 'M' 'M' 'M' 'M'
 'U' 'M' 'U' 'M' 'M' 'U' 'M' 'M' 'M' 'M' 'M' 'M' 'M' 'M' 'U' 'M' 'M' 'M'
 'M' 'M' 'M' 'U' 'U' 'U' 'U' 'U' 'A' 'U' 'A' 'U' 'U' 'M' 'M' 'M' 'M' 'M'
 'M' 'U' 'M' 'M' 'M' 'U' 'M' 'M' 'M' 'M' 'M' 'M' 'U' 'M' 'M' 'M' 'M' 'M'
 'M' 'M' 'U' 'M' 'U' 'M' 'M' 'M' 'A' 'M' 'M' 'M' 'M' 'U' 'M' 'M' 'M' 'M'
 'M' 'M' 'M' 'U' 'M' 'M' 'M' 'M' 'M' 'U' 'M' 'M' 'M' 'M' 'M' 'U' 'U' 'M']"
89101,0,162,8,154,36,0,0,"['A' 'M' 'M' 'M' 'U' 'M' 'M' 'M' 'M' 'M' 'U' 'M' 'U' 'M' 'M' 'M' 'M' 'U'
 'M' 'M' 'M' 'M' 'U' 'M' 'M' 'M' 'M' 'U' 'M' 'M' 'M' 'A' 'M' 'M' 'U' 'M'
 'M' 'M' 'M' 'M' 'M' 'A' 'A' 'M' 'M' 'U' 'M' 'M' 'M' 'M' 'M' 'M' 'M' 'M'
 'M' 'M' 'M' 'M' 'A' 'M' 'M' 'M' 'U' 'M' 'U' 'M' 'U' 'M' 'M' 'M' 'M' 'U'
 'M' 'M' 'M' 'M' 'M' 'M' 'U' 'U' 'U' 'M' 'M' 'M' 'M' 'M' 'M' 'M' 'M' 'M'
 'M' 'M' 'M' 'M' 'M' 'M' 'M' 'M' 'M' 'M' 'M' 'U' 'U' 'M' 'M' 'M' 'M' 'M'
 'M' 'M' 'U' 'M' 'M' 'U' 'M' 'U' 'M' 'M' 'M' 'M' 'M' 'M' 'M' 'M' 'M' 'M'
 'M' 'M' 'M' 'U' 'U' 'U' 'U' 'U' 'A' 'U' 'A' 'M' 'U' 'M' 'M' 'M' 'M' 'M'
 'M' 'M' 'M' 'M' 'M' 'U' 'M' 'M' 'M' 'M' 'M' 'M' 'U' 'M' 'M' 'M' 'M' 'M'
 'M' 'M' 'M' 'M' 'U' 'M' 'M' 'M' 'A' 'M' 'M' 'M' 'M' 'U' 'M' 'U' 'U' 'M'
 'M' 'M' 'M' 'M' 'M' 'M' 'M' 'M' 'M' 'M' 'M' 'U' 'M' 'M' 'M' 'U' 'U' 'M']"
89201,0,159,6,153,39,0,0,"['A' 'M' 'M' 'M' 'U' 'M' 'M' 'M' 'M' 'M' 'U' 'M' 'U' 'M' 'U' 'M' 'M' 'U'
 'M' 'M' 'M' 'M' 'U' 'M' 'M' 'M' 'M' 'M' 'M' 'M' 'M' 'A' 'M' 'M' 'U' 'M'
 'M' 'M' 'M' 'U' 'M' 'A' 'U' 'M' 'M' 'U' 'M' 'M' 'M' 'M' 'M' 'M' 'M' 'M'
 'U' 'M' 'A' 'U' 'A' 'M' 'M' 'M' 'U' 'M' 'U' 'U' 'M' 'M' 'M' 'M' 'M' 'M'
 'M' 'M' 'M' 'M' 'M' 'M' 'M' 'M' 'M' 'M' 'M' 'M' 'M' 'M' 'M' 'U' 'M' 'M'
 'U' 'M' 'M' 'U' 'U' 'M' 'M' 'M' 'M' 'M' 'M' 'M' 'U' 'M' 'M' 'M' 'M' 'M'
 'M' 'M' 'U' 'M' 'M' 'U' 'M' 'M' 'M' 'M' 'M' 'M' 'M' 'M' 'M' 'M' 'M' 'U'
 'M' 'M' 'M' 'U' 'U' 'U' 'U' 'U' 'M' 'M' 'A' 'M' 'U' 'M' 'M' 'M' 'M' 'M'
 'M' 'M' 'M' 'M' 'M' 'U' 'M' 'M' 'M' 'M' 'M' 'M' 'U' 'M' 'M' 'U' 'M' 'M'
 'M' 'M' 'M' 'M' 'U' 'M' 'M' 'M' 'U' 'M' 'M' 'M' 'M' 'U' 'M' 'U' 'U' 'M'
 'M' 'M' 'M' 'M' 'M' 'M' 'M' 'M' 'M' 'M' 'M' 'U' 'M' 'M' 'M' 'M' 'U' 'M']"
89301,0,162,5,157,36,0,0,"['A' 'M' 'M' 'M' 'U' 'M' 'M' 'U' 'M' 'M' 'M' 'M' 'U' 'M' 'U' 'M' 'M' 'U'
 'M' 'M' 'M' 'M' 'M' 'M' 'M' 'M' 'M' 'M' 'M' 'M' 'M' 'A' 'M' 'M' 'U' 'M'
 'M' 'M' 'M' 'M' 'U' 'A' 'U' 'M' 'U' 'U' 'M' 'M' 'M' 'M' 'M' 'M' 'M' 'M'
 'U' 'M' 'M' 'U' 'A' 'M' 'M' 'M' 'U' 'M' 'U' 'M' 'M' 'M' 'M' 'M' 'M' 'M'
 'M' 'M' 'U' 'U' 'M' 'M' 'M' 'M' 'M' 'M' 'M' 'M' 'M' 'M' 'M' 'M' 'M' 'M'
 'U' 'U' 'M' 'M' 'U' 'M' 'M' 'M' 'U' 'M' 'M' 'M' 'U' 'M' 'M' 'M' 'M' 'M'
 'M' 'M' 'U' 'M' 'M' 'U' 'M' 'M' 'M' 'M' 'M' 'M' 'M' 'M' 'M' 'M' 'M' 'U'
 'M' 'M' 'M' 'M' 'U' 'U' 'U' 'M' 'M' 'M' 'A' 'M' 'U' 'M' 'M' 'M' 'M' 'M'
 'M' 'M' 'M' 'M' 'M' 'U' 'M' 'M' 'M' 'M' 'M' 'M' 'U' 'M' 'M' 'U' 'M' 'M'
 'M' 'M' 'M' 'M' 'U' 'M' 'M' 'M' 'U' 'M' 'M' 'M' 'M' 'U' 'M' 'M' 'U' 'M'
 'M' 'M' 'M' 'M' 'M' 'M' 'M' 'M' 'M' 'M' 'M' 'U' 'M' 'M' 'M' 'M' 'M' 'M']"
89401,0,156,4,152,42,0,0,"['A' 'M' 'M' 'M' 'U' 'M' 'M' 'U' 'M' 'M' 'M' 'M' 'U' 'M' 'U' 'M' 'M' 'U'
 'M' 'M' 'M' 'M' 'M' 'M' 'M' 'M' 'M' 'U' 'M' 'M' 'M' 'U' 'M' 'M' 'U' 'M'
 'M' 'M' 'M' 'M' 'U' 'A' 'M' 'M' 'U' 'U' 'M' 'M' 'M' 'M' 'M' 'M' 'M' 'M'
 'U' 'M' 'M' 'U' 'A' 'U' 'M' 'M' 'U' 'M' 'A' 'M' 'U' 'M' 'U' 'M' 'U' 'M'
 'M' 'M' 'M' 'M' 'M' 'M' 'U' 'M' 'M' 'M' 'M' 'M' 'M' 'M' 'M' 'M' 'M' 'U'
 'M' 'M' 'M' 'M' 'M' 'M' 'M' 'M' 'U' 'M' 'M' 'M' 'U' 'M' 'M' 'M' 'M' 'M'
 'M' 'M' 'U' 'M' 'M' 'M' 'M' 'M' 'M' 'M' 'U' 'M' 'M' 'M' 'U' 'M' 'M' 'M'
 'M' 'M' 'M' 'M' 'M' 'U' 'U' 'U' 'U' 'U' 'U' 'U' 'U' 'M' 'U' 'M' 'M' 'M'
 'M' 'M' 'M' 'M' 'M' 'M' 'M' 'M' 'M' 'M' 'M' 'M' 'U' 'M' 'M' 'U' 'M' 'M'
 'U' 'M' 'M' 'M' 'U' 'M' 'M' 'M' 'U' 'M' 'M' 'M' 'M' 'U' 'M' 'M' 'U' 'M'
 'M' 'M' 'M' 'U' 'M' 'M' 'M' 'M' 'M' 'M' 'M' 'M' 'M' 'M' 'M' 'M' 'M' 'M']"
89501,0,159,4,155,39,0,0,"['A' 'M' 'M' 'M' 'U' 'M' 'M' 'U' 'U' 'M' 'M' 'M' 'M' 'M' 'U' 'M' 'M' 'U'
 'M' 'M' 'M' 'M' 'M' 'M' 'M' 'M' 'M' 'M' 'M' 'M' 'M' 'U' 'M' 'M' 'U' 'M'
 'M' 'M' 'U' 'M' 'U' 'U' 'M' 'M' 'U' 'U' 'U' 'M' 'M' 'M' 'M' 'M' 'M' 'M'
 'M' 'M' 'M' 'M' 'A' 'U' 'M' 'M' 'U' 'M' 'A' 'M' 'M' 'U' 'M' 'M' 'U' 'U'
 'M' 'M' 'M' 'U' 'M' 'M' 'M' 'M' 'M' 'M' 'M' 'M' 'M' 'M' 'M' 'M' 'U' 'M'
 'M' 'M' 'M' 'M' 'M' 'M' 'M' 'U' 'U' 'M' 'M' 'M' 'U' 'M' 'M' 'M' 'M' 'M'
 'M' 'M' 'U' 'M' 'M' 'M' 'M' 'M' 'M' 'M' 'M' 'M' 'M' 'M' 'U' 'M' 'M' 'M'
 'M' 'M' 'M' 'M' 'M' 'U' 'U' 'U' 'U' 'U' 'M' 'U' 'U' 'M' 'U' 'M' 'M' 'M'
 'M' 'M' 'M' 'M' 'M' 'U' 'M' 'M' 'M' 'M' 'M' 'M' 'U' 'M' 'M' 'U' 'M' 'M'
 'A' 'M' 'M' 'M' 'U' 'M' 'M' 'M' 'M' 'M' 'M' 'M' 'M' 'M' 'M' 'M' 'U' 'M'
 'M' 'M' 'M' 'U' 'M' 'M' 'M' 'M' 'M' 'M' 'M' 'M' 'M' 'M' 'M' 'M' 'M' 'M']"
89601,0,164,4,160,34,0,1,"['A' 'M' 'M' 'M' 'U' 'M' 'M' 'U' 'U' 'M' 'M' 'M' 'M' 'M' 'U' 'M' 'M' 'U'
 'M' 'M' 'M' 'M' 'M' 'M' 'M' 'M' 'M' 'U' 'M' 'M' 'M' 'U' 'M' 'M' 'U' 'M'
 'M' 'M' 'U' 'M' 'M' 'M' 'M' 'M' 'U' 'U' 'M' 'M' 'M' 'M' 'M' 'M' 'M' 'M'
 'M' 'M' 'M' 'M' 'A' 'U' 'M' 'M' 'M' 'M' 'A' 'M' 'M' 'U' 'M' 'M' 'M' 'U'
 'M' 'M' 'U' 'M' 'M' 'M' 'M' 'M' 'U' 'M' 'M' 'M' 'M' 'M' 'M' 'M' 'U' 'M'
 'M' 'M' 'M' 'M' 'M' 'M' 'M' 'U' 'U' 'M' 'M' 'M' 'U' 'M' 'M' 'M' 'M' 'M'
 'M' 'M' 'M' 'U' 'M' 'M' 'M' 'M' 'M' 'M' 'M' 'M' 'M' 'M' 'M' 'M' 'M' 'M'
 'M' 'M' 'M' 'M' 'M' 'M' 'U' 'U' 'U' 'U' 'U' 'M' 'U' 'M' 'U' 'M' 'M' 'M'
 'M' 'M' 'M' 'M' 'M' 'M' 'U' 'M' 'M' 'M' 'M' 'M' 'U' 'M' 'M' 'U' 'M' 'M'
 'A' 'M' 'M' 'M' 'U' 'M' 'M' 'M' 'M' 'M' 'M' 'M' 'M' 'M' 'M' 'M' 'U' 'M'
 'M' 'M' 'M' 'U' 'M' 'M' 'M' 'M' 'M' 'M' 'M' 'M' 'M' 'M' 'M' 'M' 'M' 'M']"
89701,0,166,5,161,32,0,0,"['A' 'M' 'M' 'M' 'M' 'M' 'M' 'U' 'M' 'M' 'M' 'U' 'M' 'M' 'M' 'M' 'M' 'U'
 'M' 'M' 'M' 'M' 'M' 'M' 'M' 'M' 'M' 'M' 'M' 'M' 'M' 'U' 'M' 'M' 'U' 'M'
 'M' 'M' 'U' 'M' 'M' 'M' 'M' 'M' 'U' 'M' 'M' 'M' 'M' 'M' 'M' 'M' 'M' 'M'
 'M' 'M' 'M' 'M' 'A' 'M' 'M' 'M' 'M' 'M' 'A' 'M' 'U' 'U' 'M' 'M' 'M' 'M'
 'M' 'U' 'M' 'U' 'M' 'M' 'M' 'M' 'M' 'M' 'M' 'M' 'M' 'M' 'M' 'M' 'M' 'U'
 'M' 'M' 'M' 'M' 'M' 'M' 'M' 'U' 'U' 'M' 'M' 'M' 'U' 'M' 'M' 'M' 'M' 'M'
 'M' 'M' 'M' 'U' 'U' 'M' 'U' 'M' 'M' 'M' 'M' 'M' 'M' 'M' 'M' 'M' 'M' 'M'
 'M' 'M' 'M' 'M' 'M' 'M' 'U' 'U' 'U' 'U' 'U' 'U' 'U' 'M' 'U' 'M' 'M' 'M'
 'M' 'M' 'M' 'M' 'M' 'M' 'U' 'M' 'M' 'M' 'M' 'M' 'M' 'M' 'M' 'A' 'M' 'M'
 'A' 'M' 'M' 'M' 'U' 'M' 'M' 'M' 'M' 'M' 'M' 'M' 'M' 'U' 'M' 'M' 'U' 'M'
 'M' 'M' 'M' 'U' 'M' 'M' 'M' 'M' 'U' 'M' 'M' 'M' 'M' 'M' 'M' 'M' 'M' 'M']"
89801,0,168,3,165,30,1,0,"['A' 'M' 'M' 'M' 'M' 'M' 'M' 'M' 'M' 'M' 'M' 'U' 'M' 'M' 'M' 'M' 'M' 'M'
 'M' 'M' 'M' 'M' 'M' 'M' 'M' 'M' 'M' 'M' 'M' 'M' 'M' 'U' 'M' 'M' 'U' 'M'
 'M' 'M' 'U' 'M' 'M' 'M' 'M' 'M' 'U' 'M' 'M' 'M' 'M' 'M' 'M' 'M' 'M' 'M'
 'M' 'M' 'M' 'M' 'A' 'U' 'M' 'M' 'M' 'M' 'U' 'M' 'M' 'M' 'M' 'U' 'M' 'M'
 'M' 'M' 'M' 'M' 'U' 'U' 'U' 'M' 'M' 'M' 'M' 'M' 'M' 'U' 'M' 'M' 'M' 'M'
 'M' 'M' 'M' 'M' 'M' 'M' 'M' 'M' 'M' 'M' 'M' 'M' 'U' 'M' 'M' 'M' 'M' 'M'
 'M' 'U' 'M' 'U' 'U' 'M' 'U' 'M' 'M' 'M' 'U' 'M' 'M' 'M' 'M' 'M' 'M' 'M'
 'M' 'M' 'M' 'M' 'M' 'M' 'U' 'U' 'M' 'U' 'U' 'U' 'U' 'M' 'U' 'M' 'M' 'M'
 'M' 'M' 'M' 'M' 'M' 'M' 'M' 'M' 'M' 'M' 'M' 'M' 'M' 'M' 'M' 'U' 'M' 'M'
 'A' 'M' 'M' 'M' 'M' 'M' 'M' 'M' 'M' 'M' 'M' 'M' 'M' 'U' 'M' 'M' 'U' 'M'
 'M' 'M' 'M' 'U' 'M' 'M' 'M' 'M' 'U' 'M' 'M' 'M' 'M' 'M' 'M' 'M' 'M' 'M']"
89901,1,157,4,153,41,0,0,"['A' 'M' 'M' 'M' 'M' 'M' 'M' 'M' 'M' 'M' 'M' 'U' 'M' 'M' 'M' 'M' 'U' 'M'
 'M' 'M' 'M' 'M' 'U' 'M' 'M' 'M' 'M' 'M' 'M' 'M' 'M' 'U' 'M' 'M' 'U' 'M'
 'M' 'M' 'U' 'M' 'M' 'M' 'M' 'M' 'U' 'M' 'U' 'U' 'M' 'M' 'M' 'M' 'M' 'M'
 'M' 'M' 'M' 'M' 'U' 'A' 'M' 'M' 'U' 'M' 'U' 'U' 'U' 'M' 'M' 'M' 'M' 'M'
 'U' 'M' 'M' 'M' 'M' 'M' 'M' 'M' 'M' 'U' 'M' 'M' 'M' 'M' 'M' 'M' 'M' 'M'
 'M' 'M' 'M' 'U' 'M' 'U' 'M' 'M' 'M' 'M' 'M' 'M' 'U' 'M' 'M' 'M' 'M' 'M'
 'M' 'U' 'M' 'U' 'U' 'M' 'U' 'M' 'M' 'U' 'U' 'M' 'M' 'M' 'M' 'M' 'M' 'M'
 'M' 'U' 'M' 'M' 'M' 'U' 'U' 'U' 'U' 'U' 'U' 'U' 'U' 'M' 'U' 'M' 'M' 'U'
 'M' 'M' 'U' 'M' 'M' 'U' 'M' 'M' 'M' 'M' 'M' 'M' 'M' 'M' 'M' 'U' 'M' 'M'
 'A' 'M' 'M' 'M' 'M' 'M' 'M' 'M' 'M' 'M' 'M' 'M' 'M' 'U' 'M' 'U' 'A' 'M'
 'M' 'M' 'M' 'M' 'M' 'M' 'M' 'M' 'M' 'M' 'M' 'M' 'M' 'M' 'M' 'M' 'M' 'M']"
90001,0,161,4,157,37,0,0,"['A' 'M' 'M' 'M' 'M' 'M' 'M' 'M' 'M' 'M' 'M' 'U' 'M' 'M' 'M' 'M' 'U' 'M'
 'M' 'M' 'M' 'M' 'U' 'M' 'M' 'M' 'M' 'M' 'M' 'M' 'M' 'M' 'M' 'M' 'M' 'M'
 'M' 'M' 'U' 'M' 'M' 'M' 'M' 'M' 'U' 'M' 'M' 'U' 'M' 'M' 'U' 'U' 'M' 'M'
 'M' 'M' 'M' 'M' 'U' 'A' 'M' 'M' 'U' 'M' 'U' 'M' 'M' 'M' 'U' 'M' 'M' 'U'
 'M' 'M' 'M' 'M' 'M' 'U' 'M' 'U' 'M' 'M' 'M' 'M' 'M' 'M' 'U' 'M' 'M' 'M'
 'M' 'M' 'M' 'M' 'M' 'U' 'M' 'M' 'M' 'M' 'M' 'M' 'U' 'M' 'M' 'M' 'M' 'M'
 'M' 'U' 'M' 'M' 'A' 'M' 'U' 'M' 'M' 'U' 'M' 'M' 'M' 'M' 'U' 'M' 'M' 'M'
 'M' 'U' 'M' 'M' 'M' 'U' 'U' 'U' 'U' 'U' 'U' 'A' 'U' 'M' 'U' 'M' 'M' 'M'
 'M' 'U' 'M' 'M' 'M' 'U' 'M' 'M' 'M' 'M' 'M' 'M' 'M' 'M' 'M' 'M' 'M' 'M'
 'U' 'M' 'M' 'U' 'M' 'M' 'M' 'M' 'M' 'M' 'M' 'M' 'M' 'U' 'M' 'M' 'U' 'M'
 'M' 'M' 'M' 'M' 'M' 'M' 'M' 'M' 'M' 'M' 'M' 'M' 'M' 'M' 'M' 'M' 'M' 'M']"
90101,0,165,5,160,33,0,0,"['A' 'U' 'M' 'M' 'M' 'M' 'M' 'M' 'M' 'M' 'M' 'M' 'M' 'M' 'M' 'M' 'U' 'M'
 'M' 'M' 'M' 'M' 'U' 'M' 'M' 'M' 'M' 'M' 'M' 'M' 'M' 'M' 'M' 'M' 'M' 'M'
 'M' 'M' 'U' 'M' 'M' 'M' 'M' 'M' 'M' 'M' 'M' 'U' 'M' 'M' 'U' 'U' 'M' 'M'
 'M' 'M' 'M' 'M' 'M' 'A' 'M' 'M' 'U' 'M' 'U' 'M' 'M' 'M' 'M' 'M' 'U' 'M'
 'M' 'U' 'M' 'M' 'M' 'M' 'U' 'M' 'M' 'M' 'M' 'M' 'M' 'M' 'M' 'U' 'M' 'M'
 'U' 'M' 'M' 'M' 'M' 'A' 'M' 'M' 'M' 'U' 'M' 'M' 'U' 'M' 'M' 'M' 'M' 'M'
 'M' 'U' 'M' 'M' 'U' 'M' 'U' 'M' 'M' 'M' 'M' 'M' 'M' 'M' 'U' 'M' 'M' 'M'
 'M' 'U' 'M' 'U' 'M' 'M' 'A' 'U' 'U' 'U' 'U' 'A' 'M' 'M' 'M' 'M' 'U' 'M'
 'M' 'U' 'M' 'M' 'M' 'U' 'M' 'M' 'M' 'U' 'M' 'M' 'M' 'M' 'M' 'M' 'M' 'M'
 'M' 'M' 'M' 'U' 'M' 'U' 'M' 'M' 'M' 'M' 'M' 'M' 'M' 'M' 'M' 'M' 'U' 'M'
 'M' 'M' 'M' 'M' 'M' 'M' 'M' 'M' 'M' 'M' 'M' 'M' 'M' 'M' 'M' 'M' 'M' 'M']"
90201,0,161,4,157,37,0,0,"['A' 'M' 'M' 'M' 'M' 'M' 'M' 'M' 'M' 'M' 'M' 'U' 'M' 'M' 'M' 'M' 'U' 'M'
 'M' 'M' 'M' 'M' 'U' 'M' 'M' 'M' 'M' 'M' 'M' 'M' 'M' 'M' 'M' 'M' 'M' 'M'
 'M' 'M' 'U' 'M' 'M' 'M' 'M' 'M' 'M' 'M' 'M' 'U' 'M' 'M' 'U' 'U' 'M' 'M'
 'M' 'M' 'M' 'M' 'M' 'A' 'M' 'M' 'M' 'M' 'U' 'M' 'U' 'M' 'M' 'U' 'M' 'M'
 'M' 'U' 'M' 'M' 'M' 'M' 'M' 'U' 'M' 'M' 'M' 'M' 'M' 'M' 'M' 'M' 'M' 'M'
 'M' 'U' 'M' 'M' 'M' 'A' 'M' 'M' 'M' 'U' 'M' 'M' 'U' 'M' 'M' 'M' 'M' 'M'
 'M' 'M' 'M' 'M' 'U' 'U' 'U' 'M' 'U' 'U' 'M' 'M' 'M' 'M' 'U' 'M' 'M' 'M'
 'M' 'U' 'M' 'U' 'M' 'U' 'A' 'U' 'M' 'U' 'M' 'U' 'U' 'M' 'M' 'M' 'U' 'M'
 'M' 'U' 'M' 'M' 'M' 'M' 'M' 'M' 'M' 'M' 'M' 'M' 'M' 'M' 'M' 'M' 'M' 'M'
 'M' 'U' 'M' 'U' 'M' 'U' 'M' 'M' 'M' 'M' 'U' 'M' 'M' 'M' 'M' 'M' 'U' 'M'
 'M' 'M' 'M' 'M' 'M' 'M' 'M' 'M' 'M' 'M' 'U' 'M' 'M' 'M' 'M' 'U' 'M' 'M']"
90301,0,153,4,149,45,0,0,"['A' 'U' 'U' 'M' 'M' 'M' 'M' 'M' 'M' 'M' 'M' 'U' 'M' 'U' 'M' 'M' 'U' 'M'
 'M' 'M' 'M' 'M' 'U' 'U' 'M' 'M' 'M' 'M' 'U' 'M' 'M' 'M' 'M' 'M' 'M' 'M'
 'M' 'M' 'U' 'M' 'M' 'M' 'M' 'M' 'M' 'U' 'M' 'U' 'M' 'M' 'U' 'U' 'M' 'M'
 'U' 'M' 'M' 'M' 'M' 'A' 'M' 'M' 'M' 'M' 'U' 'M' 'M' 'U' 'M' 'M' 'U' 'U'
 'M' 'M' 'M' 'M' 'M' 'M' 'M' 'M' 'M' 'M' 'U' 'M' 'M' 'M' 'M' 'M' 'U' 'M'
 'M' 'M' 'M' 'M' 'M' 'A' 'M' 'U' 'U' 'U' 'M' 'M' 'U' 'M' 'M' 'M' 'M' 'U'
 'U' 'M' 'M' 'M' 'U' 'M' 'U' 'M' 'U' 'U' 'M' 'M' 'M' 'M' 'U' 'M' 'M' 'M'
 'M' 'U' 'M' 'U' 'M' 'M' 'A' 'U' 'M' 'M' 'M' 'U' 'U' 'M' 'M' 'M' 'U' 'M'
 'M' 'U' 'M' 'M' 'M' 'M' 'M' 'M' 'M' 'M' 'M' 'M' 'M' 'M' 'U' 'M' 'M' 'M'
 'M' 'M' 'U' 'U' 'M' 'U' 'M' 'M' 'M' 'M' 'U' 'M' 'M' 'M' 'M' 'M' 'M' 'M'
 'M' 'M' 'M' 'M' 'M' 'M' 'M' 'M' 'M' 'M' 'U' 'M' 'M' 'M' 'M' 'U' 'M' 'M']"
90401,0,158,5,153,40,0,0,"['A' 'M' 'U' 'M' 'M' 'M' 'M' 'M' 'M' 'M' 'M' 'M' 'M' 'U' 'M' 'M' 'U' 'M'
 'M' 'M' 'M' 'M' 'U' 'M' 'M' 'M' 'M' 'M' 'U' 'M' 'U' 'M' 'M' 'M' 'M' 'M'
 'M' 'M' 'U' 'M' 'M' 'M' 'M' 'M' 'M' 'U' 'M' 'M' 'M' 'U' 'U' 'U' 'M' 'M'
 'M' 'M' 'M' 'M' 'M' 'A' 'M' 'M' 'M' 'M' 'M' 'M' 'M' 'M' 'M' 'M' 'M' 'M'
 'M' 'M' 'M' 'M' 'M' 'M' 'M' 'M' 'M' 'M' 'M' 'U' 'U' 'U' 'M' 'U' 'M' 'M'
 'M' 'M' 'U' 'M' 'M' 'A' 'M' 'U' 'U' 'M' 'M' 'M' 'U' 'M' 'M' 'M' 'M' 'U'
 'U' 'M' 'M' 'M' 'U' 'M' 'M' 'M' 'M' 'M' 'M' 'M' 'U' 'M' 'M' 'M' 'U' 'M'
 'M' 'M' 'M' 'M' 'U' 'U' 'A' 'M' 'U' 'A' 'U' 'U' 'U' 'M' 'M' 'M' 'U' 'M'
 'M' 'U' 'M' 'M' 'M' 'M' 'M' 'M' 'M' 'M' 'M' 'M' 'M' 'M' 'U' 'M' 'M' 'M'
 'U' 'M' 'U' 'U' 'M' 'M' 'M' 'M' 'M' 'M' 'U' 'M' 'M' 'M' 'M' 'M' 'M' 'M'
 'M' 'M' 'M' 'M' 'M' 'M' 'M' 'M' 'M' 'M' 'U' 'U' 'M' 'M' 'M' 'U' 'M' 'M']"
90501,0,146,4,142,52,0,0,"['A' 'M' 'U' 'M' 'M' 'M' 'M' 'M' 'M' 'M' 'M' 'M' 'M' 'U' 'M' 'M' 'U' 'M'
 'M' 'M' 'M' 'M' 'U' 'M' 'U' 'M' 'M' 'M' 'U' 'M' 'U' 'M' 'M' 'M' 'M' 'M'
 'M' 'M' 'U' 'M' 'M' 'M' 'M' 'M' 'M' 'M' 'M' 'M' 'M' 'U' 'U' 'U' 'M' 'M'
 'U' 'M' 'U' 'M' 'M' 'A' 'M' 'M' 'M' 'M' 'M' 'M' 'M' 'M' 'M' 'U' 'M' 'U'
 'M' 'M' 'M' 'U' 'M' 'M' 'M' 'M' 'M' 'M' 'M' 'M' 'M' 'M' 'M' 'M' 'M' 'M'
 'M' 'M' 'U' 'U' 'M' 'U' 'M' 'U' 'M' 'M' 'M' 'M' 'U' 'M' 'M' 'M' 'M' 'U'
 'U' 'M' 'U' 'M' 'U' 'M' 'A' 'M' 'M' 'M' 'M' 'M' 'U' 'U' 'M' 'M' 'U' 'M'
 'U' 'M' 'U' 'M' 'U' 'U' 'U' 'U' 'U' 'A' 'U' 'U' 'U' 'M' 'M' 'M' 'U' 'M'
 'M' 'U' 'M' 'M' 'M' 'M' 'M' 'M' 'M' 'M' 'M' 'M' 'M' 'M' 'U' 'M' 'M' 'M'
 'U' 'M' 'M' 'U' 'M' 'M' 'M' 'M' 'M' 'U' 'U' 'U' 'M' 'M' 'M' 'M' 'M' 'M'
 'M' 'U' 'M' 'U' 'M' 'M' 'M' 'M' 'M' 'M' 'U' 'U' 'M' 'M' 'M' 'U' 'U' 'M']"
90601,0,152,4,148,46,0,0,"['A' 'M' 'U' 'M' 'M' 'M' 'M' 'M' 'M' 'M' 'M' 'M' 'M' 'U' 'M' 'M' 'U' 'A'
 'M' 'M' 'M' 'M' 'U' 'M' 'U' 'M' 'M' 'M' 'U' 'M' 'M' 'M' 'M' 'M' 'M' 'M'
 'U' 'M' 'M' 'M' 'M' 'M' 'M' 'M' 'M' 'M' 'M' 'M' 'M' 'U' 'U' 'U' 'M' 'M'
 'U' 'M' 'M' 'M' 'M' 'A' 'M' 'M' 'M' 'M' 'M' 'M' 'M' 'M' 'M' 'M' 'U' 'M'
 'M' 'M' 'M' 'M' 'U' 'M' 'M' 'M' 'M' 'U' 'M' 'M' 'M' 'M' 'M' 'M' 'U' 'M'
 'M' 'U' 'M' 'M' 'M' 'M' 'M' 'U' 'U' 'M' 'M' 'M' 'M' 'M' 'M' 'M' 'M' 'U'
 'M' 'M' 'U' 'M' 'U' 'M' 'U' 'M' 'M' 'M' 'U' 'M' 'M' 'M' 'M' 'M' 'U' 'M'
 'M' 'M' 'U' 'M' 'U' 'M' 'U' 'U' 'U' 'A' 'U' 'U' 'U' 'M' 'M' 'M' 'U' 'M'
 'M' 'U' 'M' 'M' 'M' 'M' 'M' 'M' 'M' 'M' 'U' 'M' 'M' 'M' 'U' 'M' 'M' 'M'
 'U' 'M' 'M' 'U' 'M' 'M' 'M' 'M' 'M' 'U' 'U' 'M' 'M' 'M' 'M' 'M' 'M' 'M'
 'M' 'U' 'M' 'U' 'M' 'M' 'M' 'M' 'M' 'M' 'U' 'U' 'M' 'M' 'M' 'U' 'U' 'M']"
90701,0,157,4,153,41,0,0,"['A' 'M' 'U' 'M' 'M' 'M' 'M' 'M' 'M' 'M' 'M' 'M' 'M' 'U' 'M' 'M' 'U' 'A'
 'M' 'M' 'M' 'M' 'M' 'M' 'U' 'M' 'M' 'M' 'M' 'M' 'M' 'M' 'M' 'M' 'M' 'M'
 'M' 'M' 'M' 'M' 'M' 'M' 'M' 'M' 'M' 'M' 'M' 'M' 'M' 'U' 'U' 'U' 'M' 'M'
 'U' 'M' 'M' 'M' 'M' 'U' 'M' 'M' 'M' 'M' 'M' 'U' 'M' 'M' 'M' 'M' 'M' 'M'
 'U' 'M' 'M' 'M' 'M' 'M' 'M' 'M' 'M' 'U' 'U' 'M' 'M' 'M' 'M' 'M' 'M' 'M'
 'M' 'M' 'M' 'M' 'U' 'M' 'M' 'A' 'U' 'M' 'M' 'M' 'M' 'M' 'M' 'M' 'M' 'U'
 'U' 'M' 'U' 'M' 'U' 'M' 'M' 'M' 'M' 'M' 'M' 'M' 'M' 'M' 'M' 'M' 'U' 'M'
 'M' 'M' 'U' 'M' 'M' 'U' 'U' 'U' 'U' 'A' 'U' 'U' 'U' 'M' 'U' 'M' 'U' 'M'
 'M' 'U' 'M' 'M' 'M' 'M' 'U' 'M' 'M' 'M' 'U' 'M' 'M' 'M' 'M' 'M' 'M' 'M'
 'U' 'M' 'M' 'M' 'M' 'M' 'M' 'M' 'M' 'M' 'U' 'M' 'M' 'M' 'M' 'M' 'M' 'M'
 'M' 'U' 'M' 'U' 'M' 'M' 'M' 'M' 'M' 'M' 'U' 'U' 'M' 'M' 'M' 'U' 'U' 'M']"
90801,0,157,1,156,41,0,0,"['A' 'M' 'U' 'M' 'M' 'M' 'M' 'M' 'M' 'M' 'M' 'M' 'M' 'U' 'M' 'M' 'U' 'U'
 'M' 'M' 'M' 'M' 'M' 'M' 'U' 'M' 'M' 'M' 'M' 'M' 'M' 'M' 'M' 'M' 'M' 'M'
 'M' 'U' 'M' 'M' 'M' 'M' 'M' 'M' 'M' 'M' 'M' 'M' 'M' 'U' 'M' 'U' 'M' 'M'
 'U' 'M' 'M' 'M' 'M' 'U' 'M' 'U' 'M' 'M' 'M' 'U' 'U' 'M' 'M' 'M' 'U' 'M'
 'M' 'U' 'M' 'M' 'M' 'M' 'M' 'M' 'M' 'U' 'M' 'M' 'M' 'M' 'M' 'M' 'M' 'M'
 'M' 'M' 'M' 'M' 'M' 'M' 'M' 'U' 'M' 'U' 'M' 'M' 'M' 'M' 'M' 'M' 'M' 'U'
 'U' 'M' 'U' 'M' 'U' 'M' 'M' 'M' 'M' 'M' 'M' 'M' 'M' 'M' 'M' 'M' 'U' 'M'
 'M' 'M' 'U' 'M' 'M' 'U' 'U' 'U' 'M' 'U' 'U' 'U' 'M' 'U' 'U' 'M' 'U' 'M'
 'U' 'M' 'M' 'M' 'M' 'M' 'M' 'M' 'M' 'M' 'U' 'M' 'M' 'M' 'M' 'M' 'M' 'M'
 'U' 'M' 'M' 'M' 'M' 'M' 'M' 'M' 'M' 'M' 'U' 'M' 'M' 'M' 'M' 'U' 'M' 'M'
 'M' 'U' 'M' 'M' 'M' 'M' 'M' 'M' 'M' 'M' 'M' 'M' 'M' 'M' 'M' 'U' 'U' 'M']"
90901,0,158,1,157,40,0,0,"['A' 'M' 'U' 'M' 'M' 'M' 'M' 'M' 'M' 'M' 'M' 'M' 'M' 'U' 'M' 'M' 'U' 'U'
 'M' 'M' 'M' 'M' 'M' 'M' 'U' 'M' 'M' 'M' 'M' 'M' 'U' 'M' 'M' 'M' 'M' 'M'
 'M' 'M' 'M' 'M' 'U' 'M' 'M' 'M' 'M' 'U' 'M' 'M' 'M' 'U' 'U' 'U' 'M' 'M'
 'M' 'M' 'M' 'M' 'M' 'U' 'M' 'U' 'M' 'M' 'M' 'M' 'M' 'M' 'M' 'M' 'U' 'M'
 'M' 'M' 'M' 'M' 'M' 'M' 'M' 'M' 'M' 'M' 'U' 'M' 'U' 'M' 'M' 'M' 'M' 'M'
 'M' 'M' 'U' 'U' 'M' 'M' 'M' 'U' 'M' 'U' 'M' 'M' 'M' 'M' 'M' 'M' 'M' 'U'
 'M' 'M' 'U' 'M' 'U' 'M' 'M' 'M' 'M' 'M' 'M' 'M' 'M' 'M' 'M' 'M' 'M' 'M'
 'M' 'M' 'M' 'M' 'U' 'U' 'U' 'M' 'M' 'M' 'U' 'U' 'M' 'U' 'U' 'M' 'U' 'M'
 'U' 'U' 'M' 'M' 'M' 'M' 'M' 'M' 'M' 'M' 'U' 'M' 'M' 'M' 'M' 'M' 'M' 'M'
 'U' 'M' 'M' 'M' 'M' 'M' 'M' 'M' 'M' 'M' 'U' 'M' 'M' 'M' 'U' 'M' 'M' 'M'
 'M' 'U' 'M' 'M' 'M' 'M' 'M' 'M' 'M' 'M' 'M' 'M' 'M' 'M' 'M' 'U' 'U' 'M']"
91001,0,161,1,160,37,0,0,"['A' 'M' 'M' 'M' 'M' 'M' 'M' 'M' 'M' 'M' 'M' 'M' 'M' 'U' 'M' 'M' 'M' 'U'
 'U' 'M' 'M' 'M' 'M' 'M' 'U' 'M' 'M' 'M' 'M' 'M' 'U' 'M' 'M' 'M' 'M' 'M'
 'M' 'U' 'M' 'M' 'U' 'M' 'M' 'M' 'M' 'U' 'M' 'M' 'M' 'M' 'U' 'M' 'M' 'M'
 'M' 'M' 'M' 'U' 'M' 'U' 'M' 'U' 'M' 'M' 'M' 'M' 'M' 'M' 'M' 'M' 'M' 'M'
 'U' 'M' 'M' 'M' 'M' 'M' 'M' 'M' 'M' 'M' 'U' 'U' 'M' 'M' 'M' 'M' 'M' 'M'
 'U' 'M' 'M' 'M' 'U' 'M' 'M' 'U' 'M' 'U' 'M' 'M' 'M' 'M' 'M' 'M' 'M' 'U'
 'M' 'M' 'M' 'M' 'U' 'M' 'M' 'M' 'M' 'M' 'M' 'U' 'M' 'M' 'M' 'M' 'M' 'M'
 'M' 'M' 'M' 'M' 'U' 'M' 'U' 'M' 'M' 'M' 'U' 'M' 'M' 'U' 'U' 'M' 'U' 'M'
 'M' 'U' 'M' 'M' 'M' 'M' 'M' 'M' 'M' 'M' 'U' 'M' 'M' 'M' 'M' 'M' 'M' 'M'
 'U' 'M' 'M' 'M' 'M' 'M' 'M' 'M' 'M' 'M' 'U' 'M' 'M' 'M' 'U' 'M' 'M' 'M'
 'M' 'U' 'M' 'M' 'M' 'M' 'M' 'M' 'M' 'M' 'M' 'U' 'M' 'M' 'M' 'U' 'U' 'M']"
91101,0,163,1,162,35,0,0,"['A' 'M' 'M' 'M' 'M' 'M' 'M' 'M' 'M' 'M' 'M' 'M' 'M' 'U' 'M' 'M' 'M' 'U'
 'U' 'U' 'M' 'M' 'M' 'M' 'U' 'M' 'M' 'M' 'U' 'M' 'U' 'M' 'M' 'M' 'M' 'M'
 'M' 'U' 'M' 'M' 'U' 'M' 'M' 'M' 'M' 'M' 'M' 'M' 'M' 'M' 'U' 'U' 'M' 'M'
 'M' 'M' 'M' 'U' 'M' 'M' 'M' 'U' 'M' 'M' 'M' 'U' 'M' 'M' 'M' 'M' 'M' 'M'
 'M' 'M' 'M' 'M' 'M' 'M' 'M' 'M' 'U' 'M' 'M' 'U' 'M' 'M' 'U' 'M' 'M' 'M'
 'M' 'M' 'M' 'U' 'M' 'M' 'M' 'U' 'M' 'U' 'M' 'M' 'M' 'M' 'M' 'M' 'M' 'U'
 'M' 'M' 'M' 'M' 'M' 'M' 'M' 'M' 'M' 'M' 'M' 'U' 'M' 'M' 'M' 'M' 'M' 'M'
 'M' 'M' 'U' 'M' 'U' 'M' 'U' 'M' 'M' 'M' 'U' 'M' 'M' 'U' 'U' 'M' 'M' 'M'
 'M' 'U' 'M' 'M' 'U' 'M' 'M' 'M' 'M' 'M' 'U' 'M' 'M' 'M' 'M' 'M' 'M' 'M'
 'U' 'M' 'M' 'M' 'M' 'M' 'M' 'M' 'M' 'M' 'M' 'M' 'M' 'M' 'M' 'M' 'M' 'M'
 'M' 'U' 'M' 'M' 'M' 'M' 'M' 'M' 'M' 'M' 'M' 'M' 'M' 'M' 'M' 'U' 'U' 'M']"
91201,0,170,3,167,28,0,0,"['A' 'M' 'M' 'M' 'M' 'M' 'M' 'M' 'M' 'M' 'M' 'M' 'M' 'M' 'M' 'M' 'M' 'U'
 'M' 'M' 'M' 'M' 'M' 'M' 'U' 'M' 'M' 'M' 'M' 'M' 'A' 'M' 'M' 'M' 'M' 'M'
 'M' 'M' 'M' 'M' 'M' 'M' 'M' 'M' 'M' 'M' 'M' 'M' 'M' 'M' 'U' 'U' 'M' 'M'
 'M' 'M' 'M' 'U' 'M' 'M' 'M' 'M' 'M' 'M' 'M' 'U' 'M' 'M' 'M' 'U' 'M' 'U'
 'U' 'U' 'M' 'M' 'M' 'M' 'M' 'M' 'M' 'M' 'M' 'M' 'M' 'M' 'M' 'M' 'M' 'M'
 'M' 'M' 'M' 'M' 'M' 'M' 'M' 'M' 'M' 'U' 'M' 'M' 'M' 'M' 'M' 'M' 'M' 'U'
 'M' 'M' 'M' 'U' 'M' 'M' 'M' 'M' 'M' 'M' 'M' 'U' 'M' 'M' 'M' 'M' 'M' 'M'
 'M' 'M' 'U' 'M' 'U' 'M' 'U' 'M' 'M' 'M' 'M' 'M' 'M' 'U' 'U' 'M' 'M' 'M'
 'M' 'U' 'M' 'M' 'U' 'M' 'M' 'M' 'M' 'M' 'A' 'M' 'M' 'M' 'M' 'M' 'M' 'U'
 'U' 'M' 'M' 'M' 'M' 'M' 'M' 'M' 'M' 'M' 'U' 'M' 'M' 'M' 'M' 'U' 'M' 'M'
 'M' 'U' 'M' 'M' 'M' 'M' 'M' 'M' 'M' 'M' 'M' 'M' 'M' 'M' 'M' 'U' 'U' 'M']"
91301,0,168,4,164,30,0,0,"['A' 'M' 'M' 'M' 'M' 'U' 'M' 'M' 'M' 'M' 'M' 'M' 'M' 'M' 'U' 'M' 'M' 'U'
 'M' 'M' 'M' 'M' 'M' 'M' 'U' 'M' 'M' 'M' 'M' 'M' 'A' 'M' 'M' 'M' 'M' 'M'
 'M' 'M' 'M' 'M' 'M' 'M' 'M' 'M' 'M' 'M' 'M' 'M' 'M' 'M' 'M' 'U' 'M' 'M'
 'M' 'M' 'M' 'U' 'M' 'M' 'M' 'U' 'M' 'M' 'M' 'M' 'M' 'U' 'M' 'M' 'U' 'M'
 'M' 'M' 'M' 'M' 'M' 'M' 'U' 'M' 'M' 'M' 'M' 'M' 'M' 'U' 'M' 'M' 'M' 'M'
 'U' 'M' 'M' 'M' 'M' 'M' 'M' 'M' 'M' 'U' 'M' 'M' 'M' 'M' 'M' 'M' 'M' 'U'
 'M' 'M' 'M' 'U' 'M' 'M' 'A' 'M' 'M' 'M' 'M' 'U' 'M' 'M' 'M' 'M' 'M' 'M'
 'U' 'M' 'U' 'M' 'U' 'M' 'U' 'M' 'M' 'M' 'U' 'M' 'M' 'U' 'U' 'M' 'M' 'M'
 'M' 'U' 'M' 'M' 'M' 'M' 'M' 'M' 'M' 'M' 'A' 'M' 'M' 'M' 'M' 'M' 'M' 'U'
 'M' 'M' 'M' 'M' 'M' 'M' 'M' 'M' 'M' 'M' 'U' 'M' 'U' 'M' 'M' 'M' 'M' 'M'
 'M' 'U' 'M' 'M' 'M' 'M' 'M' 'M' 'M' 'M' 'M' 'M' 'M' 'M' 'M' 'U' 'U' 'M']"
91401,0,163,5,158,35,0,1,"['A' 'M' 'M' 'M' 'M' 'M' 'M' 'U' 'M' 'M' 'U' 'M' 'M' 'M' 'U' 'U' 'M' 'U'
 'M' 'M' 'M' 'M' 'M' 'M' 'M' 'M' 'M' 'U' 'M' 'M' 'A' 'M' 'M' 'M' 'M' 'M'
 'M' 'M' 'M' 'M' 'M' 'M' 'M' 'M' 'M' 'M' 'M' 'M' 'M' 'M' 'M' 'U' 'U' 'M'
 'M' 'M' 'M' 'U' 'M' 'M' 'M' 'U' 'M' 'M' 'M' 'M' 'U' 'M' 'U' 'M' 'M' 'M'
 'M' 'M' 'U' 'U' 'M' 'M' 'M' 'M' 'M' 'M' 'M' 'M' 'M' 'M' 'M' 'M' 'M' 'M'
 'M' 'M' 'M' 'M' 'U' 'M' 'M' 'U' 'M' 'U' 'M' 'M' 'M' 'M' 'M' 'M' 'M' 'M'
 'M' 'M' 'M' 'U' 'M' 'M' 'A' 'M' 'M' 'M' 'M' 'U' 'M' 'M' 'M' 'M' 'M' 'M'
 'U' 'M' 'M' 'U' 'U' 'M' 'U' 'U' 'U' 'U' 'M' 'U' 'U' 'U' 'U' 'M' 'M' 'M'
 'M' 'M' 'M' 'M' 'M' 'M' 'M' 'M' 'M' 'M' 'A' 'M' 'M' 'M' 'M' 'M' 'M' 'U'
 'M' 'M' 'M' 'M' 'M' 'M' 'M' 'M' 'M' 'M' 'U' 'M' 'U' 'M' 'M' 'M' 'M' 'M'
 'M' 'U' 'M' 'M' 'M' 'M' 'M' 'M' 'M' 'M' 'M' 'M' 'M' 'M' 'M' 'A' 'U' 'M']"
91501,0,157,3,154,41,0,0,"['A' 'M' 'M' 'U' 'M' 'M' 'M' 'U' 'M' 'M' 'U' 'M' 'M' 'M' 'M' 'U' 'M' 'U'
 'M' 'M' 'M' 'M' 'M' 'M' 'M' 'M' 'M' 'U' 'M' 'M' 'U' 'M' 'M' 'M' 'M' 'M'
 'M' 'M' 'U' 'M' 'M' 'M' 'M' 'M' 'M' 'M' 'M' 'M' 'M' 'M' 'M' 'U' 'U' 'M'
 'M' 'M' 'M' 'U' 'M' 'M' 'M' 'U' 'M' 'M' 'M' 'M' 'M' 'M' 'M' 'M' 'M' 'U'
 'U' 'M' 'M' 'M' 'U' 'M' 'M' 'M' 'M' 'M' 'M' 'U' 'M' 'M' 'M' 'M' 'M' 'M'
 'M' 'M' 'M' 'U' 'M' 'M' 'M' 'U' 'M' 'M' 'M' 'M' 'M' 'M' 'M' 'M' 'M' 'M'
 'M' 'M' 'M' 'U' 'U' 'M' 'U' 'U' 'M' 'M' 'M' 'U' 'M' 'M' 'U' 'A' 'M' 'M'
 'U' 'M' 'M' 'U' 'U' 'M' 'U' 'U' 'M' 'U' 'U' 'U' 'U' 'M' 'U' 'M' 'M' 'M'
 'M' 'M' 'M' 'U' 'M' 'U' 'M' 'M' 'M' 'M' 'M' 'M' 'U' 'M' 'M' 'M' 'M' 'M'
 'M' 'M' 'M' 'M' 'M' 'U' 'M' 'M' 'M' 'M' 'U' 'M' 'U' 'M' 'M' 'M' 'M' 'M'
 'M' 'U' 'M' 'M' 'M' 'M' 'M' 'M' 'M' 'M' 'M' 'M' 'M' 'M' 'M' 'A' 'M' 'M']"
91601,0,153,2,151,45,0,0,"['A' 'U' 'M' 'M' 'M' 'M' 'M' 'U' 'M' 'M' 'U' 'M' 'M' 'M' 'M' 'U' 'M' 'U'
 'M' 'M' 'M' 'M' 'M' 'M' 'M' 'M' 'M' 'U' 'U' 'M' 'U' 'M' 'M' 'M' 'U' 'M'
 'M' 'M' 'U' 'M' 'M' 'M' 'U' 'M' 'M' 'M' 'M' 'M' 'M' 'M' 'M' 'U' 'U' 'M'
 'M' 'M' 'M' 'U' 'M' 'M' 'M' 'U' 'M' 'M' 'M' 'M' 'M' 'M' 'M' 'M' 'U' 'M'
 'M' 'M' 'U' 'M' 'U' 'M' 'M' 'M' 'M' 'M' 'M' 'M' 'M' 'M' 'M' 'M' 'M' 'M'
 'M' 'M' 'M' 'U' 'U' 'M' 'M' 'M' 'M' 'M' 'M' 'M' 'M' 'M' 'M' 'M' 'M' 'M'
 'M' 'M' 'M' 'U' 'U' 'M' 'U' 'U' 'M' 'M' 'M' 'U' 'M' 'M' 'U' 'A' 'M' 'M'
 'U' 'M' 'M' 'U' 'U' 'M' 'U' 'U' 'U' 'U' 'U' 'U' 'U' 'M' 'U' 'M' 'M' 'U'
 'M' 'M' 'M' 'U' 'M' 'M' 'M' 'M' 'M' 'M' 'M' 'M' 'U' 'M' 'M' 'M' 'M' 'M'
 'M' 'M' 'M' 'M' 'M' 'M' 'M' 'M' 'M' 'M' 'U' 'M' 'U' 'M' 'M' 'M' 'M' 'M'
 'M' 'U' 'M' 'M' 'M' 'M' 'M' 'M' 'M' 'M' 'M' 'M' 'M' 'U' 'M' 'U' 'M' 'M']"
91701,0,150,1,149,48,1,0,"['A' 'M' 'M' 'U' 'M' 'M' 'M' 'U' 'M' 'M' 'U' 'M' 'M' 'M' 'M' 'U' 'M' 'U'
 'U' 'M' 'M' 'M' 'M' 'M' 'M' 'M' 'M' 'U' 'U' 'U' 'U' 'M' 'M' 'M' 'U' 'M'
 'M' 'M' 'M' 'M' 'M' 'M' 'U' 'M' 'M' 'M' 'U' 'M' 'M' 'M' 'M' 'U' 'U' 'M'
 'M' 'M' 'M' 'U' 'M' 'M' 'M' 'U' 'M' 'M' 'U' 'M' 'M' 'U' 'M' 'M' 'M' 'M'
 'U' 'M' 'M' 'M' 'M' 'U' 'M' 'M' 'M' 'M' 'U' 'M' 'M' 'U' 'M' 'M' 'M' 'M'
 'M' 'M' 'M' 'M' 'M' 'M' 'M' 'M' 'M' 'M' 'M' 'M' 'M' 'M' 'M' 'M' 'M' 'M'
 'M' 'M' 'U' 'M' 'M' 'M' 'U' 'M' 'U' 'M' 'M' 'U' 'M' 'M' 'M' 'U' 'M' 'M'
 'U' 'U' 'M' 'U' 'M' 'M' 'M' 'U' 'U' 'M' 'U' 'U' 'U' 'M' 'U' 'M' 'M' 'M'
 'M' 'M' 'M' 'U' 'M' 'M' 'M' 'M' 'M' 'U' 'M' 'U' 'M' 'M' 'M' 'M' 'U' 'M'
 'M' 'M' 'M' 'M' 'M' 'M' 'M' 'M' 'M' 'M' 'U' 'M' 'U' 'M' 'M' 'M' 'M' 'M'
 'M' 'U' 'M' 'U' 'M' 'M' 'M' 'M' 'M' 'M' 'M' 'M' 'M' 'U' 'M' 'U' 'U' 'M']"
91801,0,147,1,146,51,0,1,"['A' 'M' 'M' 'U' 'M' 'M' 'M' 'U' 'M' 'M' 'U' 'M' 'M' 'M' 'U' 'U' 'M' 'U'
 'M' 'M' 'M' 'M' 'M' 'M' 'M' 'M' 'M' 'U' 'U' 'U' 'U' 'M' 'M' 'M' 'U' 'M'
 'M' 'M' 'M' 'M' 'M' 'M' 'U' 'M' 'M' 'U' 'U' 'M' 'M' 'U' 'M' 'U' 'U' 'M'
 'M' 'U' 'M' 'M' 'M' 'M' 'M' 'U' 'M' 'M' 'U' 'M' 'M' 'U' 'M' 'M' 'U' 'M'
 'M' 'U' 'U' 'M' 'M' 'M' 'M' 'M' 'M' 'M' 'M' 'M' 'M' 'M' 'M' 'U' 'M' 'M'
 'M' 'M' 'M' 'M' 'M' 'M' 'M' 'M' 'M' 'M' 'M' 'M' 'M' 'M' 'M' 'M' 'M' 'M'
 'M' 'M' 'U' 'M' 'M' 'M' 'M' 'M' 'U' 'M' 'M' 'M' 'M' 'M' 'M' 'M' 'M' 'U'
 'M' 'U' 'M' 'U' 'M' 'U' 'U' 'U' 'M' 'U' 'U' 'U' 'U' 'M' 'U' 'M' 'M' 'M'
 'M' 'M' 'M' 'U' 'M' 'M' 'M' 'M' 'M' 'U' 'M' 'U' 'M' 'M' 'U' 'M' 'U' 'M'
 'M' 'M' 'M' 'M' 'M' 'M' 'M' 'M' 'U' 'M' 'M' 'M' 'U' 'M' 'M' 'M' 'M' 'M'
 'M' 'U' 'M' 'U' 'M' 'M' 'M' 'U' 'M' 'M' 'M' 'M' 'M' 'U' 'M' 'U' 'U' 'M']"
91901,0,152,1,151,46,0,0,"['A' 'M' 'M' 'U' 'M' 'M' 'M' 'M' 'M' 'M' 'M' 'M' 'M' 'M' 'U' 'U' 'M' 'U'
 'M' 'M' 'M' 'M' 'M' 'M' 'M' 'M' 'M' 'U' 'M' 'U' 'U' 'M' 'M' 'M' 'M' 'M'
 'M' 'M' 'M' 'M' 'U' 'M' 'U' 'M' 'M' 'U' 'M' 'M' 'M' 'U' 'M' 'U' 'M' 'M'
 'M' 'U' 'M' 'M' 'M' 'M' 'M' 'U' 'M' 'M' 'U' 'M' 'M' 'M' 'M' 'U' 'M' 'M'
 'M' 'M' 'M' 'M' 'M' 'U' 'M' 'M' 'M' 'M' 'M' 'M' 'U' 'M' 'M' 'M' 'M' 'M'
 'U' 'U' 'M' 'M' 'M' 'M' 'M' 'M' 'M' 'M' 'M' 'M' 'M' 'M' 'M' 'M' 'M' 'M'
 'M' 'M' 'M' 'M' 'M' 'M' 'M' 'M' 'U' 'M' 'M' 'M' 'U' 'M' 'M' 'U' 'M' 'U'
 'M' 'M' 'M' 'U' 'M' 'M' 'U' 'U' 'U' 'U' 'U' 'U' 'U' 'M' 'U' 'M' 'M' 'M'
 'M' 'M' 'M' 'U' 'M' 'M' 'M' 'M' 'M' 'U' 'M' 'U' 'M' 'M' 'M' 'M' 'U' 'M'
 'M' 'M' 'M' 'M' 'M' 'M' 'M' 'M' 'U' 'M' 'M' 'M' 'U' 'M' 'U' 'M' 'M' 'M'
 'M' 'M' 'M' 'U' 'M' 'M' 'M' 'U' 'M' 'U' 'M' 'M' 'M' 'U' 'M' 'U' 'U' 'M']"
92001,0,154,1,153,44,1,0,"['A' 'M' 'M' 'U' 'M' 'M' 'M' 'M' 'M' 'M' 'M' 'M' 'M' 'M' 'U' 'M' 'M' 'M'
 'M' 'M' 'M' 'M' 'M' 'M' 'M' 'M' 'M' 'M' 'M' 'M' 'U' 'M' 'M' 'M' 'M' 'M'
 'M' 'M' 'M' 'U' 'U' 'M' 'U' 'M' 'M' 'M' 'M' 'M' 'M' 'M' 'M' 'M' 'M' 'M'
 'M' 'U' 'M' 'M' 'M' 'M' 'M' 'M' 'M' 'M' 'U' 'M' 'M' 'M' 'M' 'M' 'M' 'U'
 'M' 'U' 'M' 'M' 'M' 'U' 'M' 'U' 'M' 'M' 'M' 'M' 'M' 'U' 'M' 'M' 'M' 'M'
 'M' 'M' 'M' 'M' 'M' 'M' 'M' 'M' 'M' 'M' 'M' 'M' 'M' 'M' 'M' 'M' 'M' 'U'
 'M' 'M' 'U' 'M' 'M' 'M' 'M' 'M' 'M' 'M' 'M' 'M' 'U' 'M' 'M' 'U' 'U' 'U'
 'M' 'M' 'M' 'U' 'M' 'M' 'U' 'U' 'U' 'U' 'U' 'U' 'M' 'M' 'U' 'M' 'M' 'U'
 'M' 'M' 'U' 'U' 'M' 'M' 'M' 'M' 'U' 'U' 'U' 'M' 'M' 'M' 'M' 'M' 'U' 'M'
 'U' 'M' 'M' 'M' 'M' 'M' 'M' 'M' 'M' 'M' 'M' 'M' 'U' 'M' 'U' 'M' 'M' 'M'
 'M' 'M' 'M' 'U' 'M' 'M' 'M' 'U' 'M' 'U' 'U' 'M' 'M' 'U' 'M' 'U' 'U' 'M']"
92101,0,157,2,155,41,0,0,"['A' 'M' 'M' 'U' 'M' 'M' 'M' 'M' 'M' 'M' 'M' 'M' 'M' 'M' 'U' 'M' 'M' 'M'
 'M' 'M' 'M' 'M' 'U' 'M' 'U' 'M' 'M' 'M' 'M' 'M' 'U' 'M' 'M' 'M' 'M' 'M'
 'M' 'M' 'M' 'U' 'U' 'M' 'U' 'M' 'M' 'M' 'M' 'U' 'M' 'M' 'M' 'M' 'M' 'M'
 'M' 'M' 'U' 'M' 'M' 'M' 'M' 'M' 'M' 'M' 'U' 'M' 'M' 'U' 'M' 'M' 'M' 'M'
 'M' 'M' 'M' 'M' 'M' 'U' 'M' 'U' 'M' 'M' 'M' 'M' 'M' 'M' 'M' 'U' 'M' 'M'
 'M' 'U' 'M' 'M' 'M' 'M' 'M' 'M' 'M' 'M' 'M' 'M' 'M' 'M' 'M' 'M' 'M' 'U'
 'M' 'M' 'U' 'M' 'M' 'M' 'M' 'M' 'M' 'M' 'M' 'M' 'U' 'M' 'M' 'M' 'U' 'M'
 'M' 'M' 'M' 'U' 'M' 'U' 'U' 'M' 'M' 'U' 'U' 'U' 'M' 'M' 'U' 'M' 'M' 'U'
 'U' 'M' 'U' 'U' 'M' 'M' 'M' 'U' 'M' 'U' 'U' 'M' 'M' 'M' 'M' 'M' 'M' 'M'
 'U' 'M' 'M' 'M' 'M' 'M' 'M' 'M' 'M' 'M' 'M' 'M' 'M' 'M' 'U' 'M' 'M' 'M'
 'M' 'M' 'M' 'U' 'M' 'M' 'M' 'U' 'M' 'M' 'U' 'M' 'M' 'U' 'M' 'A' 'U' 'M']"
92201,0,161,2,159,37,0,0,"['A' 'M' 'M' 'U' 'M' 'M' 'M' 'M' 'M' 'M' 'M' 'M' 'M' 'M' 'U' 'M' 'M' 'M'
 'M' 'M' 'M' 'M' 'M' 'M' 'U' 'M' 'M' 'M' 'M' 'M' 'U' 'M' 'M' 'M' 'M' 'M'
 'M' 'M' 'M' 'U' 'M' 'M' 'M' 'M' 'M' 'M' 'M' 'U' 'M' 'M' 'M' 'M' 'M' 'M'
 'U' 'M' 'U' 'M' 'M' 'M' 'M' 'U' 'M' 'M' 'M' 'M' 'U' 'M' 'M' 'M' 'M' 'U'
 'M' 'M' 'U' 'M' 'M' 'M' 'M' 'M' 'M' 'M' 'M' 'M' 'M' 'M' 'M' 'M' 'U' 'M'
 'U' 'M' 'M' 'M' 'M' 'M' 'M' 'M' 'M' 'M' 'M' 'M' 'M' 'M' 'M' 'M' 'M' 'U'
 'M' 'M' 'U' 'M' 'M' 'M' 'M' 'M' 'M' 'M' 'M' 'M' 'M' 'M' 'M' 'M' 'M' 'M'
 'M' 'M' 'M' 'U' 'M' 'U' 'U' 'U' 'U' 'U' 'U' 'U' 'U' 'M' 'M' 'M' 'M' 'U'
 'M' 'M' 'M' 'U' 'M' 'M' 'M' 'U' 'M' 'U' 'U' 'M' 'M' 'M' 'M' 'M' 'M' 'M'
 'U' 'M' 'U' 'M' 'M' 'M' 'M' 'M' 'M' 'M' 'M' 'M' 'M' 'M' 'U' 'M' 'M' 'M'
 'M' 'M' 'M' 'U' 'M' 'M' 'M' 'U' 'M' 'M' 'M' 'M' 'M' 'U' 'M' 'A' 'U' 'M']"
92301,0,153,4,149,45,0,0,"['A' 'M' 'M' 'U' 'M' 'M' 'M' 'U' 'M' 'M' 'M' 'M' 'M' 'M' 'U' 'M' 'M' 'U'
 'M' 'M' 'M' 'M' 'M' 'M' 'U' 'M' 'U' 'M' 'M' 'M' 'A' 'M' 'M' 'M' 'M' 'M'
 'M' 'M' 'M' 'U' 'M' 'M' 'U' 'M' 'M' 'M' 'M' 'U' 'M' 'M' 'M' 'M' 'M' 'M'
 'U' 'M' 'U' 'U' 'M' 'M' 'M' 'U' 'M' 'M' 'M' 'M' 'M' 'M' 'M' 'U' 'M' 'M'
 'U' 'M' 'M' 'M' 'U' 'M' 'M' 'M' 'M' 'M' 'M' 'M' 'M' 'U' 'M' 'M' 'U' 'M'
 'M' 'M' 'M' 'M' 'M' 'M' 'M' 'M' 'M' 'M' 'M' 'M' 'U' 'U' 'M' 'U' 'M' 'U'
 'M' 'M' 'U' 'M' 'M' 'M' 'M' 'M' 'M' 'M' 'M' 'M' 'M' 'U' 'M' 'M' 'M' 'M'
 'M' 'M' 'M' 'A' 'M' 'U' 'U' 'U' 'U' 'U' 'U' 'U' 'U' 'M' 'M' 'M' 'M' 'U'
 'M' 'M' 'M' 'U' 'M' 'M' 'M' 'U' 'M' 'U' 'U' 'M' 'M' 'M' 'M' 'M' 'M' 'M'
 'U' 'M' 'M' 'M' 'M' 'M' 'M' 'M' 'M' 'M' 'U' 'M' 'M' 'M' 'U' 'M' 'M' 'M'
 'M' 'M' 'M' 'U' 'M' 'M' 'M' 'U' 'M' 'U' 'M' 'M' 'M' 'U' 'M' 'A' 'U' 'M']"
92401,1,154,2,152,44,0,0,"['A' 'M' 'M' 'U' 'M' 'M' 'M' 'U' 'M' 'M' 'U' 'M' 'M' 'M' 'U' 'M' 'M' 'U'
 'M' 'M' 'M' 'M' 'M' 'M' 'U' 'M' 'U' 'M' 'M' 'M' 'A' 'M' 'M' 'M' 'M' 'M'
 'M' 'M' 'M' 'U' 'M' 'M' 'U' 'M' 'M' 'M' 'M' 'M' 'M' 'M' 'U' 'M' 'M' 'M'
 'U' 'M' 'M' 'M' 'U' 'M' 'M' 'U' 'M' 'M' 'M' 'M' 'M' 'M' 'M' 'M' 'M' 'M'
 'M' 'U' 'M' 'M' 'M' 'M' 'U' 'M' 'M' 'M' 'M' 'M' 'U' 'M' 'M' 'M' 'M' 'M'
 'M' 'M' 'U' 'U' 'M' 'M' 'M' 'M' 'M' 'M' 'M' 'M' 'U' 'U' 'M' 'M' 'M' 'U'
 'M' 'M' 'M' 'M' 'M' 'M' 'M' 'M' 'M' 'M' 'M' 'M' 'M' 'U' 'M' 'M' 'M' 'M'
 'M' 'M' 'M' 'U' 'M' 'U' 'U' 'U' 'U' 'U' 'U' 'U' 'U' 'M' 'M' 'M' 'M' 'U'
 'M' 'M' 'M' 'U' 'M' 'M' 'U' 'M' 'M' 'U' 'U' 'M' 'M' 'U' 'M' 'M' 'M' 'U'
 'U' 'M' 'M' 'M' 'M' 'M' 'M' 'M' 'M' 'M' 'M' 'M' 'M' 'M' 'M' 'M' 'M' 'M'
 'M' 'M' 'M' 'U' 'M' 'M' 'M' 'U' 'M' 'U' 'M' 'M' 'M' 'U' 'M' 'U' 'M' 'M']"
92501,0,154,1,153,44,0,0,"['A' 'M' 'M' 'M' 'M' 'M' 'M' 'U' 'M' 'M' 'U' 'M' 'M' 'M' 'U' 'M' 'M' 'U'
 'M' 'M' 'M' 'M' 'M' 'M' 'U' 'M' 'U' 'M' 'M' 'M' 'U' 'M' 'M' 'M' 'M' 'M'
 'M' 'M' 'M' 'U' 'M' 'M' 'U' 'M' 'M' 'M' 'M' 'M' 'M' 'M' 'U' 'M' 'M' 'M'
 'U' 'M' 'M' 'M' 'U' 'M' 'M' 'U' 'M' 'M' 'M' 'U' 'M' 'M' 'M' 'M' 'M' 'M'
 'M' 'M' 'M' 'M' 'M' 'M' 'M' 'M' 'M' 'M' 'M' 'U' 'U' 'M' 'M' 'M' 'M' 'U'
 'M' 'M' 'U' 'M' 'M' 'M' 'M' 'M' 'M' 'M' 'M' 'M' 'U' 'U' 'M' 'M' 'M' 'U'
 'M' 'M' 'M' 'M' 'M' 'M' 'M' 'M' 'M' 'M' 'M' 'M' 'M' 'M' 'M' 'M' 'M' 'M'
 'M' 'M' 'M' 'U' 'M' 'U' 'U' 'M' 'U' 'U' 'U' 'U' 'U' 'M' 'M' 'M' 'M' 'U'
 'M' 'M' 'M' 'U' 'M' 'U' 'U' 'M' 'M' 'U' 'M' 'M' 'M' 'U' 'M' 'M' 'M' 'U'
 'U' 'U' 'M' 'M' 'M' 'M' 'M' 'M' 'M' 'M' 'M' 'M' 'M' 'M' 'M' 'M' 'U' 'M'
 'M' 'M' 'M' 'M' 'M' 'M' 'U' 'U' 'M' 'U' 'M' 'M' 'M' 'U' 'M' 'U' 'M' 'M']"
92601,0,159,2,157,39,0,0,"['A' 'M' 'M' 'M' 'M' 'M' 'M' 'U' 'M' 'M' 'U' 'M' 'U' 'M' 'U' 'M' 'M' 'A'
 'M' 'M' 'U' 'M' 'M' 'M' 'U' 'M' 'U' 'M' 'M' 'M' 'U' 'M' 'M' 'M' 'M' 'M'
 'M' 'M' 'M' 'U' 'M' 'M' 'M' 'M' 'M' 'M' 'M' 'M' 'M' 'M' 'U' 'M' 'M' 'M'
 'U' 'M' 'M' 'M' 'U' 'M' 'M' 'M' 'M' 'M' 'M' 'M' 'M' 'M' 'M' 'M' 'M' 'M'
 'M' 'M' 'M' 'U' 'M' 'M' 'U' 'M' 'M' 'U' 'U' 'M' 'M' 'M' 'U' 'M' 'M' 'M'
 'M' 'M' 'M' 'M' 'M' 'M' 'M' 'M' 'M' 'M' 'M' 'M' 'M' 'U' 'M' 'M' 'M' 'U'
 'M' 'M' 'M' 'M' 'M' 'M' 'M' 'M' 'M' 'M' 'M' 'M' 'M' 'M' 'M' 'U' 'M' 'M'
 'M' 'M' 'M' 'U' 'M' 'U' 'U' 'M' 'U' 'M' 'U' 'U' 'U' 'M' 'M' 'U' 'M' 'M'
 'M' 'M' 'M' 'M' 'M' 'U' 'U' 'M' 'M' 'U' 'M' 'M' 'M' 'U' 'M' 'M' 'M' 'M'
 'U' 'U' 'M' 'M' 'M' 'M' 'M' 'M' 'M' 'M' 'M' 'M' 'M' 'M' 'M' 'M' 'U' 'M'
 'M' 'M' 'M' 'M' 'M' 'M' 'M' 'U' 'M' 'U' 'M' 'M' 'M' 'U' 'M' 'U' 'M' 'M']"
92701,0,163,4,159,35,0,0,"['A' 'M' 'M' 'M' 'M' 'M' 'M' 'U' 'M' 'U' 'U' 'M' 'U' 'M' 'A' 'M' 'M' 'M'
 'M' 'M' 'U' 'M' 'M' 'M' 'U' 'M' 'U' 'M' 'M' 'M' 'U' 'M' 'M' 'M' 'M' 'M'
 'M' 'M' 'M' 'M' 'M' 'M' 'M' 'M' 'M' 'M' 'M' 'M' 'M' 'M' 'M' 'M' 'U' 'M'
 'U' 'M' 'M' 'M' 'U' 'M' 'M' 'M' 'M' 'M' 'M' 'M' 'M' 'M' 'M' 'M' 'M' 'M'
 'M' 'M' 'M' 'M' 'M' 'U' 'M' 'U' 'M' 'U' 'M' 'M' 'M' 'U' 'M' 'U' 'M' 'M'
 'M' 'M' 'M' 'M' 'M' 'M' 'M' 'M' 'M' 'M' 'M' 'M' 'M' 'U' 'U' 'M' 'M' 'A'
 'M' 'M' 'M' 'M' 'M' 'M' 'M' 'M' 'M' 'M' 'M' 'M' 'M' 'M' 'M' 'U' 'M' 'M'
 'M' 'U' 'M' 'U' 'M' 'U' 'M' 'M' 'A' 'M' 'U' 'M' 'U' 'M' 'M' 'M' 'M' 'M'
 'M' 'M' 'M' 'M' 'M' 'U' 'U' 'M' 'M' 'U' 'M' 'U' 'M' 'U' 'M' 'M' 'M' 'M'
 'U' 'M' 'M' 'M' 'U' 'M' 'M' 'M' 'M' 'M' 'M' 'M' 'M' 'M' 'M' 'M' 'M' 'M'
 'M' 'M' 'M' 'M' 'M' 'M' 'M' 'U' 'M' 'U' 'M' 'M' 'M' 'U' 'M' 'U' 'M' 'M']"
92801,0,167,4,163,31,0,0,"['A' 'M' 'M' 'M' 'M' 'M' 'M' 'U' 'M' 'U' 'M' 'M' 'U' 'M' 'U' 'M' 'M' 'M'
 'M' 'M' 'U' 'M' 'M' 'M' 'M' 'M' 'U' 'M' 'M' 'M' 'U' 'M' 'M' 'M' 'M' 'M'
 'M' 'M' 'M' 'M' 'M' 'M' 'M' 'M' 'M' 'M' 'M' 'M' 'M' 'M' 'M' 'M' 'M' 'M'
 'M' 'M' 'M' 'M' 'M' 'M' 'M' 'M' 'U' 'M' 'M' 'M' 'M' 'M' 'M' 'M' 'M' 'M'
 'M' 'M' 'U' 'M' 'M' 'U' 'M' 'U' 'U' 'M' 'M' 'M' 'U' 'M' 'M' 'M' 'M' 'M'
 'M' 'M' 'M' 'M' 'M' 'M' 'M' 'M' 'M' 'M' 'M' 'M' 'M' 'U' 'U' 'M' 'M' 'A'
 'M' 'M' 'M' 'M' 'M' 'M' 'M' 'M' 'M' 'M' 'M' 'M' 'M' 'M' 'M' 'U' 'M' 'U'
 'M' 'U' 'M' 'U' 'U' 'U' 'M' 'M' 'U' 'M' 'U' 'M' 'M' 'M' 'M' 'M' 'M' 'M'
 'U' 'M' 'M' 'M' 'M' 'U' 'U' 'M' 'M' 'A' 'M' 'M' 'M' 'A' 'M' 'M' 'M' 'M'
 'U' 'M' 'M' 'M' 'M' 'M' 'M' 'M' 'M' 'M' 'M' 'M' 'U' 'M' 'M' 'M' 'M' 'M'
 'M' 'M' 'M' 'M' 'M' 'M' 'M' 'M' 'M' 'M' 'M' 'M' 'M' 'U' 'M' 'U' 'U' 'M']"
92901,0,167,5,162,31,1,0,"['A' 'M' 'U' 'M' 'M' 'M' 'M' 'U' 'M' 'U' 'M' 'M' 'U' 'M' 'M' 'M' 'M' 'M'
 'M' 'M' 'M' 'M' 'M' 'M' 'M' 'M' 'U' 'M' 'M' 'M' 'U' 'U' 'M' 'M' 'M' 'M'
 'M' 'M' 'M' 'M' 'M' 'M' 'U' 'M' 'M' 'M' 'M' 'M' 'M' 'M' 'M' 'M' 'M' 'M'
 'M' 'M' 'M' 'M' 'M' 'M' 'M' 'M' 'U' 'M' 'M' 'M' 'M' 'M' 'M' 'U' 'M' 'U'
 'M' 'M' 'M' 'U' 'M' 'M' 'M' 'M' 'U' 'M' 'M' 'M' 'U' 'M' 'M' 'M' 'M' 'M'
 'M' 'M' 'M' 'M' 'M' 'M' 'M' 'M' 'M' 'M' 'M' 'M' 'M' 'M' 'U' 'M' 'M' 'A'
 'U' 'M' 'M' 'M' 'M' 'M' 'M' 'M' 'M' 'M' 'M' 'M' 'M' 'M' 'U' 'M' 'M' 'U'
 'U' 'U' 'M' 'M' 'M' 'A' 'M' 'M' 'U' 'M' 'U' 'M' 'M' 'M' 'M' 'M' 'M' 'M'
 'M' 'M' 'M' 'M' 'M' 'U' 'U' 'U' 'U' 'A' 'M' 'M' 'M' 'A' 'M' 'M' 'M' 'M'
 'U' 'M' 'M' 'M' 'M' 'M' 'M' 'M' 'M' 'M' 'M' 'M' 'U' 'M' 'M' 'M' 'M' 'U'
 'M' 'M' 'M' 'M' 'M' 'M' 'M' 'M' 'M' 'M' 'M' 'M' 'M' 'U' 'M' 'U' 'M' 'M']"
93001,0,165,5,160,33,0,0,"['A' 'M' 'M' 'M' 'M' 'M' 'M' 'U' 'U' 'U' 'M' 'M' 'U' 'M' 'M' 'M' 'M' 'M'
 'M' 'M' 'M' 'M' 'M' 'U' 'M' 'M' 'U' 'M' 'M' 'M' 'U' 'U' 'M' 'M' 'M' 'M'
 'M' 'M' 'M' 'M' 'M' 'M' 'U' 'M' 'M' 'M' 'M' 'M' 'M' 'M' 'M' 'M' 'M' 'M'
 'M' 'M' 'M' 'M' 'M' 'M' 'M' 'M' 'M' 'M' 'M' 'M' 'M' 'M' 'M' 'M' 'M' 'U'
 'U' 'M' 'M' 'M' 'M' 'M' 'U' 'M' 'M' 'M' 'U' 'U' 'M' 'M' 'M' 'M' 'M' 'M'
 'M' 'M' 'M' 'M' 'M' 'M' 'M' 'M' 'M' 'M' 'M' 'U' 'M' 'M' 'M' 'U' 'M' 'A'
 'U' 'M' 'M' 'M' 'U' 'M' 'M' 'M' 'M' 'M' 'M' 'M' 'M' 'M' 'M' 'M' 'M' 'U'
 'M' 'M' 'M' 'M' 'M' 'A' 'U' 'U' 'U' 'U' 'U' 'U' 'U' 'M' 'M' 'M' 'M' 'M'
 'M' 'M' 'M' 'M' 'M' 'U' 'U' 'U' 'U' 'A' 'M' 'M' 'M' 'A' 'M' 'M' 'M' 'M'
 'U' 'M' 'M' 'M' 'M' 'M' 'M' 'M' 'M' 'M' 'M' 'M' 'U' 'M' 'M' 'M' 'M' 'M'
 'M' 'M' 'M' 'M' 'M' 'M' 'M' 'M' 'M' 'M' 'M' 'M' 'M' 'M' 'U' 'M' 'M' 'M']"
93101,0,170,5,165,28,1,0,"['A' 'M' 'M' 'M' 'M' 'M' 'M' 'U' 'M' 'U' 'M' 'M' 'M' 'M' 'M' 'M' 'M' 'M'
 'M' 'M' 'M' 'M' 'M' 'M' 'M' 'M' 'U' 'M' 'M' 'U' 'U' 'U' 'M' 'M' 'M' 'M'
 'M' 'M' 'M' 'M' 'M' 'M' 'U' 'M' 'M' 'M' 'M' 'M' 'M' 'M' 'M' 'M' 'U' 'M'
 'M' 'M' 'M' 'M' 'M' 'M' 'M' 'M' 'M' 'M' 'M' 'M' 'U' 'U' 'M' 'M' 'M' 'M'
 'U' 'M' 'M' 'M' 'M' 'M' 'M' 'M' 'M' 'U' 'M' 'M' 'M' 'M' 'M' 'M' 'M' 'M'
 'M' 'M' 'U' 'M' 'M' 'M' 'M' 'M' 'M' 'M' 'M' 'M' 'M' 'M' 'M' 'U' 'M' 'A'
 'M' 'M' 'M' 'M' 'U' 'M' 'M' 'M' 'M' 'M' 'M' 'M' 'M' 'M' 'M' 'M' 'M' 'M'
 'M' 'A' 'M' 'M' 'M' 'U' 'U' 'U' 'U' 'U' 'U' 'U' 'M' 'M' 'M' 'M' 'M' 'M'
 'M' 'M' 'M' 'M' 'M' 'M' 'U' 'M' 'M' 'A' 'M' 'M' 'M' 'A' 'M' 'M' 'M' 'M'
 'U' 'M' 'M' 'M' 'M' 'M' 'M' 'M' 'M' 'M' 'M' 'M' 'U' 'M' 'M' 'M' 'U' 'M'
 'M' 'M' 'M' 'M' 'M' 'M' 'M' 'U' 'M' 'M' 'M' 'M' 'M' 'M' 'U' 'M' 'M' 'M']"
93201,0,166,5,161,32,0,0,"['A' 'M' 'M' 'M' 'M' 'M' 'M' 'U' 'M' 'U' 'M' 'M' 'M' 'M' 'M' 'M' 'U' 'M'
 'M' 'M' 'M' 'U' 'M' 'M' 'M' 'M' 'U' 'M' 'U' 'U' 'U' 'M' 'M' 'M' 'M' 'M'
 'M' 'M' 'M' 'M' 'M' 'M' 'U' 'M' 'M' 'M' 'M' 'M' 'M' 'U' 'M' 'M' 'U' 'M'
 'M' 'M' 'M' 'M' 'M' 'M' 'M' 'M' 'M' 'M' 'M' 'M' 'M' 'U' 'M' 'M' 'M' 'U'
 'M' 'M' 'M' 'M' 'M' 'U' 'M' 'M' 'M' 'M' 'M' 'M' 'M' 'M' 'M' 'M' 'U' 'U'
 'M' 'M' 'M' 'M' 'M' 'M' 'M' 'M' 'M' 'M' 'M' 'M' 'M' 'M' 'M' 'U' 'M' 'A'
 'M' 'M' 'M' 'M' 'M' 'M' 'M' 'M' 'M' 'M' 'M' 'M' 'M' 'M' 'M' 'M' 'M' 'M'
 'M' 'A' 'U' 'M' 'M' 'U' 'U' 'U' 'U' 'U' 'U' 'M' 'M' 'M' 'M' 'M' 'M' 'M'
 'M' 'M' 'M' 'M' 'M' 'M' 'U' 'M' 'M' 'A' 'M' 'M' 'M' 'A' 'M' 'M' 'M' 'M'
 'M' 'M' 'M' 'U' 'M' 'M' 'M' 'M' 'M' 'U' 'M' 'M' 'U' 'M' 'M' 'M' 'U' 'U'
 'M' 'M' 'M' 'M' 'M' 'M' 'M' 'U' 'M' 'M' 'M' 'M' 'M' 'M' 'U' 'M' 'M' 'M']"
93301,0,162,6,156,36,0,0,"['A' 'M' 'M' 'M' 'M' 'M' 'M' 'M' 'U' 'M' 'M' 'M' 'M' 'M' 'M' 'M' 'U' 'M'
 'M' 'M' 'M' 'U' 'M' 'M' 'M' 'M' 'U' 'M' 'U' 'M' 'U' 'M' 'M' 'M' 'M' 'M'
 'M' 'M' 'M' 'M' 'U' 'M' 'U' 'M' 'M' 'M' 'M' 'M' 'M' 'U' 'M' 'M' 'U' 'M'
 'M' 'U' 'M' 'M' 'M' 'M' 'M' 'M' 'M' 'M' 'M' 'U' 'M' 'M' 'M' 'M' 'M' 'M'
 'M' 'M' 'U' 'U' 'M' 'M' 'M' 'U' 'M' 'M' 'M' 'M' 'M' 'M' 'M' 'M' 'M' 'U'
 'M' 'M' 'M' 'M' 'M' 'M' 'M' 'M' 'M' 'M' 'M' 'M' 'M' 'M' 'M' 'U' 'M' 'A'
 'M' 'M' 'U' 'U' 'M' 'M' 'M' 'M' 'M' 'M' 'M' 'M' 'M' 'M' 'M' 'M' 'M' 'M'
 'M' 'A' 'U' 'M' 'M' 'M' 'U' 'A' 'U' 'U' 'U' 'U' 'U' 'M' 'M' 'M' 'M' 'M'
 'M' 'M' 'M' 'M' 'M' 'M' 'U' 'U' 'M' 'A' 'M' 'M' 'M' 'A' 'M' 'M' 'M' 'M'
 'M' 'U' 'M' 'U' 'M' 'M' 'M' 'U' 'M' 'M' 'M' 'M' 'U' 'M' 'M' 'M' 'U' 'M'
 'M' 'M' 'U' 'M' 'M' 'M' 'M' 'U' 'M' 'M' 'M' 'M' 'M' 'M' 'U' 'M' 'M' 'M']"
93401,0,161,5,156,37,0,1,"['A' 'M' 'M' 'U' 'M' 'M' 'M' 'M' 'M' 'M' 'M' 'M' 'M' 'M' 'M' 'M' 'U' 'M'
 'U' 'M' 'M' 'U' 'M' 'M' 'M' 'U' 'U' 'M' 'U' 'M' 'U' 'M' 'M' 'M' 'M' 'M'
 'M' 'M' 'M' 'M' 'U' 'M' 'U' 'M' 'M' 'M' 'M' 'M' 'M' 'M' 'M' 'M' 'U' 'M'
 'M' 'U' 'M' 'M' 'M' 'M' 'M' 'M' 'M' 'M' 'M' 'M' 'M' 'M' 'M' 'M' 'M' 'M'
 'M' 'U' 'M' 'U' 'M' 'M' 'M' 'M' 'M' 'U' 'M' 'M' 'U' 'M' 'M' 'U' 'M' 'M'
 'M' 'M' 'M' 'M' 'M' 'M' 'M' 'M' 'M' 'M' 'M' 'M' 'M' 'M' 'M' 'U' 'M' 'A'
 'M' 'U' 'U' 'U' 'M' 'M' 'M' 'M' 'M' 'M' 'M' 'M' 'M' 'M' 'M' 'M' 'M' 'M'
 'M' 'A' 'U' 'M' 'M' 'U' 'U' 'A' 'M' 'M' 'U' 'M' 'U' 'U' 'M' 'M' 'M' 'M'
 'M' 'M' 'M' 'U' 'M' 'M' 'U' 'U' 'M' 'U' 'M' 'M' 'M' 'A' 'M' 'M' 'M' 'M'
 'M' 'M' 'M' 'U' 'M' 'M' 'M' 'U' 'M' 'M' 'M' 'M' 'U' 'M' 'M' 'M' 'M' 'M'
 'M' 'U' 'U' 'M' 'M' 'M' 'M' 'M' 'M' 'M' 'M' 'M' 'M' 'M' 'U' 'M' 'M' 'M']"
93501,0,160,4,156,38,1,0,"['A' 'M' 'M' 'U' 'M' 'M' 'M' 'M' 'M' 'M' 'M' 'M' 'M' 'M' 'M' 'M' 'M' 'M'
 'M' 'M' 'M' 'U' 'M' 'U' 'M' 'U' 'U' 'M' 'M' 'M' 'U' 'M' 'M' 'M' 'M' 'M'
 'M' 'M' 'M' 'M' 'U' 'M' 'U' 'M' 'M' 'M' 'M' 'M' 'U' 'M' 'M' 'M' 'U' 'U'
 'M' 'U' 'M' 'M' 'M' 'M' 'M' 'M' 'M' 'M' 'M' 'M' 'M' 'M' 'M' 'M' 'M' 'M'
 'M' 'U' 'M' 'M' 'M' 'M' 'M' 'M' 'M' 'U' 'M' 'M' 'U' 'M' 'M' 'U' 'U' 'M'
 'M' 'M' 'M' 'M' 'M' 'M' 'M' 'M' 'M' 'M' 'M' 'M' 'M' 'M' 'M' 'U' 'M' 'A'
 'M' 'U' 'U' 'U' 'M' 'M' 'M' 'M' 'M' 'U' 'M' 'M' 'M' 'M' 'M' 'M' 'M' 'M'
 'M' 'U' 'U' 'M' 'M' 'M' 'U' 'U' 'U' 'M' 'M' 'U' 'A' 'U' 'M' 'M' 'U' 'M'
 'M' 'M' 'M' 'U' 'M' 'M' 'U' 'M' 'M' 'U' 'M' 'M' 'M' 'A' 'M' 'M' 'M' 'M'
 'M' 'M' 'M' 'M' 'M' 'M' 'M' 'U' 'M' 'M' 'M' 'M' 'U' 'M' 'M' 'M' 'M' 'M'
 'M' 'U' 'U' 'M' 'M' 'M' 'M' 'M' 'M' 'M' 'M' 'M' 'M' 'M' 'U' 'M' 'M' 'M']"
93601,0,160,5,155,38,1,0,"['A' 'M' 'M' 'U' 'M' 'M' 'M' 'M' 'M' 'M' 'M' 'M' 'M' 'M' 'M' 'U' 'M' 'M'
 'M' 'M' 'M' 'U' 'M' 'U' 'M' 'U' 'U' 'M' 'M' 'M' 'M' 'M' 'U' 'M' 'M' 'U'
 'M' 'M' 'M' 'M' 'U' 'M' 'U' 'M' 'M' 'M' 'M' 'M' 'M' 'M' 'M' 'M' 'U' 'M'
 'M' 'U' 'M' 'M' 'M' 'M' 'M' 'M' 'M' 'M' 'U' 'M' 'M' 'M' 'M' 'M' 'M' 'M'
 'M' 'M' 'M' 'M' 'M' 'U' 'M' 'U' 'M' 'M' 'U' 'M' 'M' 'M' 'M' 'M' 'M' 'M'
 'U' 'U' 'M' 'M' 'M' 'M' 'M' 'M' 'M' 'M' 'M' 'M' 'M' 'M' 'M' 'U' 'M' 'A'
 'M' 'U' 'M' 'U' 'M' 'U' 'M' 'M' 'M' 'U' 'M' 'M' 'M' 'M' 'M' 'M' 'M' 'M'
 'M' 'U' 'U' 'M' 'M' 'M' 'U' 'U' 'U' 'M' 'M' 'M' 'A' 'U' 'M' 'M' 'U' 'M'
 'M' 'M' 'M' 'U' 'M' 'M' 'M' 'M' 'M' 'U' 'M' 'M' 'M' 'A' 'M' 'M' 'U' 'M'
 'M' 'M' 'M' 'M' 'M' 'M' 'M' 'U' 'A' 'M' 'M' 'M' 'U' 'M' 'M' 'M' 'M' 'M'
 'M' 'M' 'U' 'M' 'M' 'M' 'M' 'M' 'M' 'U' 'M' 'M' 'M' 'M' 'U' 'M' 'M' 'M']"
93701,0,157,4,153,41,0,0,"['A' 'M' 'M' 'M' 'M' 'M' 'M' 'M' 'M' 'M' 'M' 'M' 'M' 'M' 'M' 'U' 'M' 'M'
 'M' 'M' 'M' 'U' 'M' 'U' 'M' 'M' 'M' 'M' 'M' 'M' 'M' 'M' 'U' 'M' 'M' 'U'
 'M' 'M' 'M' 'M' 'U' 'M' 'U' 'U' 'M' 'M' 'M' 'M' 'M' 'M' 'M' 'M' 'U' 'M'
 'M' 'U' 'M' 'M' 'M' 'M' 'M' 'U' 'M' 'M' 'M' 'M' 'M' 'M' 'M' 'M' 'M' 'M'
 'M' 'M' 'U' 'M' 'U' 'U' 'M' 'M' 'M' 'M' 'M' 'M' 'M' 'M' 'M' 'M' 'M' 'M'
 'M' 'M' 'U' 'M' 'U' 'M' 'M' 'M' 'M' 'M' 'U' 'M' 'M' 'M' 'M' 'M' 'M' 'A'
 'M' 'M' 'M' 'U' 'M' 'M' 'M' 'M' 'M' 'M' 'M' 'M' 'M' 'M' 'M' 'M' 'M' 'M'
 'M' 'U' 'U' 'M' 'M' 'U' 'U' 'A' 'U' 'U' 'U' 'U' 'A' 'U' 'M' 'M' 'U' 'M'
 'M' 'M' 'M' 'U' 'M' 'M' 'M' 'M' 'M' 'U' 'M' 'M' 'M' 'U' 'M' 'M' 'U' 'M'
 'M' 'U' 'M' 'M' 'M' 'M' 'U' 'U' 'U' 'M' 'M' 'U' 'U' 'M' 'M' 'M' 'M' 'M'
 'M' 'M' 'U' 'M' 'M' 'M' 'M' 'M' 'M' 'U' 'M' 'M' 'M' 'M' 'M' 'M' 'U' 'M']"
93801,0,154,2,152,44,0,0,"['A' 'M' 'M' 'M' 'U' 'M' 'M' 'M' 'M' 'M' 'M' 'M' 'M' 'M' 'M' 'U' 'M' 'M'
 'M' 'M' 'M' 'M' 'M' 'U' 'M' 'M' 'M' 'M' 'U' 'M' 'M' 'M' 'U' 'M' 'M' 'U'
 'M' 'M' 'M' 'M' 'U' 'M' 'U' 'M' 'M' 'M' 'M' 'M' 'M' 'U' 'M' 'M' 'U' 'M'
 'M' 'U' 'M' 'M' 'M' 'M' 'M' 'U' 'M' 'M' 'M' 'M' 'M' 'M' 'M' 'M' 'M' 'M'
 'M' 'U' 'U' 'M' 'M' 'U' 'M' 'M' 'M' 'U' 'M' 'M' 'M' 'M' 'M' 'M' 'U' 'M'
 'M' 'M' 'M' 'M' 'M' 'M' 'M' 'U' 'M' 'M' 'U' 'M' 'M' 'M' 'M' 'M' 'M' 'U'
 'M' 'M' 'M' 'M' 'M' 'M' 'M' 'M' 'M' 'M' 'M' 'M' 'M' 'M' 'M' 'M' 'U' 'M'
 'M' 'M' 'U' 'U' 'M' 'M' 'U' 'U' 'U' 'U' 'U' 'U' 'A' 'M' 'M' 'M' 'U' 'M'
 'M' 'M' 'M' 'U' 'M' 'M' 'M' 'M' 'M' 'U' 'M' 'M' 'U' 'U' 'M' 'M' 'U' 'M'
 'M' 'U' 'M' 'M' 'M' 'M' 'U' 'U' 'U' 'M' 'M' 'U' 'U' 'M' 'M' 'M' 'M' 'M'
 'M' 'M' 'U' 'M' 'M' 'M' 'M' 'M' 'M' 'U' 'M' 'M' 'M' 'M' 'M' 'M' 'U' 'M']"
93901,0,147,2,145,51,0,0,"['A' 'M' 'M' 'M' 'U' 'M' 'M' 'M' 'M' 'U' 'M' 'M' 'M' 'M' 'M' 'U' 'M' 'M'
 'M' 'U' 'M' 'M' 'M' 'U' 'M' 'M' 'U' 'M' 'U' 'M' 'U' 'M' 'U' 'M' 'M' 'U'
 'M' 'M' 'U' 'U' 'U' 'M' 'U' 'M' 'M' 'M' 'M' 'M' 'M' 'U' 'M' 'M' 'U' 'M'
 'M' 'U' 'M' 'M' 'M' 'M' 'M' 'U' 'M' 'M' 'M' 'M' 'M' 'U' 'M' 'M' 'M' 'M'
 'M' 'M' 'M' 'M' 'M' 'M' 'M' 'U' 'M' 'M' 'M' 'M' 'M' 'U' 'M' 'M' 'U' 'M'
 'U' 'M' 'M' 'M' 'M' 'M' 'M' 'U' 'M' 'M' 'U' 'M' 'U' 'M' 'M' 'M' 'U' 'M'
 'M' 'M' 'U' 'M' 'M' 'M' 'M' 'M' 'M' 'M' 'M' 'M' 'M' 'U' 'M' 'M' 'U' 'U'
 'M' 'M' 'U' 'M' 'M' 'U' 'U' 'U' 'U' 'U' 'U' 'U' 'A' 'M' 'M' 'M' 'M' 'M'
 'M' 'M' 'M' 'U' 'M' 'M' 'M' 'M' 'M' 'U' 'M' 'M' 'M' 'U' 'M' 'M' 'U' 'M'
 'M' 'U' 'M' 'M' 'M' 'U' 'M' 'M' 'M' 'M' 'M' 'M' 'U' 'M' 'M' 'M' 'M' 'M'
 'M' 'U' 'U' 'M' 'M' 'M' 'M' 'M' 'M' 'U' 'M' 'U' 'M' 'M' 'M' 'M' 'U' 'M']"
94001,0,150,3,147,48,1,0,"['A' 'M' 'M' 'M' 'U' 'M' 'M' 'M' 'M' 'U' 'M' 'U' 'M' 'M' 'M' 'M' 'M' 'M'
 'M' 'M' 'M' 'M' 'M' 'M' 'M' 'M' 'U' 'M' 'A' 'M' 'U' 'M' 'U' 'M' 'M' 'U'
 'M' 'U' 'U' 'U' 'U' 'M' 'U' 'M' 'M' 'M' 'M' 'M' 'M' 'M' 'M' 'M' 'U' 'M'
 'M' 'U' 'M' 'M' 'M' 'M' 'M' 'U' 'M' 'M' 'M' 'M' 'M' 'M' 'M' 'M' 'U' 'M'
 'M' 'M' 'M' 'M' 'M' 'U' 'M' 'M' 'U' 'U' 'M' 'M' 'M' 'M' 'M' 'M' 'M' 'M'
 'M' 'M' 'M' 'M' 'U' 'M' 'M' 'U' 'M' 'M' 'U' 'M' 'U' 'M' 'M' 'M' 'M' 'M'
 'U' 'M' 'U' 'M' 'M' 'M' 'M' 'M' 'M' 'M' 'M' 'M' 'M' 'U' 'M' 'M' 'U' 'U'
 'M' 'M' 'M' 'M' 'M' 'U' 'U' 'U' 'U' 'M' 'U' 'U' 'U' 'M' 'M' 'M' 'M' 'U'
 'M' 'M' 'M' 'U' 'M' 'M' 'M' 'M' 'M' 'U' 'M' 'M' 'M' 'U' 'M' 'M' 'U' 'U'
 'M' 'U' 'M' 'M' 'M' 'M' 'M' 'M' 'M' 'M' 'M' 'M' 'M' 'M' 'M' 'M' 'M' 'U'
 'M' 'M' 'U' 'M' 'U' 'M' 'M' 'M' 'U' 'U' 'M' 'U' 'M' 'M' 'M' 'M' 'A' 'M']"
94101,0,159,2,157,39,0,1,"['A' 'M' 'M' 'M' 'U' 'M' 'M' 'M' 'M' 'M' 'M' 'U' 'M' 'M' 'M' 'M' 'M' 'M'
 'M' 'M' 'M' 'M' 'M' 'M' 'M' 'M' 'M' 'M' 'A' 'M' 'U' 'M' 'M' 'M' 'M' 'U'
 'U' 'M' 'U' 'U' 'U' 'M' 'U' 'M' 'M' 'M' 'M' 'M' 'M' 'M' 'M' 'M' 'U' 'M'
 'M' 'U' 'M' 'M' 'M' 'M' 'M' 'U' 'M' 'M' 'M' 'U' 'M' 'M' 'M' 'M' 'U' 'U'
 'M' 'M' 'M' 'M' 'M' 'M' 'M' 'M' 'M' 'U' 'U' 'M' 'M' 'M' 'M' 'M' 'M' 'M'
 'M' 'M' 'M' 'M' 'M' 'M' 'M' 'U' 'M' 'M' 'U' 'M' 'U' 'M' 'M' 'M' 'M' 'M'
 'U' 'M' 'U' 'M' 'U' 'M' 'M' 'M' 'M' 'M' 'M' 'M' 'M' 'M' 'U' 'M' 'M' 'U'
 'M' 'M' 'M' 'M' 'M' 'U' 'U' 'U' 'M' 'M' 'U' 'U' 'U' 'M' 'U' 'M' 'M' 'U'
 'M' 'M' 'M' 'M' 'M' 'M' 'M' 'M' 'M' 'U' 'M' 'M' 'M' 'M' 'U' 'M' 'M' 'M'
 'M' 'M' 'M' 'M' 'M' 'M' 'M' 'M' 'M' 'M' 'M' 'M' 'M' 'M' 'M' 'M' 'M' 'U'
 'M' 'M' 'M' 'M' 'U' 'M' 'M' 'M' 'M' 'U' 'M' 'U' 'M' 'M' 'M' 'M' 'M' 'M']"
94201,0,165,2,163,33,1,0,"['A' 'M' 'M' 'M' 'M' 'M' 'M' 'M' 'M' 'M' 'U' 'U' 'M' 'M' 'M' 'M' 'M' 'M'
 'M' 'M' 'M' 'M' 'M' 'M' 'M' 'M' 'M' 'M' 'A' 'U' 'U' 'M' 'M' 'M' 'M' 'M'
 'U' 'M' 'M' 'U' 'U' 'M' 'U' 'M' 'M' 'M' 'M' 'M' 'M' 'M' 'M' 'M' 'U' 'M'
 'M' 'U' 'M' 'M' 'M' 'M' 'M' 'M' 'M' 'M' 'U' 'M' 'M' 'M' 'M' 'M' 'U' 'M'
 'M' 'M' 'M' 'M' 'M' 'M' 'M' 'M' 'U' 'M' 'U' 'M' 'U' 'M' 'M' 'M' 'M' 'M'
 'M' 'M' 'M' 'U' 'M' 'M' 'M' 'U' 'M' 'M' 'M' 'M' 'U' 'M' 'M' 'M' 'M' 'M'
 'U' 'M' 'M' 'M' 'M' 'M' 'M' 'M' 'M' 'M' 'M' 'M' 'M' 'M' 'M' 'M' 'U' 'U'
 'M' 'M' 'M' 'M' 'M' 'U' 'U' 'U' 'M' 'M' 'U' 'U' 'M' 'M' 'U' 'M' 'M' 'U'
 'M' 'M' 'M' 'M' 'M' 'M' 'M' 'M' 'M' 'M' 'M' 'M' 'M' 'M' 'U' 'M' 'M' 'M'
 'M' 'M' 'M' 'M' 'M' 'M' 'M' 'M' 'M' 'M' 'M' 'M' 'M' 'M' 'M' 'M' 'M' 'U'
 'M' 'M' 'M' 'M' 'U' 'M' 'M' 'M' 'M' 'U' 'M' 'U' 'M' 'M' 'M' 'M' 'M' 'M']"
94301,0,170,3,167,28,1,0,"['A' 'M' 'M' 'M' 'M' 'M' 'M' 'M' 'M' 'M' 'U' 'U' 'M' 'M' 'M' 'M' 'M' 'M'
 'M' 'M' 'M' 'M' 'M' 'M' 'M' 'M' 'M' 'M' 'A' 'M' 'U' 'M' 'M' 'M' 'M' 'U'
 'U' 'M' 'M' 'U' 'M' 'M' 'U' 'M' 'M' 'M' 'M' 'M' 'M' 'M' 'M' 'M' 'U' 'M'
 'M' 'U' 'M' 'M' 'M' 'M' 'M' 'M' 'M' 'M' 'U' 'M' 'M' 'M' 'M' 'M' 'U' 'M'
 'M' 'M' 'M' 'M' 'M' 'U' 'M' 'M' 'M' 'M' 'M' 'M' 'U' 'M' 'M' 'M' 'U' 'M'
 'M' 'M' 'M' 'U' 'M' 'M' 'M' 'M' 'M' 'M' 'M' 'M' 'U' 'M' 'M' 'M' 'U' 'M'
 'U' 'M' 'M' 'M' 'M' 'M' 'M' 'M' 'M' 'U' 'M' 'M' 'M' 'M' 'M' 'M' 'M' 'M'
 'M' 'M' 'M' 'M' 'M' 'M' 'U' 'A' 'M' 'M' 'U' 'M' 'M' 'M' 'U' 'M' 'M' 'U'
 'M' 'M' 'M' 'M' 'M' 'M' 'M' 'U' 'M' 'M' 'U' 'M' 'M' 'M' 'M' 'M' 'M' 'M'
 'M' 'M' 'M' 'M' 'M' 'M' 'M' 'M' 'M' 'M' 'M' 'M' 'M' 'M' 'M' 'M' 'M' 'U'
 'M' 'M' 'M' 'M' 'U' 'M' 'M' 'M' 'M' 'M' 'M' 'U' 'M' 'M' 'M' 'M' 'M' 'M']"
94401,1,166,4,162,32,0,0,"['A' 'M' 'M' 'M' 'M' 'M' 'M' 'M' 'M' 'M' 'U' 'M' 'M' 'M' 'M' 'M' 'M' 'M'
 'M' 'M' 'M' 'M' 'M' 'M' 'M' 'M' 'M' 'M' 'A' 'M' 'U' 'M' 'U' 'M' 'M' 'M'
 'M' 'M' 'M' 'U' 'M' 'M' 'U' 'M' 'M' 'M' 'M' 'M' 'M' 'M' 'M' 'M' 'U' 'M'
 'M' 'U' 'M' 'M' 'M' 'M' 'M' 'M' 'M' 'M' 'U' 'M' 'M' 'M' 'M' 'M' 'M' 'M'
 'U' 'M' 'M' 'M' 'M' 'M' 'M' 'M' 'M' 'M' 'M' 'U' 'M' 'M' 'M' 'U' 'M' 'U'
 'M' 'M' 'M' 'M' 'U' 'M' 'A' 'M' 'M' 'M' 'M' 'M' 'U' 'M' 'M' 'M' 'U' 'M'
 'U' 'M' 'M' 'M' 'M' 'M' 'M' 'M' 'M' 'U' 'M' 'M' 'M' 'M' 'M' 'M' 'M' 'M'
 'M' 'M' 'M' 'U' 'M' 'M' 'U' 'A' 'U' 'U' 'U' 'U' 'M' 'M' 'U' 'M' 'M' 'U'
 'M' 'M' 'M' 'M' 'M' 'U' 'M' 'M' 'M' 'M' 'M' 'M' 'M' 'M' 'M' 'M' 'M' 'M'
 'M' 'M' 'M' 'M' 'M' 'M' 'M' 'M' 'M' 'M' 'M' 'M' 'M' 'M' 'M' 'M' 'M' 'U'
 'U' 'M' 'U' 'U' 'U' 'M' 'M' 'M' 'M' 'M' 'M' 'U' 'M' 'M' 'M' 'M' 'M' 'M']"
94501,1,170,4,166,28,0,0,"['A' 'M' 'M' 'M' 'M' 'M' 'M' 'M' 'M' 'M' 'U' 'M' 'M' 'M' 'M' 'M' 'M' 'U'
 'M' 'M' 'M' 'M' 'M' 'U' 'M' 'M' 'M' 'M' 'A' 'M' 'U' 'M' 'U' 'M' 'M' 'M'
 'M' 'M' 'M' 'M' 'M' 'M' 'M' 'M' 'M' 'M' 'M' 'M' 'M' 'M' 'M' 'M' 'U' 'M'
 'M' 'U' 'M' 'M' 'M' 'M' 'M' 'M' 'M' 'M' 'U' 'M' 'M' 'M' 'M' 'U' 'M' 'M'
 'U' 'M' 'M' 'M' 'M' 'U' 'M' 'M' 'M' 'M' 'M' 'M' 'M' 'M' 'U' 'M' 'M' 'M'
 'M' 'M' 'U' 'M' 'M' 'M' 'A' 'M' 'M' 'M' 'M' 'M' 'U' 'M' 'M' 'M' 'M' 'M'
 'U' 'M' 'M' 'M' 'M' 'M' 'M' 'M' 'M' 'U' 'M' 'M' 'M' 'M' 'M' 'M' 'M' 'M'
 'M' 'M' 'M' 'M' 'M' 'M' 'U' 'A' 'U' 'U' 'M' 'U' 'U' 'M' 'M' 'M' 'M' 'M'
 'M' 'U' 'M' 'M' 'M' 'U' 'M' 'M' 'M' 'M' 'M' 'M' 'M' 'M' 'M' 'M' 'M' 'M'
 'M' 'M' 'M' 'M' 'U' 'M' 'M' 'M' 'M' 'M' 'M' 'M' 'M' 'M' 'M' 'M' 'M' 'M'
 'M' 'M' 'U' 'U' 'U' 'M' 'M' 'M' 'M' 'M' 'M' 'U' 'M' 'M' 'M' 'M' 'M' 'M']"
94601,0,171,3,168,27,0,0,"['A' 'M' 'M' 'U' 'M' 'M' 'M' 'M' 'M' 'M' 'U' 'M' 'M' 'M' 'M' 'M' 'M' 'U'
 'M' 'M' 'M' 'M' 'M' 'U' 'M' 'M' 'M' 'M' 'A' 'M' 'U' 'M' 'U' 'M' 'M' 'M'
 'M' 'M' 'M' 'M' 'M' 'M' 'M' 'M' 'M' 'M' 'M' 'M' 'M' 'M' 'M' 'M' 'M' 'M'
 'M' 'M' 'M' 'M' 'M' 'M' 'M' 'M' 'M' 'M' 'U' 'M' 'M' 'M' 'M' 'M' 'M' 'M'
 'M' 'M' 'M' 'U' 'M' 'M' 'U' 'M' 'M' 'M' 'M' 'M' 'M' 'M' 'M' 'M' 'M' 'U'
 'U' 'M' 'U' 'M' 'M' 'M' 'U' 'M' 'M' 'M' 'M' 'M' 'A' 'M' 'M' 'M' 'M' 'M'
 'M' 'M' 'M' 'M' 'M' 'M' 'M' 'M' 'M' 'M' 'M' 'M' 'M' 'M' 'M' 'M' 'M' 'M'
 'M' 'M' 'M' 'M' 'M' 'M' 'M' 'U' 'U' 'U' 'U' 'U' 'U' 'M' 'M' 'M' 'M' 'M'
 'M' 'U' 'M' 'M' 'M' 'U' 'M' 'M' 'M' 'M' 'M' 'M' 'M' 'M' 'M' 'M' 'M' 'M'
 'M' 'M' 'M' 'M' 'U' 'M' 'M' 'M' 'M' 'M' 'M' 'U' 'M' 'M' 'M' 'M' 'M' 'M'
 'U' 'M' 'U' 'U' 'M' 'M' 'M' 'M' 'M' 'M' 'M' 'U' 'M' 'M' 'M' 'M' 'M' 'M']"
94701,0,166,3,163,32,0,0,"['A' 'U' 'M' 'U' 'M' 'M' 'M' 'M' 'M' 'M' 'U' 'M' 'M' 'M' 'U' 'M' 'M' 'U'
 'M' 'M' 'M' 'M' 'M' 'U' 'U' 'M' 'M' 'M' 'A' 'M' 'U' 'M' 'U' 'M' 'M' 'U'
 'M' 'M' 'M' 'M' 'M' 'M' 'M' 'M' 'M' 'M' 'M' 'M' 'M' 'M' 'M' 'M' 'M' 'M'
 'M' 'M' 'M' 'M' 'M' 'M' 'M' 'M' 'M' 'M' 'U' 'M' 'M' 'M' 'M' 'U' 'M' 'M'
 'M' 'M' 'M' 'M' 'M' 'M' 'M' 'M' 'M' 'U' 'M' 'M' 'M' 'U' 'M' 'M' 'U' 'M'
 'M' 'M' 'M' 'U' 'M' 'M' 'U' 'M' 'M' 'M' 'M' 'M' 'A' 'M' 'M' 'M' 'M' 'M'
 'M' 'M' 'M' 'M' 'M' 'M' 'M' 'M' 'U' 'M' 'M' 'M' 'M' 'M' 'M' 'M' 'M' 'M'
 'M' 'M' 'M' 'M' 'M' 'U' 'U' 'U' 'M' 'U' 'U' 'U' 'U' 'M' 'M' 'M' 'M' 'M'
 'M' 'U' 'M' 'M' 'M' 'U' 'M' 'M' 'M' 'M' 'M' 'M' 'M' 'M' 'M' 'M' 'M' 'M'
 'M' 'M' 'M' 'M' 'M' 'M' 'M' 'M' 'M' 'M' 'M' 'M' 'M' 'M' 'M' 'M' 'M' 'U'
 'U' 'M' 'U' 'U' 'M' 'M' 'M' 'M' 'M' 'M' 'M' 'U' 'M' 'M' 'M' 'M' 'M' 'M']"
94801,0,164,4,160,34,0,0,"['A' 'U' 'M' 'U' 'M' 'M' 'M' 'M' 'M' 'M' 'U' 'M' 'M' 'M' 'M' 'M' 'M' 'M'
 'M' 'M' 'M' 'U' 'M' 'M' 'U' 'M' 'M' 'M' 'A' 'M' 'U' 'M' 'U' 'M' 'M' 'U'
 'M' 'M' 'M' 'M' 'M' 'M' 'M' 'A' 'M' 'M' 'M' 'M' 'M' 'M' 'M' 'M' 'M' 'M'
 'M' 'U' 'M' 'M' 'M' 'M' 'M' 'M' 'M' 'M' 'U' 'M' 'M' 'M' 'M' 'M' 'M' 'M'
 'U' 'M' 'M' 'M' 'M' 'M' 'M' 'M' 'M' 'M' 'M' 'U' 'U' 'M' 'M' 'M' 'M' 'U'
 'M' 'M' 'M' 'M' 'U' 'M' 'U' 'M' 'M' 'U' 'M' 'M' 'U' 'M' 'M' 'M' 'M' 'M'
 'M' 'M' 'M' 'M' 'M' 'M' 'M' 'M' 'U' 'M' 'M' 'M' 'M' 'M' 'M' 'M' 'M' 'M'
 'M' 'M' 'M' 'M' 'M' 'U' 'U' 'U' 'M' 'U' 'A' 'U' 'M' 'M' 'M' 'M' 'M' 'M'
 'M' 'U' 'M' 'M' 'M' 'U' 'M' 'M' 'M' 'M' 'M' 'M' 'M' 'M' 'M' 'M' 'M' 'M'
 'M' 'M' 'M' 'U' 'M' 'M' 'M' 'M' 'M' 'M' 'M' 'M' 'M' 'M' 'M' 'M' 'M' 'U'
 'U' 'M' 'U' 'U' 'M' 'M' 'M' 'M' 'M' 'M' 'M' 'U' 'M' 'M' 'U' 'M' 'M' 'U']"
94901,1,166,4,162,32,0,0,"['A' 'U' 'M' 'M' 'M' 'U' 'U' 'M' 'M' 'M' 'U' 'M' 'M' 'M' 'M' 'M' 'M' 'M'
 'M' 'M' 'M' 'M' 'M' 'M' 'M' 'M' 'M' 'M' 'U' 'M' 'M' 'M' 'M' 'M' 'M' 'U'
 'M' 'M' 'M' 'M' 'M' 'M' 'M' 'A' 'M' 'M' 'M' 'M' 'M' 'M' 'M' 'M' 'M' 'M'
 'M' 'U' 'M' 'M' 'M' 'M' 'M' 'M' 'M' 'M' 'U' 'M' 'M' 'U' 'M' 'M' 'M' 'M'
 'M' 'M' 'M' 'M' 'M' 'M' 'M' 'M' 'M' 'M' 'M' 'M' 'M' 'U' 'U' 'U' 'M' 'M'
 'M' 'M' 'U' 'M' 'M' 'U' 'U' 'M' 'M' 'U' 'M' 'M' 'U' 'M' 'U' 'M' 'M' 'M'
 'M' 'M' 'M' 'M' 'M' 'U' 'M' 'M' 'M' 'M' 'M' 'M' 'M' 'M' 'M' 'M' 'M' 'M'
 'M' 'M' 'M' 'M' 'M' 'M' 'M' 'U' 'U' 'U' 'A' 'U' 'M' 'M' 'M' 'M' 'M' 'U'
 'M' 'M' 'U' 'M' 'M' 'U' 'M' 'M' 'M' 'M' 'M' 'M' 'M' 'M' 'M' 'M' 'M' 'M'
 'M' 'M' 'M' 'M' 'M' 'M' 'M' 'M' 'M' 'M' 'M' 'M' 'M' 'M' 'M' 'M' 'U' 'U'
 'A' 'M' 'U' 'M' 'M' 'M' 'M' 'M' 'U' 'M' 'M' 'M' 'M' 'M' 'U' 'M' 'M' 'U']"
95001,0,163,4,159,35,0,0,"['A' 'U' 'M' 'M' 'M' 'U' 'U' 'M' 'M' 'M' 'U' 'M' 'M' 'M' 'M' 'M' 'M' 'M'
 'M' 'M' 'M' 'M' 'M' 'M' 'M' 'M' 'M' 'M' 'U' 'U' 'M' 'M' 'M' 'M' 'M' 'U'
 'M' 'M' 'M' 'M' 'M' 'M' 'M' 'A' 'M' 'M' 'M' 'M' 'M' 'M' 'M' 'M' 'M' 'M'
 'M' 'U' 'M' 'M' 'M' 'M' 'M' 'M' 'M' 'M' 'U' 'M' 'M' 'M' 'M' 'M' 'M' 'U'
 'M' 'M' 'M' 'U' 'M' 'M' 'M' 'M' 'U' 'M' 'M' 'U' 'M' 'M' 'M' 'M' 'M' 'M'
 'M' 'M' 'M' 'U' 'M' 'U' 'M' 'M' 'M' 'U' 'M' 'M' 'U' 'M' 'M' 'M' 'M' 'M'
 'U' 'M' 'M' 'M' 'M' 'M' 'M' 'M' 'M' 'M' 'U' 'M' 'U' 'M' 'M' 'M' 'M' 'M'
 'M' 'U' 'M' 'M' 'M' 'M' 'M' 'U' 'U' 'U' 'A' 'U' 'M' 'M' 'M' 'M' 'M' 'U'
 'M' 'M' 'U' 'M' 'M' 'U' 'M' 'M' 'M' 'M' 'M' 'M' 'M' 'M' 'M' 'M' 'M' 'M'
 'U' 'M' 'M' 'M' 'M' 'M' 'M' 'M' 'M' 'M' 'M' 'M' 'M' 'M' 'M' 'M' 'M' 'U'
 'A' 'M' 'U' 'M' 'U' 'U' 'M' 'M' 'M' 'M' 'M' 'M' 'M' 'M' 'U' 'M' 'M' 'U']"
95101,0,166,3,163,32,0,1,"['A' 'U' 'M' 'M' 'M' 'M' 'U' 'M' 'M' 'M' 'U' 'M' 'M' 'M' 'M' 'M' 'M' 'M'
 'M' 'M' 'M' 'M' 'M' 'M' 'M' 'M' 'M' 'M' 'U' 'M' 'M' 'M' 'M' 'M' 'M' 'M'
 'M' 'M' 'M' 'M' 'M' 'M' 'M' 'A' 'M' 'M' 'M' 'M' 'M' 'M' 'M' 'M' 'M' 'M'
 'M' 'U' 'M' 'M' 'M' 'M' 'M' 'M' 'M' 'M' 'U' 'M' 'M' 'M' 'M' 'M' 'M' 'M'
 'M' 'M' 'M' 'M' 'U' 'U' 'U' 'M' 'M' 'U' 'M' 'M' 'M' 'U' 'M' 'M' 'M' 'M'
 'M' 'M' 'M' 'M' 'M' 'U' 'M' 'M' 'M' 'U' 'M' 'M' 'U' 'M' 'M' 'M' 'M' 'M'
 'U' 'M' 'M' 'M' 'M' 'M' 'M' 'M' 'M' 'M' 'M' 'M' 'M' 'M' 'M' 'M' 'M' 'M'
 'M' 'U' 'M' 'M' 'M' 'U' 'M' 'U' 'U' 'U' 'U' 'U' 'U' 'M' 'M' 'U' 'M' 'U'
 'M' 'M' 'U' 'M' 'M' 'M' 'M' 'M' 'M' 'M' 'M' 'M' 'M' 'M' 'M' 'M' 'M' 'M'
 'M' 'M' 'U' 'M' 'M' 'M' 'M' 'M' 'M' 'M' 'M' 'M' 'M' 'M' 'M' 'M' 'M' 'U'
 'A' 'M' 'U' 'M' 'U' 'U' 'M' 'M' 'M' 'M' 'M' 'M' 'M' 'M' 'M' 'M' 'M' 'U']"
95201,1,164,4,160,34,0,0,"['A' 'U' 'M' 'M' 'M' 'U' 'U' 'M' 'M' 'M' 'U' 'M' 'M' 'M' 'M' 'M' 'M' 'M'
 'M' 'M' 'M' 'M' 'M' 'M' 'M' 'M' 'M' 'M' 'U' 'M' 'M' 'M' 'M' 'M' 'M' 'M'
 'M' 'M' 'M' 'M' 'M' 'M' 'M' 'A' 'M' 'M' 'M' 'M' 'M' 'M' 'M' 'U' 'M' 'M'
 'M' 'U' 'M' 'M' 'M' 'M' 'M' 'M' 'M' 'M' 'U' 'M' 'M' 'M' 'M' 'M' 'U' 'M'
 'U' 'M' 'M' 'M' 'U' 'M' 'M' 'M' 'M' 'M' 'M' 'M' 'M' 'M' 'U' 'M' 'M' 'M'
 'M' 'M' 'M' 'U' 'M' 'U' 'M' 'M' 'M' 'U' 'M' 'M' 'A' 'M' 'M' 'M' 'M' 'M'
 'M' 'M' 'M' 'M' 'M' 'M' 'M' 'M' 'M' 'M' 'M' 'M' 'M' 'M' 'M' 'M' 'M' 'M'
 'M' 'M' 'M' 'M' 'M' 'U' 'U' 'U' 'U' 'U' 'U' 'U' 'U' 'M' 'M' 'U' 'M' 'U'
 'M' 'M' 'U' 'M' 'M' 'M' 'M' 'M' 'M' 'M' 'U' 'M' 'M' 'M' 'M' 'M' 'U' 'M'
 'M' 'M' 'U' 'M' 'M' 'M' 'M' 'M' 'M' 'M' 'M' 'M' 'M' 'M' 'M' 'M' 'M' 'U'
 'A' 'M' 'U' 'M' 'U' 'M' 'M' 'M' 'M' 'M' 'M' 'M' 'M' 'M' 'M' 'M' 'U' 'U']"
95301,0,162,2,160,36,0,0,"['A' 'U' 'M' 'M' 'M' 'U' 'U' 'M' 'M' 'M' 'U' 'M' 'M' 'M' 'M' 'M' 'M' 'M'
 'M' 'M' 'M' 'M' 'M' 'M' 'M' 'M' 'M' 'M' 'U' 'U' 'M' 'M' 'M' 'M' 'M' 'M'
 'M' 'M' 'M' 'M' 'M' 'U' 'M' 'U' 'M' 'M' 'M' 'M' 'M' 'M' 'M' 'M' 'M' 'M'
 'M' 'U' 'M' 'M' 'M' 'M' 'U' 'M' 'M' 'M' 'M' 'M' 'U' 'M' 'M' 'U' 'M' 'M'
 'M' 'U' 'M' 'M' 'M' 'M' 'M' 'U' 'M' 'M' 'M' 'M' 'M' 'U' 'M' 'M' 'M' 'M'
 'M' 'M' 'M' 'M' 'M' 'U' 'M' 'M' 'M' 'U' 'U' 'M' 'U' 'M' 'M' 'M' 'M' 'M'
 'M' 'M' 'M' 'M' 'M' 'M' 'M' 'M' 'M' 'M' 'M' 'M' 'A' 'M' 'M' 'M' 'M' 'M'
 'M' 'M' 'M' 'M' 'M' 'U' 'U' 'U' 'U' 'M' 'U' 'U' 'U' 'M' 'M' 'U' 'M' 'U'
 'M' 'M' 'M' 'M' 'M' 'M' 'M' 'M' 'M' 'M' 'U' 'M' 'M' 'M' 'M' 'M' 'M' 'M'
 'M' 'M' 'U' 'M' 'M' 'M' 'M' 'M' 'M' 'M' 'M' 'M' 'M' 'M' 'M' 'M' 'M' 'U'
 'U' 'M' 'U' 'M' 'U' 'M' 'M' 'M' 'M' 'M' 'M' 'M' 'M' 'M' 'M' 'M' 'U' 'U']"
95401,0,167,4,163,31,0,0,"['A' 'A' 'M' 'M' 'M' 'U' 'U' 'M' 'U' 'M' 'U' 'M' 'M' 'M' 'M' 'M' 'M' 'M'
 'M' 'M' 'M' 'M' 'M' 'M' 'M' 'M' 'M' 'M' 'U' 'U' 'M' 'M' 'M' 'M' 'M' 'M'
 'M' 'M' 'M' 'M' 'M' 'U' 'M' 'U' 'M' 'M' 'M' 'M' 'M' 'M' 'M' 'M' 'M' 'M'
 'M' 'U' 'M' 'M' 'M' 'M' 'U' 'M' 'M' 'M' 'M' 'M' 'M' 'M' 'M' 'M' 'M' 'M'
 'M' 'M' 'M' 'M' 'M' 'M' 'M' 'M' 'M' 'M' 'M' 'M' 'M' 'M' 'M' 'M' 'U' 'U'
 'U' 'M' 'U' 'U' 'M' 'M' 'M' 'M' 'M' 'A' 'U' 'M' 'M' 'M' 'M' 'M' 'M' 'M'
 'M' 'M' 'M' 'M' 'M' 'U' 'M' 'M' 'M' 'M' 'M' 'M' 'U' 'M' 'M' 'M' 'M' 'M'
 'M' 'M' 'M' 'M' 'U' 'M' 'U' 'M' 'U' 'U' 'U' 'U' 'U' 'M' 'M' 'U' 'M' 'U'
 'M' 'M' 'M' 'M' 'M' 'M' 'M' 'M' 'M' 'M' 'U' 'M' 'U' 'M' 'M' 'M' 'M' 'M'
 'M' 'M' 'M' 'M' 'M' 'M' 'M' 'M' 'M' 'M' 'M' 'M' 'M' 'M' 'M' 'M' 'M' 'A'
 'U' 'M' 'M' 'M' 'M' 'M' 'M' 'M' 'M' 'M' 'M' 'M' 'M' 'M' 'M' 'M' 'M' 'U']"
95501,0,167,5,162,31,0,0,"['A' 'A' 'M' 'M' 'M' 'U' 'U' 'M' 'U' 'M' 'U' 'U' 'M' 'M' 'M' 'M' 'M' 'M'
 'M' 'M' 'M' 'M' 'M' 'M' 'M' 'M' 'M' 'M' 'U' 'U' 'M' 'M' 'M' 'M' 'M' 'M'
 'M' 'M' 'M' 'M' 'M' 'U' 'M' 'U' 'M' 'M' 'M' 'M' 'M' 'M' 'M' 'M' 'M' 'M'
 'M' 'U' 'M' 'M' 'M' 'M' 'U' 'M' 'M' 'U' 'M' 'M' 'U' 'U' 'M' 'M' 'M' 'U'
 'M' 'M' 'M' 'M' 'M' 'M' 'M' 'M' 'M' 'M' 'M' 'M' 'U' 'U' 'M' 'M' 'M' 'M'
 'M' 'M' 'M' 'M' 'M' 'M' 'M' 'M' 'M' 'A' 'M' 'M' 'M' 'M' 'M' 'M' 'U' 'M'
 'M' 'M' 'M' 'M' 'M' 'M' 'M' 'M' 'M' 'M' 'M' 'M' 'M' 'M' 'M' 'M' 'M' 'M'
 'M' 'M' 'M' 'M' 'U' 'M' 'U' 'U' 'U' 'M' 'M' 'U' 'M' 'M' 'M' 'U' 'U' 'U'
 'A' 'M' 'M' 'M' 'M' 'M' 'M' 'M' 'M' 'M' 'U' 'M' 'U' 'M' 'M' 'M' 'M' 'M'
 'M' 'M' 'M' 'M' 'M' 'M' 'M' 'M' 'M' 'M' 'M' 'M' 'M' 'M' 'U' 'M' 'M' 'A'
 'U' 'M' 'M' 'M' 'M' 'M' 'M' 'M' 'M' 'M' 'M' 'M' 'M' 'U' 'M' 'M' 'M' 'M']"
95601,1,155,6,149,43,0,0,"['A' 'A' 'M' 'M' 'M' 'U' 'U' 'M' 'U' 'U' 'U' 'A' 'M' 'M' 'M' 'M' 'M' 'M'
 'M' 'M' 'M' 'M' 'M' 'M' 'M' 'M' 'M' 'M' 'U' 'U' 'M' 'M' 'M' 'U' 'M' 'M'
 'M' 'M' 'M' 'M' 'M' 'U' 'M' 'U' 'M' 'M' 'M' 'M' 'M' 'M' 'M' 'M' 'M' 'M'
 'M' 'U' 'M' 'M' 'M' 'M' 'M' 'M' 'M' 'U' 'M' 'M' 'M' 'M' 'U' 'M' 'M' 'M'
 'M' 'M' 'M' 'U' 'U' 'M' 'M' 'M' 'M' 'M' 'U' 'M' 'M' 'M' 'M' 'M' 'M' 'M'
 'M' 'M' 'M' 'U' 'M' 'M' 'M' 'M' 'M' 'A' 'M' 'M' 'M' 'M' 'M' 'U' 'U' 'M'
 'M' 'M' 'M' 'M' 'M' 'M' 'M' 'U' 'M' 'M' 'M' 'M' 'M' 'M' 'M' 'M' 'M' 'M'
 'M' 'M' 'M' 'M' 'U' 'U' 'U' 'U' 'U' 'U' 'U' 'U' 'M' 'M' 'M' 'U' 'U' 'U'
 'A' 'M' 'M' 'M' 'M' 'M' 'M' 'M' 'U' 'M' 'U' 'M' 'M' 'U' 'M' 'M' 'U' 'M'
 'U' 'M' 'M' 'M' 'M' 'M' 'U' 'U' 'M' 'M' 'M' 'U' 'M' 'M' 'U' 'M' 'M' 'A'
 'M' 'U' 'M' 'M' 'M' 'M' 'M' 'M' 'M' 'M' 'M' 'M' 'M' 'U' 'M' 'M' 'U' 'M']"
95701,0,151,3,148,47,0,0,"['A' 'U' 'M' 'M' 'M' 'U' 'M' 'M' 'U' 'U' 'U' 'A' 'M' 'M' 'M' 'M' 'M' 'M'
 'M' 'M' 'M' 'M' 'M' 'M' 'M' 'M' 'M' 'M' 'U' 'M' 'M' 'M' 'M' 'U' 'M' 'M'
 'M' 'M' 'M' 'M' 'M' 'U' 'M' 'U' 'M' 'M' 'M' 'M' 'M' 'M' 'M' 'M' 'M' 'M'
 'M' 'U' 'M' 'M' 'M' 'M' 'M' 'M' 'M' 'M' 'M' 'M' 'M' 'M' 'M' 'U' 'U' 'M'
 'U' 'M' 'M' 'M' 'M' 'M' 'M' 'M' 'M' 'M' 'M' 'M' 'M' 'U' 'M' 'M' 'M' 'U'
 'M' 'M' 'M' 'M' 'M' 'M' 'M' 'U' 'M' 'U' 'M' 'M' 'M' 'M' 'M' 'U' 'U' 'M'
 'M' 'M' 'M' 'M' 'M' 'M' 'M' 'M' 'M' 'M' 'U' 'M' 'M' 'M' 'M' 'M' 'M' 'U'
 'M' 'M' 'M' 'M' 'U' 'M' 'U' 'U' 'U' 'U' 'U' 'U' 'U' 'M' 'M' 'U' 'U' 'U'
 'A' 'M' 'M' 'M' 'M' 'M' 'M' 'M' 'U' 'M' 'U' 'M' 'M' 'U' 'M' 'M' 'U' 'M'
 'M' 'M' 'U' 'M' 'M' 'U' 'U' 'U' 'M' 'M' 'M' 'U' 'M' 'M' 'U' 'M' 'M' 'U'
 'M' 'U' 'M' 'M' 'M' 'M' 'M' 'M' 'M' 'M' 'M' 'M' 'M' 'U' 'U' 'M' 'U' 'M']"
95801,0,146,3,143,52,0,0,"['A' 'U' 'M' 'U' 'M' 'U' 'M' 'M' 'U' 'U' 'U' 'U' 'U' 'M' 'M' 'M' 'M' 'M'
 'M' 'M' 'M' 'M' 'M' 'M' 'M' 'M' 'M' 'M' 'M' 'M' 'M' 'M' 'M' 'U' 'M' 'M'
 'M' 'M' 'M' 'M' 'M' 'U' 'M' 'U' 'M' 'M' 'M' 'M' 'M' 'M' 'M' 'M' 'M' 'M'
 'M' 'U' 'M' 'M' 'M' 'M' 'M' 'U' 'U' 'M' 'U' 'U' 'M' 'M' 'M' 'M' 'M' 'U'
 'M' 'M' 'U' 'M' 'M' 'M' 'M' 'M' 'M' 'U' 'M' 'M' 'M' 'M' 'M' 'M' 'M' 'M'
 'U' 'M' 'M' 'M' 'M' 'M' 'M' 'U' 'M' 'U' 'U' 'M' 'U' 'U' 'M' 'U' 'U' 'M'
 'M' 'M' 'M' 'M' 'M' 'M' 'M' 'M' 'M' 'M' 'U' 'M' 'M' 'M' 'M' 'M' 'M' 'U'
 'M' 'M' 'M' 'M' 'U' 'M' 'U' 'U' 'U' 'U' 'U' 'U' 'U' 'M' 'M' 'M' 'U' 'U'
 'A' 'M' 'M' 'M' 'M' 'M' 'M' 'M' 'M' 'M' 'U' 'M' 'M' 'A' 'U' 'M' 'U' 'M'
 'M' 'M' 'U' 'M' 'M' 'U' 'U' 'U' 'M' 'M' 'M' 'U' 'M' 'M' 'M' 'M' 'M' 'U'
 'M' 'U' 'M' 'M' 'M' 'M' 'M' 'M' 'M' 'M' 'M' 'M' 'M' 'U' 'U' 'M' 'U' 'M']"
95901,0,154,2,152,44,0,1,"['A' 'M' 'M' 'M' 'M' 'U' 'M' 'M' 'U' 'U' 'U' 'M' 'U' 'M' 'M' 'M' 'M' 'M'
 'M' 'M' 'M' 'M' 'M' 'M' 'M' 'U' 'M' 'M' 'M' 'M' 'M' 'M' 'M' 'U' 'M' 'M'
 'M' 'M' 'M' 'M' 'M' 'U' 'M' 'U' 'M' 'M' 'M' 'M' 'M' 'M' 'M' 'M' 'M' 'M'
 'M' 'U' 'M' 'M' 'M' 'M' 'M' 'U' 'M' 'M' 'U' 'M' 'M' 'M' 'M' 'M' 'M' 'M'
 'U' 'M' 'M' 'M' 'M' 'U' 'M' 'M' 'M' 'M' 'M' 'M' 'M' 'U' 'M' 'U' 'M' 'M'
 'M' 'U' 'M' 'M' 'M' 'M' 'M' 'M' 'M' 'U' 'M' 'M' 'U' 'U' 'M' 'U' 'U' 'M'
 'M' 'M' 'M' 'M' 'M' 'M' 'M' 'M' 'M' 'M' 'U' 'M' 'M' 'M' 'M' 'M' 'M' 'U'
 'M' 'M' 'U' 'M' 'U' 'M' 'M' 'M' 'M' 'U' 'U' 'U' 'M' 'M' 'M' 'M' 'U' 'U'
 'A' 'M' 'M' 'M' 'M' 'U' 'M' 'M' 'M' 'M' 'U' 'M' 'M' 'U' 'U' 'M' 'M' 'M'
 'M' 'M' 'U' 'M' 'M' 'U' 'M' 'U' 'M' 'M' 'M' 'U' 'M' 'M' 'M' 'M' 'M' 'U'
 'M' 'U' 'M' 'M' 'M' 'U' 'U' 'M' 'M' 'M' 'M' 'M' 'M' 'M' 'M' 'M' 'U' 'M']"
96001,0,158,2,156,40,0,0,"['A' 'M' 'M' 'M' 'M' 'U' 'M' 'M' 'M' 'M' 'M' 'M' 'U' 'M' 'M' 'M' 'M' 'M'
 'M' 'M' 'M' 'M' 'M' 'M' 'M' 'U' 'U' 'M' 'M' 'M' 'M' 'M' 'M' 'U' 'M' 'M'
 'M' 'M' 'M' 'U' 'M' 'U' 'M' 'U' 'M' 'M' 'M' 'M' 'M' 'M' 'M' 'M' 'M' 'M'
 'M' 'U' 'M' 'M' 'M' 'M' 'M' 'M' 'M' 'M' 'U' 'M' 'M' 'U' 'U' 'M' 'M' 'M'
 'M' 'M' 'M' 'M' 'U' 'M' 'M' 'M' 'M' 'U' 'M' 'M' 'U' 'M' 'M' 'M' 'M' 'M'
 'M' 'M' 'M' 'M' 'M' 'M' 'M' 'M' 'M' 'U' 'M' 'M' 'U' 'U' 'M' 'M' 'M' 'M'
 'M' 'M' 'M' 'U' 'U' 'M' 'M' 'M' 'M' 'M' 'M' 'M' 'M' 'M' 'M' 'M' 'M' 'U'
 'M' 'M' 'U' 'M' 'U' 'M' 'M' 'M' 'M' 'U' 'A' 'U' 'M' 'M' 'M' 'M' 'M' 'U'
 'M' 'M' 'M' 'U' 'U' 'M' 'M' 'M' 'M' 'M' 'U' 'M' 'M' 'U' 'M' 'M' 'M' 'M'
 'M' 'M' 'U' 'M' 'M' 'U' 'M' 'U' 'M' 'M' 'M' 'U' 'U' 'M' 'M' 'M' 'M' 'U'
 'M' 'U' 'M' 'M' 'M' 'U' 'U' 'M' 'M' 'M' 'M' 'M' 'M' 'M' 'M' 'M' 'U' 'M']"
96101,0,170,3,167,28,0,0,"['A' 'M' 'M' 'M' 'M' 'U' 'M' 'M' 'M' 'M' 'M' 'M' 'U' 'M' 'M' 'M' 'M' 'M'
 'M' 'M' 'M' 'M' 'M' 'M' 'M' 'U' 'M' 'M' 'M' 'M' 'M' 'M' 'M' 'M' 'M' 'M'
 'M' 'M' 'M' 'U' 'M' 'M' 'M' 'U' 'M' 'M' 'U' 'M' 'M' 'M' 'M' 'M' 'M' 'M'
 'M' 'M' 'M' 'M' 'M' 'M' 'M' 'M' 'M' 'M' 'U' 'M' 'M' 'M' 'M' 'M' 'M' 'U'
 'M' 'M' 'M' 'M' 'U' 'M' 'M' 'U' 'M' 'M' 'M' 'M' 'M' 'U' 'M' 'M' 'M' 'M'
 'U' 'M' 'M' 'M' 'M' 'M' 'M' 'M' 'M' 'M' 'M' 'M' 'U' 'U' 'M' 'M' 'M' 'M'
 'M' 'M' 'M' 'U' 'M' 'M' 'M' 'M' 'M' 'M' 'M' 'M' 'M' 'M' 'M' 'M' 'M' 'U'
 'M' 'M' 'A' 'M' 'U' 'M' 'M' 'M' 'M' 'M' 'A' 'U' 'M' 'M' 'M' 'M' 'M' 'M'
 'M' 'M' 'M' 'M' 'U' 'M' 'M' 'M' 'M' 'M' 'M' 'M' 'M' 'U' 'M' 'M' 'M' 'M'
 'M' 'M' 'U' 'M' 'M' 'U' 'M' 'U' 'M' 'M' 'M' 'U' 'U' 'U' 'M' 'M' 'M' 'U'
 'M' 'U' 'M' 'M' 'M' 'M' 'M' 'M' 'M' 'M' 'M' 'M' 'M' 'M' 'M' 'M' 'M' 'M']"
96201,0,175,3,172,23,0,0,"['A' 'U' 'M' 'M' 'M' 'M' 'M' 'M' 'M' 'M' 'M' 'U' 'U' 'M' 'M' 'M' 'M' 'M'
 'M' 'M' 'U' 'U' 'M' 'M' 'M' 'M' 'M' 'M' 'M' 'M' 'M' 'M' 'M' 'M' 'M' 'M'
 'M' 'M' 'M' 'U' 'M' 'M' 'M' 'U' 'M' 'M' 'M' 'M' 'M' 'M' 'M' 'M' 'M' 'M'
 'M' 'M' 'M' 'M' 'M' 'M' 'M' 'M' 'M' 'M' 'M' 'M' 'M' 'M' 'U' 'M' 'M' 'M'
 'M' 'U' 'M' 'M' 'M' 'M' 'M' 'M' 'M' 'M' 'U' 'M' 'M' 'U' 'M' 'M' 'U' 'M'
 'M' 'M' 'M' 'M' 'M' 'M' 'M' 'M' 'M' 'M' 'M' 'M' 'U' 'M' 'M' 'M' 'M' 'U'
 'M' 'M' 'M' 'U' 'M' 'M' 'M' 'M' 'U' 'M' 'M' 'M' 'M' 'M' 'M' 'M' 'M' 'U'
 'M' 'M' 'A' 'M' 'M' 'M' 'M' 'M' 'M' 'M' 'A' 'M' 'M' 'M' 'M' 'M' 'M' 'M'
 'M' 'M' 'M' 'M' 'U' 'M' 'M' 'M' 'M' 'M' 'M' 'M' 'M' 'U' 'M' 'M' 'M' 'M'
 'M' 'M' 'M' 'M' 'M' 'M' 'M' 'U' 'M' 'M' 'M' 'U' 'M' 'U' 'M' 'M' 'M' 'M'
 'M' 'U' 'M' 'M' 'M' 'M' 'M' 'M' 'M' 'M' 'M' 'M' 'M' 'M' 'M' 'M' 'M' 'M']"
96301,1,168,5,163,30,0,1,"['A' 'U' 'M' 'M' 'M' 'M' 'M' 'M' 'M' 'M' 'M' 'U' 'U' 'M' 'M' 'M' 'M' 'M'
 'M' 'M' 'U' 'M' 'M' 'M' 'M' 'M' 'M' 'M' 'M' 'M' 'M' 'M' 'M' 'M' 'M' 'M'
 'M' 'M' 'M' 'U' 'U' 'M' 'M' 'M' 'M' 'U' 'M' 'M' 'M' 'M' 'M' 'M' 'M' 'U'
 'M' 'M' 'M' 'M' 'M' 'M' 'M' 'M' 'M' 'M' 'M' 'M' 'U' 'M' 'U' 'M' 'M' 'M'
 'M' 'M' 'U' 'M' 'M' 'M' 'M' 'M' 'U' 'M' 'M' 'M' 'M' 'M' 'U' 'M' 'M' 'M'
 'M' 'M' 'M' 'M' 'M' 'M' 'M' 'M' 'M' 'U' 'M' 'M' 'M' 'M' 'M' 'M' 'M' 'A'
 'M' 'M' 'M' 'U' 'M' 'M' 'M' 'M' 'U' 'M' 'M' 'M' 'M' 'M' 'M' 'M' 'M' 'M'
 'M' 'M' 'A' 'M' 'M' 'M' 'U' 'U' 'M' 'M' 'A' 'M' 'M' 'M' 'M' 'M' 'M' 'U'
 'U' 'M' 'M' 'M' 'U' 'M' 'M' 'M' 'M' 'M' 'M' 'M' 'M' 'U' 'M' 'M' 'M' 'M'
 'M' 'U' 'U' 'M' 'M' 'M' 'M' 'U' 'M' 'M' 'U' 'U' 'M' 'A' 'M' 'M' 'M' 'M'
 'M' 'U' 'U' 'M' 'M' 'M' 'M' 'M' 'M' 'M' 'M' 'U' 'M' 'M' 'M' 'M' 'M' 'M']"
96401,1,157,3,154,41,0,1,"['A' 'U' 'M' 'M' 'M' 'M' 'M' 'M' 'M' 'M' 'M' 'U' 'U' 'U' 'M' 'M' 'M' 'M'
 'M' 'M' 'U' 'M' 'U' 'M' 'M' 'M' 'M' 'M' 'M' 'M' 'M' 'U' 'M' 'M' 'M' 'M'
 'M' 'M' 'M' 'U' 'M' 'M' 'M' 'M' 'M' 'U' 'M' 'M' 'M' 'M' 'M' 'M' 'M' 'U'
 'M' 'M' 'M' 'M' 'M' 'M' 'M' 'M' 'M' 'M' 'M' 'M' 'M' 'M' 'M' 'M' 'M' 'M'
 'M' 'U' 'M' 'M' 'M' 'U' 'U' 'M' 'M' 'M' 'M' 'U' 'M' 'M' 'M' 'M' 'M' 'U'
 'M' 'M' 'M' 'M' 'M' 'M' 'M' 'M' 'U' 'U' 'M' 'M' 'U' 'M' 'M' 'M' 'M' 'U'
 'M' 'U' 'U' 'U' 'M' 'M' 'M' 'M' 'M' 'M' 'M' 'M' 'M' 'M' 'M' 'M' 'M' 'M'
 'M' 'M' 'A' 'M' 'M' 'M' 'M' 'U' 'U' 'U' 'U' 'U' 'U' 'M' 'M' 'M' 'M' 'U'
 'U' 'M' 'M' 'M' 'M' 'M' 'M' 'M' 'M' 'M' 'M' 'M' 'M' 'U' 'M' 'M' 'U' 'M'
 'M' 'U' 'U' 'M' 'M' 'U' 'M' 'U' 'U' 'M' 'U' 'M' 'M' 'A' 'M' 'M' 'M' 'M'
 'M' 'U' 'U' 'M' 'M' 'M' 'M' 'M' 'M' 'M' 'M' 'M' 'M' 'M' 'M' 'M' 'U' 'M']"
96501,0,163,4,159,35,0,0,"['A' 'U' 'M' 'M' 'M' 'M' 'M' 'M' 'M' 'M' 'M' 'U' 'U' 'U' 'M' 'M' 'M' 'M'
 'M' 'M' 'U' 'M' 'U' 'M' 'M' 'M' 'M' 'M' 'M' 'M' 'M' 'M' 'M' 'M' 'M' 'M'
 'M' 'M' 'M' 'U' 'M' 'M' 'M' 'M' 'M' 'M' 'M' 'M' 'M' 'M' 'U' 'M' 'M' 'U'
 'M' 'M' 'M' 'M' 'M' 'M' 'M' 'M' 'M' 'M' 'M' 'M' 'M' 'U' 'M' 'M' 'M' 'M'
 'M' 'M' 'U' 'M' 'U' 'M' 'M' 'U' 'M' 'M' 'M' 'M' 'M' 'M' 'M' 'M' 'M' 'M'
 'M' 'M' 'M' 'M' 'U' 'M' 'M' 'M' 'U' 'M' 'M' 'M' 'U' 'M' 'M' 'M' 'M' 'U'
 'M' 'U' 'U' 'U' 'M' 'M' 'M' 'M' 'U' 'M' 'M' 'M' 'M' 'M' 'M' 'M' 'M' 'M'
 'M' 'M' 'A' 'M' 'M' 'U' 'M' 'U' 'A' 'U' 'U' 'M' 'U' 'M' 'M' 'M' 'U' 'U'
 'M' 'M' 'M' 'M' 'M' 'M' 'M' 'M' 'M' 'M' 'M' 'M' 'M' 'U' 'M' 'M' 'U' 'M'
 'M' 'U' 'M' 'M' 'M' 'U' 'M' 'U' 'M' 'M' 'M' 'M' 'M' 'A' 'M' 'M' 'M' 'M'
 'M' 'M' 'U' 'M' 'M' 'M' 'M' 'M' 'M' 'M' 'M' 'M' 'M' 'M' 'M' 'M' 'U' 'M']"
96601,0,156,3,153,42,0,0,"['A' 'U' 'M' 'M' 'M' 'M' 'M' 'U' 'M' 'M' 'U' 'U' 'U' 'U' 'M' 'M' 'M' 'M'
 'M' 'M' 'U' 'M' 'M' 'M' 'M' 'M' 'M' 'M' 'M' 'M' 'M' 'M' 'M' 'M' 'M' 'M'
 'M' 'M' 'M' 'M' 'M' 'M' 'M' 'M' 'M' 'M' 'M' 'M' 'M' 'M' 'U' 'U' 'M' 'A'
 'U' 'M' 'M' 'M' 'M' 'M' 'U' 'M' 'M' 'U' 'M' 'M' 'M' 'M' 'M' 'M' 'U' 'U'
 'M' 'M' 'M' 'M' 'M' 'M' 'M' 'U' 'M' 'M' 'M' 'M' 'M' 'M' 'M' 'M' 'M' 'U'
 'M' 'M' 'M' 'U' 'M' 'M' 'M' 'M' 'M' 'M' 'M' 'M' 'M' 'M' 'M' 'U' 'U' 'U'
 'M' 'U' 'U' 'U' 'M' 'M' 'M' 'M' 'U' 'M' 'U' 'M' 'M' 'M' 'M' 'M' 'M' 'M'
 'M' 'M' 'U' 'M' 'M' 'U' 'M' 'U' 'A' 'U' 'M' 'M' 'U' 'M' 'M' 'M' 'U' 'U'
 'M' 'M' 'M' 'M' 'M' 'M' 'M' 'M' 'M' 'M' 'M' 'M' 'M' 'U' 'U' 'M' 'U' 'M'
 'M' 'U' 'M' 'M' 'M' 'U' 'M' 'U' 'M' 'M' 'M' 'M' 'M' 'U' 'M' 'M' 'M' 'M'
 'M' 'M' 'U' 'M' 'M' 'M' 'M' 'U' 'M' 'M' 'M' 'M' 'M' 'M' 'M' 'M' 'U' 'M']"
96701,0,149,3,146,49,0,1,"['A' 'U' 'M' 'M' 'M' 'M' 'M' 'U' 'M' 'M' 'U' 'M' 'U' 'U' 'M' 'M' 'M' 'M'
 'M' 'M' 'U' 'M' 'M' 'M' 'M' 'M' 'M' 'U' 'M' 'M' 'M' 'M' 'M' 'M' 'M' 'U'
 'M' 'M' 'M' 'M' 'M' 'M' 'M' 'M' 'M' 'M' 'M' 'M' 'M' 'M' 'U' 'M' 'M' 'A'
 'U' 'M' 'M' 'M' 'U' 'M' 'U' 'M' 'M' 'U' 'M' 'M' 'M' 'M' 'M' 'U' 'M' 'M'
 'M' 'M' 'U' 'M' 'U' 'M' 'M' 'M' 'M' 'M' 'M' 'M' 'U' 'M' 'U' 'M' 'M' 'M'
 'M' 'M' 'M' 'M' 'M' 'M' 'M' 'M' 'M' 'M' 'M' 'M' 'M' 'M' 'M' 'M' 'U' 'U'
 'M' 'U' 'U' 'M' 'M' 'M' 'M' 'M' 'U' 'M' 'U' 'M' 'M' 'M' 'M' 'M' 'M' 'M'
 'M' 'M' 'U' 'M' 'M' 'U' 'U' 'U' 'A' 'U' 'U' 'U' 'U' 'M' 'M' 'U' 'U' 'M'
 'M' 'M' 'M' 'M' 'M' 'U' 'M' 'M' 'M' 'M' 'U' 'M' 'M' 'U' 'U' 'M' 'U' 'M'
 'M' 'U' 'M' 'M' 'M' 'U' 'M' 'U' 'M' 'U' 'M' 'M' 'M' 'U' 'M' 'M' 'M' 'M'
 'M' 'M' 'U' 'M' 'M' 'M' 'M' 'U' 'U' 'M' 'M' 'M' 'M' 'M' 'M' 'U' 'U' 'M']"
96801,0,149,4,145,49,0,0,"['A' 'U' 'M' 'M' 'M' 'M' 'M' 'U' 'M' 'M' 'U' 'M' 'U' 'U' 'M' 'M' 'M' 'M'
 'M' 'M' 'U' 'M' 'M' 'M' 'M' 'M' 'M' 'U' 'M' 'M' 'M' 'M' 'M' 'M' 'M' 'U'
 'M' 'M' 'M' 'M' 'M' 'M' 'M' 'M' 'M' 'M' 'M' 'M' 'U' 'M' 'U' 'M' 'M' 'U'
 'U' 'M' 'M' 'U' 'U' 'M' 'U' 'M' 'M' 'U' 'M' 'M' 'M' 'M' 'M' 'M' 'U' 'U'
 'M' 'M' 'M' 'U' 'M' 'M' 'M' 'U' 'M' 'M' 'M' 'M' 'M' 'M' 'M' 'M' 'M' 'M'
 'M' 'M' 'M' 'U' 'M' 'M' 'M' 'M' 'M' 'M' 'M' 'M' 'M' 'M' 'M' 'M' 'M' 'U'
 'M' 'U' 'U' 'M' 'M' 'M' 'M' 'M' 'M' 'M' 'A' 'M' 'M' 'M' 'M' 'U' 'M' 'M'
 'M' 'M' 'U' 'M' 'M' 'M' 'U' 'A' 'A' 'U' 'M' 'U' 'U' 'M' 'M' 'U' 'U' 'M'
 'M' 'M' 'M' 'M' 'M' 'U' 'M' 'M' 'M' 'M' 'U' 'U' 'M' 'U' 'U' 'M' 'M' 'M'
 'M' 'U' 'M' 'M' 'M' 'U' 'U' 'U' 'M' 'U' 'M' 'M' 'M' 'U' 'M' 'M' 'M' 'M'
 'U' 'M' 'U' 'M' 'M' 'M' 'M' 'M' 'U' 'M' 'M' 'M' 'M' 'U' 'M' 'U' 'U' 'M']"
96901,0,156,7,149,42,0,0,"['A' 'U' 'M' 'M' 'M' 'M' 'M' 'U' 'M' 'M' 'M' 'M' 'U' 'U' 'M' 'M' 'M' 'M'
 'M' 'M' 'A' 'M' 'M' 'M' 'M' 'M' 'M' 'U' 'M' 'M' 'M' 'M' 'M' 'M' 'M' 'U'
 'M' 'M' 'M' 'M' 'M' 'M' 'M' 'M' 'M' 'U' 'M' 'M' 'U' 'U' 'U' 'M' 'M' 'U'
 'A' 'M' 'M' 'M' 'U' 'M' 'M' 'M' 'M' 'U' 'M' 'M' 'M' 'M' 'M' 'M' 'M' 'M'
 'U' 'M' 'M' 'M' 'M' 'M' 'M' 'M' 'M' 'M' 'U' 'M' 'U' 'M' 'M' 'M' 'M' 'M'
 'U' 'M' 'M' 'U' 'M' 'M' 'M' 'M' 'M' 'M' 'M' 'U' 'M' 'M' 'M' 'M' 'M' 'U'
 'M' 'U' 'M' 'M' 'M' 'M' 'M' 'U' 'M' 'M' 'A' 'M' 'M' 'M' 'M' 'U' 'M' 'M'
 'M' 'M' 'M' 'M' 'M' 'M' 'U' 'A' 'A' 'U' 'M' 'U' 'U' 'M' 'M' 'U' 'U' 'M'
 'M' 'M' 'M' 'M' 'M' 'M' 'M' 'M' 'M' 'M' 'U' 'M' 'M' 'M' 'U' 'U' 'M' 'M'
 'M' 'U' 'M' 'M' 'M' 'U' 'U' 'M' 'M' 'U' 'M' 'M' 'M' 'M' 'U' 'M' 'M' 'M'
 'U' 'M' 'U' 'M' 'A' 'M' 'M' 'M' 'U' 'M' 'M' 'M' 'M' 'U' 'M' 'U' 'M' 'M']"
97001,0,160,6,154,38,0,0,"['A' 'U' 'M' 'M' 'M' 'M' 'M' 'U' 'M' 'M' 'M' 'U' 'U' 'M' 'M' 'M' 'M' 'M'
 'M' 'M' 'U' 'M' 'M' 'M' 'M' 'M' 'M' 'U' 'M' 'M' 'M' 'M' 'M' 'M' 'M' 'M'
 'M' 'M' 'M' 'M' 'M' 'M' 'M' 'M' 'M' 'U' 'M' 'M' 'U' 'M' 'U' 'M' 'M' 'M'
 'A' 'M' 'M' 'M' 'M' 'M' 'U' 'M' 'M' 'U' 'M' 'U' 'M' 'M' 'M' 'U' 'M' 'M'
 'M' 'M' 'M' 'M' 'M' 'M' 'M' 'M' 'U' 'M' 'U' 'U' 'M' 'M' 'M' 'M' 'M' 'M'
 'M' 'M' 'M' 'M' 'M' 'M' 'M' 'M' 'M' 'M' 'M' 'U' 'M' 'M' 'M' 'M' 'M' 'U'
 'M' 'U' 'M' 'M' 'M' 'M' 'M' 'U' 'M' 'M' 'U' 'M' 'M' 'M' 'M' 'U' 'M' 'M'
 'M' 'M' 'U' 'M' 'M' 'M' 'U' 'A' 'A' 'U' 'U' 'A' 'U' 'M' 'M' 'U' 'M' 'M'
 'M' 'M' 'M' 'M' 'U' 'M' 'M' 'M' 'M' 'M' 'U' 'M' 'M' 'M' 'M' 'M' 'M' 'M'
 'M' 'U' 'U' 'M' 'M' 'M' 'U' 'M' 'M' 'M' 'U' 'M' 'M' 'M' 'U' 'M' 'M' 'M'
 'U' 'M' 'M' 'M' 'A' 'M' 'M' 'M' 'U' 'M' 'M' 'M' 'M' 'M' 'M' 'U' 'M' 'M']"
97101,0,157,6,151,41,0,0,"['A' 'U' 'U' 'M' 'M' 'M' 'M' 'U' 'M' 'M' 'U' 'U' 'U' 'M' 'M' 'M' 'M' 'M'
 'M' 'M' 'M' 'M' 'M' 'M' 'M' 'M' 'M' 'U' 'M' 'M' 'M' 'M' 'U' 'M' 'U' 'M'
 'M' 'M' 'M' 'M' 'M' 'M' 'U' 'M' 'M' 'U' 'M' 'M' 'U' 'U' 'A' 'M' 'M' 'M'
 'A' 'M' 'M' 'M' 'M' 'M' 'M' 'M' 'M' 'U' 'M' 'M' 'M' 'M' 'U' 'M' 'U' 'M'
 'M' 'U' 'M' 'M' 'M' 'M' 'M' 'M' 'M' 'M' 'M' 'M' 'M' 'M' 'M' 'M' 'M' 'M'
 'M' 'U' 'M' 'M' 'U' 'M' 'M' 'M' 'M' 'M' 'M' 'M' 'M' 'M' 'M' 'M' 'U' 'U'
 'M' 'U' 'M' 'U' 'M' 'U' 'U' 'U' 'M' 'M' 'U' 'M' 'M' 'M' 'M' 'M' 'M' 'U'
 'M' 'M' 'U' 'M' 'M' 'M' 'U' 'A' 'A' 'U' 'U' 'A' 'M' 'M' 'M' 'U' 'M' 'M'
 'M' 'M' 'M' 'M' 'M' 'M' 'M' 'M' 'M' 'M' 'M' 'M' 'M' 'M' 'M' 'M' 'M' 'M'
 'M' 'U' 'M' 'M' 'M' 'M' 'U' 'M' 'M' 'U' 'M' 'M' 'M' 'M' 'U' 'M' 'M' 'M'
 'U' 'M' 'M' 'M' 'U' 'M' 'M' 'M' 'U' 'M' 'M' 'M' 'M' 'M' 'M' 'U' 'M' 'M']"
97201,0,157,5,152,41,0,0,"['A' 'U' 'U' 'M' 'M' 'M' 'M' 'U' 'U' 'M' 'U' 'U' 'U' 'M' 'M' 'M' 'M' 'M'
 'M' 'U' 'U' 'M' 'U' 'M' 'M' 'M' 'M' 'U' 'M' 'U' 'M' 'M' 'U' 'M' 'M' 'M'
 'M' 'M' 'M' 'M' 'M' 'M' 'U' 'M' 'M' 'U' 'M' 'M' 'U' 'U' 'A' 'M' 'M' 'M'
 'A' 'M' 'M' 'M' 'M' 'M' 'M' 'M' 'M' 'U' 'M' 'M' 'M' 'U' 'M' 'M' 'M' 'M'
 'M' 'M' 'M' 'M' 'U' 'M' 'M' 'M' 'M' 'M' 'M' 'M' 'M' 'M' 'M' 'M' 'M' 'U'
 'U' 'U' 'M' 'M' 'M' 'M' 'M' 'M' 'M' 'M' 'M' 'M' 'M' 'M' 'M' 'M' 'M' 'M'
 'M' 'U' 'M' 'U' 'M' 'U' 'U' 'U' 'M' 'M' 'U' 'M' 'M' 'M' 'M' 'M' 'M' 'M'
 'M' 'M' 'U' 'M' 'M' 'M' 'M' 'A' 'U' 'M' 'U' 'A' 'M' 'M' 'M' 'U' 'M' 'M'
 'M' 'M' 'M' 'M' 'M' 'M' 'M' 'M' 'M' 'M' 'M' 'M' 'M' 'M' 'M' 'U' 'M' 'M'
 'M' 'U' 'M' 'M' 'M' 'M' 'U' 'M' 'M' 'U' 'M' 'M' 'M' 'M' 'M' 'M' 'M' 'M'
 'U' 'M' 'M' 'M' 'U' 'M' 'M' 'M' 'M' 'M' 'M' 'M' 'U' 'M' 'M' 'U' 'M' 'M']"
97301,0,155,6,149,43,0,0,"['A' 'U' 'U' 'M' 'M' 'U' 'M' 'U' 'U' 'M' 'U' 'U' 'U' 'U' 'M' 'M' 'M' 'M'
 'M' 'U' 'U' 'M' 'U' 'M' 'M' 'M' 'M' 'U' 'M' 'U' 'M' 'M' 'U' 'M' 'M' 'M'
 'M' 'M' 'M' 'M' 'M' 'M' 'U' 'M' 'M' 'M' 'M' 'M' 'U' 'U' 'A' 'M' 'M' 'M'
 'U' 'U' 'M' 'M' 'M' 'M' 'M' 'M' 'M' 'A' 'M' 'M' 'M' 'M' 'M' 'M' 'U' 'M'
 'M' 'M' 'M' 'M' 'M' 'M' 'M' 'M' 'M' 'M' 'U' 'U' 'M' 'M' 'M' 'M' 'M' 'M'
 'M' 'U' 'M' 'U' 'M' 'M' 'M' 'M' 'M' 'M' 'M' 'M' 'M' 'M' 'M' 'M' 'M' 'M'
 'M' 'U' 'M' 'U' 'M' 'U' 'U' 'A' 'M' 'M' 'U' 'U' 'M' 'M' 'M' 'U' 'M' 'M'
 'M' 'M' 'M' 'M' 'M' 'M' 'M' 'A' 'A' 'M' 'U' 'U' 'M' 'M' 'M' 'M' 'M' 'M'
 'M' 'M' 'M' 'M' 'M' 'M' 'M' 'U' 'M' 'M' 'M' 'M' 'M' 'M' 'M' 'U' 'M' 'M'
 'M' 'U' 'M' 'M' 'M' 'M' 'M' 'M' 'M' 'U' 'M' 'M' 'M' 'M' 'M' 'M' 'M' 'M'
 'U' 'U' 'M' 'M' 'U' 'M' 'M' 'M' 'M' 'M' 'M' 'M' 'U' 'M' 'M' 'U' 'M' 'M']"
97401,0,159,7,152,39,0,0,"['A' 'M' 'U' 'M' 'M' 'A' 'M' 'U' 'U' 'M' 'U' 'U' 'M' 'U' 'M' 'M' 'M' 'M'
 'M' 'U' 'U' 'M' 'U' 'M' 'M' 'M' 'M' 'M' 'M' 'U' 'M' 'M' 'U' 'M' 'M' 'M'
 'M' 'M' 'M' 'M' 'M' 'M' 'M' 'M' 'M' 'M' 'M' 'M' 'A' 'M' 'A' 'M' 'M' 'M'
 'U' 'U' 'M' 'M' 'M' 'M' 'M' 'M' 'M' 'A' 'U' 'M' 'M' 'M' 'U' 'M' 'M' 'M'
 'M' 'M' 'M' 'U' 'M' 'M' 'M' 'M' 'M' 'M' 'M' 'M' 'M' 'M' 'U' 'M' 'M' 'M'
 'M' 'M' 'M' 'U' 'U' 'M' 'M' 'M' 'M' 'M' 'M' 'M' 'M' 'M' 'M' 'M' 'M' 'M'
 'M' 'M' 'M' 'M' 'M' 'U' 'U' 'A' 'M' 'M' 'U' 'U' 'M' 'M' 'M' 'U' 'M' 'M'
 'M' 'M' 'M' 'M' 'M' 'M' 'M' 'A' 'M' 'M' 'U' 'U' 'U' 'M' 'M' 'M' 'M' 'M'
 'M' 'M' 'M' 'M' 'M' 'U' 'M' 'M' 'M' 'U' 'U' 'M' 'M' 'M' 'M' 'U' 'M' 'M'
 'M' 'M' 'M' 'M' 'M' 'M' 'M' 'M' 'M' 'U' 'M' 'M' 'M' 'M' 'U' 'M' 'U' 'M'
 'U' 'U' 'M' 'M' 'U' 'M' 'M' 'M' 'M' 'M' 'M' 'M' 'U' 'M' 'M' 'U' 'M' 'M']"
97501,0,163,9,154,35,0,0,"['A' 'M' 'U' 'M' 'M' 'A' 'M' 'M' 'U' 'M' 'M' 'M' 'M' 'U' 'M' 'M' 'M' 'M'
 'M' 'U' 'U' 'M' 'M' 'M' 'M' 'M' 'M' 'M' 'M' 'U' 'M' 'M' 'M' 'M' 'M' 'M'
 'M' 'M' 'U' 'M' 'M' 'M' 'M' 'M' 'M' 'M' 'M' 'M' 'U' 'M' 'A' 'M' 'M' 'M'
 'M' 'U' 'M' 'M' 'M' 'M' 'M' 'M' 'M' 'A' 'U' 'M' 'M' 'M' 'M' 'M' 'M' 'M'
 'M' 'M' 'M' 'M' 'M' 'M' 'M' 'M' 'M' 'U' 'U' 'U' 'U' 'M' 'M' 'M' 'M' 'M'
 'M' 'M' 'M' 'U' 'M' 'M' 'M' 'M' 'M' 'M' 'M' 'M' 'M' 'M' 'M' 'M' 'M' 'M'
 'M' 'M' 'M' 'M' 'M' 'U' 'U' 'A' 'M' 'M' 'U' 'A' 'M' 'M' 'M' 'U' 'M' 'M'
 'M' 'M' 'M' 'M' 'M' 'U' 'U' 'A' 'U' 'U' 'U' 'U' 'U' 'M' 'M' 'M' 'M' 'M'
 'M' 'M' 'M' 'M' 'M' 'A' 'M' 'M' 'M' 'M' 'U' 'M' 'M' 'M' 'M' 'U' 'M' 'M'
 'M' 'M' 'M' 'U' 'M' 'M' 'M' 'M' 'M' 'U' 'M' 'M' 'U' 'M' 'A' 'M' 'M' 'M'
 'U' 'U' 'M' 'M' 'M' 'M' 'M' 'M' 'M' 'M' 'M' 'M' 'U' 'M' 'M' 'U' 'M' 'M']"
97601,0,162,10,152,36,0,0,"['A' 'M' 'U' 'M' 'M' 'A' 'M' 'M' 'M' 'M' 'M' 'M' 'M' 'U' 'M' 'M' 'M' 'M'
 'M' 'U' 'M' 'M' 'M' 'M' 'M' 'M' 'U' 'M' 'M' 'U' 'M' 'M' 'M' 'U' 'M' 'M'
 'M' 'M' 'U' 'M' 'M' 'M' 'M' 'M' 'M' 'M' 'M' 'M' 'A' 'M' 'A' 'M' 'M' 'M'
 'M' 'A' 'M' 'M' 'M' 'M' 'M' 'M' 'M' 'A' 'U' 'M' 'M' 'M' 'M' 'M' 'M' 'M'
 'M' 'U' 'M' 'U' 'M' 'M' 'M' 'M' 'M' 'M' 'M' 'M' 'M' 'U' 'M' 'M' 'M' 'M'
 'M' 'M' 'U' 'M' 'U' 'M' 'U' 'M' 'M' 'M' 'M' 'M' 'M' 'M' 'M' 'M' 'M' 'M'
 'M' 'M' 'M' 'M' 'M' 'U' 'U' 'A' 'M' 'M' 'U' 'A' 'M' 'M' 'M' 'U' 'M' 'M'
 'U' 'M' 'M' 'M' 'M' 'U' 'M' 'A' 'U' 'U' 'M' 'U' 'U' 'M' 'M' 'M' 'M' 'M'
 'M' 'M' 'M' 'M' 'M' 'A' 'M' 'M' 'M' 'M' 'U' 'M' 'M' 'M' 'M' 'U' 'M' 'M'
 'U' 'M' 'M' 'U' 'M' 'M' 'M' 'M' 'M' 'M' 'M' 'M' 'U' 'M' 'U' 'M' 'U' 'M'
 'U' 'U' 'M' 'M' 'M' 'M' 'M' 'U' 'M' 'M' 'M' 'M' 'U' 'M' 'M' 'U' 'M' 'M']"
97701,0,157,7,150,41,0,1,"['A' 'M' 'M' 'M' 'U' 'U' 'M' 'M' 'M' 'M' 'M' 'M' 'M' 'U' 'M' 'M' 'U' 'M'
 'M' 'U' 'M' 'M' 'M' 'M' 'M' 'M' 'U' 'M' 'M' 'U' 'M' 'M' 'M' 'U' 'M' 'M'
 'M' 'M' 'U' 'M' 'M' 'M' 'M' 'M' 'M' 'M' 'U' 'M' 'U' 'M' 'A' 'U' 'M' 'M'
 'M' 'A' 'M' 'M' 'M' 'M' 'M' 'M' 'M' 'A' 'M' 'M' 'M' 'M' 'M' 'M' 'U' 'M'
 'M' 'M' 'U' 'M' 'M' 'M' 'M' 'M' 'U' 'M' 'M' 'M' 'M' 'M' 'M' 'M' 'M' 'M'
 'M' 'U' 'M' 'M' 'U' 'U' 'U' 'M' 'M' 'M' 'M' 'M' 'M' 'M' 'M' 'M' 'M' 'M'
 'M' 'M' 'M' 'M' 'M' 'M' 'U' 'A' 'M' 'M' 'U' 'A' 'M' 'M' 'M' 'U' 'M' 'U'
 'M' 'M' 'M' 'M' 'M' 'U' 'U' 'A' 'M' 'U' 'U' 'U' 'U' 'M' 'M' 'M' 'M' 'M'
 'M' 'U' 'M' 'M' 'M' 'U' 'M' 'M' 'M' 'M' 'U' 'U' 'M' 'M' 'M' 'U' 'M' 'M'
 'M' 'M' 'M' 'U' 'M' 'M' 'M' 'M' 'M' 'M' 'M' 'M' 'U' 'M' 'U' 'M' 'M' 'M'
 'U' 'U' 'M' 'M' 'M' 'M' 'M' 'U' 'M' 'M' 'M' 'M' 'U' 'M' 'M' 'M' 'M' 'M']"
97801,0,159,7,152,39,0,0,"['A' 'M' 'M' 'M' 'A' 'U' 'M' 'M' 'M' 'M' 'M' 'M' 'M' 'U' 'M' 'M' 'U' 'M'
 'M' 'U' 'M' 'M' 'M' 'M' 'M' 'M' 'U' 'M' 'M' 'U' 'M' 'M' 'M' 'M' 'M' 'M'
 'M' 'M' 'U' 'M' 'M' 'M' 'M' 'U' 'M' 'M' 'U' 'M' 'M' 'M' 'A' 'U' 'M' 'M'
 'M' 'U' 'M' 'M' 'U' 'M' 'U' 'M' 'M' 'U' 'M' 'M' 'M' 'M' 'M' 'M' 'M' 'M'
 'M' 'M' 'M' 'M' 'M' 'U' 'M' 'M' 'M' 'U' 'M' 'M' 'M' 'M' 'U' 'M' 'M' 'U'
 'M' 'M' 'U' 'M' 'M' 'U' 'U' 'M' 'M' 'M' 'M' 'M' 'M' 'M' 'M' 'M' 'M' 'M'
 'M' 'M' 'M' 'M' 'M' 'M' 'U' 'A' 'M' 'M' 'U' 'A' 'M' 'M' 'M' 'U' 'M' 'U'
 'M' 'M' 'M' 'M' 'M' 'U' 'M' 'A' 'M' 'U' 'M' 'U' 'M' 'M' 'M' 'M' 'M' 'M'
 'M' 'U' 'U' 'M' 'A' 'U' 'M' 'M' 'M' 'M' 'U' 'U' 'M' 'M' 'M' 'U' 'M' 'M'
 'M' 'M' 'M' 'U' 'U' 'M' 'M' 'M' 'M' 'M' 'M' 'M' 'M' 'M' 'M' 'M' 'M' 'M'
 'U' 'U' 'M' 'M' 'M' 'M' 'M' 'M' 'M' 'M' 'M' 'M' 'U' 'M' 'M' 'M' 'M' 'M']"
97901,0,164,7,157,34,0,0,"['A' 'M' 'M' 'M' 'A' 'U' 'M' 'M' 'M' 'M' 'M' 'M' 'M' 'M' 'M' 'M' 'U' 'M'
 'M' 'U' 'M' 'M' 'M' 'M' 'M' 'U' 'U' 'M' 'M' 'U' 'M' 'M' 'M' 'M' 'M' 'M'
 'M' 'U' 'U' 'M' 'M' 'M' 'M' 'U' 'U' 'M' 'U' 'M' 'M' 'M' 'U' 'M' 'M' 'M'
 'M' 'U' 'M' 'M' 'U' 'M' 'M' 'M' 'M' 'U' 'M' 'M' 'M' 'U' 'M' 'M' 'M' 'M'
 'M' 'M' 'U' 'U' 'M' 'M' 'M' 'U' 'M' 'M' 'M' 'M' 'M' 'M' 'M' 'M' 'U' 'M'
 'M' 'M' 'M' 'M' 'M' 'M' 'M' 'M' 'M' 'M' 'M' 'M' 'M' 'M' 'M' 'M' 'M' 'M'
 'M' 'M' 'M' 'M' 'M' 'M' 'U' 'A' 'M' 'U' 'M' 'A' 'M' 'M' 'M' 'U' 'M' 'U'
 'M' 'M' 'U' 'M' 'M' 'A' 'M' 'M' 'M' 'U' 'M' 'M' 'M' 'M' 'M' 'M' 'M' 'M'
 'M' 'U' 'A' 'M' 'A' 'U' 'M' 'M' 'M' 'M' 'M' 'U' 'M' 'M' 'M' 'U' 'M' 'M'
 'M' 'M' 'M' 'U' 'U' 'M' 'M' 'M' 'M' 'M' 'U' 'M' 'M' 'M' 'M' 'M' 'M' 'M'
 'U' 'M' 'M' 'M' 'M' 'M' 'M' 'M' 'M' 'M' 'M' 'M' 'M' 'M' 'M' 'M' 'M' 'M']"
98001,0,158,4,154,40,0,0,"['A' 'M' 'M' 'M' 'A' 'U' 'M' 'M' 'M' 'M' 'M' 'M' 'M' 'M' 'M' 'M' 'M' 'M'
 'M' 'U' 'M' 'M' 'M' 'M' 'M' 'U' 'M' 'M' 'M' 'U' 'U' 'M' 'M' 'M' 'M' 'M'
 'M' 'U' 'M' 'M' 'M' 'M' 'M' 'M' 'M' 'M' 'U' 'M' 'M' 'M' 'U' 'M' 'M' 'M'
 'M' 'U' 'M' 'M' 'U' 'M' 'M' 'M' 'U' 'U' 'M' 'U' 'M' 'M' 'M' 'M' 'M' 'M'
 'M' 'M' 'M' 'M' 'M' 'M' 'M' 'M' 'M' 'M' 'M' 'U' 'U' 'M' 'U' 'M' 'U' 'M'
 'M' 'M' 'M' 'M' 'M' 'M' 'M' 'M' 'M' 'M' 'M' 'U' 'M' 'M' 'M' 'M' 'M' 'M'
 'M' 'M' 'M' 'M' 'M' 'M' 'U' 'U' 'M' 'U' 'M' 'U' 'M' 'M' 'M' 'U' 'M' 'U'
 'M' 'M' 'U' 'M' 'M' 'A' 'M' 'M' 'M' 'U' 'M' 'M' 'M' 'M' 'M' 'U' 'M' 'M'
 'M' 'U' 'U' 'M' 'A' 'U' 'M' 'M' 'M' 'M' 'M' 'U' 'M' 'M' 'M' 'U' 'M' 'M'
 'U' 'U' 'M' 'M' 'U' 'M' 'M' 'M' 'M' 'M' 'U' 'U' 'M' 'M' 'M' 'M' 'M' 'U'
 'U' 'M' 'M' 'M' 'M' 'M' 'M' 'M' 'M' 'M' 'M' 'M' 'M' 'M' 'U' 'M' 'M' 'M']"
98101,0,156,5,151,42,1,0,"['A' 'M' 'M' 'M' 'A' 'U' 'M' 'A' 'M' 'M' 'M' 'M' 'M' 'M' 'M' 'M' 'M' 'M'
 'M' 'U' 'M' 'M' 'M' 'M' 'M' 'M' 'M' 'M' 'M' 'U' 'U' 'M' 'M' 'M' 'M' 'M'
 'M' 'M' 'M' 'M' 'M' 'M' 'M' 'M' 'M' 'M' 'M' 'M' 'M' 'M' 'U' 'M' 'M' 'M'
 'M' 'M' 'M' 'U' 'U' 'M' 'M' 'M' 'U' 'U' 'M' 'U' 'M' 'M' 'M' 'M' 'M' 'M'
 'M' 'M' 'M' 'M' 'M' 'M' 'M' 'U' 'M' 'M' 'M' 'U' 'M' 'M' 'M' 'M' 'M' 'M'
 'M' 'U' 'M' 'U' 'M' 'M' 'M' 'M' 'M' 'M' 'M' 'U' 'M' 'M' 'M' 'M' 'M' 'M'
 'M' 'M' 'M' 'M' 'M' 'M' 'U' 'U' 'M' 'U' 'M' 'U' 'M' 'M' 'M' 'U' 'M' 'U'
 'M' 'M' 'U' 'M' 'M' 'A' 'M' 'U' 'U' 'U' 'U' 'U' 'U' 'M' 'M' 'U' 'M' 'M'
 'M' 'U' 'U' 'M' 'A' 'U' 'M' 'M' 'M' 'M' 'M' 'U' 'M' 'M' 'M' 'U' 'M' 'M'
 'M' 'U' 'M' 'M' 'U' 'M' 'M' 'M' 'M' 'M' 'U' 'U' 'M' 'M' 'M' 'M' 'M' 'U'
 'U' 'M' 'M' 'M' 'M' 'M' 'M' 'M' 'M' 'M' 'U' 'M' 'M' 'M' 'U' 'M' 'M' 'M']"
98201,0,159,5,154,39,0,0,"['A' 'M' 'M' 'M' 'U' 'U' 'M' 'A' 'M' 'M' 'M' 'M' 'M' 'M' 'M' 'M' 'M' 'M'
 'M' 'U' 'M' 'M' 'M' 'M' 'M' 'M' 'M' 'M' 'M' 'M' 'U' 'M' 'M' 'M' 'M' 'M'
 'M' 'M' 'M' 'M' 'M' 'M' 'M' 'M' 'M' 'M' 'M' 'M' 'M' 'M' 'U' 'M' 'M' 'M'
 'M' 'M' 'M' 'M' 'A' 'M' 'M' 'M' 'U' 'U' 'M' 'M' 'M' 'M' 'M' 'U' 'M' 'M'
 'M' 'M' 'M' 'M' 'U' 'M' 'M' 'M' 'M' 'U' 'M' 'M' 'M' 'M' 'M' 'U' 'M' 'M'
 'M' 'M' 'U' 'M' 'M' 'M' 'M' 'M' 'M' 'M' 'M' 'U' 'M' 'M' 'M' 'M' 'M' 'M'
 'M' 'M' 'M' 'M' 'M' 'M' 'U' 'U' 'M' 'U' 'M' 'U' 'M' 'M' 'M' 'U' 'M' 'U'
 'M' 'M' 'M' 'U' 'M' 'U' 'M' 'U' 'M' 'U' 'U' 'M' 'U' 'M' 'M' 'U' 'M' 'M'
 'M' 'U' 'U' 'M' 'A' 'U' 'M' 'A' 'M' 'M' 'M' 'U' 'M' 'M' 'M' 'M' 'M' 'M'
 'M' 'U' 'M' 'U' 'U' 'M' 'M' 'M' 'M' 'M' 'M' 'U' 'M' 'M' 'M' 'M' 'M' 'U'
 'U' 'M' 'M' 'M' 'M' 'M' 'M' 'M' 'U' 'M' 'U' 'M' 'M' 'M' 'U' 'M' 'M' 'M']"
98301,0,161,5,156,37,0,0,"['A' 'M' 'M' 'M' 'M' 'M' 'M' 'A' 'M' 'M' 'M' 'M' 'M' 'M' 'M' 'M' 'M' 'M'
 'M' 'U' 'M' 'U' 'M' 'M' 'M' 'M' 'M' 'M' 'M' 'M' 'U' 'M' 'M' 'M' 'M' 'M'
 'M' 'M' 'M' 'U' 'M' 'M' 'U' 'M' 'M' 'M' 'M' 'M' 'M' 'M' 'U' 'M' 'M' 'M'
 'M' 'M' 'M' 'M' 'A' 'M' 'M' 'M' 'U' 'M' 'M' 'M' 'M' 'M' 'M' 'M' 'M' 'M'
 'M' 'M' 'M' 'U' 'M' 'M' 'U' 'M' 'U' 'U' 'M' 'M' 'M' 'M' 'M' 'M' 'M' 'U'
 'M' 'M' 'M' 'M' 'M' 'M' 'M' 'M' 'M' 'M' 'M' 'U' 'M' 'M' 'M' 'M' 'M' 'M'
 'M' 'M' 'M' 'M' 'M' 'U' 'M' 'U' 'M' 'U' 'M' 'M' 'M' 'M' 'U' 'M' 'M' 'U'
 'M' 'M' 'M' 'M' 'M' 'M' 'U' 'U' 'U' 'U' 'U' 'U' 'U' 'M' 'M' 'U' 'M' 'M'
 'U' 'M' 'U' 'M' 'A' 'U' 'M' 'U' 'M' 'M' 'M' 'U' 'M' 'M' 'M' 'M' 'M' 'M'
 'M' 'U' 'M' 'U' 'U' 'M' 'M' 'M' 'M' 'M' 'M' 'U' 'M' 'M' 'M' 'M' 'M' 'M'
 'M' 'M' 'M' 'M' 'M' 'M' 'M' 'M' 'U' 'M' 'A' 'M' 'M' 'M' 'U' 'M' 'M' 'M']"
98401,0,158,6,152,40,0,0,"['A' 'M' 'M' 'M' 'U' 'M' 'M' 'U' 'M' 'M' 'M' 'M' 'U' 'M' 'M' 'M' 'M' 'M'
 'M' 'M' 'M' 'U' 'M' 'M' 'M' 'M' 'M' 'M' 'M' 'M' 'U' 'M' 'M' 'M' 'M' 'M'
 'M' 'M' 'M' 'M' 'M' 'M' 'A' 'M' 'M' 'M' 'M' 'M' 'M' 'M' 'M' 'M' 'M' 'U'
 'M' 'M' 'M' 'M' 'A' 'M' 'M' 'M' 'U' 'M' 'M' 'M' 'M' 'M' 'M' 'M' 'M' 'M'
 'U' 'M' 'U' 'U' 'M' 'M' 'U' 'M' 'M' 'M' 'M' 'M' 'M' 'U' 'M' 'M' 'M' 'M'
 'M' 'M' 'M' 'M' 'M' 'M' 'M' 'M' 'M' 'M' 'M' 'U' 'M' 'M' 'U' 'M' 'M' 'M'
 'M' 'M' 'M' 'M' 'M' 'U' 'M' 'U' 'M' 'U' 'M' 'M' 'M' 'M' 'U' 'M' 'M' 'U'
 'M' 'M' 'M' 'M' 'M' 'U' 'U' 'M' 'U' 'U' 'U' 'U' 'A' 'M' 'M' 'U' 'M' 'M'
 'U' 'M' 'U' 'M' 'A' 'U' 'M' 'U' 'M' 'M' 'M' 'M' 'M' 'M' 'M' 'M' 'M' 'M'
 'M' 'U' 'M' 'U' 'U' 'M' 'M' 'M' 'M' 'M' 'M' 'U' 'M' 'U' 'M' 'M' 'M' 'M'
 'U' 'M' 'M' 'M' 'M' 'M' 'M' 'M' 'U' 'U' 'A' 'M' 'M' 'M' 'U' 'M' 'U' 'M']"
98501,0,164,6,158,34,0,0,"['A' 'M' 'M' 'M' 'U' 'M' 'M' 'A' 'M' 'M' 'M' 'M' 'M' 'M' 'M' 'M' 'M' 'M'
 'M' 'M' 'M' 'M' 'M' 'M' 'M' 'M' 'M' 'M' 'M' 'M' 'U' 'M' 'M' 'M' 'M' 'M'
 'M' 'M' 'M' 'M' 'M' 'M' 'M' 'M' 'M' 'M' 'M' 'U' 'M' 'M' 'M' 'M' 'M' 'U'
 'M' 'M' 'M' 'M' 'A' 'M' 'M' 'M' 'U' 'M' 'U' 'M' 'M' 'M' 'M' 'U' 'M' 'M'
 'M' 'M' 'M' 'M' 'M' 'M' 'U' 'M' 'M' 'M' 'M' 'M' 'M' 'M' 'U' 'M' 'U' 'M'
 'U' 'M' 'M' 'M' 'M' 'M' 'M' 'M' 'M' 'M' 'M' 'U' 'M' 'M' 'U' 'M' 'M' 'M'
 'M' 'M' 'M' 'M' 'M' 'U' 'M' 'U' 'M' 'U' 'M' 'M' 'M' 'M' 'M' 'M' 'M' 'U'
 'M' 'M' 'M' 'M' 'M' 'U' 'U' 'U' 'U' 'U' 'U' 'U' 'A' 'M' 'M' 'U' 'M' 'M'
 'M' 'M' 'U' 'M' 'A' 'U' 'M' 'U' 'M' 'M' 'M' 'M' 'U' 'M' 'M' 'M' 'M' 'M'
 'M' 'U' 'M' 'U' 'M' 'M' 'M' 'M' 'M' 'M' 'M' 'U' 'M' 'M' 'M' 'M' 'M' 'M'
 'U' 'M' 'M' 'M' 'M' 'M' 'M' 'M' 'M' 'U' 'A' 'M' 'M' 'M' 'M' 'M' 'M' 'M']"
98601,0,167,5,162,31,0,0,"['A' 'M' 'M' 'M' 'U' 'M' 'M' 'A' 'M' 'M' 'M' 'M' 'M' 'M' 'M' 'M' 'M' 'M'
 'U' 'M' 'M' 'M' 'M' 'M' 'M' 'M' 'U' 'M' 'M' 'M' 'U' 'M' 'M' 'M' 'M' 'M'
 'M' 'M' 'M' 'M' 'M' 'M' 'M' 'M' 'M' 'M' 'M' 'M' 'M' 'M' 'M' 'M' 'U' 'U'
 'M' 'M' 'M' 'M' 'U' 'M' 'M' 'M' 'M' 'M' 'M' 'U' 'M' 'M' 'M' 'M' 'M' 'M'
 'M' 'M' 'M' 'U' 'M' 'U' 'M' 'M' 'M' 'M' 'M' 'M' 'M' 'M' 'M' 'M' 'U' 'M'
 'M' 'M' 'M' 'M' 'U' 'M' 'M' 'M' 'M' 'M' 'M' 'U' 'M' 'M' 'U' 'M' 'M' 'M'
 'M' 'M' 'M' 'M' 'M' 'U' 'M' 'U' 'M' 'M' 'U' 'M' 'M' 'M' 'M' 'M' 'M' 'U'
 'M' 'M' 'U' 'M' 'M' 'M' 'U' 'M' 'M' 'U' 'U' 'U' 'A' 'M' 'M' 'U' 'M' 'M'
 'M' 'M' 'U' 'M' 'A' 'U' 'M' 'M' 'M' 'M' 'M' 'M' 'U' 'M' 'M' 'M' 'M' 'M'
 'M' 'U' 'M' 'U' 'M' 'M' 'M' 'M' 'M' 'U' 'M' 'M' 'M' 'M' 'M' 'M' 'M' 'M'
 'M' 'M' 'M' 'M' 'M' 'M' 'M' 'M' 'M' 'U' 'A' 'M' 'M' 'M' 'M' 'M' 'M' 'M']"
98701,0,170,6,164,28,0,0,"['A' 'M' 'M' 'M' 'U' 'M' 'U' 'A' 'M' 'M' 'M' 'M' 'M' 'M' 'M' 'M' 'U' 'M'
 'U' 'M' 'M' 'M' 'M' 'M' 'M' 'M' 'U' 'M' 'M' 'M' 'U' 'M' 'U' 'M' 'U' 'M'
 'M' 'M' 'M' 'M' 'M' 'M' 'M' 'M' 'M' 'M' 'M' 'M' 'M' 'M' 'M' 'M' 'M' 'U'
 'M' 'M' 'M' 'M' 'U' 'M' 'M' 'M' 'M' 'M' 'M' 'M' 'M' 'M' 'M' 'M' 'M' 'M'
 'M' 'M' 'M' 'M' 'M' 'M' 'U' 'M' 'U' 'M' 'M' 'M' 'U' 'M' 'M' 'M' 'U' 'U'
 'M' 'M' 'M' 'M' 'M' 'U' 'M' 'M' 'M' 'M' 'M' 'M' 'M' 'M' 'U' 'M' 'M' 'M'
 'M' 'M' 'M' 'M' 'M' 'M' 'M' 'U' 'M' 'M' 'U' 'M' 'M' 'M' 'M' 'M' 'M' 'M'
 'M' 'M' 'M' 'M' 'M' 'M' 'A' 'M' 'M' 'U' 'U' 'M' 'A' 'M' 'M' 'M' 'M' 'M'
 'M' 'M' 'U' 'M' 'A' 'U' 'M' 'M' 'M' 'M' 'M' 'M' 'U' 'M' 'M' 'M' 'M' 'M'
 'M' 'M' 'M' 'U' 'M' 'M' 'M' 'M' 'M' 'U' 'M' 'M' 'M' 'M' 'M' 'M' 'M' 'M'
 'M' 'M' 'M' 'M' 'M' 'M' 'M' 'M' 'M' 'U' 'A' 'M' 'M' 'M' 'M' 'U' 'M' 'M']"
98801,0,170,4,166,28,0,0,"['A' 'M' 'M' 'M' 'M' 'M' 'M' 'U' 'M' 'M' 'M' 'U' 'M' 'M' 'M' 'M' 'U' 'M'
 'U' 'M' 'M' 'M' 'M' 'M' 'M' 'M' 'M' 'M' 'M' 'M' 'U' 'M' 'M' 'M' 'U' 'M'
 'M' 'M' 'M' 'M' 'M' 'M' 'M' 'M' 'M' 'M' 'M' 'M' 'M' 'M' 'M' 'M' 'M' 'U'
 'M' 'M' 'U' 'M' 'M' 'M' 'M' 'M' 'M' 'M' 'M' 'M' 'U' 'M' 'U' 'M' 'M' 'M'
 'M' 'M' 'M' 'M' 'M' 'U' 'M' 'M' 'M' 'M' 'M' 'M' 'U' 'M' 'M' 'U' 'M' 'M'
 'M' 'M' 'M' 'M' 'M' 'M' 'M' 'M' 'M' 'M' 'M' 'M' 'M' 'M' 'U' 'M' 'M' 'M'
 'M' 'M' 'M' 'M' 'M' 'M' 'M' 'U' 'U' 'M' 'M' 'M' 'M' 'M' 'M' 'U' 'M' 'M'
 'M' 'M' 'M' 'M' 'M' 'M' 'A' 'M' 'M' 'U' 'M' 'M' 'U' 'U' 'M' 'M' 'M' 'M'
 'M' 'M' 'U' 'M' 'A' 'U' 'M' 'M' 'M' 'M' 'M' 'M' 'M' 'M' 'M' 'U' 'M' 'M'
 'M' 'M' 'U' 'U' 'M' 'M' 'M' 'M' 'M' 'U' 'M' 'M' 'M' 'M' 'M' 'M' 'M' 'M'
 'M' 'M' 'M' 'M' 'M' 'M' 'M' 'M' 'M' 'U' 'A' 'M' 'M' 'M' 'M' 'U' 'M' 'M']"
98901,0,171,2,169,27,0,0,"['A' 'M' 'M' 'M' 'M' 'M' 'M' 'M' 'M' 'M' 'M' 'U' 'M' 'M' 'M' 'M' 'U' 'M'
 'U' 'M' 'M' 'M' 'M' 'M' 'M' 'M' 'M' 'M' 'M' 'M' 'U' 'M' 'M' 'M' 'U' 'M'
 'M' 'M' 'M' 'U' 'M' 'M' 'M' 'M' 'M' 'M' 'M' 'M' 'M' 'M' 'M' 'M' 'M' 'U'
 'M' 'M' 'U' 'M' 'M' 'M' 'M' 'M' 'M' 'M' 'M' 'M' 'M' 'M' 'M' 'M' 'M' 'M'
 'U' 'M' 'U' 'M' 'M' 'M' 'M' 'M' 'M' 'U' 'M' 'M' 'M' 'U' 'M' 'M' 'U' 'M'
 'M' 'M' 'M' 'M' 'M' 'M' 'M' 'M' 'M' 'M' 'M' 'M' 'M' 'U' 'M' 'M' 'U' 'M'
 'M' 'M' 'M' 'M' 'M' 'M' 'M' 'M' 'U' 'M' 'M' 'M' 'M' 'M' 'M' 'M' 'M' 'M'
 'M' 'M' 'M' 'M' 'M' 'M' 'U' 'M' 'M' 'M' 'M' 'M' 'U' 'M' 'M' 'M' 'M' 'M'
 'M' 'M' 'U' 'M' 'U' 'U' 'M' 'M' 'M' 'M' 'M' 'M' 'M' 'M' 'M' 'U' 'M' 'M'
 'M' 'M' 'M' 'M' 'M' 'M' 'M' 'M' 'M' 'U' 'M' 'M' 'M' 'M' 'M' 'M' 'M' 'M'
 'M' 'M' 'M' 'M' 'M' 'M' 'U' 'M' 'M' 'U' 'A' 'M' 'M' 'M' 'M' 'U' 'M' 'U']"
99001,0,170,2,168,28,0,0,"['A' 'M' 'M' 'M' 'M' 'M' 'M' 'M' 'M' 'M' 'M' 'U' 'M' 'M' 'M' 'M' 'U' 'M'
 'U' 'M' 'M' 'M' 'M' 'M' 'M' 'M' 'M' 'M' 'M' 'M' 'U' 'U' 'U' 'M' 'U' 'M'
 'M' 'M' 'M' 'M' 'M' 'M' 'M' 'M' 'M' 'M' 'U' 'M' 'M' 'M' 'M' 'M' 'M' 'U'
 'M' 'M' 'M' 'M' 'M' 'M' 'M' 'M' 'M' 'M' 'M' 'M' 'M' 'U' 'U' 'M' 'M' 'M'
 'M' 'U' 'M' 'U' 'M' 'U' 'M' 'M' 'M' 'M' 'M' 'M' 'M' 'M' 'M' 'M' 'M' 'M'
 'M' 'M' 'M' 'M' 'M' 'M' 'M' 'M' 'M' 'M' 'M' 'M' 'M' 'U' 'M' 'M' 'M' 'M'
 'M' 'M' 'M' 'M' 'M' 'M' 'M' 'M' 'M' 'M' 'M' 'M' 'M' 'M' 'M' 'M' 'M' 'M'
 'M' 'M' 'M' 'M' 'M' 'M' 'U' 'U' 'U' 'U' 'U' 'U' 'U' 'M' 'M' 'M' 'M' 'M'
 'M' 'M' 'U' 'M' 'M' 'U' 'M' 'M' 'M' 'M' 'M' 'M' 'M' 'M' 'M' 'M' 'M' 'M'
 'M' 'M' 'M' 'M' 'M' 'M' 'M' 'M' 'M' 'M' 'M' 'M' 'M' 'M' 'M' 'M' 'M' 'M'
 'U' 'M' 'M' 'M' 'M' 'M' 'M' 'M' 'M' 'U' 'A' 'M' 'M' 'M' 'M' 'U' 'M' 'U']"
99101,0,174,3,171,24,0,0,"['A' 'M' 'M' 'M' 'M' 'M' 'M' 'M' 'M' 'M' 'M' 'M' 'M' 'M' 'M' 'U' 'U' 'M'
 'M' 'M' 'M' 'M' 'M' 'M' 'M' 'M' 'M' 'M' 'M' 'M' 'U' 'U' 'U' 'M' 'M' 'M'
 'M' 'M' 'M' 'M' 'M' 'M' 'M' 'M' 'M' 'M' 'U' 'M' 'M' 'M' 'M' 'U' 'U' 'M'
 'M' 'M' 'M' 'M' 'M' 'M' 'M' 'M' 'M' 'M' 'M' 'U' 'M' 'M' 'M' 'M' 'M' 'U'
 'M' 'U' 'M' 'M' 'M' 'M' 'U' 'M' 'U' 'M' 'M' 'M' 'M' 'M' 'M' 'M' 'M' 'M'
 'M' 'M' 'M' 'M' 'M' 'M' 'M' 'M' 'M' 'M' 'U' 'M' 'M' 'U' 'M' 'M' 'M' 'M'
 'M' 'M' 'M' 'M' 'M' 'U' 'M' 'M' 'M' 'M' 'M' 'M' 'M' 'M' 'M' 'M' 'M' 'M'
 'M' 'M' 'M' 'M' 'M' 'M' 'M' 'U' 'U' 'U' 'U' 'U' 'U' 'M' 'M' 'M' 'M' 'M'
 'M' 'M' 'U' 'M' 'M' 'M' 'M' 'M' 'M' 'M' 'M' 'M' 'M' 'M' 'M' 'M' 'M' 'M'
 'M' 'M' 'M' 'M' 'M' 'M' 'M' 'M' 'M' 'M' 'M' 'M' 'M' 'M' 'M' 'M' 'M' 'M'
 'M' 'M' 'M' 'M' 'M' 'M' 'M' 'M' 'M' 'A' 'A' 'M' 'M' 'M' 'M' 'U' 'M' 'M']"
99201,0,171,3,168,27,0,0,"['A' 'M' 'M' 'M' 'M' 'M' 'M' 'M' 'M' 'M' 'M' 'M' 'M' 'M' 'M' 'U' 'U' 'M'
 'M' 'M' 'M' 'M' 'M' 'U' 'M' 'M' 'M' 'M' 'M' 'M' 'U' 'M' 'M' 'M' 'A' 'M'
 'M' 'M' 'M' 'M' 'M' 'M' 'M' 'M' 'M' 'M' 'U' 'M' 'M' 'M' 'M' 'M' 'U' 'M'
 'M' 'M' 'M' 'M' 'M' 'M' 'M' 'M' 'M' 'M' 'M' 'U' 'M' 'M' 'M' 'M' 'M' 'M'
 'M' 'M' 'M' 'U' 'M' 'M' 'M' 'U' 'U' 'M' 'M' 'M' 'M' 'M' 'M' 'M' 'M' 'M'
 'M' 'M' 'U' 'M' 'M' 'U' 'M' 'M' 'U' 'M' 'U' 'M' 'U' 'M' 'M' 'M' 'M' 'M'
 'M' 'M' 'M' 'M' 'M' 'M' 'M' 'M' 'M' 'M' 'M' 'U' 'M' 'M' 'M' 'M' 'M' 'M'
 'M' 'M' 'M' 'M' 'M' 'M' 'M' 'U' 'U' 'M' 'U' 'U' 'U' 'U' 'M' 'M' 'M' 'M'
 'M' 'M' 'M' 'M' 'M' 'M' 'M' 'M' 'M' 'M' 'M' 'M' 'M' 'M' 'M' 'M' 'M' 'M'
 'M' 'M' 'M' 'M' 'M' 'M' 'M' 'U' 'M' 'M' 'M' 'M' 'M' 'U' 'M' 'M' 'U' 'M'
 'M' 'M' 'U' 'M' 'M' 'M' 'M' 'M' 'M' 'U' 'A' 'M' 'M' 'M' 'M' 'M' 'M' 'M']"
99301,0,168,5,163,30,0,0,"['A' 'M' 'M' 'M' 'M' 'M' 'U' 'M' 'M' 'M' 'M' 'M' 'M' 'M' 'U' 'U' 'U' 'M'
 'M' 'M' 'M' 'M' 'M' 'U' 'M' 'M' 'M' 'M' 'M' 'M' 'M' 'M' 'M' 'M' 'A' 'M'
 'U' 'M' 'M' 'M' 'M' 'M' 'M' 'M' 'M' 'M' 'U' 'M' 'M' 'M' 'M' 'A' 'U' 'M'
 'M' 'A' 'M' 'M' 'M' 'M' 'M' 'M' 'M' 'M' 'M' 'U' 'M' 'U' 'M' 'M' 'M' 'M'
 'M' 'M' 'U' 'U' 'M' 'M' 'M' 'M' 'M' 'M' 'M' 'M' 'U' 'M' 'M' 'M' 'M' 'M'
 'M' 'M' 'M' 'M' 'M' 'M' 'M' 'M' 'U' 'M' 'U' 'M' 'U' 'M' 'M' 'M' 'M' 'M'
 'M' 'M' 'M' 'M' 'M' 'M' 'M' 'U' 'M' 'M' 'M' 'U' 'M' 'M' 'M' 'M' 'M' 'M'
 'U' 'M' 'M' 'M' 'M' 'U' 'M' 'M' 'U' 'M' 'U' 'M' 'U' 'U' 'M' 'M' 'M' 'M'
 'M' 'M' 'M' 'M' 'M' 'M' 'M' 'M' 'M' 'U' 'M' 'M' 'M' 'M' 'U' 'M' 'M' 'M'
 'M' 'M' 'M' 'M' 'M' 'M' 'M' 'U' 'M' 'M' 'M' 'M' 'M' 'U' 'M' 'M' 'M' 'U'
 'M' 'M' 'M' 'M' 'M' 'M' 'M' 'M' 'M' 'U' 'A' 'M' 'M' 'M' 'M' 'M' 'M' 'M']"
99401,0,169,2,167,29,0,0,"['A' 'M' 'M' 'M' 'M' 'M' 'U' 'M' 'M' 'M' 'M' 'M' 'M' 'M' 'U' 'U' 'U' 'M'
 'U' 'M' 'M' 'M' 'M' 'U' 'M' 'M' 'M' 'M' 'M' 'M' 'M' 'M' 'M' 'M' 'M' 'M'
 'U' 'M' 'U' 'M' 'M' 'M' 'M' 'M' 'M' 'M' 'M' 'M' 'U' 'M' 'M' 'A' 'U' 'M'
 'M' 'U' 'M' 'M' 'M' 'M' 'M' 'M' 'M' 'M' 'M' 'U' 'M' 'M' 'U' 'M' 'M' 'U'
 'M' 'M' 'M' 'M' 'M' 'M' 'M' 'M' 'M' 'U' 'M' 'M' 'M' 'M' 'M' 'M' 'U' 'M'
 'M' 'M' 'M' 'M' 'M' 'M' 'M' 'M' 'U' 'M' 'U' 'M' 'U' 'M' 'M' 'M' 'M' 'M'
 'M' 'M' 'M' 'M' 'M' 'M' 'M' 'M' 'M' 'M' 'M' 'M' 'M' 'M' 'M' 'M' 'M' 'M'
 'U' 'M' 'M' 'M' 'M' 'U' 'M' 'M' 'U' 'M' 'M' 'M' 'M' 'U' 'M' 'M' 'M' 'M'
 'M' 'M' 'M' 'U' 'M' 'M' 'M' 'M' 'M' 'M' 'M' 'M' 'M' 'M' 'M' 'M' 'M' 'M'
 'M' 'M' 'M' 'M' 'M' 'M' 'M' 'U' 'M' 'M' 'M' 'M' 'M' 'U' 'M' 'M' 'M' 'U'
 'M' 'M' 'M' 'M' 'M' 'M' 'M' 'M' 'M' 'U' 'U' 'M' 'M' 'M' 'M' 'M' 'M' 'M']"
99501,0,169,4,165,29,0,0,"['A' 'M' 'M' 'M' 'A' 'M' 'U' 'M' 'M' 'M' 'M' 'M' 'M' 'M' 'U' 'U' 'U' 'M'
 'U' 'M' 'M' 'U' 'M' 'M' 'M' 'M' 'M' 'M' 'M' 'M' 'M' 'M' 'M' 'M' 'M' 'M'
 'M' 'M' 'M' 'M' 'M' 'M' 'M' 'M' 'M' 'M' 'M' 'U' 'M' 'M' 'M' 'A' 'U' 'M'
 'M' 'U' 'M' 'M' 'U' 'M' 'M' 'U' 'M' 'M' 'M' 'M' 'M' 'M' 'M' 'M' 'U' 'U'
 'U' 'M' 'M' 'M' 'M' 'M' 'M' 'M' 'M' 'M' 'M' 'M' 'M' 'M' 'M' 'M' 'M' 'U'
 'M' 'M' 'U' 'M' 'M' 'M' 'M' 'M' 'U' 'M' 'U' 'M' 'M' 'M' 'M' 'M' 'M' 'M'
 'M' 'M' 'M' 'U' 'M' 'M' 'M' 'M' 'M' 'M' 'M' 'M' 'M' 'M' 'M' 'M' 'M' 'M'
 'U' 'M' 'U' 'M' 'M' 'U' 'M' 'M' 'A' 'M' 'M' 'M' 'M' 'U' 'M' 'M' 'M' 'M'
 'M' 'M' 'M' 'U' 'M' 'M' 'M' 'M' 'M' 'M' 'M' 'M' 'M' 'M' 'M' 'M' 'M' 'M'
 'M' 'M' 'M' 'M' 'M' 'M' 'M' 'U' 'U' 'M' 'M' 'M' 'M' 'M' 'M' 'M' 'M' 'U'
 'M' 'M' 'M' 'M' 'M' 'M' 'M' 'M' 'M' 'U' 'U' 'M' 'M' 'M' 'M' 'M' 'M' 'M']"
99601,0,172,6,166,26,0,0,"['A' 'M' 'M' 'M' 'A' 'M' 'U' 'M' 'M' 'M' 'M' 'M' 'M' 'M' 'U' 'M' 'U' 'M'
 'U' 'M' 'M' 'M' 'M' 'U' 'M' 'M' 'M' 'M' 'M' 'M' 'M' 'M' 'M' 'M' 'M' 'M'
 'M' 'M' 'M' 'M' 'M' 'M' 'M' 'M' 'M' 'M' 'M' 'U' 'M' 'M' 'M' 'A' 'U' 'M'
 'M' 'U' 'M' 'U' 'M' 'M' 'M' 'U' 'M' 'M' 'M' 'M' 'U' 'M' 'M' 'M' 'M' 'M'
 'M' 'M' 'M' 'M' 'M' 'M' 'M' 'M' 'U' 'M' 'M' 'U' 'M' 'M' 'M' 'M' 'U' 'M'
 'U' 'M' 'M' 'M' 'M' 'M' 'U' 'M' 'M' 'M' 'U' 'M' 'M' 'M' 'M' 'M' 'M' 'M'
 'M' 'M' 'M' 'U' 'M' 'M' 'M' 'M' 'M' 'M' 'M' 'M' 'M' 'M' 'M' 'M' 'M' 'M'
 'U' 'M' 'M' 'M' 'M' 'A' 'M' 'M' 'A' 'M' 'M' 'M' 'M' 'U' 'M' 'M' 'M' 'M'
 'M' 'M' 'M' 'U' 'M' 'M' 'M' 'M' 'M' 'M' 'M' 'M' 'M' 'M' 'M' 'M' 'M' 'M'
 'M' 'M' 'M' 'M' 'M' 'U' 'M' 'A' 'U' 'M' 'M' 'M' 'M' 'M' 'M' 'M' 'M' 'M'
 'M' 'M' 'M' 'M' 'M' 'M' 'M' 'M' 'M' 'U' 'U' 'U' 'M' 'M' 'M' 'M' 'M' 'M']"
99701,0,170,6,164,28,0,0,"['A' 'U' 'M' 'M' 'U' 'M' 'M' 'M' 'M' 'M' 'M' 'M' 'M' 'M' 'U' 'M' 'M' 'M'
 'U' 'M' 'M' 'M' 'M' 'U' 'M' 'M' 'M' 'M' 'M' 'M' 'M' 'M' 'M' 'M' 'M' 'M'
 'U' 'M' 'M' 'M' 'M' 'M' 'M' 'M' 'M' 'M' 'M' 'U' 'M' 'M' 'M' 'A' 'U' 'M'
 'U' 'M' 'M' 'U' 'M' 'M' 'M' 'U' 'M' 'M' 'M' 'M' 'M' 'M' 'M' 'M' 'M' 'U'
 'U' 'U' 'M' 'U' 'U' 'M' 'M' 'M' 'M' 'M' 'M' 'M' 'M' 'M' 'M' 'M' 'M' 'M'
 'M' 'M' 'M' 'M' 'M' 'M' 'U' 'M' 'M' 'M' 'U' 'M' 'M' 'M' 'M' 'M' 'M' 'M'
 'M' 'M' 'M' 'A' 'M' 'U' 'M' 'M' 'M' 'M' 'M' 'M' 'M' 'M' 'U' 'M' 'M' 'M'
 'M' 'M' 'M' 'M' 'M' 'A' 'M' 'M' 'A' 'M' 'M' 'M' 'M' 'U' 'M' 'M' 'M' 'M'
 'M' 'M' 'U' 'U' 'M' 'M' 'M' 'M' 'M' 'M' 'M' 'M' 'M' 'M' 'M' 'M' 'M' 'M'
 'M' 'M' 'M' 'M' 'M' 'U' 'M' 'A' 'M' 'M' 'M' 'M' 'M' 'M' 'M' 'U' 'M' 'M'
 'M' 'M' 'M' 'M' 'M' 'M' 'M' 'M' 'M' 'U' 'U' 'U' 'M' 'M' 'M' 'M' 'M' 'M']"
99801,0,169,6,163,29,0,0,"['A' 'U' 'M' 'M' 'U' 'M' 'M' 'M' 'M' 'M' 'M' 'M' 'U' 'M' 'U' 'M' 'M' 'M'
 'U' 'M' 'M' 'M' 'M' 'M' 'M' 'M' 'M' 'M' 'M' 'M' 'M' 'M' 'U' 'M' 'M' 'M'
 'M' 'M' 'M' 'M' 'M' 'M' 'M' 'M' 'M' 'M' 'M' 'M' 'M' 'M' 'M' 'U' 'U' 'M'
 'M' 'M' 'M' 'A' 'M' 'M' 'M' 'M' 'M' 'M' 'M' 'M' 'M' 'M' 'M' 'M' 'U' 'M'
 'M' 'M' 'M' 'M' 'M' 'M' 'M' 'M' 'U' 'M' 'M' 'M' 'M' 'U' 'M' 'M' 'U' 'U'
 'M' 'M' 'M' 'M' 'M' 'M' 'U' 'U' 'M' 'M' 'A' 'M' 'M' 'M' 'M' 'M' 'M' 'M'
 'M' 'M' 'M' 'A' 'M' 'U' 'M' 'M' 'M' 'M' 'M' 'M' 'M' 'M' 'U' 'M' 'M' 'M'
 'M' 'M' 'M' 'U' 'M' 'U' 'M' 'M' 'A' 'M' 'M' 'M' 'M' 'M' 'M' 'M' 'M' 'M'
 'M' 'M' 'U' 'U' 'M' 'M' 'U' 'M' 'M' 'M' 'M' 'M' 'M' 'M' 'M' 'M' 'M' 'M'
 'M' 'M' 'M' 'M' 'M' 'U' 'M' 'A' 'M' 'M' 'M' 'M' 'M' 'M' 'M' 'U' 'M' 'M'
 'M' 'M' 'M' 'M' 'M' 'M' 'M' 'M' 'M' 'U' 'U' 'U' 'M' 'M' 'M' 'M' 'U' 'U']"
99901,0,166,4,162,32,0,0,"['A' 'U' 'M' 'M' 'U' 'M' 'M' 'M' 'M' 'M' 'M' 'M' 'U' 'M' 'M' 'M' 'M' 'M'
 'M' 'M' 'M' 'M' 'M' 'M' 'M' 'M' 'M' 'M' 'M' 'M' 'M' 'M' 'U' 'M' 'U' 'M'
 'M' 'M' 'M' 'M' 'M' 'M' 'M' 'M' 'M' 'M' 'M' 'M' 'M' 'M' 'M' 'U' 'M' 'M'
 'M' 'M' 'M' 'A' 'M' 'M' 'M' 'M' 'M' 'M' 'M' 'M' 'M' 'U' 'M' 'U' 'M' 'M'
 'M' 'M' 'M' 'M' 'M' 'M' 'U' 'M' 'M' 'U' 'M' 'M' 'M' 'U' 'M' 'M' 'M' 'M'
 'M' 'M' 'M' 'M' 'M' 'M' 'U' 'U' 'M' 'M' 'U' 'M' 'M' 'M' 'M' 'M' 'M' 'M'
 'M' 'M' 'M' 'A' 'U' 'M' 'U' 'M' 'M' 'M' 'M' 'M' 'M' 'M' 'U' 'M' 'M' 'M'
 'M' 'M' 'U' 'U' 'U' 'M' 'M' 'M' 'U' 'M' 'M' 'M' 'M' 'M' 'M' 'M' 'M' 'M'
 'M' 'M' 'U' 'U' 'M' 'M' 'U' 'M' 'M' 'M' 'M' 'M' 'M' 'M' 'M' 'M' 'M' 'M'
 'M' 'M' 'M' 'M' 'M' 'U' 'M' 'U' 'M' 'M' 'U' 'M' 'M' 'M' 'M' 'U' 'M' 'M'
 'M' 'M' 'M' 'U' 'M' 'M' 'M' 'M' 'M' 'U' 'U' 'A' 'M' 'M' 'M' 'M' 'U' 'M']"
100001,0,175,7,168,23,1,0,"['A' 'U' 'M' 'M' 'M' 'M' 'A' 'M' 'M' 'M' 'M' 'M' 'M' 'M' 'M' 'M' 'M' 'M'
 'M' 'M' 'M' 'M' 'M' 'M' 'M' 'M' 'M' 'M' 'M' 'M' 'M' 'M' 'M' 'M' 'M' 'M'
 'M' 'M' 'M' 'M' 'M' 'U' 'M' 'U' 'M' 'M' 'M' 'M' 'M' 'M' 'M' 'M' 'M' 'M'
 'M' 'M' 'M' 'A' 'M' 'U' 'M' 'M' 'M' 'M' 'M' 'M' 'M' 'M' 'M' 'U' 'U' 'M'
 'M' 'U' 'M' 'M' 'M' 'M' 'M' 'M' 'M' 'U' 'M' 'M' 'M' 'M' 'M' 'M' 'M' 'M'
 'M' 'M' 'M' 'U' 'M' 'M' 'U' 'M' 'M' 'M' 'M' 'M' 'M' 'M' 'M' 'M' 'M' 'M'
 'M' 'M' 'M' 'A' 'U' 'M' 'U' 'M' 'M' 'M' 'M' 'M' 'M' 'M' 'U' 'M' 'M' 'M'
 'M' 'M' 'U' 'U' 'U' 'M' 'M' 'M' 'U' 'M' 'M' 'A' 'M' 'M' 'M' 'M' 'M' 'M'
 'M' 'M' 'M' 'U' 'M' 'M' 'U' 'M' 'M' 'M' 'M' 'M' 'M' 'M' 'U' 'M' 'M' 'M'
 'M' 'M' 'M' 'M' 'M' 'A' 'M' 'U' 'M' 'M' 'M' 'M' 'M' 'M' 'M' 'M' 'M' 'M'
 'M' 'M' 'M' 'M' 'M' 'M' 'M' 'M' 'M' 'M' 'M' 'A' 'M' 'M' 'M' 'U' 'U' 'M']"
100101,1,164,4,160,34,0,0,"['A' 'U' 'M' 'M' 'M' 'M' 'A' 'M' 'M' 'M' 'U' 'M' 'M' 'M' 'M' 'M' 'M' 'M'
 'M' 'M' 'M' 'M' 'M' 'U' 'M' 'M' 'M' 'U' 'M' 'M' 'M' 'M' 'M' 'M' 'M' 'M'
 'M' 'M' 'M' 'M' 'M' 'U' 'U' 'U' 'U' 'M' 'M' 'M' 'M' 'M' 'M' 'M' 'M' 'M'
 'M' 'U' 'M' 'U' 'M' 'U' 'M' 'M' 'M' 'M' 'M' 'M' 'U' 'U' 'M' 'U' 'U' 'M'
 'M' 'M' 'M' 'M' 'M' 'M' 'M' 'M' 'M' 'M' 'M' 'M' 'M' 'M' 'M' 'M' 'M' 'M'
 'U' 'M' 'M' 'M' 'M' 'M' 'A' 'M' 'M' 'M' 'M' 'M' 'M' 'M' 'M' 'M' 'M' 'M'
 'M' 'M' 'M' 'U' 'U' 'M' 'U' 'M' 'M' 'M' 'M' 'M' 'M' 'M' 'U' 'M' 'M' 'M'
 'M' 'M' 'U' 'U' 'U' 'U' 'U' 'M' 'U' 'M' 'M' 'A' 'M' 'U' 'M' 'M' 'M' 'M'
 'M' 'M' 'M' 'M' 'M' 'M' 'U' 'M' 'M' 'M' 'M' 'M' 'M' 'M' 'U' 'M' 'M' 'M'
 'M' 'M' 'M' 'M' 'M' 'U' 'M' 'U' 'M' 'M' 'M' 'M' 'U' 'M' 'U' 'M' 'M' 'M'
 'M' 'M' 'M' 'M' 'M' 'M' 'M' 'M' 'M' 'M' 'M' 'M' 'M' 'M' 'M' 'M' 'U' 'M']"
100201,0,163,4,159,35,0,0,"['A' 'M' 'M' 'M' 'M' 'M' 'A' 'M' 'M' 'M' 'M' 'M' 'M' 'M' 'M' 'M' 'M' 'M'
 'M' 'M' 'M' 'M' 'M' 'U' 'M' 'M' 'M' 'U' 'M' 'M' 'M' 'M' 'M' 'M' 'M' 'M'
 'M' 'M' 'M' 'M' 'M' 'M' 'U' 'U' 'A' 'M' 'M' 'M' 'M' 'M' 'M' 'M' 'M' 'M'
 'M' 'M' 'M' 'U' 'M' 'U' 'U' 'M' 'M' 'M' 'M' 'M' 'M' 'U' 'M' 'M' 'M' 'U'
 'M' 'M' 'U' 'M' 'M' 'M' 'M' 'U' 'M' 'M' 'M' 'M' 'M' 'M' 'M' 'M' 'M' 'M'
 'M' 'M' 'M' 'M' 'U' 'M' 'U' 'M' 'M' 'M' 'M' 'M' 'M' 'M' 'M' 'M' 'M' 'M'
 'M' 'M' 'M' 'U' 'U' 'M' 'U' 'M' 'M' 'M' 'M' 'M' 'M' 'M' 'U' 'M' 'M' 'M'
 'M' 'M' 'M' 'U' 'M' 'M' 'U' 'U' 'U' 'U' 'U' 'A' 'U' 'M' 'M' 'M' 'M' 'U'
 'M' 'M' 'M' 'M' 'M' 'M' 'U' 'M' 'M' 'M' 'M' 'U' 'M' 'M' 'U' 'M' 'M' 'M'
 'M' 'M' 'M' 'M' 'M' 'U' 'M' 'U' 'M' 'M' 'M' 'M' 'U' 'M' 'U' 'M' 'M' 'M'
 'M' 'M' 'M' 'M' 'U' 'M' 'M' 'M' 'M' 'M' 'M' 'U' 'M' 'M' 'M' 'M' 'U' 'M']"
100301,0,160,5,155,38,0,0,"['A' 'M' 'M' 'M' 'M' 'M' 'A' 'M' 'M' 'M' 'M' 'M' 'M' 'M' 'M' 'M' 'M' 'M'
 'M' 'U' 'M' 'M' 'M' 'U' 'M' 'M' 'M' 'U' 'M' 'M' 'U' 'M' 'M' 'M' 'M' 'M'
 'M' 'M' 'M' 'M' 'M' 'M' 'U' 'U' 'U' 'M' 'M' 'M' 'U' 'M' 'M' 'M' 'M' 'M'
 'M' 'M' 'M' 'U' 'M' 'U' 'U' 'M' 'M' 'M' 'M' 'U' 'M' 'M' 'M' 'U' 'M' 'M'
 'U' 'M' 'M' 'M' 'M' 'M' 'U' 'M' 'M' 'M' 'M' 'U' 'M' 'M' 'M' 'M' 'M' 'M'
 'M' 'M' 'M' 'M' 'M' 'M' 'U' 'U' 'M' 'M' 'M' 'M' 'M' 'M' 'M' 'M' 'M' 'M'
 'M' 'M' 'M' 'U' 'U' 'M' 'U' 'M' 'M' 'M' 'M' 'M' 'M' 'M' 'U' 'M' 'M' 'M'
 'M' 'M' 'M' 'U' 'M' 'M' 'U' 'A' 'U' 'U' 'M' 'A' 'A' 'M' 'M' 'M' 'M' 'U'
 'M' 'M' 'M' 'M' 'M' 'M' 'M' 'M' 'M' 'M' 'M' 'U' 'M' 'M' 'M' 'M' 'M' 'M'
 'M' 'U' 'M' 'M' 'M' 'U' 'M' 'U' 'U' 'M' 'U' 'M' 'U' 'M' 'M' 'M' 'M' 'M'
 'M' 'M' 'M' 'M' 'U' 'M' 'M' 'M' 'M' 'M' 'M' 'U' 'M' 'M' 'M' 'U' 'U' 'M']"
100401,0,165,7,158,33,0,0,"['A' 'M' 'M' 'M' 'M' 'M' 'A' 'M' 'M' 'M' 'M' 'M' 'M' 'M' 'M' 'M' 'M' 'M'
 'M' 'M' 'M' 'M' 'M' 'U' 'M' 'M' 'M' 'M' 'M' 'M' 'U' 'M' 'M' 'M' 'M' 'M'
 'M' 'M' 'U' 'M' 'M' 'M' 'U' 'U' 'M' 'M' 'M' 'U' 'U' 'M' 'M' 'M' 'M' 'M'
 'M' 'M' 'M' 'M' 'M' 'U' 'M' 'M' 'M' 'M' 'M' 'M' 'M' 'M' 'U' 'M' 'M' 'M'
 'U' 'M' 'M' 'M' 'U' 'M' 'M' 'M' 'M' 'M' 'M' 'M' 'M' 'M' 'M' 'M' 'M' 'U'
 'M' 'M' 'U' 'M' 'M' 'M' 'M' 'U' 'M' 'M' 'M' 'M' 'M' 'M' 'U' 'M' 'M' 'M'
 'M' 'M' 'M' 'U' 'U' 'M' 'U' 'M' 'M' 'M' 'M' 'M' 'M' 'M' 'U' 'M' 'U' 'M'
 'M' 'M' 'M' 'A' 'M' 'M' 'U' 'A' 'A' 'M' 'U' 'A' 'A' 'M' 'M' 'M' 'M' 'U'
 'M' 'M' 'M' 'M' 'M' 'M' 'M' 'M' 'M' 'M' 'M' 'U' 'U' 'M' 'M' 'M' 'M' 'M'
 'M' 'M' 'M' 'M' 'M' 'M' 'M' 'U' 'U' 'M' 'U' 'M' 'U' 'M' 'M' 'M' 'M' 'M'
 'M' 'M' 'M' 'M' 'U' 'M' 'M' 'M' 'M' 'M' 'M' 'U' 'M' 'M' 'M' 'U' 'U' 'M']"
100501,0,170,8,162,28,0,0,"['A' 'A' 'M' 'U' 'M' 'M' 'A' 'M' 'M' 'M' 'M' 'M' 'M' 'M' 'M' 'M' 'M' 'M'
 'M' 'M' 'M' 'M' 'M' 'M' 'M' 'M' 'M' 'M' 'M' 'M' 'M' 'M' 'M' 'M' 'M' 'M'
 'M' 'M' 'M' 'M' 'M' 'M' 'U' 'U' 'M' 'M' 'M' 'U' 'M' 'M' 'M' 'M' 'M' 'M'
 'M' 'M' 'M' 'M' 'M' 'U' 'M' 'M' 'M' 'M' 'M' 'M' 'M' 'M' 'M' 'M' 'M' 'M'
 'M' 'M' 'U' 'M' 'M' 'U' 'M' 'M' 'M' 'U' 'M' 'M' 'U' 'M' 'M' 'M' 'M' 'M'
 'M' 'M' 'M' 'U' 'M' 'M' 'M' 'U' 'M' 'M' 'M' 'M' 'M' 'M' 'U' 'M' 'M' 'M'
 'M' 'M' 'M' 'M' 'U' 'M' 'M' 'M' 'M' 'M' 'M' 'M' 'M' 'M' 'M' 'M' 'U' 'M'
 'M' 'M' 'M' 'A' 'M' 'M' 'U' 'A' 'A' 'U' 'U' 'A' 'A' 'M' 'M' 'M' 'M' 'U'
 'M' 'M' 'M' 'M' 'M' 'M' 'M' 'M' 'M' 'M' 'M' 'U' 'U' 'M' 'M' 'M' 'M' 'M'
 'M' 'M' 'M' 'M' 'M' 'M' 'M' 'U' 'U' 'M' 'U' 'M' 'U' 'M' 'M' 'U' 'M' 'M'
 'M' 'M' 'M' 'M' 'U' 'M' 'M' 'M' 'M' 'M' 'M' 'U' 'M' 'M' 'M' 'U' 'M' 'M']"
100601,0,165,7,158,33,0,0,"['A' 'A' 'M' 'M' 'M' 'M' 'A' 'M' 'M' 'M' 'M' 'M' 'M' 'M' 'M' 'M' 'M' 'M'
 'M' 'M' 'M' 'M' 'M' 'M' 'M' 'M' 'M' 'M' 'M' 'M' 'M' 'M' 'M' 'M' 'M' 'M'
 'M' 'M' 'M' 'M' 'M' 'M' 'M' 'U' 'M' 'M' 'M' 'A' 'M' 'M' 'M' 'M' 'M' 'M'
 'M' 'M' 'M' 'M' 'M' 'U' 'M' 'U' 'M' 'U' 'M' 'M' 'U' 'M' 'M' 'M' 'M' 'M'
 'U' 'M' 'M' 'M' 'M' 'M' 'M' 'M' 'M' 'M' 'M' 'M' 'M' 'M' 'U' 'M' 'M' 'M'
 'M' 'M' 'M' 'U' 'U' 'U' 'M' 'U' 'M' 'M' 'M' 'M' 'M' 'M' 'U' 'M' 'M' 'M'
 'M' 'M' 'M' 'M' 'U' 'M' 'M' 'M' 'M' 'M' 'U' 'M' 'M' 'M' 'M' 'M' 'U' 'M'
 'M' 'M' 'M' 'A' 'M' 'U' 'M' 'A' 'U' 'U' 'M' 'U' 'A' 'M' 'M' 'M' 'M' 'M'
 'M' 'M' 'M' 'M' 'M' 'M' 'M' 'U' 'M' 'M' 'M' 'U' 'U' 'M' 'M' 'M' 'M' 'M'
 'M' 'M' 'M' 'M' 'M' 'M' 'M' 'U' 'U' 'M' 'U' 'M' 'U' 'U' 'M' 'U' 'M' 'M'
 'M' 'M' 'M' 'M' 'U' 'M' 'U' 'M' 'M' 'M' 'M' 'U' 'M' 'M' 'M' 'U' 'U' 'M']"
100701,0,168,5,163,30,0,0,"['A' 'A' 'M' 'M' 'M' 'M' 'U' 'M' 'M' 'M' 'M' 'M' 'M' 'M' 'M' 'M' 'M' 'M'
 'M' 'M' 'M' 'M' 'M' 'M' 'M' 'M' 'M' 'M' 'M' 'M' 'M' 'M' 'M' 'M' 'M' 'M'
 'M' 'M' 'M' 'M' 'M' 'M' 'M' 'U' 'M' 'M' 'M' 'U' 'M' 'M' 'M' 'M' 'M' 'M'
 'U' 'M' 'M' 'M' 'M' 'U' 'M' 'U' 'M' 'M' 'M' 'M' 'M' 'M' 'M' 'M' 'M' 'M'
 'M' 'M' 'M' 'M' 'M' 'M' 'M' 'M' 'M' 'U' 'M' 'M' 'M' 'M' 'U' 'M' 'M' 'M'
 'M' 'U' 'U' 'M' 'U' 'A' 'M' 'M' 'M' 'M' 'M' 'M' 'M' 'M' 'U' 'M' 'M' 'M'
 'U' 'M' 'M' 'M' 'U' 'M' 'M' 'M' 'M' 'M' 'M' 'M' 'M' 'M' 'M' 'M' 'M' 'M'
 'M' 'M' 'M' 'A' 'M' 'U' 'M' 'U' 'M' 'M' 'M' 'M' 'A' 'M' 'M' 'M' 'M' 'M'
 'M' 'M' 'M' 'M' 'M' 'M' 'M' 'U' 'M' 'M' 'M' 'U' 'U' 'M' 'M' 'M' 'M' 'M'
 'M' 'M' 'M' 'M' 'M' 'M' 'M' 'U' 'U' 'M' 'M' 'M' 'U' 'U' 'M' 'M' 'M' 'M'
 'U' 'M' 'M' 'M' 'U' 'M' 'U' 'M' 'U' 'U' 'M' 'M' 'M' 'M' 'M' 'U' 'U' 'M']"
100801,0,166,2,164,32,0,0,"['A' 'A' 'U' 'M' 'M' 'M' 'M' 'M' 'M' 'M' 'M' 'M' 'M' 'M' 'M' 'M' 'M' 'M'
 'M' 'M' 'M' 'M' 'M' 'M' 'M' 'M' 'M' 'M' 'M' 'M' 'M' 'M' 'M' 'M' 'M' 'M'
 'M' 'M' 'M' 'M' 'U' 'M' 'M' 'U' 'M' 'M' 'M' 'U' 'M' 'M' 'M' 'M' 'M' 'M'
 'U' 'M' 'M' 'M' 'M' 'M' 'M' 'U' 'U' 'M' 'M' 'M' 'M' 'M' 'M' 'U' 'M' 'M'
 'M' 'M' 'M' 'M' 'M' 'M' 'M' 'U' 'M' 'M' 'M' 'U' 'M' 'U' 'M' 'M' 'M' 'U'
 'M' 'M' 'M' 'M' 'M' 'U' 'M' 'M' 'M' 'M' 'M' 'U' 'M' 'M' 'M' 'U' 'M' 'M'
 'U' 'M' 'M' 'M' 'U' 'M' 'M' 'M' 'M' 'M' 'M' 'M' 'M' 'M' 'M' 'M' 'M' 'M'
 'M' 'M' 'M' 'U' 'M' 'M' 'M' 'U' 'M' 'M' 'M' 'M' 'U' 'M' 'M' 'M' 'M' 'M'
 'M' 'M' 'M' 'M' 'M' 'M' 'M' 'M' 'M' 'M' 'M' 'M' 'U' 'M' 'M' 'M' 'M' 'M'
 'M' 'M' 'M' 'M' 'M' 'M' 'M' 'M' 'U' 'M' 'M' 'M' 'M' 'U' 'M' 'M' 'M' 'M'
 'U' 'M' 'M' 'M' 'U' 'M' 'U' 'M' 'U' 'U' 'U' 'M' 'M' 'M' 'M' 'U' 'U' 'U']"
100901,1,164,1,163,34,0,0,"['A' 'U' 'U' 'M' 'M' 'M' 'M' 'M' 'M' 'M' 'M' 'M' 'M' 'M' 'M' 'M' 'M' 'U'
 'M' 'M' 'M' 'M' 'M' 'M' 'M' 'M' 'M' 'M' 'M' 'M' 'M' 'M' 'U' 'M' 'M' 'M'
 'M' 'M' 'M' 'U' 'U' 'M' 'M' 'U' 'M' 'M' 'M' 'U' 'M' 'M' 'M' 'M' 'M' 'M'
 'U' 'M' 'M' 'M' 'M' 'M' 'M' 'M' 'U' 'M' 'M' 'M' 'M' 'M' 'U' 'M' 'M' 'M'
 'M' 'M' 'M' 'M' 'M' 'M' 'M' 'M' 'U' 'U' 'M' 'M' 'M' 'M' 'U' 'M' 'M' 'U'
 'M' 'M' 'M' 'M' 'M' 'U' 'U' 'M' 'M' 'M' 'M' 'U' 'M' 'M' 'M' 'U' 'M' 'M'
 'U' 'M' 'M' 'M' 'U' 'M' 'M' 'M' 'M' 'M' 'M' 'M' 'M' 'M' 'M' 'M' 'M' 'M'
 'M' 'M' 'M' 'U' 'M' 'U' 'M' 'U' 'M' 'M' 'M' 'M' 'U' 'M' 'M' 'M' 'M' 'M'
 'M' 'M' 'M' 'M' 'M' 'M' 'M' 'M' 'M' 'M' 'M' 'M' 'U' 'M' 'M' 'M' 'M' 'M'
 'M' 'M' 'M' 'M' 'M' 'M' 'M' 'M' 'U' 'M' 'M' 'M' 'M' 'U' 'U' 'M' 'M' 'M'
 'U' 'M' 'M' 'M' 'M' 'M' 'M' 'M' 'U' 'U' 'M' 'M' 'M' 'M' 'M' 'M' 'U' 'U']"
101001,0,157,1,156,41,0,0,"['A' 'M' 'U' 'M' 'M' 'M' 'M' 'M' 'M' 'M' 'M' 'M' 'M' 'M' 'M' 'M' 'M' 'M'
 'M' 'M' 'M' 'M' 'M' 'M' 'M' 'M' 'M' 'M' 'M' 'M' 'M' 'M' 'M' 'M' 'U' 'M'
 'M' 'M' 'M' 'U' 'U' 'M' 'M' 'U' 'M' 'M' 'M' 'U' 'M' 'M' 'M' 'M' 'M' 'M'
 'M' 'M' 'M' 'U' 'M' 'M' 'M' 'M' 'U' 'M' 'M' 'M' 'M' 'M' 'M' 'M' 'U' 'M'
 'M' 'U' 'M' 'M' 'M' 'M' 'M' 'M' 'M' 'M' 'M' 'M' 'M' 'U' 'M' 'M' 'M' 'U'
 'M' 'M' 'M' 'U' 'M' 'U' 'M' 'U' 'M' 'U' 'U' 'M' 'M' 'M' 'M' 'U' 'M' 'U'
 'U' 'M' 'U' 'M' 'M' 'M' 'M' 'M' 'M' 'M' 'M' 'U' 'M' 'M' 'M' 'M' 'M' 'M'
 'M' 'M' 'M' 'U' 'M' 'U' 'U' 'U' 'U' 'M' 'U' 'U' 'U' 'M' 'U' 'M' 'M' 'U'
 'M' 'M' 'M' 'U' 'M' 'M' 'M' 'M' 'M' 'M' 'M' 'M' 'M' 'M' 'M' 'M' 'M' 'M'
 'M' 'M' 'M' 'M' 'M' 'M' 'M' 'M' 'M' 'M' 'M' 'U' 'M' 'M' 'U' 'M' 'M' 'M'
 'U' 'U' 'M' 'M' 'M' 'M' 'M' 'M' 'U' 'U' 'M' 'M' 'M' 'M' 'M' 'M' 'U' 'U']"
101101,0,162,3,159,36,0,0,"['A' 'M' 'U' 'M' 'M' 'M' 'M' 'M' 'M' 'M' 'M' 'M' 'M' 'M' 'M' 'M' 'M' 'M'
 'M' 'M' 'M' 'M' 'M' 'M' 'M' 'M' 'M' 'M' 'M' 'M' 'M' 'M' 'M' 'M' 'U' 'M'
 'M' 'M' 'M' 'M' 'U' 'M' 'M' 'U' 'M' 'M' 'M' 'U' 'M' 'M' 'M' 'M' 'M' 'M'
 'M' 'M' 'M' 'M' 'M' 'M' 'M' 'M' 'U' 'M' 'M' 'M' 'M' 'U' 'M' 'U' 'M' 'M'
 'M' 'M' 'M' 'U' 'M' 'M' 'M' 'U' 'M' 'M' 'M' 'M' 'M' 'M' 'M' 'M' 'M' 'U'
 'M' 'M' 'M' 'M' 'M' 'U' 'M' 'M' 'M' 'U' 'A' 'M' 'M' 'M' 'M' 'U' 'M' 'U'
 'U' 'U' 'U' 'M' 'M' 'M' 'M' 'M' 'M' 'M' 'M' 'U' 'M' 'M' 'M' 'M' 'M' 'M'
 'M' 'M' 'M' 'U' 'M' 'U' 'U' 'U' 'M' 'M' 'M' 'U' 'U' 'M' 'U' 'M' 'M' 'U'
 'M' 'M' 'U' 'A' 'M' 'M' 'M' 'M' 'M' 'M' 'M' 'M' 'M' 'M' 'M' 'M' 'U' 'U'
 'M' 'M' 'M' 'M' 'M' 'M' 'M' 'U' 'M' 'M' 'M' 'M' 'M' 'M' 'M' 'M' 'M' 'M'
 'U' 'U' 'M' 'M' 'M' 'M' 'M' 'M' 'U' 'M' 'M' 'M' 'M' 'M' 'M' 'M' 'U' 'U']"
101201,1,165,3,162,33,0,0,"['A' 'M' 'U' 'M' 'M' 'M' 'M' 'M' 'M' 'M' 'M' 'M' 'M' 'M' 'M' 'M' 'M' 'M'
 'M' 'M' 'M' 'M' 'M' 'M' 'M' 'M' 'M' 'M' 'M' 'M' 'M' 'M' 'M' 'M' 'U' 'M'
 'M' 'M' 'M' 'M' 'M' 'M' 'M' 'M' 'M' 'M' 'M' 'U' 'M' 'M' 'M' 'M' 'M' 'M'
 'M' 'M' 'M' 'M' 'M' 'M' 'M' 'M' 'U' 'M' 'M' 'M' 'M' 'M' 'M' 'U' 'M' 'M'
 'M' 'M' 'M' 'M' 'M' 'M' 'M' 'U' 'M' 'M' 'M' 'U' 'M' 'M' 'M' 'U' 'M' 'U'
 'M' 'M' 'M' 'M' 'M' 'U' 'M' 'M' 'U' 'U' 'A' 'M' 'M' 'M' 'M' 'U' 'M' 'M'
 'U' 'U' 'U' 'M' 'M' 'M' 'U' 'M' 'M' 'M' 'M' 'M' 'M' 'M' 'M' 'M' 'M' 'M'
 'M' 'M' 'M' 'M' 'M' 'U' 'U' 'U' 'U' 'U' 'U' 'U' 'U' 'M' 'M' 'M' 'M' 'U'
 'M' 'M' 'U' 'A' 'M' 'M' 'M' 'M' 'M' 'M' 'M' 'M' 'M' 'M' 'M' 'M' 'U' 'M'
 'M' 'M' 'M' 'M' 'M' 'M' 'M' 'U' 'M' 'M' 'M' 'M' 'M' 'M' 'M' 'M' 'M' 'M'
 'M' 'U' 'M' 'M' 'M' 'M' 'M' 'M' 'U' 'M' 'M' 'M' 'M' 'M' 'M' 'M' 'U' 'U']"
101301,1,171,3,168,27,0,0,"['A' 'M' 'U' 'M' 'M' 'M' 'M' 'M' 'M' 'M' 'M' 'M' 'M' 'M' 'M' 'M' 'M' 'M'
 'M' 'U' 'M' 'M' 'M' 'M' 'M' 'M' 'M' 'M' 'M' 'M' 'M' 'M' 'M' 'M' 'U' 'M'
 'M' 'M' 'M' 'M' 'M' 'M' 'M' 'M' 'M' 'M' 'M' 'U' 'M' 'M' 'M' 'M' 'M' 'M'
 'M' 'M' 'M' 'M' 'M' 'M' 'M' 'M' 'M' 'M' 'M' 'M' 'U' 'M' 'M' 'M' 'M' 'M'
 'M' 'M' 'U' 'U' 'M' 'M' 'M' 'M' 'U' 'M' 'M' 'M' 'M' 'M' 'M' 'M' 'M' 'M'
 'M' 'U' 'M' 'M' 'M' 'U' 'M' 'M' 'M' 'U' 'A' 'M' 'M' 'M' 'M' 'M' 'M' 'M'
 'U' 'U' 'M' 'M' 'M' 'M' 'U' 'M' 'M' 'M' 'M' 'M' 'M' 'M' 'M' 'M' 'M' 'M'
 'M' 'M' 'M' 'M' 'M' 'M' 'U' 'U' 'U' 'U' 'U' 'U' 'U' 'M' 'M' 'M' 'M' 'M'
 'M' 'M' 'U' 'A' 'M' 'M' 'M' 'M' 'M' 'M' 'M' 'M' 'M' 'M' 'M' 'M' 'M' 'M'
 'M' 'M' 'M' 'M' 'M' 'M' 'M' 'M' 'M' 'M' 'M' 'M' 'M' 'M' 'M' 'M' 'M' 'M'
 'M' 'U' 'M' 'M' 'M' 'M' 'M' 'M' 'U' 'M' 'M' 'M' 'M' 'M' 'U' 'M' 'U' 'U']"
101401,0,167,2,165,31,1,0,"['A' 'M' 'U' 'M' 'M' 'M' 'M' 'M' 'M' 'M' 'M' 'M' 'M' 'M' 'M' 'M' 'M' 'M'
 'M' 'U' 'M' 'M' 'M' 'M' 'M' 'M' 'M' 'M' 'U' 'M' 'M' 'M' 'M' 'M' 'U' 'M'
 'M' 'U' 'M' 'M' 'M' 'M' 'M' 'M' 'M' 'M' 'M' 'U' 'M' 'M' 'M' 'M' 'M' 'M'
 'M' 'M' 'M' 'M' 'M' 'M' 'M' 'M' 'U' 'U' 'M' 'M' 'M' 'M' 'M' 'M' 'M' 'M'
 'M' 'M' 'U' 'U' 'M' 'M' 'M' 'M' 'M' 'M' 'M' 'U' 'M' 'U' 'U' 'M' 'M' 'M'
 'M' 'M' 'M' 'M' 'M' 'U' 'M' 'M' 'M' 'M' 'U' 'M' 'M' 'M' 'M' 'M' 'M' 'M'
 'U' 'U' 'M' 'M' 'M' 'M' 'M' 'M' 'M' 'M' 'M' 'M' 'M' 'M' 'M' 'M' 'M' 'M'
 'M' 'M' 'M' 'M' 'U' 'M' 'U' 'M' 'M' 'A' 'M' 'M' 'U' 'M' 'M' 'U' 'M' 'M'
 'M' 'M' 'U' 'U' 'M' 'M' 'M' 'U' 'M' 'M' 'M' 'M' 'M' 'M' 'M' 'M' 'M' 'M'
 'M' 'M' 'M' 'M' 'M' 'M' 'M' 'M' 'M' 'M' 'M' 'M' 'M' 'M' 'M' 'M' 'M' 'U'
 'U' 'U' 'M' 'M' 'M' 'M' 'M' 'M' 'U' 'M' 'M' 'M' 'M' 'M' 'U' 'M' 'U' 'U']"
101501,0,167,3,164,31,0,0,"['A' 'M' 'U' 'M' 'M' 'M' 'M' 'M' 'M' 'M' 'M' 'M' 'M' 'M' 'M' 'M' 'M' 'M'
 'M' 'U' 'M' 'M' 'M' 'M' 'M' 'M' 'M' 'M' 'M' 'M' 'M' 'U' 'M' 'M' 'U' 'M'
 'M' 'U' 'M' 'M' 'M' 'M' 'M' 'M' 'M' 'M' 'M' 'U' 'M' 'M' 'M' 'M' 'M' 'M'
 'M' 'U' 'M' 'U' 'M' 'M' 'M' 'M' 'A' 'M' 'M' 'M' 'M' 'M' 'M' 'M' 'M' 'M'
 'M' 'M' 'M' 'M' 'M' 'M' 'M' 'U' 'M' 'U' 'M' 'U' 'U' 'M' 'M' 'M' 'M' 'M'
 'M' 'M' 'M' 'M' 'U' 'U' 'M' 'M' 'M' 'M' 'U' 'M' 'M' 'M' 'M' 'M' 'M' 'M'
 'U' 'U' 'M' 'M' 'M' 'M' 'M' 'M' 'M' 'M' 'M' 'M' 'M' 'M' 'M' 'M' 'M' 'M'
 'M' 'M' 'M' 'M' 'U' 'M' 'U' 'M' 'M' 'A' 'M' 'M' 'U' 'M' 'M' 'U' 'M' 'M'
 'M' 'M' 'U' 'M' 'M' 'M' 'M' 'U' 'M' 'M' 'M' 'M' 'M' 'M' 'U' 'M' 'M' 'M'
 'M' 'M' 'M' 'M' 'M' 'M' 'M' 'U' 'M' 'M' 'M' 'M' 'M' 'M' 'M' 'M' 'M' 'U'
 'M' 'U' 'M' 'M' 'M' 'U' 'M' 'M' 'M' 'M' 'M' 'M' 'M' 'M' 'U' 'M' 'U' 'U']"
101601,0,167,4,163,31,1,0,"['A' 'M' 'U' 'M' 'M' 'M' 'M' 'M' 'M' 'M' 'M' 'M' 'M' 'M' 'M' 'M' 'M' 'M'
 'M' 'U' 'M' 'M' 'M' 'M' 'M' 'M' 'M' 'M' 'M' 'M' 'M' 'A' 'M' 'M' 'M' 'M'
 'M' 'U' 'M' 'M' 'M' 'U' 'M' 'M' 'M' 'M' 'U' 'U' 'M' 'M' 'M' 'U' 'M' 'M'
 'M' 'M' 'M' 'U' 'M' 'M' 'M' 'M' 'U' 'M' 'M' 'M' 'M' 'M' 'M' 'M' 'M' 'M'
 'M' 'M' 'M' 'M' 'M' 'U' 'M' 'M' 'M' 'M' 'M' 'U' 'M' 'M' 'M' 'U' 'M' 'M'
 'U' 'M' 'M' 'M' 'U' 'U' 'M' 'M' 'M' 'M' 'U' 'M' 'U' 'M' 'M' 'M' 'M' 'M'
 'U' 'U' 'M' 'M' 'M' 'M' 'M' 'M' 'M' 'M' 'M' 'U' 'M' 'M' 'M' 'M' 'M' 'M'
 'M' 'M' 'M' 'M' 'U' 'M' 'U' 'M' 'M' 'A' 'M' 'M' 'U' 'M' 'M' 'M' 'M' 'M'
 'M' 'M' 'U' 'M' 'M' 'M' 'M' 'M' 'M' 'M' 'M' 'M' 'M' 'M' 'U' 'U' 'M' 'M'
 'M' 'M' 'M' 'M' 'M' 'M' 'M' 'U' 'M' 'M' 'M' 'M' 'M' 'M' 'M' 'M' 'M' 'M'
 'M' 'U' 'M' 'M' 'U' 'U' 'M' 'M' 'M' 'M' 'M' 'M' 'M' 'M' 'M' 'M' 'U' 'A']"
101701,0,173,4,169,25,0,0,"['A' 'M' 'M' 'M' 'M' 'M' 'M' 'M' 'M' 'M' 'M' 'M' 'M' 'M' 'M' 'M' 'M' 'M'
 'M' 'U' 'M' 'M' 'M' 'M' 'M' 'U' 'M' 'M' 'M' 'M' 'M' 'A' 'M' 'M' 'M' 'M'
 'M' 'M' 'U' 'M' 'M' 'M' 'U' 'M' 'M' 'M' 'U' 'U' 'M' 'M' 'M' 'U' 'M' 'M'
 'U' 'M' 'M' 'M' 'M' 'M' 'M' 'M' 'M' 'M' 'M' 'U' 'M' 'M' 'M' 'M' 'M' 'U'
 'M' 'M' 'U' 'M' 'M' 'M' 'M' 'M' 'M' 'M' 'M' 'M' 'M' 'M' 'M' 'M' 'U' 'M'
 'M' 'U' 'M' 'M' 'M' 'U' 'M' 'M' 'M' 'M' 'U' 'M' 'M' 'M' 'M' 'M' 'M' 'M'
 'U' 'U' 'M' 'M' 'M' 'M' 'M' 'M' 'M' 'M' 'M' 'U' 'M' 'M' 'M' 'M' 'M' 'M'
 'M' 'M' 'M' 'M' 'U' 'M' 'M' 'M' 'M' 'A' 'M' 'M' 'M' 'M' 'M' 'M' 'M' 'M'
 'M' 'M' 'M' 'U' 'M' 'M' 'M' 'M' 'M' 'M' 'M' 'M' 'M' 'M' 'U' 'U' 'M' 'M'
 'M' 'M' 'M' 'M' 'M' 'M' 'M' 'U' 'M' 'M' 'M' 'U' 'M' 'M' 'M' 'M' 'M' 'M'
 'M' 'M' 'M' 'M' 'M' 'U' 'M' 'M' 'M' 'M' 'M' 'M' 'M' 'M' 'M' 'M' 'M' 'A']"
101801,0,163,3,160,35,0,0,"['A' 'M' 'M' 'M' 'M' 'M' 'M' 'M' 'M' 'M' 'U' 'M' 'M' 'M' 'M' 'M' 'M' 'M'
 'M' 'U' 'M' 'M' 'M' 'M' 'M' 'U' 'M' 'U' 'M' 'M' 'M' 'U' 'M' 'M' 'M' 'U'
 'M' 'M' 'U' 'M' 'M' 'M' 'U' 'M' 'M' 'M' 'A' 'U' 'M' 'M' 'M' 'M' 'M' 'M'
 'M' 'M' 'M' 'M' 'M' 'M' 'M' 'M' 'M' 'M' 'M' 'U' 'M' 'M' 'M' 'U' 'M' 'M'
 'M' 'M' 'U' 'M' 'M' 'M' 'M' 'M' 'U' 'M' 'U' 'M' 'M' 'M' 'M' 'M' 'M' 'M'
 'M' 'M' 'M' 'M' 'M' 'M' 'M' 'M' 'M' 'M' 'U' 'M' 'U' 'M' 'M' 'M' 'M' 'M'
 'U' 'M' 'U' 'M' 'M' 'M' 'M' 'M' 'U' 'M' 'M' 'U' 'M' 'M' 'M' 'M' 'M' 'M'
 'M' 'M' 'M' 'M' 'M' 'M' 'M' 'U' 'U' 'U' 'U' 'U' 'U' 'M' 'M' 'M' 'M' 'M'
 'M' 'M' 'M' 'U' 'M' 'M' 'M' 'M' 'M' 'M' 'M' 'M' 'M' 'M' 'U' 'U' 'M' 'M'
 'M' 'M' 'M' 'M' 'M' 'M' 'M' 'U' 'M' 'M' 'U' 'U' 'M' 'M' 'M' 'M' 'M' 'M'
 'M' 'M' 'M' 'M' 'M' 'U' 'M' 'M' 'M' 'M' 'U' 'M' 'M' 'U' 'M' 'M' 'M' 'A']"
101901,0,170,6,164,28,0,0,"['A' 'M' 'M' 'M' 'M' 'M' 'U' 'M' 'M' 'M' 'U' 'M' 'M' 'M' 'M' 'M' 'M' 'M'
 'M' 'M' 'M' 'M' 'M' 'M' 'M' 'M' 'M' 'U' 'M' 'M' 'M' 'U' 'M' 'M' 'M' 'M'
 'M' 'M' 'M' 'M' 'M' 'U' 'U' 'M' 'M' 'M' 'A' 'U' 'M' 'M' 'M' 'M' 'M' 'M'
 'U' 'M' 'M' 'M' 'M' 'M' 'M' 'M' 'M' 'M' 'M' 'M' 'M' 'U' 'M' 'M' 'M' 'M'
 'M' 'M' 'M' 'M' 'U' 'M' 'U' 'M' 'M' 'M' 'U' 'M' 'M' 'M' 'M' 'U' 'M' 'M'
 'M' 'M' 'M' 'M' 'M' 'M' 'M' 'M' 'M' 'M' 'M' 'M' 'U' 'M' 'M' 'M' 'M' 'M'
 'U' 'M' 'M' 'M' 'M' 'M' 'M' 'M' 'U' 'M' 'M' 'U' 'M' 'M' 'M' 'M' 'M' 'M'
 'M' 'M' 'M' 'M' 'M' 'M' 'U' 'A' 'U' 'U' 'A' 'A' 'U' 'M' 'M' 'M' 'M' 'M'
 'M' 'M' 'M' 'U' 'M' 'M' 'M' 'M' 'M' 'M' 'M' 'U' 'M' 'M' 'U' 'M' 'M' 'M'
 'M' 'M' 'M' 'M' 'M' 'M' 'M' 'U' 'M' 'M' 'M' 'U' 'M' 'M' 'U' 'M' 'M' 'M'
 'M' 'M' 'M' 'M' 'M' 'U' 'M' 'M' 'M' 'M' 'M' 'M' 'M' 'M' 'M' 'M' 'M' 'A']"
102001,0,177,6,171,21,0,0,"['A' 'M' 'U' 'M' 'M' 'M' 'U' 'M' 'M' 'M' 'M' 'M' 'M' 'M' 'M' 'M' 'M' 'M'
 'M' 'M' 'M' 'M' 'M' 'M' 'M' 'M' 'M' 'U' 'M' 'M' 'M' 'M' 'M' 'M' 'M' 'M'
 'M' 'M' 'M' 'M' 'M' 'M' 'U' 'M' 'M' 'M' 'A' 'U' 'M' 'M' 'M' 'M' 'M' 'M'
 'M' 'M' 'M' 'M' 'M' 'M' 'M' 'M' 'M' 'M' 'M' 'M' 'M' 'U' 'M' 'M' 'M' 'M'
 'U' 'M' 'M' 'M' 'M' 'U' 'M' 'M' 'M' 'U' 'M' 'M' 'M' 'M' 'M' 'M' 'M' 'M'
 'M' 'M' 'M' 'M' 'U' 'M' 'M' 'M' 'M' 'M' 'M' 'M' 'M' 'M' 'M' 'M' 'M' 'M'
 'M' 'M' 'M' 'M' 'M' 'M' 'M' 'M' 'U' 'M' 'M' 'M' 'M' 'M' 'M' 'M' 'M' 'M'
 'M' 'M' 'M' 'M' 'M' 'M' 'M' 'A' 'U' 'M' 'A' 'A' 'M' 'M' 'U' 'M' 'M' 'M'
 'M' 'M' 'M' 'U' 'M' 'M' 'M' 'M' 'M' 'M' 'M' 'U' 'M' 'M' 'U' 'M' 'M' 'M'
 'M' 'M' 'M' 'M' 'M' 'M' 'M' 'U' 'M' 'M' 'M' 'M' 'M' 'M' 'U' 'M' 'M' 'M'
 'M' 'M' 'M' 'M' 'M' 'U' 'M' 'M' 'M' 'U' 'M' 'M' 'U' 'M' 'M' 'M' 'M' 'A']"
102101,0,182,8,174,16,0,1,"['A' 'M' 'U' 'M' 'M' 'M' 'U' 'M' 'M' 'A' 'M' 'M' 'M' 'M' 'M' 'M' 'M' 'M'
 'M' 'M' 'M' 'M' 'M' 'M' 'M' 'M' 'M' 'U' 'M' 'M' 'M' 'M' 'M' 'M' 'M' 'M'
 'M' 'M' 'M' 'M' 'M' 'M' 'M' 'M' 'M' 'M' 'A' 'M' 'M' 'M' 'M' 'M' 'M' 'M'
 'M' 'M' 'M' 'M' 'M' 'M' 'M' 'M' 'M' 'U' 'M' 'M' 'M' 'M' 'M' 'U' 'M' 'M'
 'U' 'M' 'M' 'M' 'M' 'M' 'M' 'M' 'M' 'M' 'M' 'M' 'M' 'U' 'M' 'M' 'U' 'M'
 'M' 'U' 'M' 'M' 'M' 'M' 'M' 'M' 'M' 'M' 'M' 'M' 'M' 'M' 'M' 'M' 'M' 'U'
 'M' 'M' 'M' 'M' 'M' 'M' 'M' 'M' 'A' 'M' 'M' 'M' 'M' 'M' 'M' 'M' 'M' 'M'
 'U' 'M' 'M' 'M' 'M' 'M' 'M' 'A' 'U' 'M' 'A' 'A' 'M' 'M' 'M' 'M' 'M' 'M'
 'M' 'M' 'M' 'U' 'M' 'M' 'M' 'M' 'M' 'M' 'M' 'M' 'M' 'M' 'U' 'M' 'M' 'M'
 'M' 'M' 'M' 'M' 'M' 'M' 'M' 'U' 'M' 'M' 'M' 'M' 'M' 'M' 'M' 'M' 'M' 'M'
 'M' 'M' 'M' 'M' 'M' 'M' 'M' 'M' 'M' 'U' 'M' 'M' 'M' 'M' 'M' 'M' 'M' 'A']"
102201,0,176,6,170,22,0,0,"['A' 'M' 'U' 'M' 'M' 'M' 'U' 'M' 'M' 'U' 'M' 'M' 'M' 'M' 'M' 'M' 'M' 'M'
 'U' 'M' 'M' 'M' 'M' 'M' 'M' 'M' 'M' 'M' 'M' 'M' 'M' 'M' 'M' 'M' 'M' 'M'
 'M' 'M' 'M' 'M' 'M' 'U' 'M' 'M' 'U' 'M' 'A' 'M' 'M' 'M' 'M' 'M' 'M' 'M'
 'M' 'M' 'M' 'U' 'M' 'M' 'M' 'M' 'M' 'U' 'U' 'U' 'U' 'M' 'M' 'M' 'M' 'M'
 'M' 'M' 'M' 'M' 'M' 'M' 'M' 'M' 'M' 'M' 'M' 'U' 'U' 'M' 'M' 'M' 'U' 'M'
 'M' 'M' 'M' 'M' 'M' 'M' 'M' 'M' 'M' 'M' 'M' 'M' 'M' 'M' 'M' 'M' 'M' 'U'
 'M' 'M' 'M' 'M' 'M' 'M' 'M' 'M' 'U' 'M' 'M' 'M' 'M' 'M' 'M' 'M' 'M' 'M'
 'U' 'M' 'M' 'M' 'M' 'M' 'M' 'A' 'M' 'U' 'M' 'A' 'M' 'M' 'M' 'M' 'M' 'M'
 'M' 'U' 'M' 'U' 'M' 'M' 'M' 'M' 'M' 'M' 'M' 'M' 'M' 'M' 'U' 'M' 'M' 'M'
 'M' 'M' 'M' 'M' 'M' 'M' 'M' 'M' 'M' 'M' 'M' 'M' 'M' 'M' 'M' 'M' 'M' 'M'
 'M' 'M' 'M' 'M' 'M' 'M' 'M' 'M' 'A' 'U' 'M' 'M' 'M' 'M' 'M' 'M' 'M' 'A']"
102301,0,161,2,159,37,0,0,"['A' 'M' 'U' 'M' 'M' 'M' 'U' 'M' 'M' 'U' 'M' 'M' 'M' 'M' 'M' 'M' 'M' 'M'
 'U' 'M' 'M' 'M' 'M' 'M' 'M' 'M' 'M' 'M' 'M' 'M' 'M' 'M' 'M' 'M' 'M' 'M'
 'M' 'M' 'M' 'M' 'M' 'U' 'M' 'U' 'U' 'M' 'A' 'M' 'M' 'U' 'M' 'M' 'M' 'M'
 'M' 'M' 'M' 'M' 'U' 'M' 'M' 'M' 'M' 'U' 'U' 'M' 'M' 'M' 'M' 'M' 'M' 'M'
 'M' 'M' 'U' 'M' 'M' 'M' 'M' 'U' 'M' 'M' 'U' 'M' 'M' 'M' 'M' 'U' 'M' 'M'
 'U' 'M' 'M' 'M' 'M' 'M' 'M' 'M' 'M' 'M' 'U' 'M' 'M' 'M' 'M' 'M' 'M' 'M'
 'U' 'M' 'M' 'M' 'M' 'M' 'M' 'U' 'U' 'M' 'M' 'M' 'M' 'M' 'M' 'U' 'M' 'M'
 'U' 'U' 'M' 'M' 'M' 'M' 'U' 'U' 'U' 'U' 'U' 'U' 'M' 'M' 'M' 'M' 'M' 'M'
 'M' 'M' 'M' 'U' 'U' 'M' 'M' 'U' 'M' 'M' 'M' 'M' 'M' 'M' 'U' 'M' 'M' 'M'
 'M' 'M' 'M' 'M' 'M' 'M' 'M' 'M' 'M' 'M' 'M' 'M' 'M' 'M' 'M' 'U' 'M' 'M'
 'M' 'M' 'M' 'M' 'M' 'M' 'M' 'M' 'U' 'U' 'M' 'M' 'M' 'M' 'M' 'M' 'M' 'U']"
102401,0,167,2,165,31,0,0,"['A' 'M' 'U' 'M' 'M' 'M' 'M' 'M' 'M' 'U' 'M' 'M' 'M' 'M' 'M' 'M' 'M' 'M'
 'M' 'M' 'M' 'M' 'M' 'M' 'M' 'M' 'M' 'M' 'M' 'M' 'M' 'M' 'M' 'M' 'M' 'M'
 'M' 'M' 'M' 'M' 'M' 'U' 'M' 'U' 'M' 'M' 'A' 'M' 'M' 'M' 'M' 'M' 'M' 'M'
 'M' 'M' 'M' 'M' 'U' 'M' 'M' 'M' 'M' 'U' 'U' 'M' 'M' 'M' 'M' 'M' 'M' 'M'
 'M' 'M' 'U' 'M' 'M' 'M' 'M' 'M' 'M' 'U' 'M' 'M' 'M' 'M' 'U' 'M' 'U' 'M'
 'M' 'M' 'M' 'M' 'U' 'M' 'M' 'M' 'M' 'M' 'U' 'M' 'M' 'M' 'M' 'M' 'M' 'M'
 'U' 'M' 'M' 'M' 'M' 'M' 'M' 'U' 'U' 'M' 'M' 'M' 'M' 'M' 'M' 'M' 'M' 'M'
 'U' 'U' 'M' 'M' 'M' 'M' 'M' 'U' 'U' 'U' 'M' 'U' 'U' 'M' 'M' 'M' 'M' 'M'
 'U' 'M' 'M' 'U' 'U' 'M' 'M' 'U' 'M' 'M' 'M' 'M' 'M' 'M' 'U' 'M' 'M' 'M'
 'M' 'M' 'M' 'M' 'M' 'M' 'M' 'M' 'M' 'M' 'M' 'M' 'M' 'M' 'M' 'U' 'M' 'M'
 'M' 'M' 'M' 'M' 'M' 'M' 'M' 'M' 'M' 'U' 'M' 'M' 'M' 'M' 'M' 'M' 'M' 'U']"
102501,0,164,2,162,34,0,0,"['A' 'M' 'U' 'U' 'M' 'M' 'M' 'M' 'U' 'U' 'M' 'M' 'M' 'M' 'M' 'U' 'M' 'M'
 'M' 'M' 'M' 'M' 'M' 'M' 'M' 'M' 'M' 'M' 'M' 'M' 'M' 'M' 'M' 'U' 'M' 'U'
 'M' 'M' 'M' 'M' 'M' 'M' 'M' 'U' 'M' 'M' 'A' 'M' 'M' 'M' 'M' 'M' 'M' 'M'
 'M' 'M' 'M' 'M' 'U' 'M' 'M' 'M' 'M' 'U' 'U' 'M' 'M' 'M' 'U' 'M' 'M' 'M'
 'M' 'M' 'M' 'U' 'M' 'M' 'M' 'U' 'U' 'M' 'M' 'M' 'M' 'M' 'M' 'M' 'M' 'M'
 'U' 'M' 'M' 'M' 'M' 'M' 'M' 'M' 'M' 'M' 'U' 'M' 'M' 'M' 'M' 'M' 'M' 'M'
 'U' 'M' 'M' 'M' 'M' 'M' 'M' 'U' 'U' 'M' 'M' 'M' 'M' 'M' 'M' 'M' 'M' 'M'
 'M' 'U' 'M' 'M' 'M' 'M' 'M' 'U' 'U' 'U' 'M' 'U' 'U' 'M' 'M' 'M' 'M' 'M'
 'M' 'M' 'M' 'U' 'M' 'M' 'M' 'U' 'M' 'M' 'M' 'M' 'M' 'M' 'U' 'M' 'M' 'U'
 'M' 'U' 'U' 'M' 'M' 'M' 'M' 'M' 'M' 'M' 'M' 'M' 'M' 'M' 'M' 'M' 'M' 'M'
 'M' 'M' 'M' 'M' 'M' 'M' 'M' 'M' 'M' 'U' 'M' 'M' 'M' 'M' 'M' 'M' 'M' 'U']"
102601,0,162,2,160,36,0,0,"['A' 'M' 'M' 'U' 'M' 'M' 'M' 'M' 'M' 'U' 'M' 'M' 'M' 'M' 'M' 'U' 'M' 'M'
 'M' 'M' 'M' 'M' 'M' 'M' 'M' 'M' 'M' 'M' 'M' 'U' 'M' 'M' 'M' 'U' 'M' 'M'
 'M' 'M' 'M' 'M' 'M' 'M' 'M' 'U' 'M' 'M' 'A' 'M' 'M' 'M' 'M' 'M' 'U' 'M'
 'M' 'M' 'M' 'M' 'U' 'M' 'M' 'M' 'M' 'M' 'U' 'M' 'U' 'M' 'M' 'M' 'M' 'M'
 'M' 'M' 'M' 'M' 'M' 'M' 'M' 'U' 'M' 'M' 'M' 'M' 'M' 'M' 'M' 'U' 'M' 'M'
 'M' 'M' 'U' 'U' 'M' 'M' 'U' 'M' 'M' 'M' 'M' 'M' 'M' 'M' 'M' 'M' 'M' 'M'
 'U' 'M' 'M' 'M' 'M' 'M' 'M' 'U' 'U' 'M' 'M' 'M' 'M' 'M' 'M' 'M' 'M' 'M'
 'M' 'U' 'U' 'M' 'M' 'M' 'U' 'U' 'U' 'U' 'U' 'U' 'U' 'M' 'M' 'M' 'M' 'U'
 'M' 'U' 'M' 'U' 'M' 'M' 'M' 'U' 'M' 'M' 'M' 'M' 'M' 'M' 'U' 'M' 'M' 'U'
 'M' 'U' 'M' 'M' 'M' 'M' 'M' 'M' 'M' 'M' 'U' 'M' 'M' 'M' 'M' 'M' 'M' 'M'
 'M' 'M' 'M' 'M' 'M' 'M' 'M' 'M' 'M' 'U' 'M' 'M' 'M' 'M' 'M' 'M' 'M' 'M']"
102701,1,169,2,167,29,0,0,"['A' 'M' 'M' 'M' 'M' 'M' 'M' 'M' 'M' 'U' 'M' 'M' 'M' 'M' 'M' 'U' 'M' 'M'
 'M' 'M' 'M' 'M' 'M' 'M' 'M' 'U' 'M' 'M' 'M' 'M' 'M' 'M' 'M' 'M' 'M' 'M'
 'M' 'M' 'M' 'M' 'M' 'M' 'M' 'U' 'M' 'M' 'A' 'M' 'M' 'M' 'M' 'M' 'U' 'M'
 'M' 'M' 'M' 'M' 'M' 'M' 'M' 'M' 'M' 'M' 'M' 'U' 'M' 'U' 'M' 'M' 'U' 'M'
 'M' 'M' 'M' 'U' 'M' 'M' 'M' 'M' 'M' 'M' 'M' 'M' 'M' 'M' 'M' 'U' 'M' 'M'
 'M' 'M' 'M' 'M' 'M' 'M' 'U' 'M' 'M' 'M' 'M' 'M' 'M' 'M' 'M' 'M' 'M' 'M'
 'U' 'M' 'M' 'M' 'M' 'M' 'M' 'U' 'M' 'M' 'M' 'M' 'M' 'M' 'M' 'M' 'M' 'M'
 'M' 'U' 'U' 'M' 'M' 'M' 'U' 'U' 'U' 'U' 'U' 'U' 'U' 'M' 'M' 'M' 'M' 'M'
 'M' 'M' 'M' 'U' 'M' 'M' 'M' 'U' 'M' 'M' 'M' 'M' 'M' 'M' 'U' 'M' 'M' 'M'
 'M' 'U' 'M' 'M' 'M' 'M' 'M' 'M' 'M' 'M' 'M' 'M' 'M' 'M' 'U' 'M' 'M' 'M'
 'M' 'M' 'M' 'M' 'M' 'M' 'U' 'M' 'M' 'U' 'M' 'M' 'M' 'M' 'M' 'M' 'M' 'M']"
102801,0,170,4,166,28,0,0,"['A' 'M' 'M' 'M' 'M' 'M' 'U' 'M' 'M' 'M' 'M' 'M' 'M' 'U' 'M' 'U' 'M' 'M'
 'M' 'M' 'M' 'M' 'M' 'M' 'M' 'M' 'M' 'M' 'M' 'M' 'M' 'U' 'M' 'M' 'M' 'U'
 'M' 'M' 'M' 'M' 'M' 'M' 'M' 'U' 'M' 'M' 'A' 'M' 'M' 'M' 'M' 'M' 'U' 'M'
 'M' 'M' 'M' 'M' 'M' 'M' 'M' 'M' 'M' 'M' 'M' 'U' 'U' 'M' 'M' 'M' 'U' 'M'
 'U' 'M' 'M' 'M' 'M' 'M' 'M' 'M' 'U' 'M' 'M' 'M' 'M' 'M' 'M' 'M' 'M' 'M'
 'M' 'M' 'M' 'M' 'M' 'M' 'A' 'M' 'M' 'M' 'M' 'M' 'U' 'M' 'M' 'M' 'M' 'M'
 'U' 'U' 'M' 'M' 'M' 'M' 'M' 'U' 'M' 'M' 'U' 'M' 'M' 'M' 'M' 'M' 'M' 'M'
 'M' 'U' 'U' 'M' 'M' 'M' 'U' 'U' 'U' 'M' 'M' 'U' 'U' 'M' 'M' 'M' 'M' 'M'
 'M' 'M' 'M' 'A' 'M' 'M' 'M' 'U' 'M' 'M' 'M' 'M' 'M' 'M' 'M' 'M' 'M' 'M'
 'M' 'U' 'M' 'M' 'M' 'M' 'M' 'M' 'M' 'M' 'M' 'M' 'M' 'M' 'U' 'M' 'M' 'M'
 'M' 'U' 'M' 'M' 'M' 'M' 'M' 'M' 'M' 'M' 'M' 'M' 'M' 'M' 'M' 'M' 'M' 'M']"
102901,0,165,4,161,33,0,0,"['A' 'M' 'M' 'M' 'M' 'M' 'U' 'A' 'M' 'M' 'U' 'M' 'M' 'U' 'M' 'U' 'M' 'M'
 'M' 'M' 'M' 'M' 'M' 'M' 'M' 'M' 'M' 'M' 'M' 'M' 'M' 'U' 'M' 'M' 'M' 'U'
 'M' 'M' 'M' 'M' 'M' 'M' 'M' 'U' 'M' 'M' 'A' 'M' 'M' 'M' 'M' 'M' 'U' 'M'
 'M' 'M' 'M' 'M' 'M' 'M' 'M' 'M' 'M' 'M' 'M' 'M' 'M' 'M' 'U' 'M' 'M' 'M'
 'M' 'M' 'M' 'U' 'M' 'M' 'M' 'U' 'M' 'U' 'M' 'M' 'U' 'M' 'M' 'M' 'M' 'M'
 'M' 'M' 'M' 'M' 'M' 'M' 'A' 'M' 'M' 'M' 'M' 'M' 'M' 'U' 'M' 'M' 'M' 'M'
 'U' 'M' 'M' 'U' 'M' 'M' 'M' 'U' 'M' 'M' 'U' 'M' 'M' 'M' 'M' 'M' 'M' 'M'
 'M' 'U' 'U' 'M' 'M' 'M' 'U' 'U' 'U' 'M' 'M' 'U' 'U' 'M' 'M' 'M' 'M' 'M'
 'M' 'M' 'M' 'U' 'M' 'M' 'M' 'U' 'M' 'M' 'M' 'M' 'M' 'M' 'M' 'M' 'M' 'U'
 'M' 'U' 'M' 'M' 'M' 'M' 'M' 'M' 'M' 'M' 'M' 'M' 'M' 'M' 'U' 'M' 'M' 'M'
 'M' 'U' 'U' 'M' 'M' 'M' 'M' 'M' 'U' 'M' 'M' 'M' 'M' 'M' 'M' 'M' 'M' 'M']"
103001,0,162,6,156,36,0,0,"['A' 'M' 'M' 'U' 'M' 'M' 'M' 'A' 'M' 'M' 'U' 'M' 'M' 'U' 'M' 'U' 'U' 'U'
 'M' 'M' 'M' 'M' 'M' 'M' 'M' 'M' 'M' 'M' 'M' 'M' 'U' 'M' 'M' 'M' 'M' 'U'
 'M' 'M' 'M' 'M' 'M' 'M' 'M' 'U' 'M' 'U' 'A' 'M' 'M' 'M' 'M' 'M' 'U' 'M'
 'M' 'U' 'M' 'M' 'M' 'M' 'M' 'M' 'M' 'M' 'M' 'M' 'U' 'M' 'M' 'M' 'M' 'U'
 'U' 'M' 'M' 'M' 'M' 'M' 'U' 'M' 'M' 'M' 'M' 'M' 'M' 'M' 'U' 'M' 'M' 'M'
 'M' 'M' 'M' 'M' 'M' 'M' 'A' 'M' 'U' 'M' 'M' 'M' 'M' 'M' 'M' 'M' 'U' 'U'
 'U' 'M' 'M' 'U' 'M' 'M' 'M' 'M' 'M' 'M' 'U' 'M' 'M' 'M' 'M' 'M' 'M' 'M'
 'M' 'U' 'A' 'M' 'M' 'M' 'U' 'U' 'M' 'M' 'M' 'U' 'A' 'M' 'M' 'M' 'M' 'M'
 'M' 'M' 'M' 'U' 'M' 'M' 'M' 'U' 'M' 'M' 'M' 'M' 'M' 'M' 'M' 'M' 'M' 'U'
 'U' 'U' 'M' 'M' 'M' 'M' 'M' 'M' 'M' 'M' 'M' 'M' 'M' 'M' 'U' 'M' 'M' 'M'
 'M' 'M' 'U' 'M' 'M' 'M' 'M' 'M' 'U' 'M' 'U' 'M' 'M' 'M' 'M' 'M' 'M' 'M']"
103101,0,161,5,156,37,0,0,"['A' 'M' 'M' 'U' 'M' 'M' 'M' 'M' 'M' 'M' 'U' 'M' 'M' 'U' 'M' 'U' 'U' 'U'
 'M' 'M' 'M' 'M' 'M' 'M' 'M' 'M' 'M' 'M' 'M' 'M' 'U' 'M' 'M' 'M' 'M' 'U'
 'M' 'U' 'M' 'M' 'M' 'M' 'M' 'U' 'M' 'U' 'A' 'M' 'M' 'M' 'M' 'M' 'U' 'M'
 'M' 'U' 'M' 'M' 'M' 'M' 'M' 'M' 'M' 'M' 'M' 'M' 'M' 'M' 'M' 'M' 'M' 'M'
 'M' 'M' 'M' 'U' 'M' 'M' 'U' 'M' 'U' 'M' 'M' 'M' 'U' 'M' 'M' 'M' 'U' 'M'
 'M' 'M' 'M' 'M' 'M' 'M' 'A' 'M' 'M' 'M' 'M' 'M' 'M' 'M' 'M' 'M' 'M' 'U'
 'U' 'M' 'M' 'U' 'M' 'M' 'U' 'M' 'M' 'M' 'U' 'M' 'M' 'M' 'M' 'M' 'M' 'M'
 'M' 'M' 'A' 'U' 'M' 'M' 'U' 'M' 'M' 'U' 'M' 'M' 'A' 'M' 'M' 'M' 'M' 'U'
 'M' 'M' 'M' 'U' 'M' 'M' 'M' 'U' 'M' 'M' 'M' 'M' 'M' 'M' 'M' 'U' 'M' 'M'
 'U' 'M' 'M' 'M' 'M' 'M' 'M' 'M' 'M' 'M' 'M' 'M' 'M' 'M' 'U' 'M' 'M' 'M'
 'M' 'M' 'U' 'M' 'M' 'M' 'M' 'M' 'U' 'M' 'U' 'U' 'M' 'M' 'U' 'M' 'M' 'M']"
103201,0,158,7,151,40,0,0,"['A' 'M' 'M' 'U' 'M' 'M' 'M' 'M' 'M' 'M' 'M' 'M' 'M' 'U' 'M' 'U' 'U' 'U'
 'U' 'M' 'M' 'M' 'M' 'M' 'M' 'M' 'M' 'M' 'U' 'M' 'M' 'M' 'M' 'M' 'M' 'U'
 'M' 'U' 'M' 'M' 'M' 'M' 'M' 'U' 'M' 'A' 'A' 'M' 'M' 'M' 'M' 'M' 'U' 'M'
 'M' 'M' 'M' 'M' 'M' 'M' 'M' 'M' 'M' 'U' 'M' 'M' 'M' 'M' 'U' 'M' 'M' 'M'
 'U' 'M' 'M' 'M' 'M' 'M' 'M' 'M' 'M' 'M' 'M' 'M' 'M' 'M' 'M' 'U' 'M' 'M'
 'M' 'M' 'U' 'U' 'M' 'M' 'A' 'M' 'M' 'M' 'M' 'M' 'M' 'M' 'M' 'M' 'M' 'U'
 'U' 'M' 'M' 'U' 'M' 'M' 'M' 'U' 'M' 'M' 'U' 'M' 'M' 'M' 'M' 'M' 'M' 'M'
 'M' 'M' 'U' 'U' 'M' 'U' 'U' 'U' 'M' 'U' 'U' 'U' 'A' 'M' 'M' 'M' 'M' 'U'
 'M' 'M' 'M' 'U' 'M' 'M' 'M' 'U' 'M' 'M' 'M' 'M' 'M' 'M' 'M' 'M' 'M' 'M'
 'A' 'M' 'M' 'M' 'M' 'U' 'M' 'M' 'U' 'M' 'M' 'M' 'M' 'M' 'U' 'M' 'M' 'M'
 'M' 'M' 'M' 'M' 'M' 'M' 'M' 'M' 'U' 'U' 'U' 'U' 'M' 'M' 'A' 'M' 'M' 'M']"
103301,0,159,5,154,39,0,0,"['A' 'M' 'M' 'U' 'M' 'M' 'M' 'M' 'M' 'M' 'M' 'M' 'M' 'U' 'M' 'M' 'U' 'M'
 'M' 'U' 'M' 'M' 'M' 'M' 'M' 'M' 'M' 'M' 'U' 'M' 'M' 'M' 'M' 'M' 'M' 'U'
 'M' 'U' 'M' 'M' 'M' 'M' 'M' 'U' 'M' 'U' 'A' 'M' 'M' 'M' 'M' 'M' 'U' 'M'
 'M' 'M' 'U' 'M' 'M' 'M' 'M' 'M' 'M' 'M' 'M' 'M' 'U' 'M' 'M' 'M' 'M' 'U'
 'U' 'M' 'M' 'M' 'M' 'M' 'M' 'M' 'M' 'M' 'M' 'M' 'M' 'U' 'M' 'M' 'M' 'M'
 'M' 'M' 'M' 'U' 'M' 'M' 'U' 'M' 'M' 'M' 'M' 'M' 'M' 'M' 'M' 'M' 'M' 'U'
 'U' 'M' 'U' 'U' 'M' 'M' 'M' 'M' 'M' 'M' 'M' 'M' 'M' 'M' 'M' 'M' 'M' 'M'
 'M' 'M' 'U' 'U' 'M' 'U' 'U' 'U' 'U' 'U' 'U' 'U' 'A' 'M' 'M' 'M' 'M' 'U'
 'M' 'M' 'M' 'U' 'M' 'M' 'M' 'U' 'M' 'M' 'M' 'M' 'M' 'M' 'M' 'M' 'U' 'M'
 'A' 'M' 'M' 'M' 'M' 'U' 'M' 'M' 'M' 'M' 'M' 'M' 'M' 'M' 'U' 'M' 'M' 'M'
 'M' 'U' 'M' 'M' 'M' 'M' 'M' 'M' 'M' 'M' 'U' 'U' 'M' 'M' 'A' 'M' 'M' 'M']"
103401,0,160,7,153,38,0,1,"['A' 'M' 'M' 'U' 'M' 'M' 'M' 'M' 'M' 'M' 'M' 'M' 'M' 'U' 'M' 'M' 'U' 'M'
 'M' 'A' 'M' 'M' 'M' 'M' 'M' 'M' 'U' 'M' 'U' 'M' 'M' 'M' 'M' 'M' 'M' 'U'
 'M' 'U' 'M' 'U' 'M' 'M' 'M' 'U' 'M' 'U' 'A' 'M' 'M' 'M' 'M' 'M' 'U' 'M'
 'M' 'M' 'M' 'M' 'M' 'M' 'M' 'M' 'M' 'M' 'M' 'M' 'M' 'M' 'M' 'M' 'M' 'M'
 'M' 'U' 'M' 'U' 'M' 'M' 'M' 'M' 'U' 'M' 'U' 'M' 'M' 'M' 'M' 'M' 'U' 'M'
 'M' 'M' 'M' 'M' 'M' 'M' 'M' 'M' 'M' 'M' 'M' 'M' 'M' 'M' 'M' 'M' 'M' 'U'
 'U' 'M' 'U' 'M' 'M' 'M' 'M' 'M' 'M' 'M' 'M' 'M' 'M' 'M' 'U' 'M' 'M' 'M'
 'M' 'U' 'U' 'U' 'M' 'U' 'U' 'M' 'U' 'U' 'U' 'U' 'A' 'U' 'M' 'M' 'M' 'U'
 'M' 'M' 'U' 'M' 'M' 'M' 'U' 'U' 'M' 'M' 'M' 'M' 'M' 'M' 'M' 'M' 'U' 'M'
 'A' 'M' 'M' 'M' 'M' 'M' 'M' 'M' 'M' 'M' 'M' 'M' 'M' 'M' 'A' 'M' 'M' 'M'
 'U' 'M' 'M' 'M' 'M' 'M' 'M' 'M' 'M' 'M' 'M' 'A' 'M' 'M' 'U' 'M' 'M' 'U']"
103501,0,160,4,156,38,0,0,"['A' 'M' 'M' 'M' 'M' 'M' 'M' 'M' 'U' 'M' 'M' 'M' 'M' 'U' 'M' 'M' 'A' 'M'
 'M' 'U' 'M' 'M' 'M' 'M' 'M' 'M' 'U' 'M' 'M' 'M' 'M' 'M' 'M' 'M' 'M' 'U'
 'M' 'U' 'M' 'M' 'M' 'M' 'M' 'U' 'M' 'U' 'U' 'M' 'M' 'M' 'M' 'M' 'U' 'M'
 'M' 'M' 'M' 'M' 'M' 'M' 'M' 'M' 'M' 'U' 'M' 'M' 'M' 'M' 'M' 'M' 'M' 'M'
 'M' 'M' 'M' 'U' 'M' 'U' 'U' 'M' 'M' 'M' 'M' 'M' 'M' 'U' 'M' 'M' 'M' 'M'
 'M' 'M' 'M' 'U' 'M' 'M' 'M' 'M' 'M' 'M' 'M' 'M' 'M' 'M' 'M' 'M' 'U' 'U'
 'U' 'M' 'M' 'M' 'M' 'M' 'M' 'M' 'M' 'M' 'M' 'M' 'M' 'M' 'U' 'M' 'M' 'M'
 'M' 'U' 'M' 'U' 'M' 'U' 'U' 'U' 'U' 'M' 'U' 'U' 'A' 'U' 'U' 'M' 'M' 'U'
 'M' 'M' 'U' 'M' 'M' 'M' 'U' 'M' 'M' 'M' 'M' 'M' 'M' 'M' 'M' 'M' 'U' 'M'
 'A' 'M' 'M' 'M' 'M' 'M' 'M' 'M' 'M' 'M' 'M' 'M' 'M' 'M' 'U' 'M' 'M' 'M'
 'M' 'M' 'M' 'M' 'M' 'M' 'M' 'M' 'M' 'M' 'M' 'U' 'M' 'M' 'U' 'M' 'M' 'U']"
103601,0,166,6,160,32,0,1,"['A' 'M' 'M' 'M' 'M' 'M' 'M' 'M' 'U' 'M' 'M' 'M' 'M' 'U' 'M' 'M' 'A' 'M'
 'M' 'U' 'M' 'M' 'M' 'M' 'M' 'M' 'U' 'M' 'M' 'M' 'M' 'U' 'M' 'M' 'M' 'U'
 'M' 'U' 'M' 'M' 'M' 'M' 'M' 'U' 'M' 'U' 'M' 'M' 'M' 'M' 'M' 'M' 'U' 'M'
 'M' 'M' 'M' 'M' 'M' 'M' 'M' 'M' 'M' 'M' 'M' 'M' 'M' 'M' 'M' 'U' 'M' 'M'
 'M' 'M' 'M' 'M' 'M' 'M' 'U' 'M' 'M' 'M' 'U' 'M' 'M' 'U' 'M' 'M' 'M' 'M'
 'M' 'M' 'U' 'M' 'M' 'M' 'M' 'M' 'M' 'M' 'M' 'M' 'M' 'M' 'M' 'M' 'U' 'U'
 'M' 'M' 'M' 'M' 'M' 'M' 'M' 'M' 'M' 'M' 'M' 'M' 'M' 'M' 'M' 'M' 'M' 'M'
 'M' 'U' 'M' 'U' 'M' 'U' 'U' 'U' 'U' 'M' 'U' 'M' 'A' 'A' 'M' 'M' 'M' 'U'
 'M' 'M' 'A' 'M' 'M' 'M' 'U' 'M' 'M' 'M' 'M' 'M' 'M' 'M' 'M' 'M' 'U' 'M'
 'A' 'M' 'M' 'M' 'M' 'M' 'M' 'M' 'M' 'M' 'M' 'U' 'M' 'M' 'U' 'M' 'M' 'M'
 'M' 'M' 'M' 'M' 'M' 'M' 'U' 'M' 'M' 'M' 'M' 'U' 'M' 'M' 'U' 'M' 'M' 'M']"
103701,0,157,6,151,41,0,0,"['A' 'M' 'M' 'M' 'M' 'M' 'M' 'M' 'U' 'M' 'M' 'M' 'M' 'U' 'M' 'M' 'A' 'M'
 'M' 'U' 'M' 'M' 'U' 'U' 'M' 'M' 'M' 'U' 'M' 'M' 'M' 'M' 'M' 'M' 'M' 'U'
 'M' 'U' 'M' 'M' 'M' 'M' 'M' 'U' 'M' 'M' 'M' 'M' 'M' 'M' 'M' 'M' 'U' 'M'
 'M' 'M' 'M' 'M' 'M' 'M' 'M' 'M' 'M' 'M' 'M' 'M' 'M' 'M' 'U' 'M' 'U' 'U'
 'M' 'U' 'M' 'M' 'M' 'M' 'M' 'M' 'M' 'M' 'M' 'M' 'M' 'M' 'M' 'M' 'M' 'M'
 'U' 'M' 'M' 'M' 'M' 'M' 'M' 'M' 'M' 'M' 'M' 'M' 'M' 'M' 'U' 'M' 'U' 'U'
 'U' 'M' 'M' 'M' 'M' 'M' 'U' 'M' 'M' 'U' 'M' 'M' 'M' 'M' 'M' 'M' 'M' 'M'
 'M' 'U' 'M' 'U' 'M' 'U' 'U' 'U' 'M' 'U' 'U' 'U' 'A' 'A' 'M' 'M' 'M' 'U'
 'M' 'U' 'A' 'U' 'M' 'M' 'U' 'M' 'M' 'M' 'U' 'M' 'M' 'M' 'M' 'M' 'U' 'U'
 'A' 'M' 'M' 'M' 'M' 'M' 'M' 'M' 'M' 'M' 'M' 'U' 'M' 'M' 'U' 'M' 'M' 'M'
 'M' 'M' 'M' 'M' 'U' 'M' 'U' 'M' 'M' 'M' 'M' 'U' 'M' 'M' 'M' 'M' 'M' 'M']"
103801,0,147,6,141,51,0,0,"['A' 'M' 'U' 'M' 'M' 'M' 'M' 'M' 'U' 'M' 'M' 'M' 'M' 'U' 'M' 'M' 'A' 'U'
 'M' 'U' 'M' 'M' 'U' 'M' 'M' 'M' 'M' 'U' 'U' 'M' 'M' 'M' 'M' 'M' 'M' 'U'
 'M' 'U' 'U' 'M' 'U' 'M' 'M' 'U' 'M' 'M' 'M' 'U' 'M' 'M' 'M' 'M' 'U' 'M'
 'M' 'M' 'M' 'U' 'M' 'U' 'M' 'M' 'M' 'M' 'M' 'M' 'M' 'U' 'M' 'M' 'M' 'M'
 'M' 'M' 'M' 'U' 'U' 'M' 'M' 'M' 'M' 'U' 'M' 'M' 'M' 'U' 'M' 'M' 'M' 'M'
 'M' 'M' 'M' 'M' 'M' 'M' 'M' 'M' 'M' 'M' 'M' 'M' 'U' 'M' 'U' 'M' 'U' 'U'
 'U' 'M' 'M' 'M' 'M' 'M' 'A' 'M' 'M' 'U' 'M' 'M' 'M' 'M' 'M' 'M' 'U' 'M'
 'M' 'U' 'M' 'U' 'M' 'M' 'U' 'U' 'U' 'U' 'U' 'U' 'A' 'A' 'M' 'M' 'M' 'U'
 'M' 'U' 'A' 'U' 'M' 'M' 'M' 'M' 'M' 'M' 'U' 'M' 'M' 'M' 'M' 'M' 'U' 'M'
 'U' 'M' 'M' 'M' 'M' 'M' 'M' 'M' 'M' 'M' 'U' 'U' 'U' 'M' 'U' 'M' 'M' 'M'
 'M' 'M' 'U' 'U' 'U' 'M' 'M' 'M' 'M' 'M' 'M' 'U' 'M' 'M' 'M' 'M' 'M' 'M']"
103901,0,151,9,142,47,0,0,"['A' 'M' 'M' 'M' 'M' 'M' 'M' 'M' 'U' 'M' 'M' 'M' 'M' 'U' 'M' 'M' 'A' 'U'
 'M' 'U' 'M' 'M' 'U' 'M' 'M' 'M' 'M' 'U' 'M' 'M' 'M' 'M' 'M' 'M' 'M' 'U'
 'M' 'U' 'M' 'M' 'U' 'M' 'M' 'U' 'M' 'M' 'M' 'U' 'M' 'M' 'M' 'M' 'A' 'M'
 'M' 'M' 'U' 'U' 'M' 'U' 'M' 'M' 'M' 'M' 'M' 'M' 'M' 'M' 'M' 'M' 'M' 'U'
 'M' 'M' 'U' 'M' 'M' 'U' 'U' 'M' 'M' 'M' 'M' 'M' 'M' 'M' 'M' 'M' 'M' 'M'
 'M' 'M' 'M' 'M' 'U' 'M' 'M' 'M' 'M' 'M' 'M' 'M' 'U' 'M' 'M' 'U' 'U' 'U'
 'U' 'M' 'M' 'M' 'M' 'M' 'A' 'M' 'M' 'U' 'M' 'M' 'M' 'M' 'M' 'M' 'U' 'M'
 'U' 'U' 'M' 'U' 'U' 'M' 'U' 'U' 'U' 'U' 'M' 'U' 'A' 'A' 'M' 'M' 'M' 'U'
 'M' 'U' 'A' 'U' 'M' 'M' 'M' 'M' 'M' 'M' 'U' 'M' 'M' 'M' 'M' 'M' 'U' 'M'
 'A' 'M' 'M' 'M' 'M' 'M' 'M' 'M' 'M' 'M' 'U' 'U' 'U' 'M' 'U' 'M' 'M' 'M'
 'M' 'U' 'U' 'U' 'A' 'M' 'M' 'M' 'M' 'M' 'M' 'M' 'M' 'M' 'M' 'M' 'M' 'M']"
104001,0,144,5,139,54,0,0,"['A' 'M' 'M' 'M' 'M' 'M' 'M' 'M' 'U' 'M' 'M' 'M' 'M' 'U' 'M' 'M' 'M' 'U'
 'M' 'U' 'M' 'M' 'M' 'U' 'M' 'U' 'M' 'U' 'M' 'M' 'U' 'M' 'M' 'M' 'M' 'U'
 'M' 'U' 'M' 'M' 'U' 'M' 'M' 'U' 'M' 'M' 'M' 'U' 'M' 'M' 'M' 'M' 'U' 'M'
 'M' 'M' 'M' 'U' 'M' 'U' 'M' 'U' 'M' 'M' 'M' 'M' 'M' 'M' 'M' 'M' 'U' 'M'
 'M' 'M' 'M' 'M' 'M' 'U' 'U' 'M' 'M' 'M' 'M' 'U' 'M' 'M' 'M' 'M' 'M' 'U'
 'M' 'M' 'M' 'M' 'M' 'M' 'M' 'U' 'M' 'M' 'M' 'M' 'U' 'M' 'M' 'U' 'U' 'U'
 'U' 'M' 'M' 'M' 'M' 'M' 'U' 'M' 'M' 'U' 'U' 'M' 'M' 'M' 'M' 'M' 'U' 'M'
 'M' 'M' 'M' 'U' 'M' 'U' 'U' 'U' 'U' 'U' 'U' 'U' 'U' 'A' 'M' 'M' 'M' 'U'
 'M' 'A' 'A' 'U' 'M' 'M' 'M' 'M' 'M' 'M' 'U' 'M' 'M' 'M' 'U' 'M' 'U' 'M'
 'U' 'M' 'M' 'M' 'M' 'M' 'M' 'M' 'M' 'M' 'U' 'U' 'U' 'M' 'U' 'M' 'M' 'M'
 'M' 'U' 'M' 'U' 'A' 'M' 'M' 'M' 'M' 'M' 'M' 'M' 'M' 'M' 'M' 'M' 'M' 'U']"
104101,0,146,4,142,52,1,0,"['A' 'M' 'M' 'M' 'U' 'M' 'M' 'M' 'U' 'M' 'M' 'M' 'M' 'U' 'M' 'M' 'M' 'U'
 'M' 'U' 'M' 'M' 'M' 'M' 'M' 'U' 'M' 'U' 'M' 'M' 'M' 'M' 'M' 'M' 'M' 'U'
 'M' 'M' 'M' 'M' 'U' 'M' 'M' 'U' 'M' 'M' 'M' 'U' 'M' 'M' 'M' 'M' 'U' 'M'
 'M' 'M' 'M' 'U' 'M' 'U' 'M' 'U' 'M' 'M' 'M' 'M' 'M' 'M' 'M' 'M' 'M' 'M'
 'M' 'M' 'M' 'M' 'M' 'M' 'M' 'M' 'M' 'U' 'M' 'U' 'M' 'M' 'M' 'M' 'U' 'M'
 'M' 'M' 'M' 'U' 'U' 'M' 'M' 'U' 'M' 'M' 'M' 'M' 'U' 'M' 'M' 'U' 'U' 'U'
 'U' 'M' 'M' 'M' 'M' 'M' 'U' 'M' 'M' 'M' 'U' 'M' 'M' 'M' 'M' 'M' 'U' 'M'
 'M' 'M' 'M' 'U' 'M' 'U' 'U' 'U' 'U' 'U' 'U' 'U' 'U' 'A' 'M' 'M' 'M' 'U'
 'M' 'A' 'U' 'U' 'M' 'M' 'M' 'M' 'M' 'M' 'U' 'M' 'M' 'M' 'U' 'M' 'M' 'M'
 'U' 'M' 'M' 'M' 'M' 'M' 'M' 'M' 'M' 'U' 'U' 'U' 'U' 'M' 'U' 'M' 'M' 'M'
 'M' 'M' 'M' 'U' 'A' 'M' 'M' 'M' 'M' 'M' 'M' 'M' 'U' 'M' 'M' 'M' 'M' 'U']"
104201,0,151,4,147,47,0,0,"['A' 'M' 'M' 'U' 'U' 'M' 'M' 'M' 'U' 'M' 'M' 'M' 'U' 'U' 'M' 'M' 'M' 'U'
 'M' 'U' 'M' 'M' 'M' 'M' 'M' 'U' 'M' 'A' 'M' 'M' 'M' 'M' 'M' 'M' 'M' 'M'
 'M' 'M' 'M' 'M' 'M' 'M' 'U' 'U' 'M' 'M' 'M' 'U' 'M' 'M' 'M' 'M' 'M' 'M'
 'M' 'M' 'M' 'U' 'M' 'U' 'M' 'U' 'M' 'M' 'M' 'M' 'M' 'M' 'M' 'M' 'M' 'U'
 'M' 'M' 'U' 'M' 'M' 'M' 'U' 'M' 'M' 'M' 'M' 'M' 'M' 'M' 'M' 'M' 'U' 'M'
 'M' 'U' 'M' 'M' 'M' 'M' 'M' 'U' 'M' 'M' 'M' 'M' 'U' 'M' 'M' 'U' 'U' 'U'
 'U' 'M' 'M' 'M' 'M' 'M' 'M' 'M' 'M' 'M' 'U' 'M' 'M' 'M' 'M' 'M' 'U' 'M'
 'M' 'M' 'M' 'M' 'M' 'U' 'U' 'U' 'U' 'U' 'U' 'U' 'U' 'M' 'M' 'M' 'M' 'U'
 'M' 'A' 'U' 'U' 'M' 'M' 'M' 'M' 'M' 'M' 'U' 'M' 'M' 'M' 'U' 'M' 'M' 'M'
 'U' 'M' 'M' 'M' 'M' 'M' 'M' 'M' 'M' 'M' 'M' 'U' 'M' 'U' 'U' 'M' 'M' 'M'
 'M' 'M' 'M' 'U' 'A' 'M' 'M' 'M' 'M' 'M' 'M' 'M' 'U' 'M' 'M' 'M' 'M' 'U']"
104301,0,152,6,146,46,0,0,"['A' 'M' 'M' 'U' 'U' 'M' 'M' 'M' 'U' 'M' 'M' 'M' 'U' 'U' 'M' 'M' 'M' 'M'
 'M' 'M' 'M' 'M' 'M' 'M' 'M' 'U' 'M' 'A' 'M' 'M' 'M' 'M' 'M' 'M' 'M' 'M'
 'M' 'M' 'M' 'M' 'M' 'M' 'U' 'U' 'M' 'M' 'M' 'U' 'M' 'M' 'M' 'M' 'M' 'M'
 'M' 'M' 'M' 'U' 'M' 'U' 'M' 'U' 'M' 'M' 'M' 'U' 'M' 'U' 'M' 'U' 'M' 'M'
 'M' 'M' 'M' 'M' 'M' 'U' 'M' 'M' 'M' 'M' 'M' 'M' 'M' 'M' 'M' 'M' 'M' 'M'
 'M' 'M' 'M' 'M' 'U' 'M' 'M' 'U' 'M' 'M' 'U' 'M' 'U' 'M' 'U' 'U' 'A' 'U'
 'U' 'M' 'M' 'M' 'M' 'U' 'M' 'U' 'M' 'M' 'U' 'M' 'M' 'M' 'M' 'M' 'U' 'M'
 'M' 'M' 'M' 'M' 'M' 'A' 'M' 'U' 'U' 'U' 'M' 'U' 'U' 'M' 'M' 'M' 'U' 'U'
 'M' 'A' 'U' 'M' 'M' 'M' 'M' 'M' 'M' 'M' 'U' 'M' 'M' 'M' 'U' 'M' 'M' 'M'
 'U' 'M' 'M' 'M' 'M' 'M' 'M' 'M' 'M' 'M' 'M' 'U' 'M' 'M' 'U' 'U' 'M' 'M'
 'M' 'M' 'M' 'U' 'A' 'M' 'M' 'M' 'M' 'U' 'M' 'M' 'U' 'M' 'M' 'M' 'M' 'U']"
104401,0,154,5,149,44,0,0,"['A' 'M' 'M' 'U' 'U' 'M' 'M' 'M' 'U' 'M' 'M' 'M' 'M' 'U' 'M' 'U' 'M' 'M'
 'M' 'M' 'M' 'M' 'M' 'M' 'M' 'U' 'M' 'U' 'M' 'M' 'M' 'M' 'M' 'M' 'M' 'M'
 'M' 'M' 'M' 'M' 'M' 'M' 'U' 'U' 'M' 'M' 'M' 'U' 'M' 'M' 'M' 'M' 'M' 'M'
 'M' 'M' 'M' 'U' 'M' 'U' 'M' 'U' 'M' 'M' 'M' 'M' 'U' 'M' 'M' 'U' 'M' 'M'
 'M' 'M' 'M' 'M' 'M' 'U' 'M' 'M' 'M' 'M' 'M' 'M' 'M' 'M' 'M' 'U' 'M' 'U'
 'M' 'M' 'M' 'M' 'M' 'M' 'M' 'M' 'M' 'M' 'U' 'M' 'U' 'M' 'M' 'M' 'M' 'A'
 'M' 'M' 'M' 'M' 'M' 'U' 'M' 'U' 'M' 'M' 'U' 'M' 'U' 'M' 'M' 'M' 'U' 'M'
 'M' 'M' 'M' 'M' 'M' 'A' 'M' 'U' 'U' 'U' 'M' 'U' 'M' 'M' 'M' 'M' 'U' 'U'
 'M' 'A' 'U' 'M' 'M' 'U' 'M' 'M' 'U' 'M' 'U' 'M' 'M' 'M' 'U' 'M' 'M' 'M'
 'U' 'M' 'M' 'M' 'M' 'M' 'M' 'M' 'M' 'M' 'M' 'U' 'M' 'M' 'M' 'U' 'M' 'U'
 'M' 'M' 'M' 'U' 'A' 'M' 'M' 'M' 'M' 'U' 'M' 'M' 'U' 'M' 'M' 'M' 'M' 'U']"
104501,0,161,5,156,37,0,0,"['A' 'M' 'M' 'U' 'U' 'M' 'M' 'M' 'U' 'M' 'M' 'M' 'M' 'U' 'M' 'U' 'M' 'M'
 'M' 'M' 'M' 'M' 'M' 'M' 'M' 'U' 'M' 'U' 'M' 'M' 'M' 'M' 'M' 'M' 'M' 'M'
 'M' 'M' 'M' 'M' 'U' 'M' 'M' 'M' 'M' 'M' 'M' 'U' 'M' 'M' 'M' 'M' 'M' 'M'
 'M' 'M' 'M' 'M' 'M' 'U' 'M' 'M' 'M' 'M' 'M' 'M' 'M' 'M' 'M' 'U' 'M' 'M'
 'M' 'M' 'U' 'U' 'M' 'M' 'M' 'M' 'M' 'M' 'M' 'U' 'M' 'U' 'M' 'M' 'M' 'M'
 'M' 'M' 'M' 'M' 'M' 'M' 'M' 'M' 'M' 'M' 'U' 'M' 'M' 'M' 'M' 'M' 'M' 'M'
 'M' 'M' 'M' 'M' 'M' 'U' 'M' 'U' 'M' 'M' 'U' 'M' 'M' 'M' 'M' 'M' 'U' 'M'
 'M' 'M' 'M' 'M' 'M' 'A' 'M' 'M' 'U' 'U' 'U' 'U' 'M' 'M' 'M' 'U' 'U' 'U'
 'M' 'A' 'U' 'M' 'M' 'M' 'M' 'M' 'M' 'M' 'U' 'M' 'M' 'M' 'M' 'M' 'U' 'M'
 'U' 'M' 'M' 'M' 'M' 'M' 'M' 'M' 'M' 'M' 'M' 'U' 'M' 'M' 'M' 'U' 'M' 'A'
 'M' 'U' 'M' 'M' 'A' 'M' 'M' 'M' 'M' 'U' 'M' 'M' 'U' 'M' 'M' 'M' 'M' 'U']"
104601,0,155,6,149,43,0,0,"['A' 'M' 'M' 'U' 'U' 'M' 'M' 'M' 'U' 'M' 'M' 'M' 'M' 'U' 'M' 'U' 'M' 'M'
 'M' 'U' 'M' 'M' 'M' 'M' 'M' 'U' 'M' 'U' 'M' 'M' 'M' 'M' 'M' 'M' 'M' 'U'
 'M' 'M' 'M' 'M' 'U' 'M' 'M' 'M' 'M' 'M' 'U' 'U' 'M' 'M' 'M' 'M' 'M' 'M'
 'M' 'M' 'M' 'M' 'M' 'U' 'M' 'M' 'M' 'M' 'U' 'M' 'M' 'M' 'M' 'M' 'M' 'U'
 'U' 'M' 'M' 'M' 'M' 'M' 'M' 'M' 'M' 'M' 'M' 'M' 'M' 'M' 'M' 'M' 'M' 'M'
 'M' 'U' 'U' 'U' 'M' 'M' 'M' 'M' 'U' 'M' 'U' 'M' 'M' 'M' 'M' 'M' 'M' 'M'
 'M' 'M' 'U' 'U' 'M' 'U' 'M' 'U' 'M' 'M' 'M' 'M' 'M' 'M' 'M' 'M' 'M' 'M'
 'M' 'M' 'M' 'M' 'M' 'A' 'U' 'U' 'U' 'U' 'U' 'U' 'U' 'M' 'M' 'U' 'U' 'U'
 'M' 'A' 'U' 'M' 'M' 'M' 'M' 'M' 'M' 'M' 'U' 'M' 'M' 'M' 'M' 'M' 'M' 'M'
 'U' 'M' 'M' 'M' 'M' 'M' 'M' 'M' 'M' 'M' 'U' 'M' 'M' 'M' 'M' 'A' 'M' 'A'
 'M' 'U' 'M' 'M' 'A' 'M' 'M' 'M' 'M' 'U' 'M' 'M' 'U' 'M' 'M' 'M' 'M' 'U']"
104701,0,156,5,151,42,0,0,"['A' 'M' 'M' 'U' 'U' 'M' 'M' 'M' 'U' 'M' 'M' 'M' 'M' 'U' 'M' 'M' 'M' 'M'
 'M' 'U' 'M' 'M' 'M' 'M' 'M' 'U' 'M' 'U' 'M' 'M' 'M' 'M' 'U' 'M' 'M' 'U'
 'M' 'M' 'M' 'M' 'M' 'M' 'M' 'M' 'M' 'M' 'U' 'U' 'M' 'M' 'M' 'M' 'M' 'M'
 'M' 'M' 'M' 'M' 'M' 'U' 'M' 'M' 'M' 'M' 'U' 'U' 'M' 'M' 'M' 'M' 'M' 'M'
 'M' 'M' 'M' 'M' 'M' 'U' 'M' 'M' 'M' 'M' 'U' 'U' 'M' 'M' 'M' 'M' 'M' 'M'
 'M' 'M' 'M' 'U' 'M' 'M' 'M' 'M' 'U' 'M' 'U' 'M' 'M' 'M' 'M' 'M' 'M' 'M'
 'M' 'M' 'U' 'U' 'M' 'M' 'M' 'M' 'U' 'M' 'M' 'M' 'M' 'M' 'M' 'M' 'U' 'M'
 'M' 'U' 'M' 'M' 'M' 'A' 'M' 'U' 'U' 'U' 'U' 'M' 'U' 'U' 'M' 'U' 'U' 'U'
 'M' 'A' 'U' 'M' 'M' 'M' 'M' 'M' 'U' 'M' 'U' 'M' 'M' 'M' 'M' 'M' 'M' 'M'
 'U' 'M' 'M' 'M' 'M' 'M' 'M' 'M' 'M' 'M' 'M' 'M' 'M' 'M' 'M' 'U' 'M' 'A'
 'M' 'U' 'M' 'M' 'A' 'M' 'M' 'M' 'M' 'U' 'M' 'M' 'U' 'M' 'M' 'M' 'M' 'M']"
104801,0,163,6,157,35,0,1,"['A' 'M' 'M' 'M' 'M' 'M' 'M' 'M' 'M' 'M' 'M' 'M' 'M' 'U' 'M' 'M' 'M' 'M'
 'M' 'U' 'M' 'M' 'M' 'M' 'M' 'U' 'M' 'U' 'M' 'M' 'M' 'M' 'U' 'M' 'M' 'M'
 'M' 'M' 'M' 'M' 'M' 'M' 'M' 'M' 'M' 'M' 'U' 'U' 'M' 'M' 'M' 'M' 'M' 'U'
 'M' 'M' 'M' 'M' 'M' 'U' 'M' 'M' 'M' 'M' 'U' 'U' 'M' 'M' 'M' 'M' 'M' 'M'
 'M' 'M' 'M' 'M' 'M' 'M' 'M' 'M' 'M' 'M' 'M' 'M' 'U' 'M' 'M' 'M' 'U' 'M'
 'M' 'U' 'U' 'M' 'M' 'M' 'M' 'M' 'U' 'M' 'M' 'M' 'M' 'M' 'M' 'M' 'M' 'M'
 'M' 'M' 'U' 'U' 'M' 'M' 'M' 'M' 'U' 'M' 'M' 'M' 'M' 'M' 'M' 'M' 'M' 'M'
 'M' 'U' 'M' 'M' 'M' 'A' 'M' 'U' 'U' 'M' 'U' 'M' 'U' 'U' 'M' 'U' 'M' 'U'
 'M' 'A' 'M' 'M' 'U' 'M' 'U' 'M' 'M' 'M' 'U' 'M' 'M' 'M' 'M' 'M' 'M' 'U'
 'M' 'M' 'M' 'U' 'M' 'M' 'M' 'M' 'M' 'M' 'M' 'M' 'M' 'U' 'M' 'M' 'M' 'A'
 'M' 'A' 'M' 'M' 'A' 'M' 'M' 'M' 'M' 'U' 'M' 'M' 'U' 'M' 'M' 'M' 'M' 'M']"
104901,0,163,5,158,35,0,0,"['A' 'M' 'M' 'M' 'M' 'M' 'M' 'M' 'M' 'M' 'M' 'M' 'M' 'U' 'M' 'M' 'M' 'M'
 'M' 'U' 'M' 'M' 'M' 'M' 'M' 'U' 'M' 'M' 'M' 'M' 'M' 'M' 'U' 'M' 'M' 'M'
 'M' 'M' 'M' 'M' 'M' 'M' 'M' 'M' 'M' 'M' 'M' 'U' 'M' 'M' 'M' 'M' 'M' 'U'
 'M' 'M' 'M' 'M' 'U' 'M' 'M' 'M' 'M' 'M' 'U' 'M' 'M' 'M' 'U' 'M' 'M' 'M'
 'M' 'M' 'U' 'M' 'M' 'M' 'M' 'M' 'M' 'M' 'M' 'M' 'M' 'M' 'M' 'M' 'M' 'M'
 'M' 'U' 'U' 'U' 'M' 'M' 'M' 'M' 'M' 'U' 'M' 'M' 'M' 'M' 'M' 'M' 'M' 'M'
 'M' 'M' 'U' 'M' 'M' 'U' 'U' 'M' 'U' 'M' 'M' 'M' 'M' 'M' 'M' 'M' 'M' 'M'
 'M' 'U' 'M' 'M' 'M' 'A' 'M' 'U' 'U' 'M' 'U' 'M' 'U' 'U' 'M' 'U' 'M' 'U'
 'M' 'A' 'M' 'M' 'U' 'M' 'U' 'U' 'M' 'M' 'U' 'M' 'M' 'M' 'M' 'M' 'M' 'U'
 'M' 'M' 'M' 'M' 'M' 'M' 'M' 'U' 'M' 'M' 'M' 'M' 'M' 'U' 'M' 'M' 'M' 'M'
 'M' 'A' 'M' 'M' 'A' 'M' 'M' 'M' 'M' 'U' 'M' 'M' 'U' 'M' 'M' 'M' 'M' 'M']"
105001,0,160,5,155,38,0,0,"['A' 'M' 'M' 'M' 'M' 'M' 'M' 'M' 'U' 'M' 'M' 'M' 'M' 'U' 'M' 'M' 'M' 'M'
 'M' 'M' 'M' 'M' 'M' 'M' 'M' 'U' 'M' 'M' 'M' 'M' 'M' 'M' 'U' 'M' 'M' 'M'
 'M' 'M' 'M' 'M' 'M' 'M' 'M' 'M' 'M' 'M' 'M' 'M' 'M' 'M' 'M' 'U' 'M' 'U'
 'M' 'M' 'M' 'M' 'M' 'M' 'M' 'U' 'M' 'M' 'U' 'M' 'U' 'M' 'M' 'M' 'M' 'M'
 'M' 'M' 'M' 'U' 'M' 'M' 'M' 'M' 'U' 'U' 'M' 'M' 'M' 'M' 'M' 'M' 'M' 'U'
 'M' 'M' 'M' 'M' 'M' 'M' 'M' 'M' 'U' 'U' 'M' 'M' 'M' 'M' 'M' 'M' 'M' 'M'
 'M' 'M' 'U' 'M' 'M' 'U' 'U' 'M' 'U' 'M' 'M' 'M' 'M' 'M' 'M' 'M' 'M' 'M'
 'M' 'U' 'M' 'M' 'M' 'A' 'M' 'U' 'U' 'M' 'U' 'M' 'M' 'A' 'M' 'M' 'M' 'U'
 'M' 'A' 'M' 'M' 'M' 'M' 'U' 'U' 'M' 'M' 'U' 'M' 'U' 'M' 'U' 'M' 'U' 'M'
 'M' 'M' 'M' 'M' 'M' 'M' 'M' 'U' 'M' 'U' 'M' 'M' 'M' 'U' 'M' 'U' 'M' 'M'
 'U' 'A' 'M' 'M' 'U' 'M' 'M' 'M' 'M' 'U' 'M' 'M' 'U' 'M' 'M' 'M' 'M' 'M']"
105101,0,163,5,158,35,0,0,"['A' 'M' 'M' 'M' 'M' 'M' 'M' 'M' 'U' 'M' 'M' 'M' 'M' 'U' 'M' 'M' 'M' 'M'
 'M' 'M' 'M' 'M' 'M' 'M' 'M' 'U' 'M' 'M' 'M' 'M' 'M' 'M' 'M' 'M' 'M' 'M'
 'M' 'M' 'M' 'M' 'M' 'M' 'M' 'M' 'M' 'U' 'M' 'M' 'M' 'M' 'M' 'M' 'M' 'M'
 'M' 'M' 'U' 'M' 'M' 'M' 'M' 'M' 'M' 'M' 'U' 'U' 'M' 'M' 'M' 'M' 'M' 'M'
 'M' 'M' 'M' 'M' 'U' 'M' 'U' 'M' 'M' 'M' 'M' 'M' 'M' 'M' 'M' 'M' 'M' 'U'
 'M' 'M' 'U' 'M' 'M' 'M' 'M' 'M' 'U' 'M' 'M' 'M' 'M' 'U' 'M' 'M' 'M' 'M'
 'M' 'U' 'U' 'M' 'M' 'U' 'U' 'M' 'U' 'M' 'M' 'M' 'U' 'M' 'M' 'M' 'M' 'M'
 'M' 'U' 'M' 'M' 'M' 'A' 'M' 'U' 'U' 'M' 'U' 'M' 'M' 'A' 'M' 'M' 'M' 'U'
 'M' 'A' 'M' 'M' 'M' 'M' 'U' 'U' 'M' 'M' 'M' 'M' 'U' 'M' 'U' 'M' 'U' 'M'
 'M' 'M' 'M' 'M' 'M' 'M' 'M' 'M' 'M' 'U' 'M' 'M' 'M' 'U' 'M' 'U' 'M' 'M'
 'U' 'A' 'M' 'M' 'U' 'M' 'M' 'M' 'M' 'U' 'M' 'M' 'M' 'M' 'M' 'M' 'M' 'M']"
105201,0,166,5,161,32,0,0,"['A' 'M' 'M' 'M' 'M' 'M' 'M' 'M' 'U' 'M' 'M' 'M' 'M' 'M' 'M' 'M' 'M' 'M'
 'M' 'M' 'M' 'M' 'M' 'U' 'M' 'U' 'M' 'M' 'M' 'M' 'M' 'M' 'M' 'M' 'M' 'M'
 'M' 'M' 'M' 'M' 'M' 'M' 'M' 'M' 'M' 'U' 'M' 'M' 'M' 'M' 'M' 'M' 'M' 'M'
 'M' 'M' 'M' 'M' 'M' 'M' 'M' 'M' 'M' 'M' 'M' 'M' 'U' 'M' 'M' 'M' 'M' 'U'
 'M' 'M' 'M' 'M' 'M' 'M' 'M' 'M' 'M' 'M' 'M' 'U' 'M' 'M' 'M' 'M' 'U' 'M'
 'M' 'M' 'M' 'M' 'U' 'M' 'M' 'M' 'U' 'M' 'M' 'M' 'M' 'U' 'M' 'M' 'M' 'M'
 'M' 'U' 'U' 'M' 'M' 'U' 'U' 'M' 'M' 'M' 'M' 'M' 'M' 'M' 'M' 'U' 'U' 'M'
 'M' 'M' 'M' 'M' 'M' 'A' 'M' 'M' 'U' 'M' 'U' 'M' 'M' 'A' 'M' 'M' 'M' 'M'
 'M' 'A' 'M' 'U' 'M' 'M' 'U' 'U' 'M' 'M' 'M' 'M' 'U' 'M' 'U' 'M' 'U' 'M'
 'M' 'M' 'M' 'M' 'U' 'M' 'M' 'M' 'M' 'U' 'M' 'M' 'U' 'M' 'M' 'U' 'M' 'M'
 'U' 'A' 'M' 'M' 'U' 'M' 'U' 'M' 'M' 'M' 'M' 'M' 'M' 'M' 'M' 'M' 'M' 'M']"
105301,0,152,3,149,46,0,0,"['A' 'M' 'M' 'M' 'M' 'U' 'M' 'M' 'U' 'M' 'M' 'M' 'M' 'M' 'M' 'M' 'M' 'M'
 'M' 'M' 'U' 'M' 'M' 'U' 'M' 'U' 'M' 'M' 'M' 'M' 'M' 'M' 'M' 'M' 'M' 'M'
 'M' 'M' 'M' 'M' 'M' 'M' 'M' 'M' 'M' 'U' 'M' 'M' 'M' 'M' 'U' 'M' 'M' 'U'
 'M' 'U' 'M' 'M' 'M' 'M' 'M' 'M' 'M' 'M' 'M' 'M' 'M' 'M' 'M' 'U' 'M' 'M'
 'U' 'M' 'M' 'U' 'M' 'M' 'M' 'M' 'M' 'U' 'M' 'M' 'M' 'M' 'M' 'U' 'M' 'M'
 'M' 'M' 'M' 'M' 'M' 'M' 'M' 'M' 'U' 'M' 'M' 'U' 'M' 'U' 'M' 'M' 'M' 'M'
 'M' 'U' 'M' 'M' 'M' 'U' 'U' 'M' 'M' 'M' 'M' 'M' 'M' 'M' 'M' 'M' 'U' 'M'
 'M' 'M' 'M' 'U' 'U' 'A' 'U' 'U' 'U' 'U' 'U' 'M' 'U' 'A' 'M' 'M' 'M' 'M'
 'M' 'U' 'M' 'U' 'M' 'M' 'U' 'U' 'M' 'M' 'M' 'M' 'U' 'M' 'U' 'M' 'U' 'U'
 'U' 'M' 'U' 'M' 'M' 'M' 'M' 'M' 'M' 'U' 'M' 'M' 'U' 'M' 'M' 'U' 'M' 'M'
 'U' 'U' 'M' 'M' 'U' 'M' 'M' 'M' 'M' 'M' 'U' 'M' 'M' 'M' 'M' 'M' 'M' 'M']"
105401,1,149,3,146,49,0,0,"['A' 'M' 'M' 'M' 'U' 'U' 'M' 'M' 'U' 'M' 'M' 'M' 'M' 'M' 'M' 'M' 'M' 'M'
 'M' 'M' 'M' 'M' 'M' 'U' 'M' 'U' 'M' 'M' 'M' 'M' 'M' 'M' 'U' 'M' 'M' 'M'
 'M' 'M' 'M' 'M' 'M' 'M' 'M' 'M' 'M' 'U' 'M' 'M' 'M' 'U' 'U' 'M' 'M' 'U'
 'M' 'M' 'M' 'M' 'M' 'U' 'M' 'M' 'M' 'M' 'M' 'M' 'M' 'M' 'U' 'M' 'M' 'M'
 'M' 'M' 'U' 'M' 'U' 'M' 'M' 'M' 'M' 'U' 'M' 'M' 'M' 'M' 'M' 'M' 'M' 'M'
 'M' 'U' 'M' 'M' 'M' 'M' 'M' 'M' 'U' 'M' 'M' 'U' 'M' 'U' 'M' 'M' 'M' 'M'
 'M' 'U' 'M' 'M' 'M' 'M' 'U' 'M' 'M' 'M' 'M' 'M' 'M' 'M' 'M' 'M' 'U' 'M'
 'M' 'M' 'U' 'U' 'U' 'A' 'U' 'U' 'U' 'U' 'U' 'U' 'U' 'A' 'M' 'M' 'M' 'M'
 'M' 'U' 'M' 'U' 'M' 'M' 'U' 'U' 'U' 'M' 'M' 'M' 'U' 'M' 'U' 'M' 'U' 'U'
 'U' 'M' 'M' 'M' 'M' 'M' 'M' 'M' 'M' 'M' 'M' 'M' 'U' 'M' 'M' 'U' 'M' 'M'
 'U' 'U' 'M' 'M' 'U' 'M' 'M' 'M' 'M' 'M' 'U' 'M' 'M' 'M' 'M' 'M' 'M' 'U']"
105501,0,161,3,158,37,0,0,"['A' 'M' 'M' 'M' 'U' 'U' 'M' 'M' 'U' 'M' 'M' 'M' 'M' 'M' 'M' 'M' 'M' 'M'
 'M' 'M' 'M' 'M' 'M' 'U' 'M' 'U' 'M' 'U' 'M' 'M' 'M' 'M' 'U' 'M' 'M' 'M'
 'M' 'M' 'M' 'M' 'M' 'M' 'M' 'M' 'M' 'U' 'M' 'M' 'M' 'U' 'U' 'M' 'M' 'U'
 'M' 'M' 'M' 'M' 'M' 'U' 'M' 'M' 'M' 'M' 'M' 'U' 'M' 'M' 'M' 'M' 'M' 'M'
 'M' 'M' 'U' 'M' 'M' 'U' 'M' 'M' 'M' 'U' 'M' 'M' 'M' 'U' 'M' 'M' 'M' 'M'
 'M' 'M' 'M' 'M' 'M' 'M' 'M' 'M' 'M' 'M' 'M' 'U' 'M' 'M' 'M' 'M' 'M' 'M'
 'M' 'M' 'M' 'M' 'M' 'M' 'M' 'M' 'M' 'M' 'M' 'M' 'M' 'M' 'M' 'M' 'U' 'M'
 'M' 'M' 'U' 'U' 'U' 'A' 'M' 'U' 'U' 'U' 'U' 'U' 'U' 'U' 'M' 'M' 'M' 'M'
 'M' 'M' 'M' 'U' 'M' 'M' 'M' 'M' 'U' 'M' 'M' 'M' 'U' 'M' 'U' 'M' 'M' 'M'
 'A' 'M' 'M' 'M' 'M' 'M' 'M' 'M' 'M' 'M' 'M' 'M' 'U' 'M' 'M' 'M' 'M' 'U'
 'U' 'M' 'M' 'M' 'M' 'M' 'M' 'M' 'M' 'M' 'U' 'M' 'M' 'M' 'M' 'M' 'M' 'M']"
105601,0,168,2,166,30,0,0,"['A' 'M' 'M' 'M' 'M' 'U' 'M' 'M' 'U' 'M' 'M' 'M' 'M' 'M' 'M' 'M' 'M' 'M'
 'M' 'M' 'M' 'M' 'M' 'U' 'M' 'U' 'M' 'U' 'M' 'M' 'M' 'U' 'U' 'M' 'M' 'U'
 'M' 'M' 'M' 'M' 'M' 'M' 'M' 'M' 'M' 'U' 'M' 'M' 'M' 'U' 'U' 'M' 'M' 'U'
 'M' 'M' 'M' 'M' 'M' 'M' 'M' 'M' 'M' 'M' 'M' 'M' 'M' 'M' 'M' 'M' 'U' 'M'
 'M' 'M' 'U' 'U' 'M' 'M' 'M' 'M' 'M' 'U' 'M' 'U' 'M' 'M' 'M' 'M' 'M' 'M'
 'M' 'M' 'M' 'M' 'M' 'M' 'M' 'M' 'M' 'M' 'U' 'U' 'M' 'M' 'M' 'M' 'M' 'M'
 'M' 'M' 'M' 'M' 'M' 'M' 'M' 'M' 'M' 'M' 'M' 'M' 'M' 'M' 'M' 'M' 'U' 'M'
 'M' 'M' 'U' 'U' 'U' 'A' 'M' 'U' 'M' 'U' 'M' 'M' 'M' 'U' 'M' 'M' 'M' 'M'
 'M' 'M' 'M' 'U' 'M' 'M' 'M' 'M' 'U' 'M' 'M' 'M' 'M' 'M' 'M' 'M' 'M' 'M'
 'M' 'M' 'M' 'M' 'M' 'M' 'M' 'M' 'M' 'M' 'M' 'M' 'U' 'M' 'M' 'M' 'M' 'U'
 'M' 'M' 'M' 'M' 'M' 'M' 'M' 'M' 'M' 'M' 'M' 'M' 'M' 'M' 'M' 'M' 'M' 'M']"
105701,0,166,4,162,32,0,0,"['A' 'M' 'M' 'M' 'M' 'U' 'M' 'M' 'M' 'M' 'M' 'M' 'M' 'M' 'M' 'M' 'M' 'M'
 'M' 'M' 'M' 'M' 'M' 'U' 'M' 'M' 'M' 'U' 'M' 'U' 'M' 'U' 'U' 'M' 'M' 'M'
 'M' 'M' 'M' 'M' 'M' 'M' 'M' 'M' 'M' 'U' 'M' 'M' 'M' 'U' 'U' 'M' 'M' 'U'
 'M' 'M' 'M' 'M' 'M' 'U' 'M' 'M' 'M' 'M' 'M' 'M' 'M' 'M' 'M' 'M' 'M' 'M'
 'M' 'M' 'M' 'M' 'M' 'M' 'M' 'M' 'M' 'M' 'M' 'M' 'M' 'M' 'U' 'M' 'U' 'M'
 'M' 'U' 'U' 'U' 'M' 'U' 'M' 'M' 'M' 'M' 'U' 'A' 'M' 'M' 'U' 'M' 'M' 'M'
 'M' 'M' 'M' 'M' 'M' 'M' 'M' 'M' 'M' 'M' 'M' 'M' 'M' 'M' 'M' 'M' 'U' 'M'
 'M' 'M' 'M' 'U' 'U' 'A' 'U' 'U' 'U' 'U' 'U' 'U' 'U' 'U' 'M' 'M' 'M' 'M'
 'M' 'M' 'A' 'U' 'M' 'M' 'M' 'M' 'M' 'M' 'M' 'M' 'M' 'M' 'M' 'M' 'M' 'M'
 'M' 'M' 'M' 'M' 'M' 'M' 'M' 'M' 'M' 'M' 'M' 'M' 'M' 'M' 'M' 'M' 'M' 'U'
 'M' 'M' 'M' 'M' 'M' 'M' 'M' 'M' 'M' 'M' 'M' 'M' 'M' 'M' 'M' 'M' 'M' 'M']"
105801,0,167,4,163,31,0,0,"['A' 'M' 'M' 'M' 'M' 'U' 'M' 'M' 'M' 'M' 'U' 'M' 'M' 'M' 'M' 'M' 'M' 'M'
 'M' 'M' 'M' 'M' 'M' 'M' 'M' 'U' 'M' 'U' 'M' 'M' 'M' 'U' 'U' 'M' 'M' 'M'
 'M' 'M' 'M' 'M' 'M' 'M' 'M' 'M' 'M' 'U' 'M' 'M' 'M' 'U' 'M' 'M' 'M' 'U'
 'M' 'M' 'M' 'U' 'M' 'M' 'M' 'M' 'M' 'M' 'M' 'M' 'M' 'M' 'M' 'M' 'M' 'M'
 'M' 'M' 'U' 'M' 'M' 'M' 'M' 'U' 'U' 'M' 'M' 'M' 'M' 'M' 'M' 'M' 'M' 'U'
 'U' 'M' 'M' 'M' 'M' 'U' 'M' 'M' 'M' 'M' 'M' 'A' 'M' 'M' 'U' 'M' 'M' 'M'
 'M' 'M' 'M' 'M' 'U' 'M' 'M' 'M' 'M' 'M' 'M' 'M' 'M' 'M' 'M' 'M' 'U' 'M'
 'M' 'M' 'M' 'U' 'U' 'A' 'U' 'M' 'U' 'U' 'U' 'U' 'U' 'U' 'M' 'M' 'M' 'M'
 'M' 'M' 'A' 'U' 'M' 'M' 'M' 'M' 'M' 'M' 'M' 'M' 'M' 'U' 'M' 'M' 'M' 'M'
 'M' 'M' 'M' 'M' 'M' 'U' 'M' 'M' 'M' 'M' 'M' 'M' 'M' 'M' 'M' 'M' 'M' 'M'
 'M' 'M' 'M' 'M' 'M' 'M' 'M' 'M' 'M' 'M' 'M' 'M' 'M' 'M' 'M' 'M' 'M' 'M']"
105901,0,161,3,158,37,0,0,"['A' 'M' 'M' 'M' 'M' 'U' 'M' 'U' 'U' 'M' 'U' 'M' 'M' 'M' 'M' 'M' 'M' 'M'
 'M' 'M' 'U' 'M' 'M' 'U' 'M' 'U' 'M' 'U' 'M' 'M' 'M' 'U' 'U' 'M' 'M' 'M'
 'M' 'M' 'M' 'U' 'M' 'M' 'M' 'M' 'M' 'M' 'M' 'M' 'M' 'U' 'M' 'M' 'M' 'U'
 'U' 'M' 'M' 'U' 'M' 'M' 'M' 'M' 'M' 'M' 'M' 'M' 'M' 'M' 'M' 'M' 'M' 'M'
 'M' 'M' 'U' 'M' 'M' 'M' 'U' 'M' 'M' 'M' 'U' 'M' 'M' 'M' 'M' 'M' 'M' 'U'
 'U' 'M' 'M' 'M' 'M' 'M' 'M' 'M' 'M' 'M' 'M' 'A' 'M' 'M' 'M' 'M' 'M' 'M'
 'M' 'M' 'M' 'M' 'U' 'M' 'M' 'M' 'M' 'M' 'M' 'M' 'M' 'M' 'U' 'M' 'U' 'M'
 'M' 'M' 'M' 'M' 'U' 'A' 'U' 'U' 'U' 'U' 'U' 'U' 'U' 'U' 'M' 'M' 'M' 'M'
 'M' 'M' 'U' 'U' 'M' 'M' 'M' 'M' 'M' 'M' 'M' 'M' 'M' 'U' 'M' 'M' 'U' 'M'
 'M' 'M' 'M' 'M' 'M' 'M' 'M' 'M' 'M' 'U' 'M' 'M' 'M' 'M' 'M' 'M' 'M' 'M'
 'M' 'M' 'M' 'M' 'M' 'M' 'M' 'M' 'M' 'M' 'M' 'M' 'M' 'M' 'M' 'M' 'M' 'M']"
106001,0,164,4,160,34,1,0,"['A' 'M' 'M' 'M' 'M' 'M' 'M' 'U' 'U' 'M' 'U' 'M' 'M' 'M' 'M' 'M' 'M' 'M'
 'M' 'M' 'U' 'M' 'M' 'U' 'M' 'U' 'M' 'U' 'M' 'M' 'M' 'U' 'U' 'M' 'M' 'M'
 'U' 'M' 'M' 'U' 'M' 'M' 'M' 'M' 'M' 'M' 'M' 'M' 'M' 'M' 'M' 'M' 'M' 'U'
 'U' 'M' 'M' 'M' 'M' 'M' 'M' 'M' 'M' 'M' 'M' 'U' 'M' 'U' 'M' 'M' 'M' 'M'
 'M' 'M' 'M' 'M' 'M' 'M' 'M' 'M' 'U' 'M' 'U' 'M' 'M' 'M' 'M' 'M' 'M' 'M'
 'M' 'U' 'M' 'M' 'M' 'M' 'M' 'M' 'M' 'M' 'M' 'U' 'M' 'M' 'M' 'M' 'M' 'M'
 'M' 'M' 'M' 'M' 'U' 'M' 'M' 'M' 'M' 'M' 'M' 'M' 'M' 'M' 'U' 'M' 'U' 'U'
 'M' 'M' 'M' 'M' 'M' 'A' 'U' 'M' 'U' 'M' 'M' 'U' 'U' 'U' 'M' 'M' 'M' 'M'
 'M' 'M' 'M' 'A' 'M' 'U' 'M' 'U' 'M' 'U' 'M' 'M' 'M' 'A' 'M' 'M' 'U' 'M'
 'M' 'M' 'M' 'M' 'M' 'M' 'M' 'M' 'M' 'U' 'M' 'M' 'M' 'M' 'M' 'M' 'M' 'M'
 'M' 'M' 'M' 'M' 'M' 'M' 'M' 'M' 'M' 'M' 'M' 'M' 'M' 'M' 'M' 'M' 'M' 'U']"
106101,0,165,3,162,33,1,0,"['A' 'M' 'M' 'M' 'M' 'M' 'M' 'M' 'U' 'M' 'U' 'M' 'M' 'M' 'M' 'M' 'M' 'M'
 'M' 'M' 'U' 'M' 'M' 'U' 'M' 'U' 'M' 'U' 'U' 'M' 'M' 'U' 'M' 'M' 'M' 'M'
 'U' 'M' 'M' 'U' 'M' 'U' 'M' 'M' 'M' 'M' 'M' 'M' 'M' 'M' 'M' 'M' 'M' 'U'
 'U' 'M' 'M' 'M' 'M' 'M' 'M' 'M' 'M' 'M' 'M' 'M' 'M' 'U' 'U' 'M' 'M' 'M'
 'M' 'M' 'M' 'M' 'M' 'M' 'U' 'M' 'M' 'M' 'M' 'M' 'M' 'M' 'M' 'U' 'M' 'M'
 'M' 'U' 'M' 'M' 'M' 'M' 'M' 'M' 'M' 'U' 'M' 'M' 'M' 'M' 'M' 'M' 'M' 'M'
 'M' 'M' 'M' 'M' 'U' 'M' 'U' 'M' 'M' 'M' 'M' 'M' 'M' 'U' 'M' 'M' 'U' 'M'
 'M' 'M' 'M' 'M' 'M' 'U' 'U' 'M' 'A' 'M' 'M' 'U' 'M' 'M' 'M' 'M' 'M' 'M'
 'M' 'M' 'M' 'A' 'M' 'U' 'M' 'M' 'M' 'U' 'M' 'M' 'M' 'U' 'M' 'M' 'U' 'M'
 'M' 'M' 'M' 'M' 'M' 'M' 'M' 'M' 'M' 'M' 'M' 'M' 'U' 'M' 'M' 'M' 'M' 'M'
 'M' 'M' 'M' 'M' 'M' 'M' 'M' 'M' 'M' 'M' 'U' 'M' 'M' 'M' 'M' 'M' 'M' 'U']"
106201,0,168,3,165,30,0,0,"['A' 'M' 'M' 'M' 'M' 'M' 'M' 'M' 'M' 'M' 'U' 'M' 'M' 'M' 'M' 'U' 'M' 'M'
 'M' 'M' 'M' 'M' 'M' 'U' 'M' 'M' 'M' 'U' 'M' 'M' 'M' 'U' 'M' 'M' 'M' 'M'
 'U' 'M' 'M' 'U' 'M' 'U' 'M' 'M' 'M' 'M' 'M' 'M' 'M' 'M' 'M' 'M' 'M' 'U'
 'M' 'M' 'M' 'M' 'M' 'M' 'M' 'M' 'M' 'M' 'M' 'M' 'M' 'M' 'M' 'M' 'U' 'M'
 'U' 'M' 'U' 'M' 'M' 'M' 'M' 'M' 'M' 'U' 'M' 'M' 'M' 'M' 'M' 'M' 'M' 'M'
 'M' 'M' 'M' 'U' 'M' 'M' 'M' 'M' 'M' 'U' 'M' 'M' 'M' 'M' 'M' 'M' 'M' 'M'
 'M' 'M' 'M' 'M' 'M' 'M' 'U' 'M' 'M' 'M' 'M' 'M' 'M' 'U' 'M' 'M' 'U' 'M'
 'M' 'M' 'M' 'M' 'M' 'U' 'U' 'U' 'A' 'U' 'U' 'U' 'U' 'M' 'U' 'M' 'U' 'M'
 'M' 'M' 'M' 'A' 'M' 'M' 'M' 'M' 'U' 'U' 'M' 'M' 'M' 'U' 'M' 'M' 'M' 'M'
 'M' 'M' 'M' 'M' 'M' 'M' 'M' 'M' 'M' 'M' 'M' 'M' 'M' 'M' 'M' 'M' 'M' 'M'
 'M' 'M' 'M' 'M' 'M' 'M' 'M' 'M' 'M' 'M' 'M' 'M' 'M' 'M' 'M' 'M' 'M' 'M']"
106301,0,173,2,171,25,0,1,"['A' 'M' 'M' 'M' 'M' 'M' 'M' 'M' 'M' 'M' 'M' 'M' 'M' 'M' 'M' 'U' 'M' 'M'
 'M' 'M' 'M' 'M' 'M' 'U' 'M' 'M' 'M' 'U' 'M' 'M' 'M' 'U' 'M' 'M' 'M' 'M'
 'M' 'M' 'M' 'U' 'M' 'U' 'M' 'M' 'M' 'M' 'M' 'M' 'M' 'M' 'U' 'M' 'M' 'M'
 'M' 'M' 'M' 'M' 'M' 'M' 'M' 'M' 'M' 'M' 'M' 'M' 'M' 'U' 'U' 'M' 'M' 'M'
 'M' 'M' 'M' 'U' 'M' 'M' 'M' 'U' 'M' 'U' 'M' 'M' 'M' 'M' 'M' 'M' 'M' 'M'
 'M' 'M' 'M' 'M' 'M' 'M' 'M' 'M' 'M' 'U' 'M' 'M' 'M' 'M' 'M' 'M' 'M' 'M'
 'M' 'M' 'M' 'M' 'M' 'M' 'U' 'M' 'M' 'M' 'M' 'M' 'M' 'U' 'M' 'M' 'U' 'M'
 'M' 'M' 'M' 'M' 'M' 'M' 'M' 'U' 'U' 'U' 'U' 'U' 'U' 'M' 'U' 'M' 'U' 'M'
 'M' 'M' 'M' 'A' 'M' 'M' 'M' 'M' 'U' 'M' 'M' 'M' 'M' 'M' 'M' 'M' 'M' 'M'
 'M' 'M' 'M' 'M' 'M' 'M' 'M' 'M' 'M' 'M' 'M' 'M' 'M' 'M' 'M' 'M' 'M' 'M'
 'M' 'M' 'M' 'M' 'M' 'M' 'M' 'M' 'M' 'M' 'M' 'M' 'M' 'M' 'M' 'M' 'M' 'M']"
106401,0,168,4,164,30,1,0,"['A' 'M' 'M' 'M' 'M' 'U' 'M' 'M' 'M' 'M' 'U' 'M' 'M' 'M' 'M' 'A' 'M' 'M'
 'M' 'M' 'M' 'M' 'M' 'U' 'M' 'M' 'M' 'U' 'M' 'M' 'M' 'U' 'M' 'M' 'M' 'M'
 'M' 'M' 'M' 'U' 'M' 'M' 'U' 'M' 'M' 'M' 'M' 'M' 'M' 'M' 'U' 'U' 'M' 'M'
 'M' 'M' 'M' 'M' 'M' 'M' 'M' 'M' 'M' 'M' 'M' 'U' 'M' 'U' 'M' 'M' 'M' 'M'
 'M' 'M' 'M' 'M' 'M' 'M' 'M' 'M' 'M' 'U' 'M' 'M' 'U' 'M' 'M' 'M' 'M' 'U'
 'M' 'M' 'M' 'M' 'M' 'M' 'M' 'U' 'M' 'U' 'M' 'M' 'M' 'M' 'M' 'M' 'M' 'U'
 'M' 'M' 'M' 'M' 'M' 'M' 'U' 'M' 'M' 'M' 'M' 'M' 'M' 'A' 'M' 'M' 'U' 'M'
 'M' 'U' 'M' 'M' 'M' 'U' 'M' 'U' 'U' 'U' 'U' 'A' 'U' 'M' 'U' 'M' 'M' 'M'
 'M' 'M' 'M' 'U' 'M' 'M' 'M' 'M' 'U' 'M' 'M' 'M' 'M' 'M' 'M' 'M' 'M' 'M'
 'M' 'M' 'M' 'M' 'M' 'M' 'M' 'M' 'M' 'M' 'M' 'M' 'M' 'M' 'M' 'M' 'M' 'M'
 'M' 'M' 'M' 'M' 'M' 'M' 'M' 'M' 'M' 'M' 'M' 'U' 'M' 'M' 'M' 'M' 'M' 'M']"
106501,0,168,3,165,30,0,1,"['A' 'M' 'M' 'M' 'M' 'M' 'M' 'U' 'M' 'M' 'U' 'M' 'M' 'U' 'M' 'A' 'M' 'U'
 'M' 'M' 'M' 'M' 'M' 'M' 'M' 'M' 'M' 'U' 'M' 'M' 'M' 'U' 'M' 'M' 'U' 'M'
 'M' 'M' 'M' 'U' 'M' 'M' 'U' 'M' 'M' 'M' 'M' 'M' 'M' 'M' 'U' 'U' 'U' 'M'
 'M' 'M' 'M' 'M' 'M' 'M' 'M' 'M' 'M' 'M' 'M' 'M' 'M' 'M' 'U' 'M' 'U' 'M'
 'U' 'M' 'M' 'M' 'M' 'M' 'M' 'M' 'M' 'M' 'M' 'U' 'M' 'M' 'M' 'M' 'M' 'M'
 'M' 'M' 'M' 'M' 'U' 'M' 'M' 'U' 'M' 'M' 'M' 'M' 'M' 'M' 'M' 'M' 'M' 'U'
 'M' 'M' 'M' 'M' 'M' 'M' 'U' 'M' 'M' 'U' 'M' 'M' 'M' 'U' 'M' 'M' 'M' 'M'
 'M' 'U' 'M' 'M' 'M' 'M' 'U' 'U' 'U' 'M' 'U' 'A' 'U' 'M' 'U' 'M' 'M' 'M'
 'M' 'M' 'M' 'U' 'M' 'M' 'M' 'M' 'M' 'M' 'M' 'M' 'M' 'M' 'M' 'M' 'M' 'M'
 'M' 'M' 'M' 'M' 'M' 'M' 'M' 'M' 'M' 'M' 'M' 'M' 'M' 'M' 'M' 'M' 'M' 'M'
 'M' 'M' 'M' 'M' 'M' 'M' 'M' 'M' 'M' 'M' 'M' 'M' 'M' 'M' 'M' 'M' 'M' 'M']"
106601,1,174,4,170,24,0,0,"['A' 'M' 'M' 'M' 'M' 'U' 'M' 'U' 'M' 'M' 'M' 'M' 'M' 'U' 'M' 'A' 'M' 'M'
 'M' 'M' 'M' 'M' 'M' 'M' 'M' 'M' 'M' 'U' 'M' 'M' 'M' 'U' 'M' 'M' 'M' 'M'
 'M' 'M' 'M' 'M' 'M' 'M' 'M' 'M' 'M' 'M' 'M' 'M' 'M' 'M' 'U' 'A' 'U' 'M'
 'M' 'M' 'M' 'M' 'M' 'M' 'M' 'M' 'M' 'M' 'M' 'M' 'M' 'U' 'M' 'U' 'U' 'M'
 'M' 'M' 'M' 'U' 'M' 'M' 'M' 'M' 'M' 'M' 'M' 'M' 'M' 'M' 'M' 'M' 'M' 'U'
 'M' 'M' 'M' 'M' 'M' 'M' 'M' 'M' 'M' 'M' 'M' 'M' 'M' 'U' 'M' 'M' 'M' 'U'
 'M' 'M' 'M' 'M' 'M' 'M' 'U' 'M' 'M' 'U' 'M' 'M' 'M' 'U' 'M' 'M' 'M' 'M'
 'M' 'U' 'M' 'M' 'M' 'U' 'U' 'U' 'U' 'U' 'U' 'A' 'M' 'M' 'M' 'M' 'M' 'M'
 'M' 'M' 'M' 'M' 'M' 'M' 'M' 'M' 'M' 'M' 'M' 'M' 'M' 'M' 'M' 'M' 'M' 'M'
 'M' 'M' 'M' 'M' 'M' 'M' 'M' 'M' 'M' 'M' 'M' 'M' 'M' 'M' 'M' 'M' 'M' 'M'
 'M' 'M' 'M' 'M' 'M' 'M' 'M' 'M' 'M' 'M' 'M' 'M' 'M' 'M' 'M' 'M' 'M' 'M']"
106701,0,164,4,160,34,0,0,"['A' 'U' 'M' 'M' 'M' 'U' 'M' 'M' 'M' 'M' 'M' 'M' 'M' 'M' 'M' 'A' 'M' 'U'
 'U' 'M' 'M' 'U' 'M' 'M' 'M' 'M' 'M' 'U' 'M' 'M' 'M' 'U' 'M' 'M' 'M' 'M'
 'M' 'M' 'M' 'M' 'M' 'M' 'M' 'M' 'M' 'M' 'M' 'U' 'M' 'M' 'U' 'A' 'U' 'M'
 'M' 'M' 'M' 'M' 'M' 'M' 'M' 'M' 'M' 'U' 'U' 'M' 'M' 'M' 'M' 'U' 'M' 'M'
 'M' 'M' 'U' 'U' 'M' 'M' 'M' 'M' 'M' 'M' 'M' 'M' 'M' 'M' 'U' 'U' 'M' 'M'
 'M' 'M' 'M' 'M' 'M' 'M' 'M' 'M' 'M' 'M' 'M' 'M' 'M' 'U' 'M' 'M' 'M' 'U'
 'M' 'U' 'M' 'M' 'M' 'M' 'U' 'M' 'M' 'U' 'U' 'M' 'M' 'U' 'M' 'U' 'M' 'M'
 'M' 'M' 'M' 'M' 'M' 'U' 'U' 'U' 'U' 'U' 'M' 'A' 'U' 'M' 'M' 'M' 'M' 'M'
 'M' 'M' 'M' 'M' 'M' 'M' 'M' 'M' 'M' 'M' 'M' 'U' 'U' 'M' 'M' 'M' 'M' 'M'
 'M' 'M' 'M' 'M' 'M' 'M' 'M' 'M' 'M' 'M' 'M' 'M' 'M' 'M' 'M' 'M' 'M' 'M'
 'M' 'M' 'M' 'M' 'M' 'M' 'M' 'M' 'M' 'U' 'M' 'M' 'M' 'M' 'M' 'M' 'M' 'M']"
106801,0,167,3,164,31,0,0,"['A' 'U' 'M' 'M' 'M' 'U' 'M' 'M' 'M' 'M' 'M' 'M' 'M' 'M' 'M' 'A' 'M' 'U'
 'M' 'M' 'M' 'U' 'M' 'M' 'M' 'M' 'M' 'U' 'M' 'M' 'M' 'M' 'M' 'M' 'M' 'M'
 'M' 'M' 'M' 'M' 'M' 'M' 'M' 'M' 'M' 'U' 'M' 'U' 'M' 'M' 'U' 'A' 'U' 'M'
 'M' 'M' 'M' 'M' 'M' 'M' 'M' 'M' 'M' 'U' 'U' 'M' 'M' 'U' 'M' 'M' 'M' 'M'
 'M' 'M' 'M' 'M' 'M' 'M' 'M' 'M' 'M' 'M' 'M' 'M' 'M' 'M' 'U' 'U' 'U' 'M'
 'M' 'U' 'M' 'M' 'M' 'M' 'M' 'M' 'M' 'M' 'M' 'M' 'U' 'M' 'M' 'M' 'M' 'M'
 'M' 'U' 'M' 'M' 'M' 'M' 'U' 'M' 'M' 'U' 'M' 'M' 'M' 'U' 'M' 'U' 'M' 'M'
 'M' 'M' 'M' 'M' 'M' 'U' 'U' 'U' 'U' 'U' 'U' 'U' 'U' 'M' 'M' 'M' 'M' 'M'
 'M' 'M' 'M' 'M' 'M' 'M' 'M' 'U' 'M' 'M' 'M' 'M' 'M' 'M' 'M' 'M' 'M' 'M'
 'M' 'M' 'M' 'M' 'M' 'M' 'M' 'M' 'M' 'M' 'M' 'M' 'M' 'M' 'M' 'M' 'M' 'M'
 'M' 'M' 'M' 'M' 'M' 'M' 'M' 'M' 'M' 'M' 'M' 'M' 'M' 'M' 'M' 'M' 'M' 'M']"
106901,0,173,3,170,25,0,1,"['A' 'U' 'M' 'M' 'M' 'U' 'M' 'M' 'M' 'M' 'M' 'M' 'M' 'M' 'M' 'A' 'M' 'U'
 'M' 'M' 'M' 'U' 'M' 'M' 'M' 'M' 'M' 'M' 'M' 'M' 'M' 'M' 'M' 'M' 'M' 'M'
 'M' 'M' 'M' 'M' 'M' 'M' 'M' 'M' 'M' 'M' 'M' 'U' 'M' 'M' 'U' 'A' 'U' 'M'
 'M' 'M' 'M' 'M' 'M' 'M' 'M' 'M' 'M' 'U' 'M' 'M' 'M' 'M' 'M' 'U' 'M' 'M'
 'M' 'M' 'U' 'M' 'M' 'M' 'M' 'M' 'M' 'U' 'M' 'U' 'M' 'M' 'M' 'M' 'M' 'M'
 'U' 'M' 'M' 'M' 'M' 'M' 'M' 'M' 'M' 'M' 'M' 'M' 'U' 'M' 'M' 'M' 'M' 'M'
 'M' 'M' 'M' 'M' 'M' 'M' 'M' 'M' 'M' 'U' 'M' 'M' 'M' 'U' 'M' 'M' 'M' 'M'
 'U' 'M' 'M' 'M' 'M' 'M' 'U' 'U' 'U' 'U' 'U' 'M' 'M' 'M' 'M' 'M' 'M' 'M'
 'M' 'M' 'M' 'M' 'M' 'M' 'M' 'U' 'M' 'M' 'M' 'M' 'M' 'M' 'M' 'M' 'M' 'M'
 'M' 'M' 'M' 'M' 'M' 'M' 'U' 'M' 'M' 'M' 'M' 'M' 'M' 'M' 'M' 'M' 'M' 'M'
 'M' 'M' 'M' 'M' 'M' 'M' 'M' 'M' 'M' 'M' 'M' 'M' 'M' 'M' 'M' 'M' 'M' 'U']"
107001,0,167,4,163,31,0,0,"['A' 'U' 'M' 'U' 'M' 'U' 'M' 'M' 'M' 'M' 'M' 'M' 'M' 'M' 'M' 'A' 'M' 'U'
 'M' 'M' 'M' 'U' 'M' 'M' 'M' 'U' 'M' 'M' 'M' 'M' 'M' 'M' 'M' 'M' 'M' 'M'
 'M' 'M' 'M' 'M' 'M' 'U' 'M' 'M' 'M' 'M' 'M' 'U' 'M' 'M' 'U' 'A' 'M' 'U'
 'M' 'M' 'U' 'M' 'M' 'M' 'M' 'M' 'M' 'U' 'M' 'M' 'M' 'M' 'M' 'M' 'M' 'M'
 'M' 'M' 'M' 'M' 'M' 'M' 'M' 'M' 'M' 'M' 'M' 'U' 'U' 'M' 'M' 'U' 'M' 'M'
 'U' 'U' 'M' 'M' 'M' 'U' 'M' 'M' 'U' 'M' 'M' 'M' 'U' 'M' 'M' 'M' 'M' 'M'
 'M' 'M' 'M' 'M' 'M' 'M' 'M' 'M' 'U' 'U' 'M' 'M' 'M' 'U' 'M' 'M' 'M' 'M'
 'A' 'M' 'M' 'M' 'M' 'M' 'M' 'U' 'U' 'U' 'U' 'M' 'M' 'M' 'M' 'M' 'M' 'M'
 'M' 'M' 'M' 'M' 'M' 'M' 'M' 'U' 'M' 'M' 'M' 'M' 'M' 'M' 'M' 'M' 'M' 'M'
 'M' 'M' 'M' 'M' 'M' 'M' 'U' 'M' 'M' 'M' 'M' 'M' 'M' 'M' 'M' 'M' 'M' 'M'
 'M' 'U' 'M' 'M' 'M' 'M' 'M' 'M' 'M' 'M' 'M' 'M' 'M' 'M' 'U' 'M' 'M' 'M']"
107101,0,169,3,166,29,0,0,"['A' 'U' 'M' 'U' 'M' 'M' 'M' 'M' 'M' 'M' 'M' 'M' 'M' 'M' 'M' 'U' 'M' 'M'
 'M' 'M' 'M' 'U' 'M' 'M' 'M' 'U' 'M' 'M' 'M' 'M' 'M' 'M' 'M' 'M' 'M' 'M'
 'M' 'M' 'M' 'M' 'M' 'U' 'M' 'M' 'M' 'M' 'M' 'U' 'M' 'M' 'U' 'U' 'M' 'U'
 'M' 'M' 'U' 'M' 'M' 'M' 'M' 'M' 'M' 'U' 'M' 'M' 'M' 'M' 'M' 'M' 'U' 'M'
 'M' 'M' 'M' 'M' 'M' 'M' 'M' 'U' 'M' 'M' 'M' 'M' 'M' 'M' 'U' 'M' 'M' 'U'
 'M' 'M' 'M' 'U' 'M' 'U' 'U' 'M' 'M' 'M' 'M' 'M' 'U' 'U' 'M' 'M' 'M' 'M'
 'M' 'M' 'M' 'M' 'M' 'M' 'M' 'M' 'U' 'U' 'M' 'M' 'M' 'U' 'M' 'M' 'M' 'M'
 'A' 'M' 'M' 'M' 'M' 'M' 'M' 'U' 'A' 'M' 'M' 'M' 'M' 'M' 'M' 'M' 'M' 'M'
 'M' 'M' 'M' 'M' 'M' 'M' 'M' 'U' 'M' 'M' 'M' 'M' 'M' 'M' 'M' 'M' 'M' 'M'
 'M' 'M' 'M' 'M' 'M' 'M' 'U' 'M' 'M' 'M' 'M' 'M' 'U' 'M' 'M' 'M' 'M' 'M'
 'M' 'M' 'M' 'M' 'M' 'M' 'M' 'M' 'M' 'M' 'M' 'M' 'M' 'M' 'U' 'M' 'M' 'M']"
107201,0,171,5,166,27,0,0,"['A' 'U' 'M' 'M' 'M' 'M' 'M' 'M' 'M' 'M' 'M' 'M' 'M' 'M' 'M' 'U' 'M' 'M'
 'M' 'M' 'M' 'U' 'M' 'M' 'M' 'U' 'M' 'M' 'M' 'M' 'M' 'M' 'M' 'M' 'M' 'M'
 'M' 'M' 'M' 'U' 'M' 'M' 'U' 'M' 'M' 'M' 'M' 'U' 'M' 'U' 'U' 'A' 'M' 'U'
 'M' 'M' 'M' 'M' 'M' 'M' 'M' 'M' 'M' 'U' 'M' 'U' 'U' 'M' 'M' 'U' 'M' 'M'
 'M' 'M' 'M' 'U' 'M' 'M' 'M' 'M' 'M' 'U' 'M' 'M' 'M' 'M' 'M' 'M' 'M' 'M'
 'M' 'M' 'M' 'M' 'M' 'U' 'U' 'M' 'M' 'M' 'M' 'M' 'U' 'U' 'M' 'M' 'M' 'M'
 'M' 'M' 'M' 'M' 'M' 'M' 'M' 'M' 'M' 'M' 'M' 'M' 'M' 'U' 'M' 'M' 'M' 'M'
 'A' 'M' 'M' 'M' 'M' 'M' 'M' 'A' 'A' 'M' 'M' 'M' 'M' 'M' 'M' 'U' 'M' 'M'
 'M' 'M' 'M' 'M' 'M' 'M' 'M' 'U' 'M' 'M' 'M' 'M' 'M' 'M' 'M' 'U' 'M' 'M'
 'M' 'M' 'M' 'M' 'M' 'M' 'U' 'M' 'M' 'M' 'M' 'M' 'U' 'M' 'M' 'M' 'M' 'M'
 'M' 'M' 'M' 'M' 'M' 'M' 'M' 'M' 'M' 'M' 'M' 'M' 'M' 'M' 'U' 'M' 'M' 'M']"
107301,0,164,5,159,34,1,0,"['A' 'M' 'M' 'M' 'M' 'M' 'M' 'U' 'M' 'M' 'M' 'M' 'M' 'M' 'M' 'U' 'M' 'U'
 'M' 'U' 'M' 'U' 'M' 'M' 'M' 'U' 'M' 'M' 'M' 'M' 'M' 'M' 'M' 'M' 'M' 'M'
 'M' 'M' 'M' 'M' 'M' 'M' 'U' 'M' 'U' 'M' 'M' 'U' 'M' 'U' 'U' 'A' 'M' 'U'
 'M' 'M' 'M' 'M' 'M' 'M' 'M' 'M' 'U' 'U' 'M' 'M' 'M' 'U' 'M' 'M' 'M' 'M'
 'U' 'M' 'M' 'M' 'M' 'M' 'M' 'M' 'M' 'M' 'M' 'M' 'U' 'U' 'M' 'M' 'M' 'M'
 'M' 'U' 'M' 'M' 'M' 'U' 'U' 'M' 'M' 'M' 'M' 'M' 'U' 'U' 'M' 'M' 'M' 'M'
 'M' 'U' 'M' 'M' 'M' 'M' 'M' 'M' 'M' 'M' 'M' 'M' 'M' 'M' 'M' 'M' 'M' 'M'
 'A' 'M' 'M' 'M' 'M' 'M' 'M' 'A' 'A' 'U' 'U' 'U' 'U' 'M' 'M' 'M' 'M' 'M'
 'M' 'M' 'M' 'M' 'M' 'M' 'M' 'U' 'M' 'M' 'M' 'M' 'M' 'M' 'M' 'U' 'U' 'M'
 'M' 'M' 'M' 'M' 'M' 'M' 'U' 'M' 'M' 'M' 'M' 'M' 'M' 'M' 'M' 'M' 'M' 'M'
 'U' 'M' 'M' 'M' 'M' 'M' 'M' 'M' 'M' 'M' 'M' 'M' 'M' 'M' 'U' 'M' 'M' 'M']"
107401,0,161,8,153,37,0,0,"['A' 'M' 'U' 'M' 'M' 'M' 'M' 'M' 'M' 'M' 'M' 'U' 'M' 'M' 'M' 'U' 'M' 'M'
 'M' 'U' 'M' 'M' 'M' 'M' 'M' 'U' 'M' 'M' 'M' 'M' 'M' 'M' 'M' 'M' 'M' 'U'
 'M' 'M' 'M' 'U' 'M' 'M' 'U' 'M' 'M' 'M' 'M' 'U' 'M' 'A' 'U' 'A' 'M' 'U'
 'M' 'M' 'M' 'M' 'M' 'M' 'M' 'M' 'U' 'U' 'M' 'M' 'M' 'M' 'M' 'M' 'M' 'M'
 'U' 'M' 'U' 'M' 'M' 'M' 'M' 'U' 'M' 'U' 'U' 'M' 'M' 'M' 'M' 'M' 'M' 'M'
 'M' 'M' 'M' 'M' 'M' 'M' 'A' 'M' 'M' 'M' 'M' 'M' 'U' 'U' 'M' 'U' 'M' 'M'
 'M' 'U' 'M' 'M' 'M' 'M' 'M' 'U' 'M' 'M' 'M' 'M' 'M' 'M' 'M' 'M' 'M' 'M'
 'A' 'M' 'U' 'M' 'M' 'U' 'U' 'A' 'A' 'U' 'U' 'U' 'U' 'M' 'M' 'M' 'M' 'M'
 'M' 'M' 'M' 'M' 'M' 'M' 'M' 'U' 'M' 'M' 'M' 'M' 'M' 'M' 'M' 'U' 'U' 'M'
 'M' 'M' 'M' 'M' 'M' 'M' 'U' 'M' 'U' 'M' 'M' 'M' 'M' 'M' 'M' 'M' 'M' 'M'
 'M' 'M' 'M' 'A' 'M' 'M' 'M' 'M' 'M' 'M' 'M' 'M' 'M' 'M' 'U' 'U' 'M' 'M']"
107501,0,154,6,148,44,0,0,"['A' 'M' 'U' 'M' 'M' 'M' 'M' 'M' 'M' 'M' 'M' 'U' 'M' 'M' 'M' 'U' 'M' 'M'
 'M' 'U' 'M' 'M' 'M' 'M' 'M' 'U' 'M' 'M' 'M' 'M' 'M' 'U' 'U' 'M' 'M' 'M'
 'M' 'M' 'M' 'U' 'M' 'M' 'U' 'M' 'M' 'M' 'M' 'M' 'M' 'U' 'M' 'A' 'M' 'U'
 'M' 'M' 'M' 'M' 'M' 'U' 'M' 'M' 'U' 'U' 'M' 'M' 'M' 'M' 'M' 'M' 'M' 'M'
 'U' 'M' 'U' 'M' 'M' 'M' 'U' 'M' 'U' 'M' 'U' 'M' 'M' 'M' 'M' 'M' 'M' 'M'
 'M' 'M' 'M' 'M' 'M' 'M' 'A' 'U' 'M' 'M' 'M' 'M' 'U' 'U' 'U' 'U' 'M' 'M'
 'M' 'U' 'M' 'M' 'M' 'M' 'M' 'U' 'M' 'M' 'M' 'M' 'M' 'M' 'M' 'M' 'M' 'M'
 'A' 'U' 'U' 'M' 'M' 'U' 'M' 'U' 'A' 'U' 'M' 'M' 'U' 'M' 'M' 'M' 'M' 'M'
 'M' 'M' 'M' 'U' 'U' 'M' 'M' 'U' 'M' 'M' 'M' 'M' 'M' 'U' 'M' 'U' 'U' 'M'
 'M' 'M' 'M' 'M' 'M' 'M' 'U' 'M' 'U' 'M' 'M' 'U' 'M' 'M' 'M' 'M' 'M' 'M'
 'M' 'M' 'M' 'A' 'U' 'M' 'M' 'M' 'M' 'M' 'M' 'M' 'M' 'M' 'M' 'U' 'M' 'U']"
107601,0,154,7,147,44,0,0,"['A' 'M' 'U' 'M' 'M' 'M' 'M' 'M' 'M' 'M' 'M' 'A' 'M' 'M' 'M' 'U' 'M' 'M'
 'M' 'U' 'M' 'M' 'U' 'M' 'M' 'M' 'M' 'M' 'M' 'M' 'M' 'A' 'U' 'M' 'M' 'M'
 'M' 'M' 'M' 'U' 'U' 'M' 'U' 'M' 'M' 'M' 'M' 'M' 'M' 'U' 'M' 'A' 'M' 'U'
 'M' 'M' 'M' 'M' 'M' 'U' 'M' 'M' 'U' 'U' 'M' 'M' 'U' 'M' 'M' 'U' 'M' 'M'
 'M' 'M' 'M' 'M' 'M' 'U' 'M' 'M' 'M' 'M' 'M' 'M' 'M' 'M' 'M' 'U' 'U' 'M'
 'M' 'M' 'M' 'M' 'M' 'U' 'U' 'M' 'M' 'M' 'M' 'M' 'M' 'U' 'A' 'M' 'M' 'U'
 'M' 'U' 'M' 'M' 'M' 'M' 'M' 'U' 'M' 'M' 'M' 'U' 'M' 'M' 'M' 'M' 'M' 'M'
 'U' 'M' 'U' 'M' 'M' 'U' 'M' 'U' 'U' 'U' 'M' 'M' 'A' 'U' 'M' 'U' 'M' 'M'
 'M' 'M' 'M' 'U' 'U' 'M' 'M' 'U' 'M' 'M' 'M' 'M' 'M' 'U' 'M' 'U' 'U' 'M'
 'M' 'M' 'M' 'M' 'M' 'M' 'U' 'M' 'M' 'M' 'M' 'U' 'M' 'M' 'M' 'M' 'M' 'U'
 'M' 'M' 'M' 'A' 'M' 'M' 'M' 'M' 'M' 'M' 'M' 'M' 'M' 'M' 'M' 'U' 'M' 'U']"
107701,0,156,4,152,42,0,0,"['A' 'M' 'U' 'M' 'M' 'M' 'M' 'U' 'M' 'M' 'M' 'A' 'M' 'U' 'M' 'M' 'M' 'M'
 'M' 'U' 'M' 'M' 'U' 'M' 'M' 'M' 'M' 'M' 'M' 'M' 'M' 'U' 'U' 'M' 'M' 'M'
 'M' 'M' 'M' 'U' 'U' 'M' 'U' 'M' 'M' 'M' 'M' 'M' 'M' 'U' 'M' 'A' 'M' 'U'
 'M' 'M' 'M' 'M' 'M' 'U' 'M' 'M' 'U' 'U' 'M' 'M' 'M' 'M' 'M' 'M' 'U' 'M'
 'U' 'M' 'M' 'M' 'M' 'M' 'M' 'M' 'M' 'M' 'M' 'M' 'M' 'U' 'M' 'M' 'M' 'M'
 'M' 'U' 'M' 'M' 'U' 'U' 'M' 'M' 'M' 'M' 'M' 'M' 'M' 'U' 'M' 'M' 'M' 'M'
 'M' 'U' 'M' 'M' 'U' 'M' 'M' 'M' 'M' 'M' 'M' 'M' 'M' 'M' 'M' 'U' 'U' 'M'
 'U' 'M' 'U' 'M' 'M' 'U' 'M' 'M' 'M' 'M' 'M' 'M' 'A' 'U' 'M' 'U' 'U' 'M'
 'M' 'M' 'M' 'U' 'U' 'M' 'M' 'U' 'M' 'M' 'M' 'M' 'M' 'U' 'M' 'U' 'U' 'M'
 'M' 'M' 'M' 'M' 'M' 'M' 'U' 'M' 'M' 'M' 'M' 'U' 'M' 'M' 'M' 'M' 'M' 'M'
 'M' 'M' 'M' 'M' 'M' 'M' 'M' 'M' 'M' 'M' 'M' 'M' 'M' 'M' 'M' 'U' 'M' 'U']"
107801,0,159,7,152,39,0,0,"['A' 'M' 'U' 'M' 'M' 'M' 'M' 'A' 'M' 'U' 'M' 'A' 'M' 'U' 'M' 'M' 'M' 'M'
 'M' 'U' 'M' 'M' 'U' 'M' 'M' 'M' 'M' 'M' 'M' 'M' 'M' 'U' 'U' 'M' 'M' 'M'
 'M' 'M' 'U' 'A' 'U' 'M' 'U' 'M' 'M' 'M' 'U' 'U' 'M' 'U' 'M' 'A' 'M' 'U'
 'U' 'M' 'M' 'M' 'M' 'U' 'M' 'M' 'U' 'U' 'M' 'M' 'M' 'M' 'M' 'M' 'M' 'M'
 'M' 'M' 'M' 'M' 'M' 'M' 'M' 'M' 'M' 'M' 'M' 'M' 'U' 'M' 'M' 'U' 'U' 'M'
 'U' 'U' 'M' 'M' 'M' 'U' 'M' 'M' 'M' 'M' 'M' 'M' 'M' 'U' 'M' 'M' 'M' 'M'
 'M' 'M' 'M' 'M' 'M' 'M' 'M' 'M' 'M' 'M' 'M' 'M' 'M' 'M' 'M' 'U' 'U' 'M'
 'U' 'M' 'U' 'M' 'M' 'U' 'M' 'M' 'M' 'M' 'M' 'M' 'A' 'U' 'M' 'U' 'U' 'M'
 'M' 'M' 'M' 'M' 'U' 'M' 'M' 'U' 'M' 'M' 'M' 'M' 'M' 'U' 'M' 'U' 'M' 'M'
 'M' 'M' 'M' 'M' 'M' 'M' 'M' 'M' 'M' 'M' 'M' 'U' 'M' 'M' 'M' 'M' 'M' 'M'
 'M' 'M' 'M' 'M' 'M' 'M' 'M' 'M' 'M' 'M' 'M' 'M' 'M' 'M' 'M' 'U' 'M' 'A']"
107901,0,150,7,143,48,0,0,"['A' 'M' 'M' 'M' 'M' 'M' 'M' 'A' 'M' 'U' 'M' 'A' 'M' 'M' 'M' 'M' 'M' 'M'
 'M' 'A' 'U' 'M' 'U' 'M' 'M' 'M' 'M' 'U' 'M' 'M' 'M' 'U' 'U' 'M' 'M' 'M'
 'M' 'M' 'U' 'U' 'U' 'M' 'U' 'M' 'M' 'M' 'U' 'U' 'M' 'U' 'U' 'U' 'M' 'M'
 'M' 'M' 'M' 'M' 'M' 'A' 'M' 'M' 'M' 'U' 'M' 'U' 'M' 'M' 'U' 'M' 'M' 'M'
 'M' 'M' 'U' 'M' 'M' 'M' 'M' 'M' 'M' 'M' 'M' 'M' 'M' 'U' 'M' 'U' 'M' 'M'
 'M' 'M' 'M' 'M' 'M' 'M' 'M' 'M' 'M' 'M' 'M' 'M' 'M' 'M' 'U' 'U' 'M' 'U'
 'M' 'M' 'U' 'M' 'U' 'M' 'M' 'M' 'M' 'M' 'M' 'M' 'M' 'M' 'U' 'M' 'M' 'M'
 'M' 'M' 'U' 'U' 'M' 'U' 'U' 'U' 'U' 'U' 'U' 'U' 'A' 'U' 'M' 'U' 'M' 'M'
 'U' 'M' 'M' 'M' 'U' 'M' 'M' 'U' 'M' 'M' 'M' 'M' 'M' 'U' 'M' 'U' 'M' 'M'
 'M' 'M' 'M' 'M' 'M' 'M' 'M' 'M' 'M' 'U' 'M' 'U' 'U' 'M' 'M' 'U' 'M' 'M'
 'M' 'M' 'M' 'M' 'M' 'M' 'M' 'M' 'M' 'M' 'M' 'M' 'M' 'M' 'M' 'U' 'M' 'A']"
108001,0,155,5,150,43,0,1,"['A' 'M' 'M' 'M' 'M' 'M' 'M' 'U' 'M' 'M' 'M' 'U' 'M' 'M' 'M' 'M' 'M' 'M'
 'M' 'A' 'U' 'M' 'U' 'M' 'M' 'M' 'M' 'A' 'M' 'M' 'M' 'U' 'M' 'M' 'M' 'M'
 'M' 'M' 'M' 'U' 'U' 'M' 'U' 'M' 'M' 'M' 'U' 'U' 'U' 'U' 'U' 'M' 'M' 'M'
 'M' 'M' 'M' 'M' 'M' 'A' 'M' 'M' 'M' 'M' 'M' 'M' 'M' 'M' 'M' 'M' 'M' 'U'
 'M' 'M' 'U' 'M' 'M' 'M' 'U' 'M' 'M' 'M' 'M' 'M' 'M' 'M' 'M' 'M' 'M' 'M'
 'M' 'U' 'U' 'M' 'M' 'M' 'M' 'M' 'M' 'M' 'M' 'M' 'M' 'M' 'M' 'U' 'M' 'M'
 'U' 'M' 'U' 'M' 'U' 'M' 'M' 'M' 'M' 'U' 'M' 'M' 'M' 'M' 'U' 'M' 'M' 'M'
 'M' 'M' 'U' 'U' 'M' 'U' 'U' 'U' 'U' 'M' 'U' 'M' 'U' 'U' 'M' 'M' 'U' 'M'
 'U' 'M' 'M' 'M' 'U' 'M' 'M' 'U' 'M' 'M' 'M' 'M' 'M' 'M' 'M' 'U' 'M' 'M'
 'M' 'M' 'M' 'M' 'M' 'M' 'M' 'M' 'M' 'U' 'M' 'U' 'U' 'M' 'M' 'U' 'M' 'M'
 'M' 'M' 'M' 'M' 'M' 'M' 'M' 'M' 'M' 'M' 'M' 'M' 'M' 'M' 'M' 'U' 'M' 'A']"
108101,0,151,7,144,47,1,0,"['A' 'M' 'U' 'M' 'M' 'M' 'M' 'U' 'M' 'M' 'M' 'M' 'M' 'M' 'M' 'M' 'M' 'M'
 'M' 'U' 'M' 'U' 'U' 'M' 'M' 'M' 'M' 'A' 'U' 'M' 'M' 'U' 'U' 'M' 'M' 'M'
 'M' 'M' 'M' 'U' 'U' 'M' 'M' 'M' 'M' 'M' 'U' 'U' 'U' 'U' 'U' 'M' 'M' 'M'
 'M' 'M' 'M' 'U' 'M' 'A' 'U' 'M' 'M' 'M' 'M' 'M' 'M' 'M' 'M' 'M' 'M' 'M'
 'M' 'M' 'M' 'U' 'M' 'M' 'U' 'M' 'M' 'M' 'U' 'M' 'M' 'M' 'M' 'M' 'U' 'M'
 'M' 'M' 'M' 'U' 'M' 'M' 'M' 'M' 'M' 'M' 'M' 'M' 'M' 'M' 'M' 'U' 'M' 'M'
 'U' 'M' 'U' 'M' 'U' 'M' 'M' 'M' 'U' 'U' 'M' 'M' 'M' 'M' 'M' 'M' 'M' 'M'
 'M' 'M' 'M' 'U' 'A' 'U' 'A' 'U' 'U' 'M' 'U' 'U' 'U' 'U' 'M' 'M' 'U' 'U'
 'U' 'M' 'M' 'M' 'U' 'M' 'M' 'A' 'M' 'M' 'M' 'M' 'M' 'M' 'M' 'U' 'M' 'M'
 'M' 'M' 'M' 'M' 'M' 'M' 'M' 'U' 'M' 'U' 'M' 'U' 'U' 'M' 'M' 'U' 'M' 'M'
 'M' 'M' 'M' 'M' 'M' 'M' 'M' 'M' 'M' 'M' 'M' 'M' 'M' 'M' 'M' 'U' 'M' 'A']"
108201,0,151,5,146,47,0,0,"['A' 'M' 'U' 'M' 'M' 'M' 'M' 'U' 'M' 'M' 'M' 'M' 'M' 'U' 'M' 'M' 'M' 'M'
 'U' 'M' 'M' 'U' 'U' 'M' 'M' 'M' 'M' 'U' 'U' 'M' 'M' 'U' 'M' 'M' 'M' 'M'
 'U' 'M' 'U' 'U' 'U' 'M' 'M' 'M' 'M' 'M' 'U' 'U' 'U' 'U' 'U' 'M' 'M' 'M'
 'M' 'M' 'M' 'U' 'M' 'A' 'U' 'M' 'M' 'M' 'M' 'M' 'M' 'M' 'M' 'U' 'U' 'M'
 'M' 'M' 'M' 'U' 'M' 'M' 'U' 'M' 'M' 'M' 'M' 'M' 'M' 'M' 'M' 'M' 'M' 'M'
 'M' 'U' 'M' 'M' 'M' 'U' 'M' 'M' 'M' 'M' 'M' 'M' 'M' 'M' 'M' 'U' 'M' 'M'
 'A' 'M' 'U' 'M' 'U' 'M' 'M' 'M' 'M' 'U' 'M' 'M' 'M' 'M' 'M' 'M' 'M' 'M'
 'M' 'M' 'M' 'U' 'A' 'M' 'U' 'U' 'U' 'M' 'M' 'U' 'M' 'M' 'M' 'M' 'U' 'U'
 'M' 'M' 'M' 'M' 'U' 'M' 'M' 'U' 'M' 'M' 'M' 'M' 'M' 'M' 'M' 'U' 'M' 'M'
 'M' 'M' 'M' 'M' 'U' 'M' 'M' 'U' 'M' 'U' 'M' 'U' 'U' 'M' 'M' 'U' 'M' 'M'
 'M' 'M' 'M' 'M' 'M' 'M' 'M' 'M' 'M' 'M' 'M' 'M' 'M' 'M' 'M' 'U' 'M' 'A']"
108301,0,153,7,146,45,0,1,"['A' 'M' 'U' 'M' 'M' 'M' 'M' 'U' 'M' 'M' 'M' 'M' 'U' 'U' 'M' 'M' 'M' 'M'
 'U' 'M' 'M' 'U' 'U' 'M' 'M' 'M' 'M' 'U' 'U' 'M' 'M' 'U' 'M' 'M' 'M' 'M'
 'U' 'M' 'U' 'U' 'U' 'M' 'M' 'M' 'M' 'M' 'U' 'U' 'U' 'A' 'U' 'M' 'M' 'M'
 'U' 'M' 'M' 'U' 'M' 'A' 'M' 'M' 'M' 'M' 'U' 'M' 'M' 'M' 'M' 'U' 'M' 'M'
 'U' 'M' 'M' 'M' 'M' 'M' 'M' 'U' 'M' 'M' 'M' 'M' 'M' 'M' 'M' 'M' 'M' 'M'
 'U' 'M' 'M' 'M' 'U' 'U' 'M' 'M' 'M' 'M' 'M' 'M' 'M' 'M' 'M' 'U' 'M' 'M'
 'A' 'M' 'U' 'M' 'M' 'M' 'M' 'U' 'M' 'M' 'M' 'M' 'M' 'M' 'M' 'M' 'M' 'M'
 'M' 'M' 'M' 'U' 'A' 'M' 'M' 'U' 'U' 'M' 'M' 'U' 'M' 'M' 'M' 'M' 'U' 'M'
 'M' 'M' 'M' 'M' 'U' 'M' 'M' 'U' 'U' 'M' 'M' 'M' 'M' 'M' 'M' 'U' 'M' 'M'
 'M' 'M' 'M' 'M' 'M' 'U' 'M' 'U' 'M' 'U' 'M' 'A' 'U' 'M' 'M' 'U' 'M' 'U'
 'M' 'M' 'M' 'M' 'M' 'M' 'M' 'M' 'M' 'M' 'M' 'M' 'M' 'M' 'M' 'M' 'M' 'A']"
108401,0,152,9,143,46,0,1,"['A' 'M' 'M' 'M' 'U' 'M' 'M' 'U' 'M' 'M' 'M' 'M' 'M' 'M' 'M' 'M' 'M' 'M'
 'A' 'M' 'M' 'A' 'U' 'M' 'M' 'U' 'M' 'U' 'M' 'M' 'M' 'U' 'M' 'M' 'M' 'M'
 'U' 'M' 'M' 'U' 'U' 'M' 'M' 'M' 'M' 'M' 'M' 'U' 'U' 'U' 'U' 'M' 'M' 'M'
 'A' 'M' 'M' 'U' 'M' 'A' 'M' 'M' 'M' 'U' 'U' 'M' 'M' 'U' 'M' 'M' 'U' 'U'
 'M' 'U' 'M' 'M' 'M' 'M' 'M' 'M' 'M' 'M' 'U' 'M' 'M' 'M' 'M' 'M' 'M' 'M'
 'M' 'M' 'M' 'M' 'M' 'U' 'M' 'M' 'M' 'M' 'M' 'M' 'M' 'M' 'U' 'M' 'M' 'M'
 'A' 'M' 'U' 'M' 'M' 'M' 'M' 'U' 'M' 'M' 'M' 'M' 'M' 'M' 'M' 'M' 'M' 'M'
 'M' 'M' 'M' 'M' 'A' 'U' 'U' 'U' 'U' 'U' 'U' 'U' 'U' 'M' 'M' 'M' 'A' 'U'
 'M' 'M' 'M' 'M' 'U' 'M' 'M' 'U' 'M' 'M' 'M' 'M' 'M' 'M' 'M' 'U' 'M' 'M'
 'M' 'M' 'M' 'M' 'M' 'U' 'M' 'U' 'M' 'U' 'M' 'A' 'U' 'U' 'M' 'U' 'M' 'U'
 'M' 'M' 'M' 'M' 'M' 'M' 'M' 'M' 'M' 'M' 'M' 'M' 'M' 'U' 'M' 'M' 'M' 'U']"
108501,0,151,9,142,47,0,0,"['A' 'M' 'M' 'M' 'U' 'M' 'M' 'U' 'U' 'M' 'M' 'U' 'M' 'M' 'M' 'M' 'M' 'M'
 'U' 'M' 'M' 'A' 'U' 'U' 'M' 'M' 'M' 'U' 'M' 'U' 'M' 'U' 'M' 'U' 'M' 'M'
 'U' 'M' 'M' 'A' 'M' 'M' 'M' 'M' 'M' 'U' 'M' 'U' 'U' 'U' 'M' 'M' 'M' 'M'
 'A' 'M' 'M' 'M' 'M' 'A' 'M' 'M' 'M' 'M' 'U' 'U' 'M' 'M' 'M' 'M' 'M' 'M'
 'U' 'M' 'M' 'M' 'U' 'M' 'M' 'U' 'M' 'M' 'M' 'M' 'M' 'M' 'M' 'M' 'U' 'M'
 'M' 'M' 'M' 'M' 'M' 'U' 'M' 'M' 'M' 'M' 'M' 'M' 'U' 'M' 'U' 'M' 'M' 'M'
 'A' 'M' 'U' 'M' 'M' 'M' 'M' 'U' 'M' 'M' 'M' 'M' 'M' 'M' 'M' 'M' 'M' 'M'
 'M' 'M' 'M' 'M' 'A' 'U' 'U' 'U' 'U' 'U' 'U' 'U' 'A' 'M' 'M' 'M' 'A' 'U'
 'M' 'M' 'U' 'M' 'U' 'M' 'M' 'U' 'M' 'M' 'M' 'M' 'U' 'M' 'M' 'M' 'M' 'M'
 'M' 'M' 'M' 'M' 'M' 'U' 'M' 'M' 'M' 'M' 'M' 'U' 'U' 'U' 'M' 'U' 'M' 'M'
 'M' 'M' 'M' 'M' 'U' 'M' 'M' 'M' 'M' 'M' 'M' 'M' 'M' 'U' 'M' 'M' 'M' 'U']"
108601,0,149,10,139,49,0,1,"['A' 'M' 'M' 'M' 'U' 'M' 'M' 'U' 'M' 'M' 'U' 'U' 'M' 'M' 'M' 'M' 'M' 'M'
 'U' 'M' 'U' 'A' 'U' 'U' 'U' 'M' 'M' 'U' 'M' 'U' 'M' 'U' 'M' 'M' 'M' 'M'
 'M' 'U' 'M' 'A' 'M' 'M' 'M' 'M' 'M' 'U' 'M' 'U' 'U' 'U' 'M' 'M' 'M' 'M'
 'A' 'M' 'U' 'M' 'M' 'A' 'M' 'M' 'M' 'U' 'U' 'M' 'M' 'M' 'U' 'M' 'U' 'M'
 'M' 'M' 'M' 'M' 'M' 'M' 'M' 'U' 'U' 'M' 'M' 'M' 'M' 'M' 'M' 'M' 'M' 'M'
 'M' 'M' 'U' 'M' 'M' 'A' 'M' 'M' 'M' 'M' 'M' 'M' 'U' 'U' 'U' 'M' 'U' 'M'
 'A' 'M' 'U' 'M' 'M' 'M' 'M' 'M' 'M' 'M' 'M' 'M' 'M' 'M' 'M' 'M' 'M' 'M'
 'M' 'U' 'M' 'M' 'A' 'U' 'U' 'U' 'U' 'U' 'U' 'U' 'A' 'M' 'M' 'M' 'A' 'M'
 'M' 'M' 'U' 'M' 'M' 'M' 'M' 'M' 'M' 'M' 'M' 'M' 'U' 'M' 'M' 'M' 'M' 'M'
 'M' 'M' 'M' 'M' 'U' 'U' 'M' 'M' 'M' 'M' 'M' 'M' 'U' 'U' 'M' 'U' 'M' 'M'
 'M' 'M' 'M' 'U' 'M' 'M' 'M' 'M' 'M' 'U' 'M' 'M' 'M' 'U' 'M' 'M' 'M' 'U']"
108701,0,145,10,135,53,0,0,"['A' 'M' 'M' 'M' 'U' 'M' 'M' 'U' 'M' 'M' 'U' 'U' 'M' 'M' 'M' 'M' 'U' 'M'
 'A' 'M' 'U' 'A' 'U' 'U' 'U' 'M' 'M' 'U' 'M' 'U' 'M' 'U' 'M' 'M' 'M' 'M'
 'M' 'U' 'U' 'U' 'M' 'M' 'M' 'M' 'M' 'U' 'M' 'U' 'M' 'U' 'M' 'M' 'M' 'M'
 'U' 'M' 'U' 'U' 'M' 'A' 'M' 'M' 'M' 'U' 'U' 'U' 'U' 'M' 'M' 'U' 'M' 'U'
 'M' 'M' 'M' 'M' 'U' 'M' 'M' 'M' 'M' 'M' 'M' 'M' 'M' 'M' 'M' 'M' 'M' 'M'
 'M' 'M' 'M' 'M' 'M' 'A' 'M' 'M' 'M' 'M' 'M' 'M' 'U' 'U' 'U' 'M' 'M' 'M'
 'A' 'M' 'U' 'M' 'M' 'U' 'M' 'M' 'M' 'M' 'M' 'M' 'M' 'M' 'M' 'M' 'M' 'U'
 'M' 'U' 'M' 'M' 'A' 'M' 'U' 'A' 'U' 'U' 'U' 'U' 'A' 'M' 'M' 'U' 'A' 'M'
 'M' 'M' 'U' 'M' 'M' 'M' 'M' 'M' 'M' 'M' 'M' 'M' 'U' 'M' 'M' 'M' 'M' 'M'
 'M' 'M' 'M' 'M' 'U' 'U' 'M' 'U' 'M' 'U' 'M' 'M' 'U' 'U' 'M' 'M' 'M' 'M'
 'M' 'M' 'M' 'U' 'M' 'U' 'M' 'M' 'M' 'U' 'M' 'M' 'M' 'U' 'M' 'M' 'M' 'M']"
108801,1,148,8,140,50,0,0,"['A' 'M' 'M' 'M' 'M' 'M' 'M' 'U' 'M' 'M' 'U' 'U' 'M' 'M' 'M' 'M' 'U' 'M'
 'U' 'M' 'U' 'A' 'M' 'U' 'U' 'M' 'M' 'U' 'U' 'U' 'M' 'U' 'M' 'M' 'M' 'M'
 'M' 'U' 'U' 'M' 'M' 'M' 'M' 'M' 'M' 'M' 'M' 'U' 'M' 'U' 'M' 'M' 'M' 'M'
 'U' 'M' 'U' 'U' 'M' 'A' 'M' 'M' 'M' 'U' 'U' 'M' 'M' 'M' 'M' 'M' 'M' 'M'
 'M' 'M' 'M' 'M' 'M' 'M' 'M' 'M' 'M' 'M' 'M' 'U' 'M' 'M' 'U' 'M' 'U' 'M'
 'U' 'U' 'M' 'M' 'M' 'A' 'M' 'M' 'M' 'M' 'M' 'U' 'U' 'U' 'U' 'M' 'M' 'M'
 'A' 'M' 'U' 'M' 'M' 'M' 'M' 'M' 'M' 'M' 'M' 'M' 'M' 'M' 'U' 'M' 'M' 'M'
 'M' 'U' 'M' 'M' 'A' 'M' 'U' 'A' 'U' 'U' 'U' 'U' 'A' 'M' 'M' 'U' 'M' 'M'
 'M' 'M' 'U' 'M' 'M' 'M' 'M' 'M' 'M' 'M' 'M' 'M' 'M' 'M' 'M' 'M' 'M' 'M'
 'M' 'M' 'M' 'M' 'U' 'U' 'M' 'U' 'M' 'U' 'M' 'M' 'U' 'U' 'M' 'M' 'M' 'M'
 'M' 'M' 'M' 'U' 'M' 'U' 'M' 'M' 'M' 'M' 'M' 'M' 'M' 'U' 'M' 'M' 'U' 'M']"
108901,0,147,12,135,51,0,0,"['A' 'M' 'M' 'M' 'M' 'M' 'M' 'U' 'M' 'M' 'M' 'U' 'M' 'M' 'M' 'M' 'U' 'M'
 'M' 'M' 'U' 'A' 'M' 'M' 'U' 'M' 'M' 'M' 'U' 'A' 'M' 'U' 'M' 'M' 'M' 'M'
 'U' 'U' 'U' 'M' 'M' 'M' 'M' 'M' 'M' 'M' 'M' 'U' 'M' 'U' 'M' 'U' 'M' 'M'
 'U' 'M' 'U' 'U' 'M' 'A' 'M' 'U' 'U' 'U' 'U' 'M' 'M' 'U' 'U' 'M' 'M' 'M'
 'M' 'M' 'M' 'M' 'M' 'M' 'U' 'M' 'U' 'M' 'U' 'M' 'M' 'M' 'M' 'M' 'M' 'M'
 'M' 'M' 'M' 'M' 'M' 'A' 'U' 'M' 'M' 'M' 'M' 'U' 'U' 'U' 'U' 'M' 'M' 'U'
 'A' 'M' 'U' 'M' 'M' 'M' 'M' 'M' 'M' 'M' 'M' 'M' 'M' 'M' 'A' 'M' 'M' 'M'
 'M' 'U' 'M' 'U' 'A' 'U' 'U' 'A' 'U' 'A' 'U' 'U' 'M' 'M' 'M' 'U' 'M' 'M'
 'M' 'M' 'U' 'A' 'M' 'M' 'M' 'M' 'M' 'M' 'M' 'M' 'M' 'M' 'M' 'M' 'M' 'U'
 'M' 'M' 'M' 'M' 'M' 'M' 'M' 'U' 'M' 'U' 'U' 'M' 'A' 'U' 'U' 'M' 'M' 'M'
 'M' 'M' 'M' 'M' 'M' 'U' 'M' 'M' 'M' 'M' 'M' 'U' 'M' 'U' 'M' 'U' 'M' 'M']"
109001,0,160,14,146,38,0,1,"['A' 'M' 'M' 'M' 'M' 'M' 'U' 'U' 'M' 'M' 'M' 'M' 'M' 'M' 'M' 'M' 'U' 'M'
 'M' 'M' 'U' 'A' 'M' 'M' 'M' 'M' 'M' 'M' 'U' 'A' 'M' 'M' 'M' 'M' 'M' 'M'
 'U' 'U' 'U' 'M' 'M' 'M' 'M' 'M' 'M' 'M' 'M' 'U' 'M' 'M' 'M' 'M' 'M' 'M'
 'M' 'M' 'U' 'M' 'M' 'A' 'M' 'U' 'U' 'M' 'U' 'M' 'M' 'M' 'M' 'M' 'M' 'M'
 'U' 'M' 'U' 'M' 'M' 'U' 'M' 'M' 'M' 'M' 'M' 'U' 'M' 'M' 'M' 'M' 'M' 'M'
 'M' 'M' 'U' 'M' 'M' 'A' 'U' 'M' 'M' 'M' 'M' 'U' 'U' 'M' 'M' 'M' 'M' 'M'
 'A' 'M' 'U' 'M' 'M' 'M' 'M' 'M' 'M' 'M' 'M' 'M' 'M' 'M' 'A' 'M' 'M' 'M'
 'M' 'A' 'M' 'U' 'A' 'M' 'U' 'A' 'U' 'A' 'M' 'U' 'M' 'M' 'M' 'U' 'M' 'M'
 'M' 'U' 'U' 'A' 'U' 'M' 'M' 'M' 'M' 'M' 'M' 'M' 'M' 'M' 'M' 'M' 'M' 'U'
 'M' 'M' 'M' 'M' 'M' 'M' 'M' 'U' 'U' 'M' 'U' 'M' 'A' 'A' 'M' 'M' 'M' 'M'
 'M' 'M' 'M' 'M' 'M' 'U' 'M' 'U' 'U' 'M' 'M' 'M' 'M' 'U' 'M' 'M' 'M' 'M']"
109101,0,148,11,137,50,0,0,"['A' 'M' 'M' 'M' 'M' 'M' 'M' 'U' 'M' 'U' 'M' 'U' 'M' 'M' 'M' 'M' 'U' 'M'
 'M' 'M' 'U' 'U' 'M' 'U' 'M' 'M' 'M' 'M' 'U' 'U' 'M' 'M' 'U' 'M' 'M' 'M'
 'M' 'M' 'M' 'U' 'U' 'M' 'U' 'U' 'M' 'M' 'M' 'U' 'M' 'M' 'M' 'U' 'M' 'M'
 'M' 'M' 'M' 'M' 'M' 'A' 'M' 'U' 'U' 'M' 'U' 'M' 'M' 'M' 'M' 'M' 'U' 'M'
 'M' 'U' 'M' 'U' 'M' 'U' 'M' 'M' 'M' 'M' 'M' 'M' 'M' 'M' 'M' 'M' 'M' 'M'
 'M' 'M' 'U' 'M' 'M' 'A' 'M' 'M' 'M' 'M' 'M' 'U' 'M' 'U' 'M' 'M' 'M' 'M'
 'A' 'M' 'U' 'M' 'M' 'M' 'M' 'M' 'M' 'M' 'M' 'M' 'M' 'M' 'A' 'M' 'M' 'M'
 'M' 'A' 'M' 'U' 'U' 'M' 'U' 'A' 'U' 'A' 'U' 'U' 'U' 'M' 'M' 'U' 'U' 'M'
 'M' 'U' 'M' 'A' 'M' 'M' 'M' 'M' 'M' 'M' 'M' 'M' 'U' 'M' 'M' 'M' 'M' 'U'
 'M' 'M' 'U' 'M' 'U' 'M' 'U' 'U' 'M' 'M' 'U' 'U' 'A' 'U' 'M' 'U' 'M' 'M'
 'M' 'M' 'M' 'M' 'M' 'U' 'M' 'U' 'U' 'M' 'M' 'M' 'M' 'A' 'M' 'M' 'M' 'M']"
109201,0,154,11,143,44,0,0,"['A' 'U' 'M' 'M' 'M' 'M' 'M' 'U' 'M' 'U' 'M' 'M' 'U' 'M' 'M' 'M' 'U' 'M'
 'M' 'M' 'M' 'U' 'M' 'U' 'M' 'M' 'M' 'M' 'U' 'U' 'M' 'M' 'U' 'M' 'M' 'M'
 'M' 'M' 'M' 'M' 'U' 'M' 'U' 'U' 'M' 'M' 'M' 'U' 'M' 'M' 'M' 'U' 'M' 'M'
 'M' 'M' 'M' 'U' 'M' 'A' 'M' 'U' 'U' 'M' 'U' 'U' 'M' 'M' 'M' 'M' 'M' 'M'
 'M' 'M' 'M' 'M' 'M' 'M' 'U' 'M' 'M' 'M' 'U' 'U' 'M' 'M' 'M' 'M' 'M' 'M'
 'U' 'M' 'M' 'M' 'M' 'A' 'M' 'M' 'M' 'M' 'M' 'A' 'M' 'U' 'M' 'M' 'M' 'M'
 'A' 'M' 'M' 'M' 'M' 'M' 'M' 'M' 'M' 'M' 'M' 'U' 'M' 'M' 'A' 'M' 'M' 'M'
 'M' 'U' 'M' 'U' 'M' 'M' 'M' 'A' 'U' 'A' 'U' 'M' 'U' 'M' 'M' 'U' 'U' 'M'
 'M' 'U' 'M' 'A' 'M' 'M' 'M' 'M' 'M' 'U' 'M' 'M' 'U' 'M' 'M' 'M' 'M' 'A'
 'M' 'M' 'U' 'M' 'M' 'M' 'U' 'U' 'M' 'M' 'U' 'M' 'U' 'M' 'M' 'M' 'M' 'M'
 'M' 'M' 'M' 'M' 'M' 'U' 'M' 'U' 'M' 'M' 'M' 'M' 'M' 'A' 'M' 'M' 'U' 'M']"
109301,0,151,9,142,47,0,0,"['A' 'M' 'M' 'M' 'M' 'M' 'M' 'U' 'M' 'U' 'M' 'M' 'U' 'M' 'M' 'M' 'A' 'M'
 'M' 'M' 'M' 'U' 'M' 'U' 'M' 'M' 'M' 'M' 'U' 'U' 'M' 'M' 'U' 'M' 'M' 'M'
 'M' 'M' 'M' 'M' 'M' 'M' 'U' 'U' 'M' 'M' 'M' 'U' 'M' 'M' 'M' 'U' 'M' 'M'
 'M' 'M' 'M' 'U' 'M' 'A' 'M' 'M' 'U' 'M' 'M' 'M' 'M' 'M' 'M' 'M' 'M' 'M'
 'M' 'M' 'M' 'U' 'M' 'M' 'M' 'M' 'M' 'M' 'M' 'M' 'M' 'M' 'U' 'U' 'M' 'M'
 'M' 'M' 'U' 'U' 'M' 'A' 'M' 'M' 'M' 'M' 'M' 'A' 'M' 'U' 'M' 'M' 'M' 'M'
 'A' 'M' 'M' 'M' 'M' 'M' 'M' 'M' 'M' 'M' 'M' 'U' 'M' 'M' 'A' 'M' 'M' 'M'
 'M' 'U' 'M' 'U' 'M' 'U' 'U' 'U' 'U' 'U' 'U' 'U' 'U' 'M' 'M' 'U' 'U' 'M'
 'M' 'M' 'M' 'U' 'M' 'M' 'M' 'M' 'M' 'U' 'M' 'M' 'U' 'M' 'M' 'M' 'M' 'A'
 'M' 'M' 'U' 'M' 'M' 'M' 'U' 'U' 'M' 'M' 'U' 'U' 'U' 'M' 'M' 'M' 'M' 'M'
 'M' 'M' 'U' 'M' 'M' 'U' 'M' 'U' 'M' 'M' 'M' 'M' 'M' 'A' 'M' 'U' 'U' 'M']"
109401,0,155,9,146,43,0,0,"['A' 'M' 'M' 'M' 'M' 'M' 'M' 'U' 'M' 'U' 'M' 'M' 'U' 'M' 'M' 'M' 'A' 'M'
 'M' 'M' 'U' 'U' 'M' 'M' 'M' 'M' 'M' 'M' 'A' 'A' 'M' 'M' 'U' 'M' 'M' 'M'
 'U' 'M' 'M' 'M' 'M' 'M' 'M' 'U' 'M' 'M' 'M' 'U' 'M' 'M' 'M' 'M' 'M' 'M'
 'M' 'M' 'M' 'M' 'M' 'A' 'M' 'M' 'U' 'M' 'M' 'M' 'M' 'U' 'M' 'M' 'M' 'M'
 'M' 'M' 'M' 'U' 'M' 'M' 'M' 'M' 'M' 'M' 'M' 'M' 'U' 'M' 'M' 'M' 'M' 'U'
 'M' 'M' 'M' 'M' 'U' 'U' 'M' 'M' 'M' 'M' 'M' 'A' 'M' 'U' 'M' 'M' 'M' 'M'
 'A' 'M' 'M' 'M' 'M' 'M' 'U' 'M' 'M' 'M' 'M' 'U' 'M' 'U' 'A' 'M' 'M' 'M'
 'M' 'U' 'M' 'U' 'M' 'U' 'U' 'U' 'U' 'U' 'U' 'U' 'U' 'M' 'M' 'M' 'M' 'M'
 'M' 'M' 'U' 'U' 'M' 'M' 'M' 'M' 'M' 'U' 'M' 'M' 'U' 'M' 'M' 'M' 'M' 'U'
 'M' 'M' 'M' 'M' 'M' 'M' 'U' 'U' 'M' 'M' 'U' 'U' 'U' 'M' 'M' 'M' 'M' 'M'
 'M' 'M' 'M' 'M' 'U' 'U' 'M' 'M' 'M' 'M' 'M' 'M' 'M' 'A' 'M' 'M' 'U' 'M']"
109501,0,158,10,148,40,0,0,"['A' 'M' 'M' 'M' 'M' 'M' 'U' 'U' 'M' 'U' 'M' 'M' 'A' 'M' 'U' 'M' 'M' 'M'
 'M' 'M' 'M' 'M' 'M' 'M' 'M' 'M' 'M' 'M' 'A' 'A' 'M' 'M' 'U' 'M' 'M' 'M'
 'U' 'M' 'M' 'M' 'M' 'M' 'M' 'U' 'M' 'M' 'M' 'U' 'M' 'M' 'M' 'M' 'M' 'M'
 'M' 'M' 'M' 'M' 'M' 'A' 'M' 'M' 'U' 'M' 'M' 'U' 'U' 'M' 'M' 'M' 'M' 'M'
 'M' 'M' 'M' 'U' 'M' 'U' 'M' 'M' 'M' 'M' 'M' 'U' 'M' 'M' 'M' 'M' 'M' 'M'
 'M' 'M' 'M' 'M' 'M' 'M' 'M' 'M' 'M' 'M' 'M' 'A' 'M' 'U' 'M' 'M' 'M' 'U'
 'A' 'M' 'M' 'M' 'M' 'M' 'U' 'M' 'M' 'M' 'M' 'U' 'M' 'U' 'M' 'M' 'M' 'M'
 'M' 'U' 'M' 'U' 'M' 'M' 'A' 'U' 'U' 'U' 'U' 'U' 'M' 'M' 'M' 'M' 'M' 'M'
 'M' 'M' 'A' 'U' 'M' 'M' 'M' 'M' 'M' 'U' 'M' 'U' 'U' 'M' 'M' 'M' 'M' 'U'
 'M' 'M' 'M' 'M' 'M' 'M' 'A' 'M' 'M' 'M' 'U' 'M' 'U' 'M' 'M' 'M' 'M' 'M'
 'M' 'M' 'M' 'M' 'U' 'U' 'M' 'U' 'M' 'U' 'M' 'M' 'M' 'U' 'M' 'U' 'U' 'M']"
109601,0,158,11,147,40,0,0,"['A' 'M' 'M' 'M' 'M' 'M' 'U' 'U' 'M' 'U' 'M' 'M' 'A' 'M' 'U' 'M' 'M' 'M'
 'M' 'U' 'M' 'M' 'M' 'M' 'M' 'M' 'M' 'M' 'A' 'A' 'M' 'M' 'U' 'M' 'M' 'U'
 'U' 'M' 'M' 'M' 'M' 'M' 'M' 'U' 'M' 'M' 'M' 'U' 'M' 'M' 'M' 'M' 'M' 'M'
 'U' 'M' 'M' 'M' 'M' 'A' 'M' 'M' 'U' 'M' 'M' 'M' 'U' 'M' 'U' 'M' 'M' 'M'
 'M' 'M' 'M' 'M' 'M' 'M' 'M' 'U' 'M' 'U' 'M' 'M' 'M' 'M' 'M' 'M' 'M' 'M'
 'U' 'M' 'M' 'M' 'M' 'M' 'M' 'U' 'M' 'M' 'M' 'A' 'M' 'A' 'M' 'M' 'M' 'U'
 'M' 'M' 'M' 'M' 'M' 'M' 'U' 'M' 'M' 'M' 'M' 'U' 'M' 'U' 'M' 'M' 'M' 'M'
 'M' 'U' 'M' 'U' 'M' 'U' 'A' 'U' 'U' 'M' 'U' 'U' 'U' 'M' 'M' 'M' 'M' 'M'
 'M' 'M' 'A' 'U' 'M' 'M' 'M' 'M' 'M' 'U' 'M' 'M' 'U' 'M' 'M' 'M' 'M' 'U'
 'M' 'M' 'M' 'M' 'M' 'M' 'A' 'M' 'M' 'M' 'U' 'M' 'U' 'M' 'M' 'M' 'M' 'M'
 'M' 'M' 'M' 'M' 'U' 'U' 'M' 'U' 'M' 'M' 'M' 'M' 'M' 'M' 'M' 'A' 'U' 'M']"
109701,0,153,10,143,45,0,1,"['A' 'M' 'M' 'U' 'M' 'M' 'U' 'U' 'M' 'U' 'U' 'M' 'A' 'M' 'U' 'M' 'M' 'M'
 'M' 'U' 'M' 'M' 'M' 'M' 'M' 'M' 'M' 'M' 'U' 'U' 'M' 'U' 'M' 'M' 'M' 'U'
 'U' 'M' 'M' 'U' 'M' 'M' 'M' 'U' 'M' 'M' 'M' 'U' 'M' 'M' 'M' 'M' 'M' 'M'
 'U' 'U' 'M' 'M' 'M' 'A' 'M' 'M' 'U' 'M' 'M' 'M' 'M' 'M' 'M' 'M' 'U' 'M'
 'M' 'M' 'M' 'M' 'M' 'M' 'M' 'M' 'M' 'M' 'M' 'U' 'M' 'M' 'M' 'M' 'M' 'M'
 'U' 'M' 'M' 'U' 'U' 'M' 'M' 'U' 'M' 'M' 'M' 'A' 'M' 'U' 'M' 'M' 'M' 'A'
 'M' 'M' 'M' 'M' 'M' 'M' 'M' 'M' 'M' 'M' 'M' 'U' 'M' 'A' 'M' 'M' 'M' 'M'
 'M' 'U' 'M' 'U' 'M' 'U' 'A' 'M' 'U' 'U' 'U' 'U' 'U' 'U' 'M' 'M' 'M' 'M'
 'M' 'M' 'A' 'U' 'M' 'M' 'M' 'M' 'M' 'U' 'M' 'M' 'M' 'M' 'M' 'M' 'M' 'U'
 'M' 'M' 'M' 'M' 'M' 'M' 'A' 'M' 'M' 'M' 'U' 'M' 'M' 'M' 'M' 'M' 'M' 'M'
 'M' 'M' 'M' 'M' 'U' 'U' 'M' 'U' 'M' 'U' 'M' 'M' 'U' 'M' 'M' 'A' 'U' 'M']"
109801,0,154,10,144,44,0,0,"['A' 'M' 'M' 'M' 'M' 'M' 'M' 'U' 'M' 'U' 'U' 'M' 'A' 'M' 'U' 'M' 'M' 'U'
 'M' 'U' 'M' 'M' 'M' 'M' 'M' 'M' 'M' 'M' 'A' 'M' 'M' 'U' 'M' 'M' 'M' 'U'
 'U' 'U' 'M' 'U' 'M' 'M' 'M' 'U' 'M' 'M' 'M' 'U' 'U' 'U' 'M' 'M' 'M' 'M'
 'U' 'U' 'M' 'M' 'M' 'M' 'M' 'M' 'U' 'M' 'M' 'M' 'U' 'M' 'U' 'M' 'M' 'U'
 'M' 'M' 'M' 'M' 'M' 'M' 'U' 'M' 'U' 'M' 'M' 'M' 'M' 'M' 'M' 'M' 'M' 'M'
 'M' 'M' 'M' 'M' 'M' 'M' 'M' 'U' 'M' 'M' 'M' 'A' 'M' 'U' 'M' 'M' 'M' 'A'
 'M' 'M' 'U' 'M' 'M' 'M' 'M' 'M' 'M' 'M' 'M' 'U' 'M' 'U' 'U' 'M' 'M' 'M'
 'M' 'U' 'M' 'M' 'M' 'U' 'A' 'M' 'U' 'A' 'U' 'U' 'M' 'U' 'M' 'M' 'M' 'M'
 'M' 'M' 'A' 'U' 'M' 'U' 'M' 'M' 'M' 'U' 'M' 'M' 'M' 'M' 'M' 'M' 'M' 'U'
 'M' 'M' 'M' 'M' 'M' 'M' 'A' 'M' 'M' 'M' 'M' 'U' 'M' 'M' 'M' 'M' 'M' 'M'
 'M' 'M' 'M' 'M' 'U' 'M' 'M' 'U' 'M' 'U' 'M' 'M' 'M' 'M' 'M' 'A' 'U' 'M']"
109901,0,155,7,148,43,0,0,"['A' 'U' 'M' 'M' 'M' 'M' 'M' 'U' 'M' 'U' 'M' 'M' 'U' 'M' 'M' 'M' 'M' 'U'
 'M' 'U' 'M' 'M' 'M' 'M' 'M' 'M' 'M' 'M' 'A' 'M' 'M' 'U' 'M' 'M' 'M' 'M'
 'M' 'U' 'M' 'U' 'M' 'M' 'U' 'U' 'M' 'M' 'M' 'U' 'U' 'U' 'M' 'M' 'U' 'M'
 'U' 'U' 'M' 'M' 'M' 'M' 'M' 'M' 'M' 'M' 'M' 'M' 'M' 'U' 'M' 'M' 'M' 'M'
 'M' 'M' 'M' 'M' 'U' 'M' 'M' 'M' 'M' 'M' 'U' 'U' 'M' 'U' 'M' 'M' 'M' 'M'
 'M' 'M' 'M' 'M' 'M' 'M' 'M' 'U' 'M' 'M' 'M' 'A' 'M' 'U' 'M' 'M' 'M' 'U'
 'M' 'U' 'M' 'M' 'M' 'M' 'M' 'M' 'M' 'M' 'M' 'U' 'M' 'U' 'U' 'M' 'M' 'M'
 'M' 'M' 'M' 'M' 'M' 'U' 'A' 'M' 'U' 'A' 'U' 'M' 'M' 'U' 'M' 'M' 'M' 'M'
 'M' 'M' 'A' 'U' 'U' 'U' 'M' 'M' 'M' 'M' 'M' 'M' 'M' 'M' 'M' 'M' 'M' 'M'
 'M' 'M' 'M' 'U' 'M' 'M' 'A' 'M' 'M' 'M' 'M' 'M' 'M' 'M' 'M' 'M' 'M' 'M'
 'M' 'M' 'M' 'U' 'U' 'M' 'M' 'U' 'M' 'U' 'M' 'M' 'M' 'M' 'M' 'U' 'U' 'M']"
110001,0,159,8,151,39,0,0,"['A' 'A' 'M' 'M' 'M' 'M' 'M' 'U' 'M' 'U' 'M' 'M' 'U' 'M' 'M' 'M' 'M' 'U'
 'M' 'U' 'M' 'M' 'M' 'M' 'M' 'M' 'U' 'M' 'A' 'M' 'A' 'M' 'M' 'M' 'M' 'M'
 'M' 'U' 'M' 'U' 'M' 'M' 'U' 'M' 'M' 'M' 'M' 'M' 'M' 'A' 'M' 'M' 'U' 'M'
 'M' 'M' 'M' 'M' 'M' 'M' 'M' 'M' 'M' 'M' 'M' 'M' 'M' 'M' 'M' 'U' 'M' 'M'
 'U' 'M' 'M' 'U' 'M' 'M' 'M' 'M' 'M' 'U' 'M' 'M' 'M' 'M' 'M' 'M' 'M' 'M'
 'U' 'M' 'M' 'M' 'M' 'M' 'M' 'M' 'M' 'M' 'M' 'A' 'M' 'U' 'M' 'M' 'M' 'M'
 'M' 'U' 'M' 'M' 'M' 'M' 'M' 'M' 'M' 'M' 'M' 'U' 'M' 'U' 'U' 'M' 'M' 'M'
 'M' 'M' 'M' 'M' 'M' 'U' 'A' 'U' 'U' 'U' 'U' 'U' 'U' 'U' 'M' 'M' 'M' 'M'
 'M' 'M' 'U' 'U' 'U' 'U' 'M' 'M' 'M' 'M' 'M' 'M' 'M' 'M' 'M' 'M' 'M' 'M'
 'M' 'M' 'M' 'U' 'M' 'M' 'A' 'M' 'M' 'M' 'M' 'M' 'M' 'M' 'M' 'M' 'M' 'M'
 'M' 'M' 'M' 'M' 'U' 'M' 'M' 'U' 'M' 'U' 'U' 'U' 'M' 'M' 'M' 'M' 'U' 'M']"
110101,0,156,8,148,42,0,0,"['A' 'A' 'M' 'M' 'M' 'M' 'M' 'U' 'M' 'M' 'M' 'M' 'U' 'M' 'M' 'M' 'M' 'U'
 'M' 'U' 'M' 'M' 'M' 'M' 'U' 'M' 'U' 'M' 'A' 'M' 'A' 'M' 'M' 'M' 'M' 'M'
 'M' 'U' 'M' 'U' 'M' 'M' 'U' 'M' 'M' 'M' 'M' 'M' 'M' 'A' 'M' 'M' 'U' 'M'
 'M' 'M' 'M' 'M' 'M' 'M' 'M' 'M' 'M' 'M' 'M' 'M' 'M' 'M' 'U' 'U' 'M' 'M'
 'M' 'U' 'M' 'M' 'M' 'M' 'M' 'M' 'M' 'M' 'M' 'M' 'M' 'M' 'U' 'M' 'M' 'M'
 'U' 'M' 'M' 'M' 'M' 'M' 'M' 'M' 'M' 'M' 'U' 'A' 'M' 'A' 'M' 'M' 'M' 'M'
 'M' 'U' 'M' 'M' 'U' 'M' 'M' 'M' 'M' 'M' 'M' 'U' 'M' 'U' 'M' 'M' 'M' 'M'
 'M' 'M' 'M' 'M' 'M' 'U' 'U' 'U' 'U' 'U' 'U' 'U' 'U' 'U' 'M' 'M' 'M' 'M'
 'U' 'M' 'U' 'M' 'M' 'U' 'U' 'M' 'M' 'M' 'M' 'M' 'M' 'M' 'M' 'M' 'M' 'M'
 'M' 'M' 'M' 'U' 'M' 'M' 'A' 'M' 'U' 'M' 'M' 'M' 'U' 'M' 'M' 'M' 'M' 'M'
 'M' 'M' 'U' 'M' 'U' 'M' 'M' 'M' 'M' 'U' 'U' 'U' 'M' 'M' 'M' 'M' 'U' 'M']"
110201,0,158,5,153,40,1,0,"['A' 'A' 'M' 'M' 'M' 'M' 'M' 'U' 'M' 'M' 'M' 'M' 'U' 'M' 'M' 'M' 'M' 'U'
 'M' 'U' 'M' 'M' 'M' 'M' 'U' 'M' 'U' 'M' 'U' 'M' 'U' 'M' 'M' 'M' 'M' 'M'
 'M' 'U' 'M' 'M' 'M' 'M' 'M' 'M' 'M' 'M' 'M' 'U' 'M' 'U' 'M' 'M' 'U' 'M'
 'M' 'M' 'M' 'M' 'M' 'M' 'M' 'M' 'M' 'M' 'M' 'M' 'U' 'M' 'M' 'M' 'M' 'M'
 'M' 'M' 'M' 'U' 'M' 'M' 'M' 'M' 'M' 'U' 'M' 'M' 'M' 'M' 'M' 'M' 'M' 'M'
 'M' 'M' 'U' 'U' 'M' 'M' 'U' 'M' 'M' 'M' 'M' 'A' 'M' 'A' 'M' 'M' 'M' 'M'
 'M' 'U' 'M' 'M' 'U' 'U' 'M' 'M' 'M' 'M' 'M' 'U' 'M' 'U' 'M' 'M' 'M' 'M'
 'M' 'M' 'M' 'M' 'M' 'M' 'M' 'U' 'U' 'U' 'M' 'U' 'U' 'U' 'M' 'M' 'M' 'M'
 'M' 'M' 'U' 'M' 'M' 'U' 'U' 'M' 'M' 'M' 'M' 'M' 'M' 'M' 'M' 'M' 'M' 'M'
 'M' 'M' 'M' 'U' 'M' 'M' 'A' 'M' 'M' 'M' 'M' 'M' 'U' 'M' 'M' 'M' 'M' 'U'
 'M' 'U' 'M' 'M' 'U' 'M' 'M' 'M' 'M' 'M' 'U' 'U' 'M' 'M' 'M' 'M' 'U' 'M']"
110301,0,161,5,156,37,0,0,"['A' 'U' 'M' 'U' 'M' 'M' 'M' 'U' 'M' 'M' 'M' 'M' 'U' 'M' 'M' 'M' 'M' 'U'
 'M' 'M' 'M' 'M' 'M' 'M' 'U' 'M' 'M' 'M' 'U' 'M' 'M' 'U' 'M' 'M' 'M' 'M'
 'M' 'U' 'M' 'M' 'M' 'M' 'M' 'M' 'M' 'U' 'M' 'U' 'M' 'M' 'M' 'U' 'U' 'M'
 'M' 'U' 'M' 'M' 'M' 'M' 'M' 'M' 'M' 'M' 'M' 'M' 'U' 'M' 'M' 'M' 'M' 'M'
 'M' 'M' 'M' 'M' 'M' 'M' 'M' 'M' 'M' 'M' 'M' 'M' 'U' 'U' 'M' 'M' 'M' 'U'
 'U' 'M' 'M' 'M' 'M' 'M' 'U' 'M' 'M' 'M' 'M' 'A' 'M' 'A' 'M' 'M' 'M' 'M'
 'M' 'U' 'M' 'M' 'U' 'A' 'M' 'M' 'A' 'M' 'M' 'U' 'M' 'M' 'M' 'M' 'M' 'M'
 'M' 'U' 'M' 'M' 'M' 'M' 'M' 'M' 'M' 'U' 'M' 'M' 'U' 'U' 'M' 'M' 'M' 'M'
 'M' 'M' 'M' 'M' 'M' 'M' 'U' 'M' 'M' 'M' 'M' 'M' 'M' 'M' 'M' 'M' 'M' 'M'
 'M' 'M' 'M' 'U' 'M' 'M' 'M' 'M' 'M' 'M' 'M' 'M' 'U' 'M' 'M' 'M' 'M' 'U'
 'M' 'U' 'M' 'M' 'U' 'M' 'U' 'M' 'M' 'M' 'U' 'M' 'M' 'U' 'M' 'M' 'U' 'M']"
110401,0,160,4,156,38,0,0,"['A' 'M' 'M' 'U' 'M' 'M' 'M' 'U' 'M' 'M' 'U' 'M' 'M' 'M' 'M' 'M' 'M' 'U'
 'M' 'M' 'M' 'M' 'M' 'M' 'U' 'M' 'M' 'M' 'U' 'M' 'M' 'U' 'M' 'M' 'M' 'M'
 'M' 'M' 'M' 'M' 'M' 'M' 'M' 'M' 'U' 'U' 'M' 'M' 'M' 'U' 'M' 'U' 'U' 'U'
 'M' 'U' 'M' 'M' 'M' 'M' 'M' 'M' 'M' 'M' 'M' 'M' 'M' 'M' 'M' 'M' 'M' 'M'
 'M' 'M' 'M' 'M' 'U' 'U' 'M' 'U' 'M' 'M' 'U' 'M' 'M' 'M' 'M' 'M' 'M' 'M'
 'U' 'M' 'M' 'M' 'M' 'M' 'U' 'M' 'M' 'M' 'M' 'A' 'M' 'U' 'M' 'M' 'M' 'M'
 'M' 'U' 'M' 'M' 'M' 'A' 'M' 'M' 'A' 'M' 'M' 'U' 'M' 'M' 'M' 'M' 'M' 'M'
 'M' 'U' 'M' 'U' 'M' 'M' 'M' 'M' 'M' 'U' 'M' 'M' 'U' 'M' 'M' 'M' 'M' 'M'
 'M' 'M' 'M' 'M' 'M' 'M' 'U' 'M' 'U' 'M' 'M' 'M' 'U' 'M' 'M' 'M' 'M' 'M'
 'M' 'M' 'M' 'U' 'U' 'M' 'M' 'M' 'M' 'M' 'M' 'M' 'M' 'M' 'M' 'M' 'M' 'U'
 'M' 'U' 'M' 'M' 'U' 'M' 'M' 'U' 'M' 'M' 'U' 'M' 'M' 'M' 'M' 'M' 'U' 'M']"
110501,0,156,1,155,42,0,0,"['A' 'M' 'M' 'U' 'M' 'U' 'M' 'U' 'M' 'M' 'U' 'M' 'M' 'M' 'M' 'M' 'M' 'U'
 'M' 'M' 'M' 'M' 'M' 'U' 'U' 'M' 'M' 'M' 'U' 'M' 'U' 'U' 'M' 'M' 'M' 'M'
 'M' 'M' 'M' 'M' 'M' 'M' 'M' 'M' 'U' 'M' 'M' 'M' 'M' 'U' 'M' 'M' 'U' 'U'
 'M' 'M' 'M' 'M' 'M' 'M' 'M' 'M' 'M' 'M' 'M' 'M' 'M' 'U' 'U' 'M' 'M' 'M'
 'M' 'U' 'M' 'M' 'M' 'M' 'M' 'M' 'U' 'M' 'M' 'M' 'M' 'M' 'M' 'M' 'M' 'M'
 'M' 'M' 'U' 'M' 'M' 'M' 'U' 'M' 'M' 'M' 'M' 'U' 'M' 'U' 'M' 'M' 'M' 'M'
 'M' 'U' 'M' 'M' 'M' 'U' 'M' 'M' 'M' 'M' 'M' 'U' 'M' 'M' 'M' 'M' 'M' 'M'
 'M' 'U' 'M' 'M' 'M' 'U' 'U' 'U' 'U' 'U' 'U' 'M' 'M' 'M' 'M' 'M' 'M' 'M'
 'M' 'M' 'M' 'M' 'M' 'M' 'U' 'U' 'M' 'M' 'M' 'M' 'U' 'M' 'M' 'M' 'M' 'M'
 'M' 'M' 'M' 'U' 'U' 'M' 'M' 'M' 'M' 'M' 'M' 'M' 'M' 'M' 'M' 'M' 'M' 'U'
 'U' 'M' 'M' 'M' 'U' 'M' 'M' 'U' 'M' 'M' 'U' 'M' 'M' 'M' 'M' 'M' 'M' 'M']"
110601,0,158,3,155,40,0,0,"['A' 'M' 'M' 'U' 'M' 'U' 'M' 'U' 'M' 'M' 'U' 'M' 'M' 'M' 'M' 'M' 'M' 'U'
 'M' 'M' 'M' 'M' 'M' 'M' 'U' 'M' 'M' 'M' 'M' 'M' 'U' 'U' 'M' 'M' 'M' 'U'
 'M' 'M' 'M' 'M' 'M' 'M' 'M' 'U' 'U' 'U' 'M' 'M' 'M' 'M' 'M' 'M' 'U' 'U'
 'M' 'M' 'M' 'M' 'M' 'M' 'M' 'U' 'M' 'M' 'M' 'M' 'M' 'M' 'U' 'U' 'M' 'M'
 'U' 'M' 'M' 'M' 'M' 'M' 'M' 'M' 'M' 'M' 'M' 'M' 'M' 'M' 'U' 'U' 'M' 'M'
 'M' 'M' 'M' 'M' 'M' 'M' 'M' 'M' 'M' 'U' 'M' 'M' 'U' 'A' 'M' 'M' 'M' 'M'
 'M' 'U' 'M' 'M' 'M' 'U' 'M' 'M' 'M' 'U' 'M' 'U' 'M' 'M' 'M' 'M' 'M' 'M'
 'M' 'M' 'M' 'M' 'M' 'U' 'U' 'M' 'U' 'U' 'A' 'M' 'M' 'M' 'M' 'M' 'M' 'M'
 'M' 'M' 'M' 'M' 'M' 'M' 'U' 'U' 'M' 'M' 'M' 'M' 'U' 'M' 'M' 'M' 'M' 'M'
 'M' 'M' 'M' 'U' 'U' 'M' 'M' 'M' 'M' 'M' 'M' 'M' 'M' 'M' 'M' 'M' 'M' 'U'
 'U' 'M' 'M' 'U' 'M' 'M' 'M' 'U' 'M' 'M' 'U' 'M' 'M' 'M' 'M' 'M' 'M' 'M']"
110701,1,164,4,160,34,0,1,"['A' 'U' 'M' 'U' 'M' 'U' 'M' 'U' 'M' 'M' 'M' 'M' 'M' 'M' 'U' 'M' 'M' 'M'
 'M' 'M' 'M' 'M' 'M' 'M' 'M' 'M' 'M' 'M' 'M' 'M' 'U' 'M' 'U' 'M' 'M' 'U'
 'M' 'M' 'M' 'M' 'M' 'M' 'M' 'U' 'U' 'U' 'M' 'M' 'M' 'M' 'M' 'M' 'U' 'U'
 'M' 'M' 'M' 'M' 'M' 'M' 'M' 'M' 'M' 'M' 'M' 'M' 'M' 'M' 'M' 'M' 'M' 'U'
 'M' 'M' 'M' 'M' 'M' 'M' 'M' 'M' 'U' 'M' 'M' 'M' 'U' 'M' 'M' 'M' 'M' 'M'
 'U' 'M' 'M' 'M' 'U' 'M' 'M' 'M' 'M' 'A' 'M' 'M' 'M' 'A' 'M' 'U' 'M' 'M'
 'M' 'M' 'M' 'M' 'M' 'U' 'M' 'M' 'M' 'U' 'M' 'M' 'M' 'M' 'M' 'M' 'M' 'M'
 'M' 'M' 'M' 'M' 'M' 'U' 'U' 'M' 'U' 'U' 'A' 'M' 'M' 'M' 'M' 'M' 'M' 'M'
 'M' 'M' 'M' 'M' 'M' 'M' 'U' 'M' 'M' 'M' 'M' 'M' 'U' 'M' 'M' 'M' 'M' 'U'
 'M' 'M' 'M' 'U' 'M' 'M' 'M' 'M' 'M' 'M' 'M' 'M' 'M' 'M' 'M' 'M' 'M' 'U'
 'U' 'M' 'M' 'M' 'M' 'M' 'U' 'U' 'M' 'M' 'U' 'M' 'M' 'M' 'M' 'M' 'M' 'M']"
110801,0,163,5,158,35,0,0,"['A' 'U' 'M' 'U' 'M' 'U' 'M' 'U' 'M' 'M' 'M' 'M' 'M' 'M' 'U' 'M' 'M' 'M'
 'M' 'M' 'M' 'M' 'M' 'M' 'M' 'M' 'M' 'M' 'M' 'U' 'U' 'M' 'M' 'M' 'M' 'A'
 'M' 'M' 'M' 'M' 'M' 'M' 'M' 'U' 'M' 'M' 'M' 'M' 'M' 'M' 'M' 'M' 'M' 'U'
 'M' 'M' 'M' 'M' 'M' 'M' 'M' 'U' 'M' 'M' 'M' 'U' 'M' 'M' 'M' 'M' 'U' 'M'
 'M' 'M' 'M' 'M' 'M' 'M' 'U' 'U' 'M' 'M' 'M' 'M' 'M' 'M' 'M' 'M' 'M' 'M'
 'U' 'M' 'M' 'M' 'M' 'M' 'M' 'M' 'M' 'A' 'M' 'M' 'M' 'A' 'M' 'U' 'M' 'M'
 'M' 'M' 'M' 'M' 'M' 'U' 'M' 'M' 'U' 'M' 'M' 'M' 'M' 'M' 'M' 'M' 'U' 'M'
 'M' 'M' 'M' 'M' 'M' 'U' 'U' 'U' 'U' 'U' 'A' 'U' 'U' 'M' 'M' 'M' 'U' 'M'
 'M' 'M' 'M' 'U' 'M' 'M' 'U' 'M' 'M' 'M' 'M' 'M' 'U' 'M' 'M' 'M' 'M' 'U'
 'M' 'M' 'M' 'U' 'M' 'M' 'M' 'M' 'M' 'M' 'M' 'M' 'M' 'M' 'U' 'M' 'M' 'M'
 'U' 'M' 'M' 'M' 'M' 'M' 'M' 'U' 'M' 'M' 'M' 'M' 'M' 'M' 'M' 'M' 'M' 'M']"
110901,0,163,4,159,35,0,0,"['A' 'U' 'M' 'U' 'M' 'U' 'M' 'U' 'M' 'M' 'M' 'M' 'M' 'M' 'M' 'M' 'M' 'M'
 'M' 'M' 'M' 'U' 'M' 'M' 'M' 'M' 'M' 'M' 'M' 'M' 'M' 'M' 'M' 'M' 'M' 'U'
 'M' 'M' 'M' 'M' 'M' 'M' 'M' 'U' 'M' 'M' 'M' 'M' 'M' 'M' 'M' 'M' 'M' 'U'
 'M' 'M' 'M' 'M' 'M' 'M' 'M' 'U' 'M' 'M' 'M' 'M' 'M' 'M' 'M' 'M' 'M' 'U'
 'U' 'M' 'M' 'M' 'M' 'M' 'M' 'U' 'M' 'U' 'M' 'M' 'M' 'M' 'M' 'M' 'M' 'M'
 'M' 'U' 'M' 'M' 'M' 'M' 'M' 'M' 'M' 'A' 'M' 'M' 'M' 'A' 'M' 'U' 'M' 'M'
 'M' 'M' 'M' 'M' 'M' 'U' 'M' 'M' 'U' 'M' 'M' 'M' 'M' 'M' 'M' 'M' 'U' 'M'
 'M' 'M' 'M' 'M' 'M' 'U' 'U' 'U' 'U' 'U' 'A' 'U' 'U' 'M' 'M' 'M' 'U' 'M'
 'M' 'M' 'M' 'U' 'M' 'M' 'U' 'M' 'M' 'M' 'M' 'M' 'U' 'M' 'U' 'M' 'M' 'M'
 'M' 'M' 'M' 'U' 'M' 'M' 'U' 'M' 'M' 'M' 'M' 'M' 'M' 'M' 'U' 'M' 'M' 'M'
 'U' 'M' 'M' 'M' 'M' 'M' 'M' 'U' 'M' 'M' 'M' 'M' 'M' 'M' 'M' 'M' 'M' 'M']"
111001,0,161,4,157,37,0,0,"['A' 'U' 'M' 'U' 'M' 'U' 'M' 'U' 'M' 'M' 'M' 'M' 'M' 'M' 'M' 'M' 'M' 'M'
 'M' 'M' 'U' 'U' 'U' 'M' 'M' 'M' 'M' 'M' 'M' 'M' 'M' 'U' 'M' 'M' 'M' 'U'
 'M' 'M' 'M' 'M' 'M' 'M' 'M' 'U' 'M' 'M' 'U' 'M' 'M' 'M' 'M' 'M' 'M' 'U'
 'M' 'M' 'M' 'M' 'M' 'M' 'M' 'U' 'M' 'M' 'M' 'M' 'M' 'U' 'M' 'M' 'M' 'M'
 'M' 'M' 'M' 'M' 'M' 'M' 'M' 'M' 'M' 'M' 'M' 'M' 'U' 'M' 'U' 'M' 'M' 'M'
 'M' 'U' 'M' 'U' 'M' 'M' 'M' 'M' 'M' 'A' 'M' 'M' 'M' 'A' 'M' 'U' 'M' 'M'
 'M' 'M' 'M' 'M' 'M' 'M' 'M' 'M' 'U' 'M' 'M' 'M' 'M' 'U' 'M' 'M' 'U' 'M'
 'M' 'M' 'U' 'M' 'M' 'M' 'U' 'M' 'U' 'U' 'U' 'A' 'U' 'M' 'M' 'U' 'U' 'M'
 'M' 'M' 'M' 'M' 'M' 'M' 'M' 'M' 'M' 'M' 'M' 'M' 'M' 'M' 'U' 'M' 'M' 'M'
 'M' 'M' 'M' 'U' 'M' 'M' 'M' 'M' 'M' 'M' 'M' 'M' 'M' 'M' 'U' 'M' 'M' 'M'
 'U' 'M' 'M' 'U' 'M' 'M' 'M' 'U' 'M' 'M' 'M' 'M' 'M' 'M' 'M' 'M' 'U' 'M']"
111101,0,160,4,156,38,0,0,"['A' 'U' 'M' 'U' 'M' 'U' 'M' 'U' 'M' 'M' 'M' 'M' 'M' 'M' 'M' 'M' 'M' 'M'
 'M' 'M' 'U' 'U' 'U' 'M' 'M' 'M' 'M' 'M' 'M' 'M' 'M' 'U' 'M' 'M' 'M' 'U'
 'M' 'M' 'M' 'M' 'M' 'M' 'M' 'U' 'M' 'M' 'U' 'M' 'M' 'M' 'M' 'M' 'M' 'M'
 'M' 'M' 'M' 'M' 'M' 'M' 'M' 'M' 'M' 'M' 'M' 'M' 'M' 'M' 'M' 'M' 'M' 'M'
 'M' 'U' 'M' 'M' 'M' 'M' 'M' 'M' 'U' 'M' 'M' 'U' 'M' 'M' 'M' 'U' 'M' 'U'
 'M' 'M' 'M' 'M' 'M' 'M' 'M' 'M' 'M' 'A' 'M' 'M' 'M' 'U' 'M' 'U' 'M' 'M'
 'M' 'M' 'M' 'M' 'M' 'U' 'M' 'M' 'U' 'M' 'M' 'M' 'M' 'U' 'M' 'M' 'U' 'M'
 'M' 'M' 'U' 'M' 'M' 'M' 'U' 'M' 'U' 'U' 'U' 'A' 'U' 'M' 'M' 'U' 'U' 'M'
 'M' 'M' 'M' 'M' 'M' 'M' 'M' 'M' 'M' 'M' 'M' 'M' 'M' 'U' 'U' 'M' 'M' 'M'
 'M' 'M' 'M' 'U' 'M' 'A' 'M' 'M' 'M' 'M' 'M' 'M' 'M' 'M' 'U' 'M' 'M' 'M'
 'U' 'M' 'M' 'U' 'M' 'M' 'M' 'U' 'M' 'M' 'M' 'M' 'M' 'M' 'M' 'M' 'U' 'M']"
111201,0,160,3,157,38,0,0,"['A' 'U' 'U' 'U' 'M' 'M' 'M' 'U' 'U' 'M' 'M' 'M' 'M' 'M' 'M' 'U' 'M' 'M'
 'M' 'M' 'U' 'M' 'U' 'M' 'M' 'M' 'M' 'M' 'M' 'M' 'M' 'U' 'M' 'M' 'M' 'U'
 'M' 'U' 'M' 'M' 'M' 'M' 'M' 'M' 'M' 'M' 'U' 'M' 'M' 'U' 'M' 'M' 'M' 'M'
 'M' 'M' 'M' 'M' 'M' 'M' 'M' 'M' 'M' 'U' 'M' 'M' 'M' 'M' 'M' 'U' 'U' 'M'
 'M' 'U' 'M' 'M' 'M' 'M' 'M' 'M' 'M' 'U' 'M' 'M' 'M' 'M' 'M' 'M' 'M' 'M'
 'M' 'M' 'M' 'U' 'M' 'U' 'M' 'M' 'M' 'U' 'M' 'M' 'M' 'U' 'M' 'M' 'M' 'M'
 'M' 'M' 'M' 'U' 'M' 'U' 'M' 'M' 'M' 'M' 'M' 'M' 'M' 'U' 'M' 'M' 'U' 'M'
 'M' 'M' 'U' 'M' 'M' 'M' 'U' 'M' 'U' 'U' 'M' 'A' 'U' 'M' 'M' 'U' 'M' 'M'
 'M' 'M' 'M' 'M' 'M' 'M' 'M' 'M' 'M' 'M' 'M' 'M' 'M' 'M' 'M' 'M' 'M' 'M'
 'M' 'M' 'M' 'M' 'M' 'A' 'M' 'M' 'M' 'U' 'M' 'M' 'M' 'M' 'M' 'M' 'M' 'M'
 'U' 'M' 'M' 'U' 'M' 'M' 'M' 'U' 'M' 'M' 'M' 'M' 'M' 'M' 'M' 'U' 'U' 'M']"
111301,0,162,4,158,36,0,0,"['A' 'U' 'U' 'U' 'U' 'M' 'M' 'M' 'M' 'M' 'M' 'M' 'M' 'M' 'M' 'U' 'M' 'M'
 'M' 'M' 'U' 'M' 'M' 'M' 'M' 'M' 'M' 'U' 'M' 'M' 'M' 'U' 'M' 'M' 'M' 'M'
 'M' 'U' 'M' 'M' 'M' 'M' 'M' 'M' 'M' 'M' 'U' 'M' 'M' 'M' 'M' 'M' 'M' 'M'
 'M' 'M' 'M' 'U' 'M' 'M' 'M' 'M' 'U' 'M' 'M' 'M' 'M' 'M' 'M' 'U' 'U' 'M'
 'M' 'M' 'M' 'M' 'M' 'M' 'M' 'U' 'M' 'U' 'M' 'M' 'M' 'M' 'M' 'M' 'M' 'M'
 'M' 'M' 'M' 'U' 'M' 'U' 'M' 'M' 'M' 'M' 'M' 'M' 'M' 'U' 'M' 'M' 'M' 'M'
 'M' 'M' 'M' 'U' 'M' 'U' 'M' 'M' 'M' 'M' 'M' 'M' 'M' 'U' 'M' 'M' 'U' 'M'
 'M' 'M' 'U' 'M' 'M' 'M' 'U' 'M' 'U' 'U' 'M' 'A' 'U' 'M' 'M' 'M' 'M' 'M'
 'M' 'M' 'M' 'M' 'M' 'M' 'M' 'M' 'M' 'U' 'M' 'M' 'M' 'M' 'M' 'M' 'M' 'M'
 'M' 'M' 'M' 'M' 'M' 'A' 'M' 'M' 'M' 'A' 'M' 'M' 'M' 'M' 'M' 'M' 'M' 'M'
 'U' 'M' 'M' 'U' 'M' 'M' 'M' 'U' 'M' 'M' 'U' 'M' 'M' 'M' 'U' 'U' 'U' 'M']"
111401,0,157,5,152,41,0,0,"['A' 'M' 'U' 'U' 'U' 'M' 'M' 'M' 'M' 'M' 'M' 'M' 'M' 'M' 'M' 'U' 'M' 'M'
 'M' 'U' 'U' 'M' 'M' 'M' 'M' 'M' 'M' 'U' 'M' 'M' 'M' 'U' 'M' 'M' 'M' 'M'
 'M' 'A' 'M' 'M' 'M' 'M' 'U' 'M' 'M' 'M' 'U' 'M' 'M' 'M' 'M' 'M' 'M' 'M'
 'M' 'M' 'M' 'U' 'M' 'M' 'M' 'M' 'U' 'M' 'M' 'M' 'M' 'M' 'U' 'M' 'U' 'M'
 'M' 'M' 'U' 'M' 'M' 'M' 'M' 'M' 'M' 'M' 'M' 'M' 'U' 'U' 'M' 'M' 'M' 'M'
 'M' 'M' 'M' 'M' 'M' 'U' 'M' 'M' 'M' 'U' 'M' 'M' 'M' 'U' 'M' 'M' 'M' 'M'
 'U' 'M' 'M' 'A' 'M' 'U' 'M' 'M' 'M' 'U' 'M' 'M' 'U' 'U' 'M' 'M' 'U' 'M'
 'M' 'M' 'U' 'M' 'M' 'M' 'U' 'M' 'M' 'U' 'M' 'A' 'U' 'M' 'M' 'M' 'M' 'M'
 'U' 'M' 'M' 'M' 'M' 'M' 'M' 'M' 'M' 'U' 'M' 'M' 'M' 'M' 'M' 'M' 'M' 'M'
 'M' 'M' 'M' 'M' 'M' 'A' 'M' 'M' 'M' 'M' 'M' 'M' 'M' 'U' 'U' 'M' 'M' 'M'
 'U' 'M' 'M' 'U' 'M' 'M' 'M' 'U' 'M' 'M' 'U' 'M' 'M' 'M' 'U' 'U' 'U' 'M']"
111501,0,157,4,153,41,0,0,"['A' 'M' 'U' 'M' 'M' 'M' 'M' 'M' 'M' 'M' 'M' 'M' 'M' 'M' 'M' 'U' 'M' 'M'
 'M' 'U' 'M' 'M' 'M' 'M' 'M' 'M' 'M' 'U' 'M' 'M' 'M' 'M' 'M' 'M' 'M' 'M'
 'M' 'A' 'M' 'M' 'U' 'M' 'U' 'M' 'M' 'M' 'U' 'M' 'M' 'M' 'M' 'M' 'M' 'M'
 'M' 'M' 'M' 'M' 'U' 'M' 'M' 'M' 'U' 'M' 'M' 'M' 'M' 'M' 'M' 'M' 'M' 'M'
 'M' 'M' 'M' 'U' 'M' 'M' 'U' 'M' 'M' 'M' 'M' 'M' 'M' 'M' 'M' 'M' 'M' 'U'
 'U' 'M' 'M' 'U' 'M' 'M' 'M' 'M' 'U' 'U' 'M' 'M' 'M' 'U' 'M' 'M' 'M' 'M'
 'U' 'M' 'U' 'A' 'M' 'U' 'M' 'M' 'M' 'U' 'M' 'M' 'M' 'U' 'M' 'M' 'M' 'M'
 'M' 'M' 'U' 'M' 'M' 'M' 'M' 'M' 'M' 'U' 'M' 'U' 'U' 'M' 'M' 'M' 'U' 'M'
 'U' 'M' 'M' 'M' 'M' 'M' 'M' 'M' 'M' 'U' 'U' 'U' 'M' 'M' 'M' 'M' 'M' 'M'
 'M' 'M' 'M' 'M' 'M' 'A' 'M' 'M' 'M' 'M' 'M' 'M' 'M' 'U' 'U' 'M' 'M' 'U'
 'U' 'M' 'M' 'U' 'M' 'M' 'M' 'U' 'M' 'M' 'U' 'M' 'M' 'M' 'U' 'U' 'U' 'M']"
111601,0,156,3,153,42,0,0,"['A' 'M' 'M' 'M' 'M' 'U' 'M' 'M' 'M' 'M' 'M' 'M' 'M' 'M' 'M' 'U' 'M' 'M'
 'M' 'U' 'M' 'M' 'M' 'M' 'M' 'M' 'M' 'U' 'U' 'M' 'M' 'M' 'M' 'M' 'M' 'M'
 'M' 'U' 'M' 'M' 'M' 'M' 'U' 'M' 'M' 'M' 'U' 'M' 'M' 'M' 'M' 'M' 'M' 'M'
 'M' 'M' 'M' 'M' 'U' 'M' 'M' 'M' 'U' 'M' 'M' 'M' 'U' 'M' 'M' 'U' 'M' 'M'
 'M' 'M' 'M' 'M' 'M' 'M' 'U' 'M' 'M' 'M' 'M' 'M' 'M' 'M' 'M' 'M' 'M' 'M'
 'U' 'M' 'M' 'U' 'M' 'M' 'M' 'M' 'U' 'U' 'M' 'M' 'U' 'M' 'M' 'M' 'U' 'U'
 'U' 'M' 'U' 'A' 'M' 'U' 'M' 'M' 'M' 'U' 'M' 'M' 'M' 'U' 'M' 'M' 'M' 'M'
 'M' 'M' 'M' 'M' 'U' 'M' 'M' 'M' 'M' 'U' 'M' 'U' 'M' 'M' 'M' 'M' 'U' 'M'
 'U' 'M' 'M' 'M' 'M' 'M' 'M' 'M' 'M' 'U' 'U' 'U' 'M' 'M' 'M' 'M' 'M' 'M'
 'M' 'M' 'M' 'M' 'M' 'A' 'M' 'M' 'M' 'M' 'M' 'M' 'U' 'U' 'U' 'M' 'M' 'U'
 'U' 'M' 'U' 'U' 'M' 'M' 'M' 'M' 'M' 'M' 'U' 'M' 'M' 'M' 'M' 'M' 'U' 'M']"
111701,0,151,3,148,47,0,0,"['A' 'M' 'M' 'M' 'M' 'U' 'M' 'M' 'M' 'M' 'M' 'M' 'M' 'M' 'M' 'U' 'M' 'M'
 'M' 'U' 'M' 'M' 'M' 'M' 'M' 'M' 'M' 'U' 'U' 'M' 'M' 'M' 'M' 'M' 'M' 'M'
 'M' 'U' 'M' 'M' 'M' 'M' 'U' 'M' 'M' 'M' 'U' 'M' 'M' 'M' 'M' 'M' 'M' 'M'
 'M' 'U' 'M' 'M' 'M' 'M' 'M' 'M' 'M' 'M' 'M' 'M' 'M' 'M' 'M' 'U' 'M' 'M'
 'M' 'U' 'M' 'M' 'M' 'M' 'M' 'M' 'M' 'M' 'U' 'U' 'U' 'M' 'M' 'M' 'M' 'M'
 'M' 'M' 'M' 'M' 'M' 'M' 'M' 'M' 'U' 'U' 'M' 'M' 'U' 'M' 'M' 'M' 'U' 'A'
 'U' 'M' 'U' 'U' 'M' 'U' 'M' 'M' 'M' 'U' 'M' 'M' 'M' 'U' 'M' 'M' 'M' 'M'
 'M' 'M' 'M' 'M' 'U' 'M' 'M' 'U' 'M' 'U' 'U' 'M' 'M' 'M' 'M' 'M' 'U' 'M'
 'U' 'M' 'M' 'U' 'U' 'M' 'U' 'M' 'M' 'U' 'U' 'U' 'M' 'M' 'M' 'M' 'M' 'M'
 'M' 'M' 'M' 'U' 'M' 'U' 'U' 'M' 'M' 'M' 'M' 'M' 'U' 'U' 'U' 'M' 'M' 'M'
 'U' 'M' 'A' 'U' 'M' 'M' 'M' 'U' 'M' 'M' 'M' 'M' 'M' 'M' 'M' 'M' 'U' 'U']"
111801,0,155,2,153,43,0,0,"['A' 'M' 'M' 'M' 'M' 'U' 'M' 'U' 'M' 'M' 'M' 'M' 'M' 'M' 'M' 'U' 'M' 'M'
 'M' 'U' 'M' 'M' 'M' 'M' 'M' 'M' 'M' 'U' 'U' 'M' 'M' 'M' 'M' 'M' 'M' 'M'
 'M' 'U' 'U' 'M' 'M' 'M' 'M' 'M' 'M' 'M' 'U' 'M' 'U' 'M' 'M' 'M' 'M' 'M'
 'M' 'U' 'M' 'U' 'M' 'M' 'M' 'M' 'M' 'M' 'M' 'M' 'M' 'U' 'M' 'U' 'M' 'M'
 'M' 'U' 'M' 'M' 'M' 'M' 'M' 'M' 'M' 'M' 'M' 'M' 'M' 'M' 'M' 'M' 'M' 'M'
 'M' 'M' 'M' 'U' 'U' 'M' 'M' 'M' 'M' 'U' 'M' 'M' 'U' 'U' 'M' 'M' 'U' 'U'
 'U' 'M' 'U' 'M' 'M' 'U' 'M' 'M' 'U' 'U' 'M' 'M' 'M' 'U' 'M' 'U' 'M' 'M'
 'M' 'M' 'M' 'M' 'U' 'M' 'M' 'M' 'M' 'U' 'U' 'M' 'M' 'M' 'M' 'M' 'U' 'M'
 'M' 'M' 'M' 'U' 'M' 'M' 'U' 'M' 'M' 'M' 'M' 'M' 'M' 'U' 'M' 'M' 'M' 'M'
 'M' 'M' 'M' 'U' 'M' 'A' 'M' 'M' 'M' 'M' 'M' 'M' 'U' 'U' 'U' 'M' 'M' 'M'
 'U' 'M' 'U' 'M' 'M' 'M' 'M' 'M' 'M' 'M' 'M' 'M' 'M' 'M' 'M' 'M' 'M' 'U']"
111901,0,155,2,153,43,0,0,"['A' 'M' 'M' 'M' 'M' 'U' 'M' 'U' 'M' 'U' 'M' 'M' 'M' 'M' 'M' 'U' 'M' 'M'
 'M' 'U' 'M' 'M' 'M' 'M' 'M' 'M' 'M' 'U' 'U' 'M' 'M' 'M' 'M' 'M' 'M' 'M'
 'M' 'U' 'M' 'M' 'M' 'M' 'M' 'M' 'M' 'M' 'M' 'M' 'U' 'U' 'M' 'M' 'M' 'M'
 'M' 'U' 'M' 'U' 'M' 'M' 'M' 'M' 'M' 'M' 'M' 'M' 'M' 'M' 'M' 'M' 'U' 'M'
 'M' 'M' 'M' 'M' 'U' 'M' 'M' 'M' 'M' 'M' 'U' 'M' 'M' 'U' 'M' 'M' 'M' 'M'
 'U' 'M' 'M' 'M' 'M' 'M' 'M' 'M' 'M' 'U' 'M' 'M' 'M' 'U' 'M' 'M' 'M' 'U'
 'U' 'M' 'U' 'M' 'M' 'U' 'M' 'M' 'U' 'A' 'M' 'M' 'M' 'U' 'M' 'U' 'M' 'M'
 'M' 'M' 'M' 'M' 'U' 'M' 'M' 'U' 'U' 'U' 'U' 'U' 'M' 'M' 'M' 'M' 'U' 'U'
 'M' 'M' 'M' 'U' 'M' 'M' 'U' 'M' 'M' 'M' 'M' 'U' 'U' 'M' 'M' 'M' 'M' 'M'
 'M' 'M' 'M' 'M' 'M' 'U' 'M' 'M' 'M' 'M' 'M' 'M' 'U' 'U' 'M' 'M' 'M' 'M'
 'M' 'M' 'U' 'M' 'M' 'M' 'M' 'M' 'M' 'M' 'M' 'M' 'M' 'M' 'M' 'M' 'M' 'U']"
112001,0,155,3,152,43,1,0,"['A' 'M' 'M' 'M' 'M' 'U' 'M' 'M' 'M' 'U' 'M' 'M' 'M' 'M' 'M' 'U' 'M' 'M'
 'M' 'U' 'M' 'M' 'M' 'M' 'M' 'M' 'M' 'M' 'U' 'M' 'M' 'M' 'M' 'M' 'M' 'M'
 'M' 'U' 'U' 'M' 'M' 'M' 'M' 'M' 'M' 'M' 'U' 'M' 'U' 'U' 'M' 'M' 'M' 'M'
 'M' 'U' 'U' 'U' 'M' 'M' 'M' 'M' 'M' 'M' 'M' 'M' 'M' 'M' 'U' 'M' 'M' 'M'
 'M' 'M' 'U' 'U' 'M' 'M' 'M' 'M' 'M' 'M' 'M' 'M' 'M' 'M' 'U' 'M' 'M' 'M'
 'M' 'M' 'M' 'M' 'U' 'M' 'M' 'M' 'M' 'U' 'M' 'M' 'M' 'U' 'M' 'M' 'M' 'U'
 'U' 'M' 'U' 'U' 'M' 'U' 'M' 'M' 'U' 'A' 'M' 'M' 'M' 'U' 'M' 'U' 'M' 'M'
 'M' 'M' 'M' 'M' 'U' 'M' 'M' 'U' 'M' 'U' 'U' 'U' 'M' 'M' 'M' 'M' 'U' 'M'
 'M' 'M' 'M' 'M' 'M' 'M' 'A' 'M' 'M' 'M' 'M' 'U' 'U' 'M' 'M' 'M' 'M' 'M'
 'M' 'M' 'M' 'M' 'M' 'U' 'M' 'M' 'M' 'M' 'M' 'M' 'U' 'U' 'M' 'M' 'M' 'U'
 'M' 'M' 'U' 'M' 'M' 'M' 'M' 'M' 'M' 'U' 'M' 'M' 'M' 'M' 'M' 'M' 'M' 'U']"
112101,0,160,5,155,38,0,0,"['A' 'M' 'M' 'M' 'M' 'U' 'M' 'M' 'M' 'M' 'M' 'M' 'M' 'M' 'M' 'U' 'M' 'M'
 'M' 'U' 'M' 'M' 'M' 'M' 'M' 'M' 'M' 'M' 'U' 'M' 'M' 'M' 'M' 'M' 'M' 'M'
 'M' 'U' 'M' 'M' 'M' 'M' 'M' 'M' 'M' 'M' 'U' 'M' 'U' 'U' 'U' 'M' 'M' 'M'
 'M' 'U' 'M' 'U' 'M' 'M' 'M' 'M' 'M' 'M' 'M' 'M' 'U' 'M' 'M' 'M' 'M' 'M'
 'U' 'M' 'M' 'M' 'M' 'M' 'M' 'U' 'M' 'U' 'M' 'M' 'M' 'M' 'M' 'M' 'M' 'M'
 'M' 'M' 'M' 'M' 'U' 'M' 'M' 'M' 'M' 'M' 'M' 'M' 'M' 'U' 'M' 'M' 'M' 'U'
 'U' 'U' 'U' 'U' 'M' 'M' 'M' 'M' 'U' 'A' 'M' 'M' 'M' 'U' 'M' 'U' 'M' 'M'
 'M' 'M' 'M' 'M' 'U' 'M' 'M' 'U' 'M' 'U' 'U' 'U' 'M' 'M' 'U' 'U' 'M' 'M'
 'M' 'M' 'M' 'M' 'U' 'M' 'A' 'M' 'M' 'M' 'M' 'A' 'U' 'M' 'M' 'M' 'U' 'M'
 'M' 'M' 'M' 'M' 'M' 'U' 'M' 'M' 'M' 'M' 'M' 'M' 'M' 'M' 'M' 'M' 'M' 'M'
 'U' 'M' 'A' 'M' 'M' 'M' 'M' 'U' 'M' 'M' 'M' 'M' 'M' 'M' 'M' 'M' 'M' 'M']"
112201,0,165,7,158,33,0,0,"['A' 'M' 'M' 'M' 'M' 'U' 'M' 'M' 'M' 'M' 'M' 'U' 'M' 'M' 'M' 'M' 'M' 'M'
 'M' 'U' 'M' 'M' 'M' 'M' 'M' 'M' 'M' 'M' 'A' 'M' 'M' 'M' 'M' 'M' 'M' 'M'
 'M' 'U' 'M' 'M' 'M' 'M' 'U' 'M' 'M' 'M' 'U' 'M' 'U' 'U' 'U' 'M' 'M' 'M'
 'M' 'U' 'M' 'U' 'M' 'M' 'U' 'M' 'M' 'M' 'M' 'U' 'U' 'M' 'M' 'M' 'M' 'M'
 'M' 'U' 'M' 'M' 'M' 'M' 'U' 'M' 'M' 'U' 'M' 'M' 'M' 'M' 'M' 'M' 'M' 'M'
 'M' 'M' 'M' 'M' 'M' 'M' 'M' 'U' 'M' 'M' 'M' 'M' 'M' 'M' 'M' 'M' 'M' 'M'
 'U' 'U' 'U' 'U' 'M' 'M' 'M' 'M' 'U' 'A' 'M' 'M' 'M' 'M' 'M' 'U' 'M' 'M'
 'M' 'M' 'M' 'M' 'U' 'U' 'M' 'U' 'M' 'U' 'U' 'M' 'M' 'M' 'U' 'A' 'M' 'M'
 'M' 'M' 'M' 'M' 'M' 'M' 'A' 'M' 'M' 'M' 'M' 'A' 'M' 'M' 'M' 'M' 'U' 'M'
 'M' 'M' 'M' 'M' 'M' 'M' 'M' 'M' 'M' 'M' 'M' 'M' 'M' 'M' 'M' 'M' 'M' 'M'
 'U' 'M' 'A' 'M' 'M' 'M' 'M' 'M' 'M' 'U' 'M' 'M' 'M' 'M' 'M' 'M' 'M' 'M']"
112301,0,162,6,156,36,0,0,"['A' 'M' 'M' 'M' 'M' 'U' 'M' 'M' 'M' 'M' 'M' 'U' 'M' 'M' 'M' 'M' 'M' 'M'
 'M' 'U' 'U' 'M' 'M' 'M' 'M' 'U' 'U' 'M' 'A' 'M' 'M' 'M' 'M' 'M' 'M' 'M'
 'M' 'M' 'M' 'M' 'M' 'M' 'U' 'M' 'M' 'M' 'U' 'M' 'U' 'U' 'U' 'M' 'A' 'M'
 'M' 'M' 'M' 'A' 'M' 'U' 'U' 'M' 'M' 'M' 'M' 'M' 'M' 'M' 'M' 'M' 'U' 'M'
 'M' 'M' 'M' 'M' 'M' 'M' 'M' 'M' 'M' 'U' 'M' 'U' 'M' 'M' 'U' 'U' 'M' 'M'
 'M' 'M' 'M' 'M' 'M' 'M' 'M' 'M' 'M' 'M' 'M' 'M' 'M' 'M' 'M' 'M' 'U' 'M'
 'U' 'M' 'U' 'M' 'M' 'M' 'M' 'M' 'M' 'U' 'M' 'M' 'M' 'M' 'M' 'U' 'M' 'M'
 'M' 'M' 'M' 'M' 'U' 'M' 'M' 'U' 'M' 'U' 'M' 'M' 'M' 'M' 'U' 'U' 'U' 'M'
 'M' 'M' 'U' 'M' 'M' 'M' 'U' 'M' 'M' 'M' 'M' 'A' 'M' 'M' 'M' 'M' 'M' 'M'
 'M' 'M' 'M' 'M' 'M' 'M' 'M' 'M' 'M' 'M' 'U' 'M' 'M' 'U' 'M' 'M' 'M' 'M'
 'U' 'M' 'A' 'M' 'M' 'M' 'M' 'M' 'U' 'U' 'M' 'M' 'M' 'M' 'M' 'M' 'M' 'M']"
112401,0,160,4,156,38,0,0,"['A' 'M' 'M' 'M' 'M' 'U' 'M' 'M' 'M' 'M' 'M' 'M' 'M' 'M' 'M' 'M' 'M' 'M'
 'U' 'M' 'U' 'M' 'M' 'M' 'M' 'U' 'U' 'U' 'A' 'M' 'M' 'M' 'M' 'M' 'M' 'M'
 'M' 'M' 'M' 'M' 'M' 'M' 'U' 'M' 'M' 'M' 'U' 'M' 'U' 'M' 'U' 'M' 'A' 'M'
 'M' 'M' 'M' 'U' 'M' 'U' 'U' 'M' 'M' 'M' 'M' 'M' 'M' 'M' 'M' 'M' 'U' 'M'
 'M' 'M' 'M' 'M' 'M' 'M' 'M' 'M' 'M' 'M' 'M' 'U' 'U' 'M' 'M' 'U' 'M' 'M'
 'M' 'M' 'U' 'M' 'M' 'U' 'M' 'M' 'M' 'M' 'M' 'M' 'U' 'M' 'M' 'M' 'U' 'M'
 'U' 'M' 'U' 'M' 'M' 'M' 'M' 'M' 'M' 'U' 'M' 'M' 'M' 'M' 'M' 'U' 'M' 'M'
 'M' 'M' 'M' 'M' 'U' 'M' 'M' 'U' 'M' 'U' 'M' 'M' 'M' 'M' 'U' 'U' 'U' 'M'
 'M' 'M' 'M' 'M' 'M' 'M' 'M' 'M' 'M' 'M' 'M' 'M' 'M' 'M' 'M' 'M' 'M' 'U'
 'M' 'M' 'M' 'M' 'U' 'M' 'M' 'M' 'M' 'M' 'U' 'M' 'M' 'U' 'M' 'M' 'M' 'M'
 'U' 'M' 'A' 'M' 'M' 'M' 'M' 'M' 'U' 'U' 'M' 'M' 'M' 'M' 'M' 'M' 'M' 'M']"
112501,0,167,6,161,31,1,0,"['A' 'M' 'M' 'M' 'M' 'M' 'M' 'M' 'M' 'M' 'M' 'M' 'M' 'M' 'M' 'M' 'M' 'M'
 'M' 'M' 'U' 'M' 'M' 'M' 'M' 'U' 'U' 'M' 'A' 'M' 'M' 'M' 'M' 'M' 'M' 'M'
 'M' 'M' 'M' 'M' 'M' 'M' 'U' 'M' 'M' 'M' 'U' 'M' 'U' 'M' 'U' 'M' 'A' 'M'
 'M' 'M' 'M' 'M' 'M' 'U' 'U' 'M' 'M' 'M' 'M' 'M' 'M' 'M' 'U' 'M' 'M' 'U'
 'M' 'M' 'M' 'M' 'M' 'M' 'M' 'U' 'M' 'M' 'M' 'U' 'M' 'U' 'M' 'M' 'M' 'M'
 'M' 'M' 'M' 'M' 'M' 'M' 'M' 'M' 'M' 'M' 'M' 'M' 'U' 'M' 'M' 'M' 'U' 'U'
 'A' 'M' 'M' 'M' 'M' 'M' 'M' 'M' 'M' 'U' 'M' 'M' 'M' 'M' 'M' 'A' 'M' 'M'
 'M' 'M' 'M' 'M' 'M' 'M' 'M' 'U' 'M' 'U' 'U' 'M' 'M' 'M' 'U' 'U' 'M' 'M'
 'M' 'M' 'M' 'M' 'M' 'M' 'M' 'M' 'M' 'M' 'M' 'M' 'M' 'M' 'M' 'M' 'M' 'M'
 'M' 'M' 'M' 'U' 'U' 'M' 'M' 'M' 'M' 'M' 'U' 'M' 'M' 'U' 'M' 'M' 'M' 'M'
 'U' 'M' 'A' 'U' 'M' 'M' 'U' 'M' 'U' 'M' 'M' 'M' 'M' 'M' 'M' 'M' 'M' 'M']"
112601,0,161,5,156,37,0,0,"['A' 'M' 'M' 'U' 'M' 'M' 'M' 'M' 'U' 'M' 'M' 'U' 'U' 'M' 'M' 'U' 'M' 'U'
 'M' 'M' 'U' 'M' 'M' 'M' 'M' 'U' 'U' 'M' 'A' 'M' 'M' 'M' 'M' 'M' 'M' 'M'
 'M' 'M' 'M' 'M' 'M' 'M' 'U' 'M' 'M' 'M' 'U' 'M' 'M' 'M' 'U' 'M' 'A' 'M'
 'M' 'M' 'M' 'M' 'M' 'U' 'U' 'M' 'M' 'M' 'M' 'M' 'M' 'M' 'M' 'M' 'M' 'U'
 'M' 'M' 'M' 'M' 'U' 'M' 'M' 'M' 'M' 'M' 'M' 'M' 'M' 'M' 'M' 'M' 'U' 'U'
 'U' 'M' 'M' 'M' 'M' 'M' 'M' 'M' 'M' 'M' 'M' 'M' 'M' 'M' 'M' 'M' 'U' 'U'
 'A' 'M' 'M' 'M' 'M' 'M' 'M' 'U' 'M' 'U' 'M' 'M' 'M' 'M' 'M' 'A' 'M' 'M'
 'M' 'M' 'M' 'M' 'M' 'M' 'M' 'M' 'M' 'U' 'U' 'M' 'M' 'M' 'U' 'U' 'U' 'M'
 'M' 'M' 'M' 'M' 'M' 'M' 'M' 'M' 'M' 'M' 'M' 'M' 'M' 'M' 'M' 'M' 'M' 'M'
 'M' 'M' 'M' 'U' 'M' 'M' 'M' 'M' 'M' 'M' 'U' 'M' 'M' 'U' 'M' 'M' 'M' 'M'
 'U' 'M' 'U' 'U' 'M' 'M' 'U' 'M' 'U' 'M' 'M' 'M' 'M' 'M' 'M' 'M' 'U' 'M']"
112701,0,158,6,152,40,0,0,"['A' 'M' 'M' 'A' 'M' 'M' 'M' 'M' 'U' 'M' 'U' 'U' 'M' 'M' 'M' 'U' 'M' 'U'
 'M' 'M' 'U' 'M' 'M' 'M' 'M' 'U' 'M' 'M' 'A' 'M' 'M' 'M' 'M' 'M' 'M' 'M'
 'M' 'M' 'M' 'M' 'M' 'M' 'U' 'M' 'M' 'M' 'U' 'M' 'M' 'M' 'U' 'M' 'A' 'M'
 'M' 'M' 'M' 'M' 'M' 'U' 'M' 'M' 'M' 'M' 'M' 'M' 'M' 'U' 'U' 'M' 'M' 'M'
 'M' 'M' 'M' 'M' 'M' 'M' 'M' 'M' 'U' 'M' 'M' 'U' 'U' 'M' 'M' 'M' 'M' 'M'
 'M' 'M' 'M' 'M' 'M' 'M' 'U' 'M' 'M' 'M' 'M' 'M' 'M' 'M' 'M' 'M' 'M' 'U'
 'U' 'M' 'M' 'M' 'M' 'M' 'M' 'U' 'M' 'U' 'M' 'M' 'M' 'M' 'M' 'A' 'M' 'M'
 'M' 'M' 'M' 'M' 'M' 'U' 'U' 'U' 'U' 'U' 'U' 'U' 'A' 'M' 'M' 'U' 'U' 'M'
 'M' 'M' 'M' 'U' 'M' 'M' 'M' 'M' 'M' 'M' 'M' 'M' 'M' 'M' 'M' 'M' 'M' 'M'
 'M' 'M' 'M' 'M' 'M' 'M' 'U' 'M' 'M' 'M' 'U' 'M' 'U' 'U' 'M' 'M' 'M' 'M'
 'U' 'M' 'U' 'M' 'M' 'M' 'U' 'M' 'U' 'M' 'M' 'M' 'M' 'M' 'M' 'M' 'U' 'M']"
112801,0,161,6,155,37,0,0,"['A' 'M' 'M' 'A' 'M' 'U' 'M' 'M' 'U' 'M' 'M' 'M' 'M' 'M' 'M' 'M' 'M' 'U'
 'M' 'M' 'M' 'M' 'M' 'M' 'M' 'U' 'U' 'M' 'U' 'M' 'M' 'M' 'M' 'M' 'M' 'M'
 'M' 'M' 'M' 'M' 'M' 'M' 'M' 'M' 'M' 'M' 'M' 'U' 'M' 'M' 'M' 'M' 'A' 'M'
 'M' 'M' 'M' 'M' 'M' 'U' 'M' 'M' 'M' 'M' 'M' 'M' 'M' 'M' 'U' 'M' 'M' 'M'
 'M' 'M' 'M' 'U' 'U' 'M' 'M' 'M' 'M' 'M' 'M' 'M' 'M' 'M' 'M' 'M' 'U' 'M'
 'M' 'M' 'M' 'U' 'M' 'M' 'U' 'M' 'M' 'M' 'U' 'M' 'M' 'M' 'M' 'M' 'M' 'M'
 'U' 'M' 'M' 'M' 'M' 'M' 'M' 'U' 'M' 'U' 'M' 'M' 'M' 'M' 'U' 'A' 'M' 'M'
 'M' 'M' 'M' 'M' 'M' 'U' 'M' 'U' 'U' 'U' 'U' 'A' 'A' 'M' 'U' 'U' 'U' 'M'
 'M' 'M' 'M' 'M' 'M' 'M' 'M' 'M' 'M' 'M' 'M' 'M' 'M' 'M' 'M' 'M' 'M' 'M'
 'M' 'M' 'M' 'M' 'M' 'M' 'U' 'M' 'M' 'M' 'U' 'M' 'U' 'U' 'M' 'M' 'M' 'M'
 'U' 'M' 'U' 'M' 'M' 'M' 'U' 'M' 'U' 'M' 'U' 'M' 'M' 'M' 'M' 'M' 'U' 'M']"
112901,0,155,5,150,43,0,0,"['A' 'M' 'M' 'A' 'M' 'U' 'M' 'M' 'U' 'M' 'M' 'M' 'M' 'M' 'M' 'M' 'M' 'U'
 'M' 'M' 'M' 'M' 'M' 'M' 'M' 'M' 'U' 'M' 'U' 'M' 'M' 'M' 'M' 'M' 'M' 'M'
 'M' 'M' 'M' 'M' 'M' 'M' 'M' 'M' 'M' 'M' 'M' 'U' 'M' 'M' 'M' 'M' 'U' 'M'
 'M' 'U' 'M' 'M' 'U' 'U' 'M' 'M' 'M' 'M' 'M' 'M' 'M' 'M' 'M' 'M' 'M' 'M'
 'M' 'M' 'M' 'U' 'M' 'M' 'U' 'U' 'M' 'M' 'M' 'M' 'U' 'M' 'U' 'M' 'M' 'M'
 'M' 'M' 'M' 'M' 'M' 'M' 'U' 'M' 'M' 'M' 'U' 'U' 'M' 'M' 'M' 'M' 'M' 'M'
 'U' 'M' 'M' 'M' 'M' 'M' 'M' 'U' 'M' 'U' 'M' 'U' 'M' 'M' 'U' 'A' 'M' 'M'
 'M' 'M' 'M' 'M' 'M' 'U' 'U' 'U' 'U' 'U' 'U' 'U' 'A' 'M' 'U' 'U' 'M' 'M'
 'M' 'M' 'M' 'M' 'M' 'M' 'M' 'M' 'M' 'M' 'M' 'M' 'M' 'M' 'M' 'M' 'M' 'M'
 'U' 'M' 'M' 'M' 'M' 'M' 'U' 'M' 'M' 'M' 'U' 'M' 'U' 'U' 'M' 'M' 'M' 'M'
 'U' 'M' 'U' 'M' 'M' 'M' 'A' 'M' 'U' 'M' 'U' 'M' 'M' 'M' 'U' 'M' 'U' 'M']"
113001,0,161,6,155,37,0,1,"['A' 'M' 'M' 'A' 'U' 'U' 'M' 'U' 'U' 'M' 'M' 'A' 'M' 'M' 'M' 'M' 'M' 'M'
 'M' 'M' 'M' 'M' 'M' 'M' 'M' 'M' 'U' 'M' 'U' 'M' 'M' 'M' 'M' 'M' 'M' 'M'
 'M' 'M' 'M' 'M' 'M' 'M' 'M' 'M' 'M' 'M' 'M' 'M' 'M' 'M' 'M' 'M' 'U' 'M'
 'M' 'U' 'M' 'M' 'U' 'U' 'M' 'M' 'M' 'M' 'M' 'M' 'M' 'M' 'M' 'M' 'M' 'M'
 'M' 'M' 'U' 'M' 'M' 'U' 'M' 'M' 'M' 'M' 'M' 'U' 'U' 'U' 'M' 'M' 'M' 'M'
 'M' 'M' 'M' 'M' 'M' 'M' 'U' 'M' 'M' 'M' 'U' 'M' 'M' 'U' 'M' 'M' 'M' 'M'
 'U' 'M' 'M' 'M' 'U' 'M' 'M' 'M' 'M' 'M' 'M' 'U' 'M' 'M' 'M' 'A' 'M' 'M'
 'M' 'M' 'M' 'M' 'M' 'M' 'U' 'U' 'U' 'U' 'U' 'M' 'A' 'M' 'M' 'U' 'M' 'M'
 'M' 'M' 'M' 'M' 'M' 'M' 'M' 'M' 'M' 'M' 'M' 'M' 'M' 'M' 'M' 'M' 'M' 'M'
 'M' 'M' 'M' 'M' 'M' 'M' 'U' 'M' 'M' 'M' 'U' 'M' 'U' 'U' 'M' 'M' 'M' 'M'
 'U' 'M' 'U' 'M' 'M' 'M' 'A' 'M' 'U' 'M' 'U' 'M' 'M' 'M' 'U' 'M' 'U' 'M']"
113101,0,158,6,152,40,0,0,"['A' 'U' 'U' 'U' 'M' 'U' 'M' 'U' 'U' 'M' 'M' 'A' 'M' 'M' 'M' 'M' 'M' 'M'
 'M' 'M' 'M' 'M' 'M' 'M' 'M' 'M' 'U' 'M' 'U' 'M' 'U' 'M' 'M' 'M' 'M' 'M'
 'M' 'M' 'M' 'M' 'M' 'M' 'M' 'U' 'M' 'M' 'M' 'M' 'M' 'M' 'M' 'M' 'M' 'U'
 'M' 'U' 'M' 'M' 'U' 'U' 'M' 'M' 'U' 'M' 'M' 'M' 'M' 'M' 'M' 'U' 'M' 'M'
 'M' 'M' 'U' 'M' 'M' 'M' 'M' 'M' 'M' 'M' 'M' 'M' 'U' 'M' 'M' 'M' 'M' 'U'
 'M' 'U' 'M' 'M' 'M' 'M' 'U' 'M' 'M' 'M' 'U' 'M' 'M' 'U' 'M' 'M' 'M' 'M'
 'M' 'M' 'M' 'M' 'U' 'M' 'M' 'M' 'M' 'M' 'M' 'M' 'M' 'M' 'M' 'A' 'M' 'M'
 'M' 'M' 'M' 'U' 'M' 'M' 'U' 'U' 'U' 'U' 'U' 'U' 'A' 'A' 'M' 'U' 'M' 'M'
 'M' 'M' 'M' 'M' 'M' 'M' 'M' 'M' 'M' 'M' 'M' 'M' 'M' 'M' 'M' 'M' 'M' 'M'
 'M' 'M' 'M' 'M' 'M' 'M' 'U' 'M' 'M' 'M' 'U' 'M' 'U' 'M' 'M' 'U' 'M' 'M'
 'U' 'M' 'M' 'M' 'M' 'M' 'U' 'M' 'M' 'M' 'U' 'M' 'U' 'A' 'M' 'M' 'M' 'M']"
113201,0,164,5,159,34,0,0,"['A' 'U' 'U' 'U' 'M' 'M' 'M' 'M' 'M' 'M' 'M' 'A' 'M' 'M' 'M' 'M' 'M' 'M'
 'M' 'M' 'M' 'M' 'M' 'M' 'M' 'M' 'U' 'M' 'U' 'M' 'U' 'M' 'M' 'M' 'M' 'M'
 'M' 'M' 'M' 'M' 'M' 'M' 'M' 'U' 'M' 'M' 'M' 'M' 'M' 'M' 'M' 'M' 'M' 'U'
 'M' 'U' 'M' 'U' 'U' 'U' 'M' 'M' 'U' 'M' 'M' 'M' 'M' 'U' 'U' 'M' 'U' 'U'
 'M' 'M' 'M' 'M' 'M' 'M' 'M' 'M' 'M' 'M' 'M' 'M' 'M' 'M' 'M' 'M' 'M' 'M'
 'U' 'M' 'M' 'M' 'M' 'M' 'U' 'M' 'M' 'M' 'M' 'M' 'M' 'M' 'M' 'M' 'M' 'M'
 'M' 'M' 'M' 'M' 'U' 'M' 'M' 'U' 'M' 'M' 'M' 'M' 'M' 'M' 'M' 'A' 'M' 'M'
 'M' 'M' 'M' 'U' 'M' 'M' 'M' 'U' 'M' 'U' 'U' 'M' 'A' 'U' 'M' 'U' 'M' 'M'
 'M' 'M' 'M' 'M' 'M' 'M' 'M' 'M' 'M' 'M' 'M' 'M' 'M' 'M' 'M' 'M' 'M' 'M'
 'M' 'M' 'M' 'M' 'M' 'M' 'U' 'M' 'M' 'M' 'M' 'M' 'M' 'M' 'M' 'U' 'M' 'M'
 'U' 'M' 'M' 'M' 'M' 'M' 'U' 'M' 'M' 'M' 'U' 'U' 'U' 'A' 'M' 'M' 'M' 'M']"
113301,0,161,4,157,37,0,0,"['A' 'U' 'M' 'U' 'M' 'M' 'M' 'M' 'M' 'M' 'M' 'A' 'M' 'M' 'M' 'M' 'U' 'M'
 'M' 'M' 'M' 'M' 'M' 'M' 'M' 'M' 'U' 'M' 'M' 'M' 'U' 'M' 'M' 'M' 'M' 'M'
 'M' 'M' 'M' 'M' 'M' 'M' 'M' 'U' 'U' 'M' 'M' 'M' 'M' 'M' 'M' 'M' 'M' 'U'
 'M' 'U' 'M' 'U' 'U' 'U' 'M' 'M' 'M' 'M' 'M' 'M' 'U' 'M' 'M' 'M' 'M' 'M'
 'U' 'M' 'M' 'U' 'M' 'M' 'M' 'M' 'M' 'M' 'M' 'M' 'M' 'M' 'U' 'M' 'M' 'U'
 'M' 'M' 'M' 'M' 'M' 'M' 'M' 'M' 'M' 'M' 'M' 'U' 'M' 'M' 'M' 'M' 'M' 'M'
 'U' 'M' 'M' 'M' 'U' 'M' 'M' 'U' 'M' 'M' 'M' 'M' 'M' 'M' 'M' 'U' 'M' 'M'
 'M' 'M' 'M' 'U' 'M' 'M' 'M' 'M' 'M' 'U' 'U' 'U' 'A' 'U' 'M' 'U' 'M' 'M'
 'M' 'M' 'M' 'M' 'U' 'M' 'M' 'M' 'M' 'M' 'M' 'M' 'M' 'M' 'M' 'M' 'M' 'M'
 'M' 'M' 'M' 'M' 'M' 'M' 'U' 'M' 'M' 'U' 'M' 'M' 'M' 'M' 'M' 'U' 'M' 'M'
 'U' 'M' 'U' 'M' 'M' 'M' 'U' 'M' 'M' 'M' 'M' 'U' 'M' 'A' 'M' 'M' 'U' 'M']"
113401,0,170,7,163,28,0,1,"['A' 'U' 'M' 'U' 'M' 'M' 'M' 'M' 'M' 'M' 'M' 'A' 'M' 'M' 'M' 'M' 'A' 'M'
 'M' 'M' 'M' 'M' 'M' 'M' 'M' 'M' 'M' 'M' 'M' 'M' 'M' 'M' 'M' 'M' 'M' 'M'
 'M' 'M' 'M' 'M' 'M' 'M' 'M' 'U' 'A' 'M' 'M' 'M' 'M' 'M' 'M' 'M' 'M' 'M'
 'M' 'M' 'M' 'M' 'U' 'M' 'M' 'M' 'M' 'M' 'M' 'M' 'M' 'M' 'M' 'M' 'U' 'M'
 'M' 'M' 'M' 'M' 'U' 'M' 'M' 'M' 'M' 'M' 'M' 'M' 'M' 'M' 'M' 'U' 'M' 'M'
 'M' 'U' 'U' 'M' 'M' 'M' 'M' 'M' 'M' 'M' 'M' 'U' 'U' 'M' 'M' 'M' 'M' 'U'
 'U' 'M' 'M' 'M' 'U' 'M' 'M' 'M' 'M' 'M' 'M' 'M' 'M' 'M' 'M' 'U' 'M' 'M'
 'M' 'U' 'M' 'A' 'M' 'U' 'U' 'M' 'U' 'U' 'U' 'U' 'A' 'M' 'M' 'M' 'M' 'M'
 'M' 'M' 'M' 'M' 'U' 'M' 'M' 'M' 'M' 'M' 'M' 'M' 'M' 'M' 'M' 'M' 'M' 'M'
 'M' 'M' 'M' 'M' 'M' 'M' 'U' 'M' 'M' 'M' 'M' 'M' 'M' 'M' 'M' 'M' 'M' 'M'
 'U' 'M' 'U' 'M' 'M' 'M' 'U' 'M' 'M' 'M' 'M' 'U' 'M' 'A' 'M' 'M' 'M' 'M']"
113501,0,166,7,159,32,0,0,"['A' 'U' 'M' 'U' 'M' 'M' 'M' 'M' 'M' 'M' 'M' 'A' 'M' 'M' 'M' 'M' 'A' 'M'
 'M' 'M' 'M' 'M' 'M' 'M' 'M' 'M' 'M' 'M' 'M' 'M' 'M' 'M' 'M' 'M' 'U' 'M'
 'M' 'M' 'M' 'M' 'M' 'M' 'M' 'M' 'A' 'M' 'M' 'M' 'M' 'M' 'M' 'M' 'M' 'M'
 'M' 'U' 'M' 'M' 'U' 'M' 'M' 'M' 'M' 'M' 'M' 'M' 'M' 'M' 'M' 'M' 'U' 'U'
 'M' 'M' 'M' 'M' 'M' 'M' 'M' 'M' 'M' 'M' 'M' 'M' 'M' 'U' 'U' 'M' 'M' 'M'
 'U' 'M' 'M' 'M' 'M' 'M' 'M' 'M' 'M' 'M' 'M' 'A' 'U' 'M' 'M' 'M' 'M' 'U'
 'A' 'M' 'M' 'M' 'U' 'M' 'M' 'M' 'M' 'M' 'M' 'U' 'M' 'M' 'M' 'U' 'M' 'M'
 'M' 'U' 'M' 'U' 'M' 'U' 'U' 'U' 'U' 'U' 'U' 'U' 'U' 'M' 'M' 'M' 'M' 'M'
 'M' 'M' 'M' 'M' 'U' 'M' 'M' 'M' 'M' 'M' 'M' 'M' 'M' 'M' 'M' 'M' 'M' 'M'
 'U' 'M' 'M' 'M' 'M' 'M' 'U' 'M' 'M' 'M' 'M' 'M' 'U' 'M' 'M' 'M' 'M' 'M'
 'M' 'M' 'M' 'M' 'M' 'U' 'U' 'M' 'M' 'M' 'M' 'U' 'M' 'A' 'M' 'M' 'M' 'M']"
113601,0,165,4,161,33,0,0,"['A' 'U' 'M' 'U' 'M' 'M' 'M' 'M' 'M' 'M' 'M' 'A' 'M' 'M' 'M' 'M' 'U' 'M'
 'M' 'M' 'M' 'U' 'M' 'M' 'M' 'M' 'M' 'M' 'M' 'U' 'M' 'M' 'M' 'M' 'U' 'M'
 'M' 'M' 'M' 'M' 'U' 'M' 'M' 'M' 'A' 'M' 'M' 'M' 'M' 'M' 'M' 'M' 'M' 'M'
 'M' 'U' 'M' 'M' 'U' 'M' 'M' 'M' 'M' 'M' 'M' 'U' 'M' 'M' 'U' 'M' 'M' 'M'
 'M' 'M' 'M' 'M' 'M' 'M' 'U' 'U' 'M' 'U' 'M' 'M' 'M' 'M' 'M' 'M' 'M' 'M'
 'M' 'M' 'M' 'M' 'M' 'M' 'M' 'M' 'M' 'M' 'M' 'U' 'U' 'M' 'M' 'M' 'M' 'U'
 'A' 'M' 'M' 'M' 'U' 'M' 'M' 'U' 'M' 'M' 'M' 'U' 'M' 'M' 'M' 'U' 'M' 'M'
 'M' 'U' 'M' 'U' 'M' 'M' 'U' 'U' 'U' 'U' 'M' 'U' 'M' 'U' 'M' 'M' 'M' 'M'
 'M' 'M' 'M' 'M' 'M' 'M' 'M' 'M' 'M' 'M' 'M' 'M' 'M' 'M' 'M' 'M' 'M' 'M'
 'U' 'M' 'M' 'M' 'M' 'M' 'U' 'M' 'M' 'M' 'M' 'M' 'M' 'M' 'M' 'M' 'M' 'M'
 'M' 'M' 'M' 'M' 'M' 'M' 'M' 'M' 'U' 'M' 'M' 'M' 'M' 'U' 'M' 'M' 'M' 'M']"
113701,0,169,5,164,29,0,0,"['A' 'U' 'M' 'U' 'M' 'M' 'M' 'M' 'M' 'M' 'M' 'U' 'M' 'M' 'M' 'M' 'M' 'M'
 'M' 'M' 'M' 'A' 'M' 'M' 'M' 'M' 'M' 'M' 'M' 'U' 'M' 'M' 'M' 'M' 'M' 'M'
 'M' 'M' 'M' 'M' 'M' 'M' 'M' 'M' 'A' 'M' 'U' 'M' 'M' 'M' 'M' 'M' 'M' 'M'
 'M' 'U' 'M' 'M' 'U' 'M' 'M' 'M' 'M' 'M' 'M' 'U' 'M' 'U' 'U' 'M' 'M' 'M'
 'M' 'M' 'M' 'U' 'M' 'M' 'M' 'M' 'M' 'M' 'M' 'M' 'M' 'M' 'M' 'M' 'M' 'M'
 'M' 'U' 'M' 'M' 'M' 'M' 'M' 'M' 'M' 'M' 'M' 'U' 'U' 'M' 'M' 'M' 'M' 'U'
 'A' 'M' 'M' 'M' 'U' 'M' 'M' 'U' 'M' 'M' 'M' 'M' 'M' 'M' 'M' 'M' 'M' 'M'
 'M' 'U' 'M' 'M' 'M' 'M' 'U' 'M' 'M' 'U' 'M' 'A' 'M' 'U' 'M' 'M' 'M' 'M'
 'M' 'M' 'M' 'M' 'U' 'M' 'M' 'M' 'M' 'M' 'M' 'M' 'M' 'M' 'M' 'M' 'M' 'M'
 'U' 'M' 'M' 'M' 'M' 'M' 'U' 'U' 'M' 'M' 'M' 'M' 'M' 'M' 'M' 'M' 'M' 'M'
 'M' 'M' 'M' 'U' 'M' 'M' 'M' 'U' 'U' 'M' 'M' 'M' 'M' 'U' 'M' 'M' 'M' 'M']"
113801,1,163,3,160,35,0,0,"['A' 'M' 'M' 'M' 'M' 'M' 'M' 'M' 'M' 'M' 'M' 'M' 'M' 'M' 'M' 'M' 'M' 'U'
 'M' 'M' 'M' 'M' 'M' 'M' 'U' 'M' 'M' 'M' 'M' 'U' 'M' 'U' 'M' 'M' 'M' 'M'
 'M' 'M' 'M' 'M' 'U' 'M' 'M' 'M' 'A' 'M' 'M' 'M' 'M' 'M' 'M' 'M' 'M' 'M'
 'U' 'U' 'M' 'M' 'M' 'M' 'M' 'M' 'M' 'M' 'M' 'M' 'M' 'M' 'U' 'M' 'M' 'M'
 'U' 'M' 'M' 'U' 'M' 'M' 'M' 'M' 'M' 'M' 'M' 'M' 'M' 'U' 'M' 'M' 'M' 'M'
 'M' 'U' 'M' 'M' 'M' 'M' 'M' 'M' 'M' 'M' 'M' 'U' 'U' 'M' 'M' 'U' 'M' 'U'
 'A' 'M' 'M' 'M' 'U' 'M' 'M' 'U' 'M' 'M' 'M' 'M' 'M' 'M' 'U' 'M' 'M' 'M'
 'M' 'M' 'M' 'M' 'M' 'M' 'U' 'U' 'U' 'U' 'U' 'U' 'U' 'U' 'M' 'M' 'M' 'M'
 'M' 'M' 'M' 'M' 'U' 'M' 'M' 'M' 'M' 'M' 'M' 'M' 'M' 'M' 'M' 'M' 'M' 'M'
 'U' 'M' 'M' 'M' 'M' 'M' 'U' 'U' 'M' 'M' 'M' 'M' 'M' 'M' 'M' 'M' 'M' 'M'
 'M' 'M' 'M' 'U' 'M' 'M' 'M' 'U' 'U' 'M' 'M' 'M' 'M' 'U' 'M' 'M' 'M' 'M']"
113901,0,161,3,158,37,0,0,"['A' 'M' 'M' 'M' 'M' 'M' 'M' 'M' 'M' 'M' 'M' 'M' 'M' 'M' 'M' 'M' 'M' 'U'
 'M' 'M' 'M' 'M' 'M' 'M' 'U' 'M' 'U' 'M' 'M' 'U' 'M' 'U' 'M' 'M' 'U' 'M'
 'M' 'M' 'M' 'M' 'U' 'M' 'U' 'M' 'A' 'M' 'M' 'U' 'M' 'M' 'M' 'M' 'M' 'M'
 'U' 'U' 'M' 'M' 'M' 'M' 'M' 'M' 'M' 'M' 'M' 'M' 'M' 'M' 'U' 'M' 'M' 'M'
 'M' 'M' 'M' 'U' 'U' 'M' 'M' 'M' 'U' 'M' 'M' 'M' 'M' 'M' 'M' 'M' 'U' 'M'
 'M' 'M' 'M' 'M' 'M' 'M' 'M' 'M' 'M' 'M' 'M' 'M' 'M' 'M' 'M' 'U' 'M' 'U'
 'A' 'M' 'M' 'M' 'U' 'M' 'M' 'U' 'M' 'M' 'M' 'M' 'M' 'M' 'U' 'M' 'M' 'M'
 'M' 'M' 'M' 'M' 'M' 'M' 'U' 'U' 'U' 'U' 'M' 'U' 'U' 'U' 'M' 'M' 'M' 'M'
 'M' 'M' 'M' 'M' 'U' 'U' 'M' 'M' 'M' 'M' 'M' 'M' 'M' 'M' 'M' 'M' 'M' 'M'
 'U' 'M' 'M' 'U' 'M' 'M' 'U' 'U' 'M' 'M' 'M' 'M' 'M' 'M' 'M' 'M' 'M' 'M'
 'M' 'M' 'M' 'U' 'M' 'M' 'M' 'M' 'U' 'M' 'M' 'M' 'M' 'U' 'M' 'M' 'M' 'M']"
114001,0,170,5,165,28,0,0,"['A' 'M' 'M' 'M' 'M' 'M' 'M' 'M' 'M' 'M' 'M' 'M' 'M' 'M' 'M' 'M' 'M' 'M'
 'M' 'M' 'M' 'M' 'M' 'M' 'A' 'M' 'U' 'M' 'M' 'M' 'M' 'U' 'M' 'U' 'M' 'M'
 'M' 'M' 'M' 'M' 'U' 'M' 'U' 'M' 'A' 'M' 'M' 'U' 'M' 'M' 'M' 'M' 'M' 'M'
 'U' 'M' 'M' 'M' 'U' 'M' 'M' 'M' 'M' 'M' 'M' 'M' 'M' 'M' 'M' 'U' 'M' 'U'
 'U' 'M' 'M' 'M' 'M' 'M' 'M' 'U' 'M' 'M' 'M' 'M' 'M' 'M' 'U' 'M' 'M' 'M'
 'M' 'M' 'M' 'M' 'M' 'M' 'M' 'M' 'M' 'M' 'M' 'M' 'U' 'M' 'M' 'U' 'M' 'U'
 'A' 'M' 'M' 'M' 'U' 'M' 'M' 'A' 'M' 'M' 'M' 'M' 'M' 'M' 'U' 'M' 'M' 'M'
 'M' 'M' 'M' 'M' 'U' 'M' 'M' 'M' 'M' 'M' 'M' 'U' 'U' 'U' 'M' 'M' 'M' 'M'
 'M' 'M' 'M' 'M' 'M' 'M' 'M' 'M' 'U' 'M' 'M' 'M' 'M' 'U' 'M' 'M' 'M' 'M'
 'U' 'M' 'M' 'M' 'M' 'M' 'U' 'M' 'M' 'M' 'M' 'M' 'M' 'M' 'M' 'M' 'M' 'M'
 'M' 'M' 'M' 'U' 'M' 'M' 'M' 'M' 'U' 'M' 'M' 'M' 'M' 'M' 'M' 'M' 'M' 'M']"
114101,0,166,5,161,32,0,0,"['A' 'M' 'M' 'M' 'M' 'M' 'M' 'M' 'U' 'U' 'M' 'M' 'M' 'M' 'M' 'M' 'M' 'M'
 'M' 'M' 'M' 'M' 'M' 'M' 'A' 'M' 'U' 'M' 'M' 'M' 'M' 'U' 'M' 'U' 'M' 'M'
 'M' 'M' 'M' 'M' 'U' 'M' 'M' 'M' 'A' 'M' 'M' 'U' 'M' 'M' 'M' 'M' 'M' 'M'
 'M' 'M' 'M' 'M' 'U' 'M' 'M' 'M' 'M' 'M' 'M' 'U' 'U' 'M' 'M' 'M' 'U' 'U'
 'M' 'M' 'M' 'M' 'M' 'M' 'M' 'M' 'M' 'M' 'U' 'M' 'M' 'M' 'M' 'M' 'M' 'M'
 'M' 'M' 'M' 'M' 'M' 'M' 'M' 'M' 'M' 'M' 'M' 'M' 'U' 'M' 'M' 'U' 'M' 'M'
 'A' 'M' 'M' 'M' 'U' 'U' 'M' 'A' 'M' 'M' 'M' 'M' 'M' 'M' 'U' 'M' 'M' 'M'
 'M' 'M' 'M' 'M' 'U' 'M' 'U' 'U' 'M' 'M' 'M' 'U' 'M' 'M' 'M' 'M' 'M' 'M'
 'M' 'M' 'M' 'M' 'M' 'M' 'M' 'M' 'U' 'M' 'M' 'M' 'M' 'U' 'M' 'U' 'M' 'M'
 'U' 'M' 'M' 'M' 'U' 'M' 'U' 'M' 'M' 'M' 'M' 'M' 'M' 'M' 'U' 'M' 'M' 'M'
 'M' 'M' 'M' 'U' 'M' 'M' 'M' 'M' 'U' 'M' 'M' 'M' 'M' 'M' 'U' 'M' 'M' 'M']"
114201,0,160,5,155,38,0,0,"['A' 'M' 'M' 'M' 'M' 'M' 'M' 'M' 'M' 'U' 'M' 'M' 'M' 'M' 'M' 'M' 'M' 'M'
 'M' 'M' 'M' 'M' 'U' 'M' 'A' 'M' 'U' 'M' 'M' 'M' 'M' 'M' 'M' 'U' 'M' 'M'
 'M' 'M' 'M' 'M' 'U' 'M' 'M' 'M' 'A' 'M' 'U' 'U' 'M' 'M' 'M' 'U' 'M' 'M'
 'M' 'M' 'M' 'M' 'U' 'M' 'M' 'M' 'U' 'M' 'M' 'M' 'U' 'M' 'M' 'M' 'M' 'M'
 'M' 'M' 'M' 'M' 'M' 'M' 'M' 'M' 'M' 'U' 'U' 'M' 'M' 'M' 'U' 'M' 'M' 'U'
 'M' 'M' 'M' 'M' 'M' 'M' 'M' 'M' 'M' 'M' 'M' 'M' 'U' 'M' 'M' 'U' 'M' 'M'
 'A' 'U' 'M' 'M' 'M' 'U' 'M' 'A' 'M' 'M' 'U' 'M' 'M' 'M' 'U' 'U' 'M' 'M'
 'M' 'M' 'M' 'M' 'U' 'M' 'U' 'U' 'M' 'M' 'M' 'U' 'M' 'M' 'M' 'M' 'M' 'M'
 'M' 'M' 'M' 'M' 'M' 'M' 'M' 'M' 'U' 'M' 'U' 'M' 'M' 'U' 'M' 'U' 'M' 'M'
 'M' 'U' 'M' 'M' 'U' 'M' 'U' 'M' 'M' 'M' 'M' 'M' 'M' 'M' 'U' 'U' 'M' 'M'
 'M' 'M' 'M' 'U' 'M' 'M' 'M' 'M' 'U' 'M' 'M' 'M' 'M' 'M' 'U' 'M' 'M' 'M']"
114301,0,161,4,157,37,0,0,"['A' 'M' 'M' 'M' 'M' 'M' 'M' 'M' 'M' 'U' 'M' 'M' 'M' 'U' 'M' 'M' 'M' 'M'
 'M' 'M' 'M' 'M' 'M' 'M' 'A' 'M' 'M' 'U' 'M' 'M' 'U' 'M' 'M' 'U' 'U' 'M'
 'M' 'M' 'M' 'M' 'U' 'M' 'M' 'M' 'A' 'M' 'U' 'M' 'M' 'M' 'M' 'U' 'M' 'M'
 'M' 'M' 'M' 'M' 'M' 'M' 'M' 'M' 'M' 'M' 'M' 'M' 'M' 'M' 'M' 'M' 'M' 'M'
 'M' 'M' 'M' 'M' 'M' 'M' 'M' 'M' 'M' 'M' 'M' 'U' 'U' 'U' 'M' 'U' 'U' 'M'
 'M' 'M' 'M' 'M' 'M' 'M' 'M' 'M' 'M' 'M' 'U' 'M' 'M' 'M' 'M' 'U' 'M' 'M'
 'U' 'M' 'U' 'M' 'M' 'U' 'M' 'A' 'M' 'M' 'U' 'M' 'U' 'M' 'M' 'U' 'M' 'M'
 'M' 'M' 'M' 'M' 'U' 'M' 'U' 'U' 'M' 'M' 'M' 'U' 'M' 'M' 'M' 'M' 'M' 'M'
 'M' 'M' 'M' 'M' 'M' 'M' 'M' 'M' 'U' 'M' 'U' 'U' 'M' 'U' 'M' 'M' 'M' 'M'
 'M' 'U' 'M' 'M' 'M' 'M' 'M' 'M' 'M' 'M' 'U' 'M' 'M' 'M' 'U' 'U' 'M' 'M'
 'M' 'M' 'M' 'U' 'M' 'M' 'M' 'M' 'U' 'M' 'M' 'M' 'M' 'M' 'M' 'M' 'U' 'M']"
114401,0,157,4,153,41,0,0,"['A' 'M' 'M' 'M' 'M' 'M' 'M' 'M' 'M' 'M' 'M' 'M' 'M' 'M' 'M' 'U' 'M' 'M'
 'M' 'M' 'M' 'M' 'M' 'M' 'A' 'U' 'M' 'U' 'M' 'M' 'M' 'M' 'M' 'U' 'U' 'M'
 'M' 'M' 'M' 'M' 'U' 'M' 'M' 'M' 'A' 'U' 'U' 'M' 'M' 'M' 'M' 'M' 'M' 'M'
 'M' 'M' 'M' 'M' 'M' 'M' 'U' 'M' 'M' 'M' 'M' 'M' 'M' 'M' 'U' 'U' 'M' 'M'
 'M' 'M' 'M' 'M' 'M' 'M' 'M' 'M' 'M' 'M' 'U' 'U' 'M' 'M' 'M' 'M' 'M' 'M'
 'U' 'M' 'M' 'M' 'M' 'M' 'M' 'M' 'M' 'M' 'U' 'M' 'M' 'M' 'M' 'M' 'M' 'M'
 'U' 'M' 'U' 'M' 'U' 'M' 'M' 'A' 'M' 'M' 'M' 'M' 'M' 'M' 'M' 'U' 'M' 'M'
 'M' 'M' 'M' 'M' 'U' 'U' 'U' 'U' 'U' 'U' 'U' 'U' 'U' 'M' 'M' 'M' 'M' 'U'
 'M' 'M' 'M' 'M' 'M' 'M' 'M' 'M' 'M' 'M' 'U' 'M' 'M' 'U' 'M' 'M' 'M' 'M'
 'M' 'U' 'M' 'M' 'M' 'M' 'M' 'M' 'M' 'M' 'U' 'M' 'M' 'M' 'U' 'U' 'M' 'M'
 'M' 'M' 'U' 'U' 'M' 'M' 'M' 'M' 'U' 'M' 'U' 'M' 'M' 'M' 'M' 'U' 'U' 'M']"
114501,0,162,3,159,36,0,0,"['A' 'M' 'M' 'M' 'M' 'M' 'M' 'M' 'M' 'M' 'M' 'M' 'M' 'M' 'M' 'U' 'M' 'M'
 'M' 'M' 'M' 'M' 'M' 'M' 'U' 'U' 'M' 'M' 'M' 'M' 'M' 'M' 'M' 'U' 'M' 'M'
 'M' 'M' 'M' 'M' 'M' 'M' 'M' 'M' 'A' 'U' 'U' 'M' 'M' 'M' 'M' 'M' 'M' 'M'
 'M' 'M' 'M' 'M' 'M' 'M' 'U' 'M' 'M' 'M' 'M' 'M' 'M' 'M' 'U' 'M' 'U' 'M'
 'M' 'M' 'M' 'U' 'M' 'M' 'M' 'M' 'M' 'M' 'M' 'M' 'M' 'U' 'M' 'M' 'M' 'M'
 'U' 'M' 'M' 'M' 'M' 'M' 'M' 'M' 'M' 'M' 'U' 'M' 'M' 'M' 'M' 'M' 'M' 'M'
 'U' 'M' 'U' 'M' 'M' 'M' 'M' 'A' 'M' 'M' 'M' 'M' 'M' 'M' 'U' 'M' 'M' 'M'
 'M' 'M' 'M' 'M' 'U' 'M' 'U' 'M' 'M' 'U' 'U' 'U' 'U' 'M' 'M' 'M' 'M' 'U'
 'M' 'M' 'M' 'M' 'M' 'M' 'M' 'M' 'M' 'M' 'U' 'U' 'M' 'M' 'U' 'M' 'M' 'M'
 'M' 'U' 'M' 'M' 'M' 'M' 'U' 'M' 'M' 'M' 'U' 'M' 'M' 'M' 'U' 'U' 'M' 'M'
 'M' 'M' 'U' 'U' 'M' 'M' 'M' 'M' 'U' 'M' 'U' 'M' 'M' 'M' 'M' 'U' 'M' 'M']"
114601,0,157,3,154,41,0,0,"['A' 'M' 'M' 'M' 'M' 'M' 'M' 'M' 'M' 'M' 'M' 'M' 'M' 'M' 'M' 'M' 'M' 'M'
 'M' 'M' 'M' 'M' 'M' 'M' 'U' 'U' 'M' 'M' 'M' 'M' 'U' 'M' 'M' 'U' 'M' 'M'
 'M' 'M' 'M' 'M' 'M' 'M' 'M' 'M' 'A' 'M' 'U' 'M' 'M' 'M' 'M' 'M' 'M' 'M'
 'M' 'M' 'M' 'M' 'M' 'M' 'U' 'M' 'M' 'M' 'M' 'M' 'M' 'M' 'M' 'M' 'M' 'M'
 'M' 'M' 'U' 'U' 'M' 'M' 'M' 'M' 'M' 'M' 'M' 'U' 'M' 'M' 'M' 'U' 'M' 'M'
 'M' 'M' 'M' 'U' 'M' 'M' 'M' 'M' 'M' 'M' 'U' 'M' 'M' 'M' 'M' 'M' 'M' 'M'
 'U' 'M' 'U' 'M' 'M' 'M' 'M' 'A' 'M' 'M' 'M' 'M' 'M' 'M' 'U' 'M' 'M' 'M'
 'M' 'M' 'M' 'M' 'U' 'M' 'U' 'U' 'U' 'U' 'U' 'U' 'U' 'M' 'M' 'U' 'M' 'U'
 'M' 'M' 'M' 'U' 'M' 'M' 'M' 'M' 'M' 'M' 'U' 'U' 'M' 'M' 'U' 'M' 'M' 'M'
 'M' 'U' 'M' 'M' 'M' 'U' 'U' 'M' 'M' 'M' 'M' 'M' 'M' 'U' 'U' 'U' 'U' 'M'
 'M' 'M' 'U' 'U' 'M' 'M' 'M' 'M' 'U' 'M' 'U' 'M' 'M' 'M' 'M' 'U' 'M' 'M']"
114701,0,159,2,157,39,0,0,"['A' 'M' 'M' 'M' 'M' 'M' 'M' 'M' 'M' 'M' 'M' 'M' 'M' 'M' 'M' 'M' 'M' 'M'
 'M' 'M' 'M' 'M' 'M' 'M' 'U' 'U' 'M' 'M' 'M' 'M' 'U' 'M' 'M' 'U' 'M' 'M'
 'M' 'M' 'M' 'M' 'M' 'M' 'U' 'M' 'A' 'M' 'U' 'M' 'M' 'M' 'M' 'M' 'M' 'M'
 'M' 'M' 'M' 'M' 'M' 'M' 'U' 'M' 'M' 'M' 'M' 'U' 'M' 'M' 'M' 'M' 'M' 'M'
 'M' 'M' 'M' 'M' 'M' 'U' 'M' 'M' 'M' 'U' 'M' 'M' 'U' 'M' 'U' 'M' 'M' 'M'
 'M' 'M' 'M' 'M' 'M' 'M' 'M' 'M' 'M' 'M' 'U' 'M' 'M' 'M' 'M' 'M' 'M' 'M'
 'M' 'M' 'U' 'M' 'M' 'M' 'M' 'U' 'M' 'M' 'M' 'M' 'M' 'M' 'U' 'M' 'M' 'M'
 'M' 'M' 'M' 'M' 'U' 'M' 'U' 'U' 'U' 'U' 'U' 'U' 'M' 'M' 'M' 'U' 'M' 'U'
 'M' 'M' 'M' 'U' 'M' 'M' 'M' 'M' 'M' 'M' 'U' 'U' 'M' 'M' 'U' 'M' 'M' 'M'
 'M' 'U' 'M' 'M' 'M' 'U' 'U' 'M' 'M' 'M' 'M' 'U' 'M' 'M' 'M' 'U' 'U' 'M'
 'M' 'M' 'U' 'U' 'M' 'M' 'M' 'M' 'U' 'M' 'M' 'M' 'M' 'M' 'M' 'U' 'M' 'M']"
114801,0,160,2,158,38,0,0,"['A' 'M' 'M' 'M' 'M' 'M' 'M' 'U' 'M' 'M' 'M' 'M' 'M' 'M' 'M' 'M' 'M' 'M'
 'M' 'M' 'M' 'M' 'M' 'M' 'U' 'M' 'M' 'M' 'M' 'U' 'U' 'M' 'M' 'U' 'M' 'M'
 'M' 'M' 'M' 'M' 'M' 'M' 'U' 'M' 'A' 'M' 'U' 'M' 'M' 'M' 'M' 'M' 'M' 'M'
 'M' 'M' 'M' 'M' 'M' 'M' 'U' 'M' 'M' 'M' 'M' 'M' 'M' 'U' 'M' 'M' 'U' 'M'
 'M' 'U' 'M' 'M' 'M' 'M' 'M' 'M' 'M' 'M' 'M' 'U' 'M' 'M' 'M' 'M' 'M' 'M'
 'M' 'M' 'M' 'M' 'U' 'M' 'M' 'M' 'M' 'M' 'U' 'M' 'M' 'M' 'M' 'M' 'M' 'U'
 'M' 'M' 'M' 'M' 'M' 'M' 'M' 'U' 'M' 'M' 'M' 'M' 'M' 'M' 'M' 'M' 'M' 'M'
 'M' 'M' 'M' 'M' 'U' 'M' 'M' 'U' 'U' 'U' 'U' 'U' 'M' 'M' 'M' 'U' 'M' 'U'
 'M' 'M' 'M' 'U' 'M' 'U' 'M' 'U' 'M' 'M' 'U' 'U' 'M' 'M' 'U' 'M' 'M' 'M'
 'M' 'U' 'M' 'M' 'M' 'U' 'M' 'M' 'M' 'M' 'M' 'U' 'M' 'M' 'M' 'M' 'M' 'M'
 'M' 'M' 'U' 'U' 'M' 'M' 'M' 'M' 'U' 'U' 'M' 'M' 'M' 'M' 'M' 'U' 'M' 'M']"
114901,0,163,2,161,35,0,0,"['A' 'M' 'M' 'M' 'M' 'M' 'M' 'U' 'M' 'M' 'M' 'M' 'M' 'M' 'M' 'M' 'M' 'M'
 'M' 'M' 'M' 'M' 'M' 'M' 'M' 'M' 'M' 'M' 'M' 'U' 'U' 'M' 'M' 'M' 'M' 'M'
 'M' 'M' 'M' 'M' 'M' 'M' 'U' 'M' 'A' 'M' 'U' 'M' 'M' 'M' 'M' 'M' 'M' 'M'
 'M' 'M' 'M' 'M' 'M' 'M' 'M' 'M' 'M' 'M' 'M' 'M' 'U' 'U' 'M' 'M' 'M' 'M'
 'U' 'M' 'M' 'M' 'M' 'M' 'M' 'M' 'M' 'M' 'M' 'U' 'M' 'M' 'M' 'M' 'M' 'U'
 'M' 'M' 'M' 'M' 'M' 'M' 'M' 'M' 'M' 'M' 'M' 'M' 'M' 'M' 'M' 'M' 'M' 'U'
 'M' 'M' 'M' 'M' 'M' 'M' 'M' 'M' 'M' 'M' 'M' 'M' 'M' 'M' 'U' 'M' 'M' 'M'
 'M' 'M' 'M' 'M' 'U' 'U' 'U' 'U' 'U' 'U' 'U' 'U' 'U' 'M' 'M' 'U' 'M' 'M'
 'M' 'M' 'M' 'M' 'M' 'U' 'M' 'U' 'M' 'U' 'U' 'M' 'M' 'M' 'U' 'M' 'M' 'M'
 'M' 'U' 'M' 'M' 'M' 'U' 'M' 'M' 'M' 'M' 'M' 'U' 'M' 'M' 'M' 'M' 'M' 'M'
 'M' 'M' 'U' 'U' 'M' 'M' 'M' 'M' 'U' 'U' 'M' 'M' 'M' 'M' 'M' 'U' 'M' 'M']"
115001,0,166,3,163,32,1,0,"['A' 'M' 'M' 'M' 'M' 'M' 'M' 'U' 'M' 'M' 'M' 'M' 'M' 'M' 'M' 'M' 'M' 'M'
 'M' 'M' 'M' 'M' 'M' 'M' 'M' 'M' 'U' 'M' 'M' 'M' 'U' 'M' 'M' 'M' 'M' 'M'
 'M' 'M' 'M' 'M' 'U' 'M' 'U' 'M' 'A' 'M' 'M' 'M' 'M' 'M' 'M' 'M' 'U' 'M'
 'M' 'M' 'M' 'M' 'M' 'M' 'M' 'M' 'M' 'M' 'M' 'M' 'M' 'M' 'M' 'M' 'M' 'M'
 'M' 'U' 'M' 'M' 'M' 'M' 'M' 'U' 'M' 'M' 'M' 'M' 'M' 'U' 'M' 'M' 'M' 'U'
 'M' 'M' 'M' 'U' 'M' 'M' 'M' 'M' 'M' 'M' 'M' 'M' 'M' 'A' 'M' 'M' 'M' 'U'
 'M' 'M' 'M' 'M' 'M' 'M' 'M' 'M' 'M' 'M' 'M' 'M' 'M' 'M' 'M' 'M' 'M' 'U'
 'M' 'M' 'M' 'M' 'U' 'U' 'U' 'U' 'U' 'M' 'U' 'U' 'U' 'M' 'M' 'U' 'M' 'M'
 'M' 'M' 'M' 'M' 'M' 'U' 'M' 'U' 'M' 'U' 'U' 'M' 'M' 'M' 'U' 'M' 'M' 'M'
 'M' 'U' 'M' 'M' 'M' 'M' 'M' 'M' 'M' 'M' 'M' 'M' 'M' 'M' 'M' 'M' 'M' 'M'
 'M' 'M' 'M' 'M' 'M' 'M' 'M' 'M' 'U' 'M' 'U' 'U' 'M' 'M' 'M' 'U' 'M' 'M']"
115101,1,166,3,163,32,0,0,"['A' 'M' 'M' 'M' 'M' 'M' 'M' 'M' 'M' 'M' 'M' 'U' 'M' 'M' 'U' 'M' 'M' 'M'
 'M' 'M' 'M' 'A' 'M' 'M' 'M' 'M' 'U' 'M' 'M' 'M' 'U' 'M' 'M' 'M' 'M' 'U'
 'M' 'M' 'M' 'M' 'U' 'M' 'U' 'M' 'A' 'M' 'M' 'M' 'M' 'M' 'M' 'M' 'U' 'M'
 'M' 'M' 'M' 'M' 'M' 'M' 'M' 'M' 'M' 'M' 'M' 'U' 'M' 'U' 'U' 'M' 'M' 'M'
 'U' 'M' 'M' 'M' 'M' 'M' 'M' 'M' 'M' 'M' 'M' 'M' 'M' 'U' 'M' 'M' 'M' 'M'
 'M' 'M' 'M' 'M' 'M' 'M' 'M' 'M' 'M' 'M' 'M' 'M' 'M' 'U' 'M' 'M' 'M' 'U'
 'M' 'M' 'M' 'M' 'M' 'M' 'M' 'M' 'M' 'M' 'M' 'M' 'M' 'M' 'M' 'M' 'M' 'U'
 'M' 'M' 'M' 'M' 'M' 'U' 'U' 'U' 'U' 'M' 'U' 'U' 'U' 'M' 'M' 'U' 'M' 'M'
 'M' 'M' 'M' 'M' 'M' 'U' 'M' 'M' 'M' 'M' 'M' 'M' 'M' 'M' 'M' 'M' 'M' 'M'
 'M' 'U' 'M' 'M' 'M' 'U' 'M' 'M' 'M' 'M' 'M' 'M' 'U' 'M' 'M' 'M' 'M' 'M'
 'M' 'U' 'M' 'M' 'M' 'M' 'M' 'M' 'U' 'M' 'M' 'U' 'M' 'M' 'M' 'U' 'M' 'M']"
115201,0,165,2,163,33,0,0,"['A' 'M' 'M' 'M' 'M' 'M' 'U' 'M' 'M' 'M' 'M' 'M' 'M' 'M' 'U' 'M' 'M' 'M'
 'U' 'M' 'M' 'A' 'M' 'M' 'M' 'M' 'M' 'M' 'M' 'M' 'U' 'M' 'M' 'M' 'M' 'U'
 'M' 'M' 'M' 'M' 'U' 'M' 'U' 'M' 'U' 'M' 'M' 'M' 'M' 'M' 'M' 'M' 'M' 'M'
 'M' 'M' 'M' 'M' 'M' 'M' 'M' 'M' 'M' 'M' 'M' 'M' 'U' 'U' 'M' 'U' 'U' 'M'
 'M' 'M' 'M' 'M' 'M' 'M' 'M' 'M' 'M' 'U' 'M' 'M' 'M' 'M' 'M' 'M' 'M' 'M'
 'M' 'M' 'M' 'M' 'M' 'M' 'M' 'M' 'M' 'M' 'M' 'M' 'M' 'U' 'M' 'M' 'M' 'U'
 'M' 'M' 'M' 'M' 'M' 'M' 'M' 'M' 'M' 'M' 'M' 'M' 'M' 'M' 'M' 'M' 'M' 'M'
 'M' 'M' 'M' 'M' 'M' 'U' 'U' 'U' 'U' 'U' 'U' 'U' 'U' 'M' 'M' 'M' 'M' 'U'
 'M' 'M' 'M' 'M' 'M' 'U' 'M' 'U' 'M' 'M' 'M' 'M' 'M' 'M' 'M' 'M' 'M' 'M'
 'M' 'M' 'M' 'M' 'M' 'U' 'M' 'M' 'M' 'M' 'M' 'M' 'U' 'M' 'M' 'M' 'M' 'M'
 'M' 'U' 'M' 'M' 'M' 'U' 'M' 'M' 'U' 'M' 'M' 'U' 'M' 'M' 'M' 'U' 'M' 'M']"
115301,0,158,2,156,40,0,0,"['A' 'M' 'M' 'U' 'M' 'M' 'U' 'U' 'M' 'M' 'M' 'M' 'M' 'M' 'U' 'M' 'M' 'M'
 'U' 'M' 'M' 'M' 'M' 'M' 'M' 'M' 'M' 'M' 'M' 'M' 'U' 'M' 'U' 'M' 'M' 'U'
 'M' 'M' 'M' 'U' 'M' 'M' 'U' 'M' 'U' 'M' 'M' 'M' 'M' 'M' 'M' 'M' 'U' 'M'
 'M' 'M' 'M' 'M' 'M' 'M' 'M' 'U' 'M' 'M' 'M' 'M' 'M' 'M' 'M' 'U' 'M' 'U'
 'M' 'M' 'U' 'M' 'M' 'M' 'M' 'U' 'M' 'M' 'M' 'M' 'M' 'M' 'M' 'M' 'M' 'M'
 'U' 'M' 'M' 'M' 'M' 'M' 'M' 'M' 'M' 'M' 'M' 'M' 'M' 'U' 'M' 'M' 'M' 'U'
 'M' 'M' 'M' 'M' 'M' 'U' 'M' 'M' 'M' 'M' 'M' 'M' 'M' 'M' 'M' 'M' 'M' 'M'
 'M' 'M' 'M' 'M' 'M' 'U' 'U' 'U' 'U' 'U' 'M' 'A' 'U' 'M' 'M' 'M' 'M' 'U'
 'M' 'M' 'M' 'M' 'M' 'U' 'U' 'U' 'M' 'M' 'M' 'M' 'M' 'M' 'M' 'M' 'M' 'M'
 'M' 'M' 'U' 'M' 'M' 'M' 'M' 'M' 'M' 'M' 'M' 'U' 'U' 'M' 'M' 'M' 'M' 'M'
 'U' 'U' 'M' 'U' 'M' 'U' 'M' 'M' 'U' 'M' 'M' 'M' 'M' 'M' 'M' 'U' 'M' 'M']"
115401,0,160,2,158,38,0,0,"['A' 'M' 'M' 'U' 'M' 'M' 'U' 'U' 'M' 'M' 'M' 'M' 'M' 'U' 'M' 'M' 'M' 'M'
 'M' 'M' 'M' 'M' 'M' 'M' 'M' 'M' 'M' 'M' 'M' 'U' 'U' 'M' 'M' 'M' 'M' 'U'
 'M' 'M' 'M' 'M' 'M' 'M' 'M' 'M' 'M' 'M' 'M' 'M' 'M' 'M' 'M' 'M' 'U' 'M'
 'M' 'M' 'M' 'M' 'M' 'M' 'M' 'U' 'M' 'M' 'M' 'M' 'M' 'M' 'M' 'M' 'U' 'M'
 'M' 'M' 'M' 'M' 'U' 'U' 'M' 'M' 'M' 'M' 'M' 'M' 'M' 'M' 'M' 'M' 'U' 'M'
 'M' 'M' 'M' 'M' 'U' 'M' 'M' 'M' 'M' 'M' 'U' 'M' 'M' 'U' 'M' 'M' 'M' 'M'
 'M' 'M' 'U' 'M' 'M' 'M' 'M' 'M' 'M' 'M' 'M' 'U' 'M' 'M' 'M' 'M' 'M' 'M'
 'M' 'M' 'M' 'M' 'M' 'U' 'U' 'U' 'U' 'U' 'U' 'A' 'U' 'M' 'M' 'M' 'M' 'U'
 'M' 'M' 'M' 'U' 'M' 'U' 'U' 'U' 'M' 'M' 'M' 'M' 'M' 'M' 'M' 'M' 'M' 'M'
 'M' 'M' 'U' 'M' 'M' 'M' 'M' 'M' 'M' 'M' 'M' 'U' 'U' 'M' 'M' 'M' 'M' 'M'
 'U' 'U' 'M' 'M' 'U' 'U' 'M' 'M' 'M' 'M' 'M' 'M' 'M' 'M' 'M' 'U' 'M' 'M']"
115501,0,166,2,164,32,0,1,"['A' 'M' 'M' 'M' 'M' 'M' 'U' 'M' 'M' 'M' 'M' 'M' 'M' 'M' 'M' 'M' 'M' 'M'
 'M' 'M' 'M' 'M' 'M' 'M' 'M' 'M' 'M' 'M' 'M' 'M' 'U' 'M' 'M' 'M' 'M' 'U'
 'M' 'M' 'M' 'M' 'M' 'M' 'M' 'M' 'M' 'M' 'M' 'M' 'M' 'M' 'M' 'M' 'U' 'M'
 'M' 'M' 'M' 'M' 'M' 'U' 'U' 'M' 'M' 'M' 'M' 'M' 'M' 'M' 'M' 'M' 'M' 'M'
 'M' 'U' 'M' 'M' 'U' 'M' 'U' 'M' 'M' 'M' 'U' 'M' 'M' 'M' 'M' 'M' 'U' 'M'
 'M' 'M' 'M' 'M' 'M' 'M' 'M' 'U' 'M' 'M' 'M' 'M' 'M' 'U' 'M' 'U' 'M' 'M'
 'M' 'M' 'M' 'M' 'M' 'M' 'M' 'M' 'M' 'M' 'M' 'U' 'M' 'M' 'M' 'M' 'M' 'M'
 'M' 'M' 'M' 'M' 'M' 'U' 'M' 'U' 'U' 'M' 'U' 'A' 'U' 'M' 'M' 'M' 'M' 'U'
 'U' 'U' 'M' 'U' 'M' 'U' 'M' 'U' 'M' 'M' 'M' 'M' 'M' 'M' 'M' 'M' 'M' 'M'
 'M' 'M' 'U' 'M' 'M' 'M' 'M' 'M' 'M' 'M' 'M' 'M' 'U' 'M' 'M' 'M' 'M' 'M'
 'M' 'U' 'M' 'M' 'M' 'U' 'M' 'M' 'M' 'M' 'M' 'M' 'M' 'M' 'M' 'U' 'U' 'M']"
115601,0,168,5,163,30,0,0,"['A' 'M' 'M' 'M' 'M' 'M' 'U' 'M' 'M' 'M' 'M' 'U' 'M' 'M' 'M' 'M' 'M' 'M'
 'U' 'M' 'M' 'M' 'M' 'M' 'M' 'M' 'M' 'M' 'M' 'M' 'A' 'M' 'M' 'M' 'M' 'U'
 'M' 'M' 'M' 'M' 'M' 'M' 'M' 'M' 'M' 'M' 'M' 'M' 'M' 'M' 'M' 'M' 'U' 'M'
 'M' 'M' 'M' 'M' 'M' 'U' 'M' 'M' 'M' 'M' 'M' 'M' 'M' 'U' 'M' 'U' 'M' 'M'
 'M' 'M' 'M' 'M' 'M' 'U' 'U' 'M' 'M' 'M' 'M' 'M' 'M' 'M' 'M' 'M' 'M' 'M'
 'M' 'M' 'M' 'U' 'M' 'M' 'M' 'U' 'M' 'M' 'M' 'M' 'M' 'U' 'M' 'A' 'M' 'M'
 'M' 'M' 'M' 'M' 'M' 'M' 'M' 'M' 'M' 'M' 'M' 'U' 'M' 'M' 'M' 'M' 'M' 'M'
 'M' 'M' 'M' 'M' 'M' 'U' 'M' 'U' 'M' 'M' 'U' 'A' 'U' 'U' 'M' 'M' 'M' 'U'
 'M' 'U' 'M' 'U' 'M' 'U' 'M' 'A' 'M' 'U' 'M' 'M' 'M' 'M' 'M' 'M' 'M' 'M'
 'M' 'M' 'U' 'M' 'M' 'M' 'M' 'M' 'M' 'M' 'M' 'M' 'U' 'M' 'M' 'M' 'M' 'M'
 'M' 'U' 'M' 'M' 'M' 'U' 'M' 'M' 'M' 'M' 'M' 'M' 'M' 'M' 'M' 'U' 'U' 'M']"
115701,0,167,6,161,31,0,0,"['A' 'U' 'M' 'M' 'M' 'M' 'U' 'M' 'M' 'M' 'M' 'U' 'M' 'M' 'M' 'M' 'M' 'M'
 'U' 'M' 'M' 'M' 'M' 'M' 'M' 'M' 'M' 'M' 'M' 'M' 'A' 'M' 'M' 'M' 'M' 'U'
 'M' 'M' 'M' 'M' 'M' 'M' 'M' 'M' 'M' 'M' 'M' 'M' 'M' 'M' 'M' 'M' 'A' 'M'
 'M' 'M' 'M' 'M' 'M' 'U' 'M' 'M' 'M' 'M' 'M' 'M' 'M' 'M' 'M' 'M' 'M' 'U'
 'M' 'M' 'M' 'U' 'U' 'M' 'M' 'M' 'M' 'M' 'M' 'M' 'M' 'U' 'U' 'M' 'M' 'M'
 'M' 'M' 'M' 'M' 'M' 'M' 'M' 'U' 'M' 'M' 'M' 'M' 'M' 'U' 'U' 'A' 'M' 'M'
 'M' 'M' 'M' 'M' 'M' 'M' 'M' 'M' 'M' 'M' 'M' 'U' 'M' 'M' 'M' 'M' 'M' 'M'
 'M' 'M' 'M' 'M' 'M' 'U' 'M' 'U' 'M' 'U' 'U' 'U' 'M' 'U' 'M' 'M' 'M' 'A'
 'M' 'U' 'M' 'U' 'M' 'U' 'M' 'A' 'M' 'U' 'M' 'M' 'M' 'M' 'M' 'M' 'M' 'M'
 'M' 'M' 'U' 'M' 'U' 'M' 'M' 'M' 'M' 'M' 'M' 'M' 'U' 'M' 'M' 'M' 'M' 'M'
 'M' 'M' 'M' 'M' 'M' 'U' 'M' 'M' 'M' 'M' 'M' 'M' 'M' 'M' 'M' 'U' 'U' 'M']"
115801,0,166,4,162,32,0,0,"['A' 'U' 'M' 'M' 'M' 'M' 'U' 'M' 'U' 'M' 'M' 'U' 'M' 'M' 'M' 'M' 'M' 'M'
 'M' 'U' 'M' 'M' 'M' 'M' 'M' 'M' 'M' 'M' 'M' 'M' 'M' 'M' 'M' 'M' 'M' 'U'
 'M' 'M' 'U' 'M' 'M' 'M' 'M' 'M' 'M' 'M' 'M' 'M' 'M' 'M' 'M' 'M' 'A' 'M'
 'M' 'M' 'M' 'M' 'M' 'U' 'M' 'M' 'M' 'M' 'M' 'M' 'M' 'M' 'M' 'M' 'M' 'U'
 'U' 'M' 'M' 'M' 'M' 'M' 'M' 'M' 'U' 'M' 'M' 'M' 'U' 'M' 'M' 'U' 'M' 'M'
 'M' 'M' 'M' 'M' 'M' 'M' 'M' 'U' 'M' 'M' 'M' 'M' 'M' 'U' 'U' 'A' 'M' 'M'
 'M' 'M' 'M' 'M' 'M' 'M' 'M' 'M' 'U' 'M' 'M' 'U' 'M' 'M' 'M' 'M' 'M' 'M'
 'M' 'M' 'M' 'M' 'M' 'M' 'M' 'U' 'M' 'U' 'U' 'M' 'M' 'M' 'M' 'M' 'M' 'U'
 'M' 'U' 'M' 'U' 'M' 'U' 'M' 'A' 'M' 'U' 'M' 'M' 'M' 'M' 'M' 'M' 'M' 'M'
 'M' 'M' 'U' 'M' 'U' 'M' 'M' 'M' 'M' 'M' 'M' 'M' 'U' 'M' 'M' 'M' 'M' 'M'
 'M' 'M' 'M' 'M' 'U' 'U' 'M' 'M' 'M' 'M' 'M' 'M' 'M' 'M' 'M' 'M' 'U' 'M']"
115901,0,161,4,157,37,0,0,"['A' 'U' 'U' 'M' 'M' 'M' 'U' 'M' 'U' 'M' 'M' 'U' 'M' 'M' 'M' 'M' 'M' 'M'
 'U' 'U' 'M' 'M' 'M' 'M' 'M' 'M' 'M' 'M' 'M' 'M' 'M' 'M' 'M' 'M' 'M' 'U'
 'M' 'M' 'U' 'M' 'M' 'M' 'U' 'M' 'M' 'M' 'M' 'M' 'M' 'M' 'M' 'M' 'A' 'M'
 'M' 'M' 'M' 'M' 'M' 'U' 'M' 'M' 'M' 'U' 'M' 'M' 'M' 'M' 'U' 'M' 'U' 'M'
 'U' 'M' 'M' 'M' 'M' 'M' 'U' 'M' 'M' 'M' 'M' 'M' 'M' 'M' 'U' 'M' 'M' 'M'
 'M' 'M' 'M' 'M' 'M' 'M' 'M' 'U' 'M' 'M' 'M' 'M' 'M' 'U' 'M' 'A' 'M' 'M'
 'M' 'M' 'M' 'M' 'M' 'M' 'M' 'M' 'U' 'M' 'M' 'U' 'M' 'M' 'M' 'M' 'M' 'M'
 'M' 'M' 'M' 'M' 'M' 'M' 'M' 'U' 'U' 'U' 'M' 'U' 'U' 'M' 'M' 'M' 'M' 'U'
 'M' 'U' 'M' 'U' 'M' 'U' 'M' 'A' 'M' 'M' 'U' 'M' 'M' 'M' 'M' 'M' 'M' 'M'
 'M' 'M' 'U' 'M' 'U' 'M' 'M' 'M' 'M' 'M' 'M' 'M' 'U' 'M' 'M' 'M' 'M' 'M'
 'M' 'M' 'M' 'M' 'U' 'U' 'M' 'M' 'M' 'M' 'M' 'M' 'M' 'M' 'M' 'M' 'U' 'M']"
116001,0,161,5,156,37,0,0,"['A' 'M' 'U' 'M' 'M' 'M' 'M' 'M' 'U' 'M' 'M' 'U' 'M' 'M' 'M' 'M' 'M' 'M'
 'U' 'U' 'M' 'M' 'M' 'M' 'M' 'M' 'M' 'U' 'M' 'M' 'M' 'M' 'M' 'M' 'M' 'M'
 'M' 'M' 'U' 'M' 'M' 'M' 'U' 'M' 'M' 'M' 'M' 'M' 'M' 'M' 'U' 'M' 'A' 'U'
 'M' 'M' 'M' 'M' 'M' 'U' 'M' 'M' 'M' 'U' 'M' 'M' 'M' 'M' 'M' 'M' 'U' 'M'
 'M' 'M' 'M' 'M' 'U' 'U' 'M' 'M' 'M' 'M' 'M' 'M' 'M' 'M' 'M' 'M' 'M' 'M'
 'U' 'M' 'M' 'M' 'U' 'M' 'M' 'U' 'M' 'M' 'M' 'M' 'M' 'U' 'M' 'A' 'M' 'M'
 'M' 'M' 'M' 'M' 'M' 'M' 'M' 'M' 'U' 'M' 'M' 'M' 'M' 'M' 'M' 'M' 'M' 'M'
 'M' 'M' 'M' 'M' 'M' 'M' 'M' 'U' 'U' 'U' 'M' 'U' 'M' 'M' 'M' 'M' 'M' 'U'
 'M' 'U' 'M' 'U' 'M' 'U' 'U' 'A' 'M' 'M' 'U' 'M' 'M' 'M' 'U' 'M' 'U' 'M'
 'M' 'M' 'U' 'M' 'U' 'M' 'M' 'M' 'M' 'M' 'M' 'M' 'A' 'M' 'M' 'M' 'M' 'M'
 'M' 'M' 'M' 'M' 'U' 'U' 'M' 'M' 'M' 'M' 'M' 'M' 'M' 'M' 'M' 'M' 'U' 'M']"
116101,0,156,6,150,42,0,0,"['A' 'M' 'U' 'M' 'M' 'M' 'M' 'M' 'U' 'M' 'M' 'M' 'U' 'M' 'M' 'M' 'M' 'M'
 'M' 'U' 'M' 'M' 'M' 'M' 'M' 'M' 'M' 'U' 'M' 'M' 'M' 'M' 'M' 'M' 'M' 'M'
 'M' 'M' 'U' 'M' 'M' 'M' 'M' 'M' 'U' 'U' 'M' 'M' 'M' 'M' 'U' 'M' 'A' 'M'
 'M' 'M' 'M' 'M' 'M' 'U' 'M' 'M' 'M' 'U' 'M' 'M' 'U' 'M' 'M' 'M' 'M' 'M'
 'M' 'M' 'M' 'M' 'M' 'U' 'M' 'U' 'M' 'M' 'M' 'M' 'M' 'M' 'U' 'M' 'M' 'M'
 'M' 'M' 'U' 'M' 'M' 'M' 'M' 'U' 'M' 'M' 'M' 'M' 'M' 'U' 'M' 'A' 'M' 'M'
 'M' 'M' 'M' 'U' 'M' 'M' 'M' 'U' 'U' 'M' 'M' 'M' 'M' 'U' 'M' 'M' 'M' 'M'
 'M' 'M' 'U' 'M' 'M' 'M' 'M' 'U' 'M' 'U' 'U' 'M' 'M' 'M' 'M' 'M' 'M' 'M'
 'U' 'U' 'M' 'U' 'M' 'U' 'U' 'A' 'U' 'M' 'U' 'M' 'M' 'M' 'U' 'M' 'U' 'M'
 'M' 'M' 'A' 'M' 'U' 'M' 'M' 'M' 'M' 'M' 'M' 'M' 'A' 'M' 'M' 'U' 'M' 'M'
 'M' 'M' 'M' 'M' 'U' 'U' 'M' 'M' 'U' 'M' 'M' 'M' 'M' 'M' 'U' 'M' 'U' 'M']"
116201,0,157,7,150,41,0,0,"['A' 'M' 'M' 'M' 'M' 'M' 'M' 'M' 'U' 'M' 'M' 'U' 'M' 'M' 'M' 'M' 'M' 'M'
 'M' 'U' 'M' 'M' 'M' 'M' 'M' 'M' 'M' 'U' 'M' 'M' 'M' 'M' 'M' 'M' 'M' 'M'
 'M' 'M' 'M' 'M' 'M' 'M' 'M' 'M' 'U' 'U' 'M' 'M' 'M' 'M' 'M' 'M' 'A' 'M'
 'M' 'M' 'M' 'M' 'M' 'M' 'M' 'M' 'M' 'U' 'U' 'M' 'M' 'M' 'M' 'M' 'M' 'M'
 'M' 'M' 'M' 'U' 'M' 'M' 'M' 'U' 'M' 'U' 'M' 'U' 'M' 'M' 'M' 'M' 'M' 'M'
 'M' 'M' 'U' 'M' 'M' 'M' 'M' 'U' 'M' 'M' 'M' 'M' 'M' 'U' 'U' 'A' 'M' 'M'
 'U' 'U' 'M' 'U' 'M' 'M' 'M' 'U' 'U' 'M' 'M' 'M' 'M' 'M' 'M' 'M' 'M' 'M'
 'M' 'M' 'U' 'M' 'M' 'M' 'A' 'M' 'U' 'M' 'U' 'U' 'M' 'M' 'M' 'M' 'M' 'M'
 'U' 'U' 'M' 'U' 'M' 'M' 'M' 'A' 'U' 'M' 'U' 'M' 'M' 'M' 'U' 'U' 'U' 'M'
 'M' 'M' 'A' 'M' 'U' 'M' 'M' 'U' 'M' 'M' 'M' 'M' 'A' 'M' 'M' 'U' 'U' 'M'
 'M' 'M' 'M' 'M' 'M' 'U' 'U' 'M' 'M' 'M' 'M' 'M' 'M' 'M' 'U' 'M' 'U' 'M']"
116301,0,156,5,151,42,0,0,"['A' 'M' 'M' 'M' 'M' 'M' 'M' 'M' 'U' 'M' 'M' 'U' 'M' 'M' 'M' 'M' 'M' 'M'
 'M' 'U' 'M' 'M' 'M' 'M' 'M' 'M' 'M' 'U' 'M' 'M' 'M' 'M' 'M' 'M' 'M' 'U'
 'M' 'M' 'M' 'M' 'M' 'M' 'U' 'M' 'U' 'U' 'M' 'M' 'M' 'M' 'M' 'M' 'A' 'U'
 'U' 'M' 'M' 'M' 'M' 'M' 'M' 'M' 'M' 'U' 'U' 'M' 'M' 'M' 'M' 'U' 'M' 'M'
 'M' 'M' 'M' 'M' 'M' 'U' 'M' 'M' 'M' 'M' 'U' 'M' 'M' 'M' 'U' 'M' 'M' 'M'
 'M' 'M' 'M' 'U' 'M' 'M' 'M' 'M' 'M' 'M' 'M' 'M' 'M' 'M' 'U' 'M' 'M' 'M'
 'M' 'U' 'M' 'U' 'M' 'M' 'M' 'U' 'M' 'M' 'M' 'M' 'M' 'M' 'M' 'U' 'M' 'M'
 'M' 'M' 'M' 'M' 'M' 'M' 'A' 'M' 'M' 'U' 'U' 'U' 'M' 'U' 'M' 'M' 'M' 'M'
 'U' 'U' 'M' 'U' 'M' 'M' 'M' 'A' 'U' 'M' 'U' 'M' 'M' 'M' 'U' 'U' 'U' 'M'
 'M' 'M' 'A' 'U' 'U' 'M' 'M' 'U' 'M' 'M' 'M' 'M' 'U' 'M' 'M' 'U' 'M' 'M'
 'M' 'M' 'M' 'M' 'M' 'U' 'M' 'M' 'M' 'M' 'M' 'M' 'M' 'M' 'U' 'M' 'U' 'M']"
116401,0,153,5,148,45,0,0,"['A' 'M' 'M' 'M' 'M' 'M' 'U' 'M' 'U' 'M' 'M' 'U' 'M' 'M' 'M' 'M' 'M' 'M'
 'M' 'U' 'M' 'M' 'M' 'M' 'M' 'M' 'M' 'U' 'M' 'M' 'M' 'M' 'M' 'M' 'U' 'U'
 'M' 'M' 'M' 'M' 'M' 'M' 'U' 'M' 'U' 'M' 'M' 'M' 'M' 'M' 'M' 'M' 'A' 'M'
 'U' 'M' 'M' 'M' 'M' 'M' 'U' 'M' 'M' 'U' 'U' 'M' 'M' 'M' 'M' 'M' 'M' 'U'
 'M' 'M' 'M' 'M' 'U' 'U' 'M' 'M' 'M' 'U' 'M' 'M' 'M' 'M' 'M' 'M' 'M' 'M'
 'M' 'M' 'U' 'M' 'M' 'M' 'M' 'M' 'M' 'M' 'M' 'M' 'M' 'M' 'U' 'M' 'M' 'M'
 'M' 'U' 'M' 'U' 'U' 'M' 'M' 'M' 'M' 'M' 'M' 'M' 'M' 'U' 'M' 'U' 'M' 'M'
 'M' 'M' 'M' 'M' 'U' 'M' 'A' 'M' 'M' 'U' 'U' 'U' 'M' 'U' 'M' 'M' 'M' 'M'
 'M' 'U' 'M' 'U' 'M' 'M' 'M' 'A' 'U' 'M' 'U' 'M' 'M' 'M' 'U' 'U' 'M' 'M'
 'U' 'M' 'A' 'U' 'U' 'M' 'M' 'U' 'M' 'M' 'M' 'M' 'U' 'M' 'M' 'U' 'M' 'M'
 'M' 'U' 'M' 'M' 'M' 'U' 'M' 'M' 'M' 'M' 'M' 'M' 'M' 'M' 'U' 'M' 'U' 'M']"
116501,0,155,5,150,43,0,1,"['A' 'M' 'M' 'M' 'M' 'M' 'U' 'M' 'U' 'M' 'U' 'U' 'M' 'U' 'M' 'M' 'M' 'M'
 'M' 'U' 'M' 'M' 'M' 'M' 'M' 'M' 'M' 'U' 'M' 'M' 'M' 'M' 'M' 'M' 'A' 'U'
 'U' 'M' 'M' 'M' 'M' 'M' 'M' 'M' 'U' 'U' 'M' 'M' 'M' 'M' 'M' 'M' 'U' 'M'
 'A' 'M' 'M' 'M' 'M' 'M' 'M' 'M' 'M' 'U' 'U' 'M' 'M' 'M' 'M' 'M' 'M' 'M'
 'M' 'M' 'M' 'M' 'M' 'M' 'M' 'U' 'M' 'M' 'M' 'M' 'M' 'M' 'U' 'M' 'U' 'U'
 'M' 'M' 'M' 'M' 'U' 'M' 'M' 'M' 'M' 'M' 'M' 'U' 'M' 'M' 'M' 'M' 'M' 'M'
 'M' 'U' 'M' 'U' 'U' 'M' 'M' 'M' 'M' 'U' 'M' 'M' 'M' 'M' 'M' 'U' 'M' 'M'
 'M' 'M' 'M' 'M' 'M' 'M' 'A' 'M' 'M' 'U' 'U' 'U' 'M' 'U' 'M' 'M' 'M' 'M'
 'M' 'U' 'M' 'U' 'M' 'M' 'M' 'A' 'U' 'M' 'U' 'M' 'M' 'M' 'M' 'U' 'M' 'M'
 'M' 'M' 'U' 'U' 'U' 'M' 'U' 'U' 'M' 'M' 'M' 'M' 'M' 'M' 'M' 'M' 'M' 'M'
 'M' 'U' 'M' 'M' 'M' 'U' 'M' 'M' 'M' 'M' 'M' 'M' 'M' 'M' 'U' 'M' 'U' 'M']"
116601,0,162,6,156,36,0,0,"['A' 'M' 'M' 'M' 'M' 'M' 'M' 'M' 'U' 'M' 'U' 'U' 'M' 'U' 'M' 'M' 'M' 'M'
 'M' 'U' 'M' 'M' 'M' 'M' 'M' 'M' 'M' 'M' 'M' 'M' 'M' 'M' 'M' 'M' 'A' 'U'
 'U' 'M' 'M' 'M' 'M' 'M' 'M' 'M' 'A' 'M' 'M' 'M' 'M' 'M' 'M' 'M' 'M' 'U'
 'A' 'M' 'M' 'M' 'M' 'M' 'M' 'M' 'M' 'U' 'U' 'M' 'M' 'M' 'M' 'M' 'M' 'U'
 'M' 'M' 'M' 'M' 'U' 'M' 'M' 'U' 'M' 'M' 'M' 'U' 'M' 'M' 'M' 'U' 'M' 'M'
 'M' 'M' 'M' 'M' 'M' 'M' 'M' 'M' 'M' 'M' 'M' 'U' 'M' 'M' 'M' 'M' 'M' 'M'
 'M' 'U' 'M' 'U' 'U' 'M' 'M' 'M' 'M' 'U' 'M' 'M' 'U' 'M' 'U' 'U' 'M' 'M'
 'M' 'M' 'M' 'M' 'M' 'M' 'A' 'M' 'M' 'U' 'U' 'U' 'M' 'M' 'M' 'M' 'M' 'M'
 'M' 'U' 'M' 'M' 'M' 'M' 'M' 'A' 'U' 'M' 'U' 'M' 'M' 'M' 'M' 'U' 'M' 'M'
 'M' 'M' 'M' 'U' 'M' 'M' 'U' 'U' 'M' 'M' 'M' 'M' 'M' 'M' 'M' 'M' 'M' 'M'
 'M' 'U' 'M' 'M' 'M' 'U' 'M' 'M' 'M' 'M' 'M' 'M' 'M' 'M' 'M' 'M' 'U' 'M']"
116701,0,170,7,163,28,0,0,"['A' 'M' 'M' 'M' 'M' 'M' 'M' 'M' 'M' 'U' 'M' 'A' 'M' 'U' 'M' 'M' 'M' 'M'
 'M' 'U' 'M' 'M' 'M' 'M' 'M' 'M' 'M' 'M' 'M' 'M' 'M' 'M' 'M' 'M' 'U' 'U'
 'U' 'M' 'M' 'M' 'M' 'M' 'M' 'M' 'A' 'M' 'M' 'M' 'M' 'M' 'U' 'M' 'M' 'M'
 'A' 'M' 'M' 'M' 'M' 'M' 'M' 'M' 'M' 'U' 'U' 'M' 'M' 'M' 'M' 'M' 'M' 'M'
 'M' 'M' 'U' 'M' 'U' 'M' 'M' 'M' 'M' 'M' 'U' 'M' 'U' 'M' 'M' 'U' 'M' 'M'
 'M' 'M' 'M' 'M' 'M' 'M' 'U' 'M' 'M' 'M' 'M' 'M' 'M' 'M' 'M' 'M' 'M' 'M'
 'M' 'A' 'M' 'M' 'M' 'M' 'U' 'M' 'M' 'U' 'M' 'M' 'U' 'M' 'U' 'M' 'M' 'M'
 'M' 'M' 'M' 'U' 'M' 'M' 'A' 'M' 'M' 'M' 'U' 'M' 'M' 'M' 'M' 'M' 'M' 'M'
 'M' 'U' 'M' 'M' 'M' 'M' 'M' 'A' 'U' 'M' 'M' 'M' 'M' 'M' 'M' 'U' 'M' 'M'
 'M' 'M' 'M' 'M' 'M' 'M' 'M' 'U' 'M' 'M' 'M' 'M' 'U' 'M' 'M' 'M' 'M' 'M'
 'M' 'U' 'M' 'M' 'M' 'M' 'M' 'M' 'M' 'M' 'M' 'M' 'M' 'M' 'M' 'M' 'U' 'M']"
116801,0,169,7,162,29,0,0,"['A' 'M' 'M' 'M' 'M' 'M' 'M' 'M' 'M' 'M' 'M' 'A' 'M' 'U' 'M' 'M' 'M' 'M'
 'M' 'U' 'M' 'M' 'M' 'M' 'M' 'M' 'M' 'M' 'M' 'M' 'M' 'M' 'M' 'M' 'U' 'M'
 'U' 'M' 'M' 'M' 'M' 'M' 'M' 'M' 'A' 'M' 'M' 'M' 'U' 'M' 'M' 'M' 'M' 'M'
 'A' 'M' 'M' 'M' 'U' 'M' 'M' 'M' 'M' 'M' 'U' 'M' 'M' 'U' 'M' 'M' 'M' 'M'
 'M' 'M' 'M' 'U' 'U' 'M' 'M' 'M' 'M' 'M' 'M' 'M' 'M' 'M' 'U' 'M' 'M' 'M'
 'M' 'U' 'M' 'M' 'M' 'M' 'U' 'M' 'M' 'M' 'M' 'M' 'M' 'M' 'M' 'M' 'M' 'M'
 'M' 'A' 'M' 'M' 'M' 'M' 'U' 'M' 'M' 'U' 'M' 'M' 'U' 'M' 'M' 'U' 'M' 'M'
 'M' 'M' 'M' 'U' 'M' 'U' 'A' 'M' 'M' 'M' 'U' 'M' 'M' 'M' 'M' 'M' 'M' 'M'
 'M' 'U' 'M' 'M' 'M' 'M' 'M' 'A' 'U' 'M' 'M' 'M' 'M' 'M' 'M' 'U' 'M' 'M'
 'M' 'M' 'M' 'M' 'M' 'M' 'M' 'U' 'M' 'M' 'M' 'M' 'U' 'M' 'M' 'M' 'M' 'M'
 'M' 'U' 'M' 'M' 'M' 'U' 'M' 'M' 'M' 'U' 'M' 'M' 'M' 'M' 'M' 'M' 'U' 'M']"
116901,0,165,7,158,33,0,0,"['A' 'M' 'M' 'M' 'M' 'M' 'M' 'M' 'M' 'M' 'M' 'A' 'M' 'U' 'M' 'M' 'M' 'M'
 'M' 'U' 'M' 'M' 'M' 'M' 'M' 'U' 'M' 'M' 'M' 'M' 'M' 'M' 'M' 'M' 'U' 'M'
 'U' 'M' 'U' 'M' 'M' 'M' 'M' 'M' 'A' 'M' 'M' 'M' 'U' 'M' 'M' 'M' 'M' 'M'
 'A' 'M' 'M' 'M' 'U' 'M' 'M' 'M' 'M' 'M' 'U' 'M' 'M' 'U' 'U' 'M' 'U' 'M'
 'M' 'M' 'M' 'M' 'M' 'M' 'U' 'M' 'M' 'M' 'M' 'M' 'M' 'M' 'M' 'M' 'M' 'U'
 'M' 'M' 'M' 'M' 'M' 'M' 'U' 'M' 'M' 'M' 'M' 'M' 'M' 'M' 'M' 'M' 'M' 'M'
 'M' 'A' 'M' 'M' 'M' 'M' 'U' 'M' 'M' 'U' 'M' 'M' 'U' 'M' 'M' 'U' 'M' 'M'
 'U' 'M' 'M' 'M' 'M' 'A' 'U' 'M' 'M' 'M' 'U' 'M' 'M' 'M' 'U' 'M' 'M' 'M'
 'M' 'U' 'M' 'M' 'M' 'M' 'M' 'A' 'U' 'U' 'M' 'M' 'U' 'M' 'M' 'U' 'M' 'M'
 'M' 'M' 'M' 'M' 'M' 'M' 'M' 'U' 'M' 'M' 'M' 'M' 'M' 'M' 'M' 'M' 'M' 'M'
 'M' 'U' 'M' 'M' 'M' 'U' 'M' 'M' 'M' 'U' 'M' 'M' 'M' 'M' 'M' 'M' 'U' 'M']"
117001,0,163,3,160,35,0,0,"['A' 'M' 'M' 'M' 'M' 'M' 'M' 'M' 'U' 'M' 'M' 'U' 'M' 'M' 'M' 'M' 'M' 'M'
 'M' 'U' 'M' 'M' 'M' 'U' 'M' 'U' 'M' 'M' 'M' 'M' 'M' 'U' 'M' 'M' 'M' 'M'
 'U' 'M' 'M' 'M' 'M' 'M' 'U' 'M' 'A' 'M' 'M' 'M' 'U' 'M' 'M' 'M' 'M' 'M'
 'U' 'M' 'M' 'M' 'M' 'M' 'M' 'M' 'M' 'M' 'U' 'M' 'U' 'M' 'M' 'M' 'M' 'M'
 'U' 'M' 'U' 'U' 'M' 'M' 'M' 'M' 'M' 'M' 'M' 'M' 'M' 'M' 'M' 'M' 'M' 'U'
 'M' 'M' 'M' 'M' 'M' 'M' 'U' 'M' 'M' 'M' 'U' 'M' 'M' 'M' 'M' 'M' 'M' 'M'
 'M' 'M' 'M' 'M' 'M' 'M' 'M' 'M' 'M' 'U' 'M' 'U' 'U' 'M' 'M' 'U' 'M' 'M'
 'U' 'M' 'M' 'M' 'M' 'A' 'M' 'M' 'M' 'M' 'M' 'M' 'M' 'M' 'M' 'M' 'M' 'M'
 'U' 'U' 'M' 'M' 'M' 'M' 'M' 'U' 'U' 'U' 'M' 'M' 'M' 'M' 'M' 'U' 'M' 'M'
 'M' 'M' 'M' 'M' 'M' 'M' 'M' 'M' 'M' 'M' 'M' 'M' 'M' 'M' 'M' 'M' 'M' 'M'
 'M' 'U' 'M' 'M' 'M' 'U' 'U' 'U' 'M' 'U' 'M' 'M' 'M' 'M' 'M' 'M' 'U' 'M']"
117101,0,167,4,163,31,0,0,"['A' 'M' 'M' 'M' 'M' 'M' 'M' 'M' 'U' 'M' 'M' 'M' 'M' 'M' 'M' 'M' 'M' 'M'
 'M' 'U' 'M' 'M' 'M' 'U' 'M' 'U' 'M' 'M' 'M' 'M' 'M' 'U' 'M' 'M' 'M' 'M'
 'U' 'M' 'M' 'M' 'M' 'M' 'U' 'M' 'U' 'M' 'M' 'M' 'U' 'M' 'M' 'M' 'M' 'M'
 'M' 'M' 'M' 'M' 'M' 'M' 'M' 'M' 'M' 'M' 'A' 'M' 'M' 'M' 'M' 'U' 'M' 'M'
 'U' 'M' 'M' 'M' 'U' 'M' 'M' 'M' 'M' 'M' 'M' 'M' 'U' 'M' 'M' 'M' 'M' 'M'
 'M' 'M' 'U' 'M' 'M' 'M' 'U' 'M' 'M' 'M' 'M' 'M' 'M' 'M' 'M' 'M' 'M' 'M'
 'M' 'M' 'M' 'M' 'M' 'M' 'M' 'M' 'M' 'U' 'M' 'A' 'U' 'M' 'M' 'U' 'M' 'M'
 'M' 'M' 'M' 'M' 'M' 'A' 'M' 'M' 'M' 'U' 'M' 'M' 'M' 'M' 'M' 'M' 'M' 'M'
 'M' 'U' 'U' 'M' 'M' 'M' 'M' 'U' 'M' 'U' 'M' 'M' 'M' 'M' 'M' 'U' 'M' 'U'
 'M' 'M' 'M' 'M' 'M' 'M' 'M' 'M' 'M' 'M' 'M' 'M' 'M' 'M' 'M' 'U' 'M' 'M'
 'M' 'U' 'M' 'M' 'M' 'U' 'U' 'U' 'M' 'M' 'M' 'M' 'M' 'M' 'M' 'M' 'U' 'M']"
117201,0,168,4,164,30,0,0,"['A' 'M' 'M' 'M' 'M' 'M' 'M' 'M' 'U' 'M' 'M' 'M' 'M' 'M' 'M' 'M' 'M' 'M'
 'M' 'U' 'M' 'M' 'M' 'U' 'M' 'U' 'M' 'M' 'M' 'M' 'M' 'M' 'M' 'M' 'M' 'M'
 'U' 'M' 'M' 'M' 'U' 'M' 'U' 'M' 'U' 'M' 'M' 'M' 'M' 'M' 'M' 'M' 'M' 'M'
 'U' 'M' 'M' 'M' 'M' 'M' 'M' 'U' 'M' 'U' 'A' 'U' 'M' 'M' 'M' 'M' 'M' 'U'
 'M' 'U' 'M' 'M' 'M' 'M' 'M' 'M' 'M' 'M' 'M' 'M' 'M' 'M' 'M' 'U' 'M' 'U'
 'M' 'M' 'M' 'M' 'M' 'M' 'M' 'M' 'M' 'M' 'M' 'M' 'M' 'M' 'M' 'M' 'M' 'M'
 'M' 'M' 'M' 'M' 'M' 'M' 'M' 'M' 'M' 'U' 'M' 'A' 'M' 'M' 'M' 'U' 'M' 'M'
 'M' 'M' 'M' 'M' 'M' 'U' 'M' 'M' 'M' 'U' 'M' 'M' 'M' 'M' 'M' 'M' 'M' 'M'
 'M' 'U' 'U' 'M' 'M' 'M' 'M' 'U' 'M' 'U' 'M' 'M' 'U' 'U' 'M' 'U' 'M' 'M'
 'M' 'M' 'M' 'M' 'M' 'M' 'M' 'M' 'M' 'M' 'M' 'M' 'M' 'M' 'M' 'M' 'M' 'M'
 'M' 'M' 'M' 'M' 'M' 'A' 'U' 'U' 'M' 'M' 'M' 'M' 'M' 'M' 'M' 'M' 'U' 'M']"
117301,0,170,6,164,28,0,1,"['A' 'M' 'M' 'M' 'M' 'M' 'M' 'M' 'M' 'M' 'M' 'M' 'M' 'M' 'M' 'M' 'M' 'M'
 'M' 'A' 'M' 'M' 'M' 'M' 'M' 'M' 'M' 'M' 'M' 'M' 'M' 'U' 'M' 'M' 'M' 'M'
 'U' 'M' 'M' 'M' 'U' 'M' 'U' 'M' 'U' 'M' 'M' 'M' 'M' 'M' 'M' 'M' 'M' 'M'
 'U' 'M' 'M' 'M' 'M' 'M' 'M' 'U' 'M' 'M' 'U' 'M' 'M' 'M' 'M' 'M' 'M' 'M'
 'M' 'U' 'M' 'M' 'M' 'U' 'M' 'M' 'U' 'U' 'M' 'M' 'M' 'M' 'M' 'M' 'M' 'M'
 'M' 'M' 'M' 'U' 'M' 'M' 'M' 'M' 'M' 'M' 'M' 'M' 'M' 'M' 'M' 'M' 'M' 'M'
 'M' 'M' 'M' 'M' 'M' 'M' 'U' 'U' 'U' 'M' 'M' 'A' 'U' 'M' 'M' 'U' 'M' 'M'
 'M' 'M' 'M' 'M' 'M' 'U' 'M' 'M' 'M' 'M' 'M' 'M' 'M' 'M' 'M' 'M' 'U' 'M'
 'M' 'A' 'U' 'M' 'M' 'M' 'M' 'U' 'M' 'A' 'M' 'M' 'U' 'A' 'M' 'U' 'M' 'M'
 'M' 'M' 'M' 'M' 'M' 'M' 'M' 'M' 'M' 'U' 'M' 'M' 'M' 'M' 'M' 'M' 'M' 'M'
 'M' 'M' 'M' 'M' 'M' 'U' 'U' 'M' 'M' 'M' 'M' 'M' 'U' 'M' 'M' 'M' 'M' 'M']"
117401,0,174,6,168,24,0,1,"['A' 'M' 'U' 'M' 'M' 'M' 'M' 'M' 'M' 'M' 'M' 'M' 'M' 'M' 'M' 'M' 'M' 'M'
 'M' 'A' 'M' 'M' 'M' 'M' 'M' 'M' 'M' 'M' 'M' 'M' 'M' 'U' 'M' 'M' 'M' 'M'
 'M' 'M' 'M' 'U' 'M' 'M' 'U' 'M' 'U' 'M' 'M' 'M' 'M' 'M' 'M' 'M' 'M' 'M'
 'U' 'M' 'M' 'M' 'M' 'M' 'M' 'M' 'M' 'M' 'M' 'M' 'U' 'M' 'M' 'M' 'M' 'U'
 'M' 'M' 'M' 'M' 'M' 'M' 'M' 'M' 'U' 'M' 'M' 'M' 'M' 'U' 'M' 'U' 'M' 'M'
 'M' 'M' 'M' 'M' 'M' 'M' 'M' 'M' 'M' 'M' 'U' 'M' 'M' 'M' 'M' 'M' 'M' 'M'
 'M' 'M' 'M' 'M' 'M' 'M' 'M' 'M' 'U' 'M' 'M' 'U' 'M' 'M' 'M' 'M' 'M' 'M'
 'M' 'M' 'M' 'M' 'M' 'U' 'M' 'M' 'M' 'U' 'M' 'M' 'M' 'M' 'M' 'M' 'A' 'M'
 'U' 'A' 'U' 'M' 'M' 'M' 'M' 'M' 'M' 'A' 'M' 'M' 'U' 'A' 'M' 'U' 'M' 'M'
 'M' 'M' 'M' 'M' 'M' 'M' 'M' 'M' 'M' 'U' 'M' 'M' 'M' 'M' 'M' 'M' 'M' 'M'
 'M' 'M' 'M' 'M' 'M' 'U' 'M' 'U' 'M' 'M' 'M' 'M' 'U' 'M' 'M' 'M' 'M' 'M']"
117501,0,166,5,161,32,0,0,"['A' 'M' 'U' 'M' 'M' 'M' 'M' 'M' 'M' 'M' 'M' 'M' 'M' 'M' 'M' 'M' 'M' 'M'
 'M' 'A' 'M' 'M' 'M' 'M' 'M' 'M' 'U' 'M' 'M' 'M' 'M' 'U' 'M' 'M' 'U' 'M'
 'M' 'M' 'M' 'U' 'M' 'M' 'U' 'M' 'U' 'M' 'M' 'M' 'M' 'M' 'M' 'U' 'M' 'M'
 'M' 'M' 'M' 'M' 'M' 'M' 'M' 'M' 'M' 'M' 'M' 'M' 'M' 'U' 'M' 'M' 'M' 'M'
 'M' 'M' 'M' 'M' 'U' 'M' 'U' 'M' 'M' 'M' 'U' 'M' 'M' 'M' 'M' 'M' 'U' 'M'
 'M' 'M' 'M' 'M' 'M' 'M' 'U' 'M' 'M' 'M' 'M' 'M' 'M' 'M' 'M' 'M' 'M' 'M'
 'M' 'M' 'M' 'M' 'M' 'M' 'M' 'M' 'U' 'M' 'M' 'U' 'M' 'M' 'M' 'M' 'M' 'M'
 'U' 'M' 'M' 'M' 'M' 'U' 'M' 'M' 'M' 'U' 'M' 'M' 'M' 'M' 'M' 'M' 'A' 'M'
 'U' 'U' 'U' 'M' 'M' 'M' 'M' 'M' 'M' 'A' 'M' 'U' 'U' 'A' 'U' 'U' 'M' 'M'
 'M' 'U' 'U' 'M' 'M' 'M' 'M' 'M' 'M' 'M' 'M' 'M' 'M' 'M' 'M' 'M' 'U' 'M'
 'M' 'M' 'M' 'M' 'M' 'U' 'M' 'U' 'M' 'M' 'M' 'M' 'U' 'M' 'M' 'M' 'M' 'M']"
117601,0,171,6,165,27,1,0,"['A' 'M' 'M' 'M' 'M' 'M' 'M' 'M' 'M' 'M' 'M' 'M' 'M' 'M' 'M' 'M' 'M' 'M'
 'M' 'A' 'M' 'M' 'M' 'M' 'M' 'M' 'U' 'M' 'M' 'M' 'M' 'M' 'M' 'M' 'U' 'M'
 'M' 'M' 'M' 'U' 'M' 'M' 'U' 'M' 'M' 'M' 'M' 'M' 'M' 'M' 'M' 'U' 'M' 'M'
 'M' 'M' 'M' 'M' 'M' 'M' 'M' 'M' 'M' 'M' 'M' 'M' 'U' 'M' 'M' 'M' 'M' 'M'
 'M' 'M' 'M' 'M' 'M' 'M' 'M' 'M' 'M' 'M' 'M' 'U' 'U' 'U' 'U' 'M' 'M' 'M'
 'M' 'M' 'M' 'M' 'M' 'M' 'M' 'M' 'M' 'M' 'M' 'M' 'M' 'M' 'M' 'M' 'M' 'M'
 'M' 'U' 'M' 'M' 'M' 'M' 'M' 'M' 'M' 'M' 'M' 'U' 'M' 'M' 'M' 'M' 'M' 'M'
 'U' 'M' 'M' 'M' 'M' 'U' 'M' 'M' 'M' 'U' 'M' 'M' 'M' 'M' 'M' 'M' 'A' 'M'
 'U' 'M' 'U' 'M' 'M' 'M' 'M' 'M' 'M' 'A' 'M' 'U' 'U' 'U' 'U' 'U' 'M' 'M'
 'M' 'U' 'A' 'M' 'M' 'M' 'M' 'M' 'M' 'M' 'M' 'M' 'U' 'M' 'M' 'M' 'M' 'M'
 'M' 'M' 'M' 'M' 'M' 'U' 'M' 'A' 'M' 'U' 'M' 'M' 'U' 'M' 'M' 'M' 'M' 'M']"
117701,0,164,7,157,34,1,0,"['A' 'U' 'M' 'M' 'M' 'M' 'M' 'M' 'M' 'M' 'M' 'M' 'M' 'M' 'M' 'M' 'M' 'M'
 'M' 'A' 'M' 'M' 'M' 'M' 'M' 'M' 'U' 'M' 'M' 'U' 'M' 'M' 'U' 'M' 'U' 'M'
 'M' 'M' 'M' 'U' 'M' 'M' 'M' 'M' 'M' 'M' 'M' 'M' 'M' 'M' 'M' 'U' 'M' 'M'
 'M' 'M' 'M' 'M' 'U' 'M' 'M' 'M' 'M' 'M' 'M' 'M' 'M' 'M' 'M' 'M' 'M' 'M'
 'U' 'M' 'M' 'M' 'M' 'U' 'M' 'M' 'M' 'M' 'M' 'M' 'M' 'M' 'M' 'M' 'M' 'M'
 'M' 'U' 'U' 'M' 'U' 'M' 'M' 'M' 'M' 'M' 'M' 'M' 'M' 'M' 'M' 'M' 'U' 'M'
 'M' 'U' 'M' 'M' 'M' 'M' 'M' 'M' 'M' 'M' 'M' 'U' 'M' 'M' 'M' 'M' 'M' 'M'
 'U' 'M' 'M' 'M' 'M' 'U' 'U' 'U' 'U' 'M' 'U' 'U' 'U' 'M' 'M' 'M' 'A' 'M'
 'M' 'M' 'U' 'M' 'M' 'M' 'M' 'M' 'M' 'A' 'M' 'M' 'U' 'U' 'U' 'U' 'M' 'M'
 'M' 'A' 'A' 'M' 'M' 'M' 'M' 'M' 'M' 'M' 'M' 'M' 'U' 'M' 'M' 'M' 'M' 'M'
 'M' 'M' 'M' 'M' 'M' 'U' 'M' 'A' 'M' 'U' 'U' 'M' 'U' 'M' 'M' 'M' 'M' 'M']"
117801,0,158,6,152,40,0,0,"['A' 'U' 'M' 'M' 'M' 'M' 'M' 'M' 'M' 'M' 'M' 'M' 'M' 'M' 'M' 'M' 'M' 'U'
 'M' 'A' 'M' 'M' 'M' 'M' 'M' 'M' 'M' 'M' 'M' 'U' 'M' 'U' 'M' 'M' 'U' 'M'
 'M' 'M' 'U' 'U' 'M' 'U' 'M' 'M' 'M' 'M' 'M' 'M' 'M' 'M' 'M' 'U' 'M' 'M'
 'M' 'M' 'M' 'U' 'A' 'M' 'M' 'M' 'M' 'M' 'M' 'M' 'M' 'M' 'M' 'M' 'M' 'M'
 'M' 'M' 'M' 'U' 'M' 'M' 'U' 'M' 'M' 'M' 'M' 'M' 'M' 'M' 'U' 'M' 'U' 'M'
 'M' 'U' 'M' 'M' 'M' 'M' 'U' 'M' 'M' 'M' 'M' 'M' 'M' 'M' 'M' 'M' 'M' 'M'
 'M' 'U' 'M' 'M' 'M' 'M' 'M' 'M' 'M' 'M' 'M' 'U' 'M' 'M' 'M' 'M' 'M' 'M'
 'U' 'M' 'U' 'M' 'M' 'U' 'M' 'U' 'M' 'U' 'U' 'U' 'U' 'M' 'M' 'M' 'U' 'M'
 'M' 'M' 'U' 'M' 'M' 'M' 'M' 'M' 'U' 'U' 'M' 'M' 'U' 'U' 'U' 'U' 'M' 'M'
 'M' 'U' 'A' 'M' 'M' 'M' 'M' 'M' 'M' 'M' 'M' 'M' 'U' 'M' 'M' 'M' 'M' 'M'
 'M' 'M' 'M' 'M' 'M' 'A' 'U' 'A' 'M' 'U' 'U' 'M' 'U' 'M' 'M' 'M' 'M' 'M']"
117901,0,168,7,161,30,0,0,"['A' 'M' 'M' 'M' 'M' 'M' 'M' 'M' 'M' 'M' 'M' 'M' 'M' 'M' 'M' 'M' 'M' 'M'
 'M' 'A' 'M' 'M' 'M' 'M' 'M' 'M' 'M' 'M' 'M' 'U' 'M' 'U' 'M' 'M' 'U' 'M'
 'M' 'M' 'U' 'U' 'M' 'U' 'M' 'M' 'M' 'M' 'U' 'M' 'M' 'M' 'M' 'U' 'M' 'M'
 'M' 'M' 'M' 'U' 'A' 'U' 'M' 'M' 'M' 'M' 'M' 'U' 'M' 'M' 'M' 'M' 'M' 'M'
 'M' 'U' 'M' 'M' 'U' 'M' 'M' 'M' 'M' 'M' 'M' 'M' 'M' 'M' 'M' 'M' 'M' 'U'
 'M' 'M' 'M' 'U' 'M' 'M' 'U' 'M' 'M' 'M' 'M' 'M' 'M' 'M' 'M' 'M' 'M' 'M'
 'M' 'M' 'M' 'M' 'M' 'M' 'M' 'M' 'M' 'M' 'M' 'U' 'M' 'M' 'M' 'M' 'U' 'M'
 'U' 'M' 'U' 'M' 'M' 'M' 'M' 'U' 'M' 'U' 'U' 'A' 'M' 'M' 'M' 'M' 'M' 'M'
 'M' 'M' 'M' 'U' 'M' 'M' 'M' 'M' 'U' 'M' 'M' 'M' 'M' 'U' 'U' 'M' 'M' 'M'
 'M' 'U' 'A' 'M' 'M' 'M' 'M' 'M' 'M' 'M' 'M' 'M' 'M' 'M' 'M' 'M' 'M' 'M'
 'M' 'M' 'M' 'M' 'M' 'U' 'M' 'A' 'M' 'M' 'U' 'M' 'A' 'M' 'M' 'M' 'M' 'M']"
118001,0,162,9,153,36,0,0,"['A' 'M' 'M' 'M' 'M' 'M' 'U' 'M' 'M' 'M' 'M' 'M' 'M' 'M' 'U' 'M' 'M' 'M'
 'M' 'A' 'M' 'M' 'M' 'M' 'M' 'M' 'M' 'M' 'M' 'U' 'M' 'U' 'M' 'M' 'U' 'M'
 'M' 'M' 'U' 'U' 'M' 'U' 'M' 'M' 'M' 'M' 'U' 'M' 'M' 'M' 'M' 'U' 'M' 'U'
 'M' 'M' 'M' 'A' 'A' 'A' 'M' 'M' 'M' 'M' 'M' 'U' 'M' 'M' 'M' 'M' 'M' 'M'
 'U' 'M' 'M' 'M' 'U' 'M' 'M' 'M' 'M' 'M' 'M' 'M' 'M' 'M' 'M' 'M' 'M' 'M'
 'U' 'M' 'M' 'U' 'M' 'M' 'U' 'M' 'M' 'M' 'M' 'M' 'M' 'M' 'M' 'M' 'M' 'M'
 'M' 'M' 'M' 'M' 'M' 'M' 'M' 'M' 'M' 'M' 'M' 'U' 'M' 'M' 'M' 'M' 'U' 'M'
 'U' 'M' 'U' 'M' 'M' 'U' 'U' 'U' 'U' 'U' 'U' 'A' 'M' 'M' 'M' 'M' 'M' 'M'
 'M' 'M' 'M' 'U' 'M' 'M' 'M' 'M' 'M' 'M' 'M' 'M' 'M' 'U' 'U' 'M' 'M' 'M'
 'M' 'U' 'A' 'M' 'M' 'M' 'M' 'U' 'U' 'M' 'M' 'M' 'M' 'M' 'M' 'M' 'M' 'M'
 'M' 'M' 'M' 'M' 'M' 'U' 'M' 'A' 'M' 'M' 'U' 'M' 'A' 'M' 'M' 'M' 'M' 'U']"
118101,0,155,8,147,43,0,0,"['A' 'M' 'M' 'M' 'M' 'M' 'M' 'M' 'M' 'M' 'M' 'M' 'M' 'M' 'U' 'M' 'M' 'M'
 'M' 'U' 'M' 'M' 'U' 'M' 'M' 'M' 'M' 'M' 'M' 'U' 'M' 'M' 'M' 'M' 'U' 'M'
 'M' 'M' 'M' 'U' 'M' 'U' 'M' 'M' 'M' 'M' 'A' 'M' 'M' 'M' 'M' 'U' 'M' 'U'
 'M' 'U' 'M' 'A' 'A' 'U' 'M' 'M' 'U' 'M' 'M' 'M' 'M' 'M' 'U' 'M' 'U' 'M'
 'M' 'M' 'M' 'M' 'M' 'M' 'M' 'M' 'M' 'M' 'U' 'M' 'M' 'M' 'M' 'M' 'M' 'M'
 'U' 'M' 'M' 'U' 'M' 'M' 'U' 'M' 'M' 'M' 'M' 'M' 'M' 'M' 'U' 'M' 'M' 'M'
 'M' 'M' 'M' 'M' 'M' 'M' 'M' 'M' 'M' 'M' 'M' 'U' 'M' 'M' 'M' 'M' 'U' 'M'
 'M' 'M' 'U' 'M' 'U' 'U' 'U' 'U' 'U' 'U' 'U' 'U' 'U' 'M' 'U' 'M' 'U' 'M'
 'M' 'M' 'M' 'M' 'M' 'M' 'M' 'M' 'M' 'M' 'M' 'U' 'M' 'U' 'U' 'M' 'M' 'M'
 'U' 'U' 'U' 'M' 'M' 'M' 'U' 'U' 'A' 'M' 'M' 'M' 'M' 'M' 'M' 'M' 'M' 'M'
 'U' 'M' 'M' 'M' 'M' 'M' 'M' 'A' 'M' 'M' 'A' 'M' 'A' 'M' 'M' 'M' 'M' 'U']"
118201,0,160,8,152,38,0,0,"['A' 'M' 'M' 'M' 'M' 'M' 'M' 'M' 'M' 'M' 'M' 'M' 'M' 'U' 'M' 'M' 'M' 'M'
 'U' 'U' 'M' 'M' 'M' 'M' 'M' 'M' 'M' 'M' 'M' 'U' 'M' 'M' 'M' 'U' 'U' 'M'
 'M' 'M' 'M' 'M' 'M' 'U' 'M' 'M' 'U' 'M' 'M' 'M' 'M' 'M' 'M' 'U' 'M' 'U'
 'M' 'U' 'M' 'A' 'A' 'M' 'M' 'M' 'U' 'M' 'M' 'M' 'M' 'M' 'M' 'M' 'M' 'M'
 'M' 'M' 'M' 'U' 'M' 'M' 'U' 'M' 'M' 'U' 'M' 'M' 'M' 'M' 'M' 'M' 'M' 'U'
 'M' 'M' 'U' 'M' 'M' 'M' 'U' 'M' 'M' 'M' 'M' 'M' 'M' 'M' 'U' 'M' 'M' 'M'
 'M' 'M' 'M' 'M' 'M' 'M' 'M' 'M' 'M' 'M' 'M' 'U' 'M' 'M' 'M' 'M' 'U' 'M'
 'M' 'M' 'U' 'M' 'M' 'U' 'U' 'U' 'U' 'A' 'U' 'U' 'U' 'M' 'U' 'M' 'M' 'M'
 'M' 'M' 'U' 'M' 'M' 'M' 'M' 'M' 'M' 'M' 'M' 'U' 'M' 'U' 'U' 'M' 'M' 'M'
 'M' 'U' 'M' 'M' 'M' 'M' 'M' 'U' 'A' 'M' 'M' 'M' 'M' 'M' 'M' 'M' 'U' 'M'
 'U' 'M' 'M' 'M' 'M' 'M' 'M' 'A' 'M' 'M' 'A' 'M' 'A' 'M' 'M' 'M' 'M' 'M']"
118301,1,155,8,147,43,0,0,"['A' 'M' 'M' 'M' 'M' 'M' 'M' 'M' 'M' 'M' 'M' 'U' 'M' 'U' 'M' 'M' 'M' 'M'
 'U' 'U' 'M' 'M' 'M' 'M' 'M' 'M' 'M' 'M' 'M' 'U' 'M' 'U' 'M' 'U' 'M' 'M'
 'M' 'M' 'M' 'M' 'M' 'M' 'M' 'M' 'U' 'M' 'M' 'M' 'M' 'M' 'M' 'U' 'M' 'M'
 'U' 'A' 'M' 'A' 'U' 'M' 'M' 'M' 'U' 'M' 'M' 'M' 'M' 'M' 'M' 'M' 'M' 'M'
 'M' 'M' 'M' 'U' 'M' 'M' 'U' 'M' 'M' 'U' 'M' 'M' 'U' 'U' 'M' 'M' 'M' 'M'
 'M' 'M' 'M' 'M' 'M' 'U' 'U' 'M' 'M' 'U' 'M' 'M' 'M' 'M' 'U' 'M' 'M' 'M'
 'M' 'M' 'U' 'M' 'U' 'M' 'M' 'M' 'M' 'M' 'M' 'U' 'M' 'M' 'M' 'M' 'U' 'M'
 'M' 'M' 'M' 'U' 'M' 'U' 'U' 'U' 'U' 'A' 'M' 'U' 'U' 'M' 'U' 'M' 'M' 'M'
 'M' 'M' 'U' 'M' 'U' 'M' 'M' 'M' 'M' 'M' 'M' 'M' 'M' 'M' 'U' 'M' 'M' 'U'
 'M' 'U' 'M' 'M' 'M' 'M' 'M' 'U' 'A' 'M' 'M' 'M' 'M' 'M' 'M' 'M' 'U' 'U'
 'U' 'M' 'M' 'M' 'M' 'M' 'M' 'A' 'M' 'U' 'A' 'M' 'A' 'M' 'M' 'M' 'M' 'M']"
118401,1,152,5,147,46,0,0,"['A' 'M' 'M' 'M' 'M' 'M' 'M' 'M' 'M' 'M' 'M' 'U' 'M' 'U' 'M' 'M' 'M' 'M'
 'U' 'U' 'M' 'M' 'M' 'M' 'M' 'M' 'M' 'M' 'M' 'U' 'U' 'U' 'M' 'U' 'M' 'M'
 'M' 'M' 'M' 'M' 'M' 'M' 'M' 'M' 'U' 'U' 'U' 'U' 'M' 'M' 'M' 'U' 'M' 'M'
 'M' 'A' 'M' 'U' 'U' 'M' 'M' 'M' 'M' 'M' 'M' 'M' 'M' 'M' 'M' 'U' 'M' 'M'
 'U' 'M' 'M' 'U' 'M' 'M' 'M' 'M' 'M' 'U' 'M' 'M' 'M' 'M' 'M' 'M' 'M' 'M'
 'M' 'M' 'M' 'U' 'M' 'U' 'M' 'M' 'M' 'U' 'M' 'M' 'M' 'M' 'U' 'M' 'M' 'M'
 'M' 'M' 'U' 'M' 'M' 'M' 'M' 'M' 'M' 'M' 'M' 'M' 'M' 'M' 'M' 'M' 'U' 'M'
 'M' 'M' 'M' 'U' 'M' 'U' 'U' 'U' 'U' 'U' 'U' 'M' 'U' 'M' 'U' 'M' 'M' 'M'
 'M' 'M' 'M' 'M' 'U' 'U' 'M' 'M' 'M' 'M' 'M' 'M' 'M' 'U' 'U' 'M' 'M' 'U'
 'M' 'U' 'M' 'M' 'M' 'M' 'M' 'U' 'A' 'M' 'M' 'M' 'M' 'M' 'M' 'M' 'U' 'U'
 'A' 'M' 'M' 'M' 'M' 'M' 'M' 'A' 'M' 'U' 'U' 'M' 'U' 'M' 'M' 'M' 'M' 'M']"
118501,0,150,4,146,48,0,0,"['A' 'M' 'M' 'M' 'M' 'M' 'M' 'M' 'M' 'M' 'M' 'U' 'M' 'U' 'M' 'M' 'M' 'M'
 'U' 'M' 'M' 'M' 'M' 'U' 'M' 'U' 'M' 'M' 'M' 'U' 'U' 'M' 'M' 'U' 'M' 'M'
 'M' 'M' 'M' 'U' 'M' 'M' 'M' 'M' 'M' 'U' 'U' 'U' 'M' 'M' 'M' 'U' 'M' 'M'
 'M' 'A' 'M' 'U' 'U' 'M' 'M' 'M' 'M' 'M' 'M' 'M' 'M' 'M' 'M' 'M' 'U' 'M'
 'M' 'U' 'M' 'M' 'M' 'M' 'M' 'M' 'M' 'M' 'M' 'U' 'M' 'M' 'U' 'U' 'M' 'M'
 'M' 'M' 'M' 'M' 'M' 'U' 'M' 'M' 'M' 'U' 'M' 'M' 'M' 'M' 'U' 'M' 'M' 'M'
 'M' 'M' 'U' 'M' 'M' 'M' 'M' 'M' 'M' 'M' 'M' 'M' 'M' 'U' 'M' 'M' 'U' 'M'
 'M' 'M' 'M' 'U' 'M' 'U' 'U' 'U' 'U' 'U' 'M' 'U' 'U' 'M' 'U' 'M' 'M' 'M'
 'M' 'M' 'M' 'M' 'U' 'U' 'M' 'M' 'M' 'M' 'M' 'M' 'M' 'U' 'U' 'M' 'M' 'U'
 'M' 'U' 'M' 'M' 'M' 'M' 'M' 'U' 'A' 'M' 'M' 'M' 'M' 'M' 'M' 'M' 'M' 'U'
 'U' 'M' 'M' 'M' 'M' 'M' 'U' 'A' 'M' 'M' 'U' 'M' 'U' 'M' 'M' 'M' 'M' 'U']"
118601,0,162,4,158,36,0,0,"['A' 'M' 'M' 'M' 'M' 'M' 'M' 'M' 'M' 'M' 'M' 'U' 'M' 'U' 'M' 'M' 'M' 'M'
 'U' 'M' 'M' 'M' 'M' 'M' 'M' 'M' 'M' 'M' 'M' 'U' 'U' 'M' 'M' 'U' 'M' 'M'
 'M' 'M' 'M' 'U' 'M' 'M' 'M' 'M' 'M' 'U' 'M' 'U' 'M' 'M' 'M' 'M' 'M' 'M'
 'M' 'U' 'M' 'M' 'U' 'M' 'M' 'M' 'M' 'M' 'M' 'U' 'M' 'M' 'M' 'M' 'M' 'M'
 'M' 'M' 'M' 'M' 'M' 'U' 'M' 'M' 'M' 'U' 'M' 'M' 'M' 'M' 'U' 'M' 'M' 'M'
 'M' 'M' 'M' 'U' 'M' 'U' 'M' 'M' 'M' 'M' 'M' 'M' 'M' 'M' 'M' 'M' 'M' 'M'
 'M' 'M' 'U' 'M' 'M' 'M' 'M' 'M' 'M' 'M' 'M' 'M' 'M' 'U' 'M' 'M' 'U' 'M'
 'M' 'M' 'M' 'M' 'M' 'A' 'U' 'U' 'U' 'U' 'M' 'U' 'M' 'M' 'M' 'M' 'M' 'M'
 'M' 'M' 'M' 'M' 'U' 'U' 'M' 'M' 'M' 'M' 'M' 'M' 'M' 'U' 'U' 'M' 'M' 'U'
 'M' 'M' 'M' 'M' 'M' 'M' 'M' 'U' 'U' 'M' 'M' 'M' 'M' 'M' 'M' 'M' 'M' 'U'
 'M' 'A' 'M' 'M' 'M' 'M' 'U' 'A' 'M' 'M' 'U' 'M' 'M' 'M' 'M' 'M' 'M' 'U']"
118701,1,163,5,158,35,0,0,"['A' 'M' 'M' 'M' 'M' 'M' 'M' 'M' 'M' 'M' 'M' 'U' 'M' 'U' 'M' 'M' 'M' 'M'
 'U' 'M' 'M' 'M' 'M' 'M' 'M' 'M' 'M' 'M' 'M' 'U' 'M' 'M' 'U' 'U' 'M' 'M'
 'M' 'M' 'M' 'U' 'M' 'U' 'M' 'M' 'M' 'M' 'M' 'M' 'M' 'M' 'M' 'M' 'M' 'M'
 'M' 'U' 'M' 'M' 'M' 'M' 'M' 'M' 'M' 'M' 'M' 'M' 'M' 'M' 'U' 'M' 'M' 'M'
 'M' 'M' 'M' 'U' 'M' 'U' 'M' 'M' 'M' 'U' 'M' 'M' 'M' 'M' 'M' 'U' 'M' 'M'
 'M' 'M' 'M' 'M' 'M' 'U' 'M' 'M' 'M' 'M' 'M' 'M' 'U' 'M' 'M' 'M' 'M' 'M'
 'M' 'M' 'M' 'M' 'M' 'M' 'M' 'M' 'M' 'M' 'M' 'M' 'M' 'U' 'M' 'M' 'U' 'M'
 'M' 'M' 'M' 'M' 'M' 'A' 'U' 'U' 'M' 'U' 'U' 'U' 'U' 'M' 'M' 'M' 'M' 'U'
 'M' 'M' 'M' 'U' 'U' 'U' 'M' 'M' 'M' 'M' 'U' 'M' 'M' 'M' 'U' 'M' 'M' 'M'
 'M' 'M' 'M' 'M' 'M' 'M' 'M' 'U' 'U' 'M' 'M' 'M' 'M' 'M' 'M' 'M' 'M' 'U'
 'M' 'A' 'M' 'M' 'M' 'M' 'U' 'A' 'M' 'M' 'A' 'M' 'M' 'M' 'M' 'U' 'M' 'M']"
118801,0,167,4,163,31,0,0,"['A' 'M' 'M' 'M' 'M' 'M' 'M' 'M' 'M' 'M' 'M' 'U' 'M' 'M' 'M' 'M' 'M' 'M'
 'U' 'M' 'M' 'M' 'M' 'M' 'M' 'M' 'M' 'M' 'M' 'U' 'M' 'M' 'U' 'M' 'M' 'M'
 'M' 'M' 'U' 'M' 'M' 'U' 'M' 'M' 'M' 'M' 'M' 'M' 'M' 'M' 'M' 'M' 'M' 'M'
 'M' 'U' 'M' 'M' 'M' 'M' 'M' 'M' 'M' 'M' 'U' 'M' 'M' 'M' 'M' 'M' 'M' 'M'
 'U' 'M' 'M' 'M' 'M' 'M' 'U' 'U' 'M' 'U' 'M' 'M' 'M' 'U' 'M' 'M' 'M' 'M'
 'M' 'M' 'M' 'M' 'M' 'M' 'M' 'M' 'M' 'M' 'M' 'M' 'M' 'M' 'M' 'M' 'M' 'M'
 'M' 'M' 'M' 'M' 'M' 'M' 'M' 'M' 'M' 'M' 'M' 'M' 'M' 'U' 'M' 'M' 'U' 'M'
 'M' 'M' 'M' 'M' 'M' 'U' 'U' 'U' 'M' 'U' 'U' 'M' 'U' 'M' 'M' 'M' 'M' 'U'
 'M' 'M' 'M' 'U' 'U' 'U' 'M' 'M' 'M' 'M' 'U' 'M' 'M' 'M' 'M' 'M' 'U' 'M'
 'M' 'M' 'M' 'M' 'M' 'M' 'M' 'M' 'M' 'M' 'M' 'M' 'M' 'M' 'M' 'M' 'M' 'U'
 'M' 'A' 'M' 'M' 'M' 'M' 'U' 'A' 'M' 'M' 'A' 'M' 'M' 'U' 'M' 'U' 'M' 'M']"
118901,0,167,3,164,31,1,0,"['A' 'M' 'M' 'M' 'M' 'M' 'M' 'M' 'M' 'M' 'U' 'M' 'U' 'M' 'M' 'M' 'M' 'M'
 'U' 'M' 'M' 'M' 'M' 'M' 'M' 'M' 'M' 'M' 'M' 'U' 'M' 'M' 'M' 'M' 'M' 'M'
 'M' 'M' 'U' 'M' 'M' 'U' 'M' 'M' 'M' 'M' 'M' 'M' 'M' 'M' 'U' 'M' 'M' 'M'
 'M' 'U' 'M' 'M' 'U' 'M' 'M' 'M' 'M' 'M' 'M' 'M' 'M' 'M' 'M' 'M' 'M' 'M'
 'M' 'M' 'U' 'M' 'M' 'U' 'M' 'M' 'M' 'M' 'M' 'M' 'U' 'M' 'U' 'M' 'M' 'U'
 'M' 'M' 'M' 'M' 'M' 'M' 'M' 'M' 'U' 'M' 'M' 'U' 'M' 'M' 'M' 'M' 'M' 'M'
 'M' 'M' 'M' 'M' 'M' 'M' 'M' 'M' 'M' 'M' 'M' 'M' 'M' 'U' 'M' 'M' 'U' 'M'
 'M' 'M' 'M' 'M' 'M' 'M' 'M' 'U' 'M' 'U' 'M' 'M' 'U' 'M' 'M' 'M' 'M' 'U'
 'U' 'M' 'M' 'U' 'U' 'U' 'M' 'M' 'M' 'M' 'M' 'M' 'M' 'M' 'M' 'M' 'M' 'M'
 'M' 'M' 'M' 'M' 'M' 'M' 'M' 'U' 'M' 'M' 'M' 'M' 'M' 'M' 'M' 'M' 'M' 'U'
 'M' 'A' 'M' 'M' 'M' 'M' 'M' 'A' 'M' 'M' 'U' 'M' 'M' 'U' 'M' 'U' 'M' 'M']"
119001,0,165,3,162,33,0,0,"['A' 'M' 'M' 'M' 'M' 'M' 'M' 'U' 'M' 'M' 'U' 'M' 'U' 'M' 'M' 'M' 'M' 'U'
 'U' 'M' 'M' 'M' 'M' 'M' 'M' 'M' 'M' 'M' 'M' 'U' 'M' 'M' 'M' 'M' 'M' 'M'
 'U' 'M' 'U' 'M' 'M' 'U' 'M' 'M' 'M' 'U' 'M' 'M' 'M' 'M' 'U' 'M' 'M' 'U'
 'M' 'U' 'M' 'M' 'M' 'U' 'M' 'M' 'M' 'M' 'M' 'U' 'M' 'M' 'M' 'M' 'U' 'M'
 'M' 'M' 'M' 'M' 'U' 'M' 'U' 'M' 'M' 'M' 'U' 'M' 'M' 'M' 'M' 'M' 'M' 'M'
 'M' 'M' 'M' 'M' 'M' 'M' 'M' 'M' 'U' 'M' 'M' 'U' 'M' 'M' 'M' 'M' 'M' 'M'
 'M' 'M' 'M' 'M' 'M' 'M' 'M' 'M' 'M' 'M' 'M' 'M' 'M' 'U' 'M' 'M' 'U' 'M'
 'M' 'M' 'M' 'M' 'M' 'M' 'M' 'U' 'M' 'M' 'M' 'M' 'U' 'M' 'M' 'M' 'M' 'U'
 'U' 'M' 'M' 'U' 'U' 'M' 'M' 'M' 'M' 'M' 'M' 'U' 'M' 'M' 'M' 'M' 'M' 'M'
 'M' 'M' 'M' 'M' 'M' 'M' 'M' 'U' 'M' 'M' 'M' 'M' 'M' 'M' 'M' 'U' 'M' 'M'
 'M' 'A' 'M' 'M' 'M' 'M' 'M' 'A' 'M' 'M' 'M' 'M' 'M' 'M' 'M' 'U' 'M' 'M']"
119101,0,167,4,163,31,0,0,"['A' 'M' 'M' 'M' 'M' 'M' 'M' 'U' 'M' 'M' 'U' 'M' 'A' 'M' 'M' 'M' 'M' 'U'
 'U' 'M' 'M' 'M' 'M' 'M' 'M' 'M' 'M' 'M' 'M' 'U' 'M' 'M' 'M' 'M' 'M' 'M'
 'U' 'U' 'U' 'M' 'M' 'M' 'U' 'M' 'M' 'U' 'U' 'M' 'M' 'M' 'U' 'M' 'M' 'U'
 'M' 'M' 'M' 'M' 'M' 'M' 'M' 'M' 'M' 'M' 'M' 'M' 'M' 'U' 'M' 'M' 'M' 'M'
 'M' 'M' 'U' 'M' 'M' 'M' 'U' 'M' 'M' 'M' 'M' 'M' 'M' 'M' 'U' 'M' 'M' 'M'
 'M' 'M' 'M' 'M' 'U' 'M' 'M' 'M' 'M' 'M' 'M' 'M' 'M' 'M' 'M' 'M' 'M' 'M'
 'M' 'M' 'M' 'M' 'M' 'M' 'M' 'M' 'M' 'M' 'M' 'M' 'U' 'U' 'M' 'M' 'U' 'M'
 'M' 'M' 'M' 'M' 'M' 'U' 'M' 'U' 'M' 'M' 'M' 'M' 'M' 'M' 'M' 'M' 'M' 'U'
 'U' 'M' 'M' 'U' 'U' 'M' 'M' 'M' 'M' 'M' 'M' 'U' 'M' 'M' 'M' 'M' 'M' 'M'
 'M' 'M' 'M' 'M' 'M' 'M' 'M' 'U' 'M' 'M' 'M' 'M' 'M' 'M' 'M' 'U' 'M' 'M'
 'M' 'A' 'M' 'M' 'M' 'M' 'M' 'A' 'M' 'M' 'M' 'M' 'M' 'M' 'M' 'U' 'M' 'M']"
119201,0,165,6,159,33,1,0,"['A' 'M' 'U' 'M' 'M' 'M' 'M' 'U' 'M' 'M' 'U' 'M' 'U' 'M' 'M' 'M' 'M' 'A'
 'M' 'M' 'M' 'M' 'M' 'M' 'M' 'M' 'M' 'M' 'M' 'U' 'M' 'M' 'M' 'M' 'M' 'M'
 'U' 'A' 'A' 'U' 'M' 'M' 'U' 'M' 'M' 'U' 'M' 'M' 'U' 'M' 'U' 'M' 'M' 'U'
 'M' 'M' 'M' 'M' 'M' 'M' 'U' 'M' 'M' 'M' 'M' 'M' 'M' 'M' 'M' 'M' 'U' 'M'
 'M' 'M' 'M' 'M' 'M' 'M' 'M' 'M' 'U' 'M' 'M' 'M' 'M' 'M' 'U' 'M' 'M' 'U'
 'M' 'M' 'M' 'M' 'U' 'M' 'M' 'M' 'M' 'M' 'M' 'M' 'U' 'M' 'M' 'M' 'U' 'M'
 'M' 'M' 'M' 'U' 'M' 'M' 'M' 'M' 'M' 'M' 'M' 'M' 'U' 'U' 'M' 'M' 'M' 'M'
 'M' 'M' 'U' 'M' 'M' 'U' 'M' 'U' 'M' 'M' 'M' 'M' 'M' 'M' 'M' 'M' 'M' 'U'
 'U' 'M' 'M' 'U' 'M' 'M' 'M' 'M' 'M' 'M' 'M' 'U' 'M' 'M' 'M' 'M' 'M' 'M'
 'U' 'M' 'M' 'M' 'M' 'M' 'M' 'M' 'M' 'M' 'M' 'M' 'M' 'M' 'M' 'M' 'M' 'M'
 'M' 'A' 'M' 'U' 'M' 'M' 'M' 'A' 'M' 'M' 'M' 'M' 'M' 'M' 'M' 'U' 'M' 'M']"
119301,0,166,5,161,32,0,0,"['A' 'M' 'M' 'M' 'M' 'M' 'M' 'U' 'M' 'M' 'M' 'M' 'U' 'M' 'M' 'M' 'M' 'U'
 'M' 'M' 'M' 'M' 'M' 'M' 'M' 'M' 'M' 'M' 'M' 'U' 'M' 'M' 'M' 'M' 'M' 'M'
 'U' 'A' 'A' 'U' 'M' 'M' 'M' 'M' 'M' 'U' 'M' 'M' 'U' 'M' 'U' 'M' 'M' 'U'
 'M' 'M' 'M' 'M' 'M' 'M' 'U' 'M' 'M' 'M' 'M' 'M' 'M' 'M' 'M' 'M' 'M' 'M'
 'U' 'M' 'M' 'U' 'U' 'M' 'M' 'M' 'M' 'U' 'M' 'M' 'M' 'M' 'M' 'U' 'M' 'M'
 'M' 'M' 'M' 'M' 'M' 'M' 'M' 'M' 'M' 'U' 'M' 'M' 'M' 'M' 'M' 'M' 'U' 'M'
 'M' 'M' 'M' 'U' 'M' 'M' 'M' 'M' 'M' 'M' 'M' 'M' 'U' 'U' 'M' 'M' 'M' 'M'
 'M' 'M' 'U' 'M' 'M' 'U' 'M' 'M' 'U' 'M' 'M' 'M' 'M' 'M' 'M' 'M' 'M' 'U'
 'U' 'U' 'M' 'M' 'M' 'M' 'U' 'M' 'M' 'M' 'M' 'U' 'M' 'M' 'M' 'M' 'M' 'M'
 'M' 'M' 'M' 'M' 'M' 'M' 'M' 'M' 'M' 'M' 'M' 'M' 'M' 'M' 'U' 'M' 'M' 'M'
 'M' 'A' 'M' 'M' 'M' 'M' 'M' 'A' 'U' 'M' 'M' 'M' 'M' 'M' 'M' 'U' 'M' 'M']"
119401,0,161,7,154,37,0,0,"['A' 'M' 'M' 'M' 'U' 'U' 'M' 'M' 'M' 'M' 'M' 'M' 'U' 'U' 'M' 'M' 'M' 'U'
 'M' 'M' 'M' 'M' 'M' 'M' 'M' 'M' 'M' 'M' 'M' 'U' 'M' 'M' 'M' 'M' 'M' 'M'
 'U' 'A' 'U' 'U' 'M' 'M' 'U' 'M' 'M' 'U' 'M' 'M' 'U' 'M' 'U' 'M' 'U' 'U'
 'M' 'M' 'M' 'M' 'M' 'M' 'A' 'M' 'U' 'M' 'M' 'M' 'U' 'U' 'M' 'M' 'M' 'U'
 'M' 'M' 'M' 'M' 'M' 'M' 'M' 'M' 'M' 'M' 'M' 'M' 'U' 'M' 'M' 'M' 'U' 'M'
 'M' 'M' 'M' 'M' 'M' 'M' 'M' 'M' 'M' 'U' 'M' 'M' 'M' 'M' 'M' 'M' 'U' 'U'
 'M' 'M' 'M' 'M' 'M' 'M' 'M' 'M' 'M' 'M' 'M' 'U' 'M' 'U' 'M' 'M' 'M' 'M'
 'M' 'M' 'U' 'M' 'M' 'U' 'M' 'M' 'U' 'M' 'M' 'M' 'M' 'M' 'M' 'A' 'M' 'U'
 'U' 'U' 'M' 'M' 'M' 'M' 'U' 'M' 'U' 'M' 'M' 'U' 'M' 'M' 'M' 'M' 'M' 'M'
 'M' 'M' 'M' 'M' 'M' 'M' 'M' 'M' 'M' 'M' 'M' 'M' 'M' 'M' 'A' 'M' 'M' 'M'
 'M' 'A' 'M' 'M' 'M' 'M' 'M' 'A' 'U' 'M' 'M' 'M' 'M' 'M' 'M' 'U' 'M' 'M']"
119501,1,157,5,152,41,0,0,"['A' 'M' 'M' 'M' 'M' 'U' 'M' 'M' 'M' 'M' 'U' 'M' 'U' 'M' 'M' 'M' 'M' 'U'
 'M' 'U' 'M' 'M' 'M' 'M' 'M' 'M' 'M' 'M' 'M' 'M' 'M' 'M' 'M' 'M' 'M' 'M'
 'M' 'A' 'M' 'U' 'M' 'M' 'U' 'M' 'M' 'M' 'M' 'M' 'M' 'M' 'U' 'M' 'M' 'U'
 'M' 'M' 'M' 'M' 'M' 'M' 'U' 'M' 'U' 'M' 'M' 'M' 'M' 'M' 'M' 'U' 'M' 'M'
 'M' 'M' 'M' 'M' 'U' 'M' 'M' 'U' 'M' 'M' 'M' 'M' 'M' 'M' 'U' 'M' 'M' 'M'
 'M' 'M' 'M' 'M' 'U' 'M' 'M' 'M' 'M' 'U' 'M' 'M' 'M' 'M' 'U' 'U' 'U' 'U'
 'M' 'M' 'M' 'M' 'M' 'M' 'M' 'M' 'M' 'M' 'M' 'U' 'M' 'U' 'M' 'M' 'M' 'M'
 'M' 'M' 'U' 'M' 'M' 'U' 'U' 'U' 'U' 'U' 'U' 'U' 'M' 'M' 'M' 'A' 'M' 'U'
 'U' 'U' 'M' 'M' 'M' 'M' 'U' 'M' 'U' 'M' 'M' 'M' 'M' 'M' 'M' 'M' 'M' 'M'
 'M' 'M' 'M' 'M' 'M' 'M' 'U' 'M' 'M' 'M' 'M' 'M' 'M' 'M' 'A' 'M' 'M' 'M'
 'M' 'U' 'M' 'M' 'M' 'M' 'U' 'A' 'U' 'M' 'M' 'M' 'M' 'M' 'M' 'U' 'M' 'M']"
119601,0,156,5,151,42,0,0,"['A' 'M' 'M' 'M' 'M' 'U' 'M' 'M' 'M' 'M' 'U' 'M' 'U' 'M' 'M' 'U' 'U' 'U'
 'M' 'U' 'M' 'M' 'M' 'M' 'M' 'M' 'M' 'M' 'M' 'M' 'M' 'M' 'M' 'M' 'M' 'M'
 'M' 'A' 'M' 'U' 'M' 'M' 'U' 'M' 'M' 'M' 'M' 'M' 'M' 'M' 'M' 'M' 'M' 'U'
 'M' 'M' 'U' 'M' 'M' 'M' 'U' 'M' 'U' 'M' 'M' 'M' 'M' 'M' 'M' 'U' 'U' 'U'
 'M' 'M' 'M' 'M' 'M' 'M' 'M' 'U' 'M' 'M' 'M' 'M' 'M' 'M' 'U' 'M' 'M' 'M'
 'M' 'M' 'M' 'M' 'M' 'M' 'M' 'M' 'M' 'U' 'M' 'M' 'M' 'M' 'U' 'U' 'M' 'U'
 'M' 'M' 'M' 'M' 'M' 'M' 'M' 'M' 'M' 'M' 'M' 'M' 'M' 'U' 'M' 'M' 'M' 'M'
 'M' 'M' 'U' 'M' 'M' 'A' 'U' 'U' 'U' 'U' 'U' 'U' 'U' 'M' 'M' 'U' 'M' 'U'
 'U' 'U' 'M' 'M' 'M' 'M' 'U' 'M' 'U' 'M' 'M' 'M' 'M' 'M' 'M' 'M' 'M' 'M'
 'M' 'M' 'M' 'M' 'M' 'M' 'U' 'M' 'M' 'M' 'M' 'M' 'M' 'M' 'A' 'M' 'M' 'M'
 'M' 'U' 'M' 'M' 'M' 'M' 'U' 'A' 'U' 'M' 'U' 'M' 'M' 'M' 'M' 'M' 'M' 'M']"
119701,0,159,5,154,39,0,0,"['A' 'M' 'M' 'M' 'M' 'U' 'M' 'M' 'M' 'M' 'U' 'M' 'U' 'M' 'M' 'U' 'U' 'M'
 'M' 'U' 'M' 'M' 'M' 'M' 'M' 'M' 'M' 'M' 'M' 'M' 'M' 'M' 'M' 'M' 'M' 'M'
 'M' 'A' 'M' 'U' 'M' 'M' 'U' 'M' 'M' 'M' 'M' 'M' 'M' 'M' 'M' 'M' 'M' 'U'
 'M' 'M' 'U' 'M' 'M' 'M' 'U' 'M' 'U' 'M' 'M' 'M' 'M' 'M' 'M' 'M' 'U' 'M'
 'M' 'M' 'U' 'U' 'M' 'M' 'M' 'U' 'M' 'M' 'M' 'M' 'M' 'M' 'M' 'M' 'M' 'M'
 'M' 'M' 'M' 'M' 'U' 'M' 'M' 'M' 'M' 'U' 'M' 'M' 'M' 'M' 'M' 'U' 'M' 'U'
 'M' 'M' 'M' 'M' 'M' 'M' 'M' 'M' 'M' 'M' 'M' 'M' 'M' 'U' 'M' 'M' 'M' 'M'
 'M' 'M' 'M' 'M' 'M' 'A' 'U' 'U' 'U' 'U' 'U' 'U' 'U' 'M' 'M' 'U' 'M' 'M'
 'U' 'M' 'M' 'M' 'M' 'U' 'U' 'M' 'U' 'M' 'M' 'M' 'M' 'M' 'M' 'M' 'M' 'M'
 'M' 'M' 'M' 'M' 'M' 'M' 'U' 'M' 'M' 'M' 'M' 'M' 'M' 'M' 'A' 'U' 'M' 'M'
 'M' 'U' 'M' 'M' 'M' 'M' 'M' 'A' 'U' 'M' 'U' 'M' 'M' 'M' 'U' 'M' 'M' 'M']"
119801,0,159,5,154,39,0,0,"['A' 'M' 'M' 'M' 'M' 'U' 'M' 'M' 'M' 'M' 'U' 'M' 'U' 'M' 'M' 'U' 'U' 'M'
 'M' 'U' 'M' 'M' 'M' 'M' 'M' 'M' 'M' 'M' 'M' 'M' 'U' 'M' 'M' 'M' 'M' 'M'
 'M' 'A' 'M' 'U' 'M' 'M' 'U' 'M' 'M' 'M' 'M' 'M' 'M' 'M' 'M' 'M' 'M' 'U'
 'M' 'M' 'U' 'M' 'M' 'M' 'U' 'M' 'M' 'M' 'M' 'M' 'M' 'M' 'M' 'M' 'M' 'M'
 'M' 'M' 'M' 'M' 'M' 'U' 'M' 'M' 'U' 'M' 'U' 'M' 'M' 'M' 'M' 'U' 'U' 'M'
 'M' 'M' 'M' 'M' 'M' 'M' 'M' 'M' 'M' 'U' 'M' 'M' 'M' 'M' 'M' 'M' 'M' 'M'
 'M' 'M' 'M' 'U' 'M' 'M' 'M' 'M' 'M' 'M' 'M' 'M' 'M' 'U' 'M' 'M' 'M' 'M'
 'M' 'M' 'M' 'M' 'M' 'A' 'U' 'U' 'U' 'U' 'U' 'U' 'U' 'M' 'M' 'U' 'M' 'M'
 'U' 'M' 'M' 'M' 'M' 'U' 'U' 'M' 'U' 'M' 'U' 'M' 'M' 'M' 'M' 'M' 'M' 'M'
 'M' 'M' 'M' 'M' 'M' 'U' 'U' 'M' 'M' 'M' 'M' 'M' 'M' 'M' 'A' 'U' 'M' 'M'
 'M' 'U' 'M' 'M' 'M' 'M' 'M' 'A' 'U' 'M' 'U' 'M' 'M' 'M' 'M' 'M' 'M' 'M']"
119901,0,166,6,160,32,0,1,"['A' 'M' 'M' 'M' 'M' 'U' 'M' 'M' 'M' 'M' 'U' 'M' 'M' 'M' 'M' 'U' 'M' 'M'
 'M' 'U' 'M' 'M' 'M' 'M' 'M' 'M' 'M' 'M' 'M' 'M' 'U' 'M' 'M' 'M' 'M' 'M'
 'M' 'A' 'M' 'M' 'M' 'M' 'U' 'M' 'M' 'M' 'M' 'M' 'M' 'M' 'M' 'M' 'M' 'U'
 'M' 'M' 'U' 'U' 'M' 'M' 'U' 'M' 'M' 'M' 'M' 'M' 'M' 'M' 'M' 'U' 'U' 'M'
 'M' 'M' 'U' 'M' 'M' 'M' 'M' 'M' 'M' 'M' 'M' 'M' 'M' 'M' 'M' 'M' 'U' 'M'
 'U' 'M' 'M' 'M' 'M' 'M' 'M' 'M' 'M' 'M' 'M' 'M' 'M' 'M' 'M' 'M' 'M' 'M'
 'M' 'M' 'M' 'A' 'M' 'M' 'M' 'M' 'M' 'M' 'M' 'M' 'M' 'U' 'M' 'M' 'M' 'M'
 'M' 'M' 'M' 'M' 'U' 'A' 'U' 'U' 'M' 'U' 'U' 'U' 'U' 'M' 'M' 'U' 'M' 'M'
 'U' 'M' 'M' 'M' 'M' 'M' 'M' 'M' 'U' 'M' 'M' 'U' 'M' 'M' 'M' 'M' 'M' 'M'
 'M' 'M' 'M' 'M' 'M' 'U' 'M' 'M' 'M' 'M' 'M' 'M' 'M' 'M' 'A' 'A' 'M' 'M'
 'M' 'U' 'M' 'M' 'M' 'M' 'M' 'U' 'U' 'M' 'M' 'U' 'M' 'M' 'M' 'M' 'M' 'M']"
120001,0,169,7,162,29,1,0,"['A' 'M' 'M' 'M' 'M' 'M' 'M' 'M' 'M' 'U' 'U' 'M' 'M' 'M' 'M' 'U' 'U' 'M'
 'M' 'U' 'M' 'M' 'M' 'M' 'M' 'M' 'M' 'M' 'M' 'M' 'U' 'M' 'M' 'M' 'M' 'M'
 'M' 'A' 'M' 'M' 'M' 'M' 'U' 'M' 'M' 'M' 'M' 'M' 'U' 'M' 'M' 'M' 'M' 'M'
 'M' 'M' 'M' 'U' 'M' 'M' 'U' 'U' 'M' 'M' 'M' 'M' 'M' 'U' 'M' 'M' 'M' 'M'
 'U' 'M' 'M' 'M' 'U' 'M' 'M' 'M' 'M' 'M' 'U' 'M' 'M' 'M' 'M' 'M' 'M' 'M'
 'U' 'M' 'M' 'M' 'M' 'M' 'M' 'U' 'M' 'M' 'M' 'M' 'M' 'M' 'M' 'M' 'M' 'M'
 'M' 'M' 'M' 'A' 'M' 'M' 'M' 'M' 'M' 'M' 'M' 'M' 'M' 'U' 'M' 'M' 'M' 'M'
 'U' 'M' 'M' 'M' 'M' 'A' 'U' 'M' 'M' 'U' 'U' 'A' 'U' 'M' 'M' 'U' 'M' 'M'
 'M' 'M' 'M' 'M' 'M' 'M' 'M' 'M' 'U' 'M' 'M' 'M' 'M' 'M' 'M' 'M' 'M' 'M'
 'M' 'M' 'M' 'M' 'M' 'U' 'M' 'M' 'M' 'M' 'M' 'M' 'M' 'M' 'A' 'A' 'M' 'M'
 'M' 'U' 'M' 'M' 'M' 'M' 'M' 'U' 'M' 'M' 'M' 'U' 'M' 'M' 'M' 'M' 'M' 'M']"
120101,0,164,5,159,34,0,0,"['A' 'U' 'M' 'M' 'M' 'U' 'M' 'M' 'M' 'U' 'M' 'U' 'M' 'M' 'M' 'U' 'U' 'M'
 'M' 'U' 'M' 'M' 'M' 'M' 'M' 'M' 'M' 'M' 'M' 'M' 'M' 'M' 'M' 'M' 'M' 'M'
 'U' 'A' 'M' 'M' 'M' 'M' 'M' 'M' 'M' 'M' 'M' 'M' 'U' 'M' 'M' 'M' 'M' 'M'
 'U' 'M' 'M' 'U' 'M' 'M' 'M' 'U' 'M' 'M' 'M' 'M' 'M' 'M' 'M' 'M' 'M' 'M'
 'M' 'U' 'M' 'M' 'U' 'M' 'M' 'M' 'M' 'M' 'M' 'M' 'M' 'M' 'M' 'M' 'U' 'M'
 'M' 'U' 'M' 'U' 'M' 'M' 'M' 'U' 'M' 'M' 'M' 'M' 'M' 'M' 'M' 'M' 'M' 'M'
 'M' 'U' 'M' 'A' 'M' 'M' 'M' 'M' 'M' 'M' 'M' 'M' 'M' 'U' 'M' 'M' 'M' 'M'
 'M' 'M' 'M' 'U' 'M' 'U' 'U' 'M' 'U' 'U' 'U' 'A' 'U' 'M' 'M' 'U' 'M' 'M'
 'M' 'M' 'M' 'M' 'M' 'M' 'U' 'M' 'U' 'M' 'M' 'M' 'M' 'M' 'M' 'M' 'M' 'M'
 'M' 'M' 'M' 'M' 'M' 'M' 'M' 'M' 'M' 'M' 'M' 'M' 'M' 'M' 'A' 'U' 'M' 'M'
 'M' 'U' 'M' 'M' 'M' 'M' 'M' 'U' 'M' 'M' 'M' 'U' 'M' 'M' 'M' 'M' 'M' 'M']"
120201,0,163,4,159,35,0,0,"['A' 'U' 'M' 'M' 'U' 'U' 'M' 'M' 'M' 'M' 'M' 'U' 'M' 'M' 'M' 'M' 'U' 'M'
 'M' 'A' 'M' 'M' 'M' 'M' 'M' 'M' 'M' 'M' 'M' 'M' 'M' 'M' 'M' 'M' 'M' 'M'
 'U' 'U' 'M' 'M' 'M' 'M' 'M' 'M' 'M' 'M' 'M' 'M' 'M' 'M' 'M' 'M' 'M' 'M'
 'U' 'M' 'M' 'U' 'M' 'M' 'M' 'U' 'M' 'M' 'M' 'M' 'M' 'M' 'M' 'U' 'M' 'M'
 'M' 'M' 'M' 'M' 'U' 'U' 'M' 'M' 'M' 'M' 'M' 'M' 'U' 'M' 'M' 'M' 'M' 'M'
 'M' 'M' 'M' 'U' 'M' 'M' 'M' 'M' 'M' 'M' 'M' 'M' 'M' 'M' 'M' 'M' 'M' 'M'
 'M' 'U' 'M' 'A' 'M' 'M' 'M' 'M' 'M' 'M' 'M' 'M' 'M' 'U' 'M' 'M' 'M' 'M'
 'M' 'M' 'M' 'M' 'M' 'U' 'U' 'U' 'M' 'M' 'U' 'A' 'U' 'M' 'M' 'M' 'M' 'M'
 'M' 'M' 'M' 'U' 'M' 'M' 'U' 'M' 'U' 'M' 'M' 'M' 'M' 'U' 'M' 'M' 'U' 'M'
 'M' 'M' 'U' 'M' 'M' 'M' 'M' 'M' 'M' 'U' 'M' 'M' 'M' 'M' 'U' 'U' 'M' 'U'
 'M' 'U' 'M' 'M' 'M' 'M' 'U' 'U' 'M' 'M' 'M' 'M' 'M' 'M' 'M' 'M' 'M' 'M']"
120301,0,167,3,164,31,0,0,"['A' 'U' 'M' 'M' 'M' 'U' 'U' 'M' 'M' 'M' 'M' 'U' 'M' 'M' 'M' 'M' 'U' 'M'
 'M' 'A' 'M' 'M' 'M' 'M' 'M' 'M' 'M' 'M' 'M' 'M' 'M' 'M' 'M' 'M' 'M' 'M'
 'U' 'U' 'M' 'M' 'M' 'M' 'U' 'M' 'M' 'M' 'M' 'M' 'M' 'M' 'M' 'M' 'M' 'M'
 'U' 'M' 'M' 'U' 'M' 'M' 'M' 'U' 'M' 'M' 'M' 'M' 'U' 'M' 'M' 'M' 'M' 'M'
 'U' 'M' 'M' 'M' 'M' 'M' 'M' 'M' 'U' 'M' 'U' 'M' 'M' 'M' 'U' 'M' 'M' 'M'
 'M' 'M' 'M' 'M' 'M' 'M' 'M' 'M' 'M' 'M' 'M' 'M' 'M' 'M' 'M' 'M' 'M' 'M'
 'M' 'U' 'M' 'A' 'M' 'M' 'M' 'M' 'M' 'M' 'M' 'M' 'M' 'M' 'U' 'U' 'M' 'M'
 'M' 'M' 'M' 'M' 'M' 'M' 'M' 'M' 'M' 'M' 'M' 'U' 'U' 'M' 'M' 'M' 'M' 'M'
 'U' 'M' 'M' 'U' 'M' 'M' 'M' 'M' 'U' 'M' 'M' 'M' 'M' 'U' 'M' 'M' 'U' 'M'
 'M' 'M' 'U' 'M' 'M' 'M' 'M' 'M' 'M' 'U' 'M' 'M' 'M' 'M' 'U' 'U' 'M' 'M'
 'M' 'M' 'M' 'M' 'M' 'M' 'U' 'M' 'M' 'M' 'M' 'M' 'M' 'M' 'M' 'M' 'M' 'M']"
120401,0,165,4,161,33,0,0,"['A' 'U' 'M' 'M' 'M' 'M' 'M' 'M' 'M' 'U' 'M' 'U' 'M' 'M' 'M' 'M' 'M' 'U'
 'M' 'A' 'M' 'M' 'M' 'M' 'M' 'M' 'M' 'M' 'M' 'U' 'M' 'M' 'M' 'M' 'M' 'M'
 'U' 'U' 'M' 'M' 'M' 'M' 'U' 'M' 'M' 'M' 'M' 'M' 'M' 'M' 'M' 'M' 'M' 'M'
 'U' 'M' 'M' 'U' 'M' 'M' 'M' 'U' 'M' 'M' 'M' 'M' 'M' 'M' 'M' 'M' 'M' 'M'
 'M' 'M' 'M' 'M' 'M' 'U' 'M' 'M' 'M' 'M' 'M' 'M' 'M' 'U' 'M' 'U' 'M' 'M'
 'U' 'M' 'M' 'U' 'M' 'M' 'M' 'M' 'M' 'M' 'M' 'M' 'U' 'M' 'M' 'M' 'M' 'M'
 'M' 'U' 'M' 'U' 'M' 'M' 'M' 'M' 'M' 'M' 'U' 'M' 'M' 'M' 'U' 'M' 'M' 'M'
 'M' 'M' 'U' 'M' 'U' 'M' 'M' 'M' 'M' 'M' 'M' 'M' 'U' 'M' 'M' 'M' 'M' 'M'
 'M' 'M' 'M' 'U' 'M' 'M' 'M' 'M' 'A' 'M' 'M' 'M' 'M' 'U' 'M' 'M' 'U' 'M'
 'M' 'M' 'U' 'M' 'M' 'M' 'M' 'M' 'M' 'U' 'M' 'M' 'M' 'U' 'U' 'A' 'M' 'M'
 'M' 'M' 'M' 'M' 'M' 'M' 'U' 'M' 'M' 'M' 'M' 'M' 'M' 'U' 'M' 'M' 'M' 'M']"
120501,0,163,2,161,35,1,0,"['A' 'U' 'M' 'M' 'M' 'M' 'M' 'M' 'M' 'M' 'M' 'U' 'U' 'M' 'M' 'M' 'U' 'U'
 'M' 'U' 'M' 'M' 'M' 'M' 'M' 'M' 'M' 'M' 'M' 'U' 'M' 'M' 'M' 'M' 'M' 'M'
 'U' 'U' 'M' 'M' 'M' 'M' 'U' 'M' 'M' 'M' 'M' 'M' 'M' 'M' 'M' 'M' 'M' 'M'
 'U' 'M' 'M' 'U' 'M' 'M' 'M' 'U' 'M' 'M' 'M' 'M' 'M' 'M' 'U' 'M' 'M' 'M'
 'U' 'M' 'M' 'M' 'U' 'M' 'M' 'U' 'M' 'U' 'M' 'M' 'M' 'M' 'M' 'M' 'M' 'M'
 'M' 'M' 'M' 'M' 'M' 'M' 'M' 'M' 'M' 'M' 'M' 'M' 'U' 'M' 'M' 'M' 'M' 'M'
 'M' 'U' 'M' 'U' 'M' 'M' 'M' 'M' 'M' 'M' 'M' 'M' 'M' 'M' 'U' 'M' 'M' 'M'
 'M' 'M' 'U' 'M' 'U' 'M' 'M' 'M' 'M' 'M' 'M' 'M' 'M' 'M' 'M' 'M' 'M' 'M'
 'M' 'M' 'U' 'U' 'M' 'M' 'M' 'M' 'A' 'M' 'M' 'M' 'M' 'U' 'U' 'M' 'U' 'M'
 'M' 'M' 'U' 'M' 'M' 'M' 'M' 'U' 'M' 'U' 'M' 'M' 'M' 'M' 'U' 'U' 'M' 'M'
 'M' 'M' 'M' 'M' 'M' 'M' 'M' 'M' 'M' 'M' 'M' 'M' 'M' 'U' 'M' 'M' 'M' 'M']"
120601,0,166,3,163,32,0,0,"['A' 'U' 'M' 'M' 'M' 'M' 'M' 'M' 'M' 'M' 'M' 'U' 'U' 'M' 'M' 'M' 'U' 'U'
 'M' 'U' 'M' 'M' 'M' 'M' 'M' 'M' 'M' 'M' 'M' 'M' 'M' 'M' 'M' 'M' 'M' 'M'
 'U' 'M' 'M' 'U' 'M' 'M' 'M' 'M' 'M' 'M' 'M' 'M' 'M' 'U' 'M' 'M' 'U' 'M'
 'U' 'M' 'M' 'U' 'M' 'M' 'M' 'A' 'M' 'M' 'M' 'M' 'M' 'U' 'M' 'M' 'M' 'M'
 'M' 'M' 'U' 'M' 'M' 'M' 'M' 'M' 'M' 'M' 'M' 'M' 'M' 'M' 'M' 'M' 'M' 'U'
 'U' 'U' 'M' 'M' 'M' 'M' 'M' 'M' 'M' 'M' 'M' 'M' 'U' 'M' 'M' 'M' 'M' 'M'
 'M' 'U' 'M' 'U' 'M' 'M' 'M' 'M' 'M' 'M' 'M' 'M' 'M' 'M' 'M' 'M' 'M' 'M'
 'M' 'M' 'U' 'U' 'U' 'M' 'M' 'M' 'M' 'M' 'M' 'M' 'M' 'M' 'M' 'M' 'M' 'M'
 'M' 'M' 'U' 'U' 'M' 'M' 'M' 'M' 'A' 'M' 'M' 'M' 'M' 'U' 'U' 'M' 'M' 'M'
 'M' 'M' 'U' 'U' 'M' 'M' 'M' 'U' 'M' 'U' 'M' 'M' 'M' 'M' 'U' 'M' 'M' 'M'
 'M' 'M' 'M' 'M' 'M' 'M' 'M' 'M' 'M' 'M' 'M' 'M' 'M' 'M' 'M' 'M' 'M' 'M']"
120701,0,164,3,161,34,0,0,"['A' 'U' 'M' 'M' 'M' 'M' 'M' 'U' 'M' 'M' 'M' 'M' 'M' 'M' 'M' 'M' 'M' 'U'
 'M' 'M' 'M' 'M' 'M' 'M' 'M' 'M' 'M' 'U' 'M' 'M' 'M' 'M' 'U' 'M' 'M' 'U'
 'M' 'M' 'M' 'U' 'U' 'M' 'M' 'M' 'M' 'M' 'M' 'M' 'M' 'M' 'M' 'M' 'U' 'M'
 'M' 'M' 'M' 'U' 'M' 'M' 'M' 'A' 'U' 'M' 'M' 'M' 'M' 'M' 'U' 'M' 'M' 'M'
 'M' 'M' 'M' 'U' 'M' 'M' 'M' 'M' 'M' 'M' 'M' 'M' 'M' 'M' 'U' 'M' 'M' 'M'
 'M' 'M' 'U' 'U' 'M' 'M' 'M' 'M' 'U' 'M' 'M' 'M' 'U' 'M' 'M' 'U' 'M' 'M'
 'M' 'M' 'M' 'U' 'M' 'M' 'M' 'M' 'M' 'M' 'U' 'M' 'M' 'M' 'M' 'M' 'M' 'M'
 'M' 'M' 'M' 'M' 'M' 'U' 'U' 'U' 'U' 'U' 'U' 'M' 'U' 'M' 'M' 'M' 'M' 'M'
 'M' 'M' 'U' 'M' 'M' 'M' 'M' 'M' 'A' 'M' 'M' 'M' 'M' 'U' 'M' 'M' 'M' 'M'
 'M' 'M' 'U' 'U' 'M' 'M' 'M' 'U' 'M' 'U' 'M' 'M' 'M' 'M' 'M' 'M' 'M' 'M'
 'M' 'M' 'M' 'M' 'M' 'M' 'M' 'M' 'M' 'M' 'M' 'M' 'M' 'M' 'M' 'M' 'M' 'M']"
120801,0,168,3,165,30,0,0,"['A' 'M' 'M' 'M' 'M' 'M' 'M' 'M' 'U' 'M' 'M' 'M' 'M' 'M' 'M' 'M' 'M' 'A'
 'M' 'M' 'M' 'M' 'M' 'M' 'M' 'M' 'M' 'U' 'M' 'M' 'M' 'M' 'M' 'M' 'M' 'U'
 'M' 'U' 'M' 'U' 'U' 'M' 'M' 'M' 'M' 'M' 'M' 'M' 'M' 'M' 'M' 'M' 'U' 'M'
 'M' 'M' 'M' 'U' 'M' 'M' 'M' 'U' 'U' 'M' 'M' 'M' 'M' 'M' 'M' 'M' 'M' 'M'
 'U' 'M' 'M' 'M' 'M' 'M' 'U' 'U' 'M' 'M' 'M' 'M' 'M' 'M' 'M' 'M' 'M' 'U'
 'M' 'M' 'M' 'M' 'U' 'M' 'M' 'M' 'U' 'M' 'M' 'M' 'M' 'M' 'M' 'U' 'M' 'M'
 'M' 'M' 'M' 'M' 'M' 'M' 'M' 'M' 'M' 'M' 'U' 'M' 'M' 'M' 'M' 'M' 'M' 'M'
 'M' 'M' 'M' 'U' 'M' 'M' 'U' 'U' 'U' 'U' 'U' 'M' 'M' 'M' 'M' 'M' 'M' 'M'
 'M' 'M' 'U' 'M' 'M' 'M' 'M' 'M' 'A' 'M' 'M' 'M' 'M' 'U' 'M' 'M' 'M' 'M'
 'M' 'M' 'U' 'U' 'M' 'M' 'M' 'U' 'M' 'U' 'M' 'M' 'M' 'M' 'M' 'M' 'M' 'M'
 'M' 'M' 'M' 'M' 'M' 'M' 'M' 'M' 'M' 'M' 'M' 'M' 'M' 'M' 'M' 'M' 'M' 'M']"
120901,0,171,3,168,27,0,1,"['A' 'M' 'M' 'M' 'M' 'M' 'M' 'M' 'U' 'M' 'M' 'M' 'M' 'M' 'M' 'M' 'M' 'U'
 'M' 'M' 'M' 'M' 'M' 'M' 'M' 'U' 'M' 'U' 'M' 'M' 'M' 'M' 'M' 'M' 'M' 'M'
 'M' 'U' 'M' 'U' 'A' 'M' 'M' 'M' 'M' 'M' 'M' 'M' 'M' 'M' 'M' 'M' 'U' 'M'
 'M' 'M' 'M' 'M' 'M' 'M' 'M' 'U' 'M' 'M' 'M' 'M' 'M' 'M' 'M' 'M' 'M' 'U'
 'U' 'M' 'U' 'M' 'M' 'M' 'U' 'M' 'M' 'M' 'M' 'M' 'M' 'M' 'M' 'M' 'M' 'M'
 'M' 'M' 'M' 'M' 'U' 'M' 'M' 'M' 'M' 'M' 'M' 'M' 'M' 'M' 'M' 'M' 'M' 'M'
 'U' 'M' 'M' 'M' 'M' 'M' 'M' 'M' 'M' 'M' 'M' 'M' 'M' 'M' 'M' 'M' 'M' 'M'
 'M' 'M' 'M' 'U' 'M' 'M' 'U' 'U' 'U' 'U' 'U' 'U' 'U' 'M' 'M' 'M' 'M' 'M'
 'M' 'M' 'U' 'M' 'M' 'M' 'M' 'M' 'A' 'M' 'M' 'M' 'M' 'M' 'M' 'M' 'M' 'M'
 'M' 'M' 'M' 'U' 'M' 'M' 'M' 'M' 'M' 'M' 'U' 'M' 'M' 'M' 'M' 'M' 'M' 'M'
 'M' 'M' 'M' 'M' 'M' 'M' 'M' 'M' 'U' 'M' 'M' 'M' 'M' 'M' 'M' 'M' 'U' 'M']"
121001,0,174,4,170,24,0,0,"['A' 'M' 'M' 'M' 'M' 'M' 'M' 'M' 'U' 'M' 'M' 'M' 'M' 'M' 'M' 'M' 'M' 'U'
 'M' 'M' 'M' 'M' 'M' 'M' 'M' 'U' 'M' 'M' 'M' 'M' 'M' 'M' 'M' 'M' 'U' 'M'
 'M' 'M' 'M' 'U' 'A' 'M' 'M' 'M' 'M' 'M' 'M' 'M' 'M' 'M' 'M' 'M' 'A' 'M'
 'U' 'M' 'M' 'M' 'M' 'U' 'M' 'M' 'M' 'M' 'M' 'U' 'U' 'M' 'U' 'M' 'M' 'M'
 'M' 'M' 'U' 'M' 'M' 'M' 'M' 'M' 'M' 'M' 'M' 'M' 'M' 'M' 'M' 'M' 'M' 'M'
 'M' 'M' 'U' 'M' 'M' 'M' 'M' 'M' 'M' 'M' 'M' 'M' 'M' 'M' 'M' 'M' 'M' 'M'
 'U' 'M' 'M' 'M' 'M' 'M' 'M' 'M' 'M' 'M' 'M' 'M' 'M' 'M' 'M' 'M' 'M' 'M'
 'M' 'M' 'M' 'U' 'M' 'M' 'M' 'M' 'U' 'U' 'U' 'M' 'U' 'U' 'M' 'M' 'M' 'M'
 'M' 'M' 'U' 'M' 'M' 'M' 'M' 'M' 'A' 'M' 'M' 'M' 'M' 'M' 'M' 'M' 'M' 'M'
 'M' 'M' 'M' 'U' 'M' 'M' 'M' 'M' 'M' 'M' 'U' 'M' 'M' 'M' 'M' 'M' 'M' 'M'
 'M' 'M' 'M' 'M' 'M' 'M' 'M' 'M' 'M' 'M' 'M' 'M' 'M' 'M' 'U' 'M' 'U' 'M']"
121101,0,170,3,167,28,0,0,"['A' 'U' 'M' 'M' 'M' 'M' 'M' 'M' 'U' 'M' 'M' 'M' 'M' 'M' 'M' 'M' 'M' 'U'
 'U' 'M' 'M' 'M' 'M' 'M' 'M' 'M' 'M' 'M' 'M' 'M' 'M' 'M' 'M' 'M' 'U' 'M'
 'M' 'M' 'M' 'M' 'A' 'M' 'M' 'M' 'M' 'M' 'M' 'M' 'M' 'M' 'M' 'M' 'A' 'M'
 'U' 'M' 'M' 'M' 'M' 'U' 'M' 'M' 'M' 'M' 'M' 'M' 'U' 'M' 'U' 'M' 'U' 'M'
 'M' 'M' 'M' 'M' 'M' 'U' 'M' 'M' 'M' 'M' 'M' 'U' 'M' 'M' 'M' 'M' 'M' 'M'
 'M' 'M' 'M' 'M' 'M' 'M' 'M' 'M' 'M' 'M' 'M' 'M' 'M' 'M' 'M' 'M' 'M' 'M'
 'U' 'M' 'M' 'M' 'M' 'M' 'M' 'U' 'M' 'M' 'M' 'M' 'M' 'M' 'M' 'M' 'M' 'M'
 'M' 'M' 'M' 'U' 'U' 'M' 'M' 'M' 'U' 'U' 'U' 'M' 'U' 'U' 'M' 'M' 'M' 'M'
 'M' 'M' 'U' 'M' 'M' 'M' 'M' 'M' 'U' 'M' 'M' 'M' 'M' 'M' 'M' 'M' 'M' 'M'
 'M' 'M' 'M' 'M' 'M' 'M' 'M' 'M' 'U' 'M' 'U' 'M' 'M' 'M' 'M' 'M' 'M' 'U'
 'M' 'M' 'M' 'M' 'M' 'M' 'M' 'M' 'M' 'M' 'M' 'M' 'M' 'M' 'U' 'M' 'U' 'M']"
121201,0,167,3,164,31,0,0,"['A' 'M' 'M' 'M' 'M' 'M' 'M' 'M' 'U' 'M' 'M' 'M' 'M' 'M' 'M' 'M' 'M' 'U'
 'U' 'M' 'M' 'M' 'M' 'U' 'M' 'M' 'M' 'M' 'U' 'M' 'M' 'M' 'M' 'M' 'U' 'M'
 'M' 'M' 'M' 'M' 'U' 'M' 'M' 'M' 'M' 'M' 'U' 'M' 'M' 'M' 'M' 'M' 'A' 'M'
 'U' 'M' 'M' 'M' 'M' 'U' 'M' 'M' 'M' 'M' 'U' 'U' 'M' 'M' 'M' 'M' 'M' 'M'
 'M' 'U' 'U' 'M' 'M' 'U' 'M' 'M' 'M' 'M' 'M' 'M' 'M' 'M' 'M' 'M' 'M' 'M'
 'M' 'M' 'U' 'M' 'M' 'U' 'M' 'M' 'M' 'M' 'M' 'M' 'M' 'M' 'M' 'M' 'M' 'M'
 'U' 'M' 'M' 'M' 'M' 'M' 'M' 'U' 'M' 'M' 'M' 'M' 'M' 'M' 'M' 'M' 'M' 'M'
 'M' 'M' 'M' 'U' 'U' 'M' 'M' 'M' 'A' 'U' 'U' 'M' 'U' 'U' 'M' 'M' 'M' 'M'
 'M' 'M' 'U' 'M' 'M' 'M' 'M' 'M' 'U' 'M' 'M' 'M' 'M' 'M' 'M' 'M' 'M' 'M'
 'M' 'M' 'M' 'M' 'M' 'U' 'M' 'M' 'M' 'M' 'M' 'M' 'M' 'M' 'M' 'M' 'M' 'U'
 'M' 'M' 'M' 'M' 'M' 'M' 'M' 'M' 'M' 'M' 'M' 'M' 'M' 'M' 'U' 'M' 'U' 'M']"
121301,0,163,3,160,35,0,0,"['A' 'M' 'M' 'M' 'M' 'M' 'M' 'M' 'U' 'M' 'M' 'M' 'U' 'M' 'M' 'U' 'M' 'U'
 'M' 'M' 'M' 'M' 'M' 'U' 'M' 'M' 'M' 'M' 'U' 'M' 'M' 'M' 'M' 'M' 'U' 'M'
 'M' 'M' 'M' 'M' 'U' 'M' 'M' 'M' 'M' 'M' 'U' 'M' 'M' 'M' 'M' 'M' 'A' 'M'
 'U' 'M' 'M' 'U' 'M' 'U' 'M' 'M' 'M' 'M' 'U' 'U' 'M' 'M' 'M' 'M' 'M' 'M'
 'U' 'M' 'M' 'M' 'M' 'M' 'M' 'M' 'M' 'M' 'U' 'M' 'M' 'U' 'M' 'M' 'M' 'M'
 'M' 'M' 'M' 'U' 'M' 'U' 'M' 'M' 'M' 'M' 'U' 'M' 'M' 'U' 'M' 'M' 'M' 'M'
 'M' 'M' 'M' 'M' 'M' 'M' 'M' 'U' 'M' 'M' 'M' 'M' 'M' 'M' 'M' 'M' 'M' 'M'
 'M' 'M' 'M' 'M' 'U' 'M' 'M' 'M' 'A' 'U' 'U' 'M' 'U' 'U' 'M' 'M' 'M' 'M'
 'M' 'M' 'U' 'M' 'M' 'M' 'U' 'M' 'M' 'M' 'M' 'M' 'U' 'M' 'M' 'M' 'M' 'M'
 'M' 'M' 'M' 'M' 'M' 'U' 'M' 'M' 'U' 'M' 'M' 'M' 'M' 'M' 'M' 'M' 'M' 'U'
 'M' 'M' 'M' 'M' 'M' 'M' 'M' 'M' 'M' 'M' 'M' 'M' 'M' 'M' 'U' 'M' 'U' 'M']"
121401,0,163,2,161,35,0,0,"['A' 'M' 'M' 'M' 'M' 'M' 'M' 'M' 'U' 'M' 'M' 'M' 'M' 'M' 'M' 'U' 'M' 'M'
 'M' 'M' 'M' 'M' 'M' 'U' 'M' 'M' 'M' 'M' 'U' 'M' 'M' 'M' 'M' 'M' 'M' 'M'
 'U' 'M' 'M' 'M' 'U' 'M' 'U' 'M' 'U' 'M' 'U' 'M' 'M' 'M' 'M' 'M' 'U' 'M'
 'U' 'M' 'M' 'U' 'M' 'U' 'M' 'M' 'M' 'M' 'U' 'M' 'M' 'U' 'M' 'U' 'M' 'U'
 'M' 'M' 'M' 'M' 'M' 'M' 'M' 'M' 'M' 'M' 'M' 'M' 'M' 'M' 'M' 'M' 'U' 'M'
 'M' 'M' 'U' 'M' 'M' 'U' 'M' 'M' 'M' 'M' 'M' 'M' 'M' 'M' 'M' 'M' 'M' 'M'
 'M' 'M' 'M' 'M' 'M' 'M' 'M' 'U' 'M' 'M' 'M' 'M' 'M' 'M' 'M' 'U' 'M' 'M'
 'M' 'M' 'M' 'M' 'U' 'U' 'U' 'M' 'A' 'U' 'U' 'U' 'U' 'U' 'M' 'M' 'M' 'M'
 'M' 'M' 'M' 'M' 'M' 'M' 'M' 'M' 'M' 'M' 'M' 'M' 'U' 'M' 'M' 'M' 'M' 'M'
 'M' 'M' 'M' 'U' 'M' 'M' 'M' 'M' 'M' 'M' 'M' 'M' 'M' 'M' 'M' 'M' 'M' 'U'
 'M' 'M' 'M' 'M' 'M' 'M' 'M' 'M' 'M' 'M' 'M' 'M' 'M' 'M' 'U' 'M' 'U' 'M']"
121501,0,162,3,159,36,0,0,"['A' 'M' 'M' 'M' 'M' 'M' 'M' 'M' 'U' 'M' 'M' 'U' 'M' 'U' 'M' 'M' 'U' 'M'
 'M' 'M' 'M' 'M' 'M' 'U' 'M' 'M' 'M' 'M' 'U' 'M' 'M' 'M' 'M' 'M' 'M' 'M'
 'U' 'M' 'M' 'M' 'U' 'M' 'U' 'M' 'U' 'U' 'M' 'U' 'M' 'M' 'M' 'M' 'U' 'M'
 'U' 'M' 'M' 'U' 'M' 'U' 'M' 'M' 'M' 'M' 'U' 'M' 'M' 'M' 'U' 'M' 'M' 'M'
 'M' 'M' 'U' 'U' 'M' 'M' 'M' 'M' 'M' 'M' 'U' 'M' 'M' 'M' 'M' 'M' 'M' 'M'
 'M' 'M' 'U' 'M' 'M' 'U' 'M' 'M' 'M' 'M' 'M' 'M' 'M' 'M' 'M' 'M' 'M' 'M'
 'M' 'M' 'M' 'M' 'M' 'M' 'M' 'M' 'M' 'M' 'M' 'M' 'M' 'M' 'M' 'U' 'M' 'M'
 'M' 'M' 'M' 'M' 'U' 'U' 'U' 'M' 'A' 'U' 'A' 'U' 'U' 'M' 'M' 'M' 'M' 'M'
 'M' 'M' 'M' 'M' 'M' 'M' 'M' 'M' 'M' 'M' 'M' 'M' 'U' 'M' 'M' 'M' 'M' 'M'
 'M' 'M' 'M' 'U' 'M' 'M' 'M' 'M' 'M' 'M' 'M' 'M' 'M' 'M' 'M' 'M' 'M' 'U'
 'M' 'M' 'M' 'U' 'M' 'M' 'M' 'M' 'M' 'M' 'M' 'M' 'M' 'M' 'U' 'M' 'U' 'M']"
121601,0,168,3,165,30,0,0,"['A' 'M' 'M' 'M' 'M' 'M' 'M' 'M' 'U' 'U' 'M' 'M' 'M' 'M' 'M' 'M' 'U' 'M'
 'M' 'M' 'M' 'M' 'M' 'U' 'M' 'M' 'M' 'M' 'U' 'M' 'M' 'M' 'M' 'M' 'M' 'U'
 'M' 'M' 'M' 'M' 'U' 'M' 'U' 'M' 'M' 'M' 'M' 'U' 'M' 'M' 'M' 'M' 'U' 'M'
 'U' 'M' 'M' 'U' 'M' 'M' 'M' 'M' 'M' 'M' 'M' 'M' 'M' 'M' 'U' 'M' 'M' 'M'
 'M' 'M' 'M' 'M' 'M' 'M' 'U' 'U' 'M' 'M' 'M' 'M' 'M' 'M' 'M' 'U' 'M' 'M'
 'M' 'M' 'U' 'M' 'M' 'U' 'M' 'M' 'M' 'M' 'M' 'M' 'M' 'M' 'M' 'M' 'M' 'U'
 'M' 'M' 'M' 'M' 'M' 'M' 'M' 'M' 'M' 'M' 'M' 'M' 'M' 'M' 'M' 'M' 'M' 'U'
 'M' 'M' 'M' 'M' 'U' 'U' 'M' 'M' 'A' 'M' 'A' 'U' 'U' 'M' 'M' 'M' 'M' 'M'
 'M' 'M' 'M' 'M' 'M' 'M' 'M' 'M' 'M' 'M' 'M' 'M' 'M' 'M' 'M' 'M' 'M' 'M'
 'M' 'M' 'M' 'M' 'M' 'U' 'M' 'M' 'M' 'M' 'U' 'M' 'M' 'M' 'M' 'M' 'M' 'U'
 'M' 'M' 'M' 'U' 'M' 'M' 'M' 'M' 'M' 'M' 'M' 'M' 'M' 'M' 'U' 'M' 'U' 'M']"
121701,0,169,2,167,29,0,0,"['A' 'M' 'M' 'M' 'M' 'M' 'M' 'M' 'M' 'M' 'M' 'M' 'M' 'M' 'M' 'M' 'U' 'M'
 'M' 'M' 'M' 'M' 'U' 'M' 'M' 'M' 'M' 'M' 'U' 'M' 'M' 'M' 'M' 'M' 'M' 'M'
 'M' 'M' 'M' 'U' 'U' 'M' 'U' 'M' 'M' 'M' 'M' 'U' 'M' 'M' 'M' 'M' 'U' 'M'
 'U' 'M' 'M' 'U' 'M' 'M' 'M' 'M' 'M' 'M' 'M' 'M' 'U' 'M' 'M' 'M' 'M' 'M'
 'M' 'M' 'M' 'U' 'M' 'M' 'M' 'M' 'M' 'M' 'U' 'M' 'M' 'M' 'U' 'M' 'M' 'M'
 'M' 'M' 'U' 'M' 'M' 'U' 'M' 'M' 'M' 'M' 'M' 'M' 'M' 'M' 'M' 'M' 'M' 'M'
 'M' 'U' 'U' 'M' 'M' 'M' 'M' 'M' 'M' 'M' 'M' 'M' 'M' 'M' 'M' 'U' 'M' 'U'
 'M' 'M' 'M' 'M' 'M' 'M' 'M' 'M' 'A' 'M' 'U' 'U' 'U' 'M' 'M' 'M' 'M' 'M'
 'M' 'M' 'M' 'M' 'M' 'M' 'M' 'M' 'M' 'M' 'U' 'M' 'M' 'U' 'M' 'M' 'M' 'M'
 'M' 'M' 'M' 'M' 'M' 'U' 'M' 'M' 'M' 'M' 'U' 'M' 'M' 'M' 'M' 'M' 'M' 'U'
 'M' 'M' 'M' 'M' 'M' 'M' 'M' 'M' 'M' 'M' 'M' 'M' 'M' 'M' 'M' 'M' 'U' 'M']"
121801,0,170,2,168,28,0,0,"['A' 'U' 'M' 'M' 'M' 'M' 'M' 'M' 'M' 'M' 'M' 'M' 'M' 'M' 'M' 'M' 'U' 'M'
 'M' 'M' 'M' 'M' 'U' 'M' 'M' 'M' 'M' 'M' 'U' 'M' 'M' 'M' 'M' 'M' 'M' 'M'
 'M' 'M' 'M' 'U' 'M' 'M' 'U' 'M' 'M' 'M' 'M' 'M' 'U' 'M' 'M' 'M' 'U' 'M'
 'M' 'M' 'U' 'U' 'M' 'M' 'M' 'M' 'M' 'M' 'M' 'M' 'M' 'M' 'M' 'M' 'M' 'M'
 'U' 'M' 'M' 'M' 'M' 'M' 'U' 'M' 'M' 'M' 'U' 'M' 'M' 'M' 'M' 'M' 'M' 'M'
 'U' 'U' 'M' 'M' 'M' 'U' 'M' 'M' 'M' 'M' 'M' 'M' 'M' 'U' 'M' 'M' 'M' 'M'
 'M' 'M' 'U' 'M' 'M' 'M' 'M' 'M' 'U' 'M' 'M' 'M' 'M' 'M' 'M' 'M' 'M' 'U'
 'M' 'M' 'M' 'M' 'M' 'M' 'M' 'M' 'A' 'M' 'U' 'U' 'M' 'M' 'M' 'M' 'M' 'M'
 'U' 'M' 'M' 'M' 'M' 'U' 'M' 'M' 'M' 'M' 'U' 'M' 'M' 'M' 'M' 'M' 'M' 'M'
 'M' 'M' 'M' 'M' 'M' 'M' 'M' 'M' 'M' 'M' 'U' 'M' 'M' 'M' 'M' 'M' 'M' 'M'
 'M' 'M' 'M' 'M' 'M' 'M' 'M' 'M' 'U' 'M' 'M' 'M' 'M' 'M' 'M' 'M' 'U' 'M']"
121901,0,164,2,162,34,0,0,"['A' 'U' 'M' 'M' 'M' 'M' 'M' 'M' 'U' 'M' 'M' 'M' 'M' 'M' 'M' 'M' 'U' 'M'
 'M' 'M' 'M' 'M' 'U' 'M' 'M' 'M' 'M' 'M' 'M' 'M' 'M' 'M' 'M' 'M' 'M' 'M'
 'M' 'M' 'M' 'U' 'M' 'M' 'U' 'M' 'M' 'M' 'M' 'M' 'U' 'M' 'M' 'M' 'U' 'M'
 'M' 'M' 'U' 'U' 'M' 'M' 'M' 'M' 'M' 'M' 'M' 'M' 'M' 'M' 'M' 'M' 'U' 'U'
 'M' 'M' 'M' 'U' 'M' 'M' 'U' 'M' 'M' 'M' 'M' 'M' 'M' 'M' 'M' 'M' 'M' 'M'
 'M' 'M' 'M' 'U' 'M' 'U' 'M' 'M' 'M' 'M' 'M' 'M' 'M' 'U' 'M' 'M' 'M' 'M'
 'U' 'M' 'U' 'M' 'U' 'M' 'M' 'M' 'U' 'M' 'M' 'U' 'M' 'M' 'M' 'M' 'M' 'U'
 'M' 'M' 'M' 'M' 'M' 'U' 'U' 'M' 'A' 'U' 'U' 'U' 'U' 'M' 'M' 'M' 'M' 'M'
 'U' 'M' 'M' 'M' 'M' 'M' 'M' 'M' 'U' 'M' 'M' 'M' 'M' 'M' 'M' 'M' 'M' 'M'
 'M' 'M' 'M' 'M' 'M' 'M' 'M' 'M' 'M' 'M' 'U' 'M' 'M' 'M' 'M' 'M' 'M' 'M'
 'M' 'M' 'M' 'M' 'M' 'M' 'M' 'M' 'U' 'M' 'M' 'M' 'M' 'M' 'M' 'M' 'U' 'M']"
122001,0,164,3,161,34,0,0,"['A' 'U' 'M' 'M' 'M' 'M' 'M' 'M' 'U' 'M' 'M' 'M' 'M' 'M' 'M' 'M' 'U' 'M'
 'M' 'M' 'M' 'M' 'U' 'M' 'M' 'M' 'M' 'M' 'M' 'M' 'U' 'M' 'M' 'M' 'M' 'M'
 'M' 'M' 'M' 'U' 'M' 'M' 'U' 'M' 'M' 'M' 'M' 'M' 'M' 'M' 'M' 'M' 'U' 'M'
 'M' 'M' 'U' 'U' 'M' 'M' 'M' 'M' 'M' 'M' 'M' 'M' 'M' 'M' 'M' 'M' 'M' 'M'
 'M' 'M' 'M' 'M' 'M' 'M' 'M' 'M' 'M' 'U' 'M' 'U' 'M' 'M' 'M' 'M' 'M' 'U'
 'M' 'U' 'M' 'M' 'U' 'U' 'M' 'M' 'M' 'M' 'U' 'M' 'M' 'A' 'M' 'M' 'M' 'M'
 'M' 'M' 'M' 'M' 'U' 'M' 'M' 'M' 'U' 'M' 'M' 'U' 'M' 'M' 'M' 'M' 'M' 'U'
 'M' 'M' 'M' 'U' 'M' 'U' 'U' 'U' 'A' 'U' 'M' 'U' 'U' 'M' 'M' 'M' 'M' 'M'
 'U' 'M' 'M' 'M' 'M' 'M' 'M' 'M' 'U' 'M' 'M' 'M' 'U' 'M' 'M' 'M' 'M' 'M'
 'M' 'M' 'M' 'M' 'M' 'M' 'M' 'M' 'M' 'M' 'U' 'M' 'M' 'M' 'M' 'M' 'M' 'M'
 'M' 'M' 'M' 'M' 'U' 'M' 'M' 'M' 'U' 'M' 'M' 'M' 'M' 'M' 'M' 'M' 'M' 'M']"
122101,0,168,1,167,30,0,0,"['A' 'U' 'M' 'M' 'M' 'M' 'U' 'M' 'M' 'M' 'M' 'M' 'M' 'M' 'M' 'M' 'M' 'M'
 'M' 'U' 'M' 'M' 'U' 'M' 'M' 'U' 'M' 'M' 'M' 'M' 'U' 'M' 'M' 'M' 'M' 'M'
 'M' 'M' 'M' 'U' 'U' 'M' 'M' 'M' 'M' 'M' 'M' 'M' 'M' 'M' 'M' 'M' 'M' 'M'
 'M' 'M' 'M' 'U' 'M' 'M' 'M' 'M' 'M' 'M' 'M' 'M' 'M' 'M' 'U' 'M' 'M' 'M'
 'M' 'M' 'M' 'U' 'M' 'U' 'M' 'M' 'M' 'M' 'M' 'M' 'U' 'M' 'M' 'M' 'M' 'M'
 'U' 'M' 'M' 'M' 'M' 'M' 'M' 'M' 'M' 'M' 'U' 'M' 'M' 'U' 'M' 'M' 'M' 'M'
 'M' 'M' 'M' 'M' 'M' 'M' 'M' 'U' 'U' 'M' 'M' 'U' 'M' 'M' 'M' 'M' 'M' 'M'
 'M' 'M' 'M' 'U' 'M' 'U' 'U' 'M' 'U' 'U' 'M' 'U' 'M' 'M' 'M' 'M' 'M' 'M'
 'U' 'M' 'M' 'M' 'M' 'U' 'M' 'M' 'M' 'M' 'M' 'M' 'M' 'M' 'M' 'M' 'U' 'M'
 'M' 'M' 'M' 'M' 'M' 'M' 'M' 'M' 'M' 'M' 'U' 'M' 'M' 'M' 'M' 'M' 'M' 'M'
 'M' 'M' 'M' 'M' 'M' 'M' 'M' 'M' 'U' 'M' 'M' 'M' 'M' 'M' 'M' 'M' 'M' 'M']"
122201,0,167,2,165,31,0,0,"['A' 'U' 'M' 'M' 'M' 'M' 'U' 'M' 'U' 'M' 'M' 'M' 'M' 'M' 'M' 'M' 'M' 'M'
 'M' 'M' 'M' 'M' 'M' 'M' 'M' 'U' 'U' 'M' 'M' 'M' 'U' 'M' 'M' 'M' 'M' 'M'
 'M' 'M' 'M' 'M' 'M' 'M' 'M' 'M' 'M' 'M' 'M' 'M' 'M' 'M' 'M' 'M' 'M' 'M'
 'M' 'M' 'M' 'U' 'M' 'M' 'M' 'U' 'U' 'M' 'M' 'U' 'M' 'M' 'M' 'M' 'M' 'M'
 'M' 'M' 'M' 'M' 'M' 'M' 'U' 'M' 'M' 'M' 'U' 'M' 'U' 'M' 'M' 'M' 'M' 'M'
 'U' 'M' 'M' 'M' 'M' 'M' 'M' 'M' 'M' 'M' 'U' 'M' 'M' 'U' 'M' 'M' 'M' 'M'
 'M' 'M' 'M' 'M' 'M' 'M' 'M' 'U' 'M' 'M' 'U' 'U' 'M' 'M' 'M' 'M' 'M' 'M'
 'U' 'M' 'M' 'U' 'M' 'U' 'A' 'M' 'U' 'U' 'M' 'U' 'M' 'M' 'M' 'M' 'M' 'M'
 'U' 'M' 'U' 'M' 'M' 'U' 'M' 'M' 'M' 'M' 'M' 'M' 'M' 'M' 'M' 'M' 'U' 'M'
 'M' 'M' 'M' 'M' 'M' 'M' 'M' 'M' 'M' 'M' 'U' 'M' 'M' 'M' 'M' 'M' 'M' 'M'
 'M' 'M' 'M' 'M' 'M' 'M' 'M' 'M' 'U' 'M' 'M' 'M' 'M' 'M' 'M' 'M' 'M' 'M']"
122301,0,174,3,171,24,0,0,"['A' 'U' 'M' 'M' 'M' 'M' 'U' 'M' 'U' 'M' 'U' 'M' 'M' 'M' 'M' 'M' 'M' 'M'
 'M' 'M' 'M' 'M' 'M' 'M' 'M' 'U' 'U' 'M' 'M' 'M' 'U' 'M' 'M' 'M' 'M' 'M'
 'M' 'M' 'M' 'M' 'M' 'M' 'M' 'M' 'M' 'M' 'M' 'M' 'M' 'M' 'M' 'M' 'M' 'M'
 'U' 'M' 'M' 'U' 'M' 'M' 'M' 'M' 'M' 'M' 'M' 'M' 'M' 'M' 'M' 'M' 'M' 'M'
 'M' 'M' 'U' 'M' 'U' 'M' 'M' 'M' 'M' 'M' 'U' 'M' 'M' 'U' 'M' 'M' 'M' 'M'
 'M' 'M' 'M' 'U' 'M' 'M' 'M' 'M' 'M' 'M' 'U' 'M' 'M' 'U' 'M' 'M' 'M' 'M'
 'M' 'M' 'M' 'M' 'M' 'M' 'M' 'M' 'M' 'M' 'A' 'U' 'M' 'M' 'M' 'M' 'M' 'M'
 'M' 'M' 'M' 'U' 'M' 'M' 'A' 'M' 'U' 'U' 'M' 'M' 'M' 'M' 'M' 'M' 'M' 'M'
 'M' 'M' 'M' 'M' 'M' 'M' 'M' 'M' 'M' 'M' 'M' 'M' 'U' 'M' 'M' 'M' 'U' 'M'
 'M' 'M' 'M' 'U' 'M' 'M' 'M' 'M' 'M' 'M' 'M' 'M' 'M' 'M' 'M' 'M' 'M' 'M'
 'M' 'M' 'M' 'M' 'M' 'M' 'M' 'M' 'U' 'M' 'M' 'M' 'M' 'M' 'M' 'M' 'M' 'M']"
122401,1,172,5,167,26,0,0,"['A' 'U' 'M' 'M' 'M' 'M' 'M' 'U' 'U' 'M' 'U' 'M' 'M' 'M' 'M' 'M' 'M' 'M'
 'M' 'M' 'M' 'M' 'M' 'M' 'M' 'U' 'U' 'M' 'M' 'M' 'U' 'M' 'M' 'M' 'M' 'A'
 'M' 'M' 'M' 'M' 'M' 'M' 'M' 'M' 'M' 'M' 'M' 'M' 'M' 'M' 'M' 'M' 'M' 'M'
 'U' 'M' 'M' 'U' 'M' 'M' 'M' 'M' 'M' 'M' 'M' 'M' 'M' 'M' 'M' 'M' 'M' 'M'
 'M' 'M' 'M' 'M' 'M' 'M' 'M' 'M' 'M' 'M' 'M' 'M' 'U' 'U' 'M' 'U' 'M' 'M'
 'M' 'U' 'U' 'M' 'M' 'M' 'M' 'M' 'M' 'M' 'A' 'M' 'M' 'U' 'M' 'M' 'M' 'M'
 'M' 'M' 'M' 'M' 'M' 'M' 'M' 'M' 'M' 'M' 'A' 'U' 'M' 'M' 'M' 'U' 'M' 'M'
 'M' 'M' 'M' 'U' 'M' 'U' 'A' 'U' 'U' 'U' 'U' 'M' 'M' 'M' 'M' 'M' 'M' 'M'
 'M' 'M' 'M' 'M' 'M' 'M' 'M' 'M' 'M' 'M' 'M' 'M' 'U' 'M' 'M' 'M' 'U' 'M'
 'M' 'M' 'U' 'M' 'M' 'M' 'M' 'M' 'M' 'M' 'M' 'M' 'M' 'M' 'M' 'M' 'M' 'M'
 'M' 'M' 'M' 'M' 'M' 'M' 'M' 'M' 'M' 'M' 'M' 'M' 'M' 'M' 'M' 'M' 'M' 'M']"
122501,0,167,4,163,31,0,0,"['A' 'U' 'M' 'M' 'M' 'M' 'M' 'U' 'U' 'M' 'U' 'M' 'M' 'M' 'M' 'M' 'M' 'M'
 'M' 'M' 'M' 'M' 'M' 'M' 'U' 'U' 'U' 'M' 'M' 'M' 'U' 'M' 'M' 'M' 'M' 'A'
 'M' 'M' 'M' 'M' 'M' 'M' 'M' 'M' 'M' 'M' 'M' 'M' 'M' 'M' 'M' 'M' 'M' 'M'
 'U' 'M' 'M' 'U' 'U' 'M' 'M' 'U' 'M' 'M' 'M' 'M' 'M' 'M' 'M' 'M' 'M' 'M'
 'M' 'M' 'M' 'M' 'U' 'M' 'M' 'M' 'M' 'M' 'M' 'M' 'M' 'M' 'M' 'U' 'U' 'M'
 'M' 'U' 'M' 'M' 'U' 'M' 'M' 'M' 'M' 'M' 'A' 'M' 'M' 'U' 'M' 'M' 'M' 'M'
 'M' 'M' 'M' 'M' 'M' 'M' 'M' 'M' 'M' 'M' 'A' 'U' 'M' 'M' 'M' 'U' 'M' 'M'
 'U' 'M' 'M' 'M' 'M' 'U' 'U' 'M' 'U' 'M' 'M' 'U' 'U' 'M' 'M' 'M' 'M' 'M'
 'M' 'M' 'M' 'M' 'M' 'M' 'M' 'M' 'M' 'M' 'M' 'M' 'U' 'M' 'M' 'M' 'U' 'M'
 'M' 'M' 'M' 'M' 'M' 'M' 'M' 'M' 'M' 'U' 'M' 'U' 'M' 'M' 'M' 'M' 'M' 'M'
 'M' 'M' 'M' 'M' 'M' 'M' 'M' 'M' 'M' 'M' 'M' 'M' 'M' 'U' 'M' 'M' 'M' 'M']"
122601,0,161,4,157,37,0,0,"['A' 'U' 'U' 'M' 'M' 'U' 'M' 'U' 'U' 'M' 'U' 'M' 'M' 'M' 'M' 'M' 'M' 'M'
 'M' 'M' 'M' 'M' 'M' 'M' 'U' 'U' 'U' 'M' 'M' 'M' 'M' 'M' 'M' 'M' 'M' 'A'
 'M' 'M' 'M' 'M' 'M' 'M' 'M' 'M' 'M' 'M' 'M' 'M' 'M' 'M' 'M' 'M' 'M' 'M'
 'U' 'M' 'M' 'U' 'A' 'M' 'M' 'U' 'M' 'M' 'M' 'U' 'M' 'M' 'M' 'M' 'M' 'M'
 'M' 'U' 'M' 'U' 'M' 'M' 'M' 'M' 'M' 'M' 'M' 'M' 'U' 'M' 'M' 'M' 'U' 'M'
 'M' 'M' 'M' 'M' 'M' 'M' 'M' 'M' 'M' 'M' 'A' 'M' 'M' 'U' 'M' 'M' 'M' 'M'
 'M' 'M' 'M' 'M' 'M' 'M' 'M' 'M' 'M' 'M' 'M' 'M' 'M' 'M' 'M' 'U' 'M' 'U'
 'M' 'U' 'M' 'M' 'M' 'M' 'U' 'U' 'U' 'U' 'M' 'U' 'U' 'M' 'M' 'M' 'M' 'M'
 'M' 'U' 'M' 'M' 'M' 'U' 'M' 'M' 'M' 'M' 'M' 'M' 'U' 'M' 'M' 'M' 'U' 'M'
 'M' 'M' 'M' 'M' 'U' 'M' 'M' 'M' 'M' 'U' 'M' 'U' 'M' 'M' 'M' 'U' 'M' 'M'
 'M' 'M' 'M' 'M' 'M' 'U' 'M' 'M' 'M' 'M' 'M' 'M' 'M' 'U' 'M' 'M' 'M' 'M']"
122701,0,160,3,157,38,0,0,"['A' 'U' 'U' 'M' 'M' 'M' 'M' 'U' 'U' 'M' 'M' 'M' 'M' 'U' 'M' 'M' 'M' 'M'
 'M' 'M' 'M' 'M' 'M' 'M' 'U' 'U' 'M' 'M' 'M' 'M' 'M' 'M' 'M' 'M' 'M' 'U'
 'M' 'M' 'M' 'M' 'M' 'M' 'M' 'M' 'M' 'M' 'M' 'M' 'M' 'M' 'M' 'M' 'M' 'M'
 'M' 'M' 'M' 'U' 'A' 'M' 'M' 'U' 'M' 'M' 'M' 'M' 'U' 'M' 'M' 'M' 'M' 'M'
 'U' 'M' 'U' 'M' 'M' 'M' 'M' 'M' 'M' 'M' 'M' 'M' 'M' 'M' 'M' 'M' 'M' 'M'
 'M' 'U' 'M' 'M' 'U' 'M' 'M' 'M' 'M' 'M' 'A' 'M' 'M' 'U' 'M' 'M' 'M' 'M'
 'M' 'M' 'M' 'M' 'M' 'U' 'M' 'M' 'M' 'M' 'M' 'U' 'M' 'M' 'M' 'U' 'M' 'M'
 'M' 'U' 'M' 'M' 'U' 'M' 'U' 'U' 'U' 'U' 'M' 'M' 'U' 'M' 'M' 'M' 'M' 'M'
 'M' 'U' 'M' 'M' 'M' 'U' 'M' 'M' 'M' 'M' 'M' 'M' 'U' 'M' 'M' 'M' 'U' 'M'
 'M' 'M' 'U' 'M' 'U' 'M' 'M' 'M' 'M' 'U' 'M' 'U' 'M' 'M' 'M' 'U' 'M' 'M'
 'M' 'M' 'M' 'M' 'U' 'M' 'M' 'M' 'M' 'M' 'M' 'U' 'U' 'M' 'M' 'M' 'M' 'M']"
122801,1,158,2,156,40,0,0,"['A' 'M' 'M' 'M' 'U' 'M' 'M' 'U' 'U' 'M' 'M' 'M' 'M' 'U' 'M' 'M' 'M' 'M'
 'M' 'M' 'M' 'M' 'M' 'M' 'U' 'U' 'M' 'M' 'M' 'M' 'M' 'M' 'M' 'M' 'M' 'U'
 'M' 'M' 'M' 'M' 'M' 'M' 'M' 'M' 'M' 'M' 'M' 'M' 'M' 'M' 'M' 'M' 'M' 'M'
 'M' 'M' 'M' 'U' 'U' 'M' 'M' 'U' 'M' 'M' 'M' 'U' 'M' 'M' 'U' 'M' 'M' 'M'
 'M' 'M' 'M' 'M' 'U' 'M' 'U' 'U' 'M' 'M' 'M' 'M' 'M' 'M' 'M' 'M' 'M' 'M'
 'M' 'M' 'M' 'M' 'M' 'M' 'M' 'M' 'M' 'M' 'A' 'M' 'M' 'U' 'M' 'M' 'M' 'M'
 'M' 'M' 'M' 'M' 'M' 'M' 'M' 'M' 'M' 'M' 'M' 'M' 'M' 'M' 'M' 'U' 'M' 'M'
 'M' 'U' 'M' 'M' 'U' 'U' 'U' 'U' 'U' 'U' 'U' 'M' 'U' 'M' 'M' 'M' 'M' 'M'
 'M' 'U' 'M' 'M' 'M' 'U' 'M' 'M' 'M' 'M' 'M' 'M' 'U' 'M' 'M' 'M' 'U' 'M'
 'M' 'M' 'U' 'M' 'U' 'M' 'U' 'M' 'M' 'U' 'M' 'U' 'M' 'U' 'M' 'U' 'M' 'M'
 'M' 'M' 'M' 'U' 'U' 'M' 'M' 'M' 'M' 'M' 'M' 'U' 'M' 'M' 'M' 'M' 'M' 'M']"
122901,0,158,1,157,40,0,1,"['A' 'M' 'M' 'M' 'U' 'M' 'M' 'U' 'U' 'M' 'M' 'M' 'M' 'U' 'M' 'M' 'M' 'M'
 'M' 'M' 'M' 'M' 'M' 'M' 'U' 'U' 'M' 'M' 'M' 'M' 'M' 'M' 'M' 'M' 'M' 'U'
 'M' 'M' 'M' 'M' 'M' 'M' 'M' 'U' 'M' 'M' 'M' 'M' 'M' 'M' 'M' 'M' 'M' 'M'
 'M' 'U' 'M' 'U' 'U' 'U' 'M' 'U' 'M' 'M' 'M' 'M' 'M' 'M' 'M' 'M' 'M' 'M'
 'M' 'M' 'M' 'M' 'U' 'U' 'M' 'M' 'M' 'M' 'M' 'M' 'M' 'U' 'U' 'M' 'M' 'M'
 'M' 'M' 'U' 'M' 'M' 'M' 'M' 'M' 'M' 'M' 'U' 'M' 'M' 'U' 'M' 'M' 'M' 'M'
 'M' 'M' 'M' 'M' 'M' 'M' 'M' 'M' 'M' 'M' 'M' 'M' 'M' 'M' 'M' 'U' 'M' 'M'
 'M' 'M' 'M' 'M' 'U' 'U' 'U' 'M' 'M' 'U' 'U' 'U' 'U' 'M' 'M' 'M' 'M' 'M'
 'M' 'U' 'M' 'M' 'M' 'U' 'M' 'M' 'M' 'M' 'M' 'M' 'U' 'M' 'M' 'M' 'U' 'M'
 'M' 'M' 'U' 'M' 'U' 'M' 'U' 'M' 'M' 'U' 'U' 'U' 'M' 'M' 'M' 'M' 'M' 'M'
 'M' 'M' 'M' 'M' 'M' 'M' 'M' 'M' 'M' 'M' 'M' 'U' 'M' 'M' 'M' 'M' 'M' 'U']"
123001,0,163,2,161,35,0,0,"['A' 'M' 'M' 'M' 'U' 'M' 'M' 'U' 'U' 'U' 'M' 'M' 'M' 'M' 'M' 'M' 'M' 'M'
 'M' 'M' 'M' 'M' 'M' 'M' 'U' 'U' 'M' 'M' 'M' 'M' 'M' 'M' 'M' 'M' 'M' 'M'
 'M' 'M' 'M' 'M' 'M' 'M' 'M' 'U' 'M' 'M' 'M' 'M' 'M' 'M' 'M' 'M' 'M' 'M'
 'U' 'U' 'M' 'A' 'M' 'U' 'M' 'U' 'M' 'M' 'M' 'M' 'M' 'M' 'M' 'M' 'M' 'M'
 'U' 'M' 'M' 'M' 'M' 'M' 'M' 'M' 'M' 'U' 'M' 'M' 'M' 'M' 'M' 'U' 'M' 'M'
 'M' 'U' 'U' 'M' 'M' 'M' 'M' 'M' 'M' 'M' 'U' 'M' 'M' 'M' 'M' 'M' 'M' 'M'
 'M' 'M' 'M' 'M' 'M' 'M' 'U' 'M' 'M' 'M' 'M' 'M' 'M' 'M' 'M' 'M' 'M' 'M'
 'M' 'M' 'M' 'M' 'U' 'M' 'U' 'M' 'M' 'M' 'U' 'M' 'U' 'M' 'M' 'M' 'M' 'M'
 'M' 'U' 'U' 'M' 'M' 'U' 'M' 'M' 'M' 'U' 'M' 'M' 'U' 'M' 'M' 'M' 'M' 'M'
 'M' 'M' 'U' 'M' 'U' 'M' 'U' 'M' 'M' 'U' 'U' 'U' 'M' 'M' 'M' 'M' 'M' 'M'
 'M' 'M' 'M' 'M' 'M' 'M' 'M' 'M' 'M' 'M' 'M' 'U' 'M' 'M' 'M' 'M' 'M' 'U']"
123101,0,161,2,159,37,0,0,"['A' 'M' 'M' 'M' 'U' 'U' 'M' 'U' 'M' 'U' 'M' 'M' 'M' 'M' 'M' 'U' 'M' 'M'
 'M' 'M' 'M' 'M' 'M' 'M' 'U' 'M' 'M' 'M' 'M' 'M' 'M' 'M' 'M' 'M' 'M' 'M'
 'M' 'M' 'M' 'M' 'U' 'M' 'M' 'U' 'M' 'M' 'M' 'M' 'M' 'M' 'M' 'M' 'M' 'M'
 'M' 'U' 'M' 'A' 'M' 'U' 'M' 'U' 'M' 'M' 'M' 'M' 'M' 'M' 'M' 'M' 'M' 'M'
 'M' 'M' 'M' 'M' 'M' 'M' 'M' 'U' 'M' 'M' 'M' 'U' 'U' 'M' 'M' 'M' 'U' 'M'
 'M' 'M' 'M' 'U' 'M' 'M' 'M' 'M' 'M' 'M' 'M' 'M' 'U' 'M' 'M' 'M' 'M' 'M'
 'M' 'U' 'M' 'M' 'M' 'M' 'U' 'M' 'M' 'U' 'M' 'M' 'M' 'M' 'M' 'M' 'M' 'M'
 'M' 'U' 'M' 'M' 'U' 'M' 'U' 'M' 'M' 'M' 'U' 'M' 'U' 'M' 'M' 'M' 'M' 'M'
 'M' 'M' 'U' 'M' 'M' 'U' 'M' 'M' 'M' 'U' 'M' 'M' 'M' 'M' 'M' 'M' 'M' 'M'
 'M' 'M' 'M' 'M' 'U' 'M' 'U' 'M' 'M' 'U' 'U' 'M' 'M' 'M' 'M' 'M' 'M' 'M'
 'M' 'M' 'U' 'M' 'U' 'M' 'M' 'M' 'M' 'U' 'M' 'U' 'M' 'M' 'M' 'M' 'M' 'U']"
123201,0,164,3,161,34,0,0,"['A' 'M' 'M' 'M' 'U' 'U' 'M' 'M' 'M' 'U' 'M' 'M' 'M' 'M' 'M' 'A' 'M' 'M'
 'M' 'M' 'M' 'M' 'M' 'U' 'M' 'M' 'M' 'M' 'M' 'M' 'M' 'M' 'M' 'M' 'M' 'M'
 'M' 'M' 'M' 'M' 'U' 'M' 'M' 'M' 'M' 'M' 'M' 'M' 'M' 'M' 'M' 'M' 'M' 'M'
 'U' 'U' 'M' 'A' 'M' 'U' 'M' 'U' 'M' 'M' 'M' 'M' 'M' 'M' 'M' 'U' 'M' 'U'
 'M' 'M' 'U' 'M' 'M' 'U' 'M' 'U' 'M' 'M' 'M' 'M' 'M' 'M' 'M' 'M' 'M' 'M'
 'M' 'M' 'M' 'M' 'M' 'M' 'M' 'M' 'M' 'U' 'U' 'M' 'U' 'U' 'M' 'M' 'M' 'M'
 'M' 'U' 'M' 'M' 'U' 'M' 'U' 'M' 'M' 'M' 'M' 'M' 'M' 'M' 'M' 'M' 'M' 'M'
 'M' 'U' 'M' 'M' 'U' 'M' 'M' 'M' 'M' 'M' 'M' 'M' 'U' 'M' 'M' 'M' 'M' 'M'
 'M' 'M' 'U' 'M' 'M' 'M' 'M' 'M' 'M' 'U' 'M' 'M' 'M' 'U' 'M' 'M' 'M' 'M'
 'M' 'U' 'M' 'M' 'U' 'M' 'U' 'M' 'M' 'M' 'U' 'M' 'M' 'M' 'M' 'M' 'M' 'M'
 'M' 'M' 'U' 'M' 'M' 'M' 'M' 'M' 'M' 'M' 'M' 'U' 'M' 'M' 'M' 'M' 'M' 'U']"
123301,0,156,3,153,42,0,0,"['A' 'M' 'M' 'M' 'U' 'U' 'M' 'M' 'M' 'U' 'M' 'M' 'M' 'M' 'M' 'U' 'M' 'M'
 'M' 'M' 'M' 'M' 'M' 'U' 'M' 'M' 'M' 'M' 'M' 'M' 'M' 'U' 'M' 'M' 'M' 'U'
 'M' 'M' 'M' 'M' 'U' 'M' 'M' 'M' 'M' 'M' 'M' 'U' 'M' 'M' 'M' 'M' 'M' 'U'
 'U' 'U' 'M' 'A' 'M' 'U' 'M' 'U' 'M' 'M' 'M' 'M' 'M' 'M' 'M' 'U' 'M' 'M'
 'M' 'U' 'M' 'M' 'M' 'U' 'M' 'M' 'M' 'M' 'M' 'M' 'M' 'M' 'M' 'M' 'M' 'U'
 'M' 'U' 'M' 'M' 'M' 'M' 'M' 'M' 'M' 'U' 'U' 'M' 'M' 'U' 'M' 'M' 'M' 'M'
 'M' 'U' 'M' 'M' 'U' 'M' 'U' 'M' 'M' 'M' 'M' 'M' 'M' 'M' 'M' 'M' 'M' 'M'
 'M' 'M' 'M' 'M' 'U' 'M' 'U' 'U' 'U' 'U' 'U' 'U' 'M' 'M' 'M' 'M' 'M' 'M'
 'M' 'M' 'U' 'M' 'U' 'M' 'M' 'U' 'M' 'U' 'M' 'M' 'M' 'M' 'M' 'M' 'M' 'M'
 'M' 'U' 'M' 'M' 'M' 'M' 'U' 'M' 'M' 'M' 'U' 'M' 'M' 'M' 'U' 'M' 'M' 'M'
 'M' 'U' 'M' 'M' 'M' 'M' 'M' 'M' 'M' 'M' 'M' 'M' 'M' 'M' 'U' 'M' 'M' 'A']"
123401,0,159,2,157,39,0,0,"['A' 'M' 'M' 'M' 'U' 'M' 'M' 'M' 'M' 'U' 'M' 'M' 'M' 'M' 'M' 'U' 'M' 'M'
 'M' 'M' 'M' 'M' 'M' 'U' 'M' 'M' 'M' 'M' 'M' 'M' 'M' 'M' 'M' 'M' 'M' 'U'
 'M' 'M' 'M' 'M' 'U' 'M' 'M' 'M' 'M' 'M' 'M' 'U' 'M' 'M' 'M' 'M' 'M' 'U'
 'U' 'U' 'M' 'A' 'M' 'U' 'M' 'M' 'M' 'M' 'M' 'M' 'M' 'U' 'M' 'M' 'M' 'U'
 'M' 'M' 'M' 'M' 'M' 'M' 'M' 'M' 'M' 'M' 'M' 'M' 'M' 'M' 'M' 'M' 'U' 'M'
 'M' 'U' 'U' 'M' 'M' 'U' 'M' 'M' 'M' 'U' 'U' 'M' 'M' 'U' 'M' 'M' 'M' 'M'
 'M' 'U' 'M' 'M' 'M' 'M' 'U' 'U' 'M' 'M' 'M' 'M' 'M' 'M' 'M' 'M' 'M' 'M'
 'M' 'M' 'M' 'M' 'M' 'U' 'U' 'M' 'U' 'U' 'U' 'U' 'U' 'M' 'M' 'M' 'M' 'M'
 'M' 'M' 'U' 'M' 'U' 'M' 'M' 'U' 'M' 'M' 'M' 'M' 'M' 'M' 'M' 'M' 'M' 'M'
 'M' 'U' 'M' 'M' 'M' 'M' 'M' 'M' 'U' 'M' 'U' 'M' 'M' 'M' 'U' 'M' 'M' 'M'
 'M' 'M' 'M' 'M' 'M' 'M' 'M' 'M' 'M' 'M' 'M' 'M' 'M' 'M' 'U' 'M' 'M' 'U']"
123501,0,156,1,155,42,0,0,"['A' 'M' 'M' 'M' 'M' 'U' 'M' 'M' 'M' 'U' 'M' 'M' 'M' 'M' 'M' 'M' 'M' 'M'
 'M' 'M' 'M' 'M' 'M' 'U' 'M' 'M' 'M' 'M' 'M' 'M' 'M' 'U' 'M' 'M' 'M' 'U'
 'M' 'M' 'M' 'M' 'U' 'M' 'M' 'M' 'M' 'M' 'M' 'U' 'M' 'M' 'M' 'M' 'M' 'U'
 'U' 'U' 'M' 'U' 'M' 'U' 'M' 'M' 'M' 'M' 'M' 'M' 'M' 'U' 'M' 'M' 'M' 'M'
 'U' 'U' 'M' 'M' 'M' 'M' 'M' 'U' 'M' 'M' 'M' 'M' 'M' 'M' 'M' 'M' 'M' 'M'
 'U' 'M' 'M' 'M' 'M' 'U' 'M' 'M' 'U' 'U' 'U' 'M' 'M' 'U' 'M' 'M' 'M' 'M'
 'M' 'M' 'M' 'M' 'M' 'M' 'M' 'U' 'M' 'M' 'M' 'M' 'M' 'M' 'M' 'M' 'U' 'M'
 'M' 'M' 'M' 'M' 'M' 'U' 'U' 'M' 'U' 'U' 'M' 'U' 'U' 'M' 'M' 'U' 'M' 'M'
 'M' 'U' 'U' 'M' 'U' 'M' 'M' 'U' 'M' 'M' 'M' 'M' 'M' 'M' 'M' 'M' 'M' 'M'
 'M' 'U' 'M' 'M' 'M' 'M' 'U' 'M' 'U' 'M' 'M' 'M' 'M' 'M' 'M' 'M' 'M' 'M'
 'M' 'M' 'M' 'M' 'M' 'M' 'M' 'M' 'M' 'M' 'M' 'U' 'M' 'M' 'U' 'U' 'M' 'U']"
123601,0,158,2,156,40,0,0,"['A' 'M' 'M' 'M' 'M' 'U' 'M' 'M' 'M' 'U' 'M' 'M' 'M' 'M' 'M' 'M' 'M' 'M'
 'M' 'M' 'M' 'M' 'M' 'U' 'M' 'M' 'M' 'M' 'M' 'U' 'M' 'U' 'U' 'M' 'M' 'U'
 'U' 'U' 'M' 'M' 'U' 'M' 'M' 'M' 'M' 'M' 'M' 'M' 'M' 'M' 'M' 'M' 'M' 'U'
 'U' 'U' 'M' 'U' 'M' 'M' 'M' 'M' 'M' 'M' 'M' 'M' 'U' 'U' 'M' 'M' 'M' 'M'
 'M' 'M' 'U' 'M' 'M' 'M' 'M' 'M' 'M' 'M' 'M' 'M' 'M' 'M' 'M' 'M' 'M' 'M'
 'M' 'M' 'U' 'U' 'M' 'U' 'M' 'M' 'U' 'U' 'A' 'M' 'M' 'M' 'M' 'M' 'M' 'M'
 'M' 'M' 'M' 'M' 'M' 'M' 'M' 'M' 'M' 'M' 'M' 'M' 'M' 'M' 'M' 'M' 'U' 'M'
 'M' 'M' 'M' 'M' 'M' 'U' 'M' 'U' 'M' 'U' 'U' 'U' 'U' 'M' 'M' 'M' 'M' 'M'
 'M' 'U' 'U' 'M' 'U' 'M' 'M' 'U' 'M' 'M' 'U' 'M' 'M' 'M' 'M' 'M' 'M' 'M'
 'M' 'U' 'M' 'M' 'M' 'M' 'M' 'M' 'U' 'M' 'M' 'M' 'M' 'M' 'M' 'M' 'M' 'M'
 'M' 'M' 'M' 'M' 'M' 'M' 'M' 'M' 'M' 'M' 'M' 'U' 'M' 'M' 'U' 'U' 'M' 'U']"
123701,0,163,3,160,35,0,0,"['A' 'M' 'M' 'M' 'M' 'A' 'M' 'M' 'M' 'U' 'M' 'M' 'M' 'M' 'M' 'M' 'M' 'M'
 'M' 'M' 'M' 'M' 'M' 'M' 'M' 'M' 'M' 'M' 'M' 'U' 'M' 'U' 'M' 'M' 'M' 'U'
 'U' 'U' 'M' 'M' 'U' 'M' 'M' 'M' 'M' 'M' 'M' 'M' 'M' 'M' 'M' 'U' 'M' 'U'
 'U' 'U' 'M' 'U' 'M' 'M' 'M' 'U' 'M' 'M' 'M' 'M' 'U' 'M' 'M' 'M' 'M' 'M'
 'M' 'U' 'M' 'M' 'U' 'M' 'M' 'M' 'M' 'M' 'U' 'M' 'M' 'M' 'M' 'M' 'M' 'M'
 'M' 'M' 'M' 'M' 'U' 'U' 'M' 'M' 'U' 'U' 'A' 'M' 'M' 'M' 'M' 'M' 'M' 'M'
 'M' 'M' 'M' 'M' 'M' 'M' 'M' 'M' 'M' 'M' 'M' 'M' 'M' 'M' 'M' 'M' 'U' 'M'
 'M' 'M' 'M' 'M' 'M' 'U' 'M' 'U' 'M' 'U' 'M' 'U' 'M' 'M' 'M' 'M' 'M' 'M'
 'M' 'U' 'U' 'M' 'U' 'M' 'M' 'M' 'M' 'M' 'U' 'M' 'M' 'M' 'M' 'M' 'M' 'M'
 'M' 'M' 'M' 'M' 'M' 'M' 'M' 'M' 'U' 'M' 'M' 'M' 'M' 'M' 'M' 'M' 'M' 'M'
 'M' 'M' 'M' 'M' 'M' 'U' 'M' 'M' 'M' 'M' 'M' 'M' 'M' 'M' 'U' 'U' 'M' 'U']"
123801,0,166,4,162,32,0,0,"['A' 'M' 'M' 'M' 'M' 'A' 'M' 'M' 'M' 'U' 'M' 'M' 'U' 'M' 'M' 'M' 'M' 'M'
 'M' 'M' 'M' 'M' 'M' 'M' 'M' 'M' 'M' 'M' 'M' 'M' 'M' 'U' 'M' 'M' 'M' 'U'
 'U' 'U' 'M' 'M' 'U' 'M' 'M' 'M' 'M' 'M' 'M' 'U' 'M' 'M' 'M' 'U' 'M' 'M'
 'U' 'M' 'M' 'U' 'M' 'M' 'M' 'U' 'M' 'M' 'M' 'M' 'M' 'U' 'M' 'M' 'M' 'M'
 'U' 'M' 'U' 'M' 'U' 'M' 'M' 'M' 'M' 'M' 'M' 'M' 'M' 'M' 'M' 'M' 'M' 'M'
 'M' 'M' 'U' 'M' 'M' 'A' 'M' 'M' 'U' 'U' 'A' 'M' 'M' 'M' 'M' 'M' 'M' 'M'
 'M' 'M' 'M' 'M' 'M' 'M' 'U' 'M' 'M' 'M' 'M' 'M' 'U' 'M' 'U' 'M' 'U' 'M'
 'M' 'M' 'M' 'M' 'M' 'M' 'M' 'M' 'M' 'M' 'M' 'M' 'M' 'M' 'M' 'M' 'M' 'M'
 'M' 'U' 'M' 'M' 'U' 'M' 'M' 'M' 'M' 'M' 'M' 'M' 'M' 'U' 'M' 'U' 'M' 'M'
 'M' 'M' 'M' 'M' 'M' 'M' 'M' 'M' 'U' 'M' 'M' 'M' 'M' 'M' 'M' 'M' 'M' 'M'
 'U' 'M' 'M' 'M' 'U' 'M' 'M' 'M' 'M' 'M' 'M' 'M' 'M' 'M' 'U' 'M' 'M' 'U']"
123901,0,162,4,158,36,0,0,"['A' 'M' 'M' 'M' 'M' 'A' 'M' 'M' 'M' 'U' 'M' 'M' 'U' 'M' 'M' 'M' 'M' 'M'
 'M' 'M' 'M' 'M' 'M' 'M' 'M' 'M' 'M' 'M' 'M' 'M' 'M' 'U' 'M' 'M' 'M' 'U'
 'U' 'U' 'U' 'M' 'U' 'M' 'M' 'M' 'M' 'M' 'M' 'U' 'M' 'M' 'U' 'U' 'M' 'M'
 'U' 'M' 'M' 'U' 'M' 'M' 'M' 'A' 'U' 'M' 'M' 'M' 'M' 'U' 'M' 'M' 'M' 'M'
 'M' 'U' 'M' 'U' 'M' 'M' 'M' 'M' 'U' 'M' 'M' 'M' 'M' 'M' 'U' 'M' 'M' 'M'
 'M' 'M' 'M' 'M' 'M' 'U' 'M' 'U' 'M' 'U' 'A' 'M' 'M' 'M' 'M' 'M' 'M' 'M'
 'M' 'U' 'M' 'M' 'M' 'M' 'U' 'M' 'M' 'M' 'M' 'M' 'M' 'M' 'M' 'M' 'U' 'M'
 'M' 'M' 'M' 'M' 'M' 'M' 'M' 'M' 'M' 'M' 'M' 'U' 'M' 'M' 'M' 'M' 'M' 'M'
 'M' 'U' 'M' 'M' 'M' 'M' 'M' 'M' 'M' 'M' 'M' 'M' 'M' 'U' 'M' 'U' 'M' 'U'
 'M' 'M' 'U' 'M' 'M' 'M' 'M' 'U' 'U' 'M' 'M' 'M' 'M' 'M' 'U' 'M' 'M' 'M'
 'U' 'M' 'M' 'M' 'M' 'M' 'M' 'M' 'M' 'M' 'M' 'M' 'M' 'M' 'U' 'M' 'M' 'M']"
124001,0,167,5,162,31,0,0,"['A' 'M' 'M' 'M' 'M' 'A' 'M' 'M' 'M' 'U' 'M' 'M' 'U' 'M' 'M' 'M' 'M' 'M'
 'M' 'M' 'M' 'M' 'M' 'M' 'M' 'M' 'M' 'M' 'M' 'M' 'M' 'U' 'M' 'M' 'M' 'M'
 'M' 'M' 'U' 'M' 'U' 'M' 'M' 'M' 'M' 'M' 'M' 'U' 'M' 'M' 'M' 'U' 'M' 'M'
 'M' 'M' 'M' 'U' 'M' 'M' 'M' 'A' 'A' 'M' 'M' 'M' 'M' 'M' 'M' 'U' 'M' 'M'
 'M' 'M' 'U' 'M' 'M' 'M' 'U' 'M' 'U' 'M' 'M' 'M' 'M' 'M' 'U' 'M' 'M' 'M'
 'M' 'M' 'M' 'M' 'M' 'U' 'M' 'U' 'M' 'U' 'A' 'M' 'M' 'M' 'M' 'U' 'M' 'M'
 'M' 'U' 'M' 'M' 'M' 'M' 'U' 'M' 'M' 'M' 'M' 'M' 'M' 'M' 'M' 'M' 'U' 'M'
 'M' 'M' 'M' 'M' 'M' 'M' 'M' 'M' 'M' 'M' 'M' 'U' 'M' 'M' 'U' 'M' 'M' 'M'
 'M' 'U' 'M' 'M' 'M' 'M' 'M' 'M' 'M' 'M' 'M' 'M' 'M' 'U' 'M' 'M' 'M' 'U'
 'M' 'M' 'U' 'M' 'M' 'M' 'M' 'U' 'U' 'M' 'M' 'M' 'M' 'M' 'U' 'M' 'M' 'M'
 'U' 'M' 'M' 'M' 'M' 'M' 'M' 'M' 'M' 'M' 'M' 'M' 'M' 'M' 'U' 'M' 'M' 'M']"
124101,0,167,4,163,31,0,0,"['A' 'M' 'M' 'M' 'M' 'A' 'M' 'M' 'M' 'M' 'M' 'M' 'M' 'M' 'M' 'M' 'M' 'M'
 'M' 'M' 'M' 'M' 'M' 'M' 'M' 'M' 'M' 'M' 'M' 'M' 'M' 'M' 'M' 'M' 'U' 'M'
 'M' 'M' 'M' 'M' 'U' 'M' 'M' 'M' 'M' 'M' 'M' 'U' 'M' 'M' 'M' 'U' 'M' 'M'
 'M' 'M' 'M' 'U' 'M' 'U' 'M' 'A' 'A' 'M' 'U' 'M' 'M' 'M' 'M' 'M' 'M' 'M'
 'M' 'M' 'M' 'M' 'M' 'M' 'M' 'U' 'M' 'M' 'M' 'M' 'M' 'M' 'U' 'M' 'M' 'U'
 'U' 'U' 'M' 'M' 'M' 'U' 'M' 'U' 'M' 'M' 'U' 'M' 'M' 'M' 'M' 'U' 'M' 'M'
 'M' 'U' 'M' 'M' 'M' 'M' 'M' 'M' 'U' 'M' 'U' 'M' 'M' 'M' 'M' 'M' 'U' 'M'
 'M' 'U' 'M' 'M' 'M' 'M' 'M' 'M' 'M' 'M' 'M' 'U' 'M' 'M' 'U' 'M' 'M' 'M'
 'M' 'M' 'M' 'M' 'M' 'M' 'M' 'M' 'M' 'M' 'M' 'M' 'M' 'U' 'M' 'M' 'M' 'U'
 'M' 'M' 'U' 'M' 'M' 'M' 'M' 'M' 'U' 'M' 'M' 'M' 'M' 'M' 'U' 'M' 'M' 'M'
 'M' 'M' 'U' 'M' 'M' 'M' 'M' 'M' 'M' 'M' 'U' 'M' 'M' 'M' 'U' 'M' 'M' 'M']"
124201,0,165,5,160,33,0,0,"['A' 'M' 'M' 'M' 'U' 'A' 'M' 'M' 'M' 'M' 'M' 'M' 'M' 'M' 'M' 'U' 'M' 'M'
 'M' 'M' 'M' 'U' 'M' 'M' 'M' 'U' 'U' 'M' 'M' 'M' 'M' 'M' 'M' 'M' 'M' 'M'
 'M' 'M' 'M' 'M' 'U' 'M' 'M' 'M' 'M' 'M' 'M' 'M' 'M' 'M' 'M' 'U' 'M' 'M'
 'M' 'M' 'M' 'U' 'M' 'U' 'M' 'A' 'A' 'M' 'U' 'M' 'U' 'M' 'U' 'M' 'M' 'M'
 'M' 'M' 'M' 'M' 'M' 'M' 'M' 'M' 'M' 'M' 'M' 'M' 'U' 'M' 'M' 'U' 'M' 'M'
 'M' 'M' 'M' 'U' 'M' 'U' 'M' 'U' 'M' 'M' 'U' 'M' 'M' 'M' 'M' 'U' 'M' 'U'
 'M' 'M' 'M' 'M' 'M' 'M' 'M' 'M' 'M' 'M' 'M' 'M' 'M' 'M' 'M' 'M' 'U' 'M'
 'M' 'U' 'M' 'M' 'M' 'M' 'M' 'M' 'M' 'M' 'M' 'A' 'M' 'M' 'U' 'M' 'M' 'M'
 'M' 'M' 'M' 'M' 'M' 'M' 'M' 'M' 'M' 'M' 'M' 'M' 'M' 'U' 'M' 'M' 'M' 'U'
 'M' 'M' 'U' 'M' 'M' 'M' 'U' 'M' 'U' 'M' 'M' 'M' 'M' 'M' 'U' 'M' 'M' 'M'
 'M' 'M' 'U' 'M' 'M' 'M' 'M' 'M' 'U' 'M' 'U' 'M' 'M' 'M' 'U' 'M' 'M' 'M']"
124301,0,161,2,159,37,0,0,"['A' 'M' 'M' 'M' 'U' 'U' 'M' 'M' 'M' 'M' 'M' 'M' 'M' 'M' 'M' 'U' 'M' 'M'
 'M' 'M' 'M' 'M' 'M' 'M' 'M' 'U' 'U' 'U' 'M' 'M' 'M' 'M' 'M' 'M' 'M' 'M'
 'M' 'M' 'U' 'M' 'U' 'M' 'M' 'M' 'M' 'M' 'M' 'M' 'M' 'M' 'M' 'U' 'M' 'M'
 'U' 'M' 'M' 'U' 'M' 'U' 'M' 'U' 'U' 'M' 'U' 'M' 'M' 'M' 'M' 'U' 'M' 'M'
 'M' 'M' 'U' 'U' 'M' 'M' 'M' 'M' 'M' 'M' 'M' 'M' 'M' 'M' 'M' 'U' 'M' 'M'
 'M' 'M' 'U' 'M' 'M' 'U' 'M' 'U' 'M' 'M' 'U' 'M' 'M' 'M' 'M' 'M' 'M' 'U'
 'M' 'M' 'M' 'M' 'M' 'M' 'M' 'M' 'M' 'M' 'M' 'M' 'M' 'M' 'M' 'M' 'U' 'M'
 'M' 'U' 'M' 'M' 'M' 'M' 'M' 'M' 'M' 'M' 'M' 'A' 'M' 'M' 'U' 'M' 'M' 'M'
 'M' 'M' 'M' 'M' 'M' 'M' 'M' 'M' 'M' 'M' 'M' 'M' 'U' 'U' 'M' 'M' 'M' 'M'
 'M' 'U' 'U' 'M' 'M' 'M' 'U' 'M' 'U' 'M' 'M' 'M' 'M' 'M' 'U' 'M' 'M' 'M'
 'M' 'M' 'U' 'M' 'M' 'M' 'M' 'M' 'M' 'M' 'M' 'M' 'M' 'M' 'U' 'M' 'U' 'M']"
124401,0,160,1,159,38,1,0,"['A' 'M' 'M' 'M' 'U' 'U' 'M' 'M' 'M' 'M' 'M' 'U' 'U' 'M' 'M' 'U' 'M' 'M'
 'M' 'M' 'M' 'U' 'M' 'M' 'M' 'U' 'U' 'U' 'M' 'M' 'M' 'M' 'M' 'M' 'M' 'M'
 'M' 'M' 'U' 'M' 'M' 'M' 'M' 'M' 'U' 'M' 'M' 'M' 'M' 'M' 'M' 'U' 'M' 'U'
 'U' 'M' 'M' 'U' 'M' 'U' 'M' 'M' 'U' 'M' 'U' 'M' 'U' 'M' 'M' 'M' 'M' 'M'
 'M' 'U' 'M' 'M' 'U' 'M' 'M' 'M' 'U' 'M' 'M' 'M' 'M' 'M' 'M' 'M' 'M' 'U'
 'M' 'M' 'M' 'M' 'M' 'U' 'M' 'M' 'M' 'M' 'M' 'M' 'M' 'U' 'U' 'M' 'M' 'U'
 'M' 'M' 'M' 'M' 'M' 'M' 'M' 'M' 'M' 'M' 'U' 'M' 'M' 'M' 'M' 'M' 'U' 'M'
 'U' 'M' 'M' 'M' 'M' 'M' 'M' 'M' 'M' 'M' 'M' 'M' 'M' 'M' 'M' 'M' 'M' 'M'
 'M' 'M' 'M' 'M' 'M' 'M' 'M' 'M' 'M' 'M' 'M' 'M' 'M' 'M' 'U' 'M' 'M' 'M'
 'M' 'U' 'U' 'M' 'M' 'M' 'U' 'M' 'U' 'M' 'M' 'M' 'M' 'M' 'U' 'M' 'M' 'M'
 'M' 'M' 'M' 'M' 'M' 'M' 'M' 'M' 'M' 'M' 'M' 'M' 'M' 'M' 'U' 'M' 'U' 'M']"
124501,0,161,2,159,37,0,0,"['A' 'M' 'M' 'M' 'U' 'U' 'M' 'M' 'M' 'M' 'M' 'U' 'U' 'M' 'U' 'U' 'M' 'M'
 'M' 'M' 'M' 'U' 'M' 'M' 'M' 'U' 'U' 'U' 'M' 'M' 'M' 'M' 'M' 'M' 'M' 'M'
 'M' 'M' 'U' 'M' 'U' 'M' 'M' 'M' 'U' 'M' 'M' 'M' 'M' 'M' 'M' 'U' 'M' 'U'
 'U' 'M' 'M' 'M' 'M' 'U' 'M' 'U' 'U' 'M' 'U' 'M' 'U' 'M' 'M' 'M' 'M' 'M'
 'M' 'M' 'M' 'U' 'M' 'M' 'M' 'U' 'M' 'M' 'M' 'M' 'M' 'M' 'M' 'M' 'U' 'U'
 'M' 'M' 'M' 'M' 'M' 'M' 'M' 'U' 'M' 'M' 'M' 'M' 'M' 'U' 'A' 'M' 'M' 'M'
 'M' 'M' 'M' 'M' 'M' 'M' 'M' 'M' 'M' 'M' 'U' 'M' 'M' 'M' 'M' 'M' 'U' 'M'
 'M' 'M' 'M' 'M' 'M' 'M' 'M' 'U' 'M' 'M' 'M' 'M' 'M' 'M' 'M' 'M' 'M' 'U'
 'M' 'M' 'M' 'M' 'M' 'M' 'M' 'M' 'M' 'M' 'M' 'M' 'M' 'M' 'U' 'U' 'M' 'M'
 'M' 'M' 'U' 'M' 'M' 'M' 'U' 'M' 'M' 'M' 'M' 'M' 'M' 'M' 'M' 'M' 'M' 'M'
 'M' 'M' 'M' 'M' 'M' 'M' 'M' 'M' 'M' 'M' 'M' 'M' 'M' 'M' 'U' 'M' 'U' 'M']"
124601,0,166,3,163,32,0,0,"['A' 'M' 'M' 'M' 'U' 'U' 'M' 'M' 'M' 'M' 'M' 'U' 'U' 'M' 'U' 'U' 'M' 'M'
 'M' 'M' 'M' 'M' 'M' 'M' 'M' 'U' 'U' 'U' 'M' 'M' 'M' 'M' 'M' 'M' 'M' 'M'
 'M' 'M' 'U' 'M' 'U' 'M' 'M' 'M' 'M' 'M' 'M' 'M' 'M' 'M' 'M' 'M' 'M' 'U'
 'U' 'M' 'M' 'M' 'M' 'A' 'M' 'U' 'U' 'M' 'U' 'M' 'U' 'M' 'M' 'M' 'U' 'U'
 'M' 'M' 'M' 'M' 'M' 'M' 'U' 'M' 'M' 'M' 'M' 'M' 'M' 'M' 'M' 'M' 'M' 'M'
 'M' 'M' 'M' 'M' 'U' 'M' 'M' 'U' 'M' 'U' 'M' 'M' 'M' 'U' 'M' 'M' 'M' 'M'
 'M' 'M' 'M' 'M' 'U' 'M' 'M' 'M' 'M' 'M' 'U' 'M' 'M' 'M' 'M' 'M' 'M' 'M'
 'M' 'M' 'M' 'M' 'M' 'M' 'M' 'A' 'M' 'M' 'M' 'M' 'M' 'M' 'M' 'M' 'M' 'U'
 'M' 'M' 'M' 'M' 'M' 'M' 'M' 'M' 'M' 'M' 'M' 'M' 'M' 'M' 'M' 'U' 'M' 'U'
 'M' 'M' 'U' 'M' 'M' 'M' 'U' 'M' 'M' 'M' 'M' 'M' 'M' 'M' 'M' 'M' 'M' 'M'
 'M' 'M' 'M' 'M' 'M' 'M' 'M' 'M' 'M' 'M' 'M' 'M' 'M' 'M' 'M' 'M' 'U' 'M']"
124701,0,164,4,160,34,0,0,"['A' 'M' 'M' 'M' 'U' 'U' 'M' 'M' 'M' 'M' 'M' 'A' 'U' 'U' 'M' 'U' 'M' 'U'
 'M' 'M' 'M' 'M' 'M' 'M' 'M' 'U' 'M' 'U' 'M' 'M' 'M' 'M' 'M' 'M' 'M' 'M'
 'M' 'M' 'U' 'M' 'U' 'M' 'M' 'M' 'M' 'M' 'M' 'M' 'M' 'M' 'M' 'M' 'M' 'U'
 'U' 'M' 'M' 'M' 'U' 'A' 'M' 'U' 'U' 'M' 'U' 'M' 'M' 'M' 'M' 'M' 'U' 'U'
 'M' 'M' 'M' 'M' 'M' 'M' 'M' 'M' 'M' 'M' 'M' 'M' 'M' 'M' 'M' 'M' 'M' 'U'
 'U' 'U' 'M' 'M' 'M' 'M' 'M' 'U' 'M' 'U' 'M' 'M' 'M' 'U' 'M' 'M' 'U' 'M'
 'M' 'M' 'M' 'M' 'U' 'M' 'M' 'M' 'M' 'M' 'U' 'M' 'M' 'M' 'M' 'M' 'M' 'M'
 'M' 'M' 'M' 'M' 'M' 'M' 'U' 'A' 'M' 'M' 'M' 'M' 'M' 'M' 'M' 'M' 'M' 'U'
 'M' 'M' 'M' 'M' 'M' 'M' 'M' 'M' 'M' 'M' 'M' 'U' 'M' 'M' 'M' 'U' 'M' 'U'
 'M' 'M' 'M' 'M' 'M' 'M' 'M' 'M' 'M' 'M' 'M' 'M' 'M' 'M' 'M' 'M' 'M' 'M'
 'M' 'U' 'M' 'M' 'M' 'M' 'M' 'M' 'M' 'M' 'M' 'M' 'M' 'M' 'M' 'M' 'U' 'M']"
124801,0,161,3,158,37,0,0,"['A' 'M' 'M' 'M' 'M' 'U' 'M' 'M' 'M' 'M' 'M' 'U' 'U' 'M' 'M' 'M' 'M' 'U'
 'M' 'M' 'M' 'M' 'M' 'M' 'M' 'U' 'M' 'U' 'M' 'U' 'M' 'M' 'M' 'M' 'M' 'A'
 'M' 'M' 'U' 'M' 'U' 'M' 'M' 'M' 'M' 'U' 'M' 'M' 'M' 'M' 'M' 'M' 'M' 'U'
 'U' 'M' 'M' 'M' 'U' 'U' 'M' 'U' 'U' 'M' 'U' 'M' 'M' 'M' 'M' 'M' 'M' 'M'
 'M' 'M' 'M' 'U' 'M' 'M' 'M' 'U' 'M' 'M' 'M' 'M' 'M' 'M' 'M' 'M' 'M' 'U'
 'U' 'M' 'M' 'M' 'U' 'U' 'M' 'U' 'M' 'U' 'M' 'M' 'M' 'U' 'M' 'M' 'U' 'M'
 'M' 'M' 'M' 'M' 'M' 'M' 'M' 'M' 'M' 'M' 'U' 'M' 'M' 'M' 'M' 'M' 'M' 'M'
 'M' 'M' 'M' 'M' 'M' 'M' 'M' 'A' 'M' 'M' 'M' 'M' 'M' 'M' 'M' 'M' 'M' 'U'
 'M' 'M' 'M' 'M' 'M' 'M' 'M' 'M' 'M' 'U' 'M' 'M' 'M' 'U' 'M' 'U' 'M' 'U'
 'U' 'M' 'M' 'M' 'M' 'M' 'M' 'M' 'M' 'M' 'M' 'M' 'M' 'M' 'M' 'M' 'M' 'M'
 'M' 'U' 'M' 'M' 'M' 'M' 'M' 'M' 'U' 'M' 'M' 'M' 'M' 'M' 'M' 'M' 'U' 'M']"
124901,0,168,3,165,30,0,0,"['A' 'M' 'M' 'M' 'M' 'U' 'M' 'M' 'M' 'M' 'M' 'U' 'M' 'M' 'M' 'M' 'M' 'M'
 'M' 'M' 'M' 'M' 'M' 'M' 'U' 'U' 'M' 'U' 'M' 'M' 'M' 'M' 'U' 'M' 'M' 'A'
 'M' 'M' 'U' 'M' 'U' 'M' 'M' 'M' 'U' 'M' 'M' 'M' 'M' 'M' 'M' 'M' 'M' 'U'
 'U' 'M' 'M' 'M' 'U' 'U' 'M' 'M' 'U' 'M' 'U' 'M' 'M' 'M' 'M' 'M' 'M' 'M'
 'M' 'M' 'U' 'M' 'M' 'M' 'M' 'M' 'M' 'M' 'M' 'M' 'U' 'U' 'M' 'U' 'M' 'M'
 'M' 'M' 'M' 'U' 'M' 'U' 'M' 'M' 'M' 'U' 'M' 'M' 'M' 'U' 'M' 'M' 'M' 'M'
 'M' 'M' 'M' 'M' 'M' 'M' 'M' 'M' 'M' 'M' 'M' 'M' 'M' 'M' 'M' 'M' 'M' 'M'
 'M' 'M' 'M' 'U' 'M' 'M' 'M' 'A' 'M' 'M' 'M' 'M' 'M' 'M' 'M' 'M' 'M' 'U'
 'M' 'M' 'M' 'M' 'U' 'M' 'M' 'M' 'M' 'U' 'M' 'M' 'M' 'M' 'M' 'M' 'M' 'U'
 'M' 'M' 'M' 'M' 'M' 'M' 'M' 'M' 'M' 'M' 'M' 'M' 'M' 'M' 'M' 'M' 'M' 'M'
 'M' 'U' 'M' 'M' 'M' 'M' 'M' 'M' 'U' 'M' 'M' 'M' 'M' 'M' 'M' 'M' 'M' 'M']"
125001,0,168,4,164,30,0,0,"['A' 'M' 'M' 'M' 'M' 'A' 'M' 'U' 'M' 'M' 'M' 'U' 'M' 'M' 'M' 'M' 'M' 'M'
 'M' 'M' 'M' 'M' 'M' 'M' 'U' 'U' 'U' 'M' 'M' 'M' 'M' 'M' 'U' 'U' 'M' 'A'
 'M' 'M' 'M' 'M' 'U' 'M' 'M' 'M' 'M' 'M' 'M' 'M' 'M' 'M' 'M' 'M' 'M' 'U'
 'U' 'M' 'M' 'M' 'U' 'U' 'M' 'M' 'M' 'M' 'U' 'U' 'M' 'M' 'M' 'M' 'U' 'M'
 'M' 'M' 'U' 'M' 'M' 'M' 'M' 'M' 'M' 'U' 'M' 'M' 'U' 'M' 'M' 'M' 'M' 'M'
 'M' 'M' 'M' 'M' 'M' 'U' 'U' 'M' 'U' 'U' 'U' 'M' 'M' 'M' 'U' 'M' 'M' 'M'
 'M' 'M' 'M' 'M' 'M' 'M' 'M' 'M' 'M' 'M' 'M' 'M' 'M' 'M' 'M' 'M' 'M' 'M'
 'M' 'M' 'M' 'U' 'M' 'M' 'M' 'A' 'M' 'M' 'M' 'M' 'M' 'M' 'M' 'M' 'M' 'U'
 'M' 'M' 'M' 'M' 'U' 'M' 'M' 'M' 'M' 'U' 'M' 'M' 'M' 'M' 'M' 'M' 'M' 'M'
 'M' 'M' 'M' 'U' 'M' 'M' 'M' 'M' 'M' 'M' 'M' 'M' 'M' 'M' 'M' 'M' 'M' 'M'
 'M' 'U' 'M' 'M' 'M' 'M' 'M' 'M' 'M' 'M' 'M' 'M' 'M' 'M' 'M' 'M' 'M' 'M']"
125101,0,174,4,170,24,0,0,"['A' 'M' 'M' 'A' 'M' 'A' 'M' 'M' 'M' 'M' 'M' 'U' 'M' 'M' 'M' 'M' 'M' 'M'
 'M' 'M' 'M' 'M' 'M' 'M' 'U' 'U' 'M' 'M' 'M' 'M' 'M' 'M' 'U' 'U' 'M' 'A'
 'M' 'M' 'M' 'M' 'U' 'M' 'M' 'M' 'M' 'M' 'M' 'M' 'M' 'M' 'M' 'M' 'M' 'M'
 'M' 'M' 'M' 'M' 'U' 'U' 'M' 'M' 'M' 'M' 'U' 'M' 'U' 'M' 'U' 'M' 'M' 'M'
 'M' 'M' 'M' 'M' 'M' 'M' 'M' 'M' 'M' 'M' 'M' 'U' 'U' 'M' 'M' 'U' 'M' 'M'
 'M' 'M' 'M' 'M' 'M' 'M' 'U' 'M' 'U' 'U' 'M' 'M' 'M' 'M' 'M' 'M' 'M' 'M'
 'M' 'M' 'M' 'M' 'M' 'M' 'M' 'M' 'M' 'M' 'M' 'M' 'M' 'M' 'M' 'M' 'M' 'M'
 'M' 'M' 'M' 'U' 'M' 'M' 'M' 'U' 'M' 'M' 'M' 'M' 'M' 'M' 'U' 'M' 'M' 'M'
 'M' 'M' 'M' 'M' 'U' 'M' 'M' 'M' 'M' 'M' 'M' 'M' 'M' 'M' 'M' 'M' 'M' 'M'
 'U' 'M' 'M' 'U' 'M' 'M' 'M' 'M' 'M' 'M' 'M' 'M' 'M' 'M' 'M' 'M' 'M' 'M'
 'M' 'M' 'M' 'M' 'M' 'M' 'M' 'M' 'M' 'M' 'M' 'M' 'M' 'M' 'M' 'M' 'U' 'M']"
125201,0,169,4,165,29,0,0,"['A' 'M' 'M' 'U' 'M' 'A' 'M' 'M' 'M' 'M' 'M' 'U' 'M' 'M' 'M' 'M' 'M' 'M'
 'M' 'M' 'M' 'M' 'M' 'M' 'U' 'U' 'M' 'M' 'M' 'M' 'M' 'M' 'M' 'M' 'M' 'A'
 'M' 'U' 'M' 'M' 'U' 'M' 'M' 'M' 'M' 'U' 'M' 'M' 'M' 'M' 'M' 'M' 'M' 'M'
 'M' 'M' 'M' 'U' 'U' 'U' 'M' 'M' 'M' 'M' 'U' 'U' 'M' 'M' 'U' 'M' 'M' 'M'
 'M' 'M' 'U' 'U' 'M' 'M' 'M' 'U' 'M' 'M' 'M' 'M' 'M' 'M' 'M' 'M' 'M' 'M'
 'M' 'M' 'M' 'M' 'M' 'M' 'M' 'M' 'U' 'U' 'M' 'M' 'M' 'M' 'M' 'M' 'M' 'M'
 'M' 'M' 'M' 'M' 'M' 'M' 'M' 'M' 'M' 'M' 'M' 'M' 'M' 'M' 'M' 'M' 'M' 'M'
 'M' 'M' 'M' 'U' 'M' 'M' 'M' 'U' 'M' 'M' 'M' 'M' 'U' 'M' 'U' 'M' 'M' 'M'
 'M' 'M' 'M' 'M' 'U' 'M' 'M' 'M' 'U' 'M' 'M' 'M' 'M' 'M' 'M' 'M' 'M' 'M'
 'U' 'M' 'M' 'M' 'M' 'M' 'M' 'M' 'M' 'M' 'M' 'U' 'M' 'M' 'U' 'M' 'A' 'M'
 'M' 'M' 'U' 'M' 'M' 'M' 'M' 'M' 'M' 'M' 'M' 'M' 'M' 'M' 'M' 'M' 'U' 'M']"
125301,2,164,3,161,34,0,0,"['A' 'M' 'M' 'U' 'M' 'U' 'M' 'M' 'M' 'M' 'U' 'M' 'M' 'M' 'M' 'M' 'M' 'M'
 'M' 'M' 'M' 'M' 'M' 'M' 'U' 'M' 'M' 'M' 'M' 'M' 'M' 'M' 'M' 'M' 'M' 'A'
 'M' 'U' 'M' 'M' 'U' 'M' 'M' 'M' 'M' 'U' 'M' 'M' 'M' 'M' 'M' 'U' 'M' 'M'
 'M' 'M' 'M' 'U' 'U' 'U' 'M' 'M' 'M' 'M' 'M' 'M' 'M' 'M' 'M' 'M' 'U' 'M'
 'M' 'U' 'M' 'M' 'M' 'M' 'M' 'M' 'M' 'M' 'M' 'M' 'M' 'U' 'M' 'U' 'M' 'M'
 'U' 'M' 'M' 'M' 'M' 'M' 'M' 'M' 'U' 'U' 'M' 'M' 'M' 'M' 'M' 'M' 'M' 'M'
 'M' 'M' 'M' 'M' 'M' 'M' 'M' 'M' 'M' 'M' 'U' 'M' 'M' 'M' 'M' 'M' 'M' 'M'
 'M' 'U' 'M' 'M' 'M' 'U' 'M' 'U' 'U' 'U' 'M' 'M' 'U' 'M' 'U' 'M' 'M' 'M'
 'M' 'M' 'M' 'M' 'U' 'M' 'U' 'M' 'M' 'M' 'M' 'M' 'M' 'M' 'M' 'M' 'M' 'M'
 'U' 'M' 'M' 'M' 'M' 'M' 'M' 'M' 'M' 'M' 'M' 'U' 'M' 'M' 'U' 'M' 'U' 'M'
 'M' 'M' 'A' 'M' 'M' 'M' 'M' 'M' 'M' 'M' 'M' 'M' 'M' 'U' 'M' 'M' 'U' 'M']"
125401,0,163,1,162,35,0,0,"['A' 'M' 'M' 'U' 'M' 'M' 'M' 'M' 'M' 'M' 'U' 'M' 'M' 'M' 'M' 'M' 'M' 'M'
 'M' 'M' 'M' 'M' 'M' 'M' 'U' 'M' 'M' 'M' 'M' 'M' 'M' 'M' 'U' 'M' 'M' 'U'
 'M' 'U' 'M' 'M' 'U' 'M' 'M' 'M' 'M' 'U' 'M' 'M' 'M' 'M' 'M' 'U' 'M' 'M'
 'U' 'M' 'M' 'U' 'U' 'U' 'M' 'M' 'M' 'M' 'M' 'M' 'M' 'M' 'M' 'M' 'M' 'M'
 'M' 'M' 'M' 'M' 'M' 'M' 'U' 'U' 'M' 'U' 'M' 'M' 'M' 'M' 'U' 'M' 'M' 'M'
 'M' 'U' 'M' 'M' 'M' 'M' 'M' 'M' 'U' 'U' 'M' 'M' 'M' 'M' 'M' 'M' 'M' 'M'
 'M' 'M' 'M' 'M' 'M' 'U' 'M' 'M' 'M' 'M' 'U' 'M' 'M' 'M' 'M' 'M' 'M' 'M'
 'M' 'M' 'M' 'M' 'M' 'M' 'M' 'M' 'M' 'U' 'M' 'U' 'U' 'M' 'U' 'M' 'M' 'M'
 'M' 'U' 'M' 'M' 'M' 'M' 'U' 'M' 'M' 'M' 'M' 'M' 'M' 'M' 'M' 'M' 'M' 'M'
 'M' 'M' 'M' 'M' 'M' 'U' 'U' 'M' 'M' 'M' 'M' 'U' 'M' 'M' 'U' 'M' 'M' 'M'
 'M' 'M' 'U' 'M' 'U' 'M' 'M' 'M' 'M' 'M' 'M' 'M' 'M' 'U' 'M' 'M' 'M' 'M']"
125501,0,163,1,162,35,0,0,"['A' 'M' 'M' 'U' 'M' 'M' 'M' 'M' 'M' 'M' 'U' 'M' 'M' 'U' 'M' 'M' 'M' 'M'
 'M' 'M' 'M' 'M' 'M' 'M' 'U' 'U' 'M' 'M' 'M' 'M' 'M' 'M' 'U' 'M' 'U' 'U'
 'M' 'M' 'M' 'M' 'U' 'M' 'U' 'M' 'U' 'U' 'M' 'M' 'M' 'M' 'M' 'U' 'M' 'M'
 'U' 'M' 'M' 'M' 'M' 'U' 'M' 'M' 'M' 'M' 'M' 'M' 'M' 'M' 'M' 'M' 'M' 'M'
 'M' 'M' 'M' 'M' 'M' 'M' 'U' 'M' 'U' 'U' 'M' 'M' 'M' 'M' 'M' 'M' 'M' 'U'
 'M' 'M' 'M' 'M' 'U' 'M' 'M' 'M' 'U' 'U' 'M' 'M' 'M' 'M' 'M' 'M' 'M' 'M'
 'M' 'M' 'M' 'M' 'M' 'U' 'M' 'M' 'M' 'M' 'U' 'M' 'M' 'M' 'M' 'M' 'M' 'M'
 'M' 'M' 'M' 'M' 'M' 'M' 'M' 'M' 'M' 'M' 'M' 'U' 'M' 'M' 'U' 'M' 'M' 'M'
 'M' 'U' 'M' 'M' 'M' 'M' 'U' 'M' 'M' 'M' 'M' 'M' 'M' 'M' 'M' 'M' 'M' 'M'
 'M' 'M' 'M' 'M' 'M' 'M' 'U' 'M' 'U' 'M' 'M' 'U' 'M' 'M' 'U' 'M' 'M' 'M'
 'M' 'M' 'U' 'M' 'U' 'M' 'M' 'M' 'M' 'M' 'M' 'M' 'M' 'U' 'M' 'M' 'M' 'M']"
125601,0,166,1,165,32,0,0,"['A' 'M' 'M' 'U' 'M' 'M' 'M' 'M' 'M' 'M' 'U' 'M' 'M' 'U' 'M' 'M' 'M' 'U'
 'M' 'M' 'M' 'U' 'M' 'M' 'M' 'U' 'M' 'M' 'M' 'M' 'M' 'M' 'U' 'M' 'U' 'M'
 'M' 'M' 'M' 'M' 'M' 'M' 'U' 'M' 'U' 'U' 'M' 'M' 'M' 'M' 'M' 'U' 'M' 'M'
 'U' 'M' 'M' 'M' 'M' 'M' 'M' 'M' 'M' 'M' 'U' 'M' 'M' 'M' 'M' 'M' 'U' 'M'
 'U' 'M' 'M' 'U' 'U' 'M' 'U' 'M' 'M' 'M' 'M' 'M' 'M' 'M' 'M' 'M' 'M' 'M'
 'M' 'M' 'M' 'M' 'M' 'M' 'M' 'M' 'U' 'U' 'M' 'M' 'M' 'M' 'U' 'M' 'M' 'M'
 'M' 'M' 'M' 'M' 'M' 'U' 'M' 'M' 'M' 'M' 'U' 'M' 'M' 'M' 'M' 'M' 'M' 'M'
 'M' 'M' 'M' 'M' 'M' 'M' 'U' 'M' 'M' 'M' 'M' 'U' 'M' 'M' 'U' 'M' 'M' 'M'
 'M' 'U' 'M' 'M' 'M' 'M' 'M' 'M' 'M' 'M' 'U' 'M' 'M' 'M' 'M' 'M' 'M' 'M'
 'M' 'M' 'M' 'M' 'M' 'M' 'M' 'M' 'M' 'M' 'M' 'M' 'M' 'M' 'U' 'M' 'M' 'M'
 'M' 'M' 'U' 'M' 'U' 'M' 'M' 'M' 'M' 'M' 'M' 'M' 'M' 'M' 'M' 'M' 'M' 'M']"
125701,0,164,5,159,34,0,0,"['A' 'M' 'M' 'A' 'U' 'M' 'U' 'M' 'U' 'M' 'U' 'M' 'M' 'M' 'M' 'M' 'U' 'M'
 'M' 'M' 'M' 'U' 'M' 'M' 'M' 'U' 'M' 'M' 'M' 'M' 'M' 'U' 'U' 'M' 'A' 'M'
 'M' 'M' 'M' 'M' 'U' 'M' 'U' 'M' 'U' 'A' 'M' 'M' 'M' 'M' 'M' 'U' 'M' 'M'
 'M' 'M' 'M' 'M' 'M' 'M' 'M' 'M' 'M' 'M' 'A' 'M' 'U' 'M' 'M' 'M' 'M' 'M'
 'M' 'M' 'M' 'M' 'M' 'M' 'M' 'M' 'U' 'M' 'M' 'M' 'M' 'M' 'U' 'M' 'M' 'M'
 'U' 'M' 'U' 'M' 'M' 'M' 'M' 'M' 'M' 'U' 'M' 'M' 'U' 'M' 'U' 'M' 'M' 'M'
 'M' 'M' 'M' 'M' 'M' 'U' 'M' 'M' 'M' 'M' 'M' 'M' 'M' 'U' 'M' 'M' 'M' 'M'
 'M' 'M' 'M' 'M' 'M' 'M' 'U' 'M' 'M' 'M' 'M' 'U' 'M' 'M' 'U' 'M' 'M' 'U'
 'M' 'U' 'M' 'M' 'M' 'M' 'M' 'M' 'M' 'M' 'M' 'M' 'M' 'M' 'U' 'M' 'M' 'M'
 'M' 'M' 'M' 'M' 'M' 'U' 'M' 'M' 'M' 'M' 'U' 'M' 'M' 'M' 'U' 'M' 'M' 'M'
 'M' 'M' 'U' 'M' 'U' 'M' 'M' 'M' 'M' 'M' 'M' 'M' 'M' 'M' 'M' 'M' 'M' 'M']"
125801,0,166,5,161,32,0,1,"['A' 'M' 'U' 'A' 'M' 'M' 'M' 'M' 'U' 'M' 'U' 'M' 'M' 'M' 'M' 'M' 'U' 'M'
 'M' 'M' 'M' 'U' 'M' 'M' 'M' 'U' 'M' 'M' 'M' 'M' 'M' 'U' 'M' 'M' 'U' 'M'
 'M' 'M' 'M' 'M' 'M' 'M' 'M' 'M' 'U' 'A' 'M' 'M' 'M' 'M' 'U' 'U' 'M' 'M'
 'M' 'M' 'M' 'M' 'M' 'M' 'M' 'M' 'M' 'M' 'A' 'M' 'M' 'M' 'U' 'U' 'M' 'U'
 'M' 'M' 'M' 'M' 'M' 'M' 'M' 'M' 'M' 'M' 'M' 'U' 'M' 'U' 'M' 'M' 'M' 'M'
 'M' 'M' 'M' 'M' 'M' 'M' 'M' 'M' 'M' 'U' 'M' 'M' 'M' 'M' 'U' 'M' 'M' 'M'
 'M' 'M' 'M' 'M' 'M' 'A' 'M' 'M' 'M' 'M' 'M' 'M' 'M' 'U' 'M' 'M' 'M' 'M'
 'M' 'M' 'M' 'M' 'M' 'U' 'U' 'M' 'M' 'M' 'M' 'U' 'M' 'M' 'U' 'M' 'M' 'U'
 'M' 'M' 'M' 'M' 'M' 'M' 'M' 'M' 'M' 'M' 'M' 'M' 'M' 'M' 'U' 'M' 'M' 'M'
 'M' 'U' 'M' 'M' 'M' 'U' 'M' 'M' 'M' 'M' 'U' 'M' 'M' 'U' 'M' 'M' 'M' 'M'
 'M' 'M' 'U' 'M' 'U' 'M' 'M' 'U' 'M' 'M' 'M' 'M' 'M' 'M' 'M' 'M' 'M' 'M']"
125901,0,165,6,159,33,0,0,"['A' 'M' 'U' 'A' 'M' 'M' 'M' 'M' 'U' 'M' 'M' 'M' 'M' 'M' 'M' 'M' 'U' 'M'
 'M' 'U' 'M' 'M' 'M' 'M' 'M' 'A' 'M' 'M' 'M' 'M' 'M' 'U' 'M' 'M' 'U' 'M'
 'U' 'M' 'M' 'M' 'M' 'M' 'M' 'M' 'M' 'U' 'M' 'M' 'M' 'M' 'U' 'U' 'M' 'M'
 'M' 'M' 'M' 'M' 'M' 'M' 'U' 'M' 'M' 'M' 'A' 'M' 'U' 'M' 'M' 'M' 'U' 'M'
 'M' 'M' 'U' 'M' 'U' 'M' 'M' 'M' 'M' 'M' 'M' 'M' 'M' 'U' 'M' 'M' 'M' 'M'
 'M' 'M' 'M' 'M' 'M' 'M' 'M' 'M' 'M' 'U' 'M' 'U' 'M' 'M' 'U' 'M' 'M' 'M'
 'M' 'M' 'M' 'M' 'M' 'A' 'M' 'M' 'M' 'M' 'M' 'M' 'M' 'U' 'M' 'M' 'M' 'M'
 'M' 'M' 'M' 'M' 'M' 'U' 'U' 'M' 'M' 'M' 'M' 'U' 'M' 'M' 'U' 'M' 'M' 'U'
 'M' 'M' 'M' 'M' 'M' 'M' 'M' 'M' 'M' 'M' 'M' 'M' 'U' 'M' 'U' 'M' 'M' 'M'
 'U' 'M' 'M' 'M' 'M' 'U' 'M' 'M' 'M' 'M' 'U' 'M' 'M' 'A' 'M' 'M' 'M' 'M'
 'M' 'M' 'U' 'M' 'U' 'M' 'M' 'U' 'M' 'M' 'M' 'M' 'M' 'M' 'M' 'M' 'M' 'M']"
126001,0,163,5,158,35,0,0,"['A' 'M' 'U' 'U' 'U' 'M' 'M' 'M' 'U' 'M' 'M' 'M' 'M' 'M' 'M' 'M' 'U' 'M'
 'M' 'U' 'M' 'M' 'M' 'U' 'M' 'A' 'M' 'M' 'M' 'M' 'M' 'M' 'M' 'M' 'U' 'M'
 'M' 'M' 'M' 'M' 'M' 'M' 'M' 'U' 'M' 'U' 'U' 'M' 'M' 'M' 'U' 'U' 'M' 'M'
 'M' 'M' 'M' 'M' 'M' 'M' 'U' 'M' 'M' 'M' 'A' 'M' 'M' 'M' 'M' 'U' 'M' 'M'
 'M' 'M' 'M' 'M' 'M' 'M' 'M' 'U' 'M' 'M' 'U' 'U' 'M' 'M' 'U' 'M' 'M' 'M'
 'M' 'M' 'M' 'M' 'M' 'M' 'M' 'U' 'M' 'M' 'M' 'M' 'M' 'M' 'U' 'M' 'M' 'M'
 'M' 'M' 'M' 'M' 'M' 'A' 'U' 'M' 'M' 'M' 'M' 'M' 'M' 'M' 'M' 'M' 'M' 'M'
 'M' 'M' 'M' 'M' 'M' 'M' 'U' 'M' 'M' 'M' 'M' 'U' 'M' 'U' 'U' 'M' 'M' 'U'
 'M' 'M' 'M' 'M' 'M' 'M' 'M' 'M' 'M' 'M' 'M' 'M' 'U' 'M' 'U' 'M' 'M' 'M'
 'U' 'M' 'M' 'M' 'M' 'U' 'M' 'M' 'M' 'M' 'U' 'M' 'M' 'A' 'M' 'M' 'M' 'M'
 'M' 'M' 'U' 'M' 'U' 'M' 'M' 'U' 'M' 'M' 'M' 'M' 'M' 'M' 'M' 'M' 'M' 'M']"
126101,0,156,3,153,42,0,0,"['A' 'M' 'M' 'U' 'U' 'M' 'M' 'U' 'U' 'M' 'M' 'M' 'M' 'M' 'M' 'M' 'M' 'M'
 'M' 'U' 'M' 'M' 'U' 'U' 'M' 'U' 'M' 'M' 'M' 'M' 'M' 'M' 'M' 'M' 'U' 'U'
 'M' 'M' 'M' 'M' 'M' 'M' 'M' 'U' 'M' 'U' 'M' 'M' 'M' 'M' 'U' 'M' 'M' 'M'
 'M' 'M' 'M' 'M' 'M' 'M' 'U' 'M' 'M' 'M' 'U' 'M' 'M' 'M' 'M' 'M' 'U' 'M'
 'M' 'M' 'M' 'M' 'U' 'M' 'M' 'U' 'M' 'M' 'M' 'M' 'M' 'M' 'M' 'U' 'M' 'M'
 'M' 'M' 'U' 'M' 'M' 'M' 'M' 'U' 'M' 'M' 'M' 'M' 'M' 'M' 'U' 'M' 'M' 'M'
 'M' 'M' 'M' 'M' 'U' 'A' 'U' 'M' 'M' 'M' 'M' 'M' 'U' 'M' 'M' 'M' 'M' 'M'
 'M' 'M' 'M' 'M' 'M' 'U' 'U' 'U' 'U' 'U' 'M' 'U' 'U' 'U' 'M' 'M' 'M' 'U'
 'M' 'M' 'M' 'M' 'M' 'M' 'M' 'M' 'M' 'M' 'M' 'M' 'U' 'M' 'U' 'M' 'M' 'M'
 'U' 'M' 'M' 'M' 'M' 'M' 'M' 'M' 'M' 'M' 'U' 'M' 'M' 'A' 'M' 'M' 'U' 'M'
 'M' 'M' 'U' 'M' 'U' 'M' 'M' 'U' 'M' 'M' 'M' 'M' 'M' 'M' 'M' 'M' 'M' 'M']"
126201,0,156,2,154,42,0,1,"['A' 'M' 'M' 'M' 'M' 'M' 'M' 'M' 'U' 'M' 'M' 'M' 'M' 'M' 'M' 'M' 'M' 'M'
 'M' 'U' 'M' 'M' 'U' 'M' 'M' 'U' 'M' 'M' 'M' 'U' 'M' 'M' 'M' 'U' 'U' 'U'
 'M' 'M' 'M' 'M' 'M' 'M' 'M' 'M' 'U' 'U' 'M' 'M' 'M' 'M' 'U' 'M' 'M' 'M'
 'M' 'M' 'M' 'M' 'M' 'M' 'U' 'M' 'M' 'M' 'U' 'M' 'M' 'U' 'M' 'M' 'M' 'M'
 'M' 'M' 'M' 'M' 'M' 'M' 'M' 'M' 'M' 'U' 'U' 'M' 'M' 'M' 'U' 'M' 'M' 'U'
 'M' 'M' 'M' 'M' 'M' 'M' 'M' 'U' 'M' 'M' 'M' 'M' 'M' 'M' 'U' 'M' 'M' 'M'
 'U' 'U' 'M' 'M' 'U' 'U' 'U' 'M' 'M' 'M' 'M' 'M' 'U' 'M' 'M' 'M' 'U' 'M'
 'M' 'M' 'M' 'M' 'M' 'M' 'U' 'U' 'M' 'U' 'M' 'M' 'U' 'U' 'M' 'M' 'M' 'U'
 'M' 'M' 'M' 'M' 'M' 'M' 'M' 'M' 'M' 'M' 'M' 'M' 'U' 'M' 'U' 'M' 'M' 'M'
 'U' 'M' 'M' 'M' 'M' 'M' 'M' 'M' 'U' 'M' 'U' 'M' 'M' 'A' 'U' 'M' 'U' 'M'
 'M' 'M' 'M' 'M' 'U' 'M' 'M' 'U' 'M' 'M' 'M' 'M' 'M' 'M' 'M' 'M' 'M' 'M']"
126301,0,155,2,153,43,0,0,"['A' 'M' 'M' 'M' 'M' 'M' 'M' 'M' 'U' 'M' 'M' 'M' 'M' 'M' 'M' 'M' 'M' 'M'
 'U' 'U' 'M' 'M' 'U' 'M' 'M' 'U' 'M' 'M' 'U' 'M' 'M' 'M' 'M' 'U' 'U' 'U'
 'M' 'M' 'M' 'M' 'M' 'M' 'M' 'M' 'U' 'U' 'M' 'M' 'M' 'M' 'U' 'M' 'M' 'M'
 'M' 'U' 'M' 'M' 'M' 'M' 'U' 'U' 'M' 'M' 'U' 'M' 'M' 'M' 'M' 'M' 'M' 'M'
 'U' 'M' 'M' 'M' 'M' 'M' 'M' 'U' 'M' 'M' 'U' 'M' 'U' 'M' 'M' 'M' 'M' 'U'
 'M' 'M' 'M' 'M' 'M' 'M' 'M' 'U' 'M' 'M' 'M' 'M' 'M' 'M' 'M' 'M' 'M' 'M'
 'U' 'U' 'M' 'U' 'U' 'U' 'U' 'M' 'M' 'M' 'M' 'M' 'U' 'M' 'M' 'M' 'U' 'M'
 'M' 'M' 'M' 'M' 'M' 'M' 'U' 'M' 'M' 'U' 'M' 'M' 'U' 'U' 'M' 'M' 'M' 'U'
 'U' 'M' 'M' 'M' 'M' 'M' 'M' 'M' 'M' 'M' 'M' 'M' 'M' 'M' 'U' 'M' 'M' 'M'
 'U' 'M' 'M' 'M' 'M' 'M' 'M' 'M' 'M' 'M' 'U' 'M' 'U' 'A' 'U' 'M' 'M' 'M'
 'M' 'M' 'U' 'M' 'M' 'M' 'M' 'U' 'M' 'M' 'M' 'M' 'M' 'M' 'M' 'M' 'M' 'M']"
126401,0,165,4,161,33,0,0,"['A' 'M' 'M' 'M' 'M' 'M' 'M' 'M' 'M' 'M' 'M' 'M' 'M' 'M' 'M' 'M' 'M' 'M'
 'U' 'U' 'M' 'M' 'U' 'M' 'M' 'U' 'M' 'M' 'U' 'M' 'M' 'M' 'M' 'U' 'U' 'U'
 'M' 'M' 'M' 'M' 'M' 'M' 'M' 'M' 'M' 'M' 'M' 'M' 'M' 'M' 'U' 'M' 'M' 'M'
 'M' 'A' 'M' 'M' 'U' 'M' 'M' 'U' 'M' 'M' 'U' 'M' 'M' 'U' 'M' 'U' 'M' 'M'
 'U' 'M' 'M' 'M' 'M' 'M' 'U' 'M' 'M' 'M' 'M' 'M' 'M' 'M' 'M' 'M' 'M' 'M'
 'M' 'U' 'M' 'M' 'M' 'U' 'M' 'M' 'M' 'M' 'M' 'M' 'M' 'M' 'M' 'M' 'M' 'M'
 'U' 'M' 'M' 'U' 'U' 'M' 'M' 'M' 'M' 'M' 'M' 'M' 'U' 'M' 'M' 'M' 'U' 'M'
 'M' 'M' 'M' 'M' 'M' 'M' 'M' 'M' 'M' 'A' 'M' 'M' 'U' 'U' 'M' 'M' 'M' 'U'
 'M' 'M' 'M' 'M' 'M' 'U' 'M' 'M' 'M' 'M' 'M' 'M' 'M' 'M' 'U' 'M' 'M' 'M'
 'U' 'M' 'M' 'M' 'M' 'M' 'M' 'M' 'M' 'M' 'U' 'M' 'M' 'A' 'U' 'M' 'M' 'M'
 'M' 'M' 'U' 'M' 'M' 'M' 'M' 'U' 'M' 'M' 'M' 'M' 'M' 'M' 'M' 'M' 'M' 'M']"
126501,0,165,3,162,33,0,0,"['A' 'M' 'M' 'M' 'M' 'M' 'M' 'M' 'M' 'M' 'U' 'M' 'M' 'U' 'M' 'M' 'M' 'M'
 'U' 'M' 'M' 'M' 'U' 'M' 'M' 'U' 'M' 'M' 'M' 'M' 'M' 'M' 'M' 'U' 'U' 'U'
 'M' 'U' 'M' 'M' 'M' 'M' 'M' 'M' 'M' 'M' 'M' 'M' 'M' 'M' 'U' 'M' 'M' 'M'
 'M' 'A' 'M' 'M' 'U' 'M' 'M' 'U' 'M' 'M' 'U' 'M' 'M' 'M' 'M' 'U' 'M' 'U'
 'M' 'M' 'M' 'M' 'U' 'M' 'M' 'M' 'U' 'M' 'M' 'M' 'M' 'U' 'M' 'M' 'M' 'M'
 'M' 'M' 'M' 'M' 'M' 'U' 'M' 'M' 'M' 'M' 'M' 'M' 'M' 'M' 'M' 'M' 'M' 'M'
 'U' 'M' 'M' 'M' 'U' 'M' 'M' 'M' 'M' 'M' 'M' 'U' 'U' 'M' 'M' 'M' 'U' 'M'
 'M' 'M' 'U' 'M' 'M' 'M' 'M' 'M' 'M' 'U' 'M' 'M' 'U' 'U' 'M' 'M' 'M' 'M'
 'M' 'U' 'M' 'M' 'M' 'M' 'M' 'M' 'M' 'M' 'M' 'M' 'M' 'M' 'M' 'M' 'M' 'M'
 'U' 'M' 'M' 'M' 'M' 'M' 'M' 'M' 'M' 'M' 'U' 'M' 'M' 'A' 'U' 'M' 'M' 'M'
 'M' 'M' 'M' 'M' 'M' 'M' 'M' 'U' 'M' 'M' 'M' 'M' 'M' 'M' 'M' 'M' 'M' 'M']"
126601,0,157,3,154,41,0,0,"['A' 'M' 'M' 'M' 'M' 'M' 'M' 'M' 'M' 'M' 'M' 'M' 'U' 'M' 'M' 'U' 'M' 'M'
 'U' 'M' 'M' 'M' 'U' 'M' 'M' 'U' 'M' 'M' 'M' 'M' 'M' 'U' 'M' 'U' 'M' 'U'
 'M' 'U' 'M' 'M' 'M' 'M' 'M' 'U' 'M' 'U' 'M' 'M' 'M' 'M' 'U' 'M' 'M' 'M'
 'M' 'A' 'M' 'M' 'U' 'M' 'M' 'M' 'M' 'M' 'U' 'M' 'M' 'M' 'M' 'M' 'M' 'M'
 'U' 'M' 'M' 'M' 'M' 'M' 'M' 'M' 'M' 'U' 'U' 'M' 'U' 'M' 'M' 'M' 'M' 'M'
 'M' 'U' 'M' 'M' 'M' 'U' 'M' 'M' 'M' 'M' 'M' 'M' 'M' 'U' 'M' 'M' 'M' 'M'
 'U' 'M' 'U' 'M' 'U' 'M' 'M' 'M' 'M' 'M' 'M' 'U' 'U' 'M' 'M' 'M' 'U' 'M'
 'M' 'M' 'M' 'M' 'M' 'M' 'M' 'M' 'M' 'U' 'M' 'M' 'U' 'U' 'M' 'M' 'M' 'M'
 'M' 'M' 'M' 'M' 'M' 'M' 'M' 'M' 'M' 'M' 'M' 'U' 'M' 'M' 'M' 'U' 'M' 'M'
 'U' 'M' 'U' 'M' 'M' 'M' 'M' 'M' 'M' 'U' 'M' 'U' 'M' 'A' 'U' 'M' 'M' 'M'
 'M' 'M' 'U' 'M' 'M' 'M' 'M' 'U' 'M' 'M' 'M' 'U' 'M' 'M' 'U' 'M' 'M' 'M']"
126701,0,161,5,156,37,0,0,"['A' 'M' 'U' 'M' 'M' 'M' 'M' 'M' 'M' 'M' 'M' 'M' 'M' 'U' 'M' 'U' 'M' 'M'
 'U' 'M' 'M' 'M' 'U' 'M' 'M' 'U' 'U' 'M' 'M' 'M' 'M' 'M' 'M' 'U' 'M' 'M'
 'U' 'U' 'M' 'M' 'M' 'M' 'M' 'U' 'M' 'U' 'M' 'M' 'M' 'M' 'U' 'M' 'M' 'M'
 'M' 'U' 'M' 'M' 'M' 'M' 'M' 'M' 'M' 'M' 'U' 'M' 'M' 'M' 'M' 'U' 'M' 'M'
 'M' 'M' 'U' 'M' 'M' 'M' 'M' 'M' 'M' 'M' 'U' 'U' 'M' 'M' 'M' 'M' 'M' 'U'
 'M' 'M' 'M' 'M' 'M' 'U' 'M' 'M' 'M' 'U' 'M' 'M' 'M' 'U' 'M' 'M' 'M' 'M'
 'U' 'M' 'A' 'M' 'A' 'M' 'M' 'M' 'M' 'M' 'M' 'M' 'U' 'A' 'M' 'M' 'M' 'M'
 'M' 'M' 'M' 'M' 'M' 'M' 'M' 'M' 'M' 'U' 'M' 'M' 'U' 'U' 'M' 'M' 'M' 'U'
 'M' 'M' 'M' 'M' 'M' 'M' 'M' 'M' 'M' 'M' 'M' 'U' 'M' 'M' 'M' 'U' 'M' 'M'
 'U' 'M' 'U' 'M' 'M' 'M' 'M' 'M' 'M' 'M' 'M' 'U' 'M' 'A' 'U' 'M' 'M' 'M'
 'M' 'M' 'M' 'M' 'M' 'M' 'M' 'U' 'M' 'M' 'M' 'M' 'M' 'M' 'U' 'M' 'M' 'M']"
126801,0,159,3,156,39,0,0,"['A' 'M' 'U' 'M' 'M' 'M' 'M' 'M' 'M' 'U' 'M' 'M' 'M' 'U' 'M' 'M' 'M' 'M'
 'U' 'M' 'M' 'M' 'M' 'M' 'M' 'U' 'U' 'M' 'M' 'M' 'M' 'M' 'M' 'U' 'M' 'M'
 'M' 'M' 'M' 'M' 'M' 'M' 'M' 'U' 'M' 'M' 'M' 'M' 'M' 'M' 'U' 'U' 'M' 'M'
 'M' 'M' 'M' 'M' 'M' 'M' 'M' 'M' 'M' 'M' 'U' 'M' 'M' 'M' 'M' 'M' 'M' 'M'
 'M' 'M' 'M' 'M' 'M' 'M' 'U' 'M' 'M' 'M' 'U' 'U' 'M' 'M' 'M' 'M' 'M' 'U'
 'M' 'U' 'M' 'M' 'M' 'U' 'U' 'M' 'M' 'M' 'M' 'M' 'M' 'M' 'M' 'M' 'U' 'M'
 'U' 'M' 'A' 'M' 'A' 'M' 'M' 'M' 'M' 'M' 'M' 'M' 'U' 'U' 'M' 'M' 'M' 'M'
 'U' 'U' 'M' 'M' 'M' 'M' 'M' 'M' 'M' 'U' 'M' 'M' 'M' 'U' 'M' 'M' 'M' 'U'
 'M' 'M' 'M' 'M' 'M' 'M' 'M' 'M' 'M' 'M' 'M' 'U' 'M' 'M' 'U' 'U' 'U' 'M'
 'U' 'M' 'U' 'M' 'M' 'M' 'M' 'M' 'M' 'M' 'M' 'U' 'M' 'U' 'U' 'M' 'M' 'M'
 'M' 'M' 'M' 'M' 'M' 'M' 'U' 'U' 'M' 'M' 'M' 'M' 'M' 'M' 'M' 'U' 'M' 'M']"
126901,0,160,6,154,38,0,0,"['A' 'M' 'U' 'M' 'M' 'M' 'M' 'M' 'M' 'A' 'M' 'M' 'M' 'U' 'M' 'M' 'M' 'U'
 'U' 'M' 'M' 'M' 'M' 'M' 'M' 'U' 'U' 'M' 'M' 'M' 'M' 'M' 'M' 'M' 'M' 'M'
 'M' 'M' 'M' 'M' 'M' 'M' 'M' 'U' 'M' 'M' 'M' 'M' 'M' 'M' 'U' 'U' 'M' 'M'
 'M' 'M' 'M' 'M' 'M' 'M' 'M' 'M' 'M' 'M' 'U' 'M' 'M' 'U' 'U' 'M' 'U' 'M'
 'M' 'M' 'M' 'M' 'M' 'M' 'M' 'M' 'M' 'M' 'M' 'M' 'U' 'M' 'U' 'M' 'M' 'M'
 'M' 'M' 'M' 'M' 'M' 'U' 'U' 'M' 'M' 'M' 'M' 'M' 'M' 'M' 'M' 'M' 'U' 'M'
 'U' 'M' 'A' 'M' 'A' 'M' 'M' 'M' 'M' 'M' 'M' 'U' 'U' 'M' 'M' 'M' 'M' 'M'
 'M' 'U' 'M' 'M' 'M' 'U' 'U' 'A' 'U' 'U' 'U' 'U' 'U' 'M' 'M' 'M' 'M' 'M'
 'M' 'M' 'M' 'M' 'M' 'M' 'M' 'M' 'M' 'M' 'M' 'U' 'M' 'M' 'U' 'U' 'A' 'M'
 'U' 'U' 'M' 'M' 'U' 'M' 'M' 'M' 'M' 'M' 'M' 'M' 'M' 'U' 'M' 'M' 'M' 'M'
 'M' 'M' 'M' 'M' 'M' 'M' 'U' 'M' 'M' 'M' 'M' 'M' 'M' 'M' 'M' 'U' 'M' 'M']"
127001,1,155,6,149,43,0,0,"['A' 'M' 'U' 'M' 'M' 'M' 'M' 'M' 'M' 'A' 'U' 'M' 'M' 'U' 'M' 'M' 'M' 'U'
 'U' 'M' 'M' 'M' 'U' 'M' 'M' 'U' 'U' 'M' 'M' 'M' 'M' 'M' 'M' 'U' 'M' 'M'
 'M' 'M' 'M' 'U' 'M' 'M' 'M' 'M' 'M' 'M' 'M' 'M' 'M' 'M' 'U' 'U' 'M' 'M'
 'M' 'M' 'M' 'M' 'M' 'M' 'M' 'M' 'M' 'U' 'U' 'M' 'M' 'M' 'M' 'M' 'M' 'M'
 'M' 'M' 'M' 'M' 'M' 'M' 'M' 'M' 'M' 'M' 'M' 'M' 'U' 'M' 'M' 'M' 'M' 'U'
 'M' 'U' 'U' 'U' 'M' 'U' 'U' 'M' 'M' 'M' 'M' 'M' 'M' 'M' 'M' 'M' 'U' 'M'
 'U' 'M' 'A' 'U' 'A' 'M' 'M' 'M' 'M' 'M' 'M' 'M' 'U' 'M' 'M' 'M' 'M' 'M'
 'M' 'M' 'M' 'M' 'U' 'U' 'M' 'U' 'U' 'A' 'U' 'U' 'U' 'M' 'M' 'M' 'M' 'M'
 'M' 'M' 'M' 'M' 'M' 'M' 'U' 'M' 'M' 'M' 'M' 'U' 'M' 'M' 'U' 'U' 'A' 'M'
 'U' 'U' 'U' 'M' 'U' 'M' 'M' 'M' 'M' 'M' 'M' 'U' 'M' 'M' 'M' 'M' 'M' 'M'
 'M' 'M' 'M' 'M' 'M' 'M' 'M' 'M' 'M' 'M' 'M' 'M' 'U' 'M' 'M' 'U' 'M' 'M']"
127101,0,157,5,152,41,0,0,"['A' 'M' 'M' 'M' 'M' 'M' 'U' 'M' 'M' 'A' 'U' 'M' 'M' 'U' 'M' 'M' 'M' 'U'
 'U' 'M' 'M' 'M' 'U' 'M' 'M' 'U' 'U' 'M' 'M' 'M' 'M' 'M' 'M' 'U' 'M' 'M'
 'U' 'M' 'M' 'U' 'M' 'M' 'M' 'M' 'M' 'M' 'M' 'M' 'M' 'M' 'M' 'U' 'M' 'M'
 'M' 'M' 'M' 'M' 'U' 'M' 'M' 'M' 'M' 'U' 'U' 'M' 'M' 'M' 'M' 'M' 'M' 'M'
 'U' 'M' 'M' 'U' 'M' 'M' 'M' 'M' 'M' 'M' 'M' 'U' 'M' 'M' 'M' 'M' 'U' 'M'
 'M' 'M' 'M' 'M' 'U' 'U' 'U' 'M' 'M' 'M' 'M' 'M' 'M' 'M' 'M' 'M' 'M' 'M'
 'U' 'M' 'U' 'U' 'A' 'M' 'M' 'M' 'M' 'M' 'M' 'M' 'U' 'M' 'M' 'M' 'M' 'M'
 'U' 'M' 'M' 'M' 'U' 'M' 'U' 'U' 'U' 'A' 'U' 'U' 'U' 'U' 'M' 'M' 'M' 'M'
 'M' 'M' 'M' 'M' 'M' 'M' 'M' 'M' 'M' 'M' 'M' 'M' 'M' 'M' 'U' 'M' 'A' 'M'
 'U' 'U' 'U' 'M' 'M' 'M' 'M' 'M' 'M' 'M' 'M' 'M' 'M' 'M' 'M' 'M' 'M' 'M'
 'M' 'M' 'M' 'M' 'M' 'M' 'M' 'M' 'M' 'M' 'M' 'M' 'U' 'M' 'M' 'U' 'M' 'M']"
127201,0,158,5,153,40,0,0,"['A' 'M' 'M' 'M' 'M' 'M' 'U' 'M' 'M' 'A' 'U' 'M' 'M' 'U' 'M' 'M' 'M' 'U'
 'U' 'M' 'M' 'M' 'U' 'M' 'M' 'U' 'U' 'M' 'M' 'M' 'M' 'M' 'M' 'U' 'M' 'M'
 'M' 'M' 'M' 'U' 'M' 'M' 'M' 'M' 'M' 'M' 'M' 'M' 'M' 'M' 'M' 'M' 'M' 'M'
 'M' 'M' 'M' 'M' 'U' 'M' 'U' 'M' 'M' 'U' 'M' 'M' 'M' 'U' 'M' 'M' 'M' 'M'
 'M' 'M' 'M' 'M' 'M' 'M' 'M' 'M' 'U' 'U' 'M' 'U' 'M' 'M' 'U' 'M' 'M' 'M'
 'M' 'M' 'M' 'M' 'M' 'U' 'M' 'U' 'M' 'M' 'M' 'M' 'M' 'M' 'M' 'M' 'M' 'M'
 'M' 'M' 'M' 'U' 'A' 'M' 'U' 'M' 'M' 'M' 'M' 'M' 'M' 'M' 'M' 'U' 'M' 'M'
 'U' 'M' 'M' 'M' 'U' 'U' 'U' 'U' 'U' 'A' 'U' 'U' 'U' 'M' 'M' 'U' 'M' 'M'
 'M' 'M' 'M' 'M' 'M' 'M' 'M' 'M' 'M' 'M' 'M' 'M' 'M' 'M' 'U' 'M' 'A' 'M'
 'M' 'M' 'U' 'U' 'M' 'M' 'M' 'M' 'M' 'M' 'M' 'M' 'M' 'M' 'M' 'M' 'M' 'M'
 'M' 'M' 'M' 'U' 'M' 'M' 'M' 'M' 'U' 'M' 'M' 'M' 'U' 'M' 'M' 'U' 'M' 'M']"
127301,0,163,6,157,35,1,0,"['A' 'M' 'M' 'M' 'M' 'M' 'M' 'M' 'M' 'A' 'M' 'M' 'M' 'U' 'M' 'M' 'M' 'U'
 'U' 'M' 'M' 'M' 'U' 'M' 'M' 'U' 'U' 'M' 'M' 'M' 'M' 'M' 'M' 'M' 'M' 'M'
 'M' 'M' 'M' 'U' 'M' 'M' 'M' 'M' 'M' 'M' 'M' 'M' 'M' 'M' 'U' 'M' 'M' 'M'
 'M' 'M' 'M' 'M' 'U' 'M' 'U' 'M' 'M' 'U' 'M' 'M' 'M' 'M' 'M' 'M' 'M' 'M'
 'M' 'M' 'U' 'U' 'M' 'M' 'M' 'M' 'M' 'M' 'U' 'U' 'M' 'M' 'U' 'M' 'M' 'M'
 'M' 'M' 'M' 'M' 'M' 'M' 'M' 'U' 'M' 'M' 'M' 'M' 'M' 'M' 'M' 'M' 'M' 'M'
 'M' 'M' 'M' 'M' 'A' 'M' 'U' 'M' 'M' 'M' 'M' 'M' 'M' 'M' 'M' 'U' 'M' 'M'
 'M' 'M' 'M' 'M' 'U' 'M' 'U' 'M' 'U' 'A' 'U' 'A' 'U' 'U' 'M' 'U' 'M' 'M'
 'M' 'M' 'M' 'M' 'M' 'M' 'M' 'M' 'M' 'M' 'M' 'M' 'M' 'M' 'U' 'M' 'A' 'M'
 'M' 'M' 'U' 'M' 'M' 'M' 'M' 'M' 'M' 'M' 'M' 'U' 'M' 'M' 'M' 'M' 'M' 'M'
 'M' 'M' 'M' 'M' 'M' 'U' 'M' 'M' 'M' 'M' 'M' 'M' 'U' 'U' 'U' 'U' 'U' 'M']"
127401,0,163,4,159,35,0,1,"['A' 'M' 'M' 'M' 'M' 'M' 'M' 'M' 'M' 'A' 'M' 'M' 'M' 'M' 'M' 'U' 'M' 'U'
 'U' 'M' 'M' 'M' 'U' 'M' 'M' 'U' 'U' 'M' 'M' 'M' 'M' 'M' 'M' 'M' 'M' 'U'
 'M' 'M' 'M' 'U' 'M' 'M' 'M' 'M' 'M' 'M' 'M' 'M' 'M' 'M' 'U' 'M' 'M' 'M'
 'M' 'M' 'M' 'M' 'U' 'M' 'U' 'M' 'M' 'U' 'M' 'M' 'M' 'M' 'M' 'U' 'M' 'M'
 'U' 'M' 'M' 'M' 'M' 'M' 'M' 'M' 'M' 'M' 'M' 'M' 'M' 'M' 'M' 'U' 'U' 'M'
 'M' 'U' 'M' 'M' 'M' 'M' 'M' 'U' 'M' 'M' 'M' 'M' 'M' 'M' 'M' 'M' 'M' 'M'
 'M' 'M' 'M' 'M' 'U' 'M' 'M' 'M' 'M' 'M' 'M' 'M' 'M' 'M' 'M' 'A' 'M' 'M'
 'M' 'M' 'M' 'M' 'U' 'U' 'U' 'M' 'M' 'A' 'U' 'U' 'U' 'M' 'M' 'M' 'M' 'U'
 'M' 'M' 'M' 'M' 'U' 'M' 'M' 'M' 'M' 'M' 'M' 'M' 'M' 'M' 'U' 'M' 'U' 'M'
 'M' 'M' 'U' 'M' 'M' 'M' 'M' 'M' 'M' 'M' 'M' 'M' 'M' 'M' 'M' 'M' 'M' 'M'
 'M' 'M' 'M' 'M' 'M' 'U' 'M' 'M' 'M' 'M' 'M' 'M' 'M' 'U' 'U' 'U' 'U' 'M']"
127501,0,172,3,169,26,0,0,"['A' 'M' 'M' 'M' 'M' 'M' 'M' 'M' 'M' 'A' 'M' 'M' 'M' 'M' 'M' 'U' 'M' 'M'
 'U' 'M' 'M' 'M' 'M' 'M' 'M' 'M' 'U' 'M' 'M' 'M' 'M' 'M' 'M' 'M' 'M' 'M'
 'M' 'M' 'M' 'U' 'M' 'M' 'M' 'M' 'M' 'M' 'M' 'M' 'M' 'M' 'M' 'M' 'M' 'M'
 'M' 'M' 'M' 'M' 'U' 'M' 'U' 'M' 'U' 'M' 'M' 'M' 'M' 'M' 'M' 'U' 'M' 'M'
 'M' 'M' 'U' 'M' 'M' 'M' 'U' 'M' 'M' 'M' 'M' 'M' 'M' 'M' 'M' 'M' 'M' 'M'
 'M' 'M' 'M' 'U' 'U' 'M' 'M' 'U' 'M' 'M' 'M' 'M' 'M' 'M' 'M' 'M' 'M' 'M'
 'M' 'M' 'M' 'M' 'U' 'M' 'M' 'M' 'M' 'M' 'M' 'M' 'M' 'M' 'M' 'A' 'M' 'M'
 'M' 'M' 'M' 'M' 'U' 'M' 'M' 'M' 'M' 'U' 'U' 'U' 'U' 'M' 'M' 'M' 'M' 'U'
 'M' 'M' 'M' 'M' 'U' 'M' 'M' 'M' 'M' 'M' 'M' 'M' 'M' 'M' 'U' 'M' 'U' 'M'
 'M' 'M' 'U' 'M' 'M' 'M' 'M' 'M' 'M' 'M' 'M' 'M' 'M' 'M' 'M' 'M' 'M' 'M'
 'M' 'M' 'M' 'M' 'M' 'M' 'M' 'M' 'M' 'M' 'M' 'M' 'M' 'U' 'M' 'M' 'U' 'M']"
127601,0,171,3,168,27,0,0,"['A' 'M' 'M' 'M' 'M' 'M' 'M' 'M' 'M' 'A' 'M' 'M' 'M' 'M' 'M' 'U' 'M' 'M'
 'M' 'M' 'M' 'M' 'M' 'M' 'M' 'M' 'M' 'M' 'M' 'M' 'M' 'M' 'M' 'M' 'M' 'M'
 'M' 'M' 'M' 'M' 'M' 'M' 'M' 'M' 'U' 'M' 'M' 'M' 'M' 'M' 'M' 'M' 'M' 'M'
 'M' 'M' 'M' 'M' 'U' 'U' 'U' 'M' 'M' 'M' 'M' 'M' 'U' 'M' 'M' 'M' 'M' 'U'
 'M' 'M' 'M' 'M' 'M' 'U' 'M' 'M' 'U' 'M' 'M' 'M' 'M' 'M' 'M' 'M' 'M' 'U'
 'M' 'M' 'M' 'M' 'M' 'M' 'M' 'M' 'M' 'M' 'M' 'M' 'M' 'M' 'M' 'M' 'M' 'M'
 'M' 'M' 'M' 'M' 'U' 'M' 'M' 'M' 'M' 'M' 'M' 'M' 'M' 'M' 'M' 'A' 'M' 'M'
 'M' 'M' 'M' 'M' 'U' 'M' 'U' 'U' 'U' 'U' 'U' 'U' 'U' 'M' 'M' 'U' 'M' 'M'
 'M' 'M' 'M' 'M' 'M' 'U' 'M' 'M' 'M' 'M' 'M' 'M' 'M' 'M' 'U' 'M' 'U' 'M'
 'M' 'M' 'U' 'M' 'M' 'M' 'M' 'M' 'M' 'M' 'M' 'M' 'M' 'M' 'M' 'M' 'M' 'M'
 'M' 'M' 'M' 'M' 'M' 'M' 'M' 'M' 'M' 'M' 'M' 'U' 'M' 'U' 'M' 'M' 'U' 'M']"
127701,0,169,3,166,29,0,0,"['A' 'M' 'M' 'M' 'M' 'M' 'M' 'M' 'M' 'M' 'M' 'M' 'M' 'M' 'M' 'U' 'M' 'M'
 'M' 'U' 'M' 'U' 'M' 'M' 'M' 'M' 'M' 'M' 'M' 'M' 'U' 'M' 'M' 'M' 'M' 'M'
 'M' 'M' 'M' 'M' 'M' 'M' 'M' 'M' 'M' 'M' 'M' 'U' 'M' 'M' 'M' 'M' 'M' 'M'
 'M' 'M' 'M' 'M' 'U' 'U' 'U' 'M' 'M' 'M' 'M' 'U' 'M' 'M' 'U' 'M' 'M' 'M'
 'M' 'U' 'M' 'M' 'M' 'M' 'M' 'M' 'M' 'M' 'M' 'M' 'M' 'M' 'M' 'M' 'U' 'M'
 'M' 'M' 'U' 'M' 'M' 'M' 'M' 'M' 'M' 'M' 'M' 'M' 'M' 'M' 'M' 'M' 'M' 'M'
 'M' 'M' 'M' 'M' 'U' 'M' 'M' 'M' 'M' 'M' 'M' 'A' 'M' 'M' 'M' 'A' 'M' 'M'
 'M' 'M' 'M' 'U' 'U' 'M' 'U' 'U' 'U' 'M' 'U' 'U' 'U' 'M' 'M' 'U' 'M' 'M'
 'M' 'M' 'M' 'M' 'M' 'U' 'M' 'M' 'M' 'M' 'M' 'M' 'M' 'M' 'U' 'M' 'U' 'M'
 'U' 'M' 'U' 'M' 'M' 'M' 'M' 'M' 'M' 'M' 'M' 'M' 'M' 'M' 'M' 'M' 'M' 'M'
 'M' 'M' 'M' 'M' 'M' 'M' 'M' 'M' 'M' 'M' 'M' 'M' 'M' 'M' 'M' 'M' 'U' 'M']"
127801,0,170,1,169,28,0,1,"['A' 'M' 'M' 'M' 'U' 'M' 'M' 'M' 'M' 'M' 'M' 'M' 'M' 'M' 'M' 'M' 'M' 'M'
 'M' 'U' 'M' 'M' 'M' 'M' 'M' 'M' 'M' 'M' 'M' 'M' 'U' 'M' 'M' 'M' 'M' 'M'
 'M' 'M' 'M' 'M' 'M' 'M' 'M' 'M' 'M' 'M' 'U' 'M' 'M' 'M' 'M' 'M' 'M' 'M'
 'M' 'M' 'M' 'M' 'U' 'U' 'U' 'M' 'M' 'M' 'M' 'M' 'U' 'M' 'M' 'M' 'M' 'M'
 'M' 'M' 'M' 'M' 'M' 'U' 'M' 'M' 'M' 'M' 'M' 'M' 'M' 'M' 'M' 'M' 'M' 'U'
 'U' 'U' 'M' 'M' 'M' 'M' 'M' 'M' 'M' 'M' 'M' 'M' 'M' 'M' 'M' 'M' 'M' 'M'
 'M' 'M' 'M' 'M' 'U' 'M' 'M' 'M' 'M' 'M' 'M' 'U' 'M' 'M' 'M' 'U' 'M' 'M'
 'M' 'M' 'M' 'U' 'U' 'M' 'U' 'M' 'U' 'M' 'M' 'U' 'U' 'M' 'M' 'M' 'M' 'M'
 'M' 'M' 'M' 'M' 'M' 'M' 'M' 'M' 'M' 'M' 'M' 'M' 'M' 'M' 'M' 'M' 'U' 'M'
 'U' 'U' 'M' 'M' 'M' 'M' 'M' 'M' 'M' 'M' 'M' 'M' 'M' 'M' 'M' 'M' 'M' 'U'
 'M' 'U' 'M' 'M' 'M' 'M' 'M' 'M' 'M' 'U' 'M' 'M' 'M' 'M' 'M' 'M' 'U' 'M']"
127901,0,168,2,166,30,0,0,"['A' 'M' 'M' 'M' 'U' 'M' 'M' 'M' 'M' 'M' 'M' 'M' 'M' 'M' 'M' 'U' 'M' 'M'
 'M' 'M' 'M' 'M' 'M' 'M' 'M' 'M' 'M' 'M' 'M' 'M' 'M' 'M' 'M' 'M' 'M' 'M'
 'M' 'U' 'M' 'M' 'M' 'M' 'M' 'M' 'M' 'M' 'U' 'M' 'M' 'M' 'M' 'M' 'M' 'M'
 'M' 'M' 'M' 'M' 'U' 'U' 'U' 'M' 'M' 'U' 'M' 'U' 'M' 'M' 'M' 'M' 'U' 'M'
 'M' 'M' 'M' 'M' 'U' 'M' 'U' 'M' 'M' 'M' 'M' 'M' 'M' 'M' 'M' 'M' 'M' 'M'
 'M' 'M' 'M' 'U' 'M' 'M' 'M' 'M' 'M' 'M' 'M' 'M' 'M' 'M' 'M' 'M' 'M' 'M'
 'M' 'M' 'M' 'M' 'U' 'M' 'M' 'M' 'M' 'M' 'M' 'U' 'M' 'M' 'M' 'U' 'M' 'M'
 'M' 'M' 'M' 'U' 'M' 'U' 'U' 'M' 'U' 'U' 'U' 'U' 'A' 'M' 'M' 'M' 'M' 'M'
 'M' 'M' 'M' 'M' 'M' 'M' 'M' 'M' 'M' 'M' 'U' 'M' 'U' 'M' 'M' 'M' 'U' 'M'
 'M' 'U' 'M' 'M' 'M' 'M' 'M' 'M' 'U' 'M' 'M' 'M' 'M' 'M' 'M' 'M' 'M' 'M'
 'M' 'M' 'M' 'M' 'M' 'M' 'M' 'M' 'M' 'U' 'M' 'M' 'M' 'M' 'M' 'M' 'U' 'M']"
128001,0,168,4,164,30,0,0,"['A' 'M' 'M' 'U' 'U' 'M' 'M' 'M' 'M' 'M' 'M' 'M' 'M' 'M' 'M' 'U' 'M' 'M'
 'M' 'M' 'M' 'U' 'M' 'M' 'M' 'M' 'M' 'M' 'M' 'M' 'M' 'M' 'M' 'M' 'M' 'M'
 'U' 'U' 'M' 'M' 'M' 'M' 'M' 'M' 'M' 'M' 'U' 'M' 'M' 'M' 'M' 'M' 'M' 'M'
 'M' 'M' 'M' 'M' 'U' 'M' 'U' 'M' 'M' 'U' 'M' 'M' 'M' 'M' 'U' 'U' 'U' 'U'
 'M' 'M' 'M' 'M' 'M' 'M' 'U' 'M' 'M' 'M' 'M' 'M' 'M' 'M' 'M' 'M' 'M' 'M'
 'M' 'M' 'M' 'M' 'M' 'M' 'M' 'M' 'M' 'M' 'U' 'M' 'M' 'M' 'M' 'M' 'M' 'M'
 'M' 'M' 'M' 'M' 'U' 'M' 'M' 'M' 'M' 'U' 'M' 'U' 'M' 'M' 'M' 'U' 'M' 'M'
 'M' 'M' 'M' 'U' 'M' 'U' 'M' 'M' 'U' 'U' 'M' 'U' 'A' 'M' 'M' 'M' 'M' 'M'
 'M' 'M' 'M' 'M' 'M' 'M' 'M' 'M' 'M' 'M' 'M' 'M' 'U' 'M' 'M' 'M' 'U' 'M'
 'M' 'A' 'M' 'A' 'M' 'M' 'M' 'U' 'U' 'M' 'M' 'M' 'M' 'M' 'M' 'M' 'M' 'M'
 'M' 'M' 'M' 'M' 'M' 'M' 'M' 'M' 'M' 'U' 'M' 'M' 'M' 'M' 'M' 'M' 'M' 'M']"
128101,0,165,6,159,33,0,0,"['A' 'M' 'M' 'U' 'M' 'M' 'M' 'M' 'M' 'M' 'M' 'M' 'M' 'M' 'M' 'U' 'M' 'M'
 'M' 'M' 'M' 'U' 'M' 'M' 'M' 'M' 'M' 'M' 'M' 'M' 'M' 'M' 'M' 'M' 'M' 'M'
 'U' 'U' 'M' 'M' 'M' 'M' 'M' 'M' 'M' 'M' 'U' 'M' 'M' 'M' 'M' 'M' 'M' 'M'
 'M' 'M' 'M' 'M' 'U' 'M' 'U' 'M' 'M' 'U' 'U' 'U' 'M' 'M' 'M' 'U' 'M' 'M'
 'M' 'M' 'M' 'M' 'M' 'M' 'M' 'M' 'M' 'U' 'M' 'M' 'M' 'M' 'U' 'U' 'M' 'M'
 'M' 'M' 'M' 'M' 'M' 'M' 'M' 'U' 'M' 'M' 'U' 'U' 'M' 'M' 'M' 'M' 'M' 'M'
 'M' 'M' 'M' 'M' 'U' 'M' 'M' 'M' 'M' 'U' 'M' 'U' 'M' 'M' 'M' 'U' 'M' 'M'
 'U' 'M' 'M' 'U' 'M' 'U' 'A' 'M' 'U' 'U' 'U' 'A' 'A' 'M' 'M' 'M' 'M' 'M'
 'M' 'M' 'M' 'M' 'U' 'M' 'M' 'M' 'M' 'M' 'M' 'M' 'U' 'M' 'M' 'M' 'U' 'M'
 'M' 'A' 'M' 'A' 'M' 'M' 'M' 'U' 'U' 'M' 'M' 'M' 'M' 'M' 'M' 'M' 'M' 'M'
 'M' 'M' 'M' 'M' 'M' 'M' 'M' 'M' 'M' 'M' 'M' 'M' 'M' 'M' 'M' 'M' 'M' 'M']"
128201,0,167,5,162,31,0,0,"['A' 'M' 'M' 'U' 'M' 'M' 'M' 'M' 'M' 'M' 'M' 'M' 'M' 'M' 'M' 'U' 'M' 'M'
 'M' 'M' 'M' 'U' 'M' 'U' 'M' 'M' 'M' 'M' 'M' 'M' 'M' 'M' 'M' 'M' 'M' 'M'
 'M' 'M' 'U' 'M' 'M' 'M' 'M' 'U' 'M' 'M' 'M' 'M' 'M' 'M' 'M' 'M' 'M' 'M'
 'M' 'M' 'M' 'M' 'M' 'M' 'U' 'U' 'M' 'U' 'M' 'M' 'M' 'M' 'U' 'M' 'U' 'U'
 'M' 'M' 'M' 'M' 'M' 'M' 'M' 'M' 'M' 'M' 'U' 'M' 'M' 'M' 'M' 'M' 'M' 'M'
 'M' 'M' 'U' 'M' 'M' 'M' 'M' 'U' 'M' 'M' 'M' 'M' 'M' 'M' 'M' 'M' 'M' 'M'
 'M' 'M' 'M' 'M' 'M' 'U' 'M' 'M' 'M' 'U' 'M' 'U' 'M' 'M' 'M' 'U' 'M' 'M'
 'U' 'M' 'M' 'U' 'M' 'U' 'U' 'U' 'U' 'U' 'M' 'A' 'A' 'M' 'M' 'M' 'M' 'M'
 'M' 'M' 'M' 'M' 'U' 'M' 'M' 'M' 'M' 'M' 'M' 'M' 'U' 'M' 'M' 'M' 'U' 'M'
 'M' 'A' 'M' 'A' 'M' 'M' 'M' 'M' 'M' 'M' 'M' 'M' 'M' 'M' 'M' 'M' 'M' 'M'
 'M' 'M' 'M' 'M' 'M' 'M' 'M' 'M' 'U' 'M' 'M' 'M' 'M' 'M' 'U' 'M' 'M' 'M']"
128301,0,163,5,158,35,0,0,"['A' 'M' 'M' 'U' 'U' 'M' 'M' 'M' 'M' 'M' 'M' 'M' 'M' 'M' 'M' 'U' 'M' 'M'
 'M' 'M' 'M' 'U' 'M' 'U' 'M' 'M' 'M' 'M' 'M' 'M' 'M' 'M' 'U' 'M' 'M' 'M'
 'M' 'M' 'M' 'M' 'M' 'M' 'M' 'U' 'M' 'M' 'M' 'M' 'M' 'M' 'M' 'M' 'M' 'M'
 'M' 'M' 'M' 'M' 'M' 'M' 'U' 'M' 'M' 'M' 'U' 'M' 'M' 'M' 'U' 'M' 'M' 'M'
 'M' 'U' 'M' 'M' 'M' 'M' 'U' 'M' 'M' 'M' 'M' 'U' 'M' 'M' 'M' 'M' 'M' 'U'
 'M' 'M' 'M' 'M' 'M' 'M' 'M' 'U' 'M' 'M' 'M' 'M' 'M' 'M' 'M' 'M' 'M' 'M'
 'M' 'M' 'M' 'M' 'M' 'M' 'M' 'M' 'M' 'U' 'M' 'M' 'M' 'M' 'M' 'A' 'M' 'M'
 'U' 'M' 'U' 'U' 'M' 'U' 'U' 'U' 'U' 'U' 'M' 'A' 'U' 'M' 'M' 'M' 'M' 'M'
 'M' 'U' 'M' 'M' 'U' 'M' 'M' 'U' 'M' 'M' 'M' 'M' 'M' 'M' 'U' 'M' 'U' 'U'
 'M' 'A' 'M' 'A' 'M' 'U' 'M' 'M' 'M' 'M' 'M' 'M' 'M' 'M' 'M' 'M' 'U' 'M'
 'M' 'M' 'M' 'M' 'M' 'M' 'M' 'M' 'U' 'M' 'M' 'M' 'M' 'M' 'U' 'M' 'M' 'M']"
128401,0,162,5,157,36,0,0,"['A' 'M' 'M' 'U' 'U' 'M' 'M' 'M' 'M' 'M' 'M' 'M' 'M' 'M' 'M' 'U' 'M' 'U'
 'M' 'M' 'M' 'U' 'U' 'U' 'M' 'M' 'M' 'M' 'U' 'M' 'M' 'M' 'M' 'M' 'M' 'M'
 'M' 'M' 'U' 'M' 'M' 'M' 'M' 'M' 'M' 'M' 'M' 'M' 'M' 'M' 'M' 'M' 'M' 'M'
 'M' 'M' 'M' 'M' 'M' 'M' 'U' 'M' 'M' 'M' 'M' 'M' 'M' 'U' 'M' 'M' 'M' 'U'
 'U' 'M' 'U' 'M' 'U' 'M' 'M' 'M' 'M' 'M' 'M' 'M' 'M' 'M' 'M' 'M' 'M' 'M'
 'M' 'M' 'M' 'M' 'M' 'M' 'M' 'U' 'M' 'M' 'M' 'M' 'M' 'M' 'M' 'M' 'M' 'M'
 'M' 'M' 'M' 'M' 'M' 'U' 'M' 'M' 'M' 'U' 'M' 'M' 'M' 'M' 'M' 'A' 'M' 'U'
 'U' 'M' 'U' 'U' 'M' 'U' 'U' 'U' 'M' 'U' 'U' 'A' 'U' 'M' 'M' 'M' 'M' 'M'
 'M' 'U' 'M' 'M' 'U' 'M' 'M' 'M' 'U' 'M' 'M' 'M' 'M' 'M' 'U' 'M' 'M' 'U'
 'M' 'A' 'M' 'A' 'M' 'U' 'M' 'M' 'M' 'M' 'M' 'M' 'M' 'M' 'M' 'M' 'U' 'M'
 'M' 'M' 'M' 'M' 'M' 'M' 'M' 'M' 'M' 'M' 'M' 'M' 'M' 'M' 'U' 'M' 'M' 'M']"
128501,0,159,5,154,39,0,0,"['A' 'M' 'M' 'U' 'U' 'M' 'M' 'M' 'M' 'U' 'M' 'M' 'M' 'M' 'M' 'U' 'M' 'U'
 'M' 'M' 'M' 'M' 'U' 'U' 'M' 'M' 'M' 'M' 'U' 'M' 'U' 'M' 'M' 'M' 'U' 'M'
 'M' 'M' 'U' 'M' 'M' 'M' 'M' 'M' 'M' 'M' 'M' 'M' 'M' 'M' 'M' 'M' 'M' 'M'
 'M' 'M' 'M' 'M' 'M' 'M' 'M' 'M' 'M' 'M' 'M' 'M' 'M' 'M' 'U' 'M' 'M' 'M'
 'M' 'M' 'M' 'M' 'U' 'M' 'M' 'M' 'U' 'M' 'M' 'U' 'M' 'M' 'M' 'M' 'M' 'M'
 'M' 'M' 'M' 'M' 'U' 'M' 'M' 'U' 'M' 'M' 'M' 'M' 'M' 'M' 'M' 'M' 'M' 'M'
 'M' 'M' 'M' 'M' 'U' 'A' 'M' 'U' 'M' 'U' 'M' 'M' 'M' 'M' 'M' 'A' 'M' 'U'
 'U' 'M' 'U' 'U' 'M' 'M' 'M' 'U' 'M' 'U' 'M' 'A' 'U' 'M' 'M' 'M' 'M' 'M'
 'M' 'U' 'M' 'M' 'U' 'M' 'U' 'M' 'U' 'M' 'M' 'M' 'M' 'M' 'U' 'M' 'M' 'M'
 'M' 'A' 'U' 'U' 'M' 'U' 'M' 'M' 'M' 'M' 'M' 'U' 'M' 'M' 'M' 'M' 'U' 'M'
 'M' 'M' 'M' 'M' 'M' 'M' 'M' 'M' 'M' 'M' 'M' 'M' 'M' 'U' 'U' 'M' 'M' 'M']"
128601,0,163,6,157,35,0,0,"['A' 'M' 'M' 'M' 'U' 'M' 'M' 'M' 'M' 'U' 'M' 'M' 'M' 'M' 'M' 'U' 'M' 'U'
 'U' 'M' 'M' 'M' 'U' 'U' 'M' 'M' 'M' 'M' 'M' 'M' 'U' 'M' 'M' 'M' 'U' 'M'
 'M' 'M' 'U' 'M' 'M' 'M' 'M' 'M' 'M' 'M' 'M' 'M' 'M' 'M' 'M' 'M' 'M' 'M'
 'M' 'M' 'M' 'M' 'M' 'M' 'M' 'M' 'M' 'M' 'M' 'M' 'M' 'M' 'M' 'M' 'M' 'U'
 'M' 'M' 'M' 'U' 'M' 'M' 'M' 'M' 'M' 'M' 'M' 'M' 'M' 'U' 'M' 'U' 'M' 'U'
 'M' 'M' 'M' 'M' 'M' 'M' 'M' 'U' 'M' 'M' 'M' 'M' 'M' 'M' 'M' 'M' 'M' 'M'
 'M' 'M' 'M' 'M' 'U' 'A' 'M' 'U' 'M' 'U' 'M' 'U' 'M' 'M' 'M' 'A' 'U' 'U'
 'U' 'M' 'A' 'M' 'M' 'M' 'U' 'M' 'M' 'M' 'M' 'A' 'U' 'M' 'M' 'M' 'M' 'M'
 'M' 'M' 'U' 'M' 'U' 'M' 'U' 'M' 'U' 'M' 'M' 'M' 'M' 'M' 'U' 'M' 'M' 'M'
 'M' 'A' 'U' 'U' 'M' 'M' 'M' 'M' 'M' 'M' 'M' 'M' 'M' 'M' 'M' 'M' 'U' 'M'
 'M' 'M' 'M' 'M' 'M' 'M' 'M' 'M' 'M' 'M' 'M' 'M' 'U' 'M' 'U' 'M' 'M' 'M']"
128701,0,162,6,156,36,0,0,"['A' 'M' 'M' 'M' 'A' 'M' 'U' 'M' 'M' 'M' 'U' 'M' 'M' 'M' 'M' 'U' 'M' 'U'
 'M' 'M' 'M' 'M' 'U' 'M' 'M' 'M' 'M' 'M' 'M' 'M' 'U' 'M' 'M' 'M' 'U' 'U'
 'M' 'M' 'U' 'M' 'M' 'M' 'M' 'M' 'M' 'M' 'M' 'M' 'M' 'M' 'M' 'M' 'M' 'M'
 'M' 'M' 'M' 'U' 'M' 'M' 'M' 'U' 'M' 'M' 'M' 'M' 'M' 'M' 'M' 'U' 'U' 'U'
 'M' 'U' 'M' 'M' 'M' 'M' 'M' 'M' 'M' 'M' 'M' 'M' 'M' 'M' 'M' 'U' 'M' 'M'
 'M' 'M' 'M' 'M' 'M' 'M' 'M' 'U' 'U' 'M' 'M' 'M' 'M' 'U' 'M' 'M' 'M' 'M'
 'U' 'M' 'M' 'M' 'U' 'A' 'M' 'M' 'M' 'M' 'M' 'U' 'M' 'M' 'M' 'M' 'U' 'U'
 'M' 'U' 'A' 'M' 'M' 'M' 'U' 'M' 'M' 'M' 'M' 'A' 'U' 'U' 'M' 'M' 'M' 'M'
 'M' 'M' 'U' 'M' 'U' 'M' 'M' 'U' 'U' 'M' 'M' 'M' 'M' 'M' 'U' 'M' 'M' 'M'
 'M' 'A' 'U' 'M' 'M' 'M' 'M' 'M' 'M' 'M' 'M' 'M' 'U' 'M' 'M' 'M' 'U' 'M'
 'M' 'M' 'M' 'M' 'M' 'M' 'M' 'M' 'M' 'M' 'M' 'M' 'M' 'M' 'M' 'M' 'M' 'M']"
128801,0,162,5,157,36,0,0,"['A' 'M' 'M' 'M' 'A' 'M' 'U' 'M' 'M' 'M' 'U' 'M' 'M' 'M' 'M' 'U' 'M' 'U'
 'M' 'M' 'M' 'M' 'M' 'M' 'U' 'M' 'M' 'M' 'M' 'M' 'U' 'M' 'M' 'M' 'U' 'U'
 'M' 'M' 'U' 'M' 'M' 'M' 'M' 'M' 'M' 'M' 'M' 'M' 'M' 'M' 'M' 'M' 'M' 'M'
 'M' 'M' 'M' 'M' 'M' 'M' 'M' 'U' 'M' 'M' 'M' 'U' 'U' 'M' 'M' 'M' 'M' 'U'
 'M' 'M' 'M' 'M' 'M' 'M' 'M' 'M' 'M' 'M' 'U' 'M' 'M' 'M' 'M' 'M' 'M' 'M'
 'M' 'M' 'M' 'M' 'U' 'M' 'M' 'M' 'U' 'M' 'M' 'M' 'M' 'U' 'M' 'M' 'M' 'M'
 'M' 'M' 'M' 'M' 'U' 'U' 'M' 'M' 'M' 'M' 'M' 'U' 'M' 'M' 'M' 'M' 'M' 'U'
 'M' 'U' 'A' 'M' 'M' 'M' 'U' 'M' 'M' 'M' 'M' 'A' 'M' 'U' 'M' 'M' 'U' 'U'
 'M' 'M' 'U' 'M' 'U' 'M' 'M' 'U' 'U' 'M' 'M' 'M' 'M' 'M' 'M' 'M' 'M' 'M'
 'M' 'A' 'U' 'M' 'U' 'U' 'M' 'M' 'M' 'M' 'M' 'M' 'U' 'M' 'M' 'M' 'U' 'M'
 'M' 'M' 'M' 'M' 'M' 'M' 'M' 'M' 'M' 'M' 'M' 'M' 'M' 'M' 'U' 'M' 'M' 'M']"
128901,0,160,4,156,38,0,0,"['A' 'M' 'U' 'M' 'U' 'M' 'U' 'M' 'M' 'M' 'U' 'M' 'M' 'M' 'M' 'U' 'M' 'U'
 'M' 'M' 'M' 'M' 'M' 'M' 'U' 'M' 'M' 'U' 'M' 'M' 'U' 'M' 'M' 'M' 'M' 'U'
 'M' 'M' 'M' 'M' 'M' 'M' 'M' 'M' 'M' 'M' 'M' 'U' 'U' 'M' 'M' 'M' 'M' 'M'
 'M' 'M' 'M' 'M' 'M' 'M' 'M' 'U' 'M' 'U' 'M' 'M' 'M' 'M' 'M' 'M' 'M' 'M'
 'M' 'M' 'M' 'M' 'U' 'M' 'U' 'M' 'U' 'M' 'M' 'M' 'M' 'M' 'M' 'M' 'U' 'M'
 'U' 'M' 'M' 'M' 'M' 'M' 'M' 'M' 'U' 'M' 'M' 'M' 'M' 'U' 'M' 'M' 'M' 'M'
 'M' 'M' 'M' 'M' 'A' 'U' 'M' 'U' 'M' 'M' 'M' 'U' 'M' 'M' 'M' 'M' 'M' 'U'
 'M' 'U' 'M' 'M' 'M' 'M' 'U' 'M' 'M' 'M' 'M' 'A' 'M' 'U' 'M' 'M' 'M' 'U'
 'M' 'M' 'U' 'M' 'U' 'M' 'M' 'U' 'M' 'M' 'M' 'M' 'M' 'M' 'M' 'M' 'M' 'M'
 'M' 'A' 'U' 'M' 'U' 'U' 'M' 'M' 'M' 'M' 'M' 'M' 'U' 'M' 'M' 'M' 'U' 'M'
 'M' 'M' 'M' 'M' 'M' 'M' 'M' 'M' 'M' 'M' 'M' 'M' 'M' 'M' 'U' 'M' 'M' 'M']"
129001,0,164,5,159,34,0,0,"['A' 'M' 'U' 'M' 'U' 'M' 'M' 'M' 'M' 'M' 'U' 'M' 'M' 'M' 'M' 'U' 'M' 'M'
 'M' 'M' 'M' 'M' 'M' 'M' 'U' 'M' 'M' 'M' 'M' 'M' 'U' 'M' 'M' 'M' 'M' 'U'
 'M' 'M' 'M' 'M' 'M' 'M' 'M' 'M' 'M' 'M' 'M' 'U' 'U' 'M' 'M' 'M' 'M' 'M'
 'U' 'M' 'M' 'M' 'M' 'M' 'M' 'U' 'M' 'M' 'M' 'M' 'M' 'M' 'M' 'M' 'U' 'M'
 'U' 'U' 'U' 'M' 'M' 'M' 'M' 'M' 'M' 'M' 'M' 'M' 'M' 'M' 'M' 'M' 'M' 'M'
 'M' 'M' 'U' 'M' 'M' 'M' 'M' 'M' 'U' 'M' 'M' 'M' 'M' 'M' 'M' 'M' 'M' 'M'
 'M' 'M' 'M' 'M' 'A' 'A' 'M' 'M' 'M' 'M' 'M' 'U' 'M' 'M' 'M' 'M' 'M' 'M'
 'M' 'U' 'M' 'M' 'M' 'U' 'U' 'U' 'U' 'U' 'U' 'A' 'U' 'U' 'M' 'M' 'M' 'U'
 'M' 'M' 'U' 'M' 'U' 'M' 'M' 'M' 'M' 'M' 'M' 'M' 'M' 'M' 'M' 'M' 'M' 'M'
 'M' 'A' 'U' 'M' 'U' 'M' 'M' 'M' 'M' 'M' 'M' 'M' 'U' 'M' 'M' 'M' 'U' 'M'
 'M' 'M' 'M' 'M' 'M' 'M' 'M' 'M' 'M' 'M' 'M' 'M' 'M' 'M' 'M' 'M' 'M' 'M']"
129101,0,160,6,154,38,0,0,"['A' 'U' 'U' 'M' 'M' 'M' 'M' 'M' 'M' 'M' 'U' 'M' 'M' 'M' 'U' 'U' 'M' 'M'
 'M' 'M' 'M' 'M' 'M' 'M' 'U' 'M' 'M' 'M' 'M' 'M' 'U' 'M' 'M' 'M' 'M' 'U'
 'M' 'M' 'M' 'M' 'M' 'M' 'M' 'M' 'M' 'M' 'M' 'U' 'U' 'M' 'M' 'M' 'M' 'M'
 'A' 'U' 'M' 'M' 'M' 'M' 'M' 'U' 'M' 'M' 'M' 'M' 'M' 'M' 'M' 'M' 'M' 'M'
 'M' 'U' 'M' 'M' 'U' 'M' 'M' 'M' 'U' 'M' 'M' 'M' 'U' 'U' 'M' 'M' 'M' 'M'
 'M' 'M' 'M' 'M' 'M' 'M' 'M' 'U' 'U' 'M' 'M' 'M' 'M' 'M' 'M' 'M' 'U' 'M'
 'M' 'M' 'M' 'M' 'A' 'A' 'M' 'M' 'U' 'M' 'M' 'U' 'M' 'M' 'M' 'M' 'M' 'M'
 'M' 'U' 'M' 'U' 'M' 'M' 'U' 'U' 'U' 'U' 'U' 'A' 'U' 'U' 'M' 'M' 'M' 'U'
 'M' 'M' 'M' 'M' 'U' 'M' 'U' 'M' 'M' 'M' 'M' 'M' 'M' 'M' 'M' 'M' 'M' 'M'
 'M' 'M' 'U' 'M' 'U' 'M' 'M' 'M' 'M' 'M' 'M' 'M' 'A' 'M' 'M' 'M' 'U' 'M'
 'M' 'M' 'M' 'M' 'M' 'M' 'M' 'M' 'M' 'M' 'M' 'U' 'M' 'M' 'M' 'M' 'M' 'M']"
129201,0,161,3,158,37,0,1,"['A' 'M' 'U' 'M' 'M' 'M' 'M' 'M' 'M' 'M' 'M' 'M' 'M' 'M' 'M' 'M' 'M' 'M'
 'M' 'M' 'M' 'M' 'M' 'M' 'U' 'M' 'M' 'U' 'M' 'U' 'U' 'M' 'M' 'M' 'M' 'U'
 'M' 'M' 'M' 'U' 'M' 'M' 'M' 'M' 'M' 'M' 'M' 'U' 'U' 'M' 'M' 'M' 'M' 'M'
 'M' 'U' 'M' 'M' 'M' 'M' 'M' 'U' 'M' 'M' 'M' 'M' 'U' 'M' 'M' 'M' 'M' 'M'
 'M' 'M' 'M' 'U' 'M' 'M' 'M' 'M' 'M' 'M' 'M' 'M' 'M' 'M' 'M' 'U' 'U' 'M'
 'U' 'M' 'M' 'M' 'M' 'M' 'M' 'M' 'U' 'M' 'M' 'M' 'M' 'M' 'M' 'M' 'U' 'M'
 'M' 'U' 'M' 'M' 'A' 'U' 'M' 'M' 'M' 'M' 'M' 'U' 'M' 'M' 'M' 'M' 'M' 'M'
 'M' 'U' 'M' 'U' 'M' 'U' 'M' 'M' 'U' 'U' 'U' 'U' 'U' 'U' 'M' 'M' 'M' 'U'
 'M' 'M' 'M' 'M' 'M' 'M' 'U' 'M' 'M' 'U' 'M' 'M' 'M' 'M' 'M' 'M' 'M' 'M'
 'M' 'M' 'U' 'M' 'U' 'M' 'M' 'M' 'M' 'M' 'M' 'M' 'A' 'M' 'M' 'M' 'U' 'M'
 'M' 'M' 'M' 'M' 'M' 'M' 'M' 'M' 'M' 'M' 'M' 'U' 'M' 'M' 'M' 'M' 'M' 'M']"
129301,0,164,6,158,34,0,0,"['A' 'M' 'M' 'M' 'M' 'M' 'M' 'M' 'M' 'M' 'M' 'M' 'M' 'M' 'M' 'M' 'M' 'M'
 'M' 'M' 'M' 'M' 'M' 'M' 'U' 'M' 'M' 'A' 'M' 'U' 'M' 'M' 'M' 'M' 'M' 'U'
 'M' 'M' 'M' 'M' 'M' 'M' 'U' 'M' 'U' 'M' 'M' 'U' 'U' 'M' 'U' 'M' 'M' 'M'
 'M' 'A' 'M' 'M' 'M' 'M' 'M' 'U' 'M' 'M' 'M' 'M' 'M' 'M' 'M' 'M' 'M' 'M'
 'M' 'M' 'M' 'U' 'U' 'M' 'M' 'M' 'U' 'M' 'M' 'U' 'M' 'M' 'M' 'U' 'M' 'M'
 'M' 'M' 'M' 'M' 'M' 'U' 'M' 'M' 'U' 'M' 'M' 'M' 'M' 'M' 'M' 'M' 'M' 'M'
 'M' 'U' 'M' 'M' 'A' 'U' 'M' 'M' 'M' 'M' 'U' 'U' 'M' 'M' 'M' 'M' 'M' 'M'
 'M' 'U' 'M' 'M' 'M' 'U' 'M' 'M' 'M' 'U' 'U' 'U' 'U' 'U' 'M' 'M' 'M' 'M'
 'M' 'M' 'M' 'M' 'M' 'M' 'A' 'M' 'M' 'U' 'U' 'M' 'M' 'M' 'M' 'M' 'M' 'M'
 'M' 'M' 'M' 'M' 'U' 'M' 'M' 'U' 'M' 'M' 'M' 'M' 'A' 'M' 'M' 'M' 'U' 'M'
 'M' 'M' 'M' 'M' 'M' 'M' 'M' 'M' 'M' 'M' 'M' 'U' 'M' 'M' 'M' 'M' 'U' 'M']"
129401,0,166,6,160,32,0,0,"['A' 'M' 'M' 'M' 'M' 'M' 'U' 'M' 'M' 'M' 'M' 'M' 'M' 'M' 'M' 'M' 'M' 'M'
 'M' 'M' 'M' 'M' 'M' 'M' 'M' 'M' 'M' 'A' 'U' 'M' 'M' 'M' 'M' 'M' 'M' 'M'
 'U' 'M' 'M' 'M' 'M' 'M' 'M' 'M' 'U' 'M' 'M' 'M' 'U' 'M' 'U' 'M' 'M' 'M'
 'M' 'A' 'M' 'M' 'M' 'M' 'M' 'U' 'M' 'M' 'M' 'M' 'M' 'U' 'M' 'U' 'U' 'M'
 'M' 'M' 'U' 'M' 'M' 'M' 'M' 'M' 'M' 'M' 'M' 'M' 'M' 'M' 'M' 'M' 'M' 'M'
 'M' 'M' 'U' 'M' 'M' 'M' 'M' 'M' 'U' 'M' 'M' 'M' 'M' 'M' 'A' 'M' 'M' 'M'
 'M' 'U' 'M' 'M' 'A' 'U' 'M' 'U' 'M' 'M' 'U' 'U' 'M' 'M' 'M' 'M' 'M' 'M'
 'M' 'U' 'M' 'M' 'M' 'M' 'M' 'M' 'M' 'U' 'U' 'U' 'U' 'U' 'M' 'M' 'M' 'M'
 'M' 'M' 'M' 'M' 'M' 'M' 'U' 'M' 'M' 'U' 'U' 'M' 'M' 'M' 'M' 'M' 'M' 'M'
 'M' 'M' 'M' 'M' 'U' 'M' 'M' 'U' 'M' 'M' 'M' 'M' 'A' 'M' 'M' 'M' 'U' 'M'
 'M' 'M' 'M' 'M' 'M' 'M' 'M' 'M' 'M' 'M' 'M' 'U' 'M' 'M' 'M' 'M' 'U' 'M']"
129501,0,171,7,164,27,0,1,"['A' 'M' 'M' 'M' 'M' 'M' 'M' 'M' 'M' 'M' 'M' 'M' 'M' 'M' 'M' 'M' 'M' 'M'
 'M' 'M' 'M' 'M' 'M' 'M' 'M' 'U' 'M' 'A' 'U' 'M' 'M' 'M' 'M' 'M' 'M' 'M'
 'U' 'M' 'M' 'M' 'M' 'M' 'M' 'M' 'M' 'M' 'M' 'M' 'M' 'M' 'M' 'M' 'M' 'M'
 'M' 'A' 'M' 'M' 'M' 'M' 'M' 'M' 'M' 'M' 'M' 'M' 'M' 'M' 'M' 'M' 'M' 'M'
 'U' 'U' 'M' 'M' 'M' 'M' 'U' 'M' 'U' 'M' 'M' 'M' 'M' 'M' 'U' 'M' 'M' 'M'
 'M' 'M' 'M' 'M' 'M' 'M' 'M' 'M' 'U' 'M' 'M' 'M' 'M' 'M' 'A' 'M' 'M' 'M'
 'M' 'U' 'M' 'M' 'U' 'A' 'M' 'U' 'U' 'M' 'U' 'M' 'M' 'M' 'M' 'M' 'M' 'M'
 'M' 'U' 'M' 'M' 'M' 'M' 'M' 'M' 'M' 'U' 'M' 'U' 'U' 'M' 'M' 'M' 'M' 'M'
 'M' 'M' 'M' 'U' 'U' 'M' 'M' 'M' 'M' 'M' 'U' 'M' 'M' 'M' 'M' 'M' 'M' 'M'
 'M' 'M' 'M' 'M' 'U' 'M' 'M' 'U' 'M' 'M' 'M' 'M' 'A' 'M' 'M' 'M' 'U' 'M'
 'U' 'M' 'M' 'M' 'M' 'M' 'M' 'M' 'M' 'M' 'M' 'A' 'M' 'M' 'U' 'M' 'U' 'M']"
129601,0,158,5,153,40,0,1,"['A' 'M' 'M' 'M' 'M' 'M' 'M' 'U' 'M' 'M' 'M' 'M' 'M' 'M' 'M' 'M' 'M' 'M'
 'M' 'M' 'M' 'M' 'M' 'M' 'M' 'U' 'M' 'A' 'M' 'U' 'M' 'M' 'M' 'M' 'M' 'M'
 'M' 'M' 'M' 'M' 'M' 'M' 'M' 'M' 'M' 'M' 'M' 'U' 'M' 'M' 'M' 'M' 'M' 'M'
 'M' 'U' 'M' 'U' 'M' 'M' 'M' 'M' 'M' 'M' 'M' 'M' 'M' 'M' 'U' 'U' 'M' 'M'
 'M' 'M' 'M' 'M' 'M' 'M' 'M' 'M' 'M' 'M' 'M' 'M' 'U' 'M' 'U' 'M' 'M' 'U'
 'M' 'M' 'M' 'M' 'M' 'M' 'M' 'M' 'U' 'U' 'M' 'M' 'M' 'M' 'A' 'M' 'M' 'M'
 'M' 'U' 'M' 'U' 'U' 'A' 'M' 'U' 'U' 'M' 'U' 'M' 'M' 'M' 'M' 'M' 'M' 'U'
 'M' 'U' 'M' 'M' 'M' 'M' 'U' 'U' 'U' 'U' 'U' 'U' 'U' 'M' 'M' 'M' 'M' 'M'
 'M' 'M' 'M' 'U' 'U' 'M' 'U' 'M' 'M' 'M' 'U' 'M' 'M' 'M' 'M' 'M' 'M' 'M'
 'M' 'U' 'M' 'M' 'U' 'M' 'M' 'U' 'M' 'M' 'M' 'M' 'A' 'M' 'M' 'M' 'U' 'M'
 'U' 'M' 'M' 'M' 'M' 'M' 'M' 'M' 'M' 'M' 'M' 'U' 'M' 'M' 'U' 'M' 'U' 'M']"
129701,0,163,5,158,35,0,0,"['A' 'M' 'M' 'M' 'M' 'M' 'M' 'M' 'M' 'M' 'M' 'M' 'M' 'M' 'M' 'M' 'M' 'M'
 'M' 'M' 'M' 'M' 'M' 'M' 'M' 'U' 'M' 'U' 'M' 'U' 'M' 'M' 'M' 'M' 'M' 'M'
 'M' 'M' 'M' 'M' 'M' 'M' 'M' 'M' 'M' 'M' 'M' 'M' 'M' 'M' 'M' 'U' 'M' 'M'
 'M' 'U' 'M' 'U' 'M' 'M' 'M' 'M' 'M' 'M' 'M' 'M' 'M' 'U' 'M' 'M' 'M' 'M'
 'M' 'M' 'M' 'U' 'M' 'M' 'U' 'M' 'U' 'M' 'M' 'U' 'M' 'M' 'M' 'M' 'M' 'M'
 'M' 'M' 'M' 'M' 'M' 'M' 'M' 'M' 'U' 'U' 'M' 'M' 'U' 'M' 'A' 'M' 'M' 'M'
 'M' 'U' 'M' 'M' 'U' 'A' 'M' 'U' 'U' 'M' 'M' 'M' 'M' 'M' 'M' 'M' 'M' 'M'
 'M' 'U' 'M' 'M' 'M' 'M' 'A' 'M' 'U' 'U' 'M' 'M' 'U' 'M' 'M' 'M' 'M' 'M'
 'M' 'U' 'M' 'U' 'U' 'M' 'U' 'M' 'M' 'M' 'M' 'M' 'M' 'U' 'M' 'M' 'M' 'M'
 'M' 'M' 'M' 'M' 'U' 'M' 'M' 'U' 'M' 'M' 'M' 'M' 'A' 'M' 'M' 'U' 'U' 'M'
 'M' 'M' 'M' 'M' 'M' 'U' 'M' 'M' 'M' 'M' 'M' 'U' 'M' 'M' 'U' 'M' 'U' 'M']"
129801,0,166,3,163,32,0,0,"['A' 'M' 'M' 'M' 'M' 'M' 'M' 'M' 'M' 'M' 'M' 'M' 'M' 'M' 'M' 'M' 'M' 'M'
 'M' 'M' 'M' 'M' 'M' 'M' 'M' 'U' 'M' 'U' 'M' 'U' 'M' 'M' 'M' 'M' 'M' 'M'
 'M' 'M' 'M' 'M' 'M' 'M' 'M' 'M' 'M' 'M' 'M' 'M' 'M' 'M' 'U' 'U' 'M' 'M'
 'M' 'M' 'M' 'U' 'M' 'M' 'M' 'M' 'M' 'M' 'M' 'M' 'M' 'U' 'M' 'M' 'M' 'M'
 'M' 'M' 'M' 'U' 'M' 'M' 'M' 'U' 'M' 'U' 'M' 'M' 'M' 'U' 'M' 'M' 'M' 'M'
 'M' 'M' 'M' 'M' 'M' 'M' 'M' 'M' 'U' 'U' 'M' 'M' 'A' 'M' 'M' 'M' 'M' 'M'
 'M' 'U' 'M' 'M' 'U' 'M' 'M' 'U' 'M' 'M' 'M' 'M' 'M' 'U' 'M' 'M' 'M' 'M'
 'M' 'U' 'M' 'M' 'M' 'M' 'A' 'M' 'U' 'U' 'M' 'M' 'U' 'M' 'M' 'M' 'M' 'M'
 'M' 'U' 'M' 'U' 'U' 'M' 'M' 'M' 'M' 'M' 'M' 'M' 'M' 'M' 'M' 'M' 'M' 'U'
 'M' 'M' 'M' 'M' 'U' 'M' 'M' 'U' 'M' 'M' 'M' 'M' 'U' 'M' 'M' 'U' 'U' 'M'
 'M' 'M' 'M' 'M' 'M' 'M' 'M' 'M' 'M' 'M' 'M' 'U' 'M' 'M' 'U' 'M' 'M' 'M']"
129901,0,169,2,167,29,0,0,"['A' 'M' 'M' 'M' 'M' 'M' 'M' 'M' 'M' 'M' 'M' 'M' 'M' 'M' 'M' 'M' 'M' 'M'
 'M' 'U' 'M' 'M' 'M' 'M' 'M' 'M' 'M' 'M' 'M' 'M' 'M' 'M' 'M' 'M' 'M' 'M'
 'M' 'M' 'M' 'M' 'M' 'M' 'M' 'M' 'M' 'M' 'M' 'M' 'M' 'M' 'U' 'U' 'M' 'M'
 'M' 'M' 'M' 'U' 'U' 'M' 'M' 'M' 'M' 'M' 'M' 'M' 'M' 'U' 'M' 'M' 'M' 'M'
 'M' 'M' 'M' 'U' 'M' 'M' 'M' 'M' 'M' 'U' 'M' 'M' 'M' 'M' 'M' 'M' 'U' 'U'
 'M' 'M' 'M' 'M' 'M' 'U' 'U' 'M' 'U' 'U' 'M' 'M' 'U' 'M' 'M' 'M' 'M' 'M'
 'M' 'M' 'M' 'M' 'M' 'M' 'M' 'U' 'M' 'M' 'M' 'M' 'M' 'U' 'M' 'M' 'M' 'M'
 'M' 'M' 'M' 'M' 'M' 'M' 'A' 'M' 'U' 'U' 'M' 'M' 'M' 'M' 'M' 'M' 'M' 'M'
 'M' 'U' 'M' 'U' 'U' 'M' 'M' 'M' 'M' 'M' 'M' 'M' 'M' 'M' 'M' 'M' 'M' 'U'
 'M' 'M' 'M' 'M' 'U' 'M' 'M' 'U' 'M' 'M' 'M' 'M' 'U' 'M' 'M' 'M' 'M' 'M'
 'M' 'M' 'M' 'M' 'M' 'M' 'U' 'M' 'M' 'M' 'M' 'M' 'M' 'M' 'U' 'M' 'U' 'M']"
130001,0,169,2,167,29,0,1,"['A' 'U' 'M' 'M' 'M' 'M' 'M' 'M' 'M' 'M' 'M' 'M' 'M' 'M' 'M' 'M' 'M' 'M'
 'M' 'U' 'M' 'M' 'M' 'M' 'U' 'M' 'M' 'M' 'M' 'M' 'M' 'M' 'M' 'M' 'M' 'M'
 'M' 'M' 'M' 'M' 'M' 'M' 'M' 'M' 'M' 'M' 'M' 'M' 'M' 'U' 'U' 'M' 'M' 'M'
 'M' 'M' 'M' 'U' 'M' 'M' 'M' 'M' 'M' 'M' 'M' 'M' 'M' 'M' 'M' 'M' 'U' 'M'
 'M' 'M' 'M' 'M' 'M' 'M' 'M' 'M' 'M' 'U' 'M' 'M' 'M' 'M' 'M' 'U' 'M' 'M'
 'M' 'M' 'U' 'U' 'M' 'U' 'U' 'M' 'U' 'U' 'M' 'M' 'M' 'M' 'M' 'M' 'M' 'M'
 'M' 'M' 'M' 'M' 'M' 'M' 'M' 'U' 'M' 'M' 'M' 'M' 'M' 'M' 'M' 'M' 'M' 'M'
 'M' 'M' 'M' 'M' 'M' 'M' 'A' 'M' 'U' 'U' 'M' 'M' 'M' 'M' 'M' 'M' 'M' 'M'
 'M' 'U' 'M' 'U' 'U' 'M' 'M' 'M' 'M' 'M' 'U' 'M' 'M' 'M' 'M' 'M' 'M' 'U'
 'M' 'M' 'M' 'M' 'M' 'M' 'M' 'U' 'M' 'M' 'M' 'M' 'U' 'M' 'M' 'M' 'M' 'U'
 'M' 'M' 'M' 'M' 'M' 'M' 'U' 'M' 'M' 'M' 'M' 'M' 'M' 'M' 'U' 'M' 'U' 'M']"
130101,0,168,1,167,30,0,0,"['A' 'U' 'M' 'M' 'M' 'M' 'M' 'M' 'M' 'M' 'M' 'M' 'M' 'M' 'M' 'M' 'M' 'M'
 'M' 'U' 'M' 'M' 'U' 'M' 'U' 'M' 'M' 'M' 'M' 'M' 'M' 'M' 'M' 'M' 'M' 'M'
 'M' 'M' 'M' 'M' 'M' 'M' 'M' 'M' 'M' 'M' 'M' 'M' 'M' 'U' 'U' 'M' 'M' 'U'
 'M' 'M' 'M' 'M' 'M' 'M' 'M' 'M' 'M' 'M' 'M' 'U' 'M' 'M' 'U' 'M' 'M' 'U'
 'M' 'M' 'M' 'M' 'M' 'U' 'M' 'M' 'M' 'M' 'M' 'M' 'M' 'M' 'M' 'M' 'M' 'M'
 'M' 'M' 'M' 'U' 'M' 'U' 'U' 'M' 'U' 'M' 'M' 'M' 'M' 'M' 'M' 'M' 'M' 'M'
 'M' 'M' 'M' 'M' 'M' 'M' 'M' 'U' 'M' 'M' 'M' 'M' 'M' 'M' 'U' 'M' 'M' 'M'
 'M' 'M' 'M' 'M' 'M' 'M' 'U' 'M' 'U' 'U' 'M' 'M' 'M' 'M' 'M' 'M' 'M' 'M'
 'M' 'U' 'M' 'U' 'U' 'M' 'M' 'M' 'M' 'M' 'U' 'M' 'M' 'M' 'M' 'M' 'M' 'U'
 'M' 'M' 'M' 'M' 'M' 'M' 'M' 'U' 'M' 'M' 'M' 'M' 'U' 'M' 'M' 'U' 'M' 'U'
 'M' 'M' 'M' 'M' 'M' 'M' 'U' 'M' 'M' 'M' 'M' 'M' 'M' 'M' 'M' 'M' 'M' 'M']"
130201,0,161,1,160,37,0,0,"['A' 'U' 'M' 'M' 'M' 'M' 'M' 'M' 'M' 'M' 'M' 'U' 'M' 'M' 'M' 'M' 'M' 'M'
 'M' 'M' 'M' 'M' 'U' 'M' 'U' 'M' 'M' 'M' 'M' 'M' 'M' 'M' 'M' 'U' 'M' 'M'
 'M' 'M' 'U' 'M' 'M' 'M' 'M' 'M' 'M' 'M' 'M' 'M' 'M' 'U' 'U' 'M' 'M' 'M'
 'M' 'M' 'M' 'M' 'M' 'M' 'M' 'M' 'M' 'M' 'M' 'M' 'M' 'U' 'M' 'M' 'M' 'M'
 'U' 'M' 'U' 'M' 'M' 'M' 'M' 'M' 'U' 'M' 'M' 'M' 'M' 'M' 'U' 'M' 'M' 'M'
 'M' 'M' 'M' 'M' 'M' 'U' 'M' 'M' 'U' 'M' 'M' 'M' 'M' 'M' 'M' 'M' 'M' 'M'
 'M' 'M' 'M' 'M' 'M' 'M' 'M' 'U' 'M' 'M' 'M' 'M' 'M' 'M' 'U' 'M' 'M' 'M'
 'M' 'M' 'M' 'M' 'M' 'U' 'U' 'U' 'U' 'U' 'U' 'U' 'U' 'U' 'M' 'M' 'U' 'M'
 'M' 'M' 'M' 'U' 'U' 'M' 'M' 'M' 'M' 'M' 'U' 'M' 'M' 'M' 'U' 'M' 'M' 'U'
 'M' 'M' 'M' 'M' 'M' 'M' 'M' 'M' 'M' 'M' 'M' 'M' 'U' 'M' 'M' 'U' 'M' 'U'
 'M' 'M' 'M' 'M' 'M' 'M' 'U' 'M' 'M' 'M' 'M' 'M' 'M' 'M' 'U' 'M' 'M' 'M']"
130301,0,162,1,161,36,0,0,"['A' 'M' 'M' 'M' 'M' 'M' 'M' 'M' 'M' 'U' 'M' 'U' 'M' 'M' 'M' 'M' 'M' 'M'
 'M' 'M' 'M' 'M' 'U' 'M' 'U' 'M' 'M' 'M' 'M' 'M' 'M' 'M' 'M' 'U' 'M' 'M'
 'M' 'M' 'M' 'M' 'M' 'M' 'M' 'M' 'M' 'M' 'M' 'M' 'M' 'U' 'U' 'M' 'M' 'M'
 'U' 'M' 'M' 'M' 'M' 'M' 'M' 'U' 'M' 'M' 'M' 'M' 'M' 'M' 'M' 'M' 'M' 'M'
 'M' 'U' 'U' 'M' 'U' 'M' 'M' 'M' 'M' 'M' 'M' 'M' 'M' 'M' 'U' 'U' 'M' 'M'
 'M' 'M' 'M' 'M' 'M' 'U' 'M' 'U' 'U' 'M' 'M' 'M' 'M' 'M' 'M' 'M' 'M' 'M'
 'M' 'M' 'M' 'M' 'M' 'M' 'M' 'M' 'M' 'M' 'M' 'M' 'M' 'M' 'M' 'M' 'M' 'M'
 'M' 'M' 'M' 'M' 'M' 'U' 'U' 'U' 'M' 'U' 'U' 'U' 'U' 'U' 'M' 'M' 'M' 'M'
 'M' 'M' 'M' 'U' 'U' 'M' 'U' 'M' 'M' 'M' 'U' 'M' 'M' 'M' 'U' 'M' 'M' 'U'
 'M' 'M' 'M' 'M' 'M' 'M' 'M' 'M' 'M' 'M' 'M' 'M' 'U' 'M' 'M' 'M' 'U' 'U'
 'M' 'M' 'M' 'M' 'M' 'M' 'U' 'M' 'M' 'M' 'M' 'M' 'M' 'M' 'U' 'M' 'M' 'M']"
130401,0,157,2,155,41,1,0,"['A' 'M' 'M' 'M' 'M' 'M' 'M' 'M' 'M' 'U' 'M' 'U' 'M' 'M' 'M' 'M' 'M' 'M'
 'M' 'U' 'M' 'M' 'U' 'U' 'U' 'M' 'M' 'M' 'M' 'M' 'M' 'M' 'M' 'U' 'M' 'M'
 'M' 'M' 'M' 'M' 'U' 'M' 'M' 'M' 'M' 'M' 'M' 'M' 'M' 'U' 'U' 'U' 'M' 'U'
 'U' 'M' 'M' 'M' 'M' 'M' 'M' 'U' 'M' 'M' 'M' 'M' 'M' 'M' 'U' 'M' 'M' 'M'
 'M' 'M' 'U' 'M' 'M' 'M' 'M' 'U' 'M' 'M' 'M' 'M' 'M' 'M' 'U' 'M' 'M' 'M'
 'M' 'U' 'M' 'M' 'M' 'U' 'M' 'U' 'U' 'M' 'M' 'M' 'M' 'M' 'M' 'M' 'M' 'M'
 'M' 'M' 'M' 'M' 'M' 'U' 'M' 'M' 'M' 'M' 'M' 'M' 'M' 'M' 'M' 'U' 'M' 'M'
 'M' 'M' 'M' 'M' 'M' 'A' 'U' 'M' 'M' 'U' 'U' 'U' 'M' 'U' 'U' 'M' 'M' 'M'
 'M' 'M' 'M' 'M' 'U' 'M' 'U' 'M' 'M' 'M' 'U' 'M' 'M' 'M' 'U' 'M' 'M' 'U'
 'M' 'M' 'M' 'M' 'M' 'M' 'M' 'M' 'M' 'M' 'M' 'M' 'M' 'M' 'M' 'M' 'U' 'U'
 'M' 'M' 'M' 'M' 'M' 'M' 'U' 'M' 'M' 'M' 'M' 'U' 'M' 'U' 'U' 'M' 'M' 'M']"
130501,1,148,4,144,50,1,0,"['A' 'M' 'M' 'M' 'M' 'M' 'M' 'U' 'M' 'U' 'M' 'U' 'M' 'M' 'M' 'M' 'M' 'M'
 'M' 'U' 'M' 'M' 'U' 'U' 'U' 'M' 'M' 'M' 'M' 'U' 'M' 'M' 'U' 'U' 'M' 'M'
 'M' 'U' 'M' 'M' 'M' 'M' 'U' 'M' 'M' 'M' 'M' 'U' 'M' 'U' 'U' 'U' 'M' 'U'
 'U' 'M' 'M' 'M' 'M' 'M' 'M' 'U' 'M' 'M' 'M' 'M' 'M' 'M' 'U' 'M' 'M' 'U'
 'M' 'U' 'M' 'M' 'M' 'M' 'M' 'M' 'M' 'M' 'U' 'M' 'M' 'M' 'M' 'U' 'M' 'M'
 'M' 'M' 'M' 'M' 'M' 'A' 'U' 'U' 'M' 'M' 'M' 'M' 'M' 'M' 'M' 'M' 'M' 'M'
 'M' 'U' 'M' 'M' 'M' 'U' 'M' 'M' 'M' 'M' 'M' 'M' 'M' 'M' 'M' 'M' 'U' 'M'
 'M' 'U' 'M' 'M' 'M' 'A' 'U' 'U' 'U' 'U' 'U' 'U' 'M' 'U' 'M' 'U' 'M' 'M'
 'M' 'M' 'M' 'M' 'U' 'M' 'U' 'M' 'M' 'M' 'U' 'U' 'M' 'M' 'M' 'M' 'M' 'U'
 'M' 'M' 'U' 'M' 'M' 'M' 'M' 'M' 'U' 'M' 'M' 'M' 'M' 'M' 'M' 'M' 'U' 'U'
 'M' 'M' 'M' 'M' 'M' 'M' 'A' 'M' 'M' 'M' 'M' 'U' 'M' 'U' 'U' 'M' 'M' 'M']"
130601,0,145,5,140,53,0,0,"['A' 'M' 'U' 'M' 'M' 'M' 'M' 'U' 'M' 'U' 'M' 'U' 'M' 'M' 'M' 'U' 'M' 'M'
 'M' 'U' 'M' 'M' 'U' 'U' 'M' 'M' 'M' 'M' 'M' 'U' 'M' 'M' 'A' 'U' 'M' 'M'
 'M' 'U' 'M' 'M' 'M' 'M' 'U' 'U' 'M' 'M' 'M' 'U' 'M' 'M' 'U' 'U' 'M' 'U'
 'A' 'M' 'M' 'M' 'M' 'M' 'M' 'U' 'M' 'M' 'M' 'M' 'M' 'U' 'M' 'M' 'M' 'M'
 'M' 'M' 'M' 'M' 'M' 'M' 'U' 'M' 'M' 'M' 'M' 'M' 'M' 'U' 'M' 'M' 'M' 'M'
 'U' 'M' 'U' 'M' 'M' 'A' 'U' 'M' 'M' 'U' 'M' 'M' 'M' 'U' 'M' 'M' 'M' 'M'
 'M' 'U' 'M' 'M' 'M' 'U' 'M' 'M' 'M' 'M' 'M' 'M' 'M' 'M' 'M' 'M' 'U' 'M'
 'M' 'M' 'M' 'M' 'M' 'U' 'U' 'U' 'U' 'U' 'U' 'U' 'U' 'U' 'U' 'U' 'M' 'M'
 'M' 'M' 'M' 'M' 'M' 'M' 'M' 'M' 'M' 'U' 'U' 'M' 'M' 'M' 'M' 'U' 'M' 'M'
 'M' 'M' 'U' 'M' 'M' 'M' 'M' 'M' 'U' 'M' 'M' 'M' 'M' 'M' 'M' 'M' 'U' 'U'
 'M' 'M' 'M' 'M' 'M' 'M' 'A' 'M' 'U' 'M' 'M' 'U' 'M' 'U' 'U' 'U' 'U' 'M']"
130701,0,148,3,145,50,0,0,"['A' 'M' 'M' 'U' 'M' 'M' 'M' 'U' 'M' 'M' 'M' 'U' 'M' 'M' 'M' 'M' 'M' 'M'
 'M' 'U' 'M' 'M' 'U' 'M' 'M' 'M' 'M' 'M' 'M' 'M' 'M' 'M' 'M' 'U' 'M' 'M'
 'M' 'U' 'M' 'M' 'M' 'M' 'U' 'U' 'M' 'M' 'M' 'U' 'M' 'M' 'U' 'U' 'M' 'U'
 'A' 'M' 'M' 'M' 'M' 'M' 'M' 'U' 'M' 'M' 'M' 'M' 'M' 'U' 'M' 'M' 'M' 'U'
 'M' 'M' 'M' 'M' 'U' 'U' 'M' 'M' 'M' 'M' 'M' 'M' 'M' 'M' 'M' 'M' 'M' 'M'
 'M' 'M' 'M' 'U' 'M' 'A' 'U' 'M' 'M' 'U' 'M' 'M' 'M' 'U' 'M' 'M' 'M' 'M'
 'M' 'U' 'M' 'M' 'M' 'U' 'M' 'U' 'M' 'M' 'M' 'M' 'M' 'M' 'M' 'M' 'U' 'M'
 'M' 'M' 'M' 'M' 'M' 'U' 'U' 'U' 'U' 'U' 'U' 'U' 'U' 'M' 'M' 'U' 'U' 'M'
 'M' 'M' 'M' 'M' 'M' 'M' 'M' 'M' 'M' 'U' 'U' 'M' 'M' 'M' 'M' 'M' 'M' 'M'
 'M' 'M' 'U' 'M' 'M' 'M' 'M' 'U' 'M' 'M' 'M' 'M' 'M' 'U' 'M' 'M' 'U' 'U'
 'M' 'M' 'M' 'U' 'M' 'M' 'U' 'M' 'M' 'M' 'M' 'M' 'U' 'U' 'U' 'U' 'U' 'M']"
130801,0,150,3,147,48,0,0,"['A' 'M' 'M' 'U' 'M' 'M' 'M' 'U' 'M' 'M' 'M' 'M' 'M' 'M' 'U' 'M' 'M' 'M'
 'M' 'M' 'M' 'M' 'U' 'M' 'M' 'M' 'M' 'M' 'M' 'M' 'M' 'M' 'M' 'U' 'M' 'U'
 'M' 'U' 'M' 'M' 'M' 'M' 'U' 'U' 'M' 'M' 'M' 'U' 'M' 'M' 'M' 'U' 'M' 'U'
 'A' 'M' 'M' 'M' 'M' 'M' 'M' 'M' 'M' 'M' 'M' 'M' 'M' 'M' 'M' 'M' 'M' 'M'
 'M' 'M' 'M' 'M' 'M' 'M' 'M' 'U' 'U' 'M' 'M' 'M' 'M' 'M' 'M' 'U' 'U' 'U'
 'M' 'M' 'M' 'M' 'M' 'A' 'M' 'M' 'M' 'M' 'M' 'M' 'M' 'U' 'M' 'M' 'M' 'M'
 'U' 'U' 'M' 'M' 'U' 'U' 'M' 'U' 'M' 'M' 'M' 'M' 'M' 'M' 'M' 'M' 'U' 'U'
 'M' 'M' 'M' 'U' 'M' 'U' 'U' 'U' 'U' 'U' 'U' 'U' 'M' 'M' 'M' 'U' 'U' 'M'
 'M' 'M' 'M' 'M' 'M' 'M' 'M' 'M' 'M' 'U' 'M' 'M' 'M' 'M' 'M' 'M' 'M' 'M'
 'M' 'M' 'M' 'M' 'M' 'U' 'M' 'M' 'M' 'M' 'M' 'M' 'M' 'U' 'M' 'M' 'U' 'U'
 'M' 'M' 'M' 'U' 'M' 'U' 'M' 'M' 'M' 'M' 'M' 'U' 'U' 'U' 'U' 'U' 'U' 'M']"
130901,0,157,6,151,41,0,0,"['A' 'M' 'M' 'U' 'M' 'M' 'M' 'U' 'M' 'M' 'M' 'M' 'M' 'M' 'U' 'M' 'M' 'M'
 'M' 'M' 'M' 'M' 'M' 'M' 'M' 'M' 'M' 'M' 'M' 'M' 'M' 'M' 'M' 'M' 'M' 'U'
 'M' 'U' 'M' 'M' 'M' 'M' 'U' 'U' 'M' 'M' 'U' 'U' 'M' 'M' 'M' 'M' 'M' 'M'
 'A' 'M' 'M' 'M' 'M' 'M' 'U' 'M' 'A' 'M' 'M' 'M' 'M' 'M' 'M' 'M' 'M' 'M'
 'M' 'M' 'U' 'U' 'M' 'U' 'M' 'M' 'U' 'M' 'M' 'M' 'M' 'M' 'M' 'M' 'M' 'M'
 'M' 'M' 'M' 'U' 'M' 'A' 'M' 'U' 'M' 'M' 'M' 'M' 'M' 'M' 'M' 'M' 'M' 'M'
 'U' 'U' 'U' 'M' 'M' 'U' 'M' 'U' 'U' 'M' 'M' 'M' 'M' 'M' 'M' 'M' 'M' 'U'
 'M' 'M' 'M' 'U' 'M' 'M' 'M' 'M' 'A' 'M' 'M' 'U' 'M' 'M' 'M' 'U' 'U' 'M'
 'M' 'M' 'M' 'M' 'M' 'M' 'M' 'M' 'M' 'U' 'M' 'M' 'M' 'U' 'U' 'M' 'M' 'M'
 'M' 'M' 'M' 'M' 'M' 'U' 'M' 'M' 'M' 'M' 'M' 'M' 'M' 'U' 'M' 'M' 'U' 'U'
 'M' 'M' 'U' 'A' 'M' 'U' 'M' 'M' 'M' 'M' 'M' 'U' 'M' 'U' 'M' 'U' 'U' 'U']"
131001,0,154,6,148,44,0,0,"['A' 'M' 'M' 'M' 'U' 'M' 'M' 'U' 'M' 'M' 'M' 'M' 'M' 'M' 'U' 'M' 'M' 'M'
 'M' 'M' 'M' 'M' 'U' 'M' 'M' 'M' 'M' 'M' 'M' 'M' 'M' 'M' 'M' 'M' 'M' 'M'
 'M' 'U' 'M' 'M' 'M' 'M' 'U' 'U' 'M' 'U' 'U' 'U' 'M' 'U' 'M' 'M' 'M' 'U'
 'A' 'M' 'M' 'M' 'M' 'M' 'U' 'M' 'A' 'M' 'M' 'M' 'M' 'M' 'U' 'M' 'M' 'U'
 'M' 'M' 'M' 'M' 'M' 'M' 'M' 'U' 'M' 'M' 'M' 'M' 'U' 'M' 'U' 'M' 'M' 'M'
 'M' 'M' 'M' 'M' 'M' 'M' 'M' 'U' 'M' 'M' 'M' 'M' 'M' 'M' 'M' 'M' 'M' 'M'
 'U' 'U' 'U' 'U' 'M' 'U' 'M' 'U' 'A' 'M' 'M' 'M' 'M' 'M' 'M' 'M' 'M' 'M'
 'M' 'M' 'M' 'M' 'M' 'M' 'M' 'M' 'A' 'M' 'M' 'U' 'U' 'M' 'U' 'U' 'U' 'M'
 'M' 'M' 'U' 'M' 'M' 'M' 'M' 'M' 'M' 'M' 'M' 'M' 'M' 'U' 'U' 'M' 'M' 'U'
 'M' 'M' 'M' 'M' 'M' 'U' 'M' 'M' 'M' 'M' 'M' 'M' 'M' 'U' 'M' 'M' 'U' 'U'
 'M' 'M' 'U' 'A' 'M' 'U' 'M' 'U' 'M' 'M' 'M' 'U' 'M' 'U' 'M' 'U' 'M' 'M']"
131101,0,156,7,149,42,0,0,"['A' 'M' 'M' 'M' 'U' 'M' 'M' 'M' 'M' 'M' 'M' 'M' 'M' 'M' 'U' 'M' 'M' 'M'
 'M' 'U' 'M' 'M' 'U' 'M' 'M' 'M' 'M' 'M' 'M' 'M' 'M' 'M' 'M' 'M' 'M' 'M'
 'M' 'U' 'M' 'M' 'M' 'M' 'U' 'U' 'M' 'U' 'U' 'M' 'M' 'U' 'U' 'U' 'M' 'U'
 'A' 'M' 'M' 'M' 'M' 'M' 'M' 'M' 'A' 'M' 'M' 'M' 'M' 'M' 'M' 'M' 'M' 'M'
 'U' 'M' 'M' 'U' 'U' 'U' 'M' 'M' 'U' 'M' 'M' 'M' 'M' 'M' 'M' 'M' 'M' 'M'
 'M' 'M' 'M' 'M' 'M' 'M' 'M' 'U' 'M' 'M' 'M' 'M' 'M' 'M' 'M' 'M' 'M' 'M'
 'U' 'U' 'U' 'A' 'M' 'U' 'M' 'U' 'A' 'M' 'M' 'M' 'M' 'M' 'M' 'M' 'M' 'M'
 'M' 'M' 'M' 'M' 'M' 'M' 'M' 'M' 'A' 'M' 'M' 'U' 'U' 'M' 'U' 'U' 'M' 'M'
 'U' 'M' 'U' 'M' 'M' 'M' 'M' 'M' 'M' 'U' 'M' 'M' 'U' 'U' 'M' 'M' 'U' 'M'
 'U' 'M' 'U' 'M' 'U' 'U' 'M' 'M' 'M' 'M' 'U' 'M' 'M' 'M' 'M' 'M' 'M' 'U'
 'M' 'M' 'U' 'A' 'M' 'M' 'M' 'M' 'M' 'M' 'M' 'M' 'M' 'U' 'M' 'M' 'M' 'M']"
131201,0,159,5,154,39,0,0,"['A' 'M' 'M' 'M' 'M' 'M' 'M' 'M' 'M' 'M' 'M' 'M' 'M' 'M' 'M' 'M' 'M' 'M'
 'M' 'U' 'M' 'M' 'U' 'M' 'M' 'M' 'M' 'M' 'M' 'M' 'M' 'M' 'M' 'M' 'M' 'M'
 'M' 'M' 'M' 'M' 'M' 'M' 'U' 'M' 'M' 'U' 'U' 'M' 'M' 'U' 'M' 'U' 'M' 'A'
 'A' 'M' 'M' 'M' 'M' 'M' 'M' 'M' 'A' 'M' 'M' 'M' 'M' 'M' 'U' 'U' 'M' 'M'
 'M' 'M' 'M' 'U' 'M' 'M' 'M' 'M' 'M' 'M' 'M' 'M' 'U' 'M' 'M' 'M' 'M' 'U'
 'M' 'M' 'M' 'M' 'M' 'M' 'M' 'M' 'M' 'M' 'U' 'U' 'M' 'U' 'M' 'U' 'M' 'M'
 'U' 'U' 'M' 'U' 'M' 'U' 'M' 'U' 'M' 'U' 'M' 'M' 'M' 'M' 'M' 'M' 'M' 'M'
 'M' 'M' 'M' 'M' 'M' 'M' 'M' 'M' 'U' 'M' 'M' 'U' 'U' 'M' 'U' 'U' 'M' 'M'
 'M' 'M' 'U' 'M' 'M' 'M' 'M' 'M' 'M' 'M' 'M' 'M' 'U' 'U' 'M' 'M' 'U' 'M'
 'U' 'M' 'U' 'M' 'M' 'U' 'M' 'M' 'M' 'M' 'U' 'M' 'M' 'M' 'M' 'M' 'U' 'U'
 'M' 'M' 'U' 'A' 'M' 'M' 'M' 'M' 'M' 'M' 'M' 'M' 'M' 'U' 'M' 'M' 'M' 'M']"
131301,0,155,7,148,43,0,0,"['A' 'M' 'M' 'U' 'M' 'M' 'M' 'U' 'M' 'M' 'U' 'M' 'M' 'M' 'M' 'M' 'M' 'M'
 'M' 'U' 'M' 'U' 'U' 'M' 'M' 'M' 'M' 'M' 'M' 'U' 'M' 'M' 'U' 'M' 'M' 'M'
 'M' 'M' 'M' 'M' 'M' 'M' 'M' 'M' 'M' 'U' 'U' 'M' 'M' 'U' 'M' 'U' 'M' 'A'
 'A' 'M' 'M' 'M' 'M' 'M' 'M' 'M' 'A' 'M' 'M' 'M' 'M' 'M' 'M' 'M' 'M' 'M'
 'U' 'M' 'M' 'M' 'U' 'M' 'U' 'M' 'M' 'U' 'M' 'U' 'M' 'M' 'M' 'M' 'M' 'M'
 'M' 'M' 'M' 'M' 'M' 'M' 'M' 'M' 'M' 'M' 'U' 'M' 'M' 'M' 'M' 'U' 'M' 'M'
 'U' 'A' 'M' 'A' 'M' 'U' 'M' 'U' 'M' 'U' 'M' 'M' 'M' 'M' 'M' 'M' 'M' 'M'
 'M' 'M' 'M' 'M' 'M' 'M' 'U' 'U' 'U' 'U' 'U' 'U' 'U' 'M' 'M' 'M' 'M' 'M'
 'M' 'M' 'M' 'M' 'M' 'U' 'M' 'M' 'M' 'M' 'M' 'M' 'U' 'U' 'M' 'M' 'M' 'M'
 'U' 'U' 'U' 'M' 'M' 'U' 'M' 'M' 'M' 'M' 'U' 'M' 'M' 'M' 'U' 'M' 'M' 'U'
 'M' 'M' 'U' 'A' 'M' 'M' 'M' 'M' 'M' 'M' 'U' 'M' 'M' 'U' 'M' 'M' 'M' 'M']"
131401,0,155,7,148,43,0,1,"['A' 'M' 'M' 'U' 'M' 'M' 'M' 'U' 'M' 'M' 'U' 'M' 'M' 'M' 'M' 'M' 'M' 'U'
 'M' 'U' 'M' 'U' 'U' 'M' 'M' 'M' 'M' 'M' 'M' 'U' 'M' 'M' 'U' 'M' 'M' 'M'
 'M' 'U' 'M' 'M' 'M' 'M' 'U' 'M' 'M' 'M' 'U' 'M' 'M' 'M' 'M' 'U' 'M' 'A'
 'A' 'M' 'M' 'M' 'M' 'M' 'M' 'M' 'U' 'M' 'M' 'M' 'M' 'M' 'M' 'M' 'U' 'M'
 'M' 'M' 'M' 'M' 'M' 'M' 'M' 'M' 'M' 'M' 'M' 'U' 'M' 'M' 'M' 'M' 'M' 'M'
 'U' 'U' 'U' 'M' 'M' 'M' 'M' 'M' 'M' 'M' 'M' 'U' 'M' 'U' 'M' 'M' 'M' 'M'
 'M' 'A' 'M' 'A' 'M' 'U' 'M' 'U' 'M' 'U' 'M' 'M' 'M' 'M' 'M' 'M' 'M' 'M'
 'M' 'M' 'M' 'M' 'M' 'M' 'M' 'M' 'M' 'U' 'U' 'U' 'U' 'M' 'M' 'M' 'M' 'M'
 'M' 'M' 'M' 'M' 'M' 'U' 'M' 'M' 'M' 'M' 'U' 'M' 'U' 'U' 'M' 'M' 'M' 'M'
 'M' 'U' 'U' 'M' 'U' 'A' 'M' 'M' 'M' 'M' 'U' 'M' 'U' 'M' 'M' 'M' 'U' 'U'
 'M' 'M' 'U' 'A' 'M' 'M' 'M' 'M' 'U' 'M' 'U' 'U' 'M' 'M' 'M' 'M' 'M' 'M']"
131501,0,152,7,145,46,1,0,"['A' 'U' 'M' 'U' 'M' 'M' 'M' 'M' 'M' 'M' 'U' 'M' 'M' 'M' 'M' 'M' 'M' 'U'
 'M' 'U' 'M' 'A' 'U' 'M' 'M' 'U' 'M' 'M' 'M' 'U' 'U' 'M' 'M' 'M' 'M' 'M'
 'M' 'U' 'M' 'M' 'M' 'M' 'U' 'M' 'M' 'M' 'M' 'M' 'M' 'M' 'M' 'U' 'U' 'A'
 'A' 'M' 'M' 'M' 'M' 'M' 'M' 'M' 'U' 'M' 'M' 'M' 'M' 'U' 'M' 'M' 'M' 'M'
 'M' 'M' 'U' 'M' 'U' 'M' 'M' 'M' 'M' 'M' 'M' 'M' 'U' 'M' 'M' 'M' 'M' 'U'
 'M' 'M' 'M' 'M' 'M' 'M' 'M' 'U' 'M' 'U' 'M' 'U' 'M' 'U' 'M' 'M' 'M' 'M'
 'M' 'U' 'M' 'U' 'M' 'U' 'M' 'U' 'M' 'U' 'M' 'M' 'U' 'M' 'M' 'M' 'M' 'M'
 'M' 'U' 'M' 'M' 'M' 'M' 'M' 'M' 'M' 'A' 'U' 'U' 'M' 'M' 'M' 'M' 'M' 'M'
 'M' 'M' 'M' 'U' 'M' 'U' 'M' 'M' 'M' 'M' 'U' 'M' 'U' 'U' 'M' 'M' 'M' 'M'
 'M' 'U' 'M' 'M' 'U' 'A' 'M' 'M' 'M' 'M' 'U' 'M' 'U' 'M' 'M' 'M' 'U' 'U'
 'M' 'M' 'U' 'A' 'M' 'M' 'M' 'M' 'U' 'M' 'M' 'U' 'M' 'M' 'M' 'M' 'M' 'M']"
131601,0,156,7,149,42,0,0,"['A' 'U' 'M' 'U' 'M' 'M' 'M' 'M' 'M' 'M' 'U' 'M' 'M' 'M' 'M' 'M' 'M' 'U'
 'M' 'U' 'M' 'A' 'U' 'M' 'M' 'U' 'M' 'M' 'M' 'M' 'M' 'M' 'U' 'M' 'U' 'M'
 'M' 'U' 'M' 'M' 'M' 'M' 'M' 'M' 'M' 'M' 'M' 'M' 'M' 'M' 'M' 'U' 'M' 'A'
 'A' 'M' 'U' 'M' 'M' 'M' 'M' 'U' 'M' 'M' 'M' 'M' 'M' 'M' 'M' 'M' 'M' 'M'
 'M' 'U' 'M' 'M' 'M' 'M' 'M' 'M' 'M' 'M' 'M' 'M' 'M' 'M' 'M' 'U' 'M' 'M'
 'U' 'M' 'U' 'M' 'U' 'M' 'M' 'U' 'M' 'M' 'M' 'U' 'M' 'U' 'M' 'M' 'M' 'M'
 'M' 'M' 'M' 'U' 'M' 'M' 'M' 'U' 'M' 'U' 'M' 'M' 'U' 'M' 'M' 'M' 'M' 'U'
 'M' 'M' 'M' 'M' 'M' 'M' 'M' 'M' 'M' 'A' 'M' 'U' 'M' 'M' 'M' 'M' 'M' 'M'
 'M' 'M' 'M' 'A' 'M' 'U' 'M' 'M' 'M' 'A' 'M' 'M' 'U' 'U' 'M' 'M' 'M' 'M'
 'M' 'U' 'M' 'M' 'U' 'U' 'U' 'M' 'M' 'M' 'U' 'U' 'U' 'M' 'M' 'M' 'M' 'U'
 'M' 'M' 'U' 'U' 'U' 'M' 'M' 'M' 'M' 'M' 'U' 'M' 'M' 'M' 'M' 'M' 'M' 'M']"
131701,1,162,7,155,36,0,0,"['A' 'M' 'M' 'U' 'M' 'M' 'M' 'M' 'M' 'M' 'U' 'M' 'M' 'M' 'M' 'M' 'M' 'U'
 'M' 'U' 'M' 'A' 'M' 'M' 'M' 'U' 'M' 'M' 'M' 'M' 'M' 'M' 'U' 'M' 'M' 'M'
 'M' 'M' 'M' 'M' 'M' 'M' 'M' 'M' 'M' 'M' 'M' 'M' 'M' 'M' 'M' 'U' 'M' 'A'
 'A' 'M' 'U' 'M' 'U' 'M' 'M' 'M' 'M' 'M' 'M' 'M' 'M' 'M' 'M' 'M' 'M' 'M'
 'U' 'M' 'M' 'M' 'M' 'M' 'M' 'M' 'M' 'U' 'M' 'M' 'U' 'M' 'M' 'M' 'M' 'U'
 'U' 'M' 'M' 'M' 'M' 'M' 'M' 'M' 'M' 'M' 'M' 'M' 'M' 'U' 'M' 'M' 'M' 'M'
 'M' 'M' 'M' 'U' 'M' 'M' 'M' 'U' 'U' 'U' 'M' 'M' 'U' 'M' 'M' 'M' 'M' 'U'
 'M' 'M' 'M' 'M' 'M' 'U' 'U' 'U' 'U' 'A' 'U' 'U' 'U' 'M' 'M' 'M' 'M' 'M'
 'M' 'M' 'M' 'A' 'M' 'U' 'M' 'M' 'M' 'A' 'M' 'M' 'U' 'M' 'M' 'M' 'M' 'M'
 'M' 'U' 'M' 'M' 'M' 'M' 'U' 'M' 'M' 'M' 'U' 'M' 'M' 'M' 'M' 'M' 'M' 'U'
 'M' 'M' 'U' 'M' 'U' 'M' 'M' 'M' 'M' 'M' 'M' 'M' 'M' 'M' 'M' 'M' 'M' 'M']"
131801,0,164,5,159,34,0,1,"['A' 'M' 'M' 'U' 'M' 'M' 'M' 'M' 'U' 'M' 'U' 'M' 'M' 'M' 'M' 'M' 'M' 'M'
 'M' 'M' 'M' 'A' 'M' 'M' 'U' 'U' 'M' 'M' 'M' 'M' 'M' 'M' 'U' 'M' 'M' 'M'
 'M' 'M' 'M' 'M' 'M' 'M' 'M' 'M' 'M' 'M' 'M' 'M' 'M' 'M' 'M' 'U' 'M' 'U'
 'A' 'M' 'U' 'M' 'U' 'M' 'M' 'M' 'M' 'M' 'M' 'M' 'M' 'U' 'M' 'M' 'M' 'U'
 'M' 'M' 'M' 'M' 'M' 'M' 'M' 'M' 'M' 'M' 'M' 'M' 'M' 'M' 'U' 'M' 'M' 'M'
 'M' 'U' 'M' 'U' 'M' 'M' 'M' 'M' 'M' 'M' 'M' 'M' 'M' 'U' 'M' 'M' 'M' 'M'
 'M' 'M' 'M' 'U' 'M' 'M' 'M' 'U' 'U' 'U' 'M' 'M' 'U' 'M' 'M' 'M' 'U' 'U'
 'M' 'M' 'M' 'M' 'M' 'M' 'U' 'M' 'M' 'U' 'U' 'U' 'U' 'M' 'M' 'M' 'M' 'M'
 'M' 'M' 'M' 'A' 'M' 'U' 'M' 'M' 'M' 'A' 'M' 'U' 'U' 'M' 'M' 'M' 'M' 'M'
 'M' 'M' 'M' 'M' 'M' 'M' 'M' 'M' 'M' 'M' 'U' 'M' 'M' 'M' 'M' 'M' 'M' 'U'
 'M' 'M' 'M' 'M' 'M' 'M' 'M' 'M' 'U' 'M' 'M' 'M' 'M' 'M' 'M' 'M' 'M' 'M']"
131901,0,161,3,158,37,0,0,"['A' 'M' 'M' 'U' 'M' 'M' 'M' 'M' 'U' 'M' 'U' 'M' 'M' 'M' 'M' 'M' 'M' 'M'
 'M' 'M' 'M' 'A' 'M' 'M' 'U' 'U' 'M' 'M' 'M' 'M' 'M' 'M' 'U' 'M' 'M' 'M'
 'M' 'M' 'M' 'M' 'M' 'M' 'M' 'M' 'M' 'M' 'M' 'M' 'U' 'M' 'M' 'U' 'M' 'U'
 'A' 'M' 'M' 'U' 'U' 'M' 'M' 'M' 'M' 'M' 'M' 'M' 'M' 'M' 'M' 'U' 'M' 'M'
 'M' 'M' 'M' 'M' 'M' 'U' 'M' 'M' 'U' 'M' 'U' 'M' 'M' 'U' 'M' 'M' 'M' 'M'
 'M' 'M' 'M' 'M' 'M' 'U' 'M' 'M' 'M' 'M' 'M' 'M' 'M' 'U' 'U' 'M' 'M' 'M'
 'M' 'M' 'M' 'U' 'M' 'M' 'M' 'U' 'M' 'U' 'M' 'M' 'U' 'M' 'U' 'M' 'M' 'U'
 'M' 'M' 'U' 'M' 'M' 'M' 'U' 'M' 'M' 'U' 'U' 'M' 'U' 'M' 'M' 'M' 'M' 'M'
 'U' 'M' 'M' 'M' 'M' 'U' 'M' 'M' 'M' 'U' 'M' 'U' 'M' 'M' 'M' 'M' 'M' 'M'
 'M' 'M' 'M' 'M' 'M' 'M' 'M' 'M' 'M' 'M' 'M' 'M' 'U' 'M' 'U' 'M' 'M' 'M'
 'M' 'M' 'U' 'M' 'M' 'M' 'M' 'M' 'M' 'M' 'M' 'M' 'M' 'M' 'M' 'M' 'M' 'M']"
132001,0,161,3,158,37,0,0,"['A' 'M' 'M' 'U' 'M' 'M' 'M' 'M' 'U' 'M' 'U' 'M' 'M' 'M' 'M' 'M' 'M' 'M'
 'M' 'M' 'M' 'A' 'U' 'M' 'U' 'U' 'M' 'M' 'M' 'M' 'M' 'M' 'U' 'M' 'U' 'M'
 'M' 'M' 'M' 'M' 'M' 'M' 'M' 'M' 'M' 'M' 'M' 'M' 'U' 'M' 'M' 'U' 'M' 'U'
 'A' 'M' 'M' 'U' 'U' 'U' 'M' 'M' 'M' 'M' 'M' 'M' 'M' 'U' 'M' 'U' 'M' 'M'
 'M' 'M' 'M' 'M' 'M' 'M' 'M' 'M' 'M' 'M' 'M' 'U' 'M' 'M' 'U' 'M' 'M' 'M'
 'M' 'M' 'M' 'M' 'U' 'U' 'U' 'M' 'M' 'M' 'M' 'M' 'M' 'U' 'U' 'M' 'M' 'M'
 'M' 'M' 'M' 'M' 'U' 'M' 'M' 'M' 'M' 'U' 'M' 'M' 'U' 'M' 'U' 'M' 'M' 'M'
 'M' 'M' 'U' 'M' 'M' 'M' 'U' 'M' 'M' 'U' 'U' 'M' 'U' 'M' 'M' 'M' 'M' 'M'
 'U' 'M' 'M' 'M' 'M' 'U' 'M' 'M' 'M' 'U' 'M' 'U' 'M' 'M' 'M' 'M' 'M' 'M'
 'M' 'M' 'M' 'M' 'M' 'M' 'M' 'M' 'M' 'M' 'M' 'M' 'U' 'M' 'M' 'M' 'M' 'M'
 'M' 'M' 'M' 'M' 'M' 'M' 'M' 'M' 'M' 'M' 'M' 'M' 'M' 'M' 'M' 'M' 'M' 'M']"
132101,0,166,5,161,32,0,0,"['A' 'M' 'M' 'U' 'M' 'M' 'M' 'M' 'U' 'M' 'U' 'M' 'M' 'M' 'M' 'M' 'M' 'M'
 'M' 'M' 'M' 'A' 'U' 'M' 'U' 'U' 'M' 'M' 'M' 'M' 'M' 'M' 'M' 'M' 'M' 'M'
 'M' 'M' 'M' 'M' 'M' 'M' 'M' 'M' 'M' 'M' 'M' 'M' 'U' 'M' 'M' 'U' 'M' 'U'
 'A' 'M' 'M' 'U' 'U' 'U' 'M' 'M' 'M' 'U' 'M' 'M' 'M' 'M' 'U' 'U' 'M' 'M'
 'M' 'M' 'M' 'M' 'M' 'U' 'M' 'M' 'M' 'M' 'M' 'M' 'M' 'M' 'U' 'M' 'U' 'M'
 'M' 'M' 'M' 'M' 'M' 'U' 'A' 'M' 'M' 'M' 'M' 'M' 'M' 'U' 'M' 'M' 'M' 'M'
 'M' 'M' 'U' 'M' 'U' 'M' 'M' 'M' 'M' 'U' 'U' 'M' 'U' 'M' 'A' 'M' 'M' 'M'
 'M' 'M' 'U' 'U' 'M' 'M' 'M' 'M' 'M' 'U' 'M' 'M' 'M' 'M' 'M' 'M' 'M' 'M'
 'U' 'M' 'M' 'M' 'M' 'M' 'M' 'U' 'M' 'M' 'M' 'M' 'U' 'M' 'M' 'M' 'M' 'M'
 'M' 'M' 'M' 'M' 'M' 'M' 'U' 'M' 'M' 'M' 'M' 'M' 'M' 'M' 'M' 'M' 'M' 'M'
 'M' 'M' 'M' 'M' 'M' 'M' 'M' 'M' 'M' 'M' 'M' 'M' 'M' 'M' 'M' 'M' 'M' 'M']"
132201,0,166,7,159,32,0,0,"['A' 'M' 'M' 'U' 'M' 'U' 'M' 'M' 'U' 'M' 'M' 'M' 'M' 'M' 'M' 'M' 'M' 'M'
 'M' 'M' 'M' 'A' 'U' 'M' 'U' 'U' 'M' 'M' 'M' 'M' 'M' 'M' 'M' 'M' 'M' 'M'
 'M' 'M' 'M' 'M' 'M' 'M' 'M' 'M' 'M' 'M' 'M' 'M' 'U' 'U' 'M' 'U' 'M' 'U'
 'A' 'M' 'M' 'U' 'U' 'U' 'U' 'M' 'M' 'M' 'M' 'M' 'M' 'M' 'M' 'U' 'M' 'M'
 'M' 'U' 'M' 'M' 'M' 'M' 'M' 'M' 'M' 'M' 'M' 'U' 'M' 'U' 'M' 'M' 'M' 'U'
 'M' 'M' 'M' 'M' 'M' 'U' 'U' 'M' 'M' 'M' 'M' 'M' 'M' 'U' 'M' 'M' 'M' 'M'
 'M' 'M' 'U' 'M' 'U' 'M' 'M' 'M' 'M' 'A' 'U' 'M' 'U' 'U' 'A' 'M' 'M' 'M'
 'M' 'M' 'M' 'M' 'M' 'M' 'M' 'M' 'M' 'U' 'M' 'M' 'M' 'M' 'M' 'M' 'M' 'M'
 'A' 'M' 'M' 'M' 'M' 'M' 'M' 'U' 'M' 'M' 'M' 'A' 'U' 'M' 'M' 'M' 'U' 'M'
 'M' 'M' 'M' 'M' 'M' 'M' 'U' 'M' 'M' 'M' 'M' 'M' 'M' 'M' 'M' 'M' 'M' 'M'
 'M' 'M' 'M' 'M' 'M' 'M' 'M' 'M' 'M' 'M' 'M' 'M' 'M' 'M' 'M' 'M' 'M' 'M']"
132301,0,163,4,159,35,0,0,"['A' 'M' 'M' 'M' 'U' 'U' 'M' 'M' 'M' 'M' 'M' 'M' 'M' 'M' 'M' 'M' 'M' 'M'
 'M' 'M' 'M' 'A' 'M' 'M' 'U' 'M' 'M' 'M' 'M' 'M' 'M' 'M' 'M' 'M' 'M' 'M'
 'M' 'M' 'M' 'U' 'M' 'M' 'M' 'M' 'M' 'M' 'M' 'M' 'U' 'U' 'M' 'U' 'M' 'U'
 'A' 'M' 'M' 'U' 'U' 'U' 'U' 'M' 'M' 'M' 'M' 'M' 'M' 'M' 'U' 'M' 'M' 'M'
 'U' 'M' 'M' 'U' 'M' 'M' 'M' 'M' 'M' 'M' 'M' 'U' 'M' 'M' 'M' 'M' 'M' 'M'
 'M' 'M' 'M' 'M' 'U' 'M' 'U' 'M' 'M' 'M' 'M' 'M' 'M' 'U' 'M' 'U' 'M' 'M'
 'M' 'M' 'U' 'M' 'M' 'M' 'M' 'M' 'M' 'A' 'U' 'M' 'U' 'U' 'U' 'M' 'M' 'M'
 'M' 'M' 'M' 'M' 'M' 'M' 'M' 'M' 'M' 'U' 'M' 'M' 'M' 'M' 'M' 'M' 'M' 'M'
 'U' 'M' 'M' 'M' 'M' 'M' 'M' 'U' 'U' 'M' 'M' 'U' 'U' 'M' 'M' 'M' 'U' 'M'
 'M' 'M' 'M' 'M' 'M' 'M' 'U' 'M' 'M' 'M' 'M' 'M' 'M' 'M' 'M' 'U' 'M' 'M'
 'M' 'M' 'M' 'M' 'U' 'M' 'M' 'M' 'M' 'M' 'M' 'M' 'M' 'M' 'M' 'M' 'M' 'M']"
132401,0,163,4,159,35,0,0,"['A' 'M' 'M' 'M' 'M' 'U' 'M' 'M' 'M' 'M' 'M' 'M' 'M' 'M' 'M' 'M' 'M' 'M'
 'M' 'M' 'M' 'U' 'U' 'U' 'U' 'M' 'M' 'M' 'M' 'M' 'M' 'U' 'M' 'M' 'M' 'M'
 'M' 'M' 'M' 'M' 'M' 'M' 'M' 'U' 'M' 'M' 'M' 'M' 'A' 'U' 'M' 'M' 'M' 'U'
 'A' 'M' 'M' 'U' 'U' 'U' 'U' 'M' 'M' 'M' 'M' 'M' 'M' 'M' 'M' 'M' 'M' 'U'
 'M' 'M' 'U' 'M' 'M' 'M' 'M' 'M' 'M' 'M' 'M' 'M' 'M' 'M' 'U' 'M' 'U' 'M'
 'M' 'M' 'M' 'U' 'M' 'M' 'M' 'M' 'M' 'M' 'M' 'M' 'M' 'U' 'M' 'U' 'M' 'M'
 'U' 'U' 'U' 'M' 'M' 'M' 'M' 'M' 'M' 'A' 'M' 'M' 'U' 'U' 'M' 'M' 'M' 'M'
 'M' 'M' 'M' 'M' 'M' 'M' 'M' 'M' 'M' 'U' 'M' 'M' 'M' 'M' 'M' 'M' 'M' 'M'
 'U' 'U' 'M' 'M' 'M' 'M' 'M' 'U' 'U' 'M' 'M' 'U' 'M' 'M' 'M' 'M' 'U' 'M'
 'M' 'M' 'M' 'M' 'M' 'M' 'U' 'M' 'M' 'M' 'M' 'M' 'M' 'M' 'M' 'M' 'M' 'M'
 'M' 'M' 'M' 'U' 'M' 'M' 'M' 'M' 'M' 'M' 'M' 'M' 'M' 'M' 'M' 'M' 'M' 'U']"
132501,0,160,4,156,38,1,0,"['A' 'M' 'M' 'M' 'M' 'U' 'M' 'M' 'M' 'M' 'M' 'M' 'M' 'M' 'M' 'M' 'M' 'M'
 'M' 'M' 'M' 'U' 'U' 'U' 'M' 'M' 'M' 'M' 'M' 'M' 'M' 'U' 'M' 'M' 'M' 'M'
 'M' 'M' 'M' 'M' 'M' 'M' 'M' 'U' 'M' 'M' 'M' 'U' 'U' 'M' 'M' 'M' 'M' 'M'
 'A' 'M' 'M' 'U' 'U' 'U' 'M' 'M' 'M' 'M' 'M' 'U' 'M' 'M' 'M' 'M' 'M' 'U'
 'M' 'M' 'M' 'M' 'M' 'M' 'M' 'M' 'M' 'M' 'U' 'M' 'M' 'M' 'U' 'M' 'M' 'U'
 'M' 'M' 'M' 'M' 'M' 'M' 'M' 'M' 'M' 'M' 'M' 'M' 'M' 'U' 'M' 'M' 'M' 'U'
 'U' 'U' 'U' 'M' 'U' 'M' 'M' 'M' 'M' 'A' 'M' 'M' 'U' 'U' 'M' 'M' 'M' 'M'
 'M' 'M' 'M' 'M' 'M' 'M' 'M' 'M' 'M' 'U' 'M' 'M' 'M' 'M' 'M' 'U' 'M' 'M'
 'U' 'U' 'M' 'M' 'M' 'M' 'M' 'U' 'U' 'M' 'U' 'M' 'M' 'M' 'U' 'U' 'A' 'M'
 'M' 'M' 'M' 'M' 'M' 'M' 'U' 'M' 'M' 'U' 'M' 'M' 'M' 'M' 'M' 'M' 'M' 'U'
 'M' 'M' 'M' 'M' 'M' 'M' 'M' 'U' 'M' 'M' 'M' 'M' 'M' 'M' 'M' 'M' 'M' 'U']"
132601,0,151,4,147,47,1,0,"['A' 'M' 'M' 'M' 'M' 'U' 'M' 'M' 'U' 'M' 'M' 'M' 'M' 'M' 'M' 'M' 'M' 'U'
 'M' 'M' 'M' 'U' 'U' 'M' 'M' 'M' 'M' 'M' 'U' 'M' 'M' 'M' 'U' 'M' 'M' 'M'
 'M' 'M' 'M' 'M' 'U' 'M' 'M' 'U' 'U' 'M' 'U' 'U' 'U' 'U' 'M' 'M' 'M' 'M'
 'A' 'M' 'U' 'U' 'U' 'U' 'M' 'M' 'M' 'M' 'M' 'M' 'M' 'M' 'M' 'M' 'M' 'M'
 'M' 'M' 'M' 'U' 'M' 'U' 'U' 'M' 'M' 'M' 'M' 'M' 'M' 'M' 'M' 'M' 'M' 'M'
 'U' 'M' 'M' 'U' 'M' 'M' 'M' 'M' 'M' 'M' 'M' 'M' 'M' 'U' 'M' 'M' 'M' 'U'
 'U' 'U' 'U' 'M' 'U' 'M' 'M' 'M' 'M' 'A' 'M' 'M' 'U' 'U' 'M' 'M' 'M' 'M'
 'U' 'M' 'M' 'M' 'M' 'M' 'M' 'M' 'M' 'M' 'M' 'M' 'M' 'M' 'M' 'U' 'M' 'M'
 'M' 'U' 'M' 'U' 'U' 'M' 'M' 'U' 'M' 'M' 'U' 'M' 'M' 'M' 'U' 'U' 'A' 'M'
 'M' 'M' 'M' 'M' 'M' 'M' 'U' 'M' 'M' 'U' 'M' 'M' 'M' 'M' 'M' 'M' 'M' 'U'
 'M' 'M' 'M' 'M' 'M' 'M' 'M' 'U' 'M' 'M' 'M' 'U' 'M' 'M' 'M' 'M' 'U' 'U']"
132701,0,155,5,150,43,0,0,"['A' 'M' 'M' 'M' 'M' 'U' 'M' 'M' 'U' 'M' 'M' 'M' 'M' 'M' 'M' 'M' 'M' 'A'
 'M' 'M' 'M' 'M' 'U' 'M' 'M' 'M' 'M' 'M' 'M' 'M' 'M' 'U' 'U' 'M' 'M' 'M'
 'M' 'M' 'M' 'M' 'U' 'M' 'M' 'U' 'U' 'M' 'U' 'U' 'U' 'U' 'M' 'M' 'M' 'M'
 'U' 'M' 'U' 'U' 'M' 'M' 'M' 'M' 'M' 'M' 'M' 'M' 'U' 'M' 'U' 'M' 'M' 'M'
 'M' 'M' 'M' 'M' 'M' 'M' 'M' 'M' 'U' 'M' 'M' 'U' 'M' 'M' 'M' 'M' 'M' 'M'
 'M' 'M' 'M' 'U' 'M' 'M' 'M' 'M' 'U' 'M' 'M' 'M' 'M' 'M' 'M' 'M' 'M' 'U'
 'M' 'U' 'U' 'M' 'U' 'M' 'M' 'M' 'U' 'A' 'M' 'M' 'U' 'U' 'M' 'M' 'M' 'M'
 'M' 'M' 'M' 'M' 'M' 'M' 'M' 'M' 'M' 'U' 'M' 'M' 'M' 'M' 'M' 'U' 'M' 'M'
 'U' 'U' 'M' 'U' 'M' 'M' 'M' 'U' 'M' 'M' 'U' 'M' 'M' 'M' 'U' 'M' 'A' 'M'
 'M' 'M' 'M' 'M' 'M' 'M' 'U' 'M' 'M' 'U' 'M' 'M' 'M' 'M' 'U' 'M' 'M' 'U'
 'M' 'M' 'M' 'M' 'M' 'M' 'M' 'U' 'M' 'M' 'M' 'U' 'M' 'M' 'M' 'M' 'A' 'U']"
132801,1,149,4,145,49,0,1,"['A' 'M' 'M' 'M' 'M' 'U' 'M' 'M' 'U' 'M' 'M' 'M' 'M' 'M' 'M' 'M' 'M' 'A'
 'M' 'M' 'M' 'M' 'U' 'M' 'M' 'M' 'M' 'M' 'M' 'M' 'M' 'U' 'U' 'M' 'M' 'M'
 'M' 'M' 'M' 'M' 'U' 'M' 'M' 'U' 'U' 'M' 'U' 'M' 'U' 'U' 'M' 'U' 'M' 'M'
 'U' 'U' 'U' 'M' 'M' 'U' 'M' 'M' 'M' 'M' 'M' 'M' 'M' 'M' 'M' 'M' 'M' 'M'
 'M' 'M' 'M' 'M' 'M' 'U' 'U' 'U' 'M' 'M' 'U' 'U' 'M' 'M' 'M' 'M' 'M' 'M'
 'M' 'M' 'M' 'M' 'M' 'M' 'M' 'M' 'U' 'M' 'M' 'M' 'M' 'M' 'M' 'M' 'M' 'U'
 'M' 'U' 'U' 'M' 'U' 'U' 'M' 'M' 'M' 'A' 'M' 'M' 'U' 'U' 'M' 'M' 'M' 'M'
 'M' 'M' 'M' 'M' 'M' 'M' 'U' 'U' 'U' 'U' 'U' 'M' 'M' 'M' 'M' 'U' 'M' 'M'
 'M' 'M' 'M' 'U' 'M' 'M' 'M' 'U' 'U' 'M' 'U' 'U' 'M' 'M' 'U' 'M' 'U' 'M'
 'M' 'M' 'M' 'M' 'M' 'U' 'U' 'M' 'M' 'M' 'M' 'M' 'M' 'M' 'U' 'M' 'M' 'U'
 'M' 'M' 'M' 'M' 'M' 'U' 'M' 'U' 'M' 'M' 'M' 'M' 'M' 'M' 'M' 'M' 'A' 'U']"
132901,0,151,4,147,47,0,0,"['A' 'M' 'M' 'M' 'M' 'U' 'M' 'U' 'U' 'M' 'M' 'M' 'M' 'U' 'M' 'M' 'M' 'A'
 'M' 'M' 'M' 'M' 'U' 'M' 'M' 'M' 'M' 'M' 'M' 'M' 'M' 'M' 'U' 'M' 'M' 'M'
 'M' 'M' 'M' 'M' 'U' 'M' 'M' 'M' 'M' 'M' 'U' 'M' 'U' 'U' 'M' 'M' 'M' 'M'
 'U' 'U' 'M' 'M' 'M' 'U' 'M' 'M' 'M' 'M' 'M' 'M' 'U' 'M' 'M' 'M' 'M' 'M'
 'U' 'U' 'M' 'M' 'M' 'M' 'M' 'M' 'M' 'U' 'M' 'M' 'M' 'M' 'M' 'M' 'M' 'M'
 'M' 'M' 'U' 'M' 'M' 'M' 'M' 'M' 'M' 'M' 'M' 'M' 'M' 'M' 'M' 'M' 'M' 'U'
 'M' 'U' 'U' 'M' 'U' 'U' 'M' 'M' 'M' 'A' 'M' 'M' 'M' 'U' 'U' 'M' 'M' 'M'
 'M' 'M' 'M' 'M' 'M' 'M' 'M' 'U' 'U' 'U' 'U' 'U' 'U' 'M' 'M' 'U' 'M' 'M'
 'U' 'M' 'M' 'U' 'M' 'M' 'M' 'U' 'U' 'M' 'U' 'U' 'M' 'M' 'U' 'M' 'U' 'M'
 'M' 'M' 'M' 'M' 'M' 'U' 'U' 'M' 'M' 'M' 'M' 'M' 'M' 'M' 'M' 'M' 'U' 'U'
 'M' 'U' 'M' 'U' 'M' 'M' 'M' 'U' 'M' 'M' 'M' 'M' 'M' 'M' 'M' 'M' 'A' 'M']"
133001,0,162,7,155,36,0,0,"['A' 'M' 'M' 'M' 'M' 'U' 'M' 'U' 'M' 'M' 'M' 'M' 'M' 'M' 'M' 'M' 'M' 'A'
 'M' 'M' 'M' 'M' 'M' 'M' 'M' 'M' 'M' 'M' 'M' 'M' 'M' 'M' 'U' 'M' 'M' 'M'
 'M' 'M' 'M' 'M' 'U' 'M' 'M' 'M' 'M' 'M' 'M' 'U' 'U' 'M' 'M' 'M' 'M' 'M'
 'M' 'U' 'M' 'M' 'M' 'U' 'M' 'M' 'M' 'M' 'M' 'M' 'M' 'M' 'U' 'M' 'M' 'M'
 'M' 'M' 'M' 'M' 'U' 'M' 'M' 'U' 'M' 'M' 'M' 'M' 'U' 'M' 'M' 'M' 'M' 'U'
 'M' 'M' 'M' 'M' 'M' 'M' 'M' 'M' 'M' 'M' 'M' 'M' 'M' 'M' 'M' 'M' 'U' 'U'
 'M' 'M' 'U' 'M' 'U' 'U' 'M' 'M' 'M' 'A' 'M' 'M' 'M' 'M' 'M' 'M' 'M' 'M'
 'M' 'U' 'M' 'M' 'M' 'M' 'M' 'M' 'U' 'U' 'U' 'U' 'U' 'M' 'M' 'U' 'M' 'M'
 'U' 'M' 'M' 'U' 'M' 'M' 'M' 'M' 'A' 'M' 'U' 'U' 'M' 'M' 'U' 'M' 'U' 'M'
 'M' 'M' 'M' 'U' 'M' 'M' 'M' 'M' 'A' 'M' 'M' 'M' 'M' 'M' 'M' 'M' 'A' 'U'
 'M' 'M' 'M' 'U' 'M' 'M' 'M' 'U' 'M' 'M' 'M' 'M' 'M' 'M' 'M' 'U' 'A' 'M']"
133101,0,160,7,153,38,0,0,"['A' 'M' 'M' 'M' 'M' 'U' 'M' 'U' 'M' 'M' 'M' 'M' 'M' 'M' 'M' 'M' 'M' 'A'
 'M' 'M' 'M' 'M' 'M' 'M' 'M' 'M' 'M' 'M' 'M' 'M' 'M' 'M' 'U' 'M' 'U' 'M'
 'M' 'M' 'M' 'M' 'U' 'M' 'M' 'M' 'M' 'M' 'M' 'U' 'U' 'M' 'M' 'M' 'M' 'M'
 'M' 'U' 'M' 'M' 'M' 'M' 'M' 'M' 'M' 'M' 'M' 'M' 'M' 'M' 'U' 'M' 'M' 'M'
 'M' 'U' 'M' 'M' 'M' 'M' 'M' 'M' 'M' 'U' 'M' 'M' 'M' 'M' 'M' 'U' 'M' 'U'
 'M' 'M' 'M' 'M' 'M' 'M' 'M' 'M' 'M' 'M' 'M' 'M' 'M' 'M' 'M' 'M' 'U' 'U'
 'M' 'M' 'U' 'M' 'U' 'M' 'M' 'M' 'M' 'A' 'M' 'M' 'M' 'M' 'M' 'M' 'M' 'M'
 'M' 'U' 'M' 'M' 'M' 'U' 'U' 'U' 'U' 'U' 'U' 'U' 'A' 'M' 'M' 'U' 'M' 'M'
 'U' 'M' 'M' 'M' 'U' 'M' 'M' 'M' 'A' 'M' 'U' 'M' 'M' 'M' 'U' 'M' 'U' 'M'
 'M' 'M' 'M' 'M' 'M' 'M' 'M' 'M' 'A' 'M' 'M' 'U' 'U' 'M' 'M' 'M' 'U' 'U'
 'M' 'M' 'M' 'U' 'M' 'M' 'M' 'U' 'U' 'M' 'M' 'M' 'M' 'M' 'M' 'M' 'A' 'M']"
133201,0,166,9,157,32,0,0,"['A' 'M' 'M' 'M' 'M' 'M' 'M' 'M' 'M' 'M' 'M' 'M' 'M' 'M' 'M' 'M' 'M' 'A'
 'M' 'M' 'M' 'M' 'M' 'M' 'M' 'M' 'M' 'M' 'M' 'M' 'U' 'M' 'M' 'U' 'U' 'M'
 'M' 'M' 'M' 'M' 'U' 'U' 'M' 'M' 'M' 'M' 'M' 'M' 'A' 'M' 'M' 'M' 'M' 'M'
 'M' 'U' 'M' 'M' 'M' 'M' 'M' 'M' 'M' 'M' 'M' 'M' 'M' 'M' 'M' 'U' 'M' 'M'
 'U' 'M' 'M' 'M' 'M' 'M' 'U' 'M' 'M' 'M' 'U' 'M' 'M' 'M' 'M' 'M' 'M' 'M'
 'M' 'M' 'U' 'M' 'M' 'M' 'M' 'M' 'M' 'M' 'M' 'M' 'M' 'M' 'M' 'M' 'M' 'U'
 'M' 'M' 'U' 'M' 'M' 'M' 'M' 'M' 'M' 'A' 'M' 'M' 'M' 'M' 'M' 'M' 'M' 'M'
 'M' 'U' 'M' 'M' 'M' 'U' 'U' 'U' 'U' 'U' 'M' 'A' 'A' 'M' 'M' 'U' 'M' 'M'
 'U' 'M' 'M' 'M' 'U' 'M' 'M' 'M' 'A' 'M' 'U' 'M' 'M' 'M' 'U' 'M' 'U' 'M'
 'M' 'M' 'M' 'M' 'M' 'M' 'M' 'M' 'A' 'M' 'M' 'U' 'U' 'M' 'M' 'M' 'U' 'U'
 'M' 'U' 'M' 'M' 'M' 'M' 'M' 'A' 'U' 'M' 'M' 'M' 'M' 'M' 'M' 'M' 'U' 'M']"
133301,0,168,11,157,30,0,0,"['A' 'M' 'M' 'M' 'M' 'M' 'M' 'M' 'M' 'M' 'M' 'M' 'M' 'M' 'M' 'M' 'M' 'A'
 'M' 'M' 'M' 'M' 'M' 'M' 'M' 'M' 'M' 'M' 'M' 'M' 'U' 'M' 'M' 'U' 'M' 'M'
 'M' 'M' 'M' 'M' 'U' 'U' 'M' 'M' 'M' 'M' 'M' 'M' 'A' 'M' 'M' 'M' 'U' 'M'
 'M' 'M' 'M' 'U' 'M' 'M' 'A' 'M' 'M' 'M' 'M' 'U' 'M' 'M' 'M' 'U' 'U' 'M'
 'M' 'M' 'M' 'M' 'M' 'M' 'M' 'M' 'M' 'M' 'U' 'M' 'U' 'M' 'M' 'M' 'M' 'M'
 'M' 'M' 'M' 'M' 'M' 'M' 'U' 'M' 'M' 'M' 'M' 'M' 'M' 'M' 'M' 'M' 'M' 'U'
 'M' 'M' 'U' 'M' 'M' 'M' 'M' 'M' 'M' 'A' 'M' 'M' 'M' 'M' 'M' 'M' 'M' 'M'
 'M' 'M' 'M' 'M' 'M' 'U' 'U' 'U' 'U' 'U' 'U' 'A' 'A' 'M' 'M' 'U' 'M' 'M'
 'U' 'M' 'M' 'M' 'M' 'M' 'U' 'M' 'A' 'M' 'A' 'M' 'M' 'M' 'U' 'M' 'U' 'M'
 'M' 'M' 'M' 'M' 'M' 'M' 'U' 'M' 'A' 'M' 'M' 'M' 'U' 'M' 'M' 'M' 'M' 'M'
 'M' 'U' 'M' 'M' 'M' 'M' 'M' 'A' 'U' 'M' 'M' 'M' 'M' 'M' 'M' 'M' 'U' 'M']"
133401,0,167,9,158,31,0,0,"['A' 'M' 'M' 'M' 'M' 'M' 'M' 'M' 'M' 'M' 'M' 'M' 'M' 'U' 'M' 'M' 'M' 'A'
 'M' 'M' 'M' 'M' 'M' 'M' 'M' 'M' 'M' 'M' 'M' 'M' 'U' 'M' 'M' 'U' 'M' 'M'
 'M' 'M' 'M' 'M' 'U' 'U' 'M' 'M' 'M' 'M' 'M' 'M' 'A' 'M' 'M' 'M' 'U' 'M'
 'M' 'M' 'M' 'U' 'M' 'M' 'M' 'M' 'M' 'M' 'M' 'M' 'M' 'M' 'M' 'M' 'U' 'M'
 'M' 'M' 'M' 'M' 'M' 'M' 'U' 'U' 'M' 'M' 'M' 'M' 'M' 'M' 'M' 'M' 'U' 'M'
 'M' 'M' 'M' 'U' 'M' 'M' 'M' 'M' 'M' 'M' 'M' 'M' 'M' 'M' 'M' 'M' 'M' 'U'
 'M' 'M' 'U' 'M' 'M' 'M' 'M' 'M' 'M' 'U' 'M' 'M' 'M' 'M' 'M' 'M' 'M' 'M'
 'M' 'U' 'M' 'M' 'M' 'U' 'M' 'U' 'U' 'M' 'M' 'A' 'A' 'M' 'M' 'U' 'M' 'U'
 'M' 'M' 'M' 'M' 'U' 'M' 'U' 'M' 'U' 'M' 'A' 'M' 'M' 'M' 'U' 'M' 'U' 'M'
 'M' 'M' 'M' 'M' 'M' 'M' 'U' 'M' 'A' 'M' 'M' 'M' 'U' 'U' 'M' 'M' 'M' 'M'
 'M' 'A' 'M' 'M' 'M' 'M' 'M' 'A' 'U' 'M' 'M' 'M' 'M' 'M' 'M' 'M' 'U' 'M']"
133501,0,165,8,157,33,0,0,"['A' 'M' 'M' 'M' 'M' 'M' 'M' 'M' 'M' 'M' 'M' 'M' 'M' 'U' 'M' 'M' 'M' 'A'
 'M' 'M' 'M' 'M' 'M' 'M' 'M' 'M' 'M' 'M' 'M' 'M' 'U' 'M' 'M' 'U' 'M' 'M'
 'M' 'M' 'U' 'M' 'U' 'U' 'M' 'M' 'M' 'M' 'M' 'M' 'A' 'M' 'M' 'M' 'M' 'M'
 'M' 'M' 'M' 'U' 'M' 'M' 'M' 'M' 'M' 'M' 'M' 'M' 'U' 'M' 'U' 'M' 'U' 'M'
 'M' 'M' 'M' 'M' 'M' 'M' 'M' 'U' 'M' 'M' 'M' 'M' 'M' 'M' 'M' 'M' 'U' 'M'
 'M' 'M' 'M' 'M' 'M' 'M' 'M' 'M' 'M' 'M' 'M' 'M' 'M' 'M' 'M' 'M' 'M' 'U'
 'M' 'M' 'U' 'M' 'M' 'M' 'M' 'M' 'M' 'U' 'M' 'M' 'M' 'M' 'U' 'M' 'M' 'M'
 'M' 'U' 'M' 'M' 'M' 'U' 'M' 'M' 'U' 'M' 'M' 'U' 'A' 'M' 'M' 'U' 'M' 'M'
 'M' 'M' 'M' 'M' 'U' 'M' 'U' 'M' 'U' 'M' 'U' 'M' 'M' 'M' 'U' 'M' 'U' 'M'
 'U' 'M' 'M' 'M' 'M' 'M' 'A' 'M' 'A' 'M' 'M' 'M' 'U' 'U' 'M' 'M' 'M' 'M'
 'M' 'A' 'M' 'M' 'U' 'M' 'M' 'A' 'U' 'M' 'U' 'M' 'M' 'M' 'M' 'M' 'M' 'M']"
133601,0,166,4,162,32,0,0,"['A' 'M' 'M' 'M' 'M' 'M' 'M' 'M' 'M' 'M' 'M' 'M' 'M' 'U' 'M' 'M' 'M' 'U'
 'M' 'M' 'M' 'M' 'M' 'M' 'M' 'M' 'M' 'M' 'M' 'M' 'U' 'M' 'M' 'M' 'M' 'M'
 'M' 'M' 'U' 'M' 'U' 'U' 'M' 'M' 'M' 'M' 'M' 'M' 'M' 'M' 'M' 'M' 'M' 'M'
 'M' 'M' 'M' 'U' 'M' 'M' 'M' 'M' 'M' 'M' 'M' 'U' 'M' 'M' 'M' 'M' 'U' 'M'
 'M' 'M' 'M' 'U' 'M' 'M' 'U' 'M' 'M' 'M' 'M' 'M' 'M' 'M' 'M' 'M' 'M' 'U'
 'M' 'M' 'M' 'M' 'M' 'M' 'M' 'M' 'M' 'M' 'U' 'M' 'M' 'M' 'M' 'M' 'M' 'M'
 'M' 'M' 'U' 'M' 'M' 'M' 'M' 'U' 'M' 'M' 'M' 'M' 'U' 'M' 'U' 'M' 'M' 'M'
 'M' 'U' 'M' 'M' 'M' 'M' 'M' 'M' 'U' 'M' 'M' 'M' 'A' 'M' 'M' 'U' 'M' 'M'
 'M' 'M' 'M' 'M' 'U' 'M' 'M' 'M' 'U' 'M' 'U' 'M' 'M' 'M' 'U' 'M' 'M' 'M'
 'U' 'M' 'M' 'M' 'M' 'M' 'U' 'M' 'A' 'M' 'M' 'M' 'U' 'U' 'M' 'M' 'M' 'M'
 'M' 'A' 'M' 'U' 'U' 'M' 'M' 'U' 'M' 'M' 'U' 'M' 'M' 'M' 'M' 'M' 'M' 'M']"
133701,0,162,5,157,36,1,0,"['A' 'M' 'M' 'M' 'M' 'M' 'M' 'M' 'M' 'M' 'M' 'M' 'M' 'U' 'M' 'M' 'M' 'U'
 'M' 'M' 'M' 'M' 'M' 'M' 'M' 'M' 'M' 'M' 'M' 'M' 'U' 'M' 'M' 'M' 'M' 'M'
 'M' 'M' 'M' 'M' 'U' 'M' 'M' 'M' 'M' 'M' 'M' 'M' 'M' 'M' 'M' 'M' 'M' 'M'
 'M' 'M' 'M' 'M' 'M' 'M' 'M' 'M' 'M' 'M' 'M' 'M' 'M' 'M' 'M' 'M' 'M' 'M'
 'M' 'U' 'M' 'M' 'U' 'M' 'M' 'M' 'M' 'M' 'U' 'M' 'M' 'M' 'M' 'M' 'M' 'M'
 'M' 'U' 'M' 'M' 'U' 'M' 'M' 'M' 'M' 'M' 'M' 'M' 'M' 'M' 'U' 'U' 'M' 'M'
 'M' 'M' 'M' 'M' 'M' 'M' 'M' 'M' 'M' 'M' 'M' 'M' 'M' 'U' 'M' 'M' 'M' 'M'
 'U' 'A' 'M' 'M' 'M' 'U' 'U' 'U' 'U' 'U' 'U' 'U' 'A' 'M' 'M' 'U' 'M' 'M'
 'U' 'M' 'M' 'M' 'U' 'U' 'M' 'M' 'U' 'M' 'M' 'U' 'M' 'M' 'U' 'M' 'M' 'M'
 'M' 'M' 'U' 'M' 'M' 'U' 'M' 'M' 'U' 'M' 'M' 'M' 'A' 'U' 'M' 'M' 'M' 'M'
 'M' 'A' 'U' 'M' 'U' 'M' 'M' 'U' 'M' 'U' 'U' 'M' 'M' 'M' 'M' 'M' 'M' 'M']"
133801,0,158,4,154,40,0,0,"['A' 'M' 'M' 'M' 'M' 'M' 'M' 'U' 'M' 'M' 'M' 'M' 'U' 'U' 'M' 'M' 'M' 'U'
 'U' 'M' 'M' 'M' 'M' 'M' 'M' 'M' 'M' 'M' 'M' 'M' 'U' 'M' 'M' 'M' 'M' 'M'
 'M' 'M' 'M' 'M' 'U' 'M' 'M' 'M' 'M' 'U' 'M' 'M' 'M' 'M' 'M' 'M' 'M' 'U'
 'M' 'M' 'M' 'M' 'M' 'M' 'M' 'U' 'M' 'M' 'M' 'M' 'U' 'M' 'M' 'M' 'M' 'M'
 'M' 'U' 'M' 'M' 'M' 'M' 'M' 'U' 'U' 'M' 'M' 'M' 'M' 'M' 'M' 'M' 'M' 'M'
 'M' 'M' 'U' 'M' 'M' 'M' 'M' 'M' 'M' 'M' 'M' 'M' 'M' 'M' 'U' 'U' 'M' 'M'
 'M' 'M' 'M' 'M' 'M' 'U' 'M' 'M' 'M' 'M' 'M' 'M' 'M' 'U' 'M' 'M' 'M' 'M'
 'A' 'A' 'M' 'M' 'M' 'M' 'U' 'U' 'U' 'M' 'U' 'M' 'U' 'U' 'M' 'M' 'M' 'M'
 'U' 'M' 'M' 'M' 'U' 'U' 'M' 'M' 'U' 'M' 'M' 'U' 'M' 'M' 'U' 'M' 'M' 'M'
 'M' 'M' 'U' 'M' 'M' 'U' 'M' 'M' 'M' 'M' 'M' 'M' 'A' 'M' 'M' 'M' 'M' 'M'
 'M' 'U' 'U' 'M' 'M' 'U' 'M' 'U' 'M' 'U' 'U' 'M' 'M' 'M' 'M' 'M' 'M' 'U']"
133901,0,154,5,149,44,0,0,"['A' 'M' 'M' 'M' 'M' 'M' 'M' 'U' 'U' 'M' 'M' 'M' 'M' 'U' 'M' 'M' 'M' 'U'
 'M' 'M' 'M' 'M' 'M' 'M' 'M' 'M' 'M' 'M' 'M' 'M' 'M' 'U' 'M' 'M' 'M' 'M'
 'M' 'M' 'M' 'M' 'U' 'M' 'M' 'M' 'M' 'U' 'M' 'M' 'M' 'M' 'M' 'M' 'M' 'M'
 'U' 'M' 'M' 'M' 'M' 'M' 'M' 'M' 'M' 'M' 'M' 'M' 'U' 'U' 'M' 'M' 'M' 'M'
 'M' 'M' 'M' 'M' 'U' 'M' 'M' 'M' 'U' 'M' 'M' 'M' 'M' 'M' 'M' 'M' 'U' 'M'
 'M' 'M' 'M' 'M' 'M' 'M' 'M' 'M' 'M' 'M' 'M' 'M' 'M' 'M' 'U' 'U' 'M' 'M'
 'M' 'M' 'M' 'M' 'M' 'U' 'M' 'M' 'M' 'M' 'M' 'M' 'M' 'U' 'U' 'M' 'M' 'M'
 'A' 'U' 'M' 'M' 'U' 'U' 'U' 'U' 'U' 'U' 'A' 'U' 'U' 'U' 'M' 'M' 'M' 'M'
 'U' 'U' 'M' 'M' 'U' 'U' 'M' 'M' 'M' 'M' 'M' 'U' 'M' 'M' 'U' 'M' 'M' 'M'
 'M' 'A' 'U' 'M' 'M' 'U' 'U' 'M' 'M' 'M' 'M' 'M' 'A' 'M' 'M' 'M' 'M' 'U'
 'M' 'U' 'M' 'M' 'M' 'U' 'M' 'U' 'M' 'M' 'U' 'M' 'M' 'U' 'M' 'M' 'M' 'U']"
134001,0,159,6,153,39,0,0,"['A' 'M' 'M' 'M' 'M' 'M' 'M' 'U' 'U' 'M' 'M' 'M' 'M' 'U' 'M' 'M' 'M' 'A'
 'M' 'M' 'M' 'M' 'M' 'M' 'M' 'M' 'M' 'M' 'M' 'M' 'M' 'U' 'M' 'M' 'M' 'M'
 'M' 'M' 'M' 'M' 'U' 'M' 'M' 'M' 'M' 'U' 'M' 'M' 'M' 'M' 'M' 'M' 'M' 'M'
 'U' 'M' 'M' 'M' 'M' 'M' 'M' 'U' 'M' 'M' 'M' 'M' 'M' 'M' 'U' 'M' 'M' 'U'
 'U' 'M' 'M' 'M' 'M' 'U' 'M' 'M' 'M' 'M' 'M' 'M' 'U' 'M' 'M' 'M' 'M' 'M'
 'M' 'M' 'M' 'M' 'M' 'M' 'M' 'M' 'M' 'M' 'M' 'M' 'M' 'M' 'U' 'M' 'M' 'M'
 'M' 'M' 'M' 'M' 'M' 'M' 'M' 'M' 'M' 'U' 'M' 'M' 'M' 'U' 'U' 'M' 'M' 'M'
 'A' 'U' 'M' 'M' 'M' 'U' 'U' 'U' 'U' 'U' 'A' 'U' 'U' 'U' 'M' 'M' 'M' 'M'
 'U' 'U' 'M' 'M' 'U' 'U' 'M' 'M' 'M' 'M' 'M' 'M' 'M' 'M' 'U' 'M' 'M' 'M'
 'M' 'U' 'U' 'M' 'M' 'U' 'U' 'M' 'M' 'M' 'M' 'M' 'A' 'M' 'M' 'M' 'M' 'U'
 'M' 'A' 'M' 'M' 'M' 'U' 'M' 'U' 'M' 'M' 'U' 'M' 'M' 'M' 'M' 'M' 'M' 'M']"
134101,0,154,7,147,44,0,0,"['A' 'M' 'M' 'M' 'M' 'M' 'M' 'U' 'M' 'M' 'M' 'M' 'M' 'U' 'M' 'U' 'M' 'A'
 'M' 'M' 'M' 'M' 'M' 'M' 'M' 'M' 'M' 'M' 'M' 'M' 'M' 'U' 'M' 'M' 'M' 'M'
 'M' 'M' 'M' 'M' 'M' 'M' 'M' 'M' 'U' 'U' 'M' 'M' 'M' 'M' 'M' 'M' 'M' 'M'
 'U' 'M' 'U' 'M' 'M' 'M' 'U' 'U' 'U' 'M' 'M' 'M' 'M' 'U' 'M' 'M' 'U' 'U'
 'M' 'M' 'M' 'M' 'M' 'M' 'M' 'M' 'M' 'M' 'M' 'U' 'M' 'M' 'M' 'U' 'M' 'M'
 'M' 'M' 'M' 'M' 'M' 'M' 'M' 'M' 'M' 'M' 'M' 'A' 'M' 'M' 'U' 'M' 'M' 'M'
 'M' 'M' 'M' 'M' 'M' 'M' 'M' 'M' 'M' 'U' 'M' 'M' 'M' 'M' 'U' 'M' 'M' 'M'
 'A' 'U' 'M' 'M' 'M' 'U' 'U' 'M' 'U' 'U' 'A' 'U' 'U' 'U' 'M' 'M' 'M' 'M'
 'M' 'U' 'M' 'M' 'U' 'U' 'M' 'M' 'M' 'M' 'U' 'M' 'M' 'M' 'U' 'M' 'M' 'M'
 'M' 'U' 'U' 'M' 'M' 'U' 'U' 'M' 'U' 'U' 'M' 'M' 'U' 'M' 'U' 'M' 'M' 'U'
 'M' 'A' 'M' 'M' 'M' 'U' 'M' 'U' 'M' 'M' 'A' 'M' 'U' 'M' 'M' 'M' 'M' 'M']"
134201,0,155,4,151,43,0,0,"['A' 'M' 'M' 'M' 'U' 'M' 'M' 'U' 'M' 'M' 'M' 'M' 'M' 'U' 'M' 'M' 'M' 'U'
 'M' 'M' 'M' 'M' 'M' 'M' 'M' 'M' 'M' 'M' 'M' 'M' 'M' 'U' 'M' 'M' 'M' 'M'
 'U' 'M' 'M' 'M' 'M' 'M' 'M' 'M' 'U' 'U' 'M' 'M' 'M' 'M' 'M' 'M' 'M' 'M'
 'U' 'M' 'U' 'M' 'M' 'M' 'U' 'M' 'U' 'M' 'M' 'M' 'U' 'M' 'M' 'U' 'M' 'M'
 'M' 'M' 'M' 'M' 'M' 'M' 'M' 'M' 'U' 'U' 'M' 'U' 'M' 'M' 'M' 'M' 'M' 'M'
 'M' 'M' 'M' 'M' 'M' 'M' 'M' 'M' 'M' 'M' 'M' 'U' 'M' 'M' 'U' 'M' 'M' 'M'
 'M' 'M' 'M' 'M' 'M' 'M' 'M' 'M' 'M' 'M' 'M' 'M' 'M' 'M' 'M' 'M' 'M' 'M'
 'A' 'M' 'M' 'M' 'M' 'U' 'U' 'U' 'U' 'U' 'U' 'U' 'U' 'M' 'M' 'M' 'M' 'M'
 'M' 'U' 'M' 'M' 'U' 'U' 'M' 'M' 'M' 'M' 'U' 'M' 'U' 'M' 'U' 'M' 'M' 'M'
 'M' 'U' 'U' 'M' 'M' 'U' 'U' 'M' 'M' 'U' 'M' 'M' 'U' 'M' 'U' 'M' 'M' 'U'
 'M' 'A' 'M' 'M' 'M' 'M' 'U' 'U' 'M' 'M' 'A' 'M' 'M' 'M' 'M' 'M' 'M' 'M']"
134301,0,156,3,153,42,0,0,"['A' 'M' 'M' 'M' 'U' 'M' 'M' 'U' 'M' 'M' 'M' 'M' 'M' 'U' 'M' 'M' 'M' 'U'
 'M' 'M' 'M' 'M' 'M' 'M' 'U' 'M' 'M' 'M' 'M' 'M' 'U' 'U' 'M' 'M' 'M' 'M'
 'U' 'M' 'M' 'M' 'M' 'M' 'M' 'M' 'M' 'M' 'M' 'M' 'M' 'M' 'M' 'M' 'M' 'M'
 'M' 'M' 'M' 'M' 'M' 'M' 'U' 'M' 'U' 'U' 'M' 'U' 'M' 'U' 'U' 'M' 'M' 'M'
 'M' 'M' 'M' 'M' 'M' 'M' 'M' 'M' 'M' 'M' 'M' 'U' 'M' 'M' 'M' 'M' 'M' 'M'
 'M' 'M' 'U' 'M' 'M' 'M' 'M' 'M' 'M' 'M' 'M' 'U' 'M' 'M' 'U' 'M' 'U' 'M'
 'M' 'M' 'M' 'M' 'M' 'M' 'M' 'M' 'M' 'M' 'M' 'M' 'M' 'M' 'M' 'U' 'M' 'M'
 'U' 'M' 'M' 'M' 'M' 'A' 'U' 'U' 'U' 'U' 'U' 'U' 'M' 'M' 'M' 'M' 'M' 'M'
 'M' 'M' 'M' 'M' 'U' 'U' 'M' 'M' 'M' 'M' 'M' 'M' 'U' 'M' 'U' 'M' 'M' 'M'
 'M' 'U' 'U' 'M' 'M' 'U' 'U' 'M' 'M' 'U' 'M' 'M' 'U' 'M' 'M' 'M' 'M' 'U'
 'M' 'A' 'M' 'M' 'M' 'M' 'U' 'U' 'M' 'U' 'U' 'M' 'M' 'M' 'M' 'M' 'M' 'M']"
134401,0,151,3,148,47,0,0,"['A' 'M' 'M' 'M' 'U' 'M' 'M' 'U' 'M' 'M' 'M' 'M' 'M' 'U' 'M' 'M' 'M' 'U'
 'M' 'M' 'M' 'M' 'M' 'U' 'U' 'M' 'M' 'M' 'M' 'M' 'U' 'U' 'M' 'M' 'M' 'M'
 'U' 'M' 'M' 'M' 'M' 'M' 'M' 'M' 'M' 'M' 'M' 'M' 'M' 'M' 'M' 'M' 'M' 'M'
 'M' 'M' 'M' 'M' 'M' 'M' 'M' 'M' 'U' 'U' 'M' 'M' 'U' 'M' 'M' 'M' 'M' 'M'
 'M' 'M' 'M' 'U' 'M' 'M' 'M' 'M' 'M' 'M' 'M' 'M' 'M' 'M' 'U' 'M' 'M' 'M'
 'M' 'M' 'U' 'M' 'U' 'M' 'U' 'U' 'M' 'M' 'M' 'M' 'M' 'M' 'M' 'M' 'M' 'M'
 'M' 'M' 'M' 'M' 'M' 'U' 'M' 'M' 'M' 'U' 'M' 'M' 'M' 'M' 'M' 'U' 'M' 'M'
 'A' 'M' 'M' 'M' 'U' 'U' 'U' 'U' 'U' 'U' 'U' 'U' 'U' 'M' 'U' 'M' 'M' 'M'
 'U' 'M' 'M' 'M' 'U' 'M' 'M' 'M' 'M' 'U' 'M' 'M' 'U' 'M' 'U' 'M' 'M' 'M'
 'M' 'U' 'U' 'M' 'M' 'U' 'U' 'M' 'M' 'U' 'U' 'M' 'U' 'M' 'M' 'M' 'M' 'U'
 'M' 'A' 'M' 'M' 'M' 'M' 'U' 'U' 'M' 'M' 'U' 'M' 'M' 'M' 'M' 'M' 'M' 'M']"
134501,0,161,3,158,37,0,1,"['A' 'M' 'M' 'M' 'U' 'M' 'M' 'U' 'M' 'M' 'M' 'M' 'M' 'M' 'M' 'M' 'M' 'M'
 'M' 'M' 'M' 'M' 'M' 'M' 'U' 'M' 'M' 'M' 'M' 'M' 'U' 'M' 'M' 'M' 'M' 'M'
 'U' 'M' 'M' 'M' 'M' 'M' 'M' 'M' 'M' 'M' 'M' 'M' 'M' 'M' 'M' 'M' 'M' 'M'
 'M' 'M' 'M' 'M' 'M' 'M' 'M' 'M' 'U' 'U' 'M' 'M' 'M' 'U' 'M' 'M' 'U' 'U'
 'M' 'U' 'M' 'M' 'M' 'M' 'M' 'M' 'M' 'M' 'M' 'M' 'M' 'U' 'M' 'M' 'M' 'M'
 'M' 'M' 'M' 'M' 'M' 'M' 'U' 'U' 'M' 'M' 'M' 'M' 'M' 'U' 'M' 'M' 'U' 'M'
 'M' 'M' 'M' 'M' 'M' 'M' 'M' 'M' 'M' 'U' 'U' 'M' 'M' 'M' 'M' 'U' 'M' 'M'
 'A' 'M' 'M' 'M' 'U' 'M' 'U' 'U' 'U' 'U' 'U' 'U' 'M' 'M' 'M' 'M' 'M' 'M'
 'U' 'M' 'M' 'M' 'U' 'M' 'M' 'M' 'M' 'M' 'M' 'M' 'M' 'M' 'U' 'M' 'M' 'M'
 'M' 'U' 'M' 'M' 'M' 'U' 'M' 'M' 'M' 'U' 'M' 'M' 'U' 'M' 'M' 'M' 'U' 'U'
 'M' 'A' 'M' 'M' 'M' 'M' 'M' 'U' 'M' 'M' 'U' 'M' 'M' 'M' 'M' 'M' 'M' 'M']"
134601,0,157,2,155,41,0,0,"['A' 'M' 'M' 'M' 'U' 'M' 'M' 'M' 'U' 'M' 'M' 'M' 'M' 'M' 'M' 'M' 'M' 'M'
 'M' 'M' 'M' 'M' 'M' 'M' 'U' 'M' 'M' 'M' 'M' 'M' 'U' 'M' 'M' 'M' 'M' 'M'
 'U' 'U' 'M' 'M' 'M' 'M' 'M' 'M' 'M' 'U' 'M' 'M' 'M' 'U' 'M' 'M' 'M' 'M'
 'M' 'M' 'M' 'M' 'M' 'M' 'M' 'M' 'M' 'M' 'M' 'M' 'U' 'M' 'M' 'M' 'U' 'M'
 'M' 'M' 'M' 'M' 'M' 'U' 'M' 'M' 'M' 'M' 'M' 'M' 'M' 'M' 'M' 'U' 'M' 'M'
 'M' 'U' 'M' 'M' 'M' 'M' 'U' 'U' 'M' 'M' 'M' 'M' 'U' 'U' 'M' 'M' 'U' 'M'
 'M' 'M' 'M' 'M' 'M' 'M' 'M' 'M' 'M' 'U' 'U' 'M' 'M' 'M' 'M' 'U' 'U' 'M'
 'A' 'M' 'M' 'M' 'U' 'M' 'U' 'U' 'M' 'U' 'U' 'U' 'M' 'M' 'M' 'M' 'M' 'M'
 'M' 'M' 'U' 'M' 'U' 'U' 'M' 'M' 'M' 'M' 'M' 'M' 'M' 'U' 'M' 'M' 'M' 'M'
 'M' 'U' 'M' 'M' 'M' 'U' 'M' 'M' 'M' 'M' 'M' 'M' 'U' 'M' 'M' 'U' 'U' 'U'
 'M' 'U' 'M' 'M' 'M' 'M' 'M' 'U' 'M' 'M' 'U' 'M' 'M' 'M' 'M' 'M' 'M' 'M']"
134701,0,160,3,157,38,0,0,"['A' 'M' 'M' 'M' 'U' 'M' 'M' 'M' 'U' 'M' 'U' 'M' 'M' 'M' 'M' 'M' 'M' 'M'
 'M' 'U' 'M' 'M' 'M' 'M' 'U' 'M' 'M' 'M' 'M' 'M' 'M' 'M' 'M' 'M' 'M' 'M'
 'U' 'U' 'M' 'M' 'M' 'M' 'M' 'M' 'M' 'M' 'M' 'M' 'M' 'U' 'M' 'M' 'M' 'M'
 'M' 'M' 'M' 'M' 'M' 'M' 'M' 'M' 'M' 'M' 'M' 'M' 'M' 'U' 'U' 'M' 'M' 'M'
 'M' 'M' 'M' 'M' 'M' 'M' 'U' 'M' 'M' 'M' 'M' 'U' 'M' 'M' 'M' 'M' 'M' 'U'
 'M' 'M' 'M' 'M' 'M' 'M' 'M' 'U' 'M' 'M' 'M' 'M' 'U' 'M' 'M' 'M' 'U' 'M'
 'M' 'M' 'M' 'M' 'M' 'U' 'M' 'M' 'M' 'U' 'M' 'M' 'M' 'M' 'M' 'U' 'M' 'M'
 'A' 'U' 'M' 'M' 'U' 'M' 'U' 'U' 'M' 'U' 'M' 'U' 'M' 'M' 'M' 'M' 'U' 'M'
 'M' 'M' 'A' 'M' 'U' 'U' 'M' 'M' 'M' 'M' 'M' 'M' 'M' 'M' 'M' 'M' 'M' 'M'
 'M' 'U' 'M' 'M' 'M' 'U' 'M' 'M' 'U' 'M' 'M' 'M' 'M' 'M' 'M' 'U' 'U' 'U'
 'M' 'U' 'M' 'M' 'M' 'M' 'M' 'U' 'U' 'M' 'U' 'M' 'M' 'M' 'M' 'M' 'M' 'M']"
134801,0,163,5,158,35,0,1,"['A' 'M' 'M' 'M' 'U' 'M' 'M' 'M' 'M' 'U' 'U' 'M' 'M' 'M' 'M' 'M' 'U' 'M'
 'M' 'U' 'M' 'M' 'M' 'M' 'U' 'M' 'M' 'M' 'M' 'M' 'M' 'M' 'M' 'M' 'M' 'M'
 'U' 'U' 'M' 'M' 'M' 'M' 'M' 'M' 'M' 'M' 'M' 'M' 'M' 'U' 'M' 'M' 'M' 'M'
 'M' 'M' 'M' 'A' 'M' 'M' 'M' 'M' 'M' 'M' 'M' 'M' 'M' 'M' 'M' 'M' 'M' 'M'
 'M' 'M' 'M' 'M' 'U' 'M' 'M' 'U' 'M' 'M' 'M' 'M' 'M' 'U' 'M' 'M' 'M' 'M'
 'M' 'U' 'M' 'M' 'U' 'U' 'M' 'U' 'M' 'M' 'M' 'M' 'M' 'M' 'M' 'M' 'U' 'M'
 'M' 'M' 'M' 'U' 'M' 'M' 'M' 'M' 'M' 'U' 'M' 'M' 'U' 'M' 'M' 'U' 'M' 'M'
 'A' 'A' 'M' 'M' 'U' 'M' 'U' 'M' 'M' 'M' 'M' 'U' 'M' 'M' 'M' 'M' 'U' 'M'
 'M' 'M' 'A' 'M' 'U' 'M' 'M' 'M' 'M' 'M' 'M' 'M' 'M' 'M' 'M' 'M' 'M' 'M'
 'M' 'U' 'M' 'M' 'M' 'U' 'M' 'M' 'M' 'M' 'U' 'M' 'M' 'M' 'M' 'U' 'M' 'U'
 'M' 'M' 'M' 'M' 'M' 'M' 'M' 'U' 'U' 'U' 'U' 'M' 'M' 'M' 'M' 'M' 'M' 'M']"
134901,1,157,5,152,41,0,0,"['A' 'M' 'M' 'M' 'U' 'M' 'M' 'M' 'M' 'U' 'U' 'M' 'M' 'M' 'M' 'M' 'U' 'M'
 'M' 'U' 'M' 'M' 'M' 'M' 'U' 'M' 'M' 'U' 'M' 'M' 'M' 'M' 'M' 'M' 'M' 'M'
 'U' 'U' 'M' 'M' 'M' 'M' 'U' 'M' 'M' 'M' 'M' 'M' 'M' 'M' 'U' 'M' 'M' 'M'
 'M' 'M' 'M' 'A' 'M' 'M' 'M' 'M' 'M' 'U' 'M' 'M' 'M' 'M' 'U' 'M' 'M' 'M'
 'M' 'M' 'M' 'M' 'M' 'M' 'U' 'M' 'M' 'M' 'M' 'U' 'M' 'M' 'U' 'M' 'M' 'M'
 'M' 'M' 'M' 'M' 'U' 'U' 'U' 'U' 'M' 'M' 'M' 'M' 'M' 'M' 'M' 'M' 'M' 'M'
 'U' 'M' 'M' 'U' 'M' 'M' 'M' 'M' 'M' 'M' 'M' 'M' 'M' 'M' 'M' 'U' 'M' 'M'
 'A' 'A' 'M' 'M' 'U' 'U' 'U' 'M' 'U' 'U' 'U' 'M' 'U' 'U' 'M' 'M' 'U' 'M'
 'M' 'M' 'A' 'M' 'M' 'M' 'M' 'M' 'M' 'U' 'M' 'M' 'M' 'M' 'M' 'M' 'M' 'M'
 'M' 'U' 'M' 'M' 'M' 'U' 'M' 'U' 'M' 'M' 'U' 'M' 'M' 'M' 'M' 'M' 'M' 'M'
 'M' 'M' 'M' 'M' 'M' 'M' 'M' 'M' 'U' 'U' 'U' 'U' 'M' 'M' 'M' 'M' 'M' 'M']"
135001,0,157,4,153,41,0,0,"['A' 'M' 'M' 'M' 'U' 'U' 'M' 'M' 'M' 'U' 'U' 'M' 'M' 'M' 'M' 'M' 'M' 'M'
 'M' 'U' 'M' 'M' 'M' 'M' 'U' 'M' 'M' 'M' 'M' 'M' 'M' 'M' 'U' 'M' 'M' 'M'
 'M' 'U' 'M' 'M' 'M' 'M' 'U' 'M' 'M' 'U' 'U' 'M' 'M' 'M' 'U' 'M' 'M' 'M'
 'M' 'M' 'U' 'A' 'M' 'M' 'M' 'M' 'M' 'U' 'U' 'M' 'U' 'M' 'M' 'M' 'M' 'M'
 'M' 'M' 'M' 'M' 'M' 'M' 'M' 'M' 'U' 'U' 'M' 'M' 'M' 'U' 'M' 'M' 'M' 'M'
 'M' 'M' 'M' 'U' 'M' 'M' 'M' 'U' 'M' 'M' 'M' 'M' 'M' 'M' 'M' 'M' 'M' 'M'
 'U' 'M' 'M' 'U' 'M' 'M' 'M' 'M' 'M' 'M' 'M' 'M' 'M' 'M' 'M' 'U' 'M' 'M'
 'A' 'A' 'M' 'M' 'U' 'U' 'U' 'U' 'M' 'U' 'U' 'M' 'U' 'U' 'M' 'M' 'M' 'M'
 'M' 'M' 'U' 'M' 'M' 'M' 'M' 'M' 'M' 'M' 'M' 'M' 'M' 'M' 'M' 'M' 'M' 'M'
 'M' 'U' 'M' 'M' 'U' 'U' 'M' 'M' 'M' 'M' 'U' 'M' 'M' 'M' 'M' 'M' 'M' 'M'
 'M' 'M' 'M' 'M' 'M' 'M' 'M' 'M' 'U' 'U' 'U' 'U' 'M' 'M' 'M' 'M' 'M' 'M']"
135101,1,151,5,146,47,0,0,"['A' 'M' 'M' 'M' 'M' 'A' 'M' 'M' 'M' 'U' 'U' 'U' 'M' 'M' 'M' 'M' 'M' 'M'
 'M' 'U' 'M' 'M' 'M' 'M' 'U' 'M' 'M' 'M' 'U' 'M' 'M' 'M' 'U' 'M' 'M' 'M'
 'M' 'U' 'M' 'M' 'M' 'M' 'M' 'M' 'M' 'U' 'U' 'M' 'M' 'M' 'U' 'M' 'M' 'M'
 'M' 'M' 'U' 'A' 'M' 'M' 'M' 'M' 'M' 'U' 'U' 'M' 'U' 'M' 'M' 'M' 'M' 'M'
 'M' 'U' 'M' 'M' 'M' 'M' 'M' 'M' 'M' 'U' 'M' 'M' 'M' 'M' 'M' 'M' 'M' 'M'
 'M' 'U' 'U' 'M' 'M' 'M' 'M' 'M' 'M' 'M' 'U' 'M' 'M' 'M' 'M' 'M' 'M' 'M'
 'U' 'U' 'U' 'M' 'M' 'M' 'M' 'M' 'M' 'M' 'M' 'M' 'M' 'M' 'M' 'U' 'M' 'M'
 'A' 'A' 'M' 'M' 'U' 'U' 'U' 'U' 'U' 'U' 'U' 'U' 'U' 'U' 'M' 'M' 'M' 'M'
 'M' 'M' 'U' 'M' 'M' 'M' 'M' 'U' 'M' 'M' 'M' 'M' 'M' 'M' 'M' 'M' 'U' 'M'
 'M' 'U' 'M' 'M' 'U' 'U' 'M' 'M' 'M' 'U' 'U' 'M' 'M' 'M' 'M' 'M' 'U' 'M'
 'M' 'M' 'M' 'U' 'M' 'M' 'M' 'M' 'U' 'U' 'U' 'M' 'M' 'M' 'M' 'M' 'M' 'M']"
135201,1,158,4,154,40,0,0,"['A' 'M' 'M' 'M' 'M' 'A' 'M' 'M' 'M' 'U' 'M' 'U' 'M' 'M' 'M' 'M' 'M' 'M'
 'U' 'U' 'M' 'M' 'M' 'M' 'M' 'M' 'M' 'M' 'M' 'M' 'M' 'M' 'U' 'M' 'M' 'M'
 'M' 'M' 'M' 'M' 'M' 'M' 'M' 'M' 'M' 'U' 'U' 'M' 'M' 'M' 'M' 'M' 'M' 'M'
 'M' 'M' 'U' 'M' 'M' 'U' 'M' 'M' 'M' 'U' 'U' 'M' 'M' 'M' 'M' 'M' 'M' 'M'
 'U' 'U' 'M' 'M' 'M' 'M' 'M' 'U' 'M' 'M' 'M' 'U' 'M' 'M' 'M' 'M' 'M' 'M'
 'M' 'U' 'M' 'M' 'M' 'M' 'M' 'M' 'M' 'M' 'U' 'U' 'M' 'M' 'M' 'M' 'M' 'M'
 'U' 'U' 'U' 'M' 'M' 'M' 'M' 'M' 'M' 'M' 'M' 'M' 'M' 'M' 'M' 'M' 'M' 'M'
 'A' 'A' 'M' 'M' 'U' 'U' 'U' 'U' 'U' 'U' 'U' 'U' 'U' 'M' 'M' 'M' 'M' 'M'
 'M' 'M' 'M' 'M' 'M' 'M' 'M' 'U' 'M' 'M' 'M' 'M' 'M' 'M' 'M' 'M' 'U' 'M'
 'M' 'M' 'M' 'M' 'M' 'M' 'M' 'M' 'M' 'U' 'U' 'M' 'M' 'M' 'M' 'M' 'U' 'M'
 'M' 'M' 'M' 'U' 'M' 'M' 'M' 'M' 'U' 'U' 'U' 'U' 'M' 'M' 'M' 'M' 'M' 'M']"
135301,0,159,6,153,39,0,1,"['A' 'M' 'M' 'M' 'M' 'U' 'M' 'U' 'M' 'U' 'M' 'U' 'M' 'M' 'M' 'M' 'U' 'M'
 'U' 'U' 'M' 'M' 'M' 'M' 'M' 'M' 'M' 'M' 'M' 'M' 'M' 'M' 'U' 'U' 'M' 'M'
 'M' 'M' 'M' 'M' 'M' 'U' 'M' 'M' 'M' 'A' 'A' 'M' 'M' 'M' 'M' 'M' 'M' 'M'
 'M' 'M' 'U' 'M' 'M' 'M' 'M' 'M' 'M' 'A' 'M' 'U' 'M' 'M' 'M' 'M' 'U' 'M'
 'M' 'U' 'M' 'U' 'M' 'M' 'M' 'M' 'M' 'M' 'M' 'M' 'M' 'M' 'M' 'M' 'M' 'M'
 'M' 'M' 'M' 'M' 'U' 'M' 'M' 'M' 'M' 'M' 'U' 'U' 'M' 'M' 'M' 'M' 'M' 'M'
 'U' 'U' 'U' 'M' 'M' 'M' 'M' 'M' 'M' 'M' 'M' 'M' 'M' 'M' 'M' 'M' 'M' 'M'
 'A' 'A' 'M' 'M' 'U' 'U' 'U' 'U' 'U' 'U' 'U' 'U' 'U' 'M' 'M' 'M' 'M' 'M'
 'M' 'M' 'M' 'M' 'M' 'M' 'M' 'U' 'M' 'M' 'M' 'M' 'M' 'M' 'M' 'U' 'U' 'M'
 'M' 'M' 'M' 'M' 'M' 'M' 'M' 'M' 'M' 'U' 'U' 'M' 'M' 'M' 'M' 'U' 'U' 'M'
 'M' 'M' 'M' 'M' 'M' 'M' 'M' 'M' 'M' 'M' 'U' 'U' 'M' 'M' 'M' 'M' 'M' 'M']"
135401,0,154,5,149,44,0,1,"['A' 'M' 'M' 'M' 'M' 'U' 'M' 'U' 'M' 'U' 'M' 'U' 'M' 'M' 'M' 'M' 'U' 'M'
 'M' 'U' 'M' 'M' 'M' 'M' 'M' 'M' 'U' 'M' 'M' 'M' 'M' 'M' 'U' 'U' 'M' 'M'
 'M' 'M' 'M' 'M' 'M' 'U' 'M' 'M' 'M' 'A' 'U' 'M' 'M' 'M' 'M' 'M' 'U' 'M'
 'M' 'M' 'U' 'M' 'M' 'M' 'M' 'M' 'M' 'A' 'M' 'M' 'M' 'M' 'M' 'M' 'M' 'U'
 'M' 'M' 'M' 'U' 'M' 'M' 'M' 'U' 'M' 'M' 'U' 'M' 'U' 'M' 'M' 'M' 'M' 'M'
 'M' 'M' 'M' 'M' 'M' 'M' 'M' 'M' 'M' 'M' 'U' 'M' 'M' 'M' 'M' 'M' 'M' 'M'
 'U' 'M' 'U' 'M' 'M' 'M' 'U' 'M' 'M' 'M' 'M' 'M' 'M' 'M' 'M' 'M' 'M' 'M'
 'A' 'A' 'M' 'M' 'U' 'U' 'U' 'U' 'U' 'U' 'U' 'U' 'U' 'M' 'M' 'M' 'U' 'M'
 'M' 'M' 'M' 'M' 'U' 'M' 'M' 'U' 'M' 'M' 'M' 'M' 'M' 'M' 'M' 'U' 'U' 'M'
 'M' 'M' 'M' 'M' 'M' 'M' 'M' 'M' 'M' 'U' 'M' 'M' 'M' 'U' 'M' 'U' 'U' 'M'
 'M' 'M' 'M' 'M' 'M' 'M' 'U' 'M' 'M' 'M' 'U' 'U' 'U' 'M' 'M' 'M' 'M' 'M']"
135501,0,155,4,151,43,0,0,"['A' 'M' 'M' 'M' 'M' 'M' 'M' 'M' 'M' 'U' 'M' 'M' 'M' 'M' 'M' 'M' 'U' 'M'
 'M' 'M' 'M' 'M' 'M' 'M' 'M' 'M' 'U' 'M' 'U' 'M' 'M' 'U' 'U' 'U' 'M' 'M'
 'M' 'M' 'M' 'M' 'M' 'U' 'U' 'M' 'U' 'U' 'U' 'M' 'M' 'M' 'M' 'M' 'M' 'M'
 'M' 'M' 'A' 'U' 'M' 'M' 'M' 'M' 'M' 'A' 'M' 'M' 'M' 'M' 'U' 'M' 'U' 'M'
 'M' 'M' 'M' 'M' 'M' 'M' 'M' 'U' 'M' 'M' 'M' 'M' 'M' 'M' 'M' 'M' 'M' 'M'
 'M' 'U' 'M' 'U' 'M' 'U' 'M' 'M' 'M' 'M' 'U' 'M' 'M' 'M' 'M' 'U' 'M' 'M'
 'U' 'M' 'U' 'M' 'M' 'M' 'U' 'M' 'M' 'M' 'M' 'M' 'M' 'M' 'M' 'M' 'M' 'M'
 'U' 'A' 'M' 'M' 'U' 'U' 'U' 'U' 'U' 'U' 'M' 'U' 'U' 'M' 'M' 'M' 'U' 'M'
 'M' 'M' 'M' 'M' 'U' 'M' 'M' 'M' 'M' 'M' 'M' 'M' 'M' 'M' 'M' 'U' 'U' 'M'
 'M' 'M' 'M' 'M' 'M' 'M' 'M' 'M' 'M' 'M' 'M' 'M' 'M' 'U' 'M' 'M' 'U' 'M'
 'M' 'M' 'M' 'M' 'M' 'M' 'U' 'M' 'M' 'M' 'U' 'U' 'U' 'M' 'M' 'M' 'M' 'M']"
135601,0,152,5,147,46,0,0,"['A' 'U' 'M' 'M' 'M' 'M' 'M' 'M' 'M' 'U' 'M' 'M' 'M' 'M' 'M' 'M' 'U' 'M'
 'M' 'U' 'M' 'M' 'M' 'M' 'M' 'M' 'U' 'M' 'U' 'M' 'M' 'U' 'U' 'U' 'M' 'M'
 'M' 'M' 'M' 'M' 'M' 'M' 'U' 'M' 'M' 'U' 'M' 'M' 'M' 'M' 'M' 'M' 'M' 'M'
 'M' 'M' 'A' 'M' 'M' 'M' 'M' 'U' 'U' 'A' 'M' 'M' 'M' 'U' 'M' 'M' 'M' 'M'
 'M' 'U' 'M' 'M' 'M' 'M' 'U' 'M' 'M' 'M' 'U' 'M' 'M' 'M' 'M' 'M' 'M' 'M'
 'M' 'U' 'M' 'M' 'M' 'U' 'M' 'M' 'M' 'M' 'M' 'M' 'U' 'M' 'M' 'U' 'M' 'M'
 'M' 'M' 'U' 'M' 'M' 'M' 'U' 'M' 'M' 'M' 'M' 'U' 'M' 'M' 'M' 'M' 'M' 'M'
 'U' 'A' 'M' 'M' 'U' 'U' 'U' 'U' 'U' 'U' 'U' 'U' 'U' 'M' 'M' 'M' 'U' 'M'
 'M' 'M' 'M' 'M' 'U' 'M' 'M' 'U' 'M' 'M' 'M' 'M' 'M' 'M' 'M' 'A' 'U' 'M'
 'M' 'M' 'M' 'M' 'M' 'M' 'M' 'M' 'M' 'M' 'M' 'M' 'M' 'M' 'M' 'M' 'U' 'M'
 'M' 'M' 'M' 'M' 'U' 'M' 'U' 'M' 'M' 'M' 'U' 'U' 'U' 'U' 'M' 'M' 'U' 'M']"
135701,0,157,5,152,41,0,0,"['A' 'U' 'M' 'M' 'M' 'M' 'M' 'M' 'M' 'M' 'M' 'M' 'U' 'M' 'M' 'M' 'U' 'M'
 'M' 'U' 'M' 'M' 'M' 'U' 'M' 'U' 'U' 'M' 'U' 'M' 'M' 'U' 'U' 'U' 'M' 'M'
 'M' 'M' 'M' 'M' 'M' 'M' 'U' 'M' 'M' 'U' 'M' 'M' 'M' 'M' 'U' 'M' 'U' 'M'
 'M' 'M' 'A' 'M' 'M' 'M' 'M' 'M' 'U' 'A' 'M' 'U' 'M' 'M' 'M' 'M' 'U' 'M'
 'M' 'M' 'M' 'M' 'M' 'M' 'M' 'U' 'M' 'M' 'M' 'M' 'M' 'U' 'M' 'M' 'U' 'M'
 'M' 'M' 'M' 'M' 'M' 'M' 'M' 'M' 'M' 'M' 'U' 'M' 'M' 'M' 'M' 'U' 'M' 'M'
 'M' 'M' 'U' 'M' 'M' 'M' 'M' 'M' 'M' 'M' 'M' 'U' 'M' 'M' 'M' 'M' 'M' 'M'
 'U' 'A' 'M' 'M' 'U' 'M' 'M' 'U' 'U' 'M' 'M' 'U' 'M' 'M' 'M' 'M' 'M' 'M'
 'U' 'M' 'M' 'M' 'U' 'M' 'M' 'U' 'M' 'M' 'M' 'M' 'M' 'M' 'M' 'A' 'U' 'M'
 'M' 'M' 'M' 'M' 'M' 'M' 'M' 'M' 'M' 'M' 'M' 'M' 'M' 'M' 'M' 'M' 'U' 'M'
 'M' 'M' 'M' 'M' 'U' 'M' 'U' 'M' 'M' 'M' 'U' 'M' 'U' 'U' 'M' 'M' 'U' 'M']"
135801,0,161,5,156,37,0,1,"['A' 'M' 'M' 'M' 'M' 'M' 'M' 'M' 'M' 'M' 'M' 'M' 'M' 'M' 'M' 'M' 'U' 'M'
 'M' 'U' 'M' 'M' 'M' 'M' 'M' 'U' 'U' 'M' 'M' 'U' 'M' 'U' 'U' 'U' 'M' 'M'
 'M' 'M' 'M' 'M' 'M' 'M' 'U' 'M' 'M' 'U' 'M' 'M' 'M' 'M' 'U' 'M' 'U' 'M'
 'M' 'U' 'A' 'M' 'M' 'M' 'M' 'U' 'U' 'A' 'M' 'M' 'M' 'U' 'M' 'M' 'M' 'M'
 'M' 'M' 'M' 'U' 'M' 'M' 'M' 'U' 'M' 'U' 'M' 'M' 'M' 'M' 'M' 'M' 'M' 'M'
 'M' 'U' 'M' 'M' 'M' 'M' 'M' 'M' 'M' 'M' 'M' 'M' 'M' 'M' 'M' 'M' 'M' 'M'
 'M' 'M' 'U' 'M' 'M' 'M' 'M' 'M' 'M' 'M' 'M' 'U' 'M' 'M' 'M' 'M' 'U' 'M'
 'U' 'A' 'M' 'M' 'U' 'M' 'M' 'M' 'M' 'M' 'M' 'U' 'M' 'M' 'M' 'M' 'M' 'M'
 'U' 'U' 'M' 'M' 'U' 'M' 'M' 'U' 'M' 'M' 'M' 'M' 'M' 'M' 'M' 'A' 'M' 'M'
 'U' 'M' 'M' 'M' 'M' 'M' 'M' 'M' 'M' 'M' 'M' 'M' 'M' 'M' 'M' 'M' 'U' 'M'
 'M' 'M' 'M' 'M' 'U' 'M' 'U' 'M' 'M' 'M' 'M' 'M' 'U' 'U' 'M' 'M' 'U' 'M']"
135901,0,161,5,156,37,0,0,"['A' 'U' 'M' 'M' 'M' 'M' 'M' 'M' 'M' 'M' 'M' 'M' 'M' 'M' 'M' 'M' 'U' 'M'
 'M' 'M' 'M' 'M' 'M' 'M' 'M' 'U' 'U' 'M' 'M' 'U' 'M' 'U' 'U' 'A' 'M' 'M'
 'M' 'M' 'M' 'M' 'M' 'M' 'U' 'M' 'M' 'M' 'U' 'M' 'M' 'M' 'U' 'M' 'U' 'M'
 'M' 'U' 'A' 'M' 'M' 'U' 'M' 'U' 'U' 'A' 'M' 'M' 'U' 'M' 'U' 'U' 'M' 'M'
 'M' 'M' 'M' 'M' 'M' 'U' 'M' 'M' 'M' 'M' 'M' 'M' 'M' 'M' 'M' 'M' 'M' 'M'
 'M' 'M' 'U' 'M' 'M' 'M' 'M' 'M' 'M' 'M' 'M' 'M' 'M' 'M' 'M' 'M' 'M' 'M'
 'M' 'M' 'M' 'M' 'M' 'M' 'M' 'M' 'M' 'M' 'M' 'U' 'M' 'M' 'M' 'M' 'U' 'M'
 'U' 'A' 'M' 'M' 'M' 'M' 'M' 'M' 'M' 'M' 'M' 'U' 'M' 'M' 'M' 'M' 'M' 'M'
 'U' 'U' 'M' 'M' 'U' 'U' 'M' 'U' 'M' 'M' 'M' 'M' 'M' 'M' 'M' 'U' 'M' 'M'
 'U' 'U' 'M' 'M' 'M' 'U' 'M' 'M' 'M' 'M' 'M' 'M' 'M' 'M' 'M' 'M' 'M' 'U'
 'M' 'M' 'M' 'M' 'M' 'M' 'U' 'M' 'M' 'M' 'M' 'M' 'U' 'U' 'M' 'M' 'M' 'M']"
136001,0,165,5,160,33,0,0,"['A' 'U' 'M' 'M' 'M' 'M' 'M' 'M' 'M' 'M' 'M' 'M' 'M' 'M' 'M' 'M' 'M' 'M'
 'M' 'M' 'M' 'M' 'M' 'M' 'M' 'U' 'U' 'M' 'M' 'U' 'M' 'M' 'U' 'A' 'M' 'M'
 'M' 'M' 'M' 'M' 'M' 'M' 'U' 'M' 'M' 'M' 'U' 'M' 'M' 'M' 'M' 'M' 'U' 'M'
 'M' 'M' 'A' 'M' 'M' 'U' 'M' 'U' 'M' 'U' 'M' 'M' 'U' 'M' 'M' 'M' 'U' 'M'
 'M' 'M' 'M' 'M' 'M' 'M' 'U' 'U' 'M' 'M' 'M' 'M' 'M' 'M' 'M' 'M' 'M' 'M'
 'M' 'M' 'M' 'U' 'M' 'M' 'M' 'M' 'M' 'M' 'M' 'M' 'M' 'M' 'M' 'M' 'U' 'M'
 'M' 'M' 'M' 'M' 'M' 'M' 'M' 'M' 'M' 'M' 'M' 'U' 'M' 'M' 'M' 'M' 'U' 'M'
 'U' 'A' 'M' 'M' 'M' 'M' 'M' 'M' 'M' 'M' 'M' 'M' 'M' 'M' 'M' 'M' 'M' 'M'
 'M' 'U' 'M' 'M' 'U' 'U' 'M' 'U' 'M' 'M' 'M' 'M' 'M' 'M' 'M' 'U' 'M' 'M'
 'U' 'U' 'M' 'M' 'M' 'U' 'M' 'M' 'M' 'M' 'A' 'M' 'M' 'M' 'M' 'M' 'M' 'U'
 'M' 'M' 'M' 'M' 'M' 'M' 'U' 'M' 'M' 'M' 'U' 'M' 'U' 'U' 'M' 'M' 'M' 'M']"
136101,0,161,6,155,37,1,0,"['A' 'M' 'M' 'M' 'M' 'M' 'M' 'M' 'M' 'M' 'M' 'M' 'M' 'M' 'M' 'U' 'M' 'M'
 'M' 'M' 'M' 'M' 'M' 'M' 'M' 'U' 'U' 'U' 'M' 'U' 'M' 'U' 'M' 'A' 'M' 'M'
 'M' 'M' 'M' 'M' 'M' 'M' 'U' 'M' 'M' 'M' 'U' 'M' 'U' 'M' 'M' 'M' 'A' 'M'
 'M' 'M' 'U' 'U' 'M' 'M' 'M' 'M' 'M' 'U' 'M' 'M' 'M' 'M' 'M' 'M' 'U' 'M'
 'M' 'M' 'M' 'U' 'U' 'M' 'M' 'M' 'M' 'U' 'M' 'M' 'U' 'M' 'M' 'M' 'M' 'M'
 'M' 'M' 'M' 'M' 'M' 'M' 'M' 'M' 'M' 'M' 'M' 'M' 'M' 'U' 'M' 'M' 'U' 'M'
 'M' 'M' 'M' 'M' 'M' 'M' 'M' 'M' 'M' 'M' 'M' 'U' 'U' 'M' 'M' 'M' 'U' 'U'
 'U' 'A' 'M' 'M' 'M' 'M' 'M' 'M' 'M' 'M' 'M' 'M' 'M' 'M' 'U' 'M' 'M' 'M'
 'M' 'A' 'M' 'M' 'M' 'U' 'M' 'U' 'M' 'M' 'M' 'M' 'M' 'M' 'M' 'U' 'M' 'M'
 'U' 'M' 'U' 'U' 'M' 'U' 'M' 'M' 'M' 'M' 'A' 'M' 'M' 'M' 'M' 'M' 'M' 'U'
 'M' 'M' 'M' 'M' 'M' 'M' 'U' 'M' 'M' 'M' 'U' 'M' 'U' 'U' 'M' 'M' 'M' 'M']"
136201,0,160,5,155,38,0,0,"['A' 'U' 'M' 'M' 'M' 'M' 'M' 'M' 'M' 'M' 'M' 'M' 'M' 'M' 'M' 'M' 'M' 'M'
 'M' 'M' 'M' 'M' 'M' 'M' 'M' 'U' 'U' 'U' 'M' 'U' 'M' 'U' 'M' 'U' 'M' 'M'
 'M' 'U' 'M' 'M' 'M' 'M' 'U' 'M' 'M' 'M' 'M' 'M' 'M' 'M' 'M' 'M' 'A' 'M'
 'M' 'M' 'U' 'U' 'M' 'M' 'M' 'M' 'M' 'U' 'M' 'M' 'M' 'M' 'M' 'M' 'M' 'M'
 'M' 'M' 'M' 'U' 'M' 'U' 'M' 'M' 'M' 'M' 'M' 'U' 'U' 'M' 'U' 'M' 'M' 'M'
 'M' 'M' 'M' 'M' 'M' 'M' 'M' 'M' 'M' 'U' 'M' 'M' 'M' 'U' 'M' 'M' 'U' 'U'
 'M' 'M' 'M' 'M' 'M' 'M' 'M' 'U' 'M' 'M' 'M' 'M' 'A' 'M' 'M' 'U' 'M' 'U'
 'U' 'U' 'M' 'U' 'M' 'M' 'M' 'M' 'M' 'M' 'M' 'M' 'M' 'M' 'M' 'M' 'M' 'M'
 'M' 'U' 'M' 'M' 'M' 'U' 'M' 'U' 'M' 'M' 'M' 'M' 'M' 'M' 'M' 'U' 'M' 'M'
 'M' 'M' 'U' 'U' 'M' 'U' 'M' 'M' 'U' 'M' 'A' 'M' 'M' 'M' 'M' 'M' 'M' 'M'
 'M' 'M' 'M' 'M' 'M' 'M' 'U' 'M' 'M' 'M' 'A' 'M' 'U' 'U' 'M' 'M' 'M' 'M']"
136301,0,158,2,156,40,0,0,"['A' 'M' 'M' 'M' 'M' 'M' 'M' 'M' 'M' 'M' 'M' 'M' 'M' 'M' 'U' 'M' 'M' 'M'
 'M' 'M' 'M' 'M' 'M' 'M' 'M' 'U' 'U' 'U' 'M' 'M' 'M' 'U' 'M' 'U' 'M' 'M'
 'M' 'U' 'M' 'M' 'M' 'M' 'U' 'M' 'M' 'M' 'M' 'M' 'M' 'M' 'M' 'U' 'M' 'M'
 'M' 'M' 'U' 'U' 'M' 'M' 'M' 'M' 'M' 'U' 'M' 'M' 'M' 'U' 'M' 'M' 'M' 'M'
 'U' 'M' 'M' 'M' 'M' 'M' 'M' 'U' 'M' 'M' 'M' 'M' 'U' 'M' 'M' 'M' 'M' 'M'
 'M' 'U' 'M' 'M' 'M' 'M' 'M' 'M' 'M' 'U' 'M' 'M' 'M' 'U' 'M' 'M' 'U' 'U'
 'M' 'M' 'U' 'M' 'M' 'M' 'M' 'M' 'M' 'M' 'M' 'M' 'U' 'M' 'U' 'M' 'M' 'M'
 'U' 'U' 'M' 'U' 'M' 'M' 'M' 'M' 'M' 'M' 'M' 'M' 'U' 'M' 'M' 'M' 'M' 'M'
 'M' 'U' 'M' 'M' 'M' 'U' 'M' 'U' 'M' 'M' 'M' 'M' 'M' 'M' 'M' 'U' 'U' 'M'
 'M' 'M' 'U' 'M' 'M' 'U' 'M' 'M' 'U' 'M' 'U' 'M' 'M' 'M' 'M' 'M' 'M' 'M'
 'M' 'M' 'M' 'M' 'M' 'M' 'U' 'M' 'U' 'M' 'A' 'M' 'M' 'U' 'M' 'M' 'M' 'M']"
136401,0,164,3,161,34,0,1,"['A' 'M' 'M' 'M' 'M' 'M' 'M' 'M' 'M' 'M' 'M' 'M' 'M' 'M' 'U' 'M' 'M' 'M'
 'M' 'M' 'M' 'M' 'M' 'M' 'M' 'U' 'U' 'M' 'M' 'M' 'M' 'U' 'M' 'U' 'M' 'M'
 'M' 'U' 'M' 'M' 'M' 'M' 'U' 'M' 'M' 'M' 'M' 'M' 'M' 'M' 'M' 'U' 'M' 'M'
 'M' 'M' 'U' 'U' 'M' 'M' 'M' 'M' 'U' 'M' 'M' 'U' 'M' 'M' 'M' 'M' 'M' 'M'
 'M' 'M' 'M' 'M' 'U' 'M' 'U' 'M' 'M' 'M' 'U' 'M' 'M' 'U' 'M' 'M' 'M' 'M'
 'M' 'M' 'M' 'M' 'M' 'M' 'M' 'M' 'M' 'U' 'M' 'M' 'M' 'U' 'M' 'M' 'U' 'M'
 'M' 'M' 'A' 'M' 'M' 'M' 'M' 'M' 'M' 'M' 'M' 'M' 'U' 'M' 'U' 'M' 'M' 'M'
 'U' 'U' 'M' 'U' 'U' 'M' 'M' 'U' 'M' 'M' 'M' 'M' 'M' 'M' 'M' 'M' 'M' 'M'
 'M' 'U' 'M' 'M' 'M' 'U' 'M' 'U' 'M' 'M' 'M' 'M' 'M' 'M' 'M' 'M' 'U' 'M'
 'M' 'M' 'M' 'U' 'M' 'M' 'M' 'M' 'U' 'M' 'M' 'M' 'M' 'M' 'M' 'M' 'M' 'M'
 'M' 'M' 'M' 'M' 'M' 'M' 'U' 'M' 'U' 'M' 'A' 'M' 'M' 'M' 'M' 'M' 'M' 'M']"
136501,0,159,1,158,39,0,0,"['A' 'M' 'U' 'M' 'U' 'M' 'M' 'M' 'M' 'M' 'M' 'M' 'M' 'M' 'U' 'M' 'M' 'M'
 'M' 'M' 'U' 'M' 'M' 'M' 'M' 'U' 'U' 'M' 'M' 'M' 'M' 'U' 'U' 'U' 'M' 'M'
 'U' 'U' 'M' 'M' 'M' 'M' 'U' 'M' 'M' 'M' 'U' 'M' 'M' 'M' 'M' 'U' 'M' 'M'
 'M' 'M' 'U' 'U' 'M' 'M' 'M' 'M' 'U' 'M' 'U' 'M' 'M' 'M' 'M' 'M' 'M' 'M'
 'M' 'M' 'M' 'M' 'M' 'U' 'U' 'U' 'M' 'M' 'M' 'M' 'M' 'M' 'M' 'M' 'M' 'M'
 'U' 'M' 'M' 'M' 'U' 'M' 'M' 'M' 'U' 'U' 'M' 'M' 'M' 'M' 'M' 'M' 'U' 'M'
 'M' 'M' 'U' 'M' 'M' 'M' 'M' 'M' 'M' 'M' 'M' 'M' 'U' 'M' 'U' 'M' 'M' 'M'
 'M' 'U' 'M' 'U' 'M' 'M' 'M' 'M' 'U' 'M' 'M' 'M' 'M' 'M' 'M' 'M' 'M' 'M'
 'M' 'U' 'M' 'M' 'M' 'U' 'M' 'M' 'M' 'M' 'M' 'U' 'M' 'M' 'M' 'M' 'U' 'M'
 'M' 'U' 'M' 'U' 'M' 'M' 'M' 'M' 'M' 'M' 'M' 'M' 'M' 'M' 'M' 'M' 'M' 'M'
 'M' 'M' 'M' 'M' 'M' 'M' 'M' 'M' 'M' 'M' 'U' 'M' 'M' 'M' 'M' 'M' 'M' 'M']"
136601,0,168,2,166,30,0,0,"['A' 'M' 'U' 'M' 'U' 'M' 'M' 'U' 'M' 'M' 'M' 'M' 'M' 'M' 'U' 'M' 'M' 'M'
 'M' 'M' 'M' 'M' 'M' 'M' 'M' 'M' 'U' 'M' 'M' 'M' 'M' 'M' 'M' 'M' 'M' 'M'
 'M' 'U' 'M' 'M' 'M' 'M' 'M' 'M' 'M' 'M' 'U' 'U' 'M' 'M' 'M' 'M' 'M' 'M'
 'M' 'M' 'U' 'U' 'M' 'M' 'M' 'M' 'U' 'M' 'M' 'U' 'M' 'M' 'M' 'M' 'M' 'M'
 'M' 'U' 'M' 'M' 'M' 'M' 'M' 'M' 'M' 'M' 'M' 'U' 'M' 'M' 'M' 'U' 'U' 'M'
 'M' 'M' 'M' 'M' 'M' 'M' 'M' 'M' 'U' 'U' 'M' 'M' 'M' 'M' 'M' 'U' 'U' 'M'
 'M' 'M' 'M' 'M' 'M' 'M' 'M' 'M' 'M' 'M' 'M' 'M' 'U' 'M' 'U' 'M' 'M' 'A'
 'M' 'M' 'M' 'U' 'M' 'M' 'M' 'M' 'U' 'M' 'M' 'M' 'M' 'M' 'M' 'M' 'M' 'M'
 'M' 'U' 'M' 'M' 'M' 'U' 'M' 'M' 'M' 'M' 'M' 'M' 'M' 'M' 'M' 'M' 'U' 'M'
 'M' 'M' 'M' 'M' 'M' 'M' 'M' 'M' 'M' 'M' 'M' 'M' 'M' 'M' 'M' 'U' 'M' 'M'
 'M' 'M' 'M' 'M' 'M' 'M' 'M' 'U' 'M' 'M' 'U' 'M' 'M' 'M' 'M' 'M' 'M' 'M']"
136701,0,164,2,162,34,0,0,"['A' 'M' 'U' 'M' 'U' 'U' 'M' 'U' 'M' 'M' 'M' 'M' 'M' 'M' 'U' 'M' 'U' 'M'
 'M' 'M' 'M' 'M' 'M' 'M' 'M' 'M' 'U' 'U' 'M' 'M' 'M' 'M' 'M' 'M' 'M' 'M'
 'M' 'U' 'M' 'M' 'M' 'M' 'M' 'M' 'M' 'M' 'U' 'U' 'M' 'M' 'M' 'M' 'M' 'U'
 'M' 'M' 'M' 'U' 'M' 'M' 'M' 'M' 'U' 'M' 'U' 'M' 'M' 'U' 'M' 'U' 'U' 'M'
 'M' 'M' 'M' 'M' 'M' 'M' 'M' 'M' 'M' 'M' 'M' 'M' 'M' 'U' 'M' 'M' 'M' 'M'
 'M' 'M' 'M' 'U' 'M' 'M' 'U' 'M' 'M' 'M' 'M' 'M' 'M' 'M' 'M' 'U' 'U' 'M'
 'M' 'M' 'M' 'M' 'M' 'M' 'M' 'M' 'M' 'M' 'M' 'M' 'U' 'M' 'U' 'M' 'M' 'A'
 'U' 'M' 'M' 'M' 'M' 'M' 'M' 'M' 'U' 'M' 'M' 'M' 'M' 'M' 'M' 'M' 'M' 'M'
 'M' 'U' 'M' 'M' 'M' 'U' 'M' 'M' 'M' 'M' 'M' 'M' 'M' 'M' 'M' 'U' 'M' 'M'
 'M' 'M' 'M' 'M' 'M' 'M' 'M' 'M' 'M' 'M' 'M' 'U' 'M' 'M' 'M' 'U' 'M' 'M'
 'M' 'M' 'M' 'M' 'M' 'M' 'M' 'U' 'M' 'M' 'U' 'M' 'M' 'M' 'M' 'M' 'M' 'M']"
136801,0,168,2,166,30,0,0,"['A' 'M' 'U' 'M' 'U' 'U' 'M' 'U' 'M' 'M' 'M' 'M' 'M' 'M' 'U' 'M' 'U' 'M'
 'M' 'M' 'M' 'M' 'M' 'M' 'M' 'M' 'M' 'M' 'M' 'M' 'M' 'M' 'M' 'M' 'M' 'M'
 'M' 'M' 'M' 'M' 'M' 'M' 'M' 'U' 'M' 'M' 'M' 'U' 'M' 'M' 'M' 'M' 'M' 'U'
 'M' 'M' 'M' 'U' 'M' 'M' 'M' 'M' 'U' 'M' 'U' 'U' 'M' 'U' 'M' 'M' 'M' 'M'
 'M' 'M' 'M' 'M' 'M' 'M' 'M' 'M' 'M' 'M' 'U' 'M' 'M' 'M' 'M' 'M' 'M' 'M'
 'U' 'M' 'M' 'M' 'U' 'M' 'U' 'M' 'M' 'M' 'U' 'M' 'M' 'M' 'M' 'M' 'M' 'M'
 'M' 'M' 'M' 'M' 'M' 'M' 'M' 'M' 'M' 'M' 'M' 'M' 'U' 'M' 'U' 'M' 'M' 'A'
 'U' 'M' 'M' 'M' 'M' 'M' 'M' 'M' 'M' 'M' 'M' 'M' 'M' 'M' 'M' 'M' 'U' 'M'
 'M' 'U' 'M' 'M' 'M' 'M' 'M' 'M' 'M' 'M' 'U' 'M' 'M' 'M' 'U' 'M' 'M' 'M'
 'M' 'M' 'M' 'M' 'M' 'M' 'M' 'M' 'M' 'M' 'M' 'U' 'M' 'M' 'M' 'U' 'M' 'M'
 'M' 'M' 'M' 'M' 'M' 'M' 'M' 'U' 'M' 'U' 'M' 'M' 'M' 'M' 'M' 'M' 'M' 'M']"
136901,0,171,2,169,27,0,1,"['A' 'M' 'U' 'M' 'M' 'U' 'M' 'U' 'U' 'U' 'M' 'M' 'M' 'M' 'U' 'M' 'M' 'M'
 'M' 'M' 'M' 'M' 'M' 'M' 'M' 'M' 'M' 'M' 'M' 'M' 'U' 'M' 'M' 'M' 'M' 'M'
 'M' 'M' 'M' 'M' 'M' 'M' 'M' 'U' 'M' 'M' 'M' 'U' 'M' 'M' 'M' 'M' 'M' 'U'
 'M' 'M' 'M' 'U' 'M' 'M' 'M' 'M' 'M' 'M' 'M' 'U' 'M' 'U' 'M' 'M' 'M' 'U'
 'M' 'M' 'M' 'M' 'M' 'M' 'M' 'M' 'M' 'M' 'M' 'M' 'M' 'U' 'M' 'M' 'U' 'M'
 'M' 'M' 'M' 'M' 'M' 'M' 'M' 'M' 'M' 'M' 'U' 'M' 'M' 'M' 'M' 'M' 'M' 'M'
 'U' 'M' 'M' 'M' 'U' 'M' 'M' 'M' 'M' 'M' 'U' 'M' 'M' 'M' 'M' 'M' 'M' 'A'
 'U' 'M' 'M' 'M' 'M' 'M' 'M' 'M' 'M' 'M' 'M' 'M' 'M' 'M' 'M' 'M' 'U' 'M'
 'M' 'M' 'M' 'M' 'M' 'M' 'M' 'M' 'M' 'M' 'U' 'M' 'M' 'M' 'U' 'M' 'M' 'M'
 'M' 'M' 'M' 'M' 'M' 'M' 'M' 'M' 'M' 'M' 'M' 'U' 'M' 'M' 'M' 'M' 'M' 'M'
 'M' 'M' 'M' 'M' 'M' 'M' 'M' 'U' 'M' 'U' 'M' 'M' 'M' 'M' 'M' 'M' 'M' 'M']"
137001,0,170,1,169,28,0,0,"['A' 'M' 'U' 'U' 'M' 'U' 'M' 'U' 'M' 'U' 'M' 'M' 'M' 'M' 'M' 'M' 'M' 'M'
 'M' 'M' 'M' 'M' 'M' 'M' 'M' 'M' 'M' 'M' 'M' 'M' 'U' 'M' 'M' 'M' 'M' 'M'
 'M' 'M' 'M' 'M' 'M' 'M' 'M' 'M' 'M' 'M' 'M' 'U' 'M' 'M' 'M' 'M' 'M' 'U'
 'M' 'M' 'U' 'U' 'M' 'M' 'M' 'M' 'M' 'M' 'M' 'M' 'M' 'U' 'M' 'M' 'M' 'U'
 'M' 'M' 'M' 'M' 'M' 'M' 'M' 'M' 'M' 'M' 'M' 'M' 'M' 'U' 'M' 'M' 'M' 'M'
 'M' 'M' 'M' 'U' 'U' 'M' 'M' 'M' 'M' 'M' 'M' 'M' 'U' 'M' 'M' 'M' 'M' 'M'
 'M' 'M' 'M' 'M' 'U' 'M' 'M' 'M' 'M' 'M' 'U' 'M' 'M' 'M' 'M' 'M' 'M' 'U'
 'M' 'M' 'M' 'M' 'M' 'M' 'M' 'U' 'M' 'M' 'M' 'M' 'M' 'M' 'M' 'M' 'U' 'M'
 'M' 'M' 'M' 'M' 'M' 'M' 'M' 'M' 'M' 'M' 'U' 'U' 'M' 'M' 'U' 'M' 'M' 'M'
 'M' 'U' 'M' 'M' 'M' 'M' 'M' 'M' 'M' 'M' 'M' 'M' 'M' 'M' 'M' 'M' 'M' 'M'
 'M' 'M' 'M' 'M' 'M' 'U' 'U' 'M' 'M' 'M' 'U' 'M' 'M' 'M' 'M' 'M' 'M' 'M']"
137101,0,166,1,165,32,0,0,"['A' 'M' 'U' 'U' 'M' 'M' 'M' 'U' 'M' 'U' 'M' 'M' 'M' 'U' 'M' 'M' 'M' 'M'
 'M' 'M' 'M' 'M' 'M' 'U' 'M' 'M' 'M' 'M' 'M' 'M' 'U' 'M' 'M' 'M' 'M' 'M'
 'U' 'M' 'M' 'M' 'M' 'M' 'M' 'M' 'M' 'M' 'M' 'U' 'M' 'M' 'M' 'M' 'M' 'M'
 'M' 'M' 'U' 'U' 'M' 'M' 'M' 'M' 'M' 'M' 'M' 'M' 'M' 'M' 'M' 'M' 'M' 'M'
 'U' 'M' 'M' 'M' 'M' 'M' 'M' 'M' 'M' 'M' 'U' 'M' 'U' 'M' 'M' 'U' 'M' 'M'
 'M' 'M' 'M' 'M' 'U' 'M' 'M' 'M' 'M' 'M' 'M' 'M' 'M' 'M' 'M' 'M' 'M' 'M'
 'M' 'M' 'M' 'M' 'U' 'M' 'M' 'M' 'M' 'M' 'U' 'M' 'M' 'U' 'M' 'M' 'M' 'U'
 'M' 'M' 'M' 'M' 'M' 'M' 'M' 'U' 'M' 'M' 'M' 'M' 'M' 'M' 'M' 'M' 'M' 'M'
 'M' 'M' 'M' 'M' 'M' 'M' 'U' 'M' 'M' 'M' 'U' 'U' 'M' 'M' 'U' 'M' 'M' 'M'
 'M' 'U' 'M' 'M' 'M' 'M' 'M' 'M' 'M' 'M' 'M' 'M' 'M' 'U' 'U' 'M' 'M' 'U'
 'M' 'M' 'M' 'M' 'M' 'U' 'M' 'M' 'U' 'M' 'U' 'M' 'M' 'M' 'M' 'M' 'M' 'M']"
137201,0,171,1,170,27,0,0,"['A' 'M' 'M' 'U' 'M' 'M' 'M' 'U' 'M' 'U' 'M' 'M' 'M' 'U' 'M' 'M' 'M' 'M'
 'M' 'M' 'M' 'M' 'M' 'M' 'M' 'M' 'M' 'M' 'M' 'M' 'M' 'M' 'M' 'M' 'M' 'M'
 'U' 'M' 'M' 'M' 'M' 'M' 'M' 'M' 'M' 'U' 'M' 'M' 'M' 'M' 'M' 'M' 'M' 'U'
 'M' 'M' 'U' 'U' 'M' 'M' 'M' 'M' 'M' 'M' 'M' 'M' 'U' 'U' 'U' 'M' 'M' 'M'
 'M' 'M' 'M' 'M' 'M' 'M' 'M' 'M' 'M' 'M' 'M' 'M' 'M' 'U' 'M' 'M' 'M' 'M'
 'M' 'M' 'M' 'M' 'U' 'M' 'M' 'M' 'M' 'M' 'M' 'M' 'M' 'M' 'M' 'M' 'M' 'M'
 'M' 'M' 'M' 'M' 'U' 'M' 'M' 'M' 'M' 'M' 'M' 'U' 'M' 'U' 'M' 'M' 'M' 'M'
 'M' 'M' 'M' 'M' 'M' 'M' 'M' 'U' 'M' 'M' 'M' 'M' 'M' 'M' 'M' 'M' 'M' 'M'
 'M' 'M' 'M' 'M' 'M' 'M' 'U' 'M' 'M' 'M' 'U' 'U' 'M' 'M' 'U' 'M' 'M' 'M'
 'M' 'U' 'M' 'M' 'M' 'M' 'M' 'M' 'M' 'M' 'M' 'M' 'M' 'M' 'U' 'M' 'M' 'U'
 'M' 'M' 'M' 'M' 'M' 'M' 'M' 'M' 'M' 'M' 'U' 'M' 'M' 'M' 'M' 'U' 'M' 'M']"
137301,0,170,1,169,28,0,0,"['A' 'M' 'M' 'M' 'M' 'M' 'M' 'U' 'M' 'U' 'M' 'M' 'M' 'U' 'M' 'M' 'M' 'M'
 'M' 'M' 'M' 'M' 'M' 'M' 'M' 'M' 'M' 'M' 'M' 'M' 'M' 'M' 'M' 'M' 'M' 'U'
 'M' 'M' 'M' 'M' 'M' 'M' 'M' 'M' 'M' 'M' 'M' 'M' 'M' 'M' 'M' 'M' 'M' 'U'
 'M' 'M' 'U' 'U' 'M' 'M' 'M' 'M' 'M' 'M' 'U' 'U' 'M' 'M' 'M' 'M' 'M' 'M'
 'U' 'M' 'M' 'M' 'M' 'M' 'M' 'U' 'M' 'M' 'M' 'M' 'M' 'M' 'U' 'M' 'U' 'M'
 'M' 'M' 'M' 'M' 'M' 'M' 'M' 'M' 'M' 'M' 'M' 'M' 'M' 'M' 'U' 'M' 'M' 'M'
 'M' 'M' 'M' 'M' 'U' 'M' 'M' 'M' 'M' 'M' 'M' 'U' 'M' 'U' 'M' 'M' 'M' 'M'
 'M' 'U' 'M' 'M' 'M' 'M' 'M' 'U' 'M' 'M' 'M' 'M' 'M' 'M' 'M' 'M' 'M' 'M'
 'M' 'M' 'M' 'M' 'M' 'M' 'U' 'M' 'M' 'M' 'U' 'U' 'M' 'M' 'U' 'M' 'M' 'M'
 'M' 'M' 'M' 'U' 'M' 'M' 'M' 'M' 'M' 'U' 'M' 'M' 'M' 'M' 'U' 'M' 'M' 'U'
 'M' 'M' 'M' 'M' 'M' 'M' 'M' 'M' 'M' 'M' 'M' 'M' 'M' 'M' 'M' 'U' 'M' 'M']"
137401,0,165,2,163,33,1,0,"['A' 'M' 'M' 'U' 'M' 'M' 'M' 'U' 'M' 'U' 'M' 'M' 'M' 'M' 'M' 'M' 'M' 'M'
 'M' 'M' 'M' 'M' 'U' 'M' 'M' 'M' 'M' 'M' 'M' 'M' 'M' 'M' 'U' 'M' 'M' 'M'
 'M' 'M' 'M' 'M' 'M' 'M' 'M' 'U' 'M' 'M' 'M' 'M' 'M' 'M' 'M' 'M' 'M' 'M'
 'M' 'M' 'M' 'U' 'M' 'M' 'M' 'M' 'M' 'M' 'U' 'M' 'M' 'M' 'M' 'M' 'M' 'M'
 'M' 'M' 'M' 'U' 'M' 'U' 'M' 'U' 'M' 'M' 'M' 'M' 'M' 'M' 'M' 'U' 'M' 'M'
 'U' 'M' 'M' 'M' 'M' 'M' 'M' 'M' 'M' 'M' 'M' 'M' 'M' 'M' 'U' 'M' 'M' 'M'
 'M' 'M' 'M' 'M' 'U' 'M' 'M' 'M' 'M' 'M' 'M' 'M' 'M' 'U' 'M' 'M' 'M' 'M'
 'M' 'U' 'M' 'M' 'M' 'M' 'M' 'U' 'U' 'U' 'M' 'M' 'M' 'M' 'M' 'M' 'U' 'M'
 'M' 'M' 'M' 'M' 'M' 'M' 'U' 'M' 'M' 'M' 'M' 'U' 'M' 'M' 'U' 'M' 'M' 'M'
 'M' 'M' 'M' 'A' 'M' 'M' 'U' 'M' 'M' 'U' 'M' 'M' 'M' 'M' 'U' 'M' 'M' 'U'
 'U' 'M' 'U' 'M' 'U' 'M' 'M' 'M' 'M' 'M' 'M' 'M' 'M' 'M' 'M' 'U' 'U' 'M']"
137501,0,171,1,170,27,1,0,"['A' 'M' 'M' 'M' 'M' 'M' 'M' 'U' 'M' 'M' 'M' 'M' 'M' 'M' 'M' 'M' 'M' 'M'
 'M' 'M' 'M' 'M' 'U' 'M' 'M' 'M' 'M' 'M' 'M' 'M' 'M' 'M' 'U' 'M' 'M' 'M'
 'M' 'M' 'M' 'M' 'M' 'M' 'M' 'U' 'M' 'M' 'M' 'M' 'M' 'M' 'M' 'M' 'M' 'M'
 'M' 'M' 'U' 'U' 'M' 'M' 'M' 'M' 'M' 'M' 'M' 'M' 'U' 'M' 'M' 'M' 'M' 'M'
 'M' 'M' 'M' 'M' 'M' 'M' 'U' 'M' 'M' 'M' 'M' 'U' 'M' 'U' 'M' 'M' 'M' 'U'
 'M' 'M' 'M' 'M' 'M' 'M' 'U' 'M' 'M' 'M' 'M' 'M' 'M' 'M' 'U' 'M' 'M' 'M'
 'M' 'M' 'M' 'M' 'U' 'M' 'M' 'M' 'M' 'M' 'U' 'M' 'M' 'U' 'M' 'M' 'M' 'M'
 'M' 'U' 'M' 'M' 'M' 'M' 'M' 'U' 'M' 'U' 'M' 'M' 'U' 'M' 'M' 'M' 'M' 'M'
 'M' 'M' 'M' 'M' 'M' 'M' 'U' 'M' 'M' 'M' 'M' 'M' 'M' 'M' 'M' 'M' 'M' 'M'
 'M' 'M' 'M' 'U' 'M' 'M' 'M' 'M' 'M' 'M' 'M' 'M' 'M' 'M' 'U' 'M' 'M' 'U'
 'U' 'M' 'M' 'M' 'M' 'M' 'M' 'M' 'M' 'M' 'M' 'M' 'M' 'M' 'M' 'M' 'U' 'U']"
137601,0,166,1,165,32,0,0,"['A' 'M' 'M' 'M' 'M' 'M' 'M' 'U' 'M' 'M' 'M' 'M' 'M' 'M' 'M' 'M' 'M' 'U'
 'M' 'M' 'M' 'M' 'U' 'M' 'M' 'M' 'M' 'M' 'M' 'M' 'M' 'M' 'U' 'M' 'M' 'M'
 'M' 'M' 'U' 'M' 'M' 'M' 'M' 'U' 'M' 'M' 'M' 'M' 'M' 'M' 'M' 'M' 'M' 'M'
 'M' 'M' 'U' 'U' 'M' 'M' 'M' 'M' 'M' 'M' 'M' 'U' 'M' 'M' 'M' 'M' 'M' 'M'
 'M' 'M' 'U' 'M' 'M' 'U' 'M' 'M' 'M' 'M' 'M' 'M' 'M' 'M' 'U' 'M' 'M' 'U'
 'M' 'M' 'M' 'M' 'M' 'M' 'U' 'M' 'M' 'M' 'M' 'M' 'U' 'M' 'U' 'M' 'M' 'M'
 'M' 'M' 'M' 'M' 'M' 'M' 'M' 'M' 'M' 'M' 'U' 'M' 'M' 'U' 'M' 'M' 'M' 'M'
 'M' 'U' 'M' 'M' 'M' 'M' 'U' 'U' 'U' 'U' 'U' 'U' 'U' 'M' 'M' 'M' 'M' 'U'
 'M' 'M' 'M' 'M' 'M' 'M' 'U' 'M' 'M' 'M' 'M' 'M' 'U' 'M' 'M' 'M' 'M' 'M'
 'M' 'M' 'M' 'M' 'M' 'M' 'M' 'M' 'M' 'M' 'M' 'M' 'M' 'M' 'M' 'M' 'M' 'M'
 'U' 'M' 'M' 'M' 'M' 'M' 'M' 'M' 'M' 'M' 'M' 'M' 'M' 'U' 'M' 'M' 'M' 'U']"
137701,0,168,2,166,30,0,0,"['A' 'M' 'M' 'M' 'M' 'M' 'M' 'M' 'M' 'M' 'M' 'M' 'M' 'M' 'M' 'M' 'M' 'U'
 'M' 'M' 'M' 'M' 'U' 'M' 'M' 'M' 'M' 'M' 'M' 'M' 'M' 'M' 'U' 'M' 'M' 'M'
 'M' 'M' 'M' 'M' 'M' 'M' 'M' 'U' 'M' 'M' 'M' 'M' 'U' 'M' 'M' 'M' 'M' 'M'
 'M' 'M' 'U' 'U' 'M' 'M' 'M' 'M' 'M' 'M' 'M' 'M' 'M' 'M' 'M' 'U' 'M' 'M'
 'M' 'M' 'M' 'M' 'U' 'M' 'M' 'M' 'M' 'U' 'M' 'M' 'M' 'M' 'M' 'M' 'U' 'U'
 'M' 'M' 'M' 'M' 'M' 'M' 'U' 'M' 'U' 'M' 'M' 'M' 'M' 'M' 'U' 'M' 'M' 'M'
 'M' 'M' 'M' 'M' 'M' 'M' 'M' 'M' 'M' 'M' 'U' 'M' 'M' 'U' 'M' 'M' 'M' 'M'
 'M' 'U' 'U' 'M' 'M' 'M' 'U' 'U' 'U' 'M' 'U' 'A' 'M' 'M' 'M' 'M' 'M' 'M'
 'M' 'M' 'M' 'M' 'M' 'M' 'U' 'M' 'M' 'M' 'M' 'M' 'U' 'M' 'M' 'M' 'M' 'M'
 'M' 'M' 'M' 'M' 'M' 'M' 'M' 'M' 'M' 'M' 'U' 'U' 'M' 'M' 'M' 'M' 'M' 'M'
 'U' 'M' 'M' 'M' 'M' 'M' 'M' 'M' 'M' 'M' 'M' 'M' 'M' 'U' 'M' 'M' 'M' 'U']"
137801,0,168,2,166,30,0,1,"['A' 'M' 'M' 'M' 'M' 'M' 'M' 'M' 'M' 'M' 'M' 'M' 'M' 'M' 'M' 'M' 'M' 'U'
 'U' 'M' 'M' 'M' 'M' 'M' 'M' 'M' 'M' 'M' 'M' 'M' 'M' 'M' 'M' 'U' 'M' 'M'
 'M' 'M' 'M' 'M' 'M' 'U' 'M' 'U' 'M' 'M' 'M' 'M' 'U' 'M' 'M' 'M' 'M' 'M'
 'M' 'M' 'U' 'M' 'M' 'M' 'M' 'M' 'M' 'M' 'U' 'M' 'M' 'U' 'U' 'M' 'M' 'M'
 'M' 'M' 'M' 'M' 'M' 'M' 'M' 'M' 'M' 'M' 'M' 'M' 'U' 'M' 'M' 'M' 'M' 'M'
 'U' 'U' 'M' 'M' 'M' 'M' 'U' 'M' 'M' 'M' 'M' 'M' 'M' 'M' 'U' 'M' 'M' 'M'
 'M' 'M' 'M' 'M' 'M' 'M' 'M' 'M' 'M' 'M' 'M' 'M' 'M' 'U' 'M' 'M' 'M' 'M'
 'U' 'M' 'U' 'M' 'M' 'M' 'U' 'U' 'M' 'U' 'U' 'A' 'M' 'M' 'M' 'M' 'M' 'M'
 'M' 'M' 'M' 'M' 'M' 'M' 'U' 'M' 'M' 'M' 'M' 'M' 'U' 'M' 'M' 'M' 'M' 'M'
 'M' 'M' 'M' 'M' 'M' 'M' 'M' 'M' 'M' 'M' 'U' 'U' 'M' 'M' 'M' 'M' 'M' 'M'
 'U' 'M' 'M' 'M' 'M' 'M' 'M' 'U' 'M' 'M' 'M' 'M' 'M' 'U' 'M' 'M' 'M' 'U']"
137901,0,166,2,164,32,0,0,"['A' 'M' 'M' 'M' 'M' 'M' 'M' 'M' 'M' 'M' 'M' 'M' 'M' 'M' 'M' 'M' 'U' 'U'
 'A' 'M' 'M' 'M' 'M' 'M' 'M' 'M' 'M' 'M' 'M' 'M' 'M' 'M' 'M' 'M' 'M' 'M'
 'U' 'M' 'M' 'M' 'M' 'U' 'M' 'U' 'M' 'M' 'U' 'M' 'U' 'M' 'M' 'M' 'M' 'M'
 'M' 'M' 'U' 'M' 'M' 'M' 'M' 'M' 'M' 'M' 'U' 'M' 'M' 'M' 'M' 'M' 'M' 'M'
 'U' 'U' 'M' 'M' 'M' 'M' 'M' 'U' 'M' 'M' 'U' 'M' 'M' 'M' 'M' 'M' 'M' 'M'
 'M' 'U' 'M' 'M' 'M' 'M' 'U' 'M' 'M' 'M' 'M' 'M' 'M' 'M' 'U' 'M' 'M' 'M'
 'M' 'M' 'M' 'M' 'M' 'M' 'M' 'M' 'M' 'M' 'M' 'M' 'M' 'U' 'U' 'M' 'M' 'M'
 'U' 'M' 'M' 'M' 'M' 'M' 'U' 'M' 'M' 'U' 'U' 'U' 'M' 'M' 'M' 'M' 'M' 'M'
 'M' 'M' 'M' 'M' 'M' 'M' 'M' 'M' 'M' 'M' 'U' 'M' 'U' 'M' 'M' 'M' 'M' 'M'
 'M' 'M' 'U' 'M' 'M' 'M' 'M' 'M' 'M' 'M' 'U' 'U' 'M' 'M' 'M' 'M' 'M' 'M'
 'M' 'M' 'M' 'M' 'M' 'M' 'M' 'U' 'M' 'M' 'M' 'M' 'M' 'U' 'M' 'M' 'U' 'U']"
138001,0,165,2,163,33,0,0,"['A' 'M' 'M' 'M' 'M' 'M' 'M' 'M' 'M' 'M' 'M' 'M' 'M' 'M' 'M' 'M' 'U' 'M'
 'A' 'M' 'M' 'M' 'M' 'M' 'M' 'M' 'M' 'M' 'M' 'M' 'M' 'M' 'M' 'U' 'M' 'M'
 'M' 'M' 'M' 'M' 'M' 'U' 'M' 'U' 'M' 'M' 'U' 'M' 'U' 'M' 'M' 'M' 'M' 'M'
 'M' 'M' 'U' 'M' 'M' 'M' 'M' 'M' 'M' 'M' 'U' 'M' 'M' 'M' 'M' 'M' 'M' 'M'
 'M' 'U' 'M' 'M' 'M' 'M' 'U' 'M' 'M' 'M' 'U' 'M' 'M' 'U' 'M' 'M' 'M' 'U'
 'M' 'M' 'M' 'M' 'M' 'M' 'U' 'U' 'M' 'M' 'M' 'M' 'M' 'M' 'U' 'M' 'M' 'M'
 'M' 'M' 'M' 'M' 'M' 'M' 'M' 'M' 'M' 'M' 'M' 'M' 'M' 'U' 'U' 'M' 'M' 'M'
 'M' 'M' 'M' 'M' 'M' 'U' 'U' 'M' 'M' 'U' 'U' 'U' 'M' 'M' 'M' 'M' 'M' 'M'
 'M' 'M' 'M' 'M' 'M' 'M' 'M' 'M' 'M' 'M' 'M' 'M' 'U' 'M' 'M' 'M' 'M' 'M'
 'M' 'U' 'U' 'U' 'M' 'M' 'M' 'U' 'M' 'M' 'M' 'U' 'M' 'M' 'M' 'M' 'M' 'M'
 'M' 'M' 'M' 'M' 'M' 'M' 'M' 'U' 'M' 'M' 'M' 'M' 'M' 'U' 'M' 'M' 'U' 'U']"
138101,0,167,2,165,31,0,0,"['A' 'M' 'M' 'M' 'M' 'M' 'M' 'M' 'U' 'M' 'U' 'M' 'M' 'M' 'M' 'M' 'U' 'M'
 'A' 'M' 'M' 'M' 'M' 'U' 'M' 'M' 'M' 'M' 'M' 'M' 'M' 'M' 'M' 'U' 'M' 'M'
 'U' 'M' 'M' 'M' 'M' 'U' 'M' 'U' 'M' 'M' 'U' 'M' 'M' 'M' 'M' 'M' 'M' 'M'
 'M' 'M' 'U' 'M' 'M' 'M' 'U' 'M' 'M' 'M' 'U' 'M' 'U' 'M' 'M' 'M' 'M' 'M'
 'M' 'M' 'U' 'M' 'M' 'M' 'M' 'M' 'M' 'M' 'M' 'M' 'M' 'M' 'U' 'U' 'U' 'M'
 'M' 'M' 'M' 'M' 'M' 'M' 'U' 'U' 'M' 'M' 'M' 'M' 'M' 'M' 'U' 'M' 'M' 'M'
 'M' 'M' 'M' 'M' 'M' 'M' 'M' 'M' 'M' 'M' 'M' 'M' 'M' 'M' 'M' 'M' 'M' 'M'
 'M' 'M' 'M' 'M' 'M' 'M' 'U' 'M' 'M' 'U' 'U' 'M' 'M' 'M' 'M' 'M' 'M' 'M'
 'M' 'M' 'M' 'M' 'M' 'M' 'M' 'M' 'M' 'M' 'M' 'M' 'M' 'M' 'M' 'M' 'M' 'M'
 'M' 'U' 'U' 'M' 'M' 'M' 'M' 'U' 'M' 'M' 'M' 'U' 'M' 'M' 'M' 'M' 'M' 'M'
 'M' 'M' 'M' 'M' 'U' 'M' 'M' 'U' 'M' 'M' 'M' 'M' 'M' 'M' 'M' 'M' 'U' 'U']"
138201,0,176,4,172,22,1,0,"['A' 'M' 'M' 'M' 'M' 'M' 'M' 'M' 'M' 'M' 'U' 'M' 'M' 'M' 'M' 'M' 'U' 'M'
 'A' 'M' 'M' 'M' 'M' 'U' 'M' 'M' 'M' 'M' 'M' 'M' 'M' 'M' 'M' 'M' 'M' 'M'
 'U' 'M' 'M' 'M' 'M' 'U' 'M' 'M' 'U' 'M' 'U' 'M' 'M' 'M' 'M' 'M' 'M' 'M'
 'M' 'M' 'M' 'M' 'M' 'M' 'M' 'M' 'M' 'M' 'U' 'M' 'M' 'M' 'U' 'M' 'M' 'M'
 'M' 'M' 'U' 'M' 'U' 'M' 'M' 'M' 'M' 'M' 'U' 'M' 'U' 'M' 'M' 'M' 'M' 'M'
 'M' 'M' 'M' 'M' 'M' 'M' 'M' 'U' 'M' 'M' 'M' 'M' 'M' 'M' 'U' 'M' 'M' 'M'
 'M' 'M' 'M' 'M' 'M' 'M' 'M' 'M' 'M' 'M' 'M' 'M' 'M' 'M' 'M' 'M' 'M' 'M'
 'M' 'M' 'M' 'M' 'M' 'M' 'M' 'M' 'M' 'U' 'A' 'M' 'U' 'M' 'M' 'M' 'M' 'M'
 'M' 'M' 'M' 'M' 'M' 'M' 'M' 'M' 'M' 'M' 'M' 'M' 'M' 'M' 'M' 'M' 'M' 'M'
 'M' 'U' 'M' 'M' 'M' 'M' 'U' 'U' 'M' 'M' 'M' 'A' 'M' 'M' 'M' 'U' 'M' 'M'
 'M' 'M' 'M' 'M' 'M' 'M' 'M' 'M' 'M' 'M' 'M' 'M' 'M' 'M' 'M' 'M' 'M' 'U']"
138301,0,177,3,174,21,0,0,"['A' 'M' 'M' 'M' 'M' 'M' 'M' 'M' 'M' 'M' 'M' 'M' 'M' 'M' 'M' 'M' 'U' 'M'
 'A' 'M' 'M' 'M' 'M' 'U' 'M' 'M' 'M' 'M' 'M' 'U' 'M' 'M' 'M' 'M' 'M' 'M'
 'M' 'M' 'U' 'M' 'M' 'U' 'M' 'M' 'M' 'M' 'U' 'M' 'M' 'M' 'M' 'M' 'M' 'M'
 'M' 'M' 'M' 'M' 'M' 'U' 'M' 'M' 'M' 'M' 'M' 'M' 'M' 'M' 'U' 'U' 'M' 'U'
 'M' 'M' 'M' 'M' 'M' 'M' 'M' 'M' 'M' 'M' 'M' 'U' 'M' 'M' 'U' 'M' 'M' 'M'
 'M' 'M' 'M' 'M' 'M' 'M' 'M' 'M' 'M' 'M' 'M' 'M' 'M' 'M' 'U' 'M' 'M' 'M'
 'M' 'M' 'M' 'M' 'M' 'M' 'M' 'M' 'M' 'M' 'M' 'M' 'M' 'M' 'M' 'M' 'M' 'M'
 'M' 'M' 'M' 'M' 'M' 'M' 'M' 'M' 'M' 'U' 'M' 'M' 'M' 'M' 'M' 'M' 'U' 'M'
 'M' 'M' 'M' 'M' 'M' 'M' 'M' 'M' 'M' 'M' 'U' 'M' 'M' 'M' 'M' 'M' 'M' 'M'
 'M' 'U' 'M' 'M' 'M' 'M' 'M' 'U' 'M' 'M' 'M' 'A' 'M' 'M' 'M' 'U' 'M' 'M'
 'M' 'M' 'M' 'M' 'M' 'M' 'M' 'M' 'U' 'M' 'M' 'M' 'M' 'M' 'M' 'M' 'M' 'U']"
138401,0,169,4,165,29,1,0,"['A' 'M' 'M' 'M' 'M' 'M' 'M' 'M' 'M' 'M' 'M' 'M' 'M' 'M' 'M' 'M' 'U' 'M'
 'A' 'M' 'M' 'M' 'M' 'U' 'M' 'M' 'M' 'M' 'M' 'M' 'M' 'M' 'M' 'M' 'M' 'M'
 'M' 'M' 'M' 'M' 'M' 'U' 'U' 'M' 'M' 'M' 'U' 'M' 'M' 'M' 'M' 'M' 'M' 'M'
 'M' 'M' 'M' 'M' 'M' 'U' 'M' 'M' 'M' 'M' 'M' 'M' 'M' 'M' 'M' 'M' 'M' 'M'
 'U' 'M' 'M' 'M' 'M' 'M' 'U' 'M' 'M' 'M' 'M' 'U' 'U' 'M' 'M' 'M' 'M' 'M'
 'M' 'U' 'M' 'M' 'M' 'M' 'M' 'M' 'M' 'M' 'M' 'M' 'M' 'M' 'M' 'M' 'M' 'M'
 'U' 'M' 'M' 'M' 'M' 'M' 'M' 'M' 'M' 'M' 'M' 'M' 'M' 'U' 'M' 'M' 'M' 'M'
 'M' 'U' 'M' 'M' 'M' 'M' 'M' 'M' 'M' 'U' 'M' 'M' 'M' 'M' 'A' 'U' 'U' 'U'
 'M' 'M' 'M' 'M' 'M' 'M' 'M' 'M' 'U' 'M' 'U' 'M' 'M' 'M' 'M' 'M' 'M' 'M'
 'M' 'U' 'M' 'M' 'U' 'M' 'U' 'M' 'M' 'M' 'M' 'A' 'M' 'M' 'M' 'U' 'M' 'M'
 'M' 'M' 'M' 'M' 'M' 'U' 'M' 'U' 'U' 'M' 'M' 'U' 'M' 'M' 'M' 'M' 'M' 'U']"
138501,0,173,6,167,25,0,1,"['A' 'M' 'M' 'M' 'U' 'M' 'M' 'M' 'M' 'M' 'M' 'U' 'M' 'M' 'M' 'M' 'U' 'M'
 'A' 'M' 'M' 'M' 'M' 'M' 'M' 'M' 'M' 'M' 'M' 'M' 'M' 'M' 'M' 'M' 'M' 'M'
 'M' 'M' 'M' 'M' 'M' 'M' 'U' 'M' 'M' 'M' 'M' 'M' 'M' 'M' 'M' 'M' 'M' 'M'
 'M' 'M' 'M' 'M' 'M' 'U' 'M' 'M' 'M' 'U' 'U' 'M' 'M' 'M' 'M' 'M' 'M' 'M'
 'M' 'U' 'U' 'U' 'M' 'M' 'M' 'M' 'M' 'M' 'M' 'M' 'M' 'U' 'M' 'M' 'M' 'M'
 'U' 'M' 'M' 'M' 'M' 'M' 'M' 'M' 'M' 'M' 'M' 'M' 'M' 'M' 'M' 'M' 'M' 'M'
 'M' 'A' 'M' 'M' 'U' 'M' 'M' 'M' 'M' 'M' 'M' 'M' 'M' 'M' 'M' 'M' 'M' 'M'
 'M' 'U' 'M' 'M' 'M' 'M' 'M' 'M' 'M' 'U' 'M' 'M' 'M' 'M' 'A' 'U' 'M' 'M'
 'M' 'M' 'M' 'M' 'M' 'M' 'M' 'M' 'M' 'M' 'M' 'M' 'M' 'M' 'M' 'M' 'M' 'M'
 'M' 'U' 'M' 'M' 'A' 'M' 'U' 'M' 'M' 'M' 'M' 'A' 'M' 'M' 'M' 'U' 'M' 'U'
 'M' 'M' 'M' 'U' 'M' 'U' 'M' 'U' 'U' 'M' 'M' 'U' 'M' 'M' 'M' 'M' 'M' 'M']"
138601,0,165,5,160,33,0,0,"['A' 'M' 'M' 'M' 'U' 'M' 'M' 'M' 'U' 'M' 'M' 'U' 'M' 'M' 'M' 'M' 'M' 'M'
 'A' 'M' 'M' 'M' 'M' 'M' 'M' 'M' 'M' 'M' 'M' 'M' 'M' 'M' 'M' 'M' 'M' 'M'
 'M' 'M' 'M' 'M' 'M' 'M' 'U' 'M' 'M' 'U' 'M' 'M' 'M' 'M' 'M' 'M' 'M' 'M'
 'M' 'M' 'M' 'M' 'M' 'U' 'M' 'M' 'M' 'M' 'M' 'M' 'U' 'M' 'M' 'M' 'U' 'M'
 'M' 'M' 'M' 'M' 'M' 'M' 'M' 'M' 'U' 'M' 'M' 'M' 'M' 'U' 'U' 'M' 'M' 'M'
 'M' 'M' 'M' 'M' 'M' 'M' 'M' 'M' 'M' 'M' 'M' 'M' 'M' 'M' 'M' 'M' 'M' 'M'
 'M' 'U' 'M' 'M' 'U' 'M' 'M' 'M' 'M' 'U' 'M' 'U' 'M' 'M' 'U' 'M' 'M' 'M'
 'M' 'U' 'M' 'M' 'M' 'U' 'U' 'U' 'U' 'U' 'U' 'M' 'U' 'M' 'A' 'U' 'M' 'M'
 'M' 'M' 'M' 'M' 'M' 'M' 'M' 'M' 'U' 'M' 'M' 'M' 'M' 'M' 'M' 'M' 'M' 'M'
 'U' 'U' 'M' 'M' 'A' 'M' 'U' 'M' 'M' 'M' 'M' 'A' 'M' 'M' 'M' 'U' 'M' 'M'
 'M' 'M' 'M' 'M' 'M' 'U' 'M' 'M' 'U' 'M' 'M' 'U' 'M' 'M' 'M' 'M' 'M' 'M']"
138701,0,159,4,155,39,0,0,"['A' 'M' 'M' 'M' 'U' 'M' 'M' 'U' 'U' 'M' 'M' 'U' 'M' 'M' 'M' 'U' 'M' 'M'
 'U' 'M' 'M' 'M' 'M' 'U' 'M' 'M' 'M' 'U' 'M' 'M' 'M' 'M' 'M' 'M' 'M' 'M'
 'M' 'M' 'M' 'M' 'M' 'M' 'U' 'M' 'M' 'U' 'M' 'M' 'U' 'M' 'M' 'M' 'M' 'M'
 'M' 'M' 'M' 'M' 'M' 'U' 'M' 'M' 'M' 'M' 'M' 'M' 'M' 'M' 'M' 'M' 'M' 'U'
 'M' 'U' 'M' 'M' 'M' 'M' 'M' 'U' 'M' 'M' 'M' 'M' 'M' 'M' 'M' 'U' 'M' 'M'
 'U' 'M' 'M' 'M' 'M' 'M' 'M' 'U' 'M' 'M' 'M' 'M' 'M' 'M' 'M' 'M' 'M' 'U'
 'M' 'M' 'M' 'M' 'M' 'U' 'M' 'M' 'M' 'U' 'M' 'M' 'M' 'M' 'M' 'M' 'M' 'M'
 'M' 'U' 'M' 'M' 'M' 'M' 'A' 'M' 'U' 'A' 'M' 'M' 'U' 'M' 'A' 'U' 'M' 'M'
 'M' 'M' 'U' 'M' 'M' 'M' 'M' 'M' 'U' 'M' 'M' 'M' 'M' 'M' 'M' 'M' 'M' 'M'
 'U' 'U' 'M' 'M' 'U' 'M' 'U' 'M' 'M' 'M' 'M' 'U' 'M' 'M' 'M' 'U' 'M' 'U'
 'M' 'M' 'U' 'M' 'M' 'U' 'M' 'M' 'U' 'U' 'M' 'U' 'M' 'M' 'M' 'M' 'M' 'M']"
138801,0,156,6,150,42,0,0,"['A' 'M' 'M' 'M' 'U' 'M' 'U' 'U' 'U' 'M' 'M' 'U' 'M' 'M' 'M' 'U' 'M' 'M'
 'U' 'M' 'M' 'M' 'M' 'U' 'M' 'M' 'M' 'M' 'M' 'M' 'M' 'M' 'M' 'M' 'U' 'M'
 'M' 'M' 'M' 'M' 'M' 'M' 'U' 'M' 'U' 'U' 'M' 'M' 'U' 'M' 'M' 'M' 'M' 'M'
 'M' 'M' 'U' 'U' 'M' 'U' 'M' 'M' 'M' 'M' 'M' 'M' 'M' 'M' 'M' 'M' 'M' 'U'
 'M' 'M' 'M' 'M' 'M' 'M' 'M' 'M' 'M' 'M' 'M' 'M' 'U' 'M' 'U' 'M' 'U' 'M'
 'M' 'M' 'M' 'M' 'U' 'M' 'M' 'U' 'M' 'M' 'M' 'M' 'M' 'U' 'M' 'M' 'M' 'U'
 'M' 'M' 'M' 'M' 'M' 'U' 'M' 'U' 'M' 'U' 'M' 'M' 'M' 'M' 'M' 'U' 'M' 'M'
 'U' 'U' 'M' 'M' 'M' 'M' 'A' 'M' 'M' 'A' 'M' 'M' 'M' 'M' 'U' 'U' 'M' 'M'
 'M' 'M' 'U' 'M' 'M' 'M' 'M' 'M' 'U' 'M' 'M' 'M' 'M' 'M' 'M' 'M' 'M' 'M'
 'U' 'U' 'M' 'M' 'U' 'M' 'A' 'M' 'M' 'M' 'M' 'M' 'M' 'M' 'M' 'M' 'M' 'A'
 'M' 'M' 'U' 'M' 'M' 'U' 'M' 'M' 'U' 'U' 'M' 'A' 'M' 'U' 'M' 'M' 'M' 'M']"
138901,0,144,3,141,54,0,0,"['A' 'U' 'M' 'M' 'U' 'M' 'U' 'M' 'U' 'M' 'M' 'U' 'M' 'M' 'M' 'U' 'U' 'M'
 'U' 'M' 'M' 'M' 'M' 'U' 'M' 'M' 'M' 'M' 'M' 'M' 'M' 'M' 'M' 'M' 'U' 'M'
 'M' 'M' 'M' 'M' 'M' 'M' 'U' 'M' 'U' 'U' 'M' 'U' 'M' 'M' 'U' 'M' 'M' 'M'
 'M' 'M' 'M' 'U' 'M' 'U' 'M' 'U' 'M' 'M' 'M' 'M' 'M' 'M' 'M' 'M' 'M' 'U'
 'M' 'M' 'U' 'M' 'M' 'U' 'M' 'M' 'M' 'M' 'M' 'M' 'M' 'M' 'M' 'M' 'M' 'M'
 'M' 'U' 'M' 'U' 'M' 'M' 'M' 'U' 'M' 'U' 'M' 'M' 'M' 'U' 'M' 'M' 'M' 'U'
 'M' 'M' 'M' 'U' 'M' 'U' 'M' 'U' 'M' 'U' 'M' 'M' 'M' 'U' 'M' 'U' 'M' 'U'
 'U' 'U' 'M' 'M' 'M' 'M' 'U' 'U' 'U' 'A' 'M' 'U' 'U' 'M' 'M' 'M' 'M' 'M'
 'M' 'M' 'U' 'M' 'M' 'M' 'M' 'M' 'M' 'M' 'U' 'M' 'M' 'M' 'U' 'M' 'M' 'M'
 'U' 'U' 'M' 'M' 'U' 'M' 'A' 'M' 'M' 'M' 'M' 'M' 'M' 'M' 'U' 'M' 'M' 'U'
 'M' 'M' 'U' 'M' 'M' 'U' 'M' 'M' 'M' 'U' 'M' 'U' 'M' 'U' 'M' 'M' 'M' 'M']"
139001,0,149,4,145,49,0,0,"['A' 'U' 'M' 'M' 'U' 'M' 'U' 'M' 'A' 'M' 'M' 'U' 'M' 'M' 'M' 'U' 'U' 'M'
 'U' 'M' 'M' 'M' 'M' 'U' 'M' 'M' 'M' 'M' 'U' 'M' 'M' 'M' 'M' 'M' 'U' 'M'
 'M' 'M' 'M' 'M' 'M' 'M' 'M' 'M' 'U' 'M' 'M' 'M' 'M' 'M' 'M' 'M' 'M' 'M'
 'M' 'M' 'M' 'U' 'U' 'U' 'M' 'U' 'M' 'M' 'M' 'M' 'U' 'M' 'M' 'M' 'M' 'M'
 'M' 'M' 'M' 'M' 'M' 'M' 'U' 'M' 'M' 'M' 'M' 'M' 'M' 'M' 'U' 'M' 'U' 'M'
 'M' 'M' 'M' 'U' 'M' 'M' 'M' 'A' 'M' 'U' 'M' 'M' 'M' 'U' 'M' 'M' 'M' 'U'
 'M' 'M' 'M' 'U' 'M' 'M' 'U' 'U' 'M' 'U' 'M' 'M' 'M' 'U' 'M' 'U' 'M' 'M'
 'M' 'U' 'M' 'M' 'M' 'M' 'U' 'U' 'U' 'U' 'M' 'U' 'U' 'M' 'M' 'M' 'M' 'M'
 'M' 'M' 'U' 'M' 'M' 'M' 'M' 'M' 'U' 'M' 'U' 'M' 'M' 'M' 'M' 'M' 'M' 'M'
 'U' 'U' 'M' 'M' 'U' 'M' 'A' 'M' 'M' 'M' 'M' 'M' 'M' 'M' 'U' 'M' 'M' 'M'
 'M' 'M' 'U' 'M' 'M' 'U' 'M' 'M' 'M' 'U' 'M' 'U' 'M' 'U' 'M' 'M' 'M' 'U']"
139101,1,155,4,151,43,0,0,"['A' 'M' 'M' 'M' 'U' 'M' 'M' 'M' 'A' 'M' 'M' 'M' 'U' 'M' 'M' 'M' 'U' 'M'
 'M' 'M' 'M' 'M' 'M' 'M' 'M' 'M' 'M' 'M' 'M' 'M' 'M' 'M' 'M' 'M' 'U' 'M'
 'M' 'M' 'M' 'M' 'M' 'M' 'M' 'M' 'U' 'M' 'M' 'M' 'M' 'U' 'M' 'M' 'M' 'M'
 'M' 'M' 'M' 'U' 'U' 'U' 'M' 'U' 'M' 'M' 'M' 'M' 'U' 'M' 'M' 'M' 'M' 'M'
 'M' 'U' 'M' 'M' 'M' 'M' 'M' 'M' 'U' 'M' 'U' 'M' 'M' 'M' 'M' 'M' 'M' 'M'
 'M' 'M' 'U' 'M' 'M' 'M' 'M' 'A' 'M' 'U' 'M' 'M' 'M' 'U' 'U' 'M' 'M' 'U'
 'M' 'M' 'M' 'U' 'M' 'M' 'U' 'U' 'M' 'M' 'M' 'M' 'M' 'M' 'M' 'U' 'M' 'M'
 'M' 'U' 'M' 'M' 'M' 'U' 'U' 'U' 'M' 'U' 'U' 'U' 'U' 'M' 'M' 'M' 'M' 'M'
 'U' 'M' 'M' 'M' 'M' 'M' 'M' 'M' 'U' 'M' 'U' 'M' 'M' 'M' 'M' 'M' 'M' 'M'
 'M' 'U' 'M' 'M' 'U' 'M' 'A' 'M' 'M' 'M' 'M' 'M' 'M' 'M' 'U' 'M' 'U' 'M'
 'M' 'M' 'U' 'M' 'M' 'U' 'M' 'M' 'M' 'U' 'M' 'U' 'M' 'M' 'M' 'M' 'M' 'U']"
139201,0,157,3,154,41,0,0,"['A' 'M' 'M' 'M' 'U' 'M' 'M' 'M' 'A' 'M' 'M' 'M' 'U' 'M' 'M' 'M' 'M' 'M'
 'U' 'M' 'M' 'M' 'M' 'M' 'M' 'U' 'M' 'M' 'M' 'M' 'M' 'M' 'M' 'M' 'U' 'M'
 'M' 'M' 'M' 'M' 'M' 'M' 'M' 'M' 'U' 'M' 'M' 'M' 'M' 'U' 'M' 'M' 'M' 'M'
 'M' 'M' 'M' 'U' 'U' 'U' 'M' 'U' 'M' 'M' 'M' 'M' 'M' 'U' 'M' 'M' 'U' 'M'
 'M' 'M' 'M' 'M' 'M' 'M' 'M' 'M' 'M' 'U' 'M' 'U' 'M' 'M' 'M' 'M' 'M' 'M'
 'U' 'M' 'M' 'M' 'M' 'M' 'M' 'A' 'M' 'U' 'M' 'M' 'M' 'M' 'U' 'M' 'M' 'U'
 'M' 'M' 'M' 'U' 'M' 'U' 'U' 'U' 'M' 'M' 'M' 'M' 'M' 'M' 'M' 'U' 'M' 'M'
 'M' 'U' 'M' 'M' 'M' 'M' 'U' 'U' 'U' 'M' 'M' 'U' 'U' 'M' 'M' 'M' 'M' 'M'
 'M' 'M' 'M' 'M' 'M' 'M' 'M' 'M' 'U' 'M' 'M' 'M' 'M' 'M' 'U' 'M' 'M' 'M'
 'M' 'U' 'M' 'M' 'U' 'M' 'U' 'M' 'M' 'M' 'M' 'M' 'M' 'M' 'U' 'M' 'U' 'M'
 'M' 'U' 'M' 'M' 'M' 'U' 'M' 'M' 'M' 'M' 'M' 'U' 'M' 'U' 'M' 'M' 'M' 'M']"
139301,0,157,3,154,41,1,0,"['A' 'M' 'M' 'M' 'U' 'M' 'U' 'M' 'A' 'M' 'M' 'M' 'U' 'M' 'M' 'M' 'M' 'M'
 'M' 'M' 'M' 'M' 'M' 'M' 'M' 'M' 'M' 'M' 'M' 'M' 'M' 'M' 'M' 'M' 'U' 'M'
 'M' 'M' 'M' 'M' 'M' 'U' 'M' 'M' 'U' 'M' 'M' 'M' 'M' 'M' 'M' 'M' 'M' 'M'
 'M' 'U' 'M' 'M' 'U' 'U' 'M' 'U' 'M' 'M' 'M' 'M' 'M' 'M' 'U' 'U' 'M' 'M'
 'U' 'M' 'M' 'M' 'M' 'U' 'M' 'M' 'M' 'M' 'M' 'M' 'M' 'M' 'M' 'M' 'M' 'M'
 'M' 'U' 'M' 'M' 'M' 'M' 'U' 'A' 'M' 'U' 'M' 'M' 'M' 'M' 'U' 'M' 'M' 'U'
 'M' 'M' 'M' 'U' 'M' 'M' 'M' 'U' 'M' 'M' 'M' 'M' 'U' 'M' 'M' 'U' 'M' 'M'
 'M' 'M' 'M' 'M' 'M' 'M' 'U' 'U' 'U' 'M' 'M' 'M' 'U' 'M' 'M' 'M' 'M' 'M'
 'M' 'M' 'M' 'M' 'M' 'M' 'M' 'M' 'U' 'M' 'M' 'M' 'M' 'M' 'U' 'U' 'M' 'M'
 'M' 'U' 'M' 'M' 'U' 'M' 'U' 'M' 'M' 'M' 'M' 'U' 'M' 'U' 'U' 'M' 'M' 'M'
 'M' 'U' 'M' 'M' 'M' 'U' 'M' 'M' 'M' 'M' 'U' 'U' 'M' 'U' 'M' 'M' 'M' 'M']"
139401,0,151,1,150,47,0,0,"['A' 'M' 'M' 'M' 'U' 'M' 'M' 'M' 'U' 'M' 'M' 'M' 'U' 'M' 'U' 'M' 'M' 'M'
 'M' 'M' 'M' 'M' 'M' 'M' 'M' 'M' 'M' 'M' 'M' 'M' 'M' 'M' 'U' 'M' 'U' 'M'
 'M' 'M' 'M' 'M' 'M' 'U' 'M' 'M' 'U' 'M' 'M' 'M' 'M' 'M' 'M' 'M' 'M' 'M'
 'M' 'U' 'U' 'M' 'U' 'U' 'M' 'U' 'M' 'M' 'M' 'M' 'U' 'M' 'M' 'M' 'M' 'U'
 'M' 'M' 'M' 'M' 'M' 'M' 'M' 'M' 'M' 'M' 'M' 'M' 'M' 'M' 'M' 'M' 'U' 'U'
 'U' 'M' 'M' 'M' 'M' 'M' 'U' 'U' 'M' 'U' 'M' 'M' 'M' 'M' 'U' 'M' 'M' 'M'
 'M' 'M' 'M' 'M' 'M' 'M' 'M' 'M' 'U' 'M' 'M' 'M' 'U' 'M' 'M' 'U' 'M' 'M'
 'M' 'M' 'M' 'M' 'M' 'M' 'M' 'U' 'U' 'U' 'U' 'U' 'U' 'M' 'M' 'M' 'U' 'M'
 'M' 'M' 'M' 'M' 'U' 'M' 'M' 'M' 'U' 'M' 'M' 'M' 'M' 'M' 'U' 'U' 'M' 'M'
 'M' 'U' 'M' 'M' 'U' 'M' 'U' 'M' 'M' 'M' 'M' 'U' 'M' 'U' 'M' 'M' 'M' 'M'
 'M' 'U' 'M' 'M' 'M' 'U' 'M' 'M' 'M' 'M' 'U' 'U' 'U' 'U' 'M' 'M' 'M' 'M']"
139501,0,154,2,152,44,0,0,"['A' 'M' 'M' 'M' 'U' 'M' 'M' 'M' 'U' 'M' 'M' 'M' 'U' 'M' 'U' 'U' 'M' 'M'
 'M' 'M' 'M' 'M' 'M' 'M' 'M' 'M' 'M' 'M' 'M' 'M' 'M' 'M' 'U' 'M' 'U' 'M'
 'M' 'M' 'M' 'M' 'U' 'U' 'M' 'M' 'U' 'M' 'M' 'M' 'M' 'M' 'M' 'M' 'M' 'M'
 'M' 'U' 'U' 'M' 'U' 'M' 'M' 'M' 'U' 'M' 'M' 'U' 'U' 'U' 'M' 'M' 'M' 'M'
 'M' 'M' 'M' 'M' 'M' 'M' 'M' 'U' 'M' 'M' 'M' 'M' 'M' 'M' 'M' 'M' 'M' 'U'
 'M' 'M' 'M' 'M' 'M' 'M' 'U' 'U' 'M' 'U' 'M' 'M' 'M' 'M' 'U' 'M' 'M' 'M'
 'M' 'M' 'M' 'M' 'M' 'M' 'M' 'M' 'U' 'M' 'M' 'M' 'M' 'M' 'M' 'U' 'M' 'M'
 'M' 'M' 'M' 'U' 'M' 'M' 'M' 'U' 'M' 'U' 'M' 'U' 'U' 'M' 'M' 'M' 'U' 'M'
 'M' 'M' 'M' 'M' 'U' 'M' 'M' 'M' 'U' 'M' 'M' 'M' 'M' 'M' 'U' 'U' 'M' 'U'
 'M' 'M' 'M' 'M' 'U' 'M' 'A' 'M' 'M' 'M' 'M' 'U' 'M' 'U' 'M' 'M' 'M' 'M'
 'M' 'U' 'M' 'M' 'M' 'U' 'M' 'M' 'M' 'M' 'U' 'U' 'M' 'U' 'M' 'M' 'M' 'M']"
139601,0,160,3,157,38,0,0,"['A' 'M' 'M' 'M' 'M' 'M' 'M' 'M' 'M' 'M' 'M' 'M' 'M' 'U' 'U' 'U' 'M' 'M'
 'M' 'M' 'U' 'M' 'M' 'M' 'U' 'M' 'M' 'M' 'M' 'M' 'M' 'M' 'U' 'M' 'M' 'M'
 'M' 'M' 'M' 'M' 'U' 'M' 'M' 'M' 'U' 'M' 'M' 'M' 'M' 'M' 'M' 'M' 'M' 'M'
 'M' 'U' 'M' 'M' 'A' 'M' 'M' 'M' 'U' 'M' 'M' 'U' 'M' 'M' 'M' 'M' 'M' 'M'
 'U' 'U' 'M' 'M' 'M' 'M' 'M' 'M' 'M' 'M' 'M' 'U' 'M' 'M' 'M' 'M' 'M' 'M'
 'M' 'M' 'M' 'M' 'U' 'M' 'U' 'M' 'M' 'U' 'M' 'M' 'M' 'M' 'U' 'M' 'M' 'M'
 'M' 'M' 'M' 'M' 'M' 'M' 'M' 'M' 'U' 'M' 'M' 'M' 'M' 'M' 'M' 'U' 'M' 'M'
 'M' 'M' 'M' 'U' 'M' 'M' 'M' 'U' 'M' 'U' 'M' 'U' 'U' 'M' 'M' 'M' 'M' 'M'
 'M' 'M' 'M' 'M' 'U' 'M' 'M' 'M' 'U' 'M' 'M' 'M' 'M' 'M' 'U' 'U' 'M' 'U'
 'M' 'M' 'M' 'M' 'U' 'M' 'A' 'M' 'M' 'M' 'M' 'U' 'M' 'U' 'M' 'U' 'M' 'M'
 'M' 'U' 'M' 'M' 'M' 'M' 'M' 'M' 'M' 'M' 'U' 'U' 'M' 'U' 'M' 'M' 'M' 'M']"
139701,0,165,2,163,33,0,0,"['A' 'M' 'M' 'M' 'M' 'M' 'M' 'M' 'M' 'M' 'M' 'M' 'M' 'U' 'U' 'U' 'M' 'M'
 'M' 'M' 'U' 'M' 'M' 'M' 'M' 'M' 'M' 'M' 'M' 'M' 'M' 'M' 'U' 'M' 'M' 'M'
 'M' 'M' 'M' 'M' 'M' 'M' 'M' 'M' 'M' 'M' 'M' 'U' 'M' 'M' 'M' 'M' 'M' 'M'
 'M' 'U' 'M' 'M' 'U' 'M' 'M' 'M' 'U' 'M' 'M' 'M' 'M' 'U' 'M' 'M' 'M' 'M'
 'U' 'M' 'M' 'M' 'M' 'M' 'U' 'M' 'M' 'M' 'M' 'M' 'M' 'M' 'M' 'U' 'M' 'M'
 'M' 'M' 'M' 'M' 'U' 'M' 'M' 'M' 'M' 'U' 'M' 'M' 'M' 'M' 'M' 'M' 'M' 'M'
 'M' 'M' 'M' 'M' 'M' 'M' 'M' 'M' 'U' 'M' 'M' 'M' 'M' 'M' 'M' 'U' 'M' 'M'
 'M' 'U' 'M' 'U' 'M' 'M' 'M' 'U' 'M' 'U' 'M' 'U' 'U' 'M' 'M' 'M' 'M' 'M'
 'M' 'M' 'M' 'U' 'U' 'M' 'M' 'M' 'U' 'M' 'M' 'M' 'M' 'M' 'U' 'M' 'M' 'M'
 'M' 'U' 'M' 'M' 'M' 'M' 'A' 'M' 'U' 'M' 'M' 'U' 'M' 'U' 'M' 'M' 'M' 'M'
 'M' 'U' 'M' 'M' 'M' 'M' 'M' 'M' 'M' 'M' 'M' 'U' 'M' 'M' 'M' 'M' 'M' 'M']"
139801,0,168,2,166,30,0,0,"['A' 'M' 'M' 'M' 'M' 'M' 'M' 'M' 'M' 'M' 'M' 'M' 'M' 'M' 'M' 'M' 'M' 'M'
 'M' 'M' 'U' 'M' 'M' 'M' 'M' 'M' 'M' 'M' 'M' 'M' 'M' 'U' 'U' 'M' 'M' 'M'
 'U' 'U' 'M' 'M' 'M' 'M' 'M' 'M' 'M' 'M' 'M' 'M' 'M' 'M' 'M' 'M' 'M' 'M'
 'M' 'U' 'M' 'M' 'U' 'M' 'M' 'M' 'U' 'M' 'M' 'M' 'M' 'M' 'U' 'M' 'M' 'M'
 'M' 'U' 'U' 'M' 'M' 'U' 'M' 'M' 'M' 'M' 'M' 'M' 'M' 'M' 'M' 'M' 'M' 'M'
 'M' 'M' 'M' 'U' 'M' 'M' 'M' 'M' 'M' 'M' 'M' 'U' 'M' 'M' 'M' 'M' 'M' 'M'
 'M' 'M' 'M' 'M' 'U' 'M' 'M' 'M' 'U' 'M' 'M' 'M' 'M' 'M' 'M' 'A' 'M' 'M'
 'M' 'U' 'M' 'U' 'M' 'M' 'M' 'M' 'M' 'U' 'M' 'U' 'M' 'M' 'M' 'M' 'M' 'M'
 'M' 'M' 'M' 'M' 'U' 'M' 'M' 'M' 'U' 'M' 'M' 'M' 'M' 'M' 'U' 'U' 'M' 'M'
 'M' 'M' 'M' 'M' 'M' 'M' 'U' 'M' 'U' 'M' 'M' 'U' 'M' 'U' 'M' 'M' 'M' 'M'
 'U' 'U' 'M' 'M' 'M' 'M' 'M' 'M' 'M' 'M' 'M' 'M' 'M' 'M' 'M' 'M' 'M' 'M']"
139901,0,167,2,165,31,0,0,"['A' 'M' 'M' 'M' 'M' 'M' 'M' 'M' 'M' 'M' 'U' 'M' 'M' 'M' 'M' 'M' 'M' 'M'
 'M' 'M' 'U' 'M' 'M' 'M' 'M' 'M' 'M' 'M' 'M' 'M' 'M' 'M' 'U' 'M' 'M' 'M'
 'U' 'U' 'M' 'M' 'M' 'M' 'M' 'M' 'M' 'M' 'M' 'M' 'M' 'M' 'M' 'M' 'M' 'M'
 'M' 'U' 'M' 'U' 'U' 'M' 'M' 'M' 'U' 'M' 'M' 'M' 'M' 'M' 'M' 'M' 'M' 'M'
 'M' 'M' 'M' 'M' 'M' 'M' 'M' 'U' 'M' 'M' 'M' 'U' 'M' 'M' 'M' 'M' 'U' 'M'
 'U' 'M' 'M' 'M' 'U' 'M' 'M' 'M' 'M' 'M' 'M' 'U' 'M' 'M' 'M' 'M' 'M' 'M'
 'M' 'M' 'M' 'M' 'U' 'M' 'M' 'M' 'U' 'M' 'M' 'M' 'M' 'M' 'M' 'A' 'M' 'M'
 'M' 'M' 'M' 'U' 'M' 'M' 'M' 'M' 'M' 'U' 'M' 'U' 'M' 'M' 'M' 'M' 'M' 'M'
 'M' 'M' 'M' 'U' 'U' 'M' 'M' 'M' 'M' 'M' 'M' 'M' 'M' 'M' 'M' 'U' 'M' 'M'
 'M' 'M' 'U' 'M' 'M' 'M' 'U' 'M' 'U' 'M' 'U' 'U' 'M' 'U' 'M' 'M' 'M' 'M'
 'M' 'U' 'M' 'M' 'M' 'U' 'M' 'M' 'M' 'M' 'M' 'M' 'M' 'M' 'M' 'M' 'M' 'M']"
140001,0,167,2,165,31,0,0,"['A' 'M' 'M' 'M' 'M' 'M' 'M' 'M' 'M' 'M' 'M' 'M' 'M' 'U' 'M' 'M' 'M' 'M'
 'M' 'M' 'U' 'M' 'M' 'M' 'M' 'M' 'M' 'M' 'M' 'M' 'M' 'M' 'U' 'M' 'M' 'M'
 'U' 'U' 'M' 'M' 'M' 'M' 'M' 'M' 'M' 'M' 'M' 'M' 'M' 'M' 'M' 'M' 'M' 'M'
 'M' 'U' 'M' 'U' 'U' 'M' 'M' 'M' 'U' 'M' 'M' 'M' 'U' 'M' 'M' 'M' 'M' 'M'
 'M' 'M' 'M' 'M' 'M' 'M' 'M' 'M' 'M' 'M' 'M' 'U' 'U' 'M' 'M' 'U' 'M' 'M'
 'M' 'M' 'M' 'M' 'U' 'M' 'M' 'U' 'M' 'M' 'M' 'U' 'M' 'U' 'M' 'M' 'M' 'M'
 'M' 'M' 'M' 'M' 'U' 'M' 'M' 'M' 'U' 'M' 'M' 'M' 'M' 'M' 'M' 'A' 'M' 'M'
 'M' 'M' 'M' 'U' 'M' 'M' 'M' 'M' 'U' 'U' 'M' 'M' 'M' 'M' 'M' 'M' 'M' 'M'
 'M' 'M' 'M' 'U' 'M' 'M' 'M' 'M' 'M' 'M' 'M' 'M' 'M' 'M' 'M' 'U' 'M' 'M'
 'M' 'M' 'U' 'M' 'M' 'M' 'U' 'M' 'M' 'M' 'U' 'U' 'M' 'U' 'M' 'M' 'M' 'U'
 'M' 'M' 'M' 'M' 'M' 'U' 'M' 'M' 'M' 'M' 'M' 'M' 'M' 'M' 'M' 'M' 'M' 'M']"
140101,0,164,3,161,34,1,0,"['A' 'M' 'M' 'A' 'M' 'M' 'M' 'M' 'M' 'M' 'M' 'M' 'M' 'U' 'M' 'M' 'M' 'M'
 'M' 'M' 'M' 'M' 'M' 'M' 'M' 'M' 'M' 'M' 'M' 'U' 'M' 'M' 'U' 'M' 'M' 'M'
 'U' 'U' 'M' 'M' 'M' 'M' 'M' 'M' 'M' 'M' 'M' 'M' 'M' 'M' 'M' 'M' 'M' 'M'
 'M' 'M' 'M' 'U' 'U' 'M' 'M' 'M' 'M' 'M' 'M' 'U' 'M' 'M' 'M' 'M' 'M' 'M'
 'M' 'M' 'U' 'M' 'M' 'U' 'M' 'M' 'M' 'M' 'M' 'M' 'M' 'U' 'M' 'M' 'M' 'M'
 'M' 'U' 'M' 'M' 'M' 'M' 'M' 'U' 'M' 'M' 'M' 'M' 'M' 'U' 'M' 'M' 'M' 'M'
 'M' 'M' 'M' 'M' 'M' 'M' 'U' 'M' 'U' 'M' 'M' 'M' 'M' 'M' 'M' 'A' 'M' 'M'
 'M' 'M' 'M' 'U' 'M' 'M' 'M' 'M' 'U' 'U' 'U' 'M' 'M' 'M' 'M' 'M' 'M' 'M'
 'M' 'M' 'M' 'U' 'M' 'M' 'M' 'M' 'U' 'M' 'M' 'U' 'M' 'M' 'M' 'M' 'M' 'M'
 'U' 'M' 'U' 'M' 'M' 'M' 'U' 'M' 'M' 'M' 'M' 'U' 'M' 'U' 'M' 'M' 'M' 'U'
 'M' 'M' 'U' 'M' 'U' 'M' 'U' 'U' 'M' 'M' 'M' 'M' 'U' 'M' 'M' 'M' 'M' 'M']"
140201,2,165,4,161,33,0,0,"['A' 'M' 'M' 'A' 'U' 'M' 'M' 'U' 'M' 'M' 'M' 'M' 'M' 'M' 'M' 'M' 'M' 'M'
 'M' 'M' 'M' 'M' 'M' 'M' 'U' 'M' 'M' 'M' 'M' 'U' 'M' 'M' 'M' 'M' 'M' 'M'
 'U' 'U' 'M' 'M' 'M' 'M' 'M' 'M' 'M' 'M' 'M' 'M' 'M' 'M' 'M' 'U' 'M' 'M'
 'M' 'M' 'M' 'A' 'M' 'M' 'M' 'M' 'M' 'M' 'M' 'M' 'M' 'U' 'U' 'M' 'M' 'U'
 'M' 'M' 'M' 'M' 'M' 'M' 'M' 'M' 'M' 'M' 'M' 'U' 'M' 'M' 'M' 'M' 'M' 'U'
 'M' 'M' 'M' 'M' 'M' 'M' 'M' 'U' 'M' 'M' 'M' 'M' 'M' 'U' 'M' 'M' 'M' 'M'
 'M' 'M' 'M' 'M' 'M' 'M' 'U' 'M' 'M' 'M' 'M' 'M' 'M' 'M' 'M' 'A' 'M' 'M'
 'M' 'M' 'M' 'U' 'M' 'M' 'U' 'U' 'U' 'U' 'U' 'U' 'M' 'M' 'M' 'M' 'M' 'M'
 'M' 'M' 'M' 'U' 'M' 'M' 'M' 'M' 'M' 'M' 'M' 'U' 'M' 'M' 'M' 'M' 'M' 'M'
 'U' 'M' 'M' 'M' 'M' 'M' 'U' 'M' 'M' 'M' 'M' 'U' 'M' 'U' 'M' 'M' 'M' 'U'
 'M' 'M' 'U' 'M' 'U' 'M' 'U' 'U' 'M' 'M' 'M' 'M' 'M' 'M' 'M' 'M' 'M' 'M']"
140301,0,159,3,156,39,0,0,"['A' 'M' 'M' 'A' 'U' 'M' 'M' 'U' 'M' 'M' 'U' 'M' 'M' 'M' 'M' 'M' 'M' 'M'
 'M' 'M' 'M' 'M' 'M' 'M' 'U' 'M' 'M' 'M' 'M' 'U' 'M' 'M' 'M' 'M' 'M' 'M'
 'U' 'U' 'M' 'M' 'M' 'M' 'M' 'M' 'M' 'M' 'M' 'M' 'M' 'M' 'M' 'U' 'M' 'M'
 'M' 'M' 'M' 'M' 'M' 'M' 'M' 'M' 'M' 'M' 'U' 'M' 'M' 'M' 'U' 'U' 'M' 'U'
 'M' 'M' 'M' 'M' 'M' 'M' 'U' 'M' 'M' 'M' 'M' 'M' 'M' 'M' 'M' 'M' 'M' 'M'
 'M' 'M' 'U' 'M' 'M' 'M' 'M' 'U' 'M' 'M' 'M' 'M' 'M' 'U' 'M' 'M' 'M' 'M'
 'U' 'M' 'M' 'M' 'M' 'M' 'U' 'U' 'M' 'M' 'M' 'M' 'M' 'M' 'M' 'A' 'M' 'M'
 'M' 'M' 'M' 'M' 'M' 'M' 'U' 'M' 'U' 'U' 'U' 'U' 'U' 'M' 'U' 'M' 'M' 'M'
 'M' 'M' 'M' 'M' 'M' 'M' 'M' 'M' 'M' 'M' 'U' 'U' 'M' 'M' 'M' 'M' 'M' 'M'
 'U' 'M' 'U' 'M' 'M' 'M' 'U' 'M' 'M' 'M' 'U' 'U' 'M' 'U' 'M' 'M' 'M' 'U'
 'M' 'M' 'U' 'M' 'M' 'M' 'U' 'U' 'M' 'M' 'M' 'M' 'M' 'M' 'M' 'M' 'M' 'U']"
140401,0,162,4,158,36,0,0,"['A' 'M' 'M' 'A' 'U' 'M' 'M' 'U' 'M' 'M' 'U' 'M' 'M' 'M' 'M' 'U' 'M' 'M'
 'M' 'M' 'M' 'M' 'M' 'M' 'U' 'M' 'M' 'M' 'M' 'U' 'M' 'M' 'M' 'M' 'M' 'M'
 'M' 'U' 'M' 'M' 'M' 'M' 'M' 'M' 'M' 'M' 'M' 'M' 'M' 'M' 'M' 'U' 'M' 'M'
 'M' 'M' 'U' 'M' 'M' 'M' 'M' 'M' 'M' 'M' 'U' 'M' 'M' 'M' 'U' 'M' 'M' 'M'
 'M' 'U' 'M' 'M' 'M' 'M' 'M' 'M' 'M' 'U' 'M' 'U' 'M' 'M' 'M' 'M' 'M' 'M'
 'U' 'M' 'M' 'M' 'M' 'M' 'U' 'U' 'M' 'M' 'M' 'M' 'M' 'U' 'M' 'M' 'M' 'M'
 'U' 'M' 'M' 'M' 'M' 'M' 'U' 'A' 'M' 'M' 'M' 'M' 'U' 'M' 'M' 'A' 'M' 'M'
 'M' 'M' 'M' 'M' 'M' 'M' 'U' 'M' 'U' 'M' 'U' 'U' 'M' 'M' 'M' 'M' 'U' 'M'
 'M' 'M' 'M' 'M' 'M' 'M' 'M' 'M' 'M' 'M' 'U' 'U' 'M' 'M' 'M' 'M' 'M' 'M'
 'M' 'M' 'M' 'M' 'M' 'M' 'U' 'M' 'M' 'M' 'M' 'U' 'M' 'M' 'M' 'M' 'M' 'U'
 'M' 'M' 'U' 'M' 'M' 'M' 'U' 'U' 'M' 'M' 'M' 'M' 'U' 'M' 'M' 'M' 'M' 'U']"
140501,0,160,4,156,38,0,0,"['A' 'M' 'M' 'A' 'U' 'M' 'M' 'M' 'M' 'M' 'U' 'M' 'M' 'M' 'M' 'U' 'M' 'M'
 'M' 'M' 'M' 'M' 'M' 'M' 'U' 'M' 'M' 'M' 'M' 'U' 'M' 'M' 'U' 'M' 'U' 'M'
 'M' 'U' 'M' 'M' 'M' 'M' 'M' 'M' 'M' 'M' 'M' 'M' 'M' 'M' 'M' 'U' 'U' 'M'
 'M' 'M' 'M' 'M' 'M' 'M' 'M' 'M' 'U' 'U' 'M' 'M' 'M' 'M' 'M' 'U' 'M' 'M'
 'M' 'U' 'M' 'M' 'M' 'M' 'M' 'M' 'U' 'M' 'M' 'M' 'M' 'M' 'M' 'M' 'M' 'M'
 'U' 'M' 'M' 'U' 'M' 'M' 'U' 'M' 'M' 'M' 'M' 'M' 'M' 'U' 'M' 'M' 'U' 'M'
 'U' 'M' 'M' 'M' 'M' 'M' 'M' 'A' 'M' 'M' 'M' 'M' 'U' 'M' 'M' 'A' 'M' 'M'
 'M' 'M' 'M' 'M' 'M' 'M' 'U' 'M' 'U' 'M' 'U' 'U' 'M' 'M' 'M' 'M' 'U' 'M'
 'M' 'M' 'M' 'M' 'M' 'M' 'M' 'M' 'U' 'M' 'U' 'U' 'M' 'U' 'M' 'M' 'M' 'M'
 'M' 'M' 'M' 'M' 'M' 'M' 'M' 'M' 'M' 'M' 'M' 'U' 'M' 'M' 'M' 'M' 'M' 'U'
 'M' 'M' 'U' 'M' 'M' 'U' 'U' 'M' 'M' 'M' 'M' 'M' 'U' 'M' 'M' 'M' 'M' 'U']"
140601,1,161,3,158,37,0,0,"['A' 'M' 'M' 'A' 'U' 'M' 'U' 'M' 'M' 'M' 'M' 'M' 'M' 'M' 'M' 'U' 'M' 'M'
 'M' 'M' 'M' 'M' 'M' 'M' 'U' 'M' 'M' 'M' 'M' 'U' 'M' 'M' 'U' 'M' 'U' 'M'
 'M' 'M' 'M' 'M' 'M' 'M' 'M' 'M' 'M' 'M' 'M' 'M' 'M' 'M' 'M' 'U' 'U' 'M'
 'U' 'M' 'M' 'M' 'U' 'M' 'M' 'M' 'U' 'M' 'M' 'M' 'M' 'M' 'M' 'U' 'M' 'U'
 'M' 'M' 'M' 'M' 'M' 'M' 'M' 'U' 'M' 'M' 'M' 'M' 'M' 'U' 'M' 'M' 'M' 'M'
 'M' 'M' 'M' 'M' 'U' 'M' 'U' 'M' 'M' 'M' 'M' 'M' 'M' 'U' 'M' 'M' 'U' 'M'
 'U' 'M' 'M' 'U' 'M' 'M' 'M' 'A' 'M' 'M' 'M' 'M' 'M' 'M' 'M' 'U' 'M' 'M'
 'M' 'M' 'M' 'M' 'U' 'M' 'U' 'U' 'U' 'M' 'U' 'U' 'M' 'M' 'M' 'M' 'U' 'M'
 'M' 'M' 'M' 'M' 'M' 'M' 'M' 'M' 'M' 'M' 'U' 'M' 'M' 'U' 'M' 'M' 'M' 'M'
 'M' 'M' 'M' 'M' 'M' 'M' 'M' 'M' 'M' 'M' 'M' 'U' 'M' 'M' 'M' 'M' 'M' 'M'
 'M' 'M' 'U' 'M' 'M' 'U' 'U' 'M' 'M' 'M' 'M' 'M' 'M' 'M' 'M' 'M' 'M' 'U']"
140701,0,167,6,161,31,1,0,"['A' 'M' 'M' 'A' 'M' 'M' 'U' 'M' 'M' 'M' 'M' 'M' 'M' 'M' 'M' 'U' 'M' 'U'
 'M' 'M' 'M' 'M' 'U' 'M' 'M' 'M' 'M' 'M' 'M' 'U' 'M' 'M' 'M' 'M' 'U' 'M'
 'M' 'M' 'M' 'M' 'M' 'M' 'M' 'M' 'M' 'M' 'M' 'M' 'M' 'M' 'M' 'U' 'U' 'M'
 'M' 'M' 'M' 'M' 'U' 'M' 'M' 'M' 'A' 'M' 'M' 'U' 'M' 'M' 'M' 'M' 'M' 'M'
 'U' 'M' 'M' 'M' 'M' 'U' 'M' 'U' 'M' 'U' 'M' 'M' 'M' 'M' 'M' 'M' 'M' 'M'
 'M' 'M' 'M' 'M' 'M' 'M' 'U' 'U' 'M' 'M' 'M' 'M' 'M' 'U' 'M' 'M' 'U' 'M'
 'U' 'M' 'M' 'U' 'M' 'M' 'M' 'A' 'M' 'M' 'M' 'M' 'M' 'M' 'M' 'U' 'M' 'M'
 'M' 'M' 'M' 'M' 'M' 'M' 'U' 'U' 'U' 'M' 'U' 'A' 'A' 'M' 'M' 'M' 'U' 'M'
 'M' 'M' 'M' 'M' 'M' 'M' 'M' 'M' 'M' 'M' 'U' 'M' 'M' 'M' 'M' 'M' 'M' 'M'
 'M' 'M' 'M' 'M' 'U' 'M' 'M' 'M' 'M' 'M' 'M' 'U' 'M' 'M' 'U' 'M' 'M' 'M'
 'M' 'M' 'M' 'M' 'M' 'M' 'M' 'M' 'M' 'U' 'M' 'M' 'M' 'M' 'M' 'M' 'M' 'M']"
140801,0,166,7,159,32,0,1,"['A' 'M' 'M' 'A' 'M' 'M' 'M' 'M' 'M' 'M' 'M' 'M' 'M' 'M' 'M' 'U' 'M' 'A'
 'M' 'M' 'M' 'M' 'U' 'M' 'M' 'M' 'M' 'M' 'M' 'U' 'M' 'M' 'M' 'M' 'M' 'M'
 'M' 'M' 'M' 'U' 'M' 'M' 'M' 'M' 'M' 'M' 'U' 'M' 'M' 'M' 'U' 'U' 'U' 'M'
 'M' 'M' 'M' 'M' 'M' 'M' 'M' 'M' 'U' 'M' 'M' 'M' 'M' 'M' 'U' 'M' 'U' 'U'
 'M' 'M' 'M' 'M' 'M' 'M' 'M' 'M' 'M' 'M' 'M' 'M' 'M' 'M' 'M' 'U' 'M' 'M'
 'U' 'M' 'M' 'M' 'M' 'M' 'U' 'M' 'M' 'M' 'M' 'M' 'M' 'U' 'M' 'U' 'M' 'M'
 'U' 'M' 'M' 'U' 'M' 'M' 'M' 'A' 'M' 'U' 'U' 'M' 'M' 'M' 'M' 'U' 'M' 'M'
 'M' 'U' 'M' 'M' 'M' 'M' 'U' 'U' 'U' 'M' 'U' 'A' 'A' 'M' 'M' 'M' 'M' 'M'
 'M' 'U' 'M' 'M' 'M' 'M' 'M' 'M' 'M' 'U' 'A' 'M' 'M' 'M' 'M' 'M' 'M' 'M'
 'M' 'M' 'M' 'M' 'M' 'M' 'M' 'M' 'M' 'M' 'M' 'U' 'M' 'U' 'U' 'M' 'M' 'M'
 'M' 'M' 'M' 'M' 'M' 'M' 'M' 'M' 'M' 'M' 'M' 'M' 'M' 'M' 'M' 'M' 'M' 'M']"
140901,0,172,6,166,26,0,0,"['A' 'M' 'M' 'M' 'M' 'M' 'M' 'M' 'M' 'M' 'M' 'M' 'M' 'M' 'M' 'U' 'M' 'M'
 'M' 'M' 'M' 'M' 'M' 'M' 'M' 'M' 'M' 'M' 'M' 'U' 'M' 'M' 'M' 'M' 'M' 'M'
 'M' 'M' 'M' 'U' 'M' 'M' 'M' 'M' 'M' 'M' 'U' 'M' 'M' 'M' 'U' 'M' 'U' 'M'
 'M' 'M' 'M' 'M' 'M' 'M' 'M' 'M' 'M' 'M' 'M' 'M' 'U' 'M' 'M' 'M' 'M' 'M'
 'M' 'M' 'M' 'M' 'M' 'M' 'M' 'M' 'U' 'M' 'M' 'M' 'U' 'M' 'M' 'M' 'M' 'U'
 'M' 'M' 'M' 'U' 'M' 'M' 'M' 'M' 'M' 'M' 'M' 'M' 'M' 'U' 'M' 'U' 'M' 'M'
 'U' 'M' 'M' 'U' 'M' 'M' 'M' 'A' 'M' 'U' 'U' 'M' 'M' 'M' 'M' 'U' 'M' 'M'
 'M' 'U' 'M' 'M' 'M' 'M' 'U' 'M' 'A' 'M' 'M' 'A' 'A' 'M' 'U' 'M' 'M' 'M'
 'M' 'U' 'M' 'M' 'M' 'M' 'M' 'M' 'M' 'M' 'A' 'M' 'M' 'M' 'M' 'M' 'M' 'M'
 'M' 'U' 'M' 'M' 'M' 'M' 'M' 'M' 'M' 'M' 'M' 'M' 'M' 'U' 'U' 'M' 'M' 'M'
 'M' 'M' 'M' 'M' 'M' 'M' 'M' 'M' 'M' 'M' 'M' 'M' 'M' 'M' 'M' 'U' 'M' 'M']"
141001,0,169,6,163,29,0,0,"['A' 'M' 'M' 'M' 'M' 'M' 'M' 'M' 'M' 'M' 'M' 'M' 'M' 'M' 'M' 'U' 'M' 'U'
 'M' 'M' 'M' 'M' 'M' 'M' 'M' 'M' 'M' 'M' 'M' 'U' 'M' 'M' 'M' 'M' 'M' 'M'
 'M' 'M' 'M' 'U' 'M' 'M' 'M' 'M' 'M' 'M' 'U' 'M' 'M' 'M' 'M' 'M' 'M' 'M'
 'M' 'M' 'M' 'M' 'M' 'M' 'M' 'M' 'M' 'M' 'M' 'M' 'M' 'M' 'M' 'M' 'M' 'M'
 'M' 'M' 'M' 'M' 'M' 'M' 'M' 'U' 'U' 'M' 'U' 'M' 'M' 'M' 'M' 'M' 'M' 'M'
 'M' 'M' 'M' 'U' 'U' 'M' 'M' 'M' 'M' 'M' 'M' 'U' 'M' 'U' 'M' 'U' 'M' 'M'
 'M' 'M' 'U' 'U' 'M' 'M' 'M' 'A' 'M' 'U' 'U' 'M' 'M' 'M' 'M' 'U' 'M' 'U'
 'M' 'U' 'M' 'M' 'M' 'M' 'U' 'M' 'A' 'M' 'M' 'A' 'U' 'U' 'U' 'M' 'M' 'M'
 'M' 'M' 'M' 'M' 'M' 'M' 'M' 'M' 'M' 'M' 'A' 'M' 'M' 'M' 'M' 'M' 'U' 'M'
 'M' 'U' 'A' 'M' 'M' 'M' 'M' 'M' 'M' 'M' 'M' 'M' 'M' 'U' 'U' 'M' 'M' 'M'
 'M' 'M' 'M' 'M' 'M' 'M' 'M' 'M' 'M' 'M' 'M' 'M' 'M' 'M' 'M' 'U' 'M' 'M']"
141101,0,168,5,163,30,0,0,"['A' 'M' 'M' 'M' 'M' 'M' 'M' 'M' 'U' 'M' 'M' 'M' 'M' 'M' 'M' 'U' 'M' 'U'
 'M' 'U' 'U' 'M' 'M' 'M' 'M' 'M' 'M' 'M' 'M' 'M' 'M' 'M' 'M' 'M' 'M' 'M'
 'M' 'M' 'M' 'U' 'M' 'M' 'M' 'M' 'M' 'M' 'M' 'M' 'M' 'M' 'M' 'M' 'M' 'M'
 'M' 'M' 'M' 'M' 'M' 'M' 'M' 'M' 'M' 'M' 'M' 'M' 'M' 'M' 'M' 'M' 'U' 'M'
 'M' 'U' 'M' 'U' 'M' 'U' 'M' 'M' 'U' 'M' 'M' 'M' 'M' 'M' 'M' 'M' 'M' 'M'
 'M' 'M' 'M' 'M' 'M' 'M' 'M' 'U' 'M' 'M' 'M' 'U' 'M' 'M' 'M' 'U' 'U' 'M'
 'M' 'M' 'M' 'U' 'M' 'M' 'M' 'A' 'M' 'U' 'U' 'M' 'M' 'M' 'M' 'M' 'M' 'U'
 'M' 'U' 'M' 'M' 'M' 'M' 'U' 'M' 'M' 'M' 'M' 'A' 'U' 'M' 'M' 'U' 'U' 'M'
 'M' 'M' 'M' 'M' 'M' 'M' 'M' 'M' 'M' 'M' 'A' 'M' 'M' 'M' 'M' 'M' 'U' 'M'
 'M' 'U' 'A' 'M' 'M' 'M' 'M' 'M' 'M' 'M' 'M' 'M' 'M' 'U' 'U' 'M' 'M' 'M'
 'M' 'M' 'M' 'M' 'M' 'M' 'M' 'M' 'M' 'M' 'M' 'M' 'U' 'M' 'M' 'U' 'M' 'M']"
141201,0,166,5,161,32,0,0,"['A' 'M' 'M' 'M' 'M' 'M' 'U' 'M' 'A' 'M' 'M' 'M' 'U' 'M' 'M' 'U' 'M' 'U'
 'M' 'U' 'U' 'M' 'U' 'M' 'U' 'M' 'M' 'U' 'M' 'M' 'M' 'M' 'M' 'M' 'M' 'M'
 'M' 'M' 'M' 'M' 'U' 'M' 'M' 'M' 'M' 'M' 'M' 'M' 'M' 'U' 'M' 'M' 'M' 'M'
 'M' 'M' 'M' 'M' 'M' 'M' 'M' 'M' 'M' 'M' 'M' 'M' 'M' 'M' 'M' 'U' 'M' 'M'
 'M' 'M' 'M' 'M' 'U' 'M' 'M' 'M' 'M' 'M' 'M' 'M' 'U' 'M' 'M' 'M' 'U' 'M'
 'M' 'M' 'M' 'U' 'M' 'M' 'M' 'M' 'M' 'M' 'M' 'U' 'M' 'U' 'M' 'M' 'U' 'M'
 'M' 'M' 'M' 'M' 'M' 'M' 'M' 'A' 'M' 'M' 'U' 'M' 'M' 'M' 'M' 'M' 'M' 'U'
 'M' 'U' 'M' 'M' 'M' 'M' 'U' 'M' 'M' 'M' 'M' 'M' 'U' 'M' 'M' 'U' 'U' 'M'
 'M' 'M' 'M' 'M' 'M' 'M' 'M' 'M' 'M' 'M' 'A' 'M' 'M' 'M' 'M' 'M' 'U' 'M'
 'M' 'U' 'A' 'M' 'M' 'M' 'M' 'M' 'M' 'U' 'M' 'M' 'M' 'U' 'U' 'M' 'M' 'U'
 'M' 'M' 'M' 'M' 'M' 'M' 'M' 'M' 'M' 'M' 'M' 'M' 'M' 'M' 'M' 'M' 'M' 'M']"
141301,0,165,6,159,33,1,0,"['A' 'M' 'M' 'M' 'M' 'U' 'M' 'M' 'U' 'M' 'M' 'M' 'U' 'M' 'M' 'M' 'U' 'U'
 'M' 'U' 'U' 'U' 'U' 'M' 'U' 'M' 'M' 'U' 'M' 'M' 'M' 'M' 'M' 'M' 'M' 'M'
 'M' 'U' 'M' 'M' 'M' 'M' 'M' 'M' 'M' 'M' 'M' 'M' 'M' 'M' 'M' 'M' 'M' 'M'
 'M' 'M' 'M' 'M' 'M' 'M' 'M' 'M' 'M' 'M' 'M' 'M' 'M' 'M' 'U' 'M' 'M' 'M'
 'M' 'M' 'U' 'M' 'U' 'M' 'M' 'U' 'M' 'U' 'M' 'M' 'M' 'M' 'M' 'M' 'M' 'M'
 'M' 'M' 'M' 'M' 'M' 'M' 'M' 'M' 'M' 'M' 'U' 'U' 'M' 'U' 'M' 'M' 'U' 'M'
 'M' 'M' 'M' 'M' 'M' 'M' 'M' 'A' 'M' 'M' 'M' 'M' 'M' 'M' 'M' 'M' 'U' 'M'
 'M' 'U' 'M' 'M' 'M' 'M' 'M' 'M' 'M' 'M' 'M' 'U' 'A' 'M' 'M' 'M' 'U' 'M'
 'M' 'M' 'A' 'M' 'M' 'M' 'M' 'U' 'M' 'M' 'A' 'M' 'M' 'M' 'M' 'M' 'U' 'M'
 'M' 'U' 'A' 'M' 'M' 'M' 'M' 'M' 'M' 'U' 'M' 'M' 'U' 'U' 'U' 'M' 'M' 'M'
 'M' 'M' 'M' 'M' 'M' 'M' 'M' 'U' 'M' 'M' 'M' 'M' 'M' 'M' 'M' 'M' 'M' 'M']"
141401,0,170,5,165,28,0,0,"['A' 'M' 'M' 'M' 'M' 'M' 'M' 'M' 'M' 'M' 'M' 'M' 'U' 'M' 'M' 'M' 'U' 'M'
 'M' 'U' 'U' 'U' 'U' 'M' 'M' 'M' 'M' 'M' 'M' 'M' 'M' 'M' 'M' 'M' 'M' 'M'
 'M' 'M' 'M' 'A' 'M' 'M' 'M' 'M' 'M' 'M' 'M' 'M' 'M' 'M' 'M' 'M' 'M' 'M'
 'M' 'M' 'M' 'M' 'M' 'M' 'M' 'M' 'M' 'M' 'M' 'M' 'U' 'M' 'M' 'M' 'M' 'U'
 'U' 'M' 'M' 'M' 'M' 'M' 'M' 'M' 'M' 'M' 'U' 'M' 'M' 'U' 'M' 'M' 'M' 'M'
 'M' 'M' 'M' 'M' 'M' 'M' 'M' 'M' 'M' 'M' 'U' 'U' 'M' 'U' 'M' 'U' 'U' 'M'
 'M' 'M' 'M' 'M' 'M' 'M' 'M' 'A' 'M' 'M' 'M' 'M' 'M' 'M' 'M' 'M' 'U' 'M'
 'M' 'U' 'M' 'M' 'M' 'M' 'M' 'M' 'M' 'M' 'M' 'U' 'U' 'M' 'M' 'M' 'U' 'M'
 'M' 'M' 'A' 'M' 'M' 'M' 'M' 'U' 'M' 'U' 'U' 'M' 'M' 'M' 'M' 'M' 'U' 'M'
 'M' 'M' 'A' 'M' 'M' 'M' 'M' 'M' 'M' 'M' 'M' 'M' 'U' 'M' 'U' 'M' 'M' 'M'
 'M' 'M' 'M' 'M' 'M' 'M' 'M' 'U' 'M' 'M' 'M' 'M' 'M' 'M' 'M' 'M' 'M' 'M']"
141501,0,165,6,159,33,0,0,"['A' 'M' 'M' 'M' 'M' 'M' 'M' 'M' 'U' 'M' 'M' 'M' 'U' 'M' 'M' 'M' 'U' 'M'
 'M' 'M' 'U' 'U' 'U' 'M' 'M' 'M' 'M' 'M' 'M' 'A' 'M' 'M' 'M' 'M' 'U' 'M'
 'M' 'M' 'M' 'U' 'M' 'M' 'M' 'M' 'M' 'M' 'M' 'M' 'M' 'M' 'M' 'M' 'M' 'M'
 'M' 'M' 'M' 'M' 'M' 'M' 'M' 'M' 'M' 'M' 'M' 'U' 'M' 'M' 'M' 'M' 'M' 'M'
 'U' 'M' 'M' 'M' 'M' 'U' 'M' 'U' 'M' 'M' 'M' 'M' 'M' 'U' 'M' 'M' 'M' 'M'
 'M' 'M' 'M' 'M' 'M' 'M' 'M' 'M' 'M' 'M' 'M' 'U' 'M' 'U' 'M' 'U' 'U' 'M'
 'M' 'M' 'U' 'M' 'M' 'M' 'M' 'A' 'M' 'M' 'M' 'M' 'M' 'M' 'M' 'M' 'M' 'M'
 'M' 'U' 'M' 'M' 'M' 'M' 'M' 'U' 'M' 'M' 'U' 'U' 'U' 'M' 'M' 'M' 'U' 'M'
 'M' 'M' 'A' 'M' 'U' 'M' 'M' 'U' 'M' 'U' 'U' 'M' 'M' 'U' 'M' 'M' 'U' 'M'
 'M' 'U' 'A' 'M' 'M' 'M' 'M' 'M' 'M' 'M' 'M' 'M' 'A' 'M' 'M' 'M' 'M' 'M'
 'M' 'M' 'M' 'M' 'M' 'M' 'U' 'U' 'M' 'M' 'M' 'M' 'M' 'M' 'M' 'M' 'M' 'M']"
141601,0,163,5,158,35,0,0,"['A' 'M' 'M' 'M' 'M' 'M' 'M' 'M' 'U' 'M' 'M' 'M' 'U' 'M' 'M' 'M' 'M' 'M'
 'M' 'M' 'U' 'M' 'U' 'M' 'M' 'M' 'M' 'M' 'M' 'A' 'M' 'M' 'M' 'M' 'M' 'M'
 'M' 'M' 'M' 'U' 'M' 'M' 'M' 'M' 'M' 'M' 'U' 'M' 'M' 'M' 'M' 'M' 'M' 'M'
 'M' 'M' 'M' 'M' 'M' 'M' 'M' 'M' 'M' 'M' 'M' 'U' 'M' 'M' 'M' 'M' 'M' 'M'
 'M' 'M' 'U' 'M' 'M' 'M' 'M' 'U' 'M' 'M' 'M' 'M' 'M' 'M' 'M' 'M' 'M' 'M'
 'M' 'M' 'U' 'U' 'M' 'M' 'U' 'M' 'M' 'M' 'M' 'U' 'M' 'U' 'M' 'U' 'U' 'M'
 'M' 'M' 'U' 'M' 'M' 'M' 'M' 'A' 'U' 'M' 'M' 'M' 'M' 'M' 'M' 'M' 'M' 'M'
 'M' 'U' 'M' 'M' 'M' 'M' 'M' 'U' 'M' 'M' 'U' 'U' 'M' 'M' 'M' 'M' 'U' 'M'
 'M' 'M' 'A' 'M' 'U' 'M' 'M' 'M' 'U' 'U' 'U' 'M' 'M' 'U' 'U' 'M' 'U' 'M'
 'M' 'U' 'U' 'M' 'M' 'M' 'M' 'M' 'M' 'M' 'M' 'M' 'A' 'M' 'M' 'M' 'M' 'M'
 'M' 'M' 'M' 'M' 'M' 'M' 'U' 'U' 'M' 'U' 'M' 'M' 'M' 'M' 'M' 'M' 'M' 'M']"
141701,2,155,5,150,43,0,0,"['A' 'M' 'M' 'M' 'M' 'M' 'M' 'M' 'U' 'U' 'M' 'M' 'U' 'M' 'M' 'M' 'M' 'M'
 'M' 'M' 'A' 'M' 'U' 'M' 'U' 'M' 'M' 'M' 'M' 'A' 'M' 'M' 'M' 'M' 'M' 'M'
 'M' 'M' 'M' 'U' 'M' 'U' 'M' 'M' 'M' 'M' 'U' 'M' 'M' 'M' 'M' 'M' 'M' 'M'
 'M' 'M' 'M' 'U' 'M' 'M' 'M' 'M' 'M' 'M' 'M' 'M' 'U' 'M' 'U' 'M' 'M' 'M'
 'U' 'M' 'U' 'M' 'M' 'M' 'M' 'M' 'M' 'M' 'U' 'M' 'M' 'M' 'M' 'M' 'M' 'M'
 'M' 'M' 'M' 'M' 'M' 'M' 'U' 'M' 'U' 'M' 'M' 'U' 'M' 'U' 'M' 'U' 'U' 'M'
 'M' 'M' 'M' 'M' 'M' 'M' 'M' 'A' 'U' 'M' 'M' 'M' 'M' 'M' 'M' 'M' 'M' 'M'
 'M' 'M' 'U' 'M' 'M' 'U' 'U' 'U' 'U' 'U' 'U' 'M' 'U' 'M' 'M' 'M' 'U' 'M'
 'M' 'M' 'U' 'M' 'U' 'M' 'U' 'U' 'U' 'M' 'M' 'M' 'M' 'U' 'U' 'M' 'M' 'M'
 'M' 'M' 'U' 'M' 'M' 'M' 'M' 'M' 'M' 'M' 'M' 'M' 'A' 'M' 'U' 'M' 'M' 'M'
 'M' 'M' 'M' 'M' 'M' 'M' 'U' 'M' 'M' 'U' 'U' 'M' 'U' 'M' 'M' 'M' 'M' 'M']"
141801,0,163,4,159,35,0,0,"['A' 'M' 'M' 'M' 'M' 'M' 'M' 'M' 'U' 'U' 'M' 'M' 'U' 'M' 'M' 'M' 'M' 'M'
 'M' 'M' 'A' 'M' 'U' 'M' 'U' 'M' 'M' 'M' 'M' 'A' 'M' 'M' 'M' 'M' 'M' 'U'
 'M' 'M' 'M' 'U' 'M' 'U' 'M' 'M' 'M' 'M' 'M' 'M' 'M' 'M' 'M' 'M' 'M' 'M'
 'M' 'M' 'M' 'U' 'M' 'M' 'M' 'M' 'M' 'M' 'M' 'U' 'M' 'M' 'M' 'U' 'M' 'M'
 'M' 'M' 'M' 'M' 'M' 'M' 'M' 'M' 'M' 'M' 'M' 'M' 'M' 'U' 'M' 'M' 'M' 'U'
 'M' 'M' 'U' 'M' 'M' 'M' 'U' 'M' 'U' 'M' 'M' 'M' 'M' 'U' 'M' 'M' 'M' 'M'
 'M' 'M' 'M' 'U' 'M' 'M' 'M' 'A' 'M' 'M' 'M' 'M' 'M' 'M' 'M' 'M' 'M' 'M'
 'M' 'M' 'M' 'M' 'M' 'M' 'U' 'U' 'U' 'U' 'U' 'U' 'U' 'M' 'M' 'M' 'M' 'M'
 'M' 'M' 'U' 'M' 'U' 'M' 'U' 'M' 'U' 'M' 'M' 'M' 'M' 'U' 'M' 'M' 'M' 'M'
 'M' 'M' 'U' 'U' 'M' 'M' 'M' 'M' 'M' 'M' 'M' 'M' 'U' 'M' 'M' 'M' 'M' 'M'
 'M' 'M' 'M' 'M' 'M' 'M' 'U' 'M' 'M' 'U' 'M' 'M' 'M' 'M' 'M' 'M' 'M' 'M']"
141901,0,169,3,166,29,0,0,"['A' 'M' 'M' 'M' 'M' 'M' 'M' 'M' 'M' 'U' 'U' 'M' 'A' 'M' 'M' 'M' 'M' 'M'
 'M' 'M' 'A' 'M' 'M' 'M' 'U' 'M' 'M' 'M' 'M' 'U' 'M' 'M' 'M' 'M' 'M' 'M'
 'M' 'M' 'M' 'M' 'M' 'M' 'M' 'M' 'M' 'M' 'M' 'M' 'U' 'M' 'M' 'U' 'M' 'M'
 'M' 'M' 'M' 'M' 'M' 'M' 'M' 'M' 'M' 'M' 'M' 'M' 'M' 'U' 'M' 'U' 'U' 'M'
 'M' 'M' 'M' 'M' 'M' 'M' 'M' 'M' 'M' 'M' 'M' 'M' 'U' 'M' 'M' 'M' 'U' 'M'
 'M' 'M' 'M' 'M' 'M' 'M' 'U' 'M' 'U' 'M' 'M' 'M' 'M' 'U' 'M' 'M' 'M' 'M'
 'M' 'M' 'M' 'U' 'M' 'M' 'M' 'U' 'M' 'M' 'M' 'M' 'M' 'M' 'M' 'M' 'M' 'M'
 'M' 'M' 'M' 'M' 'M' 'M' 'M' 'U' 'U' 'U' 'U' 'U' 'M' 'M' 'M' 'M' 'M' 'M'
 'M' 'M' 'U' 'M' 'M' 'M' 'U' 'M' 'M' 'M' 'M' 'M' 'M' 'M' 'M' 'M' 'M' 'M'
 'M' 'M' 'U' 'U' 'M' 'M' 'M' 'M' 'U' 'M' 'M' 'M' 'U' 'M' 'M' 'M' 'M' 'U'
 'M' 'M' 'M' 'M' 'M' 'M' 'M' 'M' 'M' 'U' 'M' 'M' 'M' 'M' 'M' 'M' 'M' 'M']"
142001,0,164,3,161,34,0,1,"['A' 'M' 'M' 'M' 'U' 'U' 'M' 'M' 'M' 'M' 'M' 'M' 'A' 'M' 'U' 'M' 'M' 'M'
 'M' 'M' 'A' 'M' 'M' 'M' 'U' 'M' 'U' 'U' 'M' 'U' 'M' 'M' 'M' 'M' 'M' 'M'
 'M' 'M' 'M' 'M' 'M' 'M' 'M' 'M' 'M' 'M' 'M' 'M' 'U' 'M' 'M' 'M' 'M' 'M'
 'M' 'M' 'M' 'M' 'M' 'M' 'M' 'M' 'M' 'M' 'M' 'M' 'M' 'M' 'M' 'M' 'M' 'U'
 'M' 'U' 'M' 'M' 'M' 'M' 'M' 'M' 'M' 'U' 'M' 'M' 'M' 'M' 'M' 'M' 'U' 'M'
 'M' 'M' 'M' 'M' 'U' 'M' 'U' 'M' 'U' 'M' 'M' 'M' 'M' 'U' 'M' 'M' 'M' 'M'
 'M' 'M' 'M' 'U' 'M' 'M' 'M' 'U' 'M' 'U' 'M' 'M' 'M' 'M' 'M' 'M' 'M' 'M'
 'M' 'M' 'M' 'M' 'M' 'M' 'M' 'M' 'U' 'U' 'U' 'M' 'M' 'M' 'M' 'M' 'M' 'M'
 'M' 'U' 'U' 'M' 'U' 'M' 'U' 'M' 'M' 'M' 'M' 'M' 'M' 'M' 'U' 'M' 'M' 'M'
 'M' 'M' 'U' 'U' 'M' 'M' 'M' 'M' 'U' 'M' 'M' 'M' 'U' 'M' 'M' 'M' 'M' 'U'
 'M' 'M' 'U' 'M' 'M' 'M' 'M' 'M' 'M' 'U' 'M' 'M' 'M' 'M' 'M' 'M' 'M' 'M']"
142101,0,157,2,155,41,0,0,"['A' 'M' 'U' 'M' 'M' 'U' 'M' 'M' 'M' 'M' 'M' 'U' 'A' 'M' 'U' 'M' 'M' 'U'
 'M' 'M' 'U' 'M' 'M' 'M' 'U' 'M' 'M' 'U' 'M' 'U' 'M' 'M' 'M' 'U' 'U' 'M'
 'M' 'M' 'M' 'M' 'M' 'M' 'U' 'M' 'M' 'U' 'M' 'M' 'U' 'M' 'M' 'M' 'M' 'M'
 'M' 'M' 'M' 'M' 'U' 'M' 'M' 'M' 'M' 'M' 'M' 'M' 'M' 'M' 'U' 'M' 'M' 'M'
 'M' 'M' 'M' 'M' 'U' 'M' 'M' 'M' 'M' 'M' 'M' 'U' 'M' 'U' 'M' 'M' 'M' 'M'
 'U' 'M' 'M' 'M' 'M' 'M' 'U' 'M' 'U' 'M' 'M' 'U' 'U' 'M' 'M' 'M' 'M' 'M'
 'M' 'M' 'M' 'U' 'U' 'M' 'M' 'U' 'M' 'U' 'M' 'M' 'M' 'M' 'M' 'M' 'M' 'M'
 'M' 'U' 'M' 'M' 'M' 'M' 'M' 'M' 'U' 'M' 'U' 'M' 'M' 'M' 'M' 'M' 'M' 'M'
 'M' 'M' 'U' 'M' 'M' 'U' 'U' 'M' 'M' 'M' 'M' 'M' 'M' 'M' 'M' 'M' 'M' 'M'
 'M' 'M' 'U' 'U' 'M' 'M' 'M' 'M' 'U' 'M' 'M' 'M' 'U' 'M' 'M' 'M' 'M' 'U'
 'M' 'M' 'U' 'M' 'M' 'M' 'M' 'M' 'M' 'U' 'M' 'M' 'M' 'M' 'M' 'M' 'M' 'M']"
142201,0,157,2,155,41,0,0,"['A' 'M' 'M' 'M' 'M' 'U' 'M' 'M' 'M' 'U' 'M' 'U' 'A' 'M' 'M' 'M' 'M' 'U'
 'M' 'M' 'U' 'M' 'M' 'M' 'M' 'M' 'M' 'U' 'M' 'U' 'M' 'M' 'M' 'U' 'U' 'M'
 'M' 'M' 'U' 'M' 'M' 'M' 'U' 'M' 'M' 'M' 'M' 'M' 'M' 'M' 'M' 'M' 'M' 'M'
 'M' 'M' 'M' 'M' 'U' 'M' 'M' 'U' 'M' 'M' 'M' 'M' 'M' 'M' 'M' 'M' 'M' 'M'
 'M' 'M' 'M' 'M' 'M' 'M' 'M' 'M' 'U' 'M' 'M' 'M' 'M' 'U' 'M' 'U' 'M' 'M'
 'M' 'U' 'M' 'M' 'U' 'M' 'U' 'M' 'M' 'M' 'M' 'M' 'M' 'M' 'M' 'M' 'M' 'M'
 'M' 'M' 'M' 'U' 'U' 'M' 'U' 'U' 'M' 'U' 'M' 'M' 'M' 'U' 'M' 'M' 'M' 'M'
 'M' 'U' 'M' 'M' 'M' 'M' 'U' 'U' 'M' 'U' 'U' 'U' 'U' 'M' 'M' 'M' 'M' 'M'
 'M' 'M' 'U' 'M' 'M' 'U' 'U' 'M' 'M' 'M' 'M' 'M' 'U' 'M' 'M' 'M' 'M' 'M'
 'M' 'M' 'M' 'U' 'M' 'M' 'M' 'M' 'M' 'M' 'M' 'M' 'U' 'M' 'M' 'M' 'M' 'U'
 'M' 'M' 'U' 'M' 'M' 'M' 'M' 'M' 'M' 'U' 'M' 'M' 'M' 'M' 'M' 'M' 'M' 'M']"
142301,0,158,2,156,40,0,0,"['A' 'M' 'M' 'M' 'M' 'U' 'M' 'M' 'M' 'U' 'M' 'U' 'U' 'M' 'M' 'M' 'M' 'U'
 'M' 'M' 'U' 'M' 'M' 'M' 'M' 'M' 'M' 'U' 'M' 'M' 'M' 'M' 'M' 'U' 'U' 'M'
 'M' 'M' 'U' 'M' 'M' 'M' 'U' 'M' 'M' 'M' 'M' 'M' 'M' 'M' 'M' 'M' 'M' 'M'
 'M' 'M' 'M' 'M' 'U' 'M' 'M' 'M' 'M' 'M' 'M' 'U' 'M' 'M' 'M' 'M' 'M' 'M'
 'M' 'M' 'M' 'M' 'M' 'M' 'M' 'M' 'M' 'M' 'M' 'M' 'M' 'U' 'M' 'M' 'U' 'M'
 'M' 'M' 'U' 'U' 'M' 'M' 'U' 'M' 'M' 'M' 'M' 'M' 'M' 'U' 'M' 'M' 'M' 'M'
 'M' 'M' 'M' 'U' 'A' 'M' 'M' 'U' 'M' 'U' 'M' 'M' 'M' 'U' 'M' 'M' 'M' 'M'
 'M' 'U' 'U' 'M' 'M' 'M' 'U' 'U' 'U' 'U' 'U' 'U' 'U' 'M' 'M' 'M' 'M' 'M'
 'M' 'M' 'U' 'M' 'M' 'U' 'M' 'M' 'M' 'M' 'M' 'M' 'U' 'M' 'M' 'M' 'M' 'M'
 'M' 'M' 'M' 'U' 'M' 'M' 'M' 'M' 'M' 'M' 'U' 'M' 'M' 'M' 'M' 'M' 'M' 'U'
 'M' 'M' 'U' 'M' 'M' 'M' 'M' 'M' 'M' 'U' 'M' 'M' 'M' 'M' 'M' 'M' 'M' 'M']"
142401,0,157,2,155,41,0,0,"['A' 'M' 'M' 'M' 'M' 'M' 'M' 'M' 'M' 'U' 'M' 'U' 'U' 'M' 'M' 'M' 'M' 'U'
 'U' 'M' 'U' 'M' 'M' 'M' 'M' 'M' 'M' 'U' 'M' 'M' 'M' 'M' 'M' 'U' 'U' 'M'
 'U' 'M' 'U' 'M' 'M' 'M' 'U' 'M' 'M' 'M' 'M' 'M' 'M' 'U' 'M' 'M' 'M' 'M'
 'M' 'M' 'M' 'M' 'M' 'M' 'M' 'M' 'M' 'M' 'M' 'M' 'M' 'M' 'M' 'M' 'M' 'M'
 'M' 'M' 'M' 'M' 'M' 'U' 'M' 'M' 'U' 'M' 'U' 'M' 'M' 'M' 'U' 'M' 'M' 'M'
 'U' 'M' 'M' 'M' 'M' 'M' 'U' 'M' 'M' 'M' 'M' 'M' 'M' 'M' 'M' 'M' 'M' 'M'
 'M' 'M' 'M' 'U' 'U' 'M' 'M' 'U' 'M' 'U' 'M' 'M' 'M' 'U' 'M' 'M' 'M' 'U'
 'M' 'U' 'U' 'M' 'M' 'M' 'U' 'U' 'U' 'U' 'M' 'M' 'U' 'M' 'M' 'M' 'M' 'M'
 'M' 'M' 'U' 'M' 'M' 'U' 'U' 'M' 'M' 'M' 'M' 'M' 'A' 'M' 'M' 'M' 'M' 'M'
 'M' 'M' 'M' 'U' 'M' 'M' 'M' 'M' 'M' 'U' 'U' 'M' 'M' 'M' 'M' 'M' 'M' 'U'
 'M' 'M' 'U' 'M' 'M' 'M' 'M' 'M' 'M' 'M' 'M' 'M' 'M' 'U' 'M' 'M' 'M' 'M']"
142501,0,159,1,158,39,0,0,"['A' 'M' 'M' 'M' 'M' 'M' 'M' 'M' 'M' 'M' 'U' 'U' 'U' 'M' 'M' 'M' 'M' 'M'
 'M' 'M' 'U' 'M' 'M' 'M' 'M' 'M' 'M' 'M' 'M' 'M' 'M' 'M' 'M' 'M' 'U' 'M'
 'U' 'M' 'U' 'M' 'M' 'M' 'U' 'M' 'M' 'U' 'M' 'M' 'M' 'U' 'M' 'M' 'M' 'M'
 'M' 'M' 'M' 'M' 'M' 'M' 'M' 'M' 'M' 'M' 'M' 'M' 'M' 'U' 'M' 'M' 'M' 'U'
 'M' 'U' 'M' 'M' 'M' 'M' 'M' 'M' 'M' 'M' 'M' 'M' 'M' 'M' 'M' 'U' 'M' 'M'
 'U' 'M' 'M' 'M' 'M' 'M' 'U' 'M' 'M' 'M' 'M' 'M' 'M' 'M' 'M' 'M' 'M' 'M'
 'M' 'U' 'M' 'U' 'M' 'M' 'M' 'U' 'M' 'U' 'M' 'M' 'M' 'U' 'M' 'M' 'M' 'M'
 'M' 'U' 'U' 'M' 'M' 'U' 'U' 'U' 'U' 'U' 'U' 'M' 'U' 'M' 'M' 'M' 'M' 'M'
 'U' 'M' 'U' 'M' 'M' 'U' 'U' 'M' 'M' 'M' 'M' 'M' 'M' 'M' 'M' 'M' 'M' 'M'
 'M' 'M' 'M' 'U' 'M' 'M' 'M' 'M' 'M' 'U' 'M' 'M' 'M' 'M' 'M' 'M' 'M' 'U'
 'M' 'M' 'U' 'M' 'M' 'M' 'M' 'M' 'M' 'M' 'M' 'M' 'M' 'U' 'M' 'M' 'M' 'M']"
142601,0,161,2,159,37,0,1,"['A' 'M' 'M' 'M' 'M' 'M' 'M' 'M' 'M' 'M' 'U' 'U' 'U' 'M' 'M' 'M' 'M' 'M'
 'M' 'M' 'U' 'M' 'M' 'M' 'M' 'M' 'M' 'M' 'M' 'M' 'M' 'M' 'M' 'M' 'U' 'M'
 'M' 'M' 'U' 'M' 'M' 'M' 'U' 'M' 'M' 'U' 'U' 'M' 'M' 'U' 'M' 'M' 'M' 'M'
 'M' 'M' 'M' 'M' 'M' 'M' 'M' 'M' 'M' 'M' 'M' 'M' 'M' 'M' 'M' 'M' 'M' 'U'
 'M' 'M' 'U' 'M' 'M' 'M' 'M' 'M' 'M' 'M' 'U' 'U' 'M' 'M' 'M' 'M' 'U' 'M'
 'M' 'M' 'M' 'M' 'M' 'M' 'U' 'M' 'M' 'M' 'M' 'U' 'M' 'M' 'M' 'M' 'M' 'M'
 'M' 'M' 'M' 'M' 'M' 'M' 'M' 'A' 'M' 'U' 'M' 'M' 'M' 'M' 'M' 'U' 'M' 'M'
 'M' 'U' 'U' 'M' 'M' 'M' 'U' 'U' 'U' 'U' 'U' 'M' 'U' 'M' 'M' 'M' 'M' 'M'
 'M' 'M' 'U' 'U' 'M' 'M' 'U' 'M' 'M' 'M' 'M' 'M' 'M' 'U' 'M' 'M' 'U' 'M'
 'M' 'M' 'M' 'M' 'M' 'M' 'M' 'M' 'M' 'M' 'M' 'M' 'M' 'M' 'M' 'U' 'M' 'M'
 'M' 'M' 'U' 'U' 'M' 'U' 'M' 'M' 'M' 'M' 'M' 'M' 'M' 'U' 'M' 'M' 'M' 'M']"
142701,0,155,3,152,43,1,0,"['A' 'M' 'M' 'M' 'M' 'U' 'M' 'M' 'M' 'M' 'U' 'U' 'M' 'M' 'M' 'M' 'M' 'M'
 'M' 'M' 'U' 'M' 'M' 'M' 'M' 'M' 'M' 'M' 'M' 'M' 'M' 'M' 'M' 'M' 'U' 'M'
 'M' 'M' 'U' 'U' 'M' 'M' 'M' 'M' 'M' 'U' 'M' 'M' 'M' 'U' 'M' 'M' 'M' 'M'
 'U' 'M' 'M' 'M' 'M' 'M' 'U' 'M' 'M' 'M' 'M' 'M' 'U' 'M' 'M' 'M' 'U' 'M'
 'U' 'M' 'M' 'M' 'M' 'M' 'M' 'M' 'U' 'M' 'M' 'M' 'M' 'M' 'M' 'M' 'M' 'M'
 'M' 'M' 'M' 'U' 'M' 'M' 'U' 'M' 'M' 'M' 'M' 'U' 'M' 'M' 'M' 'M' 'M' 'M'
 'M' 'M' 'U' 'U' 'M' 'M' 'M' 'A' 'M' 'U' 'M' 'M' 'M' 'M' 'M' 'M' 'M' 'M'
 'M' 'U' 'M' 'M' 'U' 'U' 'U' 'U' 'U' 'U' 'U' 'U' 'U' 'M' 'M' 'M' 'M' 'M'
 'M' 'M' 'U' 'U' 'M' 'M' 'U' 'M' 'M' 'M' 'M' 'M' 'M' 'M' 'M' 'M' 'A' 'M'
 'M' 'M' 'M' 'M' 'M' 'M' 'M' 'M' 'M' 'M' 'M' 'M' 'M' 'M' 'U' 'M' 'U' 'M'
 'M' 'M' 'U' 'U' 'U' 'U' 'M' 'M' 'M' 'M' 'U' 'M' 'M' 'U' 'U' 'M' 'M' 'M']"
142801,0,154,4,150,44,0,0,"['A' 'M' 'M' 'M' 'M' 'M' 'M' 'M' 'M' 'M' 'U' 'M' 'M' 'M' 'M' 'M' 'M' 'M'
 'M' 'M' 'U' 'M' 'M' 'U' 'M' 'M' 'M' 'M' 'M' 'M' 'M' 'M' 'M' 'M' 'A' 'M'
 'M' 'M' 'U' 'A' 'M' 'M' 'M' 'M' 'M' 'M' 'M' 'U' 'M' 'U' 'M' 'M' 'M' 'M'
 'U' 'M' 'U' 'M' 'M' 'M' 'U' 'M' 'M' 'M' 'M' 'M' 'M' 'M' 'M' 'U' 'M' 'U'
 'M' 'M' 'M' 'M' 'U' 'M' 'U' 'M' 'M' 'M' 'U' 'M' 'M' 'M' 'M' 'M' 'M' 'M'
 'M' 'M' 'M' 'M' 'M' 'U' 'M' 'M' 'M' 'M' 'M' 'U' 'M' 'M' 'M' 'M' 'M' 'M'
 'M' 'M' 'U' 'U' 'M' 'U' 'M' 'U' 'M' 'U' 'M' 'M' 'M' 'M' 'U' 'M' 'M' 'U'
 'U' 'U' 'M' 'M' 'U' 'U' 'U' 'M' 'U' 'U' 'U' 'U' 'U' 'M' 'M' 'M' 'M' 'M'
 'M' 'M' 'U' 'M' 'M' 'M' 'M' 'M' 'M' 'M' 'M' 'M' 'M' 'M' 'U' 'M' 'A' 'M'
 'M' 'M' 'M' 'M' 'M' 'M' 'M' 'M' 'M' 'M' 'M' 'M' 'U' 'M' 'U' 'M' 'U' 'M'
 'M' 'M' 'U' 'U' 'U' 'U' 'M' 'M' 'M' 'M' 'U' 'M' 'M' 'M' 'U' 'M' 'M' 'M']"
142901,0,158,4,154,40,0,0,"['A' 'M' 'M' 'M' 'M' 'M' 'M' 'M' 'M' 'M' 'U' 'M' 'M' 'M' 'M' 'M' 'M' 'M'
 'M' 'M' 'U' 'M' 'M' 'M' 'M' 'M' 'M' 'M' 'U' 'M' 'M' 'M' 'M' 'M' 'A' 'M'
 'M' 'M' 'U' 'A' 'M' 'M' 'M' 'M' 'M' 'M' 'M' 'M' 'M' 'U' 'M' 'M' 'M' 'M'
 'U' 'M' 'U' 'U' 'M' 'M' 'M' 'M' 'M' 'M' 'M' 'M' 'M' 'M' 'M' 'M' 'M' 'M'
 'M' 'M' 'M' 'M' 'U' 'M' 'M' 'U' 'M' 'M' 'U' 'M' 'M' 'M' 'M' 'U' 'M' 'M'
 'M' 'M' 'M' 'M' 'U' 'M' 'M' 'M' 'M' 'M' 'M' 'M' 'M' 'M' 'M' 'M' 'M' 'M'
 'M' 'M' 'M' 'U' 'M' 'U' 'M' 'U' 'M' 'U' 'M' 'M' 'M' 'M' 'M' 'M' 'M' 'U'
 'M' 'U' 'M' 'U' 'M' 'U' 'M' 'U' 'U' 'U' 'U' 'U' 'U' 'M' 'M' 'U' 'M' 'M'
 'M' 'M' 'M' 'M' 'M' 'M' 'M' 'M' 'M' 'M' 'M' 'M' 'M' 'M' 'U' 'M' 'A' 'M'
 'M' 'M' 'M' 'U' 'U' 'M' 'M' 'M' 'M' 'M' 'M' 'U' 'U' 'M' 'U' 'M' 'U' 'U'
 'M' 'M' 'M' 'U' 'U' 'U' 'M' 'M' 'M' 'M' 'U' 'M' 'M' 'M' 'M' 'M' 'M' 'M']"
143001,0,154,4,150,44,0,0,"['A' 'U' 'M' 'U' 'M' 'M' 'M' 'M' 'M' 'M' 'U' 'M' 'M' 'M' 'M' 'M' 'M' 'U'
 'M' 'M' 'M' 'M' 'M' 'M' 'M' 'M' 'M' 'M' 'U' 'M' 'M' 'M' 'M' 'M' 'U' 'M'
 'M' 'U' 'U' 'A' 'M' 'M' 'M' 'M' 'M' 'M' 'M' 'M' 'M' 'U' 'M' 'M' 'A' 'M'
 'U' 'M' 'M' 'U' 'U' 'M' 'M' 'M' 'M' 'M' 'M' 'M' 'M' 'M' 'M' 'U' 'M' 'M'
 'M' 'M' 'M' 'M' 'M' 'M' 'M' 'U' 'M' 'M' 'M' 'M' 'M' 'M' 'M' 'M' 'M' 'M'
 'M' 'U' 'U' 'M' 'U' 'M' 'M' 'M' 'M' 'M' 'M' 'M' 'M' 'M' 'M' 'M' 'M' 'M'
 'M' 'M' 'M' 'U' 'M' 'M' 'M' 'U' 'M' 'U' 'M' 'U' 'M' 'M' 'M' 'M' 'M' 'U'
 'M' 'M' 'M' 'U' 'M' 'U' 'U' 'U' 'U' 'U' 'U' 'U' 'M' 'M' 'M' 'U' 'M' 'M'
 'M' 'M' 'M' 'M' 'M' 'M' 'M' 'M' 'M' 'M' 'M' 'M' 'M' 'M' 'U' 'M' 'A' 'M'
 'M' 'M' 'M' 'U' 'U' 'M' 'M' 'M' 'M' 'M' 'U' 'U' 'U' 'M' 'U' 'M' 'M' 'U'
 'U' 'M' 'M' 'U' 'M' 'U' 'M' 'M' 'M' 'M' 'U' 'M' 'U' 'M' 'M' 'M' 'M' 'M']"
143101,0,154,5,149,44,1,0,"['A' 'U' 'M' 'U' 'M' 'M' 'M' 'M' 'M' 'M' 'U' 'M' 'M' 'M' 'M' 'M' 'M' 'U'
 'M' 'M' 'M' 'U' 'M' 'M' 'M' 'M' 'M' 'M' 'U' 'M' 'M' 'U' 'M' 'M' 'U' 'M'
 'M' 'M' 'M' 'U' 'M' 'M' 'M' 'M' 'M' 'M' 'M' 'M' 'M' 'U' 'M' 'M' 'A' 'M'
 'M' 'M' 'M' 'M' 'M' 'M' 'M' 'M' 'M' 'M' 'M' 'M' 'M' 'M' 'M' 'U' 'M' 'M'
 'M' 'M' 'M' 'M' 'M' 'M' 'M' 'U' 'M' 'M' 'U' 'M' 'U' 'M' 'M' 'M' 'M' 'M'
 'M' 'M' 'M' 'M' 'U' 'M' 'M' 'M' 'U' 'U' 'M' 'M' 'M' 'M' 'M' 'M' 'M' 'M'
 'U' 'M' 'M' 'U' 'M' 'M' 'M' 'U' 'M' 'U' 'M' 'U' 'M' 'M' 'M' 'M' 'M' 'U'
 'M' 'M' 'M' 'U' 'M' 'U' 'U' 'U' 'U' 'U' 'U' 'U' 'U' 'M' 'M' 'U' 'M' 'M'
 'M' 'M' 'M' 'M' 'M' 'M' 'M' 'M' 'M' 'M' 'M' 'M' 'M' 'M' 'U' 'M' 'A' 'M'
 'M' 'M' 'M' 'A' 'U' 'U' 'M' 'M' 'M' 'M' 'U' 'U' 'U' 'M' 'U' 'M' 'M' 'U'
 'U' 'M' 'M' 'A' 'M' 'U' 'M' 'M' 'M' 'M' 'U' 'M' 'M' 'M' 'M' 'M' 'M' 'M']"
143201,0,155,4,151,43,0,0,"['A' 'U' 'M' 'U' 'M' 'M' 'M' 'M' 'M' 'M' 'U' 'M' 'M' 'M' 'M' 'M' 'M' 'M'
 'M' 'M' 'M' 'U' 'M' 'M' 'M' 'M' 'M' 'M' 'U' 'M' 'M' 'U' 'M' 'M' 'M' 'U'
 'M' 'M' 'M' 'U' 'M' 'M' 'M' 'M' 'M' 'M' 'M' 'M' 'M' 'U' 'U' 'M' 'A' 'M'
 'M' 'M' 'M' 'M' 'M' 'M' 'M' 'M' 'M' 'M' 'M' 'M' 'M' 'M' 'M' 'M' 'U' 'M'
 'M' 'M' 'U' 'M' 'M' 'M' 'U' 'M' 'U' 'M' 'U' 'M' 'M' 'M' 'M' 'M' 'M' 'M'
 'M' 'M' 'M' 'M' 'M' 'M' 'M' 'U' 'M' 'U' 'M' 'M' 'M' 'M' 'M' 'M' 'M' 'M'
 'M' 'M' 'M' 'M' 'M' 'M' 'M' 'M' 'M' 'U' 'M' 'M' 'M' 'M' 'M' 'M' 'M' 'U'
 'M' 'M' 'M' 'U' 'M' 'U' 'U' 'M' 'U' 'U' 'U' 'U' 'U' 'M' 'M' 'M' 'M' 'M'
 'M' 'M' 'U' 'M' 'U' 'M' 'M' 'M' 'M' 'M' 'M' 'M' 'M' 'M' 'U' 'M' 'U' 'M'
 'M' 'M' 'M' 'A' 'A' 'U' 'M' 'M' 'M' 'M' 'U' 'U' 'U' 'M' 'U' 'M' 'M' 'M'
 'U' 'M' 'U' 'U' 'M' 'U' 'M' 'M' 'U' 'M' 'M' 'M' 'M' 'M' 'M' 'M' 'U' 'U']"
143301,0,157,3,154,41,0,0,"['A' 'U' 'M' 'M' 'M' 'M' 'U' 'M' 'M' 'M' 'M' 'M' 'M' 'M' 'M' 'M' 'M' 'M'
 'M' 'M' 'M' 'U' 'M' 'M' 'M' 'M' 'M' 'M' 'U' 'M' 'M' 'U' 'M' 'M' 'M' 'U'
 'M' 'M' 'M' 'U' 'M' 'M' 'M' 'U' 'M' 'M' 'M' 'M' 'M' 'U' 'U' 'M' 'A' 'M'
 'M' 'M' 'M' 'M' 'M' 'M' 'U' 'M' 'M' 'M' 'M' 'M' 'M' 'M' 'M' 'U' 'U' 'M'
 'M' 'M' 'M' 'U' 'M' 'M' 'M' 'M' 'M' 'M' 'U' 'U' 'M' 'M' 'M' 'M' 'M' 'M'
 'M' 'M' 'M' 'M' 'M' 'M' 'M' 'U' 'M' 'M' 'M' 'M' 'M' 'M' 'M' 'M' 'M' 'M'
 'M' 'M' 'M' 'M' 'M' 'M' 'M' 'M' 'M' 'U' 'M' 'M' 'M' 'M' 'M' 'M' 'M' 'U'
 'M' 'M' 'M' 'M' 'M' 'U' 'U' 'M' 'U' 'U' 'M' 'U' 'U' 'M' 'M' 'M' 'M' 'M'
 'M' 'M' 'U' 'M' 'U' 'M' 'M' 'M' 'M' 'M' 'M' 'M' 'M' 'M' 'U' 'M' 'M' 'M'
 'M' 'M' 'M' 'A' 'U' 'U' 'M' 'M' 'U' 'M' 'U' 'U' 'U' 'M' 'U' 'M' 'M' 'M'
 'U' 'M' 'M' 'U' 'M' 'U' 'M' 'M' 'U' 'M' 'M' 'M' 'M' 'M' 'M' 'M' 'U' 'U']"
143401,1,152,3,149,46,0,0,"['A' 'M' 'M' 'M' 'M' 'M' 'U' 'M' 'M' 'M' 'M' 'M' 'M' 'M' 'M' 'M' 'M' 'M'
 'M' 'M' 'M' 'U' 'M' 'M' 'M' 'M' 'M' 'M' 'U' 'M' 'U' 'U' 'M' 'U' 'M' 'U'
 'M' 'M' 'M' 'U' 'M' 'M' 'M' 'U' 'M' 'M' 'M' 'M' 'M' 'M' 'U' 'M' 'A' 'M'
 'M' 'M' 'M' 'M' 'M' 'M' 'U' 'M' 'M' 'M' 'M' 'M' 'M' 'M' 'U' 'M' 'M' 'U'
 'M' 'M' 'M' 'M' 'M' 'M' 'U' 'M' 'M' 'M' 'M' 'M' 'M' 'M' 'M' 'M' 'M' 'M'
 'U' 'M' 'M' 'M' 'U' 'M' 'M' 'U' 'M' 'M' 'M' 'M' 'M' 'M' 'M' 'M' 'M' 'M'
 'M' 'M' 'M' 'M' 'M' 'U' 'M' 'M' 'M' 'U' 'M' 'M' 'U' 'U' 'M' 'M' 'U' 'U'
 'M' 'M' 'M' 'M' 'M' 'U' 'U' 'U' 'U' 'U' 'U' 'U' 'U' 'M' 'M' 'M' 'M' 'M'
 'M' 'M' 'U' 'M' 'U' 'M' 'M' 'M' 'M' 'M' 'M' 'M' 'M' 'M' 'U' 'M' 'M' 'M'
 'M' 'M' 'M' 'A' 'M' 'U' 'M' 'M' 'M' 'M' 'U' 'U' 'U' 'M' 'U' 'M' 'M' 'M'
 'U' 'M' 'M' 'U' 'M' 'U' 'M' 'M' 'U' 'M' 'M' 'M' 'M' 'M' 'U' 'M' 'U' 'U']"
143501,0,155,2,153,43,0,0,"['A' 'M' 'M' 'M' 'M' 'M' 'U' 'M' 'M' 'M' 'M' 'M' 'M' 'M' 'M' 'M' 'M' 'M'
 'M' 'M' 'M' 'M' 'M' 'M' 'M' 'M' 'M' 'M' 'U' 'M' 'U' 'U' 'M' 'U' 'M' 'U'
 'M' 'M' 'M' 'U' 'M' 'M' 'M' 'M' 'M' 'M' 'M' 'M' 'M' 'M' 'U' 'M' 'A' 'M'
 'M' 'M' 'M' 'M' 'M' 'M' 'U' 'M' 'M' 'M' 'M' 'M' 'M' 'M' 'M' 'M' 'U' 'M'
 'M' 'M' 'M' 'M' 'U' 'U' 'M' 'M' 'M' 'M' 'M' 'M' 'M' 'M' 'M' 'M' 'U' 'M'
 'U' 'M' 'M' 'M' 'M' 'M' 'M' 'M' 'M' 'M' 'M' 'M' 'M' 'M' 'M' 'M' 'M' 'M'
 'M' 'U' 'M' 'M' 'M' 'U' 'M' 'M' 'M' 'U' 'M' 'M' 'U' 'U' 'M' 'M' 'U' 'U'
 'M' 'U' 'M' 'M' 'M' 'U' 'U' 'U' 'M' 'U' 'M' 'U' 'U' 'M' 'M' 'M' 'M' 'M'
 'M' 'M' 'U' 'M' 'U' 'M' 'M' 'M' 'M' 'M' 'M' 'M' 'M' 'M' 'M' 'M' 'M' 'M'
 'M' 'U' 'M' 'U' 'M' 'U' 'M' 'M' 'M' 'M' 'U' 'U' 'U' 'M' 'U' 'M' 'M' 'M'
 'U' 'M' 'M' 'M' 'M' 'U' 'M' 'M' 'U' 'M' 'M' 'M' 'M' 'M' 'U' 'M' 'U' 'U']"
143601,0,156,1,155,42,1,0,"['A' 'M' 'M' 'M' 'M' 'M' 'U' 'M' 'M' 'M' 'M' 'M' 'M' 'M' 'M' 'M' 'M' 'U'
 'U' 'M' 'M' 'M' 'M' 'M' 'M' 'M' 'M' 'M' 'U' 'M' 'M' 'U' 'M' 'U' 'M' 'M'
 'M' 'M' 'M' 'M' 'M' 'M' 'M' 'M' 'M' 'M' 'M' 'M' 'M' 'M' 'U' 'M' 'U' 'M'
 'M' 'M' 'M' 'M' 'M' 'M' 'U' 'M' 'M' 'M' 'M' 'M' 'M' 'M' 'U' 'M' 'M' 'U'
 'M' 'M' 'M' 'M' 'M' 'U' 'M' 'M' 'M' 'M' 'U' 'U' 'M' 'M' 'M' 'M' 'M' 'M'
 'M' 'M' 'M' 'M' 'M' 'M' 'M' 'U' 'M' 'M' 'M' 'M' 'M' 'M' 'M' 'M' 'M' 'M'
 'M' 'M' 'M' 'M' 'M' 'U' 'M' 'M' 'M' 'U' 'U' 'M' 'M' 'U' 'M' 'M' 'M' 'U'
 'M' 'U' 'M' 'M' 'M' 'M' 'U' 'U' 'M' 'U' 'M' 'U' 'U' 'M' 'M' 'M' 'U' 'M'
 'M' 'M' 'U' 'M' 'U' 'M' 'M' 'M' 'M' 'M' 'U' 'M' 'M' 'M' 'M' 'M' 'M' 'M'
 'M' 'U' 'M' 'U' 'M' 'U' 'U' 'M' 'M' 'M' 'U' 'M' 'U' 'M' 'U' 'M' 'M' 'M'
 'U' 'M' 'M' 'M' 'M' 'U' 'M' 'M' 'M' 'M' 'M' 'M' 'M' 'M' 'U' 'U' 'M' 'U']"
143701,0,160,1,159,38,1,0,"['A' 'M' 'M' 'M' 'M' 'M' 'M' 'M' 'M' 'M' 'M' 'M' 'M' 'M' 'M' 'M' 'M' 'M'
 'U' 'M' 'M' 'U' 'M' 'M' 'M' 'M' 'M' 'M' 'U' 'M' 'M' 'U' 'M' 'M' 'M' 'M'
 'M' 'M' 'M' 'M' 'M' 'M' 'M' 'M' 'M' 'M' 'M' 'M' 'M' 'M' 'U' 'M' 'M' 'M'
 'M' 'M' 'M' 'M' 'M' 'M' 'M' 'M' 'M' 'M' 'M' 'M' 'M' 'M' 'M' 'M' 'M' 'M'
 'M' 'M' 'M' 'U' 'U' 'M' 'M' 'M' 'M' 'M' 'M' 'U' 'M' 'M' 'U' 'M' 'M' 'M'
 'M' 'M' 'M' 'M' 'U' 'M' 'U' 'M' 'M' 'M' 'U' 'M' 'M' 'M' 'M' 'M' 'M' 'U'
 'M' 'M' 'M' 'M' 'M' 'U' 'M' 'M' 'M' 'U' 'U' 'M' 'M' 'U' 'U' 'M' 'M' 'U'
 'M' 'U' 'M' 'M' 'U' 'M' 'U' 'U' 'M' 'U' 'M' 'U' 'U' 'M' 'M' 'M' 'M' 'M'
 'M' 'M' 'M' 'M' 'M' 'M' 'M' 'M' 'M' 'M' 'U' 'M' 'M' 'M' 'U' 'M' 'M' 'M'
 'M' 'U' 'M' 'M' 'M' 'U' 'M' 'M' 'M' 'M' 'M' 'M' 'U' 'U' 'U' 'M' 'M' 'M'
 'M' 'M' 'U' 'M' 'M' 'U' 'M' 'M' 'M' 'U' 'M' 'M' 'M' 'M' 'M' 'U' 'M' 'U']"
143801,0,163,2,161,35,0,0,"['A' 'M' 'M' 'M' 'M' 'M' 'M' 'M' 'M' 'M' 'M' 'M' 'M' 'M' 'M' 'M' 'M' 'M'
 'U' 'M' 'M' 'U' 'M' 'M' 'M' 'M' 'M' 'M' 'U' 'M' 'M' 'U' 'M' 'M' 'M' 'M'
 'M' 'M' 'M' 'M' 'M' 'M' 'M' 'M' 'M' 'M' 'M' 'M' 'M' 'M' 'U' 'M' 'M' 'U'
 'M' 'M' 'M' 'M' 'M' 'M' 'M' 'M' 'M' 'M' 'M' 'M' 'M' 'M' 'M' 'U' 'M' 'M'
 'M' 'M' 'M' 'M' 'M' 'M' 'M' 'M' 'M' 'M' 'M' 'U' 'U' 'U' 'M' 'M' 'U' 'M'
 'M' 'M' 'M' 'M' 'M' 'M' 'U' 'M' 'M' 'M' 'U' 'M' 'U' 'U' 'M' 'M' 'M' 'U'
 'M' 'M' 'M' 'M' 'M' 'U' 'M' 'M' 'M' 'U' 'U' 'M' 'M' 'U' 'U' 'M' 'M' 'U'
 'M' 'U' 'M' 'M' 'U' 'M' 'U' 'M' 'U' 'U' 'U' 'A' 'U' 'M' 'M' 'M' 'M' 'M'
 'M' 'M' 'M' 'M' 'M' 'M' 'M' 'M' 'M' 'M' 'M' 'M' 'M' 'M' 'M' 'M' 'M' 'M'
 'M' 'U' 'M' 'M' 'M' 'M' 'M' 'M' 'M' 'M' 'M' 'M' 'M' 'U' 'U' 'M' 'M' 'M'
 'M' 'M' 'M' 'M' 'M' 'U' 'M' 'M' 'M' 'M' 'M' 'M' 'M' 'M' 'M' 'U' 'M' 'U']"
143901,0,165,3,162,33,0,0,"['A' 'M' 'M' 'M' 'M' 'M' 'M' 'U' 'M' 'M' 'M' 'M' 'M' 'M' 'M' 'M' 'M' 'M'
 'U' 'M' 'M' 'U' 'M' 'M' 'M' 'M' 'M' 'M' 'U' 'M' 'M' 'M' 'M' 'U' 'U' 'M'
 'M' 'M' 'M' 'M' 'M' 'M' 'M' 'M' 'M' 'M' 'M' 'M' 'M' 'M' 'U' 'M' 'M' 'M'
 'M' 'M' 'M' 'M' 'M' 'M' 'M' 'M' 'M' 'M' 'M' 'M' 'M' 'M' 'M' 'M' 'M' 'M'
 'M' 'M' 'M' 'M' 'M' 'M' 'U' 'M' 'M' 'M' 'M' 'U' 'M' 'U' 'M' 'U' 'M' 'M'
 'M' 'M' 'M' 'U' 'M' 'M' 'U' 'M' 'M' 'M' 'U' 'M' 'U' 'U' 'M' 'M' 'M' 'U'
 'M' 'M' 'M' 'M' 'M' 'U' 'M' 'M' 'M' 'U' 'M' 'M' 'M' 'U' 'M' 'M' 'M' 'U'
 'U' 'U' 'M' 'M' 'U' 'M' 'U' 'M' 'U' 'M' 'M' 'A' 'U' 'M' 'M' 'M' 'M' 'M'
 'M' 'M' 'M' 'M' 'M' 'M' 'M' 'M' 'M' 'M' 'M' 'M' 'U' 'M' 'M' 'M' 'M' 'M'
 'M' 'A' 'U' 'M' 'M' 'M' 'M' 'M' 'M' 'M' 'M' 'M' 'M' 'M' 'U' 'M' 'U' 'M'
 'M' 'U' 'M' 'M' 'M' 'M' 'M' 'M' 'M' 'M' 'M' 'M' 'M' 'M' 'M' 'M' 'M' 'U']"
144001,0,171,5,166,27,0,0,"['A' 'M' 'M' 'M' 'M' 'M' 'M' 'M' 'M' 'M' 'M' 'U' 'M' 'M' 'M' 'M' 'M' 'M'
 'U' 'M' 'M' 'U' 'M' 'M' 'M' 'M' 'M' 'M' 'U' 'M' 'M' 'M' 'M' 'U' 'U' 'M'
 'M' 'M' 'M' 'M' 'M' 'M' 'M' 'M' 'M' 'M' 'M' 'M' 'M' 'M' 'U' 'M' 'M' 'M'
 'M' 'M' 'M' 'M' 'M' 'M' 'M' 'M' 'M' 'M' 'M' 'M' 'M' 'M' 'M' 'M' 'M' 'M'
 'M' 'M' 'M' 'M' 'M' 'M' 'M' 'M' 'U' 'M' 'M' 'M' 'M' 'M' 'U' 'M' 'M' 'M'
 'U' 'U' 'M' 'U' 'M' 'M' 'U' 'M' 'M' 'M' 'U' 'M' 'U' 'M' 'M' 'M' 'M' 'A'
 'M' 'M' 'M' 'M' 'M' 'U' 'M' 'M' 'M' 'U' 'M' 'M' 'M' 'M' 'M' 'M' 'M' 'U'
 'M' 'M' 'M' 'M' 'U' 'M' 'U' 'M' 'U' 'M' 'M' 'A' 'U' 'M' 'M' 'M' 'M' 'M'
 'M' 'M' 'M' 'M' 'M' 'M' 'M' 'M' 'U' 'M' 'M' 'M' 'U' 'M' 'M' 'M' 'M' 'M'
 'M' 'A' 'U' 'M' 'M' 'M' 'M' 'M' 'M' 'M' 'M' 'U' 'M' 'M' 'A' 'M' 'M' 'M'
 'M' 'U' 'M' 'M' 'M' 'M' 'M' 'M' 'M' 'M' 'M' 'M' 'M' 'M' 'M' 'M' 'M' 'M']"
144101,0,165,3,162,33,0,0,"['A' 'M' 'M' 'M' 'M' 'M' 'M' 'U' 'M' 'M' 'M' 'U' 'M' 'U' 'M' 'M' 'M' 'M'
 'U' 'M' 'M' 'M' 'M' 'M' 'M' 'M' 'M' 'M' 'U' 'M' 'M' 'M' 'M' 'U' 'U' 'M'
 'M' 'M' 'M' 'M' 'M' 'M' 'M' 'M' 'M' 'M' 'M' 'M' 'M' 'M' 'M' 'M' 'U' 'M'
 'M' 'M' 'M' 'M' 'M' 'M' 'M' 'M' 'M' 'M' 'M' 'U' 'M' 'M' 'U' 'M' 'M' 'U'
 'M' 'M' 'M' 'M' 'M' 'M' 'M' 'M' 'M' 'M' 'M' 'M' 'M' 'M' 'U' 'M' 'U' 'M'
 'M' 'M' 'M' 'M' 'M' 'M' 'M' 'M' 'M' 'M' 'U' 'M' 'U' 'M' 'M' 'M' 'M' 'A'
 'M' 'M' 'M' 'U' 'M' 'U' 'M' 'M' 'M' 'U' 'M' 'M' 'M' 'M' 'M' 'M' 'M' 'U'
 'M' 'M' 'M' 'M' 'U' 'M' 'U' 'M' 'U' 'U' 'M' 'U' 'M' 'M' 'U' 'M' 'M' 'M'
 'M' 'M' 'M' 'M' 'M' 'M' 'M' 'M' 'U' 'M' 'M' 'M' 'U' 'M' 'M' 'M' 'M' 'M'
 'M' 'A' 'U' 'U' 'M' 'U' 'M' 'M' 'M' 'M' 'M' 'M' 'M' 'M' 'U' 'M' 'M' 'M'
 'M' 'U' 'M' 'M' 'M' 'M' 'M' 'M' 'M' 'M' 'U' 'M' 'M' 'M' 'M' 'M' 'M' 'M']"
144201,0,173,4,169,25,0,0,"['A' 'M' 'M' 'M' 'M' 'M' 'M' 'U' 'M' 'M' 'M' 'U' 'M' 'M' 'M' 'M' 'M' 'M'
 'U' 'M' 'M' 'M' 'M' 'M' 'M' 'M' 'M' 'M' 'A' 'M' 'M' 'M' 'M' 'M' 'M' 'M'
 'M' 'M' 'M' 'M' 'M' 'M' 'M' 'M' 'M' 'M' 'M' 'M' 'M' 'M' 'M' 'M' 'U' 'M'
 'M' 'M' 'M' 'M' 'M' 'M' 'M' 'M' 'M' 'M' 'M' 'M' 'M' 'M' 'M' 'M' 'M' 'M'
 'M' 'U' 'M' 'M' 'M' 'U' 'M' 'M' 'M' 'M' 'M' 'M' 'U' 'M' 'M' 'U' 'M' 'M'
 'M' 'M' 'M' 'U' 'M' 'M' 'M' 'M' 'M' 'M' 'M' 'M' 'M' 'M' 'M' 'M' 'M' 'A'
 'M' 'M' 'M' 'U' 'M' 'U' 'M' 'M' 'M' 'M' 'M' 'M' 'M' 'M' 'M' 'M' 'M' 'M'
 'M' 'M' 'M' 'M' 'U' 'M' 'M' 'M' 'U' 'U' 'M' 'U' 'M' 'M' 'M' 'M' 'M' 'M'
 'M' 'M' 'M' 'M' 'M' 'M' 'M' 'M' 'U' 'M' 'M' 'M' 'U' 'M' 'M' 'M' 'M' 'M'
 'M' 'A' 'M' 'U' 'M' 'U' 'U' 'M' 'M' 'M' 'M' 'M' 'U' 'M' 'U' 'U' 'U' 'M'
 'M' 'U' 'M' 'M' 'M' 'M' 'M' 'M' 'M' 'M' 'M' 'M' 'M' 'M' 'M' 'M' 'M' 'M']"
144301,0,176,4,172,22,0,0,"['A' 'M' 'M' 'M' 'M' 'M' 'M' 'A' 'M' 'M' 'M' 'U' 'M' 'M' 'M' 'M' 'M' 'M'
 'U' 'M' 'M' 'M' 'M' 'M' 'M' 'M' 'M' 'M' 'A' 'M' 'M' 'M' 'M' 'M' 'M' 'M'
 'M' 'M' 'M' 'M' 'M' 'M' 'M' 'M' 'M' 'M' 'M' 'M' 'M' 'M' 'M' 'M' 'M' 'M'
 'M' 'M' 'M' 'M' 'M' 'M' 'M' 'M' 'M' 'M' 'M' 'M' 'U' 'M' 'M' 'M' 'M' 'M'
 'M' 'M' 'M' 'M' 'M' 'M' 'M' 'U' 'M' 'U' 'U' 'M' 'M' 'M' 'M' 'M' 'M' 'M'
 'M' 'M' 'U' 'M' 'M' 'M' 'M' 'M' 'M' 'M' 'M' 'M' 'M' 'M' 'M' 'M' 'M' 'U'
 'M' 'M' 'M' 'U' 'M' 'U' 'M' 'M' 'M' 'M' 'M' 'M' 'M' 'M' 'M' 'M' 'M' 'M'
 'M' 'M' 'M' 'M' 'M' 'M' 'M' 'M' 'U' 'U' 'U' 'M' 'M' 'M' 'M' 'M' 'M' 'M'
 'M' 'M' 'M' 'M' 'M' 'M' 'M' 'M' 'U' 'M' 'M' 'M' 'M' 'M' 'M' 'M' 'M' 'M'
 'M' 'M' 'M' 'U' 'M' 'A' 'U' 'M' 'M' 'M' 'M' 'M' 'U' 'M' 'M' 'U' 'U' 'M'
 'M' 'U' 'M' 'M' 'M' 'M' 'M' 'M' 'U' 'U' 'M' 'M' 'M' 'M' 'M' 'M' 'M' 'M']"
144401,0,169,4,165,29,0,1,"['A' 'M' 'M' 'M' 'M' 'M' 'M' 'U' 'M' 'M' 'M' 'M' 'M' 'M' 'M' 'M' 'M' 'M'
 'U' 'M' 'M' 'M' 'M' 'M' 'M' 'M' 'M' 'M' 'U' 'M' 'M' 'M' 'M' 'M' 'M' 'U'
 'M' 'M' 'M' 'M' 'M' 'M' 'M' 'M' 'M' 'M' 'M' 'M' 'M' 'M' 'M' 'M' 'M' 'M'
 'M' 'M' 'M' 'M' 'M' 'M' 'M' 'M' 'M' 'M' 'M' 'M' 'M' 'M' 'M' 'M' 'M' 'U'
 'M' 'M' 'M' 'M' 'M' 'M' 'M' 'M' 'M' 'M' 'M' 'M' 'U' 'U' 'U' 'M' 'M' 'M'
 'M' 'M' 'M' 'U' 'M' 'M' 'M' 'M' 'M' 'U' 'M' 'M' 'M' 'M' 'M' 'M' 'M' 'U'
 'M' 'M' 'M' 'U' 'M' 'A' 'M' 'M' 'M' 'M' 'M' 'M' 'M' 'M' 'M' 'U' 'M' 'M'
 'M' 'M' 'M' 'M' 'M' 'U' 'U' 'M' 'U' 'M' 'U' 'U' 'A' 'M' 'M' 'M' 'M' 'M'
 'M' 'M' 'M' 'M' 'M' 'M' 'M' 'M' 'U' 'M' 'M' 'M' 'U' 'M' 'M' 'M' 'M' 'M'
 'U' 'M' 'M' 'U' 'M' 'A' 'U' 'M' 'U' 'M' 'M' 'M' 'M' 'M' 'M' 'M' 'U' 'M'
 'M' 'U' 'M' 'M' 'U' 'M' 'M' 'M' 'U' 'U' 'M' 'M' 'M' 'M' 'M' 'M' 'M' 'M']"
144501,0,164,3,161,34,1,0,"['A' 'M' 'M' 'M' 'U' 'M' 'M' 'U' 'M' 'M' 'M' 'M' 'M' 'M' 'M' 'M' 'M' 'M'
 'M' 'M' 'M' 'M' 'M' 'M' 'M' 'M' 'M' 'M' 'U' 'U' 'M' 'M' 'M' 'M' 'M' 'U'
 'M' 'M' 'M' 'M' 'M' 'U' 'M' 'M' 'M' 'M' 'M' 'M' 'M' 'M' 'M' 'M' 'M' 'M'
 'U' 'M' 'M' 'M' 'M' 'M' 'M' 'M' 'M' 'M' 'M' 'M' 'M' 'M' 'M' 'M' 'M' 'M'
 'M' 'M' 'U' 'M' 'M' 'M' 'U' 'M' 'M' 'U' 'M' 'M' 'M' 'M' 'M' 'M' 'U' 'M'
 'M' 'M' 'U' 'M' 'M' 'M' 'M' 'M' 'M' 'U' 'M' 'M' 'M' 'M' 'M' 'M' 'M' 'U'
 'U' 'M' 'M' 'M' 'M' 'A' 'M' 'M' 'M' 'M' 'M' 'M' 'M' 'M' 'M' 'U' 'M' 'M'
 'M' 'M' 'M' 'M' 'M' 'U' 'U' 'U' 'U' 'M' 'U' 'U' 'U' 'M' 'M' 'M' 'M' 'U'
 'M' 'M' 'M' 'M' 'M' 'U' 'M' 'M' 'M' 'M' 'M' 'M' 'U' 'M' 'M' 'M' 'M' 'M'
 'U' 'M' 'M' 'U' 'M' 'A' 'U' 'M' 'U' 'M' 'M' 'M' 'M' 'M' 'M' 'M' 'U' 'M'
 'M' 'U' 'M' 'M' 'M' 'M' 'M' 'M' 'U' 'U' 'M' 'M' 'M' 'M' 'M' 'M' 'M' 'M']"
144601,0,168,2,166,30,0,1,"['A' 'M' 'U' 'M' 'M' 'M' 'U' 'U' 'M' 'M' 'M' 'M' 'M' 'M' 'M' 'M' 'M' 'M'
 'M' 'M' 'M' 'M' 'M' 'U' 'M' 'M' 'M' 'M' 'U' 'M' 'M' 'M' 'M' 'M' 'M' 'U'
 'M' 'M' 'M' 'M' 'M' 'M' 'M' 'U' 'M' 'M' 'M' 'M' 'M' 'M' 'M' 'M' 'M' 'M'
 'M' 'M' 'M' 'M' 'M' 'M' 'M' 'M' 'M' 'M' 'M' 'M' 'M' 'M' 'M' 'M' 'M' 'M'
 'M' 'U' 'M' 'M' 'M' 'M' 'M' 'M' 'M' 'M' 'M' 'M' 'U' 'M' 'M' 'M' 'M' 'M'
 'U' 'M' 'U' 'U' 'M' 'M' 'M' 'M' 'M' 'U' 'M' 'M' 'M' 'M' 'M' 'M' 'M' 'U'
 'M' 'M' 'M' 'M' 'M' 'U' 'M' 'M' 'M' 'M' 'M' 'M' 'M' 'M' 'M' 'U' 'M' 'M'
 'M' 'M' 'M' 'M' 'M' 'U' 'M' 'U' 'M' 'U' 'U' 'U' 'M' 'M' 'M' 'M' 'M' 'M'
 'M' 'M' 'M' 'M' 'M' 'U' 'M' 'M' 'M' 'M' 'M' 'M' 'M' 'M' 'M' 'M' 'M' 'M'
 'U' 'M' 'M' 'U' 'M' 'A' 'U' 'M' 'M' 'U' 'M' 'M' 'M' 'M' 'M' 'M' 'U' 'M'
 'M' 'U' 'M' 'M' 'U' 'M' 'M' 'M' 'U' 'M' 'M' 'M' 'M' 'M' 'M' 'M' 'M' 'M']"
144701,0,168,3,165,30,0,0,"['A' 'M' 'U' 'M' 'M' 'M' 'U' 'U' 'M' 'M' 'M' 'M' 'M' 'M' 'M' 'M' 'A' 'M'
 'M' 'M' 'M' 'M' 'M' 'U' 'M' 'M' 'M' 'M' 'M' 'U' 'M' 'M' 'M' 'M' 'M' 'M'
 'U' 'M' 'M' 'M' 'M' 'M' 'M' 'U' 'M' 'M' 'M' 'U' 'M' 'M' 'M' 'M' 'M' 'M'
 'U' 'U' 'M' 'M' 'M' 'M' 'M' 'M' 'M' 'M' 'M' 'M' 'U' 'M' 'M' 'M' 'M' 'M'
 'M' 'M' 'M' 'U' 'M' 'U' 'U' 'M' 'M' 'M' 'M' 'M' 'M' 'M' 'M' 'M' 'M' 'M'
 'M' 'M' 'M' 'U' 'M' 'M' 'M' 'M' 'M' 'U' 'M' 'M' 'M' 'M' 'M' 'M' 'M' 'U'
 'M' 'M' 'M' 'M' 'M' 'U' 'M' 'M' 'M' 'M' 'M' 'M' 'M' 'M' 'M' 'U' 'M' 'M'
 'M' 'M' 'M' 'M' 'M' 'U' 'M' 'U' 'M' 'M' 'U' 'M' 'M' 'M' 'M' 'M' 'M' 'M'
 'M' 'M' 'M' 'M' 'M' 'M' 'U' 'M' 'M' 'M' 'M' 'M' 'M' 'M' 'M' 'M' 'M' 'M'
 'U' 'M' 'M' 'U' 'M' 'A' 'M' 'M' 'M' 'U' 'M' 'M' 'M' 'M' 'M' 'M' 'U' 'M'
 'M' 'U' 'M' 'M' 'U' 'M' 'M' 'M' 'M' 'U' 'M' 'M' 'M' 'M' 'M' 'M' 'M' 'M']"
144801,0,165,3,162,33,0,0,"['A' 'M' 'U' 'M' 'M' 'M' 'U' 'M' 'M' 'M' 'U' 'M' 'M' 'U' 'M' 'M' 'A' 'U'
 'M' 'M' 'M' 'M' 'M' 'M' 'M' 'M' 'M' 'M' 'M' 'M' 'M' 'M' 'M' 'M' 'M' 'M'
 'M' 'M' 'M' 'M' 'M' 'M' 'M' 'U' 'M' 'M' 'M' 'U' 'M' 'M' 'M' 'M' 'M' 'M'
 'U' 'M' 'U' 'M' 'M' 'M' 'M' 'U' 'M' 'M' 'U' 'M' 'M' 'M' 'M' 'U' 'M' 'M'
 'M' 'M' 'U' 'U' 'M' 'M' 'M' 'M' 'M' 'M' 'M' 'M' 'M' 'U' 'M' 'M' 'U' 'M'
 'M' 'M' 'M' 'M' 'M' 'M' 'M' 'M' 'M' 'U' 'M' 'M' 'M' 'M' 'M' 'M' 'M' 'U'
 'M' 'M' 'M' 'M' 'U' 'U' 'M' 'M' 'M' 'M' 'U' 'M' 'M' 'M' 'M' 'M' 'M' 'M'
 'M' 'M' 'M' 'M' 'M' 'U' 'M' 'U' 'M' 'M' 'U' 'M' 'M' 'M' 'M' 'M' 'M' 'M'
 'M' 'M' 'M' 'M' 'M' 'M' 'U' 'M' 'M' 'M' 'M' 'M' 'M' 'M' 'U' 'M' 'M' 'M'
 'U' 'M' 'M' 'U' 'M' 'A' 'U' 'M' 'M' 'U' 'M' 'M' 'M' 'M' 'M' 'M' 'U' 'M'
 'M' 'M' 'M' 'M' 'U' 'M' 'M' 'M' 'M' 'U' 'M' 'M' 'M' 'M' 'M' 'M' 'M' 'M']"
144901,0,160,3,157,38,0,0,"['A' 'M' 'U' 'M' 'M' 'M' 'U' 'M' 'M' 'M' 'U' 'M' 'M' 'M' 'M' 'M' 'A' 'U'
 'M' 'M' 'M' 'M' 'M' 'M' 'M' 'M' 'M' 'M' 'M' 'U' 'M' 'M' 'M' 'M' 'M' 'M'
 'M' 'M' 'M' 'M' 'M' 'M' 'M' 'M' 'M' 'M' 'M' 'U' 'U' 'M' 'M' 'M' 'M' 'M'
 'U' 'M' 'U' 'M' 'M' 'U' 'M' 'U' 'M' 'M' 'U' 'M' 'U' 'M' 'U' 'M' 'M' 'M'
 'M' 'M' 'M' 'M' 'M' 'M' 'M' 'U' 'M' 'M' 'U' 'M' 'M' 'M' 'M' 'M' 'M' 'M'
 'U' 'M' 'M' 'M' 'M' 'M' 'M' 'M' 'M' 'U' 'M' 'M' 'M' 'M' 'M' 'M' 'M' 'U'
 'M' 'M' 'M' 'U' 'M' 'M' 'M' 'M' 'M' 'U' 'U' 'M' 'M' 'M' 'M' 'M' 'M' 'M'
 'M' 'M' 'M' 'M' 'M' 'M' 'U' 'U' 'U' 'U' 'U' 'U' 'U' 'M' 'M' 'M' 'M' 'U'
 'M' 'M' 'M' 'M' 'M' 'M' 'U' 'M' 'M' 'M' 'M' 'M' 'M' 'M' 'U' 'M' 'M' 'M'
 'M' 'M' 'M' 'U' 'M' 'U' 'U' 'M' 'M' 'U' 'M' 'M' 'M' 'M' 'M' 'U' 'U' 'M'
 'M' 'M' 'M' 'M' 'A' 'M' 'M' 'M' 'M' 'M' 'M' 'M' 'M' 'M' 'M' 'M' 'M' 'M']"
145001,0,164,4,160,34,0,0,"['A' 'M' 'M' 'U' 'M' 'M' 'U' 'M' 'M' 'M' 'U' 'M' 'M' 'M' 'M' 'M' 'A' 'M'
 'M' 'M' 'M' 'M' 'M' 'M' 'M' 'M' 'M' 'M' 'M' 'U' 'M' 'M' 'M' 'M' 'M' 'U'
 'M' 'M' 'M' 'M' 'M' 'M' 'M' 'M' 'M' 'M' 'M' 'U' 'U' 'M' 'M' 'M' 'M' 'M'
 'U' 'M' 'U' 'M' 'M' 'U' 'M' 'M' 'M' 'M' 'U' 'M' 'U' 'M' 'M' 'M' 'U' 'M'
 'M' 'M' 'M' 'M' 'M' 'M' 'M' 'M' 'M' 'M' 'M' 'M' 'M' 'M' 'M' 'U' 'M' 'M'
 'M' 'M' 'M' 'U' 'U' 'M' 'M' 'M' 'M' 'M' 'M' 'M' 'M' 'M' 'M' 'M' 'M' 'M'
 'M' 'M' 'M' 'U' 'M' 'M' 'M' 'M' 'M' 'U' 'U' 'M' 'M' 'M' 'M' 'M' 'M' 'M'
 'M' 'M' 'M' 'M' 'M' 'U' 'M' 'U' 'U' 'U' 'U' 'U' 'U' 'M' 'M' 'M' 'M' 'U'
 'M' 'M' 'M' 'M' 'M' 'M' 'M' 'M' 'M' 'M' 'M' 'M' 'M' 'M' 'M' 'M' 'M' 'M'
 'M' 'M' 'M' 'U' 'M' 'U' 'A' 'M' 'M' 'U' 'M' 'M' 'M' 'M' 'M' 'U' 'U' 'M'
 'M' 'M' 'U' 'M' 'A' 'M' 'M' 'M' 'M' 'M' 'M' 'U' 'M' 'M' 'M' 'M' 'M' 'M']"
145101,0,166,5,161,32,0,0,"['A' 'M' 'M' 'U' 'M' 'M' 'U' 'M' 'M' 'M' 'U' 'M' 'M' 'M' 'M' 'M' 'A' 'M'
 'M' 'M' 'M' 'M' 'M' 'M' 'M' 'M' 'M' 'M' 'M' 'M' 'M' 'M' 'U' 'M' 'A' 'U'
 'M' 'M' 'M' 'M' 'M' 'M' 'M' 'M' 'M' 'M' 'M' 'U' 'U' 'M' 'M' 'M' 'M' 'M'
 'U' 'M' 'U' 'M' 'U' 'U' 'M' 'M' 'M' 'M' 'U' 'U' 'M' 'M' 'M' 'M' 'U' 'M'
 'M' 'U' 'M' 'M' 'M' 'M' 'M' 'M' 'M' 'M' 'M' 'M' 'M' 'U' 'U' 'M' 'M' 'M'
 'M' 'M' 'M' 'M' 'M' 'M' 'M' 'M' 'M' 'M' 'M' 'M' 'M' 'M' 'M' 'M' 'M' 'M'
 'M' 'M' 'M' 'U' 'M' 'M' 'M' 'M' 'M' 'U' 'U' 'M' 'M' 'M' 'M' 'M' 'M' 'M'
 'M' 'M' 'M' 'M' 'M' 'U' 'M' 'M' 'U' 'U' 'M' 'U' 'U' 'M' 'M' 'M' 'M' 'U'
 'M' 'M' 'M' 'M' 'M' 'M' 'M' 'M' 'M' 'M' 'M' 'M' 'M' 'M' 'M' 'M' 'M' 'M'
 'M' 'M' 'M' 'U' 'M' 'M' 'A' 'M' 'M' 'M' 'M' 'U' 'M' 'M' 'M' 'U' 'U' 'M'
 'M' 'M' 'U' 'M' 'A' 'M' 'M' 'M' 'M' 'M' 'M' 'U' 'M' 'M' 'M' 'M' 'M' 'M']"
145201,0,166,4,162,32,0,0,"['A' 'M' 'M' 'U' 'M' 'U' 'U' 'U' 'M' 'M' 'U' 'M' 'M' 'M' 'M' 'M' 'A' 'M'
 'M' 'M' 'U' 'M' 'M' 'M' 'M' 'M' 'M' 'U' 'U' 'M' 'M' 'M' 'M' 'U' 'A' 'U'
 'M' 'M' 'M' 'M' 'M' 'M' 'M' 'M' 'M' 'M' 'U' 'U' 'U' 'M' 'M' 'M' 'M' 'M'
 'U' 'M' 'U' 'M' 'U' 'U' 'M' 'M' 'M' 'M' 'U' 'M' 'M' 'M' 'M' 'M' 'M' 'M'
 'M' 'M' 'M' 'U' 'U' 'M' 'U' 'U' 'M' 'M' 'M' 'U' 'M' 'M' 'M' 'M' 'M' 'M'
 'M' 'M' 'M' 'M' 'M' 'M' 'M' 'M' 'M' 'M' 'M' 'M' 'M' 'M' 'M' 'M' 'M' 'M'
 'M' 'M' 'U' 'U' 'M' 'M' 'M' 'M' 'M' 'M' 'M' 'M' 'M' 'M' 'M' 'M' 'M' 'M'
 'M' 'M' 'M' 'M' 'M' 'M' 'M' 'M' 'U' 'M' 'M' 'U' 'U' 'M' 'M' 'M' 'M' 'M'
 'M' 'M' 'M' 'M' 'M' 'M' 'M' 'M' 'M' 'M' 'M' 'M' 'M' 'M' 'M' 'M' 'M' 'M'
 'M' 'M' 'M' 'U' 'M' 'M' 'M' 'M' 'M' 'M' 'M' 'U' 'M' 'M' 'M' 'M' 'M' 'M'
 'M' 'M' 'M' 'M' 'A' 'M' 'U' 'M' 'M' 'M' 'M' 'U' 'M' 'M' 'M' 'M' 'M' 'M']"
145301,1,168,3,165,30,0,1,"['A' 'M' 'M' 'U' 'M' 'A' 'U' 'U' 'M' 'M' 'M' 'M' 'M' 'U' 'M' 'M' 'M' 'M'
 'M' 'M' 'A' 'M' 'M' 'M' 'M' 'M' 'M' 'U' 'U' 'M' 'M' 'M' 'M' 'M' 'M' 'U'
 'M' 'M' 'M' 'M' 'M' 'M' 'M' 'M' 'M' 'M' 'U' 'U' 'M' 'M' 'M' 'M' 'M' 'M'
 'U' 'M' 'M' 'M' 'U' 'U' 'M' 'M' 'M' 'M' 'U' 'M' 'M' 'M' 'M' 'U' 'M' 'M'
 'M' 'M' 'M' 'M' 'M' 'M' 'M' 'M' 'M' 'M' 'M' 'M' 'M' 'M' 'M' 'M' 'M' 'M'
 'M' 'U' 'U' 'U' 'U' 'M' 'M' 'M' 'M' 'M' 'M' 'M' 'M' 'M' 'M' 'M' 'M' 'M'
 'M' 'M' 'U' 'M' 'M' 'M' 'M' 'M' 'M' 'M' 'M' 'M' 'M' 'U' 'M' 'M' 'M' 'M'
 'M' 'M' 'U' 'M' 'M' 'M' 'M' 'M' 'M' 'M' 'M' 'U' 'U' 'M' 'M' 'M' 'M' 'M'
 'M' 'M' 'M' 'M' 'M' 'M' 'M' 'M' 'U' 'M' 'M' 'M' 'U' 'M' 'M' 'M' 'M' 'M'
 'M' 'M' 'M' 'U' 'M' 'M' 'M' 'M' 'M' 'M' 'M' 'U' 'M' 'M' 'M' 'M' 'M' 'M'
 'M' 'M' 'M' 'M' 'U' 'M' 'U' 'M' 'M' 'M' 'M' 'U' 'M' 'M' 'M' 'M' 'M' 'M']"
145401,0,165,3,162,33,0,0,"['A' 'M' 'M' 'U' 'M' 'A' 'U' 'U' 'M' 'U' 'M' 'M' 'M' 'U' 'M' 'M' 'M' 'M'
 'M' 'U' 'A' 'M' 'M' 'M' 'M' 'M' 'M' 'U' 'M' 'M' 'M' 'M' 'M' 'M' 'M' 'U'
 'M' 'M' 'M' 'M' 'M' 'M' 'M' 'M' 'U' 'M' 'U' 'M' 'M' 'M' 'M' 'M' 'M' 'M'
 'U' 'M' 'M' 'M' 'U' 'M' 'M' 'M' 'M' 'M' 'U' 'M' 'M' 'U' 'M' 'M' 'M' 'M'
 'M' 'M' 'M' 'M' 'M' 'M' 'M' 'M' 'M' 'M' 'M' 'M' 'M' 'M' 'U' 'M' 'M' 'U'
 'U' 'M' 'M' 'M' 'U' 'M' 'M' 'M' 'M' 'M' 'M' 'M' 'M' 'M' 'M' 'M' 'M' 'M'
 'M' 'M' 'U' 'M' 'M' 'M' 'M' 'M' 'U' 'M' 'M' 'M' 'M' 'M' 'M' 'M' 'M' 'M'
 'M' 'M' 'M' 'M' 'M' 'M' 'U' 'U' 'U' 'U' 'U' 'U' 'U' 'M' 'M' 'U' 'M' 'M'
 'M' 'M' 'M' 'M' 'M' 'M' 'M' 'M' 'U' 'M' 'M' 'M' 'M' 'M' 'M' 'M' 'M' 'M'
 'M' 'M' 'M' 'U' 'M' 'M' 'M' 'M' 'M' 'M' 'M' 'U' 'M' 'M' 'M' 'M' 'M' 'M'
 'M' 'M' 'M' 'M' 'U' 'M' 'M' 'M' 'M' 'M' 'U' 'M' 'M' 'M' 'M' 'M' 'M' 'M']"
145501,0,162,3,159,36,0,0,"['A' 'M' 'M' 'U' 'M' 'U' 'M' 'U' 'M' 'U' 'M' 'M' 'M' 'U' 'M' 'M' 'M' 'M'
 'M' 'U' 'A' 'M' 'M' 'M' 'M' 'M' 'M' 'U' 'M' 'M' 'M' 'M' 'M' 'M' 'M' 'U'
 'M' 'M' 'M' 'M' 'M' 'M' 'M' 'M' 'M' 'M' 'U' 'M' 'M' 'M' 'M' 'M' 'M' 'M'
 'U' 'M' 'M' 'M' 'M' 'M' 'M' 'M' 'U' 'M' 'U' 'M' 'M' 'U' 'M' 'M' 'U' 'M'
 'M' 'M' 'M' 'M' 'M' 'M' 'M' 'M' 'M' 'M' 'M' 'M' 'U' 'U' 'M' 'M' 'M' 'M'
 'M' 'M' 'U' 'M' 'M' 'M' 'M' 'M' 'M' 'M' 'M' 'M' 'M' 'M' 'M' 'M' 'M' 'M'
 'U' 'M' 'U' 'M' 'M' 'M' 'M' 'M' 'A' 'M' 'M' 'M' 'M' 'M' 'M' 'M' 'M' 'M'
 'M' 'M' 'M' 'M' 'M' 'M' 'U' 'U' 'U' 'U' 'U' 'U' 'U' 'M' 'M' 'U' 'U' 'M'
 'M' 'M' 'M' 'M' 'M' 'M' 'M' 'U' 'U' 'M' 'M' 'M' 'M' 'M' 'M' 'M' 'M' 'U'
 'M' 'M' 'M' 'M' 'M' 'U' 'M' 'M' 'M' 'M' 'M' 'M' 'M' 'M' 'M' 'M' 'M' 'M'
 'M' 'M' 'M' 'M' 'U' 'M' 'U' 'M' 'U' 'M' 'M' 'M' 'M' 'M' 'M' 'M' 'M' 'U']"
145601,0,167,4,163,31,0,0,"['A' 'M' 'M' 'U' 'M' 'M' 'M' 'U' 'M' 'M' 'M' 'M' 'M' 'M' 'M' 'M' 'M' 'M'
 'M' 'U' 'A' 'U' 'M' 'M' 'M' 'M' 'M' 'U' 'M' 'M' 'M' 'M' 'M' 'M' 'M' 'U'
 'M' 'M' 'M' 'M' 'M' 'M' 'M' 'M' 'M' 'M' 'M' 'M' 'M' 'M' 'M' 'M' 'M' 'M'
 'M' 'M' 'M' 'M' 'M' 'M' 'U' 'M' 'U' 'M' 'U' 'M' 'M' 'M' 'U' 'M' 'M' 'M'
 'M' 'M' 'M' 'U' 'M' 'U' 'M' 'M' 'M' 'M' 'M' 'U' 'M' 'M' 'M' 'M' 'M' 'M'
 'M' 'M' 'M' 'U' 'M' 'M' 'M' 'M' 'U' 'M' 'M' 'U' 'M' 'M' 'M' 'M' 'M' 'M'
 'U' 'M' 'U' 'M' 'M' 'M' 'M' 'M' 'A' 'M' 'M' 'M' 'M' 'M' 'M' 'M' 'M' 'M'
 'M' 'M' 'M' 'M' 'M' 'M' 'M' 'U' 'M' 'U' 'M' 'M' 'U' 'M' 'M' 'U' 'U' 'M'
 'M' 'M' 'M' 'M' 'U' 'U' 'M' 'M' 'A' 'M' 'M' 'M' 'M' 'M' 'M' 'U' 'M' 'M'
 'M' 'M' 'M' 'M' 'U' 'U' 'M' 'M' 'M' 'M' 'M' 'M' 'M' 'M' 'M' 'M' 'M' 'M'
 'M' 'M' 'M' 'M' 'M' 'M' 'U' 'M' 'U' 'U' 'M' 'M' 'M' 'M' 'M' 'M' 'M' 'M']"
145701,0,166,3,163,32,0,0,"['A' 'M' 'M' 'U' 'M' 'M' 'M' 'U' 'M' 'M' 'U' 'M' 'M' 'M' 'M' 'M' 'M' 'M'
 'M' 'U' 'A' 'U' 'M' 'M' 'M' 'M' 'M' 'U' 'M' 'M' 'M' 'M' 'M' 'M' 'M' 'U'
 'U' 'M' 'M' 'M' 'M' 'M' 'M' 'M' 'M' 'M' 'M' 'M' 'M' 'M' 'M' 'M' 'M' 'M'
 'M' 'M' 'M' 'M' 'M' 'M' 'U' 'M' 'U' 'M' 'U' 'M' 'U' 'U' 'M' 'U' 'M' 'M'
 'M' 'M' 'M' 'M' 'M' 'U' 'M' 'M' 'M' 'M' 'M' 'M' 'M' 'M' 'M' 'U' 'M' 'M'
 'M' 'M' 'M' 'M' 'M' 'M' 'M' 'M' 'U' 'M' 'U' 'U' 'M' 'M' 'M' 'M' 'M' 'M'
 'U' 'M' 'M' 'M' 'M' 'M' 'M' 'M' 'U' 'M' 'M' 'M' 'M' 'M' 'M' 'M' 'M' 'M'
 'U' 'M' 'M' 'M' 'M' 'M' 'M' 'U' 'M' 'U' 'M' 'M' 'M' 'M' 'M' 'U' 'M' 'M'
 'M' 'M' 'M' 'M' 'M' 'U' 'M' 'M' 'A' 'M' 'M' 'M' 'M' 'M' 'M' 'U' 'M' 'M'
 'M' 'M' 'M' 'M' 'U' 'M' 'M' 'M' 'M' 'U' 'M' 'M' 'M' 'M' 'M' 'M' 'M' 'M'
 'M' 'M' 'M' 'M' 'M' 'M' 'U' 'M' 'U' 'U' 'M' 'M' 'M' 'M' 'M' 'M' 'M' 'M']"
145801,0,159,3,156,39,0,0,"['A' 'M' 'M' 'U' 'M' 'U' 'M' 'U' 'M' 'M' 'U' 'M' 'M' 'M' 'M' 'M' 'M' 'U'
 'M' 'M' 'A' 'U' 'M' 'M' 'M' 'M' 'M' 'U' 'U' 'M' 'M' 'M' 'M' 'U' 'M' 'M'
 'U' 'M' 'U' 'M' 'M' 'M' 'M' 'M' 'M' 'M' 'M' 'M' 'M' 'U' 'M' 'M' 'M' 'M'
 'U' 'M' 'M' 'M' 'M' 'M' 'M' 'M' 'U' 'M' 'M' 'U' 'M' 'M' 'U' 'M' 'M' 'M'
 'M' 'M' 'U' 'M' 'M' 'U' 'M' 'M' 'M' 'M' 'M' 'M' 'U' 'M' 'M' 'M' 'M' 'M'
 'M' 'M' 'M' 'M' 'M' 'M' 'M' 'M' 'U' 'M' 'U' 'U' 'M' 'M' 'M' 'M' 'M' 'M'
 'U' 'M' 'M' 'M' 'M' 'M' 'M' 'M' 'U' 'M' 'M' 'M' 'M' 'M' 'M' 'M' 'M' 'M'
 'U' 'M' 'M' 'M' 'M' 'U' 'M' 'U' 'U' 'M' 'U' 'U' 'U' 'M' 'M' 'U' 'M' 'M'
 'M' 'M' 'M' 'M' 'U' 'U' 'U' 'M' 'A' 'M' 'M' 'M' 'M' 'M' 'M' 'U' 'M' 'M'
 'M' 'M' 'M' 'M' 'M' 'M' 'M' 'M' 'M' 'U' 'M' 'M' 'M' 'M' 'M' 'M' 'M' 'M'
 'M' 'M' 'M' 'M' 'M' 'M' 'U' 'M' 'U' 'M' 'M' 'M' 'M' 'M' 'M' 'M' 'M' 'M']"
145901,0,156,2,154,42,0,0,"['A' 'M' 'M' 'U' 'M' 'U' 'M' 'U' 'M' 'M' 'U' 'M' 'M' 'M' 'M' 'M' 'M' 'U'
 'M' 'M' 'U' 'U' 'M' 'M' 'M' 'M' 'M' 'U' 'U' 'M' 'M' 'M' 'M' 'U' 'M' 'M'
 'U' 'M' 'U' 'M' 'M' 'M' 'M' 'M' 'M' 'M' 'M' 'U' 'M' 'U' 'M' 'M' 'M' 'M'
 'U' 'M' 'M' 'M' 'U' 'M' 'M' 'M' 'U' 'M' 'M' 'M' 'M' 'M' 'U' 'U' 'M' 'M'
 'M' 'U' 'M' 'M' 'M' 'M' 'M' 'M' 'M' 'U' 'M' 'M' 'M' 'M' 'M' 'M' 'M' 'U'
 'M' 'M' 'M' 'M' 'M' 'M' 'M' 'M' 'U' 'M' 'U' 'U' 'M' 'M' 'M' 'M' 'M' 'M'
 'M' 'M' 'M' 'M' 'M' 'M' 'M' 'M' 'U' 'M' 'M' 'M' 'M' 'M' 'M' 'M' 'M' 'M'
 'U' 'M' 'M' 'M' 'M' 'U' 'M' 'U' 'U' 'M' 'U' 'U' 'U' 'M' 'M' 'M' 'U' 'M'
 'M' 'M' 'M' 'M' 'U' 'U' 'U' 'M' 'A' 'M' 'M' 'M' 'M' 'M' 'M' 'M' 'M' 'M'
 'M' 'M' 'M' 'M' 'U' 'M' 'M' 'M' 'M' 'U' 'M' 'M' 'M' 'M' 'M' 'M' 'M' 'U'
 'M' 'M' 'M' 'M' 'M' 'M' 'U' 'M' 'U' 'M' 'M' 'M' 'M' 'M' 'M' 'M' 'M' 'M']"
146001,0,154,3,151,44,0,0,"['A' 'U' 'M' 'U' 'M' 'U' 'M' 'U' 'M' 'M' 'U' 'M' 'M' 'M' 'U' 'M' 'M' 'U'
 'M' 'M' 'U' 'U' 'M' 'M' 'M' 'M' 'M' 'M' 'U' 'M' 'M' 'M' 'M' 'U' 'M' 'M'
 'M' 'M' 'U' 'M' 'M' 'M' 'A' 'M' 'M' 'M' 'M' 'U' 'M' 'M' 'M' 'M' 'M' 'M'
 'U' 'M' 'M' 'M' 'U' 'M' 'M' 'M' 'U' 'M' 'M' 'M' 'M' 'M' 'M' 'M' 'M' 'M'
 'M' 'M' 'M' 'M' 'M' 'M' 'M' 'M' 'M' 'U' 'M' 'U' 'M' 'M' 'M' 'M' 'M' 'M'
 'U' 'M' 'M' 'U' 'U' 'M' 'M' 'M' 'U' 'M' 'M' 'U' 'M' 'M' 'M' 'M' 'M' 'M'
 'M' 'M' 'M' 'M' 'M' 'M' 'M' 'M' 'U' 'M' 'M' 'M' 'M' 'M' 'M' 'M' 'M' 'U'
 'U' 'M' 'M' 'M' 'M' 'U' 'U' 'U' 'U' 'U' 'U' 'U' 'U' 'M' 'M' 'M' 'M' 'M'
 'M' 'M' 'M' 'M' 'U' 'U' 'U' 'M' 'A' 'M' 'M' 'M' 'M' 'M' 'M' 'M' 'M' 'M'
 'M' 'U' 'M' 'M' 'U' 'M' 'M' 'M' 'M' 'U' 'M' 'M' 'M' 'M' 'U' 'M' 'M' 'U'
 'M' 'M' 'M' 'M' 'M' 'M' 'U' 'M' 'M' 'U' 'M' 'M' 'M' 'M' 'M' 'M' 'M' 'M']"
146101,0,158,3,155,40,0,0,"['A' 'U' 'M' 'U' 'M' 'M' 'M' 'M' 'M' 'M' 'M' 'M' 'M' 'M' 'M' 'M' 'M' 'M'
 'M' 'M' 'U' 'U' 'M' 'M' 'M' 'M' 'M' 'M' 'M' 'M' 'M' 'U' 'M' 'U' 'M' 'M'
 'M' 'M' 'U' 'M' 'M' 'M' 'A' 'M' 'M' 'M' 'M' 'M' 'M' 'U' 'M' 'M' 'M' 'M'
 'M' 'M' 'M' 'M' 'U' 'M' 'M' 'M' 'M' 'M' 'U' 'M' 'M' 'M' 'M' 'M' 'M' 'M'
 'M' 'M' 'M' 'M' 'U' 'U' 'M' 'M' 'U' 'M' 'M' 'M' 'M' 'U' 'M' 'M' 'M' 'M'
 'M' 'M' 'M' 'M' 'U' 'M' 'M' 'M' 'U' 'M' 'M' 'U' 'M' 'M' 'M' 'M' 'M' 'M'
 'M' 'M' 'M' 'M' 'M' 'M' 'M' 'M' 'M' 'M' 'M' 'M' 'M' 'M' 'M' 'M' 'M' 'U'
 'M' 'M' 'M' 'M' 'M' 'U' 'U' 'U' 'U' 'M' 'U' 'A' 'U' 'M' 'M' 'U' 'M' 'M'
 'M' 'M' 'M' 'M' 'U' 'U' 'U' 'M' 'U' 'M' 'M' 'M' 'U' 'M' 'M' 'M' 'M' 'M'
 'M' 'U' 'M' 'U' 'U' 'M' 'M' 'M' 'M' 'U' 'M' 'M' 'M' 'M' 'U' 'M' 'M' 'U'
 'M' 'U' 'M' 'M' 'M' 'M' 'U' 'M' 'M' 'U' 'M' 'M' 'U' 'M' 'M' 'M' 'M' 'M']"
146201,0,159,3,156,39,0,0,"['A' 'U' 'M' 'U' 'M' 'M' 'M' 'M' 'M' 'M' 'M' 'M' 'U' 'U' 'M' 'M' 'M' 'M'
 'M' 'M' 'U' 'U' 'M' 'M' 'M' 'M' 'M' 'M' 'M' 'M' 'M' 'M' 'M' 'U' 'M' 'M'
 'M' 'M' 'U' 'M' 'M' 'M' 'A' 'M' 'M' 'M' 'M' 'M' 'M' 'U' 'M' 'M' 'M' 'M'
 'M' 'M' 'M' 'M' 'U' 'M' 'M' 'M' 'M' 'M' 'M' 'M' 'U' 'U' 'U' 'M' 'M' 'M'
 'U' 'M' 'M' 'M' 'M' 'M' 'M' 'M' 'M' 'M' 'M' 'M' 'M' 'M' 'M' 'M' 'M' 'M'
 'M' 'M' 'M' 'M' 'U' 'M' 'M' 'M' 'U' 'M' 'M' 'M' 'M' 'M' 'U' 'M' 'M' 'M'
 'M' 'M' 'M' 'M' 'M' 'M' 'U' 'M' 'M' 'M' 'M' 'M' 'M' 'M' 'M' 'M' 'M' 'U'
 'M' 'M' 'M' 'M' 'M' 'U' 'M' 'U' 'U' 'M' 'U' 'A' 'U' 'M' 'M' 'U' 'M' 'M'
 'M' 'M' 'M' 'M' 'U' 'U' 'U' 'M' 'M' 'M' 'M' 'M' 'M' 'M' 'M' 'U' 'M' 'M'
 'M' 'U' 'M' 'U' 'U' 'M' 'M' 'M' 'M' 'U' 'M' 'M' 'M' 'M' 'U' 'M' 'M' 'M'
 'M' 'U' 'M' 'M' 'M' 'M' 'U' 'M' 'M' 'U' 'M' 'M' 'U' 'U' 'M' 'M' 'M' 'M']"
146301,0,158,3,155,40,0,0,"['A' 'U' 'M' 'M' 'M' 'M' 'U' 'M' 'M' 'M' 'M' 'M' 'M' 'M' 'M' 'U' 'M' 'M'
 'M' 'M' 'U' 'U' 'M' 'M' 'M' 'M' 'M' 'M' 'M' 'M' 'M' 'M' 'M' 'U' 'M' 'M'
 'M' 'M' 'U' 'M' 'U' 'M' 'A' 'M' 'M' 'M' 'M' 'M' 'M' 'U' 'U' 'M' 'M' 'M'
 'M' 'M' 'M' 'M' 'U' 'M' 'M' 'M' 'M' 'M' 'M' 'M' 'M' 'M' 'M' 'U' 'M' 'M'
 'M' 'M' 'M' 'M' 'M' 'M' 'M' 'M' 'U' 'U' 'M' 'M' 'M' 'M' 'M' 'U' 'M' 'M'
 'M' 'M' 'M' 'M' 'U' 'M' 'M' 'M' 'M' 'M' 'M' 'M' 'M' 'M' 'U' 'M' 'M' 'M'
 'M' 'M' 'M' 'M' 'M' 'M' 'U' 'M' 'M' 'M' 'M' 'M' 'M' 'M' 'U' 'M' 'M' 'U'
 'M' 'M' 'M' 'M' 'M' 'A' 'M' 'U' 'U' 'M' 'U' 'U' 'U' 'M' 'M' 'U' 'M' 'M'
 'M' 'M' 'M' 'M' 'U' 'U' 'U' 'M' 'M' 'M' 'U' 'M' 'M' 'M' 'M' 'U' 'U' 'M'
 'M' 'U' 'M' 'U' 'U' 'M' 'M' 'M' 'M' 'U' 'M' 'M' 'M' 'M' 'U' 'M' 'M' 'M'
 'U' 'M' 'M' 'M' 'M' 'M' 'M' 'M' 'M' 'U' 'M' 'M' 'U' 'M' 'M' 'M' 'M' 'M']"
146401,0,161,3,158,37,0,0,"['A' 'M' 'M' 'M' 'M' 'M' 'U' 'M' 'M' 'M' 'M' 'M' 'M' 'M' 'M' 'U' 'M' 'M'
 'M' 'M' 'U' 'U' 'M' 'M' 'M' 'M' 'M' 'M' 'M' 'M' 'M' 'M' 'M' 'U' 'M' 'M'
 'M' 'M' 'U' 'M' 'M' 'M' 'A' 'M' 'M' 'M' 'M' 'M' 'M' 'U' 'U' 'M' 'M' 'M'
 'M' 'M' 'M' 'M' 'U' 'M' 'M' 'M' 'M' 'M' 'M' 'M' 'M' 'M' 'M' 'U' 'M' 'M'
 'M' 'M' 'M' 'M' 'M' 'M' 'M' 'M' 'M' 'M' 'M' 'M' 'M' 'M' 'M' 'U' 'U' 'M'
 'M' 'U' 'M' 'M' 'U' 'M' 'M' 'M' 'M' 'M' 'M' 'M' 'M' 'M' 'U' 'M' 'M' 'M'
 'M' 'M' 'M' 'M' 'M' 'M' 'M' 'M' 'M' 'M' 'M' 'M' 'M' 'M' 'M' 'M' 'M' 'U'
 'M' 'M' 'M' 'M' 'M' 'U' 'M' 'A' 'U' 'M' 'U' 'U' 'U' 'M' 'M' 'M' 'M' 'U'
 'M' 'M' 'M' 'M' 'U' 'M' 'M' 'M' 'M' 'M' 'U' 'M' 'M' 'M' 'M' 'U' 'U' 'U'
 'M' 'U' 'M' 'U' 'U' 'M' 'U' 'M' 'M' 'U' 'M' 'M' 'U' 'M' 'U' 'M' 'M' 'M'
 'U' 'M' 'M' 'U' 'M' 'M' 'M' 'M' 'M' 'M' 'M' 'M' 'U' 'M' 'M' 'M' 'M' 'M']"
146501,0,163,6,157,35,0,1,"['A' 'M' 'M' 'M' 'M' 'M' 'U' 'M' 'M' 'M' 'U' 'M' 'M' 'M' 'M' 'U' 'M' 'M'
 'M' 'M' 'A' 'U' 'M' 'M' 'M' 'M' 'M' 'M' 'M' 'M' 'M' 'M' 'M' 'M' 'M' 'M'
 'M' 'M' 'U' 'M' 'M' 'M' 'U' 'M' 'M' 'M' 'M' 'M' 'M' 'U' 'U' 'M' 'M' 'M'
 'M' 'M' 'M' 'M' 'U' 'M' 'U' 'M' 'M' 'M' 'M' 'M' 'M' 'M' 'M' 'M' 'M' 'M'
 'M' 'U' 'M' 'M' 'M' 'M' 'M' 'U' 'M' 'U' 'U' 'M' 'M' 'M' 'M' 'M' 'M' 'M'
 'M' 'M' 'M' 'M' 'U' 'M' 'M' 'M' 'M' 'M' 'M' 'M' 'M' 'M' 'U' 'M' 'M' 'M'
 'M' 'M' 'M' 'M' 'M' 'M' 'M' 'M' 'M' 'M' 'M' 'M' 'M' 'M' 'M' 'M' 'M' 'U'
 'U' 'M' 'M' 'M' 'M' 'U' 'M' 'U' 'A' 'M' 'U' 'U' 'M' 'M' 'M' 'M' 'M' 'U'
 'M' 'M' 'M' 'M' 'A' 'M' 'M' 'M' 'M' 'U' 'M' 'M' 'M' 'M' 'M' 'A' 'U' 'M'
 'M' 'U' 'M' 'U' 'U' 'M' 'U' 'M' 'M' 'U' 'M' 'M' 'A' 'M' 'U' 'M' 'U' 'M'
 'U' 'M' 'M' 'M' 'M' 'M' 'M' 'M' 'M' 'M' 'M' 'U' 'U' 'M' 'M' 'M' 'M' 'M']"
146601,1,159,5,154,39,0,0,"['A' 'M' 'M' 'M' 'M' 'M' 'U' 'M' 'M' 'M' 'U' 'M' 'M' 'M' 'M' 'U' 'M' 'M'
 'M' 'M' 'A' 'U' 'M' 'M' 'M' 'M' 'M' 'M' 'M' 'M' 'M' 'M' 'M' 'M' 'M' 'M'
 'M' 'M' 'M' 'M' 'M' 'M' 'U' 'M' 'M' 'M' 'M' 'M' 'M' 'U' 'M' 'M' 'M' 'M'
 'M' 'M' 'M' 'M' 'U' 'U' 'U' 'M' 'U' 'M' 'M' 'M' 'M' 'U' 'M' 'M' 'M' 'M'
 'M' 'M' 'M' 'M' 'M' 'M' 'U' 'M' 'M' 'M' 'U' 'M' 'M' 'M' 'U' 'M' 'U' 'M'
 'M' 'M' 'M' 'M' 'M' 'M' 'M' 'M' 'M' 'M' 'M' 'M' 'U' 'U' 'M' 'M' 'M' 'M'
 'M' 'M' 'M' 'U' 'M' 'M' 'M' 'M' 'M' 'M' 'U' 'M' 'M' 'M' 'U' 'M' 'M' 'U'
 'M' 'M' 'M' 'M' 'M' 'M' 'U' 'M' 'A' 'U' 'U' 'U' 'M' 'M' 'M' 'M' 'M' 'U'
 'M' 'M' 'U' 'M' 'A' 'M' 'M' 'M' 'M' 'U' 'M' 'M' 'M' 'M' 'M' 'U' 'U' 'M'
 'M' 'U' 'M' 'U' 'U' 'M' 'U' 'M' 'M' 'U' 'M' 'M' 'A' 'M' 'U' 'M' 'U' 'M'
 'M' 'M' 'M' 'M' 'M' 'M' 'U' 'M' 'M' 'M' 'M' 'U' 'M' 'M' 'M' 'M' 'M' 'M']"
146701,0,165,4,161,33,0,1,"['A' 'M' 'M' 'M' 'M' 'M' 'U' 'M' 'U' 'M' 'U' 'M' 'M' 'M' 'M' 'U' 'M' 'M'
 'M' 'M' 'A' 'M' 'M' 'M' 'M' 'M' 'M' 'M' 'M' 'M' 'M' 'M' 'M' 'M' 'M' 'M'
 'M' 'M' 'M' 'M' 'M' 'M' 'M' 'M' 'M' 'M' 'M' 'M' 'M' 'U' 'M' 'U' 'M' 'M'
 'M' 'M' 'M' 'M' 'M' 'U' 'U' 'M' 'U' 'M' 'M' 'M' 'M' 'M' 'U' 'U' 'M' 'M'
 'M' 'M' 'U' 'M' 'M' 'M' 'U' 'M' 'M' 'M' 'M' 'M' 'M' 'M' 'U' 'M' 'M' 'M'
 'M' 'M' 'M' 'M' 'M' 'M' 'M' 'M' 'M' 'M' 'M' 'M' 'U' 'U' 'M' 'M' 'M' 'U'
 'M' 'M' 'M' 'U' 'M' 'M' 'M' 'M' 'M' 'M' 'M' 'M' 'M' 'M' 'M' 'M' 'M' 'M'
 'M' 'M' 'M' 'M' 'M' 'M' 'U' 'M' 'A' 'U' 'U' 'U' 'U' 'M' 'M' 'M' 'M' 'U'
 'M' 'M' 'M' 'M' 'A' 'M' 'M' 'M' 'M' 'M' 'M' 'M' 'M' 'M' 'M' 'U' 'U' 'M'
 'M' 'U' 'M' 'M' 'M' 'M' 'U' 'M' 'M' 'M' 'M' 'M' 'U' 'M' 'U' 'M' 'U' 'M'
 'M' 'M' 'M' 'U' 'M' 'M' 'M' 'M' 'M' 'M' 'M' 'U' 'M' 'M' 'M' 'M' 'M' 'M']"
146801,0,171,3,168,27,0,0,"['A' 'M' 'M' 'M' 'M' 'M' 'U' 'M' 'M' 'M' 'U' 'M' 'M' 'M' 'M' 'U' 'M' 'M'
 'M' 'M' 'A' 'M' 'M' 'M' 'M' 'M' 'M' 'M' 'M' 'M' 'M' 'M' 'M' 'M' 'M' 'M'
 'M' 'M' 'U' 'M' 'M' 'M' 'M' 'M' 'M' 'M' 'M' 'M' 'M' 'U' 'M' 'M' 'M' 'M'
 'M' 'M' 'M' 'M' 'M' 'M' 'U' 'M' 'U' 'M' 'M' 'U' 'M' 'M' 'M' 'M' 'M' 'U'
 'M' 'M' 'M' 'U' 'U' 'M' 'M' 'M' 'M' 'M' 'M' 'M' 'M' 'M' 'M' 'M' 'M' 'M'
 'M' 'M' 'M' 'M' 'U' 'M' 'M' 'M' 'M' 'M' 'M' 'M' 'U' 'M' 'M' 'M' 'M' 'U'
 'M' 'M' 'M' 'U' 'M' 'M' 'M' 'M' 'M' 'M' 'M' 'M' 'M' 'M' 'M' 'M' 'M' 'M'
 'M' 'M' 'M' 'M' 'M' 'M' 'U' 'M' 'U' 'U' 'U' 'M' 'U' 'M' 'M' 'M' 'M' 'M'
 'M' 'M' 'M' 'M' 'A' 'M' 'M' 'M' 'M' 'M' 'M' 'M' 'U' 'M' 'M' 'M' 'M' 'M'
 'M' 'U' 'M' 'M' 'M' 'M' 'U' 'M' 'M' 'M' 'M' 'M' 'U' 'M' 'U' 'M' 'U' 'U'
 'M' 'M' 'M' 'M' 'M' 'M' 'M' 'M' 'M' 'M' 'M' 'M' 'M' 'M' 'M' 'M' 'M' 'M']"
146901,0,167,3,164,31,0,0,"['A' 'M' 'M' 'M' 'M' 'M' 'U' 'M' 'M' 'M' 'U' 'M' 'M' 'M' 'M' 'U' 'M' 'M'
 'M' 'M' 'A' 'U' 'M' 'M' 'U' 'M' 'M' 'M' 'M' 'M' 'M' 'M' 'M' 'U' 'M' 'M'
 'M' 'M' 'U' 'M' 'M' 'M' 'M' 'M' 'U' 'M' 'M' 'M' 'M' 'M' 'M' 'M' 'M' 'M'
 'M' 'M' 'M' 'M' 'M' 'M' 'U' 'M' 'U' 'M' 'M' 'M' 'M' 'M' 'M' 'M' 'M' 'U'
 'U' 'M' 'M' 'U' 'M' 'U' 'M' 'M' 'M' 'M' 'M' 'M' 'M' 'M' 'M' 'M' 'M' 'M'
 'M' 'M' 'M' 'U' 'M' 'M' 'M' 'M' 'M' 'M' 'M' 'M' 'U' 'M' 'M' 'M' 'M' 'U'
 'M' 'M' 'M' 'M' 'M' 'M' 'M' 'M' 'M' 'M' 'U' 'M' 'M' 'M' 'M' 'M' 'M' 'M'
 'M' 'M' 'M' 'M' 'M' 'M' 'M' 'M' 'U' 'U' 'U' 'M' 'U' 'M' 'M' 'M' 'M' 'M'
 'M' 'M' 'M' 'M' 'A' 'M' 'M' 'M' 'M' 'M' 'M' 'M' 'U' 'M' 'M' 'M' 'M' 'M'
 'M' 'M' 'M' 'M' 'M' 'M' 'U' 'M' 'M' 'M' 'M' 'M' 'U' 'M' 'M' 'M' 'U' 'U'
 'M' 'U' 'U' 'M' 'M' 'M' 'U' 'M' 'M' 'M' 'M' 'M' 'M' 'M' 'U' 'M' 'M' 'M']"
147001,0,166,5,161,32,0,0,"['A' 'M' 'M' 'M' 'M' 'M' 'U' 'M' 'M' 'M' 'U' 'M' 'M' 'M' 'M' 'U' 'M' 'M'
 'M' 'M' 'A' 'M' 'M' 'M' 'U' 'M' 'M' 'M' 'M' 'M' 'M' 'M' 'U' 'U' 'M' 'M'
 'M' 'M' 'U' 'M' 'M' 'M' 'M' 'M' 'U' 'M' 'M' 'M' 'M' 'M' 'M' 'M' 'M' 'M'
 'M' 'M' 'M' 'M' 'M' 'M' 'M' 'U' 'M' 'M' 'M' 'M' 'U' 'U' 'M' 'M' 'M' 'M'
 'M' 'M' 'U' 'M' 'M' 'M' 'U' 'M' 'M' 'M' 'M' 'M' 'M' 'M' 'M' 'M' 'M' 'M'
 'M' 'M' 'M' 'M' 'U' 'M' 'M' 'M' 'M' 'M' 'M' 'M' 'A' 'M' 'M' 'M' 'M' 'M'
 'M' 'M' 'M' 'U' 'M' 'M' 'M' 'M' 'M' 'M' 'U' 'M' 'M' 'M' 'M' 'M' 'M' 'M'
 'U' 'M' 'M' 'M' 'M' 'U' 'U' 'U' 'U' 'U' 'U' 'U' 'U' 'M' 'M' 'M' 'M' 'M'
 'M' 'M' 'M' 'M' 'A' 'M' 'M' 'M' 'M' 'M' 'M' 'M' 'A' 'M' 'M' 'M' 'M' 'M'
 'M' 'M' 'M' 'M' 'M' 'M' 'U' 'M' 'M' 'M' 'M' 'M' 'M' 'M' 'M' 'M' 'U' 'U'
 'M' 'U' 'M' 'M' 'M' 'M' 'U' 'M' 'M' 'M' 'M' 'M' 'M' 'U' 'U' 'M' 'M' 'M']"
147101,0,158,4,154,40,0,0,"['A' 'M' 'M' 'M' 'M' 'M' 'U' 'M' 'M' 'M' 'U' 'M' 'M' 'M' 'M' 'U' 'M' 'M'
 'M' 'M' 'A' 'M' 'M' 'M' 'U' 'M' 'M' 'M' 'M' 'M' 'U' 'M' 'M' 'U' 'M' 'M'
 'M' 'M' 'U' 'M' 'M' 'M' 'M' 'M' 'U' 'M' 'M' 'M' 'M' 'M' 'M' 'M' 'M' 'M'
 'M' 'M' 'M' 'M' 'M' 'M' 'M' 'M' 'U' 'M' 'M' 'M' 'M' 'M' 'M' 'M' 'U' 'M'
 'M' 'M' 'M' 'M' 'M' 'M' 'M' 'U' 'U' 'M' 'M' 'M' 'M' 'M' 'M' 'M' 'M' 'M'
 'U' 'M' 'M' 'U' 'M' 'M' 'M' 'M' 'M' 'M' 'M' 'M' 'A' 'U' 'M' 'M' 'U' 'U'
 'M' 'M' 'M' 'U' 'M' 'M' 'U' 'M' 'M' 'M' 'U' 'U' 'M' 'M' 'M' 'M' 'M' 'M'
 'U' 'M' 'M' 'M' 'M' 'U' 'U' 'U' 'U' 'U' 'U' 'U' 'U' 'M' 'U' 'M' 'M' 'M'
 'M' 'M' 'M' 'M' 'U' 'M' 'M' 'M' 'M' 'M' 'M' 'M' 'A' 'M' 'M' 'M' 'M' 'M'
 'M' 'M' 'M' 'M' 'M' 'M' 'U' 'M' 'M' 'M' 'M' 'M' 'M' 'M' 'M' 'M' 'U' 'M'
 'M' 'U' 'M' 'M' 'M' 'U' 'U' 'M' 'M' 'M' 'U' 'M' 'M' 'U' 'U' 'M' 'M' 'M']"
147201,1,156,4,152,42,0,0,"['A' 'M' 'M' 'M' 'M' 'M' 'U' 'M' 'M' 'U' 'U' 'U' 'M' 'M' 'M' 'U' 'M' 'M'
 'M' 'M' 'A' 'M' 'M' 'M' 'U' 'M' 'M' 'M' 'M' 'M' 'U' 'M' 'M' 'U' 'M' 'M'
 'M' 'M' 'U' 'M' 'M' 'M' 'M' 'M' 'U' 'M' 'M' 'M' 'M' 'M' 'M' 'M' 'M' 'M'
 'M' 'M' 'M' 'M' 'M' 'M' 'M' 'M' 'U' 'M' 'M' 'M' 'M' 'M' 'M' 'M' 'M' 'M'
 'M' 'M' 'U' 'M' 'M' 'M' 'U' 'M' 'M' 'M' 'U' 'M' 'U' 'M' 'M' 'M' 'M' 'M'
 'M' 'U' 'M' 'M' 'M' 'M' 'M' 'M' 'M' 'M' 'M' 'M' 'U' 'M' 'M' 'M' 'U' 'U'
 'M' 'U' 'M' 'U' 'M' 'M' 'U' 'M' 'M' 'M' 'U' 'M' 'M' 'M' 'M' 'M' 'M' 'U'
 'U' 'M' 'M' 'U' 'M' 'U' 'U' 'U' 'U' 'U' 'U' 'U' 'U' 'M' 'U' 'M' 'M' 'M'
 'M' 'M' 'M' 'M' 'M' 'M' 'M' 'M' 'M' 'M' 'M' 'M' 'A' 'M' 'M' 'M' 'M' 'M'
 'M' 'M' 'M' 'U' 'M' 'M' 'U' 'M' 'M' 'M' 'M' 'M' 'M' 'M' 'M' 'M' 'M' 'M'
 'M' 'U' 'M' 'M' 'U' 'M' 'U' 'M' 'M' 'M' 'U' 'M' 'M' 'U' 'A' 'M' 'M' 'M']"
147301,0,161,4,157,37,0,0,"['A' 'M' 'M' 'M' 'M' 'M' 'U' 'M' 'M' 'U' 'U' 'U' 'M' 'M' 'M' 'U' 'M' 'M'
 'M' 'M' 'A' 'M' 'U' 'M' 'M' 'M' 'M' 'M' 'M' 'M' 'U' 'M' 'M' 'U' 'M' 'M'
 'M' 'M' 'M' 'M' 'M' 'M' 'M' 'M' 'U' 'M' 'M' 'M' 'M' 'M' 'M' 'M' 'M' 'M'
 'M' 'M' 'M' 'M' 'M' 'M' 'M' 'M' 'U' 'M' 'M' 'M' 'M' 'U' 'M' 'M' 'M' 'M'
 'U' 'M' 'M' 'M' 'M' 'M' 'M' 'M' 'U' 'M' 'M' 'M' 'M' 'M' 'M' 'M' 'M' 'U'
 'M' 'M' 'M' 'M' 'U' 'U' 'M' 'M' 'M' 'U' 'M' 'M' 'U' 'M' 'M' 'M' 'M' 'U'
 'M' 'U' 'M' 'U' 'M' 'M' 'M' 'M' 'M' 'M' 'U' 'M' 'M' 'M' 'M' 'M' 'M' 'M'
 'U' 'M' 'M' 'U' 'M' 'U' 'U' 'U' 'U' 'U' 'U' 'M' 'U' 'M' 'U' 'M' 'M' 'M'
 'M' 'M' 'M' 'M' 'M' 'M' 'M' 'M' 'M' 'M' 'M' 'M' 'A' 'M' 'M' 'M' 'M' 'M'
 'M' 'M' 'M' 'M' 'M' 'M' 'U' 'M' 'M' 'M' 'M' 'M' 'M' 'M' 'M' 'M' 'M' 'M'
 'M' 'M' 'M' 'U' 'U' 'M' 'M' 'M' 'M' 'M' 'U' 'M' 'M' 'U' 'A' 'M' 'M' 'M']"
147401,1,161,3,158,37,0,0,"['A' 'M' 'M' 'U' 'M' 'M' 'U' 'M' 'U' 'U' 'U' 'U' 'M' 'M' 'M' 'U' 'M' 'M'
 'M' 'M' 'A' 'M' 'U' 'M' 'M' 'M' 'M' 'M' 'M' 'M' 'M' 'M' 'U' 'M' 'M' 'M'
 'M' 'M' 'M' 'M' 'M' 'M' 'M' 'M' 'U' 'M' 'M' 'U' 'M' 'M' 'M' 'M' 'M' 'M'
 'M' 'M' 'M' 'M' 'M' 'M' 'M' 'M' 'M' 'M' 'M' 'M' 'U' 'M' 'M' 'M' 'U' 'M'
 'M' 'U' 'M' 'M' 'M' 'U' 'M' 'M' 'M' 'M' 'M' 'U' 'M' 'M' 'M' 'M' 'M' 'M'
 'M' 'M' 'M' 'M' 'M' 'U' 'M' 'M' 'M' 'U' 'M' 'M' 'U' 'M' 'U' 'M' 'M' 'U'
 'U' 'M' 'M' 'U' 'M' 'M' 'M' 'M' 'M' 'M' 'M' 'M' 'M' 'M' 'M' 'M' 'M' 'M'
 'U' 'M' 'M' 'U' 'M' 'U' 'M' 'U' 'U' 'U' 'U' 'M' 'U' 'M' 'M' 'M' 'M' 'M'
 'M' 'M' 'M' 'M' 'M' 'M' 'M' 'M' 'M' 'M' 'U' 'M' 'M' 'M' 'M' 'M' 'M' 'M'
 'M' 'M' 'M' 'M' 'M' 'M' 'U' 'M' 'M' 'U' 'M' 'M' 'M' 'M' 'M' 'M' 'M' 'M'
 'M' 'M' 'M' 'U' 'U' 'M' 'M' 'M' 'M' 'M' 'U' 'M' 'M' 'M' 'A' 'M' 'M' 'M']"
147501,0,161,2,159,37,0,0,"['A' 'M' 'M' 'M' 'M' 'M' 'U' 'M' 'U' 'M' 'M' 'U' 'M' 'M' 'U' 'U' 'M' 'U'
 'M' 'M' 'U' 'M' 'U' 'M' 'M' 'U' 'M' 'M' 'M' 'M' 'M' 'M' 'U' 'M' 'M' 'M'
 'M' 'M' 'M' 'M' 'M' 'U' 'M' 'M' 'M' 'M' 'M' 'U' 'M' 'M' 'M' 'M' 'M' 'M'
 'M' 'M' 'M' 'M' 'M' 'M' 'M' 'M' 'U' 'M' 'M' 'M' 'M' 'U' 'M' 'M' 'M' 'M'
 'M' 'M' 'M' 'M' 'M' 'M' 'M' 'M' 'M' 'U' 'M' 'M' 'U' 'M' 'U' 'M' 'M' 'M'
 'M' 'M' 'U' 'M' 'M' 'U' 'M' 'M' 'M' 'U' 'M' 'M' 'U' 'M' 'U' 'M' 'M' 'M'
 'M' 'M' 'M' 'M' 'M' 'M' 'M' 'U' 'U' 'M' 'M' 'M' 'M' 'M' 'M' 'M' 'M' 'M'
 'M' 'M' 'M' 'U' 'M' 'U' 'U' 'M' 'U' 'U' 'U' 'U' 'U' 'M' 'M' 'M' 'M' 'M'
 'M' 'M' 'M' 'M' 'M' 'M' 'M' 'M' 'M' 'M' 'U' 'M' 'M' 'M' 'M' 'M' 'M' 'M'
 'M' 'M' 'M' 'M' 'M' 'M' 'U' 'M' 'M' 'U' 'M' 'M' 'M' 'M' 'M' 'M' 'M' 'M'
 'M' 'M' 'M' 'M' 'U' 'M' 'M' 'M' 'M' 'M' 'U' 'M' 'M' 'M' 'A' 'M' 'M' 'M']"
147601,0,164,2,162,34,0,0,"['A' 'M' 'M' 'M' 'M' 'M' 'U' 'M' 'M' 'M' 'M' 'U' 'M' 'M' 'M' 'U' 'M' 'M'
 'M' 'M' 'U' 'M' 'U' 'M' 'M' 'U' 'M' 'M' 'U' 'M' 'M' 'M' 'U' 'M' 'M' 'M'
 'U' 'M' 'M' 'M' 'M' 'U' 'M' 'M' 'M' 'M' 'M' 'M' 'M' 'M' 'M' 'M' 'M' 'M'
 'M' 'M' 'M' 'M' 'M' 'M' 'M' 'M' 'U' 'M' 'M' 'M' 'M' 'M' 'M' 'M' 'M' 'M'
 'M' 'M' 'M' 'M' 'M' 'M' 'U' 'M' 'U' 'M' 'M' 'M' 'U' 'M' 'M' 'M' 'M' 'U'
 'M' 'M' 'M' 'U' 'M' 'M' 'M' 'M' 'M' 'M' 'M' 'M' 'A' 'M' 'U' 'M' 'M' 'M'
 'M' 'M' 'M' 'M' 'M' 'M' 'M' 'U' 'U' 'M' 'M' 'M' 'M' 'M' 'M' 'M' 'M' 'M'
 'M' 'M' 'M' 'U' 'M' 'U' 'U' 'U' 'M' 'U' 'M' 'U' 'U' 'M' 'M' 'M' 'M' 'M'
 'M' 'M' 'M' 'M' 'M' 'M' 'M' 'M' 'M' 'M' 'M' 'U' 'M' 'M' 'M' 'M' 'M' 'M'
 'U' 'M' 'M' 'M' 'U' 'M' 'U' 'M' 'M' 'U' 'M' 'M' 'M' 'M' 'M' 'M' 'M' 'M'
 'M' 'M' 'M' 'M' 'U' 'M' 'M' 'M' 'M' 'M' 'U' 'M' 'M' 'M' 'U' 'M' 'M' 'M']"
147701,0,157,1,156,41,0,0,"['A' 'M' 'M' 'M' 'M' 'U' 'U' 'M' 'M' 'M' 'M' 'U' 'M' 'M' 'M' 'U' 'M' 'U'
 'M' 'M' 'U' 'M' 'U' 'M' 'M' 'M' 'M' 'M' 'U' 'M' 'M' 'M' 'U' 'M' 'M' 'M'
 'U' 'M' 'M' 'M' 'M' 'U' 'M' 'M' 'M' 'M' 'M' 'M' 'M' 'M' 'M' 'M' 'M' 'U'
 'M' 'M' 'M' 'U' 'M' 'M' 'M' 'M' 'U' 'M' 'M' 'M' 'M' 'M' 'M' 'M' 'M' 'M'
 'U' 'U' 'U' 'M' 'M' 'M' 'M' 'M' 'M' 'M' 'U' 'M' 'M' 'M' 'M' 'M' 'M' 'M'
 'M' 'M' 'M' 'M' 'U' 'M' 'M' 'M' 'M' 'M' 'M' 'M' 'U' 'M' 'U' 'M' 'M' 'M'
 'M' 'M' 'M' 'M' 'M' 'M' 'U' 'U' 'U' 'M' 'M' 'M' 'M' 'M' 'M' 'M' 'M' 'M'
 'M' 'M' 'U' 'M' 'M' 'U' 'U' 'U' 'U' 'U' 'M' 'U' 'U' 'M' 'M' 'M' 'U' 'M'
 'M' 'M' 'M' 'M' 'M' 'M' 'M' 'M' 'M' 'M' 'M' 'M' 'M' 'M' 'M' 'M' 'M' 'M'
 'U' 'M' 'M' 'M' 'U' 'M' 'M' 'M' 'M' 'M' 'M' 'U' 'M' 'M' 'M' 'M' 'M' 'M'
 'M' 'U' 'M' 'U' 'U' 'M' 'M' 'M' 'M' 'M' 'U' 'M' 'M' 'M' 'U' 'M' 'M' 'M']"
147801,0,167,3,164,31,0,0,"['A' 'M' 'M' 'M' 'M' 'U' 'U' 'M' 'M' 'M' 'M' 'U' 'U' 'M' 'M' 'U' 'M' 'M'
 'M' 'M' 'M' 'M' 'U' 'M' 'M' 'M' 'M' 'M' 'U' 'M' 'M' 'M' 'M' 'M' 'M' 'M'
 'M' 'M' 'M' 'M' 'M' 'U' 'U' 'M' 'M' 'M' 'M' 'M' 'M' 'M' 'M' 'M' 'M' 'U'
 'M' 'M' 'M' 'M' 'M' 'M' 'M' 'M' 'U' 'M' 'M' 'M' 'M' 'U' 'M' 'M' 'U' 'M'
 'M' 'M' 'M' 'M' 'U' 'M' 'M' 'M' 'M' 'M' 'M' 'M' 'M' 'M' 'M' 'M' 'U' 'M'
 'M' 'M' 'U' 'M' 'M' 'M' 'M' 'M' 'M' 'M' 'M' 'M' 'M' 'M' 'A' 'M' 'M' 'M'
 'M' 'M' 'M' 'M' 'M' 'M' 'U' 'M' 'U' 'M' 'M' 'M' 'M' 'M' 'M' 'M' 'M' 'M'
 'M' 'M' 'M' 'M' 'M' 'M' 'U' 'M' 'U' 'M' 'M' 'U' 'U' 'M' 'M' 'M' 'U' 'M'
 'M' 'M' 'M' 'M' 'M' 'U' 'M' 'M' 'M' 'M' 'M' 'M' 'M' 'M' 'M' 'M' 'M' 'M'
 'U' 'M' 'M' 'M' 'U' 'M' 'M' 'M' 'M' 'M' 'M' 'M' 'M' 'M' 'M' 'M' 'M' 'M'
 'M' 'U' 'M' 'U' 'U' 'U' 'M' 'M' 'M' 'M' 'A' 'M' 'M' 'M' 'U' 'M' 'M' 'M']"
147901,0,168,4,164,30,0,0,"['A' 'M' 'M' 'M' 'M' 'U' 'U' 'M' 'M' 'M' 'M' 'U' 'M' 'M' 'M' 'U' 'M' 'M'
 'M' 'M' 'M' 'M' 'U' 'M' 'M' 'M' 'M' 'M' 'M' 'M' 'M' 'M' 'M' 'M' 'M' 'M'
 'M' 'M' 'M' 'M' 'M' 'U' 'U' 'M' 'M' 'M' 'M' 'M' 'M' 'M' 'M' 'M' 'M' 'U'
 'M' 'M' 'M' 'M' 'M' 'M' 'M' 'M' 'U' 'M' 'M' 'M' 'U' 'U' 'M' 'M' 'M' 'M'
 'U' 'U' 'M' 'M' 'M' 'M' 'M' 'M' 'M' 'M' 'M' 'M' 'M' 'U' 'M' 'M' 'M' 'M'
 'M' 'M' 'M' 'M' 'M' 'U' 'M' 'M' 'M' 'M' 'M' 'U' 'M' 'M' 'A' 'M' 'M' 'M'
 'M' 'M' 'M' 'M' 'M' 'M' 'U' 'M' 'M' 'M' 'M' 'M' 'M' 'M' 'M' 'M' 'M' 'M'
 'M' 'M' 'M' 'M' 'U' 'M' 'U' 'M' 'U' 'M' 'M' 'M' 'U' 'M' 'M' 'M' 'U' 'M'
 'M' 'M' 'M' 'M' 'M' 'U' 'M' 'M' 'M' 'M' 'M' 'M' 'M' 'M' 'M' 'M' 'M' 'M'
 'U' 'M' 'M' 'M' 'U' 'M' 'M' 'M' 'M' 'M' 'U' 'M' 'M' 'M' 'M' 'M' 'M' 'M'
 'M' 'U' 'U' 'M' 'A' 'U' 'M' 'M' 'M' 'M' 'A' 'M' 'M' 'M' 'U' 'M' 'M' 'M']"
148001,0,170,5,165,28,0,0,"['A' 'M' 'M' 'M' 'M' 'U' 'M' 'M' 'M' 'M' 'M' 'U' 'M' 'M' 'M' 'U' 'M' 'M'
 'M' 'M' 'M' 'M' 'U' 'M' 'M' 'M' 'M' 'M' 'M' 'M' 'M' 'M' 'M' 'U' 'M' 'M'
 'M' 'M' 'M' 'M' 'M' 'U' 'A' 'M' 'M' 'M' 'M' 'M' 'M' 'M' 'M' 'M' 'M' 'U'
 'M' 'M' 'M' 'M' 'M' 'M' 'M' 'M' 'A' 'M' 'M' 'M' 'M' 'M' 'M' 'M' 'M' 'M'
 'M' 'M' 'M' 'M' 'M' 'U' 'U' 'M' 'M' 'M' 'M' 'M' 'M' 'M' 'U' 'U' 'M' 'M'
 'M' 'M' 'M' 'U' 'M' 'U' 'M' 'M' 'M' 'M' 'M' 'M' 'M' 'M' 'U' 'M' 'M' 'M'
 'M' 'M' 'M' 'M' 'M' 'M' 'U' 'M' 'M' 'M' 'M' 'M' 'M' 'U' 'M' 'M' 'M' 'M'
 'M' 'M' 'M' 'M' 'U' 'M' 'M' 'M' 'U' 'M' 'M' 'M' 'U' 'M' 'M' 'M' 'U' 'M'
 'M' 'M' 'M' 'M' 'M' 'U' 'M' 'M' 'M' 'M' 'M' 'U' 'M' 'M' 'M' 'U' 'M' 'M'
 'U' 'M' 'M' 'M' 'U' 'M' 'M' 'M' 'M' 'M' 'M' 'M' 'M' 'M' 'M' 'M' 'M' 'M'
 'M' 'U' 'M' 'M' 'A' 'U' 'M' 'M' 'M' 'M' 'A' 'M' 'M' 'M' 'U' 'M' 'M' 'M']"
148101,0,171,6,165,27,0,0,"['A' 'M' 'M' 'M' 'M' 'U' 'M' 'M' 'M' 'M' 'M' 'A' 'M' 'M' 'M' 'U' 'M' 'M'
 'U' 'M' 'M' 'U' 'M' 'M' 'M' 'M' 'M' 'M' 'M' 'M' 'M' 'M' 'M' 'M' 'M' 'M'
 'M' 'M' 'M' 'M' 'M' 'A' 'M' 'M' 'M' 'M' 'M' 'M' 'M' 'M' 'M' 'M' 'M' 'U'
 'M' 'M' 'M' 'M' 'M' 'M' 'M' 'M' 'A' 'M' 'M' 'M' 'M' 'U' 'M' 'M' 'M' 'M'
 'M' 'M' 'M' 'M' 'M' 'M' 'M' 'U' 'M' 'U' 'M' 'M' 'M' 'M' 'M' 'M' 'M' 'U'
 'M' 'M' 'M' 'U' 'M' 'U' 'M' 'M' 'M' 'M' 'M' 'M' 'M' 'M' 'U' 'M' 'M' 'M'
 'M' 'M' 'M' 'M' 'M' 'M' 'U' 'M' 'M' 'U' 'M' 'M' 'M' 'M' 'M' 'M' 'M' 'U'
 'M' 'M' 'M' 'M' 'U' 'M' 'M' 'M' 'U' 'M' 'U' 'M' 'U' 'M' 'M' 'M' 'U' 'M'
 'M' 'M' 'M' 'U' 'M' 'M' 'M' 'M' 'M' 'M' 'M' 'M' 'M' 'M' 'M' 'U' 'M' 'M'
 'M' 'M' 'M' 'M' 'U' 'M' 'M' 'M' 'M' 'M' 'M' 'U' 'M' 'M' 'M' 'M' 'M' 'M'
 'M' 'U' 'M' 'M' 'A' 'U' 'M' 'M' 'M' 'M' 'A' 'M' 'M' 'M' 'U' 'M' 'M' 'M']"
148201,0,169,5,164,29,0,0,"['A' 'M' 'M' 'M' 'M' 'U' 'M' 'M' 'M' 'M' 'M' 'A' 'M' 'M' 'M' 'M' 'M' 'U'
 'U' 'M' 'M' 'U' 'M' 'M' 'M' 'M' 'M' 'M' 'M' 'M' 'M' 'M' 'M' 'M' 'M' 'U'
 'M' 'M' 'M' 'M' 'M' 'A' 'M' 'M' 'M' 'M' 'M' 'M' 'M' 'M' 'M' 'U' 'M' 'M'
 'M' 'M' 'M' 'M' 'M' 'M' 'M' 'M' 'M' 'M' 'M' 'M' 'U' 'U' 'U' 'M' 'M' 'M'
 'U' 'M' 'M' 'M' 'M' 'U' 'M' 'M' 'M' 'M' 'M' 'M' 'M' 'M' 'M' 'M' 'M' 'M'
 'M' 'M' 'M' 'M' 'M' 'U' 'M' 'M' 'M' 'M' 'M' 'M' 'M' 'M' 'M' 'M' 'M' 'M'
 'M' 'M' 'M' 'M' 'M' 'M' 'U' 'M' 'M' 'M' 'M' 'M' 'M' 'M' 'M' 'M' 'M' 'U'
 'M' 'M' 'M' 'M' 'U' 'U' 'U' 'U' 'U' 'U' 'U' 'U' 'U' 'M' 'M' 'M' 'M' 'M'
 'M' 'M' 'M' 'M' 'M' 'M' 'M' 'M' 'U' 'M' 'M' 'M' 'M' 'M' 'U' 'M' 'M' 'M'
 'M' 'M' 'M' 'U' 'M' 'M' 'M' 'M' 'M' 'M' 'M' 'M' 'M' 'U' 'M' 'M' 'U' 'M'
 'M' 'M' 'M' 'M' 'A' 'M' 'M' 'M' 'M' 'M' 'A' 'M' 'M' 'M' 'U' 'M' 'M' 'M']"
148301,0,172,4,168,26,0,0,"['A' 'M' 'U' 'M' 'M' 'M' 'M' 'M' 'M' 'M' 'M' 'A' 'M' 'M' 'M' 'M' 'M' 'M'
 'M' 'M' 'M' 'M' 'M' 'M' 'M' 'U' 'M' 'M' 'M' 'M' 'M' 'M' 'M' 'U' 'M' 'U'
 'M' 'M' 'M' 'M' 'M' 'A' 'M' 'U' 'M' 'M' 'M' 'M' 'M' 'M' 'M' 'M' 'M' 'M'
 'M' 'M' 'M' 'M' 'U' 'M' 'M' 'M' 'M' 'M' 'M' 'M' 'M' 'M' 'M' 'M' 'M' 'U'
 'M' 'U' 'M' 'M' 'M' 'M' 'M' 'M' 'M' 'M' 'M' 'U' 'M' 'U' 'U' 'M' 'M' 'M'
 'M' 'M' 'M' 'M' 'M' 'M' 'M' 'M' 'M' 'M' 'M' 'M' 'M' 'M' 'M' 'M' 'M' 'M'
 'M' 'M' 'M' 'M' 'M' 'M' 'U' 'M' 'M' 'M' 'M' 'M' 'M' 'M' 'M' 'M' 'M' 'U'
 'M' 'M' 'M' 'M' 'M' 'U' 'U' 'U' 'U' 'M' 'U' 'U' 'M' 'M' 'M' 'M' 'M' 'M'
 'M' 'M' 'M' 'M' 'M' 'M' 'M' 'M' 'U' 'M' 'M' 'M' 'M' 'M' 'M' 'M' 'M' 'M'
 'M' 'M' 'M' 'U' 'M' 'M' 'M' 'M' 'M' 'U' 'M' 'M' 'M' 'U' 'M' 'M' 'U' 'M'
 'M' 'M' 'M' 'M' 'A' 'M' 'M' 'M' 'M' 'M' 'U' 'M' 'M' 'M' 'U' 'M' 'M' 'M']"
148401,0,161,2,159,37,0,0,"['A' 'M' 'U' 'M' 'M' 'M' 'M' 'M' 'M' 'M' 'M' 'U' 'M' 'M' 'M' 'M' 'M' 'M'
 'U' 'M' 'M' 'M' 'M' 'M' 'M' 'U' 'M' 'M' 'M' 'M' 'M' 'M' 'M' 'U' 'M' 'U'
 'M' 'M' 'M' 'M' 'M' 'A' 'M' 'U' 'M' 'M' 'M' 'M' 'M' 'M' 'M' 'M' 'M' 'M'
 'M' 'M' 'M' 'M' 'U' 'U' 'M' 'M' 'M' 'M' 'M' 'U' 'M' 'U' 'M' 'M' 'M' 'M'
 'M' 'M' 'M' 'M' 'M' 'M' 'M' 'U' 'M' 'M' 'M' 'M' 'M' 'M' 'M' 'M' 'U' 'U'
 'M' 'M' 'M' 'M' 'M' 'M' 'M' 'M' 'M' 'M' 'M' 'U' 'M' 'M' 'M' 'M' 'M' 'U'
 'M' 'M' 'U' 'M' 'M' 'M' 'U' 'U' 'M' 'M' 'M' 'M' 'M' 'M' 'M' 'M' 'M' 'M'
 'M' 'M' 'M' 'M' 'M' 'U' 'U' 'U' 'U' 'M' 'U' 'M' 'M' 'M' 'M' 'M' 'M' 'M'
 'M' 'U' 'M' 'M' 'M' 'M' 'M' 'M' 'U' 'M' 'M' 'M' 'M' 'M' 'M' 'U' 'M' 'M'
 'M' 'M' 'M' 'U' 'M' 'M' 'M' 'M' 'M' 'U' 'M' 'M' 'U' 'U' 'M' 'M' 'U' 'M'
 'M' 'U' 'U' 'M' 'U' 'M' 'M' 'M' 'M' 'M' 'U' 'M' 'M' 'M' 'U' 'M' 'M' 'M']"
148501,0,164,4,160,34,0,0,"['A' 'M' 'U' 'M' 'M' 'U' 'M' 'M' 'M' 'M' 'M' 'U' 'M' 'M' 'M' 'M' 'M' 'M'
 'U' 'M' 'M' 'M' 'M' 'M' 'M' 'A' 'M' 'M' 'M' 'M' 'M' 'M' 'M' 'U' 'M' 'M'
 'M' 'M' 'M' 'M' 'M' 'A' 'M' 'U' 'M' 'M' 'M' 'M' 'M' 'M' 'M' 'M' 'M' 'M'
 'M' 'U' 'M' 'M' 'U' 'U' 'M' 'M' 'M' 'M' 'M' 'M' 'M' 'M' 'M' 'U' 'M' 'M'
 'M' 'M' 'M' 'M' 'M' 'M' 'M' 'M' 'M' 'M' 'U' 'M' 'M' 'M' 'M' 'U' 'U' 'M'
 'M' 'M' 'M' 'U' 'M' 'M' 'M' 'M' 'M' 'M' 'M' 'M' 'M' 'M' 'M' 'M' 'M' 'U'
 'M' 'M' 'U' 'M' 'M' 'M' 'M' 'U' 'M' 'M' 'M' 'M' 'M' 'M' 'M' 'M' 'M' 'M'
 'U' 'M' 'M' 'M' 'M' 'U' 'U' 'U' 'U' 'M' 'M' 'M' 'M' 'M' 'M' 'M' 'M' 'M'
 'M' 'M' 'M' 'M' 'M' 'U' 'M' 'U' 'U' 'M' 'M' 'M' 'M' 'M' 'M' 'U' 'M' 'M'
 'M' 'M' 'M' 'U' 'M' 'M' 'M' 'M' 'M' 'M' 'M' 'M' 'U' 'U' 'U' 'M' 'U' 'M'
 'M' 'A' 'U' 'M' 'M' 'M' 'M' 'M' 'M' 'M' 'U' 'M' 'M' 'M' 'U' 'M' 'M' 'M']"
148601,0,164,4,160,34,0,0,"['A' 'M' 'M' 'M' 'M' 'U' 'M' 'M' 'M' 'M' 'M' 'U' 'M' 'M' 'M' 'M' 'M' 'M'
 'U' 'M' 'M' 'M' 'M' 'M' 'M' 'U' 'M' 'M' 'M' 'U' 'M' 'M' 'M' 'A' 'M' 'M'
 'M' 'M' 'M' 'M' 'M' 'A' 'M' 'U' 'M' 'M' 'M' 'M' 'M' 'M' 'M' 'M' 'M' 'M'
 'M' 'U' 'M' 'M' 'U' 'M' 'M' 'M' 'M' 'M' 'M' 'M' 'M' 'M' 'M' 'M' 'M' 'M'
 'U' 'M' 'M' 'M' 'M' 'M' 'M' 'M' 'M' 'M' 'M' 'M' 'U' 'U' 'M' 'M' 'M' 'U'
 'M' 'M' 'M' 'U' 'M' 'M' 'M' 'M' 'M' 'M' 'M' 'M' 'M' 'M' 'M' 'M' 'M' 'U'
 'M' 'M' 'U' 'M' 'U' 'M' 'M' 'M' 'M' 'M' 'M' 'M' 'M' 'M' 'M' 'M' 'M' 'U'
 'M' 'M' 'M' 'M' 'M' 'U' 'U' 'U' 'U' 'M' 'M' 'M' 'M' 'M' 'M' 'M' 'M' 'M'
 'M' 'M' 'M' 'M' 'M' 'U' 'M' 'U' 'U' 'M' 'M' 'U' 'M' 'M' 'M' 'U' 'M' 'M'
 'M' 'M' 'M' 'U' 'M' 'M' 'M' 'M' 'M' 'M' 'M' 'M' 'U' 'M' 'U' 'M' 'M' 'M'
 'M' 'A' 'U' 'M' 'M' 'M' 'M' 'M' 'U' 'M' 'U' 'U' 'M' 'M' 'U' 'M' 'M' 'M']"
148701,0,166,4,162,32,0,1,"['A' 'M' 'M' 'M' 'M' 'U' 'M' 'M' 'M' 'M' 'M' 'M' 'M' 'M' 'M' 'M' 'M' 'M'
 'U' 'M' 'M' 'M' 'M' 'M' 'M' 'U' 'M' 'M' 'M' 'M' 'M' 'M' 'M' 'A' 'M' 'M'
 'M' 'U' 'M' 'M' 'M' 'A' 'M' 'U' 'M' 'M' 'M' 'M' 'M' 'M' 'M' 'M' 'M' 'M'
 'M' 'M' 'M' 'M' 'U' 'M' 'M' 'M' 'M' 'M' 'M' 'U' 'M' 'M' 'M' 'U' 'M' 'M'
 'M' 'M' 'M' 'U' 'M' 'M' 'U' 'M' 'M' 'M' 'M' 'M' 'M' 'M' 'M' 'M' 'M' 'M'
 'M' 'M' 'U' 'M' 'M' 'M' 'M' 'M' 'M' 'M' 'M' 'M' 'M' 'M' 'M' 'M' 'M' 'U'
 'M' 'M' 'U' 'M' 'M' 'M' 'M' 'M' 'M' 'M' 'M' 'U' 'U' 'M' 'M' 'M' 'M' 'U'
 'M' 'M' 'M' 'M' 'M' 'U' 'M' 'U' 'U' 'M' 'M' 'M' 'M' 'M' 'M' 'M' 'M' 'U'
 'M' 'M' 'M' 'M' 'M' 'M' 'M' 'U' 'U' 'M' 'M' 'U' 'M' 'M' 'M' 'U' 'M' 'M'
 'M' 'M' 'M' 'U' 'M' 'M' 'M' 'M' 'U' 'M' 'M' 'M' 'U' 'M' 'U' 'M' 'M' 'M'
 'M' 'A' 'M' 'M' 'M' 'M' 'M' 'M' 'U' 'M' 'U' 'U' 'M' 'M' 'U' 'M' 'M' 'M']"
148801,0,168,4,164,30,0,0,"['A' 'M' 'M' 'M' 'M' 'U' 'M' 'M' 'M' 'U' 'M' 'M' 'M' 'M' 'U' 'M' 'M' 'M'
 'U' 'M' 'M' 'M' 'M' 'M' 'M' 'U' 'M' 'M' 'M' 'M' 'M' 'M' 'M' 'A' 'M' 'M'
 'M' 'U' 'M' 'M' 'M' 'A' 'M' 'M' 'M' 'M' 'M' 'M' 'M' 'M' 'M' 'M' 'M' 'M'
 'M' 'M' 'M' 'M' 'U' 'M' 'M' 'U' 'M' 'M' 'M' 'M' 'M' 'M' 'M' 'M' 'M' 'M'
 'M' 'M' 'U' 'U' 'M' 'M' 'M' 'U' 'M' 'M' 'M' 'U' 'M' 'M' 'M' 'M' 'M' 'M'
 'M' 'M' 'M' 'M' 'U' 'M' 'M' 'M' 'M' 'M' 'M' 'M' 'M' 'M' 'M' 'M' 'M' 'M'
 'M' 'M' 'U' 'M' 'M' 'M' 'M' 'M' 'M' 'M' 'M' 'U' 'M' 'M' 'M' 'M' 'M' 'M'
 'M' 'M' 'M' 'M' 'M' 'U' 'U' 'M' 'U' 'M' 'M' 'M' 'M' 'M' 'M' 'M' 'M' 'U'
 'M' 'M' 'M' 'M' 'M' 'M' 'M' 'U' 'U' 'M' 'M' 'U' 'M' 'M' 'M' 'M' 'M' 'M'
 'M' 'M' 'M' 'U' 'M' 'M' 'M' 'M' 'U' 'M' 'M' 'M' 'U' 'M' 'M' 'M' 'M' 'U'
 'M' 'A' 'M' 'M' 'M' 'U' 'M' 'M' 'U' 'M' 'U' 'M' 'M' 'M' 'U' 'M' 'M' 'M']"
148901,0,168,4,164,30,0,0,"['A' 'M' 'M' 'M' 'M' 'U' 'M' 'U' 'M' 'U' 'M' 'M' 'M' 'M' 'U' 'M' 'M' 'M'
 'M' 'M' 'M' 'M' 'M' 'M' 'M' 'M' 'M' 'M' 'M' 'M' 'M' 'U' 'M' 'A' 'M' 'M'
 'M' 'U' 'M' 'M' 'M' 'A' 'M' 'M' 'M' 'M' 'M' 'M' 'M' 'M' 'M' 'M' 'M' 'M'
 'M' 'M' 'M' 'M' 'U' 'M' 'M' 'U' 'M' 'M' 'M' 'M' 'M' 'M' 'M' 'M' 'U' 'U'
 'M' 'M' 'M' 'M' 'M' 'M' 'M' 'M' 'M' 'M' 'U' 'M' 'M' 'M' 'M' 'M' 'M' 'U'
 'M' 'M' 'M' 'U' 'M' 'M' 'M' 'M' 'M' 'M' 'M' 'M' 'M' 'M' 'M' 'M' 'M' 'M'
 'M' 'M' 'M' 'M' 'M' 'M' 'M' 'M' 'M' 'M' 'M' 'A' 'M' 'M' 'U' 'M' 'U' 'M'
 'M' 'M' 'M' 'U' 'M' 'U' 'U' 'M' 'U' 'M' 'M' 'M' 'M' 'M' 'M' 'M' 'M' 'M'
 'U' 'M' 'M' 'M' 'M' 'M' 'M' 'U' 'M' 'M' 'M' 'U' 'M' 'M' 'M' 'M' 'M' 'M'
 'M' 'M' 'M' 'U' 'M' 'M' 'M' 'M' 'U' 'M' 'M' 'M' 'U' 'M' 'M' 'M' 'M' 'U'
 'M' 'U' 'M' 'M' 'M' 'M' 'M' 'M' 'U' 'M' 'U' 'M' 'M' 'M' 'U' 'M' 'M' 'M']"
149001,0,164,6,158,34,1,0,"['A' 'M' 'M' 'M' 'M' 'U' 'M' 'U' 'U' 'U' 'M' 'M' 'U' 'M' 'U' 'M' 'M' 'M'
 'M' 'M' 'M' 'M' 'M' 'M' 'M' 'M' 'M' 'U' 'M' 'M' 'M' 'U' 'M' 'A' 'M' 'M'
 'M' 'M' 'M' 'M' 'M' 'A' 'M' 'U' 'M' 'M' 'M' 'M' 'M' 'M' 'M' 'U' 'M' 'M'
 'M' 'M' 'M' 'M' 'M' 'M' 'M' 'U' 'M' 'M' 'M' 'M' 'M' 'M' 'U' 'M' 'M' 'M'
 'M' 'M' 'U' 'M' 'M' 'M' 'M' 'M' 'M' 'M' 'M' 'M' 'M' 'M' 'U' 'U' 'M' 'M'
 'U' 'M' 'M' 'M' 'M' 'M' 'M' 'M' 'M' 'M' 'M' 'M' 'M' 'M' 'M' 'M' 'M' 'M'
 'M' 'M' 'M' 'U' 'M' 'M' 'U' 'M' 'M' 'M' 'M' 'A' 'M' 'M' 'A' 'M' 'U' 'M'
 'M' 'M' 'M' 'U' 'M' 'M' 'U' 'M' 'U' 'M' 'M' 'M' 'M' 'U' 'M' 'M' 'M' 'M'
 'M' 'M' 'M' 'M' 'M' 'M' 'M' 'A' 'M' 'M' 'M' 'M' 'M' 'M' 'M' 'M' 'M' 'M'
 'U' 'M' 'M' 'M' 'M' 'M' 'M' 'M' 'U' 'M' 'M' 'M' 'U' 'M' 'U' 'M' 'M' 'U'
 'M' 'U' 'M' 'M' 'U' 'M' 'M' 'M' 'U' 'U' 'U' 'M' 'M' 'M' 'U' 'M' 'M' 'M']"
149101,0,161,7,154,37,0,0,"['A' 'M' 'M' 'M' 'M' 'U' 'M' 'M' 'M' 'U' 'M' 'M' 'M' 'M' 'U' 'M' 'M' 'M'
 'M' 'M' 'M' 'M' 'M' 'M' 'M' 'M' 'M' 'U' 'M' 'M' 'M' 'U' 'M' 'A' 'U' 'M'
 'M' 'M' 'M' 'M' 'M' 'A' 'M' 'U' 'M' 'M' 'M' 'M' 'M' 'M' 'M' 'U' 'M' 'M'
 'M' 'M' 'M' 'M' 'M' 'U' 'M' 'U' 'M' 'M' 'M' 'M' 'U' 'M' 'U' 'M' 'M' 'M'
 'M' 'M' 'M' 'U' 'M' 'M' 'U' 'M' 'M' 'M' 'M' 'M' 'M' 'M' 'M' 'M' 'M' 'M'
 'M' 'M' 'M' 'M' 'U' 'M' 'M' 'M' 'M' 'M' 'M' 'M' 'U' 'M' 'M' 'M' 'M' 'M'
 'M' 'M' 'M' 'U' 'M' 'M' 'M' 'M' 'M' 'M' 'M' 'A' 'M' 'M' 'A' 'M' 'M' 'M'
 'M' 'M' 'M' 'M' 'M' 'U' 'U' 'U' 'U' 'U' 'U' 'U' 'U' 'U' 'M' 'U' 'M' 'M'
 'M' 'M' 'M' 'M' 'U' 'M' 'M' 'A' 'M' 'U' 'M' 'M' 'M' 'M' 'M' 'M' 'M' 'M'
 'U' 'M' 'M' 'U' 'M' 'M' 'M' 'M' 'U' 'M' 'M' 'M' 'M' 'M' 'M' 'M' 'M' 'U'
 'M' 'U' 'M' 'M' 'U' 'M' 'M' 'M' 'A' 'M' 'U' 'M' 'M' 'M' 'U' 'M' 'M' 'M']"
149201,0,166,6,160,32,0,0,"['A' 'M' 'M' 'M' 'M' 'M' 'M' 'M' 'M' 'U' 'M' 'M' 'M' 'M' 'U' 'M' 'M' 'U'
 'M' 'M' 'M' 'M' 'M' 'M' 'M' 'M' 'M' 'U' 'M' 'M' 'M' 'M' 'M' 'A' 'M' 'M'
 'M' 'M' 'M' 'M' 'M' 'U' 'M' 'U' 'M' 'M' 'M' 'M' 'M' 'M' 'M' 'U' 'M' 'M'
 'M' 'M' 'M' 'M' 'M' 'U' 'M' 'U' 'M' 'M' 'M' 'M' 'M' 'M' 'M' 'M' 'M' 'M'
 'M' 'M' 'M' 'M' 'M' 'M' 'M' 'M' 'M' 'M' 'M' 'U' 'U' 'M' 'M' 'M' 'U' 'M'
 'U' 'M' 'U' 'M' 'M' 'M' 'M' 'U' 'M' 'M' 'M' 'M' 'M' 'M' 'M' 'M' 'M' 'M'
 'U' 'M' 'M' 'U' 'M' 'M' 'M' 'M' 'M' 'M' 'M' 'U' 'M' 'M' 'U' 'M' 'M' 'M'
 'M' 'M' 'M' 'M' 'M' 'M' 'A' 'U' 'M' 'M' 'U' 'U' 'A' 'U' 'M' 'M' 'M' 'M'
 'M' 'M' 'U' 'M' 'U' 'M' 'M' 'A' 'M' 'M' 'M' 'M' 'M' 'M' 'M' 'M' 'M' 'M'
 'U' 'M' 'M' 'M' 'M' 'M' 'M' 'M' 'U' 'M' 'M' 'M' 'M' 'M' 'M' 'M' 'M' 'U'
 'M' 'U' 'M' 'M' 'U' 'M' 'M' 'M' 'A' 'M' 'U' 'M' 'M' 'M' 'U' 'M' 'M' 'M']"
149301,0,169,6,163,29,0,0,"['A' 'M' 'M' 'M' 'M' 'M' 'M' 'M' 'M' 'M' 'M' 'M' 'M' 'U' 'U' 'M' 'M' 'U'
 'M' 'M' 'M' 'M' 'M' 'M' 'U' 'M' 'M' 'U' 'M' 'M' 'M' 'M' 'M' 'A' 'M' 'M'
 'M' 'M' 'M' 'M' 'M' 'U' 'M' 'U' 'M' 'M' 'M' 'M' 'M' 'M' 'M' 'M' 'M' 'M'
 'M' 'M' 'M' 'M' 'M' 'U' 'M' 'U' 'M' 'M' 'M' 'M' 'U' 'M' 'M' 'M' 'M' 'M'
 'M' 'U' 'M' 'M' 'M' 'U' 'M' 'M' 'U' 'M' 'M' 'M' 'M' 'M' 'M' 'M' 'M' 'M'
 'M' 'U' 'M' 'M' 'M' 'M' 'M' 'M' 'M' 'M' 'M' 'M' 'M' 'M' 'M' 'M' 'M' 'M'
 'M' 'M' 'M' 'U' 'M' 'M' 'M' 'M' 'M' 'U' 'M' 'M' 'M' 'M' 'U' 'M' 'M' 'M'
 'M' 'M' 'M' 'M' 'M' 'M' 'A' 'U' 'M' 'U' 'M' 'U' 'A' 'U' 'M' 'M' 'M' 'M'
 'M' 'M' 'U' 'U' 'U' 'M' 'M' 'A' 'M' 'M' 'M' 'M' 'M' 'M' 'M' 'M' 'M' 'M'
 'M' 'M' 'M' 'M' 'M' 'M' 'M' 'U' 'U' 'M' 'M' 'M' 'M' 'M' 'M' 'M' 'M' 'U'
 'M' 'M' 'M' 'M' 'M' 'M' 'M' 'U' 'A' 'M' 'U' 'M' 'M' 'M' 'M' 'M' 'M' 'M']"
149401,0,163,5,158,35,0,0,"['A' 'U' 'U' 'M' 'M' 'M' 'M' 'M' 'M' 'M' 'U' 'M' 'M' 'U' 'U' 'M' 'M' 'U'
 'M' 'M' 'M' 'U' 'M' 'M' 'U' 'M' 'M' 'U' 'M' 'M' 'M' 'M' 'M' 'A' 'M' 'M'
 'M' 'M' 'M' 'M' 'M' 'M' 'M' 'M' 'M' 'M' 'M' 'M' 'M' 'M' 'M' 'U' 'M' 'M'
 'M' 'M' 'M' 'M' 'U' 'U' 'M' 'U' 'M' 'M' 'U' 'M' 'M' 'M' 'M' 'M' 'M' 'M'
 'M' 'M' 'M' 'U' 'M' 'M' 'M' 'M' 'M' 'M' 'M' 'M' 'M' 'U' 'M' 'M' 'M' 'U'
 'U' 'M' 'M' 'U' 'M' 'M' 'M' 'M' 'M' 'M' 'M' 'M' 'M' 'M' 'M' 'M' 'M' 'M'
 'M' 'M' 'M' 'M' 'M' 'M' 'M' 'M' 'M' 'U' 'M' 'M' 'M' 'M' 'U' 'M' 'M' 'M'
 'M' 'M' 'M' 'M' 'M' 'M' 'A' 'U' 'M' 'U' 'M' 'U' 'A' 'U' 'M' 'M' 'M' 'M'
 'M' 'M' 'U' 'U' 'A' 'M' 'M' 'U' 'M' 'M' 'M' 'M' 'M' 'M' 'M' 'M' 'M' 'M'
 'U' 'M' 'M' 'M' 'M' 'M' 'M' 'U' 'U' 'M' 'M' 'M' 'M' 'M' 'M' 'M' 'M' 'M'
 'M' 'M' 'M' 'M' 'M' 'M' 'U' 'U' 'U' 'M' 'M' 'U' 'M' 'M' 'M' 'M' 'M' 'M']"
149501,0,165,4,161,33,0,0,"['A' 'U' 'U' 'M' 'M' 'M' 'M' 'M' 'M' 'M' 'M' 'M' 'M' 'U' 'M' 'M' 'M' 'U'
 'M' 'M' 'M' 'U' 'M' 'M' 'M' 'M' 'M' 'U' 'M' 'M' 'M' 'M' 'M' 'A' 'M' 'M'
 'M' 'U' 'M' 'M' 'M' 'M' 'M' 'M' 'M' 'M' 'M' 'M' 'M' 'M' 'M' 'U' 'U' 'M'
 'M' 'M' 'U' 'M' 'U' 'U' 'M' 'U' 'M' 'M' 'M' 'M' 'M' 'M' 'M' 'M' 'M' 'M'
 'M' 'M' 'M' 'M' 'U' 'M' 'M' 'U' 'M' 'M' 'M' 'U' 'M' 'M' 'M' 'M' 'M' 'M'
 'U' 'M' 'M' 'M' 'U' 'M' 'M' 'M' 'M' 'M' 'U' 'M' 'M' 'M' 'M' 'M' 'M' 'M'
 'M' 'M' 'M' 'M' 'M' 'M' 'U' 'M' 'M' 'M' 'M' 'M' 'M' 'M' 'M' 'M' 'M' 'M'
 'M' 'M' 'M' 'M' 'M' 'M' 'A' 'U' 'M' 'U' 'M' 'U' 'U' 'U' 'M' 'M' 'M' 'M'
 'M' 'M' 'U' 'M' 'U' 'M' 'M' 'M' 'M' 'M' 'M' 'M' 'M' 'M' 'M' 'M' 'M' 'M'
 'U' 'M' 'M' 'M' 'M' 'M' 'M' 'U' 'M' 'M' 'M' 'M' 'M' 'M' 'M' 'M' 'M' 'M'
 'M' 'M' 'M' 'M' 'M' 'M' 'A' 'U' 'U' 'M' 'U' 'U' 'M' 'M' 'M' 'M' 'M' 'M']"
149601,0,162,5,157,36,0,0,"['A' 'U' 'U' 'M' 'M' 'M' 'M' 'M' 'U' 'M' 'M' 'M' 'M' 'U' 'M' 'M' 'M' 'U'
 'M' 'M' 'M' 'U' 'M' 'M' 'M' 'M' 'M' 'U' 'M' 'M' 'U' 'M' 'M' 'A' 'M' 'M'
 'M' 'U' 'M' 'M' 'M' 'M' 'M' 'M' 'M' 'M' 'M' 'M' 'M' 'M' 'M' 'U' 'M' 'M'
 'M' 'U' 'U' 'M' 'M' 'U' 'U' 'M' 'M' 'U' 'U' 'M' 'M' 'M' 'M' 'M' 'M' 'M'
 'U' 'U' 'M' 'M' 'U' 'M' 'M' 'M' 'M' 'M' 'M' 'M' 'M' 'M' 'M' 'U' 'M' 'M'
 'M' 'U' 'M' 'M' 'M' 'M' 'M' 'M' 'M' 'M' 'M' 'M' 'M' 'M' 'M' 'M' 'M' 'M'
 'M' 'M' 'M' 'M' 'U' 'M' 'U' 'M' 'M' 'M' 'M' 'M' 'U' 'M' 'M' 'M' 'M' 'M'
 'M' 'M' 'U' 'M' 'M' 'M' 'U' 'U' 'M' 'U' 'M' 'A' 'U' 'U' 'M' 'M' 'U' 'M'
 'M' 'M' 'M' 'M' 'M' 'M' 'M' 'M' 'M' 'M' 'M' 'M' 'M' 'M' 'M' 'M' 'M' 'M'
 'U' 'M' 'M' 'M' 'M' 'M' 'U' 'M' 'M' 'M' 'U' 'M' 'M' 'M' 'M' 'M' 'M' 'M'
 'M' 'M' 'M' 'M' 'M' 'M' 'A' 'M' 'U' 'M' 'A' 'U' 'M' 'M' 'M' 'M' 'M' 'M']"
149701,0,162,5,157,36,0,0,"['A' 'U' 'M' 'M' 'M' 'M' 'M' 'M' 'U' 'M' 'M' 'M' 'M' 'U' 'M' 'M' 'M' 'U'
 'M' 'M' 'M' 'M' 'M' 'M' 'M' 'M' 'M' 'U' 'M' 'U' 'M' 'M' 'M' 'A' 'M' 'M'
 'M' 'U' 'U' 'M' 'M' 'M' 'M' 'M' 'M' 'M' 'M' 'M' 'M' 'M' 'M' 'U' 'M' 'M'
 'M' 'M' 'U' 'M' 'M' 'M' 'U' 'M' 'M' 'U' 'U' 'M' 'M' 'U' 'M' 'M' 'M' 'M'
 'M' 'U' 'M' 'M' 'M' 'U' 'M' 'M' 'M' 'M' 'M' 'M' 'M' 'M' 'M' 'M' 'M' 'M'
 'U' 'M' 'U' 'M' 'M' 'M' 'U' 'M' 'M' 'M' 'M' 'M' 'M' 'M' 'M' 'M' 'U' 'M'
 'M' 'U' 'M' 'M' 'U' 'M' 'U' 'U' 'M' 'M' 'M' 'M' 'M' 'M' 'M' 'M' 'M' 'M'
 'M' 'M' 'U' 'M' 'M' 'M' 'M' 'U' 'M' 'U' 'M' 'A' 'U' 'M' 'M' 'M' 'U' 'M'
 'U' 'M' 'M' 'M' 'M' 'M' 'M' 'M' 'M' 'M' 'M' 'M' 'M' 'M' 'U' 'M' 'M' 'M'
 'M' 'M' 'M' 'M' 'M' 'M' 'U' 'M' 'M' 'U' 'U' 'M' 'M' 'M' 'M' 'M' 'M' 'M'
 'M' 'M' 'M' 'M' 'M' 'M' 'A' 'M' 'U' 'M' 'A' 'U' 'M' 'M' 'M' 'M' 'M' 'M']"
149801,0,157,4,153,41,0,1,"['A' 'U' 'M' 'M' 'A' 'M' 'M' 'U' 'M' 'M' 'M' 'M' 'M' 'U' 'M' 'M' 'M' 'U'
 'M' 'M' 'M' 'M' 'M' 'M' 'M' 'M' 'M' 'U' 'M' 'U' 'M' 'M' 'M' 'U' 'M' 'M'
 'M' 'U' 'M' 'M' 'M' 'U' 'M' 'M' 'U' 'M' 'M' 'M' 'M' 'M' 'M' 'M' 'M' 'M'
 'M' 'M' 'M' 'M' 'M' 'M' 'U' 'M' 'M' 'U' 'M' 'M' 'M' 'M' 'M' 'M' 'M' 'M'
 'M' 'M' 'M' 'M' 'M' 'M' 'U' 'M' 'M' 'U' 'M' 'M' 'M' 'U' 'M' 'M' 'M' 'M'
 'M' 'U' 'M' 'U' 'M' 'M' 'U' 'M' 'M' 'M' 'M' 'M' 'M' 'U' 'M' 'M' 'U' 'M'
 'M' 'U' 'M' 'M' 'M' 'M' 'U' 'M' 'M' 'M' 'M' 'M' 'M' 'M' 'U' 'M' 'M' 'M'
 'M' 'M' 'M' 'U' 'M' 'M' 'M' 'U' 'M' 'M' 'M' 'U' 'U' 'U' 'M' 'M' 'U' 'M'
 'U' 'U' 'U' 'M' 'U' 'M' 'U' 'M' 'M' 'M' 'M' 'M' 'M' 'M' 'U' 'M' 'M' 'M'
 'U' 'M' 'M' 'M' 'M' 'M' 'M' 'M' 'M' 'U' 'U' 'M' 'M' 'M' 'M' 'M' 'U' 'M'
 'M' 'M' 'M' 'M' 'M' 'M' 'A' 'M' 'U' 'M' 'A' 'U' 'M' 'M' 'M' 'M' 'M' 'M']"
149901,0,160,5,155,38,0,0,"['A' 'U' 'M' 'M' 'A' 'M' 'M' 'U' 'M' 'M' 'M' 'M' 'M' 'U' 'M' 'M' 'M' 'U'
 'M' 'M' 'M' 'M' 'M' 'M' 'M' 'M' 'M' 'U' 'M' 'U' 'M' 'M' 'M' 'U' 'M' 'M'
 'M' 'A' 'M' 'M' 'M' 'U' 'M' 'M' 'U' 'M' 'M' 'M' 'M' 'M' 'M' 'M' 'M' 'U'
 'M' 'M' 'M' 'M' 'M' 'M' 'U' 'M' 'M' 'U' 'M' 'U' 'U' 'M' 'M' 'U' 'M' 'M'
 'M' 'M' 'M' 'M' 'U' 'M' 'M' 'M' 'U' 'M' 'M' 'M' 'M' 'M' 'M' 'M' 'M' 'M'
 'M' 'M' 'M' 'M' 'M' 'M' 'M' 'M' 'M' 'M' 'M' 'M' 'M' 'U' 'M' 'M' 'U' 'M'
 'M' 'M' 'M' 'M' 'M' 'U' 'U' 'U' 'M' 'M' 'U' 'M' 'U' 'M' 'U' 'M' 'M' 'M'
 'M' 'M' 'M' 'U' 'M' 'M' 'M' 'U' 'M' 'M' 'M' 'U' 'M' 'U' 'M' 'M' 'M' 'M'
 'U' 'M' 'U' 'M' 'M' 'M' 'U' 'M' 'M' 'M' 'M' 'M' 'M' 'M' 'M' 'M' 'M' 'M'
 'M' 'M' 'M' 'M' 'M' 'M' 'M' 'M' 'M' 'U' 'U' 'M' 'M' 'M' 'M' 'U' 'M' 'M'
 'M' 'M' 'M' 'M' 'M' 'M' 'A' 'M' 'U' 'M' 'A' 'U' 'M' 'M' 'M' 'U' 'M' 'M']"
150001,0,152,5,147,46,0,0,"['A' 'U' 'M' 'M' 'U' 'M' 'M' 'M' 'M' 'M' 'M' 'M' 'M' 'U' 'M' 'M' 'M' 'U'
 'M' 'M' 'M' 'M' 'M' 'M' 'M' 'M' 'M' 'U' 'M' 'U' 'M' 'M' 'M' 'M' 'M' 'U'
 'M' 'A' 'M' 'M' 'M' 'M' 'M' 'M' 'A' 'M' 'M' 'M' 'M' 'M' 'M' 'U' 'M' 'U'
 'M' 'M' 'M' 'M' 'M' 'U' 'U' 'M' 'M' 'U' 'M' 'M' 'M' 'M' 'M' 'M' 'U' 'M'
 'U' 'M' 'M' 'M' 'U' 'M' 'M' 'M' 'U' 'M' 'M' 'M' 'M' 'M' 'M' 'M' 'M' 'M'
 'U' 'M' 'M' 'M' 'M' 'M' 'M' 'M' 'M' 'M' 'M' 'M' 'M' 'U' 'M' 'M' 'U' 'M'
 'M' 'M' 'M' 'M' 'M' 'U' 'U' 'U' 'M' 'M' 'U' 'M' 'U' 'M' 'U' 'U' 'M' 'M'
 'M' 'M' 'M' 'U' 'M' 'U' 'U' 'U' 'U' 'U' 'U' 'U' 'U' 'U' 'M' 'M' 'M' 'M'
 'U' 'M' 'M' 'M' 'M' 'U' 'U' 'M' 'M' 'M' 'M' 'M' 'M' 'M' 'M' 'M' 'M' 'M'
 'M' 'M' 'M' 'M' 'M' 'M' 'M' 'M' 'U' 'M' 'U' 'M' 'M' 'M' 'M' 'U' 'M' 'M'
 'M' 'M' 'M' 'M' 'M' 'M' 'A' 'U' 'U' 'M' 'A' 'U' 'M' 'M' 'M' 'U' 'M' 'M']"
150101,0,154,7,147,44,0,1,"['A' 'U' 'M' 'M' 'U' 'M' 'M' 'M' 'M' 'M' 'M' 'M' 'M' 'U' 'M' 'M' 'M' 'U'
 'M' 'M' 'M' 'M' 'M' 'M' 'M' 'M' 'M' 'U' 'M' 'U' 'M' 'M' 'M' 'M' 'M' 'U'
 'M' 'A' 'M' 'M' 'M' 'M' 'M' 'M' 'A' 'M' 'M' 'M' 'M' 'U' 'M' 'A' 'M' 'U'
 'M' 'M' 'M' 'M' 'M' 'U' 'M' 'M' 'U' 'U' 'M' 'M' 'U' 'M' 'M' 'M' 'M' 'M'
 'M' 'M' 'M' 'M' 'M' 'M' 'M' 'M' 'U' 'M' 'M' 'U' 'U' 'U' 'M' 'M' 'M' 'M'
 'M' 'M' 'M' 'M' 'M' 'M' 'M' 'U' 'M' 'M' 'M' 'M' 'M' 'M' 'M' 'M' 'U' 'M'
 'M' 'M' 'M' 'U' 'M' 'M' 'U' 'A' 'M' 'M' 'U' 'M' 'U' 'M' 'M' 'U' 'A' 'M'
 'M' 'M' 'M' 'U' 'M' 'U' 'U' 'M' 'M' 'U' 'U' 'U' 'U' 'U' 'M' 'M' 'M' 'M'
 'U' 'M' 'U' 'M' 'M' 'U' 'U' 'M' 'M' 'M' 'M' 'U' 'M' 'M' 'M' 'M' 'M' 'M'
 'M' 'M' 'M' 'M' 'M' 'M' 'M' 'M' 'U' 'M' 'U' 'M' 'M' 'M' 'U' 'M' 'M' 'M'
 'M' 'M' 'M' 'M' 'M' 'M' 'U' 'U' 'U' 'M' 'A' 'U' 'M' 'M' 'M' 'M' 'M' 'M']"
150201,1,154,7,147,44,0,0,"['A' 'U' 'M' 'M' 'U' 'M' 'M' 'M' 'M' 'M' 'M' 'M' 'M' 'M' 'M' 'M' 'M' 'U'
 'M' 'M' 'U' 'M' 'M' 'M' 'M' 'M' 'M' 'U' 'U' 'U' 'U' 'M' 'M' 'M' 'M' 'U'
 'M' 'A' 'M' 'M' 'M' 'U' 'M' 'M' 'A' 'M' 'U' 'M' 'M' 'U' 'M' 'A' 'M' 'M'
 'M' 'M' 'M' 'M' 'M' 'U' 'M' 'M' 'U' 'U' 'M' 'M' 'U' 'U' 'M' 'M' 'M' 'M'
 'M' 'M' 'M' 'M' 'M' 'M' 'M' 'M' 'M' 'M' 'M' 'M' 'M' 'M' 'M' 'M' 'U' 'U'
 'U' 'M' 'M' 'M' 'M' 'M' 'M' 'M' 'U' 'M' 'M' 'M' 'U' 'M' 'M' 'M' 'U' 'M'
 'M' 'M' 'M' 'M' 'U' 'M' 'U' 'A' 'M' 'M' 'M' 'M' 'M' 'M' 'M' 'U' 'A' 'M'
 'M' 'M' 'M' 'U' 'M' 'U' 'M' 'M' 'M' 'U' 'U' 'U' 'U' 'U' 'M' 'M' 'U' 'M'
 'U' 'M' 'U' 'M' 'M' 'U' 'U' 'M' 'M' 'M' 'M' 'U' 'M' 'M' 'M' 'M' 'M' 'M'
 'M' 'M' 'M' 'M' 'M' 'M' 'M' 'M' 'M' 'M' 'U' 'M' 'M' 'M' 'U' 'M' 'M' 'M'
 'M' 'M' 'M' 'M' 'M' 'M' 'U' 'M' 'U' 'M' 'A' 'U' 'M' 'M' 'M' 'M' 'M' 'M']"
150301,0,147,8,139,51,1,0,"['A' 'U' 'M' 'M' 'U' 'M' 'M' 'M' 'M' 'M' 'M' 'M' 'M' 'U' 'U' 'M' 'M' 'U'
 'M' 'M' 'U' 'M' 'M' 'M' 'M' 'M' 'M' 'U' 'A' 'U' 'U' 'M' 'M' 'M' 'U' 'U'
 'U' 'A' 'M' 'M' 'M' 'U' 'M' 'M' 'A' 'U' 'U' 'M' 'M' 'U' 'M' 'U' 'M' 'M'
 'M' 'M' 'U' 'M' 'M' 'M' 'M' 'U' 'U' 'U' 'M' 'U' 'M' 'U' 'M' 'M' 'M' 'M'
 'M' 'M' 'M' 'M' 'M' 'M' 'U' 'M' 'M' 'M' 'M' 'M' 'U' 'M' 'M' 'M' 'M' 'M'
 'M' 'M' 'M' 'M' 'U' 'M' 'M' 'M' 'U' 'M' 'M' 'M' 'U' 'M' 'U' 'M' 'U' 'M'
 'A' 'M' 'M' 'M' 'U' 'M' 'U' 'A' 'M' 'M' 'M' 'M' 'M' 'M' 'M' 'U' 'A' 'M'
 'M' 'M' 'M' 'U' 'U' 'M' 'M' 'U' 'M' 'U' 'M' 'U' 'M' 'U' 'M' 'M' 'U' 'M'
 'U' 'M' 'U' 'M' 'M' 'U' 'U' 'M' 'M' 'M' 'M' 'U' 'M' 'M' 'M' 'M' 'M' 'M'
 'M' 'M' 'M' 'M' 'M' 'M' 'M' 'M' 'M' 'M' 'U' 'M' 'M' 'M' 'U' 'M' 'M' 'M'
 'M' 'M' 'M' 'M' 'M' 'M' 'U' 'M' 'U' 'U' 'A' 'U' 'M' 'M' 'M' 'M' 'M' 'M']"
150401,0,149,9,140,49,0,0,"['A' 'M' 'M' 'M' 'A' 'U' 'M' 'M' 'M' 'M' 'M' 'M' 'M' 'A' 'U' 'M' 'M' 'U'
 'M' 'M' 'U' 'M' 'M' 'M' 'M' 'M' 'M' 'U' 'A' 'U' 'U' 'M' 'M' 'M' 'U' 'U'
 'A' 'U' 'M' 'M' 'M' 'U' 'M' 'M' 'A' 'U' 'U' 'M' 'M' 'U' 'M' 'U' 'M' 'M'
 'M' 'M' 'U' 'M' 'M' 'M' 'M' 'U' 'U' 'U' 'M' 'M' 'M' 'M' 'M' 'M' 'M' 'M'
 'U' 'M' 'M' 'M' 'M' 'U' 'M' 'U' 'M' 'M' 'M' 'M' 'M' 'U' 'M' 'M' 'U' 'M'
 'M' 'M' 'M' 'M' 'M' 'M' 'M' 'M' 'U' 'M' 'M' 'M' 'M' 'M' 'U' 'M' 'U' 'M'
 'A' 'M' 'M' 'M' 'U' 'M' 'U' 'U' 'M' 'M' 'M' 'M' 'M' 'M' 'M' 'U' 'A' 'M'
 'M' 'M' 'M' 'U' 'U' 'M' 'M' 'M' 'M' 'U' 'U' 'U' 'M' 'U' 'M' 'M' 'U' 'M'
 'U' 'M' 'U' 'M' 'M' 'U' 'U' 'M' 'M' 'M' 'M' 'U' 'M' 'M' 'M' 'M' 'M' 'M'
 'M' 'M' 'M' 'M' 'M' 'M' 'M' 'M' 'M' 'M' 'U' 'M' 'M' 'M' 'U' 'M' 'M' 'M'
 'M' 'M' 'M' 'M' 'M' 'M' 'U' 'M' 'U' 'U' 'A' 'U' 'M' 'M' 'M' 'M' 'M' 'M']"
150501,0,154,7,147,44,0,0,"['A' 'M' 'M' 'U' 'A' 'U' 'M' 'M' 'M' 'M' 'M' 'M' 'M' 'U' 'A' 'M' 'M' 'U'
 'M' 'M' 'U' 'M' 'M' 'M' 'M' 'M' 'M' 'U' 'A' 'U' 'U' 'M' 'M' 'M' 'M' 'M'
 'A' 'U' 'M' 'M' 'U' 'U' 'M' 'M' 'A' 'U' 'U' 'M' 'M' 'U' 'M' 'M' 'M' 'M'
 'M' 'M' 'M' 'M' 'M' 'M' 'U' 'M' 'U' 'U' 'M' 'U' 'U' 'M' 'M' 'M' 'M' 'M'
 'M' 'M' 'M' 'M' 'M' 'M' 'M' 'M' 'M' 'U' 'M' 'U' 'M' 'M' 'M' 'M' 'M' 'M'
 'M' 'M' 'M' 'M' 'U' 'M' 'M' 'M' 'U' 'M' 'M' 'M' 'M' 'M' 'U' 'M' 'M' 'M'
 'A' 'M' 'M' 'M' 'U' 'M' 'U' 'M' 'M' 'M' 'M' 'M' 'M' 'M' 'M' 'U' 'U' 'M'
 'M' 'M' 'M' 'U' 'U' 'M' 'M' 'M' 'M' 'U' 'M' 'U' 'M' 'U' 'M' 'M' 'U' 'M'
 'M' 'M' 'U' 'M' 'M' 'U' 'U' 'M' 'M' 'M' 'M' 'M' 'M' 'M' 'M' 'M' 'M' 'M'
 'M' 'M' 'M' 'M' 'M' 'M' 'M' 'M' 'M' 'M' 'M' 'M' 'M' 'M' 'U' 'M' 'M' 'M'
 'M' 'M' 'M' 'M' 'M' 'M' 'U' 'M' 'U' 'U' 'U' 'U' 'U' 'M' 'M' 'M' 'M' 'M']"
150601,0,155,6,149,43,0,0,"['A' 'M' 'M' 'M' 'A' 'U' 'U' 'M' 'M' 'M' 'M' 'M' 'M' 'U' 'A' 'M' 'M' 'U'
 'M' 'M' 'U' 'M' 'M' 'M' 'M' 'M' 'M' 'M' 'U' 'M' 'M' 'M' 'M' 'M' 'M' 'M'
 'A' 'U' 'M' 'M' 'U' 'U' 'M' 'M' 'A' 'U' 'M' 'M' 'M' 'U' 'M' 'M' 'M' 'M'
 'M' 'M' 'M' 'M' 'M' 'M' 'U' 'M' 'M' 'U' 'M' 'M' 'M' 'M' 'M' 'M' 'M' 'M'
 'U' 'M' 'M' 'M' 'M' 'U' 'U' 'M' 'M' 'M' 'M' 'M' 'U' 'M' 'M' 'M' 'M' 'U'
 'M' 'M' 'M' 'M' 'M' 'M' 'M' 'M' 'U' 'M' 'M' 'M' 'M' 'M' 'U' 'M' 'M' 'M'
 'A' 'M' 'M' 'M' 'U' 'M' 'U' 'M' 'M' 'M' 'M' 'M' 'M' 'M' 'U' 'U' 'U' 'U'
 'M' 'M' 'U' 'U' 'U' 'M' 'M' 'M' 'M' 'M' 'M' 'M' 'M' 'M' 'M' 'U' 'U' 'M'
 'M' 'M' 'U' 'M' 'M' 'U' 'U' 'M' 'M' 'M' 'U' 'M' 'U' 'M' 'M' 'M' 'M' 'M'
 'M' 'M' 'M' 'M' 'M' 'M' 'U' 'M' 'M' 'M' 'M' 'M' 'M' 'M' 'U' 'M' 'M' 'M'
 'M' 'M' 'M' 'M' 'U' 'M' 'U' 'M' 'U' 'U' 'U' 'M' 'M' 'M' 'M' 'M' 'M' 'M']"
150701,0,150,6,144,48,0,0,"['A' 'M' 'M' 'M' 'A' 'U' 'U' 'U' 'M' 'M' 'M' 'M' 'U' 'U' 'A' 'M' 'M' 'M'
 'M' 'M' 'U' 'M' 'M' 'M' 'M' 'M' 'M' 'M' 'U' 'M' 'M' 'M' 'U' 'U' 'M' 'M'
 'A' 'U' 'M' 'M' 'U' 'U' 'M' 'M' 'A' 'U' 'M' 'M' 'M' 'U' 'M' 'M' 'M' 'M'
 'M' 'M' 'M' 'U' 'M' 'M' 'U' 'U' 'M' 'M' 'M' 'M' 'M' 'M' 'U' 'M' 'M' 'M'
 'M' 'M' 'M' 'M' 'M' 'M' 'U' 'M' 'M' 'U' 'M' 'M' 'M' 'M' 'M' 'M' 'M' 'U'
 'U' 'M' 'M' 'M' 'M' 'M' 'M' 'M' 'U' 'M' 'M' 'M' 'M' 'M' 'U' 'M' 'M' 'M'
 'A' 'M' 'M' 'M' 'U' 'M' 'M' 'M' 'M' 'M' 'U' 'U' 'M' 'M' 'M' 'U' 'U' 'M'
 'U' 'U' 'U' 'U' 'U' 'M' 'M' 'M' 'M' 'M' 'M' 'M' 'M' 'M' 'M' 'U' 'U' 'M'
 'M' 'M' 'U' 'M' 'M' 'U' 'U' 'M' 'M' 'M' 'M' 'M' 'U' 'M' 'M' 'U' 'M' 'M'
 'M' 'M' 'M' 'M' 'M' 'M' 'U' 'M' 'M' 'M' 'M' 'M' 'M' 'M' 'U' 'M' 'M' 'U'
 'M' 'M' 'M' 'M' 'U' 'M' 'U' 'M' 'M' 'U' 'U' 'M' 'M' 'M' 'M' 'M' 'M' 'M']"
150801,0,157,8,149,41,0,0,"['A' 'M' 'M' 'M' 'A' 'M' 'U' 'U' 'M' 'M' 'M' 'M' 'U' 'U' 'A' 'M' 'M' 'M'
 'M' 'M' 'U' 'M' 'M' 'M' 'M' 'M' 'M' 'M' 'U' 'M' 'M' 'M' 'U' 'U' 'M' 'M'
 'A' 'U' 'U' 'M' 'A' 'U' 'M' 'M' 'A' 'U' 'M' 'M' 'M' 'M' 'M' 'M' 'M' 'M'
 'M' 'M' 'M' 'U' 'M' 'M' 'U' 'M' 'M' 'M' 'M' 'U' 'M' 'M' 'M' 'U' 'M' 'M'
 'M' 'U' 'M' 'M' 'U' 'M' 'M' 'M' 'U' 'M' 'M' 'M' 'M' 'M' 'M' 'M' 'M' 'M'
 'M' 'M' 'M' 'M' 'M' 'M' 'M' 'M' 'A' 'M' 'M' 'M' 'M' 'M' 'U' 'U' 'M' 'M'
 'A' 'M' 'M' 'M' 'U' 'M' 'M' 'M' 'M' 'M' 'U' 'U' 'M' 'M' 'M' 'U' 'U' 'M'
 'M' 'U' 'M' 'U' 'U' 'M' 'M' 'M' 'U' 'U' 'M' 'M' 'M' 'M' 'M' 'M' 'M' 'M'
 'M' 'M' 'U' 'M' 'M' 'U' 'U' 'M' 'M' 'U' 'M' 'M' 'U' 'M' 'M' 'M' 'M' 'M'
 'M' 'M' 'M' 'M' 'M' 'M' 'U' 'M' 'M' 'M' 'M' 'M' 'M' 'M' 'M' 'M' 'M' 'U'
 'M' 'M' 'M' 'M' 'U' 'M' 'U' 'M' 'M' 'M' 'M' 'M' 'M' 'M' 'M' 'U' 'M' 'M']"
150901,0,152,5,147,46,0,0,"['A' 'M' 'M' 'M' 'U' 'M' 'U' 'U' 'M' 'M' 'M' 'M' 'U' 'A' 'U' 'M' 'M' 'M'
 'U' 'M' 'U' 'M' 'M' 'U' 'M' 'U' 'M' 'M' 'U' 'M' 'M' 'U' 'U' 'M' 'M' 'M'
 'A' 'U' 'U' 'M' 'A' 'U' 'M' 'U' 'U' 'U' 'M' 'M' 'M' 'M' 'M' 'M' 'M' 'M'
 'M' 'M' 'M' 'U' 'M' 'M' 'U' 'M' 'M' 'M' 'M' 'M' 'M' 'M' 'M' 'M' 'M' 'M'
 'M' 'M' 'M' 'U' 'M' 'U' 'M' 'M' 'U' 'M' 'M' 'M' 'M' 'M' 'M' 'M' 'M' 'M'
 'U' 'M' 'M' 'M' 'U' 'M' 'M' 'M' 'U' 'M' 'M' 'M' 'M' 'M' 'M' 'U' 'M' 'M'
 'A' 'M' 'M' 'M' 'U' 'M' 'M' 'M' 'U' 'M' 'U' 'M' 'M' 'M' 'M' 'M' 'U' 'M'
 'M' 'M' 'M' 'U' 'U' 'M' 'M' 'M' 'U' 'M' 'M' 'M' 'M' 'M' 'M' 'M' 'M' 'M'
 'M' 'M' 'U' 'M' 'M' 'U' 'U' 'M' 'M' 'U' 'M' 'M' 'U' 'M' 'M' 'M' 'M' 'M'
 'M' 'M' 'M' 'M' 'M' 'M' 'U' 'M' 'M' 'M' 'M' 'M' 'M' 'M' 'M' 'M' 'M' 'U'
 'M' 'M' 'M' 'U' 'U' 'M' 'U' 'M' 'M' 'M' 'M' 'M' 'U' 'M' 'M' 'U' 'M' 'M']"
151001,0,158,4,154,40,0,1,"['A' 'M' 'M' 'M' 'U' 'M' 'M' 'M' 'M' 'M' 'M' 'M' 'M' 'A' 'U' 'M' 'M' 'M'
 'U' 'M' 'M' 'M' 'M' 'U' 'M' 'U' 'U' 'M' 'U' 'M' 'M' 'U' 'U' 'M' 'M' 'M'
 'A' 'U' 'M' 'M' 'A' 'U' 'M' 'U' 'U' 'U' 'M' 'M' 'M' 'M' 'M' 'M' 'M' 'M'
 'M' 'M' 'M' 'U' 'M' 'M' 'U' 'M' 'M' 'M' 'M' 'M' 'M' 'M' 'M' 'M' 'M' 'M'
 'M' 'M' 'M' 'U' 'U' 'M' 'M' 'M' 'M' 'U' 'M' 'M' 'M' 'M' 'M' 'M' 'M' 'M'
 'U' 'M' 'U' 'M' 'M' 'M' 'M' 'U' 'U' 'M' 'M' 'M' 'M' 'M' 'M' 'U' 'M' 'M'
 'U' 'M' 'M' 'M' 'U' 'M' 'M' 'M' 'U' 'M' 'U' 'M' 'M' 'M' 'M' 'M' 'U' 'M'
 'M' 'M' 'M' 'M' 'U' 'M' 'M' 'M' 'U' 'M' 'M' 'M' 'U' 'M' 'M' 'M' 'U' 'M'
 'M' 'M' 'M' 'M' 'M' 'U' 'U' 'M' 'M' 'U' 'M' 'M' 'M' 'M' 'M' 'M' 'M' 'M'
 'M' 'M' 'M' 'M' 'M' 'M' 'M' 'M' 'M' 'M' 'M' 'M' 'M' 'M' 'M' 'M' 'M' 'U'
 'M' 'M' 'M' 'M' 'M' 'M' 'U' 'M' 'M' 'M' 'M' 'M' 'U' 'M' 'M' 'U' 'M' 'M']"
151101,0,157,3,154,41,0,0,"['A' 'M' 'M' 'M' 'M' 'M' 'M' 'M' 'M' 'M' 'M' 'M' 'M' 'U' 'U' 'M' 'M' 'M'
 'U' 'M' 'M' 'M' 'M' 'U' 'M' 'M' 'U' 'M' 'U' 'U' 'M' 'U' 'M' 'M' 'M' 'M'
 'A' 'U' 'M' 'M' 'U' 'M' 'M' 'U' 'M' 'M' 'M' 'M' 'M' 'M' 'M' 'M' 'M' 'M'
 'M' 'M' 'M' 'U' 'M' 'U' 'U' 'M' 'M' 'M' 'M' 'M' 'M' 'M' 'M' 'U' 'M' 'M'
 'M' 'M' 'M' 'M' 'M' 'M' 'U' 'M' 'U' 'M' 'M' 'M' 'M' 'U' 'M' 'M' 'M' 'M'
 'M' 'M' 'M' 'U' 'M' 'M' 'M' 'U' 'U' 'M' 'M' 'M' 'M' 'M' 'M' 'U' 'M' 'M'
 'U' 'M' 'M' 'M' 'U' 'M' 'M' 'U' 'U' 'M' 'M' 'M' 'M' 'M' 'M' 'M' 'U' 'M'
 'M' 'M' 'M' 'M' 'M' 'U' 'U' 'U' 'U' 'U' 'U' 'U' 'U' 'M' 'M' 'M' 'M' 'M'
 'M' 'M' 'M' 'M' 'M' 'M' 'U' 'M' 'M' 'M' 'M' 'M' 'M' 'A' 'M' 'M' 'M' 'U'
 'M' 'M' 'M' 'M' 'M' 'M' 'M' 'M' 'U' 'M' 'M' 'M' 'M' 'M' 'M' 'M' 'M' 'M'
 'M' 'M' 'M' 'M' 'M' 'M' 'U' 'M' 'M' 'M' 'M' 'M' 'U' 'M' 'M' 'U' 'M' 'M']"
151201,0,159,3,156,39,0,0,"['A' 'M' 'M' 'M' 'M' 'M' 'M' 'M' 'M' 'U' 'M' 'M' 'M' 'U' 'U' 'M' 'M' 'M'
 'M' 'M' 'M' 'M' 'M' 'U' 'M' 'M' 'U' 'M' 'U' 'M' 'M' 'U' 'M' 'M' 'M' 'M'
 'A' 'U' 'M' 'M' 'M' 'M' 'M' 'M' 'M' 'M' 'M' 'M' 'M' 'M' 'M' 'M' 'M' 'M'
 'M' 'M' 'M' 'U' 'M' 'U' 'U' 'M' 'M' 'M' 'M' 'M' 'M' 'M' 'M' 'M' 'M' 'M'
 'U' 'M' 'U' 'M' 'M' 'M' 'M' 'M' 'M' 'M' 'M' 'U' 'M' 'M' 'M' 'U' 'M' 'M'
 'M' 'M' 'M' 'U' 'M' 'M' 'M' 'U' 'U' 'M' 'M' 'M' 'M' 'M' 'M' 'U' 'M' 'M'
 'U' 'M' 'U' 'M' 'U' 'M' 'M' 'U' 'M' 'M' 'M' 'U' 'M' 'M' 'M' 'M' 'M' 'M'
 'M' 'M' 'M' 'M' 'M' 'M' 'U' 'U' 'U' 'U' 'U' 'M' 'U' 'M' 'U' 'M' 'M' 'M'
 'M' 'M' 'M' 'M' 'M' 'M' 'U' 'M' 'M' 'M' 'M' 'M' 'M' 'A' 'M' 'M' 'M' 'U'
 'M' 'M' 'M' 'U' 'M' 'M' 'M' 'M' 'U' 'M' 'M' 'M' 'M' 'M' 'M' 'M' 'M' 'M'
 'M' 'M' 'M' 'M' 'M' 'M' 'U' 'M' 'U' 'M' 'M' 'M' 'U' 'M' 'M' 'U' 'M' 'M']"
151301,0,161,2,159,37,0,0,"['A' 'M' 'M' 'M' 'M' 'M' 'M' 'M' 'M' 'M' 'U' 'M' 'M' 'U' 'U' 'M' 'M' 'U'
 'M' 'M' 'M' 'M' 'M' 'U' 'M' 'U' 'M' 'M' 'M' 'M' 'M' 'U' 'M' 'M' 'M' 'M'
 'A' 'M' 'U' 'M' 'M' 'M' 'M' 'M' 'M' 'U' 'U' 'M' 'M' 'M' 'M' 'M' 'M' 'M'
 'M' 'M' 'M' 'U' 'M' 'U' 'U' 'M' 'M' 'M' 'M' 'M' 'M' 'M' 'M' 'U' 'M' 'M'
 'M' 'M' 'M' 'M' 'M' 'M' 'M' 'U' 'U' 'M' 'M' 'M' 'M' 'U' 'M' 'M' 'M' 'M'
 'M' 'M' 'U' 'M' 'M' 'M' 'M' 'M' 'M' 'M' 'M' 'M' 'M' 'M' 'M' 'M' 'M' 'M'
 'U' 'M' 'M' 'M' 'M' 'M' 'M' 'U' 'M' 'M' 'M' 'U' 'M' 'M' 'M' 'M' 'M' 'M'
 'M' 'M' 'M' 'M' 'M' 'M' 'U' 'U' 'M' 'U' 'U' 'M' 'U' 'M' 'M' 'M' 'M' 'M'
 'M' 'M' 'M' 'M' 'M' 'M' 'U' 'M' 'M' 'M' 'M' 'M' 'M' 'M' 'M' 'M' 'U' 'U'
 'M' 'M' 'M' 'U' 'M' 'M' 'M' 'M' 'U' 'M' 'M' 'M' 'M' 'M' 'M' 'M' 'M' 'M'
 'M' 'M' 'M' 'U' 'M' 'M' 'U' 'M' 'M' 'M' 'M' 'U' 'U' 'U' 'M' 'U' 'M' 'M']"
151401,0,162,4,158,36,0,0,"['A' 'M' 'M' 'M' 'M' 'M' 'M' 'M' 'U' 'M' 'U' 'M' 'M' 'U' 'U' 'M' 'M' 'U'
 'M' 'M' 'M' 'M' 'M' 'M' 'M' 'U' 'M' 'M' 'M' 'M' 'M' 'U' 'M' 'M' 'M' 'M'
 'A' 'M' 'U' 'M' 'M' 'M' 'M' 'M' 'M' 'U' 'U' 'M' 'M' 'M' 'M' 'M' 'U' 'M'
 'M' 'M' 'M' 'M' 'M' 'M' 'U' 'M' 'M' 'M' 'M' 'M' 'M' 'M' 'M' 'M' 'M' 'M'
 'M' 'M' 'M' 'U' 'U' 'M' 'M' 'M' 'M' 'U' 'M' 'M' 'M' 'M' 'M' 'M' 'M' 'U'
 'M' 'M' 'M' 'U' 'M' 'M' 'M' 'M' 'M' 'M' 'M' 'M' 'M' 'M' 'M' 'M' 'M' 'M'
 'U' 'M' 'M' 'M' 'M' 'M' 'M' 'U' 'M' 'M' 'M' 'U' 'M' 'M' 'M' 'M' 'M' 'M'
 'M' 'M' 'M' 'M' 'M' 'U' 'A' 'U' 'U' 'A' 'U' 'U' 'U' 'M' 'M' 'M' 'M' 'M'
 'U' 'M' 'M' 'M' 'M' 'M' 'U' 'M' 'M' 'M' 'U' 'M' 'M' 'M' 'M' 'M' 'M' 'U'
 'M' 'M' 'M' 'U' 'M' 'M' 'M' 'M' 'M' 'M' 'M' 'M' 'M' 'M' 'M' 'M' 'M' 'M'
 'M' 'M' 'U' 'M' 'M' 'M' 'U' 'M' 'M' 'M' 'M' 'M' 'U' 'U' 'M' 'U' 'M' 'M']"
151501,0,170,4,166,28,0,0,"['A' 'M' 'M' 'M' 'M' 'M' 'M' 'M' 'U' 'M' 'M' 'M' 'M' 'U' 'U' 'M' 'M' 'U'
 'M' 'M' 'U' 'M' 'M' 'M' 'M' 'U' 'M' 'U' 'M' 'M' 'M' 'M' 'M' 'M' 'M' 'M'
 'A' 'M' 'M' 'M' 'M' 'M' 'M' 'M' 'M' 'U' 'M' 'M' 'M' 'M' 'M' 'M' 'U' 'M'
 'M' 'M' 'M' 'M' 'M' 'M' 'U' 'U' 'M' 'M' 'M' 'U' 'U' 'M' 'U' 'M' 'M' 'M'
 'M' 'U' 'M' 'M' 'M' 'M' 'M' 'M' 'M' 'M' 'U' 'M' 'M' 'M' 'M' 'M' 'M' 'M'
 'M' 'M' 'M' 'M' 'M' 'M' 'M' 'M' 'U' 'M' 'M' 'M' 'M' 'M' 'M' 'M' 'M' 'M'
 'M' 'M' 'M' 'M' 'M' 'M' 'M' 'M' 'M' 'M' 'M' 'U' 'M' 'M' 'M' 'M' 'M' 'M'
 'M' 'M' 'M' 'M' 'M' 'M' 'A' 'M' 'U' 'A' 'U' 'U' 'U' 'M' 'M' 'M' 'M' 'M'
 'U' 'M' 'M' 'M' 'M' 'M' 'U' 'M' 'M' 'M' 'M' 'M' 'M' 'M' 'M' 'M' 'M' 'M'
 'M' 'M' 'M' 'U' 'M' 'M' 'M' 'M' 'M' 'M' 'M' 'M' 'M' 'M' 'M' 'M' 'M' 'M'
 'M' 'M' 'U' 'M' 'M' 'M' 'M' 'M' 'M' 'M' 'M' 'M' 'M' 'U' 'M' 'U' 'M' 'M']"
151601,0,171,5,166,27,0,0,"['A' 'M' 'M' 'M' 'M' 'M' 'M' 'M' 'U' 'M' 'M' 'M' 'M' 'U' 'U' 'M' 'U' 'M'
 'M' 'M' 'U' 'M' 'M' 'M' 'M' 'U' 'M' 'U' 'M' 'M' 'M' 'M' 'M' 'M' 'M' 'M'
 'A' 'M' 'M' 'M' 'M' 'M' 'M' 'M' 'M' 'M' 'U' 'M' 'M' 'M' 'M' 'M' 'M' 'M'
 'M' 'M' 'M' 'M' 'M' 'M' 'M' 'U' 'M' 'U' 'M' 'M' 'U' 'M' 'M' 'M' 'M' 'M'
 'U' 'M' 'M' 'U' 'M' 'M' 'M' 'M' 'M' 'M' 'M' 'U' 'M' 'M' 'M' 'M' 'M' 'M'
 'M' 'U' 'M' 'M' 'M' 'M' 'M' 'M' 'M' 'M' 'M' 'M' 'U' 'M' 'M' 'M' 'M' 'M'
 'M' 'M' 'M' 'M' 'M' 'U' 'M' 'M' 'M' 'M' 'M' 'U' 'M' 'U' 'M' 'M' 'M' 'M'
 'M' 'M' 'M' 'M' 'M' 'M' 'A' 'M' 'U' 'A' 'U' 'U' 'M' 'M' 'M' 'M' 'M' 'M'
 'U' 'M' 'M' 'M' 'M' 'M' 'U' 'U' 'M' 'M' 'M' 'M' 'M' 'M' 'M' 'M' 'M' 'M'
 'M' 'M' 'M' 'M' 'M' 'M' 'M' 'M' 'M' 'M' 'M' 'M' 'M' 'M' 'M' 'M' 'M' 'M'
 'M' 'M' 'M' 'M' 'M' 'M' 'M' 'M' 'M' 'U' 'M' 'M' 'M' 'A' 'M' 'U' 'M' 'M']"
151701,0,173,6,167,25,1,0,"['A' 'M' 'M' 'M' 'M' 'M' 'M' 'M' 'U' 'M' 'M' 'M' 'M' 'U' 'A' 'M' 'U' 'M'
 'M' 'M' 'M' 'M' 'M' 'U' 'M' 'M' 'M' 'U' 'M' 'M' 'M' 'U' 'M' 'M' 'M' 'M'
 'A' 'M' 'M' 'M' 'U' 'M' 'M' 'M' 'M' 'M' 'M' 'M' 'M' 'M' 'M' 'M' 'M' 'M'
 'M' 'M' 'M' 'M' 'M' 'M' 'M' 'U' 'M' 'U' 'M' 'U' 'M' 'U' 'U' 'M' 'U' 'M'
 'M' 'M' 'M' 'M' 'M' 'M' 'M' 'M' 'M' 'M' 'M' 'M' 'M' 'M' 'M' 'M' 'U' 'M'
 'M' 'M' 'M' 'M' 'M' 'M' 'M' 'M' 'M' 'M' 'M' 'M' 'U' 'M' 'M' 'M' 'M' 'M'
 'M' 'M' 'M' 'M' 'M' 'U' 'M' 'M' 'M' 'M' 'M' 'U' 'M' 'U' 'M' 'M' 'M' 'M'
 'M' 'U' 'M' 'M' 'M' 'M' 'A' 'M' 'M' 'A' 'U' 'M' 'M' 'M' 'M' 'M' 'M' 'M'
 'U' 'M' 'M' 'M' 'M' 'M' 'M' 'U' 'M' 'M' 'M' 'M' 'M' 'M' 'M' 'M' 'M' 'M'
 'M' 'M' 'M' 'M' 'M' 'M' 'M' 'M' 'U' 'M' 'M' 'M' 'U' 'M' 'M' 'M' 'M' 'M'
 'M' 'M' 'M' 'M' 'M' 'M' 'M' 'M' 'M' 'U' 'M' 'M' 'M' 'A' 'M' 'M' 'M' 'M']"
151801,0,171,7,164,27,0,0,"['A' 'M' 'M' 'M' 'M' 'M' 'M' 'M' 'U' 'M' 'M' 'M' 'M' 'M' 'A' 'M' 'U' 'M'
 'M' 'M' 'M' 'M' 'M' 'U' 'M' 'M' 'M' 'U' 'M' 'M' 'M' 'U' 'M' 'M' 'M' 'M'
 'A' 'M' 'M' 'M' 'U' 'M' 'A' 'M' 'M' 'M' 'M' 'M' 'M' 'M' 'U' 'M' 'M' 'M'
 'M' 'M' 'M' 'M' 'M' 'M' 'M' 'M' 'M' 'U' 'M' 'U' 'M' 'M' 'M' 'M' 'M' 'M'
 'M' 'M' 'M' 'M' 'M' 'M' 'M' 'M' 'M' 'U' 'M' 'U' 'U' 'M' 'M' 'M' 'U' 'M'
 'M' 'M' 'M' 'M' 'M' 'M' 'M' 'M' 'M' 'M' 'M' 'M' 'U' 'M' 'M' 'M' 'M' 'M'
 'U' 'M' 'U' 'M' 'M' 'U' 'M' 'M' 'M' 'M' 'M' 'U' 'M' 'M' 'U' 'M' 'M' 'M'
 'M' 'U' 'M' 'M' 'M' 'M' 'A' 'M' 'M' 'A' 'U' 'M' 'U' 'M' 'M' 'M' 'M' 'M'
 'M' 'M' 'M' 'M' 'M' 'M' 'M' 'U' 'M' 'M' 'M' 'M' 'M' 'M' 'M' 'M' 'M' 'M'
 'M' 'M' 'M' 'M' 'M' 'M' 'M' 'M' 'U' 'M' 'M' 'M' 'U' 'M' 'M' 'U' 'M' 'M'
 'M' 'M' 'M' 'M' 'M' 'M' 'M' 'M' 'M' 'U' 'M' 'M' 'M' 'A' 'M' 'M' 'M' 'M']"
151901,0,167,6,161,31,0,0,"['A' 'M' 'M' 'M' 'U' 'M' 'U' 'M' 'U' 'M' 'M' 'M' 'M' 'M' 'A' 'U' 'M' 'M'
 'M' 'M' 'M' 'M' 'M' 'M' 'M' 'M' 'M' 'A' 'M' 'M' 'M' 'U' 'U' 'M' 'M' 'M'
 'U' 'M' 'M' 'M' 'M' 'M' 'A' 'M' 'M' 'U' 'M' 'M' 'M' 'M' 'U' 'M' 'M' 'M'
 'M' 'U' 'M' 'M' 'M' 'M' 'M' 'M' 'U' 'U' 'M' 'M' 'M' 'M' 'M' 'M' 'M' 'M'
 'M' 'M' 'M' 'M' 'M' 'M' 'U' 'U' 'M' 'M' 'M' 'M' 'U' 'M' 'M' 'U' 'M' 'M'
 'M' 'M' 'U' 'M' 'M' 'M' 'M' 'M' 'M' 'M' 'M' 'M' 'U' 'M' 'U' 'M' 'M' 'M'
 'U' 'M' 'M' 'M' 'M' 'U' 'M' 'M' 'M' 'M' 'M' 'U' 'M' 'M' 'M' 'M' 'M' 'M'
 'M' 'U' 'M' 'M' 'M' 'M' 'A' 'M' 'M' 'A' 'U' 'M' 'U' 'M' 'M' 'M' 'M' 'M'
 'U' 'M' 'M' 'M' 'M' 'M' 'M' 'U' 'M' 'M' 'M' 'M' 'M' 'M' 'M' 'M' 'M' 'M'
 'M' 'M' 'M' 'M' 'M' 'M' 'M' 'M' 'M' 'M' 'M' 'M' 'M' 'M' 'M' 'U' 'M' 'M'
 'M' 'M' 'U' 'M' 'M' 'M' 'M' 'M' 'M' 'U' 'M' 'M' 'M' 'U' 'M' 'M' 'M' 'M']"
152001,0,158,4,154,40,0,0,"['A' 'M' 'M' 'M' 'U' 'M' 'U' 'M' 'U' 'M' 'M' 'M' 'M' 'M' 'A' 'U' 'M' 'M'
 'M' 'M' 'U' 'M' 'M' 'M' 'M' 'M' 'M' 'A' 'M' 'M' 'M' 'U' 'U' 'M' 'M' 'M'
 'M' 'M' 'M' 'M' 'M' 'M' 'U' 'M' 'M' 'U' 'M' 'M' 'M' 'U' 'M' 'M' 'M' 'M'
 'M' 'U' 'M' 'M' 'M' 'M' 'M' 'U' 'U' 'U' 'M' 'M' 'M' 'M' 'M' 'M' 'M' 'M'
 'U' 'M' 'M' 'U' 'M' 'M' 'M' 'U' 'M' 'M' 'M' 'M' 'M' 'M' 'M' 'M' 'M' 'M'
 'M' 'M' 'M' 'U' 'U' 'M' 'M' 'U' 'M' 'U' 'M' 'M' 'U' 'M' 'U' 'M' 'M' 'M'
 'U' 'M' 'M' 'M' 'M' 'U' 'U' 'M' 'M' 'M' 'M' 'U' 'M' 'M' 'M' 'M' 'M' 'M'
 'M' 'U' 'M' 'M' 'U' 'M' 'A' 'U' 'U' 'U' 'U' 'U' 'U' 'M' 'M' 'M' 'M' 'M'
 'M' 'M' 'U' 'M' 'M' 'M' 'M' 'U' 'M' 'M' 'M' 'M' 'M' 'M' 'M' 'M' 'M' 'M'
 'M' 'M' 'M' 'M' 'M' 'M' 'M' 'M' 'M' 'M' 'M' 'M' 'M' 'M' 'M' 'M' 'M' 'M'
 'M' 'M' 'U' 'M' 'M' 'M' 'M' 'M' 'M' 'U' 'M' 'M' 'M' 'U' 'M' 'M' 'M' 'M']"
152101,0,157,3,154,41,0,0,"['A' 'M' 'M' 'M' 'U' 'M' 'M' 'M' 'M' 'M' 'U' 'M' 'M' 'M' 'A' 'U' 'M' 'M'
 'M' 'M' 'U' 'M' 'M' 'M' 'M' 'M' 'M' 'U' 'M' 'M' 'M' 'U' 'U' 'M' 'M' 'M'
 'M' 'M' 'M' 'M' 'M' 'M' 'U' 'M' 'M' 'U' 'M' 'M' 'M' 'U' 'M' 'M' 'M' 'M'
 'M' 'U' 'M' 'M' 'M' 'U' 'M' 'U' 'U' 'U' 'M' 'U' 'M' 'M' 'M' 'M' 'M' 'U'
 'M' 'M' 'M' 'M' 'U' 'M' 'M' 'M' 'U' 'M' 'M' 'M' 'M' 'M' 'M' 'M' 'M' 'M'
 'M' 'M' 'M' 'U' 'M' 'M' 'M' 'U' 'M' 'U' 'M' 'M' 'U' 'M' 'U' 'M' 'M' 'M'
 'U' 'U' 'M' 'M' 'M' 'U' 'U' 'M' 'M' 'M' 'M' 'M' 'M' 'M' 'M' 'M' 'M' 'M'
 'M' 'U' 'M' 'M' 'U' 'M' 'A' 'U' 'M' 'M' 'U' 'U' 'M' 'U' 'M' 'M' 'M' 'M'
 'M' 'M' 'M' 'M' 'M' 'M' 'M' 'U' 'M' 'M' 'M' 'M' 'M' 'M' 'M' 'M' 'U' 'M'
 'M' 'U' 'M' 'U' 'M' 'M' 'M' 'M' 'M' 'M' 'M' 'M' 'M' 'M' 'M' 'M' 'M' 'M'
 'M' 'M' 'M' 'U' 'M' 'M' 'M' 'M' 'M' 'U' 'M' 'M' 'M' 'U' 'M' 'M' 'M' 'M']"
152201,0,162,4,158,36,0,0,"['A' 'M' 'M' 'M' 'U' 'M' 'M' 'M' 'M' 'M' 'M' 'M' 'M' 'M' 'A' 'U' 'M' 'M'
 'M' 'M' 'M' 'M' 'M' 'A' 'M' 'M' 'M' 'U' 'M' 'M' 'U' 'U' 'U' 'U' 'M' 'M'
 'M' 'M' 'M' 'M' 'M' 'M' 'M' 'M' 'M' 'M' 'M' 'M' 'M' 'U' 'M' 'M' 'M' 'M'
 'M' 'U' 'M' 'M' 'M' 'U' 'M' 'M' 'U' 'M' 'M' 'U' 'M' 'U' 'M' 'M' 'U' 'M'
 'M' 'M' 'M' 'M' 'M' 'M' 'U' 'M' 'M' 'U' 'M' 'M' 'M' 'M' 'M' 'M' 'M' 'M'
 'M' 'M' 'M' 'M' 'M' 'M' 'M' 'U' 'M' 'U' 'M' 'U' 'U' 'M' 'U' 'M' 'M' 'M'
 'U' 'U' 'M' 'U' 'M' 'U' 'M' 'M' 'M' 'M' 'M' 'M' 'M' 'M' 'M' 'M' 'M' 'M'
 'M' 'U' 'M' 'M' 'U' 'M' 'U' 'M' 'M' 'M' 'M' 'U' 'M' 'A' 'M' 'M' 'M' 'M'
 'M' 'M' 'M' 'M' 'M' 'M' 'M' 'U' 'M' 'M' 'M' 'M' 'M' 'M' 'M' 'M' 'U' 'M'
 'M' 'U' 'M' 'U' 'M' 'M' 'M' 'M' 'M' 'M' 'M' 'M' 'M' 'M' 'M' 'M' 'M' 'M'
 'M' 'M' 'M' 'U' 'M' 'M' 'M' 'M' 'M' 'M' 'U' 'M' 'M' 'U' 'M' 'M' 'M' 'M']"
152301,0,165,6,159,33,0,0,"['A' 'M' 'M' 'M' 'U' 'U' 'M' 'M' 'M' 'M' 'M' 'M' 'M' 'M' 'U' 'U' 'M' 'M'
 'M' 'M' 'M' 'M' 'M' 'A' 'M' 'M' 'M' 'M' 'M' 'M' 'U' 'A' 'U' 'U' 'M' 'M'
 'M' 'M' 'M' 'U' 'M' 'M' 'M' 'M' 'M' 'M' 'M' 'M' 'M' 'U' 'M' 'U' 'U' 'M'
 'M' 'M' 'M' 'M' 'M' 'U' 'M' 'M' 'U' 'M' 'M' 'M' 'U' 'M' 'M' 'M' 'M' 'M'
 'M' 'M' 'M' 'U' 'U' 'M' 'M' 'M' 'M' 'M' 'M' 'M' 'U' 'M' 'U' 'M' 'M' 'M'
 'M' 'M' 'M' 'M' 'M' 'M' 'M' 'M' 'M' 'U' 'M' 'U' 'U' 'M' 'M' 'M' 'M' 'M'
 'A' 'U' 'U' 'U' 'M' 'U' 'M' 'M' 'M' 'M' 'M' 'M' 'M' 'M' 'M' 'M' 'M' 'M'
 'M' 'U' 'M' 'M' 'U' 'M' 'A' 'M' 'M' 'M' 'M' 'M' 'M' 'A' 'M' 'M' 'M' 'M'
 'M' 'M' 'M' 'U' 'M' 'M' 'M' 'M' 'M' 'M' 'M' 'M' 'M' 'M' 'M' 'M' 'M' 'M'
 'M' 'U' 'M' 'U' 'M' 'M' 'M' 'M' 'M' 'M' 'M' 'M' 'M' 'M' 'M' 'M' 'U' 'M'
 'M' 'M' 'M' 'M' 'M' 'M' 'M' 'M' 'M' 'U' 'U' 'M' 'M' 'M' 'M' 'M' 'M' 'M']"
152401,0,157,6,151,41,0,0,"['A' 'M' 'M' 'U' 'U' 'U' 'M' 'M' 'M' 'U' 'M' 'M' 'M' 'M' 'M' 'U' 'M' 'M'
 'M' 'M' 'M' 'M' 'M' 'M' 'M' 'M' 'U' 'M' 'M' 'M' 'U' 'A' 'U' 'U' 'M' 'M'
 'M' 'M' 'M' 'U' 'M' 'M' 'M' 'M' 'M' 'M' 'M' 'U' 'A' 'U' 'M' 'U' 'U' 'U'
 'M' 'M' 'M' 'M' 'M' 'U' 'M' 'M' 'U' 'M' 'M' 'M' 'M' 'U' 'M' 'M' 'M' 'M'
 'M' 'M' 'M' 'M' 'M' 'M' 'U' 'M' 'M' 'M' 'M' 'M' 'M' 'M' 'M' 'M' 'U' 'U'
 'M' 'M' 'M' 'U' 'M' 'M' 'M' 'M' 'M' 'U' 'M' 'U' 'U' 'M' 'M' 'M' 'U' 'M'
 'A' 'U' 'U' 'M' 'M' 'U' 'M' 'M' 'M' 'M' 'M' 'M' 'M' 'M' 'M' 'M' 'M' 'M'
 'M' 'U' 'M' 'M' 'U' 'M' 'A' 'M' 'M' 'M' 'M' 'M' 'M' 'A' 'M' 'M' 'M' 'M'
 'M' 'M' 'U' 'U' 'M' 'M' 'U' 'M' 'M' 'M' 'M' 'M' 'M' 'M' 'M' 'M' 'M' 'M'
 'M' 'U' 'U' 'U' 'M' 'M' 'M' 'M' 'M' 'M' 'M' 'M' 'M' 'M' 'M' 'M' 'U' 'M'
 'M' 'M' 'M' 'M' 'M' 'M' 'M' 'M' 'U' 'U' 'U' 'M' 'M' 'M' 'M' 'M' 'M' 'M']"
152501,0,161,6,155,37,1,0,"['A' 'M' 'M' 'U' 'M' 'M' 'M' 'M' 'M' 'U' 'M' 'M' 'M' 'M' 'U' 'U' 'M' 'M'
 'M' 'M' 'M' 'M' 'M' 'M' 'M' 'M' 'A' 'M' 'M' 'M' 'M' 'A' 'U' 'M' 'M' 'M'
 'M' 'M' 'M' 'U' 'M' 'M' 'M' 'M' 'M' 'M' 'M' 'U' 'U' 'M' 'M' 'U' 'M' 'M'
 'M' 'M' 'M' 'M' 'M' 'U' 'M' 'M' 'U' 'M' 'M' 'U' 'M' 'M' 'M' 'M' 'M' 'U'
 'M' 'M' 'M' 'M' 'M' 'M' 'U' 'U' 'M' 'M' 'U' 'M' 'M' 'M' 'M' 'M' 'M' 'M'
 'M' 'M' 'M' 'M' 'M' 'M' 'M' 'M' 'M' 'U' 'M' 'M' 'U' 'M' 'U' 'M' 'U' 'M'
 'A' 'M' 'U' 'M' 'M' 'U' 'M' 'M' 'M' 'M' 'M' 'M' 'M' 'M' 'M' 'M' 'M' 'M'
 'M' 'U' 'M' 'M' 'U' 'M' 'U' 'U' 'M' 'M' 'M' 'M' 'M' 'A' 'M' 'M' 'U' 'M'
 'U' 'M' 'U' 'U' 'M' 'M' 'U' 'M' 'M' 'M' 'M' 'M' 'M' 'M' 'M' 'M' 'M' 'M'
 'M' 'U' 'M' 'A' 'M' 'M' 'M' 'M' 'M' 'M' 'M' 'M' 'M' 'M' 'M' 'M' 'U' 'M'
 'M' 'U' 'M' 'M' 'M' 'M' 'M' 'M' 'U' 'M' 'U' 'M' 'M' 'M' 'M' 'M' 'U' 'M']"
152601,0,157,4,153,41,0,0,"['A' 'M' 'M' 'M' 'M' 'M' 'U' 'M' 'M' 'M' 'M' 'M' 'M' 'M' 'M' 'M' 'M' 'M'
 'M' 'M' 'M' 'M' 'M' 'M' 'M' 'M' 'A' 'M' 'M' 'M' 'M' 'A' 'U' 'M' 'U' 'M'
 'M' 'M' 'M' 'U' 'M' 'M' 'M' 'M' 'M' 'U' 'M' 'U' 'M' 'M' 'M' 'M' 'M' 'M'
 'M' 'M' 'M' 'M' 'M' 'U' 'U' 'M' 'U' 'M' 'M' 'M' 'M' 'M' 'U' 'U' 'M' 'M'
 'M' 'M' 'M' 'M' 'M' 'M' 'M' 'M' 'M' 'M' 'U' 'M' 'U' 'M' 'M' 'M' 'U' 'M'
 'M' 'M' 'M' 'M' 'M' 'M' 'M' 'M' 'M' 'M' 'M' 'M' 'M' 'M' 'U' 'M' 'U' 'U'
 'U' 'M' 'U' 'M' 'U' 'U' 'M' 'M' 'M' 'M' 'M' 'M' 'M' 'M' 'M' 'M' 'M' 'M'
 'M' 'M' 'M' 'M' 'U' 'U' 'M' 'U' 'M' 'U' 'M' 'M' 'M' 'M' 'M' 'U' 'U' 'M'
 'M' 'M' 'U' 'M' 'M' 'M' 'U' 'M' 'M' 'M' 'M' 'M' 'M' 'M' 'U' 'M' 'M' 'M'
 'M' 'U' 'M' 'A' 'M' 'U' 'M' 'U' 'U' 'M' 'M' 'M' 'U' 'U' 'M' 'M' 'U' 'M'
 'M' 'U' 'M' 'M' 'M' 'M' 'M' 'M' 'M' 'M' 'U' 'M' 'U' 'M' 'M' 'M' 'U' 'M']"
152701,0,160,3,157,38,0,1,"['A' 'M' 'M' 'M' 'M' 'M' 'M' 'M' 'M' 'M' 'M' 'M' 'M' 'M' 'M' 'M' 'M' 'M'
 'M' 'M' 'M' 'M' 'U' 'U' 'M' 'M' 'A' 'M' 'M' 'M' 'M' 'U' 'U' 'U' 'U' 'M'
 'M' 'M' 'M' 'U' 'M' 'M' 'M' 'M' 'M' 'U' 'M' 'U' 'M' 'M' 'M' 'M' 'M' 'M'
 'M' 'M' 'M' 'M' 'M' 'M' 'U' 'M' 'U' 'M' 'M' 'M' 'M' 'U' 'M' 'M' 'M' 'M'
 'U' 'U' 'M' 'M' 'M' 'M' 'M' 'M' 'M' 'M' 'M' 'M' 'M' 'M' 'M' 'U' 'M' 'M'
 'M' 'M' 'U' 'M' 'M' 'M' 'M' 'M' 'M' 'M' 'M' 'M' 'M' 'M' 'M' 'M' 'U' 'M'
 'M' 'M' 'U' 'U' 'U' 'M' 'M' 'M' 'M' 'M' 'M' 'M' 'M' 'M' 'M' 'M' 'M' 'M'
 'M' 'M' 'M' 'M' 'U' 'M' 'U' 'U' 'M' 'U' 'M' 'M' 'M' 'M' 'M' 'U' 'U' 'M'
 'M' 'M' 'M' 'M' 'U' 'M' 'U' 'M' 'M' 'M' 'M' 'M' 'M' 'M' 'U' 'M' 'M' 'M'
 'M' 'U' 'M' 'A' 'M' 'U' 'M' 'U' 'M' 'M' 'M' 'M' 'U' 'U' 'M' 'M' 'U' 'M'
 'M' 'M' 'M' 'M' 'M' 'M' 'M' 'M' 'M' 'M' 'U' 'M' 'U' 'M' 'M' 'M' 'U' 'M']"
152801,0,159,3,156,39,0,0,"['A' 'M' 'M' 'M' 'M' 'M' 'M' 'M' 'M' 'M' 'M' 'M' 'M' 'M' 'M' 'M' 'M' 'M'
 'M' 'M' 'M' 'M' 'U' 'U' 'M' 'M' 'U' 'M' 'M' 'M' 'M' 'M' 'A' 'M' 'U' 'M'
 'M' 'M' 'M' 'U' 'M' 'M' 'M' 'M' 'M' 'U' 'M' 'M' 'M' 'M' 'M' 'M' 'M' 'M'
 'U' 'M' 'M' 'M' 'M' 'M' 'U' 'M' 'M' 'M' 'M' 'M' 'M' 'M' 'M' 'M' 'M' 'U'
 'M' 'M' 'M' 'M' 'M' 'U' 'U' 'M' 'M' 'M' 'M' 'M' 'U' 'M' 'M' 'M' 'M' 'M'
 'M' 'U' 'M' 'M' 'M' 'M' 'M' 'M' 'M' 'M' 'M' 'M' 'M' 'M' 'U' 'M' 'U' 'M'
 'M' 'M' 'M' 'U' 'U' 'M' 'M' 'M' 'M' 'M' 'M' 'M' 'M' 'M' 'M' 'M' 'M' 'M'
 'M' 'U' 'M' 'M' 'U' 'U' 'U' 'U' 'U' 'U' 'U' 'U' 'U' 'M' 'U' 'U' 'U' 'M'
 'M' 'M' 'M' 'U' 'U' 'M' 'U' 'M' 'M' 'M' 'M' 'M' 'M' 'M' 'U' 'M' 'M' 'M'
 'M' 'M' 'M' 'A' 'M' 'M' 'M' 'M' 'M' 'M' 'M' 'M' 'U' 'M' 'M' 'M' 'U' 'M'
 'M' 'M' 'M' 'M' 'M' 'M' 'M' 'M' 'M' 'M' 'U' 'M' 'U' 'M' 'M' 'M' 'U' 'M']"
152901,0,160,4,156,38,0,0,"['A' 'M' 'M' 'M' 'M' 'M' 'M' 'M' 'M' 'M' 'M' 'M' 'M' 'M' 'M' 'M' 'M' 'M'
 'M' 'M' 'M' 'M' 'U' 'U' 'M' 'M' 'U' 'M' 'U' 'M' 'M' 'M' 'A' 'M' 'A' 'M'
 'M' 'M' 'M' 'U' 'M' 'M' 'M' 'M' 'M' 'U' 'M' 'M' 'M' 'U' 'M' 'M' 'M' 'M'
 'M' 'M' 'M' 'M' 'M' 'M' 'U' 'M' 'M' 'U' 'M' 'M' 'M' 'M' 'M' 'U' 'M' 'M'
 'M' 'M' 'M' 'M' 'M' 'U' 'M' 'U' 'M' 'M' 'U' 'M' 'M' 'M' 'M' 'M' 'U' 'M'
 'M' 'M' 'M' 'M' 'M' 'M' 'U' 'U' 'M' 'M' 'M' 'M' 'M' 'M' 'M' 'M' 'U' 'M'
 'M' 'M' 'M' 'M' 'U' 'M' 'M' 'M' 'M' 'M' 'M' 'M' 'M' 'M' 'M' 'M' 'M' 'M'
 'M' 'U' 'M' 'M' 'M' 'U' 'U' 'U' 'U' 'U' 'U' 'U' 'U' 'M' 'U' 'M' 'U' 'M'
 'M' 'M' 'M' 'U' 'U' 'M' 'U' 'U' 'M' 'M' 'M' 'M' 'M' 'M' 'U' 'M' 'M' 'M'
 'M' 'M' 'M' 'A' 'M' 'U' 'M' 'M' 'M' 'M' 'M' 'M' 'M' 'M' 'M' 'M' 'U' 'M'
 'M' 'M' 'M' 'M' 'M' 'M' 'M' 'M' 'M' 'M' 'U' 'M' 'M' 'M' 'M' 'M' 'U' 'M']"
153001,0,163,4,159,35,0,0,"['A' 'M' 'M' 'M' 'M' 'M' 'M' 'M' 'M' 'M' 'M' 'M' 'M' 'M' 'M' 'M' 'M' 'M'
 'M' 'M' 'M' 'M' 'M' 'U' 'U' 'M' 'U' 'M' 'U' 'M' 'M' 'M' 'U' 'M' 'A' 'M'
 'M' 'M' 'M' 'M' 'M' 'M' 'M' 'M' 'M' 'U' 'M' 'M' 'M' 'U' 'M' 'M' 'M' 'M'
 'M' 'M' 'M' 'M' 'M' 'U' 'U' 'M' 'M' 'M' 'M' 'U' 'M' 'M' 'M' 'M' 'M' 'M'
 'M' 'M' 'M' 'M' 'U' 'M' 'M' 'M' 'M' 'M' 'M' 'M' 'M' 'M' 'M' 'M' 'U' 'M'
 'M' 'M' 'M' 'U' 'U' 'M' 'U' 'U' 'M' 'M' 'M' 'M' 'M' 'M' 'M' 'M' 'U' 'M'
 'M' 'M' 'M' 'M' 'U' 'M' 'M' 'M' 'M' 'M' 'M' 'M' 'M' 'M' 'M' 'M' 'M' 'M'
 'U' 'U' 'M' 'M' 'M' 'U' 'M' 'U' 'A' 'U' 'U' 'U' 'U' 'M' 'U' 'M' 'M' 'M'
 'M' 'M' 'M' 'M' 'U' 'M' 'U' 'U' 'M' 'M' 'M' 'M' 'M' 'M' 'U' 'M' 'M' 'M'
 'M' 'M' 'M' 'A' 'M' 'M' 'U' 'M' 'M' 'M' 'M' 'M' 'U' 'M' 'M' 'M' 'M' 'M'
 'M' 'M' 'M' 'M' 'M' 'M' 'M' 'M' 'M' 'M' 'U' 'M' 'M' 'M' 'M' 'M' 'U' 'M']"
153101,1,167,4,163,31,0,0,"['A' 'M' 'M' 'M' 'M' 'M' 'M' 'M' 'M' 'M' 'M' 'M' 'M' 'M' 'M' 'M' 'M' 'M'
 'M' 'M' 'M' 'M' 'M' 'U' 'U' 'M' 'U' 'M' 'A' 'M' 'M' 'M' 'U' 'M' 'A' 'M'
 'M' 'M' 'M' 'M' 'M' 'M' 'M' 'M' 'M' 'U' 'M' 'M' 'M' 'U' 'M' 'M' 'M' 'M'
 'M' 'M' 'M' 'M' 'M' 'M' 'U' 'M' 'M' 'M' 'M' 'M' 'M' 'M' 'M' 'M' 'M' 'M'
 'U' 'U' 'M' 'M' 'M' 'U' 'M' 'U' 'M' 'M' 'U' 'M' 'M' 'M' 'M' 'M' 'M' 'M'
 'M' 'M' 'M' 'M' 'M' 'M' 'U' 'U' 'M' 'M' 'M' 'M' 'M' 'M' 'M' 'M' 'U' 'M'
 'M' 'M' 'U' 'M' 'M' 'M' 'M' 'M' 'M' 'M' 'M' 'M' 'M' 'M' 'M' 'M' 'U' 'M'
 'U' 'M' 'M' 'M' 'M' 'M' 'U' 'U' 'A' 'U' 'U' 'U' 'U' 'M' 'M' 'M' 'M' 'M'
 'M' 'M' 'M' 'M' 'U' 'M' 'U' 'U' 'M' 'M' 'M' 'M' 'M' 'M' 'M' 'M' 'M' 'M'
 'M' 'M' 'M' 'U' 'M' 'M' 'M' 'M' 'M' 'M' 'M' 'M' 'U' 'M' 'M' 'M' 'M' 'M'
 'M' 'M' 'M' 'M' 'M' 'M' 'M' 'M' 'M' 'M' 'U' 'M' 'M' 'M' 'M' 'M' 'U' 'M']"
153201,0,171,6,165,27,0,0,"['A' 'M' 'M' 'M' 'M' 'M' 'M' 'M' 'M' 'M' 'M' 'M' 'M' 'M' 'M' 'M' 'M' 'M'
 'M' 'M' 'M' 'M' 'M' 'U' 'U' 'M' 'U' 'M' 'A' 'M' 'M' 'M' 'M' 'M' 'A' 'M'
 'M' 'M' 'M' 'M' 'M' 'M' 'M' 'M' 'M' 'U' 'M' 'M' 'M' 'U' 'M' 'M' 'M' 'M'
 'M' 'M' 'M' 'M' 'M' 'M' 'U' 'M' 'M' 'U' 'M' 'U' 'M' 'M' 'M' 'M' 'U' 'M'
 'M' 'M' 'M' 'M' 'M' 'M' 'U' 'M' 'U' 'M' 'U' 'M' 'M' 'M' 'M' 'M' 'M' 'M'
 'M' 'M' 'M' 'M' 'M' 'U' 'M' 'U' 'M' 'M' 'M' 'M' 'M' 'M' 'M' 'M' 'M' 'M'
 'M' 'M' 'M' 'M' 'M' 'M' 'M' 'M' 'M' 'M' 'M' 'M' 'M' 'M' 'M' 'M' 'U' 'M'
 'A' 'M' 'M' 'M' 'M' 'M' 'M' 'U' 'A' 'U' 'U' 'M' 'U' 'M' 'M' 'M' 'M' 'M'
 'M' 'M' 'M' 'M' 'M' 'M' 'U' 'U' 'M' 'M' 'M' 'U' 'M' 'M' 'M' 'M' 'M' 'M'
 'M' 'M' 'M' 'U' 'M' 'M' 'U' 'M' 'M' 'M' 'M' 'M' 'A' 'M' 'M' 'M' 'M' 'M'
 'M' 'M' 'M' 'M' 'U' 'M' 'M' 'M' 'M' 'M' 'M' 'M' 'M' 'M' 'U' 'M' 'U' 'M']"
153301,0,164,4,160,34,0,0,"['A' 'M' 'M' 'M' 'M' 'M' 'M' 'M' 'M' 'M' 'M' 'M' 'M' 'M' 'M' 'M' 'M' 'M'
 'M' 'M' 'M' 'M' 'M' 'U' 'U' 'M' 'U' 'U' 'A' 'M' 'M' 'M' 'M' 'M' 'U' 'U'
 'M' 'M' 'M' 'M' 'M' 'M' 'U' 'M' 'M' 'U' 'M' 'M' 'M' 'M' 'M' 'M' 'M' 'M'
 'M' 'M' 'M' 'M' 'M' 'M' 'U' 'U' 'M' 'U' 'M' 'M' 'M' 'M' 'M' 'M' 'U' 'M'
 'U' 'M' 'M' 'M' 'M' 'M' 'M' 'M' 'M' 'U' 'M' 'M' 'M' 'U' 'M' 'M' 'M' 'U'
 'M' 'M' 'M' 'M' 'M' 'U' 'M' 'U' 'M' 'M' 'M' 'M' 'M' 'M' 'M' 'M' 'M' 'M'
 'M' 'M' 'M' 'M' 'M' 'M' 'M' 'M' 'M' 'M' 'M' 'M' 'M' 'M' 'M' 'M' 'U' 'M'
 'A' 'U' 'M' 'M' 'M' 'U' 'U' 'U' 'U' 'U' 'U' 'M' 'U' 'M' 'M' 'M' 'M' 'M'
 'M' 'M' 'M' 'M' 'M' 'M' 'U' 'U' 'M' 'M' 'M' 'U' 'M' 'M' 'M' 'M' 'M' 'M'
 'M' 'M' 'M' 'U' 'M' 'M' 'U' 'M' 'M' 'M' 'M' 'U' 'A' 'M' 'M' 'M' 'M' 'M'
 'M' 'M' 'M' 'M' 'M' 'M' 'M' 'M' 'M' 'M' 'M' 'M' 'M' 'M' 'M' 'M' 'U' 'M']"
153401,0,164,4,160,34,0,0,"['A' 'M' 'M' 'M' 'M' 'M' 'M' 'M' 'M' 'M' 'M' 'M' 'M' 'M' 'M' 'M' 'M' 'M'
 'M' 'M' 'M' 'M' 'M' 'U' 'U' 'U' 'M' 'M' 'A' 'M' 'M' 'M' 'M' 'M' 'U' 'U'
 'M' 'M' 'M' 'M' 'M' 'M' 'U' 'M' 'M' 'M' 'M' 'M' 'M' 'M' 'M' 'M' 'M' 'M'
 'M' 'M' 'M' 'M' 'M' 'M' 'U' 'U' 'M' 'U' 'M' 'U' 'M' 'U' 'M' 'U' 'M' 'M'
 'M' 'M' 'U' 'M' 'M' 'M' 'M' 'M' 'M' 'M' 'M' 'M' 'M' 'M' 'M' 'U' 'M' 'M'
 'M' 'M' 'M' 'M' 'M' 'M' 'M' 'M' 'M' 'M' 'M' 'M' 'M' 'M' 'M' 'M' 'M' 'M'
 'M' 'M' 'M' 'M' 'M' 'M' 'M' 'M' 'M' 'U' 'M' 'M' 'U' 'M' 'M' 'M' 'U' 'M'
 'A' 'U' 'M' 'M' 'M' 'U' 'U' 'U' 'U' 'U' 'U' 'U' 'U' 'M' 'U' 'M' 'M' 'M'
 'M' 'M' 'M' 'M' 'M' 'M' 'M' 'U' 'M' 'M' 'M' 'U' 'M' 'M' 'M' 'M' 'M' 'M'
 'M' 'M' 'U' 'U' 'M' 'M' 'U' 'M' 'M' 'M' 'M' 'U' 'A' 'M' 'M' 'M' 'M' 'M'
 'M' 'M' 'M' 'M' 'M' 'M' 'M' 'M' 'M' 'M' 'M' 'M' 'M' 'M' 'M' 'M' 'U' 'M']"
153501,0,162,4,158,36,0,0,"['A' 'M' 'M' 'M' 'M' 'M' 'M' 'M' 'U' 'M' 'M' 'M' 'M' 'M' 'M' 'M' 'M' 'M'
 'M' 'M' 'M' 'M' 'U' 'U' 'U' 'U' 'M' 'M' 'A' 'M' 'M' 'M' 'M' 'M' 'U' 'U'
 'M' 'M' 'M' 'M' 'M' 'M' 'U' 'M' 'M' 'M' 'M' 'M' 'M' 'M' 'M' 'M' 'M' 'M'
 'M' 'M' 'M' 'M' 'M' 'U' 'U' 'M' 'U' 'M' 'M' 'M' 'M' 'M' 'M' 'M' 'M' 'M'
 'M' 'M' 'M' 'U' 'M' 'M' 'M' 'U' 'M' 'U' 'M' 'M' 'M' 'M' 'M' 'M' 'M' 'U'
 'M' 'U' 'M' 'M' 'M' 'M' 'M' 'M' 'M' 'M' 'M' 'M' 'M' 'M' 'M' 'M' 'M' 'M'
 'M' 'M' 'M' 'M' 'M' 'M' 'M' 'M' 'M' 'U' 'M' 'M' 'U' 'M' 'M' 'M' 'U' 'M'
 'A' 'U' 'M' 'M' 'M' 'U' 'U' 'U' 'U' 'M' 'U' 'U' 'U' 'M' 'U' 'M' 'M' 'M'
 'M' 'M' 'M' 'M' 'M' 'M' 'M' 'U' 'M' 'M' 'M' 'U' 'M' 'M' 'M' 'M' 'U' 'M'
 'M' 'M' 'U' 'U' 'U' 'M' 'M' 'M' 'M' 'M' 'M' 'U' 'A' 'M' 'M' 'M' 'M' 'M'
 'M' 'M' 'M' 'M' 'M' 'M' 'M' 'M' 'M' 'M' 'M' 'M' 'M' 'M' 'M' 'M' 'U' 'M']"
153601,0,170,3,167,28,1,0,"['A' 'M' 'M' 'M' 'M' 'M' 'M' 'U' 'M' 'M' 'M' 'M' 'M' 'M' 'M' 'M' 'M' 'M'
 'M' 'M' 'U' 'M' 'M' 'M' 'U' 'M' 'M' 'M' 'A' 'M' 'M' 'M' 'M' 'M' 'M' 'U'
 'U' 'M' 'M' 'M' 'M' 'M' 'U' 'M' 'M' 'M' 'M' 'M' 'M' 'M' 'U' 'M' 'M' 'M'
 'M' 'M' 'M' 'M' 'M' 'U' 'M' 'M' 'U' 'M' 'M' 'M' 'U' 'M' 'M' 'M' 'M' 'M'
 'M' 'M' 'M' 'M' 'M' 'U' 'M' 'M' 'U' 'U' 'M' 'M' 'M' 'M' 'M' 'U' 'M' 'M'
 'M' 'M' 'M' 'M' 'M' 'U' 'M' 'M' 'M' 'M' 'M' 'M' 'M' 'M' 'M' 'M' 'M' 'M'
 'M' 'M' 'M' 'M' 'M' 'M' 'M' 'M' 'U' 'U' 'M' 'M' 'M' 'M' 'M' 'M' 'M' 'M'
 'M' 'U' 'M' 'M' 'M' 'M' 'U' 'U' 'M' 'M' 'U' 'U' 'U' 'M' 'M' 'M' 'M' 'M'
 'M' 'M' 'M' 'M' 'M' 'M' 'M' 'M' 'M' 'M' 'M' 'U' 'M' 'M' 'M' 'M' 'M' 'M'
 'M' 'M' 'M' 'U' 'M' 'M' 'M' 'M' 'M' 'M' 'M' 'U' 'A' 'M' 'M' 'M' 'M' 'U'
 'M' 'M' 'M' 'M' 'M' 'M' 'M' 'M' 'M' 'M' 'M' 'M' 'M' 'U' 'M' 'M' 'M' 'M']"
153701,0,169,2,167,29,0,0,"['A' 'M' 'M' 'U' 'M' 'M' 'M' 'M' 'M' 'M' 'M' 'M' 'M' 'M' 'M' 'M' 'M' 'M'
 'M' 'M' 'U' 'M' 'M' 'M' 'U' 'M' 'M' 'M' 'U' 'M' 'M' 'M' 'M' 'M' 'M' 'M'
 'M' 'M' 'M' 'M' 'U' 'M' 'U' 'M' 'M' 'M' 'M' 'M' 'M' 'M' 'U' 'M' 'M' 'M'
 'M' 'M' 'M' 'M' 'M' 'U' 'M' 'M' 'U' 'M' 'U' 'M' 'U' 'U' 'M' 'U' 'M' 'M'
 'M' 'M' 'M' 'M' 'M' 'M' 'M' 'M' 'U' 'M' 'M' 'M' 'M' 'M' 'M' 'M' 'M' 'M'
 'U' 'M' 'M' 'M' 'M' 'M' 'M' 'M' 'M' 'M' 'M' 'M' 'M' 'M' 'M' 'M' 'M' 'M'
 'M' 'M' 'M' 'M' 'M' 'M' 'M' 'M' 'U' 'U' 'M' 'U' 'M' 'M' 'M' 'M' 'M' 'U'
 'M' 'M' 'M' 'M' 'M' 'M' 'U' 'U' 'M' 'M' 'U' 'A' 'M' 'M' 'M' 'M' 'M' 'M'
 'M' 'M' 'M' 'M' 'M' 'M' 'M' 'M' 'M' 'M' 'M' 'U' 'M' 'M' 'M' 'M' 'M' 'M'
 'M' 'M' 'M' 'M' 'M' 'M' 'U' 'M' 'M' 'M' 'M' 'U' 'U' 'M' 'M' 'M' 'M' 'U'
 'M' 'M' 'M' 'M' 'M' 'U' 'M' 'M' 'M' 'M' 'M' 'M' 'M' 'U' 'M' 'M' 'M' 'M']"
153801,0,171,3,168,27,0,0,"['A' 'M' 'M' 'U' 'M' 'M' 'M' 'M' 'M' 'M' 'M' 'M' 'M' 'M' 'M' 'M' 'M' 'M'
 'M' 'M' 'U' 'M' 'M' 'U' 'U' 'M' 'M' 'U' 'U' 'M' 'M' 'M' 'M' 'M' 'M' 'M'
 'M' 'M' 'M' 'M' 'U' 'M' 'U' 'M' 'M' 'M' 'M' 'M' 'M' 'M' 'M' 'M' 'U' 'M'
 'M' 'U' 'M' 'M' 'M' 'U' 'M' 'M' 'U' 'M' 'U' 'M' 'M' 'M' 'M' 'M' 'M' 'M'
 'M' 'U' 'M' 'M' 'M' 'M' 'M' 'M' 'M' 'M' 'M' 'M' 'M' 'M' 'M' 'U' 'U' 'M'
 'M' 'M' 'U' 'U' 'M' 'M' 'M' 'M' 'M' 'M' 'M' 'M' 'M' 'M' 'M' 'M' 'M' 'M'
 'M' 'M' 'M' 'M' 'M' 'M' 'M' 'M' 'U' 'M' 'M' 'M' 'M' 'M' 'M' 'M' 'M' 'M'
 'M' 'M' 'M' 'M' 'M' 'M' 'M' 'U' 'M' 'M' 'A' 'A' 'M' 'M' 'M' 'M' 'M' 'M'
 'M' 'M' 'M' 'M' 'M' 'U' 'M' 'M' 'M' 'M' 'M' 'U' 'M' 'M' 'M' 'M' 'M' 'M'
 'M' 'M' 'M' 'M' 'M' 'M' 'M' 'M' 'M' 'M' 'M' 'U' 'U' 'M' 'M' 'M' 'M' 'U'
 'M' 'M' 'M' 'M' 'M' 'U' 'M' 'M' 'M' 'M' 'M' 'M' 'M' 'U' 'M' 'M' 'M' 'M']"
153901,0,169,4,165,29,0,0,"['A' 'M' 'M' 'U' 'M' 'M' 'M' 'M' 'M' 'M' 'M' 'M' 'M' 'M' 'M' 'M' 'M' 'U'
 'M' 'M' 'U' 'M' 'M' 'U' 'U' 'M' 'M' 'U' 'U' 'A' 'M' 'M' 'M' 'M' 'M' 'M'
 'M' 'M' 'M' 'M' 'U' 'M' 'U' 'M' 'M' 'U' 'M' 'M' 'U' 'M' 'M' 'M' 'M' 'M'
 'M' 'U' 'M' 'M' 'M' 'M' 'M' 'M' 'U' 'M' 'U' 'U' 'M' 'U' 'M' 'M' 'M' 'M'
 'M' 'M' 'M' 'M' 'M' 'M' 'M' 'M' 'M' 'M' 'U' 'M' 'M' 'M' 'M' 'M' 'U' 'M'
 'M' 'M' 'U' 'M' 'M' 'M' 'M' 'M' 'M' 'M' 'M' 'M' 'M' 'M' 'M' 'M' 'M' 'U'
 'M' 'M' 'M' 'M' 'M' 'M' 'M' 'M' 'U' 'M' 'M' 'M' 'M' 'M' 'M' 'M' 'M' 'M'
 'M' 'M' 'M' 'M' 'M' 'M' 'M' 'U' 'M' 'M' 'A' 'A' 'M' 'M' 'M' 'M' 'U' 'M'
 'M' 'M' 'M' 'M' 'M' 'M' 'M' 'M' 'M' 'M' 'M' 'U' 'M' 'M' 'M' 'M' 'U' 'U'
 'M' 'M' 'M' 'M' 'M' 'M' 'M' 'M' 'M' 'M' 'M' 'U' 'U' 'M' 'M' 'M' 'M' 'M'
 'M' 'M' 'M' 'M' 'M' 'M' 'M' 'M' 'M' 'M' 'M' 'M' 'M' 'U' 'M' 'M' 'M' 'M']"
154001,0,163,4,159,35,0,0,"['A' 'M' 'M' 'U' 'U' 'M' 'M' 'M' 'M' 'M' 'M' 'M' 'M' 'M' 'M' 'M' 'M' 'U'
 'M' 'M' 'M' 'M' 'M' 'U' 'U' 'M' 'M' 'U' 'U' 'A' 'M' 'M' 'M' 'M' 'M' 'M'
 'M' 'M' 'M' 'M' 'U' 'M' 'M' 'M' 'M' 'U' 'M' 'M' 'M' 'M' 'M' 'M' 'M' 'M'
 'M' 'U' 'M' 'M' 'M' 'M' 'M' 'M' 'M' 'M' 'U' 'M' 'M' 'M' 'M' 'M' 'M' 'M'
 'M' 'U' 'M' 'M' 'U' 'M' 'M' 'M' 'U' 'M' 'M' 'M' 'M' 'M' 'U' 'M' 'M' 'M'
 'M' 'U' 'M' 'M' 'M' 'M' 'M' 'M' 'M' 'U' 'M' 'M' 'M' 'M' 'M' 'U' 'M' 'U'
 'M' 'M' 'M' 'M' 'U' 'M' 'M' 'M' 'U' 'M' 'M' 'M' 'M' 'M' 'M' 'M' 'M' 'M'
 'M' 'M' 'M' 'M' 'M' 'U' 'U' 'U' 'U' 'U' 'A' 'A' 'U' 'M' 'M' 'M' 'U' 'M'
 'M' 'M' 'M' 'M' 'M' 'M' 'M' 'M' 'M' 'M' 'M' 'M' 'M' 'M' 'M' 'U' 'U' 'U'
 'M' 'M' 'M' 'M' 'M' 'M' 'U' 'M' 'M' 'M' 'M' 'U' 'U' 'M' 'M' 'M' 'M' 'M'
 'M' 'M' 'M' 'M' 'M' 'M' 'M' 'M' 'U' 'M' 'M' 'M' 'M' 'M' 'M' 'M' 'M' 'M']"
154101,0,170,4,166,28,0,0,"['A' 'M' 'M' 'U' 'U' 'M' 'M' 'M' 'M' 'M' 'M' 'M' 'M' 'M' 'M' 'M' 'M' 'M'
 'M' 'M' 'M' 'M' 'M' 'M' 'M' 'M' 'M' 'U' 'U' 'A' 'M' 'M' 'M' 'M' 'M' 'M'
 'M' 'M' 'M' 'U' 'U' 'M' 'M' 'M' 'M' 'U' 'M' 'M' 'M' 'M' 'M' 'M' 'M' 'M'
 'M' 'U' 'M' 'M' 'M' 'M' 'M' 'M' 'M' 'M' 'U' 'M' 'M' 'M' 'U' 'U' 'M' 'M'
 'M' 'U' 'M' 'M' 'M' 'U' 'M' 'M' 'M' 'M' 'M' 'M' 'M' 'M' 'M' 'M' 'M' 'M'
 'U' 'M' 'M' 'M' 'M' 'M' 'M' 'M' 'M' 'M' 'M' 'U' 'M' 'M' 'M' 'M' 'M' 'U'
 'M' 'M' 'M' 'M' 'M' 'M' 'M' 'M' 'U' 'M' 'M' 'M' 'M' 'M' 'M' 'M' 'M' 'M'
 'M' 'M' 'M' 'M' 'M' 'U' 'U' 'M' 'U' 'U' 'A' 'A' 'U' 'M' 'M' 'M' 'M' 'M'
 'M' 'M' 'M' 'M' 'M' 'M' 'M' 'M' 'M' 'M' 'M' 'M' 'M' 'M' 'U' 'U' 'U' 'M'
 'M' 'M' 'M' 'M' 'M' 'M' 'M' 'M' 'M' 'M' 'M' 'M' 'U' 'M' 'M' 'M' 'U' 'M'
 'M' 'M' 'M' 'M' 'M' 'M' 'M' 'M' 'U' 'M' 'M' 'M' 'M' 'M' 'M' 'M' 'M' 'M']"
154201,0,166,3,163,32,0,0,"['A' 'M' 'M' 'U' 'M' 'M' 'M' 'M' 'M' 'M' 'M' 'M' 'M' 'M' 'M' 'M' 'M' 'M'
 'M' 'M' 'M' 'M' 'M' 'M' 'M' 'M' 'M' 'U' 'U' 'A' 'M' 'M' 'M' 'M' 'M' 'M'
 'M' 'M' 'M' 'U' 'M' 'M' 'M' 'M' 'M' 'U' 'M' 'M' 'M' 'M' 'M' 'U' 'U' 'M'
 'M' 'U' 'M' 'U' 'M' 'M' 'M' 'M' 'M' 'M' 'U' 'U' 'U' 'M' 'M' 'U' 'M' 'U'
 'M' 'M' 'M' 'M' 'M' 'M' 'M' 'M' 'M' 'M' 'M' 'M' 'M' 'M' 'M' 'U' 'M' 'M'
 'M' 'M' 'M' 'M' 'M' 'M' 'M' 'M' 'M' 'M' 'M' 'U' 'U' 'M' 'M' 'M' 'M' 'U'
 'M' 'M' 'M' 'M' 'M' 'M' 'M' 'M' 'U' 'M' 'U' 'M' 'U' 'M' 'M' 'M' 'M' 'M'
 'M' 'M' 'M' 'M' 'M' 'M' 'U' 'M' 'U' 'U' 'A' 'U' 'M' 'M' 'M' 'M' 'M' 'M'
 'M' 'M' 'M' 'M' 'M' 'M' 'M' 'M' 'M' 'M' 'M' 'U' 'M' 'M' 'M' 'U' 'U' 'M'
 'M' 'M' 'M' 'M' 'M' 'M' 'M' 'M' 'M' 'M' 'M' 'M' 'U' 'M' 'M' 'M' 'U' 'M'
 'M' 'M' 'M' 'M' 'M' 'M' 'M' 'M' 'U' 'M' 'M' 'M' 'M' 'M' 'M' 'M' 'U' 'M']"
154301,0,164,3,161,34,0,0,"['A' 'M' 'M' 'A' 'M' 'M' 'M' 'M' 'U' 'M' 'M' 'U' 'U' 'M' 'M' 'M' 'M' 'M'
 'M' 'M' 'M' 'M' 'U' 'M' 'M' 'M' 'M' 'U' 'M' 'U' 'M' 'M' 'M' 'M' 'M' 'M'
 'M' 'M' 'M' 'M' 'M' 'M' 'M' 'M' 'U' 'U' 'M' 'M' 'M' 'M' 'M' 'U' 'U' 'M'
 'M' 'U' 'M' 'M' 'M' 'M' 'U' 'M' 'M' 'M' 'U' 'M' 'M' 'U' 'M' 'M' 'M' 'M'
 'M' 'M' 'U' 'M' 'M' 'M' 'M' 'M' 'M' 'M' 'M' 'U' 'U' 'M' 'U' 'M' 'M' 'M'
 'M' 'M' 'M' 'M' 'M' 'M' 'M' 'M' 'M' 'M' 'M' 'U' 'U' 'M' 'M' 'M' 'M' 'U'
 'M' 'M' 'M' 'M' 'M' 'M' 'M' 'M' 'U' 'M' 'M' 'M' 'M' 'M' 'M' 'M' 'M' 'M'
 'M' 'M' 'M' 'M' 'M' 'M' 'M' 'M' 'U' 'U' 'A' 'U' 'M' 'M' 'M' 'M' 'M' 'M'
 'M' 'M' 'M' 'M' 'M' 'M' 'M' 'M' 'M' 'M' 'M' 'M' 'M' 'M' 'M' 'U' 'U' 'M'
 'M' 'M' 'M' 'M' 'M' 'M' 'U' 'M' 'U' 'M' 'M' 'M' 'U' 'M' 'M' 'M' 'U' 'M'
 'M' 'M' 'M' 'M' 'M' 'U' 'M' 'M' 'U' 'M' 'M' 'M' 'M' 'M' 'M' 'M' 'U' 'M']"
154401,0,164,3,161,34,0,0,"['A' 'M' 'M' 'U' 'M' 'M' 'M' 'U' 'U' 'M' 'M' 'U' 'U' 'M' 'M' 'M' 'M' 'M'
 'M' 'M' 'M' 'M' 'M' 'M' 'M' 'M' 'M' 'U' 'M' 'U' 'M' 'M' 'M' 'M' 'M' 'M'
 'M' 'M' 'U' 'M' 'M' 'M' 'M' 'M' 'U' 'M' 'M' 'M' 'M' 'M' 'M' 'U' 'U' 'M'
 'M' 'U' 'M' 'M' 'M' 'M' 'U' 'U' 'M' 'M' 'U' 'M' 'M' 'M' 'M' 'U' 'M' 'M'
 'M' 'M' 'M' 'U' 'M' 'M' 'M' 'M' 'M' 'U' 'M' 'U' 'M' 'M' 'M' 'M' 'M' 'M'
 'M' 'U' 'M' 'M' 'M' 'M' 'M' 'M' 'M' 'M' 'M' 'U' 'U' 'M' 'M' 'M' 'M' 'U'
 'M' 'M' 'M' 'M' 'M' 'M' 'M' 'M' 'A' 'M' 'M' 'M' 'M' 'M' 'M' 'M' 'M' 'U'
 'M' 'M' 'M' 'M' 'M' 'M' 'U' 'M' 'M' 'M' 'A' 'M' 'M' 'M' 'M' 'M' 'M' 'M'
 'M' 'M' 'M' 'M' 'M' 'M' 'M' 'M' 'M' 'M' 'M' 'M' 'M' 'M' 'M' 'U' 'M' 'M'
 'M' 'M' 'M' 'U' 'M' 'M' 'U' 'M' 'M' 'M' 'M' 'M' 'U' 'U' 'M' 'M' 'U' 'M'
 'M' 'M' 'M' 'U' 'M' 'U' 'M' 'M' 'U' 'M' 'M' 'M' 'M' 'M' 'M' 'M' 'M' 'M']"
154501,0,157,3,154,41,0,0,"['A' 'M' 'M' 'U' 'M' 'M' 'U' 'M' 'U' 'U' 'M' 'U' 'U' 'M' 'M' 'M' 'M' 'M'
 'M' 'M' 'M' 'M' 'M' 'M' 'M' 'M' 'M' 'U' 'M' 'M' 'U' 'M' 'M' 'M' 'M' 'M'
 'M' 'M' 'A' 'M' 'M' 'M' 'M' 'M' 'U' 'M' 'M' 'M' 'M' 'M' 'M' 'U' 'U' 'M'
 'M' 'M' 'M' 'M' 'M' 'M' 'U' 'U' 'M' 'M' 'U' 'U' 'M' 'M' 'M' 'U' 'M' 'M'
 'U' 'M' 'M' 'M' 'U' 'M' 'M' 'M' 'M' 'M' 'M' 'U' 'M' 'M' 'M' 'M' 'M' 'M'
 'M' 'M' 'M' 'M' 'M' 'M' 'M' 'M' 'M' 'M' 'M' 'M' 'U' 'M' 'M' 'M' 'M' 'M'
 'M' 'M' 'M' 'M' 'M' 'M' 'M' 'M' 'M' 'M' 'U' 'M' 'M' 'M' 'M' 'M' 'M' 'U'
 'M' 'M' 'M' 'M' 'U' 'U' 'U' 'U' 'U' 'U' 'A' 'U' 'U' 'M' 'M' 'M' 'M' 'M'
 'M' 'M' 'M' 'M' 'M' 'M' 'M' 'M' 'M' 'M' 'M' 'M' 'M' 'M' 'M' 'U' 'M' 'M'
 'M' 'U' 'M' 'U' 'M' 'M' 'U' 'M' 'M' 'M' 'M' 'M' 'M' 'U' 'M' 'M' 'U' 'M'
 'U' 'M' 'M' 'U' 'M' 'U' 'M' 'M' 'M' 'M' 'M' 'U' 'M' 'U' 'M' 'M' 'M' 'M']"
154601,0,161,4,157,37,0,1,"['A' 'M' 'M' 'M' 'M' 'U' 'M' 'M' 'U' 'M' 'M' 'U' 'U' 'M' 'M' 'M' 'M' 'M'
 'M' 'M' 'M' 'M' 'U' 'U' 'M' 'M' 'M' 'U' 'M' 'M' 'M' 'M' 'M' 'M' 'M' 'M'
 'M' 'M' 'A' 'M' 'M' 'M' 'M' 'M' 'U' 'M' 'M' 'M' 'U' 'M' 'M' 'U' 'U' 'M'
 'M' 'U' 'M' 'M' 'M' 'M' 'U' 'U' 'M' 'M' 'U' 'M' 'M' 'M' 'M' 'M' 'M' 'M'
 'M' 'M' 'M' 'M' 'M' 'U' 'M' 'U' 'M' 'M' 'M' 'M' 'U' 'M' 'M' 'U' 'U' 'M'
 'M' 'M' 'M' 'M' 'M' 'M' 'M' 'M' 'M' 'M' 'M' 'M' 'U' 'M' 'M' 'M' 'M' 'M'
 'M' 'M' 'M' 'M' 'U' 'M' 'M' 'M' 'M' 'M' 'U' 'M' 'M' 'M' 'M' 'M' 'M' 'M'
 'M' 'M' 'M' 'M' 'U' 'M' 'U' 'U' 'M' 'M' 'A' 'M' 'A' 'M' 'M' 'M' 'U' 'M'
 'M' 'M' 'M' 'M' 'M' 'M' 'M' 'M' 'M' 'M' 'M' 'M' 'M' 'M' 'M' 'M' 'M' 'M'
 'M' 'U' 'M' 'U' 'U' 'M' 'U' 'M' 'M' 'M' 'M' 'M' 'M' 'U' 'M' 'M' 'U' 'M'
 'U' 'M' 'M' 'M' 'M' 'U' 'M' 'M' 'M' 'M' 'M' 'U' 'M' 'U' 'M' 'M' 'M' 'M']"
154701,0,151,3,148,47,0,0,"['A' 'M' 'M' 'M' 'M' 'M' 'M' 'M' 'U' 'M' 'U' 'U' 'U' 'M' 'M' 'M' 'M' 'M'
 'M' 'M' 'M' 'M' 'U' 'U' 'M' 'M' 'M' 'U' 'M' 'M' 'M' 'M' 'M' 'M' 'U' 'M'
 'M' 'M' 'A' 'M' 'M' 'M' 'U' 'U' 'U' 'M' 'M' 'M' 'M' 'M' 'M' 'U' 'U' 'U'
 'M' 'U' 'M' 'M' 'M' 'M' 'U' 'M' 'M' 'M' 'U' 'M' 'M' 'M' 'M' 'M' 'M' 'M'
 'M' 'M' 'M' 'M' 'M' 'M' 'U' 'M' 'U' 'M' 'U' 'M' 'M' 'M' 'M' 'M' 'M' 'M'
 'M' 'M' 'U' 'U' 'M' 'M' 'M' 'M' 'M' 'M' 'M' 'M' 'U' 'M' 'U' 'M' 'M' 'U'
 'M' 'M' 'M' 'M' 'U' 'M' 'M' 'M' 'M' 'M' 'U' 'M' 'M' 'M' 'M' 'U' 'M' 'M'
 'M' 'M' 'M' 'U' 'U' 'U' 'M' 'U' 'U' 'U' 'A' 'U' 'U' 'M' 'M' 'M' 'U' 'M'
 'U' 'M' 'M' 'M' 'M' 'M' 'M' 'M' 'M' 'M' 'M' 'M' 'M' 'M' 'M' 'M' 'M' 'M'
 'M' 'U' 'M' 'U' 'U' 'M' 'U' 'M' 'M' 'M' 'M' 'M' 'M' 'U' 'M' 'M' 'U' 'M'
 'U' 'M' 'M' 'M' 'M' 'U' 'M' 'M' 'M' 'M' 'M' 'U' 'M' 'M' 'M' 'M' 'M' 'M']"
154801,0,157,8,149,41,0,0,"['A' 'M' 'M' 'M' 'M' 'M' 'M' 'U' 'U' 'M' 'A' 'A' 'M' 'U' 'M' 'M' 'M' 'M'
 'M' 'M' 'M' 'U' 'U' 'U' 'M' 'U' 'M' 'U' 'M' 'M' 'M' 'M' 'M' 'M' 'U' 'M'
 'M' 'M' 'A' 'M' 'M' 'M' 'M' 'M' 'U' 'M' 'M' 'M' 'U' 'U' 'M' 'U' 'U' 'U'
 'M' 'U' 'M' 'M' 'U' 'M' 'M' 'M' 'M' 'M' 'M' 'M' 'M' 'M' 'M' 'M' 'M' 'M'
 'M' 'M' 'M' 'M' 'U' 'M' 'M' 'M' 'M' 'M' 'M' 'U' 'M' 'U' 'M' 'M' 'U' 'M'
 'U' 'M' 'M' 'M' 'M' 'M' 'M' 'M' 'M' 'M' 'M' 'M' 'U' 'M' 'U' 'M' 'M' 'U'
 'M' 'M' 'U' 'M' 'M' 'M' 'M' 'M' 'M' 'M' 'U' 'M' 'M' 'M' 'M' 'U' 'M' 'M'
 'M' 'M' 'M' 'U' 'U' 'A' 'U' 'U' 'A' 'U' 'A' 'A' 'U' 'M' 'M' 'M' 'M' 'M'
 'M' 'M' 'M' 'M' 'M' 'M' 'M' 'M' 'M' 'M' 'M' 'M' 'M' 'M' 'M' 'M' 'M' 'M'
 'M' 'U' 'M' 'U' 'U' 'M' 'U' 'M' 'M' 'M' 'M' 'M' 'M' 'U' 'M' 'M' 'M' 'M'
 'U' 'M' 'M' 'M' 'M' 'M' 'M' 'M' 'M' 'M' 'M' 'U' 'M' 'M' 'M' 'M' 'M' 'M']"
154901,0,158,7,151,40,0,0,"['A' 'M' 'M' 'M' 'M' 'M' 'M' 'U' 'U' 'M' 'A' 'A' 'M' 'U' 'M' 'M' 'M' 'M'
 'M' 'M' 'M' 'U' 'U' 'M' 'M' 'U' 'M' 'U' 'M' 'M' 'M' 'U' 'M' 'M' 'M' 'M'
 'M' 'M' 'U' 'M' 'M' 'M' 'M' 'M' 'U' 'M' 'M' 'M' 'U' 'U' 'M' 'U' 'U' 'M'
 'M' 'U' 'M' 'M' 'U' 'M' 'M' 'M' 'M' 'U' 'M' 'M' 'U' 'U' 'M' 'U' 'M' 'M'
 'U' 'M' 'M' 'M' 'M' 'U' 'M' 'M' 'M' 'M' 'M' 'M' 'M' 'M' 'M' 'M' 'M' 'M'
 'M' 'M' 'M' 'M' 'M' 'M' 'M' 'M' 'M' 'M' 'M' 'M' 'U' 'M' 'U' 'M' 'M' 'M'
 'M' 'M' 'U' 'M' 'M' 'M' 'M' 'M' 'M' 'M' 'U' 'M' 'M' 'M' 'M' 'U' 'M' 'M'
 'M' 'M' 'M' 'M' 'U' 'A' 'U' 'M' 'A' 'U' 'A' 'A' 'M' 'M' 'M' 'M' 'M' 'M'
 'M' 'M' 'M' 'M' 'M' 'M' 'M' 'M' 'M' 'M' 'M' 'U' 'M' 'M' 'M' 'M' 'U' 'M'
 'M' 'U' 'M' 'U' 'U' 'M' 'U' 'M' 'M' 'U' 'M' 'M' 'M' 'U' 'M' 'M' 'M' 'M'
 'M' 'M' 'M' 'M' 'M' 'M' 'M' 'M' 'U' 'M' 'M' 'U' 'M' 'M' 'M' 'M' 'M' 'M']"
155001,0,160,8,152,38,0,0,"['A' 'M' 'M' 'M' 'M' 'M' 'M' 'M' 'U' 'M' 'A' 'A' 'M' 'M' 'M' 'M' 'M' 'M'
 'M' 'M' 'M' 'U' 'U' 'M' 'M' 'M' 'M' 'U' 'M' 'M' 'M' 'U' 'M' 'M' 'M' 'U'
 'M' 'A' 'U' 'M' 'M' 'M' 'M' 'M' 'M' 'M' 'M' 'M' 'U' 'U' 'M' 'U' 'U' 'M'
 'M' 'U' 'M' 'M' 'U' 'M' 'A' 'M' 'M' 'U' 'M' 'U' 'M' 'U' 'M' 'M' 'M' 'M'
 'M' 'M' 'M' 'M' 'M' 'M' 'M' 'M' 'M' 'M' 'M' 'M' 'M' 'M' 'U' 'M' 'U' 'M'
 'M' 'M' 'M' 'U' 'M' 'M' 'M' 'M' 'M' 'M' 'M' 'M' 'U' 'M' 'U' 'M' 'M' 'U'
 'M' 'M' 'M' 'M' 'M' 'M' 'M' 'M' 'M' 'M' 'M' 'M' 'M' 'M' 'M' 'A' 'M' 'M'
 'M' 'M' 'M' 'M' 'U' 'M' 'U' 'U' 'A' 'U' 'A' 'U' 'U' 'M' 'M' 'M' 'M' 'M'
 'M' 'M' 'M' 'M' 'M' 'M' 'M' 'M' 'M' 'M' 'M' 'U' 'M' 'M' 'U' 'U' 'U' 'M'
 'M' 'U' 'M' 'M' 'U' 'M' 'U' 'M' 'M' 'U' 'M' 'U' 'M' 'M' 'M' 'M' 'M' 'M'
 'M' 'M' 'M' 'M' 'M' 'M' 'M' 'M' 'M' 'M' 'M' 'U' 'M' 'M' 'M' 'M' 'M' 'M']"
155101,0,158,6,152,40,0,0,"['A' 'U' 'M' 'M' 'U' 'M' 'M' 'M' 'M' 'M' 'A' 'A' 'M' 'M' 'U' 'M' 'M' 'U'
 'M' 'M' 'M' 'U' 'U' 'M' 'M' 'U' 'M' 'U' 'M' 'M' 'M' 'U' 'M' 'M' 'U' 'U'
 'M' 'U' 'U' 'M' 'M' 'M' 'M' 'M' 'M' 'M' 'M' 'M' 'U' 'M' 'M' 'U' 'U' 'M'
 'M' 'U' 'M' 'M' 'U' 'M' 'A' 'M' 'M' 'M' 'M' 'M' 'M' 'M' 'M' 'M' 'U' 'M'
 'M' 'M' 'M' 'M' 'M' 'M' 'M' 'U' 'M' 'M' 'M' 'M' 'M' 'M' 'M' 'U' 'U' 'M'
 'M' 'M' 'M' 'U' 'M' 'M' 'M' 'M' 'M' 'M' 'M' 'M' 'U' 'M' 'U' 'M' 'M' 'U'
 'M' 'M' 'M' 'M' 'M' 'M' 'M' 'M' 'M' 'M' 'M' 'M' 'M' 'M' 'M' 'U' 'M' 'M'
 'M' 'M' 'M' 'M' 'U' 'M' 'U' 'U' 'U' 'A' 'A' 'M' 'M' 'M' 'M' 'M' 'M' 'M'
 'M' 'M' 'M' 'M' 'M' 'M' 'M' 'M' 'M' 'M' 'M' 'U' 'M' 'U' 'M' 'U' 'U' 'M'
 'M' 'U' 'M' 'M' 'U' 'M' 'U' 'M' 'M' 'M' 'U' 'U' 'M' 'M' 'M' 'M' 'M' 'M'
 'M' 'M' 'M' 'M' 'M' 'M' 'M' 'M' 'M' 'M' 'M' 'M' 'M' 'M' 'M' 'M' 'M' 'M']"
155201,0,162,6,156,36,0,1,"['A' 'M' 'M' 'M' 'M' 'M' 'M' 'M' 'M' 'M' 'A' 'A' 'M' 'M' 'U' 'M' 'M' 'U'
 'M' 'M' 'M' 'M' 'U' 'M' 'U' 'U' 'M' 'U' 'M' 'M' 'M' 'M' 'M' 'M' 'M' 'U'
 'M' 'M' 'U' 'M' 'U' 'M' 'M' 'M' 'M' 'M' 'M' 'M' 'M' 'M' 'M' 'U' 'U' 'M'
 'M' 'U' 'M' 'M' 'U' 'M' 'A' 'M' 'M' 'M' 'M' 'M' 'M' 'M' 'M' 'M' 'M' 'U'
 'M' 'M' 'M' 'U' 'M' 'M' 'M' 'U' 'M' 'M' 'M' 'M' 'M' 'M' 'M' 'M' 'M' 'M'
 'U' 'M' 'M' 'M' 'U' 'M' 'M' 'M' 'M' 'M' 'M' 'M' 'U' 'M' 'U' 'M' 'M' 'U'
 'U' 'M' 'M' 'M' 'M' 'M' 'M' 'M' 'M' 'M' 'M' 'M' 'M' 'M' 'M' 'U' 'M' 'M'
 'M' 'M' 'M' 'M' 'U' 'M' 'U' 'U' 'U' 'U' 'A' 'M' 'M' 'M' 'M' 'M' 'M' 'M'
 'M' 'M' 'M' 'M' 'M' 'M' 'M' 'M' 'M' 'M' 'M' 'U' 'M' 'U' 'M' 'U' 'M' 'M'
 'M' 'U' 'M' 'M' 'M' 'M' 'U' 'M' 'M' 'M' 'U' 'U' 'M' 'M' 'M' 'M' 'M' 'A'
 'M' 'M' 'M' 'M' 'M' 'M' 'M' 'M' 'M' 'M' 'M' 'M' 'M' 'M' 'U' 'M' 'M' 'M']"
155301,0,164,6,158,34,0,0,"['A' 'M' 'M' 'M' 'M' 'U' 'M' 'M' 'M' 'M' 'A' 'A' 'M' 'M' 'U' 'M' 'M' 'U'
 'M' 'M' 'M' 'M' 'M' 'M' 'M' 'U' 'M' 'U' 'M' 'M' 'M' 'M' 'M' 'M' 'M' 'U'
 'M' 'M' 'U' 'M' 'M' 'M' 'U' 'U' 'M' 'M' 'M' 'M' 'M' 'M' 'A' 'U' 'M' 'M'
 'M' 'U' 'M' 'M' 'M' 'M' 'U' 'M' 'M' 'M' 'M' 'M' 'M' 'U' 'M' 'M' 'U' 'M'
 'M' 'M' 'M' 'M' 'M' 'M' 'M' 'M' 'M' 'M' 'M' 'M' 'M' 'M' 'M' 'M' 'U' 'M'
 'U' 'M' 'M' 'U' 'M' 'M' 'M' 'M' 'M' 'M' 'M' 'M' 'M' 'M' 'U' 'M' 'M' 'U'
 'M' 'M' 'M' 'M' 'U' 'M' 'M' 'M' 'M' 'M' 'M' 'M' 'M' 'M' 'M' 'U' 'M' 'M'
 'M' 'M' 'M' 'M' 'U' 'M' 'U' 'U' 'U' 'U' 'A' 'M' 'M' 'M' 'M' 'M' 'M' 'M'
 'M' 'M' 'M' 'M' 'M' 'M' 'M' 'M' 'M' 'M' 'M' 'M' 'M' 'M' 'M' 'U' 'M' 'M'
 'M' 'U' 'M' 'M' 'M' 'M' 'U' 'M' 'M' 'M' 'U' 'U' 'M' 'M' 'M' 'M' 'M' 'A'
 'M' 'M' 'M' 'U' 'M' 'M' 'M' 'M' 'M' 'M' 'M' 'M' 'M' 'M' 'U' 'M' 'M' 'U']"
155401,0,164,6,158,34,0,1,"['A' 'M' 'M' 'M' 'M' 'U' 'M' 'M' 'M' 'M' 'A' 'A' 'M' 'M' 'U' 'M' 'M' 'U'
 'M' 'M' 'M' 'M' 'M' 'M' 'M' 'U' 'U' 'M' 'M' 'U' 'M' 'M' 'M' 'M' 'M' 'M'
 'M' 'M' 'M' 'M' 'M' 'M' 'M' 'U' 'M' 'M' 'M' 'M' 'M' 'M' 'A' 'U' 'M' 'M'
 'M' 'U' 'M' 'M' 'M' 'M' 'U' 'U' 'M' 'M' 'M' 'M' 'M' 'M' 'U' 'M' 'U' 'M'
 'M' 'M' 'M' 'M' 'M' 'M' 'M' 'M' 'M' 'M' 'M' 'M' 'M' 'U' 'U' 'M' 'M' 'M'
 'U' 'M' 'M' 'M' 'M' 'M' 'M' 'M' 'M' 'M' 'M' 'M' 'M' 'M' 'U' 'M' 'M' 'M'
 'M' 'M' 'U' 'M' 'U' 'M' 'M' 'M' 'U' 'M' 'M' 'M' 'M' 'M' 'M' 'U' 'M' 'M'
 'M' 'M' 'M' 'M' 'U' 'M' 'U' 'U' 'U' 'U' 'A' 'M' 'M' 'M' 'M' 'M' 'M' 'M'
 'M' 'M' 'M' 'M' 'M' 'M' 'M' 'U' 'M' 'M' 'M' 'M' 'M' 'M' 'M' 'U' 'M' 'M'
 'M' 'U' 'M' 'M' 'M' 'M' 'U' 'M' 'M' 'M' 'M' 'U' 'M' 'M' 'M' 'M' 'M' 'A'
 'M' 'M' 'M' 'U' 'M' 'M' 'M' 'M' 'M' 'M' 'M' 'M' 'M' 'M' 'U' 'M' 'M' 'U']"
155501,0,167,6,161,31,0,0,"['A' 'M' 'M' 'M' 'M' 'U' 'M' 'M' 'M' 'M' 'A' 'A' 'M' 'M' 'U' 'M' 'M' 'U'
 'M' 'M' 'M' 'M' 'M' 'M' 'M' 'U' 'M' 'M' 'M' 'U' 'M' 'M' 'M' 'M' 'M' 'M'
 'M' 'M' 'M' 'M' 'M' 'M' 'M' 'A' 'M' 'M' 'M' 'M' 'M' 'M' 'U' 'M' 'M' 'M'
 'M' 'U' 'M' 'M' 'M' 'M' 'M' 'U' 'M' 'M' 'M' 'U' 'M' 'M' 'M' 'M' 'M' 'M'
 'U' 'M' 'M' 'M' 'M' 'M' 'M' 'M' 'M' 'M' 'M' 'M' 'M' 'M' 'U' 'M' 'U' 'M'
 'M' 'U' 'M' 'M' 'M' 'M' 'M' 'M' 'M' 'M' 'M' 'M' 'M' 'M' 'U' 'M' 'U' 'M'
 'M' 'M' 'U' 'M' 'U' 'M' 'M' 'M' 'U' 'M' 'M' 'M' 'M' 'M' 'M' 'U' 'M' 'M'
 'M' 'M' 'M' 'M' 'U' 'M' 'U' 'U' 'U' 'U' 'A' 'M' 'M' 'M' 'M' 'M' 'M' 'M'
 'M' 'M' 'M' 'M' 'M' 'M' 'M' 'U' 'M' 'M' 'M' 'M' 'M' 'M' 'M' 'U' 'M' 'M'
 'M' 'M' 'M' 'M' 'M' 'M' 'U' 'M' 'M' 'M' 'M' 'U' 'M' 'M' 'M' 'M' 'M' 'A'
 'M' 'M' 'M' 'M' 'M' 'M' 'U' 'M' 'M' 'M' 'M' 'M' 'M' 'M' 'U' 'M' 'M' 'U']"
155601,0,165,5,160,33,0,0,"['A' 'M' 'M' 'M' 'M' 'U' 'M' 'M' 'M' 'M' 'A' 'U' 'M' 'M' 'U' 'M' 'M' 'U'
 'U' 'M' 'M' 'M' 'M' 'M' 'M' 'M' 'M' 'M' 'M' 'U' 'U' 'M' 'M' 'M' 'M' 'M'
 'M' 'M' 'M' 'M' 'M' 'M' 'M' 'A' 'M' 'M' 'M' 'M' 'M' 'U' 'U' 'M' 'M' 'M'
 'M' 'U' 'M' 'M' 'M' 'M' 'M' 'M' 'M' 'M' 'M' 'M' 'M' 'M' 'M' 'M' 'M' 'M'
 'M' 'M' 'U' 'M' 'M' 'M' 'M' 'M' 'M' 'U' 'M' 'U' 'M' 'M' 'M' 'M' 'U' 'M'
 'U' 'M' 'M' 'M' 'M' 'M' 'M' 'M' 'M' 'M' 'M' 'M' 'M' 'M' 'M' 'M' 'M' 'M'
 'M' 'M' 'M' 'M' 'U' 'M' 'M' 'M' 'M' 'M' 'U' 'M' 'M' 'M' 'M' 'U' 'M' 'M'
 'M' 'M' 'M' 'M' 'M' 'U' 'U' 'U' 'U' 'U' 'A' 'U' 'U' 'M' 'M' 'M' 'U' 'M'
 'M' 'M' 'M' 'M' 'M' 'M' 'M' 'U' 'M' 'M' 'M' 'M' 'M' 'M' 'M' 'U' 'M' 'M'
 'M' 'M' 'M' 'M' 'M' 'M' 'U' 'M' 'M' 'M' 'M' 'U' 'M' 'M' 'M' 'M' 'M' 'A'
 'M' 'M' 'M' 'M' 'M' 'M' 'U' 'M' 'M' 'M' 'M' 'M' 'M' 'M' 'U' 'M' 'M' 'U']"
155701,0,168,6,162,30,0,1,"['A' 'M' 'U' 'M' 'M' 'M' 'M' 'M' 'M' 'M' 'A' 'U' 'M' 'M' 'A' 'M' 'M' 'U'
 'U' 'M' 'M' 'M' 'M' 'M' 'M' 'M' 'M' 'M' 'M' 'U' 'U' 'M' 'M' 'M' 'M' 'M'
 'M' 'M' 'M' 'M' 'U' 'M' 'M' 'A' 'M' 'M' 'M' 'M' 'M' 'M' 'U' 'M' 'M' 'M'
 'M' 'U' 'M' 'M' 'M' 'M' 'M' 'M' 'M' 'M' 'M' 'M' 'M' 'U' 'M' 'M' 'M' 'M'
 'M' 'M' 'M' 'M' 'U' 'M' 'U' 'M' 'M' 'M' 'M' 'M' 'M' 'M' 'U' 'M' 'M' 'U'
 'M' 'M' 'M' 'M' 'M' 'M' 'M' 'U' 'M' 'M' 'M' 'M' 'M' 'M' 'M' 'M' 'M' 'M'
 'M' 'M' 'M' 'M' 'M' 'M' 'M' 'M' 'M' 'M' 'U' 'M' 'M' 'M' 'M' 'U' 'M' 'M'
 'M' 'U' 'M' 'M' 'M' 'U' 'U' 'M' 'U' 'U' 'A' 'U' 'U' 'M' 'M' 'M' 'M' 'M'
 'M' 'M' 'M' 'M' 'M' 'M' 'M' 'U' 'U' 'M' 'M' 'M' 'M' 'M' 'M' 'U' 'M' 'M'
 'M' 'M' 'M' 'M' 'M' 'M' 'M' 'M' 'M' 'M' 'U' 'M' 'M' 'M' 'M' 'M' 'M' 'A'
 'M' 'M' 'M' 'M' 'M' 'M' 'M' 'M' 'M' 'M' 'M' 'M' 'M' 'M' 'U' 'M' 'M' 'U']"
155801,0,167,6,161,31,0,0,"['A' 'M' 'M' 'M' 'M' 'M' 'M' 'M' 'M' 'U' 'A' 'U' 'M' 'M' 'A' 'M' 'M' 'U'
 'U' 'M' 'M' 'M' 'M' 'M' 'M' 'M' 'U' 'M' 'M' 'U' 'U' 'M' 'M' 'M' 'M' 'M'
 'M' 'M' 'U' 'M' 'U' 'M' 'M' 'A' 'M' 'M' 'M' 'U' 'M' 'M' 'U' 'M' 'M' 'M'
 'M' 'U' 'U' 'M' 'M' 'M' 'M' 'M' 'M' 'M' 'M' 'M' 'M' 'M' 'M' 'M' 'M' 'U'
 'M' 'M' 'M' 'M' 'M' 'M' 'U' 'M' 'M' 'M' 'M' 'U' 'U' 'M' 'M' 'M' 'M' 'M'
 'U' 'M' 'M' 'M' 'M' 'U' 'M' 'U' 'M' 'M' 'M' 'M' 'M' 'M' 'M' 'M' 'M' 'M'
 'M' 'M' 'M' 'M' 'M' 'M' 'M' 'M' 'M' 'M' 'U' 'M' 'M' 'M' 'M' 'U' 'U' 'M'
 'M' 'U' 'M' 'M' 'M' 'U' 'U' 'M' 'U' 'M' 'A' 'M' 'M' 'M' 'M' 'M' 'M' 'M'
 'M' 'M' 'M' 'M' 'M' 'M' 'M' 'U' 'M' 'M' 'M' 'M' 'M' 'M' 'M' 'M' 'M' 'M'
 'M' 'M' 'M' 'M' 'M' 'M' 'M' 'M' 'M' 'M' 'U' 'M' 'U' 'U' 'M' 'M' 'M' 'A'
 'M' 'M' 'M' 'M' 'M' 'M' 'M' 'M' 'M' 'M' 'M' 'M' 'M' 'M' 'M' 'M' 'M' 'M']"
155901,0,162,6,156,36,1,0,"['A' 'M' 'M' 'U' 'M' 'M' 'M' 'M' 'M' 'U' 'A' 'U' 'M' 'M' 'A' 'M' 'M' 'U'
 'U' 'M' 'M' 'M' 'M' 'M' 'M' 'M' 'U' 'M' 'M' 'U' 'U' 'M' 'M' 'M' 'M' 'M'
 'M' 'M' 'U' 'M' 'U' 'M' 'M' 'A' 'M' 'M' 'M' 'M' 'M' 'M' 'U' 'M' 'M' 'M'
 'U' 'U' 'U' 'M' 'M' 'U' 'M' 'M' 'M' 'M' 'M' 'M' 'M' 'M' 'M' 'U' 'M' 'M'
 'M' 'M' 'M' 'U' 'M' 'M' 'U' 'M' 'U' 'M' 'M' 'M' 'M' 'M' 'M' 'M' 'M' 'M'
 'M' 'U' 'M' 'M' 'M' 'U' 'M' 'U' 'M' 'M' 'U' 'M' 'M' 'M' 'M' 'M' 'M' 'M'
 'M' 'M' 'M' 'U' 'M' 'M' 'M' 'M' 'M' 'M' 'U' 'M' 'M' 'M' 'M' 'U' 'M' 'M'
 'M' 'M' 'M' 'M' 'M' 'U' 'U' 'M' 'U' 'M' 'A' 'M' 'M' 'M' 'M' 'M' 'M' 'U'
 'M' 'M' 'M' 'M' 'M' 'M' 'M' 'U' 'M' 'M' 'M' 'M' 'M' 'M' 'U' 'M' 'M' 'U'
 'M' 'M' 'M' 'M' 'M' 'M' 'M' 'M' 'M' 'M' 'M' 'M' 'U' 'U' 'M' 'M' 'M' 'A'
 'M' 'M' 'M' 'M' 'M' 'M' 'M' 'M' 'M' 'M' 'U' 'M' 'M' 'M' 'M' 'M' 'M' 'M']"
156001,0,159,5,154,39,0,0,"['A' 'U' 'M' 'M' 'M' 'M' 'M' 'M' 'M' 'U' 'A' 'U' 'M' 'M' 'M' 'M' 'M' 'U'
 'U' 'M' 'M' 'M' 'M' 'M' 'M' 'M' 'U' 'M' 'M' 'U' 'U' 'M' 'M' 'M' 'U' 'M'
 'M' 'M' 'U' 'M' 'U' 'M' 'M' 'A' 'M' 'M' 'M' 'M' 'M' 'M' 'U' 'M' 'M' 'M'
 'M' 'U' 'U' 'U' 'M' 'U' 'U' 'M' 'M' 'M' 'M' 'M' 'M' 'M' 'M' 'M' 'M' 'M'
 'U' 'M' 'U' 'M' 'M' 'M' 'M' 'M' 'M' 'M' 'M' 'M' 'M' 'U' 'M' 'M' 'U' 'U'
 'M' 'M' 'M' 'M' 'M' 'U' 'M' 'U' 'M' 'M' 'U' 'M' 'M' 'M' 'M' 'M' 'M' 'M'
 'M' 'M' 'M' 'M' 'M' 'M' 'M' 'M' 'M' 'M' 'U' 'M' 'M' 'M' 'M' 'U' 'M' 'M'
 'M' 'M' 'M' 'M' 'M' 'U' 'U' 'M' 'U' 'U' 'A' 'M' 'M' 'M' 'M' 'M' 'M' 'U'
 'M' 'U' 'U' 'M' 'M' 'M' 'M' 'M' 'M' 'M' 'M' 'M' 'M' 'M' 'U' 'M' 'M' 'U'
 'U' 'M' 'M' 'M' 'M' 'M' 'M' 'M' 'M' 'M' 'M' 'U' 'U' 'M' 'M' 'M' 'M' 'A'
 'M' 'M' 'M' 'M' 'M' 'M' 'M' 'M' 'M' 'M' 'M' 'M' 'M' 'M' 'M' 'M' 'M' 'M']"
156101,0,163,4,159,35,0,0,"['A' 'M' 'M' 'M' 'M' 'M' 'M' 'M' 'M' 'U' 'A' 'M' 'M' 'M' 'M' 'M' 'M' 'U'
 'M' 'U' 'M' 'M' 'M' 'M' 'M' 'M' 'U' 'M' 'M' 'M' 'U' 'M' 'M' 'M' 'U' 'M'
 'M' 'M' 'M' 'M' 'U' 'M' 'M' 'A' 'M' 'M' 'M' 'M' 'M' 'M' 'U' 'U' 'M' 'M'
 'M' 'U' 'U' 'U' 'M' 'U' 'U' 'M' 'M' 'M' 'M' 'M' 'M' 'M' 'M' 'U' 'M' 'M'
 'M' 'M' 'U' 'M' 'M' 'M' 'M' 'M' 'M' 'M' 'M' 'M' 'U' 'M' 'M' 'M' 'U' 'M'
 'M' 'M' 'U' 'M' 'M' 'M' 'M' 'M' 'M' 'U' 'U' 'M' 'M' 'M' 'M' 'M' 'M' 'M'
 'M' 'M' 'U' 'M' 'U' 'M' 'M' 'M' 'M' 'M' 'U' 'M' 'M' 'M' 'M' 'U' 'M' 'M'
 'M' 'M' 'M' 'M' 'M' 'M' 'U' 'M' 'M' 'U' 'U' 'U' 'M' 'M' 'M' 'M' 'M' 'M'
 'M' 'M' 'U' 'M' 'M' 'U' 'M' 'M' 'M' 'M' 'M' 'M' 'M' 'M' 'U' 'M' 'M' 'M'
 'U' 'M' 'M' 'M' 'M' 'M' 'M' 'M' 'M' 'M' 'M' 'M' 'U' 'M' 'M' 'M' 'M' 'A'
 'M' 'M' 'M' 'M' 'M' 'M' 'M' 'M' 'M' 'M' 'M' 'M' 'M' 'M' 'M' 'M' 'M' 'U']"
156201,0,163,4,159,35,0,0,"['A' 'M' 'M' 'M' 'U' 'M' 'M' 'U' 'M' 'U' 'A' 'M' 'M' 'M' 'M' 'M' 'M' 'U'
 'M' 'A' 'M' 'U' 'M' 'M' 'M' 'M' 'U' 'M' 'M' 'M' 'U' 'M' 'M' 'M' 'M' 'M'
 'M' 'M' 'U' 'M' 'U' 'M' 'M' 'U' 'M' 'M' 'M' 'M' 'M' 'M' 'M' 'U' 'M' 'M'
 'M' 'M' 'U' 'U' 'M' 'U' 'U' 'M' 'M' 'M' 'M' 'M' 'U' 'M' 'M' 'M' 'U' 'M'
 'M' 'M' 'M' 'M' 'M' 'M' 'M' 'U' 'M' 'M' 'M' 'M' 'M' 'U' 'M' 'M' 'M' 'M'
 'M' 'M' 'M' 'M' 'U' 'M' 'M' 'M' 'M' 'M' 'U' 'M' 'M' 'M' 'M' 'M' 'M' 'M'
 'M' 'M' 'U' 'M' 'U' 'M' 'M' 'M' 'M' 'M' 'U' 'M' 'M' 'M' 'M' 'M' 'M' 'M'
 'M' 'M' 'M' 'M' 'M' 'M' 'M' 'M' 'M' 'U' 'U' 'M' 'M' 'M' 'M' 'U' 'U' 'M'
 'M' 'M' 'U' 'M' 'M' 'M' 'M' 'M' 'M' 'M' 'M' 'M' 'M' 'M' 'U' 'M' 'M' 'M'
 'U' 'M' 'M' 'M' 'M' 'M' 'M' 'M' 'M' 'M' 'M' 'M' 'M' 'M' 'M' 'U' 'M' 'A'
 'M' 'U' 'M' 'M' 'M' 'U' 'M' 'U' 'M' 'M' 'M' 'M' 'M' 'M' 'M' 'M' 'M' 'M']"
156301,0,164,4,160,34,0,0,"['A' 'M' 'M' 'M' 'U' 'M' 'M' 'U' 'M' 'U' 'A' 'M' 'M' 'M' 'M' 'M' 'M' 'U'
 'M' 'A' 'M' 'U' 'M' 'M' 'M' 'M' 'U' 'M' 'M' 'M' 'U' 'M' 'M' 'M' 'M' 'M'
 'M' 'M' 'U' 'M' 'U' 'M' 'M' 'U' 'M' 'M' 'M' 'M' 'M' 'M' 'M' 'M' 'M' 'M'
 'M' 'M' 'M' 'U' 'M' 'U' 'U' 'M' 'M' 'M' 'M' 'M' 'M' 'M' 'M' 'M' 'M' 'M'
 'M' 'M' 'M' 'M' 'U' 'U' 'M' 'M' 'U' 'M' 'M' 'U' 'U' 'M' 'M' 'M' 'M' 'M'
 'M' 'M' 'M' 'M' 'M' 'M' 'M' 'M' 'M' 'M' 'M' 'M' 'M' 'M' 'M' 'M' 'M' 'M'
 'M' 'M' 'M' 'U' 'U' 'M' 'M' 'M' 'M' 'M' 'U' 'M' 'M' 'M' 'M' 'M' 'M' 'M'
 'M' 'M' 'M' 'M' 'M' 'M' 'M' 'M' 'M' 'U' 'U' 'M' 'M' 'M' 'M' 'U' 'U' 'M'
 'U' 'M' 'U' 'M' 'M' 'M' 'U' 'M' 'M' 'M' 'M' 'M' 'U' 'M' 'U' 'M' 'M' 'M'
 'U' 'M' 'M' 'M' 'M' 'M' 'U' 'M' 'M' 'M' 'M' 'M' 'M' 'M' 'M' 'M' 'M' 'A'
 'M' 'U' 'M' 'M' 'M' 'U' 'M' 'M' 'M' 'M' 'M' 'M' 'M' 'M' 'M' 'M' 'M' 'M']"
156401,0,164,4,160,34,0,0,"['A' 'M' 'M' 'M' 'U' 'M' 'U' 'M' 'M' 'U' 'A' 'M' 'M' 'M' 'M' 'M' 'M' 'U'
 'M' 'A' 'M' 'U' 'M' 'M' 'M' 'M' 'U' 'M' 'M' 'M' 'M' 'M' 'M' 'M' 'M' 'M'
 'M' 'M' 'U' 'M' 'M' 'M' 'M' 'M' 'M' 'M' 'M' 'M' 'M' 'M' 'M' 'M' 'M' 'M'
 'M' 'M' 'M' 'M' 'M' 'U' 'M' 'M' 'M' 'M' 'M' 'M' 'M' 'M' 'M' 'M' 'M' 'M'
 'M' 'M' 'U' 'M' 'M' 'M' 'M' 'U' 'M' 'M' 'M' 'M' 'U' 'M' 'M' 'M' 'U' 'M'
 'M' 'M' 'M' 'M' 'U' 'M' 'M' 'M' 'M' 'M' 'M' 'U' 'M' 'M' 'M' 'M' 'M' 'M'
 'M' 'M' 'M' 'U' 'U' 'M' 'M' 'M' 'M' 'M' 'U' 'U' 'M' 'M' 'M' 'M' 'M' 'M'
 'M' 'M' 'M' 'M' 'M' 'U' 'M' 'M' 'U' 'U' 'U' 'M' 'M' 'M' 'M' 'U' 'U' 'M'
 'U' 'M' 'U' 'M' 'M' 'M' 'U' 'M' 'M' 'M' 'M' 'U' 'U' 'M' 'U' 'M' 'U' 'M'
 'U' 'M' 'M' 'M' 'M' 'M' 'U' 'M' 'M' 'M' 'M' 'M' 'M' 'M' 'M' 'M' 'M' 'A'
 'M' 'M' 'M' 'M' 'M' 'U' 'M' 'M' 'M' 'M' 'M' 'M' 'M' 'M' 'M' 'M' 'M' 'M']"
156501,0,161,3,158,37,1,0,"['A' 'U' 'M' 'M' 'U' 'M' 'M' 'M' 'M' 'M' 'A' 'M' 'M' 'M' 'M' 'M' 'U' 'M'
 'M' 'U' 'M' 'U' 'M' 'M' 'U' 'M' 'U' 'M' 'M' 'M' 'M' 'M' 'M' 'M' 'M' 'M'
 'M' 'M' 'U' 'M' 'M' 'M' 'M' 'M' 'M' 'M' 'M' 'M' 'M' 'M' 'M' 'M' 'M' 'M'
 'M' 'M' 'M' 'M' 'M' 'U' 'M' 'M' 'M' 'M' 'M' 'M' 'U' 'M' 'M' 'M' 'M' 'M'
 'M' 'M' 'M' 'U' 'M' 'M' 'M' 'M' 'U' 'U' 'U' 'M' 'M' 'M' 'M' 'M' 'M' 'M'
 'M' 'M' 'M' 'M' 'M' 'M' 'M' 'M' 'M' 'M' 'U' 'U' 'M' 'M' 'M' 'M' 'M' 'M'
 'U' 'M' 'U' 'U' 'M' 'M' 'M' 'M' 'M' 'M' 'U' 'M' 'M' 'M' 'M' 'M' 'M' 'M'
 'M' 'M' 'M' 'M' 'M' 'U' 'U' 'U' 'U' 'U' 'U' 'U' 'U' 'M' 'M' 'M' 'U' 'M'
 'U' 'M' 'U' 'M' 'M' 'M' 'U' 'M' 'M' 'M' 'M' 'U' 'M' 'M' 'M' 'M' 'M' 'M'
 'U' 'M' 'M' 'M' 'M' 'M' 'M' 'M' 'M' 'M' 'M' 'M' 'U' 'M' 'M' 'M' 'M' 'A'
 'M' 'M' 'M' 'M' 'M' 'U' 'M' 'M' 'U' 'M' 'M' 'M' 'M' 'M' 'M' 'M' 'M' 'M']"
156601,0,164,2,162,34,0,0,"['A' 'U' 'M' 'M' 'M' 'M' 'M' 'M' 'M' 'M' 'U' 'M' 'M' 'M' 'M' 'M' 'U' 'M'
 'M' 'U' 'M' 'U' 'M' 'M' 'U' 'M' 'U' 'M' 'M' 'M' 'M' 'M' 'M' 'U' 'M' 'M'
 'M' 'M' 'U' 'M' 'M' 'M' 'M' 'M' 'M' 'M' 'M' 'M' 'M' 'M' 'M' 'M' 'M' 'M'
 'M' 'M' 'M' 'M' 'M' 'U' 'M' 'M' 'M' 'M' 'M' 'M' 'M' 'U' 'M' 'M' 'M' 'M'
 'M' 'U' 'M' 'M' 'M' 'U' 'M' 'M' 'M' 'M' 'M' 'M' 'M' 'M' 'M' 'M' 'M' 'U'
 'M' 'M' 'M' 'M' 'U' 'M' 'M' 'M' 'U' 'M' 'U' 'U' 'M' 'M' 'M' 'M' 'M' 'M'
 'U' 'M' 'U' 'U' 'M' 'M' 'M' 'M' 'M' 'M' 'M' 'M' 'M' 'M' 'M' 'M' 'M' 'U'
 'M' 'M' 'M' 'M' 'M' 'U' 'M' 'U' 'M' 'M' 'M' 'U' 'U' 'M' 'M' 'M' 'U' 'M'
 'M' 'M' 'M' 'M' 'M' 'M' 'U' 'M' 'M' 'M' 'M' 'U' 'M' 'M' 'M' 'M' 'M' 'U'
 'U' 'M' 'M' 'M' 'M' 'M' 'M' 'M' 'M' 'M' 'M' 'M' 'M' 'M' 'M' 'M' 'M' 'A'
 'M' 'M' 'M' 'M' 'M' 'U' 'M' 'M' 'U' 'M' 'M' 'M' 'M' 'M' 'M' 'U' 'M' 'M']"
156701,0,167,1,166,31,0,0,"['A' 'U' 'M' 'U' 'M' 'M' 'M' 'M' 'M' 'M' 'U' 'M' 'M' 'M' 'M' 'M' 'M' 'M'
 'M' 'M' 'M' 'U' 'M' 'M' 'M' 'M' 'U' 'M' 'M' 'M' 'M' 'M' 'M' 'U' 'M' 'M'
 'M' 'M' 'U' 'M' 'M' 'M' 'M' 'M' 'M' 'M' 'M' 'M' 'M' 'M' 'U' 'M' 'M' 'M'
 'M' 'M' 'M' 'M' 'M' 'U' 'M' 'M' 'M' 'M' 'M' 'U' 'M' 'M' 'M' 'M' 'U' 'U'
 'M' 'M' 'M' 'M' 'M' 'M' 'M' 'M' 'M' 'M' 'U' 'M' 'M' 'M' 'M' 'M' 'M' 'U'
 'M' 'M' 'M' 'M' 'M' 'M' 'M' 'M' 'M' 'M' 'U' 'U' 'M' 'M' 'M' 'M' 'M' 'M'
 'U' 'U' 'M' 'U' 'M' 'M' 'M' 'M' 'M' 'M' 'U' 'U' 'M' 'M' 'M' 'M' 'M' 'M'
 'U' 'M' 'M' 'M' 'M' 'U' 'M' 'U' 'M' 'M' 'M' 'M' 'U' 'M' 'M' 'M' 'M' 'M'
 'M' 'M' 'U' 'M' 'M' 'M' 'U' 'M' 'M' 'M' 'M' 'M' 'M' 'M' 'M' 'M' 'M' 'U'
 'M' 'M' 'M' 'M' 'M' 'M' 'M' 'M' 'M' 'M' 'M' 'M' 'M' 'U' 'M' 'M' 'M' 'M'
 'M' 'M' 'M' 'M' 'M' 'U' 'M' 'M' 'U' 'M' 'M' 'M' 'M' 'M' 'M' 'M' 'M' 'M']"
156801,0,170,1,169,28,0,0,"['A' 'U' 'M' 'U' 'M' 'M' 'M' 'M' 'M' 'M' 'U' 'M' 'M' 'U' 'M' 'M' 'M' 'M'
 'M' 'M' 'M' 'U' 'M' 'M' 'M' 'M' 'M' 'M' 'M' 'M' 'M' 'M' 'M' 'U' 'M' 'M'
 'M' 'M' 'M' 'M' 'M' 'M' 'M' 'M' 'M' 'M' 'M' 'M' 'M' 'M' 'U' 'M' 'U' 'U'
 'M' 'M' 'M' 'M' 'M' 'M' 'M' 'M' 'M' 'M' 'M' 'M' 'M' 'M' 'M' 'M' 'U' 'M'
 'U' 'M' 'M' 'M' 'M' 'M' 'M' 'M' 'M' 'M' 'M' 'M' 'M' 'U' 'U' 'M' 'U' 'M'
 'M' 'M' 'M' 'M' 'M' 'M' 'M' 'M' 'M' 'M' 'U' 'U' 'M' 'M' 'M' 'M' 'M' 'M'
 'U' 'U' 'M' 'M' 'M' 'M' 'M' 'M' 'M' 'M' 'M' 'U' 'M' 'M' 'M' 'M' 'M' 'M'
 'M' 'M' 'M' 'M' 'M' 'M' 'M' 'U' 'U' 'M' 'M' 'M' 'U' 'M' 'M' 'M' 'M' 'M'
 'M' 'M' 'U' 'M' 'M' 'M' 'U' 'M' 'U' 'M' 'M' 'M' 'M' 'M' 'M' 'M' 'M' 'U'
 'M' 'M' 'U' 'M' 'M' 'M' 'M' 'M' 'M' 'M' 'M' 'M' 'M' 'M' 'M' 'M' 'M' 'M'
 'M' 'M' 'M' 'M' 'M' 'M' 'M' 'M' 'U' 'M' 'M' 'M' 'M' 'M' 'M' 'M' 'M' 'M']"
156901,0,176,1,175,22,1,0,"['A' 'U' 'M' 'U' 'M' 'M' 'M' 'U' 'M' 'M' 'M' 'M' 'M' 'U' 'M' 'M' 'M' 'M'
 'M' 'M' 'M' 'M' 'M' 'M' 'M' 'M' 'M' 'M' 'M' 'M' 'M' 'M' 'M' 'U' 'M' 'M'
 'M' 'M' 'M' 'M' 'M' 'M' 'M' 'M' 'M' 'M' 'M' 'M' 'M' 'M' 'U' 'M' 'U' 'M'
 'M' 'M' 'M' 'M' 'M' 'M' 'M' 'M' 'M' 'M' 'M' 'M' 'M' 'M' 'U' 'U' 'M' 'M'
 'M' 'M' 'M' 'M' 'M' 'M' 'M' 'M' 'M' 'M' 'M' 'M' 'M' 'M' 'M' 'M' 'M' 'M'
 'M' 'U' 'M' 'U' 'U' 'M' 'M' 'M' 'M' 'M' 'U' 'U' 'M' 'M' 'M' 'M' 'M' 'M'
 'M' 'M' 'M' 'M' 'M' 'M' 'M' 'M' 'M' 'M' 'M' 'M' 'M' 'M' 'M' 'M' 'M' 'M'
 'M' 'M' 'M' 'M' 'M' 'M' 'M' 'U' 'U' 'M' 'M' 'M' 'U' 'M' 'M' 'M' 'M' 'M'
 'M' 'M' 'U' 'M' 'M' 'M' 'M' 'M' 'M' 'M' 'M' 'M' 'M' 'M' 'M' 'M' 'M' 'U'
 'M' 'M' 'M' 'M' 'M' 'M' 'M' 'M' 'M' 'M' 'M' 'M' 'M' 'M' 'M' 'M' 'M' 'M'
 'M' 'U' 'M' 'M' 'M' 'M' 'M' 'M' 'U' 'M' 'M' 'U' 'M' 'M' 'M' 'M' 'M' 'M']"
157001,0,175,3,172,23,0,0,"['A' 'U' 'M' 'U' 'M' 'M' 'M' 'M' 'U' 'M' 'M' 'M' 'M' 'U' 'M' 'M' 'M' 'M'
 'U' 'M' 'M' 'M' 'M' 'M' 'M' 'M' 'M' 'M' 'M' 'M' 'M' 'M' 'M' 'U' 'M' 'M'
 'M' 'M' 'M' 'M' 'M' 'M' 'M' 'M' 'M' 'M' 'M' 'M' 'M' 'M' 'U' 'U' 'M' 'M'
 'M' 'M' 'M' 'M' 'M' 'M' 'M' 'M' 'M' 'M' 'M' 'M' 'M' 'M' 'M' 'M' 'M' 'M'
 'M' 'M' 'U' 'M' 'M' 'U' 'M' 'M' 'M' 'U' 'M' 'M' 'M' 'M' 'U' 'M' 'M' 'M'
 'U' 'M' 'M' 'M' 'M' 'M' 'M' 'M' 'M' 'M' 'M' 'U' 'M' 'M' 'M' 'M' 'M' 'M'
 'M' 'M' 'M' 'M' 'M' 'M' 'M' 'M' 'M' 'M' 'M' 'M' 'M' 'M' 'M' 'M' 'M' 'M'
 'M' 'M' 'M' 'M' 'M' 'M' 'M' 'U' 'U' 'M' 'M' 'M' 'U' 'M' 'M' 'M' 'M' 'M'
 'M' 'M' 'U' 'U' 'M' 'M' 'M' 'M' 'M' 'M' 'M' 'M' 'M' 'M' 'M' 'M' 'M' 'U'
 'M' 'M' 'M' 'M' 'M' 'M' 'M' 'M' 'M' 'U' 'M' 'M' 'M' 'M' 'M' 'M' 'M' 'M'
 'M' 'U' 'M' 'M' 'M' 'M' 'A' 'M' 'M' 'M' 'U' 'A' 'M' 'M' 'M' 'M' 'M' 'M']"
157101,0,173,1,172,25,0,0,"['A' 'U' 'M' 'M' 'M' 'M' 'M' 'M' 'U' 'M' 'M' 'M' 'M' 'M' 'M' 'M' 'U' 'M'
 'M' 'M' 'M' 'M' 'M' 'M' 'M' 'M' 'M' 'M' 'M' 'M' 'M' 'U' 'M' 'U' 'M' 'U'
 'M' 'M' 'M' 'M' 'M' 'M' 'M' 'M' 'M' 'M' 'M' 'M' 'M' 'M' 'U' 'U' 'M' 'M'
 'M' 'M' 'M' 'M' 'M' 'M' 'M' 'M' 'M' 'M' 'M' 'M' 'M' 'M' 'M' 'M' 'U' 'M'
 'M' 'U' 'M' 'U' 'M' 'M' 'M' 'M' 'M' 'M' 'M' 'M' 'M' 'M' 'M' 'M' 'M' 'U'
 'M' 'U' 'M' 'M' 'M' 'M' 'M' 'M' 'M' 'M' 'M' 'M' 'M' 'M' 'M' 'M' 'M' 'M'
 'M' 'M' 'M' 'M' 'M' 'M' 'M' 'M' 'M' 'M' 'M' 'M' 'M' 'M' 'M' 'M' 'M' 'M'
 'M' 'M' 'M' 'M' 'M' 'M' 'M' 'U' 'U' 'M' 'M' 'M' 'M' 'M' 'M' 'M' 'M' 'M'
 'U' 'M' 'M' 'U' 'M' 'M' 'M' 'M' 'M' 'M' 'M' 'M' 'M' 'M' 'M' 'M' 'M' 'U'
 'M' 'M' 'M' 'M' 'M' 'M' 'M' 'M' 'M' 'U' 'M' 'M' 'M' 'M' 'M' 'M' 'M' 'M'
 'M' 'U' 'M' 'M' 'U' 'M' 'U' 'U' 'M' 'M' 'U' 'U' 'M' 'M' 'M' 'M' 'M' 'M']"
157201,0,173,1,172,25,0,0,"['A' 'U' 'M' 'M' 'M' 'M' 'M' 'M' 'M' 'M' 'M' 'M' 'M' 'M' 'M' 'M' 'U' 'M'
 'M' 'M' 'M' 'M' 'M' 'M' 'M' 'M' 'M' 'M' 'M' 'M' 'M' 'M' 'M' 'U' 'M' 'U'
 'M' 'M' 'M' 'U' 'M' 'M' 'M' 'M' 'M' 'M' 'M' 'M' 'M' 'M' 'U' 'U' 'M' 'M'
 'M' 'M' 'M' 'M' 'M' 'M' 'M' 'M' 'M' 'M' 'M' 'M' 'M' 'M' 'M' 'U' 'M' 'M'
 'U' 'U' 'M' 'M' 'M' 'U' 'M' 'M' 'M' 'M' 'M' 'M' 'M' 'U' 'M' 'M' 'M' 'M'
 'M' 'M' 'M' 'M' 'M' 'M' 'M' 'M' 'M' 'M' 'M' 'M' 'M' 'M' 'M' 'M' 'M' 'M'
 'M' 'M' 'M' 'M' 'M' 'M' 'M' 'M' 'M' 'M' 'M' 'M' 'M' 'M' 'M' 'M' 'M' 'M'
 'M' 'M' 'U' 'M' 'U' 'M' 'M' 'U' 'U' 'M' 'M' 'M' 'M' 'M' 'M' 'M' 'M' 'M'
 'U' 'U' 'M' 'M' 'M' 'M' 'M' 'M' 'M' 'M' 'M' 'M' 'M' 'M' 'M' 'M' 'M' 'U'
 'M' 'M' 'M' 'M' 'M' 'M' 'M' 'M' 'M' 'U' 'M' 'M' 'M' 'M' 'M' 'M' 'M' 'M'
 'M' 'U' 'M' 'M' 'M' 'M' 'U' 'U' 'M' 'M' 'U' 'U' 'M' 'M' 'M' 'M' 'M' 'M']"
157301,1,172,3,169,26,0,0,"['A' 'U' 'M' 'M' 'M' 'M' 'M' 'M' 'M' 'M' 'M' 'M' 'M' 'M' 'M' 'M' 'M' 'M'
 'M' 'M' 'M' 'M' 'M' 'M' 'U' 'M' 'M' 'M' 'M' 'M' 'M' 'M' 'M' 'M' 'M' 'M'
 'M' 'M' 'M' 'U' 'M' 'M' 'M' 'M' 'M' 'M' 'M' 'M' 'M' 'M' 'U' 'M' 'M' 'M'
 'M' 'M' 'M' 'M' 'M' 'M' 'M' 'M' 'M' 'M' 'M' 'M' 'M' 'M' 'M' 'U' 'M' 'M'
 'U' 'M' 'M' 'U' 'M' 'M' 'M' 'M' 'M' 'M' 'M' 'U' 'M' 'M' 'M' 'M' 'U' 'M'
 'M' 'M' 'M' 'M' 'M' 'M' 'M' 'M' 'M' 'M' 'M' 'U' 'M' 'M' 'M' 'M' 'M' 'M'
 'M' 'M' 'M' 'M' 'M' 'M' 'M' 'M' 'U' 'M' 'M' 'M' 'M' 'M' 'M' 'M' 'M' 'M'
 'M' 'M' 'M' 'U' 'U' 'U' 'U' 'A' 'U' 'U' 'U' 'U' 'U' 'M' 'M' 'M' 'M' 'M'
 'M' 'A' 'M' 'M' 'M' 'M' 'M' 'M' 'M' 'M' 'M' 'M' 'M' 'M' 'M' 'M' 'M' 'U'
 'M' 'M' 'M' 'M' 'M' 'M' 'M' 'M' 'M' 'U' 'M' 'M' 'M' 'M' 'M' 'M' 'M' 'M'
 'M' 'U' 'M' 'M' 'M' 'M' 'M' 'M' 'M' 'M' 'U' 'U' 'M' 'M' 'M' 'M' 'M' 'U']"
157401,0,169,4,165,29,0,1,"['A' 'M' 'M' 'M' 'M' 'M' 'M' 'M' 'M' 'M' 'M' 'M' 'M' 'M' 'M' 'M' 'M' 'M'
 'M' 'M' 'M' 'M' 'M' 'M' 'M' 'M' 'M' 'M' 'M' 'M' 'M' 'M' 'M' 'M' 'M' 'M'
 'M' 'M' 'M' 'U' 'M' 'U' 'M' 'M' 'M' 'M' 'M' 'M' 'M' 'M' 'U' 'M' 'M' 'M'
 'M' 'M' 'M' 'M' 'M' 'M' 'M' 'M' 'M' 'M' 'M' 'M' 'M' 'U' 'U' 'M' 'M' 'M'
 'M' 'M' 'M' 'M' 'M' 'M' 'U' 'M' 'M' 'M' 'M' 'M' 'M' 'U' 'M' 'M' 'M' 'M'
 'M' 'M' 'M' 'M' 'U' 'M' 'M' 'M' 'M' 'M' 'U' 'A' 'U' 'M' 'M' 'M' 'M' 'M'
 'M' 'U' 'M' 'M' 'M' 'M' 'M' 'M' 'U' 'M' 'M' 'M' 'M' 'M' 'M' 'M' 'M' 'M'
 'M' 'M' 'M' 'U' 'U' 'U' 'U' 'A' 'U' 'U' 'M' 'M' 'M' 'M' 'M' 'M' 'M' 'M'
 'M' 'A' 'U' 'M' 'M' 'M' 'M' 'M' 'M' 'M' 'U' 'M' 'M' 'M' 'M' 'M' 'M' 'U'
 'M' 'M' 'M' 'M' 'M' 'U' 'M' 'M' 'M' 'U' 'M' 'M' 'M' 'M' 'M' 'U' 'M' 'M'
 'M' 'U' 'M' 'M' 'M' 'M' 'M' 'M' 'M' 'M' 'U' 'U' 'M' 'M' 'M' 'U' 'M' 'U']"
157501,1,170,9,161,28,0,0,"['A' 'M' 'M' 'M' 'M' 'M' 'M' 'M' 'M' 'U' 'M' 'M' 'M' 'M' 'M' 'M' 'M' 'M'
 'M' 'M' 'U' 'M' 'M' 'M' 'M' 'M' 'M' 'M' 'M' 'M' 'M' 'M' 'M' 'M' 'M' 'M'
 'M' 'M' 'M' 'U' 'M' 'M' 'M' 'M' 'M' 'M' 'M' 'M' 'U' 'M' 'A' 'M' 'M' 'M'
 'M' 'M' 'M' 'M' 'M' 'M' 'M' 'M' 'M' 'M' 'M' 'M' 'M' 'M' 'M' 'M' 'U' 'M'
 'M' 'U' 'M' 'M' 'M' 'M' 'U' 'M' 'M' 'M' 'U' 'M' 'M' 'M' 'U' 'M' 'M' 'M'
 'M' 'M' 'M' 'M' 'M' 'M' 'M' 'M' 'M' 'M' 'U' 'A' 'A' 'M' 'M' 'M' 'M' 'M'
 'M' 'U' 'M' 'M' 'M' 'M' 'M' 'M' 'U' 'M' 'M' 'M' 'M' 'M' 'U' 'M' 'M' 'M'
 'U' 'M' 'M' 'U' 'U' 'A' 'U' 'A' 'U' 'A' 'M' 'U' 'M' 'M' 'M' 'M' 'M' 'M'
 'M' 'A' 'A' 'M' 'M' 'M' 'M' 'M' 'M' 'M' 'U' 'M' 'M' 'M' 'M' 'M' 'M' 'U'
 'M' 'M' 'M' 'M' 'M' 'U' 'M' 'M' 'M' 'U' 'M' 'M' 'M' 'M' 'M' 'U' 'M' 'M'
 'M' 'U' 'M' 'M' 'M' 'U' 'M' 'M' 'M' 'M' 'M' 'U' 'M' 'M' 'M' 'M' 'M' 'U']"
157601,0,161,7,154,37,0,0,"['A' 'M' 'M' 'M' 'M' 'M' 'M' 'M' 'M' 'M' 'M' 'M' 'M' 'M' 'M' 'M' 'M' 'M'
 'M' 'M' 'U' 'M' 'M' 'M' 'U' 'M' 'M' 'M' 'M' 'M' 'M' 'M' 'M' 'M' 'M' 'M'
 'U' 'M' 'M' 'U' 'M' 'M' 'M' 'M' 'M' 'M' 'M' 'M' 'M' 'M' 'A' 'M' 'M' 'M'
 'M' 'U' 'U' 'M' 'M' 'M' 'M' 'M' 'M' 'M' 'M' 'M' 'M' 'M' 'U' 'U' 'M' 'M'
 'M' 'U' 'M' 'M' 'U' 'M' 'M' 'M' 'M' 'M' 'M' 'M' 'M' 'U' 'M' 'M' 'M' 'M'
 'M' 'M' 'M' 'M' 'M' 'M' 'M' 'U' 'M' 'M' 'U' 'A' 'A' 'M' 'M' 'M' 'M' 'M'
 'M' 'U' 'M' 'M' 'M' 'M' 'M' 'M' 'U' 'M' 'M' 'M' 'M' 'U' 'M' 'M' 'M' 'M'
 'U' 'M' 'U' 'U' 'M' 'A' 'M' 'U' 'U' 'U' 'U' 'M' 'U' 'M' 'M' 'M' 'M' 'M'
 'M' 'A' 'A' 'M' 'U' 'M' 'M' 'M' 'M' 'M' 'U' 'M' 'M' 'M' 'U' 'U' 'M' 'U'
 'M' 'M' 'M' 'M' 'M' 'U' 'M' 'M' 'M' 'M' 'M' 'M' 'M' 'U' 'M' 'U' 'M' 'M'
 'M' 'U' 'M' 'M' 'M' 'U' 'M' 'M' 'M' 'M' 'M' 'U' 'M' 'M' 'U' 'M' 'M' 'U']"
157701,1,154,6,148,44,0,1,"['A' 'M' 'M' 'M' 'M' 'M' 'M' 'M' 'M' 'M' 'M' 'M' 'M' 'M' 'M' 'M' 'M' 'M'
 'M' 'M' 'U' 'M' 'M' 'M' 'U' 'U' 'M' 'M' 'M' 'M' 'M' 'M' 'M' 'M' 'M' 'M'
 'U' 'M' 'U' 'U' 'M' 'M' 'M' 'U' 'U' 'M' 'M' 'M' 'M' 'M' 'A' 'M' 'M' 'M'
 'M' 'U' 'U' 'M' 'M' 'M' 'M' 'U' 'M' 'M' 'M' 'M' 'M' 'M' 'M' 'M' 'M' 'M'
 'U' 'M' 'M' 'M' 'M' 'M' 'M' 'U' 'U' 'M' 'M' 'M' 'M' 'U' 'M' 'M' 'M' 'M'
 'M' 'M' 'M' 'U' 'M' 'M' 'M' 'U' 'M' 'M' 'U' 'A' 'A' 'M' 'M' 'M' 'M' 'U'
 'M' 'M' 'M' 'M' 'M' 'M' 'M' 'M' 'U' 'M' 'M' 'M' 'M' 'U' 'M' 'M' 'M' 'M'
 'U' 'M' 'U' 'M' 'M' 'A' 'U' 'U' 'U' 'U' 'M' 'M' 'U' 'M' 'M' 'M' 'M' 'M'
 'M' 'U' 'A' 'M' 'U' 'M' 'M' 'M' 'M' 'M' 'U' 'M' 'M' 'M' 'U' 'U' 'M' 'U'
 'M' 'M' 'M' 'M' 'M' 'U' 'U' 'M' 'M' 'M' 'M' 'M' 'M' 'M' 'U' 'U' 'M' 'M'
 'M' 'U' 'U' 'M' 'M' 'U' 'M' 'M' 'M' 'M' 'M' 'U' 'M' 'M' 'U' 'M' 'M' 'U']"
157801,0,152,3,149,46,0,0,"['A' 'M' 'M' 'M' 'M' 'M' 'M' 'M' 'M' 'M' 'M' 'M' 'M' 'M' 'M' 'M' 'M' 'U'
 'M' 'M' 'M' 'M' 'M' 'M' 'U' 'U' 'M' 'M' 'M' 'M' 'M' 'M' 'U' 'M' 'M' 'M'
 'U' 'M' 'M' 'U' 'M' 'M' 'M' 'U' 'U' 'M' 'M' 'M' 'M' 'M' 'U' 'M' 'M' 'M'
 'M' 'U' 'U' 'M' 'M' 'M' 'M' 'U' 'M' 'M' 'M' 'U' 'M' 'U' 'M' 'M' 'U' 'M'
 'M' 'M' 'M' 'M' 'M' 'M' 'M' 'M' 'M' 'M' 'M' 'U' 'M' 'M' 'M' 'M' 'U' 'M'
 'M' 'M' 'M' 'M' 'M' 'M' 'M' 'U' 'M' 'M' 'U' 'A' 'M' 'M' 'M' 'M' 'M' 'U'
 'M' 'M' 'M' 'M' 'M' 'M' 'M' 'M' 'U' 'M' 'M' 'M' 'M' 'U' 'M' 'M' 'M' 'M'
 'U' 'M' 'U' 'M' 'M' 'A' 'M' 'U' 'U' 'U' 'U' 'U' 'U' 'M' 'M' 'M' 'M' 'M'
 'M' 'U' 'U' 'M' 'M' 'M' 'U' 'M' 'M' 'M' 'U' 'M' 'M' 'M' 'U' 'U' 'M' 'M'
 'M' 'M' 'M' 'M' 'M' 'U' 'U' 'M' 'M' 'M' 'M' 'M' 'M' 'M' 'U' 'U' 'M' 'M'
 'M' 'U' 'U' 'M' 'U' 'M' 'M' 'M' 'M' 'M' 'M' 'U' 'M' 'M' 'U' 'U' 'M' 'M']"
157901,0,162,3,159,36,0,0,"['A' 'M' 'M' 'M' 'M' 'M' 'M' 'M' 'M' 'M' 'M' 'M' 'M' 'M' 'M' 'M' 'M' 'M'
 'M' 'M' 'M' 'M' 'M' 'M' 'U' 'U' 'M' 'M' 'M' 'M' 'M' 'M' 'U' 'M' 'M' 'M'
 'U' 'M' 'M' 'U' 'M' 'M' 'M' 'M' 'M' 'M' 'M' 'M' 'M' 'M' 'M' 'M' 'M' 'M'
 'M' 'U' 'U' 'M' 'M' 'M' 'M' 'U' 'M' 'M' 'M' 'M' 'M' 'M' 'M' 'M' 'M' 'M'
 'M' 'M' 'M' 'M' 'M' 'M' 'M' 'M' 'M' 'M' 'M' 'M' 'M' 'M' 'U' 'M' 'U' 'U'
 'M' 'U' 'M' 'M' 'U' 'M' 'M' 'M' 'M' 'M' 'U' 'A' 'M' 'M' 'M' 'M' 'M' 'U'
 'M' 'U' 'M' 'M' 'M' 'U' 'M' 'M' 'M' 'M' 'M' 'M' 'M' 'U' 'M' 'M' 'M' 'M'
 'M' 'M' 'U' 'M' 'M' 'A' 'M' 'M' 'U' 'M' 'U' 'U' 'U' 'M' 'M' 'M' 'M' 'M'
 'M' 'U' 'U' 'M' 'M' 'M' 'U' 'M' 'M' 'U' 'U' 'M' 'M' 'M' 'U' 'U' 'M' 'M'
 'M' 'M' 'M' 'M' 'M' 'M' 'M' 'M' 'M' 'M' 'M' 'M' 'M' 'M' 'U' 'U' 'M' 'U'
 'M' 'M' 'M' 'M' 'U' 'M' 'M' 'M' 'M' 'M' 'M' 'U' 'M' 'M' 'U' 'M' 'M' 'M']"
158001,0,168,4,164,30,0,1,"['A' 'M' 'M' 'M' 'M' 'M' 'U' 'M' 'M' 'M' 'M' 'M' 'M' 'M' 'M' 'M' 'M' 'M'
 'M' 'M' 'M' 'M' 'M' 'M' 'U' 'U' 'M' 'M' 'M' 'M' 'M' 'M' 'U' 'M' 'M' 'M'
 'M' 'M' 'M' 'U' 'M' 'M' 'M' 'M' 'M' 'M' 'M' 'M' 'M' 'M' 'M' 'M' 'M' 'M'
 'M' 'U' 'U' 'M' 'M' 'M' 'M' 'M' 'M' 'M' 'M' 'M' 'M' 'M' 'M' 'M' 'M' 'M'
 'M' 'M' 'M' 'M' 'U' 'M' 'M' 'M' 'M' 'M' 'M' 'U' 'M' 'M' 'M' 'U' 'U' 'M'
 'M' 'M' 'M' 'U' 'M' 'M' 'M' 'M' 'M' 'M' 'M' 'A' 'M' 'A' 'M' 'M' 'M' 'U'
 'M' 'U' 'M' 'M' 'M' 'U' 'M' 'M' 'M' 'M' 'M' 'M' 'M' 'M' 'M' 'M' 'M' 'M'
 'M' 'M' 'U' 'M' 'M' 'A' 'M' 'M' 'U' 'M' 'M' 'U' 'U' 'M' 'M' 'M' 'M' 'M'
 'M' 'U' 'M' 'M' 'M' 'M' 'U' 'M' 'M' 'U' 'U' 'M' 'M' 'M' 'M' 'U' 'M' 'U'
 'M' 'M' 'M' 'M' 'M' 'M' 'M' 'M' 'M' 'M' 'M' 'M' 'M' 'M' 'U' 'U' 'M' 'U'
 'M' 'M' 'M' 'M' 'U' 'M' 'M' 'M' 'M' 'M' 'M' 'U' 'M' 'M' 'M' 'M' 'M' 'M']"
158101,0,164,3,161,34,0,0,"['A' 'M' 'M' 'M' 'M' 'M' 'U' 'M' 'M' 'M' 'M' 'M' 'M' 'M' 'U' 'M' 'M' 'M'
 'M' 'M' 'U' 'M' 'M' 'M' 'U' 'U' 'M' 'M' 'M' 'M' 'M' 'M' 'U' 'M' 'M' 'M'
 'M' 'M' 'M' 'U' 'M' 'M' 'M' 'M' 'M' 'M' 'M' 'M' 'M' 'U' 'M' 'M' 'M' 'M'
 'M' 'U' 'U' 'M' 'M' 'M' 'M' 'M' 'M' 'M' 'M' 'U' 'M' 'M' 'M' 'M' 'M' 'M'
 'M' 'M' 'M' 'U' 'M' 'M' 'M' 'M' 'M' 'U' 'M' 'M' 'M' 'M' 'M' 'M' 'M' 'M'
 'U' 'M' 'U' 'M' 'M' 'M' 'M' 'M' 'M' 'M' 'M' 'A' 'M' 'A' 'M' 'M' 'M' 'U'
 'M' 'M' 'M' 'M' 'M' 'M' 'M' 'U' 'M' 'U' 'M' 'M' 'M' 'M' 'M' 'M' 'M' 'M'
 'M' 'M' 'U' 'M' 'M' 'U' 'M' 'M' 'U' 'M' 'M' 'U' 'U' 'M' 'M' 'M' 'M' 'M'
 'M' 'U' 'M' 'M' 'M' 'M' 'U' 'M' 'M' 'U' 'U' 'M' 'M' 'M' 'M' 'U' 'M' 'U'
 'M' 'M' 'M' 'M' 'U' 'M' 'M' 'M' 'M' 'M' 'M' 'M' 'M' 'M' 'M' 'U' 'M' 'M'
 'M' 'M' 'M' 'M' 'U' 'M' 'M' 'M' 'M' 'M' 'M' 'U' 'M' 'M' 'M' 'U' 'M' 'M']"
158201,0,165,3,162,33,0,0,"['A' 'M' 'M' 'M' 'M' 'U' 'M' 'M' 'M' 'M' 'M' 'M' 'M' 'M' 'M' 'M' 'M' 'M'
 'M' 'M' 'U' 'M' 'M' 'M' 'U' 'U' 'M' 'M' 'M' 'M' 'M' 'M' 'M' 'M' 'U' 'M'
 'M' 'M' 'M' 'U' 'M' 'M' 'M' 'M' 'M' 'M' 'M' 'U' 'M' 'U' 'M' 'M' 'M' 'U'
 'M' 'U' 'U' 'M' 'M' 'M' 'M' 'M' 'U' 'U' 'M' 'M' 'M' 'M' 'U' 'M' 'M' 'U'
 'U' 'M' 'M' 'M' 'M' 'M' 'M' 'M' 'M' 'U' 'M' 'M' 'M' 'M' 'M' 'M' 'M' 'M'
 'U' 'M' 'M' 'M' 'M' 'M' 'M' 'M' 'M' 'M' 'M' 'A' 'M' 'A' 'M' 'M' 'M' 'U'
 'M' 'M' 'M' 'M' 'M' 'M' 'M' 'U' 'M' 'M' 'M' 'M' 'M' 'M' 'M' 'M' 'M' 'M'
 'M' 'M' 'M' 'M' 'M' 'M' 'M' 'M' 'M' 'M' 'M' 'M' 'M' 'M' 'M' 'M' 'M' 'M'
 'M' 'U' 'M' 'M' 'M' 'M' 'U' 'U' 'M' 'U' 'U' 'M' 'M' 'M' 'M' 'U' 'M' 'U'
 'M' 'M' 'M' 'M' 'U' 'M' 'M' 'M' 'M' 'M' 'M' 'M' 'M' 'M' 'M' 'U' 'M' 'M'
 'M' 'M' 'M' 'M' 'U' 'M' 'M' 'M' 'M' 'M' 'M' 'U' 'M' 'M' 'M' 'U' 'M' 'U']"
158301,0,167,2,165,31,0,0,"['A' 'M' 'M' 'M' 'M' 'U' 'M' 'M' 'U' 'M' 'M' 'M' 'M' 'M' 'M' 'M' 'M' 'M'
 'M' 'M' 'U' 'M' 'M' 'M' 'M' 'M' 'M' 'M' 'M' 'M' 'M' 'M' 'M' 'M' 'U' 'M'
 'M' 'M' 'M' 'U' 'M' 'M' 'M' 'M' 'M' 'M' 'M' 'U' 'M' 'U' 'M' 'M' 'M' 'U'
 'M' 'U' 'U' 'M' 'M' 'M' 'M' 'M' 'U' 'M' 'M' 'M' 'M' 'U' 'M' 'M' 'M' 'M'
 'M' 'M' 'M' 'M' 'M' 'M' 'M' 'M' 'M' 'M' 'M' 'U' 'U' 'U' 'M' 'M' 'M' 'M'
 'M' 'M' 'M' 'U' 'M' 'M' 'M' 'M' 'M' 'M' 'M' 'U' 'M' 'A' 'M' 'M' 'M' 'U'
 'M' 'M' 'M' 'M' 'M' 'M' 'M' 'U' 'M' 'M' 'M' 'M' 'M' 'M' 'M' 'M' 'M' 'M'
 'M' 'M' 'M' 'M' 'M' 'M' 'M' 'M' 'M' 'M' 'M' 'M' 'M' 'U' 'U' 'M' 'M' 'M'
 'M' 'U' 'M' 'M' 'M' 'M' 'U' 'M' 'M' 'U' 'M' 'M' 'M' 'M' 'M' 'U' 'M' 'U'
 'M' 'M' 'M' 'M' 'M' 'M' 'M' 'M' 'M' 'M' 'M' 'M' 'M' 'M' 'M' 'U' 'M' 'M'
 'M' 'M' 'M' 'M' 'U' 'M' 'M' 'M' 'U' 'M' 'M' 'U' 'M' 'M' 'M' 'U' 'M' 'M']"
158401,0,166,1,165,32,0,1,"['A' 'U' 'M' 'M' 'U' 'U' 'M' 'M' 'U' 'M' 'M' 'M' 'M' 'M' 'M' 'M' 'M' 'M'
 'M' 'M' 'U' 'M' 'M' 'M' 'M' 'M' 'M' 'M' 'M' 'M' 'M' 'M' 'M' 'M' 'M' 'M'
 'M' 'M' 'M' 'U' 'M' 'M' 'M' 'M' 'M' 'M' 'M' 'M' 'M' 'M' 'M' 'U' 'M' 'M'
 'M' 'U' 'U' 'M' 'M' 'U' 'M' 'M' 'U' 'U' 'M' 'U' 'M' 'M' 'M' 'M' 'M' 'M'
 'U' 'M' 'M' 'M' 'M' 'M' 'U' 'M' 'M' 'U' 'M' 'M' 'M' 'M' 'M' 'M' 'M' 'M'
 'M' 'M' 'M' 'M' 'U' 'M' 'M' 'M' 'M' 'M' 'M' 'U' 'M' 'U' 'M' 'M' 'M' 'U'
 'M' 'M' 'M' 'M' 'M' 'M' 'M' 'U' 'M' 'M' 'M' 'M' 'M' 'M' 'M' 'M' 'M' 'M'
 'M' 'M' 'M' 'M' 'M' 'M' 'M' 'M' 'M' 'M' 'M' 'M' 'M' 'U' 'U' 'M' 'M' 'M'
 'M' 'U' 'M' 'M' 'M' 'M' 'M' 'M' 'M' 'U' 'M' 'M' 'M' 'M' 'M' 'U' 'M' 'U'
 'M' 'M' 'M' 'M' 'M' 'M' 'M' 'M' 'M' 'M' 'M' 'M' 'M' 'M' 'M' 'U' 'M' 'M'
 'M' 'M' 'U' 'M' 'U' 'M' 'M' 'M' 'U' 'M' 'M' 'M' 'M' 'M' 'M' 'M' 'M' 'U']"
158501,0,165,2,163,33,0,0,"['A' 'U' 'M' 'M' 'M' 'A' 'M' 'M' 'M' 'M' 'M' 'M' 'M' 'M' 'M' 'M' 'M' 'M'
 'M' 'M' 'U' 'M' 'M' 'M' 'M' 'M' 'M' 'M' 'U' 'M' 'M' 'M' 'M' 'M' 'M' 'M'
 'M' 'M' 'M' 'U' 'M' 'M' 'M' 'M' 'M' 'M' 'M' 'M' 'M' 'M' 'M' 'U' 'M' 'M'
 'M' 'U' 'U' 'M' 'M' 'M' 'M' 'M' 'M' 'U' 'M' 'M' 'U' 'M' 'M' 'M' 'M' 'M'
 'M' 'U' 'M' 'M' 'M' 'M' 'M' 'M' 'U' 'M' 'M' 'U' 'U' 'M' 'M' 'M' 'M' 'M'
 'M' 'M' 'M' 'M' 'M' 'M' 'M' 'M' 'M' 'M' 'M' 'U' 'M' 'U' 'M' 'M' 'U' 'U'
 'M' 'M' 'M' 'M' 'M' 'M' 'M' 'U' 'M' 'M' 'M' 'M' 'M' 'U' 'U' 'M' 'M' 'M'
 'M' 'M' 'M' 'M' 'M' 'M' 'M' 'U' 'M' 'M' 'M' 'M' 'M' 'U' 'U' 'M' 'M' 'M'
 'M' 'U' 'M' 'M' 'M' 'M' 'U' 'M' 'M' 'U' 'M' 'M' 'M' 'M' 'M' 'U' 'M' 'U'
 'M' 'M' 'M' 'M' 'M' 'M' 'M' 'M' 'M' 'M' 'M' 'M' 'M' 'M' 'M' 'U' 'M' 'M'
 'M' 'M' 'U' 'M' 'U' 'U' 'M' 'M' 'U' 'M' 'M' 'M' 'M' 'M' 'M' 'M' 'M' 'M']"
158601,0,165,3,162,33,0,1,"['A' 'U' 'M' 'M' 'M' 'A' 'M' 'M' 'U' 'M' 'M' 'M' 'M' 'M' 'M' 'M' 'M' 'M'
 'M' 'M' 'M' 'M' 'M' 'M' 'M' 'M' 'M' 'M' 'U' 'U' 'M' 'M' 'M' 'M' 'M' 'M'
 'M' 'M' 'M' 'U' 'M' 'M' 'M' 'M' 'M' 'M' 'M' 'M' 'M' 'M' 'M' 'U' 'M' 'M'
 'M' 'U' 'U' 'M' 'M' 'M' 'M' 'M' 'M' 'U' 'M' 'U' 'U' 'M' 'M' 'M' 'M' 'M'
 'M' 'M' 'M' 'M' 'M' 'U' 'M' 'M' 'M' 'M' 'M' 'M' 'U' 'M' 'M' 'M' 'M' 'M'
 'M' 'M' 'U' 'M' 'M' 'M' 'M' 'M' 'U' 'M' 'M' 'M' 'M' 'U' 'M' 'U' 'M' 'U'
 'M' 'M' 'M' 'M' 'M' 'M' 'M' 'U' 'M' 'M' 'M' 'M' 'M' 'U' 'U' 'M' 'U' 'M'
 'M' 'M' 'M' 'M' 'M' 'U' 'M' 'U' 'M' 'M' 'M' 'M' 'M' 'U' 'A' 'M' 'U' 'M'
 'M' 'M' 'M' 'M' 'M' 'M' 'U' 'M' 'M' 'M' 'M' 'M' 'M' 'M' 'M' 'U' 'M' 'M'
 'M' 'M' 'M' 'M' 'M' 'M' 'M' 'M' 'M' 'M' 'M' 'M' 'M' 'M' 'M' 'U' 'M' 'M'
 'M' 'M' 'U' 'M' 'U' 'U' 'M' 'M' 'U' 'M' 'M' 'M' 'M' 'M' 'M' 'M' 'M' 'M']"
158701,0,168,2,166,30,0,1,"['A' 'M' 'M' 'M' 'M' 'M' 'M' 'M' 'U' 'M' 'M' 'M' 'M' 'M' 'M' 'M' 'M' 'M'
 'M' 'M' 'M' 'M' 'M' 'M' 'M' 'M' 'M' 'M' 'U' 'U' 'M' 'M' 'M' 'M' 'M' 'M'
 'M' 'M' 'M' 'U' 'U' 'M' 'M' 'M' 'M' 'M' 'M' 'M' 'M' 'M' 'M' 'U' 'M' 'M'
 'M' 'M' 'U' 'M' 'M' 'M' 'M' 'M' 'M' 'U' 'M' 'M' 'M' 'M' 'U' 'M' 'M' 'M'
 'M' 'M' 'M' 'M' 'M' 'U' 'M' 'U' 'M' 'M' 'M' 'M' 'M' 'M' 'M' 'U' 'M' 'M'
 'M' 'M' 'M' 'M' 'U' 'M' 'M' 'M' 'U' 'M' 'M' 'M' 'M' 'U' 'M' 'A' 'M' 'U'
 'M' 'M' 'M' 'M' 'M' 'M' 'M' 'U' 'M' 'M' 'M' 'M' 'M' 'M' 'M' 'M' 'U' 'M'
 'M' 'M' 'M' 'M' 'M' 'U' 'M' 'U' 'M' 'M' 'M' 'M' 'M' 'U' 'U' 'M' 'U' 'M'
 'M' 'M' 'M' 'M' 'M' 'M' 'M' 'M' 'M' 'M' 'M' 'M' 'M' 'U' 'M' 'M' 'M' 'M'
 'M' 'M' 'M' 'M' 'M' 'M' 'M' 'M' 'M' 'M' 'M' 'U' 'M' 'M' 'M' 'M' 'M' 'M'
 'M' 'M' 'U' 'U' 'U' 'M' 'M' 'M' 'U' 'M' 'U' 'M' 'M' 'M' 'M' 'M' 'M' 'M']"
158801,1,170,5,165,28,0,1,"['A' 'M' 'M' 'M' 'M' 'M' 'M' 'M' 'U' 'M' 'M' 'M' 'M' 'M' 'M' 'M' 'M' 'M'
 'M' 'M' 'M' 'M' 'M' 'M' 'M' 'M' 'M' 'M' 'M' 'A' 'M' 'M' 'M' 'M' 'M' 'M'
 'M' 'M' 'M' 'U' 'M' 'M' 'M' 'M' 'M' 'M' 'M' 'M' 'M' 'M' 'M' 'U' 'M' 'M'
 'M' 'M' 'U' 'M' 'M' 'M' 'M' 'M' 'M' 'A' 'M' 'M' 'M' 'M' 'M' 'M' 'U' 'M'
 'M' 'M' 'M' 'M' 'M' 'M' 'M' 'M' 'M' 'M' 'M' 'M' 'U' 'M' 'M' 'U' 'U' 'M'
 'M' 'M' 'M' 'M' 'U' 'M' 'M' 'M' 'U' 'M' 'M' 'M' 'M' 'U' 'U' 'A' 'M' 'U'
 'M' 'M' 'M' 'M' 'M' 'M' 'M' 'U' 'M' 'M' 'M' 'M' 'M' 'U' 'M' 'M' 'M' 'M'
 'M' 'M' 'M' 'M' 'M' 'M' 'U' 'M' 'U' 'U' 'M' 'U' 'M' 'A' 'U' 'M' 'U' 'M'
 'M' 'M' 'M' 'M' 'M' 'M' 'M' 'M' 'M' 'M' 'M' 'M' 'M' 'U' 'M' 'M' 'M' 'M'
 'M' 'M' 'M' 'M' 'M' 'M' 'M' 'M' 'M' 'M' 'M' 'U' 'M' 'M' 'M' 'M' 'M' 'U'
 'M' 'M' 'U' 'U' 'U' 'M' 'M' 'M' 'U' 'M' 'M' 'M' 'M' 'M' 'M' 'M' 'M' 'M']"
158901,0,162,3,159,36,0,0,"['A' 'M' 'M' 'M' 'M' 'M' 'M' 'M' 'U' 'M' 'M' 'M' 'M' 'M' 'M' 'M' 'M' 'U'
 'M' 'M' 'M' 'M' 'M' 'M' 'M' 'M' 'M' 'M' 'M' 'M' 'M' 'M' 'M' 'M' 'M' 'M'
 'M' 'M' 'M' 'U' 'U' 'U' 'M' 'M' 'M' 'M' 'M' 'M' 'M' 'M' 'M' 'U' 'M' 'M'
 'M' 'M' 'U' 'M' 'M' 'M' 'M' 'M' 'M' 'U' 'M' 'M' 'M' 'M' 'M' 'M' 'M' 'U'
 'U' 'M' 'M' 'M' 'U' 'M' 'M' 'M' 'M' 'M' 'U' 'M' 'M' 'U' 'M' 'M' 'M' 'M'
 'M' 'M' 'M' 'M' 'M' 'M' 'U' 'M' 'U' 'M' 'M' 'M' 'M' 'U' 'U' 'A' 'M' 'U'
 'M' 'M' 'M' 'M' 'U' 'M' 'M' 'U' 'M' 'M' 'M' 'M' 'M' 'U' 'M' 'U' 'M' 'M'
 'M' 'M' 'M' 'M' 'U' 'M' 'U' 'M' 'M' 'U' 'M' 'U' 'M' 'A' 'U' 'M' 'U' 'M'
 'M' 'M' 'M' 'M' 'M' 'M' 'M' 'M' 'M' 'M' 'M' 'M' 'M' 'U' 'M' 'U' 'M' 'U'
 'M' 'M' 'M' 'M' 'M' 'M' 'M' 'M' 'M' 'M' 'M' 'M' 'M' 'M' 'M' 'M' 'M' 'U'
 'M' 'M' 'M' 'U' 'U' 'M' 'M' 'M' 'U' 'M' 'M' 'M' 'M' 'M' 'U' 'M' 'M' 'M']"
159001,0,159,3,156,39,0,0,"['A' 'M' 'U' 'M' 'M' 'M' 'M' 'M' 'U' 'M' 'M' 'U' 'M' 'M' 'U' 'M' 'M' 'U'
 'M' 'M' 'M' 'M' 'M' 'M' 'M' 'M' 'M' 'U' 'M' 'M' 'M' 'M' 'M' 'M' 'M' 'M'
 'M' 'M' 'M' 'A' 'U' 'M' 'M' 'M' 'M' 'M' 'M' 'M' 'M' 'M' 'M' 'M' 'M' 'M'
 'M' 'M' 'U' 'M' 'M' 'M' 'M' 'M' 'M' 'U' 'M' 'U' 'M' 'M' 'M' 'M' 'U' 'M'
 'M' 'M' 'M' 'M' 'M' 'M' 'M' 'M' 'M' 'M' 'M' 'U' 'M' 'M' 'M' 'U' 'M' 'M'
 'M' 'M' 'M' 'M' 'U' 'M' 'U' 'M' 'U' 'U' 'M' 'M' 'M' 'U' 'M' 'A' 'M' 'U'
 'M' 'M' 'M' 'M' 'M' 'M' 'M' 'M' 'M' 'M' 'M' 'M' 'M' 'M' 'M' 'U' 'M' 'M'
 'M' 'M' 'M' 'M' 'U' 'M' 'U' 'M' 'M' 'M' 'M' 'U' 'M' 'U' 'U' 'M' 'M' 'U'
 'M' 'M' 'M' 'M' 'M' 'U' 'M' 'U' 'M' 'M' 'M' 'M' 'M' 'M' 'U' 'M' 'M' 'U'
 'M' 'M' 'M' 'M' 'M' 'M' 'M' 'M' 'M' 'M' 'M' 'M' 'M' 'M' 'M' 'M' 'M' 'U'
 'M' 'M' 'M' 'U' 'U' 'U' 'M' 'U' 'U' 'U' 'U' 'M' 'M' 'M' 'U' 'M' 'M' 'M']"
159101,0,167,3,164,31,0,0,"['A' 'M' 'U' 'M' 'M' 'M' 'M' 'M' 'U' 'M' 'M' 'M' 'M' 'M' 'M' 'M' 'M' 'U'
 'M' 'M' 'M' 'M' 'M' 'M' 'M' 'U' 'M' 'U' 'M' 'M' 'M' 'M' 'M' 'M' 'M' 'M'
 'M' 'M' 'M' 'A' 'U' 'M' 'M' 'M' 'M' 'M' 'M' 'M' 'M' 'M' 'M' 'M' 'M' 'M'
 'M' 'M' 'U' 'M' 'M' 'M' 'M' 'M' 'M' 'U' 'M' 'M' 'M' 'M' 'M' 'M' 'M' 'M'
 'U' 'M' 'M' 'U' 'M' 'M' 'M' 'M' 'M' 'M' 'M' 'U' 'M' 'M' 'M' 'M' 'U' 'U'
 'M' 'M' 'M' 'M' 'M' 'M' 'M' 'M' 'M' 'M' 'M' 'M' 'M' 'U' 'M' 'A' 'M' 'U'
 'M' 'U' 'M' 'M' 'M' 'M' 'M' 'M' 'M' 'M' 'M' 'M' 'M' 'M' 'M' 'U' 'M' 'M'
 'M' 'M' 'M' 'M' 'U' 'M' 'M' 'M' 'M' 'M' 'M' 'U' 'M' 'M' 'U' 'M' 'M' 'U'
 'M' 'M' 'M' 'M' 'M' 'M' 'M' 'U' 'M' 'M' 'M' 'M' 'M' 'M' 'M' 'M' 'M' 'U'
 'M' 'M' 'M' 'M' 'M' 'M' 'M' 'M' 'M' 'M' 'M' 'M' 'M' 'M' 'M' 'M' 'M' 'M'
 'M' 'M' 'U' 'U' 'U' 'M' 'M' 'M' 'U' 'U' 'U' 'M' 'M' 'U' 'U' 'M' 'M' 'M']"
159201,0,165,3,162,33,0,0,"['A' 'M' 'M' 'M' 'M' 'M' 'M' 'M' 'U' 'M' 'U' 'M' 'M' 'M' 'M' 'M' 'M' 'M'
 'M' 'M' 'M' 'M' 'M' 'M' 'M' 'U' 'M' 'U' 'M' 'M' 'M' 'M' 'M' 'M' 'M' 'M'
 'M' 'U' 'M' 'A' 'U' 'M' 'M' 'M' 'M' 'M' 'M' 'U' 'M' 'M' 'M' 'M' 'M' 'M'
 'M' 'M' 'U' 'M' 'M' 'M' 'M' 'M' 'M' 'U' 'M' 'M' 'M' 'M' 'U' 'M' 'M' 'M'
 'M' 'M' 'M' 'M' 'U' 'M' 'M' 'U' 'M' 'M' 'U' 'M' 'M' 'M' 'M' 'U' 'M' 'M'
 'M' 'M' 'M' 'M' 'M' 'M' 'M' 'M' 'M' 'M' 'M' 'M' 'M' 'U' 'M' 'A' 'M' 'U'
 'M' 'U' 'M' 'M' 'M' 'M' 'U' 'M' 'M' 'M' 'M' 'M' 'M' 'M' 'M' 'U' 'M' 'M'
 'M' 'U' 'M' 'M' 'M' 'M' 'M' 'U' 'U' 'M' 'U' 'U' 'U' 'M' 'U' 'M' 'M' 'M'
 'M' 'M' 'M' 'M' 'M' 'M' 'M' 'U' 'M' 'M' 'M' 'M' 'M' 'M' 'M' 'M' 'M' 'U'
 'M' 'M' 'M' 'M' 'M' 'M' 'M' 'M' 'M' 'M' 'M' 'M' 'M' 'M' 'M' 'U' 'M' 'M'
 'M' 'M' 'U' 'M' 'U' 'M' 'M' 'M' 'M' 'M' 'U' 'M' 'M' 'U' 'M' 'M' 'M' 'M']"
159301,0,167,3,164,31,0,0,"['A' 'M' 'M' 'M' 'M' 'U' 'M' 'M' 'U' 'M' 'M' 'M' 'M' 'M' 'M' 'M' 'M' 'M'
 'M' 'M' 'M' 'M' 'M' 'M' 'M' 'U' 'M' 'M' 'M' 'M' 'M' 'M' 'M' 'M' 'M' 'M'
 'M' 'M' 'M' 'A' 'U' 'M' 'M' 'M' 'M' 'M' 'M' 'U' 'M' 'M' 'M' 'M' 'M' 'M'
 'M' 'U' 'U' 'M' 'M' 'M' 'M' 'M' 'M' 'U' 'M' 'M' 'M' 'M' 'M' 'M' 'M' 'U'
 'U' 'M' 'M' 'M' 'M' 'U' 'M' 'U' 'M' 'M' 'M' 'M' 'M' 'M' 'M' 'M' 'M' 'U'
 'M' 'M' 'M' 'M' 'M' 'M' 'M' 'M' 'M' 'M' 'M' 'U' 'M' 'M' 'M' 'A' 'M' 'M'
 'M' 'U' 'M' 'M' 'M' 'M' 'U' 'U' 'M' 'M' 'M' 'M' 'M' 'M' 'M' 'U' 'M' 'M'
 'M' 'M' 'M' 'M' 'U' 'M' 'M' 'M' 'U' 'M' 'M' 'U' 'U' 'M' 'U' 'M' 'M' 'M'
 'M' 'M' 'M' 'M' 'M' 'M' 'M' 'U' 'M' 'M' 'M' 'M' 'M' 'M' 'M' 'M' 'M' 'M'
 'M' 'M' 'M' 'U' 'M' 'M' 'M' 'M' 'M' 'M' 'M' 'M' 'M' 'M' 'M' 'U' 'M' 'M'
 'U' 'M' 'U' 'M' 'U' 'M' 'M' 'M' 'M' 'U' 'M' 'M' 'M' 'U' 'M' 'M' 'M' 'M']"
159401,0,169,3,166,29,0,0,"['A' 'M' 'M' 'M' 'M' 'U' 'M' 'M' 'U' 'M' 'M' 'M' 'M' 'M' 'M' 'M' 'M' 'M'
 'M' 'M' 'M' 'M' 'M' 'M' 'M' 'M' 'M' 'M' 'U' 'M' 'M' 'M' 'M' 'M' 'M' 'M'
 'M' 'M' 'M' 'A' 'M' 'M' 'M' 'M' 'M' 'M' 'M' 'U' 'M' 'M' 'M' 'M' 'M' 'M'
 'M' 'M' 'U' 'M' 'M' 'M' 'M' 'M' 'M' 'U' 'M' 'M' 'M' 'U' 'U' 'M' 'M' 'M'
 'M' 'M' 'U' 'M' 'U' 'M' 'M' 'M' 'M' 'M' 'M' 'M' 'M' 'M' 'M' 'M' 'M' 'M'
 'M' 'M' 'U' 'M' 'M' 'M' 'M' 'M' 'M' 'M' 'M' 'M' 'M' 'M' 'M' 'A' 'M' 'U'
 'M' 'U' 'M' 'M' 'M' 'M' 'U' 'U' 'M' 'M' 'M' 'M' 'M' 'M' 'M' 'U' 'M' 'M'
 'M' 'M' 'M' 'U' 'U' 'U' 'M' 'M' 'U' 'M' 'M' 'U' 'M' 'M' 'U' 'M' 'M' 'M'
 'M' 'M' 'M' 'M' 'M' 'M' 'M' 'U' 'M' 'M' 'M' 'M' 'M' 'M' 'M' 'M' 'M' 'M'
 'M' 'M' 'M' 'U' 'M' 'M' 'M' 'M' 'M' 'M' 'M' 'M' 'M' 'M' 'M' 'U' 'M' 'M'
 'U' 'M' 'U' 'M' 'U' 'M' 'M' 'M' 'M' 'U' 'M' 'M' 'M' 'M' 'M' 'M' 'M' 'M']"
159501,0,167,4,163,31,0,0,"['A' 'M' 'M' 'M' 'M' 'U' 'M' 'M' 'M' 'M' 'U' 'M' 'M' 'M' 'M' 'M' 'M' 'M'
 'M' 'M' 'M' 'M' 'M' 'M' 'M' 'M' 'M' 'M' 'U' 'U' 'M' 'M' 'M' 'U' 'M' 'M'
 'M' 'M' 'M' 'A' 'M' 'M' 'M' 'M' 'M' 'M' 'M' 'A' 'M' 'M' 'M' 'M' 'M' 'M'
 'M' 'M' 'U' 'M' 'M' 'M' 'M' 'M' 'M' 'U' 'M' 'M' 'M' 'U' 'U' 'M' 'M' 'M'
 'M' 'U' 'M' 'M' 'M' 'M' 'U' 'M' 'M' 'M' 'M' 'M' 'M' 'M' 'M' 'M' 'M' 'M'
 'M' 'M' 'U' 'M' 'M' 'U' 'M' 'M' 'M' 'M' 'M' 'U' 'M' 'M' 'M' 'A' 'U' 'U'
 'M' 'M' 'M' 'U' 'M' 'M' 'M' 'U' 'M' 'M' 'M' 'M' 'M' 'M' 'M' 'U' 'U' 'M'
 'M' 'M' 'M' 'U' 'U' 'U' 'M' 'M' 'M' 'M' 'M' 'U' 'M' 'M' 'M' 'M' 'M' 'M'
 'M' 'M' 'M' 'M' 'M' 'M' 'M' 'M' 'M' 'M' 'M' 'M' 'M' 'M' 'M' 'M' 'M' 'M'
 'M' 'M' 'M' 'U' 'M' 'M' 'U' 'M' 'M' 'M' 'M' 'M' 'M' 'M' 'M' 'M' 'M' 'M'
 'U' 'M' 'U' 'M' 'U' 'M' 'M' 'M' 'U' 'U' 'M' 'M' 'M' 'M' 'M' 'M' 'M' 'M']"
159601,0,163,4,159,35,0,0,"['A' 'M' 'M' 'M' 'M' 'U' 'M' 'M' 'M' 'M' 'U' 'M' 'M' 'M' 'M' 'M' 'M' 'M'
 'M' 'M' 'M' 'M' 'M' 'M' 'M' 'M' 'M' 'M' 'M' 'U' 'M' 'M' 'M' 'U' 'M' 'M'
 'M' 'M' 'M' 'A' 'U' 'M' 'M' 'M' 'M' 'M' 'M' 'A' 'M' 'U' 'M' 'M' 'M' 'M'
 'M' 'M' 'M' 'M' 'M' 'U' 'U' 'M' 'M' 'U' 'M' 'M' 'M' 'M' 'U' 'M' 'M' 'U'
 'M' 'M' 'M' 'M' 'M' 'M' 'M' 'M' 'U' 'M' 'M' 'M' 'U' 'U' 'M' 'M' 'M' 'M'
 'M' 'M' 'M' 'M' 'M' 'U' 'M' 'M' 'M' 'M' 'M' 'U' 'M' 'M' 'M' 'A' 'U' 'U'
 'M' 'M' 'M' 'M' 'M' 'M' 'M' 'U' 'U' 'M' 'M' 'M' 'M' 'M' 'M' 'U' 'U' 'M'
 'M' 'M' 'M' 'U' 'M' 'U' 'M' 'M' 'M' 'M' 'M' 'M' 'M' 'M' 'M' 'M' 'M' 'M'
 'M' 'M' 'M' 'U' 'M' 'M' 'M' 'M' 'M' 'M' 'U' 'U' 'M' 'M' 'M' 'U' 'M' 'M'
 'M' 'M' 'M' 'U' 'M' 'M' 'U' 'M' 'M' 'M' 'M' 'M' 'M' 'M' 'M' 'M' 'M' 'M'
 'U' 'M' 'U' 'M' 'U' 'M' 'M' 'M' 'U' 'U' 'M' 'M' 'M' 'M' 'M' 'M' 'M' 'M']"
159701,0,157,3,154,41,0,0,"['A' 'M' 'M' 'M' 'M' 'M' 'M' 'A' 'M' 'U' 'U' 'M' 'M' 'M' 'M' 'M' 'M' 'M'
 'M' 'U' 'M' 'M' 'M' 'M' 'M' 'M' 'M' 'M' 'M' 'U' 'M' 'M' 'M' 'U' 'M' 'M'
 'M' 'M' 'M' 'U' 'M' 'M' 'M' 'M' 'M' 'M' 'M' 'U' 'M' 'U' 'M' 'M' 'M' 'M'
 'M' 'M' 'M' 'M' 'M' 'U' 'U' 'M' 'M' 'U' 'M' 'M' 'M' 'U' 'U' 'M' 'M' 'M'
 'M' 'M' 'M' 'M' 'M' 'M' 'M' 'M' 'M' 'M' 'M' 'U' 'M' 'U' 'M' 'M' 'M' 'M'
 'M' 'U' 'M' 'M' 'M' 'U' 'M' 'M' 'M' 'M' 'M' 'U' 'M' 'M' 'M' 'A' 'U' 'M'
 'M' 'M' 'M' 'M' 'M' 'M' 'M' 'U' 'M' 'U' 'M' 'U' 'M' 'M' 'M' 'U' 'U' 'U'
 'M' 'M' 'M' 'U' 'M' 'U' 'M' 'M' 'M' 'M' 'M' 'M' 'M' 'M' 'M' 'M' 'M' 'U'
 'M' 'M' 'M' 'U' 'M' 'M' 'U' 'M' 'M' 'M' 'U' 'U' 'M' 'M' 'M' 'U' 'M' 'M'
 'M' 'M' 'M' 'U' 'M' 'M' 'U' 'M' 'M' 'M' 'M' 'M' 'M' 'M' 'M' 'M' 'M' 'M'
 'U' 'M' 'U' 'M' 'U' 'M' 'M' 'M' 'U' 'U' 'M' 'M' 'M' 'M' 'M' 'U' 'M' 'M']"
159801,0,152,3,149,46,1,0,"['A' 'M' 'M' 'M' 'M' 'M' 'M' 'A' 'M' 'U' 'U' 'M' 'M' 'M' 'M' 'M' 'M' 'M'
 'M' 'U' 'M' 'M' 'M' 'M' 'M' 'U' 'M' 'M' 'M' 'A' 'M' 'M' 'M' 'U' 'M' 'M'
 'M' 'M' 'M' 'U' 'M' 'M' 'M' 'M' 'M' 'M' 'M' 'U' 'M' 'U' 'M' 'M' 'M' 'M'
 'M' 'M' 'U' 'M' 'M' 'U' 'U' 'M' 'M' 'U' 'M' 'M' 'M' 'M' 'M' 'M' 'M' 'M'
 'M' 'M' 'M' 'M' 'M' 'M' 'U' 'M' 'M' 'M' 'U' 'M' 'M' 'U' 'M' 'U' 'M' 'M'
 'M' 'U' 'M' 'M' 'M' 'U' 'M' 'M' 'M' 'M' 'M' 'U' 'M' 'M' 'M' 'U' 'U' 'M'
 'M' 'M' 'M' 'M' 'M' 'U' 'M' 'M' 'U' 'U' 'M' 'U' 'M' 'M' 'M' 'U' 'U' 'U'
 'M' 'U' 'M' 'U' 'M' 'U' 'M' 'M' 'M' 'M' 'M' 'M' 'M' 'M' 'M' 'U' 'M' 'U'
 'M' 'M' 'M' 'U' 'M' 'M' 'M' 'M' 'M' 'U' 'U' 'U' 'M' 'M' 'M' 'M' 'U' 'M'
 'M' 'M' 'U' 'U' 'M' 'M' 'M' 'M' 'M' 'M' 'M' 'M' 'M' 'M' 'M' 'M' 'M' 'M'
 'U' 'M' 'U' 'M' 'U' 'M' 'M' 'M' 'U' 'U' 'M' 'M' 'M' 'M' 'M' 'U' 'M' 'M']"
159901,0,163,4,159,35,0,0,"['A' 'M' 'M' 'M' 'M' 'M' 'M' 'A' 'M' 'U' 'U' 'M' 'M' 'M' 'M' 'M' 'M' 'M'
 'M' 'M' 'M' 'M' 'M' 'M' 'M' 'M' 'M' 'M' 'M' 'A' 'M' 'M' 'M' 'M' 'U' 'M'
 'M' 'M' 'M' 'U' 'M' 'M' 'M' 'M' 'M' 'M' 'M' 'U' 'M' 'U' 'M' 'M' 'M' 'M'
 'M' 'M' 'U' 'M' 'M' 'M' 'U' 'M' 'M' 'U' 'U' 'M' 'M' 'M' 'U' 'M' 'M' 'M'
 'M' 'M' 'U' 'M' 'M' 'M' 'M' 'M' 'U' 'U' 'M' 'M' 'M' 'M' 'M' 'M' 'M' 'M'
 'M' 'M' 'M' 'U' 'M' 'M' 'M' 'U' 'M' 'U' 'M' 'U' 'M' 'M' 'M' 'M' 'M' 'M'
 'M' 'U' 'M' 'M' 'M' 'U' 'M' 'M' 'M' 'M' 'M' 'U' 'M' 'M' 'M' 'M' 'M' 'M'
 'M' 'M' 'M' 'U' 'M' 'U' 'M' 'M' 'M' 'M' 'M' 'M' 'M' 'M' 'M' 'M' 'M' 'U'
 'M' 'M' 'M' 'U' 'M' 'M' 'M' 'M' 'M' 'U' 'U' 'A' 'M' 'M' 'M' 'M' 'U' 'M'
 'M' 'M' 'M' 'U' 'M' 'M' 'M' 'M' 'M' 'M' 'M' 'M' 'M' 'M' 'M' 'M' 'M' 'M'
 'U' 'M' 'U' 'M' 'M' 'M' 'M' 'M' 'U' 'U' 'M' 'M' 'U' 'M' 'M' 'U' 'M' 'M']"
160001,0,162,4,158,36,0,1,"['A' 'M' 'M' 'U' 'M' 'M' 'M' 'U' 'M' 'U' 'M' 'M' 'M' 'M' 'M' 'M' 'M' 'M'
 'U' 'M' 'U' 'U' 'M' 'M' 'M' 'M' 'M' 'M' 'M' 'A' 'M' 'M' 'M' 'M' 'U' 'M'
 'M' 'M' 'M' 'U' 'M' 'M' 'M' 'M' 'M' 'M' 'M' 'U' 'M' 'U' 'M' 'M' 'M' 'M'
 'M' 'M' 'U' 'M' 'M' 'M' 'U' 'M' 'M' 'M' 'U' 'U' 'M' 'M' 'M' 'U' 'M' 'M'
 'M' 'M' 'M' 'M' 'U' 'M' 'M' 'M' 'M' 'M' 'M' 'M' 'U' 'M' 'M' 'U' 'M' 'M'
 'M' 'M' 'M' 'M' 'M' 'M' 'M' 'A' 'M' 'U' 'M' 'U' 'M' 'M' 'M' 'M' 'M' 'M'
 'M' 'M' 'M' 'M' 'M' 'U' 'M' 'M' 'M' 'M' 'M' 'U' 'M' 'M' 'M' 'M' 'M' 'M'
 'M' 'U' 'M' 'M' 'M' 'U' 'M' 'M' 'M' 'M' 'M' 'M' 'M' 'M' 'M' 'M' 'M' 'U'
 'M' 'M' 'M' 'U' 'M' 'M' 'M' 'M' 'M' 'M' 'M' 'A' 'M' 'M' 'M' 'M' 'U' 'M'
 'M' 'M' 'M' 'U' 'M' 'M' 'M' 'M' 'M' 'U' 'M' 'M' 'M' 'M' 'M' 'M' 'M' 'M'
 'U' 'M' 'U' 'M' 'M' 'M' 'U' 'M' 'U' 'U' 'M' 'M' 'U' 'M' 'M' 'U' 'M' 'M']"
160101,0,156,5,151,42,0,0,"['A' 'M' 'M' 'U' 'M' 'M' 'M' 'U' 'M' 'A' 'M' 'M' 'M' 'M' 'M' 'M' 'M' 'M'
 'M' 'M' 'U' 'U' 'M' 'M' 'M' 'M' 'M' 'M' 'M' 'A' 'M' 'M' 'M' 'M' 'U' 'U'
 'M' 'M' 'M' 'U' 'M' 'M' 'M' 'M' 'M' 'M' 'M' 'U' 'M' 'U' 'M' 'M' 'M' 'M'
 'M' 'M' 'U' 'U' 'M' 'M' 'U' 'M' 'M' 'M' 'U' 'M' 'M' 'M' 'M' 'M' 'M' 'M'
 'U' 'M' 'M' 'U' 'M' 'M' 'M' 'M' 'U' 'M' 'U' 'M' 'M' 'U' 'M' 'M' 'M' 'M'
 'M' 'M' 'M' 'M' 'M' 'M' 'M' 'A' 'M' 'U' 'M' 'U' 'M' 'M' 'M' 'M' 'M' 'M'
 'M' 'M' 'M' 'M' 'M' 'U' 'M' 'M' 'M' 'M' 'M' 'U' 'M' 'M' 'M' 'U' 'M' 'M'
 'M' 'U' 'M' 'M' 'M' 'U' 'U' 'U' 'U' 'U' 'U' 'U' 'U' 'U' 'M' 'M' 'M' 'M'
 'M' 'M' 'M' 'M' 'M' 'M' 'M' 'M' 'M' 'M' 'M' 'A' 'U' 'M' 'M' 'M' 'U' 'M'
 'M' 'M' 'M' 'U' 'M' 'M' 'M' 'M' 'M' 'U' 'M' 'M' 'M' 'M' 'M' 'M' 'M' 'M'
 'M' 'M' 'U' 'M' 'M' 'M' 'M' 'M' 'U' 'U' 'M' 'M' 'U' 'M' 'M' 'U' 'M' 'M']"
160201,0,158,5,153,40,0,0,"['A' 'M' 'M' 'U' 'M' 'M' 'M' 'U' 'M' 'U' 'M' 'M' 'M' 'M' 'M' 'M' 'M' 'M'
 'M' 'M' 'U' 'U' 'M' 'M' 'M' 'M' 'M' 'M' 'M' 'A' 'M' 'M' 'M' 'M' 'U' 'U'
 'M' 'M' 'M' 'U' 'M' 'M' 'M' 'U' 'M' 'M' 'M' 'U' 'M' 'U' 'M' 'M' 'M' 'M'
 'M' 'M' 'U' 'U' 'M' 'U' 'U' 'M' 'M' 'M' 'U' 'M' 'M' 'M' 'M' 'U' 'U' 'M'
 'M' 'M' 'U' 'U' 'M' 'M' 'M' 'M' 'M' 'U' 'M' 'M' 'M' 'M' 'M' 'M' 'M' 'M'
 'M' 'M' 'M' 'M' 'M' 'M' 'M' 'A' 'M' 'U' 'M' 'U' 'M' 'M' 'M' 'M' 'M' 'M'
 'M' 'M' 'U' 'M' 'M' 'M' 'M' 'M' 'M' 'M' 'M' 'U' 'M' 'M' 'M' 'M' 'U' 'M'
 'M' 'U' 'M' 'M' 'M' 'U' 'A' 'U' 'U' 'U' 'U' 'M' 'U' 'M' 'M' 'M' 'M' 'M'
 'M' 'M' 'M' 'M' 'M' 'M' 'M' 'M' 'M' 'M' 'M' 'A' 'U' 'M' 'M' 'M' 'U' 'M'
 'M' 'M' 'M' 'M' 'M' 'M' 'M' 'M' 'M' 'U' 'M' 'M' 'M' 'M' 'M' 'M' 'M' 'M'
 'M' 'M' 'M' 'M' 'M' 'M' 'M' 'M' 'U' 'U' 'M' 'M' 'U' 'M' 'M' 'U' 'M' 'M']"
160301,0,160,4,156,38,0,1,"['A' 'M' 'U' 'U' 'M' 'M' 'M' 'U' 'M' 'M' 'M' 'M' 'M' 'M' 'M' 'M' 'M' 'M'
 'M' 'M' 'U' 'U' 'U' 'M' 'M' 'M' 'M' 'M' 'M' 'A' 'M' 'M' 'U' 'M' 'U' 'U'
 'M' 'M' 'M' 'U' 'M' 'M' 'M' 'U' 'M' 'M' 'M' 'U' 'M' 'U' 'M' 'M' 'M' 'M'
 'M' 'M' 'M' 'M' 'M' 'U' 'U' 'M' 'U' 'M' 'M' 'M' 'M' 'U' 'M' 'M' 'M' 'M'
 'M' 'M' 'M' 'M' 'U' 'M' 'M' 'M' 'M' 'M' 'M' 'M' 'M' 'U' 'M' 'M' 'M' 'M'
 'M' 'M' 'U' 'M' 'U' 'M' 'M' 'A' 'M' 'U' 'M' 'U' 'M' 'M' 'M' 'M' 'M' 'M'
 'M' 'M' 'M' 'M' 'M' 'M' 'M' 'M' 'M' 'M' 'M' 'U' 'M' 'M' 'M' 'M' 'U' 'M'
 'M' 'M' 'M' 'M' 'M' 'M' 'U' 'U' 'M' 'U' 'U' 'M' 'U' 'M' 'M' 'M' 'M' 'M'
 'M' 'M' 'M' 'M' 'M' 'U' 'M' 'M' 'M' 'M' 'M' 'A' 'U' 'M' 'M' 'M' 'U' 'M'
 'M' 'M' 'M' 'M' 'M' 'M' 'M' 'M' 'M' 'M' 'M' 'M' 'M' 'M' 'M' 'M' 'M' 'M'
 'M' 'M' 'M' 'M' 'M' 'M' 'U' 'U' 'U' 'U' 'M' 'M' 'U' 'M' 'M' 'M' 'M' 'M']"
160401,0,152,4,148,46,0,1,"['A' 'M' 'U' 'U' 'M' 'M' 'M' 'U' 'M' 'M' 'M' 'M' 'M' 'M' 'M' 'M' 'M' 'M'
 'M' 'M' 'U' 'M' 'U' 'M' 'M' 'M' 'U' 'M' 'M' 'A' 'M' 'M' 'A' 'M' 'U' 'U'
 'M' 'U' 'U' 'U' 'M' 'M' 'M' 'U' 'M' 'M' 'M' 'U' 'M' 'U' 'M' 'M' 'M' 'M'
 'M' 'U' 'M' 'M' 'M' 'U' 'U' 'M' 'U' 'M' 'M' 'M' 'U' 'M' 'M' 'U' 'M' 'M'
 'M' 'M' 'U' 'M' 'M' 'M' 'M' 'M' 'M' 'M' 'M' 'M' 'M' 'M' 'M' 'U' 'M' 'M'
 'M' 'M' 'U' 'M' 'M' 'M' 'M' 'U' 'M' 'U' 'M' 'U' 'M' 'M' 'M' 'M' 'M' 'M'
 'M' 'M' 'M' 'U' 'M' 'M' 'M' 'U' 'M' 'M' 'M' 'U' 'M' 'M' 'M' 'M' 'M' 'U'
 'M' 'M' 'M' 'M' 'M' 'M' 'U' 'U' 'M' 'U' 'M' 'M' 'U' 'M' 'M' 'M' 'M' 'M'
 'M' 'M' 'M' 'M' 'M' 'U' 'M' 'M' 'U' 'M' 'M' 'A' 'U' 'M' 'U' 'M' 'U' 'M'
 'U' 'M' 'M' 'M' 'M' 'M' 'M' 'M' 'M' 'M' 'M' 'U' 'M' 'M' 'M' 'M' 'M' 'M'
 'M' 'M' 'M' 'M' 'M' 'M' 'U' 'U' 'U' 'U' 'M' 'M' 'U' 'M' 'M' 'M' 'M' 'M']"
160501,0,158,7,151,40,0,1,"['A' 'M' 'U' 'M' 'M' 'M' 'M' 'A' 'M' 'M' 'M' 'M' 'M' 'M' 'M' 'M' 'M' 'M'
 'M' 'M' 'U' 'M' 'U' 'M' 'M' 'M' 'U' 'M' 'M' 'A' 'M' 'M' 'A' 'M' 'U' 'U'
 'M' 'U' 'U' 'A' 'M' 'M' 'M' 'U' 'M' 'M' 'M' 'U' 'M' 'U' 'M' 'M' 'M' 'M'
 'M' 'U' 'M' 'M' 'M' 'M' 'U' 'M' 'U' 'M' 'M' 'M' 'M' 'M' 'M' 'M' 'M' 'M'
 'U' 'M' 'M' 'M' 'U' 'M' 'M' 'M' 'M' 'U' 'M' 'U' 'M' 'M' 'M' 'U' 'M' 'M'
 'M' 'M' 'M' 'M' 'M' 'M' 'M' 'U' 'M' 'M' 'M' 'U' 'M' 'M' 'U' 'M' 'M' 'M'
 'M' 'M' 'M' 'U' 'M' 'U' 'M' 'U' 'A' 'M' 'U' 'U' 'M' 'M' 'M' 'U' 'M' 'U'
 'M' 'M' 'M' 'M' 'M' 'M' 'U' 'U' 'M' 'M' 'M' 'M' 'U' 'M' 'M' 'M' 'M' 'M'
 'M' 'M' 'M' 'M' 'M' 'M' 'M' 'M' 'M' 'M' 'M' 'U' 'M' 'M' 'M' 'M' 'U' 'M'
 'A' 'M' 'M' 'M' 'M' 'M' 'M' 'M' 'M' 'M' 'M' 'U' 'M' 'M' 'M' 'M' 'M' 'M'
 'M' 'M' 'M' 'M' 'M' 'M' 'M' 'U' 'U' 'U' 'M' 'U' 'U' 'M' 'M' 'M' 'M' 'M']"
160601,0,166,10,156,32,0,0,"['A' 'M' 'U' 'M' 'M' 'U' 'U' 'A' 'M' 'M' 'M' 'M' 'M' 'M' 'M' 'M' 'M' 'M'
 'M' 'M' 'U' 'M' 'U' 'M' 'M' 'M' 'A' 'M' 'M' 'A' 'M' 'M' 'A' 'M' 'U' 'U'
 'M' 'U' 'U' 'A' 'U' 'M' 'M' 'U' 'M' 'M' 'M' 'U' 'M' 'U' 'M' 'M' 'M' 'M'
 'U' 'U' 'M' 'M' 'M' 'M' 'M' 'M' 'U' 'M' 'M' 'M' 'U' 'U' 'M' 'U' 'M' 'M'
 'M' 'U' 'M' 'M' 'M' 'M' 'M' 'M' 'M' 'M' 'M' 'M' 'M' 'M' 'M' 'M' 'M' 'M'
 'M' 'M' 'M' 'U' 'M' 'M' 'M' 'U' 'M' 'M' 'M' 'U' 'M' 'M' 'U' 'M' 'M' 'M'
 'M' 'M' 'M' 'M' 'M' 'A' 'M' 'U' 'A' 'M' 'M' 'M' 'M' 'M' 'M' 'U' 'M' 'U'
 'M' 'M' 'M' 'M' 'M' 'M' 'M' 'M' 'M' 'M' 'M' 'M' 'M' 'M' 'M' 'M' 'M' 'M'
 'M' 'M' 'M' 'M' 'M' 'M' 'M' 'M' 'M' 'M' 'M' 'M' 'M' 'M' 'M' 'M' 'M' 'M'
 'A' 'M' 'M' 'M' 'M' 'U' 'M' 'M' 'M' 'M' 'M' 'U' 'M' 'M' 'M' 'M' 'M' 'M'
 'M' 'M' 'M' 'M' 'M' 'M' 'M' 'M' 'U' 'U' 'M' 'U' 'A' 'M' 'M' 'M' 'M' 'M']"
160701,0,161,10,151,37,0,0,"['A' 'M' 'A' 'M' 'M' 'U' 'U' 'A' 'M' 'U' 'M' 'M' 'M' 'M' 'M' 'M' 'M' 'M'
 'M' 'M' 'U' 'M' 'U' 'M' 'M' 'M' 'U' 'M' 'M' 'U' 'U' 'M' 'A' 'M' 'U' 'U'
 'M' 'U' 'M' 'A' 'U' 'M' 'M' 'U' 'M' 'M' 'M' 'M' 'M' 'U' 'U' 'M' 'M' 'M'
 'M' 'U' 'M' 'M' 'M' 'M' 'M' 'M' 'U' 'M' 'M' 'M' 'U' 'M' 'M' 'M' 'M' 'M'
 'M' 'M' 'M' 'M' 'M' 'M' 'U' 'M' 'U' 'M' 'U' 'M' 'M' 'M' 'M' 'M' 'M' 'M'
 'M' 'M' 'M' 'M' 'U' 'M' 'M' 'U' 'M' 'M' 'M' 'U' 'M' 'M' 'A' 'M' 'M' 'M'
 'M' 'M' 'M' 'M' 'M' 'A' 'M' 'U' 'A' 'M' 'M' 'M' 'M' 'M' 'M' 'U' 'M' 'U'
 'M' 'M' 'M' 'M' 'M' 'M' 'M' 'U' 'M' 'M' 'U' 'M' 'M' 'M' 'M' 'M' 'M' 'M'
 'M' 'M' 'M' 'M' 'M' 'M' 'M' 'M' 'M' 'M' 'M' 'M' 'M' 'M' 'M' 'M' 'M' 'M'
 'A' 'M' 'M' 'M' 'M' 'U' 'M' 'M' 'M' 'M' 'M' 'U' 'M' 'U' 'M' 'M' 'M' 'M'
 'M' 'M' 'M' 'M' 'M' 'M' 'U' 'M' 'M' 'U' 'U' 'U' 'A' 'U' 'M' 'M' 'M' 'M']"
160801,0,155,9,146,43,0,0,"['A' 'M' 'U' 'M' 'M' 'U' 'U' 'A' 'M' 'U' 'M' 'M' 'M' 'M' 'M' 'M' 'M' 'M'
 'M' 'M' 'A' 'M' 'M' 'M' 'M' 'U' 'U' 'M' 'M' 'U' 'U' 'M' 'A' 'M' 'U' 'U'
 'M' 'U' 'M' 'A' 'U' 'M' 'M' 'U' 'M' 'M' 'M' 'M' 'M' 'U' 'U' 'M' 'M' 'M'
 'M' 'U' 'M' 'M' 'M' 'M' 'M' 'M' 'M' 'M' 'M' 'M' 'M' 'M' 'M' 'M' 'U' 'M'
 'M' 'M' 'M' 'M' 'U' 'M' 'U' 'M' 'M' 'M' 'M' 'U' 'M' 'M' 'U' 'M' 'M' 'M'
 'M' 'M' 'M' 'M' 'M' 'M' 'M' 'U' 'M' 'M' 'M' 'M' 'M' 'M' 'A' 'M' 'M' 'M'
 'M' 'M' 'M' 'M' 'M' 'U' 'M' 'U' 'A' 'M' 'M' 'M' 'M' 'M' 'M' 'U' 'M' 'U'
 'U' 'M' 'M' 'M' 'M' 'U' 'U' 'U' 'U' 'U' 'U' 'U' 'U' 'M' 'M' 'M' 'M' 'M'
 'M' 'M' 'M' 'M' 'M' 'M' 'M' 'M' 'M' 'M' 'M' 'M' 'M' 'M' 'M' 'M' 'M' 'M'
 'A' 'U' 'M' 'M' 'M' 'U' 'M' 'M' 'M' 'M' 'M' 'M' 'M' 'U' 'M' 'M' 'M' 'M'
 'M' 'M' 'M' 'U' 'M' 'M' 'U' 'M' 'M' 'M' 'U' 'U' 'A' 'U' 'M' 'M' 'M' 'M']"
160901,0,153,10,143,45,1,0,"['A' 'M' 'U' 'U' 'M' 'M' 'M' 'M' 'M' 'M' 'M' 'M' 'U' 'M' 'M' 'M' 'M' 'M'
 'M' 'M' 'U' 'M' 'M' 'M' 'M' 'U' 'U' 'M' 'U' 'M' 'U' 'M' 'A' 'M' 'U' 'M'
 'M' 'U' 'M' 'A' 'U' 'M' 'M' 'U' 'M' 'M' 'U' 'M' 'M' 'U' 'U' 'M' 'M' 'M'
 'M' 'M' 'M' 'M' 'M' 'M' 'M' 'M' 'M' 'M' 'M' 'M' 'M' 'M' 'M' 'M' 'U' 'M'
 'M' 'M' 'M' 'M' 'M' 'U' 'U' 'M' 'M' 'M' 'M' 'M' 'M' 'M' 'M' 'U' 'M' 'M'
 'U' 'M' 'M' 'M' 'M' 'M' 'M' 'U' 'M' 'M' 'A' 'M' 'M' 'M' 'A' 'M' 'M' 'M'
 'M' 'M' 'M' 'M' 'M' 'U' 'M' 'U' 'A' 'M' 'M' 'M' 'M' 'M' 'M' 'U' 'M' 'A'
 'U' 'M' 'M' 'M' 'M' 'A' 'U' 'U' 'U' 'U' 'U' 'U' 'U' 'M' 'M' 'M' 'M' 'M'
 'M' 'U' 'M' 'M' 'M' 'M' 'M' 'M' 'M' 'M' 'M' 'M' 'M' 'M' 'M' 'M' 'U' 'M'
 'A' 'U' 'M' 'M' 'M' 'U' 'M' 'M' 'M' 'M' 'M' 'M' 'M' 'U' 'M' 'M' 'M' 'M'
 'M' 'M' 'M' 'U' 'M' 'M' 'M' 'U' 'U' 'U' 'U' 'U' 'A' 'U' 'M' 'M' 'M' 'U']"
161001,1,147,8,139,51,0,1,"['A' 'M' 'U' 'U' 'M' 'M' 'M' 'M' 'M' 'M' 'M' 'M' 'U' 'M' 'M' 'M' 'M' 'M'
 'M' 'M' 'U' 'M' 'U' 'M' 'M' 'U' 'U' 'M' 'U' 'M' 'M' 'M' 'U' 'M' 'U' 'M'
 'M' 'U' 'M' 'A' 'U' 'M' 'M' 'U' 'U' 'M' 'U' 'M' 'M' 'U' 'A' 'M' 'U' 'U'
 'M' 'M' 'U' 'M' 'M' 'M' 'M' 'M' 'M' 'M' 'M' 'M' 'M' 'M' 'U' 'M' 'M' 'M'
 'M' 'M' 'M' 'M' 'U' 'M' 'M' 'M' 'M' 'M' 'M' 'U' 'M' 'M' 'M' 'U' 'M' 'M'
 'M' 'M' 'U' 'M' 'M' 'M' 'M' 'M' 'M' 'M' 'A' 'M' 'M' 'M' 'A' 'M' 'M' 'M'
 'M' 'M' 'M' 'M' 'M' 'M' 'M' 'U' 'A' 'M' 'M' 'M' 'M' 'M' 'M' 'U' 'M' 'U'
 'U' 'M' 'M' 'M' 'M' 'U' 'U' 'U' 'U' 'U' 'U' 'U' 'U' 'M' 'U' 'M' 'M' 'M'
 'U' 'U' 'M' 'M' 'M' 'M' 'M' 'M' 'M' 'M' 'M' 'M' 'M' 'M' 'M' 'M' 'U' 'M'
 'A' 'U' 'M' 'M' 'M' 'U' 'M' 'M' 'M' 'M' 'U' 'M' 'M' 'U' 'M' 'M' 'M' 'M'
 'M' 'M' 'M' 'U' 'M' 'M' 'M' 'U' 'M' 'U' 'U' 'U' 'A' 'U' 'M' 'M' 'M' 'U']"
161101,0,147,5,142,51,0,0,"['A' 'M' 'U' 'U' 'M' 'M' 'M' 'M' 'M' 'M' 'U' 'M' 'U' 'M' 'M' 'M' 'M' 'M'
 'M' 'M' 'U' 'M' 'M' 'M' 'M' 'U' 'U' 'M' 'U' 'M' 'M' 'M' 'U' 'M' 'U' 'M'
 'M' 'U' 'M' 'A' 'U' 'M' 'M' 'U' 'U' 'M' 'U' 'M' 'M' 'M' 'A' 'M' 'U' 'U'
 'M' 'M' 'U' 'U' 'M' 'M' 'M' 'M' 'M' 'M' 'M' 'M' 'M' 'M' 'M' 'M' 'U' 'M'
 'U' 'M' 'M' 'M' 'M' 'M' 'U' 'M' 'M' 'M' 'M' 'M' 'U' 'M' 'M' 'M' 'M' 'M'
 'U' 'M' 'M' 'M' 'M' 'M' 'M' 'M' 'M' 'M' 'U' 'M' 'M' 'M' 'U' 'M' 'M' 'M'
 'U' 'M' 'M' 'M' 'M' 'M' 'M' 'U' 'A' 'M' 'M' 'M' 'M' 'M' 'M' 'U' 'M' 'U'
 'U' 'M' 'M' 'M' 'M' 'U' 'U' 'M' 'U' 'U' 'M' 'U' 'U' 'M' 'U' 'M' 'M' 'M'
 'U' 'U' 'M' 'M' 'M' 'M' 'M' 'M' 'U' 'M' 'M' 'M' 'M' 'M' 'M' 'M' 'U' 'M'
 'A' 'U' 'M' 'M' 'M' 'U' 'M' 'M' 'U' 'M' 'M' 'M' 'M' 'U' 'M' 'M' 'M' 'M'
 'M' 'M' 'M' 'U' 'M' 'M' 'M' 'M' 'M' 'M' 'M' 'U' 'U' 'U' 'M' 'M' 'M' 'U']"
161201,0,150,6,144,48,0,0,"['A' 'M' 'U' 'U' 'M' 'M' 'M' 'M' 'M' 'M' 'U' 'M' 'U' 'M' 'U' 'M' 'M' 'M'
 'M' 'M' 'U' 'M' 'M' 'M' 'M' 'M' 'U' 'M' 'U' 'U' 'M' 'M' 'U' 'M' 'M' 'M'
 'M' 'U' 'M' 'A' 'U' 'M' 'M' 'U' 'U' 'M' 'M' 'M' 'M' 'M' 'A' 'M' 'U' 'M'
 'M' 'M' 'U' 'U' 'M' 'M' 'M' 'M' 'M' 'M' 'M' 'M' 'M' 'M' 'M' 'M' 'M' 'U'
 'M' 'M' 'U' 'M' 'M' 'U' 'M' 'U' 'M' 'U' 'M' 'M' 'M' 'M' 'M' 'M' 'M' 'M'
 'M' 'M' 'M' 'M' 'M' 'M' 'M' 'M' 'M' 'M' 'U' 'M' 'M' 'M' 'A' 'M' 'M' 'M'
 'U' 'M' 'M' 'M' 'M' 'M' 'M' 'U' 'A' 'M' 'M' 'M' 'M' 'M' 'M' 'U' 'M' 'U'
 'U' 'M' 'M' 'M' 'M' 'U' 'U' 'M' 'M' 'U' 'M' 'U' 'M' 'M' 'U' 'M' 'M' 'M'
 'U' 'U' 'M' 'M' 'M' 'M' 'M' 'M' 'U' 'M' 'U' 'M' 'M' 'M' 'U' 'M' 'U' 'M'
 'A' 'U' 'M' 'M' 'M' 'M' 'M' 'M' 'U' 'M' 'M' 'M' 'M' 'U' 'M' 'M' 'M' 'U'
 'M' 'M' 'M' 'U' 'M' 'M' 'M' 'M' 'M' 'M' 'U' 'U' 'U' 'U' 'M' 'M' 'M' 'M']"
161301,0,154,6,148,44,0,0,"['A' 'M' 'M' 'M' 'M' 'M' 'M' 'M' 'M' 'M' 'M' 'M' 'U' 'M' 'U' 'M' 'M' 'U'
 'M' 'M' 'U' 'M' 'M' 'M' 'M' 'M' 'U' 'M' 'U' 'U' 'M' 'M' 'U' 'M' 'M' 'M'
 'M' 'U' 'M' 'A' 'U' 'M' 'M' 'U' 'M' 'M' 'M' 'M' 'M' 'M' 'A' 'M' 'U' 'M'
 'M' 'M' 'M' 'U' 'M' 'U' 'M' 'M' 'M' 'M' 'M' 'M' 'M' 'M' 'U' 'M' 'U' 'M'
 'M' 'M' 'M' 'M' 'M' 'M' 'U' 'M' 'M' 'M' 'M' 'M' 'M' 'U' 'M' 'M' 'M' 'M'
 'M' 'M' 'U' 'M' 'M' 'M' 'M' 'M' 'M' 'M' 'U' 'M' 'M' 'M' 'A' 'M' 'M' 'M'
 'U' 'M' 'M' 'M' 'M' 'M' 'M' 'M' 'A' 'M' 'M' 'M' 'M' 'M' 'M' 'U' 'M' 'U'
 'M' 'M' 'M' 'M' 'A' 'U' 'U' 'U' 'U' 'U' 'U' 'U' 'U' 'M' 'U' 'M' 'M' 'M'
 'U' 'U' 'M' 'M' 'M' 'M' 'M' 'M' 'U' 'U' 'U' 'M' 'M' 'M' 'M' 'M' 'U' 'M'
 'M' 'M' 'M' 'M' 'M' 'M' 'M' 'M' 'U' 'M' 'M' 'U' 'M' 'M' 'M' 'M' 'M' 'U'
 'M' 'M' 'U' 'U' 'M' 'M' 'M' 'M' 'M' 'M' 'U' 'M' 'M' 'M' 'M' 'M' 'M' 'M']"
161401,0,154,4,150,44,0,0,"['A' 'M' 'M' 'M' 'U' 'M' 'M' 'M' 'M' 'M' 'M' 'M' 'M' 'M' 'U' 'M' 'M' 'M'
 'M' 'M' 'U' 'M' 'M' 'M' 'M' 'M' 'U' 'M' 'U' 'U' 'M' 'M' 'U' 'M' 'M' 'M'
 'M' 'U' 'M' 'U' 'U' 'M' 'M' 'U' 'M' 'M' 'M' 'M' 'M' 'M' 'A' 'M' 'M' 'M'
 'M' 'M' 'M' 'U' 'M' 'U' 'M' 'M' 'M' 'M' 'M' 'M' 'M' 'M' 'M' 'M' 'M' 'M'
 'M' 'U' 'M' 'M' 'M' 'M' 'M' 'M' 'M' 'M' 'M' 'U' 'M' 'M' 'M' 'M' 'M' 'U'
 'M' 'M' 'U' 'U' 'M' 'M' 'M' 'M' 'M' 'M' 'U' 'M' 'M' 'M' 'A' 'M' 'M' 'M'
 'U' 'M' 'M' 'M' 'M' 'M' 'M' 'M' 'U' 'M' 'U' 'M' 'M' 'M' 'M' 'U' 'M' 'U'
 'M' 'M' 'M' 'M' 'M' 'M' 'U' 'U' 'A' 'M' 'U' 'M' 'U' 'M' 'U' 'M' 'M' 'M'
 'U' 'U' 'M' 'M' 'M' 'M' 'M' 'M' 'U' 'U' 'U' 'M' 'U' 'M' 'M' 'M' 'U' 'M'
 'M' 'M' 'M' 'M' 'M' 'M' 'M' 'M' 'U' 'U' 'M' 'M' 'M' 'M' 'M' 'M' 'M' 'U'
 'M' 'M' 'U' 'U' 'M' 'M' 'M' 'M' 'M' 'U' 'U' 'M' 'M' 'U' 'M' 'M' 'M' 'M']"
161501,0,159,4,155,39,0,1,"['A' 'M' 'M' 'M' 'U' 'M' 'U' 'M' 'M' 'M' 'M' 'M' 'M' 'M' 'U' 'M' 'M' 'M'
 'M' 'M' 'U' 'M' 'M' 'M' 'M' 'M' 'U' 'M' 'U' 'U' 'M' 'M' 'U' 'M' 'M' 'M'
 'M' 'M' 'M' 'M' 'U' 'M' 'M' 'U' 'M' 'M' 'M' 'M' 'M' 'M' 'A' 'M' 'M' 'M'
 'M' 'M' 'M' 'U' 'M' 'U' 'M' 'M' 'M' 'M' 'M' 'M' 'M' 'M' 'M' 'M' 'M' 'U'
 'M' 'M' 'U' 'M' 'M' 'M' 'M' 'U' 'M' 'U' 'M' 'M' 'M' 'M' 'M' 'M' 'M' 'M'
 'M' 'U' 'M' 'M' 'M' 'M' 'M' 'M' 'M' 'M' 'M' 'M' 'M' 'M' 'A' 'M' 'M' 'M'
 'U' 'M' 'M' 'M' 'U' 'M' 'M' 'M' 'U' 'M' 'U' 'M' 'M' 'M' 'M' 'U' 'M' 'U'
 'M' 'M' 'M' 'M' 'M' 'M' 'U' 'U' 'A' 'M' 'M' 'M' 'M' 'M' 'M' 'M' 'M' 'M'
 'U' 'U' 'M' 'M' 'M' 'M' 'U' 'M' 'U' 'U' 'U' 'M' 'U' 'M' 'M' 'M' 'U' 'M'
 'M' 'U' 'M' 'M' 'M' 'M' 'M' 'M' 'U' 'U' 'M' 'M' 'M' 'M' 'M' 'M' 'M' 'M'
 'M' 'M' 'U' 'M' 'M' 'M' 'M' 'M' 'M' 'M' 'U' 'M' 'M' 'M' 'M' 'M' 'M' 'U']"
161601,0,164,4,160,34,0,0,"['A' 'M' 'M' 'M' 'U' 'M' 'U' 'M' 'M' 'M' 'M' 'M' 'M' 'M' 'M' 'M' 'M' 'M'
 'U' 'M' 'U' 'M' 'M' 'M' 'M' 'M' 'U' 'M' 'U' 'M' 'M' 'M' 'M' 'M' 'M' 'M'
 'M' 'M' 'M' 'U' 'M' 'M' 'M' 'U' 'M' 'M' 'M' 'M' 'M' 'M' 'A' 'M' 'M' 'M'
 'M' 'M' 'M' 'M' 'M' 'M' 'M' 'M' 'M' 'M' 'M' 'U' 'M' 'M' 'M' 'U' 'M' 'M'
 'M' 'M' 'M' 'M' 'M' 'M' 'M' 'M' 'M' 'M' 'U' 'M' 'M' 'M' 'M' 'M' 'M' 'U'
 'M' 'M' 'U' 'M' 'M' 'M' 'M' 'M' 'M' 'M' 'M' 'M' 'M' 'M' 'A' 'U' 'M' 'M'
 'U' 'M' 'M' 'M' 'U' 'M' 'M' 'M' 'U' 'M' 'U' 'M' 'M' 'M' 'M' 'U' 'M' 'U'
 'M' 'M' 'M' 'U' 'M' 'M' 'M' 'M' 'A' 'M' 'M' 'M' 'M' 'M' 'M' 'M' 'U' 'U'
 'U' 'U' 'M' 'M' 'M' 'M' 'U' 'M' 'U' 'U' 'M' 'M' 'U' 'M' 'M' 'M' 'U' 'M'
 'M' 'U' 'M' 'M' 'M' 'M' 'M' 'M' 'M' 'U' 'M' 'M' 'M' 'M' 'M' 'M' 'M' 'M'
 'M' 'M' 'U' 'M' 'M' 'M' 'M' 'M' 'M' 'M' 'U' 'M' 'M' 'M' 'M' 'M' 'M' 'M']"
161701,0,168,5,163,30,0,0,"['A' 'M' 'M' 'M' 'U' 'M' 'U' 'M' 'M' 'M' 'M' 'M' 'M' 'M' 'M' 'M' 'M' 'M'
 'U' 'M' 'M' 'M' 'M' 'M' 'M' 'M' 'U' 'M' 'U' 'M' 'M' 'M' 'M' 'M' 'M' 'M'
 'M' 'M' 'M' 'U' 'U' 'M' 'M' 'U' 'M' 'M' 'M' 'M' 'M' 'M' 'U' 'M' 'M' 'M'
 'M' 'M' 'M' 'M' 'M' 'M' 'M' 'M' 'M' 'M' 'M' 'M' 'M' 'M' 'M' 'M' 'M' 'U'
 'M' 'M' 'M' 'M' 'U' 'M' 'M' 'M' 'M' 'M' 'U' 'U' 'M' 'M' 'M' 'M' 'M' 'U'
 'M' 'M' 'M' 'M' 'M' 'M' 'M' 'M' 'M' 'M' 'M' 'M' 'M' 'M' 'A' 'U' 'M' 'M'
 'A' 'M' 'M' 'M' 'U' 'U' 'M' 'M' 'U' 'M' 'M' 'M' 'M' 'M' 'M' 'U' 'M' 'U'
 'M' 'M' 'M' 'M' 'M' 'M' 'M' 'M' 'A' 'M' 'M' 'M' 'M' 'M' 'M' 'M' 'M' 'U'
 'U' 'A' 'M' 'M' 'M' 'M' 'U' 'M' 'U' 'M' 'M' 'M' 'M' 'M' 'M' 'M' 'U' 'M'
 'M' 'U' 'U' 'M' 'M' 'M' 'M' 'M' 'M' 'U' 'M' 'M' 'M' 'M' 'M' 'M' 'M' 'M'
 'M' 'M' 'U' 'M' 'M' 'M' 'M' 'M' 'M' 'M' 'U' 'M' 'M' 'M' 'M' 'M' 'M' 'M']"
161801,0,169,5,164,29,0,0,"['A' 'M' 'M' 'M' 'U' 'M' 'U' 'M' 'M' 'M' 'M' 'M' 'M' 'M' 'M' 'M' 'M' 'M'
 'U' 'M' 'M' 'M' 'M' 'M' 'M' 'M' 'M' 'M' 'U' 'M' 'M' 'M' 'M' 'U' 'M' 'M'
 'M' 'M' 'M' 'U' 'A' 'M' 'M' 'U' 'M' 'M' 'M' 'M' 'M' 'M' 'U' 'M' 'M' 'M'
 'M' 'M' 'M' 'M' 'M' 'M' 'M' 'M' 'M' 'M' 'M' 'M' 'M' 'M' 'U' 'M' 'M' 'M'
 'M' 'M' 'M' 'U' 'M' 'M' 'U' 'M' 'M' 'M' 'M' 'M' 'M' 'M' 'M' 'M' 'M' 'U'
 'M' 'M' 'M' 'U' 'M' 'M' 'M' 'M' 'M' 'M' 'M' 'M' 'M' 'M' 'A' 'U' 'M' 'M'
 'A' 'M' 'M' 'M' 'U' 'M' 'U' 'M' 'U' 'M' 'U' 'U' 'M' 'M' 'M' 'U' 'M' 'U'
 'M' 'M' 'M' 'M' 'M' 'M' 'M' 'M' 'A' 'M' 'M' 'M' 'M' 'M' 'M' 'M' 'M' 'U'
 'U' 'M' 'M' 'M' 'M' 'M' 'U' 'M' 'M' 'M' 'M' 'M' 'M' 'M' 'M' 'M' 'U' 'M'
 'M' 'U' 'U' 'M' 'M' 'M' 'M' 'M' 'M' 'U' 'M' 'M' 'M' 'M' 'M' 'M' 'M' 'M'
 'M' 'M' 'M' 'M' 'M' 'M' 'M' 'M' 'M' 'M' 'U' 'M' 'M' 'M' 'M' 'M' 'M' 'M']"
161901,0,167,4,163,31,0,0,"['A' 'M' 'M' 'M' 'U' 'M' 'U' 'M' 'M' 'M' 'M' 'M' 'M' 'M' 'M' 'M' 'M' 'M'
 'U' 'M' 'M' 'M' 'M' 'M' 'M' 'M' 'M' 'M' 'U' 'M' 'M' 'M' 'M' 'U' 'M' 'M'
 'M' 'M' 'M' 'U' 'U' 'M' 'M' 'U' 'M' 'M' 'M' 'M' 'M' 'M' 'U' 'M' 'M' 'M'
 'M' 'M' 'M' 'M' 'M' 'M' 'M' 'M' 'M' 'M' 'M' 'M' 'U' 'M' 'M' 'U' 'M' 'M'
 'U' 'M' 'M' 'M' 'M' 'M' 'M' 'U' 'U' 'M' 'M' 'M' 'M' 'M' 'M' 'M' 'M' 'M'
 'M' 'M' 'M' 'M' 'M' 'M' 'M' 'M' 'M' 'M' 'M' 'M' 'U' 'M' 'U' 'U' 'M' 'M'
 'A' 'M' 'M' 'M' 'U' 'M' 'A' 'M' 'U' 'M' 'U' 'U' 'M' 'M' 'M' 'U' 'M' 'U'
 'M' 'M' 'M' 'M' 'M' 'M' 'M' 'M' 'A' 'M' 'M' 'M' 'U' 'M' 'M' 'M' 'M' 'U'
 'U' 'M' 'M' 'M' 'M' 'M' 'M' 'M' 'M' 'M' 'M' 'M' 'M' 'M' 'M' 'M' 'U' 'M'
 'M' 'M' 'U' 'M' 'M' 'M' 'M' 'M' 'M' 'U' 'M' 'M' 'U' 'M' 'M' 'M' 'M' 'M'
 'M' 'M' 'M' 'M' 'M' 'M' 'M' 'M' 'M' 'M' 'U' 'M' 'M' 'M' 'M' 'M' 'M' 'M']"
162001,0,165,2,163,33,0,0,"['A' 'M' 'M' 'M' 'U' 'M' 'U' 'M' 'M' 'M' 'M' 'M' 'U' 'M' 'M' 'M' 'M' 'M'
 'U' 'M' 'M' 'M' 'M' 'M' 'M' 'M' 'M' 'M' 'A' 'M' 'M' 'M' 'M' 'M' 'M' 'M'
 'M' 'M' 'M' 'U' 'U' 'M' 'M' 'U' 'M' 'M' 'M' 'M' 'M' 'M' 'U' 'M' 'M' 'M'
 'M' 'M' 'M' 'U' 'M' 'M' 'M' 'M' 'M' 'M' 'M' 'M' 'M' 'M' 'M' 'U' 'M' 'M'
 'M' 'M' 'M' 'M' 'M' 'M' 'U' 'U' 'M' 'U' 'M' 'M' 'M' 'M' 'M' 'M' 'M' 'U'
 'M' 'M' 'M' 'M' 'M' 'M' 'M' 'M' 'M' 'M' 'M' 'M' 'U' 'M' 'U' 'U' 'M' 'M'
 'U' 'M' 'M' 'M' 'U' 'M' 'U' 'M' 'M' 'M' 'M' 'U' 'M' 'M' 'M' 'U' 'M' 'U'
 'M' 'M' 'M' 'M' 'M' 'M' 'M' 'M' 'U' 'M' 'M' 'M' 'M' 'M' 'M' 'M' 'M' 'U'
 'M' 'M' 'M' 'U' 'M' 'M' 'M' 'M' 'M' 'M' 'M' 'M' 'M' 'M' 'M' 'M' 'U' 'M'
 'U' 'M' 'U' 'M' 'M' 'M' 'M' 'U' 'M' 'U' 'M' 'M' 'U' 'M' 'M' 'M' 'M' 'M'
 'M' 'M' 'M' 'M' 'M' 'M' 'M' 'M' 'M' 'M' 'U' 'M' 'M' 'M' 'M' 'M' 'M' 'M']"
162101,0,173,4,169,25,0,0,"['A' 'M' 'M' 'M' 'U' 'M' 'U' 'M' 'M' 'M' 'M' 'M' 'U' 'M' 'M' 'M' 'M' 'M'
 'U' 'M' 'M' 'M' 'M' 'M' 'M' 'M' 'M' 'M' 'A' 'M' 'M' 'M' 'M' 'M' 'M' 'M'
 'A' 'M' 'M' 'U' 'U' 'M' 'M' 'U' 'M' 'M' 'M' 'M' 'M' 'M' 'U' 'M' 'M' 'M'
 'M' 'M' 'M' 'M' 'M' 'M' 'M' 'M' 'M' 'M' 'M' 'M' 'U' 'M' 'M' 'M' 'U' 'M'
 'M' 'M' 'M' 'M' 'M' 'M' 'M' 'M' 'U' 'M' 'M' 'U' 'M' 'M' 'M' 'M' 'M' 'M'
 'U' 'M' 'M' 'M' 'M' 'M' 'M' 'M' 'M' 'M' 'M' 'M' 'M' 'M' 'U' 'U' 'M' 'M'
 'U' 'M' 'M' 'M' 'A' 'M' 'U' 'M' 'U' 'M' 'M' 'U' 'M' 'M' 'M' 'M' 'M' 'M'
 'M' 'M' 'M' 'M' 'U' 'M' 'M' 'M' 'M' 'M' 'M' 'M' 'M' 'M' 'U' 'M' 'M' 'U'
 'M' 'M' 'M' 'M' 'M' 'M' 'M' 'M' 'M' 'M' 'M' 'M' 'M' 'M' 'M' 'M' 'U' 'M'
 'M' 'M' 'U' 'M' 'M' 'M' 'M' 'M' 'M' 'U' 'M' 'M' 'M' 'M' 'M' 'M' 'M' 'M'
 'M' 'M' 'M' 'M' 'M' 'M' 'M' 'M' 'M' 'M' 'M' 'M' 'M' 'M' 'M' 'M' 'M' 'M']"
162201,0,161,3,158,37,0,0,"['A' 'M' 'M' 'U' 'U' 'M' 'U' 'M' 'M' 'M' 'M' 'U' 'U' 'M' 'M' 'U' 'M' 'U'
 'U' 'M' 'M' 'M' 'M' 'M' 'M' 'M' 'M' 'M' 'A' 'M' 'M' 'M' 'M' 'M' 'M' 'U'
 'U' 'M' 'M' 'U' 'M' 'M' 'M' 'U' 'M' 'M' 'M' 'M' 'M' 'U' 'U' 'M' 'M' 'M'
 'U' 'M' 'M' 'M' 'M' 'M' 'M' 'M' 'M' 'M' 'M' 'M' 'M' 'M' 'M' 'M' 'M' 'U'
 'M' 'U' 'M' 'U' 'M' 'M' 'M' 'M' 'M' 'M' 'U' 'M' 'M' 'M' 'M' 'M' 'M' 'M'
 'M' 'U' 'M' 'M' 'M' 'M' 'M' 'M' 'U' 'M' 'M' 'M' 'M' 'M' 'U' 'M' 'M' 'M'
 'U' 'M' 'M' 'M' 'A' 'M' 'U' 'M' 'U' 'M' 'M' 'U' 'M' 'M' 'M' 'M' 'M' 'M'
 'M' 'M' 'M' 'M' 'U' 'M' 'U' 'M' 'M' 'M' 'M' 'M' 'M' 'M' 'U' 'U' 'M' 'U'
 'M' 'M' 'M' 'M' 'M' 'M' 'M' 'M' 'M' 'M' 'U' 'M' 'M' 'M' 'M' 'M' 'M' 'M'
 'M' 'U' 'U' 'M' 'M' 'M' 'M' 'M' 'M' 'U' 'M' 'M' 'M' 'M' 'U' 'M' 'U' 'M'
 'M' 'M' 'M' 'M' 'M' 'M' 'M' 'M' 'M' 'M' 'M' 'M' 'M' 'M' 'M' 'M' 'M' 'M']"
162301,0,166,3,163,32,0,0,"['A' 'M' 'M' 'U' 'M' 'M' 'U' 'M' 'M' 'M' 'M' 'U' 'U' 'M' 'M' 'U' 'M' 'U'
 'U' 'M' 'M' 'M' 'M' 'M' 'M' 'M' 'M' 'U' 'A' 'M' 'M' 'M' 'M' 'M' 'M' 'U'
 'U' 'M' 'M' 'U' 'M' 'M' 'M' 'M' 'M' 'M' 'M' 'M' 'M' 'U' 'M' 'M' 'M' 'M'
 'M' 'M' 'M' 'M' 'M' 'M' 'M' 'M' 'M' 'M' 'M' 'M' 'M' 'M' 'M' 'M' 'M' 'M'
 'M' 'M' 'M' 'M' 'U' 'U' 'U' 'M' 'M' 'M' 'M' 'M' 'M' 'M' 'M' 'M' 'M' 'M'
 'M' 'M' 'U' 'U' 'M' 'M' 'M' 'M' 'U' 'M' 'M' 'M' 'M' 'M' 'M' 'M' 'M' 'M'
 'U' 'M' 'M' 'M' 'U' 'M' 'M' 'M' 'M' 'M' 'M' 'U' 'M' 'M' 'M' 'U' 'M' 'M'
 'M' 'M' 'M' 'M' 'M' 'M' 'U' 'M' 'M' 'M' 'M' 'M' 'M' 'M' 'U' 'U' 'M' 'U'
 'U' 'U' 'M' 'M' 'M' 'M' 'M' 'M' 'M' 'M' 'M' 'M' 'M' 'M' 'M' 'M' 'M' 'M'
 'M' 'U' 'U' 'M' 'M' 'M' 'M' 'M' 'M' 'A' 'M' 'M' 'M' 'M' 'M' 'M' 'U' 'M'
 'M' 'M' 'M' 'M' 'M' 'U' 'M' 'M' 'M' 'M' 'M' 'M' 'M' 'M' 'M' 'M' 'M' 'M']"
162401,0,164,2,162,34,1,0,"['A' 'M' 'M' 'M' 'M' 'M' 'U' 'M' 'M' 'M' 'M' 'U' 'U' 'M' 'M' 'M' 'M' 'U'
 'U' 'M' 'U' 'M' 'M' 'M' 'M' 'U' 'M' 'U' 'U' 'M' 'M' 'M' 'M' 'M' 'U' 'U'
 'M' 'M' 'M' 'M' 'M' 'M' 'M' 'M' 'M' 'M' 'M' 'M' 'M' 'U' 'M' 'M' 'M' 'U'
 'M' 'M' 'M' 'M' 'M' 'M' 'M' 'M' 'U' 'M' 'M' 'M' 'U' 'M' 'M' 'M' 'M' 'M'
 'M' 'M' 'M' 'U' 'M' 'M' 'M' 'M' 'M' 'M' 'M' 'U' 'M' 'M' 'U' 'M' 'M' 'M'
 'M' 'U' 'M' 'M' 'M' 'U' 'M' 'M' 'M' 'M' 'M' 'M' 'M' 'M' 'M' 'M' 'M' 'M'
 'U' 'M' 'M' 'M' 'M' 'M' 'M' 'M' 'M' 'M' 'M' 'U' 'M' 'M' 'M' 'U' 'M' 'M'
 'M' 'M' 'M' 'M' 'M' 'M' 'U' 'U' 'M' 'M' 'M' 'M' 'M' 'M' 'U' 'U' 'M' 'U'
 'M' 'U' 'M' 'M' 'M' 'M' 'U' 'M' 'M' 'M' 'M' 'M' 'M' 'M' 'M' 'M' 'M' 'M'
 'M' 'U' 'U' 'M' 'M' 'M' 'M' 'M' 'M' 'A' 'M' 'M' 'M' 'M' 'M' 'M' 'M' 'M'
 'M' 'M' 'M' 'M' 'M' 'U' 'M' 'U' 'M' 'M' 'M' 'M' 'M' 'M' 'M' 'M' 'M' 'M']"
162501,0,163,3,160,35,0,0,"['A' 'M' 'M' 'M' 'M' 'M' 'U' 'M' 'M' 'M' 'M' 'M' 'U' 'M' 'M' 'M' 'M' 'U'
 'U' 'M' 'U' 'M' 'M' 'M' 'M' 'M' 'M' 'U' 'U' 'M' 'M' 'M' 'M' 'M' 'U' 'U'
 'M' 'M' 'M' 'M' 'M' 'M' 'M' 'M' 'M' 'M' 'M' 'M' 'M' 'U' 'M' 'M' 'M' 'A'
 'M' 'M' 'M' 'M' 'M' 'M' 'M' 'M' 'U' 'M' 'M' 'M' 'M' 'U' 'M' 'U' 'M' 'M'
 'M' 'M' 'M' 'M' 'M' 'M' 'M' 'M' 'M' 'M' 'M' 'M' 'M' 'M' 'M' 'U' 'M' 'U'
 'U' 'M' 'M' 'M' 'M' 'U' 'M' 'M' 'M' 'U' 'M' 'M' 'M' 'M' 'M' 'U' 'M' 'M'
 'U' 'M' 'M' 'M' 'M' 'U' 'M' 'M' 'M' 'M' 'M' 'U' 'M' 'M' 'M' 'U' 'M' 'M'
 'M' 'M' 'M' 'M' 'M' 'M' 'U' 'U' 'M' 'M' 'M' 'M' 'M' 'M' 'U' 'U' 'M' 'U'
 'M' 'U' 'M' 'M' 'M' 'M' 'M' 'M' 'M' 'M' 'M' 'M' 'M' 'M' 'M' 'U' 'U' 'M'
 'M' 'M' 'U' 'M' 'M' 'M' 'M' 'M' 'M' 'A' 'M' 'M' 'U' 'M' 'M' 'M' 'M' 'M'
 'M' 'M' 'M' 'M' 'M' 'U' 'M' 'U' 'M' 'M' 'M' 'M' 'M' 'M' 'M' 'M' 'M' 'M']"
162601,0,164,2,162,34,0,0,"['A' 'M' 'M' 'M' 'M' 'M' 'U' 'M' 'M' 'M' 'M' 'M' 'U' 'M' 'M' 'M' 'M' 'U'
 'U' 'M' 'U' 'M' 'M' 'M' 'M' 'M' 'M' 'U' 'M' 'M' 'M' 'M' 'M' 'U' 'M' 'U'
 'M' 'M' 'U' 'M' 'M' 'M' 'M' 'M' 'M' 'M' 'M' 'M' 'M' 'M' 'M' 'M' 'M' 'A'
 'M' 'M' 'M' 'M' 'M' 'M' 'M' 'M' 'U' 'M' 'M' 'M' 'U' 'M' 'M' 'M' 'M' 'M'
 'M' 'M' 'M' 'M' 'M' 'M' 'M' 'M' 'M' 'M' 'M' 'U' 'U' 'M' 'M' 'M' 'M' 'U'
 'M' 'M' 'M' 'M' 'U' 'U' 'M' 'M' 'M' 'U' 'M' 'M' 'U' 'M' 'M' 'M' 'M' 'M'
 'U' 'M' 'M' 'M' 'M' 'M' 'M' 'M' 'M' 'M' 'M' 'U' 'M' 'M' 'M' 'M' 'M' 'M'
 'M' 'M' 'M' 'M' 'M' 'U' 'U' 'M' 'M' 'U' 'M' 'U' 'U' 'M' 'U' 'M' 'M' 'U'
 'M' 'M' 'M' 'M' 'M' 'M' 'M' 'U' 'M' 'M' 'M' 'M' 'M' 'M' 'M' 'U' 'M' 'M'
 'U' 'M' 'M' 'M' 'M' 'M' 'M' 'M' 'M' 'U' 'M' 'M' 'U' 'M' 'M' 'M' 'M' 'M'
 'M' 'M' 'M' 'M' 'M' 'M' 'M' 'U' 'M' 'M' 'M' 'M' 'M' 'M' 'U' 'M' 'M' 'M']"
162701,0,168,3,165,30,0,0,"['A' 'M' 'M' 'M' 'U' 'M' 'U' 'M' 'M' 'M' 'M' 'M' 'U' 'M' 'M' 'M' 'M' 'U'
 'U' 'M' 'U' 'M' 'M' 'U' 'M' 'M' 'M' 'U' 'M' 'M' 'M' 'M' 'M' 'M' 'M' 'M'
 'M' 'M' 'M' 'M' 'M' 'M' 'U' 'M' 'M' 'M' 'M' 'M' 'M' 'M' 'M' 'M' 'M' 'A'
 'M' 'M' 'M' 'M' 'M' 'M' 'M' 'M' 'U' 'M' 'M' 'M' 'U' 'U' 'M' 'M' 'M' 'M'
 'M' 'U' 'M' 'M' 'M' 'M' 'M' 'M' 'M' 'U' 'M' 'M' 'M' 'U' 'M' 'M' 'M' 'M'
 'M' 'M' 'M' 'M' 'M' 'A' 'M' 'M' 'M' 'U' 'M' 'M' 'U' 'M' 'U' 'M' 'M' 'M'
 'U' 'M' 'M' 'M' 'M' 'M' 'M' 'M' 'M' 'M' 'M' 'M' 'M' 'M' 'M' 'M' 'M' 'M'
 'M' 'M' 'M' 'M' 'M' 'U' 'U' 'M' 'M' 'M' 'M' 'U' 'M' 'M' 'U' 'M' 'M' 'U'
 'M' 'M' 'M' 'M' 'M' 'M' 'M' 'M' 'M' 'U' 'M' 'M' 'M' 'M' 'M' 'M' 'M' 'M'
 'U' 'M' 'M' 'M' 'M' 'M' 'M' 'M' 'M' 'U' 'M' 'M' 'U' 'M' 'M' 'M' 'M' 'M'
 'M' 'M' 'M' 'M' 'M' 'M' 'M' 'U' 'M' 'M' 'M' 'M' 'M' 'M' 'U' 'M' 'M' 'M']"
162801,0,165,3,162,33,1,0,"['A' 'M' 'M' 'M' 'U' 'M' 'U' 'M' 'M' 'M' 'M' 'M' 'U' 'M' 'M' 'M' 'M' 'U'
 'U' 'M' 'U' 'M' 'M' 'U' 'M' 'M' 'U' 'U' 'M' 'M' 'M' 'M' 'M' 'M' 'M' 'M'
 'M' 'U' 'M' 'M' 'M' 'M' 'U' 'M' 'M' 'M' 'M' 'M' 'M' 'M' 'M' 'M' 'M' 'A'
 'M' 'M' 'M' 'M' 'M' 'M' 'U' 'M' 'U' 'M' 'M' 'M' 'M' 'M' 'M' 'M' 'M' 'M'
 'M' 'M' 'M' 'M' 'M' 'M' 'M' 'M' 'M' 'M' 'M' 'M' 'U' 'U' 'M' 'U' 'M' 'M'
 'U' 'U' 'M' 'M' 'M' 'A' 'M' 'M' 'M' 'U' 'U' 'M' 'M' 'M' 'M' 'M' 'M' 'M'
 'U' 'M' 'M' 'M' 'M' 'M' 'M' 'M' 'M' 'M' 'M' 'M' 'M' 'M' 'M' 'M' 'M' 'M'
 'M' 'M' 'M' 'M' 'M' 'M' 'U' 'M' 'M' 'M' 'M' 'M' 'M' 'M' 'M' 'M' 'M' 'U'
 'M' 'M' 'M' 'U' 'M' 'M' 'M' 'M' 'M' 'U' 'M' 'M' 'M' 'M' 'M' 'M' 'M' 'M'
 'U' 'M' 'M' 'U' 'M' 'M' 'M' 'M' 'M' 'U' 'M' 'M' 'U' 'M' 'M' 'M' 'M' 'M'
 'M' 'M' 'M' 'M' 'U' 'M' 'U' 'U' 'M' 'M' 'M' 'M' 'M' 'M' 'U' 'M' 'M' 'M']"
162901,0,169,3,166,29,1,0,"['A' 'M' 'M' 'M' 'U' 'M' 'M' 'M' 'M' 'M' 'M' 'M' 'U' 'M' 'M' 'M' 'M' 'M'
 'U' 'M' 'M' 'M' 'M' 'U' 'M' 'M' 'U' 'M' 'U' 'M' 'M' 'M' 'M' 'M' 'M' 'M'
 'M' 'U' 'M' 'M' 'M' 'M' 'M' 'M' 'M' 'M' 'M' 'M' 'M' 'M' 'M' 'U' 'M' 'A'
 'M' 'M' 'M' 'M' 'M' 'M' 'U' 'M' 'U' 'M' 'M' 'M' 'M' 'M' 'M' 'M' 'M' 'M'
 'M' 'M' 'U' 'M' 'U' 'U' 'M' 'M' 'M' 'M' 'U' 'M' 'M' 'U' 'M' 'M' 'M' 'M'
 'M' 'M' 'M' 'M' 'M' 'A' 'M' 'M' 'M' 'M' 'M' 'M' 'M' 'M' 'M' 'M' 'M' 'M'
 'M' 'M' 'M' 'M' 'M' 'U' 'M' 'M' 'M' 'M' 'M' 'M' 'M' 'M' 'M' 'M' 'M' 'M'
 'M' 'M' 'M' 'M' 'M' 'M' 'U' 'M' 'M' 'M' 'M' 'M' 'M' 'M' 'M' 'M' 'M' 'M'
 'U' 'M' 'M' 'M' 'M' 'M' 'M' 'M' 'U' 'U' 'M' 'M' 'M' 'M' 'M' 'M' 'M' 'M'
 'M' 'M' 'M' 'U' 'M' 'M' 'M' 'M' 'M' 'U' 'M' 'M' 'U' 'M' 'U' 'U' 'M' 'M'
 'M' 'M' 'M' 'M' 'U' 'M' 'U' 'U' 'M' 'M' 'M' 'M' 'M' 'M' 'U' 'M' 'M' 'M']"
163001,0,165,4,161,33,0,0,"['A' 'M' 'M' 'M' 'M' 'M' 'M' 'M' 'M' 'M' 'M' 'M' 'U' 'M' 'M' 'M' 'M' 'M'
 'M' 'M' 'M' 'M' 'M' 'U' 'M' 'M' 'U' 'M' 'U' 'M' 'M' 'M' 'M' 'M' 'M' 'M'
 'M' 'U' 'M' 'M' 'M' 'M' 'M' 'M' 'M' 'M' 'M' 'M' 'M' 'M' 'M' 'U' 'M' 'A'
 'M' 'M' 'M' 'M' 'M' 'M' 'U' 'M' 'M' 'M' 'M' 'M' 'U' 'M' 'U' 'M' 'M' 'M'
 'M' 'M' 'M' 'M' 'M' 'M' 'M' 'M' 'M' 'M' 'M' 'M' 'M' 'M' 'U' 'M' 'M' 'M'
 'M' 'U' 'U' 'M' 'M' 'A' 'M' 'M' 'M' 'M' 'M' 'M' 'M' 'M' 'M' 'M' 'M' 'M'
 'M' 'M' 'M' 'M' 'M' 'A' 'M' 'M' 'M' 'M' 'M' 'M' 'M' 'M' 'M' 'M' 'M' 'M'
 'M' 'U' 'M' 'M' 'M' 'U' 'U' 'U' 'U' 'U' 'U' 'U' 'U' 'M' 'M' 'M' 'M' 'M'
 'U' 'M' 'M' 'M' 'M' 'M' 'M' 'M' 'U' 'M' 'U' 'U' 'M' 'M' 'M' 'M' 'U' 'M'
 'M' 'M' 'M' 'U' 'M' 'M' 'M' 'M' 'M' 'U' 'M' 'M' 'M' 'U' 'U' 'M' 'M' 'M'
 'M' 'M' 'M' 'M' 'U' 'M' 'U' 'U' 'M' 'M' 'M' 'M' 'M' 'M' 'M' 'M' 'M' 'M']"
163101,0,160,3,157,38,0,0,"['A' 'M' 'M' 'M' 'M' 'M' 'M' 'M' 'M' 'M' 'M' 'M' 'U' 'M' 'M' 'M' 'M' 'M'
 'M' 'M' 'M' 'M' 'M' 'U' 'M' 'M' 'M' 'M' 'U' 'M' 'M' 'M' 'M' 'M' 'M' 'M'
 'M' 'U' 'M' 'M' 'M' 'M' 'M' 'M' 'M' 'M' 'M' 'M' 'M' 'M' 'M' 'U' 'M' 'U'
 'M' 'M' 'M' 'M' 'M' 'M' 'U' 'M' 'M' 'M' 'M' 'M' 'M' 'M' 'M' 'M' 'M' 'M'
 'M' 'M' 'M' 'M' 'M' 'U' 'U' 'M' 'M' 'M' 'M' 'U' 'M' 'U' 'M' 'M' 'M' 'U'
 'M' 'M' 'M' 'M' 'M' 'A' 'M' 'M' 'U' 'M' 'M' 'M' 'M' 'M' 'M' 'M' 'U' 'M'
 'M' 'M' 'M' 'M' 'U' 'A' 'M' 'M' 'M' 'M' 'M' 'M' 'M' 'M' 'U' 'M' 'M' 'M'
 'M' 'U' 'M' 'M' 'M' 'U' 'U' 'U' 'U' 'U' 'U' 'U' 'U' 'M' 'M' 'M' 'U' 'M'
 'U' 'M' 'M' 'M' 'M' 'M' 'M' 'M' 'U' 'M' 'U' 'M' 'M' 'M' 'M' 'M' 'U' 'M'
 'M' 'M' 'M' 'U' 'M' 'M' 'M' 'M' 'M' 'U' 'M' 'M' 'M' 'U' 'U' 'M' 'M' 'M'
 'M' 'M' 'M' 'M' 'M' 'M' 'U' 'U' 'M' 'M' 'M' 'M' 'M' 'M' 'U' 'M' 'M' 'U']"
163201,0,168,2,166,30,0,0,"['A' 'M' 'M' 'M' 'M' 'M' 'M' 'M' 'M' 'M' 'M' 'M' 'U' 'M' 'M' 'M' 'M' 'M'
 'M' 'M' 'M' 'M' 'M' 'U' 'M' 'M' 'M' 'M' 'U' 'M' 'M' 'M' 'M' 'U' 'M' 'M'
 'M' 'M' 'M' 'M' 'M' 'M' 'M' 'M' 'M' 'M' 'U' 'M' 'M' 'U' 'M' 'M' 'M' 'M'
 'M' 'M' 'M' 'M' 'M' 'M' 'U' 'M' 'M' 'U' 'M' 'M' 'M' 'M' 'M' 'M' 'M' 'U'
 'U' 'M' 'U' 'M' 'M' 'U' 'M' 'M' 'M' 'M' 'M' 'M' 'U' 'M' 'M' 'M' 'M' 'M'
 'M' 'M' 'M' 'M' 'M' 'U' 'M' 'M' 'M' 'M' 'M' 'M' 'M' 'M' 'M' 'M' 'U' 'M'
 'M' 'M' 'M' 'M' 'M' 'A' 'M' 'M' 'M' 'M' 'M' 'M' 'M' 'M' 'U' 'M' 'M' 'M'
 'M' 'U' 'M' 'M' 'M' 'U' 'U' 'M' 'U' 'M' 'U' 'U' 'M' 'M' 'M' 'M' 'U' 'M'
 'M' 'M' 'M' 'M' 'M' 'M' 'M' 'M' 'M' 'M' 'U' 'M' 'M' 'M' 'M' 'M' 'M' 'M'
 'M' 'M' 'M' 'M' 'M' 'M' 'M' 'M' 'M' 'M' 'M' 'M' 'M' 'U' 'M' 'M' 'M' 'M'
 'M' 'M' 'M' 'M' 'M' 'M' 'U' 'U' 'M' 'M' 'M' 'M' 'M' 'M' 'U' 'U' 'M' 'U']"
163301,0,171,4,167,27,0,0,"['A' 'M' 'M' 'M' 'M' 'M' 'M' 'M' 'M' 'M' 'M' 'M' 'U' 'M' 'M' 'U' 'M' 'M'
 'M' 'M' 'M' 'M' 'M' 'U' 'M' 'U' 'M' 'M' 'U' 'M' 'M' 'M' 'M' 'M' 'M' 'M'
 'M' 'M' 'M' 'M' 'M' 'M' 'M' 'M' 'M' 'M' 'M' 'M' 'M' 'U' 'M' 'M' 'M' 'M'
 'M' 'M' 'M' 'M' 'M' 'M' 'A' 'M' 'M' 'U' 'M' 'M' 'U' 'M' 'M' 'M' 'M' 'M'
 'M' 'M' 'U' 'M' 'U' 'M' 'M' 'M' 'U' 'M' 'M' 'M' 'U' 'M' 'M' 'M' 'M' 'M'
 'M' 'M' 'M' 'M' 'M' 'A' 'M' 'M' 'U' 'M' 'M' 'M' 'M' 'M' 'M' 'M' 'U' 'M'
 'M' 'M' 'M' 'M' 'M' 'A' 'M' 'U' 'M' 'M' 'M' 'M' 'M' 'M' 'U' 'M' 'M' 'M'
 'M' 'U' 'M' 'M' 'M' 'U' 'M' 'M' 'U' 'M' 'M' 'U' 'M' 'M' 'M' 'M' 'U' 'M'
 'M' 'M' 'M' 'M' 'M' 'M' 'M' 'M' 'M' 'M' 'M' 'M' 'M' 'M' 'M' 'M' 'M' 'M'
 'M' 'M' 'M' 'M' 'M' 'M' 'M' 'M' 'M' 'M' 'M' 'M' 'M' 'U' 'M' 'M' 'M' 'M'
 'M' 'M' 'M' 'M' 'M' 'M' 'M' 'U' 'M' 'M' 'M' 'U' 'M' 'M' 'U' 'U' 'M' 'U']"
163401,0,168,5,163,30,0,0,"['A' 'M' 'M' 'M' 'M' 'M' 'M' 'M' 'M' 'U' 'M' 'M' 'U' 'M' 'U' 'U' 'M' 'M'
 'M' 'M' 'M' 'M' 'M' 'U' 'M' 'U' 'M' 'M' 'U' 'M' 'M' 'M' 'M' 'M' 'M' 'M'
 'M' 'M' 'M' 'M' 'M' 'M' 'M' 'M' 'M' 'M' 'M' 'M' 'M' 'U' 'M' 'M' 'M' 'M'
 'M' 'M' 'M' 'M' 'M' 'M' 'U' 'M' 'M' 'U' 'M' 'M' 'M' 'M' 'M' 'M' 'M' 'M'
 'U' 'M' 'M' 'M' 'M' 'U' 'M' 'M' 'U' 'M' 'M' 'M' 'M' 'M' 'M' 'M' 'M' 'M'
 'U' 'U' 'M' 'M' 'M' 'U' 'M' 'M' 'U' 'M' 'M' 'M' 'M' 'M' 'M' 'M' 'M' 'M'
 'M' 'M' 'M' 'M' 'M' 'A' 'M' 'M' 'U' 'U' 'M' 'M' 'M' 'M' 'M' 'M' 'M' 'M'
 'M' 'M' 'M' 'M' 'A' 'U' 'M' 'M' 'U' 'M' 'M' 'A' 'M' 'M' 'M' 'M' 'U' 'M'
 'M' 'M' 'M' 'M' 'M' 'U' 'M' 'M' 'M' 'M' 'M' 'M' 'M' 'M' 'M' 'M' 'M' 'U'
 'M' 'M' 'M' 'M' 'M' 'M' 'M' 'M' 'M' 'M' 'M' 'M' 'M' 'U' 'M' 'M' 'U' 'M'
 'M' 'M' 'M' 'M' 'M' 'M' 'M' 'U' 'M' 'M' 'M' 'U' 'M' 'M' 'U' 'M' 'A' 'U']"
163501,0,163,4,159,35,1,0,"['A' 'M' 'M' 'M' 'M' 'M' 'M' 'M' 'M' 'U' 'M' 'M' 'U' 'M' 'U' 'M' 'M' 'M'
 'M' 'M' 'U' 'M' 'M' 'U' 'U' 'M' 'M' 'M' 'U' 'M' 'M' 'M' 'M' 'M' 'M' 'U'
 'M' 'M' 'M' 'M' 'M' 'M' 'M' 'U' 'M' 'M' 'M' 'M' 'M' 'M' 'M' 'U' 'M' 'M'
 'M' 'M' 'M' 'M' 'M' 'M' 'U' 'U' 'M' 'M' 'M' 'M' 'M' 'M' 'M' 'M' 'U' 'M'
 'U' 'M' 'M' 'M' 'M' 'M' 'U' 'M' 'M' 'M' 'M' 'M' 'M' 'M' 'M' 'U' 'M' 'M'
 'U' 'M' 'M' 'M' 'M' 'U' 'M' 'M' 'U' 'M' 'M' 'M' 'M' 'M' 'M' 'M' 'M' 'M'
 'M' 'M' 'M' 'M' 'M' 'U' 'M' 'M' 'M' 'U' 'M' 'M' 'M' 'M' 'U' 'M' 'M' 'M'
 'M' 'M' 'M' 'M' 'A' 'M' 'M' 'U' 'U' 'U' 'M' 'A' 'M' 'M' 'M' 'M' 'U' 'M'
 'M' 'M' 'M' 'U' 'M' 'U' 'M' 'M' 'M' 'M' 'M' 'M' 'M' 'M' 'U' 'M' 'M' 'U'
 'M' 'M' 'M' 'M' 'M' 'M' 'M' 'M' 'M' 'M' 'M' 'M' 'U' 'M' 'M' 'M' 'M' 'M'
 'M' 'M' 'U' 'M' 'M' 'M' 'M' 'U' 'M' 'M' 'M' 'U' 'M' 'M' 'U' 'M' 'A' 'M']"
163601,0,163,3,160,35,1,0,"['A' 'M' 'M' 'M' 'M' 'M' 'M' 'M' 'M' 'U' 'U' 'M' 'U' 'M' 'U' 'M' 'M' 'M'
 'M' 'M' 'U' 'M' 'M' 'U' 'U' 'M' 'M' 'M' 'M' 'M' 'M' 'M' 'M' 'M' 'M' 'M'
 'M' 'M' 'M' 'M' 'M' 'M' 'M' 'M' 'M' 'U' 'M' 'M' 'M' 'M' 'M' 'U' 'M' 'M'
 'M' 'M' 'M' 'M' 'M' 'M' 'U' 'U' 'M' 'M' 'M' 'M' 'M' 'M' 'M' 'U' 'M' 'M'
 'M' 'M' 'M' 'M' 'U' 'M' 'M' 'M' 'M' 'U' 'M' 'M' 'M' 'M' 'M' 'U' 'M' 'M'
 'U' 'M' 'M' 'M' 'M' 'U' 'M' 'M' 'M' 'M' 'M' 'M' 'M' 'M' 'M' 'U' 'M' 'M'
 'M' 'M' 'M' 'M' 'M' 'U' 'M' 'M' 'M' 'U' 'M' 'M' 'M' 'U' 'U' 'M' 'M' 'M'
 'M' 'M' 'M' 'M' 'M' 'M' 'M' 'A' 'U' 'U' 'M' 'A' 'M' 'M' 'M' 'M' 'U' 'M'
 'M' 'M' 'M' 'U' 'M' 'U' 'M' 'M' 'M' 'U' 'M' 'M' 'M' 'M' 'M' 'M' 'M' 'U'
 'M' 'M' 'M' 'M' 'M' 'M' 'M' 'M' 'M' 'M' 'M' 'M' 'U' 'M' 'M' 'M' 'M' 'M'
 'M' 'M' 'U' 'M' 'M' 'M' 'M' 'M' 'M' 'M' 'M' 'U' 'M' 'U' 'M' 'M' 'U' 'U']"
163701,0,165,1,164,33,0,0,"['A' 'M' 'M' 'M' 'M' 'M' 'M' 'M' 'M' 'M' 'M' 'M' 'U' 'M' 'M' 'M' 'M' 'M'
 'M' 'M' 'U' 'M' 'M' 'U' 'U' 'M' 'M' 'M' 'M' 'M' 'M' 'M' 'M' 'M' 'M' 'M'
 'M' 'M' 'M' 'M' 'M' 'M' 'M' 'M' 'M' 'U' 'M' 'M' 'M' 'M' 'M' 'U' 'M' 'M'
 'M' 'M' 'M' 'M' 'M' 'M' 'U' 'U' 'M' 'M' 'M' 'M' 'M' 'U' 'U' 'M' 'M' 'M'
 'M' 'M' 'M' 'M' 'M' 'M' 'M' 'M' 'M' 'M' 'M' 'M' 'M' 'M' 'M' 'M' 'M' 'M'
 'M' 'U' 'U' 'M' 'U' 'U' 'U' 'M' 'M' 'M' 'M' 'M' 'M' 'M' 'M' 'U' 'M' 'M'
 'M' 'M' 'M' 'M' 'M' 'M' 'M' 'M' 'M' 'U' 'M' 'M' 'M' 'M' 'U' 'M' 'M' 'M'
 'M' 'M' 'M' 'M' 'M' 'M' 'U' 'U' 'U' 'U' 'U' 'U' 'U' 'M' 'M' 'M' 'U' 'M'
 'M' 'M' 'M' 'U' 'M' 'M' 'M' 'M' 'M' 'U' 'M' 'M' 'M' 'M' 'M' 'M' 'M' 'U'
 'M' 'M' 'M' 'M' 'M' 'M' 'M' 'M' 'M' 'M' 'M' 'M' 'U' 'M' 'M' 'M' 'M' 'M'
 'M' 'M' 'U' 'M' 'M' 'M' 'M' 'M' 'M' 'M' 'M' 'U' 'M' 'M' 'M' 'M' 'U' 'M']"
163801,0,161,1,160,37,0,0,"['A' 'M' 'M' 'M' 'M' 'M' 'M' 'M' 'M' 'M' 'M' 'M' 'M' 'M' 'M' 'U' 'M' 'M'
 'M' 'M' 'U' 'M' 'M' 'U' 'U' 'M' 'M' 'M' 'M' 'M' 'U' 'M' 'M' 'M' 'M' 'M'
 'M' 'M' 'M' 'M' 'M' 'M' 'M' 'M' 'M' 'M' 'M' 'M' 'U' 'U' 'M' 'U' 'M' 'M'
 'M' 'M' 'U' 'M' 'M' 'M' 'M' 'U' 'M' 'M' 'M' 'M' 'M' 'U' 'M' 'M' 'U' 'M'
 'M' 'M' 'M' 'M' 'M' 'M' 'M' 'M' 'M' 'M' 'U' 'M' 'M' 'M' 'M' 'U' 'M' 'M'
 'M' 'U' 'M' 'M' 'M' 'M' 'U' 'M' 'M' 'M' 'M' 'M' 'M' 'M' 'M' 'U' 'U' 'M'
 'M' 'M' 'M' 'M' 'M' 'M' 'M' 'M' 'M' 'U' 'M' 'M' 'M' 'M' 'U' 'U' 'U' 'M'
 'M' 'M' 'M' 'M' 'M' 'M' 'U' 'U' 'U' 'U' 'U' 'U' 'U' 'M' 'M' 'U' 'U' 'M'
 'U' 'M' 'M' 'U' 'M' 'M' 'M' 'M' 'M' 'U' 'M' 'M' 'M' 'M' 'M' 'M' 'M' 'M'
 'M' 'M' 'M' 'M' 'M' 'M' 'M' 'M' 'M' 'M' 'M' 'M' 'M' 'M' 'M' 'M' 'M' 'U'
 'M' 'M' 'U' 'M' 'M' 'M' 'M' 'M' 'M' 'M' 'M' 'U' 'M' 'M' 'M' 'M' 'M' 'M']"
163901,0,169,1,168,29,0,0,"['A' 'M' 'M' 'M' 'M' 'M' 'M' 'M' 'M' 'M' 'M' 'M' 'M' 'M' 'M' 'U' 'M' 'M'
 'M' 'M' 'U' 'M' 'M' 'U' 'U' 'M' 'U' 'M' 'M' 'M' 'U' 'M' 'M' 'M' 'M' 'M'
 'M' 'M' 'M' 'M' 'M' 'M' 'M' 'M' 'M' 'M' 'M' 'M' 'M' 'U' 'M' 'U' 'M' 'M'
 'M' 'M' 'U' 'M' 'M' 'M' 'M' 'U' 'M' 'M' 'M' 'U' 'M' 'M' 'U' 'M' 'M' 'M'
 'M' 'U' 'U' 'M' 'M' 'U' 'M' 'M' 'M' 'M' 'M' 'M' 'M' 'M' 'M' 'M' 'M' 'M'
 'M' 'M' 'M' 'M' 'M' 'M' 'U' 'M' 'M' 'M' 'M' 'M' 'M' 'M' 'M' 'U' 'M' 'M'
 'M' 'M' 'M' 'M' 'M' 'M' 'M' 'M' 'M' 'M' 'M' 'M' 'M' 'M' 'U' 'U' 'M' 'M'
 'M' 'M' 'M' 'M' 'M' 'M' 'U' 'U' 'M' 'M' 'U' 'M' 'U' 'M' 'M' 'U' 'U' 'M'
 'M' 'M' 'M' 'M' 'M' 'M' 'M' 'M' 'M' 'M' 'M' 'M' 'M' 'M' 'M' 'M' 'M' 'M'
 'M' 'M' 'M' 'M' 'M' 'M' 'M' 'M' 'M' 'M' 'M' 'M' 'M' 'U' 'M' 'M' 'M' 'U'
 'M' 'M' 'U' 'M' 'M' 'M' 'M' 'M' 'M' 'M' 'M' 'U' 'M' 'M' 'M' 'M' 'M' 'M']"
164001,0,171,2,169,27,0,0,"['A' 'M' 'M' 'M' 'M' 'M' 'M' 'M' 'M' 'M' 'U' 'U' 'M' 'M' 'M' 'M' 'M' 'M'
 'M' 'M' 'M' 'M' 'M' 'U' 'M' 'U' 'A' 'M' 'M' 'M' 'U' 'M' 'M' 'M' 'M' 'M'
 'M' 'M' 'M' 'M' 'M' 'M' 'M' 'M' 'M' 'M' 'M' 'M' 'M' 'M' 'M' 'U' 'M' 'M'
 'M' 'U' 'U' 'M' 'M' 'M' 'M' 'U' 'M' 'M' 'M' 'M' 'M' 'U' 'M' 'M' 'M' 'M'
 'U' 'M' 'M' 'U' 'M' 'U' 'M' 'M' 'M' 'M' 'U' 'M' 'M' 'M' 'M' 'M' 'M' 'M'
 'M' 'M' 'M' 'M' 'M' 'M' 'U' 'U' 'M' 'M' 'M' 'M' 'M' 'M' 'M' 'M' 'M' 'M'
 'M' 'M' 'M' 'M' 'M' 'M' 'M' 'M' 'U' 'M' 'M' 'M' 'M' 'M' 'U' 'M' 'M' 'M'
 'M' 'M' 'M' 'M' 'M' 'M' 'U' 'U' 'M' 'M' 'U' 'M' 'M' 'M' 'M' 'M' 'U' 'M'
 'M' 'M' 'M' 'M' 'M' 'M' 'M' 'M' 'M' 'M' 'M' 'M' 'M' 'M' 'M' 'M' 'M' 'M'
 'M' 'M' 'M' 'M' 'M' 'M' 'M' 'M' 'M' 'M' 'M' 'M' 'M' 'U' 'M' 'M' 'M' 'U'
 'M' 'M' 'U' 'M' 'M' 'M' 'M' 'M' 'U' 'M' 'M' 'U' 'M' 'M' 'M' 'M' 'M' 'M']"
164101,0,171,1,170,27,0,0,"['A' 'M' 'M' 'M' 'M' 'U' 'M' 'M' 'M' 'M' 'M' 'M' 'M' 'U' 'M' 'M' 'M' 'M'
 'M' 'M' 'M' 'M' 'M' 'U' 'M' 'U' 'U' 'M' 'M' 'M' 'M' 'M' 'M' 'M' 'M' 'M'
 'M' 'M' 'U' 'M' 'M' 'M' 'M' 'M' 'M' 'M' 'M' 'M' 'M' 'M' 'M' 'M' 'M' 'M'
 'M' 'U' 'U' 'M' 'M' 'M' 'M' 'M' 'M' 'M' 'M' 'M' 'M' 'U' 'M' 'M' 'M' 'M'
 'M' 'U' 'M' 'M' 'M' 'M' 'M' 'M' 'M' 'M' 'M' 'M' 'M' 'M' 'U' 'M' 'M' 'U'
 'M' 'M' 'M' 'M' 'U' 'M' 'U' 'U' 'M' 'M' 'M' 'M' 'M' 'M' 'M' 'M' 'M' 'M'
 'U' 'M' 'M' 'M' 'M' 'M' 'M' 'M' 'U' 'M' 'M' 'M' 'M' 'M' 'M' 'M' 'M' 'M'
 'M' 'M' 'M' 'M' 'M' 'M' 'U' 'U' 'U' 'U' 'M' 'M' 'U' 'M' 'M' 'M' 'U' 'M'
 'M' 'M' 'M' 'M' 'M' 'M' 'M' 'M' 'M' 'M' 'M' 'M' 'M' 'M' 'M' 'M' 'M' 'M'
 'M' 'M' 'M' 'M' 'M' 'M' 'M' 'M' 'M' 'M' 'M' 'M' 'M' 'U' 'M' 'M' 'M' 'U'
 'M' 'M' 'U' 'M' 'M' 'M' 'M' 'M' 'U' 'M' 'M' 'M' 'M' 'M' 'M' 'M' 'M' 'M']"
164201,1,159,1,158,39,0,0,"['A' 'M' 'M' 'M' 'M' 'U' 'M' 'M' 'M' 'M' 'M' 'M' 'M' 'U' 'M' 'M' 'M' 'U'
 'M' 'M' 'M' 'M' 'M' 'U' 'M' 'M' 'U' 'M' 'M' 'M' 'M' 'M' 'M' 'M' 'M' 'M'
 'M' 'M' 'U' 'M' 'M' 'M' 'M' 'U' 'M' 'M' 'M' 'M' 'M' 'M' 'M' 'M' 'M' 'M'
 'M' 'U' 'U' 'M' 'U' 'M' 'M' 'U' 'M' 'M' 'M' 'M' 'M' 'M' 'M' 'U' 'U' 'M'
 'M' 'U' 'M' 'M' 'U' 'M' 'M' 'M' 'M' 'M' 'M' 'M' 'M' 'M' 'M' 'M' 'M' 'M'
 'M' 'U' 'M' 'M' 'M' 'M' 'U' 'U' 'M' 'U' 'M' 'M' 'M' 'M' 'U' 'M' 'M' 'M'
 'U' 'M' 'M' 'M' 'M' 'M' 'M' 'M' 'U' 'M' 'M' 'M' 'M' 'M' 'M' 'M' 'M' 'M'
 'M' 'M' 'M' 'M' 'M' 'U' 'U' 'U' 'U' 'U' 'U' 'U' 'U' 'M' 'U' 'U' 'U' 'M'
 'M' 'M' 'M' 'M' 'M' 'M' 'M' 'M' 'M' 'M' 'M' 'M' 'M' 'M' 'M' 'M' 'U' 'M'
 'M' 'M' 'M' 'M' 'M' 'M' 'M' 'M' 'M' 'M' 'M' 'M' 'M' 'U' 'M' 'M' 'M' 'U'
 'M' 'U' 'U' 'M' 'M' 'M' 'M' 'M' 'M' 'M' 'M' 'U' 'M' 'M' 'M' 'M' 'M' 'M']"
164301,0,163,2,161,35,0,0,"['A' 'M' 'M' 'M' 'M' 'M' 'M' 'M' 'M' 'M' 'M' 'M' 'M' 'M' 'M' 'M' 'M' 'U'
 'M' 'M' 'M' 'M' 'M' 'M' 'M' 'M' 'M' 'M' 'M' 'M' 'M' 'M' 'M' 'M' 'M' 'M'
 'U' 'M' 'U' 'M' 'M' 'M' 'M' 'M' 'M' 'M' 'M' 'M' 'M' 'M' 'M' 'M' 'M' 'M'
 'M' 'U' 'U' 'M' 'U' 'M' 'M' 'U' 'M' 'M' 'M' 'M' 'M' 'M' 'M' 'M' 'M' 'M'
 'M' 'M' 'M' 'M' 'U' 'M' 'M' 'M' 'M' 'U' 'M' 'M' 'M' 'M' 'U' 'M' 'M' 'M'
 'U' 'M' 'U' 'M' 'M' 'M' 'U' 'U' 'M' 'U' 'M' 'M' 'M' 'M' 'U' 'M' 'M' 'M'
 'U' 'M' 'M' 'M' 'M' 'U' 'M' 'M' 'U' 'M' 'M' 'M' 'M' 'M' 'M' 'M' 'M' 'M'
 'M' 'M' 'M' 'M' 'M' 'U' 'U' 'U' 'M' 'U' 'U' 'U' 'U' 'M' 'U' 'U' 'U' 'M'
 'M' 'M' 'M' 'M' 'M' 'M' 'M' 'M' 'M' 'M' 'M' 'M' 'M' 'M' 'M' 'M' 'M' 'M'
 'U' 'M' 'U' 'M' 'M' 'M' 'M' 'M' 'M' 'M' 'M' 'M' 'M' 'M' 'M' 'M' 'M' 'U'
 'M' 'U' 'U' 'M' 'M' 'M' 'M' 'M' 'M' 'M' 'M' 'A' 'M' 'M' 'U' 'M' 'M' 'M']"
164401,0,162,2,160,36,0,0,"['A' 'M' 'M' 'M' 'M' 'M' 'M' 'M' 'M' 'M' 'M' 'M' 'M' 'M' 'M' 'M' 'M' 'U'
 'M' 'M' 'M' 'M' 'M' 'M' 'M' 'M' 'M' 'M' 'M' 'M' 'M' 'M' 'M' 'M' 'M' 'M'
 'U' 'M' 'U' 'M' 'M' 'U' 'M' 'M' 'M' 'M' 'M' 'M' 'M' 'M' 'M' 'M' 'M' 'M'
 'M' 'U' 'M' 'M' 'U' 'M' 'M' 'U' 'M' 'M' 'U' 'M' 'U' 'M' 'M' 'M' 'M' 'M'
 'M' 'U' 'M' 'M' 'M' 'M' 'M' 'M' 'M' 'M' 'M' 'M' 'M' 'M' 'U' 'M' 'U' 'M'
 'M' 'M' 'M' 'U' 'M' 'M' 'U' 'U' 'M' 'U' 'M' 'M' 'M' 'M' 'U' 'M' 'M' 'M'
 'U' 'M' 'M' 'M' 'M' 'U' 'M' 'M' 'U' 'M' 'M' 'M' 'M' 'M' 'M' 'M' 'M' 'M'
 'M' 'M' 'M' 'M' 'M' 'U' 'U' 'U' 'U' 'U' 'M' 'U' 'U' 'M' 'U' 'U' 'U' 'M'
 'M' 'M' 'U' 'M' 'M' 'M' 'M' 'M' 'M' 'M' 'M' 'M' 'M' 'M' 'M' 'M' 'M' 'M'
 'U' 'M' 'M' 'M' 'M' 'M' 'M' 'M' 'M' 'M' 'M' 'M' 'M' 'M' 'M' 'M' 'U' 'U'
 'M' 'M' 'U' 'M' 'M' 'M' 'M' 'M' 'M' 'M' 'M' 'A' 'M' 'M' 'U' 'M' 'M' 'M']"
164501,0,162,2,160,36,1,0,"['A' 'M' 'U' 'M' 'M' 'U' 'M' 'M' 'M' 'M' 'M' 'M' 'M' 'M' 'M' 'M' 'M' 'U'
 'M' 'M' 'M' 'M' 'M' 'M' 'U' 'M' 'M' 'M' 'M' 'M' 'M' 'M' 'M' 'M' 'M' 'M'
 'M' 'M' 'U' 'M' 'M' 'U' 'M' 'M' 'M' 'M' 'M' 'M' 'M' 'M' 'M' 'M' 'U' 'M'
 'M' 'U' 'U' 'M' 'U' 'M' 'M' 'U' 'M' 'M' 'U' 'M' 'M' 'M' 'U' 'M' 'M' 'M'
 'M' 'M' 'M' 'U' 'M' 'M' 'M' 'U' 'M' 'M' 'M' 'U' 'M' 'M' 'M' 'M' 'M' 'M'
 'M' 'M' 'M' 'U' 'M' 'M' 'U' 'U' 'M' 'U' 'M' 'M' 'M' 'M' 'M' 'M' 'M' 'M'
 'U' 'M' 'M' 'M' 'M' 'U' 'M' 'M' 'U' 'M' 'M' 'M' 'M' 'U' 'M' 'M' 'M' 'M'
 'M' 'M' 'M' 'M' 'M' 'U' 'U' 'U' 'M' 'U' 'M' 'U' 'U' 'M' 'M' 'M' 'U' 'M'
 'M' 'M' 'U' 'M' 'M' 'M' 'M' 'M' 'M' 'M' 'M' 'M' 'M' 'M' 'M' 'M' 'M' 'M'
 'U' 'M' 'M' 'M' 'M' 'M' 'M' 'M' 'U' 'M' 'M' 'M' 'M' 'M' 'M' 'M' 'U' 'M'
 'M' 'M' 'U' 'M' 'M' 'M' 'M' 'M' 'M' 'M' 'M' 'A' 'M' 'M' 'M' 'M' 'M' 'M']"
164601,0,166,2,164,32,0,0,"['A' 'M' 'U' 'M' 'M' 'U' 'M' 'M' 'M' 'M' 'M' 'M' 'M' 'M' 'M' 'M' 'M' 'U'
 'M' 'M' 'M' 'U' 'M' 'M' 'U' 'M' 'M' 'M' 'M' 'M' 'M' 'M' 'M' 'M' 'M' 'U'
 'M' 'M' 'U' 'M' 'M' 'U' 'M' 'M' 'M' 'M' 'M' 'M' 'M' 'M' 'M' 'M' 'M' 'M'
 'M' 'M' 'U' 'M' 'M' 'M' 'M' 'M' 'M' 'M' 'U' 'M' 'M' 'M' 'M' 'U' 'M' 'M'
 'M' 'M' 'M' 'M' 'M' 'M' 'U' 'M' 'M' 'M' 'M' 'U' 'M' 'M' 'M' 'M' 'M' 'U'
 'U' 'M' 'M' 'M' 'M' 'M' 'U' 'M' 'M' 'U' 'M' 'M' 'M' 'M' 'M' 'M' 'M' 'M'
 'U' 'M' 'M' 'M' 'M' 'U' 'M' 'M' 'U' 'U' 'M' 'M' 'M' 'M' 'M' 'M' 'M' 'M'
 'M' 'M' 'M' 'M' 'M' 'U' 'M' 'M' 'M' 'U' 'M' 'U' 'U' 'M' 'M' 'M' 'U' 'U'
 'M' 'M' 'U' 'M' 'M' 'M' 'M' 'M' 'M' 'M' 'M' 'M' 'M' 'M' 'M' 'M' 'M' 'M'
 'U' 'M' 'M' 'M' 'M' 'M' 'M' 'M' 'M' 'M' 'M' 'M' 'M' 'M' 'M' 'M' 'U' 'M'
 'M' 'M' 'U' 'M' 'M' 'M' 'U' 'M' 'M' 'M' 'M' 'A' 'M' 'M' 'M' 'M' 'M' 'M']"
164701,0,163,1,162,35,0,0,"['A' 'M' 'U' 'M' 'M' 'U' 'M' 'M' 'M' 'M' 'M' 'M' 'M' 'M' 'M' 'M' 'M' 'U'
 'M' 'M' 'M' 'U' 'M' 'M' 'U' 'M' 'M' 'M' 'M' 'M' 'M' 'M' 'M' 'M' 'M' 'U'
 'M' 'M' 'U' 'M' 'M' 'U' 'M' 'M' 'M' 'M' 'M' 'M' 'M' 'M' 'U' 'M' 'M' 'M'
 'M' 'M' 'U' 'M' 'M' 'M' 'M' 'M' 'M' 'M' 'U' 'M' 'M' 'M' 'M' 'M' 'M' 'M'
 'M' 'M' 'U' 'M' 'M' 'M' 'U' 'M' 'M' 'M' 'U' 'M' 'M' 'M' 'M' 'M' 'M' 'U'
 'M' 'M' 'M' 'M' 'U' 'M' 'M' 'M' 'U' 'U' 'M' 'M' 'M' 'M' 'M' 'M' 'M' 'M'
 'U' 'M' 'M' 'M' 'M' 'U' 'M' 'M' 'U' 'U' 'M' 'M' 'U' 'M' 'M' 'M' 'M' 'M'
 'M' 'M' 'M' 'M' 'U' 'U' 'M' 'M' 'M' 'U' 'M' 'U' 'U' 'M' 'M' 'M' 'M' 'M'
 'M' 'M' 'M' 'M' 'M' 'M' 'M' 'M' 'M' 'U' 'M' 'M' 'M' 'M' 'M' 'M' 'M' 'M'
 'M' 'M' 'M' 'M' 'M' 'M' 'M' 'M' 'M' 'U' 'M' 'U' 'M' 'M' 'M' 'M' 'M' 'M'
 'U' 'U' 'M' 'M' 'M' 'M' 'U' 'M' 'M' 'M' 'M' 'U' 'M' 'M' 'M' 'M' 'M' 'M']"
164801,0,165,2,163,33,0,0,"['A' 'M' 'U' 'M' 'M' 'U' 'M' 'M' 'M' 'M' 'M' 'M' 'M' 'M' 'M' 'M' 'M' 'U'
 'M' 'M' 'U' 'U' 'M' 'M' 'U' 'M' 'U' 'M' 'M' 'M' 'M' 'M' 'M' 'M' 'M' 'U'
 'M' 'M' 'U' 'M' 'M' 'U' 'M' 'M' 'M' 'M' 'M' 'M' 'M' 'M' 'M' 'M' 'M' 'M'
 'M' 'M' 'U' 'M' 'M' 'M' 'U' 'M' 'M' 'M' 'U' 'M' 'M' 'M' 'M' 'M' 'U' 'U'
 'M' 'M' 'M' 'M' 'M' 'M' 'U' 'M' 'M' 'M' 'M' 'M' 'M' 'M' 'M' 'M' 'M' 'M'
 'U' 'M' 'M' 'M' 'U' 'M' 'M' 'M' 'M' 'U' 'M' 'M' 'M' 'U' 'M' 'M' 'M' 'M'
 'U' 'M' 'M' 'M' 'M' 'M' 'M' 'M' 'U' 'U' 'M' 'M' 'U' 'M' 'M' 'M' 'M' 'M'
 'M' 'M' 'M' 'M' 'A' 'U' 'M' 'M' 'M' 'M' 'M' 'U' 'M' 'M' 'M' 'M' 'M' 'M'
 'M' 'M' 'M' 'M' 'M' 'M' 'M' 'M' 'M' 'U' 'U' 'M' 'M' 'M' 'M' 'M' 'U' 'M'
 'M' 'M' 'M' 'M' 'M' 'M' 'M' 'M' 'M' 'U' 'M' 'M' 'M' 'M' 'U' 'M' 'M' 'M'
 'U' 'U' 'M' 'M' 'M' 'M' 'M' 'M' 'M' 'M' 'M' 'M' 'M' 'M' 'M' 'M' 'M' 'M']"
164901,0,167,2,165,31,0,0,"['A' 'M' 'U' 'M' 'M' 'U' 'M' 'M' 'M' 'M' 'M' 'M' 'M' 'U' 'M' 'M' 'M' 'U'
 'M' 'M' 'M' 'M' 'M' 'M' 'U' 'M' 'U' 'M' 'M' 'M' 'M' 'M' 'M' 'M' 'M' 'U'
 'M' 'M' 'A' 'U' 'M' 'U' 'M' 'M' 'M' 'M' 'M' 'M' 'M' 'M' 'M' 'M' 'M' 'M'
 'M' 'M' 'U' 'M' 'M' 'M' 'U' 'M' 'M' 'M' 'U' 'M' 'U' 'M' 'M' 'M' 'M' 'M'
 'M' 'U' 'M' 'M' 'M' 'M' 'M' 'M' 'U' 'M' 'M' 'U' 'M' 'U' 'M' 'M' 'M' 'M'
 'M' 'M' 'M' 'M' 'M' 'M' 'M' 'M' 'M' 'U' 'M' 'M' 'M' 'U' 'M' 'M' 'M' 'M'
 'U' 'M' 'M' 'M' 'M' 'U' 'M' 'M' 'M' 'U' 'M' 'M' 'M' 'M' 'M' 'M' 'M' 'M'
 'M' 'M' 'M' 'M' 'U' 'U' 'M' 'M' 'M' 'U' 'M' 'U' 'M' 'M' 'M' 'M' 'M' 'M'
 'M' 'M' 'M' 'M' 'M' 'M' 'M' 'M' 'M' 'U' 'M' 'M' 'M' 'M' 'M' 'M' 'U' 'M'
 'M' 'M' 'M' 'M' 'M' 'M' 'U' 'M' 'M' 'M' 'M' 'M' 'M' 'M' 'M' 'M' 'M' 'M'
 'U' 'U' 'M' 'M' 'M' 'M' 'M' 'M' 'M' 'M' 'M' 'M' 'M' 'M' 'M' 'M' 'M' 'M']"
165001,0,164,4,160,34,1,0,"['A' 'M' 'U' 'M' 'M' 'U' 'U' 'M' 'M' 'U' 'M' 'M' 'M' 'U' 'M' 'M' 'M' 'U'
 'M' 'M' 'M' 'M' 'M' 'M' 'U' 'M' 'U' 'M' 'M' 'M' 'M' 'M' 'M' 'M' 'M' 'U'
 'M' 'M' 'A' 'M' 'M' 'M' 'M' 'M' 'M' 'M' 'M' 'M' 'M' 'M' 'M' 'M' 'M' 'M'
 'M' 'U' 'M' 'M' 'M' 'M' 'M' 'M' 'M' 'M' 'A' 'M' 'M' 'M' 'M' 'M' 'M' 'M'
 'M' 'M' 'M' 'M' 'M' 'U' 'M' 'M' 'M' 'M' 'M' 'M' 'U' 'U' 'U' 'M' 'U' 'M'
 'M' 'M' 'M' 'M' 'M' 'M' 'M' 'M' 'M' 'M' 'M' 'M' 'M' 'U' 'M' 'M' 'M' 'M'
 'U' 'M' 'U' 'M' 'M' 'U' 'M' 'M' 'M' 'M' 'M' 'M' 'M' 'U' 'M' 'M' 'M' 'M'
 'M' 'M' 'M' 'M' 'U' 'A' 'U' 'U' 'M' 'U' 'U' 'U' 'U' 'M' 'M' 'M' 'M' 'M'
 'M' 'M' 'M' 'M' 'M' 'M' 'M' 'M' 'U' 'U' 'M' 'M' 'M' 'M' 'M' 'M' 'U' 'U'
 'M' 'M' 'M' 'M' 'M' 'M' 'U' 'M' 'M' 'M' 'M' 'M' 'M' 'M' 'M' 'M' 'M' 'M'
 'U' 'U' 'M' 'M' 'M' 'M' 'M' 'M' 'M' 'M' 'M' 'M' 'M' 'M' 'M' 'M' 'M' 'M']"
165101,0,159,2,157,39,0,0,"['A' 'M' 'U' 'M' 'M' 'M' 'U' 'M' 'M' 'U' 'M' 'M' 'M' 'U' 'U' 'M' 'M' 'M'
 'M' 'M' 'M' 'M' 'M' 'M' 'U' 'M' 'U' 'M' 'M' 'M' 'M' 'M' 'M' 'M' 'M' 'M'
 'M' 'M' 'A' 'M' 'M' 'U' 'M' 'M' 'M' 'M' 'M' 'U' 'M' 'M' 'M' 'U' 'M' 'M'
 'M' 'U' 'M' 'M' 'M' 'M' 'M' 'M' 'M' 'M' 'U' 'M' 'M' 'M' 'M' 'M' 'M' 'M'
 'M' 'M' 'U' 'M' 'M' 'M' 'M' 'M' 'M' 'M' 'M' 'M' 'M' 'M' 'M' 'M' 'M' 'M'
 'U' 'U' 'U' 'M' 'U' 'M' 'M' 'U' 'M' 'M' 'M' 'M' 'U' 'U' 'M' 'M' 'M' 'M'
 'U' 'M' 'U' 'M' 'M' 'U' 'M' 'M' 'M' 'M' 'M' 'M' 'M' 'U' 'M' 'M' 'M' 'M'
 'M' 'M' 'M' 'M' 'U' 'M' 'U' 'U' 'M' 'U' 'U' 'U' 'U' 'U' 'M' 'M' 'M' 'M'
 'U' 'M' 'M' 'M' 'M' 'M' 'M' 'M' 'U' 'U' 'M' 'M' 'M' 'M' 'M' 'M' 'M' 'U'
 'M' 'U' 'M' 'M' 'M' 'M' 'M' 'M' 'M' 'M' 'M' 'M' 'M' 'M' 'M' 'M' 'M' 'M'
 'U' 'M' 'M' 'M' 'M' 'M' 'M' 'M' 'M' 'M' 'M' 'M' 'M' 'M' 'U' 'M' 'M' 'M']"
165201,1,154,3,151,44,0,0,"['A' 'M' 'U' 'M' 'M' 'M' 'M' 'M' 'M' 'M' 'M' 'M' 'M' 'U' 'U' 'M' 'U' 'M'
 'M' 'U' 'M' 'M' 'M' 'M' 'U' 'M' 'U' 'M' 'M' 'M' 'M' 'M' 'M' 'M' 'M' 'M'
 'M' 'M' 'A' 'U' 'M' 'U' 'M' 'M' 'M' 'M' 'U' 'U' 'M' 'M' 'M' 'U' 'M' 'M'
 'M' 'U' 'M' 'M' 'M' 'M' 'M' 'M' 'U' 'M' 'U' 'U' 'M' 'M' 'M' 'M' 'M' 'M'
 'M' 'M' 'M' 'M' 'M' 'M' 'M' 'U' 'M' 'M' 'M' 'M' 'U' 'U' 'M' 'M' 'M' 'M'
 'M' 'M' 'U' 'M' 'M' 'M' 'M' 'U' 'M' 'M' 'M' 'M' 'U' 'M' 'M' 'M' 'M' 'M'
 'U' 'M' 'U' 'M' 'M' 'U' 'M' 'M' 'M' 'M' 'M' 'M' 'M' 'U' 'M' 'M' 'M' 'M'
 'M' 'U' 'M' 'M' 'U' 'M' 'U' 'U' 'U' 'U' 'U' 'A' 'M' 'U' 'M' 'M' 'M' 'M'
 'U' 'M' 'M' 'M' 'M' 'M' 'M' 'M' 'U' 'U' 'M' 'M' 'M' 'M' 'M' 'M' 'M' 'M'
 'U' 'U' 'M' 'M' 'M' 'M' 'M' 'U' 'M' 'M' 'M' 'M' 'M' 'M' 'M' 'M' 'M' 'U'
 'U' 'M' 'U' 'M' 'M' 'M' 'M' 'M' 'M' 'M' 'M' 'M' 'M' 'M' 'U' 'M' 'M' 'M']"
165301,0,155,6,149,43,0,0,"['A' 'M' 'U' 'M' 'M' 'M' 'M' 'M' 'M' 'M' 'M' 'M' 'M' 'U' 'M' 'M' 'U' 'M'
 'M' 'U' 'M' 'M' 'M' 'M' 'U' 'M' 'U' 'M' 'M' 'M' 'M' 'M' 'M' 'M' 'M' 'M'
 'M' 'M' 'A' 'M' 'M' 'U' 'U' 'M' 'M' 'M' 'U' 'U' 'M' 'M' 'M' 'U' 'M' 'M'
 'M' 'U' 'M' 'M' 'M' 'U' 'M' 'M' 'U' 'M' 'U' 'M' 'M' 'M' 'M' 'M' 'M' 'M'
 'M' 'M' 'U' 'M' 'M' 'M' 'M' 'M' 'M' 'M' 'M' 'M' 'U' 'M' 'M' 'M' 'M' 'M'
 'M' 'U' 'U' 'M' 'U' 'M' 'M' 'U' 'M' 'M' 'M' 'M' 'U' 'M' 'U' 'M' 'M' 'M'
 'U' 'M' 'U' 'M' 'M' 'M' 'M' 'M' 'M' 'M' 'A' 'M' 'M' 'U' 'M' 'M' 'M' 'M'
 'M' 'U' 'M' 'M' 'U' 'M' 'U' 'U' 'U' 'U' 'U' 'A' 'A' 'U' 'M' 'M' 'M' 'M'
 'U' 'M' 'M' 'M' 'M' 'U' 'M' 'M' 'A' 'U' 'M' 'M' 'M' 'M' 'M' 'M' 'M' 'M'
 'U' 'U' 'M' 'M' 'M' 'M' 'M' 'U' 'M' 'M' 'M' 'M' 'M' 'M' 'M' 'M' 'M' 'U'
 'U' 'M' 'M' 'M' 'M' 'M' 'M' 'M' 'M' 'M' 'M' 'M' 'M' 'M' 'U' 'M' 'M' 'M']"
165401,0,154,6,148,44,0,0,"['A' 'M' 'U' 'M' 'M' 'M' 'M' 'M' 'M' 'M' 'M' 'M' 'M' 'U' 'M' 'M' 'U' 'M'
 'M' 'U' 'M' 'U' 'M' 'M' 'U' 'M' 'U' 'M' 'M' 'M' 'M' 'M' 'M' 'M' 'M' 'M'
 'M' 'M' 'U' 'M' 'M' 'M' 'M' 'M' 'M' 'M' 'M' 'U' 'M' 'U' 'M' 'U' 'M' 'M'
 'M' 'U' 'M' 'M' 'M' 'M' 'M' 'M' 'U' 'M' 'U' 'M' 'M' 'U' 'M' 'M' 'U' 'M'
 'M' 'M' 'M' 'M' 'M' 'M' 'U' 'M' 'M' 'M' 'M' 'M' 'M' 'M' 'M' 'M' 'M' 'U'
 'M' 'M' 'U' 'M' 'M' 'M' 'M' 'U' 'M' 'M' 'M' 'M' 'U' 'M' 'U' 'M' 'M' 'M'
 'U' 'M' 'U' 'M' 'M' 'M' 'U' 'M' 'M' 'M' 'U' 'M' 'M' 'U' 'M' 'M' 'M' 'M'
 'M' 'U' 'M' 'M' 'A' 'U' 'U' 'U' 'U' 'U' 'M' 'A' 'A' 'M' 'M' 'M' 'M' 'M'
 'U' 'M' 'M' 'M' 'M' 'U' 'M' 'M' 'A' 'U' 'M' 'U' 'M' 'M' 'M' 'M' 'M' 'M'
 'U' 'U' 'M' 'M' 'M' 'M' 'M' 'U' 'M' 'M' 'M' 'M' 'U' 'M' 'M' 'M' 'M' 'A'
 'U' 'M' 'M' 'M' 'U' 'M' 'M' 'M' 'U' 'M' 'M' 'M' 'M' 'M' 'M' 'M' 'M' 'M']"
165501,0,153,7,146,45,0,0,"['A' 'M' 'M' 'M' 'M' 'M' 'M' 'M' 'M' 'M' 'M' 'M' 'M' 'A' 'M' 'M' 'U' 'M'
 'M' 'M' 'M' 'M' 'U' 'M' 'U' 'M' 'U' 'M' 'M' 'M' 'M' 'M' 'U' 'M' 'M' 'M'
 'M' 'M' 'U' 'M' 'M' 'M' 'U' 'U' 'M' 'M' 'M' 'U' 'M' 'U' 'M' 'M' 'M' 'M'
 'M' 'U' 'M' 'M' 'M' 'M' 'M' 'M' 'M' 'M' 'U' 'M' 'U' 'M' 'M' 'M' 'M' 'U'
 'M' 'M' 'U' 'M' 'M' 'M' 'U' 'M' 'M' 'M' 'M' 'M' 'M' 'M' 'M' 'U' 'M' 'M'
 'M' 'M' 'M' 'M' 'M' 'M' 'M' 'U' 'M' 'M' 'M' 'M' 'U' 'M' 'U' 'M' 'M' 'M'
 'U' 'U' 'U' 'M' 'M' 'M' 'U' 'M' 'M' 'M' 'M' 'M' 'M' 'U' 'M' 'M' 'M' 'M'
 'M' 'U' 'M' 'M' 'A' 'U' 'M' 'U' 'U' 'U' 'U' 'A' 'A' 'U' 'M' 'M' 'M' 'M'
 'U' 'M' 'M' 'M' 'M' 'A' 'M' 'M' 'A' 'M' 'M' 'U' 'M' 'M' 'M' 'M' 'M' 'M'
 'U' 'U' 'M' 'M' 'M' 'U' 'M' 'U' 'M' 'M' 'M' 'M' 'U' 'M' 'M' 'M' 'U' 'U'
 'U' 'M' 'M' 'U' 'U' 'M' 'M' 'M' 'U' 'M' 'M' 'M' 'M' 'M' 'M' 'M' 'M' 'M']"
165601,0,151,7,144,47,0,0,"['A' 'M' 'M' 'M' 'M' 'M' 'M' 'M' 'M' 'M' 'M' 'M' 'M' 'A' 'M' 'M' 'U' 'M'
 'M' 'M' 'M' 'M' 'U' 'M' 'U' 'U' 'U' 'M' 'M' 'M' 'M' 'M' 'U' 'M' 'M' 'M'
 'A' 'M' 'U' 'M' 'M' 'M' 'U' 'U' 'M' 'M' 'M' 'U' 'M' 'U' 'M' 'M' 'M' 'M'
 'M' 'U' 'U' 'M' 'M' 'M' 'M' 'M' 'M' 'M' 'U' 'M' 'M' 'M' 'M' 'M' 'M' 'M'
 'M' 'U' 'M' 'M' 'M' 'U' 'M' 'M' 'M' 'M' 'M' 'M' 'M' 'M' 'M' 'M' 'M' 'U'
 'M' 'U' 'M' 'U' 'M' 'M' 'M' 'U' 'M' 'M' 'M' 'M' 'U' 'M' 'M' 'M' 'M' 'M'
 'U' 'U' 'M' 'M' 'M' 'M' 'U' 'M' 'M' 'M' 'M' 'M' 'M' 'U' 'M' 'M' 'M' 'M'
 'M' 'U' 'M' 'M' 'A' 'U' 'U' 'U' 'U' 'U' 'U' 'A' 'U' 'U' 'M' 'M' 'M' 'M'
 'U' 'M' 'M' 'U' 'M' 'U' 'M' 'M' 'A' 'U' 'M' 'U' 'M' 'M' 'M' 'M' 'M' 'M'
 'U' 'U' 'M' 'M' 'M' 'U' 'M' 'U' 'M' 'M' 'M' 'M' 'U' 'M' 'M' 'M' 'U' 'A'
 'M' 'M' 'M' 'M' 'U' 'M' 'M' 'M' 'U' 'M' 'M' 'M' 'M' 'M' 'M' 'M' 'M' 'M']"
165701,0,159,7,152,39,0,0,"['A' 'M' 'M' 'M' 'M' 'M' 'M' 'M' 'M' 'M' 'M' 'M' 'M' 'A' 'M' 'M' 'M' 'M'
 'M' 'M' 'M' 'M' 'M' 'M' 'U' 'U' 'M' 'M' 'M' 'M' 'U' 'M' 'A' 'M' 'M' 'M'
 'U' 'M' 'U' 'M' 'M' 'M' 'U' 'M' 'M' 'M' 'M' 'U' 'M' 'U' 'M' 'M' 'M' 'M'
 'M' 'U' 'U' 'M' 'M' 'M' 'M' 'M' 'M' 'M' 'U' 'M' 'M' 'M' 'M' 'M' 'U' 'M'
 'M' 'M' 'M' 'U' 'M' 'U' 'U' 'M' 'M' 'M' 'M' 'M' 'M' 'M' 'M' 'M' 'M' 'U'
 'M' 'M' 'M' 'M' 'M' 'M' 'M' 'U' 'M' 'M' 'M' 'U' 'U' 'M' 'M' 'M' 'M' 'M'
 'U' 'M' 'M' 'M' 'M' 'M' 'U' 'M' 'M' 'M' 'M' 'M' 'U' 'U' 'M' 'M' 'M' 'M'
 'M' 'M' 'M' 'M' 'A' 'U' 'M' 'U' 'U' 'U' 'M' 'A' 'U' 'U' 'M' 'M' 'M' 'M'
 'U' 'M' 'M' 'U' 'M' 'U' 'M' 'M' 'A' 'U' 'U' 'M' 'M' 'M' 'M' 'M' 'M' 'M'
 'M' 'U' 'M' 'M' 'M' 'M' 'M' 'U' 'M' 'M' 'M' 'M' 'U' 'M' 'M' 'M' 'U' 'A'
 'M' 'M' 'M' 'M' 'U' 'M' 'M' 'M' 'M' 'M' 'M' 'M' 'M' 'M' 'M' 'M' 'M' 'M']"
165801,0,159,6,153,39,0,0,"['A' 'M' 'U' 'M' 'M' 'M' 'M' 'M' 'M' 'M' 'M' 'M' 'M' 'A' 'M' 'M' 'M' 'M'
 'M' 'M' 'M' 'M' 'M' 'M' 'U' 'U' 'M' 'M' 'M' 'M' 'U' 'M' 'U' 'M' 'M' 'M'
 'M' 'M' 'U' 'M' 'M' 'M' 'M' 'M' 'M' 'U' 'M' 'M' 'M' 'U' 'M' 'M' 'M' 'M'
 'M' 'U' 'U' 'M' 'U' 'M' 'M' 'M' 'M' 'M' 'U' 'M' 'M' 'M' 'M' 'M' 'M' 'M'
 'M' 'M' 'M' 'U' 'M' 'M' 'M' 'M' 'M' 'M' 'M' 'M' 'M' 'U' 'M' 'U' 'M' 'U'
 'M' 'U' 'M' 'M' 'M' 'M' 'U' 'M' 'M' 'M' 'M' 'M' 'U' 'M' 'M' 'M' 'M' 'M'
 'U' 'M' 'M' 'M' 'M' 'M' 'U' 'M' 'M' 'M' 'M' 'M' 'U' 'M' 'M' 'M' 'M' 'U'
 'M' 'M' 'U' 'M' 'A' 'M' 'M' 'M' 'U' 'A' 'M' 'U' 'U' 'M' 'M' 'M' 'M' 'M'
 'U' 'M' 'M' 'M' 'M' 'U' 'M' 'M' 'A' 'U' 'U' 'M' 'U' 'M' 'M' 'M' 'M' 'M'
 'M' 'U' 'M' 'M' 'M' 'M' 'M' 'U' 'M' 'M' 'M' 'M' 'U' 'M' 'M' 'M' 'U' 'A'
 'U' 'M' 'M' 'M' 'U' 'M' 'M' 'M' 'M' 'M' 'M' 'M' 'M' 'U' 'M' 'M' 'M' 'M']"
165901,1,154,4,150,44,0,0,"['A' 'M' 'M' 'U' 'M' 'M' 'M' 'M' 'M' 'U' 'M' 'M' 'M' 'A' 'M' 'M' 'M' 'M'
 'M' 'M' 'M' 'M' 'M' 'M' 'U' 'U' 'M' 'M' 'M' 'M' 'U' 'M' 'U' 'M' 'M' 'U'
 'M' 'M' 'U' 'M' 'M' 'M' 'M' 'M' 'M' 'U' 'M' 'M' 'M' 'U' 'M' 'M' 'M' 'M'
 'M' 'U' 'U' 'M' 'U' 'M' 'M' 'M' 'U' 'M' 'U' 'M' 'M' 'U' 'U' 'M' 'M' 'M'
 'U' 'M' 'M' 'M' 'M' 'M' 'M' 'M' 'M' 'M' 'M' 'M' 'M' 'U' 'M' 'M' 'M' 'M'
 'M' 'M' 'M' 'U' 'M' 'M' 'U' 'M' 'M' 'M' 'M' 'M' 'U' 'M' 'M' 'U' 'M' 'M'
 'U' 'M' 'M' 'M' 'M' 'M' 'U' 'M' 'M' 'M' 'M' 'M' 'U' 'M' 'M' 'M' 'M' 'M'
 'M' 'U' 'M' 'U' 'U' 'M' 'M' 'M' 'U' 'A' 'M' 'U' 'U' 'M' 'M' 'M' 'M' 'M'
 'U' 'M' 'M' 'M' 'M' 'U' 'M' 'M' 'U' 'U' 'M' 'M' 'U' 'M' 'M' 'U' 'M' 'M'
 'M' 'M' 'U' 'M' 'M' 'M' 'M' 'U' 'M' 'M' 'M' 'M' 'U' 'M' 'U' 'M' 'M' 'A'
 'M' 'M' 'M' 'M' 'U' 'M' 'M' 'M' 'M' 'M' 'M' 'M' 'M' 'U' 'M' 'M' 'M' 'M']"
166001,0,153,5,148,45,0,0,"['A' 'M' 'M' 'M' 'M' 'M' 'M' 'M' 'M' 'U' 'M' 'M' 'M' 'A' 'M' 'M' 'M' 'M'
 'U' 'M' 'M' 'M' 'M' 'M' 'U' 'U' 'M' 'M' 'M' 'M' 'U' 'M' 'U' 'M' 'M' 'U'
 'M' 'U' 'U' 'M' 'M' 'M' 'M' 'M' 'M' 'U' 'M' 'M' 'M' 'U' 'M' 'M' 'M' 'M'
 'M' 'U' 'M' 'M' 'U' 'M' 'M' 'M' 'U' 'M' 'U' 'M' 'M' 'U' 'U' 'M' 'U' 'M'
 'M' 'M' 'M' 'M' 'M' 'M' 'U' 'M' 'M' 'M' 'M' 'M' 'M' 'M' 'M' 'M' 'U' 'M'
 'M' 'M' 'M' 'M' 'M' 'M' 'U' 'U' 'M' 'M' 'M' 'M' 'U' 'M' 'M' 'U' 'M' 'M'
 'U' 'U' 'M' 'M' 'M' 'M' 'M' 'M' 'M' 'M' 'M' 'M' 'U' 'M' 'M' 'M' 'M' 'M'
 'M' 'M' 'M' 'U' 'M' 'U' 'M' 'U' 'U' 'A' 'U' 'U' 'U' 'M' 'M' 'M' 'M' 'M'
 'U' 'M' 'M' 'U' 'M' 'M' 'M' 'M' 'U' 'U' 'M' 'M' 'M' 'M' 'M' 'U' 'M' 'M'
 'M' 'M' 'U' 'M' 'M' 'M' 'M' 'U' 'M' 'M' 'M' 'M' 'A' 'M' 'U' 'M' 'M' 'A'
 'M' 'M' 'M' 'M' 'U' 'M' 'M' 'U' 'M' 'M' 'M' 'M' 'M' 'U' 'M' 'M' 'M' 'M']"
166101,0,151,5,146,47,0,0,"['A' 'M' 'M' 'M' 'M' 'M' 'M' 'M' 'M' 'U' 'M' 'U' 'M' 'A' 'M' 'M' 'U' 'M'
 'U' 'M' 'M' 'M' 'M' 'M' 'U' 'M' 'M' 'M' 'M' 'M' 'U' 'M' 'U' 'M' 'M' 'M'
 'M' 'M' 'U' 'M' 'M' 'M' 'M' 'M' 'M' 'U' 'M' 'M' 'M' 'U' 'M' 'M' 'M' 'M'
 'M' 'U' 'U' 'M' 'M' 'M' 'M' 'M' 'U' 'M' 'U' 'M' 'M' 'M' 'M' 'M' 'M' 'U'
 'M' 'M' 'M' 'M' 'M' 'M' 'U' 'M' 'M' 'M' 'M' 'M' 'M' 'U' 'M' 'U' 'M' 'M'
 'M' 'U' 'M' 'M' 'M' 'M' 'U' 'M' 'M' 'U' 'M' 'M' 'U' 'M' 'M' 'U' 'M' 'M'
 'U' 'U' 'M' 'M' 'M' 'M' 'M' 'M' 'M' 'M' 'M' 'M' 'U' 'M' 'M' 'M' 'M' 'M'
 'M' 'M' 'M' 'U' 'M' 'U' 'U' 'U' 'U' 'A' 'M' 'U' 'U' 'U' 'M' 'M' 'M' 'M'
 'U' 'U' 'M' 'U' 'M' 'M' 'U' 'M' 'U' 'U' 'M' 'M' 'M' 'M' 'M' 'U' 'M' 'M'
 'M' 'M' 'U' 'M' 'M' 'M' 'M' 'U' 'M' 'M' 'M' 'M' 'A' 'U' 'M' 'M' 'M' 'A'
 'M' 'M' 'M' 'M' 'M' 'M' 'M' 'U' 'M' 'M' 'M' 'M' 'M' 'U' 'M' 'M' 'M' 'U']"
166201,0,152,5,147,46,0,0,"['A' 'M' 'U' 'M' 'M' 'M' 'M' 'M' 'M' 'M' 'M' 'U' 'M' 'U' 'M' 'M' 'U' 'M'
 'U' 'M' 'M' 'M' 'M' 'M' 'U' 'M' 'M' 'M' 'M' 'M' 'U' 'M' 'U' 'M' 'M' 'M'
 'M' 'M' 'M' 'A' 'M' 'M' 'M' 'M' 'M' 'M' 'M' 'M' 'U' 'U' 'M' 'M' 'M' 'M'
 'M' 'U' 'U' 'M' 'M' 'M' 'M' 'M' 'U' 'M' 'U' 'M' 'M' 'M' 'M' 'U' 'M' 'M'
 'M' 'U' 'U' 'M' 'M' 'M' 'M' 'M' 'M' 'U' 'U' 'M' 'M' 'M' 'M' 'M' 'M' 'M'
 'M' 'M' 'M' 'M' 'M' 'M' 'U' 'M' 'M' 'U' 'M' 'M' 'U' 'M' 'M' 'U' 'M' 'M'
 'U' 'M' 'U' 'M' 'M' 'M' 'M' 'M' 'M' 'M' 'M' 'M' 'U' 'M' 'M' 'M' 'M' 'M'
 'M' 'M' 'M' 'U' 'U' 'U' 'U' 'M' 'U' 'A' 'U' 'U' 'U' 'U' 'M' 'M' 'M' 'M'
 'M' 'M' 'M' 'M' 'M' 'M' 'U' 'M' 'U' 'U' 'M' 'M' 'M' 'M' 'M' 'U' 'M' 'M'
 'M' 'M' 'U' 'M' 'M' 'M' 'M' 'M' 'M' 'M' 'M' 'M' 'A' 'U' 'M' 'M' 'M' 'A'
 'M' 'M' 'M' 'M' 'M' 'M' 'M' 'U' 'U' 'U' 'M' 'M' 'M' 'M' 'M' 'M' 'U' 'U']"
166301,0,149,5,144,49,0,1,"['A' 'M' 'U' 'M' 'M' 'U' 'M' 'M' 'M' 'M' 'M' 'U' 'U' 'M' 'M' 'M' 'M' 'M'
 'U' 'U' 'M' 'U' 'M' 'M' 'M' 'M' 'M' 'U' 'M' 'M' 'U' 'M' 'U' 'M' 'M' 'M'
 'M' 'M' 'M' 'A' 'M' 'M' 'M' 'M' 'M' 'M' 'M' 'M' 'U' 'U' 'M' 'M' 'M' 'M'
 'M' 'U' 'M' 'M' 'M' 'M' 'M' 'M' 'U' 'M' 'U' 'M' 'M' 'U' 'M' 'M' 'M' 'M'
 'U' 'M' 'M' 'M' 'M' 'M' 'M' 'M' 'M' 'M' 'M' 'U' 'U' 'U' 'M' 'M' 'M' 'M'
 'M' 'M' 'M' 'M' 'M' 'U' 'U' 'M' 'M' 'U' 'M' 'M' 'U' 'M' 'M' 'M' 'M' 'M'
 'U' 'M' 'U' 'M' 'M' 'M' 'M' 'M' 'M' 'M' 'M' 'M' 'U' 'M' 'M' 'M' 'M' 'M'
 'M' 'M' 'M' 'U' 'U' 'U' 'U' 'U' 'M' 'A' 'U' 'U' 'U' 'U' 'M' 'U' 'M' 'M'
 'M' 'M' 'M' 'M' 'M' 'M' 'U' 'M' 'U' 'M' 'M' 'M' 'M' 'M' 'M' 'U' 'U' 'M'
 'M' 'M' 'M' 'M' 'M' 'M' 'U' 'M' 'M' 'M' 'M' 'M' 'A' 'U' 'M' 'M' 'M' 'A'
 'M' 'M' 'M' 'U' 'M' 'M' 'M' 'U' 'U' 'U' 'M' 'M' 'M' 'M' 'M' 'M' 'U' 'U']"
166401,0,156,6,150,42,0,0,"['A' 'M' 'U' 'M' 'M' 'U' 'M' 'M' 'M' 'M' 'M' 'M' 'U' 'M' 'M' 'M' 'M' 'M'
 'U' 'U' 'M' 'M' 'M' 'M' 'M' 'M' 'M' 'U' 'M' 'M' 'M' 'M' 'U' 'M' 'M' 'M'
 'M' 'M' 'M' 'A' 'M' 'M' 'M' 'U' 'M' 'M' 'M' 'M' 'U' 'U' 'M' 'U' 'M' 'M'
 'M' 'M' 'M' 'M' 'M' 'M' 'M' 'M' 'U' 'M' 'M' 'M' 'U' 'M' 'M' 'M' 'M' 'M'
 'M' 'M' 'M' 'M' 'M' 'M' 'U' 'M' 'M' 'M' 'M' 'M' 'M' 'M' 'U' 'M' 'U' 'M'
 'M' 'M' 'U' 'M' 'M' 'U' 'U' 'M' 'M' 'U' 'M' 'U' 'U' 'M' 'M' 'M' 'M' 'M'
 'U' 'M' 'U' 'M' 'M' 'M' 'M' 'M' 'M' 'M' 'M' 'M' 'U' 'M' 'M' 'M' 'M' 'M'
 'M' 'M' 'M' 'U' 'M' 'U' 'A' 'U' 'M' 'A' 'U' 'U' 'U' 'U' 'M' 'U' 'M' 'M'
 'M' 'M' 'M' 'M' 'M' 'M' 'M' 'M' 'M' 'M' 'M' 'M' 'M' 'M' 'M' 'U' 'U' 'M'
 'M' 'M' 'M' 'M' 'M' 'M' 'M' 'M' 'M' 'M' 'M' 'M' 'A' 'M' 'M' 'M' 'M' 'A'
 'M' 'M' 'M' 'U' 'M' 'M' 'M' 'U' 'U' 'U' 'M' 'M' 'M' 'U' 'M' 'M' 'U' 'U']"
166501,0,158,6,152,40,0,1,"['A' 'M' 'U' 'M' 'M' 'M' 'M' 'M' 'M' 'M' 'M' 'U' 'U' 'M' 'M' 'M' 'M' 'M'
 'M' 'M' 'M' 'M' 'M' 'U' 'M' 'M' 'M' 'U' 'M' 'M' 'M' 'M' 'U' 'M' 'M' 'M'
 'M' 'M' 'M' 'A' 'M' 'M' 'M' 'U' 'M' 'M' 'M' 'M' 'U' 'U' 'M' 'U' 'U' 'M'
 'M' 'M' 'M' 'M' 'M' 'M' 'M' 'M' 'U' 'M' 'M' 'U' 'M' 'M' 'U' 'M' 'M' 'U'
 'M' 'M' 'M' 'M' 'M' 'U' 'M' 'M' 'M' 'M' 'M' 'M' 'M' 'M' 'M' 'M' 'M' 'U'
 'M' 'M' 'M' 'M' 'M' 'M' 'U' 'M' 'M' 'U' 'M' 'U' 'U' 'M' 'M' 'M' 'M' 'M'
 'U' 'M' 'M' 'M' 'M' 'M' 'M' 'M' 'M' 'M' 'M' 'M' 'U' 'M' 'M' 'M' 'M' 'M'
 'M' 'M' 'M' 'U' 'M' 'U' 'A' 'U' 'M' 'U' 'U' 'U' 'U' 'U' 'M' 'U' 'M' 'M'
 'M' 'M' 'M' 'M' 'M' 'M' 'M' 'M' 'M' 'M' 'M' 'M' 'M' 'M' 'M' 'U' 'U' 'M'
 'M' 'M' 'M' 'M' 'M' 'M' 'M' 'M' 'M' 'M' 'M' 'M' 'A' 'M' 'M' 'M' 'M' 'A'
 'M' 'M' 'M' 'U' 'M' 'M' 'M' 'U' 'A' 'U' 'M' 'M' 'M' 'M' 'U' 'M' 'U' 'U']"
166601,0,159,7,152,39,0,0,"['A' 'M' 'U' 'M' 'M' 'M' 'M' 'M' 'M' 'M' 'M' 'U' 'U' 'M' 'M' 'M' 'M' 'M'
 'M' 'M' 'M' 'M' 'M' 'U' 'M' 'M' 'M' 'U' 'M' 'M' 'M' 'M' 'M' 'M' 'M' 'M'
 'M' 'M' 'M' 'A' 'M' 'M' 'M' 'U' 'M' 'M' 'M' 'M' 'U' 'U' 'M' 'U' 'U' 'M'
 'M' 'M' 'M' 'M' 'M' 'M' 'U' 'M' 'U' 'M' 'M' 'M' 'M' 'M' 'M' 'M' 'M' 'U'
 'M' 'M' 'M' 'M' 'M' 'U' 'M' 'M' 'M' 'M' 'M' 'M' 'M' 'M' 'U' 'M' 'M' 'M'
 'M' 'M' 'U' 'M' 'U' 'M' 'U' 'M' 'M' 'M' 'M' 'U' 'A' 'M' 'M' 'M' 'M' 'M'
 'U' 'M' 'M' 'M' 'M' 'M' 'M' 'M' 'M' 'M' 'M' 'U' 'U' 'M' 'M' 'M' 'M' 'M'
 'U' 'M' 'M' 'A' 'M' 'M' 'A' 'U' 'M' 'M' 'U' 'U' 'U' 'M' 'M' 'U' 'M' 'M'
 'U' 'M' 'M' 'M' 'M' 'M' 'M' 'M' 'M' 'M' 'M' 'M' 'M' 'M' 'M' 'U' 'U' 'M'
 'M' 'M' 'M' 'M' 'M' 'M' 'M' 'M' 'M' 'M' 'M' 'M' 'U' 'M' 'M' 'U' 'M' 'A'
 'M' 'U' 'M' 'U' 'M' 'M' 'M' 'U' 'A' 'U' 'M' 'M' 'M' 'M' 'U' 'M' 'M' 'U']"
166701,1,157,4,153,41,0,0,"['A' 'U' 'M' 'M' 'M' 'M' 'M' 'M' 'M' 'M' 'U' 'U' 'U' 'M' 'M' 'M' 'M' 'M'
 'M' 'M' 'M' 'M' 'U' 'U' 'M' 'M' 'M' 'U' 'M' 'M' 'M' 'M' 'M' 'M' 'M' 'M'
 'M' 'M' 'M' 'A' 'M' 'M' 'M' 'M' 'M' 'M' 'M' 'M' 'M' 'M' 'M' 'U' 'M' 'M'
 'M' 'M' 'M' 'M' 'M' 'M' 'M' 'M' 'U' 'M' 'M' 'M' 'M' 'M' 'M' 'M' 'U' 'M'
 'M' 'M' 'M' 'M' 'U' 'M' 'M' 'M' 'M' 'M' 'M' 'M' 'U' 'M' 'M' 'M' 'M' 'U'
 'U' 'M' 'M' 'M' 'M' 'M' 'U' 'M' 'M' 'M' 'M' 'U' 'U' 'M' 'M' 'U' 'M' 'M'
 'U' 'M' 'M' 'M' 'M' 'M' 'M' 'M' 'M' 'M' 'M' 'U' 'U' 'M' 'M' 'M' 'M' 'M'
 'M' 'M' 'M' 'U' 'M' 'U' 'U' 'U' 'U' 'M' 'U' 'U' 'U' 'M' 'M' 'U' 'M' 'M'
 'U' 'M' 'M' 'M' 'M' 'M' 'M' 'M' 'M' 'M' 'M' 'M' 'M' 'M' 'M' 'U' 'M' 'M'
 'M' 'M' 'U' 'M' 'M' 'M' 'M' 'M' 'M' 'M' 'M' 'M' 'U' 'M' 'M' 'U' 'M' 'A'
 'M' 'U' 'M' 'U' 'M' 'M' 'M' 'U' 'U' 'A' 'M' 'M' 'M' 'M' 'U' 'M' 'M' 'U']"
166801,0,154,5,149,44,0,1,"['A' 'U' 'M' 'M' 'M' 'M' 'M' 'M' 'M' 'M' 'U' 'U' 'U' 'M' 'M' 'M' 'M' 'A'
 'M' 'M' 'M' 'M' 'A' 'U' 'M' 'M' 'M' 'U' 'M' 'M' 'M' 'M' 'M' 'U' 'M' 'M'
 'M' 'M' 'M' 'U' 'M' 'M' 'M' 'M' 'M' 'M' 'M' 'M' 'M' 'M' 'M' 'U' 'M' 'M'
 'M' 'M' 'M' 'M' 'M' 'M' 'M' 'M' 'U' 'M' 'M' 'M' 'M' 'M' 'M' 'M' 'M' 'M'
 'M' 'M' 'M' 'M' 'U' 'M' 'M' 'U' 'M' 'M' 'M' 'M' 'M' 'U' 'M' 'U' 'M' 'M'
 'M' 'M' 'M' 'M' 'U' 'M' 'U' 'M' 'M' 'U' 'M' 'U' 'M' 'M' 'M' 'U' 'M' 'M'
 'M' 'M' 'M' 'M' 'M' 'M' 'M' 'M' 'M' 'U' 'M' 'U' 'U' 'M' 'M' 'M' 'M' 'M'
 'M' 'M' 'M' 'U' 'M' 'U' 'U' 'U' 'U' 'U' 'U' 'U' 'U' 'M' 'M' 'U' 'M' 'M'
 'U' 'M' 'M' 'U' 'M' 'M' 'M' 'M' 'M' 'M' 'M' 'M' 'M' 'M' 'M' 'M' 'M' 'M'
 'M' 'M' 'A' 'M' 'M' 'M' 'M' 'M' 'M' 'M' 'M' 'M' 'U' 'M' 'M' 'U' 'M' 'A'
 'M' 'U' 'M' 'U' 'M' 'M' 'M' 'U' 'U' 'U' 'M' 'M' 'U' 'M' 'U' 'M' 'M' 'U']"
166901,1,158,5,153,40,0,0,"['A' 'M' 'M' 'M' 'M' 'M' 'M' 'M' 'M' 'M' 'A' 'U' 'U' 'M' 'M' 'M' 'M' 'U'
 'M' 'M' 'M' 'M' 'A' 'U' 'M' 'M' 'M' 'U' 'M' 'M' 'M' 'M' 'M' 'U' 'M' 'M'
 'M' 'M' 'M' 'U' 'M' 'M' 'M' 'M' 'M' 'M' 'M' 'M' 'M' 'M' 'M' 'U' 'M' 'M'
 'M' 'M' 'U' 'M' 'M' 'M' 'U' 'M' 'U' 'M' 'M' 'M' 'U' 'M' 'M' 'M' 'M' 'M'
 'M' 'M' 'M' 'M' 'M' 'M' 'U' 'M' 'M' 'M' 'U' 'M' 'M' 'M' 'M' 'M' 'M' 'M'
 'M' 'U' 'U' 'M' 'M' 'U' 'U' 'M' 'M' 'U' 'M' 'U' 'M' 'M' 'M' 'U' 'M' 'M'
 'M' 'M' 'M' 'M' 'M' 'M' 'M' 'M' 'M' 'U' 'M' 'M' 'M' 'M' 'M' 'M' 'M' 'M'
 'M' 'M' 'M' 'M' 'M' 'U' 'U' 'M' 'U' 'U' 'U' 'M' 'M' 'M' 'M' 'M' 'M' 'M'
 'U' 'M' 'M' 'U' 'M' 'M' 'M' 'U' 'M' 'M' 'M' 'M' 'M' 'M' 'M' 'M' 'M' 'M'
 'M' 'M' 'A' 'M' 'M' 'M' 'M' 'M' 'M' 'U' 'M' 'M' 'U' 'M' 'M' 'U' 'M' 'A'
 'M' 'U' 'M' 'U' 'M' 'U' 'M' 'M' 'U' 'M' 'M' 'M' 'U' 'M' 'M' 'M' 'U' 'U']"
167001,0,161,5,156,37,0,1,"['A' 'M' 'M' 'M' 'M' 'M' 'M' 'M' 'M' 'M' 'A' 'U' 'M' 'M' 'M' 'M' 'M' 'U'
 'M' 'M' 'M' 'M' 'U' 'M' 'M' 'M' 'M' 'U' 'M' 'M' 'U' 'U' 'M' 'U' 'M' 'M'
 'M' 'M' 'M' 'U' 'M' 'M' 'M' 'M' 'M' 'M' 'M' 'M' 'M' 'U' 'M' 'U' 'M' 'M'
 'M' 'M' 'U' 'M' 'M' 'M' 'U' 'M' 'M' 'M' 'M' 'M' 'M' 'M' 'U' 'M' 'M' 'M'
 'M' 'M' 'U' 'M' 'M' 'U' 'M' 'M' 'M' 'M' 'M' 'M' 'U' 'M' 'U' 'M' 'M' 'M'
 'M' 'M' 'M' 'M' 'M' 'U' 'U' 'M' 'M' 'U' 'M' 'U' 'M' 'M' 'M' 'A' 'M' 'M'
 'M' 'M' 'M' 'M' 'M' 'M' 'M' 'M' 'M' 'U' 'M' 'M' 'M' 'M' 'M' 'M' 'M' 'M'
 'M' 'M' 'M' 'U' 'M' 'M' 'U' 'U' 'U' 'U' 'M' 'U' 'M' 'M' 'M' 'M' 'M' 'M'
 'M' 'M' 'M' 'M' 'U' 'M' 'M' 'U' 'M' 'M' 'M' 'M' 'M' 'M' 'M' 'M' 'M' 'M'
 'M' 'M' 'A' 'M' 'M' 'M' 'M' 'M' 'M' 'U' 'M' 'M' 'M' 'M' 'M' 'U' 'M' 'A'
 'M' 'U' 'M' 'U' 'M' 'U' 'M' 'M' 'U' 'M' 'M' 'M' 'M' 'M' 'M' 'M' 'U' 'M']"
167101,0,167,4,163,31,0,0,"['A' 'M' 'M' 'M' 'M' 'M' 'M' 'M' 'M' 'M' 'A' 'U' 'M' 'M' 'M' 'M' 'M' 'U'
 'M' 'M' 'M' 'M' 'U' 'M' 'U' 'M' 'M' 'U' 'M' 'M' 'U' 'M' 'M' 'U' 'M' 'M'
 'M' 'M' 'M' 'M' 'M' 'M' 'M' 'M' 'M' 'M' 'M' 'M' 'M' 'U' 'M' 'U' 'M' 'M'
 'M' 'M' 'U' 'M' 'M' 'M' 'U' 'M' 'M' 'M' 'M' 'M' 'U' 'M' 'M' 'M' 'M' 'M'
 'M' 'U' 'M' 'M' 'M' 'U' 'U' 'M' 'M' 'M' 'M' 'M' 'M' 'M' 'M' 'M' 'M' 'M'
 'M' 'M' 'M' 'U' 'M' 'U' 'U' 'M' 'M' 'U' 'M' 'U' 'M' 'M' 'M' 'A' 'M' 'M'
 'M' 'M' 'M' 'M' 'M' 'M' 'M' 'M' 'M' 'U' 'M' 'M' 'M' 'M' 'M' 'M' 'M' 'M'
 'M' 'M' 'M' 'M' 'M' 'M' 'M' 'U' 'U' 'M' 'M' 'M' 'M' 'M' 'M' 'M' 'M' 'M'
 'M' 'M' 'M' 'M' 'U' 'M' 'M' 'U' 'M' 'M' 'M' 'M' 'M' 'M' 'M' 'M' 'M' 'M'
 'M' 'M' 'A' 'M' 'M' 'M' 'M' 'M' 'M' 'U' 'M' 'M' 'M' 'M' 'M' 'M' 'M' 'U'
 'M' 'U' 'M' 'M' 'M' 'U' 'M' 'M' 'U' 'M' 'M' 'M' 'M' 'M' 'M' 'M' 'U' 'M']"
167201,0,170,4,166,28,0,0,"['A' 'M' 'M' 'M' 'M' 'M' 'M' 'M' 'M' 'M' 'A' 'U' 'M' 'M' 'M' 'M' 'M' 'U'
 'M' 'M' 'M' 'M' 'U' 'M' 'U' 'M' 'M' 'M' 'M' 'M' 'U' 'M' 'M' 'M' 'M' 'M'
 'M' 'M' 'M' 'M' 'M' 'M' 'M' 'M' 'M' 'M' 'M' 'M' 'M' 'U' 'M' 'M' 'M' 'M'
 'M' 'M' 'U' 'M' 'M' 'M' 'M' 'M' 'M' 'M' 'M' 'M' 'M' 'M' 'M' 'M' 'U' 'U'
 'M' 'M' 'M' 'U' 'M' 'M' 'M' 'M' 'M' 'M' 'M' 'M' 'M' 'M' 'M' 'U' 'M' 'U'
 'M' 'M' 'M' 'M' 'M' 'U' 'U' 'M' 'M' 'U' 'M' 'U' 'M' 'M' 'M' 'A' 'M' 'M'
 'M' 'M' 'M' 'M' 'M' 'M' 'M' 'M' 'M' 'U' 'M' 'M' 'M' 'M' 'M' 'M' 'M' 'M'
 'U' 'M' 'M' 'U' 'M' 'M' 'M' 'U' 'U' 'M' 'M' 'M' 'M' 'M' 'M' 'M' 'M' 'M'
 'M' 'M' 'M' 'M' 'U' 'M' 'M' 'U' 'M' 'M' 'M' 'M' 'M' 'M' 'M' 'M' 'M' 'M'
 'M' 'M' 'A' 'M' 'M' 'M' 'M' 'M' 'M' 'M' 'M' 'M' 'M' 'U' 'M' 'M' 'M' 'M'
 'M' 'U' 'M' 'M' 'M' 'U' 'M' 'M' 'U' 'M' 'U' 'M' 'M' 'M' 'M' 'M' 'M' 'M']"
167301,0,163,3,160,35,0,1,"['A' 'M' 'M' 'M' 'M' 'M' 'M' 'M' 'M' 'M' 'U' 'U' 'M' 'M' 'M' 'M' 'M' 'M'
 'M' 'M' 'M' 'M' 'U' 'M' 'U' 'M' 'M' 'U' 'M' 'M' 'U' 'M' 'M' 'M' 'M' 'M'
 'M' 'M' 'M' 'M' 'M' 'M' 'M' 'M' 'M' 'M' 'U' 'M' 'M' 'U' 'M' 'M' 'M' 'M'
 'M' 'M' 'U' 'M' 'M' 'U' 'M' 'M' 'M' 'M' 'M' 'U' 'M' 'M' 'M' 'M' 'M' 'M'
 'M' 'U' 'M' 'M' 'M' 'M' 'M' 'M' 'M' 'M' 'M' 'U' 'M' 'M' 'M' 'U' 'M' 'M'
 'U' 'M' 'M' 'M' 'M' 'U' 'U' 'M' 'M' 'U' 'M' 'A' 'M' 'M' 'M' 'U' 'U' 'M'
 'M' 'M' 'M' 'M' 'M' 'M' 'M' 'M' 'M' 'M' 'M' 'M' 'M' 'M' 'M' 'M' 'M' 'M'
 'U' 'M' 'M' 'U' 'M' 'M' 'U' 'U' 'M' 'U' 'U' 'U' 'U' 'M' 'M' 'M' 'M' 'M'
 'M' 'M' 'M' 'M' 'U' 'M' 'M' 'U' 'M' 'M' 'M' 'M' 'M' 'M' 'M' 'M' 'M' 'M'
 'M' 'M' 'A' 'M' 'M' 'M' 'M' 'M' 'M' 'M' 'U' 'M' 'M' 'U' 'M' 'M' 'M' 'M'
 'M' 'U' 'M' 'M' 'M' 'U' 'M' 'M' 'U' 'M' 'M' 'M' 'M' 'M' 'M' 'M' 'M' 'M']"
167401,0,169,4,165,29,0,0,"['A' 'M' 'M' 'M' 'U' 'M' 'M' 'M' 'M' 'M' 'U' 'A' 'M' 'M' 'M' 'M' 'M' 'M'
 'M' 'M' 'M' 'M' 'M' 'M' 'U' 'M' 'M' 'U' 'M' 'M' 'U' 'M' 'M' 'M' 'M' 'M'
 'U' 'M' 'M' 'M' 'M' 'M' 'M' 'M' 'M' 'M' 'U' 'M' 'M' 'U' 'M' 'M' 'M' 'M'
 'M' 'M' 'M' 'M' 'M' 'U' 'M' 'M' 'M' 'M' 'M' 'M' 'M' 'U' 'M' 'M' 'M' 'M'
 'U' 'M' 'M' 'M' 'M' 'U' 'M' 'M' 'U' 'M' 'M' 'M' 'M' 'M' 'M' 'M' 'M' 'M'
 'M' 'M' 'U' 'M' 'M' 'U' 'M' 'M' 'M' 'U' 'M' 'A' 'M' 'M' 'M' 'M' 'U' 'M'
 'M' 'M' 'M' 'M' 'M' 'M' 'U' 'U' 'M' 'M' 'M' 'M' 'U' 'M' 'M' 'M' 'M' 'M'
 'U' 'M' 'M' 'M' 'M' 'M' 'M' 'M' 'M' 'U' 'M' 'U' 'M' 'M' 'M' 'M' 'M' 'M'
 'M' 'M' 'M' 'M' 'M' 'M' 'M' 'U' 'M' 'M' 'M' 'M' 'M' 'M' 'M' 'M' 'M' 'M'
 'M' 'M' 'A' 'M' 'M' 'M' 'M' 'M' 'M' 'M' 'U' 'M' 'M' 'M' 'M' 'M' 'M' 'M'
 'M' 'U' 'U' 'M' 'M' 'M' 'M' 'M' 'M' 'U' 'M' 'U' 'M' 'M' 'M' 'M' 'M' 'M']"
167501,0,166,2,164,32,0,0,"['A' 'M' 'M' 'M' 'U' 'U' 'M' 'M' 'M' 'M' 'M' 'A' 'M' 'M' 'M' 'M' 'M' 'M'
 'M' 'M' 'M' 'M' 'M' 'M' 'U' 'M' 'M' 'U' 'M' 'M' 'U' 'M' 'M' 'M' 'M' 'U'
 'M' 'M' 'M' 'M' 'M' 'M' 'M' 'M' 'M' 'M' 'U' 'M' 'M' 'U' 'M' 'M' 'M' 'M'
 'M' 'M' 'M' 'M' 'M' 'M' 'M' 'M' 'M' 'M' 'M' 'M' 'M' 'M' 'M' 'M' 'M' 'M'
 'M' 'M' 'M' 'M' 'M' 'M' 'M' 'M' 'M' 'M' 'U' 'U' 'M' 'M' 'M' 'M' 'M' 'M'
 'M' 'U' 'U' 'M' 'U' 'U' 'M' 'M' 'U' 'U' 'M' 'M' 'M' 'M' 'M' 'M' 'M' 'M'
 'M' 'M' 'M' 'M' 'M' 'M' 'U' 'U' 'M' 'M' 'U' 'M' 'U' 'M' 'M' 'M' 'M' 'M'
 'U' 'M' 'M' 'M' 'M' 'M' 'M' 'M' 'M' 'U' 'M' 'U' 'M' 'M' 'M' 'M' 'M' 'M'
 'M' 'M' 'M' 'M' 'M' 'M' 'M' 'M' 'M' 'M' 'M' 'M' 'M' 'M' 'M' 'M' 'M' 'M'
 'M' 'M' 'U' 'M' 'M' 'M' 'M' 'M' 'M' 'M' 'U' 'M' 'M' 'M' 'M' 'M' 'U' 'U'
 'M' 'M' 'U' 'M' 'U' 'M' 'M' 'U' 'M' 'M' 'M' 'U' 'M' 'U' 'M' 'M' 'M' 'M']"
167601,0,167,3,164,31,0,0,"['A' 'M' 'M' 'M' 'U' 'U' 'M' 'M' 'M' 'M' 'M' 'A' 'M' 'M' 'M' 'M' 'U' 'M'
 'M' 'M' 'M' 'M' 'M' 'M' 'U' 'M' 'M' 'U' 'M' 'M' 'M' 'M' 'M' 'M' 'M' 'U'
 'M' 'M' 'M' 'M' 'M' 'M' 'U' 'M' 'M' 'M' 'U' 'M' 'M' 'M' 'M' 'M' 'U' 'M'
 'M' 'M' 'U' 'M' 'M' 'M' 'M' 'M' 'M' 'M' 'M' 'U' 'M' 'M' 'M' 'M' 'U' 'M'
 'M' 'M' 'M' 'M' 'M' 'M' 'M' 'U' 'M' 'M' 'M' 'M' 'U' 'M' 'M' 'M' 'M' 'U'
 'M' 'M' 'M' 'M' 'M' 'U' 'M' 'M' 'M' 'U' 'M' 'M' 'M' 'M' 'M' 'M' 'M' 'M'
 'M' 'M' 'M' 'M' 'M' 'M' 'U' 'U' 'M' 'M' 'U' 'U' 'U' 'M' 'M' 'M' 'M' 'M'
 'M' 'M' 'M' 'M' 'M' 'M' 'M' 'M' 'M' 'U' 'M' 'U' 'M' 'M' 'M' 'M' 'M' 'M'
 'M' 'M' 'M' 'M' 'M' 'M' 'M' 'M' 'M' 'M' 'M' 'M' 'M' 'M' 'M' 'M' 'M' 'M'
 'M' 'M' 'U' 'M' 'M' 'M' 'M' 'M' 'M' 'M' 'A' 'M' 'M' 'M' 'M' 'M' 'U' 'U'
 'M' 'M' 'U' 'M' 'U' 'M' 'M' 'U' 'M' 'M' 'M' 'M' 'M' 'U' 'M' 'M' 'M' 'M']"
167701,0,164,1,163,34,0,0,"['A' 'M' 'M' 'M' 'U' 'M' 'M' 'M' 'M' 'M' 'M' 'U' 'M' 'M' 'M' 'M' 'U' 'M'
 'M' 'M' 'M' 'M' 'M' 'M' 'U' 'M' 'M' 'U' 'M' 'M' 'U' 'M' 'M' 'M' 'M' 'U'
 'M' 'M' 'M' 'M' 'M' 'M' 'U' 'M' 'M' 'M' 'U' 'M' 'M' 'M' 'M' 'M' 'U' 'M'
 'M' 'M' 'U' 'M' 'M' 'M' 'M' 'M' 'M' 'M' 'M' 'M' 'M' 'M' 'U' 'M' 'M' 'M'
 'U' 'U' 'M' 'M' 'M' 'M' 'M' 'M' 'U' 'M' 'M' 'M' 'M' 'U' 'M' 'M' 'M' 'M'
 'M' 'M' 'M' 'M' 'M' 'U' 'M' 'M' 'M' 'M' 'M' 'U' 'U' 'M' 'M' 'M' 'M' 'M'
 'M' 'M' 'M' 'M' 'M' 'M' 'U' 'U' 'M' 'M' 'U' 'U' 'U' 'M' 'M' 'M' 'M' 'M'
 'M' 'M' 'M' 'M' 'M' 'M' 'M' 'M' 'M' 'M' 'M' 'M' 'M' 'M' 'M' 'M' 'M' 'M'
 'M' 'M' 'U' 'U' 'M' 'M' 'M' 'M' 'M' 'M' 'M' 'M' 'M' 'M' 'M' 'M' 'M' 'M'
 'M' 'M' 'U' 'M' 'M' 'M' 'M' 'M' 'M' 'M' 'U' 'M' 'M' 'M' 'M' 'M' 'U' 'U'
 'M' 'M' 'U' 'M' 'U' 'M' 'M' 'U' 'M' 'M' 'M' 'M' 'M' 'U' 'M' 'M' 'M' 'M']"
167801,0,168,2,166,30,0,0,"['A' 'M' 'M' 'M' 'U' 'M' 'M' 'M' 'M' 'M' 'M' 'U' 'M' 'M' 'M' 'M' 'U' 'M'
 'M' 'M' 'M' 'M' 'M' 'M' 'U' 'M' 'M' 'U' 'M' 'M' 'U' 'M' 'M' 'M' 'M' 'M'
 'M' 'M' 'U' 'M' 'M' 'M' 'M' 'M' 'M' 'M' 'U' 'M' 'M' 'M' 'M' 'M' 'U' 'M'
 'M' 'M' 'A' 'M' 'M' 'M' 'M' 'M' 'M' 'M' 'M' 'M' 'M' 'M' 'M' 'M' 'M' 'M'
 'U' 'M' 'M' 'M' 'M' 'M' 'M' 'U' 'M' 'M' 'M' 'M' 'M' 'U' 'U' 'M' 'U' 'M'
 'M' 'M' 'M' 'M' 'M' 'M' 'U' 'M' 'M' 'U' 'M' 'M' 'U' 'M' 'M' 'M' 'M' 'M'
 'M' 'M' 'M' 'M' 'M' 'M' 'M' 'U' 'M' 'M' 'U' 'U' 'U' 'M' 'M' 'M' 'M' 'M'
 'M' 'M' 'M' 'M' 'M' 'M' 'M' 'M' 'M' 'M' 'M' 'M' 'M' 'M' 'M' 'M' 'M' 'M'
 'M' 'M' 'M' 'U' 'M' 'M' 'M' 'M' 'M' 'M' 'M' 'M' 'M' 'M' 'M' 'U' 'M' 'M'
 'M' 'M' 'M' 'M' 'U' 'M' 'M' 'M' 'M' 'M' 'U' 'M' 'U' 'M' 'M' 'M' 'M' 'U'
 'M' 'M' 'M' 'M' 'U' 'M' 'M' 'U' 'M' 'M' 'M' 'M' 'M' 'M' 'M' 'U' 'M' 'M']"
167901,0,166,1,165,32,0,0,"['A' 'M' 'M' 'U' 'U' 'M' 'M' 'M' 'M' 'M' 'M' 'M' 'M' 'M' 'M' 'M' 'M' 'M'
 'M' 'M' 'M' 'M' 'M' 'M' 'U' 'M' 'M' 'U' 'M' 'M' 'M' 'M' 'M' 'M' 'M' 'M'
 'M' 'M' 'U' 'M' 'M' 'M' 'M' 'M' 'M' 'M' 'U' 'M' 'M' 'M' 'M' 'M' 'U' 'M'
 'M' 'M' 'U' 'M' 'M' 'M' 'M' 'M' 'M' 'M' 'M' 'M' 'M' 'U' 'M' 'M' 'M' 'M'
 'M' 'M' 'M' 'M' 'M' 'M' 'M' 'M' 'U' 'M' 'U' 'U' 'M' 'M' 'M' 'M' 'M' 'M'
 'M' 'U' 'M' 'M' 'M' 'M' 'U' 'M' 'M' 'U' 'M' 'M' 'U' 'M' 'M' 'M' 'M' 'M'
 'M' 'M' 'M' 'M' 'M' 'M' 'M' 'U' 'M' 'M' 'U' 'U' 'U' 'U' 'M' 'M' 'M' 'M'
 'M' 'M' 'M' 'M' 'M' 'M' 'M' 'M' 'M' 'M' 'M' 'M' 'M' 'M' 'M' 'M' 'M' 'U'
 'M' 'M' 'M' 'U' 'M' 'M' 'M' 'M' 'M' 'M' 'M' 'M' 'M' 'M' 'M' 'U' 'M' 'M'
 'M' 'M' 'M' 'M' 'M' 'M' 'M' 'M' 'M' 'M' 'U' 'M' 'U' 'M' 'M' 'M' 'M' 'U'
 'M' 'M' 'M' 'M' 'U' 'M' 'U' 'U' 'M' 'M' 'M' 'M' 'M' 'M' 'U' 'U' 'M' 'M']"
168001,0,172,3,169,26,0,0,"['A' 'M' 'M' 'U' 'U' 'M' 'M' 'M' 'M' 'M' 'M' 'M' 'M' 'M' 'U' 'M' 'M' 'M'
 'M' 'M' 'M' 'M' 'M' 'M' 'U' 'M' 'M' 'U' 'M' 'M' 'M' 'M' 'M' 'M' 'M' 'M'
 'M' 'M' 'U' 'M' 'M' 'M' 'M' 'M' 'M' 'M' 'U' 'M' 'M' 'M' 'M' 'M' 'M' 'M'
 'M' 'M' 'U' 'M' 'M' 'M' 'M' 'M' 'M' 'M' 'M' 'M' 'M' 'M' 'U' 'U' 'M' 'M'
 'M' 'U' 'M' 'M' 'M' 'U' 'M' 'M' 'M' 'M' 'M' 'M' 'M' 'M' 'M' 'M' 'M' 'M'
 'M' 'U' 'M' 'M' 'M' 'M' 'M' 'M' 'M' 'M' 'M' 'M' 'U' 'U' 'M' 'M' 'M' 'M'
 'M' 'M' 'M' 'M' 'M' 'M' 'M' 'U' 'M' 'M' 'A' 'M' 'U' 'U' 'M' 'M' 'M' 'M'
 'M' 'M' 'M' 'M' 'M' 'M' 'M' 'M' 'M' 'M' 'M' 'M' 'M' 'M' 'M' 'M' 'M' 'U'
 'M' 'M' 'M' 'U' 'M' 'M' 'M' 'M' 'M' 'M' 'M' 'M' 'M' 'M' 'M' 'M' 'M' 'M'
 'M' 'M' 'M' 'M' 'M' 'M' 'M' 'M' 'M' 'U' 'U' 'M' 'U' 'M' 'M' 'M' 'M' 'U'
 'M' 'M' 'M' 'M' 'U' 'M' 'M' 'U' 'M' 'M' 'M' 'M' 'M' 'M' 'M' 'A' 'M' 'M']"
168101,0,165,3,162,33,0,0,"['A' 'M' 'M' 'U' 'U' 'M' 'U' 'M' 'M' 'M' 'M' 'M' 'M' 'M' 'U' 'M' 'M' 'U'
 'M' 'M' 'M' 'M' 'M' 'M' 'U' 'M' 'M' 'U' 'M' 'M' 'M' 'M' 'M' 'M' 'M' 'M'
 'M' 'U' 'U' 'M' 'M' 'M' 'M' 'M' 'M' 'M' 'U' 'M' 'M' 'M' 'M' 'M' 'M' 'M'
 'U' 'M' 'U' 'M' 'M' 'M' 'M' 'M' 'M' 'M' 'M' 'M' 'M' 'M' 'U' 'M' 'M' 'U'
 'M' 'M' 'M' 'M' 'M' 'U' 'M' 'M' 'U' 'M' 'M' 'U' 'M' 'M' 'M' 'M' 'M' 'M'
 'M' 'M' 'M' 'M' 'M' 'M' 'M' 'M' 'M' 'M' 'M' 'M' 'U' 'U' 'M' 'A' 'M' 'M'
 'M' 'M' 'M' 'M' 'M' 'M' 'M' 'M' 'M' 'M' 'A' 'M' 'U' 'U' 'M' 'M' 'M' 'M'
 'M' 'M' 'M' 'M' 'M' 'M' 'M' 'U' 'M' 'M' 'M' 'M' 'M' 'U' 'M' 'M' 'U' 'M'
 'M' 'M' 'M' 'U' 'U' 'M' 'M' 'M' 'M' 'M' 'M' 'M' 'M' 'M' 'M' 'U' 'M' 'M'
 'M' 'M' 'M' 'M' 'M' 'M' 'M' 'M' 'M' 'M' 'U' 'M' 'U' 'M' 'M' 'M' 'M' 'M'
 'M' 'M' 'M' 'U' 'U' 'M' 'M' 'U' 'M' 'M' 'M' 'M' 'M' 'M' 'M' 'U' 'M' 'M']"
168201,0,164,1,163,34,0,0,"['A' 'M' 'M' 'U' 'U' 'M' 'M' 'M' 'M' 'M' 'M' 'M' 'M' 'M' 'M' 'M' 'M' 'U'
 'M' 'M' 'M' 'M' 'M' 'M' 'U' 'M' 'M' 'U' 'M' 'M' 'M' 'M' 'M' 'M' 'M' 'M'
 'M' 'U' 'U' 'M' 'M' 'M' 'M' 'M' 'M' 'M' 'U' 'M' 'M' 'M' 'M' 'M' 'M' 'U'
 'U' 'M' 'U' 'M' 'M' 'M' 'M' 'M' 'M' 'U' 'M' 'M' 'M' 'M' 'M' 'U' 'M' 'M'
 'M' 'M' 'M' 'M' 'M' 'U' 'M' 'M' 'M' 'M' 'M' 'M' 'M' 'M' 'M' 'U' 'M' 'M'
 'M' 'M' 'M' 'U' 'U' 'M' 'M' 'M' 'M' 'M' 'M' 'M' 'U' 'U' 'M' 'M' 'M' 'M'
 'M' 'M' 'M' 'U' 'M' 'M' 'M' 'M' 'M' 'M' 'U' 'M' 'U' 'U' 'M' 'M' 'M' 'M'
 'M' 'M' 'M' 'M' 'M' 'M' 'M' 'U' 'M' 'M' 'M' 'M' 'M' 'M' 'M' 'M' 'U' 'M'
 'M' 'M' 'M' 'U' 'U' 'M' 'M' 'M' 'M' 'M' 'M' 'M' 'M' 'M' 'M' 'U' 'M' 'M'
 'M' 'M' 'U' 'M' 'M' 'M' 'M' 'M' 'M' 'M' 'U' 'M' 'U' 'M' 'M' 'M' 'M' 'M'
 'M' 'M' 'M' 'U' 'M' 'M' 'M' 'M' 'M' 'M' 'M' 'M' 'M' 'M' 'M' 'U' 'M' 'U']"
168301,0,164,2,162,34,0,0,"['A' 'M' 'M' 'U' 'M' 'U' 'M' 'M' 'M' 'M' 'M' 'M' 'M' 'M' 'M' 'M' 'M' 'U'
 'M' 'M' 'M' 'M' 'M' 'M' 'U' 'M' 'M' 'M' 'M' 'M' 'M' 'M' 'M' 'M' 'U' 'M'
 'M' 'M' 'U' 'M' 'M' 'M' 'M' 'M' 'M' 'U' 'U' 'M' 'M' 'M' 'M' 'M' 'M' 'U'
 'U' 'M' 'U' 'M' 'M' 'M' 'M' 'M' 'M' 'U' 'M' 'M' 'M' 'U' 'M' 'U' 'M' 'M'
 'M' 'M' 'M' 'M' 'M' 'M' 'M' 'M' 'M' 'M' 'U' 'U' 'U' 'M' 'M' 'M' 'M' 'M'
 'M' 'M' 'M' 'M' 'M' 'M' 'M' 'M' 'M' 'M' 'M' 'M' 'U' 'M' 'M' 'U' 'M' 'M'
 'M' 'U' 'M' 'M' 'M' 'M' 'U' 'M' 'M' 'M' 'U' 'M' 'U' 'U' 'M' 'M' 'M' 'M'
 'M' 'M' 'M' 'M' 'M' 'M' 'M' 'U' 'M' 'M' 'M' 'M' 'M' 'M' 'M' 'M' 'U' 'M'
 'M' 'M' 'M' 'U' 'U' 'M' 'M' 'M' 'M' 'M' 'M' 'M' 'M' 'M' 'M' 'U' 'M' 'M'
 'M' 'M' 'U' 'M' 'M' 'M' 'M' 'M' 'M' 'M' 'U' 'M' 'U' 'M' 'M' 'M' 'M' 'M'
 'M' 'M' 'M' 'U' 'M' 'M' 'M' 'M' 'M' 'M' 'M' 'M' 'M' 'M' 'M' 'U' 'M' 'A']"
168401,0,170,2,168,28,0,0,"['A' 'M' 'M' 'U' 'M' 'U' 'M' 'M' 'M' 'M' 'M' 'M' 'M' 'M' 'M' 'M' 'M' 'U'
 'M' 'M' 'M' 'M' 'M' 'M' 'U' 'M' 'M' 'M' 'M' 'M' 'M' 'M' 'M' 'M' 'U' 'M'
 'M' 'M' 'U' 'M' 'M' 'M' 'M' 'M' 'M' 'M' 'M' 'M' 'M' 'M' 'M' 'M' 'M' 'M'
 'U' 'M' 'U' 'M' 'M' 'M' 'M' 'M' 'M' 'U' 'M' 'M' 'U' 'U' 'M' 'M' 'M' 'M'
 'M' 'M' 'M' 'M' 'U' 'M' 'U' 'M' 'M' 'M' 'M' 'M' 'M' 'U' 'M' 'M' 'M' 'M'
 'M' 'M' 'M' 'M' 'M' 'M' 'M' 'M' 'M' 'M' 'M' 'M' 'U' 'M' 'M' 'U' 'M' 'M'
 'M' 'U' 'M' 'M' 'M' 'U' 'U' 'M' 'M' 'M' 'U' 'M' 'M' 'M' 'M' 'M' 'M' 'M'
 'M' 'M' 'M' 'M' 'M' 'M' 'M' 'U' 'M' 'M' 'M' 'M' 'M' 'M' 'M' 'M' 'U' 'M'
 'M' 'M' 'M' 'M' 'M' 'M' 'M' 'M' 'M' 'M' 'M' 'M' 'M' 'M' 'M' 'U' 'M' 'M'
 'M' 'M' 'U' 'M' 'M' 'M' 'M' 'M' 'M' 'M' 'M' 'M' 'U' 'M' 'M' 'M' 'M' 'M'
 'M' 'U' 'M' 'U' 'M' 'M' 'M' 'M' 'M' 'M' 'M' 'M' 'M' 'M' 'M' 'U' 'M' 'A']"
168501,0,177,4,173,21,0,1,"['A' 'M' 'M' 'M' 'M' 'A' 'M' 'M' 'M' 'M' 'M' 'M' 'M' 'M' 'M' 'M' 'M' 'M'
 'M' 'M' 'M' 'M' 'M' 'M' 'U' 'M' 'M' 'M' 'M' 'M' 'M' 'M' 'M' 'M' 'U' 'M'
 'M' 'U' 'M' 'M' 'M' 'M' 'M' 'M' 'M' 'M' 'M' 'M' 'M' 'M' 'M' 'M' 'M' 'M'
 'M' 'M' 'U' 'M' 'M' 'M' 'M' 'M' 'M' 'M' 'M' 'M' 'U' 'M' 'M' 'U' 'M' 'M'
 'U' 'M' 'M' 'M' 'M' 'M' 'U' 'M' 'M' 'M' 'M' 'M' 'M' 'M' 'M' 'M' 'M' 'M'
 'M' 'U' 'M' 'M' 'M' 'M' 'M' 'M' 'M' 'M' 'M' 'M' 'U' 'M' 'M' 'U' 'M' 'M'
 'M' 'M' 'M' 'M' 'M' 'U' 'M' 'M' 'M' 'M' 'U' 'M' 'M' 'M' 'M' 'M' 'M' 'M'
 'M' 'M' 'M' 'M' 'M' 'M' 'M' 'U' 'M' 'M' 'M' 'M' 'M' 'M' 'M' 'M' 'U' 'M'
 'M' 'M' 'M' 'M' 'M' 'M' 'M' 'M' 'M' 'M' 'M' 'M' 'U' 'M' 'M' 'A' 'M' 'M'
 'M' 'M' 'U' 'M' 'M' 'M' 'M' 'M' 'M' 'M' 'M' 'M' 'M' 'M' 'U' 'M' 'M' 'M'
 'M' 'U' 'M' 'U' 'M' 'M' 'M' 'M' 'M' 'M' 'M' 'M' 'M' 'M' 'M' 'U' 'M' 'A']"
168601,0,175,4,171,23,0,0,"['A' 'M' 'M' 'M' 'M' 'A' 'M' 'M' 'M' 'M' 'M' 'M' 'M' 'M' 'M' 'M' 'M' 'M'
 'M' 'M' 'M' 'M' 'M' 'M' 'M' 'M' 'M' 'U' 'M' 'M' 'M' 'M' 'M' 'M' 'U' 'M'
 'M' 'U' 'M' 'M' 'M' 'M' 'M' 'M' 'M' 'M' 'M' 'M' 'M' 'M' 'M' 'U' 'M' 'M'
 'M' 'M' 'U' 'M' 'M' 'M' 'M' 'M' 'U' 'M' 'M' 'M' 'M' 'M' 'M' 'M' 'U' 'M'
 'M' 'M' 'M' 'M' 'M' 'M' 'M' 'M' 'M' 'M' 'M' 'U' 'M' 'M' 'M' 'M' 'M' 'M'
 'U' 'U' 'M' 'U' 'M' 'M' 'M' 'M' 'M' 'M' 'M' 'M' 'U' 'M' 'M' 'M' 'M' 'U'
 'M' 'M' 'M' 'M' 'M' 'U' 'M' 'M' 'M' 'U' 'M' 'M' 'M' 'M' 'M' 'M' 'M' 'M'
 'M' 'M' 'M' 'M' 'M' 'M' 'M' 'U' 'M' 'M' 'M' 'M' 'M' 'M' 'M' 'M' 'U' 'M'
 'M' 'M' 'M' 'M' 'M' 'M' 'M' 'M' 'M' 'M' 'M' 'M' 'U' 'M' 'M' 'A' 'M' 'M'
 'M' 'M' 'U' 'M' 'M' 'M' 'M' 'M' 'M' 'M' 'M' 'M' 'M' 'M' 'U' 'M' 'M' 'M'
 'M' 'U' 'M' 'U' 'M' 'M' 'M' 'M' 'M' 'M' 'M' 'M' 'M' 'M' 'M' 'M' 'U' 'A']"
168701,0,172,3,169,26,0,0,"['A' 'M' 'M' 'M' 'M' 'A' 'M' 'M' 'M' 'M' 'M' 'M' 'M' 'M' 'M' 'M' 'M' 'M'
 'M' 'M' 'M' 'M' 'M' 'U' 'M' 'M' 'M' 'M' 'M' 'M' 'M' 'M' 'M' 'M' 'U' 'M'
 'M' 'U' 'M' 'M' 'M' 'M' 'M' 'M' 'M' 'M' 'M' 'M' 'M' 'M' 'M' 'U' 'M' 'M'
 'M' 'M' 'U' 'U' 'M' 'M' 'M' 'M' 'U' 'M' 'M' 'M' 'M' 'M' 'U' 'M' 'M' 'M'
 'M' 'M' 'M' 'M' 'M' 'M' 'M' 'M' 'U' 'M' 'M' 'U' 'M' 'U' 'M' 'M' 'U' 'M'
 'M' 'M' 'M' 'M' 'M' 'M' 'M' 'M' 'M' 'U' 'M' 'M' 'U' 'M' 'M' 'M' 'M' 'M'
 'M' 'M' 'M' 'M' 'M' 'U' 'M' 'M' 'M' 'U' 'M' 'M' 'M' 'M' 'U' 'M' 'M' 'M'
 'M' 'M' 'M' 'M' 'M' 'M' 'M' 'M' 'M' 'M' 'U' 'M' 'M' 'M' 'M' 'M' 'M' 'M'
 'M' 'M' 'M' 'M' 'M' 'M' 'M' 'M' 'M' 'M' 'M' 'M' 'U' 'M' 'M' 'A' 'M' 'M'
 'M' 'M' 'M' 'M' 'M' 'M' 'M' 'M' 'M' 'M' 'M' 'M' 'M' 'M' 'U' 'U' 'M' 'M'
 'M' 'U' 'M' 'U' 'M' 'M' 'M' 'M' 'M' 'M' 'M' 'M' 'M' 'M' 'U' 'M' 'U' 'U']"
168801,0,172,3,169,26,0,0,"['A' 'M' 'M' 'M' 'M' 'A' 'M' 'M' 'M' 'U' 'M' 'M' 'M' 'M' 'M' 'M' 'M' 'M'
 'M' 'M' 'U' 'M' 'M' 'M' 'M' 'M' 'M' 'U' 'M' 'M' 'M' 'M' 'M' 'M' 'M' 'M'
 'M' 'U' 'M' 'U' 'M' 'M' 'M' 'M' 'M' 'M' 'M' 'M' 'M' 'M' 'M' 'M' 'M' 'M'
 'M' 'M' 'M' 'U' 'M' 'M' 'M' 'M' 'U' 'M' 'M' 'M' 'M' 'M' 'M' 'M' 'M' 'M'
 'M' 'M' 'M' 'M' 'M' 'M' 'M' 'U' 'U' 'M' 'M' 'M' 'M' 'M' 'M' 'U' 'M' 'M'
 'M' 'M' 'U' 'M' 'U' 'M' 'M' 'M' 'M' 'M' 'M' 'M' 'U' 'M' 'M' 'M' 'M' 'M'
 'M' 'M' 'M' 'M' 'U' 'U' 'M' 'M' 'M' 'U' 'M' 'M' 'M' 'M' 'U' 'M' 'M' 'M'
 'M' 'M' 'M' 'M' 'M' 'M' 'M' 'M' 'M' 'M' 'U' 'M' 'M' 'M' 'M' 'M' 'M' 'M'
 'M' 'M' 'M' 'M' 'M' 'M' 'M' 'M' 'M' 'M' 'M' 'M' 'U' 'M' 'M' 'A' 'M' 'M'
 'M' 'M' 'U' 'M' 'M' 'M' 'M' 'M' 'M' 'M' 'M' 'M' 'M' 'M' 'U' 'U' 'M' 'M'
 'M' 'U' 'M' 'U' 'M' 'M' 'M' 'M' 'M' 'M' 'M' 'M' 'M' 'M' 'M' 'M' 'U' 'U']"
168901,0,171,3,168,27,0,0,"['A' 'M' 'M' 'M' 'M' 'A' 'M' 'M' 'M' 'U' 'M' 'M' 'M' 'M' 'M' 'M' 'M' 'M'
 'M' 'M' 'M' 'M' 'M' 'M' 'M' 'M' 'M' 'M' 'M' 'M' 'M' 'M' 'M' 'M' 'M' 'M'
 'M' 'U' 'M' 'U' 'M' 'M' 'M' 'M' 'M' 'M' 'M' 'M' 'M' 'M' 'U' 'M' 'M' 'M'
 'M' 'M' 'M' 'M' 'U' 'M' 'M' 'M' 'U' 'M' 'M' 'M' 'M' 'M' 'M' 'M' 'U' 'M'
 'M' 'M' 'M' 'M' 'M' 'M' 'M' 'U' 'M' 'M' 'U' 'M' 'M' 'U' 'M' 'M' 'M' 'M'
 'M' 'U' 'M' 'M' 'M' 'M' 'M' 'M' 'M' 'M' 'M' 'M' 'U' 'M' 'M' 'M' 'M' 'M'
 'M' 'M' 'M' 'M' 'U' 'U' 'M' 'M' 'M' 'U' 'U' 'U' 'M' 'M' 'U' 'M' 'M' 'U'
 'U' 'M' 'M' 'M' 'M' 'M' 'M' 'M' 'M' 'M' 'M' 'M' 'M' 'M' 'U' 'M' 'M' 'M'
 'M' 'M' 'M' 'M' 'M' 'M' 'M' 'M' 'M' 'M' 'M' 'M' 'M' 'M' 'M' 'A' 'M' 'M'
 'M' 'M' 'U' 'M' 'M' 'M' 'M' 'M' 'M' 'M' 'M' 'M' 'M' 'M' 'M' 'M' 'M' 'M'
 'M' 'U' 'M' 'U' 'M' 'M' 'M' 'M' 'U' 'M' 'M' 'M' 'M' 'M' 'M' 'M' 'U' 'U']"
169001,0,172,3,169,26,0,0,"['A' 'M' 'U' 'M' 'M' 'A' 'M' 'M' 'M' 'U' 'M' 'M' 'M' 'M' 'M' 'M' 'M' 'M'
 'M' 'M' 'M' 'M' 'M' 'M' 'M' 'M' 'M' 'M' 'M' 'M' 'M' 'M' 'M' 'M' 'M' 'M'
 'M' 'U' 'M' 'U' 'M' 'M' 'M' 'M' 'M' 'M' 'M' 'M' 'M' 'M' 'U' 'M' 'M' 'M'
 'M' 'M' 'M' 'M' 'U' 'M' 'M' 'M' 'U' 'M' 'M' 'M' 'M' 'M' 'M' 'M' 'U' 'M'
 'M' 'M' 'M' 'M' 'M' 'M' 'U' 'M' 'M' 'U' 'M' 'M' 'M' 'M' 'M' 'M' 'M' 'M'
 'M' 'M' 'M' 'U' 'U' 'M' 'M' 'M' 'M' 'M' 'M' 'M' 'U' 'M' 'M' 'M' 'M' 'M'
 'M' 'M' 'M' 'M' 'A' 'U' 'M' 'M' 'U' 'M' 'M' 'U' 'U' 'M' 'M' 'M' 'M' 'U'
 'M' 'M' 'M' 'M' 'M' 'M' 'M' 'M' 'M' 'M' 'M' 'M' 'M' 'M' 'U' 'M' 'M' 'M'
 'M' 'M' 'M' 'M' 'M' 'M' 'M' 'M' 'M' 'M' 'M' 'M' 'M' 'M' 'M' 'M' 'M' 'M'
 'M' 'M' 'U' 'M' 'M' 'M' 'M' 'M' 'M' 'M' 'U' 'M' 'M' 'M' 'M' 'M' 'M' 'M'
 'M' 'U' 'M' 'U' 'M' 'M' 'M' 'M' 'U' 'M' 'M' 'M' 'M' 'M' 'M' 'M' 'U' 'U']"
169101,0,167,3,164,31,0,0,"['A' 'U' 'U' 'M' 'M' 'U' 'M' 'U' 'M' 'U' 'M' 'M' 'U' 'M' 'M' 'M' 'U' 'M'
 'M' 'M' 'M' 'M' 'M' 'M' 'M' 'M' 'M' 'M' 'M' 'M' 'M' 'M' 'M' 'M' 'M' 'M'
 'M' 'U' 'M' 'U' 'M' 'M' 'M' 'M' 'M' 'M' 'M' 'M' 'M' 'M' 'U' 'M' 'M' 'M'
 'M' 'M' 'M' 'M' 'U' 'M' 'M' 'M' 'U' 'U' 'M' 'U' 'M' 'M' 'M' 'M' 'M' 'M'
 'M' 'M' 'U' 'M' 'U' 'M' 'U' 'M' 'M' 'M' 'M' 'U' 'M' 'M' 'M' 'M' 'M' 'M'
 'M' 'M' 'M' 'M' 'M' 'M' 'M' 'M' 'M' 'U' 'M' 'M' 'U' 'M' 'M' 'M' 'M' 'M'
 'M' 'M' 'M' 'M' 'A' 'U' 'M' 'M' 'U' 'M' 'M' 'A' 'U' 'M' 'M' 'M' 'M' 'U'
 'M' 'M' 'M' 'M' 'M' 'M' 'M' 'U' 'M' 'M' 'U' 'M' 'M' 'M' 'M' 'M' 'M' 'M'
 'M' 'M' 'M' 'M' 'M' 'M' 'M' 'M' 'M' 'M' 'M' 'M' 'M' 'M' 'M' 'M' 'M' 'M'
 'M' 'M' 'U' 'M' 'M' 'M' 'M' 'M' 'M' 'M' 'U' 'U' 'M' 'M' 'M' 'M' 'M' 'M'
 'M' 'U' 'M' 'M' 'M' 'M' 'M' 'M' 'M' 'M' 'M' 'M' 'M' 'M' 'M' 'M' 'M' 'U']"
169201,0,171,5,166,27,0,0,"['A' 'A' 'M' 'M' 'M' 'U' 'M' 'M' 'M' 'U' 'M' 'M' 'U' 'M' 'M' 'M' 'U' 'M'
 'M' 'M' 'M' 'M' 'U' 'M' 'U' 'M' 'M' 'M' 'M' 'M' 'M' 'M' 'M' 'M' 'M' 'M'
 'M' 'A' 'M' 'M' 'M' 'M' 'M' 'U' 'M' 'M' 'M' 'M' 'M' 'M' 'M' 'U' 'M' 'M'
 'M' 'M' 'M' 'M' 'M' 'U' 'M' 'M' 'U' 'M' 'U' 'U' 'M' 'M' 'M' 'M' 'M' 'M'
 'M' 'M' 'M' 'M' 'U' 'M' 'M' 'M' 'M' 'M' 'M' 'U' 'M' 'M' 'M' 'M' 'M' 'U'
 'M' 'M' 'M' 'M' 'U' 'M' 'M' 'M' 'M' 'U' 'M' 'M' 'M' 'M' 'M' 'M' 'M' 'M'
 'M' 'M' 'M' 'M' 'A' 'U' 'M' 'M' 'U' 'M' 'U' 'A' 'U' 'M' 'M' 'M' 'M' 'U'
 'M' 'M' 'M' 'M' 'M' 'M' 'M' 'U' 'M' 'M' 'M' 'M' 'M' 'M' 'M' 'M' 'M' 'M'
 'M' 'M' 'M' 'M' 'M' 'M' 'M' 'M' 'M' 'M' 'M' 'M' 'M' 'M' 'M' 'M' 'M' 'M'
 'M' 'M' 'M' 'M' 'M' 'M' 'M' 'M' 'M' 'M' 'U' 'M' 'M' 'M' 'M' 'M' 'M' 'M'
 'M' 'U' 'M' 'M' 'M' 'M' 'M' 'M' 'M' 'M' 'M' 'M' 'M' 'U' 'M' 'M' 'M' 'U']"
169301,0,163,4,159,35,0,0,"['A' 'U' 'M' 'M' 'M' 'M' 'U' 'M' 'M' 'M' 'M' 'M' 'M' 'M' 'U' 'U' 'U' 'U'
 'M' 'M' 'M' 'M' 'U' 'M' 'U' 'M' 'M' 'M' 'M' 'M' 'M' 'M' 'M' 'M' 'M' 'M'
 'M' 'A' 'M' 'M' 'M' 'M' 'U' 'U' 'M' 'M' 'M' 'M' 'M' 'M' 'M' 'U' 'M' 'M'
 'M' 'M' 'M' 'U' 'M' 'U' 'M' 'M' 'U' 'U' 'M' 'M' 'M' 'M' 'M' 'U' 'M' 'M'
 'M' 'M' 'M' 'U' 'M' 'M' 'M' 'M' 'M' 'U' 'M' 'M' 'M' 'M' 'U' 'M' 'M' 'M'
 'M' 'U' 'M' 'M' 'M' 'M' 'M' 'M' 'M' 'U' 'U' 'U' 'M' 'M' 'M' 'M' 'M' 'M'
 'M' 'M' 'M' 'M' 'A' 'U' 'M' 'M' 'U' 'M' 'M' 'A' 'U' 'M' 'U' 'M' 'M' 'U'
 'M' 'M' 'M' 'M' 'M' 'M' 'M' 'U' 'M' 'U' 'U' 'M' 'M' 'M' 'M' 'M' 'M' 'M'
 'M' 'M' 'M' 'M' 'M' 'M' 'M' 'M' 'M' 'M' 'M' 'M' 'M' 'U' 'M' 'M' 'M' 'M'
 'M' 'M' 'M' 'M' 'M' 'M' 'M' 'M' 'M' 'M' 'U' 'M' 'M' 'M' 'M' 'M' 'M' 'M'
 'M' 'U' 'M' 'M' 'M' 'M' 'M' 'M' 'M' 'M' 'M' 'M' 'M' 'U' 'M' 'M' 'M' 'M']"
169401,0,163,6,157,35,0,0,"['A' 'U' 'M' 'U' 'M' 'M' 'M' 'M' 'M' 'U' 'M' 'M' 'M' 'M' 'M' 'A' 'U' 'M'
 'M' 'M' 'M' 'M' 'U' 'M' 'U' 'M' 'M' 'M' 'U' 'M' 'M' 'U' 'M' 'M' 'M' 'M'
 'M' 'A' 'M' 'M' 'M' 'M' 'U' 'U' 'M' 'M' 'M' 'M' 'U' 'M' 'M' 'U' 'M' 'M'
 'M' 'U' 'M' 'U' 'M' 'U' 'M' 'M' 'U' 'U' 'M' 'M' 'M' 'U' 'M' 'M' 'M' 'M'
 'M' 'M' 'U' 'M' 'M' 'M' 'M' 'M' 'M' 'U' 'U' 'U' 'M' 'M' 'M' 'M' 'M' 'M'
 'M' 'M' 'M' 'M' 'M' 'M' 'M' 'M' 'M' 'A' 'U' 'U' 'M' 'M' 'M' 'M' 'M' 'M'
 'M' 'M' 'M' 'U' 'A' 'U' 'M' 'M' 'M' 'M' 'M' 'A' 'U' 'M' 'M' 'M' 'M' 'U'
 'M' 'M' 'M' 'M' 'M' 'M' 'M' 'U' 'M' 'U' 'U' 'M' 'M' 'M' 'M' 'M' 'M' 'M'
 'U' 'M' 'M' 'M' 'M' 'M' 'M' 'M' 'M' 'M' 'M' 'M' 'M' 'M' 'M' 'M' 'M' 'M'
 'M' 'M' 'M' 'M' 'M' 'M' 'M' 'M' 'M' 'M' 'M' 'M' 'M' 'M' 'M' 'M' 'M' 'M'
 'M' 'U' 'M' 'M' 'M' 'M' 'M' 'M' 'M' 'M' 'M' 'M' 'M' 'U' 'M' 'M' 'U' 'M']"
169501,0,161,4,157,37,0,0,"['A' 'M' 'M' 'U' 'M' 'M' 'M' 'M' 'M' 'U' 'M' 'M' 'M' 'M' 'M' 'A' 'U' 'M'
 'U' 'M' 'M' 'M' 'M' 'M' 'U' 'M' 'M' 'M' 'U' 'M' 'M' 'M' 'M' 'U' 'M' 'M'
 'M' 'A' 'M' 'M' 'M' 'M' 'U' 'U' 'M' 'M' 'M' 'M' 'M' 'M' 'M' 'U' 'M' 'M'
 'M' 'U' 'M' 'U' 'M' 'U' 'M' 'M' 'U' 'M' 'M' 'M' 'M' 'U' 'M' 'M' 'U' 'M'
 'M' 'M' 'M' 'M' 'M' 'M' 'M' 'M' 'M' 'U' 'M' 'M' 'M' 'M' 'M' 'M' 'M' 'M'
 'M' 'M' 'U' 'M' 'U' 'M' 'M' 'M' 'M' 'A' 'U' 'U' 'M' 'M' 'M' 'M' 'M' 'M'
 'M' 'M' 'M' 'U' 'U' 'U' 'U' 'M' 'M' 'M' 'M' 'U' 'U' 'M' 'U' 'M' 'M' 'M'
 'M' 'M' 'M' 'M' 'M' 'M' 'M' 'M' 'U' 'M' 'U' 'M' 'M' 'M' 'M' 'M' 'M' 'M'
 'M' 'M' 'M' 'M' 'M' 'M' 'M' 'M' 'M' 'M' 'M' 'U' 'M' 'M' 'M' 'M' 'M' 'M'
 'M' 'M' 'M' 'M' 'U' 'M' 'M' 'M' 'M' 'M' 'M' 'M' 'M' 'U' 'M' 'M' 'M' 'M'
 'M' 'U' 'M' 'M' 'M' 'M' 'M' 'M' 'M' 'M' 'U' 'M' 'M' 'U' 'M' 'M' 'U' 'M']"
169601,0,165,3,162,33,0,1,"['A' 'M' 'M' 'U' 'M' 'M' 'M' 'M' 'M' 'U' 'M' 'M' 'M' 'M' 'M' 'A' 'U' 'M'
 'M' 'M' 'M' 'M' 'M' 'M' 'U' 'M' 'M' 'M' 'M' 'M' 'M' 'M' 'M' 'M' 'M' 'M'
 'M' 'U' 'M' 'M' 'M' 'M' 'M' 'U' 'M' 'M' 'M' 'M' 'M' 'M' 'M' 'U' 'M' 'M'
 'M' 'U' 'M' 'U' 'M' 'U' 'M' 'M' 'M' 'M' 'M' 'M' 'M' 'U' 'M' 'M' 'M' 'M'
 'M' 'M' 'M' 'U' 'M' 'M' 'U' 'M' 'M' 'M' 'M' 'M' 'M' 'U' 'M' 'M' 'M' 'M'
 'M' 'M' 'U' 'M' 'M' 'M' 'M' 'M' 'M' 'A' 'U' 'U' 'U' 'M' 'M' 'U' 'M' 'M'
 'M' 'M' 'M' 'U' 'U' 'U' 'U' 'M' 'M' 'M' 'M' 'U' 'U' 'M' 'M' 'M' 'M' 'M'
 'M' 'M' 'M' 'M' 'M' 'M' 'M' 'M' 'U' 'M' 'U' 'M' 'M' 'M' 'M' 'M' 'M' 'M'
 'M' 'M' 'M' 'M' 'M' 'M' 'M' 'M' 'U' 'M' 'M' 'U' 'M' 'M' 'M' 'M' 'M' 'M'
 'M' 'M' 'M' 'M' 'U' 'M' 'M' 'M' 'M' 'M' 'M' 'M' 'M' 'U' 'M' 'M' 'M' 'M'
 'M' 'U' 'M' 'M' 'M' 'M' 'M' 'M' 'M' 'M' 'M' 'M' 'M' 'M' 'M' 'M' 'U' 'M']"
169701,0,167,4,163,31,1,0,"['A' 'M' 'M' 'U' 'M' 'M' 'M' 'M' 'M' 'U' 'M' 'M' 'M' 'M' 'U' 'U' 'U' 'M'
 'M' 'M' 'M' 'M' 'M' 'M' 'U' 'M' 'M' 'M' 'U' 'M' 'M' 'M' 'M' 'M' 'M' 'M'
 'M' 'U' 'M' 'M' 'M' 'M' 'M' 'M' 'M' 'M' 'M' 'M' 'M' 'M' 'M' 'U' 'M' 'M'
 'M' 'U' 'M' 'M' 'M' 'M' 'M' 'M' 'M' 'M' 'M' 'M' 'U' 'M' 'M' 'U' 'M' 'M'
 'M' 'M' 'M' 'M' 'M' 'U' 'M' 'M' 'M' 'M' 'M' 'U' 'M' 'M' 'M' 'M' 'M' 'M'
 'U' 'M' 'M' 'M' 'M' 'M' 'M' 'M' 'M' 'A' 'U' 'U' 'U' 'M' 'M' 'U' 'M' 'M'
 'M' 'M' 'M' 'M' 'U' 'U' 'U' 'M' 'M' 'M' 'M' 'M' 'U' 'M' 'M' 'M' 'M' 'M'
 'M' 'M' 'M' 'M' 'M' 'M' 'M' 'M' 'U' 'M' 'U' 'M' 'M' 'M' 'U' 'M' 'M' 'M'
 'M' 'M' 'M' 'M' 'M' 'M' 'M' 'M' 'U' 'M' 'M' 'A' 'M' 'M' 'U' 'M' 'M' 'M'
 'M' 'M' 'M' 'M' 'U' 'M' 'M' 'M' 'M' 'U' 'M' 'M' 'M' 'M' 'M' 'M' 'M' 'M'
 'M' 'U' 'M' 'M' 'M' 'M' 'M' 'M' 'M' 'M' 'A' 'M' 'M' 'M' 'M' 'M' 'M' 'M']"
169801,0,164,5,159,34,0,0,"['A' 'M' 'U' 'U' 'M' 'M' 'M' 'M' 'M' 'U' 'M' 'M' 'M' 'M' 'U' 'U' 'U' 'M'
 'M' 'M' 'M' 'M' 'M' 'M' 'U' 'M' 'M' 'M' 'M' 'M' 'M' 'M' 'M' 'M' 'M' 'M'
 'U' 'U' 'M' 'M' 'U' 'M' 'M' 'M' 'M' 'M' 'M' 'M' 'M' 'M' 'M' 'M' 'M' 'M'
 'M' 'U' 'M' 'M' 'M' 'M' 'M' 'M' 'M' 'M' 'M' 'U' 'M' 'M' 'M' 'M' 'M' 'M'
 'U' 'M' 'M' 'M' 'M' 'M' 'M' 'M' 'M' 'M' 'M' 'M' 'M' 'M' 'M' 'M' 'M' 'M'
 'U' 'U' 'M' 'U' 'M' 'M' 'M' 'M' 'M' 'A' 'U' 'U' 'U' 'M' 'M' 'A' 'M' 'M'
 'M' 'M' 'U' 'M' 'M' 'U' 'U' 'M' 'M' 'M' 'M' 'M' 'U' 'M' 'M' 'M' 'M' 'M'
 'M' 'M' 'M' 'M' 'U' 'M' 'M' 'M' 'U' 'U' 'U' 'M' 'M' 'M' 'A' 'M' 'M' 'M'
 'M' 'M' 'M' 'M' 'M' 'M' 'M' 'M' 'U' 'M' 'U' 'U' 'M' 'M' 'M' 'M' 'M' 'M'
 'M' 'M' 'M' 'M' 'M' 'M' 'M' 'M' 'M' 'M' 'M' 'M' 'M' 'M' 'M' 'M' 'M' 'U'
 'M' 'U' 'M' 'M' 'M' 'M' 'M' 'M' 'M' 'M' 'A' 'U' 'M' 'M' 'M' 'U' 'M' 'M']"
169901,0,164,5,159,34,0,1,"['A' 'M' 'M' 'U' 'M' 'M' 'M' 'M' 'M' 'U' 'M' 'M' 'M' 'M' 'M' 'M' 'M' 'M'
 'M' 'M' 'M' 'M' 'M' 'M' 'M' 'M' 'M' 'M' 'M' 'M' 'M' 'M' 'M' 'M' 'M' 'M'
 'M' 'M' 'M' 'M' 'U' 'M' 'M' 'M' 'M' 'M' 'M' 'M' 'M' 'M' 'M' 'M' 'M' 'M'
 'M' 'U' 'M' 'M' 'M' 'M' 'M' 'M' 'M' 'M' 'M' 'M' 'M' 'M' 'U' 'M' 'M' 'M'
 'U' 'M' 'M' 'M' 'M' 'M' 'M' 'U' 'M' 'M' 'U' 'M' 'M' 'M' 'M' 'M' 'U' 'M'
 'M' 'M' 'M' 'M' 'M' 'M' 'M' 'M' 'M' 'A' 'U' 'U' 'U' 'M' 'M' 'A' 'M' 'U'
 'M' 'M' 'U' 'M' 'M' 'U' 'U' 'M' 'M' 'M' 'M' 'M' 'U' 'M' 'M' 'M' 'M' 'M'
 'M' 'M' 'M' 'M' 'U' 'M' 'U' 'U' 'U' 'U' 'U' 'U' 'U' 'M' 'A' 'M' 'M' 'M'
 'M' 'M' 'M' 'M' 'M' 'M' 'M' 'M' 'M' 'U' 'U' 'U' 'U' 'M' 'M' 'M' 'U' 'M'
 'M' 'M' 'M' 'U' 'M' 'M' 'M' 'M' 'M' 'M' 'M' 'M' 'M' 'M' 'M' 'M' 'M' 'U'
 'M' 'M' 'M' 'M' 'M' 'M' 'M' 'M' 'M' 'M' 'A' 'U' 'M' 'M' 'M' 'U' 'M' 'M']"
170001,0,161,6,155,37,0,0,"['A' 'M' 'M' 'U' 'M' 'M' 'M' 'M' 'M' 'U' 'M' 'M' 'M' 'U' 'M' 'M' 'M' 'M'
 'U' 'M' 'M' 'M' 'M' 'M' 'M' 'M' 'M' 'U' 'M' 'M' 'M' 'M' 'M' 'M' 'M' 'M'
 'M' 'M' 'U' 'M' 'U' 'M' 'M' 'M' 'M' 'M' 'M' 'M' 'M' 'M' 'M' 'M' 'U' 'M'
 'M' 'M' 'M' 'U' 'M' 'M' 'M' 'M' 'M' 'M' 'M' 'M' 'U' 'M' 'M' 'M' 'M' 'M'
 'M' 'M' 'M' 'M' 'M' 'M' 'M' 'M' 'U' 'M' 'M' 'U' 'M' 'U' 'M' 'U' 'M' 'M'
 'M' 'M' 'M' 'M' 'M' 'M' 'M' 'M' 'M' 'A' 'U' 'U' 'U' 'M' 'M' 'A' 'U' 'A'
 'M' 'M' 'U' 'M' 'M' 'U' 'M' 'M' 'M' 'M' 'M' 'M' 'M' 'M' 'M' 'M' 'M' 'M'
 'M' 'M' 'M' 'M' 'M' 'U' 'U' 'U' 'U' 'A' 'M' 'U' 'U' 'M' 'A' 'M' 'M' 'M'
 'U' 'M' 'M' 'M' 'M' 'M' 'M' 'M' 'M' 'U' 'M' 'U' 'M' 'M' 'M' 'M' 'M' 'M'
 'M' 'M' 'M' 'U' 'M' 'M' 'M' 'M' 'M' 'M' 'M' 'M' 'U' 'U' 'M' 'M' 'M' 'U'
 'M' 'M' 'M' 'M' 'M' 'M' 'M' 'M' 'M' 'U' 'M' 'U' 'M' 'M' 'U' 'U' 'M' 'M']"
170101,0,157,5,152,41,0,0,"['A' 'M' 'M' 'U' 'M' 'M' 'M' 'M' 'M' 'U' 'M' 'M' 'M' 'U' 'M' 'M' 'M' 'M'
 'U' 'M' 'M' 'M' 'M' 'M' 'M' 'M' 'M' 'U' 'M' 'M' 'M' 'M' 'M' 'M' 'M' 'M'
 'M' 'M' 'U' 'M' 'U' 'M' 'M' 'M' 'M' 'M' 'M' 'M' 'M' 'M' 'M' 'M' 'U' 'M'
 'M' 'M' 'M' 'U' 'M' 'M' 'M' 'M' 'M' 'M' 'M' 'M' 'M' 'M' 'M' 'M' 'M' 'M'
 'U' 'M' 'M' 'M' 'M' 'M' 'M' 'U' 'M' 'M' 'M' 'U' 'M' 'M' 'U' 'M' 'M' 'M'
 'M' 'M' 'M' 'U' 'M' 'M' 'M' 'M' 'M' 'A' 'U' 'M' 'U' 'M' 'M' 'U' 'U' 'A'
 'M' 'M' 'U' 'M' 'M' 'U' 'M' 'M' 'M' 'U' 'M' 'M' 'M' 'M' 'M' 'M' 'M' 'M'
 'M' 'M' 'U' 'M' 'M' 'U' 'U' 'U' 'U' 'A' 'U' 'U' 'U' 'M' 'A' 'M' 'M' 'U'
 'U' 'M' 'M' 'M' 'M' 'M' 'M' 'M' 'U' 'M' 'M' 'U' 'M' 'M' 'M' 'M' 'M' 'M'
 'M' 'M' 'U' 'U' 'M' 'M' 'M' 'M' 'M' 'M' 'M' 'M' 'U' 'U' 'M' 'M' 'M' 'U'
 'M' 'M' 'M' 'M' 'M' 'M' 'M' 'M' 'U' 'M' 'M' 'U' 'M' 'M' 'M' 'U' 'M' 'M']"
170201,0,164,4,160,34,0,0,"['A' 'M' 'M' 'M' 'M' 'M' 'M' 'M' 'M' 'M' 'M' 'M' 'M' 'U' 'M' 'M' 'M' 'M'
 'U' 'M' 'M' 'U' 'M' 'M' 'M' 'M' 'M' 'U' 'M' 'M' 'U' 'M' 'M' 'M' 'M' 'M'
 'M' 'M' 'M' 'M' 'U' 'U' 'M' 'M' 'M' 'M' 'M' 'M' 'M' 'M' 'M' 'M' 'U' 'M'
 'M' 'M' 'M' 'U' 'M' 'U' 'M' 'M' 'M' 'M' 'M' 'M' 'M' 'M' 'M' 'M' 'M' 'M'
 'M' 'M' 'M' 'M' 'M' 'U' 'M' 'U' 'M' 'U' 'M' 'U' 'M' 'M' 'M' 'M' 'M' 'M'
 'M' 'M' 'M' 'U' 'M' 'M' 'M' 'M' 'M' 'U' 'U' 'M' 'U' 'M' 'M' 'A' 'M' 'A'
 'M' 'M' 'U' 'M' 'M' 'U' 'M' 'M' 'M' 'M' 'M' 'M' 'M' 'M' 'M' 'M' 'M' 'M'
 'M' 'M' 'U' 'M' 'M' 'U' 'U' 'M' 'U' 'A' 'M' 'U' 'M' 'M' 'U' 'M' 'U' 'M'
 'U' 'M' 'M' 'M' 'M' 'M' 'M' 'M' 'U' 'M' 'M' 'U' 'M' 'M' 'M' 'M' 'M' 'M'
 'M' 'M' 'M' 'M' 'M' 'M' 'M' 'M' 'M' 'M' 'M' 'M' 'M' 'U' 'M' 'M' 'M' 'U'
 'M' 'M' 'M' 'M' 'M' 'M' 'M' 'M' 'U' 'M' 'M' 'M' 'M' 'M' 'U' 'M' 'M' 'M']"
170301,0,160,3,157,38,0,1,"['A' 'U' 'M' 'M' 'M' 'M' 'M' 'M' 'M' 'M' 'M' 'M' 'M' 'M' 'M' 'M' 'M' 'M'
 'M' 'M' 'M' 'M' 'M' 'M' 'M' 'M' 'U' 'U' 'M' 'M' 'M' 'M' 'M' 'M' 'M' 'M'
 'M' 'M' 'M' 'U' 'U' 'U' 'M' 'M' 'M' 'M' 'M' 'M' 'M' 'M' 'M' 'M' 'U' 'M'
 'M' 'M' 'M' 'U' 'M' 'U' 'M' 'M' 'M' 'M' 'M' 'M' 'M' 'M' 'M' 'M' 'M' 'M'
 'U' 'M' 'M' 'M' 'M' 'M' 'M' 'M' 'M' 'U' 'M' 'M' 'M' 'M' 'M' 'M' 'M' 'U'
 'M' 'M' 'U' 'U' 'M' 'M' 'U' 'U' 'M' 'U' 'U' 'M' 'M' 'M' 'M' 'U' 'M' 'A'
 'M' 'M' 'M' 'M' 'M' 'M' 'M' 'M' 'M' 'M' 'M' 'M' 'M' 'M' 'M' 'M' 'M' 'M'
 'M' 'M' 'U' 'M' 'M' 'U' 'U' 'U' 'M' 'A' 'U' 'U' 'U' 'M' 'U' 'U' 'U' 'M'
 'M' 'M' 'M' 'M' 'M' 'M' 'M' 'M' 'U' 'M' 'M' 'U' 'M' 'M' 'M' 'M' 'M' 'M'
 'M' 'M' 'M' 'M' 'M' 'M' 'M' 'M' 'M' 'M' 'M' 'U' 'M' 'U' 'M' 'M' 'M' 'U'
 'M' 'M' 'M' 'M' 'M' 'M' 'U' 'U' 'U' 'M' 'M' 'M' 'M' 'M' 'U' 'M' 'M' 'M']"
170401,1,169,4,165,29,0,0,"['A' 'U' 'M' 'M' 'M' 'M' 'M' 'M' 'M' 'M' 'M' 'M' 'M' 'M' 'M' 'M' 'M' 'M'
 'M' 'M' 'M' 'M' 'M' 'M' 'M' 'M' 'U' 'M' 'M' 'M' 'M' 'M' 'M' 'M' 'M' 'U'
 'M' 'M' 'M' 'M' 'M' 'M' 'M' 'M' 'M' 'M' 'M' 'M' 'M' 'M' 'M' 'M' 'U' 'M'
 'M' 'M' 'M' 'M' 'M' 'U' 'M' 'M' 'M' 'M' 'M' 'M' 'M' 'U' 'M' 'M' 'M' 'M'
 'U' 'M' 'M' 'M' 'M' 'M' 'U' 'M' 'M' 'M' 'M' 'M' 'U' 'U' 'M' 'M' 'M' 'M'
 'M' 'M' 'M' 'M' 'M' 'M' 'M' 'U' 'M' 'U' 'U' 'M' 'M' 'M' 'M' 'A' 'M' 'A'
 'M' 'M' 'M' 'M' 'M' 'M' 'M' 'M' 'M' 'M' 'M' 'M' 'M' 'M' 'U' 'M' 'M' 'M'
 'M' 'M' 'U' 'M' 'M' 'U' 'U' 'U' 'M' 'U' 'M' 'M' 'M' 'M' 'M' 'U' 'U' 'M'
 'M' 'M' 'M' 'M' 'M' 'M' 'M' 'M' 'U' 'M' 'M' 'U' 'M' 'M' 'M' 'M' 'M' 'M'
 'M' 'M' 'M' 'M' 'M' 'M' 'M' 'M' 'M' 'M' 'M' 'M' 'M' 'U' 'M' 'M' 'M' 'U'
 'M' 'M' 'M' 'M' 'M' 'M' 'M' 'U' 'U' 'M' 'M' 'M' 'A' 'U' 'U' 'M' 'M' 'M']"
170501,0,162,4,158,36,0,0,"['A' 'U' 'M' 'M' 'M' 'M' 'M' 'M' 'M' 'M' 'U' 'M' 'U' 'M' 'M' 'M' 'M' 'M'
 'M' 'M' 'M' 'M' 'M' 'M' 'M' 'M' 'U' 'M' 'M' 'M' 'M' 'M' 'M' 'M' 'M' 'U'
 'M' 'M' 'M' 'M' 'M' 'M' 'M' 'M' 'M' 'M' 'M' 'U' 'M' 'M' 'M' 'M' 'M' 'M'
 'M' 'M' 'M' 'U' 'M' 'M' 'U' 'M' 'M' 'M' 'M' 'M' 'M' 'M' 'M' 'U' 'M' 'M'
 'M' 'M' 'M' 'U' 'U' 'M' 'M' 'M' 'M' 'M' 'M' 'U' 'U' 'M' 'M' 'M' 'M' 'M'
 'M' 'M' 'M' 'M' 'M' 'M' 'M' 'U' 'M' 'M' 'U' 'M' 'M' 'M' 'M' 'A' 'M' 'U'
 'M' 'M' 'M' 'M' 'M' 'M' 'M' 'M' 'M' 'M' 'M' 'M' 'M' 'M' 'U' 'M' 'M' 'M'
 'M' 'M' 'U' 'M' 'M' 'U' 'M' 'U' 'U' 'M' 'U' 'U' 'M' 'M' 'M' 'U' 'U' 'M'
 'M' 'M' 'M' 'M' 'M' 'M' 'M' 'M' 'U' 'M' 'M' 'U' 'M' 'M' 'M' 'M' 'M' 'M'
 'M' 'M' 'M' 'M' 'M' 'M' 'M' 'M' 'U' 'M' 'M' 'M' 'M' 'A' 'M' 'M' 'U' 'U'
 'M' 'M' 'U' 'M' 'M' 'M' 'M' 'U' 'U' 'M' 'M' 'U' 'A' 'M' 'U' 'M' 'M' 'U']"
170601,0,156,3,153,42,0,0,"['A' 'U' 'M' 'M' 'M' 'M' 'M' 'M' 'U' 'U' 'M' 'M' 'M' 'M' 'M' 'M' 'M' 'M'
 'M' 'M' 'M' 'M' 'M' 'M' 'M' 'M' 'U' 'M' 'U' 'M' 'M' 'M' 'M' 'M' 'M' 'U'
 'M' 'M' 'M' 'M' 'M' 'M' 'M' 'U' 'M' 'M' 'M' 'U' 'M' 'M' 'M' 'U' 'M' 'M'
 'M' 'M' 'M' 'U' 'M' 'M' 'U' 'M' 'M' 'M' 'M' 'U' 'M' 'M' 'M' 'M' 'M' 'M'
 'M' 'M' 'M' 'M' 'M' 'M' 'U' 'M' 'M' 'U' 'M' 'M' 'U' 'M' 'M' 'M' 'M' 'M'
 'M' 'M' 'U' 'M' 'M' 'M' 'U' 'U' 'M' 'M' 'A' 'M' 'M' 'M' 'M' 'A' 'M' 'U'
 'M' 'M' 'M' 'M' 'M' 'M' 'M' 'M' 'M' 'M' 'M' 'M' 'M' 'M' 'M' 'M' 'M' 'M'
 'M' 'M' 'U' 'M' 'U' 'U' 'U' 'U' 'U' 'U' 'U' 'U' 'U' 'M' 'M' 'U' 'U' 'M'
 'M' 'U' 'M' 'M' 'M' 'M' 'M' 'M' 'U' 'M' 'M' 'M' 'M' 'M' 'M' 'M' 'M' 'M'
 'M' 'M' 'M' 'M' 'M' 'M' 'M' 'M' 'U' 'M' 'M' 'M' 'M' 'U' 'M' 'M' 'U' 'U'
 'M' 'U' 'U' 'M' 'M' 'M' 'M' 'M' 'U' 'M' 'M' 'U' 'M' 'M' 'M' 'M' 'M' 'U']"
170701,0,160,3,157,38,0,0,"['A' 'U' 'M' 'M' 'M' 'M' 'M' 'M' 'U' 'U' 'M' 'M' 'M' 'M' 'M' 'M' 'M' 'M'
 'M' 'M' 'M' 'M' 'M' 'M' 'M' 'M' 'U' 'M' 'M' 'M' 'U' 'M' 'M' 'M' 'M' 'U'
 'M' 'M' 'M' 'M' 'M' 'M' 'M' 'U' 'M' 'M' 'M' 'U' 'M' 'M' 'U' 'M' 'M' 'M'
 'M' 'U' 'U' 'U' 'M' 'M' 'U' 'M' 'M' 'M' 'M' 'M' 'M' 'U' 'M' 'M' 'M' 'M'
 'M' 'M' 'U' 'M' 'M' 'M' 'M' 'M' 'M' 'M' 'M' 'M' 'M' 'U' 'M' 'M' 'M' 'U'
 'U' 'M' 'M' 'M' 'M' 'M' 'U' 'U' 'M' 'M' 'A' 'M' 'M' 'M' 'M' 'A' 'M' 'M'
 'M' 'M' 'U' 'M' 'M' 'M' 'U' 'M' 'M' 'M' 'M' 'M' 'M' 'M' 'M' 'M' 'M' 'M'
 'M' 'M' 'M' 'M' 'M' 'U' 'M' 'U' 'U' 'U' 'U' 'M' 'U' 'M' 'M' 'U' 'M' 'M'
 'M' 'U' 'M' 'M' 'M' 'M' 'M' 'M' 'U' 'U' 'M' 'M' 'M' 'M' 'M' 'M' 'M' 'M'
 'M' 'M' 'M' 'M' 'M' 'M' 'M' 'M' 'M' 'M' 'M' 'M' 'U' 'U' 'M' 'M' 'M' 'M'
 'M' 'M' 'U' 'M' 'M' 'M' 'M' 'M' 'U' 'M' 'M' 'U' 'M' 'M' 'M' 'M' 'M' 'U']"
170801,0,163,2,161,35,0,1,"['A' 'U' 'M' 'M' 'M' 'M' 'M' 'M' 'M' 'U' 'M' 'M' 'M' 'M' 'U' 'M' 'M' 'U'
 'M' 'M' 'M' 'M' 'M' 'M' 'M' 'M' 'U' 'M' 'M' 'M' 'M' 'M' 'M' 'M' 'M' 'M'
 'M' 'M' 'M' 'M' 'M' 'M' 'M' 'U' 'M' 'M' 'M' 'M' 'M' 'M' 'A' 'M' 'M' 'M'
 'M' 'U' 'U' 'U' 'M' 'M' 'U' 'M' 'M' 'M' 'M' 'M' 'M' 'M' 'U' 'M' 'U' 'M'
 'M' 'M' 'M' 'M' 'M' 'M' 'M' 'M' 'M' 'M' 'M' 'M' 'M' 'U' 'M' 'M' 'M' 'U'
 'M' 'U' 'M' 'M' 'M' 'M' 'U' 'U' 'M' 'M' 'U' 'M' 'M' 'U' 'M' 'U' 'M' 'U'
 'M' 'M' 'U' 'M' 'M' 'M' 'U' 'U' 'M' 'M' 'M' 'M' 'M' 'M' 'M' 'M' 'U' 'M'
 'M' 'M' 'M' 'M' 'M' 'U' 'M' 'U' 'M' 'U' 'U' 'M' 'M' 'M' 'M' 'M' 'M' 'M'
 'M' 'M' 'M' 'M' 'M' 'M' 'M' 'M' 'U' 'U' 'M' 'M' 'M' 'M' 'M' 'M' 'M' 'M'
 'M' 'M' 'M' 'M' 'M' 'M' 'M' 'M' 'M' 'M' 'M' 'M' 'U' 'U' 'M' 'M' 'M' 'M'
 'M' 'M' 'U' 'M' 'M' 'M' 'M' 'M' 'M' 'M' 'M' 'U' 'M' 'M' 'M' 'M' 'M' 'M']"
170901,0,162,2,160,36,0,0,"['A' 'U' 'M' 'M' 'M' 'M' 'M' 'M' 'M' 'U' 'M' 'M' 'M' 'M' 'U' 'M' 'M' 'M'
 'M' 'M' 'M' 'M' 'M' 'M' 'M' 'M' 'M' 'M' 'M' 'M' 'M' 'M' 'M' 'M' 'M' 'U'
 'M' 'M' 'M' 'M' 'M' 'M' 'M' 'U' 'M' 'M' 'M' 'M' 'M' 'U' 'A' 'M' 'M' 'M'
 'M' 'U' 'U' 'U' 'M' 'M' 'U' 'M' 'M' 'M' 'M' 'M' 'M' 'M' 'M' 'M' 'U' 'M'
 'M' 'M' 'M' 'M' 'M' 'M' 'M' 'M' 'U' 'U' 'M' 'M' 'M' 'M' 'M' 'U' 'M' 'M'
 'M' 'M' 'M' 'U' 'M' 'M' 'M' 'M' 'M' 'M' 'M' 'M' 'M' 'U' 'M' 'U' 'M' 'M'
 'M' 'M' 'U' 'M' 'M' 'M' 'U' 'U' 'M' 'M' 'M' 'M' 'M' 'M' 'M' 'M' 'U' 'M'
 'M' 'M' 'M' 'M' 'M' 'U' 'M' 'U' 'M' 'U' 'U' 'M' 'M' 'M' 'M' 'U' 'M' 'M'
 'M' 'M' 'M' 'M' 'M' 'M' 'M' 'U' 'M' 'U' 'M' 'M' 'M' 'M' 'M' 'M' 'M' 'M'
 'U' 'M' 'M' 'M' 'M' 'M' 'M' 'M' 'M' 'M' 'M' 'U' 'U' 'U' 'U' 'M' 'M' 'M'
 'M' 'M' 'U' 'M' 'M' 'M' 'M' 'U' 'M' 'M' 'M' 'U' 'M' 'M' 'M' 'M' 'M' 'M']"
171001,0,168,4,164,30,1,0,"['A' 'M' 'M' 'M' 'M' 'M' 'M' 'M' 'M' 'U' 'M' 'M' 'M' 'M' 'U' 'M' 'U' 'M'
 'M' 'M' 'M' 'M' 'M' 'M' 'M' 'M' 'M' 'M' 'M' 'M' 'M' 'M' 'M' 'M' 'M' 'U'
 'M' 'M' 'M' 'M' 'M' 'M' 'M' 'U' 'M' 'M' 'M' 'M' 'M' 'U' 'A' 'M' 'M' 'M'
 'M' 'M' 'U' 'U' 'M' 'M' 'U' 'M' 'M' 'M' 'M' 'U' 'M' 'U' 'M' 'M' 'M' 'M'
 'M' 'M' 'M' 'M' 'M' 'M' 'M' 'M' 'M' 'U' 'M' 'M' 'M' 'M' 'M' 'U' 'M' 'M'
 'M' 'M' 'M' 'U' 'M' 'M' 'M' 'M' 'M' 'M' 'M' 'M' 'M' 'U' 'M' 'U' 'M' 'M'
 'M' 'M' 'M' 'M' 'M' 'M' 'M' 'U' 'M' 'M' 'M' 'U' 'M' 'M' 'M' 'U' 'U' 'M'
 'M' 'M' 'M' 'M' 'M' 'A' 'M' 'U' 'M' 'U' 'M' 'U' 'M' 'M' 'M' 'M' 'M' 'M'
 'M' 'M' 'M' 'M' 'M' 'M' 'M' 'U' 'M' 'U' 'M' 'M' 'M' 'M' 'M' 'M' 'M' 'M'
 'U' 'M' 'M' 'M' 'M' 'M' 'M' 'M' 'M' 'M' 'M' 'U' 'M' 'U' 'U' 'M' 'M' 'M'
 'M' 'M' 'A' 'M' 'M' 'M' 'M' 'U' 'M' 'M' 'M' 'M' 'M' 'M' 'M' 'M' 'M' 'M']"
171101,0,167,4,163,31,0,0,"['A' 'M' 'M' 'M' 'M' 'M' 'A' 'M' 'M' 'U' 'M' 'M' 'M' 'M' 'U' 'M' 'M' 'M'
 'M' 'U' 'M' 'M' 'M' 'M' 'U' 'M' 'M' 'M' 'M' 'M' 'M' 'M' 'M' 'M' 'M' 'M'
 'M' 'M' 'M' 'M' 'M' 'M' 'M' 'U' 'M' 'M' 'M' 'M' 'M' 'M' 'A' 'M' 'M' 'M'
 'M' 'M' 'M' 'U' 'M' 'M' 'U' 'M' 'M' 'M' 'M' 'M' 'M' 'U' 'M' 'M' 'M' 'M'
 'U' 'M' 'M' 'M' 'M' 'M' 'M' 'M' 'M' 'U' 'M' 'M' 'U' 'M' 'M' 'M' 'U' 'M'
 'M' 'M' 'M' 'M' 'M' 'M' 'M' 'M' 'U' 'M' 'M' 'U' 'M' 'U' 'M' 'U' 'M' 'M'
 'M' 'M' 'M' 'M' 'M' 'M' 'M' 'U' 'M' 'M' 'M' 'U' 'M' 'M' 'M' 'U' 'M' 'M'
 'M' 'M' 'M' 'M' 'M' 'M' 'M' 'U' 'M' 'U' 'M' 'U' 'M' 'M' 'U' 'M' 'M' 'U'
 'M' 'M' 'M' 'M' 'M' 'M' 'M' 'M' 'M' 'U' 'M' 'M' 'M' 'M' 'M' 'U' 'M' 'M'
 'U' 'M' 'M' 'M' 'M' 'M' 'M' 'M' 'M' 'M' 'M' 'M' 'M' 'U' 'U' 'M' 'M' 'M'
 'M' 'M' 'A' 'M' 'M' 'M' 'M' 'M' 'U' 'M' 'M' 'M' 'M' 'U' 'M' 'M' 'M' 'M']"
171201,0,165,3,162,33,0,0,"['A' 'M' 'M' 'M' 'M' 'M' 'A' 'M' 'M' 'M' 'M' 'M' 'M' 'M' 'U' 'M' 'M' 'M'
 'U' 'U' 'M' 'M' 'M' 'M' 'M' 'M' 'M' 'M' 'M' 'M' 'M' 'M' 'M' 'M' 'M' 'M'
 'M' 'M' 'M' 'M' 'M' 'M' 'M' 'U' 'M' 'M' 'M' 'M' 'M' 'M' 'A' 'M' 'M' 'M'
 'M' 'M' 'M' 'U' 'M' 'M' 'U' 'M' 'M' 'M' 'M' 'M' 'M' 'M' 'U' 'M' 'M' 'M'
 'M' 'M' 'M' 'M' 'U' 'U' 'M' 'M' 'M' 'U' 'M' 'M' 'M' 'M' 'M' 'M' 'M' 'M'
 'M' 'M' 'U' 'M' 'M' 'M' 'M' 'M' 'U' 'M' 'U' 'U' 'M' 'U' 'M' 'U' 'M' 'M'
 'M' 'M' 'M' 'M' 'M' 'M' 'M' 'U' 'M' 'M' 'M' 'U' 'M' 'M' 'M' 'M' 'M' 'M'
 'M' 'M' 'M' 'M' 'M' 'M' 'M' 'M' 'M' 'U' 'M' 'U' 'M' 'M' 'M' 'M' 'M' 'M'
 'M' 'M' 'M' 'M' 'M' 'M' 'M' 'M' 'M' 'U' 'U' 'M' 'M' 'M' 'M' 'U' 'M' 'M'
 'U' 'M' 'M' 'M' 'M' 'M' 'M' 'M' 'M' 'M' 'M' 'U' 'M' 'U' 'U' 'M' 'M' 'M'
 'M' 'M' 'U' 'M' 'M' 'U' 'U' 'M' 'U' 'M' 'M' 'U' 'M' 'U' 'M' 'M' 'M' 'M']"
171301,0,161,6,155,37,0,0,"['A' 'M' 'M' 'M' 'M' 'M' 'A' 'M' 'M' 'M' 'M' 'M' 'M' 'U' 'U' 'M' 'M' 'M'
 'U' 'U' 'M' 'M' 'M' 'M' 'M' 'M' 'M' 'M' 'M' 'M' 'M' 'M' 'M' 'M' 'M' 'M'
 'M' 'M' 'M' 'U' 'M' 'M' 'M' 'U' 'M' 'M' 'U' 'M' 'M' 'M' 'A' 'M' 'M' 'M'
 'M' 'M' 'M' 'U' 'M' 'M' 'U' 'M' 'M' 'M' 'M' 'M' 'M' 'M' 'M' 'M' 'M' 'M'
 'U' 'M' 'M' 'M' 'M' 'M' 'M' 'M' 'M' 'U' 'M' 'M' 'M' 'U' 'M' 'M' 'M' 'M'
 'M' 'U' 'M' 'U' 'M' 'M' 'M' 'M' 'U' 'M' 'M' 'U' 'M' 'U' 'M' 'U' 'M' 'U'
 'M' 'M' 'A' 'M' 'M' 'M' 'M' 'U' 'M' 'M' 'M' 'U' 'M' 'M' 'M' 'M' 'M' 'M'
 'M' 'M' 'M' 'M' 'M' 'A' 'M' 'U' 'M' 'U' 'U' 'U' 'U' 'M' 'M' 'M' 'M' 'M'
 'M' 'M' 'M' 'M' 'M' 'M' 'M' 'M' 'M' 'U' 'U' 'M' 'M' 'M' 'M' 'U' 'M' 'M'
 'U' 'M' 'M' 'M' 'M' 'M' 'M' 'M' 'U' 'U' 'M' 'M' 'M' 'U' 'M' 'M' 'M' 'M'
 'M' 'M' 'M' 'M' 'M' 'U' 'U' 'M' 'U' 'M' 'M' 'U' 'M' 'A' 'M' 'M' 'M' 'M']"
171401,0,164,4,160,34,0,1,"['A' 'M' 'M' 'M' 'M' 'M' 'U' 'M' 'M' 'M' 'M' 'M' 'M' 'U' 'U' 'M' 'M' 'M'
 'M' 'U' 'M' 'M' 'M' 'M' 'M' 'M' 'M' 'M' 'M' 'M' 'M' 'M' 'M' 'M' 'M' 'M'
 'M' 'M' 'M' 'U' 'M' 'M' 'M' 'M' 'M' 'M' 'M' 'M' 'M' 'M' 'U' 'M' 'M' 'M'
 'M' 'M' 'M' 'U' 'M' 'M' 'U' 'M' 'M' 'M' 'M' 'M' 'M' 'U' 'U' 'M' 'M' 'M'
 'M' 'M' 'U' 'U' 'M' 'M' 'M' 'M' 'M' 'M' 'M' 'M' 'M' 'M' 'M' 'M' 'U' 'M'
 'M' 'M' 'M' 'M' 'M' 'M' 'M' 'M' 'U' 'M' 'M' 'U' 'M' 'U' 'M' 'M' 'M' 'M'
 'M' 'M' 'A' 'M' 'M' 'M' 'M' 'A' 'M' 'M' 'M' 'U' 'M' 'M' 'M' 'M' 'M' 'M'
 'M' 'M' 'M' 'M' 'M' 'U' 'M' 'U' 'M' 'U' 'U' 'U' 'U' 'M' 'M' 'U' 'M' 'U'
 'M' 'M' 'M' 'M' 'M' 'M' 'M' 'M' 'M' 'U' 'M' 'M' 'M' 'M' 'M' 'U' 'M' 'M'
 'M' 'M' 'U' 'M' 'M' 'M' 'M' 'M' 'U' 'U' 'M' 'M' 'M' 'U' 'M' 'M' 'M' 'M'
 'M' 'M' 'M' 'M' 'M' 'U' 'M' 'M' 'U' 'M' 'M' 'M' 'U' 'A' 'M' 'M' 'M' 'M']"
171501,0,165,4,161,33,0,0,"['A' 'M' 'M' 'M' 'M' 'M' 'U' 'M' 'M' 'M' 'M' 'M' 'M' 'M' 'U' 'M' 'M' 'M'
 'U' 'U' 'M' 'M' 'M' 'M' 'M' 'M' 'M' 'M' 'M' 'M' 'M' 'M' 'U' 'M' 'M' 'M'
 'M' 'M' 'M' 'U' 'M' 'M' 'M' 'M' 'M' 'M' 'U' 'M' 'M' 'M' 'U' 'M' 'M' 'M'
 'M' 'M' 'M' 'U' 'M' 'M' 'U' 'M' 'M' 'M' 'M' 'M' 'M' 'M' 'M' 'M' 'M' 'M'
 'M' 'M' 'M' 'M' 'M' 'U' 'M' 'M' 'U' 'M' 'M' 'U' 'M' 'M' 'U' 'M' 'M' 'M'
 'M' 'M' 'M' 'M' 'U' 'M' 'M' 'M' 'U' 'M' 'M' 'M' 'M' 'U' 'M' 'M' 'M' 'M'
 'M' 'M' 'A' 'M' 'M' 'M' 'M' 'A' 'M' 'M' 'M' 'U' 'U' 'M' 'M' 'M' 'M' 'M'
 'M' 'M' 'M' 'M' 'M' 'U' 'M' 'U' 'M' 'U' 'M' 'U' 'M' 'M' 'M' 'U' 'M' 'U'
 'M' 'M' 'M' 'M' 'M' 'M' 'M' 'M' 'U' 'U' 'M' 'M' 'M' 'M' 'M' 'U' 'M' 'M'
 'M' 'M' 'U' 'M' 'M' 'M' 'M' 'M' 'U' 'M' 'M' 'M' 'M' 'U' 'M' 'M' 'M' 'M'
 'M' 'M' 'M' 'M' 'M' 'M' 'M' 'M' 'U' 'M' 'M' 'M' 'U' 'A' 'M' 'M' 'M' 'M']"
171601,0,171,5,166,27,0,1,"['A' 'M' 'M' 'M' 'M' 'M' 'U' 'M' 'M' 'M' 'M' 'M' 'M' 'M' 'U' 'M' 'M' 'M'
 'M' 'U' 'M' 'M' 'M' 'M' 'M' 'M' 'M' 'M' 'M' 'M' 'U' 'M' 'M' 'M' 'M' 'M'
 'M' 'M' 'M' 'M' 'M' 'M' 'M' 'M' 'M' 'U' 'U' 'M' 'M' 'M' 'U' 'M' 'M' 'M'
 'M' 'M' 'M' 'M' 'M' 'M' 'U' 'M' 'M' 'M' 'M' 'U' 'M' 'M' 'M' 'M' 'U' 'M'
 'M' 'M' 'M' 'U' 'M' 'M' 'M' 'M' 'M' 'U' 'M' 'M' 'M' 'M' 'M' 'M' 'M' 'U'
 'M' 'M' 'M' 'M' 'M' 'M' 'M' 'M' 'M' 'M' 'M' 'M' 'M' 'U' 'M' 'M' 'M' 'M'
 'M' 'M' 'A' 'M' 'M' 'M' 'M' 'A' 'M' 'M' 'M' 'U' 'U' 'M' 'M' 'M' 'M' 'M'
 'M' 'M' 'M' 'M' 'M' 'U' 'M' 'U' 'M' 'U' 'M' 'M' 'M' 'M' 'M' 'U' 'M' 'U'
 'M' 'M' 'M' 'M' 'M' 'M' 'U' 'M' 'M' 'M' 'M' 'M' 'M' 'M' 'M' 'M' 'M' 'M'
 'M' 'M' 'A' 'M' 'M' 'M' 'M' 'M' 'U' 'M' 'M' 'M' 'M' 'M' 'M' 'U' 'M' 'M'
 'M' 'M' 'U' 'M' 'M' 'M' 'M' 'M' 'U' 'M' 'M' 'M' 'U' 'A' 'M' 'M' 'M' 'M']"
171701,0,168,5,163,30,0,0,"['A' 'M' 'M' 'M' 'M' 'M' 'U' 'M' 'M' 'M' 'M' 'M' 'M' 'M' 'M' 'M' 'M' 'M'
 'M' 'U' 'M' 'U' 'U' 'M' 'M' 'M' 'M' 'M' 'M' 'M' 'U' 'M' 'M' 'M' 'M' 'M'
 'M' 'M' 'M' 'M' 'M' 'M' 'M' 'M' 'M' 'U' 'M' 'M' 'M' 'M' 'U' 'M' 'M' 'M'
 'M' 'M' 'M' 'M' 'M' 'M' 'U' 'M' 'M' 'M' 'M' 'M' 'M' 'M' 'M' 'M' 'M' 'M'
 'M' 'M' 'M' 'M' 'M' 'M' 'U' 'M' 'M' 'U' 'M' 'M' 'M' 'M' 'M' 'M' 'M' 'U'
 'U' 'U' 'M' 'M' 'M' 'M' 'M' 'M' 'M' 'M' 'M' 'M' 'M' 'U' 'M' 'M' 'M' 'M'
 'M' 'M' 'A' 'M' 'M' 'U' 'M' 'A' 'M' 'M' 'M' 'U' 'U' 'M' 'M' 'M' 'M' 'M'
 'M' 'M' 'M' 'M' 'M' 'U' 'M' 'U' 'M' 'U' 'M' 'M' 'M' 'M' 'M' 'U' 'M' 'U'
 'M' 'M' 'M' 'M' 'M' 'M' 'U' 'M' 'U' 'M' 'M' 'M' 'M' 'M' 'M' 'M' 'M' 'M'
 'U' 'M' 'A' 'M' 'M' 'M' 'M' 'M' 'U' 'M' 'U' 'M' 'M' 'U' 'M' 'M' 'M' 'M'
 'M' 'M' 'M' 'M' 'M' 'M' 'M' 'M' 'U' 'M' 'M' 'M' 'U' 'A' 'M' 'M' 'M' 'M']"
171801,0,167,5,162,31,1,0,"['A' 'M' 'M' 'M' 'M' 'M' 'U' 'M' 'M' 'M' 'M' 'M' 'M' 'M' 'M' 'M' 'M' 'M'
 'M' 'M' 'U' 'U' 'U' 'M' 'M' 'M' 'M' 'M' 'M' 'M' 'U' 'M' 'M' 'M' 'M' 'M'
 'M' 'M' 'M' 'M' 'M' 'M' 'M' 'M' 'M' 'A' 'M' 'U' 'M' 'M' 'M' 'M' 'U' 'M'
 'M' 'U' 'M' 'M' 'M' 'M' 'U' 'M' 'M' 'M' 'U' 'M' 'M' 'M' 'M' 'M' 'M' 'M'
 'M' 'M' 'M' 'M' 'M' 'M' 'M' 'U' 'M' 'M' 'M' 'M' 'M' 'U' 'U' 'M' 'M' 'M'
 'U' 'U' 'M' 'M' 'M' 'M' 'M' 'M' 'M' 'M' 'M' 'M' 'M' 'U' 'M' 'M' 'M' 'M'
 'M' 'U' 'A' 'M' 'M' 'M' 'M' 'A' 'M' 'M' 'M' 'U' 'U' 'M' 'M' 'M' 'M' 'M'
 'M' 'M' 'M' 'M' 'M' 'U' 'M' 'M' 'M' 'U' 'M' 'M' 'M' 'M' 'U' 'M' 'M' 'M'
 'M' 'M' 'M' 'M' 'M' 'M' 'U' 'M' 'M' 'M' 'U' 'M' 'M' 'M' 'M' 'M' 'M' 'U'
 'U' 'M' 'U' 'M' 'M' 'M' 'M' 'M' 'U' 'M' 'M' 'M' 'M' 'U' 'U' 'M' 'M' 'M'
 'M' 'M' 'M' 'M' 'M' 'M' 'M' 'M' 'M' 'M' 'M' 'M' 'U' 'A' 'M' 'M' 'M' 'M']"
171901,0,161,6,155,37,0,0,"['A' 'M' 'M' 'M' 'M' 'M' 'U' 'M' 'M' 'M' 'M' 'M' 'M' 'M' 'M' 'M' 'M' 'M'
 'M' 'M' 'U' 'A' 'U' 'M' 'M' 'M' 'U' 'M' 'M' 'M' 'U' 'M' 'M' 'M' 'M' 'M'
 'M' 'M' 'M' 'M' 'U' 'U' 'M' 'M' 'M' 'U' 'M' 'U' 'M' 'M' 'M' 'M' 'U' 'M'
 'M' 'U' 'U' 'M' 'M' 'M' 'U' 'M' 'M' 'M' 'U' 'M' 'M' 'M' 'M' 'M' 'U' 'M'
 'U' 'M' 'M' 'M' 'M' 'M' 'M' 'M' 'M' 'M' 'M' 'M' 'U' 'M' 'U' 'M' 'M' 'M'
 'U' 'M' 'M' 'M' 'M' 'M' 'M' 'M' 'M' 'M' 'M' 'M' 'M' 'A' 'M' 'M' 'U' 'M'
 'U' 'M' 'A' 'M' 'M' 'M' 'M' 'A' 'M' 'M' 'M' 'M' 'U' 'M' 'M' 'M' 'U' 'M'
 'M' 'M' 'M' 'M' 'M' 'U' 'M' 'M' 'M' 'U' 'M' 'M' 'M' 'M' 'U' 'M' 'M' 'M'
 'M' 'M' 'M' 'M' 'M' 'M' 'U' 'M' 'M' 'M' 'U' 'U' 'M' 'M' 'M' 'M' 'M' 'M'
 'M' 'M' 'U' 'M' 'M' 'M' 'M' 'M' 'U' 'M' 'U' 'M' 'M' 'U' 'U' 'M' 'M' 'M'
 'M' 'M' 'M' 'M' 'U' 'M' 'M' 'M' 'M' 'M' 'M' 'M' 'U' 'A' 'M' 'M' 'M' 'U']"
172001,0,164,6,158,34,0,1,"['A' 'M' 'M' 'M' 'M' 'M' 'U' 'M' 'M' 'M' 'M' 'M' 'M' 'M' 'M' 'U' 'M' 'M'
 'M' 'M' 'U' 'A' 'U' 'M' 'M' 'M' 'M' 'M' 'M' 'M' 'U' 'M' 'M' 'M' 'M' 'M'
 'M' 'M' 'M' 'M' 'M' 'U' 'M' 'M' 'M' 'M' 'M' 'U' 'U' 'M' 'U' 'M' 'U' 'M'
 'M' 'U' 'M' 'M' 'M' 'M' 'U' 'M' 'M' 'M' 'U' 'M' 'M' 'U' 'M' 'U' 'M' 'M'
 'M' 'M' 'M' 'U' 'M' 'M' 'M' 'U' 'M' 'M' 'M' 'M' 'M' 'M' 'M' 'M' 'M' 'M'
 'M' 'M' 'M' 'U' 'M' 'M' 'M' 'M' 'M' 'M' 'M' 'M' 'M' 'A' 'M' 'M' 'U' 'M'
 'U' 'M' 'A' 'M' 'M' 'M' 'U' 'A' 'M' 'M' 'M' 'M' 'M' 'M' 'M' 'M' 'M' 'M'
 'M' 'M' 'M' 'M' 'M' 'U' 'U' 'M' 'M' 'U' 'M' 'M' 'M' 'M' 'U' 'M' 'M' 'M'
 'M' 'M' 'M' 'M' 'M' 'M' 'U' 'M' 'U' 'M' 'U' 'U' 'M' 'M' 'M' 'M' 'M' 'M'
 'M' 'M' 'U' 'M' 'M' 'M' 'M' 'M' 'U' 'M' 'A' 'M' 'M' 'M' 'U' 'M' 'M' 'M'
 'M' 'M' 'M' 'M' 'U' 'M' 'M' 'M' 'M' 'M' 'M' 'M' 'M' 'U' 'M' 'M' 'M' 'M']"
172101,0,170,6,164,28,0,0,"['A' 'M' 'M' 'M' 'M' 'M' 'U' 'M' 'M' 'M' 'M' 'M' 'M' 'M' 'U' 'M' 'M' 'M'
 'M' 'M' 'M' 'A' 'U' 'M' 'M' 'M' 'M' 'M' 'M' 'M' 'U' 'M' 'M' 'M' 'M' 'M'
 'M' 'M' 'M' 'M' 'M' 'M' 'M' 'M' 'M' 'M' 'M' 'M' 'U' 'M' 'M' 'M' 'U' 'M'
 'M' 'U' 'M' 'M' 'M' 'M' 'U' 'M' 'M' 'M' 'U' 'M' 'U' 'M' 'M' 'M' 'M' 'M'
 'M' 'M' 'M' 'U' 'M' 'M' 'M' 'U' 'M' 'M' 'M' 'U' 'M' 'M' 'M' 'M' 'U' 'M'
 'M' 'M' 'M' 'M' 'M' 'M' 'M' 'M' 'M' 'M' 'M' 'M' 'M' 'A' 'M' 'M' 'U' 'M'
 'U' 'M' 'A' 'M' 'M' 'M' 'U' 'A' 'M' 'M' 'M' 'M' 'M' 'M' 'M' 'U' 'U' 'M'
 'M' 'M' 'M' 'M' 'M' 'U' 'M' 'M' 'M' 'U' 'M' 'M' 'M' 'M' 'U' 'U' 'M' 'M'
 'M' 'M' 'M' 'M' 'M' 'M' 'M' 'M' 'U' 'M' 'M' 'M' 'M' 'M' 'M' 'M' 'M' 'M'
 'M' 'M' 'U' 'M' 'M' 'M' 'M' 'M' 'M' 'M' 'A' 'M' 'M' 'M' 'U' 'M' 'M' 'M'
 'M' 'M' 'M' 'M' 'U' 'M' 'M' 'M' 'M' 'M' 'M' 'M' 'M' 'M' 'M' 'M' 'U' 'M']"
172201,0,167,6,161,31,1,0,"['A' 'M' 'M' 'M' 'M' 'M' 'U' 'M' 'M' 'M' 'M' 'M' 'M' 'M' 'U' 'M' 'M' 'U'
 'M' 'M' 'M' 'A' 'U' 'M' 'M' 'M' 'M' 'M' 'M' 'M' 'M' 'M' 'M' 'M' 'M' 'M'
 'M' 'U' 'M' 'M' 'M' 'M' 'M' 'M' 'M' 'M' 'M' 'M' 'U' 'M' 'M' 'M' 'U' 'M'
 'M' 'U' 'M' 'M' 'M' 'M' 'U' 'M' 'M' 'M' 'U' 'M' 'U' 'M' 'M' 'M' 'M' 'M'
 'M' 'M' 'M' 'M' 'M' 'M' 'M' 'M' 'U' 'M' 'M' 'M' 'M' 'U' 'U' 'M' 'M' 'M'
 'M' 'M' 'M' 'U' 'M' 'M' 'M' 'M' 'M' 'M' 'M' 'M' 'M' 'U' 'M' 'M' 'M' 'M'
 'M' 'M' 'A' 'M' 'M' 'M' 'U' 'A' 'M' 'M' 'M' 'M' 'M' 'M' 'M' 'U' 'M' 'M'
 'M' 'M' 'M' 'M' 'M' 'M' 'M' 'M' 'M' 'U' 'M' 'M' 'U' 'M' 'U' 'U' 'M' 'M'
 'M' 'M' 'M' 'M' 'M' 'M' 'M' 'M' 'U' 'M' 'M' 'M' 'M' 'M' 'M' 'M' 'M' 'M'
 'M' 'M' 'U' 'M' 'M' 'M' 'M' 'M' 'M' 'M' 'A' 'M' 'M' 'M' 'U' 'M' 'U' 'M'
 'M' 'M' 'U' 'M' 'U' 'M' 'M' 'M' 'M' 'M' 'M' 'U' 'A' 'M' 'U' 'M' 'U' 'M']"
172301,0,169,3,166,29,0,0,"['A' 'M' 'M' 'M' 'M' 'M' 'U' 'M' 'M' 'M' 'M' 'M' 'M' 'M' 'U' 'M' 'M' 'M'
 'M' 'M' 'M' 'M' 'U' 'M' 'M' 'M' 'M' 'M' 'M' 'M' 'M' 'M' 'M' 'M' 'M' 'M'
 'M' 'M' 'M' 'M' 'M' 'M' 'M' 'M' 'M' 'M' 'M' 'M' 'U' 'M' 'M' 'M' 'M' 'M'
 'M' 'U' 'M' 'M' 'M' 'M' 'U' 'M' 'M' 'M' 'U' 'M' 'M' 'M' 'M' 'M' 'U' 'M'
 'M' 'M' 'M' 'M' 'M' 'M' 'M' 'M' 'M' 'U' 'M' 'M' 'U' 'M' 'M' 'M' 'M' 'U'
 'M' 'U' 'M' 'M' 'M' 'M' 'M' 'M' 'U' 'M' 'M' 'M' 'M' 'U' 'M' 'M' 'M' 'M'
 'M' 'M' 'A' 'M' 'M' 'M' 'M' 'A' 'M' 'M' 'M' 'M' 'M' 'M' 'M' 'U' 'M' 'M'
 'M' 'M' 'M' 'M' 'M' 'U' 'M' 'M' 'M' 'U' 'M' 'M' 'U' 'M' 'U' 'U' 'M' 'M'
 'M' 'M' 'M' 'M' 'M' 'M' 'M' 'M' 'U' 'M' 'M' 'M' 'M' 'M' 'M' 'M' 'M' 'M'
 'M' 'M' 'M' 'M' 'M' 'M' 'M' 'M' 'M' 'M' 'U' 'M' 'M' 'M' 'M' 'M' 'U' 'M'
 'M' 'M' 'U' 'M' 'M' 'M' 'M' 'M' 'M' 'U' 'M' 'U' 'U' 'M' 'U' 'M' 'U' 'M']"
172401,0,174,3,171,24,0,1,"['A' 'M' 'M' 'M' 'M' 'M' 'U' 'M' 'U' 'M' 'M' 'M' 'M' 'M' 'U' 'M' 'M' 'M'
 'M' 'M' 'M' 'M' 'U' 'M' 'M' 'M' 'M' 'M' 'M' 'M' 'M' 'M' 'M' 'U' 'M' 'M'
 'M' 'M' 'M' 'M' 'M' 'M' 'M' 'M' 'M' 'M' 'M' 'M' 'M' 'M' 'M' 'M' 'M' 'M'
 'M' 'U' 'M' 'U' 'M' 'M' 'M' 'M' 'M' 'M' 'U' 'U' 'M' 'M' 'M' 'M' 'U' 'M'
 'M' 'M' 'M' 'M' 'M' 'M' 'M' 'M' 'M' 'M' 'U' 'U' 'U' 'M' 'M' 'M' 'M' 'M'
 'M' 'M' 'M' 'M' 'M' 'M' 'M' 'M' 'M' 'M' 'M' 'M' 'M' 'M' 'M' 'M' 'M' 'U'
 'M' 'M' 'A' 'M' 'M' 'M' 'M' 'A' 'M' 'M' 'M' 'M' 'M' 'M' 'M' 'U' 'M' 'M'
 'M' 'M' 'M' 'M' 'M' 'M' 'M' 'M' 'M' 'U' 'M' 'M' 'M' 'M' 'U' 'U' 'M' 'M'
 'M' 'M' 'M' 'M' 'U' 'M' 'M' 'M' 'M' 'M' 'M' 'M' 'M' 'M' 'M' 'M' 'M' 'M'
 'M' 'M' 'M' 'M' 'M' 'M' 'M' 'M' 'M' 'M' 'M' 'M' 'M' 'M' 'M' 'M' 'U' 'M'
 'M' 'M' 'U' 'M' 'M' 'U' 'M' 'M' 'M' 'M' 'M' 'U' 'U' 'M' 'M' 'M' 'M' 'M']"
172501,0,172,3,169,26,0,0,"['A' 'M' 'M' 'M' 'M' 'M' 'M' 'M' 'M' 'M' 'M' 'M' 'M' 'M' 'U' 'M' 'M' 'M'
 'M' 'M' 'M' 'M' 'M' 'M' 'M' 'M' 'M' 'M' 'M' 'M' 'M' 'U' 'M' 'M' 'M' 'M'
 'M' 'M' 'M' 'M' 'M' 'M' 'M' 'M' 'M' 'M' 'M' 'M' 'M' 'U' 'M' 'U' 'M' 'M'
 'M' 'U' 'M' 'M' 'M' 'U' 'M' 'M' 'M' 'M' 'U' 'M' 'M' 'M' 'M' 'M' 'M' 'M'
 'U' 'M' 'M' 'M' 'M' 'M' 'U' 'M' 'M' 'M' 'M' 'M' 'U' 'M' 'M' 'M' 'U' 'M'
 'M' 'U' 'M' 'M' 'M' 'M' 'U' 'M' 'M' 'M' 'M' 'M' 'M' 'M' 'M' 'M' 'M' 'U'
 'U' 'M' 'A' 'M' 'M' 'M' 'M' 'A' 'M' 'M' 'M' 'M' 'M' 'M' 'M' 'U' 'M' 'M'
 'M' 'M' 'M' 'M' 'M' 'M' 'M' 'M' 'M' 'M' 'M' 'M' 'M' 'M' 'U' 'U' 'M' 'M'
 'M' 'M' 'M' 'M' 'U' 'M' 'U' 'M' 'M' 'U' 'M' 'M' 'M' 'M' 'M' 'M' 'M' 'M'
 'M' 'M' 'M' 'M' 'M' 'M' 'M' 'M' 'M' 'M' 'M' 'M' 'M' 'M' 'M' 'M' 'U' 'M'
 'M' 'M' 'U' 'M' 'M' 'U' 'M' 'M' 'M' 'U' 'M' 'M' 'U' 'M' 'M' 'M' 'M' 'M']"
172601,0,171,1,170,27,0,0,"['A' 'M' 'M' 'M' 'M' 'M' 'M' 'M' 'M' 'M' 'M' 'U' 'M' 'M' 'M' 'M' 'M' 'M'
 'M' 'M' 'M' 'M' 'M' 'M' 'M' 'M' 'M' 'M' 'M' 'M' 'M' 'U' 'M' 'M' 'M' 'M'
 'M' 'M' 'M' 'M' 'M' 'U' 'U' 'M' 'M' 'M' 'M' 'M' 'M' 'U' 'M' 'M' 'M' 'M'
 'M' 'U' 'M' 'M' 'M' 'U' 'M' 'M' 'M' 'M' 'M' 'M' 'M' 'M' 'M' 'M' 'M' 'M'
 'M' 'M' 'M' 'U' 'M' 'M' 'M' 'M' 'U' 'M' 'M' 'M' 'M' 'M' 'U' 'M' 'U' 'M'
 'M' 'M' 'M' 'U' 'M' 'M' 'U' 'M' 'M' 'M' 'M' 'M' 'M' 'M' 'M' 'M' 'M' 'U'
 'U' 'M' 'U' 'M' 'M' 'M' 'M' 'U' 'M' 'M' 'M' 'M' 'M' 'M' 'M' 'M' 'M' 'M'
 'M' 'M' 'U' 'M' 'M' 'M' 'M' 'M' 'M' 'M' 'M' 'M' 'M' 'M' 'U' 'U' 'M' 'M'
 'M' 'M' 'M' 'M' 'U' 'M' 'M' 'M' 'M' 'U' 'M' 'M' 'M' 'M' 'M' 'M' 'M' 'M'
 'M' 'M' 'M' 'M' 'M' 'M' 'M' 'M' 'M' 'M' 'M' 'M' 'M' 'M' 'M' 'M' 'U' 'M'
 'M' 'M' 'U' 'M' 'M' 'U' 'M' 'M' 'M' 'U' 'M' 'M' 'U' 'M' 'M' 'M' 'M' 'M']"
172701,0,167,1,166,31,0,0,"['A' 'M' 'M' 'M' 'M' 'M' 'M' 'M' 'M' 'M' 'M' 'U' 'M' 'M' 'M' 'M' 'M' 'U'
 'M' 'M' 'M' 'M' 'M' 'M' 'M' 'M' 'M' 'U' 'M' 'M' 'M' 'U' 'U' 'M' 'M' 'M'
 'M' 'M' 'M' 'M' 'M' 'U' 'U' 'M' 'M' 'M' 'M' 'M' 'M' 'U' 'M' 'M' 'M' 'M'
 'M' 'U' 'M' 'M' 'M' 'U' 'M' 'M' 'M' 'M' 'M' 'M' 'M' 'M' 'U' 'U' 'M' 'M'
 'M' 'M' 'U' 'M' 'M' 'M' 'M' 'M' 'M' 'M' 'M' 'M' 'M' 'M' 'M' 'U' 'M' 'U'
 'M' 'M' 'M' 'M' 'M' 'M' 'U' 'M' 'M' 'M' 'M' 'M' 'M' 'U' 'M' 'M' 'M' 'U'
 'U' 'M' 'U' 'M' 'M' 'M' 'M' 'M' 'M' 'M' 'M' 'M' 'M' 'M' 'M' 'M' 'M' 'M'
 'M' 'M' 'U' 'M' 'M' 'M' 'M' 'M' 'M' 'M' 'M' 'M' 'M' 'M' 'U' 'M' 'M' 'M'
 'M' 'M' 'M' 'M' 'U' 'M' 'U' 'M' 'M' 'U' 'M' 'M' 'M' 'M' 'M' 'U' 'M' 'M'
 'M' 'M' 'M' 'M' 'M' 'M' 'M' 'M' 'M' 'M' 'M' 'M' 'M' 'M' 'M' 'M' 'M' 'M'
 'M' 'U' 'M' 'M' 'M' 'U' 'M' 'M' 'U' 'U' 'M' 'M' 'M' 'M' 'M' 'U' 'M' 'M']"
172801,0,169,2,167,29,0,1,"['A' 'M' 'M' 'M' 'M' 'M' 'M' 'M' 'M' 'M' 'M' 'U' 'M' 'M' 'M' 'M' 'M' 'M'
 'M' 'M' 'U' 'M' 'M' 'M' 'M' 'M' 'M' 'U' 'M' 'M' 'M' 'U' 'U' 'M' 'M' 'M'
 'M' 'M' 'M' 'M' 'M' 'U' 'U' 'M' 'M' 'M' 'M' 'U' 'M' 'M' 'M' 'M' 'M' 'M'
 'M' 'M' 'U' 'M' 'M' 'U' 'M' 'M' 'M' 'M' 'M' 'M' 'M' 'M' 'M' 'M' 'U' 'M'
 'U' 'M' 'U' 'M' 'U' 'M' 'M' 'M' 'M' 'U' 'M' 'M' 'M' 'M' 'M' 'M' 'M' 'M'
 'M' 'M' 'M' 'M' 'M' 'M' 'M' 'M' 'M' 'M' 'M' 'M' 'M' 'U' 'M' 'M' 'M' 'U'
 'M' 'M' 'U' 'M' 'M' 'M' 'M' 'M' 'M' 'M' 'M' 'M' 'M' 'M' 'M' 'M' 'M' 'M'
 'M' 'M' 'A' 'M' 'M' 'M' 'M' 'M' 'M' 'M' 'M' 'M' 'M' 'M' 'U' 'M' 'M' 'M'
 'M' 'M' 'M' 'M' 'M' 'M' 'U' 'M' 'M' 'U' 'M' 'M' 'U' 'M' 'M' 'U' 'M' 'M'
 'M' 'M' 'M' 'M' 'M' 'M' 'M' 'M' 'M' 'M' 'M' 'M' 'M' 'M' 'M' 'M' 'U' 'M'
 'M' 'U' 'M' 'U' 'M' 'U' 'M' 'M' 'U' 'M' 'M' 'M' 'M' 'M' 'M' 'U' 'M' 'M']"
172901,0,173,2,171,25,0,1,"['A' 'M' 'M' 'M' 'M' 'M' 'M' 'M' 'M' 'M' 'M' 'M' 'M' 'M' 'M' 'M' 'M' 'M'
 'M' 'M' 'M' 'M' 'U' 'M' 'M' 'M' 'M' 'M' 'M' 'M' 'M' 'U' 'U' 'M' 'M' 'M'
 'M' 'M' 'M' 'M' 'M' 'U' 'M' 'U' 'M' 'M' 'M' 'U' 'M' 'M' 'M' 'M' 'M' 'M'
 'M' 'M' 'U' 'M' 'M' 'U' 'M' 'M' 'M' 'M' 'M' 'M' 'M' 'M' 'M' 'M' 'M' 'M'
 'M' 'M' 'M' 'M' 'M' 'M' 'M' 'U' 'M' 'U' 'M' 'M' 'M' 'M' 'M' 'U' 'M' 'M'
 'M' 'U' 'U' 'M' 'M' 'M' 'M' 'M' 'M' 'M' 'M' 'M' 'M' 'U' 'M' 'M' 'M' 'M'
 'M' 'U' 'U' 'M' 'M' 'M' 'M' 'M' 'M' 'M' 'M' 'M' 'M' 'M' 'M' 'M' 'M' 'M'
 'M' 'M' 'A' 'M' 'M' 'M' 'M' 'M' 'M' 'M' 'M' 'M' 'M' 'M' 'U' 'M' 'M' 'M'
 'M' 'M' 'M' 'M' 'M' 'M' 'U' 'M' 'M' 'U' 'M' 'M' 'M' 'M' 'M' 'U' 'M' 'M'
 'M' 'M' 'M' 'M' 'M' 'M' 'U' 'M' 'M' 'M' 'M' 'M' 'U' 'M' 'M' 'M' 'U' 'M'
 'M' 'U' 'M' 'U' 'M' 'M' 'M' 'M' 'M' 'M' 'M' 'M' 'M' 'M' 'M' 'M' 'M' 'M']"
173001,0,175,2,173,23,0,1,"['A' 'M' 'M' 'M' 'M' 'M' 'M' 'M' 'M' 'M' 'M' 'M' 'M' 'M' 'M' 'M' 'M' 'M'
 'M' 'U' 'M' 'M' 'U' 'M' 'M' 'M' 'M' 'M' 'M' 'M' 'M' 'U' 'U' 'M' 'M' 'M'
 'M' 'M' 'M' 'M' 'U' 'U' 'M' 'U' 'M' 'M' 'M' 'U' 'M' 'M' 'M' 'M' 'M' 'M'
 'M' 'M' 'U' 'M' 'M' 'U' 'M' 'M' 'M' 'U' 'M' 'M' 'M' 'U' 'M' 'U' 'M' 'U'
 'M' 'M' 'M' 'U' 'M' 'M' 'M' 'M' 'M' 'M' 'M' 'U' 'M' 'M' 'M' 'M' 'M' 'M'
 'M' 'M' 'M' 'M' 'M' 'M' 'M' 'M' 'M' 'M' 'M' 'M' 'M' 'U' 'M' 'M' 'M' 'M'
 'M' 'M' 'U' 'M' 'M' 'M' 'M' 'M' 'M' 'M' 'M' 'M' 'M' 'M' 'M' 'M' 'M' 'M'
 'M' 'M' 'A' 'M' 'M' 'M' 'M' 'M' 'M' 'M' 'M' 'M' 'M' 'M' 'U' 'M' 'M' 'M'
 'M' 'M' 'M' 'M' 'M' 'M' 'M' 'M' 'M' 'M' 'M' 'M' 'M' 'M' 'M' 'M' 'M' 'M'
 'M' 'M' 'M' 'M' 'M' 'M' 'M' 'M' 'M' 'M' 'U' 'M' 'U' 'M' 'M' 'M' 'U' 'M'
 'M' 'M' 'M' 'U' 'M' 'M' 'M' 'M' 'M' 'M' 'M' 'M' 'M' 'M' 'M' 'M' 'M' 'M']"
173101,0,176,2,174,22,0,0,"['A' 'M' 'M' 'U' 'M' 'M' 'M' 'M' 'M' 'M' 'M' 'M' 'M' 'M' 'M' 'U' 'M' 'M'
 'M' 'M' 'M' 'M' 'M' 'U' 'M' 'M' 'M' 'M' 'M' 'M' 'M' 'U' 'U' 'M' 'M' 'M'
 'M' 'M' 'M' 'M' 'M' 'M' 'M' 'U' 'M' 'M' 'M' 'M' 'M' 'M' 'M' 'M' 'M' 'M'
 'U' 'M' 'U' 'M' 'M' 'M' 'M' 'M' 'M' 'U' 'M' 'M' 'M' 'M' 'U' 'M' 'M' 'M'
 'M' 'U' 'M' 'M' 'M' 'M' 'U' 'M' 'M' 'U' 'M' 'M' 'M' 'M' 'M' 'M' 'M' 'M'
 'M' 'U' 'M' 'M' 'M' 'M' 'M' 'M' 'M' 'U' 'M' 'M' 'M' 'U' 'M' 'M' 'M' 'M'
 'M' 'M' 'M' 'M' 'M' 'M' 'M' 'M' 'M' 'M' 'M' 'M' 'M' 'M' 'M' 'M' 'M' 'M'
 'M' 'M' 'A' 'M' 'M' 'M' 'M' 'M' 'M' 'M' 'M' 'M' 'M' 'M' 'U' 'M' 'M' 'M'
 'M' 'M' 'M' 'M' 'M' 'M' 'M' 'M' 'M' 'M' 'M' 'M' 'M' 'M' 'M' 'M' 'M' 'M'
 'M' 'M' 'M' 'M' 'U' 'M' 'M' 'M' 'M' 'M' 'U' 'M' 'U' 'M' 'U' 'M' 'M' 'M'
 'M' 'M' 'M' 'U' 'M' 'M' 'M' 'M' 'M' 'M' 'M' 'M' 'M' 'M' 'M' 'M' 'M' 'M']"
173201,0,177,2,175,21,0,0,"['A' 'M' 'M' 'M' 'M' 'M' 'U' 'M' 'M' 'M' 'U' 'M' 'M' 'M' 'M' 'U' 'M' 'M'
 'M' 'M' 'M' 'M' 'M' 'M' 'M' 'U' 'M' 'M' 'M' 'M' 'M' 'U' 'U' 'M' 'M' 'M'
 'M' 'M' 'M' 'M' 'M' 'M' 'M' 'U' 'M' 'M' 'M' 'M' 'M' 'M' 'M' 'M' 'M' 'M'
 'U' 'M' 'U' 'M' 'M' 'M' 'M' 'M' 'M' 'U' 'M' 'M' 'U' 'M' 'M' 'M' 'M' 'M'
 'M' 'M' 'M' 'U' 'M' 'M' 'M' 'M' 'M' 'U' 'U' 'M' 'M' 'U' 'M' 'M' 'M' 'M'
 'M' 'M' 'M' 'M' 'M' 'M' 'M' 'M' 'M' 'U' 'M' 'U' 'M' 'U' 'M' 'M' 'M' 'M'
 'M' 'M' 'M' 'M' 'M' 'M' 'M' 'M' 'M' 'M' 'M' 'M' 'M' 'M' 'M' 'M' 'M' 'M'
 'M' 'M' 'A' 'M' 'M' 'M' 'M' 'M' 'M' 'M' 'M' 'M' 'M' 'M' 'M' 'M' 'M' 'M'
 'M' 'M' 'M' 'M' 'M' 'M' 'M' 'M' 'M' 'M' 'M' 'M' 'M' 'M' 'M' 'M' 'M' 'M'
 'M' 'M' 'M' 'M' 'M' 'M' 'M' 'M' 'M' 'M' 'U' 'M' 'U' 'M' 'U' 'M' 'M' 'M'
 'M' 'M' 'M' 'M' 'M' 'M' 'M' 'M' 'M' 'M' 'M' 'M' 'M' 'M' 'M' 'M' 'M' 'M']"
173301,0,173,2,171,25,0,0,"['A' 'M' 'M' 'M' 'M' 'M' 'U' 'M' 'M' 'M' 'U' 'M' 'M' 'U' 'M' 'U' 'M' 'M'
 'M' 'M' 'M' 'M' 'M' 'M' 'M' 'M' 'M' 'M' 'U' 'M' 'M' 'M' 'U' 'M' 'M' 'U'
 'M' 'M' 'M' 'M' 'M' 'M' 'M' 'U' 'M' 'M' 'M' 'M' 'M' 'M' 'M' 'M' 'M' 'M'
 'U' 'M' 'U' 'M' 'M' 'M' 'M' 'M' 'M' 'U' 'M' 'U' 'M' 'M' 'M' 'U' 'M' 'M'
 'M' 'M' 'M' 'M' 'M' 'M' 'M' 'M' 'M' 'U' 'U' 'M' 'M' 'M' 'U' 'M' 'M' 'M'
 'M' 'M' 'M' 'M' 'M' 'M' 'U' 'M' 'M' 'M' 'M' 'U' 'M' 'U' 'M' 'M' 'M' 'M'
 'M' 'M' 'M' 'U' 'M' 'M' 'M' 'M' 'U' 'M' 'M' 'M' 'M' 'M' 'M' 'M' 'M' 'M'
 'M' 'M' 'A' 'M' 'M' 'M' 'M' 'M' 'M' 'M' 'M' 'M' 'M' 'M' 'M' 'M' 'M' 'M'
 'U' 'M' 'M' 'M' 'M' 'M' 'M' 'M' 'M' 'M' 'M' 'M' 'M' 'M' 'M' 'M' 'M' 'M'
 'M' 'M' 'M' 'M' 'M' 'M' 'M' 'M' 'M' 'M' 'U' 'M' 'U' 'M' 'U' 'M' 'M' 'M'
 'M' 'M' 'M' 'M' 'M' 'M' 'M' 'M' 'M' 'M' 'M' 'M' 'M' 'M' 'M' 'M' 'M' 'M']"
173401,0,164,2,162,34,0,0,"['A' 'M' 'M' 'M' 'M' 'M' 'U' 'M' 'M' 'M' 'M' 'M' 'M' 'M' 'M' 'U' 'M' 'M'
 'M' 'M' 'M' 'M' 'M' 'M' 'M' 'U' 'M' 'M' 'U' 'M' 'M' 'U' 'U' 'M' 'M' 'U'
 'M' 'M' 'M' 'M' 'M' 'M' 'M' 'U' 'M' 'M' 'M' 'M' 'M' 'M' 'M' 'M' 'M' 'U'
 'U' 'M' 'M' 'M' 'M' 'A' 'M' 'M' 'M' 'M' 'M' 'M' 'M' 'M' 'M' 'M' 'M' 'M'
 'M' 'M' 'M' 'M' 'M' 'M' 'M' 'M' 'M' 'U' 'U' 'U' 'M' 'M' 'M' 'M' 'U' 'M'
 'M' 'M' 'M' 'U' 'M' 'M' 'U' 'M' 'M' 'M' 'M' 'U' 'M' 'U' 'M' 'M' 'M' 'M'
 'M' 'M' 'M' 'U' 'M' 'M' 'M' 'M' 'U' 'M' 'M' 'M' 'M' 'M' 'U' 'M' 'M' 'M'
 'M' 'M' 'U' 'M' 'M' 'U' 'U' 'U' 'U' 'U' 'U' 'U' 'U' 'M' 'M' 'M' 'M' 'M'
 'U' 'M' 'M' 'U' 'M' 'M' 'M' 'M' 'M' 'M' 'M' 'M' 'M' 'M' 'M' 'M' 'M' 'M'
 'M' 'M' 'M' 'M' 'M' 'M' 'M' 'M' 'M' 'M' 'U' 'M' 'U' 'M' 'M' 'M' 'M' 'M'
 'M' 'M' 'M' 'M' 'M' 'M' 'M' 'M' 'M' 'M' 'M' 'M' 'M' 'M' 'M' 'M' 'M' 'M']"
173501,0,165,1,164,33,0,0,"['A' 'M' 'M' 'M' 'M' 'M' 'U' 'M' 'M' 'M' 'U' 'M' 'M' 'M' 'M' 'U' 'M' 'M'
 'M' 'M' 'M' 'M' 'M' 'M' 'M' 'U' 'M' 'M' 'U' 'M' 'M' 'U' 'U' 'M' 'M' 'U'
 'M' 'M' 'M' 'M' 'M' 'M' 'M' 'M' 'M' 'M' 'M' 'M' 'M' 'M' 'M' 'U' 'M' 'U'
 'U' 'M' 'M' 'M' 'M' 'U' 'M' 'U' 'M' 'M' 'M' 'M' 'M' 'M' 'M' 'M' 'M' 'U'
 'M' 'M' 'M' 'M' 'M' 'M' 'M' 'U' 'M' 'M' 'M' 'M' 'U' 'M' 'M' 'U' 'M' 'M'
 'M' 'M' 'U' 'M' 'M' 'M' 'U' 'M' 'M' 'M' 'M' 'U' 'M' 'U' 'M' 'M' 'M' 'M'
 'M' 'M' 'M' 'M' 'M' 'M' 'M' 'M' 'U' 'M' 'M' 'M' 'M' 'M' 'U' 'M' 'M' 'M'
 'M' 'M' 'U' 'M' 'M' 'U' 'U' 'M' 'M' 'U' 'U' 'U' 'M' 'M' 'M' 'M' 'M' 'M'
 'U' 'M' 'M' 'U' 'M' 'M' 'M' 'M' 'M' 'M' 'M' 'M' 'M' 'M' 'M' 'M' 'M' 'M'
 'M' 'M' 'M' 'M' 'M' 'M' 'M' 'M' 'M' 'M' 'U' 'M' 'U' 'M' 'M' 'M' 'M' 'M'
 'M' 'M' 'M' 'M' 'M' 'M' 'M' 'M' 'M' 'M' 'M' 'M' 'M' 'M' 'M' 'M' 'M' 'M']"
173601,0,158,1,157,40,0,0,"['A' 'M' 'M' 'M' 'M' 'M' 'U' 'M' 'M' 'M' 'M' 'M' 'M' 'M' 'M' 'U' 'M' 'M'
 'M' 'M' 'M' 'M' 'M' 'M' 'M' 'U' 'M' 'M' 'U' 'M' 'U' 'U' 'U' 'M' 'M' 'U'
 'M' 'M' 'M' 'M' 'M' 'U' 'M' 'M' 'U' 'M' 'M' 'M' 'M' 'M' 'M' 'M' 'M' 'M'
 'U' 'M' 'U' 'U' 'U' 'U' 'M' 'U' 'M' 'M' 'M' 'U' 'U' 'M' 'M' 'M' 'M' 'M'
 'U' 'M' 'M' 'U' 'M' 'M' 'M' 'M' 'M' 'M' 'M' 'M' 'M' 'M' 'M' 'M' 'M' 'M'
 'M' 'M' 'U' 'M' 'M' 'M' 'U' 'M' 'M' 'M' 'M' 'U' 'M' 'M' 'M' 'M' 'M' 'M'
 'M' 'M' 'M' 'M' 'M' 'M' 'M' 'M' 'M' 'M' 'M' 'M' 'M' 'M' 'M' 'U' 'M' 'M'
 'M' 'M' 'U' 'M' 'M' 'U' 'U' 'M' 'M' 'M' 'U' 'U' 'M' 'M' 'M' 'M' 'M' 'M'
 'U' 'M' 'U' 'U' 'M' 'M' 'M' 'M' 'M' 'M' 'M' 'M' 'M' 'M' 'M' 'M' 'M' 'M'
 'U' 'M' 'M' 'U' 'M' 'M' 'M' 'M' 'M' 'U' 'U' 'M' 'U' 'M' 'M' 'M' 'M' 'M'
 'M' 'M' 'M' 'M' 'U' 'M' 'M' 'M' 'M' 'M' 'M' 'M' 'M' 'U' 'M' 'M' 'M' 'U']"
173701,0,156,1,155,42,0,0,"['A' 'M' 'M' 'M' 'M' 'M' 'U' 'M' 'M' 'U' 'M' 'M' 'M' 'M' 'M' 'U' 'M' 'M'
 'M' 'M' 'M' 'M' 'M' 'M' 'M' 'M' 'M' 'M' 'U' 'M' 'U' 'M' 'U' 'M' 'M' 'U'
 'M' 'M' 'M' 'M' 'M' 'U' 'M' 'M' 'U' 'M' 'M' 'M' 'M' 'M' 'M' 'M' 'U' 'U'
 'M' 'M' 'M' 'U' 'U' 'M' 'M' 'M' 'M' 'M' 'M' 'M' 'M' 'M' 'M' 'M' 'U' 'M'
 'M' 'U' 'M' 'M' 'M' 'M' 'M' 'M' 'M' 'M' 'M' 'M' 'U' 'U' 'M' 'M' 'M' 'M'
 'U' 'M' 'M' 'M' 'M' 'M' 'U' 'M' 'M' 'M' 'M' 'U' 'M' 'M' 'M' 'M' 'M' 'M'
 'M' 'M' 'M' 'M' 'M' 'M' 'M' 'M' 'M' 'M' 'M' 'M' 'M' 'M' 'M' 'U' 'M' 'M'
 'M' 'M' 'U' 'M' 'U' 'U' 'U' 'U' 'U' 'U' 'U' 'M' 'U' 'M' 'M' 'M' 'M' 'M'
 'U' 'U' 'U' 'M' 'M' 'M' 'M' 'M' 'M' 'M' 'M' 'M' 'M' 'M' 'M' 'M' 'M' 'M'
 'U' 'M' 'M' 'U' 'M' 'M' 'M' 'M' 'M' 'U' 'U' 'M' 'U' 'M' 'M' 'M' 'M' 'M'
 'M' 'M' 'M' 'M' 'U' 'M' 'M' 'M' 'M' 'M' 'M' 'U' 'M' 'U' 'M' 'M' 'M' 'U']"
173801,0,161,1,160,37,0,1,"['A' 'M' 'M' 'M' 'M' 'M' 'M' 'M' 'M' 'U' 'U' 'M' 'U' 'M' 'M' 'M' 'M' 'M'
 'M' 'M' 'M' 'M' 'M' 'M' 'M' 'M' 'M' 'M' 'U' 'M' 'U' 'M' 'U' 'M' 'M' 'U'
 'M' 'M' 'M' 'M' 'M' 'U' 'U' 'M' 'U' 'M' 'M' 'M' 'M' 'M' 'M' 'M' 'M' 'U'
 'M' 'M' 'M' 'M' 'U' 'M' 'U' 'M' 'M' 'M' 'M' 'M' 'M' 'U' 'M' 'U' 'M' 'M'
 'M' 'M' 'M' 'M' 'U' 'M' 'U' 'M' 'M' 'M' 'M' 'M' 'M' 'M' 'U' 'M' 'M' 'M'
 'M' 'M' 'M' 'M' 'M' 'M' 'U' 'M' 'M' 'M' 'M' 'U' 'M' 'M' 'M' 'M' 'M' 'M'
 'M' 'M' 'M' 'M' 'M' 'M' 'M' 'M' 'M' 'M' 'M' 'M' 'M' 'M' 'M' 'M' 'M' 'M'
 'M' 'M' 'M' 'M' 'M' 'U' 'M' 'U' 'U' 'U' 'U' 'M' 'U' 'M' 'M' 'M' 'M' 'M'
 'M' 'M' 'U' 'M' 'M' 'M' 'U' 'M' 'M' 'M' 'M' 'M' 'M' 'M' 'M' 'M' 'M' 'M'
 'U' 'M' 'M' 'M' 'M' 'M' 'M' 'M' 'M' 'U' 'U' 'U' 'U' 'M' 'M' 'M' 'M' 'M'
 'M' 'M' 'M' 'M' 'U' 'M' 'U' 'M' 'M' 'M' 'M' 'M' 'M' 'U' 'M' 'M' 'M' 'U']"
173901,0,163,1,162,35,0,0,"['A' 'M' 'M' 'M' 'M' 'M' 'M' 'M' 'M' 'U' 'M' 'M' 'U' 'M' 'M' 'M' 'M' 'M'
 'M' 'M' 'M' 'M' 'M' 'M' 'M' 'M' 'M' 'M' 'U' 'M' 'M' 'M' 'U' 'M' 'M' 'U'
 'M' 'M' 'M' 'M' 'M' 'M' 'U' 'M' 'U' 'M' 'M' 'M' 'M' 'M' 'M' 'M' 'M' 'U'
 'M' 'M' 'M' 'M' 'M' 'M' 'U' 'M' 'M' 'M' 'M' 'M' 'U' 'M' 'M' 'U' 'M' 'M'
 'M' 'M' 'M' 'M' 'M' 'M' 'M' 'U' 'M' 'M' 'M' 'U' 'M' 'M' 'U' 'M' 'M' 'M'
 'M' 'M' 'M' 'M' 'M' 'U' 'U' 'M' 'M' 'M' 'M' 'U' 'M' 'M' 'M' 'M' 'M' 'M'
 'M' 'M' 'U' 'M' 'M' 'M' 'M' 'M' 'M' 'M' 'M' 'M' 'M' 'U' 'U' 'M' 'M' 'M'
 'M' 'M' 'M' 'M' 'M' 'U' 'M' 'U' 'M' 'M' 'U' 'M' 'U' 'M' 'M' 'M' 'M' 'M'
 'M' 'M' 'M' 'M' 'M' 'M' 'M' 'M' 'M' 'M' 'U' 'M' 'U' 'M' 'M' 'M' 'M' 'M'
 'U' 'M' 'M' 'M' 'M' 'M' 'M' 'M' 'U' 'U' 'U' 'U' 'M' 'M' 'M' 'M' 'M' 'M'
 'M' 'U' 'M' 'M' 'M' 'M' 'U' 'M' 'M' 'M' 'M' 'M' 'M' 'U' 'M' 'M' 'M' 'U']"
174001,0,161,1,160,37,0,0,"['A' 'M' 'M' 'M' 'M' 'M' 'M' 'M' 'M' 'U' 'M' 'M' 'U' 'M' 'M' 'M' 'M' 'M'
 'M' 'U' 'M' 'M' 'M' 'M' 'M' 'M' 'M' 'M' 'U' 'M' 'M' 'M' 'U' 'M' 'M' 'M'
 'M' 'M' 'M' 'M' 'M' 'M' 'M' 'M' 'U' 'M' 'M' 'M' 'M' 'M' 'M' 'M' 'M' 'U'
 'M' 'M' 'M' 'M' 'M' 'U' 'U' 'M' 'M' 'M' 'M' 'M' 'M' 'M' 'M' 'M' 'U' 'M'
 'U' 'M' 'M' 'M' 'M' 'M' 'M' 'U' 'M' 'M' 'U' 'M' 'M' 'M' 'M' 'M' 'M' 'M'
 'M' 'M' 'M' 'M' 'U' 'U' 'U' 'U' 'M' 'M' 'M' 'M' 'U' 'M' 'M' 'M' 'M' 'U'
 'M' 'M' 'U' 'M' 'M' 'M' 'M' 'M' 'M' 'M' 'M' 'M' 'M' 'U' 'U' 'M' 'M' 'M'
 'M' 'M' 'M' 'M' 'M' 'M' 'M' 'M' 'M' 'M' 'U' 'M' 'U' 'U' 'M' 'M' 'M' 'M'
 'M' 'M' 'M' 'M' 'M' 'M' 'M' 'M' 'M' 'U' 'U' 'M' 'U' 'M' 'M' 'M' 'M' 'M'
 'U' 'M' 'M' 'M' 'M' 'M' 'M' 'M' 'U' 'U' 'M' 'U' 'M' 'M' 'M' 'M' 'M' 'M'
 'M' 'U' 'M' 'M' 'M' 'M' 'U' 'M' 'M' 'M' 'M' 'M' 'M' 'U' 'M' 'U' 'M' 'U']"
174101,0,169,4,165,29,1,0,"['A' 'M' 'M' 'M' 'M' 'M' 'M' 'M' 'M' 'U' 'M' 'M' 'U' 'M' 'M' 'M' 'M' 'M'
 'U' 'M' 'M' 'M' 'M' 'M' 'M' 'M' 'U' 'M' 'U' 'M' 'M' 'M' 'U' 'M' 'M' 'M'
 'M' 'M' 'M' 'M' 'M' 'M' 'M' 'M' 'M' 'M' 'M' 'M' 'M' 'M' 'M' 'M' 'M' 'U'
 'M' 'M' 'M' 'M' 'M' 'U' 'U' 'M' 'M' 'M' 'M' 'M' 'M' 'M' 'M' 'M' 'M' 'M'
 'M' 'U' 'M' 'M' 'U' 'M' 'M' 'M' 'U' 'M' 'M' 'M' 'M' 'M' 'M' 'M' 'M' 'M'
 'M' 'M' 'M' 'U' 'U' 'U' 'A' 'U' 'M' 'M' 'M' 'M' 'U' 'M' 'U' 'M' 'M' 'U'
 'M' 'M' 'M' 'M' 'M' 'U' 'M' 'M' 'M' 'M' 'M' 'M' 'M' 'U' 'A' 'M' 'M' 'M'
 'M' 'M' 'M' 'M' 'M' 'M' 'M' 'M' 'M' 'M' 'U' 'M' 'U' 'U' 'M' 'M' 'M' 'M'
 'M' 'M' 'M' 'M' 'M' 'M' 'M' 'M' 'M' 'M' 'A' 'M' 'M' 'M' 'M' 'M' 'M' 'M'
 'M' 'M' 'U' 'M' 'M' 'M' 'M' 'M' 'U' 'M' 'M' 'M' 'M' 'M' 'M' 'M' 'M' 'M'
 'M' 'M' 'M' 'M' 'M' 'M' 'M' 'M' 'M' 'M' 'M' 'M' 'M' 'M' 'M' 'U' 'U' 'U']"
174201,0,174,4,170,24,0,0,"['A' 'M' 'M' 'M' 'M' 'M' 'M' 'M' 'M' 'U' 'M' 'M' 'M' 'M' 'M' 'M' 'M' 'M'
 'U' 'M' 'M' 'M' 'M' 'M' 'M' 'M' 'U' 'M' 'A' 'M' 'M' 'M' 'U' 'M' 'M' 'M'
 'M' 'M' 'M' 'U' 'M' 'M' 'M' 'M' 'M' 'M' 'M' 'M' 'M' 'M' 'M' 'M' 'M' 'U'
 'M' 'M' 'M' 'M' 'M' 'U' 'M' 'M' 'M' 'M' 'M' 'M' 'M' 'M' 'M' 'M' 'M' 'M'
 'M' 'U' 'M' 'M' 'M' 'M' 'M' 'M' 'U' 'M' 'U' 'M' 'M' 'M' 'M' 'M' 'M' 'U'
 'M' 'M' 'M' 'U' 'M' 'M' 'U' 'U' 'M' 'M' 'M' 'M' 'M' 'M' 'U' 'M' 'M' 'U'
 'M' 'M' 'M' 'M' 'M' 'U' 'M' 'M' 'M' 'M' 'M' 'M' 'M' 'M' 'A' 'M' 'M' 'U'
 'M' 'M' 'M' 'M' 'M' 'M' 'M' 'M' 'M' 'M' 'M' 'M' 'U' 'M' 'M' 'M' 'M' 'M'
 'M' 'M' 'M' 'M' 'M' 'M' 'M' 'M' 'M' 'M' 'A' 'M' 'M' 'M' 'M' 'M' 'M' 'M'
 'M' 'M' 'U' 'M' 'M' 'M' 'M' 'M' 'M' 'M' 'M' 'M' 'M' 'U' 'M' 'M' 'M' 'M'
 'M' 'M' 'M' 'M' 'M' 'M' 'M' 'M' 'M' 'M' 'M' 'M' 'M' 'M' 'M' 'U' 'U' 'U']"
174301,0,175,5,170,23,1,0,"['A' 'M' 'M' 'M' 'M' 'M' 'M' 'M' 'M' 'M' 'M' 'M' 'M' 'M' 'M' 'M' 'M' 'M'
 'U' 'M' 'M' 'M' 'M' 'M' 'M' 'M' 'M' 'M' 'A' 'M' 'M' 'M' 'U' 'M' 'M' 'M'
 'M' 'M' 'M' 'M' 'M' 'M' 'M' 'M' 'M' 'M' 'M' 'M' 'U' 'M' 'M' 'M' 'M' 'U'
 'M' 'M' 'M' 'M' 'M' 'U' 'M' 'M' 'M' 'M' 'M' 'M' 'M' 'M' 'U' 'M' 'M' 'U'
 'M' 'M' 'M' 'M' 'M' 'U' 'U' 'M' 'M' 'M' 'M' 'M' 'U' 'M' 'M' 'M' 'M' 'M'
 'M' 'M' 'M' 'M' 'M' 'M' 'U' 'M' 'M' 'M' 'M' 'M' 'M' 'M' 'U' 'M' 'M' 'U'
 'M' 'M' 'M' 'M' 'M' 'M' 'M' 'M' 'U' 'M' 'M' 'M' 'M' 'M' 'A' 'M' 'M' 'A'
 'M' 'M' 'M' 'M' 'M' 'M' 'M' 'M' 'M' 'M' 'M' 'M' 'M' 'U' 'M' 'M' 'M' 'M'
 'M' 'M' 'M' 'M' 'M' 'M' 'M' 'U' 'U' 'M' 'A' 'M' 'M' 'M' 'U' 'M' 'M' 'M'
 'M' 'M' 'U' 'M' 'M' 'M' 'M' 'M' 'M' 'M' 'M' 'M' 'M' 'U' 'M' 'M' 'M' 'U'
 'M' 'M' 'M' 'M' 'M' 'M' 'M' 'M' 'M' 'M' 'M' 'M' 'M' 'M' 'M' 'M' 'U' 'U']"
174401,0,171,3,168,27,0,0,"['A' 'M' 'M' 'M' 'M' 'M' 'M' 'M' 'M' 'M' 'M' 'M' 'M' 'M' 'M' 'M' 'M' 'M'
 'M' 'M' 'M' 'M' 'M' 'M' 'M' 'M' 'M' 'M' 'A' 'M' 'M' 'M' 'U' 'M' 'M' 'M'
 'U' 'M' 'M' 'M' 'M' 'M' 'M' 'M' 'M' 'M' 'M' 'M' 'M' 'M' 'M' 'M' 'M' 'U'
 'M' 'M' 'M' 'M' 'M' 'U' 'M' 'M' 'M' 'M' 'M' 'M' 'M' 'M' 'M' 'M' 'M' 'M'
 'U' 'U' 'M' 'M' 'M' 'M' 'M' 'M' 'M' 'M' 'M' 'U' 'M' 'M' 'U' 'U' 'M' 'M'
 'M' 'M' 'M' 'M' 'M' 'M' 'U' 'M' 'M' 'M' 'M' 'M' 'M' 'M' 'U' 'M' 'M' 'M'
 'M' 'M' 'M' 'U' 'M' 'M' 'M' 'M' 'U' 'M' 'M' 'M' 'M' 'M' 'U' 'M' 'M' 'A'
 'M' 'M' 'M' 'M' 'U' 'U' 'M' 'M' 'M' 'M' 'M' 'M' 'M' 'U' 'M' 'M' 'M' 'M'
 'M' 'M' 'M' 'M' 'M' 'M' 'M' 'U' 'M' 'M' 'U' 'M' 'M' 'M' 'U' 'M' 'M' 'M'
 'M' 'M' 'U' 'M' 'M' 'M' 'M' 'M' 'M' 'M' 'M' 'M' 'M' 'U' 'M' 'U' 'M' 'M'
 'M' 'M' 'M' 'M' 'M' 'U' 'M' 'M' 'M' 'M' 'M' 'M' 'M' 'M' 'U' 'M' 'U' 'U']"
174501,0,168,3,165,30,0,0,"['A' 'M' 'M' 'M' 'M' 'U' 'M' 'M' 'M' 'M' 'M' 'M' 'M' 'M' 'M' 'M' 'M' 'M'
 'M' 'M' 'M' 'M' 'M' 'M' 'M' 'M' 'M' 'M' 'A' 'M' 'U' 'M' 'U' 'M' 'M' 'M'
 'U' 'M' 'M' 'M' 'M' 'M' 'M' 'M' 'M' 'M' 'M' 'M' 'M' 'M' 'U' 'M' 'M' 'U'
 'M' 'M' 'M' 'U' 'M' 'U' 'M' 'M' 'M' 'M' 'U' 'U' 'M' 'M' 'M' 'M' 'M' 'M'
 'M' 'U' 'M' 'M' 'M' 'U' 'M' 'M' 'M' 'M' 'M' 'M' 'M' 'M' 'M' 'M' 'U' 'M'
 'M' 'M' 'U' 'M' 'M' 'M' 'U' 'M' 'U' 'M' 'M' 'M' 'M' 'M' 'U' 'M' 'M' 'M'
 'M' 'M' 'M' 'U' 'M' 'M' 'M' 'M' 'M' 'M' 'M' 'M' 'M' 'U' 'M' 'M' 'M' 'A'
 'M' 'U' 'M' 'M' 'M' 'U' 'M' 'M' 'M' 'M' 'U' 'M' 'M' 'U' 'M' 'M' 'M' 'M'
 'M' 'M' 'M' 'M' 'M' 'M' 'M' 'M' 'M' 'M' 'U' 'M' 'M' 'M' 'U' 'M' 'M' 'M'
 'M' 'M' 'M' 'M' 'M' 'M' 'M' 'M' 'M' 'M' 'M' 'M' 'M' 'U' 'M' 'U' 'M' 'M'
 'M' 'M' 'M' 'M' 'M' 'U' 'M' 'M' 'M' 'M' 'M' 'M' 'M' 'M' 'M' 'M' 'U' 'U']"
174601,0,169,4,165,29,0,0,"['A' 'M' 'U' 'M' 'M' 'M' 'M' 'M' 'M' 'M' 'M' 'M' 'M' 'M' 'M' 'M' 'M' 'M'
 'M' 'M' 'M' 'M' 'M' 'M' 'M' 'M' 'M' 'M' 'A' 'M' 'M' 'M' 'M' 'M' 'M' 'U'
 'M' 'M' 'M' 'M' 'M' 'M' 'M' 'M' 'M' 'M' 'M' 'M' 'M' 'M' 'U' 'M' 'M' 'U'
 'M' 'M' 'M' 'U' 'U' 'U' 'M' 'M' 'M' 'M' 'M' 'U' 'U' 'M' 'M' 'M' 'M' 'M'
 'M' 'M' 'U' 'M' 'M' 'M' 'M' 'M' 'M' 'M' 'U' 'M' 'M' 'M' 'M' 'M' 'U' 'M'
 'M' 'M' 'M' 'M' 'M' 'M' 'M' 'M' 'U' 'M' 'M' 'M' 'M' 'M' 'U' 'M' 'M' 'U'
 'M' 'M' 'M' 'U' 'M' 'M' 'M' 'M' 'M' 'U' 'M' 'M' 'M' 'U' 'M' 'M' 'M' 'A'
 'M' 'M' 'M' 'M' 'M' 'U' 'M' 'M' 'M' 'M' 'U' 'M' 'M' 'U' 'M' 'M' 'M' 'M'
 'M' 'M' 'M' 'M' 'M' 'M' 'M' 'M' 'M' 'M' 'U' 'M' 'M' 'M' 'U' 'M' 'U' 'M'
 'M' 'M' 'U' 'M' 'M' 'M' 'U' 'M' 'M' 'M' 'M' 'M' 'M' 'U' 'M' 'U' 'M' 'M'
 'M' 'M' 'M' 'M' 'M' 'M' 'M' 'M' 'M' 'M' 'M' 'M' 'M' 'M' 'M' 'M' 'A' 'U']"
174701,0,167,3,164,31,0,0,"['A' 'M' 'U' 'M' 'M' 'M' 'M' 'M' 'M' 'M' 'M' 'U' 'M' 'M' 'M' 'M' 'M' 'M'
 'M' 'M' 'M' 'U' 'M' 'M' 'M' 'M' 'M' 'M' 'A' 'M' 'M' 'M' 'M' 'M' 'M' 'U'
 'M' 'M' 'M' 'M' 'M' 'M' 'M' 'M' 'M' 'M' 'M' 'M' 'M' 'M' 'U' 'M' 'M' 'U'
 'M' 'M' 'M' 'U' 'U' 'M' 'M' 'M' 'M' 'M' 'M' 'M' 'M' 'M' 'M' 'M' 'U' 'M'
 'M' 'M' 'M' 'M' 'M' 'M' 'U' 'M' 'U' 'M' 'U' 'M' 'M' 'M' 'M' 'M' 'M' 'M'
 'M' 'M' 'U' 'M' 'M' 'M' 'M' 'M' 'M' 'M' 'M' 'M' 'M' 'M' 'U' 'M' 'M' 'U'
 'M' 'M' 'M' 'U' 'M' 'M' 'M' 'M' 'M' 'U' 'M' 'M' 'M' 'U' 'M' 'M' 'M' 'M'
 'M' 'M' 'M' 'U' 'M' 'U' 'M' 'M' 'M' 'M' 'U' 'M' 'M' 'U' 'M' 'M' 'M' 'M'
 'M' 'M' 'M' 'M' 'M' 'M' 'M' 'M' 'M' 'M' 'U' 'M' 'U' 'M' 'U' 'U' 'M' 'M'
 'M' 'M' 'U' 'M' 'M' 'M' 'U' 'M' 'M' 'M' 'M' 'M' 'M' 'U' 'M' 'U' 'M' 'M'
 'M' 'M' 'M' 'M' 'U' 'M' 'M' 'M' 'M' 'M' 'M' 'M' 'M' 'M' 'M' 'M' 'A' 'M']"
174801,0,169,3,166,29,1,0,"['A' 'M' 'M' 'M' 'M' 'M' 'M' 'M' 'M' 'M' 'M' 'U' 'M' 'M' 'M' 'M' 'M' 'M'
 'M' 'M' 'M' 'M' 'M' 'M' 'M' 'M' 'M' 'M' 'A' 'M' 'M' 'M' 'M' 'M' 'M' 'U'
 'M' 'M' 'M' 'M' 'M' 'M' 'M' 'M' 'M' 'M' 'M' 'M' 'M' 'M' 'U' 'M' 'M' 'M'
 'M' 'M' 'M' 'M' 'M' 'M' 'M' 'M' 'M' 'U' 'M' 'M' 'M' 'M' 'M' 'M' 'M' 'U'
 'M' 'M' 'M' 'M' 'M' 'M' 'U' 'M' 'M' 'M' 'U' 'M' 'M' 'M' 'M' 'M' 'M' 'M'
 'M' 'M' 'M' 'U' 'U' 'M' 'M' 'M' 'M' 'M' 'M' 'M' 'M' 'M' 'U' 'M' 'M' 'U'
 'M' 'M' 'M' 'M' 'U' 'M' 'M' 'M' 'M' 'U' 'M' 'M' 'M' 'U' 'M' 'M' 'M' 'M'
 'M' 'M' 'M' 'M' 'M' 'U' 'M' 'M' 'M' 'M' 'U' 'M' 'M' 'U' 'M' 'M' 'M' 'M'
 'M' 'M' 'M' 'M' 'M' 'M' 'M' 'M' 'M' 'M' 'U' 'M' 'U' 'M' 'U' 'U' 'M' 'M'
 'U' 'M' 'U' 'M' 'M' 'U' 'M' 'M' 'M' 'M' 'M' 'M' 'M' 'U' 'M' 'U' 'M' 'M'
 'U' 'M' 'U' 'M' 'U' 'M' 'M' 'M' 'M' 'M' 'M' 'M' 'M' 'M' 'M' 'M' 'A' 'M']"
174901,0,167,6,161,31,0,0,"['A' 'M' 'M' 'M' 'M' 'M' 'M' 'M' 'M' 'M' 'M' 'U' 'M' 'M' 'U' 'M' 'M' 'M'
 'M' 'A' 'M' 'M' 'M' 'M' 'M' 'M' 'M' 'M' 'A' 'M' 'M' 'M' 'M' 'M' 'U' 'U'
 'M' 'M' 'M' 'M' 'M' 'M' 'M' 'M' 'M' 'M' 'M' 'M' 'M' 'M' 'U' 'M' 'M' 'M'
 'M' 'M' 'M' 'M' 'M' 'M' 'U' 'M' 'M' 'U' 'M' 'M' 'M' 'M' 'M' 'M' 'M' 'U'
 'M' 'M' 'M' 'M' 'M' 'M' 'M' 'M' 'M' 'M' 'M' 'M' 'M' 'M' 'M' 'M' 'M' 'U'
 'U' 'U' 'M' 'U' 'M' 'M' 'M' 'M' 'M' 'M' 'M' 'M' 'M' 'M' 'U' 'M' 'M' 'M'
 'M' 'M' 'M' 'M' 'U' 'M' 'M' 'U' 'M' 'U' 'M' 'U' 'M' 'U' 'M' 'M' 'M' 'M'
 'M' 'M' 'M' 'M' 'M' 'U' 'M' 'M' 'M' 'M' 'A' 'A' 'M' 'U' 'M' 'M' 'M' 'M'
 'M' 'M' 'M' 'M' 'M' 'M' 'M' 'M' 'M' 'M' 'U' 'M' 'U' 'M' 'U' 'U' 'M' 'M'
 'U' 'M' 'U' 'M' 'M' 'U' 'M' 'M' 'M' 'M' 'M' 'M' 'M' 'M' 'M' 'U' 'M' 'M'
 'M' 'M' 'U' 'M' 'U' 'M' 'M' 'M' 'M' 'U' 'M' 'M' 'M' 'M' 'M' 'M' 'A' 'M']"
175001,0,171,6,165,27,0,0,"['A' 'M' 'M' 'M' 'M' 'M' 'M' 'M' 'M' 'M' 'M' 'U' 'M' 'M' 'M' 'M' 'M' 'M'
 'M' 'A' 'U' 'M' 'M' 'M' 'M' 'M' 'M' 'M' 'A' 'M' 'M' 'M' 'M' 'M' 'U' 'U'
 'M' 'M' 'M' 'M' 'M' 'M' 'M' 'M' 'M' 'M' 'M' 'M' 'M' 'M' 'U' 'M' 'M' 'M'
 'M' 'M' 'M' 'M' 'M' 'M' 'U' 'M' 'M' 'M' 'M' 'M' 'M' 'M' 'M' 'M' 'M' 'M'
 'M' 'M' 'M' 'M' 'M' 'U' 'M' 'M' 'M' 'U' 'M' 'M' 'M' 'M' 'U' 'M' 'M' 'M'
 'M' 'U' 'M' 'M' 'U' 'M' 'M' 'M' 'M' 'M' 'M' 'M' 'U' 'M' 'U' 'M' 'M' 'M'
 'M' 'M' 'M' 'M' 'M' 'M' 'M' 'U' 'M' 'U' 'M' 'U' 'M' 'M' 'M' 'M' 'M' 'M'
 'M' 'M' 'M' 'M' 'M' 'U' 'M' 'M' 'M' 'M' 'A' 'A' 'M' 'U' 'M' 'M' 'M' 'M'
 'M' 'M' 'M' 'M' 'M' 'M' 'M' 'M' 'M' 'M' 'U' 'M' 'M' 'M' 'U' 'M' 'M' 'M'
 'M' 'M' 'U' 'M' 'M' 'U' 'M' 'M' 'M' 'M' 'M' 'U' 'M' 'M' 'M' 'U' 'M' 'M'
 'M' 'A' 'M' 'M' 'U' 'M' 'M' 'M' 'M' 'U' 'M' 'M' 'M' 'M' 'M' 'M' 'U' 'M']"
175101,0,173,6,167,25,0,0,"['A' 'M' 'M' 'M' 'M' 'M' 'M' 'M' 'M' 'M' 'M' 'U' 'M' 'M' 'M' 'M' 'M' 'M'
 'M' 'A' 'U' 'M' 'M' 'M' 'M' 'M' 'M' 'M' 'A' 'M' 'M' 'M' 'M' 'M' 'U' 'M'
 'M' 'M' 'M' 'M' 'M' 'M' 'M' 'M' 'M' 'M' 'M' 'M' 'M' 'M' 'M' 'M' 'M' 'M'
 'M' 'M' 'M' 'M' 'U' 'M' 'M' 'M' 'M' 'M' 'M' 'U' 'M' 'M' 'M' 'M' 'M' 'M'
 'U' 'M' 'M' 'M' 'U' 'M' 'M' 'M' 'U' 'M' 'M' 'M' 'M' 'M' 'M' 'M' 'M' 'U'
 'M' 'M' 'M' 'M' 'M' 'M' 'M' 'M' 'M' 'M' 'M' 'M' 'M' 'M' 'M' 'M' 'M' 'M'
 'U' 'M' 'M' 'M' 'M' 'M' 'M' 'U' 'M' 'U' 'M' 'U' 'M' 'M' 'M' 'M' 'M' 'M'
 'U' 'M' 'M' 'M' 'M' 'U' 'M' 'M' 'M' 'M' 'A' 'A' 'M' 'A' 'M' 'M' 'U' 'M'
 'M' 'M' 'M' 'M' 'M' 'M' 'M' 'M' 'M' 'M' 'U' 'M' 'M' 'M' 'U' 'M' 'M' 'M'
 'M' 'M' 'U' 'M' 'M' 'U' 'M' 'M' 'M' 'M' 'U' 'M' 'M' 'M' 'M' 'M' 'M' 'M'
 'M' 'U' 'M' 'M' 'U' 'M' 'M' 'M' 'M' 'U' 'M' 'M' 'M' 'M' 'M' 'M' 'U' 'M']"
175201,1,167,7,160,31,0,0,"['A' 'M' 'M' 'M' 'M' 'M' 'U' 'M' 'M' 'M' 'M' 'U' 'M' 'M' 'M' 'M' 'M' 'M'
 'M' 'A' 'A' 'M' 'M' 'M' 'M' 'M' 'M' 'M' 'A' 'M' 'M' 'M' 'M' 'M' 'U' 'M'
 'M' 'M' 'M' 'M' 'M' 'M' 'M' 'U' 'M' 'M' 'M' 'M' 'U' 'M' 'M' 'M' 'M' 'M'
 'M' 'M' 'U' 'M' 'U' 'M' 'M' 'M' 'M' 'M' 'M' 'U' 'M' 'M' 'M' 'U' 'M' 'M'
 'M' 'M' 'M' 'M' 'M' 'M' 'M' 'U' 'M' 'M' 'M' 'M' 'U' 'M' 'M' 'M' 'M' 'M'
 'M' 'U' 'M' 'M' 'M' 'M' 'M' 'M' 'M' 'U' 'M' 'M' 'M' 'M' 'M' 'M' 'M' 'M'
 'M' 'M' 'M' 'M' 'M' 'M' 'M' 'M' 'M' 'U' 'M' 'U' 'M' 'M' 'M' 'M' 'M' 'M'
 'U' 'M' 'M' 'U' 'M' 'U' 'U' 'U' 'M' 'M' 'A' 'A' 'M' 'U' 'M' 'M' 'U' 'M'
 'M' 'M' 'M' 'M' 'M' 'M' 'M' 'U' 'U' 'M' 'U' 'M' 'M' 'M' 'A' 'M' 'M' 'M'
 'M' 'M' 'U' 'M' 'M' 'M' 'M' 'M' 'M' 'U' 'U' 'M' 'M' 'M' 'M' 'M' 'M' 'M'
 'M' 'U' 'M' 'M' 'U' 'M' 'M' 'M' 'M' 'U' 'M' 'M' 'M' 'M' 'M' 'M' 'M' 'M']"
175301,0,161,7,154,37,1,0,"['A' 'M' 'M' 'M' 'U' 'M' 'U' 'M' 'M' 'M' 'U' 'U' 'M' 'M' 'M' 'M' 'U' 'M'
 'M' 'A' 'A' 'U' 'M' 'M' 'M' 'M' 'M' 'M' 'A' 'M' 'M' 'M' 'M' 'M' 'U' 'M'
 'M' 'M' 'M' 'M' 'M' 'M' 'M' 'U' 'M' 'M' 'M' 'M' 'A' 'U' 'U' 'M' 'M' 'M'
 'M' 'M' 'U' 'M' 'M' 'M' 'M' 'M' 'M' 'M' 'M' 'M' 'M' 'U' 'M' 'M' 'M' 'M'
 'U' 'U' 'M' 'M' 'M' 'M' 'M' 'M' 'M' 'M' 'M' 'M' 'M' 'M' 'U' 'M' 'M' 'M'
 'M' 'M' 'U' 'M' 'M' 'M' 'M' 'M' 'M' 'U' 'M' 'M' 'M' 'M' 'M' 'M' 'M' 'M'
 'M' 'M' 'M' 'M' 'M' 'U' 'M' 'M' 'M' 'U' 'M' 'M' 'U' 'M' 'M' 'M' 'M' 'M'
 'M' 'M' 'M' 'U' 'M' 'M' 'M' 'U' 'U' 'U' 'A' 'A' 'U' 'U' 'M' 'M' 'U' 'M'
 'M' 'M' 'U' 'M' 'M' 'M' 'M' 'M' 'U' 'M' 'U' 'M' 'M' 'M' 'U' 'M' 'M' 'M'
 'M' 'M' 'M' 'M' 'M' 'M' 'M' 'M' 'M' 'U' 'U' 'M' 'M' 'M' 'M' 'M' 'U' 'M'
 'M' 'U' 'M' 'M' 'U' 'M' 'M' 'M' 'M' 'U' 'M' 'M' 'M' 'M' 'M' 'M' 'M' 'M']"
175401,0,155,6,149,43,0,0,"['A' 'U' 'M' 'M' 'M' 'M' 'U' 'M' 'M' 'U' 'U' 'U' 'M' 'M' 'M' 'M' 'U' 'M'
 'M' 'A' 'A' 'U' 'M' 'M' 'M' 'U' 'M' 'U' 'M' 'M' 'M' 'M' 'M' 'M' 'U' 'M'
 'M' 'A' 'M' 'M' 'M' 'M' 'M' 'M' 'M' 'M' 'M' 'M' 'U' 'U' 'U' 'M' 'M' 'A'
 'U' 'M' 'U' 'M' 'M' 'M' 'M' 'M' 'M' 'M' 'M' 'M' 'M' 'M' 'M' 'M' 'M' 'U'
 'U' 'M' 'M' 'M' 'M' 'M' 'M' 'M' 'M' 'U' 'M' 'M' 'M' 'M' 'M' 'M' 'M' 'U'
 'U' 'M' 'M' 'M' 'M' 'M' 'M' 'M' 'U' 'U' 'M' 'M' 'M' 'M' 'M' 'M' 'M' 'M'
 'M' 'M' 'M' 'M' 'M' 'M' 'M' 'M' 'M' 'U' 'M' 'M' 'U' 'M' 'M' 'U' 'M' 'M'
 'M' 'M' 'M' 'U' 'M' 'M' 'M' 'U' 'U' 'U' 'A' 'M' 'U' 'U' 'M' 'M' 'U' 'M'
 'M' 'M' 'U' 'M' 'M' 'M' 'M' 'U' 'U' 'M' 'U' 'M' 'M' 'M' 'U' 'M' 'M' 'M'
 'M' 'M' 'M' 'M' 'M' 'M' 'M' 'M' 'M' 'U' 'U' 'M' 'M' 'M' 'M' 'M' 'U' 'M'
 'M' 'M' 'M' 'M' 'U' 'M' 'M' 'M' 'U' 'U' 'M' 'M' 'M' 'M' 'M' 'M' 'M' 'M']"
175501,0,158,4,154,40,0,0,"['A' 'U' 'M' 'M' 'M' 'M' 'U' 'M' 'M' 'U' 'U' 'U' 'M' 'M' 'M' 'M' 'U' 'M'
 'M' 'A' 'A' 'U' 'M' 'M' 'M' 'U' 'M' 'U' 'M' 'M' 'M' 'M' 'M' 'M' 'U' 'M'
 'M' 'A' 'M' 'M' 'M' 'M' 'M' 'M' 'M' 'M' 'M' 'M' 'U' 'U' 'U' 'M' 'U' 'U'
 'U' 'M' 'M' 'M' 'M' 'M' 'M' 'M' 'M' 'M' 'M' 'M' 'M' 'M' 'M' 'M' 'M' 'M'
 'M' 'M' 'M' 'M' 'M' 'M' 'M' 'M' 'U' 'M' 'M' 'U' 'M' 'U' 'M' 'M' 'U' 'U'
 'M' 'M' 'M' 'M' 'M' 'M' 'M' 'M' 'M' 'U' 'M' 'M' 'M' 'M' 'M' 'M' 'M' 'M'
 'M' 'M' 'M' 'M' 'M' 'M' 'M' 'M' 'M' 'U' 'M' 'M' 'U' 'M' 'M' 'U' 'M' 'M'
 'U' 'M' 'M' 'U' 'M' 'M' 'M' 'U' 'M' 'M' 'U' 'M' 'M' 'U' 'M' 'M' 'M' 'M'
 'M' 'M' 'U' 'M' 'M' 'M' 'M' 'U' 'U' 'M' 'U' 'U' 'M' 'M' 'U' 'M' 'M' 'M'
 'M' 'M' 'M' 'M' 'M' 'M' 'M' 'M' 'M' 'U' 'U' 'M' 'M' 'M' 'M' 'M' 'M' 'M'
 'M' 'M' 'M' 'M' 'U' 'M' 'M' 'M' 'M' 'M' 'M' 'M' 'U' 'M' 'M' 'M' 'M' 'M']"
175601,0,164,2,162,34,0,0,"['A' 'M' 'M' 'M' 'M' 'M' 'U' 'M' 'M' 'M' 'U' 'M' 'M' 'M' 'M' 'M' 'U' 'M'
 'M' 'A' 'U' 'U' 'M' 'M' 'M' 'M' 'M' 'U' 'M' 'M' 'M' 'M' 'M' 'M' 'M' 'M'
 'M' 'U' 'M' 'M' 'M' 'M' 'M' 'M' 'M' 'M' 'M' 'M' 'U' 'U' 'U' 'M' 'M' 'U'
 'M' 'M' 'M' 'M' 'U' 'M' 'M' 'M' 'M' 'M' 'M' 'M' 'M' 'M' 'M' 'M' 'M' 'U'
 'M' 'M' 'U' 'M' 'M' 'M' 'M' 'M' 'M' 'M' 'M' 'U' 'U' 'M' 'M' 'M' 'M' 'M'
 'M' 'M' 'U' 'M' 'M' 'M' 'M' 'M' 'M' 'M' 'M' 'M' 'M' 'M' 'M' 'M' 'U' 'M'
 'M' 'M' 'M' 'M' 'M' 'M' 'M' 'M' 'M' 'U' 'M' 'M' 'U' 'M' 'M' 'M' 'M' 'M'
 'U' 'M' 'M' 'U' 'M' 'M' 'M' 'U' 'M' 'M' 'U' 'M' 'M' 'U' 'M' 'M' 'M' 'M'
 'M' 'M' 'M' 'M' 'M' 'M' 'M' 'U' 'U' 'M' 'U' 'U' 'M' 'M' 'U' 'M' 'M' 'M'
 'M' 'M' 'M' 'M' 'M' 'M' 'M' 'M' 'M' 'U' 'U' 'M' 'M' 'M' 'M' 'M' 'M' 'M'
 'M' 'M' 'M' 'M' 'U' 'M' 'M' 'M' 'M' 'M' 'M' 'M' 'U' 'M' 'M' 'M' 'M' 'M']"
175701,0,163,3,160,35,0,0,"['A' 'M' 'M' 'M' 'M' 'M' 'U' 'M' 'M' 'M' 'U' 'M' 'M' 'M' 'M' 'M' 'M' 'M'
 'M' 'A' 'U' 'U' 'M' 'M' 'M' 'M' 'M' 'U' 'M' 'M' 'M' 'M' 'M' 'M' 'M' 'M'
 'M' 'U' 'M' 'M' 'M' 'M' 'M' 'M' 'M' 'M' 'M' 'M' 'U' 'U' 'U' 'M' 'M' 'U'
 'M' 'M' 'M' 'M' 'U' 'M' 'M' 'M' 'M' 'M' 'M' 'M' 'M' 'U' 'M' 'M' 'M' 'M'
 'M' 'U' 'M' 'M' 'M' 'M' 'M' 'M' 'M' 'M' 'M' 'M' 'M' 'M' 'M' 'U' 'M' 'U'
 'M' 'M' 'M' 'U' 'M' 'M' 'M' 'M' 'M' 'M' 'M' 'M' 'M' 'M' 'M' 'M' 'U' 'M'
 'M' 'M' 'M' 'M' 'M' 'M' 'U' 'M' 'M' 'M' 'M' 'M' 'U' 'U' 'U' 'M' 'M' 'M'
 'A' 'M' 'M' 'U' 'M' 'M' 'M' 'M' 'M' 'M' 'M' 'M' 'M' 'M' 'M' 'U' 'M' 'M'
 'M' 'M' 'M' 'M' 'M' 'M' 'M' 'U' 'U' 'M' 'U' 'U' 'M' 'M' 'U' 'M' 'M' 'M'
 'M' 'M' 'M' 'M' 'M' 'M' 'M' 'M' 'M' 'U' 'U' 'M' 'M' 'U' 'M' 'M' 'M' 'M'
 'U' 'M' 'M' 'M' 'U' 'M' 'M' 'M' 'M' 'M' 'U' 'M' 'U' 'M' 'M' 'M' 'M' 'M']"
175801,0,166,4,162,32,0,0,"['A' 'M' 'M' 'M' 'M' 'M' 'M' 'M' 'M' 'M' 'U' 'M' 'M' 'M' 'M' 'M' 'M' 'M'
 'M' 'A' 'M' 'M' 'M' 'M' 'M' 'M' 'M' 'M' 'M' 'M' 'M' 'M' 'M' 'M' 'M' 'M'
 'M' 'U' 'M' 'M' 'M' 'M' 'M' 'M' 'M' 'M' 'M' 'M' 'U' 'U' 'M' 'M' 'U' 'U'
 'M' 'M' 'M' 'M' 'U' 'M' 'U' 'U' 'M' 'M' 'M' 'M' 'M' 'M' 'M' 'M' 'M' 'U'
 'M' 'U' 'M' 'M' 'M' 'M' 'M' 'M' 'M' 'M' 'M' 'M' 'M' 'M' 'U' 'M' 'M' 'U'
 'M' 'M' 'M' 'U' 'M' 'M' 'M' 'M' 'M' 'M' 'M' 'M' 'M' 'M' 'M' 'M' 'U' 'M'
 'M' 'M' 'M' 'M' 'M' 'M' 'M' 'M' 'M' 'M' 'M' 'M' 'U' 'M' 'U' 'M' 'M' 'U'
 'A' 'M' 'M' 'U' 'M' 'M' 'M' 'M' 'M' 'M' 'M' 'M' 'M' 'M' 'M' 'U' 'M' 'M'
 'M' 'M' 'M' 'M' 'M' 'M' 'U' 'U' 'M' 'M' 'U' 'U' 'U' 'M' 'U' 'M' 'M' 'M'
 'M' 'M' 'M' 'M' 'M' 'M' 'M' 'M' 'M' 'U' 'U' 'M' 'M' 'A' 'M' 'M' 'M' 'M'
 'U' 'M' 'M' 'M' 'U' 'M' 'M' 'M' 'M' 'M' 'U' 'M' 'U' 'M' 'M' 'M' 'M' 'M']"
175901,0,155,2,153,43,0,0,"['A' 'M' 'M' 'M' 'M' 'M' 'M' 'M' 'M' 'M' 'U' 'U' 'M' 'M' 'M' 'M' 'M' 'U'
 'M' 'A' 'M' 'M' 'M' 'M' 'M' 'M' 'M' 'M' 'M' 'M' 'U' 'M' 'M' 'M' 'U' 'M'
 'M' 'U' 'M' 'M' 'M' 'M' 'M' 'M' 'M' 'M' 'M' 'M' 'U' 'U' 'M' 'M' 'U' 'U'
 'M' 'M' 'M' 'M' 'U' 'M' 'U' 'U' 'M' 'U' 'M' 'U' 'M' 'M' 'M' 'M' 'M' 'M'
 'U' 'U' 'M' 'M' 'M' 'M' 'M' 'U' 'M' 'M' 'M' 'M' 'M' 'U' 'M' 'M' 'M' 'M'
 'M' 'M' 'M' 'M' 'M' 'M' 'M' 'U' 'M' 'M' 'U' 'M' 'M' 'M' 'M' 'M' 'U' 'M'
 'M' 'M' 'M' 'M' 'M' 'M' 'M' 'M' 'M' 'M' 'M' 'U' 'U' 'U' 'M' 'M' 'U' 'U'
 'U' 'M' 'M' 'U' 'M' 'M' 'M' 'M' 'M' 'M' 'M' 'M' 'U' 'M' 'M' 'U' 'M' 'M'
 'M' 'M' 'M' 'M' 'M' 'M' 'U' 'U' 'M' 'M' 'M' 'U' 'U' 'M' 'U' 'M' 'M' 'M'
 'M' 'U' 'M' 'U' 'M' 'M' 'M' 'M' 'M' 'U' 'M' 'M' 'M' 'M' 'M' 'M' 'M' 'M'
 'U' 'M' 'U' 'M' 'U' 'M' 'M' 'M' 'M' 'M' 'U' 'M' 'M' 'M' 'M' 'M' 'M' 'M']"
176001,0,161,2,159,37,1,0,"['A' 'M' 'M' 'M' 'M' 'M' 'M' 'M' 'M' 'M' 'M' 'M' 'M' 'M' 'M' 'M' 'M' 'U'
 'U' 'A' 'M' 'M' 'M' 'M' 'M' 'M' 'M' 'M' 'M' 'M' 'U' 'M' 'M' 'M' 'U' 'M'
 'M' 'U' 'M' 'M' 'M' 'M' 'M' 'M' 'M' 'M' 'M' 'M' 'U' 'U' 'M' 'M' 'U' 'U'
 'M' 'M' 'M' 'M' 'U' 'M' 'M' 'U' 'M' 'U' 'M' 'M' 'M' 'M' 'M' 'M' 'M' 'M'
 'M' 'U' 'M' 'M' 'M' 'M' 'M' 'U' 'M' 'M' 'M' 'M' 'M' 'M' 'U' 'M' 'M' 'M'
 'M' 'M' 'U' 'U' 'M' 'M' 'M' 'U' 'M' 'M' 'U' 'M' 'M' 'U' 'M' 'M' 'U' 'M'
 'M' 'M' 'M' 'M' 'M' 'U' 'U' 'M' 'M' 'U' 'M' 'U' 'U' 'U' 'M' 'M' 'U' 'U'
 'U' 'M' 'M' 'M' 'M' 'M' 'M' 'M' 'M' 'M' 'M' 'M' 'M' 'M' 'M' 'U' 'M' 'M'
 'M' 'M' 'M' 'M' 'M' 'M' 'U' 'U' 'M' 'M' 'M' 'M' 'U' 'M' 'M' 'M' 'M' 'M'
 'M' 'U' 'M' 'M' 'M' 'M' 'M' 'M' 'M' 'M' 'M' 'M' 'M' 'M' 'M' 'M' 'M' 'M'
 'M' 'M' 'U' 'M' 'M' 'M' 'M' 'M' 'M' 'M' 'M' 'M' 'M' 'M' 'M' 'U' 'M' 'M']"
176101,0,159,3,156,39,0,1,"['A' 'M' 'M' 'M' 'M' 'M' 'M' 'M' 'M' 'M' 'M' 'M' 'M' 'M' 'M' 'M' 'M' 'U'
 'U' 'A' 'M' 'M' 'M' 'M' 'M' 'M' 'M' 'M' 'M' 'M' 'U' 'M' 'M' 'M' 'M' 'M'
 'M' 'U' 'M' 'M' 'M' 'M' 'M' 'M' 'M' 'M' 'M' 'M' 'U' 'U' 'U' 'M' 'U' 'U'
 'M' 'M' 'M' 'M' 'U' 'M' 'M' 'U' 'M' 'U' 'M' 'U' 'M' 'M' 'M' 'M' 'M' 'U'
 'M' 'M' 'M' 'M' 'M' 'U' 'M' 'M' 'M' 'M' 'M' 'M' 'M' 'M' 'M' 'U' 'M' 'M'
 'M' 'U' 'M' 'M' 'M' 'M' 'M' 'U' 'M' 'M' 'U' 'M' 'M' 'M' 'M' 'M' 'U' 'M'
 'M' 'M' 'M' 'M' 'M' 'M' 'U' 'M' 'M' 'U' 'M' 'U' 'M' 'U' 'M' 'M' 'A' 'M'
 'U' 'M' 'M' 'M' 'U' 'M' 'U' 'U' 'U' 'U' 'U' 'U' 'U' 'M' 'M' 'U' 'M' 'M'
 'M' 'M' 'M' 'M' 'M' 'M' 'U' 'M' 'M' 'M' 'M' 'M' 'U' 'M' 'M' 'M' 'M' 'M'
 'M' 'U' 'M' 'M' 'M' 'M' 'M' 'M' 'M' 'M' 'M' 'M' 'M' 'M' 'M' 'M' 'M' 'M'
 'M' 'M' 'U' 'M' 'M' 'M' 'M' 'M' 'M' 'M' 'M' 'M' 'M' 'M' 'M' 'U' 'M' 'M']"
176201,0,162,4,158,36,0,1,"['A' 'M' 'M' 'M' 'M' 'M' 'M' 'M' 'M' 'M' 'M' 'M' 'M' 'M' 'M' 'M' 'M' 'U'
 'M' 'A' 'M' 'M' 'M' 'M' 'M' 'M' 'M' 'M' 'M' 'M' 'U' 'M' 'M' 'M' 'M' 'U'
 'M' 'U' 'M' 'M' 'M' 'M' 'M' 'M' 'M' 'M' 'M' 'M' 'M' 'U' 'U' 'M' 'U' 'U'
 'M' 'M' 'M' 'M' 'U' 'M' 'M' 'M' 'M' 'M' 'U' 'U' 'M' 'M' 'M' 'M' 'M' 'U'
 'M' 'M' 'M' 'U' 'M' 'M' 'M' 'M' 'M' 'M' 'U' 'M' 'M' 'M' 'M' 'U' 'M' 'M'
 'M' 'M' 'M' 'M' 'M' 'M' 'M' 'U' 'M' 'M' 'U' 'M' 'M' 'M' 'M' 'M' 'U' 'M'
 'M' 'M' 'M' 'M' 'M' 'M' 'M' 'M' 'M' 'U' 'M' 'U' 'M' 'U' 'M' 'M' 'A' 'M'
 'U' 'M' 'M' 'M' 'M' 'M' 'U' 'M' 'A' 'U' 'M' 'U' 'U' 'M' 'M' 'M' 'M' 'M'
 'M' 'M' 'M' 'M' 'M' 'M' 'U' 'M' 'M' 'M' 'M' 'U' 'U' 'M' 'M' 'U' 'M' 'M'
 'M' 'U' 'M' 'M' 'M' 'M' 'M' 'M' 'M' 'M' 'M' 'M' 'M' 'M' 'M' 'M' 'M' 'M'
 'M' 'M' 'U' 'M' 'M' 'M' 'M' 'M' 'M' 'U' 'U' 'M' 'U' 'M' 'M' 'U' 'M' 'M']"
176301,0,156,4,152,42,1,0,"['A' 'M' 'M' 'M' 'M' 'U' 'M' 'M' 'M' 'M' 'M' 'M' 'M' 'M' 'M' 'M' 'M' 'M'
 'M' 'A' 'M' 'U' 'U' 'M' 'M' 'M' 'M' 'M' 'M' 'M' 'U' 'M' 'M' 'M' 'M' 'U'
 'M' 'M' 'M' 'M' 'M' 'U' 'M' 'M' 'U' 'M' 'M' 'M' 'M' 'U' 'M' 'M' 'M' 'U'
 'M' 'M' 'M' 'M' 'M' 'U' 'M' 'M' 'M' 'M' 'U' 'M' 'M' 'M' 'M' 'M' 'M' 'M'
 'M' 'U' 'M' 'M' 'M' 'U' 'M' 'M' 'U' 'M' 'M' 'M' 'U' 'M' 'M' 'M' 'M' 'M'
 'M' 'M' 'M' 'U' 'M' 'M' 'U' 'M' 'M' 'M' 'M' 'M' 'M' 'M' 'M' 'M' 'U' 'M'
 'U' 'U' 'M' 'M' 'M' 'M' 'M' 'M' 'M' 'U' 'M' 'U' 'M' 'U' 'M' 'M' 'A' 'M'
 'U' 'M' 'M' 'M' 'M' 'M' 'M' 'U' 'U' 'U' 'U' 'U' 'U' 'M' 'M' 'M' 'U' 'M'
 'M' 'M' 'M' 'M' 'M' 'M' 'U' 'M' 'M' 'M' 'M' 'U' 'U' 'U' 'M' 'M' 'M' 'M'
 'M' 'U' 'M' 'M' 'M' 'U' 'M' 'M' 'M' 'M' 'M' 'M' 'M' 'M' 'U' 'M' 'M' 'M'
 'M' 'M' 'U' 'M' 'M' 'M' 'M' 'M' 'M' 'A' 'U' 'M' 'U' 'M' 'M' 'U' 'M' 'M']"
176401,1,156,4,152,42,0,0,"['A' 'M' 'M' 'M' 'M' 'U' 'M' 'M' 'M' 'M' 'M' 'M' 'M' 'M' 'U' 'M' 'M' 'M'
 'M' 'A' 'M' 'U' 'M' 'M' 'M' 'U' 'M' 'M' 'M' 'M' 'U' 'M' 'M' 'M' 'M' 'M'
 'M' 'M' 'M' 'M' 'M' 'U' 'M' 'M' 'U' 'M' 'M' 'M' 'M' 'U' 'M' 'M' 'M' 'U'
 'M' 'M' 'M' 'M' 'M' 'U' 'M' 'U' 'M' 'M' 'U' 'M' 'M' 'M' 'M' 'U' 'M' 'M'
 'M' 'U' 'M' 'M' 'M' 'M' 'M' 'M' 'M' 'M' 'M' 'U' 'M' 'M' 'M' 'M' 'M' 'U'
 'M' 'M' 'U' 'M' 'M' 'M' 'M' 'M' 'M' 'M' 'M' 'M' 'M' 'M' 'M' 'M' 'U' 'M'
 'U' 'U' 'M' 'M' 'M' 'M' 'M' 'M' 'M' 'U' 'M' 'M' 'M' 'U' 'M' 'M' 'A' 'M'
 'M' 'M' 'M' 'M' 'M' 'U' 'U' 'U' 'U' 'U' 'U' 'U' 'U' 'M' 'M' 'M' 'M' 'M'
 'M' 'M' 'M' 'M' 'M' 'M' 'U' 'M' 'M' 'M' 'M' 'U' 'U' 'U' 'M' 'M' 'M' 'M'
 'M' 'U' 'M' 'M' 'M' 'U' 'M' 'M' 'M' 'M' 'M' 'M' 'M' 'M' 'U' 'M' 'M' 'M'
 'A' 'U' 'U' 'M' 'M' 'M' 'M' 'M' 'M' 'U' 'M' 'M' 'U' 'M' 'M' 'U' 'M' 'M']"
176501,0,160,6,154,38,0,0,"['A' 'M' 'M' 'M' 'U' 'U' 'U' 'M' 'M' 'U' 'M' 'M' 'M' 'M' 'M' 'M' 'M' 'M'
 'M' 'A' 'M' 'M' 'M' 'M' 'M' 'M' 'M' 'M' 'M' 'M' 'U' 'M' 'M' 'M' 'M' 'M'
 'M' 'M' 'M' 'M' 'M' 'U' 'M' 'M' 'U' 'M' 'M' 'M' 'M' 'U' 'M' 'M' 'M' 'U'
 'M' 'M' 'M' 'M' 'M' 'U' 'M' 'U' 'M' 'M' 'U' 'M' 'M' 'M' 'M' 'M' 'M' 'M'
 'M' 'M' 'M' 'M' 'M' 'M' 'U' 'M' 'M' 'M' 'U' 'M' 'M' 'U' 'M' 'M' 'M' 'U'
 'M' 'U' 'M' 'M' 'M' 'U' 'M' 'M' 'M' 'M' 'M' 'M' 'M' 'M' 'M' 'M' 'A' 'M'
 'A' 'M' 'M' 'M' 'M' 'M' 'M' 'M' 'U' 'M' 'M' 'M' 'M' 'U' 'M' 'M' 'A' 'M'
 'M' 'M' 'M' 'U' 'M' 'U' 'M' 'M' 'U' 'U' 'U' 'U' 'U' 'M' 'M' 'M' 'M' 'M'
 'U' 'M' 'M' 'M' 'M' 'M' 'U' 'M' 'M' 'M' 'M' 'M' 'U' 'M' 'M' 'M' 'M' 'M'
 'M' 'U' 'M' 'M' 'M' 'U' 'M' 'M' 'M' 'M' 'M' 'M' 'M' 'M' 'U' 'M' 'M' 'M'
 'A' 'U' 'U' 'M' 'M' 'M' 'M' 'M' 'M' 'U' 'M' 'M' 'U' 'M' 'M' 'U' 'M' 'M']"
176601,0,158,5,153,40,0,0,"['A' 'M' 'M' 'M' 'M' 'M' 'U' 'M' 'M' 'U' 'M' 'M' 'M' 'M' 'M' 'M' 'M' 'M'
 'M' 'A' 'M' 'M' 'M' 'M' 'M' 'M' 'M' 'M' 'M' 'M' 'U' 'M' 'M' 'U' 'M' 'M'
 'M' 'M' 'M' 'M' 'M' 'A' 'M' 'M' 'U' 'M' 'M' 'M' 'M' 'U' 'M' 'M' 'M' 'U'
 'M' 'M' 'M' 'M' 'M' 'U' 'M' 'U' 'M' 'M' 'U' 'M' 'M' 'M' 'M' 'M' 'M' 'M'
 'M' 'M' 'U' 'M' 'M' 'M' 'M' 'M' 'M' 'M' 'U' 'U' 'M' 'M' 'U' 'M' 'M' 'M'
 'M' 'M' 'M' 'U' 'M' 'U' 'M' 'M' 'M' 'M' 'M' 'U' 'M' 'M' 'M' 'M' 'U' 'M'
 'U' 'M' 'M' 'M' 'M' 'M' 'M' 'M' 'U' 'M' 'M' 'M' 'M' 'U' 'M' 'M' 'A' 'M'
 'M' 'M' 'M' 'M' 'M' 'U' 'U' 'U' 'U' 'M' 'U' 'U' 'U' 'M' 'M' 'M' 'M' 'M'
 'U' 'M' 'M' 'M' 'M' 'M' 'U' 'M' 'M' 'M' 'U' 'M' 'M' 'M' 'U' 'M' 'M' 'M'
 'M' 'U' 'M' 'M' 'M' 'U' 'M' 'M' 'M' 'U' 'M' 'M' 'M' 'M' 'U' 'U' 'M' 'M'
 'A' 'M' 'U' 'M' 'M' 'M' 'M' 'M' 'M' 'U' 'M' 'M' 'U' 'M' 'M' 'M' 'M' 'M']"
176701,0,155,2,153,43,0,0,"['A' 'M' 'M' 'M' 'M' 'M' 'U' 'M' 'M' 'U' 'M' 'M' 'M' 'M' 'M' 'M' 'M' 'M'
 'M' 'U' 'M' 'M' 'M' 'M' 'M' 'M' 'M' 'M' 'U' 'M' 'U' 'M' 'M' 'U' 'M' 'M'
 'M' 'M' 'M' 'M' 'M' 'U' 'M' 'M' 'U' 'U' 'M' 'M' 'M' 'U' 'M' 'M' 'M' 'U'
 'M' 'M' 'M' 'M' 'M' 'U' 'M' 'U' 'M' 'M' 'U' 'U' 'M' 'U' 'M' 'M' 'M' 'M'
 'M' 'M' 'M' 'M' 'M' 'M' 'M' 'M' 'U' 'U' 'M' 'M' 'M' 'M' 'U' 'M' 'M' 'M'
 'M' 'M' 'M' 'M' 'M' 'U' 'M' 'M' 'M' 'M' 'M' 'U' 'M' 'M' 'M' 'M' 'U' 'M'
 'U' 'M' 'M' 'M' 'M' 'M' 'M' 'M' 'M' 'M' 'M' 'M' 'M' 'M' 'M' 'M' 'U' 'M'
 'M' 'M' 'M' 'M' 'M' 'M' 'U' 'U' 'U' 'U' 'A' 'U' 'U' 'M' 'M' 'M' 'M' 'M'
 'U' 'M' 'M' 'M' 'M' 'M' 'U' 'M' 'M' 'M' 'U' 'M' 'M' 'M' 'U' 'M' 'M' 'M'
 'M' 'U' 'M' 'M' 'M' 'U' 'M' 'M' 'M' 'U' 'M' 'M' 'M' 'M' 'U' 'M' 'U' 'M'
 'U' 'M' 'M' 'M' 'M' 'M' 'M' 'M' 'M' 'U' 'U' 'M' 'U' 'M' 'M' 'M' 'M' 'M']"
176801,0,159,2,157,39,0,0,"['A' 'M' 'M' 'M' 'M' 'M' 'U' 'U' 'M' 'U' 'M' 'M' 'U' 'M' 'M' 'M' 'M' 'M'
 'M' 'U' 'M' 'M' 'M' 'M' 'M' 'M' 'M' 'M' 'U' 'M' 'U' 'M' 'M' 'U' 'M' 'M'
 'M' 'M' 'M' 'M' 'M' 'M' 'M' 'M' 'U' 'U' 'M' 'M' 'M' 'U' 'M' 'M' 'M' 'U'
 'M' 'M' 'M' 'M' 'M' 'U' 'M' 'U' 'M' 'M' 'U' 'U' 'M' 'U' 'M' 'M' 'M' 'M'
 'M' 'M' 'M' 'M' 'M' 'U' 'M' 'M' 'U' 'M' 'M' 'M' 'M' 'M' 'U' 'M' 'M' 'M'
 'M' 'M' 'M' 'M' 'M' 'U' 'M' 'U' 'M' 'M' 'M' 'A' 'M' 'M' 'M' 'M' 'M' 'M'
 'U' 'M' 'M' 'M' 'M' 'M' 'M' 'M' 'M' 'M' 'M' 'U' 'M' 'M' 'M' 'M' 'U' 'M'
 'M' 'M' 'M' 'M' 'M' 'M' 'U' 'M' 'M' 'M' 'M' 'U' 'U' 'M' 'M' 'M' 'M' 'M'
 'U' 'M' 'M' 'M' 'M' 'M' 'U' 'M' 'M' 'M' 'U' 'M' 'M' 'M' 'U' 'M' 'M' 'M'
 'M' 'U' 'M' 'M' 'M' 'M' 'M' 'M' 'M' 'U' 'M' 'M' 'M' 'M' 'U' 'M' 'U' 'M'
 'U' 'M' 'M' 'M' 'M' 'M' 'M' 'M' 'M' 'U' 'M' 'M' 'U' 'M' 'M' 'M' 'M' 'M']"
176901,0,160,2,158,38,0,0,"['A' 'M' 'M' 'U' 'M' 'M' 'U' 'U' 'M' 'M' 'M' 'M' 'U' 'M' 'M' 'M' 'M' 'M'
 'M' 'U' 'M' 'M' 'M' 'M' 'M' 'M' 'M' 'M' 'U' 'M' 'U' 'M' 'M' 'U' 'M' 'M'
 'M' 'M' 'M' 'M' 'M' 'M' 'M' 'M' 'U' 'U' 'M' 'M' 'M' 'U' 'M' 'U' 'M' 'U'
 'M' 'M' 'M' 'M' 'M' 'U' 'M' 'U' 'M' 'M' 'U' 'M' 'M' 'M' 'M' 'M' 'U' 'M'
 'M' 'U' 'M' 'M' 'U' 'M' 'M' 'M' 'M' 'M' 'U' 'U' 'M' 'M' 'M' 'M' 'M' 'M'
 'M' 'M' 'M' 'M' 'M' 'M' 'M' 'U' 'M' 'M' 'M' 'A' 'M' 'M' 'M' 'M' 'M' 'M'
 'U' 'M' 'M' 'M' 'M' 'M' 'M' 'M' 'M' 'M' 'M' 'U' 'M' 'M' 'M' 'M' 'M' 'M'
 'M' 'M' 'M' 'M' 'U' 'M' 'M' 'M' 'M' 'M' 'M' 'U' 'M' 'M' 'U' 'U' 'M' 'U'
 'U' 'M' 'M' 'M' 'M' 'M' 'M' 'M' 'M' 'M' 'M' 'M' 'M' 'M' 'U' 'M' 'M' 'M'
 'M' 'U' 'M' 'M' 'M' 'M' 'M' 'M' 'M' 'M' 'M' 'M' 'M' 'M' 'U' 'M' 'U' 'M'
 'U' 'M' 'U' 'M' 'M' 'M' 'M' 'M' 'U' 'M' 'M' 'M' 'U' 'M' 'M' 'M' 'M' 'M']"
177001,0,156,4,152,42,0,0,"['A' 'M' 'M' 'U' 'M' 'U' 'U' 'U' 'U' 'M' 'M' 'U' 'M' 'M' 'M' 'M' 'M' 'A'
 'M' 'U' 'M' 'M' 'M' 'M' 'M' 'M' 'M' 'M' 'U' 'M' 'U' 'M' 'M' 'U' 'M' 'M'
 'M' 'M' 'M' 'U' 'M' 'M' 'M' 'U' 'M' 'U' 'M' 'M' 'M' 'U' 'M' 'U' 'M' 'U'
 'M' 'M' 'M' 'M' 'U' 'U' 'M' 'U' 'M' 'U' 'U' 'M' 'M' 'M' 'M' 'M' 'U' 'M'
 'M' 'M' 'M' 'M' 'M' 'M' 'M' 'M' 'M' 'M' 'U' 'M' 'U' 'M' 'M' 'U' 'M' 'M'
 'M' 'U' 'M' 'M' 'M' 'M' 'M' 'U' 'M' 'M' 'M' 'A' 'M' 'M' 'M' 'M' 'M' 'M'
 'U' 'M' 'M' 'M' 'M' 'M' 'M' 'M' 'M' 'M' 'M' 'M' 'M' 'M' 'M' 'U' 'U' 'M'
 'M' 'M' 'M' 'M' 'M' 'M' 'U' 'M' 'M' 'M' 'M' 'U' 'M' 'U' 'U' 'U' 'U' 'U'
 'M' 'M' 'M' 'M' 'M' 'M' 'M' 'M' 'M' 'M' 'M' 'M' 'M' 'M' 'U' 'M' 'M' 'M'
 'M' 'U' 'M' 'M' 'M' 'M' 'M' 'M' 'M' 'M' 'M' 'M' 'M' 'M' 'M' 'U' 'M' 'M'
 'U' 'M' 'U' 'M' 'M' 'M' 'M' 'M' 'M' 'M' 'M' 'M' 'A' 'M' 'M' 'M' 'M' 'M']"
177101,0,166,5,161,32,0,1,"['A' 'M' 'M' 'M' 'M' 'A' 'U' 'U' 'U' 'M' 'M' 'M' 'M' 'M' 'M' 'M' 'M' 'A'
 'M' 'U' 'M' 'M' 'M' 'M' 'M' 'M' 'M' 'M' 'U' 'M' 'M' 'M' 'M' 'U' 'M' 'M'
 'M' 'M' 'M' 'U' 'M' 'M' 'M' 'U' 'M' 'U' 'M' 'M' 'M' 'M' 'M' 'M' 'M' 'U'
 'M' 'M' 'M' 'M' 'U' 'U' 'M' 'M' 'M' 'U' 'U' 'M' 'M' 'M' 'M' 'M' 'M' 'U'
 'U' 'M' 'M' 'M' 'M' 'M' 'M' 'M' 'M' 'M' 'U' 'M' 'M' 'M' 'M' 'M' 'U' 'M'
 'M' 'M' 'M' 'M' 'U' 'M' 'M' 'U' 'M' 'M' 'M' 'A' 'M' 'M' 'M' 'M' 'M' 'M'
 'U' 'M' 'M' 'M' 'M' 'M' 'M' 'M' 'M' 'M' 'M' 'M' 'M' 'M' 'M' 'U' 'U' 'M'
 'U' 'M' 'M' 'U' 'M' 'M' 'M' 'M' 'M' 'M' 'M' 'M' 'M' 'U' 'M' 'U' 'U' 'U'
 'M' 'M' 'M' 'M' 'M' 'M' 'M' 'M' 'M' 'M' 'M' 'M' 'M' 'M' 'M' 'M' 'M' 'M'
 'M' 'U' 'M' 'M' 'M' 'M' 'M' 'M' 'M' 'M' 'M' 'M' 'M' 'M' 'M' 'U' 'M' 'M'
 'M' 'M' 'U' 'M' 'M' 'M' 'M' 'M' 'M' 'M' 'M' 'M' 'A' 'M' 'M' 'M' 'M' 'M']"
177201,0,168,5,163,30,0,0,"['A' 'M' 'M' 'M' 'M' 'A' 'U' 'U' 'M' 'M' 'M' 'M' 'M' 'M' 'M' 'U' 'M' 'U'
 'M' 'U' 'M' 'M' 'M' 'M' 'M' 'M' 'M' 'M' 'U' 'M' 'M' 'M' 'M' 'U' 'M' 'M'
 'M' 'M' 'M' 'U' 'M' 'M' 'M' 'M' 'M' 'U' 'M' 'M' 'M' 'M' 'M' 'M' 'U' 'U'
 'M' 'M' 'M' 'U' 'U' 'M' 'M' 'M' 'M' 'M' 'U' 'M' 'M' 'M' 'M' 'M' 'M' 'M'
 'M' 'M' 'M' 'M' 'M' 'M' 'M' 'U' 'M' 'M' 'U' 'M' 'M' 'M' 'M' 'U' 'M' 'U'
 'M' 'M' 'U' 'M' 'M' 'M' 'M' 'U' 'M' 'M' 'M' 'A' 'M' 'M' 'M' 'M' 'M' 'M'
 'U' 'M' 'M' 'M' 'M' 'M' 'M' 'M' 'M' 'M' 'M' 'M' 'M' 'M' 'M' 'U' 'U' 'M'
 'U' 'M' 'M' 'U' 'M' 'M' 'M' 'M' 'M' 'M' 'M' 'M' 'M' 'U' 'M' 'M' 'M' 'U'
 'M' 'M' 'M' 'M' 'M' 'M' 'M' 'M' 'M' 'M' 'M' 'U' 'M' 'M' 'M' 'M' 'M' 'M'
 'M' 'U' 'M' 'M' 'M' 'M' 'M' 'M' 'M' 'M' 'M' 'M' 'M' 'M' 'M' 'U' 'M' 'M'
 'M' 'M' 'A' 'M' 'M' 'M' 'M' 'M' 'M' 'M' 'M' 'M' 'A' 'M' 'M' 'M' 'M' 'M']"
177301,0,166,5,161,32,0,0,"['A' 'U' 'M' 'M' 'M' 'U' 'M' 'U' 'M' 'M' 'M' 'M' 'M' 'M' 'M' 'U' 'M' 'U'
 'M' 'M' 'M' 'M' 'M' 'M' 'M' 'M' 'M' 'M' 'U' 'M' 'U' 'M' 'M' 'M' 'M' 'M'
 'M' 'M' 'M' 'U' 'M' 'M' 'M' 'M' 'M' 'A' 'M' 'M' 'M' 'M' 'M' 'M' 'U' 'U'
 'M' 'M' 'M' 'U' 'U' 'M' 'M' 'M' 'M' 'M' 'U' 'U' 'M' 'M' 'M' 'U' 'M' 'M'
 'M' 'M' 'M' 'M' 'M' 'U' 'M' 'M' 'M' 'M' 'M' 'M' 'M' 'M' 'M' 'U' 'M' 'M'
 'M' 'M' 'U' 'M' 'M' 'M' 'M' 'U' 'M' 'M' 'M' 'A' 'M' 'U' 'U' 'M' 'U' 'U'
 'M' 'M' 'M' 'M' 'M' 'M' 'M' 'M' 'M' 'M' 'M' 'M' 'M' 'M' 'M' 'U' 'U' 'M'
 'A' 'M' 'M' 'M' 'M' 'M' 'M' 'M' 'M' 'M' 'M' 'M' 'M' 'U' 'M' 'M' 'M' 'U'
 'M' 'M' 'M' 'M' 'M' 'M' 'U' 'M' 'M' 'M' 'M' 'U' 'M' 'M' 'M' 'M' 'M' 'M'
 'M' 'U' 'M' 'M' 'M' 'M' 'M' 'M' 'U' 'M' 'M' 'M' 'M' 'M' 'M' 'U' 'M' 'M'
 'M' 'M' 'M' 'M' 'M' 'M' 'M' 'M' 'M' 'M' 'M' 'M' 'A' 'M' 'M' 'M' 'M' 'M']"
177401,0,164,7,157,34,0,0,"['A' 'U' 'M' 'M' 'M' 'U' 'M' 'U' 'M' 'M' 'M' 'M' 'M' 'M' 'M' 'U' 'M' 'U'
 'M' 'M' 'M' 'M' 'M' 'M' 'M' 'M' 'M' 'U' 'U' 'M' 'U' 'M' 'M' 'M' 'M' 'M'
 'M' 'U' 'M' 'U' 'M' 'M' 'M' 'M' 'M' 'A' 'M' 'M' 'M' 'M' 'M' 'U' 'A' 'U'
 'M' 'M' 'M' 'U' 'M' 'M' 'M' 'M' 'M' 'M' 'U' 'M' 'M' 'M' 'M' 'U' 'M' 'M'
 'U' 'M' 'M' 'U' 'M' 'M' 'M' 'M' 'M' 'M' 'M' 'U' 'M' 'U' 'M' 'M' 'M' 'M'
 'M' 'M' 'M' 'M' 'M' 'M' 'U' 'U' 'U' 'M' 'M' 'A' 'M' 'U' 'U' 'M' 'U' 'U'
 'M' 'M' 'M' 'M' 'M' 'M' 'M' 'A' 'M' 'M' 'U' 'M' 'M' 'M' 'M' 'U' 'M' 'M'
 'A' 'M' 'M' 'M' 'M' 'M' 'M' 'M' 'M' 'M' 'M' 'M' 'M' 'M' 'M' 'M' 'U' 'U'
 'M' 'M' 'M' 'M' 'M' 'M' 'U' 'M' 'M' 'M' 'M' 'U' 'M' 'M' 'M' 'M' 'M' 'M'
 'M' 'U' 'M' 'M' 'M' 'M' 'M' 'M' 'M' 'M' 'M' 'M' 'M' 'M' 'M' 'U' 'M' 'M'
 'M' 'M' 'M' 'M' 'M' 'M' 'M' 'M' 'M' 'M' 'M' 'M' 'A' 'M' 'M' 'M' 'M' 'M']"
177501,0,159,5,154,39,0,0,"['A' 'U' 'M' 'M' 'M' 'U' 'M' 'M' 'M' 'M' 'M' 'M' 'M' 'M' 'U' 'U' 'M' 'U'
 'M' 'U' 'M' 'M' 'M' 'M' 'M' 'M' 'M' 'U' 'M' 'M' 'M' 'M' 'M' 'M' 'M' 'M'
 'M' 'U' 'M' 'U' 'M' 'M' 'M' 'M' 'M' 'U' 'M' 'M' 'M' 'M' 'M' 'U' 'A' 'U'
 'M' 'M' 'M' 'U' 'M' 'M' 'M' 'M' 'M' 'M' 'M' 'M' 'M' 'U' 'M' 'M' 'M' 'M'
 'U' 'M' 'U' 'M' 'U' 'M' 'M' 'M' 'M' 'M' 'M' 'U' 'M' 'M' 'M' 'M' 'M' 'M'
 'M' 'M' 'M' 'M' 'M' 'M' 'M' 'U' 'U' 'M' 'M' 'A' 'U' 'U' 'M' 'M' 'U' 'U'
 'U' 'M' 'M' 'M' 'U' 'M' 'M' 'A' 'M' 'M' 'U' 'M' 'M' 'M' 'A' 'U' 'M' 'M'
 'U' 'M' 'M' 'M' 'M' 'M' 'M' 'M' 'M' 'M' 'M' 'M' 'M' 'M' 'M' 'M' 'U' 'U'
 'M' 'M' 'M' 'U' 'M' 'M' 'M' 'M' 'M' 'M' 'M' 'U' 'M' 'M' 'M' 'M' 'M' 'M'
 'M' 'M' 'M' 'M' 'M' 'M' 'M' 'M' 'M' 'M' 'M' 'M' 'U' 'M' 'M' 'U' 'U' 'M'
 'U' 'M' 'M' 'M' 'M' 'M' 'M' 'M' 'M' 'U' 'M' 'M' 'U' 'M' 'M' 'M' 'M' 'M']"
177601,0,165,4,161,33,0,0,"['A' 'U' 'M' 'M' 'M' 'M' 'M' 'M' 'M' 'M' 'M' 'M' 'M' 'M' 'U' 'U' 'M' 'M'
 'U' 'M' 'M' 'M' 'M' 'M' 'M' 'M' 'M' 'U' 'M' 'M' 'M' 'M' 'M' 'M' 'M' 'M'
 'M' 'U' 'M' 'U' 'M' 'M' 'M' 'M' 'M' 'U' 'M' 'M' 'M' 'M' 'M' 'U' 'A' 'U'
 'M' 'M' 'M' 'U' 'M' 'M' 'M' 'M' 'U' 'M' 'M' 'U' 'M' 'M' 'M' 'M' 'M' 'U'
 'U' 'M' 'U' 'U' 'M' 'M' 'M' 'M' 'M' 'M' 'M' 'M' 'M' 'M' 'M' 'M' 'M' 'M'
 'M' 'M' 'M' 'M' 'M' 'M' 'M' 'M' 'U' 'M' 'M' 'U' 'U' 'U' 'M' 'M' 'U' 'M'
 'U' 'M' 'M' 'M' 'U' 'M' 'M' 'U' 'M' 'M' 'A' 'M' 'M' 'M' 'A' 'U' 'M' 'M'
 'U' 'M' 'M' 'M' 'M' 'M' 'M' 'M' 'M' 'M' 'M' 'M' 'M' 'M' 'M' 'M' 'U' 'M'
 'M' 'M' 'M' 'M' 'M' 'M' 'M' 'M' 'M' 'M' 'M' 'U' 'M' 'M' 'M' 'M' 'M' 'M'
 'M' 'M' 'M' 'M' 'M' 'M' 'M' 'M' 'M' 'M' 'M' 'M' 'M' 'M' 'M' 'M' 'U' 'M'
 'U' 'M' 'M' 'M' 'M' 'M' 'M' 'M' 'M' 'U' 'M' 'M' 'U' 'M' 'M' 'M' 'M' 'M']"
177701,0,164,3,161,34,0,0,"['A' 'U' 'M' 'M' 'M' 'M' 'M' 'M' 'M' 'M' 'M' 'M' 'M' 'M' 'M' 'U' 'M' 'M'
 'U' 'M' 'M' 'M' 'M' 'M' 'M' 'M' 'M' 'M' 'M' 'U' 'M' 'M' 'M' 'M' 'M' 'M'
 'M' 'U' 'M' 'U' 'M' 'M' 'M' 'M' 'M' 'U' 'M' 'M' 'M' 'M' 'M' 'U' 'A' 'U'
 'M' 'M' 'M' 'U' 'M' 'M' 'M' 'M' 'M' 'M' 'M' 'M' 'M' 'M' 'M' 'M' 'M' 'M'
 'U' 'M' 'M' 'U' 'M' 'M' 'U' 'M' 'M' 'M' 'M' 'M' 'M' 'M' 'M' 'M' 'M' 'M'
 'M' 'U' 'M' 'U' 'M' 'M' 'M' 'M' 'U' 'M' 'M' 'U' 'U' 'U' 'M' 'M' 'U' 'M'
 'U' 'M' 'M' 'M' 'U' 'M' 'M' 'U' 'M' 'M' 'A' 'M' 'M' 'M' 'U' 'U' 'M' 'M'
 'M' 'M' 'M' 'M' 'M' 'M' 'M' 'U' 'M' 'M' 'M' 'M' 'M' 'M' 'M' 'M' 'U' 'M'
 'M' 'U' 'M' 'M' 'M' 'U' 'M' 'M' 'M' 'M' 'M' 'M' 'M' 'M' 'M' 'M' 'M' 'M'
 'M' 'M' 'M' 'M' 'M' 'M' 'M' 'M' 'M' 'M' 'M' 'M' 'M' 'M' 'U' 'M' 'M' 'M'
 'U' 'M' 'M' 'M' 'M' 'M' 'M' 'M' 'M' 'U' 'U' 'M' 'U' 'M' 'M' 'M' 'M' 'M']"
177801,0,168,4,164,30,0,0,"['A' 'M' 'M' 'M' 'M' 'M' 'M' 'M' 'M' 'M' 'M' 'M' 'M' 'M' 'M' 'M' 'M' 'M'
 'U' 'M' 'M' 'M' 'M' 'M' 'M' 'M' 'M' 'M' 'M' 'U' 'M' 'M' 'M' 'M' 'M' 'M'
 'M' 'M' 'M' 'U' 'M' 'U' 'M' 'M' 'M' 'U' 'M' 'M' 'M' 'M' 'M' 'U' 'A' 'U'
 'M' 'M' 'M' 'U' 'M' 'M' 'U' 'M' 'M' 'M' 'M' 'M' 'M' 'M' 'M' 'U' 'M' 'M'
 'M' 'M' 'M' 'M' 'U' 'M' 'U' 'U' 'M' 'M' 'M' 'M' 'M' 'U' 'M' 'M' 'M' 'M'
 'M' 'M' 'M' 'M' 'M' 'M' 'M' 'M' 'U' 'U' 'M' 'U' 'M' 'M' 'M' 'M' 'M' 'M'
 'U' 'M' 'M' 'M' 'M' 'U' 'M' 'M' 'M' 'M' 'A' 'M' 'M' 'M' 'A' 'M' 'M' 'M'
 'M' 'M' 'U' 'M' 'M' 'M' 'M' 'U' 'M' 'M' 'M' 'M' 'M' 'M' 'M' 'M' 'U' 'M'
 'M' 'M' 'M' 'M' 'M' 'U' 'M' 'M' 'M' 'M' 'M' 'M' 'M' 'M' 'M' 'M' 'M' 'U'
 'M' 'M' 'M' 'M' 'M' 'M' 'M' 'M' 'M' 'U' 'M' 'M' 'M' 'M' 'U' 'M' 'M' 'M'
 'U' 'M' 'M' 'M' 'M' 'M' 'M' 'M' 'M' 'U' 'U' 'M' 'U' 'M' 'M' 'M' 'M' 'M']"
177901,0,165,3,162,33,0,0,"['A' 'U' 'M' 'M' 'M' 'M' 'M' 'M' 'U' 'M' 'M' 'M' 'M' 'M' 'M' 'M' 'M' 'M'
 'M' 'M' 'M' 'M' 'M' 'M' 'M' 'M' 'M' 'M' 'M' 'U' 'M' 'M' 'M' 'M' 'M' 'M'
 'M' 'M' 'M' 'U' 'M' 'U' 'M' 'M' 'M' 'U' 'M' 'M' 'M' 'M' 'M' 'M' 'A' 'U'
 'M' 'M' 'M' 'U' 'M' 'M' 'U' 'M' 'M' 'M' 'M' 'M' 'M' 'U' 'M' 'M' 'M' 'M'
 'M' 'M' 'M' 'M' 'M' 'M' 'M' 'M' 'M' 'U' 'M' 'M' 'M' 'M' 'M' 'U' 'M' 'M'
 'U' 'M' 'M' 'U' 'M' 'M' 'M' 'M' 'U' 'U' 'M' 'U' 'M' 'M' 'M' 'M' 'M' 'M'
 'U' 'M' 'M' 'M' 'M' 'U' 'M' 'M' 'M' 'M' 'A' 'M' 'M' 'M' 'U' 'M' 'M' 'M'
 'M' 'U' 'U' 'M' 'M' 'M' 'M' 'U' 'M' 'M' 'M' 'M' 'M' 'M' 'M' 'M' 'U' 'M'
 'M' 'M' 'M' 'M' 'M' 'U' 'M' 'M' 'M' 'M' 'M' 'M' 'U' 'M' 'M' 'M' 'M' 'M'
 'M' 'M' 'M' 'M' 'M' 'M' 'M' 'M' 'M' 'U' 'M' 'M' 'M' 'M' 'U' 'M' 'M' 'M'
 'U' 'M' 'M' 'M' 'M' 'M' 'M' 'M' 'M' 'U' 'U' 'U' 'U' 'M' 'M' 'M' 'M' 'M']"
178001,0,163,4,159,35,0,1,"['A' 'M' 'M' 'M' 'M' 'M' 'M' 'M' 'A' 'M' 'M' 'M' 'M' 'M' 'M' 'M' 'M' 'M'
 'M' 'M' 'M' 'U' 'M' 'M' 'M' 'M' 'M' 'M' 'M' 'U' 'M' 'M' 'M' 'M' 'M' 'M'
 'M' 'M' 'M' 'U' 'M' 'M' 'M' 'M' 'M' 'U' 'M' 'M' 'M' 'M' 'M' 'M' 'A' 'U'
 'U' 'M' 'M' 'U' 'M' 'M' 'U' 'M' 'M' 'M' 'M' 'M' 'M' 'M' 'M' 'M' 'M' 'U'
 'U' 'M' 'U' 'M' 'M' 'M' 'U' 'M' 'M' 'M' 'M' 'U' 'M' 'M' 'M' 'M' 'M' 'M'
 'M' 'M' 'M' 'M' 'M' 'M' 'M' 'M' 'U' 'M' 'M' 'U' 'M' 'M' 'M' 'M' 'M' 'M'
 'M' 'M' 'M' 'M' 'M' 'A' 'M' 'M' 'M' 'M' 'U' 'M' 'M' 'M' 'U' 'M' 'M' 'M'
 'M' 'U' 'M' 'M' 'M' 'M' 'U' 'U' 'U' 'U' 'U' 'U' 'U' 'U' 'U' 'M' 'U' 'M'
 'M' 'M' 'M' 'M' 'M' 'U' 'M' 'M' 'M' 'M' 'M' 'M' 'U' 'M' 'M' 'M' 'M' 'M'
 'M' 'M' 'M' 'M' 'M' 'M' 'M' 'M' 'M' 'M' 'M' 'M' 'M' 'M' 'U' 'M' 'M' 'M'
 'U' 'M' 'M' 'M' 'M' 'M' 'M' 'M' 'M' 'U' 'M' 'U' 'M' 'M' 'M' 'M' 'U' 'M']"
178101,0,158,2,156,40,0,0,"['A' 'M' 'U' 'M' 'U' 'M' 'M' 'M' 'U' 'M' 'M' 'M' 'M' 'M' 'M' 'M' 'M' 'M'
 'M' 'M' 'M' 'U' 'M' 'U' 'M' 'M' 'M' 'M' 'U' 'M' 'M' 'M' 'M' 'M' 'M' 'M'
 'M' 'M' 'M' 'M' 'M' 'M' 'M' 'M' 'M' 'U' 'M' 'M' 'M' 'M' 'M' 'U' 'U' 'M'
 'U' 'M' 'M' 'U' 'M' 'M' 'M' 'M' 'M' 'M' 'M' 'M' 'M' 'M' 'M' 'M' 'M' 'M'
 'M' 'U' 'M' 'M' 'M' 'U' 'M' 'M' 'M' 'M' 'M' 'M' 'M' 'M' 'M' 'M' 'M' 'M'
 'M' 'U' 'M' 'U' 'U' 'M' 'M' 'M' 'U' 'M' 'M' 'U' 'M' 'M' 'M' 'M' 'M' 'U'
 'M' 'M' 'M' 'M' 'M' 'A' 'M' 'M' 'U' 'M' 'M' 'M' 'M' 'M' 'M' 'M' 'M' 'M'
 'M' 'U' 'M' 'M' 'M' 'U' 'U' 'M' 'U' 'U' 'U' 'U' 'M' 'U' 'U' 'M' 'U' 'U'
 'M' 'M' 'U' 'M' 'M' 'U' 'M' 'M' 'M' 'U' 'M' 'M' 'M' 'M' 'M' 'M' 'M' 'M'
 'M' 'M' 'M' 'M' 'M' 'M' 'M' 'M' 'M' 'U' 'M' 'M' 'M' 'M' 'U' 'M' 'M' 'M'
 'U' 'M' 'U' 'M' 'M' 'M' 'M' 'M' 'M' 'U' 'U' 'M' 'M' 'M' 'M' 'M' 'M' 'M']"
178201,0,160,2,158,38,0,0,"['A' 'M' 'U' 'M' 'U' 'M' 'M' 'M' 'U' 'M' 'M' 'M' 'M' 'M' 'M' 'M' 'M' 'M'
 'M' 'M' 'M' 'M' 'M' 'U' 'M' 'M' 'U' 'M' 'U' 'M' 'M' 'M' 'M' 'M' 'M' 'M'
 'M' 'M' 'M' 'M' 'M' 'M' 'M' 'M' 'M' 'U' 'M' 'M' 'M' 'M' 'M' 'U' 'U' 'M'
 'U' 'M' 'M' 'U' 'M' 'M' 'M' 'M' 'M' 'M' 'M' 'M' 'M' 'M' 'M' 'U' 'M' 'U'
 'M' 'M' 'M' 'U' 'M' 'M' 'U' 'M' 'M' 'M' 'M' 'M' 'M' 'M' 'M' 'U' 'M' 'M'
 'M' 'M' 'M' 'M' 'M' 'M' 'M' 'M' 'U' 'M' 'M' 'U' 'M' 'M' 'M' 'M' 'M' 'U'
 'M' 'M' 'M' 'M' 'M' 'A' 'M' 'M' 'U' 'M' 'M' 'M' 'M' 'M' 'M' 'M' 'M' 'M'
 'M' 'U' 'M' 'M' 'M' 'U' 'M' 'M' 'U' 'U' 'U' 'U' 'M' 'U' 'U' 'M' 'M' 'U'
 'M' 'M' 'U' 'M' 'M' 'U' 'M' 'M' 'U' 'M' 'M' 'M' 'M' 'U' 'M' 'M' 'M' 'M'
 'M' 'M' 'M' 'M' 'M' 'M' 'M' 'M' 'M' 'M' 'M' 'M' 'M' 'M' 'M' 'M' 'M' 'M'
 'M' 'M' 'U' 'M' 'M' 'M' 'M' 'M' 'M' 'U' 'U' 'U' 'M' 'M' 'U' 'M' 'M' 'M']"
178301,0,160,5,155,38,0,1,"['A' 'M' 'M' 'M' 'U' 'M' 'M' 'M' 'A' 'M' 'M' 'M' 'M' 'M' 'M' 'M' 'M' 'M'
 'M' 'M' 'M' 'M' 'M' 'U' 'M' 'M' 'U' 'M' 'U' 'M' 'M' 'M' 'M' 'M' 'M' 'M'
 'U' 'M' 'M' 'M' 'M' 'M' 'M' 'M' 'M' 'U' 'M' 'M' 'M' 'M' 'M' 'U' 'U' 'M'
 'U' 'U' 'M' 'U' 'M' 'M' 'U' 'M' 'U' 'U' 'U' 'M' 'M' 'U' 'M' 'M' 'M' 'M'
 'U' 'M' 'U' 'M' 'M' 'M' 'U' 'M' 'M' 'M' 'M' 'M' 'M' 'M' 'M' 'M' 'M' 'M'
 'M' 'M' 'U' 'M' 'M' 'M' 'M' 'M' 'U' 'M' 'M' 'U' 'M' 'M' 'A' 'M' 'M' 'U'
 'M' 'M' 'M' 'M' 'M' 'A' 'M' 'M' 'A' 'M' 'M' 'M' 'M' 'M' 'M' 'M' 'M' 'M'
 'M' 'M' 'M' 'M' 'M' 'U' 'U' 'M' 'U' 'U' 'U' 'U' 'M' 'U' 'M' 'M' 'M' 'U'
 'M' 'M' 'U' 'M' 'M' 'M' 'M' 'M' 'U' 'M' 'M' 'M' 'M' 'U' 'M' 'M' 'M' 'M'
 'M' 'M' 'M' 'M' 'M' 'M' 'M' 'M' 'M' 'M' 'M' 'M' 'M' 'M' 'M' 'M' 'M' 'M'
 'M' 'M' 'M' 'M' 'M' 'M' 'M' 'M' 'M' 'U' 'M' 'U' 'M' 'M' 'U' 'M' 'M' 'U']"
178401,0,161,6,155,37,0,0,"['A' 'M' 'M' 'M' 'U' 'M' 'M' 'M' 'A' 'M' 'M' 'M' 'M' 'M' 'M' 'M' 'M' 'M'
 'M' 'M' 'M' 'M' 'M' 'U' 'M' 'M' 'M' 'M' 'U' 'M' 'M' 'M' 'M' 'M' 'M' 'M'
 'U' 'M' 'M' 'M' 'M' 'M' 'M' 'M' 'M' 'U' 'M' 'M' 'M' 'M' 'M' 'U' 'U' 'U'
 'U' 'U' 'M' 'U' 'M' 'M' 'U' 'M' 'U' 'U' 'M' 'M' 'M' 'U' 'M' 'M' 'M' 'M'
 'M' 'M' 'M' 'M' 'U' 'M' 'M' 'M' 'U' 'M' 'M' 'M' 'M' 'M' 'M' 'M' 'M' 'M'
 'M' 'U' 'M' 'U' 'M' 'M' 'M' 'M' 'U' 'M' 'M' 'U' 'M' 'M' 'A' 'M' 'M' 'U'
 'M' 'M' 'M' 'M' 'M' 'A' 'M' 'M' 'A' 'M' 'M' 'M' 'M' 'M' 'M' 'M' 'M' 'M'
 'M' 'M' 'M' 'M' 'M' 'M' 'U' 'M' 'U' 'U' 'A' 'U' 'M' 'U' 'M' 'U' 'M' 'U'
 'M' 'M' 'U' 'M' 'M' 'M' 'M' 'M' 'U' 'M' 'M' 'M' 'M' 'U' 'M' 'M' 'M' 'M'
 'M' 'M' 'M' 'M' 'M' 'M' 'M' 'M' 'M' 'M' 'M' 'M' 'M' 'U' 'M' 'M' 'M' 'M'
 'M' 'M' 'M' 'M' 'M' 'M' 'M' 'M' 'M' 'U' 'M' 'U' 'M' 'M' 'U' 'M' 'M' 'U']"
178501,0,156,3,153,42,0,0,"['A' 'M' 'M' 'M' 'U' 'M' 'U' 'M' 'A' 'M' 'M' 'M' 'M' 'M' 'M' 'M' 'M' 'U'
 'M' 'M' 'M' 'M' 'M' 'M' 'M' 'M' 'M' 'M' 'U' 'M' 'M' 'M' 'M' 'U' 'M' 'M'
 'U' 'M' 'M' 'M' 'M' 'M' 'M' 'M' 'M' 'M' 'M' 'U' 'M' 'M' 'M' 'U' 'M' 'M'
 'U' 'U' 'M' 'U' 'M' 'M' 'U' 'U' 'U' 'U' 'M' 'M' 'M' 'M' 'M' 'M' 'M' 'M'
 'U' 'U' 'M' 'M' 'U' 'M' 'U' 'M' 'M' 'M' 'M' 'M' 'M' 'M' 'M' 'M' 'M' 'U'
 'M' 'M' 'M' 'M' 'M' 'M' 'M' 'M' 'U' 'M' 'M' 'M' 'M' 'M' 'A' 'M' 'M' 'M'
 'M' 'M' 'M' 'M' 'M' 'U' 'M' 'M' 'M' 'M' 'M' 'M' 'M' 'M' 'M' 'M' 'M' 'M'
 'M' 'M' 'M' 'M' 'M' 'U' 'U' 'U' 'U' 'U' 'U' 'U' 'U' 'U' 'M' 'U' 'M' 'U'
 'M' 'M' 'M' 'M' 'M' 'M' 'M' 'M' 'U' 'M' 'M' 'M' 'U' 'M' 'M' 'M' 'M' 'M'
 'M' 'M' 'U' 'M' 'M' 'M' 'M' 'M' 'M' 'M' 'M' 'M' 'M' 'U' 'M' 'M' 'M' 'M'
 'M' 'M' 'M' 'U' 'M' 'M' 'M' 'M' 'M' 'U' 'M' 'U' 'M' 'M' 'U' 'M' 'M' 'U']"
178601,0,162,2,160,36,0,0,"['A' 'M' 'M' 'M' 'M' 'M' 'U' 'M' 'A' 'M' 'M' 'M' 'M' 'M' 'M' 'M' 'M' 'M'
 'M' 'M' 'M' 'M' 'M' 'M' 'M' 'M' 'M' 'M' 'U' 'M' 'M' 'M' 'M' 'U' 'M' 'M'
 'U' 'M' 'M' 'M' 'M' 'M' 'M' 'M' 'M' 'M' 'M' 'U' 'M' 'M' 'M' 'U' 'M' 'M'
 'U' 'U' 'M' 'U' 'M' 'M' 'U' 'M' 'U' 'M' 'M' 'M' 'M' 'M' 'M' 'M' 'M' 'M'
 'M' 'M' 'M' 'M' 'M' 'M' 'M' 'M' 'M' 'M' 'U' 'M' 'U' 'M' 'M' 'M' 'M' 'M'
 'M' 'U' 'M' 'U' 'U' 'M' 'M' 'M' 'M' 'M' 'M' 'M' 'M' 'M' 'U' 'M' 'M' 'M'
 'M' 'M' 'M' 'M' 'M' 'M' 'M' 'M' 'M' 'M' 'M' 'M' 'M' 'M' 'M' 'M' 'M' 'M'
 'M' 'M' 'M' 'M' 'M' 'U' 'U' 'U' 'U' 'U' 'U' 'U' 'U' 'U' 'M' 'U' 'M' 'U'
 'M' 'M' 'M' 'M' 'M' 'M' 'M' 'M' 'U' 'M' 'M' 'M' 'M' 'M' 'M' 'M' 'M' 'M'
 'U' 'M' 'U' 'M' 'M' 'M' 'M' 'M' 'M' 'M' 'U' 'U' 'M' 'U' 'M' 'M' 'M' 'M'
 'M' 'M' 'M' 'M' 'M' 'M' 'M' 'M' 'M' 'M' 'M' 'U' 'M' 'M' 'U' 'M' 'M' 'M']"
178701,0,161,3,158,37,0,0,"['A' 'M' 'U' 'M' 'M' 'M' 'U' 'M' 'A' 'M' 'M' 'M' 'M' 'M' 'M' 'M' 'M' 'M'
 'M' 'M' 'M' 'M' 'M' 'M' 'M' 'M' 'M' 'M' 'U' 'M' 'M' 'M' 'M' 'U' 'M' 'M'
 'M' 'U' 'M' 'M' 'M' 'U' 'M' 'M' 'M' 'M' 'M' 'U' 'M' 'M' 'M' 'U' 'M' 'M'
 'U' 'A' 'U' 'U' 'M' 'M' 'U' 'M' 'U' 'M' 'M' 'U' 'M' 'U' 'M' 'M' 'M' 'M'
 'M' 'M' 'M' 'M' 'M' 'M' 'M' 'M' 'M' 'M' 'M' 'M' 'M' 'U' 'U' 'M' 'U' 'M'
 'M' 'M' 'M' 'M' 'M' 'M' 'M' 'M' 'M' 'M' 'M' 'M' 'M' 'M' 'U' 'M' 'U' 'U'
 'M' 'U' 'M' 'M' 'M' 'M' 'M' 'M' 'M' 'M' 'M' 'M' 'M' 'M' 'M' 'M' 'M' 'M'
 'M' 'M' 'M' 'M' 'M' 'U' 'M' 'M' 'U' 'U' 'U' 'U' 'U' 'U' 'M' 'M' 'M' 'U'
 'M' 'M' 'M' 'M' 'M' 'M' 'M' 'M' 'U' 'M' 'M' 'M' 'M' 'M' 'M' 'M' 'M' 'M'
 'U' 'M' 'U' 'M' 'M' 'M' 'M' 'M' 'M' 'M' 'U' 'U' 'M' 'M' 'M' 'M' 'M' 'M'
 'M' 'M' 'M' 'M' 'M' 'M' 'M' 'M' 'M' 'M' 'M' 'U' 'M' 'M' 'U' 'M' 'M' 'M']"
178801,0,162,3,159,36,0,0,"['A' 'M' 'M' 'M' 'M' 'M' 'U' 'M' 'A' 'M' 'M' 'M' 'M' 'M' 'M' 'M' 'M' 'M'
 'M' 'M' 'M' 'U' 'M' 'M' 'M' 'M' 'M' 'M' 'U' 'M' 'U' 'M' 'M' 'U' 'U' 'M'
 'M' 'U' 'M' 'M' 'M' 'U' 'M' 'M' 'M' 'M' 'M' 'U' 'M' 'M' 'M' 'U' 'M' 'M'
 'U' 'A' 'U' 'U' 'M' 'M' 'M' 'M' 'U' 'M' 'M' 'U' 'U' 'M' 'U' 'M' 'M' 'M'
 'U' 'M' 'M' 'M' 'M' 'M' 'M' 'M' 'M' 'M' 'M' 'M' 'M' 'M' 'M' 'M' 'M' 'M'
 'M' 'M' 'M' 'U' 'M' 'M' 'M' 'M' 'U' 'M' 'M' 'M' 'M' 'M' 'U' 'M' 'U' 'U'
 'M' 'U' 'M' 'M' 'M' 'M' 'M' 'M' 'M' 'M' 'M' 'M' 'M' 'M' 'M' 'M' 'M' 'M'
 'M' 'M' 'M' 'M' 'M' 'U' 'M' 'M' 'M' 'U' 'U' 'U' 'U' 'U' 'M' 'M' 'M' 'U'
 'M' 'M' 'M' 'M' 'M' 'M' 'M' 'M' 'M' 'M' 'M' 'M' 'M' 'M' 'M' 'M' 'M' 'M'
 'U' 'M' 'U' 'M' 'M' 'M' 'M' 'M' 'M' 'M' 'U' 'M' 'M' 'M' 'M' 'M' 'M' 'M'
 'M' 'M' 'M' 'M' 'M' 'M' 'M' 'M' 'M' 'M' 'M' 'U' 'M' 'M' 'U' 'M' 'M' 'M']"
178901,0,165,3,162,33,0,0,"['A' 'M' 'M' 'M' 'M' 'M' 'M' 'M' 'A' 'M' 'M' 'M' 'M' 'M' 'M' 'M' 'M' 'M'
 'U' 'U' 'M' 'U' 'U' 'M' 'M' 'M' 'M' 'M' 'U' 'M' 'M' 'M' 'M' 'M' 'U' 'M'
 'M' 'U' 'M' 'M' 'M' 'U' 'M' 'M' 'M' 'M' 'M' 'U' 'M' 'M' 'M' 'U' 'M' 'M'
 'U' 'M' 'M' 'M' 'M' 'M' 'M' 'M' 'M' 'M' 'M' 'M' 'M' 'M' 'M' 'U' 'M' 'M'
 'M' 'M' 'M' 'U' 'M' 'M' 'U' 'M' 'M' 'M' 'M' 'M' 'M' 'U' 'M' 'M' 'M' 'M'
 'U' 'M' 'M' 'M' 'M' 'M' 'M' 'M' 'U' 'M' 'M' 'M' 'M' 'M' 'U' 'M' 'U' 'M'
 'M' 'U' 'M' 'M' 'M' 'M' 'M' 'M' 'M' 'M' 'M' 'M' 'M' 'M' 'M' 'M' 'M' 'M'
 'M' 'M' 'M' 'M' 'M' 'M' 'M' 'M' 'M' 'M' 'U' 'M' 'U' 'U' 'M' 'M' 'M' 'U'
 'M' 'M' 'M' 'M' 'M' 'M' 'M' 'M' 'M' 'M' 'M' 'M' 'M' 'M' 'M' 'M' 'U' 'M'
 'U' 'M' 'U' 'U' 'M' 'M' 'M' 'M' 'M' 'M' 'M' 'M' 'M' 'M' 'M' 'M' 'M' 'M'
 'M' 'M' 'M' 'M' 'M' 'U' 'M' 'U' 'M' 'M' 'U' 'U' 'M' 'M' 'A' 'U' 'M' 'M']"
179001,0,167,6,161,31,0,0,"['A' 'M' 'U' 'M' 'M' 'M' 'M' 'M' 'A' 'M' 'M' 'U' 'M' 'U' 'M' 'M' 'M' 'M'
 'A' 'M' 'M' 'U' 'U' 'M' 'M' 'M' 'M' 'M' 'U' 'M' 'M' 'M' 'M' 'M' 'M' 'M'
 'M' 'M' 'M' 'M' 'U' 'U' 'M' 'M' 'M' 'M' 'M' 'U' 'M' 'M' 'M' 'U' 'M' 'M'
 'M' 'M' 'M' 'M' 'U' 'M' 'M' 'M' 'M' 'M' 'M' 'U' 'M' 'M' 'M' 'M' 'M' 'M'
 'M' 'M' 'M' 'U' 'U' 'U' 'M' 'M' 'M' 'M' 'M' 'M' 'M' 'M' 'M' 'M' 'M' 'M'
 'M' 'M' 'M' 'M' 'U' 'M' 'M' 'M' 'U' 'M' 'M' 'M' 'M' 'M' 'U' 'M' 'M' 'M'
 'M' 'U' 'M' 'M' 'M' 'U' 'M' 'M' 'U' 'U' 'M' 'M' 'M' 'M' 'M' 'M' 'M' 'M'
 'M' 'M' 'M' 'M' 'M' 'M' 'M' 'M' 'M' 'M' 'M' 'M' 'M' 'U' 'M' 'M' 'M' 'A'
 'M' 'M' 'M' 'M' 'M' 'M' 'M' 'M' 'M' 'M' 'A' 'M' 'M' 'M' 'M' 'M' 'U' 'M'
 'U' 'M' 'U' 'U' 'M' 'M' 'M' 'M' 'M' 'M' 'M' 'M' 'M' 'M' 'M' 'M' 'M' 'M'
 'M' 'M' 'M' 'M' 'M' 'U' 'M' 'U' 'M' 'M' 'M' 'U' 'M' 'M' 'A' 'U' 'M' 'M']"
179101,0,161,5,156,37,0,1,"['A' 'M' 'U' 'M' 'M' 'M' 'M' 'M' 'U' 'M' 'M' 'U' 'M' 'M' 'M' 'M' 'M' 'M'
 'A' 'M' 'M' 'U' 'U' 'M' 'M' 'U' 'M' 'M' 'U' 'M' 'M' 'M' 'M' 'M' 'M' 'M'
 'M' 'M' 'M' 'M' 'U' 'M' 'M' 'M' 'M' 'M' 'M' 'M' 'M' 'M' 'M' 'U' 'M' 'M'
 'M' 'M' 'U' 'M' 'M' 'M' 'U' 'M' 'M' 'M' 'M' 'M' 'M' 'M' 'M' 'M' 'M' 'M'
 'M' 'M' 'M' 'M' 'M' 'M' 'U' 'M' 'M' 'M' 'U' 'M' 'U' 'U' 'M' 'U' 'M' 'M'
 'M' 'M' 'M' 'M' 'M' 'M' 'M' 'M' 'A' 'M' 'M' 'M' 'M' 'M' 'U' 'M' 'U' 'M'
 'M' 'U' 'U' 'M' 'M' 'U' 'M' 'M' 'U' 'M' 'M' 'M' 'M' 'M' 'M' 'M' 'M' 'M'
 'M' 'M' 'M' 'M' 'M' 'M' 'M' 'M' 'M' 'M' 'M' 'M' 'M' 'U' 'M' 'M' 'M' 'U'
 'U' 'M' 'M' 'U' 'M' 'U' 'M' 'M' 'M' 'M' 'A' 'U' 'M' 'M' 'M' 'M' 'U' 'M'
 'U' 'M' 'U' 'U' 'M' 'M' 'M' 'M' 'M' 'M' 'M' 'M' 'M' 'M' 'M' 'M' 'M' 'M'
 'M' 'M' 'M' 'M' 'M' 'U' 'U' 'U' 'M' 'M' 'M' 'U' 'M' 'M' 'A' 'U' 'M' 'M']"
179201,0,170,10,160,28,1,0,"['A' 'M' 'U' 'M' 'M' 'M' 'M' 'M' 'U' 'M' 'M' 'M' 'M' 'M' 'M' 'M' 'M' 'M'
 'A' 'M' 'M' 'A' 'U' 'M' 'M' 'U' 'M' 'M' 'U' 'M' 'M' 'M' 'M' 'M' 'M' 'M'
 'M' 'M' 'M' 'M' 'M' 'M' 'M' 'U' 'M' 'M' 'M' 'M' 'M' 'M' 'M' 'M' 'M' 'M'
 'M' 'M' 'A' 'M' 'M' 'M' 'U' 'M' 'M' 'M' 'M' 'M' 'M' 'M' 'M' 'M' 'M' 'U'
 'M' 'M' 'U' 'M' 'U' 'M' 'M' 'M' 'M' 'M' 'M' 'M' 'M' 'M' 'M' 'M' 'U' 'M'
 'M' 'M' 'M' 'M' 'U' 'M' 'M' 'U' 'A' 'M' 'M' 'M' 'M' 'M' 'U' 'M' 'M' 'M'
 'M' 'U' 'U' 'M' 'M' 'U' 'M' 'M' 'A' 'M' 'M' 'U' 'M' 'M' 'M' 'M' 'M' 'M'
 'A' 'M' 'M' 'M' 'M' 'M' 'M' 'M' 'M' 'M' 'M' 'M' 'M' 'M' 'M' 'M' 'M' 'U'
 'A' 'M' 'M' 'U' 'M' 'U' 'M' 'M' 'M' 'M' 'A' 'U' 'M' 'M' 'M' 'M' 'U' 'M'
 'U' 'M' 'M' 'U' 'M' 'M' 'M' 'M' 'M' 'M' 'M' 'M' 'M' 'M' 'M' 'M' 'M' 'M'
 'M' 'U' 'M' 'M' 'M' 'M' 'M' 'M' 'M' 'M' 'M' 'U' 'M' 'M' 'A' 'U' 'M' 'M']"
179301,0,165,9,156,33,0,0,"['A' 'M' 'U' 'M' 'M' 'M' 'M' 'M' 'U' 'M' 'M' 'M' 'M' 'M' 'M' 'U' 'M' 'M'
 'U' 'M' 'M' 'A' 'U' 'M' 'M' 'M' 'M' 'M' 'U' 'M' 'M' 'M' 'M' 'M' 'M' 'M'
 'M' 'M' 'M' 'U' 'M' 'U' 'M' 'U' 'M' 'M' 'M' 'M' 'M' 'M' 'M' 'M' 'M' 'M'
 'M' 'M' 'A' 'M' 'U' 'M' 'U' 'M' 'M' 'M' 'M' 'M' 'M' 'M' 'M' 'U' 'U' 'M'
 'M' 'U' 'M' 'M' 'U' 'M' 'U' 'M' 'M' 'M' 'M' 'M' 'M' 'M' 'M' 'M' 'M' 'M'
 'M' 'M' 'M' 'M' 'M' 'M' 'U' 'A' 'A' 'M' 'M' 'M' 'M' 'M' 'U' 'M' 'M' 'M'
 'M' 'U' 'U' 'M' 'M' 'M' 'M' 'M' 'A' 'M' 'M' 'M' 'M' 'M' 'M' 'M' 'M' 'M'
 'U' 'M' 'M' 'M' 'M' 'M' 'M' 'M' 'M' 'M' 'M' 'M' 'M' 'M' 'M' 'M' 'M' 'U'
 'A' 'M' 'M' 'U' 'M' 'U' 'M' 'M' 'M' 'M' 'A' 'U' 'U' 'M' 'M' 'M' 'U' 'M'
 'U' 'M' 'M' 'M' 'M' 'U' 'M' 'M' 'M' 'M' 'U' 'M' 'M' 'M' 'M' 'M' 'M' 'M'
 'M' 'U' 'M' 'M' 'M' 'M' 'M' 'M' 'M' 'M' 'M' 'U' 'M' 'M' 'A' 'U' 'M' 'M']"
179401,0,163,6,157,35,0,0,"['A' 'M' 'U' 'M' 'M' 'M' 'M' 'M' 'U' 'M' 'M' 'M' 'M' 'U' 'M' 'U' 'M' 'M'
 'M' 'M' 'M' 'A' 'M' 'M' 'M' 'M' 'M' 'M' 'U' 'M' 'M' 'M' 'M' 'M' 'M' 'M'
 'M' 'M' 'M' 'M' 'M' 'U' 'M' 'U' 'M' 'M' 'M' 'U' 'M' 'M' 'M' 'M' 'M' 'M'
 'M' 'M' 'A' 'M' 'U' 'M' 'U' 'M' 'M' 'M' 'M' 'M' 'M' 'U' 'M' 'M' 'M' 'U'
 'M' 'U' 'M' 'M' 'U' 'M' 'M' 'M' 'U' 'M' 'M' 'M' 'M' 'M' 'M' 'M' 'M' 'M'
 'M' 'M' 'M' 'M' 'M' 'M' 'U' 'A' 'U' 'M' 'M' 'U' 'M' 'M' 'M' 'M' 'M' 'M'
 'M' 'U' 'U' 'M' 'M' 'M' 'M' 'M' 'A' 'M' 'M' 'M' 'M' 'M' 'M' 'M' 'M' 'M'
 'U' 'M' 'M' 'M' 'M' 'M' 'M' 'M' 'M' 'M' 'M' 'M' 'M' 'M' 'M' 'M' 'M' 'U'
 'U' 'M' 'M' 'U' 'M' 'U' 'M' 'M' 'M' 'U' 'U' 'M' 'U' 'M' 'M' 'M' 'U' 'M'
 'U' 'M' 'M' 'M' 'M' 'U' 'M' 'M' 'M' 'M' 'U' 'M' 'M' 'M' 'M' 'M' 'M' 'M'
 'M' 'U' 'M' 'M' 'M' 'M' 'M' 'M' 'M' 'M' 'M' 'U' 'M' 'M' 'A' 'U' 'M' 'M']"
179501,0,161,5,156,37,0,1,"['A' 'M' 'U' 'M' 'M' 'M' 'M' 'M' 'U' 'M' 'M' 'M' 'M' 'U' 'M' 'U' 'M' 'M'
 'M' 'M' 'M' 'A' 'M' 'M' 'M' 'M' 'M' 'U' 'U' 'M' 'U' 'M' 'M' 'M' 'M' 'M'
 'M' 'M' 'M' 'U' 'M' 'U' 'M' 'U' 'M' 'M' 'M' 'U' 'M' 'M' 'M' 'M' 'M' 'M'
 'M' 'M' 'A' 'M' 'U' 'M' 'U' 'M' 'M' 'M' 'M' 'M' 'M' 'M' 'M' 'M' 'M' 'M'
 'U' 'M' 'M' 'M' 'M' 'U' 'M' 'M' 'M' 'M' 'M' 'U' 'M' 'M' 'U' 'M' 'M' 'U'
 'M' 'M' 'M' 'M' 'M' 'M' 'M' 'A' 'U' 'M' 'M' 'U' 'M' 'M' 'M' 'M' 'M' 'M'
 'M' 'M' 'U' 'M' 'M' 'M' 'M' 'M' 'A' 'M' 'M' 'M' 'M' 'M' 'M' 'M' 'M' 'M'
 'U' 'M' 'M' 'M' 'M' 'M' 'U' 'M' 'M' 'M' 'M' 'M' 'M' 'M' 'M' 'M' 'M' 'U'
 'U' 'M' 'M' 'U' 'M' 'U' 'M' 'M' 'M' 'U' 'U' 'M' 'U' 'M' 'M' 'M' 'U' 'M'
 'U' 'M' 'M' 'M' 'U' 'M' 'M' 'M' 'M' 'M' 'U' 'M' 'M' 'M' 'M' 'M' 'M' 'M'
 'M' 'M' 'M' 'M' 'M' 'M' 'M' 'M' 'M' 'M' 'M' 'U' 'M' 'M' 'U' 'U' 'M' 'M']"
179601,1,159,3,156,39,0,0,"['A' 'M' 'M' 'M' 'M' 'M' 'M' 'M' 'M' 'M' 'M' 'M' 'M' 'U' 'M' 'U' 'M' 'U'
 'M' 'M' 'M' 'U' 'M' 'M' 'M' 'M' 'M' 'U' 'M' 'M' 'U' 'M' 'M' 'M' 'M' 'M'
 'M' 'U' 'M' 'U' 'M' 'M' 'M' 'U' 'M' 'M' 'M' 'U' 'M' 'M' 'M' 'M' 'M' 'U'
 'M' 'M' 'A' 'M' 'U' 'M' 'U' 'M' 'M' 'M' 'M' 'M' 'M' 'M' 'M' 'U' 'M' 'M'
 'M' 'M' 'M' 'M' 'M' 'M' 'U' 'U' 'M' 'M' 'M' 'M' 'M' 'M' 'M' 'M' 'M' 'M'
 'U' 'M' 'U' 'M' 'M' 'M' 'M' 'A' 'M' 'M' 'M' 'U' 'M' 'M' 'M' 'M' 'M' 'M'
 'M' 'M' 'U' 'M' 'M' 'M' 'M' 'U' 'M' 'M' 'M' 'M' 'M' 'M' 'M' 'M' 'M' 'M'
 'M' 'M' 'M' 'M' 'U' 'M' 'U' 'M' 'M' 'U' 'M' 'M' 'M' 'M' 'M' 'M' 'M' 'U'
 'U' 'M' 'M' 'U' 'M' 'U' 'M' 'M' 'M' 'U' 'U' 'M' 'U' 'M' 'U' 'M' 'U' 'M'
 'U' 'M' 'M' 'M' 'U' 'M' 'M' 'M' 'M' 'M' 'U' 'M' 'M' 'M' 'M' 'M' 'M' 'U'
 'M' 'M' 'M' 'M' 'M' 'M' 'M' 'M' 'M' 'M' 'U' 'M' 'M' 'M' 'U' 'M' 'M' 'M']"
179701,0,157,3,154,41,0,0,"['A' 'M' 'M' 'M' 'M' 'M' 'M' 'M' 'M' 'M' 'M' 'M' 'M' 'U' 'M' 'U' 'M' 'U'
 'M' 'M' 'M' 'M' 'M' 'M' 'M' 'M' 'M' 'U' 'M' 'M' 'M' 'M' 'M' 'M' 'M' 'M'
 'M' 'M' 'M' 'U' 'M' 'M' 'M' 'M' 'M' 'U' 'M' 'M' 'M' 'M' 'M' 'M' 'M' 'U'
 'M' 'M' 'A' 'M' 'M' 'M' 'U' 'M' 'M' 'M' 'M' 'M' 'M' 'M' 'U' 'M' 'M' 'U'
 'M' 'M' 'M' 'U' 'M' 'M' 'M' 'M' 'U' 'M' 'M' 'M' 'M' 'M' 'M' 'M' 'M' 'M'
 'M' 'M' 'M' 'U' 'M' 'M' 'M' 'A' 'M' 'M' 'M' 'U' 'M' 'M' 'M' 'M' 'M' 'M'
 'M' 'M' 'U' 'M' 'M' 'M' 'M' 'U' 'M' 'M' 'U' 'M' 'M' 'M' 'M' 'M' 'M' 'M'
 'U' 'U' 'U' 'M' 'U' 'U' 'U' 'U' 'U' 'U' 'U' 'U' 'U' 'M' 'M' 'M' 'M' 'M'
 'U' 'M' 'M' 'U' 'M' 'U' 'M' 'M' 'M' 'M' 'U' 'M' 'M' 'M' 'U' 'M' 'M' 'M'
 'U' 'M' 'M' 'M' 'M' 'M' 'M' 'M' 'M' 'M' 'U' 'M' 'M' 'M' 'M' 'M' 'M' 'U'
 'M' 'M' 'M' 'U' 'M' 'M' 'M' 'M' 'M' 'M' 'U' 'M' 'U' 'M' 'U' 'M' 'M' 'M']"
179801,0,162,1,161,36,0,0,"['A' 'M' 'M' 'M' 'M' 'M' 'M' 'M' 'M' 'M' 'M' 'M' 'M' 'U' 'M' 'U' 'M' 'M'
 'M' 'M' 'M' 'M' 'M' 'M' 'M' 'M' 'M' 'U' 'M' 'M' 'M' 'M' 'M' 'M' 'M' 'M'
 'M' 'M' 'M' 'U' 'M' 'M' 'M' 'M' 'M' 'U' 'M' 'M' 'M' 'M' 'M' 'M' 'M' 'M'
 'M' 'M' 'U' 'M' 'M' 'M' 'U' 'M' 'M' 'M' 'M' 'M' 'M' 'M' 'M' 'U' 'U' 'M'
 'M' 'M' 'M' 'M' 'M' 'M' 'U' 'M' 'U' 'M' 'M' 'U' 'M' 'M' 'M' 'M' 'M' 'M'
 'M' 'M' 'M' 'M' 'M' 'M' 'M' 'U' 'M' 'M' 'M' 'U' 'M' 'U' 'M' 'M' 'M' 'M'
 'M' 'M' 'U' 'M' 'M' 'M' 'M' 'U' 'M' 'M' 'U' 'M' 'M' 'M' 'M' 'M' 'M' 'M'
 'U' 'U' 'M' 'M' 'U' 'U' 'U' 'U' 'M' 'M' 'M' 'U' 'U' 'M' 'M' 'U' 'M' 'M'
 'U' 'M' 'M' 'M' 'M' 'U' 'M' 'M' 'M' 'M' 'U' 'M' 'M' 'M' 'U' 'M' 'M' 'M'
 'U' 'M' 'M' 'M' 'M' 'M' 'M' 'M' 'M' 'M' 'U' 'M' 'M' 'M' 'M' 'M' 'M' 'M'
 'M' 'M' 'M' 'U' 'M' 'M' 'M' 'M' 'M' 'M' 'U' 'M' 'U' 'M' 'M' 'M' 'M' 'M']"
179901,0,165,1,164,33,1,0,"['A' 'M' 'M' 'M' 'M' 'M' 'M' 'M' 'M' 'M' 'M' 'M' 'M' 'U' 'M' 'U' 'M' 'M'
 'M' 'M' 'M' 'M' 'M' 'M' 'M' 'M' 'M' 'M' 'M' 'M' 'M' 'M' 'M' 'M' 'M' 'M'
 'M' 'M' 'M' 'U' 'M' 'M' 'M' 'M' 'M' 'U' 'U' 'U' 'M' 'M' 'M' 'U' 'M' 'M'
 'M' 'M' 'U' 'M' 'M' 'M' 'U' 'M' 'M' 'M' 'M' 'M' 'M' 'M' 'M' 'M' 'U' 'M'
 'M' 'M' 'M' 'M' 'M' 'M' 'M' 'U' 'M' 'M' 'U' 'M' 'U' 'M' 'M' 'M' 'M' 'M'
 'M' 'M' 'M' 'U' 'M' 'M' 'M' 'U' 'M' 'M' 'M' 'U' 'M' 'U' 'U' 'M' 'U' 'M'
 'M' 'M' 'M' 'M' 'M' 'M' 'M' 'U' 'M' 'M' 'U' 'M' 'M' 'M' 'M' 'M' 'M' 'M'
 'U' 'U' 'M' 'M' 'U' 'U' 'M' 'U' 'M' 'M' 'M' 'M' 'U' 'M' 'M' 'U' 'M' 'M'
 'U' 'M' 'M' 'M' 'M' 'U' 'M' 'M' 'M' 'M' 'M' 'M' 'M' 'M' 'U' 'M' 'M' 'M'
 'M' 'M' 'M' 'M' 'M' 'M' 'U' 'M' 'M' 'M' 'M' 'M' 'M' 'M' 'M' 'M' 'M' 'M'
 'M' 'M' 'M' 'U' 'M' 'M' 'M' 'M' 'M' 'M' 'M' 'M' 'M' 'M' 'M' 'M' 'M' 'M']"
180001,0,169,1,168,29,0,0,"['A' 'M' 'M' 'M' 'M' 'M' 'U' 'M' 'M' 'M' 'M' 'M' 'M' 'U' 'U' 'M' 'M' 'M'
 'M' 'M' 'M' 'M' 'M' 'M' 'M' 'M' 'M' 'M' 'M' 'M' 'M' 'M' 'M' 'M' 'M' 'M'
 'M' 'M' 'M' 'M' 'M' 'M' 'M' 'M' 'M' 'U' 'U' 'U' 'M' 'M' 'M' 'U' 'M' 'M'
 'M' 'M' 'U' 'U' 'M' 'M' 'U' 'M' 'M' 'M' 'M' 'M' 'M' 'M' 'M' 'M' 'M' 'M'
 'M' 'M' 'M' 'M' 'M' 'U' 'M' 'M' 'M' 'M' 'M' 'U' 'U' 'M' 'U' 'M' 'M' 'M'
 'M' 'U' 'M' 'M' 'M' 'M' 'M' 'U' 'M' 'M' 'M' 'U' 'M' 'U' 'U' 'M' 'M' 'M'
 'M' 'M' 'M' 'M' 'M' 'M' 'M' 'U' 'M' 'M' 'U' 'M' 'M' 'M' 'M' 'M' 'M' 'M'
 'M' 'M' 'M' 'M' 'M' 'U' 'M' 'U' 'M' 'M' 'M' 'M' 'M' 'M' 'M' 'U' 'M' 'M'
 'U' 'M' 'M' 'M' 'M' 'U' 'M' 'M' 'M' 'M' 'M' 'U' 'M' 'M' 'U' 'M' 'M' 'M'
 'M' 'M' 'M' 'M' 'M' 'M' 'M' 'M' 'M' 'M' 'M' 'M' 'M' 'M' 'M' 'M' 'M' 'M'
 'M' 'M' 'M' 'U' 'M' 'M' 'M' 'M' 'M' 'M' 'M' 'M' 'M' 'M' 'M' 'M' 'M' 'M']"
180101,0,167,1,166,31,0,0,"['A' 'M' 'M' 'M' 'M' 'M' 'M' 'M' 'M' 'M' 'M' 'M' 'U' 'U' 'M' 'M' 'M' 'M'
 'M' 'M' 'M' 'M' 'U' 'M' 'M' 'M' 'M' 'M' 'M' 'M' 'M' 'M' 'M' 'M' 'M' 'U'
 'M' 'M' 'M' 'M' 'M' 'M' 'M' 'M' 'M' 'U' 'M' 'U' 'M' 'U' 'M' 'U' 'M' 'M'
 'M' 'M' 'U' 'U' 'M' 'M' 'U' 'M' 'M' 'M' 'M' 'M' 'M' 'U' 'M' 'M' 'M' 'M'
 'M' 'M' 'U' 'M' 'U' 'M' 'M' 'M' 'M' 'M' 'U' 'M' 'M' 'M' 'M' 'M' 'M' 'M'
 'M' 'M' 'U' 'M' 'M' 'M' 'M' 'U' 'M' 'M' 'M' 'U' 'M' 'U' 'U' 'M' 'M' 'M'
 'M' 'M' 'M' 'M' 'M' 'M' 'M' 'U' 'M' 'M' 'U' 'M' 'M' 'M' 'M' 'M' 'M' 'M'
 'M' 'U' 'M' 'M' 'M' 'U' 'M' 'M' 'M' 'M' 'M' 'M' 'M' 'M' 'M' 'U' 'M' 'M'
 'U' 'M' 'M' 'M' 'M' 'U' 'M' 'M' 'M' 'M' 'M' 'U' 'M' 'M' 'U' 'M' 'M' 'M'
 'M' 'M' 'M' 'M' 'M' 'M' 'M' 'M' 'M' 'M' 'M' 'M' 'M' 'M' 'M' 'U' 'M' 'M'
 'M' 'M' 'M' 'U' 'M' 'M' 'M' 'M' 'M' 'M' 'M' 'M' 'M' 'M' 'M' 'M' 'M' 'M']"
180201,0,167,1,166,31,0,0,"['A' 'M' 'M' 'M' 'M' 'M' 'M' 'M' 'U' 'M' 'M' 'M' 'U' 'U' 'M' 'M' 'M' 'M'
 'M' 'M' 'M' 'M' 'U' 'M' 'M' 'M' 'M' 'M' 'M' 'M' 'M' 'M' 'M' 'M' 'M' 'U'
 'M' 'M' 'M' 'M' 'M' 'M' 'M' 'M' 'M' 'U' 'M' 'U' 'M' 'M' 'M' 'M' 'M' 'M'
 'M' 'M' 'M' 'U' 'M' 'M' 'U' 'M' 'M' 'U' 'M' 'M' 'M' 'M' 'M' 'M' 'M' 'M'
 'M' 'M' 'M' 'M' 'M' 'U' 'U' 'U' 'M' 'U' 'M' 'M' 'M' 'M' 'M' 'M' 'U' 'M'
 'M' 'M' 'M' 'M' 'M' 'M' 'M' 'U' 'M' 'M' 'M' 'U' 'M' 'U' 'U' 'M' 'M' 'M'
 'M' 'U' 'M' 'M' 'M' 'M' 'M' 'M' 'M' 'M' 'U' 'M' 'M' 'M' 'M' 'M' 'M' 'M'
 'M' 'U' 'M' 'U' 'M' 'U' 'M' 'M' 'M' 'M' 'M' 'M' 'M' 'M' 'M' 'U' 'M' 'M'
 'M' 'M' 'U' 'M' 'M' 'M' 'M' 'M' 'M' 'M' 'M' 'M' 'M' 'M' 'U' 'M' 'M' 'M'
 'M' 'M' 'M' 'M' 'M' 'M' 'M' 'M' 'M' 'U' 'M' 'M' 'M' 'M' 'M' 'U' 'M' 'M'
 'M' 'M' 'M' 'U' 'M' 'U' 'M' 'M' 'M' 'M' 'M' 'M' 'M' 'M' 'M' 'M' 'M' 'M']"
180301,0,175,3,172,23,0,0,"['A' 'M' 'M' 'M' 'M' 'M' 'M' 'M' 'U' 'M' 'M' 'M' 'M' 'U' 'M' 'M' 'M' 'M'
 'M' 'M' 'M' 'M' 'M' 'M' 'M' 'M' 'M' 'M' 'M' 'M' 'M' 'M' 'M' 'M' 'M' 'U'
 'M' 'M' 'M' 'M' 'M' 'M' 'M' 'M' 'M' 'U' 'M' 'M' 'M' 'M' 'M' 'M' 'U' 'M'
 'M' 'M' 'M' 'M' 'M' 'M' 'U' 'M' 'M' 'A' 'U' 'M' 'M' 'M' 'U' 'M' 'M' 'U'
 'M' 'M' 'M' 'M' 'M' 'M' 'M' 'M' 'M' 'M' 'M' 'M' 'M' 'M' 'M' 'M' 'U' 'M'
 'U' 'U' 'M' 'M' 'M' 'M' 'M' 'M' 'M' 'M' 'M' 'U' 'M' 'M' 'U' 'M' 'M' 'U'
 'M' 'U' 'M' 'M' 'M' 'M' 'M' 'M' 'M' 'M' 'U' 'M' 'M' 'M' 'M' 'M' 'M' 'M'
 'M' 'U' 'M' 'M' 'M' 'A' 'M' 'M' 'M' 'M' 'M' 'M' 'M' 'M' 'M' 'M' 'M' 'M'
 'M' 'M' 'M' 'M' 'M' 'M' 'M' 'M' 'M' 'M' 'M' 'M' 'M' 'M' 'U' 'M' 'M' 'M'
 'M' 'M' 'M' 'M' 'M' 'M' 'M' 'M' 'M' 'U' 'M' 'M' 'M' 'M' 'M' 'U' 'M' 'M'
 'M' 'M' 'M' 'U' 'M' 'U' 'M' 'M' 'M' 'M' 'M' 'M' 'M' 'M' 'M' 'M' 'M' 'M']"
180401,0,172,1,171,26,0,0,"['A' 'M' 'M' 'M' 'M' 'M' 'M' 'M' 'M' 'M' 'M' 'U' 'M' 'U' 'M' 'M' 'M' 'M'
 'M' 'M' 'M' 'M' 'M' 'M' 'M' 'M' 'M' 'M' 'M' 'M' 'M' 'M' 'M' 'M' 'M' 'U'
 'M' 'M' 'M' 'U' 'M' 'M' 'M' 'M' 'M' 'U' 'M' 'M' 'M' 'M' 'M' 'U' 'U' 'M'
 'M' 'M' 'M' 'M' 'M' 'M' 'U' 'M' 'M' 'U' 'U' 'M' 'M' 'M' 'M' 'M' 'M' 'U'
 'M' 'U' 'M' 'M' 'U' 'M' 'M' 'M' 'M' 'M' 'M' 'M' 'M' 'M' 'U' 'M' 'M' 'M'
 'M' 'U' 'M' 'M' 'M' 'M' 'M' 'M' 'M' 'M' 'M' 'M' 'M' 'M' 'U' 'M' 'M' 'U'
 'M' 'U' 'M' 'M' 'M' 'M' 'M' 'M' 'M' 'M' 'U' 'M' 'U' 'M' 'M' 'M' 'M' 'M'
 'M' 'M' 'M' 'M' 'M' 'U' 'M' 'M' 'M' 'M' 'M' 'M' 'M' 'M' 'M' 'M' 'M' 'M'
 'M' 'M' 'M' 'M' 'M' 'M' 'M' 'M' 'M' 'M' 'M' 'M' 'M' 'M' 'U' 'M' 'M' 'M'
 'M' 'U' 'M' 'M' 'M' 'M' 'M' 'M' 'M' 'U' 'M' 'M' 'M' 'M' 'M' 'U' 'M' 'M'
 'M' 'M' 'M' 'U' 'M' 'M' 'M' 'M' 'M' 'M' 'M' 'M' 'M' 'M' 'M' 'M' 'M' 'M']"
180501,0,163,1,162,35,0,0,"['A' 'M' 'M' 'M' 'M' 'M' 'M' 'M' 'U' 'M' 'M' 'U' 'M' 'M' 'M' 'M' 'M' 'M'
 'M' 'M' 'M' 'M' 'U' 'M' 'M' 'M' 'M' 'M' 'M' 'M' 'U' 'M' 'M' 'M' 'M' 'U'
 'M' 'M' 'M' 'M' 'M' 'M' 'M' 'M' 'M' 'U' 'M' 'M' 'M' 'M' 'U' 'U' 'U' 'M'
 'M' 'M' 'M' 'M' 'M' 'M' 'U' 'M' 'M' 'U' 'U' 'M' 'M' 'M' 'M' 'M' 'M' 'M'
 'U' 'M' 'M' 'M' 'M' 'M' 'M' 'M' 'M' 'U' 'U' 'M' 'M' 'U' 'M' 'M' 'M' 'M'
 'U' 'M' 'M' 'M' 'M' 'M' 'M' 'M' 'M' 'M' 'M' 'M' 'M' 'M' 'U' 'M' 'M' 'U'
 'M' 'M' 'M' 'M' 'M' 'M' 'M' 'M' 'M' 'M' 'U' 'M' 'U' 'M' 'M' 'M' 'M' 'M'
 'M' 'M' 'M' 'M' 'M' 'U' 'U' 'U' 'M' 'U' 'U' 'U' 'U' 'M' 'M' 'M' 'M' 'M'
 'M' 'M' 'M' 'M' 'M' 'M' 'M' 'M' 'M' 'M' 'M' 'M' 'U' 'M' 'M' 'M' 'M' 'M'
 'M' 'U' 'M' 'U' 'M' 'M' 'M' 'M' 'M' 'U' 'M' 'M' 'M' 'M' 'M' 'U' 'M' 'M'
 'M' 'M' 'U' 'M' 'M' 'M' 'U' 'M' 'M' 'M' 'M' 'M' 'M' 'M' 'M' 'M' 'M' 'M']"
180601,0,166,2,164,32,0,0,"['A' 'M' 'M' 'M' 'M' 'M' 'M' 'M' 'U' 'M' 'U' 'M' 'M' 'M' 'M' 'M' 'M' 'M'
 'M' 'M' 'M' 'M' 'U' 'M' 'M' 'M' 'M' 'M' 'M' 'M' 'M' 'M' 'U' 'M' 'M' 'U'
 'M' 'M' 'M' 'M' 'M' 'M' 'M' 'M' 'M' 'U' 'M' 'M' 'M' 'U' 'M' 'U' 'U' 'M'
 'M' 'M' 'M' 'M' 'U' 'M' 'U' 'M' 'M' 'U' 'U' 'M' 'M' 'M' 'M' 'U' 'M' 'U'
 'M' 'M' 'M' 'M' 'M' 'U' 'M' 'M' 'M' 'M' 'M' 'M' 'M' 'M' 'U' 'M' 'M' 'M'
 'M' 'M' 'M' 'U' 'M' 'M' 'M' 'M' 'M' 'U' 'M' 'M' 'M' 'M' 'U' 'M' 'M' 'M'
 'M' 'M' 'M' 'M' 'M' 'M' 'M' 'M' 'M' 'M' 'M' 'M' 'A' 'M' 'M' 'M' 'M' 'M'
 'M' 'M' 'M' 'M' 'M' 'U' 'M' 'U' 'U' 'U' 'U' 'U' 'M' 'M' 'M' 'M' 'M' 'M'
 'M' 'M' 'M' 'M' 'M' 'M' 'M' 'M' 'M' 'M' 'M' 'M' 'U' 'M' 'M' 'M' 'M' 'M'
 'M' 'U' 'M' 'U' 'M' 'M' 'M' 'M' 'M' 'U' 'M' 'M' 'M' 'M' 'M' 'M' 'M' 'M'
 'M' 'M' 'M' 'M' 'M' 'M' 'U' 'M' 'M' 'M' 'M' 'M' 'M' 'M' 'M' 'M' 'M' 'U']"
180701,1,163,2,161,35,0,0,"['A' 'M' 'M' 'M' 'M' 'M' 'M' 'M' 'M' 'M' 'M' 'M' 'M' 'M' 'M' 'U' 'M' 'M'
 'M' 'M' 'M' 'M' 'U' 'M' 'M' 'M' 'M' 'M' 'M' 'U' 'M' 'M' 'U' 'M' 'M' 'U'
 'M' 'M' 'U' 'M' 'M' 'M' 'M' 'M' 'M' 'M' 'U' 'M' 'M' 'U' 'M' 'U' 'M' 'M'
 'M' 'U' 'M' 'M' 'U' 'M' 'M' 'M' 'M' 'M' 'U' 'M' 'M' 'U' 'M' 'M' 'M' 'M'
 'M' 'M' 'M' 'M' 'M' 'M' 'M' 'M' 'M' 'M' 'U' 'U' 'M' 'M' 'M' 'U' 'M' 'M'
 'U' 'M' 'M' 'M' 'M' 'M' 'M' 'M' 'M' 'U' 'M' 'M' 'M' 'M' 'U' 'M' 'M' 'M'
 'M' 'M' 'M' 'U' 'M' 'M' 'M' 'M' 'M' 'M' 'M' 'U' 'A' 'M' 'M' 'M' 'M' 'M'
 'M' 'M' 'M' 'M' 'M' 'U' 'U' 'U' 'U' 'U' 'U' 'U' 'U' 'M' 'M' 'M' 'M' 'M'
 'M' 'M' 'U' 'M' 'M' 'M' 'M' 'M' 'M' 'M' 'M' 'M' 'M' 'M' 'M' 'M' 'M' 'M'
 'M' 'U' 'M' 'U' 'M' 'M' 'M' 'M' 'M' 'U' 'M' 'M' 'M' 'M' 'M' 'M' 'M' 'M'
 'M' 'M' 'M' 'M' 'M' 'M' 'U' 'M' 'M' 'M' 'M' 'M' 'M' 'M' 'M' 'M' 'M' 'U']"
180801,0,165,2,163,33,1,0,"['A' 'M' 'M' 'M' 'M' 'M' 'M' 'M' 'M' 'M' 'M' 'M' 'M' 'M' 'M' 'U' 'M' 'M'
 'M' 'M' 'M' 'M' 'U' 'M' 'M' 'M' 'M' 'M' 'U' 'U' 'M' 'M' 'U' 'M' 'M' 'U'
 'M' 'M' 'U' 'M' 'M' 'M' 'M' 'M' 'M' 'M' 'U' 'M' 'M' 'U' 'M' 'M' 'M' 'M'
 'M' 'U' 'M' 'M' 'M' 'M' 'M' 'M' 'M' 'M' 'U' 'M' 'U' 'M' 'U' 'M' 'M' 'M'
 'M' 'M' 'M' 'U' 'M' 'M' 'M' 'M' 'M' 'M' 'U' 'M' 'M' 'M' 'M' 'U' 'M' 'M'
 'M' 'M' 'M' 'M' 'M' 'U' 'M' 'M' 'M' 'U' 'M' 'M' 'M' 'M' 'M' 'M' 'M' 'M'
 'M' 'M' 'M' 'U' 'M' 'M' 'M' 'M' 'M' 'M' 'M' 'U' 'A' 'M' 'M' 'M' 'M' 'M'
 'M' 'M' 'M' 'M' 'M' 'M' 'U' 'U' 'U' 'U' 'U' 'U' 'U' 'M' 'M' 'M' 'M' 'M'
 'M' 'U' 'M' 'M' 'M' 'M' 'M' 'M' 'M' 'M' 'M' 'M' 'M' 'M' 'M' 'M' 'M' 'M'
 'M' 'U' 'M' 'U' 'M' 'M' 'M' 'M' 'M' 'U' 'M' 'M' 'M' 'M' 'M' 'M' 'M' 'M'
 'M' 'M' 'M' 'M' 'M' 'M' 'M' 'M' 'M' 'M' 'U' 'M' 'M' 'M' 'M' 'M' 'M' 'U']"
180901,0,157,2,155,41,0,0,"['A' 'M' 'M' 'M' 'M' 'M' 'M' 'U' 'M' 'U' 'M' 'M' 'M' 'M' 'M' 'U' 'M' 'M'
 'M' 'M' 'M' 'M' 'U' 'M' 'M' 'M' 'M' 'M' 'U' 'U' 'M' 'M' 'U' 'M' 'U' 'U'
 'M' 'M' 'U' 'U' 'M' 'M' 'M' 'M' 'M' 'M' 'U' 'M' 'M' 'M' 'M' 'M' 'M' 'M'
 'M' 'U' 'M' 'M' 'M' 'M' 'M' 'M' 'M' 'M' 'U' 'M' 'M' 'M' 'M' 'U' 'U' 'M'
 'M' 'M' 'M' 'M' 'M' 'M' 'U' 'M' 'M' 'U' 'M' 'M' 'U' 'M' 'M' 'M' 'M' 'M'
 'M' 'M' 'M' 'M' 'M' 'U' 'M' 'M' 'M' 'U' 'M' 'M' 'M' 'M' 'M' 'M' 'M' 'M'
 'M' 'M' 'U' 'U' 'M' 'M' 'U' 'M' 'M' 'U' 'M' 'U' 'A' 'U' 'M' 'U' 'M' 'M'
 'M' 'M' 'U' 'M' 'M' 'M' 'M' 'M' 'U' 'U' 'U' 'U' 'U' 'M' 'M' 'M' 'M' 'M'
 'M' 'U' 'M' 'M' 'M' 'M' 'M' 'M' 'M' 'M' 'M' 'M' 'M' 'M' 'M' 'M' 'M' 'M'
 'M' 'U' 'M' 'U' 'M' 'M' 'M' 'M' 'M' 'M' 'M' 'U' 'M' 'M' 'M' 'M' 'M' 'M'
 'M' 'M' 'M' 'M' 'M' 'M' 'M' 'U' 'M' 'M' 'M' 'M' 'M' 'M' 'M' 'U' 'M' 'U']"
181001,0,161,3,158,37,0,0,"['A' 'M' 'M' 'M' 'M' 'M' 'M' 'M' 'M' 'U' 'M' 'M' 'M' 'M' 'M' 'U' 'M' 'M'
 'M' 'M' 'M' 'M' 'U' 'M' 'U' 'M' 'M' 'M' 'U' 'U' 'M' 'M' 'M' 'M' 'U' 'U'
 'M' 'M' 'U' 'U' 'M' 'M' 'M' 'M' 'M' 'M' 'U' 'M' 'M' 'M' 'M' 'M' 'M' 'M'
 'M' 'M' 'M' 'M' 'M' 'M' 'M' 'M' 'M' 'M' 'U' 'M' 'M' 'M' 'M' 'M' 'M' 'M'
 'M' 'M' 'U' 'M' 'U' 'M' 'M' 'M' 'U' 'M' 'M' 'M' 'U' 'M' 'M' 'M' 'M' 'M'
 'M' 'M' 'M' 'M' 'U' 'U' 'M' 'M' 'M' 'U' 'M' 'M' 'M' 'M' 'M' 'M' 'M' 'M'
 'M' 'M' 'U' 'M' 'M' 'M' 'U' 'M' 'M' 'U' 'M' 'M' 'A' 'U' 'M' 'U' 'U' 'M'
 'M' 'M' 'U' 'M' 'U' 'M' 'M' 'U' 'U' 'M' 'U' 'M' 'U' 'M' 'M' 'M' 'M' 'M'
 'M' 'U' 'M' 'M' 'M' 'A' 'M' 'M' 'M' 'M' 'M' 'M' 'M' 'M' 'M' 'M' 'M' 'M'
 'M' 'U' 'M' 'U' 'M' 'M' 'M' 'M' 'M' 'M' 'M' 'M' 'M' 'M' 'M' 'M' 'M' 'M'
 'M' 'M' 'M' 'M' 'M' 'M' 'M' 'M' 'M' 'U' 'M' 'M' 'M' 'M' 'U' 'M' 'M' 'U']"
181101,0,160,3,157,38,1,0,"['A' 'M' 'M' 'M' 'M' 'M' 'M' 'M' 'M' 'U' 'M' 'M' 'M' 'M' 'M' 'U' 'M' 'M'
 'M' 'M' 'M' 'M' 'U' 'M' 'U' 'M' 'M' 'M' 'M' 'U' 'M' 'M' 'M' 'M' 'U' 'M'
 'M' 'M' 'U' 'U' 'M' 'M' 'M' 'M' 'M' 'M' 'U' 'M' 'M' 'M' 'U' 'M' 'M' 'M'
 'M' 'M' 'M' 'M' 'M' 'M' 'M' 'M' 'M' 'M' 'U' 'M' 'M' 'U' 'M' 'U' 'M' 'M'
 'M' 'M' 'M' 'M' 'M' 'M' 'M' 'M' 'M' 'M' 'U' 'M' 'M' 'M' 'U' 'M' 'M' 'M'
 'M' 'U' 'M' 'M' 'M' 'U' 'M' 'M' 'M' 'U' 'M' 'M' 'M' 'M' 'M' 'M' 'M' 'M'
 'U' 'M' 'M' 'M' 'M' 'M' 'M' 'M' 'M' 'U' 'M' 'M' 'A' 'U' 'M' 'U' 'U' 'M'
 'A' 'M' 'U' 'M' 'U' 'M' 'M' 'U' 'M' 'M' 'U' 'M' 'M' 'M' 'M' 'M' 'U' 'M'
 'M' 'M' 'M' 'M' 'M' 'U' 'M' 'M' 'M' 'M' 'M' 'U' 'M' 'M' 'M' 'M' 'M' 'M'
 'M' 'U' 'U' 'U' 'M' 'M' 'M' 'M' 'M' 'M' 'M' 'M' 'M' 'M' 'M' 'M' 'M' 'M'
 'M' 'M' 'M' 'M' 'M' 'U' 'M' 'M' 'M' 'U' 'M' 'U' 'M' 'M' 'U' 'M' 'M' 'U']"
181201,0,164,3,161,34,0,0,"['A' 'M' 'M' 'M' 'M' 'M' 'M' 'M' 'M' 'U' 'M' 'M' 'M' 'M' 'M' 'U' 'M' 'M'
 'M' 'M' 'M' 'M' 'U' 'M' 'M' 'U' 'M' 'M' 'M' 'U' 'M' 'M' 'M' 'M' 'U' 'M'
 'M' 'M' 'U' 'U' 'M' 'M' 'M' 'M' 'M' 'M' 'U' 'M' 'M' 'M' 'M' 'M' 'M' 'M'
 'M' 'U' 'M' 'M' 'M' 'M' 'M' 'M' 'M' 'M' 'U' 'U' 'M' 'U' 'M' 'M' 'M' 'M'
 'M' 'M' 'M' 'M' 'M' 'M' 'M' 'M' 'M' 'M' 'M' 'U' 'M' 'U' 'M' 'M' 'M' 'M'
 'M' 'U' 'M' 'M' 'M' 'U' 'M' 'M' 'M' 'U' 'M' 'M' 'M' 'M' 'M' 'M' 'M' 'M'
 'U' 'M' 'M' 'M' 'M' 'M' 'M' 'M' 'M' 'U' 'M' 'M' 'A' 'U' 'M' 'U' 'M' 'M'
 'A' 'M' 'U' 'M' 'M' 'M' 'M' 'U' 'M' 'M' 'M' 'M' 'M' 'M' 'M' 'M' 'U' 'M'
 'U' 'M' 'M' 'M' 'M' 'U' 'M' 'M' 'M' 'M' 'M' 'U' 'M' 'M' 'M' 'M' 'M' 'M'
 'M' 'M' 'U' 'U' 'M' 'M' 'M' 'M' 'M' 'M' 'M' 'M' 'M' 'M' 'M' 'M' 'M' 'M'
 'M' 'M' 'M' 'M' 'M' 'U' 'M' 'M' 'M' 'M' 'M' 'U' 'M' 'M' 'U' 'M' 'M' 'U']"
181301,0,150,1,149,48,0,0,"['A' 'M' 'M' 'M' 'M' 'M' 'M' 'M' 'M' 'M' 'M' 'M' 'M' 'M' 'M' 'U' 'M' 'M'
 'M' 'M' 'M' 'M' 'U' 'M' 'M' 'U' 'M' 'M' 'M' 'U' 'M' 'M' 'M' 'M' 'U' 'M'
 'M' 'U' 'U' 'U' 'M' 'U' 'M' 'U' 'M' 'U' 'U' 'M' 'M' 'M' 'M' 'M' 'M' 'U'
 'M' 'M' 'M' 'M' 'M' 'M' 'U' 'M' 'U' 'M' 'U' 'M' 'M' 'M' 'M' 'U' 'M' 'M'
 'U' 'M' 'M' 'M' 'M' 'M' 'M' 'M' 'M' 'U' 'M' 'M' 'M' 'M' 'M' 'U' 'M' 'M'
 'M' 'U' 'M' 'M' 'M' 'U' 'M' 'M' 'M' 'U' 'M' 'M' 'M' 'M' 'M' 'M' 'M' 'M'
 'U' 'M' 'M' 'M' 'M' 'M' 'M' 'M' 'M' 'U' 'M' 'M' 'U' 'U' 'M' 'U' 'M' 'M'
 'U' 'M' 'U' 'M' 'M' 'U' 'U' 'U' 'U' 'U' 'U' 'U' 'U' 'M' 'M' 'M' 'U' 'M'
 'U' 'M' 'M' 'M' 'M' 'U' 'M' 'M' 'M' 'M' 'M' 'U' 'M' 'M' 'M' 'M' 'M' 'M'
 'M' 'M' 'M' 'M' 'M' 'M' 'M' 'M' 'U' 'M' 'M' 'M' 'M' 'M' 'M' 'M' 'M' 'M'
 'M' 'M' 'M' 'M' 'M' 'U' 'U' 'M' 'M' 'M' 'M' 'U' 'M' 'M' 'U' 'M' 'M' 'U']"
181401,0,154,4,150,44,0,0,"['A' 'M' 'M' 'M' 'M' 'M' 'U' 'U' 'M' 'M' 'U' 'M' 'M' 'M' 'M' 'U' 'M' 'M'
 'M' 'M' 'M' 'M' 'U' 'M' 'M' 'U' 'M' 'M' 'M' 'U' 'M' 'M' 'M' 'M' 'U' 'M'
 'M' 'U' 'U' 'U' 'M' 'U' 'M' 'U' 'M' 'U' 'U' 'M' 'M' 'M' 'U' 'M' 'M' 'U'
 'M' 'U' 'M' 'M' 'M' 'M' 'M' 'M' 'U' 'U' 'A' 'M' 'M' 'M' 'M' 'M' 'M' 'M'
 'U' 'M' 'M' 'U' 'U' 'M' 'M' 'M' 'M' 'M' 'M' 'M' 'M' 'M' 'M' 'M' 'U' 'M'
 'U' 'M' 'M' 'M' 'M' 'U' 'M' 'M' 'M' 'U' 'M' 'M' 'M' 'M' 'M' 'M' 'M' 'M'
 'U' 'M' 'M' 'A' 'M' 'M' 'M' 'M' 'M' 'M' 'U' 'M' 'U' 'U' 'M' 'M' 'M' 'M'
 'U' 'M' 'U' 'M' 'M' 'M' 'U' 'U' 'M' 'M' 'U' 'U' 'U' 'M' 'M' 'M' 'U' 'M'
 'M' 'M' 'M' 'M' 'M' 'U' 'M' 'M' 'M' 'M' 'M' 'M' 'M' 'M' 'M' 'M' 'M' 'M'
 'M' 'U' 'M' 'M' 'M' 'M' 'M' 'M' 'U' 'M' 'M' 'M' 'M' 'M' 'M' 'M' 'M' 'M'
 'M' 'M' 'M' 'M' 'M' 'U' 'M' 'M' 'M' 'M' 'M' 'A' 'M' 'M' 'U' 'M' 'M' 'M']"
181501,0,153,4,149,45,0,0,"['A' 'M' 'M' 'M' 'M' 'M' 'U' 'U' 'M' 'M' 'U' 'M' 'M' 'U' 'M' 'U' 'M' 'M'
 'U' 'M' 'M' 'M' 'U' 'U' 'M' 'U' 'M' 'M' 'U' 'U' 'M' 'M' 'M' 'M' 'U' 'M'
 'M' 'U' 'M' 'U' 'M' 'U' 'M' 'U' 'M' 'M' 'U' 'M' 'M' 'M' 'M' 'M' 'M' 'U'
 'M' 'A' 'M' 'M' 'M' 'M' 'M' 'M' 'U' 'U' 'U' 'M' 'M' 'U' 'M' 'M' 'M' 'U'
 'M' 'M' 'M' 'M' 'M' 'M' 'U' 'U' 'M' 'M' 'M' 'M' 'M' 'M' 'M' 'M' 'M' 'M'
 'M' 'M' 'M' 'M' 'U' 'U' 'M' 'M' 'M' 'U' 'M' 'M' 'M' 'M' 'M' 'M' 'M' 'M'
 'U' 'M' 'M' 'A' 'M' 'U' 'M' 'M' 'M' 'M' 'U' 'M' 'M' 'M' 'M' 'M' 'M' 'M'
 'M' 'M' 'U' 'M' 'M' 'M' 'U' 'M' 'M' 'M' 'U' 'U' 'U' 'M' 'M' 'M' 'U' 'M'
 'M' 'U' 'M' 'M' 'M' 'U' 'U' 'M' 'M' 'M' 'M' 'M' 'M' 'M' 'M' 'U' 'M' 'M'
 'M' 'U' 'M' 'M' 'U' 'M' 'M' 'M' 'M' 'M' 'M' 'M' 'U' 'M' 'M' 'M' 'M' 'M'
 'M' 'M' 'M' 'M' 'M' 'M' 'M' 'M' 'M' 'M' 'M' 'A' 'M' 'M' 'U' 'M' 'M' 'M']"
181601,0,155,4,151,43,0,0,"['A' 'M' 'M' 'M' 'M' 'M' 'U' 'M' 'M' 'M' 'U' 'M' 'M' 'M' 'M' 'U' 'M' 'M'
 'U' 'M' 'M' 'M' 'U' 'U' 'M' 'M' 'M' 'M' 'U' 'U' 'M' 'M' 'M' 'M' 'M' 'M'
 'M' 'U' 'M' 'U' 'M' 'M' 'M' 'U' 'M' 'M' 'U' 'U' 'M' 'M' 'M' 'M' 'U' 'U'
 'M' 'A' 'M' 'M' 'M' 'M' 'U' 'M' 'U' 'M' 'U' 'M' 'M' 'M' 'M' 'M' 'M' 'U'
 'U' 'U' 'M' 'M' 'M' 'M' 'M' 'M' 'M' 'M' 'M' 'M' 'U' 'M' 'M' 'M' 'M' 'M'
 'M' 'M' 'U' 'M' 'M' 'U' 'M' 'M' 'M' 'U' 'M' 'M' 'M' 'M' 'M' 'M' 'M' 'M'
 'U' 'M' 'M' 'A' 'M' 'U' 'M' 'M' 'M' 'M' 'U' 'M' 'M' 'M' 'M' 'M' 'M' 'U'
 'M' 'M' 'U' 'M' 'M' 'M' 'U' 'U' 'M' 'U' 'U' 'U' 'U' 'M' 'M' 'M' 'U' 'M'
 'M' 'U' 'M' 'M' 'M' 'U' 'U' 'M' 'M' 'M' 'M' 'M' 'M' 'M' 'M' 'U' 'M' 'M'
 'M' 'M' 'M' 'M' 'U' 'M' 'M' 'M' 'M' 'M' 'M' 'M' 'U' 'M' 'M' 'M' 'M' 'M'
 'M' 'M' 'M' 'M' 'M' 'M' 'M' 'M' 'M' 'M' 'M' 'A' 'M' 'M' 'M' 'M' 'M' 'M']"
181701,0,154,4,150,44,0,0,"['A' 'M' 'M' 'M' 'M' 'M' 'U' 'M' 'M' 'M' 'U' 'M' 'M' 'A' 'M' 'U' 'M' 'M'
 'M' 'M' 'M' 'M' 'U' 'U' 'M' 'M' 'M' 'M' 'M' 'U' 'M' 'M' 'M' 'M' 'M' 'M'
 'M' 'U' 'M' 'U' 'M' 'M' 'M' 'U' 'M' 'M' 'U' 'U' 'M' 'M' 'M' 'M' 'U' 'M'
 'M' 'A' 'M' 'M' 'M' 'M' 'U' 'M' 'U' 'M' 'U' 'M' 'U' 'M' 'M' 'M' 'M' 'M'
 'M' 'M' 'M' 'M' 'M' 'U' 'U' 'M' 'M' 'U' 'M' 'M' 'M' 'M' 'M' 'M' 'M' 'M'
 'M' 'M' 'U' 'M' 'M' 'M' 'M' 'M' 'M' 'U' 'M' 'M' 'M' 'M' 'M' 'M' 'M' 'M'
 'U' 'M' 'U' 'U' 'M' 'M' 'M' 'M' 'M' 'M' 'A' 'M' 'M' 'M' 'M' 'M' 'M' 'U'
 'M' 'M' 'U' 'M' 'M' 'M' 'U' 'U' 'U' 'U' 'U' 'U' 'U' 'M' 'M' 'M' 'U' 'M'
 'M' 'U' 'M' 'M' 'M' 'U' 'U' 'M' 'M' 'M' 'M' 'M' 'M' 'U' 'M' 'U' 'M' 'M'
 'M' 'M' 'M' 'M' 'U' 'M' 'M' 'M' 'M' 'M' 'M' 'M' 'U' 'M' 'U' 'M' 'M' 'M'
 'M' 'U' 'M' 'M' 'M' 'M' 'M' 'M' 'M' 'M' 'M' 'U' 'M' 'M' 'M' 'M' 'M' 'M']"
181801,0,159,2,157,39,0,0,"['A' 'M' 'M' 'M' 'M' 'M' 'U' 'M' 'M' 'M' 'U' 'M' 'M' 'U' 'M' 'M' 'M' 'M'
 'M' 'M' 'M' 'M' 'U' 'M' 'M' 'M' 'M' 'M' 'M' 'U' 'M' 'M' 'M' 'M' 'M' 'M'
 'M' 'M' 'M' 'U' 'U' 'M' 'M' 'U' 'M' 'M' 'U' 'U' 'M' 'M' 'M' 'M' 'M' 'M'
 'M' 'A' 'M' 'M' 'M' 'M' 'U' 'M' 'M' 'M' 'U' 'U' 'U' 'M' 'M' 'M' 'M' 'M'
 'M' 'M' 'M' 'M' 'M' 'M' 'M' 'M' 'U' 'M' 'M' 'M' 'U' 'M' 'M' 'M' 'M' 'M'
 'M' 'M' 'U' 'M' 'M' 'M' 'U' 'M' 'M' 'U' 'M' 'M' 'M' 'M' 'M' 'M' 'M' 'U'
 'U' 'M' 'U' 'U' 'M' 'M' 'M' 'M' 'M' 'M' 'U' 'M' 'M' 'M' 'M' 'M' 'M' 'U'
 'M' 'M' 'M' 'M' 'M' 'M' 'U' 'M' 'U' 'U' 'U' 'U' 'M' 'M' 'M' 'M' 'U' 'U'
 'M' 'U' 'M' 'M' 'M' 'U' 'M' 'M' 'M' 'M' 'M' 'M' 'M' 'M' 'M' 'M' 'M' 'M'
 'M' 'M' 'M' 'M' 'U' 'M' 'M' 'M' 'U' 'M' 'M' 'M' 'M' 'M' 'U' 'M' 'M' 'M'
 'M' 'U' 'M' 'M' 'M' 'M' 'M' 'M' 'U' 'M' 'M' 'M' 'M' 'M' 'M' 'M' 'M' 'M']"
181901,0,159,3,156,39,0,0,"['A' 'M' 'M' 'M' 'M' 'M' 'U' 'M' 'M' 'M' 'M' 'M' 'M' 'U' 'M' 'M' 'M' 'M'
 'M' 'M' 'M' 'M' 'U' 'M' 'M' 'M' 'M' 'M' 'M' 'U' 'M' 'M' 'M' 'M' 'M' 'M'
 'M' 'M' 'M' 'M' 'M' 'M' 'U' 'U' 'M' 'M' 'U' 'U' 'M' 'M' 'M' 'M' 'M' 'M'
 'M' 'A' 'M' 'M' 'M' 'M' 'U' 'M' 'A' 'M' 'U' 'M' 'M' 'M' 'M' 'M' 'M' 'U'
 'M' 'M' 'M' 'M' 'M' 'M' 'M' 'M' 'M' 'M' 'M' 'M' 'M' 'U' 'M' 'U' 'M' 'M'
 'M' 'U' 'M' 'U' 'M' 'U' 'U' 'M' 'M' 'U' 'M' 'M' 'M' 'M' 'M' 'M' 'M' 'U'
 'U' 'M' 'U' 'U' 'M' 'M' 'M' 'M' 'M' 'M' 'M' 'M' 'M' 'M' 'M' 'M' 'M' 'U'
 'M' 'M' 'M' 'M' 'M' 'M' 'U' 'M' 'U' 'U' 'U' 'U' 'M' 'M' 'M' 'M' 'U' 'U'
 'M' 'U' 'M' 'M' 'M' 'M' 'M' 'M' 'M' 'M' 'M' 'M' 'M' 'M' 'M' 'M' 'U' 'M'
 'M' 'M' 'M' 'M' 'U' 'M' 'M' 'M' 'U' 'M' 'M' 'M' 'M' 'M' 'U' 'M' 'M' 'M'
 'M' 'U' 'M' 'M' 'M' 'M' 'M' 'M' 'U' 'M' 'M' 'U' 'M' 'M' 'M' 'M' 'U' 'M']"
182001,0,161,3,158,37,0,1,"['A' 'M' 'M' 'M' 'M' 'M' 'U' 'M' 'M' 'M' 'M' 'U' 'M' 'U' 'M' 'M' 'M' 'M'
 'M' 'M' 'M' 'M' 'U' 'M' 'M' 'M' 'M' 'M' 'M' 'U' 'M' 'M' 'M' 'M' 'M' 'M'
 'M' 'U' 'M' 'M' 'M' 'M' 'U' 'M' 'M' 'M' 'U' 'U' 'M' 'M' 'M' 'M' 'U' 'M'
 'M' 'A' 'M' 'M' 'U' 'M' 'M' 'U' 'A' 'M' 'M' 'M' 'M' 'M' 'M' 'U' 'M' 'M'
 'U' 'M' 'M' 'M' 'U' 'M' 'M' 'U' 'M' 'M' 'M' 'M' 'M' 'M' 'M' 'M' 'M' 'M'
 'U' 'M' 'M' 'M' 'M' 'U' 'U' 'M' 'M' 'U' 'M' 'M' 'M' 'M' 'M' 'M' 'M' 'U'
 'U' 'M' 'U' 'U' 'M' 'M' 'M' 'M' 'M' 'M' 'M' 'U' 'M' 'M' 'M' 'M' 'M' 'M'
 'M' 'M' 'M' 'M' 'M' 'U' 'M' 'M' 'U' 'U' 'U' 'U' 'M' 'M' 'M' 'M' 'M' 'M'
 'M' 'M' 'M' 'M' 'M' 'M' 'M' 'M' 'M' 'M' 'M' 'M' 'M' 'M' 'M' 'M' 'U' 'M'
 'M' 'U' 'M' 'M' 'M' 'M' 'M' 'M' 'U' 'M' 'M' 'M' 'M' 'M' 'U' 'M' 'M' 'M'
 'M' 'U' 'M' 'M' 'M' 'M' 'M' 'M' 'M' 'M' 'M' 'U' 'M' 'M' 'M' 'M' 'U' 'M']"
182101,0,158,3,155,40,0,0,"['A' 'M' 'M' 'M' 'M' 'U' 'U' 'M' 'M' 'M' 'M' 'U' 'M' 'U' 'M' 'M' 'M' 'M'
 'M' 'M' 'M' 'M' 'U' 'M' 'M' 'M' 'M' 'M' 'M' 'U' 'M' 'M' 'M' 'M' 'M' 'M'
 'M' 'M' 'M' 'M' 'M' 'M' 'U' 'M' 'U' 'M' 'M' 'M' 'M' 'M' 'M' 'M' 'U' 'M'
 'M' 'A' 'U' 'M' 'U' 'M' 'M' 'U' 'A' 'M' 'M' 'M' 'M' 'M' 'M' 'M' 'M' 'M'
 'M' 'M' 'U' 'M' 'M' 'U' 'M' 'M' 'U' 'M' 'M' 'M' 'M' 'M' 'M' 'U' 'U' 'M'
 'M' 'M' 'M' 'M' 'M' 'U' 'U' 'U' 'M' 'U' 'M' 'M' 'M' 'M' 'M' 'M' 'M' 'M'
 'U' 'M' 'U' 'U' 'M' 'M' 'M' 'M' 'M' 'M' 'M' 'U' 'M' 'M' 'M' 'M' 'M' 'M'
 'M' 'M' 'M' 'U' 'M' 'U' 'U' 'U' 'U' 'U' 'U' 'U' 'U' 'M' 'M' 'M' 'M' 'M'
 'M' 'M' 'M' 'M' 'M' 'M' 'M' 'M' 'M' 'M' 'M' 'M' 'M' 'M' 'M' 'M' 'U' 'M'
 'M' 'U' 'M' 'M' 'M' 'M' 'M' 'M' 'U' 'M' 'M' 'M' 'M' 'M' 'M' 'M' 'M' 'M'
 'M' 'U' 'M' 'M' 'M' 'M' 'M' 'M' 'M' 'M' 'M' 'U' 'M' 'M' 'M' 'M' 'U' 'M']"
182201,0,162,6,156,36,0,0,"['A' 'M' 'M' 'M' 'M' 'U' 'M' 'M' 'M' 'M' 'M' 'U' 'M' 'M' 'M' 'M' 'M' 'M'
 'M' 'M' 'M' 'M' 'A' 'M' 'M' 'M' 'M' 'M' 'M' 'A' 'M' 'M' 'M' 'M' 'M' 'M'
 'M' 'M' 'M' 'M' 'M' 'M' 'U' 'M' 'U' 'M' 'M' 'M' 'M' 'M' 'M' 'M' 'M' 'M'
 'M' 'U' 'U' 'M' 'U' 'M' 'M' 'U' 'A' 'M' 'M' 'U' 'M' 'M' 'M' 'M' 'M' 'U'
 'M' 'U' 'M' 'M' 'M' 'M' 'M' 'M' 'M' 'M' 'M' 'M' 'M' 'U' 'M' 'M' 'M' 'M'
 'M' 'M' 'M' 'U' 'M' 'U' 'U' 'M' 'M' 'U' 'M' 'M' 'M' 'M' 'M' 'M' 'M' 'M'
 'U' 'M' 'U' 'U' 'M' 'M' 'M' 'M' 'M' 'M' 'M' 'U' 'M' 'M' 'M' 'M' 'M' 'M'
 'U' 'M' 'M' 'M' 'M' 'A' 'U' 'U' 'U' 'U' 'U' 'U' 'U' 'M' 'M' 'M' 'U' 'M'
 'M' 'M' 'M' 'M' 'M' 'M' 'M' 'M' 'M' 'M' 'M' 'U' 'M' 'M' 'M' 'M' 'U' 'M'
 'M' 'A' 'M' 'M' 'U' 'M' 'M' 'M' 'U' 'M' 'M' 'M' 'U' 'M' 'M' 'M' 'M' 'M'
 'M' 'M' 'M' 'M' 'M' 'M' 'M' 'M' 'M' 'M' 'M' 'U' 'M' 'M' 'M' 'M' 'U' 'M']"
182301,0,159,2,157,39,0,0,"['A' 'M' 'M' 'M' 'U' 'U' 'M' 'M' 'M' 'M' 'M' 'M' 'M' 'M' 'M' 'M' 'U' 'M'
 'M' 'M' 'M' 'M' 'M' 'M' 'M' 'M' 'M' 'M' 'M' 'A' 'M' 'M' 'M' 'M' 'M' 'M'
 'M' 'U' 'M' 'M' 'M' 'U' 'U' 'M' 'M' 'M' 'M' 'M' 'M' 'M' 'M' 'M' 'M' 'M'
 'M' 'U' 'U' 'M' 'M' 'M' 'M' 'U' 'U' 'M' 'M' 'M' 'M' 'M' 'M' 'M' 'M' 'M'
 'U' 'M' 'M' 'M' 'M' 'M' 'M' 'M' 'M' 'M' 'M' 'M' 'U' 'U' 'M' 'M' 'U' 'U'
 'M' 'M' 'M' 'M' 'M' 'U' 'U' 'M' 'M' 'U' 'M' 'M' 'M' 'M' 'M' 'M' 'M' 'M'
 'U' 'M' 'U' 'U' 'M' 'M' 'U' 'M' 'M' 'M' 'M' 'U' 'U' 'M' 'M' 'M' 'M' 'U'
 'U' 'M' 'M' 'M' 'M' 'U' 'M' 'U' 'U' 'U' 'U' 'U' 'U' 'M' 'M' 'M' 'U' 'M'
 'M' 'M' 'M' 'M' 'M' 'M' 'M' 'M' 'M' 'M' 'M' 'U' 'M' 'M' 'M' 'M' 'M' 'M'
 'M' 'U' 'M' 'M' 'M' 'M' 'M' 'M' 'M' 'M' 'M' 'M' 'U' 'M' 'M' 'M' 'M' 'M'
 'M' 'M' 'M' 'M' 'M' 'M' 'M' 'M' 'M' 'M' 'M' 'U' 'M' 'M' 'M' 'M' 'U' 'M']"
182401,0,161,4,157,37,0,0,"['A' 'M' 'M' 'M' 'U' 'M' 'M' 'M' 'M' 'M' 'M' 'M' 'M' 'M' 'M' 'M' 'U' 'M'
 'M' 'M' 'M' 'M' 'M' 'M' 'M' 'M' 'M' 'M' 'M' 'A' 'M' 'M' 'M' 'M' 'M' 'U'
 'M' 'U' 'M' 'U' 'M' 'A' 'U' 'M' 'M' 'M' 'M' 'M' 'M' 'M' 'M' 'M' 'M' 'M'
 'M' 'M' 'U' 'M' 'M' 'M' 'M' 'U' 'U' 'M' 'M' 'M' 'M' 'U' 'M' 'M' 'M' 'M'
 'M' 'M' 'U' 'M' 'M' 'U' 'M' 'M' 'M' 'U' 'M' 'M' 'M' 'M' 'M' 'M' 'M' 'M'
 'M' 'M' 'U' 'M' 'M' 'U' 'U' 'M' 'M' 'U' 'M' 'M' 'M' 'M' 'U' 'M' 'M' 'M'
 'U' 'M' 'U' 'U' 'M' 'M' 'U' 'U' 'M' 'M' 'M' 'U' 'U' 'M' 'M' 'M' 'M' 'U'
 'M' 'M' 'M' 'M' 'M' 'U' 'M' 'U' 'M' 'U' 'U' 'U' 'U' 'M' 'M' 'M' 'M' 'M'
 'M' 'M' 'M' 'M' 'M' 'M' 'M' 'M' 'M' 'M' 'M' 'A' 'M' 'M' 'M' 'M' 'M' 'M'
 'M' 'U' 'M' 'M' 'M' 'M' 'M' 'M' 'M' 'M' 'M' 'M' 'U' 'M' 'M' 'M' 'M' 'M'
 'M' 'M' 'M' 'M' 'M' 'M' 'U' 'M' 'M' 'M' 'M' 'U' 'M' 'M' 'M' 'M' 'U' 'M']"
182501,0,162,5,157,36,0,0,"['A' 'M' 'M' 'M' 'M' 'M' 'M' 'M' 'M' 'M' 'M' 'M' 'M' 'M' 'M' 'U' 'U' 'M'
 'U' 'U' 'M' 'M' 'M' 'M' 'M' 'M' 'M' 'M' 'M' 'A' 'M' 'M' 'M' 'M' 'M' 'U'
 'M' 'U' 'M' 'M' 'M' 'A' 'M' 'M' 'M' 'M' 'M' 'M' 'M' 'M' 'M' 'M' 'M' 'M'
 'M' 'M' 'U' 'M' 'M' 'M' 'M' 'M' 'U' 'M' 'M' 'M' 'M' 'M' 'U' 'U' 'M' 'M'
 'U' 'M' 'M' 'M' 'U' 'M' 'M' 'M' 'M' 'M' 'M' 'M' 'M' 'M' 'M' 'M' 'M' 'M'
 'M' 'U' 'M' 'M' 'M' 'M' 'M' 'M' 'M' 'A' 'M' 'M' 'M' 'M' 'U' 'U' 'M' 'M'
 'U' 'M' 'U' 'M' 'M' 'M' 'U' 'U' 'U' 'M' 'M' 'U' 'U' 'M' 'M' 'M' 'M' 'U'
 'M' 'M' 'M' 'M' 'M' 'U' 'U' 'U' 'U' 'U' 'U' 'U' 'U' 'M' 'M' 'M' 'M' 'M'
 'M' 'M' 'M' 'M' 'M' 'M' 'M' 'M' 'M' 'M' 'M' 'U' 'M' 'M' 'M' 'M' 'M' 'M'
 'M' 'U' 'M' 'M' 'U' 'M' 'M' 'M' 'M' 'M' 'M' 'M' 'M' 'M' 'M' 'M' 'M' 'M'
 'M' 'M' 'M' 'M' 'M' 'M' 'U' 'M' 'M' 'M' 'M' 'U' 'M' 'M' 'M' 'M' 'A' 'M']"
182601,0,158,4,154,40,1,0,"['A' 'M' 'M' 'M' 'M' 'M' 'M' 'M' 'M' 'M' 'M' 'M' 'M' 'M' 'M' 'U' 'U' 'M'
 'U' 'M' 'M' 'M' 'M' 'M' 'M' 'M' 'M' 'M' 'M' 'A' 'M' 'M' 'M' 'M' 'M' 'M'
 'M' 'M' 'M' 'M' 'M' 'A' 'M' 'U' 'M' 'M' 'M' 'M' 'M' 'M' 'M' 'M' 'M' 'M'
 'M' 'M' 'U' 'M' 'M' 'U' 'U' 'M' 'U' 'M' 'M' 'M' 'M' 'M' 'M' 'M' 'M' 'M'
 'U' 'U' 'M' 'M' 'U' 'M' 'M' 'M' 'M' 'M' 'U' 'M' 'M' 'M' 'M' 'M' 'M' 'U'
 'M' 'M' 'M' 'M' 'M' 'M' 'M' 'M' 'M' 'U' 'M' 'M' 'M' 'M' 'M' 'U' 'M' 'M'
 'U' 'M' 'U' 'M' 'M' 'M' 'U' 'M' 'U' 'U' 'U' 'U' 'U' 'M' 'M' 'M' 'U' 'U'
 'M' 'M' 'M' 'M' 'M' 'U' 'M' 'U' 'U' 'U' 'U' 'U' 'M' 'M' 'M' 'M' 'M' 'M'
 'M' 'M' 'M' 'M' 'M' 'M' 'M' 'M' 'M' 'M' 'M' 'U' 'M' 'M' 'M' 'M' 'U' 'U'
 'M' 'M' 'M' 'M' 'U' 'M' 'M' 'M' 'M' 'M' 'M' 'M' 'M' 'U' 'U' 'M' 'M' 'M'
 'M' 'M' 'M' 'M' 'M' 'M' 'U' 'M' 'M' 'M' 'M' 'U' 'U' 'M' 'M' 'M' 'A' 'M']"
182701,0,161,5,156,37,0,0,"['A' 'M' 'M' 'M' 'M' 'M' 'M' 'M' 'M' 'M' 'M' 'M' 'M' 'M' 'M' 'A' 'U' 'M'
 'U' 'M' 'M' 'M' 'M' 'M' 'M' 'M' 'M' 'M' 'M' 'A' 'M' 'M' 'U' 'U' 'M' 'M'
 'M' 'U' 'M' 'M' 'M' 'A' 'M' 'U' 'M' 'M' 'M' 'M' 'M' 'M' 'M' 'M' 'M' 'M'
 'M' 'M' 'U' 'M' 'M' 'U' 'U' 'M' 'M' 'M' 'M' 'M' 'M' 'M' 'M' 'M' 'M' 'U'
 'M' 'U' 'M' 'M' 'M' 'U' 'M' 'M' 'U' 'M' 'M' 'M' 'M' 'M' 'M' 'M' 'M' 'M'
 'M' 'M' 'M' 'U' 'M' 'M' 'M' 'M' 'M' 'U' 'M' 'M' 'M' 'M' 'U' 'U' 'M' 'M'
 'U' 'M' 'M' 'M' 'M' 'M' 'U' 'M' 'U' 'M' 'U' 'M' 'U' 'M' 'M' 'M' 'M' 'M'
 'M' 'M' 'M' 'M' 'M' 'U' 'M' 'U' 'U' 'U' 'M' 'U' 'M' 'M' 'M' 'M' 'M' 'M'
 'M' 'M' 'M' 'U' 'M' 'M' 'U' 'M' 'M' 'M' 'M' 'M' 'M' 'M' 'M' 'M' 'U' 'M'
 'M' 'M' 'M' 'M' 'U' 'M' 'M' 'M' 'M' 'U' 'M' 'M' 'M' 'U' 'U' 'M' 'M' 'M'
 'M' 'M' 'M' 'M' 'M' 'M' 'U' 'M' 'M' 'M' 'M' 'U' 'U' 'M' 'M' 'M' 'A' 'M']"
182801,0,160,6,154,38,0,0,"['A' 'M' 'M' 'M' 'M' 'M' 'M' 'M' 'M' 'M' 'M' 'M' 'M' 'M' 'M' 'A' 'U' 'U'
 'M' 'U' 'M' 'M' 'M' 'M' 'M' 'M' 'M' 'M' 'M' 'A' 'M' 'M' 'M' 'U' 'M' 'M'
 'M' 'U' 'M' 'M' 'M' 'A' 'M' 'U' 'M' 'M' 'M' 'M' 'M' 'M' 'M' 'M' 'M' 'M'
 'M' 'M' 'U' 'M' 'M' 'U' 'U' 'M' 'M' 'M' 'M' 'M' 'U' 'U' 'M' 'U' 'M' 'M'
 'U' 'M' 'M' 'M' 'M' 'M' 'M' 'M' 'M' 'U' 'M' 'M' 'M' 'M' 'M' 'M' 'M' 'M'
 'M' 'M' 'M' 'M' 'M' 'M' 'M' 'U' 'M' 'U' 'U' 'M' 'M' 'U' 'M' 'U' 'M' 'M'
 'U' 'M' 'M' 'M' 'M' 'M' 'U' 'M' 'U' 'M' 'U' 'M' 'M' 'M' 'M' 'M' 'M' 'M'
 'M' 'M' 'M' 'M' 'M' 'U' 'M' 'M' 'U' 'U' 'M' 'U' 'M' 'M' 'M' 'M' 'M' 'M'
 'M' 'M' 'U' 'A' 'M' 'M' 'U' 'M' 'M' 'M' 'M' 'M' 'M' 'M' 'U' 'M' 'U' 'M'
 'M' 'M' 'M' 'M' 'U' 'M' 'U' 'M' 'M' 'U' 'M' 'M' 'M' 'U' 'U' 'M' 'M' 'M'
 'M' 'M' 'M' 'M' 'M' 'M' 'M' 'M' 'M' 'M' 'M' 'U' 'M' 'M' 'M' 'M' 'A' 'U']"
182901,0,162,4,158,36,0,0,"['A' 'U' 'M' 'M' 'M' 'M' 'M' 'M' 'M' 'M' 'M' 'M' 'U' 'M' 'M' 'U' 'M' 'U'
 'M' 'M' 'M' 'M' 'M' 'M' 'M' 'M' 'M' 'M' 'M' 'A' 'M' 'U' 'M' 'M' 'M' 'M'
 'M' 'U' 'M' 'M' 'M' 'A' 'M' 'M' 'M' 'M' 'M' 'M' 'M' 'M' 'M' 'M' 'M' 'U'
 'M' 'M' 'M' 'M' 'M' 'U' 'U' 'M' 'M' 'M' 'M' 'M' 'M' 'U' 'M' 'M' 'U' 'M'
 'M' 'M' 'M' 'M' 'M' 'M' 'M' 'U' 'M' 'M' 'U' 'M' 'M' 'M' 'M' 'M' 'M' 'M'
 'U' 'M' 'M' 'M' 'M' 'M' 'M' 'M' 'M' 'M' 'U' 'M' 'M' 'U' 'M' 'U' 'M' 'U'
 'U' 'M' 'M' 'M' 'M' 'M' 'U' 'M' 'U' 'M' 'U' 'M' 'M' 'M' 'M' 'M' 'M' 'M'
 'M' 'M' 'M' 'U' 'M' 'M' 'M' 'M' 'U' 'U' 'M' 'U' 'M' 'M' 'M' 'M' 'M' 'M'
 'M' 'M' 'U' 'U' 'M' 'M' 'U' 'M' 'M' 'M' 'M' 'M' 'M' 'M' 'U' 'M' 'U' 'M'
 'M' 'M' 'M' 'M' 'U' 'M' 'M' 'M' 'M' 'U' 'M' 'M' 'M' 'U' 'M' 'M' 'M' 'M'
 'M' 'M' 'M' 'M' 'M' 'M' 'M' 'M' 'M' 'M' 'M' 'U' 'M' 'M' 'M' 'M' 'A' 'U']"
183001,0,166,3,163,32,0,0,"['A' 'M' 'M' 'M' 'M' 'M' 'M' 'M' 'M' 'M' 'M' 'M' 'U' 'M' 'M' 'U' 'M' 'M'
 'M' 'M' 'M' 'M' 'M' 'M' 'M' 'M' 'M' 'M' 'M' 'A' 'M' 'U' 'M' 'M' 'M' 'M'
 'M' 'M' 'M' 'M' 'M' 'U' 'M' 'M' 'M' 'M' 'M' 'M' 'M' 'M' 'M' 'M' 'M' 'U'
 'M' 'M' 'M' 'M' 'M' 'U' 'M' 'M' 'M' 'M' 'M' 'U' 'M' 'M' 'M' 'M' 'M' 'M'
 'M' 'M' 'M' 'M' 'M' 'M' 'M' 'M' 'U' 'M' 'M' 'M' 'M' 'U' 'M' 'U' 'M' 'M'
 'U' 'M' 'M' 'M' 'M' 'M' 'M' 'M' 'M' 'M' 'U' 'M' 'M' 'M' 'M' 'U' 'M' 'U'
 'M' 'M' 'M' 'M' 'M' 'M' 'U' 'M' 'U' 'M' 'U' 'M' 'M' 'M' 'M' 'M' 'M' 'M'
 'M' 'M' 'M' 'U' 'M' 'M' 'M' 'M' 'M' 'M' 'M' 'M' 'M' 'M' 'U' 'M' 'U' 'M'
 'M' 'M' 'U' 'U' 'M' 'M' 'U' 'M' 'M' 'M' 'M' 'M' 'M' 'M' 'U' 'M' 'U' 'M'
 'M' 'M' 'M' 'M' 'U' 'M' 'M' 'M' 'M' 'U' 'U' 'M' 'M' 'U' 'M' 'M' 'M' 'M'
 'M' 'M' 'M' 'M' 'M' 'M' 'M' 'M' 'M' 'U' 'M' 'U' 'M' 'M' 'M' 'M' 'A' 'U']"
183101,0,162,3,159,36,0,0,"['A' 'M' 'M' 'M' 'M' 'M' 'M' 'M' 'M' 'M' 'M' 'M' 'U' 'M' 'M' 'U' 'M' 'M'
 'M' 'M' 'M' 'M' 'M' 'M' 'M' 'M' 'M' 'M' 'M' 'A' 'M' 'U' 'M' 'M' 'M' 'M'
 'M' 'M' 'M' 'U' 'M' 'M' 'M' 'M' 'M' 'M' 'M' 'M' 'M' 'M' 'M' 'M' 'M' 'U'
 'M' 'M' 'M' 'M' 'M' 'U' 'M' 'M' 'M' 'M' 'M' 'M' 'M' 'M' 'M' 'M' 'M' 'M'
 'M' 'M' 'M' 'M' 'M' 'M' 'M' 'M' 'U' 'M' 'M' 'U' 'M' 'M' 'M' 'M' 'M' 'U'
 'M' 'U' 'M' 'M' 'U' 'M' 'M' 'M' 'M' 'M' 'U' 'M' 'M' 'M' 'U' 'U' 'M' 'U'
 'M' 'M' 'M' 'M' 'M' 'U' 'U' 'M' 'U' 'M' 'U' 'U' 'M' 'M' 'M' 'U' 'M' 'M'
 'M' 'M' 'M' 'M' 'M' 'M' 'M' 'M' 'M' 'M' 'M' 'M' 'M' 'M' 'U' 'M' 'U' 'M'
 'M' 'M' 'U' 'U' 'M' 'M' 'U' 'M' 'U' 'M' 'M' 'M' 'M' 'U' 'U' 'M' 'U' 'M'
 'M' 'M' 'M' 'M' 'M' 'M' 'M' 'M' 'M' 'U' 'U' 'M' 'M' 'U' 'M' 'M' 'M' 'M'
 'M' 'M' 'M' 'M' 'M' 'M' 'M' 'M' 'M' 'U' 'M' 'U' 'M' 'M' 'M' 'M' 'A' 'U']"
183201,0,162,5,157,36,0,0,"['A' 'M' 'M' 'U' 'M' 'M' 'M' 'M' 'M' 'U' 'M' 'M' 'U' 'M' 'M' 'U' 'M' 'M'
 'M' 'M' 'U' 'M' 'M' 'M' 'M' 'M' 'M' 'M' 'U' 'A' 'M' 'U' 'M' 'M' 'M' 'M'
 'M' 'M' 'M' 'M' 'M' 'M' 'M' 'M' 'M' 'M' 'M' 'M' 'M' 'M' 'M' 'M' 'A' 'M'
 'M' 'M' 'M' 'M' 'M' 'U' 'M' 'M' 'M' 'M' 'M' 'U' 'M' 'M' 'M' 'M' 'M' 'M'
 'M' 'U' 'M' 'M' 'M' 'M' 'M' 'M' 'M' 'M' 'M' 'M' 'M' 'M' 'M' 'M' 'M' 'U'
 'U' 'U' 'M' 'M' 'M' 'M' 'M' 'U' 'M' 'M' 'U' 'M' 'M' 'M' 'U' 'U' 'M' 'U'
 'M' 'M' 'M' 'M' 'M' 'U' 'U' 'M' 'M' 'M' 'U' 'U' 'M' 'M' 'M' 'U' 'M' 'M'
 'M' 'M' 'M' 'M' 'M' 'M' 'M' 'M' 'M' 'M' 'M' 'M' 'M' 'M' 'A' 'M' 'U' 'M'
 'M' 'M' 'U' 'M' 'M' 'M' 'U' 'M' 'U' 'M' 'M' 'M' 'M' 'U' 'U' 'M' 'M' 'M'
 'M' 'M' 'M' 'M' 'M' 'M' 'M' 'M' 'M' 'U' 'U' 'M' 'M' 'U' 'M' 'M' 'M' 'M'
 'M' 'M' 'M' 'M' 'M' 'M' 'M' 'M' 'M' 'U' 'M' 'U' 'U' 'M' 'M' 'M' 'A' 'U']"
183301,0,175,8,167,23,0,0,"['A' 'M' 'M' 'M' 'M' 'M' 'M' 'U' 'M' 'U' 'M' 'M' 'U' 'M' 'M' 'U' 'M' 'M'
 'M' 'M' 'U' 'M' 'M' 'M' 'M' 'M' 'M' 'M' 'U' 'A' 'M' 'M' 'M' 'M' 'M' 'M'
 'M' 'M' 'M' 'M' 'M' 'M' 'M' 'M' 'M' 'M' 'M' 'M' 'M' 'M' 'M' 'M' 'A' 'M'
 'M' 'M' 'M' 'M' 'M' 'U' 'M' 'M' 'M' 'M' 'M' 'M' 'M' 'M' 'M' 'U' 'M' 'M'
 'M' 'M' 'M' 'M' 'M' 'M' 'M' 'M' 'U' 'M' 'M' 'M' 'M' 'U' 'M' 'M' 'M' 'U'
 'M' 'M' 'U' 'M' 'M' 'M' 'M' 'U' 'M' 'M' 'U' 'M' 'M' 'M' 'U' 'U' 'M' 'M'
 'M' 'M' 'M' 'M' 'M' 'M' 'M' 'M' 'M' 'M' 'U' 'U' 'M' 'M' 'M' 'U' 'M' 'M'
 'M' 'M' 'M' 'M' 'M' 'M' 'M' 'M' 'M' 'U' 'M' 'M' 'M' 'M' 'A' 'M' 'U' 'M'
 'M' 'M' 'A' 'M' 'M' 'M' 'M' 'M' 'M' 'M' 'M' 'M' 'M' 'M' 'M' 'M' 'M' 'M'
 'M' 'M' 'M' 'M' 'M' 'M' 'M' 'M' 'M' 'U' 'A' 'M' 'M' 'A' 'M' 'M' 'M' 'M'
 'M' 'M' 'M' 'M' 'M' 'M' 'M' 'M' 'M' 'M' 'M' 'U' 'M' 'M' 'M' 'M' 'A' 'M']"
183401,0,171,7,164,27,1,0,"['A' 'M' 'M' 'M' 'M' 'M' 'M' 'U' 'M' 'U' 'M' 'M' 'U' 'M' 'U' 'M' 'M' 'M'
 'U' 'M' 'M' 'M' 'M' 'M' 'M' 'M' 'M' 'M' 'U' 'A' 'M' 'M' 'M' 'M' 'M' 'M'
 'M' 'M' 'M' 'M' 'M' 'U' 'M' 'M' 'M' 'U' 'M' 'U' 'M' 'M' 'M' 'M' 'A' 'M'
 'U' 'M' 'M' 'M' 'M' 'M' 'M' 'M' 'M' 'M' 'M' 'M' 'M' 'M' 'U' 'M' 'M' 'M'
 'M' 'M' 'M' 'M' 'U' 'M' 'M' 'M' 'M' 'M' 'M' 'M' 'U' 'M' 'M' 'M' 'M' 'M'
 'U' 'M' 'U' 'M' 'M' 'U' 'M' 'U' 'M' 'M' 'M' 'M' 'M' 'M' 'A' 'M' 'M' 'M'
 'M' 'M' 'M' 'M' 'M' 'M' 'M' 'M' 'M' 'M' 'M' 'M' 'M' 'M' 'M' 'U' 'M' 'M'
 'M' 'M' 'M' 'M' 'M' 'M' 'M' 'M' 'M' 'U' 'M' 'M' 'M' 'M' 'U' 'M' 'U' 'M'
 'M' 'M' 'A' 'M' 'M' 'M' 'M' 'M' 'M' 'U' 'M' 'M' 'M' 'M' 'M' 'M' 'M' 'M'
 'M' 'M' 'M' 'M' 'U' 'M' 'M' 'M' 'M' 'U' 'A' 'M' 'M' 'A' 'M' 'M' 'M' 'M'
 'M' 'M' 'M' 'M' 'M' 'M' 'M' 'M' 'M' 'U' 'M' 'U' 'M' 'M' 'M' 'M' 'U' 'M']"
183501,0,169,5,164,29,0,0,"['A' 'M' 'M' 'U' 'M' 'M' 'M' 'M' 'M' 'U' 'M' 'M' 'U' 'M' 'U' 'M' 'M' 'M'
 'M' 'M' 'M' 'M' 'M' 'M' 'M' 'M' 'M' 'M' 'U' 'A' 'U' 'M' 'M' 'M' 'M' 'M'
 'M' 'M' 'M' 'M' 'M' 'M' 'M' 'M' 'U' 'U' 'M' 'U' 'M' 'M' 'M' 'U' 'A' 'M'
 'U' 'M' 'M' 'M' 'M' 'M' 'M' 'M' 'M' 'M' 'M' 'U' 'U' 'M' 'M' 'M' 'M' 'M'
 'M' 'M' 'M' 'M' 'M' 'M' 'M' 'M' 'M' 'M' 'M' 'U' 'M' 'U' 'M' 'M' 'U' 'M'
 'M' 'M' 'M' 'M' 'M' 'M' 'M' 'U' 'M' 'M' 'M' 'M' 'M' 'M' 'A' 'M' 'M' 'M'
 'M' 'M' 'M' 'M' 'M' 'M' 'M' 'M' 'M' 'M' 'M' 'M' 'M' 'M' 'M' 'M' 'M' 'M'
 'M' 'M' 'M' 'M' 'M' 'M' 'M' 'M' 'M' 'U' 'M' 'M' 'M' 'M' 'M' 'M' 'U' 'M'
 'M' 'M' 'U' 'M' 'M' 'M' 'M' 'M' 'M' 'U' 'M' 'M' 'M' 'M' 'M' 'M' 'M' 'M'
 'M' 'M' 'M' 'M' 'U' 'M' 'M' 'M' 'M' 'U' 'A' 'M' 'M' 'U' 'M' 'M' 'M' 'M'
 'M' 'M' 'M' 'U' 'M' 'M' 'M' 'U' 'M' 'U' 'U' 'M' 'M' 'M' 'M' 'M' 'U' 'M']"
183601,0,169,5,164,29,0,0,"['A' 'M' 'M' 'U' 'M' 'M' 'M' 'M' 'M' 'U' 'M' 'M' 'U' 'U' 'M' 'M' 'M' 'M'
 'M' 'M' 'M' 'M' 'M' 'M' 'M' 'M' 'M' 'M' 'M' 'A' 'M' 'M' 'M' 'M' 'U' 'M'
 'M' 'M' 'M' 'M' 'M' 'M' 'M' 'M' 'U' 'M' 'M' 'U' 'M' 'M' 'M' 'U' 'A' 'M'
 'U' 'M' 'M' 'M' 'M' 'M' 'M' 'M' 'M' 'M' 'M' 'U' 'M' 'U' 'M' 'M' 'M' 'M'
 'M' 'M' 'M' 'M' 'M' 'M' 'M' 'M' 'M' 'M' 'M' 'M' 'M' 'M' 'M' 'M' 'M' 'U'
 'U' 'M' 'U' 'M' 'M' 'M' 'M' 'U' 'M' 'M' 'M' 'M' 'M' 'M' 'A' 'M' 'M' 'M'
 'M' 'M' 'M' 'M' 'M' 'M' 'M' 'M' 'M' 'M' 'M' 'M' 'M' 'U' 'M' 'M' 'M' 'M'
 'M' 'M' 'M' 'M' 'M' 'M' 'M' 'M' 'M' 'U' 'M' 'M' 'M' 'M' 'U' 'U' 'U' 'M'
 'M' 'M' 'U' 'M' 'M' 'M' 'M' 'M' 'M' 'U' 'M' 'M' 'M' 'M' 'M' 'U' 'M' 'M'
 'M' 'M' 'M' 'M' 'U' 'M' 'M' 'M' 'M' 'M' 'A' 'M' 'M' 'U' 'M' 'M' 'M' 'M'
 'M' 'M' 'M' 'U' 'M' 'M' 'M' 'U' 'M' 'U' 'M' 'M' 'M' 'M' 'M' 'M' 'U' 'M']"
183701,0,169,6,163,29,0,0,"['A' 'M' 'M' 'U' 'M' 'M' 'M' 'M' 'M' 'M' 'M' 'M' 'U' 'U' 'M' 'M' 'M' 'U'
 'M' 'M' 'M' 'M' 'M' 'M' 'M' 'M' 'M' 'M' 'M' 'A' 'M' 'M' 'M' 'M' 'U' 'M'
 'M' 'M' 'M' 'M' 'M' 'M' 'M' 'M' 'U' 'M' 'M' 'U' 'M' 'M' 'M' 'U' 'A' 'M'
 'U' 'M' 'M' 'M' 'U' 'M' 'M' 'M' 'M' 'M' 'M' 'M' 'M' 'M' 'M' 'M' 'M' 'M'
 'M' 'M' 'M' 'M' 'U' 'U' 'M' 'M' 'M' 'M' 'U' 'M' 'M' 'U' 'M' 'M' 'M' 'M'
 'U' 'M' 'M' 'M' 'M' 'M' 'M' 'M' 'M' 'M' 'M' 'M' 'M' 'M' 'A' 'M' 'M' 'M'
 'M' 'M' 'M' 'M' 'M' 'M' 'M' 'M' 'M' 'M' 'M' 'M' 'M' 'U' 'M' 'U' 'M' 'M'
 'M' 'M' 'M' 'M' 'M' 'M' 'M' 'M' 'M' 'U' 'U' 'M' 'M' 'U' 'A' 'M' 'U' 'M'
 'M' 'M' 'U' 'M' 'M' 'M' 'M' 'M' 'M' 'U' 'M' 'M' 'M' 'M' 'M' 'M' 'M' 'M'
 'M' 'M' 'U' 'M' 'M' 'M' 'M' 'M' 'M' 'M' 'A' 'M' 'M' 'U' 'M' 'M' 'U' 'M'
 'M' 'M' 'M' 'M' 'M' 'M' 'M' 'U' 'M' 'U' 'M' 'M' 'M' 'M' 'M' 'M' 'U' 'M']"
183801,0,159,4,155,39,0,0,"['A' 'M' 'M' 'U' 'M' 'M' 'M' 'M' 'M' 'M' 'M' 'M' 'U' 'U' 'M' 'M' 'M' 'U'
 'M' 'M' 'M' 'M' 'M' 'M' 'M' 'M' 'M' 'M' 'M' 'A' 'M' 'M' 'M' 'M' 'U' 'M'
 'M' 'M' 'M' 'M' 'M' 'M' 'M' 'U' 'U' 'M' 'M' 'U' 'M' 'M' 'M' 'M' 'M' 'M'
 'U' 'U' 'M' 'M' 'U' 'M' 'M' 'M' 'M' 'M' 'M' 'M' 'M' 'M' 'M' 'M' 'M' 'M'
 'M' 'M' 'M' 'U' 'M' 'M' 'M' 'M' 'U' 'U' 'M' 'M' 'U' 'M' 'M' 'M' 'U' 'M'
 'M' 'M' 'M' 'M' 'M' 'M' 'M' 'M' 'M' 'M' 'M' 'M' 'M' 'M' 'A' 'M' 'M' 'M'
 'M' 'M' 'M' 'M' 'M' 'M' 'M' 'M' 'M' 'M' 'M' 'M' 'M' 'U' 'M' 'U' 'M' 'M'
 'U' 'M' 'M' 'M' 'M' 'U' 'U' 'U' 'U' 'U' 'U' 'U' 'U' 'U' 'A' 'M' 'U' 'M'
 'U' 'M' 'U' 'M' 'U' 'M' 'M' 'M' 'M' 'U' 'M' 'M' 'M' 'M' 'M' 'M' 'M' 'M'
 'M' 'U' 'U' 'M' 'M' 'M' 'M' 'M' 'M' 'M' 'U' 'M' 'M' 'U' 'M' 'M' 'U' 'M'
 'M' 'M' 'M' 'M' 'M' 'M' 'M' 'M' 'M' 'U' 'M' 'M' 'M' 'M' 'M' 'M' 'M' 'M']"
183901,0,161,4,157,37,0,0,"['A' 'M' 'M' 'U' 'M' 'M' 'M' 'M' 'U' 'M' 'M' 'M' 'U' 'U' 'M' 'M' 'M' 'U'
 'M' 'M' 'M' 'M' 'M' 'M' 'M' 'M' 'M' 'M' 'M' 'M' 'M' 'M' 'U' 'U' 'M' 'M'
 'M' 'M' 'M' 'M' 'M' 'M' 'M' 'U' 'U' 'M' 'M' 'M' 'M' 'M' 'M' 'M' 'M' 'M'
 'U' 'U' 'M' 'M' 'A' 'M' 'M' 'M' 'M' 'M' 'M' 'U' 'U' 'M' 'M' 'M' 'M' 'M'
 'M' 'M' 'M' 'U' 'M' 'M' 'M' 'M' 'M' 'M' 'M' 'U' 'M' 'U' 'M' 'M' 'M' 'M'
 'M' 'M' 'M' 'M' 'M' 'M' 'M' 'M' 'M' 'M' 'M' 'M' 'M' 'M' 'A' 'M' 'M' 'M'
 'M' 'M' 'M' 'U' 'M' 'M' 'M' 'M' 'M' 'M' 'M' 'M' 'M' 'M' 'M' 'M' 'M' 'M'
 'M' 'M' 'M' 'M' 'U' 'U' 'U' 'U' 'U' 'A' 'U' 'U' 'U' 'U' 'U' 'M' 'U' 'M'
 'M' 'M' 'U' 'M' 'U' 'M' 'M' 'M' 'M' 'U' 'M' 'M' 'M' 'M' 'M' 'M' 'M' 'M'
 'M' 'M' 'U' 'M' 'M' 'M' 'M' 'M' 'M' 'M' 'M' 'M' 'M' 'U' 'M' 'M' 'U' 'M'
 'M' 'M' 'M' 'M' 'M' 'M' 'M' 'M' 'U' 'U' 'M' 'U' 'M' 'M' 'M' 'M' 'M' 'M']"
184001,0,154,3,151,44,1,0,"['A' 'M' 'M' 'U' 'M' 'M' 'M' 'M' 'M' 'M' 'M' 'M' 'U' 'U' 'M' 'M' 'M' 'U'
 'M' 'M' 'U' 'M' 'M' 'M' 'M' 'M' 'M' 'U' 'M' 'M' 'M' 'U' 'U' 'U' 'M' 'M'
 'M' 'M' 'M' 'M' 'M' 'M' 'M' 'U' 'U' 'M' 'M' 'U' 'M' 'M' 'M' 'M' 'M' 'M'
 'U' 'U' 'M' 'M' 'A' 'M' 'M' 'M' 'M' 'M' 'M' 'M' 'M' 'M' 'U' 'M' 'U' 'M'
 'M' 'M' 'M' 'M' 'M' 'U' 'M' 'M' 'M' 'M' 'U' 'M' 'U' 'M' 'M' 'M' 'M' 'M'
 'M' 'M' 'M' 'M' 'M' 'M' 'M' 'M' 'M' 'M' 'M' 'M' 'U' 'M' 'U' 'M' 'M' 'M'
 'M' 'M' 'M' 'M' 'M' 'M' 'M' 'M' 'M' 'M' 'M' 'M' 'M' 'M' 'M' 'M' 'M' 'M'
 'M' 'M' 'M' 'M' 'U' 'U' 'U' 'U' 'M' 'A' 'U' 'U' 'U' 'U' 'U' 'M' 'M' 'M'
 'M' 'M' 'U' 'M' 'U' 'M' 'M' 'M' 'M' 'U' 'M' 'M' 'M' 'M' 'M' 'M' 'U' 'M'
 'M' 'M' 'U' 'M' 'M' 'M' 'M' 'U' 'M' 'M' 'M' 'M' 'U' 'U' 'M' 'U' 'U' 'M'
 'U' 'M' 'M' 'M' 'M' 'M' 'M' 'M' 'U' 'U' 'M' 'M' 'M' 'M' 'M' 'M' 'U' 'M']"
184101,0,156,4,152,42,0,0,"['A' 'M' 'M' 'U' 'M' 'M' 'M' 'M' 'M' 'M' 'M' 'M' 'U' 'U' 'M' 'M' 'M' 'U'
 'M' 'M' 'U' 'M' 'M' 'M' 'M' 'M' 'M' 'M' 'M' 'M' 'M' 'U' 'M' 'M' 'M' 'M'
 'M' 'M' 'M' 'M' 'M' 'M' 'M' 'U' 'M' 'M' 'M' 'M' 'M' 'M' 'M' 'M' 'M' 'M'
 'U' 'U' 'M' 'M' 'A' 'M' 'M' 'U' 'U' 'M' 'M' 'U' 'M' 'U' 'M' 'M' 'M' 'U'
 'M' 'M' 'M' 'M' 'M' 'M' 'U' 'M' 'M' 'M' 'M' 'M' 'M' 'M' 'M' 'U' 'M' 'M'
 'M' 'M' 'M' 'M' 'M' 'U' 'M' 'M' 'M' 'M' 'M' 'M' 'U' 'M' 'U' 'M' 'M' 'M'
 'M' 'M' 'M' 'M' 'M' 'M' 'M' 'M' 'M' 'M' 'U' 'M' 'M' 'M' 'M' 'U' 'M' 'U'
 'M' 'M' 'M' 'M' 'U' 'M' 'U' 'M' 'M' 'A' 'U' 'U' 'U' 'U' 'U' 'M' 'M' 'M'
 'M' 'M' 'U' 'M' 'U' 'M' 'M' 'M' 'M' 'U' 'U' 'M' 'M' 'M' 'M' 'M' 'M' 'M'
 'M' 'M' 'U' 'M' 'M' 'M' 'M' 'U' 'M' 'M' 'M' 'M' 'U' 'U' 'M' 'M' 'U' 'M'
 'A' 'U' 'M' 'M' 'M' 'M' 'M' 'M' 'M' 'U' 'U' 'M' 'M' 'M' 'M' 'M' 'U' 'M']"
184201,0,154,5,149,44,0,1,"['A' 'M' 'M' 'U' 'M' 'M' 'M' 'M' 'M' 'M' 'M' 'M' 'U' 'A' 'M' 'M' 'M' 'U'
 'M' 'M' 'U' 'M' 'M' 'M' 'M' 'M' 'M' 'U' 'M' 'M' 'M' 'U' 'M' 'M' 'M' 'M'
 'M' 'M' 'M' 'M' 'U' 'M' 'M' 'U' 'M' 'M' 'M' 'M' 'M' 'M' 'M' 'M' 'M' 'M'
 'U' 'U' 'M' 'M' 'A' 'M' 'M' 'U' 'U' 'M' 'M' 'M' 'M' 'M' 'M' 'M' 'M' 'M'
 'M' 'U' 'U' 'M' 'M' 'M' 'M' 'M' 'M' 'M' 'M' 'M' 'M' 'U' 'M' 'M' 'U' 'M'
 'M' 'M' 'U' 'M' 'M' 'U' 'U' 'M' 'M' 'M' 'M' 'M' 'U' 'M' 'U' 'M' 'M' 'M'
 'M' 'M' 'M' 'M' 'M' 'M' 'M' 'M' 'U' 'M' 'U' 'M' 'U' 'M' 'M' 'U' 'M' 'U'
 'M' 'M' 'M' 'M' 'U' 'M' 'U' 'M' 'M' 'A' 'U' 'M' 'U' 'U' 'M' 'M' 'M' 'M'
 'M' 'M' 'M' 'M' 'U' 'M' 'M' 'M' 'M' 'U' 'M' 'M' 'M' 'M' 'M' 'M' 'M' 'U'
 'M' 'M' 'U' 'M' 'M' 'M' 'M' 'U' 'M' 'M' 'M' 'M' 'U' 'U' 'M' 'M' 'U' 'M'
 'A' 'U' 'M' 'M' 'M' 'M' 'U' 'M' 'M' 'U' 'M' 'M' 'U' 'M' 'M' 'U' 'M' 'M']"
184301,0,157,6,151,41,0,0,"['A' 'M' 'M' 'U' 'M' 'M' 'M' 'M' 'M' 'M' 'M' 'M' 'U' 'A' 'M' 'M' 'M' 'U'
 'M' 'M' 'U' 'M' 'M' 'M' 'M' 'U' 'M' 'U' 'M' 'M' 'M' 'U' 'M' 'M' 'M' 'M'
 'M' 'M' 'M' 'M' 'M' 'M' 'M' 'M' 'M' 'M' 'M' 'M' 'U' 'M' 'M' 'M' 'M' 'M'
 'M' 'A' 'M' 'M' 'U' 'M' 'M' 'U' 'U' 'M' 'M' 'U' 'M' 'U' 'M' 'M' 'M' 'M'
 'M' 'M' 'M' 'M' 'M' 'U' 'M' 'M' 'M' 'M' 'M' 'U' 'M' 'M' 'M' 'M' 'M' 'M'
 'M' 'M' 'M' 'U' 'M' 'U' 'U' 'M' 'M' 'M' 'M' 'M' 'U' 'M' 'U' 'M' 'M' 'U'
 'M' 'M' 'M' 'M' 'M' 'M' 'M' 'M' 'M' 'M' 'U' 'M' 'U' 'M' 'M' 'M' 'M' 'U'
 'U' 'M' 'M' 'M' 'U' 'M' 'U' 'M' 'M' 'A' 'U' 'M' 'U' 'U' 'M' 'M' 'M' 'M'
 'M' 'M' 'M' 'M' 'U' 'M' 'M' 'M' 'M' 'A' 'M' 'M' 'U' 'M' 'M' 'M' 'M' 'U'
 'M' 'M' 'U' 'M' 'M' 'M' 'M' 'M' 'M' 'M' 'M' 'M' 'U' 'M' 'M' 'M' 'U' 'M'
 'A' 'M' 'U' 'M' 'M' 'M' 'U' 'M' 'M' 'U' 'M' 'M' 'U' 'M' 'M' 'U' 'M' 'M']"
184401,0,162,7,155,36,0,0,"['A' 'M' 'M' 'M' 'M' 'M' 'M' 'M' 'M' 'A' 'M' 'M' 'U' 'A' 'M' 'M' 'M' 'U'
 'M' 'M' 'U' 'M' 'M' 'M' 'M' 'U' 'M' 'U' 'M' 'M' 'M' 'A' 'U' 'M' 'M' 'M'
 'M' 'M' 'M' 'M' 'M' 'M' 'M' 'M' 'M' 'M' 'M' 'M' 'U' 'M' 'M' 'M' 'M' 'M'
 'M' 'A' 'M' 'M' 'U' 'M' 'M' 'U' 'U' 'M' 'M' 'M' 'U' 'M' 'M' 'M' 'U' 'M'
 'U' 'U' 'M' 'M' 'M' 'M' 'M' 'M' 'M' 'M' 'M' 'M' 'M' 'M' 'M' 'M' 'U' 'M'
 'M' 'M' 'M' 'M' 'M' 'U' 'M' 'M' 'M' 'M' 'M' 'M' 'U' 'M' 'U' 'M' 'M' 'U'
 'M' 'M' 'M' 'M' 'M' 'M' 'M' 'M' 'M' 'M' 'A' 'M' 'U' 'M' 'M' 'M' 'M' 'U'
 'M' 'M' 'M' 'M' 'M' 'M' 'M' 'M' 'M' 'U' 'U' 'M' 'U' 'M' 'M' 'M' 'M' 'M'
 'M' 'M' 'M' 'M' 'U' 'M' 'M' 'M' 'U' 'U' 'M' 'M' 'M' 'M' 'M' 'M' 'M' 'U'
 'M' 'M' 'U' 'M' 'M' 'M' 'M' 'M' 'M' 'M' 'M' 'M' 'U' 'M' 'M' 'M' 'M' 'M'
 'A' 'M' 'U' 'M' 'M' 'M' 'U' 'M' 'U' 'U' 'M' 'M' 'U' 'M' 'M' 'U' 'M' 'M']"
184501,0,163,6,157,35,0,0,"['A' 'M' 'M' 'M' 'M' 'M' 'M' 'M' 'M' 'A' 'M' 'M' 'U' 'A' 'M' 'M' 'M' 'U'
 'M' 'U' 'M' 'M' 'M' 'M' 'M' 'U' 'M' 'U' 'U' 'M' 'M' 'A' 'M' 'M' 'M' 'M'
 'M' 'M' 'M' 'M' 'M' 'M' 'M' 'M' 'M' 'M' 'M' 'M' 'U' 'M' 'M' 'M' 'M' 'M'
 'M' 'U' 'U' 'M' 'U' 'M' 'M' 'U' 'M' 'M' 'M' 'M' 'U' 'M' 'M' 'M' 'M' 'M'
 'U' 'U' 'M' 'M' 'M' 'M' 'U' 'M' 'M' 'M' 'M' 'M' 'M' 'M' 'M' 'M' 'M' 'M'
 'M' 'M' 'M' 'U' 'M' 'U' 'M' 'M' 'M' 'M' 'M' 'M' 'M' 'U' 'M' 'M' 'M' 'U'
 'M' 'M' 'M' 'M' 'M' 'M' 'M' 'M' 'M' 'M' 'A' 'M' 'M' 'M' 'M' 'M' 'M' 'M'
 'M' 'M' 'M' 'M' 'M' 'M' 'M' 'M' 'M' 'U' 'U' 'U' 'U' 'M' 'M' 'M' 'M' 'M'
 'M' 'M' 'M' 'M' 'U' 'M' 'M' 'M' 'U' 'U' 'M' 'M' 'M' 'M' 'M' 'M' 'M' 'U'
 'M' 'M' 'U' 'M' 'M' 'M' 'M' 'M' 'M' 'M' 'M' 'M' 'U' 'M' 'M' 'M' 'M' 'M'
 'A' 'M' 'U' 'M' 'M' 'M' 'U' 'M' 'U' 'U' 'M' 'M' 'U' 'M' 'M' 'U' 'M' 'M']"
184601,0,163,6,157,35,0,0,"['A' 'M' 'U' 'M' 'M' 'M' 'M' 'U' 'M' 'A' 'M' 'M' 'M' 'A' 'U' 'M' 'M' 'U'
 'M' 'U' 'M' 'M' 'M' 'M' 'M' 'U' 'M' 'M' 'U' 'M' 'M' 'A' 'M' 'M' 'M' 'M'
 'M' 'M' 'M' 'M' 'M' 'M' 'M' 'M' 'M' 'M' 'M' 'M' 'U' 'M' 'M' 'M' 'M' 'U'
 'M' 'U' 'U' 'M' 'M' 'U' 'M' 'M' 'M' 'M' 'M' 'M' 'M' 'M' 'M' 'M' 'M' 'M'
 'M' 'M' 'M' 'U' 'M' 'M' 'U' 'M' 'M' 'M' 'M' 'M' 'U' 'U' 'U' 'M' 'M' 'M'
 'M' 'M' 'M' 'M' 'M' 'U' 'M' 'M' 'M' 'M' 'M' 'M' 'M' 'U' 'M' 'M' 'M' 'U'
 'M' 'M' 'M' 'U' 'M' 'M' 'M' 'M' 'M' 'M' 'A' 'M' 'M' 'M' 'M' 'M' 'M' 'M'
 'M' 'M' 'M' 'M' 'M' 'M' 'M' 'M' 'M' 'U' 'M' 'U' 'U' 'M' 'M' 'M' 'M' 'M'
 'M' 'M' 'M' 'M' 'U' 'M' 'M' 'M' 'U' 'U' 'M' 'M' 'M' 'M' 'M' 'M' 'M' 'U'
 'M' 'M' 'M' 'M' 'M' 'M' 'M' 'M' 'M' 'M' 'M' 'M' 'M' 'M' 'M' 'M' 'M' 'M'
 'A' 'M' 'U' 'U' 'U' 'M' 'U' 'M' 'U' 'U' 'M' 'M' 'U' 'M' 'M' 'M' 'M' 'M']"
184701,0,151,3,148,47,0,0,"['A' 'M' 'U' 'M' 'U' 'M' 'M' 'U' 'M' 'U' 'M' 'M' 'M' 'U' 'M' 'M' 'M' 'U'
 'M' 'U' 'M' 'M' 'M' 'M' 'M' 'U' 'M' 'M' 'U' 'M' 'M' 'A' 'M' 'M' 'M' 'M'
 'M' 'M' 'M' 'M' 'U' 'M' 'M' 'M' 'M' 'U' 'M' 'M' 'U' 'M' 'M' 'M' 'M' 'U'
 'M' 'M' 'U' 'M' 'M' 'U' 'M' 'M' 'M' 'M' 'M' 'M' 'M' 'U' 'M' 'M' 'M' 'M'
 'M' 'M' 'M' 'M' 'M' 'M' 'M' 'M' 'U' 'U' 'M' 'M' 'M' 'M' 'M' 'M' 'M' 'U'
 'U' 'M' 'M' 'M' 'M' 'M' 'M' 'M' 'M' 'U' 'M' 'M' 'M' 'U' 'M' 'M' 'U' 'U'
 'M' 'M' 'M' 'U' 'M' 'M' 'M' 'M' 'M' 'M' 'U' 'M' 'M' 'M' 'M' 'M' 'M' 'M'
 'M' 'M' 'M' 'M' 'U' 'U' 'U' 'M' 'U' 'U' 'U' 'U' 'U' 'U' 'M' 'M' 'M' 'M'
 'U' 'M' 'M' 'U' 'U' 'M' 'M' 'M' 'M' 'U' 'M' 'M' 'U' 'M' 'M' 'M' 'M' 'M'
 'M' 'M' 'M' 'M' 'M' 'M' 'M' 'M' 'M' 'M' 'M' 'M' 'M' 'M' 'M' 'M' 'M' 'M'
 'A' 'M' 'U' 'U' 'U' 'M' 'U' 'M' 'U' 'U' 'M' 'M' 'U' 'M' 'M' 'M' 'M' 'M']"
184801,0,145,3,142,53,0,1,"['A' 'M' 'M' 'M' 'U' 'U' 'M' 'U' 'M' 'U' 'M' 'M' 'M' 'U' 'M' 'M' 'M' 'M'
 'M' 'U' 'M' 'U' 'M' 'M' 'M' 'U' 'M' 'M' 'A' 'M' 'U' 'U' 'M' 'M' 'M' 'M'
 'M' 'M' 'M' 'M' 'M' 'M' 'M' 'M' 'M' 'U' 'M' 'M' 'U' 'M' 'M' 'M' 'M' 'U'
 'M' 'M' 'U' 'M' 'M' 'U' 'M' 'M' 'U' 'M' 'M' 'M' 'M' 'M' 'M' 'M' 'M' 'M'
 'M' 'U' 'M' 'M' 'M' 'U' 'M' 'M' 'M' 'M' 'M' 'M' 'M' 'M' 'M' 'U' 'M' 'U'
 'M' 'M' 'M' 'M' 'U' 'M' 'M' 'M' 'M' 'U' 'U' 'M' 'M' 'U' 'M' 'M' 'U' 'M'
 'U' 'M' 'M' 'U' 'M' 'U' 'M' 'M' 'M' 'M' 'U' 'M' 'M' 'M' 'M' 'M' 'M' 'M'
 'M' 'M' 'M' 'U' 'U' 'U' 'U' 'U' 'U' 'U' 'U' 'U' 'U' 'U' 'M' 'M' 'M' 'M'
 'U' 'M' 'M' 'M' 'U' 'M' 'M' 'M' 'M' 'M' 'M' 'M' 'U' 'M' 'M' 'M' 'M' 'M'
 'M' 'M' 'U' 'M' 'U' 'M' 'M' 'M' 'M' 'M' 'M' 'M' 'M' 'U' 'M' 'M' 'M' 'M'
 'A' 'M' 'U' 'U' 'U' 'M' 'U' 'M' 'U' 'U' 'M' 'M' 'U' 'M' 'M' 'M' 'M' 'M']"
184901,0,156,4,152,42,0,0,"['A' 'M' 'M' 'M' 'M' 'A' 'M' 'M' 'M' 'U' 'M' 'M' 'U' 'M' 'M' 'M' 'M' 'M'
 'U' 'U' 'M' 'U' 'M' 'M' 'M' 'U' 'M' 'U' 'A' 'M' 'M' 'U' 'M' 'M' 'M' 'M'
 'M' 'M' 'M' 'M' 'M' 'M' 'M' 'M' 'M' 'M' 'M' 'U' 'U' 'M' 'M' 'M' 'M' 'U'
 'M' 'M' 'U' 'M' 'M' 'U' 'M' 'M' 'M' 'M' 'M' 'M' 'M' 'M' 'M' 'M' 'M' 'M'
 'M' 'M' 'M' 'M' 'M' 'M' 'M' 'M' 'M' 'U' 'M' 'U' 'M' 'U' 'M' 'M' 'M' 'U'
 'M' 'M' 'M' 'U' 'M' 'M' 'M' 'M' 'U' 'M' 'U' 'M' 'M' 'U' 'M' 'M' 'U' 'M'
 'U' 'M' 'M' 'U' 'M' 'M' 'M' 'M' 'M' 'M' 'U' 'M' 'M' 'M' 'M' 'U' 'M' 'M'
 'M' 'M' 'M' 'U' 'M' 'U' 'U' 'U' 'U' 'U' 'U' 'M' 'M' 'M' 'M' 'M' 'M' 'M'
 'U' 'M' 'M' 'M' 'U' 'M' 'M' 'M' 'M' 'M' 'M' 'M' 'M' 'M' 'M' 'M' 'M' 'M'
 'M' 'M' 'M' 'M' 'U' 'M' 'M' 'M' 'M' 'M' 'M' 'M' 'M' 'U' 'M' 'M' 'M' 'M'
 'A' 'M' 'U' 'U' 'U' 'M' 'M' 'M' 'U' 'M' 'M' 'M' 'U' 'M' 'M' 'M' 'M' 'M']"
185001,0,154,2,152,44,1,0,"['A' 'U' 'M' 'M' 'M' 'A' 'M' 'M' 'M' 'U' 'U' 'M' 'U' 'M' 'M' 'M' 'M' 'M'
 'U' 'U' 'M' 'U' 'M' 'M' 'M' 'U' 'M' 'U' 'U' 'M' 'M' 'U' 'M' 'M' 'M' 'M'
 'M' 'M' 'M' 'M' 'U' 'M' 'M' 'M' 'M' 'M' 'U' 'M' 'M' 'M' 'M' 'M' 'M' 'U'
 'M' 'M' 'U' 'M' 'M' 'U' 'M' 'M' 'M' 'M' 'M' 'M' 'M' 'M' 'U' 'M' 'M' 'M'
 'M' 'M' 'M' 'M' 'M' 'M' 'M' 'M' 'M' 'U' 'M' 'U' 'M' 'M' 'U' 'U' 'M' 'M'
 'M' 'M' 'M' 'M' 'M' 'M' 'M' 'M' 'M' 'M' 'U' 'M' 'M' 'U' 'M' 'M' 'M' 'M'
 'U' 'M' 'M' 'U' 'M' 'U' 'M' 'M' 'U' 'M' 'U' 'M' 'M' 'M' 'M' 'U' 'M' 'M'
 'M' 'M' 'M' 'U' 'M' 'U' 'U' 'M' 'U' 'U' 'U' 'M' 'M' 'M' 'M' 'M' 'M' 'M'
 'U' 'M' 'M' 'M' 'U' 'M' 'M' 'U' 'M' 'M' 'M' 'M' 'M' 'M' 'M' 'M' 'M' 'M'
 'M' 'M' 'M' 'M' 'U' 'M' 'M' 'M' 'M' 'M' 'M' 'M' 'M' 'M' 'M' 'M' 'M' 'M'
 'U' 'M' 'U' 'U' 'M' 'M' 'M' 'M' 'U' 'M' 'M' 'M' 'U' 'M' 'M' 'M' 'M' 'M']"
185101,0,154,1,153,44,0,0,"['A' 'U' 'M' 'M' 'M' 'U' 'M' 'M' 'U' 'U' 'U' 'M' 'U' 'M' 'M' 'M' 'M' 'M'
 'U' 'U' 'M' 'U' 'M' 'M' 'M' 'U' 'M' 'U' 'M' 'M' 'M' 'M' 'M' 'M' 'M' 'M'
 'M' 'M' 'M' 'M' 'M' 'M' 'M' 'M' 'M' 'M' 'U' 'M' 'M' 'M' 'M' 'U' 'M' 'M'
 'M' 'M' 'U' 'M' 'M' 'U' 'M' 'M' 'M' 'M' 'M' 'M' 'M' 'U' 'M' 'M' 'M' 'M'
 'M' 'M' 'M' 'U' 'M' 'U' 'M' 'M' 'U' 'M' 'M' 'M' 'M' 'U' 'M' 'M' 'M' 'M'
 'M' 'M' 'M' 'M' 'M' 'M' 'M' 'M' 'M' 'M' 'U' 'M' 'M' 'M' 'M' 'M' 'M' 'M'
 'U' 'M' 'M' 'U' 'M' 'U' 'M' 'M' 'M' 'M' 'U' 'U' 'M' 'M' 'M' 'U' 'M' 'M'
 'M' 'M' 'M' 'M' 'M' 'U' 'U' 'U' 'U' 'U' 'U' 'U' 'U' 'M' 'M' 'M' 'M' 'M'
 'U' 'M' 'M' 'M' 'M' 'M' 'M' 'M' 'M' 'M' 'M' 'M' 'M' 'M' 'M' 'U' 'M' 'M'
 'M' 'U' 'M' 'M' 'U' 'M' 'M' 'M' 'M' 'M' 'M' 'M' 'M' 'M' 'M' 'U' 'M' 'M'
 'U' 'U' 'M' 'U' 'M' 'M' 'M' 'M' 'M' 'M' 'M' 'M' 'U' 'M' 'M' 'M' 'M' 'M']"
185201,0,160,2,158,38,0,0,"['A' 'U' 'M' 'M' 'M' 'U' 'M' 'M' 'M' 'U' 'U' 'M' 'U' 'M' 'M' 'M' 'M' 'M'
 'U' 'U' 'M' 'U' 'M' 'M' 'M' 'U' 'M' 'U' 'M' 'M' 'M' 'M' 'M' 'M' 'U' 'M'
 'M' 'M' 'M' 'M' 'M' 'M' 'M' 'M' 'M' 'M' 'U' 'M' 'M' 'M' 'M' 'M' 'M' 'U'
 'M' 'M' 'A' 'M' 'U' 'U' 'M' 'M' 'M' 'M' 'M' 'M' 'M' 'M' 'U' 'M' 'M' 'M'
 'M' 'M' 'M' 'U' 'M' 'M' 'U' 'M' 'M' 'M' 'U' 'M' 'M' 'M' 'U' 'M' 'M' 'M'
 'M' 'M' 'M' 'M' 'M' 'M' 'M' 'M' 'M' 'M' 'U' 'M' 'M' 'U' 'M' 'M' 'M' 'M'
 'M' 'M' 'M' 'U' 'M' 'U' 'M' 'M' 'M' 'M' 'U' 'M' 'M' 'M' 'M' 'U' 'M' 'M'
 'M' 'M' 'M' 'M' 'M' 'M' 'U' 'M' 'U' 'M' 'U' 'M' 'U' 'M' 'M' 'M' 'M' 'M'
 'U' 'M' 'M' 'M' 'M' 'M' 'M' 'M' 'M' 'M' 'M' 'M' 'M' 'M' 'M' 'U' 'M' 'M'
 'M' 'U' 'M' 'M' 'U' 'M' 'M' 'U' 'M' 'M' 'M' 'M' 'M' 'M' 'M' 'M' 'M' 'M'
 'U' 'U' 'M' 'M' 'M' 'M' 'M' 'M' 'M' 'M' 'M' 'M' 'M' 'M' 'M' 'M' 'M' 'U']"
185301,0,154,2,152,44,0,0,"['A' 'U' 'M' 'M' 'U' 'M' 'M' 'M' 'M' 'U' 'U' 'M' 'U' 'M' 'M' 'M' 'M' 'M'
 'U' 'U' 'M' 'U' 'M' 'M' 'M' 'U' 'M' 'U' 'M' 'M' 'M' 'M' 'M' 'M' 'U' 'U'
 'M' 'M' 'M' 'M' 'M' 'M' 'M' 'U' 'M' 'M' 'U' 'M' 'U' 'M' 'M' 'M' 'M' 'U'
 'M' 'M' 'A' 'M' 'U' 'U' 'M' 'M' 'M' 'M' 'M' 'M' 'M' 'M' 'M' 'M' 'U' 'M'
 'M' 'M' 'M' 'M' 'M' 'M' 'M' 'M' 'U' 'M' 'U' 'U' 'M' 'M' 'M' 'M' 'M' 'M'
 'M' 'U' 'M' 'M' 'M' 'M' 'M' 'M' 'M' 'M' 'U' 'M' 'M' 'M' 'M' 'M' 'M' 'M'
 'M' 'M' 'M' 'U' 'M' 'U' 'M' 'M' 'U' 'M' 'M' 'M' 'M' 'M' 'M' 'U' 'M' 'M'
 'M' 'M' 'M' 'M' 'M' 'M' 'U' 'M' 'U' 'U' 'U' 'U' 'U' 'M' 'M' 'M' 'M' 'M'
 'U' 'M' 'U' 'M' 'M' 'M' 'M' 'M' 'M' 'M' 'M' 'M' 'M' 'M' 'M' 'M' 'M' 'M'
 'M' 'U' 'M' 'M' 'U' 'M' 'M' 'U' 'M' 'M' 'M' 'M' 'M' 'M' 'U' 'M' 'M' 'M'
 'U' 'U' 'M' 'M' 'M' 'M' 'M' 'M' 'M' 'M' 'U' 'M' 'M' 'M' 'M' 'M' 'M' 'U']"
185401,1,153,3,150,45,0,0,"['A' 'M' 'M' 'M' 'U' 'M' 'M' 'M' 'M' 'U' 'U' 'M' 'U' 'M' 'M' 'M' 'M' 'M'
 'U' 'M' 'M' 'M' 'M' 'M' 'M' 'U' 'U' 'U' 'M' 'M' 'M' 'M' 'M' 'M' 'U' 'U'
 'M' 'M' 'M' 'M' 'M' 'M' 'M' 'U' 'M' 'M' 'U' 'M' 'U' 'U' 'M' 'M' 'M' 'M'
 'M' 'M' 'A' 'M' 'U' 'U' 'M' 'M' 'M' 'M' 'U' 'M' 'M' 'M' 'M' 'M' 'M' 'M'
 'M' 'U' 'M' 'U' 'M' 'M' 'M' 'M' 'U' 'M' 'M' 'M' 'M' 'M' 'M' 'U' 'M' 'U'
 'M' 'M' 'M' 'M' 'M' 'U' 'M' 'M' 'M' 'M' 'A' 'M' 'M' 'M' 'M' 'M' 'M' 'M'
 'M' 'M' 'M' 'U' 'M' 'U' 'U' 'M' 'M' 'M' 'M' 'U' 'M' 'M' 'U' 'M' 'M' 'M'
 'M' 'M' 'M' 'M' 'M' 'M' 'U' 'U' 'U' 'U' 'U' 'U' 'U' 'M' 'M' 'M' 'M' 'M'
 'U' 'M' 'U' 'M' 'M' 'M' 'M' 'M' 'M' 'M' 'M' 'M' 'M' 'M' 'M' 'M' 'M' 'M'
 'M' 'M' 'M' 'M' 'U' 'M' 'M' 'U' 'M' 'M' 'M' 'M' 'U' 'M' 'U' 'M' 'M' 'M'
 'U' 'U' 'M' 'M' 'M' 'M' 'M' 'M' 'M' 'M' 'U' 'M' 'M' 'M' 'M' 'M' 'M' 'U']"
185501,0,153,1,152,45,0,0,"['A' 'M' 'M' 'M' 'U' 'M' 'M' 'M' 'M' 'U' 'U' 'M' 'U' 'M' 'M' 'M' 'M' 'M'
 'U' 'M' 'M' 'M' 'U' 'M' 'M' 'M' 'U' 'U' 'M' 'M' 'M' 'M' 'M' 'M' 'U' 'M'
 'M' 'M' 'M' 'M' 'M' 'M' 'M' 'U' 'M' 'M' 'U' 'M' 'U' 'U' 'M' 'M' 'M' 'M'
 'M' 'M' 'U' 'M' 'U' 'U' 'M' 'M' 'M' 'M' 'M' 'M' 'U' 'M' 'M' 'M' 'M' 'M'
 'U' 'M' 'M' 'M' 'M' 'U' 'M' 'U' 'M' 'M' 'M' 'M' 'M' 'M' 'M' 'M' 'M' 'M'
 'M' 'U' 'M' 'M' 'M' 'U' 'M' 'M' 'M' 'M' 'U' 'M' 'M' 'M' 'M' 'U' 'M' 'M'
 'M' 'M' 'M' 'U' 'M' 'U' 'M' 'M' 'M' 'M' 'M' 'M' 'M' 'U' 'M' 'U' 'M' 'M'
 'M' 'M' 'M' 'M' 'M' 'M' 'U' 'U' 'U' 'U' 'U' 'U' 'U' 'M' 'M' 'M' 'M' 'M'
 'U' 'M' 'U' 'M' 'M' 'M' 'M' 'M' 'M' 'M' 'U' 'M' 'M' 'M' 'M' 'M' 'M' 'M'
 'M' 'M' 'M' 'M' 'U' 'M' 'M' 'U' 'M' 'M' 'M' 'M' 'U' 'M' 'M' 'U' 'M' 'M'
 'U' 'U' 'M' 'M' 'M' 'M' 'M' 'M' 'M' 'M' 'U' 'M' 'M' 'M' 'M' 'M' 'M' 'M']"
185601,0,161,3,158,37,0,0,"['A' 'M' 'M' 'M' 'U' 'M' 'M' 'M' 'M' 'U' 'U' 'M' 'M' 'M' 'M' 'M' 'M' 'M'
 'M' 'U' 'M' 'M' 'U' 'M' 'M' 'M' 'U' 'U' 'M' 'M' 'U' 'M' 'M' 'M' 'U' 'M'
 'M' 'M' 'M' 'M' 'M' 'M' 'M' 'U' 'M' 'M' 'U' 'M' 'U' 'M' 'M' 'M' 'M' 'M'
 'M' 'M' 'U' 'M' 'U' 'U' 'M' 'M' 'M' 'M' 'M' 'M' 'M' 'U' 'U' 'U' 'M' 'M'
 'M' 'M' 'M' 'M' 'U' 'M' 'M' 'M' 'M' 'M' 'M' 'U' 'M' 'M' 'M' 'M' 'M' 'M'
 'M' 'M' 'M' 'M' 'M' 'U' 'M' 'M' 'M' 'M' 'U' 'M' 'M' 'M' 'M' 'M' 'M' 'M'
 'M' 'M' 'M' 'A' 'M' 'U' 'M' 'M' 'M' 'M' 'M' 'M' 'M' 'M' 'M' 'U' 'M' 'M'
 'M' 'M' 'M' 'M' 'M' 'M' 'U' 'M' 'U' 'U' 'A' 'U' 'U' 'M' 'U' 'M' 'M' 'M'
 'M' 'M' 'M' 'M' 'M' 'M' 'M' 'M' 'M' 'M' 'U' 'M' 'M' 'M' 'M' 'M' 'M' 'M'
 'M' 'M' 'M' 'M' 'U' 'M' 'M' 'M' 'M' 'M' 'M' 'U' 'U' 'M' 'M' 'U' 'M' 'M'
 'M' 'U' 'M' 'M' 'M' 'M' 'M' 'M' 'M' 'M' 'U' 'M' 'M' 'M' 'M' 'M' 'M' 'M']"
185701,0,154,1,153,44,0,0,"['A' 'M' 'U' 'M' 'U' 'M' 'M' 'M' 'M' 'U' 'U' 'M' 'M' 'M' 'M' 'M' 'M' 'M'
 'M' 'M' 'U' 'M' 'U' 'M' 'M' 'M' 'U' 'U' 'M' 'M' 'U' 'M' 'M' 'M' 'U' 'M'
 'M' 'M' 'M' 'M' 'M' 'M' 'M' 'U' 'M' 'M' 'U' 'M' 'U' 'M' 'M' 'M' 'M' 'U'
 'M' 'U' 'U' 'M' 'U' 'U' 'M' 'M' 'M' 'M' 'M' 'M' 'M' 'M' 'M' 'M' 'M' 'M'
 'M' 'M' 'M' 'U' 'M' 'M' 'M' 'U' 'M' 'U' 'M' 'U' 'U' 'M' 'M' 'M' 'M' 'M'
 'M' 'M' 'M' 'M' 'M' 'U' 'M' 'M' 'M' 'M' 'U' 'M' 'M' 'M' 'U' 'U' 'M' 'M'
 'M' 'M' 'M' 'U' 'M' 'M' 'M' 'M' 'M' 'M' 'M' 'M' 'M' 'M' 'M' 'M' 'M' 'M'
 'M' 'M' 'M' 'M' 'M' 'M' 'U' 'M' 'U' 'U' 'U' 'U' 'U' 'M' 'U' 'M' 'M' 'M'
 'M' 'M' 'M' 'M' 'U' 'U' 'M' 'M' 'M' 'M' 'U' 'M' 'M' 'M' 'M' 'M' 'M' 'M'
 'M' 'M' 'M' 'M' 'M' 'U' 'M' 'M' 'M' 'M' 'M' 'M' 'U' 'M' 'M' 'U' 'M' 'M'
 'M' 'U' 'M' 'M' 'M' 'M' 'M' 'M' 'M' 'M' 'U' 'M' 'M' 'M' 'M' 'M' 'M' 'U']"
185801,0,156,2,154,42,0,0,"['A' 'M' 'U' 'M' 'U' 'M' 'M' 'M' 'U' 'U' 'U' 'M' 'M' 'M' 'M' 'M' 'M' 'M'
 'U' 'M' 'U' 'M' 'U' 'M' 'M' 'M' 'U' 'U' 'M' 'M' 'U' 'M' 'M' 'M' 'U' 'M'
 'M' 'M' 'M' 'M' 'M' 'M' 'M' 'M' 'M' 'M' 'U' 'M' 'M' 'M' 'M' 'M' 'M' 'M'
 'M' 'U' 'U' 'M' 'M' 'U' 'M' 'M' 'M' 'M' 'M' 'M' 'M' 'M' 'U' 'M' 'U' 'M'
 'U' 'M' 'M' 'M' 'M' 'M' 'M' 'M' 'U' 'M' 'M' 'M' 'M' 'M' 'M' 'M' 'M' 'U'
 'M' 'M' 'M' 'M' 'M' 'U' 'M' 'M' 'M' 'M' 'U' 'M' 'M' 'M' 'U' 'U' 'M' 'M'
 'M' 'M' 'M' 'M' 'M' 'M' 'M' 'M' 'M' 'M' 'M' 'M' 'M' 'U' 'M' 'M' 'M' 'M'
 'M' 'M' 'M' 'M' 'M' 'M' 'U' 'M' 'U' 'M' 'A' 'U' 'M' 'U' 'U' 'M' 'M' 'M'
 'M' 'M' 'M' 'M' 'M' 'U' 'M' 'U' 'M' 'M' 'M' 'M' 'M' 'M' 'M' 'M' 'M' 'M'
 'M' 'U' 'M' 'M' 'M' 'M' 'M' 'M' 'M' 'M' 'M' 'M' 'U' 'M' 'M' 'U' 'U' 'M'
 'M' 'M' 'M' 'U' 'M' 'M' 'M' 'M' 'M' 'M' 'U' 'M' 'M' 'U' 'U' 'M' 'M' 'U']"
185901,0,163,3,160,35,0,0,"['A' 'M' 'U' 'M' 'M' 'M' 'M' 'M' 'A' 'U' 'U' 'M' 'M' 'M' 'M' 'M' 'M' 'M'
 'U' 'M' 'M' 'M' 'U' 'M' 'M' 'M' 'U' 'U' 'M' 'M' 'M' 'M' 'M' 'M' 'U' 'M'
 'M' 'M' 'M' 'M' 'M' 'M' 'M' 'M' 'M' 'M' 'U' 'U' 'M' 'M' 'M' 'U' 'M' 'M'
 'U' 'U' 'U' 'M' 'M' 'M' 'M' 'M' 'M' 'M' 'M' 'M' 'M' 'M' 'U' 'M' 'M' 'M'
 'M' 'M' 'M' 'M' 'M' 'M' 'M' 'M' 'M' 'U' 'U' 'U' 'M' 'M' 'M' 'M' 'M' 'M'
 'M' 'U' 'M' 'M' 'M' 'M' 'M' 'M' 'M' 'M' 'M' 'M' 'M' 'M' 'U' 'U' 'M' 'M'
 'M' 'M' 'M' 'M' 'M' 'M' 'M' 'M' 'M' 'M' 'M' 'M' 'M' 'M' 'M' 'M' 'M' 'M'
 'M' 'M' 'M' 'M' 'M' 'M' 'U' 'M' 'M' 'M' 'A' 'M' 'M' 'M' 'U' 'M' 'M' 'M'
 'M' 'M' 'M' 'M' 'M' 'U' 'M' 'U' 'M' 'M' 'M' 'M' 'M' 'M' 'M' 'M' 'M' 'M'
 'M' 'U' 'M' 'M' 'M' 'M' 'M' 'M' 'M' 'M' 'M' 'M' 'M' 'M' 'M' 'U' 'M' 'M'
 'U' 'M' 'M' 'U' 'U' 'M' 'M' 'U' 'M' 'M' 'U' 'M' 'M' 'U' 'U' 'M' 'M' 'U']"
186001,0,160,3,157,38,0,0,"['A' 'M' 'U' 'M' 'M' 'M' 'M' 'M' 'A' 'U' 'U' 'M' 'M' 'M' 'M' 'M' 'M' 'U'
 'U' 'M' 'M' 'M' 'U' 'M' 'M' 'M' 'M' 'U' 'M' 'M' 'M' 'M' 'M' 'M' 'U' 'M'
 'M' 'U' 'M' 'M' 'M' 'M' 'M' 'M' 'M' 'U' 'U' 'U' 'M' 'M' 'M' 'U' 'M' 'M'
 'U' 'U' 'U' 'M' 'M' 'M' 'M' 'M' 'M' 'M' 'M' 'M' 'M' 'M' 'M' 'M' 'M' 'M'
 'M' 'M' 'M' 'M' 'M' 'M' 'M' 'M' 'M' 'U' 'M' 'U' 'M' 'M' 'U' 'U' 'M' 'M'
 'M' 'M' 'M' 'U' 'M' 'M' 'M' 'M' 'M' 'M' 'M' 'M' 'M' 'M' 'U' 'U' 'M' 'M'
 'M' 'M' 'M' 'M' 'M' 'M' 'M' 'M' 'M' 'U' 'M' 'M' 'M' 'M' 'M' 'M' 'M' 'M'
 'M' 'M' 'M' 'M' 'M' 'M' 'U' 'M' 'M' 'M' 'A' 'M' 'M' 'M' 'U' 'M' 'M' 'M'
 'M' 'M' 'M' 'M' 'M' 'U' 'M' 'U' 'M' 'M' 'M' 'M' 'M' 'M' 'M' 'M' 'M' 'M'
 'M' 'U' 'M' 'U' 'M' 'M' 'M' 'M' 'M' 'M' 'M' 'M' 'M' 'M' 'M' 'M' 'M' 'M'
 'U' 'M' 'M' 'U' 'U' 'M' 'M' 'M' 'M' 'M' 'U' 'U' 'M' 'U' 'U' 'M' 'M' 'U']"
186101,0,169,4,165,29,0,0,"['A' 'M' 'M' 'M' 'M' 'M' 'M' 'M' 'A' 'M' 'M' 'M' 'M' 'M' 'M' 'M' 'M' 'A'
 'U' 'M' 'M' 'M' 'U' 'M' 'M' 'M' 'M' 'U' 'M' 'M' 'M' 'M' 'M' 'M' 'M' 'M'
 'M' 'U' 'M' 'M' 'M' 'M' 'M' 'M' 'M' 'U' 'M' 'U' 'M' 'M' 'M' 'M' 'M' 'M'
 'U' 'M' 'U' 'M' 'M' 'M' 'M' 'U' 'M' 'M' 'M' 'M' 'M' 'M' 'M' 'M' 'M' 'M'
 'M' 'U' 'M' 'M' 'U' 'M' 'M' 'M' 'M' 'U' 'M' 'M' 'M' 'M' 'M' 'M' 'M' 'M'
 'M' 'M' 'U' 'M' 'U' 'M' 'M' 'U' 'M' 'M' 'M' 'M' 'M' 'M' 'M' 'U' 'M' 'M'
 'M' 'M' 'M' 'M' 'M' 'M' 'M' 'M' 'M' 'U' 'M' 'M' 'M' 'M' 'M' 'M' 'M' 'M'
 'M' 'M' 'M' 'U' 'M' 'M' 'M' 'M' 'M' 'M' 'A' 'M' 'M' 'U' 'U' 'M' 'M' 'M'
 'M' 'M' 'M' 'M' 'M' 'U' 'M' 'U' 'U' 'M' 'M' 'M' 'M' 'M' 'M' 'M' 'M' 'M'
 'M' 'U' 'M' 'M' 'M' 'M' 'M' 'M' 'M' 'M' 'M' 'M' 'M' 'M' 'M' 'M' 'M' 'U'
 'U' 'M' 'M' 'U' 'M' 'M' 'M' 'M' 'M' 'M' 'U' 'M' 'M' 'M' 'U' 'M' 'M' 'M']"
186201,1,164,5,159,34,0,0,"['A' 'M' 'M' 'M' 'M' 'M' 'M' 'U' 'A' 'M' 'M' 'M' 'M' 'M' 'M' 'M' 'M' 'U'
 'U' 'M' 'M' 'M' 'U' 'M' 'M' 'M' 'M' 'U' 'M' 'M' 'M' 'M' 'M' 'M' 'M' 'M'
 'M' 'U' 'M' 'M' 'M' 'M' 'M' 'M' 'M' 'M' 'M' 'U' 'M' 'M' 'U' 'M' 'M' 'M'
 'U' 'M' 'U' 'M' 'M' 'M' 'M' 'A' 'M' 'M' 'M' 'U' 'M' 'M' 'U' 'M' 'M' 'M'
 'U' 'M' 'M' 'M' 'M' 'M' 'U' 'M' 'M' 'M' 'M' 'M' 'M' 'M' 'M' 'M' 'M' 'M'
 'M' 'M' 'U' 'M' 'M' 'M' 'M' 'U' 'M' 'M' 'M' 'M' 'M' 'M' 'M' 'M' 'M' 'M'
 'A' 'M' 'M' 'M' 'M' 'M' 'M' 'U' 'M' 'U' 'M' 'M' 'M' 'M' 'M' 'M' 'M' 'M'
 'M' 'U' 'M' 'U' 'M' 'U' 'U' 'M' 'M' 'M' 'A' 'M' 'M' 'U' 'M' 'U' 'U' 'M'
 'M' 'U' 'M' 'M' 'M' 'U' 'M' 'M' 'U' 'M' 'M' 'M' 'M' 'M' 'M' 'M' 'M' 'M'
 'M' 'U' 'M' 'M' 'M' 'M' 'M' 'M' 'M' 'M' 'M' 'M' 'M' 'M' 'M' 'M' 'M' 'U'
 'U' 'M' 'M' 'U' 'M' 'M' 'M' 'M' 'M' 'M' 'U' 'M' 'M' 'M' 'U' 'M' 'M' 'M']"
186301,0,160,5,155,38,0,0,"['A' 'M' 'M' 'M' 'M' 'M' 'M' 'U' 'A' 'M' 'M' 'M' 'U' 'M' 'M' 'U' 'M' 'M'
 'U' 'M' 'M' 'M' 'U' 'M' 'M' 'M' 'M' 'U' 'M' 'M' 'M' 'M' 'M' 'M' 'M' 'M'
 'M' 'U' 'M' 'M' 'M' 'M' 'M' 'M' 'M' 'M' 'M' 'U' 'M' 'M' 'M' 'M' 'M' 'M'
 'M' 'M' 'U' 'M' 'M' 'M' 'M' 'A' 'M' 'M' 'M' 'M' 'M' 'M' 'M' 'M' 'U' 'M'
 'M' 'M' 'U' 'M' 'U' 'M' 'M' 'M' 'M' 'M' 'U' 'M' 'M' 'M' 'M' 'M' 'M' 'U'
 'M' 'M' 'M' 'M' 'M' 'M' 'M' 'U' 'U' 'M' 'M' 'M' 'M' 'M' 'M' 'M' 'U' 'M'
 'A' 'M' 'M' 'M' 'M' 'M' 'M' 'U' 'M' 'U' 'M' 'M' 'M' 'M' 'M' 'M' 'M' 'M'
 'M' 'M' 'M' 'U' 'M' 'M' 'U' 'U' 'U' 'U' 'A' 'U' 'U' 'U' 'M' 'M' 'U' 'M'
 'M' 'U' 'U' 'M' 'M' 'M' 'M' 'M' 'M' 'M' 'M' 'M' 'M' 'M' 'M' 'M' 'M' 'M'
 'M' 'M' 'M' 'M' 'M' 'M' 'M' 'M' 'M' 'M' 'U' 'M' 'M' 'M' 'M' 'M' 'M' 'U'
 'U' 'U' 'M' 'U' 'M' 'M' 'M' 'M' 'M' 'U' 'U' 'M' 'M' 'M' 'U' 'M' 'M' 'M']"
186401,0,165,5,160,33,0,0,"['A' 'M' 'M' 'M' 'M' 'M' 'M' 'M' 'A' 'M' 'M' 'M' 'U' 'M' 'M' 'U' 'M' 'M'
 'U' 'M' 'M' 'M' 'M' 'M' 'M' 'M' 'M' 'U' 'M' 'M' 'M' 'M' 'M' 'M' 'M' 'M'
 'M' 'U' 'M' 'M' 'M' 'M' 'M' 'M' 'M' 'M' 'M' 'U' 'M' 'M' 'M' 'M' 'M' 'M'
 'M' 'M' 'U' 'M' 'M' 'M' 'M' 'U' 'M' 'M' 'M' 'M' 'M' 'M' 'M' 'M' 'M' 'M'
 'M' 'M' 'M' 'M' 'U' 'M' 'U' 'M' 'M' 'M' 'M' 'M' 'M' 'M' 'U' 'M' 'M' 'M'
 'M' 'U' 'M' 'M' 'U' 'M' 'M' 'U' 'M' 'M' 'M' 'M' 'U' 'M' 'M' 'M' 'U' 'M'
 'A' 'M' 'M' 'M' 'M' 'M' 'M' 'U' 'M' 'M' 'M' 'M' 'M' 'M' 'M' 'U' 'M' 'M'
 'M' 'M' 'M' 'M' 'M' 'U' 'U' 'U' 'U' 'U' 'A' 'M' 'A' 'U' 'M' 'M' 'U' 'M'
 'M' 'U' 'U' 'M' 'M' 'M' 'M' 'M' 'M' 'M' 'U' 'M' 'M' 'M' 'M' 'M' 'M' 'M'
 'M' 'U' 'M' 'M' 'M' 'M' 'M' 'M' 'M' 'M' 'M' 'M' 'M' 'M' 'M' 'M' 'M' 'U'
 'M' 'M' 'M' 'M' 'M' 'M' 'M' 'M' 'M' 'U' 'U' 'M' 'M' 'M' 'U' 'M' 'M' 'M']"
186501,0,163,6,157,35,0,0,"['A' 'M' 'M' 'M' 'M' 'M' 'M' 'M' 'A' 'M' 'M' 'M' 'U' 'M' 'M' 'M' 'M' 'M'
 'U' 'M' 'M' 'M' 'M' 'M' 'M' 'M' 'M' 'U' 'M' 'M' 'M' 'M' 'M' 'M' 'M' 'M'
 'M' 'U' 'M' 'M' 'M' 'M' 'M' 'M' 'M' 'M' 'U' 'M' 'M' 'M' 'M' 'U' 'U' 'M'
 'M' 'U' 'A' 'M' 'M' 'M' 'M' 'U' 'M' 'M' 'M' 'M' 'M' 'U' 'M' 'M' 'U' 'M'
 'M' 'M' 'M' 'M' 'M' 'M' 'M' 'M' 'M' 'M' 'M' 'U' 'U' 'M' 'M' 'U' 'M' 'M'
 'M' 'M' 'M' 'M' 'M' 'A' 'M' 'U' 'M' 'M' 'M' 'M' 'U' 'M' 'M' 'M' 'U' 'M'
 'A' 'M' 'M' 'U' 'M' 'M' 'M' 'U' 'U' 'M' 'M' 'M' 'M' 'M' 'M' 'M' 'M' 'M'
 'M' 'M' 'M' 'M' 'M' 'U' 'U' 'U' 'M' 'U' 'U' 'M' 'A' 'U' 'M' 'M' 'U' 'M'
 'M' 'U' 'U' 'M' 'M' 'M' 'M' 'M' 'M' 'M' 'M' 'M' 'M' 'M' 'M' 'M' 'M' 'M'
 'M' 'M' 'M' 'M' 'M' 'M' 'M' 'M' 'M' 'M' 'M' 'M' 'M' 'M' 'U' 'M' 'U' 'U'
 'M' 'M' 'M' 'M' 'M' 'M' 'M' 'M' 'M' 'U' 'U' 'M' 'M' 'M' 'U' 'M' 'M' 'M']"
186601,0,160,6,154,38,0,0,"['A' 'M' 'M' 'U' 'M' 'M' 'M' 'M' 'U' 'M' 'M' 'U' 'U' 'M' 'M' 'M' 'M' 'M'
 'U' 'U' 'M' 'M' 'M' 'M' 'M' 'M' 'M' 'U' 'M' 'U' 'M' 'M' 'M' 'M' 'M' 'M'
 'U' 'U' 'M' 'M' 'M' 'M' 'M' 'M' 'M' 'M' 'M' 'M' 'M' 'U' 'M' 'U' 'M' 'M'
 'M' 'U' 'A' 'M' 'M' 'M' 'M' 'U' 'M' 'M' 'U' 'M' 'U' 'U' 'M' 'M' 'M' 'U'
 'M' 'M' 'U' 'M' 'M' 'M' 'M' 'U' 'M' 'M' 'M' 'M' 'M' 'M' 'M' 'M' 'M' 'M'
 'M' 'M' 'M' 'M' 'M' 'A' 'M' 'U' 'M' 'M' 'M' 'U' 'U' 'M' 'M' 'M' 'U' 'M'
 'A' 'M' 'M' 'U' 'M' 'M' 'M' 'M' 'U' 'M' 'M' 'M' 'M' 'M' 'M' 'U' 'M' 'M'
 'M' 'M' 'M' 'M' 'M' 'U' 'U' 'M' 'M' 'U' 'U' 'M' 'A' 'U' 'M' 'M' 'U' 'M'
 'M' 'U' 'M' 'M' 'M' 'U' 'M' 'M' 'M' 'M' 'M' 'M' 'M' 'M' 'M' 'M' 'M' 'M'
 'A' 'M' 'M' 'M' 'M' 'M' 'M' 'M' 'M' 'M' 'M' 'M' 'M' 'M' 'M' 'M' 'M' 'U'
 'M' 'M' 'M' 'M' 'M' 'M' 'M' 'M' 'M' 'M' 'U' 'M' 'M' 'M' 'U' 'M' 'M' 'M']"
186701,0,161,4,157,37,0,0,"['A' 'M' 'M' 'U' 'M' 'M' 'M' 'U' 'M' 'M' 'M' 'U' 'U' 'M' 'M' 'M' 'M' 'M'
 'U' 'U' 'M' 'M' 'M' 'M' 'M' 'M' 'M' 'M' 'M' 'M' 'M' 'M' 'M' 'M' 'M' 'U'
 'M' 'U' 'M' 'M' 'M' 'M' 'M' 'M' 'M' 'M' 'M' 'M' 'M' 'U' 'M' 'M' 'M' 'M'
 'M' 'U' 'A' 'M' 'U' 'M' 'M' 'U' 'U' 'M' 'M' 'M' 'M' 'M' 'M' 'M' 'M' 'M'
 'U' 'M' 'M' 'M' 'U' 'M' 'M' 'M' 'M' 'M' 'M' 'U' 'U' 'M' 'M' 'M' 'M' 'M'
 'M' 'M' 'M' 'U' 'M' 'U' 'M' 'U' 'M' 'M' 'U' 'U' 'U' 'M' 'M' 'M' 'U' 'M'
 'A' 'M' 'M' 'M' 'M' 'M' 'M' 'M' 'U' 'M' 'M' 'M' 'M' 'M' 'M' 'U' 'M' 'M'
 'M' 'M' 'M' 'M' 'M' 'U' 'M' 'M' 'M' 'U' 'U' 'M' 'A' 'U' 'M' 'M' 'U' 'M'
 'M' 'M' 'M' 'M' 'M' 'M' 'M' 'M' 'M' 'M' 'M' 'M' 'M' 'M' 'M' 'U' 'M' 'U'
 'U' 'M' 'M' 'M' 'M' 'M' 'M' 'M' 'M' 'M' 'M' 'M' 'U' 'M' 'M' 'M' 'M' 'U'
 'M' 'M' 'M' 'M' 'M' 'M' 'M' 'M' 'M' 'M' 'M' 'M' 'M' 'M' 'U' 'M' 'M' 'M']"
186801,0,166,3,163,32,0,0,"['A' 'M' 'M' 'M' 'M' 'M' 'M' 'U' 'M' 'M' 'M' 'M' 'U' 'M' 'M' 'M' 'M' 'M'
 'U' 'U' 'M' 'M' 'M' 'M' 'M' 'M' 'M' 'M' 'M' 'M' 'M' 'M' 'M' 'M' 'M' 'M'
 'M' 'U' 'M' 'M' 'M' 'M' 'M' 'M' 'M' 'M' 'M' 'M' 'M' 'M' 'M' 'M' 'M' 'M'
 'M' 'U' 'A' 'M' 'M' 'M' 'M' 'M' 'U' 'M' 'M' 'M' 'M' 'M' 'M' 'M' 'M' 'M'
 'U' 'M' 'M' 'M' 'M' 'M' 'M' 'M' 'M' 'M' 'M' 'M' 'M' 'M' 'U' 'M' 'U' 'M'
 'U' 'M' 'M' 'M' 'U' 'A' 'M' 'U' 'M' 'M' 'U' 'U' 'M' 'M' 'M' 'M' 'U' 'M'
 'U' 'M' 'M' 'M' 'M' 'M' 'M' 'U' 'M' 'M' 'M' 'M' 'M' 'M' 'M' 'M' 'M' 'M'
 'M' 'M' 'M' 'M' 'M' 'U' 'M' 'M' 'M' 'U' 'U' 'M' 'U' 'U' 'M' 'M' 'M' 'M'
 'M' 'M' 'M' 'U' 'M' 'M' 'M' 'M' 'M' 'M' 'M' 'M' 'M' 'M' 'M' 'U' 'M' 'U'
 'M' 'M' 'M' 'M' 'M' 'M' 'M' 'M' 'M' 'M' 'M' 'M' 'U' 'M' 'M' 'U' 'M' 'U'
 'M' 'M' 'M' 'M' 'M' 'U' 'M' 'M' 'M' 'M' 'U' 'U' 'M' 'M' 'M' 'M' 'M' 'M']"
186901,0,162,2,160,36,1,0,"['A' 'M' 'M' 'M' 'M' 'M' 'M' 'U' 'M' 'M' 'M' 'M' 'U' 'M' 'M' 'M' 'M' 'M'
 'U' 'M' 'M' 'M' 'M' 'M' 'M' 'M' 'M' 'M' 'M' 'M' 'M' 'M' 'M' 'M' 'M' 'M'
 'M' 'U' 'M' 'M' 'M' 'M' 'M' 'M' 'U' 'M' 'M' 'M' 'M' 'M' 'M' 'M' 'M' 'M'
 'M' 'U' 'A' 'M' 'M' 'M' 'M' 'M' 'U' 'M' 'M' 'M' 'M' 'M' 'M' 'M' 'U' 'M'
 'M' 'M' 'U' 'M' 'M' 'M' 'M' 'M' 'M' 'M' 'M' 'M' 'M' 'M' 'U' 'M' 'M' 'M'
 'M' 'U' 'M' 'U' 'M' 'M' 'M' 'U' 'M' 'M' 'U' 'M' 'U' 'M' 'M' 'M' 'U' 'U'
 'U' 'M' 'M' 'M' 'U' 'M' 'M' 'U' 'M' 'M' 'M' 'M' 'M' 'M' 'M' 'U' 'M' 'M'
 'M' 'M' 'M' 'M' 'M' 'U' 'M' 'M' 'M' 'U' 'U' 'M' 'U' 'U' 'M' 'M' 'M' 'M'
 'M' 'U' 'M' 'U' 'M' 'M' 'M' 'M' 'M' 'M' 'M' 'M' 'M' 'M' 'M' 'U' 'M' 'U'
 'M' 'M' 'M' 'M' 'M' 'M' 'M' 'M' 'M' 'M' 'M' 'M' 'U' 'M' 'M' 'U' 'M' 'U'
 'M' 'M' 'M' 'M' 'M' 'U' 'M' 'U' 'M' 'M' 'M' 'U' 'M' 'M' 'M' 'M' 'M' 'M']"
187001,0,164,2,162,34,0,0,"['A' 'M' 'U' 'M' 'M' 'M' 'M' 'M' 'M' 'M' 'M' 'M' 'U' 'M' 'M' 'M' 'M' 'M'
 'M' 'M' 'M' 'M' 'M' 'M' 'M' 'M' 'M' 'M' 'M' 'M' 'M' 'M' 'M' 'M' 'M' 'M'
 'M' 'U' 'M' 'M' 'M' 'M' 'M' 'M' 'U' 'M' 'M' 'M' 'M' 'M' 'M' 'M' 'M' 'M'
 'M' 'M' 'A' 'M' 'M' 'M' 'M' 'M' 'U' 'M' 'M' 'M' 'M' 'M' 'U' 'U' 'M' 'M'
 'M' 'M' 'U' 'U' 'U' 'M' 'M' 'M' 'M' 'M' 'M' 'M' 'M' 'M' 'M' 'M' 'M' 'M'
 'M' 'M' 'M' 'M' 'M' 'M' 'M' 'U' 'M' 'M' 'U' 'M' 'M' 'U' 'M' 'M' 'U' 'U'
 'U' 'U' 'M' 'M' 'U' 'M' 'M' 'U' 'M' 'M' 'M' 'M' 'M' 'M' 'M' 'M' 'M' 'M'
 'M' 'M' 'M' 'M' 'M' 'M' 'M' 'M' 'M' 'M' 'M' 'M' 'U' 'U' 'M' 'M' 'M' 'M'
 'M' 'U' 'M' 'U' 'M' 'M' 'M' 'U' 'M' 'M' 'M' 'M' 'M' 'M' 'M' 'U' 'M' 'U'
 'M' 'M' 'M' 'M' 'M' 'M' 'M' 'M' 'M' 'M' 'M' 'U' 'U' 'M' 'M' 'U' 'M' 'U'
 'M' 'M' 'M' 'U' 'M' 'U' 'M' 'U' 'M' 'M' 'M' 'M' 'U' 'M' 'M' 'M' 'M' 'M']"
187101,0,168,2,166,30,0,0,"['A' 'M' 'U' 'M' 'M' 'M' 'M' 'M' 'M' 'M' 'M' 'M' 'U' 'M' 'M' 'M' 'M' 'M'
 'M' 'M' 'M' 'M' 'M' 'M' 'M' 'M' 'M' 'M' 'M' 'M' 'M' 'M' 'M' 'M' 'M' 'M'
 'M' 'M' 'M' 'M' 'M' 'M' 'M' 'M' 'U' 'M' 'M' 'M' 'U' 'U' 'M' 'M' 'M' 'M'
 'M' 'M' 'A' 'M' 'M' 'M' 'M' 'M' 'U' 'M' 'M' 'M' 'U' 'M' 'M' 'M' 'M' 'M'
 'U' 'U' 'M' 'M' 'M' 'M' 'M' 'M' 'M' 'M' 'M' 'M' 'M' 'M' 'M' 'U' 'M' 'M'
 'M' 'M' 'M' 'M' 'U' 'M' 'M' 'M' 'M' 'M' 'U' 'M' 'M' 'U' 'M' 'M' 'U' 'U'
 'U' 'U' 'M' 'M' 'U' 'M' 'M' 'U' 'M' 'M' 'M' 'M' 'M' 'M' 'M' 'M' 'M' 'M'
 'M' 'M' 'M' 'M' 'U' 'M' 'M' 'M' 'M' 'M' 'M' 'M' 'U' 'U' 'M' 'M' 'M' 'M'
 'M' 'M' 'M' 'U' 'M' 'M' 'M' 'U' 'M' 'M' 'M' 'M' 'M' 'M' 'M' 'U' 'M' 'U'
 'M' 'M' 'M' 'M' 'M' 'M' 'M' 'M' 'M' 'M' 'M' 'U' 'M' 'M' 'M' 'M' 'U' 'M'
 'M' 'M' 'M' 'M' 'M' 'U' 'M' 'U' 'M' 'M' 'M' 'M' 'M' 'M' 'M' 'M' 'M' 'M']"
187201,0,161,2,159,37,0,0,"['A' 'M' 'U' 'M' 'M' 'M' 'M' 'M' 'M' 'M' 'M' 'M' 'M' 'M' 'M' 'M' 'M' 'M'
 'M' 'M' 'M' 'M' 'M' 'M' 'M' 'M' 'M' 'M' 'M' 'M' 'M' 'M' 'M' 'U' 'U' 'M'
 'M' 'M' 'M' 'M' 'U' 'M' 'M' 'M' 'U' 'M' 'M' 'U' 'M' 'U' 'M' 'M' 'M' 'M'
 'M' 'M' 'A' 'M' 'M' 'M' 'M' 'M' 'M' 'M' 'M' 'M' 'M' 'M' 'M' 'M' 'M' 'U'
 'M' 'M' 'M' 'M' 'M' 'M' 'M' 'U' 'U' 'M' 'M' 'U' 'M' 'U' 'M' 'M' 'M' 'M'
 'M' 'M' 'M' 'M' 'M' 'U' 'U' 'M' 'M' 'M' 'U' 'M' 'M' 'U' 'M' 'M' 'U' 'M'
 'U' 'U' 'M' 'M' 'U' 'M' 'M' 'U' 'M' 'M' 'M' 'M' 'M' 'M' 'M' 'U' 'M' 'M'
 'M' 'M' 'U' 'M' 'M' 'M' 'M' 'M' 'M' 'M' 'M' 'M' 'U' 'M' 'M' 'M' 'M' 'M'
 'M' 'M' 'M' 'U' 'M' 'M' 'M' 'U' 'M' 'M' 'M' 'M' 'M' 'M' 'U' 'U' 'M' 'M'
 'U' 'M' 'M' 'M' 'U' 'M' 'M' 'M' 'M' 'M' 'M' 'U' 'M' 'M' 'U' 'M' 'U' 'M'
 'M' 'M' 'M' 'M' 'M' 'U' 'M' 'U' 'M' 'M' 'M' 'M' 'M' 'M' 'M' 'U' 'U' 'M']"
187301,0,162,5,157,36,0,0,"['A' 'M' 'U' 'M' 'M' 'M' 'U' 'M' 'M' 'M' 'M' 'U' 'M' 'M' 'M' 'U' 'M' 'M'
 'M' 'M' 'M' 'M' 'M' 'M' 'M' 'M' 'M' 'M' 'M' 'M' 'M' 'M' 'M' 'U' 'U' 'M'
 'U' 'M' 'U' 'M' 'U' 'M' 'M' 'M' 'U' 'M' 'M' 'U' 'M' 'U' 'M' 'M' 'M' 'M'
 'M' 'M' 'A' 'M' 'M' 'M' 'M' 'M' 'U' 'M' 'M' 'M' 'M' 'M' 'M' 'M' 'U' 'M'
 'M' 'M' 'U' 'M' 'U' 'M' 'M' 'M' 'M' 'M' 'M' 'M' 'U' 'M' 'M' 'M' 'M' 'M'
 'M' 'U' 'M' 'M' 'M' 'U' 'M' 'M' 'M' 'M' 'U' 'M' 'M' 'U' 'M' 'M' 'U' 'M'
 'U' 'U' 'M' 'M' 'U' 'M' 'M' 'M' 'M' 'M' 'M' 'M' 'M' 'U' 'M' 'U' 'M' 'U'
 'M' 'M' 'M' 'M' 'M' 'M' 'M' 'M' 'M' 'M' 'A' 'M' 'U' 'M' 'M' 'M' 'A' 'M'
 'M' 'M' 'M' 'U' 'M' 'M' 'M' 'M' 'M' 'M' 'M' 'M' 'M' 'M' 'U' 'U' 'M' 'M'
 'U' 'M' 'M' 'M' 'U' 'M' 'M' 'M' 'M' 'M' 'M' 'U' 'M' 'M' 'M' 'M' 'M' 'M'
 'M' 'M' 'M' 'M' 'M' 'M' 'M' 'M' 'M' 'M' 'M' 'M' 'M' 'M' 'M' 'A' 'U' 'M']"
187401,0,166,5,161,32,0,0,"['A' 'M' 'U' 'M' 'M' 'M' 'U' 'M' 'M' 'M' 'M' 'M' 'M' 'M' 'M' 'U' 'M' 'M'
 'M' 'M' 'M' 'M' 'M' 'M' 'M' 'U' 'M' 'M' 'M' 'M' 'M' 'M' 'M' 'U' 'M' 'M'
 'M' 'M' 'M' 'M' 'U' 'M' 'M' 'M' 'U' 'M' 'M' 'U' 'U' 'M' 'M' 'M' 'M' 'M'
 'M' 'M' 'A' 'M' 'M' 'M' 'M' 'M' 'U' 'U' 'M' 'U' 'M' 'M' 'M' 'M' 'U' 'U'
 'M' 'M' 'M' 'M' 'M' 'M' 'M' 'M' 'M' 'M' 'U' 'M' 'M' 'M' 'M' 'M' 'M' 'M'
 'M' 'M' 'U' 'M' 'M' 'U' 'M' 'M' 'M' 'M' 'U' 'M' 'M' 'A' 'M' 'M' 'M' 'M'
 'M' 'U' 'M' 'M' 'U' 'M' 'M' 'M' 'M' 'M' 'M' 'M' 'M' 'M' 'M' 'U' 'M' 'U'
 'M' 'M' 'M' 'M' 'M' 'M' 'M' 'M' 'M' 'M' 'A' 'M' 'U' 'M' 'M' 'U' 'U' 'M'
 'M' 'M' 'M' 'U' 'M' 'U' 'M' 'M' 'M' 'M' 'M' 'M' 'M' 'M' 'M' 'U' 'M' 'M'
 'U' 'M' 'M' 'M' 'M' 'M' 'M' 'M' 'M' 'M' 'M' 'U' 'M' 'M' 'M' 'U' 'M' 'M'
 'M' 'M' 'M' 'M' 'M' 'M' 'M' 'M' 'M' 'M' 'M' 'M' 'M' 'M' 'M' 'A' 'U' 'M']"
187501,0,168,6,162,30,0,0,"['A' 'M' 'U' 'M' 'M' 'M' 'U' 'M' 'M' 'M' 'M' 'M' 'M' 'M' 'M' 'U' 'M' 'M'
 'M' 'M' 'M' 'M' 'M' 'M' 'M' 'U' 'M' 'M' 'M' 'U' 'M' 'M' 'M' 'M' 'M' 'M'
 'M' 'M' 'M' 'M' 'U' 'U' 'M' 'M' 'M' 'M' 'M' 'A' 'A' 'M' 'M' 'M' 'M' 'M'
 'M' 'M' 'U' 'U' 'M' 'M' 'M' 'M' 'U' 'U' 'M' 'M' 'M' 'M' 'M' 'M' 'U' 'M'
 'U' 'M' 'U' 'M' 'M' 'M' 'M' 'M' 'M' 'M' 'U' 'M' 'M' 'M' 'M' 'M' 'M' 'M'
 'M' 'M' 'M' 'M' 'U' 'U' 'M' 'M' 'U' 'M' 'U' 'M' 'M' 'A' 'M' 'M' 'M' 'M'
 'M' 'U' 'M' 'M' 'U' 'M' 'M' 'M' 'M' 'M' 'M' 'M' 'M' 'M' 'M' 'U' 'M' 'U'
 'M' 'M' 'U' 'M' 'M' 'M' 'M' 'M' 'M' 'M' 'A' 'M' 'M' 'M' 'M' 'U' 'U' 'M'
 'M' 'M' 'M' 'M' 'M' 'U' 'M' 'M' 'M' 'M' 'M' 'M' 'M' 'M' 'M' 'U' 'M' 'M'
 'U' 'M' 'M' 'M' 'M' 'M' 'M' 'M' 'M' 'M' 'M' 'M' 'M' 'M' 'M' 'U' 'M' 'M'
 'M' 'M' 'M' 'M' 'M' 'M' 'M' 'M' 'M' 'M' 'M' 'M' 'M' 'M' 'M' 'A' 'M' 'M']"
187601,0,168,6,162,30,0,1,"['A' 'M' 'M' 'M' 'U' 'M' 'U' 'M' 'M' 'M' 'M' 'M' 'M' 'M' 'M' 'U' 'U' 'M'
 'M' 'M' 'M' 'M' 'M' 'M' 'M' 'U' 'M' 'M' 'U' 'M' 'M' 'M' 'M' 'M' 'M' 'M'
 'M' 'M' 'M' 'M' 'M' 'M' 'M' 'M' 'M' 'M' 'M' 'A' 'A' 'M' 'M' 'M' 'U' 'M'
 'U' 'M' 'U' 'U' 'M' 'M' 'M' 'M' 'U' 'U' 'M' 'M' 'M' 'M' 'M' 'M' 'M' 'M'
 'M' 'U' 'U' 'M' 'U' 'M' 'U' 'M' 'M' 'M' 'M' 'M' 'M' 'M' 'M' 'M' 'M' 'M'
 'U' 'M' 'M' 'M' 'M' 'U' 'M' 'M' 'U' 'M' 'M' 'M' 'M' 'A' 'M' 'M' 'M' 'M'
 'M' 'U' 'M' 'M' 'U' 'M' 'M' 'M' 'M' 'M' 'M' 'M' 'M' 'M' 'M' 'M' 'M' 'U'
 'U' 'M' 'U' 'M' 'M' 'M' 'M' 'M' 'M' 'M' 'A' 'M' 'M' 'M' 'M' 'M' 'M' 'M'
 'M' 'M' 'M' 'M' 'M' 'U' 'M' 'M' 'M' 'M' 'M' 'M' 'M' 'M' 'M' 'U' 'M' 'M'
 'M' 'M' 'M' 'M' 'M' 'M' 'M' 'M' 'M' 'M' 'M' 'M' 'M' 'M' 'M' 'A' 'M' 'M'
 'U' 'U' 'M' 'M' 'M' 'M' 'U' 'M' 'M' 'M' 'M' 'M' 'M' 'M' 'M' 'U' 'M' 'M']"
187701,0,167,5,162,31,0,0,"['A' 'M' 'M' 'M' 'U' 'M' 'U' 'M' 'M' 'M' 'M' 'M' 'M' 'M' 'U' 'U' 'M' 'M'
 'M' 'M' 'M' 'M' 'M' 'M' 'M' 'U' 'U' 'M' 'U' 'M' 'M' 'M' 'M' 'M' 'M' 'M'
 'M' 'M' 'M' 'M' 'U' 'M' 'M' 'M' 'M' 'M' 'M' 'A' 'A' 'M' 'M' 'M' 'U' 'M'
 'M' 'M' 'U' 'U' 'M' 'M' 'M' 'M' 'U' 'M' 'M' 'M' 'M' 'M' 'M' 'M' 'M' 'M'
 'M' 'U' 'M' 'M' 'M' 'M' 'M' 'M' 'M' 'M' 'M' 'M' 'U' 'M' 'U' 'M' 'M' 'M'
 'M' 'U' 'M' 'M' 'U' 'U' 'M' 'M' 'U' 'M' 'M' 'M' 'M' 'A' 'M' 'M' 'M' 'M'
 'M' 'U' 'M' 'M' 'U' 'M' 'M' 'M' 'M' 'M' 'M' 'M' 'M' 'M' 'M' 'M' 'M' 'U'
 'M' 'M' 'M' 'M' 'M' 'U' 'M' 'M' 'M' 'M' 'U' 'M' 'M' 'M' 'U' 'U' 'M' 'M'
 'M' 'M' 'M' 'M' 'M' 'U' 'M' 'M' 'M' 'M' 'M' 'M' 'M' 'M' 'M' 'M' 'M' 'M'
 'M' 'M' 'M' 'M' 'M' 'M' 'M' 'M' 'M' 'M' 'M' 'M' 'M' 'M' 'M' 'A' 'M' 'M'
 'M' 'M' 'M' 'M' 'M' 'M' 'U' 'M' 'M' 'M' 'U' 'U' 'M' 'M' 'M' 'U' 'M' 'M']"
187801,0,165,6,159,33,0,0,"['A' 'M' 'M' 'M' 'U' 'M' 'U' 'M' 'M' 'M' 'M' 'M' 'M' 'M' 'U' 'U' 'M' 'M'
 'M' 'U' 'M' 'M' 'M' 'M' 'M' 'U' 'A' 'M' 'U' 'M' 'M' 'M' 'M' 'M' 'M' 'M'
 'M' 'M' 'M' 'M' 'U' 'M' 'M' 'M' 'M' 'M' 'M' 'A' 'U' 'M' 'M' 'M' 'U' 'M'
 'M' 'M' 'M' 'U' 'M' 'M' 'M' 'M' 'U' 'M' 'M' 'M' 'M' 'M' 'M' 'M' 'M' 'M'
 'M' 'M' 'U' 'U' 'M' 'M' 'M' 'M' 'U' 'M' 'M' 'M' 'M' 'M' 'M' 'M' 'M' 'M'
 'U' 'U' 'M' 'M' 'M' 'M' 'M' 'U' 'U' 'M' 'M' 'U' 'M' 'A' 'M' 'M' 'M' 'M'
 'U' 'U' 'U' 'M' 'M' 'M' 'M' 'M' 'M' 'M' 'M' 'M' 'M' 'M' 'M' 'M' 'M' 'M'
 'M' 'M' 'M' 'M' 'M' 'M' 'M' 'M' 'M' 'M' 'M' 'M' 'M' 'M' 'U' 'U' 'M' 'M'
 'M' 'M' 'M' 'M' 'M' 'U' 'M' 'M' 'M' 'M' 'M' 'M' 'M' 'M' 'U' 'M' 'M' 'M'
 'M' 'M' 'M' 'M' 'M' 'M' 'M' 'M' 'M' 'M' 'M' 'M' 'M' 'M' 'M' 'A' 'M' 'M'
 'M' 'M' 'M' 'M' 'M' 'M' 'U' 'U' 'M' 'U' 'A' 'U' 'M' 'M' 'M' 'U' 'M' 'U']"
187901,0,164,2,162,34,0,0,"['A' 'M' 'M' 'M' 'U' 'M' 'M' 'M' 'M' 'M' 'M' 'M' 'M' 'M' 'U' 'U' 'M' 'M'
 'M' 'U' 'M' 'M' 'M' 'M' 'M' 'U' 'A' 'M' 'U' 'M' 'M' 'M' 'M' 'M' 'M' 'M'
 'M' 'M' 'M' 'U' 'U' 'M' 'M' 'M' 'M' 'M' 'M' 'M' 'U' 'M' 'M' 'M' 'M' 'M'
 'M' 'M' 'M' 'U' 'M' 'M' 'M' 'M' 'U' 'M' 'M' 'M' 'M' 'M' 'M' 'M' 'M' 'M'
 'M' 'M' 'U' 'M' 'M' 'U' 'U' 'M' 'M' 'M' 'M' 'M' 'M' 'U' 'M' 'M' 'M' 'U'
 'M' 'M' 'M' 'M' 'M' 'M' 'M' 'U' 'M' 'M' 'M' 'U' 'M' 'M' 'M' 'M' 'M' 'M'
 'U' 'U' 'M' 'M' 'M' 'M' 'M' 'M' 'M' 'M' 'M' 'U' 'M' 'U' 'M' 'M' 'M' 'M'
 'M' 'M' 'M' 'M' 'M' 'M' 'M' 'M' 'M' 'M' 'M' 'M' 'M' 'M' 'U' 'U' 'M' 'M'
 'M' 'M' 'M' 'M' 'M' 'U' 'M' 'M' 'M' 'M' 'M' 'M' 'M' 'M' 'U' 'M' 'M' 'M'
 'M' 'M' 'M' 'M' 'M' 'M' 'M' 'M' 'M' 'M' 'M' 'M' 'M' 'M' 'M' 'U' 'M' 'M'
 'M' 'M' 'M' 'U' 'M' 'M' 'U' 'M' 'M' 'U' 'U' 'U' 'M' 'M' 'M' 'U' 'M' 'U']"
188001,0,161,1,160,37,0,0,"['A' 'M' 'M' 'M' 'U' 'M' 'M' 'M' 'M' 'M' 'M' 'M' 'M' 'M' 'U' 'U' 'M' 'U'
 'M' 'U' 'M' 'M' 'M' 'M' 'M' 'U' 'M' 'M' 'M' 'M' 'M' 'M' 'M' 'M' 'M' 'M'
 'M' 'M' 'M' 'U' 'U' 'M' 'U' 'M' 'M' 'M' 'M' 'M' 'U' 'M' 'M' 'M' 'M' 'M'
 'M' 'M' 'U' 'U' 'M' 'M' 'M' 'M' 'U' 'M' 'M' 'M' 'U' 'M' 'M' 'M' 'M' 'M'
 'M' 'U' 'M' 'U' 'U' 'M' 'M' 'M' 'M' 'M' 'M' 'M' 'M' 'U' 'M' 'M' 'M' 'M'
 'M' 'M' 'M' 'M' 'M' 'M' 'M' 'U' 'M' 'M' 'M' 'U' 'M' 'M' 'M' 'M' 'M' 'M'
 'U' 'M' 'U' 'M' 'M' 'M' 'M' 'M' 'M' 'M' 'M' 'U' 'M' 'M' 'M' 'M' 'M' 'M'
 'M' 'M' 'M' 'M' 'M' 'M' 'M' 'M' 'M' 'M' 'M' 'M' 'M' 'M' 'U' 'U' 'M' 'M'
 'M' 'M' 'M' 'M' 'M' 'U' 'M' 'M' 'M' 'M' 'M' 'M' 'M' 'M' 'U' 'M' 'M' 'M'
 'M' 'M' 'U' 'M' 'M' 'M' 'M' 'M' 'M' 'M' 'U' 'M' 'M' 'M' 'M' 'U' 'U' 'M'
 'M' 'M' 'M' 'U' 'M' 'M' 'U' 'M' 'M' 'M' 'U' 'U' 'M' 'M' 'M' 'U' 'M' 'U']"
188101,0,162,6,156,36,0,0,"['A' 'M' 'M' 'M' 'U' 'M' 'M' 'M' 'M' 'M' 'M' 'M' 'M' 'M' 'A' 'U' 'A' 'U'
 'M' 'U' 'M' 'M' 'M' 'M' 'M' 'U' 'M' 'M' 'M' 'M' 'M' 'U' 'M' 'M' 'U' 'M'
 'M' 'M' 'M' 'M' 'M' 'M' 'U' 'M' 'M' 'M' 'A' 'M' 'U' 'M' 'M' 'M' 'M' 'M'
 'M' 'M' 'U' 'U' 'M' 'M' 'M' 'M' 'U' 'M' 'M' 'U' 'U' 'M' 'M' 'M' 'M' 'M'
 'M' 'M' 'M' 'M' 'M' 'M' 'M' 'M' 'M' 'M' 'U' 'M' 'M' 'M' 'M' 'U' 'U' 'M'
 'M' 'M' 'M' 'M' 'M' 'M' 'M' 'U' 'M' 'M' 'M' 'U' 'U' 'M' 'M' 'M' 'M' 'M'
 'U' 'M' 'U' 'M' 'M' 'M' 'M' 'M' 'M' 'M' 'M' 'U' 'M' 'M' 'M' 'M' 'M' 'M'
 'M' 'M' 'M' 'M' 'M' 'M' 'M' 'M' 'M' 'M' 'M' 'M' 'U' 'M' 'M' 'U' 'M' 'M'
 'M' 'M' 'M' 'M' 'M' 'U' 'M' 'M' 'M' 'M' 'M' 'M' 'M' 'M' 'A' 'M' 'U' 'M'
 'M' 'M' 'U' 'M' 'M' 'M' 'M' 'M' 'M' 'M' 'U' 'M' 'M' 'M' 'M' 'U' 'U' 'U'
 'M' 'M' 'M' 'A' 'U' 'M' 'M' 'M' 'M' 'M' 'M' 'U' 'M' 'M' 'M' 'U' 'M' 'U']"
188201,0,156,3,153,42,0,0,"['A' 'M' 'M' 'M' 'U' 'M' 'M' 'M' 'M' 'U' 'M' 'M' 'M' 'M' 'U' 'M' 'A' 'U'
 'M' 'U' 'M' 'M' 'M' 'M' 'U' 'M' 'M' 'U' 'M' 'M' 'M' 'U' 'M' 'U' 'U' 'M'
 'M' 'M' 'M' 'M' 'M' 'M' 'U' 'M' 'M' 'M' 'U' 'M' 'U' 'M' 'M' 'M' 'M' 'M'
 'M' 'M' 'U' 'U' 'M' 'M' 'M' 'M' 'U' 'M' 'M' 'M' 'M' 'M' 'M' 'M' 'U' 'U'
 'M' 'M' 'M' 'M' 'M' 'M' 'M' 'M' 'M' 'M' 'U' 'M' 'U' 'M' 'M' 'M' 'U' 'M'
 'M' 'M' 'M' 'M' 'M' 'U' 'M' 'U' 'M' 'M' 'M' 'U' 'U' 'M' 'M' 'M' 'U' 'M'
 'U' 'M' 'U' 'M' 'M' 'M' 'M' 'U' 'M' 'M' 'M' 'U' 'M' 'U' 'M' 'M' 'M' 'M'
 'M' 'M' 'M' 'M' 'M' 'M' 'M' 'M' 'M' 'M' 'M' 'M' 'U' 'M' 'U' 'U' 'M' 'M'
 'M' 'M' 'U' 'M' 'M' 'M' 'M' 'M' 'M' 'M' 'M' 'M' 'M' 'M' 'A' 'M' 'M' 'M'
 'M' 'M' 'M' 'M' 'M' 'M' 'M' 'M' 'M' 'M' 'U' 'M' 'M' 'M' 'M' 'U' 'U' 'M'
 'M' 'M' 'M' 'U' 'M' 'M' 'M' 'M' 'M' 'M' 'M' 'U' 'M' 'M' 'M' 'U' 'M' 'U']"
188301,0,165,3,162,33,0,0,"['A' 'M' 'U' 'M' 'M' 'M' 'M' 'M' 'M' 'U' 'M' 'M' 'M' 'M' 'U' 'M' 'A' 'M'
 'M' 'U' 'M' 'M' 'M' 'M' 'M' 'M' 'M' 'U' 'M' 'M' 'M' 'U' 'M' 'U' 'U' 'U'
 'M' 'M' 'M' 'M' 'M' 'M' 'U' 'M' 'M' 'M' 'M' 'M' 'U' 'M' 'M' 'M' 'M' 'M'
 'M' 'M' 'U' 'U' 'M' 'M' 'M' 'M' 'M' 'M' 'M' 'M' 'U' 'M' 'M' 'M' 'M' 'M'
 'M' 'U' 'M' 'M' 'U' 'M' 'M' 'M' 'M' 'M' 'M' 'M' 'M' 'U' 'M' 'M' 'M' 'M'
 'M' 'M' 'M' 'M' 'U' 'M' 'M' 'U' 'M' 'M' 'M' 'U' 'U' 'M' 'M' 'M' 'M' 'M'
 'M' 'M' 'U' 'M' 'M' 'M' 'M' 'U' 'M' 'M' 'M' 'M' 'M' 'U' 'M' 'M' 'M' 'M'
 'M' 'M' 'M' 'M' 'M' 'M' 'M' 'M' 'M' 'M' 'M' 'M' 'M' 'M' 'M' 'M' 'M' 'M'
 'M' 'M' 'U' 'M' 'M' 'M' 'M' 'M' 'M' 'M' 'M' 'M' 'M' 'M' 'A' 'M' 'M' 'U'
 'U' 'M' 'M' 'M' 'M' 'M' 'M' 'M' 'M' 'M' 'U' 'M' 'M' 'M' 'M' 'U' 'U' 'M'
 'M' 'M' 'M' 'M' 'M' 'M' 'M' 'M' 'M' 'M' 'M' 'U' 'M' 'M' 'M' 'U' 'M' 'U']"
188401,0,170,3,167,28,0,0,"['A' 'M' 'U' 'M' 'M' 'M' 'M' 'M' 'M' 'U' 'M' 'M' 'M' 'M' 'M' 'M' 'A' 'M'
 'M' 'U' 'M' 'M' 'M' 'M' 'M' 'M' 'M' 'U' 'M' 'M' 'M' 'M' 'M' 'M' 'U' 'M'
 'M' 'M' 'M' 'M' 'M' 'M' 'U' 'M' 'M' 'M' 'M' 'M' 'U' 'M' 'M' 'M' 'M' 'M'
 'M' 'U' 'U' 'M' 'M' 'M' 'M' 'M' 'M' 'M' 'M' 'M' 'M' 'M' 'M' 'M' 'M' 'M'
 'M' 'M' 'M' 'M' 'U' 'M' 'M' 'U' 'M' 'M' 'U' 'M' 'U' 'M' 'M' 'M' 'M' 'M'
 'U' 'M' 'M' 'M' 'M' 'M' 'M' 'U' 'M' 'M' 'M' 'U' 'U' 'M' 'M' 'M' 'M' 'M'
 'M' 'M' 'U' 'M' 'M' 'M' 'M' 'M' 'M' 'U' 'M' 'M' 'M' 'U' 'M' 'M' 'M' 'M'
 'M' 'U' 'M' 'M' 'M' 'M' 'M' 'M' 'M' 'M' 'U' 'M' 'M' 'M' 'M' 'M' 'M' 'M'
 'M' 'M' 'U' 'M' 'M' 'M' 'M' 'M' 'M' 'M' 'M' 'M' 'M' 'M' 'U' 'M' 'M' 'U'
 'U' 'M' 'M' 'M' 'M' 'M' 'M' 'M' 'M' 'M' 'U' 'M' 'M' 'M' 'M' 'M' 'M' 'M'
 'M' 'M' 'M' 'M' 'M' 'M' 'M' 'M' 'M' 'M' 'M' 'M' 'M' 'M' 'M' 'A' 'M' 'U']"
188501,0,169,3,166,29,0,1,"['A' 'U' 'M' 'M' 'M' 'M' 'M' 'M' 'M' 'U' 'M' 'M' 'M' 'U' 'M' 'M' 'M' 'M'
 'M' 'U' 'M' 'M' 'M' 'U' 'M' 'M' 'M' 'U' 'M' 'M' 'M' 'M' 'M' 'M' 'U' 'M'
 'M' 'M' 'M' 'M' 'M' 'M' 'U' 'M' 'M' 'M' 'M' 'M' 'U' 'M' 'M' 'M' 'M' 'M'
 'M' 'U' 'M' 'M' 'M' 'M' 'M' 'M' 'M' 'M' 'M' 'M' 'M' 'M' 'M' 'M' 'U' 'M'
 'M' 'M' 'M' 'U' 'M' 'M' 'U' 'M' 'M' 'M' 'M' 'U' 'M' 'M' 'M' 'M' 'M' 'U'
 'M' 'M' 'M' 'M' 'M' 'M' 'M' 'U' 'M' 'U' 'M' 'U' 'U' 'M' 'M' 'M' 'M' 'M'
 'M' 'M' 'U' 'M' 'M' 'M' 'M' 'M' 'M' 'U' 'M' 'M' 'M' 'A' 'M' 'M' 'M' 'M'
 'M' 'M' 'M' 'M' 'M' 'M' 'M' 'M' 'M' 'M' 'U' 'M' 'M' 'M' 'M' 'M' 'M' 'M'
 'U' 'M' 'U' 'M' 'M' 'M' 'M' 'M' 'M' 'M' 'M' 'M' 'M' 'M' 'U' 'M' 'M' 'U'
 'M' 'M' 'M' 'M' 'M' 'M' 'U' 'M' 'M' 'M' 'M' 'M' 'M' 'M' 'M' 'M' 'M' 'M'
 'M' 'M' 'U' 'M' 'M' 'M' 'M' 'M' 'M' 'M' 'M' 'M' 'M' 'M' 'M' 'A' 'M' 'U']"
188601,0,166,3,163,32,0,0,"['A' 'U' 'M' 'M' 'M' 'M' 'M' 'M' 'M' 'U' 'M' 'M' 'M' 'U' 'M' 'M' 'M' 'M'
 'M' 'U' 'M' 'M' 'M' 'U' 'M' 'M' 'M' 'U' 'M' 'M' 'M' 'M' 'M' 'M' 'U' 'M'
 'M' 'M' 'M' 'M' 'U' 'M' 'U' 'M' 'M' 'M' 'M' 'M' 'U' 'M' 'M' 'M' 'M' 'M'
 'M' 'U' 'M' 'M' 'M' 'M' 'M' 'M' 'M' 'M' 'M' 'M' 'M' 'M' 'M' 'M' 'M' 'M'
 'U' 'M' 'M' 'M' 'M' 'M' 'M' 'M' 'M' 'M' 'M' 'M' 'M' 'M' 'U' 'M' 'U' 'M'
 'M' 'U' 'M' 'M' 'U' 'M' 'M' 'M' 'M' 'U' 'M' 'M' 'U' 'M' 'M' 'M' 'M' 'M'
 'M' 'M' 'U' 'M' 'M' 'M' 'M' 'M' 'M' 'U' 'M' 'M' 'M' 'A' 'M' 'M' 'M' 'M'
 'M' 'M' 'M' 'M' 'M' 'M' 'U' 'M' 'M' 'M' 'U' 'M' 'M' 'M' 'M' 'M' 'M' 'M'
 'U' 'M' 'U' 'M' 'M' 'M' 'M' 'M' 'M' 'M' 'M' 'M' 'M' 'M' 'U' 'M' 'M' 'U'
 'M' 'M' 'M' 'M' 'M' 'M' 'U' 'M' 'M' 'M' 'M' 'M' 'M' 'M' 'M' 'M' 'M' 'M'
 'U' 'M' 'U' 'M' 'U' 'M' 'M' 'M' 'U' 'M' 'M' 'M' 'M' 'M' 'M' 'A' 'M' 'U']"
188701,0,169,5,164,29,0,0,"['A' 'U' 'M' 'M' 'M' 'M' 'M' 'M' 'M' 'M' 'U' 'M' 'M' 'U' 'M' 'M' 'M' 'M'
 'M' 'U' 'M' 'M' 'M' 'U' 'M' 'M' 'M' 'A' 'M' 'M' 'M' 'M' 'M' 'M' 'U' 'M'
 'M' 'M' 'M' 'M' 'U' 'M' 'U' 'M' 'M' 'M' 'M' 'U' 'U' 'M' 'M' 'M' 'M' 'M'
 'M' 'U' 'M' 'M' 'M' 'M' 'M' 'M' 'M' 'M' 'M' 'M' 'M' 'U' 'M' 'M' 'M' 'M'
 'U' 'M' 'M' 'M' 'M' 'M' 'M' 'U' 'U' 'M' 'M' 'M' 'U' 'M' 'M' 'M' 'M' 'M'
 'M' 'M' 'M' 'M' 'M' 'M' 'M' 'M' 'M' 'U' 'M' 'M' 'U' 'M' 'M' 'M' 'M' 'M'
 'M' 'M' 'U' 'M' 'M' 'U' 'M' 'M' 'M' 'U' 'M' 'M' 'M' 'A' 'M' 'M' 'M' 'M'
 'U' 'M' 'M' 'M' 'M' 'M' 'U' 'M' 'M' 'M' 'U' 'M' 'M' 'M' 'M' 'M' 'M' 'M'
 'M' 'M' 'U' 'M' 'M' 'M' 'M' 'M' 'M' 'M' 'M' 'M' 'M' 'M' 'M' 'M' 'M' 'M'
 'M' 'M' 'M' 'M' 'M' 'M' 'U' 'M' 'M' 'M' 'M' 'M' 'M' 'M' 'M' 'M' 'M' 'M'
 'M' 'M' 'U' 'M' 'A' 'M' 'M' 'M' 'M' 'M' 'M' 'M' 'M' 'U' 'M' 'A' 'M' 'U']"
188801,0,169,3,166,29,0,0,"['A' 'M' 'M' 'M' 'M' 'M' 'M' 'M' 'M' 'M' 'U' 'M' 'M' 'M' 'M' 'M' 'M' 'M'
 'M' 'U' 'M' 'M' 'M' 'U' 'M' 'U' 'M' 'A' 'M' 'M' 'M' 'M' 'M' 'M' 'M' 'M'
 'M' 'M' 'M' 'M' 'U' 'M' 'U' 'M' 'M' 'M' 'M' 'U' 'U' 'M' 'M' 'M' 'M' 'M'
 'U' 'U' 'M' 'M' 'M' 'M' 'M' 'M' 'M' 'M' 'M' 'M' 'M' 'M' 'U' 'M' 'M' 'M'
 'M' 'M' 'M' 'M' 'M' 'M' 'M' 'M' 'U' 'U' 'M' 'M' 'U' 'M' 'M' 'U' 'M' 'M'
 'M' 'M' 'M' 'M' 'M' 'M' 'M' 'M' 'M' 'A' 'M' 'M' 'U' 'M' 'M' 'M' 'M' 'M'
 'M' 'M' 'U' 'M' 'M' 'M' 'M' 'M' 'M' 'U' 'M' 'M' 'M' 'U' 'M' 'M' 'M' 'M'
 'M' 'M' 'M' 'U' 'M' 'M' 'M' 'M' 'M' 'M' 'U' 'M' 'M' 'M' 'M' 'M' 'M' 'U'
 'M' 'U' 'M' 'M' 'M' 'M' 'M' 'U' 'M' 'M' 'M' 'M' 'M' 'M' 'M' 'M' 'M' 'M'
 'M' 'M' 'M' 'M' 'M' 'M' 'U' 'M' 'M' 'M' 'M' 'M' 'M' 'M' 'M' 'M' 'M' 'M'
 'M' 'M' 'U' 'M' 'U' 'M' 'M' 'M' 'M' 'M' 'M' 'M' 'M' 'U' 'M' 'U' 'M' 'M']"
188901,0,162,1,161,36,0,0,"['A' 'M' 'M' 'M' 'M' 'M' 'M' 'M' 'M' 'U' 'U' 'M' 'M' 'M' 'M' 'M' 'M' 'M'
 'M' 'M' 'M' 'U' 'M' 'U' 'M' 'U' 'M' 'U' 'M' 'M' 'M' 'M' 'M' 'U' 'M' 'M'
 'M' 'M' 'M' 'M' 'U' 'M' 'M' 'M' 'M' 'M' 'M' 'U' 'U' 'M' 'M' 'M' 'M' 'M'
 'U' 'M' 'M' 'U' 'U' 'U' 'M' 'M' 'M' 'M' 'M' 'M' 'M' 'M' 'M' 'M' 'M' 'M'
 'M' 'M' 'M' 'U' 'M' 'U' 'M' 'M' 'U' 'M' 'M' 'M' 'U' 'M' 'U' 'M' 'M' 'M'
 'M' 'M' 'M' 'M' 'M' 'M' 'M' 'M' 'M' 'U' 'U' 'M' 'U' 'M' 'M' 'M' 'M' 'M'
 'M' 'M' 'U' 'M' 'M' 'M' 'M' 'M' 'M' 'U' 'M' 'M' 'M' 'U' 'M' 'M' 'M' 'M'
 'M' 'M' 'U' 'U' 'M' 'M' 'M' 'M' 'M' 'M' 'U' 'M' 'M' 'M' 'M' 'M' 'M' 'U'
 'M' 'U' 'M' 'M' 'M' 'M' 'M' 'M' 'M' 'U' 'M' 'M' 'M' 'U' 'M' 'M' 'M' 'M'
 'M' 'M' 'M' 'U' 'M' 'M' 'U' 'M' 'M' 'M' 'M' 'M' 'M' 'M' 'M' 'M' 'M' 'M'
 'M' 'M' 'M' 'M' 'U' 'M' 'M' 'U' 'M' 'M' 'M' 'M' 'M' 'M' 'M' 'M' 'M' 'M']"
189001,0,158,2,156,40,0,1,"['A' 'M' 'M' 'M' 'M' 'M' 'M' 'M' 'U' 'M' 'M' 'M' 'M' 'M' 'M' 'M' 'M' 'M'
 'M' 'M' 'M' 'M' 'M' 'U' 'M' 'U' 'M' 'M' 'M' 'M' 'M' 'M' 'M' 'U' 'M' 'M'
 'M' 'M' 'M' 'M' 'U' 'M' 'M' 'M' 'M' 'M' 'M' 'U' 'M' 'M' 'M' 'M' 'U' 'M'
 'U' 'M' 'U' 'A' 'U' 'M' 'M' 'M' 'M' 'M' 'M' 'M' 'M' 'M' 'M' 'M' 'M' 'U'
 'M' 'M' 'M' 'M' 'M' 'M' 'M' 'M' 'M' 'M' 'U' 'M' 'M' 'U' 'M' 'M' 'U' 'M'
 'U' 'M' 'M' 'M' 'M' 'M' 'M' 'M' 'M' 'U' 'U' 'M' 'M' 'U' 'U' 'U' 'U' 'M'
 'M' 'M' 'U' 'M' 'M' 'M' 'M' 'M' 'M' 'M' 'M' 'M' 'M' 'U' 'M' 'M' 'M' 'M'
 'M' 'M' 'U' 'U' 'M' 'U' 'U' 'U' 'U' 'U' 'U' 'U' 'U' 'M' 'M' 'M' 'M' 'U'
 'M' 'U' 'M' 'M' 'M' 'M' 'M' 'M' 'M' 'U' 'M' 'M' 'M' 'M' 'M' 'M' 'M' 'M'
 'M' 'M' 'M' 'U' 'M' 'M' 'U' 'M' 'M' 'M' 'M' 'M' 'M' 'M' 'M' 'M' 'M' 'M'
 'M' 'M' 'M' 'M' 'U' 'M' 'M' 'U' 'M' 'M' 'M' 'M' 'M' 'M' 'M' 'M' 'M' 'M']"
189101,0,163,3,160,35,0,0,"['A' 'M' 'M' 'M' 'M' 'M' 'M' 'M' 'U' 'M' 'M' 'M' 'M' 'M' 'M' 'M' 'M' 'M'
 'M' 'M' 'M' 'M' 'M' 'A' 'M' 'U' 'M' 'M' 'M' 'M' 'U' 'M' 'M' 'U' 'M' 'M'
 'M' 'M' 'M' 'M' 'M' 'M' 'M' 'M' 'M' 'M' 'M' 'M' 'U' 'M' 'U' 'M' 'M' 'M'
 'U' 'M' 'U' 'U' 'U' 'M' 'M' 'M' 'M' 'M' 'M' 'M' 'M' 'M' 'M' 'M' 'M' 'U'
 'M' 'M' 'M' 'M' 'M' 'M' 'M' 'U' 'M' 'M' 'M' 'M' 'M' 'M' 'M' 'M' 'U' 'M'
 'M' 'U' 'M' 'M' 'U' 'M' 'M' 'M' 'M' 'M' 'U' 'M' 'M' 'U' 'U' 'U' 'M' 'M'
 'M' 'M' 'U' 'M' 'M' 'M' 'M' 'M' 'M' 'M' 'U' 'M' 'M' 'M' 'M' 'M' 'M' 'M'
 'M' 'M' 'M' 'A' 'M' 'U' 'M' 'U' 'U' 'U' 'U' 'U' 'M' 'M' 'M' 'M' 'M' 'U'
 'M' 'U' 'M' 'M' 'M' 'M' 'M' 'M' 'M' 'U' 'M' 'M' 'M' 'M' 'M' 'M' 'M' 'M'
 'M' 'M' 'M' 'U' 'M' 'M' 'U' 'M' 'M' 'M' 'M' 'M' 'M' 'M' 'M' 'M' 'M' 'M'
 'M' 'U' 'M' 'M' 'U' 'M' 'M' 'U' 'M' 'M' 'M' 'M' 'M' 'M' 'M' 'M' 'M' 'M']"
189201,0,162,3,159,36,0,0,"['A' 'M' 'M' 'M' 'M' 'M' 'M' 'M' 'U' 'M' 'M' 'M' 'M' 'M' 'M' 'M' 'M' 'M'
 'M' 'M' 'M' 'U' 'M' 'A' 'M' 'U' 'M' 'M' 'U' 'M' 'U' 'U' 'M' 'U' 'M' 'M'
 'M' 'M' 'M' 'M' 'M' 'M' 'M' 'M' 'M' 'M' 'M' 'M' 'U' 'M' 'U' 'M' 'M' 'M'
 'U' 'M' 'U' 'U' 'M' 'M' 'M' 'M' 'M' 'M' 'U' 'M' 'M' 'M' 'U' 'M' 'M' 'U'
 'M' 'U' 'M' 'M' 'M' 'M' 'M' 'M' 'M' 'M' 'M' 'M' 'U' 'M' 'M' 'M' 'M' 'M'
 'M' 'M' 'U' 'M' 'M' 'M' 'M' 'M' 'M' 'M' 'U' 'M' 'M' 'U' 'U' 'U' 'M' 'M'
 'M' 'U' 'U' 'U' 'M' 'M' 'M' 'M' 'M' 'M' 'U' 'M' 'M' 'M' 'M' 'M' 'M' 'M'
 'M' 'M' 'M' 'A' 'M' 'U' 'M' 'U' 'M' 'U' 'U' 'U' 'M' 'M' 'M' 'M' 'M' 'U'
 'M' 'M' 'M' 'M' 'M' 'M' 'M' 'M' 'M' 'U' 'M' 'M' 'M' 'M' 'M' 'M' 'M' 'M'
 'M' 'M' 'M' 'U' 'M' 'M' 'M' 'M' 'M' 'M' 'M' 'M' 'M' 'M' 'M' 'M' 'M' 'M'
 'M' 'U' 'M' 'M' 'U' 'M' 'M' 'M' 'M' 'M' 'M' 'M' 'M' 'M' 'M' 'M' 'M' 'M']"
189301,0,165,4,161,33,0,0,"['A' 'M' 'M' 'M' 'M' 'A' 'U' 'M' 'U' 'M' 'M' 'M' 'M' 'M' 'M' 'M' 'M' 'M'
 'M' 'M' 'M' 'U' 'M' 'A' 'M' 'M' 'M' 'M' 'U' 'M' 'U' 'U' 'M' 'U' 'U' 'M'
 'M' 'M' 'M' 'M' 'M' 'M' 'M' 'M' 'M' 'M' 'M' 'M' 'U' 'M' 'U' 'U' 'M' 'M'
 'U' 'M' 'U' 'M' 'M' 'M' 'M' 'M' 'M' 'M' 'M' 'M' 'M' 'M' 'M' 'M' 'U' 'M'
 'M' 'U' 'M' 'U' 'M' 'M' 'M' 'M' 'M' 'M' 'M' 'M' 'M' 'M' 'U' 'M' 'M' 'M'
 'M' 'U' 'M' 'M' 'M' 'M' 'M' 'M' 'M' 'M' 'M' 'M' 'M' 'U' 'U' 'M' 'M' 'M'
 'M' 'U' 'M' 'U' 'M' 'M' 'M' 'M' 'M' 'M' 'M' 'M' 'M' 'M' 'M' 'M' 'M' 'M'
 'M' 'M' 'M' 'A' 'M' 'U' 'M' 'U' 'M' 'U' 'U' 'U' 'M' 'M' 'M' 'M' 'M' 'U'
 'M' 'M' 'M' 'M' 'M' 'M' 'M' 'M' 'M' 'U' 'M' 'M' 'M' 'M' 'M' 'M' 'M' 'M'
 'U' 'M' 'M' 'U' 'M' 'M' 'M' 'U' 'M' 'M' 'M' 'M' 'M' 'M' 'M' 'M' 'M' 'M'
 'M' 'M' 'M' 'M' 'U' 'M' 'M' 'M' 'M' 'M' 'M' 'M' 'M' 'M' 'M' 'M' 'M' 'M']"
189401,0,167,7,160,31,0,0,"['A' 'M' 'M' 'M' 'M' 'A' 'U' 'M' 'U' 'M' 'M' 'M' 'M' 'U' 'M' 'M' 'M' 'M'
 'M' 'M' 'M' 'U' 'M' 'A' 'M' 'M' 'M' 'M' 'U' 'M' 'U' 'U' 'M' 'U' 'M' 'M'
 'M' 'U' 'M' 'M' 'M' 'M' 'M' 'M' 'M' 'M' 'M' 'M' 'U' 'M' 'M' 'U' 'M' 'M'
 'A' 'M' 'M' 'M' 'M' 'M' 'M' 'M' 'M' 'M' 'M' 'M' 'U' 'U' 'U' 'M' 'M' 'M'
 'M' 'M' 'M' 'M' 'M' 'M' 'M' 'M' 'M' 'M' 'M' 'M' 'M' 'M' 'M' 'M' 'U' 'M'
 'M' 'M' 'U' 'M' 'M' 'M' 'A' 'M' 'M' 'M' 'M' 'M' 'M' 'M' 'M' 'M' 'M' 'M'
 'U' 'U' 'M' 'U' 'M' 'M' 'M' 'M' 'U' 'M' 'M' 'M' 'M' 'M' 'M' 'M' 'M' 'M'
 'M' 'M' 'M' 'A' 'M' 'U' 'U' 'U' 'U' 'U' 'A' 'U' 'U' 'M' 'M' 'M' 'M' 'U'
 'M' 'M' 'M' 'M' 'M' 'M' 'M' 'M' 'M' 'U' 'M' 'M' 'M' 'M' 'M' 'M' 'M' 'M'
 'U' 'M' 'M' 'M' 'M' 'M' 'M' 'U' 'M' 'M' 'M' 'M' 'M' 'M' 'M' 'M' 'M' 'M'
 'M' 'M' 'M' 'M' 'M' 'M' 'M' 'M' 'M' 'M' 'M' 'M' 'M' 'M' 'M' 'M' 'M' 'M']"
189501,0,166,7,159,32,0,0,"['A' 'M' 'M' 'M' 'M' 'A' 'U' 'M' 'U' 'M' 'M' 'M' 'M' 'U' 'M' 'M' 'M' 'U'
 'M' 'M' 'M' 'U' 'M' 'U' 'M' 'M' 'M' 'M' 'U' 'M' 'U' 'U' 'M' 'A' 'M' 'M'
 'M' 'U' 'M' 'M' 'M' 'M' 'M' 'M' 'M' 'M' 'M' 'M' 'M' 'M' 'M' 'U' 'U' 'M'
 'U' 'M' 'M' 'M' 'M' 'M' 'M' 'M' 'U' 'M' 'M' 'M' 'M' 'M' 'U' 'M' 'M' 'U'
 'U' 'M' 'M' 'M' 'M' 'M' 'M' 'M' 'M' 'U' 'M' 'M' 'U' 'M' 'M' 'M' 'M' 'M'
 'M' 'M' 'M' 'M' 'M' 'M' 'U' 'M' 'M' 'M' 'M' 'M' 'M' 'M' 'M' 'M' 'M' 'M'
 'U' 'U' 'M' 'U' 'M' 'M' 'M' 'M' 'U' 'M' 'M' 'U' 'M' 'M' 'M' 'M' 'M' 'M'
 'M' 'M' 'M' 'A' 'M' 'U' 'U' 'A' 'M' 'U' 'U' 'M' 'U' 'A' 'M' 'M' 'M' 'U'
 'M' 'M' 'M' 'M' 'M' 'M' 'M' 'M' 'M' 'M' 'M' 'M' 'M' 'M' 'M' 'M' 'M' 'M'
 'U' 'M' 'M' 'M' 'M' 'M' 'M' 'M' 'M' 'M' 'M' 'M' 'M' 'M' 'M' 'M' 'A' 'M'
 'M' 'M' 'M' 'M' 'M' 'M' 'M' 'M' 'M' 'M' 'M' 'M' 'M' 'M' 'M' 'M' 'M' 'M']"
189601,0,161,7,154,37,0,0,"['A' 'M' 'M' 'M' 'M' 'M' 'U' 'M' 'U' 'M' 'M' 'M' 'M' 'U' 'M' 'M' 'M' 'U'
 'M' 'M' 'M' 'U' 'M' 'U' 'M' 'M' 'M' 'U' 'U' 'M' 'U' 'U' 'M' 'A' 'M' 'M'
 'M' 'U' 'M' 'M' 'M' 'M' 'M' 'M' 'M' 'M' 'M' 'M' 'M' 'M' 'M' 'U' 'U' 'M'
 'U' 'M' 'M' 'M' 'M' 'M' 'M' 'M' 'U' 'M' 'M' 'M' 'M' 'M' 'M' 'M' 'U' 'U'
 'M' 'M' 'M' 'M' 'M' 'M' 'M' 'M' 'M' 'M' 'M' 'M' 'U' 'M' 'M' 'U' 'M' 'M'
 'U' 'M' 'M' 'M' 'M' 'M' 'U' 'U' 'M' 'M' 'M' 'M' 'M' 'M' 'M' 'M' 'M' 'M'
 'M' 'U' 'U' 'U' 'M' 'M' 'M' 'M' 'U' 'M' 'M' 'M' 'M' 'M' 'M' 'M' 'M' 'M'
 'M' 'M' 'M' 'U' 'A' 'A' 'A' 'A' 'U' 'U' 'M' 'U' 'U' 'A' 'U' 'M' 'M' 'U'
 'M' 'M' 'U' 'M' 'M' 'M' 'M' 'M' 'M' 'M' 'M' 'M' 'M' 'M' 'M' 'M' 'M' 'M'
 'U' 'M' 'M' 'M' 'M' 'M' 'M' 'M' 'M' 'M' 'M' 'M' 'M' 'M' 'M' 'M' 'U' 'M'
 'M' 'M' 'M' 'U' 'M' 'M' 'M' 'M' 'M' 'M' 'M' 'M' 'M' 'M' 'M' 'M' 'M' 'M']"
189701,0,156,7,149,42,0,0,"['A' 'M' 'M' 'M' 'M' 'A' 'U' 'M' 'M' 'M' 'M' 'M' 'M' 'M' 'M' 'M' 'M' 'U'
 'M' 'M' 'M' 'U' 'U' 'U' 'M' 'M' 'M' 'U' 'U' 'M' 'U' 'U' 'M' 'A' 'M' 'M'
 'M' 'U' 'M' 'M' 'M' 'U' 'M' 'M' 'M' 'M' 'M' 'M' 'M' 'M' 'M' 'U' 'M' 'M'
 'U' 'M' 'M' 'M' 'M' 'M' 'M' 'M' 'U' 'M' 'U' 'M' 'M' 'M' 'M' 'U' 'M' 'M'
 'M' 'M' 'M' 'M' 'M' 'M' 'M' 'M' 'U' 'M' 'M' 'U' 'M' 'M' 'M' 'M' 'U' 'U'
 'M' 'M' 'M' 'M' 'M' 'U' 'U' 'U' 'M' 'M' 'M' 'M' 'M' 'M' 'M' 'M' 'M' 'M'
 'M' 'U' 'M' 'U' 'M' 'M' 'M' 'M' 'M' 'M' 'M' 'M' 'M' 'M' 'M' 'M' 'M' 'M'
 'M' 'M' 'M' 'M' 'A' 'A' 'A' 'U' 'U' 'U' 'U' 'U' 'U' 'A' 'U' 'M' 'M' 'U'
 'M' 'M' 'U' 'M' 'M' 'M' 'U' 'M' 'M' 'M' 'M' 'M' 'U' 'M' 'M' 'M' 'M' 'M'
 'M' 'M' 'M' 'M' 'M' 'M' 'M' 'M' 'M' 'M' 'M' 'M' 'M' 'M' 'U' 'M' 'U' 'U'
 'U' 'M' 'U' 'U' 'M' 'M' 'M' 'M' 'M' 'M' 'M' 'M' 'M' 'M' 'M' 'M' 'M' 'M']"
189801,0,162,5,157,36,1,0,"['A' 'M' 'U' 'M' 'M' 'M' 'U' 'M' 'M' 'M' 'M' 'M' 'M' 'M' 'M' 'M' 'M' 'U'
 'M' 'M' 'M' 'U' 'U' 'U' 'M' 'M' 'U' 'M' 'M' 'M' 'M' 'U' 'M' 'A' 'M' 'M'
 'M' 'U' 'M' 'M' 'M' 'U' 'M' 'U' 'M' 'M' 'M' 'M' 'M' 'M' 'M' 'U' 'M' 'M'
 'U' 'M' 'M' 'M' 'M' 'M' 'M' 'M' 'U' 'M' 'M' 'M' 'M' 'M' 'M' 'M' 'M' 'U'
 'M' 'M' 'M' 'M' 'U' 'M' 'M' 'M' 'U' 'M' 'U' 'M' 'M' 'M' 'M' 'M' 'M' 'M'
 'M' 'U' 'M' 'M' 'M' 'U' 'M' 'M' 'M' 'M' 'M' 'M' 'U' 'M' 'M' 'M' 'M' 'M'
 'M' 'M' 'M' 'U' 'M' 'M' 'U' 'M' 'M' 'M' 'M' 'M' 'M' 'M' 'M' 'M' 'M' 'M'
 'M' 'M' 'M' 'M' 'U' 'A' 'A' 'M' 'U' 'U' 'U' 'U' 'U' 'A' 'M' 'M' 'M' 'M'
 'U' 'M' 'U' 'U' 'M' 'M' 'M' 'M' 'M' 'M' 'M' 'M' 'U' 'M' 'M' 'M' 'M' 'M'
 'M' 'M' 'M' 'M' 'M' 'M' 'M' 'M' 'M' 'M' 'M' 'M' 'M' 'M' 'M' 'M' 'U' 'M'
 'M' 'M' 'U' 'M' 'M' 'M' 'M' 'M' 'M' 'M' 'M' 'M' 'M' 'M' 'U' 'M' 'M' 'M']"
189901,0,158,4,154,40,0,0,"['A' 'M' 'M' 'U' 'M' 'M' 'M' 'M' 'M' 'M' 'M' 'M' 'M' 'M' 'M' 'M' 'M' 'U'
 'M' 'M' 'M' 'U' 'U' 'U' 'M' 'M' 'U' 'M' 'U' 'M' 'M' 'U' 'M' 'A' 'M' 'M'
 'M' 'U' 'U' 'M' 'M' 'U' 'M' 'M' 'M' 'U' 'M' 'U' 'M' 'M' 'M' 'M' 'M' 'M'
 'U' 'U' 'M' 'M' 'M' 'M' 'M' 'U' 'U' 'M' 'M' 'M' 'M' 'U' 'U' 'M' 'M' 'M'
 'M' 'M' 'M' 'M' 'M' 'M' 'M' 'M' 'M' 'M' 'M' 'M' 'M' 'M' 'M' 'M' 'U' 'M'
 'U' 'M' 'M' 'M' 'U' 'U' 'M' 'M' 'M' 'M' 'M' 'M' 'U' 'M' 'M' 'M' 'M' 'M'
 'M' 'M' 'M' 'U' 'M' 'M' 'U' 'M' 'U' 'U' 'M' 'M' 'M' 'M' 'M' 'M' 'M' 'M'
 'M' 'M' 'M' 'M' 'U' 'U' 'A' 'U' 'U' 'U' 'M' 'U' 'U' 'A' 'M' 'M' 'M' 'M'
 'U' 'M' 'U' 'U' 'M' 'M' 'M' 'M' 'M' 'M' 'M' 'M' 'U' 'M' 'M' 'M' 'M' 'M'
 'M' 'M' 'M' 'M' 'M' 'M' 'M' 'M' 'M' 'M' 'M' 'M' 'M' 'M' 'M' 'M' 'M' 'M'
 'M' 'M' 'M' 'M' 'M' 'M' 'M' 'M' 'M' 'M' 'M' 'M' 'M' 'M' 'U' 'M' 'M' 'M']"
190001,0,155,4,151,43,0,0,"['A' 'M' 'M' 'U' 'M' 'M' 'M' 'U' 'U' 'M' 'M' 'M' 'M' 'U' 'M' 'M' 'M' 'U'
 'M' 'U' 'M' 'U' 'U' 'U' 'M' 'M' 'M' 'M' 'M' 'M' 'M' 'M' 'M' 'A' 'M' 'M'
 'M' 'U' 'U' 'M' 'U' 'U' 'M' 'M' 'M' 'U' 'M' 'U' 'M' 'M' 'M' 'M' 'M' 'M'
 'U' 'M' 'M' 'M' 'U' 'M' 'M' 'U' 'M' 'M' 'M' 'M' 'M' 'M' 'M' 'M' 'U' 'M'
 'M' 'U' 'M' 'M' 'M' 'M' 'M' 'M' 'M' 'M' 'U' 'M' 'M' 'U' 'U' 'M' 'M' 'M'
 'M' 'M' 'M' 'M' 'M' 'U' 'M' 'M' 'M' 'M' 'M' 'M' 'U' 'M' 'M' 'M' 'U' 'M'
 'M' 'M' 'M' 'U' 'M' 'M' 'U' 'M' 'U' 'M' 'M' 'U' 'M' 'M' 'M' 'M' 'M' 'M'
 'M' 'M' 'M' 'M' 'U' 'M' 'A' 'U' 'U' 'U' 'M' 'U' 'U' 'A' 'M' 'M' 'M' 'M'
 'U' 'M' 'M' 'U' 'M' 'M' 'M' 'M' 'M' 'M' 'M' 'M' 'U' 'M' 'M' 'U' 'M' 'M'
 'M' 'M' 'M' 'M' 'M' 'M' 'M' 'M' 'U' 'M' 'M' 'M' 'M' 'M' 'M' 'M' 'M' 'M'
 'M' 'M' 'M' 'M' 'M' 'M' 'M' 'M' 'M' 'M' 'M' 'M' 'M' 'M' 'U' 'M' 'U' 'M']"
190101,0,156,5,151,42,0,0,"['A' 'M' 'U' 'M' 'M' 'U' 'M' 'U' 'U' 'U' 'M' 'M' 'M' 'U' 'M' 'M' 'M' 'U'
 'M' 'U' 'M' 'U' 'M' 'U' 'M' 'M' 'M' 'M' 'M' 'M' 'M' 'M' 'M' 'A' 'M' 'M'
 'M' 'U' 'U' 'M' 'M' 'M' 'M' 'M' 'M' 'U' 'M' 'U' 'M' 'M' 'M' 'M' 'M' 'M'
 'U' 'M' 'M' 'M' 'U' 'M' 'M' 'U' 'M' 'M' 'M' 'U' 'U' 'M' 'M' 'M' 'M' 'M'
 'M' 'M' 'M' 'M' 'M' 'M' 'M' 'M' 'M' 'M' 'M' 'M' 'M' 'M' 'M' 'U' 'U' 'M'
 'M' 'M' 'M' 'M' 'U' 'U' 'M' 'M' 'U' 'M' 'M' 'M' 'A' 'M' 'M' 'M' 'M' 'M'
 'M' 'M' 'M' 'U' 'M' 'M' 'U' 'M' 'M' 'M' 'M' 'U' 'M' 'M' 'M' 'M' 'M' 'M'
 'U' 'M' 'M' 'M' 'U' 'M' 'A' 'M' 'M' 'U' 'M' 'M' 'U' 'A' 'M' 'M' 'M' 'M'
 'U' 'M' 'M' 'U' 'M' 'M' 'M' 'U' 'M' 'M' 'M' 'M' 'U' 'U' 'M' 'M' 'M' 'M'
 'M' 'M' 'U' 'M' 'M' 'M' 'M' 'M' 'U' 'M' 'M' 'M' 'M' 'M' 'M' 'M' 'U' 'M'
 'M' 'M' 'M' 'M' 'M' 'M' 'U' 'M' 'M' 'U' 'M' 'M' 'M' 'M' 'M' 'M' 'U' 'M']"
190201,0,154,6,148,44,1,0,"['A' 'M' 'U' 'M' 'M' 'M' 'M' 'U' 'M' 'U' 'M' 'U' 'M' 'U' 'M' 'M' 'M' 'M'
 'M' 'U' 'M' 'U' 'M' 'U' 'M' 'M' 'M' 'M' 'M' 'M' 'M' 'M' 'M' 'A' 'M' 'U'
 'U' 'U' 'U' 'M' 'M' 'M' 'M' 'M' 'M' 'U' 'M' 'U' 'M' 'M' 'M' 'M' 'M' 'M'
 'U' 'M' 'M' 'M' 'U' 'M' 'M' 'M' 'M' 'U' 'M' 'M' 'M' 'M' 'M' 'M' 'M' 'M'
 'M' 'M' 'U' 'M' 'U' 'M' 'M' 'M' 'U' 'M' 'U' 'M' 'M' 'M' 'M' 'M' 'M' 'M'
 'M' 'M' 'M' 'U' 'M' 'U' 'M' 'M' 'U' 'M' 'M' 'M' 'A' 'M' 'M' 'M' 'M' 'U'
 'M' 'M' 'M' 'U' 'M' 'M' 'U' 'M' 'M' 'M' 'M' 'U' 'M' 'M' 'M' 'M' 'M' 'M'
 'U' 'M' 'M' 'M' 'M' 'U' 'A' 'U' 'U' 'U' 'U' 'U' 'U' 'A' 'U' 'M' 'M' 'M'
 'A' 'M' 'M' 'M' 'M' 'M' 'M' 'U' 'M' 'M' 'M' 'M' 'U' 'U' 'M' 'M' 'M' 'M'
 'M' 'M' 'M' 'M' 'M' 'M' 'M' 'M' 'U' 'M' 'M' 'M' 'M' 'M' 'M' 'M' 'U' 'M'
 'M' 'M' 'M' 'M' 'M' 'M' 'U' 'M' 'M' 'M' 'M' 'M' 'M' 'M' 'M' 'M' 'U' 'M']"
190301,0,158,8,150,40,1,0,"['A' 'M' 'U' 'M' 'M' 'M' 'M' 'M' 'U' 'U' 'M' 'U' 'M' 'U' 'M' 'U' 'U' 'M'
 'M' 'U' 'M' 'U' 'M' 'U' 'M' 'M' 'M' 'M' 'M' 'U' 'M' 'M' 'M' 'A' 'M' 'U'
 'U' 'M' 'M' 'M' 'M' 'U' 'M' 'M' 'M' 'M' 'M' 'U' 'M' 'M' 'M' 'M' 'M' 'M'
 'U' 'U' 'M' 'M' 'U' 'M' 'M' 'M' 'M' 'U' 'M' 'M' 'M' 'M' 'U' 'U' 'M' 'M'
 'M' 'U' 'M' 'M' 'U' 'M' 'U' 'M' 'M' 'M' 'M' 'M' 'M' 'M' 'M' 'M' 'M' 'M'
 'M' 'M' 'M' 'M' 'M' 'U' 'M' 'M' 'M' 'M' 'M' 'M' 'A' 'M' 'M' 'M' 'M' 'U'
 'M' 'M' 'M' 'M' 'M' 'M' 'U' 'M' 'M' 'M' 'M' 'M' 'M' 'M' 'M' 'M' 'M' 'M'
 'A' 'M' 'U' 'M' 'M' 'U' 'A' 'U' 'U' 'M' 'M' 'U' 'M' 'A' 'U' 'M' 'M' 'M'
 'A' 'M' 'M' 'M' 'M' 'M' 'M' 'U' 'M' 'M' 'M' 'M' 'U' 'U' 'M' 'M' 'M' 'M'
 'M' 'M' 'M' 'M' 'M' 'M' 'M' 'M' 'A' 'M' 'M' 'M' 'M' 'M' 'M' 'M' 'U' 'M'
 'U' 'M' 'M' 'M' 'M' 'M' 'U' 'M' 'M' 'M' 'M' 'M' 'M' 'M' 'U' 'M' 'M' 'M']"
190401,0,161,8,153,37,0,0,"['A' 'M' 'M' 'M' 'M' 'M' 'M' 'M' 'U' 'U' 'M' 'M' 'M' 'U' 'M' 'U' 'U' 'M'
 'M' 'M' 'M' 'M' 'M' 'M' 'M' 'U' 'M' 'M' 'M' 'U' 'M' 'M' 'M' 'A' 'M' 'U'
 'U' 'M' 'M' 'M' 'M' 'U' 'M' 'M' 'M' 'M' 'M' 'M' 'M' 'M' 'M' 'M' 'M' 'M'
 'U' 'U' 'M' 'M' 'U' 'M' 'M' 'M' 'M' 'M' 'M' 'M' 'M' 'M' 'M' 'M' 'U' 'M'
 'M' 'M' 'M' 'M' 'M' 'M' 'M' 'M' 'U' 'M' 'U' 'M' 'M' 'M' 'M' 'M' 'M' 'U'
 'M' 'M' 'U' 'M' 'M' 'M' 'M' 'M' 'M' 'M' 'M' 'M' 'A' 'M' 'M' 'M' 'M' 'M'
 'M' 'M' 'M' 'M' 'M' 'M' 'U' 'M' 'M' 'M' 'M' 'M' 'M' 'M' 'M' 'M' 'M' 'M'
 'A' 'M' 'U' 'M' 'M' 'U' 'A' 'U' 'A' 'U' 'U' 'U' 'U' 'A' 'U' 'M' 'M' 'U'
 'A' 'M' 'M' 'U' 'M' 'M' 'M' 'U' 'M' 'M' 'M' 'M' 'M' 'M' 'M' 'M' 'M' 'M'
 'U' 'U' 'M' 'M' 'M' 'U' 'M' 'M' 'U' 'M' 'M' 'M' 'M' 'M' 'M' 'M' 'U' 'M'
 'U' 'M' 'M' 'M' 'M' 'M' 'U' 'M' 'M' 'M' 'M' 'M' 'M' 'M' 'M' 'M' 'M' 'M']"
190501,0,166,6,160,32,0,0,"['A' 'M' 'M' 'M' 'M' 'M' 'M' 'M' 'U' 'U' 'M' 'M' 'M' 'U' 'M' 'M' 'U' 'M'
 'M' 'M' 'M' 'M' 'M' 'U' 'M' 'M' 'M' 'M' 'M' 'M' 'M' 'M' 'M' 'A' 'M' 'U'
 'M' 'M' 'M' 'M' 'M' 'U' 'M' 'M' 'M' 'M' 'M' 'M' 'M' 'M' 'M' 'M' 'M' 'M'
 'U' 'U' 'M' 'M' 'M' 'M' 'M' 'M' 'M' 'M' 'M' 'M' 'M' 'M' 'M' 'M' 'M' 'U'
 'U' 'M' 'M' 'M' 'M' 'M' 'M' 'M' 'M' 'M' 'M' 'M' 'M' 'M' 'U' 'U' 'M' 'U'
 'M' 'M' 'M' 'M' 'M' 'M' 'M' 'M' 'M' 'M' 'M' 'M' 'A' 'M' 'M' 'M' 'M' 'M'
 'M' 'M' 'M' 'M' 'M' 'M' 'U' 'M' 'M' 'M' 'M' 'M' 'M' 'M' 'M' 'M' 'U' 'U'
 'M' 'M' 'M' 'M' 'M' 'U' 'A' 'M' 'A' 'U' 'U' 'U' 'U' 'A' 'U' 'M' 'M' 'U'
 'U' 'M' 'M' 'U' 'M' 'M' 'M' 'M' 'M' 'M' 'M' 'M' 'M' 'M' 'M' 'M' 'M' 'M'
 'U' 'M' 'M' 'M' 'M' 'U' 'M' 'M' 'U' 'M' 'M' 'M' 'M' 'M' 'M' 'M' 'U' 'M'
 'M' 'U' 'M' 'M' 'M' 'M' 'U' 'M' 'M' 'M' 'M' 'M' 'M' 'M' 'M' 'M' 'M' 'M']"
190601,0,164,5,159,34,0,0,"['A' 'M' 'M' 'M' 'M' 'M' 'M' 'M' 'U' 'M' 'M' 'M' 'M' 'M' 'M' 'M' 'U' 'M'
 'U' 'M' 'U' 'M' 'M' 'U' 'M' 'M' 'M' 'M' 'M' 'M' 'M' 'M' 'M' 'A' 'M' 'U'
 'M' 'M' 'M' 'M' 'M' 'U' 'M' 'M' 'M' 'M' 'M' 'M' 'M' 'M' 'M' 'M' 'M' 'M'
 'M' 'U' 'M' 'M' 'M' 'M' 'M' 'M' 'M' 'M' 'M' 'M' 'M' 'M' 'M' 'M' 'M' 'M'
 'U' 'U' 'M' 'M' 'M' 'U' 'M' 'M' 'M' 'M' 'M' 'U' 'M' 'M' 'U' 'M' 'M' 'M'
 'M' 'M' 'M' 'M' 'M' 'M' 'M' 'M' 'M' 'M' 'M' 'M' 'A' 'M' 'M' 'M' 'M' 'M'
 'M' 'M' 'M' 'M' 'M' 'U' 'U' 'M' 'M' 'M' 'M' 'M' 'M' 'M' 'M' 'M' 'M' 'M'
 'M' 'M' 'M' 'M' 'M' 'U' 'U' 'M' 'A' 'U' 'U' 'U' 'U' 'A' 'U' 'M' 'M' 'U'
 'U' 'M' 'M' 'U' 'M' 'M' 'M' 'M' 'M' 'M' 'M' 'M' 'U' 'M' 'M' 'M' 'M' 'M'
 'U' 'M' 'M' 'M' 'M' 'U' 'M' 'M' 'U' 'M' 'M' 'M' 'U' 'M' 'M' 'M' 'U' 'U'
 'M' 'U' 'M' 'M' 'M' 'M' 'U' 'M' 'M' 'M' 'M' 'M' 'M' 'M' 'M' 'M' 'M' 'M']"
190701,0,166,4,162,32,0,0,"['A' 'M' 'M' 'M' 'M' 'M' 'M' 'M' 'U' 'M' 'M' 'M' 'U' 'M' 'M' 'M' 'U' 'M'
 'M' 'M' 'U' 'M' 'M' 'U' 'M' 'M' 'M' 'M' 'M' 'M' 'M' 'M' 'M' 'U' 'M' 'U'
 'M' 'M' 'M' 'M' 'M' 'M' 'M' 'M' 'M' 'M' 'M' 'M' 'M' 'M' 'M' 'U' 'M' 'M'
 'M' 'U' 'M' 'M' 'M' 'M' 'M' 'M' 'M' 'M' 'M' 'M' 'M' 'M' 'U' 'M' 'U' 'M'
 'M' 'M' 'M' 'M' 'M' 'M' 'U' 'M' 'M' 'M' 'M' 'M' 'M' 'M' 'M' 'M' 'M' 'M'
 'M' 'U' 'M' 'U' 'M' 'M' 'M' 'M' 'M' 'M' 'M' 'M' 'A' 'M' 'M' 'M' 'M' 'M'
 'M' 'M' 'M' 'M' 'M' 'U' 'U' 'M' 'M' 'M' 'M' 'M' 'M' 'M' 'M' 'M' 'M' 'M'
 'M' 'M' 'M' 'M' 'M' 'U' 'U' 'M' 'U' 'U' 'U' 'U' 'M' 'A' 'U' 'M' 'M' 'U'
 'U' 'M' 'M' 'U' 'U' 'M' 'M' 'M' 'M' 'M' 'M' 'M' 'A' 'M' 'M' 'M' 'M' 'M'
 'M' 'M' 'M' 'M' 'M' 'U' 'U' 'M' 'U' 'M' 'M' 'M' 'M' 'M' 'M' 'M' 'M' 'U'
 'M' 'M' 'M' 'M' 'M' 'U' 'M' 'M' 'M' 'M' 'M' 'M' 'M' 'M' 'M' 'M' 'M' 'M']"
190801,0,165,3,162,33,0,0,"['A' 'M' 'M' 'M' 'M' 'M' 'M' 'M' 'U' 'M' 'M' 'U' 'U' 'M' 'M' 'M' 'U' 'M'
 'M' 'M' 'U' 'M' 'M' 'M' 'M' 'M' 'M' 'M' 'M' 'U' 'M' 'M' 'M' 'U' 'M' 'M'
 'M' 'M' 'M' 'M' 'M' 'M' 'M' 'M' 'M' 'M' 'M' 'M' 'M' 'M' 'M' 'U' 'M' 'M'
 'U' 'M' 'M' 'M' 'M' 'M' 'M' 'M' 'M' 'M' 'M' 'U' 'M' 'M' 'U' 'U' 'M' 'M'
 'M' 'M' 'M' 'M' 'M' 'M' 'M' 'M' 'M' 'M' 'M' 'M' 'M' 'M' 'M' 'M' 'M' 'M'
 'U' 'U' 'M' 'M' 'M' 'M' 'M' 'M' 'M' 'M' 'M' 'M' 'A' 'U' 'M' 'M' 'M' 'M'
 'M' 'M' 'M' 'M' 'M' 'U' 'U' 'M' 'U' 'M' 'M' 'M' 'M' 'M' 'M' 'M' 'M' 'M'
 'M' 'M' 'M' 'M' 'M' 'M' 'U' 'U' 'U' 'M' 'U' 'U' 'U' 'A' 'U' 'M' 'M' 'U'
 'M' 'M' 'M' 'M' 'U' 'M' 'M' 'M' 'M' 'M' 'M' 'M' 'U' 'M' 'M' 'M' 'M' 'M'
 'M' 'M' 'M' 'M' 'M' 'U' 'U' 'M' 'M' 'M' 'M' 'M' 'M' 'M' 'M' 'M' 'M' 'U'
 'M' 'M' 'M' 'M' 'M' 'U' 'M' 'M' 'M' 'M' 'M' 'M' 'M' 'U' 'M' 'M' 'M' 'M']"
190901,0,168,5,163,30,0,0,"['A' 'U' 'M' 'M' 'M' 'M' 'M' 'M' 'A' 'M' 'M' 'M' 'U' 'M' 'M' 'M' 'U' 'M'
 'M' 'M' 'U' 'M' 'M' 'M' 'M' 'M' 'M' 'M' 'M' 'U' 'M' 'M' 'M' 'M' 'M' 'M'
 'M' 'M' 'M' 'M' 'M' 'M' 'M' 'M' 'M' 'M' 'M' 'M' 'M' 'M' 'M' 'M' 'M' 'M'
 'U' 'M' 'A' 'M' 'M' 'M' 'M' 'M' 'M' 'M' 'M' 'M' 'M' 'M' 'M' 'M' 'U' 'M'
 'M' 'M' 'M' 'M' 'U' 'M' 'M' 'U' 'M' 'M' 'U' 'M' 'U' 'M' 'M' 'M' 'M' 'M'
 'M' 'M' 'M' 'M' 'M' 'M' 'M' 'M' 'M' 'M' 'M' 'M' 'A' 'U' 'M' 'M' 'U' 'M'
 'U' 'M' 'M' 'M' 'M' 'U' 'M' 'M' 'U' 'M' 'M' 'M' 'M' 'M' 'M' 'M' 'M' 'U'
 'M' 'M' 'M' 'M' 'M' 'M' 'U' 'U' 'M' 'M' 'U' 'U' 'U' 'A' 'U' 'M' 'M' 'U'
 'M' 'M' 'M' 'M' 'U' 'M' 'M' 'M' 'M' 'M' 'M' 'M' 'M' 'U' 'M' 'M' 'M' 'M'
 'M' 'M' 'U' 'M' 'M' 'M' 'U' 'M' 'M' 'M' 'M' 'M' 'M' 'U' 'M' 'M' 'M' 'U'
 'M' 'M' 'M' 'M' 'M' 'M' 'M' 'M' 'M' 'M' 'M' 'M' 'M' 'M' 'M' 'M' 'M' 'M']"
191001,0,161,4,157,37,1,0,"['A' 'U' 'M' 'M' 'M' 'U' 'M' 'M' 'U' 'M' 'U' 'M' 'U' 'M' 'M' 'M' 'M' 'U'
 'M' 'M' 'U' 'M' 'M' 'M' 'M' 'M' 'M' 'U' 'M' 'A' 'M' 'M' 'M' 'M' 'M' 'M'
 'M' 'M' 'M' 'M' 'M' 'M' 'M' 'M' 'M' 'M' 'M' 'M' 'M' 'M' 'M' 'M' 'M' 'U'
 'M' 'M' 'A' 'M' 'M' 'U' 'M' 'M' 'M' 'M' 'M' 'M' 'M' 'M' 'M' 'M' 'U' 'M'
 'M' 'M' 'U' 'M' 'M' 'M' 'M' 'M' 'U' 'M' 'U' 'M' 'M' 'M' 'M' 'M' 'M' 'M'
 'M' 'M' 'M' 'M' 'U' 'M' 'M' 'M' 'M' 'M' 'M' 'M' 'A' 'U' 'M' 'M' 'M' 'M'
 'U' 'M' 'M' 'M' 'M' 'U' 'M' 'M' 'U' 'M' 'M' 'M' 'M' 'M' 'M' 'M' 'M' 'M'
 'M' 'M' 'M' 'M' 'M' 'M' 'U' 'U' 'M' 'M' 'U' 'U' 'U' 'U' 'U' 'M' 'M' 'U'
 'M' 'M' 'M' 'M' 'U' 'M' 'M' 'U' 'M' 'M' 'M' 'M' 'M' 'U' 'M' 'M' 'M' 'M'
 'M' 'M' 'U' 'M' 'M' 'M' 'U' 'M' 'U' 'U' 'M' 'U' 'M' 'U' 'M' 'M' 'M' 'M'
 'M' 'M' 'M' 'M' 'M' 'M' 'M' 'M' 'U' 'M' 'M' 'M' 'M' 'M' 'M' 'M' 'M' 'M']"
191101,0,165,4,161,33,0,0,"['A' 'M' 'M' 'M' 'M' 'U' 'M' 'M' 'M' 'M' 'U' 'M' 'M' 'M' 'M' 'U' 'M' 'U'
 'M' 'M' 'U' 'M' 'M' 'M' 'M' 'M' 'M' 'M' 'M' 'A' 'M' 'M' 'U' 'M' 'M' 'M'
 'M' 'M' 'M' 'M' 'M' 'M' 'M' 'M' 'M' 'M' 'M' 'M' 'M' 'M' 'U' 'M' 'M' 'U'
 'M' 'M' 'A' 'M' 'M' 'U' 'M' 'M' 'M' 'M' 'M' 'M' 'M' 'M' 'M' 'M' 'U' 'M'
 'M' 'M' 'M' 'U' 'M' 'U' 'M' 'M' 'M' 'M' 'U' 'M' 'M' 'M' 'U' 'M' 'M' 'M'
 'M' 'M' 'M' 'M' 'M' 'M' 'M' 'M' 'U' 'M' 'M' 'M' 'A' 'U' 'M' 'M' 'M' 'M'
 'M' 'M' 'M' 'M' 'M' 'U' 'M' 'M' 'U' 'M' 'M' 'M' 'M' 'M' 'M' 'M' 'M' 'M'
 'M' 'M' 'M' 'M' 'M' 'M' 'U' 'U' 'U' 'M' 'M' 'U' 'M' 'M' 'M' 'M' 'M' 'U'
 'M' 'M' 'M' 'M' 'U' 'M' 'M' 'U' 'M' 'M' 'M' 'M' 'M' 'M' 'M' 'M' 'M' 'M'
 'M' 'U' 'M' 'M' 'M' 'M' 'U' 'M' 'U' 'M' 'M' 'U' 'M' 'U' 'M' 'M' 'M' 'U'
 'M' 'M' 'M' 'M' 'M' 'M' 'M' 'M' 'U' 'M' 'U' 'M' 'M' 'M' 'M' 'M' 'M' 'M']"
191201,0,164,3,161,34,1,0,"['A' 'M' 'M' 'M' 'M' 'M' 'M' 'M' 'M' 'M' 'M' 'M' 'M' 'M' 'M' 'U' 'M' 'U'
 'M' 'M' 'U' 'M' 'U' 'M' 'M' 'M' 'M' 'M' 'M' 'A' 'M' 'M' 'U' 'M' 'M' 'M'
 'M' 'M' 'M' 'M' 'M' 'M' 'M' 'M' 'M' 'M' 'M' 'M' 'M' 'M' 'U' 'M' 'M' 'M'
 'M' 'U' 'U' 'M' 'M' 'M' 'M' 'M' 'M' 'M' 'M' 'M' 'M' 'M' 'M' 'U' 'M' 'M'
 'M' 'M' 'U' 'M' 'M' 'M' 'U' 'M' 'M' 'M' 'U' 'M' 'M' 'M' 'U' 'M' 'M' 'M'
 'M' 'M' 'M' 'M' 'M' 'M' 'M' 'M' 'U' 'M' 'M' 'M' 'U' 'U' 'M' 'M' 'M' 'U'
 'M' 'M' 'M' 'M' 'M' 'M' 'U' 'M' 'M' 'M' 'M' 'M' 'M' 'U' 'M' 'M' 'M' 'M'
 'M' 'M' 'M' 'M' 'M' 'M' 'M' 'U' 'U' 'M' 'M' 'U' 'M' 'M' 'M' 'M' 'M' 'U'
 'M' 'M' 'M' 'M' 'A' 'U' 'M' 'U' 'M' 'M' 'M' 'M' 'M' 'M' 'M' 'U' 'M' 'M'
 'M' 'U' 'M' 'M' 'M' 'M' 'U' 'M' 'U' 'M' 'M' 'U' 'M' 'U' 'M' 'M' 'M' 'U'
 'M' 'M' 'M' 'M' 'M' 'M' 'M' 'M' 'M' 'M' 'U' 'M' 'M' 'M' 'U' 'M' 'M' 'M']"
191301,0,166,3,163,32,0,0,"['A' 'M' 'M' 'M' 'M' 'M' 'M' 'M' 'M' 'M' 'M' 'M' 'M' 'U' 'M' 'M' 'M' 'U'
 'M' 'M' 'U' 'M' 'U' 'M' 'M' 'M' 'M' 'M' 'M' 'U' 'M' 'M' 'U' 'M' 'M' 'M'
 'M' 'M' 'M' 'M' 'M' 'M' 'M' 'M' 'M' 'M' 'M' 'M' 'M' 'U' 'U' 'M' 'M' 'M'
 'M' 'U' 'U' 'M' 'M' 'M' 'M' 'M' 'M' 'M' 'M' 'M' 'M' 'M' 'M' 'M' 'M' 'M'
 'M' 'U' 'M' 'M' 'M' 'M' 'M' 'M' 'M' 'U' 'M' 'M' 'M' 'M' 'M' 'M' 'U' 'M'
 'U' 'M' 'M' 'M' 'U' 'M' 'M' 'M' 'U' 'M' 'M' 'M' 'A' 'U' 'M' 'U' 'M' 'M'
 'M' 'M' 'M' 'M' 'M' 'M' 'M' 'M' 'M' 'M' 'M' 'M' 'M' 'U' 'M' 'M' 'M' 'M'
 'M' 'M' 'M' 'M' 'M' 'M' 'M' 'U' 'U' 'M' 'M' 'M' 'M' 'U' 'M' 'M' 'M' 'U'
 'M' 'M' 'M' 'M' 'A' 'M' 'M' 'M' 'M' 'M' 'M' 'M' 'M' 'M' 'M' 'U' 'M' 'M'
 'M' 'M' 'M' 'M' 'M' 'M' 'U' 'M' 'U' 'M' 'M' 'M' 'U' 'U' 'M' 'M' 'M' 'U'
 'M' 'M' 'M' 'M' 'M' 'M' 'U' 'M' 'M' 'M' 'U' 'M' 'M' 'M' 'U' 'M' 'M' 'M']"
191401,0,168,2,166,30,0,0,"['A' 'M' 'M' 'M' 'M' 'M' 'M' 'M' 'U' 'M' 'M' 'U' 'M' 'U' 'M' 'M' 'M' 'A'
 'M' 'M' 'U' 'M' 'U' 'M' 'M' 'M' 'M' 'M' 'M' 'U' 'M' 'M' 'U' 'M' 'U' 'M'
 'M' 'M' 'M' 'M' 'M' 'M' 'M' 'M' 'M' 'M' 'M' 'M' 'M' 'U' 'U' 'M' 'M' 'U'
 'M' 'M' 'U' 'M' 'M' 'M' 'M' 'M' 'M' 'M' 'M' 'M' 'M' 'M' 'M' 'M' 'U' 'M'
 'M' 'M' 'M' 'M' 'M' 'M' 'U' 'M' 'M' 'M' 'M' 'U' 'M' 'M' 'M' 'U' 'U' 'M'
 'M' 'M' 'M' 'M' 'M' 'M' 'M' 'M' 'U' 'M' 'M' 'M' 'M' 'U' 'M' 'M' 'M' 'M'
 'M' 'M' 'M' 'M' 'M' 'M' 'M' 'M' 'M' 'M' 'M' 'U' 'M' 'U' 'M' 'M' 'U' 'M'
 'M' 'M' 'M' 'M' 'M' 'M' 'M' 'U' 'M' 'M' 'M' 'M' 'M' 'U' 'M' 'M' 'M' 'M'
 'M' 'M' 'M' 'M' 'U' 'M' 'M' 'M' 'M' 'M' 'M' 'M' 'M' 'M' 'M' 'U' 'M' 'M'
 'M' 'M' 'M' 'M' 'M' 'M' 'U' 'M' 'M' 'M' 'M' 'M' 'M' 'U' 'M' 'M' 'M' 'U'
 'M' 'M' 'M' 'M' 'M' 'M' 'M' 'M' 'M' 'M' 'M' 'M' 'M' 'M' 'U' 'M' 'M' 'M']"
191501,0,170,2,168,28,0,0,"['A' 'M' 'M' 'M' 'M' 'M' 'M' 'M' 'M' 'M' 'U' 'U' 'M' 'U' 'M' 'M' 'M' 'U'
 'M' 'M' 'M' 'M' 'U' 'M' 'M' 'M' 'M' 'M' 'M' 'M' 'M' 'M' 'A' 'M' 'U' 'M'
 'M' 'M' 'M' 'M' 'M' 'M' 'M' 'M' 'M' 'M' 'M' 'M' 'M' 'U' 'U' 'M' 'M' 'U'
 'M' 'M' 'U' 'M' 'M' 'M' 'M' 'M' 'M' 'M' 'M' 'M' 'M' 'M' 'M' 'M' 'M' 'M'
 'M' 'M' 'M' 'M' 'M' 'M' 'U' 'M' 'M' 'M' 'M' 'M' 'M' 'M' 'U' 'U' 'M' 'M'
 'U' 'M' 'M' 'M' 'U' 'M' 'M' 'M' 'U' 'M' 'M' 'M' 'M' 'U' 'M' 'M' 'M' 'M'
 'M' 'M' 'M' 'M' 'M' 'M' 'M' 'M' 'M' 'M' 'M' 'U' 'M' 'U' 'M' 'M' 'M' 'M'
 'M' 'M' 'M' 'M' 'M' 'M' 'M' 'U' 'M' 'M' 'M' 'M' 'M' 'M' 'M' 'M' 'M' 'U'
 'M' 'U' 'M' 'M' 'U' 'M' 'M' 'M' 'M' 'M' 'M' 'M' 'M' 'M' 'M' 'U' 'M' 'M'
 'M' 'M' 'M' 'M' 'U' 'M' 'M' 'M' 'M' 'M' 'M' 'M' 'M' 'U' 'M' 'M' 'M' 'U'
 'M' 'M' 'M' 'M' 'M' 'M' 'M' 'M' 'M' 'M' 'M' 'M' 'M' 'M' 'M' 'U' 'M' 'M']"
191601,0,171,2,169,27,0,0,"['A' 'M' 'M' 'M' 'U' 'M' 'M' 'U' 'M' 'M' 'M' 'U' 'M' 'U' 'M' 'M' 'M' 'U'
 'M' 'M' 'M' 'M' 'M' 'M' 'M' 'M' 'M' 'M' 'M' 'M' 'M' 'U' 'A' 'M' 'U' 'M'
 'M' 'M' 'M' 'M' 'M' 'M' 'M' 'M' 'M' 'M' 'M' 'M' 'M' 'U' 'U' 'M' 'M' 'U'
 'M' 'M' 'U' 'M' 'M' 'M' 'M' 'M' 'M' 'M' 'M' 'M' 'U' 'M' 'M' 'M' 'M' 'M'
 'U' 'M' 'M' 'U' 'M' 'M' 'M' 'M' 'M' 'M' 'M' 'M' 'M' 'M' 'M' 'U' 'U' 'M'
 'M' 'M' 'M' 'M' 'M' 'M' 'M' 'M' 'M' 'M' 'M' 'M' 'M' 'U' 'M' 'M' 'M' 'M'
 'M' 'M' 'M' 'M' 'M' 'M' 'M' 'M' 'M' 'M' 'M' 'U' 'M' 'M' 'M' 'M' 'M' 'M'
 'M' 'M' 'M' 'M' 'M' 'M' 'M' 'U' 'M' 'M' 'M' 'M' 'M' 'M' 'M' 'M' 'M' 'U'
 'M' 'U' 'M' 'M' 'M' 'M' 'M' 'M' 'M' 'M' 'M' 'M' 'M' 'M' 'M' 'U' 'M' 'M'
 'M' 'M' 'M' 'M' 'U' 'M' 'M' 'M' 'M' 'M' 'U' 'M' 'M' 'U' 'M' 'M' 'M' 'M'
 'M' 'M' 'M' 'U' 'U' 'M' 'M' 'M' 'M' 'M' 'M' 'M' 'M' 'M' 'M' 'M' 'M' 'M']"
191701,0,170,3,167,28,0,0,"['A' 'M' 'M' 'M' 'M' 'M' 'M' 'M' 'U' 'M' 'M' 'U' 'M' 'U' 'M' 'M' 'M' 'M'
 'M' 'M' 'M' 'M' 'M' 'M' 'M' 'M' 'M' 'U' 'M' 'M' 'M' 'U' 'A' 'M' 'U' 'M'
 'M' 'M' 'M' 'U' 'M' 'M' 'M' 'M' 'M' 'M' 'M' 'M' 'M' 'M' 'M' 'M' 'M' 'U'
 'M' 'M' 'U' 'U' 'M' 'M' 'M' 'M' 'M' 'M' 'M' 'U' 'M' 'M' 'M' 'M' 'M' 'M'
 'U' 'M' 'M' 'M' 'M' 'M' 'M' 'U' 'M' 'M' 'M' 'M' 'U' 'M' 'M' 'M' 'M' 'M'
 'M' 'M' 'M' 'U' 'M' 'M' 'U' 'M' 'M' 'M' 'M' 'M' 'M' 'M' 'M' 'M' 'M' 'M'
 'U' 'M' 'M' 'M' 'M' 'M' 'M' 'M' 'M' 'M' 'M' 'U' 'M' 'M' 'M' 'M' 'M' 'M'
 'M' 'M' 'M' 'M' 'M' 'M' 'M' 'U' 'M' 'M' 'M' 'M' 'M' 'M' 'M' 'M' 'M' 'U'
 'M' 'U' 'M' 'M' 'M' 'M' 'M' 'M' 'M' 'M' 'U' 'M' 'M' 'M' 'M' 'U' 'M' 'M'
 'M' 'M' 'M' 'M' 'U' 'M' 'M' 'M' 'M' 'M' 'M' 'U' 'U' 'U' 'M' 'M' 'M' 'M'
 'M' 'M' 'M' 'U' 'A' 'M' 'M' 'M' 'M' 'M' 'M' 'M' 'M' 'M' 'M' 'M' 'M' 'M']"
191801,0,168,5,163,30,1,0,"['A' 'M' 'M' 'M' 'M' 'M' 'M' 'M' 'U' 'M' 'M' 'U' 'M' 'A' 'M' 'M' 'M' 'M'
 'M' 'M' 'M' 'M' 'M' 'M' 'M' 'M' 'M' 'U' 'M' 'M' 'M' 'M' 'A' 'M' 'U' 'U'
 'M' 'M' 'M' 'U' 'M' 'M' 'M' 'M' 'M' 'U' 'M' 'U' 'M' 'M' 'M' 'M' 'M' 'A'
 'M' 'M' 'U' 'U' 'M' 'M' 'M' 'M' 'M' 'M' 'M' 'M' 'M' 'M' 'M' 'M' 'U' 'M'
 'M' 'U' 'M' 'M' 'M' 'M' 'U' 'M' 'M' 'M' 'M' 'M' 'M' 'M' 'M' 'M' 'U' 'M'
 'M' 'M' 'U' 'M' 'M' 'M' 'U' 'M' 'U' 'M' 'M' 'M' 'M' 'M' 'M' 'M' 'M' 'M'
 'U' 'M' 'M' 'M' 'M' 'U' 'M' 'M' 'M' 'M' 'M' 'U' 'M' 'M' 'M' 'M' 'M' 'M'
 'U' 'M' 'M' 'M' 'M' 'M' 'M' 'U' 'M' 'M' 'M' 'M' 'M' 'M' 'M' 'M' 'M' 'M'
 'M' 'U' 'M' 'M' 'M' 'M' 'M' 'M' 'M' 'M' 'U' 'M' 'M' 'M' 'M' 'M' 'M' 'M'
 'M' 'M' 'M' 'M' 'U' 'M' 'M' 'M' 'U' 'M' 'M' 'U' 'U' 'U' 'M' 'M' 'M' 'M'
 'M' 'M' 'M' 'U' 'A' 'M' 'M' 'M' 'M' 'M' 'M' 'M' 'M' 'M' 'M' 'M' 'M' 'M']"
191901,0,168,5,163,30,0,0,"['A' 'M' 'M' 'M' 'M' 'M' 'M' 'M' 'A' 'M' 'M' 'M' 'M' 'A' 'M' 'M' 'M' 'M'
 'M' 'M' 'M' 'M' 'M' 'M' 'M' 'M' 'M' 'M' 'M' 'M' 'M' 'M' 'U' 'M' 'M' 'M'
 'M' 'M' 'M' 'U' 'M' 'M' 'M' 'M' 'M' 'U' 'M' 'U' 'M' 'M' 'M' 'M' 'M' 'U'
 'U' 'M' 'U' 'U' 'M' 'M' 'M' 'M' 'M' 'M' 'M' 'M' 'U' 'M' 'M' 'U' 'M' 'M'
 'M' 'U' 'M' 'M' 'U' 'M' 'M' 'M' 'M' 'U' 'M' 'M' 'M' 'M' 'M' 'M' 'M' 'M'
 'M' 'M' 'M' 'M' 'M' 'M' 'U' 'M' 'U' 'M' 'M' 'M' 'M' 'M' 'M' 'M' 'M' 'M'
 'U' 'M' 'M' 'M' 'M' 'U' 'M' 'M' 'M' 'M' 'M' 'U' 'M' 'M' 'M' 'M' 'M' 'M'
 'A' 'M' 'M' 'M' 'M' 'M' 'U' 'U' 'U' 'U' 'M' 'U' 'M' 'M' 'U' 'M' 'M' 'M'
 'M' 'M' 'M' 'U' 'M' 'M' 'M' 'M' 'M' 'M' 'M' 'M' 'M' 'M' 'M' 'M' 'M' 'M'
 'M' 'M' 'M' 'M' 'U' 'M' 'M' 'M' 'M' 'M' 'M' 'U' 'U' 'U' 'M' 'M' 'M' 'M'
 'M' 'M' 'M' 'U' 'A' 'M' 'M' 'M' 'M' 'M' 'M' 'M' 'M' 'M' 'M' 'M' 'M' 'M']"
192001,0,168,5,163,30,0,0,"['A' 'M' 'M' 'M' 'M' 'M' 'M' 'M' 'A' 'M' 'M' 'M' 'M' 'A' 'M' 'M' 'M' 'M'
 'M' 'M' 'U' 'M' 'M' 'U' 'M' 'M' 'M' 'M' 'M' 'M' 'M' 'M' 'M' 'M' 'M' 'M'
 'M' 'M' 'M' 'U' 'M' 'M' 'U' 'M' 'M' 'M' 'M' 'M' 'M' 'M' 'U' 'M' 'M' 'U'
 'U' 'U' 'U' 'U' 'M' 'M' 'M' 'M' 'M' 'M' 'M' 'M' 'U' 'U' 'U' 'M' 'M' 'M'
 'M' 'M' 'M' 'M' 'M' 'U' 'M' 'M' 'M' 'M' 'M' 'M' 'M' 'M' 'M' 'M' 'M' 'M'
 'M' 'M' 'M' 'U' 'M' 'M' 'U' 'M' 'U' 'M' 'M' 'M' 'M' 'M' 'M' 'M' 'M' 'M'
 'U' 'M' 'M' 'M' 'M' 'U' 'M' 'M' 'M' 'M' 'M' 'M' 'M' 'M' 'M' 'M' 'M' 'M'
 'A' 'M' 'M' 'M' 'M' 'M' 'U' 'A' 'U' 'U' 'M' 'M' 'M' 'M' 'U' 'M' 'M' 'M'
 'M' 'M' 'M' 'M' 'M' 'M' 'U' 'M' 'M' 'M' 'U' 'M' 'M' 'M' 'M' 'M' 'M' 'M'
 'M' 'M' 'M' 'M' 'U' 'M' 'M' 'M' 'M' 'M' 'M' 'U' 'U' 'U' 'M' 'M' 'M' 'M'
 'M' 'M' 'M' 'U' 'M' 'M' 'M' 'M' 'M' 'M' 'M' 'M' 'M' 'M' 'M' 'M' 'M' 'M']"
192101,0,162,3,159,36,1,0,"['A' 'M' 'M' 'M' 'M' 'M' 'M' 'M' 'A' 'M' 'M' 'M' 'M' 'U' 'M' 'M' 'M' 'U'
 'M' 'M' 'U' 'M' 'M' 'U' 'M' 'M' 'M' 'M' 'M' 'M' 'M' 'U' 'M' 'M' 'M' 'M'
 'M' 'M' 'U' 'U' 'M' 'M' 'U' 'M' 'M' 'M' 'U' 'M' 'M' 'U' 'M' 'M' 'M' 'U'
 'U' 'U' 'U' 'U' 'M' 'M' 'M' 'M' 'M' 'M' 'M' 'M' 'M' 'M' 'U' 'M' 'M' 'U'
 'M' 'M' 'M' 'M' 'M' 'M' 'U' 'M' 'M' 'M' 'U' 'M' 'M' 'M' 'M' 'M' 'M' 'M'
 'M' 'U' 'M' 'M' 'M' 'M' 'U' 'M' 'U' 'M' 'M' 'U' 'M' 'M' 'M' 'M' 'M' 'M'
 'U' 'M' 'M' 'M' 'M' 'M' 'M' 'M' 'M' 'M' 'M' 'U' 'M' 'M' 'M' 'M' 'M' 'M'
 'U' 'M' 'M' 'M' 'M' 'M' 'U' 'A' 'M' 'U' 'M' 'M' 'M' 'M' 'U' 'M' 'M' 'M'
 'M' 'M' 'M' 'M' 'M' 'M' 'M' 'M' 'M' 'M' 'U' 'M' 'M' 'M' 'M' 'M' 'M' 'M'
 'M' 'M' 'M' 'M' 'M' 'M' 'M' 'M' 'M' 'M' 'M' 'U' 'U' 'U' 'M' 'M' 'M' 'M'
 'M' 'M' 'U' 'U' 'M' 'M' 'U' 'M' 'M' 'M' 'M' 'M' 'M' 'M' 'M' 'M' 'M' 'M']"
192201,0,160,3,157,38,0,0,"['A' 'M' 'M' 'M' 'M' 'U' 'M' 'M' 'A' 'M' 'M' 'M' 'M' 'M' 'M' 'M' 'M' 'U'
 'U' 'M' 'M' 'M' 'M' 'U' 'M' 'M' 'M' 'M' 'M' 'M' 'M' 'M' 'M' 'M' 'M' 'M'
 'M' 'U' 'M' 'U' 'M' 'M' 'U' 'M' 'M' 'M' 'U' 'M' 'M' 'U' 'M' 'M' 'M' 'U'
 'U' 'U' 'U' 'U' 'M' 'M' 'M' 'M' 'M' 'M' 'M' 'M' 'M' 'M' 'U' 'M' 'M' 'M'
 'M' 'M' 'U' 'U' 'M' 'M' 'M' 'U' 'M' 'M' 'U' 'M' 'M' 'M' 'M' 'M' 'M' 'M'
 'M' 'M' 'M' 'M' 'M' 'M' 'U' 'M' 'U' 'M' 'M' 'U' 'M' 'M' 'M' 'M' 'M' 'M'
 'U' 'M' 'M' 'M' 'M' 'M' 'M' 'M' 'M' 'M' 'U' 'U' 'M' 'M' 'M' 'M' 'M' 'M'
 'M' 'M' 'M' 'M' 'M' 'M' 'U' 'A' 'M' 'U' 'M' 'M' 'M' 'M' 'U' 'M' 'M' 'M'
 'M' 'M' 'M' 'M' 'M' 'M' 'M' 'M' 'M' 'M' 'U' 'M' 'M' 'M' 'M' 'M' 'M' 'M'
 'M' 'M' 'M' 'M' 'M' 'M' 'M' 'M' 'M' 'M' 'M' 'U' 'U' 'U' 'M' 'M' 'M' 'M'
 'M' 'U' 'U' 'U' 'M' 'M' 'U' 'U' 'M' 'M' 'U' 'M' 'M' 'M' 'M' 'M' 'M' 'M']"
192301,0,159,3,156,39,0,0,"['A' 'M' 'M' 'M' 'M' 'M' 'M' 'M' 'U' 'M' 'M' 'M' 'M' 'M' 'M' 'M' 'M' 'U'
 'U' 'U' 'M' 'M' 'U' 'U' 'M' 'M' 'U' 'M' 'M' 'M' 'M' 'M' 'M' 'M' 'M' 'M'
 'M' 'U' 'M' 'U' 'M' 'M' 'A' 'M' 'M' 'M' 'U' 'M' 'M' 'U' 'M' 'M' 'M' 'U'
 'U' 'U' 'U' 'U' 'M' 'M' 'M' 'A' 'M' 'M' 'M' 'M' 'M' 'U' 'M' 'M' 'M' 'U'
 'M' 'M' 'M' 'M' 'M' 'M' 'U' 'M' 'M' 'M' 'M' 'U' 'U' 'M' 'M' 'M' 'M' 'M'
 'M' 'M' 'M' 'M' 'M' 'M' 'U' 'M' 'U' 'M' 'M' 'U' 'M' 'M' 'M' 'M' 'M' 'M'
 'U' 'M' 'M' 'M' 'M' 'M' 'M' 'M' 'M' 'M' 'U' 'M' 'M' 'M' 'M' 'M' 'M' 'M'
 'M' 'M' 'M' 'M' 'M' 'M' 'U' 'U' 'M' 'U' 'M' 'M' 'M' 'M' 'U' 'M' 'M' 'M'
 'M' 'M' 'M' 'M' 'M' 'M' 'M' 'M' 'M' 'M' 'M' 'M' 'M' 'M' 'M' 'M' 'M' 'M'
 'M' 'M' 'M' 'M' 'M' 'M' 'M' 'M' 'M' 'M' 'M' 'U' 'U' 'U' 'M' 'M' 'M' 'M'
 'M' 'U' 'U' 'M' 'M' 'M' 'U' 'U' 'M' 'M' 'U' 'M' 'U' 'M' 'M' 'M' 'M' 'M']"
192401,0,163,3,160,35,0,0,"['A' 'U' 'M' 'M' 'U' 'M' 'M' 'M' 'U' 'M' 'M' 'M' 'M' 'M' 'M' 'U' 'M' 'U'
 'U' 'U' 'M' 'M' 'U' 'M' 'M' 'M' 'U' 'M' 'M' 'M' 'M' 'M' 'M' 'M' 'M' 'M'
 'M' 'M' 'M' 'U' 'M' 'M' 'A' 'M' 'M' 'M' 'M' 'M' 'M' 'M' 'M' 'M' 'M' 'U'
 'M' 'U' 'U' 'U' 'M' 'M' 'M' 'A' 'M' 'M' 'M' 'M' 'M' 'M' 'U' 'M' 'M' 'M'
 'M' 'M' 'M' 'U' 'M' 'M' 'M' 'U' 'U' 'M' 'U' 'M' 'M' 'M' 'M' 'M' 'M' 'M'
 'M' 'M' 'M' 'M' 'M' 'M' 'U' 'M' 'U' 'M' 'M' 'U' 'M' 'M' 'M' 'M' 'M' 'M'
 'M' 'M' 'M' 'M' 'M' 'M' 'M' 'M' 'M' 'M' 'U' 'M' 'M' 'M' 'M' 'M' 'M' 'M'
 'M' 'M' 'M' 'M' 'M' 'M' 'M' 'U' 'M' 'U' 'M' 'M' 'M' 'M' 'U' 'M' 'M' 'M'
 'M' 'M' 'M' 'M' 'M' 'M' 'M' 'M' 'M' 'M' 'M' 'M' 'M' 'M' 'M' 'U' 'M' 'M'
 'M' 'M' 'M' 'M' 'U' 'M' 'M' 'M' 'M' 'M' 'M' 'U' 'U' 'U' 'M' 'M' 'M' 'M'
 'M' 'U' 'M' 'M' 'M' 'M' 'U' 'M' 'M' 'M' 'U' 'M' 'U' 'M' 'M' 'M' 'M' 'M']"
192501,0,164,3,161,34,0,0,"['A' 'U' 'M' 'M' 'U' 'M' 'M' 'M' 'U' 'M' 'M' 'M' 'M' 'M' 'M' 'M' 'M' 'M'
 'U' 'M' 'M' 'M' 'U' 'M' 'M' 'M' 'U' 'M' 'M' 'M' 'U' 'M' 'M' 'M' 'M' 'M'
 'M' 'M' 'M' 'U' 'M' 'M' 'A' 'M' 'M' 'M' 'M' 'M' 'M' 'M' 'M' 'M' 'M' 'U'
 'M' 'U' 'U' 'U' 'U' 'M' 'M' 'A' 'M' 'M' 'M' 'M' 'M' 'M' 'M' 'U' 'M' 'M'
 'M' 'M' 'M' 'M' 'M' 'M' 'M' 'M' 'M' 'M' 'M' 'M' 'U' 'M' 'M' 'M' 'U' 'M'
 'U' 'M' 'M' 'M' 'U' 'M' 'U' 'M' 'U' 'M' 'M' 'U' 'M' 'M' 'M' 'M' 'M' 'M'
 'M' 'U' 'M' 'M' 'M' 'M' 'M' 'M' 'M' 'M' 'U' 'M' 'M' 'M' 'M' 'M' 'M' 'M'
 'M' 'M' 'M' 'M' 'M' 'M' 'M' 'U' 'M' 'U' 'M' 'M' 'M' 'M' 'U' 'M' 'M' 'M'
 'M' 'M' 'M' 'M' 'M' 'M' 'M' 'M' 'M' 'M' 'M' 'M' 'M' 'M' 'M' 'U' 'M' 'M'
 'M' 'M' 'M' 'M' 'U' 'M' 'M' 'M' 'M' 'M' 'M' 'U' 'U' 'U' 'U' 'M' 'M' 'M'
 'M' 'M' 'M' 'M' 'M' 'M' 'M' 'M' 'U' 'M' 'U' 'M' 'M' 'M' 'M' 'M' 'M' 'M']"
192601,0,165,4,161,33,0,0,"['A' 'U' 'M' 'M' 'M' 'M' 'M' 'U' 'M' 'M' 'M' 'M' 'M' 'M' 'M' 'M' 'M' 'U'
 'U' 'M' 'M' 'M' 'M' 'M' 'M' 'M' 'M' 'M' 'M' 'M' 'U' 'M' 'M' 'M' 'M' 'U'
 'M' 'M' 'M' 'U' 'M' 'M' 'U' 'M' 'M' 'M' 'M' 'M' 'U' 'M' 'M' 'M' 'M' 'U'
 'M' 'U' 'U' 'M' 'U' 'U' 'M' 'A' 'M' 'M' 'M' 'M' 'M' 'U' 'M' 'M' 'M' 'M'
 'M' 'M' 'M' 'M' 'U' 'M' 'M' 'M' 'M' 'M' 'M' 'M' 'M' 'U' 'M' 'U' 'U' 'M'
 'M' 'M' 'M' 'M' 'M' 'M' 'U' 'M' 'A' 'M' 'M' 'M' 'M' 'M' 'M' 'M' 'M' 'M'
 'U' 'U' 'M' 'M' 'M' 'M' 'M' 'M' 'M' 'M' 'U' 'M' 'M' 'M' 'M' 'M' 'M' 'M'
 'M' 'M' 'M' 'U' 'M' 'M' 'M' 'M' 'M' 'U' 'M' 'M' 'M' 'M' 'A' 'M' 'M' 'U'
 'M' 'M' 'M' 'M' 'M' 'M' 'M' 'M' 'M' 'M' 'M' 'M' 'M' 'M' 'M' 'M' 'M' 'M'
 'M' 'M' 'M' 'M' 'U' 'M' 'M' 'M' 'M' 'M' 'M' 'U' 'U' 'U' 'U' 'M' 'M' 'M'
 'M' 'M' 'M' 'M' 'M' 'M' 'M' 'M' 'U' 'M' 'U' 'M' 'M' 'M' 'M' 'M' 'M' 'M']"
192701,0,168,3,165,30,0,0,"['A' 'U' 'M' 'M' 'M' 'M' 'M' 'U' 'M' 'M' 'M' 'M' 'M' 'M' 'M' 'M' 'M' 'M'
 'M' 'M' 'M' 'M' 'M' 'M' 'M' 'M' 'M' 'M' 'M' 'M' 'M' 'M' 'M' 'U' 'M' 'U'
 'M' 'M' 'U' 'U' 'M' 'U' 'M' 'M' 'M' 'M' 'M' 'M' 'U' 'U' 'M' 'M' 'M' 'M'
 'M' 'M' 'U' 'M' 'U' 'U' 'M' 'U' 'M' 'M' 'M' 'M' 'M' 'M' 'M' 'U' 'M' 'M'
 'M' 'M' 'U' 'M' 'M' 'M' 'M' 'U' 'M' 'M' 'M' 'M' 'M' 'U' 'M' 'M' 'M' 'M'
 'U' 'M' 'M' 'M' 'M' 'M' 'U' 'M' 'A' 'M' 'M' 'M' 'M' 'M' 'M' 'M' 'M' 'M'
 'U' 'U' 'M' 'M' 'M' 'M' 'M' 'M' 'M' 'M' 'U' 'M' 'M' 'M' 'M' 'M' 'M' 'M'
 'U' 'M' 'U' 'U' 'M' 'M' 'M' 'M' 'M' 'U' 'M' 'M' 'M' 'M' 'A' 'M' 'M' 'U'
 'M' 'M' 'M' 'M' 'M' 'M' 'M' 'M' 'M' 'M' 'M' 'M' 'M' 'M' 'M' 'M' 'M' 'M'
 'M' 'M' 'M' 'M' 'M' 'M' 'M' 'M' 'M' 'M' 'M' 'M' 'U' 'U' 'M' 'M' 'M' 'M'
 'M' 'M' 'M' 'M' 'M' 'M' 'M' 'M' 'M' 'M' 'M' 'M' 'M' 'M' 'U' 'M' 'M' 'M']"
192801,0,168,3,165,30,0,0,"['A' 'M' 'M' 'U' 'M' 'M' 'M' 'M' 'M' 'M' 'M' 'M' 'M' 'M' 'M' 'M' 'M' 'M'
 'U' 'M' 'M' 'M' 'U' 'M' 'M' 'M' 'U' 'M' 'M' 'M' 'M' 'M' 'M' 'U' 'M' 'U'
 'M' 'M' 'U' 'U' 'M' 'U' 'M' 'M' 'M' 'M' 'M' 'M' 'M' 'U' 'M' 'M' 'M' 'M'
 'M' 'M' 'M' 'M' 'M' 'A' 'M' 'U' 'M' 'M' 'M' 'M' 'M' 'M' 'M' 'M' 'M' 'U'
 'M' 'M' 'M' 'M' 'M' 'U' 'U' 'M' 'M' 'M' 'M' 'M' 'M' 'U' 'M' 'M' 'M' 'M'
 'M' 'M' 'M' 'M' 'U' 'M' 'U' 'M' 'M' 'U' 'M' 'M' 'M' 'M' 'M' 'M' 'M' 'M'
 'M' 'U' 'M' 'M' 'M' 'M' 'M' 'M' 'M' 'M' 'U' 'M' 'U' 'M' 'M' 'M' 'M' 'M'
 'U' 'M' 'U' 'U' 'U' 'M' 'M' 'M' 'M' 'M' 'M' 'M' 'M' 'M' 'A' 'M' 'M' 'M'
 'M' 'M' 'M' 'M' 'M' 'M' 'M' 'M' 'M' 'M' 'M' 'M' 'M' 'M' 'M' 'M' 'M' 'M'
 'M' 'M' 'M' 'U' 'M' 'M' 'M' 'M' 'M' 'M' 'M' 'M' 'U' 'U' 'M' 'M' 'M' 'M'
 'M' 'M' 'M' 'M' 'M' 'M' 'U' 'M' 'M' 'M' 'M' 'M' 'M' 'M' 'U' 'M' 'M' 'M']"
192901,0,166,4,162,32,0,1,"['A' 'M' 'M' 'M' 'M' 'M' 'M' 'M' 'M' 'M' 'M' 'M' 'M' 'M' 'M' 'M' 'M' 'U'
 'U' 'M' 'M' 'M' 'U' 'M' 'M' 'M' 'M' 'M' 'M' 'M' 'M' 'M' 'M' 'U' 'M' 'U'
 'M' 'M' 'U' 'U' 'M' 'U' 'M' 'M' 'M' 'M' 'M' 'M' 'M' 'U' 'M' 'M' 'M' 'M'
 'M' 'M' 'M' 'U' 'M' 'A' 'M' 'U' 'M' 'M' 'M' 'M' 'M' 'M' 'M' 'M' 'M' 'M'
 'U' 'M' 'M' 'M' 'M' 'M' 'M' 'U' 'M' 'M' 'U' 'U' 'M' 'M' 'M' 'M' 'M' 'M'
 'M' 'M' 'M' 'M' 'U' 'M' 'U' 'M' 'M' 'U' 'M' 'M' 'M' 'M' 'M' 'M' 'M' 'M'
 'M' 'U' 'M' 'U' 'U' 'M' 'M' 'M' 'M' 'M' 'U' 'M' 'U' 'M' 'M' 'M' 'M' 'M'
 'U' 'M' 'A' 'M' 'M' 'M' 'M' 'M' 'M' 'M' 'M' 'U' 'M' 'M' 'A' 'U' 'M' 'M'
 'M' 'M' 'M' 'M' 'M' 'M' 'U' 'M' 'M' 'M' 'M' 'U' 'M' 'M' 'M' 'M' 'M' 'M'
 'M' 'M' 'M' 'U' 'M' 'M' 'U' 'M' 'M' 'M' 'M' 'M' 'U' 'M' 'M' 'M' 'M' 'M'
 'M' 'M' 'M' 'M' 'M' 'M' 'U' 'M' 'M' 'M' 'M' 'M' 'M' 'M' 'M' 'M' 'M' 'M']"
193001,0,170,4,166,28,0,0,"['A' 'U' 'M' 'M' 'M' 'M' 'M' 'M' 'M' 'M' 'M' 'M' 'M' 'M' 'M' 'M' 'M' 'M'
 'U' 'M' 'M' 'M' 'U' 'M' 'M' 'M' 'M' 'M' 'M' 'M' 'M' 'M' 'M' 'U' 'M' 'U'
 'M' 'M' 'U' 'U' 'U' 'M' 'M' 'M' 'M' 'M' 'M' 'M' 'M' 'M' 'M' 'M' 'M' 'M'
 'M' 'M' 'M' 'U' 'M' 'A' 'M' 'U' 'M' 'M' 'M' 'M' 'M' 'M' 'U' 'U' 'M' 'M'
 'M' 'U' 'M' 'M' 'M' 'M' 'M' 'M' 'M' 'M' 'M' 'M' 'M' 'M' 'M' 'M' 'M' 'M'
 'M' 'U' 'M' 'M' 'U' 'M' 'U' 'M' 'M' 'U' 'M' 'M' 'M' 'M' 'M' 'M' 'M' 'M'
 'M' 'M' 'M' 'M' 'M' 'M' 'M' 'M' 'M' 'M' 'U' 'U' 'U' 'M' 'M' 'M' 'M' 'M'
 'M' 'M' 'A' 'M' 'M' 'M' 'M' 'M' 'M' 'M' 'M' 'U' 'M' 'M' 'A' 'U' 'M' 'M'
 'M' 'M' 'M' 'M' 'M' 'M' 'U' 'M' 'M' 'M' 'M' 'U' 'M' 'M' 'M' 'U' 'M' 'M'
 'M' 'M' 'M' 'M' 'M' 'M' 'M' 'M' 'M' 'M' 'M' 'M' 'U' 'M' 'M' 'M' 'M' 'U'
 'M' 'M' 'M' 'M' 'M' 'M' 'U' 'M' 'M' 'M' 'M' 'M' 'M' 'M' 'M' 'M' 'M' 'M']"
193101,0,172,4,168,26,0,0,"['A' 'U' 'M' 'M' 'M' 'M' 'M' 'U' 'M' 'U' 'M' 'M' 'M' 'M' 'M' 'M' 'M' 'M'
 'U' 'M' 'M' 'M' 'M' 'M' 'M' 'M' 'M' 'M' 'M' 'M' 'M' 'M' 'M' 'M' 'M' 'U'
 'M' 'U' 'U' 'M' 'M' 'M' 'M' 'M' 'M' 'M' 'M' 'M' 'M' 'M' 'M' 'M' 'M' 'M'
 'M' 'M' 'M' 'U' 'M' 'M' 'M' 'U' 'M' 'M' 'M' 'M' 'M' 'M' 'M' 'M' 'M' 'U'
 'M' 'M' 'M' 'M' 'M' 'M' 'U' 'M' 'M' 'M' 'M' 'M' 'M' 'M' 'U' 'U' 'M' 'M'
 'M' 'M' 'U' 'M' 'M' 'M' 'U' 'M' 'M' 'U' 'M' 'M' 'M' 'M' 'M' 'M' 'M' 'M'
 'M' 'M' 'M' 'M' 'M' 'M' 'M' 'M' 'M' 'M' 'U' 'U' 'U' 'M' 'M' 'M' 'M' 'M'
 'M' 'M' 'A' 'M' 'U' 'M' 'M' 'M' 'M' 'U' 'M' 'U' 'M' 'M' 'A' 'M' 'M' 'M'
 'M' 'M' 'U' 'U' 'M' 'M' 'M' 'M' 'M' 'M' 'M' 'A' 'M' 'M' 'M' 'M' 'M' 'M'
 'M' 'M' 'M' 'M' 'M' 'M' 'M' 'M' 'M' 'M' 'M' 'M' 'U' 'M' 'M' 'M' 'M' 'M'
 'M' 'M' 'M' 'M' 'M' 'M' 'U' 'M' 'M' 'M' 'M' 'M' 'M' 'M' 'M' 'M' 'M' 'M']"
193201,0,163,5,158,35,0,0,"['A' 'U' 'M' 'M' 'U' 'U' 'M' 'U' 'M' 'A' 'M' 'M' 'M' 'M' 'M' 'M' 'M' 'M'
 'U' 'U' 'M' 'M' 'M' 'M' 'M' 'M' 'M' 'M' 'M' 'M' 'M' 'M' 'M' 'M' 'M' 'U'
 'M' 'M' 'M' 'U' 'M' 'M' 'M' 'M' 'M' 'M' 'M' 'M' 'M' 'M' 'M' 'M' 'M' 'U'
 'M' 'M' 'M' 'U' 'M' 'M' 'U' 'U' 'M' 'M' 'M' 'M' 'M' 'M' 'U' 'M' 'M' 'U'
 'M' 'M' 'M' 'M' 'M' 'U' 'M' 'U' 'M' 'U' 'M' 'M' 'M' 'M' 'M' 'M' 'M' 'M'
 'M' 'M' 'M' 'M' 'M' 'M' 'U' 'M' 'U' 'U' 'M' 'M' 'M' 'M' 'M' 'M' 'M' 'M'
 'M' 'U' 'M' 'M' 'M' 'M' 'M' 'M' 'M' 'M' 'U' 'U' 'U' 'M' 'M' 'M' 'M' 'M'
 'M' 'M' 'A' 'M' 'U' 'M' 'M' 'M' 'M' 'U' 'M' 'U' 'M' 'M' 'A' 'M' 'M' 'M'
 'M' 'M' 'U' 'U' 'M' 'M' 'M' 'M' 'M' 'M' 'M' 'A' 'M' 'M' 'M' 'M' 'M' 'M'
 'M' 'M' 'M' 'M' 'M' 'M' 'M' 'M' 'M' 'M' 'M' 'M' 'U' 'M' 'M' 'M' 'M' 'M'
 'U' 'M' 'U' 'M' 'M' 'M' 'U' 'M' 'U' 'M' 'M' 'M' 'M' 'U' 'M' 'M' 'M' 'M']"
193301,0,164,3,161,34,0,0,"['A' 'U' 'M' 'M' 'U' 'M' 'M' 'U' 'M' 'M' 'M' 'M' 'M' 'M' 'M' 'M' 'M' 'M'
 'U' 'U' 'M' 'M' 'M' 'M' 'M' 'M' 'M' 'M' 'M' 'M' 'M' 'M' 'M' 'M' 'M' 'U'
 'M' 'M' 'M' 'U' 'M' 'M' 'M' 'M' 'M' 'M' 'M' 'M' 'M' 'M' 'M' 'U' 'U' 'M'
 'M' 'M' 'M' 'U' 'M' 'M' 'U' 'M' 'M' 'M' 'M' 'M' 'M' 'M' 'M' 'U' 'M' 'M'
 'M' 'M' 'M' 'M' 'M' 'M' 'M' 'M' 'M' 'U' 'M' 'M' 'M' 'M' 'U' 'U' 'U' 'M'
 'M' 'M' 'M' 'M' 'M' 'M' 'U' 'M' 'M' 'U' 'M' 'M' 'M' 'M' 'M' 'M' 'M' 'M'
 'M' 'U' 'M' 'M' 'M' 'M' 'M' 'M' 'M' 'M' 'U' 'U' 'U' 'M' 'M' 'M' 'M' 'M'
 'M' 'M' 'A' 'M' 'U' 'M' 'M' 'M' 'M' 'U' 'M' 'U' 'M' 'M' 'A' 'M' 'M' 'M'
 'U' 'M' 'M' 'U' 'U' 'M' 'M' 'M' 'M' 'M' 'M' 'M' 'M' 'M' 'M' 'M' 'M' 'M'
 'U' 'M' 'M' 'M' 'M' 'M' 'M' 'M' 'M' 'M' 'U' 'M' 'M' 'M' 'M' 'M' 'M' 'M'
 'U' 'M' 'M' 'M' 'M' 'M' 'U' 'M' 'U' 'M' 'M' 'M' 'M' 'U' 'M' 'M' 'M' 'M']"
193401,0,163,3,160,35,0,0,"['A' 'M' 'M' 'U' 'U' 'U' 'U' 'U' 'U' 'M' 'M' 'M' 'M' 'M' 'M' 'M' 'M' 'M'
 'U' 'U' 'M' 'M' 'M' 'M' 'M' 'M' 'M' 'M' 'M' 'M' 'U' 'M' 'M' 'M' 'M' 'U'
 'M' 'M' 'M' 'M' 'M' 'M' 'M' 'M' 'M' 'M' 'M' 'M' 'M' 'M' 'M' 'U' 'M' 'M'
 'M' 'M' 'M' 'U' 'M' 'M' 'M' 'M' 'M' 'M' 'M' 'M' 'M' 'M' 'U' 'U' 'U' 'U'
 'M' 'M' 'M' 'M' 'M' 'M' 'M' 'M' 'M' 'M' 'M' 'M' 'U' 'M' 'M' 'M' 'M' 'M'
 'M' 'M' 'M' 'M' 'M' 'M' 'U' 'M' 'M' 'U' 'M' 'M' 'U' 'M' 'M' 'M' 'M' 'M'
 'M' 'U' 'M' 'M' 'M' 'M' 'M' 'M' 'M' 'M' 'U' 'U' 'U' 'M' 'M' 'M' 'M' 'U'
 'M' 'M' 'A' 'M' 'U' 'M' 'M' 'M' 'M' 'U' 'M' 'U' 'M' 'M' 'A' 'M' 'M' 'M'
 'U' 'M' 'M' 'U' 'U' 'M' 'M' 'M' 'M' 'M' 'M' 'M' 'M' 'M' 'M' 'U' 'M' 'M'
 'U' 'M' 'M' 'M' 'M' 'M' 'M' 'M' 'M' 'M' 'M' 'M' 'M' 'M' 'M' 'M' 'M' 'M'
 'M' 'M' 'M' 'M' 'M' 'M' 'M' 'U' 'U' 'M' 'M' 'M' 'M' 'M' 'M' 'M' 'M' 'M']"
193501,0,162,3,159,36,0,0,"['A' 'M' 'M' 'U' 'U' 'U' 'U' 'U' 'U' 'M' 'M' 'M' 'M' 'M' 'M' 'M' 'M' 'M'
 'U' 'U' 'M' 'M' 'M' 'M' 'M' 'M' 'M' 'M' 'M' 'M' 'U' 'M' 'M' 'M' 'M' 'M'
 'M' 'M' 'M' 'M' 'U' 'M' 'M' 'M' 'M' 'M' 'M' 'M' 'M' 'M' 'M' 'U' 'M' 'M'
 'M' 'M' 'M' 'U' 'M' 'M' 'M' 'M' 'M' 'M' 'M' 'M' 'M' 'M' 'M' 'U' 'M' 'M'
 'M' 'M' 'M' 'M' 'M' 'M' 'M' 'M' 'U' 'U' 'M' 'M' 'M' 'U' 'M' 'M' 'M' 'M'
 'M' 'U' 'M' 'M' 'M' 'M' 'M' 'M' 'M' 'U' 'M' 'U' 'U' 'M' 'M' 'M' 'M' 'M'
 'M' 'M' 'M' 'M' 'M' 'M' 'M' 'M' 'M' 'M' 'U' 'M' 'U' 'M' 'M' 'M' 'M' 'U'
 'M' 'U' 'A' 'M' 'U' 'M' 'M' 'M' 'M' 'U' 'M' 'U' 'M' 'M' 'A' 'M' 'M' 'M'
 'U' 'M' 'M' 'U' 'M' 'M' 'M' 'M' 'M' 'M' 'M' 'M' 'M' 'U' 'M' 'M' 'M' 'M'
 'U' 'U' 'M' 'M' 'M' 'M' 'M' 'M' 'U' 'M' 'U' 'M' 'M' 'M' 'M' 'M' 'M' 'M'
 'M' 'M' 'M' 'M' 'M' 'M' 'M' 'U' 'U' 'M' 'M' 'M' 'M' 'M' 'M' 'M' 'M' 'M']"
193601,0,164,4,160,34,0,0,"['A' 'M' 'M' 'U' 'U' 'U' 'U' 'M' 'M' 'M' 'M' 'M' 'M' 'M' 'M' 'M' 'M' 'M'
 'U' 'U' 'M' 'M' 'M' 'M' 'M' 'M' 'M' 'M' 'M' 'M' 'U' 'M' 'M' 'M' 'M' 'M'
 'M' 'M' 'M' 'M' 'U' 'M' 'M' 'M' 'M' 'M' 'M' 'M' 'M' 'M' 'M' 'A' 'M' 'M'
 'M' 'M' 'M' 'M' 'M' 'M' 'M' 'M' 'M' 'M' 'M' 'M' 'M' 'M' 'M' 'U' 'M' 'M'
 'M' 'M' 'U' 'M' 'M' 'M' 'M' 'M' 'U' 'U' 'M' 'M' 'M' 'M' 'M' 'U' 'M' 'M'
 'M' 'M' 'M' 'M' 'M' 'M' 'M' 'M' 'M' 'U' 'M' 'U' 'U' 'M' 'M' 'M' 'M' 'M'
 'M' 'M' 'M' 'M' 'M' 'M' 'M' 'M' 'M' 'M' 'U' 'M' 'U' 'M' 'M' 'M' 'M' 'U'
 'M' 'U' 'A' 'M' 'U' 'U' 'M' 'U' 'U' 'M' 'U' 'U' 'M' 'M' 'A' 'M' 'M' 'M'
 'U' 'M' 'M' 'M' 'M' 'M' 'M' 'M' 'M' 'M' 'M' 'U' 'M' 'U' 'M' 'M' 'M' 'M'
 'M' 'M' 'U' 'M' 'M' 'M' 'M' 'M' 'U' 'M' 'U' 'M' 'M' 'M' 'M' 'M' 'M' 'M'
 'M' 'M' 'M' 'M' 'M' 'M' 'M' 'U' 'U' 'M' 'M' 'M' 'M' 'M' 'M' 'M' 'M' 'M']"
193701,0,161,4,157,37,0,0,"['A' 'M' 'M' 'U' 'M' 'U' 'U' 'M' 'M' 'M' 'M' 'M' 'M' 'M' 'M' 'U' 'M' 'M'
 'U' 'U' 'M' 'M' 'M' 'M' 'M' 'M' 'M' 'M' 'M' 'M' 'A' 'M' 'M' 'M' 'M' 'M'
 'M' 'M' 'M' 'M' 'U' 'M' 'M' 'M' 'M' 'M' 'M' 'M' 'M' 'M' 'M' 'A' 'M' 'M'
 'M' 'M' 'M' 'M' 'M' 'M' 'M' 'M' 'U' 'M' 'M' 'M' 'M' 'M' 'M' 'M' 'M' 'M'
 'M' 'M' 'M' 'M' 'U' 'U' 'M' 'M' 'M' 'M' 'U' 'M' 'M' 'M' 'M' 'U' 'U' 'M'
 'M' 'M' 'M' 'M' 'M' 'M' 'M' 'M' 'M' 'U' 'M' 'U' 'M' 'M' 'M' 'M' 'M' 'M'
 'M' 'M' 'M' 'M' 'M' 'M' 'M' 'U' 'M' 'M' 'M' 'M' 'U' 'U' 'M' 'M' 'M' 'U'
 'U' 'M' 'A' 'U' 'U' 'U' 'U' 'U' 'U' 'U' 'U' 'M' 'U' 'M' 'U' 'M' 'M' 'M'
 'U' 'M' 'M' 'M' 'M' 'M' 'M' 'M' 'M' 'M' 'M' 'U' 'M' 'M' 'M' 'M' 'M' 'M'
 'M' 'U' 'M' 'M' 'M' 'M' 'M' 'M' 'U' 'M' 'U' 'M' 'M' 'M' 'M' 'M' 'M' 'M'
 'M' 'M' 'M' 'M' 'M' 'M' 'M' 'U' 'U' 'M' 'M' 'M' 'M' 'M' 'M' 'M' 'M' 'M']"
193801,0,166,4,162,32,0,0,"['A' 'M' 'M' 'M' 'M' 'U' 'M' 'M' 'M' 'M' 'M' 'M' 'M' 'M' 'M' 'U' 'M' 'M'
 'U' 'U' 'M' 'M' 'M' 'M' 'M' 'M' 'M' 'M' 'M' 'M' 'A' 'M' 'M' 'M' 'M' 'M'
 'M' 'M' 'M' 'U' 'M' 'M' 'M' 'M' 'M' 'M' 'M' 'M' 'M' 'M' 'M' 'U' 'M' 'U'
 'M' 'M' 'M' 'M' 'M' 'M' 'M' 'M' 'M' 'M' 'M' 'M' 'U' 'M' 'M' 'M' 'M' 'M'
 'M' 'M' 'M' 'U' 'M' 'M' 'M' 'U' 'M' 'M' 'M' 'M' 'M' 'U' 'M' 'M' 'M' 'M'
 'U' 'M' 'M' 'M' 'M' 'M' 'M' 'M' 'M' 'U' 'M' 'U' 'M' 'M' 'M' 'M' 'M' 'M'
 'M' 'M' 'M' 'M' 'M' 'M' 'M' 'U' 'M' 'M' 'M' 'M' 'U' 'M' 'M' 'M' 'M' 'U'
 'U' 'M' 'A' 'U' 'U' 'U' 'U' 'U' 'M' 'U' 'U' 'M' 'U' 'M' 'U' 'M' 'M' 'M'
 'U' 'M' 'M' 'M' 'M' 'M' 'M' 'M' 'M' 'M' 'M' 'A' 'M' 'M' 'M' 'M' 'M' 'M'
 'M' 'U' 'M' 'M' 'M' 'M' 'M' 'M' 'U' 'M' 'U' 'M' 'M' 'M' 'M' 'M' 'M' 'M'
 'M' 'M' 'M' 'M' 'M' 'M' 'M' 'U' 'M' 'M' 'M' 'M' 'M' 'M' 'M' 'M' 'M' 'M']"
193901,0,163,3,160,35,0,0,"['A' 'M' 'M' 'U' 'M' 'M' 'M' 'M' 'U' 'M' 'M' 'U' 'M' 'M' 'M' 'M' 'M' 'M'
 'U' 'U' 'U' 'M' 'M' 'M' 'M' 'M' 'M' 'M' 'M' 'M' 'U' 'M' 'M' 'M' 'M' 'M'
 'U' 'M' 'M' 'U' 'M' 'M' 'M' 'M' 'M' 'M' 'M' 'M' 'M' 'M' 'M' 'M' 'M' 'U'
 'M' 'M' 'M' 'M' 'M' 'M' 'M' 'M' 'M' 'M' 'M' 'M' 'M' 'M' 'M' 'M' 'M' 'U'
 'U' 'M' 'M' 'M' 'M' 'U' 'M' 'M' 'M' 'M' 'M' 'M' 'M' 'U' 'U' 'M' 'M' 'M'
 'M' 'M' 'M' 'M' 'M' 'M' 'M' 'M' 'M' 'U' 'M' 'U' 'M' 'M' 'M' 'M' 'M' 'M'
 'M' 'M' 'M' 'M' 'M' 'M' 'U' 'U' 'M' 'M' 'M' 'M' 'U' 'M' 'M' 'M' 'M' 'U'
 'U' 'M' 'M' 'U' 'U' 'M' 'U' 'U' 'M' 'U' 'M' 'M' 'A' 'M' 'U' 'M' 'M' 'M'
 'U' 'M' 'M' 'M' 'M' 'M' 'U' 'M' 'M' 'M' 'M' 'A' 'M' 'M' 'M' 'M' 'M' 'M'
 'M' 'U' 'M' 'M' 'M' 'M' 'M' 'M' 'U' 'M' 'U' 'M' 'M' 'M' 'M' 'M' 'M' 'M'
 'M' 'M' 'M' 'M' 'M' 'M' 'M' 'M' 'M' 'M' 'M' 'M' 'M' 'U' 'U' 'M' 'M' 'M']"
194001,0,164,4,160,34,0,0,"['A' 'M' 'M' 'U' 'M' 'M' 'M' 'M' 'U' 'M' 'M' 'U' 'M' 'M' 'M' 'M' 'M' 'M'
 'U' 'U' 'U' 'M' 'M' 'M' 'M' 'M' 'U' 'M' 'M' 'U' 'U' 'U' 'M' 'M' 'M' 'M'
 'U' 'M' 'M' 'M' 'M' 'M' 'M' 'M' 'M' 'M' 'M' 'M' 'M' 'M' 'M' 'M' 'M' 'M'
 'U' 'M' 'M' 'M' 'M' 'M' 'M' 'M' 'M' 'M' 'M' 'M' 'M' 'U' 'U' 'M' 'U' 'M'
 'M' 'M' 'M' 'M' 'M' 'M' 'U' 'M' 'M' 'M' 'M' 'M' 'M' 'M' 'M' 'M' 'U' 'M'
 'M' 'M' 'M' 'M' 'M' 'M' 'U' 'M' 'U' 'U' 'M' 'U' 'M' 'M' 'M' 'M' 'M' 'M'
 'M' 'M' 'M' 'M' 'M' 'M' 'M' 'U' 'M' 'M' 'M' 'M' 'U' 'M' 'M' 'M' 'M' 'M'
 'M' 'M' 'M' 'U' 'U' 'M' 'M' 'M' 'U' 'U' 'U' 'U' 'A' 'M' 'U' 'M' 'M' 'M'
 'U' 'M' 'M' 'M' 'U' 'M' 'A' 'M' 'M' 'M' 'M' 'A' 'M' 'M' 'M' 'M' 'M' 'M'
 'M' 'M' 'M' 'M' 'M' 'M' 'M' 'M' 'M' 'M' 'M' 'M' 'M' 'M' 'M' 'M' 'M' 'M'
 'M' 'M' 'M' 'M' 'M' 'M' 'M' 'M' 'M' 'U' 'M' 'M' 'M' 'U' 'M' 'M' 'M' 'M']"
194101,0,163,5,158,35,0,0,"['A' 'M' 'M' 'U' 'U' 'M' 'M' 'M' 'U' 'M' 'M' 'M' 'M' 'M' 'M' 'M' 'M' 'M'
 'U' 'U' 'U' 'U' 'M' 'M' 'M' 'M' 'U' 'M' 'M' 'U' 'U' 'M' 'M' 'M' 'M' 'M'
 'M' 'M' 'M' 'M' 'M' 'M' 'M' 'M' 'M' 'M' 'U' 'M' 'M' 'M' 'M' 'M' 'M' 'M'
 'U' 'M' 'M' 'M' 'U' 'M' 'M' 'M' 'M' 'M' 'M' 'M' 'U' 'M' 'M' 'M' 'M' 'M'
 'M' 'M' 'M' 'M' 'M' 'M' 'M' 'M' 'U' 'M' 'M' 'U' 'M' 'M' 'M' 'M' 'M' 'M'
 'M' 'M' 'U' 'M' 'U' 'M' 'U' 'M' 'M' 'M' 'M' 'U' 'M' 'M' 'M' 'M' 'M' 'M'
 'M' 'M' 'M' 'M' 'M' 'M' 'M' 'M' 'M' 'M' 'M' 'M' 'U' 'M' 'M' 'M' 'M' 'M'
 'M' 'M' 'M' 'U' 'U' 'M' 'U' 'M' 'U' 'U' 'U' 'U' 'A' 'M' 'U' 'U' 'M' 'M'
 'M' 'M' 'M' 'M' 'A' 'M' 'A' 'M' 'M' 'M' 'M' 'U' 'M' 'M' 'M' 'M' 'M' 'M'
 'M' 'M' 'M' 'M' 'M' 'M' 'M' 'M' 'M' 'M' 'M' 'M' 'M' 'M' 'U' 'M' 'M' 'M'
 'M' 'U' 'M' 'M' 'M' 'M' 'M' 'M' 'M' 'A' 'M' 'M' 'M' 'U' 'M' 'M' 'M' 'U']"
194201,0,166,6,160,32,0,0,"['A' 'M' 'M' 'U' 'U' 'M' 'M' 'M' 'A' 'M' 'M' 'M' 'M' 'M' 'M' 'M' 'M' 'M'
 'U' 'U' 'U' 'U' 'M' 'M' 'M' 'M' 'U' 'M' 'M' 'U' 'U' 'M' 'M' 'M' 'M' 'M'
 'M' 'M' 'M' 'M' 'M' 'M' 'M' 'M' 'M' 'M' 'U' 'M' 'M' 'M' 'M' 'M' 'M' 'M'
 'U' 'M' 'M' 'M' 'U' 'M' 'M' 'M' 'M' 'M' 'M' 'M' 'M' 'M' 'M' 'M' 'M' 'M'
 'M' 'U' 'U' 'M' 'M' 'M' 'M' 'M' 'M' 'M' 'M' 'M' 'U' 'M' 'M' 'M' 'M' 'M'
 'U' 'M' 'U' 'M' 'M' 'M' 'U' 'M' 'M' 'U' 'M' 'U' 'M' 'M' 'M' 'M' 'M' 'M'
 'M' 'M' 'M' 'U' 'M' 'M' 'M' 'U' 'M' 'M' 'M' 'M' 'U' 'M' 'M' 'M' 'M' 'M'
 'M' 'M' 'M' 'M' 'U' 'M' 'U' 'M' 'M' 'M' 'M' 'U' 'A' 'M' 'U' 'U' 'M' 'M'
 'U' 'M' 'M' 'M' 'A' 'M' 'A' 'M' 'M' 'M' 'M' 'M' 'M' 'M' 'M' 'M' 'M' 'M'
 'M' 'M' 'M' 'M' 'M' 'M' 'M' 'M' 'M' 'M' 'M' 'M' 'M' 'M' 'M' 'M' 'M' 'M'
 'M' 'U' 'M' 'M' 'M' 'M' 'M' 'M' 'M' 'A' 'M' 'M' 'M' 'U' 'M' 'M' 'M' 'U']"
194301,0,163,6,157,35,0,0,"['A' 'M' 'M' 'U' 'M' 'M' 'M' 'U' 'A' 'M' 'M' 'M' 'M' 'M' 'M' 'M' 'M' 'M'
 'U' 'U' 'U' 'U' 'M' 'M' 'U' 'M' 'U' 'M' 'M' 'U' 'M' 'M' 'M' 'M' 'M' 'M'
 'M' 'M' 'M' 'U' 'M' 'M' 'M' 'M' 'M' 'M' 'U' 'M' 'M' 'M' 'M' 'M' 'M' 'M'
 'U' 'M' 'M' 'M' 'U' 'U' 'M' 'M' 'M' 'M' 'M' 'M' 'M' 'M' 'U' 'M' 'M' 'M'
 'M' 'M' 'U' 'M' 'M' 'M' 'M' 'U' 'M' 'M' 'M' 'U' 'M' 'M' 'M' 'M' 'M' 'M'
 'M' 'M' 'M' 'M' 'U' 'M' 'U' 'M' 'M' 'M' 'M' 'U' 'M' 'M' 'M' 'M' 'M' 'M'
 'M' 'M' 'M' 'U' 'M' 'M' 'M' 'U' 'M' 'M' 'M' 'M' 'U' 'M' 'M' 'M' 'U' 'M'
 'M' 'M' 'M' 'M' 'U' 'M' 'U' 'M' 'M' 'M' 'M' 'U' 'A' 'M' 'M' 'U' 'M' 'M'
 'U' 'M' 'M' 'M' 'A' 'M' 'A' 'M' 'U' 'M' 'U' 'M' 'M' 'M' 'M' 'M' 'M' 'M'
 'M' 'M' 'M' 'M' 'M' 'M' 'M' 'M' 'M' 'M' 'M' 'M' 'U' 'M' 'M' 'M' 'M' 'M'
 'M' 'U' 'M' 'M' 'M' 'M' 'M' 'M' 'M' 'A' 'M' 'M' 'M' 'M' 'M' 'M' 'M' 'U']"
194401,0,165,4,161,33,0,0,"['A' 'M' 'M' 'U' 'M' 'M' 'M' 'U' 'A' 'M' 'M' 'M' 'M' 'M' 'M' 'M' 'M' 'M'
 'U' 'U' 'M' 'U' 'M' 'M' 'U' 'M' 'U' 'M' 'M' 'U' 'M' 'M' 'M' 'M' 'M' 'M'
 'M' 'U' 'M' 'U' 'M' 'M' 'M' 'M' 'M' 'M' 'U' 'M' 'M' 'M' 'M' 'M' 'M' 'M'
 'U' 'M' 'M' 'M' 'U' 'M' 'M' 'M' 'M' 'M' 'M' 'M' 'M' 'U' 'M' 'M' 'M' 'M'
 'M' 'M' 'U' 'M' 'M' 'M' 'U' 'M' 'U' 'M' 'M' 'M' 'M' 'M' 'U' 'M' 'M' 'M'
 'M' 'M' 'M' 'M' 'M' 'M' 'U' 'M' 'M' 'M' 'M' 'M' 'M' 'M' 'M' 'M' 'M' 'M'
 'M' 'M' 'M' 'U' 'M' 'M' 'M' 'U' 'M' 'M' 'U' 'M' 'U' 'M' 'M' 'M' 'M' 'M'
 'M' 'M' 'M' 'M' 'U' 'M' 'U' 'M' 'M' 'M' 'M' 'U' 'A' 'M' 'M' 'U' 'M' 'M'
 'U' 'M' 'M' 'M' 'A' 'M' 'U' 'M' 'U' 'M' 'U' 'M' 'M' 'M' 'M' 'M' 'M' 'M'
 'M' 'M' 'M' 'M' 'M' 'M' 'M' 'M' 'M' 'M' 'M' 'M' 'M' 'M' 'M' 'M' 'M' 'M'
 'M' 'M' 'M' 'M' 'M' 'U' 'M' 'M' 'M' 'U' 'M' 'M' 'M' 'M' 'M' 'M' 'M' 'M']"
194501,0,167,4,163,31,1,0,"['A' 'M' 'M' 'M' 'M' 'M' 'M' 'M' 'A' 'M' 'M' 'M' 'M' 'M' 'M' 'M' 'M' 'M'
 'U' 'M' 'M' 'U' 'M' 'M' 'M' 'M' 'M' 'M' 'M' 'M' 'M' 'M' 'M' 'M' 'M' 'M'
 'M' 'M' 'M' 'U' 'M' 'M' 'M' 'M' 'M' 'M' 'M' 'M' 'M' 'M' 'M' 'M' 'M' 'M'
 'U' 'M' 'M' 'M' 'M' 'U' 'M' 'M' 'M' 'M' 'M' 'M' 'M' 'M' 'U' 'M' 'M' 'M'
 'U' 'U' 'M' 'M' 'M' 'M' 'M' 'U' 'M' 'M' 'M' 'M' 'M' 'M' 'M' 'U' 'M' 'M'
 'M' 'M' 'M' 'M' 'M' 'M' 'M' 'M' 'M' 'M' 'U' 'M' 'M' 'M' 'M' 'M' 'M' 'M'
 'M' 'M' 'M' 'U' 'M' 'M' 'M' 'U' 'M' 'M' 'U' 'M' 'M' 'M' 'M' 'M' 'M' 'M'
 'M' 'M' 'M' 'M' 'U' 'U' 'U' 'U' 'U' 'U' 'U' 'M' 'U' 'M' 'M' 'U' 'M' 'M'
 'U' 'M' 'U' 'M' 'A' 'M' 'A' 'M' 'M' 'M' 'M' 'M' 'M' 'U' 'M' 'M' 'M' 'M'
 'M' 'M' 'M' 'M' 'M' 'M' 'M' 'U' 'M' 'M' 'M' 'M' 'M' 'M' 'M' 'M' 'M' 'U'
 'M' 'M' 'M' 'M' 'M' 'U' 'M' 'M' 'U' 'U' 'M' 'M' 'M' 'M' 'M' 'M' 'M' 'M']"
194601,0,170,3,167,28,0,0,"['A' 'M' 'M' 'M' 'M' 'M' 'M' 'M' 'A' 'M' 'M' 'M' 'M' 'M' 'M' 'M' 'U' 'M'
 'U' 'M' 'M' 'M' 'M' 'M' 'M' 'M' 'M' 'M' 'M' 'M' 'M' 'M' 'M' 'M' 'M' 'M'
 'M' 'M' 'M' 'M' 'M' 'M' 'M' 'M' 'M' 'M' 'M' 'M' 'M' 'M' 'M' 'M' 'M' 'M'
 'U' 'M' 'M' 'M' 'M' 'M' 'M' 'M' 'M' 'M' 'M' 'M' 'M' 'M' 'U' 'M' 'M' 'M'
 'M' 'U' 'M' 'U' 'M' 'M' 'M' 'M' 'M' 'M' 'M' 'M' 'M' 'U' 'M' 'M' 'M' 'M'
 'M' 'M' 'M' 'U' 'M' 'M' 'M' 'M' 'M' 'M' 'U' 'M' 'M' 'M' 'M' 'M' 'M' 'M'
 'M' 'M' 'U' 'M' 'M' 'M' 'M' 'M' 'M' 'M' 'M' 'M' 'M' 'M' 'U' 'M' 'M' 'M'
 'M' 'M' 'M' 'M' 'M' 'U' 'U' 'U' 'U' 'U' 'U' 'U' 'M' 'U' 'M' 'M' 'M' 'M'
 'U' 'M' 'U' 'M' 'A' 'U' 'U' 'M' 'M' 'M' 'M' 'M' 'M' 'U' 'M' 'M' 'M' 'M'
 'M' 'M' 'M' 'M' 'M' 'M' 'M' 'U' 'M' 'M' 'M' 'M' 'M' 'M' 'M' 'M' 'M' 'M'
 'M' 'M' 'M' 'M' 'M' 'M' 'M' 'M' 'U' 'U' 'M' 'M' 'M' 'M' 'U' 'M' 'M' 'M']"
194701,1,169,3,166,29,0,0,"['A' 'M' 'M' 'M' 'M' 'M' 'M' 'M' 'A' 'M' 'M' 'M' 'M' 'M' 'M' 'M' 'M' 'M'
 'U' 'M' 'M' 'M' 'M' 'U' 'M' 'M' 'M' 'M' 'M' 'M' 'M' 'M' 'M' 'M' 'M' 'M'
 'M' 'M' 'M' 'M' 'M' 'M' 'M' 'M' 'M' 'M' 'M' 'M' 'M' 'M' 'M' 'M' 'M' 'M'
 'M' 'M' 'M' 'M' 'M' 'M' 'M' 'M' 'M' 'M' 'M' 'M' 'U' 'U' 'M' 'M' 'M' 'M'
 'M' 'M' 'M' 'M' 'M' 'M' 'M' 'M' 'M' 'M' 'U' 'M' 'M' 'M' 'M' 'M' 'U' 'U'
 'M' 'M' 'M' 'M' 'M' 'M' 'M' 'M' 'M' 'U' 'U' 'M' 'M' 'M' 'M' 'M' 'M' 'M'
 'U' 'M' 'M' 'M' 'M' 'M' 'M' 'M' 'M' 'M' 'M' 'M' 'M' 'U' 'U' 'M' 'M' 'U'
 'M' 'M' 'M' 'M' 'M' 'U' 'U' 'U' 'U' 'M' 'U' 'U' 'U' 'M' 'M' 'M' 'M' 'M'
 'U' 'M' 'U' 'M' 'A' 'U' 'U' 'M' 'M' 'M' 'M' 'M' 'M' 'U' 'M' 'M' 'M' 'M'
 'M' 'M' 'M' 'M' 'M' 'M' 'M' 'U' 'M' 'M' 'M' 'M' 'M' 'M' 'M' 'M' 'M' 'M'
 'M' 'M' 'M' 'M' 'M' 'M' 'M' 'M' 'U' 'U' 'M' 'M' 'M' 'M' 'U' 'M' 'M' 'M']"
194801,0,159,3,156,39,0,0,"['A' 'M' 'M' 'M' 'M' 'M' 'M' 'M' 'A' 'M' 'M' 'M' 'M' 'M' 'M' 'U' 'M' 'M'
 'U' 'M' 'M' 'M' 'M' 'U' 'M' 'M' 'M' 'M' 'M' 'M' 'M' 'M' 'M' 'M' 'M' 'M'
 'U' 'M' 'M' 'M' 'M' 'M' 'M' 'M' 'M' 'M' 'M' 'M' 'M' 'M' 'M' 'M' 'M' 'M'
 'M' 'M' 'M' 'M' 'M' 'U' 'M' 'U' 'M' 'M' 'M' 'M' 'U' 'U' 'M' 'M' 'U' 'U'
 'M' 'M' 'M' 'M' 'M' 'M' 'M' 'M' 'M' 'U' 'M' 'M' 'M' 'M' 'M' 'M' 'M' 'M'
 'M' 'M' 'M' 'M' 'M' 'M' 'M' 'M' 'M' 'U' 'U' 'M' 'M' 'M' 'M' 'M' 'M' 'M'
 'U' 'M' 'M' 'M' 'M' 'M' 'M' 'M' 'M' 'M' 'M' 'U' 'M' 'U' 'U' 'M' 'M' 'M'
 'M' 'M' 'M' 'U' 'M' 'U' 'U' 'U' 'U' 'U' 'U' 'U' 'U' 'M' 'M' 'M' 'M' 'M'
 'U' 'M' 'U' 'M' 'A' 'U' 'U' 'M' 'M' 'M' 'M' 'M' 'M' 'U' 'M' 'M' 'M' 'M'
 'M' 'U' 'M' 'U' 'M' 'M' 'M' 'U' 'M' 'M' 'M' 'M' 'M' 'U' 'M' 'U' 'M' 'M'
 'M' 'M' 'M' 'M' 'U' 'M' 'M' 'M' 'U' 'M' 'M' 'U' 'M' 'M' 'M' 'M' 'M' 'M']"
194901,0,154,2,152,44,0,0,"['A' 'M' 'U' 'M' 'M' 'M' 'U' 'M' 'A' 'M' 'M' 'M' 'M' 'M' 'M' 'U' 'U' 'M'
 'U' 'M' 'M' 'M' 'M' 'U' 'M' 'M' 'M' 'U' 'M' 'M' 'M' 'M' 'M' 'M' 'M' 'M'
 'U' 'M' 'M' 'M' 'M' 'M' 'M' 'U' 'M' 'M' 'M' 'M' 'M' 'M' 'M' 'M' 'U' 'M'
 'M' 'M' 'M' 'M' 'M' 'M' 'M' 'M' 'M' 'M' 'M' 'M' 'U' 'U' 'M' 'M' 'U' 'M'
 'M' 'M' 'M' 'M' 'M' 'M' 'M' 'M' 'M' 'M' 'M' 'U' 'M' 'M' 'M' 'M' 'U' 'M'
 'M' 'M' 'M' 'M' 'M' 'M' 'M' 'M' 'M' 'U' 'U' 'M' 'M' 'M' 'M' 'M' 'U' 'M'
 'M' 'M' 'M' 'M' 'M' 'M' 'M' 'M' 'M' 'M' 'M' 'U' 'M' 'U' 'U' 'M' 'M' 'M'
 'M' 'M' 'M' 'U' 'M' 'U' 'U' 'U' 'U' 'U' 'U' 'U' 'U' 'M' 'M' 'M' 'M' 'M'
 'U' 'M' 'M' 'M' 'U' 'U' 'M' 'U' 'M' 'M' 'M' 'M' 'M' 'U' 'M' 'M' 'M' 'M'
 'M' 'M' 'M' 'U' 'M' 'M' 'U' 'M' 'U' 'M' 'M' 'M' 'U' 'U' 'M' 'U' 'M' 'M'
 'M' 'M' 'M' 'M' 'U' 'M' 'M' 'M' 'U' 'M' 'M' 'U' 'M' 'M' 'M' 'M' 'M' 'M']"
195001,0,156,3,153,42,0,0,"['A' 'M' 'M' 'M' 'M' 'M' 'U' 'M' 'A' 'M' 'M' 'M' 'M' 'M' 'M' 'U' 'M' 'M'
 'M' 'M' 'M' 'M' 'M' 'M' 'M' 'M' 'M' 'U' 'M' 'M' 'M' 'M' 'M' 'M' 'M' 'M'
 'U' 'M' 'U' 'M' 'U' 'M' 'M' 'A' 'M' 'M' 'M' 'M' 'M' 'M' 'M' 'M' 'U' 'U'
 'M' 'U' 'M' 'M' 'M' 'M' 'M' 'M' 'M' 'M' 'M' 'U' 'U' 'M' 'M' 'M' 'M' 'M'
 'M' 'M' 'M' 'M' 'U' 'U' 'M' 'M' 'M' 'M' 'M' 'M' 'M' 'M' 'M' 'M' 'M' 'M'
 'M' 'M' 'M' 'M' 'U' 'M' 'M' 'M' 'M' 'U' 'M' 'M' 'M' 'M' 'M' 'M' 'U' 'M'
 'M' 'M' 'M' 'M' 'M' 'M' 'M' 'M' 'M' 'M' 'M' 'U' 'M' 'U' 'U' 'M' 'M' 'M'
 'M' 'M' 'M' 'U' 'M' 'U' 'U' 'M' 'U' 'U' 'U' 'U' 'U' 'M' 'M' 'M' 'M' 'M'
 'U' 'M' 'M' 'M' 'U' 'M' 'U' 'U' 'M' 'M' 'M' 'M' 'M' 'U' 'M' 'M' 'M' 'M'
 'M' 'U' 'M' 'M' 'M' 'M' 'U' 'M' 'U' 'M' 'M' 'M' 'M' 'U' 'M' 'U' 'M' 'U'
 'M' 'M' 'U' 'M' 'U' 'M' 'M' 'M' 'U' 'M' 'M' 'U' 'M' 'M' 'M' 'M' 'M' 'M']"
195101,0,160,4,156,38,0,1,"['A' 'M' 'M' 'U' 'M' 'M' 'U' 'M' 'A' 'M' 'M' 'M' 'M' 'M' 'M' 'U' 'M' 'M'
 'M' 'M' 'M' 'M' 'M' 'M' 'U' 'M' 'M' 'M' 'M' 'M' 'M' 'M' 'M' 'M' 'M' 'M'
 'M' 'M' 'M' 'M' 'U' 'M' 'M' 'A' 'M' 'M' 'M' 'M' 'U' 'M' 'M' 'M' 'M' 'U'
 'M' 'M' 'M' 'M' 'M' 'M' 'M' 'M' 'M' 'U' 'M' 'M' 'U' 'M' 'U' 'M' 'M' 'M'
 'M' 'M' 'M' 'M' 'M' 'M' 'M' 'M' 'U' 'M' 'U' 'M' 'M' 'M' 'M' 'M' 'M' 'M'
 'U' 'M' 'M' 'M' 'M' 'M' 'M' 'M' 'M' 'U' 'M' 'M' 'M' 'M' 'M' 'M' 'U' 'M'
 'M' 'M' 'M' 'M' 'M' 'M' 'M' 'M' 'M' 'M' 'U' 'M' 'M' 'U' 'U' 'M' 'M' 'M'
 'M' 'M' 'M' 'U' 'M' 'U' 'U' 'M' 'U' 'M' 'U' 'U' 'M' 'M' 'M' 'U' 'M' 'M'
 'U' 'M' 'M' 'M' 'U' 'M' 'A' 'U' 'M' 'M' 'M' 'U' 'M' 'U' 'M' 'U' 'M' 'M'
 'M' 'U' 'M' 'M' 'M' 'M' 'U' 'M' 'M' 'M' 'M' 'M' 'M' 'U' 'M' 'M' 'M' 'U'
 'U' 'M' 'M' 'M' 'U' 'M' 'M' 'M' 'M' 'M' 'M' 'M' 'M' 'M' 'U' 'M' 'M' 'M']"
195201,0,167,4,163,31,0,0,"['A' 'M' 'M' 'U' 'M' 'M' 'U' 'M' 'A' 'M' 'M' 'M' 'M' 'M' 'M' 'U' 'M' 'M'
 'M' 'M' 'M' 'M' 'M' 'M' 'U' 'M' 'M' 'M' 'M' 'M' 'M' 'M' 'M' 'M' 'M' 'M'
 'M' 'M' 'M' 'M' 'U' 'M' 'M' 'A' 'M' 'M' 'M' 'M' 'U' 'M' 'M' 'M' 'M' 'U'
 'M' 'M' 'U' 'M' 'M' 'M' 'M' 'M' 'M' 'U' 'M' 'M' 'M' 'M' 'M' 'M' 'M' 'M'
 'M' 'M' 'U' 'M' 'M' 'M' 'M' 'U' 'M' 'U' 'M' 'M' 'M' 'U' 'M' 'U' 'M' 'M'
 'M' 'M' 'M' 'M' 'M' 'M' 'M' 'U' 'M' 'U' 'M' 'M' 'M' 'M' 'M' 'M' 'U' 'M'
 'M' 'M' 'M' 'M' 'M' 'M' 'M' 'M' 'M' 'M' 'M' 'M' 'M' 'U' 'M' 'M' 'M' 'M'
 'M' 'M' 'M' 'M' 'M' 'U' 'U' 'M' 'M' 'M' 'M' 'M' 'M' 'M' 'M' 'U' 'M' 'M'
 'U' 'M' 'M' 'M' 'U' 'M' 'A' 'M' 'M' 'M' 'M' 'M' 'M' 'U' 'M' 'M' 'M' 'M'
 'M' 'U' 'M' 'M' 'U' 'M' 'U' 'M' 'M' 'M' 'M' 'M' 'M' 'U' 'M' 'M' 'M' 'U'
 'U' 'M' 'M' 'M' 'U' 'M' 'M' 'M' 'M' 'M' 'M' 'M' 'M' 'M' 'M' 'M' 'M' 'M']"
195301,1,162,3,159,36,0,0,"['A' 'M' 'U' 'U' 'M' 'M' 'M' 'M' 'A' 'M' 'M' 'M' 'M' 'M' 'M' 'U' 'M' 'M'
 'M' 'M' 'M' 'M' 'M' 'U' 'M' 'M' 'M' 'M' 'U' 'M' 'M' 'M' 'M' 'M' 'M' 'M'
 'M' 'M' 'M' 'M' 'U' 'M' 'M' 'A' 'M' 'M' 'M' 'M' 'U' 'M' 'M' 'U' 'M' 'U'
 'M' 'M' 'M' 'M' 'M' 'M' 'M' 'M' 'M' 'M' 'M' 'M' 'U' 'M' 'M' 'M' 'M' 'U'
 'M' 'M' 'M' 'M' 'M' 'U' 'M' 'M' 'M' 'M' 'M' 'M' 'M' 'U' 'M' 'U' 'M' 'M'
 'M' 'M' 'M' 'M' 'M' 'M' 'M' 'U' 'M' 'U' 'M' 'M' 'M' 'M' 'M' 'M' 'U' 'M'
 'M' 'M' 'M' 'M' 'U' 'M' 'U' 'M' 'M' 'M' 'M' 'M' 'M' 'U' 'M' 'M' 'M' 'M'
 'M' 'M' 'M' 'M' 'M' 'U' 'U' 'U' 'U' 'U' 'U' 'U' 'M' 'M' 'M' 'U' 'M' 'M'
 'U' 'M' 'M' 'M' 'U' 'M' 'U' 'M' 'M' 'M' 'M' 'M' 'M' 'U' 'M' 'M' 'M' 'M'
 'M' 'U' 'M' 'M' 'M' 'M' 'M' 'M' 'M' 'M' 'M' 'M' 'M' 'U' 'M' 'M' 'M' 'U'
 'U' 'M' 'M' 'M' 'M' 'M' 'M' 'M' 'M' 'M' 'M' 'M' 'M' 'M' 'M' 'M' 'M' 'M']"
195401,0,159,4,155,39,0,0,"['A' 'M' 'M' 'U' 'M' 'M' 'U' 'M' 'A' 'M' 'M' 'M' 'M' 'M' 'M' 'U' 'M' 'M'
 'M' 'M' 'M' 'M' 'M' 'U' 'M' 'M' 'M' 'M' 'A' 'M' 'M' 'M' 'M' 'M' 'M' 'M'
 'U' 'M' 'M' 'M' 'U' 'M' 'M' 'A' 'M' 'M' 'M' 'M' 'U' 'U' 'M' 'U' 'M' 'U'
 'M' 'M' 'M' 'M' 'M' 'M' 'M' 'M' 'M' 'M' 'M' 'M' 'M' 'M' 'U' 'M' 'U' 'M'
 'M' 'M' 'M' 'U' 'M' 'M' 'M' 'M' 'M' 'U' 'U' 'M' 'M' 'M' 'M' 'M' 'M' 'M'
 'M' 'M' 'M' 'M' 'M' 'M' 'M' 'U' 'U' 'M' 'M' 'M' 'M' 'M' 'M' 'M' 'U' 'M'
 'M' 'M' 'M' 'M' 'U' 'M' 'U' 'M' 'M' 'M' 'M' 'M' 'M' 'M' 'M' 'M' 'M' 'M'
 'M' 'M' 'M' 'M' 'M' 'U' 'U' 'M' 'U' 'U' 'U' 'U' 'U' 'M' 'M' 'M' 'M' 'U'
 'M' 'M' 'M' 'M' 'U' 'M' 'U' 'M' 'M' 'M' 'M' 'M' 'M' 'U' 'M' 'U' 'M' 'M'
 'M' 'U' 'M' 'M' 'M' 'M' 'M' 'M' 'M' 'M' 'M' 'M' 'M' 'U' 'M' 'M' 'M' 'U'
 'U' 'M' 'M' 'M' 'M' 'M' 'M' 'M' 'M' 'M' 'M' 'M' 'M' 'U' 'U' 'U' 'M' 'M']"
195501,1,159,3,156,39,0,0,"['A' 'M' 'M' 'U' 'M' 'M' 'U' 'U' 'A' 'M' 'M' 'M' 'M' 'M' 'M' 'U' 'M' 'M'
 'M' 'M' 'M' 'M' 'M' 'U' 'M' 'M' 'M' 'M' 'A' 'M' 'M' 'M' 'M' 'M' 'M' 'M'
 'U' 'M' 'M' 'M' 'U' 'M' 'M' 'U' 'M' 'M' 'M' 'M' 'U' 'M' 'M' 'U' 'M' 'U'
 'M' 'M' 'M' 'M' 'M' 'M' 'M' 'M' 'M' 'U' 'M' 'M' 'M' 'M' 'U' 'M' 'M' 'M'
 'M' 'M' 'M' 'M' 'U' 'M' 'M' 'M' 'M' 'M' 'M' 'M' 'M' 'M' 'U' 'M' 'U' 'M'
 'M' 'M' 'U' 'M' 'M' 'M' 'M' 'U' 'U' 'M' 'M' 'M' 'M' 'M' 'M' 'M' 'M' 'M'
 'M' 'M' 'M' 'M' 'U' 'M' 'M' 'M' 'M' 'M' 'M' 'M' 'M' 'M' 'M' 'M' 'M' 'M'
 'M' 'M' 'U' 'M' 'M' 'M' 'U' 'U' 'U' 'U' 'U' 'U' 'U' 'M' 'M' 'M' 'M' 'U'
 'M' 'M' 'M' 'M' 'U' 'M' 'U' 'M' 'M' 'M' 'M' 'M' 'M' 'U' 'M' 'U' 'M' 'M'
 'M' 'M' 'M' 'M' 'M' 'M' 'M' 'M' 'M' 'M' 'M' 'M' 'U' 'M' 'M' 'M' 'M' 'U'
 'U' 'M' 'M' 'M' 'M' 'M' 'M' 'M' 'M' 'M' 'M' 'M' 'M' 'U' 'U' 'U' 'M' 'M']"
195601,0,160,3,157,38,0,0,"['A' 'M' 'M' 'M' 'M' 'M' 'U' 'M' 'A' 'M' 'M' 'M' 'M' 'M' 'M' 'U' 'M' 'M'
 'M' 'M' 'M' 'U' 'M' 'U' 'M' 'M' 'M' 'M' 'A' 'M' 'M' 'M' 'M' 'M' 'M' 'M'
 'U' 'M' 'U' 'M' 'U' 'M' 'M' 'M' 'M' 'M' 'M' 'M' 'U' 'M' 'M' 'U' 'M' 'U'
 'M' 'M' 'M' 'M' 'M' 'M' 'M' 'M' 'M' 'U' 'M' 'M' 'M' 'M' 'M' 'M' 'U' 'M'
 'M' 'M' 'M' 'M' 'M' 'M' 'M' 'M' 'M' 'M' 'M' 'M' 'M' 'M' 'U' 'M' 'U' 'M'
 'M' 'U' 'M' 'M' 'U' 'M' 'M' 'U' 'U' 'M' 'M' 'M' 'M' 'M' 'M' 'M' 'M' 'M'
 'M' 'M' 'M' 'M' 'U' 'M' 'M' 'U' 'M' 'M' 'M' 'U' 'M' 'M' 'M' 'M' 'M' 'M'
 'M' 'M' 'U' 'M' 'M' 'M' 'M' 'U' 'M' 'U' 'U' 'M' 'U' 'M' 'M' 'M' 'M' 'M'
 'M' 'M' 'U' 'U' 'U' 'M' 'U' 'M' 'M' 'M' 'M' 'M' 'M' 'U' 'M' 'M' 'M' 'M'
 'M' 'M' 'M' 'M' 'U' 'M' 'M' 'M' 'M' 'U' 'M' 'M' 'U' 'M' 'M' 'M' 'M' 'U'
 'M' 'M' 'M' 'M' 'M' 'M' 'M' 'M' 'M' 'M' 'M' 'M' 'M' 'U' 'U' 'U' 'M' 'M']"
195701,0,157,1,156,41,0,0,"['A' 'M' 'M' 'M' 'M' 'M' 'M' 'M' 'M' 'M' 'M' 'M' 'M' 'M' 'M' 'U' 'M' 'M'
 'M' 'M' 'M' 'U' 'M' 'U' 'M' 'M' 'M' 'M' 'M' 'M' 'U' 'M' 'M' 'M' 'U' 'M'
 'U' 'M' 'U' 'M' 'U' 'M' 'M' 'M' 'M' 'M' 'M' 'M' 'U' 'M' 'M' 'U' 'M' 'U'
 'M' 'U' 'M' 'M' 'M' 'M' 'M' 'M' 'M' 'U' 'M' 'U' 'U' 'M' 'M' 'M' 'M' 'M'
 'M' 'M' 'M' 'M' 'M' 'M' 'M' 'U' 'M' 'M' 'M' 'U' 'M' 'M' 'M' 'M' 'U' 'M'
 'M' 'M' 'M' 'M' 'M' 'M' 'M' 'U' 'U' 'M' 'M' 'M' 'M' 'M' 'U' 'M' 'M' 'M'
 'M' 'M' 'M' 'M' 'U' 'M' 'M' 'U' 'M' 'M' 'M' 'M' 'M' 'M' 'M' 'M' 'M' 'M'
 'M' 'M' 'U' 'M' 'M' 'M' 'M' 'U' 'M' 'U' 'U' 'M' 'U' 'M' 'M' 'M' 'M' 'M'
 'M' 'M' 'U' 'U' 'U' 'M' 'U' 'M' 'M' 'M' 'U' 'M' 'M' 'U' 'M' 'M' 'M' 'M'
 'M' 'M' 'U' 'U' 'U' 'M' 'M' 'U' 'M' 'M' 'M' 'M' 'U' 'M' 'M' 'M' 'M' 'M'
 'M' 'M' 'M' 'M' 'M' 'M' 'M' 'M' 'M' 'M' 'M' 'M' 'M' 'M' 'U' 'U' 'M' 'M']"
195801,0,163,3,160,35,0,1,"['A' 'M' 'M' 'M' 'M' 'M' 'M' 'M' 'M' 'M' 'M' 'M' 'M' 'M' 'M' 'M' 'M' 'M'
 'M' 'M' 'M' 'U' 'M' 'U' 'M' 'M' 'M' 'M' 'M' 'M' 'U' 'M' 'M' 'M' 'U' 'M'
 'M' 'M' 'U' 'M' 'U' 'M' 'M' 'M' 'M' 'M' 'M' 'M' 'U' 'M' 'M' 'U' 'M' 'U'
 'U' 'U' 'M' 'M' 'U' 'M' 'U' 'M' 'M' 'U' 'M' 'M' 'M' 'M' 'M' 'M' 'U' 'M'
 'M' 'M' 'M' 'M' 'M' 'U' 'M' 'M' 'U' 'M' 'M' 'M' 'M' 'M' 'M' 'M' 'M' 'M'
 'M' 'M' 'U' 'M' 'U' 'M' 'M' 'M' 'U' 'M' 'U' 'M' 'M' 'M' 'A' 'M' 'M' 'M'
 'M' 'M' 'M' 'M' 'U' 'M' 'M' 'U' 'M' 'M' 'M' 'M' 'M' 'M' 'M' 'M' 'M' 'M'
 'M' 'M' 'M' 'M' 'M' 'M' 'M' 'M' 'M' 'M' 'M' 'M' 'U' 'M' 'M' 'M' 'M' 'M'
 'M' 'M' 'M' 'U' 'A' 'M' 'U' 'M' 'M' 'M' 'U' 'M' 'U' 'U' 'M' 'M' 'M' 'M'
 'M' 'M' 'U' 'M' 'U' 'M' 'M' 'U' 'M' 'M' 'M' 'M' 'U' 'M' 'M' 'M' 'M' 'M'
 'M' 'M' 'M' 'M' 'M' 'M' 'M' 'M' 'M' 'M' 'M' 'M' 'M' 'M' 'U' 'U' 'M' 'M']"
195901,0,163,6,157,35,0,1,"['A' 'M' 'M' 'M' 'M' 'M' 'M' 'M' 'M' 'M' 'M' 'M' 'U' 'M' 'M' 'M' 'M' 'M'
 'M' 'M' 'M' 'U' 'M' 'U' 'U' 'M' 'M' 'U' 'M' 'M' 'M' 'U' 'M' 'M' 'M' 'M'
 'M' 'M' 'U' 'M' 'U' 'M' 'M' 'M' 'M' 'M' 'M' 'M' 'U' 'M' 'M' 'A' 'M' 'U'
 'U' 'M' 'M' 'M' 'A' 'M' 'U' 'M' 'M' 'U' 'M' 'M' 'M' 'U' 'M' 'M' 'M' 'M'
 'M' 'M' 'M' 'M' 'M' 'M' 'M' 'M' 'U' 'U' 'M' 'M' 'M' 'M' 'M' 'M' 'M' 'M'
 'U' 'U' 'M' 'M' 'M' 'M' 'M' 'M' 'U' 'M' 'U' 'M' 'M' 'M' 'A' 'M' 'M' 'M'
 'M' 'M' 'M' 'M' 'U' 'M' 'M' 'U' 'M' 'M' 'M' 'M' 'M' 'M' 'M' 'M' 'M' 'A'
 'M' 'M' 'M' 'U' 'M' 'M' 'M' 'M' 'M' 'M' 'M' 'M' 'U' 'M' 'M' 'M' 'M' 'M'
 'M' 'M' 'M' 'U' 'A' 'M' 'M' 'M' 'M' 'M' 'U' 'M' 'U' 'U' 'M' 'U' 'M' 'M'
 'M' 'M' 'M' 'M' 'U' 'M' 'M' 'U' 'M' 'M' 'M' 'M' 'U' 'M' 'M' 'M' 'M' 'U'
 'M' 'M' 'M' 'M' 'M' 'M' 'M' 'M' 'M' 'M' 'M' 'M' 'M' 'M' 'U' 'U' 'M' 'M']"
196001,0,160,5,155,38,0,0,"['A' 'M' 'M' 'M' 'M' 'M' 'M' 'M' 'M' 'M' 'M' 'M' 'U' 'M' 'M' 'M' 'M' 'M'
 'M' 'M' 'M' 'M' 'M' 'M' 'U' 'M' 'M' 'U' 'M' 'M' 'M' 'U' 'M' 'M' 'M' 'U'
 'M' 'M' 'U' 'M' 'U' 'M' 'M' 'M' 'M' 'U' 'M' 'M' 'U' 'M' 'M' 'A' 'M' 'U'
 'U' 'M' 'M' 'M' 'U' 'M' 'U' 'U' 'M' 'U' 'M' 'M' 'M' 'M' 'M' 'M' 'M' 'M'
 'M' 'U' 'U' 'M' 'M' 'M' 'M' 'M' 'M' 'M' 'M' 'M' 'U' 'M' 'M' 'M' 'U' 'M'
 'U' 'M' 'M' 'M' 'M' 'M' 'M' 'M' 'U' 'M' 'U' 'M' 'M' 'M' 'A' 'M' 'M' 'M'
 'M' 'M' 'M' 'U' 'U' 'M' 'M' 'M' 'M' 'M' 'M' 'M' 'M' 'U' 'M' 'M' 'M' 'U'
 'M' 'M' 'M' 'U' 'M' 'M' 'M' 'M' 'M' 'M' 'M' 'M' 'M' 'M' 'M' 'M' 'U' 'M'
 'M' 'M' 'M' 'U' 'A' 'M' 'M' 'M' 'M' 'M' 'U' 'M' 'U' 'U' 'M' 'U' 'M' 'M'
 'M' 'M' 'M' 'M' 'U' 'M' 'M' 'M' 'M' 'M' 'U' 'M' 'U' 'M' 'M' 'M' 'M' 'M'
 'M' 'M' 'M' 'M' 'M' 'M' 'M' 'M' 'M' 'M' 'M' 'M' 'M' 'A' 'U' 'U' 'M' 'M']"
196101,0,155,3,152,43,0,0,"['A' 'M' 'M' 'M' 'M' 'M' 'M' 'M' 'M' 'M' 'M' 'M' 'U' 'M' 'U' 'M' 'M' 'M'
 'M' 'M' 'M' 'M' 'M' 'M' 'M' 'M' 'M' 'U' 'U' 'M' 'M' 'M' 'U' 'M' 'M' 'U'
 'M' 'M' 'U' 'M' 'U' 'M' 'M' 'M' 'M' 'U' 'M' 'M' 'U' 'M' 'M' 'U' 'M' 'U'
 'U' 'M' 'M' 'M' 'M' 'M' 'U' 'U' 'M' 'U' 'M' 'M' 'M' 'M' 'M' 'M' 'M' 'M'
 'M' 'M' 'M' 'U' 'U' 'M' 'U' 'M' 'M' 'M' 'M' 'M' 'U' 'M' 'M' 'M' 'M' 'U'
 'M' 'M' 'M' 'M' 'M' 'M' 'M' 'M' 'U' 'M' 'U' 'M' 'M' 'M' 'U' 'M' 'M' 'M'
 'M' 'M' 'M' 'U' 'M' 'M' 'M' 'M' 'M' 'M' 'M' 'M' 'M' 'U' 'M' 'M' 'M' 'U'
 'M' 'M' 'M' 'U' 'M' 'U' 'M' 'M' 'M' 'M' 'U' 'M' 'M' 'M' 'M' 'M' 'U' 'M'
 'M' 'M' 'M' 'U' 'A' 'M' 'M' 'M' 'M' 'M' 'U' 'M' 'M' 'U' 'M' 'U' 'M' 'M'
 'M' 'M' 'M' 'M' 'U' 'M' 'M' 'M' 'M' 'M' 'U' 'M' 'U' 'M' 'M' 'M' 'M' 'M'
 'M' 'U' 'M' 'M' 'M' 'M' 'M' 'M' 'M' 'M' 'U' 'M' 'M' 'A' 'U' 'U' 'U' 'M']"
196201,0,158,4,154,40,0,1,"['A' 'M' 'M' 'M' 'M' 'M' 'M' 'M' 'M' 'M' 'U' 'M' 'M' 'M' 'U' 'M' 'M' 'M'
 'M' 'M' 'M' 'M' 'M' 'M' 'M' 'M' 'M' 'U' 'M' 'M' 'M' 'M' 'U' 'M' 'M' 'U'
 'M' 'M' 'U' 'M' 'U' 'M' 'M' 'U' 'M' 'U' 'M' 'M' 'A' 'M' 'M' 'U' 'U' 'M'
 'M' 'M' 'M' 'U' 'M' 'M' 'U' 'U' 'M' 'U' 'M' 'M' 'M' 'M' 'M' 'M' 'U' 'M'
 'M' 'M' 'U' 'M' 'M' 'M' 'M' 'M' 'M' 'M' 'M' 'M' 'M' 'M' 'U' 'M' 'M' 'M'
 'M' 'U' 'M' 'M' 'U' 'M' 'M' 'M' 'U' 'M' 'U' 'M' 'M' 'M' 'M' 'M' 'M' 'M'
 'M' 'M' 'M' 'M' 'M' 'M' 'M' 'M' 'M' 'M' 'M' 'M' 'M' 'U' 'M' 'M' 'U' 'U'
 'M' 'M' 'M' 'U' 'M' 'M' 'M' 'M' 'M' 'M' 'U' 'M' 'M' 'M' 'M' 'M' 'U' 'M'
 'M' 'M' 'M' 'M' 'A' 'M' 'M' 'M' 'M' 'M' 'U' 'U' 'M' 'U' 'M' 'U' 'M' 'M'
 'M' 'M' 'M' 'M' 'U' 'M' 'M' 'M' 'M' 'M' 'U' 'M' 'U' 'M' 'U' 'U' 'M' 'M'
 'M' 'M' 'M' 'M' 'M' 'M' 'M' 'M' 'M' 'M' 'U' 'M' 'M' 'A' 'U' 'M' 'U' 'M']"
196301,0,167,4,163,31,0,1,"['A' 'M' 'M' 'M' 'M' 'M' 'M' 'M' 'M' 'M' 'U' 'M' 'M' 'M' 'U' 'U' 'M' 'M'
 'M' 'M' 'M' 'M' 'M' 'M' 'M' 'M' 'M' 'M' 'M' 'M' 'M' 'M' 'U' 'M' 'M' 'U'
 'M' 'M' 'M' 'M' 'U' 'M' 'M' 'U' 'U' 'U' 'M' 'U' 'A' 'M' 'M' 'U' 'M' 'M'
 'M' 'M' 'M' 'U' 'M' 'M' 'M' 'M' 'M' 'M' 'M' 'M' 'M' 'M' 'M' 'M' 'M' 'M'
 'M' 'U' 'M' 'M' 'M' 'M' 'U' 'M' 'M' 'M' 'M' 'U' 'M' 'U' 'M' 'M' 'M' 'M'
 'M' 'M' 'U' 'M' 'M' 'M' 'M' 'M' 'M' 'M' 'U' 'M' 'M' 'M' 'M' 'M' 'M' 'M'
 'U' 'M' 'M' 'M' 'M' 'M' 'M' 'M' 'M' 'M' 'M' 'M' 'M' 'M' 'M' 'M' 'U' 'U'
 'M' 'M' 'M' 'M' 'M' 'M' 'M' 'M' 'M' 'M' 'U' 'M' 'M' 'M' 'M' 'M' 'U' 'M'
 'M' 'M' 'M' 'M' 'A' 'M' 'M' 'M' 'M' 'M' 'U' 'U' 'M' 'U' 'M' 'U' 'M' 'M'
 'M' 'M' 'M' 'M' 'M' 'M' 'M' 'M' 'M' 'M' 'M' 'M' 'M' 'M' 'U' 'U' 'M' 'M'
 'M' 'M' 'M' 'M' 'M' 'M' 'M' 'M' 'M' 'M' 'M' 'M' 'M' 'A' 'U' 'U' 'M' 'M']"
196401,0,161,2,159,37,0,0,"['A' 'M' 'U' 'M' 'M' 'M' 'M' 'M' 'M' 'U' 'U' 'U' 'M' 'M' 'U' 'U' 'M' 'M'
 'M' 'M' 'M' 'M' 'M' 'M' 'M' 'M' 'M' 'M' 'M' 'M' 'M' 'M' 'U' 'M' 'M' 'U'
 'M' 'M' 'M' 'M' 'U' 'M' 'M' 'U' 'U' 'U' 'M' 'U' 'U' 'M' 'M' 'U' 'U' 'M'
 'U' 'M' 'M' 'M' 'M' 'M' 'M' 'M' 'M' 'M' 'M' 'M' 'M' 'M' 'U' 'M' 'M' 'M'
 'M' 'M' 'U' 'M' 'M' 'M' 'M' 'M' 'M' 'M' 'M' 'M' 'M' 'M' 'U' 'M' 'U' 'M'
 'M' 'M' 'M' 'M' 'U' 'M' 'M' 'M' 'M' 'M' 'U' 'M' 'M' 'M' 'M' 'M' 'M' 'M'
 'U' 'M' 'M' 'M' 'M' 'M' 'M' 'M' 'M' 'M' 'M' 'M' 'M' 'M' 'M' 'M' 'U' 'U'
 'M' 'M' 'M' 'M' 'M' 'M' 'M' 'M' 'M' 'M' 'U' 'M' 'M' 'M' 'M' 'M' 'M' 'M'
 'M' 'M' 'M' 'M' 'A' 'M' 'M' 'M' 'M' 'M' 'U' 'U' 'M' 'U' 'M' 'U' 'M' 'M'
 'M' 'M' 'M' 'M' 'M' 'M' 'M' 'M' 'M' 'M' 'M' 'M' 'M' 'U' 'M' 'U' 'M' 'M'
 'M' 'M' 'M' 'U' 'M' 'M' 'M' 'M' 'M' 'M' 'M' 'M' 'M' 'U' 'U' 'U' 'M' 'M']"
196501,0,164,2,162,34,0,0,"['A' 'M' 'U' 'M' 'M' 'M' 'M' 'M' 'M' 'U' 'U' 'U' 'M' 'M' 'U' 'M' 'M' 'M'
 'M' 'M' 'M' 'M' 'M' 'M' 'M' 'M' 'M' 'M' 'M' 'M' 'M' 'M' 'U' 'M' 'M' 'U'
 'M' 'M' 'M' 'M' 'U' 'M' 'U' 'U' 'M' 'U' 'M' 'U' 'U' 'M' 'M' 'U' 'U' 'M'
 'U' 'M' 'M' 'M' 'M' 'M' 'M' 'M' 'M' 'M' 'M' 'M' 'U' 'M' 'M' 'M' 'M' 'M'
 'U' 'M' 'M' 'M' 'M' 'M' 'M' 'M' 'M' 'M' 'M' 'U' 'U' 'M' 'M' 'M' 'M' 'M'
 'M' 'M' 'M' 'M' 'U' 'M' 'M' 'M' 'M' 'M' 'M' 'M' 'M' 'M' 'M' 'M' 'M' 'M'
 'U' 'M' 'U' 'U' 'M' 'M' 'M' 'M' 'M' 'M' 'U' 'M' 'M' 'M' 'M' 'M' 'U' 'M'
 'M' 'M' 'M' 'M' 'M' 'M' 'M' 'M' 'M' 'M' 'M' 'M' 'M' 'M' 'M' 'M' 'M' 'M'
 'M' 'M' 'M' 'M' 'A' 'M' 'M' 'M' 'M' 'M' 'U' 'U' 'U' 'M' 'M' 'U' 'U' 'M'
 'M' 'M' 'M' 'M' 'M' 'M' 'M' 'M' 'M' 'M' 'M' 'M' 'M' 'M' 'M' 'M' 'M' 'M'
 'M' 'M' 'M' 'U' 'M' 'M' 'M' 'M' 'M' 'M' 'M' 'M' 'M' 'U' 'U' 'M' 'M' 'M']"
196601,0,164,3,161,34,0,0,"['A' 'M' 'M' 'M' 'M' 'M' 'M' 'M' 'M' 'M' 'U' 'U' 'M' 'M' 'U' 'M' 'M' 'M'
 'M' 'M' 'M' 'M' 'M' 'M' 'U' 'M' 'U' 'M' 'M' 'M' 'M' 'M' 'U' 'M' 'M' 'U'
 'M' 'U' 'M' 'M' 'U' 'M' 'U' 'U' 'M' 'U' 'M' 'U' 'U' 'M' 'M' 'U' 'U' 'M'
 'U' 'M' 'M' 'M' 'M' 'M' 'M' 'M' 'M' 'M' 'M' 'U' 'M' 'U' 'M' 'M' 'M' 'M'
 'M' 'M' 'U' 'M' 'M' 'U' 'M' 'M' 'M' 'M' 'M' 'M' 'M' 'M' 'M' 'M' 'M' 'M'
 'M' 'M' 'U' 'M' 'M' 'M' 'M' 'M' 'M' 'M' 'M' 'M' 'M' 'M' 'M' 'M' 'M' 'M'
 'A' 'M' 'U' 'U' 'M' 'M' 'M' 'M' 'M' 'M' 'M' 'M' 'M' 'M' 'M' 'M' 'M' 'M'
 'M' 'M' 'M' 'M' 'M' 'M' 'M' 'M' 'M' 'M' 'M' 'M' 'M' 'M' 'M' 'M' 'M' 'M'
 'M' 'M' 'M' 'M' 'A' 'M' 'M' 'M' 'M' 'M' 'U' 'U' 'U' 'M' 'M' 'U' 'U' 'M'
 'M' 'M' 'M' 'M' 'M' 'U' 'M' 'M' 'M' 'M' 'M' 'M' 'M' 'M' 'M' 'M' 'U' 'M'
 'M' 'M' 'M' 'U' 'M' 'M' 'M' 'M' 'M' 'M' 'M' 'M' 'M' 'U' 'U' 'M' 'M' 'M']"
196701,0,163,2,161,35,0,0,"['A' 'M' 'M' 'M' 'M' 'M' 'M' 'M' 'M' 'M' 'M' 'M' 'M' 'M' 'U' 'U' 'M' 'M'
 'M' 'M' 'M' 'M' 'M' 'M' 'U' 'M' 'U' 'M' 'M' 'M' 'U' 'M' 'M' 'M' 'M' 'U'
 'M' 'U' 'M' 'M' 'M' 'M' 'M' 'U' 'M' 'U' 'M' 'U' 'U' 'M' 'U' 'M' 'U' 'M'
 'U' 'M' 'M' 'M' 'M' 'M' 'M' 'M' 'M' 'M' 'M' 'M' 'U' 'M' 'U' 'U' 'M' 'M'
 'M' 'M' 'M' 'M' 'M' 'M' 'M' 'M' 'M' 'M' 'M' 'M' 'M' 'M' 'M' 'M' 'U' 'M'
 'M' 'M' 'U' 'M' 'M' 'M' 'M' 'M' 'M' 'M' 'M' 'M' 'M' 'M' 'M' 'M' 'M' 'M'
 'U' 'M' 'U' 'M' 'M' 'M' 'M' 'M' 'M' 'M' 'M' 'M' 'M' 'M' 'M' 'M' 'M' 'M'
 'M' 'M' 'M' 'M' 'M' 'M' 'M' 'M' 'M' 'M' 'M' 'M' 'M' 'M' 'M' 'M' 'M' 'M'
 'M' 'M' 'M' 'M' 'A' 'M' 'M' 'M' 'M' 'M' 'U' 'U' 'U' 'M' 'M' 'U' 'U' 'M'
 'M' 'U' 'M' 'M' 'M' 'U' 'M' 'M' 'M' 'M' 'M' 'M' 'U' 'M' 'M' 'M' 'U' 'M'
 'M' 'U' 'M' 'U' 'M' 'M' 'U' 'M' 'M' 'M' 'M' 'M' 'M' 'U' 'U' 'M' 'M' 'M']"
196801,0,162,2,160,36,0,0,"['A' 'M' 'M' 'M' 'M' 'M' 'M' 'M' 'U' 'M' 'M' 'M' 'M' 'M' 'M' 'U' 'M' 'M'
 'M' 'M' 'M' 'M' 'M' 'U' 'U' 'M' 'U' 'M' 'M' 'M' 'U' 'M' 'M' 'M' 'M' 'U'
 'M' 'M' 'M' 'M' 'M' 'M' 'M' 'U' 'M' 'U' 'M' 'U' 'U' 'M' 'U' 'M' 'U' 'M'
 'M' 'M' 'U' 'M' 'M' 'M' 'M' 'M' 'M' 'U' 'M' 'M' 'M' 'U' 'U' 'M' 'M' 'M'
 'M' 'M' 'M' 'U' 'M' 'M' 'M' 'M' 'M' 'M' 'M' 'U' 'M' 'M' 'M' 'M' 'M' 'M'
 'M' 'M' 'M' 'U' 'M' 'M' 'M' 'M' 'M' 'U' 'M' 'M' 'U' 'M' 'M' 'M' 'M' 'M'
 'M' 'M' 'M' 'M' 'M' 'M' 'M' 'M' 'M' 'M' 'M' 'M' 'M' 'M' 'M' 'M' 'M' 'M'
 'M' 'M' 'M' 'M' 'M' 'M' 'M' 'M' 'M' 'U' 'M' 'M' 'U' 'M' 'M' 'M' 'M' 'M'
 'M' 'M' 'M' 'M' 'A' 'M' 'M' 'M' 'M' 'M' 'U' 'M' 'U' 'M' 'M' 'U' 'U' 'M'
 'U' 'U' 'M' 'M' 'M' 'M' 'M' 'M' 'M' 'U' 'M' 'M' 'U' 'M' 'M' 'M' 'U' 'M'
 'M' 'U' 'M' 'U' 'M' 'M' 'M' 'M' 'M' 'M' 'M' 'M' 'M' 'U' 'M' 'M' 'M' 'M']"
196901,0,162,2,160,36,0,0,"['A' 'M' 'U' 'M' 'M' 'M' 'M' 'M' 'M' 'U' 'M' 'M' 'M' 'M' 'M' 'M' 'M' 'M'
 'M' 'M' 'M' 'M' 'M' 'U' 'U' 'M' 'M' 'M' 'M' 'U' 'U' 'M' 'M' 'M' 'M' 'U'
 'M' 'M' 'M' 'M' 'M' 'M' 'M' 'M' 'M' 'M' 'M' 'U' 'U' 'M' 'U' 'M' 'U' 'M'
 'M' 'M' 'U' 'M' 'M' 'M' 'M' 'M' 'M' 'U' 'M' 'M' 'U' 'M' 'M' 'M' 'M' 'M'
 'M' 'U' 'M' 'M' 'M' 'U' 'M' 'M' 'M' 'M' 'M' 'M' 'M' 'U' 'M' 'M' 'M' 'U'
 'M' 'M' 'M' 'M' 'M' 'U' 'M' 'M' 'M' 'M' 'M' 'M' 'U' 'M' 'M' 'M' 'M' 'M'
 'M' 'M' 'M' 'M' 'M' 'M' 'M' 'M' 'M' 'U' 'M' 'M' 'U' 'M' 'M' 'M' 'M' 'M'
 'M' 'M' 'M' 'M' 'M' 'M' 'M' 'M' 'M' 'M' 'M' 'M' 'U' 'M' 'M' 'M' 'M' 'M'
 'M' 'M' 'M' 'M' 'A' 'M' 'M' 'M' 'M' 'M' 'M' 'M' 'U' 'M' 'M' 'U' 'U' 'M'
 'U' 'U' 'M' 'M' 'M' 'M' 'M' 'M' 'M' 'U' 'M' 'M' 'U' 'M' 'M' 'M' 'U' 'M'
 'M' 'U' 'M' 'U' 'M' 'M' 'M' 'M' 'M' 'U' 'M' 'U' 'M' 'U' 'M' 'M' 'M' 'M']"
197001,0,163,3,160,35,0,0,"['A' 'M' 'U' 'M' 'M' 'M' 'M' 'M' 'M' 'U' 'M' 'M' 'M' 'M' 'U' 'M' 'M' 'M'
 'M' 'M' 'M' 'M' 'M' 'U' 'U' 'M' 'M' 'M' 'M' 'U' 'U' 'M' 'M' 'M' 'M' 'M'
 'M' 'M' 'M' 'M' 'M' 'M' 'M' 'U' 'M' 'M' 'M' 'U' 'U' 'M' 'U' 'M' 'U' 'M'
 'M' 'M' 'U' 'M' 'M' 'M' 'M' 'M' 'M' 'M' 'M' 'U' 'U' 'U' 'M' 'M' 'M' 'M'
 'M' 'M' 'M' 'M' 'M' 'U' 'M' 'M' 'M' 'M' 'M' 'M' 'M' 'M' 'M' 'U' 'M' 'M'
 'M' 'M' 'M' 'M' 'M' 'U' 'M' 'M' 'M' 'M' 'M' 'M' 'U' 'M' 'M' 'M' 'M' 'M'
 'M' 'M' 'M' 'M' 'M' 'M' 'M' 'M' 'M' 'U' 'M' 'M' 'U' 'U' 'M' 'M' 'M' 'M'
 'M' 'M' 'M' 'M' 'M' 'M' 'M' 'M' 'M' 'M' 'M' 'M' 'U' 'M' 'M' 'M' 'M' 'M'
 'M' 'M' 'M' 'M' 'A' 'M' 'M' 'M' 'M' 'M' 'M' 'M' 'M' 'M' 'U' 'U' 'U' 'M'
 'M' 'U' 'M' 'M' 'M' 'M' 'M' 'M' 'M' 'U' 'M' 'M' 'U' 'M' 'M' 'M' 'U' 'M'
 'M' 'U' 'M' 'U' 'M' 'M' 'M' 'M' 'M' 'U' 'M' 'U' 'M' 'M' 'M' 'A' 'M' 'M']"
197101,0,160,1,159,38,0,0,"['A' 'M' 'U' 'M' 'U' 'M' 'M' 'M' 'M' 'U' 'M' 'M' 'M' 'M' 'U' 'M' 'M' 'M'
 'M' 'M' 'M' 'U' 'M' 'M' 'U' 'M' 'M' 'M' 'M' 'U' 'M' 'M' 'M' 'M' 'M' 'M'
 'M' 'M' 'M' 'U' 'M' 'M' 'M' 'U' 'M' 'M' 'M' 'U' 'M' 'M' 'U' 'U' 'U' 'M'
 'M' 'M' 'U' 'M' 'M' 'M' 'M' 'M' 'M' 'M' 'M' 'M' 'U' 'M' 'M' 'M' 'M' 'M'
 'M' 'M' 'M' 'U' 'M' 'M' 'M' 'M' 'M' 'M' 'M' 'U' 'M' 'M' 'M' 'M' 'M' 'U'
 'M' 'M' 'M' 'M' 'U' 'U' 'M' 'M' 'M' 'M' 'M' 'M' 'M' 'M' 'M' 'M' 'M' 'M'
 'M' 'M' 'M' 'U' 'M' 'M' 'M' 'M' 'M' 'U' 'M' 'M' 'M' 'U' 'U' 'M' 'M' 'M'
 'M' 'M' 'M' 'M' 'M' 'M' 'M' 'M' 'U' 'M' 'M' 'M' 'M' 'M' 'M' 'M' 'M' 'M'
 'M' 'M' 'M' 'M' 'U' 'M' 'M' 'M' 'M' 'M' 'M' 'M' 'M' 'M' 'U' 'U' 'U' 'M'
 'M' 'U' 'M' 'M' 'M' 'M' 'M' 'M' 'M' 'M' 'M' 'M' 'U' 'M' 'M' 'M' 'U' 'M'
 'M' 'U' 'M' 'U' 'M' 'M' 'M' 'M' 'M' 'U' 'M' 'U' 'M' 'M' 'M' 'U' 'M' 'U']"
197201,0,164,1,163,34,0,0,"['A' 'M' 'M' 'M' 'M' 'M' 'M' 'M' 'M' 'U' 'M' 'U' 'M' 'M' 'U' 'M' 'M' 'M'
 'M' 'M' 'M' 'M' 'M' 'M' 'U' 'M' 'M' 'M' 'M' 'M' 'M' 'M' 'M' 'M' 'M' 'M'
 'M' 'M' 'M' 'U' 'M' 'M' 'M' 'M' 'M' 'M' 'M' 'U' 'M' 'M' 'U' 'M' 'U' 'M'
 'M' 'M' 'U' 'M' 'M' 'M' 'M' 'M' 'M' 'M' 'M' 'M' 'M' 'U' 'M' 'M' 'M' 'M'
 'U' 'M' 'M' 'M' 'U' 'M' 'U' 'M' 'M' 'M' 'M' 'M' 'M' 'M' 'M' 'M' 'M' 'M'
 'M' 'U' 'M' 'M' 'M' 'M' 'M' 'M' 'M' 'U' 'U' 'M' 'M' 'M' 'M' 'M' 'M' 'M'
 'M' 'M' 'M' 'M' 'M' 'M' 'M' 'M' 'M' 'U' 'M' 'M' 'M' 'U' 'U' 'U' 'M' 'M'
 'M' 'M' 'M' 'M' 'M' 'M' 'M' 'M' 'U' 'M' 'M' 'M' 'M' 'M' 'M' 'M' 'M' 'M'
 'M' 'M' 'M' 'M' 'U' 'M' 'U' 'U' 'U' 'M' 'M' 'M' 'U' 'M' 'U' 'M' 'U' 'M'
 'M' 'U' 'M' 'M' 'M' 'M' 'M' 'M' 'M' 'M' 'M' 'M' 'U' 'M' 'M' 'M' 'U' 'M'
 'M' 'M' 'M' 'U' 'M' 'M' 'M' 'M' 'M' 'M' 'M' 'U' 'M' 'M' 'M' 'U' 'M' 'M']"
197301,0,164,2,162,34,0,0,"['A' 'M' 'M' 'M' 'M' 'M' 'M' 'M' 'M' 'M' 'M' 'U' 'M' 'M' 'U' 'M' 'M' 'M'
 'M' 'M' 'M' 'M' 'M' 'M' 'U' 'U' 'M' 'M' 'M' 'M' 'M' 'M' 'M' 'M' 'U' 'M'
 'M' 'M' 'M' 'U' 'M' 'M' 'M' 'M' 'M' 'M' 'M' 'U' 'M' 'M' 'M' 'M' 'U' 'M'
 'M' 'M' 'U' 'M' 'M' 'M' 'M' 'M' 'M' 'M' 'M' 'M' 'U' 'M' 'M' 'M' 'M' 'M'
 'U' 'M' 'M' 'M' 'M' 'M' 'M' 'M' 'M' 'M' 'U' 'M' 'M' 'M' 'M' 'U' 'M' 'M'
 'M' 'M' 'M' 'U' 'M' 'M' 'M' 'M' 'M' 'U' 'U' 'M' 'M' 'M' 'M' 'M' 'M' 'M'
 'M' 'M' 'M' 'M' 'M' 'M' 'M' 'M' 'M' 'U' 'M' 'M' 'M' 'U' 'U' 'U' 'M' 'M'
 'M' 'M' 'U' 'M' 'M' 'U' 'M' 'M' 'M' 'M' 'M' 'M' 'M' 'M' 'M' 'M' 'M' 'M'
 'M' 'M' 'M' 'M' 'U' 'M' 'U' 'U' 'U' 'M' 'M' 'M' 'U' 'M' 'U' 'M' 'U' 'M'
 'M' 'U' 'M' 'M' 'M' 'M' 'M' 'M' 'M' 'M' 'M' 'M' 'U' 'M' 'M' 'M' 'A' 'M'
 'M' 'M' 'M' 'U' 'M' 'M' 'M' 'M' 'M' 'M' 'M' 'M' 'U' 'M' 'M' 'U' 'M' 'M']"
197401,0,160,1,159,38,0,0,"['A' 'M' 'M' 'M' 'M' 'M' 'M' 'M' 'M' 'M' 'M' 'U' 'M' 'M' 'U' 'M' 'U' 'M'
 'U' 'U' 'M' 'M' 'M' 'M' 'U' 'U' 'M' 'U' 'M' 'M' 'M' 'M' 'M' 'M' 'U' 'M'
 'M' 'M' 'M' 'M' 'M' 'M' 'M' 'M' 'M' 'M' 'M' 'U' 'M' 'M' 'M' 'M' 'U' 'M'
 'M' 'M' 'U' 'M' 'M' 'M' 'M' 'M' 'M' 'M' 'M' 'M' 'M' 'U' 'U' 'M' 'M' 'M'
 'M' 'M' 'U' 'M' 'M' 'U' 'M' 'M' 'M' 'M' 'M' 'M' 'M' 'M' 'M' 'M' 'M' 'M'
 'U' 'M' 'M' 'M' 'M' 'M' 'M' 'M' 'M' 'U' 'U' 'M' 'M' 'M' 'M' 'M' 'M' 'M'
 'M' 'M' 'M' 'M' 'M' 'M' 'M' 'M' 'M' 'U' 'M' 'M' 'M' 'M' 'U' 'M' 'M' 'M'
 'M' 'M' 'U' 'M' 'M' 'U' 'U' 'M' 'M' 'M' 'M' 'M' 'M' 'M' 'M' 'M' 'U' 'U'
 'M' 'M' 'M' 'M' 'U' 'M' 'M' 'U' 'U' 'M' 'M' 'M' 'U' 'M' 'U' 'U' 'U' 'M'
 'M' 'U' 'M' 'M' 'M' 'M' 'M' 'M' 'M' 'M' 'M' 'M' 'U' 'M' 'M' 'M' 'U' 'M'
 'M' 'M' 'M' 'M' 'U' 'M' 'M' 'M' 'M' 'M' 'M' 'M' 'U' 'M' 'M' 'M' 'M' 'M']"
197501,0,161,1,160,37,0,0,"['A' 'M' 'M' 'M' 'M' 'M' 'M' 'M' 'M' 'M' 'M' 'U' 'M' 'U' 'M' 'M' 'U' 'M'
 'U' 'U' 'U' 'M' 'M' 'M' 'M' 'U' 'M' 'M' 'M' 'U' 'M' 'M' 'M' 'M' 'U' 'M'
 'M' 'M' 'M' 'M' 'M' 'M' 'M' 'M' 'M' 'M' 'U' 'U' 'M' 'M' 'M' 'M' 'U' 'M'
 'M' 'M' 'M' 'M' 'M' 'M' 'M' 'M' 'M' 'M' 'M' 'M' 'M' 'M' 'M' 'U' 'M' 'M'
 'M' 'M' 'M' 'M' 'M' 'M' 'M' 'M' 'U' 'M' 'M' 'M' 'M' 'M' 'U' 'U' 'M' 'M'
 'M' 'M' 'U' 'M' 'M' 'M' 'M' 'M' 'M' 'U' 'U' 'M' 'M' 'M' 'M' 'M' 'M' 'M'
 'M' 'M' 'M' 'M' 'M' 'M' 'M' 'M' 'M' 'U' 'M' 'M' 'M' 'M' 'U' 'M' 'M' 'M'
 'M' 'M' 'U' 'M' 'M' 'U' 'U' 'M' 'M' 'U' 'M' 'M' 'M' 'M' 'M' 'M' 'U' 'U'
 'M' 'M' 'M' 'M' 'U' 'M' 'M' 'M' 'U' 'M' 'M' 'M' 'M' 'M' 'U' 'U' 'U' 'M'
 'M' 'M' 'M' 'M' 'M' 'M' 'M' 'M' 'M' 'M' 'M' 'M' 'U' 'U' 'M' 'M' 'U' 'M'
 'M' 'M' 'M' 'M' 'U' 'M' 'M' 'M' 'M' 'M' 'M' 'M' 'U' 'M' 'M' 'M' 'M' 'M']"
197601,0,160,2,158,38,0,0,"['A' 'M' 'M' 'M' 'M' 'M' 'U' 'M' 'U' 'U' 'U' 'U' 'M' 'U' 'M' 'M' 'M' 'M'
 'M' 'U' 'U' 'M' 'M' 'M' 'M' 'M' 'M' 'M' 'M' 'U' 'M' 'M' 'M' 'M' 'U' 'M'
 'M' 'M' 'M' 'M' 'M' 'M' 'M' 'M' 'M' 'M' 'U' 'M' 'M' 'M' 'M' 'M' 'U' 'M'
 'M' 'M' 'M' 'M' 'M' 'M' 'M' 'M' 'M' 'M' 'M' 'M' 'M' 'U' 'M' 'M' 'M' 'M'
 'M' 'M' 'M' 'M' 'M' 'U' 'M' 'M' 'U' 'M' 'M' 'M' 'M' 'M' 'M' 'M' 'M' 'M'
 'M' 'U' 'U' 'M' 'M' 'M' 'M' 'M' 'M' 'U' 'U' 'M' 'M' 'M' 'M' 'M' 'M' 'M'
 'M' 'M' 'M' 'M' 'M' 'U' 'M' 'M' 'U' 'U' 'M' 'U' 'M' 'M' 'U' 'M' 'M' 'M'
 'M' 'M' 'U' 'U' 'M' 'M' 'U' 'M' 'M' 'M' 'M' 'M' 'M' 'M' 'M' 'M' 'U' 'U'
 'U' 'M' 'M' 'M' 'U' 'M' 'M' 'M' 'U' 'M' 'M' 'M' 'M' 'M' 'U' 'U' 'A' 'M'
 'M' 'M' 'M' 'M' 'M' 'M' 'M' 'M' 'M' 'M' 'M' 'M' 'U' 'M' 'M' 'M' 'U' 'M'
 'M' 'M' 'M' 'M' 'U' 'M' 'M' 'M' 'M' 'M' 'M' 'M' 'U' 'M' 'M' 'M' 'M' 'M']"
197701,0,166,3,163,32,0,0,"['A' 'M' 'M' 'M' 'M' 'M' 'U' 'M' 'A' 'M' 'U' 'U' 'M' 'M' 'M' 'M' 'M' 'M'
 'M' 'U' 'U' 'M' 'M' 'M' 'M' 'M' 'M' 'M' 'M' 'U' 'M' 'M' 'M' 'M' 'U' 'M'
 'M' 'M' 'M' 'M' 'M' 'M' 'M' 'M' 'M' 'M' 'U' 'M' 'M' 'M' 'M' 'M' 'U' 'M'
 'M' 'M' 'M' 'M' 'M' 'M' 'M' 'M' 'M' 'M' 'M' 'M' 'M' 'M' 'M' 'M' 'M' 'M'
 'M' 'M' 'M' 'M' 'M' 'M' 'M' 'U' 'M' 'M' 'U' 'M' 'M' 'U' 'M' 'M' 'M' 'M'
 'M' 'M' 'U' 'U' 'M' 'M' 'M' 'M' 'M' 'M' 'U' 'M' 'M' 'M' 'M' 'M' 'M' 'U'
 'M' 'M' 'U' 'M' 'M' 'U' 'M' 'M' 'U' 'U' 'M' 'M' 'U' 'M' 'M' 'M' 'M' 'M'
 'M' 'M' 'M' 'U' 'M' 'M' 'M' 'M' 'M' 'M' 'M' 'M' 'M' 'M' 'M' 'M' 'U' 'U'
 'M' 'M' 'U' 'M' 'U' 'M' 'M' 'M' 'U' 'M' 'M' 'M' 'M' 'M' 'U' 'M' 'A' 'M'
 'M' 'M' 'M' 'M' 'M' 'M' 'M' 'M' 'M' 'M' 'M' 'M' 'U' 'M' 'M' 'M' 'U' 'M'
 'M' 'M' 'M' 'M' 'M' 'M' 'M' 'M' 'M' 'M' 'M' 'M' 'U' 'M' 'M' 'M' 'M' 'U']"
197801,0,160,4,156,38,1,0,"['A' 'M' 'M' 'M' 'M' 'M' 'U' 'M' 'A' 'M' 'U' 'U' 'M' 'M' 'M' 'M' 'M' 'M'
 'M' 'U' 'U' 'M' 'M' 'M' 'M' 'M' 'M' 'U' 'M' 'U' 'M' 'M' 'M' 'M' 'U' 'M'
 'M' 'M' 'M' 'M' 'M' 'M' 'M' 'M' 'M' 'M' 'U' 'M' 'M' 'M' 'M' 'M' 'U' 'M'
 'M' 'U' 'M' 'M' 'M' 'M' 'M' 'M' 'M' 'M' 'M' 'M' 'M' 'M' 'M' 'U' 'M' 'M'
 'M' 'M' 'M' 'M' 'M' 'U' 'M' 'M' 'M' 'U' 'M' 'M' 'U' 'M' 'M' 'M' 'M' 'M'
 'M' 'M' 'U' 'M' 'M' 'M' 'M' 'M' 'M' 'M' 'M' 'M' 'M' 'M' 'U' 'M' 'M' 'U'
 'M' 'M' 'M' 'M' 'M' 'U' 'M' 'M' 'U' 'U' 'M' 'M' 'U' 'M' 'M' 'M' 'M' 'M'
 'M' 'M' 'M' 'U' 'M' 'U' 'U' 'U' 'U' 'U' 'U' 'U' 'U' 'M' 'M' 'M' 'U' 'U'
 'M' 'M' 'U' 'M' 'M' 'M' 'M' 'M' 'M' 'M' 'M' 'M' 'M' 'U' 'U' 'M' 'A' 'M'
 'M' 'M' 'M' 'M' 'M' 'M' 'M' 'M' 'M' 'M' 'M' 'M' 'M' 'M' 'M' 'M' 'U' 'M'
 'M' 'M' 'M' 'M' 'M' 'M' 'M' 'M' 'M' 'M' 'M' 'M' 'U' 'M' 'M' 'M' 'M' 'A']"
197901,0,171,6,165,27,0,0,"['A' 'M' 'M' 'M' 'M' 'M' 'U' 'M' 'A' 'M' 'M' 'U' 'M' 'M' 'M' 'M' 'M' 'M'
 'M' 'A' 'M' 'M' 'M' 'M' 'M' 'M' 'M' 'M' 'M' 'M' 'U' 'M' 'M' 'M' 'M' 'M'
 'M' 'M' 'M' 'M' 'M' 'M' 'M' 'U' 'M' 'M' 'M' 'M' 'M' 'M' 'M' 'M' 'M' 'M'
 'M' 'A' 'M' 'M' 'M' 'M' 'M' 'M' 'U' 'M' 'M' 'M' 'U' 'M' 'M' 'M' 'U' 'M'
 'U' 'M' 'M' 'M' 'M' 'M' 'M' 'M' 'M' 'M' 'U' 'U' 'M' 'M' 'M' 'M' 'M' 'M'
 'M' 'M' 'M' 'M' 'M' 'M' 'M' 'M' 'M' 'M' 'M' 'M' 'M' 'M' 'M' 'M' 'M' 'M'
 'M' 'M' 'M' 'M' 'M' 'U' 'M' 'M' 'U' 'U' 'M' 'M' 'U' 'M' 'M' 'M' 'M' 'M'
 'M' 'M' 'M' 'U' 'M' 'M' 'M' 'U' 'U' 'M' 'U' 'U' 'M' 'M' 'M' 'M' 'U' 'U'
 'M' 'M' 'U' 'M' 'M' 'M' 'M' 'M' 'M' 'M' 'M' 'M' 'M' 'U' 'U' 'M' 'A' 'M'
 'U' 'M' 'M' 'M' 'M' 'M' 'M' 'M' 'M' 'M' 'M' 'M' 'M' 'M' 'M' 'M' 'U' 'M'
 'M' 'M' 'M' 'M' 'M' 'M' 'M' 'M' 'M' 'M' 'M' 'M' 'U' 'M' 'M' 'M' 'M' 'A']"
198001,0,170,4,166,28,0,0,"['A' 'M' 'M' 'M' 'M' 'M' 'U' 'M' 'A' 'M' 'M' 'U' 'M' 'M' 'M' 'M' 'M' 'M'
 'M' 'A' 'M' 'M' 'M' 'M' 'M' 'M' 'M' 'M' 'M' 'M' 'U' 'M' 'M' 'M' 'M' 'M'
 'M' 'M' 'M' 'M' 'M' 'M' 'M' 'M' 'M' 'M' 'M' 'M' 'M' 'M' 'M' 'M' 'M' 'M'
 'M' 'U' 'M' 'M' 'M' 'M' 'M' 'M' 'U' 'M' 'M' 'M' 'M' 'M' 'M' 'M' 'M' 'M'
 'M' 'U' 'M' 'M' 'M' 'M' 'M' 'M' 'U' 'M' 'M' 'M' 'M' 'U' 'M' 'M' 'U' 'M'
 'U' 'M' 'M' 'M' 'M' 'M' 'M' 'M' 'M' 'M' 'M' 'M' 'M' 'M' 'M' 'M' 'M' 'U'
 'M' 'M' 'M' 'M' 'M' 'U' 'M' 'M' 'U' 'U' 'M' 'M' 'U' 'M' 'M' 'M' 'M' 'M'
 'M' 'M' 'M' 'U' 'M' 'M' 'U' 'M' 'U' 'U' 'M' 'U' 'U' 'M' 'M' 'M' 'U' 'M'
 'M' 'M' 'M' 'M' 'M' 'M' 'M' 'U' 'M' 'M' 'M' 'U' 'M' 'M' 'U' 'M' 'U' 'M'
 'M' 'M' 'M' 'U' 'M' 'M' 'M' 'M' 'M' 'M' 'M' 'M' 'M' 'M' 'M' 'M' 'U' 'M'
 'M' 'M' 'M' 'M' 'M' 'M' 'M' 'M' 'M' 'M' 'M' 'M' 'M' 'M' 'M' 'M' 'M' 'A']"
198101,0,165,4,161,33,0,0,"['A' 'M' 'M' 'M' 'M' 'M' 'U' 'M' 'A' 'M' 'M' 'M' 'M' 'M' 'M' 'M' 'M' 'M'
 'M' 'U' 'M' 'M' 'M' 'M' 'M' 'M' 'M' 'M' 'M' 'M' 'U' 'M' 'M' 'M' 'M' 'M'
 'M' 'M' 'M' 'M' 'M' 'M' 'M' 'M' 'U' 'M' 'M' 'M' 'M' 'M' 'M' 'M' 'M' 'M'
 'M' 'U' 'U' 'M' 'M' 'M' 'M' 'M' 'U' 'M' 'M' 'M' 'M' 'M' 'M' 'M' 'M' 'M'
 'M' 'M' 'M' 'M' 'M' 'M' 'M' 'M' 'M' 'U' 'M' 'U' 'M' 'M' 'M' 'U' 'M' 'M'
 'U' 'M' 'M' 'M' 'U' 'U' 'M' 'M' 'M' 'M' 'M' 'M' 'M' 'M' 'M' 'M' 'M' 'U'
 'M' 'M' 'M' 'U' 'M' 'U' 'M' 'M' 'M' 'M' 'M' 'M' 'U' 'M' 'M' 'M' 'M' 'U'
 'M' 'M' 'M' 'U' 'M' 'U' 'U' 'M' 'U' 'U' 'U' 'U' 'A' 'M' 'M' 'U' 'M' 'M'
 'M' 'U' 'M' 'M' 'U' 'M' 'M' 'U' 'M' 'M' 'M' 'U' 'M' 'M' 'U' 'M' 'M' 'M'
 'M' 'M' 'M' 'M' 'M' 'M' 'M' 'M' 'M' 'M' 'M' 'M' 'M' 'M' 'M' 'M' 'U' 'M'
 'M' 'M' 'M' 'M' 'M' 'M' 'M' 'M' 'M' 'M' 'M' 'M' 'M' 'M' 'M' 'M' 'U' 'A']"
198201,0,164,4,160,34,0,0,"['A' 'M' 'M' 'M' 'M' 'M' 'U' 'M' 'A' 'M' 'U' 'M' 'M' 'M' 'M' 'M' 'M' 'M'
 'M' 'U' 'M' 'M' 'M' 'M' 'M' 'M' 'M' 'M' 'M' 'M' 'U' 'M' 'M' 'U' 'M' 'M'
 'M' 'M' 'M' 'M' 'M' 'M' 'M' 'M' 'U' 'M' 'M' 'M' 'M' 'M' 'M' 'M' 'M' 'M'
 'M' 'U' 'M' 'M' 'M' 'M' 'M' 'M' 'U' 'M' 'M' 'M' 'M' 'M' 'M' 'M' 'M' 'M'
 'M' 'M' 'M' 'U' 'M' 'M' 'U' 'M' 'M' 'M' 'M' 'M' 'M' 'M' 'U' 'U' 'M' 'M'
 'M' 'U' 'M' 'M' 'M' 'U' 'M' 'M' 'M' 'M' 'M' 'M' 'M' 'M' 'M' 'M' 'M' 'U'
 'M' 'M' 'M' 'M' 'M' 'U' 'M' 'M' 'M' 'M' 'M' 'M' 'U' 'M' 'M' 'M' 'M' 'U'
 'M' 'M' 'M' 'U' 'M' 'M' 'M' 'M' 'U' 'U' 'U' 'U' 'A' 'M' 'M' 'U' 'M' 'M'
 'U' 'U' 'U' 'M' 'M' 'M' 'M' 'U' 'U' 'M' 'M' 'M' 'M' 'M' 'U' 'M' 'M' 'M'
 'M' 'M' 'M' 'M' 'M' 'M' 'U' 'M' 'U' 'M' 'M' 'U' 'M' 'M' 'M' 'M' 'U' 'M'
 'M' 'M' 'M' 'M' 'M' 'M' 'M' 'M' 'M' 'M' 'M' 'M' 'M' 'M' 'M' 'M' 'M' 'A']"
198301,0,163,2,161,35,0,0,"['A' 'M' 'M' 'M' 'M' 'M' 'U' 'M' 'U' 'M' 'U' 'M' 'M' 'M' 'M' 'M' 'M' 'M'
 'M' 'M' 'M' 'M' 'M' 'M' 'M' 'M' 'M' 'M' 'M' 'U' 'M' 'M' 'M' 'U' 'M' 'M'
 'M' 'M' 'M' 'M' 'M' 'M' 'M' 'M' 'M' 'M' 'M' 'M' 'M' 'M' 'M' 'M' 'M' 'M'
 'M' 'U' 'M' 'M' 'M' 'M' 'M' 'M' 'U' 'M' 'M' 'M' 'M' 'M' 'U' 'M' 'M' 'M'
 'M' 'M' 'M' 'M' 'M' 'M' 'M' 'M' 'M' 'U' 'M' 'M' 'U' 'M' 'U' 'M' 'M' 'M'
 'M' 'U' 'M' 'M' 'M' 'U' 'M' 'M' 'M' 'M' 'M' 'M' 'M' 'M' 'M' 'M' 'M' 'U'
 'M' 'M' 'M' 'M' 'M' 'U' 'M' 'M' 'M' 'M' 'M' 'M' 'U' 'M' 'M' 'M' 'M' 'U'
 'M' 'M' 'M' 'M' 'M' 'M' 'U' 'U' 'U' 'U' 'U' 'U' 'U' 'M' 'M' 'U' 'M' 'M'
 'U' 'U' 'M' 'M' 'M' 'M' 'M' 'U' 'U' 'M' 'M' 'M' 'M' 'M' 'U' 'M' 'M' 'M'
 'M' 'M' 'M' 'M' 'M' 'M' 'U' 'M' 'U' 'M' 'M' 'U' 'M' 'M' 'M' 'M' 'U' 'M'
 'M' 'M' 'M' 'M' 'M' 'M' 'M' 'M' 'M' 'M' 'M' 'M' 'M' 'U' 'M' 'M' 'M' 'A']"
198401,0,163,4,159,35,0,0,"['A' 'M' 'M' 'U' 'M' 'M' 'U' 'M' 'U' 'M' 'U' 'M' 'M' 'M' 'M' 'M' 'M' 'M'
 'M' 'M' 'M' 'M' 'M' 'M' 'U' 'M' 'M' 'M' 'M' 'U' 'M' 'M' 'M' 'U' 'M' 'M'
 'U' 'M' 'M' 'M' 'M' 'M' 'M' 'M' 'M' 'M' 'M' 'U' 'M' 'M' 'M' 'M' 'M' 'M'
 'M' 'U' 'M' 'M' 'M' 'M' 'M' 'M' 'M' 'M' 'M' 'M' 'M' 'M' 'M' 'M' 'M' 'M'
 'U' 'M' 'M' 'M' 'M' 'M' 'M' 'M' 'U' 'M' 'U' 'M' 'U' 'M' 'M' 'M' 'M' 'M'
 'M' 'U' 'M' 'M' 'M' 'M' 'M' 'M' 'M' 'M' 'M' 'M' 'M' 'M' 'M' 'M' 'M' 'U'
 'M' 'M' 'M' 'M' 'M' 'U' 'M' 'M' 'M' 'M' 'M' 'M' 'M' 'M' 'M' 'M' 'M' 'U'
 'M' 'M' 'M' 'M' 'M' 'M' 'A' 'U' 'U' 'U' 'U' 'U' 'U' 'M' 'M' 'M' 'M' 'M'
 'U' 'A' 'M' 'M' 'M' 'M' 'M' 'U' 'U' 'M' 'M' 'M' 'U' 'M' 'U' 'M' 'M' 'M'
 'U' 'M' 'M' 'M' 'M' 'M' 'U' 'M' 'M' 'U' 'M' 'U' 'M' 'M' 'M' 'M' 'U' 'M'
 'M' 'M' 'M' 'M' 'M' 'M' 'M' 'M' 'M' 'M' 'M' 'M' 'M' 'U' 'M' 'M' 'M' 'A']"
198501,0,166,4,162,32,0,0,"['A' 'M' 'M' 'M' 'M' 'U' 'U' 'M' 'M' 'M' 'U' 'M' 'M' 'M' 'M' 'M' 'M' 'M'
 'M' 'M' 'M' 'M' 'M' 'M' 'U' 'M' 'M' 'M' 'M' 'U' 'M' 'M' 'M' 'M' 'M' 'M'
 'M' 'M' 'M' 'M' 'M' 'M' 'M' 'M' 'M' 'M' 'M' 'U' 'M' 'M' 'M' 'M' 'M' 'M'
 'M' 'U' 'M' 'M' 'M' 'M' 'M' 'M' 'M' 'M' 'M' 'M' 'M' 'M' 'M' 'M' 'M' 'M'
 'U' 'U' 'M' 'M' 'M' 'M' 'M' 'M' 'U' 'M' 'M' 'M' 'M' 'M' 'U' 'U' 'M' 'M'
 'M' 'M' 'M' 'M' 'M' 'M' 'M' 'M' 'U' 'M' 'M' 'M' 'M' 'M' 'M' 'M' 'M' 'M'
 'M' 'M' 'M' 'M' 'M' 'M' 'M' 'M' 'U' 'M' 'M' 'M' 'M' 'M' 'M' 'M' 'M' 'U'
 'M' 'U' 'M' 'M' 'M' 'U' 'A' 'U' 'U' 'M' 'M' 'U' 'U' 'M' 'M' 'M' 'M' 'M'
 'U' 'A' 'M' 'M' 'M' 'M' 'M' 'U' 'U' 'M' 'M' 'M' 'U' 'M' 'U' 'U' 'M' 'M'
 'U' 'M' 'M' 'M' 'M' 'M' 'U' 'M' 'M' 'M' 'M' 'U' 'M' 'M' 'M' 'M' 'U' 'M'
 'M' 'M' 'M' 'M' 'M' 'M' 'M' 'M' 'M' 'M' 'M' 'M' 'M' 'U' 'M' 'M' 'M' 'A']"
198601,0,167,2,165,31,0,0,"['A' 'M' 'M' 'M' 'M' 'U' 'U' 'M' 'M' 'M' 'U' 'M' 'M' 'M' 'M' 'M' 'M' 'M'
 'M' 'M' 'M' 'M' 'M' 'M' 'U' 'M' 'M' 'M' 'M' 'M' 'M' 'M' 'M' 'M' 'M' 'M'
 'M' 'M' 'M' 'M' 'M' 'M' 'M' 'M' 'M' 'M' 'M' 'U' 'M' 'M' 'M' 'U' 'M' 'M'
 'M' 'M' 'M' 'M' 'M' 'M' 'M' 'M' 'M' 'M' 'M' 'M' 'M' 'M' 'U' 'M' 'M' 'M'
 'U' 'M' 'U' 'M' 'M' 'U' 'M' 'M' 'M' 'M' 'M' 'M' 'M' 'M' 'M' 'M' 'M' 'M'
 'M' 'M' 'M' 'U' 'M' 'M' 'M' 'M' 'M' 'M' 'M' 'M' 'M' 'M' 'M' 'M' 'M' 'M'
 'M' 'M' 'M' 'M' 'M' 'M' 'M' 'M' 'U' 'M' 'M' 'M' 'M' 'M' 'M' 'M' 'M' 'M'
 'M' 'U' 'M' 'M' 'M' 'U' 'U' 'U' 'U' 'M' 'M' 'U' 'U' 'M' 'M' 'M' 'M' 'M'
 'U' 'A' 'M' 'M' 'M' 'M' 'M' 'U' 'U' 'M' 'M' 'U' 'M' 'M' 'U' 'U' 'M' 'M'
 'M' 'M' 'M' 'M' 'M' 'M' 'U' 'M' 'M' 'M' 'M' 'U' 'M' 'M' 'M' 'M' 'U' 'M'
 'M' 'M' 'M' 'M' 'M' 'M' 'M' 'M' 'M' 'M' 'M' 'M' 'M' 'U' 'M' 'M' 'U' 'U']"
198701,0,163,4,159,35,0,0,"['A' 'M' 'M' 'M' 'M' 'U' 'U' 'M' 'M' 'M' 'U' 'U' 'M' 'U' 'M' 'M' 'M' 'M'
 'M' 'U' 'M' 'M' 'M' 'M' 'U' 'M' 'M' 'M' 'M' 'A' 'M' 'M' 'M' 'M' 'M' 'M'
 'M' 'M' 'M' 'M' 'M' 'M' 'M' 'M' 'M' 'M' 'M' 'U' 'M' 'M' 'M' 'U' 'M' 'M'
 'M' 'M' 'U' 'M' 'M' 'M' 'M' 'U' 'M' 'U' 'M' 'M' 'M' 'M' 'M' 'M' 'U' 'M'
 'M' 'M' 'M' 'M' 'M' 'M' 'U' 'U' 'M' 'M' 'M' 'M' 'M' 'M' 'M' 'U' 'M' 'M'
 'M' 'M' 'M' 'U' 'M' 'M' 'M' 'M' 'M' 'M' 'M' 'M' 'M' 'M' 'M' 'M' 'M' 'M'
 'M' 'M' 'M' 'M' 'M' 'M' 'M' 'M' 'M' 'M' 'M' 'M' 'M' 'M' 'M' 'M' 'M' 'M'
 'M' 'U' 'M' 'M' 'M' 'A' 'M' 'U' 'U' 'M' 'M' 'U' 'U' 'M' 'M' 'M' 'M' 'M'
 'M' 'A' 'M' 'M' 'M' 'M' 'M' 'U' 'U' 'U' 'M' 'U' 'M' 'M' 'M' 'U' 'M' 'U'
 'M' 'M' 'M' 'U' 'M' 'M' 'U' 'M' 'M' 'M' 'M' 'U' 'M' 'M' 'M' 'M' 'U' 'M'
 'M' 'M' 'M' 'M' 'M' 'M' 'M' 'M' 'M' 'M' 'M' 'M' 'M' 'U' 'M' 'M' 'U' 'U']"
198801,0,163,5,158,35,0,1,"['A' 'M' 'M' 'M' 'M' 'U' 'M' 'M' 'M' 'M' 'U' 'U' 'M' 'M' 'M' 'M' 'M' 'M'
 'M' 'M' 'M' 'M' 'M' 'M' 'M' 'M' 'M' 'M' 'M' 'A' 'M' 'M' 'M' 'M' 'M' 'M'
 'M' 'M' 'M' 'M' 'M' 'M' 'M' 'M' 'M' 'M' 'M' 'M' 'M' 'M' 'M' 'U' 'M' 'M'
 'M' 'M' 'U' 'M' 'M' 'M' 'M' 'U' 'M' 'U' 'M' 'M' 'M' 'M' 'M' 'M' 'M' 'M'
 'M' 'M' 'M' 'M' 'M' 'U' 'M' 'U' 'M' 'M' 'M' 'U' 'M' 'M' 'U' 'M' 'M' 'M'
 'M' 'U' 'M' 'M' 'M' 'M' 'M' 'M' 'M' 'M' 'M' 'M' 'M' 'M' 'M' 'M' 'M' 'M'
 'M' 'M' 'M' 'M' 'M' 'M' 'M' 'M' 'M' 'M' 'M' 'M' 'M' 'M' 'M' 'U' 'M' 'M'
 'M' 'A' 'M' 'M' 'M' 'A' 'U' 'U' 'U' 'U' 'U' 'U' 'U' 'M' 'M' 'M' 'M' 'M'
 'M' 'A' 'M' 'M' 'M' 'M' 'M' 'U' 'U' 'U' 'U' 'U' 'M' 'M' 'M' 'U' 'U' 'U'
 'M' 'M' 'M' 'M' 'M' 'M' 'U' 'M' 'M' 'M' 'M' 'U' 'M' 'M' 'M' 'M' 'U' 'M'
 'M' 'M' 'M' 'M' 'M' 'M' 'M' 'M' 'M' 'M' 'U' 'M' 'M' 'U' 'M' 'M' 'U' 'U']"
198901,0,166,6,160,32,0,1,"['A' 'M' 'M' 'M' 'M' 'U' 'M' 'M' 'M' 'M' 'U' 'A' 'M' 'M' 'M' 'M' 'U' 'M'
 'M' 'M' 'M' 'M' 'M' 'M' 'M' 'M' 'M' 'M' 'M' 'U' 'M' 'M' 'U' 'M' 'M' 'M'
 'M' 'M' 'M' 'M' 'M' 'M' 'M' 'M' 'M' 'M' 'M' 'M' 'M' 'M' 'M' 'U' 'M' 'M'
 'M' 'M' 'U' 'M' 'M' 'M' 'M' 'U' 'M' 'U' 'M' 'U' 'U' 'M' 'M' 'M' 'M' 'M'
 'M' 'M' 'M' 'M' 'M' 'M' 'M' 'M' 'U' 'M' 'M' 'M' 'M' 'M' 'M' 'M' 'U' 'M'
 'M' 'M' 'U' 'M' 'M' 'M' 'M' 'M' 'M' 'M' 'M' 'M' 'M' 'M' 'M' 'M' 'M' 'M'
 'M' 'M' 'M' 'M' 'M' 'M' 'M' 'M' 'M' 'M' 'M' 'M' 'M' 'M' 'U' 'M' 'M' 'M'
 'M' 'A' 'M' 'M' 'M' 'A' 'M' 'A' 'M' 'U' 'U' 'M' 'U' 'M' 'M' 'M' 'M' 'M'
 'M' 'A' 'M' 'M' 'U' 'M' 'M' 'U' 'M' 'U' 'M' 'M' 'M' 'U' 'M' 'U' 'U' 'M'
 'M' 'M' 'M' 'M' 'M' 'M' 'U' 'M' 'M' 'M' 'M' 'U' 'M' 'M' 'M' 'U' 'U' 'M'
 'M' 'M' 'M' 'M' 'U' 'M' 'M' 'M' 'M' 'M' 'U' 'M' 'M' 'M' 'M' 'M' 'U' 'U']"
199001,0,169,6,163,29,0,0,"['A' 'M' 'M' 'M' 'M' 'M' 'M' 'M' 'M' 'M' 'M' 'A' 'M' 'M' 'M' 'M' 'U' 'M'
 'M' 'M' 'M' 'M' 'M' 'M' 'M' 'M' 'M' 'M' 'M' 'M' 'M' 'M' 'U' 'M' 'M' 'M'
 'M' 'M' 'M' 'U' 'M' 'M' 'M' 'M' 'M' 'M' 'M' 'M' 'M' 'M' 'M' 'U' 'M' 'M'
 'M' 'M' 'A' 'M' 'M' 'M' 'M' 'U' 'M' 'U' 'M' 'M' 'M' 'M' 'M' 'M' 'M' 'U'
 'U' 'M' 'M' 'M' 'M' 'M' 'M' 'M' 'M' 'U' 'M' 'U' 'M' 'M' 'M' 'M' 'M' 'U'
 'M' 'M' 'M' 'M' 'M' 'M' 'M' 'M' 'M' 'M' 'M' 'M' 'M' 'M' 'M' 'M' 'M' 'M'
 'M' 'M' 'M' 'M' 'M' 'M' 'M' 'M' 'M' 'M' 'M' 'M' 'M' 'M' 'U' 'M' 'M' 'M'
 'M' 'U' 'M' 'M' 'M' 'A' 'M' 'U' 'M' 'U' 'M' 'M' 'U' 'M' 'U' 'M' 'M' 'M'
 'M' 'A' 'M' 'M' 'U' 'M' 'M' 'U' 'M' 'U' 'M' 'M' 'M' 'U' 'M' 'U' 'M' 'M'
 'M' 'M' 'M' 'U' 'M' 'M' 'U' 'M' 'M' 'M' 'M' 'M' 'M' 'M' 'M' 'A' 'M' 'U'
 'M' 'M' 'M' 'M' 'U' 'M' 'M' 'M' 'M' 'M' 'U' 'M' 'M' 'M' 'U' 'M' 'U' 'M']"
199101,0,163,3,160,35,0,0,"['A' 'M' 'M' 'M' 'M' 'M' 'M' 'M' 'M' 'M' 'M' 'A' 'M' 'M' 'M' 'M' 'U' 'M'
 'M' 'M' 'M' 'M' 'M' 'M' 'M' 'U' 'M' 'M' 'M' 'M' 'M' 'U' 'U' 'M' 'M' 'M'
 'M' 'M' 'M' 'U' 'M' 'M' 'M' 'M' 'M' 'M' 'M' 'M' 'M' 'M' 'M' 'U' 'M' 'M'
 'M' 'M' 'M' 'U' 'M' 'U' 'M' 'U' 'M' 'U' 'M' 'M' 'M' 'M' 'M' 'M' 'M' 'M'
 'U' 'M' 'M' 'M' 'M' 'M' 'M' 'M' 'M' 'U' 'M' 'M' 'M' 'U' 'U' 'M' 'M' 'M'
 'M' 'M' 'U' 'M' 'M' 'M' 'M' 'M' 'M' 'M' 'M' 'M' 'M' 'M' 'M' 'M' 'M' 'M'
 'M' 'M' 'M' 'M' 'M' 'M' 'M' 'M' 'U' 'M' 'M' 'M' 'M' 'M' 'U' 'M' 'M' 'M'
 'M' 'U' 'M' 'M' 'M' 'A' 'M' 'U' 'M' 'U' 'M' 'M' 'U' 'M' 'U' 'M' 'M' 'M'
 'M' 'U' 'M' 'M' 'U' 'M' 'M' 'U' 'M' 'U' 'M' 'M' 'M' 'U' 'M' 'M' 'M' 'M'
 'M' 'M' 'M' 'U' 'M' 'M' 'M' 'M' 'M' 'M' 'M' 'M' 'M' 'M' 'M' 'U' 'M' 'M'
 'M' 'M' 'M' 'M' 'U' 'M' 'U' 'M' 'M' 'M' 'U' 'M' 'M' 'M' 'U' 'U' 'U' 'M']"
199201,0,160,2,158,38,0,0,"['A' 'M' 'M' 'M' 'M' 'M' 'M' 'M' 'M' 'M' 'M' 'U' 'M' 'M' 'M' 'M' 'U' 'M'
 'M' 'M' 'M' 'M' 'M' 'M' 'M' 'U' 'M' 'M' 'M' 'U' 'M' 'U' 'U' 'M' 'M' 'M'
 'M' 'M' 'M' 'U' 'M' 'M' 'M' 'M' 'M' 'M' 'M' 'M' 'M' 'M' 'M' 'M' 'M' 'M'
 'M' 'M' 'U' 'U' 'M' 'U' 'M' 'U' 'M' 'U' 'M' 'M' 'M' 'M' 'M' 'M' 'M' 'M'
 'M' 'M' 'M' 'U' 'M' 'M' 'M' 'M' 'M' 'M' 'U' 'M' 'U' 'U' 'M' 'M' 'M' 'M'
 'U' 'M' 'M' 'M' 'M' 'M' 'M' 'M' 'M' 'M' 'M' 'M' 'M' 'M' 'M' 'M' 'M' 'M'
 'M' 'M' 'M' 'M' 'M' 'M' 'M' 'M' 'A' 'M' 'M' 'M' 'U' 'M' 'U' 'M' 'M' 'M'
 'M' 'U' 'M' 'M' 'M' 'U' 'M' 'U' 'M' 'U' 'M' 'M' 'U' 'M' 'U' 'M' 'M' 'M'
 'M' 'M' 'M' 'M' 'U' 'M' 'M' 'U' 'U' 'M' 'M' 'M' 'M' 'U' 'U' 'M' 'M' 'M'
 'M' 'M' 'M' 'U' 'M' 'M' 'U' 'M' 'M' 'M' 'M' 'M' 'M' 'M' 'M' 'U' 'M' 'M'
 'M' 'M' 'M' 'M' 'M' 'M' 'U' 'U' 'M' 'M' 'M' 'M' 'M' 'M' 'U' 'U' 'U' 'M']"
199301,0,163,2,161,35,1,0,"['A' 'M' 'M' 'M' 'M' 'M' 'M' 'U' 'M' 'M' 'M' 'U' 'M' 'M' 'M' 'M' 'U' 'M'
 'M' 'M' 'M' 'M' 'M' 'M' 'M' 'U' 'M' 'M' 'M' 'U' 'M' 'M' 'M' 'M' 'M' 'M'
 'M' 'U' 'M' 'U' 'M' 'M' 'M' 'M' 'M' 'U' 'M' 'M' 'M' 'M' 'M' 'M' 'M' 'M'
 'M' 'M' 'M' 'U' 'M' 'M' 'M' 'U' 'M' 'U' 'M' 'M' 'M' 'M' 'M' 'M' 'M' 'M'
 'M' 'M' 'M' 'M' 'M' 'U' 'M' 'M' 'M' 'M' 'M' 'U' 'M' 'M' 'M' 'M' 'M' 'U'
 'M' 'U' 'M' 'M' 'U' 'M' 'M' 'M' 'M' 'M' 'M' 'M' 'M' 'M' 'M' 'M' 'M' 'M'
 'M' 'M' 'M' 'M' 'M' 'M' 'M' 'M' 'A' 'M' 'M' 'M' 'U' 'M' 'U' 'M' 'U' 'M'
 'M' 'U' 'M' 'M' 'M' 'U' 'M' 'U' 'M' 'U' 'M' 'M' 'U' 'M' 'M' 'M' 'M' 'M'
 'M' 'M' 'M' 'U' 'U' 'M' 'M' 'U' 'U' 'M' 'M' 'M' 'M' 'M' 'M' 'M' 'M' 'M'
 'M' 'M' 'M' 'U' 'M' 'M' 'U' 'M' 'M' 'M' 'M' 'M' 'M' 'M' 'M' 'M' 'M' 'M'
 'M' 'M' 'M' 'M' 'M' 'M' 'U' 'U' 'M' 'M' 'M' 'M' 'M' 'M' 'U' 'M' 'U' 'U']"
199401,0,172,2,170,26,0,0,"['A' 'M' 'M' 'M' 'M' 'M' 'M' 'U' 'M' 'M' 'M' 'U' 'M' 'M' 'M' 'M' 'U' 'M'
 'M' 'M' 'M' 'M' 'M' 'M' 'U' 'M' 'M' 'M' 'M' 'U' 'M' 'M' 'M' 'M' 'M' 'M'
 'M' 'U' 'M' 'M' 'M' 'M' 'M' 'M' 'M' 'M' 'M' 'M' 'M' 'M' 'M' 'M' 'M' 'M'
 'M' 'M' 'M' 'U' 'M' 'M' 'M' 'U' 'M' 'U' 'M' 'M' 'U' 'M' 'M' 'M' 'M' 'M'
 'U' 'M' 'M' 'M' 'U' 'M' 'M' 'M' 'M' 'M' 'M' 'M' 'M' 'U' 'M' 'M' 'M' 'U'
 'M' 'M' 'M' 'M' 'M' 'M' 'M' 'M' 'M' 'M' 'M' 'M' 'M' 'M' 'M' 'M' 'M' 'M'
 'M' 'M' 'M' 'M' 'M' 'M' 'M' 'M' 'U' 'M' 'M' 'M' 'M' 'M' 'M' 'M' 'U' 'M'
 'M' 'U' 'U' 'M' 'M' 'M' 'M' 'M' 'M' 'M' 'M' 'M' 'M' 'M' 'M' 'M' 'M' 'M'
 'M' 'M' 'M' 'U' 'U' 'M' 'M' 'U' 'U' 'U' 'M' 'M' 'M' 'M' 'M' 'M' 'M' 'M'
 'M' 'M' 'M' 'U' 'M' 'M' 'U' 'M' 'M' 'M' 'M' 'M' 'M' 'M' 'M' 'M' 'M' 'M'
 'M' 'M' 'M' 'M' 'M' 'M' 'U' 'M' 'M' 'M' 'M' 'M' 'M' 'M' 'M' 'M' 'M' 'A']"
199501,0,177,3,174,21,0,0,"['A' 'M' 'M' 'M' 'M' 'M' 'M' 'U' 'M' 'M' 'M' 'U' 'M' 'M' 'M' 'M' 'M' 'M'
 'M' 'M' 'M' 'M' 'M' 'M' 'U' 'M' 'M' 'M' 'M' 'U' 'M' 'M' 'U' 'M' 'M' 'M'
 'M' 'U' 'M' 'M' 'M' 'M' 'M' 'M' 'M' 'M' 'M' 'M' 'M' 'M' 'M' 'M' 'M' 'M'
 'M' 'M' 'M' 'M' 'M' 'M' 'M' 'M' 'M' 'M' 'M' 'M' 'M' 'M' 'U' 'U' 'M' 'M'
 'M' 'M' 'M' 'M' 'M' 'M' 'U' 'M' 'M' 'M' 'U' 'U' 'M' 'M' 'M' 'M' 'M' 'M'
 'M' 'M' 'M' 'M' 'M' 'M' 'M' 'M' 'M' 'M' 'M' 'M' 'M' 'M' 'M' 'M' 'M' 'M'
 'M' 'M' 'M' 'M' 'M' 'M' 'M' 'M' 'M' 'M' 'M' 'M' 'M' 'M' 'M' 'M' 'U' 'M'
 'M' 'U' 'M' 'M' 'M' 'M' 'M' 'M' 'M' 'M' 'M' 'M' 'M' 'M' 'M' 'M' 'M' 'M'
 'M' 'M' 'M' 'U' 'U' 'M' 'M' 'A' 'U' 'M' 'U' 'M' 'U' 'M' 'M' 'M' 'M' 'M'
 'M' 'M' 'M' 'U' 'M' 'M' 'M' 'M' 'M' 'M' 'M' 'M' 'M' 'M' 'M' 'M' 'M' 'U'
 'M' 'M' 'M' 'M' 'M' 'M' 'U' 'M' 'M' 'M' 'M' 'M' 'M' 'M' 'M' 'M' 'M' 'A']"
199601,0,172,4,168,26,0,0,"['A' 'M' 'M' 'U' 'M' 'M' 'U' 'M' 'M' 'M' 'M' 'U' 'M' 'M' 'M' 'M' 'M' 'M'
 'M' 'M' 'M' 'M' 'M' 'M' 'U' 'M' 'M' 'M' 'M' 'U' 'M' 'M' 'U' 'M' 'M' 'M'
 'M' 'A' 'M' 'U' 'M' 'U' 'M' 'M' 'M' 'M' 'M' 'M' 'M' 'M' 'M' 'M' 'M' 'M'
 'M' 'M' 'M' 'M' 'M' 'M' 'M' 'M' 'M' 'M' 'M' 'M' 'M' 'M' 'M' 'M' 'M' 'M'
 'M' 'M' 'U' 'M' 'M' 'M' 'M' 'M' 'M' 'U' 'M' 'M' 'U' 'M' 'U' 'M' 'M' 'M'
 'U' 'M' 'M' 'M' 'M' 'M' 'M' 'U' 'M' 'M' 'U' 'M' 'M' 'M' 'M' 'U' 'M' 'U'
 'M' 'M' 'M' 'M' 'M' 'M' 'M' 'M' 'M' 'M' 'M' 'M' 'M' 'M' 'M' 'U' 'U' 'M'
 'M' 'U' 'M' 'M' 'M' 'M' 'M' 'M' 'M' 'M' 'M' 'M' 'M' 'M' 'M' 'M' 'M' 'M'
 'M' 'M' 'M' 'U' 'U' 'M' 'M' 'A' 'U' 'M' 'U' 'M' 'M' 'M' 'M' 'M' 'M' 'M'
 'M' 'M' 'M' 'U' 'M' 'M' 'M' 'M' 'M' 'M' 'M' 'M' 'U' 'M' 'M' 'M' 'M' 'M'
 'M' 'M' 'M' 'M' 'M' 'M' 'M' 'M' 'M' 'M' 'M' 'M' 'M' 'M' 'M' 'M' 'M' 'A']"
199701,0,167,4,163,31,0,0,"['A' 'M' 'M' 'U' 'M' 'M' 'M' 'M' 'M' 'M' 'U' 'U' 'M' 'M' 'M' 'M' 'M' 'M'
 'M' 'M' 'M' 'M' 'M' 'M' 'U' 'M' 'M' 'M' 'M' 'M' 'M' 'M' 'U' 'M' 'M' 'M'
 'M' 'A' 'M' 'U' 'M' 'U' 'M' 'M' 'M' 'M' 'M' 'M' 'M' 'M' 'M' 'M' 'M' 'M'
 'M' 'M' 'M' 'U' 'M' 'M' 'M' 'M' 'M' 'M' 'M' 'M' 'U' 'M' 'M' 'M' 'M' 'M'
 'M' 'M' 'M' 'M' 'M' 'M' 'M' 'U' 'M' 'M' 'M' 'M' 'U' 'M' 'U' 'M' 'M' 'U'
 'M' 'M' 'M' 'M' 'M' 'M' 'M' 'U' 'M' 'M' 'U' 'U' 'M' 'M' 'M' 'U' 'M' 'M'
 'M' 'M' 'M' 'M' 'M' 'M' 'M' 'M' 'M' 'M' 'M' 'M' 'M' 'M' 'M' 'U' 'U' 'U'
 'M' 'U' 'M' 'M' 'M' 'M' 'M' 'M' 'M' 'M' 'M' 'U' 'M' 'M' 'M' 'M' 'M' 'U'
 'M' 'M' 'M' 'M' 'U' 'M' 'M' 'A' 'U' 'M' 'U' 'M' 'M' 'M' 'M' 'M' 'M' 'M'
 'M' 'M' 'M' 'U' 'M' 'M' 'M' 'M' 'M' 'M' 'M' 'U' 'U' 'M' 'M' 'U' 'M' 'M'
 'M' 'M' 'M' 'M' 'M' 'M' 'M' 'U' 'M' 'M' 'M' 'M' 'M' 'M' 'M' 'M' 'M' 'A']"
199801,0,170,4,166,28,0,1,"['A' 'M' 'M' 'U' 'M' 'M' 'M' 'M' 'M' 'M' 'M' 'U' 'M' 'M' 'M' 'M' 'M' 'M'
 'M' 'M' 'M' 'M' 'M' 'M' 'U' 'M' 'M' 'M' 'M' 'M' 'M' 'M' 'U' 'M' 'M' 'M'
 'M' 'A' 'M' 'U' 'M' 'U' 'M' 'M' 'M' 'M' 'M' 'M' 'M' 'M' 'M' 'M' 'M' 'M'
 'M' 'M' 'M' 'M' 'M' 'M' 'M' 'M' 'M' 'M' 'M' 'M' 'M' 'M' 'M' 'M' 'M' 'U'
 'U' 'M' 'M' 'M' 'M' 'M' 'M' 'M' 'M' 'M' 'U' 'M' 'U' 'M' 'M' 'M' 'M' 'U'
 'M' 'M' 'M' 'M' 'M' 'U' 'U' 'M' 'M' 'M' 'M' 'M' 'M' 'M' 'M' 'U' 'M' 'M'
 'M' 'M' 'M' 'M' 'M' 'M' 'M' 'M' 'M' 'M' 'M' 'M' 'M' 'M' 'M' 'U' 'U' 'U'
 'M' 'A' 'M' 'M' 'M' 'M' 'M' 'M' 'M' 'M' 'M' 'M' 'M' 'M' 'M' 'M' 'M' 'U'
 'M' 'M' 'M' 'M' 'M' 'M' 'M' 'U' 'U' 'M' 'U' 'M' 'M' 'M' 'M' 'U' 'M' 'M'
 'M' 'U' 'M' 'M' 'M' 'M' 'M' 'M' 'M' 'M' 'M' 'U' 'U' 'M' 'M' 'U' 'M' 'M'
 'M' 'M' 'M' 'M' 'M' 'M' 'M' 'U' 'M' 'M' 'M' 'U' 'M' 'M' 'M' 'M' 'M' 'A']"
199901,0,173,5,168,25,0,1,"['A' 'M' 'M' 'M' 'M' 'M' 'M' 'M' 'M' 'M' 'M' 'U' 'M' 'M' 'M' 'M' 'M' 'M'
 'M' 'M' 'M' 'M' 'M' 'M' 'U' 'M' 'M' 'M' 'M' 'M' 'M' 'M' 'U' 'M' 'M' 'M'
 'M' 'A' 'M' 'U' 'M' 'M' 'M' 'M' 'M' 'M' 'M' 'M' 'M' 'M' 'M' 'M' 'U' 'U'
 'M' 'M' 'M' 'M' 'M' 'M' 'M' 'M' 'M' 'M' 'M' 'M' 'M' 'M' 'M' 'M' 'M' 'M'
 'U' 'M' 'M' 'M' 'M' 'M' 'U' 'M' 'U' 'M' 'M' 'M' 'U' 'M' 'M' 'M' 'M' 'M'
 'M' 'M' 'M' 'U' 'M' 'U' 'U' 'M' 'M' 'M' 'M' 'M' 'M' 'M' 'M' 'U' 'U' 'U'
 'M' 'M' 'M' 'M' 'M' 'M' 'U' 'M' 'M' 'M' 'M' 'M' 'M' 'M' 'M' 'M' 'U' 'M'
 'M' 'A' 'M' 'M' 'M' 'M' 'M' 'M' 'M' 'M' 'M' 'M' 'M' 'M' 'M' 'M' 'M' 'U'
 'M' 'M' 'M' 'M' 'M' 'M' 'M' 'U' 'M' 'M' 'U' 'M' 'M' 'M' 'M' 'M' 'M' 'M'
 'M' 'M' 'U' 'M' 'M' 'M' 'A' 'M' 'M' 'M' 'M' 'M' 'U' 'M' 'M' 'U' 'M' 'M'
 'M' 'M' 'U' 'M' 'M' 'M' 'M' 'M' 'M' 'M' 'M' 'M' 'M' 'M' 'M' 'M' 'M' 'A']"
200001,0,171,5,166,27,0,0,"['A' 'M' 'M' 'M' 'M' 'U' 'M' 'M' 'M' 'M' 'M' 'U' 'M' 'M' 'M' 'M' 'M' 'M'
 'M' 'M' 'M' 'M' 'M' 'M' 'U' 'M' 'M' 'M' 'M' 'M' 'M' 'M' 'U' 'M' 'M' 'U'
 'U' 'A' 'M' 'U' 'M' 'M' 'M' 'M' 'M' 'M' 'M' 'M' 'M' 'M' 'M' 'M' 'U' 'U'
 'M' 'M' 'M' 'M' 'M' 'M' 'M' 'M' 'M' 'M' 'M' 'U' 'M' 'M' 'M' 'M' 'M' 'U'
 'M' 'M' 'M' 'U' 'M' 'M' 'M' 'M' 'M' 'M' 'M' 'M' 'U' 'M' 'M' 'M' 'M' 'M'
 'U' 'M' 'M' 'M' 'M' 'U' 'U' 'M' 'M' 'M' 'M' 'M' 'M' 'M' 'M' 'U' 'M' 'M'
 'M' 'M' 'M' 'U' 'M' 'M' 'U' 'M' 'M' 'U' 'M' 'M' 'M' 'M' 'M' 'M' 'U' 'M'
 'M' 'A' 'M' 'M' 'M' 'M' 'M' 'M' 'M' 'M' 'M' 'M' 'M' 'M' 'M' 'M' 'M' 'U'
 'M' 'M' 'M' 'M' 'M' 'M' 'M' 'U' 'M' 'M' 'U' 'M' 'M' 'M' 'M' 'M' 'M' 'M'
 'M' 'M' 'U' 'M' 'M' 'M' 'U' 'M' 'M' 'M' 'M' 'M' 'M' 'M' 'M' 'A' 'M' 'M'
 'M' 'M' 'U' 'M' 'M' 'M' 'M' 'M' 'M' 'M' 'M' 'M' 'M' 'M' 'M' 'M' 'M' 'A']"
200101,0,171,6,165,27,0,0,"['A' 'M' 'M' 'M' 'M' 'U' 'M' 'M' 'M' 'M' 'M' 'U' 'M' 'M' 'M' 'M' 'M' 'U'
 'M' 'M' 'M' 'M' 'M' 'M' 'A' 'M' 'U' 'M' 'M' 'M' 'M' 'M' 'U' 'M' 'M' 'U'
 'U' 'A' 'U' 'U' 'M' 'M' 'M' 'M' 'M' 'M' 'M' 'M' 'M' 'M' 'M' 'U' 'U' 'M'
 'M' 'M' 'M' 'M' 'M' 'M' 'M' 'M' 'M' 'M' 'M' 'M' 'M' 'M' 'M' 'M' 'M' 'U'
 'M' 'M' 'M' 'U' 'M' 'M' 'U' 'M' 'U' 'M' 'M' 'M' 'M' 'M' 'M' 'M' 'M' 'M'
 'M' 'M' 'M' 'M' 'U' 'U' 'U' 'M' 'M' 'M' 'M' 'M' 'M' 'M' 'M' 'M' 'M' 'U'
 'M' 'M' 'M' 'U' 'M' 'M' 'U' 'M' 'M' 'M' 'M' 'M' 'M' 'M' 'M' 'M' 'M' 'M'
 'M' 'A' 'M' 'M' 'M' 'M' 'M' 'M' 'M' 'M' 'M' 'M' 'M' 'M' 'M' 'M' 'M' 'U'
 'M' 'M' 'M' 'M' 'M' 'M' 'M' 'M' 'U' 'M' 'U' 'M' 'M' 'M' 'M' 'M' 'M' 'M'
 'M' 'M' 'M' 'M' 'M' 'M' 'U' 'M' 'M' 'M' 'M' 'M' 'M' 'M' 'M' 'A' 'M' 'M'
 'M' 'M' 'U' 'M' 'U' 'M' 'M' 'M' 'M' 'M' 'M' 'M' 'M' 'M' 'M' 'M' 'M' 'A']"
200201,0,171,6,165,27,0,0,"['A' 'M' 'M' 'M' 'M' 'M' 'M' 'M' 'M' 'M' 'M' 'U' 'M' 'M' 'M' 'M' 'M' 'U'
 'M' 'M' 'M' 'M' 'M' 'M' 'A' 'M' 'U' 'M' 'M' 'M' 'M' 'M' 'U' 'M' 'M' 'U'
 'U' 'A' 'U' 'M' 'M' 'M' 'M' 'M' 'M' 'M' 'M' 'M' 'M' 'M' 'M' 'U' 'U' 'M'
 'M' 'M' 'M' 'M' 'M' 'M' 'M' 'M' 'M' 'M' 'M' 'M' 'M' 'M' 'M' 'M' 'U' 'M'
 'U' 'M' 'M' 'M' 'M' 'M' 'M' 'U' 'M' 'M' 'M' 'U' 'M' 'M' 'M' 'M' 'M' 'M'
 'M' 'M' 'U' 'M' 'M' 'U' 'U' 'M' 'U' 'M' 'M' 'M' 'M' 'M' 'M' 'M' 'M' 'U'
 'M' 'M' 'M' 'U' 'M' 'M' 'U' 'M' 'M' 'M' 'M' 'M' 'M' 'M' 'M' 'M' 'M' 'M'
 'M' 'A' 'M' 'M' 'M' 'M' 'M' 'M' 'M' 'M' 'M' 'M' 'M' 'M' 'M' 'M' 'M' 'U'
 'M' 'M' 'M' 'M' 'M' 'M' 'M' 'M' 'U' 'M' 'U' 'M' 'M' 'U' 'M' 'M' 'M' 'M'
 'M' 'M' 'M' 'M' 'M' 'M' 'M' 'M' 'M' 'M' 'M' 'M' 'M' 'M' 'M' 'A' 'M' 'M'
 'M' 'M' 'U' 'M' 'U' 'M' 'M' 'U' 'M' 'M' 'M' 'M' 'M' 'M' 'M' 'M' 'M' 'A']"
200301,0,168,3,165,30,0,0,"['A' 'M' 'M' 'M' 'M' 'M' 'M' 'M' 'M' 'M' 'M' 'M' 'M' 'M' 'M' 'M' 'M' 'U'
 'M' 'M' 'M' 'M' 'M' 'M' 'U' 'M' 'M' 'M' 'M' 'M' 'M' 'M' 'M' 'M' 'M' 'U'
 'M' 'A' 'M' 'M' 'M' 'M' 'M' 'M' 'M' 'M' 'M' 'M' 'M' 'M' 'M' 'U' 'M' 'M'
 'M' 'M' 'M' 'M' 'M' 'M' 'M' 'M' 'A' 'M' 'M' 'U' 'M' 'M' 'M' 'M' 'U' 'M'
 'M' 'M' 'M' 'M' 'M' 'M' 'U' 'M' 'M' 'M' 'M' 'M' 'M' 'U' 'M' 'M' 'U' 'M'
 'M' 'M' 'M' 'M' 'M' 'U' 'U' 'M' 'U' 'M' 'M' 'M' 'U' 'M' 'M' 'M' 'M' 'U'
 'M' 'U' 'M' 'U' 'M' 'M' 'M' 'M' 'M' 'M' 'M' 'M' 'M' 'M' 'M' 'M' 'U' 'M'
 'M' 'M' 'U' 'M' 'M' 'M' 'M' 'M' 'M' 'M' 'M' 'M' 'M' 'M' 'M' 'M' 'M' 'U'
 'M' 'M' 'M' 'M' 'M' 'M' 'U' 'M' 'U' 'M' 'U' 'M' 'M' 'U' 'M' 'M' 'M' 'M'
 'M' 'M' 'U' 'M' 'M' 'M' 'M' 'M' 'U' 'M' 'M' 'M' 'M' 'M' 'M' 'U' 'M' 'M'
 'M' 'M' 'U' 'M' 'U' 'M' 'M' 'U' 'M' 'M' 'M' 'M' 'M' 'M' 'M' 'M' 'M' 'U']"
200401,2,159,3,156,39,0,0,"['A' 'M' 'U' 'M' 'U' 'M' 'M' 'M' 'M' 'M' 'M' 'M' 'M' 'M' 'M' 'M' 'M' 'U'
 'M' 'M' 'M' 'M' 'M' 'M' 'U' 'M' 'M' 'M' 'M' 'M' 'M' 'M' 'M' 'M' 'M' 'U'
 'M' 'A' 'M' 'M' 'M' 'M' 'M' 'M' 'M' 'M' 'M' 'M' 'M' 'M' 'U' 'U' 'U' 'M'
 'M' 'M' 'M' 'M' 'M' 'M' 'M' 'M' 'A' 'M' 'M' 'M' 'M' 'M' 'U' 'M' 'M' 'U'
 'M' 'U' 'M' 'M' 'M' 'M' 'M' 'M' 'M' 'M' 'M' 'U' 'M' 'M' 'M' 'M' 'M' 'M'
 'M' 'M' 'U' 'M' 'M' 'M' 'U' 'M' 'M' 'M' 'M' 'M' 'U' 'M' 'M' 'M' 'M' 'U'
 'M' 'U' 'M' 'U' 'M' 'M' 'M' 'M' 'M' 'M' 'M' 'M' 'M' 'M' 'M' 'M' 'U' 'M'
 'M' 'M' 'U' 'M' 'M' 'U' 'U' 'U' 'U' 'U' 'U' 'U' 'U' 'M' 'M' 'M' 'M' 'U'
 'M' 'M' 'M' 'M' 'M' 'M' 'U' 'M' 'U' 'M' 'M' 'M' 'M' 'U' 'M' 'M' 'M' 'M'
 'M' 'M' 'U' 'M' 'M' 'M' 'M' 'M' 'M' 'M' 'M' 'M' 'M' 'M' 'M' 'M' 'M' 'M'
 'U' 'M' 'U' 'M' 'U' 'M' 'M' 'U' 'M' 'M' 'M' 'M' 'M' 'U' 'M' 'M' 'M' 'U']"
200501,0,168,3,165,30,0,0,"['A' 'M' 'U' 'M' 'U' 'M' 'M' 'M' 'M' 'M' 'M' 'M' 'M' 'M' 'M' 'M' 'M' 'M'
 'M' 'M' 'M' 'M' 'M' 'M' 'M' 'M' 'M' 'M' 'M' 'M' 'M' 'M' 'M' 'M' 'M' 'U'
 'M' 'A' 'M' 'M' 'M' 'M' 'M' 'M' 'M' 'M' 'M' 'M' 'M' 'M' 'M' 'U' 'U' 'U'
 'M' 'M' 'U' 'M' 'M' 'U' 'M' 'M' 'A' 'M' 'M' 'M' 'U' 'M' 'M' 'M' 'M' 'M'
 'U' 'U' 'M' 'M' 'M' 'M' 'M' 'M' 'M' 'U' 'M' 'M' 'M' 'M' 'M' 'M' 'M' 'M'
 'M' 'M' 'M' 'M' 'U' 'M' 'M' 'M' 'M' 'M' 'M' 'M' 'U' 'M' 'M' 'M' 'M' 'U'
 'M' 'U' 'U' 'U' 'M' 'M' 'M' 'M' 'M' 'M' 'M' 'M' 'M' 'M' 'M' 'M' 'U' 'M'
 'M' 'M' 'M' 'M' 'M' 'M' 'U' 'U' 'U' 'U' 'U' 'U' 'M' 'M' 'M' 'M' 'U' 'M'
 'U' 'M' 'M' 'M' 'M' 'M' 'M' 'M' 'M' 'M' 'M' 'M' 'M' 'M' 'M' 'M' 'M' 'M'
 'M' 'M' 'U' 'M' 'M' 'M' 'M' 'M' 'M' 'M' 'M' 'M' 'M' 'M' 'M' 'M' 'M' 'M'
 'M' 'M' 'M' 'M' 'U' 'M' 'M' 'U' 'M' 'M' 'M' 'M' 'M' 'M' 'M' 'M' 'M' 'M']"
200601,0,169,3,166,29,0,0,"['A' 'M' 'U' 'M' 'U' 'M' 'M' 'M' 'M' 'M' 'M' 'M' 'M' 'M' 'M' 'M' 'M' 'M'
 'M' 'M' 'M' 'M' 'M' 'M' 'U' 'M' 'M' 'M' 'M' 'M' 'M' 'M' 'M' 'M' 'M' 'M'
 'M' 'A' 'M' 'M' 'M' 'M' 'M' 'M' 'M' 'M' 'M' 'M' 'M' 'M' 'M' 'M' 'U' 'U'
 'M' 'U' 'U' 'M' 'M' 'U' 'M' 'M' 'A' 'M' 'M' 'M' 'M' 'M' 'M' 'M' 'M' 'M'
 'M' 'M' 'M' 'M' 'M' 'U' 'M' 'M' 'M' 'U' 'M' 'M' 'M' 'M' 'M' 'U' 'U' 'M'
 'M' 'U' 'M' 'M' 'M' 'M' 'M' 'M' 'M' 'M' 'M' 'M' 'U' 'M' 'M' 'M' 'M' 'U'
 'M' 'U' 'U' 'U' 'M' 'M' 'M' 'M' 'M' 'M' 'M' 'M' 'M' 'M' 'M' 'M' 'M' 'M'
 'M' 'M' 'M' 'M' 'M' 'M' 'U' 'U' 'M' 'U' 'U' 'U' 'M' 'M' 'M' 'M' 'U' 'M'
 'U' 'M' 'M' 'M' 'M' 'M' 'U' 'M' 'M' 'M' 'M' 'M' 'M' 'M' 'M' 'M' 'M' 'M'
 'M' 'M' 'U' 'M' 'M' 'M' 'M' 'M' 'M' 'M' 'M' 'M' 'M' 'M' 'M' 'M' 'M' 'M'
 'M' 'M' 'M' 'M' 'U' 'M' 'M' 'U' 'M' 'M' 'M' 'M' 'M' 'M' 'M' 'M' 'M' 'M']"
200701,0,167,3,164,31,0,1,"['A' 'M' 'U' 'M' 'U' 'M' 'M' 'M' 'M' 'M' 'M' 'M' 'M' 'M' 'M' 'M' 'M' 'M'
 'M' 'M' 'M' 'M' 'M' 'M' 'M' 'M' 'M' 'M' 'M' 'M' 'M' 'M' 'M' 'M' 'M' 'M'
 'M' 'U' 'M' 'M' 'M' 'M' 'M' 'M' 'M' 'M' 'M' 'M' 'M' 'M' 'M' 'M' 'U' 'U'
 'M' 'U' 'A' 'M' 'M' 'M' 'M' 'M' 'A' 'M' 'M' 'M' 'M' 'M' 'M' 'M' 'M' 'M'
 'M' 'U' 'M' 'M' 'M' 'M' 'M' 'M' 'U' 'M' 'U' 'M' 'M' 'M' 'U' 'M' 'M' 'U'
 'M' 'M' 'M' 'M' 'M' 'M' 'M' 'M' 'M' 'M' 'M' 'M' 'U' 'U' 'M' 'M' 'M' 'U'
 'M' 'U' 'U' 'U' 'M' 'M' 'M' 'M' 'M' 'M' 'M' 'M' 'M' 'M' 'M' 'M' 'M' 'M'
 'M' 'M' 'U' 'M' 'M' 'M' 'U' 'U' 'U' 'U' 'U' 'U' 'U' 'M' 'M' 'M' 'U' 'M'
 'U' 'M' 'M' 'M' 'M' 'M' 'M' 'M' 'U' 'M' 'M' 'M' 'M' 'M' 'M' 'M' 'M' 'M'
 'M' 'M' 'U' 'M' 'M' 'M' 'M' 'M' 'U' 'M' 'M' 'M' 'M' 'M' 'M' 'M' 'U' 'M'
 'M' 'M' 'M' 'M' 'M' 'M' 'M' 'M' 'M' 'M' 'M' 'M' 'M' 'M' 'M' 'M' 'M' 'M']"
200801,0,169,3,166,29,0,0,"['A' 'M' 'M' 'M' 'U' 'M' 'M' 'M' 'M' 'M' 'M' 'M' 'M' 'M' 'M' 'M' 'M' 'M'
 'M' 'M' 'M' 'M' 'M' 'M' 'M' 'M' 'M' 'M' 'U' 'M' 'M' 'M' 'M' 'M' 'M' 'M'
 'M' 'M' 'M' 'M' 'M' 'M' 'M' 'M' 'M' 'M' 'M' 'M' 'M' 'M' 'M' 'M' 'U' 'M'
 'M' 'U' 'A' 'M' 'M' 'M' 'M' 'M' 'A' 'M' 'M' 'M' 'M' 'M' 'U' 'M' 'M' 'U'
 'M' 'M' 'M' 'M' 'U' 'M' 'U' 'U' 'M' 'M' 'M' 'M' 'M' 'M' 'M' 'M' 'M' 'M'
 'M' 'M' 'M' 'M' 'M' 'M' 'M' 'M' 'M' 'M' 'M' 'M' 'M' 'U' 'M' 'M' 'M' 'M'
 'M' 'U' 'U' 'U' 'U' 'M' 'M' 'U' 'M' 'M' 'M' 'M' 'M' 'M' 'U' 'M' 'M' 'M'
 'M' 'M' 'U' 'M' 'M' 'M' 'M' 'U' 'U' 'U' 'U' 'M' 'U' 'M' 'M' 'M' 'M' 'M'
 'U' 'M' 'M' 'M' 'M' 'M' 'M' 'M' 'U' 'M' 'M' 'U' 'M' 'M' 'M' 'M' 'M' 'M'
 'M' 'M' 'U' 'M' 'M' 'M' 'M' 'M' 'U' 'M' 'M' 'M' 'M' 'M' 'M' 'M' 'U' 'M'
 'M' 'M' 'M' 'M' 'M' 'M' 'U' 'M' 'M' 'M' 'M' 'M' 'M' 'M' 'M' 'M' 'M' 'M']"
200901,1,167,3,164,31,0,0,"['A' 'M' 'M' 'M' 'U' 'M' 'M' 'M' 'M' 'M' 'M' 'M' 'M' 'M' 'M' 'M' 'M' 'M'
 'M' 'M' 'M' 'M' 'M' 'M' 'M' 'M' 'M' 'M' 'U' 'M' 'M' 'M' 'M' 'M' 'M' 'M'
 'M' 'M' 'M' 'M' 'M' 'U' 'M' 'M' 'M' 'M' 'M' 'M' 'M' 'M' 'M' 'M' 'U' 'M'
 'M' 'U' 'A' 'M' 'M' 'M' 'M' 'M' 'A' 'U' 'M' 'M' 'M' 'U' 'M' 'M' 'M' 'U'
 'M' 'M' 'M' 'M' 'M' 'M' 'M' 'M' 'M' 'U' 'M' 'M' 'M' 'M' 'U' 'M' 'M' 'M'
 'M' 'M' 'M' 'M' 'U' 'M' 'M' 'M' 'M' 'M' 'M' 'M' 'M' 'U' 'M' 'M' 'M' 'M'
 'M' 'U' 'U' 'U' 'M' 'M' 'M' 'U' 'M' 'M' 'M' 'M' 'M' 'M' 'U' 'M' 'M' 'M'
 'M' 'M' 'U' 'M' 'M' 'U' 'U' 'U' 'U' 'U' 'M' 'M' 'M' 'M' 'M' 'M' 'M' 'M'
 'U' 'M' 'M' 'M' 'M' 'M' 'M' 'M' 'U' 'M' 'M' 'U' 'M' 'M' 'M' 'M' 'M' 'M'
 'M' 'M' 'U' 'M' 'M' 'M' 'M' 'M' 'U' 'M' 'U' 'M' 'M' 'M' 'M' 'M' 'M' 'M'
 'M' 'M' 'M' 'M' 'M' 'M' 'U' 'M' 'M' 'M' 'M' 'M' 'M' 'M' 'M' 'M' 'M' 'U']"
201001,1,163,4,159,35,0,0,"['A' 'M' 'M' 'M' 'U' 'M' 'M' 'M' 'M' 'M' 'M' 'M' 'M' 'M' 'M' 'M' 'M' 'M'
 'M' 'M' 'U' 'M' 'M' 'M' 'M' 'M' 'M' 'M' 'U' 'M' 'M' 'M' 'M' 'M' 'M' 'M'
 'M' 'M' 'M' 'M' 'M' 'U' 'M' 'M' 'M' 'M' 'M' 'M' 'M' 'M' 'M' 'M' 'U' 'M'
 'M' 'U' 'U' 'M' 'M' 'M' 'M' 'U' 'A' 'U' 'M' 'M' 'M' 'U' 'M' 'M' 'M' 'U'
 'M' 'M' 'M' 'M' 'M' 'M' 'U' 'M' 'M' 'M' 'M' 'M' 'M' 'M' 'M' 'U' 'U' 'M'
 'M' 'M' 'M' 'M' 'M' 'M' 'M' 'M' 'U' 'M' 'M' 'M' 'M' 'M' 'M' 'U' 'M' 'M'
 'M' 'U' 'U' 'U' 'M' 'M' 'M' 'M' 'M' 'M' 'M' 'M' 'M' 'M' 'M' 'M' 'M' 'M'
 'M' 'M' 'U' 'M' 'M' 'M' 'U' 'U' 'U' 'U' 'U' 'U' 'U' 'M' 'M' 'M' 'M' 'M'
 'U' 'M' 'M' 'M' 'M' 'M' 'M' 'M' 'U' 'M' 'M' 'U' 'M' 'M' 'M' 'M' 'M' 'A'
 'M' 'M' 'A' 'M' 'M' 'M' 'M' 'M' 'U' 'M' 'M' 'M' 'M' 'M' 'U' 'M' 'M' 'M'
 'M' 'M' 'M' 'M' 'M' 'M' 'U' 'M' 'M' 'M' 'M' 'M' 'M' 'M' 'M' 'U' 'M' 'U']"
201101,0,158,4,154,40,0,1,"['A' 'M' 'M' 'M' 'M' 'M' 'M' 'M' 'M' 'M' 'M' 'M' 'M' 'M' 'M' 'M' 'M' 'M'
 'M' 'M' 'U' 'M' 'M' 'M' 'M' 'M' 'M' 'M' 'U' 'M' 'M' 'M' 'M' 'M' 'U' 'M'
 'M' 'M' 'M' 'M' 'M' 'U' 'M' 'M' 'M' 'M' 'M' 'M' 'U' 'U' 'M' 'M' 'U' 'M'
 'M' 'M' 'U' 'M' 'U' 'U' 'M' 'U' 'A' 'U' 'M' 'M' 'M' 'M' 'M' 'M' 'M' 'M'
 'M' 'M' 'M' 'U' 'M' 'M' 'U' 'M' 'M' 'M' 'M' 'M' 'M' 'M' 'U' 'M' 'M' 'M'
 'M' 'M' 'M' 'U' 'U' 'M' 'M' 'M' 'U' 'M' 'U' 'M' 'M' 'M' 'M' 'M' 'M' 'M'
 'M' 'U' 'M' 'U' 'M' 'M' 'M' 'M' 'M' 'M' 'M' 'M' 'M' 'U' 'M' 'M' 'M' 'M'
 'M' 'M' 'U' 'M' 'M' 'M' 'M' 'U' 'U' 'U' 'U' 'A' 'U' 'M' 'M' 'M' 'M' 'M'
 'U' 'M' 'M' 'M' 'M' 'M' 'M' 'M' 'U' 'M' 'M' 'U' 'M' 'M' 'U' 'U' 'U' 'A'
 'M' 'M' 'U' 'M' 'M' 'M' 'M' 'U' 'U' 'M' 'M' 'M' 'M' 'M' 'M' 'M' 'M' 'M'
 'M' 'M' 'M' 'M' 'M' 'M' 'U' 'M' 'M' 'M' 'M' 'M' 'M' 'M' 'M' 'U' 'M' 'U']"
201201,0,161,6,155,37,1,0,"['A' 'M' 'M' 'M' 'M' 'M' 'M' 'M' 'M' 'M' 'M' 'M' 'M' 'M' 'U' 'M' 'M' 'M'
 'M' 'M' 'U' 'M' 'M' 'U' 'M' 'M' 'M' 'M' 'M' 'M' 'M' 'M' 'M' 'M' 'M' 'M'
 'M' 'M' 'M' 'M' 'M' 'U' 'M' 'M' 'M' 'M' 'M' 'M' 'U' 'U' 'M' 'M' 'A' 'M'
 'M' 'M' 'A' 'M' 'U' 'U' 'M' 'M' 'A' 'U' 'M' 'U' 'M' 'M' 'M' 'U' 'M' 'M'
 'M' 'M' 'M' 'U' 'M' 'U' 'M' 'U' 'M' 'M' 'M' 'M' 'M' 'M' 'M' 'M' 'M' 'M'
 'M' 'M' 'M' 'M' 'M' 'M' 'M' 'M' 'M' 'M' 'U' 'M' 'M' 'M' 'U' 'M' 'M' 'M'
 'M' 'U' 'M' 'U' 'M' 'M' 'M' 'M' 'M' 'M' 'U' 'M' 'M' 'U' 'M' 'M' 'M' 'M'
 'M' 'M' 'U' 'M' 'U' 'M' 'U' 'M' 'U' 'M' 'M' 'U' 'U' 'M' 'M' 'M' 'M' 'M'
 'A' 'M' 'M' 'M' 'M' 'M' 'M' 'M' 'U' 'M' 'M' 'M' 'M' 'M' 'U' 'M' 'U' 'A'
 'M' 'M' 'U' 'M' 'M' 'M' 'M' 'U' 'U' 'M' 'M' 'M' 'M' 'M' 'M' 'M' 'M' 'U'
 'U' 'M' 'M' 'M' 'M' 'M' 'U' 'M' 'M' 'M' 'M' 'M' 'M' 'M' 'M' 'U' 'M' 'U']"
201301,0,163,5,158,35,0,0,"['A' 'M' 'M' 'M' 'M' 'M' 'M' 'M' 'M' 'M' 'M' 'M' 'M' 'M' 'M' 'M' 'M' 'M'
 'M' 'M' 'U' 'M' 'M' 'M' 'M' 'M' 'M' 'M' 'M' 'M' 'M' 'M' 'M' 'M' 'M' 'M'
 'M' 'M' 'M' 'M' 'M' 'U' 'M' 'M' 'M' 'M' 'M' 'M' 'M' 'U' 'M' 'M' 'A' 'M'
 'M' 'M' 'A' 'M' 'U' 'U' 'M' 'M' 'A' 'M' 'M' 'M' 'M' 'M' 'M' 'M' 'M' 'M'
 'M' 'U' 'U' 'M' 'M' 'M' 'M' 'M' 'M' 'M' 'M' 'M' 'M' 'U' 'M' 'M' 'U' 'M'
 'M' 'U' 'M' 'M' 'M' 'M' 'M' 'M' 'M' 'M' 'M' 'M' 'M' 'M' 'U' 'M' 'M' 'M'
 'M' 'U' 'M' 'M' 'U' 'M' 'M' 'M' 'M' 'M' 'M' 'M' 'M' 'U' 'M' 'M' 'U' 'M'
 'M' 'M' 'U' 'M' 'U' 'M' 'U' 'M' 'U' 'M' 'M' 'U' 'U' 'M' 'M' 'U' 'M' 'M'
 'A' 'U' 'M' 'M' 'M' 'M' 'M' 'M' 'M' 'M' 'M' 'M' 'M' 'U' 'U' 'U' 'M' 'U'
 'M' 'M' 'U' 'M' 'M' 'M' 'M' 'U' 'U' 'M' 'M' 'M' 'M' 'M' 'M' 'M' 'M' 'U'
 'U' 'M' 'M' 'M' 'M' 'M' 'M' 'M' 'M' 'M' 'M' 'U' 'M' 'M' 'U' 'M' 'M' 'U']"
201401,0,158,3,155,40,0,0,"['A' 'M' 'U' 'M' 'M' 'M' 'M' 'M' 'M' 'M' 'M' 'M' 'M' 'M' 'M' 'M' 'M' 'U'
 'M' 'M' 'U' 'M' 'M' 'M' 'M' 'M' 'M' 'M' 'M' 'M' 'M' 'U' 'M' 'M' 'M' 'M'
 'M' 'U' 'M' 'M' 'M' 'U' 'M' 'M' 'M' 'M' 'M' 'M' 'M' 'M' 'U' 'M' 'A' 'M'
 'M' 'M' 'U' 'M' 'U' 'U' 'M' 'M' 'A' 'M' 'M' 'M' 'M' 'M' 'M' 'U' 'M' 'M'
 'U' 'M' 'M' 'M' 'M' 'M' 'U' 'M' 'M' 'M' 'M' 'U' 'U' 'M' 'M' 'M' 'M' 'M'
 'M' 'M' 'M' 'M' 'M' 'M' 'M' 'M' 'M' 'M' 'M' 'M' 'M' 'M' 'U' 'M' 'M' 'M'
 'M' 'U' 'M' 'M' 'U' 'M' 'M' 'M' 'M' 'M' 'M' 'M' 'M' 'U' 'M' 'M' 'U' 'M'
 'M' 'M' 'U' 'M' 'U' 'M' 'U' 'M' 'U' 'M' 'M' 'U' 'U' 'M' 'M' 'M' 'M' 'M'
 'U' 'M' 'M' 'M' 'M' 'M' 'U' 'M' 'M' 'M' 'M' 'M' 'M' 'U' 'U' 'U' 'M' 'M'
 'M' 'M' 'U' 'M' 'M' 'M' 'M' 'M' 'M' 'M' 'M' 'M' 'M' 'U' 'U' 'U' 'M' 'U'
 'U' 'M' 'M' 'M' 'M' 'M' 'M' 'M' 'M' 'M' 'M' 'U' 'M' 'M' 'U' 'M' 'M' 'U']"
201501,0,164,3,161,34,0,0,"['A' 'M' 'U' 'M' 'M' 'M' 'M' 'M' 'M' 'M' 'M' 'M' 'M' 'M' 'M' 'M' 'M' 'U'
 'M' 'M' 'U' 'M' 'M' 'M' 'M' 'M' 'M' 'M' 'M' 'M' 'M' 'M' 'M' 'M' 'M' 'M'
 'M' 'U' 'M' 'M' 'M' 'M' 'M' 'M' 'M' 'M' 'M' 'M' 'M' 'M' 'U' 'M' 'A' 'M'
 'M' 'M' 'U' 'M' 'U' 'U' 'M' 'M' 'A' 'M' 'M' 'M' 'M' 'M' 'M' 'M' 'U' 'M'
 'M' 'M' 'M' 'M' 'M' 'M' 'M' 'M' 'M' 'M' 'M' 'M' 'M' 'M' 'U' 'M' 'M' 'M'
 'U' 'U' 'U' 'M' 'M' 'M' 'M' 'M' 'M' 'M' 'M' 'M' 'M' 'M' 'U' 'M' 'M' 'M'
 'M' 'M' 'M' 'M' 'U' 'M' 'M' 'M' 'M' 'M' 'M' 'U' 'M' 'U' 'M' 'U' 'U' 'M'
 'M' 'M' 'U' 'M' 'M' 'M' 'U' 'M' 'U' 'M' 'M' 'U' 'M' 'M' 'M' 'M' 'M' 'M'
 'M' 'M' 'M' 'M' 'M' 'M' 'M' 'M' 'M' 'M' 'M' 'M' 'M' 'U' 'U' 'M' 'M' 'M'
 'M' 'M' 'U' 'M' 'U' 'M' 'M' 'M' 'M' 'M' 'M' 'M' 'M' 'U' 'U' 'U' 'M' 'M'
 'U' 'M' 'M' 'M' 'M' 'M' 'M' 'U' 'M' 'M' 'M' 'U' 'M' 'M' 'M' 'M' 'M' 'U']"
201601,0,164,3,161,34,0,0,"['A' 'U' 'U' 'M' 'M' 'M' 'M' 'M' 'M' 'M' 'U' 'M' 'M' 'M' 'M' 'M' 'M' 'U'
 'M' 'M' 'M' 'M' 'M' 'M' 'M' 'M' 'M' 'M' 'M' 'M' 'M' 'M' 'M' 'M' 'M' 'M'
 'M' 'U' 'M' 'M' 'M' 'M' 'M' 'M' 'M' 'M' 'M' 'M' 'M' 'M' 'U' 'M' 'A' 'M'
 'M' 'M' 'U' 'M' 'U' 'U' 'M' 'M' 'A' 'M' 'M' 'U' 'M' 'M' 'M' 'M' 'M' 'M'
 'M' 'M' 'M' 'M' 'U' 'M' 'M' 'M' 'M' 'M' 'M' 'U' 'U' 'M' 'M' 'M' 'M' 'M'
 'M' 'U' 'M' 'M' 'M' 'M' 'M' 'M' 'M' 'M' 'M' 'M' 'M' 'M' 'U' 'M' 'M' 'M'
 'M' 'M' 'M' 'M' 'U' 'M' 'M' 'M' 'M' 'M' 'M' 'M' 'M' 'U' 'M' 'U' 'M' 'M'
 'M' 'M' 'U' 'M' 'M' 'M' 'U' 'M' 'U' 'M' 'M' 'U' 'M' 'M' 'M' 'M' 'U' 'M'
 'M' 'M' 'M' 'M' 'M' 'M' 'M' 'M' 'M' 'U' 'M' 'M' 'M' 'U' 'U' 'M' 'M' 'M'
 'M' 'M' 'U' 'M' 'M' 'M' 'M' 'M' 'M' 'U' 'M' 'M' 'M' 'U' 'U' 'M' 'M' 'M'
 'M' 'M' 'M' 'M' 'M' 'U' 'M' 'U' 'M' 'M' 'M' 'U' 'M' 'M' 'M' 'M' 'M' 'U']"
201701,0,161,4,157,37,0,0,"['A' 'M' 'U' 'M' 'M' 'M' 'M' 'M' 'M' 'M' 'U' 'M' 'M' 'M' 'M' 'M' 'M' 'U'
 'M' 'M' 'M' 'M' 'M' 'M' 'M' 'M' 'M' 'M' 'M' 'U' 'M' 'M' 'M' 'M' 'M' 'M'
 'M' 'M' 'M' 'M' 'M' 'M' 'M' 'M' 'M' 'M' 'M' 'M' 'M' 'M' 'U' 'M' 'A' 'M'
 'M' 'M' 'U' 'M' 'M' 'U' 'M' 'M' 'A' 'M' 'M' 'M' 'U' 'M' 'M' 'U' 'U' 'M'
 'M' 'M' 'M' 'M' 'M' 'M' 'U' 'M' 'M' 'M' 'M' 'M' 'M' 'M' 'M' 'M' 'M' 'U'
 'M' 'M' 'M' 'M' 'M' 'M' 'M' 'M' 'M' 'M' 'M' 'M' 'M' 'M' 'M' 'M' 'M' 'M'
 'M' 'M' 'M' 'M' 'U' 'M' 'M' 'M' 'M' 'M' 'M' 'M' 'M' 'U' 'M' 'U' 'M' 'M'
 'M' 'M' 'U' 'M' 'M' 'M' 'U' 'U' 'U' 'U' 'M' 'U' 'U' 'U' 'U' 'M' 'U' 'M'
 'M' 'M' 'M' 'M' 'M' 'M' 'U' 'M' 'M' 'U' 'M' 'M' 'M' 'M' 'U' 'U' 'M' 'M'
 'M' 'M' 'U' 'M' 'M' 'U' 'M' 'M' 'M' 'U' 'M' 'M' 'M' 'A' 'M' 'M' 'M' 'M'
 'M' 'M' 'M' 'M' 'M' 'U' 'M' 'U' 'U' 'M' 'M' 'M' 'M' 'M' 'M' 'M' 'U' 'U']"
201801,1,165,5,160,33,0,1,"['A' 'M' 'M' 'M' 'M' 'M' 'U' 'M' 'M' 'M' 'U' 'M' 'M' 'M' 'M' 'M' 'M' 'U'
 'M' 'M' 'M' 'M' 'M' 'M' 'M' 'M' 'M' 'M' 'M' 'U' 'M' 'M' 'M' 'M' 'M' 'M'
 'M' 'M' 'M' 'M' 'M' 'M' 'M' 'M' 'M' 'M' 'M' 'M' 'U' 'M' 'U' 'M' 'M' 'M'
 'M' 'M' 'U' 'M' 'M' 'U' 'M' 'U' 'A' 'M' 'M' 'M' 'M' 'M' 'M' 'M' 'U' 'U'
 'M' 'U' 'M' 'M' 'M' 'M' 'M' 'M' 'M' 'M' 'M' 'M' 'M' 'M' 'U' 'M' 'M' 'M'
 'M' 'M' 'U' 'M' 'M' 'M' 'M' 'M' 'M' 'M' 'M' 'M' 'M' 'M' 'M' 'M' 'M' 'M'
 'M' 'M' 'M' 'M' 'U' 'M' 'M' 'M' 'M' 'M' 'M' 'M' 'M' 'A' 'M' 'U' 'M' 'M'
 'M' 'M' 'U' 'U' 'M' 'M' 'U' 'U' 'A' 'U' 'M' 'U' 'M' 'U' 'U' 'M' 'M' 'M'
 'M' 'M' 'M' 'M' 'M' 'M' 'U' 'M' 'M' 'U' 'M' 'M' 'M' 'M' 'U' 'U' 'M' 'M'
 'M' 'M' 'U' 'M' 'M' 'M' 'M' 'M' 'M' 'U' 'M' 'M' 'M' 'A' 'M' 'M' 'M' 'M'
 'M' 'M' 'M' 'M' 'M' 'U' 'M' 'M' 'U' 'M' 'M' 'M' 'M' 'M' 'M' 'M' 'M' 'U']"
201901,0,161,6,155,37,0,0,"['A' 'M' 'M' 'M' 'M' 'M' 'U' 'M' 'M' 'M' 'A' 'M' 'M' 'M' 'M' 'U' 'M' 'U'
 'M' 'M' 'M' 'M' 'M' 'M' 'M' 'M' 'M' 'M' 'M' 'U' 'M' 'M' 'U' 'M' 'M' 'M'
 'M' 'M' 'M' 'M' 'M' 'M' 'M' 'M' 'M' 'M' 'M' 'M' 'M' 'M' 'U' 'M' 'M' 'M'
 'M' 'M' 'U' 'M' 'M' 'U' 'M' 'M' 'A' 'M' 'M' 'M' 'M' 'M' 'M' 'M' 'M' 'M'
 'U' 'M' 'M' 'M' 'M' 'M' 'M' 'M' 'M' 'M' 'U' 'M' 'M' 'M' 'M' 'M' 'M' 'M'
 'M' 'U' 'U' 'U' 'M' 'M' 'M' 'M' 'M' 'M' 'M' 'M' 'M' 'M' 'M' 'M' 'M' 'M'
 'U' 'M' 'M' 'M' 'U' 'U' 'M' 'M' 'M' 'M' 'M' 'M' 'M' 'A' 'M' 'U' 'M' 'M'
 'M' 'M' 'U' 'U' 'U' 'M' 'U' 'U' 'A' 'U' 'U' 'U' 'M' 'U' 'U' 'M' 'M' 'M'
 'M' 'M' 'M' 'M' 'M' 'M' 'U' 'M' 'M' 'U' 'M' 'M' 'M' 'M' 'U' 'U' 'M' 'M'
 'M' 'U' 'U' 'M' 'M' 'M' 'M' 'M' 'M' 'U' 'M' 'M' 'M' 'U' 'M' 'M' 'M' 'M'
 'M' 'M' 'M' 'M' 'M' 'U' 'U' 'M' 'M' 'M' 'M' 'M' 'M' 'M' 'M' 'M' 'M' 'A']"
202001,0,158,6,152,40,0,0,"['A' 'M' 'M' 'M' 'M' 'M' 'U' 'M' 'M' 'M' 'A' 'M' 'M' 'M' 'M' 'U' 'M' 'U'
 'M' 'M' 'M' 'M' 'M' 'U' 'M' 'M' 'M' 'M' 'M' 'U' 'M' 'M' 'U' 'M' 'M' 'M'
 'M' 'M' 'M' 'M' 'M' 'M' 'M' 'M' 'M' 'M' 'M' 'M' 'M' 'U' 'U' 'M' 'M' 'M'
 'M' 'M' 'U' 'M' 'M' 'U' 'U' 'M' 'A' 'M' 'M' 'M' 'M' 'M' 'M' 'M' 'M' 'M'
 'M' 'U' 'M' 'M' 'M' 'U' 'M' 'M' 'M' 'M' 'M' 'M' 'M' 'M' 'M' 'M' 'U' 'U'
 'U' 'M' 'M' 'M' 'M' 'M' 'M' 'M' 'M' 'M' 'M' 'M' 'M' 'M' 'M' 'M' 'M' 'M'
 'U' 'M' 'M' 'M' 'U' 'U' 'M' 'M' 'U' 'M' 'M' 'M' 'M' 'A' 'M' 'U' 'M' 'M'
 'M' 'M' 'U' 'M' 'U' 'U' 'U' 'M' 'A' 'M' 'M' 'M' 'U' 'U' 'U' 'M' 'M' 'U'
 'M' 'M' 'M' 'M' 'M' 'M' 'M' 'M' 'M' 'U' 'M' 'M' 'M' 'M' 'M' 'U' 'M' 'U'
 'M' 'U' 'U' 'M' 'M' 'M' 'M' 'M' 'M' 'U' 'M' 'M' 'M' 'U' 'M' 'M' 'M' 'M'
 'M' 'M' 'M' 'M' 'M' 'U' 'U' 'M' 'M' 'M' 'M' 'M' 'U' 'U' 'M' 'M' 'M' 'A']"
202101,0,161,5,156,37,1,0,"['A' 'U' 'M' 'M' 'M' 'M' 'U' 'M' 'M' 'M' 'A' 'M' 'M' 'M' 'M' 'M' 'M' 'A'
 'M' 'M' 'M' 'M' 'M' 'U' 'M' 'M' 'M' 'M' 'M' 'U' 'M' 'M' 'M' 'M' 'M' 'M'
 'M' 'M' 'M' 'M' 'M' 'M' 'M' 'M' 'M' 'M' 'M' 'M' 'M' 'U' 'M' 'M' 'M' 'M'
 'M' 'M' 'U' 'M' 'M' 'U' 'U' 'M' 'A' 'M' 'M' 'U' 'M' 'U' 'M' 'M' 'M' 'M'
 'M' 'M' 'M' 'M' 'M' 'M' 'M' 'M' 'U' 'M' 'M' 'M' 'U' 'M' 'M' 'U' 'M' 'M'
 'M' 'M' 'M' 'M' 'M' 'M' 'M' 'M' 'M' 'M' 'M' 'M' 'M' 'M' 'M' 'M' 'U' 'M'
 'U' 'M' 'M' 'M' 'U' 'M' 'M' 'M' 'U' 'M' 'M' 'M' 'M' 'A' 'M' 'M' 'M' 'M'
 'M' 'M' 'U' 'M' 'U' 'U' 'M' 'M' 'U' 'M' 'M' 'M' 'U' 'M' 'U' 'M' 'M' 'U'
 'M' 'M' 'U' 'M' 'M' 'M' 'M' 'M' 'M' 'U' 'M' 'M' 'M' 'M' 'M' 'U' 'M' 'U'
 'M' 'U' 'U' 'M' 'M' 'M' 'M' 'M' 'M' 'U' 'M' 'M' 'M' 'U' 'M' 'M' 'M' 'M'
 'M' 'M' 'M' 'M' 'U' 'M' 'U' 'U' 'M' 'M' 'M' 'M' 'U' 'U' 'M' 'M' 'M' 'M']"
202201,0,159,2,157,39,0,0,"['A' 'U' 'M' 'M' 'M' 'M' 'U' 'M' 'M' 'M' 'U' 'M' 'M' 'M' 'M' 'M' 'M' 'U'
 'M' 'M' 'M' 'M' 'M' 'U' 'M' 'M' 'M' 'M' 'M' 'U' 'M' 'M' 'M' 'M' 'M' 'M'
 'M' 'M' 'M' 'M' 'M' 'M' 'M' 'M' 'M' 'M' 'M' 'M' 'M' 'U' 'M' 'M' 'U' 'M'
 'M' 'M' 'U' 'M' 'M' 'M' 'U' 'M' 'A' 'M' 'M' 'M' 'M' 'U' 'M' 'M' 'U' 'U'
 'M' 'M' 'M' 'M' 'U' 'M' 'M' 'M' 'M' 'M' 'U' 'M' 'M' 'M' 'M' 'M' 'M' 'M'
 'M' 'M' 'M' 'M' 'M' 'M' 'M' 'M' 'M' 'M' 'M' 'M' 'M' 'M' 'M' 'M' 'M' 'M'
 'M' 'M' 'M' 'M' 'U' 'M' 'M' 'M' 'M' 'M' 'M' 'M' 'M' 'U' 'M' 'M' 'M' 'U'
 'M' 'M' 'U' 'M' 'M' 'U' 'U' 'U' 'M' 'U' 'U' 'U' 'U' 'M' 'U' 'M' 'M' 'M'
 'M' 'M' 'U' 'M' 'M' 'M' 'M' 'M' 'M' 'U' 'M' 'M' 'M' 'M' 'M' 'U' 'M' 'M'
 'M' 'U' 'M' 'U' 'M' 'M' 'M' 'M' 'M' 'U' 'M' 'U' 'M' 'U' 'M' 'M' 'M' 'M'
 'M' 'M' 'M' 'M' 'U' 'M' 'U' 'U' 'M' 'M' 'M' 'M' 'M' 'U' 'M' 'M' 'M' 'M']"
202301,0,167,2,165,31,1,0,"['A' 'M' 'M' 'M' 'M' 'M' 'U' 'M' 'M' 'M' 'M' 'M' 'M' 'M' 'M' 'M' 'M' 'M'
 'M' 'M' 'M' 'M' 'M' 'U' 'M' 'M' 'M' 'M' 'M' 'U' 'M' 'M' 'M' 'M' 'M' 'M'
 'M' 'M' 'M' 'M' 'M' 'M' 'M' 'M' 'M' 'M' 'M' 'M' 'M' 'U' 'M' 'M' 'U' 'M'
 'M' 'M' 'U' 'M' 'M' 'M' 'M' 'M' 'A' 'U' 'M' 'M' 'M' 'M' 'M' 'M' 'M' 'M'
 'M' 'U' 'M' 'M' 'M' 'U' 'M' 'M' 'M' 'M' 'M' 'M' 'M' 'M' 'M' 'U' 'M' 'U'
 'M' 'U' 'M' 'M' 'M' 'M' 'M' 'M' 'M' 'M' 'U' 'M' 'M' 'M' 'M' 'M' 'M' 'M'
 'M' 'M' 'M' 'M' 'U' 'M' 'U' 'M' 'M' 'M' 'M' 'M' 'M' 'M' 'M' 'M' 'M' 'M'
 'M' 'M' 'M' 'U' 'M' 'U' 'U' 'M' 'M' 'M' 'M' 'M' 'U' 'M' 'U' 'U' 'M' 'U'
 'M' 'M' 'U' 'M' 'M' 'M' 'M' 'M' 'M' 'U' 'M' 'M' 'M' 'M' 'M' 'U' 'M' 'M'
 'M' 'U' 'M' 'U' 'M' 'M' 'M' 'M' 'M' 'U' 'M' 'U' 'M' 'U' 'M' 'M' 'M' 'M'
 'M' 'M' 'M' 'M' 'M' 'M' 'M' 'U' 'M' 'M' 'M' 'M' 'M' 'M' 'M' 'M' 'M' 'M']"
202401,0,161,1,160,37,0,0,"['A' 'M' 'M' 'M' 'M' 'M' 'U' 'M' 'M' 'M' 'M' 'M' 'M' 'M' 'M' 'U' 'M' 'M'
 'M' 'M' 'M' 'M' 'U' 'U' 'M' 'M' 'M' 'M' 'M' 'U' 'M' 'M' 'M' 'M' 'M' 'M'
 'M' 'M' 'M' 'M' 'M' 'M' 'M' 'M' 'M' 'M' 'M' 'U' 'M' 'U' 'M' 'M' 'U' 'M'
 'M' 'M' 'U' 'M' 'M' 'M' 'M' 'M' 'M' 'U' 'M' 'U' 'M' 'M' 'M' 'M' 'M' 'M'
 'M' 'U' 'M' 'M' 'M' 'M' 'M' 'M' 'M' 'M' 'M' 'M' 'M' 'U' 'M' 'M' 'M' 'U'
 'M' 'M' 'U' 'M' 'M' 'M' 'M' 'M' 'M' 'M' 'U' 'U' 'M' 'M' 'M' 'M' 'M' 'M'
 'M' 'M' 'M' 'M' 'M' 'M' 'U' 'M' 'M' 'M' 'M' 'M' 'M' 'M' 'M' 'M' 'M' 'M'
 'M' 'M' 'M' 'U' 'M' 'U' 'U' 'M' 'U' 'U' 'U' 'U' 'U' 'M' 'U' 'U' 'M' 'M'
 'M' 'M' 'M' 'M' 'M' 'M' 'M' 'M' 'U' 'U' 'M' 'M' 'M' 'M' 'U' 'M' 'M' 'M'
 'M' 'U' 'M' 'U' 'M' 'M' 'M' 'M' 'M' 'U' 'M' 'U' 'M' 'U' 'M' 'M' 'M' 'M'
 'M' 'M' 'M' 'M' 'M' 'M' 'M' 'U' 'M' 'M' 'M' 'M' 'M' 'M' 'M' 'M' 'M' 'M']"
202501,0,163,3,160,35,0,1,"['A' 'M' 'M' 'M' 'M' 'M' 'U' 'M' 'M' 'M' 'M' 'M' 'M' 'M' 'M' 'M' 'M' 'M'
 'U' 'M' 'M' 'M' 'U' 'M' 'M' 'M' 'M' 'M' 'M' 'M' 'M' 'M' 'M' 'U' 'M' 'M'
 'M' 'M' 'M' 'M' 'M' 'M' 'U' 'M' 'M' 'M' 'M' 'U' 'M' 'M' 'M' 'M' 'U' 'M'
 'M' 'M' 'U' 'M' 'M' 'M' 'M' 'M' 'M' 'U' 'M' 'M' 'M' 'U' 'M' 'U' 'M' 'U'
 'M' 'M' 'M' 'M' 'M' 'M' 'M' 'M' 'M' 'M' 'U' 'M' 'M' 'M' 'U' 'M' 'M' 'M'
 'M' 'M' 'M' 'M' 'M' 'M' 'M' 'M' 'M' 'M' 'U' 'M' 'M' 'M' 'M' 'M' 'U' 'M'
 'M' 'M' 'M' 'M' 'M' 'M' 'M' 'M' 'M' 'M' 'M' 'M' 'M' 'M' 'M' 'M' 'M' 'M'
 'M' 'M' 'M' 'A' 'M' 'U' 'U' 'M' 'M' 'M' 'A' 'U' 'M' 'M' 'U' 'U' 'M' 'M'
 'M' 'M' 'M' 'M' 'U' 'M' 'M' 'M' 'U' 'U' 'M' 'M' 'U' 'M' 'U' 'M' 'M' 'M'
 'M' 'U' 'M' 'M' 'M' 'M' 'M' 'M' 'M' 'U' 'M' 'U' 'M' 'U' 'M' 'M' 'U' 'M'
 'M' 'M' 'M' 'M' 'M' 'M' 'M' 'U' 'M' 'M' 'M' 'M' 'U' 'M' 'M' 'U' 'M' 'U']"
202601,0,161,6,155,37,0,0,"['A' 'A' 'M' 'M' 'U' 'M' 'U' 'M' 'M' 'M' 'M' 'M' 'M' 'M' 'U' 'M' 'M' 'M'
 'M' 'U' 'A' 'M' 'U' 'M' 'M' 'M' 'U' 'M' 'M' 'U' 'M' 'M' 'M' 'M' 'M' 'M'
 'M' 'M' 'M' 'M' 'M' 'M' 'U' 'M' 'M' 'M' 'M' 'M' 'M' 'M' 'M' 'M' 'M' 'M'
 'M' 'M' 'U' 'M' 'M' 'M' 'M' 'M' 'M' 'U' 'M' 'M' 'M' 'M' 'M' 'U' 'M' 'U'
 'M' 'M' 'M' 'M' 'M' 'M' 'M' 'M' 'M' 'M' 'M' 'M' 'M' 'M' 'M' 'M' 'U' 'U'
 'M' 'M' 'M' 'U' 'M' 'M' 'M' 'M' 'M' 'M' 'U' 'M' 'M' 'M' 'M' 'M' 'U' 'M'
 'M' 'M' 'M' 'M' 'M' 'M' 'M' 'M' 'M' 'M' 'U' 'M' 'M' 'M' 'M' 'M' 'M' 'M'
 'M' 'M' 'M' 'A' 'M' 'U' 'U' 'U' 'M' 'U' 'A' 'U' 'U' 'M' 'U' 'M' 'M' 'M'
 'M' 'M' 'M' 'M' 'M' 'M' 'M' 'M' 'U' 'A' 'M' 'M' 'U' 'M' 'U' 'M' 'M' 'M'
 'M' 'U' 'M' 'M' 'M' 'M' 'M' 'M' 'M' 'U' 'M' 'U' 'M' 'U' 'M' 'M' 'U' 'M'
 'M' 'M' 'M' 'M' 'M' 'M' 'M' 'U' 'M' 'M' 'M' 'M' 'U' 'M' 'M' 'U' 'M' 'U']"
202701,0,156,4,152,42,0,0,"['A' 'A' 'M' 'M' 'U' 'M' 'U' 'M' 'U' 'M' 'M' 'M' 'M' 'M' 'U' 'M' 'M' 'M'
 'M' 'U' 'A' 'M' 'U' 'M' 'M' 'M' 'U' 'M' 'U' 'U' 'M' 'M' 'M' 'M' 'M' 'M'
 'M' 'M' 'M' 'M' 'M' 'M' 'U' 'M' 'M' 'M' 'M' 'M' 'M' 'M' 'M' 'M' 'M' 'M'
 'M' 'M' 'M' 'M' 'M' 'M' 'M' 'M' 'U' 'M' 'M' 'M' 'U' 'M' 'M' 'M' 'M' 'M'
 'M' 'M' 'U' 'M' 'M' 'M' 'M' 'U' 'M' 'M' 'M' 'M' 'M' 'M' 'M' 'M' 'M' 'U'
 'M' 'M' 'M' 'U' 'M' 'M' 'M' 'M' 'M' 'U' 'U' 'M' 'M' 'M' 'M' 'M' 'U' 'M'
 'M' 'M' 'M' 'M' 'M' 'M' 'M' 'M' 'M' 'M' 'U' 'M' 'M' 'M' 'M' 'M' 'M' 'M'
 'M' 'M' 'M' 'U' 'M' 'U' 'M' 'U' 'U' 'M' 'U' 'U' 'U' 'M' 'U' 'M' 'U' 'M'
 'M' 'M' 'M' 'M' 'M' 'M' 'M' 'M' 'U' 'A' 'M' 'M' 'U' 'M' 'U' 'M' 'M' 'M'
 'M' 'U' 'M' 'M' 'M' 'M' 'M' 'M' 'M' 'M' 'M' 'U' 'M' 'M' 'M' 'U' 'U' 'M'
 'M' 'M' 'M' 'M' 'M' 'M' 'M' 'U' 'M' 'M' 'M' 'U' 'U' 'U' 'M' 'U' 'M' 'U']"
202801,0,155,4,151,43,0,0,"['A' 'A' 'M' 'M' 'M' 'M' 'M' 'M' 'U' 'M' 'M' 'M' 'M' 'M' 'U' 'U' 'M' 'M'
 'M' 'U' 'A' 'M' 'U' 'M' 'M' 'M' 'U' 'M' 'U' 'U' 'U' 'M' 'M' 'M' 'M' 'M'
 'M' 'M' 'M' 'M' 'M' 'M' 'U' 'M' 'M' 'M' 'M' 'M' 'M' 'M' 'M' 'M' 'M' 'M'
 'M' 'M' 'M' 'M' 'M' 'M' 'M' 'M' 'U' 'M' 'M' 'M' 'M' 'M' 'M' 'M' 'M' 'U'
 'U' 'M' 'M' 'U' 'M' 'M' 'M' 'U' 'M' 'M' 'M' 'M' 'M' 'U' 'M' 'M' 'M' 'M'
 'M' 'M' 'M' 'M' 'M' 'M' 'M' 'M' 'M' 'U' 'U' 'M' 'M' 'M' 'M' 'M' 'U' 'M'
 'M' 'M' 'M' 'M' 'M' 'M' 'M' 'M' 'U' 'M' 'U' 'M' 'M' 'M' 'M' 'M' 'M' 'M'
 'M' 'M' 'M' 'U' 'M' 'U' 'U' 'U' 'U' 'U' 'U' 'U' 'U' 'M' 'U' 'M' 'M' 'M'
 'M' 'M' 'M' 'M' 'M' 'M' 'M' 'M' 'U' 'U' 'M' 'U' 'U' 'M' 'U' 'U' 'M' 'M'
 'M' 'M' 'M' 'M' 'M' 'M' 'M' 'M' 'M' 'M' 'M' 'M' 'M' 'M' 'M' 'U' 'U' 'M'
 'M' 'M' 'M' 'M' 'M' 'M' 'M' 'U' 'M' 'M' 'M' 'U' 'M' 'A' 'M' 'U' 'M' 'U']"
202901,0,155,4,151,43,0,0,"['A' 'A' 'M' 'M' 'M' 'M' 'M' 'M' 'U' 'M' 'M' 'M' 'M' 'M' 'U' 'M' 'M' 'M'
 'M' 'U' 'U' 'M' 'U' 'M' 'M' 'M' 'U' 'M' 'U' 'U' 'U' 'M' 'M' 'M' 'M' 'M'
 'M' 'M' 'M' 'M' 'M' 'M' 'U' 'M' 'M' 'M' 'M' 'M' 'M' 'M' 'M' 'M' 'M' 'M'
 'M' 'M' 'M' 'M' 'M' 'M' 'M' 'M' 'U' 'M' 'M' 'M' 'M' 'M' 'M' 'M' 'M' 'M'
 'M' 'U' 'M' 'M' 'M' 'U' 'M' 'M' 'M' 'M' 'U' 'M' 'U' 'M' 'M' 'M' 'U' 'M'
 'M' 'M' 'M' 'M' 'M' 'U' 'M' 'M' 'M' 'U' 'U' 'M' 'M' 'M' 'M' 'M' 'U' 'M'
 'M' 'M' 'M' 'M' 'M' 'M' 'M' 'M' 'U' 'M' 'U' 'M' 'M' 'U' 'M' 'M' 'M' 'M'
 'M' 'M' 'M' 'M' 'M' 'U' 'U' 'M' 'U' 'U' 'U' 'U' 'U' 'M' 'U' 'M' 'M' 'M'
 'M' 'M' 'M' 'M' 'M' 'U' 'M' 'M' 'U' 'M' 'M' 'M' 'U' 'U' 'U' 'A' 'M' 'M'
 'M' 'M' 'M' 'M' 'M' 'M' 'M' 'M' 'M' 'M' 'M' 'M' 'M' 'U' 'M' 'U' 'U' 'M'
 'M' 'M' 'M' 'M' 'M' 'M' 'M' 'U' 'M' 'M' 'M' 'U' 'M' 'A' 'M' 'U' 'M' 'U']"
203001,0,165,5,160,33,1,0,"['A' 'A' 'M' 'M' 'M' 'M' 'M' 'M' 'M' 'M' 'M' 'M' 'M' 'M' 'M' 'M' 'M' 'M'
 'M' 'A' 'U' 'M' 'M' 'M' 'M' 'M' 'U' 'M' 'M' 'U' 'U' 'M' 'M' 'M' 'M' 'M'
 'M' 'M' 'M' 'M' 'M' 'U' 'U' 'M' 'M' 'M' 'U' 'M' 'M' 'M' 'U' 'M' 'M' 'M'
 'M' 'M' 'M' 'M' 'M' 'M' 'M' 'M' 'U' 'M' 'M' 'M' 'M' 'M' 'M' 'M' 'M' 'M'
 'M' 'U' 'U' 'M' 'M' 'M' 'M' 'M' 'M' 'U' 'M' 'M' 'M' 'M' 'M' 'M' 'M' 'M'
 'U' 'U' 'M' 'M' 'M' 'U' 'M' 'M' 'M' 'M' 'U' 'M' 'M' 'M' 'M' 'M' 'U' 'M'
 'M' 'M' 'M' 'M' 'M' 'M' 'M' 'M' 'M' 'M' 'M' 'M' 'M' 'M' 'M' 'M' 'M' 'M'
 'M' 'M' 'M' 'M' 'M' 'U' 'U' 'U' 'U' 'M' 'M' 'U' 'U' 'M' 'U' 'M' 'M' 'M'
 'M' 'M' 'M' 'M' 'M' 'M' 'U' 'M' 'M' 'M' 'M' 'M' 'U' 'U' 'U' 'A' 'M' 'M'
 'M' 'M' 'U' 'M' 'M' 'M' 'M' 'M' 'M' 'M' 'M' 'M' 'M' 'U' 'M' 'U' 'M' 'M'
 'M' 'M' 'M' 'M' 'M' 'M' 'M' 'M' 'M' 'M' 'M' 'M' 'M' 'A' 'M' 'U' 'M' 'U']"
203101,0,169,6,163,29,0,0,"['A' 'A' 'M' 'M' 'M' 'M' 'M' 'M' 'M' 'M' 'M' 'M' 'M' 'M' 'M' 'M' 'M' 'M'
 'M' 'A' 'U' 'M' 'M' 'M' 'M' 'M' 'A' 'M' 'M' 'U' 'U' 'M' 'M' 'M' 'M' 'M'
 'M' 'M' 'M' 'U' 'M' 'U' 'U' 'M' 'M' 'M' 'U' 'M' 'M' 'M' 'U' 'M' 'M' 'M'
 'M' 'M' 'M' 'M' 'U' 'M' 'M' 'M' 'U' 'M' 'M' 'M' 'M' 'M' 'M' 'U' 'M' 'U'
 'M' 'M' 'M' 'M' 'M' 'M' 'M' 'M' 'M' 'M' 'M' 'U' 'U' 'M' 'M' 'M' 'U' 'M'
 'M' 'M' 'M' 'M' 'M' 'U' 'M' 'M' 'M' 'M' 'U' 'M' 'M' 'M' 'M' 'M' 'U' 'M'
 'M' 'M' 'M' 'M' 'M' 'M' 'M' 'M' 'M' 'M' 'M' 'U' 'M' 'M' 'M' 'M' 'M' 'M'
 'M' 'M' 'M' 'M' 'M' 'M' 'M' 'U' 'M' 'M' 'M' 'M' 'U' 'M' 'U' 'M' 'U' 'M'
 'M' 'M' 'M' 'M' 'M' 'M' 'U' 'M' 'M' 'M' 'M' 'M' 'M' 'U' 'U' 'A' 'M' 'M'
 'M' 'M' 'M' 'M' 'M' 'M' 'M' 'M' 'M' 'M' 'M' 'M' 'M' 'U' 'M' 'U' 'M' 'M'
 'M' 'M' 'M' 'M' 'M' 'M' 'M' 'M' 'M' 'M' 'M' 'M' 'M' 'A' 'M' 'U' 'M' 'M']"
203201,0,176,6,170,22,0,0,"['A' 'A' 'M' 'M' 'M' 'M' 'M' 'M' 'M' 'M' 'U' 'M' 'M' 'M' 'M' 'M' 'M' 'M'
 'M' 'A' 'M' 'M' 'M' 'M' 'U' 'M' 'A' 'U' 'M' 'U' 'U' 'M' 'M' 'M' 'M' 'M'
 'M' 'M' 'M' 'M' 'M' 'M' 'U' 'M' 'M' 'M' 'M' 'M' 'M' 'M' 'U' 'M' 'M' 'M'
 'M' 'M' 'M' 'M' 'U' 'M' 'M' 'M' 'M' 'M' 'M' 'M' 'M' 'M' 'M' 'M' 'M' 'M'
 'M' 'M' 'U' 'M' 'M' 'M' 'U' 'M' 'U' 'U' 'M' 'M' 'M' 'M' 'M' 'M' 'M' 'M'
 'M' 'M' 'M' 'M' 'U' 'M' 'M' 'M' 'M' 'M' 'U' 'M' 'M' 'M' 'M' 'M' 'M' 'M'
 'M' 'M' 'M' 'M' 'M' 'M' 'M' 'M' 'M' 'M' 'M' 'U' 'M' 'M' 'M' 'U' 'M' 'M'
 'M' 'M' 'M' 'M' 'M' 'M' 'M' 'M' 'M' 'M' 'M' 'M' 'U' 'M' 'U' 'M' 'M' 'M'
 'M' 'M' 'M' 'M' 'M' 'M' 'U' 'M' 'M' 'M' 'M' 'M' 'M' 'M' 'U' 'A' 'M' 'M'
 'M' 'M' 'M' 'M' 'M' 'M' 'M' 'M' 'M' 'M' 'M' 'M' 'M' 'U' 'M' 'M' 'M' 'M'
 'M' 'M' 'M' 'M' 'M' 'M' 'M' 'M' 'M' 'M' 'M' 'U' 'M' 'A' 'M' 'M' 'M' 'M']"
203301,0,171,6,165,27,0,1,"['A' 'A' 'M' 'M' 'M' 'M' 'M' 'M' 'M' 'M' 'U' 'M' 'M' 'M' 'M' 'M' 'M' 'M'
 'M' 'A' 'M' 'M' 'M' 'M' 'U' 'M' 'A' 'U' 'M' 'U' 'M' 'M' 'M' 'M' 'M' 'M'
 'M' 'M' 'M' 'M' 'M' 'M' 'U' 'U' 'M' 'M' 'M' 'M' 'U' 'M' 'U' 'M' 'U' 'M'
 'M' 'M' 'M' 'M' 'U' 'M' 'M' 'M' 'M' 'M' 'M' 'M' 'M' 'M' 'U' 'M' 'M' 'M'
 'M' 'M' 'U' 'M' 'M' 'M' 'U' 'M' 'M' 'M' 'U' 'M' 'M' 'M' 'M' 'M' 'M' 'M'
 'M' 'M' 'M' 'U' 'M' 'M' 'M' 'M' 'M' 'M' 'M' 'M' 'M' 'M' 'M' 'U' 'M' 'M'
 'M' 'M' 'M' 'M' 'M' 'M' 'M' 'M' 'M' 'M' 'M' 'U' 'M' 'M' 'M' 'M' 'M' 'M'
 'M' 'M' 'M' 'M' 'M' 'M' 'M' 'M' 'M' 'U' 'M' 'M' 'U' 'U' 'U' 'M' 'M' 'M'
 'M' 'M' 'M' 'M' 'M' 'M' 'U' 'M' 'M' 'M' 'M' 'M' 'M' 'M' 'U' 'A' 'M' 'M'
 'M' 'M' 'M' 'M' 'M' 'M' 'M' 'M' 'M' 'U' 'M' 'M' 'M' 'U' 'M' 'M' 'M' 'M'
 'M' 'M' 'M' 'M' 'M' 'M' 'M' 'M' 'M' 'M' 'M' 'U' 'M' 'A' 'M' 'U' 'M' 'M']"
203401,0,163,4,159,35,0,0,"['A' 'A' 'M' 'M' 'M' 'M' 'M' 'M' 'M' 'M' 'U' 'M' 'M' 'M' 'M' 'M' 'M' 'M'
 'M' 'U' 'M' 'M' 'M' 'U' 'U' 'M' 'A' 'U' 'M' 'M' 'M' 'M' 'M' 'M' 'M' 'M'
 'M' 'M' 'M' 'M' 'M' 'M' 'U' 'U' 'M' 'M' 'M' 'M' 'U' 'M' 'U' 'M' 'U' 'M'
 'U' 'M' 'M' 'M' 'U' 'M' 'M' 'M' 'M' 'M' 'M' 'U' 'M' 'M' 'U' 'M' 'M' 'M'
 'M' 'M' 'M' 'M' 'M' 'M' 'M' 'M' 'M' 'U' 'M' 'M' 'M' 'U' 'M' 'M' 'M' 'M'
 'M' 'M' 'M' 'M' 'U' 'M' 'M' 'M' 'M' 'M' 'M' 'M' 'M' 'M' 'M' 'U' 'M' 'M'
 'M' 'M' 'M' 'M' 'M' 'M' 'M' 'M' 'M' 'M' 'M' 'M' 'M' 'M' 'U' 'M' 'M' 'M'
 'M' 'M' 'M' 'M' 'M' 'M' 'M' 'M' 'M' 'U' 'M' 'M' 'U' 'U' 'U' 'M' 'M' 'M'
 'M' 'M' 'M' 'M' 'M' 'M' 'U' 'M' 'M' 'M' 'M' 'M' 'U' 'M' 'M' 'A' 'M' 'M'
 'M' 'M' 'U' 'M' 'M' 'M' 'M' 'M' 'M' 'U' 'U' 'U' 'M' 'U' 'M' 'M' 'M' 'U'
 'M' 'M' 'M' 'M' 'M' 'M' 'M' 'M' 'M' 'M' 'U' 'U' 'M' 'U' 'M' 'U' 'M' 'M']"
203501,0,167,5,162,31,0,0,"['A' 'A' 'U' 'M' 'M' 'M' 'M' 'M' 'M' 'M' 'U' 'M' 'M' 'M' 'M' 'M' 'M' 'M'
 'M' 'M' 'M' 'M' 'M' 'U' 'M' 'M' 'A' 'U' 'M' 'M' 'M' 'M' 'M' 'M' 'M' 'M'
 'M' 'M' 'M' 'M' 'M' 'M' 'M' 'U' 'M' 'M' 'M' 'M' 'U' 'M' 'U' 'M' 'U' 'M'
 'U' 'M' 'M' 'M' 'U' 'M' 'M' 'M' 'M' 'U' 'M' 'M' 'M' 'M' 'M' 'U' 'U' 'U'
 'M' 'M' 'M' 'M' 'M' 'M' 'M' 'M' 'M' 'M' 'M' 'M' 'M' 'M' 'U' 'M' 'M' 'M'
 'M' 'M' 'M' 'U' 'M' 'M' 'M' 'M' 'M' 'M' 'M' 'M' 'M' 'M' 'M' 'A' 'M' 'M'
 'M' 'M' 'M' 'M' 'M' 'M' 'M' 'U' 'M' 'M' 'M' 'M' 'M' 'M' 'U' 'M' 'M' 'M'
 'M' 'M' 'M' 'M' 'M' 'M' 'M' 'M' 'M' 'M' 'M' 'M' 'U' 'U' 'U' 'M' 'M' 'M'
 'M' 'M' 'M' 'M' 'M' 'M' 'U' 'M' 'M' 'M' 'M' 'M' 'M' 'M' 'M' 'A' 'M' 'M'
 'M' 'M' 'M' 'M' 'M' 'M' 'M' 'M' 'M' 'U' 'U' 'U' 'M' 'U' 'M' 'M' 'M' 'M'
 'M' 'M' 'M' 'M' 'M' 'M' 'M' 'M' 'M' 'M' 'U' 'U' 'U' 'U' 'M' 'U' 'M' 'M']"
203601,0,162,2,160,36,0,0,"['A' 'U' 'U' 'M' 'M' 'M' 'U' 'M' 'M' 'M' 'U' 'M' 'M' 'M' 'M' 'M' 'M' 'M'
 'M' 'M' 'M' 'M' 'M' 'U' 'U' 'M' 'U' 'U' 'M' 'M' 'M' 'M' 'M' 'M' 'U' 'M'
 'M' 'M' 'U' 'M' 'M' 'M' 'M' 'U' 'M' 'M' 'M' 'M' 'M' 'M' 'U' 'M' 'U' 'M'
 'U' 'M' 'M' 'M' 'U' 'M' 'M' 'M' 'M' 'U' 'M' 'M' 'M' 'M' 'M' 'U' 'M' 'M'
 'U' 'M' 'M' 'M' 'M' 'U' 'U' 'M' 'M' 'M' 'M' 'M' 'M' 'M' 'M' 'M' 'U' 'M'
 'M' 'M' 'M' 'M' 'M' 'M' 'M' 'M' 'M' 'M' 'M' 'M' 'M' 'U' 'M' 'M' 'M' 'M'
 'M' 'M' 'M' 'M' 'M' 'M' 'M' 'U' 'M' 'M' 'M' 'M' 'M' 'M' 'U' 'M' 'M' 'M'
 'M' 'M' 'M' 'M' 'M' 'M' 'M' 'M' 'M' 'M' 'M' 'M' 'U' 'U' 'M' 'M' 'M' 'M'
 'M' 'M' 'M' 'U' 'M' 'M' 'U' 'M' 'U' 'M' 'M' 'M' 'M' 'M' 'M' 'A' 'M' 'M'
 'U' 'M' 'M' 'M' 'M' 'M' 'M' 'M' 'M' 'M' 'U' 'U' 'M' 'M' 'M' 'M' 'M' 'M'
 'M' 'M' 'M' 'M' 'M' 'M' 'M' 'M' 'M' 'M' 'U' 'U' 'U' 'U' 'M' 'M' 'M' 'M']"
203701,0,163,2,161,35,0,1,"['A' 'U' 'U' 'M' 'M' 'U' 'U' 'M' 'M' 'M' 'U' 'M' 'M' 'U' 'M' 'M' 'M' 'M'
 'U' 'M' 'M' 'M' 'M' 'U' 'U' 'M' 'U' 'U' 'M' 'M' 'M' 'M' 'M' 'M' 'M' 'M'
 'M' 'M' 'U' 'M' 'M' 'M' 'M' 'U' 'M' 'M' 'M' 'M' 'M' 'M' 'U' 'M' 'U' 'M'
 'U' 'M' 'M' 'M' 'M' 'M' 'M' 'M' 'M' 'U' 'M' 'M' 'M' 'U' 'M' 'M' 'U' 'M'
 'U' 'M' 'M' 'M' 'M' 'M' 'M' 'M' 'M' 'M' 'M' 'M' 'M' 'U' 'U' 'M' 'M' 'M'
 'M' 'M' 'M' 'M' 'M' 'M' 'M' 'M' 'M' 'M' 'M' 'M' 'M' 'U' 'M' 'M' 'M' 'U'
 'M' 'M' 'M' 'M' 'M' 'M' 'M' 'U' 'M' 'M' 'M' 'M' 'M' 'M' 'U' 'M' 'M' 'M'
 'M' 'M' 'M' 'M' 'M' 'M' 'M' 'M' 'M' 'M' 'M' 'M' 'U' 'M' 'M' 'M' 'M' 'M'
 'M' 'M' 'M' 'U' 'M' 'M' 'U' 'M' 'U' 'M' 'M' 'M' 'M' 'M' 'M' 'A' 'M' 'M'
 'U' 'M' 'M' 'M' 'M' 'M' 'M' 'M' 'M' 'U' 'M' 'M' 'M' 'M' 'M' 'M' 'M' 'M'
 'M' 'M' 'M' 'M' 'M' 'M' 'M' 'M' 'M' 'M' 'U' 'U' 'U' 'M' 'M' 'M' 'M' 'M']"
203801,0,159,2,157,39,0,0,"['A' 'U' 'M' 'M' 'M' 'U' 'M' 'M' 'M' 'M' 'U' 'M' 'M' 'U' 'M' 'M' 'M' 'M'
 'U' 'U' 'M' 'M' 'M' 'M' 'M' 'U' 'M' 'U' 'M' 'M' 'M' 'M' 'M' 'M' 'M' 'M'
 'M' 'M' 'M' 'M' 'M' 'M' 'M' 'U' 'M' 'M' 'M' 'M' 'M' 'M' 'U' 'M' 'U' 'M'
 'M' 'M' 'M' 'M' 'M' 'M' 'M' 'M' 'M' 'U' 'M' 'M' 'U' 'M' 'M' 'M' 'U' 'M'
 'M' 'M' 'M' 'M' 'M' 'M' 'U' 'M' 'M' 'M' 'U' 'M' 'M' 'M' 'M' 'U' 'M' 'M'
 'M' 'M' 'M' 'M' 'M' 'M' 'M' 'M' 'M' 'M' 'M' 'M' 'U' 'U' 'U' 'M' 'M' 'U'
 'M' 'U' 'U' 'M' 'M' 'M' 'M' 'U' 'M' 'M' 'M' 'M' 'M' 'M' 'U' 'M' 'M' 'U'
 'M' 'M' 'M' 'M' 'M' 'M' 'M' 'M' 'M' 'M' 'M' 'U' 'U' 'M' 'M' 'M' 'M' 'M'
 'M' 'M' 'M' 'M' 'M' 'M' 'U' 'M' 'U' 'M' 'M' 'M' 'M' 'M' 'U' 'A' 'M' 'M'
 'U' 'M' 'M' 'M' 'M' 'M' 'M' 'M' 'M' 'U' 'M' 'M' 'M' 'M' 'M' 'U' 'M' 'M'
 'M' 'U' 'M' 'M' 'M' 'M' 'M' 'M' 'M' 'M' 'U' 'U' 'U' 'U' 'M' 'M' 'M' 'M']"
203901,0,160,3,157,38,0,0,"['A' 'U' 'M' 'M' 'M' 'M' 'M' 'M' 'M' 'M' 'U' 'M' 'M' 'U' 'M' 'M' 'M' 'M'
 'U' 'M' 'M' 'M' 'M' 'M' 'M' 'M' 'M' 'U' 'M' 'M' 'M' 'M' 'M' 'M' 'M' 'M'
 'M' 'M' 'M' 'M' 'M' 'M' 'M' 'U' 'M' 'M' 'M' 'M' 'M' 'M' 'U' 'M' 'U' 'M'
 'M' 'M' 'M' 'M' 'M' 'M' 'M' 'M' 'M' 'U' 'M' 'M' 'U' 'U' 'U' 'M' 'M' 'M'
 'M' 'M' 'U' 'M' 'M' 'M' 'M' 'M' 'M' 'M' 'M' 'M' 'M' 'M' 'M' 'U' 'M' 'M'
 'M' 'M' 'M' 'M' 'M' 'M' 'M' 'U' 'M' 'M' 'M' 'M' 'U' 'U' 'U' 'M' 'M' 'U'
 'M' 'U' 'U' 'M' 'M' 'M' 'M' 'M' 'M' 'M' 'M' 'M' 'M' 'M' 'U' 'M' 'M' 'U'
 'M' 'U' 'M' 'A' 'M' 'M' 'M' 'M' 'M' 'M' 'M' 'U' 'M' 'M' 'M' 'M' 'M' 'M'
 'M' 'U' 'M' 'M' 'M' 'M' 'U' 'M' 'U' 'M' 'M' 'M' 'M' 'M' 'U' 'A' 'M' 'U'
 'M' 'U' 'M' 'M' 'U' 'M' 'M' 'M' 'M' 'M' 'M' 'M' 'M' 'M' 'M' 'U' 'U' 'M'
 'M' 'M' 'M' 'M' 'M' 'M' 'M' 'M' 'M' 'U' 'M' 'M' 'U' 'U' 'U' 'M' 'M' 'M']"
204001,0,154,5,149,44,0,0,"['A' 'U' 'M' 'M' 'M' 'M' 'M' 'M' 'M' 'M' 'U' 'M' 'M' 'U' 'M' 'M' 'U' 'M'
 'U' 'M' 'M' 'M' 'M' 'M' 'M' 'U' 'M' 'U' 'M' 'U' 'M' 'M' 'M' 'M' 'M' 'M'
 'M' 'M' 'M' 'M' 'M' 'U' 'M' 'U' 'M' 'M' 'M' 'U' 'M' 'M' 'U' 'M' 'A' 'M'
 'M' 'M' 'M' 'M' 'M' 'M' 'M' 'M' 'M' 'U' 'M' 'M' 'M' 'M' 'M' 'M' 'M' 'U'
 'U' 'M' 'M' 'M' 'M' 'U' 'M' 'M' 'M' 'M' 'M' 'U' 'M' 'M' 'M' 'M' 'M' 'M'
 'M' 'M' 'M' 'M' 'U' 'M' 'M' 'U' 'M' 'M' 'M' 'M' 'U' 'U' 'U' 'M' 'M' 'U'
 'M' 'U' 'U' 'M' 'M' 'M' 'M' 'M' 'M' 'M' 'M' 'M' 'M' 'M' 'U' 'M' 'U' 'U'
 'M' 'U' 'M' 'A' 'M' 'M' 'M' 'M' 'M' 'M' 'M' 'M' 'M' 'M' 'M' 'M' 'M' 'M'
 'M' 'U' 'M' 'M' 'M' 'M' 'U' 'M' 'U' 'M' 'M' 'M' 'M' 'M' 'U' 'A' 'M' 'U'
 'M' 'U' 'M' 'M' 'U' 'M' 'M' 'M' 'M' 'M' 'M' 'M' 'M' 'U' 'M' 'U' 'U' 'M'
 'M' 'M' 'M' 'M' 'M' 'M' 'U' 'M' 'M' 'U' 'M' 'M' 'U' 'U' 'A' 'U' 'M' 'M']"
204101,0,163,5,158,35,0,0,"['A' 'U' 'M' 'M' 'M' 'M' 'M' 'M' 'M' 'M' 'U' 'M' 'M' 'M' 'M' 'M' 'U' 'M'
 'U' 'M' 'M' 'M' 'M' 'M' 'M' 'U' 'U' 'U' 'M' 'U' 'M' 'M' 'M' 'M' 'M' 'M'
 'M' 'M' 'M' 'M' 'M' 'M' 'M' 'U' 'M' 'M' 'M' 'U' 'M' 'M' 'U' 'M' 'A' 'M'
 'M' 'M' 'M' 'M' 'M' 'M' 'M' 'M' 'M' 'M' 'M' 'U' 'M' 'M' 'M' 'U' 'M' 'M'
 'M' 'M' 'M' 'M' 'M' 'M' 'M' 'M' 'U' 'M' 'M' 'M' 'M' 'U' 'M' 'M' 'M' 'M'
 'M' 'M' 'M' 'U' 'M' 'M' 'M' 'M' 'M' 'M' 'M' 'M' 'U' 'U' 'U' 'M' 'M' 'U'
 'M' 'U' 'U' 'M' 'M' 'M' 'M' 'M' 'M' 'M' 'M' 'M' 'M' 'M' 'U' 'M' 'A' 'M'
 'M' 'M' 'M' 'A' 'M' 'M' 'M' 'M' 'M' 'M' 'M' 'M' 'M' 'M' 'M' 'M' 'M' 'M'
 'M' 'M' 'M' 'M' 'M' 'M' 'U' 'M' 'M' 'M' 'M' 'M' 'M' 'U' 'M' 'U' 'M' 'U'
 'M' 'U' 'M' 'M' 'U' 'M' 'M' 'M' 'M' 'M' 'M' 'M' 'M' 'U' 'M' 'U' 'M' 'M'
 'M' 'M' 'M' 'M' 'M' 'M' 'U' 'M' 'M' 'M' 'M' 'M' 'U' 'U' 'A' 'U' 'M' 'M']"
204201,0,164,6,158,34,1,0,"['A' 'U' 'M' 'M' 'M' 'M' 'M' 'M' 'M' 'M' 'U' 'M' 'M' 'M' 'M' 'M' 'U' 'M'
 'M' 'M' 'M' 'M' 'M' 'M' 'M' 'M' 'M' 'M' 'M' 'U' 'M' 'M' 'M' 'M' 'M' 'M'
 'M' 'M' 'M' 'M' 'M' 'M' 'M' 'U' 'M' 'M' 'M' 'U' 'M' 'M' 'U' 'M' 'A' 'M'
 'M' 'M' 'M' 'M' 'M' 'M' 'M' 'M' 'M' 'M' 'M' 'M' 'M' 'M' 'M' 'M' 'M' 'M'
 'M' 'M' 'M' 'U' 'U' 'M' 'M' 'M' 'M' 'M' 'U' 'M' 'M' 'M' 'M' 'M' 'U' 'M'
 'M' 'U' 'M' 'M' 'M' 'M' 'M' 'M' 'M' 'M' 'M' 'M' 'U' 'U' 'U' 'M' 'M' 'U'
 'M' 'M' 'U' 'M' 'M' 'M' 'M' 'U' 'U' 'M' 'U' 'M' 'M' 'M' 'M' 'M' 'A' 'M'
 'M' 'M' 'M' 'A' 'M' 'M' 'M' 'U' 'M' 'U' 'M' 'M' 'M' 'M' 'M' 'M' 'M' 'M'
 'M' 'M' 'A' 'M' 'M' 'M' 'M' 'M' 'M' 'M' 'M' 'M' 'M' 'M' 'U' 'U' 'M' 'M'
 'M' 'U' 'M' 'M' 'M' 'M' 'M' 'M' 'M' 'M' 'M' 'M' 'M' 'U' 'M' 'U' 'M' 'U'
 'M' 'M' 'M' 'M' 'M' 'M' 'U' 'M' 'M' 'U' 'M' 'U' 'U' 'U' 'U' 'A' 'M' 'M']"
204301,0,163,5,158,35,0,0,"['A' 'M' 'M' 'M' 'M' 'M' 'M' 'M' 'M' 'M' 'U' 'M' 'M' 'M' 'M' 'M' 'U' 'M'
 'M' 'M' 'M' 'M' 'M' 'M' 'M' 'M' 'M' 'M' 'M' 'U' 'U' 'M' 'M' 'M' 'M' 'M'
 'M' 'M' 'M' 'M' 'M' 'M' 'M' 'M' 'M' 'M' 'M' 'U' 'M' 'M' 'U' 'M' 'A' 'M'
 'M' 'M' 'M' 'M' 'M' 'M' 'M' 'M' 'M' 'M' 'M' 'U' 'M' 'M' 'U' 'M' 'M' 'M'
 'M' 'M' 'M' 'M' 'M' 'M' 'M' 'M' 'M' 'U' 'M' 'M' 'M' 'M' 'U' 'M' 'M' 'M'
 'M' 'M' 'U' 'M' 'M' 'U' 'M' 'M' 'M' 'M' 'M' 'M' 'U' 'U' 'U' 'M' 'M' 'U'
 'M' 'M' 'M' 'M' 'M' 'U' 'M' 'U' 'U' 'M' 'U' 'M' 'M' 'M' 'M' 'M' 'A' 'U'
 'M' 'M' 'M' 'U' 'M' 'M' 'M' 'U' 'M' 'U' 'M' 'M' 'M' 'M' 'M' 'M' 'M' 'M'
 'M' 'M' 'A' 'M' 'M' 'M' 'M' 'M' 'M' 'M' 'M' 'M' 'M' 'M' 'U' 'M' 'M' 'M'
 'M' 'U' 'M' 'M' 'M' 'M' 'M' 'M' 'M' 'U' 'U' 'M' 'M' 'M' 'M' 'U' 'M' 'U'
 'M' 'M' 'M' 'M' 'M' 'M' 'M' 'M' 'M' 'U' 'M' 'U' 'M' 'U' 'U' 'A' 'U' 'M']"
204401,0,166,4,162,32,0,0,"['A' 'M' 'M' 'M' 'M' 'M' 'M' 'M' 'M' 'M' 'M' 'M' 'M' 'M' 'M' 'U' 'M' 'M'
 'M' 'M' 'M' 'M' 'M' 'M' 'M' 'U' 'M' 'M' 'M' 'U' 'U' 'U' 'M' 'M' 'U' 'U'
 'M' 'M' 'M' 'M' 'M' 'M' 'M' 'M' 'M' 'M' 'M' 'M' 'M' 'M' 'U' 'M' 'A' 'M'
 'U' 'M' 'M' 'M' 'M' 'M' 'M' 'M' 'M' 'M' 'M' 'M' 'M' 'U' 'M' 'M' 'M' 'U'
 'U' 'M' 'M' 'M' 'M' 'M' 'M' 'M' 'M' 'M' 'M' 'M' 'M' 'M' 'M' 'U' 'M' 'M'
 'M' 'M' 'U' 'M' 'M' 'M' 'M' 'M' 'M' 'M' 'M' 'M' 'U' 'M' 'U' 'M' 'M' 'U'
 'M' 'M' 'M' 'M' 'M' 'M' 'M' 'U' 'U' 'M' 'M' 'M' 'M' 'M' 'M' 'M' 'A' 'U'
 'M' 'M' 'M' 'U' 'M' 'M' 'M' 'U' 'M' 'M' 'M' 'M' 'M' 'M' 'M' 'M' 'M' 'U'
 'M' 'M' 'U' 'M' 'M' 'M' 'M' 'M' 'M' 'M' 'M' 'M' 'M' 'M' 'U' 'M' 'M' 'M'
 'M' 'M' 'M' 'M' 'M' 'M' 'M' 'M' 'M' 'U' 'M' 'M' 'M' 'M' 'M' 'U' 'M' 'U'
 'M' 'M' 'M' 'M' 'M' 'M' 'M' 'M' 'M' 'M' 'M' 'U' 'M' 'U' 'U' 'A' 'M' 'U']"
204501,0,160,1,159,38,0,0,"['A' 'M' 'M' 'M' 'M' 'M' 'M' 'M' 'U' 'M' 'M' 'M' 'M' 'M' 'M' 'U' 'M' 'M'
 'M' 'M' 'M' 'M' 'M' 'M' 'M' 'U' 'M' 'M' 'M' 'U' 'U' 'U' 'M' 'M' 'U' 'U'
 'M' 'M' 'M' 'M' 'M' 'M' 'M' 'M' 'M' 'M' 'M' 'M' 'M' 'M' 'U' 'M' 'U' 'M'
 'U' 'M' 'M' 'M' 'M' 'M' 'M' 'M' 'M' 'M' 'M' 'U' 'M' 'M' 'M' 'M' 'M' 'M'
 'M' 'M' 'M' 'M' 'M' 'M' 'M' 'M' 'U' 'M' 'M' 'U' 'M' 'M' 'U' 'M' 'M' 'M'
 'M' 'M' 'M' 'M' 'U' 'M' 'M' 'M' 'M' 'M' 'M' 'M' 'M' 'U' 'U' 'M' 'M' 'M'
 'M' 'M' 'M' 'M' 'M' 'M' 'M' 'U' 'U' 'M' 'M' 'M' 'M' 'U' 'M' 'M' 'U' 'U'
 'M' 'M' 'M' 'U' 'M' 'M' 'U' 'M' 'U' 'U' 'U' 'U' 'U' 'M' 'M' 'M' 'M' 'M'
 'M' 'M' 'M' 'M' 'M' 'M' 'M' 'U' 'M' 'M' 'M' 'M' 'M' 'M' 'M' 'M' 'M' 'M'
 'M' 'M' 'M' 'M' 'M' 'M' 'M' 'M' 'M' 'U' 'M' 'U' 'M' 'M' 'M' 'M' 'M' 'U'
 'M' 'M' 'M' 'M' 'M' 'M' 'M' 'M' 'M' 'M' 'U' 'U' 'M' 'U' 'M' 'U' 'M' 'M']"
204601,0,164,1,163,34,0,1,"['A' 'M' 'U' 'M' 'M' 'M' 'M' 'M' 'M' 'M' 'M' 'M' 'M' 'M' 'M' 'U' 'M' 'M'
 'M' 'M' 'M' 'M' 'M' 'M' 'U' 'U' 'M' 'M' 'M' 'M' 'U' 'U' 'M' 'M' 'U' 'M'
 'M' 'M' 'M' 'M' 'M' 'M' 'U' 'M' 'M' 'M' 'M' 'M' 'M' 'M' 'U' 'M' 'U' 'M'
 'U' 'M' 'M' 'M' 'M' 'M' 'M' 'M' 'M' 'M' 'M' 'M' 'M' 'M' 'M' 'U' 'M' 'M'
 'M' 'M' 'M' 'U' 'M' 'M' 'M' 'M' 'M' 'U' 'M' 'M' 'M' 'M' 'M' 'M' 'M' 'M'
 'M' 'U' 'M' 'M' 'U' 'M' 'M' 'M' 'M' 'M' 'M' 'M' 'M' 'U' 'M' 'M' 'M' 'M'
 'M' 'M' 'M' 'M' 'M' 'M' 'M' 'U' 'M' 'M' 'M' 'M' 'M' 'M' 'M' 'M' 'U' 'U'
 'M' 'M' 'M' 'U' 'M' 'M' 'U' 'M' 'M' 'U' 'M' 'M' 'U' 'M' 'M' 'M' 'M' 'M'
 'M' 'M' 'M' 'M' 'M' 'M' 'U' 'U' 'M' 'M' 'M' 'U' 'M' 'M' 'M' 'M' 'M' 'M'
 'M' 'M' 'U' 'M' 'M' 'M' 'M' 'M' 'M' 'U' 'M' 'M' 'M' 'M' 'M' 'M' 'M' 'U'
 'M' 'M' 'M' 'M' 'M' 'M' 'M' 'M' 'M' 'M' 'U' 'U' 'M' 'U' 'M' 'U' 'M' 'M']"
204701,0,165,1,164,33,0,0,"['A' 'M' 'M' 'M' 'M' 'M' 'M' 'M' 'M' 'M' 'M' 'M' 'M' 'M' 'M' 'M' 'M' 'M'
 'M' 'M' 'M' 'M' 'M' 'M' 'U' 'M' 'M' 'M' 'M' 'M' 'U' 'U' 'M' 'M' 'U' 'M'
 'M' 'M' 'M' 'M' 'U' 'M' 'U' 'M' 'M' 'M' 'M' 'M' 'M' 'M' 'U' 'M' 'U' 'M'
 'M' 'M' 'M' 'M' 'U' 'M' 'M' 'M' 'M' 'M' 'M' 'M' 'M' 'M' 'U' 'M' 'U' 'M'
 'M' 'U' 'M' 'U' 'M' 'M' 'M' 'M' 'M' 'M' 'M' 'M' 'M' 'M' 'M' 'M' 'M' 'M'
 'U' 'M' 'M' 'M' 'M' 'M' 'M' 'M' 'M' 'M' 'M' 'M' 'M' 'U' 'M' 'M' 'M' 'M'
 'M' 'M' 'M' 'M' 'M' 'M' 'M' 'U' 'M' 'M' 'M' 'M' 'M' 'M' 'M' 'M' 'U' 'U'
 'M' 'M' 'U' 'U' 'M' 'M' 'M' 'M' 'M' 'U' 'M' 'M' 'U' 'U' 'M' 'M' 'M' 'M'
 'M' 'M' 'M' 'M' 'M' 'M' 'M' 'U' 'M' 'M' 'M' 'U' 'M' 'M' 'M' 'M' 'M' 'M'
 'M' 'M' 'U' 'U' 'M' 'M' 'M' 'M' 'M' 'U' 'M' 'M' 'M' 'M' 'M' 'M' 'M' 'U'
 'M' 'M' 'M' 'M' 'M' 'M' 'M' 'M' 'M' 'M' 'U' 'U' 'M' 'U' 'M' 'U' 'M' 'M']"
204801,0,162,2,160,36,0,0,"['A' 'M' 'M' 'M' 'M' 'M' 'M' 'M' 'M' 'M' 'M' 'M' 'M' 'M' 'M' 'M' 'M' 'M'
 'U' 'U' 'M' 'M' 'U' 'M' 'U' 'M' 'M' 'M' 'M' 'M' 'M' 'U' 'U' 'M' 'M' 'M'
 'M' 'M' 'M' 'M' 'U' 'M' 'U' 'M' 'M' 'M' 'M' 'M' 'M' 'M' 'U' 'M' 'U' 'M'
 'M' 'M' 'M' 'M' 'U' 'M' 'M' 'M' 'M' 'M' 'M' 'U' 'M' 'M' 'M' 'M' 'U' 'M'
 'M' 'M' 'M' 'M' 'M' 'M' 'M' 'M' 'M' 'M' 'M' 'M' 'M' 'U' 'M' 'M' 'U' 'M'
 'M' 'M' 'M' 'M' 'U' 'M' 'M' 'M' 'M' 'M' 'M' 'M' 'M' 'U' 'M' 'M' 'U' 'M'
 'M' 'M' 'M' 'M' 'M' 'M' 'M' 'M' 'M' 'M' 'U' 'M' 'M' 'M' 'M' 'M' 'A' 'U'
 'M' 'M' 'U' 'U' 'M' 'M' 'M' 'M' 'M' 'U' 'U' 'M' 'U' 'U' 'M' 'M' 'M' 'M'
 'M' 'M' 'M' 'M' 'M' 'M' 'M' 'M' 'M' 'M' 'M' 'U' 'M' 'M' 'M' 'M' 'M' 'M'
 'M' 'M' 'U' 'M' 'M' 'M' 'M' 'M' 'M' 'U' 'M' 'M' 'U' 'M' 'M' 'M' 'M' 'U'
 'U' 'M' 'M' 'M' 'M' 'M' 'M' 'M' 'M' 'M' 'U' 'U' 'M' 'U' 'M' 'U' 'M' 'M']"
204901,0,170,5,165,28,0,0,"['A' 'M' 'M' 'M' 'M' 'M' 'M' 'M' 'M' 'U' 'M' 'M' 'M' 'M' 'M' 'M' 'M' 'M'
 'U' 'A' 'M' 'M' 'M' 'M' 'M' 'M' 'M' 'M' 'M' 'M' 'M' 'U' 'M' 'M' 'M' 'M'
 'M' 'M' 'M' 'M' 'M' 'M' 'M' 'M' 'M' 'M' 'M' 'M' 'M' 'M' 'U' 'M' 'U' 'M'
 'M' 'M' 'M' 'U' 'M' 'M' 'M' 'M' 'M' 'M' 'M' 'M' 'U' 'M' 'M' 'M' 'U' 'M'
 'M' 'M' 'M' 'M' 'M' 'M' 'M' 'M' 'M' 'M' 'M' 'M' 'M' 'U' 'M' 'M' 'M' 'M'
 'M' 'U' 'M' 'M' 'U' 'M' 'M' 'M' 'M' 'M' 'M' 'U' 'M' 'U' 'M' 'M' 'A' 'M'
 'M' 'M' 'M' 'M' 'U' 'M' 'M' 'M' 'M' 'U' 'M' 'M' 'M' 'M' 'M' 'M' 'A' 'U'
 'M' 'M' 'U' 'M' 'M' 'M' 'M' 'M' 'M' 'A' 'U' 'M' 'U' 'M' 'M' 'M' 'M' 'M'
 'M' 'M' 'M' 'M' 'M' 'M' 'M' 'U' 'M' 'M' 'M' 'M' 'M' 'M' 'M' 'U' 'M' 'M'
 'M' 'M' 'U' 'M' 'M' 'M' 'M' 'M' 'M' 'U' 'M' 'M' 'U' 'M' 'M' 'M' 'M' 'M'
 'U' 'M' 'M' 'M' 'M' 'M' 'M' 'M' 'M' 'M' 'U' 'U' 'M' 'M' 'M' 'U' 'M' 'M']"
205001,0,174,5,169,24,0,0,"['A' 'M' 'M' 'M' 'M' 'M' 'M' 'M' 'M' 'U' 'M' 'M' 'M' 'M' 'M' 'M' 'M' 'M'
 'M' 'A' 'M' 'M' 'M' 'M' 'M' 'M' 'M' 'M' 'M' 'M' 'U' 'U' 'M' 'M' 'M' 'M'
 'M' 'M' 'M' 'M' 'M' 'M' 'M' 'M' 'M' 'M' 'M' 'M' 'M' 'M' 'U' 'M' 'U' 'M'
 'M' 'M' 'M' 'M' 'M' 'M' 'M' 'U' 'M' 'U' 'M' 'M' 'M' 'M' 'M' 'M' 'M' 'M'
 'M' 'M' 'M' 'U' 'M' 'U' 'M' 'M' 'M' 'M' 'M' 'U' 'M' 'U' 'M' 'M' 'M' 'M'
 'M' 'M' 'M' 'M' 'U' 'M' 'M' 'M' 'M' 'M' 'M' 'U' 'M' 'U' 'M' 'M' 'A' 'M'
 'M' 'M' 'M' 'M' 'M' 'M' 'M' 'M' 'M' 'M' 'M' 'M' 'M' 'M' 'M' 'M' 'U' 'M'
 'M' 'M' 'U' 'M' 'M' 'M' 'M' 'M' 'M' 'A' 'A' 'M' 'U' 'U' 'M' 'M' 'M' 'M'
 'M' 'M' 'M' 'M' 'M' 'M' 'M' 'U' 'M' 'M' 'M' 'M' 'M' 'M' 'M' 'U' 'M' 'M'
 'M' 'M' 'M' 'M' 'M' 'U' 'M' 'M' 'M' 'M' 'M' 'M' 'U' 'M' 'M' 'M' 'M' 'M'
 'M' 'M' 'M' 'M' 'M' 'M' 'M' 'M' 'M' 'M' 'U' 'M' 'M' 'M' 'M' 'U' 'M' 'M']"
205101,0,167,5,162,31,0,0,"['A' 'U' 'M' 'M' 'M' 'M' 'M' 'M' 'M' 'U' 'M' 'M' 'M' 'U' 'M' 'M' 'M' 'M'
 'M' 'A' 'M' 'M' 'M' 'M' 'M' 'M' 'M' 'M' 'M' 'M' 'U' 'U' 'M' 'M' 'M' 'M'
 'M' 'M' 'U' 'M' 'U' 'M' 'M' 'M' 'M' 'M' 'M' 'M' 'M' 'U' 'U' 'M' 'U' 'M'
 'M' 'M' 'M' 'M' 'M' 'M' 'M' 'U' 'M' 'U' 'M' 'M' 'M' 'M' 'M' 'M' 'M' 'M'
 'M' 'M' 'M' 'M' 'U' 'M' 'M' 'M' 'U' 'M' 'M' 'M' 'U' 'M' 'M' 'M' 'M' 'M'
 'U' 'U' 'M' 'M' 'M' 'M' 'M' 'M' 'M' 'M' 'M' 'U' 'M' 'M' 'M' 'M' 'A' 'M'
 'M' 'M' 'M' 'M' 'M' 'M' 'M' 'M' 'M' 'M' 'M' 'M' 'M' 'M' 'M' 'M' 'U' 'M'
 'M' 'M' 'U' 'M' 'M' 'M' 'U' 'U' 'U' 'A' 'A' 'U' 'U' 'U' 'M' 'M' 'M' 'M'
 'M' 'M' 'M' 'M' 'M' 'M' 'M' 'M' 'M' 'M' 'M' 'M' 'M' 'M' 'M' 'M' 'M' 'M'
 'M' 'M' 'U' 'M' 'M' 'M' 'M' 'M' 'M' 'M' 'M' 'M' 'U' 'M' 'M' 'M' 'U' 'M'
 'M' 'M' 'M' 'M' 'M' 'M' 'M' 'M' 'M' 'M' 'M' 'M' 'M' 'M' 'U' 'U' 'M' 'M']"
205201,0,168,4,164,30,0,0,"['A' 'U' 'M' 'M' 'M' 'M' 'M' 'M' 'M' 'U' 'U' 'M' 'M' 'U' 'M' 'M' 'M' 'U'
 'M' 'A' 'M' 'M' 'M' 'M' 'M' 'M' 'M' 'U' 'M' 'M' 'U' 'U' 'M' 'M' 'M' 'M'
 'M' 'M' 'U' 'M' 'U' 'M' 'M' 'M' 'M' 'M' 'M' 'M' 'M' 'U' 'M' 'M' 'M' 'M'
 'M' 'M' 'M' 'M' 'M' 'M' 'M' 'U' 'M' 'U' 'M' 'M' 'M' 'M' 'M' 'M' 'M' 'M'
 'M' 'M' 'M' 'M' 'M' 'U' 'M' 'M' 'M' 'U' 'U' 'M' 'M' 'M' 'U' 'M' 'M' 'M'
 'M' 'M' 'M' 'U' 'M' 'M' 'M' 'M' 'M' 'M' 'M' 'M' 'M' 'M' 'M' 'M' 'U' 'M'
 'M' 'M' 'M' 'M' 'M' 'M' 'M' 'M' 'M' 'M' 'M' 'M' 'M' 'M' 'M' 'M' 'U' 'M'
 'M' 'M' 'M' 'M' 'M' 'M' 'U' 'U' 'U' 'A' 'A' 'U' 'M' 'M' 'M' 'M' 'M' 'M'
 'M' 'M' 'M' 'M' 'M' 'M' 'M' 'M' 'M' 'M' 'M' 'M' 'M' 'M' 'M' 'U' 'M' 'M'
 'M' 'M' 'U' 'M' 'M' 'M' 'M' 'M' 'M' 'M' 'M' 'M' 'U' 'M' 'M' 'M' 'U' 'M'
 'M' 'M' 'M' 'M' 'M' 'M' 'M' 'M' 'M' 'M' 'U' 'M' 'M' 'M' 'U' 'M' 'M' 'M']"
205301,0,167,4,163,31,0,0,"['A' 'U' 'M' 'M' 'M' 'M' 'M' 'M' 'M' 'U' 'U' 'M' 'M' 'M' 'M' 'M' 'U' 'M'
 'M' 'A' 'M' 'M' 'M' 'M' 'M' 'M' 'U' 'U' 'M' 'M' 'U' 'U' 'M' 'M' 'M' 'M'
 'M' 'M' 'U' 'M' 'U' 'M' 'M' 'M' 'M' 'M' 'U' 'M' 'M' 'U' 'M' 'M' 'M' 'M'
 'M' 'M' 'M' 'M' 'M' 'M' 'M' 'U' 'M' 'U' 'M' 'M' 'M' 'M' 'M' 'M' 'M' 'M'
 'M' 'M' 'M' 'M' 'M' 'M' 'M' 'M' 'M' 'U' 'U' 'M' 'M' 'U' 'M' 'M' 'U' 'M'
 'M' 'M' 'U' 'M' 'M' 'M' 'M' 'M' 'M' 'U' 'M' 'M' 'M' 'M' 'M' 'M' 'M' 'M'
 'M' 'M' 'M' 'M' 'M' 'M' 'M' 'M' 'M' 'M' 'M' 'M' 'M' 'M' 'M' 'M' 'U' 'M'
 'M' 'M' 'M' 'M' 'M' 'M' 'U' 'U' 'M' 'A' 'A' 'U' 'U' 'M' 'M' 'M' 'M' 'M'
 'M' 'M' 'M' 'M' 'M' 'M' 'M' 'M' 'M' 'M' 'U' 'M' 'M' 'M' 'M' 'U' 'M' 'M'
 'M' 'M' 'U' 'M' 'M' 'M' 'M' 'M' 'M' 'M' 'M' 'M' 'U' 'M' 'M' 'M' 'M' 'M'
 'M' 'M' 'M' 'M' 'M' 'M' 'M' 'M' 'M' 'M' 'U' 'M' 'M' 'M' 'U' 'M' 'M' 'M']"
205401,0,165,3,162,33,0,0,"['A' 'U' 'M' 'M' 'M' 'M' 'M' 'M' 'M' 'M' 'U' 'M' 'M' 'M' 'M' 'M' 'U' 'M'
 'M' 'U' 'M' 'M' 'M' 'M' 'M' 'M' 'U' 'A' 'M' 'M' 'U' 'U' 'M' 'M' 'M' 'M'
 'M' 'M' 'U' 'M' 'U' 'U' 'M' 'M' 'M' 'M' 'U' 'U' 'M' 'M' 'M' 'M' 'M' 'M'
 'M' 'M' 'M' 'M' 'M' 'M' 'M' 'U' 'M' 'U' 'M' 'M' 'U' 'U' 'M' 'M' 'M' 'M'
 'M' 'M' 'M' 'M' 'M' 'M' 'M' 'M' 'M' 'M' 'M' 'M' 'M' 'U' 'M' 'M' 'M' 'M'
 'U' 'U' 'M' 'M' 'M' 'M' 'M' 'M' 'M' 'U' 'M' 'M' 'M' 'M' 'M' 'M' 'M' 'M'
 'M' 'M' 'M' 'M' 'M' 'M' 'M' 'M' 'M' 'M' 'M' 'M' 'M' 'M' 'M' 'M' 'U' 'M'
 'M' 'M' 'M' 'M' 'M' 'M' 'U' 'U' 'M' 'U' 'A' 'M' 'M' 'M' 'M' 'M' 'M' 'M'
 'M' 'M' 'M' 'M' 'M' 'M' 'M' 'M' 'M' 'M' 'U' 'M' 'M' 'M' 'M' 'U' 'M' 'M'
 'M' 'M' 'U' 'M' 'M' 'M' 'M' 'M' 'M' 'M' 'M' 'U' 'U' 'M' 'M' 'M' 'M' 'M'
 'M' 'M' 'M' 'M' 'M' 'M' 'M' 'U' 'M' 'M' 'U' 'U' 'M' 'M' 'M' 'M' 'M' 'U']"
205501,0,170,2,168,28,0,0,"['A' 'U' 'M' 'M' 'M' 'M' 'M' 'M' 'M' 'M' 'U' 'U' 'M' 'M' 'M' 'M' 'A' 'M'
 'M' 'U' 'M' 'M' 'M' 'M' 'M' 'M' 'U' 'U' 'M' 'M' 'U' 'M' 'M' 'M' 'M' 'U'
 'M' 'M' 'U' 'M' 'U' 'U' 'M' 'M' 'M' 'M' 'U' 'U' 'M' 'M' 'M' 'M' 'M' 'M'
 'M' 'M' 'M' 'M' 'M' 'M' 'M' 'U' 'M' 'M' 'M' 'M' 'M' 'M' 'M' 'M' 'U' 'M'
 'U' 'M' 'M' 'M' 'M' 'M' 'U' 'M' 'M' 'M' 'M' 'M' 'M' 'M' 'M' 'U' 'M' 'M'
 'M' 'M' 'M' 'M' 'U' 'M' 'M' 'M' 'M' 'U' 'M' 'M' 'M' 'M' 'M' 'M' 'M' 'M'
 'M' 'M' 'M' 'M' 'M' 'M' 'M' 'M' 'M' 'M' 'M' 'M' 'M' 'M' 'U' 'M' 'M' 'M'
 'M' 'M' 'M' 'M' 'M' 'M' 'U' 'M' 'M' 'M' 'U' 'M' 'M' 'M' 'M' 'M' 'M' 'M'
 'M' 'M' 'M' 'M' 'M' 'M' 'M' 'M' 'M' 'M' 'U' 'M' 'M' 'M' 'M' 'U' 'M' 'M'
 'M' 'M' 'M' 'M' 'M' 'M' 'M' 'M' 'M' 'M' 'M' 'M' 'U' 'M' 'M' 'M' 'M' 'M'
 'M' 'M' 'M' 'M' 'M' 'M' 'M' 'M' 'M' 'M' 'M' 'U' 'M' 'M' 'M' 'M' 'M' 'U']"
205601,0,169,3,166,29,0,0,"['A' 'U' 'M' 'M' 'M' 'M' 'M' 'M' 'M' 'M' 'U' 'U' 'M' 'M' 'M' 'M' 'A' 'M'
 'M' 'U' 'M' 'M' 'M' 'M' 'M' 'M' 'M' 'U' 'M' 'M' 'U' 'U' 'M' 'M' 'M' 'U'
 'M' 'M' 'A' 'M' 'U' 'U' 'M' 'M' 'M' 'M' 'U' 'U' 'M' 'M' 'M' 'M' 'M' 'M'
 'M' 'M' 'M' 'M' 'M' 'M' 'M' 'M' 'M' 'M' 'M' 'U' 'M' 'M' 'M' 'M' 'M' 'M'
 'M' 'M' 'U' 'M' 'M' 'M' 'M' 'U' 'M' 'M' 'M' 'M' 'M' 'U' 'M' 'M' 'U' 'M'
 'M' 'M' 'M' 'M' 'M' 'M' 'M' 'M' 'M' 'M' 'M' 'M' 'M' 'M' 'M' 'M' 'M' 'M'
 'M' 'M' 'M' 'M' 'M' 'M' 'M' 'M' 'M' 'M' 'M' 'M' 'M' 'M' 'U' 'M' 'M' 'M'
 'M' 'M' 'M' 'M' 'M' 'U' 'M' 'U' 'U' 'U' 'U' 'U' 'U' 'M' 'M' 'M' 'M' 'M'
 'M' 'M' 'M' 'M' 'M' 'M' 'M' 'M' 'M' 'M' 'U' 'U' 'M' 'M' 'M' 'U' 'M' 'M'
 'M' 'M' 'M' 'M' 'M' 'M' 'M' 'M' 'M' 'M' 'M' 'M' 'U' 'M' 'M' 'M' 'M' 'M'
 'M' 'M' 'M' 'M' 'M' 'M' 'M' 'M' 'M' 'M' 'M' 'M' 'M' 'M' 'M' 'M' 'M' 'M']"
205701,0,162,2,160,36,0,0,"['A' 'U' 'M' 'M' 'M' 'M' 'M' 'M' 'M' 'M' 'M' 'U' 'M' 'M' 'M' 'U' 'U' 'M'
 'M' 'U' 'U' 'M' 'M' 'M' 'M' 'M' 'M' 'U' 'M' 'M' 'U' 'U' 'M' 'M' 'M' 'U'
 'M' 'M' 'A' 'M' 'U' 'M' 'M' 'M' 'M' 'M' 'U' 'U' 'M' 'M' 'M' 'M' 'M' 'M'
 'M' 'M' 'M' 'M' 'M' 'U' 'M' 'M' 'M' 'M' 'M' 'M' 'M' 'M' 'M' 'M' 'M' 'M'
 'M' 'U' 'M' 'M' 'M' 'M' 'U' 'M' 'U' 'M' 'U' 'M' 'M' 'M' 'M' 'M' 'M' 'M'
 'M' 'M' 'M' 'M' 'U' 'M' 'M' 'U' 'M' 'M' 'M' 'M' 'M' 'M' 'M' 'M' 'U' 'M'
 'U' 'U' 'M' 'M' 'M' 'U' 'M' 'M' 'M' 'M' 'M' 'M' 'M' 'M' 'U' 'M' 'M' 'M'
 'M' 'M' 'M' 'M' 'M' 'U' 'M' 'M' 'U' 'M' 'U' 'U' 'M' 'M' 'M' 'M' 'M' 'M'
 'M' 'M' 'M' 'M' 'M' 'M' 'M' 'M' 'M' 'M' 'U' 'M' 'M' 'U' 'M' 'U' 'M' 'M'
 'M' 'M' 'M' 'M' 'M' 'M' 'M' 'M' 'M' 'M' 'M' 'M' 'U' 'M' 'M' 'M' 'U' 'M'
 'M' 'M' 'M' 'M' 'U' 'M' 'M' 'M' 'M' 'M' 'M' 'M' 'M' 'M' 'M' 'M' 'U' 'M']"
205801,0,162,2,160,36,0,0,"['A' 'U' 'M' 'M' 'M' 'M' 'M' 'M' 'M' 'M' 'M' 'U' 'M' 'M' 'M' 'M' 'U' 'M'
 'M' 'U' 'U' 'M' 'M' 'M' 'M' 'M' 'M' 'U' 'M' 'M' 'M' 'U' 'M' 'M' 'M' 'M'
 'M' 'M' 'U' 'M' 'A' 'M' 'M' 'M' 'M' 'M' 'M' 'U' 'M' 'M' 'M' 'M' 'M' 'M'
 'M' 'M' 'M' 'M' 'M' 'U' 'M' 'U' 'M' 'M' 'M' 'M' 'M' 'M' 'U' 'M' 'M' 'M'
 'M' 'M' 'M' 'M' 'U' 'M' 'M' 'M' 'M' 'M' 'M' 'U' 'M' 'M' 'U' 'M' 'M' 'M'
 'U' 'M' 'M' 'M' 'M' 'M' 'M' 'U' 'M' 'M' 'M' 'M' 'M' 'M' 'M' 'U' 'U' 'M'
 'M' 'U' 'M' 'M' 'M' 'M' 'M' 'M' 'M' 'M' 'M' 'M' 'M' 'M' 'M' 'U' 'M' 'M'
 'U' 'M' 'M' 'M' 'M' 'U' 'M' 'M' 'U' 'M' 'U' 'U' 'M' 'M' 'M' 'M' 'M' 'M'
 'M' 'M' 'M' 'M' 'M' 'M' 'M' 'M' 'M' 'M' 'U' 'M' 'M' 'U' 'M' 'U' 'M' 'U'
 'M' 'M' 'M' 'M' 'M' 'M' 'M' 'M' 'M' 'M' 'M' 'M' 'M' 'M' 'M' 'M' 'U' 'M'
 'M' 'M' 'M' 'M' 'U' 'M' 'U' 'M' 'U' 'M' 'M' 'M' 'M' 'M' 'M' 'U' 'U' 'M']"
205901,0,156,2,154,42,0,0,"['A' 'U' 'M' 'M' 'M' 'M' 'M' 'M' 'M' 'M' 'M' 'U' 'M' 'M' 'M' 'M' 'M' 'M'
 'M' 'U' 'U' 'M' 'M' 'M' 'M' 'M' 'M' 'M' 'M' 'M' 'M' 'U' 'M' 'M' 'M' 'M'
 'M' 'M' 'U' 'M' 'U' 'M' 'M' 'U' 'M' 'M' 'M' 'U' 'M' 'M' 'M' 'M' 'M' 'M'
 'M' 'M' 'M' 'M' 'M' 'U' 'M' 'U' 'M' 'M' 'M' 'M' 'U' 'M' 'M' 'M' 'M' 'M'
 'M' 'M' 'M' 'M' 'M' 'U' 'M' 'M' 'M' 'M' 'U' 'U' 'U' 'M' 'M' 'M' 'M' 'M'
 'M' 'M' 'M' 'M' 'M' 'U' 'M' 'U' 'M' 'M' 'M' 'M' 'M' 'M' 'M' 'U' 'U' 'M'
 'U' 'U' 'M' 'M' 'M' 'M' 'M' 'M' 'M' 'M' 'M' 'M' 'M' 'M' 'M' 'U' 'M' 'U'
 'M' 'M' 'M' 'M' 'M' 'U' 'U' 'U' 'U' 'U' 'U' 'U' 'A' 'M' 'M' 'M' 'M' 'M'
 'M' 'M' 'M' 'M' 'M' 'M' 'M' 'M' 'M' 'M' 'U' 'M' 'M' 'U' 'M' 'U' 'M' 'U'
 'M' 'M' 'M' 'M' 'M' 'M' 'M' 'M' 'M' 'M' 'M' 'M' 'M' 'M' 'M' 'M' 'U' 'M'
 'M' 'M' 'M' 'M' 'U' 'M' 'M' 'M' 'U' 'M' 'M' 'U' 'M' 'M' 'U' 'U' 'U' 'M']"
206001,0,155,2,153,43,0,0,"['A' 'U' 'M' 'M' 'M' 'M' 'M' 'M' 'M' 'M' 'M' 'U' 'M' 'M' 'U' 'M' 'M' 'M'
 'M' 'U' 'U' 'M' 'M' 'M' 'M' 'M' 'M' 'M' 'M' 'M' 'M' 'U' 'M' 'M' 'M' 'M'
 'M' 'M' 'U' 'M' 'U' 'M' 'M' 'M' 'M' 'M' 'M' 'U' 'M' 'M' 'M' 'M' 'M' 'M'
 'U' 'M' 'M' 'M' 'M' 'U' 'M' 'M' 'M' 'M' 'M' 'U' 'M' 'U' 'M' 'U' 'M' 'M'
 'M' 'M' 'M' 'M' 'M' 'U' 'M' 'M' 'M' 'M' 'M' 'M' 'M' 'M' 'M' 'M' 'M' 'M'
 'M' 'M' 'M' 'U' 'M' 'U' 'M' 'U' 'M' 'M' 'M' 'M' 'M' 'U' 'M' 'M' 'U' 'M'
 'U' 'U' 'M' 'M' 'M' 'M' 'M' 'M' 'M' 'M' 'M' 'M' 'M' 'M' 'U' 'U' 'M' 'U'
 'M' 'M' 'M' 'M' 'U' 'U' 'U' 'U' 'U' 'U' 'U' 'U' 'A' 'M' 'M' 'M' 'M' 'M'
 'M' 'M' 'M' 'M' 'M' 'M' 'M' 'M' 'M' 'M' 'M' 'M' 'M' 'U' 'M' 'U' 'M' 'U'
 'M' 'M' 'M' 'M' 'M' 'M' 'M' 'M' 'M' 'M' 'M' 'M' 'M' 'M' 'M' 'M' 'U' 'M'
 'M' 'M' 'M' 'M' 'U' 'M' 'M' 'U' 'U' 'M' 'M' 'U' 'M' 'M' 'U' 'M' 'U' 'M']"
206101,0,158,1,157,40,0,0,"['A' 'U' 'M' 'M' 'M' 'M' 'M' 'M' 'U' 'M' 'M' 'U' 'M' 'M' 'U' 'M' 'M' 'M'
 'M' 'U' 'M' 'M' 'M' 'M' 'M' 'M' 'M' 'M' 'M' 'M' 'M' 'U' 'M' 'M' 'M' 'M'
 'M' 'M' 'U' 'M' 'U' 'M' 'M' 'M' 'M' 'M' 'M' 'U' 'M' 'M' 'M' 'M' 'M' 'M'
 'M' 'M' 'M' 'M' 'M' 'M' 'M' 'M' 'U' 'M' 'M' 'U' 'M' 'M' 'M' 'M' 'M' 'M'
 'U' 'M' 'M' 'M' 'M' 'M' 'M' 'M' 'M' 'M' 'U' 'U' 'M' 'U' 'M' 'M' 'M' 'M'
 'M' 'M' 'M' 'M' 'M' 'U' 'M' 'U' 'M' 'M' 'M' 'M' 'M' 'U' 'M' 'M' 'M' 'M'
 'U' 'U' 'U' 'M' 'M' 'M' 'M' 'M' 'M' 'M' 'M' 'M' 'M' 'M' 'M' 'U' 'M' 'M'
 'M' 'M' 'M' 'M' 'U' 'U' 'U' 'M' 'U' 'U' 'U' 'U' 'U' 'M' 'M' 'M' 'M' 'M'
 'M' 'M' 'M' 'M' 'M' 'M' 'M' 'M' 'M' 'M' 'M' 'M' 'M' 'M' 'M' 'U' 'M' 'U'
 'M' 'M' 'U' 'M' 'M' 'M' 'M' 'M' 'M' 'M' 'M' 'M' 'M' 'M' 'M' 'M' 'U' 'M'
 'M' 'M' 'M' 'M' 'U' 'M' 'M' 'U' 'U' 'M' 'M' 'U' 'M' 'M' 'U' 'M' 'U' 'M']"
206201,0,170,2,168,28,0,1,"['A' 'U' 'M' 'M' 'M' 'M' 'M' 'M' 'M' 'M' 'M' 'M' 'M' 'M' 'M' 'M' 'M' 'M'
 'M' 'U' 'M' 'M' 'M' 'M' 'M' 'M' 'M' 'M' 'M' 'M' 'M' 'U' 'M' 'M' 'M' 'M'
 'M' 'M' 'M' 'M' 'M' 'M' 'M' 'M' 'M' 'M' 'M' 'U' 'M' 'M' 'M' 'M' 'M' 'M'
 'M' 'M' 'M' 'M' 'M' 'M' 'M' 'U' 'M' 'M' 'M' 'M' 'U' 'M' 'M' 'M' 'M' 'M'
 'M' 'U' 'M' 'U' 'M' 'M' 'M' 'M' 'M' 'M' 'M' 'M' 'M' 'M' 'U' 'M' 'M' 'M'
 'U' 'M' 'M' 'M' 'M' 'U' 'M' 'U' 'M' 'M' 'M' 'M' 'M' 'U' 'M' 'M' 'M' 'M'
 'U' 'U' 'U' 'M' 'M' 'M' 'M' 'M' 'M' 'M' 'M' 'M' 'M' 'M' 'M' 'U' 'M' 'M'
 'M' 'M' 'M' 'M' 'U' 'U' 'U' 'M' 'U' 'A' 'U' 'U' 'M' 'M' 'M' 'M' 'M' 'M'
 'M' 'M' 'M' 'M' 'M' 'M' 'M' 'M' 'M' 'M' 'M' 'M' 'M' 'M' 'M' 'U' 'M' 'M'
 'M' 'M' 'U' 'M' 'M' 'M' 'M' 'M' 'M' 'M' 'M' 'M' 'M' 'M' 'M' 'M' 'M' 'M'
 'M' 'M' 'M' 'M' 'M' 'M' 'M' 'U' 'U' 'M' 'M' 'U' 'M' 'M' 'M' 'M' 'M' 'M']"
206301,0,169,2,167,29,0,0,"['A' 'M' 'M' 'M' 'M' 'M' 'M' 'M' 'M' 'M' 'M' 'M' 'M' 'M' 'M' 'M' 'M' 'M'
 'M' 'U' 'M' 'M' 'M' 'M' 'M' 'M' 'U' 'M' 'M' 'M' 'M' 'U' 'M' 'M' 'M' 'M'
 'U' 'M' 'U' 'M' 'M' 'M' 'M' 'M' 'M' 'M' 'M' 'U' 'M' 'M' 'M' 'M' 'M' 'M'
 'M' 'M' 'M' 'M' 'M' 'M' 'M' 'U' 'M' 'M' 'M' 'M' 'M' 'M' 'U' 'M' 'U' 'U'
 'M' 'M' 'M' 'M' 'M' 'M' 'M' 'M' 'M' 'M' 'M' 'M' 'M' 'M' 'M' 'M' 'U' 'M'
 'M' 'M' 'M' 'U' 'M' 'U' 'M' 'U' 'M' 'M' 'M' 'M' 'M' 'U' 'M' 'M' 'M' 'M'
 'M' 'M' 'M' 'M' 'M' 'M' 'M' 'M' 'M' 'M' 'M' 'M' 'M' 'M' 'M' 'M' 'M' 'M'
 'M' 'M' 'M' 'M' 'U' 'M' 'U' 'M' 'U' 'A' 'U' 'U' 'U' 'M' 'M' 'M' 'M' 'M'
 'U' 'M' 'M' 'M' 'M' 'M' 'M' 'M' 'M' 'M' 'M' 'M' 'M' 'M' 'M' 'U' 'M' 'M'
 'M' 'M' 'U' 'M' 'M' 'M' 'M' 'M' 'M' 'M' 'U' 'M' 'U' 'M' 'M' 'M' 'M' 'M'
 'U' 'M' 'M' 'M' 'M' 'M' 'M' 'U' 'M' 'M' 'M' 'M' 'M' 'M' 'U' 'M' 'M' 'M']"
206401,0,166,1,165,32,0,0,"['A' 'M' 'M' 'M' 'M' 'M' 'M' 'M' 'M' 'M' 'M' 'M' 'M' 'M' 'M' 'M' 'M' 'M'
 'M' 'U' 'M' 'M' 'M' 'M' 'M' 'M' 'U' 'U' 'M' 'M' 'M' 'M' 'M' 'M' 'M' 'M'
 'U' 'M' 'M' 'M' 'M' 'M' 'M' 'M' 'M' 'M' 'M' 'U' 'M' 'M' 'M' 'M' 'M' 'M'
 'U' 'M' 'M' 'M' 'M' 'M' 'M' 'U' 'U' 'M' 'M' 'M' 'U' 'M' 'M' 'M' 'U' 'M'
 'M' 'U' 'M' 'M' 'M' 'M' 'M' 'M' 'M' 'U' 'M' 'M' 'M' 'M' 'M' 'M' 'M' 'M'
 'M' 'M' 'M' 'U' 'M' 'U' 'M' 'M' 'M' 'M' 'M' 'M' 'M' 'M' 'M' 'M' 'M' 'M'
 'M' 'M' 'M' 'M' 'M' 'M' 'M' 'M' 'M' 'M' 'U' 'M' 'M' 'M' 'M' 'M' 'M' 'U'
 'M' 'U' 'M' 'M' 'U' 'M' 'U' 'U' 'M' 'M' 'U' 'M' 'U' 'U' 'M' 'M' 'M' 'M'
 'U' 'M' 'M' 'M' 'M' 'M' 'U' 'M' 'M' 'M' 'M' 'M' 'M' 'M' 'M' 'U' 'M' 'M'
 'M' 'M' 'U' 'M' 'M' 'M' 'M' 'M' 'M' 'M' 'U' 'M' 'U' 'M' 'M' 'M' 'M' 'M'
 'U' 'M' 'M' 'M' 'M' 'M' 'M' 'M' 'M' 'U' 'M' 'M' 'M' 'M' 'U' 'M' 'M' 'M']"
206501,1,155,1,154,43,0,1,"['A' 'M' 'M' 'M' 'M' 'M' 'M' 'U' 'M' 'M' 'M' 'M' 'M' 'U' 'M' 'M' 'M' 'M'
 'M' 'U' 'M' 'U' 'M' 'M' 'M' 'M' 'U' 'U' 'M' 'M' 'M' 'M' 'M' 'M' 'M' 'M'
 'U' 'M' 'M' 'M' 'M' 'M' 'M' 'M' 'M' 'U' 'M' 'U' 'M' 'M' 'M' 'M' 'M' 'M'
 'U' 'M' 'M' 'M' 'M' 'M' 'M' 'M' 'U' 'M' 'M' 'U' 'M' 'M' 'M' 'M' 'M' 'M'
 'M' 'M' 'M' 'M' 'M' 'M' 'M' 'M' 'M' 'M' 'M' 'M' 'U' 'U' 'M' 'M' 'U' 'M'
 'U' 'M' 'M' 'M' 'M' 'U' 'M' 'M' 'M' 'M' 'M' 'M' 'M' 'M' 'M' 'M' 'M' 'M'
 'M' 'M' 'M' 'U' 'M' 'M' 'M' 'M' 'M' 'M' 'U' 'M' 'M' 'M' 'M' 'M' 'M' 'U'
 'M' 'U' 'M' 'M' 'U' 'M' 'U' 'U' 'U' 'U' 'U' 'M' 'U' 'U' 'M' 'M' 'M' 'M'
 'U' 'U' 'M' 'M' 'M' 'M' 'U' 'M' 'M' 'M' 'M' 'M' 'M' 'M' 'M' 'U' 'M' 'M'
 'M' 'M' 'U' 'M' 'M' 'M' 'M' 'M' 'M' 'M' 'U' 'M' 'U' 'M' 'M' 'M' 'U' 'M'
 'U' 'M' 'M' 'M' 'M' 'M' 'M' 'M' 'M' 'U' 'U' 'U' 'U' 'M' 'M' 'U' 'M' 'M']"
206601,0,152,1,151,46,0,0,"['A' 'M' 'M' 'M' 'M' 'M' 'M' 'U' 'M' 'M' 'M' 'M' 'M' 'U' 'M' 'M' 'M' 'M'
 'M' 'U' 'M' 'U' 'M' 'M' 'M' 'M' 'U' 'M' 'U' 'M' 'M' 'M' 'M' 'M' 'M' 'M'
 'U' 'M' 'M' 'M' 'M' 'M' 'U' 'M' 'M' 'U' 'M' 'U' 'M' 'M' 'M' 'U' 'M' 'M'
 'U' 'M' 'M' 'M' 'M' 'M' 'M' 'U' 'U' 'M' 'M' 'M' 'U' 'M' 'M' 'M' 'M' 'U'
 'M' 'M' 'M' 'M' 'M' 'M' 'M' 'M' 'M' 'U' 'U' 'M' 'M' 'U' 'M' 'M' 'M' 'M'
 'M' 'M' 'M' 'M' 'M' 'M' 'M' 'M' 'M' 'M' 'M' 'M' 'M' 'M' 'M' 'M' 'M' 'M'
 'M' 'M' 'M' 'U' 'M' 'M' 'M' 'M' 'M' 'M' 'M' 'M' 'U' 'M' 'M' 'M' 'M' 'U'
 'M' 'U' 'M' 'M' 'U' 'M' 'M' 'U' 'U' 'U' 'U' 'U' 'U' 'U' 'U' 'M' 'M' 'M'
 'U' 'U' 'M' 'M' 'M' 'M' 'M' 'M' 'M' 'M' 'M' 'M' 'M' 'M' 'M' 'M' 'M' 'M'
 'M' 'M' 'U' 'M' 'M' 'M' 'M' 'M' 'M' 'M' 'U' 'M' 'U' 'M' 'M' 'M' 'U' 'M'
 'U' 'M' 'M' 'U' 'M' 'M' 'M' 'M' 'M' 'U' 'U' 'U' 'U' 'M' 'M' 'U' 'M' 'U']"
206701,0,157,1,156,41,0,0,"['A' 'M' 'M' 'M' 'M' 'M' 'M' 'U' 'M' 'U' 'M' 'M' 'M' 'U' 'M' 'M' 'M' 'M'
 'M' 'U' 'M' 'U' 'M' 'M' 'M' 'M' 'U' 'M' 'U' 'M' 'U' 'M' 'M' 'M' 'M' 'M'
 'U' 'M' 'M' 'M' 'M' 'M' 'U' 'M' 'M' 'U' 'M' 'M' 'M' 'M' 'M' 'M' 'M' 'M'
 'U' 'M' 'M' 'M' 'M' 'M' 'M' 'U' 'U' 'M' 'M' 'M' 'M' 'M' 'M' 'M' 'M' 'M'
 'M' 'M' 'U' 'M' 'M' 'M' 'M' 'M' 'M' 'M' 'M' 'U' 'M' 'M' 'M' 'M' 'U' 'U'
 'M' 'M' 'M' 'U' 'M' 'M' 'M' 'M' 'M' 'M' 'M' 'M' 'M' 'M' 'M' 'M' 'M' 'M'
 'M' 'M' 'M' 'U' 'M' 'M' 'M' 'M' 'M' 'M' 'M' 'M' 'M' 'M' 'M' 'U' 'M' 'U'
 'M' 'M' 'M' 'M' 'M' 'U' 'U' 'U' 'U' 'U' 'U' 'U' 'U' 'M' 'M' 'M' 'M' 'M'
 'U' 'U' 'M' 'M' 'M' 'M' 'M' 'M' 'M' 'M' 'M' 'M' 'M' 'M' 'M' 'M' 'M' 'M'
 'M' 'M' 'U' 'M' 'M' 'M' 'M' 'M' 'M' 'M' 'U' 'M' 'U' 'M' 'M' 'M' 'U' 'M'
 'M' 'M' 'M' 'U' 'M' 'M' 'M' 'M' 'M' 'M' 'U' 'U' 'U' 'M' 'M' 'M' 'M' 'U']"
206801,0,152,2,150,46,0,0,"['A' 'M' 'M' 'M' 'M' 'M' 'M' 'U' 'M' 'U' 'M' 'M' 'M' 'U' 'M' 'M' 'M' 'M'
 'M' 'U' 'M' 'M' 'M' 'M' 'M' 'M' 'U' 'M' 'U' 'M' 'U' 'M' 'M' 'U' 'M' 'M'
 'U' 'M' 'U' 'M' 'M' 'M' 'M' 'M' 'M' 'U' 'M' 'M' 'M' 'M' 'M' 'M' 'M' 'M'
 'U' 'M' 'M' 'M' 'M' 'M' 'M' 'U' 'U' 'M' 'M' 'M' 'M' 'M' 'M' 'M' 'U' 'U'
 'M' 'M' 'U' 'M' 'M' 'M' 'M' 'M' 'U' 'M' 'M' 'M' 'M' 'M' 'M' 'M' 'M' 'U'
 'M' 'M' 'M' 'M' 'M' 'M' 'M' 'M' 'M' 'U' 'M' 'M' 'M' 'M' 'M' 'A' 'U' 'M'
 'M' 'M' 'M' 'U' 'M' 'M' 'M' 'U' 'M' 'M' 'M' 'M' 'M' 'M' 'U' 'U' 'M' 'U'
 'M' 'M' 'M' 'M' 'M' 'U' 'U' 'U' 'U' 'M' 'M' 'U' 'U' 'M' 'M' 'M' 'M' 'M'
 'U' 'U' 'M' 'U' 'M' 'M' 'M' 'M' 'M' 'M' 'M' 'U' 'M' 'M' 'M' 'M' 'M' 'M'
 'M' 'M' 'U' 'M' 'M' 'M' 'M' 'M' 'M' 'U' 'U' 'M' 'U' 'M' 'M' 'M' 'U' 'M'
 'M' 'M' 'M' 'U' 'M' 'M' 'U' 'M' 'M' 'M' 'U' 'U' 'M' 'M' 'M' 'U' 'M' 'M']"
206901,0,157,3,154,41,0,1,"['A' 'M' 'M' 'M' 'M' 'M' 'M' 'M' 'M' 'U' 'M' 'M' 'M' 'M' 'M' 'M' 'M' 'U'
 'M' 'U' 'M' 'M' 'M' 'M' 'M' 'U' 'U' 'M' 'U' 'M' 'M' 'M' 'M' 'U' 'M' 'M'
 'U' 'M' 'U' 'M' 'M' 'M' 'M' 'M' 'M' 'M' 'M' 'M' 'M' 'M' 'M' 'M' 'M' 'M'
 'U' 'M' 'M' 'M' 'M' 'M' 'M' 'U' 'U' 'M' 'M' 'U' 'M' 'U' 'M' 'M' 'M' 'M'
 'M' 'U' 'M' 'M' 'M' 'M' 'M' 'U' 'M' 'M' 'M' 'M' 'M' 'M' 'M' 'M' 'M' 'M'
 'M' 'M' 'M' 'U' 'M' 'M' 'M' 'M' 'M' 'A' 'M' 'M' 'M' 'M' 'M' 'A' 'U' 'M'
 'M' 'M' 'M' 'M' 'U' 'M' 'M' 'M' 'M' 'M' 'M' 'M' 'M' 'M' 'U' 'U' 'M' 'U'
 'M' 'M' 'M' 'M' 'U' 'U' 'M' 'M' 'U' 'M' 'M' 'M' 'M' 'M' 'M' 'U' 'M' 'M'
 'U' 'U' 'M' 'U' 'M' 'U' 'M' 'M' 'M' 'M' 'M' 'U' 'M' 'M' 'M' 'M' 'M' 'M'
 'M' 'M' 'U' 'M' 'M' 'M' 'M' 'M' 'M' 'M' 'M' 'M' 'U' 'M' 'M' 'M' 'U' 'M'
 'M' 'M' 'M' 'U' 'M' 'M' 'U' 'M' 'M' 'M' 'U' 'U' 'M' 'M' 'U' 'U' 'U' 'M']"
207001,0,164,3,161,34,0,0,"['A' 'M' 'M' 'M' 'M' 'M' 'M' 'M' 'M' 'M' 'M' 'M' 'M' 'M' 'M' 'M' 'M' 'U'
 'M' 'M' 'M' 'M' 'M' 'M' 'M' 'U' 'U' 'M' 'U' 'M' 'M' 'M' 'M' 'U' 'M' 'M'
 'M' 'M' 'U' 'M' 'M' 'M' 'M' 'M' 'M' 'M' 'M' 'M' 'M' 'U' 'M' 'M' 'M' 'M'
 'U' 'M' 'M' 'M' 'M' 'M' 'M' 'M' 'U' 'M' 'M' 'M' 'M' 'U' 'M' 'M' 'U' 'M'
 'U' 'M' 'M' 'M' 'M' 'M' 'M' 'M' 'M' 'M' 'M' 'M' 'M' 'M' 'M' 'M' 'M' 'U'
 'U' 'M' 'M' 'M' 'M' 'M' 'M' 'M' 'M' 'A' 'M' 'M' 'M' 'M' 'M' 'A' 'U' 'M'
 'M' 'M' 'M' 'M' 'M' 'M' 'M' 'M' 'M' 'M' 'M' 'M' 'M' 'M' 'M' 'U' 'M' 'U'
 'M' 'M' 'M' 'M' 'U' 'U' 'M' 'U' 'U' 'M' 'M' 'M' 'M' 'M' 'U' 'M' 'M' 'M'
 'U' 'M' 'M' 'U' 'U' 'M' 'M' 'M' 'M' 'M' 'M' 'U' 'M' 'M' 'M' 'M' 'M' 'M'
 'M' 'M' 'U' 'M' 'M' 'M' 'M' 'M' 'M' 'M' 'M' 'M' 'U' 'M' 'U' 'M' 'U' 'M'
 'M' 'M' 'M' 'U' 'M' 'M' 'U' 'M' 'M' 'M' 'M' 'M' 'M' 'M' 'U' 'M' 'U' 'M']"
207101,0,164,3,161,34,0,0,"['A' 'M' 'M' 'M' 'M' 'M' 'M' 'M' 'M' 'M' 'M' 'M' 'U' 'M' 'M' 'M' 'M' 'U'
 'M' 'M' 'M' 'M' 'M' 'M' 'U' 'U' 'U' 'M' 'U' 'M' 'M' 'U' 'M' 'U' 'M' 'M'
 'M' 'M' 'U' 'M' 'M' 'M' 'M' 'M' 'M' 'M' 'M' 'M' 'M' 'M' 'M' 'M' 'M' 'M'
 'M' 'M' 'M' 'M' 'M' 'M' 'U' 'M' 'M' 'M' 'U' 'M' 'M' 'M' 'M' 'M' 'M' 'U'
 'M' 'M' 'M' 'M' 'M' 'M' 'M' 'U' 'M' 'M' 'M' 'U' 'M' 'M' 'M' 'M' 'M' 'U'
 'M' 'U' 'M' 'M' 'M' 'M' 'M' 'M' 'M' 'A' 'M' 'M' 'M' 'M' 'M' 'A' 'U' 'M'
 'M' 'M' 'M' 'M' 'M' 'M' 'M' 'M' 'M' 'M' 'M' 'M' 'M' 'M' 'M' 'M' 'M' 'U'
 'M' 'M' 'M' 'M' 'U' 'M' 'M' 'U' 'U' 'M' 'M' 'U' 'U' 'M' 'M' 'M' 'M' 'M'
 'U' 'M' 'M' 'U' 'U' 'M' 'M' 'M' 'M' 'M' 'M' 'U' 'M' 'M' 'M' 'M' 'M' 'M'
 'M' 'M' 'M' 'M' 'M' 'M' 'M' 'M' 'M' 'M' 'M' 'M' 'U' 'M' 'U' 'M' 'U' 'M'
 'M' 'M' 'M' 'U' 'M' 'M' 'U' 'M' 'M' 'M' 'M' 'M' 'M' 'M' 'U' 'M' 'U' 'M']"
207201,0,160,3,157,38,1,0,"['A' 'M' 'M' 'M' 'U' 'M' 'M' 'M' 'M' 'M' 'M' 'M' 'U' 'M' 'M' 'M' 'M' 'U'
 'M' 'M' 'M' 'M' 'M' 'M' 'U' 'M' 'U' 'M' 'U' 'M' 'U' 'U' 'M' 'U' 'M' 'M'
 'M' 'U' 'U' 'M' 'M' 'M' 'M' 'M' 'U' 'M' 'M' 'M' 'U' 'U' 'M' 'M' 'M' 'M'
 'M' 'M' 'M' 'M' 'M' 'M' 'U' 'U' 'M' 'M' 'U' 'M' 'M' 'U' 'M' 'M' 'M' 'M'
 'M' 'M' 'M' 'M' 'U' 'M' 'M' 'M' 'M' 'M' 'M' 'M' 'M' 'U' 'M' 'M' 'U' 'M'
 'M' 'U' 'M' 'M' 'M' 'U' 'M' 'M' 'M' 'A' 'M' 'M' 'M' 'M' 'M' 'A' 'U' 'M'
 'M' 'M' 'M' 'M' 'M' 'M' 'M' 'M' 'M' 'M' 'M' 'M' 'M' 'M' 'M' 'M' 'M' 'U'
 'M' 'M' 'M' 'M' 'U' 'M' 'M' 'M' 'U' 'M' 'M' 'M' 'M' 'M' 'M' 'M' 'M' 'M'
 'U' 'M' 'M' 'U' 'U' 'M' 'M' 'M' 'M' 'M' 'M' 'U' 'M' 'M' 'M' 'M' 'M' 'M'
 'M' 'M' 'M' 'M' 'M' 'M' 'M' 'M' 'M' 'M' 'M' 'M' 'U' 'M' 'U' 'M' 'U' 'M'
 'M' 'M' 'M' 'U' 'M' 'M' 'U' 'M' 'M' 'M' 'M' 'M' 'M' 'U' 'U' 'M' 'M' 'M']"
207301,0,163,3,160,35,0,0,"['A' 'M' 'M' 'M' 'U' 'M' 'U' 'M' 'M' 'M' 'M' 'M' 'U' 'M' 'M' 'U' 'M' 'U'
 'M' 'M' 'M' 'M' 'M' 'M' 'U' 'M' 'M' 'M' 'U' 'M' 'U' 'M' 'M' 'U' 'M' 'M'
 'M' 'U' 'M' 'M' 'M' 'M' 'M' 'M' 'U' 'M' 'U' 'M' 'U' 'U' 'M' 'M' 'M' 'M'
 'M' 'M' 'M' 'U' 'M' 'M' 'U' 'M' 'M' 'M' 'U' 'M' 'U' 'M' 'U' 'M' 'M' 'M'
 'U' 'U' 'M' 'M' 'M' 'M' 'M' 'M' 'M' 'M' 'M' 'M' 'M' 'U' 'M' 'M' 'M' 'M'
 'M' 'M' 'M' 'M' 'M' 'U' 'M' 'M' 'M' 'A' 'M' 'U' 'M' 'M' 'M' 'A' 'M' 'M'
 'M' 'M' 'M' 'M' 'M' 'M' 'M' 'M' 'M' 'M' 'M' 'U' 'M' 'M' 'M' 'M' 'M' 'U'
 'M' 'M' 'M' 'M' 'U' 'M' 'M' 'M' 'U' 'M' 'M' 'M' 'M' 'M' 'M' 'M' 'M' 'M'
 'M' 'M' 'M' 'U' 'M' 'M' 'M' 'M' 'M' 'U' 'U' 'M' 'M' 'M' 'M' 'M' 'M' 'M'
 'M' 'M' 'M' 'M' 'M' 'M' 'M' 'M' 'M' 'M' 'M' 'M' 'M' 'M' 'U' 'M' 'U' 'M'
 'M' 'M' 'M' 'U' 'M' 'M' 'U' 'M' 'M' 'M' 'M' 'M' 'M' 'M' 'M' 'M' 'M' 'M']"
207401,0,165,4,161,33,0,0,"['A' 'M' 'M' 'M' 'U' 'M' 'U' 'M' 'M' 'M' 'M' 'M' 'U' 'M' 'M' 'U' 'M' 'U'
 'M' 'M' 'M' 'M' 'M' 'M' 'U' 'M' 'M' 'M' 'U' 'M' 'M' 'M' 'M' 'U' 'M' 'M'
 'M' 'U' 'M' 'M' 'M' 'M' 'M' 'M' 'M' 'M' 'M' 'M' 'M' 'U' 'M' 'M' 'U' 'M'
 'M' 'M' 'M' 'U' 'M' 'M' 'U' 'M' 'M' 'M' 'U' 'U' 'M' 'U' 'M' 'M' 'M' 'M'
 'M' 'M' 'U' 'M' 'M' 'M' 'M' 'M' 'U' 'M' 'M' 'M' 'M' 'M' 'M' 'U' 'M' 'M'
 'M' 'M' 'M' 'M' 'M' 'U' 'M' 'M' 'M' 'A' 'M' 'U' 'M' 'M' 'M' 'A' 'M' 'U'
 'M' 'M' 'M' 'M' 'M' 'M' 'M' 'M' 'M' 'M' 'M' 'U' 'M' 'M' 'M' 'M' 'M' 'M'
 'M' 'M' 'M' 'M' 'U' 'M' 'M' 'M' 'U' 'M' 'M' 'M' 'M' 'M' 'U' 'M' 'M' 'M'
 'M' 'M' 'M' 'U' 'M' 'M' 'M' 'M' 'M' 'U' 'M' 'M' 'M' 'M' 'M' 'M' 'M' 'M'
 'M' 'M' 'M' 'U' 'M' 'M' 'M' 'M' 'M' 'M' 'M' 'M' 'M' 'M' 'M' 'M' 'U' 'U'
 'U' 'M' 'M' 'M' 'M' 'M' 'A' 'M' 'M' 'M' 'M' 'M' 'U' 'M' 'M' 'M' 'M' 'M']"
207501,0,164,4,160,34,0,0,"['A' 'M' 'M' 'M' 'U' 'M' 'M' 'M' 'M' 'M' 'M' 'M' 'U' 'M' 'M' 'U' 'M' 'U'
 'M' 'M' 'M' 'M' 'M' 'M' 'U' 'M' 'M' 'M' 'U' 'M' 'M' 'M' 'M' 'U' 'M' 'M'
 'M' 'U' 'M' 'M' 'U' 'M' 'M' 'M' 'M' 'M' 'M' 'U' 'M' 'U' 'M' 'M' 'M' 'M'
 'M' 'M' 'M' 'U' 'M' 'M' 'U' 'M' 'M' 'M' 'U' 'U' 'M' 'M' 'M' 'M' 'M' 'M'
 'M' 'U' 'M' 'M' 'M' 'M' 'U' 'M' 'M' 'M' 'M' 'M' 'M' 'M' 'M' 'M' 'M' 'U'
 'U' 'M' 'M' 'M' 'M' 'U' 'M' 'M' 'M' 'A' 'M' 'U' 'M' 'M' 'M' 'A' 'M' 'U'
 'M' 'U' 'M' 'M' 'M' 'M' 'M' 'M' 'M' 'M' 'M' 'U' 'M' 'M' 'M' 'U' 'M' 'M'
 'M' 'M' 'M' 'M' 'U' 'M' 'M' 'M' 'M' 'M' 'M' 'M' 'M' 'M' 'M' 'M' 'M' 'M'
 'M' 'U' 'M' 'U' 'M' 'M' 'M' 'M' 'M' 'M' 'M' 'M' 'M' 'M' 'M' 'M' 'M' 'M'
 'M' 'M' 'M' 'U' 'M' 'M' 'M' 'M' 'M' 'M' 'M' 'M' 'M' 'U' 'M' 'U' 'M' 'U'
 'M' 'M' 'M' 'M' 'M' 'M' 'A' 'M' 'U' 'M' 'M' 'M' 'U' 'M' 'M' 'M' 'M' 'M']"
207601,0,154,4,150,44,1,0,"['A' 'M' 'M' 'M' 'U' 'M' 'M' 'M' 'M' 'M' 'M' 'M' 'U' 'M' 'U' 'U' 'M' 'M'
 'U' 'M' 'M' 'M' 'M' 'M' 'U' 'M' 'M' 'M' 'M' 'M' 'M' 'M' 'M' 'U' 'U' 'M'
 'M' 'M' 'U' 'M' 'U' 'M' 'M' 'M' 'M' 'M' 'M' 'M' 'M' 'U' 'M' 'M' 'M' 'M'
 'M' 'M' 'M' 'U' 'M' 'M' 'U' 'M' 'M' 'M' 'U' 'U' 'M' 'M' 'M' 'U' 'M' 'M'
 'U' 'M' 'M' 'M' 'M' 'M' 'U' 'M' 'M' 'M' 'M' 'M' 'M' 'M' 'M' 'M' 'M' 'M'
 'M' 'M' 'M' 'U' 'M' 'U' 'M' 'U' 'M' 'A' 'M' 'M' 'U' 'M' 'M' 'A' 'M' 'U'
 'M' 'U' 'M' 'M' 'M' 'M' 'M' 'M' 'M' 'M' 'M' 'M' 'M' 'M' 'M' 'M' 'M' 'M'
 'M' 'M' 'M' 'M' 'U' 'U' 'U' 'U' 'U' 'U' 'M' 'U' 'U' 'M' 'M' 'M' 'U' 'M'
 'M' 'U' 'M' 'U' 'M' 'M' 'M' 'M' 'M' 'M' 'M' 'M' 'M' 'M' 'M' 'M' 'M' 'M'
 'M' 'M' 'M' 'M' 'M' 'M' 'M' 'M' 'U' 'M' 'M' 'M' 'M' 'U' 'M' 'U' 'M' 'U'
 'U' 'M' 'M' 'M' 'M' 'M' 'A' 'U' 'U' 'M' 'M' 'M' 'U' 'M' 'M' 'U' 'M' 'M']"
207701,0,153,5,148,45,0,0,"['A' 'M' 'M' 'M' 'U' 'M' 'M' 'U' 'M' 'M' 'U' 'M' 'U' 'A' 'M' 'M' 'M' 'M'
 'U' 'M' 'M' 'M' 'M' 'M' 'U' 'M' 'M' 'M' 'M' 'M' 'M' 'M' 'M' 'M' 'M' 'M'
 'U' 'M' 'M' 'M' 'U' 'M' 'M' 'M' 'M' 'M' 'M' 'M' 'M' 'M' 'M' 'M' 'M' 'M'
 'M' 'M' 'M' 'U' 'M' 'M' 'U' 'M' 'M' 'M' 'U' 'M' 'U' 'M' 'M' 'U' 'M' 'M'
 'M' 'U' 'M' 'M' 'U' 'M' 'M' 'M' 'M' 'M' 'M' 'M' 'M' 'M' 'M' 'M' 'M' 'M'
 'M' 'M' 'U' 'M' 'M' 'U' 'M' 'M' 'M' 'U' 'M' 'M' 'U' 'U' 'M' 'A' 'M' 'U'
 'M' 'M' 'M' 'M' 'M' 'M' 'M' 'U' 'U' 'M' 'M' 'M' 'M' 'U' 'M' 'M' 'M' 'M'
 'M' 'U' 'M' 'M' 'U' 'U' 'U' 'U' 'U' 'U' 'U' 'U' 'U' 'M' 'M' 'M' 'U' 'M'
 'M' 'U' 'M' 'U' 'M' 'M' 'M' 'M' 'M' 'M' 'M' 'M' 'M' 'M' 'M' 'M' 'M' 'M'
 'U' 'M' 'M' 'M' 'M' 'M' 'M' 'M' 'U' 'M' 'M' 'M' 'M' 'A' 'M' 'M' 'U' 'U'
 'U' 'M' 'M' 'M' 'M' 'M' 'A' 'M' 'U' 'M' 'M' 'M' 'M' 'U' 'M' 'U' 'M' 'M']"
207801,0,156,4,152,42,0,0,"['A' 'M' 'M' 'M' 'U' 'M' 'M' 'U' 'M' 'M' 'M' 'M' 'U' 'A' 'M' 'M' 'M' 'M'
 'M' 'M' 'M' 'M' 'M' 'M' 'U' 'M' 'M' 'M' 'M' 'M' 'M' 'M' 'M' 'M' 'M' 'M'
 'M' 'M' 'M' 'M' 'M' 'M' 'M' 'M' 'M' 'M' 'M' 'M' 'M' 'M' 'M' 'M' 'M' 'M'
 'M' 'M' 'M' 'M' 'M' 'M' 'U' 'M' 'M' 'M' 'U' 'M' 'M' 'M' 'M' 'M' 'M' 'M'
 'M' 'M' 'M' 'M' 'U' 'M' 'M' 'M' 'M' 'U' 'M' 'M' 'M' 'M' 'M' 'M' 'M' 'M'
 'U' 'U' 'U' 'M' 'M' 'U' 'M' 'M' 'M' 'U' 'M' 'M' 'U' 'U' 'M' 'A' 'M' 'U'
 'M' 'M' 'M' 'M' 'M' 'M' 'M' 'U' 'U' 'M' 'M' 'M' 'M' 'U' 'M' 'M' 'M' 'M'
 'M' 'M' 'M' 'M' 'M' 'M' 'U' 'U' 'U' 'U' 'U' 'U' 'M' 'M' 'M' 'M' 'U' 'M'
 'M' 'U' 'M' 'U' 'M' 'M' 'M' 'M' 'M' 'M' 'U' 'M' 'M' 'M' 'M' 'M' 'M' 'U'
 'U' 'M' 'U' 'M' 'M' 'M' 'M' 'M' 'M' 'M' 'M' 'U' 'M' 'A' 'M' 'M' 'U' 'U'
 'U' 'U' 'M' 'M' 'M' 'M' 'U' 'M' 'U' 'M' 'M' 'M' 'U' 'U' 'M' 'U' 'M' 'M']"
207901,0,157,4,153,41,0,0,"['A' 'M' 'M' 'U' 'U' 'M' 'M' 'U' 'M' 'U' 'M' 'M' 'U' 'A' 'M' 'M' 'M' 'M'
 'M' 'M' 'M' 'U' 'M' 'M' 'M' 'M' 'M' 'M' 'M' 'M' 'M' 'M' 'M' 'M' 'M' 'M'
 'M' 'M' 'M' 'M' 'M' 'M' 'M' 'M' 'M' 'M' 'M' 'M' 'M' 'M' 'M' 'M' 'M' 'M'
 'M' 'M' 'M' 'M' 'M' 'M' 'U' 'U' 'M' 'M' 'U' 'M' 'M' 'M' 'M' 'U' 'M' 'M'
 'M' 'M' 'M' 'M' 'M' 'M' 'U' 'M' 'M' 'M' 'M' 'U' 'M' 'M' 'M' 'M' 'M' 'M'
 'U' 'U' 'M' 'M' 'M' 'U' 'M' 'M' 'M' 'M' 'M' 'M' 'M' 'U' 'M' 'U' 'M' 'U'
 'M' 'M' 'M' 'M' 'M' 'M' 'M' 'U' 'U' 'M' 'M' 'M' 'M' 'U' 'M' 'M' 'M' 'M'
 'M' 'U' 'M' 'M' 'M' 'M' 'U' 'U' 'U' 'U' 'A' 'U' 'U' 'M' 'M' 'M' 'U' 'M'
 'M' 'A' 'M' 'U' 'M' 'M' 'M' 'U' 'M' 'M' 'U' 'M' 'M' 'M' 'M' 'U' 'M' 'M'
 'U' 'M' 'U' 'M' 'M' 'M' 'M' 'M' 'M' 'M' 'M' 'U' 'M' 'U' 'M' 'M' 'U' 'U'
 'M' 'U' 'M' 'M' 'M' 'M' 'M' 'M' 'M' 'M' 'M' 'M' 'M' 'U' 'M' 'M' 'M' 'M']"
208001,0,166,4,162,32,0,0,"['A' 'M' 'M' 'U' 'U' 'M' 'M' 'U' 'M' 'U' 'M' 'M' 'M' 'A' 'M' 'M' 'M' 'M'
 'M' 'M' 'M' 'U' 'M' 'M' 'M' 'M' 'M' 'M' 'M' 'M' 'M' 'M' 'M' 'M' 'M' 'M'
 'M' 'M' 'M' 'M' 'M' 'M' 'M' 'U' 'M' 'M' 'M' 'M' 'M' 'M' 'M' 'M' 'M' 'M'
 'M' 'M' 'M' 'M' 'M' 'M' 'M' 'U' 'M' 'M' 'M' 'M' 'M' 'M' 'M' 'M' 'M' 'M'
 'M' 'M' 'U' 'M' 'M' 'M' 'U' 'M' 'M' 'M' 'M' 'U' 'M' 'M' 'M' 'M' 'U' 'M'
 'M' 'U' 'M' 'M' 'M' 'U' 'M' 'M' 'M' 'M' 'M' 'M' 'M' 'U' 'M' 'U' 'M' 'M'
 'M' 'M' 'M' 'M' 'M' 'M' 'M' 'M' 'U' 'M' 'M' 'M' 'M' 'M' 'U' 'M' 'M' 'M'
 'M' 'M' 'U' 'M' 'M' 'M' 'U' 'U' 'M' 'U' 'A' 'M' 'M' 'M' 'M' 'M' 'U' 'M'
 'M' 'A' 'M' 'U' 'M' 'M' 'M' 'M' 'M' 'M' 'U' 'M' 'M' 'M' 'M' 'M' 'M' 'M'
 'M' 'M' 'U' 'M' 'M' 'M' 'U' 'M' 'M' 'M' 'M' 'U' 'M' 'M' 'M' 'M' 'U' 'U'
 'M' 'U' 'M' 'M' 'M' 'M' 'U' 'M' 'M' 'M' 'M' 'M' 'M' 'M' 'M' 'M' 'U' 'M']"
208101,1,160,3,157,38,0,0,"['A' 'M' 'M' 'U' 'U' 'M' 'M' 'U' 'M' 'U' 'M' 'M' 'M' 'A' 'M' 'M' 'M' 'M'
 'M' 'M' 'M' 'M' 'M' 'M' 'M' 'M' 'U' 'M' 'M' 'M' 'M' 'M' 'M' 'M' 'M' 'M'
 'M' 'M' 'M' 'M' 'M' 'U' 'M' 'U' 'U' 'M' 'M' 'M' 'M' 'M' 'U' 'M' 'M' 'M'
 'M' 'M' 'M' 'M' 'M' 'M' 'M' 'U' 'M' 'M' 'M' 'M' 'M' 'M' 'M' 'M' 'M' 'M'
 'M' 'M' 'U' 'M' 'M' 'M' 'U' 'U' 'M' 'M' 'M' 'M' 'M' 'M' 'M' 'M' 'M' 'M'
 'U' 'M' 'U' 'M' 'M' 'U' 'M' 'M' 'M' 'M' 'M' 'U' 'M' 'U' 'M' 'U' 'M' 'M'
 'M' 'M' 'M' 'M' 'M' 'M' 'M' 'M' 'U' 'M' 'M' 'M' 'U' 'M' 'M' 'M' 'M' 'M'
 'M' 'M' 'M' 'M' 'M' 'U' 'U' 'U' 'U' 'U' 'U' 'U' 'M' 'M' 'M' 'M' 'M' 'M'
 'M' 'A' 'M' 'M' 'M' 'M' 'M' 'M' 'M' 'M' 'U' 'M' 'U' 'M' 'M' 'M' 'M' 'M'
 'M' 'M' 'U' 'M' 'U' 'M' 'U' 'M' 'M' 'M' 'M' 'U' 'M' 'M' 'U' 'M' 'U' 'M'
 'M' 'U' 'M' 'M' 'M' 'M' 'M' 'M' 'M' 'M' 'M' 'M' 'M' 'M' 'M' 'M' 'U' 'M']"
208201,0,155,2,153,43,0,0,"['A' 'M' 'M' 'U' 'U' 'M' 'M' 'U' 'M' 'U' 'M' 'M' 'M' 'U' 'M' 'M' 'U' 'M'
 'M' 'M' 'M' 'M' 'M' 'M' 'M' 'M' 'U' 'M' 'M' 'M' 'M' 'M' 'M' 'M' 'M' 'M'
 'M' 'M' 'M' 'M' 'M' 'U' 'M' 'U' 'M' 'M' 'U' 'M' 'M' 'M' 'M' 'M' 'M' 'U'
 'M' 'M' 'M' 'M' 'M' 'M' 'M' 'U' 'M' 'U' 'M' 'M' 'M' 'M' 'M' 'M' 'U' 'M'
 'M' 'U' 'U' 'M' 'M' 'M' 'M' 'M' 'M' 'M' 'U' 'M' 'M' 'M' 'M' 'M' 'M' 'M'
 'M' 'M' 'M' 'M' 'U' 'M' 'M' 'M' 'M' 'M' 'M' 'U' 'M' 'U' 'M' 'U' 'M' 'M'
 'M' 'U' 'M' 'M' 'M' 'M' 'M' 'M' 'M' 'M' 'M' 'M' 'U' 'M' 'M' 'M' 'M' 'M'
 'M' 'M' 'M' 'M' 'M' 'U' 'U' 'U' 'U' 'U' 'U' 'U' 'U' 'U' 'M' 'M' 'M' 'M'
 'M' 'A' 'U' 'M' 'M' 'U' 'M' 'M' 'M' 'M' 'U' 'M' 'U' 'M' 'M' 'M' 'M' 'M'
 'M' 'M' 'U' 'M' 'U' 'M' 'U' 'M' 'M' 'M' 'M' 'U' 'M' 'M' 'U' 'M' 'M' 'M'
 'M' 'U' 'M' 'M' 'U' 'M' 'M' 'M' 'M' 'M' 'M' 'M' 'M' 'M' 'M' 'M' 'M' 'M']"
208301,0,164,4,160,34,0,0,"['A' 'M' 'M' 'U' 'U' 'M' 'M' 'U' 'M' 'U' 'M' 'M' 'M' 'A' 'M' 'M' 'M' 'M'
 'M' 'M' 'M' 'M' 'M' 'M' 'M' 'M' 'U' 'M' 'M' 'M' 'M' 'M' 'M' 'M' 'M' 'M'
 'M' 'M' 'M' 'M' 'M' 'M' 'M' 'U' 'M' 'M' 'U' 'M' 'M' 'M' 'M' 'M' 'M' 'U'
 'M' 'M' 'M' 'M' 'M' 'M' 'M' 'U' 'M' 'U' 'M' 'M' 'U' 'M' 'M' 'M' 'M' 'M'
 'M' 'M' 'U' 'M' 'U' 'U' 'M' 'M' 'M' 'M' 'M' 'M' 'M' 'M' 'U' 'M' 'M' 'M'
 'M' 'M' 'M' 'M' 'M' 'M' 'M' 'M' 'M' 'M' 'U' 'U' 'M' 'U' 'M' 'U' 'M' 'M'
 'M' 'U' 'M' 'M' 'M' 'M' 'M' 'M' 'M' 'M' 'M' 'M' 'U' 'M' 'M' 'M' 'M' 'M'
 'M' 'M' 'M' 'M' 'M' 'U' 'M' 'M' 'M' 'U' 'U' 'U' 'M' 'U' 'M' 'M' 'M' 'M'
 'M' 'A' 'M' 'M' 'M' 'M' 'M' 'M' 'M' 'M' 'U' 'M' 'U' 'M' 'M' 'M' 'M' 'M'
 'M' 'U' 'M' 'M' 'M' 'U' 'A' 'M' 'M' 'M' 'M' 'U' 'M' 'M' 'U' 'M' 'M' 'M'
 'M' 'U' 'M' 'M' 'M' 'M' 'U' 'M' 'M' 'M' 'M' 'M' 'M' 'M' 'M' 'M' 'M' 'M']"
208401,0,163,4,159,35,0,0,"['A' 'M' 'M' 'U' 'U' 'M' 'M' 'U' 'M' 'U' 'M' 'M' 'M' 'A' 'U' 'M' 'M' 'M'
 'M' 'M' 'M' 'M' 'M' 'M' 'U' 'M' 'M' 'M' 'M' 'M' 'M' 'U' 'M' 'M' 'M' 'M'
 'M' 'M' 'M' 'M' 'A' 'M' 'M' 'U' 'M' 'M' 'U' 'M' 'M' 'M' 'M' 'M' 'M' 'M'
 'M' 'M' 'M' 'U' 'M' 'M' 'M' 'U' 'M' 'U' 'M' 'M' 'U' 'M' 'M' 'M' 'U' 'M'
 'M' 'M' 'M' 'M' 'M' 'M' 'M' 'M' 'M' 'U' 'M' 'M' 'M' 'M' 'M' 'M' 'M' 'M'
 'U' 'M' 'M' 'U' 'M' 'M' 'M' 'M' 'M' 'M' 'A' 'U' 'M' 'U' 'M' 'U' 'M' 'M'
 'M' 'U' 'M' 'M' 'M' 'U' 'M' 'M' 'M' 'M' 'M' 'M' 'U' 'M' 'M' 'M' 'M' 'M'
 'M' 'M' 'M' 'M' 'M' 'U' 'M' 'M' 'M' 'M' 'U' 'U' 'M' 'U' 'M' 'M' 'M' 'M'
 'M' 'U' 'M' 'M' 'M' 'M' 'U' 'M' 'M' 'M' 'U' 'U' 'M' 'M' 'M' 'M' 'M' 'M'
 'M' 'M' 'M' 'M' 'M' 'U' 'U' 'M' 'M' 'M' 'M' 'U' 'M' 'M' 'M' 'M' 'M' 'M'
 'M' 'M' 'M' 'M' 'M' 'M' 'U' 'M' 'M' 'M' 'M' 'M' 'M' 'M' 'M' 'M' 'M' 'M']"
208501,1,158,4,154,40,0,0,"['A' 'M' 'M' 'U' 'M' 'M' 'M' 'U' 'M' 'U' 'M' 'M' 'U' 'A' 'U' 'M' 'M' 'M'
 'M' 'M' 'M' 'M' 'M' 'M' 'M' 'M' 'M' 'M' 'M' 'M' 'M' 'U' 'U' 'M' 'M' 'M'
 'M' 'M' 'M' 'M' 'A' 'M' 'M' 'M' 'M' 'M' 'U' 'M' 'M' 'M' 'M' 'M' 'M' 'M'
 'M' 'M' 'M' 'U' 'M' 'M' 'M' 'U' 'M' 'U' 'M' 'M' 'U' 'M' 'M' 'U' 'M' 'M'
 'M' 'M' 'M' 'M' 'M' 'M' 'U' 'M' 'M' 'M' 'U' 'M' 'M' 'M' 'M' 'M' 'M' 'M'
 'M' 'U' 'M' 'M' 'M' 'M' 'M' 'U' 'M' 'M' 'A' 'U' 'M' 'U' 'M' 'U' 'M' 'M'
 'M' 'M' 'U' 'M' 'M' 'U' 'M' 'M' 'M' 'M' 'M' 'M' 'M' 'U' 'M' 'M' 'M' 'M'
 'M' 'U' 'M' 'M' 'M' 'U' 'U' 'U' 'U' 'U' 'U' 'U' 'M' 'U' 'M' 'M' 'M' 'M'
 'M' 'U' 'M' 'M' 'M' 'M' 'M' 'U' 'M' 'M' 'M' 'U' 'U' 'M' 'M' 'M' 'M' 'M'
 'M' 'M' 'M' 'M' 'M' 'U' 'M' 'M' 'U' 'M' 'M' 'U' 'M' 'M' 'M' 'M' 'M' 'M'
 'M' 'M' 'M' 'M' 'M' 'M' 'U' 'M' 'M' 'M' 'M' 'M' 'M' 'M' 'M' 'M' 'M' 'M']"
208601,0,154,5,149,44,0,0,"['A' 'M' 'M' 'U' 'M' 'M' 'M' 'U' 'M' 'U' 'M' 'M' 'U' 'A' 'M' 'M' 'M' 'M'
 'M' 'M' 'M' 'U' 'M' 'M' 'M' 'M' 'M' 'M' 'M' 'M' 'M' 'U' 'U' 'M' 'M' 'M'
 'M' 'M' 'M' 'M' 'A' 'M' 'M' 'M' 'U' 'M' 'U' 'M' 'M' 'M' 'U' 'M' 'M' 'M'
 'U' 'M' 'M' 'U' 'M' 'M' 'M' 'U' 'M' 'U' 'M' 'M' 'M' 'M' 'M' 'M' 'M' 'M'
 'M' 'U' 'M' 'M' 'U' 'M' 'M' 'M' 'M' 'M' 'M' 'M' 'M' 'U' 'M' 'U' 'U' 'M'
 'M' 'M' 'M' 'M' 'M' 'M' 'M' 'U' 'M' 'M' 'A' 'U' 'M' 'U' 'M' 'U' 'M' 'M'
 'M' 'M' 'U' 'M' 'U' 'U' 'M' 'M' 'M' 'M' 'M' 'M' 'M' 'U' 'M' 'M' 'M' 'M'
 'M' 'U' 'M' 'M' 'M' 'M' 'U' 'U' 'U' 'M' 'U' 'U' 'U' 'U' 'M' 'M' 'M' 'M'
 'M' 'U' 'M' 'M' 'M' 'M' 'M' 'U' 'M' 'M' 'M' 'M' 'A' 'U' 'M' 'M' 'M' 'M'
 'M' 'M' 'M' 'M' 'U' 'M' 'M' 'M' 'U' 'M' 'M' 'U' 'M' 'M' 'M' 'M' 'M' 'M'
 'M' 'M' 'M' 'M' 'U' 'M' 'U' 'M' 'M' 'M' 'M' 'M' 'M' 'M' 'M' 'U' 'M' 'M']"
208701,0,156,5,151,42,1,0,"['A' 'M' 'M' 'U' 'M' 'M' 'M' 'M' 'M' 'U' 'M' 'M' 'U' 'A' 'M' 'M' 'M' 'M'
 'M' 'M' 'M' 'U' 'M' 'M' 'M' 'M' 'M' 'M' 'M' 'M' 'M' 'M' 'U' 'M' 'U' 'M'
 'M' 'M' 'M' 'M' 'A' 'M' 'M' 'M' 'U' 'U' 'U' 'M' 'M' 'M' 'M' 'M' 'M' 'M'
 'U' 'M' 'M' 'U' 'M' 'M' 'M' 'U' 'M' 'M' 'M' 'M' 'M' 'M' 'M' 'M' 'M' 'M'
 'M' 'U' 'M' 'U' 'M' 'M' 'M' 'M' 'M' 'M' 'M' 'M' 'M' 'M' 'M' 'M' 'M' 'U'
 'M' 'M' 'M' 'U' 'U' 'U' 'M' 'M' 'M' 'M' 'A' 'U' 'M' 'U' 'M' 'M' 'M' 'M'
 'M' 'M' 'U' 'M' 'U' 'U' 'M' 'M' 'M' 'M' 'M' 'M' 'M' 'M' 'M' 'M' 'M' 'M'
 'M' 'M' 'M' 'M' 'M' 'M' 'U' 'U' 'U' 'M' 'U' 'U' 'U' 'U' 'M' 'M' 'M' 'M'
 'M' 'U' 'M' 'M' 'U' 'M' 'M' 'U' 'M' 'M' 'U' 'M' 'A' 'U' 'M' 'M' 'M' 'M'
 'M' 'M' 'M' 'U' 'U' 'M' 'U' 'M' 'U' 'M' 'M' 'M' 'M' 'U' 'M' 'U' 'M' 'M'
 'M' 'M' 'M' 'M' 'M' 'M' 'M' 'M' 'M' 'M' 'M' 'M' 'M' 'M' 'M' 'U' 'M' 'M']"
208801,0,158,5,153,40,0,0,"['A' 'M' 'M' 'M' 'M' 'M' 'M' 'M' 'M' 'U' 'M' 'M' 'U' 'A' 'M' 'M' 'M' 'M'
 'M' 'M' 'M' 'U' 'U' 'U' 'M' 'M' 'M' 'U' 'M' 'M' 'M' 'M' 'U' 'M' 'M' 'M'
 'M' 'M' 'M' 'M' 'A' 'M' 'M' 'M' 'M' 'M' 'M' 'M' 'U' 'M' 'M' 'M' 'M' 'M'
 'M' 'M' 'M' 'U' 'M' 'M' 'M' 'U' 'M' 'U' 'M' 'M' 'M' 'M' 'M' 'U' 'M' 'U'
 'M' 'U' 'U' 'M' 'M' 'M' 'M' 'M' 'M' 'M' 'M' 'M' 'M' 'M' 'M' 'M' 'M' 'M'
 'M' 'U' 'M' 'M' 'M' 'U' 'M' 'M' 'M' 'M' 'A' 'U' 'M' 'A' 'M' 'M' 'M' 'M'
 'M' 'M' 'U' 'M' 'M' 'M' 'M' 'M' 'M' 'U' 'M' 'M' 'M' 'M' 'M' 'U' 'M' 'M'
 'M' 'M' 'M' 'M' 'M' 'M' 'U' 'U' 'U' 'M' 'M' 'U' 'U' 'U' 'M' 'M' 'M' 'M'
 'M' 'U' 'M' 'M' 'U' 'M' 'U' 'U' 'M' 'M' 'M' 'M' 'U' 'U' 'M' 'M' 'M' 'M'
 'M' 'M' 'M' 'U' 'M' 'M' 'U' 'M' 'U' 'M' 'M' 'M' 'M' 'U' 'M' 'U' 'M' 'M'
 'M' 'M' 'M' 'M' 'M' 'M' 'U' 'M' 'M' 'M' 'M' 'M' 'M' 'M' 'M' 'U' 'M' 'M']"
208901,0,160,5,155,38,0,0,"['A' 'M' 'M' 'U' 'M' 'M' 'M' 'M' 'M' 'U' 'M' 'M' 'U' 'A' 'M' 'M' 'M' 'M'
 'M' 'M' 'M' 'U' 'U' 'M' 'M' 'M' 'M' 'U' 'M' 'M' 'M' 'M' 'U' 'M' 'M' 'M'
 'M' 'M' 'M' 'M' 'A' 'M' 'M' 'M' 'U' 'M' 'M' 'M' 'U' 'M' 'M' 'M' 'M' 'U'
 'M' 'M' 'M' 'U' 'M' 'M' 'M' 'U' 'M' 'U' 'U' 'M' 'U' 'M' 'M' 'M' 'M' 'M'
 'M' 'U' 'M' 'U' 'M' 'M' 'M' 'M' 'M' 'M' 'M' 'M' 'M' 'U' 'M' 'U' 'M' 'M'
 'M' 'M' 'M' 'M' 'M' 'U' 'M' 'M' 'M' 'M' 'A' 'U' 'M' 'A' 'M' 'M' 'M' 'M'
 'M' 'M' 'U' 'M' 'M' 'M' 'M' 'M' 'M' 'M' 'M' 'M' 'M' 'M' 'M' 'U' 'M' 'M'
 'M' 'M' 'M' 'M' 'M' 'M' 'M' 'U' 'M' 'M' 'M' 'M' 'M' 'U' 'M' 'M' 'M' 'M'
 'M' 'U' 'M' 'U' 'U' 'M' 'U' 'U' 'M' 'M' 'M' 'M' 'M' 'U' 'M' 'M' 'M' 'M'
 'M' 'M' 'M' 'U' 'M' 'M' 'U' 'M' 'U' 'M' 'M' 'M' 'M' 'U' 'M' 'U' 'M' 'M'
 'M' 'M' 'M' 'M' 'M' 'M' 'U' 'M' 'M' 'M' 'M' 'M' 'M' 'M' 'M' 'U' 'M' 'M']"
209001,0,164,6,158,34,0,0,"['A' 'A' 'M' 'U' 'U' 'M' 'M' 'M' 'M' 'U' 'M' 'M' 'U' 'A' 'M' 'M' 'M' 'M'
 'M' 'M' 'M' 'M' 'U' 'M' 'M' 'M' 'M' 'U' 'M' 'M' 'M' 'M' 'U' 'M' 'M' 'M'
 'M' 'M' 'M' 'M' 'A' 'M' 'M' 'M' 'U' 'M' 'M' 'U' 'U' 'M' 'M' 'M' 'M' 'U'
 'M' 'M' 'M' 'U' 'M' 'M' 'M' 'U' 'M' 'U' 'U' 'M' 'M' 'U' 'M' 'M' 'U' 'M'
 'M' 'M' 'M' 'U' 'M' 'U' 'U' 'M' 'M' 'M' 'M' 'M' 'M' 'M' 'M' 'M' 'M' 'M'
 'M' 'M' 'M' 'M' 'M' 'U' 'M' 'M' 'M' 'M' 'A' 'M' 'M' 'A' 'M' 'M' 'M' 'M'
 'M' 'M' 'U' 'M' 'M' 'M' 'M' 'M' 'M' 'M' 'M' 'M' 'U' 'M' 'M' 'U' 'M' 'M'
 'M' 'M' 'M' 'M' 'M' 'M' 'M' 'M' 'M' 'M' 'M' 'M' 'M' 'U' 'M' 'M' 'M' 'M'
 'M' 'M' 'M' 'U' 'U' 'U' 'M' 'U' 'M' 'M' 'M' 'M' 'M' 'U' 'M' 'M' 'M' 'M'
 'M' 'M' 'M' 'U' 'M' 'M' 'U' 'M' 'M' 'M' 'M' 'M' 'M' 'U' 'M' 'U' 'M' 'M'
 'M' 'M' 'M' 'M' 'M' 'M' 'M' 'M' 'M' 'M' 'M' 'M' 'M' 'M' 'M' 'M' 'M' 'M']"
209101,0,164,6,158,34,0,0,"['A' 'A' 'M' 'U' 'U' 'M' 'U' 'M' 'M' 'U' 'M' 'M' 'U' 'A' 'M' 'M' 'M' 'M'
 'M' 'M' 'M' 'M' 'U' 'M' 'M' 'M' 'M' 'M' 'M' 'U' 'M' 'M' 'U' 'M' 'M' 'M'
 'M' 'M' 'M' 'M' 'A' 'M' 'M' 'M' 'M' 'M' 'M' 'U' 'U' 'M' 'M' 'M' 'M' 'U'
 'M' 'M' 'M' 'U' 'M' 'M' 'M' 'U' 'M' 'M' 'U' 'M' 'M' 'M' 'U' 'M' 'M' 'M'
 'M' 'M' 'M' 'M' 'U' 'M' 'U' 'M' 'M' 'M' 'M' 'M' 'M' 'M' 'M' 'M' 'M' 'M'
 'U' 'M' 'M' 'U' 'M' 'U' 'U' 'M' 'U' 'M' 'A' 'M' 'M' 'A' 'M' 'M' 'M' 'M'
 'M' 'M' 'U' 'M' 'M' 'M' 'M' 'M' 'M' 'M' 'M' 'M' 'U' 'U' 'M' 'M' 'M' 'M'
 'M' 'M' 'M' 'M' 'M' 'M' 'M' 'M' 'M' 'M' 'M' 'M' 'M' 'U' 'M' 'M' 'M' 'M'
 'U' 'M' 'M' 'U' 'M' 'U' 'M' 'U' 'M' 'M' 'M' 'M' 'M' 'M' 'M' 'M' 'M' 'M'
 'M' 'M' 'M' 'U' 'M' 'M' 'U' 'M' 'M' 'M' 'M' 'M' 'M' 'U' 'M' 'U' 'M' 'M'
 'M' 'M' 'M' 'M' 'M' 'M' 'M' 'M' 'M' 'M' 'M' 'M' 'M' 'M' 'M' 'M' 'M' 'M']"
209201,0,155,5,150,43,0,0,"['A' 'A' 'M' 'U' 'U' 'M' 'M' 'M' 'M' 'U' 'M' 'M' 'U' 'U' 'U' 'M' 'M' 'M'
 'M' 'U' 'M' 'U' 'U' 'M' 'M' 'M' 'M' 'M' 'M' 'M' 'U' 'U' 'U' 'M' 'M' 'M'
 'M' 'M' 'M' 'M' 'U' 'M' 'M' 'M' 'M' 'M' 'M' 'U' 'U' 'M' 'M' 'M' 'M' 'U'
 'M' 'M' 'M' 'U' 'M' 'M' 'M' 'U' 'M' 'M' 'U' 'M' 'M' 'M' 'M' 'M' 'M' 'M'
 'M' 'M' 'M' 'M' 'M' 'U' 'M' 'M' 'U' 'M' 'M' 'U' 'M' 'M' 'M' 'U' 'M' 'M'
 'M' 'M' 'M' 'M' 'U' 'U' 'U' 'M' 'U' 'M' 'U' 'U' 'M' 'A' 'M' 'M' 'U' 'M'
 'M' 'M' 'M' 'M' 'M' 'M' 'M' 'M' 'M' 'M' 'M' 'M' 'U' 'U' 'M' 'M' 'M' 'M'
 'M' 'M' 'M' 'M' 'M' 'A' 'M' 'M' 'M' 'M' 'M' 'M' 'U' 'U' 'M' 'U' 'M' 'M'
 'U' 'M' 'M' 'U' 'M' 'M' 'M' 'A' 'M' 'M' 'M' 'M' 'U' 'M' 'M' 'M' 'M' 'M'
 'M' 'M' 'M' 'U' 'M' 'M' 'M' 'M' 'M' 'M' 'M' 'M' 'M' 'U' 'M' 'U' 'M' 'M'
 'M' 'M' 'M' 'M' 'M' 'U' 'U' 'M' 'M' 'M' 'M' 'M' 'M' 'M' 'M' 'M' 'M' 'M']"
209301,0,156,3,153,42,0,1,"['A' 'M' 'M' 'U' 'U' 'M' 'M' 'M' 'M' 'U' 'M' 'M' 'U' 'U' 'U' 'M' 'M' 'M'
 'M' 'M' 'M' 'M' 'U' 'M' 'M' 'M' 'M' 'M' 'M' 'M' 'U' 'M' 'U' 'M' 'M' 'M'
 'M' 'U' 'M' 'M' 'U' 'M' 'M' 'M' 'M' 'M' 'M' 'M' 'M' 'M' 'M' 'M' 'M' 'U'
 'M' 'M' 'M' 'U' 'M' 'M' 'M' 'U' 'M' 'M' 'M' 'M' 'M' 'M' 'M' 'M' 'M' 'M'
 'M' 'M' 'U' 'M' 'M' 'U' 'M' 'M' 'M' 'M' 'M' 'U' 'U' 'M' 'M' 'M' 'M' 'M'
 'U' 'M' 'M' 'M' 'M' 'U' 'U' 'M' 'U' 'M' 'U' 'M' 'M' 'A' 'M' 'M' 'U' 'M'
 'M' 'M' 'M' 'U' 'M' 'M' 'M' 'M' 'M' 'M' 'M' 'M' 'U' 'U' 'M' 'M' 'M' 'M'
 'M' 'M' 'M' 'M' 'M' 'U' 'U' 'M' 'U' 'U' 'U' 'U' 'U' 'U' 'M' 'U' 'M' 'M'
 'U' 'M' 'M' 'M' 'M' 'M' 'M' 'A' 'M' 'M' 'M' 'M' 'M' 'M' 'M' 'M' 'M' 'M'
 'M' 'M' 'M' 'M' 'M' 'M' 'M' 'M' 'M' 'M' 'M' 'M' 'M' 'U' 'M' 'U' 'M' 'M'
 'M' 'U' 'M' 'M' 'M' 'U' 'U' 'M' 'M' 'M' 'M' 'M' 'M' 'M' 'M' 'M' 'M' 'M']"
209401,0,162,3,159,36,0,0,"['A' 'M' 'M' 'U' 'U' 'M' 'M' 'M' 'M' 'U' 'M' 'M' 'U' 'M' 'U' 'M' 'M' 'M'
 'M' 'M' 'M' 'M' 'M' 'M' 'M' 'M' 'M' 'M' 'M' 'M' 'U' 'M' 'U' 'M' 'M' 'M'
 'M' 'U' 'M' 'M' 'U' 'M' 'M' 'M' 'M' 'M' 'M' 'M' 'M' 'M' 'M' 'U' 'M' 'U'
 'M' 'M' 'M' 'U' 'M' 'M' 'M' 'M' 'M' 'M' 'M' 'M' 'M' 'M' 'U' 'M' 'M' 'M'
 'M' 'U' 'M' 'M' 'M' 'M' 'M' 'M' 'M' 'M' 'M' 'M' 'M' 'M' 'M' 'M' 'M' 'U'
 'U' 'M' 'U' 'M' 'M' 'U' 'M' 'M' 'U' 'M' 'U' 'M' 'M' 'A' 'M' 'M' 'U' 'M'
 'M' 'M' 'M' 'U' 'M' 'M' 'M' 'M' 'M' 'M' 'M' 'M' 'M' 'U' 'M' 'M' 'M' 'M'
 'M' 'M' 'M' 'M' 'M' 'U' 'U' 'M' 'M' 'U' 'U' 'U' 'M' 'U' 'M' 'U' 'U' 'M'
 'M' 'M' 'M' 'M' 'M' 'M' 'M' 'A' 'U' 'M' 'M' 'M' 'M' 'M' 'M' 'M' 'M' 'M'
 'M' 'M' 'M' 'M' 'M' 'M' 'M' 'M' 'M' 'M' 'M' 'M' 'M' 'M' 'M' 'U' 'M' 'M'
 'M' 'M' 'M' 'M' 'M' 'U' 'U' 'M' 'M' 'M' 'M' 'U' 'M' 'M' 'M' 'M' 'M' 'M']"
209501,0,166,3,163,32,0,0,"['A' 'M' 'M' 'U' 'U' 'M' 'M' 'M' 'M' 'U' 'M' 'M' 'M' 'M' 'M' 'U' 'M' 'M'
 'M' 'M' 'M' 'M' 'M' 'M' 'M' 'M' 'M' 'M' 'M' 'M' 'U' 'M' 'U' 'M' 'M' 'U'
 'M' 'U' 'M' 'M' 'U' 'M' 'M' 'M' 'M' 'M' 'M' 'M' 'M' 'M' 'M' 'U' 'M' 'M'
 'M' 'M' 'M' 'U' 'M' 'M' 'M' 'M' 'U' 'M' 'M' 'M' 'M' 'U' 'M' 'M' 'M' 'M'
 'U' 'U' 'M' 'M' 'M' 'M' 'M' 'M' 'M' 'M' 'M' 'M' 'M' 'M' 'M' 'M' 'U' 'M'
 'M' 'M' 'U' 'M' 'M' 'M' 'M' 'U' 'U' 'M' 'M' 'M' 'M' 'U' 'M' 'M' 'M' 'M'
 'M' 'M' 'M' 'U' 'M' 'M' 'U' 'M' 'M' 'M' 'M' 'M' 'M' 'M' 'M' 'U' 'M' 'M'
 'M' 'M' 'M' 'M' 'M' 'U' 'M' 'M' 'M' 'U' 'M' 'U' 'M' 'M' 'M' 'U' 'M' 'M'
 'M' 'M' 'M' 'M' 'M' 'M' 'M' 'A' 'U' 'M' 'M' 'M' 'M' 'M' 'M' 'M' 'M' 'M'
 'M' 'M' 'M' 'M' 'M' 'M' 'M' 'M' 'M' 'M' 'U' 'M' 'M' 'M' 'M' 'U' 'M' 'M'
 'M' 'M' 'M' 'M' 'M' 'A' 'U' 'M' 'M' 'M' 'M' 'U' 'M' 'M' 'M' 'M' 'M' 'M']"
209601,0,166,4,162,32,0,0,"['A' 'M' 'M' 'M' 'U' 'M' 'M' 'M' 'M' 'A' 'M' 'M' 'M' 'M' 'M' 'U' 'M' 'M'
 'M' 'U' 'M' 'M' 'M' 'M' 'M' 'M' 'M' 'M' 'M' 'M' 'U' 'M' 'U' 'M' 'M' 'M'
 'M' 'U' 'M' 'M' 'U' 'M' 'M' 'M' 'M' 'M' 'M' 'M' 'M' 'M' 'M' 'U' 'M' 'M'
 'M' 'M' 'M' 'U' 'M' 'M' 'M' 'M' 'U' 'M' 'M' 'M' 'M' 'U' 'U' 'M' 'M' 'M'
 'M' 'M' 'M' 'M' 'M' 'M' 'M' 'M' 'M' 'M' 'M' 'M' 'M' 'U' 'U' 'M' 'M' 'M'
 'M' 'M' 'M' 'U' 'M' 'M' 'M' 'M' 'U' 'M' 'M' 'M' 'M' 'U' 'M' 'M' 'M' 'M'
 'M' 'M' 'U' 'U' 'M' 'M' 'U' 'M' 'M' 'M' 'M' 'M' 'M' 'M' 'M' 'M' 'M' 'M'
 'M' 'M' 'M' 'M' 'M' 'U' 'M' 'M' 'U' 'U' 'M' 'U' 'M' 'M' 'M' 'M' 'M' 'M'
 'U' 'M' 'M' 'M' 'M' 'U' 'M' 'A' 'U' 'M' 'M' 'M' 'M' 'M' 'M' 'M' 'M' 'M'
 'M' 'M' 'M' 'M' 'M' 'M' 'M' 'M' 'M' 'M' 'U' 'M' 'M' 'M' 'M' 'U' 'M' 'M'
 'M' 'M' 'M' 'M' 'M' 'A' 'U' 'M' 'M' 'U' 'M' 'U' 'M' 'M' 'M' 'M' 'M' 'M']"
209701,0,164,4,160,34,0,0,"['A' 'U' 'M' 'M' 'U' 'M' 'M' 'M' 'M' 'A' 'M' 'M' 'M' 'M' 'M' 'U' 'M' 'M'
 'M' 'U' 'M' 'M' 'M' 'M' 'M' 'M' 'M' 'U' 'M' 'M' 'M' 'M' 'U' 'M' 'M' 'M'
 'M' 'M' 'M' 'M' 'U' 'M' 'M' 'M' 'M' 'M' 'M' 'U' 'M' 'M' 'M' 'U' 'M' 'M'
 'M' 'M' 'M' 'U' 'M' 'M' 'M' 'M' 'M' 'M' 'M' 'U' 'M' 'M' 'M' 'M' 'U' 'M'
 'M' 'M' 'M' 'M' 'M' 'M' 'M' 'U' 'M' 'M' 'M' 'M' 'M' 'M' 'M' 'M' 'U' 'M'
 'M' 'M' 'M' 'U' 'M' 'M' 'M' 'M' 'U' 'M' 'M' 'M' 'M' 'U' 'M' 'M' 'M' 'M'
 'M' 'M' 'U' 'U' 'M' 'M' 'U' 'M' 'M' 'M' 'M' 'M' 'U' 'M' 'M' 'M' 'M' 'U'
 'M' 'M' 'M' 'M' 'U' 'U' 'M' 'U' 'M' 'M' 'M' 'U' 'M' 'M' 'M' 'M' 'M' 'M'
 'U' 'M' 'M' 'M' 'M' 'U' 'M' 'A' 'M' 'M' 'M' 'M' 'M' 'M' 'M' 'M' 'M' 'M'
 'M' 'M' 'M' 'M' 'M' 'M' 'U' 'M' 'M' 'M' 'U' 'M' 'U' 'M' 'M' 'U' 'U' 'M'
 'M' 'M' 'M' 'M' 'M' 'A' 'M' 'M' 'M' 'U' 'M' 'M' 'M' 'M' 'M' 'M' 'M' 'M']"
209801,0,168,4,164,30,0,0,"['A' 'M' 'M' 'M' 'M' 'M' 'M' 'M' 'M' 'A' 'M' 'M' 'M' 'M' 'M' 'U' 'M' 'M'
 'M' 'U' 'M' 'M' 'M' 'M' 'M' 'M' 'M' 'M' 'M' 'M' 'M' 'M' 'M' 'M' 'M' 'M'
 'M' 'M' 'M' 'M' 'U' 'M' 'M' 'M' 'M' 'M' 'M' 'U' 'M' 'M' 'M' 'U' 'M' 'M'
 'M' 'M' 'M' 'U' 'M' 'M' 'M' 'U' 'M' 'M' 'M' 'U' 'M' 'U' 'M' 'U' 'M' 'M'
 'M' 'M' 'M' 'U' 'M' 'U' 'M' 'M' 'M' 'M' 'M' 'M' 'M' 'M' 'M' 'M' 'M' 'M'
 'M' 'M' 'M' 'M' 'M' 'M' 'M' 'M' 'U' 'M' 'M' 'M' 'M' 'U' 'M' 'M' 'M' 'M'
 'M' 'M' 'U' 'A' 'M' 'U' 'U' 'M' 'M' 'M' 'M' 'M' 'U' 'M' 'M' 'M' 'M' 'M'
 'M' 'M' 'M' 'M' 'M' 'U' 'M' 'U' 'M' 'M' 'M' 'M' 'M' 'M' 'M' 'M' 'M' 'M'
 'A' 'M' 'M' 'M' 'M' 'U' 'M' 'U' 'M' 'M' 'M' 'M' 'U' 'M' 'M' 'U' 'U' 'M'
 'M' 'M' 'M' 'M' 'M' 'M' 'U' 'M' 'M' 'M' 'M' 'M' 'M' 'M' 'U' 'U' 'U' 'M'
 'M' 'M' 'M' 'M' 'M' 'U' 'M' 'M' 'M' 'M' 'M' 'M' 'M' 'M' 'M' 'M' 'M' 'M']"
209901,0,170,5,165,28,0,0,"['A' 'M' 'M' 'M' 'M' 'M' 'M' 'M' 'M' 'A' 'M' 'M' 'M' 'M' 'M' 'M' 'M' 'M'
 'M' 'U' 'M' 'M' 'M' 'M' 'M' 'M' 'M' 'U' 'M' 'M' 'M' 'M' 'M' 'M' 'M' 'M'
 'M' 'M' 'U' 'M' 'M' 'M' 'M' 'M' 'M' 'M' 'M' 'U' 'M' 'M' 'M' 'A' 'M' 'M'
 'M' 'M' 'M' 'M' 'M' 'M' 'M' 'M' 'M' 'M' 'M' 'M' 'M' 'M' 'M' 'M' 'U' 'M'
 'M' 'U' 'M' 'M' 'U' 'M' 'M' 'M' 'U' 'U' 'M' 'M' 'M' 'M' 'M' 'M' 'M' 'M'
 'M' 'M' 'M' 'M' 'M' 'M' 'M' 'M' 'U' 'M' 'M' 'M' 'M' 'U' 'M' 'M' 'M' 'M'
 'M' 'M' 'M' 'A' 'M' 'U' 'U' 'M' 'M' 'M' 'M' 'M' 'U' 'M' 'M' 'M' 'M' 'M'
 'M' 'U' 'M' 'M' 'M' 'U' 'U' 'U' 'M' 'M' 'U' 'U' 'U' 'M' 'M' 'M' 'M' 'M'
 'A' 'M' 'M' 'M' 'M' 'U' 'M' 'U' 'M' 'M' 'M' 'M' 'U' 'M' 'M' 'U' 'U' 'M'
 'M' 'M' 'M' 'M' 'M' 'M' 'U' 'M' 'M' 'M' 'M' 'M' 'M' 'M' 'U' 'M' 'M' 'M'
 'M' 'M' 'M' 'M' 'M' 'M' 'M' 'M' 'M' 'M' 'M' 'M' 'M' 'M' 'M' 'M' 'M' 'M']"
210001,0,161,2,159,37,0,0,"['A' 'M' 'M' 'M' 'M' 'M' 'M' 'M' 'M' 'U' 'M' 'M' 'M' 'M' 'M' 'U' 'M' 'U'
 'M' 'U' 'M' 'M' 'M' 'M' 'M' 'M' 'M' 'U' 'M' 'M' 'M' 'M' 'M' 'M' 'M' 'M'
 'M' 'M' 'U' 'M' 'M' 'M' 'M' 'M' 'M' 'U' 'M' 'U' 'M' 'U' 'M' 'M' 'M' 'U'
 'U' 'M' 'M' 'M' 'M' 'M' 'M' 'M' 'M' 'M' 'M' 'M' 'U' 'M' 'M' 'M' 'M' 'M'
 'M' 'M' 'M' 'U' 'M' 'M' 'M' 'M' 'U' 'M' 'U' 'M' 'M' 'M' 'U' 'M' 'M' 'M'
 'M' 'M' 'M' 'M' 'M' 'M' 'M' 'M' 'U' 'M' 'M' 'M' 'M' 'U' 'M' 'M' 'M' 'M'
 'M' 'M' 'M' 'U' 'M' 'U' 'U' 'M' 'M' 'M' 'M' 'M' 'U' 'M' 'M' 'M' 'M' 'M'
 'M' 'U' 'M' 'M' 'M' 'U' 'U' 'U' 'M' 'M' 'U' 'U' 'U' 'M' 'M' 'M' 'M' 'M'
 'A' 'M' 'M' 'M' 'M' 'U' 'M' 'U' 'M' 'M' 'M' 'M' 'U' 'M' 'M' 'U' 'M' 'M'
 'M' 'M' 'M' 'M' 'M' 'M' 'U' 'M' 'M' 'M' 'M' 'M' 'M' 'M' 'U' 'M' 'M' 'M'
 'M' 'M' 'M' 'U' 'M' 'M' 'M' 'M' 'M' 'M' 'M' 'M' 'M' 'U' 'M' 'M' 'M' 'M']"
210101,0,168,3,165,30,0,0,"['A' 'M' 'U' 'M' 'M' 'M' 'M' 'M' 'M' 'M' 'M' 'M' 'M' 'M' 'M' 'U' 'M' 'U'
 'U' 'M' 'M' 'M' 'M' 'M' 'M' 'M' 'M' 'M' 'M' 'M' 'M' 'M' 'M' 'M' 'M' 'M'
 'M' 'M' 'M' 'M' 'M' 'M' 'M' 'M' 'M' 'U' 'M' 'U' 'M' 'A' 'M' 'M' 'M' 'U'
 'M' 'M' 'M' 'M' 'M' 'M' 'M' 'M' 'M' 'M' 'M' 'U' 'M' 'M' 'M' 'M' 'M' 'M'
 'M' 'M' 'M' 'M' 'M' 'M' 'M' 'U' 'M' 'M' 'M' 'M' 'M' 'U' 'M' 'M' 'M' 'M'
 'U' 'M' 'M' 'U' 'M' 'M' 'M' 'U' 'U' 'M' 'M' 'M' 'M' 'U' 'M' 'M' 'M' 'M'
 'M' 'M' 'M' 'M' 'M' 'U' 'U' 'M' 'M' 'M' 'M' 'M' 'U' 'M' 'M' 'M' 'M' 'M'
 'M' 'U' 'M' 'M' 'M' 'M' 'U' 'U' 'M' 'M' 'U' 'U' 'U' 'M' 'M' 'M' 'M' 'M'
 'A' 'M' 'M' 'M' 'M' 'U' 'M' 'U' 'M' 'M' 'M' 'M' 'U' 'M' 'M' 'M' 'M' 'M'
 'M' 'M' 'M' 'M' 'M' 'M' 'U' 'M' 'M' 'M' 'M' 'M' 'M' 'M' 'U' 'M' 'M' 'M'
 'M' 'M' 'M' 'M' 'M' 'M' 'M' 'M' 'M' 'M' 'M' 'M' 'M' 'U' 'M' 'M' 'M' 'M']"
210201,0,165,2,163,33,0,0,"['A' 'M' 'M' 'M' 'M' 'M' 'M' 'M' 'M' 'M' 'M' 'M' 'M' 'M' 'M' 'M' 'M' 'M'
 'M' 'M' 'M' 'M' 'M' 'M' 'M' 'U' 'M' 'M' 'M' 'M' 'M' 'M' 'M' 'M' 'M' 'M'
 'M' 'M' 'M' 'M' 'M' 'M' 'M' 'M' 'M' 'M' 'M' 'U' 'M' 'U' 'M' 'M' 'M' 'U'
 'M' 'M' 'M' 'M' 'M' 'M' 'M' 'M' 'M' 'M' 'M' 'M' 'M' 'M' 'U' 'M' 'M' 'M'
 'M' 'M' 'M' 'M' 'M' 'M' 'U' 'U' 'M' 'M' 'M' 'M' 'M' 'M' 'U' 'M' 'M' 'M'
 'M' 'M' 'M' 'M' 'U' 'M' 'M' 'U' 'U' 'M' 'M' 'M' 'M' 'U' 'M' 'M' 'M' 'M'
 'M' 'M' 'M' 'M' 'M' 'M' 'U' 'M' 'M' 'U' 'M' 'M' 'M' 'M' 'M' 'U' 'M' 'M'
 'M' 'U' 'M' 'M' 'M' 'U' 'U' 'U' 'U' 'U' 'M' 'U' 'U' 'M' 'M' 'M' 'M' 'M'
 'A' 'M' 'M' 'M' 'M' 'M' 'M' 'U' 'M' 'M' 'M' 'M' 'U' 'M' 'M' 'M' 'M' 'U'
 'M' 'U' 'M' 'M' 'M' 'M' 'U' 'M' 'M' 'M' 'M' 'M' 'M' 'M' 'U' 'M' 'M' 'M'
 'U' 'U' 'M' 'M' 'M' 'U' 'M' 'M' 'M' 'M' 'M' 'M' 'M' 'U' 'M' 'M' 'M' 'M']"
210301,0,168,3,165,30,0,0,"['A' 'M' 'M' 'M' 'M' 'M' 'M' 'M' 'M' 'M' 'M' 'M' 'M' 'M' 'M' 'M' 'M' 'M'
 'M' 'M' 'M' 'M' 'M' 'M' 'M' 'U' 'M' 'M' 'M' 'M' 'M' 'M' 'M' 'M' 'M' 'M'
 'M' 'M' 'M' 'M' 'M' 'M' 'M' 'M' 'M' 'M' 'M' 'U' 'M' 'U' 'M' 'M' 'M' 'U'
 'M' 'U' 'M' 'M' 'M' 'M' 'M' 'M' 'M' 'M' 'M' 'U' 'M' 'M' 'M' 'M' 'M' 'M'
 'M' 'M' 'M' 'M' 'M' 'M' 'M' 'M' 'M' 'M' 'U' 'M' 'M' 'M' 'U' 'M' 'M' 'M'
 'U' 'M' 'M' 'M' 'U' 'M' 'M' 'U' 'U' 'M' 'M' 'M' 'M' 'U' 'M' 'M' 'M' 'M'
 'M' 'M' 'M' 'M' 'M' 'M' 'M' 'M' 'M' 'U' 'M' 'M' 'M' 'M' 'M' 'U' 'M' 'M'
 'M' 'M' 'M' 'M' 'M' 'U' 'U' 'M' 'U' 'U' 'M' 'U' 'M' 'M' 'M' 'M' 'M' 'M'
 'A' 'M' 'M' 'M' 'U' 'M' 'M' 'U' 'M' 'M' 'M' 'M' 'U' 'M' 'U' 'M' 'M' 'M'
 'M' 'M' 'M' 'M' 'M' 'M' 'U' 'M' 'M' 'M' 'M' 'M' 'M' 'M' 'U' 'M' 'M' 'M'
 'U' 'A' 'M' 'M' 'M' 'U' 'M' 'M' 'M' 'M' 'U' 'M' 'M' 'U' 'M' 'M' 'M' 'M']"
210401,0,167,4,163,31,0,0,"['A' 'M' 'M' 'M' 'M' 'M' 'M' 'M' 'M' 'M' 'M' 'M' 'M' 'M' 'U' 'M' 'M' 'M'
 'M' 'M' 'M' 'M' 'M' 'M' 'M' 'U' 'M' 'M' 'M' 'M' 'M' 'M' 'M' 'M' 'M' 'M'
 'M' 'M' 'M' 'M' 'M' 'M' 'M' 'M' 'M' 'M' 'M' 'U' 'M' 'U' 'M' 'M' 'M' 'U'
 'M' 'M' 'M' 'M' 'M' 'M' 'M' 'M' 'M' 'M' 'M' 'M' 'M' 'U' 'M' 'M' 'M' 'M'
 'M' 'M' 'M' 'M' 'M' 'M' 'M' 'M' 'M' 'M' 'U' 'U' 'M' 'U' 'M' 'M' 'M' 'M'
 'M' 'M' 'U' 'M' 'M' 'M' 'M' 'U' 'U' 'U' 'M' 'M' 'M' 'U' 'M' 'M' 'M' 'M'
 'M' 'M' 'M' 'M' 'M' 'M' 'M' 'M' 'M' 'U' 'M' 'M' 'M' 'M' 'M' 'U' 'M' 'M'
 'M' 'M' 'M' 'M' 'M' 'U' 'U' 'M' 'U' 'M' 'U' 'U' 'U' 'M' 'M' 'M' 'M' 'M'
 'A' 'M' 'U' 'M' 'U' 'M' 'M' 'U' 'M' 'M' 'M' 'M' 'M' 'M' 'U' 'M' 'M' 'M'
 'U' 'M' 'M' 'M' 'M' 'M' 'U' 'M' 'M' 'M' 'M' 'M' 'U' 'M' 'U' 'M' 'M' 'M'
 'M' 'A' 'M' 'M' 'M' 'U' 'M' 'M' 'M' 'M' 'M' 'M' 'M' 'A' 'M' 'M' 'M' 'M']"
210501,0,168,5,163,30,0,0,"['A' 'M' 'M' 'M' 'M' 'M' 'M' 'M' 'M' 'M' 'M' 'M' 'M' 'M' 'M' 'M' 'M' 'M'
 'M' 'M' 'M' 'M' 'M' 'M' 'M' 'U' 'M' 'M' 'M' 'M' 'M' 'M' 'M' 'M' 'M' 'M'
 'M' 'M' 'M' 'M' 'M' 'M' 'M' 'M' 'M' 'M' 'M' 'U' 'M' 'U' 'M' 'M' 'M' 'U'
 'M' 'M' 'U' 'M' 'M' 'M' 'M' 'M' 'M' 'M' 'M' 'M' 'M' 'M' 'M' 'M' 'M' 'M'
 'M' 'U' 'M' 'M' 'M' 'M' 'M' 'M' 'M' 'U' 'M' 'M' 'M' 'M' 'U' 'M' 'M' 'M'
 'U' 'M' 'M' 'M' 'U' 'M' 'M' 'U' 'U' 'U' 'M' 'M' 'M' 'U' 'M' 'M' 'M' 'M'
 'M' 'M' 'M' 'M' 'M' 'M' 'M' 'M' 'M' 'U' 'M' 'M' 'M' 'M' 'M' 'U' 'U' 'M'
 'M' 'M' 'M' 'M' 'M' 'U' 'U' 'M' 'U' 'M' 'A' 'U' 'U' 'M' 'M' 'M' 'M' 'M'
 'A' 'M' 'M' 'M' 'U' 'M' 'M' 'U' 'M' 'M' 'M' 'M' 'M' 'M' 'M' 'M' 'M' 'M'
 'U' 'M' 'M' 'M' 'M' 'M' 'U' 'U' 'M' 'M' 'M' 'M' 'M' 'M' 'U' 'M' 'M' 'M'
 'M' 'A' 'M' 'M' 'M' 'U' 'M' 'M' 'M' 'M' 'M' 'M' 'M' 'A' 'U' 'M' 'M' 'M']"
210601,0,168,5,163,30,0,0,"['A' 'M' 'M' 'M' 'M' 'M' 'M' 'M' 'M' 'M' 'M' 'M' 'M' 'M' 'M' 'M' 'M' 'M'
 'M' 'M' 'M' 'M' 'M' 'M' 'M' 'U' 'M' 'M' 'M' 'M' 'M' 'M' 'M' 'M' 'M' 'M'
 'M' 'M' 'M' 'M' 'M' 'M' 'M' 'M' 'M' 'M' 'M' 'U' 'M' 'U' 'M' 'U' 'M' 'U'
 'M' 'M' 'U' 'M' 'M' 'M' 'M' 'M' 'M' 'M' 'M' 'M' 'M' 'M' 'M' 'M' 'M' 'U'
 'M' 'M' 'M' 'M' 'U' 'M' 'M' 'M' 'M' 'M' 'U' 'M' 'M' 'M' 'M' 'M' 'U' 'M'
 'M' 'M' 'M' 'U' 'M' 'M' 'M' 'A' 'U' 'U' 'M' 'M' 'M' 'U' 'M' 'M' 'M' 'M'
 'M' 'M' 'M' 'M' 'M' 'M' 'M' 'M' 'M' 'U' 'M' 'M' 'M' 'M' 'M' 'U' 'U' 'M'
 'U' 'M' 'M' 'M' 'M' 'U' 'M' 'M' 'U' 'M' 'M' 'U' 'M' 'M' 'M' 'M' 'M' 'U'
 'A' 'M' 'M' 'M' 'U' 'M' 'M' 'M' 'M' 'M' 'M' 'M' 'M' 'M' 'M' 'M' 'M' 'M'
 'A' 'M' 'M' 'M' 'M' 'U' 'U' 'U' 'M' 'M' 'M' 'M' 'M' 'M' 'U' 'M' 'M' 'M'
 'M' 'U' 'M' 'M' 'M' 'U' 'M' 'M' 'M' 'M' 'M' 'M' 'M' 'A' 'U' 'M' 'M' 'M']"
210701,0,163,5,158,35,0,0,"['A' 'M' 'M' 'M' 'M' 'M' 'M' 'M' 'M' 'M' 'M' 'M' 'M' 'M' 'M' 'U' 'M' 'M'
 'M' 'M' 'M' 'M' 'M' 'M' 'M' 'U' 'M' 'M' 'M' 'M' 'M' 'M' 'M' 'M' 'M' 'M'
 'M' 'M' 'M' 'M' 'M' 'M' 'M' 'M' 'U' 'M' 'M' 'U' 'M' 'U' 'M' 'U' 'M' 'M'
 'M' 'M' 'U' 'M' 'M' 'M' 'M' 'M' 'M' 'M' 'M' 'M' 'M' 'M' 'U' 'M' 'M' 'M'
 'M' 'M' 'M' 'M' 'M' 'U' 'M' 'M' 'M' 'M' 'M' 'U' 'M' 'M' 'U' 'U' 'M' 'M'
 'M' 'M' 'M' 'M' 'M' 'M' 'M' 'M' 'M' 'U' 'M' 'M' 'M' 'U' 'M' 'M' 'M' 'M'
 'U' 'M' 'U' 'M' 'M' 'M' 'M' 'M' 'U' 'M' 'M' 'M' 'M' 'M' 'M' 'U' 'U' 'M'
 'M' 'M' 'M' 'M' 'M' 'U' 'M' 'M' 'U' 'M' 'M' 'U' 'U' 'M' 'M' 'M' 'M' 'U'
 'A' 'M' 'M' 'M' 'U' 'M' 'M' 'M' 'M' 'M' 'M' 'M' 'M' 'U' 'M' 'M' 'M' 'M'
 'A' 'M' 'M' 'M' 'U' 'U' 'A' 'U' 'U' 'M' 'M' 'M' 'M' 'U' 'U' 'M' 'M' 'M'
 'M' 'U' 'M' 'M' 'M' 'U' 'M' 'M' 'M' 'M' 'M' 'M' 'M' 'A' 'U' 'M' 'M' 'M']"
210801,0,163,2,161,35,0,0,"['A' 'M' 'U' 'M' 'M' 'M' 'M' 'M' 'M' 'M' 'M' 'M' 'M' 'M' 'M' 'U' 'M' 'M'
 'M' 'M' 'M' 'M' 'M' 'M' 'M' 'M' 'M' 'M' 'M' 'M' 'M' 'M' 'U' 'M' 'M' 'M'
 'M' 'M' 'M' 'U' 'M' 'M' 'M' 'M' 'U' 'M' 'M' 'M' 'M' 'M' 'M' 'U' 'M' 'M'
 'M' 'M' 'U' 'M' 'M' 'M' 'M' 'M' 'M' 'M' 'M' 'M' 'M' 'M' 'M' 'M' 'M' 'M'
 'M' 'M' 'M' 'M' 'U' 'M' 'U' 'M' 'U' 'M' 'M' 'M' 'M' 'M' 'M' 'M' 'M' 'U'
 'M' 'M' 'M' 'M' 'U' 'M' 'M' 'M' 'M' 'U' 'M' 'M' 'M' 'U' 'M' 'M' 'M' 'U'
 'M' 'M' 'M' 'M' 'M' 'M' 'M' 'M' 'U' 'M' 'M' 'M' 'M' 'M' 'M' 'U' 'M' 'M'
 'M' 'M' 'M' 'M' 'M' 'U' 'M' 'M' 'M' 'M' 'M' 'U' 'U' 'M' 'M' 'M' 'M' 'U'
 'U' 'M' 'M' 'M' 'U' 'M' 'M' 'M' 'M' 'M' 'M' 'M' 'M' 'U' 'M' 'M' 'M' 'M'
 'U' 'M' 'M' 'M' 'M' 'U' 'U' 'U' 'U' 'M' 'M' 'M' 'M' 'U' 'U' 'M' 'M' 'M'
 'M' 'U' 'M' 'M' 'M' 'U' 'M' 'U' 'M' 'M' 'M' 'M' 'M' 'A' 'U' 'M' 'M' 'M']"
210901,0,157,2,155,41,0,0,"['A' 'M' 'U' 'M' 'U' 'M' 'M' 'M' 'M' 'M' 'M' 'M' 'M' 'M' 'M' 'U' 'M' 'M'
 'M' 'M' 'M' 'M' 'M' 'M' 'M' 'M' 'M' 'M' 'U' 'M' 'M' 'M' 'U' 'M' 'M' 'M'
 'M' 'M' 'M' 'U' 'U' 'M' 'M' 'M' 'U' 'M' 'M' 'M' 'M' 'M' 'M' 'M' 'M' 'M'
 'M' 'M' 'U' 'M' 'M' 'M' 'M' 'M' 'M' 'M' 'M' 'M' 'M' 'M' 'M' 'M' 'M' 'U'
 'M' 'M' 'M' 'M' 'U' 'U' 'M' 'M' 'U' 'M' 'M' 'M' 'M' 'M' 'M' 'M' 'M' 'M'
 'M' 'M' 'M' 'U' 'M' 'M' 'M' 'M' 'M' 'U' 'M' 'M' 'U' 'U' 'M' 'M' 'M' 'U'
 'M' 'M' 'M' 'M' 'M' 'M' 'M' 'M' 'M' 'M' 'M' 'M' 'U' 'M' 'M' 'U' 'M' 'M'
 'M' 'M' 'U' 'M' 'M' 'U' 'M' 'M' 'M' 'M' 'M' 'M' 'U' 'M' 'M' 'M' 'M' 'U'
 'U' 'M' 'M' 'M' 'M' 'M' 'U' 'M' 'M' 'M' 'M' 'U' 'M' 'U' 'M' 'M' 'M' 'M'
 'U' 'U' 'M' 'M' 'M' 'U' 'U' 'U' 'U' 'M' 'M' 'M' 'M' 'M' 'U' 'M' 'U' 'M'
 'M' 'U' 'M' 'M' 'M' 'U' 'M' 'U' 'M' 'M' 'M' 'U' 'M' 'A' 'U' 'M' 'M' 'M']"
211001,0,160,1,159,38,1,0,"['A' 'M' 'M' 'M' 'U' 'U' 'M' 'M' 'U' 'M' 'M' 'M' 'M' 'M' 'M' 'M' 'M' 'M'
 'M' 'M' 'M' 'M' 'M' 'M' 'M' 'M' 'M' 'M' 'M' 'M' 'M' 'M' 'M' 'M' 'M' 'M'
 'M' 'U' 'M' 'U' 'U' 'M' 'M' 'M' 'M' 'M' 'M' 'M' 'U' 'M' 'M' 'M' 'M' 'M'
 'M' 'M' 'U' 'M' 'M' 'M' 'M' 'M' 'M' 'M' 'M' 'M' 'M' 'M' 'U' 'M' 'M' 'U'
 'M' 'U' 'M' 'M' 'M' 'M' 'M' 'M' 'M' 'M' 'M' 'M' 'M' 'M' 'M' 'M' 'M' 'U'
 'M' 'U' 'M' 'M' 'M' 'M' 'M' 'M' 'M' 'U' 'M' 'M' 'U' 'U' 'M' 'M' 'M' 'M'
 'M' 'M' 'M' 'M' 'M' 'M' 'M' 'M' 'M' 'M' 'M' 'M' 'U' 'M' 'M' 'M' 'M' 'M'
 'M' 'M' 'U' 'M' 'M' 'U' 'M' 'M' 'M' 'M' 'M' 'M' 'U' 'M' 'M' 'M' 'M' 'U'
 'M' 'M' 'M' 'M' 'M' 'M' 'U' 'M' 'M' 'M' 'M' 'U' 'M' 'U' 'M' 'U' 'M' 'M'
 'U' 'U' 'M' 'M' 'M' 'U' 'U' 'U' 'M' 'M' 'U' 'M' 'M' 'M' 'U' 'M' 'U' 'M'
 'M' 'U' 'M' 'M' 'M' 'M' 'M' 'U' 'M' 'M' 'M' 'U' 'M' 'U' 'U' 'M' 'M' 'M']"
211101,0,164,2,162,34,1,0,"['A' 'M' 'M' 'M' 'M' 'U' 'M' 'M' 'U' 'M' 'M' 'M' 'M' 'U' 'M' 'M' 'M' 'M'
 'M' 'M' 'M' 'M' 'M' 'M' 'M' 'M' 'M' 'M' 'U' 'M' 'M' 'M' 'U' 'M' 'M' 'M'
 'M' 'U' 'M' 'U' 'U' 'M' 'M' 'M' 'M' 'M' 'M' 'M' 'U' 'M' 'M' 'M' 'M' 'M'
 'M' 'U' 'U' 'M' 'M' 'M' 'M' 'M' 'M' 'M' 'M' 'U' 'M' 'M' 'M' 'M' 'M' 'M'
 'M' 'U' 'M' 'M' 'M' 'M' 'M' 'M' 'M' 'M' 'M' 'M' 'M' 'M' 'M' 'M' 'U' 'M'
 'U' 'U' 'M' 'M' 'M' 'M' 'M' 'M' 'M' 'U' 'M' 'M' 'M' 'M' 'M' 'M' 'M' 'M'
 'M' 'M' 'M' 'M' 'M' 'U' 'M' 'M' 'M' 'M' 'M' 'M' 'U' 'M' 'M' 'M' 'M' 'M'
 'M' 'M' 'M' 'M' 'M' 'M' 'M' 'M' 'M' 'M' 'M' 'M' 'U' 'M' 'M' 'M' 'M' 'U'
 'M' 'M' 'M' 'M' 'M' 'M' 'U' 'M' 'M' 'U' 'U' 'U' 'M' 'U' 'M' 'U' 'U' 'M'
 'U' 'A' 'M' 'M' 'M' 'M' 'M' 'M' 'M' 'M' 'U' 'M' 'M' 'M' 'U' 'M' 'M' 'M'
 'M' 'M' 'M' 'M' 'M' 'M' 'M' 'U' 'M' 'M' 'M' 'M' 'M' 'U' 'U' 'M' 'M' 'M']"
211201,0,166,5,161,32,0,0,"['A' 'M' 'M' 'M' 'M' 'M' 'M' 'M' 'U' 'M' 'M' 'M' 'M' 'U' 'M' 'M' 'M' 'M'
 'U' 'M' 'M' 'M' 'A' 'M' 'M' 'M' 'M' 'M' 'U' 'M' 'M' 'M' 'U' 'M' 'M' 'M'
 'M' 'A' 'M' 'M' 'U' 'M' 'M' 'M' 'M' 'M' 'M' 'U' 'U' 'M' 'M' 'U' 'M' 'M'
 'M' 'U' 'M' 'M' 'M' 'M' 'M' 'M' 'M' 'M' 'M' 'U' 'U' 'M' 'M' 'M' 'M' 'M'
 'M' 'M' 'M' 'M' 'M' 'M' 'M' 'M' 'U' 'M' 'M' 'U' 'M' 'M' 'M' 'U' 'M' 'M'
 'M' 'M' 'M' 'M' 'M' 'U' 'M' 'M' 'U' 'M' 'M' 'M' 'M' 'M' 'M' 'M' 'M' 'M'
 'M' 'M' 'M' 'M' 'M' 'U' 'M' 'M' 'M' 'M' 'M' 'M' 'M' 'M' 'M' 'M' 'M' 'U'
 'M' 'M' 'M' 'M' 'M' 'M' 'M' 'M' 'M' 'M' 'M' 'M' 'U' 'M' 'M' 'M' 'M' 'U'
 'M' 'M' 'M' 'M' 'M' 'M' 'M' 'U' 'M' 'U' 'M' 'U' 'M' 'U' 'M' 'U' 'U' 'M'
 'U' 'A' 'M' 'M' 'M' 'M' 'M' 'M' 'M' 'M' 'U' 'M' 'M' 'M' 'U' 'M' 'M' 'M'
 'A' 'M' 'M' 'M' 'M' 'M' 'M' 'U' 'M' 'M' 'M' 'M' 'M' 'U' 'M' 'M' 'M' 'M']"
211301,0,163,5,158,35,0,0,"['A' 'U' 'M' 'U' 'U' 'M' 'M' 'M' 'M' 'M' 'M' 'M' 'U' 'M' 'M' 'M' 'M' 'M'
 'U' 'M' 'M' 'M' 'A' 'M' 'M' 'M' 'M' 'M' 'U' 'M' 'M' 'U' 'M' 'M' 'M' 'M'
 'M' 'A' 'M' 'M' 'M' 'M' 'M' 'M' 'M' 'M' 'M' 'U' 'A' 'M' 'M' 'U' 'M' 'M'
 'M' 'U' 'M' 'M' 'M' 'M' 'M' 'M' 'M' 'M' 'M' 'M' 'M' 'M' 'M' 'M' 'M' 'M'
 'U' 'M' 'M' 'M' 'M' 'M' 'M' 'M' 'U' 'U' 'M' 'M' 'M' 'M' 'U' 'M' 'M' 'U'
 'M' 'M' 'M' 'M' 'M' 'U' 'M' 'M' 'U' 'M' 'M' 'M' 'M' 'M' 'M' 'M' 'M' 'M'
 'U' 'M' 'M' 'M' 'M' 'U' 'M' 'M' 'M' 'M' 'M' 'M' 'M' 'M' 'M' 'M' 'M' 'U'
 'M' 'M' 'M' 'M' 'M' 'M' 'M' 'M' 'M' 'M' 'M' 'M' 'U' 'M' 'M' 'M' 'M' 'U'
 'M' 'M' 'M' 'M' 'M' 'M' 'M' 'U' 'M' 'U' 'M' 'U' 'U' 'A' 'M' 'U' 'U' 'M'
 'U' 'U' 'M' 'M' 'M' 'M' 'M' 'M' 'M' 'M' 'U' 'U' 'M' 'M' 'M' 'M' 'M' 'M'
 'U' 'M' 'M' 'M' 'M' 'M' 'M' 'U' 'M' 'M' 'M' 'M' 'M' 'U' 'M' 'M' 'M' 'M']"
211401,0,161,4,157,37,0,0,"['A' 'U' 'M' 'U' 'U' 'U' 'U' 'M' 'M' 'M' 'M' 'M' 'U' 'M' 'M' 'M' 'M' 'U'
 'U' 'M' 'M' 'M' 'A' 'M' 'M' 'M' 'M' 'M' 'M' 'M' 'M' 'U' 'M' 'M' 'M' 'M'
 'M' 'A' 'M' 'M' 'M' 'M' 'M' 'M' 'M' 'M' 'M' 'U' 'U' 'M' 'M' 'M' 'M' 'M'
 'M' 'U' 'M' 'M' 'M' 'M' 'M' 'M' 'M' 'M' 'M' 'M' 'M' 'M' 'M' 'M' 'U' 'M'
 'M' 'M' 'M' 'M' 'M' 'M' 'M' 'U' 'U' 'M' 'U' 'M' 'M' 'M' 'M' 'U' 'M' 'M'
 'M' 'M' 'M' 'M' 'M' 'U' 'M' 'M' 'U' 'M' 'M' 'M' 'U' 'M' 'M' 'M' 'M' 'M'
 'U' 'M' 'M' 'U' 'M' 'M' 'M' 'M' 'M' 'M' 'M' 'M' 'M' 'M' 'M' 'M' 'M' 'U'
 'M' 'M' 'M' 'M' 'M' 'M' 'U' 'M' 'M' 'M' 'M' 'M' 'M' 'M' 'M' 'M' 'M' 'U'
 'U' 'M' 'M' 'M' 'M' 'M' 'M' 'M' 'M' 'U' 'M' 'U' 'U' 'U' 'M' 'M' 'U' 'M'
 'U' 'U' 'M' 'U' 'M' 'M' 'M' 'M' 'M' 'M' 'U' 'A' 'M' 'M' 'M' 'M' 'M' 'M'
 'U' 'M' 'M' 'M' 'M' 'M' 'M' 'M' 'M' 'M' 'M' 'M' 'M' 'U' 'M' 'M' 'M' 'M']"
211501,0,165,4,161,33,0,0,"['A' 'U' 'M' 'M' 'M' 'U' 'M' 'M' 'M' 'M' 'M' 'M' 'M' 'U' 'M' 'M' 'M' 'M'
 'U' 'M' 'M' 'M' 'A' 'M' 'U' 'M' 'M' 'M' 'M' 'M' 'M' 'M' 'M' 'M' 'M' 'M'
 'M' 'A' 'M' 'M' 'M' 'M' 'M' 'M' 'M' 'M' 'M' 'U' 'U' 'M' 'M' 'M' 'M' 'M'
 'M' 'U' 'M' 'M' 'M' 'M' 'M' 'M' 'M' 'M' 'M' 'M' 'M' 'M' 'M' 'U' 'U' 'M'
 'M' 'M' 'M' 'U' 'M' 'M' 'M' 'M' 'M' 'M' 'M' 'M' 'M' 'U' 'M' 'M' 'M' 'M'
 'M' 'M' 'U' 'M' 'M' 'M' 'M' 'U' 'U' 'M' 'M' 'M' 'U' 'M' 'M' 'M' 'M' 'M'
 'M' 'M' 'M' 'U' 'M' 'M' 'M' 'M' 'M' 'M' 'M' 'M' 'M' 'M' 'M' 'M' 'M' 'U'
 'M' 'M' 'M' 'U' 'M' 'M' 'U' 'U' 'M' 'M' 'M' 'M' 'M' 'M' 'U' 'M' 'M' 'U'
 'U' 'M' 'M' 'M' 'M' 'M' 'M' 'M' 'M' 'U' 'M' 'M' 'U' 'M' 'M' 'M' 'U' 'M'
 'U' 'M' 'M' 'U' 'M' 'M' 'M' 'M' 'M' 'U' 'U' 'A' 'M' 'M' 'M' 'M' 'U' 'M'
 'M' 'M' 'M' 'M' 'M' 'M' 'M' 'M' 'M' 'M' 'M' 'M' 'M' 'U' 'M' 'M' 'M' 'M']"
211601,0,164,2,162,34,0,0,"['A' 'U' 'M' 'M' 'M' 'U' 'M' 'M' 'M' 'M' 'M' 'M' 'M' 'U' 'M' 'M' 'M' 'M'
 'M' 'M' 'M' 'M' 'U' 'M' 'U' 'M' 'M' 'M' 'M' 'M' 'M' 'M' 'M' 'M' 'U' 'M'
 'M' 'U' 'M' 'M' 'M' 'M' 'U' 'M' 'M' 'M' 'M' 'U' 'U' 'M' 'M' 'M' 'M' 'M'
 'M' 'M' 'M' 'M' 'M' 'M' 'M' 'M' 'M' 'M' 'M' 'M' 'M' 'M' 'M' 'M' 'M' 'U'
 'M' 'M' 'M' 'M' 'M' 'M' 'M' 'M' 'M' 'M' 'M' 'U' 'M' 'U' 'U' 'M' 'M' 'U'
 'M' 'M' 'M' 'M' 'M' 'M' 'M' 'U' 'U' 'M' 'M' 'M' 'U' 'M' 'M' 'M' 'M' 'M'
 'M' 'M' 'M' 'U' 'M' 'M' 'M' 'M' 'M' 'M' 'M' 'M' 'M' 'M' 'U' 'M' 'M' 'U'
 'M' 'M' 'M' 'U' 'M' 'M' 'M' 'U' 'M' 'M' 'M' 'M' 'M' 'M' 'U' 'M' 'M' 'U'
 'U' 'M' 'M' 'M' 'M' 'M' 'M' 'M' 'M' 'U' 'M' 'M' 'U' 'M' 'M' 'M' 'U' 'M'
 'M' 'M' 'M' 'U' 'M' 'M' 'M' 'M' 'M' 'M' 'U' 'A' 'M' 'M' 'M' 'M' 'U' 'U'
 'M' 'M' 'M' 'M' 'M' 'M' 'M' 'M' 'M' 'M' 'M' 'M' 'M' 'U' 'M' 'M' 'M' 'M']"
211701,0,156,4,152,42,0,0,"['A' 'U' 'M' 'M' 'M' 'U' 'M' 'M' 'M' 'M' 'M' 'M' 'M' 'U' 'M' 'M' 'M' 'M'
 'M' 'M' 'M' 'U' 'U' 'M' 'U' 'M' 'M' 'M' 'M' 'M' 'M' 'M' 'M' 'M' 'U' 'M'
 'M' 'U' 'M' 'U' 'M' 'U' 'A' 'M' 'M' 'M' 'M' 'U' 'U' 'M' 'M' 'M' 'M' 'M'
 'M' 'M' 'M' 'M' 'M' 'M' 'M' 'M' 'U' 'M' 'M' 'M' 'M' 'U' 'M' 'M' 'M' 'M'
 'M' 'M' 'M' 'M' 'M' 'M' 'U' 'M' 'M' 'M' 'M' 'M' 'U' 'M' 'M' 'M' 'M' 'M'
 'U' 'U' 'M' 'M' 'M' 'M' 'M' 'U' 'U' 'M' 'M' 'M' 'U' 'M' 'M' 'M' 'M' 'M'
 'M' 'M' 'M' 'M' 'U' 'M' 'M' 'M' 'M' 'M' 'M' 'M' 'M' 'M' 'U' 'M' 'M' 'U'
 'M' 'M' 'U' 'U' 'M' 'U' 'M' 'U' 'M' 'U' 'U' 'U' 'U' 'M' 'U' 'M' 'U' 'A'
 'U' 'M' 'M' 'M' 'M' 'M' 'M' 'M' 'M' 'U' 'M' 'M' 'U' 'M' 'M' 'M' 'U' 'M'
 'M' 'M' 'M' 'U' 'M' 'M' 'M' 'M' 'M' 'M' 'U' 'A' 'M' 'M' 'M' 'M' 'M' 'M'
 'M' 'M' 'M' 'M' 'M' 'M' 'M' 'M' 'M' 'M' 'M' 'U' 'M' 'U' 'M' 'M' 'M' 'M']"
211801,0,159,3,156,39,0,0,"['A' 'U' 'M' 'M' 'M' 'U' 'U' 'M' 'M' 'M' 'M' 'M' 'U' 'M' 'M' 'M' 'M' 'M'
 'M' 'M' 'M' 'U' 'U' 'U' 'M' 'M' 'M' 'M' 'M' 'M' 'M' 'M' 'M' 'M' 'U' 'M'
 'M' 'M' 'M' 'M' 'M' 'U' 'M' 'M' 'M' 'M' 'M' 'M' 'U' 'M' 'M' 'M' 'M' 'M'
 'M' 'M' 'M' 'M' 'M' 'M' 'M' 'M' 'U' 'M' 'M' 'M' 'M' 'U' 'M' 'M' 'M' 'M'
 'M' 'U' 'M' 'U' 'M' 'M' 'M' 'M' 'M' 'M' 'M' 'M' 'M' 'U' 'M' 'M' 'M' 'M'
 'M' 'U' 'M' 'M' 'M' 'M' 'M' 'U' 'U' 'M' 'M' 'M' 'U' 'U' 'M' 'M' 'M' 'M'
 'M' 'M' 'M' 'M' 'U' 'M' 'M' 'M' 'M' 'M' 'M' 'M' 'U' 'M' 'M' 'M' 'M' 'U'
 'M' 'M' 'U' 'M' 'M' 'U' 'M' 'M' 'M' 'M' 'U' 'U' 'U' 'M' 'M' 'M' 'U' 'A'
 'M' 'M' 'M' 'M' 'M' 'M' 'M' 'U' 'M' 'U' 'M' 'M' 'M' 'M' 'M' 'M' 'U' 'M'
 'M' 'U' 'M' 'M' 'M' 'M' 'M' 'M' 'M' 'U' 'U' 'A' 'U' 'M' 'M' 'M' 'M' 'M'
 'M' 'M' 'M' 'M' 'M' 'M' 'M' 'M' 'M' 'M' 'M' 'U' 'M' 'U' 'M' 'M' 'U' 'M']"
211901,0,154,3,151,44,0,0,"['A' 'U' 'M' 'M' 'M' 'U' 'M' 'M' 'M' 'M' 'M' 'M' 'U' 'M' 'M' 'M' 'M' 'M'
 'M' 'U' 'M' 'U' 'U' 'U' 'M' 'M' 'M' 'M' 'M' 'U' 'M' 'M' 'M' 'M' 'U' 'M'
 'M' 'M' 'M' 'M' 'M' 'M' 'M' 'U' 'U' 'M' 'M' 'M' 'U' 'M' 'M' 'M' 'M' 'M'
 'M' 'M' 'M' 'M' 'M' 'M' 'M' 'M' 'U' 'M' 'M' 'M' 'M' 'M' 'M' 'M' 'M' 'M'
 'U' 'M' 'M' 'U' 'M' 'M' 'M' 'M' 'M' 'M' 'U' 'M' 'M' 'M' 'U' 'U' 'M' 'M'
 'M' 'M' 'M' 'M' 'M' 'M' 'M' 'U' 'U' 'M' 'M' 'M' 'U' 'M' 'M' 'M' 'M' 'M'
 'M' 'M' 'M' 'M' 'U' 'M' 'U' 'M' 'M' 'M' 'U' 'M' 'U' 'M' 'M' 'M' 'M' 'A'
 'M' 'M' 'M' 'M' 'M' 'U' 'U' 'M' 'U' 'U' 'U' 'U' 'U' 'M' 'M' 'M' 'M' 'A'
 'M' 'M' 'M' 'M' 'M' 'M' 'M' 'U' 'M' 'U' 'M' 'M' 'M' 'M' 'M' 'M' 'U' 'M'
 'M' 'U' 'M' 'M' 'M' 'M' 'M' 'M' 'M' 'U' 'U' 'M' 'U' 'M' 'M' 'M' 'M' 'M'
 'M' 'M' 'M' 'U' 'U' 'M' 'M' 'M' 'M' 'M' 'M' 'U' 'M' 'U' 'M' 'M' 'U' 'M']"
212001,0,150,4,146,48,0,0,"['A' 'U' 'M' 'M' 'U' 'M' 'M' 'M' 'M' 'M' 'U' 'U' 'U' 'M' 'M' 'M' 'M' 'M'
 'M' 'U' 'M' 'M' 'U' 'U' 'M' 'M' 'M' 'M' 'M' 'U' 'U' 'M' 'M' 'M' 'U' 'M'
 'M' 'U' 'M' 'M' 'M' 'M' 'M' 'U' 'U' 'M' 'M' 'M' 'U' 'M' 'M' 'M' 'M' 'M'
 'M' 'M' 'M' 'M' 'M' 'M' 'M' 'M' 'U' 'M' 'M' 'U' 'M' 'M' 'M' 'M' 'M' 'M'
 'M' 'M' 'M' 'M' 'M' 'M' 'M' 'M' 'M' 'U' 'U' 'U' 'M' 'M' 'M' 'M' 'M' 'M'
 'U' 'M' 'M' 'M' 'M' 'M' 'M' 'U' 'U' 'M' 'U' 'M' 'U' 'M' 'M' 'M' 'M' 'M'
 'M' 'M' 'M' 'M' 'U' 'M' 'U' 'M' 'M' 'M' 'U' 'M' 'M' 'M' 'U' 'M' 'M' 'A'
 'U' 'M' 'M' 'M' 'M' 'U' 'U' 'U' 'U' 'U' 'U' 'U' 'A' 'M' 'U' 'M' 'M' 'A'
 'U' 'M' 'M' 'M' 'M' 'M' 'M' 'U' 'M' 'U' 'M' 'M' 'M' 'M' 'M' 'M' 'U' 'M'
 'M' 'U' 'M' 'M' 'M' 'M' 'M' 'M' 'M' 'U' 'U' 'M' 'M' 'M' 'M' 'M' 'M' 'M'
 'M' 'M' 'M' 'M' 'U' 'M' 'M' 'M' 'M' 'M' 'M' 'U' 'M' 'M' 'M' 'M' 'U' 'M']"
212101,0,152,3,149,46,0,0,"['A' 'U' 'M' 'M' 'M' 'M' 'M' 'M' 'U' 'M' 'M' 'M' 'U' 'M' 'M' 'M' 'M' 'M'
 'M' 'U' 'M' 'M' 'U' 'U' 'M' 'M' 'M' 'M' 'M' 'A' 'U' 'M' 'M' 'M' 'U' 'M'
 'M' 'U' 'M' 'M' 'M' 'M' 'M' 'U' 'M' 'M' 'M' 'M' 'M' 'M' 'M' 'M' 'M' 'M'
 'M' 'M' 'M' 'U' 'M' 'M' 'M' 'M' 'U' 'M' 'M' 'M' 'M' 'M' 'M' 'M' 'M' 'U'
 'M' 'M' 'M' 'M' 'M' 'M' 'M' 'M' 'M' 'M' 'U' 'M' 'M' 'M' 'M' 'U' 'M' 'M'
 'U' 'M' 'M' 'U' 'M' 'M' 'M' 'M' 'U' 'M' 'U' 'M' 'U' 'M' 'M' 'M' 'M' 'M'
 'M' 'M' 'M' 'M' 'U' 'M' 'U' 'M' 'M' 'U' 'M' 'M' 'M' 'M' 'U' 'M' 'M' 'U'
 'U' 'M' 'M' 'M' 'M' 'U' 'U' 'U' 'M' 'U' 'U' 'U' 'U' 'M' 'U' 'M' 'M' 'A'
 'U' 'M' 'M' 'M' 'M' 'M' 'M' 'U' 'M' 'U' 'M' 'U' 'M' 'M' 'M' 'M' 'U' 'M'
 'M' 'U' 'M' 'M' 'M' 'M' 'M' 'M' 'M' 'U' 'U' 'M' 'M' 'M' 'M' 'M' 'M' 'M'
 'M' 'M' 'M' 'U' 'U' 'M' 'M' 'M' 'M' 'M' 'M' 'U' 'M' 'M' 'M' 'M' 'U' 'M']"
212201,0,157,6,151,41,0,0,"['A' 'U' 'M' 'M' 'M' 'M' 'M' 'M' 'M' 'M' 'M' 'M' 'U' 'M' 'M' 'M' 'M' 'M'
 'M' 'U' 'M' 'M' 'U' 'U' 'M' 'M' 'M' 'M' 'M' 'A' 'U' 'M' 'M' 'M' 'U' 'M'
 'M' 'U' 'M' 'M' 'M' 'M' 'M' 'M' 'M' 'M' 'M' 'M' 'M' 'M' 'M' 'M' 'M' 'M'
 'M' 'M' 'M' 'A' 'M' 'M' 'M' 'M' 'M' 'M' 'M' 'U' 'M' 'M' 'M' 'M' 'M' 'M'
 'M' 'U' 'M' 'M' 'M' 'M' 'M' 'U' 'M' 'M' 'M' 'M' 'U' 'M' 'M' 'M' 'M' 'M'
 'M' 'U' 'M' 'M' 'M' 'M' 'M' 'M' 'U' 'M' 'U' 'M' 'U' 'M' 'M' 'M' 'M' 'M'
 'M' 'M' 'M' 'M' 'M' 'M' 'U' 'M' 'M' 'U' 'M' 'M' 'M' 'M' 'U' 'M' 'M' 'U'
 'U' 'M' 'M' 'M' 'M' 'U' 'U' 'U' 'U' 'U' 'U' 'M' 'A' 'M' 'U' 'M' 'M' 'A'
 'M' 'M' 'M' 'M' 'M' 'M' 'M' 'U' 'M' 'U' 'M' 'U' 'M' 'M' 'M' 'M' 'U' 'M'
 'M' 'U' 'M' 'M' 'U' 'M' 'M' 'M' 'M' 'U' 'M' 'M' 'M' 'U' 'M' 'M' 'M' 'M'
 'M' 'M' 'M' 'A' 'U' 'M' 'M' 'M' 'M' 'U' 'M' 'U' 'M' 'M' 'M' 'M' 'U' 'U']"
212301,0,155,5,150,43,0,0,"['A' 'M' 'M' 'M' 'M' 'M' 'U' 'M' 'M' 'M' 'M' 'U' 'U' 'M' 'M' 'M' 'M' 'U'
 'M' 'U' 'M' 'M' 'U' 'U' 'M' 'M' 'M' 'M' 'M' 'U' 'M' 'M' 'M' 'M' 'A' 'M'
 'M' 'U' 'M' 'M' 'M' 'M' 'M' 'M' 'M' 'M' 'M' 'M' 'U' 'M' 'M' 'M' 'M' 'M'
 'M' 'M' 'M' 'A' 'M' 'M' 'M' 'M' 'M' 'M' 'M' 'M' 'M' 'M' 'M' 'M' 'M' 'M'
 'U' 'M' 'M' 'M' 'M' 'M' 'M' 'M' 'M' 'M' 'M' 'M' 'M' 'U' 'M' 'U' 'M' 'U'
 'M' 'M' 'M' 'U' 'M' 'M' 'M' 'M' 'M' 'M' 'U' 'M' 'U' 'M' 'M' 'M' 'M' 'U'
 'M' 'M' 'M' 'M' 'M' 'M' 'M' 'M' 'U' 'U' 'M' 'M' 'M' 'M' 'U' 'M' 'M' 'U'
 'U' 'M' 'M' 'M' 'M' 'U' 'U' 'M' 'M' 'U' 'U' 'M' 'A' 'M' 'M' 'M' 'M' 'A'
 'M' 'M' 'M' 'M' 'M' 'M' 'M' 'U' 'M' 'U' 'U' 'U' 'M' 'M' 'M' 'M' 'U' 'M'
 'M' 'M' 'M' 'M' 'U' 'U' 'M' 'M' 'M' 'M' 'M' 'M' 'M' 'U' 'M' 'U' 'U' 'M'
 'M' 'U' 'M' 'U' 'U' 'M' 'M' 'M' 'M' 'M' 'M' 'U' 'M' 'M' 'M' 'M' 'U' 'U']"
212401,0,158,4,154,40,0,1,"['A' 'M' 'M' 'M' 'M' 'M' 'U' 'M' 'M' 'M' 'M' 'U' 'U' 'M' 'M' 'M' 'M' 'U'
 'M' 'U' 'M' 'M' 'M' 'U' 'M' 'M' 'M' 'M' 'M' 'U' 'M' 'M' 'U' 'M' 'A' 'M'
 'M' 'M' 'M' 'M' 'M' 'M' 'M' 'M' 'M' 'M' 'M' 'M' 'U' 'M' 'M' 'M' 'M' 'M'
 'M' 'M' 'M' 'U' 'M' 'M' 'M' 'M' 'M' 'M' 'M' 'M' 'M' 'M' 'M' 'U' 'M' 'M'
 'M' 'M' 'M' 'M' 'M' 'M' 'M' 'M' 'M' 'U' 'M' 'M' 'M' 'M' 'U' 'M' 'M' 'U'
 'M' 'M' 'M' 'M' 'U' 'M' 'M' 'M' 'M' 'M' 'U' 'M' 'U' 'M' 'M' 'M' 'M' 'M'
 'M' 'M' 'U' 'M' 'M' 'M' 'M' 'M' 'U' 'U' 'M' 'U' 'M' 'M' 'U' 'M' 'M' 'U'
 'M' 'M' 'U' 'M' 'M' 'U' 'M' 'M' 'M' 'U' 'U' 'U' 'A' 'M' 'M' 'M' 'M' 'A'
 'M' 'M' 'M' 'M' 'M' 'U' 'M' 'U' 'M' 'U' 'U' 'M' 'M' 'M' 'M' 'M' 'M' 'M'
 'M' 'M' 'M' 'M' 'U' 'U' 'M' 'M' 'M' 'M' 'M' 'M' 'M' 'U' 'M' 'M' 'U' 'M'
 'M' 'U' 'M' 'U' 'U' 'M' 'M' 'M' 'M' 'M' 'M' 'M' 'M' 'M' 'M' 'M' 'U' 'M']"
212501,0,157,3,154,41,0,0,"['A' 'M' 'M' 'M' 'M' 'M' 'M' 'M' 'M' 'M' 'M' 'U' 'M' 'M' 'M' 'M' 'M' 'U'
 'M' 'U' 'M' 'M' 'M' 'U' 'M' 'M' 'M' 'M' 'M' 'M' 'M' 'M' 'U' 'M' 'A' 'U'
 'M' 'M' 'M' 'M' 'M' 'M' 'M' 'M' 'M' 'M' 'U' 'M' 'U' 'M' 'M' 'M' 'M' 'M'
 'M' 'M' 'M' 'U' 'M' 'M' 'M' 'M' 'M' 'M' 'M' 'M' 'M' 'M' 'U' 'M' 'M' 'M'
 'M' 'M' 'M' 'M' 'M' 'M' 'M' 'U' 'M' 'M' 'M' 'M' 'M' 'M' 'M' 'U' 'M' 'M'
 'M' 'M' 'U' 'U' 'M' 'M' 'U' 'M' 'M' 'M' 'U' 'M' 'M' 'M' 'M' 'M' 'M' 'M'
 'M' 'M' 'U' 'M' 'M' 'M' 'M' 'M' 'U' 'U' 'M' 'U' 'M' 'M' 'U' 'M' 'U' 'U'
 'M' 'M' 'U' 'M' 'M' 'U' 'M' 'M' 'M' 'U' 'M' 'U' 'U' 'M' 'M' 'M' 'M' 'A'
 'M' 'M' 'M' 'M' 'M' 'U' 'M' 'U' 'M' 'U' 'U' 'M' 'M' 'M' 'M' 'M' 'M' 'M'
 'M' 'M' 'M' 'M' 'U' 'U' 'M' 'M' 'M' 'M' 'M' 'M' 'M' 'M' 'M' 'M' 'U' 'M'
 'M' 'U' 'M' 'U' 'U' 'M' 'M' 'M' 'M' 'U' 'M' 'M' 'U' 'M' 'M' 'M' 'U' 'M']"
212601,0,156,3,153,42,0,1,"['A' 'M' 'M' 'M' 'M' 'M' 'M' 'M' 'U' 'M' 'M' 'U' 'M' 'M' 'M' 'M' 'M' 'U'
 'M' 'U' 'M' 'M' 'M' 'U' 'M' 'M' 'M' 'M' 'M' 'M' 'M' 'M' 'U' 'M' 'A' 'U'
 'M' 'M' 'M' 'M' 'M' 'M' 'M' 'M' 'M' 'M' 'U' 'M' 'M' 'M' 'M' 'M' 'M' 'M'
 'M' 'U' 'M' 'U' 'M' 'M' 'M' 'M' 'M' 'M' 'M' 'M' 'M' 'M' 'M' 'M' 'M' 'M'
 'U' 'M' 'M' 'M' 'M' 'M' 'M' 'M' 'M' 'M' 'U' 'M' 'U' 'M' 'M' 'M' 'M' 'U'
 'U' 'M' 'M' 'M' 'M' 'M' 'U' 'M' 'M' 'M' 'M' 'U' 'M' 'U' 'M' 'M' 'M' 'M'
 'M' 'M' 'U' 'M' 'U' 'M' 'M' 'M' 'U' 'U' 'M' 'U' 'M' 'M' 'M' 'M' 'U' 'U'
 'M' 'M' 'A' 'M' 'M' 'U' 'U' 'U' 'U' 'U' 'U' 'U' 'U' 'M' 'M' 'M' 'M' 'U'
 'M' 'M' 'M' 'M' 'M' 'M' 'M' 'M' 'M' 'U' 'U' 'M' 'M' 'M' 'M' 'M' 'M' 'M'
 'M' 'M' 'M' 'M' 'U' 'M' 'M' 'M' 'M' 'M' 'M' 'M' 'M' 'M' 'M' 'M' 'M' 'M'
 'M' 'U' 'M' 'U' 'M' 'M' 'M' 'M' 'M' 'U' 'M' 'M' 'U' 'M' 'M' 'M' 'U' 'M']"
212701,0,160,4,156,38,0,0,"['A' 'M' 'M' 'M' 'M' 'M' 'M' 'M' 'M' 'M' 'M' 'A' 'M' 'M' 'U' 'M' 'M' 'U'
 'M' 'U' 'M' 'M' 'M' 'U' 'M' 'M' 'M' 'M' 'M' 'M' 'M' 'M' 'U' 'M' 'A' 'U'
 'M' 'M' 'M' 'M' 'M' 'M' 'M' 'M' 'M' 'M' 'U' 'M' 'M' 'M' 'M' 'M' 'M' 'M'
 'M' 'U' 'M' 'M' 'M' 'M' 'M' 'M' 'M' 'M' 'M' 'M' 'M' 'M' 'M' 'M' 'M' 'M'
 'M' 'U' 'M' 'U' 'M' 'U' 'M' 'M' 'M' 'U' 'M' 'M' 'M' 'M' 'M' 'M' 'M' 'U'
 'M' 'M' 'M' 'M' 'M' 'M' 'U' 'M' 'M' 'M' 'M' 'M' 'M' 'M' 'M' 'M' 'M' 'U'
 'M' 'M' 'U' 'M' 'M' 'M' 'M' 'M' 'U' 'U' 'M' 'U' 'M' 'M' 'M' 'M' 'M' 'U'
 'M' 'M' 'A' 'M' 'M' 'M' 'U' 'U' 'U' 'U' 'M' 'U' 'U' 'M' 'M' 'M' 'M' 'U'
 'M' 'M' 'M' 'M' 'M' 'M' 'M' 'M' 'M' 'U' 'U' 'M' 'M' 'M' 'U' 'M' 'M' 'M'
 'M' 'M' 'M' 'M' 'U' 'M' 'M' 'U' 'M' 'M' 'M' 'M' 'M' 'U' 'M' 'M' 'M' 'M'
 'M' 'U' 'M' 'U' 'M' 'M' 'M' 'M' 'M' 'U' 'M' 'M' 'U' 'M' 'M' 'M' 'U' 'M']"
212801,1,151,4,147,47,0,0,"['A' 'M' 'M' 'M' 'M' 'M' 'M' 'M' 'M' 'M' 'M' 'U' 'M' 'M' 'U' 'M' 'M' 'U'
 'M' 'M' 'M' 'M' 'M' 'U' 'M' 'M' 'M' 'M' 'M' 'M' 'U' 'M' 'M' 'U' 'A' 'U'
 'M' 'M' 'M' 'U' 'M' 'M' 'M' 'M' 'M' 'M' 'U' 'M' 'M' 'M' 'M' 'M' 'M' 'M'
 'M' 'U' 'M' 'M' 'M' 'U' 'M' 'M' 'M' 'M' 'M' 'M' 'U' 'M' 'M' 'U' 'M' 'M'
 'M' 'M' 'M' 'M' 'U' 'M' 'M' 'M' 'M' 'U' 'M' 'M' 'M' 'M' 'U' 'M' 'M' 'M'
 'M' 'M' 'M' 'M' 'M' 'M' 'U' 'M' 'M' 'U' 'M' 'M' 'U' 'M' 'M' 'M' 'M' 'U'
 'M' 'M' 'U' 'M' 'M' 'M' 'M' 'M' 'U' 'U' 'M' 'U' 'M' 'M' 'M' 'M' 'M' 'U'
 'U' 'M' 'A' 'M' 'M' 'U' 'U' 'U' 'U' 'U' 'U' 'U' 'U' 'M' 'M' 'M' 'M' 'U'
 'U' 'M' 'M' 'M' 'M' 'M' 'M' 'M' 'M' 'U' 'A' 'M' 'M' 'M' 'U' 'M' 'M' 'M'
 'M' 'M' 'M' 'M' 'M' 'M' 'U' 'U' 'M' 'M' 'M' 'M' 'M' 'U' 'M' 'M' 'M' 'M'
 'M' 'U' 'M' 'U' 'M' 'U' 'M' 'M' 'M' 'U' 'M' 'M' 'U' 'M' 'M' 'M' 'U' 'M']"
212901,0,149,3,146,49,0,0,"['A' 'M' 'M' 'M' 'M' 'M' 'M' 'M' 'M' 'M' 'M' 'U' 'M' 'M' 'U' 'M' 'M' 'U'
 'M' 'U' 'M' 'M' 'M' 'M' 'M' 'M' 'M' 'M' 'M' 'M' 'U' 'M' 'M' 'U' 'A' 'A'
 'M' 'M' 'M' 'U' 'M' 'M' 'M' 'M' 'M' 'M' 'U' 'M' 'M' 'M' 'M' 'U' 'M' 'M'
 'M' 'M' 'M' 'M' 'M' 'U' 'M' 'M' 'M' 'M' 'M' 'M' 'U' 'M' 'U' 'M' 'M' 'M'
 'M' 'M' 'M' 'M' 'M' 'M' 'M' 'M' 'U' 'U' 'M' 'M' 'U' 'M' 'M' 'M' 'M' 'M'
 'M' 'M' 'M' 'M' 'M' 'M' 'U' 'M' 'M' 'U' 'M' 'M' 'U' 'U' 'U' 'M' 'M' 'U'
 'M' 'M' 'U' 'M' 'M' 'M' 'M' 'M' 'U' 'M' 'M' 'M' 'U' 'M' 'M' 'M' 'M' 'M'
 'U' 'M' 'U' 'M' 'M' 'U' 'U' 'U' 'U' 'M' 'M' 'U' 'U' 'M' 'M' 'M' 'M' 'U'
 'U' 'M' 'M' 'M' 'M' 'M' 'M' 'M' 'M' 'U' 'U' 'M' 'M' 'M' 'U' 'M' 'M' 'M'
 'M' 'M' 'M' 'M' 'M' 'M' 'U' 'U' 'M' 'M' 'M' 'M' 'M' 'U' 'M' 'M' 'M' 'M'
 'U' 'U' 'U' 'U' 'M' 'U' 'M' 'M' 'M' 'U' 'U' 'M' 'U' 'M' 'M' 'M' 'U' 'M']"
213001,0,158,5,153,40,0,0,"['A' 'M' 'M' 'M' 'M' 'M' 'M' 'M' 'M' 'M' 'M' 'M' 'M' 'M' 'M' 'M' 'M' 'M'
 'M' 'U' 'M' 'M' 'M' 'M' 'M' 'M' 'M' 'M' 'M' 'M' 'U' 'M' 'M' 'M' 'A' 'A'
 'M' 'M' 'M' 'M' 'M' 'M' 'M' 'M' 'M' 'M' 'U' 'M' 'M' 'M' 'M' 'U' 'M' 'M'
 'M' 'M' 'M' 'M' 'M' 'U' 'M' 'M' 'M' 'M' 'M' 'M' 'M' 'M' 'M' 'U' 'M' 'M'
 'M' 'M' 'M' 'M' 'M' 'M' 'M' 'M' 'M' 'M' 'M' 'M' 'M' 'M' 'U' 'U' 'M' 'M'
 'U' 'M' 'M' 'M' 'U' 'M' 'U' 'M' 'U' 'M' 'M' 'M' 'U' 'U' 'M' 'M' 'M' 'U'
 'M' 'U' 'M' 'M' 'U' 'M' 'M' 'M' 'U' 'M' 'M' 'M' 'U' 'M' 'M' 'M' 'M' 'M'
 'U' 'M' 'U' 'M' 'M' 'A' 'U' 'M' 'U' 'M' 'M' 'M' 'U' 'M' 'M' 'M' 'M' 'U'
 'M' 'M' 'M' 'M' 'M' 'M' 'M' 'M' 'M' 'U' 'U' 'M' 'U' 'M' 'A' 'M' 'M' 'M'
 'M' 'M' 'M' 'M' 'M' 'M' 'U' 'U' 'M' 'M' 'M' 'M' 'M' 'U' 'M' 'U' 'M' 'M'
 'M' 'U' 'U' 'U' 'M' 'U' 'M' 'M' 'M' 'U' 'U' 'M' 'U' 'M' 'M' 'M' 'U' 'M']"
213101,0,156,8,148,42,0,0,"['A' 'M' 'M' 'M' 'M' 'M' 'M' 'M' 'M' 'M' 'M' 'M' 'M' 'M' 'M' 'M' 'M' 'M'
 'M' 'U' 'M' 'M' 'M' 'M' 'M' 'M' 'M' 'M' 'U' 'M' 'U' 'U' 'M' 'U' 'A' 'A'
 'U' 'M' 'M' 'M' 'M' 'M' 'M' 'U' 'M' 'M' 'M' 'M' 'M' 'M' 'M' 'A' 'U' 'M'
 'M' 'M' 'M' 'M' 'M' 'U' 'M' 'M' 'U' 'M' 'M' 'M' 'M' 'M' 'M' 'U' 'M' 'M'
 'M' 'M' 'M' 'M' 'M' 'U' 'U' 'U' 'M' 'M' 'M' 'M' 'M' 'M' 'M' 'M' 'M' 'U'
 'M' 'M' 'M' 'M' 'M' 'M' 'M' 'M' 'U' 'M' 'M' 'M' 'U' 'M' 'M' 'M' 'M' 'U'
 'M' 'U' 'M' 'M' 'U' 'M' 'M' 'M' 'M' 'M' 'M' 'M' 'A' 'M' 'M' 'M' 'M' 'M'
 'U' 'M' 'U' 'M' 'M' 'A' 'U' 'U' 'U' 'U' 'U' 'U' 'M' 'M' 'M' 'M' 'M' 'U'
 'M' 'M' 'M' 'M' 'M' 'M' 'M' 'M' 'M' 'M' 'U' 'M' 'U' 'M' 'A' 'M' 'M' 'M'
 'M' 'M' 'M' 'M' 'M' 'M' 'A' 'M' 'U' 'M' 'U' 'M' 'U' 'U' 'M' 'U' 'M' 'M'
 'M' 'U' 'U' 'U' 'U' 'M' 'M' 'M' 'M' 'U' 'M' 'M' 'U' 'M' 'M' 'M' 'M' 'M']"
213201,0,154,10,144,44,0,0,"['A' 'M' 'M' 'M' 'M' 'M' 'U' 'M' 'M' 'M' 'M' 'M' 'M' 'M' 'M' 'M' 'M' 'M'
 'U' 'U' 'M' 'U' 'M' 'M' 'M' 'M' 'M' 'M' 'M' 'M' 'A' 'M' 'M' 'U' 'A' 'A'
 'U' 'M' 'M' 'M' 'M' 'M' 'M' 'U' 'M' 'M' 'M' 'M' 'M' 'M' 'M' 'A' 'U' 'M'
 'M' 'M' 'M' 'M' 'M' 'U' 'M' 'M' 'U' 'M' 'M' 'M' 'M' 'M' 'M' 'U' 'M' 'U'
 'M' 'M' 'M' 'M' 'M' 'M' 'M' 'M' 'M' 'U' 'U' 'U' 'M' 'M' 'M' 'M' 'M' 'M'
 'M' 'M' 'M' 'M' 'M' 'M' 'M' 'M' 'U' 'M' 'M' 'M' 'U' 'M' 'M' 'M' 'U' 'U'
 'M' 'U' 'M' 'U' 'U' 'M' 'M' 'U' 'M' 'M' 'M' 'M' 'A' 'M' 'M' 'U' 'M' 'M'
 'M' 'M' 'U' 'U' 'U' 'A' 'A' 'U' 'U' 'U' 'U' 'M' 'U' 'M' 'M' 'M' 'M' 'M'
 'M' 'M' 'M' 'M' 'M' 'M' 'M' 'M' 'M' 'M' 'U' 'M' 'U' 'M' 'A' 'M' 'M' 'M'
 'M' 'U' 'M' 'M' 'M' 'M' 'A' 'M' 'U' 'M' 'M' 'M' 'U' 'U' 'M' 'U' 'M' 'U'
 'M' 'U' 'U' 'U' 'M' 'M' 'M' 'M' 'M' 'U' 'M' 'M' 'M' 'M' 'M' 'M' 'M' 'M']"
213301,0,156,13,143,42,0,0,"['A' 'M' 'M' 'U' 'M' 'M' 'U' 'U' 'M' 'M' 'M' 'M' 'M' 'M' 'M' 'M' 'M' 'M'
 'M' 'U' 'M' 'U' 'M' 'M' 'M' 'M' 'M' 'M' 'M' 'M' 'A' 'M' 'M' 'M' 'A' 'A'
 'U' 'M' 'M' 'M' 'M' 'M' 'M' 'M' 'M' 'M' 'M' 'M' 'U' 'M' 'M' 'A' 'U' 'M'
 'M' 'M' 'M' 'M' 'M' 'U' 'M' 'M' 'M' 'M' 'M' 'M' 'M' 'M' 'M' 'M' 'U' 'M'
 'M' 'U' 'M' 'M' 'M' 'U' 'M' 'M' 'M' 'M' 'M' 'M' 'M' 'M' 'M' 'M' 'U' 'M'
 'U' 'M' 'M' 'M' 'M' 'M' 'M' 'M' 'M' 'M' 'M' 'M' 'M' 'U' 'U' 'M' 'U' 'U'
 'M' 'U' 'M' 'A' 'U' 'M' 'M' 'U' 'U' 'M' 'M' 'U' 'A' 'M' 'M' 'A' 'M' 'M'
 'U' 'M' 'U' 'M' 'U' 'A' 'A' 'U' 'U' 'U' 'U' 'U' 'U' 'M' 'M' 'M' 'M' 'M'
 'M' 'M' 'M' 'M' 'M' 'M' 'M' 'M' 'M' 'M' 'M' 'M' 'M' 'M' 'A' 'M' 'M' 'M'
 'M' 'M' 'M' 'M' 'M' 'M' 'A' 'U' 'U' 'M' 'M' 'M' 'M' 'U' 'M' 'M' 'U' 'M'
 'M' 'U' 'U' 'M' 'U' 'M' 'M' 'M' 'U' 'A' 'M' 'M' 'U' 'M' 'U' 'M' 'M' 'M']"
213401,0,148,8,140,50,1,0,"['A' 'M' 'M' 'U' 'M' 'M' 'U' 'U' 'M' 'M' 'M' 'M' 'M' 'M' 'M' 'M' 'M' 'M'
 'M' 'U' 'M' 'U' 'M' 'M' 'M' 'M' 'M' 'M' 'M' 'M' 'A' 'M' 'M' 'M' 'A' 'M'
 'U' 'M' 'M' 'M' 'M' 'M' 'M' 'M' 'M' 'M' 'M' 'M' 'U' 'M' 'M' 'A' 'U' 'M'
 'M' 'M' 'M' 'M' 'U' 'U' 'U' 'M' 'M' 'M' 'M' 'M' 'U' 'M' 'M' 'M' 'M' 'M'
 'M' 'M' 'U' 'M' 'M' 'M' 'M' 'M' 'M' 'M' 'U' 'M' 'M' 'M' 'M' 'M' 'M' 'M'
 'M' 'M' 'U' 'M' 'U' 'M' 'M' 'M' 'M' 'M' 'M' 'M' 'M' 'U' 'U' 'M' 'U' 'U'
 'M' 'U' 'M' 'U' 'U' 'M' 'M' 'M' 'U' 'M' 'M' 'U' 'U' 'M' 'M' 'A' 'M' 'M'
 'U' 'M' 'U' 'M' 'U' 'U' 'M' 'U' 'U' 'U' 'M' 'U' 'U' 'M' 'U' 'M' 'M' 'M'
 'M' 'M' 'M' 'U' 'M' 'M' 'M' 'M' 'M' 'U' 'M' 'M' 'M' 'M' 'A' 'M' 'M' 'M'
 'U' 'M' 'M' 'M' 'M' 'M' 'A' 'U' 'M' 'M' 'M' 'M' 'M' 'U' 'M' 'M' 'U' 'M'
 'M' 'U' 'U' 'M' 'U' 'U' 'M' 'M' 'U' 'A' 'M' 'M' 'U' 'M' 'U' 'M' 'U' 'M']"
213501,0,149,7,142,49,0,0,"['A' 'M' 'M' 'U' 'M' 'M' 'U' 'U' 'M' 'M' 'M' 'M' 'M' 'M' 'M' 'U' 'M' 'M'
 'M' 'U' 'M' 'U' 'M' 'M' 'M' 'M' 'M' 'M' 'M' 'M' 'A' 'M' 'M' 'U' 'A' 'M'
 'U' 'M' 'M' 'M' 'M' 'M' 'M' 'M' 'M' 'M' 'M' 'M' 'M' 'M' 'M' 'A' 'U' 'M'
 'M' 'M' 'M' 'M' 'U' 'U' 'U' 'U' 'M' 'M' 'M' 'M' 'M' 'U' 'M' 'M' 'M' 'U'
 'M' 'U' 'M' 'M' 'M' 'M' 'M' 'M' 'M' 'M' 'M' 'M' 'U' 'M' 'M' 'M' 'M' 'M'
 'U' 'M' 'M' 'M' 'M' 'M' 'M' 'M' 'M' 'M' 'M' 'M' 'M' 'U' 'M' 'M' 'U' 'U'
 'M' 'U' 'M' 'U' 'U' 'M' 'M' 'M' 'U' 'M' 'M' 'U' 'M' 'M' 'M' 'A' 'M' 'M'
 'U' 'M' 'U' 'M' 'U' 'U' 'U' 'U' 'U' 'U' 'U' 'U' 'M' 'U' 'U' 'M' 'M' 'M'
 'M' 'M' 'M' 'M' 'M' 'M' 'M' 'M' 'M' 'U' 'M' 'M' 'M' 'M' 'U' 'M' 'M' 'M'
 'U' 'M' 'M' 'M' 'M' 'M' 'A' 'U' 'M' 'M' 'M' 'M' 'M' 'U' 'M' 'M' 'M' 'M'
 'M' 'U' 'U' 'M' 'M' 'U' 'M' 'M' 'M' 'A' 'M' 'M' 'U' 'M' 'U' 'M' 'U' 'M']"
213601,0,152,5,147,46,0,0,"['A' 'M' 'M' 'U' 'M' 'M' 'U' 'U' 'M' 'M' 'M' 'M' 'M' 'M' 'M' 'M' 'M' 'M'
 'M' 'U' 'M' 'U' 'M' 'M' 'M' 'M' 'M' 'M' 'M' 'M' 'U' 'M' 'M' 'M' 'A' 'M'
 'U' 'M' 'M' 'M' 'M' 'M' 'M' 'M' 'M' 'M' 'M' 'U' 'M' 'M' 'M' 'A' 'U' 'M'
 'M' 'M' 'M' 'M' 'U' 'U' 'U' 'U' 'M' 'M' 'U' 'M' 'M' 'U' 'M' 'M' 'M' 'U'
 'M' 'M' 'U' 'M' 'M' 'U' 'M' 'M' 'M' 'U' 'M' 'M' 'M' 'M' 'M' 'M' 'M' 'M'
 'M' 'M' 'M' 'M' 'M' 'M' 'M' 'M' 'M' 'M' 'U' 'M' 'M' 'U' 'M' 'M' 'U' 'U'
 'M' 'U' 'M' 'U' 'U' 'M' 'M' 'M' 'U' 'M' 'M' 'U' 'M' 'M' 'M' 'U' 'M' 'M'
 'U' 'M' 'M' 'M' 'U' 'U' 'M' 'U' 'U' 'M' 'U' 'M' 'M' 'U' 'U' 'M' 'M' 'M'
 'M' 'M' 'M' 'M' 'M' 'M' 'M' 'M' 'M' 'U' 'M' 'M' 'M' 'M' 'U' 'M' 'M' 'M'
 'U' 'M' 'M' 'M' 'M' 'M' 'A' 'M' 'M' 'M' 'M' 'U' 'M' 'U' 'M' 'M' 'M' 'M'
 'M' 'M' 'U' 'M' 'M' 'U' 'M' 'M' 'M' 'A' 'M' 'M' 'M' 'M' 'U' 'M' 'U' 'M']"
213701,0,160,5,155,38,0,1,"['A' 'M' 'M' 'M' 'M' 'M' 'M' 'A' 'M' 'M' 'M' 'M' 'M' 'M' 'M' 'M' 'M' 'M'
 'M' 'U' 'M' 'U' 'M' 'M' 'M' 'M' 'M' 'M' 'M' 'M' 'U' 'M' 'M' 'M' 'A' 'M'
 'U' 'M' 'M' 'M' 'M' 'M' 'M' 'M' 'M' 'M' 'M' 'U' 'M' 'M' 'M' 'U' 'M' 'M'
 'M' 'M' 'M' 'M' 'U' 'U' 'M' 'M' 'M' 'M' 'U' 'M' 'M' 'M' 'M' 'M' 'M' 'M'
 'M' 'M' 'M' 'M' 'M' 'U' 'U' 'U' 'M' 'M' 'M' 'M' 'M' 'M' 'M' 'U' 'M' 'M'
 'M' 'M' 'M' 'M' 'U' 'M' 'M' 'M' 'M' 'M' 'U' 'U' 'M' 'M' 'M' 'M' 'U' 'M'
 'M' 'M' 'U' 'M' 'U' 'M' 'M' 'M' 'U' 'M' 'M' 'U' 'M' 'M' 'M' 'U' 'M' 'M'
 'U' 'M' 'M' 'M' 'U' 'A' 'M' 'M' 'U' 'M' 'U' 'M' 'M' 'U' 'U' 'M' 'M' 'M'
 'M' 'M' 'M' 'M' 'M' 'M' 'M' 'M' 'M' 'U' 'M' 'U' 'M' 'M' 'U' 'M' 'M' 'M'
 'M' 'M' 'M' 'M' 'M' 'M' 'U' 'M' 'M' 'M' 'M' 'U' 'M' 'U' 'M' 'M' 'M' 'M'
 'M' 'M' 'U' 'M' 'M' 'U' 'M' 'M' 'U' 'A' 'M' 'M' 'M' 'M' 'U' 'M' 'M' 'M']"
213801,1,153,4,149,45,0,0,"['A' 'M' 'M' 'M' 'U' 'M' 'M' 'U' 'M' 'M' 'M' 'M' 'M' 'M' 'M' 'M' 'M' 'M'
 'M' 'U' 'M' 'U' 'M' 'M' 'M' 'M' 'M' 'M' 'U' 'M' 'M' 'M' 'M' 'M' 'A' 'M'
 'M' 'M' 'M' 'M' 'M' 'M' 'M' 'M' 'M' 'M' 'M' 'U' 'M' 'M' 'M' 'U' 'M' 'M'
 'M' 'U' 'M' 'M' 'U' 'U' 'M' 'M' 'M' 'M' 'M' 'M' 'M' 'M' 'M' 'U' 'M' 'M'
 'M' 'M' 'U' 'M' 'M' 'M' 'M' 'U' 'U' 'M' 'M' 'M' 'M' 'M' 'U' 'M' 'M' 'M'
 'M' 'M' 'M' 'M' 'M' 'A' 'M' 'M' 'M' 'U' 'U' 'U' 'M' 'M' 'M' 'M' 'M' 'M'
 'M' 'M' 'U' 'M' 'U' 'M' 'M' 'M' 'U' 'M' 'M' 'U' 'U' 'M' 'M' 'U' 'M' 'M'
 'U' 'M' 'M' 'M' 'U' 'U' 'U' 'U' 'U' 'M' 'U' 'U' 'U' 'U' 'M' 'M' 'M' 'M'
 'M' 'M' 'M' 'M' 'M' 'M' 'M' 'M' 'M' 'U' 'M' 'U' 'M' 'M' 'U' 'U' 'M' 'M'
 'M' 'M' 'M' 'M' 'M' 'M' 'M' 'M' 'M' 'M' 'M' 'U' 'M' 'U' 'M' 'M' 'M' 'M'
 'M' 'M' 'U' 'M' 'U' 'U' 'M' 'M' 'U' 'A' 'M' 'M' 'M' 'M' 'U' 'M' 'M' 'M']"
213901,0,153,4,149,45,0,0,"['A' 'M' 'M' 'M' 'U' 'M' 'M' 'M' 'M' 'M' 'M' 'M' 'M' 'M' 'M' 'M' 'M' 'M'
 'M' 'U' 'U' 'U' 'M' 'M' 'M' 'M' 'M' 'M' 'U' 'M' 'M' 'M' 'M' 'M' 'U' 'M'
 'M' 'M' 'M' 'U' 'M' 'M' 'M' 'M' 'M' 'M' 'M' 'U' 'M' 'M' 'M' 'M' 'M' 'M'
 'M' 'U' 'M' 'M' 'M' 'M' 'M' 'M' 'M' 'M' 'M' 'M' 'M' 'U' 'M' 'M' 'M' 'M'
 'M' 'M' 'M' 'M' 'M' 'M' 'U' 'M' 'U' 'M' 'U' 'M' 'U' 'M' 'M' 'M' 'M' 'M'
 'M' 'M' 'M' 'M' 'M' 'U' 'M' 'M' 'M' 'U' 'U' 'U' 'M' 'M' 'M' 'M' 'M' 'M'
 'M' 'M' 'U' 'M' 'U' 'M' 'M' 'M' 'U' 'M' 'M' 'U' 'U' 'M' 'M' 'U' 'M' 'M'
 'U' 'M' 'M' 'M' 'U' 'U' 'M' 'U' 'U' 'U' 'U' 'U' 'U' 'U' 'M' 'M' 'M' 'M'
 'M' 'U' 'M' 'M' 'M' 'M' 'M' 'M' 'M' 'U' 'M' 'M' 'M' 'M' 'M' 'U' 'M' 'U'
 'M' 'M' 'M' 'M' 'M' 'M' 'M' 'M' 'M' 'M' 'M' 'A' 'M' 'U' 'M' 'M' 'M' 'M'
 'M' 'M' 'A' 'M' 'U' 'U' 'U' 'M' 'U' 'A' 'M' 'M' 'M' 'M' 'U' 'M' 'M' 'U']"
214001,0,163,5,158,35,0,0,"['A' 'U' 'M' 'M' 'U' 'M' 'M' 'M' 'M' 'M' 'M' 'M' 'M' 'M' 'M' 'M' 'M' 'M'
 'M' 'U' 'M' 'U' 'M' 'M' 'M' 'M' 'U' 'M' 'M' 'M' 'M' 'M' 'M' 'M' 'U' 'M'
 'M' 'M' 'M' 'U' 'M' 'M' 'M' 'M' 'M' 'M' 'M' 'U' 'M' 'M' 'M' 'M' 'M' 'M'
 'M' 'U' 'M' 'M' 'M' 'M' 'M' 'M' 'M' 'M' 'M' 'M' 'M' 'M' 'M' 'M' 'M' 'M'
 'M' 'U' 'M' 'M' 'M' 'U' 'M' 'M' 'U' 'M' 'M' 'M' 'M' 'M' 'U' 'M' 'M' 'M'
 'M' 'M' 'M' 'M' 'U' 'U' 'M' 'M' 'M' 'U' 'U' 'U' 'M' 'M' 'M' 'M' 'M' 'M'
 'M' 'M' 'U' 'M' 'U' 'M' 'M' 'M' 'M' 'M' 'M' 'U' 'U' 'M' 'M' 'M' 'M' 'M'
 'M' 'M' 'M' 'M' 'U' 'U' 'M' 'U' 'U' 'U' 'U' 'U' 'M' 'A' 'M' 'M' 'M' 'M'
 'M' 'U' 'M' 'M' 'M' 'M' 'M' 'M' 'M' 'U' 'M' 'M' 'M' 'M' 'M' 'U' 'M' 'U'
 'M' 'M' 'M' 'M' 'M' 'M' 'M' 'M' 'M' 'M' 'M' 'A' 'M' 'M' 'M' 'M' 'M' 'M'
 'M' 'M' 'A' 'M' 'M' 'M' 'M' 'M' 'U' 'A' 'M' 'M' 'M' 'M' 'U' 'M' 'M' 'M']"
214101,0,171,5,166,27,0,0,"['A' 'U' 'M' 'M' 'M' 'M' 'M' 'M' 'M' 'M' 'M' 'M' 'M' 'M' 'M' 'U' 'M' 'M'
 'M' 'M' 'M' 'U' 'M' 'M' 'M' 'M' 'U' 'M' 'M' 'M' 'M' 'M' 'U' 'M' 'U' 'M'
 'M' 'M' 'M' 'M' 'M' 'M' 'M' 'M' 'M' 'M' 'M' 'M' 'M' 'M' 'M' 'M' 'M' 'M'
 'M' 'U' 'M' 'M' 'M' 'M' 'M' 'M' 'M' 'M' 'M' 'M' 'M' 'M' 'M' 'U' 'M' 'M'
 'M' 'M' 'M' 'M' 'M' 'M' 'M' 'M' 'M' 'M' 'U' 'M' 'M' 'U' 'M' 'M' 'U' 'M'
 'M' 'M' 'U' 'M' 'M' 'U' 'M' 'M' 'M' 'U' 'U' 'U' 'M' 'M' 'M' 'M' 'M' 'M'
 'M' 'M' 'U' 'M' 'U' 'M' 'M' 'M' 'M' 'M' 'M' 'U' 'M' 'M' 'M' 'M' 'M' 'M'
 'M' 'M' 'M' 'M' 'U' 'M' 'M' 'U' 'M' 'M' 'U' 'M' 'M' 'M' 'M' 'U' 'M' 'M'
 'M' 'M' 'M' 'M' 'M' 'M' 'M' 'M' 'M' 'U' 'M' 'M' 'M' 'M' 'M' 'A' 'M' 'M'
 'M' 'M' 'M' 'M' 'M' 'M' 'U' 'M' 'M' 'M' 'M' 'A' 'M' 'M' 'M' 'M' 'M' 'M'
 'M' 'M' 'A' 'M' 'M' 'M' 'M' 'M' 'U' 'A' 'M' 'M' 'M' 'M' 'U' 'M' 'M' 'M']"
214201,0,165,4,161,33,0,0,"['A' 'M' 'M' 'M' 'M' 'M' 'M' 'M' 'M' 'M' 'M' 'M' 'M' 'M' 'M' 'U' 'M' 'M'
 'M' 'M' 'U' 'U' 'M' 'M' 'M' 'M' 'M' 'U' 'M' 'M' 'M' 'M' 'U' 'M' 'M' 'M'
 'M' 'M' 'M' 'M' 'M' 'M' 'M' 'M' 'M' 'M' 'M' 'M' 'M' 'M' 'M' 'M' 'M' 'M'
 'M' 'U' 'M' 'M' 'M' 'M' 'U' 'M' 'M' 'M' 'M' 'M' 'M' 'M' 'M' 'M' 'M' 'M'
 'M' 'M' 'M' 'M' 'U' 'M' 'M' 'M' 'M' 'M' 'M' 'U' 'U' 'M' 'M' 'U' 'M' 'M'
 'M' 'M' 'M' 'M' 'U' 'U' 'M' 'M' 'M' 'U' 'U' 'M' 'M' 'M' 'M' 'M' 'M' 'M'
 'M' 'M' 'U' 'M' 'U' 'M' 'M' 'M' 'M' 'U' 'M' 'U' 'M' 'M' 'M' 'U' 'M' 'M'
 'M' 'M' 'M' 'M' 'U' 'M' 'M' 'U' 'M' 'M' 'U' 'U' 'M' 'M' 'M' 'U' 'M' 'M'
 'M' 'M' 'M' 'M' 'M' 'M' 'M' 'M' 'M' 'U' 'M' 'M' 'M' 'M' 'M' 'A' 'M' 'M'
 'M' 'M' 'M' 'M' 'M' 'M' 'U' 'M' 'M' 'M' 'M' 'A' 'M' 'M' 'M' 'M' 'M' 'M'
 'U' 'U' 'U' 'M' 'M' 'M' 'M' 'M' 'U' 'A' 'M' 'M' 'M' 'M' 'U' 'U' 'M' 'M']"
214301,0,166,3,163,32,0,1,"['A' 'U' 'M' 'M' 'M' 'M' 'U' 'M' 'M' 'M' 'M' 'M' 'U' 'M' 'M' 'U' 'M' 'M'
 'U' 'M' 'U' 'U' 'M' 'M' 'M' 'M' 'M' 'U' 'M' 'M' 'M' 'M' 'U' 'M' 'M' 'M'
 'M' 'M' 'M' 'M' 'M' 'M' 'M' 'M' 'M' 'U' 'M' 'M' 'M' 'M' 'M' 'M' 'M' 'M'
 'M' 'M' 'M' 'M' 'U' 'M' 'U' 'M' 'M' 'M' 'M' 'U' 'M' 'M' 'M' 'M' 'M' 'M'
 'U' 'M' 'M' 'M' 'M' 'M' 'U' 'U' 'M' 'M' 'M' 'M' 'M' 'M' 'M' 'M' 'M' 'M'
 'M' 'M' 'U' 'M' 'M' 'U' 'M' 'M' 'M' 'U' 'M' 'M' 'M' 'M' 'M' 'M' 'M' 'M'
 'M' 'M' 'U' 'M' 'M' 'M' 'M' 'M' 'M' 'M' 'M' 'M' 'M' 'M' 'M' 'M' 'M' 'M'
 'M' 'M' 'M' 'M' 'U' 'M' 'M' 'U' 'M' 'M' 'M' 'U' 'M' 'M' 'M' 'U' 'M' 'M'
 'M' 'M' 'M' 'M' 'U' 'M' 'M' 'M' 'M' 'U' 'M' 'M' 'M' 'M' 'M' 'A' 'M' 'M'
 'M' 'M' 'M' 'M' 'M' 'M' 'U' 'M' 'M' 'M' 'M' 'A' 'M' 'M' 'M' 'M' 'M' 'M'
 'M' 'M' 'M' 'M' 'M' 'M' 'M' 'U' 'U' 'U' 'M' 'M' 'M' 'M' 'U' 'U' 'M' 'M']"
214401,0,167,5,162,31,0,0,"['A' 'A' 'M' 'M' 'M' 'U' 'M' 'M' 'M' 'M' 'M' 'M' 'U' 'M' 'M' 'U' 'M' 'M'
 'U' 'M' 'M' 'U' 'M' 'M' 'M' 'M' 'M' 'A' 'U' 'M' 'M' 'M' 'M' 'M' 'M' 'M'
 'M' 'M' 'M' 'M' 'M' 'M' 'M' 'M' 'M' 'U' 'M' 'M' 'M' 'M' 'M' 'M' 'M' 'M'
 'M' 'M' 'M' 'M' 'U' 'M' 'U' 'M' 'M' 'M' 'M' 'M' 'M' 'U' 'M' 'U' 'M' 'M'
 'M' 'U' 'M' 'U' 'M' 'M' 'M' 'M' 'U' 'M' 'M' 'M' 'M' 'M' 'M' 'M' 'M' 'M'
 'M' 'M' 'M' 'M' 'M' 'U' 'M' 'M' 'U' 'M' 'M' 'M' 'M' 'M' 'M' 'M' 'M' 'M'
 'M' 'M' 'U' 'M' 'M' 'M' 'M' 'M' 'M' 'M' 'M' 'M' 'M' 'M' 'M' 'M' 'M' 'U'
 'M' 'M' 'M' 'M' 'M' 'M' 'M' 'U' 'M' 'M' 'M' 'M' 'M' 'M' 'M' 'U' 'M' 'M'
 'M' 'M' 'M' 'U' 'U' 'M' 'M' 'M' 'M' 'M' 'M' 'M' 'M' 'M' 'M' 'A' 'M' 'M'
 'M' 'M' 'U' 'U' 'M' 'M' 'U' 'M' 'M' 'M' 'M' 'U' 'M' 'M' 'M' 'U' 'M' 'M'
 'M' 'M' 'M' 'M' 'M' 'M' 'M' 'A' 'U' 'U' 'M' 'M' 'M' 'M' 'U' 'U' 'M' 'M']"
214501,0,165,8,157,33,0,1,"['A' 'A' 'M' 'M' 'M' 'U' 'M' 'M' 'M' 'M' 'M' 'M' 'M' 'M' 'M' 'M' 'M' 'M'
 'U' 'M' 'M' 'U' 'M' 'U' 'M' 'M' 'M' 'A' 'A' 'M' 'M' 'M' 'U' 'U' 'M' 'M'
 'M' 'M' 'M' 'U' 'M' 'M' 'M' 'M' 'M' 'U' 'M' 'M' 'M' 'M' 'M' 'M' 'M' 'U'
 'M' 'M' 'M' 'M' 'U' 'M' 'U' 'M' 'M' 'M' 'M' 'U' 'U' 'M' 'M' 'M' 'M' 'M'
 'M' 'M' 'M' 'U' 'M' 'M' 'M' 'M' 'M' 'M' 'M' 'U' 'M' 'M' 'M' 'M' 'U' 'M'
 'M' 'M' 'M' 'M' 'M' 'U' 'U' 'M' 'U' 'M' 'M' 'M' 'M' 'M' 'M' 'M' 'M' 'M'
 'M' 'M' 'M' 'U' 'U' 'M' 'M' 'M' 'M' 'M' 'M' 'M' 'U' 'M' 'M' 'M' 'M' 'U'
 'M' 'M' 'M' 'M' 'M' 'M' 'M' 'M' 'M' 'M' 'M' 'M' 'M' 'M' 'M' 'U' 'M' 'M'
 'M' 'M' 'M' 'U' 'A' 'M' 'M' 'M' 'M' 'M' 'M' 'M' 'M' 'M' 'M' 'A' 'M' 'M'
 'M' 'M' 'M' 'U' 'M' 'U' 'A' 'U' 'M' 'M' 'M' 'M' 'M' 'M' 'M' 'U' 'M' 'U'
 'M' 'M' 'M' 'M' 'M' 'M' 'M' 'A' 'U' 'M' 'M' 'M' 'M' 'M' 'U' 'U' 'M' 'M']"
214601,0,162,6,156,36,0,0,"['A' 'U' 'M' 'M' 'M' 'U' 'M' 'M' 'M' 'M' 'M' 'M' 'M' 'M' 'M' 'M' 'M' 'M'
 'M' 'M' 'M' 'U' 'M' 'M' 'M' 'M' 'M' 'A' 'A' 'M' 'M' 'M' 'U' 'U' 'M' 'M'
 'M' 'M' 'M' 'M' 'M' 'M' 'M' 'M' 'U' 'U' 'M' 'M' 'U' 'M' 'M' 'M' 'M' 'U'
 'M' 'M' 'M' 'M' 'U' 'M' 'M' 'M' 'M' 'M' 'M' 'M' 'M' 'M' 'M' 'M' 'U' 'M'
 'M' 'M' 'M' 'M' 'M' 'U' 'M' 'M' 'U' 'M' 'M' 'M' 'M' 'M' 'M' 'U' 'M' 'M'
 'M' 'U' 'M' 'M' 'M' 'U' 'U' 'M' 'M' 'U' 'M' 'M' 'M' 'U' 'M' 'M' 'M' 'M'
 'M' 'M' 'M' 'U' 'M' 'M' 'M' 'M' 'U' 'M' 'M' 'M' 'U' 'M' 'M' 'U' 'M' 'U'
 'M' 'M' 'M' 'M' 'M' 'M' 'M' 'M' 'M' 'M' 'M' 'M' 'M' 'M' 'M' 'U' 'M' 'M'
 'M' 'M' 'M' 'U' 'A' 'U' 'M' 'M' 'M' 'M' 'M' 'U' 'M' 'U' 'M' 'A' 'M' 'M'
 'M' 'M' 'M' 'M' 'M' 'U' 'A' 'U' 'M' 'M' 'M' 'M' 'M' 'M' 'M' 'U' 'M' 'U'
 'M' 'M' 'M' 'M' 'M' 'U' 'M' 'U' 'M' 'M' 'M' 'M' 'M' 'M' 'U' 'M' 'M' 'M']"
214701,0,164,7,157,34,0,0,"['A' 'U' 'M' 'U' 'M' 'M' 'M' 'M' 'M' 'M' 'M' 'M' 'M' 'M' 'M' 'M' 'M' 'M'
 'U' 'M' 'M' 'U' 'M' 'M' 'M' 'M' 'M' 'A' 'A' 'M' 'M' 'M' 'U' 'U' 'M' 'M'
 'M' 'M' 'M' 'M' 'M' 'M' 'M' 'M' 'U' 'U' 'M' 'M' 'U' 'M' 'M' 'M' 'M' 'M'
 'M' 'M' 'M' 'M' 'U' 'M' 'M' 'M' 'M' 'M' 'M' 'M' 'M' 'U' 'M' 'M' 'M' 'M'
 'M' 'M' 'U' 'M' 'M' 'U' 'M' 'M' 'M' 'M' 'M' 'U' 'M' 'M' 'M' 'U' 'M' 'M'
 'M' 'M' 'M' 'M' 'M' 'U' 'U' 'M' 'M' 'M' 'M' 'M' 'M' 'M' 'M' 'U' 'M' 'U'
 'U' 'U' 'A' 'M' 'M' 'M' 'M' 'M' 'U' 'M' 'M' 'M' 'M' 'M' 'M' 'U' 'M' 'M'
 'M' 'M' 'M' 'M' 'M' 'M' 'M' 'M' 'M' 'M' 'M' 'M' 'M' 'M' 'M' 'U' 'M' 'M'
 'M' 'M' 'M' 'M' 'A' 'U' 'M' 'M' 'M' 'M' 'M' 'U' 'M' 'U' 'M' 'A' 'M' 'U'
 'M' 'M' 'M' 'M' 'M' 'U' 'A' 'U' 'M' 'M' 'U' 'M' 'M' 'M' 'M' 'U' 'M' 'M'
 'M' 'M' 'M' 'M' 'M' 'U' 'M' 'M' 'M' 'M' 'M' 'M' 'M' 'M' 'U' 'M' 'M' 'M']"
214801,0,167,3,164,31,0,0,"['A' 'U' 'M' 'M' 'M' 'M' 'M' 'M' 'M' 'M' 'M' 'M' 'M' 'M' 'M' 'M' 'M' 'M'
 'M' 'M' 'M' 'M' 'M' 'M' 'M' 'M' 'M' 'A' 'U' 'M' 'M' 'M' 'U' 'U' 'M' 'M'
 'M' 'M' 'M' 'M' 'M' 'M' 'M' 'M' 'U' 'U' 'M' 'M' 'U' 'M' 'M' 'M' 'M' 'M'
 'M' 'M' 'M' 'M' 'U' 'M' 'M' 'M' 'M' 'M' 'M' 'M' 'M' 'M' 'U' 'M' 'M' 'M'
 'M' 'U' 'M' 'M' 'M' 'M' 'M' 'M' 'M' 'U' 'M' 'M' 'M' 'M' 'M' 'M' 'M' 'U'
 'U' 'M' 'M' 'M' 'M' 'U' 'U' 'M' 'M' 'M' 'M' 'M' 'M' 'M' 'M' 'U' 'M' 'M'
 'U' 'M' 'U' 'M' 'M' 'M' 'M' 'M' 'U' 'M' 'M' 'M' 'M' 'M' 'M' 'U' 'M' 'M'
 'M' 'M' 'M' 'M' 'M' 'M' 'M' 'M' 'M' 'M' 'M' 'M' 'M' 'M' 'M' 'U' 'M' 'M'
 'M' 'M' 'M' 'M' 'A' 'U' 'M' 'M' 'M' 'M' 'M' 'U' 'M' 'M' 'M' 'M' 'M' 'U'
 'M' 'M' 'M' 'M' 'M' 'U' 'U' 'U' 'M' 'M' 'M' 'M' 'M' 'M' 'U' 'U' 'M' 'M'
 'M' 'M' 'M' 'M' 'U' 'U' 'M' 'M' 'M' 'M' 'M' 'M' 'M' 'M' 'M' 'M' 'M' 'M']"
214901,0,163,4,159,35,0,0,"['A' 'U' 'M' 'M' 'M' 'M' 'U' 'M' 'M' 'M' 'M' 'M' 'U' 'M' 'U' 'M' 'M' 'M'
 'M' 'M' 'M' 'M' 'M' 'M' 'M' 'M' 'M' 'U' 'A' 'M' 'M' 'U' 'U' 'U' 'M' 'M'
 'M' 'M' 'M' 'M' 'M' 'M' 'M' 'M' 'U' 'U' 'M' 'M' 'U' 'M' 'M' 'M' 'M' 'M'
 'M' 'M' 'M' 'M' 'U' 'M' 'M' 'M' 'U' 'M' 'M' 'M' 'U' 'M' 'M' 'M' 'M' 'M'
 'M' 'M' 'M' 'M' 'M' 'M' 'U' 'U' 'M' 'M' 'M' 'M' 'M' 'U' 'M' 'M' 'M' 'M'
 'M' 'M' 'M' 'M' 'U' 'U' 'U' 'M' 'M' 'M' 'M' 'M' 'M' 'M' 'M' 'M' 'M' 'M'
 'U' 'M' 'M' 'M' 'M' 'M' 'M' 'M' 'U' 'M' 'M' 'M' 'M' 'M' 'M' 'U' 'M' 'M'
 'M' 'M' 'M' 'M' 'M' 'M' 'M' 'M' 'A' 'M' 'M' 'M' 'M' 'M' 'M' 'U' 'M' 'M'
 'M' 'M' 'M' 'M' 'A' 'U' 'M' 'M' 'M' 'U' 'M' 'U' 'M' 'M' 'M' 'U' 'M' 'U'
 'M' 'M' 'M' 'M' 'M' 'U' 'M' 'U' 'M' 'M' 'M' 'M' 'M' 'M' 'M' 'U' 'M' 'M'
 'M' 'M' 'M' 'M' 'U' 'U' 'M' 'M' 'M' 'M' 'M' 'U' 'M' 'M' 'M' 'M' 'M' 'M']"
215001,0,166,3,163,32,0,0,"['A' 'U' 'M' 'M' 'M' 'M' 'U' 'M' 'M' 'M' 'M' 'M' 'U' 'M' 'U' 'M' 'M' 'M'
 'M' 'M' 'U' 'M' 'M' 'M' 'M' 'M' 'M' 'U' 'U' 'M' 'M' 'M' 'M' 'U' 'M' 'M'
 'M' 'M' 'M' 'M' 'M' 'M' 'M' 'M' 'U' 'U' 'M' 'M' 'U' 'U' 'M' 'M' 'M' 'M'
 'M' 'M' 'M' 'M' 'U' 'M' 'M' 'M' 'M' 'M' 'M' 'M' 'M' 'M' 'M' 'M' 'M' 'M'
 'M' 'M' 'U' 'M' 'M' 'M' 'U' 'M' 'M' 'M' 'M' 'U' 'U' 'M' 'M' 'M' 'U' 'M'
 'M' 'M' 'M' 'M' 'M' 'U' 'M' 'M' 'M' 'M' 'M' 'M' 'M' 'M' 'M' 'M' 'M' 'M'
 'M' 'M' 'M' 'M' 'M' 'M' 'M' 'M' 'U' 'M' 'M' 'M' 'M' 'M' 'M' 'U' 'M' 'M'
 'M' 'M' 'M' 'U' 'M' 'M' 'M' 'M' 'M' 'M' 'M' 'M' 'M' 'M' 'M' 'U' 'M' 'M'
 'M' 'M' 'M' 'M' 'A' 'M' 'M' 'M' 'M' 'U' 'M' 'U' 'M' 'M' 'M' 'U' 'M' 'U'
 'M' 'M' 'M' 'M' 'M' 'M' 'M' 'U' 'M' 'M' 'M' 'M' 'M' 'M' 'M' 'A' 'M' 'M'
 'M' 'M' 'U' 'M' 'U' 'U' 'M' 'M' 'M' 'M' 'M' 'U' 'M' 'M' 'M' 'M' 'M' 'M']"
215101,0,163,2,161,35,1,0,"['A' 'U' 'M' 'M' 'M' 'M' 'U' 'U' 'M' 'M' 'M' 'M' 'U' 'M' 'U' 'M' 'M' 'M'
 'M' 'M' 'U' 'M' 'M' 'M' 'M' 'M' 'M' 'U' 'M' 'M' 'M' 'M' 'M' 'M' 'M' 'M'
 'U' 'M' 'M' 'M' 'M' 'M' 'M' 'M' 'U' 'M' 'M' 'M' 'U' 'U' 'M' 'M' 'M' 'M'
 'M' 'M' 'M' 'M' 'U' 'M' 'M' 'M' 'M' 'M' 'M' 'U' 'M' 'M' 'U' 'M' 'M' 'M'
 'M' 'M' 'M' 'M' 'M' 'M' 'M' 'M' 'M' 'M' 'U' 'M' 'M' 'M' 'M' 'M' 'M' 'M'
 'U' 'M' 'U' 'M' 'M' 'M' 'M' 'M' 'M' 'M' 'M' 'M' 'M' 'M' 'M' 'M' 'M' 'M'
 'U' 'M' 'M' 'M' 'M' 'M' 'M' 'M' 'U' 'M' 'M' 'M' 'M' 'M' 'M' 'M' 'M' 'M'
 'M' 'M' 'M' 'U' 'M' 'U' 'M' 'M' 'M' 'M' 'M' 'M' 'M' 'M' 'M' 'U' 'M' 'M'
 'M' 'M' 'M' 'M' 'U' 'M' 'M' 'M' 'M' 'U' 'M' 'U' 'M' 'M' 'M' 'U' 'M' 'U'
 'U' 'M' 'M' 'M' 'M' 'M' 'U' 'U' 'M' 'M' 'M' 'M' 'M' 'M' 'M' 'A' 'M' 'M'
 'U' 'M' 'U' 'M' 'U' 'U' 'M' 'M' 'M' 'M' 'M' 'U' 'M' 'M' 'M' 'M' 'M' 'M']"
215201,0,166,5,161,32,0,0,"['A' 'U' 'M' 'M' 'M' 'M' 'U' 'U' 'M' 'U' 'M' 'M' 'A' 'M' 'U' 'M' 'M' 'M'
 'M' 'M' 'U' 'M' 'M' 'M' 'U' 'M' 'M' 'U' 'M' 'M' 'M' 'U' 'M' 'M' 'M' 'U'
 'U' 'M' 'M' 'M' 'M' 'M' 'M' 'M' 'M' 'M' 'M' 'M' 'U' 'U' 'M' 'M' 'M' 'M'
 'M' 'M' 'M' 'M' 'U' 'M' 'M' 'M' 'M' 'M' 'M' 'M' 'M' 'U' 'M' 'M' 'M' 'M'
 'M' 'M' 'M' 'M' 'M' 'M' 'M' 'M' 'M' 'U' 'M' 'M' 'M' 'U' 'U' 'M' 'M' 'U'
 'M' 'M' 'M' 'M' 'M' 'M' 'M' 'M' 'M' 'M' 'M' 'M' 'M' 'M' 'M' 'M' 'U' 'M'
 'M' 'M' 'M' 'U' 'M' 'M' 'M' 'M' 'M' 'M' 'M' 'M' 'M' 'M' 'M' 'M' 'M' 'M'
 'M' 'M' 'M' 'M' 'M' 'U' 'M' 'M' 'M' 'U' 'M' 'M' 'M' 'M' 'M' 'M' 'M' 'M'
 'M' 'M' 'M' 'A' 'M' 'M' 'M' 'M' 'M' 'U' 'M' 'U' 'M' 'M' 'M' 'U' 'M' 'A'
 'U' 'M' 'M' 'M' 'M' 'M' 'U' 'M' 'M' 'M' 'M' 'M' 'M' 'M' 'M' 'A' 'M' 'M'
 'U' 'M' 'U' 'M' 'M' 'U' 'M' 'M' 'M' 'M' 'M' 'M' 'M' 'U' 'M' 'M' 'M' 'M']"
215301,0,165,5,160,33,0,0,"['A' 'U' 'M' 'M' 'M' 'M' 'U' 'U' 'M' 'U' 'M' 'M' 'A' 'M' 'M' 'M' 'M' 'M'
 'M' 'M' 'U' 'M' 'M' 'M' 'U' 'M' 'M' 'U' 'M' 'M' 'M' 'U' 'M' 'U' 'M' 'M'
 'U' 'M' 'M' 'M' 'M' 'M' 'M' 'M' 'M' 'M' 'M' 'U' 'U' 'U' 'M' 'M' 'M' 'M'
 'M' 'M' 'M' 'M' 'U' 'U' 'M' 'M' 'M' 'M' 'M' 'U' 'M' 'M' 'M' 'M' 'M' 'M'
 'M' 'M' 'M' 'M' 'M' 'U' 'M' 'U' 'M' 'M' 'U' 'M' 'M' 'M' 'M' 'M' 'M' 'M'
 'M' 'M' 'M' 'U' 'M' 'M' 'M' 'M' 'M' 'M' 'M' 'U' 'M' 'M' 'M' 'M' 'U' 'M'
 'M' 'M' 'M' 'M' 'M' 'M' 'M' 'M' 'M' 'M' 'M' 'M' 'M' 'M' 'M' 'M' 'M' 'M'
 'M' 'M' 'M' 'M' 'M' 'U' 'M' 'M' 'M' 'U' 'M' 'M' 'M' 'M' 'M' 'M' 'M' 'M'
 'M' 'M' 'M' 'A' 'M' 'M' 'M' 'M' 'M' 'U' 'M' 'U' 'M' 'M' 'M' 'U' 'M' 'A'
 'M' 'M' 'M' 'M' 'M' 'U' 'U' 'M' 'M' 'M' 'M' 'M' 'M' 'M' 'M' 'A' 'M' 'M'
 'U' 'M' 'U' 'M' 'M' 'M' 'M' 'M' 'M' 'M' 'M' 'M' 'U' 'U' 'M' 'M' 'M' 'M']"
215401,0,165,5,160,33,0,0,"['A' 'A' 'M' 'M' 'M' 'M' 'U' 'U' 'M' 'M' 'M' 'M' 'A' 'M' 'M' 'M' 'U' 'M'
 'M' 'M' 'U' 'M' 'M' 'M' 'U' 'M' 'M' 'M' 'M' 'M' 'M' 'M' 'M' 'M' 'M' 'M'
 'U' 'M' 'M' 'M' 'M' 'M' 'M' 'M' 'M' 'M' 'M' 'M' 'U' 'M' 'M' 'M' 'M' 'M'
 'U' 'M' 'M' 'M' 'U' 'U' 'M' 'M' 'M' 'M' 'M' 'M' 'M' 'M' 'M' 'M' 'M' 'M'
 'M' 'M' 'M' 'M' 'M' 'U' 'M' 'U' 'M' 'M' 'M' 'M' 'M' 'M' 'M' 'U' 'M' 'U'
 'M' 'M' 'U' 'M' 'M' 'M' 'M' 'M' 'M' 'M' 'M' 'U' 'M' 'M' 'M' 'M' 'M' 'M'
 'U' 'M' 'M' 'M' 'M' 'M' 'M' 'M' 'M' 'M' 'M' 'M' 'M' 'M' 'M' 'M' 'M' 'M'
 'M' 'M' 'M' 'M' 'M' 'U' 'U' 'U' 'U' 'M' 'U' 'U' 'U' 'M' 'M' 'M' 'M' 'M'
 'M' 'M' 'M' 'U' 'M' 'M' 'M' 'M' 'M' 'U' 'M' 'U' 'M' 'M' 'M' 'U' 'M' 'A'
 'M' 'M' 'M' 'M' 'M' 'U' 'M' 'M' 'M' 'M' 'M' 'M' 'U' 'M' 'M' 'A' 'M' 'M'
 'U' 'M' 'U' 'M' 'M' 'M' 'M' 'M' 'M' 'M' 'M' 'M' 'M' 'U' 'M' 'M' 'M' 'M']"
215501,0,160,4,156,38,0,0,"['A' 'A' 'M' 'M' 'M' 'M' 'U' 'U' 'M' 'M' 'M' 'M' 'U' 'M' 'M' 'M' 'U' 'M'
 'M' 'U' 'U' 'M' 'M' 'M' 'U' 'M' 'M' 'M' 'M' 'M' 'U' 'M' 'M' 'M' 'M' 'M'
 'M' 'M' 'M' 'M' 'M' 'M' 'M' 'M' 'U' 'M' 'M' 'U' 'U' 'M' 'U' 'M' 'M' 'M'
 'M' 'M' 'M' 'M' 'U' 'U' 'M' 'M' 'U' 'M' 'M' 'M' 'M' 'M' 'U' 'M' 'M' 'U'
 'M' 'M' 'M' 'M' 'M' 'M' 'M' 'M' 'M' 'M' 'M' 'U' 'M' 'U' 'M' 'M' 'M' 'M'
 'U' 'M' 'M' 'M' 'M' 'M' 'M' 'M' 'M' 'M' 'M' 'M' 'M' 'M' 'M' 'M' 'M' 'M'
 'U' 'M' 'M' 'U' 'M' 'M' 'M' 'M' 'M' 'M' 'M' 'M' 'M' 'M' 'M' 'M' 'M' 'M'
 'M' 'M' 'M' 'M' 'M' 'U' 'U' 'U' 'U' 'U' 'U' 'U' 'U' 'M' 'M' 'M' 'M' 'M'
 'M' 'M' 'M' 'U' 'M' 'M' 'M' 'M' 'M' 'U' 'M' 'U' 'M' 'M' 'M' 'U' 'M' 'A'
 'M' 'M' 'M' 'M' 'M' 'U' 'M' 'M' 'U' 'M' 'M' 'M' 'M' 'M' 'M' 'A' 'M' 'M'
 'U' 'M' 'M' 'M' 'M' 'M' 'M' 'M' 'M' 'M' 'M' 'M' 'M' 'U' 'M' 'M' 'M' 'M']"
215601,0,159,4,155,39,0,0,"['A' 'U' 'M' 'M' 'M' 'M' 'U' 'U' 'M' 'M' 'M' 'M' 'M' 'M' 'M' 'U' 'U' 'M'
 'M' 'M' 'A' 'M' 'U' 'M' 'U' 'M' 'M' 'M' 'M' 'M' 'U' 'M' 'M' 'M' 'M' 'M'
 'M' 'M' 'M' 'M' 'M' 'M' 'M' 'M' 'U' 'M' 'M' 'U' 'U' 'M' 'U' 'M' 'M' 'M'
 'M' 'M' 'M' 'M' 'U' 'M' 'M' 'M' 'U' 'M' 'M' 'M' 'M' 'U' 'M' 'M' 'M' 'M'
 'M' 'M' 'M' 'M' 'U' 'M' 'U' 'M' 'M' 'M' 'M' 'M' 'M' 'U' 'M' 'M' 'U' 'M'
 'M' 'M' 'M' 'M' 'M' 'M' 'M' 'M' 'M' 'M' 'M' 'M' 'M' 'M' 'M' 'M' 'M' 'M'
 'U' 'M' 'M' 'U' 'M' 'M' 'M' 'M' 'U' 'M' 'M' 'M' 'M' 'M' 'M' 'M' 'M' 'M'
 'M' 'M' 'M' 'M' 'M' 'U' 'U' 'U' 'U' 'U' 'U' 'U' 'U' 'M' 'M' 'M' 'M' 'M'
 'M' 'M' 'M' 'U' 'M' 'M' 'M' 'M' 'M' 'U' 'M' 'U' 'M' 'M' 'M' 'M' 'M' 'A'
 'M' 'M' 'M' 'M' 'M' 'U' 'M' 'M' 'U' 'M' 'M' 'M' 'M' 'M' 'U' 'U' 'M' 'M'
 'A' 'M' 'M' 'M' 'M' 'M' 'M' 'M' 'M' 'M' 'M' 'M' 'M' 'U' 'M' 'U' 'M' 'M']"
215701,1,158,5,153,40,1,0,"['A' 'A' 'M' 'M' 'M' 'M' 'U' 'U' 'M' 'M' 'U' 'U' 'M' 'M' 'M' 'M' 'U' 'M'
 'M' 'M' 'A' 'M' 'U' 'M' 'A' 'M' 'M' 'M' 'M' 'M' 'U' 'M' 'M' 'M' 'M' 'M'
 'M' 'M' 'M' 'M' 'M' 'M' 'M' 'M' 'U' 'M' 'M' 'U' 'U' 'M' 'U' 'M' 'M' 'M'
 'M' 'M' 'M' 'M' 'U' 'M' 'M' 'M' 'A' 'M' 'M' 'U' 'M' 'M' 'M' 'M' 'M' 'M'
 'M' 'M' 'M' 'U' 'M' 'M' 'M' 'M' 'M' 'M' 'U' 'M' 'U' 'M' 'M' 'M' 'M' 'M'
 'M' 'U' 'M' 'M' 'M' 'M' 'U' 'M' 'M' 'M' 'M' 'M' 'M' 'M' 'M' 'M' 'M' 'M'
 'U' 'U' 'M' 'U' 'M' 'M' 'M' 'M' 'U' 'M' 'M' 'M' 'M' 'M' 'M' 'M' 'M' 'M'
 'M' 'M' 'M' 'M' 'M' 'U' 'U' 'U' 'U' 'M' 'U' 'U' 'U' 'M' 'M' 'M' 'M' 'M'
 'M' 'M' 'M' 'M' 'M' 'M' 'M' 'M' 'M' 'M' 'M' 'U' 'M' 'M' 'M' 'M' 'M' 'U'
 'M' 'M' 'M' 'M' 'M' 'U' 'M' 'M' 'U' 'M' 'M' 'M' 'M' 'U' 'U' 'U' 'M' 'M'
 'U' 'M' 'M' 'U' 'M' 'M' 'M' 'M' 'M' 'M' 'M' 'M' 'M' 'U' 'M' 'U' 'M' 'M']"
215801,0,160,7,153,38,0,0,"['A' 'A' 'M' 'M' 'M' 'M' 'U' 'U' 'M' 'M' 'U' 'U' 'M' 'M' 'M' 'M' 'U' 'M'
 'M' 'M' 'A' 'M' 'M' 'M' 'U' 'M' 'M' 'M' 'M' 'M' 'U' 'M' 'M' 'M' 'M' 'M'
 'M' 'M' 'M' 'M' 'M' 'M' 'M' 'M' 'U' 'M' 'M' 'U' 'M' 'M' 'U' 'M' 'M' 'M'
 'M' 'M' 'M' 'M' 'U' 'M' 'M' 'M' 'A' 'M' 'M' 'M' 'M' 'M' 'M' 'M' 'U' 'M'
 'M' 'M' 'M' 'M' 'U' 'M' 'M' 'M' 'M' 'M' 'M' 'M' 'M' 'U' 'M' 'M' 'M' 'U'
 'U' 'M' 'M' 'M' 'M' 'M' 'U' 'U' 'M' 'M' 'M' 'M' 'M' 'M' 'M' 'M' 'M' 'M'
 'U' 'U' 'M' 'U' 'M' 'M' 'M' 'M' 'M' 'M' 'M' 'M' 'M' 'M' 'M' 'M' 'M' 'M'
 'M' 'M' 'M' 'M' 'M' 'U' 'U' 'U' 'M' 'U' 'U' 'U' 'M' 'M' 'M' 'M' 'M' 'M'
 'M' 'M' 'M' 'M' 'M' 'M' 'M' 'M' 'M' 'M' 'U' 'U' 'M' 'M' 'M' 'M' 'A' 'U'
 'M' 'M' 'M' 'M' 'M' 'A' 'M' 'M' 'M' 'M' 'M' 'A' 'U' 'U' 'U' 'U' 'M' 'M'
 'U' 'M' 'M' 'U' 'M' 'M' 'M' 'M' 'M' 'M' 'M' 'M' 'M' 'U' 'M' 'U' 'M' 'M']"
215901,0,163,7,156,35,0,0,"['A' 'A' 'M' 'M' 'M' 'M' 'U' 'U' 'M' 'M' 'U' 'U' 'M' 'M' 'M' 'M' 'U' 'M'
 'M' 'M' 'U' 'M' 'M' 'M' 'U' 'M' 'M' 'M' 'M' 'M' 'U' 'M' 'M' 'M' 'M' 'M'
 'M' 'M' 'M' 'M' 'M' 'M' 'M' 'M' 'M' 'M' 'M' 'U' 'U' 'M' 'U' 'M' 'M' 'U'
 'M' 'M' 'M' 'M' 'U' 'M' 'U' 'M' 'U' 'M' 'M' 'U' 'M' 'M' 'U' 'M' 'M' 'M'
 'M' 'M' 'M' 'M' 'M' 'M' 'M' 'M' 'U' 'M' 'M' 'M' 'M' 'M' 'M' 'U' 'M' 'M'
 'M' 'U' 'M' 'M' 'M' 'M' 'M' 'U' 'M' 'M' 'M' 'M' 'M' 'U' 'M' 'M' 'M' 'M'
 'M' 'U' 'M' 'U' 'M' 'M' 'M' 'M' 'M' 'M' 'M' 'M' 'M' 'M' 'M' 'M' 'M' 'M'
 'M' 'M' 'M' 'M' 'M' 'M' 'U' 'U' 'M' 'U' 'A' 'U' 'M' 'M' 'M' 'M' 'M' 'M'
 'M' 'M' 'M' 'M' 'M' 'M' 'M' 'M' 'M' 'M' 'U' 'A' 'M' 'M' 'M' 'M' 'A' 'U'
 'M' 'M' 'M' 'M' 'M' 'A' 'M' 'M' 'M' 'M' 'M' 'A' 'U' 'M' 'M' 'M' 'M' 'M'
 'U' 'M' 'M' 'U' 'M' 'M' 'M' 'M' 'M' 'M' 'U' 'U' 'M' 'M' 'M' 'M' 'M' 'M']"
216001,0,158,6,152,40,1,0,"['A' 'M' 'M' 'M' 'M' 'U' 'U' 'U' 'M' 'M' 'U' 'U' 'M' 'M' 'M' 'M' 'U' 'M'
 'M' 'M' 'M' 'M' 'M' 'M' 'U' 'M' 'M' 'M' 'M' 'M' 'U' 'M' 'M' 'M' 'U' 'M'
 'M' 'M' 'M' 'M' 'M' 'M' 'M' 'M' 'M' 'M' 'M' 'U' 'U' 'M' 'M' 'M' 'M' 'U'
 'M' 'M' 'M' 'M' 'U' 'M' 'U' 'M' 'M' 'M' 'M' 'M' 'M' 'M' 'U' 'M' 'M' 'M'
 'M' 'U' 'M' 'M' 'M' 'M' 'M' 'U' 'M' 'M' 'M' 'M' 'U' 'U' 'M' 'M' 'M' 'M'
 'M' 'M' 'M' 'M' 'M' 'M' 'M' 'U' 'M' 'M' 'M' 'M' 'M' 'U' 'M' 'M' 'M' 'M'
 'M' 'U' 'M' 'U' 'M' 'M' 'M' 'M' 'M' 'M' 'M' 'M' 'M' 'M' 'M' 'M' 'M' 'M'
 'M' 'M' 'U' 'M' 'U' 'M' 'U' 'U' 'M' 'U' 'A' 'U' 'M' 'M' 'M' 'M' 'M' 'U'
 'M' 'M' 'M' 'M' 'M' 'M' 'M' 'M' 'M' 'M' 'U' 'A' 'U' 'M' 'M' 'M' 'A' 'U'
 'M' 'M' 'M' 'U' 'M' 'A' 'M' 'M' 'M' 'M' 'M' 'A' 'M' 'M' 'M' 'M' 'M' 'M'
 'U' 'M' 'U' 'U' 'M' 'M' 'M' 'M' 'M' 'M' 'U' 'U' 'M' 'U' 'M' 'M' 'M' 'M']"
216101,0,156,3,153,42,0,0,"['A' 'M' 'M' 'M' 'M' 'M' 'M' 'U' 'M' 'M' 'M' 'M' 'M' 'M' 'M' 'M' 'U' 'M'
 'M' 'M' 'M' 'U' 'M' 'M' 'U' 'M' 'M' 'M' 'M' 'M' 'U' 'U' 'M' 'M' 'U' 'M'
 'M' 'M' 'M' 'M' 'M' 'M' 'M' 'M' 'M' 'M' 'M' 'U' 'U' 'M' 'M' 'M' 'M' 'U'
 'M' 'M' 'M' 'M' 'U' 'M' 'M' 'M' 'M' 'M' 'M' 'U' 'M' 'M' 'M' 'M' 'M' 'U'
 'M' 'M' 'M' 'M' 'M' 'M' 'M' 'M' 'M' 'M' 'U' 'M' 'M' 'M' 'M' 'M' 'U' 'M'
 'M' 'M' 'U' 'M' 'M' 'M' 'M' 'U' 'U' 'U' 'M' 'M' 'M' 'U' 'M' 'M' 'M' 'M'
 'M' 'U' 'M' 'M' 'M' 'M' 'M' 'M' 'M' 'M' 'M' 'M' 'M' 'M' 'M' 'M' 'M' 'M'
 'M' 'M' 'U' 'M' 'U' 'M' 'U' 'U' 'U' 'U' 'U' 'U' 'U' 'M' 'M' 'M' 'M' 'U'
 'M' 'M' 'M' 'M' 'M' 'M' 'M' 'U' 'M' 'M' 'U' 'U' 'U' 'M' 'M' 'M' 'A' 'U'
 'M' 'M' 'M' 'M' 'M' 'A' 'M' 'M' 'M' 'M' 'M' 'U' 'M' 'M' 'M' 'M' 'M' 'M'
 'U' 'M' 'U' 'U' 'M' 'M' 'M' 'M' 'M' 'M' 'U' 'U' 'M' 'M' 'M' 'M' 'M' 'M']"
216201,0,153,5,148,45,0,0,"['A' 'M' 'M' 'M' 'M' 'U' 'M' 'U' 'M' 'U' 'U' 'M' 'M' 'M' 'M' 'M' 'U' 'M'
 'M' 'M' 'M' 'M' 'M' 'M' 'U' 'U' 'M' 'M' 'M' 'M' 'U' 'U' 'M' 'M' 'M' 'M'
 'M' 'M' 'M' 'M' 'M' 'M' 'U' 'M' 'M' 'M' 'M' 'M' 'U' 'M' 'M' 'M' 'M' 'U'
 'M' 'M' 'U' 'M' 'U' 'M' 'M' 'M' 'M' 'M' 'M' 'M' 'M' 'U' 'M' 'M' 'M' 'M'
 'M' 'M' 'M' 'M' 'M' 'M' 'U' 'M' 'M' 'M' 'M' 'M' 'M' 'M' 'M' 'M' 'M' 'M'
 'U' 'M' 'U' 'U' 'M' 'M' 'M' 'U' 'U' 'U' 'M' 'U' 'M' 'U' 'M' 'M' 'M' 'M'
 'M' 'U' 'M' 'M' 'M' 'M' 'M' 'M' 'M' 'M' 'M' 'M' 'M' 'M' 'M' 'U' 'M' 'M'
 'M' 'M' 'U' 'M' 'U' 'M' 'U' 'M' 'U' 'U' 'U' 'U' 'U' 'M' 'M' 'M' 'M' 'A'
 'M' 'M' 'M' 'M' 'M' 'M' 'M' 'M' 'M' 'M' 'U' 'M' 'U' 'M' 'U' 'M' 'A' 'U'
 'M' 'U' 'M' 'M' 'M' 'A' 'M' 'M' 'M' 'M' 'M' 'U' 'M' 'M' 'M' 'M' 'M' 'M'
 'U' 'M' 'U' 'U' 'M' 'M' 'M' 'M' 'M' 'M' 'A' 'U' 'M' 'M' 'M' 'M' 'U' 'M']"
216301,1,149,3,146,49,0,0,"['A' 'M' 'M' 'M' 'M' 'U' 'M' 'U' 'M' 'U' 'M' 'M' 'M' 'M' 'M' 'M' 'U' 'M'
 'M' 'M' 'U' 'M' 'M' 'M' 'U' 'U' 'M' 'M' 'M' 'M' 'U' 'M' 'M' 'M' 'M' 'M'
 'M' 'M' 'M' 'M' 'M' 'M' 'M' 'M' 'M' 'M' 'U' 'M' 'U' 'U' 'M' 'M' 'M' 'U'
 'M' 'M' 'U' 'M' 'M' 'M' 'M' 'M' 'M' 'M' 'M' 'M' 'M' 'M' 'M' 'M' 'M' 'M'
 'U' 'M' 'U' 'M' 'U' 'M' 'U' 'M' 'M' 'M' 'M' 'M' 'M' 'M' 'M' 'M' 'M' 'M'
 'U' 'M' 'M' 'M' 'M' 'M' 'M' 'U' 'U' 'U' 'M' 'U' 'M' 'U' 'M' 'M' 'M' 'M'
 'M' 'U' 'M' 'M' 'U' 'M' 'M' 'M' 'M' 'M' 'M' 'M' 'M' 'M' 'M' 'U' 'M' 'M'
 'M' 'M' 'U' 'M' 'M' 'M' 'U' 'U' 'U' 'U' 'U' 'M' 'U' 'M' 'M' 'M' 'M' 'A'
 'M' 'M' 'M' 'M' 'M' 'M' 'M' 'M' 'M' 'U' 'U' 'M' 'U' 'M' 'U' 'M' 'U' 'U'
 'M' 'U' 'M' 'M' 'M' 'A' 'M' 'M' 'M' 'U' 'M' 'U' 'M' 'M' 'M' 'M' 'M' 'M'
 'U' 'M' 'U' 'U' 'M' 'M' 'M' 'M' 'M' 'M' 'U' 'U' 'M' 'U' 'M' 'M' 'U' 'M']"
216401,0,153,2,151,45,1,0,"['A' 'M' 'M' 'M' 'M' 'M' 'M' 'U' 'U' 'M' 'M' 'M' 'M' 'M' 'M' 'M' 'M' 'M'
 'M' 'M' 'M' 'M' 'M' 'M' 'U' 'M' 'M' 'M' 'M' 'M' 'U' 'M' 'M' 'M' 'M' 'M'
 'M' 'M' 'M' 'M' 'M' 'M' 'M' 'M' 'M' 'M' 'M' 'M' 'U' 'U' 'U' 'M' 'M' 'U'
 'M' 'M' 'U' 'M' 'M' 'M' 'M' 'M' 'M' 'M' 'M' 'U' 'M' 'U' 'M' 'M' 'M' 'M'
 'M' 'U' 'M' 'M' 'M' 'U' 'M' 'M' 'M' 'M' 'M' 'M' 'M' 'M' 'M' 'M' 'M' 'M'
 'M' 'U' 'M' 'M' 'M' 'M' 'M' 'U' 'U' 'U' 'M' 'U' 'M' 'M' 'M' 'M' 'M' 'U'
 'M' 'M' 'M' 'M' 'U' 'M' 'M' 'M' 'M' 'M' 'U' 'M' 'M' 'M' 'U' 'M' 'M' 'M'
 'U' 'M' 'U' 'M' 'M' 'M' 'U' 'U' 'U' 'U' 'U' 'M' 'U' 'M' 'M' 'M' 'M' 'A'
 'U' 'M' 'M' 'M' 'M' 'M' 'M' 'M' 'M' 'U' 'U' 'M' 'U' 'M' 'U' 'M' 'U' 'U'
 'M' 'U' 'M' 'M' 'M' 'U' 'M' 'M' 'M' 'U' 'M' 'U' 'M' 'M' 'M' 'M' 'M' 'M'
 'U' 'M' 'M' 'M' 'M' 'M' 'M' 'M' 'M' 'M' 'U' 'M' 'M' 'U' 'M' 'M' 'U' 'M']"
216501,1,163,3,160,35,0,0,"['A' 'M' 'M' 'M' 'M' 'M' 'M' 'U' 'M' 'M' 'M' 'M' 'M' 'M' 'M' 'M' 'M' 'M'
 'M' 'M' 'M' 'M' 'M' 'M' 'M' 'M' 'M' 'M' 'M' 'M' 'M' 'M' 'M' 'M' 'U' 'M'
 'M' 'M' 'M' 'M' 'M' 'M' 'M' 'M' 'M' 'M' 'M' 'M' 'U' 'U' 'U' 'M' 'M' 'U'
 'M' 'M' 'U' 'M' 'M' 'M' 'M' 'M' 'M' 'M' 'M' 'M' 'M' 'M' 'M' 'U' 'M' 'M'
 'M' 'M' 'U' 'M' 'M' 'M' 'U' 'M' 'M' 'M' 'M' 'M' 'M' 'U' 'M' 'U' 'M' 'M'
 'M' 'M' 'M' 'M' 'M' 'M' 'M' 'U' 'M' 'U' 'U' 'U' 'M' 'M' 'M' 'M' 'U' 'U'
 'U' 'M' 'M' 'U' 'M' 'M' 'M' 'M' 'M' 'M' 'U' 'M' 'M' 'M' 'U' 'M' 'M' 'M'
 'U' 'M' 'U' 'M' 'M' 'M' 'M' 'U' 'A' 'U' 'U' 'M' 'M' 'M' 'M' 'M' 'M' 'A'
 'M' 'M' 'M' 'M' 'M' 'M' 'M' 'M' 'M' 'U' 'M' 'M' 'M' 'M' 'M' 'U' 'U' 'U'
 'M' 'M' 'M' 'M' 'M' 'U' 'M' 'M' 'M' 'M' 'M' 'M' 'M' 'M' 'M' 'M' 'M' 'M'
 'M' 'M' 'M' 'M' 'M' 'M' 'M' 'M' 'M' 'M' 'M' 'M' 'U' 'U' 'M' 'M' 'M' 'U']"
216601,0,161,5,156,37,0,0,"['A' 'M' 'M' 'U' 'M' 'M' 'M' 'M' 'M' 'M' 'M' 'M' 'M' 'M' 'M' 'M' 'M' 'M'
 'M' 'M' 'M' 'M' 'M' 'M' 'U' 'M' 'M' 'M' 'M' 'M' 'M' 'M' 'M' 'M' 'U' 'M'
 'M' 'M' 'M' 'M' 'M' 'U' 'M' 'M' 'U' 'M' 'M' 'M' 'M' 'U' 'U' 'M' 'M' 'U'
 'M' 'M' 'M' 'M' 'M' 'M' 'M' 'M' 'M' 'M' 'U' 'M' 'U' 'M' 'M' 'U' 'M' 'M'
 'M' 'M' 'M' 'U' 'M' 'U' 'M' 'M' 'M' 'M' 'U' 'M' 'M' 'M' 'M' 'M' 'M' 'M'
 'M' 'M' 'M' 'M' 'M' 'M' 'M' 'M' 'M' 'U' 'U' 'U' 'M' 'M' 'M' 'U' 'U' 'U'
 'M' 'M' 'M' 'U' 'M' 'M' 'M' 'M' 'M' 'M' 'M' 'M' 'M' 'M' 'U' 'M' 'M' 'M'
 'U' 'M' 'U' 'M' 'M' 'U' 'U' 'U' 'A' 'U' 'U' 'U' 'U' 'M' 'M' 'M' 'M' 'A'
 'M' 'M' 'M' 'M' 'M' 'M' 'M' 'M' 'M' 'M' 'M' 'M' 'M' 'M' 'U' 'M' 'M' 'U'
 'M' 'U' 'M' 'M' 'M' 'U' 'M' 'U' 'M' 'M' 'M' 'M' 'M' 'M' 'M' 'M' 'M' 'M'
 'M' 'M' 'M' 'M' 'M' 'M' 'A' 'M' 'M' 'M' 'M' 'M' 'U' 'A' 'M' 'M' 'M' 'M']"
216701,0,160,5,155,38,0,0,"['A' 'M' 'M' 'U' 'M' 'M' 'M' 'M' 'M' 'M' 'M' 'M' 'U' 'M' 'M' 'M' 'M' 'M'
 'M' 'M' 'M' 'M' 'M' 'M' 'M' 'M' 'M' 'M' 'M' 'M' 'M' 'M' 'M' 'M' 'U' 'M'
 'M' 'M' 'U' 'M' 'M' 'U' 'M' 'M' 'U' 'M' 'M' 'M' 'M' 'M' 'M' 'M' 'M' 'U'
 'M' 'M' 'M' 'M' 'M' 'M' 'M' 'M' 'M' 'M' 'U' 'M' 'M' 'M' 'M' 'M' 'M' 'M'
 'M' 'U' 'M' 'M' 'M' 'M' 'M' 'M' 'U' 'M' 'U' 'M' 'M' 'M' 'M' 'M' 'M' 'M'
 'U' 'U' 'M' 'M' 'M' 'M' 'M' 'M' 'M' 'U' 'U' 'U' 'M' 'M' 'U' 'U' 'U' 'M'
 'M' 'M' 'M' 'U' 'M' 'M' 'M' 'M' 'M' 'M' 'M' 'M' 'M' 'M' 'U' 'M' 'M' 'M'
 'A' 'M' 'U' 'M' 'M' 'U' 'U' 'U' 'A' 'U' 'U' 'U' 'U' 'M' 'M' 'M' 'M' 'A'
 'M' 'M' 'M' 'M' 'M' 'M' 'M' 'M' 'U' 'M' 'M' 'M' 'U' 'M' 'M' 'M' 'M' 'U'
 'M' 'U' 'M' 'M' 'M' 'U' 'M' 'U' 'M' 'M' 'M' 'M' 'M' 'U' 'M' 'M' 'M' 'M'
 'M' 'M' 'M' 'M' 'M' 'M' 'A' 'M' 'M' 'U' 'M' 'M' 'M' 'U' 'M' 'M' 'M' 'M']"
216801,0,163,5,158,35,0,0,"['A' 'M' 'M' 'M' 'M' 'M' 'M' 'M' 'M' 'M' 'M' 'U' 'U' 'M' 'M' 'M' 'M' 'M'
 'M' 'M' 'M' 'M' 'M' 'M' 'M' 'M' 'M' 'M' 'M' 'M' 'M' 'M' 'M' 'M' 'M' 'M'
 'M' 'M' 'U' 'M' 'M' 'U' 'M' 'M' 'M' 'M' 'M' 'M' 'M' 'M' 'M' 'M' 'M' 'A'
 'M' 'M' 'M' 'M' 'M' 'M' 'M' 'M' 'M' 'U' 'U' 'M' 'M' 'M' 'M' 'M' 'U' 'M'
 'U' 'M' 'M' 'M' 'M' 'M' 'M' 'M' 'M' 'M' 'U' 'U' 'M' 'U' 'M' 'M' 'M' 'M'
 'M' 'M' 'M' 'M' 'M' 'M' 'M' 'M' 'M' 'U' 'U' 'U' 'M' 'M' 'U' 'U' 'U' 'M'
 'M' 'M' 'M' 'U' 'M' 'M' 'M' 'M' 'M' 'U' 'M' 'M' 'M' 'M' 'U' 'M' 'M' 'M'
 'A' 'M' 'U' 'M' 'M' 'U' 'M' 'U' 'U' 'U' 'M' 'M' 'U' 'M' 'M' 'M' 'M' 'A'
 'M' 'M' 'M' 'M' 'M' 'M' 'M' 'M' 'U' 'M' 'U' 'M' 'U' 'M' 'M' 'M' 'M' 'M'
 'M' 'U' 'M' 'M' 'M' 'U' 'M' 'U' 'M' 'M' 'M' 'M' 'M' 'M' 'U' 'M' 'M' 'U'
 'M' 'M' 'M' 'M' 'M' 'M' 'A' 'M' 'M' 'U' 'M' 'M' 'M' 'M' 'M' 'M' 'M' 'M']"
216901,0,156,3,153,42,0,0,"['A' 'M' 'M' 'U' 'M' 'M' 'M' 'M' 'M' 'M' 'M' 'U' 'M' 'M' 'M' 'M' 'M' 'M'
 'M' 'M' 'M' 'M' 'M' 'M' 'M' 'M' 'U' 'M' 'M' 'M' 'U' 'M' 'M' 'M' 'M' 'M'
 'M' 'M' 'U' 'M' 'M' 'U' 'M' 'M' 'M' 'M' 'M' 'U' 'M' 'M' 'M' 'M' 'M' 'U'
 'M' 'M' 'U' 'M' 'M' 'M' 'M' 'M' 'M' 'U' 'U' 'M' 'M' 'U' 'M' 'M' 'M' 'M'
 'M' 'M' 'M' 'U' 'M' 'U' 'M' 'M' 'M' 'M' 'U' 'M' 'M' 'M' 'M' 'M' 'M' 'M'
 'M' 'M' 'U' 'M' 'M' 'M' 'M' 'M' 'M' 'U' 'U' 'U' 'M' 'M' 'U' 'U' 'M' 'M'
 'M' 'M' 'M' 'U' 'M' 'M' 'U' 'M' 'M' 'U' 'U' 'M' 'M' 'M' 'U' 'M' 'M' 'M'
 'U' 'M' 'U' 'M' 'M' 'U' 'M' 'U' 'U' 'U' 'M' 'M' 'M' 'M' 'M' 'M' 'M' 'U'
 'M' 'M' 'U' 'M' 'M' 'M' 'M' 'M' 'U' 'M' 'U' 'U' 'U' 'M' 'M' 'M' 'M' 'U'
 'M' 'A' 'M' 'M' 'M' 'M' 'M' 'U' 'M' 'M' 'M' 'M' 'M' 'M' 'U' 'M' 'M' 'U'
 'M' 'M' 'M' 'M' 'M' 'M' 'A' 'M' 'M' 'M' 'M' 'M' 'M' 'M' 'M' 'M' 'M' 'M']"
217001,0,158,4,154,40,0,0,"['A' 'M' 'U' 'U' 'M' 'M' 'M' 'M' 'M' 'M' 'M' 'U' 'M' 'U' 'U' 'U' 'M' 'M'
 'M' 'M' 'M' 'M' 'M' 'M' 'M' 'M' 'U' 'M' 'M' 'M' 'M' 'M' 'M' 'M' 'M' 'U'
 'M' 'M' 'U' 'M' 'M' 'M' 'M' 'M' 'M' 'M' 'M' 'M' 'M' 'M' 'M' 'M' 'M' 'U'
 'M' 'M' 'U' 'U' 'M' 'M' 'M' 'M' 'M' 'M' 'U' 'M' 'M' 'M' 'M' 'U' 'M' 'M'
 'M' 'M' 'M' 'M' 'M' 'M' 'M' 'M' 'M' 'M' 'M' 'M' 'U' 'M' 'M' 'U' 'U' 'M'
 'U' 'M' 'M' 'M' 'M' 'M' 'M' 'M' 'M' 'U' 'U' 'U' 'M' 'M' 'U' 'U' 'M' 'M'
 'M' 'M' 'M' 'U' 'M' 'M' 'U' 'M' 'M' 'U' 'U' 'M' 'M' 'M' 'U' 'M' 'M' 'M'
 'M' 'M' 'M' 'M' 'M' 'M' 'M' 'U' 'A' 'M' 'M' 'M' 'M' 'U' 'M' 'M' 'M' 'U'
 'M' 'M' 'U' 'M' 'M' 'M' 'M' 'M' 'U' 'M' 'U' 'U' 'M' 'M' 'M' 'M' 'M' 'U'
 'M' 'A' 'M' 'M' 'M' 'M' 'M' 'M' 'M' 'M' 'U' 'M' 'M' 'M' 'U' 'M' 'M' 'U'
 'M' 'M' 'M' 'M' 'M' 'M' 'A' 'U' 'M' 'M' 'M' 'M' 'M' 'M' 'M' 'M' 'M' 'M']"
217101,0,156,3,153,42,1,0,"['A' 'M' 'M' 'M' 'M' 'M' 'M' 'M' 'M' 'M' 'M' 'M' 'M' 'U' 'U' 'U' 'M' 'M'
 'M' 'M' 'M' 'M' 'M' 'M' 'M' 'M' 'U' 'M' 'M' 'M' 'M' 'M' 'M' 'M' 'M' 'U'
 'M' 'M' 'M' 'M' 'M' 'M' 'U' 'M' 'M' 'M' 'M' 'M' 'M' 'U' 'M' 'M' 'M' 'U'
 'M' 'U' 'U' 'M' 'M' 'M' 'M' 'M' 'M' 'M' 'U' 'M' 'U' 'M' 'U' 'M' 'M' 'M'
 'M' 'U' 'M' 'M' 'M' 'M' 'M' 'M' 'M' 'M' 'M' 'U' 'M' 'M' 'U' 'M' 'M' 'M'
 'M' 'M' 'M' 'M' 'M' 'M' 'U' 'U' 'M' 'U' 'U' 'U' 'M' 'U' 'U' 'M' 'U' 'M'
 'M' 'M' 'M' 'U' 'M' 'M' 'U' 'M' 'M' 'U' 'U' 'M' 'M' 'M' 'U' 'M' 'M' 'M'
 'M' 'M' 'U' 'M' 'U' 'M' 'M' 'M' 'U' 'M' 'M' 'M' 'M' 'U' 'M' 'M' 'M' 'U'
 'M' 'M' 'U' 'M' 'M' 'M' 'M' 'M' 'U' 'M' 'U' 'M' 'M' 'M' 'M' 'M' 'M' 'U'
 'M' 'A' 'M' 'M' 'M' 'M' 'M' 'M' 'M' 'M' 'U' 'M' 'M' 'M' 'U' 'U' 'M' 'U'
 'M' 'M' 'M' 'M' 'M' 'M' 'A' 'M' 'M' 'M' 'M' 'M' 'M' 'M' 'M' 'M' 'M' 'M']"
217201,0,162,6,156,36,0,0,"['A' 'M' 'M' 'M' 'M' 'M' 'M' 'M' 'U' 'M' 'U' 'M' 'M' 'U' 'M' 'M' 'M' 'M'
 'M' 'M' 'M' 'U' 'M' 'M' 'M' 'M' 'U' 'M' 'M' 'M' 'M' 'M' 'M' 'M' 'M' 'U'
 'M' 'M' 'M' 'M' 'U' 'M' 'U' 'M' 'M' 'M' 'M' 'M' 'M' 'U' 'M' 'M' 'M' 'U'
 'M' 'M' 'M' 'M' 'M' 'M' 'M' 'M' 'M' 'M' 'M' 'U' 'M' 'M' 'M' 'M' 'M' 'M'
 'M' 'M' 'M' 'M' 'M' 'M' 'M' 'M' 'M' 'U' 'M' 'U' 'M' 'M' 'M' 'U' 'M' 'M'
 'M' 'M' 'U' 'M' 'M' 'M' 'U' 'U' 'M' 'U' 'U' 'U' 'M' 'M' 'U' 'M' 'A' 'M'
 'M' 'M' 'M' 'M' 'M' 'M' 'U' 'M' 'M' 'M' 'U' 'M' 'M' 'M' 'M' 'M' 'M' 'M'
 'M' 'M' 'U' 'M' 'U' 'M' 'M' 'M' 'M' 'M' 'M' 'U' 'M' 'M' 'M' 'M' 'M' 'U'
 'M' 'M' 'U' 'M' 'M' 'M' 'M' 'M' 'U' 'M' 'U' 'M' 'M' 'M' 'M' 'M' 'M' 'U'
 'M' 'A' 'M' 'M' 'M' 'U' 'M' 'M' 'M' 'M' 'U' 'M' 'M' 'M' 'U' 'A' 'M' 'A'
 'M' 'M' 'U' 'M' 'M' 'M' 'A' 'M' 'M' 'M' 'M' 'M' 'M' 'M' 'U' 'M' 'M' 'M']"
217301,0,159,4,155,39,0,0,"['A' 'M' 'M' 'M' 'M' 'M' 'M' 'M' 'M' 'M' 'U' 'M' 'M' 'U' 'M' 'U' 'M' 'M'
 'M' 'U' 'U' 'U' 'M' 'M' 'M' 'M' 'U' 'M' 'M' 'M' 'M' 'M' 'M' 'M' 'M' 'U'
 'M' 'M' 'U' 'M' 'U' 'M' 'U' 'M' 'M' 'M' 'M' 'M' 'M' 'U' 'M' 'M' 'M' 'M'
 'U' 'M' 'M' 'M' 'M' 'M' 'M' 'M' 'M' 'M' 'M' 'M' 'U' 'M' 'M' 'M' 'U' 'M'
 'M' 'M' 'M' 'M' 'M' 'M' 'M' 'M' 'M' 'M' 'M' 'M' 'M' 'M' 'M' 'M' 'U' 'U'
 'U' 'M' 'M' 'M' 'M' 'M' 'U' 'M' 'M' 'U' 'U' 'M' 'M' 'M' 'U' 'M' 'A' 'M'
 'M' 'M' 'M' 'M' 'U' 'M' 'M' 'M' 'M' 'U' 'U' 'M' 'M' 'M' 'M' 'M' 'M' 'M'
 'M' 'M' 'U' 'M' 'U' 'U' 'M' 'M' 'M' 'M' 'M' 'M' 'U' 'M' 'M' 'M' 'M' 'M'
 'M' 'M' 'M' 'M' 'M' 'M' 'M' 'M' 'U' 'M' 'U' 'M' 'M' 'M' 'M' 'M' 'M' 'U'
 'M' 'U' 'M' 'M' 'M' 'U' 'M' 'M' 'M' 'M' 'M' 'U' 'M' 'M' 'U' 'U' 'M' 'A'
 'U' 'M' 'U' 'M' 'M' 'M' 'A' 'M' 'M' 'M' 'M' 'M' 'M' 'M' 'M' 'M' 'M' 'M']"
217401,0,155,2,153,43,0,0,"['A' 'M' 'U' 'M' 'M' 'M' 'M' 'M' 'M' 'M' 'U' 'M' 'M' 'U' 'M' 'U' 'M' 'M'
 'M' 'U' 'M' 'M' 'M' 'U' 'M' 'M' 'M' 'M' 'M' 'M' 'M' 'U' 'M' 'M' 'M' 'U'
 'M' 'M' 'U' 'M' 'U' 'M' 'U' 'M' 'M' 'M' 'M' 'U' 'U' 'U' 'M' 'M' 'M' 'M'
 'U' 'M' 'M' 'M' 'M' 'M' 'M' 'M' 'M' 'M' 'M' 'U' 'M' 'M' 'M' 'M' 'M' 'M'
 'M' 'M' 'M' 'M' 'M' 'M' 'M' 'M' 'M' 'M' 'M' 'M' 'M' 'M' 'U' 'M' 'U' 'M'
 'M' 'M' 'U' 'M' 'U' 'M' 'U' 'M' 'M' 'M' 'U' 'U' 'M' 'M' 'U' 'M' 'U' 'U'
 'M' 'M' 'M' 'M' 'U' 'M' 'M' 'M' 'M' 'U' 'M' 'M' 'M' 'M' 'M' 'M' 'M' 'M'
 'M' 'M' 'U' 'M' 'U' 'U' 'M' 'M' 'M' 'M' 'M' 'M' 'U' 'M' 'M' 'M' 'M' 'M'
 'M' 'M' 'M' 'M' 'M' 'M' 'M' 'M' 'U' 'M' 'U' 'M' 'M' 'M' 'U' 'M' 'M' 'U'
 'M' 'U' 'M' 'M' 'M' 'U' 'M' 'M' 'M' 'M' 'M' 'U' 'M' 'M' 'U' 'U' 'M' 'A'
 'M' 'M' 'U' 'M' 'M' 'M' 'U' 'M' 'M' 'M' 'M' 'M' 'M' 'M' 'M' 'M' 'M' 'M']"
217501,0,156,1,155,42,0,0,"['A' 'M' 'M' 'M' 'M' 'M' 'M' 'M' 'M' 'M' 'M' 'M' 'M' 'U' 'M' 'U' 'M' 'M'
 'M' 'U' 'M' 'M' 'M' 'M' 'M' 'M' 'M' 'M' 'M' 'M' 'M' 'U' 'M' 'M' 'M' 'U'
 'M' 'M' 'U' 'M' 'U' 'M' 'U' 'M' 'M' 'M' 'M' 'M' 'U' 'U' 'M' 'M' 'M' 'M'
 'U' 'M' 'U' 'M' 'M' 'M' 'M' 'M' 'M' 'M' 'M' 'M' 'M' 'M' 'M' 'M' 'M' 'U'
 'M' 'M' 'M' 'U' 'M' 'M' 'M' 'M' 'M' 'M' 'M' 'U' 'U' 'M' 'U' 'M' 'M' 'M'
 'M' 'M' 'M' 'M' 'M' 'U' 'U' 'M' 'M' 'M' 'U' 'U' 'M' 'M' 'U' 'M' 'M' 'U'
 'M' 'M' 'M' 'M' 'U' 'M' 'M' 'U' 'M' 'M' 'M' 'M' 'M' 'M' 'M' 'M' 'M' 'M'
 'M' 'M' 'U' 'M' 'M' 'U' 'M' 'M' 'U' 'M' 'M' 'M' 'U' 'M' 'M' 'M' 'M' 'M'
 'M' 'M' 'M' 'M' 'M' 'M' 'M' 'M' 'U' 'M' 'U' 'M' 'M' 'M' 'M' 'M' 'M' 'U'
 'M' 'U' 'M' 'M' 'M' 'U' 'M' 'M' 'U' 'M' 'M' 'U' 'M' 'M' 'U' 'M' 'U' 'U'
 'M' 'U' 'U' 'M' 'M' 'M' 'U' 'M' 'M' 'M' 'M' 'M' 'M' 'M' 'M' 'M' 'M' 'M']"
217601,0,162,1,161,36,0,0,"['A' 'M' 'M' 'M' 'M' 'M' 'M' 'M' 'M' 'M' 'M' 'M' 'M' 'M' 'M' 'U' 'M' 'M'
 'M' 'M' 'M' 'M' 'M' 'M' 'M' 'M' 'M' 'M' 'M' 'M' 'M' 'U' 'M' 'M' 'M' 'M'
 'M' 'M' 'U' 'M' 'U' 'M' 'U' 'M' 'M' 'M' 'M' 'M' 'U' 'U' 'M' 'M' 'M' 'M'
 'U' 'M' 'U' 'M' 'M' 'M' 'M' 'U' 'M' 'M' 'M' 'M' 'U' 'M' 'M' 'U' 'M' 'M'
 'M' 'M' 'M' 'M' 'M' 'M' 'M' 'M' 'M' 'M' 'M' 'M' 'U' 'M' 'U' 'U' 'M' 'M'
 'M' 'M' 'M' 'M' 'M' 'M' 'U' 'M' 'M' 'M' 'U' 'U' 'U' 'M' 'M' 'M' 'M' 'U'
 'M' 'M' 'M' 'M' 'U' 'M' 'U' 'U' 'M' 'M' 'M' 'M' 'M' 'M' 'M' 'M' 'M' 'M'
 'M' 'M' 'U' 'M' 'M' 'M' 'M' 'M' 'M' 'M' 'M' 'M' 'M' 'M' 'M' 'M' 'M' 'U'
 'M' 'M' 'M' 'M' 'M' 'M' 'M' 'M' 'U' 'M' 'U' 'M' 'M' 'M' 'M' 'M' 'M' 'U'
 'M' 'U' 'M' 'M' 'M' 'M' 'M' 'M' 'U' 'M' 'M' 'M' 'M' 'M' 'U' 'M' 'M' 'U'
 'M' 'M' 'U' 'M' 'M' 'M' 'U' 'U' 'U' 'M' 'M' 'M' 'M' 'M' 'M' 'M' 'M' 'M']"
217701,0,160,1,159,38,0,0,"['A' 'M' 'M' 'M' 'M' 'M' 'M' 'M' 'M' 'M' 'M' 'M' 'M' 'M' 'M' 'U' 'M' 'M'
 'M' 'M' 'M' 'M' 'M' 'M' 'M' 'M' 'M' 'M' 'M' 'M' 'M' 'U' 'M' 'M' 'M' 'M'
 'M' 'M' 'U' 'M' 'M' 'M' 'U' 'M' 'U' 'M' 'M' 'M' 'M' 'U' 'M' 'M' 'M' 'M'
 'U' 'M' 'U' 'M' 'M' 'M' 'M' 'U' 'M' 'M' 'M' 'M' 'M' 'M' 'M' 'M' 'M' 'M'
 'M' 'U' 'M' 'M' 'M' 'M' 'M' 'U' 'M' 'M' 'M' 'U' 'M' 'U' 'M' 'M' 'U' 'M'
 'M' 'M' 'M' 'M' 'M' 'U' 'M' 'M' 'U' 'M' 'U' 'U' 'M' 'M' 'M' 'M' 'M' 'U'
 'M' 'M' 'M' 'M' 'U' 'M' 'U' 'M' 'M' 'M' 'M' 'M' 'M' 'M' 'M' 'M' 'M' 'M'
 'M' 'M' 'U' 'M' 'M' 'M' 'M' 'M' 'M' 'M' 'M' 'M' 'M' 'M' 'M' 'M' 'U' 'U'
 'U' 'M' 'M' 'M' 'M' 'M' 'M' 'M' 'U' 'M' 'U' 'M' 'M' 'M' 'M' 'M' 'M' 'U'
 'M' 'U' 'M' 'M' 'M' 'M' 'U' 'U' 'U' 'M' 'M' 'M' 'M' 'M' 'U' 'M' 'M' 'U'
 'M' 'M' 'U' 'M' 'M' 'M' 'U' 'U' 'U' 'M' 'M' 'M' 'M' 'M' 'M' 'M' 'M' 'M']"
217801,0,162,1,161,36,0,0,"['A' 'M' 'M' 'M' 'M' 'M' 'M' 'M' 'M' 'M' 'M' 'M' 'M' 'M' 'U' 'U' 'M' 'M'
 'M' 'M' 'M' 'M' 'M' 'U' 'M' 'M' 'M' 'M' 'M' 'M' 'M' 'U' 'M' 'M' 'M' 'M'
 'M' 'M' 'U' 'M' 'M' 'M' 'U' 'M' 'M' 'M' 'M' 'M' 'M' 'M' 'M' 'M' 'M' 'M'
 'M' 'M' 'U' 'M' 'M' 'M' 'M' 'U' 'M' 'M' 'M' 'U' 'M' 'M' 'U' 'M' 'M' 'M'
 'M' 'M' 'M' 'M' 'M' 'M' 'M' 'M' 'U' 'M' 'M' 'M' 'M' 'M' 'M' 'M' 'M' 'U'
 'M' 'M' 'M' 'M' 'U' 'U' 'M' 'U' 'U' 'M' 'U' 'U' 'M' 'M' 'U' 'M' 'M' 'U'
 'M' 'M' 'M' 'M' 'U' 'M' 'M' 'M' 'M' 'M' 'M' 'M' 'M' 'M' 'M' 'M' 'U' 'M'
 'M' 'M' 'U' 'M' 'M' 'M' 'M' 'M' 'M' 'M' 'M' 'M' 'M' 'M' 'M' 'M' 'U' 'U'
 'U' 'M' 'M' 'M' 'M' 'M' 'M' 'M' 'U' 'M' 'M' 'M' 'M' 'M' 'M' 'M' 'M' 'M'
 'M' 'U' 'M' 'M' 'M' 'M' 'U' 'U' 'U' 'M' 'M' 'M' 'M' 'M' 'M' 'M' 'M' 'U'
 'M' 'M' 'U' 'M' 'M' 'M' 'U' 'U' 'U' 'M' 'M' 'M' 'M' 'M' 'M' 'M' 'M' 'M']"
217901,0,164,2,162,34,1,0,"['A' 'U' 'M' 'M' 'M' 'M' 'M' 'M' 'M' 'M' 'M' 'M' 'M' 'M' 'U' 'U' 'M' 'M'
 'M' 'M' 'M' 'M' 'M' 'U' 'M' 'M' 'M' 'M' 'M' 'M' 'M' 'U' 'M' 'M' 'M' 'M'
 'M' 'M' 'U' 'M' 'M' 'M' 'U' 'M' 'U' 'M' 'M' 'M' 'M' 'M' 'U' 'M' 'M' 'M'
 'M' 'M' 'M' 'M' 'M' 'M' 'M' 'M' 'M' 'M' 'M' 'U' 'U' 'U' 'M' 'M' 'M' 'U'
 'M' 'M' 'M' 'M' 'M' 'M' 'M' 'M' 'M' 'M' 'M' 'M' 'M' 'M' 'U' 'M' 'M' 'M'
 'M' 'M' 'M' 'M' 'M' 'U' 'M' 'M' 'U' 'M' 'U' 'M' 'M' 'M' 'M' 'M' 'M' 'U'
 'M' 'M' 'M' 'U' 'U' 'M' 'M' 'M' 'M' 'M' 'M' 'M' 'M' 'M' 'M' 'M' 'U' 'M'
 'M' 'M' 'U' 'M' 'M' 'M' 'M' 'M' 'M' 'M' 'M' 'M' 'M' 'M' 'M' 'M' 'U' 'M'
 'U' 'M' 'M' 'M' 'M' 'M' 'M' 'A' 'U' 'M' 'M' 'U' 'M' 'M' 'M' 'M' 'M' 'M'
 'M' 'U' 'M' 'M' 'M' 'M' 'M' 'U' 'U' 'M' 'M' 'M' 'M' 'M' 'M' 'M' 'M' 'U'
 'U' 'M' 'M' 'M' 'M' 'M' 'U' 'U' 'M' 'M' 'M' 'M' 'M' 'U' 'M' 'M' 'M' 'M']"
218001,0,162,3,159,36,0,0,"['A' 'U' 'M' 'M' 'M' 'M' 'M' 'M' 'M' 'M' 'M' 'M' 'M' 'M' 'A' 'U' 'M' 'M'
 'M' 'M' 'M' 'M' 'M' 'U' 'M' 'M' 'M' 'M' 'M' 'M' 'M' 'M' 'M' 'M' 'M' 'M'
 'M' 'M' 'M' 'M' 'M' 'M' 'U' 'M' 'U' 'M' 'M' 'M' 'M' 'M' 'A' 'M' 'M' 'M'
 'M' 'M' 'M' 'M' 'M' 'M' 'M' 'M' 'M' 'M' 'M' 'M' 'M' 'M' 'M' 'M' 'M' 'M'
 'M' 'M' 'U' 'U' 'M' 'M' 'M' 'U' 'M' 'M' 'M' 'M' 'M' 'M' 'M' 'U' 'M' 'M'
 'M' 'M' 'M' 'U' 'M' 'U' 'M' 'M' 'U' 'M' 'U' 'M' 'M' 'M' 'M' 'M' 'U' 'U'
 'M' 'M' 'M' 'U' 'M' 'M' 'M' 'M' 'M' 'M' 'M' 'M' 'M' 'M' 'M' 'M' 'M' 'M'
 'M' 'M' 'U' 'M' 'M' 'U' 'U' 'U' 'U' 'U' 'U' 'U' 'U' 'M' 'M' 'M' 'U' 'M'
 'M' 'M' 'M' 'M' 'M' 'M' 'M' 'U' 'M' 'M' 'M' 'U' 'M' 'M' 'M' 'M' 'M' 'M'
 'M' 'U' 'M' 'M' 'M' 'M' 'M' 'U' 'U' 'M' 'M' 'M' 'M' 'M' 'M' 'M' 'M' 'U'
 'U' 'M' 'M' 'M' 'M' 'M' 'U' 'U' 'M' 'M' 'M' 'M' 'M' 'M' 'U' 'M' 'M' 'M']"
218101,0,162,4,158,36,0,1,"['A' 'U' 'M' 'M' 'M' 'M' 'M' 'M' 'M' 'M' 'M' 'M' 'M' 'M' 'A' 'U' 'M' 'M'
 'M' 'M' 'M' 'M' 'M' 'U' 'U' 'M' 'M' 'M' 'M' 'M' 'M' 'M' 'M' 'M' 'M' 'M'
 'M' 'M' 'M' 'M' 'M' 'M' 'U' 'M' 'U' 'M' 'M' 'M' 'M' 'M' 'A' 'M' 'M' 'M'
 'M' 'U' 'M' 'M' 'M' 'M' 'M' 'M' 'M' 'M' 'M' 'M' 'M' 'M' 'M' 'M' 'U' 'M'
 'M' 'U' 'U' 'M' 'M' 'M' 'M' 'M' 'M' 'M' 'M' 'U' 'M' 'M' 'M' 'M' 'M' 'M'
 'U' 'M' 'M' 'M' 'M' 'U' 'M' 'M' 'U' 'M' 'U' 'M' 'M' 'M' 'M' 'M' 'M' 'M'
 'M' 'M' 'M' 'M' 'M' 'M' 'M' 'M' 'M' 'M' 'M' 'M' 'M' 'M' 'M' 'M' 'M' 'M'
 'M' 'M' 'U' 'M' 'M' 'M' 'U' 'U' 'U' 'U' 'U' 'U' 'U' 'M' 'M' 'M' 'U' 'M'
 'U' 'M' 'M' 'M' 'M' 'M' 'M' 'M' 'M' 'M' 'M' 'U' 'M' 'M' 'M' 'M' 'M' 'M'
 'M' 'M' 'M' 'M' 'M' 'M' 'M' 'U' 'U' 'M' 'M' 'U' 'M' 'M' 'M' 'U' 'M' 'M'
 'A' 'M' 'M' 'M' 'M' 'U' 'U' 'U' 'M' 'M' 'U' 'M' 'M' 'M' 'U' 'M' 'U' 'M']"
218201,0,161,5,156,37,0,0,"['A' 'U' 'M' 'M' 'M' 'M' 'M' 'M' 'U' 'M' 'M' 'M' 'M' 'M' 'A' 'U' 'M' 'M'
 'M' 'M' 'M' 'M' 'M' 'M' 'U' 'M' 'M' 'M' 'M' 'M' 'M' 'M' 'M' 'M' 'M' 'M'
 'M' 'M' 'M' 'M' 'M' 'M' 'U' 'M' 'U' 'M' 'M' 'M' 'A' 'U' 'U' 'M' 'M' 'M'
 'M' 'U' 'M' 'M' 'U' 'M' 'M' 'M' 'M' 'M' 'M' 'U' 'M' 'M' 'M' 'U' 'M' 'M'
 'M' 'M' 'M' 'M' 'U' 'M' 'M' 'U' 'M' 'M' 'M' 'M' 'M' 'M' 'M' 'M' 'M' 'U'
 'M' 'M' 'M' 'M' 'M' 'U' 'M' 'M' 'U' 'M' 'U' 'M' 'M' 'M' 'M' 'M' 'M' 'M'
 'M' 'M' 'M' 'M' 'M' 'M' 'M' 'M' 'M' 'M' 'U' 'M' 'M' 'M' 'M' 'M' 'M' 'M'
 'M' 'M' 'U' 'M' 'M' 'U' 'U' 'U' 'U' 'A' 'U' 'U' 'U' 'M' 'M' 'M' 'M' 'M'
 'U' 'M' 'M' 'M' 'M' 'M' 'M' 'M' 'M' 'M' 'M' 'U' 'M' 'M' 'M' 'M' 'M' 'M'
 'M' 'M' 'M' 'M' 'M' 'M' 'M' 'M' 'U' 'M' 'M' 'U' 'M' 'M' 'M' 'U' 'M' 'M'
 'A' 'U' 'M' 'M' 'M' 'U' 'U' 'U' 'M' 'M' 'M' 'M' 'M' 'M' 'M' 'M' 'U' 'M']"
218301,1,163,6,157,35,0,1,"['A' 'U' 'M' 'M' 'M' 'M' 'M' 'M' 'U' 'M' 'M' 'M' 'M' 'M' 'A' 'U' 'M' 'M'
 'M' 'M' 'M' 'M' 'M' 'M' 'M' 'M' 'M' 'M' 'M' 'M' 'M' 'M' 'M' 'M' 'M' 'M'
 'M' 'M' 'M' 'M' 'M' 'M' 'U' 'M' 'U' 'M' 'M' 'M' 'U' 'M' 'U' 'M' 'M' 'M'
 'M' 'U' 'M' 'M' 'U' 'M' 'M' 'M' 'M' 'M' 'M' 'U' 'M' 'M' 'U' 'M' 'M' 'M'
 'M' 'M' 'U' 'M' 'U' 'M' 'M' 'M' 'M' 'M' 'U' 'M' 'M' 'M' 'M' 'M' 'M' 'M'
 'M' 'M' 'M' 'M' 'M' 'U' 'M' 'M' 'U' 'M' 'U' 'M' 'M' 'M' 'M' 'M' 'M' 'M'
 'M' 'M' 'M' 'M' 'M' 'M' 'M' 'M' 'M' 'M' 'U' 'U' 'M' 'M' 'M' 'M' 'M' 'M'
 'M' 'M' 'U' 'M' 'M' 'U' 'U' 'U' 'M' 'A' 'U' 'U' 'U' 'M' 'M' 'M' 'M' 'M'
 'M' 'M' 'M' 'M' 'M' 'U' 'M' 'M' 'M' 'M' 'M' 'U' 'M' 'M' 'M' 'M' 'M' 'M'
 'U' 'M' 'M' 'M' 'M' 'M' 'M' 'M' 'U' 'M' 'M' 'A' 'M' 'M' 'M' 'U' 'M' 'M'
 'A' 'M' 'M' 'M' 'A' 'M' 'U' 'U' 'M' 'M' 'U' 'M' 'M' 'M' 'M' 'M' 'U' 'M']"
218401,0,156,4,152,42,0,0,"['A' 'U' 'M' 'M' 'M' 'M' 'M' 'M' 'M' 'U' 'M' 'M' 'M' 'M' 'A' 'U' 'M' 'M'
 'M' 'M' 'M' 'M' 'M' 'M' 'M' 'M' 'M' 'M' 'M' 'M' 'M' 'M' 'M' 'M' 'M' 'M'
 'M' 'M' 'M' 'M' 'M' 'M' 'U' 'M' 'M' 'M' 'M' 'M' 'U' 'M' 'U' 'M' 'M' 'M'
 'M' 'U' 'M' 'M' 'U' 'M' 'M' 'M' 'M' 'M' 'M' 'U' 'M' 'M' 'M' 'M' 'M' 'M'
 'M' 'M' 'U' 'M' 'M' 'U' 'M' 'U' 'M' 'M' 'M' 'M' 'M' 'M' 'M' 'U' 'M' 'M'
 'M' 'M' 'M' 'M' 'M' 'U' 'U' 'M' 'U' 'M' 'U' 'M' 'M' 'M' 'M' 'M' 'M' 'M'
 'M' 'M' 'U' 'M' 'M' 'M' 'M' 'M' 'M' 'M' 'U' 'U' 'M' 'M' 'M' 'U' 'M' 'M'
 'M' 'M' 'U' 'U' 'M' 'U' 'U' 'U' 'U' 'A' 'U' 'U' 'U' 'M' 'M' 'M' 'M' 'M'
 'M' 'M' 'M' 'M' 'M' 'U' 'M' 'M' 'M' 'M' 'U' 'U' 'M' 'M' 'M' 'M' 'M' 'M'
 'U' 'M' 'M' 'M' 'M' 'M' 'M' 'U' 'M' 'M' 'M' 'A' 'U' 'M' 'M' 'U' 'M' 'M'
 'U' 'M' 'M' 'M' 'U' 'M' 'U' 'M' 'M' 'M' 'U' 'M' 'M' 'M' 'M' 'M' 'U' 'M']"
218501,0,160,2,158,38,0,0,"['A' 'M' 'M' 'M' 'M' 'M' 'M' 'M' 'M' 'U' 'U' 'M' 'M' 'M' 'A' 'U' 'M' 'M'
 'M' 'M' 'M' 'M' 'M' 'M' 'M' 'M' 'M' 'M' 'M' 'M' 'M' 'M' 'M' 'M' 'M' 'M'
 'M' 'M' 'M' 'M' 'M' 'M' 'U' 'M' 'M' 'M' 'M' 'M' 'U' 'M' 'U' 'M' 'M' 'M'
 'M' 'M' 'M' 'M' 'U' 'M' 'M' 'M' 'M' 'M' 'M' 'M' 'M' 'M' 'M' 'M' 'M' 'M'
 'M' 'M' 'U' 'M' 'M' 'U' 'M' 'M' 'M' 'M' 'M' 'M' 'M' 'M' 'M' 'M' 'U' 'M'
 'M' 'M' 'U' 'U' 'M' 'M' 'U' 'M' 'M' 'M' 'U' 'M' 'M' 'M' 'M' 'M' 'M' 'M'
 'M' 'U' 'U' 'U' 'M' 'M' 'M' 'M' 'M' 'M' 'M' 'M' 'M' 'M' 'M' 'U' 'M' 'M'
 'M' 'M' 'M' 'M' 'M' 'U' 'U' 'U' 'U' 'U' 'U' 'U' 'U' 'M' 'M' 'M' 'M' 'M'
 'M' 'M' 'M' 'M' 'M' 'U' 'M' 'M' 'M' 'M' 'M' 'U' 'M' 'M' 'U' 'M' 'M' 'M'
 'U' 'M' 'M' 'M' 'M' 'M' 'M' 'M' 'M' 'M' 'M' 'U' 'U' 'M' 'M' 'U' 'M' 'M'
 'U' 'M' 'M' 'M' 'M' 'M' 'U' 'U' 'M' 'M' 'U' 'M' 'M' 'M' 'M' 'M' 'U' 'M']"
218601,0,161,3,158,37,0,0,"['A' 'M' 'M' 'M' 'M' 'M' 'M' 'M' 'M' 'U' 'U' 'M' 'M' 'M' 'A' 'M' 'M' 'M'
 'M' 'M' 'M' 'M' 'M' 'M' 'M' 'M' 'M' 'M' 'M' 'M' 'M' 'M' 'M' 'M' 'M' 'M'
 'M' 'M' 'M' 'M' 'M' 'U' 'M' 'M' 'M' 'M' 'M' 'M' 'U' 'M' 'U' 'M' 'M' 'M'
 'M' 'M' 'M' 'M' 'U' 'M' 'M' 'U' 'M' 'M' 'M' 'M' 'M' 'M' 'M' 'U' 'M' 'M'
 'M' 'M' 'M' 'M' 'M' 'U' 'M' 'M' 'M' 'M' 'M' 'M' 'U' 'M' 'M' 'M' 'M' 'U'
 'M' 'U' 'M' 'M' 'M' 'M' 'M' 'M' 'U' 'M' 'U' 'M' 'M' 'M' 'M' 'M' 'M' 'M'
 'M' 'U' 'A' 'U' 'M' 'M' 'M' 'M' 'M' 'M' 'M' 'M' 'M' 'M' 'M' 'U' 'M' 'M'
 'M' 'M' 'M' 'M' 'M' 'U' 'U' 'U' 'U' 'U' 'U' 'U' 'U' 'M' 'M' 'M' 'U' 'M'
 'M' 'M' 'M' 'M' 'M' 'U' 'M' 'M' 'M' 'M' 'M' 'U' 'M' 'M' 'U' 'M' 'M' 'M'
 'U' 'M' 'M' 'M' 'M' 'M' 'M' 'M' 'M' 'M' 'M' 'U' 'U' 'U' 'M' 'M' 'M' 'M'
 'U' 'M' 'M' 'M' 'M' 'M' 'U' 'M' 'M' 'M' 'U' 'M' 'M' 'M' 'M' 'U' 'M' 'M']"
218701,0,162,3,159,36,0,0,"['A' 'M' 'M' 'M' 'M' 'M' 'M' 'M' 'M' 'U' 'M' 'M' 'M' 'M' 'A' 'M' 'M' 'M'
 'M' 'M' 'M' 'M' 'M' 'M' 'M' 'M' 'M' 'M' 'U' 'M' 'M' 'M' 'M' 'M' 'M' 'M'
 'M' 'M' 'M' 'M' 'M' 'U' 'M' 'M' 'U' 'M' 'M' 'M' 'U' 'M' 'U' 'M' 'M' 'M'
 'M' 'M' 'M' 'M' 'U' 'M' 'M' 'M' 'M' 'M' 'M' 'U' 'M' 'M' 'M' 'M' 'M' 'M'
 'M' 'M' 'M' 'M' 'M' 'M' 'U' 'U' 'M' 'U' 'M' 'M' 'M' 'M' 'M' 'M' 'U' 'M'
 'M' 'M' 'M' 'M' 'M' 'M' 'M' 'M' 'U' 'M' 'A' 'M' 'M' 'M' 'M' 'M' 'M' 'M'
 'M' 'U' 'U' 'U' 'M' 'U' 'M' 'M' 'M' 'M' 'M' 'M' 'M' 'M' 'M' 'U' 'M' 'M'
 'M' 'M' 'M' 'M' 'M' 'U' 'U' 'U' 'M' 'U' 'M' 'U' 'U' 'M' 'M' 'M' 'U' 'M'
 'M' 'M' 'M' 'M' 'M' 'U' 'M' 'M' 'M' 'M' 'M' 'U' 'M' 'U' 'U' 'M' 'M' 'M'
 'U' 'M' 'M' 'M' 'M' 'M' 'M' 'M' 'M' 'M' 'M' 'U' 'U' 'U' 'M' 'M' 'M' 'M'
 'U' 'M' 'M' 'M' 'M' 'M' 'U' 'M' 'M' 'M' 'U' 'M' 'M' 'M' 'M' 'M' 'M' 'M']"
218801,0,166,3,163,32,0,0,"['A' 'M' 'M' 'M' 'M' 'M' 'M' 'M' 'M' 'U' 'M' 'M' 'M' 'M' 'A' 'M' 'M' 'M'
 'M' 'M' 'M' 'U' 'M' 'M' 'M' 'M' 'M' 'M' 'U' 'M' 'M' 'M' 'M' 'U' 'M' 'M'
 'M' 'M' 'M' 'M' 'M' 'U' 'M' 'M' 'M' 'M' 'M' 'M' 'M' 'M' 'M' 'M' 'U' 'M'
 'M' 'M' 'M' 'M' 'U' 'M' 'M' 'M' 'M' 'M' 'U' 'M' 'M' 'M' 'M' 'U' 'U' 'M'
 'M' 'M' 'M' 'M' 'U' 'M' 'U' 'M' 'M' 'U' 'M' 'M' 'M' 'M' 'M' 'M' 'M' 'M'
 'M' 'M' 'M' 'M' 'M' 'M' 'M' 'M' 'M' 'M' 'A' 'M' 'M' 'M' 'M' 'M' 'M' 'M'
 'M' 'U' 'M' 'U' 'M' 'M' 'M' 'M' 'M' 'M' 'M' 'M' 'M' 'U' 'M' 'U' 'M' 'M'
 'M' 'M' 'M' 'M' 'M' 'U' 'M' 'U' 'M' 'U' 'M' 'U' 'M' 'M' 'M' 'M' 'U' 'M'
 'M' 'M' 'M' 'M' 'M' 'U' 'M' 'M' 'M' 'M' 'M' 'U' 'M' 'M' 'M' 'M' 'M' 'U'
 'U' 'M' 'M' 'M' 'M' 'M' 'M' 'M' 'M' 'M' 'M' 'U' 'U' 'U' 'M' 'M' 'M' 'M'
 'U' 'M' 'M' 'M' 'M' 'M' 'U' 'M' 'M' 'M' 'U' 'M' 'M' 'M' 'M' 'M' 'M' 'M']"
218901,0,163,1,162,35,0,0,"['A' 'M' 'M' 'M' 'M' 'M' 'M' 'M' 'M' 'U' 'M' 'M' 'M' 'M' 'U' 'M' 'M' 'M'
 'M' 'M' 'M' 'M' 'U' 'M' 'M' 'M' 'M' 'M' 'U' 'M' 'M' 'M' 'M' 'U' 'M' 'U'
 'M' 'M' 'M' 'M' 'M' 'U' 'M' 'M' 'M' 'M' 'M' 'M' 'U' 'M' 'M' 'M' 'U' 'M'
 'M' 'M' 'M' 'M' 'U' 'M' 'M' 'M' 'M' 'M' 'U' 'M' 'U' 'M' 'M' 'M' 'M' 'M'
 'M' 'M' 'M' 'U' 'M' 'M' 'M' 'M' 'M' 'M' 'M' 'M' 'U' 'M' 'M' 'M' 'M' 'M'
 'M' 'U' 'M' 'U' 'M' 'U' 'M' 'M' 'M' 'M' 'M' 'M' 'M' 'M' 'M' 'M' 'M' 'M'
 'M' 'U' 'M' 'M' 'U' 'M' 'M' 'M' 'M' 'M' 'M' 'M' 'M' 'U' 'M' 'U' 'M' 'M'
 'M' 'M' 'U' 'M' 'M' 'U' 'U' 'U' 'U' 'U' 'U' 'U' 'U' 'M' 'U' 'M' 'M' 'U'
 'M' 'M' 'M' 'M' 'M' 'M' 'M' 'M' 'M' 'M' 'M' 'M' 'M' 'M' 'M' 'M' 'M' 'M'
 'M' 'M' 'M' 'M' 'M' 'M' 'M' 'M' 'M' 'M' 'U' 'M' 'M' 'M' 'M' 'M' 'M' 'M'
 'U' 'M' 'M' 'M' 'M' 'M' 'U' 'M' 'M' 'M' 'M' 'M' 'M' 'M' 'M' 'M' 'M' 'M']"
219001,0,156,2,154,42,0,0,"['A' 'M' 'M' 'U' 'M' 'M' 'M' 'M' 'M' 'U' 'M' 'M' 'M' 'M' 'U' 'M' 'M' 'U'
 'M' 'M' 'M' 'M' 'U' 'M' 'U' 'M' 'M' 'M' 'U' 'M' 'M' 'M' 'M' 'U' 'M' 'U'
 'M' 'M' 'M' 'M' 'M' 'U' 'M' 'M' 'M' 'M' 'M' 'M' 'U' 'M' 'M' 'M' 'U' 'M'
 'M' 'M' 'M' 'M' 'U' 'M' 'M' 'M' 'M' 'M' 'U' 'M' 'M' 'M' 'M' 'M' 'M' 'M'
 'M' 'M' 'U' 'U' 'U' 'M' 'M' 'M' 'M' 'M' 'U' 'M' 'M' 'U' 'M' 'M' 'M' 'M'
 'M' 'M' 'M' 'M' 'M' 'U' 'M' 'M' 'M' 'U' 'M' 'M' 'M' 'M' 'M' 'M' 'M' 'M'
 'M' 'U' 'M' 'M' 'M' 'M' 'M' 'M' 'A' 'M' 'M' 'M' 'M' 'U' 'M' 'U' 'U' 'M'
 'M' 'M' 'U' 'M' 'M' 'M' 'U' 'U' 'U' 'U' 'U' 'M' 'U' 'M' 'U' 'M' 'M' 'M'
 'M' 'M' 'M' 'M' 'M' 'M' 'M' 'M' 'M' 'M' 'M' 'M' 'M' 'M' 'M' 'M' 'M' 'M'
 'U' 'M' 'M' 'M' 'M' 'M' 'M' 'M' 'M' 'M' 'U' 'M' 'U' 'M' 'M' 'U' 'M' 'M'
 'U' 'M' 'M' 'U' 'U' 'M' 'U' 'M' 'U' 'M' 'M' 'M' 'M' 'M' 'M' 'M' 'M' 'M']"
219101,0,160,3,157,38,0,0,"['A' 'M' 'M' 'M' 'M' 'M' 'M' 'U' 'M' 'U' 'M' 'U' 'M' 'M' 'U' 'M' 'M' 'U'
 'M' 'M' 'M' 'M' 'U' 'M' 'M' 'M' 'M' 'M' 'U' 'M' 'M' 'M' 'M' 'U' 'U' 'U'
 'M' 'M' 'M' 'M' 'M' 'U' 'M' 'M' 'M' 'M' 'M' 'M' 'M' 'M' 'M' 'M' 'M' 'M'
 'M' 'M' 'M' 'M' 'M' 'M' 'M' 'M' 'M' 'M' 'U' 'U' 'M' 'M' 'M' 'M' 'M' 'M'
 'M' 'U' 'M' 'M' 'M' 'M' 'M' 'M' 'M' 'M' 'M' 'M' 'M' 'M' 'U' 'M' 'M' 'M'
 'M' 'U' 'M' 'U' 'M' 'U' 'M' 'M' 'M' 'U' 'M' 'M' 'M' 'M' 'M' 'M' 'M' 'M'
 'M' 'U' 'M' 'M' 'M' 'M' 'M' 'M' 'A' 'M' 'M' 'M' 'M' 'U' 'M' 'M' 'U' 'M'
 'M' 'M' 'M' 'M' 'M' 'M' 'U' 'U' 'U' 'U' 'U' 'U' 'U' 'M' 'M' 'M' 'M' 'M'
 'M' 'M' 'U' 'M' 'M' 'M' 'M' 'M' 'M' 'M' 'M' 'M' 'M' 'M' 'M' 'M' 'M' 'M'
 'U' 'M' 'M' 'M' 'M' 'M' 'M' 'M' 'M' 'M' 'M' 'M' 'U' 'M' 'M' 'A' 'M' 'M'
 'U' 'M' 'M' 'U' 'U' 'M' 'U' 'M' 'U' 'M' 'M' 'M' 'M' 'M' 'U' 'M' 'M' 'M']"
219201,0,165,5,160,33,0,0,"['A' 'M' 'M' 'M' 'M' 'M' 'M' 'U' 'M' 'U' 'M' 'U' 'M' 'M' 'U' 'M' 'M' 'U'
 'M' 'M' 'M' 'M' 'U' 'M' 'M' 'M' 'M' 'M' 'U' 'M' 'M' 'M' 'M' 'U' 'U' 'U'
 'M' 'M' 'M' 'M' 'M' 'U' 'M' 'M' 'M' 'M' 'M' 'M' 'M' 'M' 'M' 'M' 'M' 'M'
 'M' 'M' 'M' 'M' 'M' 'M' 'M' 'M' 'M' 'M' 'U' 'M' 'M' 'M' 'M' 'M' 'M' 'M'
 'M' 'M' 'M' 'M' 'U' 'M' 'M' 'U' 'M' 'U' 'U' 'M' 'M' 'M' 'M' 'M' 'M' 'M'
 'M' 'M' 'M' 'M' 'U' 'M' 'M' 'M' 'M' 'U' 'M' 'M' 'M' 'U' 'M' 'M' 'M' 'M'
 'M' 'U' 'M' 'M' 'M' 'M' 'M' 'M' 'A' 'U' 'M' 'M' 'M' 'A' 'M' 'M' 'U' 'M'
 'M' 'M' 'M' 'M' 'M' 'M' 'U' 'M' 'U' 'A' 'U' 'U' 'M' 'M' 'M' 'M' 'M' 'M'
 'M' 'M' 'M' 'M' 'M' 'M' 'M' 'M' 'M' 'M' 'M' 'M' 'M' 'M' 'M' 'M' 'M' 'M'
 'M' 'M' 'M' 'M' 'M' 'M' 'M' 'M' 'M' 'M' 'M' 'M' 'U' 'M' 'M' 'U' 'M' 'M'
 'U' 'M' 'M' 'U' 'U' 'M' 'A' 'M' 'U' 'M' 'M' 'M' 'M' 'M' 'U' 'M' 'M' 'M']"
219301,0,164,3,161,34,0,0,"['A' 'M' 'M' 'M' 'M' 'M' 'M' 'M' 'M' 'M' 'M' 'U' 'M' 'M' 'M' 'M' 'M' 'U'
 'M' 'M' 'M' 'M' 'U' 'M' 'M' 'M' 'M' 'M' 'U' 'M' 'M' 'M' 'M' 'U' 'U' 'U'
 'M' 'M' 'U' 'M' 'M' 'M' 'M' 'M' 'M' 'M' 'M' 'M' 'M' 'M' 'M' 'M' 'M' 'M'
 'M' 'M' 'M' 'M' 'M' 'U' 'M' 'M' 'M' 'M' 'U' 'U' 'M' 'M' 'M' 'M' 'M' 'U'
 'M' 'U' 'U' 'M' 'M' 'M' 'M' 'M' 'M' 'U' 'M' 'M' 'M' 'M' 'M' 'M' 'M' 'M'
 'M' 'M' 'M' 'M' 'M' 'M' 'M' 'M' 'M' 'U' 'M' 'U' 'M' 'U' 'M' 'M' 'M' 'M'
 'M' 'U' 'M' 'M' 'M' 'M' 'M' 'M' 'A' 'M' 'M' 'M' 'M' 'M' 'M' 'M' 'U' 'M'
 'M' 'M' 'M' 'M' 'M' 'M' 'U' 'M' 'U' 'U' 'U' 'U' 'M' 'M' 'M' 'M' 'M' 'M'
 'U' 'M' 'M' 'M' 'M' 'M' 'M' 'M' 'M' 'M' 'M' 'M' 'M' 'M' 'M' 'M' 'U' 'M'
 'M' 'M' 'M' 'M' 'M' 'M' 'M' 'M' 'U' 'M' 'M' 'M' 'M' 'M' 'M' 'U' 'M' 'M'
 'U' 'M' 'M' 'U' 'U' 'M' 'A' 'M' 'M' 'U' 'M' 'M' 'M' 'M' 'U' 'M' 'M' 'M']"
219401,0,156,2,154,42,0,0,"['A' 'M' 'M' 'M' 'M' 'M' 'U' 'M' 'M' 'U' 'M' 'U' 'M' 'M' 'M' 'M' 'M' 'U'
 'M' 'M' 'M' 'M' 'U' 'M' 'M' 'M' 'M' 'M' 'U' 'U' 'M' 'M' 'M' 'M' 'U' 'M'
 'M' 'M' 'U' 'M' 'M' 'M' 'M' 'M' 'M' 'M' 'A' 'M' 'M' 'U' 'M' 'M' 'M' 'M'
 'M' 'M' 'M' 'M' 'M' 'U' 'M' 'M' 'M' 'M' 'U' 'M' 'M' 'M' 'U' 'M' 'M' 'M'
 'M' 'U' 'M' 'U' 'M' 'M' 'M' 'U' 'M' 'M' 'U' 'M' 'M' 'M' 'M' 'M' 'M' 'M'
 'M' 'M' 'M' 'M' 'M' 'M' 'M' 'M' 'M' 'M' 'M' 'U' 'M' 'M' 'M' 'M' 'M' 'M'
 'M' 'U' 'M' 'M' 'M' 'M' 'M' 'M' 'U' 'M' 'M' 'M' 'M' 'M' 'M' 'M' 'U' 'M'
 'M' 'M' 'M' 'M' 'M' 'U' 'U' 'U' 'U' 'U' 'U' 'U' 'U' 'U' 'M' 'M' 'M' 'M'
 'U' 'M' 'M' 'M' 'M' 'M' 'U' 'M' 'M' 'M' 'M' 'M' 'M' 'M' 'M' 'M' 'U' 'M'
 'M' 'M' 'M' 'M' 'M' 'M' 'M' 'M' 'U' 'M' 'M' 'M' 'M' 'M' 'M' 'M' 'M' 'M'
 'U' 'U' 'M' 'U' 'U' 'M' 'U' 'M' 'M' 'U' 'M' 'M' 'M' 'M' 'U' 'U' 'M' 'M']"
219501,0,164,3,161,34,0,0,"['A' 'M' 'M' 'M' 'M' 'M' 'U' 'M' 'M' 'M' 'M' 'U' 'M' 'M' 'M' 'M' 'M' 'U'
 'M' 'M' 'M' 'M' 'U' 'M' 'M' 'M' 'M' 'M' 'U' 'A' 'M' 'M' 'M' 'M' 'U' 'M'
 'M' 'M' 'U' 'M' 'M' 'M' 'M' 'M' 'M' 'M' 'A' 'M' 'U' 'U' 'M' 'M' 'M' 'M'
 'M' 'M' 'M' 'M' 'M' 'M' 'M' 'M' 'M' 'M' 'U' 'M' 'U' 'M' 'M' 'M' 'M' 'M'
 'M' 'U' 'M' 'M' 'M' 'M' 'M' 'U' 'M' 'M' 'M' 'U' 'M' 'U' 'M' 'M' 'M' 'M'
 'M' 'M' 'M' 'M' 'M' 'M' 'M' 'M' 'M' 'M' 'M' 'M' 'M' 'M' 'M' 'M' 'M' 'M'
 'M' 'U' 'M' 'M' 'M' 'M' 'M' 'M' 'M' 'M' 'M' 'M' 'M' 'M' 'M' 'M' 'U' 'M'
 'M' 'M' 'M' 'M' 'M' 'U' 'U' 'U' 'U' 'M' 'U' 'U' 'U' 'U' 'M' 'M' 'M' 'M'
 'U' 'M' 'M' 'M' 'M' 'M' 'M' 'M' 'M' 'M' 'M' 'M' 'M' 'M' 'M' 'M' 'M' 'M'
 'M' 'M' 'M' 'M' 'M' 'M' 'M' 'M' 'U' 'M' 'M' 'M' 'M' 'M' 'M' 'M' 'M' 'M'
 'U' 'M' 'U' 'U' 'U' 'M' 'U' 'M' 'M' 'U' 'M' 'M' 'M' 'M' 'U' 'M' 'M' 'M']"
219601,1,165,4,161,33,0,1,"['A' 'M' 'M' 'M' 'M' 'M' 'M' 'M' 'M' 'M' 'M' 'U' 'M' 'M' 'M' 'M' 'M' 'U'
 'M' 'M' 'U' 'M' 'U' 'M' 'M' 'M' 'M' 'M' 'U' 'A' 'M' 'M' 'M' 'M' 'U' 'M'
 'M' 'M' 'U' 'M' 'M' 'M' 'U' 'M' 'M' 'M' 'A' 'U' 'U' 'M' 'M' 'M' 'M' 'M'
 'M' 'M' 'M' 'M' 'M' 'M' 'M' 'M' 'M' 'M' 'U' 'M' 'M' 'M' 'M' 'U' 'M' 'M'
 'M' 'M' 'M' 'M' 'M' 'U' 'M' 'M' 'M' 'M' 'U' 'M' 'M' 'M' 'U' 'U' 'M' 'M'
 'M' 'M' 'M' 'M' 'M' 'M' 'M' 'M' 'M' 'M' 'M' 'U' 'M' 'M' 'M' 'U' 'M' 'M'
 'M' 'U' 'M' 'M' 'M' 'M' 'M' 'M' 'M' 'M' 'M' 'M' 'M' 'M' 'M' 'M' 'M' 'M'
 'M' 'M' 'M' 'M' 'M' 'U' 'U' 'U' 'M' 'M' 'U' 'U' 'U' 'U' 'M' 'M' 'M' 'M'
 'U' 'M' 'M' 'M' 'M' 'M' 'M' 'M' 'M' 'M' 'U' 'M' 'M' 'M' 'M' 'M' 'M' 'M'
 'M' 'M' 'M' 'M' 'M' 'M' 'M' 'M' 'U' 'M' 'M' 'M' 'M' 'M' 'M' 'M' 'M' 'M'
 'M' 'M' 'A' 'M' 'U' 'M' 'U' 'M' 'M' 'M' 'M' 'M' 'M' 'M' 'U' 'M' 'U' 'M']"
219701,0,168,4,164,30,0,0,"['A' 'M' 'M' 'M' 'M' 'M' 'M' 'M' 'M' 'M' 'M' 'U' 'M' 'M' 'M' 'M' 'M' 'U'
 'M' 'M' 'M' 'M' 'M' 'M' 'M' 'M' 'M' 'M' 'U' 'A' 'M' 'M' 'M' 'M' 'U' 'M'
 'M' 'M' 'U' 'M' 'M' 'M' 'U' 'M' 'M' 'M' 'A' 'U' 'U' 'M' 'M' 'M' 'M' 'M'
 'M' 'M' 'M' 'M' 'M' 'M' 'M' 'M' 'M' 'M' 'U' 'M' 'M' 'M' 'M' 'M' 'M' 'M'
 'M' 'M' 'M' 'M' 'U' 'M' 'M' 'M' 'M' 'U' 'M' 'M' 'U' 'M' 'M' 'M' 'M' 'M'
 'U' 'M' 'U' 'M' 'M' 'M' 'M' 'M' 'M' 'M' 'M' 'U' 'M' 'M' 'M' 'U' 'M' 'M'
 'M' 'U' 'M' 'M' 'M' 'M' 'M' 'M' 'M' 'M' 'M' 'M' 'M' 'M' 'M' 'M' 'M' 'M'
 'M' 'M' 'M' 'M' 'M' 'U' 'U' 'U' 'U' 'M' 'U' 'M' 'M' 'U' 'M' 'M' 'M' 'M'
 'M' 'M' 'M' 'M' 'M' 'M' 'M' 'M' 'M' 'U' 'U' 'M' 'M' 'M' 'M' 'M' 'M' 'M'
 'U' 'M' 'M' 'M' 'M' 'M' 'M' 'M' 'U' 'M' 'M' 'M' 'M' 'M' 'M' 'M' 'M' 'M'
 'M' 'M' 'A' 'M' 'U' 'M' 'U' 'M' 'M' 'M' 'M' 'M' 'M' 'M' 'U' 'M' 'M' 'M']"
219801,0,167,4,163,31,1,0,"['A' 'M' 'M' 'M' 'U' 'M' 'M' 'M' 'M' 'M' 'M' 'U' 'M' 'M' 'M' 'M' 'M' 'U'
 'M' 'U' 'M' 'M' 'M' 'M' 'M' 'M' 'M' 'M' 'M' 'A' 'M' 'M' 'U' 'M' 'U' 'M'
 'M' 'U' 'M' 'M' 'M' 'M' 'U' 'M' 'M' 'M' 'A' 'U' 'U' 'M' 'M' 'M' 'U' 'M'
 'M' 'M' 'U' 'M' 'M' 'M' 'M' 'M' 'M' 'M' 'U' 'M' 'M' 'M' 'M' 'M' 'M' 'U'
 'M' 'M' 'M' 'M' 'M' 'M' 'U' 'M' 'M' 'M' 'M' 'M' 'M' 'M' 'U' 'U' 'M' 'M'
 'M' 'U' 'M' 'M' 'M' 'M' 'M' 'M' 'M' 'M' 'M' 'U' 'M' 'M' 'M' 'U' 'M' 'M'
 'M' 'M' 'M' 'M' 'M' 'M' 'M' 'M' 'M' 'M' 'M' 'M' 'M' 'M' 'M' 'M' 'M' 'M'
 'M' 'M' 'M' 'M' 'M' 'M' 'U' 'U' 'U' 'M' 'U' 'M' 'M' 'U' 'M' 'M' 'M' 'M'
 'M' 'M' 'M' 'M' 'M' 'M' 'M' 'M' 'M' 'U' 'M' 'M' 'M' 'M' 'M' 'M' 'M' 'M'
 'U' 'M' 'M' 'M' 'M' 'M' 'M' 'M' 'U' 'M' 'M' 'M' 'M' 'M' 'M' 'M' 'M' 'M'
 'M' 'M' 'A' 'M' 'U' 'M' 'U' 'M' 'M' 'M' 'M' 'M' 'M' 'M' 'U' 'M' 'M' 'M']"
219901,0,173,4,169,25,0,0,"['A' 'M' 'M' 'M' 'M' 'M' 'U' 'M' 'M' 'M' 'M' 'U' 'M' 'M' 'M' 'M' 'M' 'U'
 'M' 'U' 'M' 'M' 'M' 'M' 'M' 'M' 'M' 'M' 'M' 'A' 'M' 'M' 'M' 'M' 'M' 'M'
 'M' 'M' 'M' 'M' 'M' 'M' 'M' 'M' 'M' 'M' 'A' 'M' 'U' 'U' 'M' 'M' 'U' 'M'
 'M' 'M' 'U' 'M' 'M' 'M' 'M' 'M' 'M' 'M' 'M' 'U' 'M' 'U' 'M' 'M' 'M' 'M'
 'M' 'U' 'M' 'M' 'M' 'M' 'U' 'M' 'M' 'U' 'M' 'M' 'M' 'M' 'M' 'M' 'M' 'M'
 'M' 'M' 'M' 'M' 'M' 'M' 'M' 'M' 'M' 'M' 'M' 'M' 'M' 'M' 'M' 'U' 'M' 'M'
 'M' 'M' 'M' 'M' 'M' 'M' 'M' 'M' 'M' 'M' 'M' 'M' 'M' 'M' 'M' 'M' 'U' 'M'
 'M' 'M' 'M' 'M' 'M' 'M' 'U' 'U' 'U' 'M' 'U' 'M' 'M' 'U' 'M' 'M' 'M' 'M'
 'M' 'M' 'M' 'M' 'M' 'M' 'M' 'M' 'M' 'U' 'M' 'M' 'M' 'M' 'M' 'M' 'M' 'M'
 'U' 'M' 'M' 'M' 'M' 'M' 'M' 'M' 'U' 'M' 'M' 'M' 'M' 'M' 'M' 'M' 'M' 'M'
 'M' 'M' 'A' 'M' 'U' 'M' 'U' 'M' 'M' 'M' 'M' 'M' 'M' 'M' 'M' 'M' 'M' 'M']"
220001,0,170,4,166,28,0,0,"['A' 'M' 'U' 'M' 'M' 'M' 'U' 'M' 'M' 'M' 'M' 'M' 'M' 'M' 'M' 'M' 'M' 'U'
 'M' 'U' 'M' 'U' 'M' 'M' 'M' 'M' 'M' 'M' 'M' 'A' 'M' 'M' 'M' 'M' 'M' 'M'
 'M' 'M' 'M' 'M' 'M' 'M' 'M' 'M' 'M' 'M' 'A' 'M' 'U' 'U' 'M' 'M' 'M' 'M'
 'M' 'M' 'U' 'U' 'M' 'M' 'M' 'M' 'M' 'M' 'U' 'M' 'M' 'M' 'M' 'U' 'M' 'M'
 'M' 'M' 'M' 'U' 'M' 'M' 'M' 'U' 'M' 'M' 'M' 'U' 'M' 'M' 'M' 'M' 'U' 'M'
 'M' 'M' 'M' 'M' 'M' 'M' 'M' 'M' 'M' 'M' 'M' 'M' 'M' 'M' 'M' 'U' 'M' 'M'
 'M' 'M' 'M' 'M' 'M' 'M' 'M' 'M' 'U' 'M' 'M' 'M' 'M' 'M' 'M' 'M' 'U' 'M'
 'M' 'M' 'M' 'M' 'M' 'M' 'U' 'U' 'M' 'M' 'M' 'M' 'M' 'U' 'M' 'U' 'M' 'M'
 'M' 'M' 'M' 'M' 'M' 'M' 'M' 'M' 'M' 'M' 'M' 'M' 'M' 'M' 'M' 'M' 'M' 'U'
 'U' 'M' 'M' 'M' 'M' 'M' 'M' 'M' 'U' 'M' 'M' 'M' 'M' 'M' 'M' 'M' 'M' 'M'
 'M' 'U' 'A' 'M' 'M' 'M' 'U' 'M' 'M' 'M' 'M' 'M' 'M' 'M' 'M' 'U' 'M' 'M']"
220101,0,167,4,163,31,0,0,"['A' 'M' 'U' 'M' 'M' 'M' 'M' 'M' 'U' 'M' 'M' 'M' 'M' 'M' 'M' 'M' 'M' 'U'
 'M' 'U' 'M' 'U' 'M' 'M' 'M' 'M' 'M' 'M' 'M' 'A' 'M' 'M' 'M' 'M' 'M' 'M'
 'M' 'M' 'M' 'M' 'M' 'U' 'M' 'M' 'M' 'M' 'A' 'M' 'U' 'M' 'U' 'M' 'M' 'M'
 'M' 'M' 'U' 'U' 'M' 'M' 'M' 'M' 'M' 'M' 'U' 'U' 'M' 'U' 'U' 'M' 'M' 'M'
 'U' 'M' 'M' 'M' 'M' 'M' 'M' 'M' 'M' 'M' 'M' 'M' 'M' 'U' 'M' 'M' 'M' 'M'
 'M' 'M' 'M' 'M' 'M' 'M' 'M' 'M' 'M' 'U' 'M' 'M' 'M' 'M' 'M' 'U' 'M' 'M'
 'M' 'M' 'M' 'M' 'U' 'M' 'M' 'M' 'U' 'M' 'M' 'M' 'M' 'M' 'M' 'M' 'M' 'U'
 'M' 'M' 'M' 'M' 'M' 'M' 'U' 'U' 'M' 'M' 'M' 'M' 'M' 'U' 'M' 'U' 'M' 'M'
 'M' 'U' 'M' 'M' 'M' 'M' 'M' 'M' 'M' 'M' 'M' 'M' 'M' 'M' 'U' 'M' 'M' 'M'
 'U' 'M' 'M' 'M' 'M' 'M' 'M' 'M' 'U' 'M' 'M' 'M' 'M' 'M' 'M' 'M' 'M' 'M'
 'M' 'U' 'A' 'M' 'M' 'M' 'U' 'M' 'M' 'M' 'M' 'M' 'M' 'M' 'M' 'M' 'M' 'M']"
220201,0,170,4,166,28,0,0,"['A' 'M' 'U' 'M' 'M' 'M' 'M' 'M' 'U' 'M' 'M' 'M' 'M' 'M' 'M' 'M' 'M' 'U'
 'M' 'U' 'M' 'U' 'M' 'M' 'M' 'M' 'M' 'M' 'M' 'A' 'M' 'M' 'M' 'M' 'M' 'M'
 'M' 'M' 'M' 'M' 'M' 'U' 'M' 'M' 'M' 'M' 'U' 'M' 'M' 'M' 'M' 'M' 'M' 'M'
 'M' 'M' 'U' 'U' 'M' 'M' 'M' 'M' 'M' 'M' 'M' 'M' 'M' 'M' 'M' 'M' 'M' 'U'
 'M' 'M' 'M' 'M' 'M' 'M' 'M' 'M' 'U' 'M' 'M' 'M' 'U' 'M' 'M' 'M' 'M' 'M'
 'M' 'M' 'U' 'M' 'U' 'M' 'M' 'M' 'M' 'U' 'M' 'M' 'M' 'M' 'M' 'M' 'M' 'M'
 'M' 'M' 'M' 'M' 'U' 'M' 'M' 'M' 'U' 'M' 'U' 'M' 'M' 'M' 'U' 'M' 'M' 'U'
 'M' 'M' 'M' 'M' 'M' 'M' 'U' 'U' 'M' 'M' 'M' 'M' 'M' 'A' 'M' 'M' 'M' 'M'
 'M' 'U' 'M' 'M' 'M' 'M' 'M' 'M' 'M' 'M' 'M' 'M' 'U' 'M' 'M' 'M' 'M' 'M'
 'U' 'M' 'M' 'M' 'M' 'M' 'M' 'M' 'U' 'M' 'M' 'M' 'M' 'M' 'M' 'M' 'M' 'M'
 'M' 'U' 'A' 'M' 'M' 'M' 'U' 'M' 'M' 'M' 'M' 'M' 'M' 'M' 'M' 'M' 'M' 'M']"
220301,0,166,4,162,32,0,0,"['A' 'M' 'M' 'M' 'M' 'M' 'M' 'M' 'M' 'M' 'M' 'M' 'M' 'M' 'M' 'M' 'M' 'M'
 'U' 'M' 'M' 'U' 'M' 'M' 'M' 'M' 'M' 'U' 'M' 'A' 'U' 'M' 'M' 'M' 'M' 'M'
 'M' 'M' 'M' 'M' 'M' 'U' 'M' 'M' 'U' 'M' 'U' 'M' 'M' 'M' 'M' 'M' 'M' 'M'
 'M' 'M' 'U' 'U' 'M' 'M' 'M' 'M' 'M' 'M' 'M' 'U' 'M' 'M' 'M' 'M' 'M' 'U'
 'M' 'M' 'M' 'M' 'M' 'M' 'M' 'U' 'M' 'M' 'M' 'M' 'M' 'M' 'U' 'M' 'U' 'M'
 'M' 'M' 'M' 'M' 'M' 'U' 'M' 'M' 'M' 'U' 'M' 'M' 'M' 'M' 'M' 'M' 'M' 'M'
 'M' 'M' 'M' 'U' 'M' 'M' 'M' 'M' 'U' 'M' 'U' 'M' 'M' 'M' 'U' 'M' 'M' 'U'
 'M' 'M' 'M' 'M' 'M' 'U' 'U' 'U' 'U' 'M' 'M' 'M' 'M' 'A' 'M' 'M' 'M' 'M'
 'M' 'U' 'M' 'M' 'M' 'U' 'M' 'M' 'M' 'M' 'M' 'M' 'U' 'M' 'M' 'M' 'M' 'M'
 'U' 'M' 'M' 'M' 'M' 'M' 'M' 'M' 'U' 'M' 'M' 'M' 'M' 'M' 'M' 'M' 'M' 'M'
 'M' 'U' 'A' 'M' 'M' 'M' 'M' 'M' 'M' 'M' 'M' 'M' 'M' 'U' 'M' 'M' 'M' 'M']"
220401,0,163,4,159,35,0,0,"['A' 'M' 'M' 'M' 'M' 'M' 'M' 'M' 'M' 'M' 'M' 'M' 'M' 'M' 'M' 'M' 'M' 'M'
 'M' 'M' 'M' 'U' 'M' 'M' 'M' 'M' 'M' 'U' 'M' 'U' 'M' 'M' 'M' 'M' 'M' 'M'
 'M' 'M' 'M' 'M' 'M' 'U' 'U' 'M' 'U' 'M' 'U' 'M' 'M' 'M' 'M' 'M' 'M' 'M'
 'M' 'M' 'U' 'U' 'M' 'M' 'M' 'M' 'M' 'M' 'M' 'M' 'M' 'M' 'M' 'M' 'M' 'U'
 'M' 'M' 'U' 'M' 'M' 'M' 'U' 'U' 'M' 'M' 'M' 'M' 'M' 'M' 'M' 'U' 'M' 'M'
 'M' 'M' 'M' 'M' 'M' 'U' 'M' 'M' 'M' 'U' 'M' 'M' 'M' 'M' 'M' 'M' 'M' 'M'
 'M' 'M' 'U' 'U' 'M' 'M' 'M' 'M' 'U' 'M' 'M' 'M' 'M' 'M' 'U' 'M' 'M' 'U'
 'M' 'M' 'M' 'M' 'M' 'M' 'U' 'U' 'U' 'U' 'U' 'U' 'U' 'A' 'M' 'M' 'M' 'M'
 'M' 'U' 'M' 'M' 'M' 'U' 'M' 'M' 'M' 'M' 'M' 'M' 'U' 'M' 'M' 'U' 'M' 'M'
 'M' 'M' 'M' 'M' 'M' 'M' 'M' 'M' 'A' 'M' 'M' 'U' 'M' 'M' 'M' 'M' 'M' 'M'
 'M' 'U' 'A' 'M' 'M' 'M' 'M' 'M' 'M' 'M' 'M' 'U' 'M' 'M' 'M' 'M' 'M' 'M']"
220501,1,163,4,159,35,0,0,"['A' 'M' 'M' 'M' 'M' 'M' 'M' 'U' 'M' 'M' 'M' 'M' 'M' 'M' 'M' 'M' 'M' 'M'
 'M' 'M' 'M' 'U' 'M' 'M' 'M' 'M' 'M' 'U' 'M' 'U' 'U' 'M' 'U' 'M' 'M' 'M'
 'M' 'M' 'M' 'M' 'M' 'U' 'U' 'M' 'U' 'M' 'U' 'M' 'M' 'M' 'M' 'M' 'M' 'M'
 'M' 'M' 'U' 'U' 'M' 'M' 'M' 'M' 'M' 'M' 'M' 'M' 'U' 'M' 'M' 'U' 'M' 'M'
 'M' 'M' 'M' 'M' 'M' 'M' 'M' 'M' 'M' 'M' 'U' 'M' 'M' 'M' 'M' 'M' 'M' 'M'
 'M' 'U' 'U' 'M' 'M' 'M' 'M' 'M' 'M' 'U' 'M' 'M' 'M' 'M' 'M' 'M' 'M' 'M'
 'M' 'M' 'U' 'U' 'M' 'M' 'M' 'M' 'M' 'M' 'M' 'M' 'M' 'M' 'U' 'M' 'M' 'M'
 'M' 'M' 'M' 'M' 'M' 'M' 'U' 'U' 'U' 'U' 'U' 'U' 'U' 'U' 'U' 'M' 'M' 'M'
 'M' 'U' 'M' 'M' 'M' 'U' 'M' 'M' 'M' 'M' 'M' 'M' 'M' 'M' 'M' 'A' 'M' 'M'
 'M' 'M' 'M' 'M' 'M' 'M' 'M' 'M' 'A' 'M' 'M' 'M' 'M' 'M' 'M' 'U' 'M' 'M'
 'M' 'U' 'A' 'M' 'M' 'M' 'M' 'M' 'M' 'M' 'M' 'U' 'M' 'M' 'M' 'M' 'M' 'M']"
220601,0,165,4,161,33,1,0,"['A' 'U' 'M' 'M' 'M' 'M' 'M' 'U' 'M' 'M' 'M' 'M' 'M' 'M' 'M' 'M' 'M' 'M'
 'M' 'U' 'M' 'U' 'M' 'M' 'M' 'M' 'M' 'M' 'U' 'M' 'U' 'M' 'M' 'M' 'M' 'M'
 'M' 'M' 'M' 'M' 'M' 'U' 'U' 'M' 'M' 'M' 'U' 'M' 'M' 'M' 'M' 'M' 'M' 'M'
 'M' 'M' 'U' 'U' 'M' 'M' 'M' 'M' 'M' 'M' 'U' 'M' 'M' 'M' 'U' 'M' 'M' 'U'
 'M' 'M' 'M' 'M' 'M' 'U' 'M' 'M' 'M' 'M' 'U' 'M' 'U' 'M' 'M' 'M' 'M' 'M'
 'M' 'M' 'M' 'M' 'M' 'M' 'M' 'M' 'M' 'M' 'M' 'M' 'M' 'U' 'M' 'M' 'M' 'M'
 'M' 'M' 'U' 'U' 'M' 'M' 'M' 'M' 'M' 'M' 'M' 'M' 'M' 'M' 'U' 'M' 'M' 'M'
 'M' 'M' 'M' 'M' 'M' 'M' 'U' 'U' 'U' 'M' 'M' 'M' 'U' 'U' 'U' 'M' 'M' 'M'
 'M' 'U' 'M' 'M' 'M' 'M' 'M' 'M' 'M' 'U' 'M' 'M' 'M' 'M' 'M' 'A' 'M' 'M'
 'M' 'M' 'M' 'M' 'M' 'U' 'M' 'M' 'A' 'M' 'M' 'M' 'M' 'M' 'M' 'U' 'M' 'M'
 'M' 'U' 'A' 'M' 'M' 'M' 'M' 'M' 'M' 'M' 'M' 'U' 'M' 'M' 'M' 'M' 'M' 'M']"
220701,0,170,5,165,28,0,0,"['A' 'U' 'M' 'M' 'M' 'M' 'M' 'M' 'M' 'M' 'M' 'M' 'M' 'M' 'M' 'M' 'M' 'M'
 'M' 'U' 'M' 'U' 'M' 'M' 'M' 'M' 'M' 'M' 'M' 'M' 'M' 'M' 'M' 'M' 'M' 'M'
 'M' 'M' 'M' 'M' 'M' 'U' 'U' 'M' 'M' 'M' 'U' 'M' 'M' 'M' 'M' 'M' 'M' 'M'
 'M' 'M' 'M' 'M' 'M' 'M' 'M' 'M' 'U' 'M' 'A' 'M' 'M' 'M' 'M' 'M' 'M' 'M'
 'M' 'M' 'U' 'M' 'M' 'M' 'M' 'M' 'U' 'M' 'M' 'M' 'U' 'U' 'M' 'M' 'M' 'M'
 'M' 'M' 'M' 'U' 'M' 'M' 'M' 'M' 'M' 'M' 'M' 'M' 'M' 'U' 'M' 'M' 'M' 'A'
 'M' 'M' 'M' 'U' 'U' 'M' 'M' 'M' 'M' 'M' 'M' 'M' 'M' 'M' 'U' 'M' 'M' 'M'
 'M' 'M' 'M' 'M' 'M' 'M' 'U' 'U' 'U' 'M' 'M' 'M' 'U' 'U' 'U' 'M' 'M' 'M'
 'M' 'U' 'M' 'U' 'M' 'M' 'M' 'M' 'M' 'U' 'M' 'M' 'M' 'M' 'M' 'A' 'M' 'M'
 'M' 'M' 'M' 'M' 'M' 'U' 'M' 'M' 'A' 'M' 'M' 'M' 'M' 'M' 'M' 'M' 'M' 'M'
 'M' 'U' 'M' 'M' 'M' 'M' 'M' 'M' 'M' 'M' 'M' 'U' 'M' 'M' 'M' 'M' 'M' 'M']"
220801,0,167,5,162,31,0,0,"['A' 'U' 'M' 'M' 'M' 'M' 'M' 'M' 'M' 'M' 'M' 'M' 'M' 'M' 'M' 'M' 'M' 'M'
 'M' 'M' 'M' 'M' 'M' 'M' 'M' 'M' 'M' 'M' 'M' 'M' 'M' 'M' 'U' 'M' 'M' 'M'
 'M' 'M' 'M' 'M' 'M' 'U' 'U' 'M' 'M' 'U' 'U' 'M' 'M' 'M' 'M' 'M' 'M' 'M'
 'M' 'U' 'M' 'M' 'M' 'M' 'M' 'M' 'A' 'M' 'A' 'M' 'M' 'U' 'M' 'M' 'M' 'M'
 'M' 'M' 'M' 'M' 'M' 'M' 'M' 'U' 'M' 'U' 'M' 'U' 'M' 'M' 'M' 'M' 'M' 'M'
 'M' 'M' 'M' 'M' 'U' 'M' 'M' 'U' 'M' 'M' 'M' 'M' 'M' 'U' 'M' 'M' 'M' 'M'
 'M' 'M' 'M' 'U' 'M' 'M' 'M' 'M' 'M' 'M' 'M' 'M' 'M' 'M' 'M' 'M' 'M' 'M'
 'M' 'M' 'M' 'M' 'M' 'M' 'U' 'U' 'U' 'U' 'U' 'U' 'U' 'M' 'U' 'M' 'M' 'M'
 'M' 'U' 'M' 'U' 'M' 'M' 'M' 'M' 'M' 'U' 'M' 'M' 'M' 'M' 'M' 'A' 'M' 'M'
 'M' 'M' 'M' 'M' 'M' 'U' 'M' 'M' 'A' 'M' 'M' 'M' 'M' 'M' 'M' 'M' 'M' 'M'
 'M' 'M' 'M' 'M' 'M' 'M' 'M' 'U' 'M' 'M' 'M' 'U' 'M' 'M' 'U' 'M' 'U' 'M']"
220901,0,166,3,163,32,0,0,"['A' 'U' 'M' 'M' 'M' 'M' 'M' 'M' 'M' 'M' 'M' 'M' 'M' 'M' 'M' 'M' 'M' 'M'
 'M' 'M' 'M' 'M' 'M' 'M' 'M' 'M' 'U' 'M' 'M' 'M' 'M' 'M' 'U' 'M' 'M' 'M'
 'M' 'M' 'M' 'M' 'M' 'U' 'U' 'M' 'M' 'M' 'U' 'M' 'M' 'M' 'U' 'M' 'M' 'M'
 'M' 'U' 'M' 'M' 'M' 'M' 'M' 'M' 'A' 'M' 'A' 'M' 'M' 'M' 'M' 'M' 'U' 'U'
 'M' 'M' 'M' 'M' 'M' 'M' 'M' 'U' 'M' 'U' 'M' 'M' 'M' 'M' 'M' 'M' 'M' 'M'
 'M' 'M' 'M' 'M' 'U' 'M' 'M' 'M' 'M' 'M' 'U' 'M' 'M' 'M' 'M' 'M' 'M' 'M'
 'M' 'M' 'M' 'U' 'M' 'M' 'M' 'U' 'M' 'M' 'M' 'M' 'M' 'M' 'M' 'M' 'M' 'M'
 'M' 'M' 'M' 'M' 'M' 'M' 'U' 'U' 'U' 'U' 'M' 'U' 'M' 'M' 'U' 'M' 'M' 'M'
 'M' 'M' 'M' 'U' 'M' 'M' 'M' 'M' 'M' 'U' 'M' 'M' 'M' 'M' 'M' 'U' 'U' 'M'
 'M' 'M' 'M' 'M' 'M' 'U' 'M' 'M' 'U' 'M' 'M' 'M' 'M' 'U' 'M' 'M' 'M' 'M'
 'M' 'M' 'M' 'M' 'M' 'M' 'M' 'M' 'M' 'M' 'M' 'U' 'M' 'M' 'U' 'M' 'U' 'M']"
221001,0,172,2,170,26,0,0,"['A' 'U' 'M' 'M' 'M' 'M' 'M' 'M' 'M' 'M' 'M' 'M' 'U' 'M' 'M' 'M' 'M' 'M'
 'M' 'M' 'M' 'M' 'M' 'M' 'M' 'M' 'M' 'M' 'M' 'M' 'U' 'M' 'U' 'M' 'M' 'M'
 'M' 'M' 'M' 'M' 'M' 'U' 'M' 'M' 'M' 'M' 'U' 'M' 'M' 'M' 'U' 'U' 'M' 'M'
 'M' 'U' 'M' 'M' 'M' 'M' 'M' 'M' 'U' 'M' 'A' 'M' 'M' 'M' 'M' 'M' 'M' 'M'
 'M' 'U' 'M' 'M' 'M' 'M' 'M' 'M' 'M' 'M' 'M' 'M' 'U' 'M' 'M' 'M' 'M' 'M'
 'U' 'M' 'M' 'U' 'U' 'M' 'M' 'M' 'M' 'M' 'M' 'M' 'M' 'M' 'M' 'M' 'M' 'M'
 'M' 'M' 'M' 'M' 'M' 'M' 'M' 'M' 'M' 'M' 'M' 'M' 'M' 'M' 'M' 'M' 'M' 'M'
 'M' 'M' 'M' 'M' 'M' 'M' 'U' 'U' 'U' 'U' 'M' 'M' 'M' 'M' 'M' 'M' 'M' 'M'
 'M' 'M' 'M' 'M' 'M' 'M' 'M' 'M' 'M' 'U' 'M' 'M' 'M' 'M' 'M' 'U' 'U' 'M'
 'M' 'M' 'M' 'M' 'M' 'M' 'M' 'M' 'M' 'M' 'M' 'M' 'U' 'U' 'M' 'M' 'M' 'M'
 'M' 'M' 'M' 'M' 'M' 'M' 'M' 'U' 'M' 'M' 'M' 'M' 'M' 'M' 'U' 'M' 'M' 'M']"
221101,0,164,2,162,34,0,0,"['A' 'U' 'M' 'U' 'M' 'M' 'M' 'M' 'M' 'M' 'U' 'M' 'U' 'M' 'M' 'M' 'U' 'M'
 'U' 'M' 'M' 'M' 'M' 'M' 'M' 'M' 'M' 'M' 'U' 'M' 'U' 'M' 'U' 'M' 'M' 'M'
 'M' 'M' 'M' 'M' 'M' 'U' 'M' 'M' 'M' 'M' 'M' 'M' 'M' 'M' 'U' 'U' 'M' 'M'
 'M' 'M' 'M' 'M' 'M' 'M' 'M' 'M' 'U' 'M' 'A' 'M' 'M' 'M' 'M' 'M' 'M' 'M'
 'M' 'M' 'M' 'M' 'M' 'M' 'M' 'M' 'M' 'M' 'M' 'M' 'U' 'U' 'M' 'U' 'M' 'M'
 'U' 'M' 'M' 'U' 'M' 'M' 'M' 'M' 'M' 'M' 'M' 'M' 'M' 'M' 'M' 'M' 'M' 'M'
 'M' 'M' 'M' 'M' 'M' 'M' 'M' 'M' 'M' 'M' 'M' 'M' 'M' 'M' 'M' 'M' 'M' 'U'
 'M' 'M' 'M' 'M' 'M' 'M' 'U' 'U' 'U' 'U' 'U' 'U' 'U' 'M' 'M' 'M' 'M' 'M'
 'M' 'M' 'M' 'M' 'M' 'M' 'U' 'M' 'M' 'U' 'M' 'M' 'M' 'M' 'M' 'U' 'M' 'M'
 'U' 'M' 'M' 'M' 'M' 'M' 'M' 'M' 'M' 'M' 'M' 'M' 'U' 'M' 'M' 'M' 'U' 'M'
 'M' 'M' 'M' 'M' 'M' 'M' 'M' 'U' 'M' 'M' 'M' 'M' 'M' 'M' 'U' 'M' 'M' 'M']"
221201,1,167,2,165,31,0,1,"['A' 'U' 'M' 'U' 'M' 'M' 'M' 'M' 'M' 'M' 'U' 'M' 'M' 'M' 'M' 'M' 'U' 'M'
 'U' 'M' 'M' 'M' 'M' 'M' 'M' 'M' 'M' 'M' 'U' 'M' 'M' 'M' 'U' 'M' 'M' 'M'
 'M' 'M' 'M' 'M' 'M' 'U' 'M' 'M' 'M' 'M' 'M' 'M' 'M' 'M' 'U' 'U' 'M' 'M'
 'M' 'M' 'M' 'M' 'M' 'M' 'M' 'M' 'M' 'M' 'U' 'U' 'M' 'M' 'M' 'U' 'M' 'M'
 'M' 'M' 'M' 'M' 'U' 'U' 'M' 'M' 'U' 'M' 'M' 'M' 'M' 'M' 'M' 'M' 'M' 'M'
 'M' 'M' 'M' 'M' 'M' 'M' 'M' 'M' 'M' 'M' 'M' 'M' 'M' 'M' 'M' 'M' 'M' 'M'
 'M' 'U' 'M' 'M' 'M' 'M' 'M' 'M' 'U' 'M' 'M' 'M' 'M' 'M' 'M' 'M' 'M' 'U'
 'M' 'M' 'M' 'M' 'M' 'U' 'U' 'U' 'U' 'U' 'U' 'U' 'M' 'M' 'M' 'M' 'M' 'M'
 'M' 'M' 'M' 'M' 'M' 'M' 'M' 'M' 'M' 'U' 'M' 'M' 'M' 'M' 'M' 'U' 'M' 'M'
 'U' 'M' 'M' 'M' 'M' 'M' 'M' 'M' 'M' 'M' 'M' 'M' 'M' 'M' 'M' 'M' 'U' 'M'
 'M' 'M' 'M' 'M' 'M' 'M' 'M' 'A' 'M' 'M' 'M' 'M' 'M' 'M' 'U' 'M' 'M' 'M']"
221301,0,168,4,164,30,0,1,"['A' 'U' 'U' 'A' 'M' 'M' 'M' 'M' 'M' 'M' 'U' 'M' 'M' 'M' 'M' 'M' 'U' 'M'
 'M' 'M' 'M' 'M' 'M' 'M' 'M' 'M' 'M' 'M' 'M' 'M' 'M' 'M' 'U' 'M' 'M' 'M'
 'M' 'M' 'M' 'M' 'M' 'U' 'M' 'U' 'M' 'U' 'M' 'M' 'M' 'M' 'U' 'M' 'M' 'M'
 'M' 'M' 'U' 'M' 'M' 'M' 'M' 'M' 'M' 'M' 'U' 'M' 'M' 'M' 'M' 'M' 'M' 'M'
 'M' 'M' 'U' 'M' 'M' 'U' 'M' 'M' 'M' 'M' 'M' 'M' 'U' 'M' 'M' 'M' 'M' 'M'
 'M' 'M' 'M' 'U' 'U' 'M' 'M' 'M' 'M' 'M' 'M' 'M' 'M' 'M' 'M' 'M' 'M' 'M'
 'M' 'U' 'M' 'M' 'M' 'M' 'M' 'M' 'M' 'M' 'M' 'M' 'M' 'M' 'U' 'M' 'M' 'M'
 'M' 'M' 'M' 'M' 'M' 'U' 'U' 'M' 'U' 'U' 'U' 'M' 'U' 'M' 'M' 'M' 'U' 'M'
 'M' 'M' 'M' 'M' 'M' 'M' 'M' 'M' 'M' 'M' 'M' 'M' 'M' 'M' 'M' 'A' 'M' 'M'
 'U' 'M' 'M' 'M' 'M' 'M' 'M' 'U' 'M' 'M' 'M' 'M' 'M' 'M' 'M' 'M' 'U' 'M'
 'M' 'U' 'M' 'M' 'M' 'M' 'M' 'A' 'M' 'M' 'M' 'M' 'M' 'M' 'U' 'M' 'M' 'M']"
221401,0,165,4,161,33,0,0,"['A' 'U' 'U' 'A' 'M' 'M' 'M' 'M' 'M' 'M' 'U' 'M' 'M' 'M' 'M' 'M' 'U' 'M'
 'M' 'M' 'M' 'M' 'M' 'U' 'M' 'M' 'M' 'M' 'M' 'M' 'M' 'M' 'U' 'U' 'M' 'M'
 'M' 'M' 'M' 'U' 'M' 'U' 'M' 'U' 'M' 'U' 'M' 'M' 'M' 'M' 'M' 'M' 'M' 'U'
 'M' 'U' 'U' 'M' 'M' 'M' 'M' 'M' 'M' 'M' 'U' 'M' 'M' 'M' 'M' 'M' 'M' 'M'
 'M' 'U' 'M' 'M' 'M' 'M' 'M' 'M' 'M' 'M' 'M' 'M' 'M' 'M' 'M' 'M' 'M' 'U'
 'U' 'U' 'M' 'M' 'U' 'M' 'M' 'M' 'M' 'M' 'M' 'M' 'M' 'M' 'M' 'M' 'M' 'M'
 'M' 'U' 'M' 'M' 'M' 'M' 'M' 'M' 'M' 'M' 'M' 'M' 'M' 'M' 'M' 'M' 'M' 'M'
 'M' 'M' 'U' 'M' 'M' 'U' 'U' 'M' 'U' 'M' 'U' 'M' 'U' 'M' 'M' 'M' 'U' 'M'
 'U' 'M' 'M' 'M' 'M' 'M' 'M' 'M' 'M' 'M' 'M' 'U' 'M' 'M' 'M' 'A' 'M' 'M'
 'U' 'M' 'M' 'M' 'M' 'M' 'M' 'M' 'M' 'M' 'M' 'M' 'M' 'M' 'M' 'M' 'M' 'M'
 'M' 'U' 'M' 'M' 'M' 'M' 'M' 'A' 'M' 'M' 'M' 'M' 'M' 'M' 'U' 'M' 'M' 'M']"
221501,0,158,6,152,40,1,0,"['A' 'M' 'M' 'A' 'U' 'M' 'M' 'M' 'M' 'M' 'U' 'M' 'M' 'M' 'M' 'U' 'U' 'M'
 'M' 'M' 'U' 'M' 'M' 'U' 'M' 'M' 'M' 'M' 'M' 'M' 'M' 'M' 'U' 'U' 'M' 'M'
 'M' 'M' 'M' 'A' 'M' 'U' 'M' 'M' 'M' 'U' 'M' 'U' 'M' 'M' 'M' 'U' 'M' 'U'
 'M' 'A' 'U' 'M' 'M' 'M' 'M' 'M' 'M' 'M' 'U' 'M' 'M' 'U' 'M' 'M' 'U' 'M'
 'M' 'M' 'M' 'U' 'M' 'M' 'M' 'M' 'U' 'M' 'M' 'M' 'M' 'M' 'M' 'M' 'M' 'M'
 'M' 'U' 'M' 'M' 'M' 'M' 'M' 'M' 'M' 'M' 'M' 'M' 'M' 'M' 'U' 'M' 'M' 'M'
 'U' 'U' 'M' 'M' 'M' 'M' 'U' 'M' 'M' 'M' 'M' 'M' 'M' 'M' 'M' 'M' 'M' 'M'
 'M' 'M' 'U' 'M' 'M' 'U' 'U' 'U' 'M' 'U' 'U' 'U' 'U' 'M' 'M' 'M' 'U' 'M'
 'M' 'M' 'M' 'M' 'U' 'M' 'M' 'M' 'M' 'M' 'M' 'U' 'U' 'M' 'M' 'A' 'M' 'M'
 'M' 'M' 'U' 'M' 'M' 'M' 'M' 'M' 'M' 'M' 'M' 'M' 'M' 'M' 'M' 'M' 'M' 'M'
 'U' 'U' 'M' 'M' 'M' 'M' 'M' 'A' 'M' 'M' 'M' 'M' 'M' 'M' 'U' 'M' 'M' 'M']"
221601,0,165,5,160,33,0,0,"['A' 'M' 'M' 'A' 'U' 'M' 'M' 'M' 'M' 'M' 'M' 'M' 'M' 'M' 'M' 'U' 'M' 'M'
 'M' 'M' 'M' 'M' 'M' 'U' 'M' 'M' 'M' 'M' 'M' 'M' 'M' 'M' 'M' 'M' 'M' 'M'
 'M' 'M' 'U' 'M' 'M' 'M' 'M' 'M' 'M' 'U' 'M' 'U' 'M' 'M' 'M' 'U' 'M' 'U'
 'M' 'A' 'U' 'M' 'M' 'M' 'M' 'M' 'M' 'M' 'U' 'M' 'M' 'M' 'M' 'M' 'M' 'U'
 'M' 'M' 'U' 'M' 'M' 'M' 'M' 'M' 'M' 'M' 'M' 'M' 'M' 'M' 'M' 'U' 'M' 'U'
 'M' 'M' 'U' 'M' 'M' 'M' 'M' 'M' 'M' 'M' 'M' 'M' 'M' 'M' 'U' 'M' 'M' 'M'
 'U' 'M' 'M' 'M' 'M' 'M' 'M' 'M' 'M' 'M' 'M' 'M' 'M' 'M' 'M' 'M' 'M' 'M'
 'M' 'M' 'U' 'U' 'M' 'U' 'U' 'U' 'M' 'U' 'U' 'U' 'U' 'M' 'M' 'M' 'U' 'M'
 'U' 'M' 'M' 'M' 'U' 'M' 'M' 'M' 'M' 'M' 'M' 'U' 'M' 'M' 'M' 'A' 'M' 'M'
 'M' 'M' 'M' 'M' 'M' 'M' 'M' 'M' 'M' 'U' 'M' 'M' 'M' 'M' 'M' 'M' 'M' 'M'
 'U' 'U' 'M' 'M' 'M' 'M' 'M' 'A' 'M' 'M' 'M' 'M' 'M' 'M' 'M' 'M' 'M' 'M']"
221701,0,166,6,160,32,1,0,"['A' 'M' 'M' 'A' 'U' 'M' 'M' 'M' 'U' 'M' 'M' 'M' 'M' 'M' 'M' 'U' 'M' 'M'
 'M' 'M' 'M' 'M' 'M' 'M' 'U' 'M' 'M' 'M' 'M' 'M' 'M' 'M' 'U' 'M' 'A' 'M'
 'M' 'M' 'M' 'M' 'M' 'U' 'M' 'M' 'M' 'U' 'M' 'U' 'M' 'M' 'M' 'U' 'M' 'M'
 'U' 'A' 'M' 'M' 'M' 'M' 'M' 'M' 'M' 'M' 'M' 'M' 'M' 'M' 'M' 'U' 'M' 'M'
 'M' 'M' 'M' 'M' 'U' 'M' 'M' 'M' 'U' 'M' 'M' 'M' 'M' 'M' 'M' 'M' 'U' 'M'
 'M' 'U' 'M' 'M' 'M' 'M' 'M' 'U' 'M' 'M' 'M' 'M' 'M' 'M' 'U' 'M' 'M' 'M'
 'M' 'M' 'M' 'M' 'M' 'M' 'U' 'M' 'M' 'M' 'M' 'M' 'M' 'M' 'M' 'M' 'M' 'M'
 'M' 'M' 'U' 'U' 'M' 'U' 'U' 'U' 'U' 'U' 'U' 'U' 'A' 'M' 'M' 'M' 'M' 'M'
 'U' 'M' 'M' 'M' 'M' 'M' 'M' 'M' 'M' 'M' 'M' 'M' 'M' 'M' 'M' 'U' 'M' 'M'
 'M' 'M' 'M' 'M' 'M' 'M' 'M' 'M' 'M' 'M' 'M' 'M' 'M' 'M' 'M' 'M' 'M' 'M'
 'U' 'U' 'M' 'M' 'M' 'M' 'U' 'A' 'M' 'M' 'M' 'M' 'M' 'M' 'M' 'M' 'M' 'M']"
221801,0,163,6,157,35,0,1,"['A' 'M' 'M' 'A' 'M' 'M' 'M' 'M' 'U' 'M' 'U' 'M' 'M' 'M' 'M' 'U' 'M' 'M'
 'M' 'M' 'M' 'A' 'M' 'M' 'M' 'U' 'M' 'M' 'M' 'M' 'M' 'M' 'M' 'M' 'U' 'M'
 'M' 'M' 'M' 'M' 'M' 'U' 'M' 'M' 'M' 'U' 'M' 'U' 'M' 'M' 'M' 'U' 'M' 'M'
 'M' 'A' 'M' 'M' 'M' 'M' 'M' 'M' 'M' 'M' 'M' 'M' 'M' 'M' 'M' 'M' 'M' 'M'
 'M' 'M' 'M' 'M' 'M' 'M' 'M' 'M' 'U' 'M' 'M' 'M' 'M' 'M' 'U' 'M' 'U' 'M'
 'M' 'M' 'U' 'M' 'U' 'M' 'M' 'U' 'M' 'M' 'M' 'M' 'M' 'M' 'U' 'M' 'U' 'M'
 'M' 'M' 'M' 'M' 'M' 'M' 'U' 'M' 'M' 'M' 'M' 'M' 'M' 'M' 'M' 'M' 'M' 'M'
 'M' 'M' 'M' 'M' 'M' 'A' 'U' 'U' 'U' 'U' 'U' 'U' 'A' 'U' 'M' 'M' 'M' 'M'
 'U' 'M' 'M' 'M' 'M' 'M' 'M' 'M' 'M' 'M' 'M' 'M' 'M' 'M' 'M' 'U' 'M' 'M'
 'M' 'U' 'M' 'M' 'M' 'M' 'M' 'M' 'M' 'M' 'M' 'M' 'M' 'M' 'M' 'U' 'M' 'M'
 'U' 'M' 'U' 'M' 'M' 'M' 'U' 'U' 'U' 'M' 'M' 'M' 'M' 'M' 'M' 'M' 'U' 'M']"
221901,0,166,6,160,32,0,0,"['A' 'M' 'M' 'A' 'M' 'M' 'M' 'M' 'U' 'M' 'U' 'M' 'M' 'M' 'M' 'M' 'M' 'M'
 'U' 'M' 'M' 'A' 'M' 'M' 'M' 'M' 'M' 'M' 'M' 'M' 'M' 'U' 'M' 'M' 'M' 'M'
 'M' 'M' 'M' 'M' 'M' 'U' 'M' 'M' 'M' 'U' 'M' 'M' 'M' 'M' 'M' 'U' 'M' 'M'
 'M' 'A' 'M' 'M' 'M' 'M' 'M' 'M' 'M' 'U' 'M' 'M' 'M' 'M' 'M' 'U' 'M' 'U'
 'M' 'M' 'M' 'M' 'U' 'M' 'M' 'U' 'M' 'M' 'M' 'U' 'M' 'M' 'M' 'M' 'M' 'M'
 'M' 'M' 'M' 'M' 'M' 'M' 'M' 'U' 'U' 'M' 'M' 'M' 'M' 'M' 'A' 'M' 'U' 'M'
 'M' 'M' 'M' 'U' 'M' 'M' 'M' 'M' 'M' 'U' 'M' 'M' 'M' 'M' 'M' 'M' 'M' 'M'
 'M' 'M' 'M' 'M' 'M' 'A' 'U' 'U' 'M' 'U' 'U' 'U' 'U' 'M' 'M' 'M' 'M' 'M'
 'U' 'M' 'M' 'M' 'M' 'M' 'M' 'M' 'M' 'M' 'M' 'M' 'U' 'M' 'M' 'U' 'M' 'M'
 'M' 'U' 'M' 'M' 'M' 'M' 'M' 'M' 'M' 'M' 'M' 'M' 'M' 'M' 'M' 'M' 'M' 'M'
 'U' 'M' 'U' 'M' 'M' 'M' 'M' 'M' 'U' 'M' 'M' 'M' 'M' 'M' 'M' 'M' 'U' 'M']"
222001,1,161,4,157,37,0,0,"['A' 'M' 'M' 'U' 'M' 'M' 'M' 'M' 'U' 'M' 'M' 'M' 'M' 'M' 'M' 'M' 'M' 'M'
 'U' 'M' 'M' 'U' 'M' 'M' 'M' 'M' 'M' 'M' 'M' 'M' 'U' 'M' 'M' 'M' 'M' 'M'
 'M' 'M' 'M' 'M' 'M' 'U' 'M' 'M' 'M' 'U' 'M' 'M' 'M' 'M' 'M' 'U' 'M' 'M'
 'U' 'U' 'M' 'M' 'M' 'M' 'M' 'M' 'M' 'U' 'M' 'M' 'M' 'M' 'M' 'M' 'U' 'M'
 'M' 'M' 'U' 'M' 'M' 'M' 'M' 'U' 'M' 'M' 'M' 'M' 'M' 'M' 'U' 'M' 'M' 'M'
 'M' 'M' 'U' 'M' 'M' 'M' 'M' 'U' 'U' 'M' 'M' 'M' 'M' 'M' 'A' 'M' 'U' 'M'
 'M' 'M' 'M' 'U' 'M' 'M' 'M' 'M' 'M' 'M' 'M' 'M' 'M' 'M' 'M' 'M' 'M' 'M'
 'M' 'U' 'M' 'M' 'M' 'A' 'U' 'U' 'U' 'U' 'U' 'U' 'U' 'M' 'M' 'M' 'M' 'M'
 'A' 'M' 'M' 'M' 'M' 'M' 'M' 'M' 'M' 'M' 'M' 'M' 'U' 'M' 'M' 'U' 'M' 'M'
 'M' 'U' 'M' 'M' 'M' 'M' 'M' 'M' 'M' 'M' 'M' 'M' 'M' 'M' 'M' 'M' 'U' 'M'
 'U' 'M' 'U' 'M' 'M' 'M' 'M' 'M' 'U' 'M' 'M' 'M' 'M' 'M' 'M' 'U' 'U' 'M']"
222101,0,166,4,162,32,0,0,"['A' 'M' 'M' 'M' 'M' 'M' 'M' 'M' 'M' 'M' 'M' 'M' 'M' 'M' 'M' 'M' 'M' 'M'
 'M' 'M' 'U' 'U' 'M' 'M' 'M' 'M' 'M' 'M' 'M' 'M' 'M' 'M' 'M' 'M' 'M' 'M'
 'M' 'M' 'M' 'M' 'M' 'U' 'M' 'M' 'M' 'U' 'M' 'M' 'M' 'M' 'M' 'U' 'M' 'M'
 'U' 'U' 'M' 'M' 'M' 'M' 'M' 'M' 'M' 'U' 'M' 'M' 'M' 'M' 'M' 'U' 'M' 'U'
 'M' 'M' 'U' 'M' 'M' 'M' 'M' 'U' 'M' 'M' 'M' 'M' 'M' 'M' 'U' 'M' 'M' 'M'
 'M' 'M' 'M' 'M' 'M' 'M' 'M' 'M' 'U' 'M' 'M' 'M' 'M' 'M' 'A' 'M' 'M' 'M'
 'M' 'M' 'M' 'M' 'M' 'M' 'M' 'M' 'M' 'M' 'M' 'M' 'M' 'M' 'M' 'M' 'U' 'M'
 'M' 'U' 'M' 'M' 'M' 'A' 'U' 'M' 'U' 'M' 'M' 'U' 'U' 'M' 'M' 'M' 'M' 'U'
 'A' 'M' 'M' 'M' 'M' 'M' 'M' 'M' 'U' 'U' 'M' 'M' 'U' 'M' 'M' 'U' 'M' 'M'
 'M' 'M' 'M' 'M' 'M' 'M' 'U' 'M' 'M' 'M' 'M' 'M' 'M' 'M' 'M' 'M' 'U' 'M'
 'U' 'M' 'U' 'M' 'M' 'M' 'U' 'M' 'M' 'M' 'M' 'M' 'M' 'M' 'M' 'U' 'U' 'M']"
222201,0,164,3,161,34,1,0,"['A' 'M' 'M' 'M' 'M' 'M' 'M' 'M' 'M' 'M' 'M' 'M' 'M' 'M' 'M' 'M' 'M' 'M'
 'M' 'M' 'M' 'M' 'U' 'M' 'M' 'M' 'M' 'M' 'M' 'M' 'M' 'M' 'M' 'M' 'M' 'M'
 'M' 'M' 'M' 'M' 'M' 'U' 'M' 'M' 'M' 'U' 'M' 'M' 'M' 'M' 'M' 'M' 'M' 'M'
 'M' 'U' 'M' 'M' 'M' 'M' 'M' 'M' 'M' 'M' 'M' 'M' 'M' 'M' 'M' 'M' 'M' 'M'
 'U' 'M' 'U' 'M' 'U' 'M' 'M' 'M' 'M' 'M' 'M' 'M' 'M' 'M' 'M' 'M' 'M' 'U'
 'M' 'M' 'M' 'M' 'U' 'M' 'M' 'M' 'U' 'M' 'M' 'M' 'M' 'M' 'A' 'M' 'M' 'M'
 'U' 'M' 'M' 'M' 'M' 'M' 'M' 'U' 'M' 'M' 'M' 'M' 'M' 'M' 'M' 'M' 'U' 'M'
 'M' 'M' 'M' 'M' 'M' 'U' 'U' 'M' 'U' 'M' 'M' 'U' 'U' 'M' 'M' 'M' 'M' 'U'
 'A' 'M' 'M' 'M' 'M' 'M' 'U' 'M' 'M' 'M' 'M' 'M' 'U' 'U' 'M' 'M' 'M' 'M'
 'M' 'M' 'M' 'M' 'M' 'U' 'U' 'U' 'M' 'M' 'M' 'M' 'M' 'M' 'M' 'M' 'U' 'M'
 'U' 'M' 'U' 'U' 'M' 'M' 'U' 'M' 'M' 'M' 'U' 'M' 'U' 'M' 'M' 'U' 'U' 'M']"
222301,0,159,4,155,39,0,0,"['A' 'M' 'M' 'M' 'M' 'M' 'M' 'M' 'U' 'M' 'M' 'M' 'M' 'M' 'M' 'M' 'M' 'M'
 'M' 'M' 'M' 'M' 'U' 'M' 'M' 'M' 'M' 'M' 'M' 'U' 'M' 'M' 'M' 'M' 'M' 'M'
 'M' 'M' 'M' 'M' 'M' 'U' 'U' 'M' 'M' 'U' 'M' 'M' 'M' 'M' 'U' 'M' 'M' 'M'
 'M' 'U' 'U' 'M' 'M' 'M' 'M' 'M' 'M' 'M' 'M' 'M' 'M' 'M' 'M' 'M' 'M' 'M'
 'U' 'M' 'U' 'U' 'M' 'M' 'M' 'M' 'M' 'U' 'M' 'M' 'U' 'M' 'M' 'M' 'M' 'M'
 'M' 'M' 'M' 'M' 'M' 'M' 'M' 'M' 'U' 'M' 'M' 'U' 'M' 'M' 'A' 'M' 'M' 'M'
 'M' 'M' 'M' 'M' 'U' 'M' 'M' 'U' 'M' 'M' 'M' 'M' 'M' 'M' 'M' 'M' 'U' 'M'
 'M' 'M' 'M' 'M' 'U' 'U' 'U' 'M' 'U' 'M' 'M' 'U' 'U' 'M' 'M' 'M' 'M' 'U'
 'A' 'M' 'M' 'M' 'M' 'M' 'U' 'M' 'M' 'M' 'M' 'M' 'U' 'U' 'M' 'M' 'M' 'M'
 'M' 'M' 'M' 'M' 'M' 'M' 'U' 'U' 'M' 'M' 'M' 'M' 'M' 'M' 'M' 'M' 'U' 'M'
 'U' 'M' 'U' 'U' 'M' 'M' 'U' 'M' 'M' 'U' 'U' 'M' 'U' 'M' 'M' 'M' 'A' 'M']"
222401,0,167,6,161,31,0,0,"['A' 'M' 'M' 'M' 'M' 'M' 'M' 'M' 'U' 'M' 'M' 'M' 'M' 'M' 'M' 'M' 'M' 'M'
 'M' 'M' 'M' 'M' 'U' 'M' 'M' 'M' 'M' 'M' 'M' 'U' 'M' 'M' 'M' 'M' 'M' 'U'
 'M' 'M' 'M' 'M' 'M' 'M' 'U' 'M' 'M' 'M' 'M' 'M' 'M' 'M' 'M' 'M' 'M' 'M'
 'M' 'U' 'U' 'M' 'M' 'M' 'M' 'M' 'M' 'M' 'M' 'M' 'M' 'M' 'M' 'M' 'U' 'M'
 'U' 'M' 'M' 'M' 'U' 'M' 'M' 'M' 'M' 'M' 'U' 'M' 'M' 'M' 'M' 'M' 'M' 'M'
 'M' 'U' 'M' 'M' 'M' 'M' 'M' 'M' 'U' 'M' 'M' 'U' 'M' 'M' 'U' 'M' 'M' 'M'
 'M' 'M' 'M' 'M' 'U' 'M' 'M' 'A' 'M' 'M' 'M' 'U' 'M' 'M' 'M' 'M' 'U' 'M'
 'M' 'M' 'M' 'M' 'M' 'U' 'U' 'M' 'U' 'M' 'M' 'U' 'U' 'M' 'M' 'M' 'M' 'U'
 'A' 'M' 'M' 'M' 'M' 'M' 'A' 'M' 'M' 'M' 'M' 'M' 'U' 'M' 'M' 'M' 'M' 'M'
 'M' 'M' 'M' 'M' 'M' 'M' 'M' 'A' 'M' 'M' 'M' 'M' 'M' 'M' 'M' 'M' 'M' 'M'
 'U' 'M' 'U' 'U' 'M' 'M' 'U' 'M' 'M' 'U' 'M' 'M' 'U' 'M' 'M' 'M' 'A' 'M']"
222501,0,163,6,157,35,0,0,"['A' 'M' 'M' 'M' 'M' 'M' 'M' 'M' 'U' 'M' 'M' 'M' 'M' 'M' 'M' 'M' 'M' 'M'
 'M' 'M' 'M' 'M' 'U' 'M' 'M' 'M' 'M' 'M' 'M' 'U' 'M' 'M' 'M' 'M' 'M' 'U'
 'M' 'M' 'M' 'M' 'M' 'M' 'U' 'U' 'M' 'M' 'M' 'U' 'U' 'M' 'M' 'M' 'M' 'M'
 'M' 'U' 'M' 'M' 'M' 'M' 'M' 'M' 'M' 'M' 'M' 'M' 'U' 'M' 'U' 'M' 'M' 'M'
 'M' 'M' 'M' 'M' 'M' 'M' 'M' 'U' 'M' 'M' 'M' 'U' 'M' 'M' 'U' 'M' 'M' 'M'
 'M' 'M' 'M' 'M' 'M' 'M' 'M' 'M' 'U' 'M' 'M' 'U' 'U' 'M' 'U' 'M' 'M' 'M'
 'M' 'M' 'M' 'M' 'U' 'M' 'M' 'A' 'M' 'M' 'U' 'U' 'M' 'M' 'M' 'M' 'U' 'M'
 'M' 'M' 'M' 'M' 'M' 'U' 'U' 'M' 'U' 'M' 'M' 'U' 'M' 'M' 'U' 'M' 'M' 'M'
 'A' 'M' 'M' 'M' 'M' 'M' 'A' 'M' 'M' 'M' 'M' 'M' 'U' 'M' 'M' 'M' 'M' 'M'
 'M' 'M' 'M' 'M' 'M' 'M' 'M' 'A' 'U' 'M' 'M' 'M' 'U' 'M' 'M' 'M' 'M' 'M'
 'M' 'M' 'U' 'M' 'M' 'M' 'U' 'M' 'M' 'U' 'U' 'M' 'U' 'M' 'M' 'M' 'A' 'M']"
222601,0,166,5,161,32,0,0,"['A' 'M' 'M' 'M' 'M' 'M' 'M' 'M' 'M' 'M' 'M' 'M' 'M' 'U' 'M' 'M' 'M' 'M'
 'M' 'M' 'M' 'M' 'M' 'M' 'M' 'M' 'M' 'M' 'M' 'M' 'M' 'M' 'M' 'M' 'M' 'U'
 'M' 'M' 'M' 'M' 'U' 'M' 'U' 'U' 'M' 'M' 'M' 'M' 'U' 'M' 'U' 'M' 'M' 'M'
 'M' 'U' 'M' 'M' 'M' 'M' 'M' 'M' 'M' 'M' 'M' 'M' 'M' 'M' 'M' 'M' 'M' 'U'
 'M' 'M' 'U' 'M' 'M' 'U' 'M' 'M' 'M' 'M' 'U' 'M' 'M' 'M' 'M' 'M' 'M' 'M'
 'U' 'M' 'M' 'M' 'M' 'M' 'M' 'M' 'U' 'U' 'M' 'U' 'M' 'M' 'U' 'M' 'M' 'M'
 'M' 'M' 'M' 'M' 'U' 'M' 'M' 'A' 'M' 'M' 'M' 'M' 'M' 'M' 'M' 'M' 'U' 'M'
 'M' 'M' 'M' 'M' 'M' 'U' 'M' 'M' 'U' 'M' 'M' 'M' 'M' 'M' 'U' 'M' 'M' 'M'
 'A' 'M' 'M' 'M' 'M' 'M' 'A' 'M' 'M' 'M' 'M' 'M' 'U' 'U' 'M' 'M' 'M' 'M'
 'M' 'M' 'M' 'M' 'M' 'M' 'M' 'U' 'U' 'U' 'M' 'U' 'U' 'M' 'M' 'M' 'M' 'M'
 'M' 'M' 'U' 'M' 'M' 'M' 'U' 'M' 'M' 'M' 'U' 'M' 'M' 'M' 'M' 'M' 'A' 'M']"
222701,0,165,4,161,33,0,0,"['A' 'M' 'M' 'M' 'M' 'M' 'M' 'M' 'U' 'M' 'M' 'M' 'M' 'U' 'M' 'M' 'M' 'M'
 'M' 'M' 'M' 'M' 'M' 'M' 'M' 'M' 'M' 'M' 'M' 'M' 'M' 'M' 'M' 'M' 'M' 'U'
 'M' 'M' 'M' 'M' 'U' 'M' 'U' 'U' 'M' 'M' 'M' 'M' 'U' 'M' 'U' 'M' 'M' 'M'
 'M' 'U' 'M' 'M' 'M' 'M' 'M' 'U' 'M' 'M' 'M' 'M' 'M' 'M' 'M' 'M' 'M' 'U'
 'M' 'M' 'U' 'M' 'U' 'M' 'M' 'M' 'U' 'M' 'M' 'M' 'M' 'M' 'M' 'M' 'U' 'M'
 'M' 'M' 'M' 'M' 'M' 'U' 'M' 'M' 'U' 'U' 'M' 'U' 'M' 'M' 'M' 'M' 'M' 'M'
 'M' 'M' 'M' 'M' 'U' 'M' 'M' 'A' 'M' 'M' 'M' 'M' 'M' 'M' 'M' 'M' 'M' 'M'
 'M' 'M' 'M' 'M' 'M' 'M' 'M' 'M' 'U' 'M' 'M' 'M' 'M' 'M' 'U' 'M' 'M' 'M'
 'A' 'M' 'M' 'M' 'M' 'M' 'U' 'M' 'M' 'M' 'M' 'M' 'U' 'U' 'M' 'M' 'M' 'M'
 'M' 'M' 'M' 'M' 'M' 'M' 'M' 'U' 'U' 'M' 'M' 'U' 'U' 'M' 'M' 'M' 'M' 'M'
 'M' 'M' 'U' 'M' 'M' 'M' 'U' 'M' 'U' 'M' 'U' 'M' 'M' 'M' 'M' 'M' 'A' 'M']"
222801,0,161,3,158,37,0,0,"['A' 'M' 'M' 'M' 'M' 'M' 'M' 'M' 'U' 'M' 'M' 'M' 'M' 'U' 'U' 'M' 'M' 'M'
 'M' 'M' 'M' 'U' 'M' 'M' 'M' 'M' 'M' 'M' 'M' 'M' 'M' 'M' 'M' 'M' 'M' 'M'
 'M' 'M' 'M' 'M' 'M' 'M' 'U' 'M' 'M' 'M' 'M' 'M' 'U' 'M' 'U' 'M' 'M' 'M'
 'U' 'M' 'M' 'M' 'M' 'M' 'M' 'U' 'M' 'M' 'M' 'M' 'M' 'M' 'M' 'U' 'M' 'M'
 'M' 'M' 'M' 'M' 'M' 'U' 'M' 'M' 'U' 'M' 'M' 'M' 'M' 'M' 'M' 'M' 'M' 'M'
 'M' 'U' 'M' 'M' 'U' 'U' 'U' 'M' 'U' 'U' 'M' 'M' 'M' 'M' 'M' 'M' 'M' 'M'
 'M' 'M' 'M' 'M' 'U' 'M' 'M' 'A' 'M' 'U' 'M' 'M' 'M' 'M' 'U' 'M' 'U' 'M'
 'M' 'M' 'M' 'M' 'M' 'M' 'M' 'M' 'U' 'M' 'M' 'M' 'M' 'M' 'U' 'M' 'M' 'M'
 'A' 'M' 'M' 'M' 'M' 'M' 'U' 'M' 'U' 'M' 'M' 'M' 'U' 'U' 'M' 'M' 'M' 'M'
 'M' 'M' 'M' 'M' 'M' 'M' 'M' 'U' 'U' 'M' 'M' 'U' 'U' 'M' 'M' 'M' 'M' 'M'
 'M' 'M' 'U' 'M' 'M' 'M' 'U' 'M' 'U' 'M' 'U' 'M' 'M' 'M' 'M' 'M' 'U' 'M']"
222901,0,162,3,159,36,0,0,"['A' 'M' 'M' 'U' 'M' 'M' 'M' 'M' 'U' 'M' 'M' 'M' 'M' 'U' 'U' 'M' 'M' 'M'
 'M' 'M' 'M' 'U' 'M' 'M' 'M' 'M' 'M' 'M' 'M' 'M' 'M' 'M' 'M' 'M' 'M' 'M'
 'M' 'M' 'M' 'M' 'M' 'M' 'U' 'M' 'M' 'M' 'M' 'M' 'U' 'M' 'U' 'M' 'U' 'M'
 'U' 'M' 'U' 'M' 'M' 'M' 'M' 'M' 'M' 'M' 'M' 'U' 'M' 'M' 'U' 'M' 'M' 'M'
 'M' 'M' 'M' 'M' 'M' 'U' 'M' 'M' 'M' 'M' 'M' 'M' 'M' 'M' 'M' 'U' 'U' 'M'
 'M' 'M' 'M' 'M' 'M' 'M' 'U' 'M' 'U' 'U' 'M' 'M' 'M' 'M' 'M' 'M' 'M' 'M'
 'M' 'M' 'M' 'M' 'A' 'M' 'M' 'A' 'M' 'U' 'M' 'M' 'M' 'M' 'M' 'M' 'U' 'M'
 'M' 'M' 'M' 'M' 'M' 'M' 'U' 'M' 'U' 'M' 'M' 'M' 'M' 'M' 'U' 'M' 'M' 'M'
 'U' 'M' 'M' 'M' 'M' 'M' 'U' 'M' 'M' 'M' 'M' 'M' 'U' 'U' 'M' 'M' 'M' 'M'
 'M' 'U' 'M' 'M' 'M' 'M' 'M' 'M' 'M' 'M' 'M' 'M' 'U' 'M' 'M' 'M' 'M' 'M'
 'M' 'M' 'U' 'M' 'M' 'M' 'U' 'M' 'U' 'M' 'U' 'M' 'M' 'M' 'M' 'U' 'U' 'M']"
223001,0,169,4,165,29,0,0,"['A' 'M' 'M' 'U' 'M' 'M' 'M' 'M' 'M' 'M' 'M' 'M' 'M' 'U' 'U' 'M' 'M' 'M'
 'M' 'M' 'M' 'U' 'M' 'M' 'M' 'M' 'M' 'M' 'M' 'M' 'M' 'M' 'M' 'U' 'M' 'M'
 'M' 'M' 'M' 'M' 'M' 'M' 'M' 'M' 'M' 'M' 'M' 'M' 'U' 'M' 'M' 'M' 'M' 'M'
 'M' 'M' 'U' 'M' 'M' 'M' 'M' 'M' 'M' 'M' 'M' 'M' 'M' 'M' 'M' 'U' 'M' 'M'
 'M' 'M' 'M' 'M' 'U' 'M' 'M' 'M' 'U' 'M' 'M' 'M' 'U' 'M' 'M' 'M' 'M' 'M'
 'M' 'M' 'U' 'M' 'M' 'M' 'U' 'M' 'M' 'U' 'M' 'M' 'M' 'M' 'M' 'M' 'M' 'M'
 'M' 'M' 'M' 'M' 'A' 'M' 'M' 'A' 'M' 'U' 'M' 'M' 'M' 'M' 'M' 'M' 'U' 'M'
 'M' 'M' 'M' 'M' 'M' 'M' 'U' 'M' 'M' 'M' 'M' 'M' 'M' 'M' 'A' 'M' 'M' 'M'
 'M' 'M' 'M' 'M' 'M' 'M' 'U' 'M' 'M' 'M' 'M' 'M' 'M' 'U' 'M' 'M' 'M' 'M'
 'U' 'M' 'M' 'U' 'U' 'M' 'M' 'M' 'M' 'U' 'M' 'M' 'U' 'M' 'M' 'M' 'M' 'M'
 'M' 'M' 'U' 'M' 'M' 'M' 'U' 'M' 'M' 'M' 'U' 'U' 'M' 'M' 'M' 'U' 'M' 'M']"
223101,0,168,3,165,30,0,0,"['A' 'M' 'M' 'M' 'M' 'M' 'M' 'M' 'M' 'M' 'M' 'M' 'M' 'U' 'U' 'U' 'M' 'M'
 'M' 'M' 'M' 'U' 'M' 'M' 'M' 'M' 'M' 'M' 'M' 'M' 'M' 'U' 'M' 'U' 'M' 'M'
 'M' 'M' 'M' 'U' 'M' 'M' 'M' 'M' 'M' 'M' 'M' 'M' 'M' 'M' 'M' 'M' 'M' 'M'
 'M' 'M' 'U' 'M' 'M' 'M' 'M' 'M' 'M' 'M' 'M' 'M' 'M' 'M' 'M' 'U' 'M' 'M'
 'M' 'M' 'U' 'M' 'M' 'U' 'M' 'M' 'M' 'M' 'M' 'M' 'M' 'M' 'M' 'M' 'M' 'M'
 'M' 'U' 'U' 'M' 'M' 'M' 'M' 'M' 'M' 'M' 'M' 'M' 'U' 'M' 'U' 'M' 'M' 'M'
 'M' 'M' 'M' 'M' 'U' 'M' 'M' 'U' 'M' 'A' 'M' 'M' 'M' 'M' 'M' 'M' 'U' 'M'
 'M' 'M' 'M' 'M' 'M' 'M' 'U' 'M' 'M' 'M' 'M' 'M' 'M' 'M' 'A' 'M' 'M' 'M'
 'M' 'M' 'M' 'M' 'M' 'M' 'U' 'M' 'M' 'M' 'M' 'M' 'M' 'U' 'M' 'U' 'M' 'M'
 'U' 'M' 'M' 'U' 'M' 'U' 'M' 'M' 'M' 'U' 'M' 'M' 'U' 'M' 'M' 'M' 'M' 'M'
 'M' 'M' 'M' 'M' 'M' 'M' 'U' 'M' 'M' 'M' 'M' 'U' 'M' 'M' 'M' 'U' 'M' 'M']"
223201,0,166,2,164,32,0,0,"['A' 'U' 'M' 'M' 'U' 'M' 'M' 'M' 'M' 'M' 'M' 'M' 'M' 'U' 'M' 'U' 'M' 'M'
 'M' 'M' 'M' 'U' 'M' 'M' 'M' 'U' 'M' 'M' 'M' 'M' 'M' 'U' 'M' 'U' 'M' 'M'
 'M' 'M' 'M' 'U' 'M' 'M' 'M' 'M' 'M' 'M' 'M' 'M' 'M' 'M' 'M' 'M' 'M' 'M'
 'U' 'M' 'M' 'M' 'M' 'M' 'U' 'M' 'U' 'M' 'M' 'M' 'M' 'M' 'M' 'M' 'M' 'M'
 'M' 'M' 'U' 'M' 'M' 'U' 'M' 'M' 'M' 'M' 'M' 'M' 'M' 'M' 'U' 'M' 'M' 'M'
 'M' 'U' 'U' 'M' 'M' 'M' 'M' 'M' 'M' 'M' 'M' 'M' 'M' 'M' 'U' 'M' 'M' 'M'
 'M' 'M' 'M' 'M' 'U' 'M' 'M' 'U' 'M' 'U' 'M' 'M' 'M' 'M' 'M' 'M' 'U' 'M'
 'M' 'M' 'M' 'M' 'M' 'M' 'M' 'M' 'M' 'M' 'M' 'M' 'M' 'M' 'U' 'M' 'M' 'M'
 'M' 'M' 'M' 'M' 'M' 'M' 'M' 'M' 'M' 'M' 'M' 'M' 'M' 'M' 'M' 'U' 'M' 'M'
 'U' 'M' 'M' 'U' 'M' 'U' 'M' 'M' 'M' 'A' 'M' 'U' 'U' 'M' 'M' 'M' 'M' 'U'
 'M' 'M' 'M' 'M' 'M' 'M' 'U' 'M' 'M' 'M' 'M' 'M' 'M' 'M' 'M' 'U' 'M' 'M']"
223301,0,164,4,160,34,0,0,"['A' 'U' 'M' 'M' 'U' 'M' 'M' 'M' 'M' 'M' 'M' 'M' 'M' 'U' 'M' 'U' 'M' 'M'
 'M' 'M' 'M' 'U' 'M' 'M' 'M' 'U' 'M' 'M' 'M' 'M' 'M' 'U' 'M' 'M' 'M' 'M'
 'M' 'M' 'M' 'U' 'U' 'M' 'M' 'M' 'M' 'M' 'M' 'M' 'U' 'M' 'M' 'M' 'U' 'M'
 'A' 'M' 'M' 'M' 'M' 'M' 'U' 'M' 'U' 'M' 'M' 'U' 'M' 'M' 'U' 'M' 'M' 'M'
 'M' 'M' 'M' 'M' 'M' 'M' 'M' 'U' 'M' 'M' 'M' 'M' 'M' 'U' 'M' 'M' 'M' 'M'
 'M' 'M' 'M' 'M' 'U' 'M' 'M' 'M' 'M' 'M' 'M' 'M' 'M' 'M' 'M' 'U' 'M' 'M'
 'M' 'M' 'U' 'M' 'U' 'M' 'M' 'M' 'M' 'M' 'M' 'M' 'M' 'M' 'M' 'M' 'A' 'M'
 'M' 'M' 'M' 'M' 'M' 'M' 'M' 'M' 'M' 'M' 'M' 'M' 'M' 'M' 'U' 'M' 'M' 'M'
 'U' 'M' 'M' 'M' 'M' 'M' 'M' 'M' 'M' 'M' 'M' 'M' 'M' 'M' 'M' 'U' 'M' 'M'
 'U' 'U' 'M' 'U' 'M' 'U' 'M' 'M' 'M' 'U' 'M' 'A' 'U' 'M' 'M' 'M' 'M' 'U'
 'M' 'M' 'M' 'M' 'M' 'M' 'U' 'M' 'M' 'M' 'U' 'M' 'M' 'M' 'M' 'U' 'M' 'M']"
223401,0,169,4,165,29,0,0,"['A' 'M' 'M' 'M' 'U' 'M' 'M' 'M' 'M' 'M' 'M' 'M' 'M' 'U' 'M' 'U' 'M' 'M'
 'M' 'M' 'M' 'M' 'M' 'M' 'M' 'M' 'M' 'M' 'M' 'M' 'M' 'M' 'M' 'M' 'M' 'M'
 'M' 'M' 'M' 'U' 'U' 'M' 'M' 'M' 'M' 'M' 'M' 'M' 'U' 'M' 'M' 'M' 'M' 'M'
 'U' 'M' 'M' 'M' 'M' 'U' 'U' 'M' 'U' 'M' 'M' 'U' 'M' 'M' 'M' 'M' 'U' 'M'
 'M' 'U' 'M' 'M' 'M' 'M' 'U' 'M' 'M' 'M' 'M' 'M' 'M' 'M' 'M' 'M' 'M' 'M'
 'M' 'M' 'U' 'M' 'M' 'U' 'M' 'M' 'M' 'M' 'M' 'M' 'M' 'M' 'M' 'M' 'M' 'M'
 'M' 'M' 'M' 'M' 'U' 'M' 'M' 'M' 'M' 'M' 'M' 'M' 'M' 'U' 'M' 'M' 'A' 'M'
 'M' 'M' 'M' 'M' 'M' 'M' 'M' 'M' 'M' 'M' 'M' 'M' 'M' 'M' 'U' 'M' 'M' 'M'
 'A' 'M' 'M' 'M' 'M' 'M' 'M' 'M' 'M' 'M' 'M' 'M' 'M' 'M' 'M' 'U' 'M' 'M'
 'U' 'U' 'U' 'U' 'M' 'M' 'M' 'M' 'M' 'U' 'M' 'A' 'M' 'M' 'M' 'M' 'M' 'U'
 'M' 'M' 'M' 'M' 'M' 'U' 'M' 'M' 'M' 'M' 'U' 'M' 'M' 'M' 'M' 'U' 'M' 'M']"
223501,0,163,5,158,35,0,0,"['A' 'M' 'M' 'M' 'U' 'M' 'M' 'U' 'M' 'M' 'M' 'M' 'M' 'U' 'M' 'M' 'U' 'M'
 'M' 'M' 'M' 'M' 'M' 'M' 'M' 'M' 'M' 'M' 'M' 'M' 'U' 'M' 'M' 'M' 'M' 'M'
 'M' 'M' 'M' 'U' 'U' 'M' 'M' 'M' 'A' 'M' 'M' 'M' 'U' 'U' 'M' 'M' 'M' 'M'
 'M' 'M' 'M' 'M' 'M' 'U' 'M' 'M' 'U' 'M' 'M' 'M' 'U' 'M' 'U' 'M' 'M' 'M'
 'M' 'M' 'U' 'M' 'M' 'M' 'U' 'M' 'M' 'M' 'M' 'M' 'U' 'M' 'M' 'M' 'M' 'M'
 'M' 'M' 'M' 'M' 'M' 'U' 'M' 'M' 'M' 'M' 'M' 'M' 'M' 'M' 'M' 'M' 'M' 'M'
 'M' 'M' 'M' 'M' 'U' 'M' 'M' 'U' 'M' 'U' 'M' 'M' 'M' 'U' 'M' 'M' 'A' 'M'
 'M' 'M' 'M' 'M' 'M' 'M' 'M' 'M' 'M' 'M' 'M' 'M' 'M' 'M' 'M' 'M' 'U' 'M'
 'A' 'M' 'M' 'M' 'M' 'M' 'M' 'M' 'M' 'M' 'M' 'M' 'M' 'M' 'M' 'U' 'M' 'M'
 'U' 'U' 'U' 'U' 'M' 'M' 'U' 'M' 'M' 'U' 'M' 'A' 'M' 'M' 'M' 'M' 'M' 'U'
 'M' 'M' 'M' 'M' 'M' 'U' 'M' 'U' 'M' 'M' 'U' 'M' 'M' 'M' 'U' 'U' 'M' 'M']"
223601,0,165,5,160,33,0,0,"['A' 'M' 'M' 'M' 'U' 'U' 'M' 'U' 'M' 'M' 'M' 'M' 'M' 'M' 'M' 'M' 'M' 'U'
 'M' 'M' 'M' 'M' 'M' 'M' 'M' 'M' 'M' 'M' 'M' 'M' 'U' 'M' 'M' 'M' 'M' 'M'
 'M' 'M' 'M' 'U' 'U' 'M' 'M' 'U' 'A' 'M' 'M' 'M' 'U' 'M' 'M' 'M' 'M' 'M'
 'M' 'M' 'M' 'M' 'M' 'M' 'M' 'M' 'U' 'M' 'M' 'M' 'U' 'M' 'U' 'M' 'M' 'M'
 'M' 'M' 'M' 'M' 'M' 'M' 'M' 'U' 'M' 'M' 'U' 'U' 'M' 'M' 'M' 'M' 'M' 'M'
 'M' 'M' 'M' 'M' 'M' 'U' 'M' 'M' 'M' 'M' 'M' 'M' 'M' 'M' 'M' 'M' 'M' 'M'
 'M' 'U' 'M' 'M' 'M' 'M' 'M' 'U' 'M' 'U' 'M' 'M' 'M' 'U' 'M' 'M' 'A' 'M'
 'M' 'M' 'M' 'U' 'M' 'M' 'M' 'M' 'M' 'M' 'M' 'M' 'U' 'M' 'M' 'M' 'U' 'M'
 'A' 'M' 'M' 'M' 'M' 'M' 'M' 'M' 'M' 'M' 'M' 'M' 'M' 'M' 'M' 'M' 'M' 'M'
 'M' 'U' 'M' 'U' 'M' 'M' 'U' 'M' 'M' 'A' 'M' 'U' 'M' 'M' 'M' 'M' 'M' 'U'
 'M' 'M' 'M' 'M' 'M' 'U' 'U' 'U' 'M' 'M' 'M' 'M' 'M' 'M' 'U' 'U' 'M' 'M']"
223701,0,172,5,167,26,0,0,"['A' 'M' 'M' 'M' 'M' 'M' 'M' 'U' 'M' 'M' 'M' 'M' 'M' 'M' 'M' 'M' 'M' 'U'
 'M' 'M' 'M' 'M' 'M' 'M' 'M' 'M' 'M' 'M' 'M' 'M' 'M' 'M' 'M' 'M' 'M' 'M'
 'M' 'M' 'M' 'U' 'M' 'M' 'M' 'M' 'A' 'M' 'M' 'M' 'U' 'M' 'M' 'U' 'M' 'M'
 'M' 'M' 'M' 'M' 'M' 'M' 'M' 'M' 'U' 'M' 'M' 'M' 'M' 'M' 'M' 'M' 'M' 'U'
 'M' 'M' 'M' 'M' 'U' 'M' 'U' 'M' 'M' 'M' 'M' 'M' 'M' 'M' 'M' 'M' 'U' 'M'
 'U' 'M' 'M' 'M' 'M' 'U' 'M' 'M' 'M' 'M' 'M' 'M' 'M' 'M' 'M' 'M' 'M' 'U'
 'M' 'U' 'M' 'M' 'M' 'M' 'M' 'U' 'M' 'M' 'M' 'M' 'M' 'M' 'M' 'M' 'A' 'U'
 'M' 'M' 'M' 'M' 'M' 'M' 'M' 'M' 'M' 'M' 'M' 'U' 'U' 'M' 'M' 'M' 'U' 'M'
 'A' 'M' 'M' 'M' 'M' 'M' 'M' 'M' 'M' 'M' 'M' 'M' 'M' 'M' 'M' 'M' 'M' 'M'
 'M' 'U' 'M' 'U' 'M' 'M' 'U' 'M' 'M' 'A' 'M' 'U' 'M' 'M' 'M' 'M' 'M' 'U'
 'M' 'M' 'M' 'M' 'M' 'M' 'M' 'M' 'M' 'M' 'M' 'M' 'M' 'M' 'U' 'U' 'M' 'M']"
223801,0,169,5,164,29,0,0,"['A' 'M' 'M' 'M' 'M' 'M' 'M' 'M' 'M' 'M' 'U' 'M' 'M' 'M' 'M' 'M' 'M' 'M'
 'M' 'M' 'M' 'M' 'M' 'M' 'M' 'U' 'M' 'M' 'U' 'M' 'M' 'M' 'M' 'M' 'M' 'M'
 'U' 'M' 'M' 'M' 'M' 'M' 'M' 'M' 'A' 'M' 'M' 'M' 'U' 'M' 'M' 'U' 'M' 'M'
 'M' 'M' 'M' 'M' 'M' 'M' 'M' 'M' 'M' 'M' 'M' 'M' 'M' 'M' 'M' 'M' 'M' 'M'
 'M' 'M' 'M' 'M' 'M' 'M' 'M' 'U' 'U' 'M' 'U' 'M' 'M' 'M' 'M' 'M' 'M' 'U'
 'M' 'M' 'M' 'M' 'U' 'M' 'M' 'U' 'M' 'M' 'M' 'M' 'M' 'M' 'M' 'M' 'M' 'U'
 'U' 'U' 'M' 'M' 'M' 'M' 'M' 'U' 'M' 'M' 'M' 'M' 'M' 'M' 'M' 'M' 'A' 'U'
 'M' 'M' 'M' 'M' 'M' 'M' 'M' 'M' 'M' 'M' 'M' 'U' 'U' 'M' 'M' 'M' 'U' 'M'
 'A' 'M' 'M' 'M' 'M' 'M' 'M' 'M' 'M' 'M' 'M' 'M' 'M' 'M' 'M' 'M' 'M' 'M'
 'M' 'U' 'M' 'U' 'M' 'M' 'U' 'M' 'M' 'A' 'M' 'U' 'U' 'M' 'M' 'M' 'M' 'U'
 'M' 'M' 'M' 'M' 'M' 'M' 'M' 'M' 'M' 'M' 'U' 'M' 'M' 'M' 'U' 'U' 'M' 'M']"
223901,0,165,6,159,33,0,0,"['A' 'M' 'M' 'M' 'M' 'M' 'M' 'M' 'M' 'M' 'U' 'M' 'M' 'M' 'M' 'M' 'M' 'M'
 'M' 'M' 'M' 'M' 'M' 'M' 'M' 'U' 'M' 'U' 'M' 'M' 'M' 'U' 'M' 'U' 'M' 'U'
 'U' 'U' 'M' 'M' 'M' 'M' 'M' 'M' 'A' 'M' 'M' 'M' 'U' 'M' 'M' 'U' 'M' 'U'
 'M' 'U' 'M' 'M' 'M' 'M' 'M' 'M' 'U' 'M' 'M' 'M' 'M' 'M' 'U' 'M' 'U' 'M'
 'M' 'M' 'U' 'M' 'M' 'M' 'M' 'M' 'M' 'M' 'M' 'M' 'M' 'M' 'U' 'M' 'M' 'M'
 'M' 'M' 'M' 'U' 'M' 'M' 'M' 'A' 'M' 'M' 'M' 'M' 'M' 'M' 'M' 'M' 'M' 'M'
 'U' 'U' 'M' 'M' 'M' 'M' 'M' 'M' 'M' 'M' 'M' 'M' 'M' 'M' 'M' 'M' 'A' 'U'
 'M' 'M' 'M' 'M' 'M' 'M' 'M' 'M' 'M' 'M' 'M' 'U' 'U' 'M' 'M' 'M' 'M' 'M'
 'A' 'M' 'M' 'M' 'M' 'M' 'M' 'M' 'M' 'M' 'M' 'M' 'M' 'M' 'M' 'M' 'U' 'M'
 'M' 'U' 'M' 'U' 'M' 'M' 'U' 'M' 'M' 'A' 'M' 'U' 'M' 'M' 'M' 'M' 'M' 'M'
 'M' 'U' 'M' 'U' 'M' 'M' 'M' 'M' 'M' 'M' 'U' 'M' 'M' 'M' 'U' 'U' 'M' 'M']"
224001,0,169,5,164,29,0,0,"['A' 'M' 'M' 'M' 'U' 'M' 'M' 'M' 'M' 'M' 'M' 'M' 'M' 'M' 'M' 'M' 'M' 'M'
 'A' 'M' 'M' 'M' 'M' 'M' 'M' 'U' 'U' 'U' 'M' 'M' 'M' 'U' 'M' 'M' 'M' 'U'
 'M' 'M' 'M' 'M' 'M' 'M' 'M' 'M' 'A' 'M' 'M' 'M' 'M' 'M' 'M' 'U' 'M' 'U'
 'M' 'U' 'M' 'M' 'M' 'M' 'M' 'M' 'U' 'M' 'M' 'M' 'M' 'M' 'M' 'M' 'M' 'M'
 'M' 'U' 'M' 'M' 'M' 'M' 'U' 'M' 'M' 'M' 'M' 'M' 'U' 'M' 'M' 'M' 'U' 'U'
 'M' 'M' 'M' 'M' 'M' 'M' 'M' 'A' 'M' 'M' 'M' 'M' 'M' 'M' 'M' 'M' 'M' 'M'
 'M' 'U' 'M' 'M' 'M' 'M' 'M' 'M' 'M' 'M' 'M' 'M' 'M' 'M' 'M' 'M' 'U' 'U'
 'M' 'M' 'M' 'M' 'M' 'M' 'M' 'M' 'M' 'M' 'M' 'U' 'M' 'M' 'M' 'M' 'U' 'M'
 'U' 'M' 'M' 'M' 'M' 'M' 'M' 'M' 'M' 'M' 'M' 'M' 'M' 'M' 'M' 'M' 'U' 'M'
 'M' 'U' 'M' 'M' 'M' 'M' 'U' 'M' 'M' 'A' 'M' 'U' 'M' 'M' 'M' 'M' 'M' 'M'
 'M' 'U' 'M' 'U' 'M' 'M' 'M' 'M' 'M' 'M' 'M' 'M' 'M' 'M' 'U' 'U' 'M' 'M']"
224101,0,166,3,163,32,0,0,"['A' 'M' 'M' 'M' 'U' 'M' 'M' 'M' 'M' 'M' 'M' 'M' 'M' 'M' 'M' 'M' 'M' 'M'
 'M' 'M' 'M' 'M' 'M' 'M' 'M' 'M' 'M' 'U' 'M' 'M' 'M' 'U' 'M' 'M' 'M' 'U'
 'M' 'M' 'M' 'M' 'M' 'M' 'M' 'M' 'A' 'M' 'M' 'M' 'M' 'M' 'M' 'M' 'M' 'U'
 'M' 'U' 'M' 'M' 'M' 'M' 'M' 'M' 'U' 'M' 'M' 'M' 'M' 'M' 'M' 'M' 'M' 'M'
 'M' 'M' 'M' 'M' 'U' 'M' 'M' 'M' 'M' 'M' 'U' 'M' 'M' 'U' 'M' 'M' 'M' 'M'
 'U' 'M' 'M' 'M' 'U' 'U' 'M' 'A' 'M' 'M' 'M' 'M' 'U' 'M' 'M' 'M' 'M' 'M'
 'M' 'U' 'M' 'M' 'M' 'M' 'M' 'M' 'M' 'M' 'M' 'M' 'M' 'M' 'U' 'M' 'M' 'U'
 'M' 'M' 'M' 'M' 'M' 'M' 'M' 'U' 'M' 'M' 'M' 'U' 'M' 'M' 'M' 'M' 'U' 'M'
 'M' 'M' 'U' 'M' 'M' 'U' 'M' 'M' 'M' 'M' 'M' 'M' 'M' 'M' 'U' 'M' 'U' 'M'
 'M' 'U' 'M' 'M' 'M' 'M' 'U' 'M' 'M' 'U' 'M' 'U' 'M' 'M' 'M' 'M' 'M' 'M'
 'M' 'U' 'M' 'U' 'M' 'M' 'M' 'M' 'M' 'M' 'M' 'M' 'M' 'M' 'U' 'U' 'M' 'M']"
224201,0,171,3,168,27,0,0,"['A' 'M' 'M' 'M' 'U' 'M' 'M' 'M' 'M' 'M' 'M' 'M' 'M' 'M' 'M' 'M' 'M' 'M'
 'M' 'M' 'M' 'M' 'M' 'M' 'M' 'M' 'M' 'U' 'M' 'M' 'M' 'M' 'M' 'M' 'M' 'U'
 'M' 'M' 'M' 'M' 'M' 'M' 'M' 'M' 'A' 'M' 'M' 'M' 'M' 'M' 'M' 'M' 'M' 'M'
 'M' 'M' 'M' 'M' 'M' 'M' 'M' 'M' 'U' 'M' 'M' 'M' 'M' 'M' 'M' 'M' 'M' 'M'
 'M' 'M' 'M' 'M' 'M' 'M' 'U' 'M' 'M' 'M' 'M' 'U' 'M' 'M' 'U' 'M' 'M' 'M'
 'U' 'U' 'M' 'M' 'M' 'M' 'M' 'A' 'M' 'M' 'M' 'M' 'M' 'U' 'M' 'U' 'M' 'M'
 'M' 'U' 'M' 'M' 'M' 'M' 'M' 'M' 'M' 'M' 'M' 'M' 'M' 'M' 'U' 'U' 'M' 'U'
 'M' 'M' 'M' 'M' 'M' 'M' 'M' 'M' 'M' 'M' 'M' 'M' 'M' 'M' 'M' 'M' 'U' 'M'
 'M' 'U' 'M' 'M' 'M' 'U' 'M' 'M' 'M' 'M' 'M' 'M' 'M' 'M' 'U' 'M' 'U' 'M'
 'M' 'U' 'M' 'M' 'U' 'M' 'M' 'M' 'M' 'M' 'M' 'M' 'M' 'M' 'M' 'M' 'M' 'M'
 'M' 'U' 'M' 'U' 'M' 'M' 'M' 'M' 'M' 'M' 'M' 'M' 'M' 'M' 'U' 'U' 'M' 'U']"
224301,0,175,2,173,23,0,0,"['A' 'M' 'M' 'M' 'M' 'M' 'M' 'M' 'M' 'M' 'M' 'M' 'M' 'M' 'M' 'M' 'M' 'M'
 'M' 'M' 'M' 'M' 'M' 'M' 'M' 'M' 'M' 'M' 'M' 'M' 'M' 'M' 'M' 'M' 'M' 'U'
 'M' 'M' 'M' 'M' 'M' 'M' 'M' 'M' 'U' 'M' 'M' 'M' 'U' 'M' 'M' 'M' 'M' 'M'
 'M' 'M' 'M' 'M' 'M' 'M' 'M' 'M' 'U' 'M' 'M' 'U' 'M' 'M' 'M' 'M' 'M' 'M'
 'M' 'M' 'M' 'M' 'M' 'M' 'M' 'M' 'U' 'U' 'U' 'M' 'U' 'M' 'M' 'M' 'M' 'M'
 'M' 'M' 'M' 'M' 'M' 'M' 'M' 'A' 'M' 'M' 'M' 'M' 'M' 'U' 'M' 'M' 'M' 'M'
 'M' 'U' 'M' 'M' 'M' 'M' 'M' 'M' 'M' 'M' 'M' 'M' 'M' 'M' 'M' 'U' 'M' 'U'
 'M' 'M' 'M' 'M' 'M' 'M' 'M' 'M' 'M' 'M' 'M' 'M' 'M' 'M' 'M' 'M' 'U' 'M'
 'M' 'U' 'M' 'M' 'M' 'U' 'U' 'M' 'M' 'M' 'M' 'M' 'M' 'M' 'U' 'M' 'M' 'M'
 'M' 'U' 'U' 'M' 'M' 'M' 'M' 'M' 'M' 'M' 'M' 'M' 'M' 'M' 'M' 'M' 'M' 'M'
 'M' 'U' 'M' 'M' 'M' 'M' 'M' 'M' 'M' 'M' 'M' 'M' 'M' 'M' 'U' 'U' 'M' 'M']"
224401,0,177,1,176,21,0,0,"['A' 'M' 'M' 'M' 'M' 'M' 'M' 'M' 'M' 'M' 'M' 'M' 'M' 'M' 'M' 'M' 'M' 'M'
 'M' 'M' 'M' 'M' 'M' 'M' 'M' 'M' 'M' 'M' 'M' 'U' 'M' 'M' 'M' 'M' 'M' 'M'
 'M' 'M' 'M' 'M' 'M' 'M' 'M' 'M' 'U' 'M' 'M' 'M' 'U' 'M' 'M' 'M' 'M' 'M'
 'M' 'M' 'M' 'M' 'M' 'M' 'M' 'M' 'U' 'M' 'M' 'M' 'M' 'M' 'M' 'M' 'M' 'M'
 'M' 'M' 'M' 'M' 'M' 'U' 'M' 'U' 'M' 'M' 'U' 'M' 'M' 'M' 'M' 'U' 'M' 'M'
 'M' 'M' 'U' 'M' 'M' 'M' 'M' 'U' 'M' 'M' 'M' 'M' 'M' 'U' 'M' 'M' 'M' 'M'
 'M' 'U' 'M' 'M' 'M' 'M' 'M' 'M' 'M' 'U' 'M' 'M' 'M' 'M' 'M' 'U' 'M' 'M'
 'M' 'M' 'M' 'M' 'M' 'M' 'M' 'M' 'M' 'M' 'M' 'M' 'M' 'M' 'M' 'M' 'M' 'M'
 'M' 'U' 'M' 'M' 'M' 'M' 'U' 'M' 'M' 'M' 'M' 'M' 'M' 'M' 'U' 'M' 'M' 'U'
 'M' 'U' 'U' 'M' 'M' 'M' 'M' 'M' 'M' 'M' 'M' 'M' 'M' 'M' 'M' 'M' 'M' 'M'
 'M' 'M' 'M' 'M' 'M' 'M' 'M' 'M' 'M' 'M' 'M' 'M' 'M' 'M' 'M' 'U' 'M' 'M']"
224501,0,174,2,172,24,0,0,"['A' 'M' 'M' 'M' 'M' 'M' 'M' 'M' 'M' 'M' 'M' 'M' 'M' 'M' 'M' 'M' 'M' 'M'
 'M' 'M' 'M' 'M' 'M' 'M' 'M' 'M' 'M' 'M' 'M' 'M' 'M' 'M' 'U' 'M' 'M' 'M'
 'M' 'M' 'M' 'M' 'M' 'M' 'M' 'U' 'M' 'M' 'M' 'M' 'M' 'U' 'M' 'M' 'M' 'M'
 'U' 'M' 'M' 'M' 'M' 'M' 'M' 'M' 'U' 'M' 'M' 'U' 'U' 'M' 'M' 'M' 'U' 'M'
 'U' 'M' 'M' 'M' 'U' 'M' 'M' 'M' 'M' 'M' 'M' 'M' 'M' 'M' 'M' 'M' 'M' 'M'
 'M' 'M' 'M' 'M' 'M' 'M' 'M' 'U' 'M' 'M' 'M' 'M' 'M' 'U' 'M' 'M' 'M' 'M'
 'M' 'U' 'M' 'M' 'M' 'M' 'U' 'M' 'M' 'U' 'M' 'M' 'M' 'M' 'M' 'M' 'M' 'M'
 'M' 'M' 'M' 'M' 'U' 'M' 'M' 'M' 'M' 'U' 'M' 'M' 'M' 'M' 'M' 'M' 'M' 'M'
 'M' 'U' 'U' 'M' 'M' 'M' 'U' 'M' 'M' 'M' 'M' 'M' 'M' 'M' 'M' 'M' 'M' 'A'
 'M' 'M' 'U' 'U' 'M' 'M' 'M' 'M' 'M' 'M' 'M' 'M' 'M' 'M' 'M' 'M' 'M' 'M'
 'M' 'M' 'M' 'M' 'M' 'M' 'M' 'U' 'M' 'M' 'M' 'M' 'M' 'M' 'M' 'U' 'M' 'M']"
224601,0,169,4,165,29,0,0,"['A' 'M' 'M' 'M' 'M' 'M' 'M' 'M' 'M' 'M' 'M' 'U' 'M' 'M' 'M' 'M' 'M' 'M'
 'M' 'M' 'M' 'M' 'M' 'U' 'M' 'M' 'M' 'M' 'M' 'M' 'M' 'M' 'U' 'M' 'M' 'M'
 'M' 'M' 'M' 'M' 'U' 'M' 'M' 'U' 'M' 'M' 'M' 'M' 'M' 'M' 'M' 'M' 'M' 'M'
 'M' 'M' 'M' 'M' 'M' 'M' 'M' 'M' 'U' 'M' 'M' 'M' 'U' 'M' 'M' 'M' 'M' 'M'
 'M' 'M' 'M' 'U' 'M' 'M' 'M' 'M' 'M' 'M' 'M' 'M' 'M' 'M' 'U' 'M' 'M' 'M'
 'M' 'M' 'M' 'U' 'U' 'M' 'M' 'U' 'M' 'M' 'M' 'M' 'M' 'U' 'M' 'M' 'M' 'M'
 'M' 'U' 'M' 'M' 'M' 'M' 'U' 'M' 'M' 'A' 'M' 'M' 'M' 'M' 'M' 'M' 'M' 'M'
 'M' 'M' 'M' 'M' 'U' 'U' 'U' 'M' 'U' 'U' 'U' 'U' 'A' 'M' 'M' 'M' 'M' 'M'
 'M' 'U' 'M' 'M' 'M' 'M' 'U' 'M' 'M' 'M' 'M' 'M' 'M' 'M' 'M' 'M' 'M' 'A'
 'M' 'M' 'U' 'U' 'M' 'M' 'M' 'M' 'M' 'M' 'M' 'M' 'M' 'M' 'M' 'M' 'M' 'M'
 'M' 'M' 'M' 'M' 'M' 'U' 'M' 'U' 'M' 'M' 'M' 'M' 'M' 'M' 'M' 'U' 'M' 'M']"
224701,0,171,7,164,27,0,0,"['A' 'M' 'M' 'M' 'U' 'M' 'M' 'M' 'M' 'M' 'M' 'U' 'M' 'M' 'M' 'M' 'M' 'M'
 'M' 'M' 'M' 'M' 'M' 'U' 'M' 'M' 'M' 'M' 'U' 'M' 'M' 'M' 'U' 'U' 'M' 'U'
 'M' 'M' 'M' 'M' 'U' 'M' 'M' 'U' 'M' 'M' 'M' 'A' 'M' 'M' 'M' 'M' 'M' 'M'
 'M' 'M' 'M' 'M' 'M' 'M' 'M' 'M' 'M' 'M' 'M' 'M' 'M' 'M' 'M' 'M' 'M' 'M'
 'M' 'M' 'M' 'M' 'U' 'M' 'M' 'U' 'M' 'M' 'M' 'M' 'U' 'M' 'M' 'U' 'M' 'M'
 'M' 'M' 'M' 'M' 'U' 'M' 'M' 'A' 'M' 'M' 'M' 'M' 'U' 'U' 'M' 'M' 'M' 'M'
 'M' 'U' 'M' 'M' 'M' 'M' 'M' 'M' 'M' 'A' 'M' 'M' 'M' 'M' 'M' 'M' 'M' 'M'
 'M' 'M' 'M' 'M' 'M' 'U' 'M' 'M' 'M' 'M' 'U' 'U' 'A' 'M' 'M' 'M' 'M' 'M'
 'M' 'U' 'M' 'M' 'M' 'M' 'U' 'M' 'M' 'M' 'M' 'U' 'M' 'M' 'M' 'M' 'M' 'A'
 'M' 'M' 'M' 'A' 'M' 'M' 'M' 'M' 'U' 'M' 'M' 'U' 'M' 'M' 'M' 'M' 'U' 'M'
 'M' 'M' 'M' 'M' 'M' 'M' 'M' 'M' 'M' 'M' 'M' 'M' 'M' 'M' 'M' 'U' 'M' 'M']"
224801,0,171,6,165,27,0,1,"['A' 'M' 'M' 'M' 'M' 'M' 'M' 'M' 'M' 'M' 'M' 'M' 'U' 'M' 'M' 'M' 'M' 'M'
 'M' 'M' 'M' 'M' 'M' 'U' 'M' 'M' 'M' 'M' 'U' 'M' 'M' 'M' 'U' 'U' 'M' 'U'
 'M' 'M' 'M' 'M' 'U' 'M' 'M' 'U' 'M' 'M' 'M' 'A' 'M' 'M' 'M' 'M' 'M' 'M'
 'M' 'M' 'M' 'M' 'M' 'M' 'M' 'M' 'M' 'M' 'M' 'M' 'M' 'U' 'U' 'M' 'U' 'M'
 'M' 'M' 'M' 'M' 'M' 'M' 'M' 'M' 'M' 'M' 'U' 'M' 'M' 'M' 'M' 'M' 'M' 'M'
 'M' 'M' 'U' 'M' 'M' 'M' 'M' 'A' 'M' 'M' 'M' 'M' 'U' 'M' 'M' 'M' 'M' 'M'
 'M' 'M' 'M' 'M' 'M' 'M' 'U' 'M' 'M' 'A' 'M' 'M' 'M' 'M' 'M' 'M' 'M' 'U'
 'M' 'M' 'M' 'M' 'M' 'U' 'U' 'U' 'U' 'U' 'U' 'M' 'A' 'M' 'M' 'M' 'M' 'M'
 'U' 'U' 'M' 'M' 'M' 'M' 'U' 'M' 'M' 'M' 'M' 'U' 'M' 'M' 'M' 'M' 'M' 'M'
 'M' 'M' 'M' 'A' 'M' 'M' 'M' 'M' 'M' 'M' 'M' 'M' 'M' 'M' 'M' 'M' 'M' 'M'
 'M' 'M' 'M' 'M' 'M' 'M' 'M' 'M' 'M' 'M' 'M' 'M' 'M' 'U' 'M' 'M' 'M' 'M']"
224901,0,167,5,162,31,0,1,"['A' 'M' 'M' 'M' 'M' 'M' 'M' 'U' 'M' 'M' 'M' 'M' 'U' 'M' 'M' 'M' 'M' 'M'
 'M' 'M' 'M' 'U' 'M' 'U' 'M' 'M' 'M' 'M' 'U' 'M' 'M' 'M' 'U' 'U' 'M' 'U'
 'M' 'M' 'M' 'M' 'U' 'M' 'M' 'M' 'M' 'M' 'M' 'A' 'M' 'M' 'M' 'M' 'M' 'M'
 'M' 'M' 'M' 'M' 'M' 'M' 'M' 'M' 'M' 'M' 'M' 'M' 'M' 'U' 'M' 'M' 'U' 'M'
 'M' 'M' 'U' 'M' 'M' 'M' 'M' 'M' 'M' 'M' 'M' 'M' 'M' 'U' 'M' 'M' 'M' 'U'
 'M' 'M' 'M' 'M' 'M' 'M' 'M' 'U' 'M' 'M' 'M' 'M' 'U' 'M' 'M' 'M' 'M' 'M'
 'M' 'M' 'M' 'M' 'M' 'M' 'U' 'M' 'M' 'A' 'M' 'M' 'M' 'M' 'M' 'M' 'M' 'U'
 'M' 'M' 'M' 'M' 'M' 'U' 'U' 'U' 'U' 'M' 'M' 'U' 'U' 'U' 'M' 'M' 'M' 'M'
 'U' 'A' 'M' 'M' 'M' 'M' 'U' 'M' 'M' 'M' 'M' 'U' 'U' 'M' 'M' 'M' 'M' 'M'
 'M' 'M' 'M' 'A' 'M' 'M' 'M' 'M' 'M' 'U' 'M' 'M' 'M' 'M' 'M' 'M' 'M' 'M'
 'M' 'M' 'M' 'M' 'M' 'M' 'M' 'M' 'M' 'M' 'M' 'M' 'M' 'U' 'M' 'M' 'M' 'M']"
225001,0,158,5,153,40,0,0,"['A' 'M' 'M' 'M' 'M' 'M' 'M' 'U' 'U' 'M' 'M' 'U' 'U' 'M' 'M' 'M' 'M' 'M'
 'M' 'M' 'M' 'M' 'M' 'U' 'M' 'M' 'M' 'M' 'M' 'M' 'M' 'M' 'A' 'M' 'M' 'U'
 'M' 'M' 'M' 'M' 'U' 'M' 'M' 'U' 'M' 'M' 'M' 'U' 'M' 'M' 'M' 'M' 'M' 'M'
 'M' 'M' 'U' 'M' 'M' 'M' 'U' 'M' 'M' 'M' 'M' 'M' 'M' 'M' 'M' 'M' 'M' 'U'
 'U' 'M' 'M' 'M' 'M' 'M' 'M' 'M' 'U' 'M' 'M' 'M' 'M' 'M' 'M' 'U' 'M' 'U'
 'M' 'M' 'M' 'M' 'M' 'M' 'M' 'U' 'M' 'U' 'M' 'M' 'U' 'M' 'M' 'U' 'M' 'M'
 'M' 'M' 'U' 'M' 'M' 'M' 'U' 'M' 'M' 'A' 'M' 'M' 'M' 'M' 'M' 'U' 'M' 'U'
 'M' 'M' 'M' 'M' 'M' 'U' 'U' 'U' 'U' 'M' 'M' 'U' 'U' 'U' 'M' 'U' 'M' 'M'
 'U' 'A' 'M' 'M' 'M' 'M' 'U' 'M' 'M' 'M' 'M' 'U' 'U' 'M' 'M' 'M' 'M' 'M'
 'M' 'M' 'M' 'A' 'M' 'M' 'M' 'M' 'M' 'U' 'M' 'M' 'M' 'U' 'M' 'M' 'M' 'M'
 'M' 'M' 'M' 'U' 'M' 'M' 'M' 'M' 'M' 'M' 'M' 'M' 'M' 'U' 'M' 'M' 'M' 'M']"
225101,0,154,2,152,44,0,0,"['A' 'M' 'M' 'M' 'M' 'M' 'M' 'U' 'U' 'M' 'M' 'U' 'U' 'M' 'M' 'M' 'M' 'M'
 'M' 'M' 'M' 'M' 'M' 'U' 'M' 'M' 'M' 'M' 'M' 'M' 'U' 'M' 'U' 'M' 'M' 'U'
 'M' 'M' 'M' 'M' 'U' 'M' 'M' 'U' 'M' 'M' 'M' 'U' 'M' 'M' 'U' 'M' 'M' 'M'
 'M' 'M' 'M' 'M' 'M' 'M' 'M' 'U' 'M' 'M' 'M' 'M' 'M' 'M' 'M' 'M' 'M' 'M'
 'M' 'U' 'M' 'M' 'M' 'M' 'M' 'M' 'M' 'U' 'U' 'U' 'M' 'M' 'M' 'U' 'M' 'M'
 'M' 'M' 'M' 'M' 'M' 'M' 'M' 'U' 'M' 'M' 'M' 'M' 'M' 'M' 'M' 'U' 'M' 'M'
 'M' 'M' 'U' 'M' 'M' 'M' 'U' 'M' 'M' 'U' 'M' 'M' 'M' 'M' 'M' 'U' 'M' 'U'
 'M' 'U' 'M' 'M' 'M' 'M' 'U' 'U' 'U' 'M' 'U' 'U' 'U' 'M' 'M' 'U' 'U' 'M'
 'U' 'A' 'M' 'M' 'M' 'M' 'U' 'M' 'M' 'U' 'M' 'U' 'U' 'M' 'M' 'U' 'M' 'M'
 'M' 'M' 'M' 'M' 'M' 'M' 'M' 'M' 'M' 'M' 'M' 'M' 'M' 'U' 'M' 'M' 'M' 'M'
 'U' 'M' 'M' 'U' 'M' 'M' 'M' 'M' 'M' 'M' 'M' 'M' 'M' 'U' 'M' 'M' 'M' 'M']"
225201,0,154,2,152,44,0,0,"['A' 'M' 'M' 'M' 'M' 'M' 'M' 'U' 'U' 'M' 'M' 'U' 'U' 'M' 'M' 'M' 'M' 'M'
 'M' 'M' 'M' 'M' 'M' 'U' 'M' 'M' 'M' 'M' 'M' 'M' 'U' 'M' 'U' 'M' 'M' 'U'
 'M' 'M' 'M' 'M' 'M' 'M' 'M' 'M' 'M' 'M' 'M' 'M' 'M' 'M' 'M' 'U' 'M' 'M'
 'M' 'M' 'M' 'M' 'M' 'U' 'M' 'U' 'M' 'M' 'U' 'M' 'M' 'M' 'M' 'M' 'M' 'U'
 'M' 'M' 'M' 'M' 'M' 'M' 'M' 'M' 'M' 'M' 'M' 'M' 'U' 'M' 'M' 'M' 'M' 'U'
 'M' 'M' 'M' 'U' 'U' 'U' 'M' 'U' 'M' 'M' 'M' 'M' 'M' 'M' 'M' 'U' 'M' 'M'
 'M' 'M' 'U' 'M' 'M' 'M' 'U' 'M' 'M' 'U' 'M' 'U' 'M' 'M' 'M' 'M' 'M' 'M'
 'M' 'U' 'M' 'M' 'M' 'M' 'U' 'U' 'U' 'M' 'M' 'U' 'U' 'M' 'M' 'U' 'U' 'U'
 'M' 'A' 'M' 'M' 'M' 'M' 'U' 'M' 'M' 'U' 'M' 'U' 'M' 'M' 'M' 'U' 'M' 'M'
 'M' 'M' 'M' 'M' 'M' 'M' 'M' 'M' 'U' 'M' 'U' 'M' 'M' 'U' 'M' 'M' 'M' 'M'
 'U' 'M' 'M' 'U' 'M' 'M' 'M' 'M' 'M' 'M' 'M' 'M' 'M' 'U' 'U' 'M' 'M' 'M']"
225301,0,159,2,157,39,0,0,"['A' 'M' 'M' 'M' 'M' 'M' 'M' 'U' 'M' 'M' 'M' 'M' 'U' 'M' 'U' 'M' 'M' 'M'
 'M' 'M' 'M' 'M' 'M' 'U' 'M' 'M' 'M' 'M' 'M' 'M' 'U' 'M' 'U' 'M' 'M' 'U'
 'M' 'M' 'M' 'M' 'M' 'M' 'M' 'M' 'U' 'M' 'U' 'M' 'M' 'U' 'M' 'U' 'M' 'M'
 'M' 'M' 'M' 'M' 'M' 'U' 'M' 'U' 'M' 'M' 'U' 'M' 'M' 'U' 'U' 'M' 'U' 'M'
 'M' 'M' 'M' 'U' 'M' 'U' 'M' 'M' 'M' 'M' 'M' 'M' 'M' 'M' 'M' 'M' 'M' 'M'
 'M' 'M' 'M' 'M' 'M' 'U' 'M' 'U' 'M' 'M' 'M' 'M' 'M' 'M' 'M' 'U' 'M' 'M'
 'M' 'M' 'U' 'U' 'M' 'M' 'U' 'M' 'M' 'M' 'M' 'U' 'M' 'M' 'M' 'M' 'M' 'M'
 'M' 'U' 'M' 'M' 'M' 'M' 'U' 'M' 'M' 'U' 'U' 'M' 'A' 'M' 'M' 'M' 'M' 'U'
 'M' 'U' 'M' 'M' 'M' 'M' 'M' 'M' 'M' 'M' 'M' 'M' 'M' 'M' 'M' 'M' 'M' 'M'
 'M' 'M' 'U' 'U' 'M' 'M' 'M' 'M' 'U' 'U' 'M' 'M' 'M' 'M' 'M' 'M' 'M' 'M'
 'U' 'M' 'M' 'U' 'M' 'M' 'M' 'M' 'M' 'M' 'M' 'M' 'M' 'M' 'U' 'M' 'M' 'M']"
225401,0,166,4,162,32,0,0,"['A' 'M' 'M' 'M' 'U' 'M' 'M' 'U' 'M' 'M' 'M' 'M' 'A' 'M' 'M' 'M' 'M' 'M'
 'M' 'U' 'M' 'M' 'M' 'M' 'M' 'M' 'M' 'M' 'M' 'M' 'U' 'M' 'U' 'M' 'M' 'U'
 'M' 'M' 'M' 'M' 'M' 'M' 'M' 'M' 'U' 'M' 'M' 'M' 'M' 'U' 'M' 'M' 'M' 'M'
 'M' 'M' 'M' 'M' 'M' 'A' 'U' 'M' 'M' 'M' 'U' 'U' 'U' 'M' 'M' 'M' 'M' 'M'
 'M' 'M' 'M' 'M' 'M' 'M' 'M' 'U' 'U' 'M' 'M' 'M' 'M' 'M' 'U' 'M' 'M' 'M'
 'M' 'M' 'M' 'M' 'M' 'M' 'M' 'U' 'M' 'M' 'M' 'U' 'M' 'M' 'M' 'M' 'M' 'M'
 'M' 'M' 'U' 'U' 'M' 'M' 'U' 'M' 'M' 'M' 'M' 'U' 'M' 'M' 'M' 'M' 'M' 'M'
 'M' 'U' 'M' 'M' 'M' 'M' 'M' 'M' 'M' 'U' 'U' 'M' 'A' 'M' 'M' 'M' 'M' 'U'
 'M' 'U' 'M' 'M' 'M' 'M' 'M' 'M' 'M' 'M' 'M' 'M' 'M' 'M' 'M' 'M' 'M' 'M'
 'M' 'M' 'M' 'U' 'M' 'M' 'M' 'M' 'U' 'U' 'M' 'M' 'U' 'M' 'M' 'M' 'M' 'M'
 'M' 'M' 'M' 'U' 'M' 'M' 'M' 'M' 'M' 'M' 'M' 'M' 'M' 'M' 'U' 'M' 'M' 'M']"
225501,0,168,4,164,30,0,0,"['A' 'M' 'M' 'M' 'M' 'M' 'M' 'M' 'M' 'M' 'M' 'M' 'A' 'M' 'M' 'M' 'M' 'M'
 'M' 'U' 'M' 'M' 'M' 'M' 'M' 'M' 'M' 'M' 'M' 'M' 'M' 'M' 'U' 'M' 'M' 'U'
 'M' 'M' 'M' 'M' 'M' 'M' 'M' 'M' 'U' 'M' 'M' 'M' 'M' 'M' 'M' 'M' 'M' 'M'
 'M' 'M' 'M' 'M' 'M' 'A' 'U' 'M' 'M' 'M' 'U' 'M' 'M' 'M' 'M' 'M' 'U' 'M'
 'U' 'M' 'M' 'M' 'M' 'M' 'M' 'M' 'M' 'M' 'U' 'U' 'M' 'M' 'M' 'M' 'M' 'U'
 'M' 'M' 'M' 'M' 'M' 'M' 'M' 'U' 'M' 'M' 'M' 'U' 'M' 'M' 'M' 'M' 'U' 'M'
 'M' 'M' 'M' 'U' 'M' 'M' 'U' 'M' 'M' 'M' 'M' 'U' 'M' 'M' 'M' 'M' 'M' 'M'
 'M' 'M' 'M' 'U' 'M' 'M' 'M' 'M' 'U' 'M' 'U' 'M' 'A' 'M' 'M' 'M' 'M' 'U'
 'M' 'U' 'M' 'M' 'M' 'M' 'M' 'M' 'M' 'M' 'M' 'M' 'M' 'M' 'M' 'M' 'M' 'M'
 'M' 'M' 'M' 'U' 'M' 'U' 'M' 'M' 'U' 'U' 'M' 'M' 'U' 'U' 'M' 'M' 'M' 'M'
 'M' 'M' 'M' 'U' 'M' 'M' 'M' 'M' 'M' 'M' 'M' 'M' 'M' 'M' 'U' 'M' 'M' 'M']"
225601,0,166,5,161,32,0,0,"['A' 'M' 'M' 'M' 'M' 'M' 'M' 'M' 'M' 'M' 'M' 'M' 'A' 'M' 'M' 'M' 'M' 'M'
 'M' 'U' 'M' 'M' 'M' 'M' 'M' 'M' 'M' 'M' 'M' 'M' 'M' 'M' 'U' 'M' 'M' 'U'
 'M' 'M' 'M' 'M' 'M' 'U' 'M' 'M' 'U' 'M' 'M' 'M' 'M' 'M' 'M' 'M' 'M' 'M'
 'M' 'M' 'M' 'M' 'M' 'A' 'U' 'M' 'M' 'M' 'U' 'M' 'M' 'U' 'M' 'M' 'M' 'U'
 'M' 'M' 'U' 'M' 'M' 'M' 'M' 'M' 'M' 'U' 'M' 'M' 'M' 'M' 'M' 'M' 'M' 'M'
 'M' 'M' 'M' 'M' 'U' 'M' 'M' 'U' 'M' 'M' 'M' 'U' 'U' 'M' 'M' 'M' 'U' 'M'
 'M' 'M' 'M' 'U' 'M' 'M' 'U' 'M' 'M' 'M' 'M' 'U' 'M' 'M' 'M' 'M' 'M' 'M'
 'M' 'M' 'U' 'U' 'M' 'M' 'M' 'M' 'M' 'M' 'U' 'M' 'U' 'M' 'M' 'M' 'M' 'U'
 'M' 'U' 'M' 'M' 'M' 'M' 'M' 'M' 'M' 'M' 'M' 'M' 'M' 'M' 'M' 'M' 'M' 'M'
 'U' 'M' 'M' 'U' 'M' 'M' 'M' 'M' 'M' 'A' 'M' 'M' 'A' 'U' 'M' 'M' 'M' 'M'
 'M' 'M' 'M' 'U' 'M' 'U' 'M' 'M' 'U' 'M' 'M' 'M' 'M' 'M' 'U' 'M' 'M' 'M']"
225701,0,169,5,164,29,1,0,"['A' 'M' 'M' 'M' 'M' 'M' 'M' 'M' 'M' 'M' 'M' 'M' 'A' 'M' 'M' 'M' 'M' 'M'
 'M' 'M' 'M' 'M' 'M' 'M' 'M' 'M' 'M' 'M' 'M' 'M' 'M' 'M' 'U' 'M' 'M' 'U'
 'M' 'M' 'M' 'M' 'M' 'U' 'M' 'M' 'U' 'M' 'M' 'M' 'M' 'M' 'M' 'M' 'M' 'M'
 'M' 'U' 'M' 'M' 'M' 'A' 'U' 'M' 'M' 'M' 'U' 'M' 'M' 'M' 'M' 'M' 'M' 'U'
 'M' 'M' 'M' 'M' 'U' 'M' 'M' 'U' 'M' 'M' 'M' 'M' 'M' 'M' 'M' 'U' 'M' 'M'
 'M' 'M' 'M' 'M' 'U' 'M' 'M' 'U' 'U' 'M' 'M' 'U' 'U' 'M' 'M' 'M' 'U' 'M'
 'M' 'M' 'U' 'U' 'M' 'M' 'U' 'M' 'M' 'M' 'M' 'M' 'M' 'M' 'M' 'M' 'M' 'M'
 'M' 'M' 'U' 'M' 'M' 'M' 'M' 'M' 'M' 'M' 'U' 'M' 'M' 'M' 'M' 'M' 'M' 'U'
 'M' 'U' 'M' 'M' 'M' 'M' 'M' 'M' 'M' 'M' 'M' 'M' 'M' 'M' 'M' 'M' 'U' 'U'
 'M' 'M' 'M' 'U' 'M' 'M' 'M' 'M' 'M' 'M' 'M' 'M' 'A' 'M' 'M' 'M' 'M' 'M'
 'M' 'M' 'M' 'M' 'M' 'A' 'M' 'M' 'U' 'M' 'M' 'M' 'M' 'M' 'U' 'M' 'M' 'M']"
225801,0,169,7,162,29,0,0,"['A' 'M' 'M' 'M' 'M' 'M' 'M' 'M' 'M' 'M' 'M' 'M' 'A' 'M' 'M' 'M' 'U' 'M'
 'M' 'M' 'M' 'M' 'M' 'M' 'M' 'M' 'M' 'M' 'M' 'M' 'M' 'M' 'A' 'M' 'M' 'U'
 'M' 'M' 'M' 'M' 'M' 'U' 'M' 'M' 'U' 'M' 'M' 'M' 'M' 'M' 'M' 'M' 'M' 'M'
 'M' 'U' 'M' 'M' 'M' 'A' 'M' 'M' 'M' 'M' 'U' 'M' 'M' 'M' 'U' 'M' 'U' 'M'
 'M' 'M' 'M' 'U' 'M' 'M' 'M' 'M' 'M' 'M' 'M' 'M' 'M' 'M' 'M' 'M' 'M' 'M'
 'M' 'U' 'M' 'U' 'M' 'M' 'M' 'M' 'U' 'M' 'M' 'U' 'M' 'U' 'M' 'M' 'U' 'M'
 'M' 'M' 'U' 'U' 'M' 'M' 'U' 'U' 'M' 'M' 'M' 'M' 'M' 'M' 'M' 'M' 'M' 'M'
 'M' 'M' 'U' 'M' 'M' 'M' 'M' 'M' 'M' 'M' 'M' 'M' 'M' 'M' 'M' 'M' 'M' 'U'
 'M' 'U' 'M' 'M' 'M' 'M' 'M' 'M' 'M' 'M' 'M' 'M' 'M' 'U' 'M' 'U' 'U' 'U'
 'M' 'M' 'M' 'U' 'M' 'U' 'M' 'M' 'M' 'M' 'M' 'M' 'A' 'M' 'M' 'M' 'M' 'M'
 'M' 'M' 'M' 'M' 'M' 'A' 'M' 'M' 'A' 'M' 'M' 'M' 'M' 'M' 'U' 'M' 'M' 'M']"
225901,0,166,7,159,32,0,0,"['A' 'M' 'M' 'M' 'M' 'M' 'M' 'M' 'U' 'M' 'M' 'M' 'A' 'M' 'M' 'U' 'M' 'M'
 'M' 'M' 'M' 'M' 'M' 'M' 'M' 'M' 'M' 'M' 'M' 'M' 'M' 'U' 'A' 'M' 'M' 'U'
 'M' 'M' 'M' 'M' 'M' 'U' 'M' 'M' 'M' 'M' 'M' 'M' 'M' 'M' 'M' 'M' 'M' 'M'
 'M' 'U' 'M' 'M' 'M' 'A' 'M' 'M' 'M' 'M' 'U' 'M' 'M' 'M' 'M' 'M' 'U' 'M'
 'M' 'M' 'M' 'M' 'U' 'M' 'M' 'M' 'M' 'M' 'M' 'U' 'M' 'M' 'M' 'U' 'M' 'M'
 'M' 'U' 'M' 'M' 'M' 'U' 'M' 'M' 'U' 'U' 'M' 'U' 'M' 'M' 'M' 'M' 'M' 'M'
 'M' 'M' 'U' 'U' 'M' 'M' 'A' 'U' 'M' 'M' 'M' 'M' 'M' 'M' 'M' 'U' 'M' 'M'
 'M' 'M' 'M' 'M' 'U' 'M' 'M' 'M' 'M' 'M' 'U' 'M' 'M' 'M' 'M' 'U' 'M' 'M'
 'M' 'U' 'M' 'M' 'M' 'M' 'M' 'M' 'M' 'M' 'M' 'M' 'M' 'U' 'M' 'U' 'M' 'U'
 'M' 'M' 'M' 'U' 'M' 'U' 'M' 'M' 'M' 'M' 'M' 'M' 'A' 'M' 'U' 'M' 'M' 'M'
 'M' 'M' 'M' 'M' 'M' 'A' 'M' 'M' 'U' 'M' 'M' 'M' 'M' 'M' 'U' 'M' 'M' 'M']"
226001,0,160,6,154,38,0,1,"['A' 'M' 'M' 'M' 'U' 'M' 'M' 'M' 'U' 'M' 'M' 'M' 'A' 'U' 'M' 'U' 'U' 'M'
 'M' 'U' 'M' 'M' 'M' 'M' 'M' 'M' 'M' 'M' 'M' 'M' 'M' 'U' 'A' 'M' 'M' 'U'
 'M' 'M' 'U' 'M' 'M' 'U' 'M' 'M' 'M' 'M' 'M' 'M' 'M' 'M' 'M' 'M' 'M' 'M'
 'M' 'U' 'M' 'M' 'M' 'A' 'M' 'U' 'M' 'M' 'M' 'M' 'M' 'M' 'U' 'M' 'M' 'U'
 'M' 'M' 'M' 'M' 'M' 'U' 'M' 'U' 'M' 'U' 'M' 'M' 'M' 'M' 'M' 'M' 'M' 'M'
 'M' 'M' 'M' 'M' 'M' 'M' 'M' 'M' 'U' 'U' 'M' 'U' 'M' 'M' 'M' 'M' 'M' 'M'
 'M' 'M' 'U' 'M' 'M' 'M' 'A' 'U' 'M' 'M' 'M' 'M' 'M' 'M' 'M' 'U' 'M' 'M'
 'U' 'M' 'M' 'M' 'U' 'M' 'U' 'U' 'M' 'M' 'U' 'U' 'U' 'M' 'M' 'U' 'M' 'M'
 'M' 'U' 'M' 'M' 'M' 'M' 'M' 'M' 'M' 'M' 'M' 'M' 'M' 'U' 'M' 'M' 'M' 'U'
 'M' 'M' 'M' 'U' 'M' 'U' 'M' 'M' 'M' 'M' 'M' 'M' 'M' 'M' 'M' 'M' 'M' 'M'
 'M' 'M' 'M' 'M' 'M' 'A' 'M' 'M' 'M' 'M' 'M' 'M' 'M' 'M' 'U' 'M' 'M' 'U']"
226101,0,159,5,154,39,0,0,"['A' 'M' 'U' 'M' 'U' 'M' 'M' 'M' 'U' 'M' 'M' 'M' 'U' 'M' 'M' 'U' 'U' 'M'
 'M' 'U' 'M' 'M' 'M' 'M' 'M' 'M' 'M' 'M' 'M' 'U' 'M' 'U' 'M' 'M' 'M' 'U'
 'M' 'M' 'U' 'M' 'M' 'U' 'M' 'M' 'M' 'M' 'M' 'M' 'M' 'M' 'M' 'M' 'M' 'M'
 'M' 'M' 'M' 'U' 'M' 'A' 'M' 'U' 'M' 'M' 'M' 'M' 'M' 'M' 'M' 'M' 'M' 'M'
 'M' 'M' 'M' 'M' 'M' 'M' 'M' 'U' 'U' 'U' 'M' 'M' 'M' 'M' 'M' 'M' 'U' 'M'
 'U' 'M' 'M' 'M' 'M' 'M' 'M' 'M' 'M' 'U' 'M' 'U' 'M' 'M' 'M' 'M' 'M' 'M'
 'M' 'M' 'U' 'M' 'M' 'M' 'A' 'U' 'M' 'M' 'M' 'M' 'M' 'M' 'U' 'M' 'M' 'M'
 'U' 'M' 'M' 'M' 'M' 'M' 'M' 'U' 'M' 'M' 'M' 'M' 'U' 'M' 'M' 'M' 'M' 'M'
 'M' 'U' 'M' 'M' 'M' 'M' 'M' 'M' 'M' 'U' 'M' 'M' 'M' 'U' 'M' 'M' 'M' 'M'
 'M' 'M' 'M' 'U' 'M' 'U' 'M' 'M' 'M' 'M' 'U' 'M' 'M' 'M' 'M' 'M' 'U' 'U'
 'M' 'A' 'M' 'U' 'M' 'A' 'M' 'M' 'M' 'M' 'M' 'U' 'M' 'M' 'U' 'M' 'M' 'U']"
226201,0,162,4,158,36,0,0,"['A' 'M' 'U' 'M' 'U' 'M' 'M' 'M' 'U' 'M' 'M' 'M' 'M' 'M' 'M' 'U' 'M' 'M'
 'M' 'U' 'M' 'M' 'M' 'M' 'M' 'M' 'M' 'M' 'M' 'U' 'M' 'U' 'M' 'M' 'M' 'M'
 'M' 'M' 'U' 'M' 'M' 'U' 'M' 'M' 'M' 'M' 'M' 'M' 'M' 'M' 'M' 'M' 'M' 'M'
 'M' 'M' 'M' 'U' 'M' 'U' 'M' 'U' 'M' 'M' 'M' 'U' 'M' 'M' 'M' 'M' 'M' 'M'
 'M' 'M' 'M' 'M' 'M' 'M' 'M' 'M' 'M' 'M' 'M' 'M' 'M' 'U' 'M' 'M' 'U' 'M'
 'M' 'U' 'M' 'U' 'M' 'M' 'M' 'M' 'M' 'U' 'M' 'U' 'M' 'M' 'M' 'M' 'M' 'M'
 'M' 'M' 'U' 'M' 'M' 'M' 'A' 'U' 'M' 'M' 'M' 'M' 'M' 'M' 'U' 'M' 'M' 'M'
 'M' 'M' 'M' 'M' 'M' 'M' 'M' 'M' 'M' 'M' 'M' 'A' 'U' 'M' 'M' 'M' 'M' 'M'
 'M' 'U' 'M' 'M' 'M' 'M' 'M' 'M' 'M' 'U' 'M' 'M' 'M' 'U' 'M' 'M' 'M' 'M'
 'M' 'M' 'M' 'U' 'M' 'M' 'M' 'M' 'M' 'M' 'U' 'M' 'U' 'M' 'M' 'M' 'U' 'U'
 'M' 'A' 'M' 'U' 'M' 'U' 'M' 'M' 'M' 'M' 'M' 'U' 'M' 'M' 'U' 'M' 'M' 'U']"
226301,0,163,3,160,35,0,0,"['A' 'M' 'U' 'M' 'M' 'M' 'U' 'U' 'U' 'M' 'M' 'M' 'M' 'M' 'M' 'U' 'M' 'M'
 'M' 'U' 'M' 'M' 'M' 'U' 'M' 'M' 'M' 'M' 'U' 'U' 'M' 'U' 'M' 'M' 'M' 'M'
 'M' 'M' 'U' 'U' 'M' 'U' 'M' 'M' 'M' 'M' 'M' 'M' 'M' 'M' 'M' 'M' 'M' 'M'
 'M' 'M' 'M' 'U' 'M' 'U' 'M' 'M' 'M' 'M' 'U' 'M' 'M' 'M' 'M' 'M' 'M' 'M'
 'U' 'M' 'M' 'M' 'U' 'M' 'M' 'M' 'M' 'M' 'M' 'M' 'M' 'M' 'U' 'M' 'U' 'M'
 'M' 'M' 'U' 'M' 'M' 'M' 'U' 'M' 'M' 'U' 'M' 'U' 'M' 'M' 'M' 'M' 'M' 'M'
 'M' 'M' 'U' 'M' 'M' 'M' 'A' 'U' 'M' 'M' 'M' 'M' 'M' 'M' 'M' 'M' 'M' 'U'
 'M' 'M' 'M' 'M' 'M' 'M' 'M' 'M' 'M' 'M' 'M' 'U' 'U' 'M' 'M' 'M' 'M' 'M'
 'M' 'U' 'M' 'M' 'M' 'M' 'M' 'M' 'M' 'U' 'M' 'M' 'M' 'M' 'M' 'M' 'M' 'M'
 'M' 'M' 'M' 'M' 'M' 'M' 'M' 'M' 'M' 'M' 'U' 'M' 'M' 'M' 'M' 'M' 'U' 'U'
 'M' 'A' 'M' 'M' 'M' 'M' 'M' 'M' 'M' 'M' 'M' 'M' 'M' 'M' 'U' 'M' 'M' 'M']"
226401,0,171,3,168,27,0,0,"['A' 'M' 'U' 'M' 'M' 'M' 'U' 'U' 'M' 'M' 'M' 'M' 'M' 'M' 'M' 'M' 'M' 'M'
 'M' 'M' 'M' 'M' 'M' 'M' 'M' 'M' 'M' 'M' 'M' 'U' 'M' 'U' 'M' 'M' 'M' 'M'
 'M' 'M' 'U' 'U' 'M' 'U' 'M' 'M' 'M' 'M' 'M' 'M' 'M' 'M' 'M' 'M' 'M' 'U'
 'M' 'M' 'M' 'U' 'M' 'U' 'M' 'M' 'M' 'M' 'U' 'M' 'M' 'M' 'M' 'M' 'M' 'M'
 'M' 'M' 'M' 'M' 'M' 'M' 'M' 'U' 'U' 'M' 'M' 'U' 'M' 'M' 'M' 'M' 'M' 'U'
 'M' 'M' 'M' 'U' 'M' 'M' 'U' 'M' 'M' 'M' 'M' 'U' 'M' 'M' 'M' 'M' 'M' 'M'
 'M' 'M' 'U' 'M' 'M' 'M' 'A' 'U' 'M' 'M' 'M' 'M' 'M' 'M' 'M' 'M' 'M' 'M'
 'M' 'M' 'M' 'M' 'M' 'M' 'M' 'M' 'M' 'M' 'M' 'U' 'U' 'M' 'M' 'M' 'M' 'M'
 'M' 'U' 'M' 'M' 'M' 'M' 'M' 'M' 'M' 'U' 'M' 'M' 'M' 'M' 'M' 'M' 'M' 'M'
 'M' 'M' 'M' 'U' 'M' 'M' 'M' 'M' 'M' 'M' 'M' 'M' 'M' 'M' 'M' 'M' 'M' 'U'
 'M' 'A' 'M' 'M' 'M' 'M' 'M' 'M' 'M' 'M' 'M' 'M' 'M' 'M' 'M' 'M' 'M' 'M']"
226501,0,170,4,166,28,0,0,"['A' 'M' 'U' 'U' 'M' 'M' 'U' 'U' 'M' 'M' 'M' 'M' 'M' 'M' 'M' 'M' 'M' 'M'
 'U' 'M' 'M' 'M' 'M' 'M' 'M' 'M' 'M' 'M' 'M' 'M' 'M' 'U' 'M' 'U' 'M' 'M'
 'M' 'M' 'U' 'U' 'M' 'M' 'M' 'M' 'M' 'M' 'M' 'M' 'M' 'M' 'M' 'M' 'M' 'U'
 'M' 'M' 'M' 'U' 'M' 'U' 'U' 'M' 'M' 'M' 'U' 'U' 'M' 'M' 'M' 'M' 'M' 'M'
 'U' 'U' 'M' 'M' 'M' 'M' 'U' 'M' 'U' 'M' 'M' 'M' 'M' 'M' 'M' 'M' 'M' 'M'
 'M' 'M' 'M' 'M' 'M' 'M' 'U' 'M' 'M' 'M' 'M' 'M' 'M' 'A' 'M' 'M' 'M' 'M'
 'M' 'M' 'U' 'M' 'M' 'U' 'A' 'M' 'M' 'M' 'M' 'M' 'M' 'M' 'M' 'M' 'M' 'M'
 'U' 'M' 'M' 'M' 'M' 'M' 'M' 'M' 'M' 'M' 'M' 'U' 'U' 'M' 'M' 'M' 'M' 'M'
 'M' 'U' 'M' 'M' 'M' 'M' 'M' 'M' 'M' 'U' 'M' 'M' 'M' 'M' 'M' 'M' 'M' 'M'
 'M' 'M' 'M' 'U' 'M' 'M' 'M' 'M' 'M' 'M' 'M' 'M' 'M' 'M' 'M' 'M' 'M' 'M'
 'M' 'A' 'M' 'M' 'M' 'M' 'M' 'M' 'M' 'M' 'M' 'M' 'M' 'M' 'M' 'M' 'M' 'M']"
226601,0,165,3,162,33,0,0,"['A' 'M' 'M' 'U' 'M' 'M' 'U' 'U' 'U' 'M' 'M' 'M' 'M' 'M' 'M' 'M' 'M' 'M'
 'U' 'M' 'M' 'M' 'M' 'M' 'M' 'M' 'M' 'M' 'M' 'M' 'M' 'U' 'M' 'U' 'M' 'M'
 'M' 'M' 'U' 'U' 'M' 'M' 'M' 'M' 'M' 'M' 'M' 'M' 'M' 'M' 'M' 'M' 'U' 'U'
 'M' 'M' 'M' 'U' 'M' 'U' 'U' 'M' 'M' 'M' 'U' 'M' 'M' 'M' 'M' 'M' 'U' 'M'
 'M' 'M' 'M' 'M' 'M' 'M' 'U' 'M' 'U' 'M' 'U' 'M' 'M' 'M' 'M' 'M' 'M' 'M'
 'M' 'U' 'M' 'M' 'M' 'M' 'U' 'M' 'M' 'M' 'M' 'M' 'M' 'A' 'M' 'M' 'M' 'U'
 'M' 'M' 'U' 'M' 'M' 'M' 'A' 'M' 'M' 'M' 'M' 'M' 'M' 'M' 'M' 'M' 'M' 'U'
 'M' 'M' 'M' 'M' 'M' 'M' 'M' 'M' 'M' 'M' 'M' 'M' 'M' 'U' 'M' 'M' 'M' 'M'
 'M' 'U' 'M' 'M' 'M' 'M' 'M' 'M' 'M' 'U' 'U' 'M' 'M' 'M' 'U' 'M' 'M' 'M'
 'M' 'M' 'M' 'U' 'M' 'M' 'M' 'M' 'M' 'M' 'U' 'U' 'M' 'M' 'M' 'M' 'M' 'M'
 'M' 'U' 'M' 'M' 'M' 'M' 'M' 'M' 'M' 'M' 'M' 'M' 'M' 'M' 'M' 'M' 'M' 'M']"
226701,0,169,3,166,29,0,0,"['A' 'M' 'M' 'U' 'M' 'U' 'U' 'M' 'U' 'M' 'M' 'M' 'M' 'M' 'M' 'M' 'M' 'M'
 'U' 'M' 'M' 'M' 'M' 'M' 'M' 'M' 'M' 'M' 'M' 'M' 'M' 'U' 'M' 'U' 'M' 'M'
 'M' 'M' 'U' 'M' 'M' 'M' 'M' 'M' 'M' 'M' 'M' 'M' 'U' 'M' 'M' 'M' 'U' 'M'
 'M' 'M' 'M' 'U' 'M' 'U' 'U' 'M' 'M' 'M' 'U' 'M' 'M' 'M' 'M' 'M' 'M' 'M'
 'M' 'U' 'M' 'M' 'M' 'M' 'M' 'M' 'M' 'M' 'M' 'M' 'M' 'U' 'M' 'U' 'M' 'M'
 'U' 'M' 'M' 'U' 'M' 'M' 'M' 'M' 'M' 'M' 'M' 'M' 'M' 'A' 'M' 'M' 'M' 'M'
 'M' 'M' 'M' 'M' 'M' 'M' 'A' 'M' 'M' 'M' 'M' 'M' 'M' 'M' 'M' 'M' 'M' 'U'
 'M' 'M' 'M' 'M' 'M' 'M' 'M' 'M' 'M' 'M' 'M' 'M' 'M' 'U' 'U' 'M' 'M' 'M'
 'M' 'U' 'M' 'M' 'M' 'M' 'M' 'M' 'U' 'M' 'U' 'M' 'M' 'M' 'U' 'M' 'M' 'M'
 'M' 'M' 'M' 'U' 'M' 'M' 'M' 'M' 'M' 'M' 'U' 'U' 'M' 'M' 'M' 'M' 'M' 'M'
 'M' 'M' 'M' 'M' 'M' 'M' 'M' 'M' 'M' 'M' 'M' 'M' 'M' 'M' 'M' 'M' 'M' 'M']"
226801,0,167,3,164,31,0,0,"['A' 'M' 'M' 'M' 'M' 'U' 'U' 'M' 'U' 'M' 'M' 'M' 'M' 'M' 'M' 'M' 'M' 'M'
 'U' 'M' 'U' 'M' 'M' 'M' 'M' 'M' 'M' 'M' 'M' 'M' 'M' 'U' 'M' 'U' 'M' 'M'
 'M' 'M' 'U' 'M' 'M' 'M' 'M' 'M' 'M' 'M' 'M' 'M' 'M' 'M' 'M' 'M' 'U' 'M'
 'M' 'M' 'M' 'U' 'M' 'U' 'U' 'M' 'M' 'M' 'U' 'M' 'M' 'M' 'M' 'M' 'M' 'U'
 'M' 'M' 'M' 'U' 'M' 'M' 'M' 'M' 'U' 'M' 'M' 'U' 'U' 'M' 'M' 'M' 'M' 'M'
 'M' 'M' 'M' 'M' 'M' 'M' 'M' 'M' 'M' 'M' 'M' 'M' 'M' 'A' 'M' 'M' 'M' 'M'
 'M' 'M' 'M' 'M' 'M' 'M' 'A' 'M' 'M' 'M' 'M' 'M' 'M' 'M' 'M' 'M' 'M' 'U'
 'M' 'M' 'M' 'M' 'M' 'M' 'M' 'M' 'M' 'M' 'M' 'M' 'M' 'U' 'U' 'M' 'M' 'M'
 'U' 'U' 'M' 'M' 'M' 'M' 'M' 'M' 'M' 'M' 'U' 'M' 'M' 'M' 'U' 'M' 'M' 'M'
 'M' 'U' 'M' 'U' 'M' 'M' 'M' 'M' 'M' 'M' 'U' 'U' 'M' 'M' 'M' 'M' 'M' 'M'
 'M' 'M' 'M' 'M' 'M' 'M' 'M' 'M' 'M' 'M' 'U' 'M' 'M' 'M' 'M' 'U' 'M' 'M']"
226901,0,168,2,166,30,1,0,"['A' 'M' 'M' 'M' 'M' 'M' 'U' 'M' 'U' 'M' 'M' 'M' 'M' 'M' 'M' 'M' 'M' 'M'
 'U' 'M' 'M' 'M' 'U' 'M' 'M' 'M' 'M' 'M' 'M' 'M' 'M' 'M' 'M' 'M' 'M' 'M'
 'M' 'M' 'U' 'M' 'M' 'M' 'M' 'M' 'M' 'M' 'M' 'M' 'M' 'M' 'M' 'M' 'M' 'M'
 'M' 'M' 'M' 'U' 'M' 'M' 'U' 'M' 'M' 'M' 'U' 'M' 'U' 'M' 'M' 'M' 'M' 'M'
 'M' 'M' 'M' 'M' 'U' 'M' 'M' 'M' 'M' 'M' 'M' 'M' 'M' 'U' 'M' 'M' 'M' 'M'
 'U' 'M' 'U' 'M' 'M' 'M' 'M' 'M' 'M' 'M' 'M' 'M' 'M' 'A' 'M' 'M' 'U' 'M'
 'M' 'M' 'M' 'M' 'M' 'M' 'M' 'M' 'M' 'M' 'M' 'M' 'M' 'M' 'M' 'U' 'M' 'M'
 'M' 'M' 'M' 'M' 'M' 'M' 'U' 'M' 'M' 'M' 'M' 'M' 'M' 'U' 'U' 'M' 'M' 'M'
 'U' 'U' 'M' 'M' 'M' 'M' 'M' 'M' 'M' 'M' 'M' 'M' 'M' 'M' 'U' 'M' 'M' 'M'
 'M' 'U' 'M' 'U' 'U' 'M' 'M' 'M' 'M' 'M' 'U' 'U' 'M' 'M' 'M' 'M' 'M' 'M'
 'M' 'M' 'M' 'M' 'M' 'M' 'M' 'M' 'M' 'M' 'U' 'U' 'U' 'M' 'M' 'M' 'U' 'M']"
227001,0,166,1,165,32,0,0,"['A' 'M' 'M' 'M' 'M' 'M' 'U' 'M' 'U' 'M' 'M' 'M' 'M' 'M' 'M' 'M' 'M' 'M'
 'U' 'M' 'M' 'M' 'U' 'M' 'M' 'M' 'M' 'M' 'M' 'M' 'M' 'U' 'M' 'M' 'M' 'M'
 'M' 'M' 'U' 'M' 'M' 'M' 'M' 'M' 'M' 'M' 'M' 'M' 'M' 'M' 'M' 'M' 'U' 'M'
 'M' 'M' 'M' 'U' 'M' 'M' 'M' 'M' 'M' 'M' 'M' 'M' 'M' 'M' 'M' 'M' 'M' 'M'
 'M' 'M' 'M' 'M' 'M' 'M' 'M' 'M' 'M' 'M' 'M' 'U' 'U' 'U' 'M' 'M' 'U' 'M'
 'U' 'M' 'M' 'M' 'M' 'M' 'M' 'U' 'M' 'M' 'M' 'M' 'M' 'U' 'M' 'M' 'M' 'M'
 'U' 'M' 'M' 'M' 'U' 'M' 'M' 'M' 'M' 'M' 'M' 'M' 'U' 'M' 'U' 'M' 'M' 'M'
 'M' 'M' 'M' 'M' 'U' 'M' 'M' 'M' 'M' 'M' 'M' 'M' 'M' 'U' 'U' 'M' 'M' 'M'
 'U' 'M' 'M' 'U' 'M' 'M' 'M' 'M' 'M' 'M' 'M' 'M' 'M' 'M' 'U' 'M' 'M' 'M'
 'M' 'U' 'M' 'U' 'U' 'M' 'M' 'M' 'M' 'M' 'M' 'U' 'M' 'M' 'M' 'M' 'M' 'M'
 'M' 'M' 'M' 'M' 'M' 'M' 'M' 'M' 'M' 'M' 'U' 'U' 'M' 'M' 'M' 'M' 'U' 'M']"
227101,0,158,3,155,40,0,0,"['A' 'M' 'M' 'M' 'M' 'M' 'U' 'M' 'U' 'U' 'M' 'M' 'M' 'M' 'U' 'M' 'M' 'M'
 'U' 'M' 'U' 'M' 'M' 'M' 'M' 'M' 'M' 'M' 'M' 'M' 'M' 'U' 'M' 'M' 'M' 'M'
 'M' 'M' 'M' 'M' 'M' 'M' 'M' 'M' 'M' 'M' 'U' 'M' 'M' 'M' 'M' 'M' 'M' 'M'
 'M' 'M' 'M' 'U' 'M' 'M' 'M' 'M' 'M' 'M' 'M' 'U' 'M' 'M' 'M' 'M' 'U' 'M'
 'M' 'M' 'M' 'M' 'M' 'M' 'M' 'U' 'M' 'M' 'U' 'M' 'M' 'M' 'U' 'M' 'M' 'M'
 'M' 'M' 'M' 'M' 'M' 'M' 'M' 'U' 'M' 'M' 'M' 'M' 'M' 'U' 'M' 'M' 'M' 'M'
 'U' 'M' 'M' 'M' 'U' 'M' 'M' 'M' 'M' 'M' 'M' 'M' 'M' 'M' 'U' 'M' 'M' 'M'
 'U' 'M' 'M' 'M' 'U' 'M' 'U' 'M' 'M' 'U' 'U' 'U' 'U' 'U' 'U' 'M' 'M' 'M'
 'A' 'M' 'M' 'U' 'M' 'M' 'M' 'M' 'M' 'M' 'M' 'M' 'M' 'M' 'A' 'M' 'M' 'M'
 'M' 'U' 'M' 'U' 'U' 'M' 'M' 'M' 'M' 'M' 'U' 'U' 'M' 'U' 'M' 'M' 'M' 'M'
 'M' 'M' 'M' 'M' 'U' 'M' 'M' 'M' 'U' 'M' 'U' 'U' 'M' 'M' 'M' 'M' 'U' 'M']"
227201,0,162,3,159,36,0,0,"['A' 'M' 'M' 'M' 'M' 'M' 'U' 'M' 'M' 'U' 'M' 'M' 'M' 'M' 'U' 'M' 'M' 'M'
 'U' 'M' 'U' 'M' 'M' 'M' 'M' 'M' 'M' 'M' 'M' 'M' 'M' 'U' 'M' 'M' 'M' 'M'
 'M' 'M' 'M' 'M' 'M' 'M' 'M' 'M' 'M' 'M' 'U' 'M' 'M' 'M' 'M' 'M' 'M' 'M'
 'M' 'M' 'M' 'U' 'M' 'M' 'M' 'M' 'M' 'M' 'M' 'M' 'M' 'M' 'M' 'U' 'M' 'M'
 'U' 'M' 'M' 'M' 'M' 'M' 'M' 'M' 'M' 'M' 'M' 'M' 'U' 'M' 'M' 'M' 'M' 'M'
 'M' 'M' 'M' 'U' 'U' 'M' 'M' 'U' 'M' 'M' 'M' 'M' 'M' 'M' 'M' 'M' 'M' 'M'
 'U' 'M' 'M' 'M' 'M' 'M' 'M' 'M' 'M' 'M' 'U' 'M' 'M' 'U' 'U' 'M' 'M' 'M'
 'U' 'M' 'M' 'M' 'U' 'M' 'U' 'M' 'U' 'U' 'U' 'U' 'U' 'M' 'U' 'M' 'M' 'M'
 'A' 'M' 'M' 'U' 'M' 'M' 'M' 'M' 'M' 'M' 'M' 'M' 'M' 'M' 'A' 'M' 'M' 'M'
 'M' 'U' 'M' 'M' 'U' 'M' 'M' 'M' 'M' 'M' 'M' 'M' 'M' 'U' 'M' 'M' 'M' 'M'
 'M' 'M' 'M' 'M' 'U' 'M' 'M' 'M' 'U' 'M' 'U' 'U' 'M' 'M' 'M' 'M' 'U' 'M']"
227301,0,164,3,161,34,0,0,"['A' 'M' 'M' 'M' 'M' 'M' 'U' 'M' 'M' 'U' 'M' 'M' 'M' 'M' 'U' 'M' 'M' 'M'
 'U' 'M' 'U' 'M' 'M' 'M' 'M' 'M' 'M' 'M' 'M' 'M' 'M' 'M' 'M' 'M' 'M' 'M'
 'M' 'M' 'M' 'M' 'M' 'M' 'M' 'M' 'M' 'M' 'U' 'M' 'M' 'M' 'U' 'M' 'U' 'M'
 'M' 'M' 'M' 'U' 'M' 'M' 'M' 'M' 'M' 'M' 'M' 'M' 'M' 'M' 'M' 'M' 'M' 'M'
 'M' 'M' 'M' 'M' 'M' 'M' 'M' 'U' 'M' 'M' 'M' 'M' 'U' 'M' 'M' 'M' 'M' 'U'
 'M' 'U' 'U' 'M' 'M' 'M' 'M' 'U' 'M' 'M' 'M' 'M' 'M' 'M' 'M' 'M' 'M' 'M'
 'U' 'M' 'M' 'M' 'U' 'M' 'M' 'M' 'M' 'M' 'M' 'M' 'M' 'U' 'U' 'U' 'M' 'M'
 'M' 'M' 'M' 'U' 'U' 'M' 'M' 'M' 'U' 'M' 'U' 'U' 'M' 'M' 'U' 'M' 'M' 'M'
 'A' 'M' 'M' 'U' 'M' 'M' 'M' 'M' 'M' 'M' 'M' 'M' 'M' 'M' 'U' 'M' 'M' 'M'
 'M' 'U' 'M' 'M' 'U' 'M' 'M' 'M' 'M' 'M' 'M' 'M' 'M' 'U' 'M' 'M' 'M' 'M'
 'M' 'M' 'M' 'M' 'U' 'M' 'M' 'M' 'U' 'M' 'A' 'M' 'M' 'M' 'M' 'M' 'U' 'M']"
227401,0,163,5,158,35,0,0,"['A' 'M' 'M' 'M' 'M' 'M' 'U' 'M' 'M' 'U' 'M' 'M' 'M' 'M' 'U' 'M' 'M' 'M'
 'M' 'M' 'U' 'U' 'M' 'M' 'M' 'M' 'M' 'M' 'M' 'M' 'M' 'M' 'M' 'M' 'U' 'M'
 'M' 'M' 'M' 'M' 'M' 'M' 'M' 'M' 'M' 'U' 'A' 'M' 'M' 'M' 'U' 'M' 'U' 'M'
 'M' 'M' 'M' 'U' 'M' 'M' 'M' 'M' 'M' 'M' 'M' 'U' 'M' 'M' 'M' 'U' 'U' 'M'
 'M' 'M' 'M' 'M' 'M' 'M' 'M' 'M' 'M' 'M' 'M' 'M' 'M' 'M' 'M' 'M' 'U' 'M'
 'M' 'U' 'M' 'M' 'M' 'M' 'U' 'U' 'M' 'M' 'M' 'M' 'M' 'M' 'M' 'U' 'M' 'M'
 'M' 'M' 'A' 'M' 'U' 'M' 'M' 'M' 'M' 'M' 'M' 'M' 'M' 'U' 'U' 'M' 'M' 'M'
 'M' 'M' 'M' 'U' 'U' 'M' 'M' 'M' 'M' 'M' 'U' 'U' 'M' 'M' 'U' 'U' 'M' 'M'
 'A' 'M' 'M' 'U' 'M' 'M' 'M' 'M' 'M' 'M' 'M' 'M' 'M' 'M' 'U' 'M' 'M' 'M'
 'M' 'U' 'M' 'U' 'U' 'U' 'M' 'M' 'M' 'M' 'M' 'M' 'M' 'M' 'M' 'M' 'M' 'M'
 'M' 'M' 'M' 'M' 'M' 'M' 'M' 'M' 'U' 'M' 'A' 'M' 'M' 'M' 'M' 'M' 'U' 'M']"
227501,0,166,7,159,32,1,0,"['A' 'M' 'M' 'M' 'M' 'M' 'U' 'M' 'M' 'U' 'M' 'M' 'M' 'M' 'U' 'M' 'M' 'M'
 'M' 'M' 'U' 'U' 'M' 'M' 'M' 'M' 'M' 'M' 'M' 'M' 'M' 'M' 'M' 'M' 'U' 'M'
 'M' 'M' 'M' 'M' 'M' 'M' 'M' 'M' 'M' 'M' 'A' 'M' 'M' 'U' 'U' 'M' 'U' 'M'
 'M' 'M' 'M' 'U' 'M' 'M' 'M' 'M' 'M' 'M' 'M' 'M' 'M' 'M' 'M' 'M' 'M' 'M'
 'U' 'M' 'U' 'M' 'M' 'M' 'U' 'M' 'M' 'M' 'M' 'M' 'M' 'M' 'M' 'M' 'M' 'U'
 'M' 'U' 'M' 'M' 'M' 'M' 'A' 'M' 'M' 'M' 'M' 'M' 'M' 'M' 'M' 'U' 'M' 'M'
 'M' 'M' 'A' 'M' 'U' 'M' 'M' 'M' 'M' 'M' 'M' 'M' 'M' 'U' 'A' 'M' 'M' 'U'
 'M' 'M' 'M' 'M' 'U' 'M' 'M' 'M' 'M' 'M' 'M' 'M' 'M' 'M' 'M' 'U' 'M' 'U'
 'U' 'M' 'M' 'U' 'M' 'M' 'M' 'M' 'M' 'U' 'M' 'M' 'M' 'M' 'U' 'U' 'U' 'M'
 'M' 'U' 'M' 'U' 'A' 'M' 'M' 'M' 'M' 'M' 'M' 'M' 'M' 'M' 'M' 'M' 'M' 'M'
 'M' 'M' 'M' 'M' 'M' 'M' 'M' 'M' 'M' 'M' 'A' 'M' 'U' 'M' 'M' 'M' 'U' 'M']"
227601,0,166,8,158,32,0,0,"['A' 'M' 'M' 'M' 'M' 'U' 'U' 'M' 'M' 'M' 'M' 'M' 'M' 'M' 'U' 'M' 'M' 'M'
 'M' 'M' 'M' 'U' 'M' 'M' 'M' 'M' 'M' 'M' 'M' 'M' 'M' 'M' 'M' 'M' 'M' 'M'
 'M' 'M' 'M' 'M' 'U' 'U' 'M' 'M' 'M' 'U' 'A' 'M' 'M' 'M' 'U' 'M' 'A' 'M'
 'U' 'M' 'M' 'U' 'M' 'M' 'M' 'M' 'M' 'M' 'M' 'M' 'M' 'M' 'M' 'U' 'M' 'M'
 'M' 'M' 'M' 'M' 'M' 'U' 'M' 'M' 'M' 'M' 'U' 'M' 'M' 'M' 'M' 'U' 'U' 'M'
 'M' 'M' 'M' 'M' 'M' 'M' 'A' 'M' 'M' 'M' 'M' 'M' 'M' 'M' 'M' 'M' 'M' 'M'
 'M' 'M' 'A' 'M' 'U' 'M' 'M' 'M' 'M' 'M' 'M' 'M' 'M' 'U' 'A' 'M' 'M' 'U'
 'M' 'M' 'M' 'M' 'U' 'M' 'M' 'M' 'U' 'M' 'M' 'M' 'M' 'M' 'M' 'M' 'M' 'U'
 'U' 'M' 'M' 'U' 'M' 'M' 'M' 'M' 'M' 'U' 'M' 'M' 'M' 'M' 'U' 'M' 'U' 'M'
 'M' 'M' 'M' 'U' 'A' 'M' 'M' 'M' 'M' 'M' 'M' 'M' 'U' 'M' 'U' 'M' 'M' 'M'
 'M' 'M' 'M' 'M' 'M' 'M' 'M' 'M' 'M' 'M' 'A' 'M' 'U' 'M' 'M' 'U' 'U' 'M']"
227701,0,162,8,154,36,0,0,"['A' 'U' 'M' 'M' 'U' 'U' 'M' 'M' 'M' 'U' 'M' 'U' 'M' 'M' 'U' 'M' 'M' 'M'
 'M' 'M' 'M' 'M' 'U' 'M' 'U' 'M' 'M' 'M' 'U' 'M' 'M' 'M' 'M' 'M' 'M' 'M'
 'M' 'M' 'M' 'M' 'U' 'U' 'M' 'M' 'M' 'U' 'A' 'M' 'M' 'M' 'U' 'M' 'U' 'M'
 'U' 'M' 'M' 'M' 'M' 'M' 'M' 'M' 'M' 'M' 'M' 'M' 'M' 'U' 'M' 'M' 'U' 'M'
 'M' 'M' 'M' 'M' 'M' 'M' 'M' 'M' 'U' 'M' 'U' 'M' 'M' 'M' 'M' 'M' 'M' 'M'
 'M' 'M' 'U' 'M' 'M' 'M' 'A' 'M' 'M' 'M' 'M' 'M' 'M' 'M' 'M' 'M' 'M' 'M'
 'M' 'M' 'A' 'M' 'A' 'M' 'M' 'M' 'M' 'M' 'M' 'M' 'M' 'U' 'A' 'M' 'M' 'U'
 'M' 'M' 'M' 'M' 'U' 'M' 'M' 'M' 'U' 'M' 'M' 'M' 'M' 'M' 'M' 'M' 'M' 'U'
 'U' 'U' 'M' 'U' 'M' 'M' 'M' 'M' 'M' 'U' 'M' 'M' 'M' 'M' 'U' 'M' 'U' 'M'
 'M' 'M' 'M' 'U' 'U' 'M' 'M' 'M' 'M' 'M' 'M' 'M' 'U' 'M' 'U' 'M' 'M' 'M'
 'M' 'M' 'M' 'M' 'M' 'M' 'M' 'M' 'M' 'M' 'A' 'A' 'M' 'M' 'M' 'U' 'M' 'M']"
227801,0,160,6,154,38,0,0,"['A' 'U' 'M' 'M' 'U' 'U' 'M' 'M' 'M' 'U' 'M' 'U' 'M' 'M' 'U' 'M' 'M' 'M'
 'M' 'M' 'M' 'M' 'U' 'M' 'U' 'M' 'M' 'M' 'M' 'M' 'M' 'M' 'M' 'M' 'M' 'M'
 'U' 'M' 'M' 'M' 'U' 'U' 'M' 'M' 'M' 'U' 'M' 'M' 'M' 'M' 'U' 'M' 'U' 'M'
 'U' 'M' 'M' 'M' 'M' 'U' 'U' 'M' 'M' 'M' 'M' 'U' 'M' 'M' 'M' 'M' 'M' 'M'
 'M' 'M' 'M' 'U' 'M' 'M' 'M' 'M' 'M' 'M' 'U' 'M' 'M' 'M' 'U' 'U' 'M' 'M'
 'M' 'M' 'M' 'M' 'M' 'M' 'A' 'M' 'M' 'M' 'M' 'M' 'M' 'M' 'M' 'M' 'M' 'M'
 'M' 'M' 'U' 'M' 'A' 'M' 'M' 'M' 'M' 'M' 'M' 'M' 'M' 'M' 'A' 'M' 'M' 'A'
 'M' 'M' 'M' 'M' 'U' 'M' 'M' 'M' 'M' 'M' 'M' 'M' 'M' 'M' 'M' 'M' 'M' 'M'
 'U' 'U' 'M' 'U' 'M' 'M' 'U' 'M' 'M' 'U' 'M' 'M' 'M' 'M' 'U' 'M' 'U' 'M'
 'M' 'M' 'M' 'U' 'U' 'M' 'M' 'M' 'M' 'M' 'M' 'M' 'U' 'M' 'U' 'M' 'M' 'M'
 'M' 'M' 'M' 'M' 'M' 'M' 'M' 'M' 'M' 'M' 'U' 'A' 'M' 'M' 'M' 'U' 'U' 'M']"
227901,0,162,6,156,36,0,0,"['A' 'U' 'M' 'M' 'U' 'U' 'M' 'M' 'M' 'U' 'M' 'M' 'M' 'M' 'U' 'U' 'M' 'M'
 'M' 'M' 'M' 'M' 'U' 'M' 'U' 'M' 'M' 'M' 'M' 'M' 'M' 'M' 'M' 'M' 'M' 'M'
 'M' 'M' 'M' 'M' 'U' 'U' 'M' 'M' 'M' 'U' 'M' 'M' 'U' 'M' 'M' 'M' 'M' 'M'
 'U' 'M' 'M' 'M' 'M' 'M' 'U' 'M' 'M' 'M' 'M' 'M' 'M' 'M' 'U' 'M' 'M' 'M'
 'U' 'M' 'M' 'M' 'M' 'M' 'M' 'U' 'U' 'M' 'U' 'M' 'M' 'M' 'M' 'M' 'M' 'M'
 'M' 'M' 'M' 'M' 'M' 'M' 'A' 'M' 'M' 'M' 'M' 'M' 'M' 'M' 'M' 'M' 'M' 'M'
 'M' 'M' 'U' 'M' 'U' 'M' 'M' 'M' 'M' 'M' 'M' 'M' 'M' 'M' 'A' 'M' 'M' 'A'
 'M' 'M' 'M' 'M' 'U' 'M' 'M' 'M' 'M' 'M' 'M' 'M' 'U' 'M' 'M' 'M' 'M' 'M'
 'M' 'U' 'M' 'U' 'M' 'M' 'U' 'M' 'M' 'U' 'M' 'M' 'M' 'M' 'M' 'M' 'U' 'M'
 'M' 'M' 'M' 'A' 'U' 'M' 'M' 'U' 'M' 'M' 'M' 'M' 'U' 'M' 'U' 'M' 'M' 'M'
 'M' 'A' 'M' 'M' 'M' 'M' 'M' 'M' 'U' 'M' 'U' 'U' 'M' 'M' 'M' 'M' 'U' 'M']"
228001,0,160,7,153,38,0,0,"['A' 'U' 'M' 'M' 'U' 'U' 'M' 'M' 'M' 'U' 'M' 'M' 'M' 'M' 'U' 'U' 'M' 'U'
 'M' 'M' 'M' 'M' 'U' 'M' 'U' 'M' 'M' 'M' 'M' 'M' 'M' 'M' 'M' 'M' 'M' 'M'
 'M' 'M' 'M' 'M' 'M' 'M' 'M' 'U' 'M' 'U' 'M' 'M' 'A' 'M' 'M' 'M' 'M' 'M'
 'U' 'M' 'M' 'M' 'M' 'M' 'U' 'M' 'M' 'M' 'M' 'M' 'M' 'M' 'M' 'M' 'M' 'M'
 'U' 'M' 'M' 'M' 'U' 'M' 'M' 'U' 'M' 'M' 'U' 'M' 'M' 'M' 'M' 'M' 'M' 'M'
 'U' 'M' 'M' 'M' 'M' 'M' 'U' 'M' 'M' 'M' 'M' 'M' 'M' 'M' 'M' 'M' 'M' 'M'
 'M' 'M' 'U' 'M' 'U' 'M' 'M' 'M' 'M' 'M' 'M' 'M' 'M' 'U' 'A' 'M' 'M' 'A'
 'M' 'M' 'M' 'M' 'U' 'M' 'M' 'M' 'M' 'M' 'M' 'M' 'U' 'M' 'M' 'M' 'M' 'M'
 'M' 'M' 'U' 'M' 'M' 'M' 'U' 'A' 'M' 'U' 'M' 'M' 'M' 'M' 'M' 'M' 'U' 'M'
 'M' 'M' 'M' 'A' 'U' 'M' 'M' 'U' 'M' 'M' 'M' 'U' 'U' 'M' 'U' 'M' 'M' 'M'
 'M' 'U' 'M' 'M' 'M' 'M' 'M' 'M' 'A' 'M' 'U' 'U' 'U' 'M' 'M' 'M' 'U' 'M']"
228101,0,167,5,162,31,0,0,"['A' 'M' 'M' 'M' 'M' 'U' 'M' 'M' 'M' 'U' 'M' 'M' 'M' 'M' 'U' 'U' 'M' 'M'
 'M' 'M' 'M' 'M' 'U' 'M' 'U' 'M' 'M' 'M' 'M' 'M' 'M' 'M' 'M' 'U' 'M' 'M'
 'M' 'M' 'M' 'M' 'M' 'M' 'M' 'U' 'M' 'M' 'M' 'M' 'U' 'M' 'M' 'M' 'M' 'M'
 'U' 'M' 'M' 'M' 'U' 'M' 'U' 'M' 'M' 'M' 'M' 'M' 'M' 'M' 'M' 'M' 'M' 'M'
 'M' 'M' 'M' 'M' 'M' 'M' 'M' 'M' 'U' 'M' 'M' 'M' 'M' 'M' 'M' 'U' 'U' 'U'
 'M' 'U' 'M' 'M' 'M' 'M' 'M' 'M' 'M' 'M' 'M' 'M' 'M' 'M' 'M' 'M' 'M' 'M'
 'M' 'M' 'U' 'M' 'M' 'M' 'M' 'M' 'M' 'M' 'M' 'U' 'M' 'U' 'A' 'M' 'M' 'A'
 'M' 'M' 'M' 'M' 'U' 'M' 'M' 'M' 'M' 'M' 'M' 'M' 'M' 'M' 'M' 'M' 'M' 'M'
 'M' 'M' 'U' 'M' 'M' 'M' 'U' 'A' 'M' 'U' 'M' 'M' 'M' 'M' 'M' 'M' 'M' 'M'
 'M' 'M' 'M' 'A' 'U' 'M' 'M' 'U' 'M' 'M' 'M' 'M' 'U' 'M' 'M' 'M' 'M' 'M'
 'M' 'M' 'M' 'M' 'M' 'M' 'M' 'M' 'M' 'M' 'U' 'U' 'U' 'M' 'M' 'M' 'U' 'M']"
228201,0,170,4,166,28,0,0,"['A' 'M' 'M' 'M' 'M' 'M' 'M' 'M' 'M' 'U' 'M' 'M' 'M' 'M' 'U' 'U' 'M' 'M'
 'M' 'M' 'M' 'M' 'M' 'M' 'M' 'M' 'M' 'M' 'M' 'M' 'M' 'M' 'M' 'U' 'M' 'M'
 'M' 'M' 'M' 'M' 'M' 'M' 'M' 'U' 'M' 'U' 'M' 'M' 'M' 'M' 'M' 'M' 'M' 'M'
 'U' 'M' 'M' 'M' 'M' 'M' 'U' 'M' 'M' 'M' 'M' 'M' 'M' 'U' 'M' 'M' 'M' 'U'
 'M' 'M' 'M' 'M' 'M' 'M' 'M' 'U' 'M' 'M' 'M' 'M' 'M' 'M' 'U' 'M' 'M' 'M'
 'M' 'M' 'M' 'M' 'U' 'M' 'M' 'M' 'M' 'M' 'M' 'M' 'M' 'M' 'M' 'M' 'M' 'M'
 'M' 'M' 'U' 'M' 'M' 'M' 'M' 'M' 'M' 'M' 'M' 'U' 'M' 'M' 'A' 'M' 'M' 'A'
 'M' 'M' 'M' 'M' 'U' 'M' 'M' 'M' 'M' 'M' 'M' 'M' 'M' 'M' 'M' 'M' 'M' 'M'
 'M' 'M' 'U' 'U' 'M' 'M' 'M' 'U' 'M' 'U' 'M' 'M' 'M' 'M' 'M' 'M' 'U' 'M'
 'M' 'M' 'M' 'A' 'M' 'M' 'M' 'U' 'M' 'M' 'M' 'M' 'U' 'M' 'U' 'M' 'M' 'M'
 'M' 'M' 'M' 'M' 'M' 'M' 'M' 'M' 'M' 'M' 'U' 'U' 'U' 'M' 'M' 'M' 'U' 'M']"
228301,0,175,4,171,23,0,0,"['A' 'M' 'M' 'M' 'U' 'M' 'M' 'M' 'M' 'U' 'M' 'M' 'M' 'M' 'U' 'U' 'M' 'M'
 'M' 'M' 'M' 'M' 'M' 'M' 'M' 'M' 'M' 'M' 'M' 'M' 'M' 'M' 'M' 'U' 'M' 'M'
 'U' 'M' 'M' 'M' 'M' 'M' 'M' 'U' 'M' 'U' 'M' 'M' 'M' 'M' 'U' 'M' 'M' 'M'
 'M' 'M' 'M' 'M' 'M' 'M' 'U' 'M' 'M' 'M' 'M' 'M' 'M' 'M' 'U' 'M' 'M' 'M'
 'M' 'M' 'M' 'M' 'M' 'M' 'M' 'M' 'M' 'M' 'M' 'M' 'M' 'M' 'U' 'U' 'M' 'M'
 'U' 'M' 'M' 'U' 'M' 'M' 'M' 'M' 'M' 'M' 'M' 'U' 'M' 'M' 'M' 'M' 'M' 'M'
 'M' 'M' 'U' 'M' 'M' 'M' 'M' 'M' 'M' 'M' 'M' 'M' 'M' 'M' 'M' 'M' 'M' 'A'
 'M' 'M' 'M' 'M' 'M' 'M' 'M' 'M' 'M' 'M' 'M' 'M' 'M' 'M' 'M' 'M' 'M' 'M'
 'M' 'M' 'U' 'M' 'M' 'M' 'M' 'A' 'U' 'U' 'M' 'M' 'M' 'M' 'M' 'U' 'M' 'M'
 'M' 'M' 'M' 'A' 'M' 'M' 'M' 'M' 'M' 'M' 'M' 'M' 'M' 'M' 'U' 'M' 'M' 'M'
 'M' 'M' 'M' 'M' 'M' 'M' 'M' 'M' 'M' 'M' 'U' 'M' 'M' 'M' 'M' 'M' 'M' 'M']"
228401,0,170,4,166,28,0,0,"['A' 'M' 'M' 'M' 'M' 'M' 'M' 'M' 'M' 'M' 'M' 'M' 'M' 'A' 'U' 'U' 'M' 'M'
 'M' 'M' 'U' 'M' 'M' 'M' 'M' 'M' 'U' 'M' 'M' 'M' 'M' 'M' 'M' 'U' 'M' 'M'
 'U' 'M' 'M' 'M' 'M' 'M' 'M' 'U' 'M' 'U' 'M' 'M' 'U' 'M' 'U' 'M' 'M' 'M'
 'M' 'M' 'M' 'M' 'M' 'M' 'U' 'M' 'M' 'M' 'M' 'M' 'M' 'U' 'M' 'M' 'M' 'M'
 'U' 'U' 'M' 'M' 'M' 'M' 'M' 'M' 'M' 'M' 'M' 'M' 'M' 'M' 'U' 'M' 'M' 'M'
 'M' 'M' 'U' 'M' 'M' 'M' 'M' 'M' 'M' 'M' 'M' 'U' 'U' 'M' 'M' 'M' 'U' 'M'
 'M' 'M' 'U' 'M' 'M' 'M' 'M' 'M' 'M' 'M' 'U' 'M' 'M' 'M' 'M' 'M' 'M' 'A'
 'M' 'M' 'M' 'M' 'M' 'M' 'M' 'U' 'M' 'M' 'M' 'M' 'M' 'M' 'M' 'U' 'M' 'M'
 'M' 'M' 'U' 'M' 'U' 'M' 'M' 'A' 'M' 'U' 'M' 'M' 'M' 'M' 'M' 'M' 'M' 'M'
 'M' 'M' 'M' 'U' 'M' 'M' 'M' 'M' 'M' 'M' 'M' 'M' 'M' 'M' 'U' 'M' 'M' 'M'
 'M' 'M' 'M' 'M' 'M' 'M' 'M' 'M' 'M' 'M' 'M' 'M' 'M' 'M' 'M' 'M' 'M' 'M']"
228501,0,168,2,166,30,0,0,"['A' 'M' 'M' 'M' 'M' 'M' 'M' 'M' 'M' 'M' 'M' 'M' 'M' 'A' 'U' 'M' 'M' 'M'
 'M' 'M' 'U' 'M' 'M' 'M' 'M' 'M' 'U' 'M' 'M' 'U' 'M' 'M' 'M' 'U' 'M' 'M'
 'M' 'U' 'M' 'M' 'M' 'M' 'M' 'M' 'M' 'U' 'M' 'M' 'U' 'M' 'U' 'M' 'M' 'M'
 'M' 'M' 'M' 'M' 'M' 'M' 'U' 'M' 'M' 'M' 'M' 'U' 'M' 'M' 'M' 'M' 'M' 'M'
 'U' 'M' 'M' 'M' 'M' 'M' 'M' 'U' 'M' 'M' 'M' 'M' 'M' 'M' 'M' 'M' 'M' 'M'
 'M' 'U' 'U' 'M' 'M' 'M' 'M' 'M' 'M' 'M' 'M' 'U' 'M' 'M' 'M' 'M' 'U' 'M'
 'M' 'M' 'U' 'M' 'M' 'U' 'M' 'M' 'M' 'M' 'M' 'M' 'M' 'M' 'M' 'M' 'M' 'U'
 'M' 'M' 'M' 'M' 'M' 'M' 'M' 'U' 'M' 'M' 'M' 'M' 'M' 'M' 'U' 'U' 'M' 'M'
 'M' 'M' 'U' 'M' 'U' 'M' 'M' 'U' 'M' 'U' 'M' 'M' 'M' 'M' 'M' 'M' 'M' 'M'
 'M' 'M' 'M' 'U' 'M' 'M' 'M' 'M' 'M' 'M' 'M' 'M' 'M' 'M' 'M' 'M' 'M' 'U'
 'M' 'M' 'M' 'U' 'M' 'M' 'M' 'M' 'M' 'M' 'M' 'M' 'M' 'M' 'M' 'M' 'M' 'M']"
228601,0,164,1,163,34,0,0,"['A' 'M' 'M' 'M' 'M' 'M' 'M' 'U' 'M' 'M' 'M' 'M' 'M' 'U' 'U' 'M' 'M' 'M'
 'M' 'M' 'U' 'M' 'U' 'M' 'M' 'M' 'U' 'M' 'M' 'U' 'M' 'M' 'M' 'U' 'M' 'U'
 'M' 'M' 'M' 'M' 'M' 'M' 'M' 'M' 'M' 'U' 'M' 'M' 'U' 'M' 'U' 'M' 'M' 'M'
 'M' 'M' 'M' 'M' 'M' 'M' 'U' 'M' 'M' 'M' 'M' 'U' 'M' 'M' 'M' 'M' 'U' 'M'
 'M' 'M' 'M' 'M' 'M' 'M' 'M' 'M' 'M' 'M' 'M' 'M' 'M' 'U' 'M' 'M' 'M' 'M'
 'U' 'U' 'M' 'M' 'M' 'M' 'M' 'M' 'M' 'U' 'M' 'U' 'M' 'M' 'M' 'M' 'U' 'M'
 'M' 'M' 'M' 'M' 'M' 'U' 'M' 'M' 'M' 'M' 'M' 'M' 'M' 'M' 'M' 'M' 'M' 'U'
 'M' 'M' 'M' 'M' 'M' 'M' 'M' 'U' 'M' 'M' 'M' 'M' 'M' 'M' 'M' 'U' 'M' 'M'
 'M' 'M' 'U' 'M' 'U' 'M' 'M' 'U' 'M' 'M' 'M' 'M' 'M' 'M' 'M' 'M' 'M' 'M'
 'M' 'M' 'M' 'U' 'M' 'U' 'U' 'M' 'M' 'M' 'M' 'M' 'M' 'M' 'M' 'U' 'M' 'U'
 'M' 'M' 'M' 'U' 'M' 'M' 'M' 'M' 'M' 'M' 'M' 'M' 'M' 'M' 'M' 'M' 'M' 'M']"
228701,0,167,1,166,31,0,0,"['A' 'M' 'M' 'M' 'M' 'M' 'M' 'U' 'M' 'M' 'M' 'M' 'M' 'U' 'M' 'M' 'M' 'M'
 'M' 'M' 'U' 'M' 'M' 'M' 'M' 'M' 'U' 'M' 'M' 'U' 'M' 'M' 'M' 'U' 'M' 'U'
 'M' 'M' 'M' 'U' 'M' 'M' 'M' 'M' 'M' 'U' 'M' 'M' 'U' 'M' 'U' 'M' 'M' 'M'
 'M' 'M' 'M' 'M' 'M' 'M' 'M' 'M' 'M' 'M' 'M' 'M' 'M' 'U' 'M' 'M' 'M' 'M'
 'U' 'M' 'M' 'M' 'M' 'M' 'M' 'M' 'M' 'M' 'M' 'U' 'U' 'M' 'M' 'M' 'M' 'U'
 'M' 'M' 'M' 'M' 'M' 'M' 'M' 'M' 'M' 'U' 'M' 'U' 'M' 'M' 'M' 'M' 'U' 'M'
 'M' 'M' 'M' 'M' 'M' 'U' 'M' 'M' 'M' 'M' 'M' 'M' 'M' 'M' 'M' 'M' 'M' 'U'
 'M' 'M' 'M' 'M' 'M' 'M' 'M' 'U' 'M' 'M' 'M' 'M' 'M' 'M' 'M' 'U' 'M' 'M'
 'M' 'M' 'U' 'M' 'U' 'M' 'M' 'U' 'M' 'M' 'M' 'M' 'M' 'M' 'M' 'M' 'M' 'M'
 'M' 'M' 'M' 'M' 'M' 'U' 'M' 'M' 'M' 'M' 'M' 'M' 'M' 'M' 'M' 'U' 'M' 'M'
 'M' 'M' 'U' 'M' 'M' 'M' 'M' 'M' 'M' 'M' 'U' 'M' 'M' 'M' 'M' 'M' 'U' 'M']"
228801,0,167,2,165,31,0,1,"['A' 'M' 'M' 'M' 'M' 'M' 'M' 'U' 'M' 'M' 'M' 'M' 'M' 'U' 'M' 'M' 'M' 'M'
 'M' 'M' 'M' 'M' 'M' 'M' 'M' 'M' 'M' 'M' 'M' 'M' 'M' 'M' 'M' 'U' 'M' 'U'
 'M' 'M' 'M' 'M' 'M' 'M' 'M' 'M' 'M' 'U' 'M' 'M' 'U' 'M' 'U' 'M' 'M' 'U'
 'M' 'M' 'M' 'M' 'M' 'M' 'M' 'M' 'U' 'M' 'M' 'M' 'M' 'M' 'M' 'M' 'M' 'M'
 'M' 'M' 'M' 'U' 'M' 'M' 'M' 'U' 'U' 'M' 'M' 'M' 'M' 'U' 'M' 'M' 'M' 'M'
 'M' 'M' 'U' 'M' 'M' 'M' 'M' 'M' 'M' 'U' 'M' 'U' 'M' 'M' 'U' 'M' 'U' 'M'
 'M' 'M' 'M' 'M' 'U' 'U' 'U' 'M' 'M' 'M' 'M' 'M' 'M' 'M' 'M' 'M' 'M' 'A'
 'M' 'M' 'M' 'U' 'M' 'M' 'M' 'U' 'M' 'M' 'M' 'M' 'M' 'M' 'M' 'U' 'M' 'M'
 'M' 'M' 'U' 'M' 'M' 'M' 'M' 'M' 'M' 'M' 'M' 'M' 'M' 'M' 'M' 'M' 'M' 'M'
 'M' 'M' 'M' 'M' 'M' 'U' 'M' 'M' 'U' 'M' 'M' 'M' 'M' 'U' 'M' 'U' 'M' 'M'
 'M' 'M' 'U' 'M' 'M' 'M' 'M' 'M' 'M' 'M' 'M' 'M' 'M' 'M' 'M' 'M' 'U' 'M']"
228901,0,167,1,166,31,0,0,"['A' 'M' 'M' 'U' 'M' 'M' 'M' 'U' 'M' 'U' 'M' 'M' 'M' 'U' 'M' 'M' 'M' 'M'
 'M' 'M' 'M' 'M' 'M' 'M' 'M' 'M' 'M' 'M' 'M' 'M' 'M' 'M' 'M' 'M' 'M' 'M'
 'M' 'M' 'M' 'M' 'M' 'M' 'M' 'M' 'M' 'U' 'M' 'M' 'M' 'M' 'U' 'M' 'M' 'U'
 'U' 'M' 'M' 'M' 'M' 'M' 'M' 'M' 'U' 'M' 'M' 'M' 'M' 'M' 'M' 'M' 'M' 'M'
 'M' 'U' 'U' 'M' 'M' 'M' 'M' 'M' 'M' 'M' 'U' 'U' 'M' 'M' 'M' 'M' 'M' 'M'
 'M' 'M' 'M' 'U' 'M' 'M' 'M' 'M' 'M' 'M' 'M' 'M' 'M' 'M' 'U' 'M' 'M' 'M'
 'M' 'M' 'M' 'M' 'U' 'M' 'U' 'M' 'M' 'M' 'M' 'M' 'M' 'M' 'M' 'M' 'M' 'U'
 'M' 'M' 'M' 'U' 'M' 'U' 'U' 'U' 'M' 'M' 'M' 'U' 'M' 'U' 'M' 'U' 'M' 'M'
 'M' 'M' 'M' 'M' 'M' 'M' 'M' 'M' 'M' 'M' 'M' 'M' 'M' 'M' 'M' 'M' 'M' 'M'
 'M' 'M' 'M' 'M' 'M' 'U' 'U' 'M' 'M' 'M' 'M' 'M' 'M' 'U' 'M' 'U' 'M' 'M'
 'M' 'M' 'U' 'M' 'M' 'M' 'M' 'M' 'M' 'M' 'M' 'M' 'M' 'M' 'M' 'M' 'U' 'M']"
229001,0,160,1,159,38,0,0,"['A' 'M' 'M' 'U' 'M' 'M' 'M' 'U' 'M' 'U' 'M' 'M' 'M' 'M' 'M' 'M' 'M' 'M'
 'M' 'M' 'M' 'M' 'U' 'M' 'M' 'M' 'M' 'M' 'M' 'M' 'M' 'M' 'M' 'M' 'M' 'M'
 'U' 'M' 'M' 'M' 'M' 'U' 'M' 'M' 'M' 'U' 'M' 'M' 'M' 'M' 'M' 'M' 'M' 'U'
 'U' 'M' 'M' 'U' 'M' 'M' 'M' 'M' 'U' 'M' 'U' 'M' 'M' 'M' 'M' 'M' 'M' 'M'
 'M' 'M' 'U' 'U' 'M' 'M' 'M' 'M' 'M' 'M' 'U' 'M' 'M' 'M' 'M' 'U' 'M' 'M'
 'M' 'M' 'U' 'M' 'M' 'M' 'M' 'M' 'M' 'M' 'M' 'M' 'M' 'M' 'U' 'M' 'M' 'M'
 'M' 'M' 'U' 'M' 'U' 'M' 'U' 'M' 'M' 'M' 'M' 'M' 'M' 'M' 'M' 'M' 'M' 'M'
 'M' 'M' 'M' 'U' 'M' 'U' 'U' 'U' 'U' 'U' 'U' 'U' 'U' 'M' 'M' 'U' 'U' 'M'
 'U' 'M' 'M' 'M' 'M' 'M' 'M' 'M' 'M' 'M' 'M' 'M' 'U' 'M' 'M' 'M' 'M' 'M'
 'M' 'M' 'M' 'M' 'M' 'M' 'U' 'M' 'M' 'M' 'M' 'M' 'M' 'U' 'M' 'U' 'M' 'M'
 'M' 'M' 'M' 'M' 'M' 'M' 'M' 'M' 'M' 'M' 'M' 'M' 'M' 'M' 'M' 'M' 'U' 'M']"
229101,0,159,1,158,39,0,1,"['A' 'M' 'M' 'U' 'M' 'M' 'M' 'U' 'M' 'U' 'M' 'M' 'M' 'M' 'M' 'M' 'M' 'M'
 'M' 'M' 'M' 'M' 'U' 'M' 'M' 'M' 'M' 'M' 'M' 'M' 'M' 'M' 'M' 'M' 'M' 'M'
 'U' 'M' 'M' 'M' 'M' 'U' 'M' 'M' 'M' 'M' 'M' 'U' 'M' 'M' 'M' 'M' 'M' 'U'
 'U' 'M' 'M' 'U' 'M' 'M' 'M' 'M' 'U' 'M' 'M' 'M' 'M' 'M' 'M' 'M' 'U' 'M'
 'M' 'U' 'M' 'M' 'U' 'M' 'M' 'M' 'M' 'M' 'M' 'M' 'M' 'M' 'U' 'M' 'U' 'M'
 'M' 'M' 'M' 'M' 'M' 'U' 'M' 'M' 'M' 'M' 'M' 'M' 'M' 'U' 'M' 'M' 'M' 'M'
 'U' 'M' 'U' 'M' 'M' 'M' 'M' 'M' 'M' 'M' 'M' 'M' 'M' 'M' 'M' 'M' 'M' 'M'
 'M' 'M' 'M' 'U' 'M' 'U' 'U' 'U' 'U' 'U' 'U' 'U' 'U' 'M' 'M' 'U' 'U' 'M'
 'U' 'M' 'M' 'M' 'M' 'U' 'M' 'M' 'U' 'M' 'M' 'M' 'U' 'M' 'M' 'M' 'M' 'M'
 'M' 'M' 'M' 'M' 'M' 'M' 'M' 'M' 'M' 'M' 'M' 'M' 'M' 'U' 'M' 'U' 'M' 'M'
 'M' 'M' 'M' 'M' 'M' 'M' 'M' 'M' 'M' 'M' 'M' 'M' 'M' 'M' 'U' 'M' 'U' 'M']"
229201,0,163,1,162,35,0,0,"['A' 'M' 'M' 'U' 'M' 'M' 'M' 'U' 'M' 'M' 'M' 'M' 'M' 'M' 'M' 'M' 'M' 'M'
 'M' 'M' 'M' 'M' 'U' 'M' 'M' 'M' 'M' 'U' 'M' 'M' 'M' 'M' 'M' 'M' 'M' 'M'
 'U' 'M' 'M' 'M' 'M' 'U' 'M' 'M' 'M' 'M' 'M' 'U' 'M' 'M' 'M' 'M' 'M' 'U'
 'U' 'M' 'M' 'U' 'M' 'U' 'M' 'M' 'U' 'M' 'M' 'M' 'U' 'M' 'M' 'M' 'M' 'M'
 'M' 'U' 'M' 'M' 'M' 'M' 'U' 'M' 'M' 'M' 'M' 'M' 'M' 'M' 'M' 'M' 'M' 'M'
 'M' 'M' 'M' 'U' 'U' 'U' 'M' 'M' 'M' 'M' 'M' 'M' 'M' 'M' 'M' 'M' 'M' 'M'
 'M' 'M' 'U' 'M' 'M' 'M' 'M' 'M' 'M' 'M' 'M' 'M' 'M' 'U' 'M' 'U' 'M' 'M'
 'M' 'M' 'M' 'U' 'M' 'U' 'M' 'U' 'U' 'U' 'U' 'U' 'U' 'M' 'M' 'U' 'M' 'M'
 'U' 'M' 'M' 'M' 'M' 'M' 'M' 'M' 'M' 'M' 'M' 'M' 'U' 'M' 'M' 'M' 'U' 'M'
 'M' 'M' 'M' 'M' 'M' 'M' 'M' 'M' 'M' 'M' 'M' 'M' 'M' 'U' 'M' 'M' 'M' 'M'
 'M' 'M' 'M' 'M' 'M' 'M' 'M' 'M' 'M' 'M' 'M' 'M' 'M' 'M' 'U' 'M' 'M' 'M']"
229301,0,167,2,165,31,0,0,"['A' 'M' 'M' 'U' 'M' 'M' 'M' 'U' 'M' 'M' 'M' 'M' 'M' 'M' 'M' 'M' 'M' 'U'
 'M' 'M' 'M' 'M' 'U' 'M' 'M' 'M' 'M' 'M' 'M' 'M' 'M' 'M' 'M' 'M' 'M' 'M'
 'M' 'M' 'M' 'M' 'M' 'U' 'M' 'M' 'M' 'M' 'M' 'M' 'M' 'M' 'M' 'M' 'M' 'M'
 'U' 'M' 'M' 'M' 'U' 'U' 'M' 'M' 'M' 'M' 'M' 'M' 'M' 'M' 'M' 'M' 'M' 'U'
 'M' 'M' 'M' 'U' 'M' 'M' 'M' 'M' 'M' 'M' 'U' 'M' 'M' 'U' 'M' 'M' 'M' 'M'
 'M' 'M' 'U' 'M' 'M' 'U' 'M' 'M' 'M' 'M' 'M' 'M' 'M' 'M' 'M' 'M' 'M' 'M'
 'M' 'M' 'U' 'M' 'M' 'M' 'M' 'M' 'U' 'M' 'M' 'M' 'M' 'M' 'M' 'U' 'M' 'M'
 'M' 'M' 'M' 'U' 'M' 'U' 'M' 'U' 'M' 'U' 'U' 'U' 'U' 'M' 'M' 'U' 'M' 'M'
 'U' 'M' 'U' 'M' 'M' 'M' 'M' 'M' 'M' 'M' 'M' 'M' 'A' 'M' 'M' 'M' 'M' 'M'
 'M' 'M' 'M' 'M' 'M' 'M' 'M' 'M' 'M' 'M' 'M' 'U' 'M' 'U' 'M' 'M' 'M' 'M'
 'M' 'M' 'M' 'U' 'M' 'M' 'M' 'M' 'M' 'M' 'M' 'M' 'M' 'M' 'U' 'M' 'M' 'M']"
229401,0,168,2,166,30,0,0,"['A' 'M' 'M' 'M' 'M' 'M' 'M' 'M' 'M' 'M' 'M' 'M' 'M' 'M' 'M' 'M' 'M' 'U'
 'M' 'M' 'M' 'M' 'U' 'M' 'M' 'M' 'M' 'M' 'M' 'M' 'M' 'M' 'M' 'M' 'M' 'M'
 'M' 'M' 'M' 'M' 'M' 'U' 'M' 'M' 'M' 'M' 'M' 'M' 'M' 'M' 'M' 'M' 'M' 'M'
 'M' 'M' 'M' 'M' 'U' 'U' 'M' 'M' 'M' 'M' 'M' 'M' 'M' 'M' 'M' 'M' 'M' 'M'
 'M' 'M' 'U' 'M' 'M' 'U' 'M' 'M' 'M' 'U' 'M' 'M' 'M' 'M' 'U' 'M' 'M' 'M'
 'M' 'M' 'U' 'M' 'M' 'U' 'M' 'M' 'M' 'M' 'M' 'M' 'M' 'M' 'M' 'M' 'M' 'M'
 'M' 'M' 'U' 'M' 'M' 'M' 'M' 'M' 'U' 'M' 'M' 'M' 'M' 'M' 'M' 'U' 'M' 'M'
 'M' 'M' 'M' 'U' 'M' 'U' 'M' 'U' 'M' 'U' 'U' 'U' 'U' 'M' 'M' 'U' 'M' 'M'
 'U' 'M' 'U' 'M' 'M' 'M' 'M' 'M' 'M' 'M' 'M' 'M' 'A' 'M' 'M' 'M' 'M' 'M'
 'M' 'M' 'M' 'M' 'M' 'M' 'M' 'M' 'M' 'M' 'M' 'M' 'U' 'U' 'M' 'M' 'M' 'M'
 'M' 'M' 'U' 'U' 'M' 'M' 'M' 'M' 'M' 'M' 'M' 'M' 'M' 'M' 'U' 'U' 'M' 'M']"
229501,0,166,2,164,32,0,0,"['A' 'M' 'M' 'M' 'M' 'M' 'M' 'M' 'M' 'M' 'M' 'M' 'M' 'M' 'M' 'M' 'M' 'U'
 'M' 'M' 'M' 'M' 'U' 'M' 'M' 'M' 'M' 'M' 'U' 'M' 'M' 'M' 'M' 'M' 'M' 'M'
 'M' 'U' 'U' 'U' 'M' 'U' 'M' 'M' 'M' 'M' 'M' 'M' 'M' 'M' 'M' 'M' 'M' 'M'
 'M' 'M' 'M' 'M' 'M' 'U' 'M' 'M' 'M' 'M' 'M' 'M' 'M' 'M' 'M' 'U' 'M' 'M'
 'M' 'M' 'M' 'U' 'M' 'M' 'M' 'M' 'M' 'U' 'M' 'M' 'M' 'M' 'M' 'M' 'M' 'U'
 'M' 'M' 'M' 'M' 'U' 'U' 'M' 'M' 'M' 'M' 'M' 'M' 'M' 'M' 'M' 'M' 'M' 'U'
 'M' 'M' 'U' 'M' 'M' 'M' 'M' 'M' 'U' 'M' 'M' 'M' 'M' 'M' 'M' 'U' 'M' 'M'
 'M' 'M' 'M' 'M' 'M' 'U' 'M' 'M' 'M' 'U' 'U' 'U' 'M' 'M' 'M' 'U' 'M' 'M'
 'U' 'M' 'U' 'M' 'M' 'M' 'M' 'M' 'M' 'M' 'M' 'M' 'A' 'M' 'M' 'M' 'M' 'M'
 'M' 'M' 'M' 'M' 'M' 'M' 'U' 'M' 'M' 'M' 'M' 'M' 'M' 'U' 'M' 'M' 'M' 'M'
 'M' 'U' 'M' 'U' 'M' 'U' 'M' 'U' 'M' 'M' 'M' 'M' 'M' 'M' 'U' 'M' 'M' 'M']"
229601,0,165,1,164,33,0,0,"['A' 'M' 'M' 'M' 'M' 'M' 'M' 'M' 'M' 'M' 'M' 'M' 'M' 'M' 'M' 'M' 'M' 'U'
 'M' 'M' 'M' 'M' 'U' 'M' 'M' 'M' 'M' 'M' 'M' 'M' 'U' 'M' 'M' 'M' 'M' 'M'
 'M' 'U' 'U' 'U' 'M' 'U' 'M' 'M' 'M' 'M' 'M' 'M' 'U' 'M' 'M' 'M' 'M' 'M'
 'M' 'M' 'M' 'M' 'M' 'U' 'M' 'M' 'M' 'M' 'M' 'U' 'U' 'M' 'M' 'M' 'M' 'M'
 'M' 'M' 'U' 'M' 'M' 'M' 'M' 'M' 'U' 'U' 'M' 'M' 'M' 'M' 'M' 'M' 'M' 'M'
 'M' 'M' 'M' 'M' 'M' 'U' 'M' 'M' 'M' 'M' 'M' 'M' 'M' 'M' 'M' 'M' 'M' 'U'
 'M' 'U' 'M' 'M' 'M' 'M' 'M' 'M' 'M' 'M' 'M' 'M' 'M' 'M' 'M' 'U' 'M' 'M'
 'M' 'M' 'M' 'M' 'M' 'U' 'M' 'M' 'M' 'U' 'M' 'M' 'M' 'M' 'M' 'M' 'M' 'M'
 'U' 'M' 'M' 'M' 'M' 'M' 'M' 'M' 'U' 'M' 'M' 'M' 'M' 'M' 'M' 'M' 'U' 'M'
 'M' 'M' 'M' 'M' 'M' 'U' 'U' 'U' 'M' 'M' 'M' 'M' 'M' 'U' 'M' 'M' 'M' 'M'
 'M' 'M' 'M' 'U' 'U' 'U' 'M' 'U' 'M' 'M' 'M' 'M' 'M' 'M' 'U' 'M' 'M' 'U']"
229701,0,173,3,170,25,0,0,"['A' 'M' 'M' 'M' 'M' 'M' 'M' 'M' 'U' 'M' 'M' 'M' 'M' 'M' 'M' 'M' 'M' 'U'
 'M' 'M' 'M' 'M' 'M' 'M' 'M' 'M' 'A' 'M' 'M' 'M' 'M' 'M' 'M' 'M' 'M' 'M'
 'M' 'U' 'U' 'M' 'M' 'M' 'M' 'M' 'M' 'M' 'M' 'M' 'U' 'U' 'M' 'M' 'M' 'M'
 'M' 'M' 'M' 'M' 'M' 'U' 'M' 'M' 'M' 'M' 'M' 'M' 'U' 'U' 'M' 'U' 'M' 'M'
 'M' 'M' 'M' 'M' 'M' 'M' 'M' 'M' 'M' 'M' 'M' 'U' 'M' 'M' 'M' 'M' 'M' 'M'
 'M' 'M' 'M' 'M' 'U' 'U' 'U' 'M' 'M' 'M' 'M' 'M' 'M' 'M' 'M' 'M' 'M' 'U'
 'M' 'U' 'M' 'M' 'M' 'M' 'M' 'M' 'M' 'M' 'M' 'M' 'M' 'M' 'M' 'U' 'M' 'M'
 'M' 'M' 'M' 'M' 'M' 'U' 'M' 'M' 'M' 'M' 'M' 'M' 'M' 'M' 'M' 'M' 'M' 'M'
 'U' 'M' 'M' 'M' 'M' 'M' 'M' 'M' 'M' 'M' 'M' 'M' 'M' 'M' 'M' 'M' 'U' 'M'
 'M' 'M' 'M' 'M' 'M' 'M' 'U' 'M' 'M' 'M' 'M' 'M' 'M' 'M' 'M' 'M' 'M' 'M'
 'M' 'M' 'M' 'U' 'U' 'U' 'M' 'A' 'M' 'M' 'M' 'M' 'M' 'M' 'M' 'M' 'M' 'U']"
229801,0,174,3,171,24,0,1,"['A' 'M' 'M' 'M' 'M' 'M' 'M' 'M' 'U' 'M' 'M' 'M' 'M' 'M' 'M' 'M' 'M' 'U'
 'M' 'M' 'M' 'M' 'M' 'U' 'M' 'M' 'A' 'M' 'M' 'M' 'M' 'M' 'M' 'M' 'M' 'M'
 'M' 'U' 'M' 'M' 'M' 'M' 'M' 'M' 'M' 'M' 'M' 'M' 'U' 'M' 'M' 'M' 'M' 'M'
 'M' 'M' 'M' 'M' 'M' 'U' 'M' 'M' 'M' 'U' 'M' 'U' 'M' 'M' 'M' 'M' 'U' 'M'
 'U' 'M' 'U' 'M' 'M' 'M' 'M' 'M' 'M' 'M' 'M' 'M' 'M' 'M' 'M' 'M' 'M' 'M'
 'M' 'M' 'M' 'M' 'U' 'U' 'U' 'M' 'M' 'M' 'U' 'M' 'M' 'M' 'M' 'M' 'M' 'M'
 'M' 'M' 'M' 'M' 'M' 'M' 'M' 'U' 'M' 'M' 'M' 'M' 'M' 'M' 'M' 'U' 'M' 'M'
 'M' 'M' 'M' 'M' 'M' 'M' 'M' 'M' 'M' 'M' 'M' 'M' 'M' 'M' 'M' 'M' 'M' 'M'
 'M' 'M' 'M' 'M' 'M' 'M' 'M' 'M' 'M' 'M' 'M' 'M' 'M' 'M' 'M' 'M' 'M' 'M'
 'U' 'M' 'M' 'M' 'M' 'M' 'M' 'U' 'M' 'M' 'M' 'M' 'M' 'M' 'M' 'M' 'M' 'U'
 'M' 'M' 'M' 'U' 'U' 'M' 'M' 'A' 'M' 'M' 'M' 'M' 'M' 'M' 'U' 'M' 'M' 'U']"
229901,0,174,3,171,24,0,0,"['A' 'M' 'M' 'M' 'M' 'M' 'M' 'M' 'U' 'M' 'M' 'M' 'M' 'M' 'U' 'M' 'M' 'U'
 'M' 'M' 'M' 'M' 'M' 'U' 'M' 'M' 'A' 'M' 'M' 'M' 'M' 'M' 'M' 'M' 'M' 'M'
 'M' 'U' 'M' 'M' 'M' 'M' 'M' 'M' 'M' 'M' 'M' 'M' 'U' 'M' 'M' 'M' 'M' 'M'
 'M' 'M' 'M' 'M' 'M' 'M' 'M' 'M' 'M' 'U' 'M' 'M' 'U' 'M' 'M' 'M' 'M' 'M'
 'M' 'M' 'M' 'U' 'M' 'M' 'M' 'M' 'M' 'U' 'M' 'M' 'M' 'M' 'M' 'U' 'M' 'M'
 'U' 'M' 'M' 'M' 'M' 'U' 'U' 'M' 'M' 'M' 'M' 'M' 'M' 'M' 'M' 'M' 'M' 'M'
 'M' 'M' 'M' 'M' 'M' 'M' 'M' 'U' 'M' 'M' 'M' 'M' 'M' 'M' 'M' 'U' 'M' 'M'
 'M' 'M' 'M' 'M' 'M' 'M' 'M' 'M' 'M' 'M' 'M' 'M' 'M' 'M' 'M' 'U' 'M' 'M'
 'M' 'M' 'M' 'M' 'M' 'M' 'M' 'M' 'U' 'M' 'M' 'M' 'M' 'M' 'M' 'M' 'M' 'M'
 'U' 'M' 'M' 'M' 'M' 'M' 'M' 'U' 'M' 'M' 'M' 'M' 'M' 'M' 'M' 'M' 'M' 'M'
 'M' 'M' 'M' 'U' 'U' 'M' 'M' 'A' 'M' 'M' 'M' 'M' 'M' 'M' 'U' 'M' 'M' 'U']"
230001,0,177,4,173,21,0,1,"['A' 'M' 'M' 'M' 'M' 'M' 'M' 'M' 'M' 'M' 'M' 'M' 'M' 'M' 'M' 'M' 'M' 'U'
 'M' 'M' 'M' 'M' 'M' 'M' 'M' 'M' 'A' 'M' 'M' 'M' 'M' 'M' 'M' 'M' 'M' 'M'
 'M' 'U' 'M' 'M' 'M' 'M' 'M' 'M' 'M' 'M' 'M' 'M' 'U' 'M' 'M' 'M' 'M' 'M'
 'M' 'M' 'M' 'U' 'M' 'M' 'M' 'M' 'M' 'U' 'M' 'M' 'U' 'M' 'M' 'M' 'M' 'M'
 'M' 'U' 'U' 'M' 'U' 'M' 'M' 'M' 'M' 'M' 'M' 'M' 'M' 'M' 'M' 'M' 'M' 'M'
 'M' 'M' 'M' 'U' 'M' 'U' 'U' 'M' 'M' 'M' 'M' 'M' 'M' 'M' 'M' 'M' 'M' 'M'
 'M' 'M' 'M' 'M' 'M' 'M' 'M' 'U' 'M' 'M' 'M' 'M' 'M' 'M' 'M' 'U' 'M' 'M'
 'M' 'M' 'M' 'M' 'M' 'M' 'M' 'M' 'M' 'M' 'M' 'M' 'M' 'M' 'M' 'U' 'M' 'M'
 'M' 'M' 'M' 'M' 'M' 'M' 'M' 'M' 'U' 'M' 'M' 'M' 'M' 'M' 'M' 'M' 'U' 'M'
 'A' 'M' 'M' 'M' 'M' 'M' 'M' 'U' 'M' 'M' 'M' 'M' 'M' 'M' 'M' 'M' 'M' 'M'
 'M' 'M' 'M' 'U' 'M' 'M' 'M' 'A' 'M' 'M' 'M' 'M' 'M' 'M' 'U' 'M' 'M' 'U']"
230101,0,175,4,171,23,0,0,"['A' 'M' 'M' 'M' 'M' 'M' 'M' 'M' 'M' 'M' 'M' 'M' 'M' 'M' 'M' 'M' 'M' 'M'
 'M' 'M' 'M' 'M' 'M' 'M' 'M' 'M' 'A' 'M' 'M' 'M' 'M' 'M' 'M' 'M' 'M' 'M'
 'M' 'U' 'M' 'M' 'M' 'M' 'M' 'M' 'M' 'M' 'M' 'M' 'M' 'M' 'M' 'U' 'M' 'M'
 'M' 'M' 'M' 'U' 'M' 'M' 'M' 'M' 'U' 'U' 'M' 'M' 'M' 'M' 'M' 'M' 'M' 'M'
 'M' 'M' 'M' 'M' 'M' 'U' 'M' 'M' 'U' 'M' 'M' 'M' 'M' 'U' 'M' 'U' 'U' 'M'
 'M' 'M' 'M' 'M' 'M' 'M' 'U' 'M' 'M' 'M' 'M' 'U' 'M' 'M' 'M' 'M' 'M' 'M'
 'M' 'M' 'M' 'M' 'M' 'M' 'M' 'U' 'M' 'M' 'M' 'M' 'M' 'M' 'M' 'U' 'M' 'M'
 'M' 'M' 'M' 'M' 'M' 'M' 'M' 'M' 'U' 'M' 'M' 'M' 'M' 'M' 'M' 'U' 'M' 'M'
 'M' 'M' 'M' 'M' 'U' 'M' 'M' 'M' 'U' 'M' 'M' 'M' 'M' 'M' 'M' 'M' 'U' 'M'
 'A' 'M' 'M' 'M' 'M' 'M' 'M' 'U' 'M' 'M' 'M' 'M' 'M' 'M' 'M' 'M' 'M' 'M'
 'M' 'M' 'M' 'U' 'M' 'M' 'U' 'A' 'M' 'M' 'M' 'M' 'M' 'M' 'M' 'M' 'M' 'U']"
230201,0,175,3,172,23,0,0,"['A' 'M' 'M' 'M' 'M' 'M' 'M' 'M' 'M' 'M' 'U' 'M' 'M' 'M' 'M' 'M' 'M' 'M'
 'M' 'M' 'M' 'M' 'M' 'M' 'U' 'M' 'U' 'M' 'M' 'M' 'M' 'M' 'M' 'M' 'M' 'M'
 'M' 'U' 'M' 'M' 'M' 'M' 'M' 'M' 'M' 'M' 'M' 'M' 'M' 'M' 'M' 'M' 'M' 'M'
 'M' 'M' 'M' 'M' 'M' 'M' 'M' 'M' 'U' 'M' 'M' 'M' 'M' 'U' 'M' 'M' 'M' 'M'
 'M' 'M' 'M' 'M' 'U' 'U' 'M' 'M' 'U' 'M' 'M' 'M' 'M' 'M' 'M' 'U' 'M' 'M'
 'M' 'M' 'M' 'M' 'M' 'M' 'U' 'M' 'M' 'M' 'M' 'M' 'U' 'M' 'M' 'M' 'M' 'M'
 'M' 'M' 'M' 'M' 'M' 'M' 'M' 'U' 'M' 'M' 'M' 'M' 'M' 'M' 'M' 'M' 'M' 'M'
 'M' 'M' 'M' 'M' 'M' 'M' 'M' 'M' 'U' 'M' 'M' 'M' 'U' 'M' 'M' 'M' 'M' 'M'
 'M' 'M' 'M' 'U' 'M' 'M' 'M' 'M' 'U' 'M' 'U' 'M' 'M' 'M' 'M' 'M' 'M' 'M'
 'A' 'M' 'M' 'M' 'M' 'M' 'M' 'U' 'M' 'M' 'M' 'M' 'M' 'M' 'M' 'M' 'M' 'M'
 'M' 'M' 'M' 'U' 'U' 'M' 'U' 'A' 'M' 'M' 'M' 'M' 'M' 'M' 'M' 'M' 'M' 'U']"
230301,0,170,2,168,28,0,0,"['A' 'M' 'M' 'M' 'M' 'U' 'M' 'M' 'M' 'M' 'U' 'M' 'U' 'M' 'M' 'M' 'M' 'M'
 'M' 'M' 'M' 'M' 'M' 'M' 'M' 'M' 'U' 'M' 'U' 'M' 'M' 'M' 'M' 'M' 'M' 'M'
 'M' 'U' 'M' 'M' 'U' 'M' 'M' 'M' 'M' 'M' 'M' 'M' 'M' 'M' 'M' 'M' 'U' 'M'
 'M' 'M' 'M' 'M' 'M' 'M' 'M' 'M' 'U' 'M' 'M' 'M' 'M' 'M' 'M' 'M' 'M' 'M'
 'M' 'M' 'U' 'M' 'M' 'M' 'U' 'U' 'M' 'M' 'M' 'M' 'U' 'M' 'M' 'M' 'M' 'M'
 'M' 'M' 'M' 'M' 'U' 'M' 'M' 'M' 'M' 'M' 'M' 'M' 'U' 'M' 'M' 'M' 'M' 'M'
 'M' 'M' 'M' 'M' 'M' 'M' 'M' 'U' 'M' 'M' 'M' 'M' 'M' 'M' 'M' 'M' 'M' 'M'
 'M' 'M' 'M' 'M' 'M' 'M' 'M' 'M' 'M' 'M' 'M' 'M' 'M' 'M' 'M' 'M' 'M' 'M'
 'M' 'M' 'M' 'U' 'M' 'M' 'M' 'M' 'U' 'M' 'M' 'M' 'M' 'U' 'M' 'M' 'M' 'U'
 'A' 'M' 'M' 'M' 'M' 'M' 'M' 'U' 'M' 'U' 'M' 'M' 'M' 'M' 'M' 'M' 'M' 'M'
 'M' 'M' 'M' 'U' 'U' 'M' 'U' 'U' 'M' 'M' 'U' 'M' 'M' 'M' 'M' 'M' 'M' 'U']"
230401,0,176,3,173,22,1,0,"['A' 'M' 'M' 'M' 'M' 'U' 'M' 'M' 'M' 'M' 'U' 'M' 'U' 'M' 'U' 'M' 'M' 'M'
 'M' 'M' 'M' 'M' 'M' 'M' 'M' 'M' 'M' 'M' 'U' 'M' 'M' 'M' 'M' 'M' 'M' 'U'
 'U' 'U' 'U' 'M' 'U' 'M' 'M' 'U' 'M' 'M' 'M' 'M' 'M' 'M' 'M' 'M' 'M' 'M'
 'M' 'M' 'M' 'M' 'M' 'M' 'M' 'M' 'U' 'M' 'M' 'U' 'M' 'M' 'M' 'M' 'M' 'U'
 'U' 'M' 'U' 'M' 'M' 'M' 'M' 'M' 'M' 'M' 'M' 'M' 'M' 'M' 'M' 'M' 'M' 'U'
 'M' 'M' 'M' 'M' 'M' 'M' 'M' 'M' 'M' 'M' 'M' 'M' 'M' 'M' 'M' 'M' 'M' 'M'
 'M' 'M' 'M' 'M' 'M' 'M' 'M' 'M' 'M' 'M' 'M' 'M' 'M' 'M' 'M' 'M' 'M' 'M'
 'M' 'M' 'M' 'M' 'M' 'M' 'M' 'M' 'M' 'M' 'M' 'M' 'M' 'M' 'M' 'M' 'M' 'M'
 'M' 'M' 'M' 'M' 'M' 'M' 'M' 'M' 'U' 'M' 'M' 'M' 'M' 'M' 'M' 'M' 'M' 'U'
 'A' 'M' 'M' 'M' 'M' 'M' 'M' 'M' 'M' 'M' 'M' 'M' 'M' 'M' 'M' 'M' 'M' 'M'
 'M' 'M' 'M' 'U' 'U' 'M' 'M' 'U' 'M' 'M' 'M' 'M' 'M' 'M' 'M' 'M' 'M' 'A']"
230501,0,169,2,167,29,0,0,"['A' 'U' 'M' 'M' 'M' 'U' 'M' 'M' 'M' 'M' 'U' 'U' 'U' 'M' 'U' 'M' 'M' 'M'
 'M' 'M' 'M' 'U' 'M' 'M' 'M' 'M' 'M' 'M' 'U' 'M' 'M' 'M' 'M' 'M' 'M' 'U'
 'M' 'M' 'M' 'M' 'U' 'M' 'M' 'U' 'M' 'M' 'M' 'M' 'M' 'M' 'M' 'M' 'M' 'M'
 'M' 'M' 'M' 'M' 'M' 'M' 'M' 'M' 'U' 'M' 'U' 'M' 'M' 'M' 'M' 'M' 'M' 'M'
 'M' 'M' 'M' 'U' 'M' 'M' 'M' 'U' 'M' 'M' 'M' 'M' 'M' 'M' 'M' 'M' 'U' 'U'
 'M' 'M' 'U' 'M' 'M' 'M' 'M' 'M' 'M' 'U' 'M' 'M' 'M' 'M' 'U' 'M' 'M' 'M'
 'M' 'M' 'M' 'M' 'M' 'M' 'M' 'M' 'M' 'M' 'M' 'M' 'M' 'M' 'M' 'M' 'M' 'M'
 'U' 'M' 'M' 'M' 'M' 'U' 'M' 'M' 'M' 'M' 'M' 'M' 'M' 'M' 'U' 'M' 'M' 'M'
 'M' 'M' 'M' 'M' 'M' 'M' 'M' 'M' 'U' 'M' 'M' 'M' 'M' 'M' 'M' 'M' 'M' 'U'
 'U' 'M' 'M' 'M' 'M' 'M' 'M' 'U' 'M' 'M' 'U' 'M' 'M' 'M' 'M' 'M' 'M' 'M'
 'M' 'M' 'M' 'U' 'M' 'M' 'M' 'M' 'M' 'M' 'M' 'M' 'M' 'M' 'M' 'M' 'M' 'A']"
230601,0,174,2,172,24,1,0,"['A' 'M' 'M' 'M' 'M' 'M' 'M' 'M' 'M' 'M' 'U' 'U' 'M' 'M' 'U' 'M' 'M' 'M'
 'M' 'U' 'M' 'U' 'M' 'M' 'M' 'M' 'M' 'M' 'M' 'M' 'M' 'M' 'M' 'M' 'M' 'U'
 'M' 'U' 'M' 'M' 'M' 'M' 'M' 'U' 'M' 'M' 'M' 'M' 'U' 'M' 'M' 'M' 'M' 'M'
 'M' 'M' 'M' 'M' 'M' 'M' 'M' 'M' 'U' 'M' 'M' 'M' 'M' 'M' 'M' 'U' 'M' 'M'
 'M' 'M' 'M' 'M' 'M' 'M' 'M' 'M' 'M' 'M' 'M' 'U' 'M' 'U' 'M' 'M' 'M' 'U'
 'U' 'M' 'M' 'M' 'M' 'M' 'M' 'M' 'M' 'U' 'M' 'M' 'M' 'M' 'U' 'M' 'M' 'M'
 'M' 'M' 'M' 'M' 'M' 'M' 'M' 'M' 'M' 'M' 'U' 'M' 'M' 'M' 'M' 'M' 'M' 'M'
 'M' 'M' 'M' 'M' 'M' 'U' 'M' 'M' 'M' 'M' 'M' 'M' 'M' 'M' 'U' 'M' 'M' 'M'
 'M' 'M' 'M' 'M' 'M' 'M' 'M' 'M' 'M' 'M' 'M' 'M' 'M' 'M' 'M' 'M' 'M' 'U'
 'U' 'M' 'M' 'M' 'M' 'M' 'M' 'M' 'M' 'M' 'U' 'M' 'M' 'M' 'M' 'M' 'M' 'M'
 'M' 'M' 'M' 'U' 'M' 'M' 'M' 'M' 'M' 'M' 'M' 'M' 'M' 'M' 'M' 'M' 'M' 'A']"
230701,0,175,4,171,23,0,0,"['A' 'M' 'M' 'M' 'M' 'M' 'M' 'M' 'M' 'M' 'M' 'U' 'M' 'M' 'U' 'M' 'M' 'M'
 'M' 'U' 'M' 'U' 'M' 'M' 'M' 'M' 'U' 'M' 'M' 'M' 'M' 'M' 'M' 'M' 'M' 'M'
 'M' 'U' 'M' 'M' 'M' 'M' 'U' 'M' 'M' 'M' 'M' 'M' 'M' 'M' 'M' 'M' 'M' 'M'
 'M' 'M' 'M' 'M' 'M' 'M' 'M' 'M' 'A' 'M' 'M' 'M' 'M' 'M' 'M' 'M' 'M' 'M'
 'M' 'M' 'U' 'M' 'M' 'U' 'M' 'M' 'M' 'M' 'M' 'U' 'M' 'M' 'M' 'U' 'M' 'M'
 'U' 'M' 'M' 'M' 'M' 'M' 'M' 'M' 'M' 'U' 'M' 'M' 'M' 'M' 'U' 'M' 'M' 'U'
 'M' 'M' 'M' 'M' 'M' 'M' 'M' 'M' 'M' 'M' 'U' 'M' 'M' 'M' 'M' 'M' 'M' 'M'
 'M' 'M' 'M' 'M' 'M' 'U' 'M' 'M' 'M' 'M' 'U' 'M' 'M' 'M' 'U' 'M' 'M' 'M'
 'M' 'M' 'M' 'M' 'M' 'M' 'M' 'M' 'M' 'M' 'M' 'M' 'M' 'M' 'M' 'M' 'M' 'U'
 'U' 'M' 'M' 'M' 'M' 'M' 'M' 'M' 'M' 'M' 'M' 'M' 'M' 'M' 'M' 'M' 'M' 'M'
 'A' 'M' 'M' 'U' 'M' 'M' 'U' 'M' 'M' 'M' 'M' 'M' 'M' 'M' 'M' 'M' 'M' 'A']"
230801,0,171,4,167,27,0,0,"['A' 'M' 'M' 'M' 'M' 'M' 'M' 'U' 'U' 'M' 'M' 'U' 'M' 'M' 'U' 'M' 'M' 'M'
 'M' 'U' 'M' 'U' 'M' 'U' 'M' 'U' 'M' 'M' 'M' 'M' 'M' 'M' 'M' 'M' 'M' 'M'
 'M' 'U' 'M' 'M' 'M' 'M' 'U' 'M' 'M' 'M' 'M' 'M' 'M' 'M' 'M' 'M' 'M' 'M'
 'M' 'M' 'M' 'M' 'M' 'M' 'M' 'M' 'A' 'M' 'M' 'M' 'M' 'M' 'M' 'U' 'U' 'U'
 'U' 'M' 'M' 'M' 'M' 'M' 'M' 'M' 'M' 'M' 'M' 'M' 'M' 'M' 'M' 'M' 'M' 'M'
 'U' 'M' 'M' 'M' 'M' 'M' 'M' 'M' 'M' 'U' 'M' 'M' 'M' 'M' 'U' 'M' 'M' 'U'
 'M' 'M' 'M' 'M' 'M' 'M' 'M' 'U' 'M' 'M' 'U' 'M' 'M' 'M' 'M' 'M' 'M' 'M'
 'M' 'M' 'M' 'M' 'M' 'U' 'M' 'M' 'M' 'M' 'U' 'M' 'M' 'U' 'U' 'M' 'M' 'M'
 'M' 'M' 'M' 'M' 'M' 'M' 'M' 'M' 'M' 'M' 'M' 'M' 'M' 'M' 'M' 'M' 'M' 'U'
 'M' 'M' 'M' 'M' 'M' 'M' 'M' 'M' 'M' 'M' 'M' 'M' 'M' 'M' 'M' 'M' 'M' 'M'
 'A' 'M' 'M' 'U' 'M' 'M' 'M' 'U' 'M' 'M' 'M' 'M' 'M' 'M' 'M' 'M' 'M' 'A']"
230901,0,167,4,163,31,0,0,"['A' 'M' 'M' 'M' 'M' 'M' 'M' 'U' 'M' 'M' 'M' 'M' 'U' 'M' 'U' 'M' 'M' 'M'
 'U' 'U' 'M' 'U' 'M' 'U' 'M' 'U' 'M' 'M' 'M' 'M' 'M' 'M' 'M' 'M' 'M' 'M'
 'M' 'U' 'M' 'M' 'M' 'M' 'U' 'M' 'M' 'M' 'M' 'M' 'M' 'M' 'U' 'M' 'M' 'M'
 'M' 'M' 'M' 'M' 'M' 'M' 'M' 'M' 'U' 'M' 'M' 'U' 'M' 'M' 'M' 'M' 'M' 'M'
 'M' 'M' 'M' 'M' 'U' 'U' 'M' 'M' 'M' 'M' 'M' 'U' 'M' 'M' 'M' 'M' 'U' 'M'
 'M' 'M' 'M' 'M' 'M' 'M' 'M' 'M' 'M' 'U' 'U' 'M' 'M' 'M' 'M' 'M' 'M' 'U'
 'M' 'M' 'M' 'M' 'M' 'M' 'U' 'U' 'M' 'M' 'M' 'M' 'U' 'M' 'M' 'M' 'M' 'M'
 'M' 'M' 'M' 'M' 'M' 'A' 'M' 'M' 'M' 'M' 'U' 'M' 'M' 'M' 'U' 'M' 'M' 'M'
 'M' 'M' 'M' 'M' 'U' 'M' 'M' 'U' 'M' 'M' 'M' 'M' 'M' 'M' 'M' 'M' 'M' 'U'
 'M' 'U' 'M' 'M' 'M' 'M' 'M' 'M' 'M' 'M' 'M' 'M' 'M' 'M' 'M' 'M' 'M' 'M'
 'A' 'M' 'M' 'U' 'M' 'M' 'M' 'U' 'M' 'M' 'M' 'M' 'M' 'M' 'M' 'M' 'M' 'A']"
231001,0,163,4,159,35,0,1,"['A' 'M' 'M' 'M' 'M' 'M' 'M' 'U' 'M' 'M' 'M' 'M' 'U' 'M' 'U' 'M' 'M' 'M'
 'U' 'U' 'M' 'U' 'M' 'U' 'M' 'U' 'M' 'M' 'M' 'M' 'M' 'M' 'M' 'M' 'M' 'M'
 'M' 'M' 'M' 'M' 'M' 'M' 'U' 'M' 'M' 'M' 'M' 'M' 'M' 'M' 'M' 'M' 'M' 'M'
 'M' 'M' 'M' 'M' 'M' 'M' 'M' 'M' 'U' 'M' 'M' 'M' 'U' 'M' 'M' 'M' 'M' 'U'
 'M' 'U' 'M' 'M' 'U' 'U' 'M' 'M' 'M' 'M' 'M' 'M' 'M' 'M' 'M' 'M' 'M' 'M'
 'M' 'M' 'M' 'M' 'M' 'M' 'U' 'M' 'M' 'U' 'U' 'M' 'M' 'M' 'M' 'M' 'M' 'U'
 'M' 'M' 'M' 'M' 'M' 'M' 'M' 'U' 'M' 'M' 'M' 'M' 'U' 'M' 'M' 'M' 'M' 'M'
 'M' 'U' 'M' 'M' 'M' 'A' 'U' 'U' 'M' 'U' 'U' 'U' 'U' 'M' 'U' 'M' 'U' 'M'
 'M' 'M' 'M' 'M' 'U' 'M' 'M' 'U' 'M' 'M' 'M' 'M' 'M' 'M' 'M' 'M' 'M' 'M'
 'M' 'M' 'M' 'M' 'U' 'M' 'M' 'M' 'M' 'M' 'M' 'M' 'M' 'M' 'M' 'M' 'M' 'M'
 'A' 'M' 'M' 'U' 'M' 'M' 'M' 'M' 'U' 'M' 'M' 'M' 'M' 'M' 'M' 'M' 'M' 'A']"
231101,1,161,5,156,37,1,0,"['A' 'M' 'M' 'M' 'M' 'M' 'M' 'U' 'M' 'M' 'M' 'M' 'U' 'M' 'M' 'U' 'M' 'U'
 'M' 'U' 'M' 'U' 'M' 'U' 'M' 'U' 'M' 'M' 'M' 'M' 'M' 'M' 'M' 'M' 'U' 'M'
 'M' 'M' 'U' 'M' 'M' 'M' 'U' 'M' 'M' 'M' 'M' 'M' 'M' 'M' 'M' 'M' 'M' 'M'
 'M' 'M' 'M' 'M' 'M' 'M' 'M' 'M' 'U' 'M' 'U' 'U' 'M' 'M' 'M' 'U' 'M' 'M'
 'U' 'U' 'U' 'M' 'M' 'M' 'M' 'M' 'M' 'M' 'M' 'M' 'M' 'M' 'M' 'M' 'M' 'M'
 'M' 'M' 'M' 'M' 'M' 'M' 'M' 'M' 'M' 'U' 'M' 'M' 'M' 'M' 'M' 'M' 'M' 'U'
 'M' 'M' 'M' 'U' 'M' 'M' 'M' 'U' 'M' 'M' 'M' 'U' 'M' 'M' 'M' 'M' 'M' 'M'
 'M' 'U' 'M' 'M' 'M' 'A' 'U' 'U' 'U' 'U' 'U' 'U' 'U' 'M' 'M' 'M' 'U' 'M'
 'M' 'M' 'M' 'M' 'A' 'M' 'M' 'U' 'M' 'M' 'M' 'M' 'M' 'M' 'M' 'M' 'M' 'M'
 'M' 'M' 'M' 'M' 'U' 'M' 'M' 'M' 'M' 'M' 'M' 'M' 'M' 'M' 'M' 'M' 'M' 'M'
 'A' 'M' 'M' 'U' 'M' 'U' 'M' 'M' 'U' 'M' 'M' 'M' 'M' 'M' 'M' 'M' 'M' 'A']"
231201,0,155,2,153,43,0,0,"['A' 'M' 'M' 'M' 'M' 'M' 'M' 'U' 'M' 'U' 'M' 'M' 'M' 'M' 'M' 'U' 'M' 'U'
 'M' 'U' 'M' 'U' 'M' 'U' 'M' 'U' 'M' 'M' 'M' 'M' 'M' 'M' 'M' 'M' 'U' 'M'
 'M' 'M' 'U' 'U' 'M' 'M' 'U' 'M' 'M' 'M' 'M' 'M' 'M' 'M' 'M' 'M' 'M' 'M'
 'M' 'M' 'M' 'M' 'M' 'M' 'M' 'M' 'U' 'M' 'U' 'M' 'M' 'M' 'M' 'M' 'M' 'M'
 'M' 'M' 'U' 'M' 'M' 'M' 'M' 'M' 'U' 'M' 'U' 'M' 'M' 'M' 'M' 'M' 'M' 'M'
 'M' 'M' 'U' 'U' 'M' 'M' 'M' 'M' 'M' 'U' 'M' 'M' 'M' 'M' 'M' 'M' 'M' 'U'
 'M' 'M' 'M' 'U' 'M' 'M' 'M' 'U' 'M' 'M' 'M' 'U' 'M' 'M' 'M' 'M' 'M' 'M'
 'M' 'U' 'M' 'M' 'M' 'U' 'U' 'U' 'M' 'U' 'U' 'M' 'U' 'M' 'U' 'M' 'U' 'M'
 'U' 'M' 'M' 'M' 'A' 'M' 'M' 'M' 'M' 'M' 'M' 'M' 'M' 'M' 'M' 'M' 'M' 'U'
 'M' 'M' 'M' 'M' 'U' 'M' 'M' 'M' 'M' 'M' 'M' 'U' 'M' 'M' 'M' 'M' 'M' 'M'
 'U' 'M' 'M' 'U' 'M' 'U' 'M' 'M' 'U' 'M' 'M' 'M' 'M' 'U' 'M' 'M' 'M' 'U']"
231301,1,154,2,152,44,0,0,"['A' 'U' 'U' 'M' 'M' 'M' 'M' 'U' 'M' 'M' 'M' 'M' 'M' 'M' 'M' 'M' 'M' 'M'
 'M' 'M' 'M' 'M' 'U' 'U' 'M' 'U' 'M' 'M' 'U' 'M' 'M' 'M' 'M' 'M' 'U' 'M'
 'M' 'M' 'U' 'U' 'M' 'M' 'U' 'M' 'M' 'M' 'M' 'M' 'M' 'M' 'M' 'M' 'M' 'M'
 'M' 'M' 'M' 'M' 'M' 'M' 'M' 'M' 'U' 'M' 'U' 'M' 'U' 'M' 'U' 'M' 'M' 'M'
 'M' 'M' 'M' 'M' 'M' 'M' 'M' 'M' 'M' 'M' 'M' 'U' 'U' 'M' 'M' 'M' 'M' 'M'
 'M' 'M' 'U' 'M' 'M' 'M' 'M' 'M' 'M' 'U' 'M' 'M' 'M' 'M' 'M' 'M' 'M' 'U'
 'M' 'M' 'M' 'U' 'M' 'M' 'M' 'M' 'M' 'M' 'U' 'U' 'M' 'M' 'M' 'M' 'M' 'M'
 'M' 'M' 'M' 'M' 'M' 'U' 'U' 'U' 'U' 'U' 'U' 'U' 'U' 'M' 'U' 'M' 'U' 'M'
 'U' 'M' 'M' 'M' 'A' 'U' 'M' 'M' 'M' 'M' 'M' 'M' 'U' 'M' 'M' 'M' 'M' 'U'
 'M' 'U' 'M' 'M' 'M' 'M' 'M' 'M' 'M' 'M' 'U' 'U' 'M' 'M' 'M' 'M' 'M' 'M'
 'U' 'M' 'M' 'U' 'M' 'U' 'M' 'M' 'M' 'M' 'M' 'M' 'M' 'U' 'M' 'M' 'M' 'M']"
231401,0,159,2,157,39,0,0,"['A' 'U' 'U' 'M' 'M' 'M' 'M' 'U' 'M' 'M' 'M' 'M' 'M' 'M' 'M' 'M' 'M' 'M'
 'M' 'M' 'M' 'M' 'M' 'M' 'M' 'U' 'M' 'M' 'M' 'M' 'M' 'M' 'M' 'M' 'M' 'M'
 'M' 'M' 'U' 'M' 'M' 'M' 'U' 'M' 'M' 'M' 'M' 'U' 'M' 'M' 'M' 'M' 'M' 'M'
 'M' 'M' 'M' 'M' 'M' 'M' 'M' 'M' 'U' 'M' 'U' 'M' 'M' 'M' 'M' 'U' 'U' 'M'
 'M' 'M' 'M' 'U' 'M' 'M' 'M' 'M' 'M' 'M' 'M' 'M' 'M' 'M' 'M' 'M' 'M' 'M'
 'M' 'M' 'U' 'M' 'U' 'M' 'M' 'M' 'M' 'U' 'M' 'M' 'M' 'M' 'U' 'M' 'M' 'U'
 'M' 'M' 'M' 'M' 'M' 'M' 'U' 'M' 'M' 'M' 'U' 'U' 'M' 'M' 'M' 'M' 'M' 'M'
 'M' 'M' 'M' 'M' 'M' 'M' 'U' 'U' 'U' 'U' 'U' 'U' 'U' 'M' 'U' 'M' 'M' 'M'
 'U' 'M' 'M' 'M' 'U' 'U' 'M' 'M' 'M' 'M' 'M' 'M' 'U' 'M' 'M' 'M' 'M' 'M'
 'M' 'U' 'M' 'M' 'M' 'M' 'M' 'M' 'M' 'M' 'A' 'U' 'M' 'M' 'M' 'M' 'M' 'M'
 'U' 'M' 'M' 'U' 'M' 'U' 'M' 'U' 'M' 'M' 'M' 'M' 'M' 'U' 'M' 'M' 'M' 'M']"
231501,0,160,4,156,38,0,0,"['A' 'M' 'U' 'M' 'M' 'M' 'M' 'U' 'M' 'M' 'M' 'M' 'M' 'M' 'M' 'M' 'M' 'M'
 'M' 'M' 'M' 'M' 'M' 'U' 'M' 'U' 'M' 'M' 'M' 'M' 'U' 'M' 'M' 'M' 'M' 'M'
 'M' 'U' 'U' 'M' 'M' 'M' 'M' 'M' 'M' 'M' 'M' 'U' 'M' 'M' 'M' 'M' 'M' 'M'
 'M' 'M' 'M' 'M' 'M' 'M' 'M' 'M' 'U' 'M' 'A' 'M' 'M' 'M' 'M' 'M' 'U' 'M'
 'M' 'M' 'M' 'M' 'U' 'M' 'M' 'M' 'M' 'M' 'M' 'M' 'U' 'M' 'M' 'M' 'M' 'M'
 'U' 'M' 'M' 'U' 'M' 'M' 'M' 'M' 'M' 'A' 'M' 'M' 'M' 'M' 'U' 'M' 'M' 'M'
 'U' 'U' 'M' 'M' 'M' 'M' 'U' 'M' 'M' 'M' 'U' 'U' 'M' 'M' 'M' 'M' 'M' 'M'
 'M' 'M' 'M' 'M' 'M' 'M' 'U' 'M' 'U' 'U' 'M' 'U' 'U' 'M' 'M' 'M' 'M' 'M'
 'M' 'M' 'U' 'M' 'U' 'U' 'M' 'U' 'M' 'M' 'M' 'M' 'U' 'M' 'M' 'M' 'M' 'M'
 'M' 'M' 'M' 'M' 'M' 'M' 'M' 'M' 'M' 'M' 'A' 'U' 'M' 'M' 'U' 'M' 'M' 'M'
 'U' 'M' 'U' 'U' 'M' 'U' 'M' 'U' 'M' 'M' 'M' 'M' 'M' 'M' 'M' 'M' 'U' 'M']"
231601,0,157,4,153,41,0,0,"['A' 'M' 'U' 'M' 'M' 'M' 'M' 'U' 'M' 'M' 'M' 'M' 'M' 'M' 'M' 'M' 'M' 'M'
 'U' 'M' 'M' 'M' 'U' 'U' 'M' 'U' 'M' 'M' 'M' 'M' 'U' 'M' 'M' 'M' 'M' 'M'
 'M' 'M' 'U' 'U' 'M' 'M' 'M' 'M' 'M' 'M' 'M' 'U' 'M' 'M' 'M' 'M' 'M' 'M'
 'M' 'M' 'M' 'M' 'M' 'M' 'M' 'M' 'U' 'M' 'A' 'M' 'M' 'M' 'M' 'M' 'M' 'M'
 'M' 'M' 'M' 'U' 'M' 'M' 'M' 'M' 'M' 'M' 'U' 'M' 'U' 'M' 'M' 'U' 'M' 'M'
 'M' 'M' 'M' 'U' 'M' 'M' 'M' 'M' 'M' 'A' 'M' 'M' 'M' 'M' 'M' 'M' 'M' 'M'
 'U' 'U' 'M' 'M' 'M' 'M' 'U' 'M' 'M' 'M' 'M' 'U' 'M' 'M' 'M' 'M' 'M' 'M'
 'M' 'M' 'M' 'M' 'M' 'M' 'U' 'M' 'U' 'U' 'U' 'U' 'U' 'M' 'M' 'M' 'M' 'M'
 'M' 'M' 'U' 'M' 'U' 'U' 'M' 'M' 'M' 'M' 'M' 'M' 'U' 'M' 'M' 'M' 'M' 'U'
 'M' 'M' 'M' 'A' 'M' 'M' 'M' 'M' 'M' 'M' 'U' 'U' 'M' 'U' 'U' 'M' 'M' 'M'
 'U' 'M' 'M' 'U' 'M' 'U' 'M' 'U' 'M' 'M' 'M' 'M' 'M' 'M' 'U' 'M' 'U' 'M']"
231701,0,158,4,154,40,0,0,"['A' 'M' 'U' 'M' 'M' 'U' 'M' 'U' 'M' 'M' 'M' 'M' 'M' 'M' 'M' 'M' 'M' 'M'
 'U' 'M' 'M' 'M' 'U' 'U' 'M' 'U' 'M' 'M' 'M' 'U' 'M' 'U' 'M' 'M' 'M' 'M'
 'U' 'M' 'M' 'U' 'M' 'M' 'M' 'U' 'M' 'M' 'M' 'U' 'M' 'M' 'M' 'M' 'M' 'M'
 'U' 'M' 'M' 'M' 'M' 'M' 'M' 'M' 'U' 'M' 'A' 'M' 'U' 'M' 'M' 'M' 'M' 'M'
 'M' 'M' 'M' 'M' 'M' 'M' 'M' 'U' 'M' 'U' 'M' 'M' 'M' 'U' 'M' 'M' 'M' 'M'
 'M' 'M' 'M' 'M' 'U' 'M' 'M' 'M' 'M' 'U' 'M' 'M' 'M' 'M' 'M' 'M' 'M' 'M'
 'U' 'U' 'M' 'M' 'M' 'M' 'M' 'M' 'M' 'M' 'M' 'M' 'M' 'M' 'M' 'M' 'M' 'M'
 'M' 'M' 'M' 'M' 'M' 'M' 'U' 'M' 'U' 'U' 'U' 'U' 'U' 'M' 'M' 'M' 'M' 'M'
 'M' 'M' 'U' 'M' 'U' 'U' 'M' 'M' 'M' 'M' 'M' 'M' 'U' 'M' 'M' 'M' 'M' 'U'
 'M' 'M' 'M' 'A' 'M' 'M' 'M' 'M' 'M' 'M' 'M' 'U' 'M' 'U' 'U' 'M' 'M' 'M'
 'A' 'M' 'M' 'M' 'M' 'M' 'M' 'U' 'U' 'M' 'M' 'M' 'M' 'M' 'U' 'M' 'M' 'M']"
231801,0,152,4,148,46,0,0,"['A' 'M' 'U' 'M' 'M' 'U' 'M' 'U' 'M' 'M' 'M' 'M' 'M' 'M' 'M' 'U' 'M' 'M'
 'U' 'M' 'M' 'M' 'U' 'U' 'M' 'U' 'M' 'M' 'M' 'M' 'M' 'U' 'M' 'M' 'M' 'M'
 'U' 'M' 'M' 'U' 'M' 'U' 'M' 'U' 'M' 'M' 'M' 'U' 'M' 'M' 'M' 'M' 'M' 'M'
 'U' 'M' 'M' 'M' 'M' 'M' 'M' 'M' 'U' 'M' 'A' 'U' 'M' 'M' 'U' 'M' 'M' 'U'
 'M' 'M' 'M' 'M' 'M' 'M' 'M' 'M' 'M' 'M' 'M' 'M' 'M' 'M' 'M' 'M' 'M' 'M'
 'M' 'U' 'M' 'U' 'M' 'M' 'M' 'M' 'M' 'U' 'M' 'M' 'M' 'M' 'M' 'M' 'M' 'U'
 'U' 'U' 'M' 'M' 'M' 'M' 'M' 'M' 'M' 'M' 'M' 'M' 'M' 'M' 'M' 'M' 'M' 'M'
 'M' 'M' 'M' 'M' 'U' 'M' 'U' 'M' 'U' 'U' 'U' 'U' 'U' 'M' 'M' 'M' 'M' 'M'
 'M' 'M' 'M' 'U' 'U' 'U' 'M' 'M' 'M' 'M' 'M' 'M' 'U' 'M' 'M' 'M' 'M' 'U'
 'M' 'M' 'M' 'A' 'M' 'U' 'M' 'U' 'M' 'M' 'M' 'U' 'M' 'U' 'U' 'M' 'U' 'M'
 'A' 'M' 'M' 'M' 'M' 'M' 'M' 'U' 'U' 'M' 'M' 'M' 'M' 'M' 'M' 'M' 'M' 'U']"
231901,0,154,5,149,44,0,0,"['A' 'M' 'U' 'M' 'M' 'U' 'M' 'U' 'M' 'U' 'M' 'M' 'M' 'M' 'M' 'U' 'M' 'M'
 'U' 'M' 'M' 'M' 'M' 'M' 'M' 'U' 'M' 'M' 'M' 'M' 'M' 'U' 'M' 'M' 'M' 'M'
 'U' 'M' 'M' 'U' 'M' 'U' 'M' 'U' 'M' 'M' 'M' 'A' 'M' 'M' 'M' 'M' 'M' 'M'
 'U' 'M' 'M' 'M' 'M' 'M' 'M' 'M' 'M' 'M' 'A' 'U' 'M' 'M' 'M' 'M' 'M' 'M'
 'M' 'M' 'M' 'U' 'M' 'M' 'M' 'M' 'M' 'M' 'M' 'M' 'M' 'U' 'U' 'M' 'M' 'U'
 'M' 'M' 'M' 'M' 'M' 'M' 'M' 'M' 'M' 'M' 'M' 'M' 'M' 'M' 'M' 'M' 'M' 'U'
 'U' 'U' 'M' 'M' 'M' 'M' 'M' 'M' 'M' 'M' 'M' 'M' 'M' 'M' 'M' 'M' 'M' 'M'
 'M' 'M' 'M' 'M' 'U' 'M' 'M' 'M' 'U' 'U' 'U' 'U' 'M' 'U' 'M' 'M' 'M' 'M'
 'M' 'M' 'M' 'U' 'U' 'U' 'M' 'M' 'U' 'M' 'M' 'M' 'U' 'M' 'M' 'U' 'M' 'U'
 'U' 'M' 'M' 'A' 'M' 'M' 'M' 'U' 'M' 'U' 'M' 'U' 'M' 'U' 'U' 'M' 'U' 'M'
 'A' 'M' 'M' 'M' 'M' 'M' 'M' 'M' 'U' 'M' 'M' 'U' 'M' 'M' 'M' 'M' 'M' 'U']"
232001,0,153,5,148,45,0,1,"['A' 'M' 'U' 'M' 'M' 'M' 'M' 'U' 'M' 'U' 'M' 'M' 'M' 'M' 'M' 'U' 'M' 'U'
 'U' 'M' 'M' 'U' 'M' 'M' 'M' 'M' 'M' 'M' 'M' 'M' 'M' 'U' 'M' 'M' 'M' 'M'
 'U' 'M' 'M' 'A' 'M' 'U' 'M' 'M' 'M' 'M' 'M' 'U' 'M' 'M' 'M' 'M' 'M' 'M'
 'U' 'M' 'M' 'M' 'M' 'M' 'M' 'M' 'M' 'M' 'A' 'M' 'M' 'M' 'M' 'M' 'M' 'U'
 'M' 'M' 'M' 'U' 'M' 'U' 'U' 'M' 'M' 'M' 'M' 'M' 'M' 'M' 'M' 'M' 'M' 'M'
 'M' 'U' 'M' 'M' 'M' 'U' 'M' 'M' 'M' 'M' 'M' 'M' 'M' 'M' 'M' 'M' 'M' 'U'
 'U' 'U' 'M' 'M' 'M' 'M' 'M' 'M' 'M' 'M' 'M' 'M' 'U' 'M' 'M' 'M' 'M' 'M'
 'M' 'M' 'M' 'M' 'U' 'U' 'M' 'M' 'U' 'U' 'U' 'U' 'M' 'U' 'M' 'M' 'M' 'M'
 'M' 'M' 'M' 'U' 'M' 'U' 'M' 'M' 'U' 'M' 'M' 'U' 'U' 'M' 'M' 'M' 'M' 'U'
 'U' 'M' 'M' 'A' 'M' 'U' 'M' 'M' 'M' 'U' 'M' 'U' 'M' 'U' 'U' 'M' 'U' 'M'
 'A' 'M' 'M' 'M' 'M' 'M' 'M' 'M' 'U' 'M' 'M' 'U' 'M' 'M' 'M' 'M' 'M' 'U']"
232101,0,155,8,147,43,0,1,"['A' 'M' 'U' 'M' 'M' 'M' 'U' 'U' 'M' 'U' 'M' 'M' 'M' 'M' 'M' 'M' 'M' 'U'
 'U' 'M' 'M' 'M' 'M' 'M' 'M' 'M' 'M' 'M' 'M' 'U' 'M' 'U' 'M' 'M' 'M' 'M'
 'U' 'M' 'M' 'A' 'M' 'U' 'M' 'M' 'M' 'M' 'M' 'U' 'M' 'M' 'M' 'M' 'M' 'M'
 'U' 'M' 'M' 'M' 'M' 'M' 'M' 'M' 'M' 'M' 'A' 'M' 'U' 'M' 'U' 'M' 'M' 'U'
 'M' 'U' 'M' 'M' 'M' 'M' 'M' 'M' 'M' 'M' 'M' 'M' 'M' 'M' 'M' 'U' 'M' 'M'
 'M' 'M' 'M' 'M' 'M' 'M' 'M' 'M' 'M' 'M' 'M' 'M' 'M' 'M' 'M' 'M' 'M' 'U'
 'U' 'U' 'M' 'M' 'M' 'M' 'M' 'U' 'M' 'M' 'M' 'M' 'M' 'M' 'M' 'M' 'M' 'M'
 'M' 'M' 'M' 'M' 'U' 'U' 'M' 'U' 'U' 'U' 'U' 'U' 'A' 'U' 'M' 'M' 'M' 'M'
 'M' 'M' 'M' 'U' 'M' 'U' 'M' 'M' 'U' 'M' 'M' 'M' 'U' 'M' 'M' 'M' 'M' 'U'
 'M' 'M' 'M' 'A' 'M' 'U' 'M' 'M' 'M' 'U' 'M' 'U' 'M' 'U' 'U' 'U' 'A' 'U'
 'A' 'M' 'M' 'M' 'M' 'M' 'M' 'M' 'U' 'M' 'M' 'A' 'M' 'M' 'M' 'M' 'M' 'U']"
232201,0,157,8,149,41,0,0,"['A' 'M' 'M' 'M' 'M' 'M' 'M' 'U' 'M' 'M' 'M' 'M' 'M' 'M' 'M' 'M' 'M' 'U'
 'U' 'M' 'M' 'M' 'M' 'M' 'M' 'M' 'M' 'M' 'M' 'U' 'M' 'U' 'M' 'M' 'U' 'U'
 'M' 'M' 'M' 'A' 'M' 'U' 'M' 'M' 'M' 'M' 'M' 'U' 'M' 'M' 'M' 'M' 'M' 'M'
 'U' 'U' 'M' 'M' 'M' 'M' 'M' 'M' 'M' 'M' 'A' 'M' 'U' 'U' 'M' 'M' 'M' 'M'
 'M' 'M' 'M' 'M' 'M' 'U' 'M' 'M' 'M' 'M' 'M' 'M' 'M' 'U' 'U' 'M' 'M' 'M'
 'M' 'M' 'M' 'M' 'M' 'M' 'M' 'M' 'M' 'M' 'M' 'M' 'M' 'M' 'M' 'M' 'M' 'U'
 'U' 'U' 'M' 'M' 'M' 'M' 'M' 'U' 'M' 'M' 'M' 'M' 'M' 'M' 'M' 'M' 'M' 'M'
 'M' 'M' 'M' 'M' 'M' 'U' 'U' 'U' 'U' 'U' 'U' 'U' 'A' 'U' 'M' 'M' 'M' 'M'
 'M' 'M' 'M' 'U' 'M' 'U' 'M' 'M' 'M' 'M' 'M' 'M' 'U' 'M' 'M' 'M' 'M' 'A'
 'M' 'U' 'M' 'A' 'M' 'U' 'M' 'M' 'M' 'M' 'M' 'U' 'M' 'U' 'U' 'U' 'A' 'U'
 'A' 'M' 'M' 'M' 'M' 'M' 'M' 'M' 'U' 'M' 'M' 'U' 'M' 'M' 'M' 'M' 'M' 'U']"
232301,0,155,8,147,43,0,0,"['A' 'M' 'M' 'M' 'M' 'M' 'M' 'U' 'M' 'U' 'M' 'M' 'M' 'U' 'U' 'M' 'M' 'M'
 'M' 'M' 'U' 'M' 'M' 'M' 'M' 'M' 'M' 'U' 'M' 'U' 'M' 'A' 'M' 'M' 'U' 'M'
 'U' 'M' 'M' 'A' 'M' 'U' 'M' 'M' 'M' 'M' 'M' 'U' 'M' 'M' 'M' 'M' 'M' 'M'
 'U' 'U' 'M' 'M' 'M' 'M' 'M' 'M' 'M' 'M' 'U' 'M' 'M' 'M' 'M' 'M' 'M' 'U'
 'U' 'M' 'M' 'M' 'M' 'M' 'M' 'U' 'M' 'M' 'U' 'M' 'M' 'U' 'M' 'M' 'M' 'M'
 'M' 'M' 'M' 'M' 'M' 'M' 'M' 'M' 'M' 'M' 'M' 'M' 'A' 'M' 'M' 'M' 'M' 'U'
 'U' 'U' 'M' 'M' 'M' 'M' 'M' 'U' 'M' 'M' 'M' 'M' 'M' 'M' 'M' 'M' 'M' 'M'
 'M' 'M' 'M' 'M' 'M' 'U' 'U' 'U' 'U' 'U' 'U' 'U' 'A' 'U' 'M' 'M' 'M' 'M'
 'M' 'M' 'M' 'M' 'M' 'M' 'M' 'M' 'M' 'M' 'M' 'U' 'U' 'M' 'M' 'M' 'M' 'U'
 'M' 'U' 'M' 'A' 'M' 'A' 'M' 'M' 'M' 'M' 'M' 'U' 'M' 'U' 'U' 'U' 'U' 'U'
 'A' 'M' 'M' 'M' 'M' 'M' 'M' 'M' 'M' 'M' 'M' 'U' 'M' 'M' 'M' 'M' 'M' 'U']"
232401,0,161,9,152,37,0,0,"['A' 'M' 'M' 'M' 'M' 'M' 'M' 'M' 'M' 'M' 'M' 'M' 'M' 'U' 'U' 'M' 'M' 'M'
 'M' 'M' 'U' 'M' 'M' 'U' 'U' 'M' 'U' 'U' 'M' 'M' 'M' 'A' 'M' 'M' 'A' 'M'
 'U' 'M' 'M' 'A' 'M' 'U' 'M' 'M' 'M' 'M' 'M' 'U' 'M' 'M' 'M' 'M' 'M' 'M'
 'U' 'U' 'M' 'M' 'M' 'A' 'M' 'M' 'M' 'M' 'U' 'M' 'M' 'M' 'M' 'M' 'M' 'M'
 'M' 'M' 'M' 'M' 'U' 'M' 'U' 'M' 'M' 'M' 'M' 'M' 'M' 'U' 'M' 'M' 'M' 'M'
 'U' 'M' 'M' 'M' 'U' 'M' 'M' 'M' 'M' 'U' 'M' 'M' 'M' 'M' 'M' 'M' 'M' 'M'
 'U' 'U' 'M' 'M' 'U' 'M' 'M' 'U' 'M' 'M' 'M' 'M' 'M' 'M' 'M' 'M' 'M' 'M'
 'M' 'M' 'M' 'M' 'M' 'U' 'U' 'M' 'U' 'U' 'M' 'U' 'A' 'M' 'M' 'M' 'M' 'M'
 'U' 'M' 'M' 'M' 'M' 'M' 'M' 'M' 'M' 'M' 'M' 'U' 'M' 'M' 'M' 'M' 'M' 'M'
 'M' 'M' 'M' 'A' 'M' 'A' 'M' 'M' 'M' 'M' 'U' 'U' 'M' 'M' 'U' 'U' 'U' 'M'
 'A' 'M' 'M' 'M' 'M' 'M' 'M' 'M' 'M' 'M' 'M' 'U' 'M' 'M' 'M' 'M' 'M' 'U']"
232501,0,157,8,149,41,0,0,"['A' 'M' 'M' 'M' 'M' 'U' 'M' 'M' 'M' 'M' 'M' 'M' 'M' 'U' 'U' 'M' 'M' 'M'
 'M' 'M' 'M' 'M' 'M' 'U' 'M' 'M' 'U' 'U' 'M' 'M' 'M' 'U' 'M' 'M' 'A' 'M'
 'U' 'M' 'M' 'A' 'M' 'U' 'M' 'M' 'M' 'M' 'M' 'U' 'M' 'M' 'M' 'M' 'M' 'M'
 'U' 'U' 'M' 'U' 'M' 'M' 'U' 'M' 'M' 'M' 'U' 'M' 'M' 'U' 'U' 'M' 'M' 'M'
 'M' 'M' 'M' 'M' 'U' 'M' 'M' 'M' 'M' 'U' 'M' 'M' 'U' 'M' 'M' 'M' 'M' 'M'
 'M' 'M' 'M' 'M' 'M' 'M' 'M' 'M' 'M' 'U' 'M' 'M' 'M' 'U' 'M' 'M' 'M' 'M'
 'U' 'U' 'M' 'M' 'U' 'M' 'M' 'U' 'M' 'M' 'M' 'M' 'M' 'M' 'M' 'M' 'U' 'M'
 'M' 'M' 'M' 'M' 'M' 'U' 'A' 'M' 'U' 'M' 'M' 'U' 'A' 'M' 'M' 'U' 'M' 'M'
 'M' 'U' 'U' 'M' 'M' 'M' 'M' 'M' 'M' 'M' 'M' 'U' 'M' 'M' 'M' 'M' 'M' 'M'
 'M' 'M' 'M' 'A' 'M' 'A' 'M' 'M' 'M' 'M' 'M' 'U' 'M' 'M' 'U' 'U' 'U' 'U'
 'A' 'M' 'M' 'M' 'M' 'M' 'M' 'M' 'U' 'M' 'M' 'M' 'M' 'M' 'M' 'M' 'M' 'U']"
232601,0,163,10,153,35,0,0,"['A' 'M' 'M' 'M' 'M' 'U' 'M' 'M' 'M' 'M' 'M' 'U' 'M' 'A' 'U' 'M' 'M' 'M'
 'M' 'M' 'M' 'M' 'M' 'U' 'M' 'M' 'U' 'M' 'M' 'M' 'M' 'U' 'M' 'M' 'A' 'M'
 'U' 'M' 'M' 'A' 'M' 'U' 'M' 'M' 'M' 'M' 'M' 'U' 'M' 'M' 'M' 'M' 'M' 'M'
 'U' 'A' 'M' 'U' 'M' 'M' 'U' 'M' 'M' 'M' 'M' 'U' 'M' 'M' 'M' 'M' 'M' 'M'
 'M' 'U' 'M' 'M' 'M' 'M' 'M' 'M' 'M' 'M' 'U' 'M' 'M' 'M' 'M' 'M' 'M' 'M'
 'U' 'M' 'M' 'M' 'U' 'M' 'M' 'M' 'M' 'M' 'M' 'M' 'M' 'U' 'M' 'M' 'M' 'M'
 'U' 'U' 'M' 'M' 'U' 'M' 'M' 'U' 'M' 'M' 'M' 'M' 'M' 'M' 'M' 'M' 'U' 'A'
 'M' 'M' 'M' 'M' 'M' 'U' 'A' 'M' 'M' 'M' 'M' 'M' 'U' 'M' 'M' 'U' 'M' 'M'
 'M' 'U' 'U' 'M' 'M' 'M' 'M' 'M' 'M' 'M' 'M' 'U' 'M' 'M' 'M' 'M' 'M' 'M'
 'M' 'M' 'M' 'A' 'M' 'A' 'M' 'M' 'M' 'M' 'M' 'U' 'M' 'M' 'U' 'U' 'M' 'U'
 'A' 'M' 'M' 'M' 'M' 'M' 'U' 'M' 'U' 'M' 'M' 'M' 'M' 'M' 'M' 'M' 'M' 'M']"
232701,0,169,9,160,29,0,0,"['A' 'M' 'M' 'M' 'M' 'M' 'M' 'M' 'M' 'M' 'M' 'U' 'M' 'A' 'U' 'M' 'M' 'M'
 'M' 'M' 'M' 'M' 'M' 'U' 'M' 'M' 'U' 'M' 'M' 'M' 'M' 'M' 'M' 'M' 'M' 'M'
 'U' 'M' 'M' 'A' 'M' 'U' 'M' 'M' 'M' 'M' 'M' 'M' 'M' 'M' 'M' 'U' 'M' 'M'
 'U' 'A' 'M' 'M' 'M' 'M' 'U' 'U' 'M' 'M' 'M' 'U' 'M' 'M' 'M' 'M' 'M' 'M'
 'M' 'U' 'M' 'M' 'M' 'M' 'M' 'M' 'M' 'U' 'M' 'M' 'M' 'M' 'M' 'M' 'U' 'M'
 'M' 'M' 'U' 'M' 'M' 'M' 'M' 'M' 'M' 'M' 'M' 'M' 'M' 'U' 'M' 'M' 'M' 'M'
 'U' 'U' 'M' 'M' 'U' 'M' 'M' 'U' 'M' 'M' 'M' 'M' 'M' 'M' 'M' 'M' 'M' 'A'
 'M' 'M' 'M' 'M' 'M' 'U' 'A' 'M' 'M' 'M' 'M' 'M' 'U' 'M' 'M' 'M' 'M' 'M'
 'M' 'M' 'M' 'M' 'M' 'M' 'M' 'M' 'M' 'M' 'M' 'U' 'M' 'M' 'M' 'M' 'U' 'M'
 'M' 'M' 'M' 'A' 'M' 'A' 'M' 'M' 'M' 'M' 'M' 'U' 'M' 'M' 'U' 'U' 'M' 'U'
 'A' 'M' 'M' 'M' 'M' 'M' 'U' 'M' 'M' 'M' 'M' 'M' 'M' 'M' 'M' 'M' 'M' 'M']"
232801,0,171,10,161,27,0,0,"['A' 'M' 'M' 'M' 'M' 'M' 'M' 'M' 'M' 'M' 'M' 'M' 'M' 'A' 'U' 'M' 'M' 'M'
 'M' 'M' 'M' 'M' 'M' 'U' 'M' 'U' 'U' 'M' 'M' 'M' 'M' 'M' 'M' 'M' 'M' 'M'
 'U' 'M' 'M' 'A' 'M' 'A' 'M' 'M' 'M' 'M' 'M' 'M' 'M' 'M' 'M' 'U' 'M' 'M'
 'M' 'A' 'M' 'M' 'M' 'M' 'U' 'U' 'M' 'M' 'M' 'M' 'M' 'M' 'U' 'M' 'M' 'M'
 'M' 'U' 'M' 'M' 'M' 'U' 'M' 'M' 'M' 'M' 'M' 'M' 'M' 'M' 'M' 'M' 'M' 'M'
 'M' 'U' 'M' 'M' 'U' 'M' 'M' 'M' 'M' 'M' 'M' 'M' 'U' 'M' 'M' 'M' 'M' 'M'
 'A' 'U' 'M' 'M' 'U' 'M' 'M' 'U' 'M' 'M' 'M' 'M' 'M' 'M' 'U' 'M' 'M' 'A'
 'M' 'M' 'M' 'M' 'M' 'U' 'A' 'M' 'M' 'M' 'M' 'M' 'U' 'M' 'M' 'M' 'M' 'M'
 'M' 'M' 'M' 'M' 'M' 'M' 'M' 'M' 'M' 'M' 'M' 'U' 'M' 'M' 'M' 'U' 'U' 'M'
 'M' 'M' 'M' 'A' 'M' 'M' 'M' 'M' 'M' 'M' 'M' 'M' 'M' 'M' 'U' 'M' 'M' 'U'
 'A' 'M' 'M' 'M' 'M' 'M' 'U' 'M' 'M' 'M' 'U' 'M' 'M' 'M' 'M' 'M' 'M' 'M']"
232901,0,169,10,159,29,0,0,"['A' 'M' 'M' 'M' 'M' 'M' 'M' 'M' 'M' 'M' 'M' 'M' 'M' 'A' 'U' 'M' 'M' 'M'
 'M' 'M' 'M' 'M' 'M' 'U' 'M' 'M' 'U' 'M' 'M' 'U' 'M' 'M' 'M' 'M' 'M' 'M'
 'U' 'M' 'M' 'A' 'M' 'A' 'M' 'M' 'M' 'M' 'M' 'M' 'M' 'M' 'M' 'U' 'M' 'M'
 'M' 'U' 'M' 'M' 'M' 'M' 'U' 'A' 'M' 'M' 'M' 'M' 'U' 'U' 'M' 'M' 'M' 'M'
 'M' 'M' 'M' 'M' 'M' 'M' 'M' 'M' 'M' 'M' 'M' 'M' 'M' 'M' 'M' 'M' 'M' 'U'
 'M' 'U' 'M' 'M' 'U' 'M' 'M' 'M' 'M' 'M' 'M' 'M' 'U' 'M' 'M' 'M' 'M' 'M'
 'U' 'U' 'M' 'M' 'U' 'M' 'M' 'A' 'M' 'M' 'M' 'M' 'M' 'M' 'U' 'M' 'M' 'A'
 'M' 'M' 'M' 'M' 'M' 'U' 'A' 'M' 'M' 'M' 'M' 'U' 'U' 'M' 'M' 'M' 'M' 'U'
 'M' 'M' 'M' 'M' 'M' 'M' 'M' 'M' 'M' 'M' 'M' 'U' 'M' 'M' 'M' 'U' 'U' 'M'
 'M' 'M' 'M' 'A' 'M' 'M' 'M' 'M' 'M' 'M' 'M' 'M' 'M' 'M' 'M' 'M' 'U' 'U'
 'A' 'M' 'M' 'M' 'M' 'M' 'M' 'M' 'M' 'M' 'U' 'M' 'M' 'M' 'M' 'U' 'M' 'M']"
233001,0,167,7,160,31,0,0,"['A' 'M' 'M' 'M' 'M' 'M' 'M' 'M' 'M' 'M' 'M' 'M' 'M' 'A' 'U' 'M' 'M' 'M'
 'M' 'M' 'M' 'M' 'U' 'M' 'M' 'M' 'U' 'M' 'U' 'U' 'M' 'M' 'M' 'M' 'M' 'U'
 'U' 'M' 'M' 'A' 'M' 'U' 'M' 'M' 'M' 'M' 'M' 'M' 'M' 'M' 'M' 'M' 'M' 'M'
 'M' 'U' 'M' 'M' 'M' 'M' 'U' 'A' 'M' 'M' 'U' 'M' 'M' 'M' 'U' 'M' 'M' 'M'
 'M' 'M' 'M' 'M' 'M' 'U' 'M' 'M' 'U' 'U' 'M' 'M' 'M' 'M' 'M' 'M' 'M' 'M'
 'M' 'M' 'U' 'M' 'M' 'M' 'M' 'M' 'M' 'M' 'M' 'M' 'M' 'M' 'M' 'M' 'M' 'M'
 'U' 'U' 'M' 'M' 'M' 'M' 'M' 'U' 'M' 'M' 'M' 'M' 'M' 'M' 'M' 'M' 'U' 'A'
 'M' 'M' 'M' 'M' 'M' 'M' 'A' 'M' 'M' 'M' 'M' 'U' 'M' 'M' 'M' 'M' 'U' 'U'
 'M' 'M' 'M' 'M' 'M' 'M' 'M' 'M' 'M' 'M' 'M' 'U' 'M' 'M' 'M' 'M' 'U' 'M'
 'M' 'M' 'M' 'A' 'U' 'M' 'M' 'M' 'M' 'M' 'M' 'M' 'U' 'M' 'M' 'M' 'M' 'U'
 'U' 'M' 'M' 'M' 'M' 'M' 'M' 'M' 'M' 'M' 'M' 'M' 'M' 'M' 'M' 'U' 'U' 'M']"
233101,0,161,7,154,37,0,0,"['A' 'M' 'M' 'M' 'M' 'M' 'M' 'M' 'M' 'U' 'M' 'M' 'M' 'A' 'U' 'M' 'M' 'M'
 'M' 'M' 'M' 'M' 'U' 'M' 'M' 'M' 'U' 'M' 'U' 'U' 'M' 'M' 'M' 'M' 'U' 'M'
 'U' 'M' 'M' 'U' 'M' 'U' 'M' 'M' 'M' 'M' 'M' 'M' 'M' 'U' 'M' 'M' 'M' 'M'
 'M' 'U' 'M' 'M' 'M' 'M' 'M' 'A' 'M' 'M' 'U' 'M' 'U' 'U' 'M' 'M' 'M' 'M'
 'M' 'U' 'M' 'U' 'M' 'M' 'M' 'M' 'M' 'M' 'M' 'U' 'M' 'M' 'M' 'M' 'M' 'M'
 'M' 'M' 'M' 'M' 'M' 'M' 'M' 'M' 'M' 'M' 'M' 'M' 'M' 'M' 'M' 'M' 'M' 'M'
 'U' 'M' 'M' 'M' 'M' 'M' 'M' 'U' 'M' 'M' 'M' 'M' 'M' 'U' 'M' 'M' 'U' 'A'
 'M' 'M' 'M' 'M' 'M' 'U' 'U' 'U' 'U' 'U' 'U' 'U' 'U' 'M' 'M' 'M' 'M' 'U'
 'M' 'M' 'M' 'M' 'M' 'M' 'M' 'U' 'M' 'M' 'M' 'U' 'M' 'M' 'M' 'U' 'U' 'M'
 'M' 'M' 'M' 'A' 'A' 'M' 'M' 'M' 'M' 'M' 'M' 'M' 'M' 'M' 'M' 'M' 'M' 'A'
 'U' 'M' 'M' 'M' 'M' 'M' 'M' 'M' 'M' 'M' 'M' 'M' 'M' 'M' 'M' 'M' 'U' 'M']"
233201,0,167,7,160,31,0,0,"['A' 'M' 'M' 'M' 'M' 'M' 'M' 'M' 'M' 'M' 'U' 'M' 'M' 'A' 'U' 'M' 'M' 'M'
 'M' 'M' 'M' 'M' 'M' 'M' 'M' 'M' 'U' 'M' 'U' 'U' 'M' 'M' 'U' 'M' 'M' 'M'
 'U' 'M' 'M' 'M' 'M' 'U' 'M' 'M' 'M' 'M' 'M' 'M' 'M' 'U' 'M' 'M' 'M' 'M'
 'M' 'U' 'M' 'M' 'M' 'M' 'M' 'A' 'M' 'M' 'U' 'M' 'M' 'M' 'M' 'M' 'M' 'U'
 'M' 'U' 'U' 'M' 'M' 'M' 'M' 'M' 'M' 'M' 'M' 'M' 'M' 'M' 'M' 'M' 'U' 'M'
 'U' 'M' 'M' 'M' 'M' 'M' 'M' 'M' 'M' 'U' 'M' 'M' 'U' 'M' 'M' 'M' 'M' 'M'
 'U' 'M' 'M' 'M' 'M' 'M' 'M' 'U' 'M' 'M' 'M' 'M' 'M' 'U' 'M' 'M' 'M' 'A'
 'M' 'U' 'U' 'M' 'M' 'U' 'M' 'U' 'M' 'U' 'M' 'M' 'U' 'M' 'M' 'M' 'M' 'M'
 'M' 'M' 'M' 'M' 'M' 'M' 'M' 'U' 'M' 'M' 'M' 'U' 'M' 'M' 'M' 'M' 'M' 'M'
 'M' 'M' 'M' 'A' 'A' 'M' 'M' 'M' 'M' 'M' 'M' 'M' 'M' 'U' 'M' 'M' 'M' 'A'
 'M' 'M' 'M' 'M' 'M' 'M' 'M' 'M' 'M' 'M' 'M' 'M' 'M' 'M' 'M' 'M' 'U' 'M']"
233301,0,159,7,152,39,0,0,"['A' 'M' 'M' 'M' 'M' 'M' 'M' 'M' 'U' 'M' 'M' 'M' 'M' 'U' 'M' 'M' 'M' 'M'
 'M' 'M' 'M' 'U' 'M' 'M' 'M' 'M' 'U' 'M' 'U' 'U' 'M' 'M' 'U' 'M' 'M' 'M'
 'U' 'M' 'M' 'M' 'M' 'U' 'M' 'U' 'M' 'M' 'M' 'M' 'M' 'U' 'M' 'M' 'M' 'M'
 'M' 'A' 'M' 'M' 'U' 'M' 'M' 'A' 'M' 'M' 'U' 'M' 'M' 'M' 'M' 'M' 'M' 'U'
 'U' 'M' 'M' 'M' 'U' 'M' 'M' 'M' 'M' 'M' 'M' 'M' 'M' 'U' 'M' 'M' 'M' 'M'
 'M' 'M' 'M' 'M' 'U' 'U' 'M' 'U' 'M' 'M' 'M' 'M' 'U' 'M' 'M' 'M' 'M' 'M'
 'U' 'M' 'M' 'M' 'M' 'M' 'M' 'U' 'M' 'M' 'M' 'M' 'M' 'U' 'M' 'M' 'M' 'A'
 'M' 'U' 'U' 'M' 'M' 'U' 'M' 'U' 'M' 'U' 'M' 'M' 'U' 'M' 'M' 'M' 'M' 'M'
 'M' 'U' 'M' 'M' 'M' 'M' 'M' 'U' 'M' 'M' 'M' 'U' 'M' 'M' 'M' 'M' 'M' 'M'
 'M' 'M' 'M' 'U' 'A' 'M' 'M' 'M' 'M' 'M' 'U' 'M' 'M' 'A' 'M' 'M' 'U' 'A'
 'U' 'M' 'M' 'M' 'M' 'M' 'M' 'M' 'M' 'M' 'M' 'M' 'M' 'U' 'M' 'M' 'U' 'M']"
233401,0,160,5,155,38,0,0,"['A' 'M' 'M' 'M' 'M' 'M' 'M' 'M' 'U' 'M' 'M' 'M' 'M' 'U' 'M' 'M' 'M' 'M'
 'M' 'M' 'M' 'U' 'M' 'M' 'M' 'M' 'U' 'M' 'M' 'U' 'M' 'M' 'U' 'M' 'U' 'M'
 'M' 'M' 'M' 'M' 'M' 'U' 'M' 'M' 'M' 'U' 'M' 'M' 'M' 'U' 'M' 'M' 'M' 'M'
 'M' 'A' 'M' 'M' 'U' 'M' 'M' 'U' 'M' 'M' 'U' 'M' 'M' 'M' 'M' 'U' 'M' 'M'
 'M' 'M' 'M' 'M' 'M' 'M' 'M' 'M' 'M' 'M' 'M' 'M' 'U' 'M' 'M' 'U' 'M' 'M'
 'U' 'M' 'U' 'M' 'M' 'U' 'M' 'U' 'M' 'M' 'M' 'M' 'M' 'M' 'M' 'M' 'M' 'M'
 'M' 'M' 'M' 'M' 'M' 'M' 'M' 'U' 'M' 'M' 'M' 'M' 'M' 'U' 'M' 'M' 'M' 'A'
 'M' 'U' 'U' 'M' 'U' 'U' 'U' 'U' 'M' 'M' 'M' 'U' 'M' 'M' 'M' 'M' 'M' 'M'
 'M' 'U' 'M' 'M' 'M' 'M' 'M' 'U' 'M' 'M' 'M' 'M' 'M' 'M' 'M' 'M' 'M' 'M'
 'M' 'M' 'M' 'U' 'A' 'M' 'M' 'M' 'M' 'M' 'U' 'M' 'M' 'U' 'M' 'M' 'M' 'A'
 'U' 'M' 'M' 'M' 'M' 'M' 'M' 'M' 'M' 'M' 'U' 'M' 'M' 'U' 'M' 'M' 'U' 'M']"
233501,0,162,5,157,36,1,0,"['A' 'U' 'M' 'M' 'M' 'M' 'M' 'U' 'U' 'M' 'M' 'M' 'M' 'U' 'M' 'M' 'M' 'U'
 'M' 'M' 'M' 'U' 'M' 'M' 'M' 'M' 'U' 'M' 'M' 'M' 'M' 'M' 'U' 'M' 'U' 'M'
 'M' 'M' 'M' 'M' 'M' 'M' 'M' 'M' 'M' 'U' 'M' 'M' 'M' 'M' 'M' 'M' 'M' 'M'
 'M' 'A' 'M' 'M' 'U' 'M' 'M' 'U' 'M' 'M' 'U' 'M' 'U' 'M' 'M' 'M' 'U' 'M'
 'M' 'M' 'M' 'M' 'M' 'M' 'M' 'M' 'M' 'M' 'M' 'M' 'M' 'M' 'M' 'U' 'M' 'M'
 'U' 'M' 'M' 'M' 'U' 'U' 'M' 'M' 'M' 'M' 'M' 'M' 'M' 'M' 'M' 'M' 'M' 'M'
 'M' 'M' 'M' 'M' 'M' 'M' 'M' 'U' 'M' 'M' 'M' 'M' 'M' 'M' 'M' 'M' 'M' 'A'
 'M' 'U' 'U' 'M' 'U' 'U' 'U' 'U' 'M' 'M' 'M' 'U' 'M' 'M' 'U' 'M' 'M' 'M'
 'M' 'M' 'M' 'M' 'M' 'M' 'M' 'U' 'M' 'M' 'M' 'M' 'M' 'M' 'M' 'M' 'M' 'M'
 'M' 'M' 'M' 'U' 'A' 'M' 'M' 'U' 'M' 'M' 'U' 'M' 'M' 'M' 'M' 'M' 'M' 'A'
 'M' 'M' 'M' 'M' 'M' 'M' 'M' 'M' 'U' 'M' 'U' 'M' 'M' 'U' 'M' 'M' 'U' 'M']"
233601,0,154,5,149,44,0,0,"['A' 'M' 'M' 'U' 'M' 'M' 'M' 'U' 'U' 'U' 'M' 'M' 'U' 'U' 'M' 'M' 'M' 'U'
 'M' 'M' 'M' 'M' 'M' 'M' 'M' 'M' 'U' 'U' 'M' 'U' 'M' 'M' 'M' 'M' 'U' 'M'
 'M' 'M' 'M' 'M' 'M' 'U' 'M' 'M' 'U' 'U' 'M' 'M' 'M' 'M' 'M' 'M' 'M' 'M'
 'M' 'A' 'M' 'M' 'U' 'M' 'M' 'U' 'M' 'M' 'M' 'M' 'M' 'M' 'M' 'M' 'U' 'M'
 'M' 'M' 'M' 'U' 'M' 'U' 'M' 'M' 'M' 'M' 'M' 'M' 'M' 'M' 'U' 'M' 'M' 'M'
 'U' 'M' 'M' 'M' 'M' 'M' 'M' 'M' 'M' 'M' 'M' 'M' 'M' 'M' 'M' 'M' 'M' 'M'
 'M' 'M' 'U' 'M' 'U' 'U' 'M' 'U' 'M' 'M' 'M' 'M' 'M' 'M' 'M' 'M' 'M' 'A'
 'M' 'M' 'U' 'U' 'M' 'U' 'U' 'U' 'M' 'M' 'M' 'U' 'U' 'M' 'A' 'M' 'M' 'M'
 'M' 'U' 'U' 'M' 'M' 'M' 'M' 'U' 'M' 'M' 'M' 'M' 'M' 'M' 'M' 'M' 'M' 'M'
 'M' 'M' 'M' 'M' 'U' 'M' 'M' 'U' 'U' 'U' 'U' 'M' 'M' 'M' 'M' 'M' 'M' 'A'
 'M' 'M' 'M' 'M' 'M' 'M' 'M' 'M' 'U' 'M' 'U' 'M' 'M' 'U' 'M' 'M' 'U' 'M']"
233701,0,152,3,149,46,1,0,"['A' 'M' 'M' 'U' 'M' 'M' 'M' 'M' 'U' 'U' 'M' 'M' 'M' 'U' 'M' 'M' 'M' 'U'
 'M' 'M' 'M' 'M' 'M' 'M' 'M' 'M' 'U' 'U' 'M' 'M' 'M' 'M' 'M' 'M' 'U' 'M'
 'M' 'M' 'M' 'M' 'M' 'U' 'M' 'M' 'U' 'U' 'M' 'M' 'M' 'M' 'M' 'M' 'M' 'M'
 'M' 'A' 'M' 'M' 'U' 'M' 'M' 'U' 'M' 'M' 'M' 'M' 'M' 'M' 'M' 'M' 'M' 'M'
 'M' 'U' 'M' 'M' 'M' 'M' 'M' 'M' 'M' 'U' 'U' 'M' 'M' 'M' 'M' 'M' 'M' 'M'
 'M' 'M' 'U' 'M' 'U' 'M' 'M' 'M' 'M' 'M' 'M' 'M' 'M' 'M' 'M' 'M' 'M' 'M'
 'M' 'M' 'U' 'M' 'M' 'U' 'M' 'M' 'M' 'M' 'M' 'M' 'M' 'M' 'M' 'M' 'M' 'U'
 'M' 'M' 'U' 'U' 'M' 'U' 'M' 'U' 'U' 'U' 'U' 'U' 'U' 'U' 'U' 'M' 'M' 'M'
 'U' 'U' 'M' 'M' 'M' 'M' 'M' 'U' 'M' 'M' 'M' 'M' 'M' 'M' 'U' 'M' 'U' 'M'
 'M' 'M' 'M' 'M' 'U' 'M' 'M' 'M' 'U' 'U' 'U' 'M' 'M' 'M' 'M' 'M' 'M' 'A'
 'M' 'M' 'M' 'M' 'M' 'M' 'M' 'M' 'U' 'M' 'U' 'M' 'U' 'U' 'M' 'M' 'U' 'M']"
233801,1,159,3,156,39,0,0,"['A' 'M' 'U' 'U' 'M' 'M' 'M' 'M' 'U' 'U' 'M' 'M' 'M' 'U' 'M' 'M' 'M' 'U'
 'M' 'M' 'M' 'M' 'M' 'M' 'M' 'M' 'U' 'M' 'M' 'M' 'M' 'M' 'M' 'M' 'M' 'M'
 'M' 'M' 'M' 'M' 'U' 'U' 'M' 'M' 'U' 'U' 'M' 'M' 'M' 'M' 'M' 'M' 'M' 'M'
 'M' 'A' 'M' 'M' 'U' 'M' 'M' 'U' 'M' 'M' 'M' 'M' 'M' 'M' 'M' 'U' 'M' 'M'
 'M' 'M' 'M' 'M' 'M' 'M' 'M' 'M' 'M' 'M' 'M' 'U' 'M' 'M' 'M' 'U' 'M' 'M'
 'M' 'U' 'U' 'M' 'M' 'M' 'M' 'M' 'M' 'M' 'M' 'M' 'M' 'M' 'M' 'U' 'M' 'M'
 'M' 'M' 'A' 'M' 'M' 'M' 'M' 'M' 'M' 'M' 'U' 'M' 'M' 'M' 'M' 'M' 'M' 'M'
 'M' 'M' 'U' 'M' 'M' 'U' 'M' 'U' 'U' 'U' 'U' 'U' 'U' 'U' 'U' 'M' 'M' 'M'
 'U' 'M' 'M' 'M' 'M' 'M' 'M' 'U' 'M' 'M' 'M' 'M' 'M' 'M' 'M' 'M' 'U' 'M'
 'M' 'M' 'M' 'M' 'M' 'M' 'M' 'M' 'U' 'U' 'M' 'M' 'M' 'M' 'M' 'M' 'M' 'M'
 'M' 'M' 'M' 'M' 'M' 'M' 'M' 'M' 'M' 'M' 'U' 'M' 'U' 'U' 'M' 'M' 'U' 'M']"
233901,1,149,2,147,49,1,0,"['A' 'M' 'U' 'U' 'M' 'M' 'M' 'M' 'U' 'M' 'U' 'M' 'M' 'U' 'M' 'U' 'U' 'A'
 'M' 'M' 'M' 'M' 'M' 'M' 'M' 'U' 'U' 'M' 'M' 'M' 'M' 'M' 'M' 'M' 'M' 'M'
 'M' 'M' 'M' 'M' 'U' 'U' 'M' 'M' 'M' 'U' 'M' 'M' 'M' 'M' 'M' 'M' 'M' 'U'
 'M' 'U' 'U' 'M' 'M' 'M' 'M' 'U' 'M' 'M' 'M' 'U' 'M' 'M' 'M' 'M' 'M' 'M'
 'M' 'M' 'M' 'M' 'M' 'M' 'M' 'M' 'M' 'M' 'M' 'U' 'M' 'M' 'M' 'M' 'U' 'M'
 'M' 'M' 'U' 'M' 'U' 'U' 'M' 'M' 'M' 'M' 'M' 'U' 'M' 'M' 'M' 'U' 'M' 'M'
 'M' 'M' 'U' 'M' 'M' 'M' 'M' 'M' 'M' 'M' 'U' 'M' 'M' 'M' 'M' 'M' 'M' 'M'
 'M' 'M' 'U' 'U' 'M' 'U' 'U' 'U' 'U' 'U' 'U' 'U' 'U' 'U' 'U' 'U' 'M' 'M'
 'U' 'M' 'M' 'M' 'M' 'M' 'M' 'U' 'M' 'M' 'M' 'M' 'M' 'M' 'U' 'M' 'U' 'M'
 'M' 'M' 'M' 'M' 'M' 'M' 'M' 'M' 'U' 'U' 'M' 'M' 'M' 'M' 'M' 'M' 'M' 'M'
 'M' 'M' 'M' 'M' 'M' 'M' 'M' 'M' 'M' 'M' 'U' 'M' 'U' 'U' 'M' 'M' 'U' 'M']"
234001,1,156,4,152,42,0,0,"['A' 'M' 'U' 'M' 'M' 'M' 'M' 'M' 'U' 'M' 'U' 'M' 'M' 'U' 'M' 'M' 'U' 'A'
 'M' 'M' 'M' 'M' 'M' 'M' 'M' 'M' 'U' 'M' 'M' 'M' 'M' 'M' 'M' 'M' 'M' 'M'
 'M' 'M' 'M' 'M' 'U' 'U' 'M' 'M' 'M' 'U' 'M' 'M' 'M' 'M' 'M' 'M' 'M' 'U'
 'M' 'U' 'U' 'M' 'M' 'M' 'M' 'U' 'M' 'M' 'M' 'M' 'M' 'U' 'M' 'M' 'M' 'M'
 'M' 'M' 'M' 'M' 'M' 'U' 'M' 'M' 'M' 'M' 'M' 'M' 'U' 'M' 'M' 'M' 'U' 'U'
 'M' 'M' 'M' 'M' 'M' 'U' 'M' 'M' 'M' 'M' 'M' 'M' 'M' 'M' 'M' 'U' 'M' 'M'
 'M' 'M' 'U' 'M' 'M' 'M' 'U' 'M' 'M' 'M' 'U' 'M' 'M' 'M' 'M' 'M' 'M' 'M'
 'M' 'U' 'U' 'U' 'M' 'M' 'A' 'U' 'U' 'U' 'U' 'U' 'U' 'M' 'U' 'U' 'M' 'M'
 'U' 'M' 'M' 'M' 'U' 'M' 'M' 'M' 'M' 'M' 'M' 'M' 'M' 'M' 'U' 'M' 'U' 'M'
 'M' 'M' 'M' 'M' 'M' 'M' 'M' 'M' 'U' 'A' 'M' 'M' 'M' 'M' 'M' 'M' 'M' 'M'
 'M' 'M' 'M' 'M' 'M' 'M' 'M' 'M' 'M' 'M' 'M' 'M' 'U' 'U' 'M' 'M' 'U' 'M']"
234101,0,157,3,154,41,1,0,"['A' 'M' 'U' 'M' 'M' 'M' 'M' 'M' 'U' 'M' 'U' 'M' 'U' 'U' 'U' 'M' 'M' 'A'
 'M' 'M' 'M' 'M' 'M' 'M' 'M' 'M' 'U' 'M' 'M' 'M' 'M' 'M' 'M' 'U' 'M' 'M'
 'M' 'M' 'M' 'M' 'U' 'U' 'M' 'M' 'M' 'U' 'M' 'M' 'M' 'M' 'M' 'M' 'M' 'U'
 'M' 'U' 'U' 'M' 'M' 'M' 'M' 'M' 'M' 'M' 'M' 'M' 'M' 'M' 'M' 'M' 'U' 'U'
 'M' 'M' 'M' 'M' 'M' 'M' 'M' 'M' 'M' 'M' 'U' 'M' 'M' 'M' 'M' 'M' 'U' 'M'
 'U' 'M' 'M' 'M' 'M' 'M' 'M' 'M' 'M' 'M' 'M' 'M' 'M' 'M' 'M' 'M' 'M' 'M'
 'M' 'M' 'U' 'M' 'M' 'M' 'U' 'M' 'M' 'M' 'M' 'M' 'M' 'M' 'M' 'M' 'M' 'M'
 'M' 'M' 'U' 'U' 'M' 'M' 'A' 'U' 'U' 'U' 'U' 'M' 'U' 'M' 'U' 'U' 'M' 'M'
 'U' 'M' 'M' 'M' 'U' 'M' 'M' 'M' 'M' 'M' 'M' 'M' 'U' 'M' 'U' 'M' 'U' 'M'
 'M' 'U' 'M' 'M' 'U' 'M' 'M' 'M' 'U' 'U' 'M' 'M' 'M' 'M' 'M' 'M' 'M' 'M'
 'M' 'M' 'M' 'M' 'M' 'M' 'M' 'M' 'M' 'M' 'M' 'U' 'U' 'M' 'M' 'M' 'M' 'M']"
234201,0,164,2,162,34,0,0,"['A' 'M' 'M' 'M' 'M' 'M' 'U' 'M' 'M' 'U' 'U' 'U' 'U' 'M' 'M' 'M' 'M' 'U'
 'M' 'M' 'M' 'M' 'M' 'M' 'M' 'M' 'M' 'M' 'M' 'M' 'M' 'M' 'M' 'A' 'M' 'M'
 'M' 'M' 'M' 'M' 'M' 'M' 'U' 'M' 'M' 'U' 'M' 'M' 'M' 'M' 'M' 'M' 'M' 'U'
 'M' 'U' 'M' 'M' 'M' 'M' 'U' 'M' 'M' 'M' 'M' 'M' 'M' 'M' 'U' 'M' 'M' 'M'
 'M' 'U' 'M' 'M' 'U' 'M' 'M' 'M' 'U' 'U' 'M' 'M' 'M' 'M' 'M' 'M' 'M' 'M'
 'M' 'M' 'M' 'M' 'M' 'M' 'M' 'M' 'M' 'M' 'M' 'M' 'M' 'M' 'M' 'M' 'M' 'M'
 'M' 'M' 'M' 'M' 'M' 'M' 'U' 'M' 'M' 'M' 'M' 'M' 'M' 'M' 'M' 'M' 'M' 'M'
 'M' 'M' 'U' 'U' 'M' 'M' 'U' 'U' 'U' 'U' 'U' 'M' 'M' 'M' 'U' 'U' 'M' 'M'
 'U' 'M' 'M' 'U' 'U' 'M' 'M' 'M' 'M' 'M' 'M' 'M' 'M' 'U' 'M' 'M' 'U' 'M'
 'M' 'U' 'M' 'M' 'M' 'M' 'M' 'M' 'M' 'U' 'M' 'M' 'M' 'M' 'M' 'M' 'M' 'M'
 'M' 'M' 'M' 'M' 'M' 'M' 'M' 'M' 'M' 'M' 'M' 'U' 'M' 'M' 'M' 'M' 'M' 'M']"
234301,0,162,1,161,36,1,0,"['A' 'M' 'M' 'M' 'M' 'M' 'U' 'M' 'M' 'M' 'M' 'U' 'U' 'M' 'M' 'M' 'M' 'U'
 'M' 'M' 'M' 'M' 'M' 'M' 'U' 'M' 'M' 'M' 'U' 'M' 'M' 'M' 'M' 'U' 'M' 'M'
 'M' 'M' 'M' 'M' 'M' 'M' 'M' 'M' 'M' 'U' 'M' 'M' 'U' 'U' 'M' 'M' 'M' 'M'
 'M' 'U' 'M' 'M' 'M' 'M' 'M' 'M' 'M' 'M' 'M' 'M' 'M' 'M' 'M' 'U' 'M' 'U'
 'M' 'M' 'U' 'M' 'M' 'M' 'M' 'M' 'M' 'M' 'M' 'M' 'U' 'M' 'M' 'M' 'M' 'M'
 'M' 'M' 'M' 'U' 'M' 'M' 'M' 'M' 'M' 'M' 'M' 'M' 'M' 'M' 'M' 'M' 'M' 'M'
 'M' 'M' 'M' 'M' 'M' 'M' 'U' 'M' 'M' 'M' 'M' 'M' 'U' 'M' 'M' 'M' 'M' 'M'
 'M' 'M' 'U' 'U' 'M' 'U' 'M' 'U' 'U' 'U' 'U' 'U' 'U' 'M' 'U' 'U' 'M' 'M'
 'M' 'M' 'M' 'U' 'U' 'M' 'M' 'M' 'M' 'M' 'M' 'M' 'M' 'U' 'M' 'M' 'M' 'M'
 'M' 'U' 'M' 'M' 'M' 'M' 'M' 'M' 'M' 'M' 'M' 'M' 'M' 'M' 'M' 'M' 'M' 'M'
 'U' 'M' 'M' 'U' 'M' 'M' 'M' 'M' 'M' 'M' 'M' 'U' 'M' 'M' 'M' 'M' 'M' 'M']"
234401,0,162,1,161,36,0,0,"['A' 'M' 'M' 'M' 'U' 'M' 'U' 'M' 'M' 'M' 'M' 'M' 'U' 'M' 'M' 'M' 'M' 'U'
 'M' 'M' 'M' 'M' 'M' 'M' 'U' 'M' 'U' 'M' 'U' 'M' 'M' 'M' 'M' 'U' 'M' 'M'
 'M' 'M' 'M' 'M' 'M' 'M' 'M' 'U' 'M' 'U' 'M' 'M' 'U' 'U' 'M' 'M' 'M' 'M'
 'M' 'M' 'M' 'M' 'M' 'M' 'M' 'M' 'M' 'M' 'U' 'M' 'U' 'M' 'M' 'U' 'U' 'M'
 'M' 'M' 'M' 'M' 'M' 'M' 'M' 'M' 'M' 'M' 'M' 'M' 'U' 'M' 'M' 'M' 'M' 'U'
 'M' 'M' 'M' 'M' 'M' 'M' 'M' 'M' 'M' 'M' 'M' 'M' 'M' 'M' 'M' 'M' 'M' 'M'
 'M' 'M' 'M' 'M' 'M' 'M' 'U' 'M' 'M' 'M' 'M' 'M' 'U' 'M' 'M' 'M' 'M' 'M'
 'M' 'M' 'U' 'U' 'M' 'U' 'M' 'U' 'U' 'U' 'U' 'M' 'U' 'M' 'U' 'M' 'M' 'M'
 'M' 'U' 'M' 'U' 'M' 'M' 'M' 'M' 'M' 'M' 'M' 'M' 'M' 'U' 'M' 'M' 'M' 'U'
 'M' 'M' 'M' 'M' 'M' 'M' 'M' 'M' 'M' 'M' 'M' 'M' 'M' 'M' 'M' 'M' 'M' 'M'
 'U' 'M' 'M' 'M' 'M' 'M' 'M' 'M' 'M' 'M' 'M' 'U' 'M' 'M' 'M' 'M' 'M' 'U']"
234501,0,159,2,157,39,0,0,"['A' 'M' 'M' 'M' 'U' 'M' 'M' 'M' 'M' 'M' 'M' 'M' 'U' 'M' 'M' 'M' 'M' 'U'
 'U' 'M' 'M' 'M' 'U' 'M' 'M' 'M' 'U' 'M' 'U' 'M' 'M' 'M' 'M' 'U' 'M' 'M'
 'M' 'M' 'M' 'M' 'M' 'M' 'M' 'U' 'M' 'U' 'M' 'M' 'A' 'U' 'M' 'M' 'M' 'M'
 'M' 'M' 'M' 'M' 'M' 'M' 'M' 'M' 'M' 'M' 'U' 'M' 'M' 'M' 'M' 'M' 'M' 'M'
 'M' 'M' 'M' 'M' 'M' 'U' 'M' 'M' 'M' 'M' 'M' 'M' 'U' 'M' 'M' 'U' 'U' 'M'
 'M' 'M' 'M' 'M' 'U' 'M' 'M' 'M' 'M' 'M' 'M' 'M' 'M' 'M' 'M' 'M' 'M' 'M'
 'M' 'M' 'M' 'M' 'M' 'M' 'M' 'M' 'U' 'M' 'M' 'M' 'U' 'M' 'M' 'M' 'U' 'M'
 'M' 'M' 'M' 'U' 'M' 'U' 'U' 'U' 'U' 'U' 'M' 'U' 'U' 'M' 'U' 'M' 'M' 'M'
 'M' 'U' 'M' 'U' 'M' 'M' 'M' 'M' 'M' 'M' 'M' 'M' 'M' 'U' 'M' 'M' 'M' 'U'
 'M' 'U' 'M' 'M' 'M' 'M' 'M' 'M' 'U' 'M' 'M' 'U' 'M' 'M' 'M' 'M' 'M' 'M'
 'U' 'M' 'M' 'M' 'M' 'M' 'M' 'M' 'M' 'M' 'M' 'U' 'M' 'M' 'M' 'M' 'M' 'U']"
234601,0,167,2,165,31,0,0,"['A' 'U' 'M' 'M' 'U' 'M' 'M' 'M' 'M' 'M' 'M' 'M' 'U' 'M' 'M' 'M' 'M' 'U'
 'U' 'M' 'M' 'M' 'U' 'M' 'M' 'M' 'M' 'M' 'M' 'M' 'M' 'M' 'U' 'U' 'M' 'M'
 'M' 'M' 'M' 'M' 'M' 'M' 'M' 'U' 'M' 'A' 'M' 'M' 'U' 'U' 'M' 'M' 'M' 'M'
 'M' 'M' 'M' 'M' 'M' 'M' 'M' 'M' 'M' 'M' 'M' 'M' 'M' 'M' 'M' 'M' 'M' 'M'
 'M' 'U' 'M' 'M' 'M' 'M' 'M' 'U' 'M' 'M' 'M' 'M' 'U' 'M' 'M' 'M' 'M' 'M'
 'U' 'U' 'M' 'M' 'M' 'M' 'M' 'M' 'M' 'M' 'M' 'M' 'M' 'M' 'M' 'M' 'M' 'M'
 'M' 'M' 'M' 'M' 'M' 'M' 'M' 'M' 'M' 'M' 'M' 'M' 'M' 'M' 'M' 'M' 'U' 'M'
 'M' 'M' 'M' 'M' 'M' 'M' 'M' 'U' 'M' 'U' 'U' 'U' 'M' 'M' 'U' 'M' 'M' 'M'
 'M' 'M' 'M' 'U' 'M' 'M' 'M' 'M' 'M' 'M' 'M' 'M' 'M' 'U' 'M' 'M' 'M' 'M'
 'M' 'U' 'M' 'U' 'M' 'M' 'M' 'M' 'U' 'M' 'M' 'U' 'M' 'M' 'M' 'M' 'M' 'M'
 'U' 'M' 'M' 'M' 'M' 'M' 'M' 'M' 'M' 'M' 'M' 'U' 'M' 'M' 'M' 'M' 'M' 'U']"
234701,0,176,4,172,22,0,1,"['A' 'M' 'M' 'M' 'M' 'M' 'M' 'U' 'M' 'M' 'M' 'M' 'U' 'U' 'M' 'M' 'M' 'M'
 'U' 'M' 'M' 'M' 'M' 'M' 'M' 'U' 'M' 'M' 'M' 'M' 'M' 'M' 'M' 'M' 'M' 'M'
 'M' 'M' 'M' 'M' 'M' 'M' 'M' 'M' 'M' 'M' 'M' 'M' 'A' 'U' 'A' 'M' 'M' 'M'
 'M' 'M' 'M' 'M' 'M' 'M' 'M' 'M' 'M' 'M' 'M' 'M' 'M' 'M' 'M' 'M' 'M' 'M'
 'M' 'M' 'U' 'U' 'M' 'M' 'M' 'M' 'M' 'U' 'M' 'U' 'M' 'M' 'M' 'M' 'M' 'U'
 'M' 'M' 'M' 'M' 'M' 'M' 'M' 'M' 'M' 'M' 'M' 'M' 'M' 'M' 'M' 'M' 'M' 'M'
 'M' 'M' 'M' 'M' 'M' 'M' 'M' 'M' 'M' 'M' 'M' 'M' 'M' 'M' 'M' 'M' 'M' 'M'
 'M' 'M' 'M' 'M' 'M' 'M' 'M' 'U' 'M' 'M' 'U' 'M' 'M' 'M' 'M' 'M' 'M' 'M'
 'U' 'M' 'M' 'U' 'M' 'M' 'M' 'M' 'M' 'M' 'M' 'M' 'M' 'U' 'M' 'M' 'M' 'M'
 'M' 'U' 'M' 'U' 'U' 'M' 'M' 'M' 'A' 'M' 'M' 'U' 'M' 'M' 'M' 'M' 'M' 'M'
 'M' 'M' 'M' 'M' 'M' 'M' 'M' 'M' 'M' 'M' 'M' 'U' 'M' 'M' 'M' 'U' 'M' 'M']"
234801,0,178,5,173,20,0,0,"['A' 'M' 'M' 'M' 'M' 'M' 'M' 'U' 'M' 'M' 'M' 'M' 'U' 'M' 'M' 'M' 'M' 'M'
 'M' 'M' 'M' 'M' 'M' 'U' 'M' 'U' 'M' 'M' 'M' 'M' 'U' 'M' 'M' 'M' 'M' 'M'
 'M' 'M' 'M' 'M' 'M' 'M' 'M' 'M' 'M' 'M' 'M' 'M' 'A' 'U' 'A' 'M' 'M' 'U'
 'M' 'M' 'M' 'M' 'M' 'M' 'M' 'M' 'M' 'M' 'M' 'M' 'M' 'M' 'U' 'M' 'M' 'M'
 'U' 'M' 'M' 'M' 'M' 'M' 'M' 'M' 'M' 'M' 'U' 'M' 'M' 'M' 'M' 'U' 'M' 'U'
 'M' 'M' 'M' 'M' 'M' 'M' 'M' 'M' 'M' 'M' 'M' 'M' 'M' 'M' 'M' 'M' 'U' 'M'
 'M' 'M' 'M' 'M' 'M' 'M' 'M' 'M' 'M' 'M' 'M' 'M' 'M' 'M' 'M' 'M' 'M' 'M'
 'M' 'M' 'M' 'M' 'M' 'M' 'M' 'M' 'M' 'M' 'U' 'M' 'M' 'M' 'M' 'M' 'M' 'M'
 'M' 'M' 'M' 'A' 'M' 'M' 'M' 'M' 'M' 'M' 'M' 'M' 'M' 'U' 'M' 'M' 'M' 'M'
 'M' 'M' 'M' 'U' 'U' 'M' 'M' 'U' 'A' 'M' 'M' 'M' 'M' 'M' 'M' 'M' 'M' 'M'
 'M' 'M' 'M' 'M' 'M' 'M' 'U' 'M' 'M' 'M' 'M' 'M' 'M' 'M' 'M' 'U' 'M' 'M']"
234901,0,177,5,172,21,0,0,"['A' 'M' 'M' 'M' 'M' 'M' 'M' 'U' 'M' 'M' 'M' 'M' 'M' 'M' 'M' 'M' 'M' 'M'
 'M' 'M' 'M' 'M' 'M' 'U' 'M' 'U' 'M' 'M' 'M' 'M' 'U' 'M' 'M' 'M' 'M' 'M'
 'M' 'M' 'M' 'M' 'M' 'M' 'M' 'M' 'M' 'M' 'M' 'M' 'A' 'M' 'A' 'M' 'M' 'M'
 'M' 'M' 'M' 'U' 'M' 'M' 'M' 'M' 'U' 'U' 'M' 'M' 'M' 'M' 'M' 'M' 'M' 'U'
 'M' 'U' 'M' 'M' 'M' 'M' 'M' 'M' 'M' 'U' 'M' 'U' 'M' 'M' 'M' 'U' 'M' 'M'
 'M' 'M' 'M' 'M' 'M' 'M' 'M' 'M' 'M' 'M' 'M' 'M' 'M' 'M' 'M' 'M' 'U' 'M'
 'M' 'M' 'M' 'M' 'M' 'M' 'U' 'M' 'M' 'M' 'M' 'M' 'M' 'M' 'M' 'M' 'M' 'M'
 'M' 'M' 'M' 'M' 'M' 'M' 'M' 'M' 'M' 'M' 'U' 'M' 'M' 'M' 'M' 'M' 'M' 'M'
 'M' 'M' 'M' 'A' 'M' 'M' 'M' 'M' 'M' 'M' 'M' 'M' 'M' 'U' 'M' 'M' 'M' 'M'
 'M' 'M' 'M' 'U' 'U' 'M' 'M' 'U' 'A' 'M' 'M' 'M' 'M' 'M' 'M' 'M' 'M' 'M'
 'M' 'M' 'M' 'M' 'M' 'M' 'M' 'M' 'M' 'M' 'U' 'M' 'M' 'M' 'M' 'M' 'M' 'U']"
235001,0,170,2,168,28,0,0,"['A' 'M' 'M' 'M' 'M' 'M' 'U' 'U' 'M' 'M' 'M' 'M' 'M' 'M' 'M' 'U' 'M' 'U'
 'M' 'M' 'M' 'M' 'M' 'U' 'M' 'M' 'M' 'M' 'M' 'M' 'U' 'M' 'M' 'U' 'M' 'M'
 'M' 'M' 'M' 'M' 'M' 'M' 'M' 'M' 'M' 'M' 'M' 'U' 'U' 'M' 'A' 'M' 'M' 'M'
 'M' 'M' 'M' 'U' 'M' 'M' 'M' 'M' 'U' 'U' 'M' 'M' 'M' 'M' 'U' 'M' 'M' 'M'
 'M' 'M' 'M' 'U' 'M' 'M' 'M' 'M' 'M' 'M' 'M' 'M' 'U' 'M' 'U' 'M' 'M' 'M'
 'M' 'U' 'M' 'M' 'M' 'U' 'M' 'M' 'M' 'M' 'M' 'M' 'M' 'M' 'U' 'M' 'U' 'M'
 'M' 'M' 'M' 'M' 'M' 'M' 'M' 'U' 'M' 'M' 'M' 'M' 'M' 'M' 'M' 'M' 'M' 'M'
 'M' 'M' 'M' 'M' 'M' 'M' 'M' 'M' 'M' 'M' 'U' 'M' 'M' 'M' 'M' 'M' 'M' 'M'
 'M' 'M' 'M' 'M' 'M' 'M' 'M' 'M' 'M' 'M' 'M' 'M' 'M' 'U' 'M' 'M' 'M' 'M'
 'M' 'M' 'M' 'M' 'U' 'M' 'M' 'U' 'M' 'M' 'M' 'M' 'M' 'M' 'M' 'M' 'M' 'M'
 'U' 'M' 'M' 'M' 'M' 'M' 'M' 'M' 'M' 'M' 'U' 'M' 'M' 'M' 'M' 'M' 'M' 'U']"
235101,0,167,3,164,31,0,0,"['A' 'M' 'U' 'M' 'M' 'M' 'M' 'U' 'M' 'M' 'M' 'M' 'M' 'M' 'M' 'M' 'M' 'U'
 'M' 'M' 'M' 'M' 'M' 'U' 'M' 'M' 'M' 'M' 'M' 'M' 'U' 'M' 'M' 'A' 'M' 'M'
 'M' 'M' 'M' 'U' 'M' 'M' 'M' 'M' 'M' 'M' 'M' 'U' 'U' 'M' 'A' 'M' 'M' 'M'
 'M' 'M' 'M' 'U' 'M' 'M' 'M' 'M' 'U' 'U' 'M' 'M' 'M' 'M' 'M' 'U' 'U' 'M'
 'M' 'M' 'M' 'U' 'M' 'M' 'M' 'M' 'M' 'M' 'M' 'M' 'U' 'M' 'M' 'M' 'M' 'U'
 'M' 'M' 'M' 'M' 'M' 'U' 'M' 'M' 'M' 'M' 'U' 'M' 'M' 'M' 'U' 'M' 'U' 'M'
 'M' 'U' 'M' 'M' 'M' 'M' 'M' 'M' 'M' 'M' 'M' 'M' 'M' 'M' 'M' 'M' 'U' 'M'
 'M' 'U' 'M' 'M' 'M' 'M' 'M' 'M' 'M' 'M' 'U' 'M' 'U' 'M' 'M' 'M' 'M' 'M'
 'M' 'M' 'M' 'U' 'M' 'M' 'M' 'M' 'M' 'M' 'M' 'M' 'M' 'U' 'U' 'M' 'M' 'M'
 'M' 'M' 'M' 'M' 'U' 'M' 'M' 'U' 'M' 'M' 'M' 'M' 'M' 'M' 'M' 'M' 'M' 'M'
 'M' 'M' 'M' 'M' 'M' 'M' 'M' 'M' 'M' 'M' 'M' 'M' 'M' 'M' 'M' 'M' 'M' 'U']"
235201,0,162,1,161,36,0,0,"['A' 'M' 'U' 'M' 'M' 'M' 'M' 'U' 'M' 'M' 'M' 'M' 'M' 'M' 'M' 'M' 'M' 'M'
 'M' 'M' 'M' 'M' 'M' 'U' 'M' 'M' 'M' 'M' 'M' 'U' 'M' 'M' 'M' 'U' 'M' 'M'
 'M' 'M' 'M' 'U' 'M' 'M' 'M' 'M' 'M' 'M' 'M' 'U' 'U' 'M' 'U' 'M' 'M' 'M'
 'M' 'M' 'M' 'U' 'M' 'M' 'M' 'M' 'M' 'U' 'M' 'M' 'U' 'M' 'M' 'U' 'M' 'U'
 'M' 'M' 'M' 'M' 'M' 'M' 'M' 'M' 'M' 'M' 'M' 'M' 'M' 'M' 'M' 'U' 'U' 'M'
 'M' 'M' 'M' 'M' 'M' 'U' 'M' 'M' 'U' 'M' 'U' 'M' 'M' 'M' 'M' 'M' 'M' 'M'
 'M' 'U' 'M' 'M' 'M' 'M' 'M' 'M' 'M' 'M' 'M' 'M' 'M' 'M' 'M' 'M' 'U' 'M'
 'M' 'U' 'M' 'U' 'U' 'M' 'M' 'M' 'M' 'M' 'U' 'M' 'M' 'M' 'M' 'M' 'M' 'M'
 'M' 'M' 'M' 'U' 'M' 'M' 'M' 'M' 'M' 'M' 'U' 'M' 'M' 'U' 'U' 'M' 'M' 'M'
 'M' 'M' 'M' 'M' 'U' 'M' 'M' 'U' 'M' 'M' 'M' 'M' 'M' 'M' 'M' 'M' 'M' 'M'
 'U' 'U' 'M' 'M' 'M' 'M' 'M' 'M' 'M' 'M' 'M' 'M' 'M' 'U' 'U' 'M' 'M' 'U']"
235301,0,163,2,161,35,0,0,"['A' 'M' 'U' 'M' 'M' 'M' 'M' 'U' 'M' 'M' 'U' 'M' 'M' 'M' 'U' 'M' 'M' 'M'
 'M' 'M' 'M' 'M' 'M' 'U' 'M' 'M' 'M' 'M' 'M' 'M' 'M' 'M' 'M' 'U' 'M' 'M'
 'M' 'M' 'U' 'U' 'M' 'M' 'M' 'M' 'M' 'M' 'M' 'M' 'U' 'M' 'U' 'M' 'M' 'M'
 'M' 'M' 'U' 'M' 'M' 'M' 'M' 'M' 'M' 'M' 'M' 'M' 'M' 'M' 'M' 'M' 'M' 'M'
 'M' 'U' 'M' 'U' 'U' 'M' 'M' 'M' 'U' 'M' 'M' 'M' 'M' 'M' 'M' 'M' 'M' 'U'
 'M' 'M' 'M' 'M' 'M' 'U' 'M' 'M' 'M' 'M' 'U' 'M' 'M' 'M' 'M' 'M' 'U' 'M'
 'U' 'U' 'M' 'M' 'M' 'M' 'M' 'M' 'U' 'M' 'M' 'M' 'M' 'M' 'M' 'M' 'A' 'M'
 'M' 'M' 'M' 'U' 'U' 'M' 'M' 'M' 'U' 'M' 'M' 'M' 'M' 'M' 'M' 'U' 'M' 'M'
 'M' 'M' 'M' 'U' 'U' 'M' 'M' 'M' 'M' 'M' 'M' 'M' 'M' 'M' 'M' 'M' 'M' 'M'
 'M' 'M' 'M' 'M' 'U' 'M' 'M' 'M' 'M' 'M' 'M' 'U' 'U' 'M' 'M' 'M' 'M' 'M'
 'U' 'U' 'M' 'M' 'M' 'M' 'M' 'M' 'M' 'M' 'M' 'U' 'M' 'M' 'U' 'M' 'M' 'M']"
235401,0,161,5,156,37,0,0,"['A' 'M' 'U' 'M' 'M' 'M' 'M' 'U' 'M' 'U' 'U' 'M' 'M' 'M' 'M' 'M' 'U' 'M'
 'U' 'M' 'M' 'M' 'M' 'U' 'M' 'M' 'M' 'M' 'M' 'M' 'M' 'M' 'M' 'M' 'U' 'M'
 'M' 'M' 'M' 'M' 'M' 'M' 'M' 'M' 'M' 'M' 'M' 'A' 'M' 'M' 'U' 'M' 'M' 'M'
 'M' 'M' 'U' 'M' 'M' 'M' 'M' 'M' 'M' 'M' 'M' 'M' 'U' 'M' 'M' 'M' 'M' 'M'
 'M' 'M' 'U' 'M' 'M' 'M' 'M' 'M' 'M' 'M' 'M' 'U' 'M' 'M' 'M' 'M' 'M' 'M'
 'M' 'M' 'U' 'U' 'M' 'U' 'M' 'M' 'M' 'M' 'M' 'M' 'M' 'M' 'M' 'M' 'U' 'M'
 'U' 'U' 'M' 'M' 'M' 'U' 'M' 'U' 'U' 'M' 'M' 'M' 'M' 'A' 'U' 'M' 'A' 'M'
 'M' 'M' 'M' 'U' 'U' 'U' 'M' 'M' 'U' 'M' 'M' 'M' 'M' 'M' 'M' 'U' 'M' 'M'
 'M' 'M' 'M' 'U' 'U' 'M' 'M' 'M' 'M' 'M' 'M' 'M' 'M' 'M' 'M' 'M' 'M' 'M'
 'M' 'M' 'M' 'M' 'A' 'M' 'M' 'M' 'M' 'M' 'M' 'U' 'U' 'M' 'M' 'M' 'M' 'M'
 'U' 'U' 'M' 'M' 'U' 'M' 'M' 'M' 'M' 'M' 'M' 'U' 'M' 'M' 'U' 'M' 'M' 'M']"
235501,0,151,4,147,47,1,0,"['A' 'M' 'U' 'M' 'M' 'M' 'U' 'U' 'M' 'U' 'U' 'M' 'M' 'M' 'M' 'M' 'U' 'M'
 'U' 'M' 'M' 'M' 'M' 'M' 'M' 'M' 'M' 'U' 'M' 'M' 'M' 'M' 'M' 'M' 'U' 'M'
 'M' 'M' 'M' 'U' 'M' 'U' 'M' 'U' 'M' 'M' 'M' 'U' 'M' 'M' 'U' 'M' 'M' 'M'
 'M' 'U' 'U' 'M' 'M' 'M' 'M' 'M' 'M' 'M' 'M' 'M' 'U' 'U' 'M' 'M' 'M' 'M'
 'M' 'M' 'M' 'M' 'M' 'M' 'M' 'M' 'M' 'M' 'M' 'M' 'M' 'M' 'M' 'U' 'U' 'M'
 'M' 'M' 'U' 'M' 'M' 'U' 'M' 'M' 'M' 'M' 'M' 'M' 'M' 'M' 'M' 'M' 'M' 'M'
 'U' 'U' 'M' 'M' 'M' 'U' 'M' 'U' 'U' 'M' 'M' 'M' 'M' 'A' 'U' 'M' 'A' 'M'
 'M' 'M' 'M' 'U' 'U' 'U' 'U' 'U' 'U' 'M' 'U' 'M' 'U' 'M' 'M' 'U' 'M' 'M'
 'M' 'M' 'M' 'U' 'U' 'M' 'M' 'U' 'M' 'M' 'M' 'M' 'M' 'M' 'M' 'M' 'M' 'M'
 'M' 'M' 'M' 'M' 'A' 'U' 'M' 'M' 'M' 'M' 'M' 'M' 'U' 'M' 'M' 'M' 'M' 'M'
 'U' 'U' 'M' 'M' 'U' 'M' 'M' 'M' 'M' 'M' 'M' 'M' 'M' 'M' 'U' 'M' 'U' 'M']"
235601,0,151,5,146,47,0,0,"['A' 'M' 'U' 'M' 'M' 'M' 'U' 'U' 'M' 'U' 'U' 'M' 'M' 'M' 'U' 'M' 'U' 'M'
 'U' 'M' 'M' 'M' 'M' 'M' 'M' 'M' 'M' 'U' 'M' 'M' 'M' 'M' 'M' 'M' 'U' 'M'
 'M' 'M' 'M' 'U' 'U' 'U' 'M' 'U' 'M' 'M' 'M' 'U' 'M' 'M' 'M' 'M' 'M' 'M'
 'M' 'M' 'M' 'M' 'M' 'U' 'U' 'M' 'M' 'M' 'M' 'U' 'M' 'M' 'M' 'M' 'M' 'U'
 'M' 'U' 'M' 'M' 'M' 'M' 'M' 'U' 'M' 'M' 'M' 'M' 'M' 'M' 'M' 'M' 'M' 'M'
 'M' 'M' 'M' 'M' 'U' 'M' 'M' 'U' 'M' 'M' 'M' 'M' 'M' 'M' 'M' 'M' 'M' 'M'
 'U' 'U' 'M' 'M' 'M' 'U' 'M' 'U' 'U' 'M' 'M' 'M' 'M' 'A' 'M' 'M' 'A' 'M'
 'M' 'M' 'M' 'U' 'U' 'U' 'U' 'U' 'U' 'U' 'U' 'U' 'U' 'M' 'M' 'U' 'M' 'M'
 'M' 'M' 'M' 'U' 'M' 'M' 'M' 'M' 'M' 'M' 'M' 'M' 'M' 'M' 'M' 'M' 'M' 'M'
 'M' 'M' 'M' 'M' 'A' 'U' 'M' 'M' 'M' 'M' 'M' 'M' 'U' 'U' 'M' 'M' 'M' 'M'
 'A' 'U' 'M' 'M' 'U' 'M' 'M' 'M' 'M' 'M' 'M' 'M' 'U' 'M' 'U' 'M' 'M' 'M']"
235701,0,163,5,158,35,0,0,"['A' 'M' 'M' 'M' 'M' 'M' 'M' 'M' 'M' 'U' 'M' 'M' 'M' 'M' 'U' 'M' 'M' 'M'
 'U' 'M' 'M' 'M' 'U' 'M' 'M' 'M' 'M' 'U' 'M' 'M' 'M' 'M' 'M' 'M' 'U' 'U'
 'M' 'U' 'M' 'U' 'U' 'U' 'M' 'M' 'M' 'M' 'M' 'U' 'M' 'M' 'M' 'M' 'M' 'M'
 'M' 'M' 'M' 'M' 'M' 'U' 'U' 'M' 'M' 'M' 'M' 'M' 'M' 'U' 'U' 'M' 'M' 'M'
 'M' 'M' 'U' 'M' 'M' 'M' 'M' 'M' 'M' 'M' 'M' 'M' 'U' 'M' 'M' 'M' 'M' 'U'
 'M' 'M' 'M' 'M' 'M' 'M' 'M' 'U' 'M' 'M' 'M' 'M' 'M' 'M' 'M' 'M' 'M' 'M'
 'M' 'M' 'M' 'M' 'M' 'M' 'M' 'M' 'U' 'M' 'M' 'M' 'M' 'A' 'M' 'M' 'A' 'M'
 'M' 'M' 'M' 'U' 'U' 'U' 'M' 'M' 'M' 'M' 'U' 'U' 'U' 'M' 'M' 'U' 'M' 'M'
 'M' 'M' 'M' 'U' 'M' 'M' 'M' 'M' 'M' 'M' 'M' 'M' 'M' 'M' 'M' 'M' 'M' 'M'
 'M' 'M' 'M' 'M' 'A' 'M' 'M' 'M' 'M' 'M' 'M' 'M' 'U' 'M' 'M' 'M' 'M' 'M'
 'A' 'U' 'M' 'M' 'U' 'M' 'M' 'M' 'U' 'M' 'U' 'M' 'U' 'M' 'M' 'M' 'M' 'M']"
235801,0,162,8,154,36,1,0,"['A' 'M' 'M' 'M' 'M' 'M' 'M' 'M' 'M' 'U' 'M' 'M' 'M' 'M' 'U' 'M' 'M' 'M'
 'U' 'M' 'M' 'M' 'M' 'M' 'M' 'M' 'M' 'U' 'M' 'U' 'M' 'M' 'M' 'M' 'M' 'U'
 'M' 'M' 'M' 'U' 'M' 'A' 'M' 'M' 'M' 'M' 'U' 'U' 'M' 'M' 'M' 'M' 'A' 'M'
 'M' 'M' 'M' 'M' 'M' 'M' 'U' 'M' 'M' 'M' 'M' 'M' 'M' 'M' 'M' 'M' 'M' 'U'
 'M' 'M' 'M' 'M' 'M' 'M' 'U' 'M' 'M' 'M' 'M' 'U' 'M' 'M' 'M' 'M' 'U' 'M'
 'M' 'M' 'M' 'U' 'M' 'M' 'M' 'U' 'M' 'M' 'M' 'M' 'M' 'M' 'M' 'M' 'M' 'M'
 'M' 'M' 'M' 'M' 'M' 'M' 'M' 'U' 'U' 'M' 'M' 'M' 'M' 'A' 'U' 'M' 'A' 'M'
 'M' 'M' 'M' 'U' 'U' 'M' 'M' 'U' 'M' 'M' 'U' 'U' 'U' 'M' 'M' 'U' 'M' 'M'
 'M' 'M' 'M' 'A' 'M' 'M' 'M' 'M' 'M' 'M' 'M' 'M' 'M' 'M' 'M' 'M' 'U' 'M'
 'M' 'M' 'M' 'U' 'A' 'M' 'M' 'M' 'M' 'M' 'M' 'M' 'U' 'M' 'M' 'M' 'M' 'M'
 'A' 'U' 'M' 'M' 'U' 'M' 'U' 'M' 'M' 'M' 'U' 'U' 'U' 'M' 'M' 'M' 'U' 'M']"
235901,0,158,8,150,40,0,0,"['A' 'M' 'M' 'M' 'M' 'M' 'M' 'M' 'U' 'U' 'M' 'M' 'U' 'M' 'U' 'M' 'M' 'M'
 'U' 'M' 'M' 'M' 'M' 'M' 'M' 'M' 'M' 'U' 'M' 'U' 'M' 'M' 'M' 'M' 'M' 'A'
 'M' 'M' 'M' 'M' 'M' 'A' 'M' 'M' 'M' 'M' 'M' 'U' 'M' 'M' 'M' 'M' 'A' 'M'
 'M' 'M' 'M' 'M' 'M' 'M' 'U' 'M' 'M' 'U' 'M' 'M' 'M' 'U' 'M' 'U' 'M' 'M'
 'M' 'M' 'M' 'M' 'U' 'M' 'M' 'M' 'U' 'M' 'M' 'M' 'M' 'M' 'M' 'M' 'M' 'M'
 'M' 'M' 'M' 'M' 'U' 'M' 'M' 'U' 'M' 'M' 'M' 'M' 'U' 'M' 'M' 'U' 'U' 'M'
 'M' 'M' 'M' 'M' 'M' 'M' 'M' 'U' 'U' 'M' 'M' 'M' 'M' 'A' 'M' 'M' 'A' 'U'
 'M' 'M' 'M' 'U' 'U' 'M' 'U' 'M' 'U' 'U' 'U' 'U' 'M' 'M' 'U' 'U' 'M' 'M'
 'M' 'M' 'M' 'A' 'M' 'M' 'M' 'M' 'M' 'M' 'M' 'M' 'M' 'U' 'M' 'M' 'U' 'M'
 'M' 'M' 'M' 'M' 'M' 'M' 'U' 'M' 'M' 'M' 'M' 'M' 'U' 'M' 'U' 'M' 'M' 'M'
 'M' 'M' 'M' 'M' 'M' 'M' 'U' 'M' 'M' 'M' 'U' 'U' 'A' 'M' 'M' 'M' 'U' 'M']"
236001,0,155,10,145,43,0,0,"['A' 'M' 'M' 'M' 'M' 'M' 'M' 'M' 'U' 'A' 'M' 'M' 'U' 'M' 'M' 'M' 'M' 'M'
 'M' 'M' 'M' 'M' 'M' 'M' 'M' 'M' 'M' 'U' 'M' 'M' 'M' 'M' 'M' 'M' 'M' 'A'
 'M' 'M' 'M' 'U' 'M' 'A' 'M' 'M' 'U' 'M' 'M' 'M' 'M' 'M' 'M' 'M' 'A' 'M'
 'M' 'M' 'M' 'M' 'M' 'M' 'U' 'M' 'M' 'U' 'M' 'M' 'M' 'M' 'M' 'M' 'M' 'M'
 'M' 'M' 'U' 'M' 'M' 'M' 'M' 'M' 'M' 'M' 'U' 'M' 'M' 'M' 'U' 'M' 'U' 'M'
 'M' 'U' 'M' 'M' 'M' 'M' 'M' 'U' 'M' 'M' 'M' 'M' 'U' 'U' 'M' 'U' 'U' 'M'
 'M' 'M' 'U' 'M' 'M' 'M' 'M' 'U' 'U' 'M' 'M' 'M' 'U' 'U' 'M' 'M' 'A' 'U'
 'U' 'M' 'M' 'U' 'U' 'U' 'U' 'U' 'A' 'U' 'U' 'U' 'U' 'U' 'M' 'M' 'M' 'M'
 'M' 'M' 'M' 'A' 'M' 'M' 'M' 'M' 'M' 'M' 'M' 'M' 'M' 'A' 'M' 'M' 'U' 'M'
 'M' 'M' 'M' 'M' 'M' 'M' 'U' 'M' 'M' 'M' 'M' 'M' 'U' 'M' 'U' 'U' 'M' 'M'
 'M' 'M' 'M' 'M' 'M' 'M' 'U' 'M' 'M' 'M' 'U' 'U' 'A' 'M' 'M' 'M' 'U' 'M']"
236101,0,149,7,142,49,1,0,"['A' 'M' 'M' 'M' 'M' 'M' 'M' 'M' 'M' 'A' 'M' 'U' 'U' 'M' 'U' 'M' 'M' 'M'
 'M' 'M' 'M' 'M' 'M' 'U' 'M' 'U' 'M' 'U' 'U' 'M' 'M' 'M' 'M' 'M' 'M' 'M'
 'M' 'M' 'M' 'M' 'M' 'U' 'M' 'M' 'U' 'U' 'M' 'M' 'M' 'M' 'M' 'M' 'A' 'M'
 'M' 'M' 'M' 'M' 'M' 'M' 'U' 'M' 'M' 'U' 'M' 'M' 'M' 'M' 'M' 'M' 'M' 'U'
 'M' 'M' 'M' 'M' 'M' 'U' 'U' 'M' 'M' 'M' 'M' 'M' 'M' 'M' 'U' 'M' 'U' 'M'
 'M' 'M' 'M' 'M' 'M' 'M' 'M' 'U' 'M' 'M' 'U' 'M' 'U' 'U' 'M' 'U' 'U' 'M'
 'M' 'M' 'U' 'M' 'M' 'M' 'M' 'M' 'U' 'M' 'M' 'M' 'U' 'U' 'M' 'M' 'U' 'U'
 'U' 'M' 'M' 'M' 'U' 'U' 'M' 'M' 'A' 'U' 'U' 'U' 'U' 'U' 'U' 'U' 'M' 'M'
 'U' 'M' 'M' 'A' 'M' 'M' 'M' 'M' 'M' 'U' 'M' 'M' 'M' 'A' 'M' 'M' 'U' 'M'
 'M' 'M' 'M' 'M' 'M' 'M' 'U' 'M' 'M' 'M' 'M' 'M' 'U' 'M' 'U' 'M' 'M' 'M'
 'M' 'M' 'M' 'M' 'M' 'M' 'U' 'M' 'M' 'M' 'U' 'U' 'A' 'M' 'M' 'M' 'U' 'M']"
236201,0,153,10,143,45,0,1,"['A' 'M' 'M' 'M' 'M' 'M' 'M' 'M' 'M' 'A' 'M' 'U' 'U' 'M' 'U' 'M' 'M' 'M'
 'M' 'M' 'M' 'M' 'M' 'U' 'M' 'M' 'M' 'M' 'U' 'M' 'M' 'M' 'M' 'M' 'M' 'M'
 'M' 'U' 'U' 'M' 'M' 'U' 'M' 'M' 'U' 'U' 'M' 'M' 'M' 'M' 'M' 'M' 'A' 'M'
 'M' 'M' 'M' 'M' 'M' 'M' 'U' 'M' 'M' 'U' 'M' 'M' 'U' 'U' 'M' 'M' 'M' 'M'
 'M' 'M' 'M' 'M' 'U' 'M' 'M' 'M' 'M' 'M' 'M' 'M' 'M' 'M' 'M' 'M' 'M' 'M'
 'M' 'U' 'U' 'M' 'M' 'M' 'M' 'U' 'M' 'M' 'U' 'M' 'U' 'U' 'M' 'U' 'U' 'M'
 'M' 'M' 'U' 'M' 'M' 'M' 'U' 'M' 'U' 'M' 'M' 'M' 'U' 'U' 'M' 'M' 'U' 'U'
 'U' 'M' 'M' 'M' 'U' 'U' 'U' 'U' 'A' 'U' 'U' 'U' 'U' 'M' 'A' 'U' 'M' 'M'
 'U' 'M' 'M' 'A' 'M' 'M' 'M' 'M' 'M' 'M' 'M' 'M' 'M' 'A' 'M' 'M' 'U' 'M'
 'M' 'M' 'M' 'M' 'M' 'M' 'U' 'M' 'M' 'M' 'M' 'M' 'A' 'M' 'U' 'M' 'M' 'M'
 'M' 'M' 'M' 'M' 'M' 'M' 'U' 'M' 'M' 'M' 'M' 'A' 'A' 'M' 'M' 'M' 'M' 'M']"
236301,0,152,11,141,46,0,0,"['A' 'M' 'U' 'M' 'U' 'M' 'M' 'M' 'M' 'A' 'M' 'M' 'U' 'M' 'M' 'U' 'M' 'M'
 'M' 'U' 'M' 'M' 'M' 'U' 'M' 'M' 'M' 'M' 'U' 'M' 'M' 'M' 'M' 'M' 'M' 'M'
 'M' 'U' 'A' 'M' 'M' 'U' 'M' 'M' 'U' 'M' 'M' 'M' 'M' 'U' 'M' 'M' 'U' 'M'
 'M' 'M' 'M' 'M' 'M' 'M' 'M' 'M' 'U' 'U' 'M' 'M' 'M' 'M' 'M' 'M' 'M' 'M'
 'M' 'M' 'M' 'M' 'U' 'M' 'U' 'U' 'M' 'M' 'M' 'M' 'M' 'M' 'M' 'U' 'M' 'M'
 'M' 'M' 'M' 'M' 'U' 'M' 'M' 'U' 'M' 'M' 'U' 'M' 'U' 'U' 'M' 'U' 'M' 'M'
 'M' 'M' 'U' 'M' 'M' 'M' 'M' 'M' 'U' 'M' 'M' 'M' 'U' 'U' 'M' 'M' 'U' 'M'
 'U' 'U' 'M' 'M' 'U' 'M' 'U' 'U' 'A' 'U' 'M' 'U' 'A' 'M' 'A' 'U' 'M' 'M'
 'U' 'M' 'M' 'A' 'M' 'M' 'M' 'M' 'U' 'M' 'M' 'M' 'M' 'A' 'M' 'M' 'U' 'M'
 'M' 'M' 'M' 'M' 'M' 'M' 'U' 'M' 'M' 'M' 'M' 'M' 'A' 'M' 'U' 'M' 'M' 'M'
 'M' 'M' 'M' 'M' 'M' 'M' 'U' 'M' 'M' 'U' 'M' 'A' 'A' 'U' 'U' 'M' 'M' 'M']"
236401,0,152,11,141,46,0,0,"['A' 'M' 'U' 'U' 'M' 'M' 'M' 'M' 'M' 'A' 'M' 'M' 'U' 'M' 'M' 'A' 'M' 'M'
 'M' 'U' 'M' 'M' 'M' 'M' 'M' 'M' 'M' 'M' 'U' 'U' 'M' 'M' 'U' 'M' 'M' 'M'
 'M' 'U' 'U' 'M' 'M' 'U' 'M' 'M' 'M' 'M' 'M' 'M' 'M' 'U' 'M' 'M' 'U' 'M'
 'M' 'M' 'U' 'M' 'M' 'M' 'M' 'M' 'M' 'U' 'M' 'M' 'M' 'U' 'M' 'M' 'M' 'M'
 'U' 'M' 'M' 'M' 'M' 'M' 'M' 'M' 'M' 'M' 'U' 'U' 'M' 'M' 'M' 'M' 'U' 'M'
 'M' 'M' 'M' 'M' 'M' 'M' 'M' 'U' 'M' 'M' 'M' 'M' 'M' 'M' 'M' 'U' 'M' 'M'
 'M' 'M' 'U' 'M' 'M' 'M' 'M' 'M' 'U' 'M' 'M' 'M' 'A' 'U' 'M' 'M' 'U' 'M'
 'U' 'U' 'M' 'M' 'U' 'M' 'U' 'U' 'A' 'U' 'U' 'U' 'A' 'M' 'A' 'U' 'M' 'M'
 'U' 'M' 'M' 'A' 'M' 'M' 'U' 'M' 'U' 'M' 'U' 'M' 'M' 'A' 'M' 'M' 'U' 'U'
 'M' 'M' 'M' 'M' 'M' 'M' 'U' 'M' 'M' 'M' 'M' 'M' 'A' 'M' 'U' 'M' 'M' 'M'
 'M' 'M' 'M' 'M' 'M' 'M' 'M' 'M' 'M' 'U' 'M' 'U' 'A' 'U' 'U' 'M' 'M' 'M']"
236501,0,148,8,140,50,0,1,"['A' 'M' 'U' 'U' 'M' 'M' 'U' 'M' 'M' 'U' 'M' 'M' 'U' 'M' 'M' 'U' 'U' 'M'
 'M' 'U' 'U' 'M' 'M' 'M' 'M' 'M' 'M' 'U' 'M' 'U' 'M' 'M' 'M' 'U' 'M' 'M'
 'M' 'U' 'U' 'M' 'M' 'U' 'M' 'M' 'M' 'M' 'M' 'M' 'U' 'U' 'M' 'M' 'U' 'M'
 'M' 'U' 'U' 'M' 'M' 'M' 'M' 'M' 'M' 'U' 'M' 'M' 'U' 'M' 'M' 'U' 'M' 'M'
 'U' 'M' 'M' 'M' 'U' 'M' 'M' 'U' 'M' 'M' 'M' 'M' 'M' 'M' 'M' 'M' 'M' 'M'
 'M' 'M' 'M' 'M' 'M' 'U' 'M' 'U' 'M' 'M' 'M' 'M' 'M' 'M' 'M' 'U' 'M' 'M'
 'M' 'M' 'U' 'M' 'M' 'M' 'M' 'M' 'U' 'M' 'M' 'M' 'U' 'U' 'M' 'M' 'U' 'M'
 'M' 'U' 'M' 'M' 'M' 'M' 'U' 'U' 'U' 'U' 'U' 'U' 'A' 'M' 'A' 'A' 'M' 'M'
 'U' 'M' 'M' 'A' 'M' 'M' 'U' 'M' 'M' 'M' 'U' 'M' 'M' 'A' 'M' 'M' 'U' 'M'
 'M' 'M' 'M' 'M' 'M' 'M' 'U' 'M' 'M' 'M' 'M' 'M' 'A' 'M' 'U' 'M' 'M' 'M'
 'M' 'M' 'M' 'M' 'M' 'M' 'M' 'M' 'M' 'U' 'M' 'U' 'A' 'U' 'M' 'M' 'M' 'M']"
236601,0,153,7,146,45,0,0,"['A' 'M' 'U' 'U' 'M' 'M' 'U' 'M' 'M' 'U' 'M' 'M' 'U' 'M' 'M' 'U' 'U' 'M'
 'M' 'U' 'U' 'M' 'M' 'M' 'M' 'M' 'M' 'M' 'M' 'U' 'M' 'M' 'M' 'U' 'M' 'M'
 'M' 'U' 'M' 'M' 'M' 'U' 'M' 'M' 'M' 'M' 'M' 'M' 'A' 'U' 'M' 'M' 'U' 'M'
 'M' 'U' 'U' 'M' 'M' 'M' 'M' 'M' 'M' 'U' 'M' 'U' 'M' 'M' 'M' 'U' 'M' 'M'
 'M' 'M' 'M' 'M' 'M' 'M' 'M' 'M' 'M' 'M' 'M' 'M' 'M' 'U' 'U' 'M' 'M' 'M'
 'M' 'M' 'M' 'U' 'M' 'M' 'M' 'U' 'M' 'M' 'M' 'M' 'M' 'M' 'U' 'U' 'U' 'M'
 'M' 'M' 'U' 'U' 'M' 'M' 'M' 'M' 'M' 'M' 'M' 'M' 'U' 'U' 'M' 'M' 'M' 'M'
 'M' 'U' 'M' 'M' 'M' 'M' 'M' 'M' 'U' 'U' 'U' 'U' 'A' 'M' 'A' 'M' 'M' 'M'
 'U' 'M' 'U' 'A' 'M' 'M' 'U' 'M' 'M' 'M' 'U' 'M' 'M' 'A' 'M' 'M' 'U' 'M'
 'M' 'M' 'M' 'M' 'M' 'M' 'U' 'M' 'M' 'M' 'M' 'M' 'M' 'M' 'U' 'M' 'M' 'M'
 'M' 'M' 'U' 'M' 'M' 'M' 'M' 'M' 'M' 'M' 'M' 'U' 'A' 'M' 'M' 'M' 'M' 'M']"
236701,0,156,7,149,42,0,0,"['A' 'M' 'M' 'U' 'M' 'M' 'U' 'M' 'M' 'M' 'M' 'U' 'U' 'M' 'M' 'U' 'U' 'M'
 'M' 'U' 'U' 'M' 'U' 'M' 'M' 'M' 'M' 'M' 'M' 'U' 'M' 'M' 'M' 'U' 'M' 'M'
 'M' 'U' 'M' 'M' 'M' 'M' 'M' 'M' 'M' 'M' 'M' 'M' 'A' 'U' 'M' 'M' 'U' 'M'
 'M' 'U' 'M' 'M' 'M' 'U' 'M' 'U' 'U' 'U' 'M' 'M' 'U' 'M' 'M' 'M' 'U' 'M'
 'M' 'M' 'M' 'M' 'M' 'M' 'M' 'M' 'M' 'M' 'M' 'U' 'M' 'M' 'M' 'M' 'U' 'M'
 'M' 'M' 'M' 'M' 'U' 'M' 'M' 'U' 'M' 'M' 'M' 'M' 'M' 'M' 'U' 'M' 'U' 'M'
 'U' 'M' 'M' 'U' 'M' 'M' 'M' 'M' 'M' 'M' 'M' 'M' 'U' 'U' 'M' 'M' 'M' 'M'
 'M' 'U' 'M' 'M' 'M' 'M' 'M' 'M' 'A' 'U' 'M' 'M' 'A' 'M' 'A' 'M' 'M' 'M'
 'M' 'M' 'U' 'A' 'M' 'M' 'U' 'M' 'M' 'M' 'M' 'M' 'M' 'A' 'M' 'U' 'U' 'M'
 'M' 'M' 'M' 'M' 'M' 'M' 'M' 'M' 'M' 'M' 'M' 'M' 'M' 'M' 'U' 'M' 'M' 'U'
 'M' 'M' 'U' 'M' 'M' 'M' 'M' 'M' 'M' 'M' 'M' 'U' 'U' 'M' 'M' 'M' 'M' 'M']"
236801,0,151,7,144,47,0,0,"['A' 'M' 'M' 'U' 'M' 'M' 'M' 'M' 'M' 'M' 'U' 'U' 'U' 'M' 'M' 'U' 'U' 'M'
 'M' 'M' 'U' 'M' 'U' 'M' 'M' 'U' 'M' 'M' 'M' 'U' 'M' 'M' 'M' 'U' 'M' 'M'
 'M' 'U' 'M' 'M' 'M' 'M' 'M' 'M' 'M' 'M' 'M' 'M' 'U' 'U' 'U' 'M' 'U' 'M'
 'M' 'U' 'M' 'U' 'M' 'U' 'U' 'U' 'U' 'U' 'M' 'M' 'M' 'U' 'M' 'M' 'M' 'M'
 'U' 'M' 'M' 'M' 'M' 'U' 'U' 'M' 'M' 'U' 'M' 'M' 'M' 'M' 'M' 'M' 'M' 'M'
 'M' 'M' 'M' 'M' 'M' 'M' 'M' 'U' 'M' 'M' 'M' 'M' 'M' 'M' 'U' 'M' 'U' 'M'
 'U' 'M' 'M' 'U' 'M' 'M' 'M' 'M' 'M' 'M' 'M' 'M' 'U' 'U' 'M' 'M' 'M' 'M'
 'M' 'U' 'M' 'M' 'M' 'M' 'M' 'M' 'U' 'U' 'M' 'M' 'A' 'M' 'A' 'M' 'M' 'M'
 'U' 'M' 'U' 'A' 'M' 'M' 'U' 'M' 'M' 'M' 'M' 'M' 'M' 'A' 'M' 'U' 'M' 'M'
 'M' 'M' 'M' 'M' 'M' 'M' 'U' 'M' 'M' 'M' 'M' 'M' 'U' 'M' 'U' 'M' 'A' 'U'
 'M' 'M' 'M' 'M' 'M' 'M' 'M' 'M' 'M' 'M' 'M' 'A' 'U' 'M' 'M' 'M' 'M' 'M']"
236901,0,152,5,147,46,0,0,"['A' 'M' 'M' 'U' 'M' 'M' 'M' 'M' 'M' 'M' 'U' 'M' 'U' 'U' 'M' 'U' 'M' 'M'
 'U' 'M' 'M' 'M' 'U' 'M' 'M' 'U' 'M' 'M' 'M' 'U' 'M' 'M' 'M' 'U' 'M' 'M'
 'M' 'M' 'M' 'M' 'M' 'U' 'M' 'M' 'M' 'M' 'M' 'M' 'U' 'U' 'U' 'M' 'U' 'M'
 'U' 'M' 'M' 'U' 'U' 'U' 'A' 'U' 'M' 'U' 'M' 'M' 'U' 'M' 'M' 'U' 'M' 'M'
 'M' 'M' 'M' 'M' 'M' 'M' 'U' 'M' 'M' 'M' 'U' 'M' 'M' 'M' 'M' 'M' 'M' 'U'
 'M' 'M' 'M' 'M' 'M' 'M' 'M' 'U' 'M' 'M' 'M' 'M' 'M' 'U' 'M' 'M' 'U' 'M'
 'U' 'M' 'M' 'U' 'M' 'M' 'M' 'M' 'M' 'M' 'M' 'M' 'U' 'U' 'M' 'M' 'M' 'M'
 'M' 'M' 'M' 'M' 'M' 'M' 'M' 'M' 'M' 'M' 'M' 'M' 'A' 'M' 'A' 'M' 'M' 'M'
 'U' 'M' 'U' 'U' 'M' 'M' 'U' 'M' 'M' 'M' 'M' 'M' 'M' 'U' 'M' 'U' 'M' 'M'
 'M' 'M' 'U' 'M' 'M' 'M' 'U' 'M' 'M' 'M' 'M' 'M' 'U' 'M' 'U' 'M' 'U' 'M'
 'M' 'M' 'M' 'M' 'M' 'M' 'M' 'M' 'M' 'M' 'M' 'A' 'U' 'M' 'M' 'M' 'M' 'U']"
237001,0,152,5,147,46,0,0,"['A' 'M' 'M' 'U' 'U' 'M' 'M' 'M' 'M' 'M' 'U' 'M' 'M' 'U' 'M' 'U' 'M' 'M'
 'U' 'M' 'U' 'M' 'M' 'M' 'M' 'U' 'M' 'M' 'U' 'U' 'M' 'U' 'M' 'U' 'M' 'M'
 'M' 'M' 'M' 'U' 'M' 'U' 'M' 'U' 'M' 'M' 'M' 'U' 'U' 'U' 'U' 'M' 'A' 'M'
 'U' 'M' 'M' 'U' 'U' 'U' 'U' 'U' 'M' 'M' 'M' 'M' 'M' 'M' 'M' 'M' 'U' 'U'
 'U' 'M' 'M' 'M' 'M' 'M' 'M' 'M' 'M' 'M' 'M' 'M' 'M' 'M' 'M' 'M' 'M' 'U'
 'M' 'M' 'M' 'M' 'U' 'M' 'U' 'U' 'M' 'M' 'M' 'M' 'M' 'M' 'M' 'M' 'U' 'M'
 'M' 'M' 'M' 'M' 'M' 'M' 'M' 'M' 'M' 'M' 'M' 'M' 'U' 'U' 'M' 'M' 'M' 'M'
 'M' 'M' 'M' 'M' 'M' 'M' 'M' 'M' 'M' 'M' 'M' 'M' 'A' 'M' 'A' 'M' 'M' 'M'
 'U' 'M' 'M' 'U' 'M' 'M' 'U' 'U' 'M' 'M' 'M' 'M' 'M' 'U' 'M' 'U' 'M' 'U'
 'M' 'M' 'U' 'M' 'M' 'M' 'M' 'M' 'M' 'M' 'M' 'M' 'U' 'M' 'U' 'M' 'U' 'M'
 'M' 'M' 'M' 'M' 'M' 'M' 'M' 'M' 'M' 'M' 'M' 'A' 'M' 'M' 'M' 'M' 'M' 'M']"
237101,0,154,5,149,44,0,0,"['A' 'M' 'M' 'U' 'U' 'M' 'M' 'M' 'M' 'M' 'U' 'M' 'M' 'U' 'M' 'U' 'M' 'M'
 'U' 'M' 'U' 'M' 'M' 'M' 'M' 'U' 'U' 'M' 'U' 'U' 'M' 'M' 'M' 'U' 'M' 'U'
 'M' 'M' 'M' 'U' 'M' 'U' 'M' 'U' 'M' 'M' 'M' 'U' 'U' 'U' 'U' 'M' 'A' 'M'
 'U' 'M' 'M' 'M' 'U' 'M' 'U' 'U' 'M' 'M' 'M' 'M' 'U' 'M' 'M' 'M' 'U' 'U'
 'M' 'M' 'M' 'M' 'M' 'M' 'M' 'M' 'U' 'M' 'M' 'M' 'M' 'M' 'M' 'M' 'M' 'U'
 'M' 'M' 'M' 'M' 'M' 'M' 'M' 'A' 'M' 'M' 'M' 'M' 'M' 'M' 'M' 'M' 'M' 'M'
 'M' 'M' 'M' 'M' 'M' 'M' 'M' 'M' 'M' 'M' 'U' 'M' 'U' 'U' 'M' 'M' 'M' 'M'
 'M' 'M' 'M' 'M' 'M' 'M' 'M' 'M' 'M' 'M' 'M' 'M' 'A' 'M' 'M' 'M' 'M' 'M'
 'U' 'M' 'M' 'U' 'M' 'M' 'U' 'M' 'M' 'M' 'M' 'M' 'M' 'M' 'M' 'U' 'M' 'U'
 'M' 'M' 'U' 'M' 'M' 'M' 'U' 'M' 'M' 'M' 'M' 'U' 'U' 'M' 'U' 'M' 'U' 'M'
 'M' 'M' 'M' 'M' 'M' 'U' 'M' 'M' 'M' 'M' 'M' 'A' 'M' 'M' 'M' 'M' 'M' 'M']"
237201,0,167,8,159,31,0,0,"['A' 'M' 'M' 'M' 'M' 'M' 'M' 'M' 'M' 'M' 'A' 'M' 'M' 'U' 'M' 'U' 'M' 'M'
 'U' 'M' 'U' 'M' 'M' 'M' 'M' 'M' 'M' 'M' 'A' 'M' 'M' 'M' 'M' 'M' 'M' 'U'
 'M' 'M' 'M' 'U' 'M' 'M' 'M' 'U' 'M' 'M' 'M' 'M' 'U' 'M' 'M' 'M' 'M' 'M'
 'U' 'M' 'M' 'M' 'U' 'M' 'U' 'U' 'M' 'M' 'M' 'M' 'M' 'M' 'M' 'M' 'M' 'M'
 'M' 'M' 'M' 'M' 'M' 'M' 'M' 'M' 'M' 'M' 'U' 'M' 'M' 'U' 'U' 'U' 'M' 'M'
 'M' 'M' 'M' 'M' 'U' 'M' 'M' 'A' 'M' 'M' 'M' 'M' 'M' 'U' 'U' 'M' 'M' 'M'
 'M' 'M' 'M' 'M' 'M' 'M' 'M' 'M' 'M' 'M' 'M' 'U' 'U' 'U' 'M' 'M' 'M' 'M'
 'M' 'M' 'M' 'M' 'M' 'U' 'M' 'M' 'M' 'M' 'M' 'M' 'A' 'A' 'M' 'M' 'M' 'M'
 'U' 'M' 'M' 'M' 'M' 'M' 'U' 'M' 'U' 'M' 'M' 'M' 'M' 'M' 'M' 'U' 'M' 'M'
 'M' 'M' 'U' 'M' 'M' 'M' 'U' 'M' 'M' 'M' 'M' 'U' 'M' 'M' 'A' 'M' 'M' 'M'
 'M' 'M' 'M' 'M' 'M' 'U' 'M' 'M' 'M' 'M' 'M' 'A' 'M' 'M' 'M' 'M' 'M' 'M']"
237301,0,163,6,157,35,0,1,"['A' 'U' 'M' 'U' 'M' 'M' 'M' 'M' 'M' 'M' 'U' 'M' 'M' 'U' 'M' 'U' 'M' 'M'
 'U' 'M' 'M' 'U' 'M' 'M' 'U' 'M' 'M' 'M' 'M' 'M' 'M' 'M' 'M' 'M' 'U' 'U'
 'M' 'M' 'M' 'M' 'M' 'M' 'M' 'U' 'M' 'M' 'M' 'M' 'M' 'M' 'M' 'M' 'M' 'M'
 'U' 'M' 'M' 'M' 'M' 'M' 'A' 'A' 'M' 'M' 'M' 'M' 'M' 'M' 'M' 'M' 'M' 'M'
 'M' 'M' 'M' 'M' 'M' 'M' 'M' 'U' 'M' 'M' 'M' 'M' 'U' 'M' 'U' 'M' 'M' 'M'
 'U' 'M' 'U' 'M' 'M' 'M' 'M' 'U' 'M' 'M' 'M' 'M' 'M' 'U' 'U' 'U' 'M' 'M'
 'U' 'M' 'M' 'M' 'M' 'M' 'M' 'M' 'M' 'M' 'M' 'U' 'U' 'U' 'M' 'M' 'M' 'M'
 'M' 'M' 'M' 'M' 'M' 'U' 'M' 'M' 'M' 'M' 'M' 'M' 'A' 'A' 'M' 'M' 'M' 'M'
 'U' 'M' 'M' 'M' 'M' 'M' 'U' 'M' 'U' 'M' 'M' 'M' 'M' 'M' 'M' 'A' 'M' 'M'
 'M' 'M' 'U' 'M' 'M' 'M' 'U' 'M' 'U' 'M' 'M' 'M' 'M' 'M' 'U' 'M' 'M' 'M'
 'M' 'M' 'M' 'M' 'M' 'M' 'M' 'M' 'M' 'M' 'M' 'U' 'M' 'M' 'M' 'U' 'M' 'M']"
237401,0,162,6,156,36,0,0,"['A' 'A' 'M' 'U' 'M' 'M' 'M' 'U' 'M' 'M' 'U' 'M' 'M' 'U' 'M' 'U' 'U' 'M'
 'U' 'M' 'M' 'U' 'M' 'M' 'M' 'M' 'M' 'M' 'M' 'U' 'M' 'M' 'M' 'M' 'U' 'U'
 'M' 'M' 'M' 'M' 'M' 'M' 'M' 'U' 'M' 'M' 'M' 'M' 'M' 'M' 'M' 'M' 'M' 'M'
 'M' 'M' 'M' 'M' 'M' 'M' 'A' 'M' 'M' 'M' 'M' 'U' 'M' 'M' 'M' 'M' 'U' 'M'
 'M' 'M' 'M' 'M' 'M' 'M' 'M' 'M' 'U' 'M' 'M' 'M' 'M' 'U' 'M' 'M' 'M' 'M'
 'M' 'U' 'M' 'M' 'M' 'M' 'M' 'U' 'M' 'M' 'M' 'M' 'M' 'A' 'U' 'U' 'M' 'M'
 'U' 'M' 'M' 'M' 'M' 'U' 'M' 'M' 'M' 'M' 'U' 'U' 'M' 'M' 'M' 'M' 'M' 'M'
 'M' 'M' 'M' 'M' 'M' 'U' 'M' 'M' 'M' 'M' 'M' 'M' 'U' 'A' 'M' 'M' 'M' 'M'
 'U' 'U' 'M' 'M' 'U' 'M' 'U' 'M' 'U' 'M' 'M' 'M' 'M' 'M' 'U' 'A' 'M' 'M'
 'M' 'M' 'U' 'U' 'M' 'M' 'M' 'M' 'M' 'M' 'M' 'M' 'M' 'M' 'U' 'M' 'M' 'M'
 'M' 'M' 'M' 'M' 'M' 'M' 'M' 'M' 'M' 'M' 'M' 'M' 'M' 'M' 'M' 'U' 'M' 'M']"
237501,0,154,3,151,44,0,0,"['A' 'U' 'M' 'U' 'M' 'M' 'M' 'U' 'M' 'M' 'U' 'M' 'M' 'U' 'M' 'U' 'U' 'M'
 'U' 'M' 'U' 'U' 'M' 'M' 'M' 'M' 'M' 'M' 'M' 'U' 'M' 'M' 'M' 'M' 'U' 'U'
 'M' 'M' 'M' 'M' 'M' 'M' 'M' 'U' 'M' 'M' 'M' 'M' 'M' 'M' 'M' 'M' 'M' 'M'
 'M' 'M' 'M' 'M' 'M' 'M' 'U' 'M' 'M' 'M' 'U' 'M' 'M' 'M' 'U' 'M' 'U' 'M'
 'M' 'M' 'M' 'M' 'M' 'M' 'M' 'M' 'M' 'M' 'U' 'M' 'M' 'U' 'M' 'M' 'M' 'U'
 'M' 'M' 'M' 'M' 'M' 'M' 'M' 'U' 'U' 'M' 'M' 'M' 'M' 'A' 'U' 'U' 'M' 'M'
 'U' 'M' 'M' 'M' 'M' 'U' 'M' 'M' 'M' 'M' 'M' 'M' 'M' 'U' 'M' 'M' 'U' 'M'
 'M' 'M' 'M' 'M' 'M' 'U' 'M' 'M' 'M' 'M' 'M' 'U' 'A' 'U' 'M' 'M' 'M' 'M'
 'U' 'M' 'M' 'M' 'U' 'M' 'U' 'M' 'M' 'U' 'M' 'M' 'M' 'M' 'U' 'U' 'U' 'M'
 'M' 'M' 'U' 'U' 'M' 'M' 'M' 'M' 'M' 'M' 'M' 'M' 'M' 'M' 'U' 'M' 'M' 'M'
 'M' 'M' 'M' 'M' 'M' 'M' 'M' 'M' 'M' 'U' 'M' 'M' 'M' 'M' 'M' 'U' 'M' 'M']"
237601,0,160,3,157,38,0,0,"['A' 'M' 'M' 'U' 'M' 'M' 'U' 'U' 'M' 'M' 'U' 'M' 'M' 'U' 'M' 'U' 'U' 'M'
 'U' 'M' 'U' 'M' 'M' 'M' 'M' 'M' 'M' 'M' 'M' 'U' 'M' 'M' 'M' 'M' 'U' 'U'
 'M' 'U' 'M' 'M' 'M' 'M' 'M' 'M' 'M' 'M' 'M' 'M' 'M' 'M' 'M' 'M' 'M' 'M'
 'M' 'M' 'M' 'M' 'M' 'M' 'M' 'M' 'M' 'M' 'U' 'M' 'M' 'M' 'M' 'M' 'M' 'U'
 'M' 'M' 'M' 'M' 'M' 'M' 'M' 'M' 'M' 'U' 'M' 'U' 'U' 'U' 'M' 'M' 'M' 'M'
 'M' 'M' 'M' 'M' 'M' 'M' 'M' 'U' 'M' 'M' 'M' 'M' 'M' 'A' 'M' 'U' 'M' 'M'
 'U' 'M' 'M' 'M' 'M' 'U' 'M' 'M' 'M' 'U' 'M' 'M' 'M' 'U' 'M' 'M' 'U' 'M'
 'M' 'M' 'M' 'M' 'M' 'U' 'M' 'M' 'M' 'M' 'M' 'U' 'A' 'M' 'M' 'M' 'M' 'M'
 'M' 'M' 'M' 'M' 'U' 'M' 'U' 'M' 'M' 'U' 'M' 'M' 'M' 'U' 'M' 'U' 'U' 'M'
 'M' 'M' 'U' 'U' 'M' 'M' 'M' 'M' 'M' 'M' 'M' 'U' 'M' 'M' 'M' 'M' 'M' 'M'
 'M' 'M' 'M' 'M' 'M' 'M' 'M' 'M' 'M' 'U' 'M' 'M' 'M' 'M' 'M' 'M' 'M' 'M']"
237701,0,159,2,157,39,0,1,"['A' 'M' 'M' 'U' 'M' 'M' 'U' 'U' 'M' 'M' 'M' 'U' 'M' 'U' 'M' 'U' 'U' 'M'
 'U' 'M' 'U' 'M' 'M' 'M' 'M' 'M' 'U' 'M' 'M' 'U' 'M' 'M' 'M' 'M' 'U' 'U'
 'M' 'U' 'M' 'M' 'M' 'M' 'M' 'M' 'M' 'M' 'M' 'M' 'M' 'M' 'M' 'M' 'M' 'M'
 'M' 'M' 'M' 'M' 'M' 'M' 'M' 'M' 'M' 'M' 'U' 'M' 'M' 'U' 'M' 'M' 'M' 'M'
 'M' 'M' 'U' 'M' 'M' 'M' 'M' 'M' 'U' 'M' 'M' 'M' 'M' 'M' 'M' 'M' 'M' 'U'
 'M' 'U' 'M' 'M' 'M' 'M' 'M' 'U' 'M' 'M' 'M' 'M' 'M' 'U' 'M' 'U' 'M' 'M'
 'U' 'M' 'M' 'M' 'M' 'U' 'M' 'M' 'M' 'U' 'M' 'M' 'M' 'U' 'M' 'M' 'U' 'M'
 'M' 'M' 'M' 'M' 'M' 'U' 'M' 'M' 'M' 'M' 'M' 'U' 'A' 'M' 'M' 'M' 'M' 'M'
 'M' 'M' 'M' 'M' 'M' 'M' 'U' 'M' 'M' 'U' 'M' 'M' 'M' 'U' 'M' 'M' 'U' 'U'
 'M' 'M' 'M' 'U' 'M' 'M' 'M' 'M' 'U' 'M' 'M' 'U' 'M' 'M' 'M' 'M' 'M' 'M'
 'M' 'M' 'M' 'M' 'M' 'M' 'M' 'M' 'M' 'U' 'M' 'M' 'M' 'M' 'M' 'M' 'M' 'M']"
237801,0,166,2,164,32,0,0,"['A' 'M' 'M' 'M' 'M' 'M' 'U' 'U' 'M' 'M' 'M' 'U' 'M' 'U' 'M' 'U' 'U' 'M'
 'U' 'M' 'U' 'M' 'M' 'M' 'M' 'M' 'U' 'M' 'M' 'U' 'M' 'M' 'M' 'M' 'M' 'M'
 'M' 'U' 'M' 'M' 'M' 'M' 'M' 'M' 'M' 'U' 'U' 'M' 'M' 'M' 'M' 'M' 'M' 'M'
 'M' 'M' 'M' 'M' 'M' 'M' 'M' 'M' 'M' 'M' 'M' 'M' 'U' 'M' 'M' 'U' 'M' 'M'
 'M' 'M' 'M' 'M' 'M' 'M' 'M' 'M' 'U' 'M' 'M' 'M' 'M' 'M' 'M' 'M' 'U' 'M'
 'U' 'M' 'M' 'M' 'M' 'M' 'M' 'M' 'M' 'M' 'M' 'M' 'M' 'U' 'M' 'M' 'M' 'M'
 'U' 'M' 'M' 'M' 'M' 'U' 'M' 'M' 'M' 'U' 'M' 'M' 'M' 'M' 'M' 'M' 'U' 'M'
 'M' 'M' 'M' 'M' 'M' 'M' 'M' 'M' 'M' 'M' 'M' 'U' 'A' 'M' 'M' 'M' 'M' 'M'
 'M' 'M' 'M' 'M' 'M' 'M' 'M' 'M' 'M' 'U' 'M' 'M' 'M' 'U' 'M' 'M' 'U' 'M'
 'M' 'M' 'M' 'U' 'M' 'M' 'M' 'M' 'U' 'M' 'M' 'U' 'M' 'M' 'M' 'M' 'M' 'M'
 'M' 'M' 'M' 'M' 'M' 'M' 'U' 'M' 'M' 'U' 'M' 'M' 'M' 'M' 'M' 'M' 'M' 'M']"
237901,0,167,1,166,31,0,0,"['A' 'M' 'M' 'M' 'M' 'M' 'U' 'M' 'M' 'M' 'M' 'U' 'M' 'U' 'M' 'U' 'U' 'M'
 'U' 'M' 'U' 'M' 'M' 'M' 'M' 'M' 'U' 'M' 'M' 'U' 'M' 'M' 'M' 'M' 'M' 'M'
 'M' 'U' 'M' 'M' 'M' 'M' 'M' 'M' 'M' 'U' 'M' 'M' 'M' 'M' 'M' 'M' 'M' 'M'
 'M' 'M' 'M' 'M' 'M' 'M' 'M' 'M' 'M' 'M' 'M' 'M' 'M' 'U' 'M' 'M' 'U' 'M'
 'M' 'M' 'M' 'M' 'M' 'M' 'U' 'M' 'M' 'M' 'M' 'M' 'U' 'M' 'M' 'M' 'U' 'M'
 'M' 'M' 'M' 'M' 'M' 'M' 'M' 'M' 'M' 'M' 'M' 'M' 'M' 'M' 'M' 'M' 'M' 'M'
 'U' 'M' 'M' 'M' 'M' 'U' 'M' 'M' 'M' 'U' 'M' 'M' 'M' 'U' 'M' 'M' 'M' 'M'
 'M' 'M' 'M' 'M' 'M' 'M' 'M' 'M' 'M' 'M' 'M' 'U' 'M' 'M' 'M' 'U' 'M' 'M'
 'M' 'M' 'M' 'U' 'M' 'M' 'M' 'M' 'M' 'U' 'M' 'M' 'U' 'U' 'M' 'M' 'M' 'M'
 'M' 'M' 'M' 'M' 'M' 'M' 'M' 'M' 'U' 'M' 'M' 'U' 'M' 'M' 'M' 'M' 'M' 'M'
 'M' 'M' 'M' 'M' 'M' 'M' 'U' 'M' 'M' 'U' 'M' 'M' 'M' 'U' 'M' 'M' 'M' 'M']"
238001,0,167,3,164,31,0,0,"['A' 'M' 'M' 'M' 'M' 'M' 'M' 'M' 'M' 'M' 'M' 'U' 'M' 'U' 'M' 'U' 'M' 'M'
 'U' 'M' 'U' 'M' 'M' 'M' 'M' 'M' 'U' 'M' 'M' 'U' 'M' 'U' 'M' 'M' 'U' 'M'
 'M' 'A' 'M' 'M' 'M' 'M' 'M' 'M' 'M' 'M' 'M' 'M' 'M' 'M' 'U' 'M' 'M' 'M'
 'M' 'M' 'M' 'M' 'M' 'M' 'M' 'M' 'M' 'M' 'M' 'U' 'M' 'U' 'M' 'M' 'U' 'M'
 'M' 'M' 'M' 'M' 'M' 'U' 'M' 'M' 'M' 'M' 'M' 'M' 'M' 'M' 'M' 'M' 'M' 'U'
 'M' 'M' 'M' 'M' 'M' 'M' 'M' 'M' 'M' 'M' 'M' 'M' 'M' 'U' 'M' 'M' 'M' 'M'
 'U' 'M' 'U' 'M' 'M' 'U' 'M' 'M' 'M' 'U' 'M' 'M' 'M' 'U' 'M' 'M' 'M' 'M'
 'M' 'M' 'M' 'M' 'M' 'M' 'M' 'M' 'M' 'U' 'M' 'U' 'M' 'M' 'M' 'U' 'M' 'M'
 'M' 'M' 'M' 'M' 'M' 'M' 'M' 'M' 'M' 'A' 'M' 'M' 'U' 'U' 'M' 'M' 'M' 'M'
 'M' 'M' 'U' 'M' 'M' 'M' 'M' 'M' 'U' 'M' 'M' 'U' 'M' 'M' 'M' 'M' 'M' 'M'
 'M' 'M' 'M' 'M' 'M' 'M' 'M' 'M' 'M' 'U' 'M' 'M' 'M' 'U' 'M' 'M' 'M' 'M']"
238101,0,162,3,159,36,0,0,"['A' 'M' 'M' 'M' 'M' 'M' 'M' 'M' 'M' 'M' 'M' 'U' 'M' 'U' 'M' 'U' 'U' 'M'
 'U' 'M' 'U' 'M' 'M' 'M' 'M' 'M' 'U' 'M' 'M' 'U' 'M' 'U' 'M' 'M' 'U' 'M'
 'M' 'A' 'M' 'M' 'M' 'U' 'M' 'M' 'M' 'M' 'M' 'M' 'M' 'M' 'U' 'M' 'M' 'M'
 'M' 'M' 'M' 'M' 'M' 'M' 'U' 'U' 'M' 'M' 'M' 'U' 'M' 'M' 'M' 'M' 'M' 'M'
 'M' 'U' 'M' 'M' 'M' 'M' 'M' 'M' 'M' 'M' 'M' 'M' 'M' 'U' 'M' 'M' 'U' 'M'
 'U' 'M' 'M' 'M' 'M' 'M' 'M' 'M' 'M' 'M' 'M' 'M' 'U' 'U' 'M' 'M' 'M' 'M'
 'U' 'M' 'U' 'M' 'M' 'U' 'M' 'M' 'M' 'U' 'M' 'M' 'M' 'U' 'M' 'M' 'M' 'M'
 'M' 'M' 'M' 'M' 'M' 'M' 'M' 'M' 'M' 'M' 'M' 'U' 'M' 'M' 'M' 'U' 'M' 'M'
 'M' 'M' 'M' 'M' 'M' 'M' 'M' 'M' 'M' 'A' 'M' 'M' 'U' 'U' 'M' 'M' 'M' 'M'
 'M' 'M' 'U' 'M' 'M' 'M' 'M' 'M' 'M' 'U' 'M' 'U' 'M' 'M' 'M' 'M' 'M' 'M'
 'M' 'M' 'M' 'M' 'M' 'M' 'M' 'M' 'M' 'U' 'M' 'M' 'M' 'U' 'M' 'M' 'M' 'U']"
238201,0,155,3,152,43,0,0,"['A' 'M' 'M' 'M' 'M' 'M' 'M' 'M' 'M' 'U' 'M' 'M' 'M' 'U' 'M' 'U' 'M' 'M'
 'U' 'M' 'U' 'M' 'M' 'U' 'M' 'M' 'U' 'M' 'M' 'U' 'M' 'M' 'M' 'U' 'U' 'M'
 'U' 'A' 'M' 'M' 'M' 'U' 'M' 'M' 'M' 'M' 'M' 'M' 'M' 'M' 'U' 'M' 'M' 'M'
 'M' 'M' 'M' 'M' 'U' 'M' 'U' 'U' 'M' 'M' 'M' 'M' 'M' 'M' 'M' 'M' 'M' 'M'
 'M' 'M' 'M' 'U' 'M' 'M' 'M' 'M' 'M' 'U' 'M' 'U' 'M' 'M' 'U' 'M' 'M' 'M'
 'M' 'U' 'M' 'M' 'M' 'M' 'M' 'M' 'U' 'M' 'M' 'M' 'M' 'U' 'M' 'M' 'M' 'M'
 'U' 'M' 'U' 'U' 'M' 'U' 'M' 'M' 'M' 'U' 'M' 'M' 'M' 'U' 'M' 'M' 'M' 'M'
 'M' 'M' 'M' 'M' 'M' 'M' 'M' 'M' 'M' 'M' 'M' 'U' 'M' 'M' 'M' 'U' 'U' 'M'
 'M' 'M' 'M' 'M' 'M' 'M' 'U' 'M' 'U' 'A' 'M' 'M' 'U' 'U' 'M' 'M' 'M' 'M'
 'M' 'M' 'U' 'U' 'M' 'M' 'M' 'M' 'M' 'M' 'M' 'U' 'U' 'M' 'M' 'M' 'M' 'M'
 'M' 'M' 'M' 'U' 'M' 'M' 'M' 'M' 'M' 'M' 'M' 'M' 'M' 'U' 'M' 'M' 'M' 'U']"
238301,0,157,4,153,41,0,0,"['A' 'M' 'M' 'M' 'M' 'M' 'M' 'M' 'M' 'U' 'M' 'M' 'M' 'U' 'M' 'U' 'M' 'U'
 'U' 'U' 'M' 'M' 'M' 'U' 'U' 'M' 'U' 'U' 'U' 'U' 'M' 'M' 'M' 'U' 'U' 'M'
 'U' 'A' 'M' 'M' 'M' 'M' 'M' 'M' 'M' 'M' 'M' 'M' 'M' 'M' 'U' 'M' 'M' 'M'
 'M' 'M' 'M' 'M' 'U' 'M' 'U' 'A' 'M' 'U' 'M' 'M' 'M' 'U' 'U' 'M' 'M' 'M'
 'M' 'M' 'M' 'M' 'U' 'U' 'U' 'M' 'M' 'M' 'M' 'M' 'M' 'M' 'M' 'M' 'M' 'M'
 'M' 'M' 'M' 'M' 'M' 'M' 'M' 'M' 'M' 'M' 'M' 'M' 'M' 'U' 'M' 'M' 'M' 'M'
 'U' 'M' 'U' 'U' 'M' 'M' 'M' 'M' 'M' 'U' 'M' 'M' 'M' 'M' 'M' 'M' 'M' 'M'
 'M' 'U' 'M' 'M' 'M' 'U' 'M' 'M' 'M' 'M' 'M' 'U' 'M' 'M' 'M' 'U' 'U' 'M'
 'M' 'M' 'M' 'M' 'M' 'M' 'U' 'M' 'U' 'A' 'M' 'M' 'M' 'U' 'M' 'M' 'M' 'M'
 'M' 'M' 'M' 'M' 'M' 'M' 'M' 'M' 'M' 'M' 'M' 'U' 'M' 'M' 'M' 'M' 'M' 'M'
 'M' 'M' 'M' 'M' 'M' 'M' 'M' 'M' 'U' 'M' 'M' 'M' 'M' 'U' 'M' 'M' 'M' 'U']"
238401,0,166,5,161,32,1,0,"['A' 'M' 'M' 'M' 'M' 'U' 'M' 'M' 'M' 'M' 'U' 'M' 'M' 'U' 'M' 'M' 'M' 'U'
 'U' 'M' 'M' 'M' 'M' 'A' 'U' 'M' 'M' 'U' 'U' 'U' 'M' 'M' 'M' 'M' 'U' 'M'
 'M' 'A' 'M' 'M' 'M' 'M' 'M' 'M' 'M' 'M' 'M' 'M' 'M' 'M' 'M' 'U' 'M' 'M'
 'M' 'M' 'M' 'M' 'U' 'M' 'U' 'U' 'M' 'M' 'M' 'U' 'M' 'M' 'M' 'M' 'U' 'M'
 'M' 'M' 'M' 'M' 'U' 'M' 'U' 'M' 'M' 'M' 'M' 'M' 'M' 'M' 'M' 'M' 'U' 'M'
 'M' 'M' 'M' 'M' 'M' 'M' 'M' 'M' 'M' 'M' 'M' 'M' 'M' 'M' 'M' 'M' 'M' 'M'
 'U' 'M' 'U' 'M' 'M' 'M' 'M' 'M' 'U' 'U' 'M' 'M' 'M' 'M' 'M' 'M' 'M' 'M'
 'M' 'U' 'M' 'M' 'M' 'U' 'M' 'M' 'M' 'M' 'M' 'M' 'M' 'M' 'M' 'U' 'U' 'M'
 'M' 'M' 'M' 'M' 'M' 'M' 'U' 'M' 'A' 'A' 'M' 'M' 'M' 'U' 'M' 'M' 'M' 'M'
 'M' 'M' 'M' 'M' 'M' 'M' 'M' 'M' 'M' 'M' 'M' 'U' 'M' 'M' 'M' 'M' 'M' 'M'
 'M' 'M' 'M' 'M' 'M' 'M' 'M' 'M' 'U' 'M' 'M' 'M' 'M' 'M' 'M' 'M' 'M' 'U']"
238501,0,166,5,161,32,0,1,"['A' 'M' 'M' 'M' 'M' 'U' 'M' 'M' 'M' 'M' 'M' 'M' 'M' 'U' 'M' 'M' 'M' 'U'
 'U' 'M' 'M' 'M' 'M' 'A' 'U' 'M' 'M' 'M' 'M' 'U' 'M' 'M' 'M' 'M' 'U' 'M'
 'M' 'A' 'M' 'M' 'M' 'M' 'M' 'M' 'M' 'M' 'M' 'M' 'M' 'M' 'M' 'M' 'M' 'M'
 'M' 'M' 'M' 'M' 'U' 'M' 'M' 'U' 'M' 'M' 'M' 'M' 'U' 'M' 'M' 'U' 'M' 'M'
 'M' 'M' 'M' 'M' 'U' 'M' 'M' 'M' 'M' 'M' 'U' 'M' 'M' 'M' 'M' 'M' 'M' 'M'
 'M' 'M' 'M' 'M' 'U' 'M' 'M' 'M' 'M' 'M' 'M' 'M' 'M' 'M' 'M' 'M' 'M' 'M'
 'U' 'M' 'U' 'M' 'U' 'M' 'M' 'M' 'U' 'U' 'M' 'M' 'M' 'M' 'M' 'M' 'M' 'M'
 'M' 'M' 'M' 'M' 'M' 'U' 'U' 'U' 'U' 'U' 'U' 'U' 'M' 'M' 'M' 'U' 'U' 'M'
 'M' 'M' 'M' 'M' 'M' 'M' 'U' 'M' 'A' 'A' 'M' 'M' 'M' 'U' 'M' 'M' 'M' 'M'
 'M' 'M' 'M' 'M' 'M' 'M' 'M' 'M' 'M' 'M' 'M' 'U' 'M' 'M' 'M' 'M' 'M' 'M'
 'M' 'M' 'M' 'M' 'M' 'M' 'M' 'M' 'U' 'M' 'M' 'M' 'M' 'M' 'M' 'M' 'M' 'M']"
238601,0,160,2,158,38,0,0,"['A' 'M' 'M' 'M' 'M' 'U' 'M' 'M' 'M' 'M' 'M' 'U' 'U' 'U' 'M' 'M' 'M' 'M'
 'U' 'M' 'M' 'M' 'M' 'A' 'M' 'M' 'M' 'U' 'M' 'U' 'M' 'M' 'M' 'M' 'U' 'M'
 'M' 'U' 'M' 'M' 'M' 'M' 'M' 'M' 'M' 'M' 'M' 'M' 'M' 'M' 'M' 'M' 'M' 'M'
 'M' 'M' 'M' 'M' 'U' 'M' 'M' 'U' 'M' 'M' 'M' 'M' 'U' 'M' 'M' 'M' 'M' 'M'
 'M' 'M' 'M' 'U' 'M' 'M' 'M' 'M' 'M' 'M' 'M' 'M' 'M' 'M' 'M' 'M' 'U' 'U'
 'M' 'M' 'M' 'M' 'U' 'M' 'M' 'M' 'M' 'M' 'M' 'M' 'M' 'M' 'M' 'M' 'M' 'M'
 'U' 'M' 'U' 'M' 'U' 'M' 'M' 'M' 'M' 'U' 'U' 'M' 'U' 'M' 'M' 'M' 'M' 'M'
 'M' 'M' 'M' 'M' 'M' 'M' 'U' 'U' 'U' 'U' 'M' 'M' 'U' 'M' 'M' 'U' 'U' 'M'
 'M' 'M' 'M' 'M' 'M' 'M' 'U' 'M' 'U' 'U' 'U' 'M' 'M' 'U' 'M' 'U' 'M' 'M'
 'M' 'M' 'M' 'M' 'M' 'M' 'M' 'M' 'M' 'M' 'M' 'U' 'M' 'M' 'M' 'M' 'M' 'M'
 'M' 'U' 'M' 'M' 'M' 'M' 'M' 'M' 'U' 'M' 'M' 'M' 'M' 'M' 'M' 'M' 'M' 'M']"
238701,0,156,2,154,42,0,0,"['A' 'M' 'M' 'M' 'M' 'M' 'M' 'M' 'M' 'M' 'M' 'U' 'U' 'U' 'M' 'M' 'M' 'M'
 'U' 'M' 'M' 'U' 'M' 'A' 'M' 'M' 'M' 'M' 'M' 'U' 'M' 'M' 'M' 'M' 'U' 'M'
 'M' 'U' 'M' 'M' 'M' 'M' 'M' 'M' 'M' 'M' 'M' 'M' 'M' 'M' 'M' 'M' 'M' 'M'
 'M' 'M' 'M' 'M' 'M' 'M' 'M' 'U' 'M' 'M' 'M' 'M' 'U' 'M' 'M' 'M' 'M' 'M'
 'M' 'U' 'M' 'M' 'M' 'M' 'M' 'U' 'M' 'M' 'M' 'M' 'M' 'M' 'M' 'M' 'U' 'U'
 'M' 'M' 'M' 'M' 'M' 'M' 'M' 'M' 'M' 'M' 'M' 'M' 'M' 'M' 'M' 'M' 'U' 'M'
 'M' 'M' 'U' 'M' 'U' 'M' 'M' 'M' 'U' 'U' 'M' 'M' 'U' 'U' 'U' 'M' 'M' 'M'
 'M' 'M' 'M' 'M' 'M' 'M' 'U' 'U' 'U' 'U' 'M' 'U' 'U' 'M' 'M' 'U' 'U' 'M'
 'M' 'M' 'M' 'M' 'M' 'M' 'U' 'M' 'U' 'U' 'U' 'M' 'M' 'U' 'M' 'U' 'M' 'M'
 'M' 'M' 'M' 'M' 'M' 'M' 'M' 'M' 'M' 'M' 'M' 'U' 'U' 'M' 'M' 'M' 'M' 'M'
 'M' 'U' 'M' 'M' 'M' 'U' 'M' 'M' 'M' 'U' 'M' 'M' 'M' 'U' 'M' 'M' 'M' 'M']"
238801,0,162,3,159,36,0,0,"['A' 'M' 'M' 'M' 'M' 'M' 'M' 'M' 'M' 'M' 'M' 'U' 'U' 'M' 'M' 'M' 'M' 'M'
 'M' 'M' 'M' 'U' 'M' 'U' 'M' 'M' 'M' 'M' 'M' 'U' 'M' 'M' 'M' 'M' 'U' 'M'
 'M' 'A' 'M' 'M' 'M' 'M' 'U' 'M' 'M' 'M' 'M' 'M' 'M' 'M' 'M' 'M' 'M' 'M'
 'M' 'M' 'M' 'M' 'M' 'M' 'M' 'U' 'M' 'M' 'M' 'M' 'M' 'M' 'M' 'M' 'M' 'M'
 'M' 'U' 'M' 'M' 'M' 'M' 'M' 'M' 'U' 'U' 'U' 'M' 'M' 'M' 'M' 'M' 'M' 'M'
 'U' 'M' 'M' 'M' 'M' 'M' 'M' 'M' 'M' 'M' 'M' 'M' 'M' 'M' 'M' 'M' 'U' 'M'
 'M' 'M' 'U' 'M' 'M' 'M' 'U' 'M' 'U' 'A' 'M' 'M' 'M' 'U' 'U' 'M' 'M' 'M'
 'M' 'M' 'M' 'M' 'M' 'M' 'U' 'U' 'M' 'M' 'M' 'U' 'U' 'M' 'M' 'U' 'U' 'M'
 'M' 'M' 'M' 'M' 'M' 'M' 'M' 'M' 'U' 'U' 'M' 'M' 'M' 'M' 'M' 'U' 'M' 'M'
 'M' 'M' 'M' 'M' 'M' 'M' 'M' 'M' 'M' 'M' 'M' 'U' 'U' 'M' 'M' 'M' 'M' 'M'
 'U' 'U' 'M' 'M' 'M' 'U' 'M' 'M' 'M' 'U' 'M' 'M' 'M' 'U' 'M' 'M' 'U' 'M']"
238901,0,166,4,162,32,0,0,"['A' 'M' 'M' 'M' 'M' 'M' 'M' 'M' 'M' 'M' 'M' 'M' 'U' 'M' 'M' 'M' 'M' 'M'
 'M' 'M' 'M' 'A' 'M' 'U' 'M' 'M' 'M' 'M' 'M' 'U' 'M' 'M' 'M' 'M' 'U' 'M'
 'M' 'A' 'M' 'M' 'M' 'M' 'M' 'M' 'M' 'M' 'M' 'M' 'M' 'M' 'M' 'M' 'M' 'M'
 'U' 'M' 'M' 'M' 'M' 'M' 'M' 'U' 'M' 'M' 'M' 'M' 'M' 'U' 'M' 'M' 'U' 'U'
 'U' 'M' 'M' 'M' 'M' 'M' 'M' 'M' 'M' 'M' 'M' 'M' 'M' 'M' 'U' 'M' 'M' 'M'
 'M' 'M' 'M' 'M' 'M' 'M' 'M' 'M' 'M' 'M' 'M' 'M' 'M' 'M' 'M' 'M' 'M' 'M'
 'M' 'M' 'U' 'M' 'U' 'M' 'U' 'M' 'M' 'A' 'M' 'M' 'M' 'U' 'M' 'M' 'M' 'M'
 'M' 'M' 'M' 'M' 'M' 'U' 'M' 'M' 'M' 'M' 'M' 'U' 'M' 'M' 'M' 'U' 'U' 'U'
 'M' 'M' 'M' 'M' 'M' 'U' 'M' 'M' 'M' 'U' 'M' 'M' 'M' 'M' 'U' 'U' 'U' 'M'
 'M' 'M' 'M' 'M' 'U' 'M' 'M' 'M' 'M' 'M' 'M' 'U' 'U' 'M' 'U' 'M' 'M' 'M'
 'M' 'M' 'M' 'M' 'M' 'U' 'M' 'M' 'M' 'M' 'M' 'M' 'M' 'U' 'M' 'M' 'U' 'M']"
239001,0,160,6,154,38,0,0,"['A' 'M' 'M' 'M' 'M' 'M' 'U' 'M' 'M' 'M' 'M' 'M' 'M' 'M' 'M' 'M' 'M' 'M'
 'M' 'M' 'M' 'A' 'M' 'U' 'M' 'M' 'M' 'M' 'M' 'U' 'M' 'M' 'M' 'M' 'U' 'M'
 'M' 'A' 'M' 'M' 'M' 'M' 'M' 'M' 'M' 'M' 'M' 'M' 'M' 'M' 'M' 'M' 'M' 'M'
 'U' 'M' 'M' 'M' 'M' 'M' 'M' 'U' 'U' 'M' 'M' 'M' 'M' 'M' 'M' 'M' 'M' 'M'
 'M' 'M' 'M' 'U' 'M' 'M' 'M' 'M' 'U' 'M' 'M' 'M' 'M' 'U' 'M' 'M' 'M' 'M'
 'M' 'M' 'U' 'U' 'M' 'M' 'M' 'M' 'M' 'M' 'M' 'M' 'M' 'M' 'M' 'M' 'M' 'M'
 'U' 'M' 'U' 'M' 'U' 'M' 'A' 'M' 'M' 'A' 'M' 'M' 'U' 'U' 'M' 'M' 'U' 'M'
 'M' 'M' 'M' 'M' 'M' 'U' 'M' 'U' 'M' 'M' 'M' 'U' 'U' 'M' 'M' 'U' 'M' 'U'
 'M' 'M' 'M' 'M' 'M' 'U' 'U' 'M' 'M' 'U' 'M' 'M' 'M' 'M' 'M' 'U' 'U' 'M'
 'M' 'M' 'M' 'M' 'U' 'M' 'M' 'M' 'M' 'M' 'U' 'U' 'U' 'M' 'U' 'M' 'M' 'M'
 'M' 'M' 'M' 'M' 'M' 'A' 'U' 'M' 'M' 'M' 'M' 'M' 'M' 'U' 'U' 'M' 'U' 'M']"
239101,0,161,5,156,37,0,0,"['A' 'M' 'M' 'M' 'M' 'M' 'U' 'M' 'M' 'M' 'M' 'M' 'M' 'M' 'M' 'M' 'M' 'M'
 'M' 'M' 'M' 'U' 'M' 'U' 'M' 'M' 'M' 'M' 'M' 'U' 'M' 'M' 'M' 'M' 'M' 'M'
 'M' 'A' 'M' 'M' 'M' 'U' 'M' 'M' 'M' 'M' 'M' 'M' 'M' 'M' 'M' 'M' 'M' 'M'
 'U' 'M' 'M' 'M' 'M' 'M' 'M' 'U' 'U' 'M' 'M' 'M' 'U' 'M' 'U' 'M' 'M' 'M'
 'M' 'U' 'M' 'M' 'M' 'M' 'M' 'M' 'M' 'M' 'M' 'M' 'U' 'U' 'M' 'M' 'M' 'M'
 'M' 'M' 'M' 'M' 'M' 'M' 'U' 'M' 'M' 'M' 'M' 'M' 'M' 'M' 'M' 'M' 'M' 'M'
 'U' 'M' 'M' 'M' 'U' 'M' 'A' 'M' 'M' 'A' 'M' 'M' 'M' 'M' 'M' 'M' 'U' 'M'
 'M' 'M' 'M' 'M' 'M' 'U' 'M' 'U' 'M' 'M' 'M' 'U' 'A' 'M' 'M' 'U' 'M' 'U'
 'M' 'M' 'M' 'U' 'M' 'M' 'U' 'M' 'M' 'U' 'M' 'M' 'M' 'M' 'M' 'U' 'U' 'M'
 'M' 'M' 'M' 'M' 'U' 'M' 'M' 'M' 'M' 'M' 'U' 'U' 'U' 'M' 'U' 'M' 'M' 'M'
 'M' 'U' 'M' 'M' 'M' 'U' 'U' 'M' 'M' 'M' 'M' 'M' 'M' 'M' 'U' 'M' 'U' 'M']"
239201,0,156,2,154,42,0,0,"['A' 'M' 'M' 'M' 'M' 'M' 'M' 'M' 'M' 'M' 'M' 'M' 'M' 'M' 'M' 'M' 'M' 'M'
 'M' 'M' 'M' 'U' 'M' 'M' 'M' 'M' 'M' 'M' 'U' 'U' 'M' 'U' 'M' 'M' 'M' 'M'
 'M' 'U' 'M' 'M' 'M' 'U' 'M' 'M' 'M' 'M' 'M' 'M' 'M' 'M' 'M' 'M' 'M' 'M'
 'U' 'M' 'M' 'M' 'M' 'M' 'U' 'U' 'U' 'M' 'M' 'M' 'M' 'M' 'U' 'M' 'M' 'M'
 'M' 'M' 'M' 'M' 'M' 'M' 'M' 'M' 'M' 'M' 'M' 'M' 'M' 'M' 'U' 'M' 'U' 'U'
 'M' 'M' 'U' 'M' 'M' 'M' 'U' 'M' 'M' 'M' 'M' 'M' 'M' 'M' 'M' 'M' 'M' 'M'
 'U' 'M' 'M' 'M' 'U' 'M' 'M' 'M' 'M' 'U' 'M' 'M' 'M' 'M' 'M' 'U' 'U' 'M'
 'M' 'U' 'M' 'M' 'M' 'U' 'M' 'U' 'M' 'M' 'M' 'M' 'A' 'M' 'M' 'U' 'M' 'U'
 'M' 'M' 'M' 'U' 'M' 'M' 'U' 'M' 'M' 'U' 'M' 'M' 'M' 'M' 'M' 'M' 'U' 'M'
 'M' 'M' 'M' 'M' 'U' 'M' 'M' 'U' 'M' 'M' 'U' 'U' 'U' 'U' 'U' 'M' 'M' 'M'
 'M' 'U' 'M' 'U' 'M' 'U' 'U' 'M' 'M' 'M' 'M' 'M' 'M' 'M' 'M' 'M' 'U' 'M']"
239301,0,165,3,162,33,0,1,"['A' 'M' 'M' 'M' 'M' 'M' 'M' 'M' 'M' 'M' 'M' 'M' 'M' 'M' 'M' 'U' 'M' 'M'
 'M' 'M' 'M' 'U' 'M' 'M' 'M' 'M' 'M' 'M' 'U' 'U' 'M' 'M' 'M' 'M' 'M' 'M'
 'M' 'U' 'M' 'M' 'M' 'U' 'M' 'M' 'M' 'M' 'U' 'M' 'M' 'M' 'M' 'M' 'M' 'M'
 'M' 'M' 'M' 'M' 'M' 'M' 'M' 'U' 'U' 'M' 'M' 'U' 'M' 'M' 'M' 'M' 'M' 'M'
 'M' 'M' 'M' 'M' 'M' 'U' 'M' 'M' 'M' 'M' 'U' 'M' 'M' 'M' 'M' 'M' 'U' 'M'
 'M' 'U' 'M' 'M' 'M' 'M' 'A' 'M' 'M' 'M' 'M' 'M' 'M' 'M' 'M' 'M' 'M' 'M'
 'U' 'M' 'M' 'M' 'U' 'M' 'M' 'M' 'M' 'M' 'U' 'M' 'M' 'M' 'M' 'U' 'U' 'M'
 'U' 'M' 'M' 'M' 'M' 'U' 'M' 'U' 'M' 'M' 'M' 'M' 'A' 'M' 'M' 'U' 'M' 'U'
 'M' 'M' 'M' 'U' 'M' 'M' 'U' 'M' 'M' 'U' 'M' 'M' 'M' 'M' 'M' 'M' 'U' 'M'
 'M' 'M' 'M' 'M' 'M' 'M' 'M' 'M' 'M' 'M' 'M' 'M' 'U' 'U' 'U' 'M' 'M' 'M'
 'M' 'U' 'M' 'M' 'M' 'U' 'M' 'M' 'M' 'M' 'M' 'M' 'M' 'M' 'M' 'M' 'M' 'M']"
239401,0,163,2,161,35,0,0,"['A' 'M' 'M' 'M' 'M' 'M' 'M' 'M' 'U' 'M' 'M' 'M' 'M' 'M' 'M' 'U' 'M' 'M'
 'M' 'M' 'M' 'U' 'M' 'M' 'M' 'M' 'M' 'M' 'U' 'U' 'M' 'M' 'M' 'M' 'M' 'M'
 'M' 'U' 'M' 'M' 'M' 'U' 'M' 'M' 'M' 'M' 'M' 'M' 'M' 'M' 'M' 'M' 'M' 'M'
 'U' 'M' 'M' 'M' 'M' 'M' 'M' 'M' 'U' 'M' 'M' 'M' 'M' 'M' 'U' 'M' 'M' 'M'
 'U' 'M' 'M' 'M' 'U' 'U' 'M' 'M' 'M' 'M' 'M' 'M' 'M' 'M' 'M' 'M' 'M' 'M'
 'U' 'M' 'M' 'M' 'M' 'U' 'U' 'M' 'M' 'M' 'M' 'M' 'M' 'M' 'M' 'M' 'M' 'M'
 'U' 'M' 'M' 'M' 'U' 'M' 'M' 'M' 'M' 'M' 'U' 'M' 'M' 'M' 'M' 'M' 'M' 'M'
 'M' 'M' 'M' 'M' 'M' 'U' 'U' 'U' 'M' 'M' 'M' 'M' 'A' 'M' 'M' 'U' 'M' 'U'
 'M' 'M' 'M' 'U' 'M' 'M' 'U' 'M' 'M' 'U' 'M' 'M' 'U' 'U' 'M' 'M' 'U' 'M'
 'M' 'M' 'M' 'M' 'M' 'M' 'M' 'M' 'M' 'M' 'M' 'M' 'M' 'U' 'U' 'M' 'M' 'M'
 'M' 'M' 'M' 'M' 'M' 'U' 'M' 'M' 'U' 'M' 'M' 'M' 'M' 'M' 'M' 'U' 'M' 'M']"
239501,0,162,3,159,36,0,1,"['A' 'M' 'U' 'M' 'M' 'M' 'M' 'M' 'U' 'M' 'M' 'M' 'M' 'U' 'M' 'U' 'M' 'M'
 'M' 'M' 'M' 'U' 'M' 'M' 'M' 'M' 'M' 'M' 'U' 'A' 'M' 'M' 'M' 'M' 'M' 'M'
 'M' 'U' 'M' 'M' 'M' 'U' 'M' 'M' 'M' 'M' 'M' 'M' 'M' 'M' 'M' 'M' 'M' 'M'
 'U' 'U' 'U' 'M' 'M' 'M' 'M' 'M' 'M' 'M' 'M' 'M' 'M' 'M' 'M' 'M' 'U' 'M'
 'M' 'U' 'M' 'U' 'M' 'M' 'M' 'M' 'M' 'M' 'M' 'U' 'M' 'M' 'M' 'M' 'M' 'M'
 'M' 'M' 'M' 'U' 'M' 'U' 'U' 'M' 'M' 'M' 'M' 'M' 'M' 'M' 'M' 'M' 'M' 'M'
 'U' 'M' 'M' 'M' 'U' 'U' 'M' 'M' 'M' 'M' 'U' 'U' 'M' 'M' 'U' 'M' 'M' 'M'
 'M' 'M' 'M' 'M' 'U' 'M' 'U' 'U' 'M' 'M' 'M' 'M' 'U' 'M' 'M' 'U' 'M' 'M'
 'M' 'M' 'M' 'A' 'M' 'M' 'U' 'M' 'M' 'U' 'M' 'M' 'U' 'M' 'M' 'M' 'U' 'M'
 'M' 'M' 'M' 'M' 'M' 'M' 'M' 'M' 'M' 'M' 'M' 'M' 'M' 'U' 'U' 'M' 'M' 'M'
 'M' 'M' 'M' 'M' 'M' 'U' 'M' 'M' 'M' 'M' 'M' 'M' 'M' 'M' 'M' 'M' 'M' 'M']"
239601,0,166,2,164,32,0,0,"['A' 'M' 'U' 'M' 'M' 'M' 'M' 'M' 'U' 'M' 'U' 'M' 'M' 'U' 'M' 'U' 'M' 'M'
 'M' 'M' 'M' 'M' 'M' 'M' 'M' 'M' 'U' 'M' 'M' 'U' 'M' 'M' 'M' 'M' 'M' 'M'
 'M' 'U' 'M' 'M' 'M' 'M' 'M' 'M' 'M' 'M' 'M' 'M' 'M' 'M' 'M' 'M' 'M' 'M'
 'U' 'M' 'U' 'M' 'M' 'M' 'M' 'M' 'M' 'M' 'M' 'M' 'M' 'M' 'M' 'M' 'M' 'M'
 'M' 'M' 'M' 'M' 'M' 'M' 'M' 'U' 'U' 'M' 'M' 'M' 'M' 'U' 'M' 'M' 'M' 'M'
 'U' 'U' 'M' 'M' 'M' 'U' 'M' 'M' 'M' 'M' 'M' 'M' 'M' 'M' 'M' 'M' 'M' 'M'
 'U' 'M' 'M' 'M' 'U' 'M' 'M' 'M' 'M' 'M' 'M' 'U' 'M' 'M' 'M' 'M' 'M' 'M'
 'M' 'M' 'M' 'M' 'U' 'M' 'U' 'M' 'M' 'M' 'M' 'M' 'U' 'M' 'M' 'M' 'U' 'M'
 'M' 'M' 'M' 'A' 'M' 'M' 'U' 'M' 'M' 'M' 'M' 'M' 'U' 'M' 'M' 'M' 'U' 'M'
 'M' 'M' 'M' 'M' 'M' 'M' 'M' 'M' 'M' 'M' 'M' 'M' 'U' 'U' 'U' 'M' 'U' 'M'
 'M' 'M' 'M' 'M' 'M' 'U' 'M' 'M' 'M' 'M' 'M' 'M' 'M' 'M' 'M' 'M' 'U' 'M']"
239701,0,168,3,165,30,0,1,"['A' 'M' 'U' 'M' 'M' 'U' 'M' 'M' 'U' 'M' 'M' 'M' 'M' 'U' 'M' 'U' 'M' 'M'
 'M' 'M' 'M' 'M' 'M' 'M' 'U' 'M' 'U' 'M' 'M' 'U' 'M' 'M' 'M' 'M' 'M' 'M'
 'U' 'U' 'M' 'M' 'M' 'M' 'M' 'M' 'M' 'M' 'M' 'M' 'M' 'M' 'M' 'M' 'M' 'M'
 'U' 'M' 'U' 'M' 'M' 'M' 'M' 'M' 'M' 'M' 'M' 'M' 'M' 'M' 'U' 'M' 'U' 'M'
 'M' 'M' 'M' 'M' 'M' 'M' 'M' 'M' 'M' 'M' 'U' 'M' 'M' 'U' 'M' 'U' 'M' 'M'
 'M' 'M' 'M' 'M' 'M' 'U' 'M' 'M' 'M' 'M' 'M' 'M' 'M' 'M' 'M' 'M' 'M' 'M'
 'M' 'M' 'M' 'M' 'U' 'M' 'M' 'M' 'M' 'M' 'M' 'U' 'M' 'M' 'M' 'M' 'M' 'M'
 'M' 'M' 'M' 'M' 'U' 'M' 'M' 'M' 'M' 'M' 'M' 'M' 'U' 'M' 'M' 'M' 'U' 'M'
 'M' 'M' 'M' 'U' 'M' 'M' 'U' 'M' 'M' 'M' 'M' 'M' 'M' 'M' 'M' 'M' 'U' 'M'
 'M' 'A' 'M' 'M' 'M' 'M' 'M' 'M' 'M' 'M' 'M' 'M' 'U' 'U' 'U' 'M' 'M' 'M'
 'M' 'M' 'M' 'M' 'M' 'A' 'M' 'M' 'M' 'M' 'M' 'M' 'M' 'M' 'M' 'M' 'U' 'M']"
239801,0,167,3,164,31,0,0,"['A' 'M' 'U' 'M' 'M' 'U' 'M' 'M' 'U' 'M' 'U' 'M' 'M' 'U' 'M' 'U' 'M' 'M'
 'M' 'M' 'M' 'M' 'M' 'M' 'M' 'M' 'U' 'U' 'M' 'U' 'U' 'M' 'M' 'M' 'M' 'M'
 'M' 'U' 'M' 'M' 'M' 'M' 'M' 'M' 'M' 'M' 'M' 'M' 'M' 'M' 'M' 'M' 'M' 'M'
 'U' 'M' 'U' 'M' 'M' 'M' 'M' 'M' 'M' 'U' 'M' 'M' 'M' 'M' 'M' 'U' 'M' 'M'
 'M' 'M' 'M' 'M' 'U' 'M' 'M' 'M' 'U' 'M' 'M' 'M' 'U' 'M' 'M' 'M' 'M' 'M'
 'M' 'M' 'M' 'M' 'U' 'U' 'M' 'M' 'M' 'M' 'M' 'M' 'M' 'M' 'M' 'M' 'M' 'M'
 'M' 'M' 'M' 'M' 'U' 'M' 'M' 'M' 'M' 'M' 'M' 'U' 'M' 'M' 'M' 'M' 'M' 'M'
 'M' 'M' 'M' 'M' 'M' 'M' 'M' 'M' 'M' 'M' 'M' 'M' 'M' 'M' 'M' 'M' 'U' 'M'
 'M' 'M' 'M' 'U' 'M' 'M' 'M' 'M' 'M' 'M' 'M' 'M' 'M' 'M' 'M' 'M' 'A' 'M'
 'M' 'A' 'M' 'M' 'U' 'M' 'M' 'M' 'U' 'M' 'M' 'M' 'U' 'U' 'U' 'M' 'M' 'M'
 'M' 'M' 'M' 'M' 'M' 'U' 'M' 'M' 'M' 'M' 'M' 'M' 'M' 'M' 'M' 'M' 'U' 'M']"
239901,0,173,4,169,25,0,0,"['A' 'U' 'U' 'M' 'U' 'M' 'M' 'M' 'M' 'M' 'M' 'M' 'M' 'U' 'M' 'M' 'M' 'M'
 'M' 'M' 'M' 'M' 'M' 'M' 'M' 'M' 'U' 'M' 'M' 'U' 'U' 'M' 'M' 'M' 'M' 'M'
 'M' 'U' 'M' 'M' 'M' 'M' 'M' 'M' 'M' 'M' 'M' 'U' 'M' 'M' 'M' 'M' 'M' 'M'
 'M' 'M' 'U' 'M' 'M' 'M' 'M' 'M' 'M' 'U' 'M' 'M' 'M' 'M' 'M' 'M' 'U' 'M'
 'M' 'M' 'M' 'M' 'M' 'M' 'U' 'M' 'U' 'M' 'M' 'M' 'M' 'U' 'M' 'M' 'M' 'M'
 'M' 'M' 'U' 'M' 'M' 'U' 'M' 'M' 'M' 'M' 'M' 'M' 'M' 'M' 'M' 'M' 'M' 'M'
 'M' 'M' 'M' 'M' 'M' 'M' 'M' 'M' 'M' 'M' 'M' 'U' 'M' 'M' 'M' 'M' 'M' 'U'
 'M' 'M' 'M' 'M' 'M' 'M' 'M' 'M' 'M' 'M' 'M' 'M' 'M' 'M' 'M' 'M' 'U' 'M'
 'M' 'M' 'M' 'M' 'M' 'M' 'M' 'M' 'M' 'M' 'M' 'M' 'M' 'M' 'M' 'M' 'A' 'M'
 'M' 'A' 'M' 'M' 'U' 'M' 'M' 'M' 'U' 'M' 'M' 'M' 'A' 'U' 'U' 'M' 'M' 'M'
 'M' 'M' 'M' 'M' 'M' 'U' 'M' 'M' 'M' 'M' 'M' 'M' 'M' 'M' 'M' 'M' 'M' 'M']"
240001,0,172,5,167,26,0,0,"['A' 'U' 'U' 'M' 'M' 'M' 'M' 'M' 'M' 'M' 'M' 'M' 'U' 'U' 'M' 'M' 'M' 'M'
 'M' 'M' 'M' 'M' 'M' 'M' 'M' 'M' 'U' 'M' 'M' 'M' 'U' 'M' 'M' 'M' 'M' 'M'
 'M' 'U' 'M' 'M' 'M' 'M' 'M' 'M' 'M' 'M' 'M' 'U' 'M' 'M' 'M' 'M' 'M' 'M'
 'M' 'M' 'A' 'M' 'M' 'M' 'M' 'M' 'M' 'U' 'M' 'M' 'U' 'M' 'M' 'M' 'U' 'M'
 'M' 'M' 'M' 'M' 'M' 'M' 'M' 'M' 'M' 'U' 'M' 'M' 'M' 'M' 'M' 'M' 'U' 'M'
 'M' 'U' 'M' 'M' 'M' 'U' 'U' 'M' 'M' 'M' 'M' 'U' 'M' 'M' 'M' 'M' 'M' 'M'
 'M' 'M' 'M' 'M' 'M' 'M' 'M' 'M' 'M' 'M' 'M' 'M' 'M' 'M' 'M' 'M' 'U' 'U'
 'M' 'M' 'M' 'M' 'M' 'M' 'M' 'M' 'M' 'M' 'M' 'M' 'M' 'M' 'M' 'U' 'U' 'M'
 'M' 'M' 'M' 'M' 'M' 'M' 'M' 'M' 'M' 'M' 'M' 'M' 'M' 'M' 'M' 'M' 'A' 'M'
 'M' 'A' 'M' 'M' 'M' 'M' 'U' 'M' 'U' 'M' 'M' 'M' 'A' 'U' 'U' 'M' 'M' 'M'
 'M' 'M' 'M' 'M' 'M' 'U' 'M' 'M' 'M' 'M' 'M' 'M' 'M' 'M' 'M' 'M' 'M' 'M']"
240101,0,173,3,170,25,0,0,"['A' 'M' 'U' 'M' 'M' 'M' 'M' 'M' 'M' 'U' 'M' 'M' 'U' 'U' 'M' 'M' 'U' 'M'
 'M' 'M' 'M' 'M' 'M' 'M' 'M' 'M' 'M' 'M' 'M' 'M' 'U' 'M' 'M' 'M' 'M' 'M'
 'M' 'U' 'M' 'M' 'M' 'M' 'M' 'M' 'M' 'M' 'M' 'U' 'M' 'M' 'M' 'M' 'M' 'M'
 'M' 'M' 'U' 'M' 'M' 'M' 'M' 'M' 'M' 'M' 'M' 'M' 'M' 'M' 'M' 'M' 'M' 'M'
 'U' 'M' 'M' 'M' 'U' 'U' 'M' 'M' 'M' 'M' 'M' 'U' 'M' 'M' 'M' 'M' 'U' 'M'
 'M' 'M' 'M' 'M' 'M' 'U' 'U' 'M' 'M' 'M' 'M' 'U' 'U' 'M' 'M' 'M' 'M' 'M'
 'M' 'M' 'M' 'M' 'M' 'M' 'M' 'M' 'M' 'M' 'M' 'M' 'M' 'M' 'M' 'M' 'M' 'U'
 'M' 'M' 'M' 'M' 'M' 'M' 'M' 'M' 'M' 'M' 'M' 'M' 'M' 'M' 'M' 'U' 'U' 'M'
 'M' 'M' 'M' 'M' 'M' 'M' 'M' 'M' 'M' 'M' 'M' 'M' 'M' 'M' 'M' 'M' 'A' 'M'
 'M' 'A' 'M' 'M' 'M' 'M' 'U' 'M' 'U' 'M' 'M' 'M' 'U' 'M' 'U' 'M' 'M' 'M'
 'M' 'M' 'M' 'M' 'M' 'M' 'M' 'M' 'M' 'M' 'M' 'M' 'M' 'M' 'M' 'M' 'M' 'M']"
240201,0,173,4,169,25,0,0,"['A' 'M' 'M' 'M' 'M' 'U' 'M' 'M' 'M' 'M' 'M' 'M' 'U' 'U' 'M' 'M' 'U' 'M'
 'M' 'M' 'M' 'M' 'M' 'M' 'M' 'M' 'M' 'M' 'M' 'M' 'M' 'M' 'M' 'M' 'M' 'M'
 'U' 'U' 'M' 'M' 'M' 'M' 'M' 'M' 'M' 'M' 'M' 'U' 'M' 'M' 'M' 'M' 'M' 'M'
 'M' 'M' 'U' 'M' 'M' 'M' 'M' 'M' 'M' 'M' 'M' 'M' 'M' 'M' 'M' 'M' 'U' 'M'
 'U' 'M' 'M' 'U' 'M' 'M' 'M' 'M' 'M' 'M' 'M' 'U' 'M' 'M' 'M' 'M' 'M' 'M'
 'M' 'U' 'M' 'M' 'M' 'U' 'M' 'M' 'M' 'M' 'M' 'U' 'U' 'M' 'M' 'A' 'M' 'M'
 'M' 'M' 'M' 'M' 'M' 'M' 'M' 'M' 'M' 'M' 'M' 'M' 'M' 'M' 'M' 'M' 'M' 'U'
 'M' 'M' 'M' 'M' 'M' 'M' 'M' 'M' 'M' 'M' 'M' 'M' 'M' 'M' 'M' 'U' 'U' 'U'
 'M' 'M' 'M' 'M' 'M' 'M' 'M' 'M' 'M' 'M' 'M' 'M' 'M' 'M' 'M' 'M' 'A' 'M'
 'M' 'U' 'M' 'M' 'M' 'M' 'U' 'M' 'U' 'M' 'M' 'M' 'A' 'M' 'U' 'M' 'M' 'M'
 'M' 'M' 'M' 'M' 'U' 'M' 'M' 'M' 'M' 'M' 'M' 'M' 'M' 'M' 'M' 'M' 'M' 'M']"
240301,0,173,4,169,25,0,0,"['A' 'M' 'M' 'M' 'M' 'U' 'M' 'M' 'M' 'M' 'M' 'M' 'M' 'M' 'M' 'M' 'U' 'M'
 'M' 'M' 'M' 'M' 'M' 'M' 'M' 'M' 'M' 'M' 'M' 'M' 'M' 'M' 'M' 'M' 'M' 'M'
 'M' 'U' 'M' 'M' 'M' 'M' 'M' 'M' 'M' 'M' 'M' 'U' 'M' 'M' 'M' 'M' 'M' 'M'
 'M' 'M' 'M' 'M' 'M' 'M' 'M' 'M' 'M' 'M' 'M' 'M' 'U' 'M' 'M' 'M' 'M' 'U'
 'M' 'M' 'M' 'M' 'M' 'M' 'M' 'U' 'U' 'M' 'M' 'M' 'M' 'M' 'M' 'M' 'M' 'U'
 'M' 'M' 'M' 'M' 'M' 'U' 'A' 'M' 'M' 'M' 'M' 'M' 'U' 'M' 'M' 'A' 'M' 'U'
 'M' 'M' 'U' 'M' 'M' 'M' 'M' 'M' 'M' 'M' 'M' 'M' 'M' 'M' 'M' 'M' 'M' 'U'
 'M' 'M' 'U' 'M' 'M' 'M' 'M' 'M' 'M' 'M' 'U' 'M' 'M' 'M' 'M' 'U' 'U' 'U'
 'M' 'M' 'M' 'M' 'M' 'M' 'M' 'M' 'M' 'M' 'M' 'M' 'M' 'M' 'M' 'M' 'A' 'M'
 'M' 'U' 'M' 'M' 'M' 'M' 'U' 'M' 'U' 'M' 'M' 'M' 'U' 'M' 'M' 'M' 'M' 'M'
 'M' 'U' 'M' 'M' 'U' 'M' 'M' 'M' 'M' 'M' 'M' 'M' 'M' 'M' 'M' 'M' 'M' 'M']"
240401,0,167,5,162,31,0,0,"['A' 'M' 'M' 'M' 'M' 'A' 'M' 'M' 'M' 'M' 'M' 'M' 'M' 'M' 'M' 'M' 'U' 'M'
 'M' 'M' 'M' 'M' 'M' 'M' 'M' 'M' 'M' 'M' 'M' 'M' 'M' 'M' 'M' 'M' 'M' 'M'
 'M' 'U' 'M' 'M' 'M' 'M' 'M' 'M' 'M' 'M' 'M' 'M' 'M' 'M' 'M' 'U' 'M' 'U'
 'M' 'M' 'M' 'M' 'M' 'M' 'M' 'M' 'M' 'U' 'M' 'M' 'U' 'M' 'M' 'M' 'M' 'M'
 'M' 'M' 'U' 'U' 'M' 'M' 'M' 'M' 'M' 'M' 'U' 'M' 'M' 'M' 'M' 'M' 'M' 'M'
 'U' 'M' 'M' 'M' 'M' 'U' 'A' 'M' 'M' 'M' 'M' 'M' 'M' 'M' 'M' 'A' 'M' 'U'
 'M' 'M' 'U' 'M' 'M' 'M' 'M' 'M' 'M' 'M' 'M' 'M' 'M' 'M' 'M' 'M' 'M' 'U'
 'M' 'M' 'U' 'M' 'M' 'M' 'U' 'U' 'U' 'U' 'U' 'U' 'U' 'M' 'M' 'M' 'U' 'M'
 'M' 'M' 'M' 'M' 'M' 'M' 'M' 'M' 'M' 'M' 'M' 'M' 'U' 'M' 'M' 'M' 'A' 'M'
 'M' 'U' 'M' 'M' 'M' 'M' 'U' 'M' 'U' 'M' 'M' 'M' 'U' 'M' 'M' 'M' 'M' 'M'
 'M' 'U' 'U' 'M' 'U' 'M' 'M' 'M' 'M' 'M' 'M' 'M' 'M' 'M' 'M' 'M' 'M' 'M']"
240501,1,165,4,161,33,0,0,"['A' 'M' 'M' 'U' 'M' 'A' 'M' 'M' 'M' 'M' 'M' 'M' 'M' 'M' 'M' 'M' 'U' 'M'
 'M' 'M' 'M' 'M' 'M' 'M' 'M' 'M' 'M' 'M' 'M' 'M' 'M' 'M' 'M' 'M' 'M' 'M'
 'M' 'U' 'M' 'M' 'M' 'M' 'M' 'M' 'M' 'M' 'M' 'M' 'M' 'M' 'M' 'M' 'M' 'U'
 'M' 'M' 'M' 'M' 'M' 'M' 'M' 'M' 'M' 'U' 'M' 'M' 'M' 'M' 'M' 'M' 'U' 'M'
 'U' 'M' 'M' 'M' 'M' 'M' 'M' 'M' 'M' 'M' 'M' 'M' 'M' 'M' 'M' 'M' 'M' 'U'
 'M' 'U' 'M' 'M' 'U' 'U' 'U' 'M' 'M' 'M' 'M' 'M' 'M' 'M' 'M' 'A' 'M' 'U'
 'M' 'M' 'U' 'M' 'M' 'M' 'M' 'M' 'M' 'M' 'M' 'M' 'M' 'M' 'M' 'M' 'M' 'M'
 'M' 'M' 'U' 'M' 'M' 'M' 'U' 'U' 'U' 'M' 'M' 'U' 'U' 'M' 'M' 'M' 'U' 'M'
 'M' 'M' 'M' 'U' 'M' 'M' 'M' 'U' 'M' 'M' 'M' 'M' 'U' 'M' 'M' 'M' 'U' 'M'
 'M' 'U' 'M' 'M' 'M' 'M' 'U' 'U' 'M' 'A' 'M' 'M' 'U' 'M' 'M' 'U' 'M' 'M'
 'M' 'U' 'U' 'M' 'M' 'M' 'M' 'M' 'M' 'M' 'M' 'U' 'M' 'M' 'M' 'M' 'M' 'M']"
240601,0,162,3,159,36,0,0,"['A' 'M' 'M' 'U' 'M' 'U' 'M' 'M' 'M' 'M' 'M' 'M' 'M' 'M' 'M' 'M' 'U' 'M'
 'M' 'M' 'M' 'M' 'M' 'U' 'M' 'M' 'M' 'M' 'M' 'M' 'M' 'M' 'M' 'M' 'M' 'M'
 'M' 'U' 'M' 'M' 'M' 'M' 'M' 'M' 'M' 'M' 'M' 'M' 'M' 'M' 'M' 'M' 'M' 'U'
 'M' 'M' 'M' 'M' 'M' 'M' 'M' 'M' 'M' 'U' 'M' 'M' 'M' 'M' 'U' 'U' 'M' 'M'
 'M' 'M' 'U' 'M' 'M' 'M' 'M' 'M' 'M' 'M' 'U' 'M' 'M' 'M' 'M' 'M' 'M' 'M'
 'M' 'M' 'M' 'U' 'M' 'U' 'M' 'M' 'M' 'M' 'M' 'M' 'M' 'M' 'M' 'A' 'M' 'U'
 'M' 'M' 'U' 'M' 'M' 'M' 'M' 'M' 'U' 'M' 'M' 'M' 'M' 'M' 'M' 'M' 'M' 'M'
 'M' 'M' 'U' 'M' 'M' 'U' 'U' 'M' 'U' 'M' 'U' 'U' 'U' 'M' 'M' 'M' 'U' 'M'
 'M' 'M' 'M' 'U' 'M' 'M' 'M' 'U' 'M' 'M' 'M' 'M' 'U' 'U' 'M' 'M' 'U' 'M'
 'M' 'U' 'U' 'M' 'M' 'M' 'U' 'U' 'M' 'A' 'M' 'M' 'M' 'M' 'M' 'U' 'M' 'M'
 'M' 'M' 'U' 'M' 'M' 'M' 'M' 'M' 'M' 'M' 'M' 'U' 'M' 'M' 'M' 'M' 'M' 'M']"
240701,0,161,2,159,37,0,1,"['A' 'M' 'M' 'U' 'M' 'M' 'M' 'M' 'U' 'M' 'M' 'M' 'M' 'U' 'M' 'U' 'U' 'M'
 'M' 'M' 'M' 'M' 'M' 'U' 'M' 'M' 'M' 'M' 'M' 'M' 'M' 'M' 'M' 'M' 'M' 'M'
 'M' 'M' 'M' 'M' 'M' 'M' 'M' 'M' 'M' 'M' 'M' 'M' 'M' 'M' 'M' 'M' 'M' 'M'
 'M' 'M' 'M' 'M' 'M' 'M' 'M' 'M' 'M' 'U' 'M' 'M' 'M' 'M' 'M' 'U' 'M' 'M'
 'M' 'U' 'M' 'M' 'M' 'M' 'M' 'U' 'M' 'M' 'M' 'M' 'M' 'M' 'M' 'U' 'M' 'M'
 'M' 'U' 'M' 'M' 'M' 'M' 'M' 'M' 'M' 'M' 'M' 'M' 'M' 'M' 'M' 'A' 'M' 'M'
 'U' 'M' 'M' 'M' 'M' 'M' 'M' 'M' 'U' 'M' 'M' 'M' 'M' 'M' 'M' 'M' 'U' 'M'
 'M' 'M' 'M' 'M' 'M' 'U' 'M' 'M' 'U' 'U' 'U' 'U' 'U' 'M' 'M' 'M' 'U' 'U'
 'M' 'M' 'M' 'U' 'M' 'M' 'M' 'U' 'M' 'M' 'M' 'M' 'U' 'U' 'M' 'M' 'M' 'M'
 'M' 'U' 'U' 'M' 'M' 'M' 'M' 'U' 'M' 'U' 'M' 'M' 'M' 'M' 'M' 'U' 'M' 'M'
 'M' 'M' 'U' 'U' 'U' 'M' 'M' 'M' 'M' 'M' 'M' 'U' 'M' 'U' 'M' 'M' 'M' 'M']"
240801,0,156,2,154,42,0,0,"['A' 'M' 'M' 'U' 'M' 'M' 'M' 'M' 'U' 'M' 'M' 'M' 'M' 'U' 'M' 'U' 'M' 'U'
 'U' 'M' 'M' 'M' 'M' 'U' 'M' 'M' 'M' 'M' 'M' 'M' 'M' 'M' 'M' 'M' 'M' 'M'
 'M' 'M' 'M' 'M' 'M' 'M' 'M' 'M' 'M' 'M' 'M' 'M' 'M' 'M' 'M' 'M' 'M' 'M'
 'M' 'M' 'M' 'M' 'M' 'M' 'M' 'M' 'M' 'U' 'M' 'U' 'M' 'M' 'M' 'M' 'M' 'M'
 'M' 'M' 'M' 'M' 'M' 'M' 'M' 'M' 'M' 'M' 'M' 'M' 'M' 'M' 'M' 'U' 'M' 'U'
 'M' 'M' 'U' 'M' 'U' 'U' 'M' 'M' 'M' 'M' 'M' 'M' 'M' 'M' 'M' 'U' 'M' 'M'
 'U' 'M' 'M' 'M' 'M' 'M' 'M' 'M' 'A' 'M' 'U' 'M' 'M' 'M' 'M' 'M' 'U' 'M'
 'M' 'M' 'M' 'M' 'M' 'U' 'U' 'M' 'U' 'U' 'U' 'U' 'U' 'M' 'M' 'M' 'U' 'U'
 'U' 'M' 'M' 'U' 'M' 'M' 'M' 'U' 'M' 'M' 'M' 'M' 'U' 'U' 'M' 'M' 'M' 'M'
 'M' 'U' 'U' 'M' 'M' 'M' 'M' 'U' 'M' 'U' 'M' 'M' 'M' 'M' 'M' 'U' 'M' 'M'
 'M' 'M' 'U' 'U' 'U' 'M' 'M' 'M' 'M' 'M' 'M' 'U' 'M' 'U' 'M' 'M' 'M' 'M']"
240901,0,160,2,158,38,1,0,"['A' 'M' 'M' 'U' 'M' 'M' 'U' 'M' 'U' 'M' 'M' 'M' 'M' 'U' 'U' 'U' 'M' 'M'
 'U' 'M' 'M' 'M' 'M' 'M' 'M' 'M' 'M' 'M' 'M' 'M' 'M' 'M' 'M' 'U' 'M' 'M'
 'M' 'M' 'M' 'M' 'M' 'M' 'U' 'M' 'M' 'M' 'M' 'M' 'M' 'M' 'M' 'M' 'M' 'M'
 'M' 'M' 'M' 'U' 'M' 'M' 'M' 'M' 'M' 'M' 'M' 'M' 'U' 'M' 'M' 'M' 'U' 'M'
 'M' 'M' 'M' 'M' 'M' 'M' 'M' 'M' 'M' 'M' 'M' 'M' 'U' 'M' 'U' 'M' 'M' 'M'
 'M' 'M' 'M' 'U' 'M' 'U' 'M' 'M' 'M' 'M' 'M' 'M' 'M' 'U' 'M' 'M' 'M' 'M'
 'U' 'M' 'M' 'M' 'M' 'M' 'M' 'M' 'A' 'M' 'U' 'M' 'M' 'M' 'M' 'M' 'M' 'M'
 'U' 'M' 'M' 'M' 'M' 'M' 'U' 'M' 'M' 'U' 'U' 'U' 'U' 'M' 'M' 'M' 'M' 'U'
 'U' 'M' 'M' 'U' 'M' 'M' 'M' 'U' 'M' 'M' 'M' 'M' 'M' 'U' 'M' 'M' 'M' 'M'
 'M' 'U' 'U' 'M' 'M' 'M' 'M' 'U' 'M' 'U' 'M' 'M' 'M' 'M' 'M' 'M' 'M' 'M'
 'M' 'M' 'M' 'U' 'U' 'M' 'M' 'M' 'M' 'M' 'M' 'U' 'M' 'U' 'M' 'M' 'M' 'M']"
241001,0,164,2,162,34,0,0,"['A' 'M' 'M' 'U' 'M' 'M' 'M' 'M' 'U' 'M' 'M' 'M' 'M' 'U' 'A' 'U' 'M' 'U'
 'U' 'M' 'M' 'M' 'M' 'M' 'M' 'M' 'M' 'M' 'M' 'M' 'M' 'M' 'M' 'M' 'M' 'M'
 'M' 'M' 'M' 'M' 'M' 'M' 'U' 'M' 'M' 'M' 'M' 'M' 'M' 'M' 'M' 'M' 'M' 'M'
 'M' 'M' 'M' 'U' 'M' 'M' 'M' 'M' 'M' 'M' 'M' 'M' 'M' 'U' 'M' 'M' 'M' 'M'
 'M' 'M' 'M' 'M' 'M' 'U' 'M' 'M' 'M' 'M' 'U' 'M' 'U' 'M' 'M' 'M' 'M' 'M'
 'M' 'M' 'U' 'M' 'M' 'U' 'M' 'M' 'M' 'M' 'M' 'M' 'M' 'U' 'M' 'M' 'M' 'M'
 'U' 'M' 'M' 'M' 'M' 'M' 'M' 'M' 'U' 'M' 'U' 'M' 'M' 'M' 'M' 'M' 'M' 'M'
 'U' 'M' 'M' 'M' 'M' 'M' 'U' 'M' 'M' 'M' 'U' 'U' 'U' 'M' 'M' 'M' 'M' 'U'
 'M' 'M' 'U' 'U' 'M' 'M' 'M' 'U' 'M' 'M' 'M' 'M' 'M' 'M' 'M' 'M' 'M' 'M'
 'M' 'U' 'U' 'M' 'M' 'M' 'M' 'M' 'M' 'U' 'M' 'M' 'M' 'M' 'U' 'M' 'M' 'M'
 'M' 'M' 'M' 'U' 'U' 'M' 'M' 'M' 'M' 'M' 'M' 'U' 'M' 'M' 'M' 'M' 'M' 'M']"
241101,0,164,1,163,34,0,0,"['A' 'M' 'M' 'U' 'M' 'M' 'U' 'M' 'U' 'M' 'M' 'M' 'M' 'U' 'U' 'U' 'M' 'U'
 'U' 'M' 'U' 'M' 'M' 'M' 'M' 'M' 'M' 'M' 'M' 'M' 'M' 'M' 'M' 'M' 'M' 'M'
 'M' 'M' 'M' 'M' 'M' 'M' 'U' 'U' 'M' 'M' 'M' 'M' 'M' 'M' 'M' 'M' 'M' 'M'
 'M' 'M' 'M' 'M' 'M' 'M' 'M' 'M' 'M' 'M' 'M' 'U' 'M' 'M' 'M' 'M' 'M' 'U'
 'M' 'U' 'M' 'M' 'M' 'U' 'M' 'M' 'M' 'M' 'M' 'M' 'M' 'M' 'M' 'M' 'M' 'M'
 'U' 'M' 'M' 'M' 'M' 'M' 'M' 'M' 'M' 'M' 'M' 'M' 'M' 'U' 'M' 'M' 'M' 'M'
 'M' 'M' 'M' 'M' 'M' 'M' 'M' 'M' 'U' 'M' 'M' 'M' 'M' 'M' 'M' 'M' 'M' 'M'
 'M' 'M' 'M' 'M' 'M' 'M' 'U' 'M' 'M' 'M' 'U' 'U' 'U' 'M' 'M' 'M' 'M' 'U'
 'U' 'M' 'U' 'M' 'M' 'M' 'M' 'U' 'M' 'M' 'M' 'M' 'M' 'M' 'M' 'M' 'M' 'M'
 'M' 'U' 'U' 'M' 'U' 'M' 'M' 'M' 'M' 'U' 'M' 'M' 'M' 'M' 'M' 'M' 'M' 'M'
 'M' 'M' 'M' 'U' 'U' 'U' 'M' 'M' 'M' 'M' 'M' 'U' 'M' 'M' 'M' 'M' 'M' 'M']"
241201,0,170,1,169,28,0,0,"['A' 'M' 'M' 'M' 'M' 'M' 'M' 'M' 'U' 'M' 'M' 'M' 'M' 'M' 'M' 'U' 'M' 'U'
 'M' 'M' 'U' 'M' 'M' 'M' 'M' 'M' 'M' 'M' 'M' 'M' 'M' 'M' 'M' 'U' 'M' 'M'
 'M' 'M' 'M' 'M' 'M' 'M' 'M' 'U' 'M' 'M' 'U' 'M' 'M' 'M' 'M' 'M' 'M' 'M'
 'M' 'M' 'M' 'M' 'M' 'M' 'M' 'M' 'M' 'M' 'M' 'U' 'M' 'M' 'U' 'M' 'U' 'M'
 'M' 'M' 'M' 'M' 'M' 'M' 'M' 'M' 'M' 'U' 'M' 'M' 'M' 'M' 'M' 'M' 'M' 'M'
 'M' 'M' 'U' 'M' 'M' 'M' 'M' 'M' 'U' 'M' 'M' 'M' 'M' 'M' 'M' 'M' 'M' 'M'
 'M' 'M' 'M' 'M' 'M' 'M' 'M' 'M' 'U' 'M' 'M' 'M' 'M' 'M' 'M' 'M' 'M' 'M'
 'M' 'M' 'M' 'M' 'M' 'M' 'M' 'M' 'M' 'M' 'U' 'U' 'U' 'M' 'M' 'U' 'M' 'U'
 'M' 'M' 'U' 'M' 'M' 'M' 'M' 'U' 'M' 'M' 'M' 'M' 'M' 'M' 'M' 'M' 'M' 'M'
 'M' 'M' 'U' 'M' 'U' 'M' 'M' 'M' 'M' 'U' 'M' 'M' 'M' 'M' 'M' 'M' 'M' 'M'
 'M' 'M' 'M' 'M' 'U' 'U' 'M' 'M' 'M' 'M' 'M' 'U' 'M' 'M' 'M' 'U' 'M' 'M']"
241301,0,171,1,170,27,0,0,"['A' 'M' 'M' 'M' 'M' 'M' 'M' 'M' 'U' 'M' 'M' 'M' 'M' 'M' 'M' 'U' 'M' 'U'
 'M' 'M' 'U' 'M' 'M' 'M' 'M' 'M' 'M' 'M' 'M' 'M' 'M' 'M' 'M' 'M' 'M' 'M'
 'M' 'M' 'M' 'M' 'M' 'M' 'M' 'U' 'M' 'M' 'U' 'M' 'M' 'M' 'M' 'M' 'M' 'M'
 'M' 'M' 'M' 'M' 'M' 'M' 'M' 'M' 'M' 'M' 'M' 'M' 'M' 'M' 'M' 'M' 'M' 'M'
 'M' 'M' 'M' 'U' 'M' 'M' 'M' 'M' 'M' 'U' 'M' 'M' 'M' 'M' 'M' 'U' 'M' 'U'
 'U' 'M' 'M' 'M' 'M' 'M' 'U' 'M' 'U' 'M' 'M' 'U' 'M' 'M' 'M' 'M' 'M' 'M'
 'M' 'M' 'M' 'M' 'M' 'M' 'M' 'M' 'M' 'M' 'M' 'M' 'M' 'M' 'M' 'M' 'M' 'M'
 'M' 'M' 'M' 'M' 'M' 'M' 'M' 'M' 'M' 'M' 'U' 'M' 'U' 'M' 'M' 'M' 'M' 'U'
 'M' 'M' 'M' 'M' 'M' 'U' 'M' 'U' 'M' 'M' 'M' 'M' 'M' 'M' 'M' 'U' 'M' 'M'
 'M' 'M' 'U' 'M' 'U' 'M' 'M' 'M' 'M' 'U' 'M' 'M' 'M' 'M' 'M' 'M' 'M' 'M'
 'M' 'M' 'U' 'M' 'U' 'M' 'M' 'M' 'M' 'M' 'M' 'U' 'M' 'M' 'M' 'U' 'M' 'M']"
241401,0,170,1,169,28,0,0,"['A' 'M' 'M' 'M' 'M' 'M' 'M' 'M' 'U' 'M' 'U' 'M' 'M' 'M' 'U' 'M' 'M' 'U'
 'M' 'M' 'U' 'M' 'M' 'M' 'M' 'M' 'M' 'M' 'M' 'M' 'M' 'M' 'M' 'M' 'M' 'M'
 'M' 'M' 'M' 'M' 'M' 'U' 'M' 'M' 'U' 'M' 'M' 'M' 'M' 'M' 'M' 'M' 'M' 'M'
 'M' 'M' 'M' 'M' 'M' 'M' 'M' 'M' 'U' 'M' 'M' 'M' 'M' 'M' 'M' 'M' 'M' 'U'
 'M' 'M' 'M' 'M' 'M' 'M' 'U' 'M' 'M' 'M' 'M' 'M' 'M' 'M' 'U' 'U' 'M' 'M'
 'M' 'M' 'M' 'U' 'M' 'M' 'U' 'U' 'U' 'M' 'M' 'U' 'M' 'M' 'M' 'M' 'M' 'M'
 'M' 'M' 'M' 'M' 'M' 'M' 'M' 'M' 'M' 'M' 'M' 'M' 'M' 'M' 'M' 'M' 'M' 'M'
 'M' 'M' 'M' 'M' 'M' 'M' 'M' 'M' 'M' 'M' 'U' 'M' 'U' 'M' 'M' 'M' 'M' 'U'
 'M' 'M' 'M' 'M' 'M' 'M' 'U' 'M' 'M' 'M' 'M' 'M' 'U' 'M' 'M' 'U' 'M' 'M'
 'M' 'M' 'U' 'M' 'U' 'M' 'M' 'M' 'M' 'U' 'M' 'M' 'U' 'M' 'M' 'M' 'M' 'M'
 'M' 'M' 'U' 'M' 'M' 'M' 'M' 'M' 'M' 'M' 'M' 'M' 'M' 'M' 'M' 'M' 'M' 'M']"
241501,0,172,1,171,26,0,0,"['A' 'M' 'M' 'M' 'M' 'M' 'M' 'M' 'U' 'M' 'U' 'M' 'U' 'M' 'M' 'M' 'M' 'U'
 'M' 'M' 'M' 'U' 'M' 'M' 'M' 'M' 'M' 'M' 'M' 'M' 'M' 'M' 'M' 'M' 'M' 'M'
 'M' 'M' 'M' 'M' 'M' 'M' 'M' 'M' 'M' 'M' 'M' 'M' 'M' 'M' 'M' 'M' 'M' 'M'
 'M' 'M' 'M' 'M' 'M' 'M' 'U' 'M' 'U' 'M' 'M' 'M' 'M' 'M' 'M' 'M' 'U' 'M'
 'M' 'U' 'U' 'U' 'M' 'U' 'M' 'M' 'M' 'M' 'M' 'M' 'M' 'M' 'M' 'M' 'M' 'M'
 'M' 'M' 'M' 'M' 'M' 'M' 'U' 'M' 'U' 'M' 'M' 'U' 'M' 'M' 'M' 'M' 'M' 'M'
 'M' 'M' 'M' 'M' 'M' 'M' 'M' 'M' 'M' 'M' 'M' 'M' 'M' 'M' 'M' 'M' 'M' 'M'
 'M' 'M' 'M' 'M' 'M' 'M' 'M' 'M' 'M' 'M' 'U' 'M' 'U' 'M' 'M' 'M' 'M' 'U'
 'M' 'M' 'M' 'M' 'M' 'M' 'U' 'M' 'M' 'M' 'M' 'M' 'U' 'M' 'M' 'U' 'M' 'M'
 'M' 'M' 'U' 'M' 'M' 'U' 'M' 'M' 'U' 'U' 'M' 'M' 'M' 'M' 'M' 'M' 'M' 'M'
 'M' 'M' 'U' 'M' 'M' 'M' 'M' 'M' 'M' 'M' 'M' 'M' 'M' 'M' 'M' 'M' 'M' 'M']"
241601,0,172,1,171,26,0,0,"['A' 'M' 'M' 'M' 'M' 'M' 'U' 'M' 'M' 'M' 'M' 'M' 'U' 'M' 'M' 'M' 'M' 'U'
 'M' 'M' 'M' 'U' 'M' 'M' 'M' 'M' 'M' 'M' 'M' 'M' 'M' 'M' 'M' 'M' 'M' 'M'
 'M' 'M' 'M' 'M' 'M' 'M' 'M' 'M' 'M' 'M' 'M' 'M' 'M' 'M' 'M' 'M' 'M' 'M'
 'M' 'M' 'U' 'M' 'M' 'M' 'M' 'M' 'U' 'M' 'M' 'M' 'U' 'M' 'M' 'M' 'M' 'U'
 'M' 'M' 'M' 'M' 'M' 'M' 'M' 'M' 'M' 'M' 'U' 'M' 'M' 'M' 'U' 'U' 'M' 'M'
 'M' 'M' 'M' 'M' 'M' 'M' 'M' 'M' 'U' 'M' 'M' 'U' 'M' 'M' 'M' 'M' 'M' 'M'
 'M' 'M' 'M' 'M' 'M' 'M' 'M' 'M' 'M' 'M' 'M' 'M' 'M' 'M' 'U' 'M' 'M' 'M'
 'M' 'M' 'M' 'M' 'M' 'M' 'M' 'M' 'M' 'M' 'U' 'M' 'U' 'M' 'M' 'M' 'M' 'U'
 'M' 'M' 'M' 'M' 'M' 'M' 'M' 'M' 'U' 'M' 'M' 'M' 'M' 'M' 'M' 'U' 'M' 'M'
 'M' 'M' 'U' 'M' 'M' 'U' 'M' 'M' 'U' 'U' 'M' 'U' 'M' 'M' 'M' 'M' 'M' 'M'
 'M' 'M' 'U' 'M' 'M' 'M' 'M' 'M' 'M' 'M' 'M' 'U' 'M' 'M' 'M' 'M' 'M' 'M']"
241701,0,167,1,166,31,0,0,"['A' 'M' 'M' 'M' 'M' 'M' 'U' 'M' 'M' 'M' 'M' 'M' 'U' 'M' 'M' 'M' 'M' 'M'
 'M' 'M' 'M' 'U' 'M' 'M' 'M' 'M' 'M' 'M' 'M' 'M' 'M' 'M' 'M' 'M' 'M' 'M'
 'M' 'M' 'M' 'M' 'U' 'M' 'M' 'M' 'M' 'M' 'U' 'M' 'M' 'M' 'M' 'M' 'M' 'M'
 'M' 'M' 'U' 'M' 'M' 'M' 'M' 'U' 'U' 'M' 'M' 'M' 'U' 'U' 'M' 'M' 'M' 'M'
 'M' 'M' 'M' 'M' 'M' 'M' 'M' 'U' 'M' 'M' 'M' 'M' 'M' 'M' 'M' 'M' 'M' 'M'
 'M' 'M' 'M' 'U' 'U' 'M' 'M' 'M' 'M' 'M' 'M' 'M' 'M' 'M' 'M' 'M' 'M' 'M'
 'M' 'M' 'M' 'M' 'U' 'M' 'M' 'M' 'M' 'M' 'M' 'M' 'M' 'M' 'U' 'M' 'U' 'M'
 'M' 'U' 'M' 'M' 'M' 'M' 'M' 'M' 'M' 'M' 'U' 'M' 'U' 'M' 'M' 'M' 'M' 'M'
 'M' 'M' 'M' 'M' 'M' 'M' 'M' 'M' 'U' 'M' 'M' 'M' 'M' 'M' 'M' 'U' 'M' 'M'
 'M' 'M' 'U' 'U' 'M' 'U' 'M' 'M' 'U' 'M' 'M' 'U' 'M' 'M' 'M' 'M' 'U' 'M'
 'M' 'M' 'U' 'U' 'M' 'M' 'M' 'M' 'M' 'M' 'M' 'U' 'U' 'M' 'M' 'M' 'M' 'M']"
241801,0,167,1,166,31,0,0,"['A' 'M' 'M' 'M' 'M' 'M' 'U' 'M' 'M' 'M' 'M' 'M' 'M' 'M' 'M' 'M' 'M' 'M'
 'M' 'M' 'M' 'U' 'M' 'M' 'M' 'M' 'M' 'M' 'M' 'M' 'M' 'M' 'M' 'M' 'M' 'M'
 'M' 'M' 'M' 'M' 'M' 'M' 'M' 'M' 'M' 'M' 'M' 'M' 'M' 'M' 'M' 'M' 'M' 'M'
 'M' 'M' 'U' 'M' 'M' 'M' 'M' 'U' 'U' 'M' 'M' 'M' 'M' 'U' 'M' 'M' 'M' 'M'
 'M' 'M' 'U' 'U' 'M' 'M' 'M' 'M' 'M' 'M' 'M' 'M' 'M' 'M' 'U' 'M' 'M' 'M'
 'M' 'U' 'M' 'M' 'M' 'M' 'M' 'M' 'M' 'M' 'M' 'M' 'U' 'M' 'M' 'M' 'M' 'M'
 'M' 'M' 'M' 'M' 'U' 'M' 'M' 'M' 'M' 'M' 'M' 'M' 'U' 'M' 'U' 'U' 'U' 'M'
 'M' 'U' 'M' 'M' 'M' 'M' 'M' 'M' 'M' 'M' 'U' 'M' 'U' 'M' 'M' 'M' 'M' 'M'
 'M' 'M' 'M' 'M' 'M' 'M' 'M' 'M' 'U' 'M' 'M' 'M' 'M' 'M' 'M' 'U' 'M' 'M'
 'M' 'M' 'U' 'U' 'M' 'U' 'M' 'M' 'U' 'U' 'M' 'U' 'M' 'M' 'M' 'M' 'M' 'M'
 'M' 'M' 'U' 'U' 'M' 'M' 'M' 'M' 'M' 'M' 'M' 'U' 'U' 'M' 'M' 'M' 'M' 'M']"
241901,1,166,2,164,32,0,0,"['A' 'M' 'M' 'M' 'M' 'M' 'M' 'M' 'M' 'M' 'M' 'M' 'M' 'M' 'M' 'M' 'M' 'M'
 'M' 'M' 'M' 'U' 'M' 'M' 'M' 'M' 'M' 'M' 'M' 'M' 'M' 'M' 'M' 'M' 'M' 'M'
 'M' 'M' 'M' 'M' 'M' 'M' 'M' 'M' 'M' 'M' 'M' 'M' 'M' 'M' 'M' 'M' 'M' 'M'
 'M' 'M' 'U' 'M' 'M' 'M' 'M' 'U' 'U' 'U' 'M' 'M' 'M' 'U' 'M' 'M' 'M' 'M'
 'M' 'M' 'M' 'M' 'M' 'U' 'M' 'M' 'M' 'M' 'M' 'M' 'M' 'M' 'M' 'M' 'U' 'M'
 'M' 'M' 'U' 'U' 'M' 'M' 'U' 'M' 'M' 'M' 'U' 'M' 'M' 'M' 'M' 'M' 'M' 'M'
 'M' 'M' 'M' 'M' 'M' 'M' 'M' 'M' 'M' 'U' 'M' 'U' 'U' 'M' 'U' 'U' 'M' 'M'
 'M' 'U' 'M' 'M' 'M' 'M' 'U' 'M' 'M' 'M' 'U' 'M' 'U' 'M' 'M' 'M' 'M' 'U'
 'M' 'M' 'M' 'U' 'M' 'M' 'M' 'M' 'M' 'M' 'M' 'M' 'M' 'M' 'M' 'U' 'M' 'M'
 'M' 'M' 'U' 'U' 'M' 'U' 'M' 'M' 'U' 'M' 'M' 'U' 'M' 'M' 'M' 'M' 'M' 'M'
 'M' 'M' 'A' 'M' 'M' 'U' 'M' 'M' 'M' 'M' 'M' 'U' 'U' 'M' 'M' 'M' 'M' 'M']"
242001,0,167,3,164,31,0,0,"['A' 'M' 'M' 'M' 'M' 'U' 'M' 'M' 'M' 'M' 'M' 'M' 'M' 'M' 'M' 'M' 'M' 'A'
 'M' 'M' 'M' 'U' 'M' 'M' 'M' 'M' 'M' 'M' 'M' 'M' 'M' 'M' 'M' 'M' 'M' 'M'
 'M' 'M' 'M' 'M' 'M' 'M' 'M' 'M' 'M' 'M' 'M' 'M' 'M' 'M' 'M' 'M' 'M' 'M'
 'M' 'M' 'M' 'M' 'M' 'M' 'M' 'M' 'U' 'U' 'M' 'U' 'M' 'M' 'M' 'M' 'M' 'M'
 'M' 'M' 'M' 'M' 'M' 'M' 'M' 'M' 'U' 'U' 'M' 'M' 'M' 'M' 'U' 'M' 'M' 'M'
 'M' 'M' 'M' 'M' 'U' 'M' 'U' 'M' 'M' 'M' 'M' 'M' 'M' 'M' 'M' 'M' 'M' 'M'
 'M' 'M' 'M' 'M' 'M' 'M' 'M' 'M' 'M' 'U' 'M' 'U' 'U' 'M' 'U' 'U' 'U' 'M'
 'M' 'M' 'M' 'M' 'M' 'M' 'U' 'M' 'M' 'M' 'U' 'M' 'U' 'M' 'M' 'M' 'M' 'U'
 'M' 'M' 'M' 'U' 'M' 'M' 'M' 'M' 'M' 'M' 'M' 'M' 'U' 'M' 'M' 'U' 'M' 'M'
 'M' 'M' 'U' 'U' 'M' 'U' 'M' 'M' 'U' 'M' 'M' 'U' 'M' 'M' 'M' 'M' 'M' 'M'
 'M' 'M' 'A' 'M' 'M' 'U' 'M' 'M' 'M' 'M' 'M' 'U' 'U' 'M' 'M' 'M' 'M' 'M']"
242101,0,161,3,158,37,0,0,"['A' 'M' 'M' 'M' 'M' 'U' 'M' 'M' 'M' 'M' 'M' 'M' 'M' 'M' 'M' 'M' 'M' 'A'
 'M' 'M' 'M' 'U' 'M' 'M' 'M' 'M' 'M' 'M' 'M' 'M' 'M' 'M' 'M' 'U' 'M' 'U'
 'M' 'M' 'M' 'M' 'M' 'M' 'U' 'M' 'M' 'M' 'M' 'M' 'M' 'M' 'M' 'M' 'M' 'M'
 'M' 'M' 'M' 'M' 'M' 'M' 'M' 'M' 'M' 'U' 'M' 'M' 'M' 'M' 'M' 'U' 'M' 'M'
 'M' 'U' 'M' 'M' 'M' 'U' 'M' 'M' 'M' 'M' 'M' 'M' 'M' 'M' 'M' 'M' 'U' 'M'
 'M' 'M' 'M' 'U' 'M' 'M' 'M' 'M' 'M' 'M' 'M' 'M' 'M' 'U' 'M' 'U' 'M' 'M'
 'M' 'U' 'M' 'M' 'M' 'M' 'M' 'M' 'M' 'U' 'M' 'U' 'U' 'M' 'U' 'U' 'U' 'M'
 'M' 'M' 'M' 'M' 'M' 'M' 'U' 'U' 'U' 'U' 'U' 'U' 'U' 'M' 'M' 'M' 'M' 'M'
 'M' 'M' 'M' 'U' 'M' 'M' 'M' 'M' 'M' 'M' 'M' 'M' 'M' 'M' 'M' 'M' 'M' 'M'
 'M' 'M' 'U' 'U' 'M' 'U' 'M' 'M' 'U' 'M' 'M' 'U' 'M' 'M' 'M' 'M' 'M' 'M'
 'U' 'M' 'U' 'M' 'M' 'U' 'M' 'M' 'M' 'M' 'M' 'M' 'A' 'M' 'M' 'M' 'M' 'U']"
242201,0,157,3,154,41,0,0,"['A' 'M' 'M' 'M' 'M' 'U' 'M' 'M' 'M' 'M' 'U' 'M' 'M' 'M' 'M' 'M' 'M' 'A'
 'M' 'M' 'M' 'U' 'M' 'M' 'M' 'M' 'M' 'M' 'M' 'M' 'U' 'M' 'M' 'M' 'M' 'U'
 'M' 'U' 'U' 'M' 'M' 'M' 'M' 'M' 'M' 'M' 'M' 'M' 'M' 'U' 'M' 'M' 'M' 'M'
 'M' 'M' 'M' 'M' 'M' 'M' 'M' 'M' 'M' 'U' 'M' 'U' 'M' 'M' 'U' 'U' 'M' 'U'
 'M' 'M' 'M' 'M' 'M' 'M' 'M' 'M' 'M' 'M' 'M' 'M' 'M' 'M' 'M' 'M' 'U' 'M'
 'M' 'M' 'M' 'M' 'M' 'M' 'M' 'M' 'U' 'M' 'U' 'M' 'M' 'U' 'M' 'M' 'M' 'M'
 'M' 'U' 'M' 'U' 'M' 'M' 'M' 'M' 'M' 'U' 'M' 'U' 'U' 'M' 'U' 'U' 'U' 'M'
 'M' 'M' 'M' 'M' 'M' 'M' 'U' 'U' 'U' 'U' 'M' 'U' 'U' 'M' 'M' 'M' 'M' 'M'
 'M' 'M' 'M' 'U' 'M' 'M' 'M' 'M' 'M' 'M' 'M' 'M' 'M' 'M' 'U' 'M' 'M' 'M'
 'M' 'M' 'U' 'U' 'M' 'U' 'M' 'M' 'U' 'M' 'M' 'U' 'M' 'M' 'M' 'M' 'M' 'M'
 'U' 'M' 'U' 'M' 'M' 'M' 'M' 'M' 'M' 'M' 'U' 'M' 'A' 'M' 'M' 'M' 'M' 'M']"
242301,0,155,3,152,43,0,0,"['A' 'M' 'M' 'M' 'M' 'U' 'M' 'M' 'M' 'M' 'U' 'M' 'M' 'M' 'M' 'M' 'M' 'A'
 'M' 'M' 'M' 'U' 'M' 'M' 'M' 'M' 'M' 'M' 'M' 'M' 'M' 'M' 'M' 'M' 'M' 'U'
 'M' 'U' 'U' 'U' 'M' 'M' 'M' 'M' 'M' 'M' 'M' 'M' 'M' 'M' 'M' 'M' 'M' 'M'
 'M' 'M' 'M' 'M' 'M' 'M' 'M' 'M' 'M' 'U' 'M' 'M' 'M' 'M' 'M' 'M' 'M' 'M'
 'M' 'M' 'M' 'M' 'M' 'U' 'M' 'M' 'M' 'M' 'M' 'M' 'M' 'U' 'M' 'M' 'M' 'U'
 'U' 'M' 'M' 'M' 'U' 'M' 'M' 'M' 'U' 'M' 'U' 'M' 'M' 'U' 'M' 'M' 'M' 'M'
 'M' 'U' 'M' 'U' 'M' 'M' 'M' 'A' 'M' 'M' 'M' 'U' 'M' 'M' 'U' 'U' 'U' 'M'
 'M' 'U' 'M' 'M' 'M' 'M' 'U' 'U' 'U' 'U' 'U' 'U' 'U' 'M' 'M' 'M' 'M' 'M'
 'U' 'M' 'M' 'M' 'M' 'M' 'M' 'M' 'M' 'M' 'M' 'M' 'U' 'M' 'U' 'M' 'M' 'M'
 'M' 'U' 'U' 'U' 'M' 'M' 'M' 'M' 'U' 'M' 'M' 'U' 'M' 'U' 'M' 'M' 'M' 'M'
 'U' 'M' 'U' 'M' 'M' 'M' 'M' 'M' 'M' 'M' 'U' 'M' 'U' 'M' 'M' 'M' 'M' 'M']"
242401,0,153,4,149,45,0,0,"['A' 'M' 'M' 'U' 'M' 'U' 'M' 'M' 'M' 'M' 'U' 'M' 'M' 'M' 'M' 'M' 'M' 'A'
 'M' 'M' 'M' 'U' 'M' 'U' 'M' 'M' 'M' 'M' 'M' 'M' 'M' 'M' 'M' 'M' 'M' 'M'
 'M' 'M' 'A' 'U' 'M' 'M' 'M' 'M' 'M' 'M' 'M' 'M' 'M' 'M' 'M' 'M' 'M' 'M'
 'M' 'M' 'M' 'M' 'M' 'M' 'M' 'M' 'M' 'M' 'M' 'M' 'M' 'M' 'M' 'M' 'U' 'M'
 'M' 'U' 'U' 'M' 'M' 'M' 'M' 'M' 'M' 'U' 'M' 'M' 'M' 'U' 'M' 'M' 'M' 'M'
 'M' 'M' 'M' 'M' 'M' 'M' 'U' 'M' 'U' 'M' 'U' 'M' 'M' 'U' 'U' 'M' 'M' 'M'
 'M' 'U' 'M' 'U' 'M' 'M' 'M' 'A' 'M' 'M' 'U' 'M' 'M' 'M' 'U' 'U' 'U' 'M'
 'M' 'U' 'U' 'M' 'M' 'U' 'U' 'M' 'U' 'U' 'M' 'U' 'U' 'M' 'M' 'M' 'M' 'U'
 'U' 'U' 'M' 'U' 'M' 'M' 'M' 'M' 'M' 'M' 'U' 'M' 'U' 'M' 'M' 'M' 'M' 'M'
 'M' 'U' 'U' 'U' 'M' 'M' 'M' 'M' 'U' 'M' 'M' 'M' 'M' 'U' 'M' 'M' 'M' 'M'
 'U' 'M' 'M' 'M' 'M' 'M' 'U' 'M' 'M' 'M' 'U' 'M' 'U' 'M' 'M' 'M' 'M' 'M']"
242501,0,153,4,149,45,1,0,"['A' 'M' 'U' 'M' 'M' 'U' 'M' 'M' 'M' 'M' 'U' 'M' 'M' 'M' 'M' 'M' 'M' 'U'
 'M' 'M' 'M' 'U' 'M' 'U' 'M' 'M' 'M' 'M' 'M' 'M' 'U' 'M' 'M' 'M' 'M' 'M'
 'M' 'M' 'U' 'U' 'M' 'U' 'M' 'M' 'M' 'M' 'M' 'M' 'U' 'M' 'M' 'M' 'M' 'M'
 'U' 'M' 'M' 'M' 'M' 'M' 'M' 'M' 'M' 'M' 'M' 'M' 'M' 'U' 'M' 'M' 'M' 'M'
 'M' 'M' 'M' 'U' 'M' 'M' 'M' 'M' 'U' 'M' 'U' 'M' 'M' 'M' 'M' 'M' 'M' 'M'
 'M' 'U' 'M' 'M' 'M' 'M' 'U' 'M' 'U' 'M' 'U' 'M' 'M' 'U' 'U' 'M' 'M' 'M'
 'M' 'M' 'M' 'M' 'M' 'M' 'U' 'A' 'M' 'M' 'M' 'M' 'M' 'M' 'M' 'U' 'U' 'M'
 'M' 'A' 'U' 'M' 'M' 'A' 'U' 'U' 'U' 'U' 'U' 'U' 'U' 'M' 'U' 'M' 'M' 'M'
 'U' 'M' 'M' 'U' 'M' 'M' 'M' 'M' 'M' 'M' 'M' 'M' 'U' 'M' 'M' 'M' 'M' 'M'
 'M' 'M' 'M' 'U' 'M' 'M' 'M' 'M' 'U' 'M' 'M' 'M' 'M' 'U' 'M' 'M' 'M' 'M'
 'U' 'M' 'M' 'M' 'M' 'M' 'U' 'M' 'M' 'M' 'U' 'M' 'U' 'M' 'M' 'U' 'M' 'M']"
242601,1,154,3,151,44,0,0,"['A' 'M' 'U' 'M' 'U' 'U' 'M' 'M' 'M' 'M' 'U' 'M' 'M' 'M' 'M' 'M' 'M' 'U'
 'M' 'M' 'M' 'U' 'M' 'M' 'M' 'M' 'M' 'M' 'M' 'M' 'U' 'M' 'M' 'M' 'M' 'M'
 'M' 'M' 'U' 'U' 'M' 'M' 'M' 'M' 'M' 'M' 'M' 'M' 'U' 'M' 'M' 'M' 'M' 'M'
 'U' 'M' 'M' 'M' 'M' 'M' 'M' 'M' 'M' 'M' 'M' 'M' 'M' 'U' 'M' 'M' 'M' 'M'
 'M' 'M' 'M' 'M' 'M' 'M' 'M' 'U' 'M' 'M' 'M' 'U' 'M' 'M' 'M' 'M' 'M' 'M'
 'U' 'M' 'M' 'M' 'U' 'M' 'U' 'M' 'U' 'M' 'U' 'M' 'M' 'U' 'U' 'M' 'M' 'M'
 'M' 'M' 'M' 'M' 'M' 'M' 'U' 'U' 'M' 'M' 'M' 'M' 'M' 'M' 'M' 'U' 'M' 'M'
 'M' 'A' 'U' 'M' 'M' 'A' 'U' 'U' 'U' 'U' 'U' 'U' 'U' 'M' 'U' 'M' 'M' 'M'
 'M' 'M' 'M' 'U' 'M' 'M' 'M' 'M' 'M' 'M' 'M' 'M' 'M' 'M' 'M' 'U' 'U' 'M'
 'M' 'M' 'M' 'U' 'M' 'M' 'M' 'M' 'U' 'M' 'U' 'M' 'M' 'U' 'M' 'M' 'M' 'M'
 'U' 'M' 'M' 'M' 'M' 'M' 'U' 'M' 'M' 'M' 'U' 'M' 'U' 'M' 'M' 'M' 'M' 'M']"
242701,0,154,6,148,44,0,0,"['A' 'U' 'U' 'M' 'A' 'U' 'M' 'M' 'M' 'M' 'M' 'M' 'M' 'M' 'M' 'M' 'M' 'U'
 'M' 'M' 'M' 'U' 'M' 'M' 'M' 'M' 'M' 'M' 'M' 'M' 'U' 'M' 'M' 'M' 'M' 'M'
 'M' 'M' 'U' 'U' 'M' 'M' 'U' 'M' 'M' 'M' 'M' 'M' 'U' 'M' 'M' 'M' 'M' 'M'
 'A' 'M' 'M' 'M' 'M' 'M' 'M' 'M' 'M' 'M' 'M' 'M' 'M' 'U' 'M' 'M' 'M' 'U'
 'M' 'M' 'M' 'M' 'M' 'U' 'M' 'M' 'M' 'M' 'M' 'M' 'M' 'M' 'M' 'M' 'M' 'U'
 'U' 'M' 'M' 'M' 'M' 'M' 'U' 'M' 'U' 'M' 'U' 'M' 'M' 'U' 'M' 'M' 'M' 'M'
 'M' 'M' 'M' 'M' 'M' 'M' 'U' 'U' 'M' 'M' 'M' 'M' 'M' 'M' 'A' 'U' 'M' 'M'
 'M' 'A' 'U' 'M' 'M' 'U' 'A' 'U' 'U' 'U' 'U' 'U' 'U' 'M' 'U' 'M' 'M' 'M'
 'M' 'U' 'M' 'U' 'M' 'U' 'M' 'M' 'M' 'M' 'M' 'M' 'M' 'M' 'M' 'M' 'U' 'M'
 'M' 'M' 'M' 'U' 'M' 'M' 'M' 'M' 'U' 'M' 'U' 'U' 'M' 'U' 'M' 'M' 'M' 'M'
 'M' 'M' 'M' 'M' 'U' 'M' 'M' 'U' 'M' 'M' 'U' 'M' 'U' 'M' 'M' 'M' 'M' 'M']"
242801,0,146,3,143,52,0,0,"['A' 'U' 'U' 'M' 'A' 'U' 'M' 'M' 'M' 'U' 'M' 'M' 'M' 'M' 'M' 'M' 'M' 'U'
 'M' 'M' 'M' 'U' 'M' 'M' 'M' 'M' 'M' 'M' 'M' 'M' 'U' 'U' 'M' 'M' 'M' 'M'
 'M' 'M' 'U' 'U' 'M' 'M' 'U' 'M' 'U' 'M' 'M' 'M' 'U' 'M' 'M' 'M' 'M' 'U'
 'U' 'U' 'M' 'M' 'M' 'M' 'M' 'M' 'M' 'M' 'M' 'M' 'M' 'M' 'M' 'M' 'M' 'M'
 'U' 'M' 'M' 'U' 'M' 'M' 'M' 'M' 'M' 'M' 'M' 'M' 'U' 'M' 'M' 'M' 'M' 'M'
 'U' 'U' 'M' 'M' 'M' 'M' 'M' 'M' 'U' 'M' 'M' 'M' 'M' 'M' 'M' 'M' 'M' 'M'
 'M' 'M' 'M' 'M' 'M' 'M' 'U' 'M' 'M' 'M' 'U' 'M' 'M' 'M' 'U' 'U' 'M' 'M'
 'M' 'U' 'U' 'U' 'U' 'U' 'A' 'U' 'U' 'U' 'U' 'U' 'M' 'M' 'U' 'M' 'M' 'M'
 'M' 'U' 'M' 'M' 'M' 'U' 'M' 'M' 'M' 'M' 'U' 'M' 'M' 'M' 'M' 'U' 'U' 'M'
 'M' 'M' 'M' 'U' 'U' 'M' 'M' 'M' 'U' 'M' 'U' 'U' 'M' 'U' 'M' 'M' 'U' 'M'
 'M' 'M' 'M' 'M' 'M' 'M' 'M' 'U' 'M' 'M' 'U' 'M' 'U' 'M' 'M' 'M' 'M' 'M']"
242901,0,154,4,150,44,0,1,"['A' 'U' 'U' 'M' 'U' 'U' 'M' 'M' 'M' 'U' 'M' 'M' 'M' 'M' 'M' 'M' 'M' 'U'
 'M' 'M' 'M' 'A' 'M' 'M' 'M' 'M' 'M' 'M' 'M' 'M' 'U' 'U' 'M' 'M' 'M' 'M'
 'M' 'M' 'U' 'U' 'M' 'M' 'M' 'M' 'M' 'M' 'M' 'M' 'U' 'M' 'M' 'M' 'M' 'U'
 'U' 'M' 'M' 'M' 'M' 'M' 'M' 'M' 'M' 'M' 'M' 'M' 'M' 'M' 'U' 'M' 'M' 'M'
 'M' 'M' 'U' 'M' 'M' 'M' 'M' 'M' 'M' 'M' 'M' 'U' 'M' 'M' 'M' 'M' 'M' 'M'
 'M' 'U' 'U' 'M' 'M' 'M' 'M' 'M' 'U' 'M' 'M' 'M' 'M' 'M' 'M' 'M' 'M' 'M'
 'M' 'M' 'M' 'M' 'M' 'A' 'U' 'M' 'M' 'M' 'U' 'M' 'M' 'M' 'M' 'U' 'M' 'M'
 'U' 'U' 'M' 'U' 'U' 'U' 'A' 'U' 'M' 'U' 'U' 'U' 'M' 'M' 'U' 'M' 'M' 'M'
 'M' 'U' 'M' 'M' 'M' 'M' 'M' 'M' 'M' 'M' 'M' 'M' 'M' 'M' 'M' 'U' 'U' 'M'
 'M' 'M' 'M' 'U' 'U' 'M' 'M' 'M' 'M' 'M' 'U' 'U' 'U' 'U' 'M' 'M' 'U' 'M'
 'M' 'M' 'M' 'M' 'M' 'M' 'M' 'M' 'M' 'M' 'U' 'M' 'U' 'M' 'M' 'M' 'M' 'M']"
243001,1,157,4,153,41,0,0,"['A' 'M' 'U' 'M' 'U' 'U' 'M' 'M' 'M' 'U' 'M' 'M' 'M' 'M' 'M' 'M' 'M' 'U'
 'M' 'M' 'M' 'U' 'M' 'M' 'M' 'M' 'M' 'M' 'M' 'M' 'U' 'U' 'M' 'M' 'M' 'M'
 'M' 'M' 'U' 'U' 'M' 'U' 'M' 'M' 'M' 'U' 'M' 'M' 'U' 'M' 'M' 'M' 'M' 'U'
 'U' 'M' 'M' 'M' 'M' 'M' 'M' 'M' 'M' 'M' 'M' 'U' 'M' 'M' 'M' 'U' 'M' 'U'
 'M' 'M' 'M' 'M' 'M' 'M' 'M' 'M' 'M' 'M' 'U' 'M' 'M' 'M' 'M' 'M' 'M' 'M'
 'M' 'M' 'M' 'U' 'M' 'M' 'M' 'M' 'U' 'M' 'M' 'M' 'M' 'M' 'M' 'M' 'M' 'M'
 'M' 'M' 'M' 'M' 'M' 'U' 'U' 'M' 'M' 'M' 'M' 'M' 'M' 'M' 'M' 'A' 'M' 'M'
 'U' 'U' 'M' 'U' 'M' 'U' 'A' 'U' 'U' 'M' 'U' 'U' 'U' 'M' 'M' 'M' 'M' 'M'
 'M' 'U' 'U' 'M' 'M' 'M' 'M' 'M' 'M' 'M' 'M' 'M' 'M' 'M' 'M' 'M' 'U' 'M'
 'M' 'M' 'M' 'M' 'U' 'M' 'U' 'M' 'M' 'M' 'U' 'M' 'A' 'U' 'U' 'M' 'U' 'M'
 'M' 'M' 'M' 'M' 'M' 'M' 'M' 'M' 'M' 'M' 'M' 'M' 'M' 'M' 'M' 'M' 'M' 'M']"
243101,0,157,3,154,41,0,0,"['A' 'M' 'U' 'M' 'U' 'U' 'M' 'M' 'M' 'U' 'M' 'M' 'M' 'M' 'M' 'M' 'M' 'U'
 'M' 'M' 'M' 'M' 'M' 'M' 'U' 'M' 'M' 'M' 'M' 'M' 'U' 'M' 'M' 'M' 'M' 'M'
 'M' 'M' 'M' 'U' 'U' 'U' 'M' 'M' 'M' 'U' 'M' 'M' 'U' 'M' 'M' 'M' 'M' 'U'
 'U' 'M' 'M' 'M' 'M' 'M' 'M' 'M' 'M' 'M' 'M' 'M' 'M' 'M' 'M' 'M' 'M' 'U'
 'M' 'M' 'M' 'M' 'M' 'M' 'M' 'M' 'M' 'M' 'M' 'M' 'M' 'M' 'U' 'M' 'M' 'M'
 'U' 'M' 'M' 'U' 'U' 'M' 'M' 'M' 'U' 'M' 'M' 'M' 'M' 'M' 'M' 'M' 'M' 'M'
 'M' 'M' 'M' 'M' 'M' 'U' 'U' 'M' 'M' 'M' 'M' 'U' 'M' 'M' 'M' 'A' 'M' 'M'
 'U' 'U' 'M' 'M' 'M' 'U' 'A' 'U' 'U' 'U' 'U' 'U' 'U' 'M' 'M' 'M' 'U' 'M'
 'M' 'M' 'U' 'M' 'M' 'M' 'M' 'M' 'M' 'M' 'M' 'U' 'M' 'M' 'M' 'M' 'M' 'M'
 'M' 'M' 'M' 'M' 'U' 'U' 'U' 'M' 'M' 'M' 'U' 'M' 'U' 'M' 'U' 'M' 'M' 'M'
 'M' 'M' 'M' 'M' 'M' 'M' 'M' 'M' 'M' 'M' 'M' 'M' 'M' 'M' 'M' 'M' 'M' 'M']"
243201,0,164,3,161,34,0,0,"['A' 'M' 'U' 'M' 'U' 'U' 'M' 'M' 'M' 'M' 'M' 'M' 'M' 'M' 'U' 'M' 'M' 'U'
 'M' 'M' 'M' 'M' 'M' 'M' 'U' 'M' 'U' 'M' 'M' 'M' 'U' 'M' 'M' 'M' 'M' 'M'
 'M' 'M' 'M' 'M' 'U' 'U' 'M' 'M' 'M' 'U' 'M' 'M' 'M' 'M' 'M' 'M' 'U' 'U'
 'M' 'M' 'M' 'M' 'M' 'M' 'M' 'M' 'M' 'U' 'M' 'M' 'M' 'M' 'M' 'M' 'M' 'M'
 'M' 'U' 'M' 'M' 'M' 'M' 'M' 'U' 'M' 'M' 'M' 'M' 'M' 'M' 'M' 'U' 'M' 'U'
 'M' 'M' 'M' 'U' 'M' 'M' 'M' 'M' 'U' 'M' 'M' 'M' 'M' 'M' 'M' 'M' 'M' 'M'
 'M' 'M' 'M' 'M' 'M' 'M' 'U' 'M' 'M' 'M' 'M' 'M' 'M' 'M' 'M' 'A' 'M' 'M'
 'U' 'M' 'M' 'M' 'M' 'U' 'A' 'M' 'U' 'M' 'U' 'U' 'U' 'M' 'M' 'U' 'M' 'M'
 'M' 'M' 'U' 'M' 'M' 'M' 'M' 'M' 'M' 'M' 'M' 'M' 'M' 'M' 'M' 'M' 'M' 'M'
 'M' 'M' 'M' 'M' 'M' 'U' 'U' 'M' 'M' 'M' 'U' 'M' 'U' 'M' 'U' 'M' 'M' 'M'
 'M' 'M' 'M' 'M' 'M' 'M' 'M' 'M' 'M' 'M' 'M' 'M' 'M' 'M' 'M' 'M' 'M' 'M']"
243301,0,165,3,162,33,0,0,"['A' 'U' 'U' 'M' 'U' 'U' 'M' 'M' 'U' 'M' 'M' 'M' 'M' 'M' 'U' 'M' 'M' 'U'
 'M' 'M' 'M' 'M' 'M' 'M' 'M' 'M' 'U' 'U' 'M' 'M' 'M' 'M' 'M' 'M' 'M' 'M'
 'M' 'M' 'M' 'M' 'M' 'U' 'M' 'M' 'M' 'U' 'M' 'M' 'M' 'M' 'M' 'M' 'U' 'U'
 'M' 'M' 'U' 'M' 'M' 'M' 'M' 'M' 'M' 'U' 'M' 'M' 'M' 'M' 'M' 'U' 'U' 'U'
 'U' 'M' 'M' 'M' 'M' 'M' 'U' 'M' 'M' 'M' 'M' 'M' 'M' 'M' 'M' 'M' 'M' 'M'
 'M' 'M' 'M' 'M' 'M' 'M' 'M' 'M' 'M' 'M' 'M' 'M' 'M' 'M' 'U' 'M' 'M' 'M'
 'M' 'M' 'M' 'M' 'M' 'U' 'U' 'M' 'M' 'M' 'M' 'M' 'M' 'M' 'M' 'A' 'M' 'M'
 'U' 'M' 'M' 'M' 'M' 'U' 'A' 'M' 'U' 'M' 'U' 'M' 'U' 'M' 'M' 'U' 'M' 'M'
 'M' 'M' 'M' 'M' 'M' 'M' 'M' 'M' 'M' 'M' 'M' 'M' 'M' 'M' 'M' 'M' 'M' 'M'
 'M' 'M' 'M' 'M' 'M' 'U' 'U' 'M' 'M' 'M' 'U' 'M' 'U' 'M' 'M' 'M' 'M' 'M'
 'M' 'M' 'M' 'M' 'M' 'M' 'M' 'M' 'M' 'M' 'M' 'M' 'M' 'M' 'M' 'M' 'M' 'M']"
243401,0,168,3,165,30,0,1,"['A' 'U' 'U' 'M' 'M' 'U' 'M' 'M' 'U' 'U' 'M' 'M' 'M' 'M' 'U' 'M' 'M' 'M'
 'M' 'M' 'M' 'M' 'M' 'M' 'M' 'M' 'M' 'U' 'M' 'M' 'M' 'M' 'M' 'M' 'M' 'M'
 'M' 'M' 'M' 'M' 'M' 'U' 'M' 'M' 'M' 'M' 'M' 'M' 'M' 'M' 'M' 'M' 'M' 'U'
 'M' 'M' 'M' 'M' 'M' 'M' 'M' 'M' 'M' 'U' 'M' 'M' 'M' 'M' 'M' 'U' 'M' 'M'
 'M' 'M' 'M' 'M' 'M' 'M' 'M' 'M' 'U' 'M' 'U' 'M' 'M' 'M' 'M' 'U' 'M' 'M'
 'M' 'U' 'M' 'M' 'M' 'M' 'M' 'M' 'M' 'M' 'M' 'M' 'M' 'M' 'U' 'M' 'M' 'M'
 'M' 'M' 'M' 'M' 'M' 'U' 'M' 'M' 'M' 'M' 'M' 'M' 'M' 'M' 'U' 'A' 'M' 'M'
 'U' 'U' 'M' 'M' 'M' 'M' 'A' 'U' 'U' 'U' 'U' 'U' 'U' 'M' 'M' 'U' 'M' 'M'
 'M' 'M' 'M' 'M' 'M' 'M' 'M' 'M' 'M' 'M' 'M' 'M' 'M' 'M' 'M' 'M' 'M' 'M'
 'M' 'M' 'M' 'M' 'M' 'M' 'U' 'M' 'M' 'M' 'U' 'M' 'M' 'M' 'M' 'M' 'M' 'M'
 'M' 'M' 'M' 'M' 'M' 'M' 'M' 'M' 'M' 'M' 'M' 'M' 'M' 'M' 'M' 'U' 'M' 'M']"
243501,0,163,2,161,35,1,0,"['A' 'U' 'U' 'M' 'M' 'M' 'M' 'M' 'U' 'U' 'M' 'M' 'M' 'U' 'U' 'M' 'M' 'M'
 'M' 'U' 'M' 'M' 'M' 'M' 'M' 'M' 'M' 'U' 'M' 'M' 'M' 'M' 'M' 'M' 'M' 'M'
 'M' 'M' 'U' 'M' 'M' 'U' 'M' 'M' 'M' 'M' 'M' 'M' 'M' 'M' 'M' 'M' 'M' 'M'
 'M' 'M' 'M' 'M' 'M' 'M' 'M' 'M' 'M' 'U' 'M' 'M' 'M' 'M' 'M' 'M' 'M' 'M'
 'M' 'M' 'M' 'M' 'M' 'M' 'M' 'M' 'M' 'M' 'M' 'M' 'U' 'M' 'M' 'U' 'M' 'U'
 'U' 'M' 'U' 'M' 'M' 'M' 'M' 'M' 'M' 'U' 'M' 'M' 'M' 'M' 'U' 'M' 'M' 'M'
 'M' 'M' 'M' 'M' 'M' 'U' 'M' 'M' 'M' 'M' 'M' 'M' 'M' 'M' 'U' 'A' 'M' 'M'
 'U' 'U' 'M' 'M' 'M' 'M' 'U' 'M' 'M' 'M' 'U' 'U' 'U' 'M' 'M' 'U' 'M' 'M'
 'M' 'M' 'M' 'M' 'U' 'U' 'M' 'M' 'M' 'M' 'M' 'M' 'M' 'M' 'M' 'M' 'M' 'M'
 'M' 'M' 'U' 'M' 'M' 'M' 'U' 'M' 'M' 'M' 'M' 'M' 'M' 'M' 'M' 'M' 'M' 'U'
 'M' 'M' 'U' 'M' 'M' 'M' 'M' 'M' 'M' 'M' 'M' 'U' 'M' 'M' 'M' 'U' 'M' 'M']"
243601,0,156,2,154,42,0,0,"['A' 'M' 'U' 'M' 'M' 'M' 'M' 'M' 'U' 'U' 'M' 'M' 'M' 'U' 'M' 'M' 'M' 'M'
 'M' 'U' 'M' 'M' 'M' 'M' 'M' 'M' 'M' 'M' 'U' 'M' 'M' 'M' 'M' 'M' 'M' 'M'
 'M' 'M' 'U' 'M' 'M' 'U' 'M' 'M' 'M' 'M' 'M' 'M' 'M' 'M' 'M' 'M' 'M' 'M'
 'M' 'M' 'M' 'M' 'M' 'M' 'M' 'M' 'M' 'U' 'U' 'U' 'M' 'M' 'M' 'M' 'M' 'M'
 'M' 'M' 'M' 'M' 'M' 'U' 'U' 'M' 'M' 'M' 'M' 'U' 'M' 'U' 'M' 'M' 'M' 'M'
 'M' 'M' 'M' 'M' 'M' 'M' 'M' 'U' 'M' 'U' 'M' 'M' 'M' 'M' 'U' 'M' 'M' 'M'
 'M' 'M' 'U' 'M' 'M' 'U' 'M' 'M' 'M' 'M' 'M' 'M' 'M' 'M' 'U' 'A' 'M' 'U'
 'U' 'U' 'M' 'M' 'M' 'U' 'U' 'U' 'U' 'U' 'U' 'U' 'U' 'M' 'M' 'U' 'M' 'M'
 'M' 'M' 'M' 'M' 'U' 'U' 'M' 'M' 'M' 'M' 'M' 'U' 'M' 'M' 'M' 'M' 'M' 'M'
 'M' 'M' 'U' 'U' 'M' 'M' 'U' 'M' 'M' 'M' 'M' 'M' 'M' 'M' 'M' 'M' 'M' 'U'
 'M' 'M' 'M' 'M' 'M' 'M' 'M' 'M' 'M' 'M' 'M' 'U' 'M' 'M' 'M' 'U' 'M' 'M']"
243701,0,161,5,156,37,0,0,"['A' 'M' 'U' 'M' 'M' 'M' 'M' 'M' 'U' 'M' 'M' 'M' 'M' 'U' 'M' 'M' 'M' 'M'
 'M' 'U' 'M' 'M' 'M' 'U' 'M' 'M' 'M' 'M' 'U' 'M' 'M' 'M' 'M' 'M' 'M' 'M'
 'M' 'M' 'U' 'M' 'M' 'U' 'U' 'M' 'M' 'M' 'M' 'M' 'M' 'M' 'M' 'M' 'M' 'M'
 'M' 'M' 'M' 'M' 'M' 'M' 'M' 'M' 'M' 'U' 'U' 'U' 'M' 'M' 'M' 'M' 'M' 'M'
 'M' 'U' 'U' 'M' 'M' 'M' 'M' 'M' 'U' 'M' 'M' 'M' 'M' 'M' 'M' 'M' 'M' 'U'
 'M' 'M' 'M' 'M' 'M' 'M' 'M' 'M' 'M' 'U' 'M' 'M' 'M' 'M' 'A' 'M' 'M' 'M'
 'M' 'M' 'M' 'U' 'M' 'M' 'M' 'M' 'M' 'M' 'M' 'M' 'M' 'M' 'M' 'A' 'M' 'U'
 'U' 'U' 'M' 'M' 'M' 'U' 'U' 'U' 'M' 'U' 'U' 'A' 'U' 'M' 'M' 'U' 'M' 'M'
 'M' 'M' 'M' 'U' 'M' 'U' 'U' 'U' 'M' 'M' 'M' 'M' 'M' 'M' 'M' 'M' 'M' 'M'
 'M' 'M' 'U' 'M' 'M' 'M' 'U' 'M' 'M' 'M' 'M' 'M' 'U' 'M' 'M' 'M' 'M' 'U'
 'M' 'M' 'M' 'M' 'M' 'M' 'M' 'M' 'M' 'M' 'M' 'A' 'M' 'M' 'M' 'U' 'M' 'M']"
243801,0,159,4,155,39,0,0,"['A' 'M' 'U' 'M' 'M' 'M' 'M' 'M' 'U' 'M' 'M' 'M' 'M' 'U' 'M' 'M' 'M' 'M'
 'M' 'U' 'M' 'U' 'M' 'U' 'M' 'M' 'M' 'M' 'U' 'M' 'M' 'M' 'M' 'U' 'M' 'M'
 'U' 'M' 'M' 'M' 'M' 'U' 'M' 'M' 'M' 'M' 'M' 'M' 'M' 'M' 'M' 'M' 'M' 'U'
 'M' 'M' 'M' 'M' 'M' 'M' 'M' 'M' 'M' 'M' 'U' 'M' 'M' 'M' 'M' 'M' 'M' 'M'
 'M' 'U' 'M' 'M' 'M' 'U' 'U' 'M' 'M' 'M' 'U' 'M' 'M' 'M' 'M' 'M' 'M' 'M'
 'M' 'M' 'M' 'U' 'M' 'M' 'M' 'M' 'U' 'U' 'M' 'M' 'M' 'M' 'U' 'M' 'M' 'M'
 'M' 'M' 'M' 'M' 'M' 'M' 'M' 'M' 'M' 'M' 'M' 'M' 'M' 'U' 'U' 'A' 'M' 'U'
 'U' 'U' 'M' 'M' 'M' 'M' 'U' 'U' 'U' 'U' 'U' 'A' 'M' 'M' 'U' 'U' 'M' 'M'
 'M' 'M' 'M' 'U' 'M' 'U' 'U' 'U' 'M' 'M' 'M' 'M' 'M' 'M' 'M' 'M' 'M' 'M'
 'M' 'M' 'U' 'M' 'M' 'M' 'U' 'M' 'M' 'M' 'M' 'M' 'M' 'M' 'M' 'M' 'M' 'M'
 'M' 'M' 'M' 'M' 'M' 'M' 'M' 'M' 'M' 'M' 'M' 'A' 'M' 'M' 'M' 'U' 'M' 'M']"
243901,0,159,4,155,39,0,1,"['A' 'M' 'U' 'M' 'M' 'M' 'U' 'M' 'M' 'M' 'M' 'M' 'M' 'U' 'M' 'M' 'M' 'M'
 'M' 'M' 'U' 'U' 'M' 'U' 'M' 'M' 'M' 'M' 'U' 'M' 'M' 'M' 'M' 'M' 'M' 'M'
 'M' 'M' 'M' 'M' 'M' 'M' 'M' 'M' 'M' 'M' 'M' 'M' 'M' 'M' 'M' 'M' 'M' 'U'
 'M' 'U' 'M' 'M' 'M' 'M' 'M' 'M' 'M' 'M' 'U' 'M' 'M' 'M' 'M' 'M' 'M' 'M'
 'M' 'U' 'M' 'M' 'M' 'U' 'M' 'M' 'M' 'M' 'M' 'M' 'U' 'M' 'M' 'U' 'M' 'M'
 'M' 'U' 'M' 'M' 'M' 'M' 'M' 'M' 'U' 'U' 'M' 'M' 'M' 'M' 'U' 'M' 'M' 'M'
 'M' 'M' 'M' 'M' 'M' 'M' 'M' 'M' 'M' 'M' 'M' 'M' 'M' 'U' 'U' 'U' 'M' 'M'
 'U' 'M' 'M' 'M' 'M' 'M' 'M' 'U' 'U' 'U' 'U' 'A' 'M' 'M' 'U' 'A' 'M' 'U'
 'M' 'M' 'M' 'U' 'M' 'U' 'M' 'U' 'M' 'U' 'M' 'M' 'M' 'M' 'M' 'M' 'M' 'M'
 'M' 'U' 'M' 'M' 'M' 'U' 'U' 'M' 'M' 'M' 'M' 'M' 'M' 'U' 'M' 'M' 'M' 'M'
 'M' 'M' 'M' 'U' 'M' 'M' 'M' 'U' 'M' 'M' 'M' 'A' 'M' 'M' 'M' 'U' 'M' 'M']"
244001,0,159,3,156,39,0,0,"['A' 'M' 'U' 'M' 'M' 'M' 'U' 'M' 'M' 'M' 'M' 'M' 'M' 'U' 'M' 'M' 'M' 'M'
 'M' 'M' 'U' 'U' 'M' 'U' 'M' 'M' 'M' 'M' 'M' 'M' 'M' 'M' 'M' 'U' 'M' 'M'
 'M' 'U' 'M' 'M' 'M' 'M' 'U' 'M' 'M' 'M' 'M' 'M' 'M' 'M' 'M' 'M' 'M' 'U'
 'M' 'U' 'M' 'M' 'M' 'M' 'M' 'M' 'M' 'M' 'M' 'M' 'M' 'U' 'U' 'M' 'M' 'M'
 'U' 'M' 'M' 'M' 'M' 'M' 'U' 'M' 'M' 'M' 'U' 'M' 'M' 'M' 'M' 'M' 'M' 'M'
 'M' 'M' 'M' 'M' 'M' 'M' 'M' 'M' 'U' 'M' 'U' 'M' 'M' 'M' 'U' 'M' 'M' 'M'
 'M' 'M' 'M' 'M' 'M' 'M' 'M' 'M' 'M' 'M' 'M' 'M' 'M' 'U' 'U' 'M' 'M' 'M'
 'U' 'M' 'M' 'M' 'M' 'M' 'M' 'U' 'M' 'U' 'M' 'U' 'M' 'M' 'U' 'A' 'M' 'U'
 'M' 'M' 'M' 'U' 'M' 'U' 'M' 'U' 'M' 'U' 'U' 'M' 'M' 'M' 'M' 'M' 'M' 'M'
 'M' 'A' 'M' 'M' 'M' 'U' 'U' 'M' 'M' 'M' 'U' 'M' 'M' 'U' 'M' 'M' 'M' 'M'
 'M' 'M' 'M' 'M' 'M' 'M' 'M' 'U' 'M' 'M' 'M' 'U' 'M' 'M' 'M' 'U' 'M' 'M']"
244101,0,150,3,147,48,0,0,"['A' 'M' 'U' 'M' 'M' 'M' 'U' 'M' 'M' 'U' 'M' 'M' 'M' 'A' 'M' 'M' 'M' 'M'
 'U' 'M' 'U' 'U' 'M' 'U' 'M' 'M' 'M' 'M' 'U' 'M' 'M' 'M' 'M' 'U' 'M' 'M'
 'M' 'U' 'M' 'M' 'M' 'M' 'U' 'M' 'M' 'M' 'M' 'M' 'M' 'M' 'M' 'M' 'M' 'U'
 'M' 'U' 'M' 'M' 'M' 'M' 'M' 'U' 'M' 'M' 'M' 'M' 'M' 'M' 'M' 'U' 'M' 'M'
 'M' 'M' 'M' 'M' 'M' 'M' 'M' 'M' 'M' 'U' 'M' 'M' 'M' 'U' 'M' 'M' 'M' 'U'
 'M' 'M' 'M' 'U' 'M' 'M' 'M' 'M' 'M' 'M' 'U' 'M' 'M' 'M' 'U' 'M' 'M' 'M'
 'M' 'M' 'M' 'M' 'M' 'M' 'M' 'M' 'M' 'M' 'M' 'M' 'M' 'U' 'U' 'M' 'M' 'M'
 'U' 'M' 'M' 'M' 'M' 'M' 'M' 'U' 'M' 'U' 'M' 'U' 'U' 'M' 'U' 'A' 'M' 'U'
 'M' 'M' 'M' 'U' 'M' 'U' 'M' 'U' 'M' 'M' 'U' 'M' 'U' 'M' 'U' 'U' 'M' 'M'
 'U' 'U' 'M' 'M' 'M' 'U' 'U' 'M' 'M' 'M' 'U' 'M' 'M' 'U' 'M' 'M' 'M' 'M'
 'M' 'M' 'M' 'M' 'U' 'M' 'M' 'U' 'M' 'M' 'M' 'U' 'M' 'M' 'M' 'U' 'U' 'M']"
244201,0,149,3,146,49,0,0,"['A' 'M' 'U' 'M' 'M' 'M' 'U' 'M' 'M' 'U' 'M' 'M' 'M' 'A' 'M' 'M' 'M' 'M'
 'M' 'M' 'M' 'U' 'M' 'U' 'M' 'M' 'M' 'M' 'U' 'M' 'U' 'M' 'U' 'U' 'M' 'M'
 'M' 'U' 'M' 'M' 'M' 'M' 'U' 'M' 'M' 'M' 'M' 'M' 'M' 'M' 'M' 'M' 'M' 'U'
 'M' 'U' 'M' 'M' 'U' 'M' 'M' 'U' 'M' 'M' 'M' 'M' 'U' 'M' 'M' 'M' 'M' 'M'
 'M' 'M' 'M' 'M' 'M' 'M' 'M' 'M' 'M' 'M' 'M' 'M' 'M' 'U' 'M' 'U' 'U' 'U'
 'M' 'M' 'M' 'M' 'M' 'M' 'M' 'M' 'M' 'M' 'U' 'M' 'M' 'M' 'U' 'M' 'M' 'M'
 'M' 'M' 'M' 'M' 'M' 'M' 'M' 'M' 'M' 'M' 'M' 'M' 'M' 'U' 'U' 'M' 'M' 'M'
 'M' 'U' 'M' 'M' 'M' 'M' 'U' 'U' 'U' 'U' 'U' 'U' 'U' 'M' 'M' 'A' 'M' 'U'
 'M' 'M' 'M' 'M' 'M' 'M' 'M' 'U' 'M' 'M' 'U' 'M' 'U' 'M' 'U' 'U' 'M' 'M'
 'U' 'U' 'M' 'M' 'M' 'U' 'U' 'M' 'M' 'M' 'U' 'M' 'M' 'U' 'M' 'M' 'M' 'M'
 'M' 'M' 'M' 'M' 'M' 'U' 'M' 'U' 'M' 'U' 'M' 'U' 'M' 'M' 'M' 'U' 'M' 'M']"
244301,1,147,4,143,51,1,0,"['A' 'M' 'U' 'U' 'M' 'M' 'U' 'M' 'U' 'U' 'M' 'M' 'M' 'U' 'M' 'M' 'M' 'M'
 'M' 'M' 'U' 'M' 'M' 'U' 'M' 'M' 'M' 'M' 'U' 'M' 'M' 'M' 'U' 'U' 'M' 'M'
 'M' 'U' 'M' 'M' 'M' 'M' 'M' 'M' 'M' 'M' 'M' 'M' 'M' 'M' 'M' 'U' 'M' 'U'
 'M' 'U' 'M' 'M' 'U' 'M' 'U' 'U' 'U' 'M' 'M' 'M' 'M' 'M' 'M' 'M' 'U' 'M'
 'M' 'U' 'M' 'M' 'M' 'M' 'M' 'M' 'M' 'M' 'U' 'M' 'U' 'M' 'M' 'U' 'M' 'M'
 'M' 'M' 'M' 'M' 'M' 'M' 'M' 'M' 'M' 'M' 'U' 'M' 'M' 'M' 'M' 'M' 'U' 'M'
 'M' 'M' 'U' 'M' 'M' 'M' 'M' 'M' 'M' 'M' 'M' 'M' 'M' 'U' 'U' 'M' 'U' 'M'
 'M' 'U' 'M' 'M' 'M' 'U' 'U' 'A' 'U' 'M' 'U' 'U' 'U' 'M' 'M' 'A' 'M' 'U'
 'M' 'M' 'M' 'M' 'M' 'M' 'M' 'A' 'M' 'M' 'U' 'M' 'U' 'U' 'M' 'U' 'M' 'M'
 'U' 'M' 'M' 'M' 'M' 'M' 'U' 'M' 'M' 'M' 'U' 'M' 'M' 'M' 'M' 'M' 'M' 'M'
 'M' 'M' 'M' 'M' 'U' 'U' 'U' 'U' 'M' 'U' 'M' 'M' 'M' 'M' 'M' 'U' 'M' 'M']"
244401,1,145,4,141,53,0,0,"['A' 'M' 'A' 'U' 'U' 'M' 'U' 'M' 'U' 'U' 'M' 'M' 'M' 'U' 'M' 'M' 'U' 'M'
 'M' 'M' 'U' 'M' 'M' 'U' 'M' 'M' 'M' 'M' 'M' 'M' 'M' 'M' 'U' 'U' 'M' 'U'
 'M' 'U' 'M' 'M' 'M' 'M' 'M' 'M' 'M' 'M' 'M' 'M' 'M' 'M' 'M' 'U' 'M' 'U'
 'M' 'U' 'M' 'M' 'M' 'M' 'M' 'U' 'U' 'M' 'M' 'M' 'M' 'M' 'M' 'M' 'U' 'M'
 'M' 'M' 'U' 'M' 'M' 'M' 'M' 'M' 'U' 'M' 'M' 'M' 'U' 'M' 'M' 'M' 'M' 'M'
 'M' 'M' 'M' 'U' 'M' 'M' 'M' 'M' 'M' 'M' 'U' 'M' 'M' 'M' 'M' 'M' 'U' 'M'
 'M' 'M' 'U' 'M' 'M' 'M' 'M' 'M' 'M' 'M' 'M' 'M' 'M' 'U' 'M' 'M' 'U' 'M'
 'M' 'U' 'M' 'M' 'M' 'U' 'U' 'A' 'U' 'U' 'U' 'U' 'U' 'M' 'M' 'A' 'M' 'U'
 'M' 'M' 'M' 'M' 'M' 'M' 'M' 'U' 'M' 'M' 'U' 'M' 'M' 'U' 'U' 'U' 'U' 'M'
 'U' 'M' 'U' 'M' 'M' 'M' 'U' 'M' 'U' 'M' 'U' 'M' 'M' 'M' 'M' 'M' 'M' 'M'
 'M' 'M' 'M' 'M' 'U' 'U' 'M' 'U' 'M' 'U' 'M' 'M' 'M' 'M' 'M' 'U' 'M' 'M']"
244501,1,152,4,148,46,0,0,"['A' 'M' 'A' 'U' 'M' 'M' 'U' 'M' 'M' 'U' 'M' 'M' 'M' 'M' 'M' 'M' 'U' 'M'
 'M' 'M' 'U' 'M' 'M' 'U' 'M' 'M' 'M' 'M' 'M' 'M' 'M' 'M' 'U' 'M' 'M' 'U'
 'M' 'U' 'M' 'M' 'M' 'M' 'M' 'M' 'M' 'M' 'M' 'M' 'M' 'M' 'M' 'U' 'M' 'U'
 'M' 'U' 'M' 'M' 'M' 'M' 'U' 'M' 'U' 'M' 'M' 'M' 'M' 'M' 'U' 'M' 'M' 'M'
 'M' 'M' 'M' 'M' 'M' 'U' 'M' 'M' 'M' 'M' 'U' 'M' 'M' 'M' 'M' 'M' 'M' 'M'
 'M' 'U' 'M' 'M' 'U' 'M' 'M' 'M' 'M' 'M' 'U' 'M' 'M' 'M' 'M' 'M' 'U' 'M'
 'M' 'M' 'U' 'M' 'M' 'M' 'M' 'M' 'M' 'M' 'M' 'M' 'M' 'U' 'M' 'M' 'U' 'M'
 'M' 'U' 'M' 'M' 'M' 'M' 'U' 'A' 'U' 'U' 'U' 'U' 'U' 'M' 'M' 'A' 'M' 'U'
 'M' 'M' 'M' 'M' 'M' 'M' 'M' 'U' 'M' 'M' 'U' 'M' 'M' 'U' 'M' 'U' 'M' 'M'
 'U' 'M' 'U' 'M' 'M' 'M' 'U' 'M' 'U' 'M' 'U' 'M' 'M' 'M' 'M' 'M' 'M' 'M'
 'M' 'U' 'M' 'M' 'M' 'U' 'M' 'U' 'M' 'M' 'M' 'M' 'M' 'M' 'M' 'U' 'U' 'M']"
244601,0,146,4,142,52,1,0,"['A' 'U' 'M' 'M' 'M' 'U' 'U' 'M' 'U' 'U' 'U' 'M' 'M' 'M' 'U' 'M' 'U' 'M'
 'M' 'M' 'U' 'M' 'M' 'U' 'M' 'M' 'M' 'M' 'M' 'M' 'M' 'M' 'U' 'M' 'M' 'U'
 'M' 'U' 'M' 'M' 'M' 'M' 'M' 'M' 'M' 'M' 'M' 'M' 'M' 'M' 'M' 'U' 'M' 'U'
 'M' 'M' 'M' 'M' 'M' 'U' 'U' 'M' 'U' 'M' 'U' 'M' 'U' 'M' 'U' 'U' 'M' 'M'
 'M' 'M' 'M' 'M' 'M' 'M' 'U' 'M' 'M' 'M' 'M' 'M' 'M' 'M' 'M' 'M' 'M' 'U'
 'M' 'M' 'M' 'M' 'M' 'M' 'M' 'M' 'M' 'M' 'M' 'M' 'M' 'M' 'M' 'M' 'U' 'M'
 'M' 'M' 'U' 'M' 'M' 'M' 'U' 'M' 'M' 'M' 'M' 'U' 'M' 'U' 'M' 'M' 'U' 'M'
 'M' 'U' 'M' 'M' 'M' 'M' 'U' 'A' 'U' 'U' 'U' 'U' 'U' 'M' 'M' 'A' 'M' 'M'
 'M' 'M' 'M' 'M' 'M' 'M' 'M' 'A' 'M' 'M' 'U' 'M' 'M' 'U' 'M' 'U' 'M' 'M'
 'U' 'M' 'U' 'M' 'M' 'M' 'U' 'M' 'U' 'M' 'U' 'M' 'M' 'M' 'M' 'M' 'M' 'M'
 'M' 'U' 'M' 'M' 'M' 'U' 'U' 'U' 'M' 'M' 'U' 'M' 'M' 'M' 'M' 'U' 'U' 'M']"
244701,0,151,5,146,47,0,0,"['A' 'U' 'M' 'M' 'M' 'U' 'U' 'M' 'U' 'U' 'U' 'M' 'M' 'M' 'U' 'M' 'M' 'U'
 'M' 'M' 'U' 'M' 'M' 'U' 'M' 'M' 'M' 'M' 'M' 'M' 'M' 'M' 'M' 'M' 'M' 'U'
 'M' 'U' 'M' 'M' 'M' 'U' 'M' 'M' 'M' 'M' 'M' 'M' 'M' 'M' 'M' 'U' 'M' 'U'
 'M' 'M' 'M' 'M' 'M' 'U' 'U' 'M' 'U' 'M' 'U' 'M' 'M' 'M' 'M' 'M' 'U' 'M'
 'U' 'M' 'M' 'M' 'M' 'M' 'M' 'M' 'M' 'U' 'M' 'U' 'M' 'M' 'M' 'M' 'M' 'M'
 'M' 'M' 'M' 'M' 'U' 'M' 'M' 'M' 'M' 'U' 'M' 'M' 'M' 'M' 'M' 'M' 'U' 'M'
 'U' 'M' 'M' 'M' 'M' 'M' 'U' 'M' 'M' 'M' 'M' 'A' 'M' 'M' 'M' 'M' 'M' 'M'
 'M' 'U' 'M' 'M' 'M' 'M' 'U' 'A' 'M' 'U' 'M' 'U' 'U' 'M' 'M' 'A' 'M' 'M'
 'M' 'M' 'M' 'M' 'M' 'M' 'M' 'A' 'M' 'M' 'U' 'M' 'M' 'U' 'M' 'U' 'U' 'M'
 'U' 'M' 'M' 'M' 'M' 'M' 'U' 'M' 'U' 'M' 'M' 'U' 'M' 'M' 'M' 'M' 'M' 'M'
 'M' 'U' 'M' 'M' 'M' 'U' 'U' 'M' 'U' 'M' 'M' 'M' 'M' 'M' 'M' 'U' 'U' 'M']"
244801,0,151,4,147,47,0,0,"['A' 'U' 'M' 'M' 'M' 'U' 'U' 'M' 'U' 'M' 'M' 'M' 'M' 'M' 'U' 'M' 'M' 'U'
 'M' 'M' 'U' 'M' 'M' 'U' 'M' 'U' 'M' 'M' 'M' 'U' 'M' 'M' 'M' 'M' 'M' 'M'
 'M' 'A' 'M' 'M' 'M' 'M' 'M' 'M' 'M' 'M' 'M' 'M' 'M' 'M' 'M' 'U' 'M' 'U'
 'M' 'M' 'M' 'M' 'M' 'U' 'U' 'M' 'M' 'M' 'U' 'M' 'M' 'M' 'M' 'M' 'U' 'M'
 'U' 'M' 'M' 'M' 'M' 'M' 'M' 'M' 'M' 'M' 'M' 'U' 'M' 'M' 'M' 'M' 'M' 'U'
 'U' 'M' 'M' 'M' 'M' 'M' 'M' 'M' 'M' 'U' 'M' 'M' 'M' 'M' 'M' 'M' 'U' 'U'
 'U' 'M' 'M' 'M' 'M' 'M' 'U' 'M' 'M' 'M' 'M' 'U' 'M' 'M' 'M' 'M' 'M' 'M'
 'M' 'M' 'U' 'M' 'M' 'M' 'U' 'U' 'A' 'U' 'M' 'U' 'U' 'M' 'M' 'U' 'M' 'M'
 'M' 'M' 'M' 'M' 'M' 'M' 'M' 'A' 'M' 'M' 'U' 'M' 'M' 'U' 'M' 'U' 'U' 'U'
 'U' 'M' 'U' 'M' 'M' 'M' 'U' 'M' 'U' 'M' 'M' 'U' 'M' 'M' 'M' 'M' 'M' 'M'
 'M' 'M' 'M' 'M' 'M' 'U' 'M' 'M' 'U' 'M' 'M' 'M' 'M' 'M' 'M' 'U' 'U' 'M']"
244901,0,160,7,153,38,0,0,"['A' 'U' 'A' 'M' 'M' 'U' 'U' 'M' 'A' 'M' 'M' 'M' 'M' 'M' 'A' 'M' 'M' 'U'
 'M' 'M' 'U' 'M' 'M' 'U' 'M' 'M' 'M' 'M' 'M' 'U' 'M' 'U' 'M' 'M' 'M' 'M'
 'M' 'A' 'M' 'M' 'M' 'M' 'M' 'M' 'M' 'M' 'M' 'M' 'M' 'M' 'M' 'U' 'M' 'M'
 'M' 'M' 'M' 'M' 'M' 'U' 'U' 'M' 'M' 'M' 'M' 'U' 'M' 'M' 'M' 'M' 'M' 'M'
 'U' 'M' 'M' 'M' 'M' 'M' 'M' 'M' 'M' 'M' 'M' 'M' 'U' 'M' 'M' 'M' 'U' 'M'
 'M' 'M' 'M' 'M' 'U' 'M' 'U' 'M' 'M' 'M' 'M' 'M' 'M' 'M' 'M' 'M' 'U' 'M'
 'U' 'M' 'M' 'M' 'M' 'M' 'U' 'M' 'M' 'M' 'M' 'U' 'U' 'M' 'M' 'M' 'M' 'M'
 'M' 'M' 'U' 'M' 'M' 'M' 'U' 'U' 'A' 'U' 'M' 'U' 'M' 'M' 'M' 'U' 'M' 'M'
 'M' 'M' 'M' 'M' 'M' 'M' 'M' 'A' 'M' 'M' 'M' 'M' 'M' 'U' 'M' 'M' 'U' 'U'
 'M' 'M' 'U' 'M' 'M' 'M' 'U' 'M' 'U' 'M' 'M' 'M' 'M' 'M' 'M' 'M' 'M' 'M'
 'M' 'M' 'M' 'M' 'M' 'U' 'U' 'M' 'U' 'M' 'M' 'M' 'M' 'M' 'M' 'U' 'M' 'M']"
245001,0,159,6,153,39,0,0,"['A' 'M' 'A' 'M' 'M' 'A' 'M' 'M' 'A' 'M' 'M' 'M' 'M' 'M' 'A' 'M' 'M' 'U'
 'M' 'M' 'M' 'M' 'M' 'U' 'M' 'M' 'M' 'M' 'M' 'U' 'M' 'U' 'M' 'M' 'M' 'U'
 'M' 'U' 'M' 'M' 'M' 'M' 'M' 'M' 'M' 'M' 'M' 'M' 'M' 'M' 'M' 'U' 'M' 'M'
 'M' 'M' 'M' 'M' 'M' 'U' 'U' 'U' 'M' 'U' 'M' 'M' 'M' 'U' 'M' 'M' 'M' 'M'
 'M' 'M' 'M' 'U' 'M' 'M' 'M' 'M' 'M' 'M' 'M' 'M' 'U' 'M' 'M' 'U' 'M' 'U'
 'M' 'M' 'M' 'M' 'M' 'M' 'U' 'M' 'M' 'M' 'M' 'M' 'M' 'M' 'M' 'M' 'U' 'M'
 'U' 'M' 'M' 'M' 'M' 'M' 'U' 'M' 'M' 'M' 'M' 'U' 'M' 'M' 'M' 'M' 'M' 'M'
 'M' 'M' 'U' 'M' 'M' 'M' 'U' 'M' 'U' 'U' 'U' 'U' 'U' 'M' 'M' 'U' 'M' 'M'
 'M' 'M' 'M' 'M' 'M' 'M' 'M' 'A' 'M' 'M' 'M' 'U' 'M' 'U' 'M' 'M' 'M' 'M'
 'U' 'M' 'U' 'M' 'M' 'M' 'U' 'M' 'M' 'M' 'M' 'U' 'M' 'U' 'M' 'M' 'M' 'M'
 'M' 'M' 'M' 'M' 'M' 'U' 'U' 'U' 'M' 'M' 'M' 'M' 'M' 'M' 'M' 'M' 'M' 'M']"
245101,0,159,5,154,39,0,0,"['A' 'M' 'A' 'M' 'M' 'U' 'M' 'M' 'A' 'M' 'M' 'M' 'M' 'M' 'U' 'M' 'U' 'U'
 'M' 'M' 'M' 'M' 'M' 'U' 'M' 'M' 'M' 'M' 'M' 'M' 'M' 'U' 'M' 'M' 'M' 'U'
 'M' 'U' 'M' 'M' 'U' 'M' 'M' 'M' 'M' 'M' 'M' 'M' 'M' 'U' 'M' 'U' 'M' 'M'
 'M' 'M' 'M' 'M' 'U' 'M' 'U' 'U' 'M' 'A' 'M' 'M' 'U' 'M' 'M' 'M' 'M' 'M'
 'M' 'M' 'M' 'U' 'M' 'U' 'M' 'M' 'M' 'M' 'M' 'M' 'M' 'M' 'U' 'U' 'M' 'M'
 'M' 'M' 'M' 'M' 'M' 'U' 'U' 'M' 'M' 'M' 'M' 'M' 'M' 'M' 'M' 'M' 'M' 'M'
 'U' 'M' 'M' 'M' 'M' 'M' 'U' 'M' 'M' 'M' 'M' 'U' 'M' 'M' 'M' 'M' 'M' 'M'
 'M' 'M' 'U' 'M' 'U' 'M' 'U' 'M' 'M' 'M' 'U' 'U' 'U' 'M' 'M' 'U' 'M' 'M'
 'M' 'M' 'M' 'M' 'M' 'M' 'M' 'A' 'M' 'U' 'M' 'M' 'M' 'U' 'M' 'M' 'M' 'M'
 'M' 'M' 'U' 'M' 'M' 'M' 'U' 'M' 'M' 'M' 'M' 'U' 'M' 'M' 'M' 'M' 'M' 'M'
 'M' 'M' 'M' 'M' 'U' 'U' 'M' 'U' 'M' 'M' 'M' 'M' 'M' 'M' 'M' 'M' 'M' 'M']"
245201,0,158,5,153,40,0,0,"['A' 'M' 'A' 'M' 'M' 'U' 'M' 'M' 'A' 'M' 'M' 'M' 'M' 'M' 'M' 'M' 'U' 'U'
 'M' 'M' 'M' 'M' 'M' 'U' 'M' 'M' 'U' 'M' 'M' 'M' 'M' 'U' 'M' 'M' 'M' 'U'
 'M' 'U' 'M' 'M' 'U' 'M' 'M' 'M' 'M' 'M' 'M' 'M' 'M' 'U' 'M' 'U' 'M' 'M'
 'M' 'M' 'M' 'M' 'U' 'M' 'U' 'M' 'M' 'A' 'M' 'M' 'M' 'M' 'M' 'M' 'M' 'M'
 'M' 'M' 'M' 'U' 'M' 'M' 'M' 'U' 'U' 'M' 'U' 'M' 'M' 'U' 'M' 'M' 'M' 'M'
 'M' 'M' 'M' 'M' 'M' 'U' 'U' 'M' 'M' 'M' 'M' 'M' 'M' 'M' 'M' 'M' 'M' 'M'
 'U' 'M' 'M' 'M' 'M' 'M' 'U' 'M' 'M' 'U' 'M' 'U' 'M' 'M' 'M' 'M' 'M' 'M'
 'M' 'M' 'M' 'M' 'U' 'M' 'U' 'U' 'M' 'M' 'U' 'U' 'U' 'M' 'M' 'U' 'M' 'M'
 'M' 'M' 'M' 'M' 'M' 'M' 'M' 'A' 'M' 'U' 'M' 'M' 'M' 'U' 'M' 'U' 'M' 'M'
 'M' 'M' 'U' 'M' 'M' 'M' 'U' 'M' 'M' 'M' 'M' 'U' 'M' 'M' 'M' 'M' 'M' 'M'
 'M' 'M' 'M' 'M' 'U' 'M' 'U' 'U' 'M' 'M' 'M' 'M' 'M' 'M' 'M' 'M' 'M' 'M']"
245301,0,166,6,160,32,0,0,"['A' 'M' 'A' 'M' 'M' 'U' 'M' 'M' 'A' 'M' 'M' 'M' 'M' 'M' 'M' 'M' 'M' 'U'
 'M' 'U' 'M' 'M' 'M' 'M' 'M' 'M' 'U' 'M' 'M' 'M' 'M' 'M' 'M' 'M' 'M' 'U'
 'M' 'U' 'M' 'M' 'U' 'M' 'M' 'M' 'M' 'M' 'M' 'M' 'M' 'U' 'M' 'M' 'M' 'M'
 'M' 'M' 'M' 'M' 'U' 'M' 'M' 'M' 'M' 'A' 'M' 'U' 'M' 'M' 'M' 'U' 'M' 'U'
 'M' 'M' 'U' 'M' 'M' 'U' 'M' 'M' 'M' 'M' 'M' 'M' 'M' 'M' 'M' 'M' 'M' 'M'
 'M' 'M' 'M' 'M' 'M' 'M' 'M' 'M' 'M' 'M' 'M' 'M' 'M' 'M' 'M' 'M' 'M' 'M'
 'U' 'M' 'M' 'M' 'M' 'M' 'U' 'M' 'U' 'U' 'M' 'U' 'M' 'M' 'M' 'M' 'U' 'M'
 'M' 'M' 'M' 'M' 'U' 'M' 'U' 'U' 'M' 'M' 'U' 'U' 'U' 'M' 'M' 'U' 'M' 'M'
 'M' 'M' 'M' 'M' 'M' 'M' 'M' 'A' 'M' 'M' 'M' 'M' 'M' 'M' 'M' 'A' 'M' 'M'
 'M' 'M' 'M' 'M' 'M' 'M' 'U' 'M' 'M' 'M' 'M' 'M' 'M' 'M' 'M' 'M' 'M' 'M'
 'M' 'M' 'M' 'U' 'U' 'M' 'U' 'U' 'M' 'M' 'M' 'M' 'M' 'M' 'M' 'M' 'M' 'M']"
245401,0,158,6,152,40,0,0,"['A' 'M' 'A' 'M' 'M' 'U' 'M' 'M' 'U' 'M' 'M' 'M' 'M' 'M' 'M' 'M' 'M' 'U'
 'M' 'U' 'M' 'M' 'M' 'M' 'M' 'M' 'U' 'M' 'M' 'M' 'M' 'M' 'M' 'M' 'M' 'M'
 'M' 'U' 'M' 'M' 'U' 'U' 'M' 'M' 'M' 'M' 'U' 'M' 'M' 'U' 'U' 'M' 'M' 'U'
 'M' 'U' 'M' 'M' 'U' 'M' 'M' 'M' 'M' 'A' 'U' 'M' 'U' 'M' 'U' 'M' 'M' 'M'
 'M' 'M' 'U' 'M' 'M' 'M' 'M' 'M' 'M' 'M' 'U' 'M' 'M' 'M' 'U' 'M' 'M' 'M'
 'M' 'M' 'M' 'M' 'M' 'M' 'M' 'M' 'M' 'M' 'M' 'M' 'U' 'M' 'M' 'M' 'M' 'M'
 'A' 'M' 'M' 'M' 'U' 'M' 'M' 'M' 'U' 'U' 'M' 'U' 'M' 'M' 'M' 'M' 'U' 'M'
 'M' 'M' 'M' 'M' 'U' 'U' 'M' 'U' 'U' 'U' 'U' 'M' 'U' 'M' 'M' 'U' 'U' 'M'
 'M' 'M' 'M' 'M' 'M' 'M' 'M' 'A' 'M' 'M' 'M' 'M' 'M' 'M' 'M' 'A' 'M' 'M'
 'M' 'M' 'M' 'M' 'M' 'M' 'U' 'M' 'M' 'M' 'U' 'M' 'M' 'M' 'M' 'M' 'M' 'M'
 'M' 'M' 'M' 'M' 'U' 'M' 'U' 'U' 'M' 'M' 'M' 'M' 'M' 'M' 'M' 'M' 'M' 'M']"
245501,1,159,5,154,39,0,0,"['A' 'M' 'A' 'M' 'M' 'U' 'M' 'M' 'U' 'M' 'M' 'M' 'M' 'M' 'M' 'M' 'M' 'M'
 'M' 'U' 'M' 'M' 'M' 'M' 'M' 'M' 'U' 'M' 'M' 'M' 'M' 'M' 'M' 'U' 'U' 'M'
 'M' 'U' 'M' 'M' 'M' 'M' 'M' 'M' 'M' 'M' 'U' 'M' 'U' 'U' 'U' 'U' 'M' 'U'
 'M' 'U' 'M' 'M' 'U' 'M' 'M' 'M' 'M' 'M' 'M' 'M' 'M' 'M' 'M' 'M' 'M' 'M'
 'M' 'U' 'M' 'M' 'U' 'M' 'M' 'U' 'M' 'M' 'M' 'M' 'M' 'M' 'U' 'M' 'U' 'M'
 'M' 'M' 'M' 'M' 'M' 'M' 'M' 'M' 'M' 'M' 'M' 'M' 'U' 'M' 'M' 'M' 'M' 'M'
 'A' 'M' 'M' 'M' 'U' 'M' 'M' 'M' 'U' 'M' 'M' 'U' 'M' 'M' 'M' 'M' 'U' 'M'
 'M' 'M' 'M' 'M' 'U' 'M' 'U' 'U' 'A' 'U' 'U' 'M' 'U' 'M' 'M' 'U' 'M' 'M'
 'M' 'M' 'M' 'M' 'M' 'M' 'M' 'A' 'M' 'M' 'M' 'M' 'M' 'M' 'M' 'U' 'M' 'M'
 'M' 'M' 'M' 'M' 'M' 'M' 'U' 'M' 'M' 'M' 'U' 'M' 'M' 'M' 'U' 'M' 'M' 'M'
 'M' 'M' 'U' 'M' 'M' 'M' 'U' 'U' 'M' 'M' 'M' 'M' 'M' 'M' 'M' 'M' 'M' 'M']"
245601,0,159,5,154,39,0,0,"['A' 'M' 'A' 'M' 'M' 'U' 'M' 'U' 'U' 'M' 'U' 'M' 'M' 'M' 'M' 'M' 'M' 'M'
 'M' 'U' 'M' 'M' 'M' 'M' 'M' 'M' 'M' 'M' 'M' 'M' 'M' 'M' 'M' 'U' 'U' 'M'
 'U' 'U' 'M' 'M' 'M' 'M' 'M' 'M' 'M' 'M' 'U' 'U' 'U' 'U' 'U' 'U' 'M' 'U'
 'M' 'U' 'M' 'M' 'U' 'M' 'M' 'M' 'M' 'M' 'M' 'M' 'M' 'U' 'M' 'M' 'U' 'M'
 'M' 'M' 'M' 'M' 'U' 'M' 'M' 'M' 'M' 'M' 'M' 'M' 'M' 'U' 'U' 'M' 'M' 'M'
 'M' 'M' 'M' 'M' 'M' 'M' 'M' 'M' 'M' 'M' 'M' 'M' 'U' 'M' 'M' 'M' 'M' 'M'
 'A' 'M' 'M' 'M' 'U' 'M' 'M' 'M' 'U' 'M' 'M' 'U' 'M' 'M' 'M' 'M' 'U' 'M'
 'M' 'M' 'M' 'M' 'M' 'M' 'U' 'U' 'A' 'U' 'U' 'U' 'M' 'M' 'M' 'U' 'M' 'M'
 'U' 'M' 'M' 'M' 'M' 'M' 'M' 'A' 'M' 'M' 'M' 'M' 'M' 'M' 'M' 'U' 'M' 'M'
 'M' 'M' 'M' 'M' 'M' 'M' 'U' 'M' 'M' 'M' 'M' 'M' 'M' 'M' 'M' 'M' 'M' 'M'
 'M' 'M' 'U' 'M' 'M' 'M' 'M' 'U' 'M' 'M' 'M' 'M' 'M' 'M' 'M' 'M' 'M' 'M']"
245701,0,164,5,159,34,0,0,"['A' 'M' 'A' 'M' 'M' 'M' 'U' 'M' 'U' 'M' 'M' 'M' 'M' 'M' 'M' 'M' 'M' 'M'
 'M' 'U' 'M' 'M' 'M' 'M' 'M' 'M' 'U' 'M' 'M' 'M' 'M' 'M' 'M' 'M' 'U' 'M'
 'U' 'U' 'M' 'M' 'M' 'M' 'M' 'M' 'U' 'M' 'M' 'U' 'M' 'U' 'U' 'M' 'M' 'M'
 'M' 'M' 'M' 'M' 'M' 'M' 'M' 'M' 'U' 'M' 'M' 'M' 'M' 'M' 'U' 'M' 'M' 'M'
 'M' 'U' 'M' 'M' 'M' 'M' 'M' 'M' 'M' 'M' 'M' 'M' 'U' 'M' 'M' 'M' 'U' 'M'
 'M' 'M' 'M' 'M' 'U' 'M' 'M' 'M' 'M' 'M' 'M' 'M' 'U' 'M' 'M' 'M' 'M' 'M'
 'A' 'M' 'U' 'M' 'U' 'M' 'M' 'M' 'U' 'M' 'U' 'U' 'M' 'M' 'M' 'M' 'U' 'M'
 'U' 'M' 'M' 'M' 'M' 'M' 'M' 'M' 'A' 'U' 'M' 'U' 'U' 'M' 'M' 'M' 'M' 'M'
 'A' 'M' 'M' 'M' 'M' 'M' 'M' 'U' 'M' 'M' 'U' 'M' 'M' 'M' 'M' 'U' 'M' 'M'
 'M' 'M' 'M' 'M' 'U' 'M' 'U' 'M' 'M' 'M' 'M' 'M' 'M' 'M' 'M' 'M' 'M' 'M'
 'M' 'M' 'M' 'M' 'M' 'M' 'M' 'U' 'M' 'M' 'M' 'M' 'M' 'M' 'M' 'M' 'M' 'M']"
245801,0,165,6,159,33,0,0,"['A' 'M' 'A' 'M' 'M' 'M' 'M' 'M' 'M' 'M' 'M' 'M' 'M' 'M' 'M' 'M' 'M' 'M'
 'M' 'U' 'U' 'M' 'M' 'M' 'M' 'M' 'U' 'M' 'M' 'M' 'M' 'M' 'M' 'M' 'M' 'M'
 'U' 'U' 'M' 'M' 'U' 'M' 'M' 'M' 'U' 'U' 'M' 'U' 'M' 'U' 'M' 'M' 'M' 'M'
 'M' 'M' 'U' 'M' 'M' 'M' 'M' 'M' 'U' 'M' 'M' 'M' 'U' 'M' 'M' 'M' 'M' 'M'
 'M' 'M' 'M' 'U' 'M' 'U' 'M' 'M' 'M' 'U' 'M' 'M' 'M' 'M' 'M' 'M' 'M' 'M'
 'M' 'M' 'M' 'U' 'M' 'M' 'M' 'M' 'M' 'M' 'M' 'M' 'U' 'M' 'M' 'M' 'M' 'M'
 'A' 'M' 'U' 'M' 'U' 'M' 'M' 'U' 'M' 'M' 'U' 'U' 'M' 'M' 'M' 'M' 'U' 'M'
 'M' 'M' 'M' 'M' 'M' 'M' 'M' 'M' 'A' 'U' 'M' 'U' 'U' 'M' 'M' 'M' 'M' 'M'
 'A' 'M' 'M' 'M' 'M' 'M' 'M' 'U' 'M' 'M' 'U' 'M' 'M' 'M' 'M' 'M' 'M' 'M'
 'M' 'M' 'M' 'M' 'A' 'M' 'U' 'M' 'M' 'M' 'M' 'M' 'M' 'M' 'U' 'M' 'M' 'M'
 'M' 'M' 'U' 'M' 'M' 'M' 'M' 'U' 'M' 'M' 'M' 'M' 'M' 'M' 'M' 'M' 'M' 'M']"
245901,0,168,5,163,30,0,0,"['A' 'M' 'A' 'M' 'U' 'U' 'M' 'M' 'M' 'M' 'M' 'M' 'M' 'M' 'M' 'M' 'M' 'M'
 'M' 'M' 'U' 'M' 'M' 'M' 'M' 'U' 'U' 'M' 'M' 'M' 'U' 'M' 'M' 'M' 'M' 'M'
 'A' 'M' 'M' 'M' 'U' 'M' 'M' 'U' 'M' 'M' 'M' 'U' 'M' 'M' 'M' 'M' 'M' 'M'
 'M' 'M' 'M' 'M' 'M' 'M' 'M' 'M' 'M' 'M' 'M' 'M' 'M' 'M' 'M' 'M' 'M' 'M'
 'M' 'M' 'M' 'M' 'U' 'U' 'M' 'M' 'M' 'M' 'M' 'M' 'M' 'U' 'M' 'M' 'M' 'M'
 'M' 'M' 'U' 'M' 'U' 'M' 'U' 'M' 'M' 'M' 'M' 'M' 'U' 'M' 'M' 'M' 'M' 'M'
 'A' 'M' 'U' 'M' 'U' 'M' 'M' 'U' 'M' 'M' 'U' 'U' 'M' 'M' 'M' 'M' 'U' 'M'
 'M' 'M' 'M' 'M' 'M' 'M' 'M' 'M' 'M' 'U' 'M' 'M' 'U' 'M' 'M' 'M' 'M' 'M'
 'U' 'M' 'M' 'M' 'M' 'M' 'M' 'U' 'M' 'M' 'U' 'M' 'M' 'M' 'M' 'M' 'M' 'M'
 'M' 'M' 'M' 'M' 'A' 'M' 'U' 'M' 'M' 'M' 'M' 'M' 'M' 'M' 'U' 'M' 'M' 'M'
 'M' 'M' 'M' 'M' 'M' 'M' 'M' 'M' 'M' 'M' 'M' 'M' 'M' 'M' 'M' 'M' 'U' 'M']"
246001,0,168,6,162,30,0,0,"['A' 'M' 'U' 'M' 'M' 'U' 'U' 'M' 'M' 'M' 'M' 'M' 'M' 'M' 'M' 'M' 'M' 'M'
 'M' 'M' 'M' 'M' 'M' 'M' 'M' 'U' 'A' 'M' 'M' 'M' 'M' 'M' 'U' 'M' 'M' 'M'
 'A' 'M' 'M' 'M' 'U' 'M' 'M' 'U' 'M' 'M' 'M' 'U' 'M' 'M' 'M' 'M' 'M' 'M'
 'M' 'M' 'M' 'M' 'M' 'A' 'M' 'M' 'M' 'M' 'M' 'U' 'M' 'M' 'M' 'M' 'U' 'M'
 'U' 'U' 'M' 'M' 'M' 'M' 'M' 'M' 'M' 'M' 'M' 'M' 'U' 'M' 'M' 'M' 'M' 'M'
 'M' 'M' 'M' 'M' 'M' 'M' 'U' 'U' 'M' 'M' 'M' 'M' 'U' 'M' 'M' 'M' 'M' 'M'
 'A' 'M' 'U' 'M' 'U' 'M' 'M' 'M' 'M' 'M' 'U' 'U' 'M' 'M' 'M' 'M' 'U' 'U'
 'U' 'M' 'M' 'U' 'M' 'M' 'M' 'M' 'M' 'U' 'M' 'M' 'U' 'M' 'M' 'M' 'M' 'M'
 'U' 'M' 'M' 'M' 'M' 'M' 'M' 'M' 'M' 'M' 'U' 'M' 'M' 'M' 'M' 'M' 'M' 'M'
 'M' 'M' 'M' 'M' 'A' 'M' 'U' 'M' 'M' 'M' 'M' 'M' 'M' 'M' 'U' 'M' 'M' 'M'
 'M' 'M' 'M' 'M' 'M' 'M' 'M' 'M' 'M' 'M' 'M' 'M' 'M' 'M' 'M' 'M' 'M' 'M']"
246101,0,167,5,162,31,0,0,"['A' 'M' 'U' 'M' 'M' 'M' 'U' 'M' 'M' 'M' 'M' 'M' 'M' 'M' 'M' 'M' 'M' 'M'
 'M' 'M' 'M' 'M' 'M' 'M' 'M' 'M' 'M' 'M' 'M' 'M' 'M' 'M' 'U' 'M' 'U' 'M'
 'U' 'U' 'M' 'M' 'A' 'M' 'M' 'U' 'M' 'U' 'M' 'U' 'M' 'M' 'U' 'M' 'M' 'U'
 'M' 'M' 'M' 'M' 'M' 'A' 'M' 'M' 'M' 'M' 'M' 'M' 'M' 'M' 'M' 'M' 'M' 'M'
 'M' 'U' 'M' 'M' 'M' 'M' 'M' 'M' 'M' 'M' 'M' 'M' 'M' 'U' 'M' 'M' 'M' 'U'
 'M' 'U' 'M' 'M' 'U' 'M' 'U' 'U' 'M' 'M' 'M' 'M' 'M' 'M' 'U' 'M' 'M' 'M'
 'A' 'M' 'M' 'M' 'U' 'M' 'M' 'M' 'M' 'M' 'U' 'U' 'M' 'U' 'M' 'M' 'U' 'M'
 'U' 'M' 'M' 'U' 'M' 'M' 'M' 'M' 'M' 'M' 'M' 'M' 'U' 'M' 'M' 'M' 'M' 'M'
 'U' 'M' 'M' 'M' 'M' 'M' 'M' 'M' 'M' 'M' 'U' 'M' 'M' 'M' 'M' 'M' 'M' 'M'
 'M' 'U' 'M' 'M' 'A' 'M' 'M' 'M' 'M' 'M' 'M' 'M' 'M' 'M' 'U' 'M' 'M' 'M'
 'M' 'M' 'M' 'M' 'M' 'M' 'M' 'M' 'M' 'M' 'M' 'M' 'M' 'M' 'M' 'M' 'M' 'M']"
246201,0,167,6,161,31,0,0,"['A' 'M' 'M' 'M' 'M' 'M' 'U' 'M' 'M' 'M' 'M' 'M' 'M' 'M' 'M' 'M' 'M' 'M'
 'M' 'M' 'M' 'U' 'M' 'M' 'M' 'M' 'M' 'M' 'M' 'M' 'M' 'M' 'U' 'M' 'U' 'M'
 'U' 'U' 'M' 'M' 'A' 'M' 'M' 'M' 'M' 'U' 'M' 'M' 'M' 'M' 'U' 'M' 'M' 'U'
 'M' 'M' 'U' 'M' 'M' 'A' 'M' 'M' 'M' 'M' 'M' 'M' 'M' 'M' 'M' 'M' 'M' 'M'
 'M' 'U' 'M' 'M' 'M' 'U' 'M' 'M' 'M' 'M' 'U' 'M' 'U' 'M' 'M' 'U' 'M' 'M'
 'M' 'M' 'M' 'M' 'M' 'M' 'U' 'M' 'M' 'M' 'M' 'M' 'M' 'U' 'U' 'M' 'M' 'M'
 'A' 'M' 'M' 'M' 'U' 'M' 'M' 'M' 'M' 'M' 'U' 'M' 'M' 'M' 'M' 'M' 'M' 'M'
 'U' 'A' 'M' 'U' 'M' 'M' 'M' 'M' 'M' 'M' 'M' 'M' 'U' 'M' 'M' 'M' 'M' 'U'
 'M' 'M' 'M' 'M' 'M' 'M' 'M' 'M' 'M' 'M' 'U' 'M' 'M' 'M' 'M' 'M' 'M' 'M'
 'M' 'U' 'U' 'M' 'A' 'M' 'M' 'M' 'M' 'U' 'M' 'M' 'M' 'M' 'M' 'M' 'M' 'M'
 'M' 'M' 'U' 'M' 'U' 'M' 'M' 'M' 'M' 'U' 'M' 'M' 'M' 'M' 'M' 'M' 'M' 'M']"
246301,1,162,6,156,36,0,0,"['A' 'M' 'M' 'M' 'M' 'M' 'U' 'M' 'M' 'M' 'M' 'M' 'M' 'M' 'M' 'M' 'M' 'M'
 'M' 'U' 'M' 'U' 'M' 'M' 'M' 'M' 'M' 'M' 'M' 'M' 'M' 'M' 'U' 'M' 'U' 'M'
 'U' 'M' 'M' 'M' 'A' 'M' 'M' 'M' 'M' 'U' 'M' 'M' 'M' 'M' 'U' 'M' 'M' 'U'
 'M' 'M' 'M' 'M' 'M' 'A' 'M' 'M' 'M' 'M' 'M' 'M' 'M' 'M' 'M' 'U' 'M' 'U'
 'M' 'M' 'M' 'M' 'M' 'U' 'U' 'M' 'M' 'M' 'M' 'M' 'M' 'M' 'M' 'M' 'M' 'M'
 'U' 'M' 'M' 'M' 'M' 'M' 'M' 'M' 'M' 'M' 'M' 'M' 'M' 'U' 'U' 'M' 'M' 'M'
 'A' 'M' 'M' 'M' 'U' 'M' 'M' 'M' 'M' 'M' 'U' 'M' 'M' 'M' 'M' 'M' 'M' 'M'
 'U' 'A' 'M' 'U' 'M' 'M' 'U' 'U' 'U' 'U' 'U' 'M' 'M' 'M' 'U' 'M' 'M' 'M'
 'M' 'M' 'M' 'M' 'M' 'M' 'M' 'M' 'M' 'U' 'U' 'M' 'M' 'M' 'M' 'M' 'M' 'M'
 'M' 'U' 'A' 'U' 'U' 'M' 'M' 'M' 'M' 'U' 'M' 'U' 'U' 'M' 'M' 'M' 'M' 'M'
 'M' 'M' 'U' 'M' 'U' 'M' 'M' 'M' 'M' 'M' 'M' 'M' 'M' 'M' 'M' 'M' 'M' 'M']"
246401,0,151,4,147,47,0,0,"['A' 'M' 'M' 'M' 'M' 'M' 'U' 'M' 'M' 'M' 'U' 'M' 'U' 'M' 'M' 'M' 'M' 'M'
 'U' 'U' 'M' 'U' 'M' 'M' 'M' 'M' 'M' 'M' 'M' 'M' 'M' 'M' 'M' 'M' 'U' 'U'
 'U' 'M' 'M' 'M' 'A' 'M' 'M' 'M' 'M' 'U' 'M' 'M' 'M' 'M' 'U' 'M' 'M' 'U'
 'M' 'M' 'M' 'M' 'M' 'U' 'M' 'M' 'M' 'M' 'M' 'M' 'M' 'M' 'M' 'M' 'U' 'M'
 'M' 'U' 'M' 'U' 'M' 'M' 'M' 'M' 'M' 'M' 'M' 'U' 'M' 'M' 'M' 'M' 'U' 'M'
 'M' 'M' 'M' 'M' 'M' 'M' 'M' 'M' 'M' 'M' 'U' 'M' 'M' 'U' 'U' 'M' 'M' 'M'
 'A' 'M' 'M' 'M' 'U' 'M' 'M' 'M' 'M' 'U' 'U' 'M' 'M' 'M' 'M' 'M' 'M' 'M'
 'U' 'U' 'U' 'U' 'M' 'U' 'U' 'U' 'U' 'U' 'U' 'U' 'U' 'M' 'U' 'M' 'M' 'M'
 'M' 'M' 'M' 'M' 'M' 'M' 'M' 'M' 'U' 'U' 'U' 'M' 'M' 'M' 'M' 'M' 'M' 'M'
 'M' 'U' 'A' 'U' 'U' 'M' 'M' 'M' 'M' 'U' 'M' 'M' 'M' 'M' 'M' 'M' 'M' 'M'
 'M' 'U' 'U' 'M' 'U' 'M' 'M' 'M' 'M' 'M' 'M' 'M' 'M' 'M' 'M' 'M' 'M' 'M']"
246501,0,154,2,152,44,0,0,"['A' 'M' 'M' 'M' 'M' 'M' 'U' 'M' 'M' 'M' 'M' 'M' 'U' 'M' 'M' 'M' 'M' 'M'
 'U' 'U' 'M' 'U' 'M' 'M' 'M' 'U' 'M' 'M' 'M' 'M' 'M' 'M' 'M' 'M' 'M' 'M'
 'M' 'M' 'M' 'M' 'U' 'M' 'M' 'M' 'M' 'U' 'M' 'M' 'M' 'M' 'M' 'M' 'M' 'U'
 'M' 'M' 'M' 'M' 'M' 'U' 'M' 'U' 'M' 'M' 'M' 'M' 'M' 'M' 'M' 'M' 'M' 'M'
 'M' 'M' 'U' 'M' 'M' 'M' 'M' 'M' 'U' 'M' 'M' 'M' 'M' 'U' 'U' 'M' 'M' 'M'
 'M' 'M' 'M' 'U' 'M' 'M' 'M' 'M' 'M' 'M' 'U' 'M' 'M' 'U' 'U' 'M' 'M' 'M'
 'A' 'U' 'M' 'M' 'U' 'M' 'M' 'M' 'M' 'U' 'U' 'M' 'M' 'M' 'M' 'U' 'M' 'M'
 'U' 'U' 'U' 'M' 'M' 'U' 'M' 'U' 'U' 'U' 'U' 'U' 'U' 'M' 'U' 'M' 'M' 'M'
 'M' 'M' 'M' 'M' 'M' 'M' 'M' 'U' 'U' 'U' 'U' 'M' 'M' 'M' 'M' 'M' 'M' 'M'
 'M' 'U' 'U' 'M' 'M' 'M' 'M' 'M' 'M' 'M' 'M' 'M' 'M' 'M' 'M' 'M' 'M' 'M'
 'M' 'U' 'U' 'M' 'M' 'M' 'M' 'M' 'M' 'M' 'M' 'U' 'M' 'M' 'M' 'M' 'M' 'M']"
246601,0,156,3,153,42,0,1,"['A' 'M' 'M' 'M' 'M' 'M' 'U' 'M' 'M' 'M' 'M' 'U' 'U' 'M' 'M' 'M' 'M' 'M'
 'U' 'U' 'M' 'M' 'M' 'M' 'M' 'U' 'M' 'U' 'M' 'M' 'M' 'M' 'M' 'M' 'M' 'M'
 'M' 'M' 'M' 'M' 'M' 'M' 'M' 'M' 'M' 'U' 'M' 'M' 'M' 'M' 'U' 'M' 'M' 'U'
 'M' 'M' 'M' 'M' 'M' 'M' 'M' 'U' 'M' 'M' 'M' 'M' 'M' 'M' 'M' 'U' 'M' 'M'
 'M' 'M' 'M' 'M' 'M' 'U' 'U' 'M' 'M' 'M' 'M' 'M' 'U' 'M' 'M' 'U' 'M' 'M'
 'M' 'M' 'M' 'M' 'M' 'M' 'M' 'M' 'M' 'U' 'M' 'M' 'M' 'U' 'U' 'M' 'M' 'M'
 'A' 'U' 'M' 'M' 'M' 'M' 'U' 'M' 'M' 'U' 'U' 'M' 'M' 'M' 'M' 'U' 'M' 'M'
 'U' 'U' 'U' 'M' 'M' 'U' 'M' 'U' 'A' 'U' 'U' 'U' 'U' 'M' 'M' 'M' 'M' 'M'
 'U' 'M' 'M' 'M' 'M' 'M' 'M' 'U' 'U' 'M' 'U' 'M' 'M' 'M' 'M' 'M' 'M' 'M'
 'M' 'U' 'U' 'M' 'M' 'M' 'M' 'M' 'M' 'M' 'M' 'M' 'M' 'M' 'M' 'M' 'M' 'M'
 'M' 'U' 'U' 'M' 'M' 'M' 'M' 'M' 'M' 'M' 'M' 'U' 'M' 'M' 'M' 'M' 'M' 'M']"
246701,0,158,3,155,40,0,0,"['A' 'M' 'M' 'M' 'M' 'M' 'U' 'M' 'M' 'M' 'M' 'U' 'U' 'M' 'M' 'M' 'M' 'M'
 'M' 'U' 'M' 'M' 'M' 'M' 'M' 'U' 'M' 'U' 'M' 'M' 'M' 'M' 'M' 'M' 'U' 'M'
 'U' 'M' 'M' 'M' 'U' 'M' 'M' 'M' 'M' 'U' 'M' 'M' 'M' 'M' 'M' 'M' 'M' 'U'
 'M' 'M' 'M' 'M' 'M' 'M' 'M' 'U' 'M' 'M' 'M' 'M' 'M' 'U' 'M' 'U' 'M' 'M'
 'M' 'M' 'U' 'M' 'M' 'M' 'M' 'M' 'M' 'M' 'U' 'M' 'M' 'M' 'M' 'M' 'M' 'M'
 'M' 'M' 'M' 'M' 'U' 'M' 'M' 'M' 'M' 'U' 'M' 'M' 'M' 'U' 'M' 'M' 'M' 'A'
 'A' 'U' 'M' 'M' 'M' 'M' 'U' 'M' 'M' 'U' 'U' 'M' 'M' 'M' 'M' 'U' 'M' 'M'
 'U' 'U' 'U' 'M' 'M' 'U' 'M' 'U' 'U' 'U' 'U' 'U' 'U' 'M' 'M' 'M' 'M' 'M'
 'U' 'M' 'M' 'M' 'M' 'M' 'M' 'U' 'M' 'M' 'U' 'M' 'M' 'M' 'M' 'M' 'M' 'M'
 'M' 'M' 'M' 'M' 'M' 'M' 'M' 'M' 'M' 'M' 'U' 'M' 'M' 'M' 'M' 'M' 'M' 'M'
 'M' 'M' 'U' 'M' 'M' 'M' 'M' 'M' 'M' 'M' 'M' 'U' 'M' 'M' 'M' 'M' 'M' 'M']"
246801,1,160,2,158,38,0,0,"['A' 'M' 'M' 'M' 'M' 'M' 'M' 'M' 'M' 'M' 'M' 'U' 'U' 'M' 'M' 'M' 'M' 'M'
 'M' 'M' 'M' 'M' 'M' 'M' 'M' 'U' 'M' 'U' 'M' 'M' 'M' 'M' 'M' 'M' 'U' 'M'
 'U' 'M' 'M' 'M' 'U' 'M' 'M' 'M' 'M' 'U' 'M' 'M' 'M' 'M' 'M' 'M' 'M' 'M'
 'M' 'M' 'M' 'M' 'M' 'M' 'M' 'M' 'M' 'M' 'M' 'U' 'M' 'M' 'U' 'M' 'M' 'U'
 'M' 'M' 'M' 'M' 'M' 'M' 'M' 'M' 'M' 'U' 'M' 'M' 'M' 'U' 'M' 'M' 'M' 'M'
 'M' 'M' 'M' 'M' 'M' 'M' 'M' 'M' 'M' 'U' 'M' 'M' 'M' 'U' 'M' 'M' 'M' 'A'
 'U' 'U' 'M' 'M' 'M' 'M' 'U' 'M' 'M' 'M' 'M' 'M' 'M' 'M' 'M' 'M' 'M' 'M'
 'M' 'U' 'U' 'M' 'M' 'U' 'U' 'U' 'U' 'U' 'U' 'U' 'U' 'M' 'M' 'M' 'M' 'M'
 'U' 'M' 'M' 'M' 'M' 'M' 'M' 'U' 'M' 'U' 'U' 'M' 'M' 'M' 'M' 'M' 'M' 'M'
 'M' 'M' 'U' 'M' 'M' 'M' 'M' 'M' 'M' 'U' 'M' 'M' 'M' 'M' 'M' 'M' 'M' 'M'
 'M' 'M' 'U' 'U' 'M' 'M' 'M' 'U' 'M' 'M' 'M' 'M' 'M' 'M' 'M' 'U' 'M' 'M']"
246901,0,155,2,153,43,0,0,"['A' 'U' 'M' 'M' 'M' 'M' 'M' 'M' 'M' 'M' 'M' 'U' 'U' 'M' 'U' 'M' 'M' 'M'
 'M' 'M' 'M' 'M' 'M' 'M' 'U' 'U' 'M' 'U' 'M' 'M' 'M' 'M' 'M' 'M' 'M' 'M'
 'U' 'M' 'M' 'M' 'U' 'M' 'M' 'M' 'M' 'U' 'U' 'M' 'M' 'M' 'M' 'M' 'M' 'M'
 'M' 'M' 'M' 'M' 'M' 'M' 'M' 'M' 'M' 'M' 'M' 'M' 'M' 'U' 'M' 'U' 'U' 'M'
 'M' 'M' 'U' 'M' 'M' 'M' 'M' 'M' 'M' 'M' 'M' 'U' 'M' 'M' 'M' 'M' 'M' 'M'
 'M' 'M' 'M' 'M' 'M' 'M' 'M' 'M' 'M' 'M' 'M' 'M' 'M' 'M' 'M' 'M' 'U' 'A'
 'U' 'U' 'M' 'M' 'M' 'M' 'U' 'M' 'M' 'M' 'M' 'M' 'M' 'M' 'M' 'M' 'M' 'M'
 'M' 'U' 'M' 'M' 'M' 'U' 'U' 'M' 'U' 'U' 'U' 'U' 'U' 'M' 'M' 'U' 'M' 'M'
 'U' 'M' 'M' 'U' 'M' 'M' 'M' 'U' 'M' 'U' 'U' 'M' 'M' 'U' 'M' 'M' 'M' 'M'
 'M' 'M' 'M' 'M' 'M' 'M' 'M' 'M' 'M' 'M' 'M' 'M' 'M' 'M' 'U' 'M' 'M' 'M'
 'M' 'U' 'U' 'U' 'U' 'M' 'M' 'U' 'M' 'M' 'M' 'M' 'M' 'M' 'M' 'U' 'M' 'U']"
247001,0,158,4,154,40,0,0,"['A' 'U' 'M' 'M' 'M' 'M' 'M' 'M' 'M' 'M' 'M' 'U' 'A' 'M' 'U' 'M' 'M' 'M'
 'M' 'M' 'U' 'M' 'M' 'M' 'M' 'U' 'M' 'M' 'M' 'M' 'M' 'M' 'M' 'M' 'M' 'M'
 'U' 'M' 'M' 'U' 'A' 'M' 'M' 'M' 'M' 'A' 'U' 'M' 'M' 'M' 'M' 'M' 'M' 'M'
 'M' 'M' 'M' 'M' 'M' 'M' 'M' 'M' 'M' 'M' 'M' 'M' 'M' 'M' 'M' 'M' 'M' 'M'
 'M' 'M' 'U' 'M' 'M' 'U' 'M' 'U' 'M' 'U' 'M' 'M' 'M' 'M' 'M' 'M' 'M' 'M'
 'M' 'U' 'M' 'M' 'M' 'M' 'M' 'M' 'M' 'M' 'M' 'M' 'M' 'M' 'M' 'M' 'U' 'U'
 'U' 'U' 'M' 'M' 'M' 'M' 'U' 'M' 'M' 'M' 'M' 'M' 'M' 'M' 'U' 'M' 'M' 'M'
 'M' 'U' 'M' 'M' 'M' 'U' 'U' 'M' 'U' 'M' 'U' 'U' 'U' 'U' 'M' 'U' 'U' 'M'
 'U' 'U' 'M' 'U' 'M' 'M' 'M' 'M' 'M' 'M' 'U' 'M' 'M' 'U' 'M' 'M' 'M' 'M'
 'M' 'M' 'M' 'M' 'U' 'M' 'M' 'M' 'M' 'M' 'M' 'M' 'M' 'M' 'U' 'M' 'M' 'M'
 'M' 'M' 'M' 'U' 'U' 'M' 'M' 'M' 'U' 'M' 'M' 'M' 'M' 'M' 'M' 'U' 'M' 'M']"
247101,0,159,5,154,39,0,0,"['A' 'U' 'M' 'M' 'M' 'U' 'M' 'M' 'M' 'M' 'M' 'U' 'A' 'M' 'U' 'M' 'M' 'M'
 'M' 'M' 'U' 'M' 'M' 'M' 'M' 'U' 'M' 'M' 'M' 'M' 'M' 'M' 'M' 'M' 'M' 'M'
 'U' 'M' 'M' 'U' 'M' 'M' 'M' 'M' 'M' 'A' 'U' 'M' 'M' 'M' 'M' 'M' 'M' 'M'
 'M' 'M' 'U' 'M' 'M' 'M' 'M' 'M' 'M' 'M' 'M' 'M' 'M' 'U' 'M' 'M' 'U' 'M'
 'M' 'M' 'U' 'M' 'M' 'M' 'M' 'M' 'M' 'M' 'M' 'M' 'M' 'M' 'M' 'M' 'M' 'M'
 'M' 'U' 'M' 'U' 'M' 'M' 'M' 'M' 'M' 'M' 'M' 'M' 'M' 'M' 'M' 'M' 'U' 'U'
 'U' 'U' 'M' 'M' 'M' 'M' 'U' 'M' 'M' 'M' 'M' 'M' 'M' 'M' 'U' 'U' 'M' 'M'
 'M' 'U' 'M' 'M' 'M' 'A' 'A' 'M' 'U' 'M' 'M' 'U' 'U' 'M' 'U' 'U' 'U' 'M'
 'U' 'U' 'M' 'M' 'M' 'M' 'M' 'M' 'M' 'M' 'U' 'M' 'M' 'M' 'U' 'M' 'M' 'M'
 'M' 'M' 'U' 'M' 'U' 'M' 'M' 'M' 'M' 'M' 'M' 'M' 'M' 'M' 'U' 'M' 'M' 'M'
 'M' 'M' 'M' 'U' 'U' 'M' 'M' 'M' 'U' 'M' 'M' 'M' 'M' 'M' 'M' 'M' 'M' 'M']"
247201,0,162,6,156,36,0,0,"['A' 'M' 'M' 'M' 'M' 'M' 'M' 'M' 'M' 'M' 'M' 'M' 'A' 'M' 'U' 'M' 'M' 'M'
 'M' 'M' 'M' 'M' 'M' 'M' 'M' 'M' 'M' 'M' 'U' 'M' 'M' 'M' 'M' 'M' 'M' 'M'
 'U' 'M' 'M' 'U' 'M' 'M' 'M' 'M' 'M' 'A' 'U' 'M' 'M' 'M' 'M' 'M' 'M' 'M'
 'M' 'M' 'U' 'M' 'M' 'M' 'M' 'M' 'M' 'M' 'M' 'M' 'M' 'M' 'M' 'M' 'M' 'U'
 'M' 'M' 'U' 'M' 'U' 'M' 'M' 'M' 'M' 'M' 'M' 'M' 'M' 'U' 'M' 'U' 'M' 'M'
 'M' 'M' 'M' 'M' 'M' 'M' 'M' 'M' 'M' 'M' 'M' 'M' 'M' 'M' 'M' 'M' 'M' 'U'
 'U' 'U' 'M' 'M' 'M' 'M' 'U' 'M' 'M' 'M' 'M' 'M' 'M' 'M' 'U' 'U' 'M' 'M'
 'M' 'U' 'M' 'M' 'M' 'A' 'A' 'U' 'U' 'U' 'U' 'U' 'U' 'M' 'U' 'M' 'M' 'M'
 'U' 'U' 'U' 'M' 'M' 'M' 'M' 'M' 'M' 'M' 'A' 'M' 'M' 'M' 'M' 'M' 'M' 'M'
 'M' 'M' 'U' 'M' 'U' 'M' 'M' 'U' 'M' 'M' 'M' 'M' 'U' 'M' 'U' 'M' 'U' 'M'
 'M' 'M' 'M' 'U' 'M' 'M' 'M' 'M' 'U' 'M' 'M' 'M' 'M' 'M' 'M' 'M' 'M' 'M']"
247301,1,160,5,155,38,0,0,"['A' 'M' 'M' 'M' 'M' 'U' 'M' 'M' 'M' 'M' 'M' 'M' 'M' 'M' 'U' 'M' 'M' 'M'
 'U' 'M' 'M' 'U' 'M' 'M' 'M' 'M' 'M' 'M' 'U' 'M' 'M' 'M' 'M' 'M' 'M' 'M'
 'M' 'M' 'M' 'U' 'M' 'M' 'M' 'M' 'M' 'A' 'M' 'U' 'M' 'M' 'M' 'M' 'M' 'M'
 'M' 'M' 'U' 'M' 'M' 'M' 'U' 'M' 'M' 'M' 'M' 'M' 'M' 'M' 'M' 'M' 'M' 'M'
 'M' 'M' 'U' 'M' 'M' 'M' 'M' 'M' 'M' 'M' 'M' 'U' 'M' 'M' 'M' 'M' 'M' 'U'
 'M' 'U' 'M' 'U' 'M' 'M' 'M' 'U' 'M' 'M' 'M' 'M' 'M' 'M' 'M' 'M' 'M' 'U'
 'U' 'U' 'M' 'U' 'M' 'M' 'U' 'M' 'M' 'M' 'M' 'M' 'M' 'M' 'M' 'U' 'M' 'M'
 'M' 'M' 'M' 'M' 'M' 'A' 'A' 'U' 'U' 'U' 'U' 'U' 'U' 'M' 'U' 'M' 'M' 'M'
 'U' 'M' 'U' 'M' 'M' 'M' 'M' 'M' 'M' 'M' 'A' 'M' 'M' 'M' 'M' 'M' 'M' 'M'
 'M' 'M' 'U' 'M' 'U' 'M' 'M' 'U' 'M' 'M' 'M' 'M' 'U' 'M' 'U' 'M' 'U' 'M'
 'M' 'M' 'M' 'U' 'M' 'U' 'M' 'M' 'M' 'M' 'M' 'M' 'M' 'M' 'M' 'M' 'M' 'M']"
247401,0,156,5,151,42,0,0,"['A' 'M' 'M' 'M' 'M' 'U' 'M' 'M' 'M' 'U' 'M' 'M' 'M' 'M' 'U' 'M' 'M' 'M'
 'U' 'M' 'M' 'M' 'U' 'M' 'M' 'M' 'M' 'M' 'M' 'M' 'M' 'M' 'M' 'M' 'M' 'M'
 'M' 'M' 'M' 'U' 'M' 'M' 'M' 'M' 'M' 'A' 'M' 'M' 'M' 'M' 'U' 'M' 'M' 'M'
 'M' 'U' 'U' 'M' 'M' 'U' 'U' 'M' 'M' 'M' 'U' 'M' 'M' 'M' 'M' 'M' 'M' 'M'
 'M' 'M' 'U' 'M' 'M' 'U' 'U' 'M' 'M' 'M' 'M' 'M' 'M' 'U' 'U' 'M' 'M' 'M'
 'M' 'M' 'M' 'M' 'M' 'M' 'M' 'U' 'M' 'M' 'M' 'M' 'M' 'M' 'M' 'M' 'M' 'U'
 'U' 'U' 'M' 'U' 'M' 'M' 'U' 'M' 'M' 'M' 'M' 'U' 'M' 'M' 'M' 'U' 'U' 'M'
 'M' 'M' 'M' 'M' 'M' 'A' 'A' 'U' 'U' 'U' 'U' 'U' 'U' 'M' 'U' 'M' 'M' 'M'
 'M' 'M' 'U' 'M' 'M' 'M' 'M' 'M' 'M' 'U' 'A' 'M' 'M' 'M' 'M' 'M' 'M' 'M'
 'M' 'M' 'M' 'M' 'U' 'M' 'M' 'U' 'M' 'M' 'U' 'M' 'U' 'M' 'U' 'M' 'M' 'M'
 'M' 'M' 'M' 'U' 'M' 'U' 'M' 'M' 'M' 'M' 'M' 'M' 'M' 'M' 'M' 'M' 'M' 'M']"
247501,0,158,4,154,40,0,0,"['A' 'M' 'M' 'M' 'M' 'U' 'M' 'M' 'M' 'U' 'M' 'M' 'M' 'M' 'M' 'M' 'M' 'M'
 'U' 'M' 'M' 'M' 'M' 'M' 'M' 'M' 'M' 'M' 'M' 'M' 'M' 'M' 'M' 'M' 'M' 'M'
 'M' 'M' 'M' 'U' 'M' 'M' 'M' 'M' 'M' 'A' 'M' 'M' 'M' 'M' 'U' 'M' 'M' 'M'
 'M' 'U' 'M' 'U' 'M' 'U' 'U' 'M' 'M' 'M' 'U' 'M' 'M' 'M' 'M' 'M' 'U' 'M'
 'M' 'U' 'M' 'M' 'M' 'M' 'M' 'U' 'M' 'M' 'M' 'U' 'M' 'M' 'M' 'M' 'M' 'M'
 'M' 'M' 'U' 'M' 'M' 'M' 'M' 'U' 'M' 'M' 'M' 'U' 'M' 'M' 'M' 'M' 'M' 'U'
 'U' 'U' 'M' 'U' 'M' 'M' 'U' 'M' 'U' 'M' 'M' 'U' 'M' 'M' 'M' 'U' 'U' 'M'
 'M' 'M' 'M' 'M' 'M' 'U' 'A' 'U' 'U' 'U' 'U' 'M' 'U' 'M' 'U' 'M' 'M' 'M'
 'M' 'M' 'M' 'M' 'M' 'M' 'M' 'M' 'M' 'U' 'A' 'M' 'M' 'M' 'U' 'M' 'M' 'M'
 'M' 'M' 'M' 'M' 'M' 'M' 'M' 'U' 'M' 'M' 'U' 'M' 'U' 'M' 'U' 'M' 'M' 'M'
 'M' 'M' 'M' 'U' 'M' 'M' 'M' 'M' 'M' 'M' 'M' 'M' 'M' 'M' 'M' 'M' 'M' 'M']"
247601,0,158,6,152,40,0,0,"['A' 'M' 'M' 'M' 'M' 'U' 'M' 'M' 'M' 'U' 'M' 'U' 'M' 'M' 'M' 'M' 'M' 'M'
 'U' 'M' 'M' 'M' 'M' 'U' 'M' 'M' 'M' 'M' 'M' 'M' 'M' 'M' 'M' 'M' 'M' 'U'
 'M' 'M' 'M' 'U' 'M' 'M' 'M' 'M' 'M' 'A' 'M' 'M' 'M' 'M' 'A' 'M' 'M' 'M'
 'M' 'U' 'M' 'M' 'M' 'U' 'M' 'M' 'M' 'M' 'U' 'U' 'M' 'M' 'U' 'M' 'M' 'M'
 'M' 'M' 'M' 'M' 'M' 'M' 'M' 'M' 'M' 'U' 'M' 'M' 'U' 'M' 'M' 'U' 'M' 'M'
 'M' 'M' 'M' 'M' 'M' 'M' 'M' 'A' 'M' 'M' 'M' 'U' 'M' 'M' 'M' 'M' 'M' 'U'
 'U' 'U' 'M' 'U' 'M' 'M' 'U' 'M' 'U' 'M' 'U' 'M' 'M' 'M' 'M' 'U' 'U' 'M'
 'M' 'M' 'M' 'M' 'M' 'U' 'A' 'U' 'U' 'M' 'U' 'U' 'M' 'M' 'M' 'M' 'M' 'M'
 'M' 'M' 'M' 'M' 'M' 'M' 'M' 'M' 'M' 'U' 'A' 'M' 'M' 'M' 'M' 'M' 'M' 'M'
 'M' 'M' 'U' 'M' 'U' 'M' 'M' 'U' 'M' 'M' 'U' 'M' 'U' 'U' 'U' 'M' 'M' 'M'
 'M' 'M' 'M' 'U' 'M' 'M' 'M' 'M' 'M' 'U' 'M' 'M' 'M' 'M' 'M' 'M' 'M' 'M']"
247701,0,160,3,157,38,0,0,"['A' 'M' 'M' 'M' 'M' 'U' 'M' 'M' 'M' 'M' 'M' 'U' 'M' 'M' 'M' 'M' 'M' 'M'
 'U' 'M' 'M' 'M' 'M' 'U' 'M' 'M' 'M' 'M' 'M' 'M' 'M' 'M' 'M' 'M' 'M' 'U'
 'M' 'M' 'M' 'U' 'M' 'M' 'M' 'M' 'M' 'U' 'M' 'M' 'M' 'M' 'A' 'M' 'M' 'M'
 'M' 'U' 'M' 'M' 'M' 'U' 'M' 'M' 'M' 'M' 'M' 'M' 'M' 'M' 'M' 'U' 'M' 'M'
 'M' 'M' 'M' 'M' 'M' 'M' 'M' 'U' 'M' 'M' 'M' 'U' 'M' 'U' 'M' 'M' 'M' 'M'
 'M' 'M' 'U' 'M' 'M' 'M' 'M' 'U' 'M' 'M' 'M' 'U' 'M' 'M' 'M' 'M' 'M' 'M'
 'M' 'U' 'U' 'U' 'M' 'M' 'U' 'M' 'U' 'M' 'M' 'M' 'M' 'M' 'M' 'U' 'U' 'M'
 'M' 'M' 'M' 'M' 'M' 'U' 'A' 'U' 'U' 'M' 'U' 'U' 'M' 'M' 'M' 'M' 'M' 'M'
 'M' 'M' 'M' 'M' 'M' 'M' 'M' 'M' 'M' 'M' 'U' 'M' 'M' 'M' 'M' 'M' 'M' 'M'
 'M' 'M' 'U' 'M' 'U' 'M' 'M' 'U' 'M' 'M' 'U' 'M' 'U' 'U' 'M' 'M' 'M' 'M'
 'M' 'M' 'M' 'U' 'M' 'M' 'M' 'M' 'M' 'U' 'M' 'M' 'M' 'M' 'M' 'M' 'M' 'U']"
247801,0,162,3,159,36,0,0,"['A' 'M' 'M' 'M' 'M' 'A' 'M' 'M' 'M' 'M' 'M' 'M' 'M' 'M' 'M' 'M' 'M' 'M'
 'U' 'M' 'M' 'M' 'M' 'U' 'M' 'M' 'U' 'M' 'M' 'M' 'M' 'M' 'M' 'M' 'M' 'U'
 'M' 'M' 'M' 'U' 'M' 'M' 'M' 'M' 'M' 'U' 'M' 'M' 'U' 'M' 'A' 'M' 'M' 'M'
 'M' 'M' 'M' 'M' 'M' 'M' 'M' 'M' 'M' 'M' 'M' 'M' 'M' 'M' 'M' 'M' 'M' 'M'
 'M' 'U' 'M' 'U' 'M' 'M' 'M' 'M' 'U' 'M' 'M' 'M' 'M' 'M' 'M' 'M' 'U' 'M'
 'U' 'M' 'M' 'M' 'M' 'M' 'M' 'U' 'M' 'M' 'M' 'U' 'M' 'M' 'M' 'M' 'M' 'M'
 'M' 'U' 'U' 'U' 'M' 'M' 'U' 'M' 'U' 'M' 'M' 'M' 'M' 'M' 'U' 'U' 'U' 'M'
 'M' 'M' 'M' 'M' 'M' 'U' 'M' 'U' 'M' 'M' 'U' 'U' 'M' 'M' 'M' 'M' 'M' 'M'
 'M' 'M' 'M' 'M' 'M' 'M' 'M' 'M' 'M' 'M' 'U' 'M' 'M' 'M' 'M' 'M' 'M' 'M'
 'M' 'M' 'U' 'M' 'U' 'U' 'U' 'U' 'M' 'M' 'M' 'M' 'U' 'U' 'M' 'M' 'M' 'M'
 'M' 'M' 'M' 'M' 'M' 'M' 'M' 'M' 'M' 'U' 'M' 'M' 'M' 'M' 'M' 'M' 'M' 'U']"
247901,0,163,3,160,35,0,0,"['A' 'M' 'M' 'M' 'M' 'A' 'M' 'M' 'M' 'M' 'M' 'M' 'M' 'M' 'M' 'M' 'M' 'M'
 'M' 'M' 'M' 'M' 'M' 'M' 'M' 'M' 'U' 'M' 'M' 'M' 'M' 'M' 'M' 'M' 'M' 'U'
 'M' 'M' 'M' 'U' 'M' 'M' 'M' 'M' 'M' 'U' 'M' 'M' 'U' 'M' 'A' 'M' 'M' 'M'
 'M' 'M' 'M' 'M' 'M' 'M' 'M' 'M' 'U' 'M' 'M' 'M' 'U' 'M' 'U' 'M' 'M' 'M'
 'M' 'M' 'M' 'U' 'M' 'U' 'M' 'M' 'M' 'M' 'M' 'M' 'M' 'U' 'M' 'M' 'M' 'M'
 'M' 'M' 'M' 'M' 'M' 'M' 'M' 'U' 'U' 'M' 'M' 'U' 'M' 'M' 'M' 'M' 'M' 'M'
 'M' 'U' 'U' 'U' 'M' 'M' 'U' 'M' 'U' 'M' 'M' 'M' 'M' 'M' 'M' 'U' 'M' 'U'
 'M' 'M' 'M' 'U' 'M' 'M' 'M' 'M' 'M' 'M' 'U' 'M' 'M' 'M' 'M' 'U' 'M' 'M'
 'M' 'M' 'M' 'M' 'M' 'M' 'M' 'M' 'M' 'M' 'U' 'M' 'M' 'M' 'M' 'M' 'M' 'M'
 'M' 'M' 'U' 'M' 'U' 'U' 'U' 'U' 'M' 'M' 'M' 'M' 'U' 'U' 'M' 'M' 'M' 'M'
 'M' 'M' 'M' 'M' 'M' 'M' 'M' 'M' 'M' 'U' 'M' 'M' 'M' 'U' 'M' 'M' 'M' 'U']"
248001,0,167,3,164,31,0,0,"['A' 'M' 'M' 'U' 'M' 'A' 'M' 'M' 'M' 'M' 'M' 'M' 'M' 'M' 'M' 'M' 'M' 'M'
 'M' 'M' 'M' 'M' 'M' 'M' 'M' 'M' 'M' 'M' 'M' 'M' 'M' 'M' 'M' 'M' 'M' 'M'
 'M' 'M' 'M' 'U' 'M' 'M' 'M' 'M' 'M' 'U' 'M' 'M' 'U' 'M' 'A' 'M' 'M' 'M'
 'M' 'M' 'M' 'M' 'M' 'M' 'M' 'M' 'U' 'M' 'M' 'U' 'M' 'M' 'U' 'M' 'U' 'M'
 'M' 'M' 'M' 'M' 'M' 'M' 'M' 'U' 'M' 'M' 'M' 'M' 'M' 'M' 'M' 'M' 'M' 'M'
 'U' 'M' 'M' 'M' 'M' 'M' 'M' 'U' 'U' 'M' 'M' 'U' 'M' 'M' 'U' 'M' 'M' 'M'
 'M' 'U' 'U' 'U' 'M' 'M' 'M' 'M' 'U' 'M' 'M' 'M' 'M' 'M' 'M' 'U' 'M' 'U'
 'M' 'M' 'M' 'U' 'M' 'M' 'M' 'M' 'M' 'M' 'M' 'M' 'M' 'M' 'M' 'U' 'U' 'M'
 'M' 'M' 'M' 'M' 'M' 'M' 'M' 'M' 'M' 'M' 'U' 'M' 'M' 'M' 'M' 'M' 'M' 'M'
 'M' 'M' 'U' 'M' 'M' 'U' 'M' 'M' 'M' 'M' 'M' 'M' 'U' 'U' 'M' 'M' 'M' 'M'
 'M' 'M' 'M' 'M' 'M' 'M' 'M' 'M' 'M' 'U' 'M' 'M' 'M' 'U' 'M' 'M' 'M' 'U']"
248101,0,175,4,171,23,0,0,"['A' 'M' 'M' 'U' 'M' 'A' 'M' 'M' 'U' 'M' 'M' 'M' 'M' 'M' 'M' 'M' 'M' 'M'
 'M' 'M' 'M' 'M' 'M' 'M' 'M' 'M' 'M' 'M' 'M' 'U' 'M' 'M' 'M' 'M' 'M' 'M'
 'M' 'M' 'M' 'M' 'M' 'M' 'M' 'M' 'M' 'U' 'M' 'M' 'U' 'M' 'A' 'M' 'M' 'M'
 'M' 'M' 'M' 'M' 'M' 'M' 'M' 'M' 'M' 'M' 'M' 'M' 'U' 'M' 'M' 'M' 'M' 'M'
 'M' 'M' 'U' 'M' 'M' 'M' 'M' 'M' 'M' 'M' 'U' 'M' 'M' 'M' 'U' 'M' 'M' 'U'
 'M' 'M' 'M' 'M' 'M' 'M' 'M' 'U' 'M' 'M' 'M' 'U' 'M' 'M' 'M' 'M' 'M' 'M'
 'M' 'M' 'U' 'A' 'M' 'M' 'M' 'M' 'U' 'M' 'M' 'M' 'M' 'M' 'M' 'U' 'M' 'M'
 'M' 'M' 'M' 'M' 'M' 'M' 'M' 'M' 'M' 'M' 'M' 'M' 'M' 'M' 'M' 'M' 'U' 'M'
 'M' 'M' 'M' 'M' 'M' 'M' 'M' 'M' 'M' 'U' 'U' 'M' 'M' 'M' 'M' 'M' 'M' 'M'
 'M' 'M' 'U' 'M' 'M' 'M' 'M' 'M' 'M' 'M' 'M' 'M' 'M' 'U' 'M' 'M' 'M' 'M'
 'M' 'M' 'M' 'M' 'M' 'M' 'M' 'M' 'M' 'U' 'M' 'M' 'M' 'U' 'M' 'M' 'M' 'U']"
248201,0,173,4,169,25,0,0,"['A' 'M' 'M' 'U' 'M' 'A' 'M' 'M' 'U' 'M' 'M' 'M' 'M' 'M' 'M' 'M' 'M' 'M'
 'M' 'M' 'M' 'M' 'M' 'M' 'M' 'M' 'U' 'M' 'M' 'U' 'U' 'M' 'M' 'M' 'M' 'M'
 'M' 'M' 'M' 'M' 'M' 'M' 'M' 'M' 'M' 'A' 'M' 'M' 'M' 'M' 'A' 'M' 'M' 'M'
 'M' 'M' 'M' 'M' 'M' 'M' 'M' 'M' 'M' 'M' 'M' 'M' 'U' 'M' 'M' 'M' 'M' 'U'
 'M' 'M' 'M' 'M' 'M' 'M' 'M' 'M' 'M' 'U' 'M' 'U' 'M' 'M' 'M' 'M' 'M' 'M'
 'U' 'M' 'M' 'M' 'M' 'M' 'M' 'U' 'M' 'M' 'M' 'M' 'M' 'M' 'M' 'M' 'M' 'M'
 'M' 'M' 'U' 'U' 'M' 'M' 'M' 'M' 'U' 'M' 'M' 'U' 'M' 'M' 'M' 'U' 'M' 'M'
 'M' 'M' 'M' 'M' 'M' 'M' 'M' 'M' 'M' 'M' 'M' 'M' 'M' 'M' 'M' 'M' 'U' 'M'
 'U' 'M' 'M' 'M' 'M' 'M' 'M' 'M' 'U' 'U' 'U' 'M' 'M' 'M' 'M' 'M' 'M' 'M'
 'M' 'M' 'U' 'M' 'M' 'M' 'M' 'M' 'M' 'M' 'M' 'M' 'M' 'M' 'M' 'M' 'M' 'M'
 'M' 'M' 'M' 'M' 'M' 'M' 'M' 'M' 'M' 'U' 'M' 'M' 'M' 'U' 'M' 'M' 'M' 'U']"
248301,0,161,3,158,37,0,0,"['A' 'M' 'M' 'U' 'M' 'A' 'M' 'M' 'U' 'M' 'M' 'M' 'M' 'M' 'M' 'M' 'M' 'M'
 'U' 'M' 'U' 'M' 'M' 'M' 'M' 'U' 'U' 'U' 'M' 'U' 'U' 'M' 'M' 'M' 'M' 'M'
 'M' 'M' 'U' 'M' 'M' 'M' 'M' 'M' 'U' 'U' 'U' 'M' 'M' 'M' 'A' 'M' 'M' 'M'
 'M' 'M' 'M' 'M' 'M' 'M' 'M' 'M' 'M' 'M' 'M' 'M' 'M' 'M' 'M' 'M' 'M' 'M'
 'U' 'M' 'U' 'M' 'M' 'M' 'M' 'M' 'M' 'U' 'M' 'M' 'M' 'M' 'M' 'M' 'M' 'M'
 'M' 'M' 'M' 'U' 'U' 'M' 'M' 'U' 'M' 'U' 'M' 'M' 'M' 'M' 'M' 'M' 'M' 'U'
 'M' 'M' 'U' 'M' 'M' 'M' 'M' 'M' 'U' 'M' 'M' 'U' 'M' 'M' 'M' 'M' 'M' 'M'
 'U' 'U' 'M' 'M' 'M' 'M' 'M' 'M' 'M' 'M' 'M' 'M' 'M' 'M' 'M' 'M' 'U' 'M'
 'U' 'M' 'M' 'M' 'M' 'U' 'M' 'M' 'U' 'U' 'M' 'M' 'M' 'M' 'M' 'M' 'M' 'U'
 'M' 'M' 'M' 'M' 'M' 'M' 'M' 'M' 'M' 'U' 'M' 'M' 'M' 'M' 'M' 'M' 'U' 'M'
 'M' 'M' 'M' 'M' 'M' 'M' 'M' 'M' 'M' 'U' 'M' 'M' 'M' 'U' 'M' 'M' 'M' 'U']"
248401,0,154,3,151,44,0,0,"['A' 'U' 'M' 'M' 'M' 'A' 'M' 'M' 'M' 'M' 'M' 'M' 'M' 'M' 'M' 'M' 'M' 'M'
 'U' 'M' 'U' 'M' 'M' 'M' 'U' 'M' 'U' 'U' 'M' 'U' 'U' 'M' 'M' 'M' 'M' 'M'
 'M' 'U' 'U' 'M' 'M' 'M' 'M' 'M' 'U' 'U' 'U' 'M' 'U' 'M' 'A' 'M' 'M' 'M'
 'M' 'U' 'M' 'M' 'M' 'M' 'M' 'M' 'M' 'M' 'M' 'M' 'M' 'M' 'M' 'M' 'M' 'M'
 'M' 'M' 'M' 'M' 'M' 'M' 'M' 'M' 'U' 'M' 'U' 'M' 'M' 'M' 'M' 'M' 'M' 'M'
 'U' 'U' 'M' 'U' 'M' 'U' 'U' 'U' 'M' 'M' 'M' 'M' 'M' 'M' 'M' 'M' 'M' 'U'
 'M' 'M' 'U' 'U' 'M' 'M' 'M' 'M' 'M' 'U' 'M' 'U' 'M' 'U' 'M' 'M' 'M' 'M'
 'U' 'U' 'M' 'M' 'M' 'M' 'M' 'M' 'M' 'M' 'M' 'M' 'M' 'M' 'M' 'M' 'U' 'M'
 'M' 'M' 'U' 'M' 'M' 'U' 'M' 'M' 'U' 'U' 'M' 'M' 'M' 'M' 'M' 'U' 'M' 'M'
 'M' 'M' 'U' 'M' 'M' 'M' 'M' 'M' 'M' 'U' 'M' 'M' 'M' 'M' 'M' 'U' 'U' 'M'
 'M' 'M' 'M' 'M' 'M' 'M' 'M' 'M' 'M' 'U' 'M' 'M' 'M' 'U' 'M' 'M' 'M' 'U']"
248501,0,159,3,156,39,0,0,"['A' 'M' 'M' 'M' 'M' 'A' 'M' 'M' 'M' 'M' 'M' 'M' 'M' 'M' 'M' 'M' 'M' 'M'
 'U' 'M' 'U' 'M' 'M' 'M' 'M' 'M' 'U' 'U' 'M' 'U' 'U' 'M' 'M' 'M' 'M' 'M'
 'M' 'M' 'M' 'M' 'M' 'M' 'M' 'U' 'U' 'U' 'M' 'M' 'A' 'U' 'M' 'M' 'M' 'M'
 'M' 'M' 'M' 'M' 'M' 'M' 'M' 'M' 'M' 'M' 'M' 'U' 'M' 'M' 'M' 'M' 'M' 'M'
 'U' 'M' 'M' 'U' 'U' 'M' 'M' 'M' 'M' 'M' 'M' 'M' 'M' 'M' 'M' 'M' 'M' 'M'
 'M' 'M' 'U' 'M' 'M' 'M' 'U' 'M' 'M' 'M' 'M' 'M' 'M' 'M' 'M' 'M' 'M' 'U'
 'M' 'M' 'U' 'U' 'M' 'U' 'M' 'M' 'M' 'M' 'M' 'U' 'U' 'U' 'M' 'M' 'M' 'M'
 'M' 'U' 'M' 'M' 'M' 'M' 'M' 'M' 'M' 'M' 'M' 'M' 'U' 'M' 'M' 'M' 'U' 'M'
 'M' 'M' 'U' 'M' 'M' 'U' 'M' 'M' 'U' 'U' 'M' 'M' 'M' 'U' 'M' 'U' 'M' 'M'
 'M' 'M' 'U' 'M' 'M' 'M' 'M' 'M' 'M' 'U' 'U' 'M' 'M' 'M' 'M' 'U' 'M' 'M'
 'M' 'M' 'M' 'M' 'M' 'M' 'M' 'M' 'M' 'U' 'M' 'M' 'M' 'U' 'M' 'M' 'M' 'U']"
248601,0,158,5,153,40,0,0,"['A' 'M' 'M' 'M' 'M' 'A' 'M' 'M' 'M' 'M' 'M' 'M' 'M' 'M' 'M' 'M' 'U' 'M'
 'U' 'U' 'U' 'M' 'M' 'M' 'M' 'M' 'U' 'U' 'M' 'M' 'U' 'M' 'M' 'M' 'M' 'M'
 'U' 'M' 'M' 'M' 'M' 'M' 'M' 'M' 'M' 'U' 'M' 'M' 'A' 'U' 'M' 'M' 'M' 'M'
 'M' 'M' 'M' 'M' 'M' 'M' 'U' 'M' 'M' 'M' 'M' 'U' 'M' 'M' 'M' 'M' 'M' 'M'
 'M' 'U' 'M' 'M' 'M' 'M' 'M' 'M' 'M' 'M' 'M' 'M' 'U' 'M' 'M' 'U' 'M' 'M'
 'M' 'M' 'M' 'U' 'M' 'M' 'U' 'M' 'M' 'M' 'M' 'M' 'M' 'M' 'M' 'M' 'M' 'U'
 'M' 'M' 'A' 'M' 'M' 'U' 'M' 'M' 'M' 'M' 'M' 'U' 'U' 'U' 'M' 'M' 'M' 'M'
 'M' 'U' 'M' 'M' 'M' 'M' 'M' 'M' 'M' 'M' 'M' 'M' 'U' 'M' 'M' 'U' 'U' 'A'
 'M' 'M' 'U' 'M' 'M' 'U' 'M' 'M' 'U' 'U' 'M' 'M' 'M' 'U' 'M' 'U' 'M' 'M'
 'M' 'M' 'U' 'M' 'M' 'M' 'M' 'M' 'M' 'U' 'U' 'U' 'M' 'M' 'M' 'M' 'M' 'M'
 'M' 'M' 'M' 'M' 'M' 'M' 'M' 'U' 'M' 'U' 'M' 'M' 'M' 'U' 'M' 'M' 'M' 'U']"
248701,0,159,5,154,39,0,0,"['A' 'M' 'M' 'M' 'M' 'A' 'M' 'M' 'M' 'M' 'M' 'M' 'M' 'M' 'M' 'M' 'U' 'M'
 'M' 'U' 'U' 'M' 'U' 'M' 'M' 'M' 'M' 'U' 'M' 'M' 'U' 'M' 'M' 'M' 'M' 'U'
 'A' 'M' 'M' 'M' 'M' 'M' 'M' 'M' 'M' 'U' 'M' 'M' 'U' 'U' 'M' 'M' 'M' 'M'
 'M' 'M' 'U' 'M' 'M' 'M' 'U' 'U' 'M' 'M' 'M' 'M' 'U' 'M' 'M' 'M' 'M' 'U'
 'M' 'M' 'U' 'M' 'U' 'M' 'M' 'M' 'M' 'M' 'M' 'M' 'M' 'M' 'M' 'M' 'M' 'M'
 'M' 'M' 'M' 'U' 'M' 'M' 'M' 'M' 'M' 'M' 'M' 'M' 'M' 'M' 'M' 'M' 'M' 'U'
 'M' 'M' 'U' 'M' 'M' 'M' 'M' 'M' 'M' 'M' 'M' 'U' 'M' 'U' 'M' 'M' 'M' 'M'
 'M' 'U' 'M' 'M' 'M' 'M' 'A' 'M' 'M' 'M' 'M' 'M' 'U' 'M' 'M' 'M' 'U' 'A'
 'M' 'M' 'U' 'M' 'M' 'U' 'M' 'M' 'U' 'M' 'M' 'M' 'M' 'M' 'M' 'M' 'M' 'M'
 'M' 'M' 'U' 'M' 'M' 'M' 'M' 'M' 'U' 'U' 'U' 'U' 'M' 'M' 'M' 'M' 'M' 'M'
 'M' 'M' 'M' 'M' 'M' 'M' 'M' 'U' 'M' 'U' 'M' 'U' 'U' 'U' 'M' 'M' 'M' 'U']"
248801,0,157,3,154,41,0,0,"['A' 'M' 'M' 'U' 'M' 'U' 'U' 'M' 'M' 'M' 'M' 'M' 'M' 'M' 'M' 'M' 'U' 'M'
 'M' 'U' 'U' 'M' 'U' 'M' 'M' 'M' 'M' 'U' 'M' 'M' 'U' 'M' 'M' 'M' 'M' 'M'
 'A' 'M' 'M' 'M' 'M' 'M' 'M' 'M' 'M' 'U' 'M' 'M' 'U' 'U' 'M' 'M' 'U' 'M'
 'M' 'M' 'U' 'M' 'M' 'M' 'U' 'U' 'M' 'M' 'M' 'M' 'U' 'M' 'M' 'M' 'M' 'M'
 'U' 'M' 'M' 'U' 'M' 'M' 'M' 'M' 'M' 'M' 'M' 'M' 'U' 'U' 'M' 'M' 'M' 'M'
 'M' 'M' 'M' 'M' 'M' 'M' 'M' 'M' 'M' 'M' 'M' 'M' 'M' 'M' 'M' 'M' 'M' 'U'
 'M' 'M' 'U' 'M' 'M' 'M' 'M' 'M' 'M' 'M' 'M' 'M' 'M' 'U' 'M' 'M' 'M' 'M'
 'M' 'U' 'M' 'M' 'M' 'M' 'U' 'M' 'M' 'M' 'M' 'M' 'U' 'U' 'M' 'M' 'U' 'A'
 'M' 'M' 'U' 'M' 'U' 'U' 'M' 'M' 'U' 'M' 'M' 'M' 'M' 'M' 'U' 'M' 'M' 'M'
 'M' 'M' 'U' 'M' 'M' 'M' 'M' 'M' 'M' 'U' 'U' 'M' 'M' 'M' 'M' 'M' 'U' 'M'
 'M' 'M' 'M' 'M' 'M' 'M' 'M' 'U' 'M' 'M' 'M' 'M' 'M' 'U' 'M' 'M' 'M' 'U']"
248901,0,153,3,150,45,0,0,"['A' 'M' 'M' 'U' 'M' 'U' 'U' 'M' 'M' 'M' 'M' 'M' 'M' 'M' 'M' 'M' 'M' 'M'
 'M' 'U' 'M' 'M' 'M' 'M' 'M' 'U' 'M' 'U' 'M' 'M' 'U' 'M' 'M' 'M' 'M' 'M'
 'A' 'M' 'M' 'U' 'M' 'M' 'M' 'M' 'M' 'U' 'M' 'M' 'U' 'U' 'M' 'M' 'M' 'M'
 'U' 'M' 'U' 'M' 'M' 'M' 'U' 'U' 'M' 'M' 'M' 'M' 'M' 'M' 'M' 'M' 'M' 'M'
 'M' 'U' 'M' 'M' 'M' 'M' 'U' 'M' 'M' 'M' 'M' 'M' 'M' 'M' 'U' 'U' 'M' 'M'
 'M' 'M' 'M' 'M' 'U' 'M' 'M' 'U' 'M' 'M' 'M' 'M' 'M' 'M' 'U' 'M' 'M' 'M'
 'M' 'M' 'U' 'M' 'M' 'M' 'M' 'M' 'M' 'M' 'M' 'M' 'M' 'U' 'M' 'M' 'M' 'M'
 'M' 'M' 'M' 'M' 'M' 'U' 'U' 'U' 'U' 'U' 'U' 'U' 'U' 'M' 'M' 'M' 'U' 'A'
 'M' 'M' 'U' 'M' 'U' 'U' 'M' 'M' 'U' 'M' 'M' 'M' 'M' 'M' 'U' 'M' 'M' 'M'
 'M' 'M' 'U' 'M' 'M' 'M' 'M' 'M' 'M' 'U' 'U' 'M' 'M' 'M' 'M' 'M' 'M' 'M'
 'M' 'M' 'M' 'U' 'M' 'U' 'M' 'M' 'M' 'M' 'M' 'M' 'M' 'U' 'M' 'M' 'M' 'U']"
249001,0,157,3,154,41,0,0,"['A' 'M' 'M' 'U' 'M' 'U' 'M' 'M' 'M' 'M' 'M' 'M' 'M' 'M' 'M' 'M' 'M' 'M'
 'M' 'U' 'M' 'M' 'M' 'M' 'M' 'U' 'M' 'U' 'M' 'M' 'U' 'M' 'M' 'M' 'M' 'M'
 'U' 'M' 'M' 'U' 'M' 'M' 'M' 'M' 'M' 'M' 'M' 'M' 'M' 'M' 'M' 'M' 'M' 'M'
 'M' 'M' 'U' 'M' 'M' 'M' 'M' 'U' 'M' 'M' 'M' 'M' 'M' 'M' 'U' 'U' 'M' 'M'
 'M' 'M' 'M' 'M' 'M' 'M' 'M' 'M' 'M' 'U' 'M' 'M' 'M' 'M' 'M' 'M' 'M' 'M'
 'M' 'M' 'U' 'M' 'U' 'M' 'M' 'U' 'M' 'M' 'M' 'U' 'M' 'M' 'U' 'U' 'M' 'M'
 'M' 'M' 'U' 'M' 'M' 'M' 'M' 'U' 'M' 'U' 'M' 'M' 'M' 'U' 'M' 'M' 'M' 'M'
 'U' 'M' 'M' 'M' 'M' 'U' 'U' 'U' 'U' 'U' 'U' 'M' 'U' 'M' 'M' 'M' 'M' 'A'
 'M' 'M' 'U' 'M' 'U' 'A' 'M' 'M' 'M' 'M' 'M' 'M' 'M' 'M' 'U' 'M' 'M' 'M'
 'M' 'M' 'U' 'M' 'M' 'M' 'M' 'U' 'M' 'U' 'M' 'M' 'M' 'M' 'M' 'M' 'M' 'M'
 'M' 'M' 'U' 'U' 'M' 'M' 'M' 'M' 'M' 'M' 'M' 'M' 'M' 'U' 'U' 'M' 'M' 'M']"
249101,0,156,6,150,42,0,0,"['A' 'M' 'U' 'U' 'M' 'A' 'M' 'M' 'M' 'M' 'M' 'M' 'M' 'M' 'M' 'M' 'M' 'M'
 'M' 'U' 'M' 'M' 'U' 'M' 'M' 'U' 'M' 'U' 'M' 'M' 'U' 'M' 'A' 'M' 'M' 'M'
 'U' 'M' 'M' 'U' 'M' 'M' 'M' 'M' 'M' 'M' 'M' 'M' 'M' 'M' 'M' 'M' 'M' 'M'
 'M' 'M' 'U' 'M' 'M' 'M' 'M' 'U' 'M' 'M' 'M' 'M' 'M' 'M' 'M' 'M' 'M' 'M'
 'M' 'M' 'M' 'M' 'M' 'M' 'U' 'M' 'U' 'M' 'M' 'M' 'U' 'U' 'M' 'M' 'M' 'M'
 'M' 'M' 'M' 'M' 'U' 'M' 'M' 'U' 'M' 'M' 'M' 'U' 'M' 'M' 'U' 'U' 'M' 'M'
 'M' 'M' 'U' 'M' 'M' 'M' 'M' 'U' 'M' 'U' 'M' 'M' 'M' 'U' 'M' 'M' 'M' 'M'
 'U' 'M' 'M' 'M' 'M' 'U' 'U' 'U' 'U' 'U' 'M' 'U' 'A' 'M' 'M' 'M' 'M' 'A'
 'M' 'M' 'U' 'M' 'U' 'A' 'M' 'M' 'M' 'M' 'M' 'M' 'M' 'U' 'U' 'M' 'M' 'U'
 'M' 'U' 'U' 'M' 'M' 'M' 'M' 'U' 'M' 'U' 'M' 'M' 'M' 'M' 'M' 'M' 'M' 'M'
 'M' 'M' 'M' 'M' 'M' 'M' 'M' 'M' 'M' 'M' 'M' 'M' 'M' 'U' 'U' 'M' 'M' 'M']"
249201,0,158,5,153,40,0,1,"['A' 'M' 'U' 'U' 'M' 'A' 'M' 'M' 'M' 'U' 'M' 'M' 'U' 'M' 'M' 'M' 'M' 'M'
 'M' 'M' 'M' 'M' 'M' 'M' 'M' 'U' 'M' 'U' 'M' 'M' 'U' 'M' 'U' 'M' 'M' 'M'
 'U' 'M' 'M' 'U' 'M' 'M' 'M' 'M' 'M' 'M' 'M' 'M' 'M' 'M' 'M' 'M' 'M' 'M'
 'M' 'M' 'M' 'U' 'M' 'M' 'M' 'M' 'M' 'M' 'M' 'M' 'M' 'M' 'U' 'M' 'M' 'M'
 'M' 'M' 'M' 'M' 'M' 'M' 'M' 'M' 'M' 'M' 'M' 'M' 'M' 'M' 'M' 'U' 'M' 'U'
 'M' 'U' 'M' 'M' 'U' 'M' 'U' 'U' 'U' 'M' 'M' 'U' 'M' 'M' 'U' 'U' 'M' 'M'
 'M' 'M' 'M' 'M' 'M' 'M' 'M' 'M' 'M' 'U' 'M' 'M' 'M' 'U' 'M' 'M' 'M' 'M'
 'U' 'M' 'M' 'M' 'M' 'U' 'U' 'U' 'M' 'U' 'M' 'U' 'A' 'M' 'M' 'M' 'M' 'A'
 'M' 'M' 'M' 'M' 'U' 'A' 'M' 'M' 'M' 'M' 'M' 'U' 'M' 'U' 'M' 'M' 'M' 'U'
 'M' 'U' 'U' 'M' 'M' 'M' 'U' 'U' 'M' 'U' 'M' 'M' 'M' 'M' 'M' 'M' 'M' 'M'
 'M' 'U' 'M' 'M' 'M' 'M' 'M' 'M' 'M' 'M' 'M' 'M' 'M' 'M' 'M' 'M' 'M' 'M']"
249301,0,154,2,152,44,0,0,"['A' 'M' 'U' 'U' 'M' 'U' 'M' 'M' 'U' 'U' 'M' 'M' 'U' 'M' 'M' 'M' 'M' 'M'
 'M' 'M' 'M' 'U' 'M' 'M' 'M' 'U' 'M' 'U' 'M' 'M' 'M' 'M' 'U' 'M' 'M' 'M'
 'U' 'M' 'M' 'M' 'M' 'M' 'M' 'M' 'M' 'M' 'M' 'M' 'M' 'M' 'M' 'U' 'U' 'M'
 'M' 'M' 'M' 'M' 'M' 'M' 'M' 'M' 'M' 'M' 'M' 'M' 'M' 'M' 'M' 'M' 'M' 'U'
 'M' 'M' 'M' 'U' 'M' 'M' 'M' 'M' 'U' 'M' 'M' 'M' 'M' 'M' 'M' 'U' 'M' 'M'
 'M' 'M' 'M' 'U' 'M' 'M' 'U' 'U' 'U' 'M' 'M' 'U' 'M' 'M' 'M' 'U' 'M' 'M'
 'M' 'M' 'M' 'M' 'M' 'M' 'M' 'M' 'M' 'A' 'M' 'M' 'M' 'U' 'M' 'M' 'M' 'M'
 'U' 'M' 'M' 'M' 'M' 'M' 'U' 'U' 'U' 'U' 'M' 'U' 'U' 'M' 'M' 'M' 'M' 'U'
 'M' 'M' 'M' 'M' 'U' 'U' 'M' 'M' 'M' 'M' 'M' 'U' 'M' 'U' 'M' 'U' 'M' 'U'
 'M' 'M' 'U' 'M' 'M' 'M' 'U' 'U' 'M' 'U' 'M' 'M' 'M' 'M' 'M' 'M' 'M' 'M'
 'M' 'U' 'M' 'U' 'M' 'M' 'M' 'M' 'M' 'M' 'M' 'M' 'M' 'M' 'M' 'M' 'M' 'M']"
249401,0,153,3,150,45,0,1,"['A' 'M' 'U' 'U' 'M' 'M' 'M' 'M' 'U' 'U' 'M' 'M' 'U' 'M' 'M' 'M' 'M' 'M'
 'M' 'M' 'M' 'U' 'M' 'M' 'U' 'U' 'M' 'U' 'M' 'M' 'M' 'M' 'U' 'M' 'U' 'M'
 'M' 'M' 'M' 'M' 'M' 'M' 'M' 'M' 'M' 'M' 'U' 'M' 'M' 'M' 'M' 'U' 'U' 'M'
 'M' 'M' 'M' 'M' 'M' 'M' 'M' 'M' 'M' 'M' 'M' 'M' 'M' 'M' 'M' 'M' 'M' 'M'
 'M' 'M' 'M' 'M' 'M' 'M' 'U' 'U' 'M' 'M' 'M' 'M' 'M' 'M' 'M' 'U' 'U' 'M'
 'M' 'M' 'U' 'M' 'M' 'M' 'U' 'M' 'U' 'M' 'M' 'U' 'M' 'M' 'M' 'U' 'M' 'U'
 'M' 'M' 'M' 'M' 'M' 'M' 'M' 'M' 'M' 'A' 'M' 'M' 'M' 'U' 'M' 'U' 'M' 'M'
 'A' 'M' 'M' 'M' 'M' 'U' 'U' 'U' 'M' 'U' 'M' 'U' 'U' 'M' 'M' 'M' 'M' 'U'
 'M' 'M' 'M' 'M' 'U' 'U' 'M' 'M' 'U' 'M' 'M' 'M' 'M' 'M' 'M' 'U' 'M' 'U'
 'M' 'M' 'U' 'M' 'M' 'M' 'U' 'U' 'M' 'U' 'M' 'M' 'M' 'M' 'M' 'M' 'M' 'M'
 'M' 'U' 'M' 'U' 'U' 'M' 'M' 'M' 'M' 'M' 'M' 'M' 'M' 'M' 'M' 'M' 'M' 'M']"
249501,0,159,3,156,39,0,1,"['A' 'M' 'M' 'U' 'M' 'M' 'M' 'M' 'U' 'U' 'M' 'M' 'U' 'M' 'M' 'M' 'M' 'M'
 'M' 'M' 'M' 'M' 'M' 'M' 'U' 'M' 'M' 'U' 'M' 'U' 'M' 'M' 'U' 'U' 'U' 'M'
 'U' 'M' 'M' 'M' 'M' 'M' 'M' 'M' 'M' 'M' 'U' 'M' 'M' 'M' 'M' 'U' 'U' 'M'
 'M' 'M' 'M' 'M' 'M' 'M' 'M' 'M' 'M' 'M' 'M' 'M' 'M' 'M' 'M' 'M' 'U' 'M'
 'M' 'M' 'M' 'M' 'U' 'M' 'U' 'M' 'M' 'M' 'U' 'M' 'M' 'U' 'M' 'M' 'M' 'M'
 'M' 'M' 'M' 'M' 'M' 'M' 'U' 'M' 'M' 'M' 'M' 'U' 'M' 'M' 'M' 'M' 'M' 'U'
 'M' 'M' 'M' 'M' 'M' 'M' 'M' 'M' 'M' 'A' 'M' 'M' 'M' 'M' 'M' 'M' 'M' 'M'
 'A' 'M' 'M' 'M' 'M' 'M' 'U' 'U' 'M' 'M' 'M' 'M' 'U' 'M' 'M' 'M' 'M' 'U'
 'M' 'M' 'M' 'M' 'U' 'U' 'M' 'M' 'U' 'M' 'M' 'M' 'M' 'M' 'M' 'M' 'M' 'M'
 'M' 'M' 'U' 'M' 'U' 'M' 'U' 'U' 'M' 'U' 'M' 'M' 'M' 'M' 'M' 'M' 'M' 'M'
 'U' 'U' 'M' 'U' 'U' 'M' 'M' 'M' 'M' 'M' 'M' 'M' 'M' 'U' 'M' 'M' 'M' 'M']"
249601,0,160,2,158,38,0,0,"['A' 'M' 'U' 'U' 'M' 'M' 'M' 'M' 'U' 'U' 'M' 'M' 'M' 'M' 'M' 'U' 'M' 'M'
 'M' 'M' 'M' 'M' 'M' 'M' 'M' 'M' 'M' 'U' 'M' 'U' 'M' 'M' 'U' 'U' 'M' 'M'
 'M' 'M' 'M' 'M' 'M' 'M' 'M' 'M' 'M' 'M' 'U' 'M' 'M' 'M' 'M' 'U' 'U' 'M'
 'M' 'M' 'M' 'M' 'M' 'M' 'M' 'M' 'M' 'M' 'M' 'M' 'M' 'M' 'M' 'M' 'M' 'U'
 'M' 'M' 'M' 'M' 'M' 'M' 'M' 'M' 'M' 'M' 'M' 'U' 'M' 'M' 'U' 'U' 'M' 'M'
 'M' 'M' 'M' 'U' 'M' 'M' 'M' 'M' 'M' 'M' 'M' 'M' 'M' 'M' 'M' 'M' 'M' 'U'
 'M' 'M' 'M' 'M' 'M' 'M' 'M' 'M' 'M' 'U' 'M' 'M' 'M' 'M' 'M' 'M' 'M' 'M'
 'A' 'M' 'M' 'U' 'M' 'M' 'U' 'U' 'M' 'M' 'M' 'M' 'U' 'M' 'M' 'M' 'M' 'U'
 'M' 'M' 'M' 'M' 'U' 'U' 'M' 'M' 'M' 'U' 'M' 'M' 'M' 'M' 'M' 'U' 'M' 'M'
 'M' 'M' 'U' 'M' 'U' 'M' 'U' 'U' 'M' 'U' 'M' 'M' 'M' 'M' 'M' 'M' 'M' 'M'
 'U' 'U' 'M' 'M' 'U' 'M' 'M' 'M' 'M' 'U' 'M' 'M' 'M' 'M' 'M' 'M' 'M' 'U']"
249701,0,165,2,163,33,0,0,"['A' 'M' 'M' 'U' 'M' 'M' 'M' 'M' 'M' 'M' 'M' 'M' 'M' 'M' 'M' 'U' 'M' 'M'
 'M' 'M' 'M' 'M' 'M' 'M' 'M' 'M' 'M' 'U' 'M' 'M' 'M' 'M' 'M' 'U' 'M' 'M'
 'M' 'M' 'M' 'M' 'M' 'M' 'U' 'M' 'M' 'U' 'M' 'M' 'M' 'M' 'M' 'U' 'U' 'M'
 'M' 'M' 'M' 'M' 'M' 'M' 'M' 'M' 'M' 'M' 'M' 'M' 'U' 'M' 'M' 'M' 'M' 'U'
 'M' 'U' 'M' 'M' 'M' 'M' 'M' 'M' 'M' 'M' 'M' 'M' 'U' 'M' 'M' 'U' 'M' 'M'
 'M' 'M' 'M' 'M' 'M' 'M' 'M' 'M' 'M' 'M' 'M' 'M' 'M' 'M' 'M' 'M' 'M' 'U'
 'M' 'M' 'M' 'M' 'M' 'M' 'M' 'M' 'M' 'M' 'M' 'M' 'M' 'U' 'M' 'M' 'M' 'M'
 'A' 'U' 'M' 'M' 'M' 'M' 'U' 'M' 'M' 'M' 'M' 'M' 'U' 'M' 'M' 'M' 'M' 'U'
 'M' 'M' 'M' 'M' 'U' 'U' 'M' 'M' 'M' 'M' 'M' 'M' 'M' 'M' 'M' 'U' 'U' 'M'
 'M' 'M' 'U' 'M' 'U' 'M' 'U' 'U' 'M' 'U' 'U' 'M' 'M' 'M' 'M' 'M' 'M' 'M'
 'M' 'U' 'M' 'M' 'U' 'M' 'M' 'M' 'M' 'M' 'M' 'M' 'M' 'U' 'M' 'M' 'M' 'U']"
249801,0,170,4,166,28,0,0,"['A' 'M' 'M' 'M' 'M' 'M' 'M' 'M' 'M' 'M' 'M' 'M' 'M' 'M' 'M' 'U' 'M' 'M'
 'M' 'M' 'M' 'M' 'M' 'M' 'M' 'M' 'M' 'M' 'M' 'M' 'M' 'M' 'M' 'U' 'M' 'M'
 'M' 'M' 'M' 'M' 'M' 'M' 'A' 'M' 'M' 'U' 'M' 'M' 'M' 'M' 'M' 'U' 'U' 'M'
 'M' 'M' 'M' 'M' 'M' 'M' 'M' 'M' 'M' 'U' 'M' 'M' 'M' 'M' 'M' 'M' 'M' 'M'
 'M' 'U' 'M' 'M' 'M' 'M' 'M' 'M' 'M' 'M' 'M' 'M' 'U' 'M' 'M' 'M' 'M' 'M'
 'U' 'U' 'U' 'M' 'M' 'M' 'M' 'M' 'M' 'M' 'M' 'M' 'M' 'M' 'M' 'M' 'U' 'M'
 'M' 'U' 'M' 'M' 'M' 'M' 'M' 'M' 'M' 'M' 'M' 'M' 'M' 'U' 'M' 'M' 'A' 'M'
 'A' 'U' 'M' 'M' 'M' 'M' 'U' 'M' 'M' 'M' 'M' 'M' 'M' 'M' 'U' 'M' 'M' 'U'
 'M' 'M' 'M' 'M' 'U' 'U' 'M' 'M' 'M' 'M' 'M' 'M' 'M' 'M' 'M' 'U' 'U' 'M'
 'U' 'M' 'U' 'M' 'U' 'M' 'M' 'M' 'M' 'M' 'U' 'M' 'M' 'M' 'M' 'M' 'M' 'M'
 'M' 'U' 'M' 'M' 'U' 'M' 'M' 'M' 'M' 'M' 'M' 'M' 'M' 'M' 'M' 'M' 'M' 'M']"
249901,0,169,3,166,29,0,0,"['A' 'M' 'M' 'M' 'M' 'M' 'M' 'U' 'M' 'M' 'M' 'M' 'M' 'M' 'M' 'U' 'M' 'M'
 'U' 'M' 'M' 'M' 'M' 'M' 'M' 'M' 'M' 'M' 'M' 'M' 'M' 'M' 'M' 'M' 'M' 'U'
 'M' 'M' 'M' 'M' 'M' 'M' 'U' 'M' 'M' 'U' 'M' 'M' 'M' 'M' 'M' 'M' 'U' 'M'
 'M' 'M' 'M' 'M' 'M' 'M' 'M' 'M' 'M' 'U' 'M' 'U' 'M' 'M' 'M' 'M' 'M' 'M'
 'M' 'M' 'M' 'M' 'M' 'M' 'M' 'M' 'M' 'M' 'M' 'U' 'U' 'U' 'U' 'M' 'M' 'M'
 'M' 'M' 'M' 'M' 'M' 'M' 'M' 'M' 'M' 'M' 'M' 'M' 'M' 'M' 'M' 'M' 'U' 'M'
 'M' 'U' 'M' 'M' 'M' 'M' 'M' 'M' 'M' 'M' 'M' 'M' 'M' 'U' 'M' 'M' 'A' 'M'
 'U' 'U' 'M' 'M' 'M' 'M' 'U' 'M' 'M' 'M' 'M' 'M' 'M' 'M' 'A' 'M' 'M' 'M'
 'M' 'M' 'M' 'M' 'M' 'U' 'M' 'M' 'M' 'M' 'M' 'M' 'M' 'M' 'M' 'U' 'U' 'M'
 'M' 'M' 'M' 'U' 'U' 'M' 'M' 'M' 'M' 'U' 'U' 'M' 'M' 'U' 'M' 'M' 'M' 'M'
 'M' 'M' 'M' 'M' 'U' 'M' 'M' 'M' 'M' 'M' 'U' 'M' 'M' 'M' 'M' 'M' 'M' 'M']"
250001,0,166,4,162,32,0,0,"['A' 'U' 'M' 'M' 'M' 'M' 'M' 'U' 'M' 'M' 'U' 'M' 'M' 'U' 'M' 'M' 'M' 'M'
 'M' 'M' 'M' 'M' 'M' 'M' 'M' 'M' 'M' 'M' 'M' 'M' 'M' 'M' 'M' 'M' 'M' 'U'
 'M' 'M' 'M' 'M' 'M' 'M' 'U' 'M' 'M' 'U' 'M' 'M' 'M' 'M' 'M' 'M' 'U' 'M'
 'U' 'M' 'M' 'M' 'U' 'M' 'M' 'M' 'M' 'U' 'U' 'M' 'U' 'M' 'M' 'M' 'M' 'M'
 'M' 'M' 'M' 'M' 'M' 'M' 'M' 'M' 'U' 'M' 'M' 'M' 'U' 'M' 'U' 'U' 'M' 'M'
 'M' 'M' 'M' 'M' 'M' 'M' 'M' 'M' 'M' 'M' 'M' 'M' 'M' 'M' 'M' 'M' 'U' 'M'
 'M' 'M' 'M' 'M' 'M' 'M' 'M' 'M' 'M' 'M' 'M' 'M' 'M' 'M' 'M' 'M' 'A' 'M'
 'U' 'M' 'M' 'U' 'M' 'M' 'U' 'M' 'M' 'M' 'M' 'M' 'M' 'M' 'A' 'M' 'M' 'M'
 'M' 'M' 'U' 'M' 'M' 'U' 'M' 'M' 'A' 'M' 'M' 'M' 'M' 'M' 'U' 'U' 'U' 'M'
 'M' 'M' 'M' 'U' 'U' 'M' 'M' 'M' 'M' 'M' 'U' 'M' 'U' 'U' 'M' 'M' 'M' 'M'
 'M' 'M' 'M' 'M' 'U' 'M' 'M' 'M' 'M' 'M' 'M' 'M' 'M' 'M' 'M' 'M' 'M' 'M']"
250101,1,157,4,153,41,0,0,"['A' 'U' 'M' 'M' 'M' 'M' 'M' 'U' 'M' 'M' 'U' 'M' 'M' 'M' 'U' 'M' 'M' 'M'
 'M' 'M' 'M' 'M' 'M' 'M' 'M' 'M' 'M' 'M' 'M' 'M' 'M' 'M' 'M' 'M' 'M' 'U'
 'M' 'M' 'M' 'M' 'M' 'M' 'U' 'M' 'M' 'U' 'M' 'M' 'M' 'M' 'M' 'M' 'U' 'M'
 'M' 'M' 'M' 'M' 'U' 'M' 'M' 'M' 'M' 'M' 'U' 'M' 'M' 'M' 'M' 'U' 'U' 'M'
 'M' 'U' 'U' 'U' 'M' 'M' 'M' 'M' 'M' 'M' 'M' 'M' 'M' 'M' 'M' 'M' 'M' 'M'
 'M' 'M' 'M' 'M' 'M' 'M' 'U' 'M' 'M' 'M' 'U' 'M' 'M' 'M' 'U' 'M' 'U' 'U'
 'M' 'M' 'U' 'M' 'M' 'M' 'M' 'M' 'M' 'M' 'M' 'M' 'U' 'M' 'A' 'M' 'A' 'M'
 'U' 'M' 'M' 'M' 'M' 'U' 'U' 'U' 'M' 'U' 'U' 'U' 'U' 'M' 'A' 'M' 'M' 'M'
 'M' 'M' 'M' 'M' 'M' 'U' 'M' 'M' 'U' 'M' 'M' 'M' 'M' 'M' 'U' 'U' 'U' 'M'
 'M' 'M' 'M' 'U' 'U' 'M' 'M' 'M' 'M' 'M' 'M' 'M' 'M' 'U' 'M' 'U' 'M' 'M'
 'M' 'M' 'M' 'M' 'U' 'M' 'M' 'M' 'M' 'M' 'M' 'M' 'M' 'M' 'U' 'M' 'M' 'M']"
250201,1,161,4,157,37,1,0,"['A' 'U' 'M' 'M' 'M' 'U' 'M' 'U' 'M' 'M' 'U' 'M' 'M' 'M' 'M' 'M' 'M' 'M'
 'M' 'M' 'U' 'M' 'M' 'M' 'M' 'M' 'M' 'M' 'M' 'M' 'M' 'M' 'M' 'M' 'M' 'U'
 'M' 'M' 'M' 'M' 'M' 'M' 'U' 'M' 'M' 'U' 'M' 'M' 'M' 'M' 'M' 'M' 'U' 'M'
 'M' 'M' 'M' 'M' 'U' 'M' 'M' 'M' 'M' 'M' 'U' 'M' 'M' 'M' 'M' 'M' 'M' 'M'
 'M' 'U' 'U' 'M' 'M' 'M' 'M' 'M' 'M' 'M' 'M' 'M' 'M' 'U' 'U' 'U' 'M' 'M'
 'M' 'M' 'M' 'M' 'M' 'M' 'M' 'M' 'M' 'M' 'M' 'M' 'M' 'M' 'M' 'M' 'U' 'U'
 'M' 'M' 'A' 'M' 'M' 'M' 'M' 'M' 'M' 'U' 'M' 'M' 'U' 'M' 'M' 'M' 'A' 'U'
 'U' 'M' 'M' 'M' 'M' 'U' 'U' 'A' 'M' 'U' 'U' 'U' 'M' 'M' 'U' 'M' 'M' 'M'
 'M' 'M' 'M' 'M' 'M' 'U' 'M' 'M' 'U' 'M' 'M' 'M' 'M' 'M' 'U' 'U' 'U' 'M'
 'M' 'M' 'M' 'U' 'M' 'M' 'M' 'M' 'M' 'M' 'M' 'M' 'M' 'U' 'M' 'U' 'M' 'M'
 'M' 'M' 'M' 'M' 'U' 'M' 'M' 'M' 'M' 'M' 'M' 'M' 'M' 'M' 'M' 'M' 'M' 'M']"
250301,0,159,7,152,39,0,0,"['A' 'U' 'M' 'M' 'M' 'U' 'M' 'U' 'M' 'M' 'M' 'M' 'M' 'M' 'M' 'M' 'M' 'M'
 'M' 'M' 'U' 'M' 'M' 'M' 'M' 'M' 'U' 'M' 'M' 'M' 'M' 'U' 'M' 'M' 'M' 'U'
 'M' 'M' 'M' 'M' 'M' 'M' 'U' 'M' 'M' 'U' 'M' 'M' 'M' 'M' 'M' 'M' 'U' 'M'
 'M' 'M' 'M' 'M' 'U' 'M' 'M' 'M' 'M' 'M' 'M' 'M' 'M' 'M' 'M' 'U' 'U' 'M'
 'U' 'M' 'M' 'M' 'U' 'M' 'M' 'M' 'M' 'M' 'M' 'M' 'M' 'M' 'M' 'M' 'M' 'M'
 'M' 'M' 'M' 'U' 'M' 'M' 'M' 'M' 'M' 'M' 'M' 'M' 'M' 'M' 'M' 'M' 'A' 'U'
 'M' 'M' 'U' 'M' 'M' 'M' 'M' 'M' 'M' 'M' 'M' 'M' 'M' 'M' 'M' 'M' 'A' 'U'
 'U' 'M' 'M' 'U' 'M' 'U' 'U' 'A' 'U' 'U' 'U' 'U' 'U' 'M' 'U' 'M' 'U' 'M'
 'M' 'M' 'M' 'M' 'M' 'U' 'M' 'M' 'U' 'M' 'M' 'M' 'U' 'M' 'U' 'A' 'M' 'M'
 'M' 'M' 'M' 'U' 'M' 'M' 'M' 'U' 'M' 'M' 'M' 'M' 'M' 'U' 'M' 'M' 'M' 'M'
 'M' 'A' 'M' 'M' 'U' 'U' 'M' 'M' 'M' 'M' 'A' 'M' 'M' 'M' 'M' 'M' 'M' 'M']"
250401,0,158,7,151,40,0,0,"['A' 'U' 'M' 'M' 'M' 'M' 'M' 'U' 'M' 'M' 'M' 'M' 'M' 'M' 'M' 'U' 'M' 'U'
 'M' 'M' 'U' 'M' 'U' 'M' 'M' 'M' 'M' 'M' 'M' 'M' 'M' 'U' 'M' 'M' 'M' 'U'
 'M' 'M' 'U' 'M' 'M' 'U' 'U' 'M' 'M' 'M' 'M' 'M' 'U' 'M' 'M' 'M' 'M' 'M'
 'M' 'M' 'M' 'M' 'U' 'M' 'M' 'M' 'M' 'M' 'M' 'M' 'M' 'U' 'M' 'M' 'M' 'M'
 'M' 'M' 'U' 'M' 'M' 'M' 'M' 'M' 'U' 'U' 'M' 'M' 'M' 'M' 'M' 'M' 'M' 'M'
 'M' 'M' 'U' 'M' 'M' 'M' 'M' 'M' 'M' 'M' 'M' 'M' 'M' 'M' 'M' 'M' 'U' 'M'
 'M' 'M' 'U' 'U' 'M' 'M' 'M' 'M' 'M' 'M' 'M' 'M' 'U' 'M' 'M' 'M' 'A' 'U'
 'M' 'M' 'M' 'U' 'M' 'M' 'M' 'A' 'U' 'U' 'U' 'U' 'U' 'M' 'M' 'M' 'M' 'U'
 'M' 'M' 'M' 'M' 'M' 'A' 'M' 'M' 'U' 'M' 'M' 'M' 'U' 'M' 'U' 'A' 'M' 'U'
 'M' 'M' 'M' 'M' 'M' 'M' 'M' 'U' 'M' 'M' 'M' 'M' 'M' 'U' 'M' 'M' 'M' 'M'
 'M' 'A' 'M' 'M' 'U' 'U' 'M' 'M' 'M' 'M' 'A' 'M' 'U' 'M' 'M' 'M' 'U' 'M']"
250501,0,150,4,146,48,1,0,"['A' 'U' 'M' 'M' 'M' 'M' 'M' 'U' 'M' 'M' 'M' 'M' 'M' 'M' 'M' 'U' 'M' 'U'
 'M' 'M' 'U' 'M' 'U' 'M' 'M' 'M' 'M' 'M' 'M' 'M' 'M' 'U' 'M' 'M' 'M' 'U'
 'M' 'M' 'U' 'M' 'M' 'U' 'U' 'M' 'M' 'M' 'M' 'M' 'U' 'M' 'M' 'U' 'M' 'M'
 'M' 'M' 'M' 'M' 'M' 'M' 'M' 'M' 'M' 'M' 'M' 'M' 'M' 'M' 'M' 'M' 'M' 'M'
 'U' 'M' 'M' 'M' 'M' 'M' 'M' 'M' 'U' 'M' 'M' 'U' 'M' 'U' 'M' 'M' 'M' 'M'
 'M' 'M' 'U' 'M' 'M' 'M' 'M' 'M' 'M' 'M' 'M' 'M' 'M' 'U' 'M' 'M' 'U' 'U'
 'M' 'M' 'U' 'U' 'U' 'M' 'M' 'M' 'M' 'M' 'M' 'M' 'U' 'M' 'M' 'M' 'U' 'M'
 'M' 'M' 'M' 'U' 'U' 'M' 'U' 'A' 'U' 'U' 'U' 'U' 'U' 'M' 'M' 'M' 'M' 'U'
 'M' 'M' 'M' 'M' 'M' 'U' 'M' 'M' 'U' 'M' 'M' 'M' 'U' 'M' 'U' 'A' 'M' 'U'
 'M' 'M' 'M' 'M' 'M' 'M' 'U' 'U' 'M' 'M' 'M' 'M' 'M' 'U' 'M' 'M' 'M' 'M'
 'M' 'A' 'M' 'M' 'U' 'U' 'M' 'M' 'M' 'U' 'U' 'M' 'U' 'M' 'M' 'M' 'M' 'M']"
250601,0,151,3,148,47,0,0,"['A' 'U' 'M' 'M' 'M' 'M' 'M' 'M' 'M' 'M' 'M' 'M' 'M' 'M' 'M' 'U' 'U' 'M'
 'U' 'U' 'U' 'M' 'U' 'M' 'M' 'M' 'M' 'M' 'M' 'M' 'M' 'U' 'M' 'M' 'M' 'U'
 'M' 'M' 'U' 'M' 'M' 'U' 'U' 'M' 'M' 'M' 'M' 'M' 'U' 'M' 'M' 'U' 'M' 'M'
 'M' 'M' 'U' 'M' 'M' 'M' 'M' 'M' 'M' 'M' 'M' 'M' 'U' 'M' 'M' 'U' 'M' 'M'
 'M' 'M' 'M' 'M' 'M' 'M' 'M' 'M' 'M' 'M' 'U' 'U' 'M' 'M' 'M' 'M' 'M' 'M'
 'M' 'M' 'M' 'U' 'M' 'M' 'M' 'U' 'M' 'M' 'M' 'M' 'M' 'U' 'M' 'M' 'M' 'M'
 'M' 'M' 'M' 'U' 'M' 'U' 'M' 'M' 'M' 'M' 'M' 'M' 'U' 'M' 'M' 'M' 'U' 'M'
 'M' 'M' 'M' 'U' 'U' 'M' 'U' 'U' 'U' 'M' 'U' 'U' 'U' 'M' 'M' 'M' 'M' 'M'
 'M' 'M' 'M' 'U' 'M' 'U' 'M' 'M' 'U' 'M' 'M' 'M' 'U' 'M' 'U' 'A' 'M' 'U'
 'M' 'M' 'M' 'M' 'M' 'M' 'U' 'M' 'M' 'M' 'M' 'M' 'M' 'U' 'M' 'M' 'M' 'M'
 'M' 'A' 'M' 'M' 'U' 'U' 'M' 'M' 'U' 'U' 'M' 'M' 'U' 'M' 'M' 'M' 'M' 'M']"
250701,0,159,6,153,39,0,0,"['A' 'U' 'M' 'M' 'U' 'M' 'M' 'M' 'M' 'M' 'M' 'M' 'M' 'M' 'M' 'U' 'A' 'M'
 'U' 'U' 'M' 'M' 'U' 'M' 'M' 'M' 'M' 'M' 'M' 'M' 'M' 'U' 'U' 'M' 'M' 'M'
 'M' 'M' 'U' 'M' 'M' 'U' 'M' 'M' 'M' 'M' 'M' 'M' 'U' 'M' 'U' 'M' 'M' 'M'
 'M' 'M' 'U' 'M' 'M' 'M' 'M' 'M' 'M' 'M' 'M' 'M' 'M' 'M' 'M' 'M' 'M' 'M'
 'M' 'M' 'M' 'M' 'M' 'M' 'M' 'M' 'M' 'M' 'U' 'M' 'U' 'M' 'M' 'U' 'M' 'U'
 'M' 'M' 'M' 'M' 'U' 'M' 'U' 'U' 'M' 'M' 'M' 'M' 'U' 'A' 'M' 'M' 'M' 'M'
 'M' 'M' 'M' 'U' 'M' 'U' 'M' 'M' 'M' 'M' 'M' 'M' 'U' 'M' 'M' 'M' 'M' 'M'
 'M' 'M' 'M' 'M' 'U' 'M' 'A' 'U' 'U' 'M' 'U' 'U' 'M' 'M' 'M' 'M' 'M' 'M'
 'M' 'M' 'M' 'U' 'M' 'U' 'M' 'M' 'U' 'M' 'M' 'M' 'U' 'M' 'U' 'A' 'M' 'U'
 'M' 'M' 'M' 'M' 'M' 'M' 'U' 'M' 'M' 'M' 'M' 'M' 'M' 'M' 'M' 'M' 'M' 'M'
 'M' 'A' 'M' 'M' 'U' 'M' 'M' 'M' 'U' 'U' 'M' 'M' 'M' 'M' 'M' 'M' 'M' 'M']"
250801,0,158,6,152,40,0,1,"['A' 'U' 'M' 'M' 'M' 'M' 'M' 'M' 'M' 'M' 'M' 'M' 'M' 'M' 'M' 'U' 'A' 'M'
 'U' 'U' 'M' 'M' 'U' 'M' 'M' 'M' 'M' 'M' 'M' 'M' 'M' 'U' 'U' 'M' 'M' 'U'
 'M' 'M' 'U' 'M' 'M' 'M' 'M' 'M' 'M' 'M' 'M' 'M' 'U' 'M' 'U' 'M' 'M' 'M'
 'M' 'M' 'M' 'M' 'M' 'M' 'M' 'M' 'M' 'U' 'M' 'M' 'M' 'M' 'M' 'M' 'U' 'U'
 'M' 'M' 'U' 'M' 'M' 'M' 'U' 'U' 'M' 'M' 'M' 'M' 'M' 'M' 'M' 'M' 'M' 'M'
 'M' 'M' 'M' 'M' 'M' 'M' 'U' 'U' 'M' 'M' 'M' 'M' 'U' 'A' 'M' 'M' 'M' 'M'
 'M' 'M' 'M' 'M' 'M' 'M' 'M' 'M' 'M' 'M' 'M' 'M' 'U' 'M' 'M' 'M' 'M' 'M'
 'M' 'U' 'M' 'M' 'U' 'M' 'A' 'U' 'M' 'U' 'U' 'U' 'U' 'M' 'M' 'M' 'M' 'M'
 'M' 'M' 'M' 'U' 'M' 'M' 'M' 'M' 'U' 'M' 'M' 'M' 'M' 'M' 'U' 'A' 'U' 'U'
 'U' 'M' 'M' 'M' 'U' 'M' 'M' 'M' 'M' 'U' 'M' 'M' 'M' 'U' 'U' 'M' 'M' 'M'
 'M' 'A' 'M' 'M' 'M' 'M' 'M' 'M' 'U' 'U' 'M' 'M' 'M' 'M' 'M' 'M' 'M' 'M']"
250901,0,152,6,146,46,0,0,"['A' 'M' 'M' 'M' 'M' 'M' 'M' 'M' 'M' 'M' 'M' 'M' 'M' 'M' 'U' 'U' 'A' 'M'
 'U' 'U' 'M' 'M' 'U' 'M' 'M' 'M' 'M' 'M' 'M' 'M' 'M' 'U' 'U' 'M' 'M' 'U'
 'M' 'M' 'U' 'M' 'M' 'M' 'M' 'M' 'M' 'M' 'M' 'M' 'U' 'M' 'U' 'M' 'M' 'M'
 'M' 'M' 'M' 'M' 'M' 'M' 'M' 'M' 'M' 'U' 'M' 'U' 'M' 'M' 'M' 'M' 'M' 'M'
 'M' 'M' 'M' 'M' 'U' 'M' 'M' 'M' 'M' 'U' 'M' 'M' 'U' 'M' 'M' 'M' 'M' 'M'
 'M' 'M' 'M' 'U' 'M' 'M' 'U' 'U' 'M' 'M' 'M' 'M' 'U' 'U' 'M' 'M' 'M' 'M'
 'M' 'M' 'M' 'M' 'M' 'M' 'M' 'M' 'M' 'M' 'M' 'M' 'M' 'M' 'M' 'M' 'M' 'M'
 'M' 'U' 'U' 'M' 'U' 'U' 'A' 'U' 'U' 'U' 'U' 'U' 'A' 'M' 'M' 'M' 'U' 'M'
 'M' 'M' 'M' 'U' 'M' 'M' 'M' 'M' 'M' 'M' 'M' 'M' 'M' 'M' 'U' 'A' 'U' 'U'
 'U' 'M' 'M' 'U' 'U' 'U' 'U' 'M' 'M' 'U' 'M' 'M' 'M' 'U' 'U' 'M' 'M' 'M'
 'M' 'A' 'M' 'U' 'M' 'M' 'M' 'M' 'U' 'U' 'M' 'M' 'M' 'M' 'M' 'M' 'M' 'M']"
251001,0,150,6,144,48,0,0,"['A' 'M' 'M' 'M' 'M' 'M' 'U' 'M' 'M' 'M' 'M' 'M' 'M' 'M' 'U' 'M' 'A' 'M'
 'U' 'U' 'M' 'M' 'U' 'M' 'M' 'M' 'M' 'M' 'M' 'M' 'M' 'U' 'U' 'M' 'M' 'U'
 'M' 'M' 'U' 'M' 'M' 'M' 'U' 'M' 'M' 'M' 'M' 'M' 'U' 'M' 'U' 'M' 'U' 'M'
 'U' 'M' 'M' 'M' 'M' 'U' 'M' 'M' 'M' 'U' 'M' 'M' 'M' 'M' 'M' 'U' 'M' 'M'
 'M' 'M' 'M' 'U' 'U' 'M' 'M' 'M' 'M' 'M' 'M' 'M' 'U' 'M' 'U' 'M' 'M' 'M'
 'M' 'M' 'M' 'M' 'M' 'M' 'U' 'U' 'M' 'U' 'M' 'M' 'U' 'M' 'U' 'M' 'M' 'M'
 'U' 'M' 'M' 'M' 'M' 'M' 'M' 'M' 'M' 'M' 'M' 'M' 'M' 'M' 'M' 'M' 'M' 'M'
 'M' 'U' 'U' 'M' 'U' 'U' 'U' 'M' 'U' 'U' 'U' 'U' 'A' 'M' 'M' 'M' 'U' 'M'
 'M' 'M' 'M' 'U' 'M' 'M' 'M' 'M' 'M' 'M' 'M' 'M' 'M' 'M' 'U' 'A' 'M' 'M'
 'U' 'M' 'M' 'A' 'M' 'U' 'M' 'M' 'M' 'U' 'M' 'M' 'M' 'U' 'U' 'M' 'M' 'M'
 'M' 'A' 'U' 'M' 'M' 'M' 'M' 'U' 'U' 'U' 'M' 'M' 'M' 'M' 'M' 'M' 'M' 'M']"
251101,0,153,6,147,45,0,0,"['A' 'M' 'M' 'M' 'M' 'M' 'U' 'M' 'M' 'M' 'M' 'M' 'M' 'M' 'U' 'M' 'A' 'M'
 'U' 'U' 'M' 'M' 'U' 'M' 'M' 'M' 'M' 'M' 'M' 'M' 'M' 'U' 'U' 'M' 'M' 'M'
 'M' 'M' 'U' 'M' 'M' 'M' 'U' 'M' 'M' 'M' 'M' 'M' 'M' 'U' 'U' 'M' 'M' 'M'
 'U' 'M' 'M' 'U' 'U' 'M' 'M' 'M' 'M' 'U' 'M' 'U' 'M' 'M' 'M' 'U' 'M' 'M'
 'M' 'M' 'M' 'M' 'U' 'M' 'U' 'M' 'M' 'U' 'M' 'M' 'M' 'M' 'M' 'M' 'M' 'M'
 'M' 'M' 'M' 'M' 'M' 'M' 'U' 'U' 'M' 'U' 'M' 'M' 'U' 'U' 'U' 'M' 'M' 'M'
 'U' 'M' 'M' 'M' 'M' 'M' 'M' 'M' 'M' 'U' 'M' 'M' 'M' 'M' 'M' 'M' 'M' 'U'
 'M' 'U' 'U' 'M' 'M' 'U' 'U' 'M' 'M' 'M' 'U' 'A' 'U' 'M' 'M' 'M' 'U' 'M'
 'M' 'M' 'M' 'U' 'M' 'M' 'M' 'M' 'M' 'M' 'M' 'M' 'M' 'M' 'M' 'U' 'M' 'M'
 'U' 'M' 'M' 'A' 'M' 'M' 'M' 'M' 'M' 'U' 'M' 'M' 'M' 'A' 'U' 'M' 'M' 'M'
 'M' 'A' 'U' 'M' 'M' 'M' 'M' 'U' 'U' 'U' 'M' 'M' 'M' 'M' 'M' 'M' 'M' 'M']"
251201,0,156,6,150,42,0,0,"['A' 'M' 'M' 'M' 'M' 'M' 'U' 'M' 'M' 'M' 'M' 'M' 'M' 'M' 'A' 'M' 'U' 'M'
 'U' 'U' 'M' 'M' 'U' 'M' 'M' 'M' 'M' 'M' 'M' 'M' 'M' 'U' 'U' 'M' 'M' 'M'
 'M' 'M' 'M' 'U' 'M' 'M' 'M' 'M' 'M' 'M' 'M' 'M' 'M' 'U' 'U' 'M' 'M' 'M'
 'U' 'M' 'M' 'U' 'M' 'M' 'M' 'M' 'M' 'U' 'M' 'M' 'M' 'U' 'M' 'M' 'M' 'M'
 'M' 'M' 'M' 'U' 'U' 'M' 'U' 'M' 'M' 'M' 'M' 'M' 'M' 'M' 'M' 'M' 'M' 'M'
 'M' 'U' 'M' 'M' 'M' 'M' 'U' 'M' 'M' 'U' 'M' 'M' 'A' 'U' 'M' 'M' 'M' 'M'
 'U' 'M' 'M' 'U' 'M' 'U' 'M' 'M' 'M' 'U' 'M' 'M' 'M' 'M' 'M' 'M' 'U' 'M'
 'M' 'U' 'M' 'M' 'M' 'U' 'U' 'M' 'M' 'M' 'U' 'A' 'U' 'M' 'M' 'M' 'U' 'M'
 'M' 'M' 'M' 'U' 'M' 'M' 'M' 'M' 'M' 'U' 'M' 'M' 'M' 'M' 'M' 'U' 'M' 'U'
 'U' 'M' 'M' 'A' 'M' 'M' 'M' 'M' 'M' 'M' 'M' 'M' 'M' 'A' 'M' 'M' 'M' 'M'
 'M' 'U' 'U' 'M' 'M' 'M' 'M' 'U' 'M' 'M' 'M' 'M' 'M' 'M' 'M' 'U' 'M' 'U']"
251301,0,152,4,148,46,0,0,"['A' 'M' 'M' 'M' 'M' 'M' 'U' 'M' 'M' 'M' 'M' 'M' 'M' 'M' 'U' 'M' 'U' 'M'
 'U' 'U' 'M' 'M' 'U' 'M' 'M' 'M' 'M' 'M' 'M' 'M' 'M' 'U' 'U' 'M' 'M' 'M'
 'M' 'M' 'M' 'U' 'M' 'M' 'M' 'M' 'M' 'M' 'M' 'U' 'M' 'U' 'M' 'M' 'M' 'M'
 'U' 'M' 'M' 'U' 'M' 'M' 'M' 'M' 'M' 'U' 'M' 'M' 'U' 'U' 'M' 'M' 'M' 'M'
 'M' 'M' 'M' 'M' 'M' 'M' 'M' 'M' 'M' 'M' 'M' 'U' 'M' 'M' 'M' 'M' 'M' 'M'
 'U' 'M' 'U' 'M' 'M' 'M' 'U' 'M' 'M' 'U' 'M' 'M' 'A' 'U' 'M' 'M' 'U' 'M'
 'U' 'M' 'M' 'M' 'M' 'U' 'M' 'M' 'M' 'M' 'M' 'M' 'M' 'M' 'M' 'M' 'M' 'U'
 'M' 'U' 'M' 'M' 'M' 'U' 'U' 'U' 'U' 'U' 'U' 'U' 'U' 'M' 'M' 'M' 'U' 'M'
 'M' 'M' 'M' 'U' 'M' 'M' 'M' 'M' 'M' 'U' 'M' 'M' 'M' 'M' 'M' 'U' 'M' 'U'
 'U' 'M' 'M' 'A' 'M' 'M' 'M' 'M' 'M' 'M' 'U' 'U' 'M' 'A' 'M' 'M' 'M' 'M'
 'M' 'U' 'M' 'M' 'M' 'M' 'M' 'U' 'M' 'M' 'M' 'M' 'M' 'M' 'M' 'U' 'M' 'M']"
251401,0,158,5,153,40,0,0,"['A' 'M' 'M' 'M' 'M' 'M' 'M' 'M' 'M' 'M' 'M' 'M' 'M' 'M' 'U' 'M' 'M' 'M'
 'U' 'U' 'M' 'M' 'U' 'M' 'M' 'M' 'M' 'M' 'M' 'M' 'M' 'M' 'U' 'M' 'M' 'M'
 'M' 'M' 'M' 'U' 'M' 'M' 'M' 'M' 'M' 'M' 'M' 'U' 'A' 'U' 'M' 'M' 'M' 'M'
 'U' 'M' 'M' 'U' 'U' 'M' 'M' 'M' 'M' 'U' 'M' 'M' 'M' 'M' 'M' 'M' 'U' 'M'
 'M' 'M' 'M' 'M' 'M' 'M' 'M' 'M' 'M' 'M' 'U' 'M' 'M' 'M' 'M' 'U' 'M' 'M'
 'M' 'M' 'U' 'M' 'U' 'M' 'M' 'M' 'M' 'U' 'M' 'M' 'A' 'M' 'U' 'M' 'U' 'M'
 'U' 'M' 'M' 'M' 'M' 'U' 'M' 'M' 'M' 'M' 'M' 'M' 'M' 'M' 'M' 'M' 'M' 'U'
 'U' 'U' 'M' 'M' 'M' 'U' 'M' 'M' 'U' 'U' 'U' 'U' 'U' 'M' 'M' 'M' 'U' 'M'
 'M' 'M' 'M' 'U' 'M' 'U' 'M' 'M' 'M' 'M' 'M' 'M' 'M' 'M' 'M' 'U' 'M' 'U'
 'U' 'M' 'M' 'A' 'M' 'M' 'M' 'M' 'M' 'M' 'U' 'U' 'M' 'A' 'M' 'M' 'M' 'M'
 'M' 'M' 'M' 'M' 'M' 'M' 'M' 'M' 'M' 'M' 'M' 'M' 'M' 'M' 'M' 'U' 'M' 'M']"
251501,0,156,6,150,42,1,0,"['A' 'M' 'M' 'M' 'M' 'M' 'M' 'M' 'M' 'U' 'M' 'M' 'M' 'M' 'U' 'M' 'M' 'M'
 'U' 'U' 'M' 'M' 'U' 'M' 'M' 'M' 'M' 'M' 'U' 'M' 'M' 'M' 'U' 'M' 'M' 'M'
 'M' 'M' 'M' 'U' 'M' 'M' 'M' 'M' 'M' 'M' 'M' 'U' 'A' 'M' 'M' 'M' 'M' 'M'
 'U' 'M' 'M' 'U' 'U' 'M' 'U' 'M' 'M' 'U' 'M' 'M' 'M' 'M' 'M' 'M' 'M' 'M'
 'M' 'M' 'U' 'M' 'M' 'M' 'M' 'M' 'M' 'U' 'M' 'M' 'U' 'U' 'M' 'M' 'M' 'M'
 'M' 'U' 'M' 'M' 'M' 'M' 'M' 'M' 'M' 'U' 'M' 'M' 'A' 'M' 'U' 'M' 'M' 'M'
 'U' 'M' 'M' 'M' 'M' 'M' 'M' 'M' 'M' 'M' 'M' 'M' 'M' 'M' 'M' 'M' 'M' 'M'
 'U' 'A' 'M' 'M' 'M' 'U' 'U' 'U' 'U' 'U' 'M' 'U' 'U' 'M' 'M' 'U' 'U' 'M'
 'M' 'M' 'M' 'U' 'U' 'U' 'M' 'M' 'M' 'M' 'M' 'M' 'M' 'M' 'M' 'M' 'M' 'U'
 'U' 'M' 'M' 'A' 'M' 'M' 'M' 'M' 'M' 'M' 'U' 'U' 'U' 'A' 'M' 'M' 'M' 'U'
 'M' 'M' 'M' 'M' 'M' 'M' 'M' 'M' 'M' 'M' 'M' 'M' 'M' 'M' 'M' 'U' 'M' 'M']"
251601,0,157,4,153,41,0,0,"['A' 'U' 'M' 'M' 'M' 'M' 'M' 'M' 'M' 'U' 'M' 'M' 'M' 'M' 'M' 'M' 'M' 'M'
 'U' 'U' 'M' 'M' 'U' 'M' 'M' 'M' 'M' 'M' 'U' 'M' 'M' 'M' 'M' 'M' 'M' 'M'
 'M' 'M' 'M' 'M' 'M' 'M' 'M' 'U' 'M' 'M' 'M' 'U' 'A' 'M' 'M' 'M' 'M' 'M'
 'U' 'M' 'M' 'M' 'U' 'M' 'U' 'M' 'M' 'U' 'M' 'M' 'U' 'M' 'U' 'M' 'M' 'M'
 'M' 'M' 'M' 'M' 'M' 'M' 'M' 'M' 'M' 'M' 'U' 'M' 'M' 'M' 'M' 'M' 'M' 'M'
 'U' 'M' 'U' 'M' 'M' 'M' 'M' 'M' 'M' 'U' 'M' 'M' 'A' 'M' 'U' 'M' 'M' 'M'
 'M' 'M' 'U' 'M' 'M' 'M' 'M' 'M' 'U' 'M' 'M' 'M' 'M' 'M' 'M' 'M' 'M' 'M'
 'M' 'U' 'M' 'M' 'M' 'U' 'U' 'U' 'U' 'M' 'M' 'U' 'U' 'M' 'M' 'U' 'U' 'M'
 'M' 'M' 'M' 'U' 'U' 'U' 'M' 'M' 'M' 'M' 'M' 'M' 'M' 'M' 'U' 'M' 'M' 'M'
 'U' 'M' 'M' 'U' 'M' 'M' 'M' 'M' 'M' 'M' 'U' 'A' 'U' 'U' 'M' 'M' 'M' 'U'
 'M' 'M' 'M' 'M' 'M' 'M' 'M' 'M' 'M' 'M' 'M' 'M' 'M' 'M' 'M' 'U' 'M' 'M']"
251701,0,156,4,152,42,0,0,"['A' 'U' 'M' 'M' 'M' 'M' 'M' 'M' 'M' 'M' 'M' 'M' 'M' 'M' 'U' 'M' 'M' 'M'
 'M' 'M' 'M' 'M' 'U' 'M' 'M' 'M' 'M' 'M' 'U' 'M' 'M' 'M' 'M' 'U' 'M' 'M'
 'M' 'M' 'M' 'M' 'M' 'M' 'M' 'M' 'M' 'M' 'A' 'U' 'U' 'M' 'M' 'M' 'M' 'M'
 'U' 'M' 'M' 'M' 'U' 'M' 'M' 'M' 'M' 'U' 'M' 'M' 'M' 'M' 'U' 'M' 'M' 'M'
 'M' 'M' 'M' 'M' 'M' 'U' 'U' 'M' 'M' 'M' 'M' 'M' 'M' 'M' 'U' 'M' 'M' 'M'
 'M' 'M' 'M' 'U' 'M' 'M' 'M' 'M' 'M' 'U' 'M' 'M' 'A' 'M' 'U' 'M' 'M' 'M'
 'M' 'M' 'U' 'M' 'M' 'M' 'M' 'M' 'U' 'M' 'M' 'M' 'M' 'M' 'M' 'M' 'M' 'M'
 'M' 'U' 'M' 'M' 'M' 'U' 'U' 'U' 'U' 'U' 'U' 'U' 'U' 'M' 'M' 'U' 'U' 'M'
 'M' 'U' 'M' 'U' 'U' 'M' 'M' 'M' 'M' 'M' 'M' 'M' 'M' 'M' 'U' 'M' 'M' 'M'
 'U' 'M' 'M' 'U' 'M' 'M' 'M' 'M' 'M' 'M' 'U' 'A' 'U' 'U' 'M' 'M' 'M' 'U'
 'M' 'M' 'M' 'M' 'M' 'M' 'M' 'U' 'M' 'M' 'M' 'M' 'M' 'M' 'M' 'U' 'M' 'M']"
251801,0,160,3,157,38,0,0,"['A' 'M' 'M' 'M' 'M' 'M' 'M' 'M' 'M' 'M' 'M' 'M' 'M' 'M' 'U' 'M' 'M' 'M'
 'M' 'M' 'M' 'M' 'U' 'M' 'M' 'M' 'M' 'M' 'U' 'M' 'U' 'M' 'M' 'M' 'M' 'M'
 'M' 'M' 'M' 'M' 'M' 'M' 'M' 'M' 'M' 'M' 'A' 'U' 'U' 'M' 'M' 'M' 'M' 'M'
 'M' 'M' 'M' 'M' 'U' 'M' 'M' 'M' 'M' 'M' 'M' 'M' 'M' 'M' 'M' 'M' 'M' 'M'
 'M' 'U' 'M' 'U' 'M' 'M' 'M' 'M' 'M' 'M' 'M' 'U' 'M' 'M' 'U' 'M' 'M' 'M'
 'M' 'M' 'M' 'U' 'M' 'M' 'M' 'M' 'U' 'U' 'M' 'M' 'U' 'M' 'U' 'M' 'U' 'M'
 'M' 'M' 'U' 'M' 'M' 'M' 'M' 'M' 'U' 'M' 'M' 'M' 'M' 'M' 'M' 'M' 'M' 'M'
 'M' 'U' 'M' 'M' 'M' 'U' 'U' 'U' 'U' 'U' 'U' 'M' 'U' 'M' 'M' 'U' 'U' 'M'
 'M' 'M' 'M' 'U' 'U' 'M' 'M' 'M' 'M' 'M' 'M' 'M' 'M' 'M' 'U' 'M' 'M' 'M'
 'U' 'M' 'M' 'U' 'M' 'M' 'M' 'M' 'M' 'M' 'U' 'A' 'U' 'U' 'M' 'M' 'M' 'M'
 'M' 'M' 'M' 'M' 'M' 'M' 'M' 'U' 'M' 'M' 'M' 'M' 'M' 'M' 'M' 'M' 'M' 'M']"
251901,0,160,4,156,38,0,0,"['A' 'M' 'M' 'M' 'M' 'M' 'M' 'M' 'M' 'M' 'M' 'M' 'M' 'M' 'U' 'M' 'M' 'M'
 'M' 'M' 'M' 'M' 'M' 'U' 'M' 'M' 'M' 'M' 'U' 'M' 'U' 'M' 'M' 'M' 'M' 'U'
 'M' 'U' 'U' 'M' 'M' 'M' 'M' 'M' 'M' 'M' 'A' 'U' 'U' 'M' 'M' 'M' 'M' 'M'
 'M' 'M' 'M' 'M' 'U' 'M' 'M' 'M' 'M' 'M' 'M' 'M' 'U' 'U' 'M' 'M' 'M' 'U'
 'M' 'U' 'M' 'M' 'M' 'M' 'M' 'M' 'M' 'U' 'M' 'M' 'M' 'M' 'M' 'M' 'M' 'M'
 'M' 'M' 'M' 'M' 'M' 'M' 'M' 'M' 'U' 'U' 'M' 'M' 'U' 'M' 'U' 'M' 'U' 'M'
 'M' 'U' 'M' 'M' 'M' 'M' 'M' 'U' 'M' 'M' 'M' 'M' 'M' 'M' 'M' 'U' 'M' 'M'
 'M' 'M' 'M' 'M' 'M' 'U' 'U' 'U' 'U' 'U' 'U' 'U' 'U' 'M' 'M' 'U' 'U' 'M'
 'M' 'M' 'M' 'M' 'M' 'M' 'M' 'M' 'M' 'M' 'M' 'M' 'M' 'M' 'U' 'M' 'M' 'M'
 'U' 'M' 'M' 'U' 'M' 'M' 'M' 'M' 'M' 'M' 'M' 'A' 'U' 'A' 'M' 'M' 'M' 'M'
 'M' 'M' 'M' 'M' 'M' 'M' 'M' 'U' 'M' 'M' 'M' 'M' 'M' 'M' 'M' 'M' 'M' 'M']"
252001,0,161,5,156,37,0,0,"['A' 'M' 'M' 'M' 'M' 'M' 'M' 'M' 'M' 'M' 'M' 'M' 'M' 'M' 'U' 'M' 'M' 'M'
 'M' 'M' 'U' 'M' 'M' 'U' 'M' 'M' 'M' 'U' 'U' 'M' 'M' 'M' 'M' 'M' 'M' 'U'
 'M' 'M' 'U' 'M' 'M' 'U' 'M' 'M' 'M' 'M' 'A' 'M' 'M' 'M' 'M' 'M' 'M' 'M'
 'M' 'M' 'M' 'M' 'M' 'M' 'U' 'M' 'M' 'M' 'M' 'M' 'M' 'M' 'M' 'M' 'M' 'M'
 'U' 'M' 'M' 'M' 'M' 'M' 'M' 'M' 'M' 'U' 'M' 'M' 'U' 'M' 'M' 'U' 'M' 'U'
 'M' 'M' 'M' 'M' 'M' 'M' 'M' 'M' 'U' 'U' 'M' 'U' 'U' 'M' 'U' 'M' 'U' 'M'
 'M' 'U' 'M' 'M' 'M' 'M' 'M' 'U' 'M' 'M' 'M' 'M' 'M' 'M' 'M' 'U' 'M' 'M'
 'M' 'M' 'M' 'U' 'M' 'U' 'U' 'U' 'U' 'U' 'A' 'M' 'U' 'M' 'U' 'U' 'U' 'M'
 'M' 'M' 'M' 'M' 'M' 'M' 'M' 'M' 'M' 'M' 'M' 'M' 'M' 'M' 'U' 'M' 'U' 'M'
 'U' 'M' 'M' 'U' 'M' 'M' 'M' 'M' 'M' 'M' 'M' 'A' 'M' 'A' 'M' 'M' 'M' 'M'
 'M' 'M' 'M' 'M' 'M' 'M' 'M' 'M' 'M' 'M' 'M' 'M' 'M' 'M' 'M' 'M' 'M' 'M']"
252101,0,164,4,160,34,0,0,"['A' 'M' 'M' 'M' 'M' 'M' 'M' 'M' 'M' 'M' 'M' 'M' 'M' 'M' 'U' 'M' 'M' 'M'
 'M' 'M' 'U' 'M' 'M' 'U' 'M' 'M' 'M' 'U' 'M' 'M' 'M' 'M' 'M' 'M' 'M' 'U'
 'M' 'M' 'U' 'M' 'M' 'U' 'M' 'M' 'M' 'M' 'A' 'M' 'M' 'M' 'M' 'M' 'M' 'M'
 'M' 'M' 'M' 'M' 'M' 'M' 'M' 'M' 'M' 'M' 'M' 'M' 'M' 'M' 'U' 'M' 'M' 'M'
 'M' 'M' 'M' 'U' 'M' 'M' 'M' 'M' 'M' 'M' 'M' 'M' 'U' 'U' 'M' 'U' 'M' 'M'
 'M' 'M' 'M' 'M' 'M' 'M' 'M' 'M' 'U' 'U' 'M' 'U' 'U' 'M' 'M' 'M' 'U' 'M'
 'M' 'U' 'M' 'M' 'M' 'U' 'M' 'U' 'M' 'M' 'M' 'M' 'M' 'M' 'M' 'M' 'M' 'M'
 'U' 'M' 'M' 'U' 'M' 'M' 'U' 'M' 'M' 'M' 'A' 'M' 'U' 'M' 'U' 'U' 'U' 'M'
 'M' 'M' 'M' 'M' 'U' 'M' 'M' 'U' 'M' 'M' 'M' 'M' 'M' 'M' 'U' 'M' 'U' 'U'
 'M' 'M' 'M' 'U' 'M' 'M' 'M' 'M' 'M' 'M' 'M' 'A' 'M' 'M' 'M' 'M' 'M' 'U'
 'M' 'M' 'M' 'M' 'M' 'M' 'M' 'M' 'M' 'M' 'M' 'M' 'M' 'M' 'M' 'M' 'M' 'M']"
252201,0,161,3,158,37,0,0,"['A' 'M' 'M' 'M' 'M' 'M' 'M' 'M' 'M' 'M' 'M' 'M' 'M' 'M' 'M' 'M' 'M' 'M'
 'M' 'M' 'U' 'U' 'M' 'U' 'M' 'M' 'M' 'U' 'M' 'M' 'M' 'M' 'M' 'M' 'M' 'U'
 'U' 'M' 'U' 'M' 'M' 'U' 'M' 'M' 'M' 'U' 'A' 'M' 'M' 'M' 'M' 'M' 'M' 'M'
 'M' 'U' 'M' 'M' 'M' 'M' 'M' 'M' 'M' 'M' 'M' 'M' 'M' 'M' 'M' 'M' 'M' 'M'
 'U' 'M' 'M' 'U' 'M' 'M' 'U' 'M' 'U' 'M' 'M' 'M' 'M' 'M' 'M' 'M' 'M' 'U'
 'M' 'M' 'M' 'M' 'M' 'M' 'M' 'M' 'U' 'U' 'M' 'U' 'M' 'M' 'U' 'M' 'M' 'M'
 'U' 'U' 'M' 'M' 'M' 'U' 'M' 'M' 'M' 'M' 'M' 'M' 'M' 'M' 'M' 'M' 'M' 'M'
 'M' 'M' 'M' 'U' 'M' 'M' 'U' 'M' 'M' 'M' 'U' 'M' 'U' 'M' 'M' 'U' 'U' 'M'
 'M' 'M' 'M' 'M' 'U' 'M' 'U' 'U' 'M' 'M' 'M' 'M' 'M' 'M' 'M' 'M' 'U' 'M'
 'M' 'M' 'M' 'U' 'M' 'M' 'M' 'M' 'M' 'M' 'U' 'A' 'M' 'M' 'M' 'M' 'M' 'U'
 'U' 'M' 'M' 'M' 'M' 'M' 'M' 'M' 'M' 'M' 'U' 'M' 'M' 'M' 'M' 'M' 'M' 'M']"
252301,0,157,3,154,41,0,0,"['A' 'M' 'M' 'M' 'M' 'U' 'M' 'M' 'M' 'M' 'M' 'M' 'M' 'M' 'M' 'M' 'M' 'M'
 'M' 'M' 'U' 'U' 'M' 'U' 'M' 'M' 'M' 'M' 'M' 'M' 'U' 'M' 'M' 'M' 'U' 'M'
 'U' 'M' 'M' 'M' 'M' 'U' 'M' 'U' 'M' 'U' 'A' 'M' 'M' 'M' 'M' 'M' 'M' 'M'
 'M' 'U' 'M' 'M' 'M' 'M' 'M' 'M' 'M' 'M' 'M' 'U' 'M' 'M' 'M' 'M' 'U' 'M'
 'M' 'M' 'M' 'M' 'M' 'M' 'U' 'M' 'U' 'M' 'M' 'M' 'M' 'U' 'M' 'M' 'M' 'M'
 'M' 'M' 'M' 'M' 'M' 'M' 'M' 'M' 'U' 'U' 'M' 'M' 'M' 'M' 'U' 'M' 'M' 'M'
 'M' 'U' 'M' 'M' 'M' 'M' 'M' 'M' 'M' 'M' 'M' 'M' 'M' 'M' 'M' 'M' 'M' 'M'
 'M' 'M' 'M' 'U' 'U' 'U' 'U' 'M' 'U' 'U' 'U' 'U' 'U' 'M' 'M' 'U' 'U' 'M'
 'M' 'M' 'M' 'M' 'U' 'M' 'U' 'U' 'M' 'M' 'M' 'M' 'M' 'M' 'M' 'M' 'U' 'U'
 'M' 'M' 'M' 'U' 'M' 'M' 'M' 'M' 'M' 'M' 'U' 'A' 'M' 'M' 'M' 'M' 'M' 'M'
 'U' 'M' 'M' 'M' 'M' 'M' 'M' 'M' 'M' 'M' 'U' 'M' 'M' 'M' 'M' 'M' 'M' 'U']"
252401,0,157,3,154,41,0,0,"['A' 'M' 'M' 'M' 'M' 'U' 'M' 'M' 'M' 'M' 'M' 'M' 'M' 'M' 'M' 'M' 'M' 'M'
 'M' 'M' 'U' 'U' 'M' 'U' 'M' 'M' 'M' 'M' 'M' 'M' 'M' 'M' 'M' 'M' 'U' 'M'
 'M' 'M' 'M' 'M' 'M' 'U' 'M' 'M' 'M' 'U' 'A' 'U' 'M' 'M' 'M' 'M' 'U' 'M'
 'M' 'U' 'M' 'M' 'M' 'M' 'M' 'M' 'M' 'M' 'M' 'M' 'M' 'M' 'M' 'M' 'M' 'M'
 'M' 'U' 'M' 'M' 'M' 'M' 'M' 'M' 'M' 'M' 'M' 'M' 'M' 'U' 'M' 'U' 'U' 'M'
 'M' 'M' 'M' 'U' 'M' 'M' 'M' 'M' 'U' 'U' 'M' 'M' 'M' 'M' 'M' 'M' 'M' 'M'
 'M' 'U' 'M' 'M' 'U' 'M' 'M' 'M' 'M' 'M' 'M' 'U' 'M' 'M' 'M' 'M' 'M' 'M'
 'M' 'M' 'M' 'U' 'M' 'U' 'U' 'U' 'U' 'U' 'M' 'U' 'U' 'U' 'M' 'U' 'U' 'M'
 'M' 'M' 'M' 'M' 'U' 'M' 'U' 'U' 'M' 'M' 'M' 'M' 'M' 'U' 'M' 'M' 'U' 'U'
 'M' 'M' 'M' 'M' 'M' 'M' 'M' 'M' 'M' 'M' 'U' 'A' 'M' 'M' 'M' 'M' 'M' 'M'
 'U' 'M' 'M' 'M' 'M' 'M' 'M' 'M' 'M' 'M' 'U' 'M' 'M' 'M' 'M' 'M' 'M' 'U']"
252501,0,161,5,156,37,0,0,"['A' 'M' 'M' 'M' 'M' 'U' 'M' 'M' 'M' 'M' 'M' 'M' 'M' 'M' 'M' 'M' 'M' 'M'
 'U' 'M' 'U' 'M' 'M' 'U' 'M' 'M' 'M' 'M' 'M' 'M' 'M' 'M' 'M' 'M' 'U' 'M'
 'U' 'M' 'M' 'M' 'M' 'M' 'M' 'M' 'M' 'U' 'A' 'U' 'M' 'M' 'M' 'M' 'U' 'M'
 'M' 'U' 'M' 'M' 'M' 'M' 'M' 'M' 'M' 'M' 'M' 'M' 'M' 'M' 'U' 'M' 'M' 'M'
 'M' 'M' 'M' 'M' 'M' 'U' 'M' 'U' 'U' 'M' 'M' 'M' 'M' 'M' 'M' 'M' 'M' 'U'
 'M' 'M' 'M' 'M' 'M' 'M' 'M' 'M' 'U' 'U' 'M' 'M' 'M' 'M' 'M' 'M' 'M' 'M'
 'M' 'M' 'M' 'M' 'M' 'M' 'M' 'M' 'M' 'M' 'M' 'U' 'M' 'U' 'M' 'M' 'M' 'M'
 'M' 'M' 'M' 'A' 'M' 'M' 'U' 'A' 'U' 'U' 'U' 'U' 'U' 'U' 'M' 'U' 'U' 'M'
 'M' 'M' 'M' 'M' 'M' 'M' 'U' 'U' 'M' 'M' 'M' 'M' 'M' 'U' 'M' 'M' 'U' 'U'
 'M' 'M' 'M' 'M' 'M' 'M' 'M' 'M' 'M' 'M' 'U' 'A' 'M' 'M' 'M' 'M' 'M' 'M'
 'U' 'M' 'M' 'M' 'U' 'M' 'M' 'M' 'M' 'M' 'U' 'M' 'M' 'M' 'M' 'M' 'M' 'M']"
252601,0,162,1,161,36,0,0,"['A' 'M' 'U' 'M' 'M' 'U' 'M' 'M' 'M' 'M' 'M' 'M' 'M' 'M' 'M' 'M' 'M' 'M'
 'M' 'M' 'U' 'M' 'M' 'U' 'M' 'M' 'M' 'M' 'M' 'M' 'M' 'M' 'M' 'M' 'U' 'M'
 'M' 'M' 'M' 'M' 'M' 'M' 'M' 'M' 'M' 'U' 'U' 'M' 'M' 'M' 'M' 'M' 'M' 'M'
 'M' 'U' 'M' 'M' 'M' 'M' 'M' 'M' 'M' 'M' 'M' 'U' 'M' 'U' 'M' 'M' 'U' 'M'
 'M' 'M' 'M' 'M' 'M' 'M' 'M' 'M' 'M' 'M' 'M' 'M' 'M' 'M' 'M' 'M' 'M' 'U'
 'M' 'M' 'M' 'M' 'U' 'M' 'M' 'M' 'U' 'U' 'M' 'M' 'M' 'M' 'M' 'M' 'M' 'M'
 'M' 'M' 'M' 'M' 'M' 'M' 'M' 'M' 'M' 'M' 'M' 'U' 'M' 'U' 'M' 'M' 'M' 'M'
 'M' 'M' 'M' 'U' 'M' 'M' 'U' 'U' 'U' 'U' 'U' 'U' 'U' 'M' 'M' 'U' 'M' 'M'
 'M' 'M' 'M' 'M' 'M' 'M' 'U' 'U' 'M' 'M' 'M' 'M' 'M' 'U' 'M' 'U' 'U' 'U'
 'M' 'M' 'M' 'M' 'M' 'M' 'M' 'M' 'M' 'M' 'U' 'U' 'M' 'M' 'M' 'M' 'M' 'M'
 'U' 'M' 'M' 'M' 'M' 'M' 'M' 'M' 'M' 'M' 'U' 'M' 'M' 'M' 'M' 'M' 'M' 'M']"
252701,0,167,2,165,31,0,1,"['A' 'M' 'M' 'M' 'M' 'U' 'M' 'M' 'M' 'M' 'U' 'M' 'M' 'M' 'M' 'M' 'U' 'M'
 'U' 'M' 'M' 'M' 'M' 'U' 'M' 'M' 'M' 'M' 'M' 'M' 'M' 'M' 'M' 'M' 'U' 'M'
 'M' 'M' 'M' 'M' 'M' 'U' 'M' 'M' 'M' 'M' 'M' 'M' 'M' 'M' 'M' 'M' 'M' 'M'
 'M' 'U' 'M' 'M' 'M' 'M' 'M' 'M' 'M' 'M' 'M' 'M' 'M' 'M' 'M' 'U' 'M' 'M'
 'M' 'M' 'M' 'M' 'M' 'M' 'M' 'U' 'U' 'M' 'M' 'M' 'U' 'M' 'M' 'M' 'M' 'U'
 'M' 'M' 'M' 'M' 'M' 'M' 'M' 'M' 'M' 'U' 'M' 'M' 'M' 'M' 'M' 'M' 'M' 'M'
 'M' 'M' 'M' 'M' 'M' 'M' 'M' 'M' 'M' 'M' 'M' 'U' 'M' 'U' 'M' 'M' 'M' 'M'
 'M' 'M' 'M' 'U' 'M' 'M' 'M' 'U' 'M' 'U' 'U' 'M' 'M' 'M' 'M' 'A' 'M' 'M'
 'M' 'M' 'M' 'M' 'M' 'M' 'U' 'U' 'M' 'M' 'M' 'M' 'M' 'U' 'M' 'M' 'M' 'U'
 'U' 'M' 'M' 'M' 'M' 'M' 'M' 'M' 'M' 'M' 'U' 'U' 'M' 'M' 'M' 'M' 'M' 'M'
 'U' 'M' 'M' 'M' 'M' 'M' 'U' 'M' 'M' 'M' 'U' 'U' 'M' 'M' 'M' 'M' 'M' 'M']"
252801,0,166,3,163,32,0,1,"['A' 'M' 'M' 'M' 'M' 'U' 'M' 'M' 'M' 'M' 'U' 'M' 'M' 'M' 'M' 'M' 'U' 'M'
 'U' 'M' 'M' 'M' 'M' 'U' 'M' 'M' 'M' 'M' 'M' 'M' 'M' 'M' 'M' 'M' 'U' 'M'
 'M' 'M' 'M' 'M' 'M' 'U' 'M' 'M' 'M' 'M' 'M' 'M' 'M' 'M' 'M' 'M' 'M' 'M'
 'M' 'M' 'M' 'M' 'M' 'M' 'M' 'M' 'M' 'M' 'U' 'M' 'U' 'M' 'M' 'M' 'U' 'M'
 'M' 'U' 'M' 'M' 'M' 'M' 'M' 'M' 'M' 'U' 'M' 'M' 'M' 'M' 'M' 'M' 'M' 'M'
 'M' 'M' 'M' 'U' 'M' 'M' 'M' 'M' 'M' 'U' 'M' 'M' 'M' 'M' 'M' 'M' 'M' 'M'
 'M' 'M' 'M' 'M' 'M' 'M' 'M' 'M' 'M' 'M' 'M' 'U' 'M' 'M' 'M' 'M' 'M' 'M'
 'M' 'M' 'M' 'A' 'M' 'M' 'U' 'U' 'U' 'M' 'U' 'U' 'U' 'M' 'M' 'U' 'U' 'M'
 'M' 'M' 'M' 'M' 'M' 'M' 'U' 'U' 'M' 'M' 'M' 'M' 'M' 'U' 'M' 'M' 'M' 'U'
 'U' 'M' 'M' 'M' 'M' 'M' 'M' 'M' 'M' 'M' 'U' 'M' 'M' 'M' 'M' 'M' 'M' 'M'
 'U' 'M' 'M' 'M' 'M' 'M' 'U' 'M' 'M' 'M' 'U' 'A' 'M' 'M' 'M' 'M' 'M' 'M']"
252901,0,163,2,161,35,0,0,"['A' 'M' 'M' 'M' 'M' 'M' 'M' 'M' 'M' 'U' 'M' 'M' 'M' 'M' 'M' 'M' 'U' 'U'
 'U' 'M' 'M' 'M' 'M' 'U' 'U' 'M' 'M' 'M' 'M' 'M' 'M' 'M' 'M' 'U' 'U' 'M'
 'M' 'M' 'M' 'M' 'M' 'U' 'M' 'M' 'M' 'M' 'M' 'M' 'M' 'M' 'M' 'M' 'M' 'M'
 'M' 'M' 'M' 'M' 'M' 'M' 'M' 'M' 'M' 'U' 'M' 'M' 'M' 'U' 'M' 'U' 'M' 'M'
 'M' 'M' 'M' 'M' 'M' 'M' 'M' 'M' 'U' 'M' 'M' 'M' 'U' 'M' 'M' 'M' 'M' 'M'
 'U' 'M' 'M' 'M' 'M' 'M' 'M' 'M' 'M' 'M' 'M' 'M' 'M' 'U' 'M' 'M' 'M' 'M'
 'M' 'U' 'M' 'M' 'M' 'M' 'M' 'M' 'M' 'M' 'M' 'U' 'M' 'M' 'M' 'U' 'M' 'M'
 'M' 'M' 'M' 'A' 'M' 'M' 'U' 'M' 'U' 'U' 'U' 'M' 'U' 'M' 'M' 'U' 'U' 'M'
 'M' 'M' 'M' 'M' 'M' 'M' 'M' 'M' 'M' 'M' 'M' 'M' 'M' 'U' 'M' 'M' 'M' 'U'
 'M' 'M' 'U' 'M' 'M' 'M' 'M' 'M' 'M' 'M' 'M' 'U' 'M' 'M' 'M' 'M' 'M' 'M'
 'U' 'M' 'M' 'M' 'M' 'U' 'U' 'M' 'M' 'M' 'U' 'U' 'M' 'M' 'M' 'M' 'M' 'M']"
253001,0,160,2,158,38,0,0,"['A' 'M' 'M' 'M' 'M' 'M' 'M' 'M' 'M' 'U' 'M' 'M' 'M' 'M' 'M' 'M' 'U' 'U'
 'U' 'M' 'M' 'M' 'M' 'U' 'U' 'M' 'M' 'M' 'M' 'M' 'M' 'M' 'M' 'U' 'U' 'M'
 'M' 'M' 'U' 'M' 'M' 'U' 'M' 'M' 'M' 'M' 'M' 'M' 'M' 'U' 'U' 'M' 'M' 'M'
 'M' 'M' 'M' 'M' 'M' 'M' 'M' 'M' 'M' 'U' 'M' 'U' 'M' 'M' 'M' 'M' 'M' 'M'
 'U' 'M' 'M' 'U' 'M' 'M' 'M' 'M' 'M' 'M' 'M' 'M' 'M' 'M' 'U' 'M' 'M' 'M'
 'M' 'U' 'M' 'M' 'M' 'M' 'M' 'U' 'M' 'M' 'M' 'M' 'M' 'U' 'M' 'M' 'M' 'M'
 'M' 'U' 'M' 'M' 'U' 'M' 'M' 'M' 'M' 'M' 'M' 'U' 'M' 'M' 'M' 'U' 'M' 'M'
 'U' 'M' 'M' 'A' 'M' 'M' 'U' 'M' 'M' 'U' 'U' 'M' 'U' 'M' 'M' 'U' 'U' 'M'
 'M' 'M' 'M' 'M' 'M' 'M' 'M' 'M' 'M' 'M' 'M' 'M' 'M' 'M' 'M' 'M' 'M' 'M'
 'M' 'M' 'M' 'M' 'U' 'M' 'M' 'M' 'M' 'M' 'M' 'U' 'M' 'M' 'M' 'M' 'M' 'U'
 'U' 'M' 'M' 'M' 'M' 'M' 'U' 'M' 'M' 'M' 'U' 'U' 'M' 'M' 'M' 'M' 'M' 'M']"
253101,0,161,3,158,37,0,0,"['A' 'M' 'M' 'M' 'M' 'M' 'U' 'U' 'M' 'M' 'M' 'M' 'M' 'M' 'M' 'M' 'U' 'M'
 'A' 'M' 'M' 'M' 'M' 'U' 'U' 'M' 'M' 'M' 'M' 'M' 'M' 'M' 'M' 'U' 'U' 'M'
 'M' 'M' 'U' 'M' 'U' 'U' 'M' 'M' 'M' 'U' 'M' 'M' 'M' 'U' 'M' 'M' 'U' 'M'
 'M' 'M' 'M' 'M' 'M' 'M' 'M' 'M' 'M' 'M' 'M' 'M' 'M' 'M' 'M' 'M' 'M' 'U'
 'M' 'U' 'M' 'M' 'U' 'M' 'M' 'M' 'M' 'M' 'M' 'M' 'M' 'M' 'M' 'M' 'U' 'M'
 'M' 'M' 'M' 'M' 'U' 'M' 'M' 'U' 'M' 'M' 'M' 'M' 'M' 'U' 'M' 'M' 'M' 'M'
 'M' 'M' 'M' 'M' 'U' 'M' 'M' 'M' 'M' 'M' 'M' 'U' 'M' 'M' 'M' 'U' 'M' 'M'
 'U' 'M' 'M' 'A' 'M' 'M' 'U' 'U' 'U' 'U' 'U' 'U' 'M' 'M' 'M' 'M' 'U' 'M'
 'M' 'M' 'M' 'U' 'M' 'M' 'M' 'M' 'M' 'M' 'M' 'M' 'M' 'M' 'M' 'M' 'M' 'M'
 'M' 'M' 'M' 'M' 'U' 'M' 'M' 'M' 'M' 'M' 'M' 'M' 'M' 'M' 'M' 'M' 'M' 'M'
 'M' 'M' 'M' 'M' 'M' 'M' 'U' 'M' 'M' 'U' 'U' 'M' 'U' 'M' 'M' 'M' 'M' 'M']"
253201,0,165,4,161,33,0,0,"['A' 'M' 'M' 'M' 'M' 'M' 'M' 'M' 'M' 'M' 'M' 'M' 'M' 'M' 'M' 'M' 'U' 'M'
 'U' 'M' 'M' 'M' 'M' 'U' 'U' 'M' 'M' 'M' 'M' 'M' 'M' 'M' 'M' 'U' 'U' 'M'
 'M' 'M' 'U' 'M' 'U' 'A' 'M' 'M' 'M' 'U' 'M' 'M' 'M' 'U' 'M' 'M' 'M' 'M'
 'M' 'M' 'M' 'M' 'M' 'M' 'M' 'M' 'M' 'M' 'M' 'M' 'M' 'M' 'U' 'M' 'U' 'M'
 'M' 'M' 'M' 'M' 'M' 'M' 'M' 'M' 'M' 'M' 'M' 'U' 'M' 'M' 'M' 'M' 'U' 'M'
 'M' 'M' 'U' 'M' 'M' 'M' 'M' 'U' 'M' 'M' 'M' 'M' 'M' 'U' 'M' 'M' 'M' 'M'
 'M' 'U' 'M' 'M' 'U' 'M' 'M' 'M' 'M' 'M' 'M' 'M' 'M' 'M' 'M' 'U' 'M' 'M'
 'U' 'M' 'M' 'A' 'M' 'M' 'U' 'U' 'U' 'M' 'A' 'U' 'M' 'M' 'M' 'M' 'M' 'M'
 'M' 'M' 'M' 'U' 'M' 'M' 'M' 'M' 'M' 'M' 'M' 'U' 'M' 'M' 'M' 'M' 'M' 'M'
 'M' 'M' 'U' 'M' 'U' 'M' 'M' 'M' 'M' 'U' 'M' 'M' 'M' 'M' 'M' 'M' 'M' 'M'
 'M' 'M' 'M' 'M' 'M' 'M' 'U' 'M' 'U' 'M' 'M' 'M' 'U' 'M' 'M' 'M' 'M' 'M']"
253301,0,156,3,153,42,1,0,"['A' 'M' 'M' 'M' 'M' 'M' 'M' 'M' 'M' 'M' 'M' 'M' 'M' 'M' 'M' 'M' 'M' 'M'
 'U' 'M' 'M' 'M' 'M' 'U' 'U' 'M' 'M' 'M' 'M' 'M' 'M' 'M' 'M' 'U' 'U' 'M'
 'M' 'M' 'M' 'M' 'U' 'M' 'M' 'M' 'M' 'U' 'M' 'M' 'M' 'U' 'M' 'M' 'M' 'M'
 'U' 'M' 'M' 'M' 'U' 'M' 'M' 'U' 'M' 'M' 'M' 'M' 'M' 'U' 'M' 'M' 'U' 'M'
 'M' 'M' 'M' 'M' 'U' 'M' 'M' 'M' 'U' 'U' 'M' 'M' 'M' 'M' 'M' 'M' 'M' 'M'
 'M' 'M' 'M' 'M' 'M' 'M' 'U' 'U' 'M' 'M' 'M' 'M' 'M' 'U' 'M' 'U' 'U' 'M'
 'U' 'M' 'M' 'M' 'M' 'M' 'M' 'M' 'M' 'U' 'M' 'M' 'M' 'M' 'U' 'U' 'M' 'M'
 'U' 'M' 'M' 'A' 'M' 'U' 'U' 'U' 'M' 'M' 'A' 'U' 'U' 'M' 'M' 'M' 'M' 'M'
 'M' 'M' 'U' 'U' 'M' 'U' 'M' 'M' 'M' 'M' 'M' 'M' 'M' 'M' 'M' 'M' 'M' 'M'
 'M' 'M' 'M' 'M' 'U' 'M' 'M' 'M' 'M' 'U' 'M' 'M' 'M' 'M' 'M' 'M' 'U' 'M'
 'M' 'M' 'M' 'M' 'M' 'M' 'U' 'U' 'U' 'U' 'M' 'M' 'U' 'M' 'M' 'M' 'M' 'M']"
253401,0,162,3,159,36,0,0,"['A' 'M' 'M' 'M' 'M' 'M' 'M' 'M' 'M' 'M' 'M' 'M' 'M' 'M' 'M' 'M' 'M' 'M'
 'M' 'M' 'M' 'M' 'U' 'U' 'U' 'M' 'M' 'M' 'M' 'M' 'M' 'M' 'M' 'A' 'U' 'U'
 'M' 'M' 'M' 'U' 'U' 'M' 'M' 'M' 'M' 'M' 'M' 'M' 'M' 'U' 'M' 'U' 'M' 'M'
 'M' 'M' 'M' 'M' 'U' 'M' 'U' 'M' 'M' 'M' 'M' 'M' 'M' 'M' 'M' 'U' 'M' 'M'
 'M' 'M' 'M' 'M' 'M' 'U' 'M' 'U' 'U' 'M' 'M' 'M' 'M' 'M' 'U' 'M' 'M' 'M'
 'M' 'M' 'M' 'M' 'M' 'M' 'M' 'U' 'M' 'M' 'M' 'M' 'M' 'U' 'M' 'M' 'U' 'M'
 'U' 'M' 'M' 'M' 'M' 'M' 'M' 'M' 'M' 'U' 'M' 'M' 'M' 'M' 'M' 'U' 'U' 'M'
 'M' 'M' 'M' 'U' 'M' 'M' 'U' 'U' 'M' 'M' 'A' 'U' 'M' 'M' 'M' 'M' 'U' 'M'
 'M' 'M' 'U' 'M' 'M' 'M' 'M' 'M' 'M' 'M' 'M' 'U' 'M' 'M' 'M' 'M' 'U' 'M'
 'M' 'M' 'M' 'M' 'U' 'M' 'M' 'M' 'M' 'M' 'M' 'M' 'M' 'M' 'M' 'M' 'U' 'M'
 'M' 'M' 'M' 'M' 'M' 'M' 'U' 'U' 'M' 'M' 'M' 'M' 'U' 'M' 'M' 'M' 'M' 'M']"
253501,0,160,2,158,38,0,0,"['A' 'M' 'U' 'M' 'M' 'M' 'M' 'M' 'M' 'M' 'M' 'M' 'M' 'M' 'M' 'M' 'M' 'M'
 'M' 'M' 'M' 'M' 'M' 'U' 'U' 'M' 'M' 'M' 'M' 'M' 'M' 'M' 'M' 'M' 'U' 'M'
 'M' 'M' 'M' 'U' 'U' 'M' 'M' 'M' 'U' 'M' 'M' 'M' 'M' 'U' 'M' 'U' 'M' 'M'
 'M' 'M' 'M' 'M' 'U' 'M' 'U' 'M' 'U' 'U' 'M' 'M' 'M' 'M' 'M' 'M' 'M' 'M'
 'M' 'M' 'M' 'M' 'U' 'U' 'M' 'M' 'U' 'U' 'M' 'M' 'M' 'M' 'M' 'M' 'M' 'M'
 'M' 'M' 'M' 'U' 'M' 'M' 'M' 'U' 'M' 'M' 'M' 'M' 'M' 'U' 'M' 'M' 'U' 'M'
 'U' 'M' 'M' 'M' 'M' 'M' 'M' 'M' 'M' 'U' 'M' 'M' 'M' 'M' 'M' 'U' 'U' 'M'
 'M' 'M' 'M' 'M' 'M' 'M' 'U' 'U' 'M' 'M' 'A' 'U' 'U' 'M' 'M' 'M' 'U' 'M'
 'M' 'M' 'U' 'M' 'M' 'M' 'M' 'M' 'U' 'M' 'M' 'U' 'M' 'M' 'M' 'M' 'U' 'M'
 'M' 'M' 'M' 'M' 'U' 'M' 'M' 'M' 'M' 'M' 'M' 'M' 'M' 'M' 'M' 'M' 'U' 'M'
 'M' 'M' 'M' 'M' 'M' 'M' 'M' 'U' 'U' 'M' 'M' 'M' 'M' 'M' 'M' 'M' 'M' 'M']"
253601,0,164,2,162,34,0,0,"['A' 'M' 'M' 'U' 'M' 'M' 'M' 'M' 'M' 'M' 'M' 'M' 'M' 'M' 'M' 'M' 'M' 'M'
 'U' 'M' 'M' 'U' 'M' 'U' 'U' 'M' 'M' 'M' 'M' 'M' 'M' 'M' 'M' 'M' 'M' 'M'
 'M' 'M' 'M' 'U' 'U' 'M' 'M' 'M' 'U' 'M' 'M' 'M' 'M' 'U' 'M' 'M' 'M' 'M'
 'M' 'M' 'M' 'M' 'U' 'M' 'M' 'M' 'U' 'M' 'M' 'M' 'U' 'M' 'M' 'M' 'M' 'U'
 'M' 'M' 'M' 'M' 'M' 'M' 'M' 'U' 'M' 'M' 'M' 'M' 'U' 'M' 'U' 'M' 'M' 'M'
 'M' 'M' 'M' 'M' 'M' 'M' 'M' 'U' 'M' 'U' 'M' 'M' 'M' 'U' 'U' 'M' 'U' 'M'
 'U' 'M' 'M' 'M' 'M' 'M' 'M' 'M' 'M' 'U' 'M' 'M' 'M' 'M' 'M' 'U' 'M' 'M'
 'M' 'M' 'M' 'M' 'M' 'M' 'M' 'U' 'M' 'M' 'A' 'U' 'U' 'M' 'M' 'M' 'M' 'M'
 'M' 'M' 'M' 'M' 'M' 'M' 'M' 'M' 'U' 'M' 'M' 'U' 'M' 'M' 'M' 'M' 'U' 'M'
 'U' 'M' 'M' 'M' 'U' 'M' 'M' 'M' 'M' 'M' 'M' 'M' 'M' 'M' 'M' 'M' 'M' 'M'
 'M' 'M' 'M' 'M' 'M' 'M' 'M' 'U' 'U' 'M' 'M' 'M' 'M' 'M' 'M' 'M' 'M' 'M']"
253701,1,165,3,162,33,0,0,"['A' 'M' 'M' 'U' 'M' 'M' 'M' 'M' 'M' 'M' 'M' 'M' 'M' 'M' 'M' 'M' 'M' 'M'
 'U' 'M' 'M' 'U' 'M' 'M' 'M' 'M' 'M' 'M' 'M' 'M' 'M' 'M' 'M' 'M' 'M' 'M'
 'M' 'M' 'M' 'U' 'U' 'M' 'M' 'M' 'U' 'M' 'M' 'M' 'U' 'A' 'M' 'M' 'M' 'M'
 'M' 'M' 'M' 'M' 'U' 'U' 'M' 'M' 'U' 'M' 'M' 'M' 'U' 'M' 'M' 'M' 'M' 'M'
 'M' 'M' 'M' 'M' 'M' 'M' 'M' 'M' 'U' 'U' 'M' 'M' 'M' 'U' 'M' 'M' 'M' 'M'
 'M' 'M' 'M' 'M' 'U' 'M' 'M' 'U' 'M' 'U' 'M' 'M' 'M' 'U' 'M' 'M' 'M' 'M'
 'U' 'M' 'M' 'M' 'M' 'M' 'M' 'M' 'M' 'U' 'M' 'M' 'M' 'M' 'M' 'U' 'M' 'U'
 'M' 'M' 'M' 'M' 'M' 'U' 'U' 'U' 'M' 'M' 'A' 'M' 'U' 'M' 'M' 'M' 'U' 'M'
 'M' 'M' 'M' 'M' 'M' 'M' 'M' 'M' 'U' 'M' 'M' 'M' 'M' 'M' 'M' 'M' 'U' 'M'
 'U' 'M' 'M' 'M' 'M' 'M' 'M' 'M' 'M' 'M' 'M' 'M' 'M' 'M' 'M' 'M' 'M' 'M'
 'M' 'M' 'M' 'M' 'M' 'M' 'M' 'U' 'U' 'M' 'M' 'M' 'M' 'M' 'M' 'M' 'U' 'M']"
253801,0,161,3,158,37,0,0,"['A' 'M' 'M' 'M' 'M' 'M' 'M' 'M' 'M' 'M' 'U' 'M' 'M' 'M' 'M' 'M' 'U' 'M'
 'U' 'M' 'M' 'U' 'M' 'M' 'M' 'M' 'U' 'U' 'M' 'M' 'M' 'M' 'M' 'M' 'M' 'M'
 'M' 'M' 'M' 'U' 'U' 'M' 'M' 'M' 'M' 'M' 'U' 'M' 'U' 'A' 'M' 'M' 'M' 'M'
 'M' 'M' 'U' 'M' 'U' 'M' 'M' 'M' 'M' 'M' 'M' 'M' 'M' 'M' 'M' 'M' 'M' 'M'
 'M' 'M' 'M' 'M' 'M' 'M' 'M' 'M' 'M' 'U' 'U' 'M' 'M' 'U' 'M' 'M' 'M' 'M'
 'U' 'M' 'M' 'M' 'U' 'M' 'M' 'U' 'M' 'U' 'M' 'M' 'M' 'M' 'M' 'M' 'M' 'M'
 'U' 'M' 'M' 'M' 'M' 'M' 'M' 'M' 'M' 'U' 'M' 'U' 'M' 'M' 'M' 'U' 'M' 'M'
 'M' 'M' 'U' 'M' 'M' 'U' 'U' 'U' 'U' 'U' 'A' 'U' 'U' 'M' 'M' 'M' 'U' 'M'
 'M' 'M' 'M' 'M' 'M' 'M' 'M' 'M' 'M' 'M' 'M' 'M' 'U' 'M' 'M' 'M' 'M' 'M'
 'U' 'M' 'U' 'M' 'M' 'M' 'M' 'M' 'M' 'M' 'M' 'M' 'M' 'M' 'M' 'M' 'M' 'M'
 'M' 'M' 'M' 'M' 'M' 'M' 'M' 'U' 'U' 'M' 'M' 'M' 'M' 'M' 'M' 'M' 'M' 'M']"
253901,0,165,4,161,33,0,0,"['A' 'M' 'M' 'M' 'M' 'M' 'U' 'M' 'M' 'M' 'U' 'M' 'M' 'M' 'M' 'M' 'U' 'M'
 'U' 'M' 'M' 'U' 'M' 'M' 'M' 'M' 'U' 'U' 'M' 'M' 'M' 'U' 'M' 'M' 'U' 'M'
 'M' 'M' 'M' 'U' 'U' 'M' 'M' 'M' 'M' 'M' 'M' 'M' 'A' 'A' 'M' 'M' 'M' 'M'
 'M' 'M' 'M' 'M' 'U' 'M' 'M' 'M' 'M' 'M' 'M' 'M' 'M' 'M' 'U' 'M' 'M' 'M'
 'M' 'U' 'M' 'M' 'M' 'U' 'U' 'M' 'M' 'M' 'M' 'M' 'M' 'M' 'M' 'M' 'M' 'M'
 'M' 'U' 'M' 'M' 'M' 'M' 'M' 'U' 'M' 'U' 'M' 'M' 'M' 'M' 'M' 'M' 'M' 'M'
 'U' 'M' 'M' 'M' 'M' 'M' 'M' 'M' 'M' 'U' 'M' 'U' 'M' 'U' 'M' 'M' 'M' 'M'
 'M' 'M' 'M' 'M' 'M' 'M' 'M' 'U' 'U' 'M' 'A' 'U' 'U' 'M' 'U' 'M' 'M' 'M'
 'M' 'M' 'M' 'M' 'M' 'M' 'M' 'M' 'M' 'M' 'M' 'M' 'U' 'M' 'M' 'M' 'M' 'M'
 'M' 'M' 'U' 'U' 'M' 'M' 'M' 'M' 'M' 'M' 'M' 'M' 'M' 'M' 'M' 'M' 'M' 'M'
 'M' 'M' 'M' 'M' 'M' 'M' 'M' 'U' 'U' 'M' 'M' 'M' 'M' 'M' 'M' 'M' 'M' 'M']"
254001,0,161,2,159,37,0,1,"['A' 'M' 'M' 'M' 'M' 'M' 'U' 'M' 'M' 'M' 'U' 'M' 'M' 'M' 'M' 'M' 'U' 'M'
 'U' 'M' 'U' 'U' 'M' 'M' 'M' 'M' 'U' 'U' 'U' 'M' 'M' 'M' 'M' 'M' 'U' 'M'
 'M' 'M' 'U' 'U' 'M' 'M' 'M' 'M' 'M' 'M' 'M' 'M' 'U' 'A' 'M' 'M' 'M' 'M'
 'M' 'M' 'M' 'M' 'M' 'M' 'M' 'M' 'M' 'M' 'M' 'M' 'M' 'M' 'M' 'M' 'U' 'M'
 'M' 'M' 'M' 'M' 'U' 'M' 'U' 'U' 'M' 'M' 'M' 'M' 'U' 'M' 'M' 'M' 'M' 'M'
 'M' 'M' 'M' 'M' 'M' 'M' 'M' 'U' 'M' 'M' 'M' 'M' 'M' 'M' 'M' 'M' 'M' 'M'
 'U' 'M' 'M' 'M' 'M' 'M' 'M' 'M' 'M' 'U' 'M' 'M' 'U' 'U' 'M' 'M' 'M' 'M'
 'M' 'U' 'M' 'M' 'M' 'M' 'M' 'U' 'U' 'M' 'U' 'U' 'U' 'M' 'U' 'M' 'M' 'M'
 'M' 'M' 'M' 'M' 'M' 'M' 'M' 'M' 'M' 'U' 'M' 'M' 'U' 'M' 'M' 'M' 'M' 'M'
 'M' 'M' 'U' 'U' 'M' 'M' 'M' 'M' 'M' 'M' 'M' 'M' 'M' 'M' 'M' 'M' 'M' 'M'
 'M' 'M' 'M' 'M' 'M' 'M' 'M' 'U' 'M' 'M' 'U' 'M' 'M' 'M' 'M' 'U' 'M' 'M']"
254101,0,160,3,157,38,0,0,"['A' 'U' 'M' 'M' 'M' 'M' 'U' 'M' 'M' 'M' 'U' 'M' 'M' 'M' 'M' 'M' 'M' 'M'
 'U' 'M' 'M' 'U' 'M' 'M' 'M' 'U' 'U' 'U' 'M' 'M' 'M' 'M' 'M' 'M' 'U' 'M'
 'U' 'M' 'U' 'M' 'M' 'M' 'M' 'M' 'M' 'M' 'M' 'M' 'U' 'A' 'M' 'M' 'M' 'M'
 'M' 'M' 'M' 'M' 'M' 'M' 'M' 'M' 'M' 'M' 'M' 'M' 'M' 'M' 'M' 'M' 'M' 'M'
 'M' 'U' 'U' 'M' 'M' 'M' 'M' 'M' 'U' 'M' 'U' 'M' 'M' 'M' 'M' 'M' 'U' 'M'
 'M' 'M' 'M' 'M' 'M' 'M' 'M' 'U' 'M' 'M' 'M' 'M' 'M' 'M' 'M' 'M' 'M' 'M'
 'U' 'M' 'M' 'M' 'M' 'M' 'M' 'M' 'M' 'M' 'M' 'M' 'U' 'A' 'M' 'U' 'M' 'M'
 'M' 'U' 'M' 'M' 'U' 'M' 'M' 'U' 'M' 'M' 'U' 'U' 'U' 'M' 'U' 'M' 'M' 'M'
 'M' 'M' 'M' 'M' 'M' 'M' 'M' 'M' 'M' 'U' 'M' 'M' 'U' 'M' 'M' 'M' 'M' 'M'
 'M' 'M' 'M' 'U' 'M' 'M' 'M' 'M' 'M' 'M' 'M' 'M' 'U' 'U' 'U' 'M' 'M' 'M'
 'M' 'M' 'M' 'M' 'M' 'M' 'M' 'U' 'M' 'M' 'U' 'M' 'M' 'M' 'M' 'U' 'U' 'M']"
254201,0,164,5,159,34,0,0,"['A' 'U' 'M' 'M' 'M' 'M' 'U' 'M' 'M' 'M' 'M' 'M' 'M' 'M' 'M' 'M' 'M' 'M'
 'U' 'M' 'M' 'U' 'M' 'M' 'M' 'M' 'U' 'U' 'M' 'M' 'M' 'U' 'M' 'M' 'U' 'M'
 'M' 'M' 'U' 'M' 'M' 'M' 'M' 'M' 'M' 'M' 'M' 'M' 'U' 'A' 'M' 'M' 'M' 'M'
 'M' 'M' 'M' 'M' 'M' 'M' 'M' 'M' 'M' 'M' 'M' 'M' 'M' 'M' 'U' 'M' 'M' 'U'
 'M' 'M' 'M' 'M' 'M' 'U' 'M' 'U' 'M' 'M' 'M' 'M' 'M' 'M' 'M' 'M' 'M' 'U'
 'M' 'M' 'M' 'M' 'M' 'M' 'M' 'U' 'M' 'M' 'M' 'M' 'M' 'M' 'M' 'M' 'M' 'M'
 'U' 'M' 'M' 'M' 'M' 'M' 'M' 'M' 'M' 'M' 'M' 'M' 'A' 'A' 'M' 'U' 'M' 'M'
 'M' 'U' 'M' 'M' 'U' 'U' 'M' 'U' 'M' 'M' 'U' 'M' 'U' 'M' 'U' 'M' 'M' 'M'
 'M' 'M' 'M' 'M' 'M' 'M' 'M' 'M' 'M' 'U' 'M' 'M' 'U' 'M' 'M' 'M' 'M' 'M'
 'M' 'M' 'M' 'U' 'M' 'M' 'M' 'M' 'M' 'M' 'M' 'M' 'U' 'U' 'U' 'M' 'M' 'M'
 'M' 'M' 'M' 'M' 'M' 'M' 'U' 'U' 'M' 'M' 'M' 'M' 'M' 'M' 'M' 'U' 'A' 'M']"
254301,0,163,5,158,35,0,0,"['A' 'U' 'M' 'M' 'M' 'M' 'U' 'M' 'M' 'M' 'M' 'M' 'M' 'M' 'M' 'M' 'M' 'U'
 'U' 'M' 'M' 'U' 'M' 'M' 'M' 'M' 'M' 'U' 'M' 'M' 'M' 'U' 'M' 'M' 'A' 'M'
 'M' 'M' 'M' 'M' 'M' 'M' 'M' 'M' 'M' 'M' 'M' 'U' 'U' 'A' 'M' 'M' 'M' 'M'
 'M' 'M' 'M' 'M' 'M' 'M' 'M' 'M' 'M' 'M' 'M' 'M' 'M' 'M' 'M' 'U' 'M' 'M'
 'M' 'U' 'M' 'M' 'M' 'M' 'M' 'M' 'U' 'M' 'M' 'M' 'M' 'M' 'M' 'M' 'U' 'M'
 'U' 'M' 'M' 'M' 'M' 'M' 'M' 'U' 'M' 'M' 'U' 'U' 'M' 'M' 'M' 'M' 'M' 'M'
 'U' 'M' 'M' 'M' 'M' 'M' 'M' 'M' 'M' 'M' 'M' 'M' 'A' 'A' 'M' 'M' 'M' 'M'
 'M' 'M' 'M' 'M' 'M' 'U' 'U' 'M' 'U' 'U' 'U' 'U' 'U' 'M' 'U' 'M' 'M' 'M'
 'M' 'M' 'M' 'M' 'M' 'M' 'U' 'M' 'M' 'U' 'M' 'M' 'M' 'M' 'M' 'M' 'M' 'M'
 'M' 'M' 'M' 'U' 'M' 'M' 'M' 'M' 'M' 'M' 'M' 'M' 'U' 'U' 'M' 'M' 'M' 'M'
 'M' 'M' 'M' 'M' 'M' 'M' 'U' 'U' 'M' 'M' 'M' 'M' 'M' 'M' 'M' 'U' 'U' 'M']"
254401,0,165,6,159,33,0,1,"['A' 'A' 'M' 'M' 'M' 'M' 'M' 'M' 'M' 'M' 'M' 'M' 'M' 'M' 'M' 'M' 'M' 'U'
 'U' 'M' 'M' 'M' 'M' 'M' 'M' 'M' 'M' 'U' 'M' 'M' 'M' 'U' 'M' 'M' 'A' 'M'
 'M' 'M' 'M' 'M' 'M' 'M' 'M' 'M' 'M' 'M' 'M' 'U' 'U' 'A' 'M' 'U' 'M' 'M'
 'M' 'M' 'M' 'U' 'M' 'M' 'M' 'M' 'M' 'M' 'M' 'M' 'M' 'U' 'M' 'U' 'M' 'M'
 'M' 'M' 'M' 'M' 'M' 'M' 'M' 'M' 'M' 'M' 'U' 'M' 'M' 'M' 'M' 'M' 'U' 'M'
 'M' 'M' 'M' 'U' 'M' 'M' 'M' 'U' 'M' 'M' 'U' 'U' 'M' 'M' 'M' 'M' 'M' 'M'
 'U' 'M' 'M' 'M' 'M' 'M' 'M' 'M' 'M' 'M' 'M' 'M' 'A' 'A' 'M' 'M' 'M' 'M'
 'M' 'M' 'M' 'M' 'M' 'U' 'U' 'U' 'U' 'M' 'U' 'U' 'U' 'M' 'M' 'M' 'M' 'M'
 'M' 'M' 'M' 'M' 'M' 'M' 'U' 'M' 'M' 'U' 'M' 'U' 'M' 'M' 'M' 'U' 'M' 'M'
 'M' 'M' 'M' 'U' 'M' 'M' 'M' 'M' 'M' 'M' 'M' 'M' 'M' 'U' 'M' 'M' 'M' 'M'
 'M' 'M' 'M' 'M' 'M' 'M' 'U' 'U' 'M' 'M' 'M' 'M' 'M' 'M' 'M' 'M' 'U' 'M']"
254501,0,164,5,159,34,0,0,"['A' 'A' 'M' 'M' 'M' 'M' 'M' 'M' 'M' 'M' 'M' 'M' 'M' 'M' 'M' 'M' 'M' 'U'
 'U' 'M' 'M' 'M' 'U' 'M' 'M' 'M' 'M' 'U' 'M' 'M' 'M' 'M' 'M' 'M' 'A' 'M'
 'M' 'M' 'M' 'M' 'M' 'M' 'M' 'M' 'M' 'M' 'M' 'M' 'U' 'U' 'M' 'U' 'M' 'M'
 'M' 'M' 'M' 'U' 'M' 'M' 'M' 'U' 'M' 'M' 'M' 'U' 'M' 'M' 'M' 'M' 'U' 'M'
 'M' 'M' 'M' 'M' 'M' 'U' 'M' 'M' 'M' 'M' 'M' 'M' 'M' 'M' 'M' 'U' 'M' 'U'
 'M' 'M' 'M' 'M' 'M' 'M' 'M' 'U' 'M' 'M' 'U' 'U' 'M' 'M' 'M' 'M' 'M' 'M'
 'U' 'M' 'U' 'M' 'M' 'M' 'M' 'M' 'M' 'M' 'M' 'M' 'A' 'A' 'M' 'M' 'M' 'M'
 'M' 'M' 'M' 'M' 'M' 'M' 'U' 'U' 'U' 'M' 'U' 'M' 'U' 'M' 'M' 'M' 'M' 'M'
 'M' 'M' 'M' 'M' 'M' 'M' 'U' 'M' 'M' 'U' 'M' 'U' 'M' 'M' 'M' 'U' 'M' 'M'
 'M' 'M' 'M' 'U' 'M' 'M' 'M' 'M' 'M' 'M' 'M' 'M' 'M' 'U' 'M' 'M' 'M' 'M'
 'M' 'M' 'M' 'M' 'M' 'M' 'U' 'U' 'M' 'M' 'U' 'M' 'M' 'M' 'M' 'M' 'U' 'M']"
254601,0,165,5,160,33,0,0,"['A' 'U' 'M' 'M' 'M' 'M' 'M' 'M' 'M' 'M' 'M' 'M' 'M' 'M' 'M' 'M' 'M' 'U'
 'U' 'M' 'M' 'M' 'U' 'M' 'M' 'M' 'M' 'U' 'M' 'M' 'M' 'M' 'M' 'M' 'A' 'M'
 'M' 'U' 'M' 'U' 'M' 'M' 'M' 'M' 'M' 'M' 'M' 'M' 'U' 'U' 'M' 'U' 'M' 'M'
 'M' 'M' 'M' 'U' 'M' 'M' 'M' 'M' 'M' 'M' 'M' 'M' 'U' 'M' 'M' 'M' 'M' 'M'
 'M' 'M' 'M' 'U' 'M' 'M' 'M' 'U' 'M' 'M' 'M' 'M' 'M' 'M' 'M' 'U' 'M' 'U'
 'M' 'M' 'M' 'M' 'M' 'M' 'M' 'M' 'M' 'M' 'U' 'U' 'M' 'U' 'M' 'M' 'M' 'U'
 'U' 'M' 'U' 'M' 'M' 'M' 'M' 'M' 'M' 'M' 'M' 'M' 'A' 'A' 'M' 'M' 'M' 'M'
 'M' 'M' 'M' 'M' 'M' 'M' 'U' 'A' 'U' 'M' 'U' 'M' 'U' 'M' 'M' 'M' 'M' 'M'
 'M' 'M' 'M' 'M' 'M' 'M' 'M' 'U' 'M' 'M' 'M' 'U' 'M' 'M' 'M' 'U' 'M' 'M'
 'M' 'M' 'M' 'U' 'M' 'M' 'M' 'M' 'M' 'M' 'M' 'M' 'M' 'M' 'M' 'M' 'U' 'M'
 'M' 'M' 'M' 'M' 'M' 'M' 'M' 'U' 'M' 'M' 'M' 'M' 'M' 'M' 'M' 'M' 'U' 'M']"
254701,0,162,4,158,36,0,0,"['A' 'M' 'U' 'M' 'M' 'M' 'M' 'M' 'M' 'M' 'M' 'M' 'M' 'M' 'M' 'M' 'M' 'U'
 'U' 'M' 'M' 'M' 'U' 'M' 'M' 'M' 'M' 'U' 'M' 'M' 'M' 'M' 'M' 'M' 'A' 'M'
 'M' 'U' 'M' 'U' 'U' 'M' 'M' 'M' 'M' 'M' 'M' 'M' 'U' 'M' 'M' 'U' 'M' 'U'
 'M' 'M' 'M' 'U' 'M' 'M' 'M' 'M' 'M' 'M' 'M' 'M' 'M' 'M' 'M' 'M' 'U' 'M'
 'M' 'M' 'M' 'M' 'M' 'M' 'U' 'U' 'M' 'M' 'M' 'M' 'U' 'M' 'M' 'M' 'M' 'M'
 'M' 'M' 'U' 'M' 'M' 'M' 'M' 'M' 'M' 'M' 'U' 'U' 'M' 'U' 'U' 'M' 'M' 'U'
 'M' 'M' 'U' 'M' 'M' 'M' 'M' 'M' 'M' 'M' 'M' 'U' 'A' 'A' 'M' 'M' 'M' 'U'
 'U' 'M' 'M' 'M' 'M' 'M' 'U' 'U' 'U' 'M' 'U' 'M' 'U' 'M' 'M' 'M' 'U' 'M'
 'M' 'M' 'M' 'M' 'M' 'M' 'M' 'M' 'M' 'M' 'M' 'U' 'M' 'M' 'M' 'U' 'M' 'M'
 'M' 'M' 'M' 'M' 'M' 'M' 'M' 'M' 'M' 'M' 'M' 'M' 'M' 'M' 'M' 'M' 'U' 'M'
 'M' 'M' 'M' 'M' 'M' 'M' 'M' 'M' 'M' 'M' 'M' 'U' 'M' 'M' 'M' 'M' 'M' 'M']"
254801,1,155,3,152,43,0,0,"['A' 'M' 'U' 'M' 'M' 'M' 'M' 'M' 'M' 'M' 'M' 'M' 'M' 'M' 'M' 'M' 'M' 'M'
 'M' 'M' 'M' 'M' 'M' 'M' 'M' 'M' 'M' 'M' 'M' 'M' 'M' 'M' 'M' 'M' 'A' 'M'
 'M' 'U' 'M' 'U' 'U' 'M' 'M' 'M' 'M' 'M' 'M' 'M' 'U' 'M' 'M' 'U' 'M' 'U'
 'U' 'M' 'M' 'U' 'M' 'U' 'M' 'M' 'M' 'U' 'M' 'M' 'M' 'M' 'M' 'M' 'M' 'M'
 'M' 'U' 'U' 'M' 'M' 'M' 'M' 'M' 'M' 'U' 'M' 'M' 'M' 'M' 'M' 'M' 'M' 'M'
 'M' 'U' 'M' 'U' 'M' 'M' 'U' 'M' 'M' 'M' 'U' 'U' 'M' 'U' 'M' 'M' 'M' 'U'
 'M' 'M' 'U' 'M' 'M' 'M' 'M' 'M' 'M' 'M' 'M' 'U' 'U' 'A' 'M' 'M' 'M' 'U'
 'U' 'M' 'M' 'M' 'M' 'U' 'U' 'U' 'U' 'U' 'U' 'U' 'U' 'M' 'M' 'M' 'U' 'M'
 'M' 'M' 'M' 'U' 'M' 'M' 'M' 'M' 'U' 'M' 'M' 'U' 'M' 'M' 'M' 'U' 'M' 'M'
 'M' 'M' 'M' 'M' 'M' 'M' 'M' 'M' 'M' 'M' 'M' 'M' 'M' 'M' 'M' 'M' 'U' 'M'
 'M' 'M' 'U' 'M' 'M' 'U' 'M' 'M' 'M' 'M' 'M' 'U' 'M' 'M' 'M' 'M' 'M' 'M']"
254901,0,161,2,159,37,0,0,"['A' 'M' 'U' 'M' 'M' 'M' 'M' 'M' 'M' 'M' 'M' 'M' 'M' 'M' 'M' 'M' 'M' 'M'
 'M' 'M' 'M' 'M' 'M' 'M' 'M' 'M' 'U' 'M' 'M' 'M' 'M' 'M' 'M' 'M' 'A' 'M'
 'M' 'M' 'M' 'U' 'M' 'M' 'M' 'M' 'M' 'M' 'M' 'M' 'M' 'M' 'M' 'U' 'M' 'U'
 'M' 'M' 'M' 'M' 'M' 'M' 'M' 'M' 'M' 'U' 'M' 'M' 'U' 'M' 'M' 'U' 'U' 'M'
 'M' 'M' 'M' 'M' 'M' 'M' 'M' 'M' 'M' 'M' 'U' 'M' 'U' 'M' 'M' 'M' 'M' 'M'
 'M' 'M' 'M' 'M' 'M' 'M' 'U' 'M' 'M' 'M' 'M' 'U' 'M' 'U' 'M' 'M' 'M' 'U'
 'M' 'M' 'U' 'M' 'M' 'M' 'M' 'M' 'M' 'M' 'M' 'U' 'U' 'U' 'M' 'M' 'U' 'U'
 'U' 'M' 'M' 'M' 'M' 'U' 'U' 'M' 'U' 'U' 'U' 'U' 'U' 'M' 'M' 'M' 'U' 'M'
 'M' 'M' 'M' 'U' 'M' 'M' 'M' 'M' 'U' 'M' 'M' 'U' 'M' 'M' 'M' 'M' 'M' 'M'
 'M' 'M' 'M' 'U' 'M' 'M' 'M' 'M' 'M' 'M' 'M' 'M' 'M' 'M' 'M' 'M' 'U' 'M'
 'M' 'M' 'M' 'M' 'M' 'U' 'M' 'M' 'M' 'M' 'M' 'U' 'M' 'M' 'M' 'M' 'M' 'M']"
255001,1,161,3,158,37,0,0,"['A' 'M' 'U' 'M' 'M' 'M' 'M' 'M' 'M' 'M' 'M' 'M' 'M' 'M' 'M' 'M' 'M' 'M'
 'M' 'M' 'M' 'U' 'M' 'M' 'M' 'M' 'U' 'M' 'M' 'M' 'M' 'M' 'M' 'M' 'A' 'U'
 'M' 'M' 'M' 'U' 'M' 'M' 'M' 'M' 'M' 'M' 'M' 'M' 'M' 'M' 'M' 'U' 'M' 'M'
 'M' 'M' 'M' 'M' 'M' 'M' 'M' 'M' 'M' 'M' 'U' 'M' 'M' 'M' 'M' 'M' 'U' 'M'
 'M' 'M' 'M' 'M' 'M' 'M' 'M' 'M' 'M' 'U' 'M' 'M' 'M' 'M' 'M' 'U' 'M' 'M'
 'M' 'M' 'U' 'M' 'U' 'M' 'U' 'M' 'M' 'M' 'U' 'M' 'M' 'M' 'M' 'M' 'M' 'U'
 'M' 'M' 'M' 'M' 'M' 'M' 'M' 'M' 'M' 'M' 'M' 'U' 'U' 'M' 'M' 'M' 'U' 'U'
 'M' 'M' 'M' 'M' 'M' 'U' 'U' 'U' 'U' 'U' 'U' 'U' 'U' 'M' 'M' 'M' 'M' 'M'
 'M' 'M' 'M' 'A' 'U' 'M' 'M' 'M' 'U' 'M' 'M' 'U' 'M' 'M' 'M' 'M' 'M' 'M'
 'U' 'M' 'M' 'U' 'M' 'M' 'M' 'M' 'M' 'M' 'M' 'M' 'M' 'M' 'M' 'M' 'U' 'M'
 'M' 'M' 'M' 'M' 'M' 'U' 'M' 'M' 'M' 'M' 'U' 'U' 'U' 'M' 'M' 'M' 'M' 'M']"
255101,0,165,4,161,33,0,0,"['A' 'M' 'M' 'M' 'M' 'M' 'M' 'M' 'M' 'M' 'M' 'M' 'M' 'M' 'M' 'M' 'M' 'M'
 'M' 'M' 'U' 'A' 'M' 'M' 'M' 'M' 'U' 'M' 'M' 'M' 'M' 'M' 'M' 'M' 'A' 'U'
 'M' 'M' 'M' 'M' 'M' 'M' 'M' 'M' 'M' 'M' 'M' 'M' 'M' 'M' 'M' 'U' 'M' 'M'
 'M' 'M' 'M' 'M' 'M' 'M' 'M' 'M' 'M' 'U' 'M' 'M' 'M' 'U' 'U' 'U' 'M' 'M'
 'M' 'M' 'M' 'M' 'M' 'U' 'M' 'M' 'M' 'M' 'M' 'M' 'M' 'M' 'M' 'M' 'M' 'U'
 'M' 'M' 'M' 'M' 'M' 'M' 'U' 'M' 'M' 'M' 'U' 'M' 'M' 'M' 'M' 'M' 'M' 'U'
 'M' 'M' 'M' 'M' 'M' 'M' 'M' 'M' 'M' 'M' 'U' 'U' 'M' 'M' 'M' 'M' 'U' 'U'
 'M' 'M' 'M' 'M' 'M' 'U' 'M' 'U' 'U' 'U' 'U' 'M' 'U' 'M' 'M' 'M' 'U' 'M'
 'M' 'M' 'M' 'A' 'U' 'M' 'U' 'U' 'U' 'M' 'M' 'U' 'M' 'M' 'M' 'M' 'M' 'M'
 'M' 'M' 'M' 'U' 'M' 'M' 'M' 'M' 'M' 'M' 'M' 'M' 'M' 'M' 'M' 'M' 'M' 'M'
 'M' 'M' 'M' 'M' 'M' 'M' 'M' 'M' 'M' 'M' 'U' 'U' 'U' 'M' 'M' 'M' 'M' 'M']"
255201,0,167,4,163,31,0,0,"['A' 'M' 'M' 'M' 'M' 'M' 'M' 'M' 'M' 'M' 'M' 'M' 'U' 'M' 'M' 'M' 'M' 'M'
 'M' 'M' 'M' 'A' 'M' 'M' 'M' 'U' 'U' 'M' 'M' 'M' 'M' 'M' 'M' 'M' 'A' 'U'
 'M' 'M' 'M' 'M' 'M' 'M' 'M' 'M' 'M' 'M' 'M' 'M' 'M' 'M' 'M' 'U' 'M' 'M'
 'M' 'M' 'M' 'M' 'M' 'M' 'M' 'M' 'M' 'U' 'M' 'M' 'M' 'U' 'M' 'M' 'M' 'M'
 'M' 'U' 'M' 'U' 'M' 'M' 'M' 'M' 'M' 'M' 'U' 'M' 'M' 'M' 'M' 'M' 'M' 'M'
 'M' 'M' 'M' 'U' 'M' 'M' 'U' 'M' 'M' 'M' 'M' 'M' 'M' 'M' 'M' 'U' 'M' 'U'
 'M' 'M' 'M' 'M' 'M' 'M' 'M' 'M' 'M' 'U' 'U' 'M' 'M' 'M' 'M' 'M' 'U' 'U'
 'M' 'M' 'M' 'M' 'U' 'M' 'M' 'U' 'U' 'U' 'A' 'M' 'U' 'M' 'M' 'M' 'U' 'M'
 'M' 'M' 'M' 'U' 'U' 'M' 'M' 'U' 'U' 'M' 'M' 'M' 'M' 'M' 'M' 'M' 'M' 'M'
 'M' 'M' 'M' 'U' 'M' 'M' 'M' 'M' 'M' 'M' 'M' 'M' 'M' 'M' 'M' 'M' 'M' 'M'
 'M' 'M' 'M' 'M' 'M' 'M' 'M' 'M' 'M' 'M' 'M' 'U' 'U' 'M' 'M' 'M' 'M' 'M']"
255301,0,170,6,164,28,0,0,"['A' 'U' 'M' 'M' 'M' 'M' 'M' 'U' 'M' 'M' 'M' 'M' 'U' 'M' 'M' 'M' 'M' 'M'
 'M' 'M' 'M' 'A' 'M' 'M' 'M' 'M' 'U' 'M' 'M' 'M' 'M' 'M' 'M' 'M' 'A' 'U'
 'M' 'M' 'M' 'M' 'M' 'M' 'M' 'M' 'M' 'M' 'M' 'M' 'M' 'M' 'M' 'M' 'M' 'M'
 'M' 'M' 'M' 'M' 'M' 'M' 'M' 'M' 'M' 'A' 'M' 'M' 'M' 'U' 'U' 'M' 'U' 'M'
 'M' 'M' 'M' 'M' 'U' 'M' 'M' 'M' 'M' 'M' 'M' 'M' 'M' 'M' 'M' 'M' 'U' 'M'
 'M' 'M' 'M' 'M' 'M' 'M' 'U' 'M' 'M' 'M' 'M' 'M' 'M' 'M' 'M' 'A' 'M' 'U'
 'M' 'U' 'M' 'M' 'M' 'M' 'M' 'M' 'M' 'U' 'U' 'M' 'M' 'M' 'M' 'M' 'U' 'U'
 'M' 'M' 'M' 'M' 'U' 'M' 'M' 'U' 'U' 'U' 'A' 'M' 'U' 'M' 'M' 'M' 'U' 'M'
 'M' 'M' 'M' 'U' 'M' 'M' 'M' 'U' 'U' 'M' 'M' 'M' 'M' 'M' 'M' 'M' 'M' 'M'
 'M' 'M' 'M' 'U' 'M' 'M' 'M' 'M' 'M' 'M' 'M' 'M' 'M' 'M' 'M' 'M' 'M' 'M'
 'M' 'M' 'M' 'M' 'M' 'M' 'M' 'M' 'M' 'M' 'M' 'U' 'M' 'M' 'M' 'M' 'M' 'M']"
255401,0,169,4,165,29,0,0,"['A' 'U' 'M' 'M' 'M' 'M' 'M' 'U' 'M' 'M' 'M' 'M' 'M' 'M' 'M' 'M' 'M' 'M'
 'M' 'M' 'M' 'A' 'U' 'M' 'M' 'M' 'U' 'M' 'M' 'M' 'M' 'M' 'M' 'M' 'A' 'U'
 'M' 'M' 'M' 'M' 'M' 'M' 'M' 'M' 'M' 'M' 'U' 'M' 'M' 'M' 'M' 'M' 'M' 'M'
 'M' 'M' 'M' 'U' 'M' 'M' 'M' 'M' 'M' 'U' 'M' 'M' 'M' 'M' 'M' 'M' 'U' 'M'
 'M' 'M' 'M' 'M' 'M' 'M' 'M' 'M' 'M' 'M' 'U' 'U' 'M' 'M' 'U' 'M' 'M' 'M'
 'M' 'M' 'M' 'U' 'M' 'M' 'U' 'M' 'M' 'M' 'M' 'M' 'M' 'M' 'M' 'U' 'M' 'U'
 'M' 'U' 'M' 'M' 'M' 'M' 'M' 'M' 'M' 'U' 'U' 'M' 'M' 'M' 'M' 'M' 'M' 'U'
 'M' 'M' 'M' 'M' 'M' 'M' 'M' 'M' 'U' 'U' 'A' 'M' 'M' 'M' 'M' 'M' 'U' 'M'
 'M' 'M' 'M' 'M' 'M' 'M' 'M' 'U' 'M' 'M' 'M' 'M' 'M' 'M' 'M' 'M' 'M' 'M'
 'M' 'M' 'M' 'U' 'M' 'M' 'M' 'M' 'M' 'M' 'M' 'U' 'M' 'M' 'M' 'M' 'M' 'M'
 'M' 'M' 'M' 'M' 'M' 'M' 'M' 'M' 'M' 'M' 'M' 'U' 'U' 'M' 'M' 'U' 'M' 'M']"
255501,0,159,4,155,39,0,0,"['A' 'M' 'M' 'U' 'M' 'M' 'M' 'M' 'M' 'M' 'M' 'M' 'M' 'M' 'M' 'M' 'M' 'U'
 'M' 'M' 'M' 'A' 'U' 'M' 'M' 'M' 'U' 'M' 'M' 'M' 'U' 'M' 'M' 'M' 'A' 'U'
 'M' 'M' 'M' 'M' 'M' 'M' 'M' 'U' 'M' 'M' 'M' 'M' 'M' 'M' 'U' 'M' 'M' 'M'
 'M' 'M' 'M' 'U' 'M' 'M' 'M' 'M' 'M' 'U' 'M' 'U' 'M' 'M' 'M' 'M' 'M' 'M'
 'U' 'M' 'M' 'U' 'U' 'M' 'M' 'M' 'U' 'M' 'M' 'M' 'M' 'M' 'M' 'M' 'M' 'M'
 'M' 'M' 'M' 'M' 'M' 'M' 'U' 'M' 'M' 'M' 'M' 'M' 'M' 'M' 'M' 'U' 'U' 'U'
 'M' 'U' 'M' 'M' 'M' 'M' 'M' 'M' 'M' 'U' 'U' 'M' 'M' 'M' 'M' 'M' 'M' 'U'
 'M' 'M' 'M' 'M' 'M' 'U' 'U' 'U' 'U' 'U' 'A' 'U' 'U' 'M' 'U' 'M' 'U' 'U'
 'M' 'M' 'M' 'M' 'M' 'M' 'M' 'U' 'M' 'M' 'M' 'M' 'M' 'M' 'M' 'M' 'M' 'M'
 'M' 'U' 'M' 'U' 'M' 'M' 'M' 'M' 'M' 'M' 'M' 'U' 'M' 'M' 'M' 'M' 'M' 'M'
 'M' 'M' 'M' 'M' 'M' 'M' 'M' 'M' 'M' 'M' 'M' 'M' 'U' 'M' 'M' 'U' 'M' 'M']"
255601,0,157,4,153,41,0,0,"['A' 'M' 'M' 'U' 'M' 'M' 'M' 'M' 'M' 'M' 'M' 'M' 'M' 'M' 'M' 'M' 'U' 'U'
 'M' 'M' 'M' 'A' 'U' 'M' 'M' 'M' 'U' 'M' 'U' 'M' 'M' 'U' 'M' 'M' 'U' 'M'
 'M' 'M' 'M' 'M' 'M' 'M' 'M' 'U' 'M' 'M' 'M' 'M' 'M' 'M' 'A' 'M' 'U' 'M'
 'M' 'M' 'M' 'U' 'M' 'U' 'M' 'M' 'M' 'U' 'M' 'M' 'M' 'U' 'U' 'M' 'M' 'M'
 'M' 'M' 'M' 'M' 'M' 'M' 'M' 'M' 'M' 'M' 'M' 'M' 'M' 'U' 'M' 'M' 'U' 'M'
 'U' 'M' 'M' 'M' 'M' 'M' 'U' 'M' 'U' 'M' 'M' 'U' 'M' 'M' 'M' 'U' 'M' 'U'
 'M' 'M' 'M' 'M' 'M' 'M' 'M' 'M' 'M' 'U' 'U' 'U' 'M' 'M' 'M' 'M' 'U' 'U'
 'M' 'M' 'M' 'M' 'M' 'U' 'U' 'U' 'U' 'U' 'A' 'M' 'U' 'M' 'M' 'M' 'U' 'U'
 'M' 'M' 'M' 'M' 'M' 'M' 'U' 'M' 'M' 'M' 'M' 'M' 'M' 'M' 'U' 'M' 'M' 'M'
 'M' 'M' 'M' 'U' 'M' 'M' 'M' 'M' 'M' 'M' 'M' 'M' 'M' 'M' 'M' 'M' 'M' 'M'
 'M' 'M' 'M' 'M' 'M' 'M' 'M' 'M' 'M' 'M' 'M' 'M' 'U' 'M' 'M' 'U' 'M' 'M']"
255701,0,161,5,156,37,1,0,"['A' 'M' 'M' 'U' 'M' 'M' 'M' 'M' 'M' 'M' 'M' 'M' 'M' 'M' 'M' 'M' 'U' 'M'
 'U' 'M' 'M' 'A' 'U' 'M' 'M' 'M' 'U' 'M' 'U' 'M' 'M' 'U' 'M' 'M' 'M' 'M'
 'M' 'M' 'M' 'M' 'M' 'M' 'M' 'U' 'M' 'M' 'U' 'M' 'M' 'M' 'M' 'M' 'A' 'M'
 'U' 'M' 'M' 'M' 'M' 'U' 'M' 'M' 'M' 'U' 'M' 'M' 'M' 'M' 'U' 'M' 'M' 'M'
 'M' 'U' 'M' 'M' 'M' 'M' 'U' 'M' 'M' 'M' 'M' 'U' 'M' 'M' 'U' 'M' 'M' 'M'
 'M' 'M' 'M' 'M' 'M' 'M' 'A' 'M' 'U' 'M' 'M' 'U' 'M' 'M' 'M' 'U' 'M' 'U'
 'M' 'M' 'M' 'M' 'M' 'M' 'M' 'M' 'M' 'U' 'M' 'U' 'M' 'M' 'M' 'M' 'M' 'U'
 'M' 'M' 'M' 'M' 'M' 'M' 'U' 'U' 'U' 'U' 'A' 'M' 'U' 'M' 'M' 'M' 'U' 'U'
 'M' 'M' 'M' 'M' 'M' 'M' 'U' 'M' 'M' 'M' 'M' 'M' 'M' 'M' 'U' 'M' 'M' 'M'
 'M' 'M' 'M' 'U' 'M' 'M' 'M' 'U' 'M' 'M' 'M' 'M' 'M' 'M' 'M' 'M' 'M' 'M'
 'M' 'M' 'M' 'M' 'M' 'M' 'M' 'M' 'M' 'M' 'M' 'M' 'U' 'M' 'M' 'U' 'M' 'M']"
255801,0,160,5,155,38,0,0,"['A' 'M' 'M' 'U' 'M' 'M' 'M' 'M' 'M' 'M' 'M' 'U' 'M' 'M' 'U' 'M' 'U' 'M'
 'U' 'M' 'M' 'A' 'U' 'U' 'M' 'M' 'M' 'M' 'U' 'M' 'M' 'U' 'M' 'M' 'M' 'M'
 'M' 'M' 'M' 'M' 'M' 'M' 'M' 'U' 'M' 'M' 'U' 'M' 'M' 'M' 'M' 'M' 'A' 'M'
 'M' 'M' 'M' 'M' 'M' 'U' 'M' 'M' 'M' 'U' 'M' 'M' 'M' 'M' 'U' 'U' 'M' 'M'
 'M' 'M' 'U' 'M' 'M' 'M' 'U' 'M' 'M' 'U' 'M' 'M' 'M' 'M' 'M' 'M' 'M' 'M'
 'M' 'M' 'M' 'M' 'M' 'M' 'A' 'M' 'M' 'M' 'M' 'A' 'M' 'M' 'M' 'U' 'M' 'U'
 'M' 'M' 'U' 'M' 'M' 'M' 'M' 'M' 'M' 'U' 'M' 'M' 'M' 'M' 'M' 'M' 'M' 'M'
 'M' 'M' 'M' 'M' 'M' 'M' 'U' 'U' 'M' 'U' 'U' 'M' 'U' 'M' 'M' 'M' 'U' 'U'
 'M' 'M' 'M' 'M' 'M' 'M' 'U' 'M' 'M' 'U' 'M' 'M' 'M' 'M' 'M' 'M' 'M' 'M'
 'M' 'M' 'M' 'M' 'M' 'M' 'M' 'U' 'M' 'M' 'M' 'M' 'M' 'U' 'M' 'M' 'M' 'M'
 'M' 'M' 'M' 'M' 'M' 'M' 'U' 'U' 'M' 'M' 'U' 'M' 'M' 'M' 'M' 'U' 'M' 'U']"
255901,0,159,3,156,39,0,0,"['A' 'M' 'M' 'U' 'M' 'M' 'M' 'M' 'M' 'M' 'M' 'M' 'M' 'M' 'U' 'M' 'U' 'M'
 'U' 'M' 'M' 'A' 'U' 'M' 'M' 'M' 'M' 'M' 'U' 'M' 'M' 'U' 'U' 'M' 'U' 'M'
 'M' 'M' 'M' 'U' 'M' 'M' 'M' 'U' 'M' 'M' 'M' 'M' 'M' 'M' 'M' 'M' 'M' 'M'
 'M' 'M' 'M' 'M' 'M' 'M' 'M' 'M' 'M' 'U' 'M' 'M' 'M' 'M' 'M' 'M' 'M' 'U'
 'M' 'M' 'M' 'M' 'M' 'U' 'U' 'M' 'U' 'U' 'M' 'M' 'M' 'M' 'M' 'M' 'M' 'M'
 'M' 'M' 'M' 'M' 'M' 'M' 'U' 'M' 'M' 'M' 'M' 'A' 'M' 'M' 'M' 'U' 'M' 'U'
 'M' 'M' 'U' 'M' 'M' 'M' 'M' 'M' 'M' 'U' 'M' 'M' 'M' 'M' 'M' 'M' 'M' 'M'
 'M' 'M' 'M' 'M' 'M' 'M' 'U' 'U' 'U' 'U' 'U' 'U' 'U' 'U' 'M' 'M' 'U' 'U'
 'M' 'M' 'M' 'M' 'M' 'M' 'U' 'M' 'M' 'U' 'M' 'M' 'M' 'M' 'M' 'M' 'M' 'M'
 'M' 'M' 'M' 'M' 'M' 'M' 'M' 'U' 'M' 'M' 'M' 'M' 'M' 'U' 'M' 'M' 'M' 'M'
 'M' 'M' 'M' 'M' 'M' 'M' 'M' 'U' 'M' 'M' 'U' 'M' 'M' 'M' 'M' 'U' 'M' 'M']"
256001,0,156,4,152,42,1,0,"['A' 'M' 'M' 'U' 'M' 'M' 'M' 'M' 'M' 'M' 'M' 'M' 'U' 'M' 'M' 'M' 'U' 'M'
 'U' 'M' 'M' 'A' 'U' 'M' 'M' 'M' 'M' 'M' 'U' 'M' 'M' 'U' 'U' 'M' 'U' 'U'
 'M' 'M' 'M' 'U' 'M' 'M' 'M' 'U' 'M' 'M' 'M' 'M' 'M' 'M' 'M' 'M' 'M' 'M'
 'M' 'M' 'M' 'U' 'U' 'M' 'M' 'M' 'M' 'M' 'M' 'M' 'U' 'M' 'M' 'M' 'U' 'M'
 'M' 'M' 'M' 'M' 'U' 'M' 'M' 'M' 'M' 'M' 'M' 'M' 'M' 'M' 'M' 'M' 'M' 'M'
 'M' 'M' 'M' 'U' 'U' 'M' 'M' 'M' 'M' 'M' 'M' 'A' 'M' 'M' 'U' 'U' 'M' 'U'
 'M' 'M' 'U' 'M' 'M' 'M' 'M' 'M' 'M' 'U' 'M' 'M' 'M' 'M' 'M' 'M' 'U' 'M'
 'M' 'M' 'M' 'M' 'M' 'M' 'U' 'U' 'U' 'U' 'M' 'U' 'U' 'M' 'M' 'M' 'M' 'M'
 'M' 'M' 'M' 'M' 'U' 'M' 'U' 'M' 'M' 'U' 'M' 'M' 'M' 'M' 'M' 'M' 'M' 'M'
 'M' 'M' 'U' 'M' 'M' 'A' 'M' 'M' 'M' 'M' 'U' 'M' 'M' 'M' 'U' 'M' 'M' 'M'
 'M' 'U' 'M' 'M' 'M' 'M' 'M' 'U' 'U' 'M' 'U' 'M' 'M' 'M' 'M' 'U' 'M' 'M']"
256101,0,157,5,152,41,0,0,"['A' 'M' 'M' 'U' 'M' 'M' 'M' 'M' 'M' 'M' 'M' 'M' 'U' 'M' 'M' 'M' 'M' 'M'
 'U' 'M' 'M' 'A' 'U' 'M' 'M' 'M' 'M' 'M' 'U' 'M' 'M' 'U' 'U' 'M' 'U' 'M'
 'U' 'M' 'M' 'M' 'M' 'M' 'M' 'M' 'M' 'M' 'M' 'M' 'M' 'M' 'M' 'M' 'M' 'M'
 'M' 'M' 'M' 'U' 'U' 'M' 'M' 'M' 'M' 'M' 'M' 'M' 'M' 'U' 'M' 'U' 'M' 'M'
 'M' 'M' 'M' 'M' 'M' 'M' 'M' 'M' 'M' 'U' 'M' 'M' 'M' 'U' 'M' 'M' 'M' 'M'
 'M' 'M' 'U' 'M' 'M' 'M' 'M' 'M' 'M' 'M' 'U' 'A' 'U' 'M' 'U' 'U' 'M' 'U'
 'M' 'M' 'U' 'M' 'M' 'M' 'M' 'M' 'M' 'U' 'M' 'U' 'M' 'M' 'M' 'M' 'U' 'M'
 'M' 'U' 'M' 'M' 'M' 'M' 'U' 'U' 'A' 'U' 'M' 'U' 'U' 'M' 'M' 'M' 'M' 'M'
 'M' 'M' 'M' 'M' 'M' 'M' 'U' 'M' 'M' 'U' 'M' 'M' 'M' 'M' 'M' 'M' 'M' 'U'
 'M' 'M' 'U' 'M' 'M' 'A' 'M' 'M' 'M' 'M' 'U' 'M' 'M' 'M' 'U' 'M' 'M' 'M'
 'M' 'U' 'M' 'M' 'M' 'M' 'M' 'M' 'U' 'M' 'U' 'M' 'M' 'M' 'M' 'U' 'M' 'M']"
256201,0,155,4,151,43,0,0,"['A' 'M' 'M' 'U' 'M' 'M' 'M' 'M' 'M' 'M' 'M' 'M' 'U' 'M' 'M' 'M' 'M' 'M'
 'M' 'M' 'M' 'U' 'U' 'M' 'M' 'U' 'M' 'M' 'U' 'M' 'M' 'U' 'U' 'M' 'M' 'M'
 'U' 'M' 'M' 'M' 'M' 'M' 'M' 'M' 'M' 'M' 'U' 'M' 'M' 'M' 'M' 'M' 'M' 'M'
 'M' 'M' 'M' 'U' 'U' 'M' 'M' 'M' 'M' 'M' 'M' 'M' 'M' 'M' 'M' 'M' 'M' 'M'
 'M' 'M' 'M' 'M' 'U' 'U' 'U' 'U' 'M' 'M' 'M' 'M' 'M' 'M' 'M' 'M' 'M' 'U'
 'M' 'M' 'M' 'M' 'M' 'M' 'M' 'M' 'M' 'M' 'U' 'A' 'M' 'M' 'U' 'U' 'M' 'U'
 'M' 'M' 'M' 'M' 'M' 'M' 'M' 'M' 'M' 'U' 'M' 'M' 'M' 'M' 'M' 'M' 'U' 'M'
 'M' 'U' 'M' 'M' 'U' 'M' 'M' 'U' 'A' 'U' 'M' 'U' 'M' 'M' 'M' 'U' 'M' 'M'
 'M' 'M' 'M' 'M' 'M' 'M' 'U' 'U' 'M' 'U' 'M' 'M' 'M' 'M' 'M' 'M' 'M' 'U'
 'M' 'M' 'U' 'M' 'M' 'A' 'M' 'M' 'M' 'M' 'U' 'M' 'M' 'M' 'U' 'M' 'M' 'M'
 'M' 'U' 'M' 'U' 'M' 'M' 'M' 'M' 'U' 'U' 'U' 'M' 'M' 'U' 'M' 'U' 'M' 'M']"
256301,0,157,1,156,41,0,0,"['A' 'M' 'M' 'U' 'M' 'M' 'M' 'M' 'M' 'M' 'M' 'M' 'U' 'M' 'M' 'M' 'M' 'M'
 'M' 'M' 'M' 'U' 'U' 'M' 'M' 'U' 'M' 'M' 'U' 'M' 'M' 'M' 'U' 'M' 'M' 'M'
 'U' 'M' 'M' 'M' 'M' 'M' 'M' 'U' 'M' 'M' 'U' 'M' 'M' 'M' 'M' 'M' 'M' 'M'
 'M' 'M' 'U' 'M' 'M' 'M' 'M' 'M' 'M' 'M' 'M' 'U' 'M' 'M' 'M' 'M' 'M' 'M'
 'M' 'M' 'M' 'M' 'M' 'M' 'M' 'M' 'M' 'M' 'U' 'M' 'U' 'M' 'M' 'M' 'M' 'U'
 'U' 'M' 'M' 'M' 'M' 'M' 'M' 'M' 'M' 'U' 'U' 'U' 'M' 'M' 'U' 'U' 'M' 'U'
 'M' 'M' 'M' 'M' 'M' 'M' 'M' 'M' 'M' 'U' 'M' 'M' 'M' 'M' 'M' 'M' 'U' 'M'
 'M' 'U' 'M' 'M' 'M' 'M' 'M' 'U' 'U' 'U' 'M' 'M' 'M' 'M' 'M' 'M' 'M' 'M'
 'M' 'M' 'M' 'M' 'M' 'M' 'U' 'U' 'M' 'M' 'M' 'M' 'M' 'M' 'M' 'U' 'M' 'M'
 'M' 'M' 'U' 'M' 'M' 'U' 'M' 'M' 'M' 'M' 'U' 'M' 'M' 'M' 'U' 'M' 'M' 'M'
 'M' 'U' 'M' 'U' 'M' 'M' 'M' 'M' 'U' 'U' 'U' 'M' 'M' 'M' 'M' 'U' 'M' 'M']"
256401,0,161,1,160,37,0,0,"['A' 'M' 'M' 'M' 'M' 'M' 'M' 'M' 'M' 'M' 'M' 'M' 'U' 'M' 'M' 'M' 'M' 'U'
 'M' 'M' 'M' 'U' 'U' 'M' 'M' 'U' 'M' 'M' 'U' 'M' 'M' 'M' 'U' 'M' 'M' 'M'
 'U' 'M' 'M' 'M' 'M' 'M' 'M' 'M' 'M' 'U' 'U' 'M' 'M' 'M' 'M' 'M' 'U' 'M'
 'M' 'U' 'U' 'M' 'M' 'M' 'M' 'M' 'M' 'M' 'M' 'U' 'M' 'M' 'M' 'M' 'M' 'M'
 'M' 'U' 'M' 'M' 'M' 'M' 'U' 'M' 'M' 'M' 'M' 'M' 'M' 'M' 'U' 'M' 'M' 'M'
 'M' 'U' 'M' 'M' 'M' 'M' 'M' 'M' 'M' 'U' 'M' 'U' 'M' 'M' 'M' 'M' 'M' 'M'
 'M' 'M' 'M' 'M' 'M' 'M' 'M' 'M' 'M' 'U' 'U' 'M' 'M' 'M' 'M' 'M' 'M' 'M'
 'M' 'U' 'M' 'M' 'M' 'M' 'M' 'U' 'U' 'U' 'M' 'M' 'M' 'M' 'M' 'M' 'M' 'M'
 'M' 'M' 'M' 'M' 'M' 'M' 'M' 'U' 'M' 'M' 'M' 'M' 'M' 'M' 'M' 'U' 'M' 'M'
 'M' 'M' 'U' 'M' 'M' 'U' 'M' 'M' 'M' 'M' 'U' 'M' 'U' 'M' 'U' 'M' 'M' 'M'
 'M' 'U' 'M' 'U' 'M' 'M' 'M' 'M' 'M' 'M' 'U' 'M' 'M' 'M' 'M' 'U' 'M' 'M']"
256501,1,164,2,162,34,0,0,"['A' 'M' 'M' 'M' 'M' 'M' 'M' 'M' 'U' 'M' 'M' 'M' 'A' 'M' 'M' 'M' 'M' 'U'
 'M' 'M' 'M' 'U' 'U' 'M' 'M' 'M' 'M' 'M' 'U' 'M' 'M' 'M' 'M' 'M' 'M' 'M'
 'U' 'M' 'M' 'M' 'M' 'M' 'M' 'M' 'M' 'M' 'M' 'M' 'U' 'M' 'M' 'M' 'U' 'M'
 'M' 'U' 'U' 'U' 'M' 'M' 'M' 'M' 'M' 'M' 'M' 'M' 'M' 'M' 'M' 'U' 'M' 'M'
 'M' 'M' 'M' 'M' 'M' 'M' 'U' 'M' 'M' 'M' 'U' 'M' 'M' 'M' 'M' 'M' 'U' 'M'
 'M' 'M' 'U' 'M' 'M' 'M' 'M' 'M' 'M' 'U' 'M' 'M' 'M' 'M' 'M' 'M' 'M' 'M'
 'M' 'M' 'M' 'M' 'M' 'M' 'M' 'M' 'M' 'U' 'U' 'M' 'M' 'M' 'U' 'M' 'M' 'M'
 'M' 'U' 'M' 'M' 'M' 'M' 'U' 'M' 'U' 'U' 'M' 'M' 'M' 'M' 'M' 'M' 'M' 'M'
 'M' 'M' 'M' 'U' 'M' 'M' 'M' 'U' 'M' 'M' 'M' 'M' 'M' 'U' 'M' 'M' 'M' 'M'
 'M' 'M' 'U' 'M' 'M' 'U' 'M' 'M' 'M' 'M' 'M' 'M' 'U' 'M' 'U' 'M' 'M' 'M'
 'M' 'U' 'M' 'U' 'M' 'M' 'M' 'M' 'M' 'M' 'U' 'M' 'M' 'M' 'M' 'M' 'M' 'M']"
256601,0,159,3,156,39,0,0,"['A' 'M' 'M' 'M' 'M' 'M' 'M' 'M' 'U' 'M' 'M' 'M' 'A' 'M' 'M' 'M' 'M' 'U'
 'U' 'M' 'M' 'U' 'U' 'M' 'U' 'M' 'M' 'M' 'U' 'M' 'M' 'M' 'M' 'M' 'M' 'U'
 'U' 'M' 'M' 'M' 'M' 'M' 'M' 'M' 'M' 'M' 'M' 'M' 'U' 'M' 'M' 'M' 'U' 'M'
 'M' 'M' 'U' 'M' 'M' 'M' 'M' 'M' 'M' 'U' 'M' 'M' 'M' 'M' 'M' 'M' 'M' 'M'
 'M' 'U' 'M' 'U' 'U' 'M' 'M' 'M' 'M' 'U' 'M' 'M' 'M' 'M' 'M' 'M' 'M' 'M'
 'M' 'U' 'M' 'M' 'M' 'M' 'M' 'M' 'M' 'A' 'M' 'M' 'M' 'M' 'M' 'M' 'M' 'M'
 'M' 'M' 'M' 'M' 'M' 'M' 'M' 'M' 'M' 'U' 'M' 'M' 'M' 'M' 'M' 'M' 'M' 'M'
 'M' 'M' 'M' 'M' 'M' 'U' 'U' 'M' 'U' 'U' 'U' 'U' 'U' 'M' 'U' 'M' 'M' 'M'
 'M' 'M' 'M' 'U' 'M' 'M' 'M' 'U' 'U' 'U' 'M' 'M' 'M' 'M' 'M' 'M' 'M' 'M'
 'M' 'M' 'M' 'M' 'M' 'U' 'M' 'M' 'M' 'M' 'M' 'M' 'U' 'M' 'U' 'M' 'M' 'M'
 'M' 'U' 'M' 'U' 'M' 'M' 'U' 'M' 'M' 'M' 'U' 'M' 'U' 'M' 'M' 'M' 'M' 'M']"
256701,0,165,3,162,33,0,0,"['A' 'M' 'M' 'M' 'M' 'M' 'M' 'A' 'U' 'M' 'M' 'M' 'U' 'M' 'M' 'M' 'M' 'U'
 'U' 'M' 'M' 'U' 'M' 'M' 'U' 'M' 'M' 'M' 'U' 'M' 'M' 'M' 'M' 'M' 'M' 'U'
 'U' 'M' 'M' 'M' 'M' 'M' 'M' 'M' 'M' 'M' 'M' 'M' 'U' 'M' 'M' 'M' 'U' 'M'
 'M' 'M' 'U' 'M' 'M' 'M' 'M' 'M' 'M' 'U' 'M' 'M' 'M' 'M' 'U' 'M' 'M' 'M'
 'M' 'M' 'M' 'M' 'M' 'M' 'M' 'M' 'M' 'M' 'M' 'M' 'M' 'M' 'U' 'M' 'M' 'M'
 'U' 'U' 'M' 'U' 'M' 'M' 'M' 'M' 'M' 'A' 'M' 'M' 'M' 'M' 'M' 'M' 'M' 'M'
 'M' 'M' 'M' 'M' 'M' 'M' 'M' 'M' 'M' 'U' 'M' 'M' 'M' 'M' 'M' 'M' 'M' 'M'
 'M' 'M' 'M' 'M' 'M' 'U' 'U' 'M' 'U' 'U' 'M' 'U' 'M' 'M' 'U' 'M' 'M' 'M'
 'M' 'M' 'M' 'M' 'M' 'M' 'M' 'M' 'U' 'U' 'M' 'M' 'M' 'M' 'M' 'M' 'M' 'M'
 'M' 'M' 'M' 'M' 'M' 'U' 'M' 'M' 'M' 'M' 'M' 'M' 'M' 'M' 'U' 'M' 'M' 'M'
 'M' 'U' 'M' 'U' 'M' 'M' 'U' 'M' 'M' 'M' 'U' 'M' 'M' 'M' 'M' 'M' 'M' 'M']"
256801,0,162,3,159,36,0,0,"['A' 'U' 'M' 'M' 'M' 'M' 'M' 'A' 'M' 'U' 'M' 'M' 'U' 'M' 'M' 'M' 'M' 'U'
 'U' 'M' 'M' 'M' 'M' 'M' 'U' 'M' 'M' 'M' 'U' 'U' 'M' 'U' 'M' 'M' 'M' 'U'
 'U' 'M' 'M' 'M' 'M' 'M' 'M' 'M' 'M' 'M' 'M' 'M' 'U' 'M' 'M' 'M' 'M' 'M'
 'M' 'M' 'U' 'U' 'M' 'M' 'M' 'M' 'M' 'M' 'M' 'M' 'M' 'M' 'M' 'M' 'M' 'M'
 'M' 'M' 'M' 'M' 'M' 'M' 'M' 'M' 'M' 'M' 'U' 'M' 'U' 'M' 'M' 'M' 'U' 'M'
 'M' 'M' 'U' 'U' 'M' 'M' 'M' 'M' 'M' 'A' 'M' 'M' 'M' 'M' 'M' 'M' 'U' 'M'
 'M' 'M' 'M' 'M' 'M' 'M' 'M' 'M' 'M' 'U' 'M' 'M' 'M' 'M' 'M' 'M' 'M' 'M'
 'M' 'M' 'M' 'M' 'M' 'U' 'M' 'M' 'U' 'U' 'M' 'M' 'M' 'M' 'U' 'M' 'U' 'M'
 'M' 'M' 'M' 'M' 'M' 'M' 'M' 'M' 'U' 'U' 'M' 'M' 'M' 'M' 'M' 'M' 'M' 'M'
 'M' 'M' 'M' 'M' 'M' 'U' 'M' 'M' 'M' 'M' 'M' 'M' 'M' 'M' 'U' 'M' 'M' 'M'
 'U' 'U' 'U' 'U' 'M' 'M' 'U' 'M' 'M' 'M' 'M' 'M' 'U' 'M' 'M' 'M' 'M' 'M']"
256901,0,166,3,163,32,0,1,"['A' 'M' 'M' 'M' 'M' 'M' 'M' 'A' 'U' 'U' 'M' 'M' 'U' 'M' 'M' 'M' 'M' 'U'
 'M' 'M' 'M' 'M' 'M' 'M' 'U' 'M' 'M' 'M' 'U' 'A' 'M' 'M' 'M' 'M' 'M' 'U'
 'U' 'M' 'M' 'M' 'M' 'M' 'M' 'M' 'M' 'M' 'M' 'M' 'U' 'M' 'M' 'M' 'M' 'M'
 'M' 'M' 'M' 'U' 'M' 'M' 'M' 'M' 'M' 'M' 'M' 'M' 'M' 'U' 'M' 'M' 'U' 'M'
 'M' 'M' 'M' 'U' 'M' 'M' 'M' 'M' 'M' 'M' 'M' 'M' 'U' 'U' 'M' 'M' 'M' 'M'
 'M' 'M' 'M' 'M' 'M' 'M' 'M' 'M' 'M' 'U' 'M' 'M' 'M' 'M' 'M' 'M' 'U' 'M'
 'M' 'M' 'M' 'M' 'M' 'M' 'M' 'M' 'M' 'M' 'M' 'M' 'M' 'M' 'M' 'M' 'M' 'M'
 'M' 'M' 'M' 'M' 'M' 'M' 'M' 'M' 'U' 'U' 'M' 'M' 'M' 'M' 'U' 'M' 'U' 'M'
 'M' 'M' 'M' 'M' 'M' 'M' 'M' 'U' 'U' 'U' 'M' 'M' 'M' 'M' 'M' 'M' 'M' 'M'
 'M' 'M' 'M' 'M' 'U' 'M' 'M' 'M' 'M' 'M' 'M' 'M' 'M' 'M' 'U' 'M' 'M' 'M'
 'U' 'U' 'U' 'M' 'M' 'M' 'U' 'M' 'M' 'M' 'U' 'M' 'U' 'M' 'M' 'M' 'M' 'M']"
257001,0,168,2,166,30,0,0,"['A' 'M' 'U' 'M' 'M' 'M' 'M' 'M' 'U' 'U' 'U' 'M' 'U' 'M' 'M' 'M' 'M' 'U'
 'M' 'M' 'M' 'M' 'M' 'M' 'U' 'M' 'M' 'M' 'U' 'A' 'M' 'M' 'M' 'M' 'M' 'U'
 'M' 'M' 'M' 'M' 'M' 'M' 'M' 'M' 'M' 'M' 'M' 'M' 'U' 'M' 'M' 'M' 'M' 'M'
 'M' 'M' 'M' 'U' 'M' 'M' 'M' 'M' 'M' 'M' 'M' 'M' 'U' 'U' 'M' 'M' 'M' 'M'
 'M' 'M' 'M' 'M' 'U' 'M' 'M' 'M' 'M' 'M' 'M' 'M' 'M' 'M' 'M' 'M' 'M' 'M'
 'M' 'M' 'M' 'U' 'U' 'M' 'M' 'M' 'M' 'M' 'M' 'M' 'M' 'M' 'M' 'M' 'U' 'M'
 'M' 'M' 'M' 'M' 'M' 'M' 'M' 'M' 'M' 'M' 'M' 'M' 'M' 'M' 'M' 'M' 'M' 'M'
 'M' 'M' 'M' 'M' 'M' 'M' 'M' 'M' 'U' 'U' 'M' 'M' 'M' 'M' 'U' 'M' 'M' 'M'
 'M' 'M' 'M' 'M' 'M' 'M' 'M' 'U' 'M' 'U' 'M' 'M' 'M' 'M' 'M' 'M' 'M' 'M'
 'M' 'M' 'M' 'U' 'U' 'M' 'M' 'M' 'M' 'M' 'M' 'M' 'M' 'M' 'M' 'M' 'M' 'M'
 'M' 'U' 'U' 'M' 'U' 'M' 'U' 'M' 'M' 'M' 'U' 'M' 'U' 'M' 'M' 'M' 'M' 'M']"
257101,0,165,2,163,33,0,0,"['A' 'M' 'U' 'U' 'M' 'M' 'M' 'M' 'M' 'U' 'M' 'M' 'U' 'M' 'M' 'U' 'U' 'U'
 'M' 'M' 'M' 'M' 'M' 'M' 'U' 'M' 'M' 'M' 'U' 'A' 'M' 'M' 'M' 'M' 'M' 'M'
 'M' 'M' 'M' 'M' 'M' 'M' 'M' 'M' 'M' 'M' 'M' 'M' 'U' 'M' 'M' 'M' 'U' 'M'
 'U' 'M' 'M' 'U' 'M' 'M' 'M' 'M' 'M' 'M' 'U' 'M' 'M' 'M' 'M' 'M' 'M' 'M'
 'M' 'M' 'M' 'M' 'M' 'M' 'M' 'M' 'U' 'M' 'M' 'M' 'U' 'M' 'M' 'M' 'U' 'M'
 'U' 'M' 'M' 'U' 'M' 'M' 'M' 'M' 'M' 'M' 'M' 'M' 'M' 'M' 'M' 'M' 'M' 'M'
 'M' 'M' 'M' 'U' 'M' 'M' 'M' 'M' 'M' 'M' 'M' 'M' 'M' 'M' 'M' 'U' 'U' 'M'
 'M' 'M' 'M' 'M' 'M' 'M' 'M' 'M' 'M' 'U' 'M' 'M' 'M' 'M' 'U' 'M' 'M' 'M'
 'M' 'M' 'M' 'M' 'M' 'M' 'M' 'M' 'M' 'U' 'M' 'M' 'M' 'M' 'M' 'M' 'M' 'M'
 'M' 'M' 'M' 'U' 'U' 'U' 'M' 'M' 'M' 'M' 'M' 'M' 'M' 'M' 'M' 'M' 'M' 'M'
 'M' 'U' 'U' 'M' 'M' 'M' 'U' 'M' 'M' 'M' 'U' 'M' 'U' 'M' 'M' 'M' 'M' 'M']"
257201,0,176,5,171,22,0,0,"['A' 'M' 'U' 'M' 'M' 'M' 'M' 'M' 'M' 'M' 'M' 'M' 'M' 'M' 'M' 'A' 'U' 'M'
 'M' 'M' 'M' 'M' 'M' 'M' 'M' 'M' 'M' 'M' 'M' 'A' 'M' 'M' 'M' 'M' 'M' 'M'
 'M' 'M' 'M' 'M' 'M' 'M' 'M' 'M' 'M' 'M' 'M' 'M' 'M' 'M' 'M' 'M' 'M' 'M'
 'U' 'M' 'M' 'M' 'M' 'M' 'M' 'M' 'M' 'M' 'M' 'M' 'U' 'M' 'M' 'M' 'M' 'M'
 'M' 'M' 'M' 'M' 'M' 'M' 'M' 'M' 'M' 'M' 'M' 'M' 'M' 'M' 'M' 'M' 'M' 'U'
 'U' 'U' 'M' 'M' 'U' 'M' 'M' 'M' 'M' 'M' 'M' 'M' 'M' 'M' 'M' 'M' 'M' 'M'
 'M' 'M' 'M' 'M' 'M' 'M' 'M' 'M' 'M' 'M' 'M' 'M' 'M' 'U' 'M' 'U' 'U' 'M'
 'M' 'M' 'M' 'M' 'M' 'M' 'M' 'M' 'M' 'U' 'M' 'M' 'U' 'M' 'U' 'M' 'M' 'M'
 'M' 'M' 'M' 'U' 'M' 'M' 'M' 'M' 'M' 'A' 'U' 'M' 'M' 'M' 'M' 'M' 'M' 'M'
 'M' 'M' 'M' 'M' 'U' 'U' 'M' 'M' 'M' 'M' 'M' 'M' 'M' 'M' 'M' 'M' 'M' 'M'
 'M' 'A' 'M' 'M' 'M' 'M' 'U' 'M' 'M' 'M' 'U' 'M' 'U' 'M' 'U' 'M' 'M' 'M']"
257301,0,171,5,166,27,0,0,"['A' 'U' 'U' 'M' 'M' 'M' 'M' 'M' 'M' 'M' 'M' 'M' 'M' 'M' 'M' 'U' 'M' 'M'
 'M' 'M' 'M' 'M' 'M' 'M' 'M' 'M' 'M' 'M' 'M' 'A' 'M' 'M' 'M' 'M' 'M' 'M'
 'M' 'M' 'M' 'M' 'M' 'M' 'M' 'M' 'M' 'M' 'M' 'M' 'M' 'M' 'M' 'M' 'M' 'M'
 'U' 'M' 'M' 'M' 'U' 'M' 'M' 'M' 'M' 'M' 'M' 'M' 'M' 'M' 'U' 'M' 'M' 'U'
 'M' 'M' 'M' 'U' 'M' 'M' 'M' 'M' 'M' 'U' 'M' 'M' 'M' 'M' 'M' 'M' 'M' 'M'
 'U' 'M' 'M' 'M' 'M' 'M' 'M' 'U' 'M' 'M' 'M' 'M' 'M' 'M' 'M' 'M' 'M' 'M'
 'M' 'M' 'M' 'M' 'M' 'M' 'M' 'M' 'M' 'M' 'M' 'M' 'M' 'M' 'M' 'U' 'M' 'M'
 'M' 'M' 'M' 'M' 'M' 'M' 'M' 'M' 'M' 'U' 'M' 'M' 'U' 'M' 'M' 'M' 'M' 'M'
 'M' 'M' 'M' 'U' 'M' 'M' 'M' 'M' 'M' 'A' 'U' 'M' 'U' 'M' 'M' 'M' 'M' 'M'
 'U' 'U' 'M' 'M' 'U' 'U' 'M' 'M' 'M' 'M' 'M' 'M' 'M' 'M' 'U' 'M' 'M' 'M'
 'M' 'A' 'M' 'M' 'M' 'M' 'U' 'M' 'U' 'M' 'U' 'M' 'A' 'M' 'U' 'M' 'M' 'U']"
257401,0,166,2,164,32,0,0,"['A' 'U' 'U' 'M' 'M' 'M' 'U' 'M' 'M' 'M' 'M' 'M' 'M' 'M' 'M' 'M' 'M' 'M'
 'M' 'M' 'U' 'M' 'M' 'M' 'M' 'M' 'M' 'M' 'M' 'A' 'M' 'M' 'M' 'M' 'M' 'M'
 'M' 'M' 'M' 'M' 'M' 'M' 'M' 'M' 'M' 'M' 'M' 'M' 'M' 'M' 'M' 'M' 'M' 'M'
 'U' 'M' 'M' 'M' 'U' 'M' 'M' 'U' 'M' 'M' 'M' 'M' 'M' 'M' 'M' 'M' 'M' 'U'
 'M' 'M' 'M' 'M' 'M' 'U' 'M' 'M' 'M' 'M' 'M' 'M' 'M' 'M' 'U' 'M' 'M' 'M'
 'U' 'M' 'M' 'M' 'U' 'M' 'M' 'U' 'M' 'M' 'M' 'M' 'M' 'M' 'M' 'M' 'M' 'M'
 'M' 'M' 'M' 'M' 'M' 'M' 'M' 'M' 'M' 'M' 'M' 'M' 'M' 'M' 'U' 'M' 'M' 'M'
 'M' 'M' 'M' 'M' 'M' 'M' 'M' 'M' 'M' 'U' 'M' 'M' 'U' 'M' 'M' 'M' 'M' 'M'
 'M' 'M' 'M' 'U' 'M' 'M' 'M' 'M' 'M' 'U' 'M' 'M' 'U' 'M' 'M' 'M' 'M' 'U'
 'M' 'M' 'M' 'M' 'U' 'U' 'M' 'M' 'M' 'M' 'U' 'M' 'M' 'M' 'U' 'M' 'M' 'M'
 'U' 'U' 'M' 'M' 'M' 'M' 'U' 'M' 'U' 'M' 'U' 'M' 'U' 'M' 'U' 'M' 'M' 'U']"
257501,0,164,4,160,34,0,0,"['A' 'M' 'U' 'M' 'M' 'M' 'U' 'M' 'M' 'M' 'M' 'M' 'M' 'M' 'M' 'M' 'M' 'M'
 'M' 'M' 'U' 'M' 'M' 'M' 'M' 'M' 'M' 'M' 'M' 'A' 'M' 'M' 'M' 'M' 'M' 'M'
 'M' 'M' 'M' 'M' 'M' 'M' 'M' 'M' 'M' 'M' 'U' 'M' 'U' 'M' 'M' 'M' 'M' 'M'
 'U' 'M' 'U' 'M' 'U' 'U' 'M' 'U' 'M' 'M' 'M' 'M' 'M' 'M' 'M' 'M' 'M' 'M'
 'M' 'M' 'M' 'M' 'M' 'M' 'M' 'M' 'M' 'M' 'U' 'M' 'M' 'U' 'U' 'M' 'M' 'U'
 'M' 'M' 'M' 'U' 'M' 'M' 'M' 'M' 'M' 'M' 'M' 'M' 'M' 'M' 'M' 'M' 'M' 'M'
 'M' 'M' 'M' 'U' 'M' 'M' 'M' 'M' 'M' 'M' 'M' 'M' 'M' 'M' 'M' 'M' 'M' 'A'
 'M' 'M' 'M' 'M' 'M' 'M' 'M' 'M' 'M' 'U' 'M' 'U' 'U' 'M' 'M' 'M' 'M' 'U'
 'M' 'M' 'M' 'U' 'M' 'M' 'M' 'M' 'M' 'A' 'M' 'M' 'U' 'M' 'M' 'M' 'M' 'U'
 'M' 'M' 'M' 'M' 'U' 'M' 'U' 'M' 'M' 'M' 'U' 'M' 'M' 'M' 'U' 'M' 'M' 'M'
 'U' 'U' 'M' 'U' 'M' 'M' 'U' 'M' 'U' 'M' 'M' 'M' 'U' 'M' 'M' 'M' 'M' 'U']"
257601,0,168,3,165,30,0,0,"['A' 'M' 'M' 'M' 'M' 'M' 'U' 'M' 'M' 'M' 'M' 'M' 'M' 'M' 'M' 'M' 'M' 'M'
 'M' 'M' 'M' 'M' 'M' 'M' 'U' 'M' 'M' 'M' 'M' 'A' 'M' 'M' 'M' 'M' 'M' 'M'
 'M' 'M' 'M' 'M' 'M' 'M' 'M' 'M' 'M' 'M' 'M' 'M' 'U' 'M' 'U' 'M' 'M' 'M'
 'U' 'M' 'M' 'M' 'M' 'U' 'M' 'U' 'M' 'M' 'M' 'U' 'U' 'U' 'M' 'M' 'M' 'M'
 'M' 'M' 'M' 'M' 'U' 'M' 'M' 'M' 'M' 'M' 'M' 'M' 'M' 'M' 'M' 'U' 'M' 'M'
 'M' 'M' 'M' 'M' 'M' 'M' 'M' 'M' 'M' 'M' 'M' 'M' 'M' 'M' 'U' 'M' 'M' 'M'
 'M' 'M' 'M' 'U' 'U' 'M' 'M' 'U' 'M' 'M' 'M' 'M' 'M' 'M' 'M' 'M' 'M' 'A'
 'M' 'M' 'M' 'M' 'M' 'M' 'M' 'M' 'M' 'M' 'M' 'M' 'U' 'M' 'M' 'M' 'M' 'U'
 'M' 'M' 'M' 'U' 'M' 'M' 'M' 'U' 'M' 'U' 'M' 'M' 'U' 'M' 'M' 'U' 'M' 'M'
 'M' 'M' 'M' 'M' 'M' 'M' 'M' 'M' 'M' 'M' 'U' 'M' 'M' 'M' 'U' 'M' 'M' 'M'
 'U' 'U' 'M' 'M' 'M' 'M' 'M' 'M' 'U' 'M' 'M' 'M' 'U' 'M' 'M' 'M' 'M' 'U']"
257701,0,168,2,166,30,0,0,"['A' 'M' 'M' 'M' 'M' 'M' 'U' 'M' 'M' 'M' 'M' 'M' 'M' 'M' 'M' 'M' 'M' 'M'
 'M' 'M' 'M' 'U' 'M' 'M' 'M' 'M' 'M' 'M' 'U' 'U' 'M' 'M' 'M' 'M' 'M' 'M'
 'M' 'M' 'M' 'M' 'M' 'U' 'M' 'M' 'M' 'M' 'M' 'M' 'U' 'M' 'M' 'M' 'M' 'M'
 'U' 'M' 'M' 'M' 'M' 'U' 'M' 'U' 'M' 'M' 'M' 'M' 'M' 'M' 'M' 'M' 'M' 'M'
 'M' 'U' 'M' 'M' 'M' 'M' 'M' 'M' 'M' 'M' 'M' 'M' 'M' 'M' 'M' 'M' 'M' 'U'
 'U' 'M' 'U' 'U' 'M' 'M' 'M' 'M' 'M' 'M' 'M' 'M' 'M' 'M' 'U' 'U' 'M' 'M'
 'M' 'M' 'U' 'U' 'U' 'M' 'M' 'M' 'M' 'M' 'M' 'M' 'M' 'M' 'M' 'M' 'M' 'A'
 'M' 'M' 'M' 'M' 'M' 'M' 'M' 'M' 'M' 'M' 'M' 'M' 'U' 'M' 'M' 'M' 'M' 'M'
 'M' 'M' 'M' 'U' 'M' 'M' 'M' 'M' 'M' 'M' 'M' 'M' 'M' 'M' 'M' 'U' 'M' 'M'
 'U' 'M' 'M' 'M' 'M' 'M' 'M' 'M' 'U' 'M' 'U' 'M' 'M' 'M' 'U' 'M' 'M' 'M'
 'U' 'U' 'M' 'M' 'M' 'M' 'M' 'M' 'U' 'M' 'M' 'M' 'U' 'M' 'M' 'M' 'M' 'M']"
257801,0,167,1,166,31,0,0,"['A' 'M' 'M' 'M' 'M' 'M' 'M' 'M' 'M' 'M' 'M' 'M' 'M' 'M' 'M' 'M' 'M' 'M'
 'M' 'M' 'M' 'U' 'M' 'M' 'M' 'M' 'M' 'M' 'U' 'U' 'M' 'M' 'M' 'M' 'M' 'M'
 'M' 'M' 'M' 'M' 'M' 'U' 'M' 'M' 'M' 'M' 'M' 'M' 'M' 'M' 'M' 'M' 'M' 'M'
 'U' 'M' 'M' 'M' 'M' 'U' 'M' 'U' 'M' 'M' 'M' 'U' 'M' 'M' 'M' 'M' 'M' 'M'
 'M' 'U' 'M' 'M' 'M' 'M' 'M' 'M' 'M' 'M' 'U' 'U' 'M' 'M' 'U' 'M' 'M' 'M'
 'M' 'M' 'M' 'M' 'M' 'M' 'M' 'M' 'M' 'M' 'M' 'M' 'M' 'M' 'U' 'U' 'M' 'M'
 'M' 'M' 'U' 'U' 'U' 'M' 'M' 'M' 'M' 'M' 'M' 'M' 'M' 'M' 'M' 'M' 'M' 'M'
 'M' 'M' 'M' 'M' 'M' 'M' 'M' 'M' 'M' 'U' 'M' 'M' 'U' 'M' 'U' 'M' 'M' 'M'
 'M' 'M' 'M' 'M' 'M' 'U' 'M' 'M' 'M' 'M' 'M' 'M' 'M' 'M' 'U' 'U' 'M' 'M'
 'U' 'M' 'M' 'M' 'M' 'M' 'M' 'M' 'M' 'M' 'U' 'M' 'M' 'M' 'M' 'M' 'M' 'M'
 'U' 'U' 'M' 'M' 'M' 'M' 'U' 'M' 'U' 'M' 'M' 'M' 'U' 'U' 'M' 'M' 'M' 'M']"
257901,0,171,1,170,27,0,0,"['A' 'M' 'M' 'M' 'M' 'M' 'M' 'M' 'U' 'M' 'M' 'M' 'M' 'M' 'M' 'M' 'M' 'M'
 'M' 'M' 'M' 'U' 'M' 'M' 'M' 'M' 'M' 'M' 'U' 'U' 'M' 'M' 'M' 'M' 'M' 'M'
 'M' 'M' 'M' 'M' 'M' 'U' 'M' 'M' 'M' 'M' 'M' 'M' 'M' 'M' 'M' 'M' 'M' 'M'
 'U' 'M' 'M' 'M' 'M' 'U' 'M' 'M' 'M' 'M' 'M' 'M' 'M' 'M' 'M' 'M' 'M' 'M'
 'M' 'M' 'U' 'M' 'M' 'M' 'M' 'M' 'M' 'M' 'U' 'M' 'M' 'M' 'M' 'M' 'M' 'U'
 'M' 'M' 'U' 'U' 'M' 'M' 'M' 'M' 'M' 'M' 'M' 'M' 'M' 'M' 'U' 'U' 'M' 'M'
 'U' 'M' 'M' 'M' 'U' 'M' 'M' 'M' 'M' 'M' 'M' 'M' 'M' 'M' 'M' 'M' 'M' 'M'
 'M' 'M' 'M' 'M' 'U' 'M' 'M' 'M' 'M' 'U' 'M' 'M' 'U' 'M' 'U' 'M' 'M' 'M'
 'M' 'M' 'M' 'M' 'M' 'U' 'M' 'M' 'M' 'M' 'M' 'M' 'M' 'M' 'U' 'U' 'M' 'M'
 'M' 'M' 'M' 'M' 'M' 'M' 'M' 'M' 'M' 'U' 'U' 'M' 'M' 'M' 'M' 'M' 'M' 'M'
 'M' 'M' 'M' 'M' 'M' 'M' 'M' 'M' 'M' 'M' 'M' 'M' 'U' 'U' 'M' 'M' 'M' 'M']"
258001,0,174,1,173,24,1,0,"['A' 'M' 'M' 'M' 'M' 'M' 'M' 'M' 'M' 'M' 'M' 'M' 'M' 'M' 'M' 'M' 'M' 'U'
 'M' 'M' 'M' 'U' 'M' 'M' 'M' 'M' 'M' 'M' 'M' 'M' 'U' 'M' 'M' 'M' 'M' 'M'
 'M' 'M' 'M' 'M' 'M' 'U' 'M' 'M' 'M' 'M' 'M' 'M' 'M' 'M' 'M' 'M' 'M' 'M'
 'U' 'M' 'M' 'M' 'M' 'U' 'M' 'M' 'M' 'M' 'M' 'M' 'U' 'M' 'U' 'M' 'M' 'U'
 'M' 'M' 'M' 'M' 'M' 'M' 'M' 'M' 'M' 'M' 'U' 'M' 'M' 'M' 'M' 'U' 'M' 'M'
 'M' 'M' 'M' 'M' 'M' 'M' 'M' 'M' 'M' 'M' 'M' 'M' 'M' 'M' 'U' 'U' 'M' 'M'
 'U' 'M' 'M' 'M' 'M' 'M' 'M' 'M' 'M' 'M' 'M' 'M' 'M' 'M' 'M' 'M' 'M' 'M'
 'M' 'M' 'M' 'M' 'U' 'M' 'M' 'M' 'M' 'U' 'M' 'M' 'M' 'M' 'U' 'M' 'M' 'M'
 'M' 'M' 'M' 'M' 'M' 'U' 'M' 'M' 'M' 'M' 'M' 'M' 'M' 'M' 'U' 'M' 'M' 'M'
 'M' 'M' 'M' 'M' 'M' 'M' 'M' 'M' 'M' 'U' 'U' 'M' 'M' 'M' 'M' 'M' 'M' 'M'
 'M' 'M' 'M' 'M' 'M' 'M' 'M' 'M' 'M' 'M' 'M' 'U' 'U' 'U' 'M' 'M' 'M' 'M']"
258101,0,173,1,172,25,0,0,"['A' 'M' 'M' 'M' 'M' 'M' 'M' 'M' 'M' 'M' 'M' 'M' 'U' 'M' 'M' 'M' 'M' 'U'
 'M' 'M' 'M' 'M' 'M' 'M' 'M' 'M' 'M' 'M' 'M' 'M' 'M' 'M' 'M' 'M' 'M' 'M'
 'M' 'M' 'M' 'M' 'M' 'U' 'M' 'M' 'M' 'M' 'M' 'M' 'M' 'U' 'M' 'U' 'M' 'M'
 'U' 'M' 'M' 'M' 'M' 'U' 'M' 'M' 'M' 'M' 'M' 'M' 'M' 'M' 'M' 'M' 'M' 'U'
 'M' 'M' 'U' 'M' 'M' 'M' 'U' 'M' 'M' 'M' 'U' 'M' 'M' 'M' 'U' 'M' 'M' 'M'
 'M' 'M' 'M' 'M' 'M' 'M' 'M' 'M' 'M' 'M' 'M' 'U' 'M' 'M' 'M' 'M' 'M' 'M'
 'U' 'M' 'M' 'M' 'M' 'M' 'M' 'M' 'M' 'M' 'M' 'M' 'M' 'M' 'M' 'M' 'M' 'M'
 'M' 'M' 'M' 'M' 'U' 'M' 'M' 'M' 'M' 'U' 'M' 'M' 'M' 'M' 'U' 'M' 'M' 'M'
 'M' 'M' 'M' 'M' 'M' 'U' 'M' 'M' 'M' 'M' 'M' 'M' 'M' 'M' 'U' 'M' 'M' 'M'
 'M' 'M' 'M' 'U' 'M' 'M' 'M' 'M' 'M' 'M' 'M' 'M' 'M' 'U' 'U' 'M' 'M' 'M'
 'M' 'M' 'M' 'M' 'M' 'M' 'M' 'M' 'M' 'M' 'M' 'U' 'U' 'U' 'M' 'M' 'M' 'M']"
258201,0,171,1,170,27,0,0,"['A' 'M' 'M' 'M' 'M' 'M' 'M' 'M' 'M' 'M' 'M' 'M' 'U' 'M' 'M' 'M' 'M' 'U'
 'M' 'M' 'M' 'M' 'M' 'M' 'M' 'M' 'M' 'M' 'M' 'M' 'M' 'M' 'M' 'M' 'M' 'M'
 'M' 'M' 'M' 'M' 'M' 'M' 'M' 'M' 'M' 'M' 'M' 'M' 'M' 'M' 'M' 'M' 'M' 'M'
 'M' 'M' 'M' 'M' 'M' 'M' 'M' 'M' 'M' 'M' 'M' 'M' 'M' 'M' 'M' 'M' 'M' 'M'
 'M' 'M' 'M' 'M' 'U' 'M' 'M' 'M' 'M' 'M' 'M' 'U' 'M' 'M' 'M' 'U' 'U' 'M'
 'M' 'M' 'M' 'M' 'U' 'M' 'M' 'M' 'M' 'M' 'M' 'U' 'M' 'M' 'M' 'M' 'M' 'M'
 'U' 'M' 'M' 'M' 'M' 'M' 'M' 'U' 'U' 'M' 'M' 'M' 'M' 'M' 'M' 'M' 'M' 'M'
 'M' 'M' 'M' 'M' 'U' 'M' 'M' 'M' 'M' 'U' 'M' 'U' 'M' 'M' 'U' 'M' 'M' 'M'
 'M' 'M' 'M' 'M' 'M' 'M' 'M' 'M' 'M' 'M' 'M' 'U' 'M' 'M' 'U' 'M' 'M' 'M'
 'U' 'M' 'M' 'U' 'M' 'M' 'M' 'U' 'U' 'M' 'M' 'M' 'M' 'M' 'U' 'M' 'U' 'M'
 'M' 'M' 'M' 'M' 'M' 'M' 'M' 'M' 'M' 'U' 'M' 'U' 'U' 'U' 'M' 'M' 'M' 'M']"
258301,0,174,1,173,24,0,1,"['A' 'M' 'M' 'M' 'M' 'M' 'U' 'M' 'M' 'M' 'M' 'M' 'U' 'M' 'M' 'M' 'M' 'M'
 'M' 'M' 'M' 'M' 'M' 'M' 'M' 'M' 'M' 'M' 'M' 'M' 'M' 'M' 'M' 'M' 'M' 'M'
 'M' 'M' 'M' 'M' 'M' 'M' 'M' 'U' 'M' 'U' 'M' 'M' 'M' 'M' 'M' 'M' 'M' 'M'
 'M' 'M' 'M' 'M' 'M' 'M' 'M' 'M' 'M' 'M' 'M' 'M' 'M' 'U' 'M' 'M' 'M' 'U'
 'U' 'M' 'M' 'M' 'M' 'M' 'M' 'M' 'U' 'M' 'M' 'M' 'M' 'U' 'M' 'M' 'M' 'M'
 'M' 'M' 'M' 'M' 'M' 'M' 'M' 'M' 'M' 'M' 'M' 'M' 'M' 'M' 'M' 'M' 'M' 'M'
 'U' 'M' 'M' 'M' 'M' 'M' 'M' 'U' 'U' 'M' 'M' 'M' 'M' 'M' 'M' 'M' 'M' 'M'
 'M' 'M' 'M' 'M' 'M' 'M' 'M' 'M' 'M' 'U' 'U' 'M' 'M' 'M' 'U' 'M' 'M' 'M'
 'M' 'M' 'M' 'U' 'M' 'M' 'M' 'M' 'M' 'M' 'M' 'U' 'M' 'M' 'M' 'M' 'M' 'M'
 'U' 'M' 'M' 'M' 'M' 'M' 'M' 'M' 'U' 'M' 'M' 'M' 'M' 'M' 'M' 'M' 'U' 'M'
 'M' 'M' 'M' 'M' 'M' 'U' 'M' 'M' 'M' 'M' 'M' 'U' 'U' 'U' 'M' 'M' 'M' 'M']"
258401,0,169,1,168,29,0,0,"['A' 'M' 'M' 'M' 'M' 'M' 'M' 'M' 'M' 'M' 'M' 'M' 'U' 'M' 'M' 'M' 'M' 'M'
 'M' 'M' 'M' 'M' 'M' 'M' 'M' 'M' 'M' 'M' 'M' 'M' 'M' 'M' 'M' 'M' 'M' 'M'
 'M' 'M' 'M' 'M' 'M' 'M' 'M' 'M' 'M' 'U' 'M' 'M' 'M' 'M' 'M' 'M' 'M' 'M'
 'M' 'M' 'M' 'M' 'M' 'M' 'M' 'M' 'U' 'M' 'M' 'M' 'M' 'M' 'M' 'M' 'M' 'M'
 'M' 'M' 'M' 'U' 'M' 'M' 'M' 'M' 'M' 'U' 'M' 'M' 'M' 'U' 'M' 'U' 'M' 'U'
 'M' 'M' 'M' 'M' 'M' 'M' 'M' 'M' 'M' 'M' 'M' 'M' 'M' 'M' 'M' 'M' 'M' 'M'
 'M' 'M' 'M' 'M' 'M' 'M' 'M' 'U' 'U' 'M' 'M' 'M' 'U' 'M' 'M' 'M' 'U' 'M'
 'M' 'M' 'M' 'M' 'M' 'M' 'M' 'M' 'M' 'U' 'U' 'M' 'M' 'M' 'U' 'M' 'M' 'M'
 'M' 'U' 'M' 'U' 'M' 'M' 'M' 'M' 'M' 'M' 'M' 'U' 'M' 'M' 'M' 'M' 'M' 'M'
 'U' 'M' 'M' 'U' 'M' 'M' 'M' 'M' 'U' 'M' 'M' 'U' 'M' 'M' 'M' 'M' 'U' 'M'
 'M' 'M' 'M' 'M' 'M' 'U' 'M' 'M' 'M' 'U' 'M' 'U' 'U' 'U' 'M' 'M' 'U' 'M']"
258501,0,167,2,165,31,0,0,"['A' 'M' 'M' 'M' 'M' 'M' 'M' 'M' 'M' 'U' 'M' 'M' 'U' 'M' 'U' 'M' 'M' 'M'
 'M' 'M' 'M' 'M' 'M' 'M' 'M' 'M' 'M' 'M' 'M' 'M' 'M' 'M' 'M' 'M' 'M' 'M'
 'M' 'M' 'M' 'M' 'M' 'M' 'M' 'M' 'M' 'U' 'M' 'M' 'M' 'M' 'M' 'M' 'U' 'M'
 'M' 'M' 'M' 'U' 'M' 'M' 'M' 'M' 'U' 'M' 'M' 'M' 'U' 'M' 'M' 'M' 'M' 'M'
 'M' 'M' 'M' 'M' 'M' 'M' 'M' 'M' 'M' 'M' 'M' 'M' 'U' 'M' 'M' 'M' 'U' 'M'
 'M' 'U' 'M' 'U' 'M' 'M' 'M' 'M' 'M' 'M' 'M' 'M' 'M' 'M' 'M' 'M' 'M' 'M'
 'M' 'M' 'M' 'M' 'M' 'M' 'M' 'U' 'U' 'M' 'M' 'M' 'U' 'M' 'M' 'M' 'U' 'M'
 'M' 'M' 'M' 'M' 'M' 'M' 'M' 'M' 'M' 'U' 'U' 'M' 'M' 'U' 'U' 'M' 'M' 'M'
 'M' 'U' 'M' 'U' 'M' 'M' 'M' 'M' 'M' 'M' 'M' 'A' 'M' 'M' 'M' 'M' 'M' 'M'
 'U' 'M' 'M' 'M' 'M' 'M' 'M' 'M' 'U' 'M' 'M' 'U' 'M' 'M' 'U' 'M' 'U' 'M'
 'M' 'M' 'M' 'M' 'M' 'U' 'M' 'M' 'M' 'M' 'M' 'M' 'U' 'U' 'M' 'M' 'U' 'M']"
258601,0,165,3,162,33,0,0,"['A' 'M' 'M' 'M' 'M' 'M' 'M' 'M' 'M' 'U' 'M' 'M' 'U' 'M' 'U' 'M' 'M' 'U'
 'M' 'U' 'M' 'M' 'M' 'M' 'M' 'M' 'M' 'M' 'M' 'M' 'M' 'M' 'M' 'M' 'M' 'M'
 'M' 'M' 'M' 'M' 'M' 'M' 'M' 'M' 'M' 'M' 'M' 'M' 'M' 'M' 'M' 'M' 'U' 'M'
 'M' 'M' 'M' 'U' 'U' 'M' 'M' 'M' 'U' 'M' 'M' 'M' 'M' 'M' 'M' 'M' 'M' 'U'
 'M' 'M' 'M' 'M' 'M' 'M' 'M' 'M' 'M' 'M' 'U' 'M' 'M' 'M' 'M' 'M' 'U' 'M'
 'U' 'U' 'M' 'M' 'M' 'M' 'M' 'M' 'M' 'M' 'M' 'M' 'M' 'U' 'M' 'M' 'M' 'M'
 'M' 'M' 'M' 'M' 'M' 'M' 'M' 'U' 'U' 'M' 'M' 'M' 'U' 'M' 'M' 'M' 'M' 'M'
 'M' 'M' 'M' 'M' 'M' 'M' 'M' 'U' 'M' 'U' 'M' 'M' 'M' 'U' 'U' 'M' 'M' 'M'
 'M' 'U' 'M' 'U' 'M' 'M' 'M' 'M' 'M' 'M' 'M' 'A' 'M' 'M' 'M' 'M' 'M' 'U'
 'U' 'M' 'M' 'M' 'M' 'M' 'M' 'M' 'U' 'M' 'M' 'A' 'M' 'M' 'U' 'U' 'M' 'M'
 'U' 'M' 'M' 'M' 'M' 'U' 'M' 'M' 'M' 'M' 'M' 'M' 'U' 'U' 'M' 'M' 'M' 'M']"
258701,0,162,5,157,36,0,0,"['A' 'M' 'M' 'M' 'M' 'M' 'M' 'M' 'M' 'M' 'U' 'M' 'U' 'M' 'U' 'M' 'M' 'U'
 'M' 'U' 'M' 'U' 'M' 'M' 'M' 'M' 'M' 'M' 'M' 'M' 'M' 'M' 'M' 'U' 'M' 'M'
 'M' 'M' 'M' 'M' 'M' 'M' 'M' 'M' 'M' 'U' 'M' 'M' 'M' 'M' 'M' 'M' 'U' 'M'
 'M' 'M' 'M' 'U' 'U' 'M' 'A' 'U' 'M' 'M' 'M' 'M' 'U' 'U' 'M' 'M' 'M' 'M'
 'U' 'M' 'M' 'M' 'M' 'M' 'U' 'M' 'M' 'M' 'M' 'M' 'U' 'M' 'M' 'M' 'M' 'M'
 'M' 'M' 'M' 'M' 'M' 'M' 'M' 'M' 'M' 'M' 'M' 'M' 'M' 'M' 'M' 'M' 'M' 'M'
 'M' 'M' 'M' 'M' 'M' 'M' 'M' 'U' 'U' 'M' 'M' 'M' 'U' 'M' 'M' 'M' 'M' 'M'
 'M' 'M' 'M' 'M' 'M' 'M' 'M' 'U' 'M' 'U' 'M' 'U' 'M' 'U' 'U' 'M' 'M' 'M'
 'M' 'U' 'M' 'U' 'M' 'M' 'U' 'M' 'M' 'M' 'M' 'A' 'M' 'M' 'M' 'M' 'M' 'M'
 'U' 'M' 'M' 'M' 'M' 'M' 'M' 'M' 'U' 'M' 'M' 'A' 'M' 'M' 'U' 'A' 'M' 'M'
 'U' 'M' 'M' 'U' 'M' 'U' 'M' 'M' 'M' 'M' 'M' 'M' 'U' 'U' 'M' 'M' 'M' 'M']"
258801,0,159,5,154,39,0,0,"['A' 'M' 'M' 'M' 'M' 'M' 'M' 'M' 'M' 'M' 'M' 'M' 'U' 'M' 'U' 'A' 'M' 'M'
 'M' 'U' 'M' 'U' 'M' 'M' 'M' 'M' 'M' 'M' 'M' 'M' 'M' 'M' 'M' 'U' 'M' 'M'
 'M' 'M' 'M' 'M' 'M' 'M' 'M' 'M' 'M' 'U' 'M' 'M' 'M' 'M' 'M' 'M' 'U' 'M'
 'M' 'M' 'M' 'U' 'U' 'M' 'A' 'U' 'M' 'M' 'M' 'M' 'U' 'M' 'M' 'U' 'M' 'M'
 'M' 'M' 'U' 'U' 'M' 'M' 'M' 'M' 'M' 'M' 'M' 'M' 'M' 'M' 'M' 'U' 'M' 'M'
 'M' 'M' 'M' 'M' 'M' 'M' 'U' 'M' 'U' 'M' 'M' 'M' 'M' 'M' 'M' 'U' 'M' 'M'
 'M' 'M' 'M' 'M' 'M' 'M' 'M' 'A' 'U' 'M' 'M' 'M' 'U' 'M' 'M' 'M' 'M' 'M'
 'M' 'M' 'M' 'M' 'M' 'M' 'M' 'M' 'M' 'U' 'M' 'U' 'M' 'U' 'U' 'M' 'U' 'M'
 'M' 'U' 'M' 'U' 'M' 'M' 'U' 'M' 'M' 'M' 'M' 'U' 'M' 'U' 'M' 'M' 'M' 'M'
 'U' 'M' 'M' 'M' 'M' 'M' 'M' 'M' 'U' 'M' 'M' 'A' 'M' 'M' 'U' 'U' 'M' 'M'
 'U' 'M' 'M' 'U' 'M' 'U' 'M' 'M' 'M' 'U' 'M' 'M' 'M' 'U' 'M' 'M' 'M' 'M']"
258901,0,164,3,161,34,0,1,"['A' 'M' 'M' 'M' 'M' 'M' 'M' 'M' 'M' 'M' 'M' 'M' 'U' 'M' 'M' 'U' 'M' 'M'
 'M' 'M' 'M' 'U' 'M' 'M' 'U' 'M' 'M' 'M' 'M' 'M' 'M' 'M' 'M' 'U' 'M' 'M'
 'M' 'M' 'M' 'M' 'M' 'M' 'M' 'M' 'U' 'U' 'M' 'M' 'M' 'M' 'M' 'M' 'U' 'M'
 'M' 'M' 'M' 'U' 'U' 'M' 'A' 'M' 'M' 'M' 'M' 'M' 'U' 'M' 'M' 'M' 'M' 'U'
 'M' 'M' 'M' 'M' 'M' 'M' 'M' 'M' 'M' 'M' 'U' 'M' 'M' 'M' 'M' 'M' 'M' 'M'
 'M' 'U' 'U' 'M' 'M' 'M' 'U' 'M' 'M' 'M' 'M' 'M' 'M' 'M' 'M' 'U' 'M' 'M'
 'M' 'M' 'M' 'M' 'M' 'M' 'M' 'U' 'U' 'M' 'M' 'M' 'U' 'M' 'M' 'M' 'M' 'M'
 'M' 'M' 'M' 'M' 'M' 'M' 'M' 'U' 'M' 'U' 'M' 'M' 'M' 'M' 'U' 'M' 'U' 'M'
 'M' 'M' 'M' 'U' 'M' 'M' 'M' 'M' 'M' 'M' 'M' 'M' 'M' 'U' 'M' 'M' 'M' 'M'
 'U' 'M' 'M' 'M' 'M' 'M' 'M' 'M' 'U' 'M' 'M' 'A' 'M' 'M' 'U' 'U' 'M' 'M'
 'M' 'U' 'M' 'U' 'M' 'U' 'M' 'M' 'M' 'M' 'M' 'M' 'M' 'M' 'M' 'U' 'M' 'M']"
259001,0,162,2,160,36,0,0,"['A' 'M' 'M' 'M' 'M' 'M' 'M' 'M' 'U' 'M' 'M' 'M' 'M' 'M' 'M' 'U' 'M' 'M'
 'M' 'M' 'M' 'U' 'M' 'M' 'U' 'M' 'M' 'M' 'U' 'M' 'M' 'M' 'M' 'U' 'M' 'M'
 'M' 'M' 'M' 'M' 'M' 'M' 'M' 'M' 'U' 'M' 'M' 'M' 'M' 'M' 'M' 'M' 'U' 'M'
 'U' 'M' 'M' 'U' 'U' 'M' 'U' 'M' 'M' 'M' 'M' 'U' 'M' 'M' 'M' 'M' 'M' 'M'
 'M' 'M' 'M' 'M' 'M' 'M' 'M' 'U' 'M' 'M' 'M' 'M' 'U' 'M' 'M' 'M' 'U' 'M'
 'M' 'M' 'M' 'U' 'M' 'U' 'U' 'M' 'M' 'M' 'M' 'M' 'M' 'M' 'M' 'U' 'M' 'M'
 'M' 'M' 'M' 'M' 'M' 'M' 'M' 'U' 'U' 'M' 'M' 'M' 'M' 'M' 'M' 'M' 'M' 'M'
 'M' 'M' 'M' 'M' 'M' 'M' 'M' 'U' 'M' 'U' 'M' 'M' 'M' 'M' 'U' 'M' 'U' 'M'
 'M' 'M' 'M' 'U' 'M' 'M' 'M' 'M' 'M' 'M' 'M' 'M' 'M' 'U' 'M' 'M' 'M' 'M'
 'U' 'M' 'M' 'M' 'M' 'M' 'M' 'M' 'M' 'M' 'M' 'A' 'M' 'M' 'U' 'U' 'U' 'M'
 'M' 'U' 'M' 'U' 'M' 'U' 'M' 'M' 'M' 'M' 'M' 'M' 'M' 'M' 'M' 'U' 'M' 'M']"
259101,1,162,3,159,36,0,1,"['A' 'M' 'M' 'U' 'M' 'M' 'M' 'M' 'M' 'M' 'M' 'M' 'M' 'M' 'M' 'U' 'M' 'M'
 'M' 'M' 'M' 'M' 'M' 'M' 'M' 'M' 'M' 'M' 'U' 'M' 'M' 'M' 'M' 'U' 'M' 'M'
 'M' 'M' 'M' 'M' 'M' 'M' 'M' 'M' 'U' 'M' 'M' 'M' 'M' 'M' 'M' 'M' 'M' 'M'
 'U' 'M' 'M' 'U' 'M' 'M' 'U' 'M' 'M' 'M' 'M' 'M' 'U' 'M' 'M' 'M' 'M' 'U'
 'M' 'U' 'M' 'M' 'M' 'M' 'M' 'U' 'M' 'M' 'M' 'M' 'M' 'M' 'M' 'M' 'M' 'M'
 'M' 'M' 'U' 'M' 'M' 'M' 'M' 'M' 'M' 'M' 'M' 'M' 'M' 'M' 'M' 'U' 'M' 'M'
 'M' 'M' 'M' 'M' 'M' 'M' 'M' 'U' 'M' 'M' 'M' 'M' 'M' 'M' 'M' 'M' 'M' 'M'
 'M' 'U' 'M' 'M' 'M' 'U' 'U' 'U' 'U' 'U' 'U' 'U' 'M' 'M' 'U' 'M' 'M' 'A'
 'U' 'M' 'M' 'U' 'M' 'M' 'M' 'M' 'M' 'M' 'M' 'M' 'M' 'U' 'M' 'M' 'M' 'M'
 'U' 'M' 'M' 'M' 'M' 'M' 'M' 'M' 'M' 'U' 'M' 'A' 'M' 'M' 'U' 'U' 'U' 'M'
 'M' 'U' 'M' 'U' 'M' 'U' 'M' 'M' 'M' 'M' 'M' 'M' 'M' 'M' 'M' 'U' 'M' 'M']"
259201,0,165,2,163,33,0,0,"['A' 'M' 'M' 'U' 'U' 'M' 'M' 'M' 'M' 'M' 'M' 'M' 'M' 'M' 'M' 'M' 'M' 'M'
 'M' 'M' 'M' 'M' 'M' 'M' 'M' 'M' 'M' 'M' 'U' 'M' 'M' 'M' 'M' 'U' 'M' 'M'
 'M' 'M' 'M' 'M' 'M' 'M' 'M' 'M' 'U' 'M' 'U' 'M' 'M' 'M' 'U' 'M' 'M' 'M'
 'U' 'M' 'M' 'U' 'M' 'M' 'U' 'M' 'M' 'M' 'M' 'M' 'M' 'M' 'U' 'U' 'M' 'M'
 'M' 'M' 'M' 'M' 'U' 'U' 'M' 'M' 'M' 'M' 'M' 'M' 'M' 'M' 'M' 'M' 'M' 'M'
 'M' 'M' 'M' 'M' 'U' 'M' 'M' 'M' 'M' 'M' 'M' 'M' 'M' 'U' 'M' 'U' 'M' 'M'
 'M' 'M' 'M' 'M' 'M' 'M' 'M' 'U' 'M' 'M' 'M' 'M' 'M' 'M' 'M' 'M' 'M' 'M'
 'M' 'U' 'M' 'M' 'M' 'M' 'M' 'U' 'U' 'M' 'M' 'U' 'U' 'M' 'M' 'U' 'M' 'M'
 'U' 'M' 'M' 'U' 'M' 'M' 'M' 'M' 'M' 'M' 'M' 'M' 'M' 'U' 'M' 'M' 'M' 'M'
 'U' 'M' 'M' 'M' 'M' 'M' 'M' 'M' 'M' 'M' 'M' 'A' 'M' 'M' 'U' 'M' 'U' 'M'
 'M' 'U' 'M' 'M' 'M' 'U' 'M' 'M' 'M' 'M' 'M' 'M' 'M' 'M' 'M' 'U' 'M' 'M']"
259301,0,166,2,164,32,0,1,"['A' 'M' 'M' 'M' 'U' 'M' 'M' 'M' 'M' 'M' 'M' 'M' 'M' 'M' 'M' 'M' 'M' 'M'
 'M' 'M' 'M' 'U' 'M' 'M' 'M' 'M' 'U' 'M' 'U' 'M' 'M' 'M' 'M' 'U' 'M' 'M'
 'M' 'M' 'M' 'M' 'M' 'M' 'M' 'M' 'M' 'M' 'U' 'M' 'M' 'U' 'U' 'M' 'M' 'M'
 'U' 'M' 'M' 'U' 'M' 'M' 'M' 'M' 'M' 'M' 'M' 'M' 'M' 'M' 'M' 'M' 'M' 'M'
 'M' 'M' 'U' 'U' 'M' 'U' 'M' 'M' 'M' 'M' 'M' 'M' 'M' 'M' 'M' 'U' 'M' 'U'
 'M' 'M' 'M' 'M' 'M' 'M' 'M' 'M' 'M' 'M' 'M' 'M' 'M' 'U' 'M' 'U' 'M' 'M'
 'M' 'M' 'M' 'M' 'M' 'M' 'M' 'U' 'M' 'M' 'M' 'M' 'M' 'M' 'M' 'M' 'M' 'M'
 'M' 'M' 'M' 'M' 'M' 'M' 'M' 'U' 'U' 'M' 'M' 'U' 'M' 'M' 'M' 'U' 'M' 'M'
 'U' 'M' 'M' 'U' 'M' 'M' 'M' 'U' 'M' 'M' 'M' 'M' 'M' 'M' 'M' 'M' 'M' 'M'
 'U' 'M' 'M' 'M' 'M' 'M' 'M' 'M' 'M' 'M' 'M' 'A' 'U' 'M' 'U' 'M' 'U' 'M'
 'U' 'M' 'M' 'M' 'M' 'M' 'M' 'M' 'M' 'M' 'M' 'M' 'M' 'M' 'M' 'U' 'M' 'U']"
259401,0,170,1,169,28,0,0,"['A' 'M' 'M' 'M' 'M' 'M' 'M' 'M' 'M' 'M' 'M' 'M' 'M' 'M' 'M' 'M' 'M' 'M'
 'M' 'M' 'M' 'M' 'M' 'M' 'M' 'M' 'U' 'M' 'U' 'M' 'M' 'M' 'M' 'U' 'M' 'M'
 'M' 'M' 'M' 'M' 'M' 'M' 'M' 'M' 'M' 'M' 'U' 'M' 'M' 'U' 'U' 'M' 'M' 'M'
 'U' 'M' 'M' 'U' 'M' 'M' 'M' 'M' 'M' 'M' 'M' 'M' 'M' 'U' 'U' 'M' 'M' 'M'
 'M' 'M' 'U' 'M' 'M' 'M' 'M' 'M' 'M' 'M' 'U' 'M' 'M' 'M' 'M' 'M' 'M' 'U'
 'M' 'M' 'M' 'M' 'M' 'M' 'M' 'M' 'M' 'M' 'M' 'M' 'M' 'U' 'M' 'U' 'U' 'M'
 'M' 'M' 'M' 'M' 'M' 'M' 'M' 'M' 'M' 'M' 'M' 'M' 'M' 'M' 'M' 'M' 'M' 'M'
 'M' 'M' 'M' 'M' 'M' 'M' 'M' 'U' 'U' 'M' 'M' 'U' 'M' 'M' 'M' 'U' 'M' 'M'
 'U' 'M' 'M' 'M' 'M' 'M' 'M' 'M' 'M' 'M' 'M' 'M' 'M' 'M' 'M' 'M' 'M' 'M'
 'M' 'M' 'M' 'M' 'M' 'M' 'M' 'M' 'M' 'M' 'M' 'U' 'U' 'M' 'U' 'M' 'U' 'M'
 'U' 'M' 'M' 'M' 'M' 'M' 'M' 'M' 'M' 'U' 'M' 'M' 'M' 'M' 'M' 'U' 'M' 'M']"
259501,0,168,3,165,30,0,0,"['A' 'M' 'M' 'M' 'M' 'M' 'M' 'M' 'M' 'M' 'M' 'M' 'M' 'M' 'M' 'M' 'M' 'M'
 'M' 'M' 'M' 'U' 'M' 'M' 'M' 'M' 'U' 'M' 'U' 'M' 'M' 'U' 'M' 'A' 'M' 'M'
 'M' 'U' 'M' 'M' 'M' 'M' 'M' 'U' 'M' 'M' 'M' 'M' 'M' 'U' 'U' 'M' 'M' 'M'
 'U' 'M' 'M' 'U' 'M' 'M' 'M' 'M' 'M' 'M' 'U' 'M' 'U' 'M' 'M' 'M' 'M' 'M'
 'M' 'M' 'U' 'U' 'U' 'M' 'M' 'M' 'M' 'M' 'M' 'M' 'M' 'M' 'M' 'M' 'M' 'M'
 'M' 'M' 'U' 'M' 'M' 'M' 'M' 'M' 'M' 'M' 'M' 'M' 'M' 'U' 'M' 'U' 'M' 'M'
 'M' 'M' 'M' 'M' 'M' 'M' 'M' 'M' 'M' 'M' 'M' 'M' 'M' 'U' 'M' 'M' 'M' 'M'
 'M' 'M' 'M' 'M' 'M' 'M' 'M' 'U' 'U' 'M' 'M' 'U' 'M' 'M' 'M' 'M' 'M' 'M'
 'U' 'M' 'M' 'M' 'M' 'M' 'M' 'M' 'M' 'M' 'M' 'M' 'M' 'M' 'M' 'U' 'M' 'M'
 'M' 'M' 'M' 'M' 'M' 'M' 'U' 'M' 'M' 'M' 'M' 'U' 'U' 'M' 'M' 'M' 'U' 'M'
 'M' 'U' 'M' 'M' 'M' 'M' 'M' 'M' 'M' 'U' 'M' 'M' 'M' 'M' 'M' 'A' 'M' 'M']"
259601,0,166,2,164,32,0,0,"['A' 'M' 'M' 'M' 'M' 'M' 'M' 'M' 'M' 'M' 'M' 'M' 'M' 'M' 'M' 'M' 'M' 'M'
 'M' 'M' 'M' 'U' 'M' 'M' 'M' 'M' 'U' 'M' 'U' 'M' 'U' 'U' 'M' 'A' 'M' 'M'
 'M' 'U' 'M' 'M' 'M' 'M' 'M' 'U' 'M' 'M' 'M' 'M' 'M' 'U' 'M' 'M' 'M' 'M'
 'M' 'M' 'M' 'U' 'M' 'M' 'M' 'M' 'M' 'M' 'U' 'M' 'U' 'U' 'M' 'U' 'M' 'M'
 'M' 'M' 'M' 'M' 'M' 'M' 'M' 'M' 'U' 'M' 'M' 'M' 'M' 'M' 'U' 'M' 'M' 'M'
 'M' 'M' 'M' 'M' 'M' 'M' 'M' 'U' 'M' 'M' 'M' 'M' 'M' 'U' 'M' 'U' 'M' 'M'
 'M' 'M' 'M' 'M' 'M' 'M' 'M' 'M' 'M' 'M' 'M' 'M' 'M' 'U' 'M' 'M' 'M' 'M'
 'M' 'M' 'M' 'M' 'M' 'M' 'U' 'U' 'U' 'M' 'M' 'U' 'U' 'M' 'M' 'M' 'M' 'M'
 'U' 'M' 'M' 'M' 'M' 'M' 'M' 'M' 'M' 'M' 'M' 'M' 'M' 'M' 'M' 'U' 'M' 'M'
 'M' 'M' 'M' 'M' 'M' 'M' 'M' 'M' 'M' 'M' 'M' 'U' 'U' 'M' 'M' 'M' 'U' 'M'
 'M' 'U' 'M' 'M' 'M' 'M' 'M' 'M' 'M' 'U' 'M' 'M' 'M' 'M' 'M' 'U' 'M' 'M']"
259701,0,164,2,162,34,0,0,"['A' 'M' 'M' 'M' 'M' 'M' 'M' 'M' 'M' 'M' 'M' 'M' 'M' 'M' 'M' 'M' 'M' 'M'
 'M' 'M' 'M' 'U' 'U' 'M' 'M' 'M' 'U' 'M' 'U' 'M' 'U' 'U' 'M' 'A' 'M' 'M'
 'M' 'U' 'M' 'M' 'M' 'M' 'M' 'U' 'M' 'M' 'M' 'M' 'M' 'U' 'M' 'M' 'M' 'M'
 'M' 'U' 'M' 'U' 'M' 'M' 'M' 'M' 'M' 'M' 'U' 'U' 'M' 'U' 'M' 'M' 'M' 'M'
 'M' 'M' 'M' 'M' 'M' 'M' 'M' 'M' 'U' 'M' 'M' 'M' 'U' 'M' 'M' 'M' 'M' 'M'
 'M' 'U' 'M' 'M' 'M' 'U' 'M' 'U' 'M' 'M' 'M' 'M' 'M' 'M' 'M' 'U' 'M' 'M'
 'M' 'M' 'M' 'M' 'M' 'M' 'M' 'M' 'U' 'M' 'M' 'M' 'M' 'M' 'M' 'M' 'M' 'M'
 'M' 'M' 'M' 'M' 'M' 'M' 'U' 'U' 'U' 'M' 'M' 'U' 'U' 'M' 'M' 'M' 'U' 'M'
 'U' 'M' 'M' 'M' 'M' 'M' 'M' 'U' 'M' 'M' 'M' 'M' 'M' 'M' 'M' 'M' 'M' 'M'
 'M' 'M' 'M' 'M' 'M' 'M' 'M' 'M' 'M' 'M' 'M' 'U' 'M' 'M' 'M' 'M' 'U' 'M'
 'M' 'U' 'M' 'M' 'M' 'M' 'M' 'M' 'M' 'M' 'M' 'M' 'M' 'M' 'M' 'U' 'U' 'M']"
259801,0,164,3,161,34,0,0,"['A' 'M' 'M' 'M' 'M' 'M' 'M' 'M' 'U' 'M' 'M' 'M' 'M' 'M' 'M' 'M' 'M' 'M'
 'M' 'M' 'M' 'M' 'M' 'M' 'M' 'M' 'U' 'M' 'U' 'M' 'U' 'M' 'M' 'A' 'M' 'M'
 'M' 'U' 'M' 'M' 'M' 'M' 'M' 'U' 'M' 'M' 'M' 'M' 'M' 'M' 'M' 'M' 'M' 'M'
 'M' 'M' 'M' 'M' 'M' 'M' 'M' 'M' 'M' 'M' 'U' 'M' 'U' 'M' 'M' 'M' 'M' 'M'
 'M' 'U' 'M' 'U' 'M' 'M' 'M' 'M' 'M' 'M' 'M' 'M' 'M' 'M' 'U' 'M' 'M' 'M'
 'M' 'M' 'M' 'U' 'M' 'M' 'U' 'U' 'M' 'M' 'M' 'M' 'M' 'M' 'M' 'M' 'M' 'M'
 'M' 'M' 'M' 'U' 'M' 'M' 'M' 'M' 'U' 'U' 'M' 'M' 'M' 'M' 'M' 'M' 'U' 'M'
 'U' 'M' 'M' 'M' 'M' 'M' 'A' 'U' 'U' 'M' 'M' 'U' 'U' 'M' 'M' 'M' 'U' 'M'
 'U' 'M' 'M' 'M' 'M' 'M' 'M' 'U' 'M' 'M' 'M' 'U' 'M' 'M' 'M' 'M' 'M' 'M'
 'U' 'M' 'M' 'M' 'M' 'M' 'M' 'M' 'M' 'M' 'M' 'U' 'M' 'M' 'M' 'U' 'U' 'M'
 'M' 'U' 'M' 'M' 'M' 'M' 'M' 'M' 'M' 'M' 'M' 'M' 'M' 'M' 'U' 'U' 'M' 'M']"
259901,0,161,1,160,37,0,0,"['A' 'M' 'M' 'M' 'M' 'M' 'M' 'M' 'M' 'M' 'M' 'M' 'M' 'M' 'M' 'M' 'M' 'M'
 'M' 'M' 'M' 'M' 'M' 'M' 'M' 'M' 'U' 'M' 'U' 'M' 'M' 'M' 'M' 'U' 'M' 'M'
 'M' 'U' 'M' 'M' 'M' 'M' 'M' 'U' 'M' 'M' 'M' 'M' 'M' 'M' 'M' 'M' 'M' 'M'
 'M' 'M' 'M' 'M' 'M' 'M' 'M' 'M' 'M' 'M' 'U' 'M' 'M' 'M' 'U' 'M' 'M' 'M'
 'U' 'M' 'M' 'M' 'M' 'M' 'M' 'M' 'M' 'U' 'M' 'M' 'M' 'M' 'M' 'M' 'M' 'M'
 'M' 'M' 'U' 'M' 'U' 'M' 'U' 'U' 'M' 'M' 'M' 'M' 'M' 'M' 'M' 'U' 'M' 'M'
 'M' 'M' 'M' 'U' 'M' 'M' 'M' 'M' 'U' 'M' 'M' 'M' 'M' 'M' 'M' 'U' 'U' 'M'
 'U' 'M' 'M' 'M' 'M' 'M' 'U' 'U' 'U' 'M' 'M' 'U' 'U' 'U' 'M' 'M' 'U' 'M'
 'U' 'M' 'M' 'M' 'M' 'M' 'M' 'M' 'M' 'M' 'M' 'U' 'M' 'M' 'M' 'M' 'M' 'M'
 'U' 'M' 'M' 'M' 'M' 'M' 'M' 'M' 'M' 'M' 'M' 'U' 'M' 'M' 'M' 'U' 'M' 'U'
 'M' 'U' 'M' 'M' 'M' 'U' 'M' 'M' 'M' 'M' 'M' 'M' 'U' 'M' 'U' 'U' 'M' 'M']"
260001,0,166,3,163,32,0,0,"['A' 'M' 'M' 'M' 'M' 'M' 'M' 'M' 'M' 'M' 'M' 'M' 'M' 'M' 'M' 'M' 'M' 'M'
 'M' 'M' 'M' 'M' 'M' 'M' 'M' 'M' 'U' 'M' 'A' 'M' 'M' 'M' 'M' 'U' 'M' 'M'
 'M' 'U' 'M' 'M' 'M' 'M' 'M' 'U' 'M' 'M' 'M' 'M' 'M' 'M' 'M' 'M' 'M' 'M'
 'M' 'M' 'M' 'M' 'M' 'M' 'M' 'U' 'M' 'M' 'U' 'M' 'M' 'M' 'M' 'M' 'U' 'M'
 'M' 'M' 'M' 'M' 'M' 'M' 'U' 'M' 'M' 'M' 'M' 'M' 'M' 'M' 'U' 'M' 'U' 'M'
 'M' 'M' 'M' 'U' 'M' 'M' 'U' 'U' 'M' 'M' 'M' 'M' 'M' 'M' 'M' 'U' 'M' 'M'
 'M' 'M' 'M' 'U' 'M' 'M' 'M' 'M' 'U' 'M' 'M' 'M' 'M' 'U' 'M' 'U' 'U' 'M'
 'U' 'M' 'M' 'M' 'M' 'M' 'U' 'U' 'M' 'M' 'M' 'M' 'U' 'U' 'M' 'M' 'U' 'M'
 'U' 'M' 'M' 'M' 'M' 'M' 'M' 'M' 'M' 'M' 'M' 'A' 'M' 'M' 'M' 'M' 'M' 'M'
 'U' 'M' 'M' 'M' 'M' 'M' 'M' 'M' 'M' 'M' 'M' 'M' 'M' 'M' 'M' 'U' 'M' 'U'
 'M' 'M' 'M' 'M' 'M' 'U' 'M' 'M' 'M' 'M' 'M' 'M' 'U' 'M' 'M' 'U' 'M' 'M']"
260101,0,166,3,163,32,0,0,"['A' 'M' 'M' 'M' 'M' 'M' 'M' 'M' 'M' 'M' 'M' 'M' 'M' 'M' 'M' 'M' 'M' 'M'
 'M' 'M' 'M' 'M' 'U' 'M' 'M' 'M' 'U' 'M' 'A' 'M' 'M' 'M' 'M' 'U' 'M' 'M'
 'M' 'U' 'M' 'M' 'M' 'M' 'M' 'U' 'M' 'M' 'M' 'M' 'M' 'M' 'M' 'M' 'M' 'M'
 'M' 'M' 'M' 'M' 'M' 'M' 'M' 'U' 'M' 'M' 'U' 'M' 'M' 'U' 'M' 'M' 'M' 'M'
 'M' 'M' 'U' 'U' 'M' 'M' 'M' 'M' 'M' 'M' 'M' 'M' 'U' 'M' 'M' 'M' 'M' 'M'
 'M' 'U' 'M' 'M' 'M' 'M' 'U' 'M' 'M' 'M' 'M' 'M' 'M' 'M' 'M' 'M' 'M' 'M'
 'M' 'M' 'M' 'U' 'M' 'M' 'M' 'M' 'U' 'M' 'M' 'M' 'M' 'U' 'M' 'U' 'U' 'U'
 'M' 'M' 'M' 'M' 'M' 'M' 'U' 'U' 'M' 'M' 'M' 'M' 'U' 'U' 'M' 'M' 'U' 'M'
 'U' 'M' 'M' 'M' 'M' 'M' 'M' 'M' 'U' 'M' 'M' 'A' 'M' 'M' 'U' 'M' 'M' 'M'
 'M' 'M' 'M' 'M' 'M' 'M' 'M' 'M' 'M' 'M' 'M' 'M' 'U' 'M' 'M' 'U' 'M' 'M'
 'M' 'M' 'M' 'M' 'M' 'U' 'M' 'M' 'M' 'M' 'M' 'M' 'U' 'M' 'M' 'U' 'M' 'M']"
260201,0,166,3,163,32,0,0,"['A' 'M' 'U' 'M' 'M' 'M' 'M' 'M' 'M' 'M' 'M' 'M' 'M' 'M' 'M' 'M' 'M' 'M'
 'M' 'M' 'M' 'M' 'M' 'M' 'M' 'M' 'U' 'M' 'A' 'M' 'M' 'M' 'U' 'M' 'M' 'M'
 'M' 'U' 'M' 'M' 'U' 'M' 'M' 'U' 'M' 'M' 'M' 'M' 'M' 'M' 'U' 'M' 'M' 'M'
 'U' 'M' 'M' 'M' 'M' 'M' 'M' 'U' 'M' 'M' 'U' 'M' 'M' 'U' 'M' 'M' 'M' 'U'
 'M' 'M' 'M' 'M' 'M' 'M' 'M' 'M' 'M' 'M' 'M' 'M' 'M' 'M' 'U' 'M' 'M' 'M'
 'U' 'M' 'U' 'M' 'M' 'M' 'U' 'M' 'M' 'M' 'M' 'M' 'M' 'M' 'M' 'M' 'M' 'M'
 'M' 'M' 'M' 'U' 'M' 'M' 'M' 'M' 'U' 'M' 'M' 'M' 'M' 'U' 'M' 'M' 'U' 'U'
 'M' 'M' 'M' 'M' 'M' 'M' 'U' 'U' 'M' 'M' 'M' 'M' 'U' 'U' 'M' 'M' 'U' 'M'
 'M' 'M' 'M' 'M' 'M' 'M' 'M' 'M' 'U' 'M' 'M' 'A' 'M' 'M' 'M' 'M' 'M' 'M'
 'M' 'M' 'M' 'M' 'M' 'M' 'M' 'M' 'M' 'M' 'M' 'M' 'M' 'M' 'M' 'U' 'M' 'M'
 'M' 'M' 'M' 'M' 'M' 'U' 'M' 'M' 'M' 'M' 'U' 'M' 'U' 'M' 'M' 'U' 'M' 'M']"
260301,0,164,4,160,34,0,1,"['A' 'M' 'U' 'M' 'M' 'M' 'M' 'M' 'M' 'M' 'M' 'M' 'U' 'M' 'M' 'M' 'M' 'M'
 'M' 'M' 'M' 'M' 'M' 'M' 'M' 'M' 'U' 'M' 'A' 'M' 'M' 'M' 'U' 'M' 'M' 'M'
 'M' 'U' 'M' 'M' 'U' 'U' 'M' 'U' 'U' 'M' 'M' 'M' 'M' 'M' 'M' 'U' 'M' 'M'
 'U' 'M' 'M' 'M' 'M' 'M' 'M' 'U' 'M' 'M' 'M' 'U' 'M' 'M' 'M' 'M' 'M' 'M'
 'M' 'M' 'U' 'M' 'M' 'U' 'M' 'M' 'U' 'M' 'M' 'M' 'M' 'M' 'M' 'M' 'M' 'M'
 'M' 'M' 'M' 'M' 'U' 'M' 'U' 'U' 'M' 'M' 'M' 'M' 'M' 'M' 'M' 'U' 'M' 'M'
 'M' 'M' 'M' 'U' 'M' 'M' 'U' 'M' 'U' 'M' 'M' 'M' 'M' 'U' 'M' 'M' 'U' 'U'
 'M' 'U' 'M' 'M' 'M' 'M' 'M' 'U' 'M' 'M' 'M' 'M' 'A' 'U' 'M' 'M' 'U' 'M'
 'M' 'M' 'M' 'M' 'M' 'M' 'M' 'M' 'U' 'M' 'M' 'A' 'M' 'M' 'M' 'M' 'M' 'M'
 'M' 'M' 'M' 'M' 'M' 'M' 'M' 'M' 'M' 'M' 'M' 'M' 'M' 'M' 'U' 'M' 'M' 'M'
 'M' 'M' 'M' 'M' 'M' 'U' 'M' 'M' 'M' 'M' 'U' 'M' 'M' 'M' 'M' 'M' 'M' 'M']"
260401,0,166,4,162,32,0,0,"['A' 'M' 'U' 'M' 'M' 'M' 'M' 'M' 'M' 'M' 'M' 'M' 'U' 'M' 'M' 'M' 'M' 'M'
 'M' 'M' 'M' 'M' 'M' 'M' 'M' 'M' 'U' 'M' 'U' 'M' 'M' 'M' 'U' 'M' 'M' 'M'
 'M' 'U' 'M' 'M' 'U' 'A' 'M' 'U' 'U' 'M' 'M' 'M' 'M' 'M' 'M' 'U' 'M' 'M'
 'U' 'M' 'M' 'M' 'M' 'M' 'M' 'U' 'M' 'M' 'M' 'M' 'U' 'U' 'M' 'M' 'M' 'M'
 'M' 'M' 'M' 'M' 'M' 'M' 'M' 'U' 'M' 'M' 'M' 'U' 'M' 'M' 'M' 'M' 'M' 'M'
 'M' 'M' 'M' 'U' 'M' 'M' 'U' 'U' 'M' 'M' 'M' 'M' 'M' 'M' 'M' 'U' 'M' 'M'
 'M' 'M' 'M' 'U' 'M' 'M' 'U' 'M' 'M' 'M' 'M' 'M' 'M' 'U' 'M' 'M' 'U' 'U'
 'M' 'U' 'M' 'M' 'M' 'M' 'M' 'M' 'M' 'M' 'M' 'M' 'A' 'U' 'M' 'M' 'U' 'M'
 'M' 'M' 'M' 'M' 'M' 'M' 'M' 'M' 'U' 'M' 'M' 'A' 'M' 'M' 'M' 'M' 'M' 'M'
 'M' 'M' 'M' 'M' 'M' 'M' 'M' 'M' 'M' 'M' 'M' 'M' 'M' 'M' 'M' 'M' 'M' 'M'
 'M' 'M' 'M' 'M' 'M' 'U' 'U' 'M' 'M' 'M' 'U' 'M' 'M' 'M' 'M' 'M' 'M' 'M']"
260501,0,160,3,157,38,0,1,"['A' 'M' 'M' 'M' 'M' 'M' 'M' 'M' 'M' 'M' 'M' 'M' 'U' 'M' 'M' 'M' 'U' 'M'
 'M' 'M' 'M' 'M' 'M' 'M' 'M' 'U' 'U' 'M' 'A' 'M' 'U' 'M' 'M' 'M' 'M' 'M'
 'M' 'U' 'M' 'M' 'U' 'U' 'M' 'U' 'U' 'M' 'U' 'M' 'M' 'M' 'U' 'M' 'U' 'M'
 'M' 'M' 'M' 'M' 'M' 'M' 'M' 'U' 'M' 'M' 'M' 'M' 'M' 'M' 'M' 'M' 'M' 'U'
 'M' 'U' 'M' 'M' 'M' 'M' 'M' 'M' 'U' 'M' 'M' 'U' 'M' 'M' 'M' 'M' 'M' 'M'
 'M' 'M' 'M' 'U' 'M' 'M' 'U' 'M' 'M' 'M' 'M' 'M' 'M' 'M' 'M' 'U' 'M' 'M'
 'M' 'M' 'M' 'U' 'M' 'M' 'U' 'M' 'M' 'M' 'M' 'M' 'M' 'U' 'M' 'U' 'U' 'U'
 'M' 'M' 'U' 'M' 'U' 'M' 'M' 'M' 'M' 'M' 'M' 'M' 'U' 'U' 'M' 'M' 'U' 'M'
 'M' 'M' 'M' 'M' 'M' 'M' 'M' 'U' 'U' 'M' 'U' 'A' 'M' 'M' 'M' 'M' 'M' 'M'
 'M' 'M' 'M' 'M' 'M' 'M' 'M' 'U' 'M' 'M' 'M' 'M' 'M' 'M' 'M' 'M' 'M' 'M'
 'M' 'M' 'M' 'M' 'M' 'M' 'U' 'M' 'M' 'M' 'U' 'M' 'M' 'M' 'M' 'M' 'M' 'M']"
260601,0,171,3,168,27,0,0,"['A' 'M' 'M' 'M' 'M' 'M' 'M' 'M' 'M' 'M' 'M' 'M' 'U' 'M' 'M' 'M' 'U' 'M'
 'M' 'M' 'M' 'M' 'M' 'M' 'M' 'M' 'M' 'M' 'A' 'M' 'U' 'M' 'M' 'M' 'M' 'M'
 'M' 'M' 'M' 'M' 'M' 'U' 'M' 'U' 'U' 'M' 'U' 'M' 'M' 'M' 'M' 'M' 'U' 'M'
 'M' 'M' 'M' 'M' 'M' 'M' 'M' 'U' 'M' 'M' 'M' 'M' 'M' 'M' 'M' 'U' 'M' 'M'
 'U' 'M' 'M' 'M' 'M' 'M' 'M' 'M' 'U' 'M' 'U' 'M' 'M' 'U' 'M' 'M' 'M' 'M'
 'M' 'M' 'M' 'M' 'M' 'M' 'M' 'M' 'U' 'M' 'M' 'M' 'M' 'M' 'M' 'M' 'M' 'M'
 'M' 'M' 'M' 'M' 'M' 'M' 'U' 'M' 'M' 'M' 'M' 'M' 'M' 'U' 'M' 'M' 'U' 'U'
 'M' 'M' 'U' 'M' 'U' 'M' 'M' 'M' 'M' 'M' 'M' 'M' 'M' 'U' 'M' 'M' 'M' 'M'
 'M' 'M' 'M' 'M' 'M' 'M' 'M' 'U' 'M' 'M' 'M' 'A' 'U' 'M' 'M' 'M' 'M' 'M'
 'M' 'M' 'M' 'M' 'M' 'M' 'M' 'U' 'M' 'M' 'M' 'M' 'M' 'M' 'M' 'M' 'M' 'M'
 'M' 'M' 'M' 'M' 'U' 'M' 'U' 'M' 'M' 'M' 'M' 'M' 'M' 'M' 'M' 'M' 'M' 'M']"
260701,0,170,3,167,28,0,1,"['A' 'M' 'M' 'U' 'M' 'M' 'M' 'M' 'M' 'M' 'M' 'M' 'U' 'U' 'M' 'M' 'M' 'M'
 'M' 'M' 'M' 'M' 'M' 'M' 'M' 'M' 'U' 'M' 'A' 'M' 'U' 'M' 'M' 'M' 'M' 'M'
 'M' 'M' 'M' 'U' 'M' 'U' 'M' 'U' 'U' 'M' 'M' 'M' 'M' 'M' 'M' 'M' 'M' 'M'
 'M' 'M' 'M' 'M' 'M' 'M' 'M' 'U' 'M' 'M' 'M' 'M' 'M' 'U' 'M' 'M' 'M' 'M'
 'M' 'M' 'M' 'M' 'U' 'M' 'U' 'M' 'M' 'U' 'M' 'U' 'M' 'M' 'M' 'M' 'M' 'M'
 'M' 'M' 'M' 'M' 'M' 'M' 'M' 'M' 'U' 'M' 'M' 'M' 'M' 'U' 'M' 'M' 'M' 'M'
 'M' 'M' 'M' 'M' 'M' 'M' 'U' 'M' 'M' 'M' 'M' 'M' 'M' 'U' 'M' 'M' 'M' 'M'
 'M' 'M' 'M' 'M' 'U' 'M' 'M' 'M' 'M' 'M' 'M' 'M' 'M' 'M' 'M' 'M' 'M' 'M'
 'M' 'U' 'M' 'M' 'M' 'M' 'M' 'U' 'M' 'M' 'M' 'A' 'U' 'M' 'M' 'M' 'M' 'M'
 'M' 'M' 'M' 'U' 'M' 'U' 'M' 'M' 'M' 'M' 'M' 'M' 'M' 'U' 'M' 'M' 'M' 'M'
 'M' 'M' 'M' 'M' 'U' 'M' 'U' 'M' 'M' 'M' 'M' 'M' 'M' 'M' 'M' 'M' 'M' 'M']"
260801,0,165,2,163,33,0,0,"['A' 'M' 'M' 'U' 'M' 'M' 'M' 'U' 'M' 'M' 'M' 'M' 'M' 'U' 'M' 'M' 'M' 'M'
 'M' 'M' 'M' 'M' 'M' 'M' 'M' 'M' 'U' 'M' 'A' 'M' 'U' 'M' 'M' 'M' 'M' 'M'
 'M' 'U' 'M' 'U' 'U' 'U' 'M' 'U' 'U' 'M' 'M' 'M' 'M' 'M' 'M' 'M' 'M' 'M'
 'M' 'M' 'M' 'M' 'M' 'M' 'M' 'U' 'M' 'M' 'M' 'M' 'U' 'U' 'M' 'M' 'M' 'U'
 'M' 'M' 'M' 'M' 'M' 'M' 'M' 'M' 'M' 'M' 'M' 'M' 'M' 'M' 'U' 'M' 'M' 'M'
 'M' 'U' 'M' 'M' 'M' 'M' 'U' 'M' 'U' 'M' 'M' 'M' 'M' 'U' 'M' 'M' 'M' 'M'
 'M' 'M' 'M' 'U' 'M' 'M' 'U' 'M' 'M' 'M' 'M' 'M' 'M' 'U' 'M' 'M' 'U' 'M'
 'M' 'M' 'M' 'M' 'M' 'M' 'M' 'M' 'M' 'M' 'M' 'M' 'M' 'M' 'M' 'M' 'M' 'M'
 'M' 'U' 'M' 'M' 'M' 'M' 'M' 'U' 'M' 'M' 'M' 'U' 'U' 'M' 'M' 'M' 'M' 'M'
 'M' 'M' 'M' 'U' 'M' 'U' 'M' 'M' 'M' 'M' 'M' 'M' 'M' 'U' 'M' 'M' 'M' 'M'
 'M' 'M' 'M' 'M' 'U' 'M' 'U' 'M' 'M' 'M' 'M' 'M' 'M' 'M' 'M' 'M' 'M' 'M']"
260901,0,164,2,162,34,0,0,"['A' 'M' 'M' 'U' 'M' 'M' 'M' 'U' 'M' 'M' 'M' 'M' 'M' 'U' 'M' 'M' 'M' 'U'
 'M' 'M' 'M' 'M' 'M' 'M' 'U' 'M' 'U' 'M' 'M' 'U' 'U' 'M' 'M' 'M' 'M' 'U'
 'M' 'U' 'M' 'U' 'U' 'U' 'M' 'A' 'M' 'M' 'M' 'M' 'M' 'M' 'M' 'M' 'M' 'M'
 'M' 'M' 'M' 'M' 'M' 'M' 'M' 'M' 'M' 'M' 'M' 'M' 'M' 'M' 'U' 'M' 'M' 'M'
 'M' 'M' 'M' 'M' 'M' 'M' 'M' 'U' 'U' 'U' 'M' 'M' 'M' 'M' 'M' 'M' 'M' 'M'
 'M' 'U' 'M' 'M' 'M' 'M' 'U' 'M' 'M' 'M' 'M' 'M' 'M' 'U' 'M' 'M' 'M' 'M'
 'M' 'M' 'M' 'M' 'M' 'M' 'U' 'M' 'M' 'M' 'U' 'M' 'U' 'M' 'M' 'M' 'U' 'M'
 'M' 'M' 'M' 'U' 'M' 'M' 'M' 'M' 'M' 'M' 'M' 'M' 'M' 'M' 'M' 'M' 'M' 'M'
 'M' 'U' 'M' 'M' 'M' 'M' 'M' 'U' 'M' 'M' 'M' 'U' 'U' 'M' 'U' 'M' 'M' 'M'
 'M' 'M' 'M' 'U' 'M' 'U' 'M' 'M' 'M' 'M' 'M' 'M' 'M' 'U' 'M' 'M' 'M' 'M'
 'M' 'M' 'M' 'M' 'M' 'M' 'U' 'M' 'M' 'M' 'M' 'M' 'M' 'M' 'M' 'M' 'M' 'M']"
261001,0,171,2,169,27,0,0,"['A' 'M' 'M' 'U' 'M' 'M' 'M' 'M' 'M' 'M' 'M' 'M' 'M' 'M' 'M' 'M' 'M' 'U'
 'M' 'M' 'M' 'M' 'M' 'M' 'M' 'M' 'M' 'M' 'M' 'U' 'U' 'U' 'M' 'M' 'M' 'U'
 'M' 'M' 'M' 'U' 'U' 'U' 'M' 'A' 'M' 'M' 'M' 'M' 'M' 'M' 'M' 'M' 'M' 'M'
 'M' 'M' 'M' 'M' 'M' 'M' 'M' 'M' 'M' 'M' 'M' 'M' 'M' 'M' 'M' 'M' 'M' 'M'
 'M' 'M' 'U' 'M' 'M' 'M' 'M' 'U' 'M' 'U' 'M' 'M' 'M' 'M' 'M' 'M' 'M' 'U'
 'M' 'M' 'M' 'M' 'U' 'M' 'U' 'M' 'M' 'M' 'M' 'M' 'M' 'U' 'M' 'U' 'M' 'M'
 'M' 'M' 'M' 'M' 'M' 'M' 'U' 'M' 'M' 'M' 'U' 'M' 'U' 'M' 'M' 'M' 'U' 'M'
 'M' 'M' 'M' 'M' 'M' 'M' 'M' 'M' 'M' 'M' 'M' 'M' 'M' 'M' 'M' 'M' 'M' 'M'
 'M' 'U' 'M' 'M' 'M' 'M' 'M' 'U' 'M' 'M' 'M' 'U' 'U' 'M' 'M' 'M' 'M' 'M'
 'M' 'M' 'M' 'U' 'M' 'M' 'M' 'M' 'M' 'M' 'M' 'M' 'M' 'M' 'M' 'M' 'M' 'M'
 'M' 'M' 'M' 'M' 'M' 'M' 'M' 'M' 'M' 'M' 'M' 'M' 'M' 'M' 'M' 'M' 'U' 'M']"
261101,0,172,2,170,26,0,0,"['A' 'M' 'M' 'U' 'M' 'M' 'M' 'M' 'M' 'M' 'M' 'M' 'M' 'M' 'M' 'M' 'M' 'U'
 'M' 'M' 'M' 'M' 'M' 'M' 'M' 'M' 'M' 'M' 'M' 'M' 'U' 'U' 'M' 'M' 'M' 'U'
 'M' 'M' 'M' 'U' 'U' 'U' 'M' 'A' 'M' 'M' 'M' 'M' 'M' 'M' 'M' 'M' 'M' 'M'
 'M' 'M' 'M' 'M' 'M' 'M' 'M' 'M' 'M' 'M' 'M' 'M' 'M' 'M' 'M' 'M' 'M' 'M'
 'U' 'M' 'U' 'M' 'U' 'M' 'U' 'M' 'M' 'M' 'M' 'M' 'M' 'M' 'U' 'M' 'M' 'M'
 'M' 'M' 'M' 'M' 'M' 'M' 'U' 'M' 'M' 'M' 'M' 'M' 'M' 'U' 'M' 'U' 'M' 'M'
 'M' 'M' 'M' 'M' 'M' 'M' 'U' 'M' 'M' 'M' 'U' 'M' 'U' 'M' 'M' 'M' 'U' 'M'
 'M' 'M' 'M' 'M' 'M' 'M' 'M' 'M' 'M' 'M' 'M' 'M' 'M' 'M' 'M' 'U' 'M' 'M'
 'M' 'M' 'M' 'M' 'M' 'M' 'M' 'M' 'M' 'M' 'M' 'U' 'U' 'M' 'M' 'M' 'M' 'M'
 'M' 'M' 'M' 'U' 'M' 'M' 'M' 'M' 'U' 'M' 'M' 'M' 'M' 'M' 'M' 'M' 'U' 'M'
 'M' 'M' 'M' 'M' 'M' 'M' 'M' 'M' 'M' 'M' 'M' 'M' 'M' 'M' 'M' 'M' 'M' 'M']"
261201,0,170,2,168,28,0,0,"['A' 'M' 'M' 'U' 'M' 'U' 'M' 'M' 'M' 'M' 'M' 'U' 'M' 'M' 'M' 'M' 'M' 'M'
 'M' 'M' 'M' 'M' 'M' 'M' 'M' 'M' 'M' 'M' 'M' 'M' 'U' 'M' 'M' 'M' 'M' 'M'
 'M' 'M' 'U' 'U' 'U' 'U' 'M' 'A' 'M' 'M' 'M' 'M' 'M' 'M' 'M' 'M' 'M' 'M'
 'M' 'M' 'M' 'M' 'M' 'M' 'M' 'M' 'M' 'M' 'M' 'M' 'U' 'M' 'M' 'M' 'M' 'M'
 'U' 'M' 'M' 'M' 'M' 'M' 'M' 'U' 'U' 'M' 'M' 'M' 'M' 'M' 'M' 'M' 'M' 'M'
 'M' 'M' 'U' 'M' 'M' 'M' 'M' 'M' 'M' 'M' 'M' 'M' 'M' 'U' 'M' 'U' 'M' 'M'
 'U' 'M' 'M' 'M' 'M' 'M' 'U' 'M' 'M' 'U' 'M' 'M' 'M' 'M' 'M' 'M' 'U' 'M'
 'M' 'M' 'M' 'M' 'M' 'M' 'M' 'U' 'U' 'M' 'M' 'U' 'M' 'M' 'M' 'U' 'M' 'M'
 'M' 'M' 'M' 'M' 'M' 'U' 'M' 'M' 'M' 'M' 'M' 'M' 'U' 'U' 'M' 'M' 'M' 'M'
 'M' 'M' 'M' 'M' 'M' 'M' 'M' 'M' 'U' 'M' 'M' 'M' 'M' 'M' 'M' 'M' 'U' 'M'
 'M' 'M' 'M' 'M' 'M' 'M' 'M' 'M' 'M' 'M' 'M' 'M' 'M' 'M' 'M' 'M' 'M' 'M']"
261301,0,170,3,167,28,0,0,"['A' 'M' 'M' 'U' 'M' 'U' 'M' 'M' 'M' 'M' 'U' 'U' 'M' 'M' 'M' 'M' 'M' 'M'
 'M' 'M' 'M' 'M' 'M' 'M' 'M' 'M' 'M' 'M' 'M' 'M' 'U' 'M' 'M' 'M' 'M' 'M'
 'M' 'M' 'M' 'U' 'U' 'U' 'M' 'A' 'M' 'M' 'M' 'M' 'M' 'M' 'M' 'M' 'M' 'M'
 'M' 'M' 'M' 'M' 'M' 'M' 'M' 'M' 'M' 'M' 'M' 'U' 'M' 'M' 'M' 'M' 'M' 'M'
 'M' 'M' 'M' 'U' 'M' 'M' 'M' 'M' 'U' 'M' 'M' 'M' 'M' 'M' 'M' 'M' 'M' 'U'
 'M' 'M' 'U' 'M' 'M' 'M' 'M' 'M' 'M' 'M' 'M' 'M' 'M' 'U' 'M' 'M' 'M' 'M'
 'U' 'M' 'M' 'A' 'M' 'M' 'M' 'M' 'M' 'U' 'M' 'M' 'U' 'M' 'M' 'M' 'U' 'M'
 'M' 'M' 'U' 'M' 'M' 'M' 'U' 'M' 'U' 'M' 'M' 'U' 'M' 'M' 'M' 'U' 'M' 'M'
 'M' 'M' 'M' 'M' 'U' 'U' 'M' 'M' 'M' 'M' 'M' 'M' 'U' 'M' 'M' 'M' 'M' 'M'
 'M' 'M' 'M' 'M' 'M' 'M' 'U' 'M' 'M' 'M' 'M' 'M' 'M' 'M' 'M' 'M' 'U' 'M'
 'M' 'M' 'M' 'M' 'M' 'M' 'M' 'M' 'M' 'M' 'M' 'M' 'M' 'M' 'M' 'M' 'M' 'M']"
261401,0,173,6,167,25,0,0,"['A' 'M' 'M' 'U' 'M' 'U' 'M' 'M' 'M' 'M' 'U' 'U' 'M' 'M' 'U' 'M' 'M' 'M'
 'M' 'M' 'M' 'M' 'M' 'M' 'M' 'M' 'M' 'M' 'M' 'M' 'U' 'M' 'M' 'M' 'M' 'M'
 'M' 'M' 'M' 'U' 'M' 'M' 'U' 'A' 'M' 'M' 'M' 'M' 'M' 'M' 'M' 'M' 'M' 'M'
 'M' 'M' 'M' 'M' 'M' 'M' 'M' 'M' 'U' 'M' 'M' 'M' 'M' 'M' 'U' 'U' 'M' 'M'
 'U' 'M' 'M' 'U' 'M' 'M' 'M' 'M' 'M' 'M' 'M' 'U' 'M' 'M' 'M' 'M' 'M' 'M'
 'M' 'M' 'M' 'M' 'M' 'M' 'M' 'M' 'M' 'M' 'M' 'M' 'U' 'U' 'M' 'M' 'M' 'M'
 'U' 'U' 'M' 'A' 'M' 'M' 'M' 'M' 'M' 'U' 'M' 'M' 'M' 'M' 'M' 'M' 'U' 'M'
 'M' 'U' 'M' 'M' 'M' 'M' 'M' 'M' 'M' 'M' 'M' 'U' 'M' 'M' 'M' 'A' 'M' 'M'
 'M' 'M' 'M' 'M' 'A' 'U' 'M' 'M' 'M' 'M' 'M' 'M' 'A' 'M' 'M' 'M' 'M' 'M'
 'M' 'M' 'M' 'M' 'M' 'M' 'U' 'M' 'M' 'M' 'M' 'M' 'M' 'M' 'M' 'M' 'U' 'M'
 'M' 'M' 'M' 'M' 'M' 'M' 'M' 'M' 'M' 'M' 'M' 'M' 'M' 'M' 'M' 'M' 'M' 'M']"
261501,0,173,4,169,25,0,0,"['A' 'M' 'M' 'M' 'U' 'M' 'M' 'M' 'M' 'M' 'U' 'U' 'M' 'M' 'U' 'M' 'M' 'M'
 'M' 'M' 'M' 'M' 'M' 'M' 'M' 'M' 'M' 'M' 'M' 'M' 'U' 'M' 'M' 'M' 'M' 'M'
 'M' 'M' 'M' 'U' 'M' 'M' 'M' 'A' 'M' 'M' 'M' 'M' 'M' 'M' 'M' 'M' 'M' 'M'
 'M' 'M' 'M' 'M' 'M' 'M' 'M' 'M' 'U' 'M' 'M' 'M' 'U' 'U' 'M' 'M' 'M' 'M'
 'M' 'M' 'M' 'M' 'M' 'M' 'M' 'M' 'M' 'U' 'M' 'M' 'M' 'M' 'M' 'U' 'M' 'M'
 'M' 'M' 'U' 'M' 'M' 'M' 'M' 'M' 'M' 'M' 'M' 'M' 'M' 'U' 'M' 'M' 'M' 'M'
 'M' 'U' 'M' 'A' 'M' 'M' 'M' 'M' 'M' 'U' 'M' 'M' 'M' 'M' 'M' 'M' 'U' 'M'
 'M' 'U' 'M' 'M' 'M' 'M' 'M' 'M' 'M' 'M' 'M' 'U' 'M' 'M' 'M' 'U' 'M' 'M'
 'M' 'M' 'M' 'M' 'A' 'U' 'M' 'M' 'M' 'M' 'M' 'M' 'M' 'M' 'M' 'M' 'M' 'M'
 'M' 'M' 'M' 'M' 'M' 'U' 'U' 'M' 'M' 'M' 'M' 'M' 'M' 'M' 'M' 'M' 'U' 'M'
 'M' 'M' 'M' 'M' 'M' 'M' 'M' 'M' 'M' 'M' 'U' 'M' 'U' 'M' 'M' 'M' 'M' 'M']"
261601,0,164,2,162,34,0,0,"['A' 'M' 'M' 'M' 'U' 'M' 'U' 'M' 'M' 'M' 'U' 'M' 'M' 'M' 'U' 'M' 'M' 'M'
 'M' 'M' 'M' 'U' 'M' 'M' 'M' 'M' 'M' 'M' 'U' 'U' 'U' 'M' 'M' 'M' 'M' 'M'
 'M' 'M' 'M' 'M' 'M' 'M' 'M' 'U' 'M' 'M' 'M' 'M' 'M' 'M' 'M' 'M' 'M' 'M'
 'M' 'M' 'M' 'M' 'M' 'M' 'M' 'M' 'M' 'U' 'U' 'U' 'M' 'M' 'M' 'U' 'M' 'M'
 'M' 'M' 'M' 'M' 'U' 'M' 'M' 'M' 'M' 'M' 'M' 'M' 'M' 'M' 'U' 'M' 'M' 'U'
 'M' 'M' 'M' 'M' 'M' 'M' 'M' 'M' 'M' 'M' 'M' 'M' 'M' 'U' 'M' 'U' 'M' 'U'
 'M' 'M' 'M' 'A' 'M' 'M' 'M' 'M' 'U' 'U' 'U' 'M' 'M' 'M' 'M' 'M' 'U' 'M'
 'M' 'U' 'M' 'M' 'M' 'U' 'M' 'M' 'M' 'M' 'M' 'U' 'U' 'M' 'M' 'U' 'M' 'M'
 'M' 'M' 'M' 'M' 'U' 'U' 'M' 'M' 'M' 'M' 'M' 'M' 'M' 'M' 'M' 'M' 'M' 'M'
 'M' 'M' 'M' 'M' 'M' 'U' 'M' 'M' 'M' 'M' 'M' 'M' 'M' 'M' 'M' 'M' 'U' 'M'
 'M' 'M' 'M' 'M' 'M' 'M' 'M' 'M' 'M' 'M' 'U' 'M' 'U' 'M' 'M' 'M' 'M' 'M']"
261701,0,167,1,166,31,0,0,"['A' 'U' 'M' 'M' 'U' 'M' 'U' 'M' 'M' 'M' 'M' 'M' 'M' 'M' 'U' 'M' 'M' 'M'
 'M' 'M' 'M' 'U' 'M' 'M' 'M' 'M' 'M' 'M' 'M' 'M' 'U' 'M' 'M' 'M' 'M' 'M'
 'M' 'M' 'M' 'M' 'M' 'M' 'M' 'U' 'M' 'M' 'M' 'M' 'M' 'M' 'M' 'M' 'M' 'M'
 'M' 'M' 'M' 'M' 'M' 'U' 'M' 'M' 'M' 'M' 'M' 'M' 'M' 'M' 'U' 'M' 'M' 'M'
 'U' 'U' 'U' 'M' 'M' 'M' 'M' 'M' 'M' 'M' 'M' 'M' 'M' 'M' 'M' 'M' 'M' 'M'
 'M' 'M' 'M' 'U' 'M' 'M' 'M' 'M' 'M' 'M' 'M' 'M' 'M' 'U' 'M' 'U' 'M' 'U'
 'M' 'M' 'M' 'M' 'M' 'M' 'M' 'M' 'M' 'U' 'U' 'M' 'M' 'M' 'M' 'M' 'U' 'M'
 'M' 'U' 'M' 'M' 'M' 'U' 'M' 'M' 'M' 'M' 'M' 'U' 'U' 'M' 'M' 'U' 'M' 'M'
 'M' 'M' 'M' 'M' 'U' 'U' 'M' 'M' 'M' 'M' 'M' 'M' 'U' 'M' 'M' 'M' 'M' 'M'
 'M' 'M' 'M' 'M' 'M' 'U' 'M' 'M' 'M' 'M' 'M' 'M' 'M' 'M' 'M' 'M' 'U' 'M'
 'M' 'M' 'M' 'M' 'M' 'M' 'M' 'M' 'M' 'M' 'M' 'M' 'U' 'M' 'M' 'M' 'M' 'U']"
261801,0,173,1,172,25,0,0,"['A' 'M' 'M' 'M' 'U' 'M' 'U' 'M' 'M' 'M' 'M' 'M' 'M' 'M' 'M' 'M' 'M' 'M'
 'M' 'M' 'M' 'M' 'M' 'M' 'M' 'U' 'M' 'M' 'M' 'M' 'M' 'M' 'M' 'M' 'M' 'M'
 'M' 'M' 'M' 'M' 'M' 'U' 'M' 'M' 'M' 'M' 'M' 'M' 'M' 'M' 'M' 'M' 'M' 'M'
 'M' 'M' 'M' 'M' 'M' 'U' 'M' 'M' 'M' 'M' 'M' 'M' 'M' 'M' 'M' 'M' 'M' 'U'
 'U' 'M' 'M' 'M' 'U' 'U' 'M' 'M' 'M' 'M' 'M' 'M' 'U' 'M' 'M' 'M' 'M' 'M'
 'M' 'M' 'M' 'M' 'M' 'M' 'M' 'M' 'U' 'M' 'M' 'M' 'M' 'U' 'M' 'U' 'M' 'M'
 'M' 'M' 'M' 'M' 'M' 'M' 'M' 'M' 'M' 'U' 'M' 'M' 'M' 'M' 'M' 'M' 'U' 'M'
 'M' 'U' 'M' 'M' 'M' 'U' 'M' 'M' 'M' 'M' 'M' 'U' 'U' 'M' 'M' 'U' 'M' 'M'
 'M' 'M' 'M' 'M' 'M' 'M' 'M' 'M' 'M' 'M' 'M' 'M' 'U' 'M' 'M' 'M' 'M' 'M'
 'M' 'M' 'M' 'M' 'M' 'M' 'M' 'M' 'M' 'M' 'M' 'M' 'M' 'U' 'M' 'M' 'U' 'M'
 'M' 'M' 'M' 'M' 'M' 'M' 'M' 'M' 'M' 'M' 'M' 'M' 'U' 'M' 'M' 'M' 'M' 'U']"
261901,0,172,2,170,26,0,1,"['A' 'M' 'M' 'M' 'M' 'M' 'M' 'M' 'M' 'M' 'M' 'M' 'M' 'M' 'M' 'M' 'M' 'M'
 'M' 'M' 'M' 'M' 'M' 'M' 'M' 'U' 'M' 'U' 'M' 'M' 'M' 'M' 'M' 'M' 'M' 'M'
 'M' 'M' 'M' 'M' 'M' 'U' 'M' 'M' 'M' 'M' 'M' 'M' 'M' 'M' 'M' 'M' 'M' 'M'
 'M' 'M' 'M' 'M' 'M' 'M' 'M' 'M' 'U' 'M' 'M' 'U' 'M' 'M' 'M' 'U' 'M' 'M'
 'M' 'M' 'M' 'M' 'M' 'M' 'M' 'M' 'M' 'U' 'M' 'M' 'M' 'U' 'M' 'U' 'M' 'M'
 'M' 'M' 'M' 'M' 'M' 'M' 'U' 'M' 'M' 'M' 'M' 'M' 'M' 'U' 'M' 'U' 'M' 'M'
 'M' 'M' 'M' 'M' 'M' 'U' 'M' 'M' 'M' 'U' 'M' 'M' 'M' 'U' 'M' 'M' 'M' 'M'
 'M' 'U' 'M' 'M' 'M' 'U' 'M' 'M' 'M' 'M' 'M' 'A' 'U' 'M' 'M' 'U' 'M' 'M'
 'M' 'U' 'M' 'M' 'M' 'M' 'M' 'M' 'M' 'M' 'M' 'M' 'U' 'M' 'M' 'M' 'M' 'M'
 'M' 'M' 'M' 'M' 'M' 'M' 'M' 'M' 'M' 'M' 'M' 'M' 'M' 'U' 'M' 'M' 'U' 'M'
 'M' 'M' 'M' 'M' 'M' 'M' 'M' 'M' 'U' 'M' 'M' 'M' 'U' 'M' 'M' 'M' 'M' 'U']"
262001,0,176,2,174,22,0,0,"['A' 'M' 'M' 'M' 'M' 'M' 'M' 'M' 'M' 'M' 'M' 'M' 'M' 'M' 'M' 'M' 'M' 'U'
 'M' 'M' 'M' 'M' 'M' 'M' 'M' 'U' 'M' 'M' 'M' 'M' 'M' 'M' 'M' 'M' 'M' 'M'
 'M' 'M' 'M' 'M' 'M' 'M' 'M' 'M' 'M' 'M' 'M' 'U' 'M' 'M' 'M' 'M' 'M' 'M'
 'M' 'M' 'M' 'M' 'M' 'M' 'M' 'M' 'M' 'M' 'M' 'M' 'M' 'M' 'M' 'U' 'M' 'U'
 'M' 'M' 'M' 'M' 'U' 'M' 'U' 'M' 'M' 'M' 'M' 'M' 'M' 'M' 'M' 'M' 'U' 'M'
 'M' 'M' 'M' 'M' 'M' 'M' 'U' 'M' 'M' 'M' 'M' 'M' 'M' 'U' 'M' 'M' 'M' 'M'
 'M' 'M' 'M' 'M' 'M' 'U' 'M' 'M' 'M' 'U' 'M' 'M' 'M' 'U' 'M' 'M' 'M' 'M'
 'M' 'U' 'M' 'M' 'M' 'U' 'M' 'M' 'M' 'M' 'M' 'A' 'U' 'M' 'M' 'M' 'M' 'M'
 'M' 'U' 'M' 'M' 'M' 'M' 'M' 'M' 'M' 'M' 'M' 'M' 'U' 'M' 'M' 'M' 'M' 'M'
 'M' 'M' 'M' 'M' 'M' 'M' 'M' 'M' 'M' 'M' 'U' 'M' 'M' 'U' 'M' 'M' 'U' 'M'
 'M' 'M' 'M' 'M' 'M' 'M' 'M' 'M' 'M' 'M' 'M' 'M' 'M' 'M' 'M' 'M' 'M' 'U']"
262101,0,170,1,169,28,0,0,"['A' 'M' 'M' 'M' 'M' 'M' 'U' 'M' 'M' 'M' 'M' 'M' 'M' 'M' 'M' 'M' 'M' 'U'
 'M' 'M' 'M' 'U' 'M' 'M' 'M' 'M' 'M' 'M' 'M' 'M' 'M' 'M' 'M' 'M' 'M' 'M'
 'M' 'M' 'M' 'M' 'M' 'M' 'M' 'M' 'M' 'M' 'M' 'U' 'M' 'M' 'M' 'M' 'M' 'M'
 'M' 'M' 'M' 'M' 'M' 'M' 'M' 'M' 'M' 'M' 'M' 'M' 'M' 'M' 'M' 'M' 'M' 'M'
 'M' 'M' 'M' 'M' 'M' 'M' 'M' 'M' 'M' 'U' 'M' 'U' 'M' 'M' 'M' 'U' 'U' 'M'
 'M' 'U' 'M' 'M' 'M' 'M' 'M' 'M' 'M' 'M' 'M' 'M' 'M' 'U' 'M' 'M' 'M' 'M'
 'M' 'M' 'M' 'M' 'M' 'U' 'M' 'M' 'M' 'U' 'M' 'M' 'U' 'U' 'M' 'M' 'M' 'U'
 'M' 'U' 'M' 'M' 'M' 'U' 'M' 'M' 'M' 'M' 'U' 'U' 'U' 'M' 'M' 'U' 'U' 'M'
 'M' 'M' 'M' 'M' 'M' 'M' 'M' 'M' 'M' 'M' 'M' 'M' 'U' 'M' 'M' 'M' 'M' 'M'
 'U' 'M' 'M' 'M' 'M' 'M' 'M' 'M' 'M' 'M' 'U' 'M' 'M' 'U' 'M' 'M' 'U' 'M'
 'M' 'M' 'M' 'M' 'M' 'M' 'M' 'M' 'M' 'M' 'M' 'M' 'M' 'M' 'M' 'M' 'M' 'U']"
262201,0,166,1,165,32,0,0,"['A' 'M' 'M' 'U' 'M' 'M' 'U' 'M' 'M' 'M' 'M' 'M' 'U' 'M' 'M' 'M' 'M' 'U'
 'M' 'M' 'M' 'M' 'M' 'M' 'M' 'M' 'M' 'M' 'M' 'M' 'M' 'M' 'U' 'M' 'M' 'M'
 'M' 'M' 'M' 'M' 'M' 'M' 'M' 'M' 'M' 'M' 'M' 'U' 'M' 'M' 'M' 'M' 'M' 'M'
 'M' 'M' 'M' 'M' 'M' 'M' 'M' 'M' 'M' 'M' 'M' 'M' 'M' 'M' 'M' 'M' 'M' 'U'
 'M' 'M' 'M' 'U' 'M' 'M' 'M' 'M' 'M' 'M' 'M' 'M' 'M' 'M' 'M' 'U' 'M' 'M'
 'U' 'U' 'M' 'M' 'M' 'U' 'M' 'M' 'M' 'M' 'M' 'M' 'M' 'U' 'M' 'M' 'M' 'M'
 'M' 'U' 'M' 'M' 'M' 'M' 'M' 'M' 'M' 'U' 'M' 'M' 'M' 'U' 'M' 'M' 'M' 'U'
 'M' 'U' 'M' 'M' 'M' 'U' 'M' 'M' 'M' 'M' 'U' 'U' 'U' 'M' 'M' 'U' 'U' 'M'
 'M' 'M' 'M' 'M' 'M' 'M' 'M' 'M' 'U' 'M' 'M' 'M' 'U' 'U' 'M' 'M' 'M' 'M'
 'M' 'M' 'M' 'M' 'M' 'M' 'M' 'M' 'M' 'M' 'U' 'M' 'M' 'U' 'U' 'M' 'U' 'M'
 'M' 'M' 'M' 'M' 'M' 'M' 'M' 'M' 'M' 'M' 'M' 'M' 'M' 'M' 'M' 'M' 'M' 'U']"
262301,0,164,1,163,34,1,0,"['A' 'M' 'M' 'U' 'M' 'M' 'M' 'M' 'M' 'M' 'M' 'M' 'U' 'M' 'M' 'M' 'M' 'U'
 'M' 'M' 'M' 'M' 'M' 'M' 'M' 'M' 'M' 'M' 'M' 'M' 'M' 'M' 'U' 'M' 'M' 'M'
 'M' 'M' 'M' 'M' 'M' 'M' 'M' 'M' 'M' 'M' 'M' 'U' 'M' 'M' 'U' 'M' 'M' 'M'
 'M' 'M' 'M' 'M' 'M' 'M' 'M' 'M' 'M' 'M' 'U' 'M' 'M' 'U' 'M' 'M' 'M' 'M'
 'M' 'M' 'M' 'M' 'U' 'M' 'M' 'U' 'M' 'M' 'M' 'U' 'M' 'M' 'M' 'U' 'M' 'M'
 'M' 'M' 'M' 'M' 'M' 'U' 'M' 'M' 'M' 'U' 'M' 'M' 'M' 'U' 'M' 'M' 'M' 'M'
 'M' 'U' 'M' 'M' 'M' 'U' 'M' 'M' 'M' 'U' 'M' 'M' 'M' 'U' 'U' 'M' 'M' 'U'
 'M' 'U' 'M' 'M' 'M' 'M' 'M' 'M' 'M' 'M' 'M' 'U' 'U' 'M' 'M' 'M' 'U' 'M'
 'M' 'M' 'M' 'M' 'M' 'M' 'M' 'M' 'U' 'M' 'M' 'M' 'U' 'U' 'M' 'M' 'M' 'M'
 'M' 'M' 'M' 'M' 'M' 'M' 'M' 'M' 'M' 'U' 'U' 'M' 'M' 'M' 'U' 'M' 'U' 'M'
 'U' 'M' 'M' 'M' 'M' 'M' 'M' 'M' 'M' 'M' 'M' 'M' 'M' 'M' 'M' 'M' 'M' 'U']"
262401,0,161,2,159,37,0,0,"['A' 'M' 'M' 'U' 'M' 'M' 'M' 'M' 'M' 'M' 'M' 'M' 'U' 'M' 'M' 'M' 'M' 'M'
 'M' 'M' 'M' 'M' 'M' 'M' 'M' 'M' 'M' 'M' 'M' 'M' 'M' 'M' 'M' 'M' 'M' 'M'
 'M' 'M' 'M' 'M' 'M' 'M' 'M' 'M' 'M' 'M' 'M' 'U' 'M' 'M' 'U' 'U' 'M' 'M'
 'M' 'M' 'M' 'M' 'M' 'M' 'M' 'M' 'M' 'M' 'U' 'U' 'U' 'U' 'M' 'M' 'M' 'M'
 'U' 'M' 'U' 'M' 'M' 'M' 'M' 'M' 'M' 'M' 'M' 'M' 'M' 'M' 'M' 'M' 'M' 'M'
 'M' 'M' 'M' 'M' 'M' 'U' 'M' 'M' 'M' 'U' 'M' 'M' 'M' 'U' 'M' 'M' 'M' 'M'
 'M' 'U' 'M' 'M' 'M' 'U' 'M' 'M' 'M' 'U' 'M' 'M' 'U' 'M' 'U' 'M' 'M' 'U'
 'M' 'M' 'M' 'M' 'M' 'U' 'U' 'U' 'U' 'U' 'U' 'U' 'U' 'M' 'M' 'M' 'M' 'M'
 'M' 'M' 'M' 'M' 'M' 'M' 'M' 'U' 'U' 'M' 'M' 'M' 'U' 'U' 'M' 'M' 'M' 'M'
 'M' 'M' 'M' 'M' 'M' 'M' 'M' 'M' 'M' 'M' 'U' 'M' 'M' 'M' 'M' 'M' 'M' 'M'
 'U' 'M' 'M' 'M' 'M' 'M' 'M' 'M' 'M' 'U' 'U' 'M' 'U' 'M' 'M' 'M' 'M' 'A']"
262501,0,169,4,165,29,0,0,"['A' 'M' 'M' 'U' 'M' 'M' 'M' 'M' 'M' 'M' 'M' 'M' 'M' 'M' 'M' 'M' 'M' 'U'
 'M' 'M' 'M' 'M' 'M' 'M' 'M' 'M' 'M' 'M' 'M' 'M' 'M' 'M' 'M' 'M' 'M' 'M'
 'M' 'M' 'M' 'M' 'M' 'M' 'M' 'M' 'M' 'U' 'M' 'U' 'M' 'M' 'M' 'U' 'M' 'M'
 'M' 'M' 'M' 'M' 'M' 'M' 'M' 'M' 'M' 'A' 'U' 'M' 'U' 'M' 'M' 'M' 'M' 'M'
 'M' 'M' 'M' 'M' 'M' 'M' 'M' 'M' 'U' 'M' 'M' 'U' 'M' 'U' 'M' 'U' 'M' 'M'
 'M' 'M' 'M' 'M' 'M' 'M' 'M' 'M' 'M' 'U' 'M' 'M' 'M' 'M' 'M' 'U' 'M' 'M'
 'M' 'U' 'M' 'M' 'M' 'U' 'M' 'M' 'M' 'U' 'M' 'M' 'M' 'M' 'U' 'M' 'M' 'U'
 'M' 'M' 'M' 'M' 'M' 'U' 'U' 'M' 'A' 'U' 'U' 'U' 'U' 'M' 'M' 'M' 'M' 'M'
 'M' 'M' 'M' 'M' 'M' 'M' 'M' 'M' 'M' 'M' 'M' 'M' 'M' 'U' 'M' 'M' 'M' 'M'
 'M' 'M' 'M' 'M' 'M' 'M' 'M' 'M' 'M' 'M' 'U' 'M' 'M' 'M' 'M' 'M' 'M' 'M'
 'U' 'M' 'M' 'M' 'M' 'M' 'M' 'M' 'M' 'M' 'U' 'M' 'U' 'M' 'M' 'M' 'M' 'A']"
262601,0,162,5,157,36,1,0,"['A' 'M' 'M' 'U' 'M' 'M' 'M' 'U' 'M' 'M' 'M' 'M' 'M' 'M' 'M' 'M' 'A' 'U'
 'M' 'M' 'M' 'M' 'M' 'M' 'M' 'M' 'M' 'M' 'M' 'M' 'M' 'U' 'M' 'M' 'M' 'M'
 'M' 'M' 'M' 'M' 'M' 'M' 'U' 'M' 'M' 'U' 'M' 'U' 'M' 'M' 'M' 'M' 'M' 'M'
 'U' 'M' 'M' 'M' 'M' 'M' 'M' 'U' 'M' 'A' 'M' 'M' 'M' 'M' 'M' 'M' 'M' 'M'
 'M' 'U' 'M' 'M' 'U' 'M' 'U' 'U' 'M' 'M' 'M' 'M' 'M' 'M' 'M' 'M' 'M' 'M'
 'M' 'M' 'U' 'M' 'M' 'M' 'U' 'M' 'M' 'U' 'M' 'U' 'U' 'M' 'M' 'U' 'M' 'M'
 'M' 'U' 'M' 'M' 'M' 'U' 'M' 'M' 'M' 'U' 'M' 'M' 'M' 'M' 'M' 'M' 'M' 'M'
 'M' 'M' 'M' 'M' 'M' 'U' 'U' 'U' 'A' 'U' 'U' 'U' 'U' 'M' 'M' 'M' 'M' 'M'
 'M' 'M' 'M' 'M' 'M' 'M' 'M' 'U' 'M' 'U' 'M' 'M' 'M' 'U' 'M' 'M' 'M' 'M'
 'M' 'M' 'M' 'M' 'U' 'M' 'M' 'M' 'M' 'M' 'M' 'M' 'M' 'M' 'M' 'M' 'M' 'M'
 'M' 'M' 'M' 'U' 'M' 'M' 'M' 'M' 'M' 'M' 'U' 'M' 'U' 'M' 'M' 'M' 'M' 'A']"
262701,0,160,5,155,38,0,1,"['A' 'M' 'M' 'M' 'M' 'M' 'M' 'U' 'M' 'M' 'M' 'M' 'M' 'M' 'M' 'M' 'A' 'U'
 'M' 'M' 'U' 'M' 'M' 'M' 'U' 'M' 'M' 'M' 'M' 'M' 'M' 'M' 'M' 'M' 'M' 'M'
 'M' 'M' 'M' 'M' 'M' 'M' 'U' 'M' 'M' 'U' 'M' 'U' 'M' 'M' 'M' 'M' 'M' 'M'
 'U' 'M' 'M' 'M' 'M' 'M' 'M' 'U' 'M' 'A' 'U' 'U' 'M' 'M' 'M' 'M' 'M' 'M'
 'M' 'M' 'M' 'M' 'M' 'M' 'M' 'U' 'M' 'M' 'M' 'M' 'U' 'U' 'M' 'M' 'M' 'U'
 'M' 'M' 'M' 'M' 'M' 'M' 'U' 'M' 'M' 'U' 'M' 'U' 'U' 'U' 'M' 'A' 'M' 'M'
 'M' 'U' 'M' 'M' 'M' 'M' 'M' 'M' 'M' 'U' 'M' 'M' 'M' 'M' 'M' 'M' 'M' 'M'
 'M' 'M' 'M' 'M' 'M' 'U' 'U' 'U' 'A' 'U' 'U' 'U' 'U' 'M' 'M' 'M' 'M' 'M'
 'M' 'U' 'M' 'M' 'M' 'M' 'M' 'U' 'U' 'U' 'M' 'M' 'M' 'M' 'M' 'M' 'M' 'M'
 'M' 'M' 'M' 'M' 'U' 'M' 'M' 'M' 'M' 'M' 'M' 'M' 'M' 'M' 'M' 'M' 'M' 'M'
 'M' 'M' 'U' 'U' 'M' 'M' 'M' 'M' 'M' 'M' 'U' 'M' 'M' 'M' 'M' 'M' 'M' 'U']"
262801,0,164,4,160,34,0,0,"['A' 'M' 'M' 'M' 'M' 'M' 'M' 'U' 'M' 'M' 'M' 'M' 'M' 'M' 'M' 'M' 'U' 'M'
 'M' 'M' 'M' 'M' 'M' 'M' 'M' 'M' 'M' 'M' 'M' 'M' 'M' 'M' 'M' 'M' 'M' 'M'
 'M' 'M' 'M' 'M' 'M' 'M' 'U' 'M' 'M' 'U' 'M' 'U' 'M' 'M' 'M' 'M' 'M' 'M'
 'U' 'M' 'M' 'M' 'M' 'M' 'M' 'U' 'M' 'A' 'U' 'M' 'U' 'M' 'M' 'M' 'M' 'M'
 'M' 'M' 'M' 'M' 'U' 'M' 'M' 'M' 'U' 'M' 'M' 'M' 'U' 'M' 'U' 'M' 'M' 'M'
 'M' 'M' 'M' 'M' 'M' 'M' 'U' 'U' 'M' 'U' 'U' 'M' 'M' 'U' 'M' 'A' 'M' 'M'
 'M' 'U' 'M' 'M' 'M' 'M' 'M' 'M' 'M' 'U' 'M' 'M' 'M' 'M' 'M' 'M' 'M' 'M'
 'M' 'M' 'M' 'M' 'M' 'M' 'U' 'U' 'A' 'M' 'U' 'U' 'U' 'M' 'M' 'M' 'M' 'M'
 'M' 'U' 'M' 'M' 'M' 'M' 'M' 'U' 'U' 'U' 'M' 'M' 'M' 'M' 'M' 'M' 'M' 'M'
 'M' 'M' 'M' 'M' 'U' 'M' 'M' 'M' 'M' 'M' 'M' 'M' 'M' 'M' 'M' 'M' 'M' 'M'
 'M' 'M' 'U' 'U' 'M' 'M' 'M' 'M' 'M' 'M' 'U' 'M' 'M' 'M' 'M' 'M' 'M' 'U']"
262901,0,161,4,157,37,0,0,"['A' 'M' 'M' 'M' 'M' 'M' 'M' 'U' 'M' 'M' 'M' 'M' 'M' 'M' 'M' 'M' 'M' 'M'
 'M' 'M' 'M' 'M' 'M' 'U' 'M' 'M' 'M' 'M' 'M' 'M' 'U' 'M' 'M' 'M' 'M' 'M'
 'M' 'M' 'M' 'M' 'M' 'M' 'M' 'M' 'M' 'U' 'M' 'U' 'M' 'M' 'M' 'M' 'M' 'U'
 'M' 'M' 'U' 'M' 'M' 'M' 'M' 'U' 'M' 'U' 'U' 'M' 'M' 'M' 'M' 'U' 'M' 'M'
 'M' 'U' 'M' 'M' 'M' 'M' 'M' 'M' 'U' 'M' 'M' 'M' 'M' 'M' 'M' 'M' 'M' 'M'
 'M' 'M' 'U' 'U' 'M' 'M' 'M' 'U' 'M' 'U' 'U' 'M' 'M' 'U' 'M' 'A' 'M' 'M'
 'M' 'U' 'M' 'M' 'M' 'M' 'M' 'M' 'M' 'U' 'M' 'M' 'M' 'M' 'M' 'M' 'M' 'M'
 'M' 'M' 'M' 'M' 'M' 'U' 'U' 'U' 'A' 'U' 'U' 'U' 'M' 'M' 'U' 'M' 'M' 'M'
 'M' 'U' 'M' 'M' 'M' 'M' 'M' 'U' 'U' 'U' 'M' 'M' 'U' 'M' 'M' 'M' 'M' 'M'
 'M' 'M' 'M' 'M' 'M' 'M' 'M' 'U' 'M' 'M' 'M' 'M' 'M' 'M' 'M' 'M' 'M' 'M'
 'M' 'M' 'A' 'U' 'M' 'M' 'U' 'M' 'M' 'M' 'M' 'M' 'M' 'M' 'M' 'M' 'M' 'U']"
263001,0,161,2,159,37,0,0,"['A' 'M' 'M' 'U' 'U' 'M' 'M' 'U' 'M' 'M' 'M' 'M' 'M' 'M' 'M' 'M' 'M' 'M'
 'M' 'M' 'M' 'M' 'M' 'U' 'M' 'M' 'M' 'M' 'M' 'M' 'M' 'M' 'M' 'M' 'M' 'M'
 'M' 'M' 'M' 'M' 'M' 'M' 'M' 'M' 'M' 'U' 'M' 'U' 'M' 'M' 'M' 'M' 'M' 'M'
 'M' 'M' 'U' 'M' 'M' 'M' 'M' 'U' 'M' 'U' 'U' 'M' 'M' 'M' 'M' 'M' 'M' 'M'
 'M' 'M' 'M' 'M' 'M' 'M' 'M' 'M' 'U' 'M' 'M' 'U' 'M' 'U' 'M' 'M' 'M' 'U'
 'M' 'M' 'U' 'M' 'M' 'M' 'M' 'M' 'M' 'U' 'U' 'M' 'M' 'U' 'M' 'U' 'M' 'M'
 'M' 'U' 'M' 'M' 'M' 'M' 'M' 'M' 'M' 'U' 'M' 'M' 'M' 'M' 'M' 'M' 'M' 'M'
 'M' 'M' 'M' 'M' 'M' 'M' 'U' 'U' 'U' 'U' 'U' 'U' 'M' 'M' 'U' 'M' 'M' 'M'
 'M' 'U' 'M' 'M' 'M' 'M' 'M' 'U' 'U' 'U' 'M' 'M' 'U' 'M' 'M' 'M' 'U' 'M'
 'M' 'M' 'M' 'M' 'M' 'M' 'M' 'U' 'M' 'M' 'M' 'M' 'M' 'M' 'M' 'M' 'U' 'M'
 'M' 'M' 'A' 'M' 'M' 'M' 'M' 'M' 'M' 'M' 'M' 'M' 'M' 'M' 'M' 'M' 'M' 'U']"
263101,0,166,2,164,32,0,0,"['A' 'M' 'M' 'U' 'M' 'M' 'M' 'U' 'M' 'M' 'M' 'M' 'M' 'M' 'M' 'M' 'M' 'M'
 'M' 'M' 'M' 'M' 'M' 'U' 'M' 'M' 'M' 'M' 'M' 'M' 'M' 'M' 'M' 'M' 'M' 'M'
 'M' 'M' 'M' 'M' 'M' 'M' 'M' 'M' 'M' 'U' 'M' 'U' 'M' 'M' 'M' 'M' 'M' 'M'
 'M' 'M' 'M' 'M' 'M' 'M' 'M' 'M' 'M' 'M' 'U' 'M' 'M' 'U' 'M' 'M' 'M' 'M'
 'M' 'M' 'M' 'M' 'M' 'M' 'M' 'M' 'M' 'M' 'M' 'M' 'U' 'U' 'U' 'M' 'M' 'M'
 'U' 'M' 'M' 'M' 'M' 'M' 'M' 'U' 'M' 'M' 'M' 'M' 'M' 'U' 'M' 'U' 'M' 'U'
 'M' 'U' 'M' 'M' 'M' 'M' 'M' 'M' 'M' 'U' 'M' 'M' 'M' 'M' 'M' 'M' 'M' 'M'
 'M' 'M' 'M' 'M' 'M' 'M' 'U' 'U' 'U' 'U' 'U' 'U' 'M' 'M' 'U' 'M' 'M' 'M'
 'M' 'U' 'M' 'M' 'M' 'M' 'U' 'U' 'M' 'M' 'M' 'M' 'U' 'M' 'M' 'M' 'M' 'M'
 'M' 'M' 'M' 'M' 'M' 'U' 'M' 'U' 'M' 'M' 'M' 'M' 'M' 'U' 'M' 'M' 'M' 'M'
 'M' 'M' 'A' 'M' 'M' 'M' 'M' 'M' 'M' 'M' 'M' 'M' 'M' 'M' 'M' 'M' 'M' 'U']"
263201,0,161,2,159,37,0,0,"['A' 'M' 'M' 'U' 'U' 'M' 'M' 'U' 'M' 'M' 'M' 'M' 'U' 'M' 'M' 'M' 'M' 'M'
 'M' 'M' 'M' 'M' 'M' 'U' 'M' 'M' 'M' 'M' 'M' 'M' 'M' 'M' 'M' 'M' 'M' 'M'
 'M' 'M' 'M' 'M' 'M' 'M' 'M' 'M' 'M' 'U' 'M' 'U' 'M' 'M' 'M' 'M' 'M' 'M'
 'M' 'M' 'M' 'M' 'M' 'M' 'M' 'M' 'U' 'M' 'U' 'U' 'M' 'M' 'M' 'M' 'U' 'M'
 'M' 'U' 'M' 'U' 'U' 'M' 'M' 'M' 'M' 'M' 'M' 'M' 'M' 'M' 'M' 'M' 'M' 'M'
 'M' 'M' 'M' 'M' 'M' 'M' 'M' 'U' 'M' 'M' 'M' 'M' 'M' 'U' 'M' 'U' 'M' 'U'
 'M' 'U' 'M' 'M' 'M' 'M' 'M' 'M' 'M' 'U' 'M' 'M' 'M' 'M' 'M' 'U' 'M' 'M'
 'M' 'M' 'M' 'M' 'M' 'M' 'U' 'U' 'U' 'U' 'U' 'U' 'M' 'M' 'U' 'M' 'M' 'M'
 'M' 'M' 'M' 'M' 'U' 'U' 'U' 'U' 'M' 'M' 'M' 'M' 'M' 'M' 'M' 'M' 'M' 'M'
 'M' 'M' 'M' 'M' 'M' 'M' 'M' 'U' 'U' 'M' 'M' 'M' 'M' 'U' 'M' 'M' 'M' 'M'
 'M' 'M' 'A' 'M' 'M' 'M' 'M' 'M' 'M' 'M' 'M' 'M' 'M' 'M' 'M' 'M' 'U' 'U']"
263301,0,157,3,154,41,0,0,"['A' 'M' 'M' 'U' 'U' 'M' 'M' 'U' 'M' 'M' 'M' 'M' 'U' 'U' 'M' 'M' 'M' 'M'
 'M' 'M' 'M' 'M' 'M' 'U' 'M' 'A' 'M' 'M' 'M' 'M' 'M' 'M' 'M' 'M' 'M' 'M'
 'M' 'M' 'M' 'M' 'M' 'M' 'U' 'M' 'M' 'U' 'M' 'U' 'M' 'M' 'M' 'M' 'M' 'U'
 'M' 'M' 'M' 'M' 'M' 'M' 'M' 'M' 'U' 'M' 'U' 'M' 'U' 'M' 'M' 'M' 'M' 'M'
 'M' 'U' 'M' 'M' 'U' 'M' 'M' 'M' 'M' 'M' 'U' 'U' 'M' 'M' 'M' 'M' 'M' 'M'
 'M' 'M' 'M' 'M' 'M' 'M' 'M' 'U' 'M' 'M' 'M' 'M' 'M' 'M' 'M' 'M' 'M' 'U'
 'M' 'U' 'U' 'M' 'M' 'M' 'M' 'M' 'M' 'U' 'M' 'M' 'M' 'M' 'M' 'U' 'M' 'U'
 'M' 'M' 'U' 'M' 'M' 'U' 'U' 'U' 'U' 'U' 'U' 'U' 'M' 'M' 'U' 'M' 'M' 'M'
 'U' 'M' 'M' 'M' 'U' 'U' 'M' 'U' 'M' 'U' 'M' 'M' 'M' 'M' 'M' 'M' 'M' 'M'
 'M' 'M' 'M' 'M' 'M' 'M' 'M' 'M' 'U' 'M' 'M' 'M' 'M' 'M' 'M' 'M' 'M' 'M'
 'M' 'M' 'A' 'M' 'M' 'M' 'M' 'M' 'M' 'M' 'M' 'M' 'M' 'M' 'M' 'M' 'U' 'U']"
263401,0,160,3,157,38,0,0,"['A' 'U' 'M' 'U' 'U' 'M' 'M' 'M' 'M' 'M' 'M' 'M' 'U' 'U' 'M' 'M' 'M' 'M'
 'M' 'M' 'M' 'M' 'M' 'U' 'M' 'A' 'M' 'M' 'M' 'M' 'M' 'M' 'M' 'M' 'M' 'U'
 'M' 'U' 'M' 'M' 'M' 'M' 'A' 'M' 'M' 'U' 'M' 'M' 'M' 'M' 'M' 'M' 'M' 'U'
 'M' 'M' 'M' 'M' 'M' 'M' 'M' 'M' 'M' 'M' 'U' 'M' 'U' 'M' 'M' 'M' 'M' 'M'
 'M' 'M' 'U' 'U' 'M' 'M' 'U' 'M' 'U' 'M' 'M' 'M' 'M' 'M' 'M' 'M' 'M' 'M'
 'M' 'M' 'M' 'M' 'M' 'M' 'M' 'U' 'M' 'M' 'M' 'M' 'M' 'M' 'M' 'M' 'M' 'M'
 'M' 'M' 'U' 'M' 'M' 'M' 'M' 'M' 'M' 'U' 'M' 'M' 'M' 'M' 'U' 'U' 'M' 'U'
 'M' 'M' 'U' 'M' 'M' 'U' 'U' 'U' 'M' 'U' 'U' 'U' 'M' 'M' 'U' 'M' 'M' 'M'
 'U' 'M' 'M' 'M' 'U' 'U' 'M' 'M' 'M' 'U' 'U' 'M' 'M' 'M' 'M' 'M' 'M' 'M'
 'M' 'M' 'M' 'M' 'M' 'M' 'M' 'M' 'U' 'M' 'M' 'M' 'M' 'M' 'M' 'M' 'M' 'M'
 'M' 'M' 'U' 'M' 'M' 'M' 'M' 'M' 'M' 'M' 'M' 'M' 'M' 'M' 'M' 'M' 'M' 'U']"
263501,0,164,2,162,34,0,0,"['A' 'U' 'M' 'U' 'U' 'M' 'M' 'M' 'M' 'M' 'M' 'M' 'U' 'U' 'M' 'U' 'M' 'M'
 'M' 'M' 'M' 'M' 'M' 'M' 'M' 'A' 'M' 'M' 'M' 'M' 'M' 'M' 'M' 'U' 'M' 'U'
 'M' 'M' 'M' 'M' 'U' 'M' 'U' 'M' 'M' 'M' 'M' 'M' 'M' 'M' 'M' 'M' 'M' 'U'
 'M' 'M' 'M' 'M' 'M' 'M' 'U' 'M' 'U' 'M' 'M' 'U' 'M' 'M' 'M' 'M' 'M' 'M'
 'M' 'M' 'M' 'M' 'M' 'M' 'M' 'M' 'M' 'M' 'U' 'M' 'M' 'M' 'M' 'M' 'U' 'U'
 'M' 'M' 'M' 'U' 'M' 'M' 'M' 'M' 'M' 'M' 'M' 'M' 'M' 'M' 'M' 'M' 'M' 'M'
 'M' 'M' 'U' 'M' 'M' 'M' 'M' 'M' 'M' 'U' 'M' 'M' 'M' 'U' 'U' 'M' 'M' 'M'
 'M' 'M' 'U' 'M' 'M' 'M' 'U' 'U' 'M' 'M' 'U' 'M' 'M' 'M' 'U' 'M' 'M' 'M'
 'M' 'M' 'M' 'M' 'U' 'U' 'M' 'M' 'M' 'U' 'M' 'M' 'M' 'M' 'M' 'M' 'M' 'M'
 'M' 'M' 'M' 'M' 'M' 'M' 'M' 'M' 'U' 'M' 'M' 'M' 'M' 'M' 'M' 'M' 'M' 'M'
 'M' 'M' 'U' 'M' 'M' 'M' 'M' 'M' 'M' 'M' 'U' 'M' 'M' 'M' 'M' 'M' 'M' 'U']"
263601,1,160,2,158,38,1,0,"['A' 'U' 'M' 'U' 'U' 'M' 'M' 'M' 'M' 'M' 'M' 'M' 'U' 'M' 'M' 'U' 'M' 'M'
 'M' 'M' 'U' 'M' 'M' 'U' 'M' 'M' 'M' 'M' 'M' 'M' 'M' 'M' 'M' 'U' 'M' 'U'
 'M' 'M' 'M' 'U' 'U' 'M' 'U' 'M' 'M' 'M' 'M' 'M' 'M' 'M' 'M' 'M' 'M' 'U'
 'M' 'M' 'M' 'M' 'M' 'U' 'U' 'M' 'U' 'M' 'M' 'M' 'U' 'M' 'M' 'M' 'M' 'M'
 'M' 'U' 'M' 'M' 'M' 'M' 'M' 'M' 'M' 'M' 'M' 'M' 'U' 'M' 'M' 'M' 'M' 'U'
 'M' 'M' 'U' 'M' 'M' 'M' 'M' 'M' 'M' 'M' 'M' 'M' 'M' 'M' 'M' 'M' 'M' 'M'
 'M' 'M' 'U' 'M' 'M' 'M' 'M' 'M' 'M' 'M' 'M' 'M' 'M' 'U' 'M' 'M' 'M' 'M'
 'U' 'M' 'U' 'M' 'M' 'M' 'U' 'U' 'U' 'U' 'U' 'M' 'U' 'M' 'U' 'M' 'M' 'U'
 'M' 'M' 'M' 'M' 'M' 'U' 'M' 'M' 'M' 'U' 'M' 'M' 'M' 'M' 'A' 'M' 'M' 'M'
 'M' 'M' 'M' 'M' 'M' 'M' 'U' 'M' 'U' 'U' 'M' 'M' 'M' 'M' 'M' 'M' 'M' 'M'
 'M' 'M' 'M' 'M' 'M' 'M' 'M' 'M' 'M' 'M' 'M' 'M' 'M' 'M' 'M' 'M' 'M' 'M']"
263701,0,162,4,158,36,0,0,"['A' 'U' 'M' 'U' 'M' 'M' 'M' 'M' 'M' 'M' 'M' 'U' 'M' 'M' 'M' 'U' 'U' 'M'
 'M' 'M' 'U' 'M' 'M' 'U' 'M' 'M' 'M' 'M' 'M' 'M' 'M' 'M' 'M' 'U' 'M' 'U'
 'M' 'M' 'M' 'U' 'U' 'M' 'M' 'M' 'M' 'M' 'M' 'M' 'M' 'M' 'M' 'M' 'M' 'A'
 'M' 'M' 'M' 'M' 'M' 'U' 'U' 'M' 'U' 'M' 'M' 'M' 'U' 'M' 'M' 'M' 'M' 'U'
 'M' 'M' 'M' 'M' 'M' 'M' 'M' 'M' 'M' 'M' 'M' 'M' 'M' 'M' 'M' 'U' 'M' 'U'
 'M' 'M' 'M' 'M' 'U' 'M' 'M' 'M' 'M' 'M' 'M' 'U' 'M' 'M' 'M' 'M' 'M' 'M'
 'M' 'M' 'U' 'M' 'M' 'M' 'M' 'M' 'U' 'M' 'M' 'M' 'M' 'U' 'M' 'M' 'M' 'M'
 'U' 'M' 'M' 'M' 'M' 'M' 'M' 'M' 'M' 'U' 'M' 'U' 'U' 'M' 'U' 'M' 'M' 'U'
 'M' 'M' 'U' 'M' 'M' 'A' 'M' 'M' 'M' 'U' 'M' 'M' 'M' 'M' 'A' 'U' 'M' 'M'
 'M' 'M' 'M' 'M' 'M' 'M' 'U' 'M' 'U' 'U' 'M' 'M' 'M' 'M' 'M' 'M' 'M' 'M'
 'M' 'M' 'M' 'M' 'M' 'M' 'U' 'M' 'M' 'M' 'M' 'M' 'M' 'M' 'M' 'M' 'M' 'M']"
263801,0,163,4,159,35,0,0,"['A' 'U' 'M' 'U' 'M' 'M' 'M' 'M' 'M' 'M' 'A' 'U' 'M' 'M' 'M' 'M' 'U' 'M'
 'M' 'M' 'U' 'M' 'M' 'U' 'M' 'M' 'M' 'M' 'M' 'M' 'M' 'M' 'M' 'U' 'M' 'U'
 'M' 'M' 'M' 'U' 'U' 'M' 'M' 'M' 'M' 'M' 'M' 'M' 'M' 'M' 'M' 'U' 'M' 'A'
 'M' 'M' 'M' 'M' 'M' 'U' 'U' 'M' 'M' 'M' 'M' 'M' 'M' 'M' 'M' 'M' 'M' 'M'
 'M' 'M' 'M' 'M' 'U' 'M' 'U' 'M' 'M' 'U' 'M' 'M' 'U' 'M' 'M' 'M' 'M' 'M'
 'M' 'M' 'U' 'M' 'M' 'M' 'U' 'M' 'M' 'U' 'U' 'U' 'M' 'M' 'M' 'M' 'M' 'M'
 'M' 'M' 'M' 'M' 'M' 'M' 'M' 'M' 'M' 'M' 'M' 'M' 'M' 'M' 'M' 'M' 'M' 'M'
 'M' 'M' 'M' 'M' 'M' 'M' 'M' 'M' 'M' 'M' 'M' 'U' 'U' 'M' 'U' 'M' 'M' 'U'
 'M' 'M' 'U' 'M' 'M' 'U' 'M' 'M' 'M' 'U' 'M' 'M' 'M' 'M' 'A' 'U' 'M' 'M'
 'M' 'M' 'M' 'M' 'U' 'M' 'U' 'M' 'M' 'U' 'M' 'M' 'M' 'M' 'M' 'M' 'M' 'M'
 'M' 'M' 'M' 'M' 'M' 'M' 'U' 'M' 'M' 'M' 'M' 'M' 'M' 'M' 'M' 'M' 'U' 'M']"
263901,0,163,3,160,35,0,0,"['A' 'U' 'M' 'U' 'M' 'M' 'M' 'M' 'M' 'M' 'U' 'M' 'M' 'M' 'M' 'M' 'U' 'M'
 'M' 'M' 'U' 'M' 'M' 'U' 'M' 'M' 'M' 'M' 'M' 'M' 'M' 'M' 'M' 'U' 'M' 'U'
 'M' 'M' 'M' 'U' 'U' 'M' 'M' 'M' 'M' 'M' 'M' 'M' 'M' 'M' 'M' 'M' 'M' 'A'
 'M' 'M' 'M' 'M' 'M' 'U' 'U' 'U' 'M' 'M' 'M' 'U' 'M' 'M' 'M' 'M' 'U' 'M'
 'M' 'M' 'M' 'M' 'M' 'M' 'U' 'U' 'M' 'M' 'M' 'U' 'M' 'M' 'M' 'M' 'M' 'M'
 'M' 'M' 'M' 'M' 'M' 'M' 'U' 'M' 'M' 'M' 'M' 'U' 'M' 'M' 'M' 'M' 'M' 'M'
 'M' 'M' 'M' 'M' 'M' 'M' 'M' 'M' 'M' 'M' 'M' 'M' 'M' 'M' 'M' 'M' 'M' 'M'
 'M' 'U' 'M' 'M' 'U' 'M' 'U' 'M' 'M' 'M' 'M' 'M' 'U' 'M' 'U' 'M' 'M' 'U'
 'M' 'M' 'U' 'M' 'M' 'M' 'M' 'M' 'M' 'U' 'M' 'M' 'U' 'M' 'A' 'U' 'U' 'M'
 'M' 'M' 'M' 'M' 'U' 'M' 'U' 'M' 'M' 'M' 'M' 'M' 'M' 'M' 'M' 'M' 'M' 'M'
 'M' 'M' 'M' 'M' 'M' 'M' 'U' 'M' 'M' 'M' 'M' 'M' 'M' 'M' 'M' 'M' 'U' 'M']"
264001,0,167,2,165,31,1,0,"['A' 'M' 'M' 'M' 'M' 'M' 'M' 'M' 'M' 'M' 'U' 'M' 'M' 'M' 'M' 'M' 'U' 'M'
 'M' 'M' 'U' 'M' 'M' 'U' 'M' 'M' 'M' 'M' 'M' 'M' 'M' 'M' 'M' 'U' 'M' 'M'
 'M' 'M' 'U' 'U' 'U' 'M' 'M' 'M' 'M' 'M' 'U' 'M' 'M' 'M' 'U' 'M' 'M' 'A'
 'M' 'M' 'M' 'M' 'M' 'M' 'M' 'U' 'M' 'M' 'M' 'U' 'M' 'M' 'M' 'M' 'M' 'M'
 'M' 'M' 'M' 'M' 'M' 'U' 'M' 'M' 'M' 'M' 'M' 'M' 'M' 'M' 'U' 'U' 'M' 'M'
 'M' 'U' 'M' 'M' 'M' 'M' 'M' 'M' 'M' 'M' 'M' 'U' 'M' 'U' 'M' 'M' 'M' 'M'
 'M' 'M' 'M' 'M' 'M' 'M' 'M' 'M' 'M' 'M' 'M' 'M' 'M' 'M' 'M' 'M' 'M' 'M'
 'M' 'U' 'M' 'M' 'U' 'M' 'M' 'M' 'M' 'M' 'M' 'M' 'U' 'M' 'U' 'M' 'M' 'U'
 'M' 'M' 'U' 'M' 'M' 'M' 'M' 'M' 'M' 'M' 'M' 'M' 'U' 'M' 'M' 'U' 'U' 'M'
 'M' 'M' 'M' 'M' 'U' 'M' 'U' 'M' 'M' 'M' 'M' 'M' 'M' 'M' 'M' 'M' 'M' 'M'
 'M' 'M' 'M' 'M' 'M' 'M' 'U' 'M' 'M' 'M' 'M' 'M' 'M' 'M' 'M' 'M' 'U' 'M']"
264101,0,166,2,164,32,0,1,"['A' 'M' 'M' 'M' 'M' 'M' 'M' 'M' 'M' 'M' 'U' 'M' 'M' 'M' 'M' 'M' 'U' 'M'
 'M' 'M' 'U' 'M' 'M' 'U' 'M' 'M' 'M' 'M' 'U' 'M' 'M' 'M' 'M' 'U' 'M' 'M'
 'M' 'M' 'U' 'M' 'M' 'M' 'M' 'M' 'M' 'M' 'U' 'M' 'M' 'M' 'U' 'M' 'M' 'A'
 'M' 'M' 'M' 'M' 'M' 'M' 'M' 'U' 'M' 'M' 'M' 'M' 'M' 'M' 'M' 'M' 'M' 'M'
 'M' 'U' 'M' 'M' 'U' 'M' 'M' 'M' 'M' 'U' 'M' 'M' 'M' 'M' 'M' 'U' 'M' 'M'
 'M' 'M' 'U' 'M' 'M' 'M' 'M' 'M' 'M' 'M' 'M' 'U' 'M' 'U' 'M' 'M' 'U' 'M'
 'M' 'M' 'M' 'M' 'M' 'M' 'M' 'M' 'M' 'M' 'M' 'M' 'M' 'M' 'M' 'M' 'M' 'M'
 'M' 'U' 'M' 'M' 'M' 'M' 'M' 'M' 'M' 'M' 'M' 'M' 'U' 'U' 'M' 'M' 'M' 'U'
 'M' 'M' 'U' 'M' 'M' 'M' 'M' 'U' 'M' 'M' 'M' 'M' 'U' 'M' 'M' 'M' 'U' 'M'
 'M' 'U' 'M' 'U' 'U' 'M' 'M' 'M' 'M' 'M' 'M' 'M' 'M' 'M' 'M' 'M' 'U' 'M'
 'M' 'M' 'M' 'M' 'M' 'M' 'U' 'M' 'M' 'M' 'M' 'M' 'M' 'M' 'M' 'M' 'U' 'M']"
264201,0,167,2,165,31,0,0,"['A' 'M' 'M' 'M' 'M' 'M' 'M' 'M' 'M' 'M' 'U' 'M' 'M' 'M' 'M' 'M' 'U' 'M'
 'M' 'U' 'U' 'M' 'M' 'U' 'M' 'M' 'M' 'M' 'U' 'M' 'M' 'M' 'M' 'U' 'M' 'M'
 'M' 'M' 'U' 'U' 'M' 'M' 'U' 'M' 'M' 'M' 'U' 'M' 'M' 'M' 'U' 'M' 'M' 'A'
 'M' 'M' 'M' 'M' 'M' 'M' 'M' 'U' 'M' 'M' 'M' 'U' 'M' 'M' 'M' 'M' 'M' 'M'
 'M' 'M' 'M' 'M' 'M' 'U' 'U' 'U' 'M' 'M' 'M' 'M' 'M' 'M' 'U' 'M' 'M' 'M'
 'M' 'M' 'M' 'M' 'M' 'M' 'M' 'M' 'M' 'M' 'M' 'M' 'M' 'U' 'M' 'M' 'U' 'M'
 'M' 'M' 'M' 'M' 'M' 'M' 'M' 'M' 'M' 'M' 'M' 'M' 'M' 'M' 'M' 'M' 'M' 'M'
 'U' 'U' 'M' 'M' 'M' 'M' 'M' 'M' 'M' 'M' 'M' 'M' 'M' 'U' 'M' 'M' 'M' 'U'
 'M' 'M' 'M' 'M' 'M' 'M' 'M' 'U' 'M' 'M' 'M' 'M' 'U' 'M' 'M' 'M' 'M' 'M'
 'M' 'U' 'M' 'M' 'U' 'M' 'M' 'M' 'M' 'M' 'M' 'M' 'M' 'M' 'M' 'M' 'M' 'M'
 'M' 'M' 'M' 'M' 'M' 'M' 'U' 'U' 'M' 'M' 'M' 'U' 'M' 'M' 'M' 'M' 'M' 'M']"
264301,0,170,1,169,28,0,0,"['A' 'M' 'M' 'M' 'M' 'M' 'M' 'M' 'M' 'M' 'U' 'M' 'M' 'M' 'M' 'M' 'M' 'U'
 'M' 'U' 'U' 'M' 'M' 'U' 'M' 'M' 'M' 'M' 'U' 'M' 'M' 'M' 'M' 'U' 'M' 'M'
 'M' 'M' 'U' 'M' 'M' 'M' 'U' 'M' 'M' 'M' 'U' 'M' 'M' 'M' 'M' 'U' 'M' 'U'
 'M' 'M' 'M' 'M' 'M' 'M' 'M' 'U' 'M' 'M' 'M' 'M' 'M' 'M' 'M' 'U' 'U' 'M'
 'M' 'M' 'M' 'M' 'M' 'M' 'M' 'M' 'M' 'M' 'M' 'U' 'U' 'U' 'M' 'M' 'M' 'M'
 'M' 'M' 'M' 'M' 'M' 'M' 'M' 'M' 'M' 'M' 'M' 'M' 'M' 'M' 'M' 'M' 'U' 'M'
 'M' 'M' 'M' 'M' 'M' 'M' 'M' 'M' 'M' 'M' 'M' 'M' 'M' 'M' 'M' 'M' 'M' 'M'
 'M' 'U' 'U' 'M' 'M' 'M' 'M' 'M' 'M' 'M' 'M' 'M' 'M' 'U' 'M' 'M' 'M' 'U'
 'M' 'M' 'M' 'M' 'M' 'M' 'M' 'M' 'M' 'M' 'M' 'M' 'U' 'M' 'M' 'M' 'M' 'M'
 'M' 'U' 'M' 'M' 'M' 'M' 'M' 'M' 'M' 'M' 'M' 'M' 'M' 'M' 'M' 'M' 'M' 'U'
 'M' 'M' 'M' 'M' 'M' 'M' 'M' 'U' 'M' 'M' 'M' 'U' 'M' 'M' 'M' 'M' 'M' 'M']"
264401,1,169,1,168,29,1,0,"['A' 'M' 'M' 'M' 'U' 'M' 'M' 'M' 'U' 'M' 'U' 'M' 'M' 'M' 'M' 'M' 'M' 'U'
 'M' 'M' 'M' 'M' 'M' 'U' 'M' 'M' 'M' 'M' 'M' 'M' 'M' 'M' 'M' 'M' 'M' 'M'
 'M' 'M' 'U' 'M' 'M' 'M' 'U' 'M' 'M' 'M' 'U' 'M' 'M' 'M' 'M' 'U' 'M' 'M'
 'M' 'M' 'M' 'M' 'M' 'M' 'M' 'M' 'M' 'M' 'M' 'M' 'M' 'M' 'M' 'U' 'M' 'M'
 'M' 'U' 'M' 'M' 'M' 'U' 'M' 'M' 'M' 'M' 'M' 'M' 'M' 'M' 'M' 'U' 'U' 'M'
 'M' 'M' 'M' 'M' 'M' 'M' 'M' 'M' 'M' 'M' 'M' 'M' 'M' 'M' 'M' 'M' 'U' 'M'
 'M' 'M' 'M' 'M' 'M' 'M' 'M' 'U' 'M' 'M' 'M' 'M' 'M' 'M' 'M' 'M' 'M' 'M'
 'M' 'U' 'U' 'M' 'M' 'U' 'U' 'U' 'M' 'M' 'M' 'M' 'M' 'U' 'M' 'M' 'M' 'U'
 'M' 'M' 'M' 'M' 'M' 'M' 'M' 'M' 'M' 'U' 'M' 'M' 'U' 'M' 'M' 'M' 'M' 'M'
 'M' 'U' 'M' 'M' 'M' 'M' 'M' 'M' 'M' 'M' 'M' 'M' 'M' 'M' 'M' 'M' 'M' 'U'
 'M' 'M' 'M' 'M' 'M' 'M' 'M' 'U' 'M' 'M' 'M' 'M' 'M' 'M' 'U' 'M' 'M' 'M']"
264501,1,170,1,169,28,0,0,"['A' 'M' 'M' 'M' 'U' 'M' 'M' 'M' 'U' 'M' 'U' 'M' 'M' 'M' 'M' 'M' 'M' 'M'
 'M' 'M' 'M' 'M' 'M' 'U' 'M' 'M' 'M' 'M' 'M' 'M' 'M' 'M' 'M' 'M' 'M' 'M'
 'M' 'M' 'M' 'M' 'M' 'M' 'U' 'U' 'M' 'M' 'M' 'M' 'M' 'M' 'M' 'M' 'M' 'M'
 'M' 'M' 'M' 'M' 'M' 'M' 'M' 'M' 'M' 'M' 'M' 'M' 'M' 'M' 'M' 'M' 'M' 'U'
 'M' 'M' 'M' 'M' 'M' 'M' 'M' 'U' 'M' 'M' 'M' 'M' 'M' 'M' 'M' 'M' 'U' 'U'
 'M' 'U' 'M' 'M' 'M' 'M' 'M' 'M' 'M' 'M' 'M' 'U' 'M' 'M' 'M' 'M' 'U' 'M'
 'M' 'M' 'M' 'M' 'M' 'M' 'M' 'U' 'M' 'M' 'M' 'M' 'M' 'U' 'M' 'M' 'M' 'M'
 'M' 'U' 'U' 'M' 'M' 'U' 'U' 'M' 'U' 'U' 'M' 'M' 'U' 'U' 'U' 'M' 'M' 'M'
 'M' 'M' 'M' 'M' 'M' 'M' 'M' 'M' 'M' 'M' 'M' 'M' 'U' 'M' 'M' 'M' 'M' 'M'
 'M' 'M' 'M' 'M' 'M' 'M' 'M' 'M' 'M' 'M' 'M' 'M' 'M' 'M' 'M' 'M' 'M' 'U'
 'M' 'M' 'M' 'M' 'M' 'M' 'M' 'U' 'M' 'M' 'M' 'M' 'M' 'M' 'M' 'U' 'M' 'M']"
264601,0,155,2,153,43,0,0,"['A' 'U' 'M' 'M' 'U' 'M' 'M' 'U' 'U' 'M' 'U' 'M' 'M' 'M' 'M' 'M' 'M' 'M'
 'M' 'M' 'M' 'M' 'U' 'U' 'M' 'M' 'M' 'M' 'M' 'M' 'M' 'M' 'M' 'M' 'M' 'M'
 'M' 'M' 'M' 'U' 'M' 'U' 'U' 'U' 'M' 'M' 'M' 'M' 'M' 'M' 'U' 'M' 'M' 'M'
 'M' 'M' 'M' 'M' 'M' 'M' 'M' 'M' 'M' 'M' 'M' 'M' 'M' 'M' 'M' 'U' 'M' 'M'
 'M' 'M' 'M' 'M' 'M' 'M' 'M' 'M' 'M' 'U' 'M' 'M' 'M' 'M' 'M' 'U' 'M' 'M'
 'U' 'M' 'M' 'M' 'U' 'M' 'M' 'M' 'U' 'M' 'M' 'U' 'M' 'M' 'M' 'U' 'U' 'M'
 'M' 'M' 'M' 'M' 'M' 'M' 'M' 'U' 'M' 'M' 'M' 'M' 'U' 'U' 'M' 'M' 'M' 'M'
 'M' 'M' 'M' 'M' 'M' 'M' 'U' 'U' 'U' 'U' 'U' 'U' 'U' 'U' 'A' 'M' 'M' 'M'
 'M' 'U' 'M' 'M' 'M' 'M' 'M' 'M' 'M' 'M' 'M' 'M' 'U' 'M' 'M' 'U' 'U' 'M'
 'M' 'M' 'M' 'M' 'M' 'U' 'M' 'U' 'M' 'M' 'M' 'M' 'M' 'M' 'M' 'M' 'M' 'U'
 'M' 'M' 'M' 'M' 'U' 'M' 'M' 'U' 'U' 'M' 'M' 'M' 'M' 'M' 'M' 'U' 'M' 'M']"
264701,0,157,1,156,41,0,0,"['A' 'U' 'M' 'M' 'U' 'M' 'M' 'U' 'U' 'M' 'U' 'M' 'M' 'M' 'M' 'M' 'M' 'M'
 'M' 'M' 'M' 'M' 'U' 'M' 'M' 'M' 'M' 'M' 'M' 'M' 'M' 'M' 'M' 'M' 'M' 'M'
 'M' 'M' 'M' 'U' 'M' 'U' 'M' 'U' 'M' 'M' 'M' 'M' 'M' 'M' 'M' 'M' 'M' 'M'
 'M' 'M' 'M' 'M' 'M' 'M' 'M' 'M' 'M' 'U' 'U' 'M' 'U' 'M' 'M' 'M' 'M' 'M'
 'M' 'M' 'M' 'U' 'M' 'M' 'M' 'M' 'M' 'M' 'M' 'U' 'M' 'M' 'M' 'M' 'M' 'M'
 'M' 'M' 'U' 'U' 'M' 'M' 'M' 'M' 'U' 'M' 'M' 'U' 'M' 'M' 'M' 'U' 'U' 'M'
 'M' 'M' 'M' 'M' 'M' 'M' 'M' 'M' 'M' 'M' 'M' 'M' 'U' 'U' 'U' 'M' 'M' 'M'
 'M' 'M' 'M' 'M' 'M' 'M' 'U' 'U' 'U' 'U' 'U' 'U' 'U' 'U' 'U' 'M' 'M' 'M'
 'M' 'U' 'M' 'M' 'M' 'M' 'M' 'M' 'M' 'M' 'M' 'M' 'U' 'M' 'M' 'M' 'M' 'M'
 'M' 'M' 'M' 'M' 'M' 'U' 'M' 'M' 'M' 'M' 'M' 'M' 'M' 'M' 'M' 'M' 'M' 'U'
 'M' 'M' 'M' 'M' 'U' 'M' 'M' 'U' 'U' 'M' 'M' 'M' 'M' 'M' 'M' 'U' 'M' 'U']"
264801,0,157,1,156,41,0,0,"['A' 'U' 'M' 'M' 'U' 'M' 'M' 'U' 'U' 'M' 'U' 'M' 'M' 'M' 'M' 'M' 'M' 'M'
 'M' 'M' 'M' 'M' 'U' 'M' 'M' 'M' 'M' 'M' 'M' 'M' 'M' 'M' 'M' 'M' 'M' 'M'
 'M' 'M' 'M' 'U' 'M' 'U' 'M' 'U' 'M' 'M' 'M' 'M' 'M' 'M' 'M' 'M' 'M' 'U'
 'M' 'M' 'U' 'M' 'U' 'M' 'M' 'M' 'M' 'M' 'U' 'U' 'M' 'M' 'M' 'M' 'M' 'M'
 'M' 'M' 'M' 'M' 'M' 'M' 'U' 'M' 'M' 'M' 'M' 'M' 'M' 'M' 'U' 'M' 'M' 'U'
 'M' 'M' 'M' 'M' 'U' 'M' 'M' 'M' 'M' 'M' 'M' 'M' 'M' 'M' 'M' 'U' 'M' 'M'
 'M' 'M' 'M' 'M' 'M' 'M' 'M' 'M' 'M' 'M' 'M' 'M' 'U' 'U' 'U' 'M' 'M' 'M'
 'M' 'M' 'M' 'M' 'U' 'M' 'M' 'U' 'U' 'U' 'U' 'M' 'U' 'U' 'U' 'M' 'M' 'M'
 'M' 'U' 'U' 'M' 'M' 'M' 'U' 'M' 'M' 'M' 'M' 'M' 'U' 'M' 'M' 'M' 'M' 'U'
 'M' 'M' 'M' 'M' 'M' 'U' 'M' 'M' 'M' 'U' 'M' 'M' 'M' 'M' 'M' 'M' 'M' 'U'
 'M' 'M' 'M' 'M' 'U' 'M' 'M' 'M' 'U' 'M' 'M' 'M' 'M' 'M' 'M' 'U' 'M' 'M']"
264901,0,160,3,157,38,0,0,"['A' 'U' 'M' 'U' 'M' 'M' 'M' 'U' 'U' 'M' 'M' 'M' 'M' 'M' 'M' 'M' 'M' 'M'
 'M' 'M' 'M' 'M' 'U' 'M' 'M' 'M' 'M' 'M' 'U' 'M' 'M' 'M' 'M' 'M' 'U' 'M'
 'M' 'U' 'M' 'U' 'U' 'A' 'M' 'U' 'M' 'M' 'M' 'U' 'M' 'M' 'M' 'M' 'M' 'U'
 'M' 'M' 'U' 'M' 'U' 'U' 'M' 'M' 'M' 'M' 'U' 'M' 'M' 'M' 'M' 'M' 'U' 'U'
 'M' 'M' 'M' 'M' 'U' 'M' 'M' 'M' 'M' 'M' 'U' 'M' 'M' 'M' 'M' 'M' 'M' 'M'
 'M' 'U' 'M' 'M' 'M' 'M' 'M' 'M' 'M' 'M' 'M' 'M' 'M' 'M' 'M' 'M' 'M' 'M'
 'M' 'M' 'M' 'M' 'M' 'M' 'M' 'M' 'M' 'M' 'M' 'M' 'U' 'U' 'M' 'M' 'M' 'M'
 'M' 'M' 'M' 'M' 'U' 'M' 'U' 'M' 'U' 'U' 'U' 'M' 'M' 'U' 'M' 'M' 'U' 'M'
 'M' 'M' 'M' 'M' 'M' 'M' 'U' 'M' 'M' 'M' 'M' 'M' 'U' 'M' 'M' 'M' 'M' 'U'
 'M' 'M' 'M' 'M' 'M' 'U' 'M' 'M' 'M' 'A' 'M' 'M' 'M' 'M' 'M' 'M' 'M' 'U'
 'M' 'M' 'M' 'M' 'U' 'M' 'M' 'M' 'U' 'M' 'M' 'M' 'M' 'M' 'M' 'M' 'M' 'M']"
265001,0,163,4,159,35,0,0,"['A' 'M' 'M' 'M' 'M' 'M' 'M' 'U' 'U' 'M' 'M' 'M' 'M' 'M' 'M' 'M' 'M' 'M'
 'M' 'M' 'M' 'M' 'U' 'M' 'M' 'M' 'M' 'M' 'U' 'M' 'M' 'M' 'M' 'M' 'M' 'M'
 'M' 'U' 'M' 'U' 'M' 'A' 'M' 'U' 'M' 'M' 'M' 'U' 'M' 'M' 'U' 'M' 'M' 'M'
 'M' 'M' 'U' 'M' 'U' 'U' 'M' 'M' 'M' 'M' 'U' 'U' 'M' 'M' 'M' 'M' 'M' 'M'
 'M' 'M' 'M' 'M' 'M' 'M' 'M' 'U' 'M' 'M' 'M' 'M' 'M' 'U' 'M' 'M' 'U' 'M'
 'U' 'M' 'M' 'M' 'M' 'M' 'M' 'M' 'M' 'M' 'U' 'M' 'M' 'M' 'M' 'M' 'M' 'M'
 'M' 'M' 'M' 'M' 'M' 'M' 'M' 'M' 'M' 'M' 'M' 'M' 'M' 'U' 'M' 'M' 'M' 'M'
 'M' 'U' 'M' 'M' 'U' 'M' 'U' 'U' 'U' 'U' 'U' 'A' 'U' 'U' 'M' 'M' 'M' 'M'
 'M' 'M' 'M' 'M' 'M' 'M' 'U' 'M' 'M' 'M' 'M' 'M' 'U' 'M' 'M' 'M' 'M' 'U'
 'M' 'M' 'M' 'M' 'M' 'U' 'M' 'M' 'M' 'A' 'M' 'M' 'M' 'M' 'M' 'M' 'M' 'M'
 'M' 'M' 'M' 'M' 'U' 'M' 'M' 'M' 'U' 'M' 'M' 'M' 'M' 'M' 'M' 'M' 'M' 'M']"
265101,0,166,4,162,32,0,0,"['A' 'M' 'M' 'M' 'M' 'M' 'M' 'U' 'U' 'M' 'M' 'M' 'M' 'M' 'M' 'M' 'M' 'M'
 'M' 'M' 'M' 'M' 'U' 'M' 'M' 'M' 'M' 'M' 'U' 'M' 'M' 'M' 'M' 'M' 'M' 'M'
 'M' 'M' 'M' 'U' 'M' 'A' 'U' 'U' 'M' 'M' 'M' 'U' 'M' 'M' 'U' 'M' 'M' 'M'
 'M' 'M' 'M' 'M' 'M' 'M' 'M' 'M' 'M' 'M' 'U' 'M' 'M' 'M' 'M' 'M' 'M' 'M'
 'U' 'M' 'M' 'M' 'M' 'U' 'U' 'M' 'M' 'M' 'M' 'M' 'M' 'M' 'M' 'U' 'M' 'U'
 'M' 'M' 'M' 'M' 'M' 'U' 'M' 'M' 'U' 'M' 'M' 'M' 'M' 'M' 'M' 'M' 'U' 'M'
 'M' 'M' 'M' 'M' 'M' 'M' 'M' 'M' 'M' 'M' 'M' 'M' 'M' 'U' 'M' 'U' 'M' 'M'
 'M' 'U' 'M' 'M' 'M' 'M' 'M' 'A' 'U' 'U' 'U' 'U' 'U' 'U' 'M' 'M' 'M' 'M'
 'M' 'U' 'M' 'M' 'M' 'M' 'M' 'M' 'M' 'M' 'M' 'M' 'U' 'M' 'M' 'M' 'M' 'M'
 'M' 'M' 'M' 'M' 'M' 'U' 'M' 'M' 'M' 'U' 'M' 'M' 'M' 'M' 'U' 'M' 'M' 'M'
 'M' 'M' 'M' 'M' 'M' 'M' 'M' 'M' 'M' 'M' 'M' 'M' 'M' 'A' 'M' 'M' 'M' 'M']"
265201,0,160,3,157,38,0,0,"['A' 'M' 'M' 'M' 'M' 'M' 'M' 'U' 'U' 'M' 'M' 'M' 'M' 'M' 'M' 'M' 'M' 'M'
 'M' 'M' 'U' 'M' 'U' 'M' 'M' 'M' 'M' 'M' 'U' 'U' 'M' 'M' 'M' 'M' 'M' 'M'
 'M' 'M' 'M' 'M' 'M' 'A' 'M' 'U' 'M' 'M' 'M' 'M' 'M' 'M' 'U' 'M' 'M' 'M'
 'M' 'M' 'M' 'M' 'M' 'M' 'M' 'M' 'M' 'U' 'U' 'M' 'M' 'M' 'M' 'M' 'U' 'M'
 'M' 'M' 'M' 'M' 'M' 'M' 'M' 'M' 'M' 'M' 'M' 'M' 'M' 'M' 'M' 'M' 'U' 'M'
 'M' 'U' 'U' 'M' 'U' 'U' 'M' 'M' 'U' 'M' 'M' 'M' 'M' 'M' 'U' 'M' 'M' 'M'
 'M' 'M' 'M' 'M' 'M' 'M' 'M' 'M' 'M' 'M' 'M' 'M' 'M' 'U' 'M' 'U' 'M' 'M'
 'M' 'U' 'M' 'M' 'M' 'U' 'M' 'A' 'U' 'M' 'U' 'U' 'U' 'M' 'M' 'U' 'M' 'M'
 'M' 'M' 'M' 'U' 'M' 'M' 'U' 'M' 'U' 'U' 'M' 'M' 'U' 'M' 'M' 'M' 'M' 'M'
 'M' 'M' 'M' 'M' 'M' 'U' 'M' 'M' 'M' 'U' 'M' 'M' 'M' 'M' 'U' 'M' 'M' 'M'
 'M' 'M' 'U' 'M' 'M' 'M' 'M' 'M' 'M' 'M' 'M' 'M' 'M' 'U' 'M' 'M' 'M' 'U']"
265301,0,160,4,156,38,0,0,"['A' 'M' 'M' 'M' 'M' 'M' 'M' 'U' 'U' 'M' 'M' 'M' 'M' 'M' 'M' 'M' 'M' 'M'
 'M' 'M' 'M' 'M' 'M' 'M' 'M' 'M' 'M' 'M' 'M' 'U' 'M' 'M' 'M' 'M' 'M' 'M'
 'M' 'M' 'M' 'M' 'M' 'A' 'M' 'M' 'U' 'M' 'M' 'M' 'M' 'M' 'U' 'M' 'M' 'M'
 'M' 'M' 'M' 'M' 'M' 'M' 'M' 'M' 'M' 'U' 'U' 'U' 'M' 'U' 'M' 'M' 'M' 'M'
 'M' 'M' 'U' 'M' 'U' 'M' 'M' 'M' 'U' 'M' 'M' 'M' 'M' 'M' 'M' 'M' 'M' 'M'
 'M' 'M' 'M' 'M' 'M' 'U' 'M' 'M' 'U' 'M' 'M' 'M' 'M' 'M' 'U' 'U' 'M' 'M'
 'M' 'M' 'M' 'M' 'M' 'M' 'M' 'M' 'M' 'M' 'M' 'M' 'U' 'U' 'M' 'U' 'M' 'M'
 'M' 'U' 'M' 'M' 'M' 'U' 'M' 'A' 'M' 'M' 'U' 'M' 'U' 'M' 'M' 'U' 'M' 'U'
 'M' 'M' 'M' 'M' 'M' 'U' 'A' 'U' 'U' 'U' 'M' 'M' 'U' 'M' 'M' 'M' 'M' 'U'
 'M' 'M' 'M' 'M' 'M' 'U' 'M' 'M' 'M' 'U' 'M' 'M' 'M' 'M' 'U' 'M' 'M' 'M'
 'M' 'M' 'U' 'M' 'M' 'M' 'M' 'M' 'U' 'M' 'M' 'M' 'M' 'U' 'M' 'M' 'M' 'U']"
265401,0,153,3,150,45,0,0,"['A' 'M' 'M' 'M' 'M' 'M' 'U' 'U' 'M' 'M' 'M' 'M' 'M' 'M' 'M' 'M' 'M' 'M'
 'M' 'M' 'M' 'M' 'M' 'M' 'M' 'M' 'M' 'M' 'M' 'U' 'M' 'M' 'U' 'M' 'M' 'M'
 'M' 'M' 'M' 'M' 'M' 'A' 'M' 'M' 'U' 'M' 'M' 'M' 'M' 'M' 'U' 'M' 'M' 'M'
 'M' 'M' 'M' 'M' 'M' 'M' 'M' 'M' 'M' 'U' 'U' 'M' 'U' 'M' 'M' 'M' 'U' 'M'
 'U' 'M' 'M' 'M' 'M' 'M' 'M' 'M' 'M' 'M' 'U' 'M' 'U' 'M' 'M' 'M' 'M' 'M'
 'M' 'M' 'M' 'M' 'M' 'U' 'M' 'M' 'U' 'M' 'M' 'M' 'U' 'M' 'M' 'U' 'M' 'M'
 'M' 'M' 'M' 'M' 'M' 'M' 'M' 'M' 'M' 'M' 'M' 'M' 'U' 'U' 'M' 'U' 'M' 'M'
 'M' 'U' 'M' 'M' 'M' 'U' 'U' 'U' 'U' 'U' 'U' 'U' 'U' 'M' 'M' 'U' 'M' 'U'
 'M' 'M' 'M' 'M' 'M' 'U' 'A' 'U' 'U' 'U' 'M' 'M' 'U' 'M' 'U' 'M' 'M' 'U'
 'M' 'M' 'M' 'M' 'M' 'M' 'M' 'M' 'M' 'U' 'M' 'M' 'M' 'M' 'M' 'M' 'M' 'M'
 'M' 'U' 'U' 'M' 'U' 'M' 'M' 'M' 'U' 'M' 'M' 'M' 'M' 'U' 'M' 'M' 'M' 'U']"
265501,0,161,4,157,37,0,0,"['A' 'M' 'M' 'M' 'M' 'M' 'U' 'U' 'M' 'M' 'M' 'M' 'M' 'M' 'M' 'M' 'M' 'M'
 'M' 'M' 'M' 'M' 'M' 'U' 'M' 'M' 'M' 'M' 'M' 'M' 'M' 'M' 'U' 'M' 'U' 'M'
 'M' 'M' 'M' 'M' 'M' 'A' 'M' 'M' 'U' 'M' 'M' 'M' 'M' 'M' 'U' 'M' 'M' 'M'
 'M' 'M' 'M' 'M' 'M' 'M' 'M' 'M' 'M' 'M' 'M' 'M' 'M' 'M' 'U' 'M' 'M' 'M'
 'M' 'M' 'M' 'M' 'M' 'U' 'M' 'U' 'M' 'M' 'M' 'M' 'M' 'M' 'U' 'M' 'M' 'M'
 'M' 'U' 'M' 'M' 'M' 'U' 'M' 'M' 'U' 'M' 'M' 'M' 'U' 'M' 'M' 'U' 'M' 'M'
 'M' 'M' 'M' 'M' 'M' 'M' 'M' 'M' 'M' 'M' 'M' 'M' 'U' 'U' 'M' 'U' 'M' 'M'
 'M' 'U' 'M' 'M' 'M' 'M' 'U' 'M' 'U' 'U' 'U' 'U' 'U' 'M' 'M' 'M' 'M' 'U'
 'M' 'M' 'M' 'M' 'M' 'U' 'A' 'U' 'M' 'U' 'M' 'M' 'A' 'M' 'M' 'M' 'M' 'U'
 'M' 'M' 'M' 'M' 'M' 'M' 'M' 'U' 'M' 'U' 'M' 'U' 'M' 'M' 'M' 'M' 'M' 'M'
 'M' 'U' 'M' 'U' 'M' 'M' 'M' 'M' 'M' 'M' 'M' 'M' 'M' 'U' 'M' 'M' 'M' 'M']"
265601,0,167,6,161,31,1,0,"['A' 'M' 'M' 'M' 'M' 'M' 'U' 'U' 'M' 'M' 'M' 'M' 'M' 'M' 'M' 'M' 'M' 'M'
 'M' 'M' 'M' 'M' 'M' 'U' 'M' 'M' 'M' 'M' 'M' 'M' 'M' 'M' 'A' 'M' 'U' 'M'
 'M' 'M' 'M' 'M' 'M' 'A' 'M' 'M' 'M' 'M' 'M' 'M' 'M' 'M' 'A' 'M' 'M' 'M'
 'M' 'M' 'M' 'M' 'M' 'M' 'M' 'M' 'M' 'M' 'M' 'M' 'M' 'M' 'U' 'M' 'U' 'M'
 'M' 'M' 'U' 'M' 'M' 'M' 'M' 'M' 'U' 'M' 'M' 'M' 'M' 'M' 'M' 'M' 'M' 'M'
 'M' 'U' 'M' 'M' 'M' 'U' 'M' 'M' 'U' 'M' 'A' 'M' 'U' 'M' 'M' 'M' 'M' 'M'
 'M' 'M' 'M' 'M' 'M' 'M' 'M' 'M' 'U' 'M' 'M' 'M' 'U' 'U' 'M' 'M' 'M' 'M'
 'M' 'M' 'M' 'M' 'M' 'M' 'U' 'U' 'U' 'U' 'U' 'U' 'U' 'M' 'M' 'M' 'M' 'M'
 'M' 'M' 'M' 'M' 'M' 'M' 'A' 'U' 'M' 'M' 'U' 'M' 'U' 'M' 'M' 'M' 'M' 'U'
 'M' 'M' 'M' 'M' 'M' 'M' 'M' 'U' 'M' 'U' 'M' 'U' 'M' 'M' 'M' 'M' 'M' 'M'
 'M' 'U' 'M' 'U' 'M' 'M' 'M' 'M' 'M' 'M' 'M' 'M' 'M' 'M' 'M' 'M' 'M' 'M']"
265701,0,168,6,162,30,0,0,"['A' 'M' 'M' 'M' 'M' 'M' 'U' 'U' 'M' 'M' 'M' 'M' 'M' 'M' 'M' 'M' 'M' 'M'
 'M' 'M' 'M' 'M' 'M' 'U' 'M' 'M' 'M' 'M' 'M' 'M' 'M' 'M' 'A' 'A' 'U' 'M'
 'M' 'M' 'M' 'M' 'M' 'U' 'M' 'M' 'M' 'M' 'M' 'M' 'M' 'M' 'A' 'M' 'M' 'M'
 'M' 'M' 'M' 'M' 'M' 'M' 'M' 'M' 'M' 'M' 'M' 'M' 'M' 'M' 'U' 'M' 'M' 'M'
 'M' 'M' 'M' 'M' 'M' 'M' 'M' 'M' 'U' 'M' 'M' 'M' 'M' 'U' 'M' 'U' 'M' 'M'
 'M' 'M' 'M' 'M' 'U' 'U' 'M' 'M' 'U' 'M' 'A' 'M' 'M' 'M' 'M' 'M' 'M' 'M'
 'M' 'M' 'M' 'M' 'M' 'M' 'M' 'M' 'M' 'U' 'M' 'M' 'U' 'U' 'M' 'M' 'M' 'M'
 'M' 'M' 'M' 'M' 'M' 'M' 'U' 'M' 'M' 'M' 'U' 'M' 'M' 'M' 'M' 'M' 'M' 'M'
 'M' 'M' 'M' 'M' 'M' 'M' 'A' 'M' 'U' 'M' 'U' 'M' 'U' 'M' 'U' 'M' 'M' 'U'
 'M' 'M' 'M' 'M' 'M' 'M' 'M' 'U' 'U' 'U' 'M' 'U' 'M' 'M' 'M' 'M' 'U' 'M'
 'M' 'U' 'M' 'U' 'M' 'M' 'M' 'M' 'M' 'M' 'U' 'M' 'M' 'M' 'M' 'M' 'M' 'M']"
265801,0,171,6,165,27,0,0,"['A' 'M' 'M' 'M' 'M' 'M' 'U' 'M' 'M' 'M' 'M' 'M' 'M' 'M' 'M' 'M' 'M' 'M'
 'M' 'M' 'M' 'M' 'M' 'M' 'M' 'M' 'M' 'M' 'M' 'M' 'M' 'M' 'A' 'A' 'U' 'M'
 'M' 'M' 'M' 'M' 'M' 'U' 'M' 'M' 'U' 'M' 'M' 'M' 'M' 'M' 'A' 'M' 'M' 'M'
 'M' 'M' 'U' 'M' 'M' 'M' 'M' 'M' 'M' 'M' 'M' 'M' 'U' 'M' 'M' 'M' 'M' 'M'
 'M' 'M' 'M' 'M' 'U' 'M' 'U' 'M' 'M' 'M' 'M' 'M' 'M' 'M' 'U' 'M' 'M' 'M'
 'M' 'M' 'M' 'M' 'U' 'M' 'M' 'M' 'M' 'M' 'A' 'M' 'M' 'M' 'M' 'M' 'M' 'M'
 'M' 'M' 'M' 'M' 'M' 'M' 'M' 'M' 'M' 'U' 'M' 'M' 'M' 'U' 'M' 'M' 'M' 'M'
 'M' 'M' 'M' 'M' 'M' 'M' 'U' 'M' 'M' 'M' 'U' 'M' 'M' 'M' 'M' 'M' 'M' 'M'
 'M' 'M' 'M' 'M' 'M' 'M' 'A' 'M' 'U' 'M' 'U' 'U' 'M' 'M' 'U' 'M' 'M' 'U'
 'U' 'M' 'M' 'M' 'U' 'M' 'M' 'U' 'U' 'M' 'M' 'M' 'M' 'M' 'M' 'M' 'M' 'M'
 'M' 'U' 'M' 'M' 'U' 'M' 'M' 'M' 'U' 'M' 'U' 'M' 'M' 'M' 'M' 'M' 'M' 'M']"
265901,0,170,6,164,28,0,0,"['A' 'M' 'U' 'M' 'M' 'M' 'U' 'M' 'M' 'M' 'M' 'M' 'M' 'M' 'M' 'U' 'M' 'M'
 'M' 'M' 'M' 'M' 'M' 'M' 'M' 'M' 'M' 'M' 'M' 'M' 'M' 'M' 'A' 'U' 'M' 'M'
 'M' 'M' 'U' 'M' 'M' 'U' 'M' 'M' 'M' 'M' 'M' 'M' 'M' 'M' 'A' 'M' 'M' 'M'
 'M' 'M' 'U' 'M' 'M' 'M' 'M' 'M' 'M' 'M' 'M' 'M' 'M' 'M' 'M' 'M' 'M' 'M'
 'M' 'U' 'U' 'M' 'M' 'M' 'M' 'M' 'M' 'M' 'M' 'M' 'M' 'U' 'M' 'M' 'M' 'M'
 'M' 'M' 'U' 'M' 'U' 'M' 'M' 'M' 'M' 'M' 'A' 'M' 'M' 'U' 'M' 'M' 'M' 'M'
 'M' 'M' 'M' 'M' 'M' 'M' 'M' 'M' 'M' 'U' 'M' 'M' 'M' 'U' 'M' 'M' 'M' 'M'
 'M' 'M' 'M' 'M' 'M' 'M' 'U' 'M' 'M' 'M' 'M' 'M' 'M' 'M' 'M' 'M' 'M' 'M'
 'M' 'M' 'M' 'M' 'M' 'M' 'A' 'M' 'A' 'M' 'U' 'U' 'M' 'M' 'U' 'M' 'M' 'U'
 'M' 'M' 'M' 'M' 'U' 'M' 'U' 'M' 'U' 'M' 'M' 'M' 'M' 'M' 'M' 'M' 'M' 'M'
 'M' 'U' 'M' 'M' 'U' 'M' 'M' 'M' 'U' 'M' 'U' 'M' 'M' 'M' 'M' 'U' 'M' 'M']"
266001,0,174,7,167,24,0,0,"['A' 'M' 'U' 'M' 'M' 'M' 'U' 'M' 'M' 'M' 'M' 'M' 'M' 'M' 'M' 'U' 'M' 'M'
 'M' 'M' 'M' 'M' 'M' 'M' 'M' 'M' 'M' 'M' 'M' 'M' 'M' 'M' 'A' 'U' 'M' 'M'
 'M' 'M' 'U' 'M' 'M' 'U' 'M' 'M' 'M' 'M' 'M' 'M' 'M' 'M' 'A' 'M' 'M' 'M'
 'M' 'M' 'M' 'M' 'M' 'M' 'M' 'M' 'M' 'M' 'M' 'U' 'M' 'M' 'M' 'M' 'U' 'U'
 'M' 'M' 'M' 'M' 'M' 'M' 'U' 'M' 'M' 'M' 'M' 'M' 'M' 'M' 'M' 'M' 'U' 'M'
 'M' 'M' 'M' 'M' 'M' 'M' 'M' 'M' 'M' 'M' 'A' 'M' 'M' 'U' 'M' 'M' 'M' 'M'
 'M' 'M' 'U' 'M' 'M' 'M' 'M' 'U' 'M' 'U' 'M' 'M' 'M' 'U' 'M' 'M' 'M' 'M'
 'M' 'M' 'M' 'M' 'M' 'M' 'M' 'M' 'M' 'M' 'M' 'M' 'M' 'M' 'M' 'M' 'M' 'M'
 'M' 'M' 'M' 'M' 'M' 'M' 'A' 'M' 'A' 'M' 'M' 'M' 'U' 'M' 'M' 'M' 'M' 'U'
 'M' 'M' 'M' 'M' 'M' 'M' 'A' 'M' 'U' 'M' 'M' 'M' 'M' 'M' 'M' 'U' 'M' 'M'
 'M' 'U' 'M' 'M' 'U' 'M' 'M' 'M' 'U' 'M' 'M' 'M' 'M' 'M' 'M' 'U' 'M' 'M']"
266101,0,168,6,162,30,0,0,"['A' 'M' 'U' 'M' 'M' 'M' 'U' 'M' 'M' 'M' 'M' 'M' 'M' 'M' 'M' 'U' 'M' 'M'
 'M' 'M' 'M' 'M' 'U' 'M' 'M' 'M' 'M' 'M' 'M' 'M' 'M' 'M' 'A' 'M' 'M' 'M'
 'M' 'M' 'U' 'M' 'M' 'M' 'M' 'U' 'M' 'M' 'M' 'M' 'M' 'M' 'A' 'M' 'M' 'M'
 'M' 'M' 'M' 'M' 'M' 'M' 'M' 'M' 'M' 'M' 'U' 'M' 'M' 'M' 'M' 'M' 'M' 'M'
 'M' 'U' 'M' 'M' 'M' 'M' 'M' 'M' 'M' 'M' 'M' 'U' 'U' 'U' 'M' 'M' 'M' 'M'
 'M' 'M' 'M' 'U' 'M' 'M' 'M' 'M' 'M' 'M' 'A' 'M' 'M' 'U' 'M' 'M' 'M' 'M'
 'M' 'M' 'U' 'M' 'M' 'U' 'M' 'U' 'M' 'M' 'M' 'M' 'M' 'M' 'M' 'M' 'M' 'M'
 'M' 'M' 'M' 'M' 'M' 'M' 'U' 'M' 'M' 'M' 'M' 'M' 'U' 'M' 'M' 'M' 'M' 'M'
 'M' 'M' 'M' 'M' 'U' 'M' 'U' 'U' 'A' 'M' 'M' 'M' 'U' 'M' 'M' 'M' 'M' 'M'
 'U' 'M' 'M' 'M' 'M' 'U' 'A' 'M' 'U' 'M' 'M' 'M' 'M' 'M' 'M' 'U' 'M' 'M'
 'M' 'U' 'M' 'M' 'U' 'M' 'M' 'M' 'U' 'M' 'M' 'M' 'M' 'M' 'M' 'U' 'M' 'M']"
266201,0,156,4,152,42,0,0,"['A' 'M' 'U' 'M' 'M' 'M' 'U' 'M' 'M' 'M' 'M' 'M' 'M' 'M' 'M' 'U' 'M' 'M'
 'M' 'M' 'M' 'M' 'U' 'M' 'M' 'M' 'U' 'M' 'M' 'M' 'M' 'M' 'A' 'M' 'M' 'M'
 'M' 'M' 'U' 'M' 'M' 'U' 'M' 'U' 'M' 'M' 'M' 'M' 'M' 'M' 'U' 'U' 'M' 'M'
 'M' 'M' 'M' 'M' 'M' 'M' 'M' 'M' 'M' 'M' 'U' 'M' 'M' 'M' 'M' 'M' 'U' 'M'
 'M' 'M' 'M' 'M' 'M' 'U' 'M' 'U' 'M' 'M' 'M' 'M' 'M' 'M' 'M' 'U' 'M' 'M'
 'M' 'M' 'M' 'M' 'U' 'M' 'M' 'M' 'M' 'M' 'U' 'M' 'M' 'U' 'M' 'M' 'M' 'M'
 'M' 'M' 'U' 'M' 'M' 'U' 'M' 'M' 'M' 'M' 'M' 'M' 'M' 'M' 'M' 'U' 'M' 'M'
 'M' 'M' 'M' 'M' 'M' 'M' 'U' 'M' 'U' 'M' 'U' 'M' 'U' 'M' 'M' 'M' 'M' 'M'
 'M' 'M' 'M' 'U' 'U' 'U' 'U' 'U' 'A' 'M' 'M' 'M' 'U' 'M' 'M' 'M' 'U' 'M'
 'U' 'M' 'M' 'M' 'M' 'U' 'A' 'M' 'U' 'M' 'M' 'M' 'M' 'M' 'M' 'M' 'U' 'M'
 'M' 'U' 'U' 'M' 'M' 'U' 'M' 'U' 'U' 'M' 'M' 'M' 'M' 'M' 'M' 'U' 'M' 'M']"
266301,0,156,4,152,42,0,0,"['A' 'M' 'U' 'M' 'M' 'M' 'U' 'M' 'M' 'M' 'M' 'U' 'M' 'M' 'M' 'M' 'M' 'M'
 'M' 'M' 'U' 'M' 'M' 'M' 'M' 'M' 'U' 'M' 'M' 'M' 'M' 'U' 'A' 'M' 'M' 'M'
 'M' 'M' 'U' 'M' 'M' 'U' 'U' 'U' 'M' 'M' 'M' 'M' 'M' 'M' 'U' 'U' 'M' 'M'
 'M' 'M' 'M' 'M' 'M' 'M' 'M' 'M' 'M' 'M' 'M' 'M' 'M' 'M' 'U' 'M' 'M' 'U'
 'M' 'M' 'M' 'M' 'M' 'U' 'M' 'U' 'M' 'M' 'M' 'M' 'M' 'M' 'M' 'M' 'U' 'M'
 'M' 'M' 'M' 'M' 'M' 'M' 'M' 'M' 'M' 'M' 'U' 'M' 'M' 'M' 'M' 'M' 'M' 'M'
 'M' 'M' 'U' 'M' 'U' 'U' 'M' 'M' 'M' 'M' 'M' 'M' 'M' 'M' 'M' 'U' 'M' 'M'
 'M' 'M' 'M' 'M' 'M' 'M' 'U' 'M' 'M' 'M' 'U' 'U' 'U' 'M' 'M' 'M' 'M' 'M'
 'U' 'M' 'M' 'M' 'U' 'U' 'U' 'U' 'A' 'U' 'M' 'M' 'U' 'M' 'M' 'M' 'U' 'M'
 'U' 'M' 'M' 'M' 'M' 'M' 'A' 'M' 'U' 'M' 'M' 'U' 'M' 'M' 'M' 'M' 'U' 'M'
 'M' 'U' 'U' 'M' 'M' 'M' 'M' 'U' 'U' 'M' 'M' 'M' 'M' 'M' 'M' 'M' 'M' 'M']"
266401,0,157,3,154,41,1,0,"['A' 'M' 'U' 'M' 'M' 'M' 'U' 'M' 'M' 'U' 'M' 'U' 'M' 'M' 'M' 'M' 'M' 'M'
 'M' 'M' 'U' 'M' 'M' 'M' 'M' 'M' 'U' 'M' 'M' 'M' 'M' 'U' 'A' 'M' 'M' 'M'
 'M' 'M' 'M' 'M' 'M' 'U' 'U' 'U' 'M' 'M' 'M' 'M' 'M' 'M' 'U' 'M' 'M' 'M'
 'M' 'M' 'M' 'M' 'M' 'M' 'M' 'M' 'M' 'M' 'M' 'M' 'M' 'M' 'M' 'M' 'M' 'M'
 'U' 'M' 'M' 'M' 'M' 'M' 'U' 'M' 'M' 'M' 'M' 'M' 'U' 'M' 'M' 'M' 'U' 'M'
 'U' 'M' 'M' 'M' 'M' 'M' 'M' 'M' 'M' 'M' 'U' 'M' 'M' 'U' 'M' 'M' 'M' 'U'
 'M' 'U' 'M' 'M' 'U' 'U' 'M' 'M' 'M' 'U' 'M' 'M' 'M' 'M' 'M' 'U' 'M' 'M'
 'M' 'M' 'M' 'M' 'M' 'M' 'U' 'M' 'M' 'M' 'U' 'U' 'U' 'M' 'M' 'M' 'M' 'U'
 'M' 'M' 'M' 'M' 'M' 'U' 'M' 'M' 'M' 'U' 'M' 'M' 'U' 'M' 'M' 'M' 'M' 'M'
 'U' 'M' 'M' 'M' 'M' 'M' 'A' 'M' 'M' 'M' 'M' 'U' 'M' 'M' 'M' 'M' 'U' 'M'
 'M' 'U' 'U' 'M' 'M' 'M' 'M' 'U' 'U' 'M' 'U' 'M' 'M' 'M' 'U' 'M' 'M' 'M']"
266501,0,163,2,161,35,0,0,"['A' 'M' 'U' 'M' 'M' 'M' 'U' 'M' 'M' 'U' 'M' 'U' 'M' 'M' 'M' 'M' 'M' 'M'
 'M' 'M' 'M' 'U' 'M' 'M' 'M' 'M' 'M' 'U' 'M' 'M' 'M' 'U' 'A' 'M' 'M' 'M'
 'M' 'M' 'M' 'M' 'M' 'U' 'M' 'U' 'M' 'M' 'M' 'M' 'M' 'M' 'U' 'M' 'M' 'M'
 'M' 'M' 'M' 'U' 'M' 'M' 'M' 'M' 'M' 'M' 'M' 'M' 'U' 'M' 'M' 'M' 'U' 'M'
 'M' 'M' 'M' 'M' 'M' 'M' 'M' 'M' 'M' 'M' 'U' 'M' 'M' 'U' 'M' 'M' 'M' 'M'
 'U' 'M' 'M' 'M' 'M' 'M' 'M' 'M' 'M' 'U' 'U' 'M' 'M' 'U' 'M' 'M' 'M' 'U'
 'M' 'U' 'M' 'M' 'U' 'U' 'M' 'M' 'M' 'U' 'M' 'M' 'M' 'M' 'M' 'M' 'M' 'M'
 'M' 'M' 'M' 'M' 'M' 'M' 'U' 'M' 'M' 'M' 'U' 'M' 'U' 'M' 'M' 'M' 'M' 'U'
 'M' 'M' 'M' 'M' 'M' 'U' 'M' 'M' 'M' 'U' 'M' 'M' 'M' 'M' 'M' 'M' 'M' 'M'
 'U' 'M' 'M' 'M' 'M' 'M' 'M' 'M' 'M' 'M' 'M' 'U' 'M' 'M' 'M' 'M' 'M' 'M'
 'M' 'U' 'U' 'M' 'M' 'M' 'M' 'U' 'M' 'M' 'M' 'M' 'M' 'M' 'M' 'M' 'M' 'M']"
266601,0,162,3,159,36,0,0,"['A' 'M' 'U' 'M' 'M' 'M' 'U' 'M' 'M' 'U' 'M' 'U' 'M' 'U' 'M' 'M' 'M' 'M'
 'M' 'M' 'M' 'M' 'M' 'M' 'U' 'M' 'M' 'U' 'M' 'M' 'M' 'U' 'A' 'M' 'M' 'M'
 'M' 'M' 'M' 'M' 'M' 'U' 'M' 'M' 'M' 'M' 'U' 'M' 'M' 'M' 'U' 'M' 'M' 'U'
 'M' 'M' 'M' 'U' 'M' 'M' 'M' 'M' 'M' 'M' 'M' 'M' 'M' 'M' 'M' 'M' 'M' 'M'
 'M' 'U' 'M' 'M' 'M' 'M' 'M' 'M' 'M' 'U' 'M' 'M' 'M' 'M' 'M' 'U' 'U' 'M'
 'M' 'M' 'M' 'M' 'U' 'M' 'M' 'M' 'M' 'U' 'U' 'M' 'M' 'U' 'M' 'M' 'M' 'A'
 'M' 'M' 'U' 'M' 'U' 'M' 'M' 'M' 'M' 'U' 'M' 'M' 'M' 'M' 'M' 'M' 'M' 'M'
 'M' 'M' 'M' 'M' 'M' 'M' 'U' 'U' 'M' 'M' 'U' 'M' 'U' 'M' 'M' 'M' 'M' 'M'
 'M' 'M' 'M' 'M' 'M' 'M' 'M' 'U' 'M' 'U' 'M' 'M' 'M' 'M' 'M' 'M' 'M' 'M'
 'U' 'M' 'M' 'U' 'M' 'M' 'M' 'U' 'U' 'M' 'M' 'M' 'M' 'M' 'M' 'M' 'M' 'M'
 'M' 'M' 'U' 'M' 'M' 'M' 'M' 'U' 'M' 'M' 'M' 'M' 'M' 'M' 'M' 'M' 'M' 'M']"
266701,0,167,2,165,31,0,0,"['A' 'M' 'U' 'M' 'M' 'M' 'U' 'M' 'M' 'U' 'M' 'U' 'M' 'M' 'M' 'M' 'M' 'M'
 'M' 'M' 'M' 'M' 'M' 'M' 'M' 'M' 'M' 'U' 'M' 'M' 'M' 'U' 'A' 'M' 'M' 'M'
 'M' 'M' 'M' 'M' 'M' 'U' 'M' 'M' 'M' 'M' 'U' 'M' 'M' 'M' 'U' 'M' 'M' 'U'
 'M' 'M' 'M' 'U' 'M' 'M' 'M' 'M' 'M' 'M' 'M' 'U' 'U' 'M' 'M' 'M' 'M' 'M'
 'M' 'M' 'U' 'M' 'M' 'M' 'M' 'M' 'M' 'M' 'M' 'U' 'M' 'M' 'M' 'M' 'M' 'U'
 'M' 'M' 'M' 'M' 'M' 'M' 'M' 'M' 'M' 'U' 'M' 'M' 'M' 'U' 'M' 'M' 'M' 'U'
 'M' 'M' 'M' 'M' 'M' 'M' 'M' 'M' 'M' 'U' 'M' 'M' 'M' 'M' 'M' 'M' 'M' 'M'
 'M' 'U' 'M' 'M' 'M' 'M' 'U' 'U' 'M' 'M' 'U' 'M' 'U' 'M' 'M' 'M' 'M' 'M'
 'M' 'M' 'M' 'M' 'M' 'M' 'M' 'U' 'M' 'U' 'M' 'M' 'M' 'M' 'M' 'M' 'M' 'M'
 'M' 'M' 'M' 'U' 'M' 'M' 'M' 'M' 'U' 'M' 'M' 'M' 'M' 'M' 'M' 'M' 'M' 'M'
 'M' 'M' 'U' 'M' 'U' 'M' 'M' 'M' 'M' 'M' 'M' 'M' 'M' 'M' 'M' 'M' 'M' 'M']"
266801,0,163,2,161,35,0,0,"['A' 'M' 'M' 'M' 'M' 'M' 'U' 'M' 'M' 'U' 'M' 'U' 'M' 'M' 'M' 'M' 'M' 'M'
 'M' 'M' 'U' 'M' 'M' 'M' 'M' 'M' 'M' 'U' 'M' 'M' 'M' 'U' 'A' 'M' 'M' 'M'
 'M' 'M' 'M' 'M' 'M' 'U' 'M' 'M' 'M' 'M' 'U' 'M' 'M' 'M' 'U' 'U' 'U' 'U'
 'M' 'M' 'M' 'U' 'M' 'U' 'M' 'M' 'M' 'M' 'M' 'M' 'M' 'M' 'M' 'M' 'M' 'M'
 'M' 'M' 'U' 'M' 'M' 'M' 'M' 'M' 'U' 'U' 'M' 'M' 'M' 'M' 'M' 'M' 'M' 'M'
 'U' 'M' 'M' 'U' 'M' 'M' 'M' 'M' 'M' 'U' 'M' 'M' 'M' 'U' 'U' 'M' 'M' 'U'
 'M' 'M' 'M' 'M' 'M' 'M' 'M' 'M' 'M' 'U' 'M' 'U' 'M' 'M' 'M' 'M' 'M' 'M'
 'M' 'U' 'M' 'M' 'U' 'M' 'U' 'U' 'U' 'M' 'M' 'M' 'M' 'M' 'M' 'M' 'U' 'M'
 'M' 'M' 'M' 'M' 'M' 'M' 'M' 'U' 'M' 'U' 'M' 'M' 'M' 'M' 'M' 'M' 'M' 'M'
 'M' 'M' 'M' 'U' 'M' 'M' 'M' 'M' 'M' 'M' 'M' 'M' 'M' 'M' 'M' 'M' 'M' 'M'
 'M' 'M' 'M' 'M' 'U' 'M' 'M' 'M' 'M' 'M' 'M' 'M' 'M' 'M' 'M' 'M' 'M' 'M']"
266901,0,155,2,153,43,0,0,"['A' 'M' 'M' 'M' 'M' 'M' 'U' 'U' 'M' 'M' 'M' 'U' 'M' 'M' 'M' 'M' 'M' 'M'
 'M' 'M' 'U' 'U' 'M' 'M' 'M' 'M' 'M' 'U' 'M' 'M' 'M' 'U' 'M' 'M' 'M' 'M'
 'M' 'M' 'M' 'M' 'M' 'U' 'M' 'M' 'M' 'M' 'M' 'M' 'M' 'M' 'U' 'U' 'U' 'U'
 'M' 'M' 'U' 'U' 'M' 'U' 'M' 'M' 'M' 'M' 'U' 'M' 'U' 'U' 'M' 'U' 'M' 'U'
 'M' 'M' 'M' 'M' 'M' 'M' 'M' 'M' 'M' 'M' 'M' 'M' 'M' 'M' 'M' 'M' 'U' 'M'
 'M' 'M' 'M' 'M' 'M' 'M' 'M' 'M' 'M' 'U' 'M' 'M' 'M' 'U' 'M' 'M' 'M' 'U'
 'M' 'M' 'M' 'M' 'M' 'M' 'U' 'M' 'M' 'U' 'M' 'U' 'M' 'M' 'M' 'U' 'M' 'M'
 'M' 'U' 'M' 'M' 'U' 'M' 'U' 'U' 'A' 'U' 'U' 'U' 'U' 'M' 'M' 'M' 'U' 'M'
 'M' 'M' 'M' 'M' 'M' 'M' 'M' 'U' 'M' 'U' 'M' 'M' 'M' 'M' 'M' 'M' 'M' 'M'
 'M' 'M' 'U' 'U' 'M' 'M' 'M' 'M' 'M' 'M' 'M' 'M' 'U' 'M' 'M' 'M' 'M' 'M'
 'M' 'M' 'M' 'M' 'U' 'M' 'M' 'M' 'M' 'M' 'M' 'M' 'M' 'M' 'M' 'M' 'M' 'M']"
267001,0,162,4,158,36,0,0,"['A' 'M' 'M' 'M' 'M' 'M' 'U' 'U' 'M' 'M' 'M' 'U' 'M' 'M' 'M' 'M' 'M' 'M'
 'M' 'M' 'U' 'U' 'M' 'U' 'M' 'M' 'M' 'U' 'M' 'M' 'M' 'U' 'M' 'M' 'M' 'M'
 'M' 'M' 'M' 'M' 'M' 'U' 'M' 'M' 'M' 'U' 'M' 'M' 'M' 'M' 'M' 'U' 'M' 'U'
 'M' 'M' 'U' 'U' 'M' 'M' 'M' 'M' 'M' 'M' 'U' 'M' 'M' 'U' 'M' 'M' 'U' 'M'
 'M' 'M' 'M' 'M' 'M' 'U' 'M' 'M' 'M' 'M' 'U' 'M' 'M' 'M' 'M' 'M' 'M' 'M'
 'M' 'M' 'U' 'M' 'M' 'M' 'M' 'M' 'M' 'U' 'M' 'M' 'M' 'M' 'M' 'M' 'M' 'U'
 'M' 'M' 'M' 'M' 'M' 'M' 'A' 'M' 'M' 'U' 'M' 'M' 'M' 'M' 'M' 'U' 'M' 'M'
 'M' 'U' 'M' 'M' 'U' 'M' 'U' 'A' 'A' 'U' 'U' 'U' 'U' 'M' 'M' 'M' 'U' 'M'
 'M' 'M' 'M' 'M' 'M' 'M' 'M' 'M' 'M' 'U' 'M' 'M' 'M' 'U' 'M' 'M' 'M' 'M'
 'M' 'M' 'U' 'M' 'M' 'M' 'M' 'M' 'M' 'M' 'M' 'M' 'M' 'M' 'M' 'M' 'U' 'M'
 'M' 'M' 'M' 'M' 'M' 'M' 'M' 'M' 'M' 'M' 'M' 'M' 'M' 'M' 'M' 'M' 'M' 'M']"
267101,1,162,3,159,36,0,0,"['A' 'U' 'M' 'M' 'M' 'M' 'U' 'U' 'M' 'M' 'M' 'U' 'M' 'M' 'M' 'M' 'M' 'M'
 'M' 'M' 'U' 'M' 'M' 'M' 'M' 'M' 'M' 'M' 'M' 'M' 'M' 'U' 'M' 'M' 'M' 'M'
 'M' 'M' 'M' 'M' 'M' 'U' 'M' 'M' 'M' 'U' 'M' 'M' 'M' 'M' 'M' 'U' 'M' 'M'
 'M' 'M' 'U' 'U' 'M' 'M' 'M' 'M' 'M' 'M' 'U' 'M' 'M' 'M' 'M' 'M' 'M' 'M'
 'M' 'M' 'M' 'M' 'M' 'M' 'U' 'M' 'M' 'M' 'U' 'M' 'M' 'M' 'U' 'U' 'M' 'M'
 'U' 'M' 'M' 'M' 'M' 'M' 'M' 'M' 'M' 'U' 'M' 'M' 'M' 'M' 'M' 'M' 'M' 'M'
 'M' 'M' 'M' 'M' 'M' 'M' 'U' 'M' 'M' 'U' 'M' 'M' 'U' 'M' 'U' 'M' 'M' 'M'
 'M' 'U' 'M' 'M' 'U' 'U' 'U' 'A' 'U' 'U' 'U' 'U' 'A' 'M' 'M' 'M' 'U' 'M'
 'M' 'M' 'M' 'M' 'M' 'M' 'M' 'M' 'M' 'M' 'M' 'U' 'M' 'U' 'M' 'M' 'M' 'M'
 'M' 'M' 'M' 'M' 'M' 'M' 'U' 'M' 'M' 'M' 'U' 'M' 'M' 'M' 'M' 'M' 'U' 'M'
 'M' 'M' 'M' 'M' 'M' 'M' 'M' 'M' 'M' 'M' 'M' 'M' 'M' 'M' 'M' 'M' 'M' 'M']"
267201,0,163,4,159,35,0,0,"['A' 'M' 'M' 'M' 'M' 'M' 'U' 'U' 'M' 'M' 'M' 'U' 'M' 'M' 'M' 'M' 'M' 'M'
 'U' 'M' 'U' 'M' 'M' 'M' 'M' 'M' 'M' 'M' 'M' 'M' 'M' 'U' 'M' 'M' 'M' 'M'
 'M' 'M' 'M' 'M' 'M' 'U' 'M' 'M' 'M' 'U' 'M' 'M' 'M' 'M' 'M' 'U' 'M' 'M'
 'M' 'M' 'U' 'U' 'M' 'M' 'M' 'M' 'M' 'M' 'U' 'M' 'M' 'M' 'U' 'U' 'U' 'M'
 'M' 'M' 'M' 'M' 'M' 'M' 'M' 'M' 'U' 'M' 'M' 'M' 'M' 'M' 'M' 'M' 'U' 'M'
 'M' 'M' 'M' 'M' 'M' 'U' 'M' 'M' 'M' 'M' 'M' 'M' 'M' 'M' 'M' 'M' 'M' 'M'
 'M' 'M' 'M' 'M' 'M' 'M' 'U' 'M' 'M' 'U' 'M' 'M' 'U' 'M' 'U' 'M' 'M' 'M'
 'M' 'U' 'M' 'U' 'U' 'U' 'A' 'A' 'U' 'U' 'U' 'U' 'A' 'M' 'M' 'M' 'M' 'U'
 'M' 'M' 'M' 'M' 'M' 'M' 'M' 'M' 'U' 'M' 'M' 'M' 'M' 'U' 'M' 'M' 'M' 'M'
 'M' 'M' 'M' 'M' 'M' 'M' 'U' 'M' 'M' 'M' 'M' 'M' 'M' 'M' 'M' 'M' 'U' 'M'
 'M' 'M' 'M' 'M' 'M' 'M' 'M' 'M' 'M' 'M' 'M' 'M' 'M' 'M' 'M' 'M' 'M' 'M']"
267301,0,169,7,162,29,0,0,"['A' 'M' 'M' 'M' 'M' 'M' 'U' 'U' 'M' 'M' 'M' 'U' 'M' 'M' 'M' 'M' 'M' 'M'
 'U' 'M' 'M' 'M' 'M' 'M' 'M' 'M' 'M' 'M' 'U' 'M' 'M' 'U' 'M' 'M' 'M' 'M'
 'M' 'M' 'M' 'M' 'M' 'M' 'M' 'M' 'M' 'U' 'M' 'M' 'M' 'M' 'M' 'U' 'M' 'M'
 'M' 'M' 'A' 'M' 'M' 'M' 'M' 'U' 'M' 'U' 'U' 'M' 'M' 'M' 'M' 'M' 'U' 'M'
 'M' 'U' 'M' 'U' 'U' 'M' 'M' 'M' 'M' 'M' 'M' 'M' 'M' 'M' 'M' 'M' 'M' 'M'
 'M' 'M' 'U' 'M' 'M' 'U' 'M' 'M' 'M' 'M' 'M' 'M' 'M' 'M' 'U' 'M' 'M' 'M'
 'M' 'M' 'M' 'M' 'M' 'M' 'U' 'M' 'M' 'A' 'M' 'M' 'M' 'M' 'U' 'M' 'M' 'U'
 'M' 'U' 'M' 'U' 'M' 'M' 'A' 'A' 'M' 'U' 'M' 'M' 'A' 'M' 'M' 'M' 'M' 'U'
 'M' 'M' 'M' 'M' 'M' 'M' 'M' 'M' 'U' 'M' 'M' 'M' 'M' 'U' 'M' 'M' 'M' 'M'
 'M' 'M' 'M' 'M' 'M' 'M' 'A' 'M' 'M' 'M' 'M' 'U' 'M' 'M' 'M' 'M' 'U' 'M'
 'M' 'M' 'M' 'M' 'M' 'M' 'M' 'M' 'M' 'M' 'M' 'M' 'M' 'M' 'M' 'M' 'M' 'M']"
267401,0,172,8,164,26,0,0,"['A' 'M' 'M' 'M' 'M' 'M' 'U' 'U' 'M' 'M' 'M' 'U' 'M' 'M' 'M' 'M' 'M' 'M'
 'M' 'M' 'M' 'M' 'M' 'M' 'M' 'M' 'M' 'M' 'U' 'M' 'M' 'U' 'M' 'M' 'M' 'M'
 'U' 'M' 'M' 'M' 'M' 'M' 'M' 'M' 'M' 'M' 'M' 'M' 'M' 'U' 'M' 'M' 'M' 'M'
 'M' 'M' 'A' 'M' 'M' 'M' 'M' 'U' 'M' 'M' 'U' 'M' 'M' 'M' 'M' 'M' 'M' 'M'
 'M' 'M' 'U' 'U' 'M' 'M' 'M' 'M' 'M' 'M' 'U' 'U' 'M' 'M' 'U' 'M' 'M' 'M'
 'M' 'M' 'M' 'M' 'M' 'M' 'M' 'M' 'M' 'M' 'M' 'M' 'M' 'M' 'U' 'M' 'M' 'M'
 'M' 'M' 'M' 'M' 'M' 'M' 'A' 'M' 'M' 'A' 'M' 'M' 'M' 'M' 'U' 'M' 'M' 'M'
 'M' 'U' 'M' 'U' 'M' 'M' 'A' 'A' 'M' 'M' 'U' 'U' 'A' 'M' 'M' 'M' 'M' 'M'
 'M' 'M' 'M' 'M' 'M' 'M' 'M' 'M' 'U' 'M' 'M' 'M' 'M' 'U' 'M' 'M' 'M' 'M'
 'M' 'M' 'M' 'M' 'M' 'M' 'A' 'M' 'M' 'M' 'M' 'U' 'M' 'M' 'M' 'U' 'M' 'M'
 'M' 'M' 'M' 'U' 'M' 'M' 'M' 'M' 'M' 'M' 'M' 'M' 'M' 'M' 'M' 'M' 'U' 'M']"
267501,0,167,7,160,31,0,0,"['A' 'M' 'M' 'M' 'U' 'M' 'M' 'M' 'M' 'M' 'M' 'U' 'M' 'M' 'M' 'M' 'M' 'M'
 'M' 'M' 'M' 'M' 'M' 'M' 'M' 'M' 'M' 'M' 'U' 'M' 'M' 'U' 'M' 'M' 'M' 'M'
 'M' 'M' 'M' 'U' 'M' 'M' 'M' 'M' 'M' 'M' 'M' 'M' 'M' 'U' 'M' 'M' 'M' 'M'
 'M' 'M' 'A' 'M' 'M' 'M' 'M' 'U' 'M' 'M' 'U' 'M' 'M' 'U' 'M' 'M' 'U' 'M'
 'M' 'M' 'M' 'U' 'M' 'M' 'M' 'M' 'M' 'M' 'M' 'M' 'U' 'M' 'M' 'M' 'M' 'M'
 'M' 'U' 'M' 'M' 'M' 'M' 'U' 'M' 'U' 'M' 'M' 'M' 'M' 'M' 'U' 'M' 'M' 'M'
 'M' 'M' 'M' 'M' 'M' 'M' 'A' 'M' 'M' 'A' 'M' 'M' 'M' 'M' 'U' 'M' 'M' 'M'
 'M' 'U' 'M' 'U' 'M' 'M' 'A' 'A' 'U' 'U' 'M' 'U' 'A' 'M' 'M' 'M' 'M' 'M'
 'M' 'M' 'M' 'M' 'M' 'M' 'M' 'M' 'U' 'M' 'M' 'M' 'M' 'U' 'U' 'M' 'M' 'M'
 'M' 'M' 'M' 'M' 'M' 'M' 'U' 'M' 'M' 'M' 'M' 'M' 'M' 'M' 'M' 'U' 'M' 'U'
 'M' 'M' 'M' 'U' 'M' 'M' 'U' 'M' 'M' 'M' 'M' 'M' 'M' 'M' 'U' 'M' 'M' 'M']"
267601,0,166,6,160,32,0,0,"['A' 'M' 'M' 'M' 'M' 'U' 'M' 'M' 'M' 'M' 'M' 'U' 'M' 'U' 'M' 'M' 'M' 'M'
 'M' 'M' 'M' 'M' 'M' 'M' 'M' 'M' 'M' 'M' 'U' 'M' 'M' 'U' 'M' 'M' 'M' 'U'
 'M' 'M' 'M' 'U' 'M' 'M' 'M' 'M' 'M' 'U' 'M' 'M' 'M' 'U' 'M' 'M' 'M' 'M'
 'M' 'M' 'A' 'M' 'M' 'M' 'M' 'U' 'M' 'M' 'M' 'M' 'M' 'M' 'M' 'M' 'M' 'M'
 'M' 'M' 'M' 'M' 'M' 'M' 'U' 'M' 'M' 'M' 'U' 'M' 'U' 'U' 'M' 'M' 'M' 'M'
 'M' 'M' 'M' 'U' 'M' 'M' 'U' 'M' 'M' 'M' 'M' 'M' 'M' 'M' 'U' 'M' 'M' 'M'
 'M' 'M' 'M' 'M' 'M' 'M' 'A' 'M' 'M' 'A' 'M' 'M' 'M' 'M' 'U' 'M' 'M' 'M'
 'M' 'U' 'M' 'M' 'M' 'M' 'A' 'U' 'U' 'U' 'U' 'U' 'A' 'M' 'M' 'M' 'M' 'U'
 'M' 'M' 'M' 'M' 'M' 'M' 'M' 'M' 'U' 'M' 'M' 'M' 'M' 'M' 'U' 'M' 'M' 'M'
 'M' 'M' 'M' 'M' 'M' 'M' 'U' 'M' 'M' 'M' 'M' 'M' 'M' 'M' 'M' 'U' 'M' 'M'
 'M' 'M' 'M' 'U' 'M' 'M' 'M' 'M' 'M' 'M' 'U' 'M' 'M' 'M' 'U' 'M' 'M' 'M']"
267701,0,159,4,155,39,0,0,"['A' 'M' 'M' 'M' 'M' 'M' 'M' 'M' 'M' 'M' 'U' 'U' 'M' 'U' 'M' 'M' 'M' 'M'
 'M' 'M' 'M' 'M' 'M' 'M' 'M' 'M' 'M' 'M' 'U' 'M' 'M' 'U' 'M' 'M' 'M' 'U'
 'U' 'M' 'M' 'U' 'M' 'M' 'M' 'M' 'M' 'U' 'M' 'M' 'M' 'U' 'M' 'M' 'M' 'M'
 'M' 'M' 'A' 'M' 'M' 'M' 'U' 'U' 'M' 'M' 'M' 'M' 'M' 'M' 'M' 'M' 'M' 'M'
 'M' 'M' 'M' 'U' 'M' 'M' 'M' 'U' 'M' 'M' 'M' 'M' 'M' 'M' 'M' 'M' 'U' 'M'
 'M' 'M' 'U' 'U' 'M' 'M' 'U' 'M' 'M' 'M' 'M' 'M' 'M' 'M' 'U' 'U' 'M' 'M'
 'M' 'M' 'M' 'M' 'M' 'M' 'U' 'M' 'M' 'A' 'M' 'M' 'M' 'M' 'U' 'M' 'M' 'M'
 'M' 'U' 'M' 'M' 'M' 'M' 'A' 'U' 'U' 'U' 'U' 'U' 'U' 'M' 'M' 'U' 'M' 'U'
 'M' 'M' 'M' 'U' 'M' 'M' 'M' 'M' 'U' 'M' 'M' 'M' 'M' 'M' 'U' 'M' 'M' 'U'
 'M' 'M' 'M' 'M' 'M' 'M' 'M' 'M' 'M' 'M' 'M' 'M' 'M' 'M' 'M' 'U' 'M' 'M'
 'M' 'M' 'M' 'U' 'M' 'M' 'M' 'M' 'M' 'M' 'M' 'M' 'M' 'M' 'U' 'M' 'U' 'M']"
267801,0,158,4,154,40,1,0,"['A' 'M' 'M' 'M' 'M' 'M' 'M' 'M' 'M' 'M' 'U' 'U' 'M' 'U' 'M' 'M' 'U' 'M'
 'M' 'M' 'M' 'M' 'M' 'M' 'M' 'M' 'M' 'M' 'M' 'M' 'M' 'M' 'M' 'M' 'M' 'U'
 'U' 'M' 'M' 'U' 'M' 'M' 'M' 'M' 'M' 'U' 'M' 'M' 'M' 'U' 'M' 'M' 'M' 'M'
 'M' 'M' 'A' 'M' 'M' 'M' 'M' 'U' 'M' 'M' 'M' 'U' 'M' 'M' 'M' 'M' 'U' 'M'
 'M' 'M' 'M' 'M' 'U' 'M' 'M' 'M' 'M' 'M' 'M' 'M' 'M' 'M' 'U' 'M' 'M' 'M'
 'M' 'U' 'M' 'M' 'M' 'M' 'U' 'U' 'M' 'M' 'M' 'M' 'M' 'M' 'U' 'U' 'M' 'M'
 'M' 'M' 'M' 'M' 'M' 'M' 'U' 'M' 'M' 'A' 'M' 'M' 'M' 'M' 'U' 'M' 'M' 'M'
 'M' 'U' 'M' 'M' 'M' 'M' 'A' 'U' 'U' 'U' 'U' 'U' 'U' 'M' 'U' 'M' 'M' 'U'
 'M' 'M' 'M' 'U' 'M' 'U' 'M' 'M' 'U' 'M' 'M' 'M' 'M' 'M' 'U' 'M' 'M' 'U'
 'U' 'M' 'M' 'M' 'M' 'U' 'M' 'M' 'M' 'M' 'M' 'M' 'M' 'M' 'M' 'U' 'M' 'M'
 'M' 'M' 'M' 'M' 'M' 'M' 'M' 'M' 'M' 'M' 'M' 'M' 'M' 'M' 'U' 'M' 'U' 'M']"
267901,0,154,6,148,44,0,0,"['A' 'M' 'M' 'M' 'M' 'U' 'M' 'M' 'M' 'M' 'U' 'U' 'M' 'U' 'M' 'M' 'M' 'M'
 'M' 'M' 'M' 'M' 'M' 'M' 'M' 'M' 'M' 'M' 'M' 'M' 'M' 'U' 'M' 'M' 'M' 'U'
 'U' 'M' 'M' 'U' 'M' 'M' 'M' 'M' 'M' 'U' 'M' 'M' 'M' 'U' 'M' 'M' 'M' 'M'
 'M' 'M' 'A' 'M' 'M' 'M' 'M' 'M' 'M' 'M' 'M' 'M' 'M' 'M' 'M' 'U' 'M' 'M'
 'M' 'M' 'M' 'M' 'M' 'M' 'M' 'U' 'M' 'M' 'M' 'U' 'M' 'M' 'M' 'U' 'M' 'M'
 'M' 'U' 'M' 'M' 'M' 'M' 'U' 'M' 'M' 'M' 'M' 'M' 'M' 'M' 'U' 'U' 'M' 'M'
 'M' 'M' 'M' 'M' 'M' 'M' 'U' 'M' 'M' 'U' 'M' 'U' 'U' 'U' 'M' 'M' 'M' 'M'
 'M' 'U' 'U' 'M' 'M' 'U' 'A' 'U' 'U' 'U' 'U' 'U' 'U' 'M' 'U' 'M' 'M' 'U'
 'M' 'M' 'M' 'A' 'M' 'U' 'M' 'M' 'U' 'M' 'M' 'M' 'M' 'U' 'U' 'M' 'M' 'U'
 'M' 'M' 'M' 'M' 'M' 'U' 'M' 'M' 'M' 'M' 'M' 'M' 'M' 'M' 'M' 'U' 'U' 'M'
 'M' 'M' 'M' 'U' 'M' 'M' 'M' 'M' 'M' 'M' 'M' 'M' 'M' 'M' 'A' 'U' 'A' 'M']"
268001,0,161,5,156,37,0,0,"['A' 'M' 'M' 'M' 'M' 'A' 'M' 'M' 'M' 'M' 'U' 'U' 'M' 'M' 'M' 'M' 'M' 'M'
 'M' 'M' 'M' 'M' 'M' 'M' 'U' 'M' 'U' 'M' 'M' 'M' 'M' 'U' 'M' 'U' 'M' 'U'
 'U' 'M' 'M' 'U' 'M' 'M' 'M' 'M' 'M' 'M' 'M' 'M' 'M' 'U' 'M' 'M' 'M' 'M'
 'M' 'M' 'A' 'M' 'M' 'M' 'M' 'M' 'M' 'M' 'M' 'M' 'M' 'M' 'M' 'U' 'M' 'M'
 'M' 'M' 'M' 'M' 'M' 'U' 'M' 'U' 'M' 'M' 'M' 'M' 'M' 'M' 'M' 'M' 'M' 'M'
 'U' 'M' 'M' 'U' 'M' 'M' 'U' 'M' 'M' 'M' 'M' 'M' 'M' 'M' 'U' 'M' 'M' 'M'
 'M' 'M' 'U' 'M' 'M' 'M' 'U' 'M' 'M' 'M' 'M' 'M' 'M' 'M' 'M' 'M' 'M' 'M'
 'M' 'U' 'U' 'M' 'M' 'U' 'U' 'U' 'U' 'M' 'M' 'U' 'M' 'M' 'M' 'M' 'M' 'U'
 'M' 'M' 'M' 'A' 'M' 'M' 'M' 'U' 'M' 'M' 'M' 'M' 'M' 'U' 'U' 'M' 'M' 'U'
 'M' 'M' 'M' 'M' 'M' 'M' 'M' 'M' 'M' 'M' 'M' 'M' 'M' 'M' 'M' 'U' 'U' 'M'
 'M' 'M' 'M' 'U' 'M' 'M' 'M' 'M' 'M' 'M' 'U' 'M' 'M' 'M' 'A' 'U' 'U' 'M']"
268101,0,163,5,158,35,0,1,"['A' 'M' 'M' 'M' 'M' 'U' 'M' 'M' 'M' 'M' 'U' 'M' 'M' 'M' 'M' 'M' 'M' 'M'
 'M' 'M' 'M' 'M' 'M' 'M' 'M' 'M' 'M' 'M' 'M' 'M' 'M' 'A' 'M' 'M' 'M' 'U'
 'M' 'M' 'M' 'M' 'M' 'M' 'M' 'M' 'M' 'M' 'U' 'M' 'M' 'U' 'M' 'M' 'M' 'M'
 'M' 'M' 'A' 'M' 'M' 'U' 'M' 'M' 'M' 'M' 'M' 'M' 'M' 'M' 'M' 'M' 'M' 'M'
 'M' 'M' 'M' 'M' 'M' 'U' 'U' 'M' 'M' 'M' 'M' 'M' 'M' 'M' 'M' 'M' 'M' 'U'
 'M' 'U' 'M' 'U' 'M' 'M' 'M' 'U' 'M' 'M' 'M' 'U' 'M' 'M' 'U' 'M' 'M' 'M'
 'M' 'M' 'U' 'M' 'M' 'M' 'U' 'M' 'M' 'M' 'M' 'U' 'M' 'M' 'M' 'M' 'M' 'M'
 'M' 'U' 'M' 'M' 'M' 'U' 'U' 'U' 'M' 'U' 'U' 'U' 'U' 'M' 'M' 'M' 'M' 'U'
 'M' 'M' 'M' 'A' 'M' 'M' 'M' 'U' 'U' 'M' 'M' 'M' 'M' 'U' 'U' 'M' 'M' 'U'
 'M' 'M' 'M' 'M' 'M' 'M' 'M' 'M' 'M' 'M' 'M' 'M' 'M' 'M' 'M' 'U' 'U' 'M'
 'M' 'M' 'M' 'U' 'M' 'M' 'M' 'M' 'M' 'M' 'U' 'M' 'M' 'M' 'A' 'M' 'M' 'M']"
268201,0,163,3,160,35,0,0,"['A' 'M' 'M' 'M' 'M' 'M' 'M' 'M' 'M' 'M' 'U' 'M' 'M' 'M' 'M' 'M' 'M' 'M'
 'M' 'M' 'M' 'M' 'M' 'M' 'M' 'M' 'M' 'M' 'M' 'M' 'M' 'U' 'M' 'M' 'M' 'U'
 'M' 'U' 'U' 'M' 'M' 'M' 'M' 'M' 'M' 'M' 'U' 'M' 'M' 'U' 'M' 'U' 'M' 'M'
 'M' 'M' 'U' 'M' 'M' 'U' 'M' 'M' 'M' 'M' 'M' 'M' 'M' 'M' 'M' 'M' 'M' 'M'
 'M' 'M' 'M' 'M' 'U' 'M' 'M' 'M' 'M' 'M' 'M' 'M' 'U' 'M' 'M' 'M' 'M' 'M'
 'U' 'M' 'M' 'U' 'U' 'M' 'U' 'M' 'M' 'M' 'M' 'M' 'M' 'M' 'U' 'M' 'M' 'M'
 'M' 'M' 'U' 'M' 'M' 'M' 'M' 'M' 'M' 'M' 'M' 'U' 'M' 'M' 'M' 'M' 'M' 'M'
 'M' 'U' 'M' 'M' 'M' 'M' 'U' 'U' 'M' 'U' 'U' 'U' 'U' 'M' 'M' 'M' 'M' 'M'
 'M' 'M' 'M' 'A' 'M' 'M' 'M' 'U' 'M' 'M' 'M' 'M' 'M' 'U' 'U' 'M' 'M' 'U'
 'M' 'M' 'M' 'M' 'M' 'M' 'M' 'M' 'M' 'M' 'M' 'M' 'M' 'M' 'M' 'U' 'U' 'M'
 'M' 'M' 'M' 'U' 'M' 'M' 'M' 'M' 'M' 'M' 'U' 'U' 'M' 'M' 'A' 'M' 'M' 'M']"
268301,0,168,4,164,30,0,1,"['A' 'M' 'M' 'U' 'M' 'M' 'M' 'M' 'M' 'M' 'U' 'M' 'M' 'M' 'M' 'M' 'M' 'M'
 'M' 'M' 'M' 'M' 'M' 'M' 'M' 'M' 'M' 'M' 'M' 'M' 'M' 'M' 'M' 'M' 'M' 'M'
 'M' 'U' 'M' 'M' 'M' 'M' 'M' 'M' 'M' 'M' 'U' 'M' 'M' 'U' 'M' 'U' 'U' 'M'
 'M' 'M' 'M' 'M' 'M' 'U' 'M' 'M' 'M' 'M' 'M' 'M' 'M' 'M' 'M' 'M' 'U' 'M'
 'M' 'M' 'U' 'M' 'M' 'M' 'M' 'M' 'U' 'U' 'M' 'M' 'M' 'U' 'M' 'M' 'M' 'M'
 'M' 'M' 'M' 'M' 'M' 'M' 'U' 'M' 'M' 'M' 'M' 'M' 'M' 'M' 'U' 'M' 'M' 'M'
 'M' 'M' 'U' 'M' 'M' 'M' 'M' 'M' 'M' 'M' 'M' 'U' 'M' 'M' 'M' 'M' 'M' 'M'
 'M' 'M' 'M' 'M' 'M' 'M' 'U' 'U' 'M' 'U' 'M' 'U' 'U' 'M' 'M' 'M' 'M' 'M'
 'M' 'M' 'M' 'A' 'M' 'M' 'M' 'U' 'M' 'M' 'M' 'M' 'M' 'U' 'U' 'M' 'M' 'U'
 'M' 'M' 'M' 'M' 'M' 'M' 'M' 'M' 'M' 'M' 'M' 'M' 'M' 'M' 'M' 'A' 'U' 'U'
 'M' 'M' 'M' 'U' 'M' 'M' 'M' 'M' 'M' 'M' 'U' 'M' 'M' 'M' 'A' 'M' 'M' 'M']"
268401,0,171,6,165,27,0,0,"['A' 'M' 'M' 'U' 'M' 'M' 'M' 'M' 'M' 'M' 'M' 'M' 'M' 'M' 'M' 'M' 'M' 'M'
 'M' 'M' 'M' 'M' 'M' 'M' 'M' 'M' 'M' 'M' 'M' 'M' 'M' 'M' 'M' 'M' 'M' 'M'
 'M' 'A' 'M' 'M' 'M' 'M' 'M' 'M' 'M' 'M' 'U' 'M' 'M' 'U' 'M' 'M' 'U' 'M'
 'M' 'M' 'M' 'M' 'M' 'U' 'M' 'M' 'M' 'M' 'M' 'M' 'M' 'M' 'M' 'M' 'U' 'U'
 'M' 'M' 'M' 'M' 'M' 'M' 'M' 'M' 'U' 'M' 'M' 'M' 'M' 'M' 'M' 'M' 'M' 'U'
 'M' 'M' 'M' 'U' 'M' 'U' 'M' 'M' 'M' 'M' 'M' 'M' 'M' 'M' 'U' 'M' 'M' 'M'
 'M' 'M' 'U' 'M' 'M' 'M' 'M' 'M' 'M' 'M' 'M' 'U' 'M' 'M' 'M' 'M' 'M' 'M'
 'M' 'M' 'M' 'M' 'M' 'U' 'M' 'U' 'U' 'U' 'M' 'U' 'U' 'M' 'M' 'M' 'M' 'M'
 'M' 'M' 'M' 'A' 'M' 'M' 'M' 'U' 'M' 'M' 'M' 'M' 'M' 'U' 'A' 'M' 'M' 'U'
 'M' 'M' 'M' 'M' 'M' 'M' 'M' 'M' 'M' 'M' 'M' 'M' 'M' 'M' 'M' 'A' 'U' 'U'
 'U' 'M' 'M' 'U' 'M' 'M' 'M' 'M' 'M' 'M' 'M' 'M' 'M' 'M' 'A' 'M' 'M' 'M']"
268501,0,168,5,163,30,0,0,"['A' 'M' 'M' 'U' 'M' 'M' 'M' 'M' 'M' 'M' 'M' 'M' 'M' 'M' 'M' 'M' 'M' 'M'
 'M' 'M' 'M' 'M' 'M' 'M' 'M' 'M' 'M' 'M' 'M' 'M' 'M' 'M' 'M' 'M' 'M' 'M'
 'M' 'A' 'M' 'M' 'M' 'M' 'M' 'M' 'M' 'M' 'U' 'M' 'U' 'U' 'M' 'M' 'U' 'M'
 'M' 'M' 'M' 'M' 'M' 'U' 'M' 'M' 'M' 'M' 'M' 'M' 'M' 'M' 'M' 'M' 'M' 'M'
 'M' 'M' 'U' 'M' 'M' 'M' 'M' 'M' 'U' 'U' 'M' 'M' 'U' 'M' 'M' 'M' 'U' 'M'
 'M' 'M' 'M' 'M' 'M' 'U' 'M' 'M' 'M' 'M' 'M' 'M' 'M' 'M' 'M' 'U' 'M' 'M'
 'M' 'U' 'M' 'M' 'M' 'M' 'M' 'M' 'M' 'M' 'M' 'U' 'M' 'M' 'U' 'M' 'M' 'M'
 'M' 'M' 'M' 'M' 'M' 'U' 'M' 'A' 'U' 'U' 'M' 'U' 'U' 'M' 'M' 'M' 'M' 'M'
 'M' 'M' 'M' 'M' 'M' 'M' 'M' 'U' 'M' 'M' 'M' 'M' 'M' 'U' 'A' 'M' 'M' 'U'
 'M' 'M' 'M' 'M' 'M' 'M' 'M' 'M' 'M' 'U' 'M' 'M' 'M' 'M' 'M' 'A' 'U' 'U'
 'M' 'M' 'M' 'U' 'M' 'M' 'M' 'M' 'M' 'M' 'M' 'M' 'M' 'U' 'U' 'M' 'M' 'M']"
268601,0,165,4,161,33,0,1,"['A' 'M' 'M' 'M' 'M' 'M' 'M' 'U' 'M' 'M' 'M' 'M' 'M' 'M' 'M' 'M' 'M' 'M'
 'M' 'M' 'M' 'M' 'M' 'M' 'M' 'M' 'M' 'U' 'M' 'M' 'M' 'M' 'M' 'M' 'M' 'M'
 'M' 'U' 'M' 'M' 'M' 'M' 'M' 'M' 'M' 'M' 'U' 'M' 'U' 'M' 'M' 'M' 'M' 'M'
 'M' 'M' 'M' 'M' 'M' 'U' 'M' 'M' 'M' 'M' 'M' 'M' 'M' 'M' 'M' 'U' 'U' 'M'
 'M' 'M' 'M' 'M' 'M' 'M' 'M' 'U' 'M' 'M' 'U' 'M' 'M' 'U' 'M' 'M' 'M' 'M'
 'M' 'M' 'M' 'M' 'M' 'U' 'M' 'U' 'M' 'M' 'M' 'M' 'M' 'M' 'M' 'U' 'M' 'M'
 'M' 'U' 'M' 'M' 'M' 'M' 'M' 'M' 'M' 'M' 'M' 'U' 'M' 'M' 'M' 'M' 'M' 'M'
 'M' 'M' 'M' 'M' 'M' 'M' 'M' 'A' 'U' 'U' 'U' 'U' 'U' 'M' 'M' 'M' 'M' 'M'
 'M' 'M' 'M' 'M' 'M' 'M' 'U' 'U' 'M' 'M' 'M' 'M' 'M' 'U' 'A' 'M' 'M' 'U'
 'M' 'M' 'M' 'M' 'M' 'M' 'M' 'U' 'M' 'M' 'M' 'M' 'M' 'M' 'M' 'A' 'U' 'U'
 'M' 'M' 'M' 'U' 'M' 'U' 'M' 'M' 'M' 'M' 'M' 'M' 'M' 'U' 'U' 'M' 'M' 'U']"
268701,0,165,5,160,33,1,0,"['A' 'M' 'M' 'U' 'M' 'M' 'M' 'U' 'M' 'U' 'M' 'M' 'M' 'M' 'U' 'M' 'M' 'M'
 'M' 'M' 'M' 'M' 'M' 'M' 'M' 'M' 'M' 'U' 'M' 'M' 'M' 'M' 'M' 'M' 'M' 'U'
 'M' 'U' 'M' 'M' 'M' 'M' 'M' 'M' 'M' 'M' 'U' 'M' 'M' 'M' 'M' 'M' 'M' 'M'
 'M' 'M' 'M' 'M' 'M' 'A' 'M' 'M' 'M' 'M' 'M' 'M' 'M' 'M' 'M' 'M' 'U' 'M'
 'U' 'M' 'M' 'M' 'M' 'M' 'M' 'M' 'M' 'U' 'U' 'M' 'M' 'M' 'M' 'M' 'M' 'M'
 'M' 'M' 'U' 'M' 'M' 'U' 'M' 'U' 'M' 'M' 'M' 'M' 'M' 'M' 'M' 'M' 'M' 'M'
 'M' 'M' 'M' 'M' 'M' 'M' 'M' 'M' 'M' 'M' 'M' 'U' 'M' 'M' 'M' 'M' 'M' 'M'
 'M' 'M' 'M' 'M' 'M' 'M' 'M' 'A' 'U' 'U' 'U' 'U' 'M' 'M' 'M' 'M' 'M' 'M'
 'M' 'M' 'M' 'M' 'M' 'M' 'U' 'U' 'M' 'M' 'M' 'U' 'M' 'M' 'A' 'M' 'M' 'M'
 'M' 'M' 'M' 'M' 'M' 'M' 'M' 'U' 'M' 'M' 'M' 'M' 'M' 'M' 'U' 'A' 'U' 'M'
 'M' 'M' 'M' 'U' 'M' 'U' 'M' 'U' 'M' 'U' 'M' 'U' 'M' 'U' 'M' 'M' 'M' 'U']"
268801,0,174,5,169,24,0,0,"['A' 'M' 'M' 'M' 'M' 'M' 'M' 'U' 'M' 'M' 'M' 'M' 'M' 'M' 'U' 'M' 'M' 'M'
 'M' 'M' 'M' 'M' 'M' 'M' 'M' 'U' 'M' 'U' 'M' 'M' 'M' 'M' 'M' 'M' 'M' 'U'
 'M' 'U' 'M' 'M' 'M' 'M' 'M' 'M' 'M' 'M' 'U' 'M' 'M' 'M' 'M' 'M' 'M' 'M'
 'M' 'M' 'M' 'M' 'M' 'A' 'M' 'M' 'M' 'M' 'M' 'M' 'U' 'M' 'M' 'M' 'M' 'M'
 'M' 'U' 'M' 'M' 'U' 'M' 'M' 'M' 'U' 'M' 'M' 'M' 'M' 'M' 'M' 'M' 'M' 'U'
 'M' 'M' 'M' 'M' 'M' 'U' 'M' 'U' 'M' 'M' 'M' 'M' 'M' 'M' 'M' 'M' 'M' 'M'
 'M' 'M' 'M' 'M' 'M' 'M' 'M' 'A' 'M' 'M' 'M' 'U' 'M' 'M' 'M' 'M' 'M' 'M'
 'M' 'M' 'M' 'M' 'M' 'M' 'M' 'A' 'M' 'U' 'M' 'M' 'M' 'M' 'M' 'M' 'M' 'M'
 'M' 'M' 'M' 'M' 'M' 'M' 'U' 'U' 'M' 'M' 'M' 'M' 'M' 'M' 'U' 'M' 'M' 'M'
 'M' 'M' 'M' 'M' 'M' 'M' 'M' 'M' 'M' 'M' 'M' 'M' 'M' 'M' 'M' 'A' 'U' 'M'
 'M' 'M' 'U' 'U' 'M' 'M' 'M' 'U' 'M' 'M' 'M' 'U' 'M' 'M' 'M' 'M' 'M' 'M']"
268901,0,169,5,164,29,0,1,"['A' 'M' 'M' 'M' 'M' 'M' 'M' 'U' 'M' 'M' 'M' 'M' 'M' 'M' 'U' 'M' 'U' 'M'
 'M' 'M' 'M' 'M' 'M' 'M' 'U' 'U' 'M' 'M' 'M' 'M' 'M' 'M' 'M' 'U' 'M' 'M'
 'M' 'U' 'M' 'M' 'U' 'M' 'M' 'M' 'M' 'M' 'A' 'M' 'M' 'M' 'M' 'M' 'M' 'M'
 'M' 'M' 'M' 'M' 'M' 'U' 'M' 'M' 'M' 'M' 'M' 'M' 'M' 'U' 'M' 'M' 'M' 'M'
 'M' 'M' 'M' 'M' 'M' 'U' 'M' 'M' 'M' 'M' 'M' 'U' 'M' 'M' 'M' 'M' 'U' 'M'
 'M' 'M' 'M' 'M' 'U' 'U' 'M' 'U' 'M' 'M' 'M' 'M' 'M' 'M' 'M' 'M' 'M' 'M'
 'M' 'M' 'M' 'M' 'M' 'M' 'M' 'A' 'M' 'M' 'M' 'U' 'M' 'M' 'M' 'M' 'M' 'M'
 'M' 'M' 'M' 'M' 'M' 'M' 'M' 'U' 'M' 'U' 'M' 'M' 'M' 'M' 'M' 'M' 'M' 'M'
 'M' 'M' 'U' 'M' 'M' 'M' 'M' 'A' 'M' 'M' 'U' 'M' 'M' 'M' 'U' 'M' 'M' 'U'
 'M' 'M' 'M' 'M' 'M' 'M' 'M' 'M' 'M' 'M' 'M' 'M' 'U' 'M' 'M' 'A' 'U' 'M'
 'M' 'M' 'U' 'M' 'M' 'M' 'M' 'U' 'M' 'M' 'M' 'U' 'U' 'M' 'M' 'M' 'M' 'M']"
269001,0,170,5,165,28,0,1,"['A' 'U' 'M' 'M' 'M' 'M' 'M' 'M' 'M' 'M' 'M' 'M' 'M' 'M' 'U' 'M' 'U' 'M'
 'M' 'M' 'M' 'M' 'M' 'M' 'U' 'U' 'U' 'U' 'M' 'M' 'U' 'M' 'M' 'U' 'M' 'M'
 'M' 'U' 'M' 'M' 'U' 'M' 'M' 'M' 'M' 'M' 'A' 'M' 'M' 'M' 'M' 'M' 'M' 'M'
 'M' 'M' 'M' 'M' 'M' 'M' 'M' 'M' 'M' 'M' 'M' 'M' 'M' 'M' 'M' 'M' 'M' 'U'
 'M' 'M' 'M' 'U' 'M' 'M' 'M' 'M' 'M' 'M' 'M' 'M' 'M' 'U' 'U' 'M' 'M' 'M'
 'M' 'M' 'M' 'U' 'M' 'U' 'M' 'U' 'M' 'M' 'M' 'M' 'M' 'M' 'M' 'M' 'M' 'M'
 'M' 'M' 'M' 'M' 'M' 'M' 'M' 'A' 'U' 'M' 'M' 'U' 'M' 'M' 'M' 'M' 'M' 'M'
 'M' 'M' 'M' 'M' 'M' 'M' 'M' 'U' 'M' 'U' 'M' 'M' 'M' 'M' 'M' 'M' 'M' 'M'
 'M' 'M' 'U' 'M' 'M' 'M' 'M' 'A' 'M' 'M' 'M' 'M' 'M' 'M' 'U' 'M' 'M' 'U'
 'M' 'M' 'U' 'M' 'M' 'M' 'M' 'M' 'M' 'M' 'M' 'M' 'M' 'M' 'M' 'A' 'M' 'M'
 'M' 'M' 'M' 'M' 'M' 'M' 'M' 'M' 'M' 'M' 'M' 'U' 'M' 'M' 'M' 'M' 'U' 'M']"
269101,0,163,5,158,35,1,0,"['A' 'U' 'U' 'M' 'M' 'M' 'U' 'M' 'M' 'M' 'M' 'M' 'M' 'M' 'U' 'M' 'U' 'M'
 'M' 'M' 'M' 'M' 'M' 'M' 'U' 'U' 'U' 'U' 'M' 'M' 'U' 'M' 'M' 'U' 'M' 'M'
 'M' 'U' 'M' 'M' 'U' 'M' 'M' 'M' 'U' 'M' 'A' 'M' 'U' 'M' 'M' 'M' 'M' 'M'
 'M' 'M' 'M' 'M' 'M' 'M' 'U' 'M' 'M' 'M' 'M' 'M' 'M' 'U' 'U' 'M' 'M' 'M'
 'M' 'M' 'M' 'M' 'M' 'M' 'U' 'M' 'M' 'M' 'U' 'M' 'M' 'M' 'M' 'M' 'M' 'M'
 'M' 'M' 'U' 'M' 'M' 'U' 'M' 'U' 'M' 'M' 'M' 'M' 'M' 'M' 'M' 'M' 'M' 'M'
 'U' 'M' 'M' 'M' 'M' 'M' 'U' 'A' 'U' 'M' 'M' 'M' 'M' 'M' 'M' 'M' 'M' 'M'
 'M' 'U' 'M' 'M' 'M' 'M' 'M' 'A' 'M' 'U' 'M' 'M' 'M' 'M' 'M' 'M' 'M' 'M'
 'M' 'U' 'U' 'M' 'M' 'M' 'M' 'M' 'M' 'M' 'M' 'M' 'M' 'M' 'M' 'M' 'M' 'M'
 'M' 'M' 'M' 'U' 'U' 'M' 'M' 'M' 'M' 'M' 'M' 'M' 'M' 'M' 'M' 'A' 'M' 'M'
 'M' 'M' 'U' 'M' 'M' 'M' 'M' 'M' 'M' 'M' 'M' 'U' 'M' 'M' 'M' 'M' 'U' 'M']"
269201,0,160,2,158,38,0,0,"['A' 'M' 'U' 'M' 'M' 'M' 'U' 'M' 'M' 'M' 'M' 'M' 'M' 'M' 'U' 'M' 'U' 'M'
 'M' 'M' 'M' 'M' 'M' 'M' 'M' 'U' 'U' 'U' 'M' 'M' 'M' 'M' 'M' 'U' 'M' 'M'
 'M' 'U' 'M' 'U' 'U' 'U' 'M' 'M' 'U' 'M' 'A' 'M' 'U' 'M' 'M' 'M' 'M' 'M'
 'M' 'M' 'M' 'M' 'M' 'M' 'U' 'M' 'M' 'M' 'M' 'U' 'M' 'M' 'M' 'M' 'M' 'M'
 'U' 'U' 'M' 'M' 'U' 'M' 'M' 'M' 'M' 'M' 'M' 'M' 'M' 'M' 'M' 'M' 'M' 'U'
 'M' 'M' 'M' 'M' 'M' 'U' 'M' 'M' 'M' 'M' 'M' 'M' 'M' 'M' 'M' 'M' 'M' 'U'
 'U' 'M' 'U' 'M' 'M' 'M' 'M' 'U' 'U' 'M' 'M' 'M' 'M' 'U' 'M' 'M' 'M' 'M'
 'M' 'M' 'M' 'M' 'U' 'M' 'M' 'U' 'U' 'U' 'M' 'M' 'M' 'M' 'M' 'M' 'M' 'M'
 'M' 'U' 'U' 'M' 'M' 'M' 'M' 'M' 'M' 'M' 'M' 'M' 'M' 'M' 'M' 'M' 'M' 'M'
 'M' 'M' 'M' 'M' 'U' 'M' 'M' 'M' 'M' 'M' 'M' 'M' 'M' 'M' 'M' 'U' 'M' 'M'
 'M' 'M' 'U' 'M' 'M' 'M' 'M' 'M' 'M' 'M' 'M' 'M' 'M' 'U' 'M' 'M' 'U' 'M']"
269301,0,163,3,160,35,0,0,"['A' 'M' 'U' 'M' 'M' 'M' 'U' 'M' 'M' 'M' 'M' 'M' 'M' 'M' 'M' 'M' 'U' 'M'
 'M' 'M' 'M' 'M' 'M' 'M' 'U' 'U' 'U' 'U' 'M' 'M' 'M' 'M' 'M' 'U' 'M' 'M'
 'M' 'A' 'M' 'M' 'U' 'U' 'M' 'M' 'U' 'M' 'A' 'M' 'U' 'M' 'M' 'U' 'M' 'M'
 'M' 'M' 'M' 'M' 'M' 'M' 'M' 'M' 'M' 'M' 'M' 'M' 'M' 'M' 'M' 'M' 'M' 'M'
 'M' 'M' 'M' 'M' 'M' 'M' 'M' 'M' 'M' 'U' 'U' 'M' 'M' 'U' 'U' 'M' 'M' 'M'
 'U' 'M' 'M' 'M' 'M' 'U' 'M' 'M' 'M' 'M' 'M' 'M' 'M' 'U' 'M' 'U' 'M' 'M'
 'U' 'M' 'U' 'M' 'M' 'M' 'M' 'U' 'U' 'M' 'M' 'M' 'M' 'U' 'M' 'M' 'M' 'M'
 'M' 'M' 'M' 'M' 'U' 'M' 'M' 'U' 'M' 'M' 'M' 'M' 'M' 'M' 'M' 'M' 'M' 'M'
 'M' 'U' 'U' 'M' 'M' 'M' 'M' 'M' 'M' 'M' 'M' 'M' 'M' 'M' 'M' 'M' 'M' 'M'
 'M' 'M' 'M' 'M' 'U' 'M' 'M' 'M' 'M' 'M' 'M' 'M' 'M' 'M' 'M' 'U' 'M' 'M'
 'M' 'M' 'U' 'M' 'M' 'M' 'M' 'M' 'M' 'M' 'M' 'M' 'M' 'U' 'M' 'M' 'U' 'M']"
269401,1,159,6,153,39,0,0,"['A' 'M' 'A' 'M' 'M' 'U' 'A' 'M' 'M' 'M' 'M' 'M' 'M' 'M' 'M' 'M' 'U' 'M'
 'M' 'M' 'M' 'M' 'M' 'M' 'U' 'U' 'M' 'U' 'M' 'M' 'M' 'U' 'M' 'U' 'M' 'M'
 'M' 'A' 'M' 'M' 'M' 'U' 'M' 'U' 'M' 'M' 'A' 'M' 'U' 'M' 'M' 'U' 'M' 'M'
 'M' 'M' 'M' 'M' 'M' 'M' 'M' 'U' 'M' 'M' 'M' 'M' 'M' 'M' 'M' 'M' 'U' 'U'
 'M' 'M' 'M' 'M' 'M' 'M' 'M' 'M' 'M' 'M' 'M' 'U' 'U' 'M' 'M' 'M' 'M' 'M'
 'U' 'M' 'M' 'M' 'M' 'U' 'M' 'M' 'M' 'M' 'M' 'M' 'M' 'U' 'M' 'M' 'M' 'M'
 'U' 'M' 'A' 'M' 'U' 'M' 'M' 'U' 'U' 'M' 'M' 'M' 'M' 'M' 'M' 'M' 'M' 'M'
 'M' 'M' 'M' 'M' 'U' 'M' 'U' 'U' 'U' 'U' 'U' 'U' 'U' 'M' 'M' 'M' 'M' 'M'
 'U' 'U' 'U' 'M' 'M' 'M' 'M' 'M' 'M' 'M' 'M' 'M' 'M' 'M' 'M' 'M' 'M' 'M'
 'M' 'M' 'M' 'M' 'U' 'M' 'M' 'M' 'M' 'M' 'M' 'M' 'M' 'M' 'M' 'U' 'M' 'M'
 'M' 'M' 'M' 'M' 'M' 'M' 'M' 'M' 'M' 'M' 'M' 'M' 'M' 'U' 'M' 'U' 'U' 'M']"
269501,0,158,5,153,40,0,0,"['A' 'M' 'A' 'M' 'M' 'M' 'A' 'M' 'M' 'M' 'M' 'M' 'M' 'M' 'M' 'M' 'M' 'M'
 'M' 'M' 'M' 'M' 'M' 'M' 'U' 'U' 'M' 'U' 'M' 'M' 'M' 'U' 'M' 'U' 'M' 'M'
 'M' 'A' 'M' 'M' 'M' 'U' 'M' 'U' 'M' 'M' 'A' 'M' 'U' 'M' 'M' 'U' 'M' 'M'
 'U' 'U' 'M' 'M' 'M' 'M' 'M' 'U' 'M' 'M' 'M' 'U' 'U' 'M' 'M' 'U' 'M' 'M'
 'M' 'M' 'M' 'M' 'U' 'M' 'M' 'M' 'M' 'M' 'M' 'M' 'M' 'M' 'M' 'U' 'M' 'M'
 'M' 'M' 'M' 'M' 'M' 'U' 'M' 'M' 'M' 'M' 'M' 'M' 'M' 'U' 'M' 'M' 'M' 'M'
 'U' 'M' 'U' 'M' 'U' 'M' 'M' 'U' 'U' 'M' 'M' 'M' 'M' 'M' 'M' 'M' 'M' 'M'
 'M' 'M' 'M' 'M' 'U' 'M' 'U' 'U' 'U' 'U' 'U' 'U' 'U' 'M' 'M' 'M' 'M' 'M'
 'M' 'M' 'U' 'M' 'M' 'M' 'M' 'M' 'M' 'M' 'M' 'M' 'M' 'M' 'M' 'M' 'M' 'U'
 'M' 'M' 'M' 'M' 'U' 'M' 'M' 'M' 'M' 'M' 'M' 'M' 'M' 'M' 'M' 'U' 'M' 'M'
 'M' 'M' 'M' 'M' 'M' 'M' 'M' 'M' 'U' 'M' 'M' 'M' 'M' 'U' 'M' 'U' 'U' 'M']"
269601,1,160,5,155,38,0,0,"['A' 'M' 'A' 'M' 'M' 'M' 'A' 'M' 'M' 'M' 'M' 'M' 'M' 'M' 'M' 'M' 'M' 'M'
 'M' 'U' 'M' 'M' 'M' 'M' 'U' 'U' 'M' 'U' 'U' 'M' 'M' 'U' 'U' 'U' 'M' 'M'
 'U' 'A' 'M' 'M' 'M' 'M' 'M' 'U' 'M' 'M' 'A' 'M' 'U' 'M' 'M' 'M' 'U' 'M'
 'M' 'U' 'M' 'M' 'M' 'M' 'M' 'U' 'M' 'M' 'M' 'U' 'M' 'M' 'M' 'M' 'M' 'M'
 'M' 'M' 'M' 'M' 'M' 'U' 'M' 'M' 'M' 'M' 'U' 'U' 'M' 'M' 'M' 'M' 'M' 'U'
 'M' 'M' 'M' 'M' 'M' 'U' 'M' 'M' 'M' 'M' 'M' 'M' 'M' 'M' 'M' 'M' 'M' 'M'
 'U' 'M' 'M' 'M' 'U' 'M' 'M' 'M' 'M' 'M' 'M' 'M' 'M' 'U' 'M' 'M' 'M' 'M'
 'M' 'M' 'M' 'M' 'U' 'U' 'U' 'U' 'U' 'U' 'U' 'U' 'U' 'M' 'M' 'M' 'M' 'M'
 'M' 'M' 'U' 'M' 'M' 'M' 'M' 'M' 'M' 'M' 'M' 'M' 'M' 'M' 'M' 'M' 'M' 'U'
 'M' 'M' 'M' 'M' 'M' 'M' 'M' 'M' 'M' 'M' 'M' 'M' 'M' 'M' 'M' 'U' 'M' 'M'
 'M' 'M' 'M' 'M' 'M' 'M' 'M' 'M' 'U' 'M' 'U' 'M' 'M' 'M' 'M' 'M' 'U' 'M']"
269701,1,165,6,159,33,0,0,"['A' 'M' 'A' 'M' 'M' 'U' 'A' 'M' 'M' 'U' 'M' 'M' 'M' 'M' 'M' 'M' 'M' 'M'
 'M' 'U' 'M' 'M' 'M' 'M' 'M' 'U' 'M' 'U' 'U' 'M' 'M' 'M' 'M' 'U' 'M' 'M'
 'U' 'A' 'M' 'M' 'M' 'M' 'M' 'M' 'M' 'M' 'U' 'M' 'U' 'U' 'M' 'M' 'M' 'M'
 'M' 'U' 'M' 'M' 'M' 'M' 'M' 'M' 'M' 'M' 'M' 'M' 'M' 'M' 'M' 'U' 'M' 'M'
 'M' 'M' 'M' 'M' 'M' 'M' 'U' 'U' 'U' 'M' 'M' 'M' 'M' 'M' 'M' 'M' 'M' 'M'
 'U' 'M' 'M' 'M' 'M' 'U' 'M' 'M' 'M' 'M' 'M' 'M' 'M' 'M' 'M' 'M' 'M' 'U'
 'M' 'M' 'M' 'M' 'U' 'M' 'M' 'M' 'M' 'M' 'M' 'M' 'M' 'U' 'M' 'M' 'M' 'M'
 'M' 'M' 'M' 'M' 'U' 'U' 'U' 'U' 'M' 'U' 'A' 'M' 'U' 'M' 'M' 'M' 'U' 'M'
 'M' 'M' 'U' 'M' 'M' 'M' 'M' 'M' 'M' 'M' 'U' 'M' 'M' 'M' 'M' 'M' 'M' 'U'
 'M' 'M' 'M' 'M' 'M' 'M' 'M' 'M' 'M' 'M' 'M' 'M' 'M' 'M' 'M' 'U' 'M' 'M'
 'M' 'M' 'M' 'M' 'M' 'M' 'M' 'M' 'M' 'M' 'U' 'M' 'M' 'M' 'M' 'M' 'A' 'M']"
269801,0,160,7,153,38,0,0,"['A' 'M' 'A' 'M' 'M' 'U' 'A' 'M' 'M' 'U' 'M' 'M' 'M' 'M' 'M' 'M' 'M' 'M'
 'M' 'M' 'M' 'M' 'M' 'M' 'M' 'U' 'M' 'U' 'A' 'M' 'M' 'M' 'U' 'U' 'M' 'M'
 'M' 'A' 'U' 'M' 'M' 'M' 'M' 'M' 'M' 'M' 'U' 'M' 'U' 'U' 'M' 'M' 'M' 'M'
 'M' 'U' 'M' 'M' 'M' 'M' 'U' 'M' 'U' 'M' 'M' 'M' 'U' 'M' 'M' 'M' 'M' 'M'
 'M' 'M' 'M' 'M' 'U' 'U' 'M' 'U' 'M' 'M' 'M' 'M' 'M' 'M' 'M' 'M' 'U' 'M'
 'M' 'M' 'M' 'M' 'M' 'U' 'M' 'M' 'M' 'M' 'M' 'M' 'M' 'M' 'M' 'M' 'U' 'U'
 'M' 'M' 'M' 'M' 'M' 'M' 'M' 'M' 'M' 'M' 'M' 'M' 'U' 'U' 'M' 'M' 'M' 'M'
 'M' 'M' 'M' 'M' 'U' 'U' 'U' 'U' 'U' 'U' 'A' 'U' 'U' 'M' 'M' 'M' 'M' 'M'
 'M' 'U' 'U' 'M' 'M' 'M' 'M' 'M' 'M' 'M' 'U' 'M' 'M' 'M' 'U' 'M' 'M' 'U'
 'M' 'M' 'M' 'M' 'M' 'M' 'M' 'M' 'M' 'M' 'M' 'M' 'M' 'M' 'M' 'U' 'M' 'M'
 'M' 'M' 'M' 'M' 'M' 'M' 'M' 'M' 'M' 'M' 'U' 'M' 'M' 'M' 'M' 'M' 'A' 'M']"
269901,0,160,7,153,38,0,0,"['A' 'M' 'U' 'M' 'M' 'U' 'A' 'M' 'M' 'U' 'M' 'M' 'M' 'U' 'M' 'M' 'M' 'M'
 'M' 'M' 'M' 'M' 'M' 'M' 'M' 'M' 'M' 'M' 'A' 'M' 'U' 'M' 'A' 'U' 'M' 'M'
 'M' 'A' 'M' 'M' 'M' 'M' 'M' 'M' 'M' 'M' 'U' 'M' 'U' 'A' 'M' 'U' 'M' 'U'
 'M' 'M' 'M' 'U' 'M' 'M' 'U' 'M' 'U' 'M' 'M' 'U' 'M' 'M' 'M' 'M' 'U' 'M'
 'M' 'M' 'M' 'M' 'M' 'M' 'U' 'U' 'M' 'M' 'M' 'M' 'M' 'M' 'M' 'M' 'M' 'M'
 'M' 'U' 'M' 'M' 'M' 'U' 'M' 'M' 'M' 'M' 'M' 'M' 'M' 'M' 'M' 'M' 'M' 'U'
 'M' 'M' 'M' 'M' 'M' 'M' 'M' 'M' 'M' 'M' 'M' 'M' 'U' 'U' 'M' 'M' 'M' 'M'
 'M' 'M' 'M' 'M' 'M' 'U' 'U' 'U' 'U' 'M' 'U' 'U' 'U' 'U' 'M' 'M' 'M' 'M'
 'M' 'U' 'U' 'M' 'M' 'M' 'M' 'M' 'M' 'M' 'U' 'M' 'M' 'M' 'U' 'M' 'M' 'U'
 'M' 'U' 'M' 'M' 'M' 'M' 'M' 'M' 'M' 'M' 'M' 'M' 'M' 'M' 'M' 'U' 'M' 'M'
 'M' 'M' 'M' 'M' 'M' 'M' 'M' 'M' 'M' 'U' 'M' 'M' 'M' 'M' 'M' 'M' 'A' 'M']"
270001,0,152,5,147,46,0,0,"['A' 'M' 'M' 'M' 'M' 'M' 'A' 'M' 'M' 'U' 'M' 'M' 'M' 'U' 'M' 'M' 'M' 'M'
 'M' 'M' 'M' 'M' 'M' 'U' 'M' 'M' 'M' 'M' 'A' 'M' 'U' 'M' 'A' 'U' 'M' 'M'
 'M' 'A' 'M' 'M' 'M' 'M' 'M' 'M' 'M' 'M' 'U' 'M' 'U' 'U' 'M' 'U' 'M' 'M'
 'U' 'U' 'M' 'U' 'M' 'M' 'U' 'M' 'U' 'M' 'M' 'M' 'M' 'U' 'M' 'M' 'M' 'U'
 'M' 'U' 'M' 'M' 'M' 'M' 'M' 'M' 'U' 'M' 'M' 'M' 'M' 'M' 'M' 'U' 'M' 'M'
 'M' 'M' 'M' 'M' 'M' 'U' 'M' 'M' 'M' 'M' 'M' 'M' 'U' 'M' 'M' 'M' 'M' 'U'
 'M' 'M' 'M' 'M' 'M' 'M' 'M' 'U' 'M' 'M' 'M' 'M' 'U' 'U' 'M' 'M' 'M' 'M'
 'M' 'M' 'M' 'M' 'M' 'U' 'U' 'U' 'U' 'U' 'U' 'U' 'U' 'U' 'M' 'M' 'M' 'M'
 'M' 'U' 'U' 'M' 'M' 'U' 'M' 'M' 'M' 'M' 'U' 'M' 'M' 'M' 'U' 'M' 'M' 'U'
 'M' 'U' 'M' 'M' 'M' 'M' 'M' 'M' 'U' 'M' 'M' 'M' 'M' 'M' 'M' 'U' 'M' 'M'
 'M' 'M' 'M' 'M' 'M' 'M' 'M' 'M' 'M' 'U' 'U' 'M' 'M' 'M' 'M' 'M' 'U' 'M']"
270101,0,159,6,153,39,0,0,"['A' 'U' 'M' 'M' 'M' 'M' 'A' 'M' 'M' 'U' 'M' 'M' 'M' 'M' 'M' 'M' 'M' 'M'
 'M' 'M' 'M' 'M' 'M' 'U' 'M' 'M' 'U' 'M' 'A' 'M' 'M' 'M' 'A' 'U' 'M' 'M'
 'U' 'A' 'M' 'M' 'M' 'M' 'M' 'M' 'M' 'M' 'M' 'M' 'U' 'U' 'M' 'U' 'M' 'M'
 'M' 'U' 'M' 'A' 'M' 'M' 'U' 'M' 'U' 'M' 'M' 'M' 'M' 'U' 'M' 'M' 'M' 'M'
 'M' 'M' 'M' 'M' 'U' 'M' 'U' 'M' 'M' 'M' 'M' 'M' 'M' 'U' 'M' 'M' 'M' 'M'
 'M' 'U' 'M' 'M' 'M' 'U' 'M' 'M' 'M' 'M' 'M' 'M' 'U' 'M' 'M' 'M' 'M' 'M'
 'M' 'M' 'M' 'M' 'M' 'M' 'M' 'U' 'M' 'U' 'M' 'M' 'U' 'U' 'M' 'M' 'M' 'M'
 'M' 'M' 'M' 'M' 'M' 'U' 'U' 'M' 'U' 'U' 'U' 'U' 'M' 'U' 'M' 'M' 'M' 'M'
 'M' 'U' 'M' 'M' 'M' 'M' 'M' 'M' 'M' 'M' 'U' 'M' 'M' 'M' 'M' 'M' 'M' 'U'
 'M' 'U' 'M' 'M' 'M' 'U' 'M' 'M' 'M' 'M' 'M' 'M' 'M' 'M' 'M' 'U' 'M' 'M'
 'M' 'M' 'M' 'M' 'M' 'M' 'M' 'M' 'M' 'U' 'U' 'M' 'M' 'M' 'M' 'M' 'U' 'M']"
270201,0,158,5,153,40,0,0,"['A' 'U' 'M' 'M' 'M' 'M' 'A' 'M' 'M' 'M' 'M' 'M' 'M' 'M' 'M' 'M' 'M' 'M'
 'M' 'M' 'M' 'M' 'M' 'U' 'M' 'M' 'U' 'M' 'U' 'M' 'M' 'M' 'U' 'U' 'M' 'M'
 'U' 'A' 'M' 'M' 'M' 'M' 'M' 'M' 'M' 'U' 'M' 'M' 'U' 'U' 'M' 'M' 'M' 'M'
 'M' 'U' 'M' 'A' 'M' 'M' 'U' 'M' 'U' 'M' 'M' 'M' 'M' 'M' 'M' 'M' 'U' 'U'
 'M' 'M' 'M' 'U' 'M' 'M' 'M' 'M' 'M' 'M' 'U' 'M' 'M' 'M' 'M' 'M' 'M' 'M'
 'M' 'M' 'M' 'M' 'U' 'U' 'M' 'U' 'M' 'M' 'M' 'M' 'A' 'M' 'M' 'M' 'M' 'M'
 'U' 'M' 'M' 'M' 'U' 'M' 'M' 'U' 'M' 'U' 'M' 'M' 'U' 'U' 'M' 'M' 'M' 'M'
 'U' 'M' 'M' 'M' 'M' 'U' 'M' 'M' 'U' 'M' 'U' 'U' 'M' 'U' 'M' 'M' 'U' 'M'
 'M' 'U' 'M' 'M' 'M' 'M' 'M' 'M' 'M' 'M' 'U' 'M' 'M' 'M' 'M' 'M' 'M' 'U'
 'M' 'U' 'M' 'M' 'M' 'M' 'M' 'M' 'M' 'M' 'M' 'M' 'M' 'M' 'M' 'U' 'M' 'M'
 'M' 'M' 'M' 'M' 'M' 'M' 'M' 'M' 'M' 'U' 'M' 'M' 'M' 'M' 'U' 'M' 'M' 'M']"
270301,0,157,7,150,41,0,0,"['A' 'A' 'M' 'M' 'M' 'M' 'A' 'M' 'M' 'M' 'M' 'M' 'M' 'M' 'M' 'M' 'M' 'M'
 'M' 'M' 'M' 'M' 'M' 'U' 'M' 'M' 'U' 'M' 'M' 'M' 'M' 'M' 'U' 'U' 'U' 'M'
 'U' 'A' 'M' 'M' 'M' 'M' 'M' 'M' 'M' 'U' 'M' 'M' 'U' 'M' 'M' 'M' 'M' 'M'
 'M' 'U' 'M' 'A' 'M' 'M' 'U' 'M' 'U' 'M' 'U' 'M' 'U' 'U' 'M' 'M' 'M' 'M'
 'M' 'M' 'U' 'M' 'M' 'M' 'M' 'U' 'M' 'M' 'M' 'M' 'M' 'M' 'U' 'M' 'M' 'M'
 'M' 'M' 'M' 'M' 'M' 'U' 'M' 'U' 'M' 'M' 'M' 'U' 'A' 'M' 'M' 'M' 'M' 'U'
 'U' 'M' 'M' 'M' 'U' 'M' 'M' 'U' 'M' 'M' 'M' 'M' 'U' 'U' 'M' 'M' 'M' 'M'
 'A' 'M' 'M' 'M' 'U' 'U' 'U' 'M' 'U' 'M' 'M' 'U' 'M' 'U' 'M' 'M' 'U' 'U'
 'M' 'U' 'M' 'M' 'M' 'M' 'M' 'M' 'M' 'M' 'M' 'M' 'M' 'M' 'M' 'M' 'M' 'U'
 'M' 'M' 'M' 'M' 'U' 'M' 'M' 'M' 'M' 'M' 'M' 'M' 'M' 'M' 'M' 'U' 'M' 'M'
 'M' 'M' 'M' 'M' 'M' 'M' 'M' 'M' 'M' 'U' 'M' 'U' 'M' 'M' 'U' 'M' 'M' 'M']"
270401,0,158,6,152,40,0,0,"['A' 'A' 'M' 'M' 'M' 'M' 'A' 'M' 'M' 'M' 'M' 'M' 'M' 'M' 'M' 'M' 'M' 'M'
 'M' 'M' 'M' 'U' 'M' 'U' 'M' 'M' 'U' 'M' 'M' 'M' 'M' 'M' 'U' 'U' 'U' 'U'
 'M' 'A' 'M' 'M' 'U' 'M' 'M' 'M' 'M' 'U' 'M' 'M' 'U' 'M' 'M' 'M' 'M' 'M'
 'M' 'U' 'M' 'U' 'M' 'M' 'U' 'M' 'M' 'M' 'M' 'M' 'M' 'M' 'M' 'U' 'M' 'U'
 'M' 'M' 'M' 'M' 'U' 'M' 'M' 'M' 'M' 'U' 'U' 'M' 'M' 'M' 'M' 'M' 'M' 'M'
 'M' 'M' 'M' 'M' 'M' 'U' 'M' 'U' 'M' 'M' 'M' 'U' 'A' 'U' 'M' 'U' 'M' 'U'
 'U' 'M' 'M' 'M' 'U' 'M' 'M' 'U' 'M' 'M' 'M' 'M' 'U' 'U' 'M' 'M' 'M' 'M'
 'A' 'M' 'M' 'M' 'U' 'U' 'M' 'M' 'M' 'M' 'M' 'M' 'M' 'U' 'M' 'M' 'U' 'U'
 'M' 'U' 'M' 'M' 'M' 'M' 'M' 'M' 'M' 'M' 'M' 'M' 'M' 'M' 'M' 'M' 'M' 'U'
 'M' 'M' 'M' 'M' 'M' 'M' 'M' 'M' 'M' 'M' 'M' 'M' 'M' 'M' 'M' 'U' 'M' 'M'
 'M' 'M' 'U' 'M' 'M' 'M' 'M' 'M' 'M' 'U' 'M' 'U' 'M' 'M' 'M' 'M' 'M' 'M']"
270501,0,165,5,160,33,1,0,"['A' 'U' 'M' 'M' 'M' 'M' 'A' 'M' 'M' 'M' 'M' 'M' 'M' 'M' 'M' 'M' 'M' 'M'
 'M' 'M' 'M' 'M' 'M' 'U' 'M' 'M' 'U' 'M' 'M' 'M' 'M' 'M' 'U' 'M' 'U' 'U'
 'M' 'A' 'M' 'M' 'U' 'M' 'M' 'U' 'M' 'U' 'M' 'M' 'M' 'U' 'M' 'M' 'M' 'M'
 'M' 'M' 'M' 'M' 'M' 'M' 'U' 'U' 'M' 'M' 'M' 'M' 'M' 'M' 'M' 'M' 'U' 'M'
 'M' 'U' 'M' 'M' 'M' 'U' 'M' 'M' 'M' 'M' 'M' 'M' 'M' 'M' 'M' 'M' 'M' 'U'
 'M' 'M' 'M' 'U' 'M' 'U' 'M' 'U' 'M' 'M' 'M' 'M' 'A' 'U' 'M' 'M' 'M' 'M'
 'M' 'M' 'M' 'M' 'M' 'M' 'M' 'M' 'U' 'M' 'U' 'M' 'U' 'U' 'U' 'M' 'M' 'M'
 'A' 'M' 'M' 'M' 'U' 'M' 'M' 'M' 'M' 'M' 'M' 'M' 'M' 'U' 'M' 'M' 'U' 'U'
 'M' 'M' 'M' 'M' 'M' 'M' 'M' 'M' 'M' 'M' 'M' 'M' 'M' 'U' 'M' 'M' 'M' 'M'
 'M' 'M' 'M' 'M' 'M' 'U' 'M' 'M' 'M' 'M' 'M' 'M' 'M' 'M' 'M' 'M' 'M' 'M'
 'M' 'M' 'M' 'M' 'M' 'M' 'M' 'M' 'M' 'M' 'M' 'U' 'U' 'M' 'M' 'M' 'M' 'M']"
270601,0,168,4,164,30,0,0,"['A' 'M' 'M' 'M' 'M' 'U' 'A' 'M' 'M' 'M' 'M' 'M' 'M' 'M' 'M' 'M' 'M' 'M'
 'M' 'M' 'M' 'M' 'M' 'U' 'M' 'M' 'U' 'M' 'M' 'M' 'M' 'M' 'U' 'M' 'U' 'M'
 'M' 'U' 'M' 'M' 'U' 'M' 'M' 'M' 'M' 'U' 'M' 'M' 'M' 'U' 'M' 'M' 'M' 'M'
 'M' 'M' 'M' 'M' 'M' 'M' 'M' 'U' 'M' 'M' 'M' 'M' 'M' 'M' 'M' 'M' 'M' 'M'
 'M' 'M' 'M' 'M' 'M' 'M' 'M' 'M' 'M' 'M' 'M' 'U' 'M' 'M' 'U' 'M' 'U' 'M'
 'U' 'M' 'M' 'M' 'U' 'U' 'M' 'U' 'M' 'M' 'M' 'M' 'U' 'U' 'M' 'M' 'M' 'M'
 'M' 'M' 'M' 'M' 'M' 'M' 'M' 'M' 'U' 'M' 'U' 'M' 'U' 'M' 'U' 'M' 'M' 'M'
 'A' 'M' 'M' 'U' 'U' 'M' 'A' 'M' 'M' 'M' 'M' 'M' 'M' 'U' 'M' 'M' 'M' 'M'
 'M' 'M' 'M' 'M' 'M' 'M' 'M' 'M' 'M' 'M' 'M' 'M' 'M' 'U' 'M' 'M' 'M' 'M'
 'M' 'M' 'M' 'M' 'M' 'U' 'M' 'M' 'M' 'M' 'M' 'M' 'M' 'M' 'M' 'M' 'M' 'M'
 'M' 'M' 'M' 'M' 'M' 'M' 'M' 'M' 'M' 'M' 'M' 'U' 'U' 'M' 'M' 'M' 'M' 'M']"
270701,0,164,2,162,34,0,0,"['A' 'M' 'M' 'M' 'M' 'U' 'A' 'M' 'M' 'M' 'M' 'M' 'M' 'M' 'M' 'M' 'M' 'M'
 'M' 'M' 'M' 'M' 'M' 'U' 'M' 'M' 'U' 'M' 'M' 'M' 'M' 'M' 'M' 'M' 'U' 'M'
 'M' 'U' 'M' 'M' 'U' 'U' 'M' 'M' 'M' 'U' 'M' 'M' 'M' 'U' 'M' 'M' 'M' 'M'
 'M' 'M' 'M' 'M' 'M' 'M' 'M' 'U' 'M' 'U' 'M' 'M' 'M' 'M' 'M' 'M' 'M' 'U'
 'M' 'M' 'M' 'M' 'M' 'U' 'M' 'M' 'M' 'M' 'M' 'M' 'U' 'U' 'M' 'M' 'M' 'M'
 'M' 'M' 'M' 'U' 'M' 'M' 'M' 'U' 'M' 'M' 'M' 'M' 'M' 'U' 'M' 'M' 'U' 'M'
 'M' 'M' 'M' 'M' 'M' 'M' 'M' 'M' 'U' 'M' 'U' 'M' 'U' 'M' 'U' 'M' 'M' 'M'
 'U' 'U' 'M' 'U' 'M' 'M' 'U' 'M' 'M' 'M' 'M' 'M' 'M' 'M' 'M' 'M' 'U' 'M'
 'M' 'M' 'M' 'M' 'M' 'M' 'M' 'M' 'M' 'M' 'M' 'M' 'M' 'U' 'M' 'M' 'M' 'M'
 'M' 'M' 'M' 'M' 'U' 'U' 'M' 'M' 'M' 'M' 'M' 'M' 'M' 'M' 'U' 'M' 'M' 'M'
 'M' 'M' 'M' 'M' 'M' 'M' 'M' 'M' 'M' 'M' 'M' 'U' 'U' 'M' 'M' 'M' 'M' 'M']"
270801,0,164,2,162,34,0,0,"['A' 'M' 'M' 'M' 'M' 'U' 'A' 'M' 'M' 'M' 'M' 'M' 'M' 'M' 'U' 'M' 'M' 'M'
 'M' 'M' 'M' 'M' 'M' 'U' 'M' 'M' 'U' 'M' 'M' 'M' 'M' 'M' 'M' 'M' 'U' 'M'
 'M' 'U' 'M' 'M' 'M' 'U' 'M' 'M' 'M' 'U' 'M' 'M' 'M' 'U' 'M' 'M' 'M' 'M'
 'M' 'M' 'U' 'M' 'M' 'U' 'U' 'U' 'M' 'U' 'M' 'M' 'M' 'M' 'U' 'M' 'M' 'M'
 'M' 'M' 'M' 'M' 'M' 'M' 'M' 'M' 'M' 'M' 'U' 'M' 'U' 'M' 'M' 'M' 'M' 'M'
 'U' 'U' 'M' 'M' 'M' 'M' 'M' 'U' 'M' 'M' 'M' 'M' 'M' 'U' 'M' 'M' 'M' 'M'
 'M' 'U' 'M' 'M' 'M' 'M' 'U' 'M' 'M' 'M' 'U' 'M' 'M' 'M' 'U' 'M' 'M' 'M'
 'M' 'M' 'M' 'U' 'M' 'M' 'U' 'M' 'M' 'M' 'M' 'M' 'U' 'M' 'M' 'M' 'U' 'M'
 'M' 'M' 'M' 'M' 'M' 'M' 'M' 'M' 'M' 'M' 'M' 'M' 'M' 'U' 'M' 'M' 'M' 'M'
 'M' 'M' 'M' 'M' 'U' 'U' 'M' 'M' 'M' 'M' 'M' 'M' 'M' 'M' 'U' 'M' 'M' 'M'
 'M' 'M' 'M' 'M' 'M' 'M' 'M' 'M' 'M' 'M' 'M' 'M' 'U' 'M' 'M' 'M' 'M' 'M']"
270901,0,172,2,170,26,0,0,"['A' 'M' 'M' 'M' 'M' 'M' 'A' 'M' 'M' 'M' 'M' 'M' 'M' 'M' 'U' 'M' 'M' 'M'
 'M' 'M' 'M' 'M' 'M' 'U' 'M' 'M' 'M' 'M' 'M' 'M' 'M' 'M' 'M' 'M' 'M' 'M'
 'M' 'U' 'M' 'M' 'M' 'M' 'M' 'M' 'M' 'U' 'M' 'M' 'M' 'U' 'M' 'M' 'M' 'M'
 'M' 'M' 'U' 'M' 'M' 'U' 'U' 'M' 'M' 'U' 'M' 'M' 'M' 'M' 'M' 'M' 'M' 'M'
 'M' 'M' 'M' 'M' 'M' 'U' 'M' 'U' 'M' 'M' 'M' 'M' 'M' 'U' 'M' 'M' 'M' 'U'
 'M' 'M' 'M' 'U' 'M' 'M' 'M' 'U' 'M' 'M' 'M' 'M' 'M' 'U' 'M' 'M' 'M' 'M'
 'M' 'M' 'M' 'M' 'M' 'M' 'U' 'M' 'M' 'M' 'U' 'M' 'M' 'M' 'M' 'M' 'M' 'M'
 'M' 'M' 'M' 'U' 'M' 'M' 'U' 'M' 'M' 'M' 'M' 'M' 'M' 'M' 'U' 'M' 'U' 'M'
 'M' 'M' 'M' 'M' 'M' 'M' 'M' 'M' 'M' 'M' 'M' 'M' 'M' 'M' 'M' 'M' 'M' 'M'
 'M' 'M' 'M' 'M' 'U' 'M' 'M' 'M' 'M' 'M' 'M' 'M' 'M' 'U' 'U' 'M' 'M' 'M'
 'M' 'M' 'M' 'M' 'M' 'M' 'M' 'M' 'M' 'M' 'M' 'M' 'U' 'M' 'M' 'M' 'M' 'M']"
271001,0,171,3,168,27,0,1,"['A' 'M' 'M' 'M' 'M' 'M' 'A' 'M' 'M' 'M' 'M' 'M' 'M' 'M' 'M' 'M' 'M' 'M'
 'U' 'M' 'M' 'M' 'M' 'U' 'M' 'M' 'M' 'M' 'M' 'M' 'M' 'M' 'M' 'M' 'M' 'M'
 'M' 'U' 'M' 'M' 'M' 'M' 'M' 'M' 'M' 'U' 'M' 'M' 'M' 'U' 'M' 'M' 'M' 'M'
 'M' 'M' 'U' 'M' 'M' 'M' 'U' 'M' 'M' 'U' 'M' 'M' 'M' 'U' 'U' 'M' 'M' 'M'
 'U' 'M' 'M' 'M' 'M' 'M' 'M' 'M' 'M' 'M' 'U' 'M' 'M' 'M' 'M' 'M' 'M' 'U'
 'M' 'M' 'M' 'M' 'M' 'M' 'M' 'U' 'M' 'M' 'M' 'M' 'M' 'M' 'M' 'M' 'U' 'M'
 'M' 'M' 'M' 'M' 'M' 'M' 'U' 'M' 'M' 'M' 'U' 'M' 'M' 'M' 'M' 'M' 'M' 'M'
 'M' 'M' 'M' 'U' 'M' 'M' 'U' 'M' 'M' 'M' 'M' 'M' 'U' 'M' 'U' 'M' 'M' 'M'
 'M' 'M' 'M' 'U' 'M' 'M' 'M' 'M' 'U' 'A' 'M' 'M' 'M' 'M' 'M' 'M' 'M' 'M'
 'M' 'M' 'M' 'M' 'U' 'M' 'M' 'M' 'M' 'M' 'M' 'M' 'M' 'U' 'U' 'M' 'M' 'M'
 'M' 'U' 'M' 'M' 'M' 'M' 'M' 'M' 'M' 'M' 'M' 'M' 'M' 'M' 'M' 'M' 'M' 'M']"
271101,0,170,4,166,28,0,0,"['A' 'M' 'M' 'M' 'M' 'M' 'A' 'M' 'M' 'M' 'M' 'M' 'M' 'M' 'M' 'M' 'M' 'M'
 'U' 'M' 'M' 'M' 'M' 'M' 'M' 'M' 'M' 'M' 'M' 'M' 'M' 'U' 'M' 'M' 'M' 'M'
 'M' 'M' 'U' 'M' 'M' 'M' 'M' 'M' 'M' 'U' 'A' 'M' 'M' 'U' 'M' 'M' 'M' 'M'
 'M' 'M' 'U' 'M' 'M' 'M' 'U' 'M' 'M' 'U' 'M' 'M' 'M' 'M' 'M' 'M' 'U' 'M'
 'M' 'M' 'M' 'M' 'M' 'M' 'M' 'U' 'M' 'M' 'M' 'M' 'M' 'U' 'M' 'M' 'U' 'M'
 'M' 'M' 'U' 'M' 'M' 'M' 'M' 'U' 'M' 'M' 'M' 'M' 'M' 'M' 'U' 'M' 'U' 'M'
 'M' 'M' 'M' 'M' 'M' 'M' 'M' 'M' 'M' 'M' 'U' 'M' 'M' 'M' 'M' 'M' 'M' 'M'
 'M' 'U' 'M' 'U' 'M' 'M' 'M' 'M' 'U' 'M' 'M' 'M' 'U' 'M' 'U' 'M' 'M' 'M'
 'M' 'M' 'M' 'U' 'M' 'M' 'M' 'M' 'U' 'U' 'M' 'M' 'M' 'M' 'M' 'M' 'M' 'M'
 'M' 'M' 'M' 'M' 'M' 'M' 'M' 'M' 'M' 'M' 'M' 'M' 'M' 'M' 'U' 'M' 'M' 'M'
 'M' 'U' 'U' 'M' 'M' 'M' 'M' 'M' 'M' 'M' 'M' 'A' 'M' 'M' 'M' 'M' 'M' 'M']"
271201,0,168,4,164,30,0,0,"['A' 'M' 'M' 'M' 'U' 'M' 'A' 'M' 'M' 'M' 'M' 'M' 'M' 'U' 'M' 'M' 'M' 'M'
 'U' 'M' 'M' 'M' 'M' 'M' 'M' 'M' 'M' 'M' 'M' 'M' 'M' 'U' 'M' 'M' 'M' 'M'
 'M' 'M' 'U' 'M' 'M' 'M' 'M' 'M' 'M' 'M' 'A' 'M' 'U' 'U' 'U' 'M' 'M' 'M'
 'M' 'M' 'U' 'U' 'M' 'M' 'U' 'M' 'M' 'M' 'M' 'U' 'M' 'U' 'U' 'M' 'M' 'M'
 'M' 'M' 'M' 'M' 'M' 'M' 'U' 'M' 'M' 'M' 'M' 'M' 'M' 'M' 'M' 'U' 'M' 'M'
 'M' 'M' 'M' 'M' 'M' 'M' 'M' 'U' 'M' 'U' 'M' 'M' 'M' 'M' 'M' 'U' 'U' 'M'
 'M' 'M' 'M' 'U' 'M' 'M' 'M' 'M' 'M' 'M' 'M' 'M' 'M' 'M' 'M' 'M' 'M' 'M'
 'M' 'M' 'M' 'U' 'M' 'M' 'M' 'M' 'M' 'M' 'M' 'M' 'U' 'U' 'M' 'M' 'M' 'M'
 'M' 'M' 'M' 'U' 'M' 'M' 'M' 'M' 'M' 'U' 'U' 'M' 'M' 'M' 'M' 'M' 'M' 'M'
 'M' 'M' 'M' 'M' 'M' 'M' 'M' 'M' 'M' 'M' 'U' 'M' 'M' 'M' 'M' 'M' 'M' 'M'
 'M' 'U' 'U' 'M' 'M' 'M' 'M' 'M' 'M' 'M' 'M' 'A' 'M' 'M' 'M' 'M' 'M' 'M']"
271301,1,164,3,161,34,0,1,"['A' 'M' 'M' 'M' 'M' 'M' 'A' 'M' 'U' 'M' 'M' 'M' 'M' 'U' 'M' 'M' 'M' 'M'
 'M' 'M' 'M' 'M' 'M' 'M' 'M' 'M' 'M' 'M' 'M' 'M' 'M' 'U' 'M' 'M' 'M' 'M'
 'M' 'M' 'U' 'U' 'M' 'M' 'M' 'M' 'M' 'M' 'A' 'M' 'U' 'U' 'M' 'M' 'M' 'M'
 'M' 'M' 'M' 'M' 'U' 'M' 'U' 'M' 'U' 'M' 'M' 'U' 'M' 'M' 'M' 'M' 'M' 'M'
 'M' 'M' 'U' 'M' 'M' 'M' 'M' 'U' 'U' 'M' 'M' 'M' 'M' 'M' 'M' 'M' 'M' 'M'
 'M' 'M' 'U' 'M' 'M' 'M' 'U' 'U' 'M' 'U' 'M' 'M' 'M' 'M' 'M' 'U' 'U' 'M'
 'M' 'U' 'M' 'M' 'M' 'M' 'M' 'M' 'M' 'M' 'U' 'M' 'M' 'M' 'M' 'M' 'M' 'M'
 'M' 'M' 'M' 'U' 'M' 'U' 'U' 'U' 'U' 'M' 'M' 'M' 'U' 'M' 'M' 'M' 'M' 'M'
 'M' 'M' 'M' 'U' 'M' 'M' 'M' 'M' 'M' 'U' 'M' 'M' 'M' 'M' 'U' 'M' 'M' 'M'
 'M' 'M' 'M' 'M' 'M' 'M' 'M' 'M' 'M' 'M' 'U' 'M' 'M' 'M' 'M' 'M' 'M' 'M'
 'M' 'U' 'M' 'M' 'M' 'M' 'M' 'M' 'M' 'M' 'M' 'U' 'M' 'M' 'M' 'M' 'M' 'M']"
271401,0,162,5,157,36,1,0,"['A' 'U' 'M' 'M' 'M' 'M' 'A' 'M' 'U' 'M' 'M' 'U' 'M' 'U' 'M' 'U' 'M' 'M'
 'M' 'M' 'M' 'M' 'M' 'M' 'M' 'M' 'M' 'U' 'M' 'M' 'M' 'U' 'M' 'M' 'M' 'M'
 'M' 'M' 'M' 'U' 'M' 'M' 'M' 'M' 'M' 'M' 'A' 'M' 'M' 'U' 'M' 'M' 'M' 'M'
 'M' 'M' 'M' 'M' 'U' 'M' 'U' 'M' 'U' 'M' 'M' 'M' 'U' 'M' 'M' 'M' 'M' 'M'
 'M' 'U' 'M' 'M' 'M' 'M' 'M' 'U' 'M' 'M' 'M' 'M' 'M' 'M' 'U' 'M' 'M' 'M'
 'M' 'M' 'M' 'U' 'M' 'M' 'U' 'U' 'M' 'U' 'M' 'M' 'M' 'M' 'M' 'A' 'U' 'M'
 'M' 'U' 'M' 'M' 'M' 'M' 'M' 'M' 'M' 'M' 'U' 'M' 'M' 'M' 'M' 'M' 'M' 'M'
 'U' 'M' 'M' 'M' 'M' 'U' 'U' 'U' 'U' 'U' 'M' 'U' 'A' 'M' 'M' 'M' 'M' 'M'
 'M' 'U' 'M' 'U' 'M' 'M' 'M' 'M' 'M' 'M' 'M' 'M' 'M' 'M' 'M' 'M' 'M' 'M'
 'M' 'M' 'M' 'M' 'M' 'M' 'M' 'M' 'M' 'M' 'U' 'M' 'U' 'M' 'M' 'M' 'M' 'M'
 'M' 'U' 'M' 'M' 'M' 'M' 'M' 'M' 'M' 'M' 'M' 'U' 'M' 'M' 'M' 'M' 'M' 'M']"
271501,0,168,3,165,30,0,0,"['A' 'U' 'M' 'U' 'M' 'M' 'U' 'M' 'U' 'M' 'M' 'M' 'M' 'U' 'M' 'M' 'M' 'M'
 'M' 'M' 'M' 'M' 'M' 'U' 'M' 'M' 'M' 'M' 'M' 'M' 'U' 'U' 'M' 'M' 'M' 'M'
 'U' 'M' 'M' 'U' 'M' 'M' 'M' 'M' 'M' 'M' 'A' 'M' 'M' 'U' 'M' 'M' 'M' 'M'
 'M' 'M' 'M' 'M' 'M' 'M' 'U' 'M' 'M' 'M' 'M' 'M' 'M' 'M' 'M' 'M' 'U' 'M'
 'M' 'M' 'M' 'M' 'M' 'M' 'U' 'M' 'U' 'M' 'M' 'M' 'U' 'M' 'M' 'M' 'M' 'M'
 'M' 'U' 'M' 'M' 'M' 'M' 'M' 'M' 'M' 'U' 'M' 'U' 'M' 'M' 'M' 'A' 'M' 'M'
 'M' 'M' 'M' 'M' 'M' 'M' 'M' 'M' 'M' 'M' 'M' 'M' 'M' 'M' 'M' 'M' 'M' 'U'
 'U' 'M' 'M' 'M' 'M' 'U' 'U' 'U' 'U' 'U' 'M' 'M' 'U' 'M' 'M' 'M' 'M' 'M'
 'M' 'U' 'M' 'U' 'M' 'M' 'M' 'M' 'M' 'M' 'M' 'M' 'M' 'M' 'M' 'M' 'M' 'M'
 'M' 'M' 'M' 'M' 'M' 'M' 'M' 'M' 'M' 'M' 'U' 'M' 'M' 'M' 'M' 'M' 'M' 'M'
 'M' 'M' 'M' 'M' 'M' 'M' 'M' 'M' 'M' 'M' 'M' 'M' 'M' 'M' 'M' 'M' 'M' 'M']"
271601,0,173,3,170,25,0,0,"['A' 'U' 'M' 'U' 'M' 'M' 'M' 'M' 'M' 'M' 'M' 'M' 'M' 'M' 'U' 'M' 'M' 'M'
 'M' 'M' 'M' 'M' 'M' 'U' 'M' 'M' 'M' 'M' 'M' 'M' 'U' 'M' 'U' 'M' 'M' 'M'
 'U' 'M' 'M' 'U' 'U' 'M' 'M' 'M' 'M' 'M' 'A' 'M' 'M' 'U' 'M' 'M' 'M' 'M'
 'M' 'M' 'M' 'M' 'M' 'M' 'U' 'M' 'M' 'M' 'M' 'M' 'M' 'M' 'M' 'U' 'M' 'M'
 'M' 'M' 'M' 'M' 'M' 'U' 'M' 'M' 'U' 'M' 'U' 'M' 'U' 'M' 'M' 'M' 'M' 'M'
 'M' 'M' 'M' 'M' 'M' 'M' 'U' 'M' 'M' 'M' 'M' 'U' 'M' 'M' 'M' 'A' 'M' 'M'
 'M' 'M' 'M' 'M' 'M' 'M' 'M' 'M' 'M' 'M' 'M' 'M' 'M' 'M' 'M' 'M' 'M' 'M'
 'M' 'M' 'M' 'M' 'M' 'M' 'U' 'U' 'M' 'U' 'M' 'M' 'U' 'M' 'M' 'M' 'M' 'M'
 'M' 'M' 'M' 'U' 'M' 'M' 'U' 'M' 'U' 'M' 'M' 'M' 'M' 'M' 'M' 'M' 'M' 'M'
 'M' 'M' 'M' 'M' 'M' 'M' 'M' 'M' 'M' 'M' 'M' 'M' 'M' 'M' 'M' 'M' 'M' 'M'
 'M' 'M' 'M' 'M' 'M' 'M' 'M' 'M' 'M' 'M' 'M' 'M' 'M' 'M' 'M' 'M' 'M' 'M']"
271701,0,171,3,168,27,0,0,"['A' 'U' 'M' 'U' 'M' 'M' 'M' 'M' 'M' 'M' 'M' 'M' 'M' 'M' 'A' 'M' 'M' 'M'
 'M' 'M' 'M' 'M' 'M' 'U' 'M' 'M' 'M' 'M' 'M' 'M' 'M' 'M' 'M' 'M' 'M' 'M'
 'M' 'M' 'M' 'U' 'M' 'M' 'M' 'M' 'M' 'M' 'U' 'M' 'M' 'U' 'M' 'M' 'M' 'U'
 'M' 'M' 'M' 'M' 'M' 'M' 'U' 'U' 'U' 'M' 'U' 'M' 'M' 'M' 'M' 'M' 'M' 'U'
 'M' 'M' 'M' 'U' 'U' 'M' 'M' 'U' 'M' 'M' 'M' 'M' 'M' 'M' 'M' 'M' 'M' 'M'
 'M' 'U' 'M' 'M' 'M' 'M' 'M' 'M' 'U' 'M' 'M' 'U' 'M' 'M' 'M' 'A' 'M' 'M'
 'M' 'M' 'M' 'M' 'M' 'M' 'M' 'M' 'M' 'M' 'M' 'M' 'M' 'M' 'M' 'M' 'M' 'M'
 'M' 'M' 'M' 'M' 'M' 'M' 'U' 'U' 'U' 'U' 'M' 'M' 'U' 'M' 'M' 'M' 'M' 'M'
 'M' 'M' 'M' 'U' 'M' 'M' 'U' 'M' 'M' 'M' 'M' 'M' 'M' 'M' 'M' 'M' 'M' 'M'
 'M' 'M' 'M' 'M' 'M' 'M' 'M' 'M' 'M' 'M' 'M' 'M' 'M' 'M' 'M' 'M' 'M' 'M'
 'M' 'M' 'M' 'M' 'M' 'M' 'M' 'M' 'M' 'M' 'U' 'M' 'M' 'M' 'M' 'M' 'M' 'U']"
271801,0,168,3,165,30,0,0,"['A' 'U' 'M' 'U' 'M' 'M' 'M' 'M' 'M' 'M' 'M' 'M' 'M' 'M' 'A' 'M' 'M' 'M'
 'M' 'M' 'M' 'M' 'M' 'U' 'M' 'M' 'M' 'M' 'M' 'M' 'M' 'M' 'M' 'M' 'U' 'M'
 'M' 'M' 'M' 'U' 'M' 'M' 'M' 'M' 'M' 'M' 'U' 'M' 'M' 'U' 'M' 'M' 'M' 'M'
 'M' 'U' 'M' 'M' 'M' 'M' 'U' 'M' 'U' 'M' 'U' 'M' 'M' 'M' 'U' 'U' 'M' 'U'
 'M' 'M' 'M' 'M' 'M' 'M' 'M' 'M' 'M' 'M' 'M' 'M' 'M' 'M' 'M' 'U' 'M' 'M'
 'M' 'M' 'U' 'M' 'M' 'M' 'M' 'M' 'U' 'M' 'M' 'U' 'M' 'M' 'M' 'A' 'M' 'M'
 'M' 'M' 'M' 'M' 'M' 'U' 'M' 'M' 'M' 'M' 'M' 'M' 'M' 'M' 'M' 'U' 'M' 'U'
 'M' 'M' 'M' 'M' 'M' 'M' 'U' 'U' 'U' 'U' 'M' 'M' 'U' 'M' 'M' 'M' 'M' 'M'
 'M' 'M' 'M' 'M' 'M' 'M' 'U' 'M' 'M' 'M' 'M' 'M' 'M' 'M' 'M' 'M' 'M' 'M'
 'M' 'M' 'M' 'M' 'M' 'M' 'M' 'M' 'M' 'U' 'M' 'M' 'M' 'M' 'M' 'M' 'M' 'M'
 'M' 'M' 'M' 'M' 'M' 'M' 'M' 'M' 'M' 'M' 'U' 'M' 'M' 'M' 'U' 'M' 'M' 'M']"
271901,0,168,4,164,30,0,0,"['A' 'U' 'M' 'U' 'M' 'U' 'M' 'M' 'M' 'M' 'M' 'M' 'M' 'M' 'A' 'M' 'M' 'M'
 'M' 'M' 'M' 'M' 'M' 'U' 'M' 'M' 'M' 'M' 'M' 'M' 'M' 'M' 'M' 'M' 'U' 'U'
 'M' 'M' 'M' 'U' 'M' 'M' 'M' 'M' 'M' 'M' 'M' 'U' 'M' 'U' 'M' 'M' 'M' 'M'
 'M' 'M' 'U' 'M' 'M' 'M' 'U' 'M' 'U' 'M' 'U' 'U' 'M' 'M' 'M' 'U' 'M' 'M'
 'M' 'M' 'M' 'M' 'M' 'U' 'M' 'M' 'M' 'U' 'M' 'M' 'U' 'M' 'M' 'M' 'M' 'M'
 'M' 'M' 'M' 'M' 'M' 'M' 'M' 'M' 'U' 'M' 'M' 'M' 'M' 'U' 'M' 'M' 'M' 'M'
 'M' 'M' 'M' 'M' 'M' 'U' 'M' 'M' 'M' 'M' 'M' 'M' 'M' 'A' 'M' 'U' 'M' 'U'
 'M' 'M' 'M' 'M' 'M' 'M' 'U' 'M' 'M' 'M' 'M' 'M' 'M' 'M' 'M' 'M' 'M' 'M'
 'M' 'U' 'M' 'M' 'U' 'M' 'A' 'M' 'M' 'M' 'M' 'M' 'M' 'M' 'M' 'M' 'M' 'M'
 'M' 'M' 'M' 'M' 'M' 'M' 'M' 'M' 'M' 'U' 'M' 'M' 'U' 'M' 'M' 'M' 'M' 'M'
 'M' 'M' 'M' 'M' 'M' 'M' 'M' 'M' 'M' 'M' 'U' 'M' 'M' 'U' 'M' 'M' 'M' 'M']"
272001,0,158,3,155,40,0,0,"['A' 'U' 'M' 'U' 'M' 'U' 'M' 'M' 'M' 'M' 'M' 'M' 'M' 'M' 'A' 'M' 'M' 'U'
 'M' 'M' 'M' 'M' 'M' 'U' 'M' 'M' 'M' 'M' 'M' 'M' 'M' 'M' 'M' 'M' 'U' 'U'
 'M' 'M' 'M' 'M' 'M' 'M' 'M' 'M' 'M' 'M' 'M' 'U' 'M' 'U' 'M' 'U' 'M' 'M'
 'M' 'M' 'U' 'M' 'M' 'M' 'U' 'M' 'U' 'M' 'U' 'M' 'M' 'M' 'M' 'M' 'U' 'M'
 'M' 'M' 'U' 'M' 'M' 'M' 'M' 'M' 'U' 'U' 'M' 'M' 'M' 'M' 'M' 'M' 'M' 'M'
 'M' 'U' 'M' 'M' 'M' 'M' 'M' 'M' 'M' 'M' 'M' 'M' 'M' 'M' 'M' 'M' 'M' 'M'
 'M' 'M' 'M' 'M' 'M' 'U' 'M' 'M' 'M' 'U' 'M' 'M' 'M' 'U' 'M' 'U' 'M' 'U'
 'M' 'M' 'M' 'M' 'U' 'M' 'U' 'M' 'U' 'M' 'U' 'M' 'M' 'M' 'M' 'M' 'M' 'M'
 'U' 'U' 'M' 'M' 'M' 'M' 'A' 'M' 'M' 'M' 'M' 'M' 'U' 'M' 'M' 'M' 'M' 'M'
 'M' 'M' 'U' 'U' 'M' 'M' 'M' 'M' 'M' 'U' 'M' 'M' 'U' 'U' 'M' 'U' 'M' 'M'
 'M' 'U' 'M' 'M' 'M' 'M' 'M' 'M' 'M' 'M' 'M' 'M' 'U' 'U' 'M' 'M' 'M' 'M']"
272101,0,160,3,157,38,0,0,"['A' 'U' 'M' 'M' 'M' 'M' 'M' 'M' 'M' 'M' 'M' 'M' 'U' 'M' 'M' 'M' 'M' 'U'
 'M' 'M' 'U' 'M' 'M' 'U' 'M' 'M' 'M' 'M' 'M' 'M' 'M' 'M' 'M' 'M' 'M' 'A'
 'M' 'M' 'M' 'M' 'M' 'M' 'M' 'M' 'M' 'M' 'M' 'U' 'M' 'U' 'M' 'U' 'M' 'M'
 'M' 'M' 'U' 'M' 'M' 'M' 'U' 'M' 'U' 'M' 'U' 'M' 'M' 'M' 'M' 'M' 'U' 'U'
 'M' 'M' 'M' 'M' 'U' 'M' 'M' 'M' 'M' 'M' 'M' 'M' 'M' 'M' 'M' 'M' 'M' 'M'
 'M' 'U' 'U' 'M' 'M' 'M' 'M' 'M' 'M' 'M' 'M' 'M' 'M' 'M' 'M' 'M' 'U' 'M'
 'M' 'M' 'M' 'M' 'M' 'U' 'U' 'M' 'M' 'U' 'M' 'M' 'M' 'U' 'M' 'U' 'M' 'M'
 'U' 'M' 'M' 'M' 'U' 'M' 'U' 'M' 'M' 'M' 'U' 'M' 'M' 'M' 'M' 'M' 'M' 'M'
 'U' 'U' 'M' 'M' 'M' 'M' 'A' 'M' 'U' 'M' 'M' 'M' 'U' 'M' 'M' 'M' 'M' 'M'
 'M' 'M' 'M' 'M' 'M' 'M' 'M' 'M' 'M' 'U' 'M' 'M' 'U' 'U' 'M' 'U' 'M' 'M'
 'M' 'U' 'M' 'M' 'M' 'M' 'M' 'M' 'M' 'M' 'M' 'M' 'U' 'U' 'M' 'M' 'M' 'M']"
272201,0,162,3,159,36,0,0,"['A' 'U' 'M' 'M' 'M' 'M' 'M' 'U' 'M' 'M' 'M' 'M' 'M' 'M' 'M' 'M' 'M' 'U'
 'U' 'M' 'U' 'U' 'M' 'U' 'M' 'U' 'M' 'M' 'M' 'M' 'M' 'M' 'M' 'M' 'M' 'A'
 'M' 'M' 'M' 'M' 'M' 'M' 'M' 'M' 'M' 'M' 'M' 'U' 'M' 'U' 'U' 'U' 'M' 'M'
 'M' 'M' 'M' 'M' 'M' 'M' 'M' 'M' 'U' 'M' 'M' 'U' 'M' 'M' 'M' 'U' 'M' 'M'
 'M' 'M' 'M' 'M' 'M' 'M' 'M' 'M' 'M' 'M' 'M' 'M' 'M' 'M' 'M' 'M' 'U' 'M'
 'M' 'M' 'U' 'M' 'U' 'M' 'M' 'M' 'M' 'U' 'M' 'M' 'M' 'M' 'M' 'M' 'U' 'M'
 'M' 'M' 'M' 'M' 'M' 'U' 'U' 'M' 'M' 'M' 'M' 'M' 'M' 'U' 'M' 'U' 'M' 'M'
 'U' 'M' 'M' 'M' 'U' 'M' 'M' 'M' 'M' 'M' 'M' 'U' 'M' 'M' 'M' 'M' 'M' 'M'
 'M' 'M' 'M' 'M' 'M' 'M' 'A' 'M' 'M' 'M' 'M' 'M' 'U' 'M' 'M' 'M' 'M' 'M'
 'M' 'M' 'M' 'U' 'M' 'U' 'M' 'M' 'M' 'U' 'M' 'M' 'U' 'M' 'M' 'M' 'M' 'M'
 'M' 'M' 'M' 'M' 'M' 'M' 'M' 'M' 'U' 'M' 'M' 'M' 'U' 'U' 'M' 'M' 'M' 'U']"
272301,0,164,4,160,34,0,0,"['A' 'U' 'M' 'M' 'M' 'M' 'M' 'M' 'M' 'U' 'M' 'M' 'M' 'M' 'M' 'M' 'M' 'U'
 'U' 'M' 'U' 'M' 'M' 'U' 'M' 'U' 'M' 'M' 'M' 'M' 'M' 'M' 'M' 'M' 'M' 'A'
 'M' 'M' 'M' 'M' 'M' 'M' 'M' 'M' 'M' 'U' 'M' 'U' 'M' 'A' 'M' 'M' 'M' 'M'
 'M' 'M' 'M' 'M' 'M' 'M' 'M' 'M' 'U' 'M' 'M' 'M' 'M' 'M' 'M' 'U' 'M' 'U'
 'M' 'M' 'M' 'M' 'M' 'M' 'M' 'M' 'M' 'M' 'M' 'U' 'M' 'M' 'M' 'M' 'U' 'U'
 'M' 'M' 'M' 'M' 'M' 'M' 'M' 'M' 'M' 'U' 'M' 'M' 'M' 'M' 'M' 'M' 'U' 'M'
 'U' 'M' 'M' 'M' 'M' 'U' 'U' 'M' 'M' 'M' 'M' 'M' 'M' 'U' 'M' 'M' 'M' 'M'
 'U' 'M' 'M' 'M' 'U' 'M' 'M' 'M' 'M' 'M' 'M' 'U' 'M' 'M' 'U' 'M' 'M' 'M'
 'M' 'M' 'M' 'M' 'M' 'U' 'A' 'M' 'M' 'M' 'M' 'M' 'U' 'M' 'M' 'M' 'M' 'U'
 'M' 'M' 'M' 'M' 'M' 'M' 'M' 'M' 'M' 'M' 'M' 'M' 'U' 'M' 'M' 'M' 'M' 'M'
 'M' 'M' 'M' 'M' 'M' 'M' 'M' 'M' 'U' 'M' 'M' 'M' 'U' 'U' 'M' 'U' 'M' 'U']"
272401,0,159,2,157,39,0,0,"['A' 'U' 'M' 'M' 'M' 'M' 'M' 'M' 'M' 'M' 'M' 'M' 'M' 'M' 'M' 'M' 'M' 'U'
 'U' 'M' 'U' 'M' 'M' 'U' 'M' 'U' 'M' 'M' 'M' 'M' 'M' 'M' 'U' 'M' 'M' 'A'
 'M' 'M' 'M' 'M' 'M' 'M' 'M' 'U' 'M' 'U' 'U' 'U' 'M' 'U' 'M' 'M' 'M' 'M'
 'M' 'M' 'M' 'M' 'M' 'M' 'M' 'M' 'U' 'M' 'M' 'U' 'M' 'M' 'M' 'M' 'U' 'M'
 'M' 'M' 'M' 'M' 'M' 'U' 'M' 'M' 'M' 'M' 'M' 'M' 'M' 'M' 'M' 'M' 'M' 'M'
 'M' 'U' 'M' 'U' 'M' 'M' 'M' 'M' 'M' 'U' 'M' 'M' 'M' 'M' 'M' 'M' 'U' 'M'
 'U' 'U' 'M' 'M' 'M' 'M' 'U' 'M' 'M' 'M' 'M' 'M' 'M' 'M' 'M' 'M' 'M' 'M'
 'U' 'M' 'M' 'M' 'U' 'M' 'M' 'M' 'U' 'M' 'M' 'U' 'M' 'U' 'U' 'M' 'M' 'M'
 'M' 'M' 'M' 'M' 'M' 'M' 'U' 'M' 'M' 'M' 'M' 'U' 'U' 'M' 'M' 'M' 'M' 'M'
 'M' 'M' 'M' 'M' 'M' 'M' 'M' 'M' 'M' 'M' 'M' 'M' 'M' 'U' 'M' 'M' 'M' 'M'
 'M' 'M' 'M' 'M' 'M' 'M' 'U' 'M' 'U' 'M' 'M' 'M' 'U' 'U' 'M' 'U' 'M' 'U']"
272501,0,158,4,154,40,1,0,"['A' 'M' 'M' 'M' 'M' 'M' 'M' 'M' 'M' 'M' 'M' 'M' 'M' 'M' 'M' 'M' 'M' 'U'
 'U' 'M' 'U' 'M' 'M' 'U' 'M' 'U' 'M' 'M' 'M' 'M' 'M' 'M' 'U' 'M' 'M' 'U'
 'M' 'M' 'M' 'M' 'M' 'M' 'M' 'U' 'M' 'U' 'U' 'U' 'M' 'M' 'M' 'M' 'M' 'M'
 'M' 'M' 'M' 'M' 'M' 'M' 'M' 'M' 'A' 'M' 'U' 'M' 'U' 'M' 'M' 'M' 'M' 'U'
 'M' 'U' 'M' 'M' 'M' 'M' 'M' 'M' 'U' 'M' 'M' 'M' 'M' 'M' 'M' 'U' 'M' 'M'
 'M' 'M' 'M' 'M' 'M' 'M' 'M' 'M' 'M' 'U' 'M' 'M' 'M' 'M' 'M' 'M' 'U' 'M'
 'U' 'U' 'M' 'M' 'M' 'U' 'U' 'M' 'M' 'M' 'M' 'M' 'M' 'M' 'M' 'M' 'M' 'M'
 'U' 'M' 'M' 'M' 'U' 'M' 'M' 'M' 'A' 'M' 'M' 'U' 'A' 'U' 'U' 'M' 'M' 'M'
 'M' 'M' 'M' 'M' 'M' 'M' 'M' 'M' 'M' 'U' 'M' 'U' 'U' 'M' 'U' 'M' 'M' 'M'
 'U' 'M' 'M' 'M' 'M' 'M' 'M' 'M' 'M' 'M' 'M' 'U' 'M' 'U' 'M' 'M' 'M' 'M'
 'M' 'M' 'M' 'M' 'M' 'M' 'U' 'M' 'U' 'M' 'M' 'M' 'M' 'U' 'M' 'U' 'M' 'U']"
272601,0,155,6,149,43,0,0,"['A' 'M' 'M' 'M' 'M' 'M' 'U' 'M' 'M' 'M' 'M' 'M' 'M' 'M' 'M' 'M' 'M' 'U'
 'M' 'M' 'U' 'U' 'M' 'U' 'M' 'U' 'M' 'M' 'U' 'M' 'M' 'M' 'M' 'M' 'M' 'U'
 'M' 'M' 'M' 'M' 'M' 'M' 'M' 'U' 'M' 'U' 'U' 'U' 'M' 'M' 'M' 'M' 'M' 'M'
 'M' 'M' 'M' 'M' 'M' 'M' 'M' 'M' 'A' 'M' 'U' 'M' 'M' 'M' 'U' 'M' 'M' 'M'
 'M' 'M' 'M' 'M' 'M' 'M' 'M' 'M' 'U' 'M' 'M' 'M' 'M' 'U' 'U' 'M' 'M' 'U'
 'M' 'M' 'M' 'M' 'M' 'M' 'M' 'M' 'M' 'U' 'M' 'M' 'M' 'M' 'M' 'M' 'M' 'M'
 'M' 'U' 'M' 'M' 'M' 'U' 'M' 'M' 'U' 'M' 'M' 'M' 'U' 'M' 'M' 'M' 'M' 'M'
 'U' 'M' 'M' 'M' 'M' 'M' 'U' 'U' 'A' 'U' 'U' 'U' 'A' 'U' 'U' 'M' 'M' 'M'
 'M' 'M' 'M' 'M' 'M' 'M' 'M' 'M' 'M' 'U' 'M' 'U' 'U' 'M' 'U' 'M' 'M' 'M'
 'U' 'M' 'M' 'M' 'M' 'A' 'M' 'U' 'M' 'M' 'M' 'U' 'M' 'M' 'M' 'M' 'M' 'U'
 'M' 'M' 'M' 'M' 'M' 'M' 'A' 'M' 'U' 'M' 'M' 'M' 'M' 'U' 'M' 'U' 'M' 'U']"
272701,0,159,6,153,39,0,0,"['A' 'M' 'M' 'M' 'M' 'M' 'U' 'M' 'M' 'M' 'M' 'M' 'M' 'M' 'M' 'M' 'M' 'M'
 'M' 'M' 'U' 'M' 'M' 'U' 'M' 'U' 'M' 'M' 'U' 'M' 'M' 'M' 'M' 'M' 'M' 'M'
 'M' 'M' 'M' 'M' 'M' 'M' 'M' 'U' 'M' 'M' 'M' 'M' 'M' 'M' 'M' 'M' 'M' 'M'
 'M' 'M' 'M' 'M' 'M' 'M' 'M' 'M' 'A' 'M' 'M' 'M' 'M' 'M' 'M' 'M' 'M' 'M'
 'M' 'M' 'U' 'M' 'M' 'M' 'M' 'U' 'M' 'M' 'M' 'U' 'M' 'M' 'U' 'M' 'M' 'M'
 'M' 'M' 'U' 'M' 'M' 'M' 'M' 'U' 'M' 'U' 'M' 'M' 'M' 'M' 'M' 'M' 'M' 'M'
 'M' 'U' 'M' 'M' 'M' 'M' 'M' 'M' 'U' 'M' 'M' 'M' 'U' 'M' 'M' 'M' 'M' 'M'
 'U' 'M' 'M' 'M' 'M' 'M' 'U' 'U' 'A' 'U' 'M' 'U' 'A' 'U' 'U' 'M' 'M' 'M'
 'M' 'M' 'M' 'M' 'M' 'M' 'U' 'U' 'M' 'U' 'U' 'U' 'U' 'M' 'U' 'M' 'M' 'M'
 'U' 'M' 'M' 'M' 'M' 'A' 'M' 'U' 'M' 'M' 'M' 'U' 'M' 'M' 'M' 'M' 'M' 'M'
 'M' 'U' 'M' 'M' 'M' 'M' 'A' 'M' 'M' 'M' 'U' 'M' 'M' 'U' 'U' 'U' 'M' 'U']"
272801,0,155,4,151,43,0,0,"['A' 'M' 'M' 'M' 'M' 'M' 'U' 'M' 'M' 'M' 'M' 'M' 'M' 'M' 'M' 'M' 'M' 'M'
 'M' 'M' 'U' 'M' 'M' 'U' 'M' 'M' 'M' 'M' 'U' 'M' 'M' 'M' 'M' 'M' 'M' 'M'
 'M' 'M' 'M' 'M' 'M' 'M' 'M' 'U' 'M' 'M' 'M' 'M' 'M' 'M' 'M' 'M' 'M' 'M'
 'M' 'M' 'M' 'M' 'M' 'M' 'M' 'M' 'A' 'M' 'M' 'M' 'U' 'M' 'M' 'M' 'U' 'M'
 'M' 'M' 'M' 'M' 'M' 'M' 'M' 'M' 'M' 'M' 'M' 'M' 'U' 'M' 'M' 'M' 'M' 'U'
 'M' 'M' 'M' 'U' 'M' 'M' 'M' 'U' 'M' 'U' 'M' 'M' 'M' 'M' 'M' 'M' 'M' 'M'
 'M' 'U' 'M' 'M' 'M' 'U' 'U' 'M' 'U' 'M' 'M' 'M' 'U' 'M' 'M' 'M' 'M' 'M'
 'U' 'M' 'M' 'U' 'M' 'U' 'U' 'U' 'U' 'U' 'M' 'U' 'M' 'U' 'U' 'M' 'M' 'M'
 'M' 'M' 'M' 'M' 'M' 'M' 'U' 'U' 'M' 'M' 'M' 'U' 'U' 'M' 'U' 'M' 'M' 'M'
 'M' 'M' 'M' 'U' 'M' 'U' 'M' 'U' 'M' 'M' 'U' 'U' 'M' 'M' 'M' 'M' 'M' 'M'
 'M' 'U' 'M' 'M' 'M' 'M' 'A' 'M' 'M' 'M' 'U' 'M' 'M' 'U' 'U' 'U' 'U' 'A']"
272901,0,155,4,151,43,0,0,"['A' 'M' 'M' 'M' 'M' 'M' 'U' 'M' 'M' 'M' 'M' 'M' 'M' 'M' 'M' 'M' 'M' 'M'
 'M' 'M' 'U' 'M' 'M' 'M' 'M' 'U' 'M' 'M' 'U' 'M' 'M' 'M' 'M' 'M' 'M' 'U'
 'M' 'M' 'M' 'M' 'M' 'M' 'M' 'U' 'M' 'M' 'M' 'M' 'M' 'M' 'M' 'M' 'M' 'M'
 'M' 'M' 'M' 'M' 'M' 'M' 'M' 'M' 'A' 'M' 'M' 'U' 'M' 'M' 'M' 'M' 'M' 'M'
 'M' 'M' 'U' 'M' 'M' 'M' 'M' 'M' 'M' 'M' 'M' 'M' 'M' 'M' 'M' 'U' 'U' 'M'
 'M' 'M' 'M' 'U' 'M' 'M' 'M' 'U' 'M' 'U' 'M' 'M' 'M' 'M' 'M' 'U' 'M' 'M'
 'M' 'M' 'M' 'U' 'M' 'U' 'U' 'M' 'U' 'M' 'M' 'M' 'U' 'M' 'M' 'M' 'M' 'M'
 'U' 'M' 'M' 'U' 'M' 'U' 'U' 'M' 'U' 'U' 'M' 'U' 'M' 'U' 'U' 'M' 'M' 'M'
 'M' 'M' 'M' 'M' 'M' 'M' 'U' 'U' 'M' 'M' 'M' 'U' 'U' 'M' 'U' 'M' 'M' 'M'
 'M' 'M' 'M' 'U' 'U' 'U' 'M' 'U' 'M' 'M' 'M' 'U' 'M' 'M' 'M' 'M' 'M' 'M'
 'M' 'U' 'M' 'M' 'M' 'M' 'A' 'M' 'M' 'M' 'U' 'M' 'M' 'M' 'U' 'U' 'U' 'A']"
273001,0,161,4,157,37,0,0,"['A' 'M' 'M' 'M' 'M' 'M' 'U' 'M' 'M' 'M' 'M' 'U' 'M' 'M' 'M' 'M' 'M' 'M'
 'M' 'M' 'U' 'M' 'M' 'M' 'M' 'M' 'U' 'U' 'U' 'M' 'M' 'M' 'M' 'M' 'M' 'U'
 'M' 'M' 'M' 'M' 'M' 'M' 'M' 'U' 'M' 'M' 'M' 'M' 'U' 'M' 'M' 'M' 'M' 'M'
 'M' 'M' 'M' 'M' 'M' 'M' 'M' 'M' 'A' 'M' 'M' 'M' 'M' 'U' 'M' 'U' 'M' 'M'
 'M' 'M' 'M' 'M' 'M' 'M' 'M' 'M' 'M' 'M' 'U' 'M' 'M' 'M' 'M' 'M' 'M' 'M'
 'M' 'U' 'M' 'U' 'M' 'M' 'M' 'M' 'M' 'U' 'M' 'M' 'M' 'M' 'M' 'U' 'M' 'M'
 'M' 'M' 'M' 'U' 'M' 'M' 'U' 'M' 'U' 'M' 'M' 'M' 'U' 'M' 'M' 'M' 'M' 'M'
 'U' 'M' 'M' 'M' 'M' 'M' 'U' 'M' 'U' 'U' 'M' 'U' 'M' 'U' 'U' 'M' 'M' 'M'
 'M' 'M' 'M' 'U' 'M' 'M' 'M' 'M' 'M' 'M' 'M' 'U' 'U' 'M' 'M' 'M' 'M' 'M'
 'M' 'M' 'M' 'U' 'U' 'U' 'M' 'U' 'M' 'M' 'M' 'M' 'M' 'M' 'M' 'M' 'M' 'M'
 'M' 'U' 'M' 'M' 'M' 'M' 'A' 'M' 'M' 'M' 'U' 'M' 'M' 'M' 'M' 'U' 'M' 'A']"
273101,0,169,4,165,29,0,1,"['A' 'M' 'M' 'M' 'M' 'M' 'M' 'M' 'M' 'M' 'M' 'U' 'M' 'M' 'M' 'M' 'M' 'M'
 'M' 'M' 'M' 'M' 'M' 'U' 'M' 'M' 'U' 'M' 'M' 'M' 'M' 'M' 'M' 'M' 'M' 'U'
 'M' 'M' 'M' 'M' 'M' 'M' 'M' 'M' 'M' 'M' 'M' 'M' 'U' 'M' 'M' 'M' 'M' 'M'
 'M' 'M' 'M' 'M' 'M' 'M' 'U' 'M' 'A' 'M' 'U' 'M' 'M' 'M' 'U' 'U' 'M' 'M'
 'M' 'M' 'M' 'M' 'M' 'M' 'M' 'M' 'U' 'M' 'M' 'U' 'M' 'M' 'M' 'M' 'M' 'M'
 'M' 'M' 'U' 'M' 'M' 'M' 'M' 'M' 'M' 'M' 'M' 'M' 'M' 'M' 'M' 'M' 'M' 'M'
 'M' 'M' 'M' 'U' 'M' 'M' 'U' 'M' 'U' 'M' 'M' 'M' 'M' 'M' 'M' 'M' 'M' 'M'
 'U' 'M' 'M' 'M' 'U' 'M' 'U' 'U' 'M' 'U' 'U' 'U' 'M' 'U' 'U' 'M' 'M' 'M'
 'M' 'M' 'M' 'U' 'M' 'M' 'M' 'M' 'M' 'M' 'M' 'M' 'M' 'M' 'M' 'M' 'M' 'M'
 'M' 'M' 'M' 'U' 'U' 'U' 'M' 'M' 'M' 'M' 'M' 'M' 'M' 'M' 'M' 'M' 'M' 'M'
 'M' 'U' 'M' 'M' 'M' 'M' 'A' 'M' 'M' 'M' 'M' 'M' 'M' 'M' 'M' 'M' 'M' 'A']"
273201,0,168,4,164,30,0,0,"['A' 'M' 'M' 'M' 'M' 'M' 'M' 'U' 'M' 'M' 'M' 'U' 'U' 'M' 'M' 'M' 'M' 'M'
 'M' 'M' 'M' 'M' 'M' 'U' 'M' 'M' 'M' 'M' 'M' 'M' 'U' 'M' 'M' 'M' 'M' 'U'
 'M' 'U' 'M' 'M' 'M' 'M' 'M' 'M' 'M' 'M' 'M' 'M' 'U' 'M' 'M' 'M' 'M' 'M'
 'M' 'M' 'M' 'U' 'M' 'M' 'M' 'M' 'U' 'M' 'U' 'M' 'U' 'U' 'U' 'U' 'M' 'M'
 'M' 'M' 'M' 'M' 'M' 'M' 'M' 'M' 'M' 'U' 'M' 'M' 'M' 'M' 'M' 'M' 'M' 'M'
 'M' 'M' 'M' 'M' 'M' 'M' 'M' 'M' 'M' 'M' 'M' 'M' 'U' 'M' 'M' 'M' 'M' 'M'
 'M' 'M' 'M' 'M' 'M' 'M' 'U' 'M' 'M' 'M' 'M' 'M' 'M' 'M' 'M' 'M' 'M' 'M'
 'U' 'M' 'M' 'M' 'M' 'M' 'U' 'U' 'M' 'M' 'U' 'A' 'M' 'U' 'M' 'U' 'U' 'U'
 'M' 'M' 'M' 'U' 'U' 'M' 'M' 'M' 'M' 'M' 'M' 'M' 'M' 'M' 'M' 'M' 'M' 'M'
 'M' 'M' 'M' 'U' 'M' 'M' 'M' 'M' 'M' 'M' 'M' 'M' 'M' 'M' 'M' 'M' 'M' 'M'
 'M' 'U' 'M' 'M' 'M' 'M' 'A' 'M' 'M' 'M' 'M' 'M' 'M' 'M' 'M' 'M' 'M' 'A']"
273301,0,165,3,162,33,0,0,"['A' 'M' 'M' 'M' 'M' 'M' 'M' 'U' 'M' 'M' 'M' 'U' 'U' 'M' 'M' 'M' 'M' 'M'
 'M' 'M' 'M' 'M' 'M' 'U' 'M' 'U' 'M' 'M' 'M' 'M' 'M' 'M' 'M' 'M' 'M' 'M'
 'M' 'U' 'M' 'M' 'M' 'M' 'M' 'M' 'U' 'M' 'M' 'M' 'M' 'M' 'M' 'M' 'M' 'M'
 'M' 'M' 'M' 'U' 'M' 'M' 'M' 'M' 'U' 'M' 'U' 'M' 'M' 'M' 'M' 'M' 'M' 'U'
 'M' 'M' 'M' 'M' 'U' 'M' 'M' 'M' 'M' 'M' 'M' 'M' 'M' 'M' 'M' 'U' 'M' 'M'
 'U' 'U' 'M' 'M' 'M' 'M' 'M' 'M' 'M' 'M' 'M' 'M' 'U' 'M' 'M' 'M' 'M' 'M'
 'M' 'M' 'M' 'M' 'M' 'M' 'U' 'M' 'M' 'M' 'M' 'M' 'M' 'M' 'M' 'M' 'M' 'M'
 'U' 'M' 'M' 'M' 'M' 'M' 'U' 'U' 'M' 'U' 'U' 'A' 'M' 'U' 'U' 'M' 'M' 'U'
 'M' 'M' 'M' 'U' 'U' 'M' 'M' 'M' 'M' 'U' 'M' 'M' 'M' 'M' 'M' 'M' 'M' 'M'
 'M' 'M' 'M' 'U' 'M' 'M' 'M' 'M' 'M' 'M' 'M' 'M' 'M' 'M' 'M' 'M' 'M' 'U'
 'M' 'U' 'M' 'M' 'M' 'M' 'A' 'M' 'M' 'M' 'M' 'M' 'M' 'U' 'M' 'M' 'M' 'U']"
273401,0,167,5,162,31,0,0,"['A' 'M' 'M' 'M' 'M' 'M' 'M' 'U' 'M' 'M' 'M' 'U' 'M' 'M' 'M' 'M' 'M' 'M'
 'M' 'M' 'M' 'M' 'M' 'U' 'M' 'A' 'M' 'M' 'M' 'M' 'M' 'M' 'M' 'M' 'M' 'M'
 'M' 'U' 'M' 'M' 'M' 'M' 'M' 'M' 'U' 'M' 'M' 'M' 'M' 'M' 'M' 'M' 'M' 'M'
 'M' 'M' 'M' 'M' 'M' 'M' 'M' 'M' 'U' 'M' 'U' 'U' 'M' 'M' 'M' 'M' 'M' 'M'
 'U' 'M' 'M' 'M' 'M' 'M' 'U' 'M' 'U' 'M' 'M' 'M' 'M' 'M' 'M' 'U' 'M' 'M'
 'M' 'M' 'M' 'M' 'M' 'M' 'M' 'M' 'M' 'M' 'M' 'M' 'U' 'M' 'M' 'M' 'M' 'M'
 'M' 'M' 'M' 'M' 'M' 'M' 'U' 'M' 'M' 'M' 'M' 'M' 'M' 'M' 'M' 'U' 'M' 'M'
 'U' 'M' 'M' 'M' 'M' 'M' 'U' 'U' 'M' 'U' 'U' 'A' 'M' 'U' 'M' 'M' 'U' 'U'
 'M' 'U' 'M' 'A' 'M' 'M' 'M' 'M' 'M' 'U' 'M' 'M' 'M' 'M' 'M' 'M' 'M' 'M'
 'M' 'M' 'U' 'U' 'M' 'M' 'M' 'M' 'M' 'M' 'M' 'M' 'M' 'M' 'M' 'M' 'M' 'U'
 'M' 'U' 'M' 'M' 'M' 'M' 'A' 'M' 'M' 'M' 'M' 'M' 'M' 'U' 'M' 'M' 'M' 'U']"
273501,0,167,3,164,31,0,0,"['A' 'M' 'M' 'M' 'M' 'M' 'M' 'U' 'M' 'M' 'M' 'U' 'M' 'M' 'M' 'M' 'M' 'M'
 'M' 'M' 'M' 'M' 'M' 'M' 'M' 'U' 'M' 'M' 'M' 'M' 'M' 'M' 'M' 'M' 'M' 'M'
 'M' 'U' 'M' 'M' 'M' 'M' 'M' 'M' 'U' 'M' 'M' 'M' 'M' 'M' 'U' 'M' 'M' 'M'
 'M' 'M' 'M' 'M' 'M' 'M' 'M' 'M' 'U' 'M' 'U' 'M' 'M' 'M' 'M' 'M' 'M' 'M'
 'M' 'M' 'M' 'M' 'M' 'U' 'M' 'M' 'U' 'U' 'M' 'M' 'M' 'M' 'M' 'U' 'M' 'M'
 'M' 'M' 'M' 'M' 'U' 'M' 'M' 'M' 'M' 'M' 'M' 'M' 'U' 'M' 'M' 'M' 'M' 'M'
 'M' 'M' 'M' 'M' 'M' 'M' 'M' 'M' 'U' 'M' 'M' 'M' 'M' 'M' 'M' 'U' 'M' 'M'
 'U' 'M' 'M' 'M' 'U' 'M' 'U' 'U' 'M' 'M' 'M' 'A' 'M' 'U' 'M' 'M' 'U' 'U'
 'M' 'U' 'M' 'A' 'M' 'M' 'M' 'M' 'M' 'U' 'M' 'M' 'M' 'M' 'M' 'M' 'M' 'M'
 'M' 'M' 'U' 'M' 'M' 'M' 'M' 'M' 'M' 'M' 'M' 'M' 'M' 'M' 'M' 'M' 'M' 'M'
 'U' 'U' 'M' 'M' 'M' 'M' 'U' 'M' 'M' 'M' 'M' 'M' 'M' 'U' 'M' 'M' 'M' 'U']"
273601,0,167,5,162,31,1,0,"['A' 'M' 'M' 'U' 'M' 'M' 'M' 'M' 'M' 'M' 'M' 'U' 'M' 'M' 'M' 'M' 'M' 'U'
 'M' 'M' 'M' 'M' 'M' 'M' 'M' 'U' 'M' 'M' 'M' 'M' 'M' 'M' 'M' 'M' 'M' 'U'
 'M' 'U' 'M' 'M' 'M' 'M' 'M' 'M' 'U' 'M' 'M' 'M' 'M' 'M' 'M' 'M' 'M' 'M'
 'M' 'M' 'M' 'M' 'M' 'M' 'M' 'M' 'U' 'M' 'U' 'M' 'U' 'M' 'M' 'M' 'U' 'M'
 'U' 'U' 'M' 'M' 'M' 'M' 'M' 'M' 'M' 'M' 'M' 'M' 'M' 'M' 'M' 'U' 'M' 'M'
 'M' 'M' 'M' 'M' 'M' 'M' 'M' 'M' 'M' 'M' 'M' 'U' 'U' 'M' 'M' 'M' 'M' 'M'
 'M' 'M' 'M' 'M' 'M' 'M' 'M' 'M' 'U' 'M' 'M' 'M' 'M' 'M' 'M' 'U' 'M' 'M'
 'U' 'M' 'M' 'M' 'U' 'M' 'A' 'U' 'M' 'M' 'M' 'A' 'M' 'U' 'M' 'M' 'U' 'U'
 'M' 'U' 'U' 'A' 'M' 'M' 'M' 'M' 'M' 'U' 'M' 'M' 'M' 'M' 'M' 'M' 'M' 'M'
 'M' 'M' 'U' 'M' 'M' 'M' 'M' 'M' 'M' 'M' 'M' 'M' 'M' 'M' 'M' 'M' 'M' 'U'
 'M' 'U' 'M' 'M' 'M' 'M' 'A' 'M' 'M' 'M' 'M' 'M' 'M' 'M' 'M' 'M' 'M' 'U']"
273701,1,156,4,152,42,0,0,"['A' 'M' 'U' 'U' 'M' 'M' 'M' 'M' 'M' 'M' 'M' 'U' 'U' 'M' 'M' 'M' 'M' 'U'
 'M' 'M' 'M' 'U' 'M' 'U' 'M' 'U' 'M' 'M' 'U' 'M' 'M' 'M' 'M' 'M' 'M' 'U'
 'M' 'U' 'M' 'M' 'M' 'M' 'M' 'M' 'U' 'M' 'U' 'M' 'M' 'U' 'M' 'M' 'M' 'M'
 'M' 'M' 'M' 'U' 'M' 'M' 'M' 'M' 'U' 'M' 'U' 'M' 'M' 'M' 'M' 'U' 'M' 'M'
 'M' 'U' 'M' 'M' 'M' 'M' 'M' 'M' 'M' 'M' 'U' 'M' 'U' 'M' 'M' 'M' 'M' 'M'
 'M' 'M' 'M' 'M' 'U' 'M' 'M' 'M' 'M' 'M' 'U' 'U' 'M' 'M' 'M' 'M' 'M' 'M'
 'M' 'M' 'M' 'M' 'M' 'M' 'M' 'M' 'U' 'M' 'M' 'M' 'M' 'M' 'M' 'U' 'M' 'M'
 'U' 'M' 'M' 'M' 'U' 'M' 'A' 'U' 'U' 'U' 'M' 'A' 'U' 'U' 'M' 'M' 'U' 'U'
 'M' 'M' 'U' 'A' 'M' 'M' 'M' 'M' 'M' 'U' 'M' 'M' 'M' 'M' 'M' 'M' 'M' 'M'
 'M' 'M' 'M' 'M' 'M' 'U' 'M' 'M' 'M' 'M' 'M' 'M' 'M' 'M' 'M' 'M' 'M' 'M'
 'M' 'U' 'M' 'M' 'M' 'M' 'U' 'M' 'M' 'M' 'M' 'M' 'M' 'M' 'U' 'M' 'M' 'U']"
273801,0,151,5,146,47,0,0,"['A' 'M' 'U' 'U' 'M' 'M' 'M' 'M' 'M' 'M' 'M' 'U' 'U' 'M' 'M' 'M' 'M' 'A'
 'M' 'M' 'M' 'U' 'M' 'U' 'M' 'U' 'M' 'U' 'U' 'M' 'M' 'M' 'M' 'M' 'M' 'U'
 'M' 'M' 'M' 'M' 'U' 'U' 'M' 'M' 'M' 'M' 'M' 'M' 'M' 'U' 'M' 'M' 'M' 'M'
 'M' 'U' 'M' 'U' 'M' 'M' 'M' 'M' 'U' 'M' 'U' 'M' 'M' 'M' 'M' 'M' 'M' 'M'
 'M' 'M' 'U' 'M' 'M' 'M' 'M' 'M' 'M' 'M' 'U' 'M' 'M' 'U' 'U' 'M' 'M' 'U'
 'M' 'M' 'M' 'M' 'M' 'M' 'M' 'M' 'U' 'M' 'M' 'U' 'M' 'U' 'M' 'M' 'M' 'U'
 'M' 'M' 'M' 'M' 'M' 'M' 'M' 'M' 'U' 'M' 'M' 'M' 'U' 'M' 'U' 'U' 'M' 'M'
 'U' 'U' 'M' 'M' 'M' 'U' 'A' 'U' 'M' 'U' 'U' 'A' 'U' 'U' 'M' 'M' 'U' 'U'
 'M' 'M' 'U' 'A' 'M' 'M' 'M' 'M' 'M' 'U' 'M' 'M' 'M' 'M' 'M' 'M' 'M' 'M'
 'M' 'U' 'M' 'M' 'M' 'M' 'M' 'M' 'M' 'M' 'M' 'M' 'M' 'M' 'M' 'M' 'U' 'M'
 'M' 'U' 'M' 'M' 'M' 'M' 'U' 'M' 'M' 'M' 'M' 'M' 'M' 'M' 'U' 'M' 'M' 'M']"
273901,0,154,6,148,44,0,0,"['A' 'M' 'U' 'U' 'M' 'U' 'M' 'M' 'M' 'M' 'M' 'U' 'U' 'M' 'M' 'M' 'M' 'A'
 'M' 'M' 'M' 'U' 'M' 'U' 'M' 'U' 'M' 'U' 'M' 'M' 'M' 'M' 'M' 'M' 'M' 'U'
 'M' 'M' 'M' 'U' 'U' 'U' 'M' 'M' 'M' 'M' 'M' 'M' 'M' 'U' 'M' 'M' 'M' 'M'
 'M' 'U' 'M' 'A' 'M' 'M' 'M' 'M' 'U' 'M' 'U' 'M' 'M' 'M' 'U' 'M' 'M' 'M'
 'U' 'M' 'M' 'M' 'M' 'M' 'M' 'M' 'U' 'M' 'M' 'M' 'M' 'U' 'M' 'M' 'M' 'M'
 'M' 'M' 'U' 'M' 'M' 'M' 'M' 'M' 'U' 'M' 'M' 'U' 'M' 'U' 'M' 'M' 'M' 'U'
 'M' 'M' 'M' 'M' 'M' 'M' 'M' 'M' 'U' 'M' 'M' 'M' 'U' 'M' 'M' 'U' 'M' 'M'
 'U' 'U' 'M' 'M' 'M' 'U' 'A' 'M' 'U' 'M' 'U' 'A' 'U' 'U' 'M' 'M' 'U' 'U'
 'M' 'M' 'U' 'A' 'M' 'M' 'M' 'M' 'M' 'U' 'M' 'M' 'M' 'M' 'M' 'M' 'M' 'M'
 'M' 'U' 'M' 'M' 'M' 'M' 'M' 'M' 'M' 'M' 'M' 'M' 'M' 'M' 'M' 'M' 'M' 'M'
 'M' 'U' 'M' 'M' 'M' 'M' 'U' 'M' 'M' 'M' 'M' 'M' 'M' 'M' 'U' 'M' 'M' 'M']"
274001,0,151,6,145,47,0,0,"['A' 'M' 'U' 'U' 'M' 'U' 'M' 'M' 'M' 'M' 'U' 'M' 'M' 'M' 'M' 'M' 'M' 'U'
 'M' 'M' 'M' 'U' 'U' 'U' 'A' 'U' 'M' 'U' 'M' 'M' 'M' 'M' 'M' 'M' 'M' 'U'
 'M' 'M' 'M' 'U' 'U' 'U' 'M' 'M' 'M' 'M' 'M' 'M' 'M' 'M' 'M' 'M' 'M' 'M'
 'M' 'M' 'M' 'A' 'M' 'M' 'M' 'M' 'U' 'M' 'U' 'M' 'U' 'M' 'M' 'M' 'M' 'M'
 'M' 'M' 'M' 'M' 'U' 'M' 'M' 'U' 'M' 'M' 'M' 'M' 'M' 'M' 'M' 'M' 'M' 'M'
 'M' 'M' 'U' 'M' 'U' 'M' 'M' 'M' 'U' 'M' 'M' 'U' 'U' 'U' 'M' 'M' 'M' 'U'
 'M' 'M' 'M' 'M' 'M' 'M' 'M' 'M' 'U' 'M' 'M' 'M' 'U' 'M' 'M' 'U' 'U' 'M'
 'U' 'U' 'M' 'M' 'M' 'U' 'A' 'M' 'U' 'M' 'U' 'A' 'U' 'U' 'M' 'M' 'U' 'M'
 'M' 'M' 'U' 'A' 'M' 'M' 'M' 'M' 'M' 'U' 'M' 'M' 'M' 'M' 'M' 'M' 'M' 'M'
 'M' 'U' 'M' 'M' 'M' 'M' 'U' 'M' 'M' 'M' 'M' 'M' 'M' 'M' 'U' 'M' 'M' 'M'
 'M' 'U' 'M' 'M' 'M' 'M' 'U' 'M' 'M' 'M' 'M' 'M' 'M' 'M' 'U' 'M' 'M' 'U']"
274101,1,153,4,149,45,0,0,"['A' 'M' 'U' 'U' 'M' 'U' 'M' 'M' 'M' 'M' 'M' 'M' 'M' 'M' 'M' 'M' 'M' 'M'
 'M' 'M' 'M' 'U' 'U' 'U' 'A' 'U' 'U' 'M' 'M' 'M' 'U' 'M' 'M' 'M' 'M' 'U'
 'M' 'M' 'M' 'U' 'M' 'U' 'M' 'M' 'M' 'M' 'M' 'M' 'M' 'M' 'M' 'M' 'M' 'M'
 'M' 'M' 'U' 'U' 'M' 'M' 'M' 'M' 'U' 'M' 'U' 'M' 'M' 'M' 'M' 'M' 'M' 'U'
 'M' 'M' 'U' 'M' 'M' 'M' 'M' 'M' 'U' 'U' 'M' 'M' 'M' 'M' 'M' 'M' 'M' 'M'
 'U' 'M' 'M' 'M' 'M' 'M' 'M' 'M' 'U' 'M' 'M' 'M' 'U' 'M' 'M' 'U' 'M' 'U'
 'M' 'M' 'M' 'M' 'M' 'M' 'M' 'M' 'U' 'M' 'M' 'M' 'U' 'M' 'M' 'U' 'U' 'M'
 'M' 'U' 'M' 'M' 'M' 'U' 'A' 'U' 'U' 'U' 'U' 'U' 'U' 'U' 'M' 'M' 'M' 'M'
 'M' 'M' 'U' 'A' 'M' 'M' 'M' 'M' 'M' 'U' 'M' 'M' 'M' 'M' 'M' 'M' 'M' 'M'
 'M' 'U' 'M' 'M' 'M' 'M' 'U' 'M' 'M' 'M' 'M' 'M' 'M' 'M' 'M' 'M' 'M' 'M'
 'M' 'U' 'M' 'M' 'M' 'M' 'U' 'M' 'M' 'M' 'M' 'M' 'M' 'M' 'M' 'M' 'M' 'U']"
274201,0,159,5,154,39,0,0,"['A' 'M' 'U' 'U' 'M' 'M' 'M' 'U' 'M' 'M' 'M' 'M' 'M' 'M' 'M' 'M' 'M' 'M'
 'M' 'M' 'M' 'U' 'M' 'U' 'A' 'U' 'U' 'M' 'M' 'M' 'M' 'M' 'M' 'M' 'M' 'U'
 'M' 'M' 'M' 'U' 'M' 'U' 'M' 'M' 'M' 'M' 'M' 'M' 'M' 'M' 'M' 'U' 'M' 'M'
 'U' 'M' 'U' 'M' 'M' 'M' 'M' 'M' 'A' 'M' 'U' 'U' 'M' 'M' 'M' 'M' 'U' 'M'
 'M' 'M' 'M' 'M' 'U' 'M' 'M' 'M' 'M' 'M' 'M' 'M' 'M' 'M' 'M' 'M' 'M' 'M'
 'U' 'M' 'M' 'M' 'U' 'M' 'M' 'M' 'U' 'M' 'U' 'M' 'U' 'M' 'M' 'U' 'M' 'A'
 'M' 'M' 'M' 'M' 'M' 'M' 'M' 'M' 'M' 'M' 'M' 'U' 'U' 'M' 'M' 'U' 'U' 'M'
 'M' 'U' 'M' 'M' 'M' 'U' 'M' 'M' 'M' 'U' 'M' 'U' 'U' 'U' 'M' 'M' 'M' 'M'
 'M' 'U' 'M' 'M' 'M' 'M' 'M' 'M' 'M' 'U' 'M' 'M' 'M' 'M' 'M' 'M' 'M' 'M'
 'M' 'U' 'M' 'M' 'M' 'M' 'A' 'M' 'M' 'M' 'M' 'M' 'M' 'M' 'M' 'M' 'M' 'M'
 'M' 'U' 'M' 'M' 'M' 'M' 'U' 'M' 'M' 'M' 'M' 'M' 'M' 'M' 'M' 'M' 'M' 'U']"
274301,0,160,5,155,38,0,0,"['A' 'M' 'M' 'U' 'M' 'M' 'M' 'M' 'M' 'M' 'M' 'M' 'M' 'M' 'M' 'U' 'M' 'M'
 'M' 'M' 'M' 'U' 'M' 'U' 'A' 'M' 'U' 'M' 'M' 'M' 'M' 'M' 'M' 'M' 'M' 'M'
 'M' 'M' 'M' 'M' 'U' 'M' 'M' 'M' 'M' 'M' 'M' 'M' 'M' 'M' 'M' 'M' 'M' 'M'
 'U' 'M' 'U' 'M' 'M' 'M' 'U' 'M' 'A' 'M' 'U' 'M' 'M' 'M' 'U' 'M' 'M' 'M'
 'U' 'U' 'M' 'M' 'M' 'M' 'U' 'M' 'M' 'M' 'M' 'M' 'M' 'M' 'M' 'M' 'M' 'M'
 'M' 'M' 'M' 'U' 'M' 'M' 'M' 'M' 'U' 'M' 'U' 'M' 'U' 'M' 'M' 'M' 'M' 'A'
 'M' 'M' 'M' 'M' 'M' 'M' 'M' 'M' 'M' 'M' 'M' 'U' 'U' 'M' 'U' 'U' 'U' 'M'
 'M' 'U' 'M' 'U' 'M' 'U' 'M' 'M' 'U' 'U' 'M' 'U' 'U' 'U' 'U' 'M' 'M' 'M'
 'M' 'U' 'M' 'M' 'M' 'M' 'M' 'M' 'M' 'U' 'M' 'M' 'M' 'M' 'M' 'M' 'M' 'M'
 'M' 'U' 'M' 'M' 'M' 'M' 'A' 'M' 'M' 'M' 'U' 'M' 'M' 'M' 'M' 'M' 'M' 'M'
 'M' 'U' 'M' 'M' 'M' 'M' 'U' 'M' 'M' 'M' 'M' 'M' 'M' 'M' 'M' 'M' 'M' 'M']"
274401,0,166,7,159,32,0,0,"['A' 'M' 'M' 'A' 'M' 'M' 'M' 'M' 'M' 'M' 'M' 'M' 'M' 'M' 'M' 'U' 'M' 'M'
 'M' 'M' 'M' 'M' 'M' 'U' 'A' 'M' 'U' 'M' 'M' 'M' 'M' 'M' 'M' 'M' 'M' 'M'
 'U' 'M' 'M' 'M' 'M' 'M' 'M' 'M' 'U' 'M' 'M' 'M' 'M' 'M' 'M' 'M' 'M' 'M'
 'U' 'M' 'U' 'M' 'M' 'M' 'U' 'U' 'A' 'M' 'U' 'M' 'M' 'M' 'M' 'M' 'U' 'M'
 'U' 'M' 'M' 'M' 'U' 'M' 'M' 'M' 'M' 'U' 'M' 'M' 'U' 'M' 'M' 'M' 'M' 'M'
 'M' 'M' 'M' 'M' 'M' 'M' 'M' 'M' 'U' 'M' 'U' 'M' 'M' 'M' 'M' 'M' 'M' 'A'
 'M' 'M' 'M' 'M' 'M' 'M' 'M' 'M' 'M' 'M' 'M' 'M' 'U' 'M' 'A' 'U' 'U' 'M'
 'U' 'M' 'M' 'U' 'M' 'U' 'M' 'M' 'M' 'M' 'M' 'U' 'U' 'M' 'M' 'M' 'M' 'M'
 'M' 'U' 'M' 'M' 'M' 'M' 'M' 'M' 'M' 'M' 'M' 'M' 'M' 'M' 'M' 'M' 'M' 'M'
 'M' 'U' 'U' 'M' 'U' 'M' 'A' 'M' 'M' 'M' 'U' 'M' 'M' 'M' 'M' 'M' 'M' 'M'
 'M' 'U' 'M' 'M' 'M' 'M' 'U' 'M' 'M' 'M' 'M' 'M' 'M' 'M' 'M' 'M' 'M' 'M']"
274501,0,167,3,164,31,0,0,"['A' 'M' 'M' 'U' 'M' 'M' 'M' 'M' 'M' 'M' 'M' 'M' 'M' 'M' 'M' 'M' 'M' 'M'
 'M' 'M' 'M' 'M' 'M' 'U' 'U' 'M' 'U' 'M' 'M' 'M' 'M' 'M' 'M' 'M' 'M' 'M'
 'U' 'M' 'M' 'M' 'M' 'M' 'M' 'M' 'U' 'M' 'M' 'M' 'U' 'M' 'M' 'M' 'M' 'M'
 'U' 'M' 'U' 'M' 'M' 'M' 'U' 'M' 'A' 'M' 'M' 'M' 'U' 'U' 'M' 'U' 'M' 'M'
 'M' 'M' 'M' 'M' 'M' 'M' 'M' 'U' 'M' 'U' 'M' 'M' 'M' 'M' 'M' 'M' 'M' 'M'
 'M' 'M' 'M' 'M' 'M' 'M' 'M' 'M' 'U' 'M' 'U' 'M' 'M' 'M' 'M' 'U' 'M' 'A'
 'M' 'M' 'M' 'M' 'M' 'M' 'M' 'M' 'M' 'M' 'M' 'M' 'U' 'M' 'U' 'U' 'M' 'M'
 'U' 'M' 'M' 'M' 'M' 'U' 'M' 'M' 'M' 'M' 'M' 'M' 'U' 'M' 'M' 'M' 'M' 'M'
 'M' 'U' 'M' 'M' 'M' 'M' 'M' 'M' 'M' 'M' 'M' 'M' 'M' 'M' 'M' 'M' 'M' 'M'
 'M' 'U' 'U' 'M' 'M' 'M' 'U' 'M' 'M' 'M' 'U' 'M' 'M' 'U' 'M' 'M' 'M' 'M'
 'M' 'U' 'M' 'M' 'M' 'M' 'M' 'M' 'M' 'M' 'M' 'M' 'M' 'M' 'M' 'M' 'M' 'M']"
274601,0,171,3,168,27,0,0,"['A' 'M' 'U' 'M' 'M' 'M' 'M' 'M' 'M' 'M' 'M' 'M' 'M' 'M' 'M' 'M' 'M' 'M'
 'M' 'M' 'M' 'M' 'M' 'U' 'U' 'M' 'M' 'M' 'M' 'M' 'M' 'M' 'U' 'M' 'M' 'M'
 'M' 'M' 'M' 'M' 'M' 'M' 'M' 'U' 'U' 'M' 'M' 'M' 'M' 'M' 'M' 'M' 'M' 'M'
 'U' 'M' 'U' 'M' 'M' 'M' 'M' 'M' 'A' 'M' 'M' 'U' 'M' 'M' 'M' 'U' 'M' 'U'
 'U' 'M' 'M' 'M' 'M' 'U' 'M' 'M' 'M' 'M' 'M' 'M' 'M' 'M' 'M' 'M' 'M' 'M'
 'M' 'M' 'M' 'M' 'M' 'M' 'M' 'M' 'U' 'M' 'U' 'M' 'M' 'M' 'M' 'U' 'M' 'A'
 'M' 'M' 'M' 'U' 'M' 'M' 'U' 'M' 'M' 'M' 'M' 'M' 'U' 'M' 'M' 'U' 'M' 'M'
 'U' 'M' 'M' 'M' 'M' 'M' 'M' 'M' 'M' 'M' 'M' 'M' 'U' 'M' 'M' 'M' 'U' 'M'
 'M' 'M' 'M' 'U' 'M' 'M' 'M' 'M' 'M' 'M' 'M' 'M' 'M' 'M' 'M' 'M' 'M' 'M'
 'M' 'M' 'U' 'M' 'M' 'M' 'U' 'M' 'M' 'M' 'M' 'M' 'M' 'U' 'M' 'M' 'M' 'M'
 'M' 'M' 'M' 'M' 'M' 'M' 'M' 'M' 'M' 'M' 'M' 'M' 'M' 'M' 'M' 'M' 'M' 'M']"
274701,0,170,3,167,28,0,0,"['A' 'M' 'U' 'M' 'M' 'M' 'M' 'M' 'M' 'M' 'M' 'M' 'M' 'M' 'M' 'M' 'M' 'M'
 'M' 'M' 'M' 'M' 'M' 'M' 'U' 'M' 'M' 'M' 'M' 'M' 'M' 'M' 'U' 'M' 'M' 'M'
 'M' 'M' 'M' 'M' 'M' 'M' 'M' 'M' 'U' 'M' 'M' 'M' 'M' 'M' 'M' 'M' 'M' 'M'
 'U' 'M' 'U' 'M' 'M' 'M' 'M' 'M' 'A' 'M' 'M' 'M' 'U' 'M' 'M' 'M' 'M' 'M'
 'M' 'U' 'M' 'M' 'U' 'M' 'U' 'M' 'M' 'M' 'M' 'M' 'M' 'M' 'M' 'M' 'M' 'M'
 'M' 'U' 'M' 'M' 'M' 'M' 'M' 'U' 'U' 'M' 'U' 'M' 'M' 'M' 'M' 'M' 'M' 'A'
 'M' 'M' 'U' 'U' 'M' 'M' 'U' 'M' 'U' 'M' 'M' 'U' 'M' 'M' 'M' 'U' 'M' 'M'
 'M' 'M' 'M' 'M' 'M' 'M' 'M' 'M' 'M' 'M' 'M' 'M' 'U' 'M' 'M' 'M' 'U' 'M'
 'M' 'M' 'M' 'M' 'M' 'M' 'M' 'M' 'M' 'M' 'M' 'M' 'M' 'M' 'M' 'M' 'M' 'M'
 'M' 'M' 'U' 'M' 'M' 'M' 'U' 'M' 'M' 'M' 'M' 'M' 'M' 'U' 'M' 'M' 'M' 'M'
 'M' 'M' 'M' 'M' 'M' 'M' 'M' 'M' 'M' 'U' 'M' 'M' 'M' 'U' 'M' 'M' 'U' 'M']"
274801,0,162,2,160,36,1,0,"['A' 'M' 'U' 'U' 'M' 'M' 'M' 'M' 'M' 'M' 'M' 'M' 'M' 'M' 'U' 'M' 'M' 'M'
 'M' 'M' 'M' 'M' 'M' 'M' 'U' 'U' 'M' 'M' 'M' 'M' 'M' 'M' 'M' 'M' 'M' 'M'
 'M' 'M' 'M' 'U' 'U' 'M' 'M' 'M' 'U' 'M' 'M' 'M' 'M' 'M' 'M' 'M' 'M' 'M'
 'M' 'M' 'U' 'M' 'M' 'M' 'U' 'M' 'A' 'M' 'U' 'M' 'M' 'M' 'M' 'M' 'M' 'U'
 'M' 'M' 'M' 'M' 'U' 'M' 'U' 'M' 'M' 'M' 'M' 'M' 'M' 'M' 'M' 'M' 'M' 'U'
 'U' 'M' 'M' 'M' 'M' 'M' 'U' 'U' 'U' 'M' 'M' 'M' 'M' 'M' 'M' 'M' 'M' 'U'
 'M' 'M' 'M' 'U' 'M' 'M' 'U' 'M' 'U' 'M' 'M' 'U' 'M' 'M' 'M' 'U' 'M' 'M'
 'M' 'M' 'M' 'M' 'M' 'M' 'M' 'M' 'M' 'M' 'M' 'M' 'U' 'M' 'M' 'M' 'M' 'M'
 'M' 'M' 'M' 'M' 'U' 'M' 'M' 'M' 'M' 'M' 'M' 'M' 'M' 'M' 'M' 'M' 'M' 'M'
 'M' 'M' 'U' 'U' 'M' 'M' 'U' 'M' 'M' 'M' 'M' 'M' 'M' 'M' 'M' 'M' 'M' 'M'
 'M' 'M' 'M' 'U' 'U' 'M' 'M' 'M' 'M' 'U' 'M' 'M' 'M' 'U' 'U' 'M' 'U' 'M']"
274901,0,163,3,160,35,0,1,"['A' 'M' 'U' 'U' 'M' 'M' 'M' 'M' 'M' 'M' 'M' 'M' 'M' 'M' 'A' 'M' 'U' 'M'
 'M' 'M' 'M' 'M' 'M' 'M' 'U' 'U' 'M' 'M' 'M' 'M' 'M' 'M' 'M' 'M' 'M' 'M'
 'M' 'M' 'M' 'U' 'U' 'M' 'M' 'M' 'U' 'M' 'U' 'M' 'M' 'M' 'M' 'M' 'M' 'M'
 'M' 'M' 'U' 'M' 'M' 'M' 'U' 'M' 'A' 'M' 'U' 'U' 'M' 'M' 'M' 'M' 'M' 'M'
 'M' 'M' 'M' 'M' 'M' 'M' 'M' 'M' 'U' 'M' 'M' 'U' 'M' 'M' 'M' 'M' 'M' 'U'
 'M' 'U' 'M' 'M' 'M' 'M' 'M' 'U' 'U' 'M' 'M' 'U' 'M' 'M' 'M' 'M' 'M' 'U'
 'M' 'M' 'U' 'M' 'M' 'M' 'U' 'M' 'U' 'M' 'M' 'M' 'M' 'M' 'M' 'U' 'M' 'M'
 'M' 'M' 'M' 'U' 'M' 'M' 'M' 'M' 'M' 'M' 'M' 'M' 'U' 'M' 'M' 'M' 'M' 'M'
 'M' 'M' 'M' 'M' 'M' 'M' 'M' 'M' 'M' 'M' 'M' 'M' 'U' 'M' 'M' 'M' 'M' 'M'
 'U' 'M' 'M' 'U' 'M' 'M' 'M' 'M' 'M' 'M' 'M' 'M' 'M' 'M' 'M' 'M' 'M' 'M'
 'M' 'M' 'U' 'M' 'M' 'M' 'M' 'M' 'M' 'U' 'M' 'M' 'M' 'U' 'U' 'M' 'U' 'M']"
275001,0,164,3,161,34,0,1,"['A' 'M' 'U' 'M' 'M' 'M' 'M' 'M' 'M' 'M' 'M' 'M' 'M' 'M' 'A' 'M' 'U' 'M'
 'M' 'M' 'M' 'M' 'M' 'M' 'U' 'M' 'M' 'M' 'M' 'M' 'M' 'M' 'M' 'M' 'M' 'M'
 'M' 'M' 'M' 'U' 'U' 'M' 'M' 'M' 'M' 'M' 'M' 'M' 'M' 'M' 'M' 'M' 'M' 'M'
 'M' 'M' 'U' 'M' 'M' 'M' 'U' 'M' 'A' 'M' 'U' 'M' 'U' 'U' 'M' 'M' 'M' 'M'
 'M' 'M' 'M' 'M' 'M' 'M' 'U' 'M' 'M' 'M' 'M' 'U' 'M' 'U' 'M' 'M' 'M' 'M'
 'M' 'M' 'M' 'M' 'M' 'M' 'M' 'U' 'U' 'M' 'M' 'U' 'M' 'M' 'M' 'M' 'M' 'U'
 'U' 'M' 'U' 'M' 'M' 'M' 'U' 'M' 'U' 'M' 'M' 'M' 'U' 'M' 'M' 'M' 'M' 'M'
 'M' 'M' 'M' 'U' 'M' 'M' 'M' 'M' 'M' 'M' 'U' 'M' 'U' 'M' 'M' 'U' 'M' 'M'
 'M' 'M' 'M' 'M' 'M' 'M' 'U' 'M' 'M' 'M' 'M' 'M' 'U' 'M' 'M' 'M' 'M' 'M'
 'U' 'M' 'M' 'U' 'M' 'M' 'M' 'M' 'M' 'M' 'M' 'M' 'M' 'M' 'M' 'M' 'M' 'M'
 'M' 'M' 'U' 'M' 'M' 'M' 'M' 'M' 'M' 'U' 'M' 'M' 'M' 'U' 'U' 'M' 'M' 'M']"
275101,0,163,4,159,35,0,0,"['A' 'M' 'U' 'M' 'M' 'M' 'M' 'M' 'U' 'M' 'M' 'M' 'M' 'M' 'A' 'M' 'U' 'M'
 'M' 'M' 'M' 'M' 'M' 'M' 'M' 'M' 'M' 'M' 'M' 'M' 'M' 'M' 'U' 'M' 'M' 'M'
 'M' 'M' 'M' 'U' 'A' 'M' 'M' 'M' 'M' 'M' 'M' 'M' 'M' 'M' 'M' 'M' 'M' 'M'
 'M' 'U' 'U' 'M' 'M' 'M' 'U' 'M' 'A' 'M' 'U' 'M' 'M' 'M' 'M' 'U' 'M' 'M'
 'M' 'M' 'M' 'M' 'M' 'M' 'U' 'M' 'U' 'M' 'M' 'M' 'M' 'U' 'M' 'M' 'M' 'M'
 'M' 'U' 'M' 'M' 'M' 'M' 'U' 'M' 'U' 'M' 'M' 'U' 'M' 'M' 'M' 'M' 'M' 'U'
 'M' 'M' 'U' 'M' 'M' 'M' 'M' 'M' 'M' 'M' 'M' 'M' 'U' 'M' 'M' 'M' 'M' 'M'
 'M' 'M' 'M' 'U' 'M' 'M' 'M' 'M' 'M' 'M' 'U' 'M' 'U' 'U' 'M' 'U' 'M' 'M'
 'M' 'M' 'M' 'M' 'M' 'M' 'U' 'M' 'M' 'M' 'M' 'M' 'U' 'U' 'M' 'M' 'U' 'M'
 'U' 'M' 'M' 'U' 'M' 'M' 'M' 'M' 'M' 'M' 'M' 'M' 'M' 'M' 'M' 'M' 'M' 'M'
 'M' 'M' 'U' 'M' 'M' 'M' 'M' 'M' 'M' 'M' 'M' 'M' 'M' 'U' 'U' 'M' 'M' 'U']"
275201,0,167,4,163,31,0,0,"['A' 'M' 'M' 'M' 'M' 'M' 'M' 'M' 'M' 'M' 'M' 'M' 'M' 'U' 'A' 'M' 'U' 'M'
 'M' 'M' 'M' 'M' 'M' 'M' 'M' 'M' 'M' 'M' 'M' 'M' 'M' 'M' 'M' 'M' 'M' 'M'
 'M' 'M' 'M' 'U' 'A' 'M' 'M' 'M' 'M' 'M' 'M' 'M' 'U' 'M' 'M' 'M' 'M' 'M'
 'M' 'U' 'U' 'U' 'M' 'M' 'U' 'M' 'A' 'M' 'U' 'M' 'M' 'M' 'M' 'M' 'M' 'M'
 'M' 'M' 'U' 'M' 'M' 'M' 'M' 'M' 'M' 'M' 'U' 'M' 'M' 'M' 'M' 'U' 'M' 'M'
 'U' 'M' 'M' 'U' 'M' 'M' 'M' 'U' 'M' 'M' 'M' 'U' 'M' 'M' 'U' 'M' 'M' 'U'
 'M' 'M' 'U' 'M' 'M' 'M' 'M' 'M' 'M' 'M' 'M' 'M' 'M' 'M' 'M' 'M' 'M' 'M'
 'M' 'M' 'M' 'U' 'M' 'M' 'M' 'M' 'M' 'M' 'M' 'M' 'U' 'U' 'M' 'U' 'M' 'M'
 'M' 'M' 'M' 'M' 'M' 'M' 'M' 'M' 'M' 'M' 'M' 'M' 'U' 'M' 'M' 'M' 'U' 'M'
 'M' 'U' 'M' 'U' 'M' 'M' 'U' 'M' 'M' 'M' 'M' 'M' 'M' 'M' 'M' 'M' 'M' 'M'
 'M' 'M' 'U' 'M' 'M' 'M' 'M' 'M' 'M' 'M' 'M' 'M' 'U' 'U' 'M' 'M' 'M' 'M']"
275301,0,165,3,162,33,0,0,"['A' 'M' 'M' 'M' 'M' 'M' 'M' 'M' 'M' 'M' 'M' 'M' 'M' 'U' 'A' 'M' 'M' 'M'
 'M' 'M' 'M' 'M' 'M' 'M' 'M' 'M' 'M' 'U' 'M' 'M' 'M' 'M' 'M' 'M' 'M' 'M'
 'M' 'M' 'M' 'U' 'M' 'M' 'M' 'M' 'M' 'M' 'M' 'M' 'U' 'M' 'M' 'U' 'M' 'M'
 'M' 'U' 'M' 'U' 'M' 'M' 'U' 'M' 'U' 'M' 'U' 'M' 'U' 'M' 'M' 'M' 'M' 'M'
 'M' 'M' 'U' 'M' 'M' 'M' 'M' 'M' 'M' 'M' 'U' 'M' 'M' 'M' 'M' 'M' 'M' 'M'
 'M' 'M' 'U' 'U' 'M' 'M' 'M' 'U' 'M' 'M' 'M' 'A' 'M' 'M' 'U' 'M' 'M' 'U'
 'M' 'M' 'M' 'M' 'M' 'M' 'M' 'M' 'M' 'M' 'M' 'U' 'M' 'M' 'M' 'M' 'M' 'M'
 'M' 'M' 'M' 'U' 'M' 'M' 'U' 'M' 'M' 'M' 'M' 'M' 'U' 'U' 'M' 'U' 'M' 'M'
 'M' 'M' 'M' 'M' 'M' 'M' 'M' 'U' 'M' 'M' 'U' 'M' 'M' 'M' 'M' 'U' 'U' 'M'
 'M' 'U' 'M' 'U' 'M' 'M' 'U' 'M' 'M' 'M' 'M' 'M' 'M' 'M' 'M' 'M' 'M' 'M'
 'M' 'M' 'M' 'M' 'M' 'M' 'M' 'M' 'U' 'M' 'M' 'M' 'U' 'M' 'M' 'M' 'M' 'M']"
275401,0,166,2,164,32,0,0,"['A' 'M' 'M' 'M' 'M' 'M' 'M' 'M' 'M' 'M' 'M' 'M' 'M' 'U' 'A' 'M' 'M' 'M'
 'M' 'M' 'M' 'M' 'M' 'M' 'M' 'M' 'M' 'U' 'M' 'M' 'M' 'M' 'M' 'M' 'M' 'M'
 'M' 'U' 'M' 'U' 'M' 'M' 'M' 'M' 'M' 'M' 'U' 'M' 'U' 'M' 'M' 'M' 'M' 'M'
 'M' 'M' 'M' 'U' 'M' 'M' 'U' 'M' 'U' 'M' 'U' 'M' 'M' 'M' 'M' 'M' 'M' 'M'
 'U' 'M' 'M' 'M' 'M' 'M' 'U' 'M' 'M' 'U' 'M' 'M' 'M' 'M' 'M' 'M' 'M' 'M'
 'U' 'M' 'M' 'M' 'U' 'M' 'M' 'U' 'M' 'M' 'M' 'U' 'M' 'M' 'M' 'M' 'M' 'M'
 'M' 'M' 'M' 'M' 'M' 'M' 'M' 'M' 'M' 'M' 'M' 'U' 'M' 'M' 'M' 'M' 'M' 'M'
 'M' 'M' 'M' 'U' 'M' 'M' 'U' 'M' 'M' 'M' 'M' 'M' 'M' 'U' 'M' 'M' 'M' 'M'
 'M' 'M' 'M' 'U' 'M' 'M' 'M' 'U' 'M' 'U' 'U' 'U' 'M' 'M' 'M' 'U' 'M' 'M'
 'M' 'M' 'M' 'U' 'M' 'M' 'U' 'M' 'M' 'M' 'M' 'U' 'M' 'M' 'M' 'M' 'M' 'M'
 'M' 'M' 'M' 'M' 'M' 'M' 'M' 'M' 'U' 'M' 'M' 'M' 'U' 'M' 'M' 'M' 'M' 'M']"
275501,0,160,2,158,38,0,0,"['A' 'M' 'M' 'M' 'U' 'M' 'M' 'M' 'M' 'M' 'M' 'U' 'M' 'M' 'A' 'M' 'M' 'M'
 'M' 'M' 'M' 'M' 'M' 'M' 'M' 'M' 'M' 'M' 'M' 'M' 'M' 'M' 'M' 'U' 'M' 'M'
 'M' 'M' 'M' 'U' 'M' 'M' 'M' 'M' 'M' 'M' 'U' 'U' 'U' 'M' 'M' 'M' 'M' 'M'
 'M' 'M' 'U' 'U' 'M' 'M' 'U' 'M' 'M' 'M' 'U' 'M' 'M' 'M' 'U' 'M' 'M' 'M'
 'M' 'M' 'M' 'U' 'M' 'M' 'M' 'M' 'M' 'U' 'M' 'M' 'M' 'M' 'M' 'U' 'M' 'M'
 'M' 'M' 'M' 'M' 'U' 'U' 'M' 'U' 'M' 'M' 'M' 'U' 'M' 'M' 'M' 'M' 'M' 'M'
 'M' 'M' 'M' 'M' 'M' 'M' 'M' 'M' 'M' 'M' 'M' 'U' 'M' 'M' 'M' 'U' 'M' 'M'
 'M' 'M' 'M' 'M' 'M' 'M' 'U' 'U' 'U' 'U' 'U' 'U' 'U' 'U' 'M' 'M' 'M' 'M'
 'M' 'M' 'M' 'M' 'M' 'M' 'M' 'U' 'M' 'U' 'U' 'U' 'M' 'M' 'M' 'U' 'M' 'M'
 'M' 'M' 'M' 'M' 'M' 'M' 'U' 'M' 'M' 'M' 'M' 'U' 'M' 'M' 'M' 'M' 'M' 'M'
 'M' 'M' 'U' 'M' 'M' 'M' 'M' 'M' 'M' 'M' 'M' 'M' 'U' 'M' 'M' 'M' 'M' 'M']"
275601,0,162,3,159,36,0,0,"['A' 'M' 'M' 'M' 'M' 'M' 'M' 'M' 'M' 'M' 'M' 'U' 'M' 'M' 'A' 'M' 'M' 'M'
 'M' 'M' 'M' 'M' 'M' 'M' 'M' 'M' 'M' 'M' 'M' 'M' 'M' 'M' 'M' 'U' 'M' 'M'
 'M' 'M' 'M' 'M' 'M' 'M' 'M' 'M' 'M' 'U' 'U' 'A' 'M' 'M' 'M' 'M' 'U' 'M'
 'M' 'M' 'U' 'U' 'M' 'M' 'M' 'M' 'M' 'M' 'U' 'M' 'M' 'M' 'M' 'M' 'M' 'M'
 'M' 'M' 'U' 'M' 'M' 'M' 'M' 'M' 'M' 'M' 'M' 'U' 'M' 'U' 'M' 'M' 'M' 'M'
 'U' 'U' 'M' 'M' 'M' 'U' 'M' 'U' 'M' 'M' 'M' 'U' 'M' 'M' 'M' 'M' 'M' 'M'
 'U' 'M' 'M' 'M' 'M' 'M' 'M' 'M' 'M' 'M' 'M' 'U' 'M' 'M' 'M' 'U' 'M' 'M'
 'M' 'M' 'M' 'U' 'M' 'M' 'U' 'U' 'M' 'U' 'U' 'U' 'U' 'M' 'M' 'M' 'M' 'M'
 'M' 'M' 'M' 'M' 'M' 'M' 'M' 'U' 'M' 'U' 'U' 'M' 'U' 'M' 'M' 'U' 'M' 'M'
 'M' 'M' 'M' 'M' 'M' 'M' 'U' 'M' 'M' 'M' 'M' 'M' 'M' 'M' 'M' 'M' 'M' 'U'
 'M' 'U' 'U' 'M' 'M' 'M' 'M' 'M' 'M' 'M' 'M' 'M' 'M' 'U' 'M' 'M' 'M' 'M']"
275701,0,163,2,161,35,0,0,"['A' 'M' 'M' 'M' 'M' 'M' 'M' 'M' 'M' 'M' 'M' 'U' 'M' 'M' 'U' 'M' 'M' 'M'
 'M' 'M' 'M' 'M' 'M' 'M' 'M' 'M' 'M' 'M' 'M' 'U' 'M' 'M' 'M' 'U' 'M' 'M'
 'M' 'M' 'M' 'M' 'M' 'M' 'M' 'M' 'M' 'M' 'M' 'A' 'M' 'M' 'M' 'M' 'U' 'M'
 'M' 'M' 'U' 'U' 'M' 'M' 'M' 'M' 'M' 'M' 'U' 'M' 'M' 'M' 'M' 'M' 'M' 'M'
 'U' 'M' 'M' 'M' 'M' 'M' 'M' 'M' 'M' 'M' 'M' 'M' 'U' 'M' 'M' 'U' 'M' 'M'
 'U' 'M' 'M' 'M' 'U' 'M' 'M' 'U' 'M' 'M' 'M' 'U' 'M' 'M' 'M' 'M' 'M' 'M'
 'U' 'M' 'M' 'M' 'M' 'M' 'M' 'U' 'M' 'M' 'M' 'U' 'M' 'M' 'M' 'M' 'M' 'M'
 'M' 'M' 'M' 'U' 'M' 'M' 'U' 'U' 'M' 'U' 'M' 'U' 'U' 'M' 'M' 'M' 'M' 'M'
 'M' 'U' 'M' 'M' 'M' 'M' 'M' 'U' 'M' 'U' 'U' 'M' 'M' 'M' 'M' 'U' 'M' 'M'
 'M' 'M' 'M' 'M' 'M' 'M' 'U' 'M' 'M' 'M' 'M' 'M' 'U' 'M' 'M' 'M' 'M' 'M'
 'M' 'U' 'U' 'M' 'M' 'M' 'M' 'M' 'M' 'M' 'M' 'M' 'M' 'U' 'M' 'M' 'M' 'U']"
275801,0,165,2,163,33,1,0,"['A' 'M' 'M' 'M' 'M' 'M' 'M' 'M' 'M' 'M' 'M' 'U' 'U' 'M' 'U' 'M' 'M' 'M'
 'M' 'U' 'M' 'M' 'M' 'M' 'M' 'M' 'U' 'M' 'M' 'U' 'M' 'M' 'M' 'U' 'M' 'M'
 'M' 'M' 'M' 'M' 'M' 'M' 'M' 'M' 'M' 'M' 'M' 'U' 'M' 'M' 'M' 'M' 'M' 'M'
 'M' 'M' 'U' 'U' 'M' 'M' 'M' 'M' 'M' 'M' 'U' 'M' 'M' 'M' 'M' 'M' 'U' 'M'
 'M' 'M' 'M' 'M' 'M' 'U' 'M' 'M' 'M' 'M' 'M' 'M' 'U' 'M' 'M' 'M' 'M' 'U'
 'U' 'M' 'M' 'M' 'M' 'M' 'M' 'M' 'M' 'M' 'M' 'M' 'M' 'M' 'M' 'M' 'M' 'M'
 'U' 'M' 'M' 'U' 'M' 'M' 'M' 'M' 'M' 'M' 'M' 'U' 'M' 'M' 'M' 'M' 'M' 'M'
 'M' 'M' 'M' 'M' 'M' 'M' 'M' 'U' 'M' 'U' 'M' 'U' 'U' 'M' 'M' 'M' 'M' 'M'
 'M' 'A' 'M' 'M' 'M' 'M' 'M' 'U' 'M' 'M' 'U' 'M' 'M' 'M' 'M' 'M' 'M' 'M'
 'M' 'M' 'M' 'M' 'M' 'M' 'U' 'M' 'M' 'M' 'M' 'M' 'U' 'M' 'M' 'M' 'M' 'M'
 'M' 'U' 'U' 'M' 'M' 'M' 'U' 'M' 'M' 'M' 'M' 'U' 'M' 'U' 'M' 'M' 'M' 'U']"
275901,0,169,2,167,29,0,0,"['A' 'M' 'M' 'M' 'M' 'U' 'M' 'M' 'M' 'M' 'M' 'U' 'M' 'M' 'M' 'M' 'M' 'M'
 'M' 'U' 'M' 'M' 'M' 'M' 'U' 'M' 'U' 'M' 'M' 'U' 'M' 'M' 'M' 'M' 'M' 'M'
 'M' 'M' 'M' 'M' 'M' 'M' 'M' 'M' 'M' 'M' 'M' 'U' 'M' 'M' 'M' 'M' 'M' 'M'
 'M' 'M' 'U' 'U' 'M' 'M' 'M' 'M' 'M' 'M' 'U' 'M' 'M' 'U' 'M' 'U' 'M' 'U'
 'M' 'M' 'M' 'M' 'M' 'M' 'M' 'M' 'M' 'M' 'M' 'M' 'M' 'U' 'M' 'M' 'M' 'M'
 'M' 'M' 'M' 'M' 'U' 'M' 'M' 'U' 'M' 'M' 'M' 'M' 'M' 'M' 'U' 'M' 'M' 'M'
 'U' 'M' 'A' 'U' 'M' 'M' 'M' 'M' 'M' 'M' 'M' 'M' 'M' 'M' 'M' 'U' 'M' 'M'
 'M' 'M' 'M' 'M' 'M' 'M' 'M' 'M' 'M' 'M' 'M' 'U' 'M' 'M' 'M' 'M' 'M' 'M'
 'M' 'U' 'M' 'M' 'M' 'M' 'M' 'M' 'M' 'M' 'U' 'M' 'M' 'M' 'M' 'M' 'M' 'M'
 'M' 'M' 'M' 'M' 'M' 'M' 'U' 'M' 'M' 'M' 'M' 'M' 'U' 'M' 'M' 'M' 'M' 'M'
 'M' 'U' 'M' 'M' 'M' 'M' 'M' 'M' 'M' 'M' 'M' 'U' 'M' 'U' 'M' 'M' 'M' 'U']"
276001,0,166,1,165,32,0,0,"['A' 'M' 'M' 'M' 'M' 'M' 'M' 'M' 'M' 'M' 'M' 'U' 'M' 'M' 'M' 'M' 'M' 'M'
 'M' 'M' 'U' 'M' 'M' 'M' 'U' 'M' 'U' 'M' 'M' 'U' 'M' 'M' 'M' 'M' 'M' 'M'
 'M' 'M' 'M' 'M' 'M' 'M' 'M' 'M' 'M' 'U' 'M' 'M' 'M' 'M' 'M' 'M' 'M' 'M'
 'M' 'M' 'M' 'U' 'M' 'M' 'M' 'M' 'M' 'M' 'M' 'M' 'M' 'M' 'M' 'M' 'M' 'M'
 'M' 'M' 'U' 'U' 'M' 'M' 'U' 'M' 'M' 'M' 'M' 'M' 'M' 'M' 'M' 'M' 'M' 'M'
 'U' 'M' 'M' 'U' 'M' 'M' 'M' 'U' 'M' 'M' 'U' 'M' 'M' 'M' 'U' 'M' 'M' 'M'
 'U' 'M' 'U' 'U' 'M' 'M' 'M' 'M' 'M' 'M' 'U' 'M' 'M' 'M' 'M' 'M' 'M' 'M'
 'M' 'M' 'M' 'M' 'M' 'M' 'M' 'M' 'M' 'M' 'M' 'U' 'M' 'M' 'M' 'M' 'M' 'M'
 'M' 'U' 'M' 'M' 'U' 'M' 'M' 'M' 'M' 'M' 'U' 'U' 'M' 'U' 'M' 'M' 'M' 'M'
 'M' 'M' 'M' 'U' 'M' 'M' 'U' 'M' 'M' 'M' 'M' 'M' 'U' 'M' 'M' 'M' 'M' 'M'
 'M' 'U' 'M' 'M' 'M' 'M' 'M' 'M' 'M' 'M' 'M' 'U' 'M' 'U' 'M' 'M' 'M' 'U']"
276101,0,167,1,166,31,0,0,"['A' 'M' 'M' 'M' 'M' 'M' 'M' 'M' 'M' 'M' 'M' 'M' 'M' 'M' 'M' 'M' 'M' 'M'
 'M' 'U' 'U' 'M' 'M' 'M' 'M' 'M' 'M' 'M' 'M' 'U' 'M' 'U' 'M' 'M' 'M' 'M'
 'M' 'M' 'U' 'M' 'M' 'M' 'U' 'M' 'U' 'U' 'M' 'M' 'M' 'M' 'M' 'M' 'M' 'M'
 'M' 'M' 'M' 'M' 'M' 'M' 'M' 'M' 'M' 'M' 'M' 'U' 'M' 'M' 'M' 'M' 'M' 'M'
 'M' 'M' 'U' 'M' 'M' 'M' 'U' 'M' 'M' 'M' 'M' 'M' 'M' 'M' 'M' 'U' 'M' 'M'
 'M' 'M' 'U' 'M' 'M' 'M' 'M' 'U' 'M' 'M' 'U' 'M' 'M' 'U' 'U' 'M' 'M' 'M'
 'U' 'M' 'U' 'U' 'M' 'M' 'M' 'M' 'M' 'M' 'U' 'M' 'M' 'M' 'M' 'M' 'M' 'M'
 'M' 'M' 'M' 'M' 'M' 'M' 'M' 'M' 'M' 'M' 'M' 'M' 'M' 'M' 'M' 'U' 'M' 'M'
 'M' 'U' 'M' 'M' 'M' 'M' 'M' 'M' 'M' 'M' 'U' 'U' 'U' 'M' 'M' 'M' 'M' 'M'
 'M' 'M' 'M' 'M' 'M' 'M' 'M' 'M' 'M' 'M' 'M' 'M' 'U' 'M' 'M' 'M' 'M' 'M'
 'M' 'U' 'M' 'M' 'M' 'M' 'M' 'M' 'M' 'M' 'M' 'U' 'M' 'U' 'M' 'M' 'M' 'U']"
276201,0,160,2,158,38,0,0,"['A' 'U' 'M' 'M' 'M' 'M' 'M' 'U' 'M' 'M' 'M' 'M' 'M' 'M' 'M' 'M' 'M' 'M'
 'M' 'U' 'U' 'M' 'M' 'M' 'M' 'M' 'M' 'M' 'M' 'U' 'M' 'U' 'M' 'M' 'M' 'M'
 'M' 'M' 'M' 'M' 'U' 'M' 'U' 'M' 'U' 'U' 'M' 'M' 'M' 'M' 'M' 'M' 'M' 'M'
 'M' 'M' 'M' 'M' 'M' 'M' 'M' 'M' 'M' 'M' 'M' 'M' 'U' 'M' 'U' 'M' 'M' 'M'
 'M' 'M' 'M' 'M' 'M' 'M' 'M' 'M' 'U' 'M' 'M' 'M' 'M' 'M' 'M' 'M' 'M' 'M'
 'U' 'U' 'M' 'M' 'M' 'M' 'M' 'U' 'M' 'M' 'U' 'M' 'M' 'A' 'M' 'M' 'M' 'M'
 'U' 'M' 'M' 'U' 'M' 'M' 'M' 'M' 'M' 'M' 'U' 'M' 'M' 'M' 'M' 'M' 'M' 'M'
 'M' 'U' 'M' 'M' 'M' 'U' 'U' 'U' 'U' 'M' 'U' 'U' 'U' 'M' 'M' 'U' 'M' 'M'
 'M' 'U' 'M' 'M' 'M' 'M' 'M' 'M' 'U' 'M' 'U' 'M' 'U' 'M' 'M' 'U' 'M' 'M'
 'M' 'M' 'M' 'M' 'M' 'M' 'M' 'M' 'U' 'M' 'M' 'M' 'U' 'M' 'M' 'M' 'M' 'M'
 'M' 'M' 'M' 'M' 'M' 'M' 'M' 'M' 'M' 'M' 'M' 'U' 'M' 'U' 'M' 'M' 'M' 'M']"
276301,0,154,2,152,44,0,0,"['A' 'M' 'M' 'M' 'U' 'M' 'M' 'U' 'M' 'M' 'M' 'M' 'M' 'M' 'M' 'U' 'M' 'M'
 'M' 'U' 'U' 'M' 'M' 'M' 'M' 'M' 'M' 'M' 'M' 'M' 'M' 'M' 'M' 'M' 'U' 'U'
 'M' 'M' 'M' 'M' 'U' 'M' 'U' 'M' 'M' 'U' 'M' 'M' 'M' 'U' 'M' 'M' 'M' 'M'
 'M' 'M' 'M' 'M' 'M' 'M' 'M' 'M' 'M' 'U' 'M' 'U' 'M' 'M' 'U' 'M' 'M' 'M'
 'M' 'M' 'M' 'M' 'M' 'M' 'U' 'M' 'M' 'U' 'M' 'M' 'M' 'M' 'M' 'M' 'M' 'M'
 'M' 'M' 'M' 'M' 'U' 'M' 'M' 'U' 'M' 'M' 'U' 'M' 'M' 'U' 'M' 'M' 'M' 'U'
 'U' 'M' 'M' 'A' 'U' 'M' 'M' 'M' 'U' 'M' 'U' 'M' 'M' 'M' 'M' 'M' 'M' 'M'
 'M' 'U' 'M' 'M' 'M' 'U' 'U' 'U' 'U' 'M' 'U' 'U' 'U' 'M' 'M' 'U' 'M' 'M'
 'M' 'U' 'M' 'M' 'M' 'M' 'M' 'M' 'U' 'U' 'U' 'M' 'U' 'M' 'M' 'U' 'M' 'M'
 'M' 'M' 'M' 'M' 'M' 'M' 'M' 'M' 'U' 'M' 'M' 'M' 'U' 'M' 'M' 'M' 'M' 'M'
 'M' 'M' 'M' 'M' 'M' 'M' 'U' 'U' 'M' 'M' 'M' 'M' 'M' 'M' 'M' 'M' 'M' 'M']"
276401,0,163,5,158,35,0,0,"['A' 'M' 'M' 'M' 'U' 'M' 'M' 'M' 'M' 'M' 'M' 'M' 'M' 'M' 'M' 'U' 'M' 'U'
 'M' 'A' 'A' 'M' 'M' 'M' 'M' 'M' 'M' 'M' 'M' 'M' 'M' 'M' 'M' 'M' 'U' 'U'
 'M' 'M' 'M' 'M' 'U' 'U' 'U' 'M' 'M' 'M' 'M' 'M' 'M' 'M' 'M' 'M' 'M' 'M'
 'M' 'M' 'M' 'M' 'M' 'M' 'M' 'M' 'M' 'U' 'M' 'M' 'M' 'M' 'M' 'M' 'M' 'M'
 'M' 'M' 'M' 'M' 'U' 'M' 'M' 'U' 'M' 'M' 'M' 'M' 'U' 'M' 'M' 'M' 'M' 'M'
 'M' 'M' 'U' 'M' 'U' 'M' 'M' 'M' 'U' 'M' 'M' 'M' 'M' 'U' 'M' 'M' 'M' 'U'
 'A' 'M' 'U' 'A' 'U' 'M' 'M' 'M' 'M' 'M' 'U' 'M' 'M' 'M' 'U' 'M' 'M' 'U'
 'U' 'M' 'M' 'M' 'M' 'M' 'M' 'U' 'M' 'M' 'U' 'M' 'U' 'M' 'M' 'U' 'M' 'M'
 'M' 'U' 'M' 'M' 'M' 'M' 'M' 'M' 'U' 'U' 'U' 'M' 'U' 'M' 'M' 'M' 'M' 'M'
 'M' 'M' 'M' 'M' 'M' 'M' 'M' 'M' 'M' 'M' 'M' 'M' 'U' 'M' 'M' 'M' 'M' 'M'
 'M' 'M' 'M' 'M' 'M' 'M' 'U' 'U' 'M' 'M' 'M' 'M' 'M' 'M' 'M' 'M' 'M' 'M']"
276501,0,164,5,159,34,0,1,"['A' 'M' 'M' 'M' 'U' 'M' 'M' 'M' 'M' 'M' 'M' 'M' 'M' 'M' 'U' 'U' 'M' 'U'
 'M' 'U' 'A' 'M' 'M' 'M' 'M' 'M' 'M' 'M' 'M' 'M' 'M' 'M' 'M' 'M' 'U' 'M'
 'M' 'M' 'M' 'M' 'M' 'U' 'U' 'M' 'U' 'M' 'M' 'M' 'M' 'M' 'M' 'M' 'M' 'M'
 'M' 'M' 'M' 'M' 'M' 'M' 'M' 'M' 'M' 'U' 'M' 'M' 'M' 'M' 'M' 'U' 'M' 'M'
 'U' 'U' 'M' 'M' 'M' 'M' 'M' 'M' 'U' 'M' 'M' 'M' 'M' 'M' 'U' 'M' 'M' 'M'
 'M' 'M' 'M' 'M' 'M' 'U' 'M' 'M' 'U' 'M' 'M' 'M' 'M' 'U' 'M' 'M' 'M' 'M'
 'A' 'M' 'U' 'A' 'M' 'M' 'M' 'M' 'U' 'M' 'U' 'M' 'M' 'U' 'U' 'M' 'M' 'M'
 'U' 'M' 'M' 'M' 'M' 'M' 'M' 'M' 'M' 'M' 'M' 'M' 'U' 'M' 'M' 'U' 'M' 'U'
 'M' 'M' 'M' 'M' 'M' 'M' 'M' 'U' 'A' 'U' 'U' 'M' 'M' 'M' 'M' 'M' 'M' 'M'
 'M' 'M' 'M' 'M' 'M' 'M' 'M' 'M' 'M' 'M' 'M' 'M' 'U' 'U' 'M' 'M' 'M' 'M'
 'M' 'M' 'M' 'M' 'M' 'M' 'U' 'U' 'M' 'M' 'M' 'M' 'M' 'M' 'M' 'M' 'M' 'M']"
276601,0,168,6,162,30,0,0,"['A' 'M' 'M' 'M' 'U' 'M' 'M' 'M' 'M' 'M' 'M' 'M' 'M' 'M' 'M' 'U' 'M' 'U'
 'M' 'U' 'A' 'M' 'M' 'M' 'U' 'M' 'M' 'M' 'M' 'M' 'M' 'M' 'M' 'M' 'M' 'M'
 'M' 'U' 'M' 'M' 'M' 'U' 'U' 'M' 'U' 'M' 'M' 'M' 'M' 'M' 'M' 'M' 'M' 'M'
 'M' 'M' 'M' 'M' 'M' 'M' 'M' 'M' 'M' 'A' 'M' 'M' 'M' 'M' 'M' 'M' 'M' 'M'
 'M' 'M' 'M' 'M' 'M' 'M' 'M' 'M' 'U' 'M' 'M' 'M' 'M' 'M' 'U' 'M' 'U' 'M'
 'M' 'M' 'U' 'U' 'M' 'U' 'M' 'M' 'U' 'M' 'M' 'M' 'M' 'M' 'M' 'M' 'M' 'M'
 'A' 'M' 'M' 'A' 'M' 'M' 'M' 'M' 'U' 'M' 'U' 'M' 'M' 'U' 'U' 'M' 'M' 'M'
 'U' 'M' 'M' 'M' 'M' 'M' 'M' 'M' 'M' 'M' 'M' 'M' 'U' 'M' 'M' 'U' 'M' 'U'
 'M' 'M' 'M' 'M' 'M' 'M' 'M' 'M' 'A' 'M' 'U' 'M' 'M' 'M' 'M' 'M' 'M' 'M'
 'M' 'U' 'U' 'M' 'M' 'M' 'M' 'M' 'M' 'M' 'M' 'M' 'U' 'U' 'M' 'M' 'U' 'M'
 'M' 'M' 'M' 'M' 'M' 'M' 'M' 'M' 'M' 'M' 'M' 'M' 'M' 'M' 'M' 'M' 'M' 'M']"
276701,0,158,6,152,40,0,0,"['A' 'M' 'M' 'M' 'M' 'M' 'M' 'M' 'M' 'M' 'M' 'M' 'M' 'M' 'U' 'U' 'M' 'U'
 'M' 'M' 'A' 'M' 'A' 'M' 'U' 'M' 'M' 'M' 'M' 'M' 'M' 'M' 'M' 'M' 'M' 'M'
 'U' 'U' 'U' 'M' 'M' 'U' 'U' 'M' 'U' 'M' 'M' 'M' 'M' 'M' 'M' 'M' 'M' 'U'
 'M' 'M' 'M' 'M' 'M' 'M' 'U' 'M' 'M' 'A' 'M' 'M' 'M' 'M' 'M' 'M' 'M' 'M'
 'M' 'U' 'M' 'M' 'U' 'M' 'M' 'M' 'M' 'M' 'M' 'M' 'U' 'M' 'M' 'M' 'M' 'U'
 'M' 'M' 'M' 'M' 'U' 'U' 'M' 'M' 'M' 'M' 'M' 'M' 'M' 'M' 'M' 'U' 'M' 'U'
 'U' 'M' 'M' 'A' 'M' 'M' 'M' 'U' 'U' 'M' 'U' 'U' 'M' 'M' 'U' 'U' 'M' 'M'
 'U' 'M' 'M' 'M' 'M' 'M' 'M' 'U' 'M' 'M' 'M' 'M' 'M' 'M' 'M' 'U' 'M' 'U'
 'M' 'U' 'M' 'M' 'M' 'M' 'M' 'M' 'U' 'M' 'M' 'M' 'M' 'M' 'M' 'M' 'A' 'M'
 'M' 'U' 'U' 'M' 'M' 'M' 'M' 'M' 'M' 'M' 'M' 'M' 'U' 'U' 'U' 'M' 'U' 'M'
 'M' 'M' 'M' 'M' 'M' 'M' 'M' 'M' 'M' 'M' 'M' 'U' 'M' 'M' 'M' 'M' 'M' 'M']"
276801,0,158,5,153,40,0,0,"['A' 'M' 'M' 'M' 'M' 'M' 'M' 'M' 'M' 'M' 'M' 'M' 'U' 'M' 'U' 'U' 'M' 'U'
 'M' 'U' 'A' 'M' 'U' 'M' 'M' 'M' 'M' 'M' 'M' 'M' 'M' 'M' 'M' 'M' 'M' 'M'
 'M' 'U' 'M' 'M' 'M' 'U' 'M' 'M' 'U' 'M' 'M' 'M' 'M' 'M' 'M' 'M' 'M' 'U'
 'U' 'M' 'M' 'M' 'U' 'M' 'U' 'M' 'M' 'A' 'M' 'M' 'M' 'M' 'M' 'M' 'M' 'M'
 'M' 'M' 'M' 'M' 'M' 'M' 'M' 'U' 'M' 'M' 'M' 'M' 'M' 'M' 'U' 'M' 'U' 'M'
 'U' 'U' 'M' 'M' 'M' 'M' 'M' 'M' 'U' 'M' 'M' 'M' 'M' 'U' 'M' 'U' 'M' 'U'
 'U' 'M' 'M' 'A' 'M' 'M' 'M' 'U' 'U' 'M' 'U' 'U' 'M' 'M' 'U' 'U' 'M' 'M'
 'M' 'M' 'M' 'M' 'M' 'M' 'M' 'M' 'M' 'M' 'M' 'M' 'M' 'M' 'M' 'U' 'M' 'U'
 'M' 'U' 'M' 'M' 'M' 'M' 'M' 'M' 'M' 'M' 'M' 'M' 'M' 'M' 'M' 'M' 'A' 'M'
 'M' 'U' 'U' 'M' 'M' 'M' 'M' 'M' 'M' 'M' 'M' 'M' 'U' 'U' 'U' 'M' 'U' 'M'
 'M' 'M' 'M' 'M' 'M' 'M' 'M' 'M' 'M' 'M' 'U' 'U' 'M' 'M' 'M' 'M' 'M' 'M']"
276901,0,165,6,159,33,0,0,"['A' 'M' 'M' 'M' 'M' 'M' 'M' 'M' 'M' 'M' 'M' 'M' 'U' 'M' 'U' 'M' 'M' 'U'
 'M' 'U' 'U' 'M' 'U' 'M' 'M' 'M' 'M' 'M' 'M' 'M' 'M' 'M' 'M' 'M' 'M' 'M'
 'M' 'U' 'M' 'M' 'M' 'M' 'M' 'M' 'U' 'M' 'U' 'M' 'M' 'M' 'M' 'M' 'M' 'U'
 'M' 'M' 'M' 'M' 'A' 'M' 'M' 'M' 'M' 'A' 'M' 'M' 'U' 'M' 'M' 'U' 'M' 'M'
 'U' 'M' 'M' 'M' 'M' 'M' 'U' 'M' 'U' 'M' 'M' 'M' 'M' 'M' 'M' 'M' 'M' 'M'
 'M' 'M' 'M' 'M' 'M' 'M' 'M' 'U' 'M' 'M' 'M' 'M' 'M' 'U' 'M' 'U' 'M' 'U'
 'U' 'M' 'M' 'U' 'M' 'M' 'M' 'M' 'U' 'M' 'U' 'U' 'M' 'A' 'U' 'U' 'M' 'M'
 'M' 'M' 'M' 'M' 'M' 'M' 'M' 'M' 'M' 'M' 'M' 'M' 'M' 'M' 'M' 'M' 'U' 'M'
 'M' 'A' 'M' 'M' 'M' 'M' 'M' 'M' 'M' 'M' 'M' 'M' 'M' 'M' 'M' 'M' 'A' 'M'
 'M' 'M' 'U' 'M' 'M' 'M' 'M' 'M' 'M' 'M' 'M' 'M' 'U' 'M' 'U' 'M' 'U' 'M'
 'M' 'M' 'M' 'M' 'M' 'M' 'M' 'M' 'M' 'M' 'U' 'U' 'M' 'M' 'M' 'M' 'M' 'M']"
277001,0,164,4,160,34,0,0,"['A' 'M' 'M' 'M' 'U' 'M' 'M' 'M' 'M' 'M' 'M' 'M' 'U' 'M' 'U' 'M' 'M' 'U'
 'M' 'M' 'M' 'M' 'U' 'M' 'M' 'M' 'M' 'M' 'M' 'M' 'M' 'M' 'M' 'M' 'M' 'M'
 'M' 'U' 'M' 'M' 'M' 'M' 'M' 'M' 'M' 'M' 'M' 'M' 'M' 'M' 'M' 'M' 'M' 'M'
 'M' 'M' 'M' 'M' 'A' 'M' 'M' 'M' 'M' 'A' 'M' 'M' 'M' 'M' 'U' 'M' 'M' 'M'
 'U' 'M' 'M' 'M' 'M' 'M' 'M' 'M' 'U' 'M' 'U' 'M' 'U' 'M' 'M' 'M' 'M' 'M'
 'M' 'M' 'M' 'M' 'M' 'M' 'M' 'U' 'M' 'M' 'M' 'M' 'M' 'U' 'M' 'U' 'M' 'U'
 'U' 'M' 'M' 'U' 'M' 'M' 'M' 'M' 'U' 'U' 'U' 'U' 'M' 'U' 'U' 'U' 'M' 'M'
 'M' 'M' 'M' 'M' 'M' 'M' 'M' 'M' 'M' 'M' 'M' 'M' 'M' 'M' 'M' 'M' 'U' 'M'
 'M' 'U' 'M' 'M' 'M' 'M' 'M' 'M' 'M' 'M' 'M' 'M' 'M' 'M' 'M' 'M' 'A' 'M'
 'M' 'U' 'U' 'M' 'M' 'M' 'M' 'M' 'M' 'M' 'M' 'M' 'M' 'M' 'U' 'M' 'U' 'M'
 'M' 'M' 'M' 'U' 'M' 'M' 'M' 'U' 'M' 'M' 'U' 'U' 'M' 'M' 'M' 'M' 'M' 'M']"
277101,0,162,4,158,36,0,0,"['A' 'M' 'M' 'M' 'U' 'M' 'M' 'M' 'M' 'M' 'M' 'M' 'U' 'M' 'U' 'M' 'M' 'U'
 'M' 'M' 'M' 'M' 'U' 'M' 'M' 'M' 'M' 'U' 'M' 'M' 'M' 'M' 'M' 'M' 'M' 'M'
 'M' 'U' 'M' 'M' 'M' 'M' 'M' 'M' 'M' 'M' 'M' 'U' 'M' 'M' 'M' 'M' 'U' 'M'
 'M' 'M' 'M' 'M' 'A' 'M' 'M' 'M' 'M' 'A' 'M' 'M' 'M' 'M' 'M' 'U' 'M' 'U'
 'M' 'U' 'M' 'M' 'M' 'M' 'U' 'M' 'M' 'M' 'U' 'M' 'M' 'M' 'M' 'M' 'M' 'M'
 'M' 'M' 'M' 'M' 'M' 'M' 'M' 'M' 'M' 'M' 'M' 'M' 'M' 'U' 'M' 'U' 'M' 'U'
 'U' 'M' 'M' 'M' 'M' 'M' 'M' 'M' 'U' 'U' 'U' 'M' 'M' 'M' 'U' 'U' 'M' 'M'
 'M' 'M' 'M' 'M' 'M' 'M' 'M' 'M' 'M' 'M' 'M' 'M' 'M' 'M' 'M' 'M' 'M' 'M'
 'M' 'U' 'M' 'M' 'M' 'M' 'M' 'M' 'U' 'M' 'M' 'M' 'M' 'M' 'M' 'M' 'A' 'M'
 'U' 'U' 'U' 'M' 'M' 'M' 'M' 'M' 'M' 'M' 'M' 'M' 'M' 'M' 'M' 'U' 'U' 'M'
 'M' 'U' 'M' 'U' 'M' 'M' 'M' 'U' 'M' 'M' 'U' 'U' 'M' 'M' 'M' 'U' 'M' 'M']"
277201,0,160,5,155,38,0,0,"['A' 'M' 'M' 'M' 'U' 'M' 'M' 'M' 'M' 'M' 'M' 'M' 'U' 'M' 'M' 'M' 'M' 'U'
 'M' 'M' 'M' 'M' 'U' 'M' 'M' 'M' 'M' 'U' 'M' 'M' 'M' 'M' 'M' 'M' 'M' 'M'
 'U' 'U' 'M' 'M' 'M' 'M' 'M' 'M' 'M' 'M' 'M' 'U' 'M' 'M' 'M' 'M' 'U' 'M'
 'M' 'M' 'M' 'M' 'U' 'M' 'M' 'M' 'M' 'A' 'M' 'M' 'M' 'M' 'M' 'M' 'U' 'M'
 'M' 'M' 'M' 'M' 'M' 'M' 'M' 'U' 'M' 'M' 'M' 'M' 'M' 'M' 'U' 'U' 'M' 'M'
 'M' 'M' 'M' 'M' 'U' 'M' 'M' 'M' 'M' 'M' 'M' 'M' 'M' 'U' 'M' 'M' 'M' 'U'
 'U' 'M' 'M' 'M' 'M' 'M' 'M' 'M' 'U' 'U' 'U' 'M' 'M' 'M' 'U' 'U' 'M' 'M'
 'M' 'M' 'U' 'M' 'U' 'M' 'M' 'M' 'M' 'M' 'M' 'M' 'M' 'M' 'M' 'M' 'M' 'M'
 'M' 'U' 'M' 'M' 'M' 'M' 'M' 'M' 'U' 'M' 'M' 'M' 'U' 'A' 'M' 'M' 'A' 'M'
 'U' 'M' 'U' 'M' 'M' 'M' 'M' 'M' 'M' 'U' 'M' 'M' 'M' 'M' 'M' 'U' 'A' 'M'
 'M' 'U' 'M' 'U' 'M' 'M' 'M' 'U' 'M' 'M' 'U' 'U' 'M' 'M' 'M' 'U' 'M' 'M']"
277301,0,155,4,151,43,0,0,"['A' 'M' 'M' 'M' 'U' 'M' 'M' 'M' 'M' 'M' 'M' 'M' 'U' 'M' 'M' 'M' 'M' 'U'
 'M' 'M' 'M' 'M' 'U' 'M' 'M' 'M' 'M' 'M' 'M' 'M' 'M' 'M' 'M' 'M' 'M' 'M'
 'U' 'U' 'M' 'M' 'M' 'M' 'M' 'M' 'M' 'M' 'M' 'U' 'M' 'M' 'M' 'M' 'U' 'M'
 'U' 'U' 'M' 'M' 'U' 'U' 'M' 'M' 'M' 'U' 'M' 'M' 'U' 'M' 'M' 'M' 'U' 'M'
 'M' 'M' 'M' 'M' 'M' 'U' 'M' 'M' 'U' 'M' 'M' 'M' 'M' 'M' 'M' 'M' 'M' 'M'
 'M' 'M' 'M' 'U' 'M' 'M' 'M' 'U' 'M' 'M' 'M' 'M' 'M' 'M' 'M' 'M' 'M' 'U'
 'U' 'M' 'M' 'M' 'U' 'M' 'M' 'M' 'U' 'M' 'M' 'U' 'M' 'M' 'U' 'U' 'M' 'M'
 'M' 'M' 'U' 'M' 'M' 'M' 'U' 'M' 'U' 'U' 'U' 'U' 'U' 'M' 'M' 'M' 'M' 'M'
 'M' 'M' 'M' 'M' 'M' 'M' 'M' 'M' 'U' 'M' 'M' 'M' 'U' 'A' 'M' 'M' 'A' 'M'
 'U' 'M' 'U' 'M' 'U' 'M' 'M' 'M' 'M' 'U' 'M' 'M' 'M' 'M' 'M' 'U' 'A' 'M'
 'M' 'M' 'U' 'M' 'M' 'M' 'M' 'M' 'M' 'M' 'U' 'U' 'M' 'M' 'M' 'M' 'M' 'M']"
277401,0,152,4,148,46,0,0,"['A' 'M' 'U' 'M' 'U' 'M' 'M' 'M' 'M' 'M' 'M' 'M' 'U' 'M' 'M' 'M' 'M' 'U'
 'U' 'M' 'M' 'U' 'U' 'M' 'U' 'M' 'M' 'M' 'M' 'M' 'M' 'M' 'M' 'M' 'M' 'M'
 'U' 'U' 'M' 'M' 'M' 'M' 'M' 'M' 'M' 'M' 'M' 'U' 'M' 'M' 'M' 'M' 'U' 'M'
 'U' 'M' 'U' 'M' 'U' 'U' 'M' 'M' 'M' 'U' 'M' 'M' 'M' 'M' 'M' 'U' 'M' 'U'
 'M' 'M' 'M' 'M' 'M' 'M' 'U' 'M' 'U' 'M' 'M' 'M' 'M' 'M' 'M' 'M' 'M' 'M'
 'M' 'M' 'M' 'U' 'M' 'M' 'M' 'U' 'M' 'M' 'M' 'M' 'M' 'M' 'M' 'M' 'M' 'U'
 'U' 'M' 'M' 'M' 'U' 'M' 'U' 'M' 'M' 'M' 'M' 'M' 'M' 'M' 'U' 'U' 'M' 'M'
 'M' 'U' 'U' 'M' 'M' 'M' 'U' 'M' 'U' 'U' 'U' 'U' 'U' 'M' 'M' 'M' 'M' 'M'
 'M' 'M' 'M' 'M' 'M' 'M' 'M' 'M' 'U' 'M' 'M' 'M' 'M' 'A' 'M' 'U' 'A' 'M'
 'U' 'M' 'U' 'M' 'U' 'M' 'M' 'M' 'M' 'M' 'M' 'M' 'M' 'M' 'M' 'U' 'A' 'M'
 'M' 'M' 'M' 'M' 'M' 'M' 'M' 'M' 'M' 'U' 'U' 'U' 'M' 'M' 'M' 'M' 'M' 'M']"
277501,0,156,6,150,42,0,0,"['A' 'M' 'A' 'M' 'U' 'M' 'M' 'M' 'M' 'M' 'U' 'M' 'U' 'M' 'M' 'M' 'M' 'U'
 'U' 'U' 'M' 'U' 'M' 'M' 'U' 'M' 'M' 'M' 'M' 'M' 'M' 'M' 'M' 'M' 'M' 'M'
 'U' 'U' 'M' 'M' 'M' 'M' 'M' 'M' 'M' 'M' 'M' 'M' 'M' 'M' 'U' 'M' 'U' 'M'
 'U' 'M' 'M' 'M' 'M' 'U' 'M' 'M' 'M' 'U' 'M' 'M' 'M' 'U' 'M' 'M' 'M' 'M'
 'M' 'U' 'M' 'M' 'M' 'M' 'M' 'M' 'M' 'M' 'U' 'M' 'U' 'U' 'M' 'M' 'M' 'M'
 'M' 'M' 'M' 'M' 'M' 'M' 'M' 'U' 'M' 'M' 'U' 'M' 'M' 'M' 'M' 'M' 'M' 'M'
 'U' 'M' 'M' 'M' 'U' 'M' 'U' 'M' 'M' 'M' 'M' 'M' 'M' 'M' 'M' 'U' 'M' 'M'
 'M' 'U' 'M' 'M' 'M' 'M' 'U' 'M' 'A' 'U' 'U' 'U' 'M' 'M' 'M' 'M' 'M' 'M'
 'M' 'U' 'M' 'M' 'M' 'M' 'U' 'M' 'U' 'M' 'M' 'M' 'M' 'A' 'M' 'U' 'A' 'M'
 'U' 'M' 'M' 'M' 'U' 'U' 'M' 'M' 'M' 'M' 'M' 'M' 'M' 'M' 'M' 'U' 'A' 'M'
 'M' 'M' 'M' 'M' 'M' 'M' 'M' 'M' 'M' 'U' 'U' 'U' 'M' 'M' 'M' 'M' 'M' 'M']"
277601,0,153,8,145,45,0,0,"['A' 'M' 'A' 'M' 'M' 'U' 'M' 'M' 'M' 'M' 'M' 'M' 'U' 'M' 'M' 'M' 'M' 'U'
 'U' 'U' 'M' 'U' 'M' 'M' 'U' 'M' 'M' 'U' 'M' 'M' 'M' 'M' 'M' 'M' 'M' 'M'
 'U' 'M' 'U' 'M' 'M' 'M' 'M' 'M' 'M' 'M' 'M' 'M' 'M' 'M' 'M' 'M' 'U' 'M'
 'M' 'M' 'M' 'M' 'M' 'U' 'M' 'M' 'M' 'U' 'U' 'M' 'M' 'M' 'M' 'M' 'M' 'M'
 'M' 'M' 'M' 'U' 'U' 'M' 'M' 'M' 'U' 'M' 'U' 'M' 'M' 'M' 'M' 'U' 'M' 'M'
 'M' 'M' 'M' 'M' 'M' 'M' 'M' 'U' 'M' 'M' 'A' 'M' 'M' 'M' 'M' 'M' 'M' 'M'
 'U' 'M' 'M' 'M' 'U' 'M' 'U' 'M' 'M' 'M' 'M' 'M' 'M' 'M' 'M' 'U' 'M' 'U'
 'M' 'A' 'M' 'M' 'M' 'M' 'U' 'U' 'U' 'A' 'U' 'U' 'U' 'M' 'M' 'M' 'M' 'M'
 'M' 'U' 'M' 'M' 'M' 'M' 'U' 'M' 'U' 'M' 'M' 'M' 'M' 'A' 'M' 'U' 'A' 'M'
 'U' 'U' 'M' 'U' 'U' 'U' 'M' 'M' 'M' 'U' 'U' 'M' 'M' 'M' 'M' 'M' 'A' 'M'
 'M' 'U' 'M' 'M' 'M' 'M' 'M' 'M' 'M' 'U' 'U' 'M' 'M' 'M' 'M' 'M' 'M' 'M']"
277701,0,157,7,150,41,0,0,"['A' 'M' 'A' 'M' 'M' 'U' 'M' 'M' 'M' 'M' 'M' 'M' 'M' 'M' 'M' 'M' 'M' 'M'
 'U' 'U' 'M' 'M' 'M' 'M' 'U' 'M' 'M' 'U' 'M' 'U' 'M' 'M' 'U' 'M' 'M' 'M'
 'U' 'M' 'M' 'M' 'M' 'M' 'M' 'M' 'M' 'M' 'M' 'M' 'M' 'M' 'U' 'M' 'M' 'M'
 'M' 'M' 'M' 'M' 'M' 'M' 'M' 'M' 'M' 'U' 'U' 'M' 'M' 'U' 'M' 'M' 'M' 'U'
 'M' 'M' 'M' 'M' 'M' 'M' 'M' 'M' 'M' 'M' 'M' 'M' 'M' 'M' 'U' 'M' 'U' 'M'
 'M' 'M' 'U' 'M' 'M' 'M' 'M' 'M' 'M' 'M' 'A' 'M' 'M' 'M' 'M' 'M' 'M' 'M'
 'U' 'M' 'U' 'M' 'M' 'M' 'M' 'M' 'M' 'M' 'M' 'M' 'M' 'M' 'M' 'M' 'M' 'U'
 'M' 'A' 'M' 'M' 'M' 'M' 'U' 'U' 'U' 'A' 'U' 'U' 'U' 'M' 'M' 'M' 'M' 'M'
 'U' 'U' 'M' 'M' 'M' 'M' 'M' 'M' 'U' 'M' 'M' 'M' 'M' 'A' 'M' 'U' 'U' 'M'
 'U' 'M' 'M' 'U' 'U' 'U' 'M' 'M' 'M' 'M' 'U' 'M' 'M' 'U' 'M' 'M' 'A' 'M'
 'M' 'U' 'M' 'M' 'U' 'U' 'M' 'M' 'U' 'M' 'M' 'M' 'U' 'M' 'M' 'M' 'M' 'M']"
277801,0,156,5,151,42,0,1,"['A' 'M' 'A' 'M' 'M' 'U' 'M' 'M' 'M' 'M' 'M' 'M' 'M' 'M' 'M' 'M' 'M' 'M'
 'U' 'U' 'M' 'M' 'U' 'M' 'U' 'M' 'M' 'U' 'M' 'M' 'M' 'M' 'U' 'M' 'M' 'M'
 'U' 'M' 'M' 'M' 'M' 'M' 'M' 'M' 'M' 'M' 'M' 'M' 'M' 'M' 'U' 'M' 'M' 'M'
 'M' 'M' 'U' 'M' 'M' 'M' 'M' 'M' 'M' 'U' 'U' 'M' 'U' 'M' 'U' 'M' 'M' 'M'
 'U' 'M' 'M' 'M' 'U' 'M' 'M' 'M' 'M' 'M' 'M' 'M' 'M' 'M' 'M' 'M' 'M' 'M'
 'M' 'M' 'M' 'M' 'U' 'M' 'M' 'M' 'M' 'M' 'A' 'U' 'M' 'M' 'M' 'M' 'M' 'M'
 'U' 'M' 'U' 'M' 'M' 'M' 'M' 'M' 'M' 'M' 'M' 'M' 'M' 'M' 'M' 'M' 'M' 'U'
 'M' 'A' 'M' 'M' 'M' 'U' 'U' 'U' 'M' 'U' 'U' 'U' 'U' 'M' 'M' 'U' 'M' 'M'
 'U' 'U' 'M' 'M' 'M' 'M' 'M' 'M' 'U' 'M' 'M' 'M' 'U' 'A' 'M' 'U' 'M' 'M'
 'U' 'M' 'M' 'M' 'M' 'U' 'M' 'M' 'M' 'M' 'U' 'M' 'M' 'U' 'M' 'M' 'U' 'M'
 'M' 'U' 'M' 'M' 'U' 'U' 'M' 'M' 'M' 'M' 'M' 'M' 'M' 'M' 'M' 'M' 'M' 'M']"
277901,0,156,5,151,42,0,0,"['A' 'M' 'A' 'M' 'M' 'M' 'M' 'M' 'M' 'M' 'M' 'M' 'M' 'M' 'M' 'M' 'M' 'M'
 'M' 'U' 'M' 'U' 'U' 'M' 'U' 'M' 'M' 'U' 'M' 'M' 'M' 'M' 'U' 'M' 'M' 'M'
 'U' 'M' 'M' 'M' 'M' 'U' 'M' 'M' 'M' 'M' 'M' 'U' 'M' 'M' 'U' 'M' 'M' 'M'
 'M' 'M' 'U' 'M' 'M' 'M' 'M' 'M' 'M' 'U' 'U' 'M' 'U' 'M' 'U' 'M' 'M' 'M'
 'M' 'M' 'M' 'M' 'M' 'M' 'M' 'M' 'M' 'M' 'U' 'U' 'M' 'M' 'M' 'U' 'M' 'M'
 'M' 'M' 'M' 'M' 'M' 'M' 'M' 'M' 'M' 'M' 'U' 'U' 'M' 'M' 'M' 'M' 'M' 'M'
 'U' 'M' 'M' 'M' 'M' 'M' 'M' 'M' 'M' 'M' 'M' 'M' 'M' 'M' 'M' 'M' 'M' 'U'
 'M' 'A' 'M' 'M' 'M' 'U' 'U' 'U' 'M' 'U' 'U' 'U' 'U' 'M' 'M' 'A' 'M' 'M'
 'M' 'A' 'M' 'M' 'M' 'M' 'M' 'M' 'U' 'U' 'M' 'M' 'U' 'U' 'M' 'U' 'M' 'M'
 'U' 'M' 'M' 'M' 'M' 'U' 'M' 'M' 'M' 'M' 'U' 'M' 'M' 'U' 'M' 'M' 'U' 'M'
 'M' 'U' 'M' 'M' 'U' 'U' 'M' 'M' 'M' 'M' 'M' 'M' 'M' 'M' 'M' 'M' 'M' 'M']"
278001,0,158,4,154,40,0,0,"['A' 'M' 'A' 'M' 'M' 'M' 'M' 'M' 'M' 'M' 'M' 'M' 'M' 'M' 'M' 'M' 'M' 'M'
 'M' 'U' 'M' 'U' 'U' 'M' 'M' 'M' 'M' 'M' 'M' 'M' 'M' 'M' 'U' 'M' 'M' 'M'
 'U' 'M' 'M' 'U' 'M' 'M' 'M' 'M' 'M' 'M' 'M' 'U' 'M' 'M' 'U' 'M' 'M' 'M'
 'M' 'M' 'U' 'M' 'M' 'M' 'M' 'U' 'M' 'M' 'M' 'M' 'M' 'M' 'M' 'M' 'U' 'M'
 'M' 'M' 'M' 'M' 'M' 'M' 'M' 'M' 'M' 'M' 'M' 'M' 'U' 'U' 'U' 'M' 'M' 'U'
 'M' 'M' 'M' 'M' 'M' 'M' 'M' 'M' 'M' 'M' 'U' 'U' 'M' 'M' 'M' 'M' 'U' 'M'
 'U' 'M' 'M' 'M' 'M' 'M' 'M' 'M' 'M' 'M' 'M' 'M' 'M' 'M' 'M' 'M' 'M' 'U'
 'M' 'A' 'M' 'M' 'M' 'M' 'U' 'M' 'U' 'U' 'U' 'U' 'U' 'M' 'M' 'U' 'M' 'M'
 'M' 'U' 'M' 'U' 'M' 'M' 'M' 'M' 'U' 'M' 'M' 'M' 'M' 'U' 'M' 'U' 'M' 'M'
 'U' 'M' 'M' 'M' 'M' 'U' 'M' 'M' 'M' 'M' 'U' 'M' 'M' 'U' 'M' 'M' 'U' 'M'
 'M' 'U' 'M' 'M' 'A' 'U' 'M' 'M' 'M' 'M' 'M' 'M' 'M' 'M' 'M' 'M' 'M' 'U']"
278101,1,163,4,159,35,0,1,"['A' 'M' 'A' 'M' 'M' 'M' 'M' 'M' 'M' 'M' 'M' 'M' 'M' 'M' 'M' 'M' 'M' 'M'
 'M' 'U' 'M' 'U' 'M' 'M' 'M' 'M' 'M' 'M' 'M' 'M' 'M' 'M' 'M' 'M' 'M' 'M'
 'U' 'M' 'M' 'M' 'M' 'M' 'M' 'M' 'M' 'M' 'M' 'A' 'M' 'M' 'M' 'M' 'M' 'M'
 'M' 'M' 'U' 'M' 'M' 'M' 'M' 'U' 'M' 'M' 'M' 'M' 'M' 'M' 'U' 'M' 'M' 'M'
 'U' 'M' 'M' 'M' 'M' 'M' 'U' 'M' 'U' 'M' 'M' 'M' 'M' 'M' 'M' 'M' 'M' 'M'
 'U' 'M' 'M' 'M' 'M' 'M' 'M' 'M' 'M' 'M' 'M' 'M' 'M' 'M' 'M' 'U' 'U' 'M'
 'U' 'M' 'M' 'M' 'M' 'M' 'M' 'M' 'M' 'M' 'M' 'M' 'M' 'M' 'M' 'M' 'M' 'U'
 'M' 'U' 'M' 'M' 'M' 'U' 'U' 'U' 'U' 'U' 'U' 'U' 'M' 'M' 'U' 'U' 'U' 'M'
 'M' 'U' 'M' 'M' 'M' 'M' 'M' 'M' 'U' 'M' 'M' 'M' 'M' 'M' 'M' 'U' 'M' 'M'
 'U' 'M' 'M' 'U' 'M' 'U' 'M' 'M' 'M' 'M' 'U' 'M' 'M' 'U' 'M' 'M' 'M' 'M'
 'M' 'U' 'M' 'M' 'A' 'M' 'M' 'M' 'M' 'M' 'M' 'M' 'M' 'M' 'M' 'M' 'M' 'U']"
278201,0,169,3,166,29,0,0,"['A' 'M' 'A' 'M' 'M' 'M' 'M' 'M' 'M' 'M' 'M' 'M' 'M' 'M' 'U' 'M' 'M' 'M'
 'M' 'U' 'M' 'U' 'M' 'M' 'M' 'M' 'M' 'M' 'M' 'M' 'M' 'M' 'M' 'M' 'U' 'M'
 'M' 'M' 'M' 'M' 'M' 'M' 'M' 'M' 'M' 'M' 'M' 'U' 'M' 'M' 'M' 'M' 'M' 'M'
 'M' 'M' 'U' 'M' 'M' 'M' 'M' 'U' 'M' 'M' 'M' 'M' 'M' 'M' 'M' 'U' 'M' 'M'
 'M' 'M' 'M' 'M' 'M' 'M' 'M' 'M' 'U' 'M' 'M' 'U' 'M' 'M' 'M' 'M' 'M' 'M'
 'M' 'U' 'M' 'U' 'M' 'M' 'M' 'M' 'M' 'M' 'M' 'M' 'M' 'M' 'U' 'M' 'M' 'M'
 'U' 'M' 'M' 'M' 'M' 'M' 'M' 'M' 'U' 'M' 'M' 'M' 'M' 'M' 'M' 'M' 'M' 'M'
 'M' 'U' 'M' 'M' 'M' 'M' 'U' 'A' 'M' 'U' 'M' 'U' 'M' 'M' 'U' 'U' 'M' 'M'
 'M' 'U' 'M' 'M' 'M' 'M' 'M' 'M' 'M' 'M' 'M' 'M' 'M' 'M' 'M' 'U' 'M' 'M'
 'U' 'M' 'M' 'U' 'M' 'U' 'M' 'M' 'M' 'M' 'U' 'M' 'M' 'M' 'M' 'M' 'M' 'M'
 'M' 'U' 'M' 'M' 'M' 'M' 'M' 'M' 'M' 'M' 'M' 'M' 'M' 'M' 'M' 'U' 'M' 'M']"
278301,0,167,2,165,31,0,0,"['A' 'M' 'A' 'M' 'M' 'M' 'M' 'U' 'M' 'M' 'M' 'M' 'M' 'M' 'U' 'M' 'M' 'M'
 'M' 'U' 'M' 'U' 'M' 'M' 'M' 'M' 'M' 'M' 'M' 'M' 'M' 'M' 'M' 'M' 'U' 'M'
 'M' 'M' 'M' 'M' 'M' 'M' 'M' 'M' 'M' 'M' 'M' 'U' 'M' 'M' 'M' 'M' 'M' 'M'
 'M' 'M' 'U' 'M' 'M' 'M' 'M' 'U' 'M' 'M' 'M' 'M' 'U' 'M' 'M' 'M' 'U' 'M'
 'M' 'M' 'M' 'M' 'M' 'M' 'M' 'M' 'M' 'M' 'U' 'U' 'M' 'U' 'M' 'M' 'M' 'M'
 'M' 'M' 'M' 'M' 'M' 'M' 'M' 'U' 'M' 'M' 'M' 'M' 'M' 'M' 'U' 'M' 'M' 'M'
 'U' 'M' 'M' 'M' 'M' 'M' 'M' 'M' 'M' 'M' 'M' 'M' 'M' 'M' 'M' 'M' 'M' 'M'
 'M' 'U' 'M' 'M' 'M' 'M' 'M' 'U' 'M' 'U' 'M' 'U' 'M' 'M' 'U' 'U' 'M' 'M'
 'M' 'U' 'M' 'M' 'M' 'U' 'M' 'M' 'M' 'M' 'M' 'M' 'M' 'M' 'M' 'M' 'M' 'M'
 'U' 'M' 'M' 'U' 'M' 'U' 'M' 'M' 'M' 'M' 'U' 'M' 'M' 'M' 'M' 'M' 'M' 'M'
 'M' 'U' 'M' 'M' 'U' 'M' 'M' 'M' 'M' 'M' 'M' 'M' 'M' 'M' 'M' 'U' 'M' 'M']"
278401,0,170,3,167,28,0,0,"['A' 'M' 'U' 'M' 'M' 'M' 'U' 'U' 'M' 'M' 'M' 'M' 'M' 'M' 'M' 'M' 'M' 'M'
 'M' 'U' 'M' 'U' 'M' 'M' 'M' 'M' 'M' 'M' 'M' 'M' 'M' 'M' 'M' 'M' 'U' 'M'
 'M' 'M' 'M' 'M' 'M' 'M' 'M' 'M' 'M' 'M' 'M' 'U' 'M' 'M' 'M' 'M' 'M' 'M'
 'M' 'M' 'M' 'M' 'M' 'M' 'M' 'M' 'M' 'M' 'M' 'M' 'M' 'M' 'U' 'U' 'M' 'M'
 'M' 'M' 'M' 'M' 'M' 'M' 'M' 'M' 'M' 'M' 'M' 'U' 'M' 'M' 'M' 'M' 'M' 'M'
 'U' 'M' 'U' 'M' 'M' 'U' 'M' 'U' 'M' 'M' 'M' 'M' 'M' 'M' 'M' 'M' 'M' 'M'
 'M' 'M' 'M' 'M' 'M' 'M' 'M' 'M' 'M' 'M' 'U' 'M' 'M' 'M' 'M' 'M' 'M' 'M'
 'M' 'M' 'M' 'M' 'M' 'U' 'U' 'U' 'U' 'U' 'U' 'A' 'U' 'M' 'U' 'M' 'M' 'M'
 'M' 'U' 'M' 'M' 'M' 'U' 'M' 'M' 'M' 'M' 'M' 'M' 'M' 'M' 'M' 'M' 'M' 'M'
 'U' 'M' 'M' 'M' 'M' 'U' 'M' 'M' 'M' 'M' 'M' 'M' 'M' 'M' 'M' 'M' 'M' 'M'
 'M' 'U' 'M' 'M' 'A' 'M' 'M' 'M' 'M' 'M' 'M' 'M' 'M' 'M' 'M' 'M' 'M' 'M']"
278501,0,167,4,163,31,1,0,"['A' 'M' 'U' 'M' 'M' 'M' 'A' 'U' 'M' 'M' 'M' 'M' 'M' 'M' 'M' 'M' 'M' 'M'
 'M' 'U' 'M' 'M' 'M' 'M' 'M' 'M' 'M' 'M' 'M' 'M' 'M' 'M' 'M' 'M' 'U' 'M'
 'M' 'M' 'M' 'M' 'M' 'M' 'U' 'M' 'M' 'M' 'M' 'M' 'M' 'M' 'M' 'M' 'M' 'M'
 'M' 'M' 'M' 'M' 'M' 'M' 'M' 'M' 'M' 'U' 'M' 'M' 'M' 'M' 'M' 'U' 'M' 'M'
 'M' 'M' 'M' 'M' 'M' 'M' 'U' 'M' 'U' 'M' 'M' 'M' 'M' 'U' 'U' 'M' 'M' 'M'
 'M' 'M' 'M' 'M' 'M' 'U' 'M' 'M' 'M' 'M' 'M' 'M' 'M' 'M' 'U' 'M' 'M' 'M'
 'M' 'M' 'M' 'M' 'M' 'M' 'M' 'M' 'M' 'U' 'U' 'M' 'U' 'M' 'M' 'M' 'M' 'M'
 'M' 'M' 'M' 'M' 'M' 'U' 'U' 'M' 'U' 'U' 'U' 'A' 'U' 'M' 'M' 'M' 'M' 'M'
 'M' 'U' 'M' 'M' 'M' 'U' 'M' 'M' 'M' 'M' 'M' 'M' 'M' 'M' 'M' 'M' 'M' 'M'
 'U' 'U' 'M' 'M' 'M' 'M' 'M' 'U' 'M' 'M' 'M' 'M' 'M' 'M' 'U' 'M' 'M' 'M'
 'M' 'U' 'U' 'M' 'A' 'M' 'M' 'M' 'M' 'M' 'U' 'M' 'M' 'M' 'M' 'M' 'M' 'M']"
278601,0,166,5,161,32,0,0,"['A' 'M' 'U' 'M' 'M' 'M' 'A' 'U' 'M' 'M' 'M' 'M' 'M' 'M' 'M' 'M' 'M' 'M'
 'M' 'M' 'M' 'M' 'M' 'M' 'M' 'M' 'M' 'M' 'U' 'M' 'M' 'M' 'M' 'M' 'U' 'M'
 'U' 'M' 'M' 'M' 'M' 'M' 'U' 'M' 'M' 'M' 'M' 'M' 'M' 'M' 'M' 'M' 'M' 'M'
 'U' 'M' 'M' 'M' 'M' 'M' 'M' 'M' 'M' 'U' 'M' 'U' 'M' 'M' 'U' 'M' 'M' 'U'
 'M' 'M' 'M' 'M' 'M' 'U' 'M' 'M' 'M' 'M' 'M' 'M' 'U' 'M' 'M' 'M' 'M' 'M'
 'M' 'M' 'M' 'M' 'M' 'M' 'M' 'M' 'M' 'M' 'M' 'M' 'M' 'M' 'U' 'M' 'M' 'M'
 'M' 'M' 'U' 'M' 'M' 'M' 'M' 'M' 'M' 'U' 'U' 'M' 'U' 'M' 'M' 'M' 'M' 'M'
 'M' 'M' 'M' 'M' 'M' 'A' 'M' 'M' 'U' 'U' 'U' 'A' 'U' 'M' 'M' 'M' 'M' 'M'
 'M' 'U' 'M' 'U' 'M' 'U' 'M' 'M' 'M' 'M' 'M' 'M' 'M' 'M' 'M' 'M' 'M' 'M'
 'U' 'U' 'M' 'M' 'M' 'M' 'M' 'M' 'U' 'M' 'M' 'M' 'M' 'M' 'U' 'M' 'M' 'M'
 'M' 'U' 'U' 'M' 'A' 'M' 'M' 'M' 'M' 'M' 'M' 'M' 'M' 'M' 'M' 'M' 'M' 'U']"
278701,0,171,6,165,27,0,0,"['A' 'M' 'M' 'M' 'M' 'M' 'A' 'U' 'M' 'M' 'M' 'M' 'M' 'M' 'M' 'M' 'M' 'M'
 'M' 'M' 'M' 'M' 'M' 'M' 'M' 'M' 'M' 'M' 'M' 'M' 'M' 'M' 'M' 'M' 'M' 'M'
 'U' 'M' 'M' 'M' 'M' 'M' 'U' 'M' 'M' 'M' 'M' 'M' 'M' 'M' 'M' 'M' 'M' 'M'
 'U' 'M' 'M' 'U' 'M' 'M' 'M' 'M' 'M' 'U' 'M' 'U' 'M' 'M' 'M' 'M' 'M' 'M'
 'U' 'M' 'M' 'M' 'M' 'M' 'M' 'M' 'U' 'M' 'M' 'M' 'M' 'M' 'M' 'M' 'M' 'M'
 'M' 'U' 'M' 'M' 'U' 'M' 'M' 'M' 'M' 'M' 'M' 'M' 'M' 'M' 'M' 'M' 'M' 'M'
 'M' 'M' 'M' 'M' 'M' 'M' 'U' 'M' 'M' 'U' 'U' 'M' 'M' 'M' 'M' 'M' 'M' 'M'
 'M' 'M' 'M' 'M' 'M' 'A' 'U' 'M' 'U' 'U' 'A' 'U' 'U' 'M' 'M' 'M' 'M' 'M'
 'M' 'U' 'M' 'M' 'M' 'U' 'M' 'M' 'M' 'M' 'M' 'M' 'M' 'M' 'M' 'M' 'M' 'M'
 'U' 'U' 'M' 'M' 'M' 'M' 'M' 'M' 'M' 'M' 'M' 'M' 'M' 'M' 'U' 'M' 'M' 'M'
 'M' 'U' 'U' 'M' 'A' 'M' 'M' 'M' 'M' 'M' 'M' 'M' 'M' 'M' 'M' 'U' 'M' 'A']"
278801,0,171,4,167,27,1,0,"['A' 'M' 'M' 'M' 'M' 'U' 'U' 'U' 'M' 'M' 'M' 'M' 'M' 'M' 'M' 'M' 'M' 'M'
 'M' 'M' 'M' 'M' 'M' 'M' 'M' 'M' 'M' 'M' 'M' 'U' 'M' 'M' 'M' 'M' 'M' 'M'
 'U' 'M' 'M' 'M' 'M' 'M' 'U' 'M' 'M' 'M' 'M' 'M' 'M' 'M' 'M' 'M' 'M' 'M'
 'U' 'M' 'M' 'M' 'M' 'M' 'M' 'U' 'M' 'U' 'M' 'M' 'U' 'M' 'M' 'M' 'U' 'M'
 'M' 'M' 'M' 'M' 'M' 'M' 'M' 'U' 'M' 'M' 'M' 'M' 'M' 'M' 'M' 'M' 'M' 'M'
 'M' 'M' 'M' 'U' 'U' 'M' 'M' 'M' 'M' 'M' 'M' 'M' 'M' 'M' 'M' 'M' 'M' 'M'
 'M' 'M' 'M' 'M' 'M' 'M' 'U' 'M' 'M' 'U' 'M' 'M' 'M' 'M' 'M' 'M' 'M' 'M'
 'M' 'M' 'M' 'M' 'M' 'A' 'U' 'M' 'U' 'U' 'A' 'M' 'M' 'M' 'M' 'M' 'M' 'M'
 'M' 'U' 'M' 'M' 'M' 'M' 'M' 'M' 'M' 'M' 'M' 'M' 'M' 'M' 'M' 'M' 'M' 'U'
 'U' 'U' 'M' 'M' 'M' 'M' 'M' 'M' 'M' 'M' 'M' 'M' 'M' 'M' 'U' 'M' 'M' 'M'
 'M' 'U' 'U' 'M' 'U' 'M' 'M' 'M' 'M' 'M' 'M' 'M' 'M' 'M' 'M' 'M' 'M' 'A']"
278901,0,170,3,167,28,1,0,"['A' 'M' 'M' 'M' 'M' 'M' 'U' 'U' 'M' 'M' 'M' 'U' 'M' 'M' 'M' 'M' 'M' 'M'
 'M' 'M' 'U' 'M' 'M' 'M' 'M' 'M' 'M' 'M' 'M' 'U' 'M' 'M' 'M' 'M' 'M' 'M'
 'M' 'U' 'M' 'M' 'M' 'M' 'M' 'M' 'M' 'U' 'M' 'M' 'M' 'M' 'M' 'M' 'M' 'M'
 'U' 'M' 'M' 'M' 'M' 'M' 'M' 'U' 'M' 'U' 'M' 'U' 'M' 'M' 'M' 'M' 'M' 'M'
 'U' 'M' 'M' 'M' 'M' 'M' 'M' 'M' 'M' 'U' 'M' 'M' 'M' 'M' 'M' 'M' 'U' 'M'
 'M' 'M' 'M' 'M' 'U' 'M' 'M' 'M' 'M' 'M' 'M' 'M' 'M' 'M' 'M' 'M' 'M' 'M'
 'M' 'M' 'M' 'M' 'M' 'M' 'U' 'M' 'M' 'U' 'M' 'M' 'M' 'M' 'M' 'M' 'M' 'M'
 'M' 'M' 'M' 'M' 'M' 'A' 'M' 'M' 'U' 'M' 'U' 'M' 'M' 'M' 'M' 'M' 'M' 'M'
 'M' 'U' 'M' 'M' 'M' 'M' 'M' 'M' 'M' 'M' 'M' 'M' 'M' 'M' 'M' 'M' 'M' 'A'
 'U' 'U' 'M' 'M' 'U' 'M' 'M' 'U' 'M' 'M' 'M' 'M' 'M' 'M' 'M' 'M' 'U' 'M'
 'M' 'U' 'U' 'M' 'U' 'M' 'M' 'M' 'M' 'M' 'M' 'M' 'M' 'M' 'M' 'M' 'M' 'M']"
279001,0,170,3,167,28,0,0,"['A' 'M' 'M' 'M' 'M' 'M' 'U' 'M' 'M' 'M' 'U' 'U' 'M' 'U' 'M' 'M' 'M' 'M'
 'M' 'M' 'U' 'M' 'M' 'M' 'M' 'M' 'M' 'M' 'M' 'U' 'M' 'M' 'M' 'M' 'M' 'M'
 'M' 'U' 'M' 'U' 'M' 'M' 'M' 'M' 'M' 'U' 'M' 'M' 'M' 'M' 'M' 'M' 'M' 'M'
 'U' 'M' 'M' 'M' 'M' 'M' 'M' 'M' 'M' 'U' 'M' 'M' 'M' 'M' 'M' 'M' 'M' 'M'
 'M' 'M' 'U' 'U' 'M' 'M' 'M' 'U' 'M' 'M' 'M' 'U' 'M' 'M' 'U' 'M' 'M' 'M'
 'M' 'M' 'M' 'M' 'M' 'M' 'M' 'M' 'M' 'M' 'M' 'M' 'M' 'M' 'M' 'M' 'M' 'M'
 'M' 'M' 'M' 'M' 'M' 'M' 'U' 'M' 'M' 'M' 'M' 'M' 'M' 'M' 'M' 'M' 'M' 'M'
 'M' 'M' 'M' 'M' 'M' 'U' 'M' 'M' 'M' 'M' 'U' 'M' 'M' 'M' 'M' 'M' 'U' 'M'
 'M' 'U' 'M' 'M' 'M' 'M' 'M' 'M' 'M' 'M' 'M' 'M' 'M' 'M' 'M' 'M' 'M' 'A'
 'A' 'U' 'M' 'M' 'U' 'M' 'M' 'U' 'M' 'M' 'M' 'M' 'M' 'M' 'M' 'M' 'U' 'M'
 'M' 'U' 'U' 'M' 'U' 'M' 'M' 'M' 'M' 'M' 'M' 'M' 'M' 'M' 'M' 'M' 'M' 'M']"
279101,0,167,4,163,31,0,1,"['A' 'M' 'M' 'M' 'M' 'M' 'U' 'M' 'M' 'M' 'M' 'U' 'M' 'U' 'M' 'M' 'M' 'M'
 'M' 'M' 'U' 'M' 'M' 'M' 'M' 'M' 'M' 'M' 'U' 'U' 'M' 'M' 'M' 'U' 'M' 'M'
 'M' 'U' 'M' 'U' 'U' 'M' 'M' 'M' 'M' 'U' 'M' 'M' 'M' 'M' 'M' 'M' 'M' 'M'
 'U' 'M' 'M' 'M' 'M' 'M' 'M' 'M' 'M' 'M' 'M' 'M' 'M' 'M' 'M' 'M' 'U' 'U'
 'M' 'M' 'M' 'M' 'M' 'M' 'M' 'M' 'M' 'M' 'M' 'M' 'U' 'M' 'U' 'M' 'M' 'U'
 'M' 'M' 'M' 'M' 'M' 'M' 'A' 'M' 'M' 'U' 'M' 'M' 'M' 'M' 'M' 'M' 'M' 'M'
 'M' 'M' 'M' 'M' 'M' 'M' 'U' 'M' 'M' 'M' 'M' 'M' 'M' 'M' 'M' 'M' 'M' 'M'
 'M' 'M' 'M' 'M' 'M' 'U' 'M' 'M' 'M' 'M' 'U' 'U' 'M' 'M' 'M' 'M' 'U' 'M'
 'M' 'M' 'M' 'M' 'M' 'M' 'M' 'M' 'M' 'M' 'M' 'M' 'M' 'M' 'M' 'M' 'M' 'A'
 'U' 'M' 'M' 'M' 'U' 'M' 'M' 'U' 'M' 'M' 'M' 'M' 'M' 'M' 'M' 'M' 'U' 'M'
 'M' 'A' 'U' 'M' 'U' 'M' 'M' 'M' 'M' 'M' 'M' 'U' 'M' 'M' 'M' 'M' 'M' 'U']"
279201,0,166,3,163,32,0,0,"['A' 'U' 'M' 'M' 'M' 'M' 'U' 'M' 'M' 'M' 'M' 'U' 'M' 'U' 'M' 'M' 'M' 'M'
 'M' 'M' 'M' 'M' 'M' 'M' 'M' 'M' 'M' 'M' 'M' 'M' 'U' 'M' 'M' 'M' 'M' 'M'
 'M' 'U' 'M' 'U' 'U' 'M' 'M' 'M' 'M' 'U' 'M' 'M' 'M' 'M' 'M' 'M' 'M' 'M'
 'U' 'M' 'M' 'M' 'M' 'M' 'M' 'M' 'M' 'M' 'M' 'U' 'M' 'U' 'M' 'M' 'U' 'M'
 'M' 'M' 'M' 'M' 'M' 'M' 'M' 'U' 'M' 'M' 'M' 'M' 'M' 'M' 'M' 'M' 'M' 'U'
 'M' 'M' 'M' 'M' 'M' 'M' 'A' 'M' 'M' 'U' 'M' 'M' 'M' 'M' 'M' 'M' 'U' 'U'
 'M' 'M' 'M' 'M' 'M' 'M' 'M' 'M' 'M' 'M' 'M' 'M' 'M' 'M' 'M' 'M' 'M' 'M'
 'M' 'M' 'M' 'M' 'M' 'U' 'M' 'M' 'M' 'M' 'U' 'U' 'M' 'M' 'M' 'M' 'U' 'U'
 'M' 'M' 'M' 'M' 'M' 'M' 'M' 'M' 'M' 'M' 'M' 'M' 'U' 'M' 'M' 'M' 'M' 'A'
 'U' 'M' 'M' 'M' 'M' 'M' 'M' 'U' 'M' 'M' 'M' 'M' 'M' 'M' 'M' 'M' 'U' 'M'
 'M' 'U' 'U' 'M' 'U' 'M' 'M' 'M' 'M' 'M' 'M' 'U' 'M' 'U' 'M' 'M' 'M' 'M']"
279301,0,162,3,159,36,1,0,"['A' 'M' 'M' 'M' 'M' 'M' 'U' 'U' 'M' 'M' 'M' 'U' 'U' 'M' 'M' 'M' 'M' 'M'
 'M' 'M' 'M' 'M' 'M' 'M' 'M' 'M' 'M' 'M' 'M' 'M' 'M' 'M' 'M' 'M' 'M' 'M'
 'M' 'U' 'M' 'U' 'U' 'M' 'M' 'M' 'M' 'U' 'M' 'M' 'M' 'M' 'M' 'M' 'U' 'U'
 'U' 'M' 'M' 'M' 'M' 'M' 'M' 'M' 'M' 'M' 'M' 'M' 'M' 'M' 'U' 'U' 'M' 'M'
 'M' 'M' 'U' 'M' 'M' 'U' 'M' 'M' 'M' 'M' 'U' 'M' 'M' 'M' 'M' 'M' 'M' 'M'
 'M' 'M' 'M' 'M' 'M' 'M' 'A' 'U' 'M' 'U' 'M' 'U' 'M' 'M' 'M' 'M' 'M' 'M'
 'M' 'M' 'M' 'M' 'M' 'M' 'M' 'M' 'M' 'M' 'M' 'M' 'M' 'M' 'M' 'M' 'M' 'M'
 'M' 'M' 'M' 'M' 'M' 'U' 'M' 'M' 'U' 'M' 'U' 'M' 'M' 'M' 'M' 'M' 'U' 'U'
 'M' 'U' 'M' 'M' 'M' 'M' 'M' 'M' 'U' 'U' 'M' 'M' 'U' 'M' 'M' 'M' 'M' 'A'
 'M' 'M' 'M' 'M' 'M' 'M' 'M' 'U' 'M' 'M' 'M' 'M' 'M' 'U' 'U' 'M' 'U' 'M'
 'M' 'U' 'M' 'M' 'U' 'M' 'M' 'M' 'M' 'M' 'M' 'U' 'M' 'M' 'U' 'M' 'M' 'M']"
279401,0,163,3,160,35,0,0,"['A' 'M' 'M' 'M' 'M' 'M' 'M' 'M' 'M' 'M' 'M' 'U' 'U' 'M' 'M' 'M' 'M' 'M'
 'M' 'M' 'M' 'M' 'M' 'M' 'M' 'M' 'M' 'M' 'M' 'M' 'M' 'M' 'M' 'M' 'M' 'M'
 'M' 'U' 'M' 'U' 'U' 'M' 'M' 'M' 'M' 'U' 'M' 'M' 'M' 'M' 'M' 'M' 'U' 'U'
 'U' 'M' 'M' 'M' 'M' 'M' 'U' 'M' 'M' 'M' 'M' 'M' 'U' 'M' 'M' 'M' 'M' 'U'
 'M' 'U' 'M' 'M' 'M' 'M' 'M' 'M' 'M' 'M' 'M' 'M' 'M' 'U' 'M' 'M' 'M' 'M'
 'M' 'M' 'U' 'M' 'M' 'M' 'U' 'U' 'M' 'U' 'M' 'U' 'M' 'M' 'M' 'M' 'M' 'M'
 'M' 'M' 'M' 'M' 'M' 'M' 'M' 'M' 'M' 'M' 'M' 'U' 'M' 'M' 'M' 'M' 'M' 'M'
 'M' 'M' 'M' 'M' 'M' 'U' 'M' 'M' 'U' 'M' 'M' 'M' 'M' 'M' 'U' 'M' 'U' 'U'
 'M' 'M' 'M' 'M' 'M' 'M' 'M' 'M' 'M' 'U' 'M' 'M' 'U' 'U' 'M' 'M' 'M' 'A'
 'M' 'M' 'M' 'M' 'M' 'M' 'M' 'U' 'M' 'M' 'M' 'U' 'M' 'U' 'U' 'M' 'A' 'M'
 'M' 'U' 'M' 'M' 'M' 'M' 'M' 'M' 'M' 'M' 'M' 'U' 'M' 'M' 'U' 'M' 'M' 'M']"
279501,0,170,3,167,28,0,0,"['A' 'U' 'M' 'M' 'M' 'M' 'M' 'M' 'M' 'M' 'M' 'U' 'U' 'M' 'M' 'M' 'M' 'M'
 'M' 'M' 'M' 'M' 'M' 'M' 'M' 'M' 'M' 'M' 'U' 'M' 'M' 'M' 'M' 'M' 'M' 'M'
 'M' 'M' 'M' 'U' 'U' 'M' 'M' 'M' 'M' 'U' 'M' 'M' 'M' 'M' 'M' 'M' 'U' 'U'
 'U' 'M' 'M' 'M' 'M' 'M' 'M' 'M' 'M' 'M' 'M' 'U' 'M' 'M' 'M' 'M' 'M' 'M'
 'U' 'M' 'M' 'M' 'M' 'U' 'M' 'M' 'M' 'M' 'U' 'M' 'M' 'M' 'M' 'M' 'U' 'M'
 'M' 'M' 'M' 'M' 'M' 'M' 'M' 'U' 'M' 'M' 'M' 'U' 'M' 'M' 'M' 'M' 'M' 'M'
 'M' 'M' 'M' 'M' 'M' 'M' 'M' 'M' 'M' 'M' 'M' 'M' 'M' 'M' 'M' 'M' 'M' 'M'
 'M' 'M' 'M' 'M' 'M' 'U' 'M' 'M' 'U' 'M' 'M' 'M' 'M' 'M' 'U' 'M' 'U' 'M'
 'M' 'M' 'M' 'M' 'M' 'M' 'M' 'M' 'M' 'U' 'M' 'M' 'M' 'U' 'M' 'M' 'M' 'A'
 'M' 'M' 'M' 'M' 'M' 'M' 'M' 'M' 'M' 'M' 'M' 'U' 'M' 'U' 'U' 'M' 'A' 'M'
 'M' 'U' 'M' 'M' 'M' 'M' 'M' 'M' 'M' 'M' 'M' 'U' 'M' 'M' 'M' 'M' 'M' 'M']"
279601,0,161,2,159,37,1,0,"['A' 'U' 'M' 'M' 'U' 'M' 'M' 'U' 'M' 'M' 'M' 'M' 'U' 'M' 'M' 'M' 'M' 'M'
 'M' 'U' 'M' 'M' 'M' 'M' 'M' 'M' 'M' 'M' 'U' 'M' 'M' 'M' 'M' 'M' 'M' 'M'
 'M' 'M' 'M' 'U' 'U' 'M' 'M' 'M' 'M' 'M' 'M' 'M' 'M' 'M' 'M' 'M' 'M' 'U'
 'U' 'M' 'M' 'M' 'M' 'M' 'M' 'M' 'M' 'M' 'M' 'M' 'M' 'M' 'M' 'M' 'M' 'M'
 'U' 'M' 'M' 'M' 'U' 'M' 'M' 'M' 'M' 'M' 'M' 'M' 'M' 'M' 'M' 'M' 'M' 'U'
 'U' 'M' 'M' 'M' 'U' 'M' 'M' 'U' 'M' 'M' 'M' 'U' 'M' 'M' 'M' 'M' 'U' 'M'
 'M' 'U' 'M' 'U' 'M' 'M' 'M' 'M' 'M' 'M' 'M' 'M' 'U' 'M' 'M' 'M' 'M' 'M'
 'M' 'M' 'M' 'M' 'M' 'U' 'M' 'U' 'U' 'M' 'M' 'M' 'M' 'M' 'M' 'M' 'U' 'M'
 'M' 'M' 'M' 'M' 'M' 'U' 'M' 'M' 'M' 'U' 'M' 'M' 'M' 'U' 'M' 'M' 'M' 'U'
 'M' 'M' 'M' 'M' 'M' 'U' 'M' 'M' 'U' 'M' 'M' 'U' 'M' 'U' 'U' 'M' 'A' 'M'
 'M' 'U' 'M' 'M' 'M' 'M' 'M' 'M' 'M' 'U' 'M' 'U' 'M' 'M' 'M' 'M' 'M' 'M']"
279701,0,158,2,156,40,0,0,"['A' 'U' 'M' 'M' 'U' 'M' 'M' 'M' 'M' 'M' 'M' 'M' 'U' 'M' 'M' 'M' 'M' 'M'
 'M' 'U' 'M' 'M' 'M' 'M' 'M' 'M' 'M' 'M' 'U' 'M' 'U' 'M' 'M' 'M' 'M' 'M'
 'M' 'M' 'M' 'M' 'U' 'M' 'M' 'M' 'M' 'M' 'M' 'M' 'M' 'M' 'M' 'M' 'M' 'M'
 'U' 'M' 'M' 'M' 'M' 'M' 'M' 'M' 'M' 'M' 'U' 'M' 'M' 'M' 'M' 'U' 'M' 'M'
 'M' 'M' 'U' 'M' 'M' 'M' 'M' 'U' 'M' 'M' 'M' 'M' 'U' 'M' 'M' 'M' 'M' 'M'
 'M' 'U' 'M' 'M' 'M' 'M' 'U' 'M' 'M' 'M' 'U' 'U' 'M' 'M' 'M' 'M' 'M' 'M'
 'M' 'U' 'M' 'U' 'M' 'M' 'M' 'M' 'U' 'M' 'M' 'M' 'U' 'U' 'M' 'M' 'M' 'A'
 'M' 'M' 'M' 'M' 'M' 'M' 'M' 'U' 'U' 'M' 'M' 'M' 'M' 'M' 'M' 'U' 'U' 'M'
 'M' 'M' 'M' 'M' 'M' 'M' 'M' 'M' 'M' 'U' 'M' 'M' 'U' 'U' 'M' 'M' 'U' 'M'
 'M' 'M' 'M' 'M' 'M' 'U' 'M' 'U' 'U' 'M' 'M' 'U' 'M' 'U' 'U' 'M' 'U' 'M'
 'M' 'U' 'M' 'M' 'M' 'M' 'M' 'M' 'M' 'U' 'M' 'U' 'M' 'M' 'M' 'M' 'M' 'M']"
279801,0,165,3,162,33,0,0,"['A' 'M' 'M' 'M' 'U' 'M' 'M' 'M' 'M' 'M' 'M' 'M' 'U' 'M' 'M' 'M' 'M' 'M'
 'M' 'U' 'M' 'M' 'M' 'M' 'M' 'M' 'M' 'M' 'M' 'M' 'M' 'M' 'M' 'M' 'M' 'M'
 'M' 'M' 'M' 'M' 'U' 'M' 'M' 'M' 'M' 'M' 'M' 'M' 'M' 'M' 'M' 'M' 'M' 'M'
 'U' 'M' 'M' 'M' 'M' 'M' 'M' 'M' 'M' 'M' 'U' 'U' 'M' 'M' 'M' 'U' 'M' 'M'
 'M' 'M' 'M' 'M' 'M' 'M' 'M' 'M' 'M' 'M' 'M' 'M' 'U' 'M' 'M' 'M' 'M' 'M'
 'M' 'U' 'M' 'M' 'U' 'M' 'U' 'M' 'M' 'M' 'M' 'U' 'M' 'M' 'U' 'M' 'M' 'M'
 'M' 'U' 'M' 'M' 'M' 'M' 'M' 'M' 'U' 'M' 'M' 'M' 'U' 'U' 'M' 'U' 'M' 'A'
 'M' 'M' 'M' 'M' 'M' 'M' 'M' 'U' 'U' 'M' 'M' 'M' 'M' 'M' 'M' 'M' 'U' 'M'
 'M' 'M' 'M' 'M' 'M' 'M' 'M' 'M' 'M' 'U' 'M' 'M' 'U' 'U' 'M' 'M' 'U' 'M'
 'M' 'M' 'M' 'M' 'M' 'U' 'M' 'M' 'U' 'M' 'M' 'M' 'M' 'U' 'U' 'M' 'U' 'M'
 'M' 'U' 'M' 'M' 'M' 'M' 'M' 'M' 'U' 'M' 'M' 'A' 'M' 'M' 'M' 'M' 'M' 'M']"
279901,0,161,1,160,37,1,0,"['A' 'M' 'M' 'M' 'U' 'M' 'M' 'M' 'M' 'M' 'M' 'M' 'U' 'M' 'M' 'M' 'M' 'U'
 'M' 'U' 'M' 'U' 'M' 'M' 'M' 'M' 'M' 'U' 'M' 'M' 'M' 'M' 'M' 'M' 'M' 'M'
 'M' 'M' 'M' 'M' 'U' 'M' 'M' 'M' 'M' 'M' 'M' 'M' 'M' 'M' 'M' 'M' 'M' 'M'
 'U' 'M' 'M' 'M' 'M' 'M' 'M' 'M' 'M' 'M' 'U' 'U' 'M' 'M' 'M' 'U' 'M' 'M'
 'M' 'U' 'U' 'M' 'M' 'M' 'M' 'M' 'M' 'M' 'M' 'M' 'M' 'M' 'M' 'M' 'M' 'M'
 'U' 'M' 'M' 'M' 'M' 'M' 'U' 'M' 'M' 'M' 'M' 'M' 'M' 'M' 'U' 'M' 'M' 'M'
 'M' 'M' 'M' 'M' 'M' 'M' 'M' 'M' 'U' 'M' 'M' 'M' 'U' 'U' 'M' 'M' 'M' 'U'
 'M' 'M' 'M' 'M' 'M' 'M' 'M' 'U' 'U' 'M' 'M' 'M' 'M' 'M' 'M' 'M' 'U' 'M'
 'M' 'M' 'M' 'M' 'M' 'M' 'M' 'M' 'M' 'U' 'M' 'M' 'U' 'U' 'M' 'M' 'U' 'M'
 'M' 'M' 'M' 'U' 'M' 'M' 'M' 'M' 'M' 'M' 'M' 'U' 'M' 'U' 'U' 'U' 'U' 'M'
 'M' 'U' 'M' 'M' 'M' 'M' 'U' 'M' 'U' 'M' 'M' 'U' 'M' 'M' 'M' 'M' 'M' 'M']"
280001,0,163,4,159,35,1,0,"['A' 'M' 'M' 'M' 'U' 'M' 'M' 'M' 'M' 'M' 'M' 'M' 'M' 'M' 'M' 'M' 'M' 'U'
 'M' 'U' 'M' 'U' 'M' 'M' 'M' 'M' 'M' 'U' 'M' 'M' 'U' 'M' 'M' 'M' 'M' 'M'
 'M' 'M' 'M' 'M' 'U' 'M' 'M' 'M' 'M' 'M' 'M' 'M' 'M' 'M' 'M' 'U' 'M' 'M'
 'M' 'M' 'M' 'M' 'M' 'M' 'M' 'M' 'M' 'M' 'M' 'M' 'M' 'U' 'M' 'M' 'M' 'M'
 'M' 'M' 'M' 'M' 'M' 'M' 'M' 'M' 'U' 'M' 'M' 'U' 'U' 'M' 'M' 'M' 'M' 'M'
 'U' 'M' 'M' 'M' 'M' 'M' 'M' 'M' 'M' 'M' 'M' 'M' 'M' 'M' 'U' 'M' 'M' 'M'
 'M' 'M' 'M' 'M' 'M' 'M' 'U' 'M' 'U' 'M' 'M' 'M' 'U' 'M' 'M' 'M' 'M' 'U'
 'M' 'M' 'M' 'M' 'M' 'M' 'M' 'M' 'U' 'M' 'M' 'M' 'M' 'M' 'M' 'M' 'U' 'M'
 'M' 'M' 'M' 'M' 'M' 'M' 'U' 'M' 'M' 'A' 'M' 'M' 'U' 'U' 'M' 'M' 'U' 'M'
 'M' 'M' 'M' 'U' 'M' 'M' 'M' 'U' 'M' 'M' 'M' 'U' 'M' 'U' 'A' 'U' 'A' 'M'
 'M' 'U' 'M' 'U' 'M' 'M' 'U' 'M' 'U' 'M' 'M' 'U' 'M' 'M' 'U' 'M' 'M' 'M']"
280101,0,158,4,154,40,0,0,"['A' 'M' 'M' 'M' 'U' 'M' 'M' 'M' 'M' 'M' 'M' 'M' 'M' 'M' 'M' 'M' 'M' 'U'
 'U' 'U' 'M' 'M' 'M' 'M' 'M' 'M' 'M' 'U' 'M' 'M' 'U' 'M' 'M' 'M' 'M' 'M'
 'M' 'M' 'M' 'M' 'U' 'M' 'U' 'M' 'M' 'U' 'M' 'M' 'M' 'M' 'M' 'U' 'M' 'U'
 'M' 'M' 'M' 'M' 'M' 'M' 'M' 'M' 'M' 'M' 'M' 'M' 'M' 'U' 'M' 'M' 'M' 'M'
 'U' 'M' 'U' 'M' 'M' 'M' 'M' 'M' 'M' 'M' 'M' 'M' 'M' 'M' 'M' 'M' 'M' 'M'
 'U' 'M' 'M' 'M' 'U' 'M' 'M' 'M' 'M' 'M' 'M' 'M' 'M' 'M' 'U' 'M' 'M' 'M'
 'M' 'M' 'M' 'M' 'M' 'M' 'M' 'M' 'U' 'M' 'M' 'M' 'M' 'M' 'M' 'M' 'M' 'U'
 'M' 'M' 'M' 'M' 'M' 'M' 'M' 'M' 'U' 'M' 'M' 'M' 'M' 'M' 'M' 'M' 'U' 'U'
 'M' 'M' 'U' 'M' 'M' 'M' 'U' 'M' 'M' 'A' 'M' 'M' 'U' 'U' 'M' 'M' 'U' 'M'
 'U' 'M' 'M' 'U' 'M' 'M' 'M' 'U' 'M' 'M' 'M' 'U' 'M' 'U' 'A' 'U' 'A' 'M'
 'M' 'U' 'M' 'U' 'M' 'M' 'U' 'M' 'U' 'M' 'M' 'U' 'M' 'M' 'U' 'M' 'M' 'U']"
280201,0,155,5,150,43,0,1,"['A' 'M' 'M' 'M' 'U' 'M' 'M' 'M' 'M' 'U' 'M' 'M' 'M' 'M' 'M' 'M' 'M' 'M'
 'U' 'U' 'M' 'M' 'M' 'M' 'M' 'M' 'M' 'M' 'M' 'M' 'U' 'U' 'M' 'M' 'U' 'M'
 'M' 'M' 'U' 'M' 'M' 'M' 'A' 'M' 'M' 'M' 'M' 'U' 'M' 'M' 'M' 'U' 'U' 'U'
 'M' 'M' 'M' 'M' 'M' 'M' 'U' 'M' 'M' 'M' 'M' 'M' 'M' 'M' 'U' 'M' 'M' 'U'
 'U' 'M' 'M' 'M' 'M' 'M' 'M' 'M' 'M' 'M' 'U' 'M' 'M' 'M' 'M' 'M' 'M' 'M'
 'U' 'M' 'M' 'M' 'M' 'M' 'M' 'M' 'M' 'M' 'M' 'M' 'M' 'M' 'U' 'M' 'M' 'M'
 'M' 'M' 'M' 'M' 'M' 'M' 'M' 'M' 'U' 'M' 'M' 'M' 'U' 'M' 'M' 'M' 'U' 'U'
 'M' 'M' 'M' 'M' 'M' 'M' 'M' 'M' 'U' 'M' 'M' 'U' 'M' 'M' 'M' 'M' 'U' 'U'
 'M' 'M' 'M' 'M' 'M' 'M' 'U' 'M' 'M' 'A' 'M' 'M' 'U' 'U' 'M' 'M' 'U' 'M'
 'U' 'M' 'M' 'U' 'M' 'M' 'M' 'U' 'U' 'M' 'M' 'M' 'M' 'U' 'U' 'U' 'A' 'U'
 'M' 'M' 'M' 'U' 'M' 'M' 'U' 'M' 'U' 'M' 'M' 'A' 'M' 'M' 'U' 'M' 'M' 'M']"
280301,0,152,3,149,46,0,0,"['A' 'M' 'M' 'M' 'U' 'M' 'M' 'M' 'U' 'U' 'M' 'M' 'M' 'M' 'M' 'M' 'M' 'M'
 'U' 'U' 'M' 'M' 'M' 'M' 'M' 'M' 'M' 'M' 'M' 'M' 'U' 'U' 'M' 'M' 'U' 'M'
 'M' 'M' 'M' 'M' 'M' 'M' 'U' 'U' 'M' 'M' 'M' 'U' 'U' 'M' 'U' 'U' 'U' 'U'
 'M' 'M' 'M' 'M' 'M' 'M' 'M' 'M' 'M' 'M' 'M' 'M' 'M' 'M' 'U' 'M' 'M' 'M'
 'M' 'M' 'M' 'M' 'U' 'M' 'U' 'M' 'M' 'M' 'U' 'M' 'M' 'M' 'M' 'M' 'M' 'M'
 'M' 'M' 'U' 'M' 'M' 'M' 'U' 'M' 'M' 'M' 'M' 'M' 'M' 'M' 'M' 'M' 'U' 'M'
 'M' 'M' 'M' 'M' 'M' 'M' 'M' 'M' 'U' 'M' 'U' 'M' 'M' 'M' 'M' 'M' 'U' 'U'
 'M' 'M' 'M' 'M' 'M' 'M' 'M' 'U' 'M' 'U' 'M' 'M' 'M' 'M' 'M' 'M' 'U' 'M'
 'U' 'M' 'U' 'M' 'M' 'M' 'U' 'M' 'M' 'U' 'M' 'M' 'U' 'U' 'M' 'M' 'U' 'M'
 'U' 'M' 'M' 'U' 'M' 'M' 'M' 'M' 'U' 'M' 'M' 'M' 'M' 'U' 'M' 'U' 'A' 'U'
 'U' 'M' 'M' 'U' 'M' 'M' 'M' 'M' 'M' 'M' 'M' 'A' 'M' 'M' 'U' 'M' 'M' 'M']"
280401,0,157,4,153,41,0,0,"['A' 'M' 'M' 'M' 'U' 'M' 'M' 'M' 'U' 'U' 'M' 'M' 'M' 'M' 'M' 'M' 'M' 'M'
 'U' 'U' 'M' 'M' 'M' 'M' 'U' 'M' 'M' 'M' 'M' 'M' 'U' 'U' 'M' 'M' 'U' 'M'
 'M' 'M' 'M' 'M' 'M' 'M' 'U' 'U' 'M' 'M' 'M' 'U' 'M' 'M' 'U' 'U' 'U' 'U'
 'U' 'M' 'M' 'M' 'M' 'M' 'M' 'M' 'M' 'M' 'M' 'M' 'M' 'M' 'M' 'M' 'U' 'M'
 'U' 'M' 'M' 'M' 'M' 'M' 'M' 'U' 'M' 'M' 'M' 'M' 'M' 'M' 'M' 'M' 'M' 'M'
 'U' 'M' 'M' 'M' 'U' 'M' 'U' 'M' 'M' 'M' 'M' 'M' 'M' 'M' 'M' 'M' 'M' 'M'
 'M' 'M' 'M' 'M' 'U' 'M' 'M' 'M' 'M' 'M' 'U' 'M' 'M' 'M' 'M' 'M' 'U' 'U'
 'M' 'M' 'M' 'M' 'M' 'M' 'M' 'U' 'M' 'U' 'M' 'M' 'M' 'M' 'M' 'M' 'U' 'M'
 'U' 'M' 'U' 'M' 'M' 'M' 'U' 'M' 'M' 'U' 'M' 'M' 'M' 'M' 'M' 'M' 'U' 'M'
 'M' 'M' 'M' 'U' 'M' 'M' 'M' 'M' 'U' 'M' 'M' 'A' 'M' 'U' 'M' 'A' 'A' 'M'
 'U' 'M' 'M' 'M' 'M' 'M' 'M' 'M' 'M' 'M' 'M' 'U' 'M' 'M' 'U' 'M' 'M' 'M']"
280501,1,155,4,151,43,0,0,"['A' 'M' 'U' 'M' 'U' 'M' 'M' 'M' 'U' 'U' 'M' 'M' 'M' 'M' 'M' 'M' 'M' 'M'
 'U' 'U' 'M' 'M' 'M' 'M' 'U' 'M' 'M' 'M' 'M' 'U' 'U' 'U' 'M' 'M' 'U' 'M'
 'M' 'M' 'M' 'M' 'M' 'M' 'U' 'U' 'M' 'M' 'M' 'U' 'M' 'M' 'U' 'U' 'U' 'U'
 'U' 'M' 'M' 'M' 'M' 'M' 'M' 'M' 'M' 'M' 'M' 'M' 'M' 'U' 'M' 'M' 'M' 'M'
 'M' 'M' 'M' 'U' 'M' 'M' 'M' 'M' 'U' 'U' 'M' 'M' 'M' 'M' 'M' 'M' 'M' 'M'
 'U' 'M' 'M' 'M' 'M' 'M' 'U' 'M' 'M' 'M' 'M' 'M' 'M' 'M' 'M' 'M' 'M' 'M'
 'M' 'M' 'M' 'M' 'U' 'M' 'M' 'M' 'M' 'M' 'M' 'M' 'M' 'M' 'M' 'M' 'U' 'M'
 'M' 'M' 'M' 'M' 'M' 'M' 'U' 'U' 'M' 'U' 'U' 'M' 'M' 'M' 'M' 'M' 'U' 'U'
 'U' 'M' 'M' 'M' 'U' 'M' 'M' 'M' 'M' 'U' 'M' 'M' 'M' 'M' 'M' 'M' 'U' 'M'
 'M' 'M' 'M' 'U' 'M' 'M' 'M' 'M' 'M' 'M' 'M' 'A' 'M' 'U' 'M' 'A' 'A' 'M'
 'U' 'M' 'M' 'M' 'M' 'M' 'M' 'M' 'M' 'M' 'U' 'U' 'M' 'M' 'U' 'M' 'M' 'M']"
280601,0,155,4,151,43,0,0,"['A' 'M' 'U' 'M' 'U' 'M' 'M' 'M' 'U' 'U' 'M' 'M' 'M' 'M' 'M' 'M' 'M' 'M'
 'U' 'U' 'M' 'M' 'M' 'M' 'A' 'M' 'M' 'M' 'M' 'U' 'M' 'U' 'M' 'M' 'U' 'M'
 'M' 'M' 'M' 'M' 'U' 'M' 'M' 'M' 'M' 'M' 'M' 'U' 'M' 'M' 'M' 'M' 'U' 'U'
 'U' 'M' 'U' 'M' 'M' 'M' 'M' 'M' 'M' 'M' 'M' 'M' 'M' 'M' 'M' 'U' 'U' 'M'
 'M' 'M' 'M' 'M' 'M' 'M' 'M' 'U' 'M' 'M' 'M' 'U' 'M' 'U' 'M' 'M' 'M' 'M'
 'M' 'M' 'M' 'M' 'M' 'M' 'U' 'M' 'M' 'M' 'M' 'M' 'M' 'M' 'U' 'M' 'M' 'M'
 'U' 'M' 'U' 'M' 'A' 'M' 'M' 'M' 'M' 'M' 'M' 'M' 'M' 'M' 'M' 'M' 'U' 'M'
 'M' 'M' 'M' 'M' 'M' 'M' 'M' 'U' 'U' 'U' 'U' 'U' 'U' 'M' 'M' 'M' 'U' 'U'
 'U' 'M' 'M' 'M' 'U' 'M' 'M' 'M' 'M' 'U' 'M' 'M' 'M' 'M' 'M' 'M' 'U' 'M'
 'M' 'U' 'M' 'U' 'M' 'M' 'M' 'M' 'M' 'M' 'M' 'A' 'M' 'M' 'M' 'U' 'U' 'M'
 'U' 'M' 'M' 'M' 'M' 'M' 'M' 'M' 'M' 'M' 'M' 'M' 'M' 'M' 'U' 'M' 'M' 'M']"
280701,0,156,2,154,42,0,0,"['A' 'M' 'U' 'M' 'M' 'M' 'M' 'M' 'U' 'U' 'M' 'M' 'M' 'M' 'M' 'M' 'M' 'M'
 'U' 'U' 'M' 'M' 'U' 'M' 'M' 'M' 'M' 'M' 'M' 'U' 'M' 'M' 'M' 'M' 'M' 'M'
 'M' 'M' 'M' 'M' 'U' 'M' 'M' 'M' 'M' 'M' 'M' 'U' 'U' 'M' 'M' 'M' 'U' 'U'
 'U' 'M' 'M' 'M' 'M' 'M' 'M' 'M' 'M' 'M' 'M' 'M' 'M' 'M' 'M' 'M' 'M' 'M'
 'M' 'M' 'M' 'M' 'M' 'U' 'M' 'M' 'U' 'M' 'U' 'M' 'M' 'M' 'M' 'M' 'M' 'M'
 'U' 'U' 'M' 'M' 'M' 'M' 'U' 'M' 'M' 'M' 'M' 'M' 'M' 'M' 'M' 'M' 'M' 'M'
 'U' 'M' 'U' 'M' 'M' 'M' 'M' 'M' 'M' 'M' 'M' 'M' 'M' 'M' 'M' 'M' 'U' 'U'
 'M' 'M' 'M' 'M' 'M' 'U' 'U' 'U' 'U' 'U' 'U' 'U' 'U' 'M' 'M' 'M' 'U' 'U'
 'U' 'M' 'M' 'M' 'U' 'M' 'M' 'M' 'M' 'M' 'M' 'M' 'M' 'M' 'M' 'M' 'U' 'M'
 'M' 'U' 'M' 'U' 'U' 'M' 'M' 'M' 'M' 'M' 'M' 'A' 'M' 'M' 'M' 'U' 'U' 'M'
 'U' 'M' 'M' 'M' 'M' 'M' 'M' 'M' 'M' 'M' 'M' 'M' 'M' 'M' 'M' 'M' 'M' 'M']"
280801,0,152,2,150,46,0,0,"['A' 'M' 'U' 'M' 'M' 'M' 'M' 'M' 'U' 'U' 'M' 'U' 'M' 'M' 'M' 'M' 'U' 'M'
 'M' 'U' 'M' 'M' 'U' 'M' 'M' 'M' 'M' 'M' 'M' 'U' 'M' 'M' 'M' 'M' 'M' 'M'
 'M' 'M' 'M' 'M' 'U' 'M' 'M' 'M' 'M' 'M' 'M' 'U' 'U' 'M' 'M' 'M' 'U' 'U'
 'U' 'M' 'M' 'M' 'M' 'M' 'M' 'M' 'M' 'M' 'M' 'M' 'U' 'M' 'U' 'U' 'M' 'M'
 'M' 'M' 'M' 'U' 'M' 'M' 'M' 'M' 'M' 'M' 'M' 'M' 'M' 'M' 'M' 'U' 'M' 'M'
 'M' 'M' 'M' 'M' 'M' 'M' 'U' 'M' 'M' 'M' 'U' 'M' 'M' 'M' 'M' 'M' 'M' 'M'
 'U' 'U' 'M' 'M' 'M' 'M' 'M' 'M' 'M' 'M' 'M' 'M' 'M' 'M' 'M' 'M' 'U' 'U'
 'U' 'M' 'M' 'M' 'M' 'U' 'U' 'U' 'U' 'U' 'U' 'A' 'U' 'U' 'M' 'M' 'U' 'U'
 'M' 'M' 'M' 'M' 'M' 'M' 'M' 'M' 'M' 'M' 'M' 'M' 'M' 'M' 'M' 'M' 'U' 'M'
 'U' 'U' 'M' 'U' 'U' 'M' 'M' 'M' 'M' 'M' 'M' 'U' 'M' 'M' 'M' 'U' 'U' 'M'
 'U' 'M' 'M' 'M' 'M' 'M' 'M' 'M' 'M' 'M' 'M' 'M' 'M' 'M' 'M' 'M' 'M' 'U']"
280901,0,154,5,149,44,0,0,"['A' 'M' 'U' 'M' 'M' 'M' 'M' 'M' 'U' 'U' 'M' 'U' 'U' 'M' 'M' 'M' 'U' 'M'
 'M' 'U' 'M' 'M' 'U' 'M' 'M' 'M' 'M' 'M' 'M' 'M' 'M' 'U' 'M' 'M' 'M' 'M'
 'M' 'M' 'M' 'M' 'U' 'M' 'M' 'M' 'M' 'M' 'M' 'U' 'U' 'M' 'M' 'M' 'A' 'U'
 'U' 'M' 'M' 'U' 'M' 'M' 'M' 'M' 'M' 'M' 'M' 'U' 'M' 'M' 'M' 'M' 'U' 'M'
 'U' 'M' 'M' 'M' 'M' 'M' 'M' 'M' 'M' 'U' 'M' 'M' 'M' 'M' 'M' 'M' 'M' 'M'
 'M' 'M' 'M' 'U' 'M' 'M' 'M' 'M' 'M' 'M' 'U' 'M' 'M' 'M' 'M' 'M' 'M' 'M'
 'U' 'U' 'M' 'M' 'M' 'M' 'M' 'M' 'M' 'U' 'M' 'M' 'M' 'M' 'M' 'M' 'U' 'U'
 'U' 'M' 'M' 'M' 'M' 'U' 'A' 'U' 'U' 'U' 'M' 'A' 'M' 'U' 'M' 'M' 'M' 'M'
 'M' 'M' 'M' 'M' 'M' 'M' 'M' 'U' 'M' 'M' 'M' 'M' 'M' 'M' 'M' 'M' 'U' 'M'
 'M' 'U' 'M' 'U' 'A' 'U' 'M' 'M' 'M' 'M' 'M' 'U' 'M' 'U' 'M' 'U' 'U' 'M'
 'U' 'M' 'M' 'M' 'M' 'M' 'U' 'M' 'M' 'M' 'M' 'M' 'M' 'M' 'M' 'M' 'M' 'U']"
281001,0,154,3,151,44,0,1,"['A' 'M' 'U' 'M' 'M' 'U' 'M' 'M' 'U' 'U' 'M' 'U' 'U' 'M' 'M' 'M' 'U' 'M'
 'M' 'U' 'M' 'M' 'U' 'M' 'M' 'M' 'M' 'M' 'M' 'M' 'M' 'U' 'M' 'M' 'M' 'M'
 'M' 'M' 'M' 'M' 'U' 'M' 'M' 'M' 'M' 'M' 'M' 'U' 'U' 'M' 'M' 'M' 'U' 'U'
 'U' 'M' 'M' 'U' 'M' 'M' 'M' 'M' 'M' 'M' 'M' 'M' 'M' 'M' 'M' 'M' 'M' 'M'
 'M' 'M' 'M' 'M' 'M' 'M' 'M' 'M' 'M' 'U' 'M' 'M' 'U' 'M' 'M' 'M' 'M' 'U'
 'U' 'M' 'U' 'M' 'M' 'U' 'M' 'M' 'M' 'M' 'M' 'M' 'M' 'M' 'M' 'M' 'M' 'M'
 'U' 'U' 'M' 'U' 'M' 'M' 'M' 'M' 'M' 'U' 'M' 'M' 'U' 'M' 'M' 'M' 'U' 'M'
 'U' 'M' 'M' 'M' 'M' 'U' 'M' 'U' 'U' 'U' 'M' 'U' 'M' 'M' 'M' 'M' 'M' 'M'
 'M' 'M' 'M' 'M' 'M' 'M' 'M' 'M' 'M' 'M' 'M' 'M' 'M' 'M' 'M' 'M' 'M' 'M'
 'M' 'U' 'M' 'U' 'A' 'M' 'M' 'U' 'M' 'U' 'M' 'A' 'M' 'M' 'M' 'U' 'U' 'M'
 'U' 'M' 'M' 'M' 'M' 'M' 'U' 'M' 'M' 'M' 'M' 'M' 'M' 'M' 'M' 'M' 'M' 'U']"
281101,0,159,3,156,39,0,0,"['A' 'M' 'U' 'M' 'M' 'U' 'M' 'M' 'U' 'U' 'M' 'U' 'M' 'M' 'M' 'M' 'M' 'M'
 'M' 'M' 'M' 'M' 'U' 'M' 'M' 'M' 'M' 'M' 'M' 'M' 'M' 'U' 'M' 'M' 'M' 'M'
 'M' 'M' 'M' 'M' 'U' 'M' 'M' 'M' 'M' 'M' 'M' 'U' 'U' 'M' 'M' 'M' 'U' 'U'
 'U' 'M' 'M' 'U' 'M' 'M' 'M' 'M' 'M' 'M' 'M' 'M' 'M' 'M' 'M' 'U' 'M' 'M'
 'M' 'M' 'M' 'M' 'M' 'M' 'U' 'M' 'M' 'U' 'M' 'M' 'M' 'M' 'U' 'U' 'M' 'M'
 'M' 'M' 'M' 'M' 'M' 'M' 'M' 'M' 'M' 'M' 'M' 'M' 'M' 'M' 'M' 'M' 'M' 'M'
 'M' 'M' 'M' 'U' 'M' 'M' 'M' 'M' 'M' 'U' 'M' 'M' 'U' 'M' 'M' 'M' 'U' 'M'
 'U' 'M' 'M' 'M' 'M' 'U' 'M' 'U' 'U' 'U' 'M' 'M' 'M' 'M' 'U' 'M' 'M' 'M'
 'M' 'U' 'M' 'M' 'M' 'M' 'M' 'M' 'M' 'M' 'M' 'M' 'M' 'M' 'M' 'M' 'M' 'M'
 'M' 'U' 'M' 'M' 'A' 'M' 'U' 'U' 'U' 'U' 'M' 'A' 'M' 'M' 'M' 'U' 'U' 'M'
 'M' 'M' 'M' 'M' 'M' 'M' 'U' 'M' 'M' 'M' 'M' 'M' 'M' 'M' 'M' 'M' 'M' 'U']"
281201,0,157,6,151,41,0,1,"['A' 'M' 'U' 'M' 'M' 'U' 'M' 'M' 'U' 'A' 'M' 'U' 'M' 'M' 'M' 'M' 'M' 'M'
 'M' 'M' 'M' 'M' 'U' 'M' 'M' 'M' 'U' 'M' 'M' 'M' 'M' 'U' 'M' 'M' 'M' 'M'
 'M' 'M' 'M' 'M' 'U' 'M' 'M' 'M' 'M' 'M' 'M' 'M' 'U' 'M' 'M' 'M' 'M' 'A'
 'U' 'M' 'M' 'M' 'M' 'U' 'M' 'M' 'M' 'M' 'M' 'M' 'M' 'U' 'M' 'M' 'U' 'U'
 'M' 'M' 'M' 'M' 'M' 'M' 'M' 'M' 'M' 'M' 'M' 'M' 'M' 'M' 'U' 'M' 'M' 'M'
 'M' 'U' 'M' 'M' 'M' 'M' 'M' 'M' 'M' 'M' 'M' 'M' 'M' 'M' 'M' 'M' 'M' 'M'
 'M' 'M' 'M' 'M' 'M' 'M' 'M' 'M' 'M' 'M' 'M' 'M' 'U' 'M' 'M' 'M' 'U' 'M'
 'M' 'U' 'M' 'M' 'M' 'U' 'U' 'A' 'U' 'U' 'U' 'U' 'U' 'M' 'U' 'M' 'M' 'M'
 'M' 'U' 'M' 'U' 'M' 'M' 'M' 'M' 'M' 'M' 'M' 'M' 'U' 'M' 'M' 'M' 'M' 'M'
 'M' 'A' 'U' 'M' 'A' 'M' 'U' 'U' 'U' 'U' 'M' 'U' 'M' 'M' 'U' 'U' 'U' 'M'
 'M' 'M' 'M' 'M' 'M' 'M' 'U' 'M' 'M' 'M' 'M' 'M' 'M' 'M' 'M' 'M' 'M' 'U']"
281301,0,157,6,151,41,0,0,"['A' 'M' 'U' 'U' 'M' 'A' 'M' 'M' 'U' 'U' 'M' 'M' 'M' 'M' 'M' 'M' 'M' 'M'
 'M' 'M' 'U' 'M' 'U' 'M' 'M' 'M' 'U' 'M' 'M' 'U' 'M' 'U' 'M' 'M' 'M' 'M'
 'M' 'M' 'M' 'M' 'U' 'M' 'U' 'M' 'M' 'M' 'M' 'U' 'M' 'M' 'M' 'M' 'M' 'A'
 'U' 'M' 'M' 'M' 'M' 'U' 'M' 'M' 'M' 'M' 'M' 'M' 'U' 'M' 'M' 'M' 'M' 'U'
 'M' 'M' 'M' 'M' 'M' 'U' 'M' 'M' 'M' 'M' 'M' 'M' 'M' 'M' 'M' 'M' 'M' 'M'
 'U' 'U' 'M' 'M' 'M' 'M' 'M' 'M' 'M' 'M' 'M' 'U' 'M' 'M' 'M' 'M' 'M' 'M'
 'M' 'M' 'M' 'M' 'M' 'M' 'M' 'M' 'M' 'M' 'M' 'M' 'U' 'M' 'M' 'M' 'U' 'M'
 'M' 'U' 'M' 'M' 'M' 'M' 'U' 'A' 'U' 'M' 'U' 'U' 'U' 'M' 'U' 'M' 'M' 'M'
 'M' 'U' 'M' 'U' 'M' 'M' 'M' 'M' 'M' 'M' 'M' 'M' 'U' 'M' 'M' 'M' 'M' 'M'
 'M' 'U' 'A' 'M' 'A' 'M' 'M' 'U' 'U' 'U' 'M' 'U' 'M' 'M' 'U' 'U' 'M' 'U'
 'M' 'M' 'M' 'M' 'M' 'M' 'M' 'M' 'U' 'M' 'M' 'M' 'M' 'M' 'M' 'M' 'M' 'M']"
281401,1,155,4,151,43,0,0,"['A' 'M' 'U' 'U' 'M' 'A' 'M' 'M' 'U' 'M' 'M' 'M' 'M' 'M' 'M' 'M' 'M' 'M'
 'M' 'U' 'U' 'U' 'M' 'M' 'M' 'M' 'U' 'M' 'M' 'M' 'M' 'M' 'M' 'M' 'M' 'M'
 'M' 'M' 'M' 'M' 'U' 'M' 'U' 'M' 'M' 'M' 'M' 'U' 'M' 'M' 'M' 'M' 'M' 'U'
 'U' 'M' 'M' 'M' 'M' 'M' 'M' 'M' 'M' 'M' 'M' 'M' 'M' 'M' 'M' 'U' 'U' 'M'
 'M' 'M' 'M' 'U' 'M' 'M' 'M' 'M' 'M' 'M' 'M' 'M' 'M' 'U' 'M' 'M' 'M' 'M'
 'U' 'M' 'M' 'M' 'M' 'M' 'M' 'M' 'M' 'M' 'M' 'U' 'M' 'M' 'M' 'M' 'M' 'U'
 'M' 'M' 'M' 'M' 'M' 'M' 'M' 'M' 'U' 'M' 'M' 'M' 'U' 'M' 'M' 'M' 'U' 'M'
 'M' 'A' 'M' 'M' 'M' 'U' 'U' 'A' 'U' 'U' 'U' 'U' 'U' 'M' 'U' 'M' 'M' 'M'
 'M' 'U' 'M' 'U' 'M' 'M' 'M' 'M' 'M' 'M' 'M' 'M' 'U' 'M' 'M' 'U' 'M' 'M'
 'M' 'U' 'U' 'M' 'U' 'M' 'M' 'U' 'U' 'M' 'M' 'U' 'M' 'M' 'U' 'M' 'M' 'U'
 'M' 'M' 'M' 'M' 'M' 'M' 'M' 'M' 'M' 'M' 'M' 'M' 'U' 'M' 'M' 'M' 'M' 'M']"
281501,0,160,4,156,38,0,0,"['A' 'M' 'U' 'U' 'M' 'A' 'M' 'M' 'U' 'M' 'M' 'M' 'M' 'M' 'M' 'M' 'M' 'U'
 'M' 'M' 'U' 'M' 'M' 'M' 'M' 'M' 'A' 'M' 'M' 'M' 'M' 'M' 'M' 'M' 'M' 'M'
 'M' 'M' 'M' 'M' 'U' 'M' 'U' 'M' 'M' 'M' 'M' 'U' 'M' 'M' 'M' 'M' 'M' 'U'
 'U' 'M' 'M' 'M' 'M' 'M' 'M' 'M' 'M' 'M' 'M' 'M' 'M' 'M' 'M' 'M' 'M' 'M'
 'M' 'M' 'M' 'U' 'M' 'M' 'M' 'M' 'M' 'M' 'M' 'U' 'U' 'U' 'M' 'M' 'M' 'M'
 'M' 'U' 'M' 'M' 'M' 'M' 'M' 'M' 'M' 'M' 'M' 'U' 'M' 'M' 'M' 'M' 'M' 'M'
 'M' 'M' 'M' 'M' 'M' 'M' 'M' 'M' 'U' 'M' 'M' 'M' 'M' 'M' 'U' 'M' 'M' 'M'
 'M' 'A' 'M' 'M' 'M' 'U' 'M' 'U' 'U' 'U' 'M' 'M' 'M' 'M' 'U' 'M' 'M' 'M'
 'M' 'U' 'M' 'U' 'M' 'M' 'M' 'M' 'M' 'M' 'M' 'M' 'U' 'M' 'M' 'U' 'M' 'M'
 'M' 'U' 'U' 'M' 'U' 'M' 'M' 'U' 'U' 'U' 'M' 'U' 'M' 'M' 'U' 'M' 'M' 'M'
 'M' 'M' 'M' 'U' 'M' 'M' 'M' 'M' 'M' 'M' 'M' 'U' 'M' 'M' 'U' 'M' 'M' 'M']"
281601,0,165,4,161,33,0,0,"['A' 'M' 'U' 'U' 'M' 'A' 'M' 'M' 'U' 'M' 'M' 'M' 'M' 'M' 'M' 'M' 'M' 'U'
 'M' 'M' 'U' 'M' 'M' 'M' 'M' 'M' 'A' 'M' 'M' 'M' 'M' 'M' 'M' 'M' 'M' 'M'
 'M' 'M' 'M' 'M' 'U' 'M' 'U' 'M' 'M' 'M' 'M' 'U' 'M' 'U' 'M' 'M' 'M' 'U'
 'M' 'M' 'M' 'M' 'M' 'M' 'M' 'M' 'M' 'M' 'M' 'U' 'U' 'M' 'M' 'M' 'U' 'M'
 'M' 'M' 'M' 'M' 'M' 'M' 'M' 'M' 'U' 'M' 'M' 'M' 'M' 'M' 'M' 'M' 'M' 'M'
 'M' 'U' 'M' 'M' 'M' 'M' 'M' 'M' 'M' 'M' 'M' 'U' 'M' 'M' 'M' 'M' 'M' 'M'
 'M' 'M' 'M' 'M' 'M' 'M' 'M' 'M' 'U' 'M' 'M' 'M' 'M' 'M' 'M' 'M' 'M' 'M'
 'M' 'M' 'M' 'M' 'M' 'U' 'M' 'U' 'U' 'U' 'M' 'M' 'M' 'M' 'U' 'M' 'M' 'M'
 'M' 'M' 'M' 'U' 'M' 'M' 'M' 'M' 'M' 'M' 'M' 'M' 'M' 'M' 'M' 'U' 'M' 'M'
 'M' 'M' 'U' 'M' 'U' 'M' 'M' 'U' 'U' 'U' 'M' 'U' 'M' 'M' 'U' 'M' 'M' 'M'
 'M' 'M' 'M' 'U' 'M' 'M' 'M' 'M' 'M' 'M' 'M' 'A' 'M' 'M' 'U' 'M' 'M' 'M']"
281701,0,163,3,160,35,0,0,"['A' 'M' 'M' 'U' 'M' 'M' 'M' 'M' 'U' 'M' 'M' 'M' 'M' 'M' 'M' 'M' 'M' 'U'
 'M' 'M' 'U' 'M' 'M' 'M' 'M' 'M' 'A' 'M' 'M' 'M' 'M' 'M' 'M' 'M' 'M' 'U'
 'M' 'M' 'M' 'M' 'U' 'M' 'M' 'M' 'U' 'M' 'M' 'U' 'M' 'U' 'M' 'M' 'M' 'U'
 'M' 'M' 'M' 'M' 'M' 'M' 'M' 'M' 'M' 'M' 'M' 'U' 'M' 'M' 'M' 'M' 'M' 'M'
 'U' 'M' 'M' 'M' 'M' 'M' 'M' 'U' 'M' 'U' 'M' 'M' 'M' 'U' 'M' 'M' 'M' 'M'
 'M' 'M' 'M' 'M' 'M' 'M' 'M' 'M' 'M' 'M' 'M' 'U' 'M' 'M' 'M' 'M' 'M' 'M'
 'M' 'M' 'M' 'M' 'M' 'M' 'M' 'U' 'U' 'M' 'M' 'M' 'M' 'U' 'M' 'M' 'M' 'M'
 'M' 'M' 'M' 'M' 'M' 'U' 'M' 'M' 'U' 'U' 'M' 'U' 'M' 'U' 'U' 'M' 'M' 'M'
 'M' 'M' 'M' 'M' 'U' 'M' 'M' 'M' 'M' 'M' 'M' 'M' 'U' 'M' 'M' 'U' 'M' 'U'
 'M' 'M' 'U' 'M' 'U' 'M' 'M' 'M' 'U' 'U' 'M' 'M' 'M' 'M' 'U' 'M' 'M' 'M'
 'M' 'M' 'M' 'U' 'M' 'M' 'M' 'M' 'M' 'M' 'M' 'A' 'M' 'M' 'M' 'M' 'M' 'M']"
281801,0,160,2,158,38,0,0,"['A' 'M' 'M' 'U' 'U' 'M' 'M' 'M' 'U' 'M' 'M' 'M' 'M' 'M' 'M' 'M' 'M' 'U'
 'M' 'M' 'M' 'M' 'M' 'M' 'M' 'M' 'U' 'M' 'M' 'M' 'M' 'M' 'M' 'M' 'M' 'U'
 'M' 'M' 'M' 'M' 'M' 'M' 'M' 'M' 'M' 'M' 'M' 'U' 'M' 'M' 'M' 'M' 'M' 'A'
 'M' 'M' 'M' 'M' 'M' 'M' 'M' 'M' 'M' 'U' 'M' 'M' 'M' 'M' 'M' 'M' 'M' 'U'
 'M' 'M' 'U' 'M' 'M' 'M' 'M' 'M' 'M' 'M' 'U' 'M' 'M' 'M' 'M' 'M' 'M' 'M'
 'U' 'U' 'M' 'M' 'M' 'M' 'M' 'M' 'M' 'M' 'M' 'U' 'M' 'M' 'M' 'M' 'M' 'M'
 'M' 'M' 'M' 'M' 'M' 'M' 'M' 'U' 'M' 'U' 'M' 'M' 'M' 'U' 'M' 'M' 'M' 'M'
 'M' 'M' 'M' 'M' 'M' 'U' 'U' 'U' 'U' 'U' 'U' 'U' 'U' 'U' 'U' 'M' 'M' 'M'
 'M' 'M' 'M' 'M' 'U' 'U' 'M' 'M' 'M' 'M' 'M' 'M' 'M' 'M' 'M' 'U' 'M' 'M'
 'U' 'M' 'U' 'M' 'U' 'M' 'M' 'M' 'U' 'U' 'M' 'M' 'M' 'M' 'U' 'M' 'U' 'M'
 'M' 'M' 'M' 'M' 'M' 'M' 'M' 'M' 'M' 'M' 'M' 'M' 'M' 'M' 'M' 'M' 'U' 'M']"
281901,0,157,2,155,41,0,1,"['A' 'M' 'M' 'U' 'U' 'M' 'M' 'M' 'U' 'M' 'M' 'M' 'M' 'M' 'M' 'M' 'M' 'U'
 'M' 'M' 'M' 'M' 'M' 'M' 'M' 'M' 'U' 'U' 'M' 'M' 'U' 'M' 'U' 'M' 'M' 'U'
 'M' 'M' 'M' 'M' 'M' 'M' 'M' 'M' 'M' 'M' 'M' 'M' 'M' 'M' 'M' 'M' 'M' 'A'
 'M' 'M' 'M' 'M' 'M' 'M' 'M' 'M' 'M' 'M' 'M' 'M' 'M' 'M' 'M' 'M' 'U' 'M'
 'M' 'M' 'M' 'M' 'M' 'M' 'M' 'U' 'M' 'M' 'M' 'M' 'M' 'M' 'M' 'U' 'M' 'M'
 'M' 'M' 'U' 'U' 'M' 'M' 'M' 'M' 'M' 'M' 'M' 'U' 'M' 'U' 'M' 'M' 'M' 'M'
 'M' 'M' 'M' 'M' 'M' 'M' 'U' 'U' 'M' 'U' 'M' 'M' 'M' 'U' 'M' 'M' 'M' 'M'
 'M' 'M' 'M' 'M' 'M' 'U' 'U' 'U' 'M' 'U' 'U' 'U' 'U' 'U' 'U' 'M' 'M' 'M'
 'M' 'M' 'M' 'M' 'U' 'M' 'M' 'M' 'M' 'M' 'M' 'M' 'M' 'M' 'M' 'U' 'M' 'M'
 'U' 'M' 'U' 'M' 'U' 'M' 'M' 'M' 'U' 'U' 'M' 'M' 'M' 'M' 'U' 'M' 'U' 'U'
 'M' 'M' 'M' 'M' 'M' 'M' 'M' 'M' 'U' 'M' 'U' 'M' 'M' 'M' 'M' 'M' 'M' 'M']"
282001,0,161,3,158,37,0,0,"['A' 'M' 'M' 'U' 'U' 'M' 'M' 'M' 'M' 'M' 'M' 'M' 'M' 'M' 'M' 'M' 'M' 'U'
 'M' 'M' 'M' 'M' 'M' 'M' 'M' 'M' 'U' 'U' 'M' 'M' 'U' 'M' 'U' 'M' 'M' 'U'
 'M' 'M' 'M' 'M' 'M' 'M' 'M' 'M' 'M' 'M' 'M' 'M' 'M' 'M' 'M' 'M' 'M' 'A'
 'M' 'M' 'M' 'M' 'M' 'M' 'M' 'M' 'M' 'M' 'M' 'M' 'M' 'M' 'M' 'M' 'U' 'M'
 'M' 'M' 'U' 'M' 'M' 'M' 'M' 'M' 'M' 'M' 'M' 'M' 'M' 'M' 'M' 'U' 'U' 'M'
 'M' 'M' 'U' 'M' 'M' 'M' 'M' 'M' 'M' 'M' 'M' 'M' 'M' 'M' 'U' 'M' 'M' 'M'
 'M' 'M' 'M' 'M' 'M' 'M' 'U' 'U' 'M' 'U' 'M' 'M' 'M' 'M' 'M' 'M' 'M' 'M'
 'M' 'M' 'M' 'M' 'M' 'U' 'U' 'U' 'U' 'M' 'U' 'U' 'U' 'U' 'U' 'M' 'M' 'M'
 'M' 'M' 'M' 'U' 'U' 'M' 'U' 'M' 'M' 'M' 'M' 'M' 'M' 'M' 'M' 'U' 'M' 'M'
 'U' 'M' 'U' 'M' 'U' 'M' 'M' 'M' 'U' 'M' 'M' 'M' 'M' 'M' 'U' 'M' 'M' 'U'
 'M' 'M' 'M' 'M' 'M' 'M' 'M' 'U' 'M' 'M' 'A' 'M' 'M' 'M' 'M' 'M' 'M' 'M']"
282101,0,156,4,152,42,0,0,"['A' 'M' 'M' 'U' 'U' 'M' 'M' 'M' 'M' 'M' 'M' 'M' 'M' 'M' 'M' 'M' 'M' 'M'
 'M' 'M' 'M' 'M' 'M' 'M' 'M' 'M' 'U' 'U' 'M' 'M' 'U' 'M' 'U' 'M' 'M' 'U'
 'M' 'M' 'M' 'M' 'M' 'M' 'M' 'M' 'M' 'M' 'M' 'M' 'U' 'U' 'M' 'M' 'M' 'A'
 'M' 'M' 'M' 'M' 'U' 'M' 'M' 'M' 'M' 'M' 'M' 'U' 'M' 'M' 'U' 'U' 'M' 'M'
 'M' 'M' 'M' 'M' 'M' 'M' 'M' 'M' 'U' 'M' 'M' 'M' 'M' 'M' 'M' 'M' 'U' 'M'
 'M' 'M' 'M' 'M' 'M' 'M' 'U' 'M' 'M' 'M' 'M' 'M' 'M' 'M' 'U' 'M' 'M' 'M'
 'M' 'M' 'M' 'M' 'M' 'M' 'U' 'A' 'M' 'U' 'M' 'M' 'U' 'M' 'M' 'M' 'M' 'M'
 'M' 'M' 'M' 'M' 'M' 'U' 'U' 'U' 'U' 'U' 'U' 'U' 'U' 'M' 'U' 'M' 'U' 'M'
 'M' 'M' 'M' 'M' 'U' 'M' 'U' 'M' 'M' 'M' 'M' 'M' 'M' 'M' 'M' 'U' 'M' 'M'
 'M' 'U' 'U' 'M' 'U' 'M' 'U' 'M' 'U' 'M' 'M' 'M' 'M' 'M' 'U' 'U' 'M' 'U'
 'M' 'M' 'M' 'M' 'M' 'M' 'M' 'U' 'M' 'M' 'A' 'M' 'M' 'M' 'M' 'M' 'M' 'M']"
282201,0,154,4,150,44,0,0,"['A' 'U' 'M' 'U' 'U' 'M' 'M' 'M' 'M' 'M' 'M' 'M' 'M' 'M' 'M' 'M' 'M' 'M'
 'U' 'M' 'M' 'M' 'M' 'M' 'M' 'M' 'M' 'U' 'M' 'M' 'U' 'M' 'U' 'M' 'M' 'U'
 'M' 'M' 'M' 'U' 'M' 'U' 'M' 'M' 'M' 'M' 'M' 'M' 'U' 'M' 'M' 'M' 'M' 'U'
 'M' 'M' 'M' 'M' 'A' 'U' 'M' 'M' 'M' 'M' 'M' 'M' 'M' 'M' 'M' 'M' 'M' 'M'
 'M' 'M' 'M' 'M' 'M' 'M' 'M' 'U' 'M' 'M' 'M' 'U' 'U' 'U' 'M' 'M' 'U' 'M'
 'M' 'M' 'M' 'M' 'M' 'M' 'U' 'U' 'M' 'U' 'U' 'M' 'M' 'M' 'M' 'M' 'M' 'M'
 'M' 'M' 'M' 'M' 'M' 'M' 'U' 'U' 'M' 'U' 'M' 'M' 'M' 'M' 'M' 'M' 'M' 'M'
 'M' 'M' 'M' 'M' 'M' 'M' 'U' 'U' 'U' 'U' 'U' 'U' 'U' 'M' 'U' 'M' 'M' 'U'
 'M' 'M' 'M' 'M' 'U' 'M' 'U' 'M' 'M' 'U' 'M' 'M' 'M' 'M' 'M' 'M' 'M' 'M'
 'M' 'M' 'U' 'M' 'U' 'M' 'U' 'M' 'U' 'M' 'M' 'M' 'M' 'M' 'U' 'U' 'M' 'A'
 'M' 'M' 'M' 'M' 'M' 'M' 'M' 'U' 'M' 'M' 'A' 'M' 'M' 'M' 'M' 'M' 'M' 'M']"
282301,0,155,3,152,43,0,0,"['A' 'U' 'M' 'U' 'U' 'M' 'M' 'M' 'M' 'M' 'M' 'M' 'U' 'M' 'M' 'M' 'M' 'M'
 'U' 'M' 'M' 'M' 'M' 'M' 'M' 'M' 'M' 'U' 'M' 'M' 'U' 'M' 'U' 'M' 'M' 'M'
 'M' 'M' 'M' 'U' 'M' 'U' 'M' 'M' 'M' 'M' 'M' 'M' 'M' 'M' 'M' 'M' 'M' 'U'
 'M' 'M' 'M' 'M' 'A' 'U' 'M' 'M' 'M' 'M' 'M' 'M' 'U' 'M' 'M' 'U' 'M' 'M'
 'M' 'M' 'M' 'M' 'M' 'M' 'M' 'M' 'M' 'U' 'M' 'M' 'M' 'M' 'M' 'M' 'M' 'M'
 'U' 'M' 'M' 'M' 'U' 'M' 'U' 'M' 'M' 'U' 'U' 'M' 'M' 'M' 'M' 'M' 'M' 'M'
 'M' 'M' 'M' 'M' 'M' 'M' 'U' 'U' 'M' 'U' 'M' 'M' 'M' 'M' 'U' 'M' 'M' 'M'
 'M' 'M' 'M' 'U' 'M' 'M' 'U' 'U' 'U' 'M' 'U' 'U' 'U' 'M' 'M' 'M' 'M' 'U'
 'M' 'M' 'M' 'M' 'M' 'M' 'U' 'M' 'M' 'U' 'M' 'M' 'M' 'M' 'M' 'M' 'M' 'M'
 'M' 'M' 'U' 'M' 'U' 'M' 'U' 'U' 'M' 'M' 'M' 'M' 'M' 'M' 'U' 'U' 'M' 'A'
 'U' 'M' 'M' 'M' 'M' 'M' 'M' 'U' 'M' 'M' 'U' 'M' 'M' 'M' 'M' 'M' 'M' 'M']"
282401,0,161,4,157,37,0,0,"['A' 'M' 'M' 'U' 'U' 'M' 'M' 'M' 'M' 'M' 'M' 'M' 'U' 'M' 'M' 'M' 'M' 'M'
 'U' 'M' 'M' 'M' 'M' 'M' 'M' 'M' 'M' 'M' 'M' 'M' 'U' 'M' 'M' 'M' 'M' 'M'
 'M' 'M' 'M' 'M' 'M' 'M' 'M' 'M' 'M' 'M' 'M' 'M' 'M' 'M' 'U' 'U' 'M' 'A'
 'M' 'M' 'M' 'M' 'U' 'U' 'M' 'M' 'M' 'M' 'M' 'M' 'U' 'M' 'M' 'M' 'M' 'U'
 'U' 'M' 'M' 'M' 'M' 'M' 'M' 'M' 'M' 'M' 'M' 'M' 'M' 'M' 'M' 'M' 'M' 'M'
 'M' 'U' 'U' 'M' 'M' 'M' 'U' 'U' 'M' 'A' 'M' 'M' 'M' 'M' 'M' 'M' 'M' 'M'
 'M' 'M' 'M' 'M' 'M' 'M' 'U' 'U' 'M' 'U' 'M' 'M' 'M' 'M' 'U' 'M' 'M' 'M'
 'M' 'M' 'M' 'U' 'M' 'M' 'U' 'M' 'M' 'M' 'M' 'M' 'U' 'M' 'M' 'M' 'M' 'U'
 'M' 'M' 'M' 'M' 'M' 'M' 'U' 'M' 'M' 'U' 'M' 'M' 'M' 'M' 'M' 'M' 'U' 'M'
 'M' 'M' 'U' 'M' 'U' 'U' 'U' 'U' 'M' 'M' 'M' 'U' 'M' 'M' 'U' 'U' 'M' 'A'
 'U' 'M' 'M' 'M' 'M' 'M' 'M' 'U' 'M' 'M' 'M' 'M' 'M' 'M' 'M' 'M' 'M' 'M']"
282501,0,169,6,163,29,0,0,"['A' 'M' 'M' 'U' 'M' 'M' 'M' 'M' 'M' 'M' 'M' 'M' 'U' 'M' 'M' 'M' 'M' 'U'
 'U' 'M' 'M' 'M' 'M' 'M' 'M' 'M' 'M' 'M' 'M' 'M' 'U' 'M' 'M' 'M' 'M' 'M'
 'M' 'M' 'M' 'M' 'M' 'M' 'M' 'M' 'M' 'M' 'M' 'M' 'M' 'M' 'M' 'U' 'M' 'A'
 'U' 'M' 'U' 'M' 'U' 'M' 'M' 'M' 'M' 'M' 'M' 'M' 'M' 'M' 'M' 'M' 'M' 'M'
 'M' 'M' 'M' 'U' 'U' 'M' 'U' 'M' 'M' 'M' 'M' 'U' 'M' 'M' 'M' 'M' 'M' 'M'
 'M' 'M' 'M' 'M' 'U' 'M' 'M' 'U' 'M' 'A' 'M' 'M' 'M' 'M' 'M' 'M' 'M' 'M'
 'M' 'M' 'M' 'M' 'M' 'M' 'U' 'U' 'M' 'M' 'M' 'M' 'M' 'M' 'A' 'M' 'M' 'M'
 'M' 'M' 'M' 'U' 'M' 'M' 'U' 'M' 'M' 'M' 'M' 'M' 'M' 'M' 'M' 'M' 'M' 'U'
 'M' 'M' 'M' 'M' 'M' 'M' 'U' 'M' 'M' 'U' 'M' 'M' 'M' 'M' 'M' 'M' 'M' 'M'
 'M' 'M' 'U' 'M' 'U' 'U' 'U' 'U' 'M' 'M' 'M' 'M' 'M' 'M' 'M' 'M' 'A' 'A'
 'U' 'M' 'M' 'M' 'M' 'M' 'M' 'U' 'M' 'M' 'M' 'M' 'M' 'M' 'M' 'M' 'M' 'M']"
282601,1,164,5,159,34,0,0,"['A' 'M' 'M' 'U' 'M' 'M' 'M' 'M' 'M' 'M' 'M' 'M' 'M' 'U' 'M' 'M' 'M' 'M'
 'U' 'M' 'M' 'M' 'U' 'M' 'M' 'M' 'M' 'M' 'M' 'M' 'U' 'M' 'M' 'M' 'M' 'M'
 'U' 'U' 'M' 'M' 'M' 'M' 'M' 'M' 'M' 'M' 'M' 'M' 'M' 'M' 'M' 'U' 'M' 'A'
 'U' 'U' 'M' 'M' 'A' 'M' 'M' 'M' 'M' 'M' 'M' 'U' 'M' 'M' 'M' 'M' 'M' 'M'
 'M' 'M' 'M' 'M' 'U' 'M' 'M' 'M' 'M' 'M' 'U' 'M' 'U' 'M' 'M' 'M' 'M' 'M'
 'U' 'M' 'M' 'M' 'M' 'M' 'M' 'M' 'M' 'A' 'U' 'M' 'M' 'M' 'M' 'M' 'M' 'M'
 'M' 'M' 'U' 'M' 'M' 'M' 'U' 'U' 'M' 'M' 'M' 'M' 'M' 'M' 'M' 'M' 'M' 'M'
 'M' 'M' 'M' 'U' 'M' 'M' 'U' 'M' 'M' 'M' 'M' 'M' 'U' 'M' 'M' 'M' 'M' 'U'
 'M' 'M' 'M' 'M' 'M' 'M' 'U' 'M' 'M' 'U' 'M' 'M' 'M' 'M' 'M' 'M' 'M' 'U'
 'U' 'M' 'U' 'M' 'U' 'M' 'M' 'U' 'M' 'M' 'M' 'U' 'M' 'M' 'M' 'U' 'U' 'A'
 'M' 'M' 'M' 'M' 'M' 'M' 'M' 'U' 'M' 'M' 'M' 'M' 'M' 'M' 'M' 'M' 'M' 'M']"
282701,0,162,6,156,36,1,0,"['A' 'M' 'M' 'U' 'M' 'M' 'M' 'M' 'M' 'M' 'M' 'M' 'M' 'M' 'M' 'M' 'M' 'M'
 'U' 'M' 'M' 'M' 'U' 'M' 'M' 'M' 'M' 'M' 'M' 'M' 'U' 'U' 'M' 'M' 'M' 'M'
 'M' 'U' 'M' 'M' 'M' 'M' 'M' 'M' 'M' 'M' 'M' 'M' 'M' 'M' 'M' 'U' 'U' 'A'
 'U' 'U' 'M' 'M' 'U' 'M' 'M' 'M' 'M' 'M' 'M' 'M' 'U' 'M' 'M' 'M' 'M' 'M'
 'U' 'M' 'M' 'M' 'M' 'U' 'M' 'M' 'M' 'M' 'M' 'M' 'M' 'M' 'M' 'U' 'M' 'M'
 'M' 'M' 'M' 'M' 'U' 'M' 'M' 'M' 'M' 'U' 'U' 'M' 'M' 'M' 'M' 'M' 'M' 'M'
 'M' 'U' 'U' 'U' 'M' 'M' 'U' 'A' 'M' 'M' 'M' 'M' 'M' 'M' 'M' 'M' 'M' 'M'
 'M' 'M' 'M' 'U' 'M' 'M' 'M' 'M' 'A' 'U' 'M' 'M' 'M' 'M' 'M' 'M' 'M' 'U'
 'M' 'M' 'M' 'U' 'M' 'M' 'U' 'M' 'M' 'U' 'M' 'M' 'M' 'M' 'M' 'M' 'M' 'A'
 'M' 'M' 'U' 'M' 'U' 'M' 'M' 'U' 'M' 'M' 'M' 'U' 'M' 'M' 'M' 'U' 'U' 'A'
 'M' 'M' 'M' 'M' 'M' 'M' 'M' 'U' 'M' 'M' 'M' 'M' 'M' 'M' 'M' 'M' 'M' 'U']"
282801,0,160,2,158,38,0,0,"['A' 'M' 'M' 'U' 'M' 'M' 'M' 'M' 'M' 'M' 'M' 'M' 'M' 'M' 'M' 'M' 'M' 'M'
 'U' 'M' 'M' 'U' 'U' 'M' 'M' 'M' 'U' 'U' 'M' 'M' 'U' 'U' 'U' 'M' 'M' 'M'
 'M' 'M' 'M' 'M' 'M' 'M' 'M' 'U' 'M' 'M' 'M' 'M' 'M' 'M' 'M' 'U' 'U' 'U'
 'U' 'U' 'M' 'U' 'U' 'M' 'M' 'M' 'M' 'M' 'M' 'M' 'M' 'M' 'M' 'M' 'M' 'M'
 'M' 'M' 'M' 'M' 'U' 'U' 'U' 'M' 'M' 'M' 'M' 'M' 'M' 'U' 'M' 'M' 'M' 'M'
 'M' 'M' 'M' 'U' 'M' 'M' 'M' 'M' 'M' 'U' 'U' 'U' 'M' 'M' 'M' 'M' 'M' 'M'
 'M' 'U' 'M' 'U' 'M' 'M' 'U' 'M' 'M' 'M' 'M' 'M' 'M' 'M' 'M' 'M' 'M' 'M'
 'M' 'M' 'M' 'M' 'M' 'M' 'M' 'M' 'M' 'M' 'M' 'M' 'M' 'M' 'M' 'M' 'M' 'U'
 'M' 'M' 'M' 'M' 'M' 'M' 'U' 'M' 'U' 'M' 'M' 'M' 'M' 'M' 'M' 'M' 'M' 'U'
 'M' 'M' 'M' 'M' 'M' 'M' 'M' 'U' 'M' 'M' 'M' 'U' 'M' 'U' 'M' 'M' 'U' 'A'
 'M' 'M' 'M' 'M' 'M' 'M' 'M' 'U' 'M' 'M' 'M' 'M' 'M' 'M' 'M' 'M' 'M' 'U']"
282901,0,164,1,163,34,0,0,"['A' 'M' 'M' 'U' 'M' 'M' 'M' 'M' 'M' 'M' 'M' 'M' 'M' 'M' 'M' 'M' 'M' 'M'
 'U' 'M' 'M' 'M' 'U' 'M' 'M' 'M' 'U' 'M' 'M' 'M' 'U' 'U' 'U' 'M' 'M' 'M'
 'U' 'M' 'M' 'M' 'M' 'M' 'M' 'U' 'M' 'M' 'M' 'M' 'M' 'M' 'M' 'U' 'U' 'U'
 'U' 'M' 'M' 'U' 'M' 'M' 'M' 'M' 'M' 'M' 'M' 'M' 'M' 'M' 'M' 'U' 'U' 'M'
 'M' 'U' 'M' 'M' 'U' 'M' 'M' 'M' 'M' 'M' 'M' 'M' 'M' 'M' 'M' 'M' 'M' 'M'
 'M' 'M' 'U' 'M' 'M' 'M' 'M' 'M' 'M' 'U' 'U' 'U' 'M' 'M' 'M' 'M' 'M' 'M'
 'M' 'M' 'M' 'U' 'M' 'M' 'U' 'M' 'M' 'M' 'M' 'M' 'M' 'M' 'M' 'M' 'M' 'M'
 'M' 'M' 'M' 'M' 'M' 'M' 'M' 'M' 'M' 'M' 'M' 'M' 'M' 'M' 'M' 'M' 'M' 'M'
 'M' 'M' 'M' 'M' 'M' 'M' 'U' 'M' 'U' 'M' 'M' 'M' 'M' 'M' 'M' 'M' 'M' 'U'
 'M' 'M' 'M' 'M' 'M' 'M' 'M' 'U' 'M' 'M' 'M' 'U' 'M' 'M' 'M' 'U' 'U' 'U'
 'M' 'M' 'M' 'M' 'M' 'M' 'M' 'U' 'M' 'M' 'M' 'M' 'M' 'M' 'M' 'M' 'M' 'U']"
283001,0,162,1,161,36,0,0,"['A' 'M' 'M' 'M' 'M' 'M' 'M' 'M' 'M' 'M' 'M' 'M' 'M' 'M' 'M' 'M' 'M' 'M'
 'U' 'M' 'M' 'U' 'M' 'M' 'M' 'M' 'U' 'M' 'M' 'M' 'U' 'U' 'U' 'M' 'M' 'M'
 'M' 'M' 'M' 'M' 'M' 'M' 'M' 'U' 'M' 'M' 'U' 'U' 'M' 'M' 'M' 'M' 'U' 'U'
 'U' 'M' 'M' 'U' 'M' 'M' 'M' 'M' 'M' 'M' 'M' 'U' 'M' 'M' 'M' 'M' 'M' 'M'
 'M' 'M' 'M' 'U' 'M' 'M' 'U' 'M' 'M' 'U' 'M' 'M' 'M' 'U' 'M' 'M' 'M' 'M'
 'M' 'M' 'M' 'M' 'M' 'M' 'M' 'M' 'M' 'U' 'U' 'U' 'U' 'M' 'M' 'M' 'M' 'M'
 'M' 'M' 'M' 'U' 'M' 'M' 'U' 'M' 'M' 'M' 'M' 'M' 'M' 'M' 'M' 'U' 'M' 'U'
 'M' 'M' 'M' 'M' 'M' 'M' 'M' 'M' 'M' 'M' 'M' 'M' 'M' 'M' 'M' 'M' 'M' 'M'
 'M' 'M' 'M' 'M' 'M' 'M' 'M' 'M' 'U' 'M' 'M' 'M' 'M' 'M' 'M' 'M' 'M' 'U'
 'M' 'M' 'M' 'M' 'M' 'M' 'M' 'M' 'M' 'M' 'M' 'U' 'M' 'M' 'M' 'U' 'U' 'U'
 'M' 'M' 'M' 'M' 'M' 'M' 'U' 'U' 'U' 'M' 'M' 'M' 'M' 'M' 'M' 'M' 'M' 'U']"
283101,0,167,1,166,31,1,0,"['A' 'M' 'M' 'M' 'M' 'M' 'M' 'M' 'M' 'M' 'M' 'M' 'M' 'M' 'M' 'M' 'M' 'M'
 'U' 'M' 'M' 'M' 'M' 'M' 'M' 'M' 'M' 'M' 'M' 'M' 'M' 'U' 'U' 'M' 'U' 'M'
 'M' 'M' 'M' 'M' 'M' 'M' 'M' 'U' 'M' 'M' 'U' 'U' 'M' 'M' 'M' 'M' 'U' 'M'
 'M' 'M' 'M' 'U' 'M' 'M' 'M' 'M' 'M' 'M' 'M' 'U' 'U' 'M' 'M' 'M' 'M' 'M'
 'M' 'M' 'M' 'M' 'U' 'M' 'M' 'M' 'M' 'M' 'M' 'U' 'M' 'M' 'M' 'U' 'M' 'M'
 'M' 'M' 'M' 'M' 'M' 'M' 'M' 'M' 'M' 'U' 'U' 'U' 'U' 'M' 'M' 'M' 'M' 'M'
 'M' 'U' 'M' 'M' 'M' 'M' 'M' 'M' 'M' 'M' 'M' 'M' 'M' 'M' 'M' 'U' 'M' 'M'
 'M' 'M' 'M' 'M' 'M' 'M' 'M' 'M' 'M' 'M' 'M' 'M' 'M' 'M' 'U' 'M' 'M' 'U'
 'M' 'M' 'M' 'M' 'M' 'M' 'U' 'M' 'U' 'M' 'M' 'M' 'M' 'M' 'M' 'M' 'M' 'M'
 'M' 'M' 'M' 'M' 'M' 'M' 'M' 'M' 'M' 'M' 'M' 'U' 'M' 'M' 'M' 'U' 'M' 'U'
 'M' 'M' 'M' 'M' 'M' 'M' 'U' 'U' 'U' 'M' 'M' 'M' 'M' 'M' 'M' 'M' 'M' 'U']"
283201,0,166,1,165,32,0,0,"['A' 'U' 'M' 'M' 'M' 'U' 'M' 'M' 'M' 'M' 'M' 'M' 'M' 'M' 'M' 'M' 'M' 'M'
 'U' 'M' 'M' 'M' 'M' 'M' 'M' 'M' 'M' 'M' 'M' 'M' 'M' 'U' 'M' 'M' 'U' 'M'
 'M' 'M' 'M' 'M' 'M' 'M' 'M' 'U' 'M' 'M' 'U' 'M' 'M' 'M' 'M' 'M' 'U' 'M'
 'M' 'M' 'M' 'U' 'M' 'M' 'M' 'M' 'M' 'M' 'M' 'M' 'M' 'U' 'M' 'M' 'U' 'M'
 'M' 'U' 'M' 'M' 'M' 'M' 'U' 'M' 'M' 'M' 'M' 'M' 'M' 'M' 'M' 'M' 'M' 'U'
 'M' 'M' 'M' 'M' 'M' 'M' 'M' 'M' 'U' 'U' 'U' 'M' 'U' 'M' 'M' 'M' 'M' 'M'
 'M' 'U' 'M' 'M' 'M' 'M' 'M' 'M' 'U' 'M' 'M' 'M' 'M' 'M' 'M' 'M' 'M' 'M'
 'M' 'M' 'M' 'M' 'M' 'M' 'M' 'M' 'M' 'M' 'M' 'M' 'M' 'M' 'U' 'M' 'M' 'U'
 'M' 'M' 'M' 'M' 'M' 'M' 'U' 'M' 'U' 'M' 'M' 'M' 'M' 'M' 'M' 'M' 'M' 'U'
 'M' 'M' 'M' 'M' 'M' 'M' 'M' 'M' 'M' 'M' 'M' 'U' 'M' 'M' 'M' 'M' 'M' 'U'
 'U' 'M' 'M' 'M' 'M' 'M' 'U' 'U' 'U' 'M' 'M' 'M' 'M' 'M' 'M' 'M' 'M' 'U']"
283301,1,165,1,164,33,0,0,"['A' 'U' 'M' 'M' 'M' 'U' 'M' 'M' 'M' 'M' 'M' 'M' 'M' 'M' 'M' 'M' 'M' 'M'
 'M' 'M' 'M' 'M' 'M' 'M' 'M' 'M' 'M' 'M' 'M' 'M' 'M' 'U' 'M' 'M' 'U' 'M'
 'M' 'M' 'M' 'M' 'M' 'M' 'M' 'U' 'M' 'M' 'U' 'M' 'M' 'M' 'M' 'M' 'U' 'M'
 'M' 'M' 'M' 'U' 'M' 'M' 'M' 'U' 'M' 'M' 'M' 'U' 'M' 'M' 'M' 'M' 'M' 'M'
 'M' 'M' 'M' 'M' 'M' 'M' 'M' 'M' 'M' 'M' 'U' 'M' 'M' 'U' 'U' 'M' 'M' 'M'
 'M' 'M' 'U' 'M' 'M' 'M' 'M' 'M' 'U' 'M' 'U' 'M' 'U' 'M' 'M' 'M' 'M' 'M'
 'M' 'M' 'M' 'M' 'M' 'M' 'M' 'M' 'U' 'M' 'M' 'M' 'M' 'M' 'M' 'M' 'M' 'M'
 'M' 'M' 'M' 'M' 'M' 'U' 'U' 'U' 'U' 'U' 'M' 'M' 'M' 'M' 'U' 'M' 'M' 'U'
 'M' 'M' 'M' 'M' 'M' 'M' 'U' 'M' 'U' 'M' 'M' 'M' 'M' 'M' 'M' 'M' 'M' 'M'
 'M' 'M' 'M' 'M' 'M' 'M' 'M' 'M' 'M' 'M' 'M' 'M' 'M' 'M' 'M' 'M' 'M' 'U'
 'U' 'M' 'M' 'M' 'M' 'M' 'U' 'U' 'U' 'M' 'M' 'M' 'M' 'M' 'M' 'M' 'M' 'U']"
283401,0,168,2,166,30,0,0,"['A' 'U' 'M' 'M' 'M' 'U' 'M' 'M' 'U' 'M' 'M' 'M' 'M' 'U' 'M' 'M' 'M' 'M'
 'M' 'M' 'M' 'M' 'M' 'M' 'M' 'M' 'M' 'M' 'M' 'M' 'M' 'U' 'M' 'M' 'U' 'M'
 'M' 'M' 'M' 'M' 'M' 'M' 'M' 'M' 'M' 'M' 'U' 'M' 'M' 'M' 'M' 'M' 'M' 'M'
 'M' 'M' 'M' 'M' 'M' 'M' 'M' 'U' 'M' 'M' 'M' 'M' 'M' 'M' 'U' 'M' 'M' 'M'
 'M' 'U' 'M' 'U' 'M' 'M' 'M' 'M' 'M' 'M' 'M' 'M' 'M' 'M' 'M' 'M' 'M' 'M'
 'M' 'M' 'U' 'M' 'U' 'M' 'M' 'M' 'M' 'M' 'U' 'M' 'M' 'M' 'M' 'M' 'M' 'M'
 'M' 'M' 'M' 'M' 'M' 'M' 'M' 'M' 'U' 'M' 'M' 'M' 'M' 'M' 'M' 'M' 'M' 'M'
 'M' 'M' 'M' 'M' 'M' 'M' 'M' 'U' 'U' 'A' 'U' 'U' 'U' 'M' 'U' 'M' 'M' 'U'
 'M' 'M' 'M' 'M' 'M' 'M' 'U' 'M' 'U' 'M' 'M' 'M' 'M' 'M' 'M' 'M' 'M' 'M'
 'M' 'U' 'M' 'M' 'M' 'M' 'M' 'M' 'M' 'M' 'M' 'M' 'M' 'M' 'M' 'U' 'M' 'U'
 'U' 'M' 'U' 'M' 'M' 'M' 'M' 'M' 'U' 'M' 'M' 'M' 'M' 'M' 'M' 'M' 'M' 'M']"
283501,0,171,1,170,27,0,0,"['A' 'M' 'M' 'M' 'M' 'M' 'M' 'M' 'U' 'M' 'M' 'M' 'M' 'M' 'M' 'M' 'M' 'M'
 'M' 'M' 'M' 'M' 'M' 'M' 'M' 'M' 'M' 'M' 'M' 'M' 'M' 'U' 'M' 'M' 'U' 'M'
 'M' 'M' 'M' 'M' 'M' 'M' 'M' 'M' 'M' 'M' 'U' 'M' 'M' 'M' 'M' 'M' 'M' 'M'
 'M' 'M' 'M' 'M' 'M' 'M' 'M' 'U' 'M' 'M' 'M' 'M' 'M' 'M' 'M' 'M' 'M' 'M'
 'M' 'M' 'U' 'M' 'M' 'M' 'M' 'M' 'U' 'M' 'M' 'U' 'M' 'M' 'M' 'M' 'M' 'M'
 'M' 'U' 'U' 'M' 'M' 'M' 'M' 'M' 'M' 'M' 'U' 'M' 'M' 'M' 'M' 'M' 'M' 'M'
 'M' 'M' 'M' 'M' 'M' 'M' 'M' 'M' 'U' 'M' 'M' 'U' 'M' 'M' 'M' 'M' 'M' 'M'
 'M' 'M' 'M' 'M' 'M' 'M' 'M' 'U' 'U' 'U' 'M' 'U' 'U' 'M' 'U' 'M' 'M' 'U'
 'M' 'M' 'M' 'M' 'M' 'M' 'U' 'M' 'U' 'M' 'M' 'M' 'M' 'M' 'M' 'M' 'M' 'M'
 'M' 'U' 'M' 'M' 'M' 'M' 'M' 'M' 'U' 'M' 'M' 'M' 'M' 'M' 'M' 'M' 'M' 'U'
 'U' 'M' 'M' 'M' 'M' 'M' 'M' 'M' 'U' 'M' 'M' 'M' 'M' 'M' 'M' 'M' 'M' 'M']"
283601,0,171,1,170,27,0,0,"['A' 'M' 'M' 'M' 'M' 'M' 'M' 'M' 'U' 'M' 'M' 'M' 'M' 'M' 'U' 'M' 'M' 'M'
 'M' 'M' 'M' 'M' 'M' 'M' 'M' 'M' 'M' 'M' 'M' 'U' 'M' 'U' 'M' 'M' 'M' 'M'
 'M' 'M' 'M' 'M' 'M' 'M' 'M' 'M' 'M' 'M' 'M' 'M' 'M' 'M' 'M' 'M' 'M' 'M'
 'M' 'M' 'M' 'M' 'M' 'M' 'M' 'U' 'M' 'M' 'M' 'M' 'M' 'M' 'M' 'M' 'M' 'M'
 'M' 'M' 'M' 'M' 'M' 'M' 'U' 'M' 'M' 'M' 'M' 'M' 'M' 'U' 'M' 'U' 'M' 'M'
 'M' 'U' 'M' 'M' 'U' 'U' 'M' 'M' 'M' 'M' 'U' 'M' 'M' 'M' 'U' 'M' 'M' 'M'
 'M' 'M' 'M' 'M' 'M' 'M' 'M' 'M' 'U' 'M' 'M' 'U' 'M' 'M' 'M' 'M' 'M' 'M'
 'M' 'M' 'M' 'M' 'M' 'M' 'M' 'U' 'M' 'U' 'M' 'U' 'U' 'M' 'U' 'M' 'M' 'U'
 'M' 'M' 'M' 'M' 'M' 'M' 'U' 'M' 'U' 'M' 'M' 'M' 'M' 'M' 'M' 'M' 'M' 'M'
 'M' 'U' 'M' 'M' 'M' 'M' 'M' 'M' 'M' 'M' 'M' 'M' 'M' 'M' 'M' 'M' 'M' 'U'
 'U' 'M' 'M' 'M' 'M' 'M' 'M' 'M' 'U' 'M' 'M' 'M' 'M' 'M' 'M' 'M' 'M' 'M']"
283701,0,167,1,166,31,0,0,"['A' 'M' 'M' 'M' 'M' 'M' 'M' 'M' 'U' 'M' 'M' 'M' 'M' 'M' 'U' 'M' 'M' 'M'
 'M' 'M' 'M' 'M' 'M' 'M' 'M' 'M' 'U' 'M' 'M' 'U' 'M' 'U' 'M' 'M' 'M' 'M'
 'M' 'M' 'M' 'U' 'M' 'M' 'M' 'M' 'M' 'M' 'M' 'M' 'M' 'M' 'M' 'M' 'M' 'M'
 'M' 'M' 'M' 'M' 'M' 'M' 'M' 'U' 'M' 'M' 'M' 'M' 'M' 'M' 'M' 'U' 'M' 'M'
 'U' 'M' 'M' 'M' 'U' 'M' 'M' 'M' 'M' 'U' 'M' 'M' 'M' 'M' 'M' 'M' 'M' 'U'
 'M' 'M' 'M' 'M' 'M' 'U' 'M' 'M' 'M' 'M' 'U' 'M' 'M' 'M' 'U' 'M' 'M' 'M'
 'M' 'M' 'M' 'M' 'M' 'M' 'M' 'M' 'U' 'U' 'M' 'U' 'M' 'M' 'M' 'U' 'U' 'M'
 'M' 'M' 'M' 'M' 'M' 'M' 'M' 'U' 'M' 'U' 'U' 'U' 'U' 'M' 'M' 'M' 'M' 'M'
 'M' 'M' 'M' 'M' 'M' 'M' 'M' 'M' 'U' 'M' 'M' 'M' 'M' 'M' 'M' 'M' 'M' 'M'
 'M' 'U' 'M' 'M' 'M' 'M' 'M' 'M' 'M' 'M' 'M' 'M' 'M' 'M' 'M' 'M' 'M' 'M'
 'U' 'M' 'M' 'M' 'M' 'M' 'M' 'M' 'U' 'M' 'M' 'M' 'M' 'M' 'U' 'M' 'M' 'U']"
283801,0,174,2,172,24,0,0,"['A' 'M' 'M' 'M' 'M' 'M' 'M' 'M' 'M' 'M' 'M' 'M' 'M' 'M' 'U' 'M' 'M' 'M'
 'M' 'M' 'M' 'M' 'M' 'M' 'M' 'M' 'U' 'M' 'M' 'M' 'M' 'A' 'M' 'M' 'M' 'M'
 'M' 'M' 'M' 'M' 'M' 'M' 'M' 'M' 'M' 'M' 'M' 'M' 'M' 'M' 'U' 'M' 'M' 'M'
 'U' 'M' 'M' 'M' 'M' 'M' 'M' 'U' 'M' 'M' 'M' 'M' 'M' 'M' 'M' 'M' 'M' 'M'
 'M' 'M' 'M' 'U' 'M' 'M' 'U' 'M' 'M' 'M' 'U' 'M' 'M' 'U' 'M' 'M' 'M' 'M'
 'M' 'M' 'M' 'M' 'U' 'U' 'M' 'M' 'M' 'M' 'U' 'M' 'M' 'M' 'U' 'M' 'M' 'M'
 'M' 'M' 'M' 'M' 'M' 'M' 'M' 'M' 'U' 'M' 'M' 'M' 'M' 'U' 'M' 'U' 'U' 'M'
 'M' 'M' 'M' 'M' 'M' 'M' 'M' 'M' 'M' 'M' 'M' 'U' 'M' 'M' 'M' 'M' 'M' 'U'
 'M' 'M' 'M' 'M' 'M' 'M' 'M' 'M' 'M' 'M' 'M' 'M' 'M' 'U' 'M' 'M' 'M' 'M'
 'M' 'M' 'M' 'M' 'M' 'M' 'M' 'M' 'M' 'M' 'M' 'M' 'M' 'M' 'M' 'M' 'M' 'M'
 'U' 'M' 'M' 'M' 'M' 'M' 'M' 'M' 'U' 'M' 'M' 'M' 'M' 'M' 'U' 'M' 'M' 'U']"
283901,0,174,4,170,24,1,0,"['A' 'M' 'M' 'M' 'M' 'M' 'M' 'M' 'M' 'M' 'M' 'M' 'M' 'M' 'U' 'M' 'M' 'M'
 'M' 'M' 'M' 'M' 'M' 'M' 'M' 'M' 'A' 'M' 'M' 'M' 'M' 'A' 'M' 'M' 'M' 'M'
 'M' 'M' 'M' 'M' 'M' 'M' 'M' 'M' 'M' 'M' 'U' 'M' 'M' 'M' 'U' 'M' 'M' 'U'
 'U' 'M' 'M' 'M' 'M' 'M' 'M' 'M' 'M' 'M' 'M' 'M' 'M' 'M' 'M' 'M' 'M' 'M'
 'U' 'M' 'M' 'U' 'M' 'M' 'M' 'M' 'M' 'M' 'U' 'M' 'M' 'M' 'M' 'U' 'M' 'U'
 'M' 'M' 'M' 'M' 'M' 'U' 'M' 'M' 'M' 'M' 'U' 'M' 'M' 'M' 'U' 'M' 'M' 'M'
 'M' 'M' 'M' 'M' 'M' 'M' 'M' 'M' 'U' 'M' 'M' 'M' 'M' 'U' 'U' 'M' 'U' 'M'
 'M' 'M' 'M' 'M' 'M' 'M' 'M' 'M' 'M' 'M' 'M' 'M' 'M' 'M' 'M' 'M' 'M' 'M'
 'U' 'M' 'M' 'M' 'M' 'M' 'M' 'M' 'M' 'M' 'M' 'M' 'M' 'U' 'M' 'M' 'U' 'M'
 'M' 'M' 'M' 'M' 'M' 'M' 'M' 'M' 'U' 'M' 'M' 'M' 'M' 'M' 'M' 'M' 'M' 'U'
 'M' 'M' 'M' 'M' 'M' 'M' 'M' 'M' 'U' 'M' 'M' 'M' 'M' 'M' 'A' 'M' 'M' 'U']"
284001,0,170,3,167,28,0,0,"['A' 'M' 'M' 'M' 'M' 'M' 'M' 'M' 'M' 'M' 'M' 'M' 'M' 'M' 'U' 'M' 'M' 'M'
 'M' 'M' 'M' 'M' 'M' 'M' 'M' 'M' 'U' 'U' 'M' 'M' 'M' 'A' 'M' 'M' 'M' 'M'
 'M' 'M' 'M' 'M' 'M' 'M' 'M' 'M' 'M' 'M' 'U' 'M' 'M' 'M' 'U' 'M' 'M' 'U'
 'U' 'M' 'M' 'M' 'M' 'M' 'M' 'M' 'M' 'M' 'M' 'M' 'M' 'M' 'M' 'U' 'M' 'M'
 'M' 'M' 'M' 'M' 'U' 'M' 'U' 'M' 'M' 'U' 'M' 'M' 'M' 'M' 'M' 'M' 'M' 'U'
 'M' 'M' 'M' 'M' 'M' 'U' 'M' 'M' 'M' 'M' 'U' 'M' 'M' 'M' 'U' 'M' 'U' 'M'
 'M' 'M' 'M' 'M' 'M' 'M' 'M' 'M' 'U' 'M' 'M' 'M' 'M' 'M' 'U' 'M' 'U' 'M'
 'M' 'M' 'M' 'M' 'M' 'M' 'M' 'M' 'M' 'M' 'M' 'M' 'M' 'M' 'M' 'M' 'M' 'M'
 'U' 'M' 'M' 'M' 'U' 'M' 'M' 'M' 'M' 'M' 'M' 'M' 'M' 'U' 'M' 'M' 'M' 'M'
 'U' 'M' 'M' 'M' 'M' 'M' 'M' 'M' 'M' 'M' 'M' 'M' 'M' 'M' 'U' 'U' 'M' 'U'
 'M' 'M' 'M' 'M' 'M' 'M' 'M' 'U' 'M' 'M' 'M' 'M' 'M' 'M' 'A' 'M' 'M' 'U']"
284101,0,165,4,161,33,0,0,"['A' 'M' 'M' 'M' 'M' 'M' 'M' 'U' 'M' 'M' 'M' 'M' 'M' 'M' 'U' 'M' 'M' 'M'
 'M' 'M' 'M' 'U' 'M' 'M' 'M' 'M' 'U' 'U' 'M' 'M' 'M' 'A' 'M' 'M' 'M' 'M'
 'M' 'M' 'M' 'M' 'M' 'M' 'M' 'M' 'M' 'M' 'U' 'M' 'M' 'M' 'U' 'M' 'M' 'U'
 'U' 'M' 'M' 'M' 'M' 'M' 'M' 'M' 'U' 'M' 'M' 'M' 'U' 'M' 'M' 'M' 'M' 'U'
 'M' 'M' 'M' 'M' 'M' 'M' 'M' 'M' 'U' 'U' 'M' 'M' 'M' 'M' 'M' 'U' 'M' 'M'
 'M' 'M' 'M' 'M' 'M' 'U' 'M' 'M' 'M' 'M' 'U' 'M' 'M' 'M' 'U' 'M' 'U' 'M'
 'M' 'M' 'M' 'M' 'M' 'M' 'M' 'M' 'M' 'M' 'M' 'M' 'M' 'M' 'M' 'M' 'U' 'M'
 'M' 'M' 'M' 'M' 'M' 'M' 'M' 'M' 'M' 'M' 'M' 'M' 'M' 'M' 'M' 'M' 'U' 'M'
 'U' 'M' 'U' 'M' 'M' 'M' 'M' 'M' 'U' 'M' 'M' 'M' 'M' 'U' 'M' 'M' 'M' 'M'
 'U' 'M' 'M' 'U' 'M' 'M' 'A' 'M' 'M' 'U' 'M' 'M' 'M' 'M' 'M' 'M' 'M' 'U'
 'M' 'U' 'M' 'M' 'M' 'M' 'U' 'U' 'M' 'M' 'M' 'M' 'M' 'M' 'A' 'M' 'M' 'U']"
284201,0,170,7,163,28,0,0,"['A' 'M' 'M' 'M' 'M' 'M' 'M' 'U' 'M' 'M' 'M' 'M' 'M' 'M' 'U' 'M' 'M' 'M'
 'M' 'M' 'M' 'U' 'M' 'M' 'M' 'M' 'U' 'U' 'M' 'M' 'M' 'A' 'M' 'M' 'M' 'M'
 'M' 'M' 'M' 'M' 'M' 'M' 'M' 'M' 'M' 'M' 'M' 'M' 'M' 'M' 'M' 'M' 'M' 'U'
 'U' 'M' 'M' 'M' 'M' 'M' 'M' 'M' 'U' 'M' 'M' 'M' 'M' 'M' 'U' 'M' 'M' 'M'
 'M' 'M' 'M' 'M' 'U' 'U' 'M' 'M' 'M' 'M' 'M' 'M' 'M' 'M' 'M' 'M' 'M' 'U'
 'M' 'M' 'M' 'M' 'U' 'U' 'M' 'M' 'M' 'M' 'M' 'M' 'M' 'M' 'A' 'M' 'U' 'M'
 'M' 'U' 'M' 'M' 'M' 'M' 'M' 'M' 'M' 'M' 'M' 'M' 'M' 'U' 'M' 'M' 'M' 'M'
 'M' 'M' 'M' 'U' 'M' 'M' 'M' 'M' 'M' 'M' 'M' 'M' 'M' 'M' 'M' 'M' 'A' 'M'
 'U' 'M' 'U' 'M' 'M' 'M' 'M' 'M' 'U' 'M' 'M' 'M' 'M' 'U' 'M' 'M' 'M' 'M'
 'U' 'M' 'M' 'M' 'M' 'M' 'A' 'M' 'M' 'U' 'M' 'M' 'M' 'M' 'M' 'M' 'M' 'U'
 'M' 'U' 'M' 'M' 'M' 'M' 'U' 'M' 'M' 'A' 'M' 'M' 'M' 'M' 'A' 'M' 'M' 'U']"
284301,0,164,5,159,34,0,0,"['A' 'M' 'M' 'M' 'U' 'M' 'M' 'M' 'M' 'M' 'M' 'M' 'M' 'M' 'U' 'M' 'M' 'M'
 'M' 'M' 'M' 'U' 'M' 'M' 'M' 'M' 'U' 'M' 'M' 'M' 'M' 'A' 'M' 'M' 'M' 'M'
 'M' 'M' 'M' 'M' 'M' 'M' 'M' 'M' 'M' 'M' 'M' 'M' 'M' 'U' 'M' 'M' 'M' 'U'
 'U' 'M' 'M' 'M' 'M' 'U' 'M' 'M' 'U' 'M' 'M' 'M' 'U' 'M' 'M' 'M' 'M' 'M'
 'M' 'M' 'M' 'U' 'M' 'M' 'M' 'M' 'M' 'U' 'U' 'M' 'M' 'M' 'M' 'M' 'U' 'M'
 'M' 'M' 'M' 'M' 'M' 'U' 'M' 'M' 'M' 'M' 'M' 'M' 'M' 'M' 'U' 'U' 'U' 'M'
 'M' 'M' 'M' 'M' 'M' 'M' 'M' 'M' 'M' 'M' 'M' 'M' 'M' 'M' 'M' 'U' 'M' 'M'
 'M' 'M' 'M' 'U' 'M' 'M' 'M' 'U' 'U' 'U' 'U' 'U' 'U' 'M' 'M' 'M' 'M' 'M'
 'U' 'M' 'M' 'M' 'M' 'U' 'M' 'M' 'U' 'M' 'M' 'M' 'M' 'M' 'M' 'M' 'M' 'M'
 'U' 'M' 'M' 'M' 'M' 'M' 'A' 'M' 'M' 'U' 'M' 'M' 'U' 'M' 'M' 'M' 'M' 'M'
 'M' 'M' 'M' 'M' 'M' 'M' 'U' 'M' 'M' 'A' 'M' 'M' 'M' 'M' 'A' 'M' 'M' 'U']"
284401,0,163,3,160,35,0,0,"['A' 'M' 'M' 'M' 'U' 'M' 'M' 'M' 'M' 'M' 'M' 'M' 'M' 'M' 'U' 'M' 'M' 'M'
 'M' 'M' 'M' 'U' 'M' 'M' 'U' 'M' 'U' 'M' 'M' 'M' 'M' 'M' 'M' 'M' 'M' 'M'
 'M' 'M' 'M' 'M' 'U' 'M' 'M' 'M' 'M' 'M' 'M' 'M' 'M' 'U' 'M' 'U' 'M' 'U'
 'U' 'M' 'M' 'M' 'M' 'U' 'M' 'M' 'U' 'U' 'M' 'U' 'M' 'M' 'M' 'M' 'M' 'U'
 'M' 'M' 'M' 'M' 'M' 'M' 'U' 'M' 'M' 'M' 'U' 'M' 'U' 'M' 'M' 'M' 'M' 'M'
 'M' 'M' 'M' 'M' 'M' 'U' 'M' 'M' 'M' 'M' 'M' 'M' 'M' 'M' 'M' 'U' 'U' 'U'
 'M' 'M' 'M' 'M' 'M' 'M' 'M' 'M' 'M' 'M' 'M' 'M' 'M' 'M' 'M' 'U' 'M' 'M'
 'M' 'M' 'M' 'U' 'M' 'M' 'M' 'M' 'U' 'U' 'U' 'U' 'U' 'M' 'M' 'M' 'M' 'M'
 'U' 'M' 'M' 'M' 'M' 'U' 'M' 'M' 'M' 'M' 'M' 'M' 'M' 'M' 'M' 'M' 'M' 'M'
 'U' 'M' 'M' 'M' 'M' 'M' 'A' 'M' 'M' 'U' 'U' 'M' 'U' 'M' 'M' 'M' 'M' 'M'
 'M' 'M' 'M' 'M' 'M' 'M' 'M' 'M' 'M' 'M' 'M' 'M' 'M' 'M' 'A' 'M' 'M' 'M']"
284501,0,163,3,160,35,0,0,"['A' 'M' 'M' 'M' 'U' 'M' 'M' 'M' 'M' 'M' 'M' 'M' 'M' 'M' 'M' 'M' 'M' 'M'
 'M' 'M' 'M' 'U' 'M' 'M' 'M' 'M' 'U' 'M' 'M' 'M' 'M' 'M' 'M' 'M' 'M' 'M'
 'M' 'M' 'M' 'M' 'U' 'U' 'M' 'M' 'M' 'M' 'M' 'M' 'U' 'U' 'M' 'U' 'M' 'M'
 'U' 'U' 'M' 'M' 'A' 'M' 'M' 'M' 'M' 'M' 'M' 'U' 'M' 'M' 'M' 'M' 'M' 'M'
 'U' 'M' 'M' 'U' 'U' 'M' 'M' 'M' 'M' 'M' 'M' 'U' 'M' 'M' 'M' 'M' 'M' 'M'
 'M' 'M' 'M' 'M' 'M' 'U' 'M' 'M' 'M' 'M' 'M' 'M' 'M' 'M' 'U' 'U' 'U' 'M'
 'M' 'M' 'M' 'M' 'M' 'M' 'M' 'M' 'M' 'M' 'M' 'M' 'M' 'U' 'M' 'U' 'M' 'M'
 'M' 'M' 'M' 'U' 'M' 'M' 'M' 'M' 'U' 'U' 'U' 'U' 'U' 'M' 'M' 'M' 'M' 'M'
 'M' 'M' 'M' 'M' 'M' 'U' 'M' 'M' 'M' 'M' 'M' 'M' 'M' 'M' 'M' 'M' 'M' 'M'
 'U' 'M' 'M' 'M' 'M' 'M' 'A' 'M' 'M' 'M' 'U' 'U' 'U' 'M' 'U' 'M' 'M' 'M'
 'M' 'M' 'M' 'M' 'U' 'M' 'M' 'M' 'M' 'M' 'M' 'M' 'M' 'M' 'U' 'M' 'M' 'M']"
284601,0,168,3,165,30,0,0,"['A' 'M' 'M' 'M' 'U' 'M' 'M' 'M' 'M' 'M' 'M' 'M' 'M' 'M' 'M' 'M' 'M' 'M'
 'M' 'M' 'M' 'U' 'M' 'M' 'M' 'M' 'M' 'M' 'M' 'M' 'M' 'M' 'M' 'M' 'M' 'M'
 'M' 'M' 'M' 'M' 'M' 'U' 'M' 'M' 'M' 'M' 'M' 'M' 'U' 'U' 'M' 'M' 'M' 'M'
 'U' 'U' 'M' 'M' 'A' 'M' 'M' 'M' 'M' 'M' 'M' 'M' 'M' 'M' 'M' 'M' 'U' 'M'
 'M' 'M' 'M' 'M' 'M' 'U' 'U' 'M' 'M' 'M' 'M' 'M' 'M' 'M' 'M' 'M' 'M' 'M'
 'U' 'M' 'M' 'M' 'U' 'U' 'M' 'M' 'M' 'M' 'M' 'M' 'M' 'M' 'U' 'M' 'U' 'M'
 'M' 'M' 'M' 'M' 'M' 'M' 'M' 'M' 'M' 'M' 'M' 'M' 'M' 'U' 'M' 'U' 'M' 'M'
 'M' 'M' 'M' 'M' 'M' 'M' 'M' 'M' 'U' 'M' 'M' 'M' 'M' 'M' 'M' 'M' 'M' 'M'
 'M' 'M' 'M' 'M' 'M' 'U' 'M' 'M' 'M' 'M' 'M' 'M' 'M' 'M' 'M' 'U' 'M' 'M'
 'U' 'M' 'M' 'M' 'M' 'U' 'A' 'M' 'M' 'M' 'U' 'M' 'U' 'M' 'U' 'M' 'U' 'M'
 'M' 'M' 'M' 'M' 'U' 'U' 'U' 'M' 'M' 'M' 'M' 'M' 'M' 'M' 'U' 'M' 'M' 'M']"
284701,0,166,4,162,32,0,0,"['A' 'M' 'M' 'M' 'M' 'M' 'M' 'M' 'M' 'M' 'M' 'M' 'M' 'M' 'M' 'M' 'M' 'M'
 'M' 'M' 'M' 'M' 'M' 'M' 'M' 'M' 'M' 'M' 'M' 'U' 'M' 'M' 'M' 'U' 'M' 'M'
 'M' 'M' 'M' 'M' 'M' 'U' 'M' 'M' 'M' 'M' 'M' 'M' 'U' 'U' 'M' 'U' 'M' 'M'
 'U' 'M' 'M' 'M' 'A' 'M' 'M' 'M' 'M' 'M' 'M' 'M' 'U' 'M' 'M' 'U' 'M' 'M'
 'M' 'U' 'M' 'M' 'M' 'U' 'M' 'M' 'M' 'M' 'M' 'M' 'M' 'M' 'M' 'M' 'M' 'M'
 'M' 'M' 'M' 'M' 'U' 'A' 'M' 'M' 'M' 'M' 'M' 'M' 'M' 'M' 'M' 'M' 'U' 'M'
 'M' 'M' 'M' 'M' 'M' 'M' 'M' 'M' 'M' 'M' 'M' 'M' 'M' 'U' 'M' 'M' 'M' 'M'
 'M' 'M' 'M' 'M' 'M' 'M' 'M' 'M' 'U' 'M' 'M' 'M' 'M' 'M' 'M' 'M' 'M' 'M'
 'M' 'U' 'U' 'M' 'M' 'U' 'M' 'M' 'M' 'M' 'U' 'M' 'M' 'M' 'M' 'M' 'M' 'M'
 'U' 'U' 'U' 'M' 'M' 'U' 'A' 'M' 'M' 'M' 'U' 'M' 'U' 'M' 'U' 'U' 'U' 'M'
 'U' 'M' 'M' 'M' 'M' 'U' 'M' 'M' 'M' 'M' 'M' 'M' 'M' 'M' 'U' 'M' 'M' 'U']"
284801,0,162,3,159,36,0,1,"['A' 'M' 'M' 'M' 'M' 'M' 'M' 'M' 'M' 'M' 'M' 'M' 'M' 'M' 'M' 'M' 'M' 'M'
 'M' 'M' 'M' 'M' 'M' 'M' 'M' 'M' 'M' 'M' 'M' 'U' 'M' 'M' 'M' 'U' 'M' 'M'
 'M' 'M' 'M' 'M' 'M' 'U' 'M' 'M' 'M' 'M' 'M' 'M' 'M' 'U' 'M' 'U' 'M' 'M'
 'M' 'M' 'M' 'M' 'U' 'M' 'M' 'M' 'M' 'M' 'M' 'M' 'M' 'M' 'M' 'M' 'M' 'M'
 'M' 'U' 'M' 'M' 'M' 'M' 'M' 'M' 'M' 'M' 'M' 'M' 'M' 'M' 'M' 'U' 'U' 'M'
 'U' 'M' 'M' 'U' 'M' 'U' 'M' 'M' 'M' 'M' 'M' 'M' 'M' 'M' 'M' 'M' 'U' 'M'
 'M' 'M' 'M' 'M' 'M' 'M' 'M' 'M' 'M' 'U' 'M' 'M' 'U' 'U' 'M' 'M' 'M' 'M'
 'M' 'M' 'M' 'M' 'M' 'M' 'M' 'M' 'U' 'M' 'M' 'M' 'M' 'M' 'M' 'M' 'M' 'M'
 'M' 'U' 'U' 'M' 'U' 'U' 'U' 'M' 'M' 'M' 'U' 'M' 'M' 'M' 'M' 'M' 'M' 'M'
 'U' 'A' 'U' 'M' 'M' 'U' 'A' 'M' 'M' 'M' 'U' 'M' 'U' 'M' 'U' 'U' 'U' 'M'
 'U' 'M' 'M' 'M' 'M' 'U' 'U' 'M' 'M' 'M' 'M' 'M' 'M' 'M' 'U' 'M' 'M' 'U']"
284901,0,163,2,161,35,0,0,"['A' 'M' 'M' 'M' 'M' 'M' 'M' 'M' 'M' 'M' 'M' 'M' 'M' 'M' 'M' 'M' 'M' 'M'
 'M' 'M' 'M' 'M' 'M' 'M' 'M' 'M' 'M' 'M' 'M' 'U' 'M' 'M' 'M' 'U' 'M' 'U'
 'M' 'M' 'M' 'M' 'M' 'M' 'M' 'M' 'M' 'M' 'M' 'M' 'M' 'U' 'M' 'U' 'M' 'M'
 'M' 'M' 'M' 'M' 'U' 'M' 'M' 'U' 'M' 'M' 'U' 'M' 'U' 'M' 'U' 'M' 'M' 'M'
 'M' 'M' 'M' 'U' 'M' 'M' 'M' 'M' 'M' 'M' 'M' 'M' 'M' 'U' 'M' 'U' 'M' 'M'
 'M' 'M' 'M' 'M' 'M' 'U' 'M' 'M' 'M' 'M' 'M' 'M' 'M' 'M' 'M' 'M' 'M' 'M'
 'M' 'M' 'M' 'M' 'M' 'M' 'M' 'M' 'M' 'U' 'M' 'M' 'U' 'U' 'M' 'M' 'M' 'M'
 'U' 'M' 'M' 'M' 'M' 'M' 'M' 'M' 'U' 'M' 'M' 'M' 'M' 'U' 'M' 'M' 'M' 'M'
 'M' 'M' 'U' 'M' 'U' 'U' 'U' 'M' 'M' 'M' 'U' 'M' 'M' 'M' 'M' 'M' 'M' 'M'
 'U' 'A' 'M' 'M' 'M' 'U' 'U' 'M' 'M' 'M' 'U' 'M' 'U' 'M' 'U' 'U' 'M' 'M'
 'U' 'M' 'M' 'M' 'M' 'U' 'U' 'M' 'M' 'M' 'M' 'M' 'M' 'M' 'M' 'M' 'M' 'M']"
285001,0,167,3,164,31,0,0,"['A' 'M' 'M' 'M' 'M' 'M' 'M' 'M' 'M' 'M' 'M' 'U' 'M' 'M' 'U' 'M' 'M' 'M'
 'M' 'M' 'M' 'M' 'M' 'M' 'M' 'M' 'M' 'M' 'M' 'U' 'M' 'M' 'M' 'M' 'M' 'U'
 'M' 'M' 'M' 'M' 'M' 'M' 'M' 'M' 'M' 'M' 'M' 'M' 'U' 'M' 'M' 'M' 'M' 'M'
 'M' 'M' 'M' 'M' 'U' 'M' 'M' 'U' 'M' 'M' 'U' 'M' 'M' 'M' 'M' 'M' 'M' 'M'
 'U' 'U' 'M' 'M' 'M' 'M' 'M' 'M' 'M' 'M' 'U' 'M' 'M' 'M' 'U' 'U' 'M' 'M'
 'M' 'M' 'M' 'M' 'M' 'M' 'M' 'M' 'M' 'M' 'M' 'M' 'M' 'M' 'U' 'M' 'M' 'M'
 'M' 'M' 'M' 'M' 'M' 'M' 'M' 'M' 'M' 'U' 'M' 'M' 'M' 'U' 'M' 'M' 'M' 'U'
 'U' 'M' 'M' 'M' 'M' 'M' 'M' 'M' 'U' 'M' 'M' 'M' 'M' 'U' 'M' 'M' 'M' 'M'
 'M' 'M' 'U' 'M' 'A' 'M' 'U' 'M' 'M' 'M' 'M' 'M' 'M' 'M' 'M' 'M' 'M' 'U'
 'U' 'A' 'M' 'M' 'M' 'U' 'U' 'M' 'M' 'M' 'U' 'M' 'M' 'M' 'M' 'U' 'M' 'M'
 'U' 'M' 'M' 'M' 'M' 'U' 'U' 'M' 'M' 'M' 'M' 'M' 'M' 'M' 'M' 'M' 'M' 'M']"
285101,1,166,4,162,32,0,0,"['A' 'U' 'M' 'M' 'M' 'M' 'M' 'M' 'M' 'M' 'M' 'M' 'M' 'M' 'M' 'M' 'M' 'M'
 'M' 'M' 'M' 'M' 'M' 'M' 'M' 'M' 'M' 'M' 'M' 'U' 'M' 'M' 'M' 'M' 'M' 'A'
 'M' 'M' 'M' 'M' 'M' 'M' 'M' 'M' 'M' 'U' 'M' 'M' 'U' 'M' 'M' 'M' 'U' 'M'
 'M' 'M' 'U' 'M' 'U' 'M' 'M' 'M' 'M' 'M' 'U' 'U' 'M' 'U' 'M' 'M' 'M' 'U'
 'M' 'M' 'M' 'M' 'M' 'M' 'M' 'M' 'M' 'M' 'M' 'M' 'M' 'M' 'M' 'U' 'M' 'M'
 'M' 'M' 'U' 'M' 'M' 'M' 'U' 'U' 'M' 'M' 'M' 'M' 'M' 'M' 'M' 'M' 'M' 'M'
 'M' 'M' 'M' 'M' 'M' 'M' 'M' 'M' 'M' 'U' 'M' 'M' 'M' 'U' 'M' 'M' 'M' 'U'
 'U' 'M' 'M' 'M' 'M' 'U' 'M' 'M' 'U' 'U' 'M' 'M' 'M' 'U' 'M' 'M' 'M' 'M'
 'M' 'M' 'U' 'M' 'M' 'M' 'U' 'M' 'U' 'M' 'M' 'M' 'M' 'M' 'M' 'M' 'M' 'M'
 'U' 'A' 'M' 'M' 'M' 'U' 'M' 'U' 'M' 'M' 'U' 'M' 'M' 'M' 'M' 'M' 'M' 'M'
 'A' 'M' 'M' 'M' 'M' 'U' 'M' 'M' 'M' 'M' 'M' 'M' 'U' 'M' 'M' 'M' 'M' 'M']"
285201,1,153,3,150,45,0,0,"['A' 'U' 'M' 'M' 'M' 'M' 'M' 'M' 'M' 'U' 'M' 'M' 'U' 'M' 'M' 'M' 'M' 'M'
 'M' 'M' 'M' 'M' 'M' 'M' 'M' 'M' 'M' 'M' 'M' 'U' 'M' 'M' 'M' 'M' 'M' 'U'
 'M' 'M' 'M' 'M' 'M' 'M' 'M' 'M' 'M' 'U' 'M' 'M' 'U' 'M' 'M' 'M' 'U' 'M'
 'M' 'M' 'U' 'M' 'U' 'M' 'M' 'M' 'M' 'M' 'U' 'M' 'M' 'M' 'M' 'U' 'M' 'M'
 'U' 'M' 'M' 'M' 'U' 'M' 'M' 'M' 'U' 'M' 'M' 'M' 'M' 'M' 'M' 'M' 'M' 'M'
 'U' 'M' 'M' 'M' 'M' 'U' 'M' 'U' 'M' 'M' 'M' 'M' 'M' 'M' 'M' 'M' 'M' 'M'
 'M' 'U' 'M' 'U' 'M' 'M' 'U' 'M' 'M' 'U' 'M' 'M' 'M' 'U' 'M' 'M' 'M' 'U'
 'U' 'M' 'M' 'M' 'M' 'U' 'U' 'U' 'U' 'U' 'M' 'M' 'U' 'U' 'M' 'M' 'M' 'M'
 'M' 'M' 'U' 'U' 'U' 'M' 'U' 'M' 'M' 'M' 'M' 'M' 'U' 'M' 'M' 'M' 'M' 'M'
 'U' 'A' 'M' 'M' 'M' 'U' 'M' 'U' 'M' 'M' 'U' 'M' 'M' 'M' 'U' 'M' 'M' 'M'
 'A' 'M' 'M' 'M' 'M' 'U' 'M' 'U' 'M' 'M' 'M' 'M' 'M' 'M' 'U' 'M' 'M' 'M']"
285301,0,156,4,152,42,0,1,"['A' 'M' 'M' 'M' 'M' 'M' 'M' 'M' 'M' 'U' 'M' 'M' 'M' 'M' 'M' 'M' 'M' 'M'
 'M' 'M' 'U' 'M' 'U' 'M' 'M' 'M' 'M' 'M' 'M' 'U' 'M' 'M' 'M' 'U' 'M' 'U'
 'M' 'M' 'M' 'M' 'M' 'M' 'M' 'M' 'M' 'U' 'M' 'M' 'U' 'M' 'M' 'M' 'M' 'M'
 'U' 'M' 'U' 'M' 'U' 'M' 'M' 'M' 'M' 'M' 'U' 'M' 'U' 'U' 'M' 'M' 'M' 'M'
 'M' 'M' 'M' 'M' 'M' 'M' 'M' 'M' 'M' 'M' 'U' 'M' 'M' 'M' 'M' 'M' 'U' 'M'
 'M' 'U' 'M' 'M' 'M' 'U' 'M' 'U' 'M' 'M' 'M' 'M' 'M' 'M' 'M' 'M' 'M' 'M'
 'M' 'U' 'M' 'M' 'M' 'M' 'U' 'M' 'M' 'U' 'M' 'M' 'M' 'M' 'M' 'M' 'M' 'U'
 'M' 'M' 'M' 'M' 'M' 'M' 'U' 'M' 'U' 'U' 'U' 'M' 'U' 'U' 'U' 'M' 'M' 'M'
 'M' 'M' 'U' 'U' 'U' 'M' 'M' 'M' 'M' 'M' 'M' 'M' 'U' 'M' 'M' 'M' 'M' 'M'
 'U' 'A' 'M' 'M' 'M' 'U' 'M' 'U' 'M' 'M' 'U' 'M' 'M' 'M' 'U' 'M' 'M' 'M'
 'A' 'M' 'M' 'M' 'M' 'U' 'A' 'U' 'M' 'M' 'M' 'M' 'M' 'M' 'U' 'M' 'M' 'M']"
285401,0,154,3,151,44,0,0,"['A' 'M' 'M' 'U' 'M' 'M' 'M' 'M' 'M' 'U' 'M' 'M' 'U' 'M' 'M' 'M' 'M' 'M'
 'M' 'M' 'U' 'M' 'U' 'M' 'M' 'M' 'M' 'M' 'M' 'U' 'M' 'U' 'M' 'M' 'M' 'U'
 'M' 'U' 'M' 'M' 'M' 'M' 'M' 'M' 'M' 'U' 'M' 'M' 'U' 'M' 'M' 'M' 'M' 'M'
 'U' 'M' 'U' 'M' 'U' 'M' 'M' 'M' 'M' 'M' 'U' 'M' 'M' 'M' 'M' 'U' 'M' 'M'
 'M' 'U' 'M' 'M' 'M' 'M' 'U' 'M' 'M' 'U' 'M' 'M' 'M' 'M' 'M' 'M' 'M' 'M'
 'M' 'U' 'M' 'M' 'M' 'M' 'M' 'U' 'M' 'M' 'M' 'M' 'M' 'M' 'M' 'U' 'M' 'M'
 'M' 'U' 'M' 'M' 'M' 'M' 'U' 'M' 'M' 'U' 'M' 'M' 'M' 'M' 'M' 'M' 'M' 'M'
 'M' 'M' 'M' 'M' 'M' 'U' 'U' 'U' 'M' 'U' 'U' 'U' 'U' 'M' 'U' 'M' 'M' 'M'
 'M' 'M' 'U' 'M' 'M' 'M' 'M' 'M' 'M' 'M' 'M' 'M' 'U' 'M' 'U' 'M' 'M' 'M'
 'M' 'A' 'M' 'M' 'M' 'U' 'M' 'U' 'M' 'M' 'M' 'M' 'M' 'M' 'U' 'M' 'M' 'M'
 'U' 'U' 'M' 'M' 'M' 'U' 'A' 'U' 'M' 'M' 'M' 'M' 'M' 'M' 'U' 'M' 'M' 'M']"
285501,0,153,6,147,45,0,0,"['A' 'M' 'M' 'U' 'M' 'M' 'M' 'M' 'M' 'U' 'M' 'M' 'A' 'M' 'U' 'M' 'M' 'U'
 'M' 'M' 'U' 'M' 'M' 'M' 'M' 'M' 'M' 'M' 'U' 'M' 'M' 'U' 'U' 'M' 'M' 'M'
 'M' 'U' 'M' 'M' 'M' 'M' 'M' 'M' 'M' 'U' 'U' 'M' 'M' 'M' 'M' 'M' 'U' 'M'
 'U' 'M' 'U' 'M' 'A' 'M' 'M' 'M' 'M' 'U' 'A' 'M' 'M' 'M' 'M' 'M' 'M' 'M'
 'M' 'M' 'M' 'U' 'M' 'U' 'U' 'M' 'M' 'M' 'M' 'M' 'M' 'U' 'M' 'M' 'M' 'M'
 'M' 'M' 'M' 'U' 'M' 'M' 'M' 'U' 'U' 'M' 'M' 'M' 'M' 'M' 'M' 'U' 'M' 'M'
 'M' 'U' 'M' 'M' 'M' 'M' 'U' 'U' 'M' 'U' 'U' 'M' 'M' 'M' 'M' 'M' 'M' 'M'
 'M' 'M' 'U' 'M' 'M' 'U' 'U' 'U' 'M' 'U' 'U' 'U' 'M' 'M' 'U' 'M' 'M' 'M'
 'M' 'M' 'M' 'M' 'M' 'M' 'M' 'M' 'M' 'M' 'M' 'M' 'U' 'M' 'U' 'M' 'M' 'M'
 'M' 'A' 'M' 'M' 'M' 'U' 'U' 'M' 'M' 'M' 'M' 'M' 'M' 'M' 'U' 'M' 'M' 'M'
 'M' 'M' 'M' 'M' 'U' 'U' 'A' 'U' 'M' 'M' 'M' 'M' 'M' 'M' 'U' 'M' 'M' 'M']"
285601,0,148,8,140,50,0,0,"['A' 'M' 'M' 'U' 'M' 'M' 'M' 'M' 'M' 'U' 'M' 'M' 'A' 'M' 'U' 'M' 'M' 'U'
 'M' 'U' 'U' 'A' 'M' 'M' 'M' 'M' 'M' 'M' 'A' 'M' 'M' 'U' 'U' 'M' 'M' 'M'
 'M' 'U' 'U' 'M' 'M' 'M' 'M' 'M' 'M' 'U' 'U' 'M' 'M' 'U' 'M' 'M' 'U' 'M'
 'U' 'M' 'U' 'M' 'A' 'M' 'M' 'M' 'M' 'U' 'A' 'M' 'M' 'M' 'M' 'M' 'M' 'M'
 'M' 'M' 'M' 'M' 'M' 'U' 'M' 'M' 'M' 'M' 'U' 'M' 'M' 'M' 'U' 'M' 'U' 'M'
 'U' 'M' 'M' 'M' 'M' 'M' 'M' 'M' 'U' 'U' 'M' 'M' 'U' 'M' 'M' 'M' 'M' 'M'
 'M' 'U' 'M' 'M' 'M' 'M' 'U' 'U' 'M' 'U' 'U' 'M' 'M' 'M' 'M' 'M' 'M' 'M'
 'M' 'M' 'U' 'M' 'M' 'U' 'U' 'M' 'U' 'U' 'U' 'U' 'U' 'M' 'U' 'U' 'M' 'M'
 'M' 'M' 'M' 'M' 'M' 'U' 'M' 'M' 'M' 'M' 'M' 'M' 'U' 'M' 'U' 'M' 'M' 'M'
 'M' 'A' 'M' 'M' 'M' 'U' 'U' 'M' 'M' 'M' 'M' 'M' 'M' 'M' 'M' 'M' 'M' 'M'
 'M' 'M' 'M' 'M' 'U' 'U' 'A' 'U' 'U' 'M' 'M' 'M' 'M' 'M' 'U' 'M' 'M' 'M']"
285701,0,147,7,140,51,0,0,"['A' 'M' 'M' 'U' 'M' 'M' 'U' 'M' 'M' 'U' 'M' 'M' 'A' 'M' 'U' 'M' 'M' 'U'
 'M' 'U' 'U' 'A' 'M' 'U' 'M' 'M' 'M' 'M' 'A' 'M' 'M' 'U' 'U' 'M' 'M' 'M'
 'M' 'U' 'M' 'M' 'M' 'M' 'M' 'M' 'M' 'M' 'U' 'M' 'M' 'U' 'M' 'M' 'M' 'M'
 'U' 'M' 'U' 'M' 'A' 'M' 'M' 'M' 'U' 'M' 'A' 'M' 'M' 'U' 'M' 'M' 'M' 'M'
 'M' 'M' 'M' 'U' 'M' 'M' 'M' 'M' 'M' 'M' 'M' 'M' 'M' 'U' 'M' 'U' 'M' 'M'
 'M' 'M' 'M' 'M' 'U' 'M' 'M' 'M' 'U' 'U' 'M' 'M' 'U' 'M' 'M' 'M' 'M' 'M'
 'M' 'U' 'M' 'M' 'U' 'M' 'U' 'U' 'M' 'U' 'U' 'M' 'U' 'M' 'M' 'M' 'M' 'M'
 'M' 'M' 'U' 'M' 'M' 'U' 'U' 'M' 'U' 'U' 'M' 'U' 'U' 'M' 'U' 'U' 'M' 'M'
 'M' 'M' 'M' 'M' 'M' 'U' 'M' 'M' 'M' 'M' 'M' 'M' 'U' 'M' 'U' 'M' 'M' 'M'
 'M' 'A' 'M' 'M' 'M' 'U' 'U' 'M' 'M' 'M' 'M' 'M' 'M' 'M' 'M' 'M' 'M' 'M'
 'U' 'M' 'M' 'M' 'M' 'U' 'U' 'U' 'U' 'M' 'M' 'M' 'M' 'M' 'U' 'M' 'M' 'M']"
285801,0,147,7,140,51,0,0,"['A' 'U' 'M' 'U' 'M' 'M' 'U' 'M' 'M' 'M' 'M' 'M' 'A' 'M' 'A' 'M' 'M' 'M'
 'M' 'U' 'M' 'A' 'M' 'U' 'M' 'M' 'M' 'M' 'U' 'M' 'M' 'U' 'U' 'M' 'M' 'M'
 'M' 'U' 'M' 'M' 'M' 'M' 'M' 'M' 'M' 'M' 'U' 'U' 'M' 'U' 'M' 'M' 'M' 'M'
 'U' 'M' 'U' 'M' 'A' 'M' 'M' 'M' 'U' 'M' 'A' 'M' 'U' 'M' 'M' 'M' 'M' 'M'
 'M' 'M' 'M' 'U' 'U' 'M' 'M' 'M' 'M' 'M' 'M' 'M' 'M' 'M' 'M' 'M' 'M' 'M'
 'M' 'M' 'U' 'U' 'M' 'U' 'M' 'M' 'U' 'M' 'M' 'M' 'U' 'M' 'M' 'M' 'M' 'M'
 'M' 'U' 'M' 'M' 'M' 'M' 'U' 'U' 'M' 'M' 'U' 'M' 'U' 'M' 'M' 'M' 'M' 'M'
 'M' 'M' 'M' 'M' 'M' 'U' 'M' 'U' 'U' 'U' 'U' 'U' 'U' 'M' 'U' 'U' 'U' 'M'
 'M' 'M' 'M' 'M' 'M' 'U' 'M' 'M' 'M' 'M' 'M' 'M' 'U' 'M' 'U' 'U' 'M' 'M'
 'M' 'U' 'M' 'M' 'M' 'M' 'U' 'M' 'M' 'M' 'M' 'M' 'M' 'M' 'U' 'M' 'M' 'U'
 'U' 'M' 'M' 'M' 'M' 'U' 'M' 'A' 'U' 'M' 'M' 'M' 'M' 'M' 'U' 'M' 'U' 'M']"
285901,0,146,8,138,52,0,0,"['A' 'U' 'M' 'U' 'M' 'M' 'M' 'M' 'M' 'M' 'M' 'M' 'A' 'U' 'A' 'M' 'M' 'M'
 'M' 'M' 'M' 'A' 'M' 'U' 'U' 'M' 'M' 'M' 'U' 'M' 'M' 'M' 'U' 'M' 'M' 'M'
 'M' 'U' 'M' 'M' 'M' 'M' 'M' 'M' 'M' 'M' 'U' 'U' 'M' 'U' 'M' 'U' 'M' 'M'
 'U' 'M' 'U' 'U' 'U' 'M' 'M' 'M' 'U' 'M' 'A' 'U' 'M' 'M' 'M' 'M' 'U' 'M'
 'M' 'M' 'M' 'M' 'M' 'M' 'M' 'M' 'M' 'M' 'M' 'U' 'M' 'M' 'M' 'M' 'M' 'M'
 'M' 'M' 'M' 'U' 'U' 'U' 'M' 'M' 'U' 'M' 'M' 'M' 'U' 'M' 'M' 'M' 'M' 'M'
 'M' 'M' 'M' 'M' 'M' 'M' 'U' 'M' 'M' 'M' 'A' 'U' 'M' 'M' 'U' 'M' 'M' 'M'
 'U' 'U' 'M' 'M' 'M' 'U' 'U' 'A' 'U' 'U' 'U' 'U' 'U' 'M' 'U' 'U' 'U' 'M'
 'M' 'M' 'M' 'M' 'M' 'U' 'M' 'M' 'M' 'M' 'M' 'M' 'U' 'M' 'M' 'U' 'M' 'M'
 'M' 'U' 'M' 'M' 'M' 'M' 'U' 'M' 'M' 'M' 'M' 'M' 'M' 'M' 'U' 'M' 'M' 'U'
 'U' 'M' 'M' 'M' 'M' 'M' 'M' 'A' 'U' 'M' 'M' 'U' 'M' 'M' 'U' 'U' 'M' 'M']"
286001,0,147,7,140,51,0,0,"['A' 'U' 'M' 'U' 'M' 'M' 'M' 'U' 'M' 'M' 'M' 'M' 'U' 'U' 'A' 'M' 'U' 'M'
 'M' 'M' 'M' 'A' 'M' 'M' 'U' 'M' 'M' 'M' 'U' 'M' 'M' 'U' 'U' 'M' 'M' 'M'
 'M' 'U' 'M' 'M' 'M' 'M' 'M' 'M' 'M' 'M' 'U' 'U' 'M' 'U' 'M' 'M' 'M' 'M'
 'U' 'M' 'U' 'U' 'U' 'M' 'M' 'M' 'M' 'U' 'U' 'M' 'M' 'M' 'M' 'U' 'M' 'M'
 'M' 'M' 'M' 'U' 'U' 'M' 'M' 'M' 'U' 'M' 'M' 'M' 'M' 'M' 'M' 'M' 'M' 'M'
 'M' 'M' 'M' 'U' 'M' 'M' 'M' 'M' 'U' 'M' 'M' 'M' 'U' 'M' 'U' 'M' 'M' 'M'
 'M' 'M' 'M' 'M' 'M' 'M' 'U' 'A' 'M' 'U' 'A' 'M' 'M' 'M' 'M' 'M' 'M' 'M'
 'U' 'M' 'M' 'M' 'M' 'U' 'U' 'A' 'U' 'A' 'U' 'U' 'U' 'M' 'U' 'U' 'M' 'M'
 'M' 'M' 'M' 'M' 'M' 'M' 'M' 'M' 'M' 'M' 'M' 'M' 'U' 'M' 'U' 'M' 'U' 'M'
 'M' 'M' 'M' 'M' 'M' 'M' 'U' 'M' 'M' 'M' 'M' 'M' 'M' 'M' 'U' 'M' 'M' 'U'
 'U' 'M' 'M' 'M' 'M' 'M' 'M' 'U' 'U' 'M' 'M' 'U' 'M' 'M' 'U' 'U' 'M' 'M']"
286101,0,155,7,148,43,0,0,"['A' 'U' 'M' 'U' 'M' 'M' 'M' 'M' 'M' 'M' 'M' 'M' 'M' 'M' 'U' 'M' 'U' 'M'
 'M' 'M' 'M' 'A' 'M' 'M' 'U' 'M' 'M' 'M' 'U' 'M' 'M' 'U' 'A' 'M' 'M' 'M'
 'M' 'M' 'M' 'M' 'M' 'U' 'M' 'M' 'M' 'U' 'U' 'M' 'M' 'A' 'M' 'M' 'M' 'M'
 'U' 'M' 'U' 'M' 'U' 'M' 'M' 'M' 'M' 'U' 'U' 'M' 'M' 'M' 'M' 'U' 'M' 'M'
 'M' 'U' 'M' 'M' 'M' 'M' 'M' 'M' 'M' 'U' 'M' 'M' 'M' 'M' 'M' 'M' 'U' 'M'
 'U' 'M' 'M' 'M' 'M' 'M' 'M' 'M' 'M' 'U' 'M' 'M' 'U' 'A' 'U' 'M' 'M' 'M'
 'M' 'M' 'M' 'M' 'M' 'M' 'M' 'A' 'M' 'U' 'U' 'M' 'M' 'M' 'M' 'M' 'M' 'M'
 'U' 'M' 'M' 'M' 'M' 'M' 'U' 'A' 'M' 'U' 'U' 'U' 'U' 'M' 'U' 'M' 'M' 'M'
 'M' 'M' 'M' 'M' 'M' 'M' 'M' 'M' 'M' 'M' 'M' 'M' 'U' 'M' 'U' 'M' 'U' 'M'
 'M' 'M' 'M' 'M' 'M' 'M' 'U' 'M' 'M' 'M' 'M' 'M' 'M' 'M' 'U' 'M' 'M' 'U'
 'U' 'M' 'M' 'M' 'M' 'M' 'M' 'U' 'M' 'M' 'U' 'M' 'M' 'M' 'U' 'U' 'M' 'M']"
286201,0,152,7,145,46,0,0,"['A' 'U' 'M' 'U' 'M' 'M' 'M' 'M' 'M' 'M' 'M' 'M' 'M' 'M' 'M' 'M' 'U' 'M'
 'M' 'M' 'M' 'A' 'M' 'M' 'U' 'M' 'M' 'M' 'U' 'M' 'M' 'U' 'A' 'M' 'M' 'U'
 'M' 'U' 'M' 'M' 'M' 'U' 'M' 'M' 'M' 'U' 'U' 'M' 'M' 'A' 'M' 'M' 'M' 'M'
 'U' 'M' 'U' 'U' 'U' 'M' 'M' 'M' 'M' 'M' 'U' 'U' 'M' 'U' 'M' 'M' 'M' 'M'
 'M' 'M' 'M' 'M' 'M' 'M' 'M' 'M' 'M' 'U' 'M' 'M' 'M' 'M' 'M' 'M' 'M' 'U'
 'M' 'U' 'M' 'M' 'M' 'M' 'M' 'U' 'U' 'U' 'M' 'M' 'M' 'A' 'M' 'M' 'M' 'M'
 'M' 'M' 'M' 'M' 'M' 'M' 'M' 'A' 'M' 'U' 'U' 'M' 'M' 'M' 'M' 'M' 'M' 'U'
 'U' 'M' 'M' 'M' 'M' 'M' 'M' 'A' 'U' 'U' 'U' 'U' 'U' 'M' 'U' 'M' 'M' 'M'
 'M' 'M' 'M' 'U' 'M' 'M' 'M' 'M' 'M' 'M' 'M' 'M' 'U' 'M' 'U' 'M' 'U' 'M'
 'M' 'M' 'M' 'M' 'M' 'M' 'U' 'M' 'U' 'M' 'M' 'M' 'M' 'M' 'U' 'M' 'M' 'U'
 'M' 'M' 'M' 'M' 'M' 'M' 'M' 'U' 'M' 'M' 'U' 'M' 'M' 'M' 'U' 'U' 'M' 'M']"
286301,0,150,9,141,48,0,0,"['A' 'U' 'M' 'U' 'M' 'M' 'M' 'M' 'M' 'M' 'M' 'M' 'M' 'M' 'M' 'M' 'U' 'U'
 'M' 'M' 'M' 'U' 'M' 'U' 'U' 'M' 'M' 'M' 'U' 'M' 'M' 'U' 'A' 'M' 'M' 'U'
 'M' 'U' 'M' 'M' 'A' 'U' 'M' 'M' 'M' 'U' 'U' 'U' 'U' 'A' 'M' 'M' 'M' 'M'
 'U' 'M' 'U' 'U' 'U' 'M' 'M' 'M' 'M' 'M' 'U' 'M' 'U' 'M' 'U' 'M' 'M' 'M'
 'M' 'M' 'M' 'U' 'M' 'M' 'M' 'M' 'M' 'M' 'M' 'M' 'M' 'M' 'M' 'U' 'M' 'M'
 'M' 'M' 'M' 'U' 'M' 'U' 'M' 'U' 'U' 'U' 'M' 'M' 'M' 'A' 'M' 'U' 'M' 'M'
 'M' 'M' 'M' 'M' 'M' 'M' 'M' 'A' 'M' 'M' 'U' 'M' 'M' 'M' 'M' 'M' 'M' 'U'
 'A' 'M' 'M' 'M' 'M' 'U' 'U' 'A' 'U' 'M' 'U' 'U' 'U' 'M' 'M' 'M' 'M' 'M'
 'M' 'M' 'U' 'U' 'M' 'M' 'M' 'M' 'M' 'M' 'M' 'M' 'M' 'M' 'M' 'M' 'U' 'M'
 'M' 'M' 'M' 'M' 'M' 'M' 'U' 'M' 'U' 'M' 'M' 'M' 'M' 'M' 'A' 'M' 'M' 'U'
 'M' 'M' 'M' 'M' 'M' 'M' 'U' 'U' 'M' 'M' 'M' 'M' 'M' 'M' 'U' 'M' 'M' 'M']"
286401,0,145,9,136,53,0,0,"['A' 'U' 'M' 'M' 'M' 'M' 'M' 'M' 'M' 'M' 'M' 'M' 'M' 'U' 'M' 'M' 'U' 'U'
 'M' 'M' 'M' 'U' 'M' 'U' 'U' 'M' 'M' 'M' 'M' 'M' 'M' 'U' 'A' 'M' 'M' 'U'
 'M' 'U' 'M' 'M' 'A' 'U' 'M' 'M' 'M' 'U' 'U' 'U' 'U' 'U' 'M' 'M' 'M' 'M'
 'U' 'M' 'U' 'U' 'U' 'M' 'M' 'M' 'M' 'M' 'U' 'M' 'M' 'M' 'U' 'U' 'M' 'U'
 'U' 'M' 'M' 'M' 'M' 'M' 'M' 'M' 'M' 'M' 'M' 'M' 'M' 'M' 'M' 'M' 'M' 'M'
 'M' 'M' 'U' 'M' 'M' 'M' 'M' 'U' 'U' 'U' 'M' 'M' 'M' 'A' 'M' 'U' 'M' 'M'
 'M' 'M' 'U' 'M' 'M' 'M' 'M' 'A' 'A' 'M' 'U' 'M' 'M' 'M' 'M' 'M' 'M' 'U'
 'A' 'M' 'M' 'M' 'M' 'M' 'U' 'A' 'U' 'U' 'U' 'U' 'U' 'M' 'M' 'M' 'M' 'M'
 'M' 'M' 'U' 'U' 'M' 'M' 'M' 'U' 'M' 'M' 'M' 'M' 'M' 'M' 'M' 'M' 'M' 'M'
 'U' 'M' 'M' 'M' 'M' 'U' 'U' 'M' 'U' 'M' 'M' 'M' 'U' 'M' 'A' 'M' 'M' 'U'
 'M' 'M' 'U' 'M' 'M' 'U' 'U' 'U' 'M' 'M' 'M' 'M' 'M' 'M' 'U' 'M' 'M' 'M']"
286501,0,143,2,141,55,0,0,"['A' 'U' 'M' 'U' 'M' 'M' 'M' 'M' 'U' 'M' 'M' 'M' 'M' 'U' 'M' 'M' 'U' 'U'
 'M' 'M' 'M' 'U' 'M' 'M' 'U' 'M' 'M' 'M' 'M' 'M' 'M' 'U' 'U' 'M' 'M' 'U'
 'M' 'U' 'M' 'M' 'U' 'U' 'M' 'M' 'M' 'U' 'M' 'U' 'U' 'M' 'M' 'M' 'M' 'M'
 'U' 'M' 'M' 'M' 'U' 'M' 'M' 'M' 'M' 'M' 'U' 'M' 'U' 'U' 'M' 'M' 'U' 'M'
 'M' 'M' 'M' 'M' 'M' 'M' 'U' 'M' 'M' 'M' 'M' 'M' 'M' 'M' 'M' 'M' 'M' 'M'
 'M' 'U' 'M' 'M' 'M' 'M' 'U' 'U' 'M' 'M' 'M' 'M' 'M' 'U' 'U' 'U' 'M' 'M'
 'M' 'M' 'U' 'M' 'M' 'M' 'M' 'U' 'A' 'M' 'M' 'M' 'M' 'M' 'M' 'M' 'M' 'U'
 'U' 'M' 'M' 'M' 'M' 'M' 'U' 'U' 'M' 'U' 'U' 'U' 'M' 'M' 'M' 'M' 'M' 'U'
 'M' 'U' 'U' 'U' 'M' 'M' 'M' 'U' 'M' 'M' 'M' 'M' 'M' 'M' 'M' 'U' 'M' 'M'
 'M' 'M' 'M' 'M' 'M' 'U' 'U' 'M' 'U' 'U' 'M' 'M' 'U' 'M' 'M' 'M' 'M' 'U'
 'M' 'M' 'U' 'M' 'M' 'M' 'U' 'U' 'M' 'M' 'M' 'M' 'M' 'M' 'U' 'M' 'M' 'M']"
286601,0,156,2,154,42,0,1,"['A' 'U' 'M' 'M' 'M' 'M' 'M' 'M' 'U' 'M' 'M' 'M' 'M' 'U' 'M' 'M' 'U' 'M'
 'M' 'M' 'M' 'U' 'M' 'M' 'M' 'M' 'M' 'M' 'M' 'M' 'M' 'U' 'M' 'M' 'M' 'M'
 'M' 'U' 'M' 'M' 'M' 'A' 'M' 'M' 'M' 'U' 'M' 'U' 'M' 'M' 'U' 'M' 'M' 'M'
 'M' 'M' 'M' 'M' 'U' 'M' 'M' 'M' 'M' 'M' 'U' 'M' 'U' 'M' 'U' 'M' 'M' 'M'
 'M' 'M' 'U' 'M' 'M' 'M' 'M' 'U' 'M' 'M' 'M' 'M' 'M' 'M' 'M' 'M' 'U' 'M'
 'M' 'M' 'M' 'M' 'M' 'M' 'M' 'U' 'M' 'M' 'U' 'M' 'M' 'U' 'U' 'M' 'M' 'M'
 'M' 'M' 'M' 'M' 'M' 'M' 'M' 'U' 'U' 'M' 'M' 'M' 'M' 'M' 'M' 'M' 'M' 'U'
 'U' 'M' 'M' 'M' 'M' 'M' 'U' 'U' 'M' 'U' 'U' 'M' 'M' 'M' 'M' 'M' 'M' 'U'
 'M' 'U' 'U' 'U' 'M' 'M' 'M' 'U' 'M' 'M' 'M' 'M' 'M' 'M' 'M' 'U' 'M' 'M'
 'M' 'M' 'M' 'M' 'M' 'U' 'U' 'M' 'U' 'M' 'M' 'M' 'M' 'M' 'M' 'M' 'M' 'U'
 'M' 'M' 'U' 'M' 'M' 'M' 'M' 'U' 'M' 'M' 'M' 'M' 'M' 'M' 'U' 'M' 'M' 'M']"
286701,0,163,4,159,35,0,0,"['A' 'M' 'M' 'M' 'M' 'M' 'M' 'M' 'M' 'M' 'M' 'M' 'M' 'M' 'M' 'M' 'U' 'U'
 'M' 'M' 'M' 'M' 'M' 'M' 'M' 'M' 'M' 'M' 'M' 'M' 'M' 'M' 'M' 'M' 'M' 'M'
 'M' 'U' 'M' 'M' 'M' 'A' 'M' 'M' 'M' 'U' 'U' 'U' 'M' 'M' 'U' 'M' 'M' 'M'
 'M' 'M' 'M' 'M' 'U' 'M' 'M' 'M' 'M' 'M' 'M' 'M' 'M' 'U' 'M' 'M' 'U' 'U'
 'M' 'M' 'M' 'M' 'M' 'M' 'U' 'M' 'U' 'M' 'M' 'M' 'M' 'M' 'M' 'M' 'M' 'M'
 'M' 'M' 'M' 'M' 'M' 'M' 'M' 'U' 'M' 'M' 'U' 'M' 'M' 'M' 'U' 'M' 'M' 'M'
 'M' 'M' 'M' 'M' 'M' 'M' 'M' 'U' 'U' 'M' 'M' 'M' 'M' 'M' 'U' 'M' 'M' 'U'
 'U' 'M' 'M' 'M' 'M' 'M' 'U' 'M' 'M' 'U' 'M' 'M' 'M' 'M' 'M' 'M' 'M' 'U'
 'M' 'U' 'U' 'U' 'M' 'M' 'M' 'U' 'M' 'M' 'M' 'M' 'M' 'M' 'M' 'U' 'M' 'M'
 'M' 'M' 'M' 'M' 'M' 'U' 'A' 'M' 'A' 'M' 'M' 'M' 'M' 'M' 'M' 'M' 'M' 'M'
 'M' 'M' 'U' 'M' 'M' 'M' 'M' 'U' 'M' 'M' 'U' 'M' 'M' 'M' 'U' 'M' 'M' 'U']"
286801,0,168,6,162,30,0,0,"['A' 'U' 'M' 'M' 'M' 'M' 'M' 'M' 'M' 'M' 'M' 'M' 'M' 'M' 'M' 'M' 'U' 'U'
 'M' 'M' 'M' 'M' 'U' 'M' 'M' 'M' 'M' 'M' 'M' 'M' 'M' 'M' 'M' 'M' 'M' 'M'
 'M' 'A' 'M' 'M' 'M' 'A' 'M' 'M' 'M' 'U' 'A' 'U' 'M' 'M' 'M' 'M' 'M' 'M'
 'M' 'M' 'M' 'M' 'U' 'M' 'M' 'M' 'M' 'M' 'M' 'M' 'M' 'M' 'M' 'M' 'M' 'U'
 'M' 'M' 'U' 'M' 'M' 'M' 'U' 'M' 'M' 'U' 'M' 'M' 'M' 'U' 'M' 'M' 'M' 'M'
 'M' 'M' 'M' 'M' 'M' 'U' 'M' 'U' 'M' 'M' 'U' 'M' 'M' 'M' 'U' 'M' 'M' 'M'
 'M' 'U' 'M' 'M' 'M' 'M' 'M' 'U' 'U' 'M' 'M' 'M' 'M' 'M' 'U' 'M' 'M' 'M'
 'U' 'M' 'M' 'M' 'M' 'M' 'U' 'M' 'M' 'U' 'M' 'M' 'M' 'M' 'M' 'M' 'M' 'U'
 'M' 'U' 'U' 'M' 'M' 'M' 'M' 'M' 'M' 'M' 'M' 'M' 'M' 'M' 'M' 'M' 'M' 'M'
 'M' 'M' 'M' 'M' 'M' 'U' 'M' 'M' 'A' 'M' 'M' 'M' 'M' 'M' 'M' 'M' 'M' 'M'
 'M' 'M' 'A' 'M' 'M' 'M' 'M' 'U' 'M' 'M' 'M' 'M' 'M' 'M' 'U' 'M' 'M' 'U']"
286901,0,168,7,161,30,0,0,"['A' 'U' 'M' 'M' 'M' 'M' 'M' 'M' 'U' 'M' 'M' 'M' 'M' 'M' 'M' 'U' 'U' 'U'
 'M' 'M' 'M' 'M' 'U' 'M' 'M' 'M' 'U' 'M' 'M' 'M' 'M' 'M' 'M' 'M' 'M' 'M'
 'M' 'A' 'M' 'M' 'M' 'A' 'M' 'M' 'M' 'U' 'A' 'M' 'M' 'M' 'M' 'M' 'M' 'M'
 'M' 'M' 'M' 'M' 'M' 'M' 'M' 'M' 'M' 'M' 'M' 'M' 'M' 'M' 'M' 'M' 'M' 'M'
 'M' 'U' 'M' 'M' 'M' 'M' 'M' 'M' 'U' 'M' 'M' 'M' 'M' 'M' 'M' 'M' 'U' 'M'
 'M' 'M' 'U' 'U' 'M' 'U' 'M' 'U' 'M' 'M' 'U' 'M' 'M' 'M' 'M' 'M' 'M' 'M'
 'M' 'U' 'M' 'M' 'M' 'U' 'M' 'U' 'U' 'M' 'M' 'M' 'M' 'M' 'M' 'M' 'M' 'M'
 'U' 'M' 'M' 'M' 'M' 'M' 'U' 'M' 'M' 'U' 'M' 'M' 'M' 'M' 'M' 'M' 'M' 'U'
 'M' 'U' 'U' 'M' 'M' 'M' 'M' 'M' 'M' 'M' 'M' 'M' 'M' 'M' 'M' 'M' 'M' 'M'
 'M' 'M' 'M' 'M' 'M' 'U' 'M' 'M' 'A' 'M' 'M' 'M' 'M' 'M' 'M' 'M' 'M' 'M'
 'M' 'U' 'A' 'M' 'M' 'M' 'M' 'A' 'M' 'M' 'M' 'M' 'M' 'M' 'U' 'M' 'M' 'U']"
287001,0,169,5,164,29,0,0,"['A' 'U' 'M' 'M' 'M' 'M' 'M' 'M' 'U' 'M' 'M' 'M' 'M' 'M' 'M' 'U' 'U' 'U'
 'M' 'M' 'U' 'M' 'U' 'M' 'M' 'M' 'M' 'M' 'M' 'M' 'M' 'M' 'M' 'M' 'M' 'M'
 'M' 'A' 'M' 'M' 'M' 'A' 'M' 'M' 'M' 'M' 'U' 'M' 'M' 'M' 'M' 'M' 'M' 'M'
 'M' 'M' 'M' 'M' 'M' 'M' 'M' 'M' 'M' 'M' 'M' 'M' 'M' 'M' 'M' 'M' 'U' 'U'
 'M' 'M' 'M' 'M' 'M' 'M' 'U' 'M' 'M' 'M' 'M' 'M' 'M' 'M' 'M' 'U' 'M' 'U'
 'M' 'M' 'M' 'M' 'M' 'U' 'M' 'U' 'M' 'M' 'M' 'M' 'M' 'M' 'M' 'M' 'M' 'M'
 'M' 'U' 'U' 'M' 'M' 'U' 'M' 'U' 'U' 'M' 'U' 'M' 'M' 'M' 'M' 'M' 'M' 'M'
 'M' 'M' 'M' 'M' 'M' 'M' 'U' 'M' 'M' 'U' 'M' 'M' 'M' 'M' 'M' 'M' 'M' 'M'
 'M' 'U' 'M' 'M' 'M' 'U' 'M' 'M' 'M' 'M' 'M' 'M' 'M' 'M' 'M' 'M' 'M' 'M'
 'M' 'M' 'M' 'M' 'M' 'U' 'M' 'M' 'A' 'M' 'M' 'M' 'M' 'M' 'M' 'M' 'M' 'M'
 'M' 'U' 'A' 'M' 'M' 'M' 'M' 'U' 'M' 'M' 'M' 'M' 'M' 'M' 'M' 'M' 'M' 'U']"
287101,0,164,5,159,34,0,0,"['A' 'U' 'M' 'M' 'M' 'M' 'M' 'M' 'M' 'M' 'M' 'M' 'M' 'M' 'M' 'A' 'U' 'M'
 'M' 'M' 'M' 'M' 'U' 'M' 'M' 'M' 'M' 'M' 'M' 'M' 'M' 'M' 'M' 'M' 'M' 'M'
 'U' 'A' 'M' 'M' 'U' 'A' 'U' 'M' 'M' 'M' 'M' 'M' 'M' 'M' 'M' 'U' 'M' 'M'
 'M' 'M' 'M' 'M' 'M' 'M' 'M' 'M' 'M' 'M' 'M' 'M' 'M' 'M' 'M' 'M' 'M' 'M'
 'M' 'M' 'M' 'U' 'M' 'M' 'M' 'M' 'M' 'M' 'M' 'M' 'M' 'U' 'U' 'M' 'M' 'U'
 'M' 'M' 'U' 'M' 'M' 'U' 'M' 'U' 'M' 'M' 'M' 'M' 'M' 'M' 'M' 'M' 'M' 'M'
 'M' 'U' 'U' 'M' 'M' 'U' 'U' 'M' 'U' 'M' 'U' 'M' 'M' 'M' 'M' 'M' 'M' 'M'
 'M' 'M' 'M' 'M' 'M' 'M' 'U' 'U' 'U' 'U' 'U' 'U' 'M' 'M' 'M' 'M' 'U' 'M'
 'M' 'U' 'M' 'M' 'M' 'U' 'M' 'M' 'M' 'M' 'M' 'M' 'M' 'M' 'M' 'M' 'M' 'M'
 'M' 'M' 'M' 'M' 'M' 'U' 'M' 'M' 'U' 'M' 'M' 'M' 'M' 'M' 'M' 'M' 'M' 'M'
 'M' 'U' 'A' 'M' 'M' 'M' 'M' 'U' 'M' 'M' 'M' 'M' 'M' 'M' 'U' 'M' 'M' 'M']"
287201,0,159,5,154,39,0,0,"['A' 'U' 'M' 'M' 'M' 'M' 'M' 'U' 'M' 'M' 'M' 'M' 'M' 'U' 'M' 'A' 'U' 'M'
 'M' 'M' 'M' 'M' 'U' 'M' 'M' 'M' 'M' 'M' 'M' 'M' 'M' 'M' 'M' 'M' 'M' 'M'
 'M' 'U' 'M' 'M' 'U' 'A' 'U' 'M' 'M' 'M' 'M' 'M' 'M' 'M' 'U' 'U' 'M' 'M'
 'M' 'M' 'M' 'M' 'M' 'M' 'M' 'M' 'M' 'M' 'M' 'M' 'M' 'M' 'M' 'U' 'M' 'M'
 'U' 'M' 'M' 'M' 'U' 'M' 'M' 'M' 'U' 'M' 'M' 'M' 'M' 'M' 'M' 'M' 'M' 'M'
 'M' 'U' 'M' 'M' 'M' 'U' 'M' 'U' 'M' 'M' 'M' 'M' 'M' 'M' 'M' 'M' 'M' 'M'
 'M' 'U' 'U' 'M' 'M' 'U' 'U' 'M' 'A' 'M' 'U' 'M' 'M' 'M' 'U' 'M' 'M' 'M'
 'M' 'M' 'M' 'M' 'M' 'M' 'U' 'U' 'U' 'U' 'U' 'U' 'M' 'M' 'M' 'M' 'U' 'M'
 'M' 'U' 'M' 'M' 'U' 'U' 'M' 'M' 'M' 'M' 'M' 'M' 'M' 'M' 'M' 'U' 'M' 'M'
 'M' 'M' 'M' 'M' 'M' 'M' 'M' 'M' 'U' 'M' 'M' 'M' 'M' 'M' 'M' 'M' 'M' 'M'
 'M' 'U' 'A' 'M' 'M' 'M' 'M' 'U' 'M' 'M' 'M' 'M' 'M' 'M' 'U' 'M' 'U' 'M']"
287301,0,164,5,159,34,0,0,"['A' 'M' 'M' 'M' 'M' 'M' 'M' 'U' 'M' 'M' 'M' 'M' 'M' 'U' 'M' 'A' 'U' 'U'
 'M' 'M' 'M' 'M' 'U' 'M' 'M' 'M' 'M' 'M' 'M' 'M' 'M' 'M' 'M' 'M' 'M' 'M'
 'M' 'M' 'M' 'M' 'U' 'A' 'M' 'M' 'M' 'M' 'M' 'M' 'M' 'U' 'U' 'U' 'M' 'M'
 'M' 'M' 'M' 'M' 'M' 'M' 'M' 'M' 'M' 'M' 'M' 'M' 'M' 'M' 'M' 'M' 'M' 'M'
 'M' 'M' 'M' 'M' 'M' 'M' 'M' 'M' 'M' 'M' 'M' 'U' 'M' 'M' 'U' 'M' 'U' 'M'
 'U' 'M' 'M' 'U' 'M' 'U' 'M' 'U' 'M' 'M' 'M' 'M' 'M' 'M' 'M' 'M' 'M' 'M'
 'M' 'U' 'U' 'M' 'M' 'M' 'U' 'M' 'A' 'M' 'U' 'M' 'M' 'M' 'M' 'M' 'M' 'M'
 'M' 'M' 'M' 'M' 'M' 'U' 'U' 'U' 'M' 'U' 'U' 'U' 'M' 'M' 'M' 'M' 'U' 'M'
 'M' 'M' 'U' 'M' 'M' 'M' 'M' 'M' 'M' 'M' 'M' 'M' 'M' 'M' 'M' 'U' 'M' 'M'
 'M' 'M' 'M' 'M' 'M' 'M' 'M' 'M' 'M' 'U' 'M' 'M' 'M' 'M' 'M' 'M' 'M' 'M'
 'M' 'U' 'A' 'M' 'M' 'M' 'M' 'U' 'M' 'M' 'M' 'M' 'M' 'M' 'U' 'M' 'U' 'M']"
287401,0,165,5,160,33,0,0,"['A' 'M' 'M' 'M' 'M' 'M' 'M' 'U' 'M' 'M' 'M' 'M' 'M' 'M' 'M' 'A' 'M' 'U'
 'M' 'M' 'M' 'M' 'M' 'M' 'M' 'M' 'M' 'M' 'M' 'M' 'M' 'M' 'M' 'M' 'M' 'M'
 'M' 'M' 'M' 'M' 'U' 'A' 'M' 'M' 'M' 'M' 'M' 'M' 'M' 'U' 'U' 'U' 'M' 'M'
 'M' 'M' 'U' 'M' 'M' 'M' 'M' 'M' 'M' 'M' 'M' 'M' 'M' 'M' 'U' 'M' 'M' 'M'
 'M' 'M' 'M' 'M' 'U' 'M' 'U' 'M' 'M' 'M' 'M' 'M' 'M' 'U' 'M' 'M' 'M' 'M'
 'M' 'M' 'M' 'U' 'M' 'U' 'M' 'M' 'M' 'M' 'M' 'M' 'M' 'M' 'M' 'M' 'M' 'M'
 'M' 'U' 'U' 'M' 'M' 'M' 'U' 'M' 'U' 'M' 'M' 'M' 'M' 'M' 'M' 'M' 'M' 'M'
 'M' 'M' 'M' 'M' 'U' 'U' 'A' 'U' 'U' 'U' 'U' 'U' 'U' 'M' 'M' 'M' 'M' 'M'
 'M' 'M' 'U' 'M' 'M' 'M' 'M' 'M' 'M' 'M' 'U' 'M' 'M' 'M' 'M' 'U' 'M' 'M'
 'M' 'M' 'M' 'M' 'M' 'M' 'M' 'M' 'M' 'U' 'M' 'M' 'M' 'M' 'M' 'M' 'M' 'M'
 'M' 'U' 'A' 'M' 'M' 'M' 'M' 'M' 'M' 'M' 'M' 'M' 'U' 'M' 'U' 'M' 'U' 'M']"
287501,0,160,2,158,38,0,0,"['A' 'M' 'M' 'M' 'U' 'M' 'M' 'U' 'M' 'M' 'M' 'M' 'M' 'M' 'M' 'A' 'M' 'U'
 'U' 'M' 'M' 'M' 'M' 'M' 'U' 'M' 'M' 'M' 'M' 'M' 'M' 'M' 'M' 'U' 'M' 'M'
 'M' 'M' 'M' 'M' 'U' 'U' 'M' 'M' 'M' 'M' 'M' 'M' 'M' 'U' 'U' 'U' 'M' 'M'
 'M' 'M' 'U' 'M' 'M' 'M' 'M' 'M' 'M' 'M' 'M' 'M' 'M' 'M' 'M' 'M' 'M' 'M'
 'U' 'M' 'M' 'M' 'M' 'U' 'M' 'M' 'U' 'M' 'U' 'M' 'M' 'M' 'M' 'U' 'M' 'M'
 'M' 'M' 'M' 'M' 'M' 'U' 'M' 'M' 'M' 'M' 'M' 'M' 'M' 'U' 'M' 'M' 'M' 'M'
 'M' 'U' 'M' 'M' 'M' 'M' 'M' 'M' 'U' 'M' 'M' 'M' 'U' 'M' 'U' 'M' 'U' 'M'
 'U' 'M' 'M' 'M' 'U' 'U' 'U' 'U' 'U' 'M' 'U' 'U' 'U' 'M' 'M' 'M' 'M' 'M'
 'M' 'M' 'U' 'M' 'M' 'M' 'M' 'M' 'M' 'M' 'M' 'M' 'M' 'M' 'M' 'M' 'M' 'M'
 'M' 'M' 'M' 'M' 'M' 'U' 'M' 'M' 'M' 'U' 'M' 'M' 'M' 'M' 'M' 'M' 'M' 'M'
 'M' 'M' 'M' 'M' 'M' 'M' 'M' 'M' 'M' 'M' 'M' 'M' 'M' 'M' 'M' 'U' 'U' 'M']"
287601,0,164,3,161,34,0,0,"['A' 'M' 'M' 'M' 'M' 'M' 'M' 'U' 'M' 'M' 'M' 'M' 'M' 'M' 'M' 'A' 'M' 'U'
 'U' 'M' 'M' 'M' 'M' 'M' 'A' 'M' 'M' 'M' 'M' 'U' 'M' 'M' 'M' 'U' 'M' 'M'
 'M' 'M' 'M' 'M' 'M' 'U' 'M' 'M' 'M' 'U' 'M' 'M' 'M' 'M' 'U' 'U' 'M' 'M'
 'M' 'M' 'U' 'M' 'M' 'M' 'M' 'M' 'M' 'M' 'M' 'M' 'M' 'U' 'U' 'M' 'U' 'U'
 'M' 'M' 'M' 'M' 'M' 'M' 'M' 'M' 'M' 'M' 'M' 'M' 'M' 'M' 'M' 'M' 'M' 'M'
 'M' 'U' 'M' 'M' 'M' 'M' 'U' 'M' 'M' 'M' 'M' 'M' 'M' 'U' 'U' 'M' 'M' 'M'
 'M' 'U' 'M' 'M' 'M' 'M' 'M' 'M' 'M' 'M' 'M' 'M' 'U' 'M' 'U' 'M' 'U' 'M'
 'M' 'M' 'M' 'M' 'M' 'M' 'U' 'U' 'M' 'M' 'U' 'M' 'U' 'M' 'M' 'M' 'M' 'M'
 'M' 'M' 'U' 'M' 'M' 'M' 'M' 'M' 'M' 'M' 'M' 'M' 'M' 'M' 'M' 'M' 'M' 'U'
 'M' 'M' 'M' 'M' 'M' 'M' 'M' 'M' 'M' 'U' 'M' 'M' 'M' 'U' 'M' 'M' 'M' 'M'
 'M' 'M' 'M' 'U' 'U' 'M' 'M' 'M' 'M' 'U' 'M' 'M' 'M' 'M' 'M' 'U' 'M' 'M']"
287701,0,168,4,164,30,0,0,"['A' 'M' 'M' 'M' 'M' 'M' 'A' 'U' 'M' 'M' 'M' 'M' 'M' 'M' 'M' 'A' 'M' 'M'
 'M' 'M' 'M' 'M' 'M' 'U' 'A' 'M' 'M' 'M' 'M' 'U' 'M' 'M' 'M' 'U' 'M' 'M'
 'M' 'M' 'M' 'M' 'U' 'U' 'M' 'M' 'M' 'M' 'M' 'M' 'M' 'M' 'M' 'U' 'M' 'M'
 'M' 'M' 'U' 'M' 'M' 'M' 'M' 'M' 'M' 'M' 'M' 'M' 'M' 'M' 'M' 'M' 'M' 'M'
 'M' 'M' 'M' 'M' 'M' 'M' 'U' 'U' 'M' 'U' 'U' 'M' 'M' 'M' 'M' 'M' 'M' 'M'
 'M' 'M' 'M' 'U' 'M' 'M' 'M' 'M' 'M' 'M' 'M' 'M' 'M' 'U' 'U' 'M' 'M' 'M'
 'M' 'U' 'M' 'M' 'M' 'M' 'M' 'M' 'M' 'M' 'M' 'M' 'U' 'M' 'U' 'M' 'U' 'M'
 'M' 'M' 'M' 'M' 'M' 'M' 'U' 'M' 'M' 'M' 'M' 'M' 'M' 'M' 'M' 'M' 'M' 'M'
 'U' 'M' 'U' 'M' 'M' 'M' 'U' 'M' 'U' 'M' 'M' 'M' 'M' 'M' 'M' 'M' 'M' 'M'
 'M' 'M' 'M' 'M' 'M' 'M' 'U' 'M' 'M' 'U' 'M' 'M' 'M' 'U' 'M' 'M' 'M' 'M'
 'M' 'M' 'M' 'M' 'M' 'M' 'M' 'M' 'M' 'U' 'M' 'M' 'M' 'M' 'U' 'U' 'M' 'M']"
287801,0,165,4,161,33,0,0,"['A' 'M' 'M' 'M' 'U' 'M' 'U' 'U' 'M' 'M' 'M' 'M' 'M' 'M' 'M' 'A' 'M' 'M'
 'M' 'M' 'M' 'M' 'M' 'U' 'U' 'M' 'M' 'M' 'M' 'U' 'M' 'M' 'M' 'M' 'M' 'M'
 'M' 'M' 'M' 'M' 'U' 'U' 'M' 'M' 'M' 'M' 'M' 'M' 'M' 'M' 'M' 'U' 'M' 'M'
 'M' 'M' 'U' 'M' 'M' 'M' 'M' 'A' 'U' 'M' 'M' 'M' 'M' 'U' 'M' 'M' 'M' 'M'
 'M' 'M' 'M' 'M' 'M' 'M' 'M' 'M' 'M' 'U' 'M' 'M' 'M' 'U' 'U' 'M' 'M' 'M'
 'M' 'U' 'M' 'M' 'M' 'M' 'M' 'M' 'M' 'M' 'M' 'M' 'M' 'U' 'U' 'M' 'M' 'M'
 'M' 'U' 'M' 'M' 'M' 'M' 'M' 'M' 'M' 'M' 'M' 'M' 'M' 'M' 'A' 'M' 'U' 'M'
 'M' 'M' 'M' 'M' 'M' 'U' 'U' 'M' 'M' 'M' 'M' 'M' 'U' 'M' 'M' 'M' 'M' 'M'
 'M' 'M' 'U' 'M' 'M' 'M' 'U' 'M' 'U' 'M' 'M' 'M' 'M' 'M' 'M' 'M' 'M' 'U'
 'U' 'M' 'M' 'M' 'M' 'M' 'U' 'M' 'M' 'M' 'M' 'M' 'M' 'U' 'U' 'M' 'M' 'M'
 'M' 'M' 'M' 'M' 'M' 'M' 'M' 'M' 'M' 'M' 'M' 'M' 'M' 'M' 'U' 'U' 'M' 'M']"
287901,0,158,5,153,40,0,0,"['A' 'M' 'M' 'M' 'U' 'M' 'U' 'U' 'M' 'M' 'M' 'M' 'M' 'M' 'M' 'A' 'M' 'M'
 'M' 'M' 'M' 'M' 'M' 'U' 'U' 'M' 'M' 'M' 'M' 'M' 'M' 'M' 'M' 'U' 'M' 'M'
 'M' 'M' 'M' 'M' 'U' 'U' 'M' 'M' 'M' 'M' 'M' 'M' 'M' 'M' 'M' 'U' 'M' 'U'
 'M' 'M' 'U' 'M' 'M' 'M' 'M' 'A' 'M' 'M' 'U' 'M' 'M' 'M' 'M' 'M' 'M' 'M'
 'M' 'U' 'M' 'U' 'U' 'M' 'M' 'U' 'M' 'M' 'M' 'U' 'M' 'M' 'M' 'M' 'M' 'M'
 'M' 'M' 'M' 'M' 'M' 'M' 'M' 'M' 'M' 'M' 'M' 'M' 'M' 'U' 'U' 'M' 'U' 'M'
 'M' 'U' 'M' 'M' 'U' 'M' 'M' 'M' 'U' 'M' 'M' 'M' 'M' 'M' 'A' 'M' 'U' 'M'
 'M' 'M' 'M' 'M' 'M' 'M' 'U' 'M' 'M' 'M' 'M' 'M' 'U' 'M' 'M' 'M' 'M' 'M'
 'M' 'M' 'U' 'M' 'M' 'M' 'U' 'U' 'M' 'M' 'M' 'M' 'U' 'M' 'M' 'M' 'M' 'U'
 'U' 'M' 'M' 'M' 'U' 'M' 'U' 'M' 'M' 'M' 'U' 'M' 'M' 'U' 'M' 'M' 'U' 'M'
 'M' 'M' 'M' 'M' 'M' 'M' 'M' 'M' 'U' 'M' 'M' 'M' 'M' 'M' 'U' 'A' 'M' 'U']"
288001,0,160,4,156,38,0,0,"['A' 'M' 'M' 'M' 'U' 'M' 'M' 'U' 'M' 'M' 'M' 'M' 'U' 'M' 'M' 'A' 'M' 'M'
 'M' 'M' 'M' 'M' 'M' 'U' 'U' 'M' 'M' 'M' 'M' 'M' 'M' 'M' 'M' 'M' 'M' 'M'
 'M' 'M' 'M' 'M' 'U' 'U' 'M' 'U' 'M' 'M' 'U' 'U' 'M' 'M' 'M' 'U' 'M' 'A'
 'M' 'M' 'U' 'M' 'M' 'M' 'M' 'U' 'U' 'M' 'M' 'U' 'M' 'U' 'M' 'M' 'M' 'U'
 'M' 'M' 'M' 'M' 'M' 'M' 'M' 'M' 'M' 'M' 'U' 'U' 'M' 'M' 'M' 'M' 'M' 'M'
 'M' 'M' 'M' 'M' 'M' 'M' 'M' 'M' 'M' 'M' 'M' 'M' 'M' 'U' 'U' 'M' 'U' 'M'
 'M' 'U' 'M' 'M' 'U' 'M' 'M' 'M' 'M' 'M' 'M' 'U' 'M' 'M' 'A' 'M' 'M' 'M'
 'M' 'M' 'M' 'M' 'M' 'M' 'M' 'M' 'M' 'M' 'M' 'M' 'U' 'M' 'M' 'M' 'M' 'M'
 'M' 'M' 'M' 'M' 'M' 'U' 'U' 'M' 'M' 'M' 'M' 'U' 'U' 'M' 'M' 'M' 'M' 'U'
 'M' 'M' 'M' 'M' 'M' 'M' 'U' 'M' 'M' 'M' 'M' 'M' 'M' 'U' 'M' 'M' 'M' 'M'
 'M' 'M' 'M' 'M' 'M' 'M' 'M' 'M' 'U' 'M' 'U' 'M' 'M' 'M' 'U' 'U' 'M' 'U']"
288101,0,159,6,153,39,0,0,"['A' 'M' 'M' 'M' 'M' 'M' 'U' 'M' 'M' 'M' 'M' 'M' 'U' 'M' 'M' 'A' 'M' 'M'
 'M' 'M' 'M' 'M' 'M' 'M' 'U' 'M' 'M' 'M' 'M' 'M' 'M' 'M' 'M' 'M' 'M' 'U'
 'M' 'M' 'M' 'M' 'A' 'U' 'U' 'A' 'M' 'M' 'M' 'U' 'M' 'M' 'M' 'U' 'M' 'A'
 'U' 'M' 'U' 'M' 'U' 'M' 'M' 'M' 'M' 'M' 'M' 'M' 'M' 'M' 'M' 'M' 'U' 'M'
 'M' 'M' 'U' 'U' 'M' 'M' 'M' 'M' 'M' 'U' 'M' 'M' 'M' 'M' 'M' 'M' 'M' 'M'
 'M' 'U' 'M' 'M' 'M' 'M' 'M' 'M' 'M' 'M' 'M' 'M' 'M' 'U' 'U' 'M' 'U' 'U'
 'M' 'U' 'M' 'M' 'U' 'M' 'M' 'M' 'M' 'M' 'M' 'U' 'M' 'M' 'A' 'M' 'U' 'M'
 'M' 'M' 'U' 'M' 'M' 'M' 'M' 'M' 'M' 'M' 'M' 'M' 'U' 'M' 'M' 'M' 'M' 'M'
 'M' 'M' 'M' 'M' 'M' 'U' 'M' 'M' 'M' 'M' 'M' 'U' 'U' 'M' 'U' 'M' 'M' 'M'
 'M' 'M' 'M' 'M' 'M' 'M' 'U' 'M' 'M' 'M' 'M' 'M' 'M' 'U' 'M' 'M' 'M' 'M'
 'M' 'M' 'M' 'M' 'M' 'M' 'M' 'M' 'U' 'U' 'U' 'M' 'M' 'U' 'U' 'U' 'M' 'U']"
288201,0,158,4,154,40,0,0,"['A' 'M' 'M' 'M' 'M' 'M' 'M' 'M' 'M' 'M' 'M' 'M' 'U' 'M' 'M' 'A' 'U' 'M'
 'M' 'M' 'M' 'M' 'M' 'M' 'U' 'M' 'U' 'M' 'M' 'M' 'M' 'M' 'M' 'M' 'M' 'U'
 'U' 'M' 'M' 'M' 'M' 'U' 'U' 'A' 'M' 'M' 'M' 'U' 'M' 'M' 'M' 'U' 'M' 'U'
 'U' 'M' 'U' 'M' 'U' 'M' 'M' 'M' 'M' 'M' 'M' 'M' 'U' 'M' 'M' 'M' 'M' 'U'
 'M' 'M' 'M' 'M' 'M' 'M' 'M' 'M' 'U' 'M' 'M' 'M' 'M' 'M' 'M' 'M' 'M' 'U'
 'M' 'M' 'U' 'M' 'M' 'M' 'M' 'M' 'M' 'M' 'M' 'M' 'M' 'M' 'U' 'M' 'U' 'M'
 'M' 'U' 'M' 'M' 'U' 'M' 'M' 'M' 'M' 'M' 'M' 'U' 'M' 'M' 'A' 'M' 'M' 'U'
 'M' 'M' 'U' 'M' 'M' 'M' 'M' 'M' 'M' 'M' 'M' 'M' 'U' 'M' 'M' 'M' 'M' 'M'
 'M' 'M' 'M' 'M' 'M' 'U' 'M' 'M' 'M' 'M' 'M' 'U' 'U' 'U' 'M' 'M' 'M' 'M'
 'M' 'M' 'M' 'M' 'M' 'M' 'U' 'U' 'M' 'M' 'M' 'M' 'M' 'U' 'M' 'M' 'M' 'M'
 'M' 'M' 'M' 'M' 'M' 'M' 'M' 'M' 'U' 'U' 'U' 'M' 'M' 'U' 'U' 'U' 'M' 'M']"
288301,0,158,4,154,40,0,0,"['A' 'M' 'M' 'M' 'M' 'M' 'M' 'M' 'U' 'M' 'M' 'M' 'M' 'M' 'M' 'A' 'M' 'M'
 'U' 'M' 'M' 'M' 'M' 'M' 'U' 'M' 'U' 'M' 'M' 'M' 'U' 'M' 'M' 'M' 'M' 'U'
 'U' 'M' 'M' 'M' 'M' 'U' 'U' 'A' 'U' 'M' 'M' 'M' 'M' 'M' 'M' 'M' 'M' 'U'
 'U' 'M' 'U' 'M' 'U' 'M' 'M' 'M' 'M' 'M' 'M' 'M' 'M' 'M' 'M' 'M' 'U' 'M'
 'U' 'M' 'M' 'M' 'M' 'M' 'M' 'M' 'U' 'M' 'M' 'M' 'M' 'M' 'M' 'U' 'M' 'M'
 'M' 'U' 'M' 'M' 'M' 'M' 'U' 'M' 'M' 'M' 'M' 'M' 'M' 'M' 'U' 'M' 'M' 'M'
 'M' 'U' 'M' 'M' 'U' 'M' 'M' 'M' 'M' 'M' 'U' 'U' 'M' 'M' 'A' 'M' 'M' 'M'
 'M' 'M' 'U' 'M' 'M' 'M' 'M' 'M' 'M' 'M' 'M' 'M' 'U' 'M' 'M' 'M' 'M' 'M'
 'M' 'M' 'M' 'M' 'U' 'U' 'M' 'M' 'M' 'M' 'M' 'U' 'M' 'M' 'M' 'U' 'M' 'M'
 'M' 'M' 'M' 'M' 'M' 'M' 'U' 'U' 'M' 'M' 'M' 'M' 'M' 'U' 'M' 'M' 'M' 'M'
 'U' 'M' 'M' 'M' 'M' 'M' 'M' 'M' 'U' 'U' 'M' 'M' 'M' 'U' 'U' 'U' 'M' 'M']"
288401,0,163,5,158,35,0,0,"['A' 'M' 'M' 'M' 'M' 'M' 'M' 'M' 'M' 'M' 'M' 'M' 'M' 'M' 'M' 'A' 'M' 'M'
 'U' 'M' 'M' 'M' 'M' 'M' 'M' 'M' 'U' 'M' 'M' 'M' 'U' 'M' 'M' 'M' 'M' 'M'
 'U' 'M' 'M' 'M' 'M' 'U' 'U' 'A' 'U' 'M' 'M' 'M' 'M' 'M' 'M' 'M' 'M' 'M'
 'U' 'M' 'A' 'M' 'U' 'M' 'M' 'M' 'M' 'M' 'M' 'M' 'M' 'U' 'M' 'M' 'M' 'M'
 'M' 'M' 'U' 'M' 'U' 'M' 'U' 'M' 'M' 'M' 'M' 'M' 'M' 'M' 'U' 'M' 'M' 'M'
 'M' 'M' 'M' 'M' 'M' 'M' 'M' 'M' 'M' 'M' 'M' 'M' 'M' 'M' 'U' 'U' 'M' 'M'
 'M' 'M' 'M' 'M' 'A' 'M' 'M' 'M' 'M' 'M' 'U' 'U' 'M' 'M' 'U' 'M' 'M' 'U'
 'M' 'M' 'U' 'M' 'M' 'M' 'M' 'M' 'M' 'M' 'M' 'M' 'U' 'M' 'M' 'U' 'M' 'M'
 'M' 'M' 'U' 'M' 'M' 'U' 'M' 'M' 'M' 'M' 'M' 'U' 'M' 'M' 'M' 'U' 'M' 'M'
 'M' 'M' 'M' 'M' 'M' 'M' 'U' 'U' 'M' 'M' 'M' 'M' 'M' 'U' 'M' 'M' 'M' 'M'
 'U' 'M' 'M' 'M' 'U' 'M' 'M' 'M' 'M' 'U' 'M' 'M' 'M' 'U' 'U' 'M' 'M' 'M']"
288501,0,172,4,168,26,0,1,"['A' 'M' 'M' 'M' 'M' 'M' 'M' 'M' 'M' 'M' 'M' 'M' 'M' 'M' 'M' 'A' 'M' 'M'
 'U' 'M' 'M' 'M' 'M' 'M' 'M' 'M' 'M' 'M' 'M' 'M' 'U' 'M' 'M' 'M' 'M' 'M'
 'U' 'M' 'M' 'M' 'M' 'U' 'M' 'A' 'M' 'M' 'M' 'M' 'M' 'M' 'M' 'M' 'M' 'M'
 'M' 'M' 'U' 'M' 'M' 'M' 'M' 'M' 'M' 'M' 'M' 'M' 'M' 'M' 'M' 'M' 'M' 'U'
 'M' 'M' 'M' 'M' 'M' 'M' 'U' 'M' 'M' 'M' 'M' 'U' 'M' 'U' 'M' 'M' 'M' 'M'
 'M' 'M' 'U' 'M' 'M' 'M' 'M' 'M' 'M' 'M' 'M' 'U' 'M' 'M' 'U' 'U' 'U' 'M'
 'U' 'M' 'M' 'M' 'A' 'M' 'M' 'U' 'M' 'M' 'U' 'M' 'M' 'M' 'M' 'M' 'M' 'M'
 'M' 'M' 'M' 'M' 'M' 'M' 'M' 'M' 'M' 'M' 'M' 'M' 'M' 'M' 'M' 'M' 'M' 'M'
 'M' 'M' 'M' 'M' 'U' 'U' 'M' 'M' 'M' 'M' 'M' 'U' 'M' 'M' 'M' 'U' 'M' 'M'
 'M' 'M' 'M' 'M' 'M' 'M' 'U' 'M' 'M' 'M' 'M' 'M' 'M' 'U' 'M' 'M' 'M' 'M'
 'M' 'M' 'M' 'M' 'M' 'M' 'M' 'M' 'M' 'U' 'M' 'M' 'M' 'U' 'U' 'M' 'M' 'M']"
288601,0,170,3,167,28,0,0,"['A' 'M' 'M' 'M' 'M' 'M' 'M' 'M' 'M' 'M' 'M' 'M' 'M' 'M' 'M' 'A' 'M' 'M'
 'U' 'M' 'M' 'M' 'M' 'M' 'M' 'M' 'M' 'U' 'M' 'M' 'U' 'U' 'M' 'M' 'M' 'M'
 'U' 'M' 'M' 'M' 'M' 'U' 'M' 'U' 'M' 'M' 'M' 'M' 'M' 'M' 'M' 'M' 'M' 'M'
 'M' 'M' 'U' 'M' 'M' 'M' 'M' 'M' 'M' 'M' 'M' 'M' 'M' 'M' 'M' 'U' 'M' 'M'
 'M' 'M' 'M' 'M' 'M' 'U' 'U' 'M' 'U' 'M' 'M' 'M' 'M' 'M' 'M' 'M' 'M' 'M'
 'M' 'M' 'U' 'M' 'M' 'M' 'M' 'M' 'M' 'M' 'M' 'U' 'M' 'M' 'U' 'U' 'U' 'M'
 'M' 'M' 'M' 'M' 'A' 'M' 'M' 'U' 'M' 'M' 'U' 'M' 'M' 'M' 'M' 'M' 'M' 'M'
 'M' 'M' 'M' 'M' 'M' 'M' 'M' 'M' 'M' 'U' 'M' 'M' 'M' 'M' 'M' 'M' 'M' 'M'
 'M' 'M' 'M' 'M' 'U' 'U' 'M' 'M' 'U' 'M' 'M' 'M' 'M' 'M' 'M' 'U' 'M' 'M'
 'M' 'M' 'M' 'M' 'M' 'M' 'U' 'M' 'M' 'M' 'M' 'M' 'M' 'M' 'M' 'M' 'M' 'M'
 'M' 'M' 'M' 'M' 'M' 'M' 'M' 'M' 'M' 'U' 'M' 'U' 'M' 'M' 'U' 'M' 'M' 'M']"
288701,0,163,3,160,35,0,0,"['A' 'M' 'M' 'M' 'M' 'M' 'U' 'M' 'M' 'M' 'U' 'M' 'M' 'M' 'M' 'U' 'M' 'M'
 'U' 'M' 'M' 'M' 'M' 'M' 'M' 'M' 'M' 'U' 'M' 'M' 'U' 'U' 'M' 'U' 'M' 'M'
 'U' 'M' 'M' 'M' 'M' 'U' 'M' 'M' 'M' 'M' 'M' 'M' 'M' 'M' 'M' 'U' 'M' 'M'
 'M' 'M' 'U' 'M' 'M' 'M' 'M' 'U' 'M' 'M' 'M' 'U' 'M' 'M' 'M' 'M' 'M' 'M'
 'M' 'M' 'M' 'U' 'M' 'M' 'M' 'M' 'M' 'U' 'M' 'M' 'M' 'M' 'M' 'M' 'U' 'U'
 'M' 'M' 'M' 'M' 'M' 'M' 'M' 'M' 'M' 'M' 'M' 'U' 'M' 'M' 'U' 'U' 'U' 'M'
 'M' 'M' 'M' 'M' 'A' 'M' 'M' 'U' 'M' 'M' 'U' 'M' 'M' 'M' 'M' 'M' 'M' 'M'
 'M' 'M' 'M' 'M' 'M' 'M' 'M' 'M' 'M' 'U' 'M' 'M' 'M' 'M' 'M' 'U' 'M' 'U'
 'M' 'M' 'M' 'M' 'U' 'M' 'M' 'M' 'U' 'M' 'M' 'M' 'M' 'M' 'M' 'U' 'M' 'M'
 'M' 'M' 'M' 'M' 'M' 'M' 'A' 'U' 'M' 'U' 'M' 'M' 'M' 'M' 'M' 'M' 'M' 'M'
 'M' 'M' 'M' 'M' 'M' 'M' 'M' 'M' 'M' 'U' 'M' 'U' 'M' 'M' 'U' 'M' 'M' 'M']"
288801,0,168,3,165,30,0,0,"['A' 'M' 'M' 'M' 'M' 'M' 'U' 'M' 'M' 'M' 'U' 'M' 'M' 'M' 'M' 'M' 'U' 'M'
 'M' 'M' 'M' 'M' 'M' 'M' 'M' 'M' 'M' 'M' 'M' 'M' 'U' 'M' 'M' 'M' 'M' 'M'
 'A' 'M' 'M' 'M' 'M' 'U' 'U' 'M' 'M' 'M' 'M' 'M' 'M' 'M' 'M' 'U' 'M' 'M'
 'U' 'M' 'U' 'M' 'M' 'M' 'M' 'M' 'M' 'M' 'M' 'M' 'M' 'U' 'M' 'M' 'M' 'M'
 'M' 'M' 'M' 'M' 'M' 'U' 'M' 'M' 'M' 'M' 'M' 'M' 'U' 'M' 'M' 'M' 'M' 'M'
 'M' 'M' 'U' 'M' 'U' 'M' 'M' 'M' 'M' 'M' 'M' 'M' 'M' 'M' 'U' 'U' 'U' 'M'
 'M' 'M' 'M' 'M' 'U' 'M' 'M' 'M' 'U' 'M' 'U' 'M' 'M' 'M' 'M' 'M' 'M' 'M'
 'M' 'M' 'M' 'M' 'M' 'M' 'M' 'M' 'M' 'U' 'M' 'M' 'M' 'M' 'M' 'U' 'M' 'U'
 'M' 'M' 'M' 'M' 'M' 'M' 'M' 'M' 'U' 'M' 'M' 'M' 'M' 'M' 'M' 'U' 'M' 'M'
 'M' 'M' 'M' 'M' 'M' 'M' 'A' 'U' 'M' 'U' 'M' 'M' 'M' 'M' 'M' 'M' 'M' 'M'
 'M' 'M' 'M' 'M' 'M' 'M' 'M' 'M' 'M' 'U' 'M' 'U' 'M' 'M' 'U' 'M' 'M' 'M']"
288901,0,172,1,171,26,0,0,"['A' 'M' 'M' 'M' 'M' 'M' 'M' 'M' 'M' 'M' 'M' 'M' 'M' 'M' 'M' 'M' 'M' 'M'
 'M' 'M' 'M' 'M' 'M' 'M' 'M' 'M' 'M' 'M' 'M' 'M' 'U' 'M' 'M' 'M' 'M' 'M'
 'U' 'M' 'M' 'M' 'M' 'U' 'U' 'M' 'M' 'M' 'M' 'M' 'M' 'M' 'M' 'U' 'M' 'M'
 'U' 'M' 'U' 'M' 'M' 'M' 'M' 'M' 'M' 'M' 'M' 'M' 'M' 'M' 'M' 'M' 'M' 'U'
 'M' 'M' 'M' 'U' 'U' 'M' 'M' 'M' 'M' 'M' 'M' 'U' 'M' 'M' 'U' 'M' 'M' 'M'
 'M' 'M' 'M' 'M' 'M' 'M' 'M' 'U' 'M' 'M' 'M' 'M' 'M' 'M' 'M' 'U' 'U' 'M'
 'M' 'M' 'M' 'M' 'M' 'M' 'M' 'M' 'U' 'M' 'U' 'M' 'M' 'M' 'M' 'M' 'M' 'M'
 'M' 'M' 'M' 'M' 'M' 'M' 'M' 'M' 'M' 'U' 'M' 'M' 'M' 'M' 'M' 'U' 'M' 'M'
 'M' 'M' 'M' 'M' 'M' 'M' 'M' 'M' 'M' 'M' 'M' 'M' 'M' 'M' 'M' 'U' 'M' 'M'
 'M' 'M' 'M' 'M' 'M' 'M' 'U' 'U' 'M' 'U' 'M' 'M' 'M' 'M' 'M' 'M' 'M' 'M'
 'M' 'M' 'M' 'M' 'M' 'M' 'M' 'M' 'M' 'M' 'U' 'U' 'M' 'M' 'U' 'M' 'M' 'M']"
289001,0,168,1,167,30,0,1,"['A' 'M' 'M' 'M' 'U' 'M' 'M' 'M' 'M' 'M' 'M' 'M' 'M' 'M' 'M' 'M' 'M' 'M'
 'M' 'M' 'M' 'M' 'M' 'M' 'M' 'M' 'M' 'M' 'M' 'M' 'U' 'M' 'M' 'M' 'M' 'M'
 'U' 'M' 'M' 'M' 'M' 'U' 'U' 'M' 'M' 'M' 'M' 'M' 'M' 'M' 'M' 'U' 'M' 'M'
 'U' 'M' 'U' 'M' 'M' 'M' 'M' 'M' 'M' 'M' 'M' 'M' 'M' 'U' 'M' 'U' 'M' 'M'
 'M' 'M' 'M' 'M' 'M' 'M' 'M' 'M' 'M' 'U' 'M' 'M' 'M' 'M' 'M' 'M' 'M' 'M'
 'U' 'M' 'U' 'M' 'M' 'M' 'M' 'U' 'M' 'M' 'M' 'M' 'M' 'U' 'M' 'U' 'U' 'M'
 'M' 'M' 'M' 'U' 'U' 'M' 'U' 'M' 'M' 'M' 'U' 'M' 'M' 'M' 'M' 'M' 'M' 'M'
 'M' 'M' 'M' 'M' 'M' 'M' 'M' 'M' 'M' 'U' 'M' 'M' 'M' 'M' 'M' 'U' 'M' 'M'
 'M' 'M' 'M' 'M' 'M' 'M' 'M' 'M' 'M' 'M' 'M' 'M' 'M' 'M' 'M' 'U' 'M' 'M'
 'U' 'M' 'M' 'M' 'M' 'M' 'U' 'M' 'M' 'M' 'M' 'M' 'M' 'M' 'M' 'M' 'M' 'M'
 'U' 'M' 'M' 'M' 'M' 'M' 'M' 'M' 'M' 'U' 'U' 'M' 'M' 'M' 'U' 'M' 'M' 'M']"
289101,0,168,1,167,30,0,0,"['A' 'M' 'M' 'M' 'U' 'M' 'M' 'M' 'M' 'M' 'M' 'M' 'M' 'M' 'M' 'M' 'M' 'M'
 'M' 'M' 'U' 'M' 'M' 'U' 'M' 'M' 'U' 'M' 'M' 'M' 'U' 'M' 'M' 'M' 'M' 'M'
 'U' 'M' 'M' 'M' 'M' 'U' 'U' 'M' 'M' 'M' 'M' 'M' 'M' 'M' 'M' 'U' 'M' 'M'
 'M' 'M' 'U' 'U' 'M' 'M' 'M' 'M' 'M' 'M' 'M' 'M' 'U' 'M' 'M' 'M' 'U' 'M'
 'M' 'M' 'M' 'M' 'U' 'M' 'M' 'M' 'M' 'M' 'M' 'M' 'M' 'U' 'M' 'M' 'M' 'M'
 'M' 'M' 'M' 'M' 'U' 'M' 'M' 'U' 'M' 'M' 'M' 'M' 'M' 'U' 'M' 'U' 'U' 'M'
 'M' 'M' 'M' 'M' 'U' 'M' 'U' 'M' 'M' 'M' 'U' 'M' 'M' 'M' 'M' 'M' 'M' 'M'
 'M' 'M' 'M' 'M' 'M' 'M' 'M' 'M' 'M' 'U' 'M' 'M' 'M' 'M' 'M' 'U' 'M' 'M'
 'M' 'M' 'M' 'M' 'M' 'M' 'M' 'M' 'M' 'M' 'M' 'U' 'M' 'M' 'M' 'M' 'M' 'M'
 'M' 'M' 'M' 'M' 'U' 'M' 'M' 'M' 'M' 'M' 'M' 'M' 'M' 'M' 'M' 'M' 'M' 'M'
 'U' 'M' 'M' 'M' 'M' 'M' 'M' 'M' 'M' 'U' 'U' 'M' 'M' 'M' 'M' 'M' 'M' 'M']"
289201,0,168,2,166,30,0,0,"['A' 'M' 'M' 'M' 'U' 'M' 'M' 'M' 'M' 'M' 'M' 'M' 'M' 'M' 'U' 'M' 'M' 'M'
 'M' 'M' 'U' 'M' 'M' 'A' 'M' 'M' 'U' 'M' 'M' 'M' 'M' 'M' 'M' 'M' 'M' 'M'
 'U' 'M' 'M' 'M' 'M' 'U' 'M' 'M' 'M' 'M' 'M' 'M' 'M' 'M' 'M' 'M' 'M' 'M'
 'M' 'M' 'M' 'U' 'M' 'M' 'M' 'M' 'M' 'M' 'M' 'U' 'M' 'U' 'M' 'M' 'M' 'U'
 'M' 'M' 'U' 'M' 'M' 'M' 'M' 'M' 'M' 'M' 'M' 'M' 'M' 'M' 'M' 'M' 'M' 'M'
 'U' 'M' 'M' 'M' 'M' 'M' 'M' 'U' 'M' 'M' 'M' 'M' 'M' 'U' 'M' 'U' 'U' 'M'
 'M' 'M' 'M' 'M' 'U' 'M' 'M' 'M' 'M' 'M' 'M' 'M' 'M' 'M' 'M' 'M' 'M' 'M'
 'M' 'M' 'M' 'M' 'U' 'M' 'M' 'M' 'M' 'U' 'U' 'M' 'M' 'M' 'M' 'U' 'M' 'M'
 'M' 'M' 'M' 'U' 'U' 'M' 'M' 'M' 'M' 'M' 'M' 'U' 'M' 'M' 'M' 'M' 'M' 'M'
 'M' 'M' 'M' 'M' 'U' 'M' 'U' 'M' 'M' 'M' 'M' 'M' 'M' 'M' 'M' 'M' 'M' 'M'
 'U' 'M' 'M' 'U' 'M' 'M' 'M' 'M' 'M' 'U' 'U' 'M' 'M' 'M' 'M' 'M' 'M' 'M']"
289301,0,170,2,168,28,0,0,"['A' 'M' 'M' 'M' 'U' 'M' 'M' 'M' 'M' 'M' 'M' 'M' 'M' 'M' 'U' 'M' 'M' 'M'
 'M' 'M' 'U' 'M' 'M' 'A' 'M' 'M' 'M' 'M' 'M' 'M' 'M' 'U' 'M' 'U' 'M' 'M'
 'U' 'M' 'M' 'M' 'M' 'M' 'M' 'M' 'M' 'M' 'M' 'M' 'U' 'U' 'M' 'M' 'U' 'M'
 'M' 'M' 'M' 'U' 'M' 'M' 'M' 'M' 'M' 'M' 'M' 'M' 'M' 'M' 'M' 'M' 'U' 'M'
 'M' 'M' 'M' 'M' 'M' 'M' 'U' 'M' 'U' 'M' 'M' 'M' 'U' 'U' 'M' 'M' 'M' 'M'
 'M' 'M' 'M' 'M' 'M' 'M' 'M' 'U' 'M' 'M' 'M' 'M' 'M' 'U' 'M' 'U' 'U' 'M'
 'M' 'M' 'M' 'M' 'U' 'M' 'M' 'M' 'M' 'M' 'M' 'M' 'M' 'M' 'M' 'M' 'M' 'M'
 'M' 'M' 'M' 'M' 'M' 'M' 'M' 'M' 'M' 'M' 'M' 'M' 'M' 'U' 'M' 'U' 'M' 'M'
 'M' 'M' 'M' 'U' 'U' 'M' 'M' 'M' 'M' 'M' 'M' 'M' 'M' 'M' 'M' 'U' 'M' 'M'
 'M' 'M' 'M' 'M' 'U' 'M' 'M' 'M' 'M' 'M' 'M' 'M' 'M' 'M' 'M' 'U' 'M' 'M'
 'M' 'M' 'M' 'U' 'M' 'M' 'M' 'M' 'M' 'M' 'M' 'M' 'M' 'M' 'M' 'M' 'M' 'M']"
289401,0,170,3,167,28,0,0,"['A' 'M' 'M' 'M' 'M' 'M' 'M' 'U' 'M' 'M' 'M' 'M' 'M' 'M' 'U' 'M' 'M' 'M'
 'M' 'M' 'U' 'M' 'M' 'A' 'M' 'U' 'M' 'M' 'M' 'U' 'M' 'U' 'M' 'U' 'M' 'M'
 'U' 'M' 'M' 'M' 'M' 'M' 'M' 'M' 'M' 'M' 'M' 'M' 'M' 'U' 'M' 'M' 'U' 'M'
 'M' 'M' 'M' 'U' 'M' 'M' 'M' 'M' 'M' 'M' 'M' 'M' 'U' 'M' 'U' 'M' 'M' 'M'
 'M' 'M' 'M' 'M' 'M' 'M' 'M' 'M' 'M' 'M' 'M' 'M' 'M' 'M' 'M' 'M' 'U' 'U'
 'M' 'M' 'U' 'M' 'M' 'M' 'M' 'U' 'M' 'M' 'M' 'M' 'M' 'U' 'M' 'U' 'U' 'M'
 'M' 'M' 'M' 'M' 'U' 'M' 'M' 'M' 'M' 'M' 'M' 'M' 'M' 'M' 'M' 'M' 'M' 'M'
 'M' 'M' 'M' 'M' 'M' 'M' 'M' 'M' 'M' 'M' 'M' 'M' 'M' 'M' 'M' 'U' 'M' 'M'
 'M' 'M' 'M' 'U' 'M' 'M' 'M' 'U' 'M' 'M' 'M' 'M' 'M' 'M' 'M' 'M' 'M' 'M'
 'M' 'M' 'M' 'M' 'A' 'M' 'M' 'M' 'U' 'M' 'M' 'M' 'M' 'M' 'M' 'U' 'M' 'M'
 'M' 'M' 'M' 'U' 'M' 'M' 'M' 'M' 'M' 'M' 'U' 'M' 'M' 'M' 'M' 'M' 'M' 'M']"
289501,0,168,4,164,30,0,0,"['A' 'M' 'M' 'M' 'M' 'M' 'M' 'U' 'M' 'M' 'M' 'M' 'M' 'M' 'U' 'M' 'M' 'M'
 'M' 'M' 'U' 'M' 'U' 'A' 'M' 'A' 'M' 'M' 'M' 'M' 'M' 'U' 'M' 'M' 'M' 'M'
 'U' 'M' 'M' 'M' 'U' 'M' 'M' 'M' 'M' 'M' 'M' 'M' 'M' 'M' 'U' 'M' 'U' 'M'
 'M' 'M' 'M' 'U' 'M' 'U' 'M' 'M' 'M' 'U' 'M' 'M' 'M' 'M' 'M' 'M' 'M' 'M'
 'M' 'M' 'M' 'M' 'U' 'M' 'M' 'M' 'M' 'M' 'U' 'M' 'M' 'M' 'U' 'M' 'U' 'M'
 'M' 'M' 'M' 'U' 'M' 'M' 'M' 'M' 'M' 'M' 'M' 'M' 'M' 'U' 'M' 'U' 'U' 'M'
 'M' 'M' 'M' 'M' 'U' 'M' 'M' 'M' 'M' 'M' 'M' 'M' 'M' 'M' 'M' 'M' 'M' 'M'
 'M' 'U' 'M' 'M' 'M' 'M' 'M' 'M' 'M' 'M' 'M' 'M' 'M' 'M' 'M' 'U' 'M' 'M'
 'M' 'M' 'M' 'M' 'M' 'M' 'M' 'U' 'U' 'M' 'M' 'M' 'M' 'M' 'M' 'M' 'M' 'M'
 'M' 'M' 'M' 'M' 'A' 'M' 'M' 'M' 'U' 'M' 'M' 'U' 'M' 'M' 'M' 'U' 'M' 'M'
 'M' 'M' 'M' 'U' 'M' 'M' 'M' 'M' 'M' 'M' 'U' 'M' 'M' 'M' 'M' 'M' 'M' 'M']"
289601,0,161,5,156,37,0,1,"['A' 'M' 'M' 'M' 'M' 'M' 'M' 'U' 'M' 'U' 'M' 'M' 'M' 'M' 'U' 'M' 'M' 'M'
 'M' 'U' 'U' 'M' 'U' 'U' 'M' 'U' 'M' 'M' 'M' 'M' 'M' 'M' 'U' 'M' 'M' 'M'
 'M' 'M' 'M' 'M' 'A' 'M' 'M' 'M' 'M' 'M' 'M' 'M' 'U' 'M' 'U' 'M' 'U' 'M'
 'M' 'M' 'M' 'U' 'U' 'M' 'M' 'M' 'M' 'U' 'M' 'M' 'U' 'M' 'M' 'M' 'M' 'U'
 'M' 'M' 'M' 'M' 'M' 'M' 'U' 'M' 'M' 'M' 'M' 'M' 'M' 'M' 'M' 'M' 'M' 'U'
 'M' 'U' 'M' 'M' 'M' 'M' 'M' 'M' 'M' 'M' 'M' 'M' 'M' 'U' 'M' 'M' 'U' 'M'
 'M' 'M' 'M' 'M' 'A' 'M' 'M' 'M' 'M' 'M' 'M' 'M' 'M' 'M' 'M' 'M' 'M' 'M'
 'M' 'U' 'M' 'M' 'M' 'M' 'M' 'M' 'M' 'M' 'M' 'M' 'M' 'M' 'M' 'M' 'M' 'M'
 'M' 'M' 'U' 'M' 'U' 'M' 'M' 'U' 'U' 'M' 'M' 'M' 'M' 'M' 'M' 'M' 'U' 'M'
 'M' 'M' 'M' 'M' 'A' 'M' 'M' 'U' 'U' 'U' 'A' 'U' 'M' 'M' 'M' 'U' 'M' 'U'
 'M' 'M' 'M' 'U' 'U' 'M' 'M' 'M' 'M' 'M' 'U' 'M' 'M' 'M' 'M' 'M' 'M' 'M']"
289701,0,164,4,160,34,0,0,"['A' 'M' 'M' 'M' 'M' 'M' 'M' 'U' 'M' 'A' 'M' 'U' 'M' 'M' 'U' 'M' 'M' 'M'
 'M' 'U' 'M' 'M' 'U' 'U' 'M' 'U' 'M' 'M' 'M' 'M' 'M' 'M' 'U' 'M' 'M' 'M'
 'M' 'M' 'M' 'M' 'U' 'M' 'M' 'M' 'M' 'M' 'M' 'M' 'U' 'M' 'U' 'M' 'U' 'M'
 'U' 'M' 'M' 'U' 'U' 'M' 'M' 'M' 'M' 'U' 'M' 'U' 'M' 'M' 'U' 'M' 'M' 'M'
 'M' 'M' 'M' 'M' 'U' 'M' 'M' 'U' 'M' 'U' 'M' 'M' 'M' 'M' 'M' 'M' 'M' 'M'
 'M' 'M' 'M' 'M' 'M' 'M' 'M' 'M' 'M' 'M' 'M' 'M' 'M' 'U' 'M' 'M' 'U' 'M'
 'M' 'U' 'M' 'M' 'A' 'M' 'M' 'M' 'M' 'M' 'M' 'M' 'M' 'M' 'M' 'M' 'M' 'M'
 'M' 'U' 'M' 'M' 'M' 'M' 'M' 'M' 'M' 'M' 'M' 'M' 'M' 'M' 'M' 'M' 'M' 'M'
 'M' 'M' 'U' 'M' 'U' 'M' 'M' 'U' 'U' 'M' 'M' 'M' 'M' 'M' 'M' 'M' 'M' 'M'
 'M' 'M' 'M' 'M' 'A' 'M' 'M' 'M' 'U' 'U' 'M' 'M' 'M' 'M' 'M' 'M' 'M' 'U'
 'M' 'M' 'M' 'U' 'M' 'M' 'M' 'M' 'M' 'M' 'U' 'M' 'M' 'M' 'M' 'M' 'M' 'M']"
289801,0,168,6,162,30,1,0,"['A' 'M' 'M' 'U' 'U' 'U' 'M' 'U' 'M' 'A' 'M' 'A' 'M' 'M' 'M' 'M' 'M' 'M'
 'M' 'U' 'M' 'M' 'U' 'U' 'M' 'U' 'M' 'M' 'M' 'M' 'M' 'M' 'U' 'M' 'M' 'M'
 'M' 'M' 'M' 'U' 'M' 'M' 'M' 'M' 'M' 'M' 'M' 'M' 'U' 'M' 'M' 'M' 'M' 'M'
 'U' 'M' 'M' 'M' 'U' 'M' 'M' 'M' 'M' 'U' 'U' 'U' 'M' 'M' 'M' 'M' 'M' 'M'
 'M' 'M' 'M' 'M' 'M' 'M' 'M' 'M' 'U' 'M' 'M' 'M' 'U' 'U' 'M' 'M' 'M' 'M'
 'M' 'U' 'M' 'M' 'M' 'M' 'M' 'M' 'M' 'M' 'M' 'M' 'M' 'M' 'M' 'M' 'A' 'M'
 'M' 'U' 'M' 'M' 'A' 'M' 'M' 'U' 'M' 'M' 'M' 'M' 'M' 'M' 'M' 'M' 'M' 'M'
 'M' 'U' 'M' 'M' 'M' 'M' 'M' 'M' 'M' 'M' 'M' 'M' 'M' 'M' 'M' 'M' 'M' 'U'
 'M' 'M' 'M' 'M' 'M' 'M' 'M' 'U' 'M' 'M' 'M' 'M' 'M' 'M' 'M' 'M' 'M' 'M'
 'M' 'M' 'M' 'M' 'A' 'M' 'M' 'M' 'M' 'U' 'M' 'M' 'M' 'M' 'M' 'M' 'M' 'U'
 'M' 'M' 'M' 'U' 'M' 'M' 'M' 'M' 'U' 'M' 'U' 'M' 'M' 'M' 'M' 'M' 'M' 'M']"
289901,0,160,5,155,38,0,0,"['A' 'M' 'M' 'U' 'U' 'U' 'M' 'U' 'M' 'A' 'M' 'A' 'M' 'M' 'M' 'M' 'M' 'M'
 'M' 'U' 'M' 'M' 'U' 'U' 'M' 'U' 'M' 'M' 'M' 'M' 'M' 'M' 'U' 'M' 'M' 'M'
 'M' 'M' 'M' 'M' 'M' 'M' 'M' 'M' 'M' 'U' 'M' 'M' 'U' 'M' 'M' 'M' 'M' 'M'
 'U' 'M' 'M' 'M' 'U' 'M' 'M' 'M' 'M' 'M' 'U' 'U' 'M' 'U' 'M' 'M' 'M' 'M'
 'M' 'M' 'M' 'M' 'M' 'M' 'M' 'M' 'M' 'M' 'M' 'M' 'M' 'M' 'M' 'M' 'U' 'U'
 'M' 'M' 'U' 'M' 'M' 'M' 'M' 'M' 'M' 'M' 'M' 'M' 'M' 'M' 'U' 'M' 'U' 'M'
 'M' 'U' 'M' 'M' 'U' 'M' 'M' 'U' 'M' 'M' 'M' 'U' 'M' 'M' 'M' 'M' 'M' 'M'
 'M' 'U' 'M' 'M' 'M' 'U' 'U' 'U' 'M' 'U' 'U' 'U' 'U' 'M' 'M' 'M' 'M' 'A'
 'M' 'M' 'U' 'M' 'M' 'M' 'M' 'M' 'M' 'M' 'M' 'M' 'M' 'M' 'M' 'U' 'M' 'M'
 'M' 'M' 'M' 'M' 'A' 'M' 'M' 'M' 'M' 'U' 'M' 'M' 'M' 'M' 'M' 'M' 'M' 'M'
 'M' 'M' 'M' 'U' 'M' 'M' 'M' 'U' 'M' 'M' 'M' 'M' 'M' 'M' 'M' 'M' 'M' 'M']"
290001,0,158,4,154,40,0,0,"['A' 'M' 'M' 'M' 'U' 'M' 'U' 'U' 'M' 'A' 'M' 'A' 'M' 'M' 'M' 'M' 'M' 'M'
 'M' 'U' 'M' 'M' 'U' 'U' 'M' 'U' 'M' 'U' 'M' 'M' 'M' 'M' 'M' 'M' 'M' 'U'
 'M' 'U' 'M' 'M' 'M' 'M' 'M' 'M' 'M' 'U' 'M' 'M' 'M' 'M' 'M' 'M' 'M' 'M'
 'U' 'M' 'M' 'M' 'M' 'M' 'M' 'M' 'U' 'M' 'U' 'M' 'M' 'M' 'M' 'M' 'U' 'M'
 'M' 'M' 'M' 'M' 'M' 'M' 'M' 'U' 'M' 'M' 'M' 'M' 'M' 'M' 'M' 'U' 'U' 'U'
 'M' 'M' 'M' 'M' 'M' 'M' 'M' 'M' 'M' 'M' 'M' 'M' 'M' 'M' 'U' 'M' 'U' 'M'
 'M' 'U' 'U' 'M' 'U' 'U' 'M' 'U' 'M' 'M' 'M' 'U' 'M' 'M' 'M' 'M' 'M' 'M'
 'M' 'U' 'M' 'M' 'M' 'U' 'U' 'U' 'M' 'U' 'U' 'M' 'M' 'M' 'M' 'M' 'M' 'M'
 'M' 'M' 'U' 'M' 'M' 'M' 'M' 'M' 'U' 'U' 'M' 'M' 'M' 'M' 'M' 'U' 'M' 'M'
 'M' 'M' 'M' 'M' 'A' 'M' 'M' 'M' 'M' 'U' 'M' 'U' 'M' 'M' 'M' 'M' 'M' 'M'
 'M' 'M' 'M' 'M' 'M' 'M' 'M' 'M' 'M' 'M' 'M' 'M' 'M' 'U' 'M' 'M' 'M' 'M']"
290101,0,161,4,157,37,0,0,"['A' 'M' 'M' 'M' 'M' 'M' 'M' 'U' 'M' 'A' 'M' 'A' 'M' 'M' 'M' 'M' 'M' 'M'
 'M' 'U' 'M' 'M' 'M' 'U' 'U' 'M' 'M' 'U' 'M' 'M' 'M' 'M' 'M' 'M' 'U' 'U'
 'M' 'U' 'M' 'M' 'M' 'M' 'M' 'M' 'M' 'M' 'M' 'M' 'M' 'M' 'M' 'M' 'M' 'M'
 'M' 'M' 'M' 'M' 'M' 'M' 'M' 'U' 'U' 'M' 'U' 'U' 'M' 'M' 'M' 'M' 'M' 'U'
 'M' 'U' 'M' 'M' 'M' 'M' 'U' 'M' 'M' 'M' 'M' 'M' 'M' 'M' 'M' 'M' 'M' 'M'
 'M' 'M' 'U' 'M' 'M' 'M' 'M' 'M' 'M' 'M' 'M' 'M' 'M' 'M' 'M' 'M' 'U' 'M'
 'U' 'U' 'M' 'M' 'U' 'U' 'M' 'U' 'M' 'M' 'M' 'M' 'M' 'M' 'U' 'M' 'M' 'M'
 'M' 'U' 'M' 'M' 'M' 'M' 'U' 'U' 'U' 'U' 'U' 'U' 'U' 'M' 'M' 'M' 'M' 'M'
 'M' 'M' 'U' 'M' 'M' 'M' 'M' 'M' 'M' 'U' 'M' 'M' 'M' 'M' 'M' 'U' 'M' 'M'
 'M' 'M' 'M' 'M' 'A' 'M' 'M' 'M' 'M' 'M' 'M' 'U' 'M' 'M' 'M' 'M' 'M' 'M'
 'U' 'M' 'M' 'M' 'M' 'M' 'M' 'M' 'M' 'M' 'M' 'M' 'M' 'U' 'M' 'M' 'M' 'M']"
290201,0,161,4,157,37,0,1,"['A' 'M' 'M' 'M' 'M' 'M' 'M' 'U' 'M' 'A' 'M' 'A' 'M' 'M' 'M' 'M' 'M' 'M'
 'M' 'U' 'M' 'M' 'M' 'U' 'U' 'M' 'M' 'M' 'M' 'M' 'M' 'M' 'M' 'M' 'M' 'U'
 'M' 'U' 'M' 'M' 'M' 'M' 'U' 'M' 'M' 'M' 'M' 'M' 'M' 'M' 'M' 'M' 'M' 'M'
 'M' 'M' 'M' 'M' 'M' 'M' 'M' 'U' 'M' 'M' 'U' 'M' 'M' 'U' 'U' 'M' 'M' 'M'
 'M' 'M' 'M' 'M' 'M' 'M' 'M' 'M' 'M' 'M' 'U' 'M' 'M' 'U' 'M' 'M' 'M' 'M'
 'M' 'M' 'U' 'M' 'M' 'M' 'U' 'M' 'M' 'M' 'M' 'M' 'M' 'M' 'M' 'M' 'U' 'M'
 'U' 'U' 'M' 'M' 'U' 'U' 'M' 'U' 'M' 'M' 'M' 'M' 'M' 'M' 'M' 'M' 'M' 'M'
 'M' 'U' 'M' 'M' 'M' 'U' 'U' 'U' 'M' 'U' 'U' 'U' 'U' 'M' 'U' 'U' 'M' 'M'
 'M' 'M' 'U' 'M' 'M' 'M' 'M' 'M' 'M' 'M' 'M' 'M' 'M' 'M' 'M' 'M' 'M' 'M'
 'M' 'M' 'M' 'M' 'A' 'M' 'M' 'M' 'M' 'M' 'M' 'U' 'M' 'M' 'M' 'M' 'M' 'M'
 'U' 'M' 'M' 'U' 'M' 'M' 'U' 'M' 'M' 'M' 'M' 'M' 'M' 'U' 'M' 'M' 'M' 'M']"
290301,0,164,4,160,34,0,0,"['A' 'M' 'M' 'M' 'M' 'M' 'U' 'U' 'M' 'A' 'M' 'A' 'M' 'M' 'M' 'M' 'M' 'M'
 'M' 'U' 'M' 'M' 'M' 'M' 'U' 'M' 'M' 'M' 'M' 'M' 'M' 'M' 'M' 'M' 'M' 'U'
 'M' 'U' 'M' 'M' 'M' 'M' 'U' 'M' 'M' 'M' 'M' 'M' 'M' 'M' 'M' 'M' 'M' 'M'
 'M' 'M' 'M' 'M' 'M' 'M' 'M' 'U' 'M' 'M' 'U' 'M' 'M' 'U' 'M' 'U' 'M' 'M'
 'M' 'M' 'M' 'M' 'U' 'M' 'U' 'M' 'M' 'U' 'M' 'M' 'M' 'M' 'M' 'M' 'M' 'M'
 'M' 'M' 'M' 'M' 'M' 'M' 'U' 'M' 'M' 'M' 'M' 'M' 'M' 'M' 'M' 'M' 'U' 'M'
 'U' 'M' 'M' 'M' 'U' 'M' 'M' 'U' 'M' 'M' 'M' 'M' 'M' 'M' 'M' 'M' 'M' 'M'
 'M' 'U' 'M' 'M' 'M' 'U' 'U' 'U' 'M' 'M' 'U' 'U' 'U' 'M' 'U' 'M' 'M' 'M'
 'M' 'M' 'M' 'M' 'U' 'M' 'M' 'M' 'M' 'M' 'M' 'M' 'M' 'M' 'M' 'U' 'M' 'M'
 'M' 'M' 'M' 'M' 'A' 'M' 'M' 'M' 'M' 'M' 'M' 'U' 'M' 'M' 'U' 'M' 'M' 'M'
 'U' 'M' 'M' 'M' 'M' 'M' 'M' 'M' 'M' 'M' 'M' 'M' 'M' 'U' 'U' 'M' 'M' 'M']"
290401,0,162,4,158,36,0,0,"['A' 'M' 'M' 'M' 'M' 'M' 'U' 'U' 'M' 'A' 'M' 'A' 'M' 'M' 'M' 'M' 'M' 'M'
 'M' 'U' 'M' 'M' 'M' 'M' 'U' 'M' 'M' 'M' 'M' 'M' 'U' 'M' 'M' 'M' 'M' 'U'
 'M' 'U' 'M' 'U' 'M' 'M' 'U' 'M' 'M' 'M' 'M' 'U' 'M' 'M' 'M' 'M' 'M' 'M'
 'M' 'M' 'M' 'M' 'M' 'M' 'M' 'M' 'M' 'M' 'U' 'M' 'M' 'M' 'M' 'U' 'M' 'M'
 'M' 'M' 'M' 'M' 'M' 'M' 'M' 'M' 'U' 'M' 'M' 'U' 'M' 'U' 'M' 'M' 'M' 'M'
 'M' 'M' 'U' 'M' 'M' 'M' 'U' 'M' 'M' 'M' 'M' 'M' 'M' 'M' 'M' 'M' 'U' 'M'
 'U' 'M' 'M' 'U' 'U' 'M' 'M' 'U' 'M' 'M' 'M' 'M' 'M' 'M' 'M' 'M' 'M' 'M'
 'M' 'U' 'M' 'M' 'M' 'U' 'U' 'M' 'M' 'M' 'U' 'U' 'M' 'M' 'M' 'M' 'M' 'M'
 'M' 'M' 'U' 'M' 'U' 'M' 'M' 'M' 'M' 'M' 'M' 'M' 'M' 'U' 'M' 'U' 'M' 'M'
 'M' 'M' 'M' 'M' 'A' 'M' 'M' 'M' 'M' 'M' 'M' 'U' 'M' 'M' 'U' 'M' 'M' 'M'
 'U' 'M' 'M' 'M' 'M' 'M' 'M' 'M' 'M' 'M' 'M' 'M' 'M' 'U' 'U' 'M' 'M' 'M']"
290501,0,163,5,158,35,0,0,"['A' 'M' 'M' 'M' 'M' 'M' 'U' 'U' 'M' 'A' 'M' 'A' 'M' 'M' 'M' 'M' 'M' 'M'
 'M' 'U' 'M' 'M' 'M' 'M' 'U' 'M' 'U' 'M' 'M' 'M' 'U' 'M' 'U' 'M' 'M' 'A'
 'M' 'U' 'M' 'U' 'M' 'M' 'M' 'M' 'U' 'M' 'M' 'U' 'M' 'U' 'M' 'M' 'M' 'M'
 'M' 'M' 'M' 'M' 'M' 'M' 'M' 'M' 'M' 'M' 'M' 'M' 'M' 'U' 'M' 'M' 'M' 'U'
 'M' 'U' 'M' 'M' 'M' 'M' 'M' 'M' 'M' 'U' 'M' 'M' 'M' 'M' 'M' 'M' 'M' 'U'
 'M' 'M' 'M' 'M' 'M' 'M' 'U' 'M' 'M' 'M' 'M' 'M' 'M' 'M' 'M' 'M' 'U' 'M'
 'M' 'M' 'M' 'U' 'M' 'U' 'M' 'U' 'M' 'M' 'M' 'M' 'M' 'M' 'M' 'U' 'M' 'M'
 'M' 'U' 'M' 'M' 'M' 'M' 'U' 'M' 'U' 'M' 'U' 'M' 'M' 'M' 'M' 'M' 'M' 'M'
 'M' 'M' 'U' 'U' 'U' 'M' 'M' 'M' 'M' 'M' 'M' 'M' 'M' 'U' 'M' 'M' 'M' 'M'
 'M' 'M' 'M' 'M' 'A' 'M' 'M' 'M' 'M' 'M' 'M' 'U' 'M' 'M' 'U' 'M' 'M' 'M'
 'U' 'M' 'M' 'M' 'M' 'M' 'M' 'M' 'M' 'M' 'M' 'M' 'M' 'U' 'M' 'M' 'M' 'M']"
290601,0,166,5,161,32,0,0,"['A' 'M' 'M' 'M' 'M' 'U' 'M' 'M' 'M' 'A' 'M' 'A' 'M' 'M' 'M' 'M' 'M' 'M'
 'U' 'U' 'M' 'M' 'M' 'M' 'U' 'M' 'U' 'M' 'M' 'M' 'U' 'M' 'U' 'M' 'M' 'U'
 'M' 'U' 'M' 'M' 'M' 'M' 'M' 'M' 'U' 'M' 'M' 'U' 'M' 'U' 'M' 'M' 'M' 'M'
 'M' 'M' 'M' 'M' 'M' 'M' 'M' 'M' 'M' 'M' 'M' 'M' 'U' 'M' 'M' 'M' 'M' 'M'
 'M' 'U' 'M' 'M' 'M' 'M' 'M' 'M' 'M' 'U' 'M' 'U' 'M' 'U' 'M' 'M' 'M' 'M'
 'M' 'M' 'M' 'M' 'M' 'M' 'U' 'M' 'M' 'M' 'M' 'M' 'M' 'M' 'M' 'M' 'U' 'M'
 'M' 'M' 'M' 'M' 'M' 'U' 'M' 'U' 'M' 'M' 'M' 'M' 'M' 'M' 'M' 'U' 'M' 'M'
 'M' 'M' 'M' 'M' 'M' 'U' 'U' 'M' 'U' 'M' 'A' 'M' 'M' 'M' 'M' 'M' 'M' 'M'
 'M' 'M' 'U' 'U' 'M' 'M' 'M' 'M' 'M' 'M' 'M' 'M' 'M' 'M' 'M' 'M' 'M' 'M'
 'M' 'M' 'M' 'M' 'A' 'M' 'M' 'M' 'M' 'M' 'M' 'M' 'M' 'M' 'U' 'U' 'M' 'M'
 'U' 'M' 'M' 'M' 'M' 'M' 'M' 'M' 'U' 'M' 'M' 'M' 'M' 'U' 'M' 'M' 'M' 'M']"
290701,0,159,2,157,39,0,0,"['A' 'M' 'M' 'M' 'M' 'U' 'M' 'M' 'M' 'U' 'M' 'U' 'M' 'M' 'M' 'U' 'M' 'M'
 'U' 'U' 'M' 'M' 'M' 'M' 'U' 'M' 'U' 'U' 'M' 'M' 'U' 'M' 'U' 'M' 'M' 'U'
 'M' 'U' 'M' 'M' 'M' 'M' 'M' 'M' 'M' 'M' 'U' 'U' 'M' 'U' 'M' 'M' 'M' 'M'
 'M' 'M' 'M' 'M' 'M' 'M' 'M' 'U' 'M' 'M' 'M' 'M' 'M' 'M' 'M' 'U' 'M' 'M'
 'M' 'M' 'M' 'U' 'M' 'M' 'M' 'U' 'M' 'M' 'M' 'M' 'M' 'M' 'M' 'U' 'M' 'M'
 'M' 'M' 'U' 'M' 'M' 'M' 'M' 'U' 'M' 'M' 'M' 'M' 'M' 'M' 'M' 'M' 'U' 'M'
 'M' 'M' 'M' 'M' 'M' 'U' 'M' 'M' 'M' 'M' 'M' 'M' 'M' 'M' 'M' 'U' 'M' 'M'
 'M' 'M' 'M' 'M' 'M' 'M' 'U' 'U' 'U' 'U' 'A' 'U' 'U' 'M' 'M' 'M' 'M' 'M'
 'M' 'M' 'M' 'U' 'M' 'M' 'M' 'M' 'M' 'M' 'M' 'M' 'M' 'M' 'M' 'M' 'U' 'M'
 'M' 'M' 'M' 'M' 'M' 'M' 'M' 'M' 'M' 'M' 'M' 'M' 'M' 'M' 'U' 'M' 'M' 'M'
 'U' 'M' 'M' 'M' 'M' 'M' 'M' 'M' 'U' 'M' 'U' 'M' 'M' 'U' 'M' 'M' 'M' 'M']"
290801,0,168,3,165,30,0,0,"['A' 'M' 'M' 'M' 'M' 'M' 'M' 'M' 'M' 'U' 'M' 'U' 'M' 'M' 'M' 'M' 'M' 'M'
 'U' 'U' 'M' 'M' 'M' 'M' 'U' 'M' 'M' 'M' 'M' 'M' 'U' 'M' 'M' 'M' 'M' 'U'
 'M' 'U' 'M' 'M' 'M' 'M' 'M' 'M' 'M' 'M' 'U' 'U' 'M' 'U' 'M' 'M' 'M' 'M'
 'M' 'M' 'M' 'M' 'M' 'M' 'M' 'U' 'M' 'M' 'M' 'M' 'U' 'M' 'M' 'M' 'M' 'M'
 'M' 'M' 'M' 'M' 'U' 'M' 'M' 'U' 'M' 'M' 'M' 'M' 'M' 'M' 'M' 'M' 'U' 'M'
 'M' 'M' 'M' 'M' 'U' 'M' 'M' 'U' 'M' 'M' 'M' 'M' 'M' 'M' 'U' 'M' 'U' 'M'
 'M' 'M' 'M' 'M' 'M' 'M' 'M' 'M' 'M' 'M' 'M' 'M' 'M' 'M' 'M' 'U' 'M' 'M'
 'M' 'M' 'M' 'M' 'M' 'M' 'U' 'U' 'M' 'M' 'U' 'M' 'A' 'M' 'M' 'M' 'M' 'M'
 'M' 'M' 'M' 'U' 'M' 'M' 'M' 'M' 'M' 'M' 'M' 'M' 'M' 'M' 'M' 'M' 'U' 'M'
 'M' 'U' 'M' 'M' 'M' 'M' 'M' 'M' 'M' 'M' 'M' 'M' 'M' 'M' 'U' 'M' 'M' 'A'
 'U' 'M' 'M' 'M' 'M' 'M' 'M' 'M' 'M' 'M' 'M' 'M' 'M' 'U' 'M' 'M' 'M' 'M']"
290901,0,169,3,166,29,0,0,"['A' 'M' 'M' 'M' 'M' 'M' 'M' 'U' 'M' 'U' 'M' 'M' 'M' 'M' 'M' 'M' 'M' 'M'
 'A' 'U' 'M' 'M' 'M' 'M' 'U' 'M' 'M' 'U' 'M' 'M' 'U' 'M' 'M' 'M' 'M' 'U'
 'M' 'U' 'M' 'U' 'M' 'M' 'M' 'M' 'M' 'M' 'U' 'U' 'M' 'U' 'M' 'M' 'U' 'M'
 'M' 'M' 'M' 'M' 'M' 'M' 'M' 'U' 'M' 'M' 'M' 'M' 'M' 'M' 'M' 'M' 'M' 'U'
 'M' 'M' 'M' 'M' 'M' 'U' 'M' 'M' 'M' 'M' 'M' 'U' 'M' 'M' 'M' 'M' 'M' 'U'
 'M' 'M' 'M' 'M' 'U' 'M' 'M' 'M' 'M' 'M' 'M' 'M' 'M' 'M' 'M' 'M' 'U' 'M'
 'M' 'M' 'U' 'M' 'M' 'M' 'M' 'M' 'M' 'U' 'M' 'M' 'M' 'M' 'M' 'M' 'U' 'M'
 'M' 'M' 'M' 'M' 'M' 'M' 'U' 'M' 'M' 'M' 'M' 'M' 'A' 'M' 'M' 'M' 'M' 'M'
 'M' 'M' 'M' 'M' 'M' 'M' 'M' 'M' 'M' 'M' 'M' 'M' 'M' 'M' 'M' 'M' 'U' 'M'
 'M' 'M' 'M' 'M' 'M' 'M' 'M' 'M' 'M' 'M' 'M' 'M' 'M' 'M' 'U' 'M' 'M' 'U'
 'U' 'M' 'M' 'M' 'M' 'M' 'M' 'M' 'M' 'M' 'M' 'M' 'M' 'U' 'M' 'M' 'M' 'M']"
291001,0,165,4,161,33,0,0,"['A' 'M' 'M' 'M' 'M' 'M' 'M' 'U' 'M' 'M' 'U' 'M' 'M' 'M' 'M' 'U' 'M' 'U'
 'M' 'U' 'M' 'M' 'M' 'M' 'M' 'M' 'M' 'U' 'M' 'M' 'U' 'M' 'M' 'M' 'M' 'U'
 'M' 'U' 'M' 'U' 'M' 'M' 'M' 'M' 'M' 'M' 'A' 'U' 'M' 'U' 'M' 'M' 'U' 'M'
 'M' 'M' 'M' 'M' 'M' 'M' 'M' 'U' 'M' 'M' 'M' 'M' 'U' 'M' 'M' 'M' 'M' 'M'
 'M' 'M' 'M' 'M' 'U' 'M' 'M' 'M' 'M' 'M' 'M' 'U' 'M' 'M' 'M' 'U' 'M' 'M'
 'M' 'U' 'M' 'M' 'M' 'M' 'U' 'M' 'M' 'U' 'M' 'M' 'M' 'M' 'M' 'M' 'U' 'M'
 'M' 'M' 'A' 'M' 'M' 'M' 'M' 'M' 'M' 'U' 'M' 'M' 'M' 'M' 'M' 'M' 'U' 'M'
 'M' 'M' 'M' 'M' 'U' 'M' 'U' 'M' 'M' 'M' 'M' 'M' 'A' 'U' 'M' 'U' 'M' 'M'
 'M' 'M' 'M' 'M' 'M' 'M' 'M' 'M' 'M' 'M' 'M' 'M' 'M' 'M' 'M' 'M' 'M' 'M'
 'M' 'M' 'M' 'M' 'M' 'M' 'U' 'M' 'M' 'M' 'M' 'M' 'M' 'M' 'U' 'M' 'U' 'U'
 'U' 'M' 'M' 'M' 'M' 'M' 'M' 'M' 'M' 'M' 'M' 'M' 'M' 'M' 'M' 'M' 'M' 'M']"
291101,0,163,4,159,35,0,0,"['A' 'M' 'M' 'M' 'M' 'M' 'M' 'U' 'M' 'M' 'U' 'M' 'M' 'M' 'M' 'U' 'M' 'M'
 'M' 'U' 'M' 'M' 'M' 'M' 'M' 'M' 'M' 'U' 'M' 'M' 'U' 'M' 'M' 'M' 'M' 'U'
 'M' 'U' 'M' 'U' 'M' 'M' 'M' 'M' 'M' 'M' 'A' 'U' 'M' 'U' 'M' 'M' 'U' 'M'
 'U' 'M' 'M' 'M' 'M' 'M' 'M' 'M' 'M' 'M' 'M' 'M' 'U' 'M' 'M' 'M' 'M' 'M'
 'U' 'M' 'M' 'M' 'M' 'U' 'M' 'M' 'M' 'M' 'U' 'M' 'M' 'M' 'M' 'M' 'M' 'M'
 'U' 'M' 'M' 'M' 'M' 'M' 'A' 'M' 'M' 'U' 'M' 'M' 'M' 'M' 'M' 'M' 'U' 'M'
 'M' 'U' 'U' 'M' 'U' 'M' 'M' 'M' 'M' 'U' 'M' 'M' 'M' 'M' 'M' 'M' 'U' 'M'
 'M' 'M' 'M' 'M' 'U' 'M' 'U' 'M' 'M' 'M' 'M' 'M' 'A' 'M' 'M' 'M' 'M' 'M'
 'M' 'M' 'M' 'M' 'M' 'M' 'M' 'M' 'M' 'M' 'M' 'M' 'M' 'M' 'M' 'M' 'M' 'M'
 'M' 'U' 'M' 'M' 'M' 'M' 'U' 'M' 'M' 'M' 'M' 'M' 'M' 'M' 'U' 'M' 'U' 'U'
 'U' 'M' 'U' 'M' 'M' 'M' 'M' 'M' 'M' 'M' 'M' 'M' 'M' 'M' 'M' 'M' 'U' 'M']"
291201,0,155,3,152,43,0,0,"['A' 'M' 'M' 'M' 'M' 'M' 'M' 'U' 'M' 'M' 'U' 'M' 'U' 'M' 'M' 'U' 'M' 'M'
 'M' 'U' 'U' 'M' 'M' 'M' 'M' 'M' 'M' 'U' 'M' 'M' 'U' 'M' 'M' 'M' 'M' 'U'
 'M' 'U' 'M' 'U' 'M' 'M' 'M' 'M' 'M' 'M' 'A' 'U' 'M' 'U' 'M' 'M' 'U' 'M'
 'U' 'M' 'M' 'M' 'M' 'M' 'M' 'M' 'M' 'M' 'M' 'M' 'M' 'M' 'U' 'M' 'M' 'M'
 'M' 'M' 'M' 'M' 'M' 'M' 'M' 'M' 'U' 'U' 'M' 'M' 'M' 'M' 'U' 'M' 'M' 'U'
 'M' 'M' 'M' 'M' 'M' 'M' 'U' 'M' 'M' 'U' 'M' 'M' 'M' 'M' 'M' 'M' 'M' 'M'
 'M' 'U' 'U' 'M' 'U' 'M' 'M' 'M' 'U' 'M' 'M' 'M' 'M' 'M' 'M' 'M' 'U' 'U'
 'M' 'M' 'M' 'U' 'U' 'U' 'U' 'U' 'U' 'U' 'U' 'U' 'A' 'M' 'M' 'M' 'M' 'M'
 'M' 'M' 'M' 'M' 'U' 'M' 'M' 'M' 'M' 'M' 'M' 'M' 'M' 'M' 'M' 'M' 'M' 'M'
 'M' 'U' 'M' 'M' 'M' 'M' 'M' 'M' 'U' 'M' 'M' 'M' 'M' 'M' 'M' 'M' 'U' 'U'
 'M' 'M' 'U' 'M' 'M' 'M' 'M' 'M' 'M' 'M' 'M' 'M' 'M' 'M' 'M' 'M' 'M' 'M']"
291301,1,167,6,161,31,0,0,"['A' 'M' 'M' 'M' 'M' 'U' 'M' 'U' 'M' 'M' 'U' 'M' 'M' 'M' 'M' 'M' 'M' 'M'
 'M' 'M' 'U' 'M' 'M' 'M' 'M' 'M' 'M' 'M' 'M' 'M' 'U' 'M' 'M' 'M' 'U' 'M'
 'M' 'M' 'M' 'U' 'M' 'M' 'M' 'M' 'M' 'M' 'A' 'U' 'M' 'M' 'M' 'M' 'U' 'M'
 'U' 'M' 'M' 'M' 'M' 'M' 'M' 'M' 'M' 'M' 'M' 'M' 'M' 'U' 'M' 'M' 'M' 'M'
 'U' 'M' 'M' 'M' 'M' 'M' 'M' 'U' 'M' 'M' 'U' 'M' 'M' 'M' 'M' 'M' 'M' 'M'
 'M' 'M' 'M' 'M' 'U' 'M' 'U' 'M' 'M' 'U' 'M' 'M' 'M' 'M' 'M' 'M' 'M' 'M'
 'M' 'M' 'U' 'M' 'U' 'M' 'M' 'M' 'M' 'M' 'U' 'M' 'M' 'M' 'M' 'M' 'M' 'M'
 'M' 'M' 'M' 'U' 'A' 'U' 'U' 'A' 'U' 'U' 'M' 'U' 'M' 'M' 'M' 'M' 'M' 'M'
 'M' 'M' 'M' 'M' 'U' 'M' 'M' 'M' 'U' 'M' 'M' 'M' 'M' 'M' 'M' 'U' 'M' 'M'
 'M' 'A' 'M' 'M' 'M' 'M' 'M' 'M' 'M' 'M' 'M' 'M' 'M' 'M' 'M' 'M' 'U' 'M'
 'A' 'M' 'U' 'M' 'M' 'M' 'M' 'M' 'M' 'M' 'M' 'M' 'M' 'M' 'M' 'M' 'M' 'M']"
291401,0,155,5,150,43,1,0,"['A' 'M' 'M' 'M' 'M' 'U' 'M' 'U' 'M' 'M' 'U' 'M' 'M' 'M' 'M' 'M' 'M' 'M'
 'M' 'M' 'U' 'U' 'U' 'M' 'U' 'M' 'M' 'U' 'M' 'M' 'U' 'M' 'M' 'M' 'U' 'M'
 'M' 'M' 'U' 'U' 'M' 'U' 'M' 'M' 'M' 'M' 'A' 'U' 'M' 'M' 'M' 'M' 'U' 'M'
 'U' 'M' 'M' 'M' 'M' 'M' 'M' 'M' 'M' 'M' 'M' 'M' 'M' 'M' 'M' 'M' 'M' 'U'
 'M' 'U' 'M' 'M' 'M' 'M' 'M' 'M' 'M' 'U' 'U' 'M' 'M' 'M' 'M' 'M' 'M' 'M'
 'M' 'M' 'M' 'U' 'M' 'M' 'U' 'M' 'M' 'U' 'M' 'U' 'M' 'M' 'M' 'M' 'M' 'M'
 'U' 'M' 'U' 'M' 'M' 'M' 'M' 'M' 'M' 'M' 'U' 'M' 'M' 'M' 'M' 'M' 'M' 'M'
 'M' 'M' 'M' 'U' 'U' 'U' 'U' 'A' 'M' 'U' 'U' 'U' 'U' 'U' 'M' 'M' 'M' 'M'
 'U' 'M' 'M' 'M' 'U' 'M' 'M' 'M' 'U' 'M' 'M' 'M' 'M' 'M' 'M' 'M' 'M' 'M'
 'M' 'A' 'M' 'M' 'M' 'M' 'M' 'M' 'M' 'M' 'U' 'M' 'M' 'M' 'M' 'M' 'U' 'M'
 'U' 'M' 'U' 'M' 'M' 'M' 'M' 'M' 'M' 'M' 'M' 'M' 'M' 'A' 'M' 'M' 'M' 'M']"
291501,0,153,4,149,45,0,0,"['A' 'M' 'M' 'U' 'M' 'U' 'M' 'U' 'M' 'M' 'U' 'M' 'M' 'M' 'M' 'M' 'M' 'M'
 'M' 'M' 'U' 'U' 'M' 'M' 'M' 'U' 'U' 'U' 'M' 'M' 'U' 'M' 'M' 'M' 'U' 'M'
 'M' 'M' 'U' 'M' 'M' 'M' 'U' 'M' 'M' 'M' 'A' 'U' 'M' 'M' 'M' 'M' 'U' 'M'
 'M' 'M' 'M' 'M' 'M' 'M' 'M' 'M' 'M' 'M' 'M' 'M' 'M' 'U' 'M' 'M' 'M' 'M'
 'M' 'M' 'M' 'M' 'M' 'M' 'M' 'M' 'U' 'M' 'M' 'M' 'U' 'U' 'M' 'U' 'M' 'M'
 'M' 'M' 'M' 'M' 'M' 'M' 'M' 'M' 'M' 'U' 'M' 'U' 'M' 'M' 'M' 'M' 'M' 'M'
 'U' 'M' 'U' 'M' 'U' 'M' 'M' 'M' 'M' 'M' 'U' 'M' 'M' 'U' 'M' 'M' 'M' 'M'
 'M' 'M' 'M' 'U' 'U' 'U' 'M' 'A' 'U' 'U' 'U' 'U' 'U' 'U' 'M' 'M' 'M' 'M'
 'U' 'M' 'M' 'M' 'U' 'M' 'M' 'M' 'M' 'M' 'U' 'M' 'M' 'M' 'U' 'M' 'M' 'M'
 'M' 'U' 'M' 'M' 'M' 'M' 'U' 'M' 'M' 'M' 'U' 'M' 'M' 'M' 'M' 'M' 'U' 'M'
 'M' 'M' 'U' 'M' 'M' 'M' 'M' 'M' 'M' 'M' 'M' 'M' 'M' 'A' 'M' 'M' 'M' 'M']"
291601,0,156,3,153,42,1,0,"['A' 'M' 'M' 'U' 'M' 'U' 'M' 'U' 'U' 'M' 'U' 'M' 'M' 'M' 'M' 'U' 'M' 'M'
 'M' 'M' 'M' 'U' 'M' 'M' 'M' 'A' 'U' 'U' 'M' 'M' 'U' 'M' 'M' 'M' 'M' 'U'
 'M' 'M' 'U' 'M' 'M' 'M' 'U' 'M' 'M' 'M' 'A' 'U' 'M' 'M' 'M' 'M' 'U' 'M'
 'M' 'M' 'M' 'M' 'M' 'M' 'U' 'M' 'M' 'M' 'U' 'M' 'U' 'M' 'M' 'M' 'U' 'U'
 'M' 'M' 'U' 'M' 'M' 'M' 'M' 'M' 'M' 'M' 'M' 'M' 'M' 'M' 'M' 'M' 'U' 'M'
 'M' 'M' 'M' 'M' 'M' 'M' 'M' 'M' 'M' 'U' 'M' 'U' 'M' 'M' 'M' 'M' 'M' 'M'
 'U' 'U' 'U' 'M' 'M' 'M' 'M' 'M' 'M' 'M' 'U' 'M' 'M' 'U' 'M' 'M' 'M' 'M'
 'M' 'M' 'M' 'M' 'U' 'U' 'M' 'M' 'M' 'U' 'M' 'U' 'M' 'U' 'M' 'M' 'M' 'M'
 'U' 'M' 'M' 'M' 'U' 'M' 'M' 'M' 'M' 'U' 'U' 'M' 'M' 'M' 'M' 'M' 'M' 'M'
 'M' 'U' 'M' 'U' 'M' 'M' 'M' 'M' 'M' 'M' 'U' 'M' 'M' 'M' 'M' 'M' 'M' 'M'
 'M' 'M' 'M' 'M' 'M' 'M' 'M' 'M' 'M' 'M' 'M' 'M' 'M' 'U' 'M' 'M' 'M' 'M']"
291701,0,151,4,147,47,0,0,"['A' 'U' 'U' 'M' 'M' 'U' 'M' 'U' 'U' 'M' 'M' 'M' 'M' 'M' 'M' 'U' 'M' 'M'
 'M' 'M' 'M' 'U' 'M' 'M' 'M' 'A' 'U' 'U' 'M' 'M' 'U' 'M' 'M' 'M' 'M' 'M'
 'M' 'M' 'U' 'M' 'M' 'M' 'U' 'M' 'M' 'M' 'A' 'U' 'U' 'M' 'M' 'U' 'U' 'M'
 'M' 'M' 'M' 'M' 'M' 'M' 'U' 'M' 'M' 'U' 'U' 'M' 'U' 'M' 'M' 'U' 'U' 'M'
 'M' 'M' 'M' 'M' 'M' 'M' 'M' 'M' 'M' 'M' 'M' 'M' 'M' 'M' 'U' 'M' 'M' 'M'
 'U' 'M' 'M' 'M' 'M' 'M' 'M' 'M' 'M' 'A' 'U' 'U' 'M' 'M' 'M' 'M' 'M' 'M'
 'U' 'U' 'U' 'M' 'M' 'M' 'M' 'M' 'M' 'M' 'M' 'M' 'M' 'U' 'M' 'U' 'M' 'M'
 'M' 'M' 'M' 'M' 'M' 'U' 'M' 'M' 'M' 'U' 'M' 'U' 'M' 'U' 'M' 'M' 'M' 'M'
 'U' 'M' 'M' 'M' 'U' 'M' 'M' 'M' 'M' 'U' 'U' 'M' 'M' 'M' 'M' 'M' 'M' 'M'
 'M' 'U' 'M' 'U' 'M' 'M' 'M' 'M' 'M' 'M' 'U' 'M' 'M' 'U' 'M' 'M' 'M' 'M'
 'M' 'M' 'M' 'M' 'M' 'M' 'M' 'M' 'U' 'M' 'M' 'U' 'M' 'U' 'M' 'U' 'M' 'M']"
291801,0,160,5,155,38,0,0,"['A' 'M' 'U' 'M' 'M' 'U' 'M' 'A' 'U' 'M' 'M' 'M' 'M' 'U' 'M' 'U' 'M' 'M'
 'M' 'M' 'M' 'U' 'M' 'M' 'M' 'A' 'M' 'M' 'M' 'M' 'U' 'M' 'M' 'M' 'M' 'M'
 'M' 'M' 'M' 'M' 'M' 'M' 'U' 'M' 'M' 'M' 'A' 'U' 'M' 'M' 'M' 'M' 'U' 'M'
 'M' 'M' 'M' 'M' 'M' 'M' 'U' 'M' 'M' 'U' 'U' 'M' 'M' 'M' 'U' 'M' 'M' 'M'
 'M' 'M' 'M' 'M' 'M' 'M' 'M' 'M' 'M' 'M' 'M' 'M' 'U' 'U' 'M' 'M' 'U' 'M'
 'M' 'M' 'U' 'M' 'M' 'M' 'M' 'M' 'M' 'A' 'U' 'U' 'M' 'M' 'M' 'M' 'M' 'M'
 'U' 'U' 'U' 'M' 'M' 'M' 'M' 'M' 'M' 'M' 'M' 'M' 'M' 'M' 'M' 'U' 'M' 'M'
 'M' 'M' 'M' 'M' 'M' 'U' 'M' 'M' 'M' 'U' 'M' 'U' 'M' 'U' 'M' 'M' 'M' 'M'
 'U' 'M' 'M' 'M' 'U' 'M' 'M' 'M' 'M' 'U' 'U' 'M' 'M' 'M' 'M' 'M' 'M' 'M'
 'M' 'M' 'M' 'U' 'M' 'M' 'M' 'M' 'M' 'M' 'U' 'M' 'M' 'M' 'M' 'M' 'M' 'M'
 'M' 'M' 'M' 'M' 'M' 'M' 'M' 'M' 'M' 'M' 'M' 'U' 'M' 'U' 'M' 'U' 'U' 'M']"
291901,0,160,5,155,38,0,0,"['A' 'M' 'U' 'M' 'M' 'U' 'M' 'A' 'U' 'M' 'M' 'M' 'M' 'U' 'U' 'M' 'M' 'M'
 'M' 'M' 'M' 'U' 'M' 'M' 'M' 'U' 'M' 'M' 'M' 'M' 'U' 'M' 'U' 'M' 'M' 'M'
 'U' 'M' 'M' 'M' 'M' 'M' 'U' 'M' 'M' 'M' 'A' 'M' 'M' 'M' 'M' 'M' 'U' 'M'
 'M' 'M' 'M' 'M' 'M' 'M' 'U' 'M' 'M' 'M' 'U' 'M' 'U' 'M' 'M' 'M' 'U' 'M'
 'M' 'M' 'M' 'M' 'M' 'M' 'M' 'M' 'M' 'U' 'U' 'U' 'M' 'M' 'M' 'M' 'M' 'M'
 'M' 'M' 'M' 'M' 'M' 'M' 'M' 'M' 'M' 'U' 'A' 'U' 'M' 'M' 'M' 'M' 'M' 'M'
 'U' 'M' 'U' 'M' 'M' 'M' 'M' 'M' 'M' 'M' 'M' 'M' 'M' 'M' 'M' 'U' 'M' 'M'
 'M' 'M' 'M' 'M' 'M' 'U' 'U' 'A' 'U' 'U' 'U' 'U' 'U' 'M' 'M' 'M' 'M' 'M'
 'U' 'M' 'M' 'M' 'U' 'M' 'M' 'M' 'M' 'U' 'M' 'M' 'M' 'M' 'M' 'M' 'M' 'M'
 'M' 'M' 'M' 'U' 'M' 'M' 'M' 'M' 'M' 'M' 'U' 'M' 'M' 'M' 'M' 'M' 'M' 'M'
 'M' 'M' 'M' 'M' 'M' 'M' 'M' 'M' 'M' 'M' 'M' 'U' 'M' 'M' 'M' 'U' 'M' 'M']"
292001,0,172,6,166,26,0,0,"['A' 'M' 'U' 'M' 'M' 'U' 'M' 'A' 'U' 'M' 'M' 'M' 'M' 'U' 'M' 'M' 'M' 'M'
 'M' 'M' 'M' 'M' 'M' 'M' 'M' 'M' 'M' 'M' 'M' 'M' 'A' 'M' 'U' 'M' 'M' 'M'
 'U' 'M' 'M' 'M' 'M' 'M' 'U' 'M' 'M' 'M' 'A' 'M' 'M' 'M' 'M' 'M' 'U' 'M'
 'M' 'M' 'M' 'M' 'M' 'M' 'U' 'M' 'M' 'M' 'U' 'U' 'M' 'M' 'M' 'M' 'M' 'M'
 'M' 'M' 'M' 'M' 'U' 'M' 'M' 'U' 'M' 'M' 'M' 'U' 'M' 'M' 'M' 'M' 'M' 'M'
 'M' 'M' 'M' 'U' 'M' 'M' 'M' 'M' 'M' 'U' 'A' 'M' 'M' 'M' 'M' 'M' 'M' 'M'
 'M' 'M' 'U' 'M' 'M' 'M' 'M' 'M' 'M' 'M' 'M' 'M' 'M' 'M' 'M' 'M' 'M' 'M'
 'M' 'M' 'M' 'M' 'M' 'U' 'M' 'A' 'M' 'U' 'M' 'U' 'U' 'M' 'M' 'M' 'M' 'M'
 'M' 'M' 'M' 'M' 'M' 'M' 'M' 'M' 'M' 'M' 'U' 'M' 'M' 'M' 'M' 'M' 'M' 'M'
 'M' 'M' 'M' 'U' 'M' 'M' 'M' 'U' 'M' 'M' 'U' 'M' 'M' 'M' 'M' 'M' 'M' 'M'
 'M' 'M' 'M' 'M' 'M' 'M' 'M' 'M' 'M' 'M' 'M' 'M' 'M' 'M' 'M' 'U' 'M' 'M']"
292101,0,169,5,164,29,0,0,"['A' 'M' 'U' 'U' 'M' 'A' 'M' 'U' 'U' 'M' 'M' 'M' 'M' 'M' 'U' 'M' 'M' 'M'
 'M' 'M' 'M' 'M' 'M' 'M' 'M' 'M' 'M' 'M' 'M' 'M' 'A' 'M' 'U' 'M' 'M' 'M'
 'M' 'M' 'M' 'M' 'M' 'M' 'M' 'M' 'M' 'M' 'A' 'M' 'M' 'M' 'M' 'M' 'U' 'M'
 'M' 'M' 'M' 'M' 'M' 'M' 'M' 'M' 'M' 'M' 'M' 'M' 'U' 'M' 'M' 'U' 'M' 'M'
 'M' 'M' 'M' 'U' 'M' 'M' 'M' 'M' 'M' 'M' 'M' 'M' 'M' 'M' 'M' 'M' 'M' 'U'
 'U' 'M' 'M' 'M' 'M' 'M' 'M' 'M' 'M' 'U' 'U' 'M' 'M' 'M' 'M' 'M' 'M' 'M'
 'U' 'M' 'U' 'M' 'M' 'M' 'M' 'M' 'M' 'M' 'M' 'M' 'M' 'M' 'M' 'U' 'M' 'M'
 'M' 'M' 'M' 'M' 'M' 'U' 'M' 'A' 'U' 'U' 'M' 'U' 'U' 'M' 'M' 'M' 'M' 'M'
 'M' 'M' 'M' 'M' 'U' 'M' 'M' 'M' 'M' 'M' 'U' 'U' 'M' 'M' 'M' 'M' 'M' 'M'
 'M' 'M' 'M' 'M' 'M' 'M' 'M' 'U' 'M' 'M' 'U' 'M' 'M' 'M' 'M' 'M' 'M' 'M'
 'M' 'M' 'M' 'M' 'M' 'M' 'M' 'M' 'M' 'M' 'M' 'M' 'M' 'M' 'U' 'U' 'M' 'M']"
292201,0,168,4,164,30,0,0,"['A' 'M' 'U' 'U' 'M' 'A' 'M' 'U' 'U' 'M' 'M' 'M' 'M' 'M' 'U' 'M' 'M' 'M'
 'M' 'M' 'M' 'M' 'M' 'M' 'M' 'M' 'M' 'M' 'M' 'M' 'A' 'M' 'M' 'M' 'M' 'M'
 'M' 'M' 'U' 'M' 'U' 'M' 'M' 'M' 'M' 'M' 'U' 'M' 'M' 'M' 'M' 'M' 'U' 'M'
 'M' 'M' 'M' 'M' 'M' 'M' 'M' 'M' 'M' 'M' 'M' 'M' 'M' 'U' 'M' 'M' 'M' 'M'
 'M' 'M' 'M' 'M' 'U' 'M' 'M' 'M' 'U' 'M' 'U' 'M' 'M' 'U' 'M' 'M' 'M' 'M'
 'M' 'M' 'M' 'M' 'M' 'M' 'M' 'M' 'U' 'U' 'U' 'M' 'M' 'M' 'M' 'M' 'M' 'M'
 'M' 'M' 'U' 'M' 'M' 'M' 'M' 'M' 'M' 'M' 'M' 'M' 'M' 'M' 'M' 'U' 'M' 'M'
 'M' 'M' 'M' 'M' 'M' 'U' 'M' 'A' 'U' 'M' 'M' 'M' 'M' 'M' 'M' 'M' 'M' 'M'
 'M' 'M' 'M' 'M' 'U' 'U' 'M' 'M' 'M' 'M' 'U' 'U' 'M' 'U' 'M' 'M' 'M' 'M'
 'M' 'M' 'M' 'M' 'M' 'M' 'M' 'U' 'M' 'M' 'U' 'M' 'M' 'M' 'M' 'M' 'U' 'M'
 'M' 'M' 'M' 'M' 'M' 'M' 'M' 'M' 'M' 'M' 'M' 'M' 'M' 'M' 'U' 'M' 'M' 'M']"
292301,0,157,5,152,41,1,0,"['A' 'M' 'U' 'U' 'M' 'A' 'M' 'U' 'U' 'M' 'M' 'M' 'M' 'M' 'U' 'M' 'M' 'M'
 'M' 'M' 'M' 'M' 'M' 'U' 'M' 'M' 'M' 'M' 'M' 'M' 'A' 'M' 'M' 'M' 'M' 'M'
 'M' 'M' 'U' 'M' 'U' 'M' 'M' 'M' 'M' 'M' 'U' 'M' 'M' 'M' 'M' 'M' 'U' 'M'
 'M' 'U' 'M' 'M' 'M' 'M' 'M' 'M' 'M' 'M' 'M' 'U' 'M' 'M' 'M' 'M' 'M' 'U'
 'M' 'M' 'M' 'M' 'M' 'M' 'M' 'M' 'M' 'U' 'U' 'M' 'M' 'U' 'M' 'M' 'M' 'M'
 'M' 'M' 'M' 'M' 'M' 'M' 'M' 'U' 'U' 'M' 'U' 'M' 'M' 'M' 'M' 'M' 'M' 'M'
 'M' 'M' 'U' 'M' 'M' 'M' 'M' 'M' 'M' 'M' 'M' 'M' 'M' 'M' 'M' 'M' 'M' 'M'
 'U' 'M' 'M' 'M' 'M' 'M' 'U' 'A' 'U' 'U' 'U' 'U' 'U' 'M' 'U' 'M' 'M' 'M'
 'U' 'M' 'M' 'M' 'A' 'U' 'M' 'M' 'M' 'M' 'U' 'U' 'U' 'U' 'M' 'U' 'M' 'M'
 'M' 'M' 'U' 'M' 'U' 'M' 'M' 'U' 'M' 'M' 'U' 'M' 'M' 'M' 'M' 'M' 'U' 'M'
 'M' 'M' 'M' 'M' 'M' 'M' 'M' 'M' 'M' 'M' 'M' 'M' 'M' 'M' 'U' 'M' 'M' 'M']"
292401,0,158,4,154,40,0,0,"['A' 'M' 'M' 'M' 'M' 'A' 'M' 'M' 'U' 'M' 'M' 'M' 'M' 'M' 'U' 'M' 'M' 'M'
 'M' 'M' 'M' 'M' 'M' 'U' 'M' 'M' 'M' 'M' 'M' 'M' 'A' 'M' 'M' 'M' 'M' 'M'
 'M' 'M' 'U' 'M' 'U' 'M' 'M' 'M' 'M' 'M' 'U' 'M' 'M' 'M' 'U' 'M' 'U' 'M'
 'U' 'U' 'M' 'M' 'M' 'M' 'M' 'M' 'M' 'M' 'M' 'M' 'M' 'M' 'M' 'M' 'U' 'M'
 'M' 'M' 'M' 'M' 'M' 'M' 'M' 'U' 'U' 'M' 'M' 'U' 'M' 'M' 'U' 'M' 'M' 'M'
 'M' 'M' 'M' 'M' 'M' 'M' 'M' 'U' 'U' 'M' 'M' 'M' 'M' 'M' 'M' 'M' 'U' 'M'
 'M' 'M' 'M' 'M' 'M' 'M' 'M' 'M' 'M' 'M' 'M' 'M' 'M' 'M' 'U' 'M' 'M' 'M'
 'U' 'M' 'M' 'M' 'M' 'M' 'U' 'U' 'U' 'U' 'U' 'U' 'U' 'M' 'U' 'M' 'M' 'M'
 'U' 'M' 'M' 'M' 'A' 'U' 'M' 'M' 'M' 'M' 'U' 'M' 'U' 'U' 'M' 'U' 'M' 'M'
 'M' 'M' 'U' 'M' 'M' 'M' 'M' 'U' 'M' 'M' 'M' 'M' 'M' 'M' 'M' 'M' 'U' 'M'
 'U' 'M' 'M' 'M' 'M' 'M' 'M' 'M' 'U' 'M' 'M' 'M' 'M' 'M' 'U' 'M' 'M' 'M']"
292501,0,155,3,152,43,0,0,"['A' 'M' 'M' 'M' 'M' 'A' 'M' 'M' 'U' 'M' 'M' 'M' 'M' 'M' 'U' 'M' 'M' 'M'
 'M' 'M' 'M' 'M' 'M' 'U' 'M' 'M' 'M' 'M' 'M' 'M' 'A' 'M' 'M' 'M' 'M' 'M'
 'M' 'U' 'U' 'M' 'U' 'M' 'M' 'M' 'M' 'M' 'U' 'M' 'M' 'M' 'U' 'M' 'U' 'M'
 'M' 'U' 'M' 'M' 'M' 'M' 'M' 'M' 'M' 'M' 'M' 'M' 'M' 'M' 'M' 'M' 'M' 'M'
 'U' 'M' 'M' 'M' 'M' 'M' 'M' 'U' 'M' 'M' 'U' 'M' 'M' 'M' 'M' 'M' 'U' 'M'
 'M' 'U' 'M' 'M' 'M' 'M' 'M' 'M' 'U' 'M' 'M' 'M' 'M' 'M' 'M' 'M' 'U' 'M'
 'M' 'M' 'M' 'M' 'M' 'U' 'M' 'M' 'U' 'M' 'M' 'M' 'M' 'U' 'U' 'U' 'M' 'M'
 'U' 'M' 'M' 'M' 'M' 'M' 'U' 'U' 'U' 'M' 'U' 'U' 'M' 'M' 'U' 'M' 'U' 'U'
 'U' 'M' 'M' 'M' 'U' 'U' 'M' 'M' 'M' 'M' 'M' 'M' 'U' 'U' 'M' 'M' 'M' 'M'
 'M' 'M' 'U' 'U' 'M' 'M' 'M' 'U' 'M' 'M' 'M' 'M' 'M' 'M' 'M' 'M' 'U' 'M'
 'U' 'M' 'M' 'M' 'M' 'M' 'M' 'M' 'U' 'M' 'M' 'M' 'M' 'M' 'U' 'M' 'M' 'M']"
292601,0,165,5,160,33,0,0,"['A' 'M' 'M' 'M' 'M' 'A' 'M' 'M' 'M' 'M' 'M' 'M' 'M' 'M' 'U' 'M' 'M' 'M'
 'M' 'M' 'M' 'M' 'M' 'U' 'M' 'M' 'M' 'M' 'M' 'M' 'A' 'M' 'M' 'M' 'A' 'M'
 'M' 'M' 'U' 'M' 'U' 'M' 'M' 'M' 'M' 'M' 'U' 'M' 'M' 'M' 'U' 'U' 'U' 'M'
 'M' 'M' 'M' 'M' 'M' 'M' 'M' 'M' 'M' 'U' 'M' 'M' 'M' 'U' 'M' 'M' 'M' 'M'
 'U' 'M' 'M' 'M' 'M' 'M' 'M' 'M' 'M' 'M' 'U' 'M' 'M' 'M' 'M' 'M' 'M' 'M'
 'U' 'M' 'U' 'M' 'M' 'M' 'M' 'M' 'M' 'M' 'M' 'M' 'M' 'M' 'M' 'M' 'U' 'M'
 'M' 'M' 'M' 'M' 'M' 'U' 'M' 'M' 'U' 'M' 'M' 'M' 'M' 'M' 'U' 'M' 'M' 'M'
 'U' 'M' 'M' 'M' 'M' 'M' 'U' 'U' 'M' 'M' 'U' 'U' 'M' 'M' 'M' 'M' 'M' 'A'
 'U' 'M' 'M' 'M' 'U' 'U' 'M' 'M' 'M' 'M' 'M' 'M' 'U' 'M' 'M' 'M' 'M' 'M'
 'M' 'M' 'U' 'U' 'U' 'M' 'M' 'U' 'M' 'M' 'M' 'M' 'M' 'M' 'M' 'M' 'M' 'M'
 'U' 'M' 'M' 'M' 'M' 'M' 'M' 'M' 'M' 'M' 'M' 'M' 'M' 'M' 'U' 'M' 'M' 'M']"
292701,0,168,9,159,30,0,0,"['A' 'M' 'M' 'M' 'U' 'A' 'M' 'M' 'M' 'M' 'U' 'M' 'M' 'M' 'U' 'M' 'M' 'M'
 'M' 'M' 'M' 'M' 'M' 'U' 'M' 'M' 'M' 'M' 'M' 'M' 'A' 'M' 'M' 'M' 'A' 'M'
 'M' 'M' 'U' 'M' 'M' 'M' 'M' 'M' 'M' 'M' 'M' 'M' 'M' 'M' 'M' 'A' 'U' 'M'
 'M' 'U' 'M' 'M' 'U' 'M' 'M' 'M' 'M' 'M' 'M' 'M' 'M' 'U' 'M' 'M' 'M' 'M'
 'M' 'U' 'M' 'M' 'M' 'U' 'M' 'U' 'M' 'M' 'M' 'M' 'M' 'M' 'M' 'M' 'M' 'M'
 'M' 'M' 'U' 'M' 'M' 'M' 'M' 'M' 'M' 'M' 'M' 'M' 'M' 'M' 'M' 'M' 'U' 'M'
 'M' 'M' 'M' 'M' 'M' 'M' 'M' 'M' 'U' 'U' 'M' 'M' 'U' 'M' 'U' 'M' 'M' 'U'
 'M' 'M' 'M' 'M' 'M' 'U' 'A' 'U' 'U' 'U' 'U' 'A' 'U' 'M' 'M' 'M' 'M' 'A'
 'M' 'M' 'M' 'M' 'A' 'M' 'M' 'M' 'M' 'M' 'M' 'M' 'U' 'M' 'M' 'M' 'M' 'M'
 'M' 'M' 'U' 'M' 'M' 'M' 'M' 'M' 'M' 'M' 'M' 'M' 'M' 'M' 'M' 'M' 'U' 'M'
 'U' 'M' 'M' 'M' 'M' 'M' 'M' 'M' 'M' 'M' 'M' 'M' 'M' 'M' 'U' 'M' 'M' 'M']"
292801,0,170,7,163,28,0,0,"['A' 'M' 'M' 'M' 'U' 'A' 'M' 'M' 'M' 'M' 'M' 'M' 'M' 'M' 'U' 'M' 'M' 'M'
 'U' 'M' 'M' 'M' 'M' 'U' 'M' 'M' 'M' 'M' 'M' 'M' 'U' 'M' 'M' 'U' 'U' 'M'
 'M' 'M' 'U' 'M' 'M' 'M' 'M' 'M' 'M' 'M' 'M' 'M' 'M' 'M' 'M' 'A' 'M' 'M'
 'M' 'U' 'M' 'M' 'U' 'M' 'M' 'M' 'M' 'M' 'M' 'M' 'U' 'M' 'M' 'M' 'M' 'M'
 'M' 'U' 'M' 'M' 'M' 'M' 'M' 'M' 'M' 'M' 'M' 'M' 'M' 'U' 'M' 'M' 'M' 'U'
 'M' 'U' 'M' 'M' 'M' 'M' 'M' 'M' 'M' 'M' 'M' 'M' 'M' 'M' 'M' 'M' 'U' 'M'
 'M' 'M' 'M' 'M' 'M' 'M' 'M' 'M' 'U' 'M' 'M' 'M' 'U' 'M' 'U' 'M' 'M' 'M'
 'M' 'M' 'M' 'M' 'M' 'A' 'A' 'U' 'U' 'M' 'U' 'A' 'U' 'M' 'M' 'M' 'M' 'U'
 'M' 'M' 'M' 'M' 'A' 'M' 'M' 'M' 'M' 'M' 'M' 'M' 'M' 'M' 'M' 'M' 'M' 'M'
 'M' 'M' 'U' 'M' 'M' 'M' 'M' 'M' 'M' 'M' 'M' 'M' 'M' 'M' 'M' 'M' 'U' 'M'
 'U' 'M' 'M' 'M' 'M' 'M' 'M' 'M' 'M' 'M' 'M' 'M' 'M' 'M' 'U' 'M' 'M' 'M']"
292901,0,162,6,156,36,0,0,"['A' 'M' 'M' 'M' 'U' 'A' 'M' 'M' 'M' 'M' 'M' 'M' 'M' 'M' 'M' 'M' 'M' 'M'
 'U' 'M' 'M' 'M' 'U' 'U' 'M' 'U' 'M' 'M' 'M' 'M' 'U' 'M' 'M' 'U' 'U' 'M'
 'M' 'M' 'U' 'M' 'U' 'M' 'M' 'M' 'M' 'M' 'M' 'M' 'M' 'U' 'M' 'A' 'M' 'M'
 'M' 'U' 'M' 'M' 'U' 'U' 'M' 'M' 'M' 'M' 'M' 'M' 'M' 'M' 'M' 'M' 'U' 'M'
 'M' 'M' 'M' 'U' 'M' 'M' 'M' 'M' 'U' 'M' 'M' 'M' 'U' 'M' 'M' 'M' 'M' 'M'
 'M' 'U' 'M' 'M' 'M' 'M' 'M' 'M' 'M' 'M' 'M' 'U' 'M' 'M' 'M' 'M' 'U' 'M'
 'M' 'M' 'M' 'M' 'M' 'M' 'M' 'M' 'M' 'M' 'M' 'M' 'U' 'M' 'U' 'M' 'M' 'M'
 'M' 'M' 'M' 'M' 'M' 'A' 'A' 'U' 'U' 'U' 'U' 'A' 'U' 'M' 'M' 'M' 'U' 'M'
 'M' 'M' 'U' 'M' 'U' 'M' 'M' 'M' 'M' 'M' 'M' 'M' 'M' 'M' 'M' 'M' 'M' 'M'
 'M' 'M' 'U' 'M' 'M' 'M' 'M' 'M' 'M' 'M' 'M' 'M' 'M' 'M' 'M' 'M' 'U' 'M'
 'U' 'M' 'M' 'M' 'M' 'U' 'M' 'M' 'M' 'M' 'M' 'M' 'M' 'M' 'U' 'M' 'M' 'M']"
293001,0,162,4,158,36,0,0,"['A' 'U' 'M' 'M' 'U' 'A' 'M' 'M' 'M' 'M' 'M' 'M' 'M' 'M' 'M' 'M' 'M' 'M'
 'U' 'M' 'M' 'M' 'U' 'U' 'M' 'U' 'M' 'M' 'M' 'U' 'U' 'M' 'M' 'M' 'M' 'M'
 'M' 'M' 'M' 'M' 'U' 'M' 'M' 'M' 'M' 'M' 'M' 'M' 'M' 'U' 'U' 'A' 'M' 'M'
 'M' 'U' 'M' 'M' 'M' 'U' 'M' 'M' 'M' 'M' 'U' 'M' 'M' 'M' 'M' 'M' 'M' 'M'
 'M' 'M' 'M' 'M' 'M' 'M' 'M' 'M' 'M' 'M' 'M' 'U' 'U' 'U' 'M' 'M' 'M' 'M'
 'U' 'M' 'M' 'M' 'U' 'M' 'M' 'M' 'M' 'M' 'M' 'U' 'M' 'U' 'M' 'M' 'U' 'M'
 'M' 'M' 'M' 'M' 'M' 'M' 'M' 'M' 'M' 'M' 'M' 'M' 'U' 'M' 'U' 'M' 'M' 'M'
 'M' 'M' 'M' 'M' 'M' 'A' 'U' 'M' 'U' 'U' 'U' 'U' 'U' 'M' 'M' 'M' 'M' 'M'
 'M' 'M' 'U' 'M' 'U' 'M' 'M' 'M' 'U' 'M' 'M' 'M' 'M' 'M' 'M' 'M' 'M' 'M'
 'M' 'M' 'U' 'M' 'M' 'M' 'M' 'M' 'M' 'M' 'M' 'M' 'M' 'M' 'M' 'M' 'M' 'M'
 'M' 'M' 'M' 'M' 'M' 'U' 'M' 'M' 'M' 'M' 'M' 'M' 'M' 'M' 'U' 'M' 'M' 'M']"
293101,0,167,3,164,31,0,0,"['A' 'U' 'M' 'M' 'U' 'A' 'M' 'M' 'M' 'M' 'M' 'M' 'M' 'M' 'M' 'M' 'M' 'M'
 'U' 'M' 'M' 'M' 'U' 'U' 'M' 'U' 'M' 'M' 'M' 'M' 'M' 'M' 'M' 'M' 'M' 'M'
 'M' 'M' 'M' 'M' 'M' 'M' 'M' 'M' 'M' 'M' 'M' 'M' 'M' 'U' 'M' 'U' 'M' 'M'
 'M' 'M' 'M' 'M' 'M' 'M' 'M' 'M' 'U' 'M' 'U' 'M' 'M' 'M' 'M' 'M' 'U' 'M'
 'M' 'M' 'U' 'M' 'U' 'M' 'U' 'M' 'M' 'M' 'M' 'M' 'M' 'M' 'M' 'M' 'M' 'M'
 'M' 'M' 'M' 'M' 'U' 'M' 'M' 'M' 'M' 'M' 'M' 'M' 'M' 'M' 'M' 'M' 'U' 'M'
 'M' 'M' 'M' 'M' 'M' 'U' 'M' 'M' 'M' 'M' 'M' 'M' 'U' 'M' 'U' 'M' 'M' 'U'
 'M' 'M' 'M' 'M' 'M' 'A' 'U' 'U' 'U' 'U' 'U' 'U' 'U' 'M' 'M' 'M' 'M' 'M'
 'M' 'M' 'U' 'M' 'U' 'M' 'M' 'M' 'U' 'M' 'M' 'M' 'M' 'M' 'M' 'M' 'M' 'M'
 'M' 'M' 'M' 'M' 'M' 'M' 'M' 'M' 'M' 'M' 'M' 'M' 'M' 'M' 'M' 'M' 'M' 'M'
 'M' 'M' 'M' 'M' 'M' 'M' 'M' 'M' 'M' 'M' 'M' 'M' 'M' 'M' 'M' 'M' 'U' 'M']"
293201,0,170,8,162,28,0,0,"['A' 'U' 'M' 'M' 'U' 'A' 'M' 'M' 'M' 'M' 'M' 'M' 'M' 'M' 'M' 'M' 'M' 'M'
 'U' 'M' 'M' 'M' 'U' 'A' 'M' 'U' 'M' 'M' 'M' 'M' 'M' 'M' 'M' 'M' 'M' 'M'
 'U' 'M' 'M' 'M' 'M' 'M' 'M' 'M' 'M' 'U' 'M' 'M' 'M' 'U' 'M' 'A' 'M' 'M'
 'M' 'M' 'M' 'M' 'M' 'M' 'M' 'M' 'U' 'M' 'U' 'M' 'M' 'M' 'M' 'M' 'M' 'M'
 'M' 'M' 'M' 'M' 'M' 'M' 'M' 'M' 'M' 'U' 'U' 'U' 'M' 'M' 'U' 'M' 'M' 'M'
 'U' 'M' 'M' 'M' 'M' 'M' 'M' 'M' 'M' 'M' 'M' 'M' 'M' 'M' 'M' 'M' 'M' 'M'
 'M' 'M' 'M' 'M' 'M' 'U' 'M' 'M' 'M' 'M' 'U' 'M' 'M' 'M' 'U' 'M' 'M' 'U'
 'M' 'M' 'M' 'M' 'M' 'A' 'U' 'A' 'U' 'U' 'M' 'M' 'U' 'A' 'M' 'M' 'M' 'M'
 'M' 'M' 'U' 'M' 'U' 'M' 'M' 'M' 'U' 'M' 'M' 'M' 'M' 'M' 'M' 'M' 'M' 'M'
 'M' 'M' 'M' 'M' 'M' 'M' 'M' 'U' 'M' 'M' 'M' 'M' 'M' 'M' 'M' 'M' 'M' 'M'
 'M' 'M' 'M' 'M' 'M' 'U' 'M' 'M' 'M' 'M' 'M' 'M' 'M' 'M' 'M' 'M' 'A' 'M']"
293301,0,169,7,162,29,0,0,"['A' 'U' 'M' 'M' 'U' 'A' 'M' 'M' 'M' 'M' 'M' 'M' 'M' 'M' 'M' 'M' 'M' 'M'
 'U' 'M' 'M' 'U' 'M' 'A' 'M' 'U' 'M' 'M' 'M' 'M' 'M' 'M' 'M' 'M' 'M' 'M'
 'M' 'U' 'M' 'M' 'M' 'M' 'M' 'M' 'M' 'U' 'M' 'M' 'M' 'U' 'M' 'A' 'M' 'M'
 'M' 'M' 'M' 'M' 'M' 'M' 'M' 'M' 'U' 'M' 'U' 'M' 'M' 'U' 'M' 'M' 'M' 'M'
 'M' 'M' 'M' 'U' 'M' 'M' 'M' 'M' 'M' 'M' 'M' 'M' 'M' 'M' 'U' 'M' 'M' 'M'
 'M' 'U' 'M' 'U' 'M' 'M' 'U' 'M' 'M' 'M' 'M' 'M' 'M' 'M' 'M' 'M' 'M' 'M'
 'M' 'M' 'M' 'M' 'M' 'U' 'M' 'M' 'M' 'M' 'U' 'M' 'M' 'M' 'U' 'M' 'M' 'U'
 'M' 'M' 'M' 'M' 'M' 'A' 'U' 'U' 'U' 'U' 'M' 'M' 'M' 'A' 'M' 'M' 'M' 'M'
 'U' 'M' 'U' 'M' 'U' 'M' 'M' 'M' 'U' 'M' 'M' 'M' 'M' 'M' 'M' 'M' 'M' 'M'
 'M' 'M' 'M' 'M' 'M' 'M' 'M' 'U' 'M' 'M' 'M' 'M' 'M' 'M' 'M' 'M' 'M' 'M'
 'M' 'M' 'M' 'M' 'M' 'M' 'M' 'M' 'M' 'M' 'M' 'M' 'M' 'M' 'M' 'M' 'A' 'M']"
293401,0,168,8,160,30,0,0,"['A' 'U' 'M' 'M' 'M' 'U' 'U' 'M' 'M' 'M' 'M' 'M' 'M' 'M' 'M' 'M' 'M' 'M'
 'U' 'M' 'M' 'U' 'M' 'A' 'M' 'U' 'M' 'M' 'M' 'M' 'M' 'M' 'M' 'M' 'M' 'M'
 'M' 'M' 'M' 'M' 'M' 'M' 'M' 'M' 'M' 'U' 'M' 'M' 'M' 'U' 'M' 'A' 'M' 'M'
 'M' 'M' 'M' 'M' 'M' 'M' 'M' 'M' 'U' 'M' 'A' 'U' 'M' 'M' 'M' 'M' 'M' 'M'
 'U' 'M' 'U' 'M' 'M' 'M' 'M' 'M' 'M' 'M' 'M' 'M' 'M' 'M' 'M' 'M' 'M' 'M'
 'U' 'U' 'M' 'M' 'M' 'M' 'M' 'M' 'M' 'M' 'M' 'M' 'M' 'M' 'M' 'M' 'M' 'M'
 'M' 'U' 'M' 'M' 'M' 'M' 'M' 'M' 'M' 'M' 'U' 'M' 'M' 'M' 'U' 'M' 'M' 'U'
 'M' 'M' 'M' 'M' 'M' 'A' 'U' 'U' 'M' 'U' 'U' 'U' 'A' 'A' 'M' 'M' 'M' 'M'
 'U' 'M' 'U' 'M' 'U' 'M' 'M' 'M' 'U' 'M' 'M' 'M' 'M' 'M' 'M' 'M' 'U' 'M'
 'M' 'M' 'M' 'M' 'M' 'U' 'M' 'M' 'M' 'U' 'M' 'M' 'M' 'M' 'M' 'M' 'M' 'M'
 'M' 'M' 'M' 'M' 'M' 'M' 'M' 'M' 'M' 'M' 'M' 'M' 'M' 'M' 'M' 'M' 'A' 'M']"
293501,0,170,8,162,28,0,0,"['A' 'M' 'M' 'M' 'M' 'U' 'M' 'M' 'M' 'M' 'M' 'M' 'M' 'M' 'M' 'M' 'M' 'M'
 'U' 'U' 'M' 'U' 'M' 'M' 'M' 'U' 'M' 'M' 'M' 'M' 'M' 'M' 'U' 'M' 'M' 'M'
 'M' 'M' 'M' 'M' 'M' 'M' 'M' 'U' 'M' 'A' 'M' 'M' 'M' 'U' 'M' 'A' 'M' 'M'
 'M' 'M' 'M' 'M' 'M' 'M' 'M' 'M' 'U' 'M' 'A' 'M' 'M' 'M' 'M' 'M' 'M' 'M'
 'M' 'M' 'M' 'M' 'U' 'M' 'M' 'M' 'M' 'M' 'U' 'M' 'M' 'U' 'U' 'M' 'M' 'M'
 'M' 'M' 'U' 'M' 'M' 'U' 'U' 'M' 'U' 'M' 'M' 'M' 'M' 'M' 'M' 'M' 'M' 'M'
 'M' 'U' 'M' 'M' 'M' 'M' 'M' 'M' 'M' 'M' 'U' 'M' 'M' 'M' 'M' 'M' 'M' 'M'
 'U' 'M' 'M' 'M' 'M' 'A' 'A' 'U' 'M' 'U' 'U' 'U' 'M' 'A' 'M' 'M' 'M' 'M'
 'U' 'M' 'U' 'M' 'M' 'M' 'M' 'M' 'M' 'M' 'M' 'M' 'M' 'M' 'M' 'M' 'U' 'M'
 'M' 'M' 'M' 'M' 'M' 'M' 'M' 'M' 'M' 'M' 'M' 'M' 'M' 'M' 'M' 'M' 'M' 'M'
 'M' 'M' 'M' 'M' 'M' 'M' 'M' 'M' 'M' 'M' 'M' 'M' 'M' 'U' 'M' 'M' 'A' 'M']"
293601,0,165,2,163,33,0,0,"['A' 'M' 'M' 'M' 'M' 'U' 'M' 'M' 'M' 'M' 'M' 'M' 'M' 'M' 'M' 'M' 'M' 'M'
 'U' 'U' 'M' 'U' 'M' 'M' 'M' 'M' 'M' 'M' 'M' 'M' 'M' 'M' 'M' 'M' 'M' 'M'
 'M' 'M' 'M' 'M' 'M' 'U' 'M' 'U' 'M' 'U' 'M' 'M' 'M' 'M' 'M' 'U' 'M' 'M'
 'M' 'M' 'M' 'M' 'M' 'M' 'M' 'M' 'M' 'M' 'U' 'M' 'M' 'U' 'M' 'M' 'M' 'U'
 'M' 'U' 'M' 'M' 'M' 'M' 'U' 'M' 'M' 'M' 'M' 'M' 'M' 'M' 'M' 'U' 'M' 'M'
 'M' 'M' 'M' 'M' 'M' 'U' 'U' 'M' 'U' 'M' 'M' 'M' 'M' 'M' 'U' 'M' 'M' 'M'
 'M' 'U' 'M' 'U' 'M' 'M' 'M' 'M' 'M' 'M' 'U' 'M' 'M' 'M' 'U' 'U' 'M' 'M'
 'M' 'M' 'M' 'M' 'M' 'U' 'A' 'U' 'M' 'U' 'M' 'U' 'M' 'U' 'M' 'M' 'M' 'M'
 'M' 'M' 'M' 'M' 'M' 'M' 'M' 'M' 'U' 'M' 'M' 'M' 'M' 'M' 'M' 'U' 'M' 'M'
 'M' 'M' 'M' 'M' 'M' 'U' 'M' 'M' 'M' 'M' 'M' 'M' 'M' 'M' 'M' 'M' 'M' 'M'
 'M' 'M' 'M' 'M' 'M' 'M' 'M' 'M' 'M' 'M' 'M' 'M' 'M' 'U' 'M' 'M' 'U' 'M']"
293701,0,166,2,164,32,0,0,"['A' 'M' 'M' 'M' 'M' 'U' 'U' 'M' 'M' 'U' 'M' 'M' 'M' 'M' 'M' 'M' 'M' 'M'
 'U' 'U' 'M' 'M' 'M' 'M' 'M' 'M' 'M' 'M' 'M' 'M' 'M' 'M' 'M' 'M' 'M' 'M'
 'M' 'M' 'U' 'M' 'M' 'U' 'M' 'U' 'M' 'U' 'M' 'M' 'M' 'M' 'M' 'U' 'M' 'M'
 'M' 'M' 'M' 'M' 'M' 'M' 'M' 'M' 'M' 'M' 'U' 'M' 'M' 'M' 'M' 'U' 'U' 'M'
 'M' 'M' 'M' 'M' 'M' 'U' 'M' 'M' 'M' 'M' 'U' 'M' 'U' 'M' 'M' 'M' 'M' 'M'
 'M' 'M' 'M' 'M' 'M' 'U' 'U' 'M' 'U' 'M' 'M' 'M' 'M' 'U' 'U' 'M' 'M' 'M'
 'M' 'U' 'M' 'M' 'M' 'M' 'M' 'M' 'M' 'M' 'U' 'M' 'M' 'M' 'U' 'U' 'M' 'M'
 'M' 'M' 'M' 'M' 'M' 'U' 'A' 'U' 'M' 'U' 'M' 'U' 'M' 'M' 'M' 'M' 'M' 'M'
 'M' 'M' 'M' 'M' 'M' 'M' 'U' 'M' 'M' 'M' 'M' 'M' 'M' 'M' 'M' 'M' 'M' 'M'
 'M' 'M' 'M' 'M' 'M' 'U' 'M' 'M' 'M' 'M' 'M' 'M' 'M' 'M' 'M' 'M' 'M' 'M'
 'M' 'M' 'M' 'M' 'M' 'M' 'M' 'M' 'M' 'M' 'M' 'M' 'M' 'U' 'M' 'M' 'M' 'M']"
293801,0,160,1,159,38,0,0,"['A' 'M' 'M' 'M' 'M' 'U' 'U' 'M' 'M' 'U' 'M' 'M' 'M' 'M' 'M' 'M' 'M' 'M'
 'U' 'U' 'U' 'U' 'U' 'M' 'M' 'M' 'M' 'M' 'M' 'M' 'M' 'M' 'M' 'M' 'M' 'M'
 'M' 'M' 'U' 'M' 'M' 'U' 'M' 'U' 'M' 'U' 'M' 'M' 'U' 'M' 'M' 'U' 'M' 'M'
 'M' 'M' 'M' 'M' 'U' 'M' 'M' 'M' 'M' 'M' 'M' 'M' 'M' 'M' 'M' 'M' 'M' 'M'
 'M' 'M' 'M' 'M' 'M' 'M' 'M' 'M' 'M' 'M' 'U' 'U' 'U' 'M' 'M' 'M' 'U' 'U'
 'M' 'M' 'M' 'M' 'M' 'U' 'U' 'M' 'U' 'M' 'M' 'M' 'M' 'U' 'U' 'M' 'M' 'M'
 'M' 'U' 'M' 'M' 'M' 'M' 'M' 'M' 'M' 'M' 'U' 'M' 'M' 'M' 'U' 'U' 'M' 'M'
 'M' 'M' 'M' 'M' 'M' 'U' 'U' 'U' 'M' 'U' 'M' 'U' 'M' 'M' 'M' 'U' 'M' 'M'
 'M' 'M' 'M' 'M' 'M' 'M' 'M' 'M' 'M' 'M' 'M' 'M' 'M' 'M' 'M' 'M' 'M' 'M'
 'M' 'M' 'M' 'M' 'U' 'U' 'M' 'M' 'M' 'M' 'M' 'M' 'M' 'M' 'M' 'M' 'M' 'U'
 'M' 'M' 'M' 'M' 'M' 'M' 'M' 'M' 'M' 'M' 'M' 'M' 'M' 'M' 'M' 'M' 'M' 'M']"
293901,0,163,1,162,35,1,0,"['A' 'M' 'M' 'M' 'M' 'M' 'M' 'M' 'M' 'U' 'M' 'M' 'M' 'M' 'M' 'M' 'U' 'M'
 'M' 'U' 'U' 'U' 'M' 'M' 'M' 'M' 'M' 'M' 'M' 'M' 'M' 'M' 'M' 'M' 'U' 'M'
 'M' 'M' 'U' 'M' 'M' 'U' 'M' 'U' 'M' 'M' 'M' 'M' 'U' 'M' 'M' 'M' 'M' 'M'
 'U' 'M' 'M' 'M' 'U' 'M' 'M' 'M' 'M' 'M' 'M' 'M' 'M' 'M' 'U' 'M' 'M' 'U'
 'M' 'M' 'M' 'M' 'M' 'U' 'M' 'U' 'M' 'M' 'M' 'M' 'M' 'M' 'M' 'M' 'M' 'M'
 'M' 'U' 'M' 'M' 'M' 'U' 'M' 'M' 'U' 'M' 'M' 'M' 'M' 'U' 'U' 'M' 'M' 'M'
 'M' 'U' 'M' 'M' 'M' 'M' 'M' 'M' 'M' 'M' 'U' 'M' 'M' 'M' 'U' 'M' 'M' 'M'
 'M' 'M' 'U' 'M' 'M' 'U' 'U' 'U' 'M' 'M' 'U' 'U' 'U' 'M' 'M' 'U' 'M' 'M'
 'M' 'M' 'M' 'M' 'M' 'M' 'M' 'M' 'M' 'M' 'M' 'M' 'M' 'M' 'M' 'M' 'M' 'M'
 'M' 'M' 'M' 'M' 'M' 'U' 'M' 'M' 'M' 'M' 'M' 'M' 'M' 'M' 'M' 'M' 'M' 'U'
 'M' 'M' 'M' 'U' 'M' 'M' 'M' 'M' 'M' 'M' 'M' 'M' 'M' 'M' 'M' 'M' 'M' 'M']"
294001,0,169,3,166,29,0,1,"['A' 'M' 'M' 'M' 'U' 'M' 'M' 'M' 'M' 'U' 'M' 'U' 'M' 'M' 'M' 'M' 'U' 'U'
 'M' 'M' 'U' 'U' 'M' 'M' 'M' 'M' 'M' 'M' 'M' 'M' 'M' 'M' 'M' 'M' 'U' 'M'
 'M' 'M' 'U' 'M' 'M' 'A' 'M' 'U' 'M' 'M' 'M' 'M' 'U' 'M' 'M' 'M' 'M' 'M'
 'U' 'M' 'M' 'M' 'U' 'M' 'M' 'M' 'U' 'M' 'M' 'M' 'M' 'M' 'U' 'M' 'M' 'M'
 'U' 'M' 'M' 'U' 'M' 'M' 'M' 'M' 'M' 'U' 'M' 'M' 'M' 'M' 'M' 'M' 'U' 'M'
 'M' 'M' 'M' 'M' 'M' 'M' 'M' 'M' 'M' 'M' 'M' 'M' 'M' 'U' 'M' 'M' 'M' 'M'
 'M' 'M' 'M' 'M' 'M' 'M' 'M' 'M' 'M' 'M' 'U' 'M' 'M' 'M' 'M' 'M' 'M' 'M'
 'M' 'M' 'M' 'M' 'M' 'U' 'M' 'U' 'M' 'U' 'A' 'U' 'M' 'M' 'M' 'U' 'M' 'M'
 'M' 'M' 'M' 'M' 'M' 'M' 'M' 'M' 'M' 'M' 'M' 'M' 'M' 'M' 'M' 'M' 'M' 'M'
 'M' 'M' 'M' 'M' 'M' 'M' 'M' 'M' 'M' 'M' 'M' 'U' 'M' 'M' 'M' 'M' 'M' 'U'
 'M' 'U' 'M' 'M' 'M' 'M' 'M' 'M' 'M' 'M' 'M' 'M' 'M' 'M' 'M' 'M' 'M' 'M']"
294101,0,165,3,162,33,0,0,"['A' 'M' 'M' 'M' 'U' 'M' 'M' 'M' 'M' 'U' 'M' 'U' 'M' 'M' 'M' 'M' 'U' 'U'
 'M' 'M' 'U' 'M' 'M' 'M' 'M' 'M' 'M' 'M' 'M' 'M' 'M' 'M' 'M' 'M' 'U' 'M'
 'M' 'M' 'U' 'M' 'M' 'A' 'M' 'M' 'M' 'M' 'M' 'U' 'M' 'M' 'M' 'M' 'M' 'U'
 'M' 'M' 'M' 'M' 'M' 'M' 'M' 'M' 'M' 'M' 'M' 'M' 'M' 'M' 'M' 'M' 'M' 'M'
 'M' 'M' 'M' 'M' 'M' 'M' 'M' 'M' 'U' 'U' 'M' 'M' 'M' 'M' 'U' 'M' 'M' 'U'
 'M' 'M' 'U' 'M' 'M' 'U' 'M' 'M' 'M' 'M' 'M' 'M' 'M' 'M' 'M' 'M' 'M' 'M'
 'M' 'M' 'M' 'U' 'M' 'M' 'M' 'M' 'U' 'M' 'U' 'M' 'M' 'U' 'M' 'M' 'M' 'M'
 'M' 'M' 'M' 'M' 'M' 'U' 'U' 'U' 'U' 'M' 'A' 'U' 'U' 'M' 'M' 'U' 'M' 'M'
 'M' 'M' 'M' 'M' 'M' 'M' 'M' 'M' 'M' 'M' 'M' 'M' 'U' 'M' 'M' 'M' 'M' 'M'
 'M' 'M' 'M' 'M' 'M' 'M' 'M' 'M' 'M' 'M' 'M' 'U' 'M' 'M' 'M' 'M' 'M' 'U'
 'M' 'U' 'M' 'M' 'M' 'M' 'M' 'M' 'M' 'M' 'M' 'U' 'M' 'U' 'M' 'M' 'M' 'M']"
294201,0,168,2,166,30,0,0,"['A' 'M' 'M' 'M' 'M' 'M' 'M' 'M' 'M' 'M' 'M' 'U' 'M' 'M' 'M' 'M' 'U' 'U'
 'M' 'M' 'U' 'U' 'M' 'M' 'M' 'M' 'M' 'M' 'M' 'M' 'M' 'M' 'M' 'M' 'M' 'M'
 'M' 'M' 'U' 'M' 'M' 'U' 'M' 'M' 'M' 'M' 'M' 'U' 'M' 'M' 'M' 'M' 'M' 'U'
 'M' 'M' 'M' 'M' 'M' 'M' 'M' 'M' 'M' 'M' 'M' 'M' 'U' 'M' 'M' 'M' 'M' 'M'
 'M' 'M' 'U' 'M' 'M' 'M' 'M' 'M' 'M' 'M' 'M' 'M' 'M' 'M' 'M' 'U' 'U' 'M'
 'M' 'U' 'M' 'M' 'M' 'U' 'M' 'M' 'M' 'M' 'M' 'M' 'M' 'M' 'M' 'M' 'M' 'M'
 'M' 'M' 'M' 'U' 'M' 'M' 'M' 'M' 'U' 'M' 'U' 'M' 'M' 'U' 'M' 'M' 'M' 'M'
 'M' 'M' 'M' 'M' 'U' 'U' 'M' 'M' 'U' 'M' 'A' 'U' 'M' 'M' 'M' 'U' 'M' 'M'
 'M' 'M' 'M' 'M' 'M' 'M' 'M' 'M' 'M' 'M' 'M' 'M' 'M' 'M' 'M' 'U' 'M' 'M'
 'U' 'M' 'M' 'M' 'M' 'M' 'M' 'M' 'M' 'M' 'M' 'U' 'M' 'M' 'M' 'M' 'M' 'U'
 'M' 'U' 'M' 'M' 'M' 'M' 'M' 'M' 'M' 'M' 'M' 'M' 'M' 'U' 'M' 'M' 'M' 'M']"
294301,0,168,2,166,30,0,0,"['A' 'M' 'U' 'M' 'M' 'M' 'M' 'M' 'M' 'M' 'M' 'U' 'M' 'M' 'M' 'M' 'U' 'U'
 'M' 'M' 'M' 'U' 'M' 'M' 'M' 'M' 'M' 'M' 'M' 'M' 'M' 'M' 'M' 'M' 'M' 'M'
 'M' 'U' 'U' 'M' 'M' 'U' 'M' 'M' 'M' 'M' 'M' 'U' 'M' 'M' 'M' 'U' 'M' 'U'
 'M' 'M' 'M' 'M' 'M' 'M' 'M' 'M' 'U' 'M' 'M' 'M' 'M' 'M' 'M' 'M' 'M' 'U'
 'M' 'M' 'M' 'U' 'M' 'M' 'M' 'M' 'U' 'M' 'M' 'M' 'M' 'M' 'U' 'M' 'U' 'M'
 'M' 'M' 'M' 'M' 'M' 'U' 'M' 'M' 'M' 'M' 'M' 'M' 'M' 'M' 'M' 'U' 'M' 'M'
 'M' 'M' 'M' 'U' 'M' 'M' 'M' 'M' 'U' 'M' 'M' 'M' 'M' 'U' 'M' 'M' 'M' 'M'
 'M' 'M' 'M' 'M' 'U' 'U' 'M' 'M' 'U' 'M' 'A' 'M' 'M' 'M' 'M' 'U' 'M' 'M'
 'M' 'M' 'M' 'M' 'M' 'M' 'M' 'M' 'M' 'M' 'M' 'M' 'M' 'M' 'M' 'M' 'M' 'M'
 'U' 'M' 'M' 'M' 'M' 'M' 'M' 'M' 'M' 'M' 'M' 'U' 'M' 'M' 'M' 'M' 'M' 'U'
 'M' 'M' 'M' 'M' 'M' 'M' 'M' 'M' 'M' 'M' 'M' 'M' 'M' 'U' 'M' 'M' 'M' 'M']"
294401,0,177,2,175,21,0,0,"['A' 'M' 'M' 'M' 'M' 'M' 'M' 'M' 'M' 'M' 'M' 'U' 'M' 'M' 'M' 'M' 'U' 'M'
 'M' 'M' 'M' 'U' 'M' 'M' 'M' 'M' 'M' 'M' 'M' 'M' 'M' 'M' 'M' 'M' 'M' 'M'
 'U' 'U' 'U' 'M' 'M' 'A' 'M' 'M' 'M' 'M' 'M' 'M' 'M' 'M' 'M' 'M' 'M' 'U'
 'M' 'M' 'M' 'U' 'M' 'M' 'M' 'M' 'U' 'M' 'M' 'U' 'M' 'M' 'M' 'M' 'M' 'M'
 'M' 'M' 'M' 'M' 'M' 'M' 'M' 'M' 'M' 'U' 'U' 'M' 'U' 'M' 'M' 'M' 'M' 'M'
 'M' 'U' 'M' 'M' 'M' 'M' 'M' 'M' 'M' 'M' 'M' 'M' 'M' 'M' 'M' 'M' 'M' 'M'
 'M' 'M' 'M' 'U' 'M' 'M' 'M' 'M' 'U' 'M' 'M' 'M' 'M' 'M' 'M' 'M' 'M' 'M'
 'M' 'M' 'M' 'M' 'M' 'U' 'M' 'M' 'U' 'M' 'U' 'M' 'M' 'M' 'M' 'M' 'M' 'M'
 'M' 'M' 'M' 'M' 'M' 'M' 'M' 'M' 'M' 'M' 'M' 'M' 'M' 'M' 'M' 'M' 'M' 'M'
 'M' 'M' 'M' 'M' 'M' 'M' 'M' 'M' 'M' 'M' 'M' 'U' 'M' 'M' 'M' 'M' 'M' 'M'
 'M' 'M' 'M' 'M' 'M' 'M' 'M' 'M' 'M' 'M' 'M' 'M' 'M' 'U' 'M' 'M' 'M' 'M']"
294501,0,171,2,169,27,0,0,"['A' 'M' 'M' 'M' 'M' 'M' 'M' 'M' 'M' 'M' 'M' 'U' 'M' 'M' 'M' 'M' 'U' 'U'
 'M' 'M' 'M' 'U' 'M' 'M' 'M' 'M' 'M' 'M' 'M' 'M' 'M' 'M' 'M' 'U' 'U' 'M'
 'M' 'U' 'M' 'M' 'M' 'A' 'M' 'M' 'M' 'M' 'M' 'M' 'M' 'M' 'M' 'M' 'M' 'U'
 'M' 'M' 'M' 'U' 'M' 'M' 'M' 'M' 'U' 'M' 'M' 'M' 'M' 'U' 'M' 'M' 'M' 'M'
 'M' 'M' 'M' 'M' 'M' 'M' 'M' 'M' 'M' 'M' 'M' 'U' 'M' 'M' 'M' 'U' 'M' 'U'
 'M' 'U' 'M' 'M' 'M' 'M' 'M' 'M' 'M' 'M' 'U' 'M' 'M' 'M' 'M' 'M' 'U' 'M'
 'M' 'M' 'M' 'M' 'M' 'M' 'M' 'M' 'U' 'M' 'M' 'M' 'M' 'M' 'M' 'M' 'M' 'M'
 'M' 'M' 'M' 'M' 'M' 'U' 'M' 'U' 'U' 'M' 'U' 'M' 'M' 'M' 'M' 'M' 'M' 'M'
 'M' 'M' 'M' 'M' 'M' 'M' 'M' 'M' 'M' 'M' 'M' 'M' 'M' 'M' 'M' 'M' 'M' 'M'
 'M' 'M' 'M' 'M' 'M' 'M' 'M' 'M' 'U' 'M' 'M' 'U' 'U' 'M' 'M' 'M' 'M' 'M'
 'M' 'M' 'M' 'M' 'M' 'M' 'M' 'M' 'U' 'M' 'M' 'M' 'M' 'U' 'M' 'M' 'M' 'M']"
294601,0,164,3,161,34,0,0,"['A' 'M' 'M' 'M' 'M' 'M' 'M' 'M' 'M' 'M' 'M' 'U' 'M' 'M' 'M' 'M' 'A' 'U'
 'M' 'M' 'M' 'M' 'M' 'M' 'M' 'M' 'M' 'M' 'M' 'M' 'M' 'M' 'M' 'U' 'U' 'M'
 'M' 'U' 'U' 'M' 'M' 'A' 'M' 'M' 'M' 'M' 'M' 'M' 'M' 'M' 'M' 'M' 'M' 'U'
 'M' 'M' 'M' 'U' 'M' 'U' 'M' 'U' 'U' 'M' 'M' 'M' 'M' 'M' 'M' 'M' 'M' 'M'
 'M' 'M' 'M' 'M' 'M' 'M' 'M' 'U' 'M' 'M' 'U' 'U' 'M' 'M' 'M' 'M' 'M' 'M'
 'M' 'M' 'U' 'M' 'U' 'M' 'M' 'M' 'M' 'M' 'U' 'U' 'M' 'M' 'M' 'M' 'U' 'M'
 'M' 'M' 'M' 'M' 'M' 'M' 'M' 'M' 'M' 'M' 'M' 'M' 'M' 'M' 'M' 'M' 'M' 'M'
 'M' 'M' 'M' 'M' 'M' 'U' 'M' 'U' 'U' 'M' 'U' 'M' 'M' 'M' 'M' 'M' 'M' 'M'
 'M' 'M' 'M' 'M' 'U' 'M' 'M' 'M' 'M' 'M' 'U' 'M' 'M' 'U' 'M' 'M' 'M' 'M'
 'M' 'M' 'M' 'M' 'M' 'M' 'U' 'M' 'U' 'U' 'U' 'U' 'U' 'M' 'M' 'M' 'M' 'M'
 'M' 'M' 'M' 'M' 'M' 'M' 'M' 'M' 'U' 'M' 'M' 'M' 'M' 'U' 'M' 'M' 'M' 'M']"
294701,0,169,2,167,29,0,1,"['A' 'M' 'M' 'M' 'M' 'M' 'M' 'M' 'M' 'M' 'M' 'U' 'M' 'M' 'M' 'M' 'U' 'U'
 'M' 'M' 'M' 'M' 'M' 'M' 'M' 'M' 'M' 'M' 'M' 'M' 'M' 'M' 'M' 'M' 'U' 'M'
 'U' 'M' 'M' 'U' 'M' 'A' 'M' 'M' 'M' 'M' 'M' 'M' 'M' 'M' 'M' 'M' 'M' 'M'
 'M' 'M' 'M' 'M' 'M' 'M' 'M' 'U' 'U' 'M' 'U' 'M' 'M' 'U' 'M' 'M' 'M' 'M'
 'M' 'U' 'M' 'M' 'M' 'U' 'M' 'M' 'M' 'M' 'M' 'M' 'M' 'M' 'M' 'U' 'M' 'M'
 'M' 'M' 'U' 'M' 'M' 'M' 'M' 'M' 'M' 'M' 'U' 'M' 'M' 'M' 'M' 'M' 'U' 'M'
 'M' 'M' 'M' 'M' 'U' 'M' 'M' 'M' 'M' 'M' 'M' 'M' 'U' 'M' 'M' 'M' 'M' 'M'
 'M' 'M' 'M' 'M' 'M' 'U' 'M' 'U' 'M' 'U' 'U' 'M' 'M' 'M' 'M' 'M' 'M' 'M'
 'M' 'M' 'M' 'M' 'M' 'M' 'M' 'M' 'M' 'M' 'U' 'M' 'M' 'M' 'M' 'U' 'M' 'M'
 'M' 'M' 'U' 'M' 'M' 'M' 'M' 'M' 'M' 'M' 'U' 'U' 'M' 'M' 'M' 'M' 'M' 'M'
 'M' 'M' 'M' 'M' 'M' 'M' 'M' 'M' 'U' 'M' 'M' 'M' 'M' 'U' 'M' 'M' 'M' 'M']"
294801,0,170,5,165,28,0,0,"['A' 'M' 'M' 'M' 'M' 'M' 'M' 'M' 'M' 'M' 'M' 'U' 'M' 'M' 'M' 'M' 'M' 'A'
 'U' 'M' 'M' 'M' 'M' 'U' 'M' 'U' 'M' 'M' 'M' 'M' 'M' 'M' 'M' 'M' 'U' 'M'
 'U' 'M' 'M' 'U' 'M' 'A' 'M' 'M' 'M' 'M' 'M' 'M' 'M' 'M' 'M' 'M' 'M' 'M'
 'M' 'M' 'M' 'M' 'M' 'M' 'M' 'A' 'U' 'M' 'M' 'M' 'M' 'M' 'M' 'M' 'M' 'M'
 'U' 'M' 'U' 'M' 'M' 'M' 'M' 'M' 'M' 'M' 'M' 'M' 'U' 'M' 'M' 'U' 'M' 'M'
 'M' 'M' 'U' 'M' 'M' 'M' 'M' 'M' 'M' 'M' 'U' 'M' 'M' 'M' 'M' 'M' 'U' 'M'
 'M' 'M' 'M' 'M' 'U' 'M' 'M' 'M' 'M' 'M' 'M' 'M' 'M' 'M' 'M' 'M' 'M' 'M'
 'M' 'M' 'M' 'M' 'M' 'M' 'U' 'U' 'U' 'M' 'U' 'U' 'M' 'M' 'M' 'M' 'M' 'M'
 'U' 'M' 'M' 'M' 'M' 'M' 'M' 'M' 'M' 'M' 'A' 'M' 'M' 'M' 'M' 'U' 'M' 'M'
 'M' 'M' 'U' 'M' 'M' 'M' 'M' 'M' 'M' 'M' 'U' 'M' 'M' 'M' 'M' 'M' 'M' 'M'
 'M' 'M' 'M' 'M' 'M' 'M' 'M' 'M' 'U' 'M' 'M' 'U' 'M' 'U' 'M' 'M' 'M' 'M']"
294901,0,165,2,163,33,0,0,"['A' 'M' 'M' 'M' 'M' 'M' 'M' 'M' 'M' 'M' 'M' 'U' 'M' 'M' 'M' 'M' 'M' 'U'
 'U' 'M' 'M' 'M' 'M' 'M' 'M' 'M' 'M' 'M' 'M' 'M' 'M' 'M' 'M' 'M' 'U' 'M'
 'U' 'M' 'M' 'U' 'M' 'A' 'M' 'M' 'M' 'M' 'M' 'M' 'M' 'M' 'M' 'M' 'M' 'M'
 'M' 'M' 'M' 'M' 'U' 'M' 'U' 'U' 'U' 'M' 'M' 'M' 'M' 'M' 'U' 'M' 'M' 'M'
 'M' 'U' 'M' 'U' 'M' 'M' 'M' 'M' 'U' 'M' 'M' 'M' 'M' 'M' 'M' 'M' 'M' 'U'
 'M' 'M' 'M' 'M' 'M' 'M' 'M' 'M' 'M' 'M' 'U' 'M' 'M' 'U' 'M' 'M' 'U' 'M'
 'M' 'M' 'M' 'M' 'U' 'M' 'M' 'M' 'M' 'M' 'M' 'M' 'M' 'M' 'M' 'U' 'M' 'M'
 'M' 'M' 'M' 'M' 'M' 'M' 'U' 'U' 'M' 'M' 'U' 'U' 'M' 'M' 'M' 'M' 'M' 'M'
 'U' 'M' 'M' 'M' 'M' 'M' 'M' 'M' 'M' 'M' 'U' 'M' 'M' 'M' 'M' 'U' 'M' 'M'
 'M' 'M' 'U' 'M' 'M' 'M' 'M' 'M' 'M' 'M' 'U' 'M' 'M' 'M' 'M' 'M' 'M' 'M'
 'U' 'M' 'M' 'M' 'M' 'M' 'M' 'M' 'U' 'M' 'M' 'U' 'M' 'U' 'M' 'M' 'M' 'M']"
295001,0,166,3,163,32,0,0,"['A' 'M' 'M' 'M' 'M' 'M' 'M' 'M' 'M' 'M' 'M' 'M' 'M' 'M' 'M' 'M' 'M' 'U'
 'U' 'M' 'M' 'M' 'M' 'M' 'M' 'M' 'M' 'M' 'M' 'M' 'M' 'M' 'M' 'M' 'U' 'M'
 'U' 'M' 'M' 'M' 'M' 'A' 'M' 'M' 'M' 'M' 'U' 'M' 'M' 'M' 'M' 'M' 'M' 'M'
 'M' 'M' 'M' 'M' 'U' 'M' 'U' 'U' 'U' 'M' 'M' 'M' 'M' 'M' 'M' 'M' 'M' 'M'
 'M' 'M' 'M' 'U' 'U' 'U' 'M' 'M' 'M' 'M' 'U' 'M' 'M' 'M' 'U' 'M' 'M' 'M'
 'M' 'M' 'M' 'M' 'M' 'M' 'M' 'M' 'M' 'M' 'U' 'M' 'M' 'U' 'M' 'M' 'U' 'M'
 'M' 'M' 'M' 'M' 'M' 'M' 'M' 'U' 'M' 'U' 'M' 'U' 'M' 'M' 'M' 'M' 'M' 'M'
 'M' 'M' 'M' 'U' 'M' 'M' 'U' 'M' 'M' 'M' 'U' 'A' 'M' 'M' 'M' 'M' 'M' 'M'
 'U' 'M' 'M' 'M' 'M' 'U' 'M' 'M' 'M' 'M' 'U' 'M' 'M' 'M' 'M' 'U' 'M' 'M'
 'M' 'M' 'U' 'M' 'M' 'M' 'M' 'M' 'M' 'M' 'M' 'M' 'M' 'M' 'M' 'M' 'M' 'M'
 'U' 'M' 'M' 'M' 'M' 'M' 'M' 'M' 'U' 'M' 'M' 'U' 'M' 'U' 'M' 'M' 'M' 'M']"
295101,0,165,4,161,33,0,0,"['A' 'M' 'M' 'M' 'M' 'M' 'U' 'M' 'M' 'M' 'M' 'M' 'M' 'M' 'M' 'M' 'M' 'U'
 'U' 'M' 'M' 'M' 'M' 'M' 'M' 'M' 'M' 'M' 'M' 'M' 'M' 'M' 'M' 'M' 'M' 'M'
 'U' 'U' 'M' 'M' 'M' 'U' 'M' 'M' 'M' 'M' 'M' 'M' 'M' 'M' 'M' 'M' 'M' 'M'
 'M' 'U' 'M' 'M' 'U' 'M' 'A' 'A' 'U' 'M' 'M' 'M' 'M' 'M' 'M' 'M' 'M' 'M'
 'M' 'M' 'M' 'M' 'M' 'M' 'M' 'M' 'M' 'M' 'U' 'M' 'U' 'U' 'M' 'M' 'M' 'M'
 'M' 'U' 'M' 'U' 'M' 'M' 'M' 'M' 'M' 'M' 'U' 'M' 'M' 'U' 'M' 'M' 'U' 'M'
 'M' 'M' 'M' 'M' 'M' 'M' 'M' 'U' 'M' 'M' 'M' 'U' 'M' 'M' 'M' 'M' 'M' 'M'
 'M' 'M' 'M' 'U' 'M' 'M' 'U' 'M' 'M' 'M' 'U' 'A' 'M' 'M' 'M' 'M' 'M' 'U'
 'U' 'M' 'M' 'M' 'M' 'U' 'M' 'M' 'M' 'M' 'U' 'M' 'M' 'M' 'M' 'M' 'M' 'M'
 'M' 'M' 'U' 'M' 'M' 'M' 'M' 'M' 'M' 'M' 'M' 'M' 'M' 'M' 'M' 'M' 'M' 'M'
 'U' 'M' 'M' 'M' 'M' 'U' 'M' 'M' 'U' 'M' 'U' 'U' 'M' 'U' 'M' 'M' 'M' 'M']"
295201,0,172,4,168,26,0,1,"['A' 'M' 'M' 'M' 'M' 'M' 'M' 'M' 'M' 'M' 'M' 'M' 'M' 'M' 'M' 'M' 'M' 'U'
 'M' 'M' 'M' 'M' 'M' 'M' 'M' 'M' 'M' 'M' 'M' 'U' 'M' 'M' 'U' 'M' 'M' 'M'
 'U' 'U' 'M' 'M' 'M' 'M' 'M' 'M' 'M' 'M' 'M' 'U' 'M' 'M' 'M' 'M' 'M' 'M'
 'U' 'U' 'M' 'M' 'M' 'M' 'A' 'A' 'M' 'M' 'M' 'M' 'M' 'M' 'M' 'U' 'M' 'U'
 'M' 'M' 'M' 'M' 'M' 'M' 'M' 'M' 'M' 'U' 'M' 'M' 'M' 'M' 'U' 'U' 'M' 'M'
 'M' 'M' 'M' 'M' 'M' 'M' 'M' 'M' 'M' 'M' 'U' 'M' 'M' 'M' 'M' 'M' 'U' 'M'
 'M' 'M' 'M' 'M' 'M' 'M' 'M' 'M' 'M' 'M' 'M' 'U' 'M' 'M' 'M' 'M' 'M' 'M'
 'M' 'M' 'M' 'M' 'M' 'M' 'M' 'M' 'M' 'M' 'U' 'A' 'M' 'M' 'M' 'M' 'M' 'U'
 'U' 'M' 'M' 'M' 'M' 'M' 'M' 'M' 'M' 'M' 'U' 'M' 'M' 'M' 'M' 'M' 'M' 'M'
 'M' 'M' 'U' 'M' 'M' 'M' 'U' 'M' 'M' 'M' 'M' 'M' 'M' 'M' 'M' 'M' 'M' 'M'
 'M' 'M' 'M' 'M' 'M' 'M' 'M' 'M' 'U' 'M' 'M' 'U' 'M' 'U' 'M' 'U' 'M' 'M']"
295301,0,169,2,167,29,0,0,"['A' 'U' 'M' 'M' 'M' 'M' 'M' 'M' 'M' 'M' 'M' 'M' 'M' 'M' 'M' 'M' 'M' 'U'
 'M' 'M' 'M' 'M' 'M' 'M' 'M' 'M' 'M' 'M' 'M' 'U' 'M' 'M' 'U' 'M' 'M' 'M'
 'U' 'U' 'M' 'M' 'M' 'M' 'M' 'M' 'M' 'M' 'M' 'U' 'M' 'M' 'M' 'M' 'M' 'M'
 'U' 'U' 'M' 'M' 'M' 'M' 'U' 'A' 'U' 'M' 'M' 'M' 'U' 'M' 'M' 'M' 'M' 'M'
 'M' 'M' 'U' 'M' 'M' 'U' 'M' 'M' 'M' 'M' 'M' 'M' 'U' 'M' 'M' 'M' 'M' 'M'
 'M' 'M' 'U' 'M' 'M' 'M' 'M' 'M' 'M' 'M' 'U' 'M' 'M' 'M' 'M' 'M' 'U' 'M'
 'M' 'M' 'M' 'M' 'M' 'M' 'M' 'M' 'M' 'M' 'M' 'M' 'M' 'M' 'M' 'M' 'M' 'M'
 'M' 'M' 'M' 'M' 'M' 'M' 'M' 'M' 'M' 'M' 'M' 'U' 'M' 'M' 'M' 'M' 'M' 'U'
 'U' 'U' 'M' 'M' 'M' 'M' 'M' 'U' 'M' 'M' 'U' 'M' 'M' 'M' 'M' 'M' 'M' 'M'
 'M' 'M' 'U' 'M' 'M' 'M' 'M' 'M' 'M' 'M' 'M' 'M' 'M' 'M' 'M' 'M' 'M' 'M'
 'M' 'M' 'M' 'U' 'M' 'M' 'M' 'M' 'U' 'M' 'M' 'M' 'M' 'U' 'M' 'U' 'M' 'M']"
295401,0,171,4,167,27,1,0,"['A' 'U' 'M' 'M' 'M' 'M' 'M' 'M' 'M' 'M' 'M' 'M' 'M' 'M' 'M' 'M' 'M' 'U'
 'M' 'M' 'M' 'M' 'M' 'M' 'M' 'M' 'M' 'M' 'M' 'U' 'M' 'M' 'U' 'M' 'M' 'M'
 'M' 'U' 'M' 'M' 'M' 'U' 'M' 'M' 'M' 'M' 'M' 'U' 'M' 'M' 'M' 'M' 'M' 'M'
 'U' 'U' 'M' 'M' 'M' 'M' 'U' 'U' 'M' 'M' 'M' 'M' 'M' 'U' 'M' 'M' 'M' 'M'
 'M' 'M' 'M' 'M' 'M' 'M' 'M' 'M' 'U' 'M' 'M' 'M' 'U' 'M' 'M' 'M' 'U' 'M'
 'M' 'M' 'U' 'M' 'M' 'M' 'M' 'M' 'M' 'M' 'A' 'M' 'M' 'M' 'M' 'M' 'U' 'M'
 'M' 'M' 'M' 'M' 'M' 'M' 'M' 'M' 'M' 'M' 'M' 'M' 'M' 'M' 'M' 'M' 'M' 'M'
 'M' 'M' 'M' 'M' 'M' 'M' 'M' 'M' 'M' 'M' 'U' 'A' 'M' 'M' 'M' 'M' 'M' 'U'
 'M' 'M' 'M' 'M' 'M' 'M' 'M' 'U' 'M' 'M' 'U' 'M' 'M' 'M' 'M' 'M' 'M' 'M'
 'M' 'M' 'U' 'M' 'M' 'M' 'M' 'M' 'M' 'U' 'M' 'M' 'M' 'U' 'M' 'M' 'M' 'M'
 'M' 'M' 'M' 'A' 'M' 'M' 'M' 'M' 'M' 'M' 'M' 'M' 'M' 'U' 'U' 'U' 'M' 'M']"
295501,0,171,5,166,27,0,0,"['A' 'U' 'M' 'M' 'M' 'M' 'U' 'M' 'M' 'M' 'U' 'M' 'U' 'M' 'M' 'M' 'M' 'M'
 'M' 'M' 'M' 'M' 'M' 'U' 'M' 'M' 'M' 'M' 'M' 'U' 'M' 'M' 'M' 'M' 'M' 'M'
 'M' 'M' 'M' 'M' 'M' 'U' 'M' 'M' 'M' 'M' 'M' 'M' 'M' 'M' 'M' 'M' 'M' 'M'
 'A' 'M' 'M' 'M' 'M' 'M' 'U' 'U' 'M' 'M' 'M' 'M' 'U' 'M' 'M' 'M' 'U' 'U'
 'M' 'M' 'M' 'U' 'M' 'M' 'M' 'M' 'M' 'M' 'M' 'M' 'U' 'M' 'M' 'M' 'M' 'M'
 'M' 'M' 'M' 'M' 'M' 'M' 'M' 'M' 'M' 'M' 'A' 'M' 'M' 'M' 'M' 'M' 'U' 'M'
 'M' 'M' 'M' 'M' 'M' 'M' 'M' 'M' 'M' 'M' 'M' 'M' 'M' 'M' 'M' 'M' 'M' 'M'
 'M' 'M' 'M' 'M' 'M' 'M' 'M' 'M' 'M' 'M' 'M' 'A' 'M' 'M' 'M' 'M' 'M' 'U'
 'M' 'M' 'M' 'U' 'U' 'M' 'M' 'U' 'M' 'M' 'U' 'M' 'M' 'M' 'M' 'M' 'M' 'M'
 'M' 'M' 'M' 'M' 'M' 'U' 'U' 'M' 'M' 'M' 'M' 'M' 'U' 'U' 'M' 'M' 'M' 'M'
 'M' 'M' 'M' 'A' 'M' 'M' 'M' 'U' 'M' 'M' 'M' 'M' 'M' 'U' 'U' 'M' 'M' 'M']"
295601,1,168,5,163,30,0,0,"['A' 'M' 'M' 'M' 'M' 'M' 'U' 'M' 'M' 'M' 'U' 'M' 'U' 'M' 'M' 'M' 'M' 'U'
 'M' 'M' 'M' 'M' 'M' 'U' 'M' 'M' 'M' 'M' 'M' 'U' 'M' 'M' 'M' 'M' 'M' 'M'
 'M' 'M' 'M' 'M' 'M' 'U' 'M' 'M' 'M' 'M' 'M' 'M' 'M' 'M' 'M' 'M' 'M' 'M'
 'A' 'M' 'M' 'M' 'U' 'M' 'U' 'U' 'M' 'M' 'M' 'M' 'M' 'M' 'U' 'M' 'U' 'M'
 'M' 'M' 'M' 'M' 'M' 'M' 'M' 'M' 'U' 'M' 'M' 'U' 'M' 'U' 'M' 'M' 'M' 'M'
 'M' 'M' 'M' 'M' 'M' 'M' 'M' 'M' 'M' 'M' 'A' 'M' 'U' 'M' 'M' 'M' 'U' 'M'
 'M' 'M' 'M' 'M' 'M' 'M' 'M' 'M' 'M' 'M' 'M' 'M' 'M' 'M' 'M' 'M' 'M' 'M'
 'M' 'M' 'M' 'M' 'U' 'U' 'M' 'M' 'M' 'M' 'M' 'A' 'M' 'M' 'M' 'M' 'M' 'U'
 'U' 'M' 'M' 'U' 'M' 'M' 'M' 'M' 'M' 'M' 'U' 'M' 'M' 'M' 'M' 'M' 'M' 'M'
 'M' 'M' 'M' 'M' 'M' 'U' 'U' 'M' 'M' 'M' 'M' 'M' 'U' 'U' 'M' 'M' 'M' 'M'
 'M' 'U' 'M' 'A' 'M' 'M' 'U' 'M' 'M' 'M' 'M' 'M' 'M' 'M' 'U' 'M' 'M' 'M']"
295701,0,157,7,150,41,1,0,"['A' 'M' 'M' 'M' 'M' 'M' 'U' 'M' 'M' 'M' 'U' 'M' 'U' 'M' 'M' 'M' 'M' 'U'
 'M' 'M' 'M' 'M' 'M' 'U' 'M' 'M' 'M' 'M' 'M' 'U' 'M' 'M' 'M' 'M' 'M' 'M'
 'M' 'U' 'M' 'M' 'M' 'U' 'M' 'M' 'M' 'M' 'U' 'M' 'M' 'M' 'M' 'M' 'M' 'M'
 'A' 'M' 'M' 'M' 'U' 'M' 'M' 'U' 'M' 'M' 'M' 'U' 'M' 'M' 'M' 'U' 'U' 'M'
 'M' 'M' 'M' 'M' 'M' 'M' 'M' 'M' 'M' 'M' 'M' 'M' 'M' 'M' 'M' 'M' 'M' 'U'
 'M' 'M' 'M' 'M' 'U' 'M' 'M' 'M' 'M' 'M' 'A' 'M' 'U' 'M' 'U' 'M' 'U' 'M'
 'M' 'M' 'M' 'M' 'M' 'M' 'U' 'M' 'M' 'M' 'M' 'M' 'M' 'U' 'M' 'U' 'U' 'M'
 'M' 'M' 'M' 'M' 'U' 'U' 'U' 'U' 'U' 'U' 'U' 'A' 'U' 'M' 'M' 'M' 'M' 'U'
 'U' 'M' 'M' 'U' 'M' 'M' 'M' 'M' 'M' 'M' 'U' 'M' 'M' 'M' 'M' 'M' 'M' 'M'
 'M' 'M' 'M' 'M' 'M' 'U' 'U' 'M' 'M' 'M' 'M' 'A' 'A' 'U' 'M' 'M' 'M' 'M'
 'M' 'M' 'M' 'A' 'M' 'M' 'U' 'M' 'M' 'M' 'M' 'M' 'U' 'M' 'U' 'M' 'M' 'M']"
295801,0,159,7,152,39,1,0,"['A' 'M' 'M' 'M' 'M' 'M' 'U' 'M' 'M' 'M' 'U' 'M' 'U' 'M' 'M' 'M' 'M' 'U'
 'M' 'M' 'M' 'M' 'M' 'U' 'M' 'M' 'M' 'M' 'M' 'A' 'M' 'M' 'M' 'M' 'M' 'M'
 'M' 'M' 'M' 'M' 'M' 'U' 'M' 'M' 'M' 'M' 'U' 'M' 'M' 'M' 'M' 'M' 'M' 'M'
 'U' 'M' 'M' 'M' 'U' 'M' 'M' 'U' 'M' 'M' 'U' 'M' 'U' 'M' 'M' 'M' 'M' 'M'
 'M' 'M' 'M' 'M' 'U' 'M' 'M' 'M' 'M' 'U' 'M' 'M' 'U' 'M' 'M' 'M' 'M' 'M'
 'M' 'U' 'M' 'M' 'M' 'M' 'M' 'M' 'M' 'M' 'A' 'M' 'U' 'M' 'M' 'M' 'U' 'M'
 'M' 'M' 'M' 'M' 'M' 'M' 'M' 'M' 'M' 'M' 'M' 'M' 'M' 'A' 'M' 'M' 'U' 'M'
 'M' 'M' 'M' 'M' 'U' 'U' 'U' 'U' 'U' 'U' 'U' 'U' 'U' 'M' 'M' 'M' 'M' 'U'
 'U' 'M' 'M' 'M' 'U' 'M' 'M' 'M' 'M' 'M' 'U' 'M' 'M' 'M' 'M' 'M' 'U' 'M'
 'M' 'M' 'M' 'M' 'M' 'U' 'U' 'M' 'M' 'M' 'M' 'A' 'A' 'U' 'M' 'M' 'M' 'M'
 'M' 'M' 'M' 'A' 'U' 'M' 'U' 'M' 'M' 'M' 'M' 'M' 'U' 'M' 'M' 'M' 'M' 'M']"
295901,0,163,7,156,35,0,0,"['A' 'M' 'M' 'M' 'M' 'M' 'M' 'M' 'M' 'M' 'U' 'M' 'U' 'M' 'M' 'M' 'M' 'U'
 'M' 'M' 'M' 'M' 'M' 'U' 'M' 'M' 'M' 'M' 'M' 'U' 'M' 'M' 'M' 'M' 'M' 'M'
 'M' 'M' 'M' 'M' 'M' 'U' 'M' 'M' 'M' 'M' 'U' 'M' 'M' 'M' 'M' 'M' 'M' 'M'
 'U' 'M' 'M' 'M' 'U' 'M' 'M' 'M' 'M' 'M' 'M' 'M' 'U' 'U' 'M' 'M' 'M' 'M'
 'U' 'M' 'M' 'M' 'M' 'M' 'M' 'M' 'M' 'M' 'M' 'M' 'U' 'U' 'M' 'M' 'M' 'M'
 'M' 'M' 'M' 'M' 'M' 'M' 'M' 'M' 'M' 'M' 'A' 'M' 'M' 'M' 'M' 'M' 'U' 'M'
 'M' 'M' 'M' 'M' 'M' 'M' 'M' 'M' 'M' 'M' 'M' 'M' 'M' 'A' 'M' 'M' 'M' 'M'
 'U' 'M' 'M' 'M' 'M' 'M' 'U' 'U' 'U' 'U' 'U' 'U' 'U' 'M' 'M' 'M' 'M' 'U'
 'U' 'M' 'M' 'M' 'A' 'M' 'M' 'U' 'M' 'M' 'M' 'M' 'M' 'M' 'M' 'M' 'U' 'M'
 'M' 'M' 'M' 'M' 'U' 'M' 'U' 'M' 'M' 'M' 'M' 'A' 'A' 'U' 'M' 'M' 'M' 'M'
 'M' 'M' 'U' 'A' 'U' 'M' 'U' 'U' 'M' 'M' 'M' 'M' 'U' 'M' 'M' 'M' 'M' 'M']"
296001,0,161,6,155,37,0,0,"['A' 'M' 'M' 'M' 'M' 'M' 'M' 'M' 'M' 'M' 'U' 'M' 'M' 'M' 'M' 'M' 'M' 'U'
 'M' 'M' 'M' 'M' 'M' 'U' 'M' 'M' 'M' 'M' 'M' 'U' 'M' 'M' 'M' 'M' 'M' 'M'
 'M' 'M' 'M' 'M' 'M' 'U' 'M' 'M' 'M' 'M' 'U' 'M' 'M' 'M' 'M' 'M' 'M' 'M'
 'U' 'M' 'M' 'M' 'U' 'M' 'M' 'M' 'M' 'M' 'M' 'M' 'U' 'M' 'M' 'M' 'M' 'M'
 'M' 'M' 'U' 'M' 'U' 'M' 'M' 'M' 'M' 'M' 'M' 'M' 'M' 'U' 'M' 'M' 'M' 'U'
 'M' 'M' 'M' 'M' 'M' 'M' 'M' 'M' 'M' 'M' 'M' 'M' 'M' 'M' 'M' 'U' 'U' 'M'
 'M' 'M' 'M' 'M' 'M' 'M' 'M' 'U' 'M' 'M' 'M' 'M' 'M' 'A' 'M' 'M' 'M' 'M'
 'U' 'M' 'M' 'M' 'M' 'M' 'U' 'U' 'U' 'U' 'U' 'U' 'U' 'M' 'M' 'M' 'M' 'U'
 'U' 'M' 'M' 'M' 'A' 'M' 'M' 'U' 'M' 'M' 'M' 'M' 'M' 'M' 'M' 'M' 'U' 'U'
 'M' 'M' 'M' 'M' 'U' 'M' 'U' 'M' 'M' 'M' 'M' 'A' 'A' 'U' 'U' 'M' 'M' 'M'
 'M' 'M' 'M' 'A' 'M' 'M' 'U' 'U' 'U' 'M' 'M' 'M' 'U' 'M' 'M' 'M' 'M' 'M']"
296101,0,170,5,165,28,0,0,"['A' 'M' 'M' 'M' 'M' 'M' 'M' 'M' 'M' 'M' 'M' 'M' 'M' 'M' 'M' 'M' 'M' 'M'
 'M' 'M' 'M' 'M' 'M' 'M' 'M' 'M' 'M' 'M' 'M' 'U' 'M' 'M' 'M' 'M' 'M' 'M'
 'M' 'M' 'M' 'M' 'M' 'U' 'M' 'M' 'M' 'M' 'U' 'M' 'U' 'M' 'M' 'M' 'M' 'M'
 'U' 'M' 'M' 'M' 'M' 'M' 'M' 'M' 'M' 'U' 'M' 'M' 'M' 'U' 'M' 'U' 'M' 'M'
 'M' 'M' 'M' 'U' 'M' 'M' 'U' 'M' 'U' 'M' 'M' 'M' 'M' 'M' 'M' 'M' 'M' 'M'
 'M' 'M' 'M' 'M' 'M' 'M' 'M' 'M' 'M' 'M' 'M' 'M' 'M' 'M' 'M' 'U' 'M' 'M'
 'M' 'M' 'M' 'M' 'M' 'M' 'M' 'U' 'M' 'M' 'M' 'M' 'M' 'U' 'M' 'M' 'M' 'M'
 'M' 'M' 'M' 'M' 'M' 'M' 'U' 'U' 'U' 'U' 'U' 'U' 'M' 'M' 'M' 'M' 'M' 'M'
 'U' 'M' 'M' 'M' 'A' 'M' 'M' 'M' 'M' 'M' 'M' 'M' 'M' 'M' 'M' 'M' 'U' 'A'
 'M' 'M' 'M' 'M' 'U' 'M' 'M' 'M' 'M' 'M' 'M' 'A' 'M' 'U' 'U' 'M' 'M' 'M'
 'M' 'M' 'M' 'A' 'M' 'M' 'U' 'M' 'M' 'M' 'M' 'M' 'U' 'M' 'M' 'U' 'M' 'M']"
296201,0,171,5,166,27,0,0,"['A' 'M' 'M' 'M' 'M' 'M' 'M' 'M' 'M' 'M' 'M' 'M' 'M' 'M' 'M' 'M' 'M' 'M'
 'U' 'M' 'M' 'M' 'M' 'U' 'M' 'M' 'M' 'M' 'M' 'U' 'M' 'M' 'M' 'M' 'M' 'M'
 'M' 'M' 'M' 'M' 'M' 'U' 'M' 'M' 'M' 'M' 'M' 'M' 'U' 'M' 'M' 'M' 'M' 'M'
 'U' 'M' 'M' 'M' 'M' 'M' 'M' 'M' 'M' 'U' 'M' 'M' 'U' 'M' 'M' 'M' 'M' 'M'
 'M' 'U' 'U' 'M' 'M' 'M' 'M' 'M' 'M' 'M' 'M' 'M' 'M' 'M' 'M' 'M' 'M' 'M'
 'M' 'M' 'U' 'U' 'M' 'M' 'M' 'M' 'M' 'M' 'M' 'M' 'M' 'M' 'M' 'U' 'M' 'M'
 'M' 'M' 'M' 'M' 'M' 'M' 'M' 'U' 'M' 'M' 'M' 'M' 'U' 'M' 'M' 'M' 'M' 'M'
 'M' 'M' 'M' 'M' 'M' 'M' 'U' 'M' 'U' 'U' 'U' 'M' 'M' 'U' 'M' 'M' 'M' 'M'
 'U' 'M' 'M' 'M' 'A' 'M' 'M' 'M' 'M' 'M' 'M' 'M' 'M' 'M' 'M' 'M' 'U' 'A'
 'M' 'M' 'M' 'M' 'M' 'M' 'M' 'M' 'M' 'M' 'M' 'A' 'M' 'M' 'U' 'M' 'M' 'M'
 'U' 'U' 'M' 'A' 'M' 'M' 'U' 'M' 'M' 'M' 'M' 'M' 'M' 'M' 'M' 'U' 'M' 'M']"
296301,0,163,4,159,35,1,0,"['A' 'M' 'M' 'M' 'M' 'M' 'M' 'M' 'M' 'M' 'M' 'M' 'M' 'M' 'M' 'M' 'U' 'M'
 'U' 'M' 'M' 'M' 'M' 'U' 'M' 'M' 'M' 'M' 'M' 'U' 'M' 'M' 'M' 'M' 'M' 'M'
 'M' 'A' 'M' 'M' 'M' 'U' 'M' 'M' 'M' 'M' 'U' 'M' 'U' 'M' 'M' 'M' 'M' 'M'
 'U' 'M' 'M' 'M' 'M' 'M' 'M' 'M' 'M' 'U' 'M' 'M' 'M' 'M' 'U' 'M' 'M' 'M'
 'M' 'M' 'M' 'M' 'M' 'M' 'M' 'M' 'U' 'M' 'M' 'M' 'U' 'M' 'M' 'M' 'M' 'U'
 'U' 'M' 'M' 'M' 'M' 'U' 'M' 'M' 'M' 'M' 'M' 'M' 'U' 'M' 'M' 'U' 'M' 'M'
 'M' 'M' 'M' 'U' 'M' 'M' 'M' 'U' 'M' 'M' 'M' 'M' 'U' 'M' 'M' 'M' 'M' 'M'
 'M' 'M' 'M' 'U' 'M' 'M' 'U' 'M' 'U' 'M' 'U' 'M' 'M' 'U' 'M' 'M' 'U' 'M'
 'U' 'M' 'M' 'M' 'A' 'M' 'M' 'M' 'M' 'M' 'M' 'M' 'M' 'M' 'M' 'M' 'U' 'U'
 'M' 'M' 'M' 'M' 'M' 'M' 'M' 'M' 'M' 'M' 'M' 'A' 'U' 'M' 'U' 'M' 'M' 'M'
 'U' 'U' 'M' 'M' 'M' 'M' 'M' 'M' 'U' 'M' 'M' 'M' 'M' 'M' 'M' 'U' 'M' 'M']"
296401,0,167,3,164,31,0,0,"['A' 'M' 'M' 'M' 'M' 'M' 'M' 'M' 'M' 'M' 'U' 'M' 'M' 'M' 'M' 'M' 'M' 'M'
 'U' 'M' 'U' 'M' 'M' 'U' 'M' 'M' 'M' 'M' 'M' 'M' 'M' 'M' 'M' 'M' 'M' 'M'
 'M' 'M' 'M' 'M' 'M' 'U' 'M' 'M' 'M' 'M' 'U' 'M' 'U' 'U' 'M' 'M' 'M' 'U'
 'M' 'M' 'M' 'M' 'M' 'M' 'M' 'M' 'M' 'U' 'M' 'M' 'M' 'M' 'M' 'M' 'U' 'M'
 'M' 'M' 'M' 'M' 'U' 'U' 'M' 'M' 'M' 'U' 'M' 'M' 'M' 'M' 'U' 'M' 'M' 'M'
 'M' 'M' 'M' 'M' 'M' 'M' 'M' 'U' 'M' 'M' 'M' 'U' 'M' 'M' 'M' 'M' 'M' 'M'
 'M' 'M' 'M' 'U' 'M' 'U' 'M' 'U' 'M' 'M' 'M' 'M' 'M' 'M' 'M' 'M' 'M' 'M'
 'M' 'M' 'M' 'U' 'M' 'M' 'U' 'M' 'M' 'M' 'M' 'M' 'M' 'M' 'M' 'M' 'U' 'M'
 'U' 'M' 'M' 'M' 'A' 'M' 'M' 'M' 'M' 'M' 'M' 'M' 'M' 'M' 'M' 'M' 'M' 'U'
 'M' 'M' 'M' 'M' 'M' 'M' 'U' 'M' 'M' 'M' 'M' 'A' 'U' 'M' 'U' 'M' 'M' 'M'
 'U' 'U' 'M' 'M' 'M' 'M' 'M' 'M' 'U' 'M' 'M' 'M' 'M' 'M' 'M' 'M' 'M' 'M']"
296501,0,171,4,167,27,0,0,"['A' 'M' 'M' 'M' 'M' 'M' 'M' 'M' 'M' 'M' 'U' 'M' 'M' 'M' 'M' 'M' 'M' 'M'
 'U' 'M' 'U' 'M' 'M' 'M' 'M' 'M' 'M' 'M' 'M' 'M' 'M' 'M' 'M' 'M' 'M' 'M'
 'M' 'M' 'M' 'M' 'M' 'M' 'M' 'M' 'M' 'M' 'U' 'M' 'U' 'U' 'M' 'M' 'M' 'M'
 'M' 'M' 'U' 'U' 'M' 'M' 'M' 'M' 'M' 'U' 'M' 'M' 'U' 'M' 'M' 'U' 'M' 'M'
 'M' 'M' 'M' 'U' 'M' 'M' 'M' 'M' 'M' 'M' 'M' 'M' 'M' 'U' 'M' 'M' 'M' 'M'
 'M' 'U' 'M' 'M' 'M' 'M' 'M' 'U' 'M' 'M' 'M' 'U' 'M' 'M' 'M' 'M' 'M' 'M'
 'M' 'M' 'M' 'M' 'U' 'U' 'M' 'U' 'M' 'M' 'M' 'M' 'M' 'M' 'M' 'M' 'M' 'M'
 'M' 'M' 'M' 'M' 'M' 'M' 'M' 'M' 'M' 'M' 'M' 'M' 'M' 'M' 'M' 'M' 'M' 'M'
 'U' 'M' 'M' 'M' 'A' 'M' 'M' 'M' 'M' 'M' 'M' 'M' 'M' 'M' 'M' 'M' 'M' 'U'
 'M' 'M' 'M' 'M' 'M' 'M' 'U' 'M' 'M' 'M' 'M' 'U' 'U' 'M' 'U' 'M' 'M' 'M'
 'A' 'U' 'M' 'M' 'M' 'M' 'M' 'M' 'A' 'M' 'M' 'M' 'M' 'U' 'M' 'M' 'M' 'M']"
296601,0,168,6,162,30,0,0,"['A' 'M' 'M' 'M' 'M' 'M' 'M' 'U' 'M' 'M' 'U' 'M' 'M' 'M' 'M' 'M' 'M' 'M'
 'U' 'M' 'A' 'M' 'M' 'M' 'M' 'M' 'M' 'M' 'M' 'M' 'M' 'M' 'M' 'M' 'M' 'M'
 'M' 'M' 'M' 'M' 'M' 'M' 'U' 'M' 'M' 'M' 'M' 'M' 'M' 'U' 'M' 'M' 'M' 'M'
 'M' 'M' 'U' 'U' 'M' 'M' 'M' 'M' 'M' 'U' 'M' 'M' 'M' 'M' 'M' 'M' 'M' 'M'
 'M' 'U' 'M' 'M' 'U' 'M' 'M' 'M' 'U' 'M' 'M' 'U' 'M' 'M' 'M' 'M' 'M' 'M'
 'M' 'M' 'U' 'M' 'M' 'M' 'M' 'U' 'M' 'M' 'M' 'U' 'M' 'M' 'M' 'M' 'M' 'M'
 'M' 'U' 'M' 'M' 'U' 'U' 'M' 'U' 'M' 'M' 'M' 'M' 'M' 'M' 'M' 'M' 'M' 'M'
 'M' 'M' 'M' 'M' 'M' 'M' 'M' 'M' 'M' 'M' 'M' 'M' 'M' 'M' 'M' 'M' 'M' 'U'
 'A' 'M' 'M' 'U' 'A' 'M' 'M' 'M' 'M' 'M' 'M' 'M' 'M' 'M' 'M' 'M' 'M' 'U'
 'M' 'M' 'M' 'M' 'M' 'U' 'U' 'M' 'M' 'M' 'M' 'U' 'U' 'M' 'U' 'M' 'M' 'M'
 'A' 'U' 'M' 'M' 'M' 'M' 'M' 'M' 'A' 'M' 'M' 'M' 'M' 'U' 'M' 'U' 'M' 'M']"
296701,0,161,5,156,37,0,0,"['A' 'M' 'M' 'M' 'M' 'M' 'M' 'U' 'M' 'M' 'U' 'M' 'M' 'M' 'M' 'M' 'M' 'M'
 'M' 'M' 'A' 'M' 'M' 'M' 'M' 'M' 'M' 'M' 'M' 'M' 'M' 'M' 'M' 'M' 'M' 'M'
 'M' 'U' 'M' 'M' 'M' 'M' 'U' 'M' 'M' 'M' 'M' 'M' 'M' 'U' 'M' 'M' 'M' 'M'
 'M' 'M' 'U' 'U' 'M' 'M' 'M' 'M' 'M' 'U' 'M' 'M' 'M' 'M' 'M' 'M' 'U' 'M'
 'U' 'M' 'M' 'M' 'M' 'M' 'M' 'M' 'M' 'M' 'M' 'M' 'M' 'M' 'M' 'U' 'M' 'M'
 'U' 'U' 'M' 'M' 'M' 'M' 'M' 'U' 'M' 'M' 'M' 'U' 'M' 'M' 'M' 'M' 'M' 'M'
 'M' 'U' 'M' 'M' 'U' 'U' 'M' 'M' 'M' 'U' 'M' 'M' 'M' 'M' 'M' 'M' 'M' 'M'
 'M' 'M' 'M' 'M' 'M' 'M' 'M' 'U' 'M' 'M' 'M' 'M' 'M' 'M' 'M' 'M' 'M' 'U'
 'A' 'M' 'M' 'U' 'A' 'M' 'M' 'M' 'U' 'M' 'U' 'M' 'M' 'M' 'M' 'U' 'U' 'U'
 'M' 'M' 'M' 'M' 'M' 'M' 'U' 'M' 'M' 'M' 'M' 'U' 'U' 'M' 'U' 'M' 'M' 'M'
 'A' 'U' 'M' 'M' 'M' 'M' 'M' 'M' 'U' 'M' 'U' 'M' 'U' 'U' 'M' 'U' 'M' 'M']"
296801,0,169,9,160,29,0,0,"['A' 'M' 'M' 'M' 'M' 'M' 'M' 'U' 'M' 'M' 'M' 'M' 'M' 'M' 'M' 'M' 'M' 'M'
 'M' 'M' 'A' 'M' 'M' 'M' 'M' 'M' 'M' 'M' 'M' 'M' 'M' 'M' 'U' 'M' 'M' 'M'
 'M' 'U' 'M' 'M' 'M' 'M' 'U' 'M' 'M' 'M' 'M' 'M' 'M' 'M' 'M' 'M' 'M' 'M'
 'M' 'M' 'M' 'U' 'M' 'M' 'M' 'M' 'M' 'U' 'M' 'M' 'M' 'M' 'M' 'M' 'M' 'U'
 'M' 'M' 'U' 'U' 'M' 'M' 'M' 'M' 'M' 'M' 'M' 'M' 'M' 'M' 'U' 'U' 'M' 'M'
 'M' 'M' 'M' 'M' 'M' 'M' 'M' 'U' 'M' 'M' 'A' 'U' 'M' 'M' 'M' 'M' 'M' 'M'
 'M' 'U' 'M' 'M' 'M' 'A' 'U' 'M' 'M' 'U' 'M' 'M' 'M' 'M' 'M' 'M' 'M' 'M'
 'M' 'M' 'M' 'M' 'M' 'U' 'M' 'M' 'M' 'M' 'M' 'M' 'M' 'U' 'M' 'M' 'M' 'U'
 'A' 'M' 'M' 'M' 'A' 'M' 'M' 'M' 'A' 'M' 'U' 'M' 'M' 'M' 'M' 'U' 'U' 'U'
 'M' 'U' 'M' 'M' 'M' 'M' 'M' 'M' 'M' 'M' 'M' 'M' 'M' 'M' 'A' 'M' 'M' 'M'
 'A' 'U' 'M' 'M' 'M' 'M' 'M' 'M' 'U' 'M' 'U' 'M' 'M' 'M' 'U' 'U' 'M' 'M']"
296901,0,169,7,162,29,0,0,"['A' 'M' 'M' 'M' 'M' 'M' 'M' 'U' 'M' 'M' 'M' 'M' 'M' 'M' 'M' 'M' 'M' 'M'
 'M' 'M' 'A' 'M' 'M' 'M' 'M' 'M' 'M' 'M' 'M' 'M' 'M' 'M' 'U' 'M' 'M' 'M'
 'M' 'U' 'M' 'M' 'M' 'M' 'U' 'M' 'M' 'M' 'M' 'M' 'M' 'M' 'M' 'M' 'M' 'M'
 'M' 'M' 'M' 'U' 'M' 'M' 'M' 'M' 'M' 'U' 'M' 'M' 'M' 'M' 'M' 'M' 'M' 'M'
 'M' 'M' 'U' 'U' 'M' 'M' 'M' 'M' 'M' 'M' 'M' 'M' 'U' 'M' 'U' 'M' 'M' 'U'
 'M' 'M' 'M' 'M' 'M' 'M' 'M' 'M' 'M' 'M' 'A' 'M' 'M' 'M' 'M' 'M' 'M' 'M'
 'M' 'U' 'M' 'M' 'M' 'U' 'M' 'M' 'M' 'M' 'M' 'U' 'U' 'M' 'M' 'M' 'U' 'M'
 'M' 'M' 'M' 'M' 'M' 'U' 'U' 'M' 'M' 'M' 'M' 'M' 'M' 'U' 'M' 'M' 'M' 'U'
 'A' 'M' 'M' 'M' 'A' 'M' 'M' 'M' 'A' 'U' 'M' 'M' 'M' 'M' 'M' 'U' 'U' 'U'
 'M' 'U' 'M' 'M' 'M' 'M' 'M' 'M' 'M' 'U' 'M' 'M' 'M' 'M' 'M' 'M' 'M' 'M'
 'A' 'M' 'M' 'M' 'M' 'M' 'M' 'M' 'U' 'M' 'U' 'M' 'M' 'M' 'U' 'M' 'M' 'M']"
297001,0,158,5,153,40,0,0,"['A' 'M' 'M' 'M' 'M' 'M' 'M' 'U' 'M' 'M' 'M' 'M' 'M' 'M' 'M' 'M' 'M' 'M'
 'U' 'M' 'A' 'M' 'M' 'U' 'M' 'M' 'M' 'U' 'M' 'M' 'M' 'M' 'U' 'M' 'M' 'M'
 'M' 'U' 'M' 'M' 'M' 'M' 'U' 'M' 'M' 'U' 'M' 'M' 'M' 'U' 'M' 'M' 'M' 'M'
 'M' 'M' 'M' 'U' 'M' 'M' 'M' 'M' 'U' 'U' 'M' 'M' 'M' 'M' 'M' 'U' 'M' 'M'
 'M' 'M' 'M' 'M' 'M' 'M' 'M' 'M' 'M' 'M' 'M' 'M' 'M' 'M' 'M' 'M' 'M' 'U'
 'U' 'M' 'U' 'U' 'M' 'M' 'M' 'M' 'M' 'M' 'U' 'M' 'M' 'M' 'M' 'M' 'M' 'M'
 'M' 'U' 'M' 'M' 'M' 'U' 'M' 'U' 'U' 'M' 'M' 'U' 'M' 'M' 'M' 'M' 'U' 'M'
 'M' 'M' 'M' 'M' 'M' 'M' 'U' 'M' 'M' 'M' 'M' 'M' 'U' 'U' 'M' 'M' 'M' 'U'
 'U' 'M' 'M' 'M' 'A' 'U' 'M' 'M' 'A' 'M' 'M' 'M' 'M' 'M' 'U' 'U' 'U' 'U'
 'M' 'U' 'M' 'M' 'M' 'M' 'M' 'M' 'M' 'M' 'M' 'M' 'U' 'M' 'M' 'M' 'M' 'U'
 'A' 'M' 'M' 'M' 'M' 'M' 'M' 'M' 'U' 'M' 'M' 'M' 'M' 'M' 'U' 'U' 'M' 'M']"
297101,0,157,4,153,41,0,0,"['A' 'M' 'M' 'M' 'M' 'M' 'M' 'U' 'M' 'M' 'M' 'M' 'M' 'M' 'M' 'M' 'M' 'M'
 'U' 'M' 'A' 'M' 'M' 'U' 'M' 'M' 'M' 'U' 'M' 'M' 'M' 'M' 'U' 'M' 'M' 'U'
 'M' 'U' 'M' 'M' 'M' 'M' 'U' 'M' 'M' 'U' 'M' 'U' 'M' 'U' 'M' 'U' 'M' 'M'
 'M' 'M' 'M' 'M' 'M' 'M' 'M' 'M' 'U' 'U' 'M' 'U' 'M' 'M' 'M' 'M' 'M' 'M'
 'M' 'M' 'M' 'M' 'M' 'M' 'M' 'M' 'U' 'M' 'M' 'M' 'M' 'M' 'M' 'U' 'U' 'M'
 'M' 'M' 'M' 'M' 'U' 'M' 'M' 'M' 'M' 'M' 'A' 'M' 'M' 'U' 'M' 'M' 'M' 'M'
 'U' 'U' 'M' 'M' 'M' 'U' 'M' 'U' 'U' 'M' 'M' 'M' 'M' 'M' 'M' 'M' 'U' 'M'
 'M' 'M' 'M' 'U' 'U' 'M' 'M' 'M' 'M' 'M' 'M' 'M' 'U' 'M' 'M' 'M' 'M' 'U'
 'U' 'M' 'M' 'M' 'A' 'M' 'M' 'M' 'U' 'M' 'M' 'M' 'M' 'M' 'U' 'M' 'U' 'U'
 'M' 'U' 'M' 'M' 'M' 'M' 'M' 'M' 'M' 'M' 'M' 'M' 'U' 'M' 'M' 'M' 'U' 'M'
 'U' 'M' 'M' 'M' 'M' 'M' 'M' 'M' 'U' 'M' 'M' 'M' 'M' 'M' 'M' 'U' 'M' 'M']"
297201,0,162,3,159,36,0,0,"['A' 'M' 'M' 'M' 'M' 'M' 'M' 'M' 'M' 'M' 'M' 'M' 'M' 'M' 'M' 'M' 'M' 'M'
 'M' 'M' 'U' 'M' 'M' 'U' 'M' 'M' 'M' 'U' 'M' 'M' 'M' 'U' 'M' 'M' 'M' 'U'
 'M' 'M' 'M' 'M' 'M' 'M' 'U' 'M' 'M' 'M' 'M' 'M' 'M' 'U' 'M' 'M' 'M' 'M'
 'M' 'M' 'M' 'M' 'M' 'M' 'M' 'M' 'U' 'M' 'M' 'M' 'M' 'M' 'M' 'M' 'U' 'M'
 'M' 'M' 'M' 'U' 'M' 'M' 'M' 'M' 'M' 'M' 'U' 'M' 'M' 'U' 'M' 'M' 'M' 'M'
 'U' 'M' 'M' 'M' 'M' 'M' 'M' 'M' 'M' 'M' 'A' 'M' 'M' 'M' 'U' 'U' 'M' 'U'
 'U' 'U' 'M' 'M' 'M' 'M' 'M' 'U' 'M' 'M' 'M' 'M' 'M' 'M' 'M' 'M' 'U' 'M'
 'M' 'M' 'M' 'M' 'U' 'M' 'M' 'M' 'M' 'M' 'M' 'M' 'M' 'M' 'M' 'M' 'M' 'U'
 'U' 'M' 'M' 'M' 'A' 'M' 'M' 'M' 'U' 'M' 'M' 'M' 'M' 'M' 'U' 'M' 'U' 'U'
 'M' 'U' 'M' 'U' 'M' 'M' 'M' 'M' 'M' 'M' 'M' 'M' 'U' 'M' 'M' 'U' 'U' 'M'
 'U' 'M' 'M' 'M' 'M' 'M' 'M' 'M' 'U' 'M' 'M' 'M' 'M' 'M' 'U' 'U' 'M' 'M']"
297301,0,162,2,160,36,0,0,"['A' 'M' 'M' 'M' 'M' 'M' 'M' 'M' 'M' 'M' 'M' 'M' 'M' 'M' 'M' 'M' 'M' 'M'
 'M' 'U' 'U' 'M' 'M' 'M' 'M' 'M' 'M' 'U' 'M' 'M' 'M' 'M' 'M' 'U' 'M' 'U'
 'M' 'M' 'M' 'M' 'M' 'U' 'U' 'M' 'M' 'M' 'M' 'M' 'M' 'M' 'M' 'M' 'M' 'M'
 'M' 'M' 'M' 'M' 'M' 'M' 'M' 'U' 'U' 'M' 'M' 'U' 'M' 'U' 'U' 'M' 'M' 'U'
 'M' 'M' 'M' 'M' 'M' 'M' 'M' 'M' 'M' 'M' 'M' 'M' 'M' 'M' 'M' 'M' 'M' 'M'
 'M' 'U' 'M' 'M' 'M' 'M' 'M' 'M' 'M' 'M' 'A' 'M' 'M' 'M' 'U' 'U' 'M' 'U'
 'U' 'U' 'M' 'M' 'M' 'M' 'M' 'U' 'M' 'U' 'M' 'M' 'M' 'M' 'M' 'M' 'U' 'M'
 'M' 'M' 'M' 'M' 'M' 'M' 'M' 'M' 'M' 'M' 'M' 'M' 'M' 'M' 'M' 'M' 'M' 'U'
 'U' 'M' 'M' 'M' 'U' 'M' 'M' 'M' 'U' 'M' 'M' 'M' 'M' 'M' 'U' 'U' 'U' 'M'
 'M' 'U' 'M' 'M' 'M' 'U' 'U' 'M' 'M' 'M' 'M' 'M' 'U' 'M' 'M' 'M' 'M' 'M'
 'U' 'M' 'M' 'M' 'M' 'M' 'M' 'M' 'M' 'M' 'M' 'M' 'M' 'M' 'U' 'U' 'M' 'M']"
297401,0,169,2,167,29,0,0,"['A' 'M' 'M' 'M' 'U' 'M' 'M' 'M' 'M' 'M' 'M' 'M' 'M' 'M' 'M' 'M' 'M' 'M'
 'M' 'U' 'M' 'M' 'M' 'M' 'M' 'M' 'M' 'M' 'M' 'M' 'M' 'M' 'M' 'U' 'M' 'U'
 'M' 'M' 'M' 'M' 'M' 'M' 'U' 'M' 'M' 'M' 'M' 'M' 'M' 'M' 'M' 'M' 'M' 'M'
 'M' 'M' 'M' 'M' 'M' 'M' 'M' 'U' 'U' 'M' 'M' 'M' 'M' 'M' 'M' 'M' 'M' 'U'
 'M' 'M' 'M' 'U' 'U' 'M' 'M' 'M' 'M' 'M' 'M' 'M' 'U' 'M' 'M' 'U' 'M' 'M'
 'M' 'M' 'M' 'M' 'M' 'M' 'M' 'M' 'M' 'M' 'A' 'M' 'M' 'M' 'U' 'U' 'M' 'U'
 'U' 'U' 'M' 'M' 'M' 'M' 'M' 'M' 'M' 'U' 'M' 'M' 'M' 'M' 'M' 'M' 'M' 'M'
 'M' 'M' 'M' 'M' 'M' 'M' 'M' 'M' 'M' 'M' 'M' 'M' 'M' 'M' 'M' 'M' 'M' 'U'
 'U' 'M' 'M' 'M' 'U' 'M' 'M' 'M' 'U' 'M' 'M' 'M' 'M' 'M' 'U' 'U' 'U' 'M'
 'M' 'M' 'M' 'M' 'M' 'M' 'M' 'M' 'M' 'M' 'M' 'U' 'U' 'M' 'M' 'M' 'M' 'M'
 'M' 'M' 'M' 'M' 'M' 'M' 'M' 'M' 'M' 'M' 'M' 'M' 'M' 'M' 'U' 'U' 'M' 'M']"
297501,0,168,3,165,30,0,0,"['A' 'M' 'M' 'M' 'M' 'M' 'M' 'M' 'M' 'M' 'M' 'M' 'M' 'M' 'U' 'M' 'M' 'M'
 'M' 'U' 'M' 'M' 'M' 'M' 'M' 'M' 'M' 'M' 'M' 'M' 'M' 'M' 'M' 'U' 'M' 'U'
 'M' 'M' 'M' 'M' 'M' 'M' 'A' 'M' 'M' 'M' 'M' 'M' 'M' 'M' 'M' 'M' 'U' 'M'
 'M' 'M' 'M' 'M' 'M' 'M' 'M' 'U' 'U' 'M' 'M' 'M' 'M' 'M' 'U' 'M' 'M' 'M'
 'M' 'M' 'M' 'M' 'M' 'M' 'M' 'M' 'M' 'U' 'M' 'M' 'M' 'M' 'M' 'U' 'M' 'M'
 'M' 'U' 'U' 'M' 'M' 'M' 'M' 'M' 'M' 'M' 'A' 'U' 'M' 'M' 'U' 'U' 'M' 'U'
 'U' 'U' 'M' 'M' 'M' 'M' 'M' 'M' 'M' 'U' 'M' 'M' 'M' 'M' 'M' 'M' 'M' 'M'
 'M' 'M' 'M' 'M' 'M' 'M' 'M' 'M' 'M' 'M' 'M' 'M' 'M' 'M' 'M' 'M' 'M' 'U'
 'U' 'M' 'M' 'M' 'U' 'M' 'M' 'M' 'U' 'M' 'M' 'M' 'M' 'M' 'U' 'U' 'U' 'M'
 'M' 'M' 'M' 'M' 'M' 'M' 'M' 'M' 'M' 'M' 'M' 'U' 'U' 'M' 'M' 'M' 'M' 'M'
 'M' 'M' 'M' 'M' 'M' 'M' 'M' 'M' 'M' 'M' 'M' 'M' 'M' 'M' 'U' 'U' 'M' 'M']"
297601,0,163,1,162,35,0,0,"['A' 'M' 'M' 'M' 'M' 'U' 'M' 'M' 'M' 'M' 'M' 'M' 'M' 'U' 'U' 'M' 'M' 'M'
 'M' 'U' 'M' 'M' 'M' 'M' 'M' 'M' 'M' 'M' 'M' 'M' 'M' 'M' 'U' 'U' 'M' 'U'
 'M' 'M' 'M' 'M' 'M' 'M' 'U' 'M' 'M' 'M' 'M' 'M' 'M' 'M' 'M' 'M' 'M' 'M'
 'M' 'M' 'M' 'M' 'M' 'M' 'M' 'U' 'U' 'M' 'M' 'M' 'M' 'M' 'M' 'M' 'M' 'M'
 'M' 'M' 'U' 'M' 'M' 'M' 'M' 'M' 'U' 'U' 'M' 'M' 'M' 'M' 'U' 'U' 'M' 'M'
 'M' 'M' 'M' 'M' 'M' 'M' 'M' 'M' 'U' 'M' 'U' 'U' 'M' 'M' 'M' 'U' 'M' 'M'
 'U' 'U' 'M' 'M' 'M' 'M' 'M' 'M' 'M' 'U' 'M' 'M' 'U' 'M' 'M' 'M' 'M' 'M'
 'M' 'M' 'M' 'M' 'M' 'M' 'M' 'M' 'M' 'U' 'M' 'M' 'M' 'M' 'M' 'M' 'M' 'M'
 'U' 'M' 'M' 'M' 'U' 'M' 'U' 'M' 'U' 'U' 'M' 'M' 'M' 'M' 'U' 'M' 'U' 'M'
 'M' 'M' 'M' 'M' 'M' 'M' 'M' 'M' 'M' 'M' 'M' 'U' 'U' 'M' 'M' 'M' 'M' 'M'
 'M' 'M' 'M' 'M' 'M' 'M' 'M' 'M' 'M' 'M' 'M' 'M' 'M' 'M' 'U' 'U' 'M' 'M']"
297701,0,163,1,162,35,0,0,"['A' 'M' 'M' 'M' 'M' 'U' 'M' 'M' 'M' 'M' 'M' 'M' 'M' 'U' 'U' 'M' 'M' 'M'
 'M' 'U' 'M' 'M' 'M' 'M' 'M' 'M' 'M' 'U' 'M' 'M' 'M' 'M' 'U' 'M' 'U' 'M'
 'M' 'M' 'M' 'M' 'M' 'M' 'U' 'M' 'M' 'M' 'M' 'M' 'M' 'M' 'M' 'M' 'M' 'M'
 'M' 'M' 'M' 'M' 'M' 'M' 'M' 'U' 'U' 'M' 'M' 'M' 'M' 'M' 'M' 'M' 'U' 'M'
 'M' 'U' 'M' 'M' 'M' 'U' 'M' 'M' 'M' 'M' 'M' 'M' 'M' 'M' 'U' 'M' 'M' 'M'
 'M' 'M' 'M' 'M' 'U' 'M' 'M' 'M' 'M' 'M' 'U' 'M' 'M' 'U' 'M' 'U' 'U' 'M'
 'U' 'M' 'M' 'M' 'M' 'M' 'M' 'M' 'M' 'U' 'M' 'M' 'U' 'M' 'M' 'M' 'M' 'U'
 'M' 'M' 'M' 'M' 'M' 'M' 'M' 'M' 'M' 'U' 'M' 'M' 'M' 'M' 'M' 'M' 'M' 'M'
 'U' 'M' 'M' 'M' 'U' 'M' 'M' 'M' 'U' 'U' 'M' 'M' 'M' 'M' 'U' 'M' 'U' 'M'
 'M' 'M' 'M' 'M' 'M' 'U' 'M' 'M' 'M' 'M' 'M' 'U' 'U' 'M' 'M' 'M' 'M' 'M'
 'M' 'M' 'M' 'M' 'M' 'U' 'M' 'M' 'U' 'M' 'M' 'M' 'M' 'M' 'M' 'M' 'M' 'M']"
297801,0,160,3,157,38,0,0,"['A' 'M' 'M' 'M' 'M' 'M' 'M' 'M' 'U' 'M' 'M' 'M' 'M' 'M' 'M' 'M' 'M' 'M'
 'M' 'M' 'M' 'M' 'M' 'M' 'M' 'M' 'M' 'U' 'M' 'M' 'M' 'M' 'U' 'M' 'U' 'M'
 'M' 'M' 'M' 'M' 'M' 'M' 'U' 'M' 'M' 'M' 'M' 'M' 'M' 'M' 'M' 'M' 'M' 'M'
 'M' 'M' 'M' 'M' 'M' 'M' 'M' 'A' 'U' 'M' 'M' 'M' 'M' 'M' 'M' 'M' 'M' 'M'
 'M' 'M' 'M' 'M' 'M' 'M' 'M' 'M' 'U' 'M' 'M' 'M' 'M' 'M' 'M' 'U' 'U' 'M'
 'U' 'M' 'M' 'U' 'M' 'M' 'M' 'M' 'M' 'M' 'M' 'M' 'M' 'U' 'M' 'U' 'U' 'M'
 'U' 'M' 'M' 'M' 'M' 'M' 'M' 'M' 'M' 'U' 'M' 'M' 'U' 'M' 'M' 'M' 'M' 'U'
 'M' 'M' 'M' 'U' 'M' 'U' 'U' 'U' 'U' 'U' 'U' 'U' 'U' 'M' 'M' 'M' 'M' 'M'
 'U' 'M' 'M' 'M' 'U' 'M' 'M' 'M' 'M' 'U' 'M' 'M' 'M' 'M' 'M' 'M' 'U' 'M'
 'M' 'U' 'U' 'M' 'M' 'U' 'M' 'M' 'M' 'M' 'M' 'U' 'U' 'M' 'M' 'M' 'U' 'M'
 'M' 'M' 'M' 'M' 'M' 'U' 'M' 'M' 'A' 'M' 'M' 'M' 'M' 'M' 'M' 'M' 'M' 'M']"
297901,0,159,2,157,39,0,0,"['A' 'M' 'M' 'M' 'M' 'M' 'M' 'M' 'U' 'M' 'M' 'M' 'M' 'M' 'M' 'M' 'M' 'M'
 'M' 'M' 'M' 'M' 'M' 'M' 'M' 'M' 'M' 'U' 'M' 'M' 'M' 'U' 'U' 'M' 'U' 'M'
 'M' 'M' 'M' 'M' 'M' 'M' 'M' 'M' 'M' 'M' 'M' 'M' 'M' 'M' 'M' 'M' 'M' 'M'
 'U' 'M' 'M' 'M' 'M' 'M' 'M' 'U' 'M' 'M' 'M' 'M' 'M' 'U' 'M' 'M' 'U' 'M'
 'U' 'M' 'M' 'M' 'M' 'M' 'M' 'M' 'M' 'M' 'M' 'U' 'M' 'M' 'M' 'M' 'M' 'M'
 'U' 'M' 'M' 'M' 'M' 'M' 'M' 'U' 'M' 'M' 'M' 'M' 'M' 'M' 'M' 'U' 'U' 'M'
 'U' 'M' 'U' 'M' 'M' 'M' 'M' 'M' 'M' 'U' 'U' 'M' 'U' 'M' 'M' 'M' 'M' 'U'
 'M' 'M' 'M' 'M' 'M' 'U' 'U' 'U' 'M' 'M' 'U' 'U' 'M' 'M' 'M' 'M' 'M' 'M'
 'U' 'M' 'M' 'M' 'U' 'M' 'M' 'M' 'M' 'U' 'M' 'M' 'M' 'M' 'M' 'M' 'U' 'M'
 'M' 'U' 'U' 'U' 'M' 'U' 'M' 'M' 'M' 'U' 'M' 'U' 'M' 'M' 'M' 'M' 'U' 'M'
 'M' 'M' 'M' 'U' 'M' 'U' 'M' 'M' 'A' 'M' 'M' 'M' 'M' 'M' 'M' 'M' 'M' 'M']"
298001,0,157,1,156,41,0,0,"['A' 'M' 'M' 'M' 'M' 'M' 'U' 'M' 'M' 'M' 'M' 'U' 'M' 'M' 'U' 'M' 'U' 'M'
 'M' 'M' 'M' 'M' 'M' 'M' 'M' 'M' 'M' 'U' 'M' 'M' 'M' 'U' 'M' 'M' 'U' 'M'
 'M' 'M' 'M' 'M' 'M' 'M' 'M' 'M' 'M' 'M' 'U' 'M' 'M' 'M' 'M' 'M' 'M' 'M'
 'U' 'M' 'M' 'M' 'M' 'M' 'M' 'U' 'M' 'M' 'M' 'U' 'M' 'M' 'M' 'M' 'M' 'M'
 'M' 'U' 'M' 'M' 'M' 'M' 'M' 'M' 'M' 'M' 'M' 'M' 'U' 'M' 'U' 'M' 'M' 'M'
 'M' 'M' 'U' 'M' 'M' 'M' 'M' 'U' 'M' 'M' 'M' 'M' 'M' 'M' 'M' 'M' 'U' 'M'
 'U' 'M' 'U' 'M' 'M' 'M' 'M' 'M' 'M' 'U' 'U' 'M' 'M' 'M' 'M' 'M' 'U' 'U'
 'M' 'M' 'M' 'M' 'M' 'M' 'U' 'U' 'M' 'M' 'U' 'M' 'M' 'M' 'M' 'M' 'U' 'M'
 'U' 'M' 'U' 'M' 'M' 'U' 'M' 'M' 'M' 'M' 'M' 'M' 'M' 'M' 'M' 'M' 'U' 'M'
 'M' 'U' 'U' 'U' 'M' 'U' 'M' 'M' 'M' 'M' 'U' 'U' 'M' 'M' 'M' 'M' 'U' 'M'
 'M' 'M' 'M' 'U' 'M' 'U' 'M' 'M' 'U' 'M' 'M' 'M' 'M' 'M' 'M' 'M' 'M' 'M']"
298101,1,156,2,154,42,0,1,"['A' 'M' 'M' 'M' 'M' 'M' 'U' 'U' 'M' 'M' 'M' 'M' 'M' 'M' 'U' 'M' 'U' 'M'
 'U' 'M' 'M' 'M' 'M' 'M' 'M' 'M' 'U' 'U' 'M' 'M' 'M' 'U' 'M' 'M' 'U' 'M'
 'M' 'M' 'M' 'M' 'M' 'M' 'M' 'M' 'M' 'M' 'U' 'M' 'M' 'M' 'M' 'M' 'M' 'M'
 'U' 'M' 'M' 'M' 'M' 'M' 'M' 'U' 'U' 'M' 'M' 'M' 'M' 'M' 'M' 'M' 'U' 'M'
 'M' 'M' 'M' 'M' 'M' 'M' 'M' 'U' 'M' 'M' 'U' 'M' 'U' 'M' 'M' 'M' 'M' 'M'
 'M' 'M' 'M' 'U' 'M' 'M' 'M' 'M' 'M' 'M' 'M' 'M' 'M' 'M' 'M' 'M' 'U' 'U'
 'M' 'M' 'U' 'M' 'M' 'M' 'M' 'M' 'M' 'M' 'U' 'M' 'M' 'M' 'M' 'M' 'U' 'U'
 'M' 'M' 'M' 'M' 'M' 'U' 'U' 'U' 'U' 'U' 'U' 'U' 'U' 'M' 'M' 'M' 'U' 'M'
 'M' 'M' 'U' 'M' 'M' 'A' 'M' 'M' 'M' 'M' 'M' 'M' 'M' 'M' 'M' 'M' 'U' 'M'
 'M' 'M' 'M' 'M' 'M' 'U' 'M' 'M' 'M' 'M' 'U' 'U' 'M' 'M' 'M' 'M' 'U' 'M'
 'M' 'M' 'M' 'U' 'U' 'M' 'M' 'M' 'U' 'M' 'M' 'M' 'M' 'M' 'M' 'M' 'M' 'M']"
298201,0,160,1,159,38,0,0,"['A' 'M' 'M' 'M' 'M' 'M' 'U' 'M' 'U' 'M' 'M' 'M' 'M' 'M' 'U' 'U' 'U' 'M'
 'M' 'M' 'M' 'M' 'M' 'M' 'M' 'M' 'U' 'U' 'M' 'M' 'M' 'U' 'M' 'M' 'U' 'M'
 'M' 'M' 'M' 'M' 'M' 'M' 'M' 'M' 'M' 'M' 'U' 'M' 'M' 'U' 'M' 'M' 'M' 'M'
 'U' 'M' 'M' 'M' 'M' 'M' 'M' 'U' 'M' 'M' 'M' 'M' 'M' 'M' 'M' 'M' 'U' 'M'
 'M' 'M' 'M' 'M' 'U' 'M' 'U' 'M' 'M' 'M' 'M' 'M' 'M' 'M' 'M' 'M' 'M' 'M'
 'U' 'M' 'M' 'M' 'U' 'M' 'M' 'M' 'M' 'M' 'M' 'M' 'M' 'M' 'M' 'M' 'U' 'M'
 'M' 'M' 'U' 'U' 'M' 'M' 'M' 'M' 'M' 'M' 'U' 'M' 'M' 'M' 'M' 'M' 'U' 'M'
 'M' 'M' 'M' 'M' 'M' 'U' 'M' 'M' 'U' 'U' 'U' 'U' 'U' 'M' 'M' 'M' 'U' 'M'
 'M' 'M' 'U' 'M' 'M' 'U' 'M' 'M' 'M' 'M' 'M' 'M' 'M' 'M' 'M' 'M' 'M' 'M'
 'M' 'M' 'M' 'M' 'M' 'U' 'M' 'M' 'M' 'M' 'U' 'M' 'M' 'M' 'M' 'M' 'U' 'M'
 'M' 'M' 'M' 'U' 'M' 'M' 'M' 'U' 'U' 'M' 'M' 'M' 'M' 'M' 'M' 'M' 'M' 'M']"
298301,0,160,1,159,38,0,0,"['A' 'M' 'M' 'M' 'M' 'M' 'U' 'M' 'U' 'M' 'M' 'M' 'U' 'M' 'U' 'U' 'U' 'M'
 'M' 'M' 'M' 'M' 'M' 'M' 'M' 'M' 'U' 'U' 'M' 'M' 'M' 'M' 'M' 'M' 'U' 'M'
 'M' 'M' 'M' 'M' 'M' 'M' 'M' 'M' 'M' 'M' 'U' 'M' 'M' 'U' 'M' 'M' 'M' 'M'
 'M' 'M' 'M' 'M' 'M' 'M' 'M' 'M' 'M' 'U' 'M' 'M' 'M' 'M' 'M' 'M' 'M' 'M'
 'U' 'M' 'M' 'M' 'M' 'M' 'M' 'U' 'M' 'M' 'U' 'M' 'M' 'M' 'M' 'U' 'M' 'M'
 'M' 'M' 'U' 'M' 'M' 'M' 'M' 'M' 'M' 'M' 'M' 'M' 'M' 'M' 'M' 'M' 'M' 'M'
 'M' 'M' 'U' 'U' 'M' 'M' 'M' 'M' 'M' 'M' 'M' 'M' 'M' 'M' 'M' 'M' 'U' 'M'
 'M' 'M' 'M' 'U' 'M' 'U' 'M' 'M' 'U' 'U' 'U' 'M' 'M' 'U' 'U' 'M' 'U' 'M'
 'M' 'M' 'U' 'M' 'M' 'U' 'M' 'M' 'M' 'M' 'M' 'M' 'M' 'M' 'M' 'U' 'M' 'M'
 'U' 'M' 'M' 'M' 'M' 'U' 'M' 'M' 'U' 'M' 'U' 'M' 'M' 'M' 'M' 'M' 'M' 'M'
 'U' 'M' 'M' 'U' 'M' 'M' 'M' 'U' 'M' 'M' 'M' 'M' 'M' 'M' 'M' 'M' 'M' 'M']"
298401,0,168,1,167,30,0,0,"['A' 'M' 'M' 'M' 'M' 'M' 'U' 'M' 'U' 'M' 'M' 'M' 'U' 'M' 'M' 'U' 'U' 'M'
 'M' 'M' 'M' 'M' 'M' 'M' 'M' 'M' 'M' 'U' 'M' 'M' 'M' 'M' 'M' 'M' 'M' 'M'
 'M' 'M' 'M' 'M' 'M' 'M' 'M' 'M' 'M' 'M' 'U' 'M' 'M' 'U' 'M' 'M' 'M' 'M'
 'M' 'M' 'M' 'M' 'M' 'M' 'M' 'M' 'M' 'U' 'M' 'M' 'M' 'M' 'U' 'M' 'M' 'M'
 'M' 'M' 'M' 'U' 'M' 'M' 'M' 'M' 'M' 'M' 'M' 'U' 'M' 'M' 'M' 'M' 'M' 'U'
 'M' 'M' 'M' 'U' 'M' 'M' 'M' 'M' 'M' 'M' 'M' 'M' 'M' 'M' 'M' 'M' 'M' 'M'
 'M' 'M' 'U' 'U' 'U' 'M' 'M' 'M' 'M' 'M' 'M' 'M' 'M' 'M' 'M' 'M' 'U' 'M'
 'M' 'M' 'M' 'U' 'M' 'M' 'M' 'M' 'U' 'M' 'U' 'M' 'M' 'U' 'U' 'M' 'M' 'M'
 'M' 'M' 'M' 'M' 'M' 'M' 'M' 'M' 'U' 'M' 'M' 'M' 'M' 'M' 'M' 'U' 'M' 'M'
 'M' 'M' 'M' 'M' 'M' 'U' 'M' 'M' 'U' 'M' 'M' 'M' 'M' 'M' 'M' 'M' 'M' 'M'
 'U' 'M' 'M' 'U' 'M' 'M' 'M' 'U' 'M' 'M' 'M' 'M' 'M' 'M' 'M' 'M' 'M' 'M']"
298501,0,173,1,172,25,0,0,"['A' 'M' 'M' 'M' 'M' 'M' 'U' 'M' 'M' 'M' 'M' 'M' 'U' 'M' 'M' 'U' 'U' 'M'
 'M' 'M' 'M' 'M' 'M' 'M' 'M' 'M' 'M' 'M' 'M' 'M' 'M' 'M' 'M' 'M' 'M' 'M'
 'M' 'M' 'M' 'U' 'M' 'M' 'M' 'M' 'M' 'M' 'M' 'M' 'M' 'U' 'M' 'M' 'M' 'M'
 'M' 'M' 'M' 'M' 'M' 'M' 'M' 'M' 'M' 'M' 'M' 'M' 'M' 'U' 'M' 'M' 'M' 'M'
 'M' 'M' 'M' 'U' 'M' 'U' 'M' 'M' 'U' 'M' 'M' 'M' 'M' 'M' 'M' 'M' 'M' 'M'
 'U' 'M' 'M' 'M' 'M' 'M' 'M' 'M' 'U' 'M' 'M' 'M' 'M' 'M' 'U' 'M' 'M' 'M'
 'M' 'M' 'U' 'M' 'U' 'M' 'M' 'M' 'M' 'M' 'M' 'U' 'M' 'M' 'M' 'M' 'M' 'M'
 'M' 'M' 'M' 'U' 'M' 'M' 'M' 'M' 'U' 'M' 'U' 'M' 'M' 'M' 'U' 'M' 'M' 'M'
 'M' 'M' 'M' 'M' 'U' 'M' 'M' 'M' 'U' 'M' 'M' 'M' 'M' 'M' 'M' 'M' 'M' 'M'
 'M' 'M' 'M' 'M' 'U' 'U' 'M' 'M' 'M' 'M' 'M' 'M' 'M' 'M' 'M' 'M' 'M' 'M'
 'M' 'M' 'M' 'M' 'M' 'M' 'M' 'U' 'M' 'M' 'M' 'M' 'M' 'M' 'M' 'M' 'M' 'M']"
298601,0,167,1,166,31,0,0,"['A' 'M' 'M' 'M' 'M' 'M' 'U' 'M' 'M' 'M' 'M' 'M' 'M' 'M' 'M' 'U' 'U' 'M'
 'M' 'M' 'M' 'M' 'M' 'M' 'M' 'M' 'M' 'M' 'M' 'M' 'M' 'M' 'M' 'M' 'M' 'M'
 'M' 'M' 'M' 'U' 'M' 'M' 'M' 'M' 'M' 'U' 'U' 'M' 'M' 'U' 'M' 'M' 'M' 'M'
 'M' 'M' 'M' 'M' 'M' 'M' 'M' 'M' 'M' 'M' 'M' 'M' 'M' 'M' 'U' 'M' 'M' 'M'
 'M' 'M' 'M' 'M' 'M' 'M' 'M' 'M' 'M' 'M' 'M' 'M' 'U' 'M' 'M' 'M' 'M' 'M'
 'M' 'U' 'U' 'U' 'M' 'M' 'M' 'M' 'U' 'M' 'M' 'M' 'M' 'M' 'U' 'M' 'M' 'M'
 'M' 'M' 'U' 'M' 'U' 'U' 'M' 'M' 'M' 'M' 'M' 'U' 'M' 'M' 'M' 'M' 'M' 'M'
 'U' 'M' 'M' 'U' 'M' 'M' 'U' 'M' 'U' 'M' 'M' 'M' 'M' 'M' 'M' 'M' 'M' 'M'
 'M' 'U' 'M' 'M' 'M' 'M' 'M' 'M' 'U' 'M' 'M' 'M' 'M' 'M' 'U' 'M' 'M' 'M'
 'M' 'M' 'U' 'M' 'M' 'U' 'U' 'M' 'M' 'M' 'M' 'M' 'M' 'M' 'U' 'M' 'U' 'M'
 'M' 'M' 'M' 'M' 'M' 'M' 'M' 'U' 'M' 'M' 'M' 'M' 'M' 'M' 'M' 'M' 'M' 'M']"
298701,0,165,1,164,33,0,0,"['A' 'M' 'M' 'M' 'M' 'M' 'U' 'U' 'M' 'M' 'M' 'M' 'M' 'M' 'M' 'M' 'U' 'M'
 'M' 'M' 'M' 'M' 'M' 'M' 'M' 'M' 'U' 'M' 'M' 'M' 'M' 'M' 'M' 'M' 'M' 'M'
 'M' 'M' 'M' 'U' 'M' 'M' 'M' 'M' 'M' 'U' 'U' 'M' 'M' 'U' 'M' 'M' 'M' 'M'
 'U' 'M' 'M' 'M' 'M' 'M' 'M' 'M' 'M' 'M' 'M' 'U' 'U' 'U' 'M' 'M' 'M' 'M'
 'M' 'M' 'M' 'M' 'U' 'M' 'M' 'M' 'M' 'M' 'M' 'M' 'M' 'M' 'M' 'M' 'M' 'M'
 'U' 'M' 'M' 'M' 'M' 'U' 'M' 'M' 'U' 'M' 'M' 'M' 'M' 'M' 'U' 'M' 'M' 'M'
 'M' 'M' 'U' 'M' 'M' 'U' 'M' 'M' 'M' 'M' 'M' 'U' 'M' 'M' 'M' 'M' 'M' 'M'
 'U' 'M' 'M' 'M' 'M' 'M' 'U' 'M' 'U' 'M' 'M' 'M' 'M' 'M' 'M' 'M' 'M' 'M'
 'M' 'U' 'M' 'M' 'M' 'M' 'M' 'M' 'U' 'M' 'M' 'M' 'M' 'M' 'U' 'M' 'M' 'M'
 'U' 'M' 'M' 'M' 'M' 'U' 'U' 'U' 'M' 'M' 'M' 'M' 'M' 'M' 'M' 'M' 'U' 'M'
 'M' 'M' 'M' 'M' 'M' 'M' 'M' 'U' 'M' 'M' 'M' 'M' 'M' 'M' 'M' 'U' 'M' 'M']"
298801,0,164,1,163,34,0,0,"['A' 'M' 'M' 'M' 'M' 'M' 'M' 'U' 'M' 'M' 'M' 'M' 'M' 'M' 'M' 'M' 'U' 'M'
 'M' 'M' 'M' 'M' 'M' 'M' 'M' 'M' 'U' 'M' 'M' 'M' 'M' 'M' 'U' 'M' 'M' 'M'
 'M' 'M' 'M' 'U' 'M' 'U' 'M' 'M' 'M' 'U' 'U' 'M' 'M' 'M' 'M' 'M' 'M' 'M'
 'M' 'M' 'M' 'U' 'M' 'M' 'M' 'M' 'M' 'M' 'U' 'U' 'M' 'M' 'M' 'U' 'M' 'U'
 'M' 'M' 'M' 'M' 'M' 'M' 'M' 'M' 'M' 'M' 'M' 'M' 'M' 'U' 'M' 'M' 'U' 'M'
 'M' 'M' 'M' 'M' 'M' 'U' 'M' 'M' 'U' 'M' 'M' 'M' 'M' 'M' 'M' 'M' 'M' 'M'
 'M' 'M' 'M' 'M' 'M' 'M' 'M' 'M' 'M' 'M' 'M' 'U' 'U' 'M' 'M' 'M' 'M' 'M'
 'M' 'M' 'M' 'M' 'M' 'M' 'U' 'M' 'U' 'M' 'M' 'M' 'M' 'M' 'M' 'M' 'U' 'M'
 'M' 'U' 'M' 'M' 'M' 'M' 'M' 'U' 'U' 'M' 'M' 'M' 'M' 'M' 'M' 'M' 'M' 'M'
 'U' 'M' 'M' 'M' 'M' 'U' 'M' 'M' 'M' 'M' 'M' 'M' 'M' 'M' 'U' 'M' 'U' 'M'
 'M' 'M' 'U' 'M' 'U' 'M' 'M' 'U' 'M' 'M' 'M' 'M' 'M' 'M' 'M' 'U' 'M' 'U']"
298901,0,166,3,163,32,1,0,"['A' 'M' 'M' 'M' 'M' 'M' 'M' 'U' 'M' 'U' 'M' 'M' 'M' 'M' 'M' 'M' 'U' 'M'
 'M' 'M' 'M' 'M' 'M' 'M' 'M' 'M' 'U' 'M' 'M' 'M' 'M' 'M' 'U' 'M' 'M' 'M'
 'M' 'M' 'M' 'M' 'M' 'U' 'M' 'M' 'M' 'U' 'A' 'M' 'M' 'M' 'M' 'M' 'M' 'M'
 'M' 'M' 'M' 'U' 'M' 'M' 'U' 'M' 'M' 'M' 'U' 'U' 'M' 'M' 'M' 'M' 'M' 'M'
 'M' 'M' 'U' 'M' 'M' 'M' 'M' 'M' 'M' 'M' 'M' 'M' 'M' 'M' 'M' 'U' 'U' 'M'
 'M' 'M' 'M' 'M' 'U' 'U' 'M' 'M' 'U' 'M' 'M' 'M' 'M' 'M' 'M' 'M' 'M' 'U'
 'U' 'M' 'M' 'M' 'M' 'M' 'M' 'M' 'M' 'M' 'M' 'A' 'M' 'M' 'M' 'M' 'M' 'M'
 'M' 'M' 'M' 'M' 'M' 'M' 'M' 'M' 'U' 'M' 'M' 'M' 'M' 'M' 'U' 'M' 'U' 'M'
 'U' 'M' 'M' 'M' 'M' 'M' 'M' 'U' 'U' 'M' 'M' 'M' 'M' 'M' 'M' 'M' 'M' 'M'
 'U' 'M' 'U' 'M' 'M' 'M' 'M' 'M' 'M' 'M' 'M' 'M' 'M' 'M' 'U' 'U' 'U' 'M'
 'M' 'M' 'M' 'M' 'U' 'M' 'M' 'M' 'M' 'M' 'M' 'M' 'M' 'M' 'M' 'U' 'M' 'M']"
299001,0,166,3,163,32,0,0,"['A' 'M' 'U' 'M' 'M' 'M' 'M' 'U' 'M' 'U' 'M' 'M' 'M' 'M' 'M' 'M' 'M' 'M'
 'M' 'M' 'U' 'M' 'M' 'M' 'M' 'M' 'U' 'M' 'M' 'M' 'M' 'M' 'U' 'M' 'M' 'M'
 'M' 'M' 'M' 'M' 'M' 'U' 'U' 'M' 'M' 'U' 'A' 'M' 'M' 'M' 'M' 'M' 'M' 'M'
 'M' 'M' 'M' 'U' 'M' 'M' 'U' 'M' 'M' 'M' 'M' 'M' 'M' 'M' 'M' 'U' 'U' 'M'
 'M' 'M' 'M' 'U' 'M' 'M' 'U' 'U' 'M' 'M' 'M' 'M' 'M' 'M' 'M' 'M' 'M' 'M'
 'M' 'M' 'M' 'M' 'M' 'M' 'M' 'M' 'M' 'M' 'M' 'M' 'M' 'M' 'M' 'M' 'M' 'U'
 'U' 'M' 'M' 'M' 'M' 'M' 'M' 'M' 'M' 'M' 'M' 'A' 'M' 'M' 'M' 'M' 'M' 'M'
 'M' 'M' 'M' 'M' 'M' 'M' 'M' 'M' 'U' 'M' 'M' 'M' 'M' 'M' 'U' 'M' 'U' 'M'
 'U' 'M' 'M' 'M' 'M' 'M' 'M' 'M' 'U' 'M' 'M' 'M' 'M' 'M' 'M' 'M' 'M' 'M'
 'M' 'U' 'U' 'M' 'M' 'M' 'M' 'M' 'M' 'M' 'M' 'M' 'M' 'U' 'U' 'U' 'U' 'M'
 'U' 'M' 'M' 'M' 'U' 'M' 'M' 'M' 'M' 'M' 'M' 'M' 'M' 'M' 'U' 'M' 'M' 'M']"
299101,0,172,4,168,26,0,0,"['A' 'M' 'U' 'M' 'M' 'M' 'M' 'U' 'M' 'M' 'M' 'M' 'M' 'M' 'M' 'M' 'M' 'M'
 'M' 'M' 'M' 'M' 'M' 'M' 'M' 'M' 'U' 'M' 'M' 'M' 'M' 'M' 'M' 'U' 'M' 'M'
 'M' 'M' 'U' 'M' 'M' 'M' 'U' 'M' 'M' 'A' 'A' 'M' 'M' 'M' 'M' 'M' 'M' 'M'
 'M' 'M' 'M' 'M' 'M' 'M' 'M' 'M' 'M' 'M' 'M' 'M' 'U' 'M' 'M' 'M' 'M' 'M'
 'M' 'M' 'M' 'U' 'M' 'U' 'M' 'M' 'M' 'M' 'M' 'U' 'M' 'M' 'M' 'M' 'M' 'M'
 'M' 'M' 'U' 'M' 'M' 'M' 'M' 'M' 'M' 'M' 'U' 'M' 'M' 'M' 'M' 'M' 'M' 'M'
 'U' 'M' 'M' 'M' 'M' 'M' 'M' 'M' 'M' 'M' 'M' 'U' 'M' 'M' 'M' 'M' 'M' 'U'
 'M' 'M' 'M' 'U' 'M' 'M' 'M' 'M' 'M' 'M' 'M' 'M' 'M' 'M' 'M' 'M' 'U' 'M'
 'M' 'M' 'M' 'U' 'M' 'M' 'M' 'M' 'U' 'U' 'M' 'U' 'M' 'M' 'M' 'M' 'M' 'M'
 'M' 'U' 'M' 'M' 'M' 'M' 'M' 'M' 'M' 'M' 'M' 'M' 'M' 'M' 'M' 'U' 'A' 'M'
 'U' 'M' 'M' 'M' 'M' 'M' 'M' 'M' 'M' 'M' 'U' 'M' 'M' 'M' 'U' 'M' 'M' 'M']"
299201,0,168,4,164,30,0,0,"['A' 'M' 'M' 'M' 'M' 'M' 'M' 'U' 'M' 'M' 'M' 'M' 'M' 'M' 'M' 'M' 'M' 'M'
 'M' 'M' 'M' 'M' 'M' 'M' 'M' 'M' 'U' 'M' 'M' 'M' 'M' 'M' 'M' 'U' 'M' 'M'
 'U' 'M' 'U' 'M' 'M' 'M' 'M' 'U' 'M' 'A' 'A' 'M' 'M' 'M' 'M' 'M' 'M' 'M'
 'M' 'M' 'M' 'M' 'U' 'M' 'M' 'M' 'M' 'M' 'M' 'M' 'M' 'M' 'U' 'M' 'M' 'M'
 'M' 'M' 'M' 'M' 'M' 'U' 'M' 'M' 'U' 'U' 'M' 'M' 'M' 'M' 'M' 'M' 'M' 'U'
 'M' 'M' 'M' 'M' 'M' 'M' 'M' 'M' 'M' 'M' 'U' 'M' 'M' 'M' 'M' 'M' 'U' 'M'
 'U' 'M' 'M' 'M' 'M' 'M' 'M' 'M' 'M' 'M' 'M' 'U' 'M' 'M' 'M' 'M' 'M' 'U'
 'M' 'M' 'M' 'U' 'M' 'M' 'M' 'M' 'M' 'M' 'M' 'M' 'M' 'M' 'M' 'M' 'U' 'M'
 'M' 'U' 'M' 'U' 'M' 'M' 'M' 'M' 'U' 'M' 'M' 'U' 'M' 'M' 'M' 'M' 'M' 'M'
 'M' 'U' 'M' 'M' 'M' 'M' 'U' 'M' 'M' 'M' 'M' 'M' 'M' 'M' 'M' 'U' 'A' 'M'
 'U' 'M' 'M' 'M' 'U' 'M' 'M' 'M' 'M' 'M' 'U' 'M' 'M' 'M' 'U' 'M' 'M' 'M']"
299301,0,162,6,156,36,0,0,"['A' 'M' 'M' 'M' 'M' 'M' 'M' 'U' 'M' 'M' 'M' 'M' 'M' 'M' 'M' 'M' 'M' 'M'
 'M' 'M' 'M' 'M' 'M' 'M' 'M' 'M' 'U' 'M' 'M' 'U' 'M' 'M' 'M' 'U' 'M' 'U'
 'U' 'M' 'U' 'U' 'U' 'M' 'M' 'M' 'M' 'A' 'A' 'U' 'U' 'U' 'M' 'M' 'M' 'M'
 'M' 'M' 'M' 'M' 'M' 'M' 'M' 'M' 'M' 'M' 'M' 'M' 'U' 'U' 'M' 'M' 'M' 'M'
 'M' 'M' 'M' 'M' 'M' 'M' 'M' 'M' 'M' 'M' 'U' 'M' 'M' 'M' 'M' 'M' 'M' 'M'
 'U' 'M' 'M' 'M' 'U' 'M' 'M' 'M' 'M' 'M' 'M' 'M' 'M' 'M' 'M' 'M' 'U' 'M'
 'U' 'M' 'M' 'M' 'U' 'M' 'M' 'M' 'U' 'M' 'M' 'M' 'M' 'M' 'M' 'M' 'M' 'M'
 'M' 'M' 'M' 'U' 'M' 'M' 'M' 'M' 'M' 'M' 'M' 'M' 'M' 'M' 'U' 'M' 'U' 'M'
 'M' 'A' 'M' 'U' 'M' 'M' 'M' 'M' 'M' 'A' 'M' 'U' 'M' 'M' 'M' 'M' 'M' 'M'
 'M' 'U' 'M' 'M' 'M' 'M' 'U' 'M' 'M' 'M' 'M' 'M' 'U' 'U' 'M' 'U' 'A' 'M'
 'U' 'M' 'U' 'M' 'U' 'M' 'U' 'M' 'M' 'M' 'U' 'M' 'M' 'M' 'M' 'M' 'M' 'M']"
299401,0,161,6,155,37,0,1,"['A' 'M' 'M' 'M' 'M' 'M' 'M' 'M' 'M' 'M' 'M' 'M' 'M' 'M' 'M' 'U' 'M' 'U'
 'M' 'U' 'M' 'M' 'M' 'M' 'M' 'M' 'U' 'M' 'M' 'U' 'M' 'M' 'M' 'U' 'M' 'U'
 'U' 'M' 'U' 'M' 'U' 'M' 'M' 'U' 'M' 'A' 'M' 'U' 'M' 'A' 'M' 'M' 'M' 'M'
 'M' 'M' 'M' 'M' 'M' 'M' 'M' 'M' 'M' 'M' 'M' 'M' 'M' 'M' 'M' 'M' 'U' 'M'
 'U' 'M' 'M' 'M' 'M' 'U' 'M' 'M' 'M' 'M' 'M' 'M' 'M' 'M' 'M' 'M' 'M' 'M'
 'M' 'M' 'U' 'M' 'U' 'M' 'M' 'M' 'M' 'M' 'M' 'M' 'M' 'M' 'M' 'M' 'U' 'M'
 'U' 'M' 'M' 'M' 'U' 'M' 'M' 'M' 'U' 'M' 'U' 'M' 'M' 'M' 'M' 'M' 'M' 'M'
 'M' 'M' 'M' 'M' 'M' 'M' 'M' 'M' 'M' 'M' 'M' 'M' 'M' 'M' 'A' 'M' 'U' 'M'
 'M' 'A' 'M' 'U' 'M' 'M' 'M' 'M' 'M' 'A' 'M' 'U' 'U' 'M' 'M' 'M' 'M' 'M'
 'M' 'U' 'M' 'M' 'M' 'M' 'U' 'M' 'M' 'M' 'M' 'M' 'M' 'U' 'M' 'U' 'U' 'M'
 'U' 'M' 'U' 'M' 'U' 'U' 'U' 'M' 'M' 'M' 'U' 'M' 'M' 'M' 'M' 'M' 'M' 'M']"
299501,0,158,5,153,40,1,0,"['A' 'M' 'M' 'M' 'M' 'M' 'M' 'M' 'M' 'M' 'M' 'M' 'M' 'M' 'M' 'M' 'M' 'M'
 'M' 'U' 'M' 'M' 'M' 'M' 'M' 'M' 'U' 'M' 'U' 'U' 'M' 'M' 'M' 'U' 'M' 'U'
 'U' 'M' 'U' 'M' 'U' 'M' 'M' 'U' 'M' 'A' 'M' 'U' 'M' 'A' 'M' 'M' 'M' 'M'
 'M' 'M' 'M' 'M' 'M' 'M' 'M' 'M' 'M' 'M' 'M' 'M' 'M' 'U' 'M' 'M' 'U' 'U'
 'M' 'M' 'M' 'M' 'M' 'M' 'M' 'M' 'M' 'M' 'U' 'M' 'M' 'M' 'M' 'M' 'M' 'M'
 'U' 'M' 'M' 'M' 'M' 'M' 'M' 'M' 'M' 'M' 'M' 'M' 'M' 'M' 'M' 'M' 'U' 'M'
 'M' 'M' 'M' 'M' 'M' 'M' 'U' 'M' 'U' 'M' 'U' 'U' 'M' 'M' 'M' 'M' 'M' 'M'
 'M' 'M' 'M' 'M' 'M' 'M' 'M' 'M' 'M' 'M' 'M' 'M' 'M' 'M' 'A' 'M' 'M' 'M'
 'M' 'A' 'M' 'U' 'M' 'M' 'M' 'M' 'M' 'M' 'M' 'U' 'U' 'M' 'M' 'M' 'U' 'M'
 'M' 'U' 'M' 'M' 'M' 'M' 'U' 'M' 'M' 'M' 'M' 'M' 'M' 'U' 'M' 'U' 'U' 'M'
 'U' 'M' 'U' 'M' 'U' 'U' 'U' 'U' 'M' 'M' 'U' 'M' 'M' 'U' 'M' 'M' 'U' 'U']"
299601,0,157,4,153,41,0,0,"['A' 'M' 'M' 'M' 'M' 'M' 'M' 'M' 'U' 'M' 'M' 'M' 'M' 'M' 'M' 'M' 'M' 'M'
 'M' 'M' 'M' 'M' 'M' 'M' 'M' 'M' 'U' 'M' 'U' 'U' 'M' 'M' 'M' 'U' 'M' 'U'
 'U' 'M' 'U' 'M' 'M' 'M' 'M' 'U' 'U' 'A' 'M' 'U' 'M' 'U' 'M' 'M' 'M' 'M'
 'M' 'M' 'M' 'M' 'M' 'M' 'M' 'M' 'M' 'M' 'M' 'M' 'M' 'M' 'M' 'M' 'U' 'M'
 'M' 'M' 'M' 'M' 'M' 'M' 'M' 'M' 'M' 'M' 'U' 'M' 'M' 'M' 'M' 'M' 'U' 'M'
 'M' 'U' 'U' 'M' 'M' 'M' 'M' 'M' 'M' 'M' 'M' 'M' 'M' 'M' 'M' 'M' 'U' 'M'
 'M' 'M' 'M' 'M' 'M' 'M' 'U' 'M' 'U' 'U' 'U' 'U' 'M' 'M' 'M' 'U' 'M' 'M'
 'M' 'M' 'M' 'M' 'M' 'M' 'M' 'M' 'M' 'M' 'M' 'M' 'M' 'M' 'A' 'U' 'M' 'M'
 'M' 'A' 'M' 'U' 'M' 'M' 'M' 'M' 'M' 'M' 'M' 'U' 'M' 'M' 'M' 'M' 'M' 'M'
 'M' 'U' 'M' 'M' 'M' 'M' 'U' 'M' 'M' 'M' 'M' 'M' 'U' 'U' 'U' 'U' 'U' 'M'
 'U' 'M' 'U' 'M' 'M' 'U' 'U' 'M' 'M' 'M' 'U' 'M' 'M' 'U' 'M' 'M' 'U' 'M']"
299701,0,163,5,158,35,0,0,"['A' 'U' 'M' 'M' 'M' 'M' 'M' 'M' 'U' 'M' 'M' 'M' 'M' 'M' 'M' 'M' 'M' 'M'
 'M' 'M' 'M' 'M' 'U' 'M' 'M' 'M' 'U' 'M' 'M' 'A' 'M' 'M' 'M' 'M' 'M' 'U'
 'M' 'M' 'U' 'M' 'M' 'M' 'M' 'M' 'U' 'A' 'M' 'M' 'M' 'U' 'M' 'M' 'M' 'M'
 'M' 'M' 'M' 'M' 'M' 'M' 'M' 'M' 'M' 'M' 'M' 'M' 'M' 'M' 'M' 'M' 'M' 'M'
 'M' 'U' 'M' 'M' 'M' 'M' 'U' 'M' 'M' 'M' 'M' 'M' 'M' 'M' 'M' 'U' 'U' 'U'
 'M' 'M' 'M' 'M' 'M' 'M' 'M' 'M' 'M' 'M' 'U' 'M' 'M' 'M' 'M' 'M' 'U' 'M'
 'M' 'M' 'M' 'M' 'M' 'M' 'U' 'U' 'M' 'U' 'U' 'U' 'M' 'M' 'M' 'M' 'M' 'M'
 'M' 'M' 'M' 'M' 'M' 'M' 'M' 'M' 'M' 'M' 'M' 'M' 'M' 'M' 'M' 'U' 'M' 'M'
 'M' 'A' 'M' 'U' 'U' 'M' 'M' 'M' 'M' 'M' 'M' 'M' 'M' 'M' 'M' 'A' 'U' 'M'
 'M' 'U' 'M' 'M' 'M' 'M' 'M' 'U' 'M' 'M' 'U' 'M' 'U' 'U' 'M' 'U' 'U' 'M'
 'U' 'M' 'U' 'M' 'M' 'M' 'U' 'M' 'M' 'M' 'M' 'M' 'M' 'U' 'M' 'M' 'M' 'M']"
299801,0,167,7,160,31,1,0,"['A' 'M' 'M' 'M' 'M' 'M' 'M' 'M' 'M' 'M' 'M' 'M' 'M' 'M' 'M' 'M' 'M' 'M'
 'M' 'M' 'M' 'M' 'M' 'M' 'U' 'M' 'A' 'M' 'M' 'A' 'M' 'M' 'M' 'M' 'M' 'A'
 'M' 'M' 'U' 'M' 'M' 'M' 'M' 'M' 'U' 'A' 'M' 'M' 'M' 'U' 'M' 'M' 'M' 'U'
 'U' 'M' 'M' 'M' 'U' 'M' 'U' 'M' 'M' 'M' 'M' 'M' 'U' 'M' 'M' 'M' 'M' 'M'
 'M' 'U' 'M' 'M' 'M' 'M' 'U' 'M' 'U' 'U' 'M' 'M' 'M' 'M' 'M' 'M' 'M' 'M'
 'M' 'M' 'M' 'M' 'M' 'M' 'M' 'M' 'M' 'M' 'M' 'M' 'M' 'M' 'M' 'M' 'U' 'M'
 'M' 'M' 'M' 'M' 'M' 'M' 'M' 'M' 'M' 'U' 'U' 'U' 'M' 'M' 'M' 'M' 'M' 'M'
 'M' 'M' 'M' 'M' 'U' 'M' 'M' 'M' 'M' 'M' 'M' 'M' 'M' 'M' 'M' 'M' 'M' 'M'
 'M' 'A' 'M' 'M' 'U' 'M' 'M' 'M' 'M' 'M' 'U' 'M' 'M' 'M' 'M' 'A' 'U' 'M'
 'M' 'U' 'M' 'M' 'M' 'M' 'M' 'U' 'M' 'U' 'U' 'M' 'M' 'U' 'M' 'U' 'U' 'M'
 'U' 'M' 'U' 'M' 'M' 'M' 'U' 'M' 'M' 'M' 'M' 'M' 'M' 'M' 'M' 'M' 'M' 'M']"
299901,0,167,7,160,31,1,0,"['A' 'M' 'M' 'M' 'M' 'M' 'M' 'M' 'M' 'M' 'M' 'M' 'M' 'M' 'M' 'M' 'M' 'M'
 'M' 'M' 'M' 'M' 'M' 'U' 'M' 'M' 'A' 'M' 'M' 'A' 'M' 'M' 'U' 'M' 'M' 'A'
 'M' 'M' 'U' 'M' 'M' 'M' 'M' 'M' 'M' 'A' 'M' 'M' 'M' 'U' 'M' 'M' 'M' 'U'
 'U' 'M' 'M' 'M' 'U' 'M' 'M' 'M' 'M' 'M' 'M' 'U' 'M' 'M' 'M' 'M' 'U' 'M'
 'M' 'U' 'M' 'M' 'M' 'M' 'M' 'M' 'M' 'M' 'U' 'U' 'M' 'M' 'M' 'M' 'M' 'M'
 'M' 'M' 'M' 'M' 'M' 'M' 'M' 'M' 'M' 'M' 'M' 'M' 'M' 'M' 'M' 'M' 'U' 'M'
 'M' 'M' 'M' 'M' 'M' 'M' 'M' 'M' 'M' 'U' 'M' 'U' 'M' 'M' 'M' 'M' 'M' 'M'
 'M' 'U' 'M' 'M' 'M' 'M' 'M' 'U' 'M' 'M' 'M' 'M' 'M' 'M' 'M' 'M' 'M' 'M'
 'M' 'A' 'M' 'M' 'U' 'M' 'U' 'M' 'M' 'M' 'U' 'M' 'M' 'M' 'M' 'A' 'U' 'M'
 'M' 'M' 'M' 'M' 'M' 'M' 'M' 'U' 'U' 'U' 'U' 'M' 'M' 'U' 'M' 'M' 'U' 'M'
 'U' 'M' 'M' 'M' 'M' 'M' 'U' 'M' 'M' 'M' 'M' 'M' 'U' 'M' 'M' 'U' 'M' 'M']"
300001,0,164,7,157,34,0,1,"['A' 'M' 'M' 'M' 'M' 'M' 'M' 'M' 'M' 'M' 'M' 'M' 'M' 'M' 'M' 'M' 'M' 'M'
 'M' 'M' 'M' 'M' 'M' 'A' 'M' 'M' 'A' 'M' 'M' 'A' 'M' 'M' 'U' 'M' 'M' 'U'
 'M' 'M' 'U' 'M' 'M' 'M' 'M' 'M' 'M' 'U' 'M' 'M' 'U' 'M' 'M' 'M' 'U' 'U'
 'U' 'M' 'M' 'M' 'U' 'M' 'M' 'M' 'M' 'M' 'M' 'M' 'M' 'M' 'U' 'M' 'M' 'M'
 'M' 'M' 'M' 'U' 'M' 'M' 'M' 'M' 'U' 'M' 'M' 'M' 'M' 'M' 'M' 'M' 'M' 'U'
 'M' 'M' 'M' 'U' 'M' 'M' 'M' 'M' 'M' 'M' 'M' 'M' 'U' 'M' 'M' 'M' 'U' 'M'
 'M' 'M' 'M' 'M' 'U' 'M' 'M' 'M' 'M' 'U' 'M' 'M' 'M' 'M' 'M' 'M' 'U' 'M'
 'M' 'M' 'M' 'M' 'M' 'M' 'U' 'U' 'M' 'A' 'U' 'U' 'U' 'M' 'M' 'M' 'M' 'M'
 'U' 'A' 'M' 'M' 'U' 'M' 'M' 'M' 'M' 'M' 'U' 'M' 'M' 'M' 'M' 'A' 'U' 'M'
 'M' 'M' 'M' 'M' 'U' 'M' 'M' 'M' 'M' 'U' 'U' 'M' 'M' 'U' 'M' 'M' 'M' 'M'
 'M' 'U' 'M' 'M' 'M' 'M' 'M' 'M' 'M' 'M' 'M' 'M' 'U' 'M' 'M' 'M' 'M' 'M']"
300101,0,163,6,157,35,0,0,"['A' 'M' 'M' 'M' 'M' 'M' 'M' 'U' 'M' 'M' 'M' 'M' 'U' 'M' 'M' 'M' 'M' 'M'
 'M' 'M' 'M' 'M' 'M' 'A' 'M' 'M' 'M' 'M' 'M' 'A' 'M' 'M' 'A' 'M' 'M' 'U'
 'U' 'M' 'U' 'M' 'M' 'M' 'M' 'M' 'M' 'U' 'M' 'M' 'M' 'M' 'M' 'M' 'M' 'U'
 'M' 'M' 'M' 'M' 'U' 'M' 'M' 'M' 'M' 'M' 'M' 'U' 'M' 'M' 'M' 'M' 'M' 'M'
 'M' 'M' 'U' 'M' 'M' 'U' 'M' 'M' 'M' 'M' 'U' 'U' 'M' 'M' 'M' 'M' 'M' 'M'
 'M' 'M' 'M' 'M' 'M' 'M' 'M' 'M' 'M' 'M' 'M' 'M' 'U' 'M' 'M' 'M' 'U' 'M'
 'M' 'M' 'M' 'M' 'U' 'M' 'M' 'M' 'M' 'U' 'M' 'M' 'M' 'U' 'M' 'U' 'M' 'M'
 'M' 'M' 'M' 'M' 'M' 'M' 'M' 'U' 'M' 'A' 'U' 'U' 'U' 'M' 'M' 'M' 'M' 'M'
 'U' 'A' 'M' 'M' 'U' 'M' 'M' 'M' 'M' 'M' 'U' 'M' 'M' 'M' 'M' 'U' 'U' 'M'
 'M' 'U' 'M' 'M' 'U' 'M' 'U' 'M' 'M' 'M' 'U' 'M' 'M' 'M' 'M' 'M' 'M' 'M'
 'M' 'U' 'M' 'M' 'M' 'M' 'M' 'M' 'M' 'M' 'M' 'M' 'U' 'M' 'M' 'M' 'M' 'U']"
300201,0,165,6,159,33,0,0,"['A' 'M' 'M' 'M' 'M' 'M' 'U' 'M' 'M' 'M' 'M' 'M' 'U' 'M' 'M' 'M' 'U' 'M'
 'M' 'M' 'M' 'M' 'M' 'A' 'M' 'M' 'M' 'M' 'M' 'A' 'M' 'U' 'A' 'M' 'M' 'U'
 'U' 'M' 'M' 'M' 'M' 'M' 'M' 'M' 'M' 'U' 'M' 'M' 'M' 'M' 'U' 'M' 'M' 'U'
 'M' 'M' 'M' 'M' 'U' 'M' 'M' 'M' 'M' 'M' 'M' 'M' 'M' 'M' 'U' 'U' 'M' 'M'
 'M' 'M' 'M' 'M' 'U' 'M' 'M' 'M' 'M' 'M' 'M' 'M' 'M' 'M' 'M' 'M' 'M' 'M'
 'M' 'M' 'U' 'M' 'U' 'M' 'M' 'M' 'M' 'M' 'M' 'U' 'M' 'M' 'M' 'M' 'U' 'M'
 'M' 'M' 'M' 'M' 'M' 'M' 'M' 'M' 'M' 'U' 'M' 'M' 'M' 'U' 'M' 'M' 'U' 'M'
 'M' 'M' 'M' 'M' 'M' 'M' 'M' 'U' 'M' 'A' 'U' 'U' 'M' 'M' 'M' 'M' 'M' 'M'
 'U' 'A' 'M' 'M' 'U' 'M' 'M' 'M' 'M' 'M' 'U' 'M' 'M' 'M' 'M' 'U' 'M' 'M'
 'M' 'U' 'U' 'M' 'M' 'M' 'U' 'M' 'M' 'M' 'M' 'M' 'M' 'M' 'M' 'M' 'M' 'M'
 'M' 'U' 'M' 'M' 'M' 'M' 'M' 'M' 'M' 'M' 'M' 'M' 'U' 'M' 'M' 'M' 'M' 'U']"
300301,0,168,5,163,30,0,0,"['A' 'M' 'M' 'M' 'M' 'M' 'U' 'M' 'M' 'M' 'M' 'M' 'U' 'M' 'M' 'M' 'M' 'U'
 'M' 'M' 'M' 'M' 'M' 'A' 'M' 'M' 'U' 'M' 'M' 'A' 'M' 'U' 'U' 'M' 'M' 'U'
 'U' 'M' 'M' 'M' 'M' 'M' 'M' 'M' 'M' 'U' 'M' 'U' 'M' 'M' 'M' 'M' 'M' 'M'
 'M' 'M' 'M' 'M' 'U' 'M' 'M' 'M' 'M' 'M' 'M' 'M' 'U' 'M' 'M' 'U' 'M' 'M'
 'M' 'M' 'M' 'M' 'U' 'M' 'M' 'U' 'M' 'M' 'U' 'M' 'M' 'M' 'M' 'M' 'M' 'M'
 'M' 'M' 'M' 'M' 'M' 'M' 'U' 'M' 'M' 'M' 'M' 'U' 'M' 'M' 'M' 'M' 'U' 'M'
 'M' 'M' 'M' 'M' 'M' 'M' 'M' 'M' 'M' 'M' 'M' 'M' 'M' 'U' 'M' 'M' 'U' 'M'
 'M' 'M' 'M' 'M' 'M' 'M' 'M' 'U' 'M' 'A' 'U' 'U' 'M' 'M' 'M' 'M' 'M' 'M'
 'U' 'A' 'M' 'M' 'M' 'M' 'M' 'M' 'M' 'M' 'U' 'M' 'M' 'M' 'M' 'U' 'M' 'M'
 'M' 'U' 'U' 'M' 'U' 'M' 'M' 'M' 'M' 'M' 'M' 'M' 'M' 'M' 'M' 'M' 'M' 'M'
 'M' 'M' 'M' 'M' 'M' 'M' 'M' 'M' 'M' 'M' 'M' 'M' 'M' 'M' 'M' 'M' 'M' 'M']"
300401,1,159,5,154,39,0,0,"['A' 'M' 'M' 'M' 'M' 'M' 'U' 'U' 'M' 'M' 'M' 'M' 'U' 'M' 'M' 'M' 'M' 'U'
 'M' 'M' 'M' 'U' 'U' 'A' 'M' 'M' 'U' 'M' 'M' 'U' 'M' 'U' 'M' 'M' 'M' 'U'
 'M' 'M' 'M' 'M' 'M' 'M' 'M' 'M' 'M' 'U' 'M' 'A' 'M' 'M' 'M' 'M' 'M' 'M'
 'M' 'M' 'M' 'M' 'U' 'M' 'M' 'M' 'M' 'U' 'M' 'U' 'U' 'M' 'M' 'M' 'M' 'M'
 'M' 'M' 'M' 'M' 'M' 'M' 'M' 'M' 'M' 'M' 'M' 'M' 'M' 'U' 'M' 'M' 'M' 'M'
 'M' 'U' 'M' 'U' 'M' 'U' 'U' 'U' 'M' 'M' 'M' 'U' 'M' 'M' 'M' 'U' 'U' 'M'
 'M' 'M' 'M' 'M' 'M' 'M' 'M' 'M' 'M' 'M' 'M' 'M' 'M' 'M' 'M' 'M' 'U' 'M'
 'M' 'M' 'U' 'M' 'M' 'U' 'U' 'U' 'U' 'A' 'U' 'U' 'U' 'M' 'M' 'M' 'M' 'M'
 'U' 'A' 'M' 'M' 'U' 'M' 'M' 'M' 'M' 'M' 'U' 'M' 'M' 'M' 'M' 'M' 'M' 'M'
 'M' 'U' 'U' 'M' 'U' 'M' 'M' 'M' 'M' 'M' 'M' 'M' 'M' 'M' 'M' 'M' 'M' 'M'
 'M' 'M' 'M' 'M' 'M' 'M' 'M' 'M' 'M' 'M' 'M' 'M' 'M' 'M' 'M' 'M' 'M' 'M']"
300501,0,163,4,159,35,0,0,"['A' 'M' 'M' 'M' 'M' 'M' 'U' 'U' 'M' 'M' 'M' 'M' 'U' 'M' 'M' 'M' 'M' 'M'
 'M' 'M' 'M' 'U' 'M' 'A' 'M' 'M' 'M' 'M' 'M' 'M' 'M' 'U' 'M' 'M' 'M' 'M'
 'M' 'M' 'M' 'M' 'M' 'M' 'M' 'M' 'M' 'U' 'M' 'A' 'M' 'M' 'M' 'M' 'M' 'M'
 'M' 'M' 'M' 'M' 'U' 'M' 'M' 'M' 'M' 'U' 'M' 'M' 'U' 'M' 'M' 'M' 'M' 'M'
 'U' 'M' 'M' 'U' 'M' 'U' 'M' 'M' 'M' 'M' 'M' 'M' 'M' 'M' 'U' 'M' 'M' 'M'
 'M' 'M' 'M' 'M' 'M' 'U' 'U' 'U' 'M' 'M' 'U' 'U' 'M' 'M' 'M' 'U' 'U' 'M'
 'M' 'M' 'M' 'M' 'M' 'M' 'M' 'M' 'M' 'M' 'M' 'M' 'M' 'M' 'M' 'M' 'U' 'M'
 'M' 'M' 'U' 'M' 'M' 'U' 'U' 'U' 'U' 'A' 'U' 'U' 'U' 'M' 'M' 'M' 'M' 'M'
 'U' 'U' 'M' 'M' 'M' 'M' 'M' 'U' 'M' 'M' 'M' 'M' 'M' 'M' 'M' 'M' 'M' 'M'
 'M' 'M' 'M' 'M' 'U' 'M' 'M' 'M' 'M' 'M' 'M' 'M' 'M' 'M' 'U' 'M' 'M' 'M'
 'M' 'M' 'M' 'M' 'M' 'M' 'M' 'M' 'M' 'M' 'M' 'M' 'M' 'M' 'M' 'M' 'U' 'M']"
300601,0,167,7,160,31,0,0,"['A' 'M' 'M' 'M' 'M' 'M' 'M' 'U' 'M' 'M' 'M' 'M' 'M' 'M' 'M' 'U' 'M' 'M'
 'M' 'M' 'M' 'U' 'M' 'A' 'M' 'M' 'M' 'M' 'M' 'M' 'M' 'U' 'M' 'M' 'M' 'M'
 'M' 'M' 'M' 'M' 'M' 'M' 'M' 'M' 'M' 'U' 'M' 'A' 'M' 'M' 'M' 'M' 'M' 'M'
 'M' 'M' 'M' 'M' 'U' 'M' 'M' 'M' 'M' 'U' 'M' 'M' 'M' 'M' 'M' 'U' 'M' 'M'
 'M' 'M' 'M' 'M' 'M' 'U' 'M' 'M' 'M' 'M' 'M' 'M' 'M' 'M' 'M' 'M' 'U' 'M'
 'M' 'U' 'U' 'M' 'M' 'U' 'U' 'A' 'M' 'M' 'U' 'M' 'M' 'U' 'M' 'A' 'U' 'M'
 'M' 'M' 'M' 'M' 'M' 'M' 'M' 'M' 'M' 'M' 'M' 'M' 'U' 'M' 'M' 'M' 'M' 'M'
 'M' 'M' 'U' 'M' 'M' 'M' 'U' 'U' 'M' 'A' 'U' 'A' 'U' 'U' 'M' 'M' 'M' 'M'
 'U' 'U' 'M' 'U' 'M' 'M' 'M' 'U' 'M' 'M' 'M' 'M' 'M' 'M' 'M' 'M' 'M' 'M'
 'M' 'M' 'M' 'M' 'M' 'M' 'M' 'M' 'M' 'M' 'M' 'M' 'M' 'M' 'U' 'M' 'M' 'M'
 'M' 'M' 'M' 'M' 'M' 'M' 'M' 'M' 'M' 'M' 'U' 'M' 'M' 'M' 'M' 'M' 'U' 'M']"
300701,0,168,5,163,30,0,1,"['A' 'M' 'M' 'M' 'M' 'M' 'M' 'U' 'M' 'M' 'M' 'M' 'M' 'M' 'M' 'U' 'M' 'M'
 'M' 'M' 'M' 'U' 'M' 'M' 'M' 'M' 'M' 'M' 'M' 'M' 'U' 'M' 'M' 'M' 'M' 'M'
 'M' 'M' 'M' 'M' 'M' 'M' 'M' 'U' 'M' 'U' 'M' 'U' 'M' 'U' 'M' 'M' 'M' 'M'
 'M' 'M' 'M' 'M' 'U' 'M' 'M' 'M' 'M' 'M' 'M' 'M' 'M' 'M' 'U' 'M' 'M' 'M'
 'M' 'M' 'M' 'M' 'M' 'M' 'U' 'M' 'M' 'U' 'M' 'M' 'M' 'M' 'M' 'M' 'M' 'M'
 'M' 'U' 'M' 'U' 'M' 'U' 'U' 'A' 'M' 'M' 'M' 'M' 'M' 'U' 'M' 'A' 'A' 'M'
 'M' 'M' 'M' 'M' 'M' 'U' 'M' 'M' 'M' 'M' 'M' 'M' 'M' 'M' 'M' 'M' 'M' 'M'
 'M' 'M' 'U' 'M' 'M' 'M' 'U' 'U' 'M' 'A' 'U' 'U' 'U' 'U' 'M' 'M' 'M' 'M'
 'M' 'U' 'M' 'M' 'M' 'U' 'M' 'U' 'M' 'M' 'M' 'M' 'M' 'M' 'M' 'M' 'M' 'M'
 'M' 'M' 'M' 'M' 'M' 'M' 'M' 'M' 'M' 'M' 'M' 'M' 'M' 'M' 'M' 'M' 'M' 'M'
 'M' 'M' 'M' 'M' 'M' 'M' 'M' 'M' 'M' 'M' 'M' 'U' 'M' 'M' 'U' 'M' 'M' 'M']"
300801,0,172,4,168,26,0,0,"['A' 'M' 'M' 'M' 'M' 'M' 'M' 'M' 'M' 'M' 'M' 'M' 'M' 'M' 'M' 'U' 'M' 'M'
 'M' 'M' 'M' 'U' 'M' 'M' 'M' 'M' 'M' 'M' 'M' 'M' 'U' 'M' 'M' 'M' 'M' 'M'
 'M' 'M' 'M' 'M' 'M' 'M' 'M' 'M' 'M' 'M' 'M' 'U' 'M' 'M' 'M' 'M' 'M' 'M'
 'M' 'M' 'M' 'M' 'M' 'M' 'M' 'M' 'M' 'U' 'M' 'M' 'M' 'U' 'M' 'M' 'M' 'M'
 'U' 'M' 'M' 'U' 'M' 'M' 'M' 'M' 'M' 'M' 'U' 'M' 'M' 'M' 'M' 'U' 'M' 'M'
 'M' 'M' 'M' 'M' 'M' 'M' 'M' 'A' 'M' 'M' 'M' 'M' 'U' 'U' 'M' 'M' 'A' 'M'
 'M' 'M' 'M' 'M' 'M' 'U' 'M' 'M' 'M' 'M' 'M' 'M' 'M' 'M' 'M' 'M' 'M' 'M'
 'M' 'M' 'U' 'M' 'M' 'M' 'U' 'U' 'M' 'U' 'U' 'U' 'U' 'U' 'M' 'M' 'M' 'M'
 'M' 'A' 'M' 'M' 'M' 'U' 'M' 'U' 'M' 'M' 'M' 'M' 'M' 'M' 'M' 'M' 'M' 'M'
 'M' 'M' 'U' 'M' 'M' 'M' 'M' 'M' 'M' 'M' 'M' 'M' 'M' 'M' 'M' 'M' 'M' 'M'
 'U' 'M' 'M' 'M' 'M' 'M' 'M' 'M' 'M' 'M' 'M' 'M' 'M' 'M' 'U' 'M' 'M' 'M']"
300901,0,162,4,158,36,0,0,"['A' 'M' 'M' 'M' 'M' 'M' 'M' 'M' 'M' 'M' 'M' 'M' 'M' 'U' 'M' 'U' 'M' 'M'
 'M' 'M' 'M' 'M' 'M' 'M' 'M' 'U' 'M' 'M' 'M' 'M' 'U' 'M' 'M' 'M' 'M' 'M'
 'M' 'M' 'M' 'M' 'M' 'M' 'M' 'M' 'M' 'M' 'M' 'U' 'M' 'M' 'M' 'M' 'U' 'M'
 'M' 'M' 'M' 'U' 'M' 'M' 'M' 'U' 'M' 'U' 'M' 'M' 'M' 'M' 'M' 'M' 'M' 'M'
 'M' 'M' 'U' 'M' 'M' 'M' 'U' 'M' 'U' 'M' 'U' 'M' 'U' 'M' 'M' 'M' 'M' 'M'
 'M' 'M' 'M' 'M' 'M' 'M' 'M' 'A' 'M' 'M' 'M' 'M' 'U' 'U' 'M' 'M' 'A' 'M'
 'M' 'M' 'M' 'M' 'M' 'U' 'M' 'M' 'M' 'M' 'M' 'M' 'M' 'M' 'M' 'M' 'M' 'M'
 'A' 'M' 'U' 'M' 'M' 'U' 'U' 'U' 'U' 'M' 'U' 'U' 'U' 'U' 'M' 'M' 'M' 'M'
 'M' 'U' 'M' 'M' 'M' 'M' 'U' 'U' 'M' 'M' 'M' 'M' 'M' 'M' 'M' 'M' 'M' 'M'
 'M' 'M' 'M' 'M' 'M' 'M' 'M' 'M' 'M' 'M' 'M' 'M' 'M' 'U' 'M' 'M' 'U' 'M'
 'U' 'M' 'M' 'M' 'M' 'M' 'M' 'U' 'M' 'M' 'U' 'M' 'U' 'M' 'U' 'M' 'M' 'M']"
301001,0,166,4,162,32,0,0,"['A' 'M' 'M' 'M' 'M' 'M' 'M' 'M' 'M' 'M' 'M' 'M' 'U' 'U' 'M' 'U' 'M' 'M'
 'M' 'M' 'M' 'M' 'M' 'M' 'M' 'M' 'M' 'M' 'M' 'M' 'U' 'M' 'M' 'M' 'M' 'M'
 'M' 'M' 'M' 'U' 'M' 'U' 'M' 'M' 'M' 'M' 'M' 'M' 'M' 'M' 'M' 'M' 'M' 'M'
 'M' 'M' 'M' 'U' 'M' 'M' 'M' 'U' 'U' 'M' 'M' 'U' 'M' 'M' 'U' 'M' 'M' 'M'
 'M' 'M' 'M' 'U' 'M' 'M' 'U' 'M' 'M' 'M' 'M' 'M' 'M' 'U' 'M' 'M' 'M' 'M'
 'M' 'M' 'M' 'M' 'M' 'M' 'M' 'A' 'M' 'M' 'M' 'M' 'U' 'U' 'M' 'M' 'A' 'M'
 'M' 'M' 'M' 'M' 'M' 'U' 'M' 'M' 'M' 'M' 'M' 'M' 'M' 'M' 'M' 'M' 'M' 'M'
 'A' 'M' 'U' 'M' 'M' 'U' 'U' 'U' 'U' 'U' 'U' 'U' 'M' 'U' 'M' 'M' 'M' 'M'
 'M' 'M' 'M' 'M' 'M' 'M' 'U' 'U' 'M' 'M' 'M' 'M' 'M' 'M' 'M' 'M' 'M' 'M'
 'M' 'M' 'M' 'M' 'M' 'M' 'M' 'M' 'U' 'M' 'M' 'M' 'M' 'U' 'M' 'M' 'M' 'M'
 'M' 'M' 'M' 'M' 'M' 'M' 'M' 'U' 'M' 'M' 'M' 'M' 'U' 'M' 'M' 'M' 'M' 'M']"
301101,0,167,5,162,31,0,0,"['A' 'M' 'M' 'M' 'M' 'M' 'M' 'M' 'M' 'M' 'M' 'M' 'U' 'M' 'M' 'U' 'M' 'M'
 'M' 'M' 'M' 'M' 'M' 'A' 'M' 'M' 'M' 'M' 'M' 'M' 'U' 'M' 'M' 'M' 'M' 'M'
 'M' 'U' 'M' 'U' 'M' 'U' 'M' 'M' 'M' 'M' 'M' 'M' 'M' 'M' 'M' 'M' 'M' 'M'
 'M' 'M' 'M' 'U' 'M' 'M' 'M' 'U' 'U' 'M' 'M' 'U' 'M' 'M' 'M' 'U' 'M' 'M'
 'M' 'U' 'U' 'M' 'U' 'M' 'M' 'M' 'M' 'M' 'M' 'M' 'M' 'M' 'M' 'M' 'M' 'M'
 'M' 'M' 'M' 'M' 'M' 'M' 'U' 'U' 'U' 'M' 'M' 'M' 'U' 'U' 'M' 'M' 'A' 'M'
 'M' 'M' 'M' 'M' 'M' 'U' 'M' 'M' 'M' 'M' 'M' 'M' 'M' 'M' 'M' 'M' 'M' 'M'
 'A' 'M' 'U' 'M' 'M' 'U' 'U' 'U' 'U' 'M' 'U' 'M' 'U' 'M' 'M' 'M' 'M' 'M'
 'M' 'M' 'M' 'M' 'M' 'M' 'U' 'A' 'M' 'M' 'M' 'M' 'M' 'M' 'M' 'M' 'M' 'M'
 'M' 'M' 'M' 'M' 'M' 'M' 'M' 'M' 'M' 'M' 'M' 'M' 'M' 'U' 'M' 'M' 'M' 'M'
 'M' 'M' 'M' 'M' 'M' 'M' 'M' 'U' 'M' 'M' 'M' 'M' 'U' 'M' 'M' 'M' 'M' 'M']"
301201,0,162,3,159,36,0,0,"['A' 'M' 'M' 'U' 'M' 'M' 'M' 'M' 'M' 'M' 'M' 'M' 'U' 'M' 'M' 'U' 'M' 'M'
 'M' 'M' 'M' 'M' 'M' 'A' 'M' 'M' 'M' 'M' 'M' 'M' 'U' 'M' 'M' 'M' 'M' 'M'
 'M' 'U' 'M' 'U' 'M' 'M' 'U' 'M' 'M' 'M' 'M' 'M' 'M' 'M' 'M' 'U' 'U' 'M'
 'M' 'M' 'M' 'U' 'M' 'M' 'M' 'U' 'U' 'M' 'M' 'M' 'M' 'M' 'M' 'U' 'M' 'M'
 'U' 'U' 'M' 'M' 'M' 'M' 'M' 'M' 'M' 'M' 'M' 'M' 'M' 'M' 'M' 'M' 'U' 'M'
 'M' 'M' 'M' 'U' 'M' 'M' 'U' 'M' 'M' 'M' 'M' 'M' 'U' 'U' 'M' 'M' 'A' 'M'
 'M' 'M' 'M' 'M' 'M' 'M' 'M' 'M' 'M' 'M' 'M' 'M' 'U' 'M' 'M' 'M' 'M' 'M'
 'U' 'M' 'U' 'M' 'M' 'U' 'M' 'U' 'U' 'U' 'U' 'M' 'U' 'M' 'M' 'U' 'M' 'M'
 'M' 'M' 'M' 'M' 'M' 'M' 'U' 'M' 'M' 'M' 'M' 'M' 'M' 'M' 'M' 'M' 'M' 'M'
 'M' 'M' 'M' 'M' 'M' 'U' 'M' 'M' 'M' 'M' 'U' 'M' 'M' 'M' 'M' 'M' 'M' 'M'
 'M' 'M' 'M' 'M' 'M' 'M' 'M' 'U' 'M' 'M' 'M' 'M' 'U' 'U' 'M' 'M' 'M' 'M']"
301301,0,162,2,160,36,0,0,"['A' 'M' 'M' 'M' 'M' 'M' 'M' 'U' 'M' 'M' 'M' 'M' 'U' 'M' 'U' 'U' 'M' 'M'
 'M' 'M' 'M' 'M' 'M' 'U' 'M' 'M' 'M' 'M' 'M' 'M' 'U' 'M' 'M' 'M' 'M' 'M'
 'M' 'U' 'M' 'U' 'M' 'U' 'M' 'M' 'M' 'M' 'U' 'U' 'M' 'M' 'M' 'M' 'M' 'M'
 'M' 'M' 'M' 'U' 'M' 'M' 'M' 'U' 'U' 'M' 'M' 'M' 'M' 'M' 'M' 'M' 'M' 'M'
 'U' 'U' 'M' 'M' 'M' 'U' 'M' 'M' 'M' 'U' 'M' 'M' 'M' 'M' 'M' 'M' 'M' 'M'
 'U' 'M' 'M' 'M' 'M' 'M' 'U' 'M' 'M' 'M' 'M' 'M' 'U' 'U' 'M' 'U' 'A' 'M'
 'M' 'M' 'M' 'M' 'M' 'M' 'M' 'M' 'M' 'M' 'M' 'M' 'U' 'M' 'M' 'M' 'M' 'M'
 'U' 'M' 'U' 'M' 'M' 'U' 'M' 'M' 'M' 'U' 'U' 'U' 'M' 'M' 'M' 'M' 'M' 'M'
 'M' 'M' 'M' 'M' 'M' 'M' 'U' 'M' 'M' 'M' 'M' 'M' 'M' 'M' 'M' 'M' 'M' 'M'
 'M' 'M' 'M' 'M' 'M' 'U' 'M' 'M' 'M' 'U' 'M' 'M' 'M' 'M' 'M' 'M' 'M' 'M'
 'M' 'M' 'M' 'M' 'M' 'M' 'M' 'U' 'M' 'M' 'M' 'M' 'U' 'U' 'M' 'M' 'M' 'M']"
301401,1,160,1,159,38,0,0,"['A' 'M' 'M' 'M' 'M' 'M' 'M' 'M' 'M' 'M' 'M' 'M' 'U' 'M' 'U' 'M' 'M' 'M'
 'U' 'M' 'M' 'M' 'U' 'M' 'M' 'M' 'M' 'U' 'M' 'M' 'M' 'M' 'M' 'M' 'M' 'M'
 'M' 'U' 'M' 'M' 'M' 'U' 'U' 'M' 'M' 'M' 'M' 'U' 'M' 'M' 'M' 'M' 'M' 'M'
 'M' 'M' 'M' 'M' 'M' 'M' 'M' 'M' 'U' 'M' 'U' 'M' 'M' 'U' 'M' 'M' 'M' 'M'
 'M' 'M' 'M' 'M' 'M' 'M' 'M' 'M' 'M' 'M' 'U' 'M' 'M' 'M' 'M' 'M' 'U' 'M'
 'M' 'U' 'M' 'M' 'U' 'M' 'U' 'M' 'M' 'M' 'M' 'M' 'M' 'U' 'U' 'U' 'U' 'M'
 'M' 'M' 'M' 'M' 'M' 'M' 'M' 'M' 'M' 'M' 'U' 'M' 'U' 'M' 'M' 'M' 'M' 'M'
 'U' 'M' 'U' 'U' 'M' 'U' 'U' 'U' 'U' 'U' 'U' 'M' 'U' 'M' 'M' 'M' 'M' 'M'
 'M' 'M' 'M' 'M' 'M' 'M' 'M' 'M' 'M' 'M' 'M' 'M' 'M' 'M' 'M' 'M' 'M' 'M'
 'M' 'M' 'M' 'M' 'M' 'M' 'M' 'U' 'M' 'U' 'M' 'U' 'M' 'M' 'M' 'M' 'M' 'M'
 'M' 'M' 'M' 'M' 'M' 'M' 'M' 'M' 'M' 'M' 'M' 'M' 'U' 'U' 'M' 'M' 'M' 'M']"
301501,0,161,2,159,37,0,0,"['A' 'M' 'U' 'M' 'M' 'M' 'M' 'M' 'M' 'M' 'M' 'M' 'U' 'M' 'U' 'M' 'M' 'M'
 'U' 'M' 'M' 'M' 'U' 'M' 'M' 'M' 'M' 'U' 'M' 'M' 'U' 'M' 'M' 'M' 'M' 'M'
 'M' 'U' 'M' 'M' 'M' 'U' 'U' 'M' 'M' 'M' 'M' 'U' 'M' 'M' 'M' 'M' 'M' 'M'
 'M' 'M' 'M' 'M' 'M' 'M' 'M' 'M' 'U' 'M' 'M' 'M' 'M' 'M' 'M' 'M' 'M' 'M'
 'U' 'M' 'M' 'M' 'M' 'M' 'U' 'U' 'M' 'M' 'U' 'M' 'M' 'M' 'M' 'M' 'M' 'U'
 'M' 'M' 'M' 'M' 'M' 'M' 'U' 'M' 'M' 'M' 'M' 'M' 'M' 'M' 'M' 'U' 'U' 'M'
 'M' 'M' 'M' 'M' 'M' 'M' 'M' 'M' 'M' 'M' 'U' 'M' 'U' 'M' 'M' 'U' 'M' 'M'
 'U' 'M' 'M' 'U' 'M' 'A' 'U' 'U' 'U' 'U' 'U' 'U' 'U' 'M' 'M' 'M' 'M' 'M'
 'M' 'M' 'M' 'M' 'M' 'M' 'M' 'M' 'M' 'M' 'M' 'M' 'M' 'M' 'M' 'M' 'M' 'M'
 'M' 'M' 'M' 'M' 'M' 'M' 'M' 'U' 'M' 'U' 'M' 'U' 'M' 'M' 'M' 'M' 'M' 'M'
 'M' 'M' 'M' 'M' 'M' 'M' 'M' 'M' 'M' 'M' 'M' 'M' 'U' 'U' 'M' 'M' 'M' 'M']"
301601,0,169,2,167,29,0,0,"['A' 'M' 'M' 'M' 'M' 'M' 'M' 'M' 'M' 'M' 'M' 'M' 'U' 'M' 'U' 'M' 'M' 'M'
 'U' 'M' 'M' 'M' 'M' 'M' 'M' 'M' 'M' 'U' 'M' 'M' 'U' 'M' 'M' 'M' 'M' 'M'
 'M' 'U' 'M' 'M' 'M' 'U' 'U' 'M' 'M' 'M' 'M' 'U' 'M' 'M' 'M' 'M' 'M' 'M'
 'M' 'M' 'M' 'M' 'M' 'M' 'M' 'M' 'U' 'M' 'M' 'U' 'M' 'M' 'M' 'M' 'U' 'U'
 'M' 'M' 'M' 'M' 'M' 'M' 'M' 'M' 'M' 'M' 'M' 'U' 'M' 'M' 'M' 'M' 'M' 'M'
 'M' 'U' 'M' 'M' 'M' 'M' 'U' 'M' 'M' 'M' 'M' 'M' 'M' 'M' 'M' 'M' 'U' 'M'
 'M' 'M' 'M' 'M' 'M' 'M' 'M' 'M' 'M' 'M' 'U' 'M' 'U' 'M' 'M' 'M' 'M' 'M'
 'U' 'M' 'M' 'U' 'M' 'A' 'M' 'U' 'M' 'U' 'M' 'M' 'U' 'M' 'M' 'M' 'M' 'M'
 'M' 'M' 'M' 'M' 'M' 'M' 'M' 'M' 'M' 'M' 'M' 'M' 'M' 'M' 'M' 'M' 'M' 'M'
 'M' 'M' 'M' 'M' 'M' 'M' 'M' 'U' 'M' 'U' 'M' 'U' 'M' 'M' 'M' 'M' 'M' 'M'
 'M' 'M' 'M' 'M' 'M' 'M' 'M' 'U' 'M' 'M' 'M' 'M' 'M' 'U' 'M' 'M' 'M' 'M']"
301701,0,160,2,158,38,0,0,"['A' 'M' 'M' 'M' 'M' 'M' 'M' 'M' 'M' 'M' 'M' 'M' 'U' 'M' 'U' 'M' 'M' 'M'
 'M' 'M' 'M' 'M' 'M' 'M' 'M' 'M' 'M' 'U' 'M' 'M' 'M' 'M' 'M' 'M' 'M' 'M'
 'M' 'U' 'M' 'U' 'M' 'U' 'M' 'U' 'M' 'M' 'M' 'U' 'M' 'M' 'M' 'M' 'M' 'M'
 'M' 'M' 'M' 'M' 'M' 'M' 'U' 'M' 'U' 'U' 'M' 'M' 'M' 'M' 'M' 'M' 'M' 'M'
 'M' 'M' 'M' 'U' 'M' 'U' 'M' 'M' 'M' 'U' 'M' 'M' 'M' 'M' 'U' 'M' 'M' 'M'
 'U' 'M' 'M' 'M' 'M' 'M' 'U' 'M' 'M' 'M' 'M' 'U' 'M' 'M' 'M' 'M' 'U' 'U'
 'M' 'M' 'M' 'M' 'M' 'M' 'M' 'M' 'M' 'M' 'U' 'U' 'M' 'M' 'M' 'M' 'M' 'M'
 'U' 'M' 'M' 'U' 'M' 'A' 'M' 'U' 'U' 'U' 'U' 'U' 'U' 'U' 'M' 'M' 'U' 'M'
 'M' 'M' 'M' 'M' 'M' 'M' 'M' 'M' 'M' 'M' 'M' 'M' 'M' 'M' 'U' 'M' 'M' 'M'
 'M' 'M' 'M' 'M' 'M' 'M' 'M' 'U' 'M' 'U' 'M' 'U' 'M' 'M' 'M' 'M' 'M' 'M'
 'M' 'M' 'M' 'M' 'M' 'M' 'M' 'U' 'M' 'M' 'M' 'M' 'M' 'U' 'M' 'M' 'M' 'M']"
301801,0,168,2,166,30,0,0,"['A' 'M' 'M' 'M' 'M' 'M' 'M' 'M' 'M' 'M' 'M' 'M' 'U' 'M' 'U' 'M' 'M' 'M'
 'M' 'M' 'U' 'M' 'M' 'M' 'M' 'M' 'M' 'U' 'M' 'M' 'M' 'M' 'M' 'M' 'M' 'M'
 'M' 'U' 'M' 'M' 'M' 'U' 'U' 'U' 'M' 'M' 'M' 'U' 'M' 'M' 'M' 'M' 'M' 'M'
 'M' 'M' 'M' 'M' 'M' 'M' 'U' 'M' 'U' 'M' 'M' 'M' 'U' 'M' 'M' 'M' 'M' 'U'
 'M' 'U' 'M' 'M' 'M' 'M' 'M' 'M' 'M' 'M' 'M' 'M' 'U' 'M' 'M' 'M' 'U' 'M'
 'M' 'M' 'M' 'M' 'M' 'M' 'M' 'M' 'M' 'M' 'M' 'M' 'M' 'M' 'M' 'M' 'M' 'U'
 'M' 'M' 'M' 'M' 'M' 'M' 'M' 'M' 'M' 'M' 'M' 'U' 'M' 'M' 'M' 'M' 'M' 'M'
 'U' 'M' 'M' 'U' 'M' 'A' 'M' 'U' 'U' 'M' 'U' 'U' 'M' 'U' 'M' 'M' 'M' 'M'
 'M' 'M' 'M' 'M' 'M' 'M' 'M' 'U' 'M' 'M' 'M' 'M' 'M' 'M' 'U' 'M' 'M' 'M'
 'M' 'M' 'M' 'M' 'M' 'M' 'M' 'M' 'M' 'M' 'M' 'U' 'M' 'M' 'M' 'M' 'M' 'M'
 'M' 'M' 'M' 'M' 'M' 'M' 'M' 'U' 'M' 'M' 'M' 'M' 'M' 'U' 'M' 'M' 'M' 'M']"
301901,0,164,2,162,34,0,0,"['A' 'M' 'M' 'M' 'M' 'M' 'M' 'U' 'M' 'M' 'M' 'M' 'M' 'M' 'U' 'M' 'M' 'M'
 'M' 'M' 'U' 'M' 'M' 'M' 'M' 'M' 'M' 'U' 'M' 'M' 'M' 'M' 'M' 'M' 'M' 'M'
 'M' 'U' 'M' 'M' 'M' 'U' 'U' 'U' 'M' 'U' 'M' 'U' 'M' 'M' 'M' 'M' 'M' 'M'
 'M' 'M' 'M' 'M' 'M' 'M' 'U' 'M' 'M' 'M' 'U' 'M' 'M' 'M' 'M' 'M' 'U' 'M'
 'M' 'M' 'U' 'M' 'M' 'M' 'M' 'U' 'M' 'U' 'M' 'M' 'M' 'M' 'M' 'M' 'M' 'M'
 'M' 'M' 'U' 'M' 'M' 'M' 'M' 'M' 'M' 'M' 'U' 'M' 'M' 'U' 'M' 'M' 'M' 'U'
 'M' 'M' 'M' 'M' 'M' 'M' 'M' 'M' 'U' 'M' 'M' 'M' 'M' 'M' 'M' 'M' 'U' 'M'
 'U' 'M' 'M' 'U' 'M' 'A' 'M' 'U' 'U' 'M' 'U' 'M' 'M' 'U' 'M' 'M' 'M' 'M'
 'M' 'M' 'M' 'M' 'M' 'M' 'M' 'U' 'M' 'M' 'M' 'M' 'M' 'M' 'U' 'M' 'M' 'U'
 'M' 'M' 'M' 'M' 'M' 'M' 'M' 'M' 'M' 'M' 'M' 'U' 'M' 'M' 'M' 'M' 'M' 'M'
 'M' 'M' 'M' 'M' 'M' 'M' 'M' 'M' 'M' 'M' 'M' 'U' 'M' 'U' 'M' 'M' 'M' 'M']"
302001,0,163,3,160,35,0,0,"['A' 'M' 'M' 'M' 'M' 'M' 'M' 'U' 'M' 'M' 'M' 'M' 'M' 'M' 'U' 'M' 'M' 'M'
 'M' 'M' 'U' 'M' 'M' 'M' 'M' 'M' 'M' 'U' 'M' 'M' 'M' 'M' 'M' 'M' 'M' 'M'
 'M' 'M' 'M' 'M' 'M' 'U' 'U' 'U' 'M' 'U' 'M' 'A' 'M' 'M' 'M' 'M' 'M' 'M'
 'M' 'M' 'M' 'M' 'M' 'M' 'U' 'M' 'M' 'M' 'U' 'M' 'M' 'M' 'M' 'M' 'M' 'M'
 'M' 'M' 'U' 'M' 'M' 'U' 'M' 'M' 'M' 'M' 'U' 'M' 'U' 'M' 'M' 'M' 'M' 'M'
 'M' 'U' 'M' 'M' 'M' 'M' 'M' 'M' 'M' 'M' 'U' 'M' 'M' 'M' 'M' 'M' 'M' 'U'
 'M' 'M' 'M' 'M' 'M' 'M' 'M' 'M' 'U' 'M' 'M' 'M' 'M' 'M' 'M' 'M' 'U' 'M'
 'U' 'M' 'M' 'M' 'M' 'A' 'U' 'M' 'U' 'U' 'U' 'U' 'U' 'U' 'M' 'M' 'M' 'M'
 'M' 'M' 'M' 'M' 'M' 'M' 'M' 'U' 'U' 'M' 'M' 'M' 'M' 'U' 'M' 'M' 'M' 'U'
 'M' 'M' 'M' 'M' 'M' 'M' 'M' 'M' 'M' 'M' 'M' 'U' 'M' 'U' 'M' 'M' 'M' 'M'
 'M' 'M' 'M' 'M' 'M' 'M' 'U' 'M' 'M' 'M' 'M' 'M' 'M' 'U' 'M' 'M' 'M' 'M']"
302101,0,157,2,155,41,0,1,"['A' 'M' 'M' 'M' 'U' 'M' 'M' 'M' 'M' 'M' 'M' 'M' 'M' 'M' 'U' 'M' 'M' 'U'
 'M' 'M' 'U' 'M' 'M' 'M' 'M' 'M' 'M' 'U' 'M' 'M' 'M' 'M' 'M' 'M' 'M' 'M'
 'M' 'M' 'M' 'U' 'M' 'U' 'M' 'A' 'M' 'U' 'M' 'U' 'M' 'M' 'M' 'M' 'M' 'M'
 'M' 'M' 'M' 'M' 'M' 'M' 'U' 'M' 'M' 'M' 'U' 'M' 'M' 'M' 'U' 'M' 'U' 'M'
 'M' 'U' 'M' 'M' 'M' 'M' 'M' 'M' 'M' 'M' 'M' 'M' 'M' 'M' 'M' 'M' 'M' 'U'
 'M' 'M' 'U' 'M' 'M' 'M' 'M' 'M' 'M' 'M' 'U' 'M' 'M' 'M' 'M' 'M' 'M' 'U'
 'M' 'M' 'M' 'M' 'M' 'M' 'U' 'M' 'U' 'M' 'M' 'M' 'M' 'M' 'M' 'M' 'U' 'M'
 'M' 'M' 'M' 'M' 'M' 'U' 'U' 'M' 'U' 'M' 'U' 'M' 'U' 'U' 'M' 'M' 'M' 'M'
 'U' 'M' 'M' 'M' 'M' 'M' 'M' 'U' 'U' 'M' 'M' 'M' 'M' 'U' 'M' 'U' 'M' 'U'
 'M' 'M' 'M' 'M' 'M' 'M' 'M' 'M' 'M' 'U' 'M' 'U' 'M' 'U' 'M' 'M' 'M' 'U'
 'M' 'M' 'M' 'M' 'M' 'U' 'U' 'U' 'M' 'M' 'M' 'M' 'M' 'U' 'M' 'M' 'M' 'M']"
302201,0,155,4,151,43,0,0,"['A' 'M' 'M' 'M' 'U' 'M' 'M' 'M' 'M' 'M' 'M' 'M' 'M' 'M' 'U' 'U' 'M' 'U'
 'M' 'M' 'U' 'U' 'M' 'U' 'M' 'M' 'M' 'U' 'U' 'M' 'M' 'M' 'M' 'M' 'M' 'M'
 'M' 'M' 'M' 'U' 'U' 'M' 'M' 'A' 'M' 'U' 'M' 'U' 'M' 'M' 'M' 'M' 'M' 'M'
 'U' 'M' 'M' 'M' 'M' 'M' 'U' 'M' 'M' 'M' 'M' 'M' 'U' 'M' 'M' 'M' 'M' 'M'
 'M' 'M' 'M' 'M' 'M' 'M' 'M' 'M' 'M' 'M' 'M' 'M' 'U' 'U' 'U' 'M' 'M' 'M'
 'U' 'M' 'M' 'M' 'M' 'M' 'M' 'M' 'M' 'M' 'U' 'M' 'M' 'M' 'M' 'M' 'M' 'U'
 'M' 'M' 'M' 'M' 'U' 'M' 'U' 'M' 'U' 'M' 'M' 'M' 'M' 'M' 'M' 'M' 'U' 'M'
 'M' 'M' 'M' 'M' 'M' 'U' 'M' 'M' 'M' 'M' 'U' 'M' 'A' 'U' 'M' 'M' 'M' 'M'
 'A' 'U' 'U' 'M' 'M' 'M' 'M' 'U' 'U' 'M' 'M' 'M' 'M' 'U' 'M' 'M' 'M' 'U'
 'M' 'M' 'M' 'M' 'M' 'M' 'M' 'M' 'M' 'U' 'M' 'U' 'M' 'U' 'U' 'M' 'M' 'U'
 'M' 'M' 'M' 'M' 'M' 'U' 'M' 'U' 'M' 'M' 'M' 'M' 'M' 'U' 'M' 'M' 'M' 'M']"
302301,0,158,2,156,40,0,0,"['A' 'M' 'M' 'M' 'U' 'M' 'M' 'M' 'M' 'M' 'M' 'M' 'M' 'M' 'U' 'M' 'M' 'U'
 'M' 'M' 'U' 'U' 'M' 'U' 'M' 'M' 'M' 'U' 'U' 'U' 'M' 'M' 'M' 'M' 'M' 'M'
 'M' 'M' 'M' 'M' 'M' 'M' 'M' 'A' 'M' 'U' 'M' 'U' 'M' 'M' 'M' 'M' 'M' 'M'
 'U' 'M' 'M' 'M' 'M' 'M' 'M' 'M' 'M' 'M' 'M' 'M' 'M' 'M' 'M' 'M' 'M' 'U'
 'M' 'M' 'M' 'U' 'M' 'M' 'U' 'M' 'M' 'M' 'M' 'M' 'M' 'M' 'M' 'M' 'M' 'M'
 'M' 'M' 'M' 'U' 'U' 'M' 'M' 'M' 'M' 'M' 'U' 'M' 'U' 'M' 'M' 'M' 'M' 'U'
 'M' 'M' 'M' 'M' 'U' 'M' 'U' 'M' 'U' 'M' 'M' 'M' 'M' 'M' 'M' 'M' 'M' 'M'
 'M' 'M' 'M' 'M' 'M' 'U' 'U' 'M' 'M' 'M' 'U' 'M' 'U' 'U' 'M' 'M' 'M' 'M'
 'U' 'M' 'U' 'M' 'M' 'M' 'M' 'M' 'U' 'M' 'M' 'M' 'M' 'U' 'M' 'M' 'M' 'U'
 'M' 'M' 'M' 'M' 'M' 'M' 'M' 'M' 'M' 'U' 'M' 'U' 'M' 'U' 'U' 'M' 'M' 'U'
 'M' 'M' 'M' 'M' 'M' 'U' 'M' 'M' 'M' 'M' 'M' 'M' 'M' 'U' 'M' 'M' 'M' 'M']"
302401,0,162,2,160,36,0,0,"['A' 'M' 'M' 'M' 'U' 'M' 'M' 'M' 'M' 'M' 'M' 'M' 'M' 'M' 'U' 'M' 'M' 'U'
 'M' 'M' 'U' 'U' 'M' 'U' 'M' 'M' 'M' 'M' 'M' 'U' 'M' 'M' 'M' 'M' 'M' 'M'
 'M' 'M' 'M' 'M' 'M' 'M' 'M' 'A' 'M' 'U' 'M' 'M' 'M' 'M' 'M' 'M' 'M' 'M'
 'M' 'U' 'M' 'M' 'M' 'M' 'M' 'M' 'M' 'M' 'U' 'U' 'M' 'M' 'M' 'M' 'M' 'M'
 'U' 'U' 'M' 'M' 'M' 'M' 'M' 'M' 'U' 'M' 'M' 'M' 'M' 'U' 'M' 'M' 'M' 'M'
 'M' 'M' 'M' 'M' 'M' 'M' 'M' 'M' 'M' 'M' 'U' 'M' 'U' 'M' 'M' 'M' 'M' 'M'
 'M' 'M' 'M' 'M' 'U' 'M' 'U' 'M' 'U' 'M' 'M' 'M' 'M' 'M' 'M' 'M' 'M' 'M'
 'M' 'M' 'M' 'M' 'M' 'U' 'U' 'U' 'U' 'M' 'M' 'M' 'U' 'U' 'M' 'M' 'M' 'M'
 'M' 'M' 'M' 'M' 'M' 'M' 'M' 'M' 'U' 'U' 'M' 'M' 'M' 'M' 'M' 'M' 'U' 'U'
 'M' 'M' 'M' 'M' 'U' 'M' 'M' 'M' 'M' 'U' 'M' 'U' 'M' 'M' 'U' 'M' 'M' 'U'
 'M' 'M' 'M' 'M' 'M' 'U' 'M' 'M' 'M' 'M' 'M' 'M' 'M' 'M' 'M' 'M' 'M' 'M']"
302501,0,167,3,164,31,0,0,"['A' 'M' 'M' 'M' 'U' 'M' 'M' 'M' 'M' 'M' 'M' 'M' 'M' 'M' 'U' 'M' 'M' 'U'
 'M' 'M' 'U' 'U' 'M' 'U' 'M' 'M' 'M' 'M' 'M' 'U' 'U' 'M' 'M' 'M' 'M' 'M'
 'M' 'M' 'M' 'M' 'M' 'M' 'M' 'A' 'M' 'U' 'M' 'M' 'M' 'M' 'M' 'M' 'M' 'U'
 'M' 'U' 'M' 'M' 'M' 'M' 'M' 'M' 'M' 'M' 'U' 'M' 'M' 'U' 'M' 'M' 'U' 'M'
 'M' 'M' 'M' 'M' 'M' 'M' 'M' 'U' 'M' 'U' 'M' 'M' 'M' 'M' 'M' 'M' 'M' 'U'
 'M' 'M' 'M' 'M' 'M' 'M' 'M' 'M' 'M' 'M' 'U' 'M' 'U' 'M' 'M' 'M' 'M' 'M'
 'M' 'M' 'M' 'M' 'U' 'M' 'M' 'M' 'U' 'M' 'M' 'M' 'M' 'M' 'M' 'M' 'M' 'M'
 'M' 'M' 'M' 'M' 'M' 'A' 'U' 'U' 'M' 'M' 'M' 'M' 'M' 'U' 'M' 'M' 'M' 'M'
 'M' 'M' 'M' 'M' 'M' 'M' 'M' 'M' 'M' 'M' 'M' 'M' 'M' 'M' 'M' 'M' 'U' 'U'
 'M' 'M' 'M' 'M' 'U' 'M' 'U' 'M' 'M' 'M' 'M' 'U' 'M' 'M' 'U' 'M' 'M' 'M'
 'M' 'M' 'M' 'M' 'M' 'U' 'M' 'M' 'M' 'M' 'M' 'M' 'M' 'M' 'M' 'M' 'M' 'M']"
302601,0,165,4,161,33,0,1,"['A' 'M' 'M' 'M' 'U' 'M' 'M' 'M' 'M' 'M' 'M' 'M' 'M' 'M' 'M' 'U' 'M' 'U'
 'U' 'M' 'U' 'M' 'M' 'M' 'M' 'M' 'M' 'M' 'M' 'U' 'M' 'M' 'M' 'M' 'M' 'M'
 'M' 'M' 'M' 'M' 'M' 'M' 'M' 'A' 'M' 'U' 'M' 'M' 'M' 'M' 'M' 'M' 'U' 'U'
 'M' 'U' 'M' 'M' 'M' 'U' 'M' 'M' 'M' 'M' 'U' 'M' 'M' 'M' 'M' 'U' 'U' 'M'
 'M' 'M' 'M' 'M' 'M' 'U' 'M' 'M' 'M' 'M' 'M' 'M' 'M' 'M' 'M' 'M' 'U' 'M'
 'M' 'M' 'M' 'M' 'U' 'M' 'M' 'M' 'M' 'U' 'U' 'M' 'U' 'M' 'M' 'M' 'M' 'M'
 'M' 'M' 'M' 'M' 'U' 'M' 'M' 'M' 'U' 'M' 'M' 'M' 'M' 'M' 'M' 'M' 'M' 'M'
 'M' 'M' 'M' 'U' 'M' 'A' 'U' 'U' 'M' 'M' 'M' 'M' 'M' 'U' 'M' 'M' 'M' 'M'
 'M' 'M' 'M' 'M' 'M' 'M' 'M' 'M' 'M' 'M' 'M' 'M' 'M' 'M' 'M' 'M' 'U' 'U'
 'U' 'M' 'M' 'M' 'A' 'M' 'U' 'M' 'M' 'M' 'M' 'U' 'M' 'M' 'U' 'M' 'M' 'M'
 'M' 'M' 'M' 'M' 'M' 'M' 'M' 'U' 'M' 'M' 'M' 'M' 'M' 'M' 'M' 'M' 'M' 'M']"
302701,0,166,3,163,32,0,0,"['A' 'M' 'M' 'M' 'U' 'M' 'M' 'M' 'M' 'M' 'M' 'M' 'M' 'M' 'M' 'U' 'M' 'U'
 'U' 'M' 'U' 'M' 'U' 'M' 'M' 'M' 'M' 'M' 'M' 'U' 'M' 'M' 'M' 'U' 'M' 'M'
 'M' 'M' 'M' 'M' 'M' 'M' 'M' 'A' 'U' 'M' 'M' 'M' 'M' 'M' 'M' 'M' 'U' 'M'
 'M' 'U' 'M' 'M' 'M' 'U' 'M' 'M' 'M' 'M' 'U' 'M' 'U' 'M' 'M' 'U' 'M' 'M'
 'M' 'M' 'M' 'M' 'M' 'M' 'M' 'M' 'M' 'M' 'M' 'M' 'M' 'M' 'M' 'M' 'M' 'M'
 'M' 'U' 'M' 'U' 'U' 'M' 'M' 'M' 'M' 'M' 'M' 'M' 'U' 'M' 'M' 'M' 'M' 'M'
 'M' 'M' 'M' 'M' 'U' 'M' 'M' 'M' 'U' 'M' 'M' 'M' 'M' 'M' 'M' 'M' 'M' 'M'
 'M' 'M' 'M' 'M' 'U' 'U' 'M' 'U' 'M' 'M' 'M' 'M' 'M' 'M' 'M' 'M' 'M' 'M'
 'M' 'M' 'M' 'M' 'M' 'M' 'M' 'M' 'M' 'M' 'M' 'M' 'M' 'M' 'M' 'M' 'U' 'U'
 'M' 'M' 'M' 'M' 'A' 'M' 'U' 'U' 'M' 'M' 'M' 'U' 'M' 'M' 'U' 'M' 'M' 'M'
 'M' 'M' 'M' 'U' 'M' 'M' 'M' 'M' 'M' 'M' 'M' 'M' 'M' 'M' 'M' 'U' 'M' 'M']"
302801,0,168,3,165,30,0,1,"['A' 'M' 'M' 'M' 'M' 'M' 'M' 'M' 'M' 'M' 'M' 'M' 'M' 'M' 'M' 'U' 'M' 'U'
 'U' 'M' 'U' 'M' 'M' 'M' 'M' 'U' 'U' 'M' 'M' 'M' 'M' 'M' 'M' 'U' 'M' 'M'
 'M' 'U' 'M' 'M' 'M' 'M' 'M' 'A' 'U' 'M' 'M' 'M' 'M' 'M' 'M' 'M' 'M' 'M'
 'M' 'U' 'M' 'M' 'M' 'M' 'M' 'M' 'M' 'M' 'U' 'U' 'M' 'M' 'M' 'M' 'M' 'M'
 'M' 'M' 'U' 'U' 'M' 'M' 'M' 'M' 'M' 'M' 'M' 'M' 'M' 'M' 'M' 'M' 'M' 'M'
 'U' 'M' 'M' 'M' 'U' 'M' 'M' 'M' 'M' 'M' 'M' 'U' 'M' 'M' 'M' 'M' 'M' 'M'
 'M' 'U' 'M' 'M' 'U' 'M' 'M' 'M' 'U' 'U' 'M' 'M' 'M' 'M' 'U' 'M' 'M' 'M'
 'M' 'M' 'M' 'M' 'M' 'U' 'M' 'M' 'M' 'M' 'M' 'M' 'U' 'M' 'M' 'M' 'M' 'M'
 'M' 'M' 'M' 'M' 'M' 'M' 'M' 'M' 'M' 'M' 'M' 'M' 'M' 'M' 'M' 'M' 'U' 'M'
 'M' 'M' 'M' 'M' 'A' 'M' 'U' 'U' 'M' 'M' 'M' 'M' 'M' 'M' 'U' 'M' 'M' 'M'
 'M' 'M' 'M' 'U' 'M' 'M' 'M' 'M' 'M' 'M' 'M' 'M' 'M' 'M' 'M' 'U' 'M' 'M']"
302901,0,167,5,162,31,0,0,"['A' 'M' 'M' 'M' 'M' 'M' 'M' 'M' 'M' 'M' 'M' 'M' 'M' 'M' 'M' 'A' 'M' 'U'
 'M' 'M' 'U' 'M' 'M' 'M' 'M' 'M' 'U' 'M' 'U' 'M' 'M' 'M' 'M' 'U' 'M' 'M'
 'M' 'U' 'M' 'M' 'M' 'M' 'M' 'A' 'U' 'M' 'M' 'M' 'M' 'M' 'M' 'M' 'M' 'M'
 'M' 'U' 'M' 'M' 'M' 'M' 'M' 'M' 'M' 'M' 'U' 'M' 'M' 'M' 'M' 'M' 'M' 'U'
 'M' 'M' 'M' 'M' 'M' 'M' 'M' 'M' 'M' 'M' 'M' 'M' 'U' 'M' 'M' 'M' 'U' 'M'
 'U' 'M' 'U' 'M' 'M' 'M' 'M' 'M' 'M' 'U' 'M' 'U' 'M' 'M' 'M' 'M' 'M' 'M'
 'M' 'M' 'M' 'M' 'M' 'M' 'M' 'M' 'M' 'U' 'M' 'M' 'M' 'M' 'U' 'M' 'M' 'M'
 'M' 'M' 'M' 'M' 'M' 'U' 'A' 'U' 'U' 'U' 'U' 'U' 'M' 'M' 'M' 'M' 'M' 'M'
 'M' 'M' 'M' 'M' 'M' 'M' 'M' 'M' 'M' 'U' 'M' 'M' 'M' 'M' 'U' 'M' 'M' 'M'
 'M' 'M' 'M' 'M' 'A' 'M' 'U' 'M' 'M' 'M' 'M' 'M' 'M' 'M' 'U' 'U' 'M' 'M'
 'M' 'M' 'M' 'U' 'M' 'M' 'M' 'M' 'M' 'M' 'M' 'M' 'M' 'M' 'M' 'U' 'M' 'M']"
303001,0,170,6,164,28,0,0,"['A' 'M' 'M' 'M' 'U' 'M' 'M' 'M' 'M' 'M' 'M' 'M' 'M' 'M' 'M' 'A' 'M' 'U'
 'M' 'M' 'U' 'M' 'M' 'M' 'U' 'M' 'U' 'M' 'M' 'M' 'M' 'M' 'M' 'U' 'M' 'M'
 'M' 'U' 'M' 'M' 'M' 'M' 'M' 'A' 'U' 'M' 'M' 'M' 'M' 'M' 'M' 'M' 'M' 'M'
 'M' 'M' 'M' 'M' 'M' 'M' 'M' 'M' 'M' 'M' 'U' 'M' 'M' 'M' 'M' 'M' 'U' 'M'
 'M' 'M' 'M' 'M' 'U' 'M' 'U' 'M' 'M' 'M' 'U' 'M' 'U' 'M' 'M' 'M' 'M' 'M'
 'M' 'M' 'M' 'M' 'M' 'M' 'M' 'M' 'U' 'U' 'M' 'U' 'M' 'M' 'M' 'M' 'M' 'M'
 'M' 'M' 'M' 'M' 'U' 'M' 'M' 'M' 'M' 'M' 'M' 'M' 'M' 'M' 'M' 'M' 'M' 'M'
 'M' 'M' 'M' 'M' 'M' 'A' 'A' 'U' 'U' 'U' 'M' 'U' 'M' 'M' 'M' 'M' 'M' 'M'
 'M' 'M' 'M' 'M' 'M' 'M' 'M' 'M' 'M' 'M' 'U' 'M' 'M' 'M' 'M' 'M' 'M' 'M'
 'M' 'M' 'M' 'M' 'A' 'M' 'M' 'M' 'M' 'M' 'M' 'M' 'M' 'M' 'M' 'M' 'M' 'M'
 'M' 'M' 'U' 'U' 'U' 'M' 'M' 'U' 'M' 'M' 'M' 'M' 'M' 'M' 'M' 'U' 'M' 'M']"
303101,0,173,4,169,25,0,0,"['A' 'M' 'M' 'M' 'U' 'M' 'M' 'M' 'M' 'M' 'M' 'M' 'M' 'M' 'M' 'M' 'M' 'U'
 'M' 'M' 'U' 'M' 'M' 'M' 'U' 'M' 'U' 'M' 'M' 'M' 'M' 'U' 'M' 'M' 'M' 'M'
 'M' 'M' 'M' 'M' 'M' 'M' 'M' 'A' 'U' 'M' 'M' 'M' 'M' 'M' 'M' 'M' 'M' 'M'
 'M' 'M' 'M' 'M' 'M' 'M' 'M' 'M' 'M' 'M' 'U' 'M' 'M' 'M' 'M' 'U' 'M' 'M'
 'M' 'U' 'M' 'M' 'M' 'M' 'M' 'M' 'M' 'M' 'M' 'M' 'U' 'M' 'M' 'M' 'M' 'U'
 'M' 'M' 'M' 'M' 'U' 'M' 'M' 'M' 'U' 'U' 'M' 'M' 'M' 'M' 'M' 'M' 'M' 'M'
 'M' 'M' 'M' 'M' 'M' 'M' 'M' 'M' 'M' 'M' 'M' 'M' 'M' 'M' 'M' 'M' 'M' 'M'
 'M' 'M' 'M' 'M' 'M' 'U' 'A' 'M' 'M' 'U' 'M' 'U' 'U' 'M' 'M' 'M' 'M' 'M'
 'U' 'M' 'M' 'M' 'M' 'M' 'M' 'M' 'M' 'M' 'M' 'M' 'M' 'M' 'M' 'M' 'M' 'M'
 'M' 'M' 'M' 'M' 'A' 'M' 'M' 'M' 'M' 'U' 'M' 'M' 'M' 'M' 'M' 'M' 'M' 'M'
 'M' 'M' 'M' 'U' 'M' 'U' 'M' 'U' 'M' 'M' 'M' 'M' 'M' 'M' 'M' 'U' 'M' 'M']"
303201,0,174,3,171,24,0,0,"['A' 'M' 'M' 'M' 'U' 'M' 'M' 'M' 'M' 'U' 'M' 'M' 'M' 'M' 'M' 'M' 'M' 'U'
 'M' 'M' 'M' 'M' 'M' 'M' 'U' 'M' 'U' 'M' 'M' 'M' 'M' 'U' 'M' 'M' 'M' 'M'
 'M' 'M' 'M' 'M' 'M' 'M' 'M' 'U' 'M' 'M' 'M' 'M' 'M' 'M' 'M' 'M' 'M' 'M'
 'M' 'M' 'M' 'M' 'M' 'M' 'M' 'M' 'M' 'M' 'U' 'M' 'U' 'M' 'M' 'M' 'M' 'M'
 'M' 'U' 'M' 'M' 'M' 'M' 'U' 'M' 'M' 'M' 'M' 'M' 'M' 'M' 'M' 'M' 'M' 'M'
 'M' 'U' 'M' 'M' 'U' 'M' 'M' 'M' 'M' 'M' 'M' 'M' 'U' 'M' 'M' 'M' 'M' 'M'
 'M' 'M' 'M' 'M' 'M' 'M' 'M' 'M' 'M' 'M' 'M' 'M' 'M' 'M' 'M' 'M' 'M' 'M'
 'M' 'M' 'M' 'M' 'M' 'M' 'A' 'M' 'M' 'M' 'M' 'U' 'U' 'M' 'M' 'M' 'M' 'M'
 'U' 'M' 'M' 'M' 'M' 'M' 'M' 'M' 'M' 'M' 'M' 'M' 'M' 'M' 'M' 'M' 'M' 'M'
 'U' 'M' 'M' 'M' 'A' 'M' 'M' 'M' 'M' 'M' 'M' 'M' 'M' 'M' 'M' 'M' 'M' 'M'
 'M' 'M' 'M' 'U' 'U' 'M' 'U' 'U' 'M' 'M' 'M' 'M' 'M' 'M' 'M' 'U' 'U' 'M']"
303301,0,173,2,171,25,1,0,"['A' 'M' 'M' 'M' 'U' 'M' 'M' 'U' 'M' 'U' 'M' 'M' 'M' 'M' 'M' 'M' 'M' 'U'
 'M' 'M' 'M' 'M' 'M' 'M' 'U' 'M' 'M' 'M' 'M' 'U' 'M' 'M' 'M' 'M' 'M' 'M'
 'M' 'M' 'M' 'M' 'U' 'M' 'M' 'M' 'M' 'M' 'M' 'M' 'M' 'M' 'M' 'M' 'M' 'M'
 'M' 'M' 'M' 'M' 'M' 'M' 'M' 'M' 'M' 'U' 'U' 'M' 'M' 'M' 'M' 'U' 'M' 'U'
 'M' 'M' 'M' 'M' 'M' 'M' 'M' 'M' 'U' 'M' 'M' 'M' 'U' 'M' 'M' 'M' 'M' 'M'
 'M' 'U' 'M' 'M' 'M' 'M' 'U' 'M' 'M' 'M' 'M' 'M' 'M' 'M' 'M' 'M' 'M' 'M'
 'M' 'M' 'M' 'M' 'M' 'M' 'M' 'M' 'M' 'M' 'M' 'M' 'M' 'M' 'M' 'M' 'M' 'M'
 'M' 'M' 'M' 'M' 'M' 'M' 'A' 'M' 'M' 'M' 'M' 'M' 'U' 'M' 'M' 'U' 'M' 'M'
 'U' 'M' 'M' 'M' 'M' 'M' 'M' 'M' 'M' 'M' 'M' 'M' 'M' 'M' 'M' 'U' 'M' 'M'
 'U' 'M' 'M' 'M' 'U' 'M' 'M' 'M' 'M' 'M' 'M' 'M' 'M' 'M' 'M' 'M' 'M' 'M'
 'M' 'M' 'M' 'U' 'U' 'M' 'M' 'U' 'M' 'M' 'M' 'M' 'M' 'M' 'M' 'U' 'M' 'M']"
303401,0,169,1,168,29,0,0,"['A' 'M' 'M' 'M' 'U' 'M' 'M' 'U' 'M' 'M' 'M' 'M' 'M' 'M' 'M' 'M' 'M' 'U'
 'M' 'M' 'M' 'M' 'M' 'M' 'U' 'M' 'M' 'M' 'M' 'M' 'M' 'M' 'M' 'M' 'M' 'M'
 'M' 'U' 'M' 'M' 'M' 'M' 'M' 'M' 'M' 'M' 'M' 'M' 'M' 'M' 'M' 'M' 'M' 'M'
 'M' 'U' 'M' 'M' 'M' 'M' 'M' 'M' 'M' 'U' 'M' 'M' 'M' 'U' 'M' 'M' 'M' 'U'
 'M' 'M' 'M' 'M' 'M' 'M' 'M' 'M' 'M' 'M' 'M' 'M' 'M' 'U' 'M' 'M' 'U' 'M'
 'M' 'U' 'M' 'M' 'M' 'M' 'M' 'M' 'M' 'U' 'M' 'M' 'M' 'M' 'M' 'M' 'M' 'M'
 'M' 'U' 'M' 'M' 'M' 'M' 'M' 'M' 'M' 'M' 'M' 'M' 'M' 'M' 'M' 'M' 'M' 'M'
 'M' 'M' 'M' 'M' 'M' 'M' 'U' 'M' 'M' 'M' 'M' 'M' 'U' 'M' 'U' 'U' 'M' 'M'
 'U' 'M' 'M' 'M' 'M' 'M' 'M' 'M' 'U' 'M' 'M' 'M' 'M' 'M' 'M' 'M' 'M' 'M'
 'U' 'M' 'U' 'M' 'U' 'M' 'M' 'M' 'M' 'M' 'M' 'M' 'M' 'M' 'M' 'M' 'M' 'M'
 'M' 'M' 'M' 'U' 'U' 'M' 'U' 'U' 'M' 'M' 'M' 'M' 'M' 'M' 'M' 'U' 'U' 'M']"
303501,0,169,2,167,29,0,0,"['A' 'M' 'M' 'M' 'U' 'M' 'M' 'U' 'M' 'M' 'M' 'U' 'M' 'M' 'M' 'M' 'U' 'U'
 'M' 'M' 'M' 'U' 'M' 'M' 'U' 'M' 'M' 'M' 'M' 'M' 'U' 'M' 'M' 'M' 'M' 'M'
 'M' 'U' 'M' 'M' 'M' 'M' 'M' 'M' 'M' 'M' 'M' 'M' 'M' 'M' 'M' 'M' 'M' 'M'
 'M' 'M' 'M' 'M' 'M' 'M' 'M' 'M' 'M' 'U' 'U' 'M' 'M' 'U' 'M' 'M' 'U' 'M'
 'M' 'M' 'M' 'M' 'M' 'M' 'M' 'M' 'M' 'U' 'M' 'M' 'M' 'M' 'M' 'M' 'M' 'U'
 'U' 'M' 'M' 'M' 'M' 'M' 'M' 'M' 'M' 'U' 'M' 'M' 'M' 'M' 'M' 'M' 'U' 'M'
 'M' 'U' 'M' 'M' 'M' 'M' 'M' 'M' 'M' 'M' 'M' 'M' 'M' 'M' 'M' 'M' 'M' 'M'
 'M' 'M' 'M' 'M' 'M' 'M' 'M' 'M' 'M' 'U' 'M' 'M' 'M' 'M' 'U' 'M' 'M' 'M'
 'U' 'M' 'M' 'M' 'M' 'M' 'M' 'M' 'U' 'M' 'M' 'M' 'M' 'M' 'U' 'M' 'M' 'M'
 'M' 'M' 'A' 'M' 'U' 'M' 'M' 'M' 'M' 'M' 'M' 'M' 'M' 'M' 'M' 'M' 'M' 'M'
 'M' 'M' 'M' 'U' 'U' 'M' 'U' 'M' 'M' 'M' 'M' 'M' 'M' 'M' 'M' 'M' 'U' 'M']"
303601,0,165,3,162,33,1,0,"['A' 'M' 'M' 'M' 'U' 'M' 'M' 'M' 'M' 'M' 'M' 'M' 'M' 'M' 'M' 'M' 'U' 'U'
 'M' 'M' 'M' 'U' 'M' 'M' 'U' 'M' 'M' 'M' 'M' 'M' 'U' 'M' 'M' 'M' 'M' 'M'
 'M' 'U' 'M' 'M' 'M' 'M' 'M' 'M' 'M' 'M' 'M' 'U' 'M' 'M' 'U' 'M' 'M' 'M'
 'M' 'M' 'U' 'M' 'M' 'M' 'M' 'M' 'M' 'U' 'M' 'M' 'M' 'M' 'U' 'M' 'M' 'U'
 'M' 'M' 'U' 'M' 'M' 'M' 'M' 'M' 'M' 'M' 'M' 'M' 'M' 'M' 'U' 'M' 'M' 'M'
 'M' 'M' 'U' 'M' 'M' 'M' 'M' 'M' 'M' 'U' 'M' 'M' 'M' 'M' 'M' 'M' 'M' 'U'
 'M' 'U' 'M' 'M' 'M' 'M' 'M' 'M' 'M' 'M' 'M' 'M' 'M' 'M' 'M' 'M' 'M' 'U'
 'M' 'M' 'M' 'M' 'M' 'M' 'M' 'M' 'U' 'U' 'M' 'M' 'M' 'M' 'U' 'M' 'M' 'U'
 'U' 'M' 'M' 'M' 'M' 'M' 'M' 'M' 'M' 'M' 'U' 'M' 'M' 'M' 'U' 'M' 'M' 'M'
 'M' 'M' 'A' 'M' 'U' 'M' 'U' 'M' 'M' 'M' 'M' 'M' 'M' 'M' 'M' 'M' 'M' 'M'
 'M' 'M' 'M' 'U' 'U' 'M' 'A' 'M' 'U' 'M' 'M' 'M' 'M' 'M' 'M' 'M' 'U' 'M']"
303701,0,174,3,171,24,0,0,"['A' 'M' 'M' 'M' 'U' 'M' 'M' 'M' 'M' 'M' 'M' 'M' 'M' 'M' 'M' 'M' 'U' 'U'
 'M' 'M' 'M' 'U' 'M' 'M' 'M' 'M' 'M' 'M' 'U' 'M' 'M' 'M' 'M' 'M' 'M' 'M'
 'M' 'M' 'M' 'M' 'M' 'M' 'M' 'M' 'M' 'M' 'M' 'U' 'M' 'M' 'U' 'M' 'M' 'M'
 'M' 'M' 'M' 'M' 'M' 'M' 'M' 'M' 'U' 'M' 'M' 'M' 'M' 'M' 'U' 'U' 'M' 'M'
 'M' 'M' 'U' 'M' 'M' 'M' 'M' 'M' 'M' 'M' 'M' 'M' 'M' 'M' 'M' 'M' 'M' 'M'
 'U' 'M' 'U' 'M' 'M' 'M' 'M' 'M' 'M' 'M' 'M' 'M' 'M' 'M' 'M' 'M' 'M' 'U'
 'M' 'U' 'M' 'M' 'M' 'M' 'M' 'M' 'M' 'M' 'M' 'M' 'M' 'M' 'M' 'M' 'M' 'U'
 'M' 'M' 'M' 'M' 'M' 'M' 'M' 'M' 'U' 'U' 'M' 'M' 'M' 'M' 'M' 'M' 'M' 'U'
 'U' 'M' 'U' 'M' 'M' 'M' 'M' 'M' 'M' 'M' 'U' 'M' 'M' 'M' 'U' 'M' 'M' 'M'
 'M' 'M' 'A' 'M' 'U' 'M' 'M' 'M' 'M' 'M' 'M' 'M' 'M' 'M' 'M' 'M' 'M' 'M'
 'M' 'M' 'M' 'M' 'M' 'M' 'M' 'M' 'A' 'M' 'M' 'M' 'M' 'M' 'M' 'M' 'M' 'M']"
303801,0,169,2,167,29,0,0,"['A' 'M' 'M' 'M' 'U' 'M' 'M' 'M' 'M' 'M' 'M' 'M' 'M' 'M' 'M' 'M' 'U' 'U'
 'M' 'M' 'M' 'U' 'M' 'M' 'M' 'M' 'M' 'M' 'U' 'M' 'M' 'M' 'M' 'M' 'M' 'M'
 'M' 'M' 'M' 'M' 'M' 'M' 'M' 'M' 'M' 'M' 'M' 'U' 'M' 'M' 'U' 'M' 'M' 'M'
 'M' 'M' 'U' 'M' 'M' 'M' 'M' 'M' 'U' 'M' 'M' 'M' 'M' 'M' 'U' 'M' 'M' 'M'
 'M' 'M' 'U' 'M' 'M' 'M' 'M' 'U' 'M' 'M' 'M' 'U' 'M' 'M' 'M' 'M' 'U' 'M'
 'M' 'M' 'M' 'M' 'M' 'M' 'M' 'M' 'M' 'M' 'M' 'U' 'M' 'M' 'M' 'M' 'M' 'U'
 'M' 'A' 'M' 'M' 'M' 'M' 'M' 'M' 'M' 'M' 'M' 'M' 'M' 'M' 'M' 'M' 'M' 'U'
 'M' 'M' 'M' 'M' 'M' 'M' 'M' 'M' 'U' 'U' 'M' 'M' 'M' 'M' 'M' 'M' 'M' 'M'
 'U' 'M' 'M' 'M' 'M' 'U' 'M' 'M' 'M' 'M' 'U' 'M' 'M' 'U' 'U' 'M' 'M' 'M'
 'M' 'M' 'U' 'M' 'U' 'U' 'M' 'M' 'M' 'U' 'M' 'M' 'M' 'M' 'M' 'M' 'M' 'M'
 'M' 'M' 'M' 'M' 'M' 'M' 'M' 'M' 'U' 'M' 'M' 'M' 'M' 'M' 'M' 'M' 'M' 'M']"
303901,0,171,3,168,27,0,0,"['A' 'M' 'M' 'M' 'A' 'M' 'M' 'M' 'M' 'M' 'M' 'M' 'M' 'M' 'U' 'M' 'U' 'U'
 'M' 'M' 'M' 'M' 'M' 'M' 'M' 'M' 'M' 'M' 'U' 'M' 'M' 'M' 'M' 'M' 'M' 'M'
 'M' 'M' 'M' 'M' 'M' 'M' 'M' 'M' 'M' 'M' 'M' 'M' 'M' 'M' 'U' 'M' 'M' 'M'
 'M' 'U' 'M' 'M' 'M' 'M' 'M' 'M' 'U' 'M' 'M' 'M' 'M' 'M' 'U' 'M' 'M' 'M'
 'M' 'M' 'M' 'M' 'M' 'M' 'M' 'M' 'M' 'U' 'M' 'M' 'M' 'U' 'M' 'U' 'M' 'M'
 'M' 'U' 'M' 'M' 'M' 'M' 'M' 'M' 'M' 'M' 'M' 'U' 'M' 'M' 'M' 'M' 'M' 'M'
 'M' 'A' 'M' 'M' 'M' 'M' 'M' 'M' 'M' 'M' 'M' 'M' 'M' 'M' 'U' 'M' 'M' 'U'
 'M' 'M' 'M' 'M' 'M' 'M' 'M' 'M' 'U' 'U' 'M' 'M' 'M' 'M' 'M' 'M' 'M' 'M'
 'U' 'M' 'M' 'M' 'M' 'M' 'M' 'M' 'U' 'M' 'U' 'M' 'M' 'U' 'U' 'M' 'M' 'M'
 'M' 'M' 'U' 'M' 'U' 'U' 'M' 'M' 'M' 'M' 'M' 'M' 'M' 'M' 'M' 'M' 'M' 'M'
 'M' 'M' 'M' 'M' 'M' 'M' 'M' 'M' 'U' 'M' 'M' 'M' 'M' 'M' 'U' 'M' 'M' 'M']"
304001,0,164,3,161,34,0,0,"['A' 'M' 'M' 'M' 'U' 'M' 'M' 'M' 'M' 'M' 'M' 'M' 'M' 'M' 'M' 'M' 'U' 'U'
 'M' 'M' 'M' 'M' 'M' 'M' 'M' 'M' 'M' 'M' 'U' 'M' 'M' 'M' 'M' 'M' 'M' 'M'
 'M' 'M' 'M' 'M' 'M' 'M' 'M' 'M' 'M' 'M' 'M' 'M' 'M' 'M' 'U' 'M' 'M' 'M'
 'M' 'U' 'M' 'M' 'M' 'M' 'M' 'M' 'U' 'M' 'M' 'M' 'M' 'U' 'M' 'M' 'M' 'M'
 'M' 'M' 'U' 'U' 'M' 'M' 'M' 'M' 'M' 'M' 'U' 'M' 'M' 'M' 'M' 'M' 'M' 'M'
 'M' 'U' 'M' 'M' 'M' 'U' 'M' 'M' 'U' 'M' 'M' 'A' 'M' 'M' 'M' 'M' 'M' 'M'
 'M' 'U' 'U' 'M' 'M' 'M' 'M' 'M' 'M' 'M' 'M' 'M' 'M' 'M' 'U' 'U' 'U' 'U'
 'U' 'M' 'M' 'M' 'M' 'M' 'M' 'M' 'U' 'U' 'M' 'M' 'M' 'M' 'M' 'M' 'M' 'M'
 'U' 'M' 'U' 'M' 'M' 'M' 'M' 'M' 'M' 'M' 'U' 'M' 'M' 'U' 'A' 'M' 'M' 'M'
 'M' 'M' 'U' 'M' 'U' 'U' 'U' 'M' 'M' 'M' 'M' 'U' 'M' 'M' 'M' 'M' 'M' 'M'
 'M' 'M' 'M' 'M' 'M' 'M' 'M' 'M' 'U' 'M' 'M' 'M' 'U' 'M' 'M' 'M' 'M' 'M']"
304101,0,157,3,154,41,0,0,"['A' 'U' 'M' 'M' 'M' 'M' 'M' 'M' 'M' 'M' 'M' 'M' 'M' 'M' 'M' 'M' 'U' 'U'
 'M' 'M' 'M' 'M' 'M' 'M' 'M' 'M' 'M' 'M' 'M' 'M' 'M' 'M' 'M' 'U' 'M' 'M'
 'M' 'M' 'M' 'M' 'M' 'M' 'M' 'M' 'M' 'M' 'U' 'M' 'M' 'M' 'U' 'M' 'M' 'M'
 'U' 'M' 'M' 'M' 'U' 'M' 'M' 'M' 'M' 'M' 'M' 'M' 'M' 'M' 'M' 'M' 'M' 'M'
 'M' 'U' 'M' 'M' 'M' 'M' 'M' 'M' 'M' 'U' 'M' 'M' 'M' 'U' 'M' 'M' 'M' 'M'
 'U' 'M' 'M' 'U' 'M' 'U' 'M' 'M' 'U' 'M' 'M' 'A' 'M' 'M' 'M' 'M' 'M' 'M'
 'M' 'U' 'U' 'M' 'M' 'M' 'M' 'M' 'M' 'M' 'U' 'M' 'M' 'M' 'M' 'M' 'M' 'U'
 'U' 'M' 'M' 'M' 'U' 'U' 'U' 'U' 'U' 'U' 'U' 'U' 'U' 'M' 'M' 'M' 'M' 'M'
 'U' 'U' 'M' 'M' 'M' 'M' 'U' 'M' 'M' 'M' 'U' 'M' 'M' 'U' 'A' 'M' 'M' 'M'
 'M' 'M' 'U' 'M' 'U' 'M' 'U' 'M' 'M' 'M' 'M' 'U' 'M' 'M' 'M' 'M' 'M' 'M'
 'M' 'M' 'M' 'U' 'M' 'M' 'U' 'M' 'U' 'M' 'M' 'M' 'M' 'M' 'M' 'M' 'M' 'M']"
304201,0,156,3,153,42,1,0,"['A' 'U' 'M' 'M' 'M' 'M' 'M' 'M' 'M' 'U' 'M' 'M' 'M' 'M' 'M' 'M' 'U' 'U'
 'M' 'M' 'M' 'M' 'M' 'M' 'M' 'M' 'M' 'M' 'M' 'M' 'M' 'M' 'M' 'M' 'M' 'M'
 'M' 'M' 'M' 'M' 'M' 'M' 'M' 'M' 'M' 'M' 'M' 'M' 'U' 'M' 'U' 'M' 'M' 'U'
 'U' 'M' 'M' 'M' 'U' 'M' 'M' 'M' 'M' 'M' 'M' 'M' 'U' 'M' 'M' 'M' 'U' 'M'
 'M' 'M' 'M' 'M' 'M' 'M' 'M' 'U' 'M' 'M' 'M' 'M' 'M' 'M' 'M' 'M' 'M' 'M'
 'M' 'U' 'M' 'M' 'U' 'U' 'M' 'U' 'U' 'M' 'M' 'A' 'M' 'M' 'M' 'M' 'M' 'M'
 'M' 'U' 'U' 'M' 'U' 'M' 'M' 'M' 'M' 'M' 'U' 'M' 'M' 'M' 'M' 'M' 'M' 'U'
 'U' 'M' 'M' 'M' 'M' 'U' 'U' 'U' 'M' 'U' 'U' 'U' 'U' 'M' 'M' 'M' 'M' 'M'
 'U' 'U' 'M' 'M' 'M' 'M' 'U' 'M' 'M' 'M' 'U' 'U' 'M' 'U' 'A' 'M' 'M' 'M'
 'U' 'M' 'M' 'M' 'M' 'M' 'U' 'M' 'M' 'M' 'M' 'U' 'M' 'M' 'M' 'M' 'M' 'M'
 'M' 'M' 'M' 'U' 'M' 'M' 'U' 'M' 'M' 'M' 'M' 'U' 'M' 'M' 'M' 'M' 'M' 'M']"
304301,0,160,5,155,38,0,0,"['A' 'U' 'M' 'M' 'M' 'M' 'U' 'M' 'M' 'U' 'M' 'M' 'M' 'M' 'M' 'M' 'A' 'U'
 'M' 'M' 'M' 'M' 'M' 'M' 'M' 'M' 'M' 'M' 'M' 'U' 'M' 'M' 'M' 'M' 'M' 'M'
 'M' 'M' 'M' 'M' 'M' 'M' 'M' 'M' 'M' 'M' 'M' 'M' 'M' 'M' 'M' 'M' 'M' 'U'
 'U' 'M' 'M' 'M' 'U' 'M' 'M' 'M' 'M' 'M' 'M' 'M' 'U' 'U' 'M' 'M' 'M' 'M'
 'M' 'M' 'U' 'M' 'M' 'M' 'M' 'M' 'M' 'M' 'M' 'M' 'M' 'M' 'M' 'M' 'U' 'M'
 'M' 'M' 'M' 'U' 'M' 'U' 'M' 'M' 'U' 'M' 'M' 'A' 'M' 'M' 'M' 'M' 'M' 'M'
 'M' 'U' 'A' 'M' 'U' 'M' 'U' 'M' 'M' 'M' 'U' 'M' 'M' 'M' 'M' 'U' 'M' 'U'
 'U' 'M' 'M' 'M' 'M' 'M' 'U' 'U' 'U' 'U' 'U' 'U' 'U' 'M' 'M' 'M' 'M' 'M'
 'U' 'M' 'M' 'M' 'M' 'M' 'U' 'M' 'M' 'M' 'U' 'U' 'M' 'U' 'A' 'M' 'M' 'M'
 'M' 'M' 'M' 'M' 'M' 'M' 'U' 'M' 'M' 'M' 'M' 'M' 'M' 'M' 'M' 'M' 'M' 'M'
 'M' 'M' 'M' 'U' 'M' 'M' 'U' 'M' 'M' 'M' 'M' 'U' 'M' 'M' 'M' 'M' 'M' 'M']"
304401,0,171,7,164,27,0,0,"['A' 'U' 'M' 'M' 'M' 'U' 'M' 'M' 'M' 'M' 'M' 'M' 'M' 'M' 'M' 'M' 'A' 'U'
 'M' 'M' 'M' 'M' 'M' 'M' 'M' 'M' 'M' 'M' 'M' 'U' 'M' 'U' 'M' 'M' 'M' 'M'
 'M' 'M' 'M' 'M' 'M' 'M' 'M' 'M' 'M' 'M' 'M' 'M' 'M' 'M' 'M' 'M' 'M' 'U'
 'U' 'M' 'M' 'M' 'U' 'M' 'M' 'M' 'M' 'M' 'M' 'M' 'M' 'M' 'M' 'M' 'M' 'M'
 'M' 'M' 'M' 'M' 'M' 'M' 'M' 'U' 'U' 'M' 'M' 'M' 'M' 'U' 'M' 'M' 'M' 'U'
 'M' 'M' 'M' 'U' 'M' 'M' 'M' 'M' 'M' 'M' 'M' 'A' 'M' 'M' 'M' 'M' 'M' 'M'
 'M' 'U' 'A' 'M' 'M' 'M' 'U' 'M' 'M' 'M' 'U' 'M' 'M' 'M' 'M' 'M' 'M' 'U'
 'M' 'M' 'M' 'M' 'M' 'M' 'M' 'U' 'U' 'U' 'M' 'A' 'M' 'M' 'M' 'M' 'M' 'M'
 'U' 'M' 'M' 'M' 'M' 'U' 'U' 'M' 'M' 'M' 'M' 'M' 'M' 'M' 'A' 'M' 'M' 'M'
 'M' 'M' 'M' 'M' 'M' 'M' 'M' 'M' 'M' 'A' 'M' 'M' 'M' 'M' 'M' 'M' 'M' 'M'
 'M' 'M' 'U' 'U' 'M' 'M' 'U' 'M' 'M' 'M' 'M' 'U' 'M' 'M' 'M' 'M' 'M' 'M']"
304501,0,171,8,163,27,0,0,"['A' 'M' 'M' 'M' 'M' 'M' 'M' 'M' 'M' 'M' 'M' 'M' 'U' 'M' 'M' 'M' 'A' 'U'
 'M' 'M' 'M' 'M' 'U' 'M' 'M' 'M' 'M' 'M' 'M' 'U' 'U' 'U' 'M' 'M' 'M' 'M'
 'M' 'U' 'M' 'M' 'M' 'M' 'M' 'M' 'M' 'M' 'M' 'U' 'M' 'M' 'M' 'M' 'M' 'M'
 'U' 'M' 'M' 'M' 'M' 'M' 'M' 'M' 'M' 'M' 'M' 'M' 'M' 'M' 'M' 'U' 'M' 'M'
 'M' 'M' 'U' 'M' 'M' 'M' 'M' 'M' 'U' 'M' 'M' 'M' 'M' 'U' 'M' 'M' 'M' 'M'
 'M' 'M' 'U' 'M' 'M' 'M' 'M' 'M' 'M' 'M' 'A' 'U' 'M' 'M' 'M' 'M' 'M' 'M'
 'M' 'U' 'A' 'M' 'M' 'M' 'A' 'M' 'M' 'M' 'U' 'M' 'M' 'M' 'M' 'M' 'M' 'U'
 'M' 'M' 'M' 'M' 'M' 'M' 'A' 'M' 'U' 'M' 'M' 'U' 'M' 'M' 'M' 'M' 'M' 'M'
 'M' 'M' 'M' 'M' 'M' 'U' 'U' 'M' 'M' 'M' 'M' 'M' 'M' 'M' 'A' 'M' 'M' 'M'
 'M' 'M' 'M' 'U' 'M' 'M' 'M' 'M' 'M' 'A' 'M' 'M' 'M' 'M' 'M' 'M' 'M' 'M'
 'M' 'M' 'U' 'M' 'M' 'M' 'U' 'M' 'M' 'U' 'M' 'U' 'M' 'M' 'M' 'M' 'M' 'M']"
304601,0,159,6,153,39,0,0,"['A' 'M' 'M' 'U' 'M' 'M' 'M' 'M' 'M' 'U' 'M' 'M' 'U' 'M' 'M' 'M' 'U' 'U'
 'M' 'M' 'M' 'M' 'U' 'M' 'M' 'M' 'M' 'U' 'M' 'U' 'U' 'U' 'M' 'M' 'M' 'M'
 'M' 'U' 'M' 'M' 'M' 'M' 'M' 'M' 'M' 'M' 'M' 'U' 'M' 'M' 'M' 'M' 'M' 'M'
 'M' 'M' 'U' 'M' 'M' 'M' 'M' 'M' 'M' 'M' 'M' 'M' 'M' 'M' 'M' 'M' 'M' 'M'
 'M' 'M' 'M' 'M' 'M' 'M' 'M' 'M' 'M' 'M' 'M' 'U' 'U' 'M' 'M' 'M' 'M' 'U'
 'U' 'M' 'M' 'U' 'M' 'M' 'M' 'M' 'M' 'U' 'A' 'M' 'M' 'M' 'M' 'U' 'M' 'U'
 'M' 'U' 'U' 'M' 'U' 'U' 'A' 'M' 'M' 'M' 'U' 'M' 'M' 'M' 'M' 'M' 'M' 'M'
 'M' 'M' 'M' 'M' 'M' 'M' 'A' 'M' 'U' 'M' 'M' 'U' 'M' 'U' 'M' 'M' 'M' 'M'
 'M' 'M' 'M' 'M' 'U' 'U' 'A' 'U' 'M' 'M' 'M' 'M' 'M' 'M' 'A' 'M' 'M' 'M'
 'M' 'M' 'M' 'U' 'M' 'M' 'M' 'M' 'M' 'U' 'M' 'M' 'M' 'M' 'M' 'M' 'M' 'M'
 'M' 'M' 'U' 'M' 'M' 'M' 'U' 'M' 'M' 'U' 'U' 'U' 'M' 'M' 'M' 'M' 'M' 'M']"
304701,0,157,4,153,41,0,0,"['A' 'M' 'M' 'U' 'M' 'M' 'M' 'M' 'M' 'U' 'M' 'M' 'U' 'M' 'M' 'M' 'U' 'U'
 'M' 'M' 'M' 'M' 'U' 'M' 'M' 'M' 'M' 'U' 'M' 'M' 'M' 'M' 'M' 'U' 'M' 'M'
 'M' 'U' 'M' 'M' 'M' 'M' 'M' 'M' 'M' 'M' 'M' 'U' 'M' 'M' 'M' 'M' 'M' 'M'
 'M' 'M' 'M' 'U' 'M' 'M' 'U' 'M' 'M' 'M' 'M' 'M' 'U' 'M' 'M' 'M' 'M' 'M'
 'M' 'M' 'M' 'U' 'U' 'M' 'M' 'M' 'M' 'M' 'M' 'M' 'M' 'M' 'U' 'M' 'U' 'M'
 'M' 'M' 'M' 'M' 'M' 'M' 'M' 'M' 'M' 'U' 'A' 'M' 'M' 'M' 'M' 'U' 'M' 'U'
 'M' 'U' 'U' 'M' 'U' 'M' 'A' 'M' 'M' 'M' 'U' 'M' 'M' 'M' 'M' 'M' 'M' 'M'
 'M' 'M' 'M' 'M' 'U' 'M' 'U' 'M' 'U' 'M' 'M' 'U' 'M' 'M' 'M' 'M' 'M' 'M'
 'M' 'U' 'M' 'M' 'U' 'U' 'U' 'U' 'M' 'M' 'M' 'M' 'U' 'M' 'U' 'M' 'M' 'M'
 'M' 'M' 'M' 'A' 'M' 'M' 'M' 'M' 'M' 'U' 'M' 'U' 'M' 'M' 'M' 'M' 'M' 'M'
 'M' 'M' 'U' 'M' 'M' 'M' 'U' 'M' 'M' 'U' 'M' 'U' 'M' 'M' 'M' 'M' 'M' 'M']"
304801,0,151,2,149,47,0,0,"['A' 'M' 'M' 'U' 'M' 'M' 'M' 'M' 'U' 'U' 'U' 'M' 'U' 'M' 'M' 'M' 'U' 'U'
 'M' 'M' 'M' 'M' 'U' 'M' 'U' 'M' 'M' 'U' 'M' 'M' 'M' 'M' 'M' 'U' 'M' 'M'
 'U' 'U' 'M' 'M' 'M' 'M' 'M' 'M' 'M' 'M' 'M' 'M' 'M' 'M' 'M' 'U' 'M' 'M'
 'M' 'M' 'M' 'U' 'M' 'M' 'M' 'M' 'M' 'U' 'M' 'M' 'U' 'M' 'M' 'M' 'M' 'M'
 'U' 'M' 'M' 'M' 'M' 'U' 'M' 'M' 'M' 'M' 'M' 'M' 'M' 'M' 'M' 'U' 'M' 'M'
 'M' 'M' 'M' 'U' 'M' 'U' 'M' 'M' 'M' 'U' 'U' 'M' 'M' 'M' 'M' 'U' 'M' 'U'
 'M' 'U' 'U' 'M' 'U' 'M' 'A' 'M' 'U' 'M' 'U' 'M' 'M' 'M' 'M' 'M' 'M' 'M'
 'M' 'M' 'M' 'M' 'U' 'M' 'U' 'M' 'U' 'M' 'M' 'U' 'M' 'M' 'M' 'M' 'M' 'M'
 'M' 'M' 'M' 'M' 'U' 'U' 'U' 'U' 'M' 'M' 'M' 'M' 'U' 'M' 'U' 'M' 'M' 'M'
 'M' 'M' 'M' 'M' 'M' 'M' 'M' 'M' 'M' 'U' 'M' 'U' 'M' 'M' 'M' 'M' 'M' 'M'
 'M' 'M' 'M' 'M' 'M' 'M' 'U' 'M' 'M' 'U' 'M' 'U' 'M' 'U' 'M' 'M' 'M' 'M']"
304901,0,150,2,148,48,0,0,"['A' 'M' 'M' 'U' 'M' 'M' 'M' 'M' 'M' 'U' 'U' 'M' 'U' 'M' 'M' 'M' 'U' 'U'
 'M' 'M' 'M' 'M' 'M' 'M' 'M' 'M' 'M' 'U' 'M' 'M' 'U' 'M' 'M' 'M' 'M' 'M'
 'U' 'U' 'M' 'U' 'M' 'M' 'M' 'M' 'M' 'M' 'M' 'M' 'M' 'M' 'M' 'U' 'M' 'M'
 'M' 'M' 'M' 'U' 'M' 'M' 'M' 'M' 'M' 'U' 'M' 'M' 'M' 'M' 'M' 'M' 'M' 'M'
 'M' 'M' 'M' 'M' 'M' 'M' 'U' 'M' 'M' 'M' 'M' 'U' 'M' 'M' 'M' 'M' 'M' 'M'
 'M' 'U' 'M' 'U' 'U' 'U' 'M' 'M' 'M' 'U' 'M' 'M' 'M' 'M' 'M' 'U' 'M' 'U'
 'M' 'U' 'U' 'M' 'U' 'M' 'A' 'M' 'U' 'M' 'U' 'M' 'M' 'M' 'M' 'M' 'M' 'M'
 'M' 'M' 'M' 'M' 'U' 'M' 'U' 'U' 'U' 'U' 'U' 'U' 'U' 'M' 'M' 'M' 'M' 'M'
 'M' 'M' 'M' 'M' 'U' 'U' 'U' 'U' 'M' 'M' 'M' 'M' 'U' 'M' 'U' 'U' 'M' 'M'
 'M' 'M' 'M' 'M' 'M' 'M' 'M' 'M' 'M' 'U' 'M' 'M' 'M' 'M' 'M' 'M' 'M' 'M'
 'M' 'M' 'M' 'M' 'M' 'M' 'U' 'M' 'M' 'U' 'M' 'U' 'M' 'U' 'M' 'M' 'M' 'M']"
305001,0,156,4,152,42,0,0,"['A' 'M' 'M' 'A' 'M' 'M' 'M' 'M' 'M' 'U' 'U' 'M' 'M' 'M' 'M' 'M' 'U' 'U'
 'M' 'M' 'M' 'M' 'M' 'M' 'M' 'M' 'M' 'U' 'M' 'M' 'U' 'M' 'M' 'M' 'M' 'M'
 'U' 'M' 'M' 'U' 'M' 'M' 'M' 'U' 'M' 'M' 'M' 'M' 'M' 'M' 'M' 'M' 'M' 'M'
 'M' 'M' 'M' 'M' 'M' 'M' 'M' 'M' 'M' 'U' 'M' 'M' 'U' 'M' 'M' 'M' 'U' 'U'
 'M' 'M' 'M' 'M' 'M' 'M' 'M' 'M' 'M' 'M' 'M' 'U' 'M' 'M' 'M' 'M' 'U' 'M'
 'M' 'M' 'M' 'M' 'M' 'U' 'M' 'M' 'M' 'A' 'M' 'M' 'M' 'M' 'M' 'U' 'M' 'U'
 'M' 'U' 'M' 'M' 'M' 'M' 'A' 'M' 'U' 'M' 'U' 'M' 'U' 'M' 'M' 'M' 'U' 'M'
 'M' 'M' 'M' 'M' 'M' 'M' 'U' 'U' 'U' 'U' 'U' 'U' 'U' 'M' 'M' 'M' 'M' 'M'
 'M' 'M' 'M' 'M' 'U' 'M' 'U' 'M' 'M' 'M' 'M' 'M' 'U' 'M' 'U' 'U' 'M' 'M'
 'M' 'M' 'M' 'M' 'M' 'M' 'M' 'M' 'M' 'U' 'M' 'M' 'M' 'U' 'M' 'M' 'M' 'M'
 'M' 'M' 'M' 'M' 'U' 'M' 'U' 'M' 'M' 'U' 'M' 'U' 'M' 'U' 'M' 'M' 'M' 'M']"
305101,0,157,1,156,41,0,0,"['A' 'M' 'U' 'U' 'M' 'M' 'M' 'M' 'M' 'U' 'M' 'M' 'M' 'M' 'M' 'M' 'U' 'U'
 'M' 'M' 'M' 'M' 'M' 'M' 'M' 'M' 'M' 'M' 'U' 'M' 'U' 'M' 'M' 'M' 'M' 'M'
 'U' 'M' 'M' 'U' 'M' 'M' 'M' 'U' 'M' 'M' 'M' 'M' 'M' 'M' 'M' 'M' 'M' 'M'
 'M' 'M' 'M' 'M' 'M' 'M' 'M' 'M' 'M' 'M' 'M' 'U' 'U' 'U' 'M' 'M' 'M' 'M'
 'M' 'M' 'M' 'M' 'U' 'M' 'M' 'M' 'M' 'M' 'M' 'M' 'M' 'M' 'M' 'U' 'M' 'M'
 'M' 'M' 'M' 'M' 'M' 'U' 'M' 'M' 'M' 'U' 'U' 'M' 'M' 'M' 'M' 'U' 'M' 'M'
 'M' 'U' 'M' 'M' 'M' 'M' 'U' 'M' 'U' 'M' 'U' 'M' 'U' 'M' 'M' 'M' 'M' 'U'
 'M' 'M' 'M' 'M' 'M' 'M' 'U' 'U' 'U' 'U' 'U' 'U' 'U' 'M' 'M' 'M' 'M' 'M'
 'M' 'M' 'M' 'M' 'M' 'M' 'U' 'M' 'M' 'M' 'M' 'M' 'U' 'M' 'U' 'U' 'M' 'M'
 'M' 'M' 'M' 'M' 'M' 'M' 'M' 'M' 'M' 'U' 'M' 'M' 'M' 'U' 'M' 'M' 'M' 'M'
 'M' 'M' 'M' 'M' 'M' 'M' 'U' 'M' 'M' 'U' 'M' 'U' 'M' 'M' 'M' 'M' 'M' 'M']"
305201,0,158,2,156,40,0,0,"['A' 'M' 'U' 'U' 'M' 'M' 'U' 'M' 'M' 'M' 'M' 'M' 'M' 'M' 'M' 'M' 'M' 'U'
 'M' 'M' 'M' 'M' 'M' 'M' 'M' 'M' 'M' 'M' 'U' 'M' 'U' 'M' 'U' 'M' 'M' 'M'
 'U' 'M' 'M' 'M' 'M' 'M' 'M' 'U' 'M' 'M' 'M' 'M' 'M' 'M' 'M' 'M' 'M' 'M'
 'M' 'M' 'M' 'M' 'M' 'M' 'M' 'M' 'M' 'M' 'M' 'M' 'M' 'M' 'U' 'M' 'M' 'M'
 'M' 'M' 'M' 'M' 'M' 'M' 'M' 'M' 'U' 'U' 'M' 'M' 'M' 'U' 'M' 'M' 'M' 'U'
 'M' 'M' 'M' 'M' 'M' 'U' 'M' 'M' 'M' 'U' 'U' 'M' 'M' 'M' 'M' 'U' 'M' 'M'
 'M' 'U' 'M' 'M' 'M' 'M' 'M' 'M' 'M' 'M' 'U' 'M' 'A' 'M' 'M' 'M' 'M' 'U'
 'M' 'M' 'M' 'M' 'M' 'M' 'M' 'U' 'U' 'U' 'U' 'U' 'U' 'M' 'M' 'M' 'M' 'M'
 'M' 'M' 'M' 'M' 'M' 'U' 'U' 'M' 'U' 'M' 'M' 'M' 'U' 'M' 'U' 'U' 'M' 'M'
 'U' 'M' 'M' 'M' 'M' 'M' 'M' 'M' 'M' 'U' 'M' 'M' 'M' 'U' 'M' 'M' 'M' 'M'
 'M' 'M' 'U' 'M' 'M' 'M' 'U' 'M' 'M' 'M' 'M' 'U' 'U' 'M' 'M' 'M' 'M' 'M']"
305301,0,160,2,158,38,0,0,"['A' 'U' 'M' 'M' 'M' 'M' 'U' 'M' 'M' 'M' 'M' 'M' 'M' 'U' 'M' 'U' 'M' 'U'
 'M' 'M' 'M' 'M' 'M' 'M' 'M' 'M' 'M' 'M' 'M' 'M' 'U' 'M' 'U' 'M' 'M' 'M'
 'U' 'M' 'M' 'M' 'M' 'M' 'M' 'U' 'M' 'M' 'M' 'M' 'M' 'M' 'M' 'M' 'M' 'M'
 'M' 'M' 'M' 'M' 'M' 'M' 'M' 'M' 'M' 'M' 'M' 'M' 'M' 'M' 'M' 'U' 'M' 'M'
 'M' 'M' 'M' 'M' 'M' 'M' 'M' 'M' 'M' 'U' 'M' 'M' 'M' 'M' 'M' 'U' 'M' 'M'
 'M' 'U' 'U' 'M' 'M' 'U' 'M' 'M' 'M' 'U' 'U' 'M' 'M' 'M' 'M' 'U' 'M' 'M'
 'M' 'U' 'M' 'M' 'M' 'M' 'M' 'M' 'M' 'M' 'U' 'M' 'A' 'M' 'M' 'M' 'M' 'U'
 'M' 'M' 'M' 'M' 'M' 'U' 'U' 'M' 'U' 'U' 'U' 'U' 'U' 'M' 'M' 'M' 'M' 'M'
 'M' 'M' 'M' 'M' 'M' 'M' 'U' 'M' 'U' 'M' 'M' 'M' 'U' 'M' 'U' 'U' 'M' 'M'
 'M' 'M' 'M' 'M' 'M' 'M' 'M' 'M' 'M' 'U' 'M' 'M' 'M' 'U' 'M' 'M' 'M' 'M'
 'M' 'M' 'M' 'M' 'M' 'M' 'U' 'M' 'M' 'M' 'M' 'U' 'U' 'M' 'M' 'M' 'M' 'M']"
305401,0,162,2,160,36,0,0,"['A' 'U' 'M' 'M' 'M' 'M' 'M' 'M' 'M' 'M' 'M' 'M' 'M' 'U' 'M' 'U' 'M' 'U'
 'M' 'M' 'M' 'M' 'M' 'M' 'M' 'M' 'M' 'M' 'U' 'M' 'U' 'M' 'M' 'U' 'M' 'M'
 'U' 'M' 'M' 'M' 'M' 'M' 'M' 'U' 'M' 'M' 'M' 'M' 'U' 'M' 'M' 'M' 'M' 'M'
 'M' 'M' 'M' 'M' 'M' 'M' 'M' 'M' 'M' 'M' 'M' 'M' 'M' 'M' 'M' 'M' 'M' 'M'
 'U' 'M' 'M' 'U' 'U' 'M' 'M' 'M' 'M' 'M' 'M' 'M' 'M' 'U' 'U' 'M' 'M' 'M'
 'M' 'M' 'M' 'M' 'M' 'U' 'M' 'M' 'M' 'U' 'M' 'M' 'M' 'M' 'M' 'U' 'M' 'M'
 'M' 'U' 'M' 'M' 'M' 'M' 'M' 'M' 'M' 'M' 'U' 'M' 'A' 'M' 'M' 'M' 'M' 'M'
 'M' 'M' 'M' 'M' 'U' 'U' 'U' 'M' 'U' 'U' 'U' 'U' 'U' 'M' 'M' 'M' 'U' 'M'
 'M' 'M' 'M' 'M' 'M' 'M' 'M' 'M' 'U' 'M' 'M' 'M' 'U' 'M' 'U' 'M' 'M' 'M'
 'M' 'M' 'M' 'M' 'M' 'M' 'M' 'M' 'M' 'U' 'M' 'M' 'M' 'U' 'M' 'M' 'M' 'M'
 'M' 'M' 'U' 'M' 'M' 'M' 'U' 'M' 'M' 'M' 'M' 'M' 'M' 'M' 'M' 'M' 'M' 'M']"
305501,0,164,1,163,34,0,0,"['A' 'U' 'M' 'M' 'M' 'M' 'M' 'M' 'M' 'M' 'M' 'M' 'M' 'M' 'M' 'U' 'M' 'U'
 'M' 'M' 'M' 'M' 'M' 'M' 'M' 'M' 'M' 'M' 'U' 'M' 'U' 'M' 'M' 'U' 'U' 'M'
 'U' 'M' 'M' 'M' 'M' 'M' 'M' 'U' 'M' 'M' 'M' 'M' 'U' 'M' 'M' 'M' 'M' 'M'
 'M' 'M' 'M' 'M' 'M' 'M' 'M' 'M' 'M' 'M' 'M' 'M' 'M' 'M' 'M' 'M' 'U' 'M'
 'M' 'M' 'M' 'M' 'M' 'M' 'U' 'U' 'M' 'M' 'M' 'M' 'M' 'M' 'M' 'U' 'M' 'M'
 'U' 'M' 'M' 'M' 'M' 'U' 'M' 'M' 'M' 'U' 'U' 'M' 'M' 'M' 'M' 'M' 'M' 'M'
 'M' 'M' 'M' 'M' 'M' 'M' 'M' 'M' 'M' 'M' 'U' 'M' 'U' 'M' 'M' 'M' 'M' 'M'
 'M' 'M' 'M' 'M' 'U' 'M' 'U' 'M' 'U' 'U' 'U' 'U' 'U' 'M' 'M' 'M' 'M' 'M'
 'M' 'M' 'M' 'M' 'M' 'M' 'M' 'M' 'U' 'M' 'M' 'M' 'U' 'M' 'U' 'M' 'M' 'M'
 'M' 'M' 'M' 'M' 'M' 'M' 'M' 'M' 'M' 'U' 'M' 'M' 'M' 'U' 'M' 'M' 'M' 'M'
 'M' 'M' 'U' 'M' 'M' 'M' 'U' 'M' 'M' 'M' 'M' 'M' 'M' 'M' 'M' 'M' 'M' 'M']"
305601,0,164,1,163,34,0,0,"['A' 'U' 'M' 'M' 'M' 'M' 'M' 'M' 'M' 'M' 'M' 'M' 'M' 'M' 'M' 'M' 'M' 'U'
 'M' 'M' 'M' 'M' 'M' 'M' 'M' 'M' 'M' 'M' 'M' 'M' 'U' 'M' 'M' 'U' 'U' 'M'
 'M' 'M' 'M' 'M' 'M' 'M' 'M' 'U' 'M' 'M' 'M' 'M' 'U' 'M' 'M' 'M' 'M' 'M'
 'M' 'M' 'M' 'M' 'M' 'M' 'M' 'M' 'M' 'M' 'M' 'M' 'M' 'M' 'M' 'M' 'M' 'M'
 'U' 'M' 'U' 'M' 'M' 'M' 'M' 'M' 'M' 'M' 'U' 'M' 'M' 'U' 'U' 'M' 'M' 'M'
 'M' 'M' 'M' 'M' 'M' 'U' 'M' 'M' 'M' 'U' 'U' 'M' 'M' 'M' 'M' 'M' 'M' 'M'
 'M' 'U' 'M' 'M' 'M' 'M' 'M' 'M' 'M' 'M' 'U' 'M' 'U' 'M' 'M' 'M' 'M' 'U'
 'M' 'M' 'M' 'M' 'M' 'M' 'U' 'M' 'U' 'U' 'U' 'U' 'U' 'M' 'M' 'M' 'M' 'M'
 'M' 'M' 'M' 'M' 'M' 'M' 'M' 'M' 'U' 'M' 'M' 'M' 'U' 'M' 'U' 'M' 'M' 'M'
 'M' 'M' 'M' 'M' 'M' 'M' 'M' 'M' 'U' 'U' 'M' 'U' 'M' 'U' 'M' 'M' 'M' 'M'
 'M' 'M' 'U' 'M' 'M' 'M' 'U' 'M' 'M' 'M' 'M' 'M' 'M' 'M' 'M' 'M' 'M' 'M']"
305701,1,165,2,163,33,0,0,"['A' 'U' 'M' 'M' 'M' 'M' 'M' 'M' 'M' 'M' 'M' 'M' 'U' 'M' 'M' 'M' 'M' 'U'
 'M' 'M' 'M' 'M' 'M' 'M' 'M' 'M' 'M' 'M' 'M' 'M' 'U' 'M' 'U' 'U' 'M' 'M'
 'M' 'M' 'M' 'M' 'M' 'M' 'M' 'U' 'M' 'M' 'M' 'M' 'U' 'M' 'M' 'M' 'M' 'M'
 'M' 'M' 'M' 'M' 'M' 'M' 'U' 'M' 'M' 'M' 'M' 'M' 'M' 'M' 'M' 'M' 'U' 'M'
 'M' 'M' 'M' 'M' 'U' 'M' 'M' 'M' 'U' 'U' 'M' 'U' 'M' 'M' 'M' 'M' 'M' 'M'
 'M' 'M' 'M' 'M' 'M' 'U' 'U' 'M' 'M' 'U' 'U' 'M' 'M' 'M' 'M' 'M' 'M' 'M'
 'M' 'M' 'M' 'M' 'M' 'M' 'M' 'M' 'M' 'M' 'U' 'M' 'U' 'M' 'M' 'M' 'M' 'U'
 'M' 'M' 'M' 'M' 'M' 'M' 'M' 'M' 'U' 'M' 'U' 'M' 'U' 'M' 'M' 'M' 'M' 'M'
 'M' 'M' 'M' 'M' 'M' 'M' 'U' 'M' 'M' 'M' 'M' 'M' 'A' 'M' 'U' 'M' 'M' 'M'
 'M' 'M' 'M' 'U' 'M' 'M' 'M' 'M' 'U' 'U' 'U' 'U' 'M' 'M' 'M' 'M' 'M' 'M'
 'M' 'M' 'U' 'M' 'M' 'M' 'U' 'M' 'M' 'M' 'M' 'M' 'M' 'M' 'M' 'M' 'M' 'M']"
305801,0,166,3,163,32,0,0,"['A' 'U' 'M' 'M' 'M' 'M' 'M' 'M' 'M' 'M' 'M' 'M' 'M' 'M' 'M' 'M' 'M' 'M'
 'M' 'M' 'M' 'M' 'M' 'M' 'M' 'M' 'M' 'M' 'M' 'M' 'M' 'M' 'U' 'U' 'M' 'M'
 'M' 'M' 'M' 'M' 'M' 'M' 'M' 'M' 'M' 'M' 'M' 'M' 'U' 'M' 'M' 'M' 'M' 'M'
 'M' 'M' 'M' 'M' 'M' 'M' 'M' 'M' 'M' 'M' 'M' 'M' 'M' 'M' 'M' 'M' 'U' 'U'
 'M' 'M' 'M' 'M' 'M' 'U' 'M' 'U' 'M' 'M' 'M' 'M' 'M' 'M' 'M' 'M' 'M' 'M'
 'M' 'M' 'U' 'M' 'M' 'U' 'U' 'M' 'M' 'U' 'U' 'M' 'M' 'M' 'M' 'M' 'M' 'M'
 'M' 'M' 'M' 'M' 'M' 'M' 'U' 'M' 'M' 'M' 'M' 'M' 'U' 'M' 'M' 'M' 'M' 'M'
 'M' 'M' 'M' 'M' 'M' 'A' 'M' 'U' 'U' 'U' 'U' 'M' 'U' 'U' 'U' 'M' 'M' 'M'
 'M' 'M' 'M' 'M' 'M' 'M' 'U' 'M' 'M' 'M' 'M' 'M' 'A' 'M' 'U' 'M' 'M' 'M'
 'M' 'M' 'M' 'U' 'M' 'M' 'M' 'M' 'U' 'U' 'U' 'U' 'M' 'M' 'M' 'M' 'M' 'M'
 'M' 'M' 'U' 'M' 'U' 'M' 'U' 'M' 'M' 'M' 'M' 'M' 'M' 'M' 'M' 'M' 'M' 'M']"
305901,0,165,3,162,33,0,0,"['A' 'U' 'M' 'M' 'U' 'M' 'M' 'M' 'M' 'M' 'M' 'U' 'M' 'M' 'M' 'M' 'M' 'M'
 'M' 'M' 'M' 'M' 'M' 'M' 'M' 'M' 'M' 'M' 'M' 'U' 'M' 'M' 'U' 'U' 'M' 'M'
 'M' 'M' 'M' 'M' 'M' 'M' 'M' 'M' 'M' 'M' 'U' 'M' 'U' 'M' 'M' 'M' 'M' 'M'
 'M' 'M' 'M' 'M' 'M' 'M' 'M' 'M' 'M' 'M' 'M' 'M' 'M' 'M' 'U' 'M' 'M' 'M'
 'M' 'U' 'M' 'M' 'U' 'M' 'M' 'M' 'M' 'M' 'M' 'U' 'M' 'U' 'M' 'M' 'M' 'M'
 'M' 'M' 'M' 'M' 'M' 'U' 'M' 'M' 'M' 'U' 'M' 'M' 'M' 'M' 'M' 'M' 'M' 'M'
 'M' 'M' 'M' 'M' 'M' 'M' 'U' 'M' 'M' 'M' 'M' 'M' 'M' 'M' 'M' 'M' 'M' 'M'
 'M' 'M' 'M' 'M' 'M' 'A' 'U' 'U' 'U' 'U' 'U' 'U' 'U' 'M' 'U' 'M' 'U' 'M'
 'M' 'M' 'M' 'M' 'M' 'M' 'U' 'M' 'M' 'M' 'M' 'M' 'M' 'M' 'U' 'M' 'M' 'M'
 'M' 'M' 'M' 'U' 'M' 'M' 'M' 'M' 'M' 'U' 'U' 'U' 'M' 'M' 'M' 'M' 'M' 'M'
 'M' 'M' 'U' 'M' 'U' 'M' 'A' 'M' 'M' 'M' 'M' 'M' 'M' 'M' 'M' 'M' 'M' 'M']"
306001,0,164,4,160,34,0,0,"['A' 'U' 'M' 'U' 'U' 'M' 'M' 'M' 'M' 'M' 'M' 'M' 'M' 'M' 'M' 'M' 'M' 'M'
 'M' 'M' 'M' 'M' 'M' 'M' 'M' 'M' 'M' 'M' 'M' 'U' 'M' 'M' 'U' 'U' 'M' 'M'
 'M' 'M' 'M' 'M' 'M' 'M' 'M' 'M' 'M' 'M' 'U' 'M' 'U' 'M' 'M' 'M' 'M' 'U'
 'U' 'M' 'M' 'M' 'M' 'M' 'M' 'M' 'M' 'M' 'M' 'M' 'M' 'M' 'M' 'M' 'U' 'M'
 'M' 'M' 'U' 'M' 'M' 'M' 'M' 'M' 'M' 'M' 'M' 'M' 'M' 'M' 'M' 'M' 'M' 'U'
 'U' 'M' 'U' 'M' 'M' 'U' 'M' 'M' 'M' 'A' 'M' 'M' 'M' 'M' 'M' 'M' 'U' 'M'
 'M' 'M' 'M' 'M' 'M' 'M' 'U' 'M' 'M' 'M' 'M' 'U' 'M' 'M' 'M' 'M' 'M' 'M'
 'M' 'M' 'M' 'M' 'M' 'A' 'M' 'U' 'U' 'M' 'U' 'U' 'U' 'M' 'M' 'M' 'M' 'M'
 'U' 'M' 'M' 'M' 'M' 'M' 'U' 'U' 'M' 'M' 'M' 'M' 'M' 'M' 'U' 'M' 'M' 'M'
 'M' 'M' 'M' 'M' 'M' 'A' 'M' 'M' 'M' 'U' 'U' 'M' 'M' 'M' 'M' 'M' 'M' 'M'
 'M' 'M' 'U' 'U' 'U' 'M' 'U' 'M' 'M' 'M' 'M' 'M' 'M' 'M' 'M' 'M' 'M' 'M']"
306101,0,166,4,162,32,0,1,"['A' 'M' 'M' 'U' 'U' 'M' 'M' 'M' 'M' 'M' 'M' 'M' 'M' 'M' 'M' 'M' 'M' 'M'
 'M' 'M' 'M' 'M' 'M' 'M' 'M' 'M' 'M' 'M' 'M' 'U' 'M' 'M' 'A' 'U' 'M' 'M'
 'M' 'M' 'M' 'U' 'M' 'M' 'M' 'M' 'M' 'M' 'M' 'M' 'M' 'M' 'M' 'M' 'M' 'U'
 'M' 'U' 'U' 'M' 'M' 'M' 'M' 'M' 'M' 'M' 'M' 'U' 'M' 'M' 'M' 'M' 'M' 'M'
 'M' 'U' 'M' 'M' 'M' 'M' 'U' 'M' 'M' 'M' 'M' 'M' 'M' 'U' 'M' 'M' 'M' 'M'
 'M' 'M' 'U' 'M' 'M' 'U' 'M' 'U' 'M' 'A' 'M' 'M' 'M' 'M' 'M' 'M' 'U' 'M'
 'M' 'M' 'M' 'M' 'M' 'M' 'U' 'M' 'M' 'M' 'M' 'U' 'M' 'M' 'M' 'M' 'M' 'M'
 'M' 'M' 'M' 'M' 'M' 'A' 'M' 'U' 'M' 'M' 'M' 'U' 'U' 'M' 'M' 'M' 'M' 'M'
 'U' 'M' 'M' 'M' 'M' 'M' 'U' 'U' 'M' 'M' 'M' 'M' 'M' 'M' 'U' 'M' 'M' 'M'
 'M' 'M' 'M' 'M' 'M' 'U' 'M' 'M' 'M' 'U' 'U' 'M' 'M' 'M' 'M' 'M' 'M' 'M'
 'U' 'M' 'M' 'U' 'U' 'M' 'U' 'M' 'M' 'M' 'M' 'M' 'M' 'M' 'M' 'M' 'M' 'M']"
306201,0,167,4,163,31,0,0,"['A' 'M' 'M' 'U' 'M' 'M' 'M' 'M' 'M' 'M' 'M' 'M' 'M' 'M' 'M' 'M' 'M' 'M'
 'M' 'M' 'M' 'M' 'M' 'M' 'M' 'M' 'M' 'M' 'M' 'U' 'M' 'M' 'A' 'U' 'M' 'U'
 'M' 'M' 'M' 'M' 'M' 'M' 'M' 'U' 'M' 'M' 'M' 'M' 'M' 'M' 'M' 'M' 'M' 'U'
 'M' 'U' 'U' 'M' 'M' 'M' 'M' 'M' 'M' 'M' 'M' 'M' 'M' 'M' 'M' 'M' 'M' 'M'
 'U' 'M' 'M' 'M' 'M' 'M' 'M' 'M' 'M' 'M' 'M' 'M' 'U' 'U' 'M' 'M' 'U' 'M'
 'M' 'M' 'M' 'U' 'M' 'U' 'M' 'U' 'M' 'A' 'M' 'U' 'M' 'M' 'M' 'M' 'M' 'M'
 'M' 'M' 'M' 'M' 'M' 'U' 'M' 'M' 'M' 'M' 'M' 'U' 'M' 'M' 'M' 'M' 'M' 'M'
 'M' 'M' 'M' 'M' 'M' 'U' 'M' 'U' 'A' 'M' 'U' 'M' 'U' 'M' 'M' 'M' 'M' 'M'
 'U' 'M' 'U' 'M' 'M' 'M' 'U' 'U' 'M' 'U' 'M' 'M' 'M' 'M' 'U' 'M' 'M' 'M'
 'M' 'M' 'M' 'M' 'M' 'M' 'M' 'M' 'M' 'U' 'U' 'M' 'M' 'M' 'M' 'M' 'M' 'M'
 'M' 'M' 'M' 'U' 'M' 'M' 'M' 'M' 'M' 'M' 'M' 'M' 'M' 'M' 'M' 'M' 'M' 'M']"
306301,0,161,3,158,37,0,0,"['A' 'M' 'M' 'M' 'M' 'U' 'M' 'M' 'M' 'M' 'M' 'M' 'M' 'M' 'M' 'M' 'M' 'M'
 'M' 'M' 'M' 'M' 'M' 'M' 'M' 'M' 'M' 'M' 'M' 'U' 'M' 'M' 'U' 'U' 'M' 'U'
 'M' 'M' 'M' 'M' 'U' 'M' 'M' 'U' 'M' 'U' 'M' 'M' 'M' 'M' 'M' 'M' 'M' 'U'
 'M' 'U' 'U' 'U' 'M' 'M' 'M' 'M' 'M' 'M' 'M' 'M' 'M' 'M' 'U' 'M' 'U' 'M'
 'M' 'U' 'M' 'M' 'M' 'M' 'M' 'M' 'M' 'U' 'M' 'M' 'M' 'M' 'M' 'U' 'M' 'M'
 'M' 'M' 'M' 'M' 'M' 'U' 'M' 'U' 'M' 'A' 'M' 'U' 'M' 'M' 'M' 'U' 'M' 'M'
 'M' 'M' 'M' 'M' 'M' 'U' 'M' 'M' 'M' 'M' 'M' 'U' 'U' 'M' 'M' 'M' 'M' 'M'
 'M' 'M' 'M' 'M' 'M' 'M' 'U' 'U' 'A' 'U' 'U' 'U' 'U' 'M' 'M' 'M' 'M' 'M'
 'M' 'M' 'U' 'U' 'M' 'M' 'M' 'U' 'M' 'U' 'M' 'M' 'M' 'M' 'U' 'M' 'M' 'M'
 'M' 'M' 'M' 'M' 'M' 'M' 'M' 'M' 'M' 'M' 'U' 'M' 'M' 'M' 'M' 'M' 'M' 'M'
 'M' 'M' 'M' 'U' 'M' 'M' 'M' 'M' 'M' 'M' 'M' 'M' 'M' 'M' 'M' 'M' 'M' 'M']"
306401,0,161,4,157,37,0,0,"['A' 'M' 'M' 'M' 'M' 'U' 'M' 'M' 'M' 'M' 'M' 'M' 'M' 'M' 'M' 'M' 'M' 'M'
 'M' 'M' 'M' 'M' 'M' 'M' 'M' 'M' 'M' 'M' 'M' 'U' 'M' 'M' 'U' 'U' 'M' 'M'
 'M' 'M' 'M' 'M' 'U' 'M' 'M' 'M' 'M' 'U' 'M' 'M' 'M' 'M' 'M' 'M' 'M' 'U'
 'M' 'U' 'U' 'U' 'M' 'M' 'M' 'M' 'M' 'M' 'M' 'M' 'U' 'U' 'M' 'U' 'M' 'M'
 'M' 'M' 'M' 'M' 'M' 'M' 'M' 'M' 'M' 'M' 'U' 'M' 'M' 'M' 'M' 'M' 'M' 'M'
 'U' 'M' 'M' 'M' 'M' 'M' 'M' 'U' 'M' 'A' 'M' 'U' 'M' 'M' 'M' 'U' 'M' 'M'
 'M' 'M' 'M' 'M' 'U' 'U' 'M' 'M' 'M' 'M' 'M' 'U' 'M' 'M' 'M' 'M' 'M' 'M'
 'M' 'M' 'M' 'M' 'M' 'M' 'U' 'U' 'U' 'U' 'U' 'U' 'U' 'M' 'M' 'M' 'U' 'M'
 'M' 'M' 'U' 'A' 'M' 'M' 'M' 'U' 'M' 'A' 'M' 'M' 'M' 'U' 'U' 'M' 'M' 'M'
 'M' 'M' 'M' 'M' 'M' 'M' 'M' 'M' 'M' 'M' 'U' 'M' 'M' 'M' 'M' 'M' 'U' 'M'
 'M' 'M' 'M' 'U' 'M' 'M' 'M' 'M' 'U' 'M' 'M' 'M' 'M' 'M' 'M' 'M' 'M' 'M']"
306501,0,163,4,159,35,0,0,"['A' 'M' 'M' 'M' 'M' 'U' 'U' 'M' 'M' 'M' 'M' 'M' 'M' 'M' 'M' 'M' 'M' 'M'
 'M' 'M' 'M' 'M' 'M' 'M' 'M' 'M' 'M' 'M' 'M' 'M' 'U' 'M' 'M' 'U' 'M' 'M'
 'M' 'M' 'M' 'M' 'U' 'M' 'M' 'M' 'M' 'M' 'M' 'M' 'U' 'M' 'M' 'M' 'M' 'U'
 'M' 'U' 'U' 'U' 'M' 'U' 'M' 'M' 'M' 'M' 'M' 'M' 'M' 'M' 'M' 'U' 'M' 'M'
 'M' 'M' 'M' 'M' 'M' 'M' 'U' 'M' 'M' 'M' 'U' 'M' 'U' 'M' 'M' 'M' 'M' 'M'
 'U' 'M' 'M' 'M' 'M' 'M' 'M' 'U' 'M' 'U' 'M' 'M' 'M' 'M' 'M' 'M' 'M' 'M'
 'M' 'U' 'M' 'M' 'U' 'U' 'M' 'M' 'M' 'M' 'M' 'U' 'M' 'M' 'M' 'M' 'M' 'M'
 'M' 'M' 'M' 'M' 'M' 'M' 'U' 'U' 'U' 'U' 'U' 'U' 'U' 'M' 'M' 'M' 'M' 'M'
 'M' 'M' 'M' 'A' 'M' 'M' 'M' 'U' 'M' 'A' 'M' 'M' 'M' 'M' 'U' 'M' 'M' 'M'
 'M' 'M' 'M' 'M' 'M' 'M' 'U' 'M' 'M' 'M' 'U' 'M' 'M' 'M' 'M' 'M' 'A' 'M'
 'M' 'M' 'M' 'M' 'M' 'M' 'M' 'M' 'U' 'U' 'M' 'M' 'M' 'M' 'M' 'M' 'M' 'M']"
306601,0,165,4,161,33,0,0,"['A' 'U' 'M' 'M' 'M' 'U' 'U' 'M' 'M' 'M' 'M' 'M' 'M' 'U' 'M' 'M' 'M' 'M'
 'M' 'M' 'M' 'M' 'U' 'M' 'M' 'M' 'M' 'M' 'M' 'M' 'U' 'M' 'M' 'M' 'M' 'U'
 'M' 'M' 'M' 'M' 'U' 'U' 'M' 'M' 'M' 'M' 'M' 'M' 'U' 'M' 'M' 'M' 'M' 'M'
 'M' 'M' 'M' 'M' 'M' 'U' 'M' 'M' 'M' 'M' 'M' 'M' 'M' 'M' 'M' 'U' 'M' 'M'
 'M' 'M' 'M' 'M' 'U' 'M' 'M' 'M' 'M' 'M' 'M' 'M' 'M' 'M' 'M' 'U' 'M' 'M'
 'M' 'U' 'U' 'M' 'M' 'M' 'M' 'U' 'M' 'M' 'M' 'M' 'M' 'M' 'M' 'M' 'M' 'U'
 'M' 'U' 'M' 'M' 'M' 'U' 'M' 'M' 'M' 'M' 'M' 'M' 'M' 'M' 'M' 'M' 'M' 'M'
 'M' 'M' 'M' 'M' 'M' 'M' 'U' 'U' 'M' 'U' 'M' 'U' 'M' 'M' 'M' 'M' 'M' 'U'
 'M' 'M' 'M' 'A' 'M' 'M' 'M' 'U' 'M' 'A' 'M' 'M' 'M' 'M' 'U' 'M' 'U' 'M'
 'M' 'M' 'M' 'M' 'U' 'U' 'U' 'M' 'M' 'M' 'U' 'M' 'M' 'M' 'M' 'M' 'A' 'M'
 'M' 'M' 'M' 'M' 'M' 'M' 'M' 'M' 'M' 'U' 'M' 'M' 'M' 'M' 'M' 'M' 'M' 'M']"
306701,1,168,3,165,30,0,0,"['A' 'U' 'M' 'M' 'M' 'U' 'U' 'M' 'M' 'M' 'M' 'M' 'M' 'U' 'M' 'M' 'M' 'M'
 'M' 'M' 'M' 'M' 'U' 'M' 'M' 'M' 'M' 'M' 'M' 'M' 'U' 'M' 'M' 'M' 'M' 'U'
 'M' 'M' 'M' 'M' 'M' 'M' 'M' 'M' 'M' 'M' 'M' 'M' 'U' 'M' 'M' 'M' 'M' 'M'
 'M' 'M' 'M' 'M' 'M' 'U' 'M' 'M' 'M' 'M' 'M' 'M' 'M' 'M' 'U' 'M' 'U' 'M'
 'M' 'M' 'M' 'U' 'M' 'M' 'M' 'M' 'M' 'M' 'M' 'M' 'M' 'M' 'M' 'M' 'U' 'M'
 'M' 'U' 'M' 'M' 'M' 'M' 'M' 'U' 'M' 'M' 'M' 'M' 'U' 'M' 'M' 'M' 'M' 'U'
 'M' 'U' 'M' 'M' 'M' 'U' 'M' 'M' 'M' 'M' 'M' 'M' 'M' 'M' 'M' 'M' 'M' 'M'
 'M' 'M' 'M' 'M' 'M' 'M' 'U' 'A' 'U' 'U' 'M' 'U' 'M' 'M' 'M' 'M' 'M' 'U'
 'M' 'M' 'M' 'U' 'M' 'M' 'M' 'M' 'M' 'M' 'M' 'M' 'M' 'M' 'M' 'M' 'M' 'M'
 'M' 'M' 'M' 'M' 'U' 'U' 'U' 'M' 'M' 'M' 'A' 'M' 'M' 'M' 'M' 'M' 'M' 'M'
 'M' 'M' 'M' 'M' 'M' 'U' 'M' 'M' 'M' 'M' 'M' 'M' 'M' 'U' 'M' 'M' 'M' 'M']"
306801,0,165,5,160,33,0,0,"['A' 'M' 'M' 'U' 'M' 'U' 'U' 'M' 'M' 'M' 'M' 'M' 'M' 'U' 'M' 'M' 'U' 'M'
 'M' 'U' 'M' 'M' 'U' 'M' 'M' 'M' 'M' 'M' 'M' 'M' 'U' 'M' 'M' 'M' 'M' 'U'
 'M' 'M' 'M' 'M' 'U' 'M' 'M' 'M' 'M' 'M' 'M' 'M' 'U' 'U' 'M' 'M' 'M' 'M'
 'M' 'M' 'M' 'M' 'M' 'U' 'M' 'M' 'M' 'M' 'M' 'M' 'M' 'M' 'M' 'M' 'M' 'M'
 'U' 'U' 'M' 'U' 'M' 'M' 'M' 'M' 'M' 'M' 'M' 'M' 'M' 'M' 'M' 'M' 'M' 'M'
 'M' 'U' 'M' 'U' 'M' 'M' 'M' 'U' 'M' 'M' 'M' 'M' 'U' 'M' 'M' 'M' 'M' 'U'
 'M' 'M' 'M' 'M' 'M' 'U' 'M' 'M' 'M' 'M' 'M' 'M' 'M' 'M' 'M' 'M' 'M' 'M'
 'M' 'M' 'M' 'M' 'M' 'M' 'A' 'A' 'U' 'U' 'M' 'U' 'U' 'M' 'M' 'M' 'M' 'U'
 'M' 'M' 'M' 'U' 'M' 'M' 'M' 'M' 'M' 'M' 'M' 'M' 'M' 'U' 'M' 'M' 'M' 'A'
 'M' 'M' 'M' 'M' 'M' 'M' 'M' 'M' 'M' 'M' 'A' 'M' 'M' 'M' 'M' 'M' 'U' 'M'
 'M' 'M' 'M' 'M' 'M' 'U' 'M' 'U' 'M' 'M' 'M' 'M' 'M' 'U' 'M' 'M' 'M' 'M']"
306901,0,155,5,150,43,0,0,"['A' 'M' 'M' 'U' 'M' 'U' 'U' 'M' 'M' 'M' 'M' 'M' 'M' 'U' 'M' 'U' 'M' 'M'
 'M' 'M' 'M' 'M' 'U' 'M' 'M' 'M' 'M' 'M' 'M' 'M' 'U' 'M' 'M' 'M' 'M' 'U'
 'M' 'U' 'M' 'M' 'U' 'M' 'M' 'M' 'M' 'M' 'M' 'M' 'U' 'U' 'M' 'M' 'M' 'M'
 'M' 'M' 'M' 'U' 'M' 'U' 'M' 'U' 'M' 'M' 'M' 'U' 'M' 'M' 'M' 'M' 'M' 'M'
 'U' 'M' 'M' 'M' 'M' 'M' 'M' 'M' 'M' 'M' 'U' 'M' 'M' 'M' 'U' 'M' 'M' 'M'
 'U' 'M' 'M' 'M' 'M' 'M' 'M' 'U' 'M' 'M' 'U' 'M' 'M' 'M' 'M' 'M' 'M' 'M'
 'M' 'M' 'M' 'M' 'M' 'U' 'M' 'M' 'M' 'M' 'M' 'M' 'M' 'M' 'M' 'M' 'M' 'M'
 'M' 'M' 'M' 'U' 'M' 'M' 'A' 'A' 'U' 'U' 'U' 'U' 'U' 'M' 'M' 'U' 'M' 'U'
 'M' 'U' 'M' 'U' 'M' 'M' 'M' 'M' 'M' 'M' 'M' 'M' 'M' 'U' 'M' 'M' 'M' 'A'
 'M' 'M' 'M' 'M' 'U' 'M' 'M' 'M' 'M' 'M' 'A' 'M' 'M' 'M' 'M' 'M' 'U' 'M'
 'U' 'M' 'U' 'M' 'M' 'U' 'M' 'U' 'M' 'M' 'U' 'M' 'M' 'U' 'M' 'U' 'M' 'M']"
307001,0,158,5,153,40,0,0,"['A' 'M' 'M' 'M' 'M' 'M' 'U' 'M' 'M' 'M' 'M' 'M' 'M' 'U' 'M' 'M' 'M' 'M'
 'M' 'M' 'M' 'M' 'U' 'M' 'M' 'M' 'M' 'M' 'M' 'M' 'U' 'M' 'M' 'M' 'M' 'A'
 'M' 'M' 'M' 'M' 'M' 'M' 'M' 'M' 'M' 'M' 'M' 'M' 'U' 'U' 'M' 'U' 'M' 'M'
 'M' 'M' 'M' 'M' 'M' 'U' 'M' 'M' 'M' 'U' 'M' 'M' 'M' 'M' 'M' 'U' 'M' 'M'
 'M' 'U' 'M' 'M' 'U' 'M' 'M' 'M' 'M' 'M' 'M' 'M' 'M' 'M' 'M' 'M' 'M' 'M'
 'U' 'M' 'M' 'M' 'U' 'M' 'M' 'U' 'M' 'M' 'U' 'M' 'M' 'M' 'M' 'M' 'M' 'M'
 'U' 'U' 'M' 'M' 'M' 'U' 'M' 'M' 'M' 'M' 'M' 'M' 'M' 'M' 'M' 'M' 'M' 'M'
 'M' 'M' 'M' 'U' 'M' 'M' 'A' 'A' 'U' 'U' 'M' 'U' 'U' 'M' 'M' 'U' 'U' 'M'
 'M' 'U' 'M' 'U' 'M' 'M' 'M' 'M' 'M' 'U' 'M' 'M' 'M' 'U' 'M' 'M' 'M' 'U'
 'M' 'M' 'M' 'M' 'U' 'M' 'M' 'M' 'M' 'M' 'A' 'M' 'M' 'M' 'M' 'M' 'U' 'M'
 'M' 'M' 'U' 'M' 'M' 'U' 'M' 'U' 'M' 'M' 'U' 'M' 'M' 'U' 'U' 'U' 'M' 'M']"
307101,0,160,4,156,38,0,0,"['A' 'M' 'M' 'M' 'M' 'M' 'U' 'M' 'M' 'M' 'M' 'M' 'M' 'U' 'M' 'M' 'M' 'M'
 'M' 'M' 'M' 'M' 'M' 'M' 'M' 'M' 'M' 'M' 'M' 'M' 'M' 'M' 'M' 'M' 'M' 'A'
 'M' 'M' 'M' 'M' 'M' 'M' 'M' 'M' 'M' 'M' 'M' 'M' 'U' 'U' 'M' 'U' 'M' 'M'
 'M' 'M' 'M' 'M' 'M' 'M' 'M' 'M' 'M' 'U' 'M' 'M' 'M' 'M' 'M' 'M' 'M' 'U'
 'M' 'M' 'M' 'M' 'M' 'M' 'M' 'M' 'M' 'M' 'M' 'U' 'M' 'M' 'U' 'M' 'M' 'M'
 'M' 'U' 'M' 'M' 'U' 'M' 'M' 'U' 'M' 'M' 'U' 'M' 'M' 'M' 'M' 'M' 'M' 'M'
 'U' 'U' 'M' 'U' 'M' 'U' 'M' 'M' 'M' 'M' 'M' 'M' 'M' 'M' 'M' 'M' 'M' 'M'
 'M' 'M' 'M' 'M' 'M' 'M' 'A' 'U' 'U' 'M' 'M' 'U' 'U' 'M' 'M' 'U' 'U' 'M'
 'M' 'U' 'M' 'U' 'M' 'M' 'M' 'M' 'M' 'U' 'M' 'M' 'M' 'U' 'M' 'M' 'M' 'U'
 'M' 'M' 'M' 'M' 'U' 'M' 'U' 'M' 'M' 'M' 'A' 'M' 'M' 'M' 'M' 'M' 'U' 'M'
 'M' 'U' 'M' 'M' 'M' 'U' 'M' 'U' 'M' 'M' 'U' 'M' 'M' 'M' 'U' 'U' 'M' 'U']"
307201,0,162,4,158,36,0,0,"['A' 'M' 'M' 'M' 'M' 'U' 'U' 'M' 'U' 'M' 'M' 'U' 'M' 'U' 'M' 'M' 'U' 'M'
 'M' 'M' 'M' 'M' 'M' 'M' 'M' 'M' 'M' 'M' 'M' 'M' 'M' 'M' 'M' 'M' 'M' 'A'
 'M' 'M' 'M' 'M' 'M' 'M' 'U' 'M' 'M' 'M' 'M' 'M' 'M' 'U' 'M' 'M' 'M' 'M'
 'M' 'M' 'M' 'M' 'M' 'M' 'M' 'M' 'M' 'U' 'M' 'M' 'M' 'U' 'U' 'M' 'M' 'M'
 'M' 'M' 'M' 'M' 'U' 'M' 'M' 'M' 'M' 'M' 'M' 'U' 'M' 'M' 'M' 'M' 'M' 'M'
 'M' 'M' 'M' 'M' 'U' 'M' 'M' 'U' 'U' 'M' 'U' 'M' 'M' 'M' 'M' 'M' 'M' 'M'
 'U' 'U' 'M' 'U' 'M' 'U' 'M' 'M' 'M' 'M' 'M' 'M' 'M' 'M' 'M' 'M' 'M' 'M'
 'M' 'M' 'M' 'M' 'M' 'M' 'A' 'U' 'U' 'M' 'M' 'U' 'M' 'M' 'M' 'U' 'U' 'M'
 'M' 'M' 'M' 'U' 'M' 'M' 'M' 'M' 'M' 'U' 'M' 'M' 'M' 'U' 'M' 'M' 'M' 'M'
 'M' 'M' 'M' 'M' 'U' 'M' 'U' 'M' 'U' 'M' 'A' 'M' 'M' 'M' 'M' 'M' 'M' 'M'
 'M' 'M' 'M' 'M' 'M' 'U' 'M' 'U' 'M' 'M' 'U' 'M' 'M' 'M' 'M' 'M' 'M' 'U']"
307301,0,161,3,158,37,0,0,"['A' 'M' 'M' 'M' 'M' 'U' 'U' 'M' 'U' 'M' 'M' 'U' 'M' 'U' 'M' 'M' 'M' 'M'
 'M' 'U' 'U' 'M' 'M' 'M' 'M' 'M' 'U' 'M' 'M' 'M' 'M' 'M' 'M' 'M' 'M' 'A'
 'M' 'M' 'M' 'M' 'M' 'M' 'U' 'M' 'M' 'M' 'M' 'M' 'M' 'U' 'M' 'M' 'M' 'M'
 'M' 'M' 'M' 'M' 'M' 'M' 'M' 'M' 'U' 'M' 'M' 'M' 'M' 'U' 'M' 'M' 'M' 'M'
 'M' 'U' 'M' 'M' 'M' 'M' 'M' 'M' 'M' 'M' 'M' 'U' 'M' 'M' 'M' 'M' 'M' 'U'
 'M' 'M' 'U' 'M' 'M' 'M' 'M' 'U' 'U' 'M' 'U' 'M' 'M' 'M' 'M' 'M' 'M' 'M'
 'U' 'U' 'M' 'U' 'M' 'U' 'M' 'M' 'M' 'U' 'M' 'M' 'M' 'M' 'M' 'M' 'M' 'M'
 'M' 'M' 'M' 'M' 'M' 'M' 'U' 'M' 'U' 'M' 'M' 'U' 'M' 'M' 'M' 'M' 'U' 'M'
 'U' 'M' 'M' 'U' 'M' 'M' 'M' 'M' 'M' 'U' 'M' 'M' 'M' 'U' 'M' 'M' 'M' 'U'
 'M' 'M' 'M' 'M' 'U' 'M' 'M' 'M' 'U' 'M' 'A' 'M' 'M' 'M' 'M' 'M' 'M' 'M'
 'M' 'M' 'M' 'M' 'M' 'U' 'M' 'U' 'M' 'M' 'M' 'M' 'M' 'M' 'M' 'M' 'M' 'M']"
307401,0,160,2,158,38,0,0,"['A' 'M' 'M' 'M' 'M' 'U' 'U' 'M' 'U' 'M' 'U' 'U' 'M' 'M' 'M' 'M' 'M' 'M'
 'M' 'U' 'M' 'M' 'M' 'M' 'M' 'M' 'M' 'M' 'M' 'M' 'M' 'M' 'M' 'M' 'M' 'U'
 'M' 'M' 'M' 'M' 'M' 'M' 'M' 'M' 'M' 'M' 'M' 'M' 'M' 'U' 'M' 'M' 'M' 'M'
 'M' 'M' 'M' 'M' 'M' 'M' 'M' 'M' 'U' 'M' 'M' 'M' 'M' 'M' 'U' 'M' 'M' 'M'
 'M' 'M' 'M' 'M' 'U' 'U' 'M' 'M' 'M' 'M' 'M' 'M' 'M' 'U' 'M' 'M' 'M' 'U'
 'M' 'M' 'M' 'M' 'M' 'M' 'U' 'U' 'M' 'M' 'U' 'M' 'M' 'M' 'M' 'M' 'M' 'M'
 'U' 'U' 'M' 'U' 'M' 'U' 'M' 'M' 'M' 'U' 'M' 'U' 'U' 'M' 'M' 'M' 'M' 'U'
 'M' 'M' 'M' 'M' 'M' 'M' 'U' 'M' 'U' 'M' 'M' 'M' 'M' 'M' 'M' 'M' 'M' 'U'
 'U' 'M' 'M' 'U' 'M' 'M' 'M' 'M' 'M' 'U' 'M' 'M' 'M' 'U' 'M' 'U' 'M' 'U'
 'M' 'M' 'U' 'M' 'U' 'M' 'M' 'M' 'U' 'M' 'A' 'M' 'M' 'M' 'M' 'M' 'M' 'M'
 'M' 'M' 'M' 'M' 'M' 'U' 'M' 'M' 'M' 'M' 'M' 'M' 'M' 'M' 'M' 'M' 'M' 'M']"
307501,0,157,2,155,41,0,0,"['A' 'M' 'M' 'U' 'U' 'M' 'U' 'M' 'U' 'M' 'U' 'U' 'M' 'M' 'M' 'M' 'M' 'M'
 'M' 'U' 'M' 'M' 'M' 'M' 'M' 'M' 'M' 'U' 'M' 'M' 'M' 'M' 'M' 'M' 'M' 'M'
 'M' 'M' 'M' 'M' 'M' 'M' 'M' 'M' 'M' 'M' 'M' 'M' 'M' 'U' 'M' 'M' 'M' 'U'
 'U' 'M' 'M' 'M' 'U' 'M' 'M' 'M' 'U' 'M' 'M' 'U' 'M' 'M' 'U' 'M' 'M' 'M'
 'M' 'M' 'M' 'M' 'U' 'M' 'M' 'M' 'M' 'M' 'M' 'M' 'M' 'U' 'U' 'M' 'M' 'M'
 'M' 'M' 'M' 'M' 'M' 'M' 'U' 'U' 'M' 'M' 'U' 'M' 'M' 'M' 'M' 'M' 'M' 'M'
 'U' 'U' 'M' 'U' 'M' 'U' 'M' 'M' 'M' 'U' 'M' 'U' 'U' 'M' 'M' 'M' 'M' 'U'
 'M' 'M' 'M' 'M' 'M' 'M' 'U' 'U' 'M' 'M' 'M' 'M' 'M' 'M' 'M' 'M' 'M' 'M'
 'U' 'M' 'M' 'U' 'M' 'M' 'M' 'M' 'M' 'U' 'M' 'M' 'M' 'U' 'M' 'U' 'M' 'U'
 'M' 'M' 'M' 'M' 'M' 'M' 'M' 'M' 'U' 'M' 'A' 'M' 'M' 'M' 'M' 'M' 'M' 'M'
 'M' 'M' 'M' 'M' 'M' 'U' 'U' 'M' 'M' 'M' 'M' 'M' 'M' 'M' 'M' 'U' 'M' 'M']"
307601,0,158,3,155,40,0,0,"['A' 'M' 'M' 'U' 'U' 'M' 'U' 'M' 'U' 'M' 'M' 'U' 'M' 'M' 'M' 'M' 'M' 'M'
 'M' 'U' 'M' 'M' 'M' 'M' 'M' 'M' 'M' 'U' 'M' 'U' 'M' 'M' 'M' 'M' 'M' 'M'
 'M' 'M' 'M' 'M' 'M' 'M' 'M' 'M' 'M' 'M' 'M' 'M' 'M' 'U' 'M' 'M' 'U' 'U'
 'M' 'M' 'M' 'M' 'U' 'M' 'M' 'M' 'U' 'M' 'M' 'M' 'M' 'M' 'M' 'M' 'M' 'M'
 'M' 'M' 'M' 'M' 'M' 'M' 'M' 'U' 'M' 'M' 'U' 'M' 'M' 'M' 'M' 'M' 'U' 'M'
 'U' 'M' 'M' 'U' 'M' 'M' 'U' 'M' 'M' 'M' 'U' 'M' 'M' 'M' 'M' 'M' 'M' 'M'
 'U' 'M' 'M' 'U' 'U' 'U' 'M' 'M' 'M' 'M' 'M' 'M' 'U' 'M' 'M' 'M' 'M' 'U'
 'U' 'M' 'M' 'M' 'M' 'M' 'U' 'U' 'M' 'M' 'M' 'U' 'M' 'M' 'M' 'M' 'M' 'M'
 'U' 'M' 'M' 'M' 'M' 'M' 'U' 'M' 'U' 'M' 'M' 'M' 'M' 'U' 'M' 'U' 'M' 'U'
 'M' 'M' 'M' 'M' 'M' 'M' 'M' 'M' 'U' 'M' 'A' 'M' 'M' 'M' 'M' 'M' 'M' 'M'
 'M' 'M' 'M' 'M' 'A' 'U' 'U' 'M' 'M' 'M' 'M' 'M' 'M' 'M' 'M' 'U' 'M' 'M']"
307701,0,162,4,158,36,1,0,"['A' 'M' 'M' 'M' 'U' 'M' 'M' 'U' 'U' 'M' 'M' 'U' 'M' 'M' 'M' 'M' 'M' 'U'
 'M' 'M' 'M' 'M' 'M' 'M' 'M' 'M' 'M' 'U' 'M' 'U' 'M' 'M' 'M' 'M' 'M' 'M'
 'M' 'M' 'M' 'M' 'M' 'M' 'M' 'M' 'M' 'M' 'M' 'M' 'U' 'U' 'M' 'U' 'M' 'U'
 'M' 'M' 'M' 'M' 'U' 'M' 'M' 'M' 'U' 'M' 'M' 'M' 'M' 'M' 'M' 'M' 'M' 'M'
 'M' 'M' 'U' 'M' 'M' 'M' 'M' 'M' 'M' 'M' 'U' 'U' 'M' 'M' 'M' 'U' 'M' 'M'
 'M' 'M' 'M' 'M' 'U' 'M' 'U' 'M' 'M' 'M' 'U' 'M' 'M' 'M' 'M' 'M' 'M' 'M'
 'A' 'M' 'M' 'U' 'U' 'U' 'M' 'U' 'M' 'M' 'M' 'M' 'U' 'M' 'M' 'M' 'M' 'U'
 'M' 'M' 'M' 'M' 'M' 'M' 'U' 'U' 'M' 'M' 'U' 'U' 'M' 'M' 'M' 'M' 'M' 'M'
 'M' 'M' 'M' 'M' 'M' 'M' 'M' 'M' 'U' 'M' 'M' 'M' 'M' 'M' 'M' 'M' 'M' 'U'
 'M' 'M' 'M' 'M' 'M' 'M' 'M' 'M' 'U' 'M' 'A' 'M' 'M' 'M' 'M' 'M' 'M' 'M'
 'M' 'M' 'M' 'M' 'A' 'U' 'U' 'M' 'M' 'M' 'M' 'M' 'M' 'M' 'M' 'U' 'M' 'M']"
307801,0,159,4,155,39,0,0,"['A' 'M' 'M' 'M' 'M' 'M' 'M' 'U' 'U' 'M' 'M' 'U' 'M' 'M' 'M' 'M' 'M' 'U'
 'M' 'M' 'M' 'M' 'M' 'M' 'M' 'M' 'M' 'U' 'M' 'U' 'M' 'M' 'M' 'M' 'M' 'M'
 'M' 'U' 'M' 'M' 'M' 'M' 'M' 'M' 'M' 'M' 'M' 'M' 'U' 'U' 'M' 'U' 'M' 'U'
 'M' 'M' 'M' 'M' 'U' 'M' 'M' 'M' 'U' 'M' 'M' 'M' 'U' 'M' 'M' 'M' 'M' 'M'
 'U' 'M' 'M' 'M' 'M' 'M' 'M' 'U' 'M' 'M' 'M' 'M' 'M' 'M' 'U' 'M' 'M' 'M'
 'U' 'M' 'M' 'M' 'M' 'M' 'U' 'M' 'M' 'M' 'U' 'M' 'M' 'M' 'M' 'M' 'M' 'M'
 'A' 'M' 'M' 'U' 'U' 'U' 'M' 'M' 'M' 'M' 'M' 'M' 'M' 'M' 'M' 'M' 'M' 'M'
 'U' 'M' 'M' 'M' 'M' 'U' 'A' 'U' 'U' 'U' 'U' 'U' 'U' 'M' 'M' 'M' 'M' 'M'
 'M' 'M' 'M' 'M' 'M' 'M' 'M' 'M' 'M' 'M' 'M' 'M' 'M' 'M' 'U' 'M' 'M' 'U'
 'M' 'M' 'M' 'M' 'M' 'M' 'M' 'M' 'U' 'M' 'U' 'M' 'M' 'M' 'M' 'M' 'M' 'U'
 'M' 'M' 'M' 'M' 'A' 'U' 'U' 'M' 'M' 'M' 'M' 'M' 'M' 'M' 'M' 'U' 'M' 'M']"
307901,0,160,6,154,38,0,0,"['A' 'M' 'M' 'M' 'M' 'M' 'M' 'U' 'U' 'M' 'M' 'U' 'M' 'M' 'M' 'M' 'M' 'U'
 'M' 'M' 'M' 'M' 'M' 'M' 'M' 'M' 'M' 'U' 'M' 'M' 'M' 'M' 'M' 'M' 'M' 'M'
 'M' 'U' 'M' 'M' 'M' 'M' 'M' 'M' 'M' 'U' 'M' 'M' 'U' 'U' 'M' 'U' 'M' 'M'
 'M' 'M' 'M' 'M' 'U' 'M' 'M' 'M' 'U' 'U' 'M' 'M' 'M' 'M' 'M' 'M' 'M' 'U'
 'U' 'M' 'M' 'M' 'M' 'M' 'U' 'M' 'M' 'M' 'M' 'M' 'M' 'M' 'U' 'M' 'U' 'M'
 'M' 'M' 'M' 'M' 'M' 'M' 'A' 'M' 'M' 'M' 'U' 'M' 'M' 'U' 'U' 'M' 'M' 'M'
 'A' 'M' 'M' 'U' 'U' 'U' 'M' 'M' 'M' 'M' 'M' 'M' 'M' 'M' 'M' 'M' 'M' 'M'
 'U' 'M' 'M' 'M' 'M' 'U' 'A' 'U' 'U' 'U' 'U' 'U' 'U' 'M' 'M' 'M' 'M' 'M'
 'M' 'M' 'M' 'M' 'M' 'M' 'M' 'M' 'M' 'M' 'M' 'M' 'M' 'M' 'M' 'M' 'M' 'M'
 'M' 'M' 'M' 'M' 'M' 'M' 'M' 'M' 'A' 'M' 'U' 'M' 'U' 'M' 'M' 'M' 'M' 'U'
 'M' 'M' 'M' 'M' 'A' 'U' 'U' 'M' 'M' 'M' 'M' 'M' 'M' 'M' 'M' 'U' 'M' 'M']"
308001,0,159,5,154,39,1,0,"['A' 'M' 'M' 'M' 'M' 'M' 'M' 'U' 'U' 'M' 'M' 'U' 'M' 'M' 'M' 'M' 'M' 'M'
 'M' 'M' 'M' 'M' 'M' 'M' 'M' 'M' 'M' 'U' 'M' 'M' 'M' 'M' 'M' 'M' 'M' 'M'
 'M' 'U' 'M' 'M' 'M' 'M' 'M' 'M' 'M' 'M' 'M' 'M' 'U' 'U' 'M' 'U' 'M' 'M'
 'M' 'M' 'M' 'M' 'U' 'U' 'M' 'M' 'U' 'U' 'M' 'M' 'U' 'M' 'M' 'M' 'U' 'M'
 'M' 'M' 'M' 'M' 'U' 'M' 'M' 'M' 'M' 'M' 'U' 'M' 'M' 'M' 'M' 'M' 'M' 'M'
 'U' 'M' 'M' 'M' 'M' 'M' 'A' 'M' 'M' 'M' 'U' 'M' 'M' 'M' 'M' 'U' 'M' 'M'
 'A' 'M' 'M' 'U' 'U' 'U' 'M' 'M' 'M' 'M' 'M' 'M' 'M' 'M' 'M' 'M' 'M' 'M'
 'A' 'U' 'M' 'M' 'M' 'U' 'U' 'U' 'M' 'U' 'U' 'U' 'M' 'M' 'M' 'M' 'M' 'M'
 'M' 'M' 'M' 'M' 'M' 'M' 'M' 'M' 'M' 'M' 'M' 'M' 'M' 'M' 'M' 'M' 'M' 'M'
 'U' 'U' 'M' 'M' 'M' 'M' 'M' 'M' 'A' 'M' 'U' 'M' 'U' 'M' 'M' 'M' 'M' 'U'
 'M' 'M' 'U' 'M' 'U' 'U' 'M' 'M' 'U' 'M' 'M' 'M' 'M' 'M' 'M' 'U' 'M' 'M']"
308101,0,162,5,157,36,0,0,"['A' 'M' 'M' 'M' 'M' 'M' 'M' 'M' 'U' 'M' 'M' 'M' 'M' 'U' 'U' 'M' 'M' 'M'
 'M' 'M' 'M' 'M' 'M' 'M' 'M' 'M' 'M' 'U' 'M' 'M' 'M' 'M' 'M' 'M' 'M' 'M'
 'M' 'U' 'M' 'M' 'M' 'M' 'M' 'M' 'M' 'M' 'M' 'M' 'U' 'U' 'M' 'M' 'M' 'M'
 'M' 'M' 'M' 'M' 'U' 'U' 'M' 'M' 'U' 'U' 'M' 'U' 'M' 'M' 'M' 'M' 'M' 'M'
 'U' 'M' 'M' 'M' 'M' 'M' 'M' 'U' 'M' 'U' 'M' 'M' 'M' 'M' 'M' 'M' 'M' 'M'
 'U' 'M' 'M' 'M' 'M' 'U' 'A' 'M' 'M' 'M' 'U' 'M' 'M' 'M' 'M' 'U' 'M' 'M'
 'A' 'M' 'M' 'M' 'U' 'U' 'M' 'M' 'M' 'M' 'M' 'M' 'M' 'M' 'M' 'M' 'M' 'M'
 'A' 'U' 'M' 'M' 'M' 'M' 'U' 'M' 'M' 'M' 'U' 'M' 'M' 'M' 'M' 'M' 'M' 'M'
 'M' 'M' 'M' 'M' 'M' 'M' 'M' 'M' 'U' 'M' 'M' 'M' 'M' 'M' 'M' 'M' 'M' 'M'
 'U' 'U' 'M' 'M' 'M' 'M' 'M' 'M' 'A' 'M' 'U' 'M' 'U' 'M' 'M' 'U' 'M' 'M'
 'M' 'M' 'U' 'M' 'U' 'U' 'M' 'U' 'U' 'M' 'M' 'M' 'M' 'M' 'M' 'U' 'M' 'M']"
308201,0,167,6,161,31,0,0,"['A' 'M' 'M' 'M' 'M' 'M' 'M' 'M' 'U' 'M' 'M' 'M' 'M' 'U' 'U' 'M' 'M' 'M'
 'M' 'M' 'M' 'M' 'M' 'M' 'M' 'M' 'M' 'U' 'U' 'M' 'M' 'M' 'U' 'M' 'M' 'M'
 'M' 'M' 'U' 'M' 'M' 'M' 'M' 'M' 'M' 'M' 'M' 'M' 'A' 'U' 'M' 'M' 'M' 'M'
 'M' 'M' 'M' 'M' 'U' 'U' 'M' 'M' 'U' 'M' 'M' 'M' 'M' 'U' 'M' 'M' 'M' 'U'
 'U' 'M' 'M' 'M' 'U' 'M' 'M' 'M' 'M' 'U' 'M' 'M' 'M' 'M' 'M' 'M' 'M' 'M'
 'M' 'M' 'M' 'M' 'M' 'M' 'A' 'M' 'M' 'M' 'M' 'M' 'M' 'M' 'M' 'U' 'M' 'U'
 'A' 'M' 'M' 'M' 'U' 'U' 'M' 'M' 'M' 'M' 'M' 'M' 'M' 'M' 'M' 'M' 'M' 'M'
 'A' 'U' 'M' 'M' 'M' 'M' 'M' 'M' 'M' 'M' 'M' 'M' 'M' 'M' 'M' 'M' 'M' 'M'
 'M' 'M' 'M' 'M' 'M' 'M' 'M' 'M' 'U' 'M' 'M' 'M' 'M' 'U' 'M' 'M' 'M' 'M'
 'M' 'M' 'M' 'M' 'M' 'U' 'M' 'M' 'A' 'M' 'M' 'M' 'U' 'M' 'M' 'U' 'M' 'M'
 'M' 'M' 'U' 'M' 'U' 'M' 'M' 'M' 'U' 'M' 'M' 'M' 'M' 'U' 'U' 'M' 'M' 'M']"
308301,0,166,4,162,32,0,1,"['A' 'M' 'M' 'M' 'M' 'M' 'M' 'M' 'U' 'M' 'M' 'M' 'M' 'M' 'U' 'M' 'M' 'M'
 'M' 'M' 'M' 'M' 'M' 'M' 'M' 'M' 'M' 'M' 'U' 'M' 'M' 'M' 'U' 'M' 'M' 'U'
 'M' 'M' 'U' 'U' 'M' 'M' 'M' 'M' 'M' 'M' 'M' 'M' 'A' 'M' 'M' 'M' 'M' 'M'
 'M' 'M' 'M' 'M' 'M' 'U' 'M' 'M' 'U' 'U' 'M' 'M' 'M' 'U' 'M' 'M' 'M' 'U'
 'M' 'U' 'M' 'M' 'U' 'M' 'M' 'M' 'M' 'M' 'M' 'M' 'M' 'M' 'M' 'M' 'M' 'M'
 'M' 'M' 'M' 'M' 'U' 'M' 'A' 'M' 'M' 'M' 'M' 'M' 'M' 'M' 'M' 'U' 'M' 'M'
 'U' 'M' 'M' 'M' 'U' 'U' 'M' 'M' 'M' 'M' 'M' 'M' 'M' 'M' 'M' 'M' 'M' 'M'
 'A' 'U' 'M' 'M' 'M' 'M' 'M' 'M' 'M' 'M' 'M' 'M' 'M' 'M' 'M' 'M' 'M' 'M'
 'M' 'M' 'M' 'M' 'M' 'U' 'M' 'M' 'U' 'M' 'M' 'U' 'M' 'U' 'M' 'M' 'M' 'M'
 'M' 'M' 'M' 'M' 'M' 'U' 'M' 'M' 'U' 'M' 'M' 'M' 'M' 'M' 'M' 'U' 'M' 'M'
 'M' 'M' 'U' 'M' 'U' 'M' 'M' 'M' 'U' 'M' 'M' 'M' 'M' 'U' 'U' 'M' 'M' 'M']"
308401,0,167,4,163,31,0,0,"['A' 'M' 'M' 'M' 'M' 'M' 'M' 'M' 'U' 'U' 'M' 'M' 'M' 'M' 'U' 'M' 'M' 'M'
 'M' 'M' 'M' 'M' 'M' 'M' 'M' 'M' 'M' 'M' 'U' 'M' 'M' 'M' 'U' 'M' 'M' 'U'
 'M' 'M' 'M' 'M' 'M' 'M' 'M' 'M' 'M' 'M' 'M' 'M' 'U' 'M' 'M' 'M' 'M' 'M'
 'M' 'M' 'M' 'M' 'M' 'U' 'M' 'M' 'U' 'U' 'M' 'U' 'M' 'M' 'M' 'U' 'M' 'M'
 'M' 'M' 'U' 'M' 'M' 'U' 'U' 'M' 'M' 'M' 'M' 'M' 'M' 'M' 'M' 'M' 'M' 'M'
 'M' 'M' 'M' 'M' 'M' 'M' 'U' 'M' 'M' 'M' 'M' 'M' 'M' 'M' 'M' 'A' 'M' 'M'
 'U' 'M' 'U' 'M' 'U' 'U' 'M' 'M' 'M' 'M' 'M' 'M' 'M' 'M' 'M' 'M' 'M' 'M'
 'A' 'U' 'M' 'M' 'M' 'M' 'M' 'M' 'M' 'M' 'M' 'M' 'M' 'M' 'M' 'M' 'M' 'M'
 'M' 'M' 'M' 'U' 'M' 'U' 'M' 'M' 'U' 'M' 'M' 'M' 'M' 'U' 'M' 'M' 'M' 'M'
 'M' 'M' 'M' 'M' 'M' 'U' 'M' 'M' 'U' 'M' 'M' 'M' 'M' 'M' 'M' 'U' 'M' 'M'
 'M' 'M' 'U' 'M' 'M' 'U' 'M' 'M' 'M' 'M' 'M' 'M' 'M' 'A' 'U' 'M' 'M' 'M']"
308501,0,169,3,166,29,0,0,"['A' 'M' 'M' 'M' 'M' 'M' 'M' 'M' 'U' 'M' 'M' 'M' 'M' 'M' 'M' 'M' 'M' 'M'
 'M' 'M' 'M' 'M' 'M' 'M' 'M' 'M' 'M' 'M' 'U' 'M' 'M' 'M' 'U' 'M' 'U' 'U'
 'U' 'M' 'M' 'M' 'M' 'M' 'M' 'M' 'M' 'M' 'M' 'M' 'M' 'M' 'M' 'M' 'M' 'M'
 'M' 'M' 'M' 'M' 'M' 'U' 'M' 'M' 'U' 'M' 'M' 'U' 'M' 'U' 'U' 'M' 'M' 'M'
 'M' 'M' 'M' 'M' 'M' 'U' 'M' 'M' 'M' 'M' 'U' 'M' 'M' 'M' 'M' 'M' 'M' 'M'
 'M' 'M' 'M' 'M' 'M' 'M' 'U' 'U' 'M' 'M' 'M' 'M' 'M' 'M' 'M' 'A' 'M' 'M'
 'U' 'M' 'U' 'M' 'M' 'U' 'M' 'M' 'M' 'M' 'U' 'M' 'M' 'M' 'M' 'M' 'M' 'M'
 'U' 'M' 'M' 'M' 'M' 'M' 'M' 'M' 'M' 'M' 'M' 'M' 'M' 'M' 'M' 'M' 'M' 'M'
 'M' 'M' 'M' 'U' 'M' 'U' 'U' 'M' 'U' 'M' 'M' 'M' 'M' 'M' 'M' 'M' 'M' 'M'
 'M' 'M' 'M' 'M' 'M' 'M' 'M' 'M' 'U' 'M' 'M' 'M' 'M' 'M' 'M' 'U' 'U' 'M'
 'M' 'U' 'U' 'M' 'M' 'M' 'M' 'M' 'M' 'M' 'M' 'M' 'M' 'A' 'M' 'M' 'M' 'M']"
308601,0,166,4,162,32,0,0,"['A' 'M' 'M' 'M' 'M' 'M' 'M' 'M' 'U' 'M' 'M' 'M' 'M' 'M' 'M' 'M' 'M' 'M'
 'M' 'M' 'M' 'U' 'M' 'M' 'U' 'M' 'M' 'M' 'U' 'M' 'M' 'M' 'U' 'M' 'U' 'U'
 'U' 'M' 'M' 'M' 'M' 'M' 'M' 'M' 'M' 'M' 'M' 'M' 'M' 'M' 'M' 'M' 'M' 'M'
 'M' 'M' 'M' 'M' 'M' 'U' 'U' 'M' 'U' 'M' 'M' 'M' 'M' 'U' 'M' 'M' 'M' 'M'
 'U' 'M' 'M' 'M' 'M' 'M' 'M' 'M' 'M' 'M' 'M' 'M' 'U' 'M' 'M' 'U' 'M' 'M'
 'M' 'U' 'M' 'M' 'M' 'M' 'U' 'U' 'M' 'M' 'M' 'M' 'M' 'M' 'M' 'A' 'M' 'M'
 'M' 'M' 'U' 'M' 'M' 'U' 'M' 'M' 'M' 'M' 'A' 'M' 'M' 'M' 'M' 'M' 'M' 'M'
 'M' 'M' 'M' 'M' 'M' 'M' 'M' 'M' 'M' 'M' 'M' 'M' 'M' 'M' 'M' 'M' 'U' 'M'
 'M' 'M' 'M' 'U' 'M' 'U' 'U' 'U' 'U' 'M' 'M' 'U' 'M' 'M' 'M' 'M' 'M' 'U'
 'M' 'M' 'M' 'M' 'M' 'M' 'M' 'M' 'U' 'M' 'M' 'M' 'M' 'M' 'M' 'U' 'U' 'M'
 'M' 'M' 'U' 'M' 'M' 'M' 'M' 'M' 'M' 'M' 'M' 'M' 'M' 'A' 'M' 'M' 'M' 'M']"
308701,0,162,4,158,36,0,1,"['A' 'M' 'M' 'M' 'U' 'M' 'M' 'M' 'M' 'M' 'M' 'M' 'M' 'M' 'M' 'U' 'M' 'M'
 'M' 'M' 'M' 'U' 'M' 'M' 'U' 'M' 'M' 'M' 'U' 'M' 'M' 'M' 'U' 'M' 'M' 'M'
 'U' 'M' 'M' 'M' 'M' 'M' 'U' 'M' 'M' 'M' 'M' 'M' 'M' 'M' 'M' 'M' 'M' 'M'
 'M' 'U' 'M' 'M' 'M' 'U' 'U' 'M' 'M' 'M' 'M' 'M' 'M' 'U' 'M' 'M' 'M' 'M'
 'M' 'M' 'M' 'M' 'M' 'M' 'M' 'M' 'M' 'M' 'M' 'M' 'M' 'M' 'U' 'M' 'M' 'M'
 'U' 'M' 'U' 'U' 'M' 'M' 'M' 'U' 'M' 'M' 'M' 'M' 'M' 'M' 'M' 'U' 'M' 'M'
 'M' 'M' 'M' 'M' 'M' 'U' 'U' 'M' 'M' 'M' 'A' 'M' 'M' 'M' 'M' 'U' 'M' 'M'
 'M' 'M' 'M' 'U' 'M' 'U' 'M' 'M' 'M' 'A' 'M' 'M' 'U' 'M' 'M' 'M' 'M' 'M'
 'M' 'M' 'M' 'U' 'M' 'U' 'U' 'U' 'U' 'M' 'M' 'U' 'M' 'M' 'M' 'M' 'M' 'U'
 'M' 'M' 'M' 'M' 'U' 'M' 'M' 'M' 'M' 'M' 'M' 'M' 'M' 'M' 'M' 'U' 'U' 'M'
 'M' 'M' 'M' 'U' 'M' 'M' 'M' 'M' 'M' 'M' 'M' 'U' 'M' 'A' 'M' 'M' 'M' 'M']"
308801,0,162,4,158,36,0,0,"['A' 'M' 'M' 'M' 'U' 'M' 'M' 'M' 'M' 'M' 'M' 'M' 'M' 'M' 'M' 'U' 'M' 'M'
 'M' 'M' 'M' 'U' 'M' 'M' 'U' 'M' 'M' 'M' 'M' 'M' 'M' 'M' 'U' 'M' 'M' 'M'
 'M' 'M' 'U' 'M' 'M' 'M' 'U' 'M' 'M' 'M' 'M' 'M' 'M' 'M' 'M' 'M' 'M' 'M'
 'M' 'U' 'M' 'M' 'M' 'U' 'U' 'M' 'M' 'M' 'M' 'M' 'M' 'U' 'M' 'M' 'U' 'M'
 'M' 'M' 'U' 'M' 'M' 'M' 'M' 'M' 'M' 'M' 'M' 'M' 'M' 'U' 'U' 'M' 'M' 'M'
 'M' 'M' 'M' 'M' 'M' 'M' 'M' 'U' 'M' 'M' 'M' 'M' 'M' 'M' 'M' 'U' 'M' 'M'
 'U' 'M' 'M' 'M' 'M' 'U' 'U' 'M' 'M' 'M' 'A' 'M' 'M' 'M' 'M' 'U' 'M' 'M'
 'M' 'M' 'M' 'U' 'M' 'U' 'M' 'U' 'M' 'A' 'M' 'M' 'U' 'M' 'M' 'U' 'M' 'M'
 'M' 'M' 'M' 'U' 'M' 'M' 'M' 'U' 'U' 'M' 'M' 'M' 'M' 'M' 'M' 'M' 'M' 'M'
 'U' 'M' 'M' 'M' 'U' 'M' 'M' 'M' 'M' 'M' 'M' 'M' 'M' 'M' 'M' 'U' 'U' 'M'
 'M' 'M' 'M' 'U' 'M' 'M' 'M' 'M' 'M' 'M' 'U' 'U' 'M' 'A' 'M' 'M' 'M' 'M']"
308901,0,161,3,158,37,0,0,"['A' 'M' 'U' 'M' 'M' 'M' 'M' 'M' 'M' 'M' 'M' 'M' 'M' 'M' 'M' 'U' 'M' 'M'
 'M' 'M' 'M' 'U' 'M' 'U' 'U' 'M' 'M' 'M' 'M' 'M' 'M' 'M' 'M' 'M' 'M' 'M'
 'M' 'M' 'M' 'M' 'M' 'M' 'U' 'M' 'M' 'M' 'M' 'M' 'M' 'M' 'M' 'M' 'M' 'M'
 'M' 'M' 'U' 'M' 'M' 'U' 'M' 'M' 'M' 'M' 'M' 'M' 'M' 'M' 'M' 'M' 'M' 'M'
 'M' 'M' 'M' 'M' 'M' 'M' 'M' 'M' 'U' 'M' 'U' 'M' 'M' 'M' 'U' 'M' 'U' 'M'
 'M' 'M' 'U' 'M' 'M' 'M' 'M' 'U' 'M' 'M' 'M' 'M' 'M' 'M' 'M' 'U' 'M' 'U'
 'U' 'M' 'M' 'M' 'M' 'U' 'U' 'M' 'M' 'M' 'A' 'M' 'M' 'M' 'M' 'U' 'M' 'M'
 'M' 'U' 'U' 'U' 'M' 'M' 'M' 'U' 'M' 'A' 'M' 'M' 'U' 'M' 'M' 'M' 'M' 'M'
 'M' 'M' 'M' 'U' 'M' 'M' 'M' 'U' 'U' 'U' 'M' 'M' 'M' 'M' 'M' 'U' 'M' 'M'
 'U' 'M' 'M' 'M' 'U' 'M' 'M' 'M' 'M' 'M' 'M' 'M' 'M' 'M' 'M' 'U' 'M' 'M'
 'M' 'M' 'M' 'U' 'M' 'M' 'M' 'M' 'M' 'M' 'U' 'M' 'M' 'U' 'M' 'U' 'M' 'M']"
309001,0,162,4,158,36,0,0,"['A' 'M' 'U' 'M' 'M' 'M' 'M' 'M' 'M' 'M' 'M' 'M' 'M' 'M' 'M' 'U' 'M' 'M'
 'M' 'M' 'M' 'U' 'M' 'U' 'U' 'M' 'M' 'M' 'M' 'M' 'M' 'M' 'M' 'M' 'M' 'M'
 'M' 'M' 'M' 'M' 'M' 'M' 'U' 'M' 'M' 'M' 'M' 'M' 'M' 'U' 'M' 'M' 'M' 'M'
 'M' 'M' 'M' 'M' 'M' 'U' 'M' 'M' 'M' 'M' 'M' 'M' 'M' 'M' 'M' 'M' 'M' 'M'
 'M' 'M' 'M' 'M' 'M' 'M' 'M' 'U' 'M' 'M' 'M' 'M' 'M' 'M' 'M' 'U' 'U' 'M'
 'M' 'U' 'M' 'U' 'M' 'U' 'M' 'U' 'M' 'M' 'M' 'M' 'M' 'M' 'M' 'M' 'M' 'U'
 'U' 'M' 'M' 'M' 'M' 'U' 'U' 'M' 'M' 'M' 'A' 'M' 'M' 'M' 'U' 'U' 'M' 'U'
 'M' 'M' 'U' 'U' 'M' 'M' 'M' 'M' 'M' 'A' 'M' 'M' 'U' 'M' 'M' 'M' 'M' 'M'
 'M' 'M' 'U' 'U' 'M' 'M' 'M' 'U' 'U' 'U' 'U' 'M' 'M' 'M' 'M' 'A' 'M' 'M'
 'M' 'M' 'M' 'M' 'U' 'M' 'M' 'M' 'M' 'M' 'M' 'U' 'M' 'M' 'M' 'M' 'M' 'M'
 'M' 'M' 'M' 'U' 'M' 'M' 'M' 'M' 'M' 'M' 'U' 'M' 'M' 'U' 'M' 'M' 'M' 'M']"
309101,0,159,4,155,39,0,0,"['A' 'M' 'U' 'M' 'M' 'M' 'M' 'M' 'M' 'M' 'M' 'M' 'M' 'M' 'M' 'U' 'M' 'M'
 'M' 'M' 'M' 'U' 'M' 'U' 'U' 'M' 'M' 'M' 'U' 'M' 'M' 'M' 'U' 'M' 'U' 'M'
 'M' 'M' 'M' 'M' 'M' 'M' 'U' 'M' 'M' 'M' 'M' 'U' 'M' 'U' 'M' 'M' 'M' 'M'
 'M' 'M' 'M' 'M' 'M' 'U' 'M' 'M' 'M' 'M' 'M' 'M' 'M' 'U' 'U' 'M' 'U' 'M'
 'M' 'M' 'M' 'M' 'M' 'U' 'M' 'M' 'U' 'M' 'M' 'M' 'M' 'M' 'M' 'M' 'M' 'M'
 'M' 'M' 'M' 'M' 'M' 'U' 'M' 'M' 'M' 'M' 'M' 'M' 'M' 'M' 'M' 'M' 'M' 'U'
 'U' 'M' 'M' 'M' 'M' 'U' 'M' 'M' 'M' 'M' 'A' 'M' 'M' 'M' 'M' 'U' 'M' 'M'
 'M' 'M' 'U' 'U' 'M' 'M' 'U' 'U' 'U' 'A' 'U' 'U' 'U' 'M' 'M' 'M' 'M' 'M'
 'M' 'M' 'U' 'M' 'M' 'M' 'M' 'U' 'U' 'M' 'U' 'M' 'M' 'M' 'M' 'A' 'M' 'M'
 'M' 'M' 'M' 'M' 'U' 'M' 'M' 'M' 'M' 'M' 'M' 'U' 'M' 'M' 'U' 'M' 'M' 'M'
 'M' 'M' 'M' 'M' 'M' 'M' 'M' 'M' 'U' 'M' 'U' 'M' 'M' 'M' 'M' 'M' 'M' 'M']"
309201,0,161,4,157,37,0,0,"['A' 'M' 'U' 'M' 'M' 'M' 'M' 'M' 'M' 'M' 'M' 'M' 'M' 'M' 'M' 'M' 'M' 'M'
 'M' 'M' 'M' 'U' 'M' 'M' 'M' 'M' 'M' 'M' 'U' 'M' 'M' 'M' 'U' 'M' 'M' 'M'
 'M' 'M' 'M' 'M' 'M' 'M' 'U' 'M' 'M' 'M' 'M' 'U' 'M' 'U' 'M' 'M' 'M' 'M'
 'M' 'M' 'M' 'M' 'M' 'U' 'M' 'M' 'M' 'M' 'M' 'M' 'U' 'M' 'M' 'M' 'M' 'M'
 'M' 'M' 'M' 'M' 'M' 'U' 'M' 'M' 'U' 'M' 'M' 'M' 'U' 'M' 'M' 'M' 'M' 'M'
 'M' 'M' 'M' 'U' 'M' 'U' 'M' 'M' 'U' 'M' 'M' 'M' 'M' 'M' 'M' 'U' 'M' 'U'
 'U' 'M' 'M' 'M' 'U' 'U' 'M' 'M' 'M' 'M' 'A' 'M' 'M' 'M' 'M' 'U' 'M' 'M'
 'M' 'M' 'U' 'U' 'M' 'M' 'U' 'U' 'U' 'A' 'U' 'U' 'U' 'M' 'M' 'M' 'M' 'M'
 'M' 'M' 'M' 'M' 'M' 'M' 'M' 'U' 'U' 'M' 'U' 'U' 'M' 'M' 'M' 'A' 'M' 'M'
 'M' 'M' 'M' 'M' 'M' 'M' 'M' 'M' 'M' 'M' 'M' 'U' 'M' 'M' 'M' 'M' 'M' 'M'
 'M' 'M' 'M' 'M' 'M' 'U' 'M' 'M' 'U' 'M' 'U' 'M' 'M' 'M' 'M' 'M' 'M' 'M']"
309301,0,165,6,159,33,0,0,"['A' 'M' 'U' 'M' 'M' 'M' 'M' 'M' 'M' 'M' 'M' 'M' 'M' 'M' 'M' 'M' 'M' 'U'
 'M' 'M' 'M' 'U' 'M' 'M' 'M' 'M' 'M' 'M' 'U' 'M' 'M' 'M' 'U' 'M' 'M' 'M'
 'U' 'M' 'M' 'M' 'M' 'M' 'U' 'M' 'M' 'M' 'M' 'M' 'M' 'U' 'M' 'M' 'M' 'M'
 'M' 'M' 'M' 'U' 'M' 'U' 'M' 'M' 'M' 'M' 'M' 'M' 'U' 'M' 'M' 'M' 'M' 'M'
 'M' 'U' 'M' 'M' 'M' 'M' 'M' 'M' 'M' 'M' 'M' 'M' 'M' 'U' 'M' 'M' 'U' 'M'
 'M' 'M' 'M' 'U' 'M' 'M' 'M' 'M' 'U' 'M' 'M' 'M' 'M' 'M' 'M' 'U' 'M' 'A'
 'U' 'M' 'M' 'M' 'U' 'U' 'M' 'M' 'M' 'M' 'A' 'M' 'M' 'M' 'M' 'A' 'M' 'M'
 'M' 'M' 'U' 'M' 'M' 'M' 'M' 'U' 'M' 'A' 'U' 'U' 'U' 'M' 'M' 'M' 'M' 'M'
 'M' 'U' 'M' 'M' 'M' 'M' 'M' 'U' 'U' 'M' 'U' 'M' 'M' 'M' 'M' 'A' 'M' 'M'
 'M' 'M' 'M' 'M' 'M' 'M' 'M' 'M' 'M' 'M' 'M' 'U' 'M' 'M' 'M' 'M' 'M' 'M'
 'M' 'M' 'M' 'M' 'M' 'U' 'U' 'M' 'M' 'M' 'M' 'M' 'M' 'U' 'M' 'M' 'M' 'M']"
309401,0,163,6,157,35,0,0,"['A' 'M' 'M' 'M' 'M' 'M' 'M' 'M' 'M' 'M' 'M' 'M' 'M' 'M' 'M' 'M' 'M' 'U'
 'M' 'M' 'M' 'M' 'M' 'M' 'M' 'M' 'M' 'M' 'U' 'M' 'M' 'M' 'U' 'M' 'M' 'M'
 'U' 'M' 'M' 'M' 'M' 'M' 'U' 'M' 'M' 'M' 'U' 'M' 'M' 'U' 'M' 'M' 'M' 'M'
 'M' 'M' 'M' 'U' 'M' 'U' 'M' 'M' 'M' 'M' 'M' 'M' 'M' 'M' 'M' 'U' 'M' 'U'
 'U' 'M' 'M' 'M' 'M' 'M' 'M' 'U' 'M' 'M' 'M' 'M' 'M' 'M' 'M' 'U' 'M' 'M'
 'M' 'M' 'M' 'M' 'M' 'M' 'M' 'M' 'M' 'M' 'M' 'M' 'M' 'U' 'M' 'M' 'M' 'U'
 'U' 'M' 'M' 'M' 'U' 'U' 'M' 'M' 'U' 'M' 'A' 'U' 'M' 'M' 'M' 'A' 'M' 'M'
 'M' 'M' 'U' 'M' 'M' 'M' 'U' 'U' 'M' 'A' 'A' 'U' 'U' 'M' 'M' 'M' 'M' 'U'
 'M' 'M' 'M' 'M' 'M' 'M' 'M' 'U' 'U' 'M' 'A' 'M' 'M' 'M' 'M' 'U' 'M' 'M'
 'M' 'M' 'M' 'U' 'M' 'M' 'M' 'M' 'M' 'M' 'M' 'U' 'M' 'M' 'M' 'M' 'M' 'M'
 'M' 'M' 'M' 'M' 'M' 'U' 'M' 'U' 'M' 'M' 'M' 'M' 'M' 'U' 'M' 'M' 'M' 'M']"
309501,0,160,7,153,38,0,0,"['A' 'M' 'M' 'M' 'M' 'U' 'M' 'M' 'M' 'M' 'M' 'M' 'M' 'U' 'M' 'M' 'M' 'M'
 'M' 'M' 'M' 'M' 'M' 'M' 'M' 'M' 'M' 'M' 'A' 'M' 'M' 'M' 'U' 'M' 'M' 'M'
 'M' 'M' 'M' 'M' 'M' 'M' 'U' 'M' 'M' 'M' 'U' 'M' 'M' 'U' 'M' 'M' 'M' 'M'
 'M' 'M' 'M' 'U' 'M' 'U' 'M' 'M' 'M' 'M' 'M' 'M' 'M' 'M' 'M' 'U' 'U' 'M'
 'M' 'M' 'M' 'M' 'M' 'M' 'M' 'U' 'M' 'M' 'M' 'M' 'U' 'M' 'M' 'M' 'M' 'M'
 'M' 'U' 'M' 'M' 'M' 'M' 'M' 'M' 'M' 'M' 'M' 'M' 'M' 'U' 'M' 'M' 'M' 'U'
 'U' 'M' 'M' 'M' 'U' 'U' 'M' 'M' 'U' 'M' 'A' 'M' 'M' 'M' 'M' 'A' 'M' 'U'
 'M' 'M' 'U' 'M' 'M' 'U' 'U' 'U' 'U' 'A' 'A' 'U' 'U' 'M' 'M' 'U' 'M' 'U'
 'M' 'U' 'M' 'M' 'M' 'M' 'M' 'U' 'U' 'M' 'A' 'M' 'M' 'M' 'M' 'U' 'M' 'M'
 'M' 'M' 'M' 'U' 'M' 'M' 'M' 'M' 'M' 'M' 'M' 'U' 'M' 'M' 'M' 'M' 'M' 'M'
 'M' 'M' 'M' 'M' 'M' 'U' 'M' 'U' 'M' 'M' 'M' 'M' 'M' 'U' 'M' 'M' 'M' 'M']"
309601,0,155,10,145,43,0,0,"['A' 'M' 'M' 'M' 'M' 'U' 'M' 'U' 'M' 'M' 'M' 'M' 'M' 'U' 'M' 'M' 'M' 'M'
 'M' 'M' 'U' 'M' 'M' 'M' 'M' 'M' 'M' 'M' 'A' 'M' 'M' 'M' 'U' 'M' 'M' 'A'
 'U' 'M' 'M' 'M' 'M' 'M' 'U' 'M' 'M' 'M' 'U' 'M' 'M' 'U' 'M' 'M' 'U' 'M'
 'M' 'M' 'U' 'U' 'M' 'U' 'M' 'M' 'M' 'M' 'M' 'M' 'U' 'M' 'M' 'M' 'M' 'M'
 'U' 'M' 'M' 'M' 'U' 'M' 'M' 'M' 'M' 'M' 'M' 'M' 'U' 'M' 'M' 'M' 'M' 'M'
 'M' 'M' 'M' 'M' 'U' 'M' 'M' 'M' 'M' 'M' 'M' 'M' 'M' 'U' 'M' 'M' 'M' 'M'
 'U' 'M' 'U' 'M' 'U' 'M' 'M' 'U' 'U' 'M' 'A' 'U' 'U' 'M' 'M' 'A' 'M' 'U'
 'M' 'M' 'M' 'M' 'M' 'U' 'M' 'U' 'M' 'A' 'A' 'M' 'U' 'M' 'M' 'A' 'M' 'U'
 'M' 'U' 'M' 'M' 'M' 'M' 'M' 'U' 'M' 'M' 'A' 'M' 'M' 'M' 'U' 'U' 'M' 'M'
 'M' 'M' 'M' 'U' 'M' 'M' 'M' 'U' 'M' 'M' 'M' 'U' 'U' 'M' 'M' 'M' 'M' 'M'
 'M' 'M' 'M' 'M' 'M' 'A' 'M' 'U' 'U' 'M' 'M' 'M' 'M' 'U' 'M' 'U' 'M' 'M']"
309701,0,155,7,148,43,0,0,"['A' 'M' 'M' 'M' 'U' 'M' 'U' 'A' 'M' 'M' 'M' 'M' 'M' 'U' 'M' 'M' 'M' 'M'
 'M' 'M' 'U' 'M' 'M' 'M' 'M' 'M' 'M' 'M' 'A' 'M' 'M' 'M' 'U' 'M' 'M' 'A'
 'U' 'M' 'M' 'M' 'M' 'U' 'U' 'M' 'U' 'M' 'M' 'M' 'M' 'U' 'M' 'M' 'M' 'U'
 'M' 'M' 'U' 'M' 'M' 'U' 'M' 'M' 'M' 'M' 'M' 'M' 'M' 'M' 'M' 'M' 'M' 'M'
 'M' 'U' 'M' 'M' 'U' 'M' 'M' 'M' 'U' 'M' 'M' 'M' 'M' 'U' 'U' 'M' 'M' 'M'
 'M' 'M' 'M' 'M' 'M' 'M' 'M' 'M' 'M' 'U' 'U' 'M' 'M' 'M' 'M' 'M' 'M' 'M'
 'U' 'M' 'U' 'U' 'U' 'M' 'M' 'U' 'M' 'M' 'A' 'U' 'U' 'M' 'M' 'A' 'M' 'U'
 'M' 'M' 'M' 'M' 'M' 'U' 'M' 'U' 'M' 'U' 'U' 'M' 'U' 'M' 'M' 'M' 'M' 'M'
 'M' 'U' 'M' 'M' 'M' 'M' 'M' 'M' 'M' 'M' 'U' 'M' 'U' 'M' 'U' 'U' 'M' 'M'
 'M' 'M' 'M' 'U' 'M' 'M' 'M' 'U' 'M' 'M' 'M' 'U' 'U' 'M' 'M' 'M' 'M' 'M'
 'M' 'M' 'M' 'M' 'M' 'A' 'M' 'U' 'M' 'M' 'M' 'M' 'M' 'M' 'M' 'M' 'M' 'M']"
309801,0,165,7,158,33,0,0,"['A' 'M' 'M' 'M' 'U' 'M' 'U' 'A' 'M' 'M' 'M' 'M' 'M' 'M' 'M' 'M' 'M' 'M'
 'M' 'M' 'M' 'M' 'M' 'M' 'M' 'M' 'M' 'U' 'A' 'M' 'M' 'M' 'M' 'M' 'M' 'A'
 'U' 'M' 'M' 'M' 'U' 'U' 'U' 'M' 'U' 'M' 'M' 'M' 'M' 'U' 'U' 'M' 'M' 'U'
 'M' 'M' 'U' 'M' 'M' 'U' 'M' 'M' 'M' 'M' 'M' 'M' 'M' 'M' 'M' 'M' 'M' 'M'
 'U' 'M' 'U' 'M' 'M' 'M' 'M' 'M' 'M' 'M' 'M' 'M' 'U' 'M' 'U' 'U' 'M' 'M'
 'M' 'M' 'M' 'M' 'M' 'M' 'M' 'M' 'M' 'U' 'U' 'M' 'M' 'M' 'M' 'M' 'M' 'M'
 'M' 'M' 'M' 'M' 'M' 'M' 'M' 'U' 'M' 'M' 'U' 'U' 'M' 'M' 'M' 'A' 'M' 'M'
 'M' 'M' 'M' 'M' 'M' 'U' 'M' 'U' 'M' 'U' 'M' 'M' 'M' 'M' 'M' 'M' 'M' 'M'
 'M' 'U' 'M' 'M' 'M' 'U' 'M' 'M' 'M' 'M' 'U' 'M' 'M' 'M' 'U' 'M' 'M' 'M'
 'M' 'M' 'M' 'U' 'M' 'U' 'M' 'M' 'M' 'M' 'M' 'U' 'A' 'M' 'M' 'M' 'M' 'M'
 'M' 'M' 'M' 'M' 'M' 'A' 'M' 'M' 'M' 'M' 'M' 'M' 'M' 'M' 'M' 'M' 'M' 'M']"
309901,0,161,5,156,37,0,0,"['A' 'M' 'M' 'M' 'U' 'M' 'M' 'A' 'M' 'M' 'M' 'M' 'M' 'M' 'M' 'M' 'M' 'M'
 'M' 'M' 'M' 'M' 'M' 'M' 'M' 'M' 'M' 'M' 'U' 'M' 'M' 'M' 'U' 'M' 'M' 'A'
 'U' 'M' 'M' 'M' 'U' 'M' 'U' 'M' 'M' 'U' 'M' 'M' 'M' 'U' 'U' 'M' 'M' 'U'
 'M' 'M' 'U' 'M' 'M' 'U' 'M' 'M' 'M' 'M' 'M' 'U' 'M' 'M' 'M' 'U' 'M' 'M'
 'M' 'M' 'M' 'M' 'M' 'M' 'M' 'M' 'M' 'U' 'M' 'M' 'M' 'M' 'U' 'M' 'M' 'M'
 'M' 'M' 'M' 'M' 'U' 'M' 'M' 'M' 'M' 'U' 'M' 'M' 'M' 'M' 'M' 'M' 'M' 'M'
 'M' 'M' 'M' 'M' 'M' 'M' 'M' 'U' 'M' 'M' 'U' 'U' 'M' 'M' 'M' 'U' 'M' 'M'
 'M' 'M' 'M' 'M' 'M' 'U' 'U' 'U' 'U' 'U' 'U' 'U' 'U' 'M' 'M' 'M' 'M' 'M'
 'M' 'U' 'M' 'M' 'M' 'M' 'M' 'M' 'M' 'M' 'U' 'M' 'M' 'M' 'U' 'M' 'M' 'M'
 'M' 'M' 'M' 'U' 'M' 'U' 'M' 'M' 'M' 'M' 'M' 'U' 'A' 'M' 'M' 'M' 'M' 'M'
 'M' 'M' 'M' 'M' 'M' 'A' 'M' 'M' 'M' 'M' 'M' 'M' 'M' 'M' 'M' 'M' 'U' 'M']"
310001,0,165,7,158,33,0,0,"['A' 'M' 'M' 'M' 'U' 'M' 'M' 'U' 'M' 'M' 'M' 'M' 'M' 'M' 'M' 'U' 'M' 'M'
 'M' 'M' 'M' 'M' 'M' 'U' 'M' 'M' 'M' 'M' 'A' 'M' 'M' 'M' 'U' 'M' 'M' 'A'
 'U' 'M' 'M' 'M' 'U' 'U' 'U' 'M' 'M' 'U' 'M' 'M' 'M' 'U' 'M' 'M' 'M' 'U'
 'M' 'M' 'U' 'M' 'M' 'M' 'M' 'M' 'M' 'M' 'M' 'M' 'M' 'M' 'M' 'M' 'M' 'M'
 'U' 'M' 'M' 'U' 'M' 'M' 'M' 'M' 'M' 'M' 'M' 'M' 'M' 'M' 'M' 'M' 'M' 'U'
 'U' 'U' 'M' 'M' 'M' 'M' 'U' 'M' 'M' 'U' 'M' 'M' 'M' 'M' 'M' 'M' 'M' 'M'
 'M' 'M' 'M' 'M' 'M' 'M' 'M' 'M' 'M' 'M' 'U' 'U' 'M' 'M' 'M' 'A' 'M' 'M'
 'M' 'M' 'M' 'M' 'M' 'U' 'U' 'U' 'M' 'U' 'M' 'A' 'M' 'M' 'M' 'M' 'M' 'M'
 'M' 'U' 'U' 'M' 'M' 'M' 'M' 'M' 'M' 'M' 'M' 'M' 'M' 'M' 'U' 'M' 'M' 'M'
 'M' 'M' 'M' 'U' 'M' 'U' 'M' 'M' 'M' 'M' 'M' 'U' 'A' 'M' 'M' 'M' 'M' 'M'
 'M' 'M' 'M' 'M' 'M' 'A' 'M' 'M' 'M' 'M' 'M' 'M' 'M' 'M' 'M' 'M' 'U' 'M']"
310101,0,165,6,159,33,0,0,"['A' 'U' 'M' 'M' 'U' 'M' 'M' 'U' 'M' 'M' 'M' 'M' 'M' 'M' 'M' 'M' 'M' 'M'
 'M' 'M' 'M' 'M' 'M' 'M' 'M' 'M' 'M' 'M' 'U' 'M' 'M' 'M' 'M' 'M' 'M' 'A'
 'U' 'M' 'M' 'M' 'U' 'U' 'U' 'M' 'M' 'U' 'M' 'M' 'M' 'U' 'M' 'M' 'M' 'U'
 'M' 'M' 'U' 'M' 'M' 'M' 'M' 'M' 'M' 'M' 'M' 'M' 'M' 'U' 'M' 'M' 'M' 'M'
 'M' 'M' 'M' 'M' 'M' 'M' 'M' 'M' 'M' 'M' 'M' 'M' 'U' 'M' 'M' 'M' 'U' 'U'
 'M' 'M' 'M' 'M' 'U' 'M' 'U' 'M' 'M' 'U' 'M' 'M' 'M' 'M' 'M' 'M' 'M' 'M'
 'M' 'M' 'U' 'M' 'M' 'M' 'M' 'M' 'M' 'M' 'M' 'U' 'M' 'M' 'M' 'A' 'M' 'M'
 'U' 'M' 'M' 'M' 'M' 'U' 'A' 'U' 'M' 'M' 'M' 'A' 'M' 'M' 'M' 'M' 'U' 'M'
 'M' 'M' 'U' 'M' 'M' 'M' 'M' 'M' 'M' 'M' 'M' 'M' 'M' 'M' 'U' 'M' 'U' 'M'
 'M' 'M' 'M' 'A' 'M' 'U' 'M' 'M' 'M' 'M' 'M' 'U' 'U' 'M' 'M' 'M' 'M' 'M'
 'M' 'M' 'M' 'M' 'M' 'U' 'M' 'M' 'M' 'M' 'M' 'M' 'M' 'M' 'M' 'M' 'U' 'M']"
310201,0,169,8,161,29,0,0,"['A' 'M' 'M' 'M' 'M' 'M' 'M' 'U' 'M' 'M' 'M' 'M' 'M' 'M' 'M' 'A' 'M' 'M'
 'M' 'M' 'M' 'M' 'M' 'M' 'M' 'U' 'M' 'M' 'U' 'U' 'M' 'M' 'U' 'M' 'U' 'A'
 'U' 'M' 'M' 'M' 'U' 'M' 'U' 'M' 'M' 'M' 'M' 'M' 'M' 'U' 'M' 'M' 'M' 'U'
 'M' 'M' 'U' 'M' 'M' 'M' 'M' 'M' 'M' 'M' 'M' 'M' 'M' 'M' 'U' 'U' 'M' 'M'
 'M' 'M' 'M' 'M' 'M' 'U' 'M' 'M' 'M' 'M' 'M' 'M' 'M' 'M' 'U' 'M' 'M' 'M'
 'M' 'M' 'U' 'M' 'M' 'M' 'U' 'M' 'M' 'U' 'M' 'M' 'M' 'M' 'M' 'M' 'M' 'M'
 'M' 'M' 'M' 'M' 'M' 'M' 'M' 'M' 'M' 'M' 'M' 'U' 'M' 'M' 'M' 'A' 'M' 'M'
 'M' 'M' 'M' 'M' 'M' 'U' 'A' 'M' 'M' 'M' 'M' 'A' 'M' 'M' 'M' 'M' 'A' 'M'
 'M' 'M' 'M' 'M' 'M' 'M' 'M' 'M' 'M' 'M' 'M' 'M' 'M' 'M' 'U' 'M' 'U' 'M'
 'M' 'M' 'M' 'A' 'M' 'U' 'M' 'M' 'M' 'M' 'M' 'U' 'U' 'M' 'M' 'M' 'M' 'M'
 'M' 'M' 'M' 'M' 'M' 'U' 'M' 'M' 'U' 'M' 'M' 'M' 'M' 'M' 'M' 'M' 'U' 'M']"
310301,0,167,8,159,31,0,0,"['A' 'M' 'M' 'M' 'M' 'M' 'M' 'U' 'M' 'M' 'M' 'M' 'M' 'M' 'U' 'A' 'M' 'M'
 'M' 'M' 'M' 'M' 'M' 'M' 'M' 'U' 'M' 'M' 'U' 'U' 'M' 'M' 'M' 'M' 'U' 'A'
 'U' 'M' 'U' 'M' 'U' 'M' 'U' 'M' 'M' 'M' 'U' 'M' 'M' 'M' 'M' 'M' 'M' 'M'
 'M' 'M' 'M' 'M' 'M' 'M' 'M' 'M' 'M' 'M' 'M' 'U' 'M' 'M' 'M' 'M' 'U' 'M'
 'M' 'M' 'U' 'M' 'M' 'M' 'M' 'M' 'M' 'M' 'M' 'M' 'M' 'M' 'U' 'M' 'M' 'M'
 'U' 'M' 'M' 'M' 'M' 'M' 'U' 'M' 'M' 'U' 'M' 'U' 'M' 'M' 'M' 'M' 'M' 'M'
 'M' 'M' 'M' 'M' 'U' 'M' 'M' 'M' 'M' 'M' 'M' 'M' 'M' 'M' 'M' 'A' 'M' 'M'
 'M' 'M' 'M' 'M' 'M' 'U' 'A' 'M' 'M' 'M' 'M' 'A' 'M' 'M' 'M' 'M' 'A' 'M'
 'M' 'M' 'M' 'M' 'M' 'M' 'M' 'M' 'M' 'U' 'M' 'M' 'M' 'M' 'U' 'M' 'U' 'M'
 'M' 'M' 'M' 'A' 'M' 'M' 'M' 'M' 'M' 'U' 'M' 'U' 'U' 'M' 'M' 'M' 'M' 'M'
 'M' 'M' 'M' 'M' 'M' 'U' 'M' 'M' 'U' 'M' 'M' 'M' 'M' 'M' 'M' 'U' 'U' 'M']"
310401,0,163,7,156,35,0,0,"['A' 'M' 'M' 'M' 'M' 'M' 'M' 'U' 'M' 'M' 'M' 'M' 'M' 'M' 'U' 'A' 'M' 'U'
 'M' 'U' 'M' 'M' 'M' 'M' 'M' 'U' 'M' 'M' 'M' 'M' 'U' 'M' 'M' 'M' 'U' 'A'
 'U' 'M' 'U' 'M' 'U' 'U' 'U' 'M' 'M' 'M' 'M' 'M' 'M' 'M' 'M' 'M' 'M' 'M'
 'M' 'M' 'M' 'M' 'M' 'M' 'M' 'M' 'M' 'M' 'M' 'M' 'M' 'M' 'M' 'M' 'U' 'U'
 'M' 'U' 'M' 'U' 'M' 'M' 'M' 'M' 'M' 'M' 'M' 'M' 'M' 'M' 'M' 'M' 'M' 'M'
 'M' 'M' 'M' 'U' 'M' 'M' 'M' 'M' 'U' 'U' 'M' 'U' 'M' 'M' 'M' 'M' 'M' 'M'
 'M' 'M' 'M' 'M' 'U' 'M' 'M' 'M' 'M' 'M' 'M' 'M' 'M' 'M' 'M' 'A' 'M' 'M'
 'M' 'M' 'M' 'M' 'M' 'M' 'U' 'M' 'M' 'M' 'M' 'A' 'M' 'M' 'U' 'M' 'A' 'M'
 'M' 'M' 'M' 'M' 'M' 'M' 'M' 'M' 'M' 'U' 'M' 'M' 'U' 'M' 'U' 'M' 'U' 'M'
 'M' 'M' 'M' 'A' 'M' 'M' 'M' 'M' 'M' 'U' 'M' 'U' 'U' 'M' 'M' 'M' 'M' 'M'
 'M' 'M' 'M' 'U' 'M' 'U' 'M' 'M' 'M' 'M' 'M' 'M' 'M' 'U' 'M' 'U' 'U' 'M']"
310501,0,165,8,157,33,0,0,"['A' 'M' 'M' 'M' 'M' 'M' 'M' 'U' 'M' 'M' 'M' 'M' 'M' 'M' 'U' 'A' 'M' 'U'
 'M' 'M' 'M' 'M' 'M' 'M' 'M' 'M' 'M' 'M' 'M' 'M' 'M' 'M' 'U' 'M' 'U' 'A'
 'U' 'M' 'M' 'M' 'U' 'M' 'U' 'M' 'M' 'M' 'M' 'M' 'M' 'M' 'M' 'M' 'M' 'M'
 'M' 'M' 'M' 'M' 'M' 'M' 'M' 'M' 'M' 'M' 'M' 'M' 'M' 'M' 'U' 'M' 'M' 'M'
 'M' 'U' 'M' 'U' 'M' 'M' 'M' 'M' 'M' 'M' 'M' 'U' 'M' 'M' 'U' 'M' 'M' 'M'
 'M' 'M' 'M' 'M' 'M' 'M' 'M' 'M' 'U' 'M' 'M' 'U' 'M' 'M' 'M' 'M' 'U' 'M'
 'M' 'M' 'M' 'U' 'U' 'M' 'M' 'M' 'M' 'M' 'M' 'M' 'M' 'M' 'M' 'A' 'U' 'U'
 'M' 'M' 'M' 'M' 'M' 'M' 'U' 'M' 'M' 'M' 'M' 'A' 'M' 'M' 'U' 'U' 'A' 'M'
 'M' 'M' 'M' 'M' 'M' 'M' 'M' 'M' 'M' 'U' 'M' 'M' 'U' 'M' 'A' 'M' 'U' 'M'
 'M' 'M' 'M' 'A' 'U' 'M' 'M' 'M' 'M' 'M' 'M' 'U' 'M' 'M' 'M' 'M' 'M' 'M'
 'M' 'M' 'M' 'M' 'U' 'M' 'M' 'M' 'M' 'M' 'M' 'M' 'M' 'U' 'U' 'U' 'U' 'M']"
310601,0,159,6,153,39,0,1,"['A' 'M' 'M' 'M' 'M' 'M' 'M' 'U' 'M' 'M' 'M' 'U' 'M' 'M' 'M' 'A' 'M' 'U'
 'M' 'M' 'M' 'M' 'M' 'M' 'M' 'M' 'M' 'M' 'M' 'M' 'M' 'M' 'U' 'M' 'U' 'A'
 'U' 'M' 'M' 'M' 'U' 'M' 'U' 'M' 'M' 'M' 'U' 'M' 'M' 'M' 'M' 'U' 'M' 'M'
 'M' 'M' 'U' 'M' 'M' 'M' 'M' 'M' 'M' 'M' 'M' 'M' 'M' 'M' 'M' 'M' 'M' 'M'
 'U' 'M' 'M' 'U' 'M' 'M' 'M' 'M' 'U' 'M' 'M' 'M' 'M' 'M' 'M' 'U' 'M' 'M'
 'M' 'M' 'M' 'M' 'U' 'M' 'M' 'U' 'M' 'M' 'M' 'U' 'M' 'M' 'M' 'M' 'M' 'M'
 'M' 'U' 'M' 'U' 'M' 'M' 'M' 'M' 'M' 'M' 'M' 'M' 'M' 'M' 'M' 'A' 'U' 'U'
 'M' 'M' 'M' 'M' 'M' 'M' 'U' 'M' 'M' 'M' 'M' 'A' 'M' 'M' 'U' 'U' 'U' 'M'
 'M' 'M' 'U' 'M' 'M' 'M' 'M' 'M' 'M' 'U' 'M' 'M' 'U' 'M' 'M' 'M' 'U' 'M'
 'M' 'M' 'M' 'A' 'U' 'M' 'M' 'M' 'M' 'M' 'M' 'U' 'M' 'M' 'M' 'M' 'M' 'U'
 'M' 'M' 'M' 'M' 'U' 'M' 'M' 'M' 'M' 'M' 'M' 'U' 'M' 'U' 'U' 'U' 'U' 'M']"
310701,0,159,5,154,39,0,0,"['A' 'M' 'M' 'M' 'M' 'M' 'M' 'U' 'M' 'M' 'M' 'U' 'M' 'M' 'M' 'A' 'M' 'U'
 'M' 'M' 'M' 'M' 'M' 'M' 'M' 'M' 'M' 'M' 'M' 'M' 'M' 'U' 'U' 'M' 'U' 'A'
 'U' 'M' 'M' 'M' 'U' 'M' 'U' 'M' 'U' 'M' 'U' 'M' 'M' 'M' 'M' 'U' 'M' 'M'
 'M' 'M' 'U' 'M' 'M' 'M' 'M' 'M' 'M' 'M' 'M' 'M' 'M' 'M' 'M' 'U' 'M' 'M'
 'M' 'M' 'M' 'M' 'M' 'M' 'M' 'M' 'U' 'M' 'M' 'M' 'M' 'U' 'M' 'M' 'M' 'M'
 'U' 'M' 'M' 'U' 'M' 'M' 'M' 'A' 'M' 'M' 'M' 'M' 'M' 'M' 'M' 'M' 'M' 'M'
 'M' 'U' 'M' 'U' 'M' 'M' 'M' 'M' 'M' 'M' 'M' 'M' 'M' 'M' 'M' 'A' 'M' 'U'
 'M' 'M' 'M' 'M' 'M' 'M' 'U' 'M' 'M' 'M' 'M' 'U' 'U' 'M' 'M' 'U' 'U' 'M'
 'U' 'M' 'U' 'M' 'U' 'M' 'M' 'M' 'M' 'U' 'M' 'M' 'M' 'M' 'M' 'M' 'M' 'M'
 'M' 'M' 'M' 'U' 'M' 'M' 'M' 'M' 'M' 'M' 'M' 'U' 'M' 'M' 'M' 'U' 'M' 'U'
 'M' 'M' 'M' 'M' 'U' 'M' 'M' 'U' 'M' 'M' 'M' 'U' 'M' 'U' 'M' 'U' 'M' 'M']"
310801,0,163,3,160,35,1,0,"['A' 'M' 'M' 'M' 'M' 'M' 'M' 'M' 'M' 'M' 'M' 'U' 'M' 'U' 'M' 'U' 'M' 'U'
 'M' 'M' 'U' 'M' 'M' 'M' 'M' 'U' 'M' 'M' 'M' 'M' 'M' 'U' 'M' 'M' 'U' 'A'
 'U' 'M' 'M' 'M' 'U' 'M' 'M' 'M' 'U' 'M' 'U' 'M' 'M' 'M' 'M' 'M' 'M' 'M'
 'M' 'M' 'U' 'U' 'M' 'M' 'M' 'M' 'M' 'M' 'M' 'M' 'U' 'M' 'M' 'M' 'U' 'M'
 'M' 'M' 'M' 'U' 'M' 'M' 'M' 'M' 'U' 'M' 'M' 'M' 'M' 'M' 'M' 'M' 'U' 'M'
 'M' 'M' 'M' 'M' 'M' 'M' 'M' 'U' 'M' 'M' 'M' 'M' 'M' 'M' 'M' 'M' 'M' 'M'
 'M' 'M' 'M' 'U' 'M' 'M' 'M' 'M' 'M' 'M' 'M' 'M' 'M' 'M' 'M' 'A' 'U' 'U'
 'M' 'M' 'M' 'M' 'M' 'M' 'U' 'M' 'M' 'M' 'M' 'M' 'M' 'M' 'M' 'U' 'U' 'M'
 'U' 'M' 'U' 'M' 'M' 'M' 'M' 'M' 'M' 'U' 'M' 'M' 'M' 'M' 'M' 'M' 'M' 'M'
 'M' 'M' 'M' 'U' 'M' 'M' 'M' 'M' 'M' 'M' 'M' 'U' 'M' 'M' 'M' 'M' 'M' 'M'
 'M' 'M' 'M' 'M' 'U' 'M' 'M' 'U' 'M' 'M' 'M' 'M' 'M' 'U' 'M' 'U' 'M' 'M']"
310901,0,161,4,157,37,1,0,"['A' 'M' 'U' 'M' 'M' 'M' 'M' 'M' 'M' 'M' 'M' 'U' 'M' 'U' 'M' 'U' 'M' 'M'
 'M' 'M' 'U' 'M' 'M' 'M' 'U' 'U' 'M' 'M' 'U' 'M' 'M' 'M' 'M' 'M' 'U' 'A'
 'M' 'M' 'M' 'M' 'U' 'M' 'M' 'M' 'U' 'M' 'U' 'M' 'M' 'M' 'M' 'M' 'M' 'M'
 'M' 'M' 'U' 'U' 'M' 'M' 'M' 'M' 'M' 'M' 'M' 'M' 'U' 'U' 'M' 'M' 'M' 'M'
 'U' 'M' 'M' 'U' 'M' 'M' 'M' 'M' 'M' 'M' 'M' 'M' 'M' 'M' 'M' 'M' 'M' 'M'
 'M' 'M' 'M' 'M' 'U' 'M' 'M' 'M' 'M' 'M' 'M' 'M' 'M' 'M' 'M' 'M' 'M' 'M'
 'M' 'M' 'M' 'U' 'M' 'M' 'M' 'M' 'M' 'M' 'M' 'M' 'M' 'M' 'M' 'A' 'M' 'U'
 'M' 'M' 'M' 'M' 'M' 'M' 'U' 'M' 'M' 'M' 'M' 'M' 'M' 'M' 'M' 'U' 'M' 'M'
 'U' 'M' 'U' 'M' 'M' 'M' 'M' 'M' 'M' 'U' 'M' 'M' 'M' 'U' 'M' 'M' 'M' 'M'
 'M' 'M' 'M' 'M' 'M' 'M' 'M' 'U' 'M' 'M' 'U' 'U' 'M' 'M' 'M' 'U' 'M' 'M'
 'M' 'M' 'U' 'M' 'U' 'M' 'M' 'A' 'M' 'M' 'U' 'M' 'U' 'U' 'M' 'U' 'M' 'M']"
311001,1,154,6,148,44,0,0,"['A' 'M' 'U' 'M' 'M' 'A' 'M' 'M' 'M' 'M' 'M' 'U' 'M' 'U' 'M' 'U' 'M' 'M'
 'M' 'M' 'M' 'M' 'M' 'M' 'U' 'M' 'M' 'M' 'U' 'M' 'M' 'M' 'M' 'M' 'U' 'A'
 'M' 'M' 'M' 'M' 'M' 'M' 'M' 'M' 'U' 'M' 'U' 'M' 'M' 'M' 'M' 'M' 'M' 'M'
 'M' 'M' 'U' 'U' 'M' 'U' 'M' 'M' 'M' 'U' 'M' 'M' 'M' 'M' 'M' 'M' 'U' 'M'
 'M' 'M' 'M' 'M' 'M' 'M' 'M' 'U' 'M' 'M' 'M' 'M' 'M' 'M' 'M' 'M' 'M' 'U'
 'U' 'M' 'M' 'M' 'U' 'U' 'M' 'M' 'M' 'M' 'M' 'M' 'M' 'M' 'M' 'M' 'M' 'M'
 'U' 'M' 'U' 'U' 'M' 'M' 'M' 'M' 'M' 'M' 'M' 'M' 'M' 'M' 'M' 'A' 'U' 'M'
 'M' 'M' 'M' 'U' 'M' 'U' 'U' 'U' 'M' 'M' 'M' 'M' 'M' 'M' 'M' 'U' 'M' 'M'
 'U' 'M' 'U' 'M' 'U' 'M' 'M' 'M' 'M' 'U' 'M' 'M' 'M' 'U' 'M' 'M' 'M' 'M'
 'M' 'M' 'M' 'M' 'M' 'M' 'M' 'U' 'M' 'M' 'U' 'U' 'M' 'M' 'M' 'U' 'M' 'M'
 'M' 'M' 'U' 'M' 'A' 'U' 'M' 'A' 'U' 'M' 'U' 'M' 'U' 'U' 'M' 'U' 'M' 'M']"
311101,1,157,5,152,41,0,0,"['A' 'M' 'U' 'M' 'M' 'M' 'M' 'M' 'M' 'M' 'M' 'M' 'M' 'U' 'M' 'U' 'M' 'M'
 'M' 'M' 'M' 'M' 'M' 'M' 'U' 'M' 'M' 'M' 'U' 'M' 'M' 'M' 'M' 'M' 'U' 'A'
 'M' 'M' 'M' 'U' 'M' 'M' 'M' 'M' 'U' 'M' 'U' 'U' 'M' 'M' 'M' 'M' 'M' 'M'
 'M' 'M' 'M' 'M' 'M' 'U' 'M' 'M' 'M' 'U' 'M' 'M' 'M' 'M' 'M' 'M' 'M' 'M'
 'M' 'M' 'M' 'U' 'M' 'M' 'M' 'M' 'U' 'U' 'M' 'M' 'U' 'M' 'M' 'M' 'M' 'M'
 'U' 'M' 'M' 'M' 'M' 'M' 'M' 'M' 'M' 'M' 'M' 'M' 'M' 'M' 'M' 'M' 'M' 'M'
 'M' 'M' 'M' 'M' 'M' 'M' 'M' 'U' 'M' 'M' 'M' 'M' 'M' 'M' 'M' 'A' 'U' 'M'
 'M' 'M' 'M' 'U' 'M' 'U' 'U' 'U' 'U' 'U' 'U' 'U' 'U' 'M' 'M' 'M' 'M' 'U'
 'M' 'M' 'U' 'M' 'U' 'M' 'M' 'M' 'M' 'M' 'M' 'M' 'M' 'U' 'M' 'M' 'M' 'M'
 'M' 'M' 'M' 'M' 'M' 'M' 'M' 'U' 'M' 'M' 'M' 'U' 'M' 'M' 'M' 'M' 'M' 'M'
 'M' 'M' 'U' 'M' 'A' 'U' 'U' 'A' 'U' 'M' 'M' 'M' 'U' 'U' 'M' 'U' 'M' 'M']"
311201,0,159,6,153,39,0,0,"['A' 'M' 'U' 'M' 'M' 'M' 'M' 'M' 'M' 'U' 'U' 'M' 'M' 'M' 'M' 'A' 'M' 'M'
 'M' 'U' 'M' 'M' 'M' 'M' 'U' 'M' 'M' 'M' 'U' 'M' 'M' 'M' 'M' 'M' 'U' 'A'
 'M' 'M' 'M' 'M' 'M' 'M' 'M' 'M' 'M' 'M' 'U' 'M' 'M' 'M' 'M' 'M' 'M' 'M'
 'U' 'M' 'M' 'U' 'M' 'M' 'M' 'M' 'M' 'U' 'M' 'M' 'M' 'M' 'U' 'M' 'M' 'M'
 'M' 'M' 'U' 'M' 'M' 'M' 'M' 'M' 'M' 'U' 'U' 'M' 'M' 'M' 'M' 'U' 'M' 'M'
 'M' 'M' 'M' 'M' 'M' 'M' 'M' 'M' 'M' 'M' 'M' 'M' 'M' 'M' 'M' 'M' 'M' 'M'
 'M' 'M' 'M' 'M' 'M' 'M' 'M' 'U' 'M' 'M' 'M' 'M' 'M' 'M' 'M' 'A' 'U' 'M'
 'M' 'M' 'M' 'U' 'M' 'U' 'U' 'M' 'U' 'U' 'U' 'U' 'U' 'M' 'M' 'M' 'M' 'U'
 'M' 'M' 'M' 'M' 'U' 'M' 'M' 'U' 'M' 'M' 'M' 'M' 'M' 'U' 'M' 'M' 'M' 'M'
 'M' 'M' 'M' 'M' 'M' 'M' 'M' 'U' 'M' 'M' 'U' 'M' 'M' 'M' 'M' 'M' 'M' 'M'
 'M' 'M' 'U' 'M' 'A' 'U' 'U' 'A' 'U' 'M' 'M' 'M' 'U' 'U' 'M' 'U' 'M' 'M']"
311301,0,160,6,154,38,0,1,"['A' 'M' 'U' 'M' 'M' 'M' 'M' 'M' 'M' 'U' 'M' 'M' 'M' 'M' 'M' 'A' 'M' 'M'
 'M' 'M' 'M' 'M' 'M' 'M' 'U' 'M' 'M' 'M' 'U' 'U' 'M' 'M' 'M' 'M' 'U' 'A'
 'M' 'M' 'M' 'M' 'M' 'M' 'M' 'M' 'M' 'M' 'U' 'M' 'M' 'M' 'M' 'M' 'M' 'M'
 'M' 'M' 'M' 'U' 'M' 'M' 'M' 'M' 'M' 'U' 'M' 'M' 'M' 'M' 'M' 'M' 'M' 'U'
 'M' 'U' 'M' 'M' 'M' 'M' 'M' 'M' 'M' 'M' 'M' 'M' 'M' 'M' 'M' 'M' 'M' 'M'
 'M' 'U' 'M' 'U' 'U' 'M' 'M' 'M' 'M' 'M' 'M' 'M' 'M' 'M' 'M' 'M' 'M' 'M'
 'U' 'M' 'M' 'M' 'M' 'M' 'M' 'U' 'M' 'M' 'M' 'M' 'M' 'M' 'M' 'A' 'U' 'M'
 'M' 'M' 'M' 'U' 'M' 'U' 'M' 'U' 'U' 'U' 'M' 'U' 'U' 'M' 'M' 'M' 'M' 'U'
 'M' 'M' 'M' 'M' 'M' 'M' 'M' 'U' 'M' 'M' 'M' 'M' 'U' 'U' 'M' 'M' 'M' 'M'
 'M' 'M' 'M' 'M' 'M' 'M' 'M' 'U' 'M' 'M' 'U' 'M' 'M' 'M' 'M' 'M' 'M' 'M'
 'M' 'U' 'U' 'M' 'U' 'A' 'M' 'A' 'U' 'M' 'U' 'U' 'M' 'U' 'M' 'U' 'M' 'M']"
311401,0,161,5,156,37,0,0,"['A' 'M' 'U' 'M' 'M' 'M' 'M' 'M' 'M' 'U' 'M' 'M' 'M' 'M' 'M' 'A' 'M' 'M'
 'M' 'M' 'M' 'M' 'M' 'M' 'U' 'M' 'M' 'M' 'M' 'U' 'M' 'U' 'M' 'M' 'M' 'A'
 'M' 'M' 'M' 'M' 'M' 'M' 'M' 'M' 'M' 'M' 'U' 'U' 'M' 'M' 'M' 'M' 'M' 'M'
 'M' 'M' 'M' 'U' 'M' 'U' 'M' 'M' 'M' 'M' 'M' 'M' 'M' 'M' 'M' 'M' 'M' 'M'
 'M' 'M' 'M' 'U' 'M' 'M' 'M' 'U' 'M' 'M' 'M' 'U' 'M' 'M' 'M' 'M' 'M' 'M'
 'U' 'M' 'U' 'M' 'M' 'M' 'M' 'M' 'M' 'M' 'M' 'M' 'M' 'U' 'M' 'M' 'M' 'U'
 'U' 'M' 'M' 'M' 'M' 'M' 'M' 'U' 'M' 'M' 'M' 'M' 'M' 'M' 'M' 'U' 'U' 'M'
 'M' 'M' 'M' 'U' 'U' 'M' 'M' 'M' 'U' 'U' 'M' 'U' 'U' 'M' 'M' 'M' 'M' 'M'
 'M' 'M' 'M' 'M' 'M' 'M' 'M' 'U' 'U' 'M' 'M' 'M' 'M' 'U' 'M' 'M' 'M' 'M'
 'M' 'M' 'M' 'M' 'M' 'M' 'M' 'U' 'M' 'M' 'U' 'M' 'M' 'M' 'M' 'M' 'M' 'M'
 'M' 'M' 'U' 'U' 'M' 'A' 'M' 'A' 'U' 'M' 'U' 'M' 'M' 'U' 'M' 'U' 'M' 'M']"
311501,0,169,7,162,29,0,1,"['A' 'M' 'U' 'M' 'M' 'M' 'M' 'M' 'M' 'U' 'M' 'M' 'M' 'M' 'M' 'A' 'M' 'M'
 'M' 'M' 'M' 'M' 'M' 'M' 'U' 'M' 'M' 'M' 'M' 'M' 'M' 'U' 'M' 'M' 'M' 'A'
 'M' 'M' 'M' 'M' 'M' 'M' 'M' 'M' 'M' 'M' 'U' 'U' 'M' 'M' 'M' 'M' 'M' 'M'
 'M' 'M' 'M' 'M' 'M' 'U' 'M' 'M' 'M' 'M' 'M' 'M' 'M' 'M' 'M' 'U' 'U' 'M'
 'M' 'M' 'M' 'M' 'M' 'U' 'M' 'M' 'M' 'M' 'M' 'M' 'M' 'M' 'M' 'M' 'M' 'M'
 'U' 'U' 'M' 'M' 'M' 'M' 'M' 'U' 'M' 'M' 'M' 'M' 'M' 'U' 'M' 'M' 'M' 'U'
 'U' 'M' 'M' 'M' 'M' 'U' 'M' 'M' 'M' 'M' 'M' 'M' 'M' 'M' 'M' 'M' 'U' 'M'
 'M' 'M' 'M' 'M' 'M' 'M' 'M' 'M' 'U' 'U' 'M' 'U' 'U' 'M' 'M' 'M' 'M' 'M'
 'M' 'M' 'M' 'M' 'M' 'M' 'M' 'M' 'U' 'M' 'U' 'M' 'M' 'A' 'M' 'M' 'M' 'M'
 'M' 'M' 'M' 'M' 'M' 'M' 'M' 'A' 'M' 'M' 'U' 'M' 'M' 'M' 'M' 'M' 'M' 'M'
 'M' 'M' 'U' 'M' 'M' 'A' 'M' 'A' 'U' 'M' 'U' 'M' 'M' 'U' 'M' 'M' 'M' 'M']"
311601,0,177,8,169,21,0,0,"['A' 'M' 'U' 'M' 'M' 'M' 'M' 'M' 'M' 'U' 'M' 'M' 'M' 'M' 'M' 'A' 'M' 'M'
 'M' 'M' 'M' 'M' 'M' 'M' 'A' 'M' 'M' 'M' 'M' 'M' 'M' 'M' 'M' 'M' 'M' 'A'
 'M' 'M' 'M' 'M' 'M' 'M' 'M' 'M' 'M' 'M' 'U' 'U' 'M' 'M' 'M' 'M' 'M' 'M'
 'M' 'M' 'M' 'M' 'M' 'M' 'M' 'M' 'M' 'M' 'M' 'M' 'M' 'M' 'M' 'M' 'M' 'M'
 'M' 'M' 'M' 'M' 'U' 'M' 'U' 'M' 'M' 'M' 'U' 'M' 'M' 'M' 'M' 'M' 'M' 'M'
 'U' 'M' 'U' 'M' 'M' 'U' 'M' 'U' 'M' 'M' 'M' 'M' 'M' 'M' 'M' 'M' 'M' 'A'
 'M' 'M' 'M' 'M' 'M' 'M' 'M' 'M' 'M' 'M' 'M' 'M' 'U' 'M' 'M' 'M' 'U' 'M'
 'M' 'M' 'M' 'M' 'M' 'M' 'M' 'M' 'M' 'M' 'M' 'U' 'U' 'M' 'M' 'M' 'M' 'M'
 'M' 'M' 'M' 'M' 'M' 'M' 'M' 'M' 'U' 'M' 'U' 'M' 'M' 'M' 'M' 'M' 'M' 'M'
 'M' 'M' 'M' 'M' 'M' 'M' 'M' 'A' 'M' 'M' 'M' 'M' 'M' 'M' 'M' 'M' 'M' 'M'
 'M' 'M' 'U' 'M' 'M' 'A' 'M' 'A' 'U' 'M' 'U' 'M' 'M' 'U' 'M' 'M' 'M' 'M']"
311701,0,175,7,168,23,0,1,"['A' 'M' 'M' 'U' 'M' 'M' 'M' 'M' 'M' 'U' 'M' 'M' 'M' 'M' 'M' 'A' 'M' 'M'
 'M' 'U' 'M' 'M' 'M' 'M' 'U' 'M' 'M' 'M' 'M' 'M' 'M' 'M' 'M' 'M' 'M' 'A'
 'M' 'M' 'M' 'M' 'M' 'M' 'M' 'M' 'M' 'M' 'U' 'A' 'M' 'M' 'M' 'M' 'M' 'M'
 'M' 'M' 'M' 'M' 'M' 'M' 'M' 'M' 'M' 'M' 'M' 'U' 'M' 'U' 'M' 'M' 'M' 'M'
 'M' 'U' 'M' 'M' 'M' 'M' 'M' 'M' 'M' 'M' 'U' 'M' 'M' 'M' 'M' 'M' 'U' 'M'
 'M' 'M' 'M' 'M' 'M' 'M' 'M' 'U' 'M' 'M' 'U' 'M' 'M' 'M' 'M' 'M' 'M' 'A'
 'M' 'M' 'M' 'M' 'M' 'M' 'M' 'M' 'M' 'M' 'M' 'M' 'U' 'M' 'M' 'M' 'M' 'M'
 'M' 'M' 'M' 'M' 'M' 'M' 'M' 'M' 'M' 'M' 'M' 'U' 'U' 'M' 'M' 'M' 'M' 'M'
 'M' 'M' 'M' 'M' 'M' 'M' 'M' 'M' 'U' 'M' 'U' 'M' 'M' 'M' 'M' 'M' 'M' 'M'
 'M' 'M' 'M' 'M' 'M' 'M' 'M' 'A' 'M' 'M' 'M' 'M' 'M' 'M' 'M' 'M' 'M' 'M'
 'M' 'M' 'U' 'M' 'M' 'A' 'M' 'U' 'U' 'M' 'U' 'M' 'M' 'U' 'M' 'U' 'M' 'M']"
311801,0,164,5,159,34,0,0,"['A' 'M' 'M' 'M' 'M' 'M' 'M' 'M' 'M' 'U' 'M' 'M' 'M' 'U' 'M' 'A' 'M' 'M'
 'M' 'U' 'M' 'M' 'U' 'M' 'U' 'M' 'M' 'M' 'M' 'M' 'M' 'M' 'M' 'M' 'M' 'U'
 'M' 'M' 'U' 'M' 'M' 'M' 'M' 'M' 'M' 'M' 'U' 'A' 'M' 'M' 'M' 'M' 'M' 'M'
 'M' 'M' 'M' 'M' 'M' 'M' 'M' 'M' 'M' 'M' 'M' 'M' 'M' 'M' 'M' 'M' 'U' 'M'
 'M' 'U' 'M' 'M' 'M' 'M' 'M' 'M' 'M' 'U' 'M' 'M' 'U' 'M' 'M' 'M' 'M' 'M'
 'M' 'M' 'U' 'M' 'M' 'M' 'M' 'U' 'M' 'M' 'U' 'M' 'M' 'M' 'M' 'M' 'M' 'A'
 'M' 'M' 'M' 'M' 'M' 'M' 'M' 'U' 'M' 'M' 'M' 'M' 'U' 'M' 'U' 'M' 'M' 'M'
 'M' 'M' 'M' 'M' 'U' 'M' 'M' 'U' 'M' 'M' 'M' 'U' 'U' 'M' 'M' 'M' 'M' 'M'
 'U' 'M' 'U' 'M' 'U' 'U' 'M' 'M' 'M' 'M' 'U' 'M' 'M' 'M' 'M' 'M' 'M' 'M'
 'M' 'M' 'M' 'M' 'M' 'M' 'M' 'U' 'M' 'M' 'M' 'M' 'M' 'M' 'M' 'M' 'M' 'M'
 'M' 'M' 'U' 'M' 'U' 'A' 'M' 'M' 'U' 'M' 'U' 'M' 'U' 'M' 'M' 'U' 'M' 'M']"
311901,0,161,5,156,37,0,0,"['A' 'M' 'M' 'M' 'M' 'M' 'M' 'M' 'M' 'U' 'M' 'M' 'M' 'U' 'M' 'U' 'M' 'M'
 'M' 'U' 'M' 'M' 'U' 'M' 'U' 'M' 'M' 'M' 'M' 'U' 'M' 'M' 'M' 'M' 'M' 'A'
 'M' 'M' 'U' 'M' 'M' 'M' 'M' 'M' 'M' 'M' 'U' 'A' 'M' 'M' 'M' 'M' 'M' 'M'
 'M' 'M' 'M' 'M' 'M' 'M' 'M' 'U' 'M' 'M' 'U' 'M' 'M' 'M' 'M' 'M' 'M' 'M'
 'U' 'M' 'M' 'M' 'M' 'M' 'M' 'M' 'M' 'M' 'U' 'M' 'U' 'M' 'M' 'M' 'M' 'M'
 'U' 'U' 'M' 'M' 'M' 'M' 'M' 'U' 'M' 'M' 'U' 'M' 'M' 'M' 'M' 'M' 'M' 'U'
 'M' 'M' 'M' 'M' 'M' 'M' 'M' 'U' 'M' 'M' 'M' 'U' 'U' 'M' 'U' 'M' 'M' 'M'
 'U' 'M' 'M' 'M' 'A' 'M' 'M' 'U' 'M' 'M' 'M' 'A' 'M' 'M' 'M' 'M' 'M' 'M'
 'U' 'M' 'U' 'M' 'M' 'U' 'U' 'M' 'M' 'M' 'U' 'M' 'M' 'M' 'M' 'M' 'M' 'M'
 'M' 'M' 'M' 'M' 'M' 'M' 'M' 'U' 'M' 'M' 'M' 'M' 'M' 'M' 'M' 'M' 'M' 'U'
 'M' 'M' 'U' 'M' 'M' 'U' 'M' 'M' 'U' 'M' 'M' 'M' 'U' 'M' 'M' 'U' 'M' 'M']"
312001,0,163,6,157,35,0,0,"['A' 'M' 'M' 'U' 'M' 'M' 'M' 'M' 'M' 'U' 'M' 'M' 'M' 'U' 'M' 'M' 'M' 'M'
 'M' 'U' 'M' 'M' 'U' 'M' 'M' 'M' 'M' 'M' 'U' 'U' 'M' 'M' 'M' 'M' 'M' 'A'
 'M' 'U' 'U' 'M' 'M' 'M' 'M' 'M' 'M' 'M' 'U' 'A' 'M' 'M' 'M' 'M' 'M' 'M'
 'M' 'U' 'M' 'M' 'M' 'M' 'M' 'U' 'M' 'M' 'M' 'U' 'M' 'M' 'M' 'M' 'M' 'M'
 'M' 'M' 'M' 'M' 'U' 'M' 'M' 'M' 'M' 'M' 'U' 'M' 'U' 'M' 'M' 'M' 'M' 'M'
 'M' 'M' 'M' 'M' 'U' 'M' 'M' 'M' 'M' 'M' 'U' 'M' 'M' 'M' 'M' 'M' 'M' 'U'
 'M' 'M' 'M' 'M' 'M' 'U' 'M' 'U' 'M' 'M' 'M' 'U' 'U' 'M' 'U' 'M' 'U' 'M'
 'A' 'M' 'M' 'M' 'A' 'M' 'M' 'M' 'M' 'M' 'M' 'A' 'M' 'M' 'M' 'M' 'M' 'M'
 'U' 'M' 'M' 'M' 'M' 'M' 'U' 'M' 'M' 'M' 'U' 'M' 'M' 'M' 'M' 'M' 'M' 'M'
 'M' 'M' 'M' 'M' 'M' 'M' 'M' 'M' 'M' 'M' 'M' 'M' 'M' 'M' 'M' 'M' 'M' 'M'
 'M' 'M' 'U' 'M' 'M' 'U' 'M' 'M' 'U' 'M' 'U' 'M' 'U' 'M' 'U' 'U' 'M' 'M']"
312101,0,161,7,154,37,1,0,"['A' 'M' 'M' 'U' 'M' 'M' 'M' 'M' 'M' 'M' 'M' 'M' 'M' 'U' 'M' 'M' 'M' 'U'
 'M' 'U' 'M' 'M' 'U' 'M' 'M' 'M' 'M' 'M' 'U' 'U' 'M' 'M' 'M' 'M' 'M' 'A'
 'M' 'U' 'U' 'M' 'M' 'U' 'M' 'M' 'U' 'M' 'M' 'A' 'M' 'M' 'M' 'M' 'M' 'M'
 'M' 'U' 'M' 'M' 'M' 'M' 'M' 'U' 'M' 'M' 'M' 'M' 'M' 'M' 'U' 'U' 'M' 'M'
 'M' 'M' 'M' 'M' 'U' 'M' 'M' 'M' 'M' 'M' 'M' 'M' 'M' 'M' 'M' 'M' 'U' 'M'
 'M' 'U' 'M' 'M' 'M' 'M' 'M' 'M' 'M' 'M' 'U' 'M' 'M' 'M' 'M' 'M' 'M' 'U'
 'M' 'M' 'M' 'M' 'M' 'U' 'M' 'U' 'M' 'M' 'M' 'U' 'U' 'M' 'U' 'M' 'U' 'M'
 'A' 'M' 'M' 'U' 'A' 'U' 'M' 'M' 'M' 'M' 'M' 'A' 'M' 'M' 'M' 'M' 'M' 'U'
 'M' 'M' 'M' 'M' 'M' 'M' 'U' 'M' 'M' 'M' 'U' 'M' 'M' 'M' 'M' 'M' 'M' 'M'
 'M' 'A' 'M' 'M' 'M' 'M' 'M' 'M' 'M' 'M' 'M' 'M' 'M' 'M' 'M' 'M' 'M' 'M'
 'M' 'M' 'U' 'M' 'U' 'M' 'M' 'M' 'U' 'M' 'M' 'M' 'U' 'M' 'U' 'U' 'M' 'M']"
312201,0,167,9,158,31,0,1,"['A' 'M' 'M' 'U' 'M' 'M' 'M' 'M' 'M' 'M' 'M' 'M' 'M' 'U' 'M' 'U' 'M' 'U'
 'M' 'M' 'M' 'M' 'A' 'M' 'M' 'M' 'M' 'M' 'M' 'U' 'M' 'M' 'M' 'M' 'M' 'A'
 'M' 'U' 'U' 'M' 'M' 'A' 'M' 'M' 'U' 'M' 'M' 'A' 'M' 'M' 'M' 'M' 'U' 'M'
 'M' 'M' 'M' 'M' 'M' 'M' 'M' 'U' 'M' 'M' 'M' 'M' 'M' 'M' 'M' 'M' 'M' 'M'
 'U' 'M' 'M' 'M' 'M' 'M' 'M' 'M' 'U' 'M' 'M' 'U' 'U' 'U' 'M' 'M' 'M' 'M'
 'M' 'M' 'M' 'M' 'M' 'M' 'M' 'M' 'M' 'M' 'U' 'M' 'M' 'M' 'M' 'M' 'U' 'M'
 'M' 'M' 'M' 'M' 'M' 'M' 'M' 'M' 'M' 'M' 'M' 'U' 'U' 'M' 'U' 'M' 'U' 'M'
 'A' 'M' 'M' 'U' 'A' 'M' 'M' 'M' 'M' 'M' 'M' 'A' 'M' 'M' 'M' 'M' 'M' 'U'
 'M' 'M' 'M' 'U' 'M' 'M' 'M' 'M' 'M' 'M' 'U' 'U' 'M' 'M' 'M' 'M' 'M' 'M'
 'M' 'A' 'M' 'M' 'M' 'M' 'M' 'M' 'M' 'M' 'M' 'M' 'M' 'M' 'M' 'M' 'M' 'M'
 'M' 'M' 'M' 'M' 'U' 'M' 'M' 'M' 'U' 'M' 'M' 'M' 'U' 'M' 'U' 'U' 'M' 'M']"
312301,0,166,9,157,32,0,0,"['A' 'M' 'M' 'U' 'M' 'U' 'M' 'M' 'M' 'M' 'M' 'M' 'M' 'U' 'M' 'M' 'M' 'U'
 'M' 'M' 'U' 'M' 'A' 'M' 'M' 'M' 'M' 'M' 'M' 'U' 'M' 'U' 'M' 'M' 'M' 'A'
 'M' 'M' 'U' 'M' 'M' 'A' 'M' 'M' 'U' 'M' 'M' 'A' 'M' 'M' 'M' 'M' 'U' 'M'
 'M' 'M' 'M' 'M' 'M' 'U' 'M' 'U' 'M' 'M' 'M' 'M' 'M' 'M' 'M' 'M' 'M' 'U'
 'M' 'U' 'M' 'U' 'M' 'M' 'M' 'M' 'M' 'M' 'M' 'U' 'M' 'M' 'M' 'M' 'M' 'M'
 'M' 'M' 'M' 'U' 'M' 'M' 'M' 'M' 'M' 'M' 'U' 'M' 'M' 'M' 'M' 'M' 'U' 'M'
 'U' 'U' 'M' 'M' 'M' 'M' 'M' 'M' 'M' 'M' 'M' 'M' 'U' 'M' 'U' 'M' 'U' 'M'
 'A' 'M' 'M' 'U' 'A' 'M' 'M' 'M' 'M' 'M' 'M' 'A' 'M' 'M' 'M' 'M' 'M' 'U'
 'M' 'M' 'M' 'U' 'M' 'M' 'M' 'U' 'M' 'M' 'U' 'M' 'M' 'M' 'M' 'M' 'M' 'M'
 'M' 'A' 'M' 'M' 'M' 'U' 'M' 'M' 'M' 'M' 'M' 'M' 'M' 'M' 'M' 'M' 'M' 'U'
 'M' 'M' 'M' 'M' 'M' 'M' 'M' 'M' 'M' 'M' 'M' 'M' 'M' 'M' 'U' 'M' 'M' 'M']"
312401,0,158,7,151,40,0,0,"['A' 'M' 'M' 'U' 'M' 'M' 'M' 'M' 'M' 'M' 'M' 'M' 'M' 'U' 'M' 'M' 'M' 'M'
 'M' 'M' 'M' 'M' 'M' 'U' 'M' 'M' 'M' 'M' 'M' 'U' 'M' 'U' 'M' 'M' 'M' 'A'
 'M' 'M' 'M' 'A' 'M' 'A' 'M' 'M' 'U' 'M' 'M' 'A' 'M' 'M' 'M' 'M' 'U' 'M'
 'M' 'M' 'M' 'M' 'M' 'M' 'M' 'U' 'M' 'M' 'M' 'U' 'M' 'M' 'M' 'M' 'M' 'M'
 'M' 'M' 'M' 'M' 'M' 'U' 'U' 'M' 'M' 'M' 'M' 'M' 'M' 'M' 'U' 'M' 'M' 'M'
 'M' 'M' 'M' 'M' 'U' 'M' 'M' 'M' 'M' 'M' 'M' 'M' 'M' 'U' 'U' 'M' 'M' 'M'
 'U' 'U' 'M' 'M' 'M' 'M' 'M' 'M' 'M' 'M' 'M' 'U' 'U' 'M' 'M' 'M' 'U' 'M'
 'U' 'M' 'U' 'U' 'A' 'M' 'U' 'U' 'U' 'U' 'U' 'A' 'U' 'M' 'M' 'M' 'M' 'U'
 'M' 'U' 'M' 'U' 'M' 'M' 'M' 'U' 'M' 'M' 'U' 'M' 'M' 'M' 'M' 'M' 'M' 'M'
 'U' 'U' 'M' 'M' 'M' 'U' 'M' 'M' 'M' 'M' 'M' 'M' 'U' 'M' 'M' 'M' 'M' 'U'
 'M' 'M' 'M' 'M' 'M' 'M' 'M' 'M' 'M' 'M' 'M' 'M' 'M' 'M' 'U' 'M' 'M' 'M']"
312501,0,165,8,157,33,1,0,"['A' 'M' 'M' 'M' 'M' 'M' 'M' 'M' 'M' 'M' 'M' 'M' 'M' 'M' 'M' 'M' 'M' 'M'
 'M' 'U' 'M' 'M' 'M' 'U' 'M' 'M' 'M' 'M' 'M' 'U' 'M' 'U' 'M' 'M' 'M' 'A'
 'M' 'M' 'M' 'A' 'M' 'A' 'M' 'M' 'M' 'M' 'M' 'A' 'M' 'M' 'M' 'M' 'M' 'M'
 'M' 'M' 'M' 'M' 'M' 'M' 'M' 'U' 'M' 'M' 'M' 'M' 'M' 'M' 'M' 'M' 'M' 'U'
 'M' 'M' 'M' 'M' 'U' 'M' 'M' 'M' 'M' 'M' 'M' 'U' 'M' 'M' 'M' 'M' 'M' 'U'
 'U' 'M' 'M' 'M' 'M' 'M' 'M' 'M' 'M' 'M' 'M' 'M' 'M' 'U' 'U' 'M' 'M' 'M'
 'U' 'U' 'M' 'M' 'M' 'M' 'M' 'M' 'M' 'M' 'U' 'M' 'A' 'M' 'M' 'M' 'M' 'M'
 'U' 'M' 'U' 'M' 'A' 'M' 'U' 'U' 'U' 'U' 'U' 'A' 'U' 'M' 'M' 'M' 'M' 'U'
 'M' 'U' 'M' 'M' 'M' 'M' 'M' 'U' 'M' 'M' 'U' 'M' 'M' 'M' 'M' 'M' 'M' 'M'
 'U' 'M' 'M' 'M' 'M' 'U' 'M' 'M' 'M' 'M' 'M' 'M' 'U' 'M' 'M' 'M' 'M' 'U'
 'M' 'M' 'M' 'M' 'M' 'U' 'M' 'M' 'M' 'M' 'M' 'M' 'M' 'M' 'U' 'M' 'M' 'M']"
312601,0,161,9,152,37,0,0,"['A' 'M' 'M' 'M' 'M' 'M' 'M' 'M' 'M' 'M' 'M' 'M' 'M' 'M' 'U' 'M' 'U' 'M'
 'M' 'U' 'M' 'M' 'M' 'U' 'M' 'M' 'M' 'M' 'M' 'U' 'M' 'M' 'M' 'M' 'M' 'A'
 'U' 'M' 'M' 'A' 'M' 'A' 'M' 'M' 'M' 'M' 'M' 'U' 'M' 'M' 'M' 'M' 'M' 'M'
 'M' 'M' 'M' 'U' 'M' 'M' 'M' 'M' 'M' 'M' 'M' 'M' 'U' 'M' 'M' 'M' 'M' 'M'
 'M' 'M' 'M' 'M' 'M' 'M' 'M' 'M' 'M' 'M' 'M' 'M' 'M' 'U' 'U' 'M' 'M' 'U'
 'U' 'M' 'M' 'M' 'M' 'M' 'M' 'M' 'M' 'M' 'M' 'M' 'M' 'U' 'U' 'M' 'M' 'M'
 'U' 'M' 'M' 'M' 'M' 'M' 'M' 'M' 'M' 'M' 'U' 'M' 'A' 'M' 'M' 'M' 'M' 'M'
 'U' 'M' 'U' 'M' 'A' 'M' 'U' 'U' 'U' 'A' 'U' 'A' 'U' 'M' 'M' 'U' 'M' 'U'
 'M' 'U' 'U' 'M' 'M' 'M' 'M' 'M' 'M' 'M' 'U' 'M' 'M' 'M' 'M' 'M' 'M' 'U'
 'U' 'M' 'M' 'U' 'M' 'U' 'M' 'M' 'M' 'M' 'M' 'M' 'U' 'M' 'M' 'M' 'U' 'U'
 'M' 'M' 'M' 'M' 'M' 'M' 'M' 'U' 'M' 'M' 'M' 'M' 'M' 'M' 'A' 'M' 'M' 'M']"
312701,0,155,6,149,43,0,0,"['A' 'M' 'M' 'M' 'M' 'M' 'M' 'M' 'M' 'M' 'M' 'M' 'M' 'M' 'U' 'M' 'U' 'M'
 'M' 'M' 'M' 'M' 'M' 'U' 'M' 'M' 'M' 'M' 'M' 'U' 'M' 'M' 'M' 'U' 'M' 'A'
 'U' 'U' 'M' 'U' 'M' 'U' 'M' 'M' 'M' 'M' 'M' 'M' 'M' 'M' 'M' 'M' 'U' 'U'
 'M' 'M' 'M' 'U' 'M' 'M' 'M' 'M' 'M' 'M' 'M' 'M' 'U' 'M' 'U' 'M' 'M' 'M'
 'M' 'M' 'M' 'U' 'U' 'M' 'M' 'M' 'M' 'M' 'M' 'M' 'M' 'U' 'M' 'M' 'M' 'M'
 'M' 'M' 'M' 'M' 'M' 'M' 'M' 'M' 'M' 'M' 'M' 'M' 'M' 'U' 'U' 'M' 'M' 'M'
 'U' 'M' 'U' 'M' 'M' 'M' 'U' 'M' 'M' 'M' 'U' 'M' 'A' 'M' 'M' 'M' 'M' 'M'
 'M' 'M' 'U' 'M' 'A' 'M' 'U' 'U' 'U' 'A' 'U' 'A' 'U' 'M' 'M' 'U' 'M' 'U'
 'M' 'U' 'U' 'M' 'M' 'M' 'M' 'M' 'M' 'M' 'U' 'M' 'M' 'M' 'U' 'M' 'M' 'M'
 'U' 'M' 'M' 'U' 'M' 'U' 'M' 'M' 'M' 'M' 'M' 'M' 'U' 'M' 'M' 'M' 'U' 'M'
 'M' 'M' 'M' 'M' 'M' 'U' 'M' 'U' 'M' 'M' 'M' 'M' 'M' 'M' 'U' 'M' 'M' 'M']"
312801,0,165,6,159,33,0,0,"['A' 'M' 'M' 'M' 'M' 'M' 'M' 'M' 'M' 'M' 'M' 'M' 'M' 'U' 'U' 'M' 'U' 'M'
 'M' 'M' 'M' 'M' 'M' 'U' 'M' 'M' 'M' 'M' 'M' 'M' 'M' 'M' 'M' 'U' 'M' 'A'
 'U' 'U' 'M' 'M' 'M' 'U' 'M' 'M' 'M' 'M' 'M' 'M' 'M' 'M' 'M' 'M' 'U' 'M'
 'M' 'M' 'M' 'M' 'M' 'M' 'M' 'U' 'M' 'M' 'M' 'M' 'M' 'U' 'M' 'M' 'M' 'M'
 'M' 'M' 'M' 'M' 'M' 'M' 'U' 'U' 'U' 'M' 'M' 'M' 'M' 'M' 'M' 'M' 'M' 'M'
 'M' 'M' 'M' 'U' 'M' 'M' 'M' 'M' 'M' 'M' 'M' 'M' 'M' 'M' 'M' 'M' 'M' 'U'
 'M' 'M' 'M' 'M' 'M' 'M' 'U' 'M' 'M' 'M' 'M' 'M' 'A' 'M' 'M' 'M' 'M' 'M'
 'M' 'M' 'U' 'M' 'A' 'M' 'U' 'M' 'M' 'A' 'M' 'A' 'U' 'M' 'M' 'U' 'M' 'U'
 'M' 'U' 'U' 'M' 'M' 'M' 'M' 'M' 'U' 'M' 'U' 'M' 'M' 'M' 'U' 'M' 'M' 'M'
 'U' 'M' 'M' 'U' 'M' 'U' 'M' 'M' 'M' 'M' 'M' 'M' 'U' 'M' 'M' 'M' 'U' 'M'
 'M' 'M' 'M' 'M' 'M' 'M' 'M' 'M' 'M' 'M' 'M' 'M' 'M' 'M' 'U' 'M' 'M' 'M']"
312901,0,165,6,159,33,0,0,"['A' 'M' 'M' 'U' 'M' 'M' 'M' 'M' 'M' 'M' 'M' 'M' 'M' 'U' 'M' 'M' 'U' 'M'
 'M' 'U' 'M' 'M' 'M' 'U' 'M' 'M' 'M' 'M' 'M' 'M' 'U' 'M' 'M' 'A' 'M' 'U'
 'U' 'M' 'M' 'M' 'M' 'U' 'M' 'M' 'M' 'M' 'M' 'M' 'M' 'M' 'U' 'M' 'U' 'M'
 'M' 'M' 'M' 'M' 'M' 'M' 'M' 'M' 'M' 'M' 'M' 'M' 'M' 'M' 'U' 'M' 'M' 'M'
 'M' 'M' 'U' 'M' 'M' 'U' 'M' 'M' 'M' 'M' 'M' 'U' 'M' 'M' 'M' 'M' 'M' 'U'
 'M' 'M' 'M' 'M' 'M' 'M' 'M' 'M' 'M' 'M' 'M' 'M' 'M' 'M' 'M' 'M' 'M' 'U'
 'M' 'M' 'M' 'M' 'M' 'M' 'M' 'M' 'M' 'M' 'M' 'M' 'A' 'M' 'M' 'M' 'M' 'M'
 'M' 'M' 'U' 'M' 'A' 'M' 'M' 'M' 'M' 'A' 'M' 'A' 'M' 'M' 'M' 'U' 'M' 'U'
 'M' 'U' 'M' 'M' 'M' 'M' 'M' 'M' 'U' 'M' 'U' 'M' 'M' 'M' 'U' 'M' 'M' 'M'
 'U' 'M' 'M' 'U' 'M' 'U' 'M' 'M' 'M' 'M' 'M' 'M' 'U' 'U' 'U' 'M' 'U' 'M'
 'M' 'M' 'M' 'M' 'M' 'M' 'M' 'M' 'M' 'M' 'M' 'M' 'M' 'M' 'U' 'M' 'U' 'M']"
313001,0,168,5,163,30,0,0,"['A' 'M' 'M' 'M' 'M' 'M' 'M' 'M' 'M' 'M' 'M' 'M' 'M' 'M' 'M' 'M' 'U' 'M'
 'M' 'U' 'M' 'M' 'M' 'U' 'M' 'U' 'M' 'M' 'M' 'M' 'U' 'M' 'M' 'A' 'M' 'U'
 'U' 'M' 'M' 'M' 'M' 'U' 'M' 'M' 'M' 'M' 'M' 'M' 'M' 'M' 'M' 'M' 'U' 'M'
 'M' 'M' 'M' 'M' 'M' 'M' 'M' 'M' 'M' 'M' 'M' 'M' 'M' 'M' 'M' 'U' 'M' 'M'
 'M' 'U' 'M' 'M' 'M' 'U' 'U' 'M' 'M' 'M' 'M' 'M' 'M' 'M' 'M' 'M' 'U' 'M'
 'M' 'M' 'M' 'M' 'M' 'M' 'M' 'M' 'U' 'M' 'M' 'M' 'M' 'M' 'M' 'M' 'M' 'M'
 'M' 'M' 'M' 'M' 'M' 'M' 'M' 'M' 'M' 'M' 'M' 'M' 'A' 'U' 'M' 'M' 'M' 'M'
 'M' 'M' 'M' 'M' 'A' 'M' 'M' 'M' 'M' 'M' 'M' 'A' 'U' 'M' 'M' 'M' 'M' 'U'
 'M' 'U' 'M' 'U' 'M' 'M' 'M' 'M' 'M' 'M' 'M' 'M' 'M' 'M' 'U' 'M' 'M' 'M'
 'M' 'M' 'M' 'U' 'M' 'M' 'M' 'M' 'U' 'M' 'M' 'U' 'U' 'M' 'U' 'M' 'U' 'M'
 'M' 'M' 'M' 'M' 'M' 'M' 'M' 'M' 'M' 'M' 'M' 'U' 'M' 'M' 'M' 'M' 'U' 'U']"
313101,0,155,5,150,43,0,0,"['A' 'M' 'M' 'M' 'M' 'M' 'M' 'M' 'M' 'M' 'M' 'M' 'M' 'M' 'M' 'M' 'A' 'U'
 'M' 'U' 'M' 'M' 'M' 'M' 'M' 'U' 'M' 'M' 'M' 'M' 'U' 'M' 'M' 'A' 'M' 'U'
 'U' 'M' 'M' 'M' 'U' 'U' 'M' 'M' 'M' 'M' 'M' 'M' 'M' 'M' 'M' 'M' 'M' 'M'
 'M' 'M' 'M' 'M' 'M' 'M' 'M' 'M' 'U' 'M' 'M' 'M' 'M' 'M' 'M' 'U' 'M' 'M'
 'M' 'M' 'U' 'U' 'M' 'M' 'M' 'M' 'U' 'M' 'M' 'M' 'M' 'M' 'M' 'M' 'M' 'U'
 'M' 'M' 'M' 'M' 'M' 'M' 'M' 'M' 'M' 'M' 'U' 'M' 'M' 'M' 'M' 'U' 'M' 'U'
 'M' 'M' 'M' 'M' 'M' 'M' 'M' 'M' 'M' 'M' 'M' 'M' 'U' 'U' 'M' 'M' 'M' 'U'
 'M' 'M' 'M' 'M' 'A' 'U' 'M' 'U' 'M' 'U' 'U' 'A' 'U' 'M' 'M' 'U' 'M' 'U'
 'M' 'U' 'M' 'U' 'U' 'U' 'M' 'M' 'M' 'M' 'M' 'M' 'M' 'M' 'U' 'M' 'M' 'M'
 'U' 'M' 'M' 'U' 'M' 'M' 'M' 'M' 'U' 'M' 'M' 'U' 'U' 'M' 'U' 'M' 'U' 'M'
 'M' 'M' 'M' 'M' 'M' 'U' 'M' 'M' 'M' 'M' 'M' 'U' 'M' 'M' 'M' 'M' 'U' 'U']"
313201,0,155,5,150,43,0,0,"['A' 'M' 'M' 'M' 'U' 'M' 'M' 'M' 'M' 'M' 'M' 'M' 'M' 'M' 'M' 'M' 'A' 'M'
 'M' 'U' 'M' 'M' 'M' 'M' 'M' 'M' 'M' 'M' 'M' 'M' 'M' 'M' 'M' 'A' 'M' 'U'
 'U' 'M' 'M' 'M' 'U' 'U' 'M' 'M' 'M' 'M' 'M' 'M' 'M' 'U' 'M' 'M' 'M' 'M'
 'M' 'M' 'M' 'M' 'M' 'U' 'M' 'M' 'M' 'M' 'M' 'M' 'M' 'U' 'M' 'M' 'M' 'M'
 'M' 'M' 'M' 'M' 'M' 'M' 'U' 'U' 'M' 'M' 'M' 'M' 'M' 'U' 'M' 'M' 'M' 'M'
 'M' 'M' 'M' 'M' 'U' 'M' 'M' 'M' 'U' 'M' 'U' 'M' 'M' 'M' 'M' 'M' 'M' 'U'
 'M' 'M' 'M' 'M' 'M' 'M' 'M' 'M' 'M' 'M' 'M' 'M' 'U' 'U' 'M' 'M' 'M' 'U'
 'M' 'M' 'M' 'M' 'A' 'U' 'U' 'U' 'U' 'U' 'U' 'A' 'U' 'M' 'M' 'U' 'M' 'U'
 'M' 'U' 'M' 'M' 'U' 'U' 'M' 'U' 'M' 'M' 'M' 'M' 'M' 'M' 'U' 'M' 'M' 'M'
 'M' 'M' 'M' 'U' 'M' 'M' 'M' 'U' 'U' 'M' 'M' 'U' 'U' 'M' 'U' 'M' 'M' 'M'
 'M' 'M' 'M' 'U' 'M' 'M' 'M' 'M' 'M' 'M' 'M' 'U' 'M' 'M' 'M' 'M' 'U' 'U']"
313301,0,159,5,154,39,0,0,"['A' 'M' 'M' 'M' 'M' 'M' 'M' 'M' 'M' 'M' 'M' 'M' 'M' 'M' 'M' 'M' 'A' 'M'
 'M' 'U' 'M' 'M' 'M' 'M' 'M' 'M' 'M' 'M' 'M' 'M' 'M' 'M' 'M' 'A' 'M' 'U'
 'M' 'M' 'M' 'M' 'M' 'M' 'M' 'M' 'M' 'M' 'M' 'M' 'M' 'U' 'M' 'M' 'M' 'M'
 'M' 'M' 'M' 'U' 'M' 'U' 'M' 'M' 'M' 'M' 'M' 'M' 'M' 'M' 'M' 'M' 'M' 'M'
 'M' 'M' 'M' 'M' 'U' 'M' 'M' 'M' 'M' 'M' 'M' 'M' 'M' 'U' 'M' 'M' 'U' 'M'
 'U' 'M' 'M' 'M' 'U' 'M' 'M' 'M' 'U' 'M' 'U' 'M' 'M' 'M' 'M' 'M' 'M' 'M'
 'M' 'M' 'M' 'U' 'M' 'M' 'M' 'M' 'M' 'M' 'M' 'M' 'U' 'U' 'M' 'M' 'M' 'U'
 'M' 'M' 'M' 'U' 'U' 'U' 'U' 'A' 'U' 'U' 'M' 'U' 'U' 'M' 'M' 'U' 'M' 'U'
 'M' 'U' 'M' 'M' 'U' 'U' 'M' 'U' 'M' 'M' 'M' 'M' 'M' 'M' 'U' 'M' 'M' 'M'
 'M' 'M' 'M' 'U' 'M' 'M' 'M' 'U' 'U' 'M' 'M' 'M' 'U' 'M' 'U' 'M' 'M' 'M'
 'M' 'M' 'M' 'U' 'M' 'M' 'M' 'M' 'M' 'M' 'M' 'U' 'M' 'M' 'M' 'M' 'A' 'U']"
313401,0,159,3,156,39,0,0,"['A' 'M' 'M' 'M' 'M' 'M' 'M' 'M' 'M' 'M' 'M' 'M' 'M' 'M' 'M' 'M' 'U' 'M'
 'M' 'M' 'M' 'M' 'M' 'M' 'M' 'M' 'M' 'M' 'M' 'U' 'M' 'M' 'U' 'U' 'M' 'U'
 'M' 'M' 'M' 'M' 'M' 'M' 'M' 'M' 'M' 'M' 'M' 'M' 'M' 'U' 'U' 'M' 'M' 'M'
 'U' 'M' 'M' 'M' 'M' 'U' 'M' 'M' 'M' 'M' 'M' 'M' 'U' 'U' 'M' 'M' 'U' 'M'
 'M' 'M' 'M' 'M' 'M' 'M' 'U' 'M' 'M' 'M' 'M' 'U' 'M' 'M' 'M' 'M' 'M' 'M'
 'M' 'M' 'M' 'M' 'M' 'M' 'M' 'M' 'U' 'M' 'M' 'M' 'M' 'M' 'M' 'M' 'M' 'M'
 'M' 'M' 'M' 'M' 'M' 'M' 'M' 'M' 'M' 'M' 'M' 'M' 'U' 'U' 'M' 'M' 'M' 'U'
 'M' 'M' 'M' 'U' 'U' 'U' 'U' 'A' 'U' 'U' 'U' 'U' 'U' 'M' 'U' 'M' 'M' 'U'
 'M' 'U' 'M' 'M' 'U' 'M' 'M' 'U' 'M' 'M' 'M' 'M' 'M' 'M' 'U' 'M' 'M' 'M'
 'M' 'M' 'M' 'U' 'M' 'M' 'M' 'U' 'U' 'M' 'M' 'M' 'U' 'M' 'M' 'M' 'M' 'M'
 'M' 'M' 'M' 'U' 'M' 'M' 'M' 'M' 'M' 'M' 'M' 'U' 'M' 'M' 'M' 'M' 'A' 'M']"
313501,0,162,3,159,36,0,1,"['A' 'M' 'M' 'M' 'M' 'M' 'M' 'M' 'M' 'M' 'M' 'M' 'M' 'U' 'M' 'M' 'U' 'M'
 'M' 'M' 'M' 'M' 'M' 'M' 'M' 'U' 'M' 'M' 'M' 'U' 'M' 'M' 'U' 'U' 'M' 'M'
 'M' 'M' 'U' 'M' 'M' 'M' 'M' 'M' 'M' 'M' 'M' 'M' 'M' 'U' 'M' 'M' 'M' 'M'
 'U' 'M' 'M' 'M' 'M' 'U' 'M' 'M' 'M' 'M' 'M' 'M' 'U' 'M' 'M' 'M' 'U' 'M'
 'M' 'M' 'M' 'U' 'M' 'M' 'M' 'M' 'M' 'M' 'M' 'M' 'M' 'M' 'M' 'M' 'M' 'M'
 'U' 'M' 'M' 'U' 'M' 'M' 'M' 'M' 'U' 'M' 'M' 'M' 'M' 'M' 'M' 'M' 'M' 'M'
 'U' 'M' 'M' 'U' 'M' 'M' 'M' 'U' 'M' 'M' 'M' 'M' 'U' 'U' 'M' 'M' 'M' 'U'
 'M' 'M' 'M' 'M' 'M' 'M' 'U' 'A' 'U' 'U' 'U' 'U' 'M' 'M' 'U' 'M' 'M' 'U'
 'M' 'U' 'M' 'M' 'U' 'M' 'M' 'U' 'M' 'M' 'M' 'M' 'M' 'M' 'M' 'M' 'M' 'M'
 'M' 'M' 'M' 'U' 'M' 'M' 'M' 'U' 'U' 'M' 'M' 'M' 'M' 'M' 'M' 'M' 'M' 'M'
 'M' 'M' 'M' 'M' 'M' 'M' 'M' 'M' 'M' 'M' 'M' 'U' 'M' 'M' 'M' 'M' 'A' 'M']"
313601,0,170,6,164,28,1,0,"['A' 'M' 'M' 'M' 'M' 'M' 'M' 'U' 'M' 'M' 'M' 'M' 'M' 'U' 'M' 'M' 'M' 'M'
 'M' 'M' 'M' 'M' 'M' 'M' 'M' 'A' 'M' 'M' 'M' 'M' 'M' 'M' 'U' 'U' 'M' 'M'
 'M' 'M' 'U' 'M' 'M' 'M' 'M' 'M' 'M' 'M' 'M' 'M' 'M' 'U' 'M' 'M' 'M' 'M'
 'U' 'M' 'M' 'M' 'M' 'U' 'M' 'M' 'M' 'M' 'M' 'M' 'M' 'M' 'M' 'M' 'M' 'M'
 'M' 'U' 'U' 'M' 'M' 'M' 'U' 'M' 'M' 'U' 'M' 'M' 'M' 'M' 'M' 'M' 'M' 'U'
 'M' 'M' 'M' 'M' 'M' 'M' 'M' 'M' 'M' 'M' 'M' 'M' 'M' 'M' 'M' 'M' 'M' 'M'
 'U' 'M' 'M' 'U' 'M' 'M' 'M' 'M' 'M' 'M' 'M' 'M' 'U' 'M' 'M' 'M' 'M' 'U'
 'M' 'M' 'M' 'M' 'M' 'M' 'U' 'A' 'M' 'U' 'U' 'M' 'M' 'M' 'M' 'M' 'M' 'A'
 'M' 'U' 'M' 'M' 'U' 'M' 'M' 'U' 'M' 'M' 'M' 'M' 'M' 'M' 'M' 'M' 'M' 'M'
 'M' 'M' 'M' 'A' 'M' 'M' 'M' 'U' 'U' 'M' 'M' 'U' 'M' 'M' 'M' 'M' 'M' 'M'
 'M' 'M' 'M' 'M' 'M' 'U' 'M' 'M' 'M' 'M' 'M' 'U' 'M' 'M' 'M' 'M' 'A' 'M']"
313701,0,162,5,157,36,0,0,"['A' 'M' 'M' 'M' 'M' 'M' 'M' 'M' 'M' 'M' 'M' 'M' 'M' 'U' 'M' 'M' 'M' 'M'
 'M' 'M' 'M' 'M' 'U' 'M' 'M' 'A' 'M' 'M' 'M' 'M' 'M' 'M' 'U' 'U' 'M' 'M'
 'M' 'M' 'U' 'M' 'M' 'U' 'M' 'M' 'M' 'M' 'M' 'M' 'M' 'U' 'M' 'M' 'M' 'M'
 'U' 'M' 'M' 'M' 'U' 'A' 'M' 'M' 'M' 'M' 'M' 'U' 'U' 'M' 'U' 'U' 'M' 'M'
 'M' 'M' 'M' 'M' 'M' 'M' 'M' 'M' 'M' 'M' 'M' 'M' 'M' 'M' 'M' 'M' 'U' 'M'
 'M' 'M' 'M' 'M' 'M' 'M' 'M' 'M' 'M' 'M' 'U' 'M' 'M' 'U' 'M' 'M' 'M' 'M'
 'U' 'M' 'M' 'U' 'M' 'M' 'M' 'M' 'M' 'M' 'M' 'M' 'U' 'M' 'M' 'M' 'M' 'U'
 'M' 'M' 'M' 'M' 'M' 'M' 'U' 'U' 'U' 'U' 'A' 'U' 'U' 'M' 'M' 'M' 'M' 'U'
 'M' 'U' 'M' 'M' 'U' 'M' 'M' 'U' 'M' 'M' 'M' 'M' 'M' 'M' 'M' 'M' 'M' 'M'
 'U' 'M' 'M' 'A' 'M' 'M' 'M' 'M' 'U' 'U' 'M' 'U' 'M' 'M' 'M' 'M' 'M' 'M'
 'M' 'M' 'M' 'U' 'M' 'M' 'M' 'M' 'M' 'M' 'M' 'M' 'M' 'M' 'M' 'M' 'U' 'M']"
313801,0,160,6,154,38,0,0,"['A' 'M' 'U' 'M' 'M' 'M' 'M' 'M' 'M' 'U' 'M' 'U' 'M' 'M' 'M' 'M' 'M' 'M'
 'M' 'M' 'M' 'M' 'U' 'M' 'M' 'A' 'M' 'M' 'M' 'M' 'M' 'M' 'U' 'U' 'M' 'M'
 'M' 'M' 'U' 'M' 'M' 'U' 'M' 'M' 'M' 'M' 'M' 'M' 'M' 'U' 'M' 'M' 'M' 'M'
 'M' 'M' 'M' 'M' 'U' 'A' 'M' 'U' 'U' 'M' 'M' 'U' 'M' 'M' 'M' 'M' 'M' 'M'
 'M' 'M' 'M' 'M' 'M' 'U' 'M' 'M' 'M' 'U' 'M' 'U' 'M' 'M' 'M' 'M' 'M' 'M'
 'M' 'M' 'U' 'M' 'M' 'M' 'M' 'U' 'M' 'M' 'U' 'M' 'M' 'U' 'M' 'U' 'M' 'M'
 'M' 'M' 'M' 'M' 'M' 'M' 'M' 'M' 'M' 'M' 'M' 'M' 'U' 'M' 'M' 'M' 'M' 'U'
 'M' 'U' 'M' 'M' 'M' 'M' 'M' 'M' 'U' 'U' 'A' 'U' 'U' 'M' 'M' 'M' 'M' 'U'
 'M' 'U' 'M' 'M' 'U' 'M' 'M' 'U' 'M' 'M' 'M' 'M' 'M' 'M' 'M' 'M' 'M' 'M'
 'A' 'M' 'M' 'A' 'M' 'M' 'M' 'M' 'U' 'U' 'M' 'U' 'M' 'M' 'M' 'U' 'M' 'M'
 'M' 'M' 'M' 'U' 'M' 'M' 'M' 'M' 'M' 'M' 'M' 'M' 'M' 'M' 'M' 'M' 'U' 'M']"
313901,0,168,9,159,30,1,0,"['A' 'M' 'U' 'M' 'M' 'M' 'M' 'M' 'M' 'U' 'M' 'U' 'M' 'M' 'M' 'M' 'M' 'M'
 'M' 'M' 'M' 'M' 'U' 'M' 'M' 'U' 'M' 'M' 'M' 'U' 'M' 'M' 'M' 'U' 'M' 'M'
 'M' 'M' 'U' 'M' 'M' 'U' 'M' 'M' 'M' 'A' 'M' 'M' 'M' 'U' 'M' 'M' 'M' 'M'
 'M' 'M' 'M' 'M' 'U' 'A' 'M' 'U' 'U' 'M' 'M' 'M' 'M' 'U' 'U' 'M' 'M' 'M'
 'M' 'M' 'U' 'M' 'M' 'M' 'M' 'M' 'M' 'M' 'M' 'M' 'M' 'M' 'M' 'U' 'M' 'M'
 'U' 'M' 'M' 'M' 'M' 'M' 'M' 'U' 'M' 'M' 'M' 'M' 'M' 'U' 'M' 'U' 'M' 'M'
 'M' 'M' 'M' 'M' 'M' 'M' 'M' 'M' 'M' 'M' 'M' 'M' 'M' 'M' 'M' 'M' 'M' 'A'
 'M' 'U' 'U' 'M' 'M' 'M' 'M' 'M' 'U' 'M' 'A' 'M' 'U' 'M' 'M' 'M' 'M' 'U'
 'M' 'U' 'M' 'M' 'M' 'M' 'M' 'M' 'M' 'M' 'M' 'M' 'M' 'M' 'M' 'M' 'M' 'M'
 'A' 'M' 'M' 'A' 'M' 'M' 'M' 'U' 'A' 'U' 'M' 'M' 'M' 'M' 'M' 'A' 'M' 'M'
 'M' 'M' 'M' 'M' 'M' 'M' 'M' 'M' 'M' 'M' 'M' 'M' 'M' 'M' 'M' 'M' 'U' 'M']"
314001,0,159,6,153,39,0,0,"['A' 'M' 'M' 'M' 'M' 'U' 'M' 'M' 'M' 'U' 'M' 'U' 'M' 'M' 'M' 'M' 'M' 'U'
 'M' 'M' 'M' 'M' 'U' 'M' 'M' 'U' 'M' 'M' 'M' 'M' 'M' 'M' 'U' 'U' 'M' 'M'
 'M' 'U' 'U' 'M' 'M' 'U' 'M' 'M' 'M' 'M' 'M' 'M' 'M' 'U' 'M' 'M' 'M' 'M'
 'M' 'U' 'M' 'M' 'M' 'U' 'M' 'U' 'U' 'M' 'M' 'U' 'M' 'U' 'M' 'M' 'M' 'M'
 'M' 'M' 'U' 'M' 'M' 'M' 'M' 'M' 'M' 'M' 'M' 'M' 'M' 'M' 'M' 'M' 'U' 'M'
 'M' 'M' 'U' 'M' 'M' 'M' 'M' 'U' 'M' 'M' 'M' 'M' 'M' 'U' 'M' 'U' 'M' 'M'
 'M' 'M' 'M' 'M' 'M' 'M' 'M' 'M' 'M' 'M' 'M' 'M' 'M' 'M' 'M' 'M' 'M' 'A'
 'M' 'M' 'M' 'M' 'M' 'M' 'U' 'U' 'U' 'U' 'A' 'U' 'U' 'M' 'U' 'M' 'M' 'U'
 'M' 'U' 'M' 'M' 'M' 'U' 'M' 'M' 'M' 'M' 'M' 'M' 'M' 'M' 'M' 'M' 'M' 'M'
 'A' 'M' 'M' 'U' 'M' 'M' 'M' 'U' 'A' 'M' 'M' 'M' 'M' 'M' 'M' 'A' 'M' 'M'
 'M' 'M' 'M' 'M' 'M' 'U' 'M' 'M' 'M' 'M' 'M' 'M' 'M' 'M' 'M' 'U' 'U' 'M']"
314101,0,164,6,158,34,0,0,"['A' 'M' 'M' 'M' 'M' 'M' 'M' 'M' 'M' 'U' 'U' 'U' 'M' 'M' 'M' 'M' 'M' 'M'
 'M' 'M' 'M' 'M' 'U' 'M' 'M' 'U' 'M' 'M' 'M' 'M' 'M' 'M' 'M' 'U' 'U' 'M'
 'M' 'M' 'U' 'U' 'M' 'U' 'M' 'M' 'M' 'M' 'M' 'M' 'M' 'M' 'M' 'M' 'M' 'M'
 'M' 'U' 'M' 'M' 'M' 'U' 'M' 'U' 'M' 'M' 'M' 'M' 'M' 'M' 'M' 'M' 'U' 'U'
 'M' 'M' 'M' 'U' 'M' 'M' 'M' 'U' 'M' 'M' 'M' 'M' 'M' 'M' 'U' 'M' 'M' 'M'
 'M' 'M' 'M' 'M' 'M' 'M' 'M' 'U' 'U' 'M' 'M' 'M' 'M' 'U' 'M' 'U' 'M' 'M'
 'M' 'M' 'M' 'M' 'M' 'M' 'M' 'M' 'M' 'M' 'M' 'M' 'M' 'M' 'U' 'M' 'M' 'A'
 'M' 'M' 'M' 'M' 'M' 'M' 'M' 'U' 'M' 'U' 'A' 'U' 'U' 'M' 'M' 'M' 'M' 'U'
 'M' 'U' 'M' 'M' 'M' 'U' 'M' 'M' 'M' 'M' 'M' 'M' 'M' 'M' 'M' 'M' 'M' 'M'
 'A' 'M' 'M' 'U' 'M' 'M' 'M' 'U' 'A' 'M' 'M' 'M' 'M' 'M' 'M' 'A' 'M' 'M'
 'M' 'M' 'M' 'M' 'M' 'M' 'M' 'M' 'M' 'M' 'M' 'M' 'M' 'M' 'M' 'U' 'U' 'M']"
314201,0,167,7,160,31,0,0,"['A' 'M' 'M' 'M' 'M' 'M' 'M' 'M' 'M' 'A' 'U' 'U' 'M' 'M' 'M' 'M' 'M' 'M'
 'M' 'M' 'M' 'M' 'M' 'U' 'M' 'U' 'M' 'M' 'M' 'M' 'M' 'M' 'M' 'M' 'M' 'M'
 'M' 'M' 'U' 'U' 'M' 'U' 'M' 'M' 'M' 'M' 'M' 'M' 'M' 'U' 'M' 'M' 'M' 'M'
 'M' 'U' 'M' 'M' 'M' 'U' 'M' 'U' 'M' 'M' 'M' 'M' 'U' 'M' 'M' 'M' 'M' 'M'
 'M' 'M' 'M' 'M' 'M' 'U' 'M' 'M' 'U' 'U' 'M' 'M' 'M' 'M' 'M' 'M' 'M' 'M'
 'U' 'M' 'M' 'M' 'M' 'M' 'M' 'M' 'U' 'M' 'M' 'M' 'M' 'M' 'M' 'U' 'M' 'M'
 'M' 'M' 'M' 'M' 'M' 'M' 'M' 'M' 'M' 'M' 'M' 'M' 'M' 'M' 'U' 'M' 'M' 'A'
 'M' 'M' 'M' 'M' 'M' 'M' 'M' 'M' 'M' 'U' 'A' 'M' 'U' 'M' 'M' 'M' 'M' 'M'
 'U' 'U' 'M' 'M' 'M' 'U' 'M' 'M' 'M' 'U' 'M' 'M' 'M' 'M' 'M' 'M' 'M' 'M'
 'A' 'M' 'M' 'U' 'M' 'M' 'U' 'U' 'A' 'M' 'M' 'M' 'M' 'M' 'M' 'A' 'M' 'M'
 'M' 'M' 'M' 'M' 'M' 'M' 'M' 'M' 'M' 'M' 'M' 'M' 'M' 'U' 'M' 'U' 'U' 'M']"
314301,0,171,7,164,27,0,0,"['A' 'M' 'M' 'M' 'M' 'M' 'M' 'M' 'M' 'M' 'U' 'U' 'M' 'M' 'M' 'M' 'M' 'M'
 'M' 'M' 'M' 'M' 'A' 'M' 'M' 'U' 'M' 'M' 'M' 'M' 'M' 'M' 'M' 'M' 'M' 'M'
 'M' 'M' 'M' 'U' 'M' 'U' 'M' 'M' 'M' 'M' 'M' 'M' 'M' 'U' 'M' 'M' 'M' 'M'
 'M' 'U' 'M' 'U' 'M' 'M' 'M' 'U' 'M' 'U' 'M' 'M' 'M' 'M' 'M' 'M' 'M' 'M'
 'U' 'M' 'M' 'M' 'U' 'M' 'M' 'M' 'M' 'M' 'U' 'U' 'M' 'U' 'M' 'M' 'M' 'M'
 'M' 'M' 'M' 'M' 'M' 'M' 'M' 'M' 'M' 'M' 'M' 'M' 'M' 'M' 'M' 'U' 'M' 'M'
 'M' 'M' 'M' 'M' 'M' 'M' 'M' 'M' 'M' 'M' 'M' 'M' 'M' 'M' 'U' 'M' 'M' 'A'
 'M' 'M' 'M' 'U' 'M' 'M' 'M' 'M' 'M' 'M' 'U' 'M' 'U' 'M' 'M' 'M' 'M' 'M'
 'U' 'A' 'M' 'M' 'M' 'U' 'M' 'M' 'M' 'U' 'M' 'M' 'M' 'M' 'M' 'M' 'M' 'M'
 'A' 'M' 'M' 'M' 'M' 'M' 'U' 'M' 'A' 'M' 'M' 'M' 'M' 'M' 'M' 'U' 'M' 'M'
 'U' 'M' 'M' 'M' 'M' 'M' 'M' 'M' 'M' 'M' 'M' 'M' 'M' 'M' 'M' 'U' 'A' 'M']"
314401,0,159,3,156,39,0,0,"['A' 'M' 'M' 'M' 'M' 'M' 'M' 'M' 'M' 'M' 'U' 'U' 'M' 'M' 'M' 'M' 'M' 'M'
 'U' 'M' 'M' 'M' 'U' 'M' 'M' 'U' 'M' 'M' 'M' 'M' 'M' 'M' 'M' 'M' 'M' 'M'
 'M' 'U' 'U' 'U' 'M' 'U' 'M' 'M' 'M' 'M' 'M' 'M' 'M' 'U' 'M' 'M' 'M' 'M'
 'M' 'U' 'M' 'M' 'M' 'M' 'M' 'M' 'U' 'U' 'M' 'M' 'M' 'U' 'M' 'M' 'M' 'M'
 'M' 'M' 'M' 'M' 'M' 'M' 'M' 'M' 'M' 'M' 'M' 'U' 'U' 'M' 'M' 'M' 'M' 'U'
 'M' 'M' 'M' 'U' 'M' 'M' 'M' 'M' 'M' 'M' 'M' 'M' 'U' 'M' 'M' 'U' 'M' 'M'
 'U' 'M' 'M' 'M' 'M' 'M' 'M' 'M' 'M' 'M' 'U' 'M' 'M' 'M' 'U' 'M' 'M' 'A'
 'M' 'M' 'M' 'U' 'M' 'U' 'M' 'M' 'M' 'U' 'U' 'U' 'M' 'M' 'M' 'M' 'M' 'M'
 'M' 'U' 'M' 'M' 'M' 'M' 'M' 'U' 'U' 'U' 'M' 'M' 'M' 'M' 'M' 'M' 'M' 'M'
 'U' 'M' 'M' 'M' 'M' 'M' 'M' 'M' 'U' 'M' 'M' 'M' 'U' 'M' 'M' 'U' 'M' 'U'
 'U' 'M' 'M' 'M' 'M' 'M' 'M' 'M' 'M' 'M' 'M' 'M' 'M' 'M' 'M' 'U' 'A' 'M']"
314501,0,161,4,157,37,0,0,"['A' 'M' 'M' 'M' 'M' 'U' 'M' 'M' 'M' 'M' 'U' 'U' 'M' 'M' 'M' 'M' 'U' 'M'
 'U' 'M' 'M' 'M' 'M' 'M' 'M' 'U' 'M' 'M' 'M' 'M' 'M' 'M' 'M' 'M' 'M' 'M'
 'M' 'U' 'U' 'U' 'M' 'U' 'M' 'M' 'M' 'M' 'M' 'M' 'M' 'A' 'M' 'M' 'M' 'M'
 'M' 'M' 'M' 'M' 'M' 'M' 'M' 'M' 'M' 'U' 'M' 'M' 'M' 'M' 'M' 'U' 'M' 'M'
 'M' 'M' 'M' 'M' 'M' 'M' 'M' 'M' 'M' 'M' 'M' 'M' 'M' 'U' 'M' 'M' 'U' 'U'
 'U' 'M' 'M' 'M' 'M' 'M' 'M' 'M' 'M' 'M' 'M' 'M' 'M' 'M' 'M' 'M' 'M' 'M'
 'U' 'M' 'M' 'M' 'M' 'M' 'M' 'M' 'M' 'M' 'U' 'M' 'U' 'M' 'U' 'M' 'M' 'A'
 'M' 'M' 'M' 'U' 'M' 'U' 'M' 'M' 'M' 'U' 'U' 'M' 'M' 'M' 'U' 'U' 'M' 'M'
 'M' 'M' 'M' 'M' 'M' 'M' 'M' 'U' 'U' 'U' 'M' 'M' 'M' 'M' 'M' 'M' 'M' 'M'
 'U' 'M' 'M' 'M' 'M' 'U' 'M' 'M' 'U' 'M' 'M' 'M' 'M' 'M' 'M' 'U' 'M' 'U'
 'U' 'M' 'U' 'M' 'M' 'M' 'M' 'M' 'M' 'M' 'M' 'M' 'M' 'M' 'M' 'U' 'A' 'M']"
314601,0,157,4,153,41,0,0,"['A' 'M' 'M' 'M' 'M' 'U' 'M' 'U' 'M' 'M' 'U' 'U' 'M' 'M' 'M' 'M' 'U' 'M'
 'U' 'M' 'M' 'M' 'M' 'M' 'M' 'M' 'M' 'M' 'M' 'M' 'M' 'M' 'M' 'M' 'M' 'M'
 'M' 'U' 'M' 'U' 'M' 'U' 'M' 'M' 'M' 'M' 'M' 'M' 'M' 'A' 'M' 'M' 'M' 'M'
 'M' 'M' 'M' 'M' 'M' 'M' 'M' 'M' 'M' 'M' 'M' 'M' 'M' 'M' 'M' 'U' 'M' 'M'
 'M' 'M' 'M' 'M' 'U' 'M' 'M' 'U' 'M' 'M' 'M' 'M' 'M' 'M' 'U' 'M' 'M' 'M'
 'M' 'M' 'M' 'M' 'U' 'M' 'M' 'M' 'M' 'M' 'M' 'M' 'M' 'M' 'M' 'M' 'M' 'M'
 'U' 'M' 'M' 'M' 'M' 'M' 'M' 'M' 'M' 'M' 'U' 'M' 'U' 'M' 'U' 'M' 'M' 'A'
 'M' 'M' 'M' 'U' 'M' 'U' 'U' 'U' 'U' 'U' 'U' 'M' 'M' 'M' 'U' 'U' 'M' 'M'
 'M' 'M' 'M' 'M' 'M' 'M' 'M' 'U' 'U' 'U' 'M' 'U' 'M' 'M' 'M' 'M' 'M' 'M'
 'M' 'M' 'M' 'U' 'M' 'U' 'M' 'M' 'U' 'M' 'M' 'M' 'M' 'M' 'M' 'U' 'M' 'U'
 'U' 'M' 'U' 'M' 'M' 'M' 'M' 'M' 'M' 'M' 'U' 'M' 'U' 'M' 'M' 'U' 'A' 'M']"
314701,0,170,5,165,28,0,0,"['A' 'M' 'M' 'M' 'M' 'U' 'M' 'M' 'U' 'M' 'U' 'M' 'M' 'M' 'M' 'M' 'M' 'M'
 'U' 'M' 'M' 'M' 'M' 'M' 'M' 'M' 'M' 'M' 'M' 'M' 'M' 'M' 'M' 'M' 'M' 'M'
 'M' 'U' 'M' 'U' 'M' 'M' 'M' 'M' 'M' 'M' 'M' 'M' 'M' 'A' 'M' 'M' 'M' 'M'
 'M' 'M' 'M' 'M' 'M' 'M' 'M' 'M' 'M' 'M' 'M' 'M' 'M' 'M' 'M' 'M' 'M' 'M'
 'M' 'M' 'M' 'U' 'M' 'M' 'M' 'M' 'M' 'M' 'U' 'M' 'M' 'M' 'M' 'M' 'M' 'U'
 'M' 'U' 'M' 'U' 'M' 'M' 'M' 'M' 'M' 'M' 'M' 'M' 'M' 'M' 'M' 'M' 'M' 'M'
 'U' 'M' 'M' 'M' 'M' 'M' 'M' 'M' 'M' 'M' 'U' 'M' 'U' 'M' 'U' 'M' 'M' 'A'
 'M' 'M' 'M' 'M' 'M' 'U' 'U' 'A' 'M' 'M' 'M' 'M' 'M' 'M' 'M' 'U' 'M' 'U'
 'M' 'M' 'M' 'M' 'M' 'M' 'M' 'U' 'U' 'M' 'M' 'U' 'M' 'M' 'M' 'M' 'M' 'M'
 'M' 'M' 'M' 'U' 'M' 'U' 'M' 'M' 'M' 'M' 'M' 'M' 'M' 'M' 'M' 'U' 'M' 'M'
 'U' 'M' 'M' 'M' 'M' 'M' 'M' 'M' 'M' 'M' 'U' 'M' 'U' 'M' 'M' 'M' 'A' 'M']"
314801,0,166,4,162,32,0,0,"['A' 'M' 'M' 'U' 'M' 'M' 'M' 'M' 'U' 'M' 'U' 'M' 'M' 'M' 'M' 'M' 'M' 'M'
 'U' 'M' 'M' 'M' 'M' 'M' 'M' 'M' 'M' 'M' 'M' 'M' 'M' 'M' 'M' 'M' 'M' 'M'
 'M' 'U' 'M' 'U' 'M' 'M' 'M' 'M' 'M' 'M' 'M' 'M' 'M' 'M' 'M' 'M' 'M' 'M'
 'M' 'M' 'M' 'M' 'M' 'M' 'M' 'M' 'M' 'M' 'M' 'M' 'M' 'M' 'M' 'M' 'M' 'U'
 'M' 'M' 'M' 'U' 'M' 'M' 'M' 'M' 'U' 'M' 'M' 'M' 'M' 'U' 'M' 'M' 'U' 'M'
 'M' 'M' 'M' 'M' 'M' 'M' 'M' 'M' 'M' 'M' 'M' 'M' 'M' 'M' 'M' 'M' 'M' 'M'
 'U' 'M' 'M' 'M' 'M' 'M' 'M' 'M' 'M' 'M' 'U' 'M' 'U' 'M' 'U' 'M' 'M' 'U'
 'M' 'M' 'M' 'M' 'M' 'M' 'U' 'A' 'A' 'U' 'U' 'U' 'M' 'M' 'M' 'U' 'M' 'M'
 'M' 'U' 'M' 'M' 'M' 'M' 'M' 'M' 'U' 'M' 'M' 'U' 'M' 'U' 'M' 'M' 'M' 'U'
 'M' 'M' 'M' 'U' 'M' 'U' 'M' 'M' 'M' 'M' 'M' 'M' 'M' 'M' 'M' 'U' 'M' 'M'
 'M' 'M' 'M' 'M' 'M' 'M' 'M' 'M' 'M' 'U' 'U' 'M' 'U' 'M' 'M' 'M' 'A' 'M']"
314901,0,168,5,163,30,0,0,"['A' 'M' 'M' 'U' 'U' 'M' 'M' 'M' 'U' 'M' 'A' 'M' 'M' 'M' 'U' 'M' 'M' 'M'
 'M' 'M' 'M' 'M' 'M' 'M' 'M' 'M' 'M' 'M' 'M' 'M' 'M' 'M' 'M' 'M' 'M' 'M'
 'M' 'U' 'M' 'U' 'M' 'M' 'M' 'M' 'M' 'M' 'M' 'M' 'M' 'M' 'M' 'M' 'M' 'M'
 'M' 'M' 'M' 'M' 'M' 'M' 'M' 'M' 'M' 'M' 'M' 'M' 'M' 'M' 'M' 'U' 'M' 'M'
 'M' 'M' 'M' 'M' 'M' 'M' 'M' 'M' 'M' 'U' 'U' 'U' 'M' 'M' 'M' 'M' 'M' 'M'
 'M' 'U' 'M' 'M' 'M' 'M' 'M' 'M' 'M' 'M' 'M' 'M' 'M' 'M' 'M' 'M' 'M' 'U'
 'U' 'M' 'M' 'M' 'M' 'M' 'M' 'M' 'M' 'M' 'U' 'M' 'U' 'M' 'M' 'M' 'M' 'U'
 'M' 'M' 'M' 'M' 'M' 'M' 'U' 'A' 'A' 'U' 'U' 'M' 'M' 'M' 'M' 'U' 'M' 'M'
 'M' 'U' 'M' 'M' 'M' 'M' 'M' 'M' 'U' 'M' 'M' 'M' 'M' 'M' 'M' 'M' 'M' 'U'
 'M' 'M' 'M' 'U' 'M' 'M' 'M' 'M' 'M' 'M' 'M' 'M' 'M' 'M' 'M' 'U' 'U' 'M'
 'M' 'M' 'M' 'M' 'M' 'M' 'U' 'M' 'M' 'U' 'U' 'M' 'M' 'M' 'M' 'U' 'A' 'M']"
315001,0,171,5,166,27,1,0,"['A' 'M' 'M' 'U' 'U' 'M' 'M' 'M' 'M' 'M' 'U' 'M' 'M' 'M' 'M' 'M' 'M' 'M'
 'M' 'M' 'M' 'M' 'M' 'M' 'M' 'M' 'M' 'M' 'M' 'M' 'M' 'M' 'M' 'M' 'M' 'M'
 'M' 'U' 'A' 'U' 'M' 'M' 'M' 'M' 'M' 'M' 'M' 'M' 'M' 'M' 'M' 'U' 'M' 'M'
 'M' 'M' 'M' 'M' 'M' 'M' 'M' 'M' 'M' 'M' 'M' 'M' 'M' 'M' 'M' 'M' 'M' 'U'
 'M' 'M' 'U' 'M' 'M' 'M' 'M' 'M' 'M' 'M' 'M' 'M' 'M' 'U' 'U' 'M' 'M' 'M'
 'U' 'M' 'M' 'M' 'M' 'M' 'M' 'M' 'M' 'M' 'M' 'U' 'M' 'M' 'M' 'M' 'M' 'U'
 'U' 'U' 'U' 'M' 'M' 'M' 'M' 'M' 'M' 'M' 'U' 'M' 'M' 'U' 'M' 'M' 'M' 'U'
 'M' 'M' 'M' 'M' 'M' 'M' 'M' 'A' 'M' 'U' 'U' 'M' 'M' 'M' 'M' 'U' 'M' 'M'
 'M' 'M' 'M' 'M' 'M' 'M' 'M' 'M' 'U' 'M' 'M' 'M' 'M' 'M' 'M' 'M' 'M' 'U'
 'M' 'M' 'M' 'M' 'M' 'M' 'M' 'M' 'M' 'M' 'M' 'M' 'M' 'M' 'M' 'M' 'U' 'M'
 'M' 'M' 'M' 'M' 'M' 'M' 'U' 'M' 'M' 'U' 'M' 'M' 'M' 'M' 'M' 'A' 'A' 'M']"
315101,0,169,6,163,29,0,0,"['A' 'M' 'U' 'U' 'M' 'M' 'M' 'M' 'U' 'M' 'U' 'M' 'M' 'M' 'M' 'M' 'M' 'M'
 'M' 'M' 'M' 'M' 'M' 'M' 'M' 'M' 'M' 'M' 'M' 'M' 'M' 'M' 'M' 'M' 'M' 'M'
 'M' 'U' 'A' 'U' 'U' 'U' 'M' 'M' 'M' 'M' 'M' 'M' 'M' 'M' 'M' 'U' 'M' 'M'
 'M' 'M' 'M' 'M' 'U' 'M' 'M' 'M' 'M' 'M' 'M' 'U' 'M' 'M' 'M' 'M' 'M' 'M'
 'U' 'U' 'M' 'M' 'M' 'U' 'M' 'M' 'M' 'M' 'M' 'M' 'M' 'M' 'M' 'M' 'M' 'M'
 'M' 'M' 'M' 'U' 'M' 'M' 'M' 'M' 'M' 'M' 'M' 'M' 'M' 'M' 'M' 'M' 'M' 'M'
 'M' 'M' 'M' 'M' 'U' 'M' 'M' 'M' 'M' 'M' 'U' 'M' 'M' 'M' 'M' 'M' 'M' 'U'
 'M' 'M' 'M' 'M' 'M' 'M' 'M' 'A' 'M' 'M' 'U' 'M' 'M' 'M' 'M' 'U' 'A' 'M'
 'M' 'M' 'M' 'M' 'M' 'M' 'U' 'M' 'U' 'M' 'M' 'M' 'M' 'M' 'M' 'M' 'M' 'M'
 'M' 'M' 'U' 'M' 'M' 'U' 'M' 'M' 'M' 'M' 'M' 'M' 'M' 'M' 'M' 'M' 'M' 'U'
 'M' 'U' 'M' 'M' 'M' 'M' 'U' 'U' 'M' 'U' 'M' 'M' 'M' 'M' 'M' 'A' 'A' 'M']"
315201,0,167,7,160,31,0,0,"['A' 'M' 'U' 'U' 'M' 'M' 'M' 'M' 'U' 'M' 'U' 'M' 'M' 'M' 'M' 'M' 'M' 'M'
 'M' 'M' 'M' 'M' 'M' 'U' 'M' 'M' 'M' 'M' 'M' 'M' 'M' 'M' 'M' 'M' 'M' 'M'
 'M' 'U' 'A' 'A' 'M' 'U' 'M' 'M' 'M' 'M' 'M' 'M' 'M' 'M' 'M' 'U' 'M' 'M'
 'M' 'M' 'M' 'M' 'U' 'M' 'M' 'M' 'M' 'M' 'M' 'M' 'U' 'M' 'M' 'M' 'U' 'M'
 'M' 'U' 'M' 'M' 'M' 'M' 'M' 'M' 'M' 'M' 'M' 'M' 'M' 'U' 'M' 'U' 'M' 'M'
 'M' 'M' 'M' 'M' 'M' 'M' 'M' 'M' 'M' 'M' 'M' 'M' 'M' 'M' 'U' 'M' 'M' 'M'
 'M' 'M' 'U' 'M' 'U' 'M' 'U' 'M' 'M' 'M' 'U' 'M' 'U' 'U' 'M' 'M' 'M' 'U'
 'M' 'M' 'M' 'M' 'M' 'M' 'M' 'A' 'M' 'M' 'U' 'U' 'M' 'M' 'M' 'A' 'U' 'M'
 'M' 'M' 'M' 'M' 'M' 'M' 'U' 'M' 'U' 'M' 'M' 'M' 'M' 'M' 'M' 'M' 'M' 'M'
 'M' 'M' 'U' 'M' 'M' 'M' 'M' 'M' 'M' 'U' 'M' 'M' 'M' 'M' 'M' 'M' 'M' 'U'
 'M' 'M' 'M' 'M' 'M' 'M' 'M' 'U' 'M' 'M' 'M' 'M' 'M' 'M' 'M' 'A' 'A' 'M']"
315301,0,167,4,163,31,0,0,"['A' 'M' 'U' 'U' 'M' 'M' 'M' 'M' 'U' 'M' 'M' 'M' 'M' 'M' 'M' 'M' 'M' 'M'
 'M' 'M' 'M' 'M' 'U' 'U' 'M' 'M' 'M' 'M' 'M' 'M' 'M' 'M' 'M' 'M' 'M' 'M'
 'M' 'U' 'A' 'A' 'M' 'M' 'M' 'M' 'M' 'M' 'M' 'M' 'M' 'M' 'M' 'U' 'M' 'M'
 'M' 'M' 'M' 'M' 'U' 'M' 'M' 'M' 'M' 'M' 'M' 'M' 'M' 'U' 'U' 'M' 'M' 'M'
 'M' 'M' 'U' 'M' 'M' 'M' 'M' 'U' 'M' 'M' 'M' 'U' 'M' 'M' 'M' 'M' 'M' 'M'
 'M' 'M' 'M' 'M' 'M' 'M' 'M' 'M' 'M' 'M' 'M' 'M' 'M' 'M' 'U' 'M' 'M' 'M'
 'M' 'U' 'M' 'M' 'M' 'M' 'U' 'M' 'M' 'M' 'U' 'M' 'U' 'U' 'M' 'M' 'M' 'U'
 'M' 'M' 'M' 'M' 'U' 'M' 'M' 'U' 'M' 'M' 'M' 'U' 'M' 'M' 'M' 'U' 'U' 'M'
 'M' 'M' 'M' 'M' 'M' 'M' 'M' 'M' 'U' 'M' 'M' 'M' 'M' 'M' 'M' 'M' 'M' 'M'
 'M' 'M' 'U' 'M' 'M' 'M' 'M' 'M' 'M' 'U' 'M' 'M' 'M' 'M' 'M' 'M' 'M' 'M'
 'M' 'M' 'M' 'M' 'M' 'M' 'M' 'U' 'M' 'M' 'M' 'M' 'U' 'M' 'M' 'U' 'A' 'M']"
315401,0,164,4,160,34,0,0,"['A' 'M' 'U' 'M' 'M' 'M' 'M' 'M' 'U' 'M' 'M' 'M' 'M' 'U' 'M' 'M' 'M' 'M'
 'M' 'M' 'U' 'U' 'U' 'U' 'M' 'M' 'M' 'M' 'M' 'M' 'M' 'M' 'M' 'M' 'M' 'M'
 'M' 'U' 'U' 'A' 'M' 'M' 'M' 'M' 'M' 'M' 'M' 'M' 'M' 'M' 'M' 'M' 'M' 'M'
 'M' 'M' 'M' 'M' 'U' 'M' 'M' 'M' 'M' 'M' 'M' 'M' 'U' 'M' 'M' 'M' 'M' 'M'
 'M' 'U' 'M' 'M' 'M' 'U' 'M' 'M' 'M' 'M' 'M' 'M' 'U' 'M' 'M' 'M' 'M' 'M'
 'U' 'M' 'M' 'M' 'M' 'M' 'M' 'M' 'M' 'M' 'M' 'M' 'M' 'M' 'U' 'M' 'M' 'M'
 'M' 'U' 'M' 'M' 'M' 'M' 'U' 'M' 'U' 'M' 'M' 'M' 'U' 'M' 'M' 'M' 'M' 'A'
 'M' 'U' 'M' 'M' 'U' 'M' 'M' 'U' 'M' 'M' 'U' 'U' 'M' 'M' 'M' 'U' 'U' 'M'
 'M' 'U' 'M' 'M' 'M' 'M' 'M' 'M' 'U' 'M' 'M' 'M' 'M' 'M' 'M' 'M' 'M' 'M'
 'M' 'M' 'U' 'M' 'M' 'M' 'M' 'M' 'M' 'M' 'M' 'M' 'M' 'M' 'M' 'M' 'M' 'M'
 'U' 'M' 'M' 'M' 'M' 'M' 'M' 'U' 'M' 'M' 'M' 'M' 'U' 'M' 'M' 'U' 'A' 'M']"
315501,0,162,5,157,36,0,0,"['A' 'M' 'M' 'M' 'M' 'M' 'M' 'M' 'M' 'M' 'U' 'M' 'M' 'U' 'U' 'M' 'M' 'M'
 'M' 'M' 'M' 'U' 'U' 'U' 'M' 'M' 'M' 'M' 'M' 'M' 'M' 'U' 'M' 'M' 'M' 'M'
 'M' 'U' 'U' 'A' 'M' 'M' 'M' 'M' 'M' 'M' 'M' 'M' 'M' 'M' 'M' 'M' 'M' 'M'
 'M' 'M' 'M' 'M' 'U' 'M' 'M' 'M' 'M' 'M' 'M' 'U' 'M' 'M' 'M' 'M' 'M' 'M'
 'M' 'U' 'M' 'M' 'M' 'U' 'M' 'M' 'M' 'M' 'M' 'M' 'M' 'U' 'M' 'M' 'M' 'M'
 'M' 'M' 'M' 'M' 'U' 'M' 'M' 'M' 'M' 'M' 'M' 'M' 'M' 'M' 'U' 'M' 'M' 'M'
 'M' 'M' 'M' 'M' 'M' 'M' 'U' 'M' 'U' 'M' 'M' 'M' 'U' 'M' 'M' 'M' 'M' 'A'
 'M' 'A' 'M' 'M' 'M' 'U' 'U' 'M' 'U' 'U' 'U' 'U' 'U' 'M' 'M' 'U' 'A' 'M'
 'M' 'U' 'M' 'M' 'M' 'M' 'M' 'M' 'U' 'M' 'M' 'M' 'M' 'M' 'M' 'M' 'M' 'M'
 'M' 'M' 'M' 'M' 'M' 'M' 'M' 'M' 'M' 'M' 'M' 'M' 'M' 'U' 'M' 'M' 'M' 'M'
 'U' 'M' 'M' 'M' 'M' 'M' 'M' 'U' 'M' 'U' 'U' 'M' 'U' 'M' 'M' 'U' 'M' 'M']"
315601,0,159,5,154,39,0,0,"['A' 'M' 'M' 'U' 'M' 'M' 'M' 'M' 'M' 'M' 'U' 'M' 'M' 'M' 'U' 'M' 'M' 'M'
 'M' 'M' 'M' 'U' 'U' 'U' 'M' 'M' 'M' 'M' 'M' 'M' 'M' 'U' 'M' 'M' 'M' 'U'
 'M' 'U' 'U' 'A' 'M' 'M' 'M' 'M' 'M' 'M' 'M' 'M' 'U' 'U' 'M' 'M' 'M' 'M'
 'M' 'M' 'M' 'M' 'U' 'M' 'M' 'M' 'M' 'M' 'M' 'U' 'M' 'M' 'M' 'M' 'U' 'M'
 'M' 'M' 'M' 'M' 'U' 'M' 'M' 'U' 'M' 'M' 'M' 'M' 'M' 'M' 'M' 'M' 'M' 'M'
 'M' 'M' 'U' 'M' 'M' 'M' 'M' 'M' 'M' 'M' 'M' 'M' 'M' 'M' 'U' 'M' 'M' 'M'
 'M' 'M' 'M' 'M' 'M' 'M' 'U' 'M' 'M' 'M' 'M' 'M' 'M' 'M' 'M' 'M' 'M' 'A'
 'M' 'A' 'M' 'M' 'M' 'M' 'U' 'M' 'U' 'U' 'U' 'U' 'U' 'M' 'M' 'M' 'A' 'M'
 'M' 'U' 'M' 'M' 'M' 'U' 'M' 'M' 'U' 'M' 'M' 'U' 'M' 'M' 'M' 'U' 'M' 'M'
 'M' 'M' 'M' 'M' 'M' 'M' 'M' 'M' 'M' 'M' 'M' 'M' 'M' 'U' 'M' 'M' 'M' 'M'
 'M' 'M' 'M' 'U' 'M' 'M' 'M' 'U' 'M' 'U' 'U' 'M' 'U' 'U' 'M' 'U' 'M' 'M']"
315701,0,156,4,152,42,0,0,"['A' 'M' 'M' 'U' 'M' 'M' 'M' 'M' 'M' 'U' 'U' 'M' 'M' 'M' 'U' 'M' 'M' 'M'
 'M' 'M' 'M' 'U' 'U' 'U' 'M' 'M' 'M' 'M' 'M' 'M' 'M' 'M' 'M' 'M' 'M' 'U'
 'M' 'M' 'U' 'A' 'M' 'M' 'M' 'M' 'M' 'M' 'M' 'M' 'U' 'U' 'M' 'M' 'M' 'M'
 'M' 'M' 'M' 'M' 'U' 'M' 'M' 'M' 'M' 'M' 'M' 'M' 'M' 'M' 'M' 'M' 'M' 'M'
 'U' 'M' 'M' 'M' 'M' 'M' 'M' 'M' 'M' 'M' 'M' 'U' 'M' 'M' 'M' 'M' 'M' 'U'
 'M' 'U' 'M' 'M' 'U' 'M' 'M' 'M' 'M' 'U' 'M' 'M' 'M' 'M' 'M' 'M' 'M' 'M'
 'M' 'M' 'M' 'M' 'M' 'M' 'U' 'M' 'M' 'M' 'M' 'M' 'M' 'M' 'M' 'M' 'U' 'A'
 'M' 'A' 'U' 'M' 'M' 'U' 'U' 'U' 'U' 'U' 'U' 'U' 'U' 'M' 'M' 'M' 'U' 'M'
 'M' 'U' 'M' 'M' 'M' 'U' 'M' 'M' 'U' 'M' 'M' 'U' 'M' 'M' 'M' 'M' 'M' 'M'
 'M' 'M' 'M' 'M' 'M' 'M' 'M' 'M' 'M' 'M' 'M' 'U' 'M' 'U' 'M' 'M' 'M' 'U'
 'M' 'M' 'M' 'U' 'M' 'U' 'M' 'U' 'M' 'M' 'M' 'M' 'U' 'M' 'M' 'U' 'M' 'M']"
315801,0,162,2,160,36,0,0,"['A' 'U' 'M' 'U' 'M' 'M' 'M' 'M' 'M' 'U' 'U' 'M' 'M' 'M' 'U' 'M' 'M' 'M'
 'M' 'M' 'M' 'M' 'U' 'U' 'M' 'M' 'M' 'M' 'M' 'M' 'M' 'M' 'M' 'M' 'M' 'U'
 'M' 'M' 'U' 'U' 'M' 'M' 'M' 'M' 'M' 'M' 'M' 'M' 'U' 'M' 'M' 'M' 'M' 'M'
 'M' 'M' 'M' 'M' 'U' 'M' 'M' 'M' 'M' 'M' 'M' 'U' 'M' 'M' 'M' 'M' 'M' 'M'
 'M' 'M' 'M' 'M' 'M' 'M' 'M' 'M' 'M' 'U' 'M' 'M' 'M' 'M' 'M' 'U' 'M' 'M'
 'M' 'U' 'M' 'U' 'M' 'M' 'M' 'M' 'M' 'U' 'M' 'M' 'M' 'U' 'M' 'M' 'M' 'U'
 'M' 'M' 'M' 'M' 'M' 'M' 'U' 'M' 'M' 'M' 'M' 'M' 'M' 'M' 'M' 'M' 'M' 'A'
 'M' 'U' 'U' 'M' 'M' 'U' 'U' 'M' 'M' 'M' 'U' 'M' 'U' 'M' 'M' 'M' 'U' 'M'
 'M' 'U' 'M' 'M' 'M' 'M' 'M' 'M' 'U' 'M' 'M' 'M' 'M' 'M' 'M' 'M' 'M' 'M'
 'M' 'M' 'M' 'M' 'M' 'M' 'M' 'M' 'M' 'M' 'M' 'U' 'M' 'U' 'M' 'M' 'M' 'U'
 'M' 'M' 'M' 'M' 'M' 'U' 'M' 'M' 'M' 'M' 'M' 'M' 'U' 'M' 'M' 'U' 'M' 'M']"
315901,1,168,4,164,30,0,0,"['A' 'M' 'M' 'U' 'M' 'M' 'M' 'M' 'M' 'U' 'M' 'M' 'M' 'M' 'U' 'M' 'M' 'M'
 'M' 'M' 'U' 'M' 'M' 'A' 'M' 'M' 'M' 'M' 'M' 'M' 'M' 'M' 'M' 'M' 'M' 'U'
 'M' 'M' 'U' 'U' 'M' 'U' 'M' 'M' 'M' 'M' 'M' 'M' 'U' 'M' 'M' 'M' 'M' 'M'
 'M' 'M' 'M' 'M' 'M' 'M' 'M' 'M' 'M' 'M' 'M' 'U' 'M' 'M' 'U' 'M' 'M' 'M'
 'M' 'M' 'M' 'U' 'M' 'M' 'M' 'M' 'M' 'M' 'M' 'M' 'M' 'M' 'M' 'M' 'M' 'U'
 'M' 'M' 'M' 'M' 'U' 'M' 'M' 'M' 'M' 'U' 'M' 'M' 'M' 'U' 'M' 'M' 'M' 'U'
 'M' 'M' 'M' 'M' 'M' 'M' 'U' 'M' 'M' 'M' 'M' 'M' 'M' 'M' 'M' 'M' 'M' 'A'
 'M' 'U' 'U' 'M' 'M' 'U' 'U' 'U' 'M' 'M' 'M' 'M' 'U' 'M' 'M' 'M' 'U' 'M'
 'M' 'A' 'M' 'M' 'M' 'M' 'M' 'M' 'M' 'M' 'M' 'M' 'M' 'M' 'M' 'M' 'M' 'M'
 'M' 'M' 'M' 'M' 'M' 'M' 'M' 'M' 'M' 'M' 'M' 'U' 'M' 'M' 'M' 'U' 'M' 'U'
 'M' 'M' 'M' 'M' 'M' 'U' 'M' 'M' 'M' 'M' 'M' 'M' 'U' 'M' 'M' 'M' 'M' 'M']"
316001,1,165,4,161,33,0,0,"['A' 'M' 'M' 'M' 'M' 'M' 'M' 'M' 'M' 'U' 'M' 'M' 'U' 'M' 'M' 'M' 'M' 'M'
 'M' 'M' 'U' 'M' 'M' 'U' 'M' 'M' 'M' 'M' 'U' 'M' 'M' 'U' 'M' 'M' 'M' 'M'
 'M' 'M' 'U' 'U' 'M' 'A' 'M' 'M' 'M' 'M' 'M' 'M' 'U' 'M' 'M' 'M' 'M' 'M'
 'M' 'M' 'M' 'M' 'M' 'M' 'M' 'M' 'M' 'M' 'M' 'U' 'M' 'U' 'M' 'M' 'M' 'M'
 'M' 'M' 'M' 'U' 'M' 'M' 'U' 'M' 'M' 'M' 'M' 'M' 'M' 'M' 'M' 'M' 'M' 'U'
 'M' 'M' 'M' 'M' 'M' 'U' 'M' 'M' 'M' 'M' 'M' 'M' 'M' 'U' 'M' 'M' 'M' 'U'
 'M' 'M' 'M' 'M' 'M' 'M' 'M' 'M' 'M' 'M' 'M' 'M' 'M' 'M' 'M' 'M' 'M' 'U'
 'M' 'U' 'M' 'U' 'M' 'U' 'U' 'U' 'U' 'U' 'U' 'U' 'U' 'M' 'M' 'M' 'U' 'M'
 'M' 'A' 'M' 'M' 'M' 'M' 'M' 'M' 'M' 'M' 'M' 'M' 'M' 'U' 'M' 'M' 'M' 'M'
 'M' 'M' 'M' 'M' 'M' 'M' 'M' 'M' 'M' 'M' 'M' 'U' 'M' 'M' 'M' 'A' 'M' 'M'
 'M' 'M' 'M' 'M' 'M' 'U' 'M' 'M' 'M' 'M' 'M' 'M' 'U' 'M' 'M' 'M' 'M' 'M']"
316101,0,172,4,168,26,0,0,"['A' 'M' 'M' 'U' 'M' 'M' 'M' 'M' 'M' 'U' 'M' 'M' 'U' 'M' 'M' 'M' 'M' 'M'
 'M' 'M' 'U' 'M' 'M' 'M' 'M' 'M' 'M' 'M' 'U' 'M' 'M' 'U' 'M' 'M' 'M' 'M'
 'M' 'M' 'U' 'U' 'M' 'A' 'M' 'M' 'M' 'M' 'M' 'M' 'M' 'M' 'M' 'M' 'M' 'M'
 'M' 'M' 'M' 'M' 'M' 'M' 'M' 'M' 'M' 'M' 'M' 'M' 'M' 'M' 'M' 'M' 'M' 'M'
 'M' 'M' 'U' 'U' 'M' 'M' 'M' 'M' 'M' 'U' 'M' 'M' 'M' 'M' 'M' 'M' 'M' 'U'
 'M' 'M' 'M' 'M' 'U' 'U' 'M' 'M' 'M' 'M' 'M' 'M' 'M' 'U' 'M' 'M' 'M' 'M'
 'M' 'M' 'M' 'M' 'U' 'M' 'M' 'M' 'M' 'M' 'M' 'M' 'M' 'M' 'M' 'M' 'M' 'U'
 'M' 'M' 'M' 'M' 'M' 'M' 'U' 'U' 'U' 'U' 'M' 'M' 'U' 'M' 'M' 'M' 'U' 'M'
 'M' 'A' 'M' 'M' 'M' 'M' 'M' 'M' 'M' 'M' 'M' 'M' 'M' 'U' 'M' 'M' 'M' 'M'
 'M' 'U' 'M' 'M' 'M' 'M' 'M' 'M' 'M' 'M' 'M' 'M' 'M' 'M' 'M' 'A' 'M' 'M'
 'M' 'M' 'M' 'M' 'M' 'U' 'M' 'M' 'M' 'M' 'M' 'M' 'M' 'M' 'M' 'M' 'M' 'M']"
316201,0,162,4,158,36,1,0,"['A' 'M' 'M' 'U' 'M' 'M' 'M' 'M' 'M' 'M' 'M' 'M' 'M' 'M' 'M' 'M' 'U' 'M'
 'M' 'U' 'U' 'M' 'M' 'M' 'M' 'U' 'M' 'M' 'A' 'M' 'M' 'U' 'M' 'M' 'M' 'M'
 'M' 'M' 'M' 'M' 'M' 'A' 'M' 'M' 'M' 'M' 'M' 'M' 'M' 'M' 'M' 'M' 'M' 'M'
 'M' 'M' 'M' 'M' 'M' 'M' 'M' 'M' 'M' 'M' 'M' 'M' 'M' 'M' 'M' 'M' 'M' 'M'
 'M' 'U' 'M' 'U' 'M' 'M' 'M' 'U' 'M' 'M' 'M' 'M' 'M' 'M' 'M' 'U' 'M' 'M'
 'M' 'M' 'U' 'M' 'M' 'U' 'M' 'M' 'M' 'M' 'M' 'M' 'M' 'U' 'M' 'M' 'M' 'M'
 'M' 'U' 'M' 'M' 'U' 'M' 'M' 'M' 'M' 'M' 'M' 'M' 'M' 'M' 'M' 'M' 'U' 'U'
 'M' 'M' 'M' 'M' 'M' 'M' 'M' 'U' 'U' 'U' 'U' 'U' 'U' 'M' 'U' 'M' 'U' 'M'
 'U' 'A' 'M' 'M' 'M' 'M' 'M' 'M' 'U' 'M' 'M' 'M' 'M' 'U' 'M' 'M' 'M' 'M'
 'M' 'M' 'M' 'M' 'U' 'M' 'M' 'M' 'M' 'M' 'U' 'M' 'M' 'M' 'M' 'U' 'M' 'M'
 'U' 'U' 'M' 'M' 'M' 'U' 'M' 'M' 'M' 'M' 'M' 'M' 'M' 'M' 'U' 'M' 'M' 'U']"
316301,0,156,4,152,42,0,0,"['A' 'M' 'M' 'U' 'M' 'M' 'M' 'M' 'M' 'M' 'M' 'M' 'M' 'M' 'M' 'M' 'M' 'M'
 'M' 'M' 'A' 'M' 'M' 'M' 'M' 'U' 'M' 'M' 'U' 'M' 'M' 'U' 'M' 'M' 'M' 'M'
 'M' 'M' 'M' 'M' 'M' 'A' 'M' 'M' 'M' 'M' 'M' 'M' 'U' 'M' 'M' 'M' 'M' 'M'
 'M' 'M' 'M' 'U' 'M' 'M' 'M' 'M' 'M' 'M' 'M' 'M' 'M' 'M' 'M' 'U' 'M' 'M'
 'M' 'M' 'M' 'M' 'M' 'M' 'M' 'M' 'M' 'M' 'U' 'M' 'M' 'U' 'M' 'M' 'M' 'U'
 'M' 'U' 'M' 'M' 'M' 'U' 'M' 'M' 'M' 'M' 'M' 'M' 'M' 'M' 'M' 'M' 'M' 'M'
 'M' 'U' 'M' 'M' 'U' 'M' 'M' 'M' 'M' 'M' 'M' 'M' 'M' 'M' 'M' 'M' 'U' 'U'
 'M' 'M' 'M' 'M' 'M' 'U' 'U' 'U' 'U' 'U' 'U' 'U' 'M' 'M' 'M' 'U' 'U' 'M'
 'U' 'A' 'M' 'M' 'M' 'M' 'U' 'M' 'M' 'M' 'M' 'M' 'U' 'U' 'M' 'M' 'M' 'M'
 'M' 'M' 'M' 'M' 'U' 'M' 'U' 'M' 'M' 'M' 'U' 'M' 'U' 'U' 'M' 'U' 'U' 'M'
 'U' 'U' 'U' 'M' 'M' 'U' 'M' 'M' 'M' 'M' 'M' 'M' 'M' 'M' 'U' 'M' 'M' 'U']"
316401,0,160,5,155,38,0,0,"['A' 'M' 'M' 'M' 'M' 'M' 'M' 'M' 'M' 'M' 'M' 'M' 'M' 'M' 'M' 'M' 'M' 'M'
 'M' 'M' 'A' 'M' 'M' 'M' 'M' 'M' 'M' 'M' 'U' 'M' 'M' 'M' 'M' 'M' 'M' 'M'
 'M' 'M' 'M' 'M' 'M' 'U' 'M' 'M' 'M' 'M' 'M' 'M' 'U' 'M' 'M' 'M' 'M' 'M'
 'M' 'M' 'M' 'U' 'U' 'M' 'M' 'M' 'U' 'M' 'M' 'M' 'M' 'U' 'M' 'U' 'M' 'M'
 'M' 'U' 'M' 'M' 'M' 'M' 'M' 'U' 'M' 'M' 'M' 'M' 'M' 'M' 'M' 'M' 'M' 'M'
 'M' 'U' 'M' 'M' 'M' 'U' 'M' 'M' 'M' 'M' 'M' 'M' 'M' 'M' 'M' 'M' 'M' 'M'
 'M' 'U' 'U' 'M' 'U' 'U' 'U' 'M' 'M' 'M' 'M' 'M' 'M' 'M' 'M' 'M' 'U' 'U'
 'M' 'M' 'M' 'M' 'M' 'M' 'U' 'U' 'U' 'A' 'U' 'M' 'M' 'M' 'M' 'A' 'U' 'M'
 'M' 'A' 'U' 'M' 'M' 'M' 'M' 'M' 'M' 'M' 'M' 'M' 'U' 'U' 'M' 'M' 'M' 'M'
 'M' 'M' 'M' 'M' 'M' 'M' 'U' 'M' 'M' 'M' 'U' 'M' 'M' 'U' 'M' 'U' 'U' 'M'
 'U' 'U' 'U' 'M' 'M' 'U' 'M' 'M' 'M' 'M' 'M' 'M' 'M' 'M' 'U' 'M' 'M' 'U']"
316501,0,160,2,158,38,0,0,"['A' 'M' 'M' 'M' 'U' 'U' 'M' 'M' 'M' 'M' 'M' 'M' 'M' 'M' 'M' 'M' 'M' 'M'
 'M' 'M' 'U' 'U' 'M' 'M' 'U' 'M' 'M' 'M' 'M' 'M' 'M' 'M' 'M' 'M' 'M' 'M'
 'M' 'M' 'M' 'M' 'M' 'U' 'M' 'M' 'M' 'M' 'M' 'M' 'U' 'M' 'M' 'M' 'M' 'M'
 'M' 'M' 'M' 'U' 'U' 'M' 'M' 'M' 'U' 'M' 'U' 'M' 'M' 'M' 'M' 'U' 'M' 'M'
 'U' 'M' 'M' 'M' 'M' 'M' 'M' 'M' 'M' 'U' 'U' 'U' 'M' 'M' 'M' 'M' 'M' 'M'
 'M' 'M' 'M' 'M' 'M' 'U' 'M' 'M' 'M' 'M' 'M' 'M' 'M' 'M' 'M' 'M' 'M' 'M'
 'M' 'M' 'U' 'M' 'U' 'M' 'U' 'M' 'M' 'M' 'M' 'M' 'M' 'M' 'M' 'M' 'M' 'U'
 'M' 'M' 'M' 'M' 'M' 'M' 'M' 'U' 'U' 'U' 'U' 'M' 'M' 'M' 'M' 'M' 'U' 'M'
 'M' 'A' 'U' 'M' 'M' 'M' 'M' 'M' 'M' 'M' 'M' 'M' 'U' 'M' 'M' 'M' 'M' 'M'
 'M' 'M' 'M' 'M' 'U' 'M' 'U' 'M' 'M' 'M' 'U' 'M' 'M' 'U' 'M' 'U' 'M' 'M'
 'M' 'U' 'U' 'U' 'M' 'U' 'M' 'M' 'M' 'M' 'M' 'M' 'M' 'M' 'M' 'M' 'M' 'U']"
316601,0,157,2,155,41,0,0,"['A' 'M' 'M' 'M' 'M' 'U' 'U' 'M' 'M' 'M' 'M' 'M' 'M' 'M' 'M' 'M' 'M' 'M'
 'M' 'M' 'U' 'U' 'M' 'M' 'M' 'M' 'M' 'M' 'M' 'M' 'M' 'M' 'M' 'M' 'M' 'M'
 'M' 'U' 'M' 'M' 'M' 'M' 'M' 'M' 'M' 'U' 'M' 'M' 'U' 'M' 'M' 'M' 'M' 'M'
 'M' 'M' 'M' 'U' 'U' 'M' 'M' 'M' 'U' 'M' 'U' 'M' 'M' 'M' 'M' 'M' 'M' 'U'
 'M' 'M' 'M' 'M' 'M' 'M' 'M' 'U' 'M' 'U' 'M' 'M' 'M' 'U' 'M' 'M' 'M' 'M'
 'M' 'U' 'M' 'M' 'M' 'U' 'M' 'M' 'M' 'M' 'M' 'M' 'M' 'M' 'M' 'M' 'M' 'M'
 'U' 'M' 'M' 'M' 'U' 'M' 'U' 'M' 'M' 'U' 'M' 'M' 'M' 'M' 'M' 'M' 'M' 'U'
 'M' 'M' 'U' 'M' 'M' 'U' 'M' 'U' 'M' 'U' 'U' 'U' 'U' 'M' 'M' 'M' 'U' 'M'
 'M' 'A' 'U' 'M' 'M' 'M' 'M' 'M' 'M' 'M' 'M' 'M' 'U' 'M' 'M' 'M' 'M' 'M'
 'M' 'M' 'M' 'M' 'U' 'M' 'U' 'M' 'M' 'M' 'M' 'M' 'M' 'U' 'M' 'U' 'M' 'M'
 'U' 'U' 'U' 'U' 'M' 'U' 'M' 'M' 'M' 'M' 'M' 'M' 'M' 'M' 'M' 'M' 'M' 'M']"
316701,0,168,3,165,30,0,0,"['A' 'M' 'M' 'M' 'M' 'U' 'U' 'M' 'M' 'M' 'M' 'M' 'M' 'M' 'M' 'M' 'M' 'M'
 'M' 'M' 'M' 'M' 'M' 'M' 'M' 'M' 'M' 'M' 'M' 'M' 'M' 'M' 'M' 'M' 'M' 'M'
 'M' 'U' 'M' 'M' 'M' 'M' 'M' 'M' 'M' 'U' 'M' 'M' 'U' 'M' 'M' 'M' 'M' 'M'
 'M' 'M' 'M' 'U' 'U' 'M' 'M' 'M' 'U' 'M' 'U' 'M' 'M' 'M' 'M' 'M' 'M' 'M'
 'M' 'M' 'U' 'M' 'U' 'M' 'M' 'M' 'U' 'U' 'M' 'M' 'M' 'M' 'M' 'M' 'M' 'M'
 'M' 'U' 'M' 'M' 'M' 'M' 'M' 'M' 'M' 'M' 'M' 'M' 'M' 'M' 'M' 'M' 'M' 'M'
 'U' 'M' 'M' 'M' 'M' 'M' 'U' 'M' 'M' 'M' 'M' 'M' 'M' 'M' 'M' 'M' 'M' 'M'
 'M' 'M' 'M' 'M' 'M' 'U' 'M' 'M' 'M' 'U' 'M' 'U' 'M' 'U' 'M' 'M' 'U' 'M'
 'M' 'A' 'U' 'M' 'M' 'M' 'M' 'M' 'M' 'M' 'M' 'M' 'U' 'M' 'M' 'M' 'M' 'M'
 'M' 'M' 'M' 'M' 'U' 'M' 'U' 'M' 'M' 'M' 'M' 'M' 'M' 'U' 'M' 'U' 'M' 'M'
 'U' 'U' 'A' 'U' 'M' 'M' 'M' 'M' 'M' 'M' 'M' 'M' 'M' 'M' 'M' 'M' 'M' 'M']"
316801,0,158,3,155,40,0,0,"['A' 'M' 'M' 'M' 'M' 'U' 'U' 'M' 'M' 'M' 'U' 'M' 'M' 'M' 'M' 'M' 'M' 'M'
 'M' 'U' 'M' 'U' 'M' 'M' 'M' 'M' 'M' 'M' 'M' 'M' 'M' 'M' 'M' 'M' 'M' 'M'
 'M' 'U' 'M' 'M' 'M' 'M' 'M' 'U' 'M' 'U' 'M' 'M' 'U' 'M' 'M' 'M' 'M' 'M'
 'M' 'M' 'M' 'U' 'U' 'M' 'M' 'M' 'M' 'M' 'U' 'M' 'M' 'M' 'M' 'M' 'M' 'U'
 'U' 'M' 'M' 'M' 'M' 'M' 'M' 'M' 'U' 'M' 'M' 'M' 'U' 'M' 'M' 'M' 'U' 'M'
 'M' 'M' 'M' 'M' 'M' 'M' 'M' 'M' 'M' 'M' 'M' 'M' 'M' 'M' 'M' 'M' 'M' 'U'
 'U' 'M' 'M' 'M' 'M' 'M' 'M' 'M' 'M' 'M' 'M' 'M' 'M' 'M' 'M' 'M' 'M' 'M'
 'M' 'M' 'M' 'M' 'M' 'U' 'A' 'U' 'U' 'U' 'U' 'U' 'U' 'U' 'M' 'M' 'U' 'M'
 'M' 'A' 'U' 'M' 'U' 'M' 'M' 'M' 'M' 'M' 'M' 'M' 'U' 'M' 'M' 'M' 'M' 'M'
 'M' 'M' 'M' 'M' 'U' 'M' 'U' 'M' 'M' 'M' 'M' 'M' 'M' 'U' 'M' 'U' 'M' 'U'
 'U' 'M' 'U' 'U' 'M' 'M' 'U' 'M' 'M' 'M' 'M' 'M' 'M' 'M' 'M' 'M' 'M' 'M']"
316901,0,159,5,154,39,0,0,"['A' 'U' 'M' 'M' 'M' 'U' 'U' 'M' 'M' 'M' 'U' 'M' 'M' 'M' 'M' 'M' 'M' 'M'
 'M' 'U' 'U' 'U' 'M' 'M' 'M' 'M' 'U' 'M' 'M' 'M' 'M' 'M' 'M' 'M' 'M' 'M'
 'M' 'U' 'M' 'M' 'M' 'M' 'U' 'U' 'M' 'U' 'U' 'M' 'U' 'M' 'M' 'M' 'M' 'M'
 'M' 'M' 'M' 'U' 'U' 'M' 'M' 'M' 'M' 'U' 'U' 'M' 'M' 'M' 'M' 'M' 'M' 'U'
 'M' 'M' 'M' 'M' 'M' 'M' 'M' 'M' 'U' 'M' 'M' 'M' 'M' 'M' 'M' 'M' 'U' 'M'
 'M' 'U' 'M' 'U' 'M' 'M' 'M' 'M' 'M' 'M' 'M' 'M' 'U' 'M' 'M' 'M' 'M' 'M'
 'A' 'M' 'M' 'M' 'M' 'M' 'M' 'M' 'M' 'M' 'M' 'M' 'M' 'M' 'M' 'M' 'M' 'M'
 'M' 'M' 'M' 'M' 'M' 'U' 'A' 'U' 'U' 'U' 'U' 'M' 'U' 'M' 'M' 'M' 'U' 'M'
 'M' 'A' 'U' 'M' 'M' 'M' 'M' 'M' 'M' 'M' 'M' 'M' 'U' 'M' 'M' 'M' 'M' 'M'
 'M' 'M' 'M' 'M' 'U' 'M' 'U' 'M' 'M' 'M' 'M' 'M' 'M' 'M' 'M' 'U' 'M' 'U'
 'U' 'M' 'M' 'U' 'M' 'M' 'A' 'M' 'M' 'M' 'M' 'M' 'M' 'M' 'M' 'M' 'M' 'M']"
317001,0,160,4,156,38,0,0,"['A' 'U' 'M' 'M' 'M' 'U' 'U' 'M' 'M' 'M' 'U' 'M' 'M' 'M' 'U' 'M' 'M' 'M'
 'M' 'U' 'U' 'U' 'M' 'M' 'M' 'M' 'U' 'M' 'M' 'M' 'M' 'M' 'M' 'M' 'M' 'M'
 'M' 'M' 'M' 'M' 'M' 'M' 'U' 'U' 'M' 'U' 'U' 'M' 'U' 'M' 'M' 'M' 'M' 'M'
 'M' 'M' 'M' 'M' 'M' 'M' 'M' 'M' 'M' 'M' 'A' 'M' 'M' 'U' 'M' 'U' 'M' 'M'
 'U' 'M' 'M' 'M' 'M' 'M' 'U' 'M' 'M' 'M' 'M' 'M' 'M' 'M' 'M' 'M' 'M' 'M'
 'M' 'M' 'M' 'U' 'M' 'M' 'M' 'M' 'M' 'M' 'M' 'M' 'M' 'M' 'M' 'M' 'M' 'M'
 'A' 'M' 'M' 'M' 'M' 'M' 'M' 'M' 'M' 'U' 'M' 'M' 'M' 'U' 'M' 'U' 'M' 'M'
 'M' 'M' 'M' 'M' 'M' 'M' 'U' 'M' 'U' 'M' 'U' 'M' 'U' 'M' 'M' 'M' 'U' 'M'
 'M' 'U' 'U' 'U' 'M' 'M' 'M' 'M' 'M' 'M' 'M' 'M' 'M' 'M' 'M' 'M' 'M' 'M'
 'M' 'M' 'M' 'M' 'U' 'M' 'U' 'M' 'M' 'M' 'U' 'M' 'M' 'M' 'M' 'U' 'M' 'U'
 'M' 'M' 'M' 'U' 'M' 'M' 'A' 'M' 'U' 'M' 'M' 'M' 'M' 'M' 'U' 'M' 'M' 'M']"
317101,0,159,2,157,39,0,0,"['A' 'M' 'M' 'U' 'M' 'U' 'U' 'M' 'M' 'M' 'M' 'M' 'M' 'M' 'U' 'M' 'M' 'M'
 'U' 'M' 'U' 'M' 'M' 'M' 'U' 'M' 'U' 'M' 'M' 'M' 'M' 'M' 'M' 'M' 'M' 'M'
 'M' 'M' 'M' 'M' 'M' 'M' 'U' 'U' 'M' 'U' 'U' 'M' 'U' 'M' 'M' 'M' 'M' 'M'
 'M' 'M' 'M' 'M' 'M' 'M' 'M' 'M' 'M' 'M' 'U' 'M' 'M' 'M' 'M' 'M' 'M' 'U'
 'M' 'U' 'M' 'U' 'M' 'M' 'M' 'M' 'M' 'M' 'M' 'M' 'M' 'U' 'U' 'M' 'M' 'M'
 'M' 'M' 'M' 'M' 'M' 'M' 'M' 'M' 'M' 'M' 'M' 'M' 'M' 'M' 'M' 'M' 'U' 'M'
 'U' 'M' 'M' 'M' 'M' 'M' 'M' 'M' 'M' 'M' 'M' 'M' 'M' 'U' 'M' 'M' 'M' 'M'
 'M' 'U' 'M' 'M' 'M' 'M' 'U' 'M' 'U' 'M' 'U' 'M' 'U' 'M' 'M' 'M' 'U' 'M'
 'M' 'U' 'U' 'M' 'M' 'M' 'M' 'M' 'M' 'M' 'M' 'M' 'M' 'M' 'M' 'M' 'M' 'M'
 'M' 'M' 'M' 'M' 'U' 'M' 'U' 'U' 'M' 'M' 'U' 'M' 'M' 'M' 'M' 'U' 'M' 'U'
 'M' 'M' 'M' 'U' 'M' 'M' 'U' 'M' 'A' 'M' 'M' 'M' 'M' 'M' 'U' 'M' 'M' 'M']"
317201,0,160,1,159,38,0,0,"['A' 'M' 'U' 'U' 'M' 'U' 'U' 'M' 'M' 'M' 'M' 'M' 'M' 'M' 'U' 'M' 'M' 'M'
 'U' 'M' 'U' 'M' 'M' 'M' 'U' 'M' 'M' 'M' 'M' 'M' 'M' 'M' 'M' 'M' 'M' 'M'
 'M' 'M' 'M' 'M' 'M' 'M' 'U' 'U' 'M' 'U' 'U' 'M' 'U' 'M' 'M' 'M' 'M' 'M'
 'M' 'M' 'M' 'M' 'M' 'M' 'U' 'M' 'M' 'M' 'U' 'M' 'M' 'M' 'M' 'U' 'M' 'M'
 'M' 'M' 'M' 'M' 'M' 'M' 'U' 'M' 'M' 'M' 'U' 'U' 'M' 'M' 'M' 'M' 'M' 'M'
 'M' 'M' 'U' 'M' 'M' 'M' 'M' 'M' 'M' 'M' 'M' 'M' 'M' 'M' 'M' 'M' 'U' 'M'
 'U' 'M' 'M' 'M' 'M' 'M' 'M' 'M' 'M' 'M' 'M' 'M' 'M' 'U' 'M' 'M' 'M' 'M'
 'M' 'M' 'M' 'M' 'M' 'M' 'U' 'M' 'U' 'M' 'U' 'M' 'M' 'M' 'M' 'M' 'M' 'M'
 'M' 'U' 'U' 'M' 'M' 'M' 'M' 'M' 'M' 'M' 'M' 'M' 'M' 'M' 'M' 'M' 'M' 'M'
 'M' 'M' 'M' 'M' 'U' 'M' 'U' 'U' 'M' 'M' 'U' 'M' 'M' 'M' 'M' 'U' 'M' 'M'
 'M' 'M' 'M' 'M' 'M' 'M' 'U' 'U' 'U' 'M' 'M' 'U' 'M' 'M' 'U' 'M' 'M' 'M']"
317301,0,157,1,156,41,0,0,"['A' 'M' 'U' 'U' 'M' 'U' 'M' 'M' 'M' 'M' 'M' 'M' 'M' 'M' 'U' 'M' 'M' 'M'
 'U' 'U' 'U' 'M' 'M' 'M' 'U' 'M' 'U' 'M' 'M' 'M' 'M' 'M' 'M' 'M' 'M' 'U'
 'M' 'M' 'M' 'M' 'M' 'M' 'M' 'M' 'M' 'U' 'M' 'M' 'M' 'M' 'M' 'M' 'U' 'M'
 'M' 'M' 'M' 'M' 'M' 'M' 'U' 'M' 'M' 'M' 'U' 'M' 'M' 'M' 'M' 'M' 'M' 'M'
 'M' 'M' 'M' 'M' 'U' 'M' 'M' 'M' 'M' 'U' 'U' 'M' 'M' 'U' 'M' 'M' 'M' 'M'
 'U' 'M' 'M' 'M' 'M' 'M' 'M' 'M' 'M' 'M' 'M' 'M' 'M' 'M' 'M' 'M' 'U' 'M'
 'U' 'M' 'M' 'M' 'M' 'M' 'M' 'U' 'U' 'M' 'M' 'M' 'M' 'U' 'M' 'U' 'M' 'M'
 'M' 'M' 'M' 'M' 'M' 'M' 'U' 'M' 'M' 'U' 'U' 'U' 'U' 'M' 'M' 'M' 'M' 'M'
 'M' 'U' 'M' 'M' 'M' 'M' 'M' 'M' 'M' 'M' 'U' 'M' 'M' 'M' 'M' 'M' 'M' 'M'
 'M' 'M' 'M' 'M' 'U' 'M' 'U' 'U' 'M' 'M' 'M' 'M' 'M' 'M' 'M' 'U' 'M' 'U'
 'M' 'M' 'M' 'M' 'M' 'M' 'U' 'U' 'M' 'M' 'M' 'U' 'M' 'M' 'U' 'M' 'M' 'M']"
317401,0,163,3,160,35,0,0,"['A' 'M' 'A' 'M' 'M' 'U' 'M' 'M' 'M' 'M' 'M' 'M' 'M' 'M' 'M' 'M' 'M' 'M'
 'U' 'U' 'M' 'M' 'M' 'M' 'M' 'M' 'U' 'M' 'M' 'M' 'M' 'M' 'M' 'M' 'M' 'M'
 'M' 'M' 'M' 'M' 'M' 'M' 'M' 'M' 'M' 'U' 'M' 'M' 'M' 'M' 'M' 'M' 'U' 'M'
 'M' 'M' 'M' 'M' 'M' 'M' 'U' 'M' 'M' 'U' 'U' 'M' 'U' 'M' 'M' 'M' 'M' 'U'
 'M' 'M' 'U' 'U' 'M' 'M' 'M' 'M' 'M' 'U' 'M' 'M' 'M' 'M' 'M' 'M' 'M' 'M'
 'M' 'M' 'M' 'M' 'M' 'M' 'M' 'M' 'M' 'M' 'M' 'M' 'M' 'M' 'M' 'M' 'U' 'M'
 'M' 'M' 'M' 'M' 'M' 'M' 'M' 'U' 'U' 'M' 'M' 'M' 'M' 'A' 'M' 'U' 'M' 'M'
 'M' 'M' 'U' 'M' 'M' 'M' 'U' 'M' 'M' 'U' 'U' 'U' 'U' 'M' 'M' 'M' 'M' 'M'
 'M' 'U' 'M' 'M' 'M' 'M' 'M' 'M' 'M' 'M' 'U' 'M' 'U' 'M' 'M' 'M' 'M' 'M'
 'M' 'M' 'M' 'M' 'U' 'M' 'U' 'U' 'M' 'M' 'M' 'M' 'M' 'M' 'M' 'M' 'M' 'U'
 'M' 'M' 'M' 'M' 'U' 'M' 'M' 'U' 'M' 'M' 'M' 'U' 'M' 'M' 'U' 'M' 'M' 'M']"
317501,0,163,2,161,35,0,0,"['A' 'M' 'A' 'M' 'M' 'U' 'M' 'M' 'M' 'M' 'M' 'M' 'M' 'M' 'M' 'M' 'M' 'M'
 'U' 'U' 'U' 'M' 'U' 'M' 'M' 'M' 'U' 'M' 'M' 'M' 'M' 'M' 'M' 'M' 'M' 'M'
 'M' 'M' 'M' 'M' 'M' 'M' 'M' 'M' 'M' 'M' 'M' 'M' 'M' 'M' 'M' 'U' 'U' 'M'
 'M' 'M' 'M' 'M' 'M' 'M' 'M' 'M' 'M' 'U' 'U' 'M' 'M' 'M' 'U' 'M' 'U' 'U'
 'M' 'M' 'M' 'M' 'M' 'M' 'M' 'U' 'M' 'M' 'M' 'M' 'M' 'M' 'M' 'U' 'M' 'M'
 'M' 'M' 'M' 'M' 'M' 'M' 'M' 'M' 'U' 'M' 'M' 'U' 'M' 'M' 'M' 'M' 'M' 'M'
 'M' 'M' 'M' 'M' 'M' 'M' 'M' 'M' 'M' 'M' 'M' 'M' 'M' 'U' 'M' 'U' 'M' 'M'
 'M' 'M' 'U' 'M' 'M' 'M' 'U' 'M' 'M' 'M' 'U' 'U' 'U' 'M' 'M' 'M' 'M' 'M'
 'M' 'U' 'M' 'M' 'M' 'M' 'M' 'M' 'M' 'M' 'U' 'M' 'U' 'M' 'M' 'M' 'M' 'M'
 'M' 'M' 'M' 'M' 'U' 'M' 'U' 'U' 'M' 'M' 'M' 'M' 'M' 'M' 'M' 'U' 'M' 'U'
 'M' 'M' 'M' 'M' 'U' 'M' 'M' 'M' 'M' 'M' 'M' 'U' 'M' 'M' 'M' 'U' 'M' 'M']"
317601,0,167,1,166,31,0,0,"['A' 'M' 'M' 'M' 'M' 'M' 'M' 'M' 'M' 'M' 'M' 'M' 'M' 'M' 'M' 'M' 'M' 'M'
 'M' 'U' 'M' 'M' 'U' 'M' 'M' 'M' 'M' 'M' 'M' 'M' 'M' 'U' 'M' 'M' 'M' 'M'
 'M' 'M' 'M' 'M' 'M' 'M' 'M' 'M' 'M' 'M' 'M' 'M' 'M' 'M' 'U' 'U' 'U' 'M'
 'M' 'M' 'M' 'M' 'M' 'M' 'M' 'M' 'M' 'U' 'U' 'M' 'M' 'M' 'M' 'M' 'M' 'M'
 'M' 'M' 'M' 'M' 'M' 'M' 'U' 'U' 'M' 'M' 'M' 'M' 'M' 'M' 'U' 'M' 'M' 'M'
 'U' 'M' 'M' 'U' 'M' 'M' 'M' 'U' 'U' 'M' 'M' 'U' 'M' 'M' 'M' 'M' 'M' 'M'
 'M' 'M' 'M' 'M' 'M' 'M' 'M' 'M' 'M' 'M' 'M' 'M' 'M' 'U' 'M' 'U' 'M' 'M'
 'M' 'M' 'M' 'M' 'M' 'M' 'M' 'M' 'M' 'M' 'U' 'U' 'U' 'M' 'M' 'M' 'U' 'M'
 'M' 'U' 'M' 'M' 'M' 'M' 'M' 'M' 'M' 'M' 'M' 'M' 'U' 'M' 'M' 'M' 'M' 'M'
 'M' 'M' 'M' 'M' 'U' 'M' 'M' 'U' 'M' 'M' 'M' 'M' 'M' 'M' 'M' 'U' 'M' 'U'
 'U' 'M' 'M' 'M' 'U' 'M' 'M' 'M' 'M' 'M' 'M' 'U' 'M' 'M' 'M' 'M' 'M' 'M']"
317701,0,167,2,165,31,1,0,"['A' 'M' 'M' 'M' 'M' 'M' 'M' 'M' 'M' 'M' 'M' 'M' 'M' 'M' 'M' 'M' 'M' 'M'
 'U' 'M' 'M' 'M' 'M' 'M' 'M' 'M' 'M' 'M' 'M' 'M' 'M' 'U' 'M' 'M' 'U' 'U'
 'M' 'M' 'M' 'M' 'M' 'M' 'M' 'M' 'M' 'M' 'M' 'M' 'M' 'M' 'U' 'U' 'U' 'M'
 'M' 'M' 'M' 'U' 'U' 'M' 'M' 'M' 'M' 'U' 'U' 'M' 'M' 'M' 'M' 'M' 'M' 'M'
 'M' 'M' 'M' 'U' 'U' 'M' 'U' 'U' 'M' 'U' 'M' 'M' 'M' 'M' 'M' 'M' 'M' 'M'
 'M' 'M' 'M' 'M' 'M' 'M' 'M' 'U' 'M' 'M' 'M' 'U' 'M' 'M' 'M' 'M' 'M' 'M'
 'M' 'M' 'M' 'M' 'M' 'M' 'M' 'M' 'M' 'M' 'M' 'M' 'M' 'M' 'M' 'U' 'M' 'M'
 'M' 'M' 'M' 'U' 'M' 'M' 'M' 'M' 'M' 'M' 'U' 'U' 'U' 'M' 'U' 'M' 'M' 'M'
 'M' 'M' 'M' 'M' 'M' 'M' 'M' 'M' 'M' 'M' 'M' 'M' 'U' 'M' 'M' 'M' 'M' 'U'
 'M' 'M' 'M' 'M' 'U' 'M' 'M' 'A' 'M' 'M' 'M' 'M' 'M' 'M' 'M' 'U' 'M' 'U'
 'U' 'M' 'M' 'M' 'M' 'M' 'M' 'M' 'M' 'M' 'M' 'U' 'M' 'M' 'M' 'M' 'M' 'M']"
317801,0,164,3,161,34,0,1,"['A' 'M' 'M' 'M' 'M' 'M' 'M' 'M' 'M' 'M' 'M' 'A' 'M' 'M' 'M' 'U' 'M' 'M'
 'U' 'M' 'M' 'M' 'M' 'M' 'M' 'M' 'M' 'M' 'M' 'M' 'M' 'U' 'M' 'M' 'U' 'M'
 'M' 'M' 'M' 'M' 'M' 'M' 'M' 'M' 'M' 'M' 'M' 'M' 'M' 'M' 'U' 'U' 'U' 'M'
 'M' 'M' 'M' 'U' 'M' 'M' 'M' 'M' 'U' 'U' 'M' 'M' 'M' 'M' 'U' 'M' 'U' 'M'
 'M' 'M' 'U' 'M' 'M' 'M' 'M' 'M' 'M' 'M' 'M' 'U' 'M' 'M' 'M' 'M' 'M' 'M'
 'M' 'M' 'M' 'U' 'M' 'M' 'M' 'U' 'M' 'M' 'M' 'U' 'M' 'M' 'M' 'M' 'M' 'M'
 'M' 'M' 'M' 'M' 'M' 'M' 'M' 'U' 'M' 'M' 'M' 'M' 'U' 'M' 'M' 'U' 'M' 'M'
 'M' 'M' 'M' 'U' 'M' 'M' 'M' 'M' 'M' 'M' 'U' 'U' 'U' 'M' 'U' 'M' 'U' 'M'
 'U' 'M' 'M' 'M' 'M' 'M' 'M' 'M' 'M' 'M' 'M' 'M' 'U' 'M' 'M' 'U' 'M' 'M'
 'M' 'M' 'M' 'M' 'U' 'M' 'M' 'A' 'M' 'M' 'M' 'M' 'M' 'U' 'M' 'U' 'M' 'M'
 'U' 'M' 'M' 'U' 'M' 'M' 'M' 'M' 'M' 'M' 'M' 'M' 'M' 'M' 'M' 'M' 'M' 'M']"
317901,0,164,2,162,34,0,0,"['A' 'M' 'M' 'M' 'M' 'M' 'M' 'M' 'M' 'M' 'M' 'U' 'M' 'M' 'M' 'U' 'M' 'M'
 'U' 'M' 'M' 'M' 'M' 'M' 'M' 'M' 'M' 'M' 'M' 'M' 'M' 'U' 'M' 'M' 'U' 'M'
 'M' 'M' 'M' 'M' 'M' 'U' 'M' 'M' 'U' 'M' 'M' 'M' 'M' 'M' 'U' 'U' 'U' 'M'
 'M' 'M' 'M' 'U' 'M' 'M' 'M' 'M' 'U' 'M' 'M' 'M' 'M' 'M' 'M' 'M' 'M' 'M'
 'U' 'M' 'U' 'M' 'M' 'U' 'M' 'M' 'U' 'M' 'M' 'M' 'M' 'M' 'M' 'M' 'M' 'M'
 'M' 'M' 'M' 'M' 'U' 'M' 'M' 'U' 'M' 'M' 'M' 'U' 'M' 'M' 'M' 'M' 'M' 'M'
 'M' 'M' 'M' 'M' 'U' 'M' 'M' 'M' 'M' 'M' 'M' 'M' 'M' 'M' 'M' 'U' 'M' 'M'
 'M' 'M' 'M' 'U' 'M' 'M' 'M' 'M' 'M' 'M' 'U' 'U' 'U' 'M' 'U' 'M' 'U' 'M'
 'U' 'M' 'M' 'M' 'M' 'M' 'M' 'M' 'M' 'M' 'M' 'M' 'U' 'U' 'M' 'M' 'M' 'M'
 'M' 'M' 'M' 'M' 'M' 'M' 'M' 'A' 'M' 'M' 'M' 'M' 'M' 'U' 'M' 'M' 'U' 'M'
 'M' 'M' 'M' 'U' 'M' 'M' 'M' 'M' 'M' 'M' 'M' 'M' 'M' 'U' 'M' 'M' 'M' 'M']"
318001,0,171,2,169,27,0,0,"['A' 'M' 'M' 'M' 'M' 'M' 'M' 'M' 'M' 'M' 'M' 'U' 'M' 'M' 'M' 'U' 'M' 'M'
 'M' 'M' 'M' 'M' 'U' 'M' 'M' 'M' 'M' 'M' 'M' 'M' 'M' 'U' 'M' 'M' 'U' 'M'
 'M' 'M' 'M' 'M' 'M' 'U' 'M' 'M' 'U' 'M' 'M' 'M' 'M' 'M' 'M' 'U' 'M' 'M'
 'M' 'M' 'M' 'U' 'M' 'M' 'M' 'M' 'M' 'M' 'M' 'M' 'M' 'M' 'M' 'M' 'U' 'M'
 'M' 'M' 'U' 'M' 'U' 'M' 'M' 'M' 'U' 'M' 'M' 'M' 'M' 'M' 'M' 'M' 'M' 'M'
 'M' 'U' 'M' 'M' 'M' 'M' 'M' 'U' 'M' 'M' 'M' 'U' 'M' 'M' 'M' 'M' 'M' 'M'
 'M' 'M' 'M' 'M' 'U' 'M' 'M' 'M' 'M' 'M' 'M' 'M' 'M' 'M' 'U' 'M' 'U' 'M'
 'M' 'M' 'M' 'M' 'M' 'M' 'M' 'M' 'M' 'M' 'M' 'M' 'U' 'M' 'U' 'M' 'M' 'M'
 'U' 'M' 'M' 'M' 'M' 'M' 'M' 'M' 'M' 'M' 'M' 'M' 'U' 'U' 'M' 'M' 'M' 'M'
 'M' 'M' 'M' 'M' 'M' 'M' 'M' 'A' 'M' 'M' 'M' 'M' 'M' 'U' 'M' 'M' 'U' 'M'
 'M' 'M' 'M' 'M' 'M' 'M' 'M' 'M' 'M' 'M' 'M' 'U' 'M' 'M' 'M' 'M' 'M' 'M']"
318101,0,168,3,165,30,0,0,"['A' 'M' 'M' 'M' 'M' 'M' 'M' 'U' 'M' 'U' 'M' 'U' 'M' 'M' 'M' 'M' 'M' 'M'
 'M' 'M' 'M' 'U' 'U' 'M' 'M' 'M' 'M' 'M' 'M' 'M' 'M' 'U' 'M' 'M' 'U' 'M'
 'M' 'M' 'M' 'U' 'U' 'U' 'M' 'M' 'U' 'M' 'M' 'M' 'M' 'M' 'M' 'M' 'M' 'M'
 'M' 'M' 'M' 'U' 'M' 'M' 'M' 'M' 'M' 'M' 'M' 'M' 'M' 'M' 'M' 'M' 'M' 'M'
 'M' 'M' 'M' 'M' 'U' 'U' 'M' 'M' 'M' 'U' 'M' 'M' 'M' 'M' 'M' 'U' 'M' 'U'
 'M' 'M' 'M' 'M' 'M' 'M' 'M' 'U' 'M' 'M' 'M' 'M' 'M' 'M' 'M' 'M' 'M' 'U'
 'M' 'M' 'M' 'M' 'U' 'M' 'M' 'M' 'M' 'M' 'M' 'M' 'M' 'M' 'U' 'M' 'U' 'M'
 'M' 'M' 'M' 'M' 'M' 'M' 'M' 'M' 'M' 'M' 'M' 'M' 'U' 'M' 'U' 'M' 'M' 'M'
 'U' 'M' 'M' 'M' 'M' 'M' 'M' 'M' 'M' 'M' 'M' 'M' 'A' 'U' 'M' 'M' 'M' 'M'
 'M' 'M' 'M' 'M' 'M' 'M' 'M' 'U' 'M' 'U' 'M' 'M' 'M' 'A' 'M' 'M' 'U' 'M'
 'M' 'M' 'M' 'M' 'M' 'M' 'M' 'M' 'M' 'M' 'M' 'U' 'M' 'M' 'M' 'M' 'M' 'M']"
318201,0,170,2,168,28,1,0,"['A' 'M' 'M' 'M' 'M' 'M' 'M' 'M' 'M' 'U' 'M' 'U' 'M' 'M' 'M' 'M' 'M' 'M'
 'M' 'U' 'M' 'U' 'U' 'M' 'M' 'M' 'M' 'M' 'M' 'M' 'M' 'U' 'M' 'M' 'U' 'M'
 'M' 'M' 'M' 'U' 'U' 'M' 'M' 'M' 'M' 'M' 'M' 'M' 'M' 'M' 'M' 'M' 'M' 'M'
 'M' 'M' 'M' 'U' 'M' 'M' 'M' 'M' 'M' 'M' 'M' 'U' 'M' 'M' 'M' 'M' 'U' 'M'
 'U' 'M' 'M' 'M' 'M' 'M' 'M' 'M' 'M' 'M' 'M' 'M' 'M' 'M' 'M' 'M' 'M' 'U'
 'M' 'M' 'U' 'M' 'M' 'M' 'M' 'U' 'M' 'M' 'U' 'M' 'M' 'M' 'M' 'M' 'M' 'M'
 'M' 'M' 'M' 'M' 'M' 'M' 'U' 'M' 'M' 'M' 'M' 'M' 'M' 'M' 'U' 'M' 'M' 'M'
 'M' 'M' 'M' 'M' 'M' 'M' 'M' 'M' 'M' 'M' 'M' 'M' 'U' 'M' 'U' 'M' 'M' 'M'
 'U' 'M' 'M' 'M' 'M' 'M' 'M' 'M' 'M' 'M' 'M' 'M' 'A' 'U' 'M' 'M' 'M' 'M'
 'M' 'M' 'M' 'M' 'M' 'M' 'M' 'U' 'M' 'U' 'M' 'M' 'M' 'U' 'M' 'M' 'U' 'M'
 'M' 'M' 'M' 'M' 'M' 'M' 'M' 'M' 'M' 'M' 'M' 'U' 'M' 'M' 'M' 'M' 'M' 'M']"
318301,0,171,2,169,27,0,0,"['A' 'M' 'M' 'M' 'M' 'M' 'M' 'M' 'M' 'U' 'M' 'U' 'M' 'M' 'M' 'M' 'M' 'M'
 'M' 'M' 'M' 'U' 'U' 'M' 'M' 'M' 'M' 'M' 'M' 'M' 'M' 'U' 'M' 'M' 'U' 'M'
 'M' 'M' 'M' 'U' 'M' 'M' 'M' 'M' 'M' 'M' 'M' 'M' 'M' 'M' 'M' 'M' 'M' 'M'
 'M' 'M' 'M' 'U' 'M' 'M' 'M' 'M' 'M' 'M' 'M' 'M' 'U' 'M' 'M' 'M' 'M' 'U'
 'M' 'M' 'U' 'M' 'M' 'M' 'M' 'M' 'M' 'M' 'M' 'M' 'M' 'U' 'M' 'M' 'M' 'M'
 'M' 'M' 'U' 'M' 'M' 'M' 'M' 'U' 'M' 'M' 'U' 'M' 'M' 'M' 'M' 'M' 'M' 'M'
 'U' 'M' 'M' 'M' 'M' 'M' 'U' 'M' 'M' 'M' 'M' 'M' 'M' 'M' 'U' 'M' 'M' 'M'
 'M' 'M' 'M' 'M' 'U' 'M' 'U' 'M' 'M' 'M' 'M' 'M' 'U' 'M' 'U' 'M' 'M' 'M'
 'M' 'U' 'M' 'M' 'M' 'M' 'M' 'M' 'M' 'M' 'M' 'M' 'A' 'U' 'M' 'M' 'M' 'M'
 'M' 'M' 'M' 'M' 'M' 'M' 'M' 'U' 'M' 'M' 'M' 'M' 'M' 'M' 'M' 'M' 'U' 'M'
 'M' 'M' 'M' 'M' 'M' 'M' 'M' 'M' 'M' 'M' 'M' 'U' 'M' 'M' 'M' 'M' 'M' 'M']"
318401,1,170,2,168,28,0,0,"['A' 'M' 'M' 'M' 'M' 'M' 'M' 'M' 'M' 'U' 'M' 'U' 'M' 'M' 'M' 'M' 'M' 'M'
 'M' 'U' 'M' 'U' 'U' 'M' 'M' 'M' 'M' 'M' 'M' 'M' 'M' 'U' 'M' 'M' 'M' 'M'
 'M' 'M' 'M' 'U' 'M' 'M' 'M' 'M' 'M' 'M' 'M' 'M' 'M' 'M' 'M' 'M' 'M' 'M'
 'M' 'M' 'M' 'U' 'M' 'M' 'M' 'M' 'M' 'M' 'M' 'M' 'U' 'M' 'M' 'M' 'M' 'M'
 'M' 'M' 'U' 'M' 'U' 'M' 'M' 'M' 'M' 'M' 'M' 'U' 'M' 'M' 'M' 'M' 'M' 'U'
 'M' 'M' 'M' 'M' 'M' 'M' 'M' 'M' 'M' 'U' 'U' 'M' 'M' 'M' 'M' 'M' 'M' 'M'
 'U' 'M' 'M' 'M' 'M' 'M' 'U' 'M' 'M' 'M' 'M' 'M' 'M' 'M' 'U' 'M' 'M' 'M'
 'M' 'M' 'M' 'M' 'M' 'U' 'U' 'U' 'U' 'U' 'U' 'M' 'U' 'M' 'U' 'M' 'M' 'M'
 'M' 'M' 'M' 'M' 'M' 'M' 'M' 'M' 'M' 'M' 'M' 'M' 'U' 'M' 'M' 'M' 'M' 'M'
 'M' 'M' 'M' 'M' 'M' 'M' 'M' 'U' 'M' 'M' 'M' 'M' 'M' 'M' 'M' 'M' 'M' 'M'
 'M' 'M' 'M' 'M' 'M' 'M' 'M' 'M' 'M' 'M' 'M' 'A' 'M' 'M' 'M' 'M' 'M' 'M']"
318501,0,164,1,163,34,0,0,"['A' 'U' 'M' 'M' 'M' 'M' 'M' 'M' 'M' 'U' 'M' 'U' 'M' 'M' 'M' 'M' 'M' 'M'
 'M' 'U' 'M' 'U' 'U' 'M' 'M' 'M' 'M' 'M' 'M' 'M' 'U' 'M' 'M' 'M' 'M' 'M'
 'M' 'M' 'M' 'U' 'M' 'M' 'M' 'U' 'M' 'M' 'M' 'M' 'M' 'M' 'M' 'M' 'M' 'M'
 'M' 'M' 'M' 'U' 'M' 'M' 'M' 'M' 'U' 'M' 'M' 'U' 'M' 'M' 'M' 'U' 'M' 'M'
 'M' 'M' 'M' 'M' 'M' 'M' 'M' 'M' 'M' 'U' 'M' 'M' 'U' 'M' 'M' 'M' 'M' 'M'
 'M' 'M' 'M' 'U' 'M' 'M' 'M' 'M' 'M' 'M' 'U' 'M' 'M' 'M' 'M' 'M' 'M' 'M'
 'U' 'M' 'M' 'M' 'M' 'M' 'U' 'M' 'M' 'M' 'M' 'M' 'M' 'M' 'U' 'M' 'M' 'M'
 'M' 'M' 'M' 'M' 'M' 'U' 'U' 'U' 'U' 'U' 'U' 'U' 'U' 'M' 'U' 'M' 'M' 'M'
 'M' 'M' 'M' 'M' 'M' 'U' 'M' 'M' 'M' 'M' 'M' 'M' 'U' 'M' 'M' 'M' 'M' 'M'
 'M' 'M' 'M' 'M' 'M' 'M' 'M' 'U' 'M' 'M' 'M' 'M' 'M' 'M' 'M' 'M' 'M' 'M'
 'M' 'M' 'M' 'U' 'M' 'M' 'M' 'M' 'M' 'M' 'M' 'U' 'M' 'M' 'M' 'M' 'M' 'M']"
318601,0,168,2,166,30,0,0,"['A' 'U' 'M' 'M' 'M' 'M' 'M' 'M' 'M' 'U' 'M' 'U' 'M' 'M' 'M' 'M' 'M' 'M'
 'M' 'M' 'U' 'U' 'U' 'M' 'M' 'M' 'M' 'M' 'M' 'M' 'U' 'M' 'U' 'M' 'M' 'M'
 'M' 'M' 'M' 'U' 'M' 'M' 'M' 'U' 'M' 'M' 'M' 'M' 'M' 'M' 'M' 'M' 'M' 'M'
 'M' 'M' 'M' 'U' 'M' 'M' 'M' 'M' 'U' 'M' 'M' 'M' 'U' 'M' 'M' 'M' 'M' 'M'
 'M' 'M' 'M' 'M' 'M' 'M' 'M' 'M' 'M' 'M' 'M' 'U' 'M' 'M' 'M' 'U' 'M' 'M'
 'M' 'M' 'U' 'M' 'U' 'M' 'M' 'M' 'M' 'M' 'U' 'M' 'M' 'M' 'M' 'M' 'M' 'M'
 'M' 'M' 'M' 'M' 'M' 'M' 'M' 'M' 'M' 'M' 'M' 'M' 'M' 'M' 'M' 'M' 'M' 'M'
 'M' 'M' 'M' 'M' 'M' 'U' 'U' 'U' 'U' 'U' 'U' 'U' 'U' 'M' 'U' 'M' 'M' 'M'
 'M' 'M' 'M' 'M' 'M' 'U' 'M' 'M' 'M' 'M' 'M' 'M' 'M' 'M' 'M' 'M' 'M' 'M'
 'M' 'M' 'M' 'M' 'M' 'M' 'M' 'A' 'M' 'M' 'M' 'M' 'M' 'M' 'M' 'M' 'M' 'M'
 'M' 'M' 'M' 'U' 'M' 'M' 'M' 'M' 'M' 'M' 'M' 'U' 'M' 'M' 'M' 'M' 'M' 'M']"
318701,0,168,4,164,30,0,0,"['A' 'U' 'M' 'M' 'M' 'M' 'U' 'M' 'M' 'A' 'M' 'U' 'M' 'M' 'M' 'M' 'M' 'U'
 'U' 'M' 'U' 'M' 'U' 'M' 'M' 'U' 'M' 'M' 'M' 'M' 'U' 'M' 'U' 'M' 'M' 'M'
 'M' 'M' 'M' 'U' 'M' 'M' 'M' 'M' 'M' 'M' 'M' 'M' 'M' 'M' 'M' 'M' 'M' 'M'
 'M' 'M' 'M' 'U' 'M' 'M' 'M' 'U' 'U' 'M' 'M' 'M' 'M' 'M' 'M' 'M' 'M' 'M'
 'M' 'M' 'M' 'M' 'U' 'U' 'M' 'M' 'U' 'M' 'M' 'M' 'M' 'M' 'U' 'M' 'M' 'U'
 'M' 'M' 'M' 'M' 'M' 'M' 'M' 'M' 'M' 'M' 'M' 'M' 'M' 'M' 'M' 'M' 'M' 'M'
 'U' 'M' 'M' 'M' 'M' 'M' 'M' 'M' 'M' 'M' 'M' 'M' 'M' 'M' 'M' 'M' 'M' 'M'
 'M' 'M' 'M' 'M' 'M' 'U' 'U' 'U' 'M' 'U' 'M' 'A' 'U' 'M' 'M' 'M' 'M' 'M'
 'M' 'M' 'M' 'M' 'M' 'U' 'M' 'M' 'M' 'M' 'M' 'M' 'M' 'M' 'M' 'M' 'M' 'M'
 'M' 'M' 'M' 'M' 'M' 'M' 'M' 'A' 'M' 'M' 'M' 'M' 'U' 'M' 'M' 'M' 'M' 'M'
 'M' 'M' 'U' 'M' 'M' 'M' 'M' 'M' 'M' 'M' 'M' 'U' 'M' 'M' 'M' 'M' 'U' 'M']"
318801,0,168,3,165,30,0,0,"['A' 'U' 'M' 'M' 'M' 'M' 'U' 'U' 'M' 'A' 'M' 'U' 'M' 'M' 'M' 'M' 'M' 'U'
 'M' 'M' 'M' 'M' 'U' 'M' 'M' 'U' 'M' 'M' 'M' 'M' 'M' 'M' 'M' 'M' 'M' 'M'
 'M' 'M' 'M' 'U' 'M' 'M' 'M' 'M' 'U' 'M' 'M' 'M' 'M' 'M' 'M' 'M' 'M' 'M'
 'M' 'U' 'M' 'U' 'M' 'M' 'M' 'U' 'U' 'M' 'M' 'M' 'M' 'M' 'M' 'U' 'M' 'M'
 'U' 'M' 'M' 'M' 'M' 'M' 'M' 'M' 'M' 'M' 'M' 'U' 'M' 'M' 'M' 'M' 'U' 'M'
 'M' 'M' 'U' 'M' 'M' 'M' 'M' 'M' 'M' 'M' 'M' 'M' 'M' 'M' 'M' 'U' 'M' 'M'
 'U' 'M' 'M' 'M' 'M' 'M' 'M' 'M' 'M' 'M' 'M' 'U' 'M' 'U' 'M' 'M' 'M' 'M'
 'M' 'M' 'M' 'M' 'M' 'M' 'M' 'U' 'M' 'U' 'M' 'U' 'M' 'M' 'M' 'A' 'M' 'M'
 'M' 'M' 'M' 'M' 'M' 'M' 'M' 'M' 'M' 'M' 'M' 'M' 'M' 'M' 'M' 'M' 'M' 'M'
 'M' 'M' 'M' 'M' 'M' 'M' 'M' 'U' 'M' 'M' 'M' 'M' 'U' 'M' 'M' 'M' 'M' 'M'
 'M' 'M' 'U' 'M' 'M' 'M' 'M' 'M' 'M' 'M' 'U' 'U' 'M' 'M' 'M' 'M' 'M' 'M']"
318901,0,169,2,167,29,0,0,"['A' 'U' 'M' 'M' 'M' 'M' 'M' 'U' 'M' 'U' 'M' 'M' 'M' 'M' 'M' 'M' 'M' 'U'
 'M' 'M' 'M' 'M' 'U' 'M' 'M' 'U' 'M' 'M' 'M' 'M' 'M' 'M' 'M' 'M' 'M' 'M'
 'M' 'M' 'M' 'M' 'M' 'M' 'M' 'M' 'U' 'M' 'M' 'M' 'M' 'M' 'M' 'M' 'M' 'M'
 'M' 'U' 'M' 'U' 'M' 'M' 'M' 'M' 'U' 'M' 'M' 'U' 'M' 'M' 'M' 'M' 'M' 'U'
 'M' 'M' 'U' 'M' 'M' 'M' 'U' 'M' 'M' 'M' 'M' 'M' 'M' 'M' 'M' 'M' 'M' 'M'
 'M' 'U' 'M' 'M' 'M' 'M' 'M' 'M' 'M' 'M' 'M' 'M' 'M' 'M' 'M' 'U' 'M' 'M'
 'M' 'M' 'M' 'M' 'M' 'M' 'M' 'M' 'M' 'M' 'M' 'U' 'M' 'U' 'M' 'M' 'M' 'M'
 'M' 'M' 'M' 'M' 'M' 'M' 'M' 'U' 'U' 'U' 'M' 'U' 'U' 'M' 'M' 'A' 'M' 'M'
 'M' 'M' 'M' 'M' 'U' 'M' 'M' 'M' 'M' 'M' 'M' 'M' 'M' 'U' 'M' 'M' 'M' 'M'
 'M' 'M' 'M' 'M' 'M' 'M' 'M' 'U' 'M' 'M' 'M' 'M' 'M' 'M' 'M' 'M' 'M' 'M'
 'M' 'M' 'U' 'M' 'M' 'M' 'M' 'M' 'M' 'M' 'U' 'U' 'M' 'M' 'M' 'M' 'M' 'M']"
319001,0,173,3,170,25,0,0,"['A' 'U' 'M' 'M' 'M' 'M' 'M' 'U' 'M' 'U' 'M' 'M' 'M' 'M' 'M' 'M' 'M' 'M'
 'M' 'M' 'M' 'M' 'U' 'M' 'M' 'U' 'M' 'M' 'M' 'M' 'M' 'M' 'M' 'M' 'M' 'M'
 'M' 'M' 'M' 'M' 'M' 'M' 'M' 'M' 'U' 'M' 'M' 'M' 'M' 'M' 'M' 'M' 'M' 'M'
 'M' 'U' 'M' 'U' 'M' 'M' 'M' 'M' 'A' 'M' 'M' 'M' 'M' 'U' 'M' 'U' 'M' 'M'
 'M' 'M' 'M' 'U' 'U' 'M' 'M' 'M' 'M' 'U' 'M' 'M' 'M' 'M' 'M' 'M' 'M' 'M'
 'M' 'M' 'M' 'M' 'M' 'M' 'M' 'M' 'M' 'M' 'M' 'U' 'M' 'M' 'M' 'U' 'M' 'M'
 'M' 'M' 'M' 'M' 'M' 'M' 'M' 'M' 'M' 'M' 'M' 'M' 'M' 'M' 'M' 'M' 'M' 'M'
 'M' 'M' 'M' 'M' 'M' 'M' 'M' 'M' 'U' 'M' 'M' 'U' 'U' 'M' 'M' 'U' 'M' 'M'
 'M' 'M' 'M' 'M' 'M' 'M' 'A' 'M' 'M' 'M' 'M' 'M' 'M' 'U' 'M' 'M' 'M' 'M'
 'M' 'M' 'M' 'M' 'M' 'M' 'M' 'U' 'M' 'M' 'M' 'M' 'M' 'M' 'M' 'M' 'M' 'M'
 'M' 'M' 'M' 'M' 'M' 'M' 'M' 'M' 'M' 'U' 'U' 'U' 'U' 'M' 'M' 'M' 'M' 'M']"
319101,0,172,3,169,26,0,0,"['A' 'M' 'M' 'U' 'M' 'M' 'M' 'U' 'M' 'U' 'M' 'M' 'M' 'M' 'M' 'M' 'M' 'M'
 'U' 'M' 'M' 'M' 'U' 'M' 'M' 'M' 'M' 'M' 'M' 'U' 'M' 'M' 'M' 'M' 'M' 'M'
 'M' 'M' 'M' 'U' 'M' 'M' 'M' 'M' 'M' 'M' 'U' 'M' 'M' 'M' 'M' 'M' 'M' 'M'
 'M' 'U' 'M' 'U' 'M' 'M' 'M' 'M' 'A' 'M' 'M' 'M' 'M' 'M' 'M' 'M' 'M' 'M'
 'M' 'M' 'U' 'U' 'M' 'M' 'M' 'M' 'U' 'M' 'M' 'M' 'M' 'U' 'U' 'M' 'M' 'M'
 'M' 'M' 'M' 'M' 'M' 'M' 'M' 'M' 'M' 'M' 'M' 'U' 'U' 'M' 'M' 'U' 'M' 'M'
 'M' 'M' 'M' 'M' 'M' 'M' 'M' 'M' 'M' 'M' 'M' 'M' 'M' 'M' 'U' 'M' 'M' 'M'
 'M' 'M' 'M' 'M' 'M' 'M' 'M' 'M' 'U' 'M' 'M' 'M' 'U' 'M' 'M' 'U' 'M' 'M'
 'M' 'M' 'M' 'M' 'M' 'M' 'A' 'M' 'M' 'M' 'M' 'M' 'M' 'M' 'M' 'M' 'M' 'M'
 'M' 'M' 'M' 'M' 'M' 'M' 'M' 'U' 'M' 'M' 'M' 'M' 'M' 'M' 'M' 'M' 'M' 'M'
 'M' 'M' 'M' 'M' 'M' 'M' 'M' 'M' 'M' 'M' 'U' 'U' 'U' 'M' 'M' 'M' 'M' 'M']"
319201,0,173,3,170,25,0,0,"['A' 'M' 'M' 'U' 'M' 'M' 'M' 'U' 'M' 'M' 'M' 'M' 'M' 'M' 'U' 'M' 'M' 'M'
 'U' 'M' 'M' 'M' 'U' 'M' 'U' 'M' 'U' 'M' 'M' 'U' 'M' 'M' 'M' 'M' 'U' 'M'
 'M' 'M' 'M' 'U' 'M' 'M' 'M' 'M' 'M' 'M' 'M' 'M' 'M' 'M' 'M' 'M' 'M' 'M'
 'M' 'U' 'M' 'M' 'M' 'M' 'M' 'M' 'A' 'M' 'M' 'M' 'M' 'M' 'M' 'M' 'M' 'U'
 'M' 'M' 'M' 'M' 'M' 'M' 'M' 'M' 'M' 'U' 'M' 'M' 'U' 'M' 'M' 'U' 'M' 'M'
 'U' 'M' 'M' 'M' 'M' 'M' 'M' 'M' 'M' 'M' 'M' 'U' 'U' 'M' 'M' 'M' 'M' 'M'
 'M' 'M' 'M' 'M' 'M' 'M' 'M' 'M' 'M' 'M' 'M' 'M' 'M' 'M' 'U' 'M' 'M' 'M'
 'M' 'M' 'M' 'M' 'M' 'M' 'M' 'M' 'U' 'U' 'M' 'M' 'U' 'M' 'M' 'U' 'M' 'M'
 'M' 'M' 'M' 'M' 'M' 'M' 'A' 'M' 'M' 'M' 'M' 'M' 'M' 'M' 'M' 'M' 'M' 'M'
 'M' 'M' 'M' 'M' 'M' 'M' 'M' 'M' 'M' 'M' 'M' 'M' 'M' 'M' 'M' 'M' 'U' 'M'
 'U' 'M' 'M' 'M' 'M' 'M' 'M' 'M' 'M' 'M' 'M' 'M' 'M' 'M' 'M' 'M' 'M' 'M']"
319301,0,166,2,164,32,0,0,"['A' 'M' 'M' 'M' 'M' 'U' 'M' 'U' 'M' 'M' 'M' 'M' 'M' 'M' 'M' 'U' 'M' 'M'
 'U' 'M' 'M' 'M' 'U' 'M' 'U' 'M' 'U' 'M' 'M' 'M' 'M' 'M' 'M' 'M' 'M' 'M'
 'M' 'M' 'M' 'M' 'M' 'M' 'M' 'M' 'M' 'M' 'M' 'M' 'M' 'M' 'M' 'U' 'M' 'M'
 'M' 'U' 'M' 'M' 'M' 'M' 'M' 'M' 'U' 'M' 'M' 'U' 'M' 'M' 'M' 'M' 'M' 'M'
 'M' 'M' 'U' 'M' 'M' 'M' 'U' 'M' 'U' 'M' 'M' 'M' 'M' 'M' 'M' 'U' 'M' 'M'
 'M' 'M' 'M' 'M' 'M' 'M' 'M' 'M' 'U' 'M' 'M' 'U' 'U' 'M' 'M' 'M' 'M' 'M'
 'M' 'M' 'M' 'M' 'M' 'M' 'M' 'M' 'M' 'M' 'M' 'M' 'M' 'M' 'U' 'M' 'M' 'U'
 'M' 'M' 'M' 'M' 'M' 'M' 'U' 'U' 'U' 'U' 'U' 'U' 'U' 'M' 'M' 'U' 'U' 'M'
 'M' 'M' 'M' 'M' 'M' 'M' 'A' 'M' 'M' 'M' 'M' 'M' 'M' 'M' 'M' 'M' 'M' 'M'
 'M' 'M' 'M' 'M' 'U' 'M' 'M' 'M' 'M' 'M' 'M' 'M' 'M' 'M' 'M' 'M' 'M' 'M'
 'U' 'M' 'M' 'M' 'M' 'M' 'M' 'U' 'M' 'M' 'M' 'M' 'M' 'M' 'M' 'M' 'M' 'M']"
319401,0,169,4,165,29,0,0,"['A' 'M' 'M' 'M' 'U' 'U' 'M' 'U' 'M' 'M' 'M' 'M' 'M' 'M' 'M' 'U' 'M' 'M'
 'U' 'M' 'M' 'M' 'U' 'U' 'U' 'M' 'U' 'M' 'M' 'M' 'M' 'M' 'M' 'M' 'M' 'M'
 'M' 'M' 'M' 'M' 'M' 'M' 'M' 'M' 'M' 'M' 'M' 'M' 'M' 'M' 'M' 'U' 'M' 'M'
 'M' 'U' 'M' 'M' 'M' 'M' 'M' 'M' 'U' 'M' 'M' 'M' 'M' 'M' 'M' 'M' 'M' 'M'
 'M' 'M' 'M' 'M' 'M' 'M' 'M' 'U' 'M' 'U' 'M' 'M' 'M' 'U' 'M' 'M' 'M' 'M'
 'M' 'M' 'U' 'M' 'U' 'M' 'M' 'M' 'A' 'M' 'M' 'A' 'U' 'M' 'M' 'M' 'M' 'M'
 'M' 'M' 'M' 'M' 'M' 'M' 'M' 'M' 'M' 'M' 'M' 'M' 'M' 'M' 'U' 'M' 'M' 'M'
 'M' 'M' 'M' 'U' 'M' 'M' 'U' 'U' 'U' 'U' 'M' 'M' 'U' 'M' 'M' 'U' 'M' 'M'
 'M' 'M' 'M' 'M' 'M' 'M' 'A' 'M' 'M' 'M' 'M' 'M' 'M' 'M' 'M' 'M' 'M' 'M'
 'M' 'M' 'M' 'M' 'U' 'M' 'M' 'M' 'M' 'M' 'M' 'M' 'M' 'M' 'M' 'M' 'M' 'M'
 'M' 'U' 'M' 'M' 'M' 'M' 'M' 'U' 'M' 'M' 'M' 'M' 'M' 'M' 'M' 'M' 'M' 'M']"
319501,0,165,4,161,33,1,0,"['A' 'U' 'M' 'M' 'U' 'M' 'M' 'U' 'M' 'M' 'M' 'M' 'M' 'M' 'U' 'M' 'M' 'M'
 'U' 'M' 'M' 'M' 'U' 'M' 'U' 'M' 'U' 'M' 'M' 'M' 'M' 'U' 'M' 'M' 'M' 'M'
 'M' 'U' 'M' 'M' 'M' 'M' 'M' 'M' 'M' 'M' 'M' 'M' 'M' 'M' 'M' 'U' 'M' 'M'
 'M' 'U' 'M' 'M' 'M' 'M' 'M' 'M' 'U' 'M' 'M' 'M' 'M' 'M' 'M' 'U' 'M' 'M'
 'M' 'U' 'M' 'M' 'M' 'M' 'M' 'M' 'M' 'M' 'M' 'M' 'M' 'U' 'U' 'M' 'U' 'M'
 'M' 'M' 'M' 'M' 'M' 'M' 'M' 'M' 'A' 'M' 'M' 'A' 'U' 'M' 'M' 'M' 'M' 'M'
 'M' 'M' 'M' 'M' 'M' 'M' 'M' 'M' 'M' 'M' 'M' 'M' 'M' 'M' 'U' 'M' 'M' 'M'
 'M' 'M' 'M' 'U' 'M' 'M' 'U' 'U' 'M' 'U' 'U' 'U' 'U' 'M' 'M' 'U' 'M' 'M'
 'M' 'M' 'M' 'M' 'M' 'M' 'A' 'M' 'M' 'M' 'M' 'M' 'M' 'M' 'M' 'M' 'M' 'M'
 'M' 'M' 'M' 'U' 'M' 'U' 'M' 'M' 'M' 'M' 'M' 'M' 'U' 'M' 'M' 'U' 'M' 'M'
 'M' 'M' 'M' 'M' 'M' 'M' 'U' 'M' 'M' 'M' 'M' 'M' 'M' 'M' 'M' 'M' 'M' 'M']"
319601,0,163,5,158,35,0,0,"['A' 'U' 'M' 'M' 'U' 'M' 'M' 'U' 'M' 'M' 'M' 'M' 'M' 'M' 'U' 'M' 'M' 'M'
 'U' 'M' 'M' 'M' 'U' 'M' 'U' 'M' 'U' 'M' 'M' 'M' 'M' 'A' 'M' 'M' 'U' 'M'
 'M' 'U' 'M' 'M' 'M' 'M' 'M' 'M' 'M' 'M' 'M' 'M' 'M' 'M' 'M' 'U' 'M' 'M'
 'U' 'U' 'M' 'M' 'M' 'M' 'M' 'M' 'M' 'M' 'M' 'U' 'M' 'M' 'U' 'M' 'M' 'U'
 'M' 'M' 'M' 'M' 'U' 'M' 'M' 'M' 'M' 'M' 'M' 'M' 'M' 'U' 'M' 'M' 'M' 'M'
 'M' 'M' 'M' 'M' 'M' 'M' 'M' 'M' 'A' 'M' 'M' 'A' 'A' 'M' 'M' 'M' 'M' 'M'
 'M' 'M' 'M' 'M' 'M' 'M' 'M' 'M' 'M' 'M' 'M' 'M' 'U' 'M' 'U' 'M' 'M' 'U'
 'M' 'M' 'M' 'U' 'M' 'M' 'M' 'U' 'M' 'U' 'U' 'U' 'U' 'M' 'M' 'U' 'M' 'M'
 'M' 'M' 'M' 'M' 'U' 'M' 'U' 'M' 'M' 'M' 'M' 'M' 'M' 'M' 'M' 'M' 'M' 'M'
 'M' 'M' 'M' 'M' 'M' 'U' 'M' 'M' 'M' 'M' 'U' 'M' 'U' 'M' 'M' 'U' 'M' 'M'
 'M' 'M' 'M' 'M' 'M' 'M' 'U' 'M' 'M' 'M' 'M' 'M' 'M' 'M' 'M' 'M' 'M' 'M']"
319701,0,165,5,160,33,0,0,"['A' 'U' 'M' 'M' 'M' 'M' 'M' 'M' 'M' 'M' 'M' 'M' 'M' 'M' 'A' 'M' 'U' 'M'
 'M' 'M' 'M' 'M' 'M' 'M' 'U' 'M' 'U' 'M' 'M' 'M' 'M' 'A' 'M' 'M' 'U' 'M'
 'M' 'M' 'U' 'M' 'M' 'M' 'M' 'M' 'M' 'M' 'M' 'M' 'M' 'M' 'M' 'M' 'U' 'M'
 'U' 'U' 'M' 'M' 'M' 'M' 'M' 'U' 'M' 'M' 'U' 'M' 'M' 'M' 'M' 'M' 'M' 'M'
 'M' 'U' 'U' 'M' 'M' 'U' 'M' 'M' 'M' 'M' 'U' 'M' 'M' 'M' 'M' 'M' 'M' 'M'
 'U' 'M' 'M' 'M' 'M' 'M' 'M' 'M' 'A' 'M' 'M' 'U' 'A' 'M' 'M' 'M' 'M' 'M'
 'U' 'M' 'M' 'M' 'M' 'M' 'M' 'M' 'M' 'M' 'M' 'M' 'U' 'M' 'U' 'M' 'M' 'M'
 'M' 'M' 'M' 'U' 'M' 'M' 'M' 'U' 'M' 'M' 'M' 'U' 'M' 'M' 'M' 'M' 'M' 'M'
 'M' 'M' 'M' 'M' 'M' 'M' 'U' 'M' 'M' 'M' 'M' 'M' 'U' 'M' 'M' 'M' 'M' 'M'
 'M' 'M' 'M' 'M' 'M' 'U' 'M' 'M' 'M' 'M' 'U' 'M' 'U' 'M' 'M' 'U' 'M' 'U'
 'M' 'M' 'M' 'U' 'M' 'M' 'U' 'M' 'U' 'M' 'M' 'M' 'M' 'M' 'M' 'M' 'M' 'M']"
319801,1,159,5,154,39,0,0,"['A' 'U' 'M' 'M' 'M' 'M' 'M' 'M' 'M' 'M' 'M' 'M' 'M' 'M' 'U' 'M' 'U' 'M'
 'M' 'M' 'M' 'M' 'M' 'M' 'U' 'M' 'M' 'M' 'M' 'M' 'M' 'A' 'M' 'M' 'M' 'M'
 'M' 'M' 'U' 'M' 'M' 'M' 'M' 'M' 'U' 'M' 'M' 'M' 'M' 'M' 'M' 'M' 'U' 'M'
 'U' 'U' 'M' 'M' 'M' 'M' 'M' 'U' 'M' 'M' 'U' 'U' 'M' 'M' 'M' 'M' 'M' 'M'
 'M' 'M' 'M' 'M' 'M' 'M' 'M' 'M' 'M' 'U' 'M' 'M' 'U' 'M' 'M' 'U' 'M' 'M'
 'U' 'M' 'M' 'M' 'M' 'M' 'M' 'M' 'A' 'M' 'M' 'M' 'A' 'M' 'M' 'U' 'M' 'U'
 'U' 'M' 'U' 'M' 'M' 'M' 'M' 'M' 'M' 'M' 'M' 'M' 'U' 'M' 'U' 'M' 'M' 'M'
 'M' 'M' 'M' 'U' 'M' 'U' 'U' 'U' 'U' 'U' 'M' 'U' 'U' 'M' 'M' 'M' 'U' 'M'
 'M' 'M' 'M' 'M' 'M' 'M' 'U' 'M' 'M' 'M' 'M' 'M' 'M' 'M' 'M' 'M' 'M' 'M'
 'M' 'M' 'M' 'M' 'M' 'M' 'M' 'M' 'M' 'M' 'U' 'M' 'U' 'M' 'M' 'U' 'U' 'A'
 'M' 'M' 'M' 'U' 'M' 'M' 'U' 'M' 'U' 'M' 'M' 'M' 'M' 'M' 'M' 'M' 'M' 'M']"
319901,0,157,5,152,41,0,0,"['A' 'U' 'M' 'M' 'M' 'M' 'M' 'M' 'M' 'M' 'M' 'M' 'M' 'M' 'U' 'M' 'M' 'M'
 'M' 'M' 'U' 'M' 'M' 'M' 'U' 'U' 'M' 'M' 'M' 'M' 'M' 'A' 'M' 'M' 'M' 'M'
 'M' 'M' 'U' 'U' 'M' 'M' 'M' 'M' 'U' 'M' 'M' 'M' 'M' 'M' 'M' 'M' 'M' 'M'
 'U' 'U' 'M' 'M' 'U' 'M' 'M' 'U' 'M' 'M' 'U' 'M' 'M' 'M' 'M' 'M' 'M' 'M'
 'M' 'M' 'U' 'M' 'M' 'M' 'M' 'U' 'M' 'M' 'U' 'M' 'M' 'M' 'M' 'M' 'M' 'M'
 'M' 'M' 'U' 'M' 'U' 'M' 'M' 'M' 'A' 'M' 'M' 'M' 'A' 'M' 'M' 'U' 'M' 'U'
 'U' 'M' 'U' 'M' 'M' 'M' 'M' 'M' 'M' 'M' 'M' 'M' 'U' 'M' 'U' 'M' 'M' 'M'
 'M' 'M' 'M' 'U' 'M' 'U' 'U' 'M' 'U' 'U' 'M' 'U' 'U' 'M' 'M' 'M' 'M' 'M'
 'M' 'M' 'M' 'M' 'M' 'M' 'U' 'M' 'M' 'M' 'M' 'M' 'M' 'U' 'U' 'M' 'M' 'M'
 'M' 'M' 'M' 'M' 'M' 'M' 'M' 'M' 'M' 'M' 'U' 'M' 'U' 'M' 'M' 'U' 'M' 'A'
 'M' 'U' 'M' 'U' 'M' 'M' 'U' 'M' 'U' 'M' 'M' 'M' 'M' 'M' 'M' 'M' 'M' 'M']"
320001,0,157,3,154,41,0,0,"['A' 'U' 'M' 'M' 'M' 'M' 'M' 'M' 'M' 'M' 'M' 'M' 'M' 'M' 'U' 'M' 'M' 'M'
 'M' 'M' 'U' 'M' 'M' 'M' 'U' 'M' 'M' 'M' 'M' 'M' 'M' 'U' 'M' 'M' 'M' 'M'
 'M' 'M' 'U' 'U' 'M' 'M' 'M' 'M' 'U' 'M' 'M' 'M' 'M' 'M' 'M' 'M' 'M' 'U'
 'U' 'U' 'M' 'M' 'U' 'M' 'M' 'U' 'M' 'M' 'M' 'M' 'M' 'M' 'M' 'M' 'M' 'M'
 'M' 'U' 'M' 'M' 'M' 'M' 'M' 'M' 'M' 'U' 'M' 'M' 'M' 'M' 'M' 'M' 'U' 'U'
 'M' 'U' 'M' 'M' 'M' 'M' 'M' 'M' 'U' 'M' 'M' 'M' 'U' 'M' 'M' 'M' 'M' 'U'
 'U' 'M' 'U' 'M' 'M' 'M' 'M' 'M' 'M' 'M' 'M' 'M' 'U' 'M' 'U' 'M' 'M' 'M'
 'M' 'M' 'M' 'U' 'M' 'U' 'U' 'M' 'A' 'U' 'M' 'U' 'M' 'M' 'M' 'M' 'M' 'M'
 'M' 'M' 'U' 'M' 'M' 'M' 'U' 'M' 'M' 'M' 'M' 'M' 'M' 'U' 'U' 'U' 'M' 'M'
 'M' 'M' 'M' 'M' 'M' 'M' 'M' 'M' 'M' 'M' 'M' 'M' 'U' 'M' 'M' 'A' 'M' 'U'
 'M' 'U' 'M' 'U' 'M' 'M' 'U' 'M' 'U' 'M' 'M' 'M' 'M' 'M' 'M' 'M' 'M' 'M']"
320101,0,152,3,149,46,0,0,"['A' 'M' 'M' 'M' 'M' 'M' 'M' 'M' 'M' 'M' 'M' 'M' 'M' 'M' 'M' 'M' 'M' 'M'
 'U' 'M' 'U' 'U' 'M' 'M' 'U' 'U' 'M' 'M' 'M' 'M' 'M' 'U' 'M' 'M' 'M' 'M'
 'M' 'M' 'U' 'U' 'M' 'M' 'M' 'M' 'U' 'M' 'M' 'M' 'M' 'M' 'M' 'M' 'M' 'M'
 'U' 'U' 'M' 'M' 'U' 'M' 'M' 'U' 'M' 'M' 'M' 'M' 'M' 'U' 'M' 'U' 'M' 'M'
 'M' 'M' 'M' 'U' 'M' 'M' 'M' 'M' 'M' 'M' 'M' 'M' 'U' 'M' 'M' 'M' 'M' 'M'
 'U' 'M' 'M' 'M' 'M' 'M' 'M' 'M' 'M' 'M' 'M' 'M' 'U' 'M' 'M' 'M' 'M' 'U'
 'M' 'M' 'U' 'M' 'M' 'M' 'M' 'M' 'M' 'M' 'M' 'M' 'U' 'M' 'U' 'M' 'M' 'M'
 'U' 'M' 'U' 'U' 'M' 'U' 'M' 'U' 'A' 'U' 'U' 'U' 'U' 'U' 'M' 'M' 'M' 'M'
 'M' 'M' 'U' 'M' 'M' 'M' 'U' 'U' 'M' 'M' 'U' 'M' 'M' 'U' 'U' 'U' 'M' 'M'
 'M' 'M' 'M' 'M' 'M' 'M' 'M' 'M' 'M' 'M' 'M' 'M' 'U' 'M' 'M' 'A' 'M' 'U'
 'U' 'U' 'M' 'U' 'M' 'M' 'U' 'M' 'M' 'M' 'M' 'M' 'M' 'M' 'M' 'M' 'M' 'M']"
320201,0,159,3,156,39,0,0,"['A' 'M' 'M' 'M' 'M' 'M' 'M' 'M' 'M' 'M' 'M' 'M' 'M' 'M' 'M' 'M' 'U' 'M'
 'U' 'M' 'U' 'U' 'M' 'M' 'U' 'U' 'M' 'M' 'M' 'M' 'M' 'M' 'M' 'M' 'M' 'M'
 'M' 'M' 'U' 'M' 'M' 'M' 'M' 'M' 'U' 'M' 'M' 'M' 'M' 'M' 'M' 'M' 'M' 'M'
 'U' 'U' 'M' 'M' 'U' 'M' 'M' 'M' 'U' 'M' 'M' 'M' 'U' 'M' 'M' 'M' 'M' 'U'
 'M' 'M' 'M' 'M' 'M' 'M' 'M' 'M' 'M' 'U' 'M' 'M' 'M' 'U' 'M' 'M' 'M' 'M'
 'M' 'M' 'M' 'U' 'M' 'M' 'M' 'M' 'M' 'M' 'M' 'M' 'U' 'M' 'M' 'M' 'M' 'M'
 'U' 'M' 'U' 'M' 'M' 'M' 'M' 'M' 'M' 'M' 'M' 'M' 'M' 'M' 'M' 'M' 'M' 'M'
 'U' 'M' 'U' 'U' 'M' 'U' 'M' 'M' 'A' 'U' 'U' 'U' 'U' 'U' 'M' 'M' 'M' 'M'
 'M' 'M' 'U' 'M' 'M' 'M' 'M' 'U' 'M' 'M' 'U' 'M' 'M' 'U' 'U' 'U' 'M' 'M'
 'M' 'M' 'M' 'M' 'M' 'M' 'M' 'M' 'M' 'M' 'U' 'M' 'U' 'M' 'M' 'A' 'M' 'M'
 'U' 'U' 'M' 'M' 'M' 'M' 'M' 'M' 'M' 'M' 'M' 'M' 'M' 'M' 'M' 'M' 'M' 'M']"
320301,0,154,2,152,44,0,0,"['A' 'M' 'U' 'M' 'M' 'M' 'M' 'M' 'M' 'M' 'M' 'M' 'M' 'M' 'M' 'M' 'U' 'M'
 'M' 'M' 'U' 'M' 'M' 'M' 'U' 'U' 'M' 'M' 'U' 'M' 'M' 'M' 'U' 'M' 'M' 'M'
 'M' 'M' 'U' 'M' 'M' 'M' 'M' 'M' 'U' 'M' 'M' 'M' 'M' 'M' 'M' 'M' 'M' 'M'
 'U' 'U' 'M' 'M' 'M' 'M' 'M' 'M' 'U' 'M' 'M' 'M' 'M' 'U' 'M' 'M' 'M' 'M'
 'M' 'M' 'M' 'M' 'M' 'M' 'M' 'U' 'U' 'M' 'M' 'M' 'U' 'M' 'M' 'M' 'M' 'M'
 'M' 'U' 'M' 'M' 'M' 'M' 'U' 'M' 'M' 'M' 'M' 'M' 'U' 'M' 'M' 'U' 'M' 'M'
 'M' 'M' 'U' 'M' 'M' 'M' 'M' 'M' 'M' 'M' 'M' 'M' 'M' 'M' 'M' 'M' 'M' 'M'
 'U' 'M' 'U' 'U' 'M' 'U' 'U' 'U' 'A' 'U' 'U' 'U' 'U' 'U' 'M' 'M' 'M' 'M'
 'M' 'M' 'U' 'M' 'M' 'M' 'M' 'U' 'M' 'M' 'U' 'M' 'M' 'U' 'M' 'U' 'M' 'M'
 'M' 'M' 'M' 'M' 'M' 'M' 'M' 'M' 'M' 'M' 'U' 'U' 'U' 'M' 'M' 'U' 'M' 'M'
 'U' 'U' 'M' 'M' 'M' 'M' 'M' 'M' 'M' 'M' 'M' 'M' 'U' 'M' 'M' 'M' 'M' 'M']"
320401,0,163,4,159,35,0,0,"['A' 'M' 'M' 'M' 'M' 'M' 'M' 'M' 'M' 'M' 'M' 'M' 'M' 'M' 'M' 'M' 'U' 'M'
 'M' 'M' 'M' 'M' 'M' 'M' 'U' 'M' 'M' 'M' 'M' 'M' 'M' 'M' 'M' 'M' 'M' 'M'
 'M' 'M' 'M' 'M' 'M' 'M' 'M' 'M' 'U' 'M' 'M' 'M' 'M' 'M' 'M' 'M' 'M' 'M'
 'U' 'M' 'M' 'M' 'M' 'M' 'M' 'M' 'U' 'M' 'M' 'M' 'M' 'M' 'U' 'M' 'M' 'M'
 'M' 'M' 'M' 'M' 'U' 'M' 'M' 'M' 'M' 'U' 'M' 'M' 'M' 'M' 'U' 'M' 'M' 'M'
 'M' 'U' 'M' 'M' 'M' 'M' 'M' 'M' 'M' 'M' 'M' 'M' 'U' 'M' 'M' 'U' 'A' 'M'
 'M' 'M' 'U' 'U' 'M' 'M' 'M' 'M' 'M' 'M' 'M' 'M' 'M' 'M' 'M' 'M' 'M' 'M'
 'A' 'U' 'U' 'U' 'M' 'U' 'U' 'U' 'M' 'U' 'A' 'U' 'U' 'M' 'M' 'M' 'M' 'M'
 'M' 'M' 'U' 'M' 'M' 'M' 'M' 'M' 'M' 'M' 'U' 'M' 'M' 'M' 'M' 'U' 'M' 'M'
 'M' 'M' 'M' 'U' 'M' 'M' 'M' 'U' 'M' 'M' 'U' 'M' 'U' 'M' 'M' 'U' 'M' 'M'
 'U' 'U' 'M' 'M' 'M' 'M' 'M' 'M' 'M' 'M' 'M' 'M' 'U' 'U' 'M' 'M' 'M' 'M']"
320501,0,164,4,160,34,0,0,"['A' 'U' 'U' 'M' 'M' 'M' 'M' 'M' 'M' 'M' 'M' 'M' 'M' 'M' 'M' 'M' 'U' 'M'
 'M' 'M' 'M' 'M' 'M' 'M' 'M' 'M' 'M' 'M' 'M' 'M' 'U' 'M' 'M' 'M' 'M' 'M'
 'M' 'M' 'M' 'U' 'M' 'M' 'M' 'M' 'U' 'M' 'M' 'M' 'M' 'M' 'M' 'M' 'M' 'M'
 'U' 'M' 'M' 'M' 'M' 'M' 'M' 'M' 'U' 'M' 'M' 'M' 'U' 'M' 'M' 'M' 'M' 'M'
 'M' 'M' 'U' 'M' 'M' 'M' 'M' 'M' 'M' 'M' 'M' 'M' 'M' 'M' 'U' 'M' 'M' 'M'
 'M' 'U' 'U' 'M' 'M' 'M' 'M' 'M' 'M' 'M' 'M' 'M' 'U' 'M' 'M' 'M' 'A' 'M'
 'M' 'M' 'U' 'U' 'U' 'M' 'M' 'M' 'M' 'M' 'M' 'M' 'M' 'M' 'M' 'M' 'M' 'M'
 'A' 'U' 'M' 'U' 'M' 'U' 'M' 'U' 'M' 'U' 'A' 'U' 'U' 'M' 'M' 'M' 'M' 'M'
 'M' 'M' 'M' 'M' 'M' 'M' 'M' 'M' 'M' 'M' 'U' 'M' 'M' 'M' 'M' 'U' 'M' 'M'
 'M' 'M' 'M' 'U' 'M' 'M' 'M' 'U' 'M' 'M' 'M' 'M' 'U' 'M' 'M' 'U' 'M' 'M'
 'U' 'U' 'M' 'M' 'M' 'M' 'M' 'M' 'M' 'M' 'M' 'M' 'U' 'U' 'M' 'M' 'M' 'M']"
320601,0,161,2,159,37,1,0,"['A' 'U' 'U' 'M' 'M' 'M' 'M' 'M' 'M' 'M' 'M' 'M' 'M' 'M' 'M' 'M' 'U' 'M'
 'M' 'M' 'M' 'M' 'M' 'M' 'M' 'M' 'M' 'M' 'M' 'M' 'U' 'M' 'M' 'M' 'M' 'M'
 'M' 'M' 'M' 'U' 'M' 'M' 'M' 'M' 'M' 'M' 'M' 'M' 'M' 'M' 'M' 'M' 'U' 'M'
 'U' 'U' 'M' 'M' 'M' 'M' 'M' 'M' 'U' 'M' 'M' 'M' 'M' 'M' 'M' 'M' 'M' 'M'
 'U' 'M' 'M' 'M' 'M' 'M' 'M' 'U' 'M' 'M' 'M' 'M' 'M' 'M' 'M' 'M' 'U' 'M'
 'M' 'U' 'M' 'U' 'M' 'M' 'M' 'M' 'M' 'U' 'M' 'M' 'M' 'M' 'U' 'M' 'U' 'M'
 'M' 'M' 'U' 'M' 'U' 'M' 'M' 'M' 'M' 'M' 'M' 'M' 'M' 'M' 'M' 'M' 'M' 'M'
 'U' 'M' 'M' 'U' 'M' 'U' 'M' 'U' 'U' 'U' 'A' 'U' 'M' 'M' 'M' 'M' 'M' 'M'
 'M' 'M' 'M' 'M' 'M' 'M' 'M' 'M' 'M' 'M' 'M' 'M' 'U' 'M' 'M' 'U' 'M' 'M'
 'M' 'M' 'U' 'U' 'M' 'M' 'U' 'U' 'M' 'M' 'M' 'M' 'U' 'M' 'M' 'U' 'M' 'M'
 'U' 'U' 'M' 'M' 'M' 'M' 'M' 'M' 'M' 'M' 'M' 'M' 'M' 'U' 'M' 'M' 'M' 'M']"
320701,0,161,2,159,37,0,0,"['A' 'M' 'U' 'M' 'M' 'M' 'M' 'M' 'M' 'M' 'M' 'U' 'M' 'M' 'M' 'M' 'U' 'M'
 'M' 'M' 'M' 'M' 'M' 'M' 'M' 'M' 'M' 'M' 'M' 'M' 'U' 'M' 'M' 'M' 'U' 'M'
 'M' 'M' 'M' 'U' 'M' 'M' 'M' 'M' 'M' 'M' 'M' 'M' 'M' 'M' 'M' 'M' 'U' 'M'
 'U' 'U' 'M' 'M' 'M' 'M' 'M' 'M' 'U' 'M' 'M' 'M' 'M' 'M' 'U' 'M' 'M' 'M'
 'M' 'M' 'M' 'M' 'M' 'M' 'M' 'U' 'M' 'M' 'U' 'M' 'U' 'M' 'U' 'M' 'M' 'M'
 'M' 'M' 'M' 'M' 'M' 'M' 'M' 'M' 'U' 'U' 'M' 'M' 'M' 'M' 'U' 'M' 'U' 'M'
 'M' 'M' 'U' 'M' 'U' 'M' 'U' 'M' 'M' 'M' 'M' 'M' 'M' 'M' 'M' 'M' 'U' 'M'
 'M' 'M' 'M' 'M' 'M' 'M' 'M' 'U' 'U' 'U' 'A' 'U' 'M' 'M' 'M' 'M' 'M' 'M'
 'M' 'M' 'M' 'M' 'M' 'M' 'M' 'M' 'M' 'M' 'M' 'M' 'U' 'M' 'M' 'U' 'M' 'M'
 'M' 'M' 'U' 'U' 'M' 'M' 'U' 'U' 'U' 'M' 'M' 'M' 'U' 'M' 'M' 'M' 'M' 'M'
 'U' 'M' 'M' 'M' 'M' 'U' 'M' 'M' 'M' 'M' 'M' 'M' 'M' 'M' 'M' 'M' 'M' 'M']"
320801,0,165,2,163,33,0,0,"['A' 'M' 'U' 'M' 'M' 'U' 'M' 'M' 'M' 'M' 'M' 'U' 'M' 'U' 'M' 'M' 'U' 'M'
 'M' 'M' 'M' 'M' 'M' 'M' 'M' 'M' 'M' 'M' 'M' 'M' 'M' 'M' 'M' 'M' 'M' 'M'
 'M' 'M' 'M' 'M' 'M' 'M' 'M' 'M' 'M' 'M' 'M' 'M' 'M' 'M' 'M' 'M' 'U' 'M'
 'U' 'U' 'M' 'M' 'M' 'M' 'M' 'M' 'U' 'M' 'M' 'M' 'M' 'U' 'M' 'M' 'M' 'M'
 'M' 'M' 'M' 'M' 'M' 'U' 'U' 'M' 'M' 'M' 'M' 'M' 'U' 'M' 'M' 'M' 'U' 'M'
 'M' 'M' 'M' 'M' 'M' 'M' 'M' 'M' 'U' 'M' 'M' 'M' 'M' 'M' 'U' 'M' 'U' 'M'
 'M' 'M' 'U' 'M' 'M' 'M' 'U' 'M' 'M' 'M' 'M' 'M' 'M' 'M' 'M' 'M' 'U' 'M'
 'M' 'M' 'M' 'M' 'M' 'M' 'M' 'U' 'U' 'M' 'A' 'U' 'U' 'M' 'M' 'M' 'M' 'M'
 'M' 'M' 'M' 'U' 'M' 'M' 'M' 'M' 'M' 'M' 'M' 'M' 'M' 'M' 'M' 'U' 'M' 'M'
 'M' 'M' 'U' 'M' 'M' 'M' 'U' 'U' 'U' 'M' 'M' 'M' 'U' 'M' 'M' 'M' 'M' 'M'
 'U' 'M' 'M' 'M' 'M' 'U' 'M' 'M' 'M' 'M' 'M' 'M' 'M' 'M' 'M' 'M' 'M' 'M']"
320901,0,173,3,170,25,0,0,"['A' 'M' 'M' 'M' 'M' 'M' 'M' 'M' 'M' 'M' 'M' 'M' 'M' 'M' 'M' 'M' 'U' 'M'
 'M' 'M' 'M' 'M' 'M' 'M' 'M' 'M' 'M' 'M' 'M' 'M' 'M' 'M' 'M' 'M' 'M' 'M'
 'M' 'M' 'U' 'M' 'U' 'M' 'M' 'M' 'M' 'M' 'M' 'M' 'M' 'M' 'M' 'M' 'U' 'M'
 'U' 'U' 'M' 'M' 'M' 'M' 'M' 'M' 'A' 'M' 'M' 'M' 'M' 'M' 'U' 'U' 'M' 'U'
 'M' 'M' 'M' 'M' 'M' 'M' 'M' 'M' 'M' 'M' 'U' 'M' 'M' 'M' 'M' 'M' 'M' 'M'
 'M' 'U' 'M' 'M' 'M' 'M' 'M' 'M' 'U' 'M' 'M' 'M' 'M' 'M' 'M' 'M' 'M' 'M'
 'M' 'M' 'U' 'M' 'M' 'M' 'U' 'M' 'M' 'U' 'M' 'M' 'M' 'M' 'M' 'M' 'M' 'M'
 'M' 'M' 'M' 'M' 'M' 'M' 'M' 'M' 'U' 'M' 'A' 'U' 'M' 'M' 'M' 'M' 'M' 'U'
 'M' 'M' 'M' 'M' 'M' 'M' 'M' 'M' 'M' 'M' 'M' 'M' 'M' 'M' 'M' 'U' 'M' 'M'
 'M' 'M' 'U' 'M' 'M' 'M' 'U' 'U' 'U' 'M' 'M' 'M' 'M' 'M' 'M' 'M' 'M' 'M'
 'M' 'M' 'M' 'M' 'M' 'M' 'M' 'M' 'M' 'M' 'M' 'M' 'M' 'M' 'U' 'U' 'M' 'M']"
321001,0,174,6,168,24,0,0,"['A' 'M' 'M' 'M' 'M' 'M' 'M' 'M' 'M' 'M' 'M' 'M' 'M' 'M' 'M' 'M' 'U' 'M'
 'M' 'M' 'M' 'M' 'M' 'M' 'M' 'M' 'M' 'M' 'M' 'U' 'U' 'M' 'M' 'M' 'M' 'M'
 'M' 'M' 'U' 'M' 'A' 'M' 'M' 'M' 'M' 'M' 'M' 'M' 'M' 'M' 'M' 'M' 'U' 'M'
 'U' 'M' 'M' 'M' 'M' 'M' 'M' 'M' 'A' 'M' 'M' 'M' 'U' 'M' 'M' 'M' 'M' 'M'
 'M' 'M' 'U' 'U' 'M' 'M' 'M' 'M' 'M' 'M' 'M' 'U' 'M' 'M' 'M' 'U' 'M' 'M'
 'M' 'M' 'M' 'M' 'M' 'M' 'M' 'M' 'U' 'M' 'M' 'M' 'M' 'M' 'M' 'M' 'M' 'M'
 'M' 'M' 'A' 'M' 'M' 'M' 'M' 'M' 'M' 'M' 'M' 'U' 'M' 'M' 'M' 'M' 'M' 'M'
 'M' 'M' 'M' 'M' 'M' 'M' 'M' 'U' 'M' 'M' 'A' 'U' 'M' 'M' 'M' 'M' 'M' 'U'
 'M' 'M' 'M' 'M' 'M' 'U' 'M' 'M' 'M' 'M' 'U' 'M' 'M' 'M' 'M' 'U' 'M' 'M'
 'M' 'M' 'U' 'M' 'M' 'M' 'U' 'U' 'M' 'M' 'M' 'M' 'M' 'M' 'M' 'M' 'M' 'M'
 'M' 'M' 'M' 'M' 'M' 'M' 'M' 'M' 'M' 'U' 'M' 'M' 'M' 'M' 'A' 'M' 'U' 'M']"
321101,0,169,5,164,29,0,0,"['A' 'M' 'M' 'M' 'M' 'M' 'M' 'M' 'M' 'M' 'M' 'M' 'M' 'M' 'M' 'U' 'A' 'M'
 'M' 'M' 'M' 'M' 'M' 'M' 'M' 'M' 'M' 'M' 'M' 'U' 'U' 'M' 'M' 'M' 'M' 'M'
 'M' 'M' 'U' 'M' 'U' 'M' 'M' 'M' 'M' 'M' 'M' 'M' 'M' 'M' 'M' 'M' 'U' 'M'
 'M' 'M' 'M' 'M' 'M' 'U' 'M' 'M' 'A' 'M' 'M' 'M' 'M' 'U' 'M' 'M' 'M' 'M'
 'U' 'M' 'M' 'M' 'M' 'M' 'M' 'M' 'M' 'M' 'U' 'M' 'U' 'M' 'M' 'M' 'M' 'M'
 'M' 'M' 'U' 'M' 'M' 'M' 'M' 'M' 'M' 'M' 'M' 'M' 'M' 'M' 'M' 'M' 'M' 'M'
 'M' 'M' 'U' 'M' 'M' 'M' 'M' 'M' 'M' 'M' 'M' 'U' 'M' 'M' 'M' 'M' 'M' 'M'
 'M' 'M' 'M' 'M' 'M' 'U' 'U' 'U' 'M' 'M' 'A' 'U' 'M' 'M' 'M' 'M' 'M' 'U'
 'U' 'M' 'M' 'M' 'M' 'U' 'M' 'M' 'M' 'M' 'U' 'U' 'M' 'M' 'M' 'U' 'M' 'M'
 'M' 'M' 'U' 'M' 'M' 'M' 'M' 'U' 'M' 'M' 'M' 'M' 'M' 'M' 'M' 'U' 'M' 'M'
 'M' 'M' 'M' 'M' 'M' 'M' 'M' 'M' 'M' 'U' 'M' 'M' 'M' 'M' 'A' 'M' 'U' 'M']"
321201,0,161,5,156,37,0,0,"['A' 'M' 'M' 'M' 'M' 'M' 'M' 'M' 'M' 'M' 'M' 'M' 'M' 'M' 'M' 'U' 'A' 'M'
 'M' 'M' 'M' 'M' 'M' 'M' 'M' 'M' 'U' 'M' 'M' 'U' 'M' 'M' 'M' 'M' 'M' 'M'
 'U' 'M' 'U' 'M' 'U' 'M' 'M' 'M' 'M' 'M' 'M' 'M' 'M' 'M' 'M' 'M' 'U' 'M'
 'M' 'M' 'M' 'M' 'M' 'U' 'M' 'M' 'A' 'M' 'M' 'M' 'M' 'M' 'M' 'M' 'U' 'M'
 'M' 'M' 'M' 'M' 'M' 'U' 'U' 'M' 'U' 'M' 'M' 'M' 'U' 'M' 'M' 'M' 'M' 'M'
 'M' 'M' 'M' 'M' 'M' 'M' 'M' 'M' 'M' 'M' 'M' 'U' 'M' 'M' 'M' 'M' 'M' 'M'
 'M' 'M' 'U' 'M' 'M' 'M' 'M' 'M' 'M' 'M' 'M' 'U' 'M' 'M' 'M' 'M' 'M' 'M'
 'M' 'M' 'M' 'M' 'M' 'U' 'U' 'U' 'M' 'U' 'A' 'U' 'U' 'M' 'M' 'M' 'M' 'U'
 'U' 'M' 'M' 'U' 'M' 'U' 'M' 'M' 'M' 'M' 'U' 'U' 'M' 'M' 'M' 'U' 'M' 'U'
 'U' 'M' 'M' 'M' 'M' 'M' 'M' 'U' 'M' 'M' 'M' 'M' 'M' 'U' 'M' 'U' 'M' 'M'
 'M' 'M' 'M' 'M' 'U' 'M' 'M' 'M' 'M' 'U' 'M' 'M' 'M' 'M' 'A' 'M' 'U' 'M']"
321301,0,163,5,158,35,0,0,"['A' 'M' 'M' 'M' 'M' 'M' 'M' 'M' 'M' 'M' 'M' 'M' 'M' 'M' 'M' 'M' 'A' 'M'
 'U' 'M' 'M' 'M' 'M' 'M' 'M' 'M' 'U' 'M' 'M' 'U' 'M' 'M' 'M' 'M' 'M' 'M'
 'U' 'M' 'M' 'M' 'U' 'M' 'M' 'M' 'M' 'U' 'M' 'M' 'M' 'M' 'M' 'M' 'U' 'M'
 'M' 'M' 'M' 'M' 'M' 'U' 'M' 'M' 'A' 'M' 'M' 'M' 'M' 'M' 'M' 'M' 'M' 'M'
 'M' 'M' 'M' 'M' 'M' 'M' 'M' 'U' 'M' 'U' 'M' 'M' 'M' 'U' 'U' 'M' 'M' 'M'
 'M' 'M' 'U' 'M' 'M' 'M' 'M' 'M' 'M' 'M' 'M' 'U' 'M' 'M' 'M' 'M' 'M' 'U'
 'M' 'M' 'U' 'M' 'M' 'M' 'M' 'M' 'M' 'M' 'M' 'U' 'M' 'M' 'M' 'M' 'M' 'M'
 'M' 'M' 'M' 'M' 'M' 'U' 'U' 'U' 'M' 'U' 'A' 'M' 'M' 'M' 'M' 'M' 'M' 'U'
 'M' 'M' 'M' 'M' 'M' 'U' 'U' 'M' 'M' 'M' 'M' 'U' 'M' 'M' 'M' 'U' 'U' 'U'
 'U' 'M' 'M' 'M' 'M' 'M' 'M' 'U' 'M' 'M' 'M' 'M' 'M' 'U' 'M' 'M' 'M' 'M'
 'M' 'M' 'M' 'M' 'U' 'M' 'M' 'U' 'M' 'U' 'M' 'M' 'M' 'M' 'A' 'M' 'U' 'M']"
321401,1,157,4,153,41,0,1,"['A' 'M' 'M' 'M' 'M' 'M' 'M' 'M' 'M' 'M' 'M' 'M' 'M' 'M' 'M' 'M' 'M' 'M'
 'M' 'M' 'M' 'M' 'M' 'M' 'U' 'U' 'U' 'M' 'M' 'U' 'M' 'M' 'M' 'M' 'M' 'M'
 'U' 'M' 'M' 'M' 'U' 'M' 'M' 'M' 'M' 'U' 'M' 'M' 'M' 'M' 'M' 'M' 'M' 'M'
 'M' 'M' 'M' 'M' 'M' 'U' 'M' 'M' 'A' 'M' 'M' 'M' 'U' 'M' 'M' 'M' 'M' 'M'
 'M' 'M' 'M' 'U' 'M' 'M' 'M' 'M' 'U' 'M' 'M' 'M' 'M' 'M' 'M' 'M' 'M' 'M'
 'M' 'M' 'U' 'M' 'U' 'M' 'M' 'M' 'U' 'M' 'M' 'U' 'M' 'M' 'M' 'M' 'M' 'U'
 'M' 'M' 'U' 'M' 'M' 'M' 'U' 'M' 'M' 'M' 'M' 'U' 'M' 'M' 'M' 'M' 'M' 'M'
 'M' 'M' 'M' 'M' 'M' 'U' 'U' 'U' 'U' 'U' 'A' 'U' 'U' 'M' 'M' 'M' 'M' 'U'
 'M' 'M' 'M' 'M' 'M' 'U' 'U' 'M' 'M' 'M' 'M' 'M' 'U' 'M' 'M' 'U' 'U' 'U'
 'U' 'M' 'M' 'M' 'M' 'M' 'M' 'U' 'M' 'M' 'M' 'M' 'M' 'U' 'M' 'M' 'M' 'M'
 'M' 'M' 'M' 'M' 'U' 'M' 'U' 'U' 'M' 'U' 'M' 'M' 'M' 'M' 'A' 'M' 'U' 'M']"
321501,0,152,3,149,46,0,0,"['A' 'M' 'M' 'M' 'M' 'M' 'U' 'M' 'M' 'U' 'M' 'M' 'M' 'M' 'M' 'M' 'M' 'M'
 'M' 'M' 'M' 'M' 'M' 'M' 'U' 'U' 'U' 'M' 'M' 'U' 'U' 'M' 'M' 'M' 'M' 'M'
 'M' 'M' 'M' 'M' 'U' 'M' 'U' 'M' 'M' 'M' 'M' 'M' 'M' 'M' 'M' 'M' 'M' 'M'
 'M' 'M' 'M' 'M' 'U' 'U' 'M' 'M' 'U' 'M' 'M' 'M' 'M' 'M' 'M' 'M' 'M' 'M'
 'M' 'M' 'M' 'M' 'M' 'U' 'M' 'M' 'M' 'M' 'M' 'M' 'U' 'U' 'M' 'M' 'U' 'M'
 'M' 'M' 'M' 'U' 'M' 'M' 'M' 'M' 'U' 'M' 'M' 'U' 'M' 'M' 'M' 'M' 'M' 'U'
 'M' 'M' 'U' 'M' 'M' 'U' 'U' 'M' 'M' 'M' 'M' 'U' 'M' 'M' 'M' 'M' 'M' 'M'
 'M' 'M' 'M' 'M' 'M' 'U' 'U' 'M' 'U' 'U' 'A' 'U' 'U' 'M' 'M' 'M' 'U' 'U'
 'M' 'U' 'M' 'M' 'M' 'M' 'U' 'M' 'M' 'M' 'M' 'M' 'U' 'M' 'M' 'M' 'U' 'U'
 'U' 'M' 'M' 'M' 'M' 'M' 'M' 'U' 'M' 'M' 'M' 'M' 'M' 'U' 'M' 'M' 'M' 'M'
 'M' 'M' 'M' 'M' 'A' 'M' 'U' 'U' 'U' 'U' 'M' 'M' 'M' 'M' 'U' 'M' 'U' 'M']"
321601,0,151,3,148,47,0,0,"['A' 'M' 'M' 'M' 'M' 'M' 'U' 'M' 'M' 'U' 'M' 'M' 'M' 'M' 'M' 'M' 'M' 'M'
 'M' 'M' 'M' 'U' 'M' 'M' 'U' 'M' 'U' 'M' 'M' 'U' 'M' 'M' 'M' 'M' 'M' 'M'
 'M' 'M' 'M' 'M' 'U' 'M' 'U' 'M' 'M' 'M' 'M' 'U' 'M' 'M' 'M' 'M' 'M' 'M'
 'M' 'M' 'M' 'M' 'U' 'U' 'M' 'U' 'U' 'M' 'M' 'M' 'M' 'M' 'M' 'M' 'M' 'M'
 'M' 'M' 'M' 'U' 'M' 'M' 'U' 'M' 'M' 'M' 'U' 'M' 'U' 'M' 'M' 'M' 'M' 'M'
 'M' 'U' 'M' 'M' 'M' 'U' 'M' 'M' 'M' 'M' 'M' 'U' 'M' 'M' 'M' 'M' 'M' 'U'
 'U' 'M' 'U' 'M' 'M' 'U' 'U' 'M' 'M' 'M' 'M' 'M' 'M' 'M' 'M' 'M' 'M' 'M'
 'M' 'M' 'M' 'M' 'M' 'M' 'U' 'M' 'U' 'U' 'A' 'U' 'U' 'U' 'M' 'U' 'U' 'U'
 'M' 'U' 'M' 'M' 'U' 'M' 'U' 'M' 'M' 'M' 'M' 'M' 'U' 'M' 'M' 'M' 'M' 'U'
 'M' 'M' 'M' 'M' 'M' 'M' 'M' 'U' 'M' 'M' 'M' 'M' 'M' 'U' 'M' 'M' 'M' 'M'
 'M' 'M' 'M' 'M' 'A' 'M' 'M' 'U' 'U' 'U' 'U' 'M' 'M' 'M' 'U' 'M' 'U' 'M']"
321701,1,156,3,153,42,0,0,"['A' 'M' 'M' 'M' 'U' 'M' 'M' 'M' 'M' 'M' 'M' 'M' 'M' 'M' 'M' 'M' 'M' 'M'
 'M' 'M' 'M' 'M' 'M' 'M' 'U' 'M' 'U' 'M' 'M' 'U' 'M' 'M' 'M' 'M' 'M' 'M'
 'M' 'M' 'M' 'M' 'U' 'M' 'M' 'M' 'M' 'M' 'M' 'U' 'M' 'M' 'M' 'M' 'M' 'M'
 'M' 'M' 'M' 'M' 'U' 'M' 'M' 'M' 'M' 'M' 'M' 'U' 'M' 'M' 'M' 'M' 'M' 'U'
 'M' 'M' 'M' 'M' 'M' 'M' 'M' 'U' 'M' 'M' 'M' 'M' 'M' 'U' 'M' 'M' 'M' 'M'
 'U' 'M' 'M' 'M' 'M' 'M' 'M' 'M' 'M' 'M' 'M' 'U' 'M' 'M' 'M' 'M' 'M' 'U'
 'M' 'M' 'U' 'M' 'M' 'U' 'U' 'U' 'M' 'M' 'M' 'M' 'M' 'M' 'M' 'M' 'M' 'M'
 'M' 'M' 'M' 'M' 'M' 'U' 'U' 'U' 'U' 'U' 'A' 'M' 'U' 'U' 'M' 'U' 'U' 'U'
 'U' 'U' 'M' 'M' 'U' 'M' 'U' 'M' 'M' 'M' 'M' 'U' 'U' 'M' 'M' 'M' 'M' 'U'
 'M' 'M' 'M' 'M' 'M' 'M' 'M' 'U' 'M' 'M' 'M' 'M' 'M' 'U' 'U' 'M' 'M' 'M'
 'M' 'M' 'M' 'M' 'A' 'M' 'M' 'U' 'M' 'U' 'M' 'M' 'M' 'M' 'U' 'M' 'U' 'M']"
321801,0,154,4,150,44,0,0,"['A' 'M' 'M' 'M' 'U' 'M' 'A' 'M' 'M' 'M' 'M' 'M' 'M' 'M' 'M' 'M' 'M' 'M'
 'M' 'M' 'M' 'M' 'M' 'M' 'U' 'M' 'M' 'M' 'U' 'U' 'M' 'M' 'M' 'M' 'M' 'M'
 'M' 'M' 'M' 'M' 'U' 'M' 'M' 'M' 'M' 'M' 'M' 'U' 'M' 'M' 'M' 'M' 'M' 'M'
 'M' 'M' 'M' 'M' 'M' 'M' 'M' 'M' 'M' 'M' 'M' 'U' 'M' 'M' 'M' 'M' 'M' 'M'
 'M' 'M' 'M' 'U' 'M' 'M' 'M' 'M' 'M' 'M' 'M' 'U' 'M' 'M' 'M' 'M' 'U' 'M'
 'M' 'M' 'U' 'M' 'M' 'U' 'U' 'M' 'M' 'M' 'M' 'U' 'M' 'M' 'M' 'M' 'M' 'U'
 'M' 'M' 'U' 'M' 'U' 'M' 'U' 'U' 'M' 'U' 'M' 'M' 'U' 'M' 'U' 'M' 'M' 'M'
 'M' 'M' 'M' 'M' 'M' 'M' 'U' 'U' 'U' 'M' 'A' 'U' 'U' 'M' 'M' 'M' 'U' 'M'
 'U' 'U' 'M' 'M' 'U' 'M' 'U' 'M' 'M' 'M' 'M' 'U' 'U' 'M' 'M' 'M' 'M' 'U'
 'M' 'M' 'M' 'M' 'M' 'M' 'M' 'U' 'U' 'M' 'M' 'M' 'M' 'U' 'U' 'M' 'M' 'M'
 'M' 'M' 'M' 'M' 'A' 'U' 'M' 'U' 'M' 'U' 'M' 'M' 'M' 'M' 'M' 'U' 'U' 'M']"
321901,0,153,5,148,45,0,0,"['A' 'M' 'M' 'M' 'U' 'M' 'A' 'M' 'M' 'M' 'M' 'U' 'M' 'M' 'M' 'M' 'M' 'M'
 'M' 'M' 'M' 'M' 'M' 'M' 'U' 'U' 'M' 'M' 'U' 'U' 'M' 'M' 'M' 'M' 'M' 'M'
 'M' 'M' 'M' 'M' 'U' 'U' 'M' 'M' 'M' 'M' 'M' 'M' 'M' 'M' 'U' 'M' 'M' 'M'
 'M' 'M' 'M' 'M' 'M' 'M' 'M' 'M' 'M' 'M' 'M' 'M' 'M' 'M' 'M' 'M' 'M' 'M'
 'U' 'M' 'M' 'U' 'M' 'M' 'M' 'M' 'M' 'M' 'U' 'U' 'M' 'M' 'M' 'M' 'M' 'M'
 'M' 'U' 'M' 'M' 'M' 'M' 'U' 'M' 'M' 'M' 'M' 'U' 'M' 'M' 'M' 'M' 'M' 'U'
 'M' 'M' 'U' 'M' 'U' 'U' 'U' 'U' 'M' 'U' 'M' 'M' 'U' 'M' 'A' 'M' 'M' 'M'
 'M' 'M' 'M' 'M' 'M' 'M' 'U' 'U' 'U' 'U' 'A' 'M' 'U' 'M' 'M' 'M' 'U' 'M'
 'U' 'U' 'M' 'M' 'U' 'M' 'U' 'M' 'M' 'M' 'M' 'M' 'U' 'M' 'M' 'M' 'M' 'U'
 'M' 'M' 'M' 'M' 'M' 'M' 'M' 'U' 'U' 'M' 'M' 'M' 'M' 'U' 'U' 'M' 'M' 'M'
 'M' 'U' 'M' 'M' 'A' 'U' 'M' 'U' 'U' 'M' 'M' 'M' 'M' 'M' 'M' 'M' 'U' 'M']"
322001,1,149,3,146,49,0,0,"['A' 'M' 'M' 'M' 'U' 'M' 'U' 'M' 'M' 'M' 'M' 'U' 'M' 'U' 'M' 'M' 'M' 'M'
 'M' 'M' 'M' 'M' 'M' 'U' 'U' 'U' 'M' 'M' 'U' 'U' 'M' 'M' 'U' 'M' 'M' 'M'
 'M' 'M' 'M' 'M' 'M' 'U' 'M' 'M' 'M' 'M' 'U' 'M' 'M' 'M' 'M' 'M' 'M' 'M'
 'M' 'M' 'M' 'M' 'M' 'M' 'U' 'M' 'M' 'M' 'M' 'U' 'M' 'M' 'M' 'M' 'M' 'M'
 'M' 'M' 'M' 'M' 'M' 'M' 'M' 'M' 'M' 'U' 'M' 'M' 'U' 'U' 'U' 'M' 'M' 'M'
 'M' 'M' 'M' 'M' 'M' 'M' 'U' 'M' 'M' 'M' 'M' 'U' 'M' 'M' 'M' 'M' 'M' 'U'
 'M' 'M' 'U' 'M' 'U' 'U' 'U' 'U' 'M' 'M' 'M' 'M' 'U' 'M' 'A' 'M' 'M' 'M'
 'M' 'M' 'M' 'U' 'M' 'M' 'U' 'U' 'U' 'U' 'U' 'M' 'U' 'M' 'M' 'M' 'U' 'M'
 'M' 'M' 'M' 'M' 'U' 'M' 'U' 'M' 'M' 'M' 'M' 'M' 'M' 'M' 'M' 'M' 'M' 'U'
 'M' 'M' 'M' 'M' 'M' 'M' 'U' 'U' 'U' 'M' 'M' 'M' 'M' 'U' 'U' 'M' 'M' 'M'
 'M' 'U' 'M' 'U' 'A' 'U' 'U' 'U' 'U' 'M' 'M' 'M' 'M' 'M' 'M' 'M' 'M' 'M']"
322101,0,159,1,158,39,0,0,"['A' 'M' 'M' 'M' 'U' 'M' 'U' 'M' 'M' 'M' 'M' 'U' 'M' 'M' 'M' 'M' 'M' 'M'
 'M' 'M' 'M' 'M' 'M' 'U' 'M' 'U' 'M' 'M' 'U' 'U' 'M' 'M' 'M' 'M' 'M' 'M'
 'M' 'M' 'M' 'M' 'M' 'U' 'M' 'M' 'M' 'M' 'U' 'M' 'M' 'M' 'M' 'M' 'M' 'M'
 'M' 'M' 'M' 'M' 'M' 'M' 'M' 'M' 'M' 'M' 'M' 'M' 'M' 'U' 'M' 'U' 'U' 'M'
 'M' 'M' 'M' 'M' 'M' 'U' 'M' 'M' 'M' 'M' 'M' 'M' 'M' 'M' 'M' 'M' 'M' 'M'
 'U' 'M' 'M' 'M' 'M' 'M' 'M' 'M' 'M' 'M' 'M' 'U' 'M' 'M' 'M' 'M' 'M' 'U'
 'M' 'M' 'M' 'M' 'U' 'U' 'M' 'U' 'M' 'M' 'M' 'M' 'U' 'M' 'M' 'M' 'M' 'M'
 'M' 'M' 'M' 'U' 'M' 'M' 'U' 'M' 'U' 'U' 'M' 'M' 'M' 'M' 'M' 'M' 'U' 'M'
 'M' 'M' 'M' 'M' 'U' 'M' 'U' 'M' 'M' 'M' 'M' 'M' 'U' 'M' 'M' 'M' 'M' 'M'
 'M' 'M' 'M' 'M' 'M' 'M' 'U' 'U' 'U' 'M' 'M' 'M' 'M' 'U' 'U' 'M' 'M' 'M'
 'M' 'U' 'M' 'U' 'U' 'U' 'U' 'M' 'U' 'M' 'M' 'M' 'M' 'M' 'M' 'M' 'M' 'M']"
322201,0,162,1,161,36,0,1,"['A' 'M' 'M' 'M' 'U' 'M' 'M' 'M' 'M' 'M' 'M' 'U' 'M' 'M' 'M' 'M' 'M' 'M'
 'M' 'M' 'M' 'U' 'M' 'M' 'M' 'U' 'M' 'M' 'U' 'U' 'M' 'M' 'M' 'M' 'M' 'M'
 'M' 'M' 'M' 'M' 'M' 'U' 'M' 'M' 'M' 'M' 'U' 'M' 'M' 'M' 'M' 'M' 'M' 'M'
 'M' 'M' 'M' 'M' 'M' 'M' 'M' 'M' 'M' 'M' 'M' 'M' 'M' 'M' 'M' 'M' 'M' 'M'
 'U' 'M' 'M' 'M' 'U' 'M' 'M' 'M' 'M' 'U' 'M' 'M' 'M' 'M' 'U' 'M' 'M' 'U'
 'M' 'M' 'M' 'M' 'M' 'M' 'M' 'M' 'M' 'M' 'M' 'M' 'M' 'M' 'M' 'M' 'M' 'U'
 'M' 'M' 'M' 'M' 'M' 'U' 'M' 'U' 'M' 'M' 'M' 'M' 'M' 'M' 'M' 'M' 'M' 'M'
 'M' 'M' 'M' 'U' 'M' 'M' 'U' 'U' 'U' 'U' 'U' 'M' 'U' 'M' 'M' 'M' 'U' 'M'
 'M' 'M' 'M' 'M' 'U' 'M' 'U' 'M' 'M' 'M' 'M' 'M' 'M' 'M' 'M' 'M' 'M' 'M'
 'U' 'M' 'M' 'M' 'M' 'M' 'U' 'U' 'U' 'M' 'M' 'M' 'M' 'U' 'U' 'M' 'M' 'M'
 'M' 'U' 'M' 'M' 'U' 'M' 'U' 'M' 'U' 'M' 'M' 'M' 'M' 'M' 'M' 'M' 'M' 'M']"
322301,0,162,1,161,36,0,1,"['A' 'M' 'M' 'M' 'U' 'M' 'M' 'M' 'M' 'M' 'M' 'M' 'M' 'M' 'M' 'M' 'M' 'M'
 'M' 'M' 'M' 'U' 'M' 'M' 'U' 'M' 'M' 'M' 'U' 'U' 'M' 'M' 'M' 'M' 'M' 'M'
 'M' 'M' 'U' 'M' 'M' 'U' 'M' 'M' 'M' 'M' 'U' 'M' 'M' 'M' 'M' 'M' 'M' 'M'
 'M' 'M' 'M' 'M' 'M' 'M' 'M' 'M' 'M' 'M' 'M' 'U' 'M' 'M' 'U' 'M' 'U' 'M'
 'M' 'M' 'U' 'M' 'M' 'M' 'M' 'M' 'M' 'M' 'M' 'M' 'M' 'M' 'M' 'M' 'M' 'M'
 'U' 'M' 'M' 'M' 'M' 'M' 'U' 'M' 'M' 'M' 'M' 'M' 'M' 'M' 'M' 'M' 'M' 'U'
 'M' 'M' 'M' 'M' 'M' 'U' 'M' 'M' 'M' 'M' 'M' 'M' 'M' 'M' 'M' 'M' 'M' 'M'
 'M' 'M' 'M' 'U' 'M' 'U' 'U' 'U' 'M' 'U' 'U' 'U' 'U' 'M' 'M' 'M' 'U' 'M'
 'M' 'M' 'M' 'M' 'U' 'M' 'U' 'M' 'M' 'M' 'M' 'M' 'M' 'M' 'M' 'M' 'M' 'M'
 'U' 'M' 'M' 'M' 'M' 'M' 'M' 'U' 'U' 'M' 'M' 'M' 'M' 'U' 'U' 'M' 'M' 'M'
 'M' 'U' 'M' 'M' 'M' 'M' 'U' 'M' 'U' 'M' 'M' 'M' 'M' 'M' 'M' 'M' 'M' 'U']"
322401,0,167,1,166,31,0,0,"['A' 'M' 'M' 'M' 'U' 'M' 'M' 'M' 'M' 'U' 'M' 'M' 'M' 'M' 'M' 'M' 'M' 'M'
 'M' 'M' 'M' 'U' 'M' 'M' 'U' 'M' 'M' 'M' 'U' 'U' 'M' 'M' 'M' 'M' 'M' 'M'
 'M' 'M' 'U' 'M' 'M' 'U' 'M' 'M' 'M' 'M' 'U' 'M' 'M' 'M' 'M' 'M' 'M' 'M'
 'M' 'M' 'M' 'M' 'M' 'M' 'M' 'M' 'M' 'M' 'M' 'M' 'U' 'M' 'M' 'M' 'M' 'M'
 'M' 'M' 'M' 'M' 'U' 'M' 'M' 'M' 'M' 'M' 'M' 'M' 'M' 'M' 'M' 'M' 'U' 'M'
 'M' 'U' 'M' 'U' 'M' 'M' 'U' 'M' 'M' 'M' 'M' 'M' 'M' 'M' 'M' 'M' 'M' 'U'
 'M' 'U' 'M' 'M' 'M' 'M' 'M' 'M' 'M' 'M' 'M' 'M' 'M' 'M' 'M' 'M' 'M' 'M'
 'M' 'M' 'M' 'U' 'M' 'U' 'M' 'M' 'M' 'U' 'U' 'U' 'U' 'M' 'M' 'M' 'M' 'M'
 'M' 'M' 'M' 'M' 'U' 'M' 'M' 'M' 'M' 'M' 'M' 'M' 'M' 'M' 'M' 'M' 'M' 'M'
 'M' 'M' 'U' 'M' 'M' 'M' 'M' 'U' 'M' 'M' 'M' 'M' 'M' 'U' 'U' 'M' 'M' 'M'
 'M' 'M' 'M' 'M' 'M' 'M' 'U' 'M' 'U' 'M' 'M' 'M' 'M' 'M' 'M' 'M' 'M' 'U']"
322501,0,169,1,168,29,0,1,"['A' 'M' 'M' 'M' 'M' 'M' 'M' 'M' 'M' 'U' 'M' 'M' 'M' 'M' 'M' 'M' 'M' 'M'
 'M' 'M' 'M' 'U' 'M' 'M' 'U' 'M' 'M' 'M' 'M' 'M' 'M' 'M' 'M' 'M' 'M' 'M'
 'M' 'M' 'M' 'M' 'M' 'M' 'M' 'M' 'M' 'M' 'U' 'M' 'M' 'M' 'M' 'M' 'M' 'M'
 'M' 'M' 'M' 'M' 'M' 'M' 'M' 'M' 'M' 'M' 'M' 'M' 'M' 'U' 'M' 'U' 'U' 'M'
 'M' 'U' 'M' 'M' 'M' 'M' 'M' 'U' 'M' 'M' 'M' 'M' 'M' 'M' 'M' 'M' 'M' 'M'
 'M' 'M' 'M' 'M' 'M' 'M' 'M' 'M' 'M' 'M' 'M' 'M' 'U' 'M' 'M' 'M' 'M' 'M'
 'M' 'U' 'M' 'M' 'M' 'M' 'M' 'M' 'M' 'M' 'M' 'M' 'M' 'M' 'M' 'M' 'M' 'M'
 'M' 'M' 'M' 'U' 'M' 'U' 'U' 'U' 'U' 'U' 'U' 'U' 'U' 'M' 'M' 'M' 'M' 'M'
 'M' 'M' 'M' 'M' 'U' 'M' 'M' 'M' 'M' 'M' 'U' 'M' 'M' 'U' 'M' 'M' 'M' 'M'
 'M' 'M' 'M' 'M' 'M' 'M' 'M' 'U' 'M' 'M' 'M' 'U' 'M' 'U' 'M' 'M' 'M' 'M'
 'M' 'M' 'M' 'M' 'M' 'M' 'U' 'M' 'U' 'M' 'M' 'M' 'M' 'M' 'M' 'M' 'M' 'U']"
322601,1,160,1,159,38,1,0,"['A' 'M' 'M' 'M' 'M' 'M' 'M' 'M' 'U' 'U' 'M' 'M' 'M' 'M' 'M' 'M' 'M' 'M'
 'U' 'M' 'M' 'U' 'M' 'M' 'U' 'M' 'M' 'M' 'M' 'M' 'M' 'M' 'M' 'M' 'M' 'M'
 'U' 'M' 'U' 'M' 'M' 'M' 'M' 'M' 'M' 'M' 'U' 'M' 'M' 'M' 'M' 'U' 'M' 'M'
 'M' 'M' 'M' 'M' 'M' 'M' 'M' 'M' 'M' 'M' 'M' 'M' 'M' 'U' 'M' 'M' 'U' 'M'
 'M' 'M' 'M' 'M' 'M' 'U' 'M' 'M' 'M' 'M' 'U' 'M' 'M' 'M' 'M' 'M' 'M' 'M'
 'M' 'M' 'U' 'M' 'M' 'M' 'M' 'M' 'M' 'M' 'M' 'M' 'U' 'M' 'M' 'M' 'U' 'M'
 'M' 'U' 'M' 'M' 'U' 'M' 'M' 'M' 'M' 'M' 'M' 'M' 'M' 'M' 'M' 'M' 'M' 'M'
 'M' 'M' 'M' 'U' 'M' 'U' 'U' 'U' 'U' 'U' 'U' 'U' 'U' 'M' 'M' 'M' 'M' 'M'
 'M' 'M' 'M' 'M' 'U' 'M' 'M' 'M' 'M' 'M' 'U' 'M' 'U' 'U' 'M' 'M' 'M' 'M'
 'M' 'M' 'M' 'M' 'M' 'M' 'M' 'U' 'M' 'M' 'M' 'U' 'M' 'U' 'M' 'M' 'M' 'M'
 'M' 'M' 'M' 'M' 'M' 'M' 'U' 'M' 'U' 'M' 'M' 'M' 'U' 'M' 'M' 'M' 'M' 'U']"
322701,0,162,2,160,36,0,0,"['A' 'M' 'M' 'M' 'M' 'M' 'M' 'M' 'U' 'U' 'M' 'M' 'M' 'M' 'M' 'M' 'M' 'M'
 'U' 'M' 'M' 'U' 'U' 'M' 'U' 'M' 'M' 'M' 'M' 'M' 'M' 'M' 'M' 'M' 'M' 'M'
 'U' 'M' 'A' 'M' 'M' 'M' 'M' 'M' 'M' 'M' 'U' 'M' 'M' 'M' 'M' 'U' 'M' 'M'
 'M' 'M' 'M' 'M' 'M' 'M' 'M' 'M' 'M' 'M' 'M' 'M' 'M' 'M' 'M' 'M' 'M' 'M'
 'M' 'M' 'U' 'M' 'U' 'M' 'M' 'U' 'M' 'M' 'U' 'M' 'M' 'M' 'M' 'M' 'M' 'M'
 'U' 'M' 'M' 'M' 'M' 'M' 'M' 'M' 'M' 'M' 'M' 'M' 'U' 'M' 'M' 'M' 'U' 'M'
 'M' 'M' 'M' 'M' 'U' 'M' 'M' 'M' 'M' 'M' 'M' 'M' 'M' 'M' 'U' 'M' 'M' 'M'
 'M' 'M' 'M' 'U' 'M' 'U' 'U' 'U' 'U' 'U' 'U' 'U' 'U' 'M' 'M' 'M' 'M' 'M'
 'M' 'M' 'M' 'M' 'U' 'M' 'M' 'M' 'M' 'M' 'M' 'M' 'M' 'U' 'M' 'M' 'M' 'M'
 'M' 'M' 'M' 'M' 'M' 'M' 'M' 'U' 'M' 'M' 'M' 'U' 'M' 'U' 'M' 'M' 'M' 'M'
 'M' 'M' 'M' 'M' 'M' 'M' 'U' 'M' 'U' 'M' 'M' 'M' 'U' 'M' 'M' 'M' 'M' 'U']"
322801,0,160,1,159,38,0,0,"['A' 'M' 'M' 'M' 'M' 'M' 'M' 'U' 'U' 'U' 'M' 'M' 'M' 'M' 'M' 'M' 'M' 'M'
 'U' 'M' 'M' 'M' 'M' 'M' 'U' 'M' 'M' 'M' 'M' 'M' 'M' 'M' 'M' 'M' 'M' 'U'
 'U' 'M' 'U' 'M' 'M' 'M' 'M' 'M' 'M' 'M' 'U' 'M' 'M' 'M' 'M' 'U' 'M' 'M'
 'M' 'M' 'M' 'M' 'M' 'M' 'M' 'M' 'M' 'M' 'M' 'U' 'M' 'M' 'M' 'M' 'M' 'M'
 'M' 'M' 'M' 'M' 'M' 'M' 'M' 'M' 'U' 'U' 'U' 'M' 'U' 'M' 'M' 'M' 'M' 'M'
 'M' 'M' 'M' 'M' 'M' 'M' 'M' 'M' 'M' 'M' 'M' 'M' 'U' 'M' 'M' 'M' 'U' 'M'
 'M' 'M' 'M' 'M' 'U' 'M' 'M' 'M' 'M' 'U' 'M' 'M' 'M' 'M' 'U' 'M' 'M' 'M'
 'M' 'M' 'M' 'M' 'M' 'M' 'U' 'U' 'M' 'U' 'M' 'U' 'U' 'M' 'M' 'U' 'M' 'M'
 'M' 'M' 'M' 'M' 'U' 'U' 'M' 'M' 'M' 'M' 'M' 'M' 'M' 'U' 'M' 'M' 'M' 'M'
 'M' 'M' 'M' 'M' 'M' 'M' 'M' 'U' 'U' 'M' 'M' 'U' 'M' 'U' 'M' 'M' 'M' 'M'
 'M' 'U' 'M' 'M' 'M' 'M' 'U' 'M' 'U' 'M' 'M' 'M' 'U' 'M' 'M' 'M' 'M' 'U']"
322901,0,161,2,159,37,0,0,"['A' 'M' 'M' 'M' 'M' 'M' 'M' 'U' 'U' 'U' 'M' 'M' 'M' 'U' 'M' 'M' 'M' 'M'
 'U' 'M' 'M' 'U' 'M' 'M' 'U' 'M' 'M' 'M' 'M' 'M' 'M' 'M' 'M' 'M' 'M' 'U'
 'U' 'M' 'U' 'M' 'U' 'M' 'M' 'M' 'M' 'M' 'M' 'M' 'M' 'M' 'M' 'M' 'M' 'M'
 'M' 'M' 'M' 'M' 'M' 'M' 'M' 'M' 'M' 'M' 'M' 'M' 'U' 'M' 'M' 'M' 'M' 'M'
 'M' 'M' 'M' 'M' 'M' 'M' 'M' 'M' 'M' 'M' 'U' 'M' 'M' 'M' 'U' 'M' 'M' 'U'
 'U' 'M' 'M' 'M' 'M' 'M' 'M' 'M' 'M' 'M' 'M' 'M' 'M' 'M' 'M' 'M' 'U' 'M'
 'M' 'M' 'M' 'M' 'M' 'M' 'M' 'M' 'M' 'U' 'M' 'M' 'M' 'M' 'U' 'M' 'M' 'M'
 'M' 'M' 'M' 'M' 'M' 'A' 'U' 'U' 'U' 'U' 'U' 'U' 'U' 'M' 'M' 'M' 'M' 'M'
 'M' 'M' 'M' 'M' 'U' 'U' 'M' 'M' 'M' 'M' 'M' 'M' 'M' 'U' 'M' 'M' 'M' 'M'
 'M' 'M' 'M' 'M' 'M' 'M' 'M' 'U' 'U' 'M' 'M' 'U' 'M' 'U' 'M' 'M' 'M' 'M'
 'M' 'M' 'M' 'M' 'M' 'M' 'M' 'M' 'U' 'U' 'M' 'M' 'U' 'M' 'M' 'M' 'M' 'U']"
323001,0,165,2,163,33,0,0,"['A' 'M' 'M' 'M' 'M' 'M' 'M' 'U' 'U' 'U' 'M' 'M' 'M' 'U' 'M' 'M' 'M' 'M'
 'M' 'M' 'M' 'U' 'M' 'M' 'U' 'M' 'M' 'M' 'M' 'M' 'M' 'M' 'M' 'M' 'M' 'U'
 'U' 'M' 'U' 'M' 'U' 'M' 'M' 'M' 'M' 'M' 'M' 'M' 'M' 'M' 'M' 'M' 'M' 'M'
 'M' 'M' 'M' 'M' 'M' 'M' 'M' 'M' 'U' 'M' 'M' 'M' 'M' 'U' 'M' 'M' 'M' 'M'
 'M' 'M' 'M' 'M' 'M' 'M' 'M' 'M' 'U' 'M' 'U' 'M' 'M' 'M' 'M' 'M' 'M' 'U'
 'M' 'M' 'M' 'M' 'U' 'M' 'M' 'M' 'M' 'M' 'M' 'M' 'M' 'M' 'M' 'M' 'U' 'M'
 'M' 'M' 'M' 'M' 'M' 'M' 'M' 'M' 'M' 'U' 'M' 'M' 'M' 'M' 'M' 'M' 'M' 'M'
 'M' 'M' 'M' 'M' 'M' 'A' 'U' 'U' 'M' 'U' 'M' 'U' 'U' 'M' 'M' 'M' 'M' 'M'
 'M' 'M' 'M' 'M' 'M' 'U' 'M' 'M' 'M' 'M' 'M' 'M' 'M' 'U' 'M' 'M' 'M' 'M'
 'M' 'M' 'M' 'M' 'U' 'M' 'M' 'M' 'U' 'M' 'U' 'U' 'M' 'M' 'M' 'M' 'M' 'M'
 'M' 'M' 'M' 'M' 'U' 'M' 'M' 'M' 'U' 'M' 'M' 'M' 'U' 'M' 'M' 'M' 'M' 'U']"
323101,0,164,2,162,34,0,0,"['A' 'M' 'M' 'M' 'M' 'M' 'M' 'U' 'U' 'U' 'M' 'U' 'M' 'U' 'M' 'M' 'M' 'M'
 'M' 'M' 'M' 'M' 'M' 'M' 'M' 'M' 'U' 'M' 'M' 'M' 'M' 'M' 'M' 'M' 'M' 'U'
 'U' 'M' 'M' 'M' 'U' 'M' 'M' 'M' 'M' 'M' 'M' 'M' 'M' 'M' 'M' 'M' 'M' 'M'
 'M' 'M' 'M' 'M' 'M' 'M' 'M' 'M' 'U' 'M' 'M' 'M' 'M' 'M' 'M' 'M' 'M' 'U'
 'M' 'M' 'M' 'M' 'M' 'U' 'U' 'M' 'M' 'M' 'U' 'M' 'M' 'M' 'M' 'M' 'M' 'M'
 'M' 'M' 'M' 'U' 'M' 'M' 'M' 'M' 'M' 'M' 'M' 'M' 'M' 'M' 'M' 'M' 'U' 'M'
 'M' 'U' 'M' 'M' 'U' 'M' 'M' 'U' 'M' 'U' 'M' 'M' 'M' 'M' 'M' 'U' 'M' 'M'
 'M' 'M' 'M' 'M' 'U' 'A' 'U' 'M' 'M' 'M' 'M' 'M' 'M' 'M' 'M' 'M' 'M' 'M'
 'M' 'M' 'M' 'M' 'M' 'U' 'M' 'M' 'M' 'M' 'M' 'M' 'M' 'M' 'M' 'M' 'U' 'M'
 'U' 'M' 'M' 'M' 'U' 'M' 'M' 'M' 'U' 'M' 'U' 'U' 'M' 'M' 'M' 'M' 'U' 'M'
 'M' 'M' 'M' 'M' 'M' 'M' 'M' 'M' 'U' 'M' 'M' 'M' 'U' 'M' 'M' 'M' 'M' 'U']"
323201,0,155,1,154,43,0,0,"['A' 'M' 'M' 'M' 'M' 'M' 'M' 'M' 'U' 'U' 'M' 'U' 'M' 'U' 'M' 'M' 'M' 'M'
 'M' 'M' 'M' 'M' 'M' 'M' 'M' 'M' 'U' 'M' 'M' 'M' 'M' 'M' 'M' 'U' 'M' 'U'
 'U' 'M' 'M' 'M' 'U' 'M' 'M' 'M' 'U' 'M' 'U' 'M' 'M' 'M' 'M' 'M' 'M' 'M'
 'M' 'M' 'M' 'M' 'U' 'M' 'M' 'M' 'U' 'M' 'M' 'M' 'M' 'U' 'U' 'M' 'M' 'M'
 'M' 'M' 'M' 'M' 'M' 'M' 'M' 'U' 'M' 'M' 'M' 'M' 'M' 'M' 'M' 'M' 'U' 'M'
 'M' 'M' 'M' 'M' 'U' 'M' 'U' 'M' 'M' 'M' 'M' 'M' 'M' 'M' 'U' 'M' 'M' 'M'
 'M' 'U' 'M' 'M' 'U' 'M' 'M' 'U' 'M' 'U' 'M' 'U' 'U' 'U' 'U' 'U' 'M' 'M'
 'M' 'U' 'M' 'M' 'M' 'U' 'M' 'M' 'M' 'M' 'M' 'M' 'M' 'M' 'M' 'M' 'M' 'M'
 'M' 'U' 'M' 'M' 'M' 'U' 'U' 'M' 'M' 'M' 'M' 'M' 'M' 'U' 'M' 'M' 'U' 'M'
 'M' 'M' 'M' 'M' 'M' 'M' 'M' 'M' 'M' 'M' 'M' 'U' 'M' 'M' 'M' 'M' 'U' 'M'
 'M' 'M' 'M' 'M' 'M' 'M' 'M' 'U' 'U' 'U' 'M' 'M' 'U' 'M' 'M' 'M' 'M' 'U']"
323301,0,154,2,152,44,0,0,"['A' 'M' 'U' 'M' 'M' 'M' 'M' 'M' 'M' 'M' 'U' 'M' 'M' 'M' 'M' 'M' 'M' 'M'
 'M' 'M' 'U' 'M' 'U' 'M' 'M' 'M' 'U' 'M' 'U' 'M' 'M' 'M' 'M' 'U' 'M' 'U'
 'U' 'M' 'M' 'M' 'U' 'M' 'M' 'M' 'U' 'M' 'M' 'M' 'M' 'M' 'M' 'M' 'M' 'M'
 'U' 'M' 'M' 'M' 'U' 'M' 'M' 'U' 'U' 'M' 'M' 'M' 'M' 'M' 'M' 'U' 'M' 'M'
 'M' 'M' 'M' 'U' 'U' 'M' 'M' 'M' 'M' 'M' 'M' 'M' 'M' 'U' 'M' 'M' 'M' 'M'
 'M' 'U' 'M' 'M' 'M' 'M' 'U' 'M' 'M' 'M' 'U' 'M' 'M' 'M' 'M' 'M' 'M' 'M'
 'M' 'U' 'M' 'U' 'U' 'M' 'M' 'U' 'M' 'A' 'M' 'U' 'M' 'U' 'U' 'M' 'M' 'M'
 'U' 'U' 'M' 'M' 'M' 'M' 'M' 'M' 'M' 'M' 'M' 'M' 'M' 'M' 'M' 'M' 'M' 'M'
 'M' 'U' 'M' 'M' 'M' 'U' 'U' 'M' 'M' 'U' 'M' 'M' 'M' 'M' 'M' 'M' 'U' 'M'
 'M' 'M' 'M' 'M' 'M' 'M' 'M' 'M' 'U' 'M' 'M' 'U' 'M' 'M' 'M' 'M' 'U' 'M'
 'M' 'M' 'M' 'M' 'M' 'M' 'M' 'U' 'U' 'U' 'M' 'M' 'U' 'M' 'M' 'M' 'M' 'U']"
323401,0,153,2,151,45,0,0,"['A' 'M' 'M' 'M' 'M' 'U' 'M' 'M' 'M' 'M' 'U' 'M' 'M' 'M' 'M' 'M' 'M' 'M'
 'M' 'M' 'U' 'M' 'M' 'M' 'M' 'M' 'U' 'M' 'U' 'M' 'M' 'M' 'M' 'U' 'M' 'U'
 'U' 'M' 'M' 'M' 'U' 'M' 'M' 'M' 'U' 'M' 'M' 'M' 'M' 'M' 'M' 'M' 'M' 'M'
 'U' 'M' 'M' 'M' 'U' 'M' 'M' 'U' 'U' 'M' 'M' 'M' 'M' 'M' 'M' 'M' 'M' 'M'
 'M' 'U' 'M' 'U' 'M' 'U' 'M' 'U' 'M' 'M' 'M' 'M' 'M' 'M' 'U' 'M' 'M' 'M'
 'M' 'M' 'M' 'M' 'M' 'M' 'M' 'M' 'M' 'U' 'U' 'M' 'M' 'M' 'M' 'M' 'M' 'M'
 'M' 'U' 'M' 'U' 'M' 'M' 'M' 'U' 'M' 'A' 'U' 'U' 'M' 'M' 'U' 'M' 'M' 'M'
 'M' 'U' 'M' 'M' 'M' 'M' 'U' 'U' 'U' 'U' 'U' 'U' 'U' 'M' 'M' 'M' 'M' 'M'
 'M' 'M' 'U' 'M' 'M' 'U' 'U' 'M' 'M' 'U' 'M' 'M' 'M' 'M' 'M' 'M' 'M' 'M'
 'M' 'M' 'U' 'M' 'M' 'M' 'M' 'M' 'M' 'M' 'M' 'U' 'M' 'M' 'M' 'M' 'M' 'M'
 'M' 'M' 'M' 'M' 'M' 'M' 'M' 'U' 'U' 'M' 'M' 'M' 'U' 'M' 'M' 'M' 'M' 'U']"
323501,0,161,6,155,37,0,0,"['A' 'U' 'M' 'M' 'M' 'U' 'M' 'M' 'M' 'M' 'U' 'M' 'M' 'M' 'U' 'M' 'M' 'M'
 'M' 'M' 'M' 'M' 'M' 'M' 'M' 'M' 'M' 'M' 'M' 'M' 'M' 'U' 'M' 'M' 'M' 'A'
 'U' 'M' 'M' 'M' 'U' 'M' 'M' 'M' 'U' 'M' 'M' 'M' 'M' 'M' 'M' 'M' 'M' 'M'
 'U' 'M' 'M' 'M' 'U' 'M' 'M' 'M' 'M' 'M' 'M' 'U' 'U' 'M' 'M' 'M' 'U' 'M'
 'M' 'M' 'M' 'U' 'M' 'M' 'M' 'M' 'M' 'M' 'M' 'M' 'M' 'M' 'M' 'M' 'M' 'U'
 'M' 'M' 'M' 'M' 'M' 'M' 'M' 'U' 'M' 'U' 'U' 'M' 'M' 'M' 'M' 'M' 'M' 'M'
 'M' 'M' 'M' 'U' 'M' 'M' 'M' 'A' 'M' 'A' 'U' 'M' 'M' 'M' 'U' 'M' 'M' 'M'
 'M' 'A' 'M' 'M' 'M' 'U' 'U' 'U' 'U' 'U' 'U' 'U' 'U' 'M' 'M' 'M' 'M' 'M'
 'U' 'U' 'M' 'M' 'M' 'U' 'M' 'M' 'M' 'U' 'M' 'M' 'M' 'M' 'M' 'M' 'M' 'M'
 'M' 'M' 'A' 'M' 'M' 'M' 'M' 'M' 'M' 'M' 'M' 'M' 'M' 'M' 'U' 'M' 'M' 'M'
 'M' 'M' 'M' 'M' 'M' 'M' 'M' 'U' 'U' 'M' 'M' 'M' 'U' 'M' 'M' 'M' 'M' 'M']"
323601,0,159,5,154,39,0,0,"['A' 'U' 'M' 'M' 'M' 'M' 'M' 'M' 'M' 'M' 'M' 'M' 'M' 'M' 'U' 'M' 'M' 'M'
 'M' 'M' 'M' 'M' 'U' 'M' 'M' 'M' 'M' 'M' 'M' 'M' 'U' 'U' 'M' 'M' 'M' 'A'
 'M' 'M' 'M' 'M' 'U' 'M' 'M' 'M' 'U' 'M' 'M' 'M' 'M' 'M' 'M' 'M' 'M' 'M'
 'U' 'M' 'M' 'M' 'M' 'M' 'M' 'M' 'M' 'M' 'M' 'M' 'U' 'M' 'M' 'U' 'M' 'M'
 'M' 'M' 'M' 'M' 'M' 'M' 'M' 'M' 'M' 'M' 'U' 'M' 'M' 'M' 'M' 'M' 'M' 'U'
 'M' 'M' 'U' 'M' 'M' 'M' 'U' 'U' 'M' 'U' 'U' 'M' 'M' 'M' 'M' 'M' 'M' 'M'
 'M' 'M' 'M' 'U' 'M' 'M' 'M' 'A' 'M' 'U' 'U' 'M' 'M' 'M' 'M' 'M' 'M' 'M'
 'M' 'A' 'M' 'M' 'M' 'U' 'U' 'U' 'U' 'U' 'U' 'U' 'U' 'M' 'M' 'M' 'M' 'M'
 'U' 'U' 'M' 'M' 'M' 'U' 'U' 'M' 'M' 'U' 'M' 'M' 'M' 'M' 'M' 'M' 'M' 'M'
 'M' 'M' 'A' 'M' 'M' 'M' 'M' 'M' 'M' 'M' 'U' 'M' 'M' 'M' 'U' 'M' 'M' 'M'
 'M' 'M' 'M' 'M' 'M' 'M' 'M' 'U' 'U' 'U' 'M' 'M' 'U' 'M' 'M' 'M' 'M' 'M']"
323701,0,161,5,156,37,1,0,"['A' 'M' 'M' 'U' 'M' 'M' 'M' 'M' 'M' 'M' 'M' 'U' 'M' 'M' 'U' 'M' 'M' 'M'
 'M' 'M' 'M' 'M' 'M' 'M' 'M' 'M' 'M' 'M' 'M' 'M' 'M' 'M' 'U' 'M' 'M' 'A'
 'U' 'M' 'M' 'M' 'U' 'M' 'M' 'M' 'U' 'M' 'M' 'M' 'M' 'M' 'U' 'M' 'M' 'M'
 'U' 'U' 'U' 'M' 'M' 'M' 'M' 'M' 'M' 'M' 'M' 'M' 'M' 'M' 'M' 'M' 'M' 'M'
 'M' 'M' 'M' 'M' 'M' 'M' 'U' 'U' 'U' 'M' 'U' 'M' 'U' 'M' 'M' 'M' 'M' 'M'
 'M' 'M' 'M' 'M' 'M' 'M' 'U' 'M' 'M' 'U' 'M' 'M' 'M' 'M' 'M' 'M' 'M' 'M'
 'M' 'M' 'M' 'U' 'M' 'M' 'M' 'A' 'M' 'M' 'U' 'M' 'M' 'U' 'M' 'M' 'U' 'M'
 'M' 'A' 'M' 'M' 'M' 'U' 'U' 'U' 'U' 'U' 'M' 'U' 'U' 'M' 'M' 'M' 'M' 'M'
 'M' 'U' 'M' 'M' 'M' 'U' 'M' 'M' 'M' 'M' 'M' 'M' 'M' 'M' 'M' 'M' 'M' 'U'
 'M' 'M' 'A' 'M' 'M' 'M' 'U' 'M' 'M' 'M' 'M' 'M' 'M' 'M' 'U' 'M' 'M' 'M'
 'M' 'M' 'M' 'M' 'M' 'M' 'M' 'U' 'M' 'M' 'M' 'M' 'U' 'M' 'M' 'U' 'M' 'M']"
323801,0,157,4,153,41,0,0,"['A' 'M' 'M' 'U' 'M' 'M' 'M' 'M' 'M' 'M' 'M' 'M' 'M' 'M' 'U' 'M' 'U' 'M'
 'M' 'M' 'M' 'M' 'M' 'U' 'M' 'M' 'M' 'M' 'M' 'M' 'M' 'M' 'U' 'M' 'M' 'A'
 'U' 'M' 'M' 'M' 'U' 'M' 'M' 'M' 'M' 'M' 'M' 'M' 'M' 'M' 'U' 'M' 'M' 'M'
 'M' 'M' 'U' 'M' 'M' 'M' 'M' 'M' 'M' 'M' 'M' 'M' 'M' 'M' 'U' 'M' 'M' 'M'
 'M' 'U' 'M' 'M' 'M' 'M' 'M' 'U' 'M' 'M' 'M' 'M' 'M' 'U' 'M' 'U' 'M' 'M'
 'M' 'M' 'M' 'M' 'M' 'M' 'U' 'M' 'M' 'U' 'M' 'M' 'M' 'M' 'M' 'U' 'M' 'M'
 'M' 'M' 'M' 'U' 'U' 'M' 'M' 'A' 'M' 'M' 'U' 'M' 'M' 'U' 'M' 'M' 'U' 'U'
 'M' 'A' 'M' 'M' 'M' 'U' 'U' 'U' 'U' 'U' 'M' 'U' 'U' 'M' 'M' 'M' 'M' 'M'
 'M' 'U' 'M' 'M' 'M' 'U' 'M' 'M' 'M' 'M' 'M' 'M' 'M' 'M' 'M' 'M' 'M' 'U'
 'M' 'U' 'U' 'U' 'M' 'M' 'U' 'M' 'M' 'M' 'U' 'M' 'M' 'M' 'U' 'M' 'M' 'M'
 'M' 'M' 'M' 'M' 'M' 'M' 'M' 'U' 'M' 'M' 'M' 'M' 'M' 'M' 'M' 'U' 'M' 'M']"
323901,0,161,4,157,37,0,1,"['A' 'M' 'U' 'U' 'M' 'M' 'M' 'M' 'M' 'M' 'M' 'M' 'M' 'M' 'U' 'M' 'U' 'M'
 'M' 'M' 'M' 'U' 'M' 'U' 'M' 'M' 'M' 'U' 'M' 'M' 'M' 'M' 'U' 'M' 'M' 'A'
 'U' 'M' 'M' 'M' 'U' 'M' 'M' 'M' 'M' 'M' 'M' 'M' 'M' 'M' 'M' 'M' 'M' 'M'
 'M' 'M' 'U' 'M' 'M' 'M' 'M' 'M' 'M' 'M' 'M' 'M' 'M' 'M' 'U' 'U' 'M' 'M'
 'M' 'M' 'M' 'M' 'M' 'M' 'M' 'M' 'M' 'M' 'M' 'U' 'M' 'M' 'M' 'M' 'M' 'U'
 'M' 'M' 'M' 'U' 'M' 'M' 'U' 'M' 'M' 'M' 'M' 'M' 'M' 'M' 'M' 'M' 'M' 'M'
 'M' 'M' 'M' 'U' 'M' 'M' 'M' 'A' 'M' 'M' 'U' 'M' 'M' 'M' 'M' 'M' 'U' 'U'
 'M' 'A' 'M' 'M' 'M' 'U' 'U' 'U' 'U' 'U' 'M' 'U' 'M' 'M' 'M' 'M' 'M' 'M'
 'M' 'U' 'M' 'M' 'M' 'M' 'M' 'M' 'M' 'M' 'M' 'M' 'M' 'M' 'M' 'M' 'M' 'U'
 'M' 'U' 'U' 'U' 'M' 'M' 'U' 'M' 'M' 'M' 'M' 'M' 'M' 'U' 'U' 'M' 'M' 'M'
 'M' 'U' 'M' 'M' 'M' 'M' 'M' 'M' 'M' 'M' 'M' 'M' 'M' 'M' 'M' 'U' 'M' 'M']"
324001,0,156,4,152,42,0,0,"['A' 'M' 'U' 'U' 'M' 'M' 'M' 'M' 'M' 'M' 'M' 'M' 'M' 'M' 'M' 'M' 'M' 'M'
 'M' 'M' 'M' 'M' 'M' 'U' 'M' 'M' 'M' 'U' 'M' 'U' 'M' 'M' 'U' 'U' 'M' 'A'
 'U' 'U' 'M' 'M' 'U' 'M' 'M' 'M' 'M' 'M' 'M' 'M' 'M' 'M' 'M' 'M' 'M' 'U'
 'M' 'M' 'U' 'M' 'U' 'M' 'M' 'M' 'M' 'M' 'M' 'M' 'M' 'M' 'U' 'M' 'M' 'M'
 'M' 'U' 'M' 'M' 'M' 'M' 'M' 'U' 'U' 'M' 'M' 'M' 'M' 'U' 'M' 'M' 'M' 'M'
 'M' 'M' 'M' 'M' 'M' 'U' 'U' 'M' 'M' 'M' 'M' 'M' 'M' 'M' 'M' 'M' 'M' 'M'
 'M' 'M' 'M' 'U' 'M' 'M' 'M' 'A' 'M' 'M' 'U' 'M' 'M' 'M' 'M' 'M' 'U' 'U'
 'M' 'A' 'M' 'M' 'M' 'M' 'U' 'U' 'U' 'U' 'U' 'U' 'M' 'M' 'M' 'M' 'M' 'M'
 'M' 'M' 'M' 'M' 'M' 'M' 'M' 'M' 'M' 'M' 'U' 'M' 'M' 'M' 'M' 'M' 'M' 'U'
 'M' 'U' 'U' 'M' 'M' 'U' 'U' 'M' 'M' 'M' 'M' 'M' 'M' 'U' 'U' 'M' 'M' 'M'
 'M' 'U' 'M' 'U' 'M' 'M' 'M' 'M' 'M' 'M' 'M' 'U' 'M' 'M' 'M' 'U' 'M' 'M']"
324101,0,157,4,153,41,0,0,"['A' 'M' 'U' 'M' 'M' 'M' 'M' 'M' 'M' 'M' 'M' 'M' 'M' 'M' 'M' 'M' 'M' 'M'
 'M' 'M' 'M' 'M' 'M' 'U' 'U' 'M' 'M' 'M' 'M' 'M' 'M' 'M' 'U' 'U' 'M' 'A'
 'U' 'M' 'M' 'M' 'U' 'M' 'M' 'M' 'M' 'M' 'M' 'M' 'M' 'M' 'M' 'M' 'M' 'U'
 'M' 'M' 'U' 'M' 'U' 'M' 'M' 'M' 'M' 'M' 'M' 'M' 'M' 'U' 'M' 'M' 'M' 'M'
 'U' 'U' 'M' 'M' 'M' 'M' 'M' 'M' 'M' 'M' 'M' 'U' 'M' 'M' 'M' 'M' 'M' 'M'
 'M' 'U' 'M' 'M' 'M' 'U' 'U' 'M' 'M' 'M' 'M' 'M' 'M' 'U' 'M' 'M' 'M' 'M'
 'M' 'M' 'M' 'U' 'M' 'M' 'U' 'U' 'M' 'M' 'U' 'M' 'M' 'M' 'U' 'M' 'U' 'U'
 'M' 'A' 'M' 'M' 'M' 'M' 'U' 'U' 'U' 'U' 'U' 'U' 'U' 'M' 'M' 'M' 'M' 'M'
 'M' 'M' 'M' 'M' 'M' 'M' 'M' 'M' 'M' 'M' 'A' 'M' 'M' 'M' 'M' 'M' 'M' 'U'
 'M' 'U' 'U' 'M' 'M' 'M' 'U' 'M' 'M' 'M' 'M' 'M' 'M' 'M' 'M' 'M' 'M' 'M'
 'U' 'U' 'M' 'M' 'M' 'M' 'M' 'M' 'M' 'M' 'M' 'U' 'M' 'M' 'M' 'U' 'M' 'U']"
324201,0,157,4,153,41,0,0,"['A' 'M' 'U' 'M' 'M' 'M' 'M' 'M' 'M' 'M' 'M' 'M' 'M' 'M' 'M' 'M' 'M' 'M'
 'M' 'M' 'M' 'M' 'M' 'M' 'U' 'M' 'M' 'M' 'M' 'M' 'M' 'M' 'M' 'U' 'M' 'A'
 'U' 'M' 'M' 'M' 'U' 'M' 'M' 'U' 'M' 'M' 'M' 'M' 'M' 'M' 'M' 'M' 'M' 'U'
 'M' 'M' 'U' 'M' 'M' 'M' 'M' 'M' 'U' 'M' 'M' 'M' 'M' 'U' 'M' 'M' 'M' 'U'
 'M' 'M' 'M' 'M' 'M' 'M' 'M' 'M' 'M' 'M' 'M' 'M' 'M' 'U' 'M' 'M' 'U' 'M'
 'M' 'M' 'U' 'M' 'M' 'U' 'U' 'M' 'M' 'M' 'M' 'U' 'M' 'U' 'M' 'M' 'M' 'M'
 'M' 'M' 'M' 'M' 'M' 'M' 'U' 'U' 'M' 'M' 'U' 'M' 'U' 'M' 'U' 'M' 'M' 'U'
 'M' 'A' 'M' 'U' 'M' 'M' 'U' 'U' 'U' 'U' 'M' 'U' 'M' 'M' 'M' 'M' 'U' 'M'
 'M' 'M' 'M' 'M' 'M' 'M' 'M' 'M' 'M' 'M' 'A' 'M' 'M' 'M' 'M' 'U' 'M' 'U'
 'M' 'U' 'M' 'M' 'M' 'M' 'U' 'M' 'M' 'U' 'M' 'M' 'M' 'M' 'M' 'M' 'M' 'M'
 'U' 'U' 'M' 'M' 'M' 'M' 'M' 'M' 'M' 'M' 'M' 'U' 'M' 'M' 'M' 'U' 'M' 'U']"
324301,1,156,4,152,42,0,0,"['A' 'M' 'U' 'M' 'M' 'M' 'M' 'M' 'M' 'M' 'M' 'M' 'M' 'M' 'U' 'M' 'M' 'M'
 'M' 'M' 'M' 'M' 'M' 'M' 'A' 'M' 'M' 'M' 'M' 'M' 'M' 'U' 'M' 'U' 'M' 'U'
 'M' 'M' 'M' 'M' 'M' 'M' 'M' 'M' 'M' 'M' 'M' 'M' 'M' 'M' 'M' 'M' 'M' 'U'
 'M' 'M' 'M' 'U' 'U' 'M' 'M' 'M' 'M' 'M' 'M' 'M' 'M' 'M' 'U' 'M' 'M' 'M'
 'U' 'M' 'M' 'M' 'M' 'M' 'M' 'M' 'M' 'M' 'M' 'M' 'U' 'U' 'M' 'M' 'M' 'M'
 'M' 'M' 'M' 'U' 'M' 'M' 'U' 'M' 'M' 'M' 'M' 'U' 'M' 'U' 'M' 'M' 'M' 'M'
 'M' 'U' 'M' 'M' 'U' 'M' 'U' 'M' 'M' 'M' 'U' 'M' 'U' 'M' 'U' 'M' 'M' 'U'
 'M' 'A' 'M' 'U' 'M' 'M' 'U' 'U' 'U' 'U' 'U' 'U' 'M' 'U' 'M' 'M' 'U' 'M'
 'M' 'M' 'M' 'M' 'M' 'M' 'M' 'U' 'M' 'M' 'A' 'M' 'M' 'M' 'M' 'U' 'M' 'U'
 'M' 'U' 'M' 'M' 'M' 'M' 'U' 'M' 'M' 'U' 'M' 'M' 'M' 'M' 'M' 'M' 'M' 'M'
 'U' 'U' 'M' 'M' 'M' 'M' 'M' 'M' 'M' 'M' 'M' 'U' 'M' 'M' 'M' 'U' 'M' 'M']"
324401,0,156,3,153,42,0,0,"['A' 'M' 'U' 'M' 'M' 'M' 'M' 'M' 'M' 'M' 'M' 'M' 'M' 'M' 'U' 'M' 'M' 'M'
 'M' 'M' 'M' 'M' 'M' 'U' 'U' 'M' 'M' 'M' 'M' 'M' 'M' 'U' 'M' 'U' 'M' 'U'
 'M' 'M' 'M' 'M' 'M' 'M' 'M' 'M' 'M' 'M' 'M' 'U' 'M' 'M' 'M' 'M' 'M' 'U'
 'M' 'M' 'U' 'U' 'M' 'M' 'M' 'M' 'M' 'M' 'M' 'M' 'M' 'U' 'M' 'M' 'M' 'M'
 'M' 'M' 'M' 'M' 'M' 'M' 'M' 'M' 'M' 'M' 'M' 'U' 'U' 'M' 'M' 'M' 'M' 'M'
 'U' 'M' 'M' 'M' 'U' 'M' 'M' 'M' 'M' 'M' 'M' 'U' 'M' 'M' 'M' 'M' 'M' 'M'
 'M' 'M' 'M' 'M' 'U' 'M' 'U' 'M' 'M' 'M' 'U' 'M' 'U' 'M' 'M' 'M' 'M' 'U'
 'M' 'A' 'M' 'U' 'M' 'M' 'U' 'U' 'U' 'U' 'U' 'U' 'U' 'U' 'M' 'M' 'M' 'U'
 'M' 'M' 'M' 'M' 'M' 'M' 'M' 'U' 'M' 'M' 'U' 'M' 'M' 'M' 'M' 'U' 'M' 'U'
 'M' 'U' 'M' 'M' 'M' 'M' 'U' 'M' 'M' 'U' 'M' 'M' 'M' 'M' 'M' 'U' 'M' 'M'
 'M' 'U' 'M' 'M' 'M' 'M' 'M' 'M' 'M' 'M' 'M' 'A' 'M' 'M' 'M' 'M' 'M' 'U']"
324501,0,161,4,157,37,0,0,"['A' 'M' 'U' 'M' 'M' 'M' 'M' 'M' 'M' 'M' 'M' 'M' 'M' 'M' 'M' 'M' 'M' 'M'
 'M' 'M' 'M' 'M' 'M' 'U' 'U' 'M' 'M' 'M' 'M' 'U' 'M' 'U' 'M' 'U' 'M' 'U'
 'M' 'M' 'M' 'M' 'M' 'M' 'M' 'M' 'M' 'U' 'M' 'U' 'M' 'M' 'M' 'M' 'M' 'M'
 'M' 'M' 'U' 'U' 'M' 'M' 'M' 'M' 'M' 'M' 'M' 'U' 'M' 'M' 'M' 'M' 'M' 'M'
 'M' 'M' 'M' 'M' 'M' 'M' 'M' 'U' 'M' 'M' 'M' 'U' 'U' 'M' 'M' 'M' 'M' 'M'
 'U' 'M' 'M' 'M' 'M' 'M' 'M' 'U' 'M' 'M' 'M' 'U' 'M' 'M' 'M' 'M' 'M' 'M'
 'M' 'M' 'M' 'M' 'U' 'M' 'U' 'M' 'M' 'M' 'U' 'M' 'U' 'M' 'M' 'M' 'M' 'U'
 'M' 'A' 'M' 'U' 'M' 'M' 'M' 'M' 'U' 'M' 'U' 'A' 'U' 'M' 'M' 'M' 'M' 'U'
 'M' 'U' 'M' 'M' 'M' 'M' 'M' 'U' 'M' 'M' 'M' 'M' 'M' 'M' 'M' 'U' 'M' 'M'
 'M' 'U' 'M' 'M' 'M' 'M' 'U' 'M' 'M' 'M' 'M' 'M' 'M' 'U' 'M' 'U' 'M' 'M'
 'M' 'U' 'M' 'M' 'M' 'M' 'M' 'M' 'M' 'M' 'M' 'A' 'M' 'M' 'M' 'M' 'M' 'U']"
324601,0,156,4,152,42,0,0,"['A' 'M' 'U' 'M' 'M' 'M' 'M' 'A' 'U' 'M' 'M' 'M' 'M' 'M' 'M' 'M' 'U' 'M'
 'M' 'M' 'U' 'M' 'M' 'U' 'U' 'M' 'M' 'M' 'M' 'U' 'M' 'U' 'M' 'M' 'M' 'U'
 'M' 'M' 'M' 'M' 'M' 'M' 'M' 'M' 'M' 'M' 'M' 'M' 'M' 'U' 'M' 'M' 'M' 'M'
 'M' 'M' 'M' 'U' 'M' 'M' 'U' 'M' 'M' 'M' 'M' 'U' 'M' 'M' 'M' 'M' 'M' 'M'
 'U' 'M' 'M' 'U' 'M' 'M' 'M' 'M' 'U' 'M' 'M' 'U' 'M' 'M' 'M' 'M' 'M' 'M'
 'M' 'M' 'M' 'M' 'M' 'M' 'M' 'U' 'M' 'M' 'M' 'U' 'M' 'M' 'M' 'M' 'M' 'M'
 'M' 'M' 'U' 'M' 'M' 'M' 'U' 'U' 'M' 'M' 'U' 'M' 'U' 'M' 'M' 'M' 'M' 'U'
 'M' 'U' 'M' 'U' 'M' 'M' 'U' 'M' 'U' 'M' 'M' 'A' 'U' 'M' 'M' 'M' 'M' 'U'
 'M' 'U' 'M' 'U' 'M' 'M' 'U' 'U' 'M' 'M' 'M' 'M' 'M' 'M' 'M' 'U' 'M' 'M'
 'M' 'U' 'M' 'M' 'M' 'M' 'U' 'M' 'M' 'M' 'M' 'M' 'M' 'U' 'M' 'U' 'M' 'M'
 'M' 'U' 'M' 'M' 'M' 'M' 'M' 'M' 'M' 'M' 'M' 'A' 'M' 'M' 'M' 'M' 'M' 'U']"
324701,0,160,5,155,38,0,0,"['A' 'U' 'M' 'M' 'M' 'M' 'M' 'A' 'U' 'M' 'M' 'M' 'M' 'M' 'M' 'M' 'U' 'M'
 'M' 'M' 'U' 'M' 'M' 'U' 'U' 'M' 'M' 'M' 'M' 'U' 'U' 'U' 'M' 'M' 'U' 'U'
 'M' 'M' 'M' 'M' 'M' 'M' 'M' 'M' 'M' 'M' 'M' 'M' 'M' 'U' 'M' 'M' 'M' 'M'
 'M' 'M' 'M' 'U' 'M' 'M' 'M' 'M' 'M' 'M' 'M' 'M' 'M' 'M' 'M' 'M' 'M' 'M'
 'U' 'M' 'M' 'M' 'M' 'M' 'U' 'M' 'M' 'M' 'M' 'M' 'M' 'M' 'U' 'M' 'M' 'M'
 'U' 'M' 'M' 'M' 'U' 'M' 'M' 'U' 'M' 'M' 'M' 'U' 'M' 'M' 'M' 'U' 'M' 'M'
 'M' 'M' 'U' 'U' 'M' 'M' 'U' 'M' 'M' 'M' 'A' 'M' 'U' 'M' 'M' 'M' 'M' 'M'
 'M' 'M' 'M' 'U' 'M' 'M' 'M' 'M' 'M' 'M' 'M' 'A' 'M' 'M' 'M' 'M' 'M' 'U'
 'U' 'U' 'M' 'M' 'M' 'M' 'M' 'U' 'M' 'M' 'M' 'M' 'M' 'M' 'M' 'U' 'M' 'M'
 'M' 'U' 'M' 'M' 'M' 'U' 'U' 'M' 'M' 'M' 'M' 'M' 'M' 'M' 'M' 'U' 'M' 'M'
 'M' 'U' 'M' 'M' 'U' 'M' 'M' 'M' 'M' 'M' 'M' 'A' 'M' 'M' 'M' 'M' 'M' 'U']"
324801,0,159,6,153,39,0,0,"['A' 'U' 'M' 'M' 'M' 'M' 'M' 'A' 'U' 'M' 'M' 'M' 'M' 'M' 'M' 'M' 'U' 'M'
 'M' 'M' 'M' 'M' 'M' 'U' 'A' 'M' 'M' 'M' 'M' 'U' 'U' 'U' 'M' 'M' 'U' 'U'
 'M' 'M' 'M' 'M' 'M' 'M' 'M' 'M' 'M' 'M' 'M' 'U' 'M' 'U' 'M' 'M' 'M' 'M'
 'M' 'M' 'M' 'U' 'M' 'M' 'M' 'M' 'M' 'M' 'M' 'M' 'M' 'M' 'M' 'M' 'M' 'U'
 'M' 'M' 'U' 'M' 'M' 'M' 'M' 'M' 'U' 'M' 'M' 'M' 'M' 'M' 'M' 'M' 'M' 'M'
 'U' 'M' 'M' 'U' 'M' 'U' 'M' 'U' 'U' 'M' 'M' 'U' 'M' 'M' 'M' 'U' 'M' 'M'
 'U' 'M' 'U' 'U' 'M' 'M' 'M' 'M' 'M' 'M' 'A' 'M' 'U' 'M' 'M' 'M' 'M' 'M'
 'M' 'M' 'M' 'U' 'M' 'M' 'M' 'M' 'M' 'M' 'M' 'A' 'M' 'M' 'M' 'M' 'M' 'U'
 'U' 'U' 'M' 'M' 'M' 'M' 'M' 'U' 'M' 'M' 'M' 'M' 'M' 'M' 'M' 'U' 'M' 'M'
 'U' 'M' 'M' 'M' 'M' 'M' 'U' 'M' 'M' 'M' 'M' 'M' 'M' 'M' 'M' 'U' 'M' 'U'
 'M' 'U' 'M' 'M' 'U' 'M' 'M' 'M' 'M' 'M' 'M' 'A' 'M' 'M' 'M' 'M' 'M' 'U']"
324901,0,160,7,153,38,1,0,"['A' 'U' 'M' 'M' 'M' 'U' 'M' 'A' 'U' 'M' 'M' 'M' 'M' 'M' 'U' 'M' 'U' 'M'
 'M' 'M' 'M' 'M' 'M' 'M' 'A' 'M' 'M' 'M' 'M' 'U' 'U' 'A' 'M' 'M' 'U' 'U'
 'M' 'M' 'M' 'M' 'M' 'M' 'M' 'M' 'M' 'M' 'M' 'U' 'M' 'U' 'M' 'M' 'M' 'M'
 'M' 'M' 'M' 'U' 'M' 'M' 'M' 'M' 'M' 'M' 'M' 'M' 'M' 'M' 'U' 'M' 'U' 'M'
 'M' 'M' 'M' 'U' 'M' 'M' 'M' 'U' 'M' 'M' 'M' 'M' 'M' 'M' 'M' 'M' 'M' 'U'
 'M' 'M' 'M' 'M' 'M' 'U' 'M' 'U' 'U' 'M' 'M' 'M' 'M' 'U' 'M' 'M' 'M' 'M'
 'U' 'M' 'U' 'U' 'M' 'M' 'M' 'M' 'M' 'M' 'A' 'M' 'U' 'M' 'M' 'M' 'M' 'M'
 'M' 'M' 'M' 'U' 'M' 'M' 'M' 'M' 'M' 'M' 'M' 'A' 'U' 'M' 'M' 'M' 'M' 'M'
 'U' 'M' 'M' 'M' 'M' 'M' 'M' 'U' 'M' 'M' 'M' 'M' 'M' 'M' 'M' 'U' 'M' 'M'
 'U' 'M' 'M' 'M' 'M' 'M' 'U' 'M' 'M' 'M' 'M' 'M' 'M' 'M' 'M' 'U' 'M' 'U'
 'U' 'U' 'M' 'M' 'U' 'M' 'M' 'M' 'M' 'M' 'M' 'A' 'M' 'M' 'M' 'M' 'M' 'U']"
325001,0,152,5,147,46,0,0,"['A' 'U' 'M' 'M' 'M' 'U' 'M' 'U' 'U' 'M' 'M' 'M' 'M' 'M' 'U' 'M' 'U' 'M'
 'M' 'M' 'M' 'M' 'M' 'U' 'A' 'M' 'U' 'M' 'M' 'U' 'U' 'A' 'M' 'M' 'U' 'U'
 'M' 'M' 'M' 'M' 'M' 'M' 'M' 'M' 'M' 'M' 'M' 'U' 'M' 'U' 'M' 'M' 'M' 'M'
 'M' 'M' 'M' 'M' 'M' 'M' 'M' 'M' 'M' 'U' 'M' 'M' 'M' 'M' 'M' 'M' 'M' 'M'
 'M' 'M' 'U' 'M' 'M' 'M' 'M' 'M' 'M' 'U' 'M' 'U' 'M' 'M' 'M' 'U' 'M' 'U'
 'M' 'M' 'M' 'M' 'M' 'A' 'M' 'M' 'M' 'M' 'M' 'M' 'M' 'A' 'M' 'M' 'M' 'M'
 'U' 'M' 'M' 'U' 'M' 'M' 'M' 'M' 'M' 'M' 'U' 'M' 'U' 'U' 'M' 'M' 'M' 'M'
 'M' 'M' 'M' 'U' 'M' 'U' 'U' 'U' 'U' 'U' 'U' 'U' 'U' 'M' 'M' 'M' 'M' 'M'
 'U' 'M' 'M' 'M' 'M' 'M' 'M' 'U' 'M' 'M' 'M' 'M' 'M' 'M' 'M' 'U' 'M' 'M'
 'U' 'M' 'M' 'M' 'M' 'M' 'U' 'M' 'M' 'M' 'M' 'M' 'U' 'M' 'M' 'U' 'M' 'U'
 'U' 'U' 'M' 'M' 'U' 'M' 'M' 'M' 'M' 'M' 'M' 'U' 'M' 'M' 'M' 'M' 'M' 'M']"
325101,0,161,7,154,37,0,0,"['A' 'A' 'M' 'U' 'M' 'U' 'M' 'M' 'M' 'M' 'U' 'M' 'M' 'M' 'U' 'M' 'U' 'M'
 'M' 'M' 'M' 'M' 'M' 'M' 'A' 'M' 'U' 'M' 'M' 'A' 'U' 'A' 'M' 'M' 'U' 'U'
 'M' 'M' 'M' 'M' 'M' 'M' 'M' 'M' 'M' 'M' 'M' 'U' 'M' 'U' 'M' 'M' 'M' 'M'
 'U' 'M' 'M' 'M' 'M' 'M' 'M' 'M' 'M' 'U' 'M' 'M' 'M' 'M' 'M' 'M' 'M' 'M'
 'M' 'U' 'M' 'M' 'M' 'M' 'M' 'M' 'U' 'U' 'M' 'M' 'M' 'U' 'U' 'M' 'M' 'M'
 'M' 'M' 'M' 'M' 'M' 'A' 'M' 'M' 'M' 'M' 'M' 'M' 'M' 'A' 'M' 'M' 'M' 'M'
 'U' 'M' 'M' 'U' 'M' 'M' 'M' 'M' 'M' 'M' 'U' 'M' 'M' 'U' 'M' 'M' 'M' 'M'
 'M' 'M' 'M' 'U' 'M' 'U' 'U' 'U' 'U' 'U' 'M' 'M' 'U' 'M' 'M' 'M' 'M' 'M'
 'U' 'M' 'M' 'U' 'M' 'M' 'M' 'U' 'M' 'M' 'M' 'M' 'M' 'M' 'M' 'M' 'M' 'M'
 'U' 'M' 'M' 'M' 'M' 'M' 'U' 'M' 'M' 'M' 'M' 'M' 'M' 'M' 'M' 'M' 'M' 'M'
 'U' 'M' 'M' 'M' 'U' 'M' 'M' 'M' 'M' 'M' 'M' 'U' 'M' 'M' 'M' 'M' 'M' 'M']"
325201,0,163,5,158,35,0,0,"['A' 'A' 'M' 'U' 'M' 'M' 'M' 'M' 'M' 'M' 'U' 'M' 'M' 'U' 'U' 'M' 'U' 'M'
 'M' 'M' 'M' 'M' 'M' 'U' 'A' 'M' 'M' 'M' 'M' 'A' 'M' 'U' 'M' 'M' 'U' 'M'
 'M' 'M' 'M' 'M' 'M' 'U' 'M' 'M' 'M' 'M' 'M' 'M' 'M' 'U' 'M' 'M' 'M' 'M'
 'U' 'M' 'M' 'M' 'M' 'M' 'M' 'M' 'M' 'U' 'M' 'M' 'M' 'M' 'M' 'M' 'M' 'M'
 'M' 'M' 'M' 'M' 'U' 'U' 'M' 'M' 'M' 'M' 'M' 'M' 'M' 'U' 'M' 'U' 'M' 'M'
 'M' 'U' 'M' 'M' 'M' 'U' 'M' 'M' 'M' 'M' 'U' 'M' 'M' 'A' 'M' 'M' 'M' 'M'
 'U' 'U' 'M' 'U' 'M' 'M' 'M' 'M' 'M' 'M' 'U' 'M' 'M' 'U' 'M' 'U' 'M' 'M'
 'M' 'M' 'M' 'M' 'M' 'U' 'U' 'M' 'M' 'U' 'M' 'M' 'U' 'M' 'U' 'M' 'M' 'M'
 'U' 'M' 'M' 'M' 'M' 'M' 'M' 'U' 'M' 'M' 'M' 'M' 'M' 'M' 'M' 'M' 'M' 'M'
 'M' 'U' 'M' 'M' 'M' 'M' 'U' 'M' 'M' 'M' 'M' 'M' 'M' 'M' 'M' 'M' 'M' 'M'
 'U' 'M' 'M' 'M' 'M' 'M' 'M' 'M' 'M' 'M' 'M' 'M' 'M' 'M' 'M' 'M' 'M' 'M']"
325301,0,164,6,158,34,1,0,"['A' 'A' 'M' 'A' 'M' 'M' 'M' 'M' 'M' 'M' 'A' 'M' 'M' 'A' 'M' 'M' 'M' 'M'
 'U' 'M' 'M' 'M' 'M' 'M' 'U' 'M' 'M' 'M' 'M' 'U' 'M' 'U' 'M' 'M' 'M' 'M'
 'M' 'M' 'M' 'M' 'M' 'U' 'M' 'M' 'M' 'M' 'M' 'M' 'M' 'U' 'M' 'M' 'M' 'M'
 'U' 'M' 'M' 'M' 'M' 'M' 'M' 'M' 'U' 'U' 'M' 'M' 'M' 'M' 'U' 'M' 'U' 'M'
 'M' 'M' 'M' 'M' 'M' 'M' 'M' 'M' 'M' 'M' 'M' 'M' 'M' 'M' 'M' 'M' 'U' 'U'
 'U' 'M' 'M' 'M' 'M' 'A' 'U' 'M' 'M' 'M' 'U' 'M' 'M' 'U' 'M' 'M' 'U' 'M'
 'U' 'U' 'U' 'M' 'M' 'M' 'M' 'M' 'M' 'M' 'U' 'M' 'M' 'U' 'M' 'M' 'M' 'M'
 'M' 'M' 'M' 'M' 'M' 'U' 'U' 'M' 'M' 'M' 'M' 'M' 'U' 'M' 'U' 'M' 'M' 'M'
 'U' 'M' 'M' 'M' 'M' 'M' 'M' 'U' 'M' 'M' 'M' 'M' 'M' 'M' 'M' 'M' 'U' 'M'
 'M' 'U' 'M' 'M' 'U' 'M' 'M' 'M' 'M' 'M' 'M' 'M' 'U' 'M' 'M' 'M' 'M' 'M'
 'U' 'M' 'M' 'M' 'M' 'M' 'M' 'M' 'M' 'M' 'M' 'M' 'M' 'M' 'M' 'M' 'M' 'M']"
325401,0,167,5,162,31,0,0,"['A' 'A' 'U' 'A' 'M' 'U' 'U' 'M' 'M' 'M' 'A' 'M' 'M' 'U' 'M' 'M' 'M' 'M'
 'M' 'M' 'M' 'M' 'M' 'M' 'U' 'M' 'M' 'M' 'M' 'U' 'M' 'U' 'M' 'M' 'M' 'M'
 'M' 'M' 'M' 'M' 'M' 'U' 'M' 'M' 'M' 'M' 'M' 'M' 'M' 'M' 'M' 'M' 'M' 'U'
 'U' 'M' 'M' 'M' 'M' 'M' 'M' 'M' 'U' 'U' 'M' 'U' 'M' 'M' 'M' 'M' 'M' 'M'
 'M' 'M' 'M' 'M' 'M' 'M' 'M' 'M' 'M' 'M' 'M' 'U' 'M' 'U' 'M' 'M' 'M' 'M'
 'M' 'U' 'M' 'U' 'M' 'A' 'U' 'M' 'U' 'M' 'M' 'M' 'M' 'U' 'M' 'M' 'M' 'M'
 'U' 'M' 'U' 'M' 'M' 'M' 'M' 'M' 'M' 'M' 'M' 'M' 'M' 'U' 'M' 'M' 'M' 'M'
 'M' 'M' 'M' 'M' 'M' 'U' 'M' 'M' 'M' 'M' 'M' 'M' 'M' 'M' 'U' 'M' 'M' 'M'
 'U' 'M' 'M' 'M' 'M' 'M' 'M' 'M' 'M' 'M' 'M' 'M' 'M' 'M' 'M' 'M' 'U' 'M'
 'M' 'U' 'M' 'M' 'U' 'M' 'M' 'M' 'M' 'M' 'M' 'M' 'M' 'M' 'M' 'M' 'M' 'M'
 'U' 'M' 'M' 'M' 'M' 'M' 'M' 'M' 'M' 'M' 'M' 'U' 'M' 'M' 'M' 'M' 'M' 'M']"
325501,0,172,4,168,26,0,0,"['A' 'U' 'U' 'A' 'M' 'M' 'M' 'M' 'M' 'M' 'U' 'M' 'M' 'M' 'M' 'M' 'M' 'M'
 'M' 'M' 'M' 'M' 'M' 'M' 'U' 'M' 'M' 'M' 'M' 'M' 'M' 'M' 'M' 'M' 'M' 'M'
 'M' 'M' 'M' 'M' 'M' 'U' 'M' 'M' 'M' 'M' 'M' 'M' 'M' 'M' 'M' 'M' 'M' 'U'
 'M' 'M' 'M' 'M' 'M' 'M' 'M' 'M' 'U' 'M' 'M' 'M' 'M' 'M' 'U' 'M' 'M' 'M'
 'M' 'M' 'U' 'M' 'M' 'M' 'U' 'M' 'M' 'M' 'M' 'M' 'U' 'M' 'M' 'M' 'U' 'M'
 'M' 'M' 'M' 'M' 'M' 'A' 'M' 'M' 'U' 'M' 'M' 'M' 'M' 'U' 'M' 'M' 'M' 'M'
 'U' 'M' 'A' 'M' 'M' 'M' 'M' 'M' 'M' 'M' 'M' 'M' 'M' 'U' 'U' 'M' 'M' 'M'
 'M' 'M' 'M' 'M' 'M' 'U' 'M' 'M' 'M' 'M' 'M' 'M' 'M' 'M' 'M' 'M' 'M' 'U'
 'U' 'M' 'M' 'M' 'M' 'M' 'M' 'M' 'M' 'M' 'M' 'M' 'U' 'M' 'M' 'M' 'U' 'M'
 'M' 'U' 'M' 'M' 'U' 'M' 'M' 'M' 'M' 'M' 'M' 'M' 'M' 'M' 'M' 'M' 'M' 'M'
 'U' 'M' 'M' 'M' 'M' 'M' 'M' 'M' 'M' 'M' 'M' 'M' 'M' 'M' 'M' 'M' 'M' 'U']"
325601,0,176,5,171,22,0,0,"['A' 'U' 'U' 'A' 'M' 'M' 'M' 'M' 'M' 'M' 'M' 'M' 'M' 'M' 'M' 'M' 'M' 'M'
 'M' 'M' 'M' 'M' 'M' 'M' 'U' 'M' 'M' 'M' 'M' 'M' 'M' 'M' 'M' 'M' 'M' 'M'
 'M' 'M' 'M' 'M' 'M' 'M' 'M' 'M' 'M' 'M' 'M' 'M' 'M' 'M' 'M' 'M' 'M' 'U'
 'M' 'M' 'M' 'M' 'M' 'M' 'M' 'M' 'M' 'M' 'M' 'M' 'M' 'M' 'M' 'U' 'M' 'M'
 'M' 'M' 'U' 'M' 'M' 'M' 'M' 'U' 'M' 'M' 'M' 'M' 'M' 'M' 'M' 'M' 'M' 'M'
 'U' 'U' 'M' 'M' 'M' 'A' 'M' 'M' 'M' 'M' 'M' 'M' 'M' 'U' 'M' 'M' 'M' 'M'
 'U' 'M' 'A' 'M' 'M' 'M' 'M' 'M' 'M' 'M' 'M' 'M' 'M' 'U' 'A' 'M' 'M' 'M'
 'M' 'M' 'M' 'M' 'M' 'M' 'M' 'M' 'M' 'M' 'M' 'M' 'M' 'M' 'M' 'M' 'M' 'U'
 'U' 'M' 'M' 'M' 'M' 'M' 'M' 'M' 'M' 'U' 'U' 'M' 'U' 'M' 'M' 'M' 'M' 'M'
 'M' 'U' 'M' 'M' 'U' 'M' 'M' 'M' 'M' 'M' 'M' 'M' 'M' 'M' 'M' 'M' 'M' 'M'
 'U' 'M' 'M' 'M' 'M' 'M' 'M' 'M' 'M' 'M' 'M' 'U' 'M' 'M' 'M' 'M' 'M' 'U']"
325701,0,175,4,171,23,0,0,"['A' 'U' 'U' 'A' 'M' 'M' 'M' 'M' 'M' 'M' 'M' 'M' 'M' 'M' 'M' 'M' 'M' 'M'
 'M' 'M' 'M' 'M' 'M' 'M' 'U' 'M' 'M' 'M' 'M' 'M' 'U' 'M' 'M' 'M' 'M' 'M'
 'M' 'M' 'M' 'M' 'M' 'M' 'M' 'M' 'M' 'M' 'M' 'M' 'M' 'M' 'M' 'M' 'M' 'M'
 'M' 'M' 'M' 'M' 'M' 'M' 'M' 'M' 'M' 'M' 'U' 'M' 'U' 'M' 'U' 'M' 'M' 'M'
 'M' 'M' 'M' 'M' 'M' 'U' 'M' 'M' 'M' 'M' 'M' 'M' 'M' 'M' 'M' 'U' 'M' 'M'
 'U' 'M' 'M' 'M' 'M' 'U' 'M' 'M' 'M' 'M' 'M' 'M' 'M' 'U' 'M' 'M' 'M' 'M'
 'M' 'M' 'A' 'M' 'M' 'M' 'M' 'M' 'M' 'M' 'M' 'M' 'M' 'M' 'A' 'M' 'M' 'M'
 'M' 'M' 'M' 'M' 'M' 'M' 'M' 'M' 'M' 'M' 'M' 'M' 'M' 'M' 'M' 'M' 'M' 'U'
 'U' 'M' 'M' 'M' 'M' 'M' 'M' 'M' 'M' 'M' 'U' 'M' 'U' 'U' 'M' 'M' 'U' 'M'
 'M' 'U' 'M' 'M' 'M' 'M' 'M' 'M' 'M' 'U' 'M' 'M' 'M' 'M' 'U' 'M' 'U' 'M'
 'M' 'M' 'M' 'M' 'M' 'M' 'M' 'M' 'M' 'U' 'M' 'M' 'M' 'M' 'M' 'M' 'M' 'M']"
325801,0,176,4,172,22,1,0,"['A' 'M' 'U' 'A' 'M' 'M' 'M' 'M' 'M' 'M' 'M' 'M' 'M' 'M' 'M' 'M' 'M' 'M'
 'M' 'M' 'M' 'M' 'M' 'M' 'U' 'M' 'M' 'M' 'M' 'M' 'M' 'M' 'M' 'U' 'M' 'M'
 'M' 'M' 'M' 'M' 'M' 'M' 'M' 'M' 'M' 'M' 'M' 'M' 'M' 'M' 'M' 'M' 'M' 'M'
 'M' 'M' 'M' 'M' 'M' 'M' 'M' 'M' 'M' 'M' 'M' 'M' 'U' 'M' 'M' 'U' 'M' 'M'
 'M' 'M' 'U' 'M' 'M' 'M' 'M' 'M' 'M' 'U' 'M' 'M' 'M' 'M' 'M' 'M' 'M' 'M'
 'M' 'M' 'M' 'U' 'M' 'U' 'M' 'M' 'M' 'M' 'M' 'M' 'M' 'U' 'M' 'M' 'M' 'M'
 'M' 'M' 'U' 'M' 'M' 'U' 'M' 'M' 'M' 'M' 'M' 'M' 'M' 'M' 'A' 'M' 'M' 'M'
 'M' 'U' 'M' 'M' 'U' 'M' 'U' 'M' 'M' 'M' 'M' 'M' 'M' 'M' 'M' 'M' 'M' 'U'
 'U' 'M' 'M' 'M' 'M' 'M' 'M' 'M' 'M' 'M' 'A' 'M' 'M' 'U' 'M' 'M' 'M' 'M'
 'M' 'U' 'M' 'M' 'M' 'M' 'M' 'M' 'M' 'U' 'M' 'U' 'M' 'M' 'M' 'M' 'U' 'M'
 'M' 'M' 'M' 'M' 'M' 'M' 'M' 'M' 'M' 'M' 'M' 'M' 'M' 'M' 'M' 'M' 'M' 'M']"
325901,0,172,2,170,26,0,0,"['A' 'M' 'U' 'U' 'M' 'M' 'M' 'U' 'M' 'M' 'M' 'M' 'M' 'M' 'M' 'M' 'M' 'M'
 'M' 'M' 'M' 'U' 'M' 'M' 'U' 'M' 'M' 'M' 'M' 'M' 'U' 'M' 'M' 'U' 'M' 'M'
 'M' 'M' 'M' 'M' 'M' 'M' 'M' 'M' 'M' 'M' 'M' 'M' 'M' 'M' 'M' 'M' 'M' 'M'
 'M' 'M' 'M' 'M' 'M' 'M' 'M' 'M' 'M' 'M' 'M' 'M' 'M' 'M' 'U' 'M' 'M' 'M'
 'M' 'M' 'M' 'M' 'U' 'U' 'M' 'M' 'M' 'M' 'M' 'M' 'M' 'M' 'U' 'U' 'M' 'M'
 'M' 'M' 'M' 'M' 'M' 'U' 'M' 'M' 'M' 'M' 'M' 'M' 'M' 'U' 'M' 'M' 'M' 'M'
 'M' 'M' 'U' 'M' 'M' 'U' 'M' 'M' 'U' 'M' 'M' 'U' 'M' 'M' 'M' 'M' 'M' 'M'
 'M' 'M' 'M' 'M' 'U' 'M' 'U' 'M' 'M' 'M' 'M' 'M' 'M' 'M' 'M' 'M' 'M' 'U'
 'M' 'M' 'M' 'M' 'M' 'M' 'M' 'M' 'M' 'M' 'A' 'M' 'M' 'U' 'M' 'U' 'M' 'M'
 'M' 'M' 'M' 'M' 'M' 'M' 'M' 'U' 'M' 'U' 'M' 'U' 'M' 'M' 'M' 'M' 'M' 'M'
 'M' 'M' 'M' 'M' 'M' 'M' 'M' 'M' 'M' 'M' 'M' 'M' 'M' 'M' 'M' 'M' 'M' 'M']"
326001,0,174,2,172,24,0,0,"['A' 'U' 'U' 'U' 'M' 'M' 'M' 'M' 'M' 'M' 'M' 'M' 'M' 'M' 'M' 'M' 'M' 'M'
 'M' 'U' 'M' 'U' 'M' 'M' 'U' 'U' 'M' 'M' 'M' 'M' 'M' 'M' 'M' 'U' 'M' 'M'
 'M' 'M' 'M' 'M' 'M' 'M' 'M' 'M' 'M' 'M' 'M' 'M' 'U' 'M' 'M' 'M' 'M' 'M'
 'M' 'M' 'M' 'M' 'M' 'M' 'M' 'M' 'M' 'M' 'M' 'M' 'M' 'M' 'M' 'M' 'M' 'U'
 'M' 'U' 'M' 'U' 'M' 'M' 'U' 'M' 'M' 'M' 'M' 'M' 'U' 'M' 'M' 'M' 'M' 'M'
 'M' 'M' 'M' 'M' 'M' 'U' 'M' 'U' 'M' 'M' 'M' 'M' 'M' 'M' 'M' 'M' 'M' 'M'
 'M' 'M' 'U' 'M' 'M' 'U' 'M' 'M' 'M' 'M' 'M' 'U' 'M' 'M' 'M' 'M' 'M' 'M'
 'M' 'M' 'M' 'M' 'U' 'M' 'M' 'M' 'M' 'M' 'M' 'M' 'M' 'M' 'M' 'M' 'M' 'U'
 'M' 'M' 'M' 'M' 'M' 'M' 'M' 'M' 'M' 'M' 'A' 'M' 'M' 'U' 'M' 'U' 'M' 'M'
 'M' 'M' 'M' 'M' 'M' 'M' 'M' 'M' 'M' 'M' 'M' 'U' 'M' 'M' 'M' 'M' 'M' 'M'
 'M' 'M' 'M' 'M' 'M' 'M' 'M' 'M' 'M' 'M' 'M' 'M' 'M' 'M' 'M' 'M' 'M' 'M']"
326101,1,171,2,169,27,0,0,"['A' 'M' 'U' 'U' 'M' 'M' 'M' 'M' 'M' 'M' 'M' 'M' 'M' 'M' 'M' 'M' 'M' 'M'
 'M' 'M' 'M' 'U' 'M' 'M' 'U' 'U' 'M' 'M' 'M' 'M' 'M' 'M' 'M' 'M' 'M' 'M'
 'M' 'M' 'M' 'M' 'M' 'M' 'M' 'M' 'M' 'M' 'M' 'M' 'M' 'M' 'M' 'M' 'M' 'M'
 'M' 'M' 'M' 'M' 'M' 'M' 'M' 'M' 'M' 'M' 'M' 'M' 'M' 'U' 'U' 'M' 'U' 'M'
 'M' 'M' 'M' 'M' 'M' 'M' 'M' 'M' 'U' 'U' 'M' 'M' 'M' 'M' 'M' 'M' 'M' 'M'
 'M' 'M' 'M' 'M' 'M' 'M' 'M' 'U' 'M' 'M' 'M' 'M' 'M' 'M' 'M' 'M' 'M' 'M'
 'M' 'M' 'U' 'M' 'M' 'U' 'M' 'M' 'M' 'M' 'M' 'U' 'M' 'M' 'M' 'U' 'M' 'M'
 'M' 'M' 'M' 'M' 'U' 'U' 'M' 'U' 'U' 'U' 'U' 'U' 'U' 'M' 'M' 'M' 'M' 'M'
 'M' 'M' 'M' 'U' 'M' 'M' 'M' 'M' 'M' 'M' 'A' 'M' 'M' 'M' 'M' 'U' 'M' 'M'
 'M' 'M' 'M' 'M' 'M' 'M' 'M' 'M' 'M' 'M' 'M' 'U' 'M' 'M' 'M' 'M' 'M' 'M'
 'M' 'U' 'M' 'M' 'M' 'M' 'M' 'M' 'M' 'M' 'M' 'M' 'M' 'M' 'M' 'M' 'M' 'M']"
326201,0,168,2,166,30,0,0,"['A' 'M' 'U' 'U' 'M' 'M' 'M' 'M' 'M' 'M' 'M' 'U' 'M' 'M' 'M' 'U' 'M' 'M'
 'M' 'M' 'M' 'M' 'M' 'M' 'M' 'M' 'M' 'M' 'M' 'U' 'M' 'M' 'M' 'M' 'M' 'M'
 'M' 'M' 'M' 'M' 'M' 'M' 'M' 'U' 'M' 'M' 'M' 'M' 'M' 'M' 'M' 'M' 'M' 'M'
 'U' 'M' 'M' 'M' 'M' 'M' 'M' 'M' 'M' 'M' 'M' 'U' 'M' 'M' 'M' 'M' 'M' 'M'
 'M' 'M' 'M' 'M' 'M' 'M' 'M' 'U' 'M' 'M' 'U' 'M' 'M' 'M' 'U' 'M' 'M' 'M'
 'M' 'M' 'U' 'M' 'M' 'M' 'M' 'M' 'M' 'U' 'M' 'M' 'M' 'M' 'M' 'M' 'M' 'M'
 'M' 'U' 'U' 'M' 'M' 'U' 'M' 'M' 'M' 'M' 'M' 'M' 'M' 'M' 'M' 'U' 'M' 'M'
 'M' 'M' 'U' 'M' 'U' 'U' 'M' 'M' 'U' 'U' 'U' 'U' 'U' 'M' 'M' 'M' 'M' 'M'
 'M' 'M' 'M' 'U' 'M' 'M' 'M' 'M' 'M' 'M' 'A' 'M' 'M' 'U' 'M' 'M' 'M' 'M'
 'M' 'M' 'M' 'M' 'M' 'M' 'M' 'M' 'M' 'M' 'M' 'U' 'M' 'M' 'M' 'M' 'M' 'M'
 'M' 'U' 'M' 'M' 'M' 'U' 'M' 'M' 'M' 'M' 'M' 'M' 'M' 'M' 'M' 'M' 'M' 'M']"
326301,0,166,2,164,32,0,0,"['A' 'M' 'M' 'M' 'M' 'U' 'M' 'M' 'M' 'M' 'M' 'U' 'M' 'M' 'M' 'M' 'M' 'M'
 'M' 'M' 'M' 'M' 'U' 'M' 'M' 'M' 'M' 'M' 'M' 'U' 'M' 'M' 'M' 'M' 'M' 'M'
 'M' 'M' 'M' 'M' 'M' 'M' 'U' 'U' 'M' 'U' 'M' 'M' 'M' 'M' 'M' 'M' 'M' 'M'
 'M' 'M' 'U' 'M' 'M' 'M' 'M' 'M' 'M' 'M' 'M' 'M' 'U' 'M' 'U' 'M' 'U' 'M'
 'M' 'M' 'M' 'M' 'M' 'M' 'M' 'M' 'M' 'M' 'M' 'M' 'U' 'M' 'M' 'M' 'M' 'M'
 'M' 'M' 'M' 'U' 'M' 'M' 'M' 'M' 'M' 'M' 'M' 'M' 'M' 'M' 'M' 'M' 'M' 'M'
 'M' 'U' 'U' 'M' 'M' 'U' 'M' 'M' 'M' 'M' 'M' 'U' 'M' 'M' 'M' 'U' 'U' 'M'
 'M' 'M' 'M' 'M' 'U' 'U' 'M' 'M' 'U' 'U' 'U' 'U' 'U' 'U' 'M' 'M' 'M' 'M'
 'M' 'M' 'M' 'U' 'M' 'M' 'M' 'M' 'M' 'M' 'A' 'M' 'M' 'U' 'M' 'M' 'M' 'M'
 'M' 'M' 'M' 'M' 'M' 'M' 'M' 'M' 'M' 'M' 'M' 'U' 'M' 'M' 'M' 'M' 'M' 'M'
 'M' 'U' 'M' 'M' 'M' 'U' 'M' 'M' 'M' 'M' 'M' 'M' 'M' 'M' 'M' 'M' 'M' 'M']"
326401,0,173,3,170,25,0,0,"['A' 'M' 'M' 'M' 'M' 'M' 'M' 'M' 'M' 'M' 'M' 'M' 'M' 'M' 'M' 'M' 'M' 'M'
 'M' 'M' 'M' 'M' 'M' 'M' 'M' 'M' 'M' 'M' 'M' 'U' 'M' 'M' 'U' 'M' 'M' 'M'
 'M' 'M' 'M' 'M' 'M' 'M' 'U' 'U' 'M' 'U' 'M' 'M' 'M' 'M' 'M' 'U' 'M' 'M'
 'M' 'M' 'U' 'M' 'M' 'M' 'M' 'M' 'M' 'M' 'M' 'M' 'M' 'M' 'M' 'M' 'M' 'M'
 'M' 'M' 'M' 'U' 'M' 'M' 'U' 'M' 'M' 'U' 'U' 'M' 'M' 'M' 'M' 'M' 'M' 'M'
 'M' 'M' 'M' 'U' 'M' 'M' 'M' 'M' 'M' 'M' 'M' 'M' 'M' 'M' 'M' 'M' 'M' 'M'
 'M' 'M' 'U' 'M' 'M' 'M' 'M' 'M' 'M' 'M' 'M' 'M' 'M' 'M' 'M' 'U' 'A' 'M'
 'M' 'M' 'M' 'M' 'U' 'U' 'M' 'M' 'U' 'M' 'M' 'M' 'U' 'M' 'U' 'M' 'M' 'M'
 'M' 'M' 'M' 'U' 'M' 'M' 'M' 'M' 'M' 'M' 'A' 'M' 'M' 'U' 'M' 'M' 'M' 'M'
 'M' 'M' 'M' 'M' 'M' 'M' 'M' 'M' 'M' 'M' 'M' 'U' 'M' 'M' 'M' 'M' 'M' 'M'
 'M' 'U' 'M' 'M' 'U' 'U' 'M' 'M' 'M' 'M' 'M' 'M' 'M' 'M' 'M' 'M' 'M' 'M']"
326501,0,172,2,170,26,0,0,"['A' 'M' 'M' 'M' 'M' 'M' 'M' 'M' 'M' 'M' 'M' 'M' 'M' 'M' 'M' 'M' 'M' 'M'
 'M' 'M' 'M' 'M' 'M' 'U' 'M' 'M' 'M' 'M' 'M' 'U' 'M' 'M' 'U' 'M' 'M' 'M'
 'M' 'M' 'M' 'M' 'M' 'M' 'U' 'U' 'M' 'M' 'M' 'M' 'M' 'M' 'M' 'M' 'M' 'M'
 'U' 'M' 'U' 'M' 'M' 'M' 'M' 'M' 'M' 'M' 'M' 'M' 'M' 'U' 'M' 'M' 'M' 'U'
 'M' 'M' 'M' 'U' 'M' 'M' 'M' 'M' 'U' 'M' 'M' 'U' 'M' 'M' 'M' 'M' 'M' 'M'
 'M' 'M' 'M' 'M' 'M' 'M' 'M' 'M' 'M' 'M' 'U' 'M' 'M' 'M' 'M' 'M' 'M' 'M'
 'M' 'M' 'U' 'M' 'M' 'M' 'M' 'M' 'M' 'M' 'M' 'M' 'M' 'M' 'M' 'U' 'A' 'M'
 'M' 'M' 'M' 'M' 'U' 'U' 'M' 'M' 'U' 'M' 'M' 'M' 'M' 'M' 'U' 'M' 'M' 'M'
 'M' 'M' 'M' 'U' 'M' 'M' 'M' 'M' 'M' 'M' 'U' 'M' 'M' 'M' 'M' 'M' 'M' 'M'
 'M' 'M' 'M' 'M' 'M' 'M' 'M' 'M' 'M' 'M' 'M' 'U' 'M' 'M' 'M' 'M' 'M' 'M'
 'M' 'U' 'U' 'M' 'U' 'U' 'M' 'M' 'M' 'M' 'M' 'M' 'M' 'M' 'M' 'M' 'M' 'M']"
326601,1,163,2,161,35,1,0,"['A' 'M' 'M' 'U' 'U' 'M' 'M' 'M' 'M' 'M' 'M' 'M' 'M' 'M' 'M' 'M' 'M' 'M'
 'M' 'M' 'M' 'M' 'M' 'U' 'M' 'M' 'M' 'M' 'M' 'U' 'M' 'M' 'U' 'U' 'M' 'M'
 'M' 'M' 'M' 'M' 'M' 'M' 'U' 'U' 'U' 'M' 'M' 'M' 'M' 'M' 'M' 'M' 'M' 'M'
 'M' 'M' 'U' 'M' 'M' 'M' 'M' 'M' 'M' 'M' 'M' 'U' 'M' 'M' 'M' 'M' 'M' 'M'
 'M' 'M' 'M' 'U' 'M' 'M' 'M' 'M' 'M' 'M' 'M' 'M' 'U' 'M' 'M' 'U' 'M' 'U'
 'M' 'M' 'M' 'M' 'M' 'M' 'M' 'M' 'M' 'M' 'U' 'M' 'M' 'M' 'M' 'M' 'M' 'M'
 'M' 'M' 'U' 'M' 'M' 'M' 'M' 'M' 'M' 'M' 'M' 'M' 'M' 'M' 'U' 'M' 'A' 'M'
 'M' 'M' 'M' 'M' 'U' 'U' 'U' 'U' 'U' 'U' 'U' 'U' 'M' 'M' 'U' 'M' 'M' 'M'
 'M' 'M' 'M' 'U' 'M' 'M' 'M' 'M' 'M' 'M' 'M' 'M' 'M' 'M' 'M' 'M' 'M' 'M'
 'M' 'M' 'M' 'M' 'M' 'U' 'U' 'U' 'M' 'M' 'M' 'M' 'M' 'M' 'M' 'M' 'M' 'M'
 'M' 'U' 'U' 'M' 'U' 'U' 'M' 'M' 'M' 'M' 'M' 'M' 'M' 'M' 'M' 'M' 'M' 'M']"
326701,1,160,3,157,38,0,0,"['A' 'M' 'M' 'M' 'U' 'M' 'M' 'M' 'M' 'M' 'U' 'M' 'M' 'M' 'M' 'M' 'M' 'M'
 'M' 'M' 'M' 'U' 'M' 'A' 'M' 'U' 'M' 'M' 'M' 'U' 'M' 'M' 'U' 'U' 'M' 'M'
 'M' 'M' 'M' 'M' 'M' 'M' 'U' 'U' 'U' 'M' 'U' 'M' 'M' 'M' 'M' 'M' 'M' 'M'
 'M' 'M' 'U' 'M' 'M' 'M' 'M' 'M' 'M' 'M' 'M' 'M' 'U' 'M' 'M' 'U' 'M' 'M'
 'M' 'M' 'M' 'M' 'M' 'M' 'M' 'M' 'M' 'M' 'U' 'M' 'M' 'M' 'M' 'M' 'M' 'M'
 'U' 'M' 'M' 'U' 'M' 'M' 'M' 'M' 'M' 'M' 'U' 'M' 'M' 'M' 'M' 'M' 'M' 'M'
 'M' 'M' 'U' 'U' 'M' 'M' 'M' 'M' 'M' 'M' 'M' 'U' 'M' 'M' 'U' 'M' 'A' 'M'
 'M' 'M' 'M' 'M' 'M' 'U' 'U' 'U' 'U' 'U' 'U' 'U' 'U' 'M' 'M' 'U' 'M' 'M'
 'M' 'M' 'M' 'U' 'M' 'M' 'M' 'M' 'M' 'M' 'M' 'M' 'M' 'M' 'M' 'U' 'M' 'U'
 'M' 'M' 'M' 'M' 'M' 'M' 'M' 'M' 'M' 'U' 'M' 'M' 'M' 'M' 'M' 'M' 'M' 'M'
 'M' 'U' 'M' 'M' 'U' 'U' 'M' 'M' 'M' 'M' 'M' 'M' 'M' 'M' 'M' 'M' 'M' 'M']"
326801,0,162,3,159,36,0,0,"['A' 'M' 'M' 'M' 'U' 'U' 'M' 'M' 'M' 'M' 'M' 'M' 'M' 'M' 'U' 'M' 'M' 'U'
 'M' 'M' 'M' 'M' 'M' 'A' 'M' 'M' 'M' 'M' 'M' 'M' 'M' 'M' 'U' 'U' 'M' 'M'
 'M' 'M' 'M' 'M' 'M' 'M' 'U' 'M' 'U' 'M' 'U' 'M' 'M' 'M' 'M' 'M' 'M' 'M'
 'M' 'M' 'U' 'M' 'M' 'M' 'M' 'M' 'M' 'M' 'M' 'U' 'M' 'M' 'M' 'M' 'M' 'M'
 'M' 'U' 'M' 'M' 'M' 'U' 'M' 'M' 'U' 'M' 'M' 'M' 'M' 'M' 'M' 'M' 'M' 'U'
 'M' 'M' 'M' 'M' 'M' 'M' 'M' 'M' 'U' 'M' 'M' 'M' 'M' 'M' 'M' 'M' 'M' 'M'
 'M' 'M' 'U' 'M' 'M' 'M' 'M' 'M' 'M' 'M' 'M' 'U' 'M' 'M' 'U' 'M' 'A' 'M'
 'M' 'M' 'M' 'M' 'M' 'U' 'M' 'M' 'U' 'M' 'U' 'M' 'U' 'M' 'M' 'U' 'M' 'M'
 'M' 'M' 'M' 'U' 'M' 'M' 'M' 'M' 'M' 'M' 'M' 'U' 'M' 'M' 'M' 'U' 'U' 'U'
 'U' 'M' 'M' 'M' 'M' 'M' 'M' 'M' 'M' 'M' 'M' 'M' 'M' 'M' 'M' 'M' 'M' 'M'
 'M' 'U' 'U' 'M' 'U' 'U' 'M' 'M' 'M' 'M' 'M' 'M' 'U' 'M' 'M' 'M' 'M' 'U']"
326901,0,159,5,154,39,0,0,"['A' 'M' 'M' 'M' 'U' 'U' 'M' 'M' 'M' 'M' 'M' 'M' 'U' 'M' 'U' 'M' 'M' 'U'
 'M' 'M' 'M' 'M' 'M' 'A' 'M' 'M' 'M' 'M' 'M' 'M' 'M' 'M' 'A' 'U' 'M' 'U'
 'M' 'M' 'M' 'M' 'M' 'M' 'U' 'M' 'U' 'M' 'U' 'M' 'M' 'M' 'M' 'M' 'M' 'M'
 'M' 'M' 'U' 'M' 'M' 'M' 'U' 'M' 'M' 'M' 'M' 'M' 'M' 'M' 'M' 'M' 'M' 'M'
 'M' 'M' 'M' 'M' 'U' 'M' 'U' 'U' 'M' 'M' 'M' 'M' 'M' 'M' 'M' 'M' 'U' 'M'
 'M' 'U' 'M' 'M' 'M' 'U' 'U' 'M' 'U' 'M' 'M' 'M' 'M' 'U' 'M' 'U' 'M' 'M'
 'M' 'M' 'U' 'M' 'M' 'M' 'M' 'M' 'M' 'M' 'M' 'U' 'M' 'M' 'A' 'M' 'A' 'M'
 'M' 'M' 'M' 'M' 'M' 'U' 'M' 'M' 'U' 'M' 'U' 'M' 'U' 'M' 'M' 'M' 'M' 'M'
 'M' 'M' 'M' 'U' 'M' 'M' 'M' 'M' 'M' 'M' 'M' 'U' 'M' 'M' 'M' 'U' 'U' 'M'
 'U' 'M' 'M' 'M' 'M' 'M' 'M' 'M' 'M' 'M' 'M' 'M' 'M' 'M' 'M' 'M' 'U' 'M'
 'M' 'U' 'U' 'M' 'U' 'U' 'M' 'M' 'M' 'M' 'M' 'M' 'U' 'M' 'M' 'M' 'M' 'M']"
327001,0,160,6,154,38,0,0,"['A' 'M' 'M' 'M' 'M' 'M' 'M' 'U' 'M' 'M' 'M' 'M' 'U' 'M' 'U' 'M' 'M' 'U'
 'M' 'M' 'M' 'M' 'M' 'A' 'M' 'M' 'M' 'M' 'M' 'M' 'M' 'M' 'U' 'U' 'M' 'U'
 'M' 'M' 'M' 'M' 'M' 'M' 'U' 'M' 'U' 'M' 'U' 'M' 'M' 'M' 'M' 'M' 'M' 'M'
 'M' 'M' 'M' 'M' 'M' 'M' 'U' 'M' 'M' 'M' 'M' 'M' 'U' 'U' 'M' 'M' 'M' 'M'
 'M' 'M' 'M' 'M' 'U' 'M' 'M' 'M' 'M' 'M' 'M' 'U' 'M' 'M' 'M' 'M' 'U' 'M'
 'M' 'M' 'M' 'M' 'M' 'U' 'U' 'M' 'M' 'M' 'M' 'M' 'M' 'M' 'M' 'U' 'M' 'M'
 'M' 'M' 'U' 'M' 'M' 'M' 'M' 'U' 'M' 'M' 'M' 'U' 'M' 'M' 'A' 'M' 'A' 'M'
 'M' 'M' 'U' 'M' 'M' 'U' 'M' 'M' 'U' 'M' 'U' 'M' 'M' 'M' 'M' 'M' 'M' 'M'
 'M' 'M' 'M' 'U' 'M' 'M' 'M' 'M' 'M' 'M' 'M' 'U' 'M' 'M' 'M' 'U' 'U' 'M'
 'A' 'M' 'M' 'M' 'U' 'M' 'M' 'M' 'M' 'U' 'M' 'M' 'M' 'M' 'M' 'M' 'U' 'M'
 'M' 'A' 'U' 'U' 'M' 'U' 'M' 'M' 'U' 'M' 'M' 'M' 'U' 'M' 'M' 'M' 'M' 'M']"
327101,0,169,5,164,29,0,0,"['A' 'M' 'M' 'M' 'M' 'M' 'M' 'U' 'M' 'M' 'M' 'M' 'U' 'M' 'M' 'M' 'M' 'M'
 'M' 'M' 'M' 'M' 'M' 'U' 'M' 'M' 'M' 'M' 'M' 'M' 'M' 'M' 'M' 'M' 'M' 'A'
 'M' 'M' 'M' 'M' 'M' 'U' 'M' 'M' 'U' 'M' 'M' 'M' 'M' 'M' 'M' 'M' 'M' 'M'
 'M' 'M' 'M' 'M' 'M' 'M' 'M' 'M' 'M' 'M' 'M' 'M' 'M' 'M' 'M' 'U' 'M' 'M'
 'M' 'M' 'M' 'M' 'M' 'M' 'M' 'M' 'M' 'M' 'M' 'M' 'M' 'U' 'M' 'U' 'M' 'M'
 'U' 'M' 'M' 'U' 'M' 'U' 'U' 'M' 'M' 'M' 'M' 'M' 'M' 'M' 'M' 'U' 'M' 'M'
 'M' 'M' 'U' 'M' 'M' 'M' 'M' 'U' 'M' 'M' 'M' 'U' 'M' 'M' 'A' 'M' 'U' 'M'
 'M' 'M' 'U' 'M' 'U' 'M' 'M' 'M' 'U' 'M' 'M' 'M' 'M' 'M' 'M' 'M' 'U' 'M'
 'M' 'M' 'M' 'U' 'M' 'M' 'M' 'M' 'M' 'M' 'M' 'M' 'M' 'M' 'M' 'U' 'U' 'M'
 'A' 'M' 'U' 'M' 'U' 'M' 'M' 'M' 'M' 'M' 'M' 'M' 'M' 'M' 'M' 'M' 'M' 'M'
 'M' 'A' 'M' 'M' 'M' 'U' 'M' 'M' 'U' 'M' 'M' 'M' 'U' 'M' 'M' 'M' 'M' 'M']"
327201,0,171,6,165,27,0,0,"['A' 'M' 'M' 'M' 'M' 'M' 'M' 'M' 'M' 'M' 'M' 'M' 'M' 'M' 'M' 'M' 'M' 'M'
 'M' 'M' 'M' 'M' 'M' 'U' 'M' 'M' 'M' 'M' 'M' 'M' 'M' 'M' 'M' 'M' 'M' 'A'
 'M' 'M' 'M' 'M' 'M' 'U' 'M' 'M' 'U' 'M' 'M' 'M' 'M' 'U' 'M' 'M' 'U' 'M'
 'M' 'M' 'M' 'M' 'M' 'M' 'M' 'M' 'M' 'M' 'M' 'U' 'M' 'M' 'M' 'M' 'M' 'M'
 'M' 'M' 'M' 'M' 'U' 'M' 'M' 'U' 'M' 'M' 'M' 'M' 'M' 'M' 'U' 'U' 'M' 'M'
 'M' 'M' 'M' 'M' 'M' 'U' 'U' 'M' 'M' 'M' 'M' 'M' 'M' 'M' 'M' 'U' 'M' 'M'
 'M' 'U' 'M' 'M' 'M' 'M' 'M' 'U' 'M' 'M' 'M' 'U' 'M' 'M' 'A' 'M' 'A' 'M'
 'U' 'M' 'U' 'M' 'U' 'U' 'M' 'M' 'U' 'M' 'M' 'M' 'M' 'M' 'M' 'M' 'M' 'M'
 'M' 'M' 'M' 'U' 'M' 'M' 'M' 'M' 'M' 'M' 'M' 'M' 'M' 'M' 'M' 'U' 'M' 'M'
 'A' 'M' 'U' 'M' 'U' 'M' 'M' 'M' 'M' 'M' 'M' 'M' 'M' 'M' 'M' 'M' 'U' 'M'
 'M' 'A' 'M' 'M' 'M' 'U' 'M' 'M' 'M' 'M' 'M' 'M' 'M' 'M' 'M' 'M' 'M' 'M']"
327301,0,169,6,163,29,0,1,"['A' 'M' 'M' 'M' 'M' 'M' 'M' 'M' 'M' 'M' 'M' 'M' 'M' 'M' 'M' 'M' 'M' 'M'
 'M' 'M' 'M' 'M' 'M' 'U' 'M' 'M' 'M' 'M' 'M' 'M' 'M' 'M' 'M' 'M' 'M' 'U'
 'M' 'M' 'M' 'M' 'M' 'A' 'M' 'M' 'M' 'M' 'M' 'M' 'U' 'U' 'M' 'M' 'U' 'M'
 'M' 'M' 'M' 'M' 'M' 'M' 'M' 'M' 'M' 'M' 'M' 'M' 'M' 'U' 'M' 'M' 'M' 'M'
 'M' 'M' 'M' 'M' 'M' 'M' 'M' 'M' 'M' 'M' 'U' 'M' 'M' 'M' 'M' 'U' 'U' 'M'
 'M' 'M' 'M' 'M' 'U' 'U' 'U' 'M' 'M' 'M' 'M' 'M' 'M' 'M' 'M' 'U' 'M' 'M'
 'M' 'A' 'M' 'M' 'M' 'M' 'M' 'U' 'U' 'M' 'M' 'M' 'M' 'M' 'A' 'M' 'A' 'M'
 'U' 'M' 'U' 'M' 'U' 'U' 'U' 'U' 'U' 'U' 'U' 'U' 'M' 'M' 'M' 'M' 'M' 'M'
 'M' 'M' 'M' 'M' 'M' 'M' 'M' 'M' 'M' 'M' 'M' 'M' 'M' 'M' 'M' 'U' 'M' 'M'
 'U' 'M' 'U' 'M' 'M' 'M' 'M' 'M' 'M' 'M' 'M' 'M' 'M' 'M' 'M' 'M' 'M' 'M'
 'M' 'A' 'M' 'M' 'M' 'U' 'M' 'M' 'M' 'M' 'M' 'M' 'M' 'M' 'M' 'M' 'M' 'M']"
327401,0,164,4,160,34,0,0,"['A' 'M' 'M' 'M' 'M' 'M' 'M' 'M' 'M' 'M' 'M' 'M' 'M' 'M' 'M' 'M' 'M' 'M'
 'M' 'U' 'M' 'M' 'M' 'U' 'M' 'M' 'M' 'M' 'M' 'M' 'M' 'M' 'M' 'M' 'M' 'U'
 'M' 'M' 'M' 'M' 'M' 'A' 'M' 'M' 'M' 'M' 'M' 'M' 'U' 'U' 'M' 'M' 'U' 'M'
 'U' 'M' 'U' 'M' 'M' 'M' 'U' 'M' 'M' 'M' 'M' 'M' 'M' 'U' 'M' 'M' 'M' 'U'
 'M' 'U' 'M' 'U' 'M' 'M' 'M' 'M' 'U' 'M' 'M' 'M' 'M' 'M' 'M' 'M' 'M' 'M'
 'M' 'M' 'M' 'M' 'M' 'U' 'M' 'M' 'M' 'M' 'M' 'M' 'M' 'M' 'M' 'U' 'M' 'M'
 'M' 'U' 'M' 'M' 'M' 'M' 'M' 'U' 'U' 'M' 'M' 'M' 'M' 'M' 'A' 'M' 'A' 'M'
 'M' 'M' 'M' 'U' 'M' 'U' 'U' 'U' 'U' 'U' 'U' 'U' 'M' 'M' 'M' 'M' 'M' 'U'
 'M' 'M' 'M' 'M' 'M' 'M' 'M' 'M' 'M' 'M' 'M' 'M' 'M' 'M' 'M' 'U' 'M' 'U'
 'U' 'M' 'U' 'M' 'M' 'M' 'M' 'M' 'M' 'M' 'M' 'M' 'M' 'M' 'M' 'M' 'M' 'M'
 'M' 'U' 'M' 'M' 'M' 'U' 'M' 'M' 'M' 'M' 'M' 'M' 'M' 'M' 'M' 'M' 'M' 'M']"
327501,0,161,5,156,37,0,1,"['A' 'M' 'M' 'M' 'M' 'M' 'M' 'M' 'U' 'M' 'M' 'M' 'M' 'M' 'M' 'M' 'M' 'M'
 'M' 'U' 'M' 'M' 'M' 'U' 'M' 'M' 'M' 'M' 'M' 'M' 'M' 'M' 'M' 'M' 'M' 'U'
 'M' 'M' 'M' 'U' 'M' 'A' 'M' 'M' 'M' 'M' 'M' 'M' 'U' 'U' 'M' 'M' 'U' 'M'
 'A' 'M' 'U' 'M' 'M' 'M' 'U' 'M' 'M' 'M' 'M' 'M' 'M' 'U' 'U' 'M' 'M' 'M'
 'M' 'M' 'M' 'M' 'M' 'M' 'M' 'U' 'M' 'M' 'M' 'M' 'U' 'U' 'M' 'M' 'M' 'M'
 'M' 'M' 'M' 'M' 'M' 'U' 'M' 'M' 'M' 'U' 'M' 'M' 'M' 'M' 'U' 'U' 'M' 'U'
 'M' 'M' 'M' 'M' 'M' 'M' 'M' 'U' 'U' 'M' 'M' 'U' 'M' 'M' 'A' 'M' 'A' 'M'
 'M' 'M' 'M' 'U' 'M' 'U' 'U' 'M' 'U' 'U' 'M' 'M' 'M' 'M' 'M' 'M' 'M' 'U'
 'M' 'M' 'M' 'M' 'M' 'M' 'U' 'U' 'U' 'M' 'M' 'M' 'M' 'M' 'M' 'U' 'M' 'U'
 'U' 'M' 'M' 'M' 'M' 'M' 'M' 'M' 'M' 'M' 'M' 'M' 'M' 'M' 'M' 'M' 'M' 'M'
 'M' 'U' 'M' 'M' 'M' 'U' 'M' 'M' 'M' 'M' 'M' 'M' 'M' 'M' 'M' 'M' 'M' 'M']"
327601,0,159,3,156,39,0,0,"['A' 'M' 'M' 'M' 'M' 'U' 'M' 'U' 'U' 'M' 'M' 'M' 'M' 'M' 'M' 'M' 'M' 'M'
 'M' 'U' 'M' 'M' 'M' 'M' 'M' 'M' 'M' 'M' 'M' 'M' 'M' 'M' 'M' 'M' 'M' 'M'
 'M' 'M' 'M' 'U' 'M' 'U' 'M' 'M' 'M' 'M' 'M' 'M' 'U' 'U' 'M' 'M' 'M' 'M'
 'A' 'M' 'U' 'M' 'M' 'U' 'U' 'M' 'M' 'M' 'M' 'M' 'M' 'M' 'M' 'M' 'M' 'M'
 'M' 'M' 'M' 'M' 'M' 'M' 'M' 'M' 'M' 'M' 'U' 'M' 'M' 'M' 'U' 'M' 'M' 'U'
 'U' 'M' 'U' 'M' 'M' 'U' 'M' 'M' 'M' 'M' 'M' 'M' 'M' 'M' 'U' 'U' 'M' 'U'
 'M' 'M' 'M' 'U' 'U' 'M' 'M' 'U' 'U' 'M' 'M' 'U' 'M' 'M' 'U' 'M' 'A' 'M'
 'M' 'M' 'M' 'U' 'M' 'U' 'U' 'M' 'M' 'M' 'M' 'M' 'M' 'M' 'M' 'M' 'M' 'U'
 'M' 'M' 'M' 'U' 'M' 'M' 'U' 'U' 'U' 'M' 'M' 'M' 'M' 'M' 'M' 'M' 'M' 'U'
 'U' 'M' 'M' 'M' 'M' 'M' 'M' 'M' 'M' 'M' 'M' 'M' 'M' 'M' 'M' 'M' 'M' 'M'
 'M' 'U' 'M' 'M' 'U' 'M' 'M' 'M' 'M' 'U' 'M' 'M' 'M' 'M' 'M' 'M' 'M' 'M']"
327701,0,150,1,149,48,0,0,"['A' 'M' 'M' 'M' 'M' 'M' 'U' 'U' 'U' 'M' 'U' 'M' 'M' 'M' 'M' 'M' 'M' 'M'
 'M' 'U' 'M' 'M' 'M' 'M' 'M' 'M' 'M' 'M' 'M' 'M' 'M' 'M' 'M' 'M' 'M' 'M'
 'M' 'M' 'M' 'U' 'M' 'U' 'M' 'M' 'M' 'U' 'M' 'M' 'M' 'U' 'M' 'M' 'M' 'M'
 'U' 'M' 'U' 'M' 'M' 'U' 'U' 'M' 'M' 'M' 'M' 'M' 'M' 'M' 'U' 'M' 'M' 'M'
 'M' 'M' 'M' 'M' 'M' 'M' 'U' 'M' 'M' 'M' 'M' 'U' 'M' 'U' 'M' 'M' 'M' 'U'
 'M' 'M' 'M' 'M' 'M' 'M' 'M' 'M' 'U' 'M' 'M' 'M' 'M' 'M' 'U' 'U' 'M' 'U'
 'M' 'M' 'M' 'U' 'U' 'M' 'M' 'U' 'U' 'M' 'M' 'U' 'M' 'U' 'U' 'M' 'U' 'M'
 'M' 'M' 'U' 'U' 'M' 'U' 'U' 'M' 'M' 'M' 'M' 'M' 'M' 'M' 'M' 'M' 'M' 'U'
 'M' 'M' 'M' 'U' 'M' 'M' 'U' 'U' 'U' 'M' 'M' 'M' 'M' 'U' 'M' 'U' 'U' 'U'
 'U' 'M' 'M' 'U' 'M' 'M' 'M' 'M' 'M' 'M' 'M' 'M' 'M' 'M' 'M' 'M' 'M' 'M'
 'M' 'U' 'M' 'M' 'U' 'M' 'M' 'M' 'U' 'M' 'M' 'M' 'M' 'M' 'M' 'M' 'M' 'M']"
327801,0,145,1,144,53,0,0,"['A' 'M' 'M' 'M' 'M' 'M' 'U' 'U' 'M' 'M' 'U' 'M' 'M' 'M' 'M' 'M' 'U' 'U'
 'M' 'U' 'M' 'M' 'M' 'M' 'M' 'M' 'M' 'M' 'M' 'M' 'M' 'M' 'M' 'M' 'M' 'U'
 'M' 'M' 'M' 'U' 'M' 'U' 'M' 'M' 'M' 'U' 'M' 'M' 'M' 'U' 'M' 'M' 'M' 'M'
 'U' 'U' 'U' 'M' 'M' 'M' 'U' 'M' 'M' 'M' 'M' 'M' 'M' 'M' 'M' 'M' 'M' 'M'
 'U' 'M' 'M' 'M' 'M' 'M' 'U' 'M' 'M' 'M' 'M' 'M' 'M' 'M' 'M' 'M' 'U' 'M'
 'M' 'M' 'M' 'U' 'U' 'M' 'M' 'M' 'U' 'M' 'M' 'M' 'M' 'M' 'U' 'M' 'M' 'M'
 'M' 'M' 'U' 'U' 'U' 'U' 'M' 'U' 'M' 'M' 'M' 'U' 'M' 'U' 'U' 'M' 'U' 'M'
 'M' 'M' 'M' 'U' 'M' 'U' 'U' 'U' 'U' 'U' 'U' 'U' 'U' 'M' 'M' 'M' 'M' 'M'
 'M' 'M' 'M' 'U' 'M' 'M' 'M' 'U' 'U' 'M' 'M' 'M' 'M' 'U' 'M' 'M' 'U' 'M'
 'U' 'M' 'M' 'M' 'M' 'M' 'M' 'M' 'M' 'U' 'M' 'M' 'M' 'M' 'M' 'M' 'U' 'U'
 'M' 'U' 'M' 'M' 'U' 'M' 'M' 'M' 'U' 'M' 'U' 'M' 'M' 'M' 'M' 'M' 'M' 'M']"
327901,0,151,1,150,47,0,1,"['A' 'M' 'M' 'M' 'M' 'M' 'M' 'U' 'M' 'M' 'U' 'M' 'M' 'M' 'M' 'M' 'U' 'U'
 'M' 'M' 'M' 'M' 'M' 'M' 'M' 'M' 'U' 'M' 'M' 'M' 'M' 'M' 'M' 'M' 'M' 'U'
 'M' 'M' 'M' 'M' 'M' 'U' 'M' 'M' 'M' 'M' 'M' 'M' 'M' 'U' 'M' 'M' 'M' 'M'
 'U' 'M' 'U' 'M' 'M' 'M' 'U' 'M' 'M' 'M' 'M' 'U' 'U' 'M' 'M' 'M' 'M' 'M'
 'U' 'M' 'M' 'M' 'M' 'M' 'M' 'M' 'M' 'M' 'M' 'M' 'M' 'M' 'U' 'M' 'U' 'M'
 'M' 'M' 'M' 'M' 'M' 'M' 'M' 'M' 'U' 'M' 'M' 'U' 'M' 'M' 'M' 'M' 'U' 'M'
 'M' 'M' 'U' 'U' 'U' 'U' 'U' 'U' 'M' 'M' 'M' 'M' 'M' 'M' 'U' 'M' 'U' 'M'
 'M' 'M' 'U' 'U' 'M' 'U' 'M' 'M' 'U' 'U' 'U' 'U' 'M' 'M' 'M' 'M' 'M' 'M'
 'M' 'M' 'M' 'M' 'M' 'M' 'M' 'U' 'M' 'M' 'M' 'M' 'M' 'U' 'M' 'M' 'U' 'M'
 'U' 'M' 'U' 'M' 'M' 'M' 'M' 'M' 'M' 'U' 'M' 'M' 'U' 'M' 'U' 'M' 'U' 'U'
 'M' 'U' 'M' 'M' 'U' 'M' 'M' 'M' 'M' 'M' 'U' 'M' 'M' 'M' 'M' 'M' 'M' 'M']"
328001,0,157,3,154,41,0,0,"['A' 'M' 'M' 'M' 'M' 'M' 'M' 'U' 'M' 'M' 'M' 'M' 'M' 'M' 'M' 'M' 'U' 'U'
 'M' 'M' 'M' 'M' 'M' 'M' 'M' 'M' 'U' 'M' 'M' 'U' 'M' 'U' 'M' 'M' 'M' 'M'
 'M' 'M' 'M' 'M' 'M' 'U' 'M' 'M' 'M' 'M' 'M' 'M' 'M' 'U' 'M' 'M' 'M' 'M'
 'U' 'M' 'U' 'M' 'M' 'M' 'M' 'M' 'M' 'M' 'M' 'M' 'U' 'M' 'M' 'M' 'M' 'M'
 'M' 'U' 'M' 'M' 'M' 'M' 'M' 'M' 'U' 'M' 'U' 'M' 'M' 'M' 'M' 'M' 'M' 'M'
 'M' 'M' 'U' 'M' 'M' 'M' 'M' 'M' 'U' 'M' 'U' 'A' 'U' 'M' 'M' 'M' 'M' 'M'
 'M' 'M' 'U' 'U' 'U' 'U' 'U' 'M' 'M' 'M' 'M' 'M' 'M' 'M' 'U' 'M' 'M' 'M'
 'M' 'M' 'U' 'U' 'M' 'U' 'M' 'M' 'U' 'A' 'M' 'U' 'M' 'M' 'M' 'M' 'M' 'M'
 'M' 'M' 'M' 'M' 'M' 'M' 'M' 'U' 'M' 'M' 'M' 'M' 'M' 'U' 'M' 'M' 'U' 'M'
 'U' 'M' 'U' 'M' 'M' 'M' 'M' 'M' 'M' 'U' 'M' 'M' 'U' 'M' 'U' 'M' 'U' 'U'
 'M' 'U' 'M' 'M' 'M' 'M' 'M' 'M' 'M' 'M' 'U' 'M' 'M' 'M' 'M' 'M' 'M' 'M']"
328101,0,157,2,155,41,0,1,"['A' 'M' 'U' 'M' 'M' 'M' 'M' 'U' 'M' 'M' 'M' 'M' 'M' 'M' 'M' 'M' 'M' 'U'
 'M' 'M' 'M' 'M' 'M' 'M' 'M' 'M' 'M' 'M' 'M' 'M' 'M' 'U' 'M' 'M' 'M' 'M'
 'M' 'M' 'U' 'M' 'M' 'U' 'M' 'M' 'M' 'M' 'M' 'M' 'M' 'U' 'M' 'M' 'M' 'M'
 'U' 'M' 'U' 'M' 'M' 'M' 'M' 'M' 'M' 'M' 'M' 'M' 'U' 'M' 'M' 'M' 'M' 'U'
 'M' 'M' 'M' 'M' 'U' 'U' 'M' 'M' 'M' 'M' 'M' 'U' 'M' 'M' 'M' 'M' 'M' 'M'
 'M' 'M' 'M' 'M' 'M' 'M' 'M' 'M' 'M' 'U' 'U' 'A' 'M' 'M' 'M' 'M' 'M' 'M'
 'M' 'M' 'U' 'U' 'M' 'U' 'U' 'M' 'M' 'M' 'M' 'U' 'M' 'M' 'U' 'M' 'M' 'M'
 'M' 'M' 'U' 'U' 'M' 'U' 'M' 'M' 'U' 'U' 'M' 'U' 'M' 'M' 'M' 'M' 'M' 'M'
 'M' 'M' 'M' 'M' 'U' 'M' 'M' 'U' 'M' 'M' 'M' 'M' 'M' 'U' 'M' 'M' 'U' 'M'
 'U' 'M' 'U' 'M' 'M' 'M' 'M' 'M' 'M' 'U' 'M' 'M' 'M' 'U' 'U' 'M' 'U' 'U'
 'M' 'U' 'M' 'M' 'M' 'M' 'M' 'M' 'M' 'M' 'U' 'M' 'M' 'M' 'M' 'M' 'M' 'M']"
328201,0,156,3,153,42,0,0,"['A' 'M' 'U' 'M' 'M' 'M' 'M' 'U' 'M' 'M' 'M' 'M' 'M' 'M' 'M' 'M' 'M' 'M'
 'U' 'M' 'U' 'M' 'M' 'M' 'M' 'M' 'M' 'M' 'M' 'M' 'M' 'M' 'U' 'M' 'M' 'M'
 'M' 'M' 'M' 'M' 'M' 'U' 'M' 'M' 'M' 'M' 'M' 'M' 'M' 'U' 'M' 'M' 'M' 'M'
 'U' 'M' 'U' 'M' 'M' 'M' 'M' 'M' 'M' 'M' 'M' 'M' 'M' 'M' 'M' 'M' 'U' 'M'
 'U' 'M' 'M' 'M' 'M' 'U' 'M' 'M' 'M' 'M' 'M' 'M' 'M' 'U' 'M' 'M' 'M' 'M'
 'M' 'U' 'M' 'M' 'M' 'M' 'M' 'M' 'M' 'U' 'M' 'U' 'M' 'M' 'M' 'U' 'M' 'M'
 'U' 'M' 'U' 'U' 'M' 'U' 'A' 'M' 'M' 'M' 'M' 'U' 'M' 'M' 'U' 'M' 'M' 'M'
 'U' 'M' 'U' 'U' 'M' 'U' 'M' 'M' 'U' 'U' 'M' 'U' 'M' 'M' 'M' 'M' 'M' 'M'
 'M' 'M' 'M' 'M' 'U' 'M' 'M' 'U' 'M' 'M' 'M' 'M' 'M' 'U' 'M' 'M' 'U' 'M'
 'U' 'M' 'U' 'M' 'M' 'M' 'M' 'M' 'M' 'A' 'M' 'M' 'M' 'U' 'M' 'M' 'M' 'U'
 'M' 'U' 'M' 'M' 'M' 'M' 'M' 'M' 'M' 'M' 'U' 'M' 'M' 'M' 'U' 'M' 'M' 'U']"
328301,0,159,6,153,39,0,0,"['A' 'M' 'U' 'M' 'M' 'M' 'M' 'U' 'M' 'M' 'M' 'M' 'M' 'M' 'M' 'M' 'M' 'M'
 'M' 'M' 'U' 'M' 'M' 'M' 'M' 'M' 'M' 'M' 'M' 'M' 'M' 'M' 'U' 'M' 'M' 'U'
 'M' 'M' 'M' 'M' 'M' 'U' 'M' 'M' 'M' 'M' 'M' 'M' 'M' 'U' 'M' 'M' 'M' 'M'
 'U' 'M' 'U' 'M' 'M' 'M' 'U' 'M' 'U' 'M' 'M' 'M' 'M' 'M' 'U' 'U' 'M' 'U'
 'M' 'U' 'M' 'M' 'M' 'M' 'M' 'M' 'M' 'M' 'M' 'M' 'M' 'M' 'M' 'M' 'M' 'M'
 'U' 'M' 'M' 'M' 'M' 'M' 'M' 'M' 'M' 'U' 'M' 'M' 'M' 'M' 'M' 'M' 'M' 'M'
 'A' 'M' 'M' 'U' 'M' 'U' 'A' 'M' 'M' 'M' 'M' 'M' 'U' 'M' 'M' 'M' 'M' 'M'
 'U' 'M' 'M' 'U' 'M' 'U' 'M' 'M' 'M' 'U' 'M' 'A' 'U' 'M' 'M' 'M' 'M' 'M'
 'M' 'M' 'M' 'M' 'U' 'U' 'M' 'U' 'M' 'M' 'U' 'M' 'M' 'U' 'M' 'M' 'A' 'M'
 'U' 'M' 'U' 'M' 'M' 'M' 'M' 'M' 'M' 'A' 'M' 'M' 'M' 'U' 'M' 'M' 'M' 'U'
 'M' 'U' 'M' 'M' 'U' 'M' 'M' 'M' 'M' 'M' 'U' 'M' 'M' 'M' 'U' 'M' 'M' 'U']"
328401,0,161,6,155,37,0,1,"['A' 'M' 'U' 'M' 'M' 'M' 'M' 'M' 'M' 'M' 'M' 'M' 'M' 'M' 'M' 'M' 'M' 'M'
 'M' 'M' 'U' 'M' 'M' 'M' 'M' 'U' 'M' 'M' 'M' 'M' 'M' 'M' 'U' 'U' 'M' 'U'
 'M' 'M' 'M' 'M' 'M' 'U' 'M' 'M' 'M' 'M' 'M' 'M' 'M' 'U' 'M' 'M' 'M' 'M'
 'U' 'M' 'M' 'M' 'M' 'M' 'U' 'M' 'U' 'M' 'M' 'M' 'M' 'M' 'M' 'U' 'U' 'M'
 'U' 'M' 'M' 'M' 'M' 'M' 'M' 'M' 'M' 'M' 'M' 'M' 'M' 'U' 'M' 'M' 'M' 'M'
 'M' 'M' 'M' 'U' 'M' 'M' 'M' 'M' 'M' 'U' 'M' 'M' 'M' 'M' 'M' 'M' 'M' 'M'
 'A' 'M' 'M' 'U' 'M' 'M' 'A' 'M' 'U' 'M' 'M' 'M' 'M' 'M' 'M' 'M' 'M' 'M'
 'M' 'M' 'M' 'U' 'M' 'M' 'M' 'M' 'M' 'U' 'M' 'U' 'U' 'M' 'M' 'M' 'M' 'M'
 'M' 'M' 'M' 'M' 'U' 'U' 'M' 'A' 'M' 'M' 'U' 'M' 'M' 'U' 'M' 'M' 'U' 'M'
 'U' 'M' 'U' 'M' 'M' 'M' 'U' 'M' 'U' 'A' 'M' 'M' 'M' 'M' 'M' 'M' 'M' 'M'
 'M' 'U' 'M' 'M' 'U' 'M' 'M' 'M' 'M' 'U' 'M' 'M' 'M' 'U' 'U' 'M' 'M' 'A']"
328501,0,161,6,155,37,0,0,"['A' 'M' 'M' 'M' 'M' 'M' 'M' 'M' 'M' 'M' 'M' 'M' 'M' 'M' 'M' 'M' 'M' 'U'
 'M' 'U' 'U' 'M' 'M' 'M' 'U' 'U' 'M' 'M' 'M' 'M' 'M' 'M' 'U' 'M' 'M' 'U'
 'M' 'M' 'M' 'M' 'M' 'U' 'M' 'M' 'M' 'M' 'M' 'M' 'M' 'M' 'U' 'M' 'M' 'M'
 'U' 'M' 'M' 'M' 'M' 'M' 'U' 'M' 'U' 'M' 'M' 'M' 'U' 'U' 'M' 'U' 'M' 'M'
 'M' 'M' 'M' 'M' 'M' 'M' 'M' 'M' 'U' 'M' 'M' 'U' 'M' 'M' 'M' 'M' 'M' 'M'
 'M' 'M' 'M' 'M' 'M' 'M' 'U' 'M' 'M' 'U' 'M' 'M' 'M' 'M' 'M' 'M' 'U' 'M'
 'A' 'M' 'M' 'M' 'M' 'M' 'A' 'M' 'U' 'M' 'M' 'M' 'M' 'M' 'M' 'M' 'M' 'M'
 'M' 'M' 'M' 'U' 'M' 'M' 'M' 'M' 'M' 'M' 'M' 'U' 'M' 'M' 'M' 'M' 'U' 'M'
 'M' 'M' 'M' 'M' 'U' 'U' 'M' 'A' 'M' 'M' 'U' 'M' 'M' 'U' 'U' 'M' 'U' 'M'
 'U' 'M' 'U' 'M' 'M' 'M' 'U' 'M' 'U' 'A' 'M' 'M' 'M' 'M' 'M' 'M' 'M' 'M'
 'M' 'U' 'M' 'M' 'M' 'M' 'M' 'M' 'M' 'U' 'M' 'M' 'M' 'U' 'M' 'M' 'M' 'A']"
328601,0,158,5,153,40,0,1,"['A' 'M' 'M' 'M' 'M' 'M' 'M' 'M' 'M' 'M' 'M' 'M' 'M' 'M' 'U' 'M' 'M' 'U'
 'M' 'U' 'U' 'M' 'M' 'M' 'U' 'U' 'M' 'M' 'M' 'M' 'M' 'M' 'U' 'M' 'M' 'U'
 'M' 'M' 'M' 'M' 'M' 'U' 'M' 'M' 'M' 'M' 'M' 'M' 'M' 'M' 'U' 'M' 'M' 'M'
 'U' 'M' 'M' 'U' 'M' 'M' 'U' 'M' 'U' 'M' 'M' 'M' 'M' 'M' 'M' 'M' 'M' 'M'
 'M' 'M' 'M' 'M' 'U' 'U' 'M' 'M' 'M' 'M' 'M' 'U' 'M' 'M' 'M' 'M' 'U' 'M'
 'M' 'U' 'M' 'M' 'M' 'M' 'M' 'M' 'M' 'U' 'M' 'M' 'M' 'M' 'M' 'M' 'U' 'M'
 'A' 'M' 'M' 'M' 'M' 'M' 'U' 'M' 'U' 'U' 'M' 'M' 'M' 'M' 'M' 'M' 'M' 'U'
 'M' 'M' 'M' 'M' 'M' 'M' 'M' 'M' 'M' 'M' 'M' 'U' 'U' 'M' 'M' 'M' 'U' 'M'
 'M' 'M' 'M' 'U' 'U' 'M' 'M' 'A' 'M' 'M' 'U' 'U' 'M' 'U' 'U' 'M' 'U' 'M'
 'U' 'M' 'M' 'U' 'M' 'M' 'U' 'M' 'M' 'A' 'M' 'M' 'M' 'M' 'M' 'M' 'M' 'M'
 'M' 'M' 'M' 'M' 'M' 'M' 'M' 'M' 'M' 'U' 'M' 'M' 'M' 'M' 'M' 'M' 'U' 'A']"
328701,0,162,5,157,36,0,1,"['A' 'M' 'M' 'M' 'M' 'M' 'M' 'M' 'M' 'M' 'M' 'M' 'M' 'M' 'M' 'U' 'M' 'M'
 'M' 'M' 'M' 'M' 'M' 'M' 'U' 'U' 'M' 'M' 'M' 'M' 'M' 'M' 'U' 'M' 'M' 'U'
 'M' 'M' 'M' 'M' 'U' 'U' 'M' 'M' 'M' 'M' 'M' 'M' 'M' 'M' 'M' 'M' 'M' 'M'
 'U' 'M' 'M' 'U' 'M' 'M' 'U' 'U' 'U' 'U' 'M' 'M' 'M' 'M' 'M' 'M' 'U' 'U'
 'M' 'M' 'M' 'M' 'U' 'M' 'M' 'M' 'M' 'M' 'U' 'M' 'M' 'M' 'M' 'M' 'M' 'M'
 'U' 'M' 'M' 'M' 'M' 'M' 'M' 'M' 'M' 'U' 'M' 'M' 'M' 'M' 'U' 'M' 'U' 'M'
 'A' 'M' 'M' 'M' 'M' 'M' 'M' 'M' 'A' 'U' 'M' 'M' 'M' 'M' 'M' 'M' 'M' 'U'
 'M' 'M' 'M' 'U' 'M' 'M' 'M' 'M' 'M' 'M' 'M' 'U' 'U' 'M' 'M' 'M' 'U' 'M'
 'M' 'M' 'M' 'U' 'M' 'M' 'M' 'A' 'M' 'M' 'U' 'U' 'M' 'U' 'U' 'U' 'M' 'M'
 'M' 'M' 'M' 'M' 'M' 'M' 'M' 'M' 'M' 'U' 'M' 'M' 'M' 'M' 'M' 'M' 'M' 'M'
 'M' 'M' 'M' 'M' 'M' 'M' 'M' 'M' 'M' 'U' 'M' 'M' 'M' 'M' 'M' 'M' 'U' 'A']"
328801,0,172,7,165,26,0,0,"['A' 'M' 'M' 'M' 'M' 'M' 'M' 'M' 'M' 'M' 'M' 'M' 'M' 'M' 'M' 'U' 'M' 'M'
 'M' 'M' 'M' 'M' 'M' 'M' 'U' 'U' 'M' 'M' 'M' 'M' 'M' 'M' 'U' 'M' 'M' 'M'
 'M' 'U' 'M' 'M' 'U' 'M' 'M' 'M' 'M' 'M' 'M' 'M' 'M' 'M' 'M' 'M' 'M' 'M'
 'M' 'M' 'U' 'M' 'M' 'M' 'U' 'U' 'U' 'U' 'M' 'M' 'U' 'M' 'M' 'U' 'M' 'M'
 'M' 'M' 'M' 'M' 'M' 'M' 'M' 'U' 'U' 'M' 'M' 'M' 'M' 'M' 'U' 'M' 'M' 'M'
 'M' 'M' 'M' 'M' 'M' 'M' 'M' 'M' 'M' 'U' 'M' 'M' 'M' 'M' 'U' 'M' 'U' 'M'
 'A' 'M' 'M' 'M' 'M' 'M' 'M' 'M' 'A' 'A' 'M' 'M' 'M' 'M' 'M' 'M' 'M' 'U'
 'M' 'M' 'M' 'U' 'M' 'M' 'M' 'M' 'M' 'M' 'M' 'U' 'M' 'M' 'M' 'M' 'M' 'M'
 'M' 'M' 'M' 'M' 'M' 'M' 'M' 'A' 'M' 'M' 'M' 'U' 'M' 'U' 'M' 'A' 'M' 'M'
 'M' 'M' 'M' 'M' 'M' 'M' 'M' 'M' 'M' 'U' 'M' 'M' 'M' 'M' 'M' 'M' 'M' 'M'
 'M' 'M' 'M' 'M' 'M' 'M' 'M' 'M' 'M' 'M' 'M' 'M' 'M' 'M' 'U' 'M' 'M' 'A']"
328901,0,163,5,158,35,0,0,"['A' 'M' 'M' 'M' 'M' 'M' 'M' 'M' 'M' 'M' 'U' 'M' 'M' 'U' 'M' 'U' 'M' 'M'
 'M' 'M' 'U' 'M' 'M' 'M' 'U' 'M' 'M' 'M' 'M' 'M' 'M' 'M' 'U' 'M' 'M' 'M'
 'M' 'U' 'M' 'M' 'M' 'M' 'M' 'M' 'M' 'M' 'M' 'M' 'M' 'M' 'M' 'M' 'M' 'M'
 'M' 'M' 'U' 'M' 'M' 'M' 'U' 'U' 'U' 'U' 'M' 'M' 'M' 'M' 'M' 'M' 'M' 'M'
 'M' 'M' 'M' 'M' 'M' 'M' 'M' 'M' 'M' 'M' 'U' 'M' 'M' 'U' 'M' 'M' 'M' 'U'
 'U' 'M' 'M' 'U' 'M' 'M' 'M' 'M' 'M' 'M' 'M' 'M' 'U' 'M' 'U' 'M' 'U' 'M'
 'A' 'M' 'M' 'M' 'M' 'M' 'M' 'M' 'A' 'U' 'M' 'M' 'M' 'M' 'M' 'M' 'M' 'U'
 'M' 'M' 'M' 'U' 'M' 'M' 'U' 'U' 'U' 'M' 'U' 'U' 'U' 'M' 'M' 'M' 'M' 'M'
 'M' 'M' 'M' 'M' 'M' 'M' 'U' 'A' 'M' 'M' 'M' 'U' 'M' 'U' 'M' 'A' 'M' 'M'
 'M' 'M' 'M' 'M' 'M' 'M' 'M' 'M' 'M' 'U' 'M' 'M' 'M' 'M' 'M' 'M' 'M' 'M'
 'M' 'M' 'M' 'M' 'M' 'M' 'M' 'M' 'M' 'M' 'M' 'M' 'M' 'M' 'U' 'M' 'M' 'U']"
329001,0,163,3,160,35,0,0,"['A' 'M' 'M' 'M' 'M' 'M' 'M' 'M' 'M' 'M' 'U' 'M' 'M' 'U' 'M' 'U' 'M' 'M'
 'M' 'M' 'U' 'M' 'M' 'M' 'U' 'M' 'M' 'M' 'U' 'M' 'M' 'M' 'U' 'M' 'M' 'M'
 'M' 'U' 'M' 'M' 'M' 'M' 'M' 'M' 'M' 'M' 'M' 'M' 'M' 'M' 'M' 'U' 'M' 'M'
 'M' 'M' 'U' 'M' 'M' 'M' 'U' 'M' 'U' 'U' 'M' 'M' 'M' 'M' 'U' 'M' 'M' 'M'
 'M' 'U' 'M' 'U' 'M' 'M' 'U' 'M' 'M' 'M' 'M' 'M' 'M' 'M' 'M' 'M' 'M' 'M'
 'U' 'M' 'M' 'M' 'M' 'M' 'M' 'M' 'M' 'M' 'M' 'M' 'U' 'M' 'M' 'M' 'U' 'M'
 'U' 'M' 'M' 'M' 'M' 'M' 'M' 'M' 'A' 'M' 'M' 'M' 'M' 'M' 'M' 'M' 'M' 'M'
 'M' 'M' 'M' 'U' 'M' 'M' 'U' 'M' 'U' 'M' 'U' 'U' 'U' 'M' 'M' 'M' 'M' 'M'
 'M' 'M' 'M' 'M' 'M' 'M' 'U' 'A' 'M' 'M' 'M' 'U' 'M' 'U' 'M' 'U' 'M' 'M'
 'M' 'M' 'M' 'M' 'M' 'M' 'M' 'U' 'M' 'U' 'M' 'M' 'M' 'M' 'M' 'M' 'M' 'M'
 'M' 'M' 'M' 'M' 'M' 'M' 'M' 'M' 'M' 'M' 'M' 'M' 'M' 'M' 'U' 'U' 'M' 'M']"
329101,0,167,2,165,31,0,0,"['A' 'M' 'M' 'M' 'M' 'M' 'M' 'M' 'M' 'M' 'U' 'M' 'M' 'U' 'M' 'U' 'M' 'M'
 'M' 'M' 'M' 'M' 'M' 'M' 'U' 'M' 'M' 'M' 'U' 'M' 'M' 'M' 'U' 'M' 'M' 'M'
 'M' 'U' 'M' 'M' 'M' 'M' 'M' 'M' 'M' 'M' 'M' 'M' 'M' 'M' 'M' 'U' 'M' 'M'
 'M' 'M' 'U' 'M' 'M' 'M' 'U' 'U' 'M' 'U' 'M' 'M' 'M' 'M' 'M' 'M' 'M' 'M'
 'M' 'M' 'M' 'M' 'M' 'M' 'U' 'M' 'U' 'M' 'M' 'M' 'M' 'M' 'M' 'M' 'M' 'M'
 'M' 'M' 'U' 'U' 'U' 'M' 'M' 'M' 'M' 'M' 'M' 'M' 'M' 'M' 'M' 'M' 'U' 'M'
 'U' 'M' 'M' 'M' 'M' 'M' 'M' 'M' 'A' 'M' 'M' 'M' 'M' 'M' 'M' 'M' 'M' 'M'
 'M' 'M' 'M' 'M' 'M' 'M' 'M' 'M' 'U' 'U' 'M' 'U' 'M' 'M' 'M' 'M' 'M' 'U'
 'M' 'M' 'M' 'M' 'M' 'M' 'M' 'U' 'M' 'U' 'M' 'M' 'M' 'U' 'M' 'U' 'M' 'M'
 'M' 'M' 'M' 'M' 'M' 'U' 'M' 'U' 'M' 'U' 'M' 'M' 'M' 'M' 'M' 'M' 'M' 'M'
 'M' 'M' 'M' 'M' 'M' 'M' 'M' 'M' 'M' 'M' 'M' 'M' 'M' 'M' 'U' 'M' 'M' 'M']"
329201,0,163,4,159,35,0,0,"['A' 'M' 'M' 'M' 'M' 'M' 'M' 'M' 'M' 'U' 'U' 'M' 'M' 'U' 'M' 'U' 'U' 'M'
 'M' 'M' 'M' 'M' 'M' 'M' 'U' 'M' 'M' 'M' 'A' 'M' 'M' 'M' 'M' 'U' 'U' 'M'
 'M' 'U' 'M' 'M' 'M' 'M' 'U' 'M' 'M' 'M' 'M' 'M' 'M' 'M' 'M' 'U' 'M' 'M'
 'M' 'M' 'U' 'M' 'M' 'M' 'M' 'U' 'M' 'M' 'M' 'M' 'U' 'U' 'M' 'M' 'U' 'M'
 'M' 'M' 'M' 'M' 'M' 'M' 'M' 'M' 'U' 'M' 'M' 'M' 'M' 'M' 'U' 'M' 'M' 'M'
 'M' 'M' 'M' 'M' 'M' 'M' 'M' 'M' 'M' 'M' 'M' 'M' 'M' 'M' 'M' 'M' 'U' 'M'
 'U' 'M' 'U' 'M' 'M' 'M' 'M' 'M' 'A' 'M' 'M' 'M' 'M' 'M' 'M' 'M' 'M' 'M'
 'M' 'M' 'M' 'M' 'M' 'M' 'M' 'M' 'U' 'U' 'M' 'M' 'M' 'M' 'M' 'M' 'M' 'A'
 'U' 'M' 'M' 'M' 'M' 'M' 'M' 'U' 'M' 'U' 'M' 'M' 'M' 'U' 'M' 'U' 'U' 'M'
 'U' 'M' 'M' 'M' 'M' 'U' 'M' 'M' 'M' 'U' 'M' 'M' 'M' 'M' 'M' 'U' 'U' 'M'
 'M' 'M' 'M' 'M' 'M' 'M' 'M' 'M' 'M' 'M' 'M' 'U' 'M' 'M' 'M' 'M' 'M' 'M']"
329301,0,169,3,166,29,0,0,"['A' 'M' 'M' 'M' 'M' 'M' 'M' 'M' 'M' 'U' 'U' 'M' 'M' 'U' 'M' 'U' 'U' 'M'
 'M' 'M' 'M' 'M' 'M' 'M' 'U' 'M' 'M' 'M' 'U' 'M' 'M' 'M' 'M' 'M' 'M' 'M'
 'M' 'M' 'M' 'M' 'M' 'M' 'U' 'M' 'M' 'M' 'M' 'M' 'M' 'M' 'M' 'M' 'M' 'M'
 'M' 'M' 'M' 'M' 'M' 'M' 'M' 'U' 'M' 'M' 'M' 'M' 'M' 'M' 'M' 'M' 'M' 'U'
 'U' 'M' 'M' 'M' 'M' 'U' 'M' 'U' 'U' 'M' 'M' 'M' 'M' 'M' 'M' 'M' 'M' 'M'
 'M' 'M' 'M' 'M' 'M' 'M' 'M' 'M' 'M' 'M' 'M' 'M' 'M' 'M' 'U' 'M' 'M' 'M'
 'M' 'M' 'M' 'U' 'M' 'M' 'M' 'M' 'A' 'M' 'M' 'M' 'M' 'M' 'M' 'M' 'M' 'M'
 'M' 'M' 'M' 'M' 'M' 'M' 'M' 'M' 'U' 'U' 'U' 'M' 'U' 'M' 'M' 'M' 'M' 'A'
 'U' 'M' 'M' 'M' 'M' 'U' 'M' 'U' 'M' 'U' 'M' 'M' 'M' 'M' 'M' 'M' 'U' 'M'
 'U' 'M' 'M' 'M' 'M' 'U' 'M' 'M' 'U' 'M' 'M' 'M' 'M' 'M' 'M' 'U' 'M' 'M'
 'M' 'M' 'M' 'M' 'M' 'M' 'M' 'M' 'M' 'M' 'M' 'M' 'M' 'M' 'M' 'M' 'M' 'M']"
329401,0,168,2,166,30,0,0,"['A' 'M' 'M' 'M' 'U' 'M' 'M' 'M' 'M' 'M' 'M' 'M' 'M' 'M' 'M' 'U' 'M' 'M'
 'M' 'M' 'M' 'M' 'M' 'M' 'U' 'M' 'M' 'M' 'M' 'M' 'M' 'M' 'M' 'M' 'U' 'M'
 'M' 'M' 'M' 'M' 'M' 'M' 'M' 'M' 'M' 'M' 'M' 'M' 'M' 'U' 'M' 'M' 'M' 'M'
 'M' 'M' 'M' 'M' 'M' 'M' 'M' 'U' 'M' 'M' 'M' 'M' 'M' 'M' 'M' 'M' 'M' 'M'
 'M' 'M' 'M' 'M' 'M' 'M' 'U' 'U' 'U' 'M' 'M' 'M' 'M' 'M' 'M' 'M' 'M' 'M'
 'M' 'U' 'U' 'M' 'M' 'M' 'M' 'M' 'M' 'M' 'M' 'M' 'M' 'M' 'U' 'M' 'M' 'M'
 'M' 'U' 'M' 'U' 'M' 'M' 'M' 'M' 'U' 'M' 'M' 'M' 'M' 'M' 'M' 'M' 'M' 'U'
 'M' 'M' 'M' 'M' 'M' 'M' 'M' 'M' 'M' 'U' 'U' 'M' 'U' 'M' 'M' 'M' 'M' 'A'
 'U' 'M' 'M' 'M' 'M' 'U' 'M' 'U' 'M' 'M' 'M' 'M' 'M' 'M' 'M' 'M' 'U' 'M'
 'U' 'U' 'M' 'M' 'M' 'U' 'M' 'M' 'M' 'U' 'M' 'M' 'M' 'M' 'M' 'U' 'M' 'U'
 'M' 'M' 'M' 'M' 'M' 'M' 'M' 'M' 'M' 'M' 'M' 'U' 'M' 'M' 'M' 'M' 'M' 'M']"
329501,0,164,2,162,34,0,0,"['A' 'M' 'M' 'M' 'U' 'M' 'M' 'M' 'M' 'M' 'M' 'M' 'M' 'M' 'M' 'U' 'M' 'M'
 'M' 'M' 'M' 'U' 'M' 'M' 'U' 'M' 'M' 'M' 'M' 'M' 'M' 'M' 'M' 'M' 'U' 'M'
 'M' 'M' 'M' 'M' 'M' 'U' 'M' 'M' 'U' 'M' 'M' 'M' 'M' 'U' 'M' 'M' 'M' 'M'
 'M' 'M' 'M' 'M' 'M' 'M' 'M' 'U' 'M' 'M' 'M' 'U' 'M' 'M' 'M' 'M' 'M' 'U'
 'M' 'M' 'M' 'M' 'M' 'M' 'M' 'U' 'M' 'M' 'M' 'M' 'M' 'M' 'M' 'M' 'M' 'M'
 'M' 'U' 'M' 'U' 'M' 'M' 'M' 'M' 'M' 'M' 'M' 'M' 'M' 'M' 'U' 'M' 'M' 'M'
 'M' 'U' 'M' 'U' 'M' 'M' 'M' 'M' 'U' 'M' 'M' 'M' 'M' 'M' 'M' 'M' 'M' 'U'
 'M' 'M' 'M' 'M' 'M' 'M' 'M' 'M' 'M' 'U' 'M' 'M' 'M' 'M' 'M' 'M' 'M' 'U'
 'M' 'M' 'M' 'M' 'M' 'U' 'M' 'U' 'M' 'M' 'M' 'M' 'U' 'M' 'M' 'M' 'U' 'M'
 'U' 'A' 'M' 'M' 'M' 'U' 'M' 'M' 'M' 'U' 'M' 'M' 'M' 'M' 'M' 'U' 'M' 'U'
 'M' 'M' 'M' 'M' 'M' 'U' 'M' 'U' 'M' 'M' 'M' 'U' 'M' 'M' 'M' 'M' 'U' 'M']"
329601,0,165,2,163,33,0,1,"['A' 'M' 'M' 'M' 'U' 'M' 'M' 'U' 'M' 'M' 'M' 'M' 'M' 'M' 'M' 'U' 'M' 'M'
 'M' 'M' 'M' 'U' 'M' 'M' 'M' 'M' 'M' 'M' 'M' 'M' 'M' 'M' 'M' 'M' 'U' 'M'
 'M' 'M' 'M' 'M' 'M' 'U' 'M' 'M' 'U' 'M' 'M' 'M' 'M' 'U' 'M' 'M' 'M' 'M'
 'M' 'M' 'M' 'M' 'M' 'M' 'M' 'U' 'M' 'M' 'M' 'M' 'M' 'U' 'M' 'M' 'M' 'M'
 'M' 'M' 'U' 'M' 'M' 'M' 'M' 'M' 'M' 'U' 'M' 'M' 'M' 'M' 'U' 'M' 'M' 'M'
 'U' 'M' 'M' 'M' 'M' 'M' 'M' 'M' 'M' 'M' 'M' 'M' 'M' 'M' 'M' 'M' 'U' 'M'
 'M' 'U' 'M' 'U' 'M' 'M' 'M' 'M' 'U' 'M' 'M' 'M' 'M' 'M' 'M' 'M' 'M' 'U'
 'M' 'M' 'M' 'M' 'M' 'M' 'M' 'M' 'M' 'M' 'M' 'U' 'M' 'M' 'M' 'M' 'M' 'U'
 'M' 'M' 'M' 'M' 'M' 'U' 'M' 'U' 'U' 'M' 'M' 'M' 'M' 'U' 'M' 'M' 'U' 'M'
 'U' 'A' 'M' 'M' 'M' 'U' 'M' 'M' 'M' 'U' 'M' 'M' 'M' 'M' 'M' 'U' 'M' 'M'
 'M' 'M' 'M' 'M' 'M' 'U' 'M' 'U' 'M' 'M' 'M' 'U' 'M' 'M' 'M' 'M' 'M' 'M']"
329701,0,163,2,161,35,0,0,"['A' 'M' 'M' 'M' 'U' 'M' 'M' 'U' 'M' 'M' 'M' 'M' 'M' 'M' 'M' 'M' 'M' 'M'
 'M' 'M' 'M' 'U' 'M' 'M' 'M' 'M' 'M' 'U' 'M' 'M' 'M' 'M' 'M' 'M' 'U' 'M'
 'M' 'M' 'M' 'M' 'M' 'U' 'M' 'M' 'U' 'M' 'M' 'M' 'M' 'U' 'U' 'M' 'M' 'M'
 'M' 'M' 'M' 'M' 'M' 'M' 'M' 'U' 'M' 'M' 'M' 'M' 'U' 'M' 'U' 'U' 'U' 'M'
 'M' 'M' 'M' 'M' 'M' 'M' 'M' 'M' 'M' 'M' 'M' 'M' 'M' 'M' 'M' 'M' 'M' 'M'
 'M' 'M' 'U' 'M' 'M' 'M' 'M' 'M' 'M' 'M' 'M' 'M' 'M' 'M' 'M' 'M' 'M' 'M'
 'U' 'M' 'M' 'U' 'M' 'M' 'M' 'M' 'U' 'M' 'M' 'M' 'M' 'M' 'M' 'M' 'M' 'M'
 'M' 'M' 'M' 'M' 'M' 'M' 'M' 'M' 'M' 'M' 'M' 'U' 'M' 'M' 'M' 'M' 'M' 'U'
 'M' 'M' 'M' 'M' 'M' 'U' 'M' 'M' 'U' 'M' 'M' 'M' 'M' 'U' 'M' 'M' 'U' 'M'
 'U' 'A' 'M' 'U' 'M' 'U' 'M' 'M' 'M' 'U' 'M' 'M' 'M' 'M' 'M' 'U' 'M' 'U'
 'U' 'M' 'M' 'M' 'M' 'U' 'M' 'U' 'U' 'M' 'M' 'U' 'M' 'M' 'M' 'M' 'M' 'M']"
329801,0,163,1,162,35,0,0,"['A' 'M' 'M' 'M' 'U' 'M' 'M' 'U' 'M' 'M' 'M' 'M' 'M' 'M' 'M' 'M' 'M' 'U'
 'M' 'M' 'M' 'U' 'M' 'M' 'M' 'M' 'M' 'U' 'M' 'M' 'M' 'M' 'M' 'M' 'M' 'M'
 'M' 'M' 'M' 'U' 'M' 'U' 'M' 'M' 'U' 'M' 'M' 'M' 'M' 'U' 'M' 'M' 'M' 'M'
 'M' 'M' 'M' 'M' 'M' 'M' 'M' 'U' 'M' 'M' 'M' 'M' 'M' 'U' 'M' 'M' 'M' 'M'
 'M' 'M' 'M' 'M' 'U' 'U' 'M' 'M' 'M' 'M' 'U' 'U' 'M' 'M' 'M' 'M' 'M' 'M'
 'M' 'M' 'M' 'M' 'M' 'M' 'M' 'M' 'M' 'M' 'M' 'M' 'M' 'M' 'M' 'M' 'M' 'M'
 'U' 'M' 'M' 'U' 'M' 'M' 'M' 'M' 'M' 'U' 'M' 'M' 'M' 'M' 'M' 'M' 'M' 'U'
 'M' 'M' 'M' 'M' 'M' 'M' 'M' 'M' 'M' 'M' 'M' 'U' 'M' 'M' 'M' 'M' 'M' 'M'
 'M' 'M' 'M' 'M' 'M' 'U' 'M' 'M' 'U' 'M' 'M' 'M' 'U' 'U' 'M' 'M' 'U' 'M'
 'M' 'U' 'M' 'U' 'M' 'U' 'M' 'M' 'M' 'U' 'M' 'M' 'M' 'M' 'U' 'U' 'M' 'U'
 'U' 'M' 'M' 'M' 'M' 'U' 'M' 'M' 'M' 'M' 'M' 'U' 'M' 'M' 'M' 'M' 'M' 'M']"
329901,0,165,1,164,33,0,0,"['A' 'M' 'M' 'M' 'U' 'M' 'M' 'U' 'M' 'M' 'M' 'M' 'M' 'M' 'M' 'M' 'M' 'U'
 'M' 'M' 'M' 'U' 'M' 'M' 'M' 'M' 'M' 'U' 'M' 'M' 'M' 'M' 'U' 'M' 'M' 'M'
 'M' 'M' 'M' 'U' 'M' 'U' 'M' 'M' 'U' 'M' 'M' 'M' 'M' 'U' 'M' 'M' 'M' 'M'
 'M' 'M' 'M' 'U' 'U' 'M' 'M' 'U' 'M' 'M' 'M' 'U' 'M' 'M' 'M' 'M' 'M' 'U'
 'U' 'M' 'M' 'M' 'M' 'M' 'U' 'M' 'M' 'M' 'M' 'M' 'M' 'M' 'M' 'M' 'M' 'M'
 'M' 'M' 'M' 'U' 'M' 'M' 'M' 'M' 'M' 'M' 'M' 'M' 'M' 'M' 'M' 'M' 'M' 'M'
 'M' 'M' 'M' 'U' 'M' 'M' 'M' 'M' 'M' 'U' 'M' 'M' 'M' 'M' 'M' 'M' 'M' 'U'
 'M' 'M' 'M' 'M' 'M' 'M' 'M' 'M' 'M' 'M' 'M' 'M' 'M' 'M' 'M' 'M' 'M' 'M'
 'M' 'M' 'M' 'M' 'M' 'M' 'M' 'M' 'U' 'M' 'M' 'M' 'U' 'U' 'M' 'M' 'M' 'M'
 'M' 'U' 'M' 'U' 'M' 'U' 'M' 'M' 'M' 'M' 'M' 'M' 'M' 'M' 'U' 'U' 'M' 'U'
 'U' 'M' 'M' 'M' 'M' 'U' 'M' 'M' 'M' 'M' 'M' 'M' 'M' 'M' 'U' 'M' 'M' 'M']"
330001,0,170,1,169,28,0,0,"['A' 'M' 'M' 'U' 'U' 'M' 'M' 'U' 'M' 'M' 'M' 'M' 'M' 'M' 'M' 'M' 'M' 'M'
 'M' 'M' 'M' 'M' 'M' 'M' 'M' 'M' 'M' 'U' 'M' 'M' 'M' 'M' 'U' 'M' 'U' 'M'
 'M' 'M' 'M' 'U' 'M' 'U' 'M' 'M' 'M' 'M' 'M' 'M' 'M' 'U' 'M' 'M' 'M' 'M'
 'M' 'M' 'M' 'U' 'U' 'M' 'M' 'M' 'M' 'M' 'M' 'M' 'M' 'M' 'M' 'M' 'M' 'M'
 'U' 'M' 'M' 'M' 'M' 'U' 'M' 'M' 'M' 'U' 'U' 'M' 'M' 'M' 'M' 'M' 'M' 'M'
 'M' 'M' 'M' 'U' 'M' 'M' 'M' 'M' 'M' 'M' 'M' 'M' 'M' 'M' 'M' 'M' 'M' 'M'
 'M' 'M' 'M' 'U' 'M' 'M' 'M' 'M' 'M' 'U' 'M' 'M' 'M' 'M' 'M' 'M' 'M' 'M'
 'M' 'M' 'M' 'M' 'M' 'M' 'M' 'M' 'M' 'M' 'M' 'M' 'M' 'M' 'M' 'M' 'M' 'M'
 'M' 'M' 'M' 'U' 'M' 'M' 'M' 'M' 'U' 'M' 'M' 'M' 'U' 'U' 'M' 'M' 'M' 'M'
 'M' 'M' 'M' 'M' 'M' 'U' 'M' 'M' 'M' 'M' 'M' 'M' 'M' 'M' 'U' 'U' 'U' 'M'
 'M' 'M' 'M' 'M' 'M' 'M' 'M' 'M' 'M' 'M' 'M' 'M' 'M' 'M' 'U' 'M' 'U' 'M']"
330101,0,167,1,166,31,0,0,"['A' 'M' 'M' 'U' 'U' 'U' 'M' 'U' 'M' 'M' 'M' 'M' 'M' 'M' 'M' 'M' 'U' 'M'
 'M' 'M' 'M' 'M' 'M' 'M' 'M' 'M' 'U' 'U' 'M' 'M' 'M' 'M' 'U' 'U' 'U' 'M'
 'M' 'M' 'U' 'M' 'M' 'M' 'M' 'M' 'M' 'M' 'M' 'M' 'M' 'U' 'M' 'M' 'M' 'M'
 'M' 'M' 'M' 'U' 'M' 'M' 'M' 'M' 'M' 'M' 'M' 'M' 'M' 'U' 'M' 'M' 'U' 'M'
 'M' 'M' 'M' 'M' 'M' 'M' 'M' 'M' 'U' 'M' 'M' 'M' 'U' 'M' 'M' 'U' 'M' 'M'
 'M' 'M' 'M' 'M' 'M' 'M' 'M' 'M' 'U' 'M' 'M' 'M' 'M' 'M' 'M' 'M' 'M' 'M'
 'M' 'M' 'M' 'U' 'M' 'M' 'M' 'M' 'M' 'M' 'M' 'M' 'M' 'M' 'M' 'U' 'M' 'M'
 'M' 'M' 'M' 'M' 'M' 'M' 'M' 'M' 'M' 'M' 'M' 'M' 'M' 'M' 'M' 'M' 'M' 'M'
 'U' 'M' 'M' 'U' 'M' 'M' 'M' 'M' 'M' 'M' 'M' 'M' 'U' 'U' 'M' 'M' 'M' 'M'
 'M' 'M' 'M' 'M' 'M' 'M' 'M' 'M' 'M' 'M' 'M' 'M' 'M' 'M' 'U' 'U' 'U' 'M'
 'M' 'M' 'M' 'M' 'M' 'M' 'M' 'M' 'M' 'M' 'M' 'U' 'M' 'M' 'U' 'M' 'U' 'M']"
330201,0,175,2,173,23,0,0,"['A' 'M' 'M' 'M' 'U' 'U' 'M' 'U' 'M' 'M' 'M' 'M' 'M' 'M' 'M' 'M' 'U' 'M'
 'M' 'M' 'M' 'M' 'M' 'M' 'M' 'M' 'M' 'M' 'M' 'M' 'M' 'M' 'M' 'U' 'U' 'M'
 'M' 'M' 'M' 'M' 'M' 'M' 'M' 'M' 'M' 'M' 'M' 'M' 'M' 'U' 'M' 'M' 'M' 'M'
 'M' 'M' 'M' 'U' 'M' 'M' 'M' 'M' 'M' 'M' 'M' 'M' 'U' 'M' 'M' 'M' 'M' 'M'
 'M' 'M' 'M' 'M' 'U' 'M' 'U' 'M' 'M' 'M' 'M' 'U' 'M' 'M' 'M' 'M' 'M' 'M'
 'M' 'M' 'M' 'U' 'M' 'M' 'M' 'M' 'M' 'M' 'U' 'M' 'M' 'M' 'M' 'M' 'M' 'M'
 'M' 'M' 'M' 'U' 'M' 'M' 'M' 'M' 'M' 'M' 'M' 'M' 'M' 'M' 'M' 'M' 'M' 'M'
 'M' 'M' 'M' 'M' 'M' 'M' 'M' 'M' 'M' 'M' 'M' 'M' 'M' 'M' 'M' 'M' 'M' 'M'
 'U' 'M' 'M' 'U' 'M' 'M' 'M' 'M' 'M' 'M' 'M' 'M' 'M' 'U' 'M' 'M' 'M' 'M'
 'M' 'M' 'U' 'M' 'M' 'M' 'M' 'M' 'M' 'M' 'M' 'M' 'M' 'M' 'M' 'U' 'U' 'M'
 'M' 'M' 'M' 'M' 'M' 'M' 'M' 'M' 'M' 'M' 'M' 'U' 'M' 'M' 'A' 'M' 'U' 'M']"
330301,0,171,3,168,27,1,0,"['A' 'M' 'M' 'M' 'U' 'U' 'M' 'M' 'M' 'M' 'M' 'M' 'U' 'M' 'M' 'M' 'U' 'M'
 'M' 'M' 'M' 'M' 'M' 'M' 'M' 'M' 'M' 'M' 'M' 'M' 'M' 'U' 'U' 'U' 'U' 'M'
 'M' 'M' 'M' 'U' 'M' 'M' 'M' 'M' 'M' 'M' 'M' 'M' 'M' 'U' 'M' 'M' 'M' 'M'
 'M' 'M' 'M' 'U' 'M' 'M' 'M' 'M' 'M' 'M' 'M' 'M' 'M' 'M' 'U' 'M' 'M' 'U'
 'U' 'M' 'M' 'M' 'M' 'M' 'M' 'M' 'M' 'M' 'U' 'M' 'M' 'M' 'M' 'U' 'M' 'M'
 'M' 'M' 'M' 'M' 'M' 'M' 'M' 'M' 'M' 'M' 'M' 'U' 'U' 'M' 'M' 'U' 'M' 'M'
 'M' 'M' 'M' 'M' 'M' 'M' 'M' 'M' 'M' 'M' 'M' 'M' 'M' 'M' 'M' 'M' 'M' 'M'
 'M' 'M' 'M' 'M' 'M' 'M' 'M' 'M' 'M' 'M' 'M' 'M' 'M' 'U' 'M' 'M' 'M' 'M'
 'U' 'M' 'M' 'M' 'M' 'M' 'M' 'M' 'M' 'M' 'M' 'M' 'M' 'A' 'U' 'M' 'M' 'M'
 'M' 'M' 'U' 'M' 'M' 'M' 'M' 'M' 'M' 'M' 'M' 'M' 'M' 'M' 'M' 'U' 'U' 'M'
 'M' 'M' 'M' 'M' 'M' 'M' 'M' 'M' 'M' 'M' 'M' 'M' 'M' 'M' 'A' 'U' 'U' 'M']"
330401,0,173,3,170,25,1,0,"['A' 'M' 'M' 'M' 'U' 'U' 'M' 'M' 'M' 'M' 'M' 'M' 'U' 'M' 'M' 'M' 'U' 'M'
 'M' 'M' 'M' 'M' 'M' 'M' 'M' 'U' 'M' 'U' 'M' 'M' 'M' 'U' 'M' 'U' 'M' 'M'
 'M' 'M' 'M' 'U' 'M' 'M' 'M' 'M' 'M' 'M' 'M' 'M' 'M' 'U' 'M' 'M' 'M' 'M'
 'M' 'M' 'M' 'U' 'M' 'M' 'M' 'M' 'M' 'M' 'M' 'M' 'M' 'U' 'M' 'U' 'M' 'M'
 'M' 'M' 'M' 'M' 'M' 'M' 'M' 'M' 'M' 'M' 'M' 'M' 'M' 'M' 'M' 'M' 'M' 'U'
 'U' 'M' 'U' 'M' 'M' 'M' 'M' 'M' 'M' 'M' 'M' 'M' 'U' 'M' 'M' 'U' 'M' 'M'
 'M' 'M' 'U' 'M' 'M' 'M' 'M' 'M' 'M' 'M' 'M' 'M' 'M' 'M' 'M' 'M' 'M' 'M'
 'M' 'M' 'M' 'U' 'M' 'M' 'M' 'M' 'M' 'M' 'M' 'M' 'M' 'M' 'M' 'M' 'M' 'M'
 'U' 'U' 'M' 'M' 'M' 'M' 'M' 'M' 'M' 'M' 'M' 'M' 'M' 'A' 'M' 'M' 'M' 'M'
 'M' 'M' 'U' 'M' 'M' 'M' 'M' 'M' 'M' 'M' 'M' 'M' 'M' 'M' 'M' 'M' 'U' 'M'
 'M' 'M' 'M' 'M' 'M' 'M' 'M' 'M' 'M' 'M' 'M' 'M' 'M' 'M' 'A' 'U' 'M' 'M']"
330501,0,169,2,167,29,0,0,"['A' 'M' 'M' 'M' 'M' 'U' 'M' 'M' 'M' 'M' 'M' 'M' 'U' 'M' 'M' 'M' 'U' 'M'
 'U' 'M' 'M' 'U' 'M' 'M' 'M' 'U' 'M' 'U' 'M' 'M' 'M' 'M' 'U' 'M' 'M' 'M'
 'M' 'M' 'U' 'M' 'M' 'M' 'M' 'U' 'M' 'M' 'M' 'M' 'M' 'U' 'M' 'M' 'M' 'M'
 'M' 'M' 'M' 'A' 'M' 'M' 'M' 'M' 'M' 'M' 'M' 'M' 'M' 'M' 'M' 'U' 'M' 'U'
 'M' 'M' 'M' 'U' 'M' 'M' 'M' 'M' 'M' 'M' 'M' 'M' 'M' 'M' 'M' 'M' 'M' 'U'
 'M' 'M' 'U' 'M' 'M' 'M' 'M' 'M' 'M' 'M' 'M' 'M' 'M' 'M' 'M' 'U' 'M' 'M'
 'M' 'M' 'U' 'M' 'M' 'M' 'M' 'M' 'M' 'M' 'M' 'M' 'M' 'M' 'M' 'M' 'M' 'M'
 'M' 'M' 'M' 'U' 'M' 'U' 'M' 'M' 'M' 'M' 'M' 'M' 'M' 'M' 'U' 'M' 'M' 'M'
 'M' 'U' 'M' 'M' 'M' 'M' 'M' 'U' 'M' 'M' 'M' 'M' 'M' 'U' 'M' 'M' 'M' 'M'
 'M' 'M' 'M' 'M' 'U' 'M' 'M' 'M' 'M' 'M' 'M' 'M' 'M' 'M' 'M' 'M' 'U' 'M'
 'M' 'M' 'M' 'M' 'M' 'M' 'M' 'M' 'M' 'U' 'M' 'M' 'M' 'M' 'U' 'U' 'M' 'M']"
330601,0,172,3,169,26,0,0,"['A' 'M' 'U' 'M' 'M' 'U' 'M' 'M' 'M' 'A' 'M' 'M' 'U' 'M' 'M' 'M' 'U' 'M'
 'M' 'M' 'M' 'U' 'M' 'M' 'M' 'U' 'M' 'M' 'M' 'M' 'M' 'M' 'U' 'M' 'M' 'M'
 'M' 'M' 'U' 'M' 'M' 'M' 'M' 'U' 'M' 'M' 'M' 'M' 'U' 'M' 'M' 'M' 'M' 'U'
 'M' 'M' 'M' 'U' 'M' 'M' 'M' 'M' 'M' 'M' 'M' 'U' 'U' 'M' 'M' 'U' 'M' 'M'
 'M' 'M' 'M' 'M' 'M' 'M' 'U' 'M' 'M' 'M' 'M' 'M' 'U' 'M' 'M' 'M' 'M' 'M'
 'M' 'M' 'M' 'M' 'M' 'M' 'M' 'M' 'M' 'M' 'M' 'M' 'M' 'M' 'M' 'U' 'M' 'M'
 'M' 'M' 'M' 'M' 'M' 'M' 'M' 'M' 'M' 'M' 'M' 'M' 'M' 'M' 'M' 'U' 'M' 'M'
 'M' 'M' 'M' 'M' 'M' 'M' 'M' 'M' 'M' 'M' 'U' 'M' 'M' 'M' 'U' 'M' 'M' 'M'
 'M' 'M' 'M' 'M' 'M' 'M' 'U' 'U' 'M' 'M' 'M' 'M' 'M' 'M' 'M' 'M' 'M' 'M'
 'M' 'M' 'M' 'M' 'A' 'M' 'M' 'M' 'M' 'M' 'M' 'M' 'M' 'M' 'M' 'M' 'U' 'M'
 'M' 'U' 'M' 'M' 'M' 'M' 'M' 'M' 'M' 'M' 'M' 'M' 'M' 'M' 'M' 'U' 'M' 'M']"
330701,0,168,3,165,30,0,0,"['A' 'M' 'U' 'M' 'M' 'M' 'M' 'M' 'M' 'U' 'M' 'M' 'U' 'M' 'M' 'M' 'U' 'M'
 'M' 'M' 'U' 'U' 'M' 'M' 'M' 'U' 'M' 'M' 'M' 'M' 'M' 'M' 'U' 'M' 'M' 'M'
 'M' 'M' 'U' 'M' 'M' 'M' 'M' 'U' 'M' 'M' 'M' 'M' 'M' 'M' 'M' 'M' 'M' 'M'
 'M' 'M' 'M' 'U' 'M' 'M' 'U' 'M' 'M' 'M' 'M' 'M' 'M' 'U' 'M' 'U' 'M' 'M'
 'M' 'M' 'M' 'U' 'M' 'M' 'M' 'M' 'M' 'M' 'M' 'M' 'M' 'M' 'M' 'M' 'M' 'U'
 'M' 'M' 'M' 'U' 'M' 'M' 'M' 'M' 'M' 'M' 'M' 'M' 'U' 'M' 'U' 'U' 'M' 'M'
 'M' 'M' 'M' 'U' 'M' 'M' 'M' 'M' 'M' 'M' 'M' 'M' 'M' 'M' 'M' 'U' 'M' 'M'
 'U' 'M' 'M' 'M' 'M' 'M' 'M' 'M' 'M' 'M' 'U' 'M' 'M' 'M' 'U' 'M' 'M' 'M'
 'U' 'M' 'M' 'M' 'M' 'M' 'M' 'A' 'U' 'M' 'M' 'U' 'M' 'M' 'M' 'M' 'M' 'M'
 'M' 'M' 'M' 'M' 'A' 'M' 'M' 'M' 'M' 'M' 'M' 'M' 'M' 'M' 'M' 'M' 'U' 'M'
 'M' 'M' 'M' 'M' 'M' 'M' 'M' 'M' 'M' 'M' 'M' 'M' 'M' 'M' 'M' 'U' 'M' 'M']"
330801,0,168,3,165,30,0,0,"['A' 'M' 'U' 'U' 'M' 'M' 'M' 'M' 'M' 'M' 'M' 'M' 'M' 'M' 'M' 'M' 'U' 'M'
 'M' 'M' 'M' 'U' 'M' 'M' 'M' 'M' 'M' 'M' 'M' 'M' 'M' 'M' 'M' 'M' 'M' 'M'
 'M' 'M' 'U' 'M' 'M' 'M' 'M' 'U' 'M' 'M' 'M' 'M' 'M' 'M' 'M' 'M' 'M' 'M'
 'M' 'M' 'M' 'M' 'U' 'M' 'U' 'M' 'M' 'M' 'M' 'U' 'M' 'M' 'M' 'M' 'U' 'M'
 'M' 'M' 'M' 'M' 'M' 'M' 'M' 'M' 'U' 'M' 'M' 'M' 'M' 'M' 'M' 'M' 'M' 'M'
 'U' 'U' 'M' 'M' 'M' 'M' 'M' 'M' 'U' 'M' 'U' 'M' 'M' 'M' 'U' 'U' 'M' 'M'
 'M' 'M' 'M' 'U' 'M' 'M' 'M' 'M' 'M' 'M' 'M' 'M' 'M' 'M' 'M' 'U' 'M' 'M'
 'U' 'M' 'M' 'M' 'M' 'M' 'M' 'M' 'M' 'M' 'U' 'M' 'M' 'M' 'U' 'U' 'M' 'M'
 'U' 'M' 'M' 'M' 'M' 'M' 'M' 'A' 'U' 'M' 'M' 'U' 'M' 'M' 'M' 'M' 'M' 'M'
 'M' 'M' 'M' 'M' 'A' 'M' 'M' 'M' 'M' 'M' 'M' 'M' 'M' 'M' 'M' 'M' 'U' 'M'
 'M' 'U' 'M' 'M' 'M' 'M' 'M' 'M' 'M' 'M' 'M' 'M' 'M' 'M' 'M' 'U' 'M' 'U']"
330901,0,169,3,166,29,0,0,"['A' 'M' 'U' 'U' 'M' 'M' 'M' 'M' 'M' 'M' 'M' 'M' 'M' 'M' 'M' 'M' 'M' 'M'
 'M' 'M' 'M' 'U' 'M' 'M' 'M' 'M' 'M' 'U' 'M' 'M' 'M' 'M' 'M' 'M' 'M' 'M'
 'M' 'M' 'M' 'M' 'M' 'M' 'M' 'U' 'M' 'M' 'M' 'M' 'M' 'M' 'M' 'M' 'M' 'M'
 'M' 'M' 'M' 'M' 'U' 'U' 'M' 'M' 'M' 'M' 'M' 'M' 'M' 'M' 'M' 'U' 'U' 'M'
 'M' 'M' 'M' 'U' 'M' 'M' 'M' 'M' 'M' 'M' 'M' 'U' 'M' 'M' 'U' 'M' 'M' 'M'
 'M' 'M' 'M' 'M' 'M' 'U' 'M' 'M' 'U' 'M' 'M' 'M' 'M' 'M' 'M' 'U' 'M' 'M'
 'M' 'M' 'M' 'U' 'M' 'M' 'M' 'M' 'M' 'M' 'M' 'M' 'M' 'M' 'M' 'U' 'M' 'M'
 'U' 'M' 'M' 'M' 'U' 'M' 'M' 'M' 'M' 'M' 'M' 'M' 'M' 'M' 'U' 'U' 'M' 'M'
 'U' 'M' 'M' 'M' 'M' 'M' 'M' 'A' 'U' 'M' 'M' 'U' 'M' 'M' 'M' 'M' 'M' 'M'
 'M' 'M' 'M' 'M' 'A' 'M' 'M' 'U' 'M' 'M' 'M' 'M' 'M' 'M' 'M' 'M' 'U' 'M'
 'M' 'U' 'M' 'M' 'M' 'M' 'M' 'M' 'M' 'M' 'M' 'M' 'M' 'M' 'M' 'U' 'M' 'U']"
331001,0,167,4,163,31,0,0,"['A' 'M' 'U' 'U' 'M' 'M' 'M' 'M' 'M' 'M' 'M' 'M' 'M' 'U' 'M' 'M' 'M' 'M'
 'M' 'M' 'M' 'U' 'M' 'M' 'M' 'M' 'M' 'U' 'M' 'M' 'M' 'M' 'M' 'M' 'M' 'M'
 'M' 'M' 'M' 'M' 'M' 'M' 'M' 'A' 'M' 'M' 'M' 'M' 'M' 'M' 'M' 'M' 'M' 'M'
 'M' 'M' 'M' 'M' 'U' 'U' 'M' 'M' 'M' 'M' 'M' 'M' 'M' 'M' 'M' 'M' 'U' 'M'
 'M' 'U' 'M' 'M' 'U' 'M' 'M' 'M' 'M' 'M' 'M' 'M' 'M' 'U' 'M' 'M' 'M' 'M'
 'M' 'M' 'M' 'U' 'M' 'U' 'M' 'M' 'U' 'M' 'M' 'M' 'M' 'M' 'M' 'U' 'M' 'M'
 'M' 'M' 'M' 'M' 'M' 'M' 'M' 'M' 'M' 'M' 'M' 'M' 'M' 'M' 'M' 'U' 'M' 'M'
 'U' 'M' 'M' 'M' 'U' 'M' 'M' 'M' 'M' 'M' 'M' 'U' 'U' 'U' 'M' 'U' 'M' 'M'
 'U' 'M' 'M' 'M' 'M' 'M' 'M' 'A' 'U' 'M' 'M' 'M' 'M' 'M' 'M' 'M' 'M' 'M'
 'M' 'M' 'M' 'U' 'A' 'M' 'M' 'U' 'M' 'M' 'M' 'M' 'M' 'M' 'M' 'M' 'M' 'M'
 'M' 'U' 'M' 'M' 'M' 'M' 'M' 'M' 'M' 'M' 'U' 'M' 'M' 'M' 'M' 'U' 'U' 'U']"
331101,0,166,2,164,32,0,0,"['A' 'M' 'U' 'U' 'M' 'M' 'M' 'M' 'M' 'M' 'M' 'M' 'M' 'M' 'M' 'M' 'M' 'M'
 'M' 'M' 'M' 'U' 'M' 'M' 'M' 'M' 'M' 'U' 'M' 'M' 'M' 'M' 'M' 'M' 'M' 'M'
 'M' 'M' 'M' 'M' 'M' 'M' 'M' 'U' 'M' 'M' 'M' 'M' 'M' 'M' 'M' 'M' 'M' 'M'
 'M' 'M' 'M' 'M' 'M' 'M' 'M' 'M' 'M' 'M' 'M' 'M' 'M' 'M' 'M' 'M' 'M' 'U'
 'M' 'M' 'U' 'M' 'U' 'M' 'M' 'M' 'M' 'M' 'M' 'M' 'M' 'M' 'M' 'M' 'M' 'M'
 'U' 'M' 'U' 'M' 'M' 'U' 'M' 'M' 'U' 'M' 'M' 'M' 'M' 'M' 'M' 'U' 'M' 'M'
 'M' 'M' 'M' 'M' 'M' 'M' 'M' 'M' 'M' 'M' 'M' 'M' 'M' 'M' 'M' 'U' 'U' 'M'
 'U' 'M' 'M' 'M' 'U' 'M' 'M' 'M' 'M' 'M' 'M' 'U' 'U' 'U' 'M' 'U' 'M' 'M'
 'U' 'M' 'M' 'M' 'M' 'M' 'M' 'U' 'U' 'M' 'M' 'M' 'M' 'M' 'M' 'M' 'M' 'M'
 'U' 'M' 'M' 'M' 'A' 'M' 'M' 'U' 'M' 'M' 'M' 'M' 'M' 'M' 'M' 'M' 'M' 'M'
 'M' 'U' 'M' 'M' 'M' 'M' 'M' 'M' 'M' 'U' 'U' 'M' 'M' 'M' 'M' 'U' 'U' 'U']"
331201,0,169,2,167,29,0,0,"['A' 'M' 'M' 'U' 'M' 'U' 'M' 'U' 'M' 'M' 'M' 'M' 'M' 'M' 'M' 'M' 'M' 'M'
 'M' 'M' 'M' 'U' 'M' 'M' 'M' 'M' 'M' 'U' 'U' 'M' 'M' 'M' 'M' 'M' 'M' 'M'
 'M' 'M' 'M' 'M' 'M' 'M' 'M' 'U' 'M' 'M' 'M' 'M' 'M' 'M' 'M' 'M' 'M' 'M'
 'M' 'M' 'M' 'M' 'M' 'M' 'M' 'M' 'M' 'M' 'M' 'M' 'M' 'M' 'M' 'M' 'U' 'M'
 'M' 'M' 'M' 'M' 'M' 'M' 'M' 'M' 'M' 'M' 'U' 'M' 'M' 'M' 'M' 'M' 'U' 'U'
 'U' 'M' 'M' 'M' 'M' 'U' 'M' 'M' 'U' 'M' 'M' 'M' 'M' 'M' 'M' 'U' 'M' 'M'
 'M' 'M' 'M' 'U' 'M' 'M' 'M' 'M' 'M' 'M' 'M' 'M' 'M' 'M' 'U' 'U' 'U' 'M'
 'M' 'M' 'M' 'M' 'M' 'M' 'M' 'M' 'M' 'M' 'M' 'M' 'U' 'U' 'M' 'U' 'M' 'M'
 'U' 'M' 'M' 'M' 'M' 'M' 'M' 'U' 'M' 'M' 'M' 'M' 'M' 'M' 'M' 'M' 'M' 'M'
 'M' 'M' 'M' 'M' 'A' 'M' 'M' 'U' 'M' 'M' 'M' 'M' 'M' 'M' 'M' 'M' 'M' 'M'
 'M' 'U' 'M' 'M' 'M' 'M' 'M' 'M' 'M' 'M' 'U' 'M' 'M' 'M' 'M' 'M' 'U' 'U']"
331301,0,167,2,165,31,0,0,"['A' 'M' 'M' 'U' 'M' 'U' 'M' 'U' 'M' 'M' 'M' 'M' 'M' 'M' 'M' 'M' 'M' 'M'
 'M' 'M' 'U' 'U' 'M' 'M' 'M' 'M' 'M' 'U' 'A' 'M' 'M' 'M' 'M' 'M' 'M' 'M'
 'M' 'M' 'M' 'M' 'M' 'M' 'M' 'M' 'M' 'M' 'M' 'M' 'M' 'M' 'M' 'M' 'M' 'M'
 'M' 'M' 'M' 'M' 'M' 'M' 'M' 'M' 'M' 'M' 'M' 'M' 'M' 'M' 'U' 'M' 'M' 'M'
 'M' 'M' 'M' 'M' 'M' 'M' 'U' 'M' 'M' 'M' 'M' 'U' 'M' 'U' 'M' 'U' 'M' 'M'
 'M' 'M' 'M' 'M' 'M' 'U' 'M' 'M' 'U' 'M' 'M' 'M' 'M' 'U' 'M' 'U' 'M' 'M'
 'M' 'M' 'M' 'U' 'M' 'M' 'M' 'M' 'M' 'M' 'M' 'M' 'M' 'M' 'U' 'U' 'U' 'M'
 'M' 'M' 'M' 'M' 'M' 'M' 'M' 'M' 'M' 'M' 'U' 'M' 'M' 'U' 'U' 'M' 'U' 'M'
 'M' 'M' 'M' 'M' 'M' 'M' 'M' 'U' 'U' 'M' 'M' 'M' 'M' 'M' 'M' 'M' 'M' 'M'
 'M' 'U' 'M' 'M' 'U' 'M' 'M' 'M' 'M' 'M' 'M' 'M' 'M' 'M' 'M' 'M' 'M' 'M'
 'M' 'M' 'M' 'U' 'M' 'M' 'M' 'M' 'M' 'M' 'U' 'M' 'M' 'M' 'M' 'U' 'M' 'U']"
331401,0,168,3,165,30,0,0,"['A' 'M' 'U' 'U' 'M' 'U' 'M' 'U' 'M' 'M' 'M' 'M' 'M' 'M' 'M' 'M' 'M' 'M'
 'M' 'M' 'U' 'A' 'M' 'M' 'M' 'M' 'M' 'M' 'A' 'M' 'M' 'M' 'M' 'M' 'M' 'M'
 'M' 'M' 'M' 'M' 'M' 'M' 'M' 'M' 'M' 'M' 'U' 'M' 'M' 'M' 'M' 'M' 'M' 'M'
 'M' 'M' 'M' 'M' 'M' 'M' 'M' 'M' 'M' 'M' 'M' 'M' 'M' 'M' 'U' 'M' 'M' 'M'
 'M' 'M' 'M' 'U' 'M' 'M' 'M' 'U' 'M' 'M' 'U' 'M' 'M' 'M' 'M' 'U' 'M' 'M'
 'M' 'M' 'M' 'M' 'M' 'M' 'M' 'M' 'M' 'M' 'M' 'U' 'M' 'M' 'U' 'M' 'M' 'M'
 'M' 'M' 'U' 'U' 'M' 'M' 'M' 'M' 'M' 'M' 'M' 'U' 'M' 'M' 'M' 'U' 'U' 'M'
 'M' 'M' 'M' 'M' 'M' 'M' 'M' 'M' 'M' 'M' 'M' 'M' 'M' 'U' 'U' 'M' 'M' 'M'
 'M' 'M' 'M' 'M' 'M' 'M' 'M' 'U' 'U' 'M' 'M' 'M' 'M' 'M' 'M' 'M' 'M' 'M'
 'M' 'U' 'M' 'M' 'U' 'M' 'M' 'M' 'M' 'M' 'M' 'M' 'M' 'M' 'M' 'M' 'M' 'M'
 'M' 'M' 'M' 'U' 'M' 'U' 'U' 'U' 'M' 'U' 'M' 'M' 'M' 'M' 'M' 'U' 'M' 'M']"
331501,0,166,3,163,32,0,0,"['A' 'M' 'U' 'M' 'M' 'M' 'M' 'U' 'M' 'M' 'M' 'M' 'M' 'M' 'M' 'U' 'U' 'M'
 'M' 'U' 'U' 'A' 'M' 'M' 'M' 'M' 'M' 'M' 'A' 'M' 'M' 'M' 'M' 'M' 'M' 'M'
 'M' 'M' 'M' 'M' 'M' 'M' 'M' 'M' 'M' 'M' 'U' 'M' 'M' 'M' 'M' 'M' 'M' 'M'
 'M' 'M' 'M' 'M' 'M' 'M' 'M' 'M' 'M' 'M' 'M' 'M' 'M' 'M' 'M' 'M' 'M' 'M'
 'M' 'M' 'M' 'M' 'M' 'M' 'U' 'U' 'M' 'M' 'U' 'M' 'U' 'M' 'M' 'M' 'M' 'M'
 'M' 'U' 'M' 'M' 'M' 'M' 'M' 'M' 'M' 'M' 'M' 'U' 'M' 'U' 'U' 'M' 'M' 'M'
 'M' 'M' 'U' 'M' 'M' 'M' 'M' 'M' 'M' 'M' 'M' 'U' 'M' 'M' 'M' 'U' 'M' 'M'
 'M' 'M' 'M' 'M' 'M' 'M' 'M' 'M' 'M' 'M' 'M' 'M' 'M' 'M' 'U' 'U' 'M' 'M'
 'M' 'M' 'M' 'M' 'M' 'M' 'M' 'U' 'U' 'M' 'M' 'M' 'M' 'M' 'M' 'M' 'M' 'M'
 'M' 'U' 'M' 'M' 'U' 'M' 'M' 'M' 'M' 'M' 'M' 'M' 'M' 'M' 'M' 'M' 'M' 'M'
 'M' 'M' 'M' 'U' 'M' 'U' 'U' 'U' 'U' 'U' 'M' 'U' 'M' 'M' 'M' 'U' 'M' 'M']"
331601,0,169,4,165,29,0,0,"['A' 'M' 'M' 'M' 'M' 'M' 'M' 'U' 'M' 'M' 'M' 'M' 'M' 'M' 'M' 'U' 'U' 'M'
 'M' 'U' 'U' 'A' 'M' 'M' 'M' 'M' 'M' 'M' 'A' 'M' 'M' 'M' 'M' 'M' 'M' 'M'
 'M' 'M' 'M' 'M' 'M' 'M' 'M' 'M' 'M' 'M' 'U' 'M' 'M' 'M' 'M' 'M' 'M' 'M'
 'M' 'M' 'M' 'M' 'M' 'M' 'M' 'M' 'U' 'M' 'M' 'M' 'M' 'M' 'M' 'M' 'U' 'M'
 'M' 'M' 'M' 'M' 'M' 'U' 'M' 'M' 'M' 'U' 'M' 'M' 'M' 'M' 'M' 'M' 'M' 'M'
 'M' 'U' 'U' 'M' 'M' 'M' 'M' 'M' 'M' 'M' 'M' 'U' 'M' 'M' 'U' 'M' 'M' 'M'
 'M' 'M' 'M' 'M' 'M' 'M' 'M' 'M' 'M' 'M' 'M' 'U' 'M' 'M' 'M' 'M' 'M' 'U'
 'M' 'M' 'M' 'M' 'M' 'M' 'M' 'M' 'M' 'M' 'M' 'M' 'M' 'M' 'U' 'U' 'M' 'U'
 'M' 'M' 'M' 'M' 'M' 'M' 'M' 'M' 'U' 'M' 'M' 'M' 'M' 'M' 'M' 'M' 'M' 'M'
 'U' 'M' 'M' 'M' 'U' 'M' 'M' 'U' 'M' 'M' 'M' 'M' 'M' 'M' 'M' 'M' 'M' 'M'
 'M' 'A' 'M' 'U' 'M' 'U' 'M' 'U' 'U' 'M' 'M' 'U' 'M' 'M' 'M' 'U' 'M' 'M']"
331701,0,168,4,164,30,0,0,"['A' 'M' 'M' 'M' 'M' 'U' 'M' 'U' 'M' 'M' 'M' 'M' 'M' 'M' 'M' 'U' 'M' 'M'
 'M' 'U' 'U' 'A' 'M' 'M' 'M' 'M' 'M' 'M' 'U' 'M' 'M' 'M' 'M' 'M' 'M' 'U'
 'U' 'M' 'M' 'M' 'M' 'M' 'M' 'M' 'M' 'M' 'M' 'M' 'M' 'M' 'M' 'M' 'M' 'U'
 'M' 'M' 'M' 'M' 'M' 'M' 'M' 'M' 'U' 'M' 'M' 'M' 'M' 'M' 'M' 'M' 'U' 'M'
 'M' 'U' 'M' 'M' 'M' 'M' 'U' 'M' 'M' 'U' 'M' 'M' 'M' 'M' 'M' 'M' 'M' 'M'
 'U' 'M' 'M' 'M' 'M' 'M' 'U' 'M' 'M' 'M' 'M' 'U' 'M' 'M' 'U' 'M' 'M' 'M'
 'M' 'M' 'M' 'U' 'M' 'M' 'M' 'M' 'M' 'M' 'M' 'U' 'M' 'M' 'M' 'M' 'M' 'U'
 'M' 'M' 'M' 'M' 'M' 'M' 'M' 'M' 'M' 'M' 'M' 'M' 'M' 'M' 'U' 'U' 'M' 'U'
 'M' 'M' 'M' 'U' 'M' 'M' 'M' 'M' 'M' 'M' 'M' 'M' 'M' 'M' 'M' 'M' 'M' 'M'
 'M' 'M' 'M' 'M' 'M' 'M' 'M' 'U' 'M' 'M' 'M' 'A' 'M' 'M' 'M' 'M' 'M' 'M'
 'M' 'A' 'M' 'U' 'M' 'M' 'M' 'M' 'U' 'M' 'M' 'U' 'M' 'M' 'M' 'U' 'M' 'M']"
331801,0,170,4,166,28,0,0,"['A' 'M' 'U' 'M' 'M' 'U' 'M' 'U' 'M' 'M' 'M' 'M' 'M' 'M' 'M' 'M' 'M' 'M'
 'M' 'U' 'M' 'U' 'M' 'M' 'M' 'M' 'M' 'M' 'M' 'M' 'M' 'M' 'M' 'M' 'M' 'U'
 'U' 'M' 'M' 'M' 'M' 'M' 'M' 'M' 'M' 'U' 'M' 'M' 'M' 'M' 'M' 'M' 'M' 'U'
 'M' 'M' 'M' 'M' 'M' 'M' 'M' 'M' 'U' 'M' 'M' 'M' 'M' 'M' 'M' 'M' 'M' 'M'
 'M' 'M' 'U' 'M' 'U' 'M' 'M' 'M' 'M' 'M' 'M' 'M' 'M' 'M' 'M' 'U' 'M' 'M'
 'U' 'M' 'U' 'M' 'M' 'M' 'U' 'M' 'M' 'M' 'M' 'U' 'M' 'M' 'U' 'M' 'M' 'M'
 'M' 'M' 'M' 'U' 'M' 'M' 'M' 'M' 'M' 'M' 'M' 'A' 'M' 'M' 'M' 'M' 'M' 'U'
 'M' 'M' 'M' 'M' 'M' 'M' 'M' 'M' 'M' 'M' 'M' 'M' 'M' 'M' 'U' 'U' 'M' 'U'
 'M' 'M' 'U' 'U' 'M' 'M' 'M' 'M' 'M' 'M' 'M' 'M' 'M' 'M' 'M' 'M' 'M' 'M'
 'M' 'M' 'M' 'M' 'M' 'M' 'M' 'M' 'M' 'M' 'M' 'A' 'M' 'M' 'M' 'M' 'M' 'M'
 'M' 'A' 'M' 'U' 'M' 'M' 'M' 'M' 'M' 'M' 'M' 'U' 'M' 'M' 'U' 'M' 'M' 'M']"
331901,0,172,3,169,26,0,0,"['A' 'M' 'U' 'M' 'M' 'U' 'U' 'U' 'M' 'M' 'U' 'M' 'M' 'U' 'M' 'M' 'M' 'M'
 'M' 'U' 'M' 'U' 'M' 'M' 'M' 'M' 'M' 'M' 'M' 'M' 'M' 'M' 'M' 'M' 'M' 'U'
 'M' 'M' 'M' 'M' 'M' 'M' 'M' 'M' 'M' 'U' 'M' 'M' 'M' 'M' 'M' 'M' 'M' 'M'
 'M' 'M' 'M' 'M' 'M' 'M' 'M' 'M' 'U' 'M' 'M' 'M' 'M' 'U' 'M' 'U' 'M' 'M'
 'M' 'M' 'M' 'U' 'M' 'M' 'U' 'M' 'M' 'M' 'M' 'M' 'M' 'M' 'M' 'M' 'M' 'M'
 'M' 'M' 'U' 'M' 'M' 'M' 'U' 'M' 'M' 'M' 'M' 'U' 'M' 'M' 'M' 'M' 'M' 'M'
 'M' 'M' 'M' 'M' 'M' 'M' 'M' 'M' 'M' 'M' 'M' 'A' 'M' 'M' 'M' 'M' 'M' 'U'
 'M' 'U' 'M' 'M' 'M' 'M' 'U' 'M' 'M' 'M' 'M' 'M' 'M' 'M' 'M' 'U' 'M' 'U'
 'M' 'M' 'M' 'U' 'M' 'M' 'M' 'M' 'M' 'M' 'M' 'M' 'M' 'M' 'M' 'M' 'M' 'M'
 'M' 'M' 'M' 'M' 'M' 'M' 'M' 'M' 'M' 'M' 'M' 'U' 'M' 'M' 'M' 'M' 'M' 'M'
 'M' 'A' 'M' 'M' 'M' 'M' 'M' 'M' 'M' 'M' 'M' 'M' 'M' 'M' 'U' 'M' 'M' 'M']"
332001,0,170,1,169,28,0,0,"['A' 'M' 'U' 'M' 'M' 'U' 'U' 'U' 'M' 'M' 'U' 'M' 'M' 'U' 'M' 'M' 'M' 'M'
 'M' 'U' 'M' 'M' 'M' 'M' 'M' 'M' 'M' 'M' 'M' 'M' 'M' 'M' 'M' 'M' 'M' 'U'
 'M' 'M' 'M' 'M' 'M' 'M' 'M' 'M' 'M' 'U' 'M' 'M' 'M' 'M' 'M' 'M' 'M' 'U'
 'M' 'M' 'M' 'M' 'M' 'M' 'M' 'M' 'M' 'M' 'M' 'M' 'M' 'M' 'M' 'U' 'M' 'U'
 'M' 'M' 'M' 'M' 'U' 'M' 'M' 'U' 'M' 'M' 'M' 'M' 'M' 'M' 'M' 'M' 'M' 'M'
 'M' 'M' 'M' 'M' 'U' 'U' 'U' 'M' 'M' 'M' 'M' 'U' 'M' 'M' 'M' 'M' 'M' 'M'
 'M' 'M' 'M' 'M' 'M' 'M' 'M' 'M' 'M' 'M' 'M' 'U' 'M' 'M' 'M' 'M' 'M' 'U'
 'M' 'U' 'M' 'M' 'M' 'M' 'M' 'M' 'M' 'M' 'M' 'M' 'M' 'M' 'M' 'M' 'M' 'U'
 'M' 'M' 'M' 'U' 'M' 'M' 'M' 'M' 'U' 'M' 'M' 'M' 'M' 'M' 'M' 'M' 'U' 'M'
 'M' 'M' 'M' 'M' 'M' 'M' 'M' 'M' 'M' 'M' 'M' 'U' 'M' 'M' 'M' 'U' 'M' 'M'
 'M' 'M' 'M' 'M' 'M' 'M' 'M' 'M' 'M' 'M' 'M' 'M' 'M' 'M' 'U' 'M' 'M' 'M']"
332101,0,173,1,172,25,0,0,"['A' 'M' 'U' 'U' 'M' 'U' 'U' 'U' 'M' 'M' 'U' 'M' 'M' 'M' 'M' 'M' 'M' 'M'
 'M' 'U' 'M' 'M' 'M' 'M' 'M' 'M' 'M' 'M' 'M' 'M' 'M' 'M' 'M' 'M' 'M' 'U'
 'M' 'M' 'M' 'M' 'M' 'M' 'M' 'M' 'M' 'U' 'M' 'M' 'M' 'M' 'M' 'M' 'M' 'U'
 'M' 'M' 'M' 'M' 'U' 'M' 'M' 'M' 'M' 'M' 'M' 'M' 'U' 'M' 'M' 'M' 'M' 'U'
 'M' 'M' 'M' 'M' 'M' 'U' 'U' 'M' 'M' 'M' 'M' 'M' 'M' 'M' 'M' 'M' 'M' 'M'
 'M' 'M' 'M' 'M' 'U' 'U' 'U' 'M' 'M' 'M' 'M' 'M' 'M' 'M' 'M' 'M' 'M' 'M'
 'M' 'M' 'M' 'M' 'M' 'M' 'M' 'M' 'M' 'M' 'M' 'M' 'M' 'M' 'M' 'M' 'U' 'M'
 'M' 'M' 'M' 'M' 'M' 'M' 'M' 'M' 'M' 'M' 'M' 'M' 'M' 'M' 'U' 'M' 'M' 'U'
 'M' 'M' 'M' 'U' 'M' 'M' 'M' 'M' 'U' 'M' 'M' 'M' 'M' 'M' 'M' 'M' 'M' 'M'
 'M' 'M' 'M' 'M' 'M' 'M' 'M' 'M' 'M' 'M' 'M' 'U' 'M' 'M' 'M' 'U' 'M' 'M'
 'M' 'M' 'M' 'M' 'M' 'M' 'M' 'M' 'M' 'M' 'M' 'M' 'M' 'M' 'M' 'M' 'M' 'M']"
332201,0,173,1,172,25,1,0,"['A' 'M' 'U' 'M' 'M' 'U' 'M' 'M' 'M' 'U' 'U' 'M' 'M' 'M' 'M' 'M' 'M' 'M'
 'M' 'U' 'M' 'M' 'M' 'M' 'U' 'M' 'M' 'M' 'M' 'M' 'M' 'M' 'M' 'M' 'M' 'U'
 'M' 'M' 'M' 'M' 'M' 'M' 'M' 'M' 'M' 'U' 'M' 'M' 'M' 'M' 'M' 'M' 'M' 'U'
 'M' 'M' 'M' 'M' 'U' 'M' 'U' 'M' 'M' 'M' 'M' 'M' 'M' 'M' 'M' 'M' 'M' 'U'
 'M' 'U' 'M' 'M' 'M' 'U' 'U' 'M' 'M' 'M' 'M' 'M' 'M' 'M' 'U' 'M' 'M' 'M'
 'M' 'M' 'M' 'M' 'M' 'U' 'M' 'M' 'M' 'M' 'M' 'M' 'M' 'M' 'M' 'M' 'M' 'M'
 'M' 'M' 'M' 'M' 'M' 'M' 'M' 'M' 'M' 'M' 'M' 'M' 'M' 'M' 'M' 'M' 'M' 'M'
 'M' 'M' 'M' 'M' 'M' 'M' 'M' 'M' 'M' 'M' 'M' 'M' 'U' 'M' 'M' 'M' 'M' 'U'
 'M' 'M' 'M' 'U' 'M' 'M' 'M' 'M' 'U' 'M' 'M' 'M' 'M' 'M' 'M' 'M' 'M' 'M'
 'M' 'M' 'M' 'M' 'M' 'M' 'M' 'M' 'M' 'M' 'M' 'U' 'U' 'M' 'M' 'M' 'M' 'M'
 'M' 'U' 'M' 'M' 'M' 'U' 'M' 'M' 'M' 'M' 'M' 'M' 'M' 'M' 'M' 'M' 'M' 'M']"
332301,0,174,1,173,24,0,0,"['A' 'M' 'U' 'M' 'M' 'M' 'M' 'M' 'M' 'U' 'U' 'M' 'M' 'M' 'M' 'M' 'M' 'M'
 'M' 'U' 'M' 'M' 'M' 'M' 'U' 'M' 'M' 'M' 'M' 'M' 'M' 'M' 'M' 'M' 'M' 'U'
 'M' 'M' 'M' 'M' 'M' 'M' 'M' 'U' 'M' 'U' 'M' 'M' 'M' 'M' 'M' 'M' 'M' 'U'
 'M' 'M' 'M' 'M' 'M' 'M' 'U' 'M' 'M' 'M' 'M' 'M' 'U' 'M' 'M' 'M' 'M' 'U'
 'U' 'M' 'M' 'M' 'M' 'M' 'U' 'M' 'M' 'M' 'M' 'M' 'M' 'M' 'U' 'M' 'M' 'M'
 'M' 'M' 'M' 'M' 'M' 'U' 'M' 'M' 'M' 'M' 'M' 'M' 'M' 'M' 'M' 'M' 'M' 'M'
 'M' 'M' 'M' 'U' 'M' 'M' 'M' 'M' 'M' 'M' 'M' 'M' 'M' 'U' 'M' 'M' 'M' 'M'
 'M' 'M' 'M' 'M' 'M' 'M' 'M' 'M' 'M' 'M' 'M' 'M' 'M' 'M' 'M' 'M' 'M' 'U'
 'M' 'M' 'M' 'M' 'M' 'M' 'M' 'M' 'M' 'M' 'M' 'M' 'M' 'M' 'M' 'M' 'M' 'M'
 'M' 'M' 'M' 'M' 'M' 'M' 'M' 'M' 'M' 'M' 'M' 'U' 'U' 'M' 'M' 'U' 'M' 'M'
 'M' 'U' 'M' 'M' 'M' 'U' 'M' 'M' 'M' 'M' 'M' 'M' 'M' 'M' 'M' 'M' 'M' 'M']"
332401,0,174,1,173,24,0,1,"['A' 'M' 'U' 'M' 'M' 'M' 'M' 'M' 'M' 'M' 'M' 'M' 'M' 'M' 'M' 'M' 'M' 'M'
 'M' 'M' 'M' 'M' 'M' 'M' 'U' 'M' 'M' 'M' 'M' 'M' 'M' 'M' 'M' 'M' 'M' 'U'
 'M' 'M' 'M' 'M' 'M' 'M' 'M' 'M' 'M' 'U' 'M' 'M' 'M' 'U' 'U' 'M' 'M' 'U'
 'M' 'M' 'M' 'M' 'M' 'M' 'U' 'M' 'M' 'M' 'M' 'M' 'M' 'M' 'M' 'M' 'M' 'M'
 'M' 'U' 'M' 'M' 'M' 'M' 'M' 'M' 'M' 'U' 'M' 'M' 'M' 'M' 'M' 'M' 'U' 'M'
 'M' 'M' 'M' 'U' 'U' 'U' 'M' 'M' 'M' 'M' 'M' 'M' 'M' 'M' 'M' 'M' 'M' 'M'
 'M' 'M' 'M' 'U' 'M' 'M' 'M' 'M' 'M' 'M' 'M' 'M' 'M' 'U' 'M' 'M' 'M' 'M'
 'M' 'M' 'M' 'M' 'M' 'M' 'M' 'M' 'M' 'M' 'M' 'U' 'M' 'M' 'M' 'M' 'M' 'U'
 'M' 'M' 'M' 'M' 'M' 'M' 'M' 'M' 'M' 'M' 'M' 'M' 'M' 'M' 'M' 'M' 'M' 'M'
 'M' 'M' 'M' 'M' 'M' 'M' 'M' 'M' 'M' 'M' 'M' 'U' 'U' 'M' 'M' 'M' 'U' 'M'
 'M' 'U' 'M' 'M' 'M' 'U' 'M' 'M' 'M' 'M' 'M' 'M' 'M' 'M' 'U' 'M' 'M' 'M']"
332501,0,172,2,170,26,0,0,"['A' 'M' 'M' 'M' 'M' 'M' 'M' 'M' 'M' 'M' 'M' 'M' 'M' 'M' 'M' 'M' 'M' 'M'
 'M' 'M' 'M' 'M' 'M' 'M' 'A' 'M' 'M' 'M' 'M' 'M' 'M' 'M' 'M' 'M' 'M' 'U'
 'M' 'M' 'M' 'M' 'M' 'M' 'M' 'M' 'M' 'U' 'M' 'M' 'M' 'U' 'U' 'M' 'M' 'U'
 'M' 'M' 'M' 'M' 'M' 'M' 'U' 'M' 'M' 'M' 'M' 'M' 'M' 'U' 'M' 'M' 'M' 'M'
 'M' 'M' 'M' 'M' 'M' 'M' 'M' 'M' 'M' 'U' 'U' 'M' 'M' 'M' 'U' 'M' 'M' 'M'
 'M' 'M' 'M' 'U' 'M' 'U' 'M' 'M' 'M' 'M' 'M' 'M' 'M' 'M' 'M' 'M' 'M' 'M'
 'M' 'M' 'M' 'U' 'M' 'M' 'M' 'M' 'M' 'M' 'M' 'M' 'M' 'U' 'M' 'M' 'M' 'M'
 'M' 'M' 'M' 'M' 'M' 'M' 'M' 'U' 'M' 'M' 'M' 'U' 'M' 'M' 'U' 'M' 'M' 'M'
 'M' 'M' 'M' 'M' 'M' 'M' 'M' 'M' 'M' 'M' 'M' 'M' 'M' 'M' 'M' 'M' 'U' 'M'
 'M' 'U' 'M' 'M' 'M' 'M' 'M' 'M' 'M' 'M' 'U' 'U' 'U' 'M' 'M' 'M' 'U' 'M'
 'M' 'U' 'M' 'M' 'M' 'U' 'M' 'M' 'M' 'M' 'M' 'M' 'M' 'M' 'U' 'M' 'M' 'M']"
332601,0,165,2,163,33,0,0,"['A' 'M' 'M' 'M' 'M' 'M' 'M' 'M' 'U' 'M' 'M' 'M' 'M' 'M' 'M' 'M' 'M' 'M'
 'M' 'M' 'M' 'M' 'M' 'M' 'A' 'M' 'M' 'M' 'M' 'M' 'M' 'M' 'M' 'M' 'M' 'U'
 'M' 'M' 'M' 'M' 'M' 'M' 'M' 'M' 'M' 'U' 'U' 'M' 'M' 'U' 'M' 'M' 'M' 'M'
 'M' 'M' 'U' 'M' 'M' 'M' 'U' 'M' 'M' 'M' 'M' 'M' 'M' 'U' 'M' 'M' 'M' 'M'
 'M' 'U' 'M' 'M' 'U' 'M' 'M' 'M' 'M' 'M' 'U' 'U' 'M' 'M' 'M' 'M' 'M' 'M'
 'M' 'M' 'M' 'M' 'M' 'U' 'M' 'M' 'M' 'M' 'M' 'U' 'M' 'M' 'M' 'M' 'M' 'M'
 'M' 'U' 'M' 'M' 'M' 'M' 'M' 'M' 'M' 'M' 'U' 'M' 'M' 'U' 'M' 'M' 'M' 'M'
 'U' 'M' 'M' 'M' 'M' 'M' 'U' 'U' 'U' 'U' 'U' 'U' 'U' 'M' 'U' 'M' 'M' 'M'
 'M' 'M' 'M' 'M' 'M' 'M' 'M' 'M' 'M' 'M' 'M' 'M' 'M' 'M' 'M' 'M' 'U' 'M'
 'M' 'M' 'M' 'M' 'M' 'M' 'M' 'M' 'M' 'M' 'U' 'U' 'U' 'M' 'M' 'M' 'U' 'M'
 'M' 'M' 'M' 'M' 'M' 'U' 'M' 'M' 'M' 'M' 'M' 'M' 'M' 'M' 'U' 'M' 'M' 'M']"
332701,0,163,2,161,35,0,0,"['A' 'M' 'M' 'M' 'M' 'M' 'M' 'M' 'U' 'M' 'M' 'U' 'M' 'M' 'M' 'M' 'U' 'M'
 'M' 'M' 'M' 'M' 'M' 'M' 'A' 'M' 'M' 'M' 'M' 'M' 'M' 'M' 'M' 'M' 'M' 'M'
 'M' 'M' 'M' 'M' 'M' 'M' 'M' 'M' 'M' 'U' 'M' 'M' 'M' 'M' 'M' 'M' 'M' 'M'
 'M' 'M' 'U' 'M' 'M' 'M' 'U' 'M' 'M' 'M' 'U' 'M' 'M' 'M' 'M' 'M' 'U' 'M'
 'M' 'M' 'M' 'M' 'M' 'M' 'M' 'U' 'M' 'M' 'M' 'M' 'M' 'M' 'M' 'M' 'M' 'M'
 'M' 'U' 'M' 'U' 'U' 'U' 'U' 'M' 'M' 'M' 'M' 'M' 'M' 'M' 'M' 'M' 'M' 'U'
 'M' 'U' 'M' 'M' 'M' 'M' 'M' 'M' 'M' 'M' 'U' 'M' 'M' 'U' 'U' 'M' 'M' 'M'
 'U' 'M' 'M' 'U' 'M' 'M' 'U' 'U' 'U' 'U' 'U' 'U' 'U' 'M' 'U' 'M' 'M' 'M'
 'M' 'M' 'M' 'M' 'M' 'M' 'M' 'M' 'M' 'M' 'M' 'M' 'M' 'M' 'M' 'M' 'M' 'M'
 'M' 'M' 'M' 'M' 'M' 'M' 'M' 'M' 'M' 'M' 'U' 'U' 'U' 'M' 'M' 'M' 'U' 'M'
 'M' 'M' 'M' 'M' 'M' 'U' 'M' 'M' 'M' 'M' 'M' 'M' 'M' 'M' 'U' 'M' 'M' 'M']"
332801,0,166,1,165,32,0,0,"['A' 'M' 'M' 'M' 'U' 'M' 'M' 'M' 'U' 'M' 'M' 'U' 'M' 'M' 'M' 'M' 'U' 'M'
 'M' 'M' 'M' 'M' 'U' 'M' 'U' 'M' 'M' 'M' 'M' 'M' 'M' 'M' 'M' 'M' 'M' 'M'
 'M' 'M' 'M' 'M' 'M' 'M' 'M' 'M' 'M' 'M' 'M' 'M' 'M' 'M' 'M' 'M' 'M' 'M'
 'M' 'M' 'M' 'M' 'U' 'M' 'M' 'M' 'M' 'M' 'M' 'M' 'M' 'M' 'M' 'M' 'M' 'M'
 'M' 'M' 'M' 'M' 'U' 'U' 'M' 'U' 'U' 'M' 'M' 'M' 'U' 'M' 'M' 'M' 'M' 'M'
 'M' 'M' 'M' 'M' 'M' 'M' 'U' 'M' 'M' 'M' 'M' 'M' 'M' 'M' 'M' 'M' 'M' 'M'
 'M' 'M' 'M' 'M' 'M' 'M' 'M' 'M' 'M' 'M' 'U' 'M' 'M' 'U' 'U' 'M' 'M' 'M'
 'M' 'M' 'M' 'M' 'M' 'U' 'U' 'U' 'U' 'U' 'U' 'M' 'M' 'M' 'U' 'M' 'M' 'M'
 'M' 'M' 'M' 'M' 'M' 'M' 'M' 'M' 'U' 'M' 'M' 'M' 'M' 'M' 'U' 'M' 'M' 'M'
 'M' 'M' 'M' 'M' 'M' 'M' 'M' 'M' 'M' 'M' 'U' 'U' 'U' 'M' 'M' 'U' 'M' 'M'
 'M' 'M' 'M' 'M' 'M' 'U' 'M' 'M' 'M' 'U' 'M' 'M' 'M' 'M' 'U' 'M' 'M' 'M']"
332901,0,168,2,166,30,0,0,"['A' 'M' 'M' 'M' 'A' 'M' 'M' 'M' 'U' 'M' 'M' 'U' 'M' 'M' 'M' 'M' 'M' 'M'
 'M' 'M' 'M' 'M' 'U' 'M' 'U' 'M' 'M' 'M' 'M' 'M' 'M' 'M' 'M' 'M' 'M' 'M'
 'M' 'M' 'M' 'M' 'M' 'U' 'M' 'M' 'M' 'M' 'M' 'M' 'M' 'M' 'M' 'M' 'M' 'M'
 'M' 'U' 'M' 'M' 'U' 'M' 'M' 'M' 'M' 'M' 'M' 'U' 'M' 'M' 'M' 'U' 'M' 'M'
 'U' 'U' 'M' 'M' 'M' 'M' 'M' 'M' 'M' 'M' 'M' 'M' 'M' 'M' 'M' 'U' 'M' 'M'
 'M' 'M' 'M' 'M' 'M' 'M' 'U' 'M' 'M' 'M' 'M' 'M' 'M' 'M' 'M' 'M' 'M' 'M'
 'M' 'M' 'M' 'M' 'M' 'M' 'M' 'M' 'M' 'M' 'U' 'M' 'M' 'U' 'U' 'M' 'M' 'M'
 'M' 'M' 'M' 'M' 'M' 'U' 'U' 'U' 'U' 'U' 'M' 'M' 'M' 'U' 'U' 'M' 'M' 'M'
 'M' 'M' 'M' 'M' 'M' 'M' 'M' 'M' 'U' 'M' 'M' 'M' 'M' 'M' 'M' 'M' 'M' 'M'
 'M' 'M' 'M' 'M' 'M' 'M' 'M' 'M' 'M' 'M' 'U' 'U' 'U' 'U' 'M' 'U' 'M' 'M'
 'M' 'M' 'M' 'M' 'M' 'M' 'M' 'M' 'M' 'U' 'M' 'M' 'M' 'M' 'M' 'M' 'M' 'M']"
333001,0,168,2,166,30,0,0,"['A' 'M' 'M' 'M' 'U' 'M' 'M' 'M' 'U' 'M' 'M' 'M' 'U' 'M' 'M' 'M' 'M' 'M'
 'M' 'M' 'M' 'M' 'M' 'M' 'U' 'M' 'M' 'M' 'M' 'M' 'M' 'M' 'M' 'M' 'M' 'M'
 'M' 'M' 'M' 'M' 'M' 'M' 'M' 'M' 'M' 'M' 'M' 'M' 'U' 'M' 'M' 'M' 'M' 'M'
 'M' 'U' 'M' 'M' 'U' 'M' 'M' 'M' 'M' 'M' 'M' 'M' 'U' 'M' 'M' 'U' 'M' 'M'
 'M' 'U' 'M' 'M' 'U' 'M' 'M' 'M' 'M' 'U' 'M' 'M' 'M' 'M' 'M' 'M' 'M' 'M'
 'M' 'M' 'M' 'M' 'M' 'M' 'U' 'M' 'M' 'U' 'M' 'M' 'M' 'U' 'M' 'U' 'M' 'M'
 'U' 'M' 'M' 'M' 'M' 'M' 'M' 'M' 'M' 'M' 'M' 'M' 'M' 'U' 'M' 'M' 'M' 'M'
 'M' 'M' 'M' 'M' 'M' 'U' 'U' 'U' 'M' 'M' 'U' 'M' 'U' 'U' 'M' 'M' 'M' 'M'
 'M' 'M' 'M' 'M' 'M' 'M' 'M' 'M' 'U' 'M' 'M' 'A' 'M' 'M' 'M' 'M' 'M' 'M'
 'M' 'M' 'M' 'M' 'M' 'M' 'M' 'U' 'M' 'M' 'M' 'U' 'U' 'M' 'M' 'U' 'M' 'M'
 'M' 'M' 'M' 'M' 'M' 'M' 'M' 'M' 'M' 'U' 'M' 'M' 'M' 'M' 'M' 'M' 'M' 'M']"
333101,0,165,2,163,33,0,0,"['A' 'M' 'M' 'M' 'U' 'M' 'M' 'M' 'U' 'M' 'M' 'M' 'M' 'M' 'M' 'M' 'M' 'M'
 'M' 'M' 'M' 'M' 'M' 'M' 'U' 'M' 'M' 'M' 'M' 'M' 'M' 'M' 'M' 'M' 'M' 'M'
 'M' 'M' 'U' 'M' 'M' 'M' 'M' 'M' 'M' 'M' 'M' 'M' 'U' 'M' 'M' 'M' 'M' 'M'
 'M' 'M' 'M' 'M' 'U' 'M' 'M' 'M' 'M' 'M' 'M' 'U' 'M' 'U' 'M' 'M' 'M' 'M'
 'U' 'U' 'M' 'M' 'M' 'M' 'M' 'M' 'M' 'M' 'M' 'M' 'M' 'M' 'U' 'M' 'M' 'M'
 'M' 'M' 'M' 'M' 'M' 'M' 'U' 'M' 'M' 'U' 'M' 'M' 'M' 'U' 'M' 'U' 'M' 'M'
 'U' 'M' 'M' 'U' 'M' 'M' 'M' 'M' 'M' 'M' 'M' 'M' 'M' 'U' 'M' 'M' 'M' 'M'
 'M' 'M' 'M' 'M' 'M' 'U' 'M' 'U' 'M' 'M' 'U' 'M' 'U' 'U' 'M' 'U' 'M' 'M'
 'M' 'M' 'M' 'M' 'M' 'M' 'M' 'M' 'U' 'M' 'M' 'A' 'M' 'M' 'M' 'M' 'M' 'M'
 'M' 'M' 'M' 'M' 'M' 'M' 'M' 'U' 'M' 'M' 'M' 'U' 'U' 'M' 'M' 'U' 'M' 'U'
 'M' 'M' 'M' 'M' 'M' 'M' 'M' 'M' 'U' 'U' 'M' 'M' 'M' 'M' 'M' 'M' 'M' 'U']"
333201,0,164,3,161,34,0,0,"['A' 'M' 'M' 'M' 'M' 'M' 'M' 'M' 'M' 'M' 'M' 'M' 'M' 'M' 'M' 'M' 'M' 'M'
 'M' 'M' 'M' 'M' 'M' 'M' 'M' 'M' 'M' 'U' 'M' 'M' 'M' 'M' 'M' 'M' 'M' 'M'
 'M' 'M' 'U' 'M' 'M' 'U' 'M' 'M' 'M' 'M' 'M' 'M' 'U' 'M' 'M' 'A' 'M' 'M'
 'M' 'M' 'M' 'M' 'M' 'M' 'M' 'U' 'M' 'M' 'M' 'M' 'M' 'M' 'U' 'M' 'M' 'M'
 'M' 'M' 'M' 'U' 'M' 'U' 'M' 'M' 'U' 'M' 'M' 'M' 'M' 'M' 'M' 'M' 'M' 'M'
 'U' 'M' 'M' 'M' 'M' 'M' 'U' 'M' 'M' 'M' 'M' 'M' 'U' 'U' 'M' 'U' 'M' 'M'
 'U' 'M' 'M' 'U' 'M' 'M' 'M' 'M' 'M' 'M' 'M' 'M' 'M' 'U' 'M' 'M' 'M' 'M'
 'M' 'M' 'M' 'M' 'M' 'U' 'U' 'U' 'U' 'U' 'U' 'M' 'M' 'M' 'M' 'U' 'M' 'M'
 'M' 'M' 'M' 'M' 'M' 'M' 'U' 'M' 'U' 'M' 'M' 'A' 'M' 'M' 'U' 'M' 'M' 'M'
 'M' 'M' 'U' 'M' 'M' 'M' 'M' 'U' 'M' 'M' 'M' 'U' 'U' 'M' 'M' 'U' 'M' 'U'
 'M' 'M' 'M' 'M' 'M' 'M' 'M' 'M' 'M' 'U' 'M' 'M' 'M' 'M' 'M' 'M' 'M' 'M']"
333301,1,158,4,154,40,0,0,"['A' 'M' 'M' 'M' 'M' 'M' 'M' 'M' 'M' 'M' 'M' 'M' 'M' 'M' 'M' 'M' 'M' 'M'
 'M' 'M' 'M' 'M' 'M' 'M' 'M' 'M' 'M' 'U' 'M' 'M' 'M' 'M' 'M' 'M' 'M' 'M'
 'M' 'M' 'U' 'M' 'M' 'A' 'M' 'M' 'M' 'M' 'M' 'M' 'U' 'M' 'M' 'A' 'M' 'M'
 'M' 'M' 'M' 'M' 'U' 'M' 'U' 'U' 'M' 'U' 'M' 'M' 'M' 'M' 'U' 'M' 'M' 'M'
 'M' 'M' 'M' 'M' 'U' 'M' 'M' 'M' 'M' 'M' 'M' 'M' 'M' 'M' 'M' 'M' 'U' 'M'
 'U' 'M' 'M' 'U' 'M' 'U' 'U' 'M' 'M' 'M' 'M' 'U' 'U' 'U' 'M' 'U' 'M' 'M'
 'M' 'M' 'M' 'U' 'M' 'M' 'U' 'M' 'U' 'M' 'M' 'M' 'M' 'U' 'M' 'M' 'M' 'M'
 'M' 'U' 'M' 'M' 'M' 'U' 'U' 'A' 'U' 'U' 'U' 'M' 'M' 'M' 'M' 'U' 'M' 'M'
 'M' 'M' 'M' 'M' 'U' 'M' 'U' 'M' 'U' 'M' 'U' 'U' 'M' 'M' 'U' 'M' 'U' 'M'
 'M' 'M' 'M' 'M' 'M' 'M' 'M' 'M' 'M' 'M' 'M' 'M' 'M' 'M' 'M' 'U' 'M' 'U'
 'U' 'M' 'M' 'M' 'M' 'M' 'M' 'M' 'M' 'M' 'M' 'M' 'M' 'M' 'M' 'M' 'M' 'U']"
333401,0,158,5,153,40,0,0,"['A' 'M' 'M' 'M' 'M' 'M' 'M' 'M' 'M' 'U' 'M' 'M' 'M' 'M' 'U' 'M' 'M' 'M'
 'M' 'M' 'M' 'M' 'M' 'M' 'M' 'M' 'M' 'U' 'U' 'M' 'M' 'M' 'M' 'M' 'M' 'M'
 'M' 'M' 'U' 'M' 'M' 'A' 'M' 'M' 'M' 'M' 'M' 'M' 'U' 'M' 'M' 'A' 'M' 'M'
 'M' 'M' 'M' 'M' 'U' 'M' 'M' 'U' 'M' 'U' 'M' 'U' 'M' 'M' 'M' 'M' 'M' 'M'
 'U' 'M' 'M' 'M' 'U' 'M' 'U' 'M' 'M' 'M' 'M' 'M' 'U' 'M' 'M' 'M' 'M' 'M'
 'M' 'M' 'M' 'M' 'M' 'M' 'M' 'M' 'M' 'M' 'M' 'U' 'U' 'U' 'M' 'M' 'M' 'M'
 'M' 'M' 'M' 'M' 'M' 'M' 'U' 'M' 'U' 'M' 'M' 'M' 'M' 'U' 'M' 'M' 'M' 'M'
 'M' 'U' 'M' 'M' 'M' 'U' 'U' 'A' 'U' 'M' 'M' 'U' 'U' 'M' 'M' 'U' 'M' 'M'
 'M' 'M' 'M' 'M' 'U' 'M' 'U' 'M' 'U' 'M' 'U' 'U' 'M' 'M' 'U' 'M' 'U' 'M'
 'M' 'M' 'M' 'M' 'M' 'U' 'M' 'M' 'M' 'M' 'M' 'M' 'M' 'M' 'M' 'U' 'U' 'M'
 'U' 'M' 'M' 'M' 'M' 'M' 'U' 'U' 'M' 'M' 'M' 'M' 'M' 'M' 'M' 'M' 'M' 'A']"
333501,0,155,6,149,43,1,0,"['A' 'U' 'M' 'M' 'M' 'M' 'M' 'M' 'M' 'M' 'M' 'M' 'M' 'M' 'U' 'M' 'U' 'M'
 'M' 'M' 'M' 'M' 'M' 'M' 'M' 'M' 'M' 'A' 'M' 'M' 'M' 'M' 'M' 'M' 'M' 'U'
 'M' 'M' 'U' 'M' 'M' 'A' 'M' 'M' 'M' 'M' 'M' 'M' 'U' 'M' 'M' 'A' 'M' 'M'
 'M' 'U' 'M' 'M' 'U' 'M' 'U' 'U' 'M' 'U' 'M' 'M' 'M' 'M' 'M' 'M' 'M' 'M'
 'M' 'U' 'U' 'M' 'M' 'M' 'M' 'M' 'M' 'M' 'M' 'M' 'M' 'M' 'M' 'M' 'U' 'U'
 'M' 'M' 'U' 'M' 'M' 'M' 'M' 'M' 'M' 'M' 'M' 'U' 'U' 'M' 'M' 'M' 'M' 'U'
 'U' 'M' 'M' 'M' 'M' 'U' 'U' 'M' 'U' 'M' 'U' 'M' 'M' 'U' 'M' 'M' 'M' 'M'
 'M' 'U' 'M' 'M' 'M' 'U' 'U' 'U' 'U' 'M' 'M' 'U' 'U' 'M' 'M' 'U' 'M' 'M'
 'M' 'M' 'M' 'M' 'M' 'M' 'U' 'M' 'A' 'M' 'U' 'U' 'M' 'M' 'M' 'M' 'M' 'M'
 'M' 'M' 'M' 'M' 'M' 'U' 'M' 'M' 'M' 'M' 'M' 'M' 'M' 'U' 'M' 'U' 'U' 'M'
 'U' 'M' 'M' 'M' 'M' 'M' 'U' 'U' 'M' 'M' 'M' 'M' 'M' 'M' 'M' 'M' 'M' 'A']"
333601,0,154,6,148,44,0,0,"['A' 'U' 'M' 'M' 'M' 'M' 'M' 'M' 'M' 'M' 'U' 'M' 'M' 'M' 'M' 'M' 'U' 'M'
 'M' 'M' 'M' 'M' 'M' 'M' 'M' 'M' 'M' 'U' 'M' 'M' 'U' 'M' 'M' 'M' 'M' 'M'
 'M' 'M' 'U' 'M' 'M' 'A' 'M' 'M' 'M' 'M' 'U' 'M' 'U' 'M' 'M' 'A' 'M' 'M'
 'M' 'U' 'M' 'M' 'M' 'M' 'U' 'A' 'M' 'U' 'M' 'M' 'U' 'M' 'M' 'M' 'M' 'U'
 'M' 'U' 'M' 'M' 'M' 'M' 'M' 'M' 'U' 'M' 'M' 'M' 'M' 'M' 'M' 'M' 'M' 'M'
 'M' 'M' 'M' 'M' 'U' 'M' 'M' 'M' 'M' 'M' 'M' 'U' 'M' 'M' 'M' 'M' 'M' 'M'
 'U' 'M' 'M' 'M' 'M' 'U' 'U' 'M' 'U' 'M' 'U' 'M' 'M' 'U' 'M' 'M' 'M' 'M'
 'M' 'M' 'M' 'M' 'M' 'U' 'U' 'U' 'U' 'M' 'M' 'U' 'U' 'M' 'M' 'U' 'M' 'M'
 'M' 'M' 'M' 'M' 'M' 'M' 'U' 'U' 'A' 'M' 'U' 'U' 'M' 'U' 'U' 'M' 'M' 'M'
 'M' 'M' 'M' 'M' 'M' 'U' 'M' 'M' 'M' 'M' 'M' 'M' 'M' 'U' 'M' 'U' 'U' 'M'
 'U' 'M' 'M' 'M' 'M' 'U' 'M' 'U' 'M' 'M' 'M' 'M' 'U' 'M' 'M' 'M' 'M' 'A']"
333701,0,151,7,144,47,0,0,"['A' 'U' 'U' 'M' 'M' 'M' 'M' 'M' 'M' 'M' 'U' 'M' 'M' 'M' 'M' 'M' 'U' 'M'
 'U' 'M' 'M' 'M' 'M' 'M' 'M' 'M' 'M' 'U' 'M' 'M' 'U' 'M' 'M' 'M' 'M' 'M'
 'M' 'M' 'U' 'M' 'U' 'A' 'M' 'M' 'M' 'M' 'U' 'M' 'A' 'M' 'M' 'A' 'M' 'M'
 'M' 'M' 'M' 'M' 'M' 'M' 'U' 'A' 'M' 'U' 'U' 'U' 'M' 'M' 'U' 'M' 'U' 'M'
 'M' 'M' 'M' 'M' 'M' 'M' 'U' 'M' 'M' 'M' 'M' 'M' 'M' 'U' 'M' 'M' 'M' 'M'
 'M' 'M' 'M' 'M' 'M' 'U' 'M' 'M' 'M' 'M' 'M' 'M' 'M' 'M' 'M' 'M' 'M' 'M'
 'M' 'M' 'M' 'M' 'M' 'U' 'U' 'M' 'M' 'M' 'U' 'M' 'M' 'U' 'M' 'M' 'M' 'M'
 'M' 'M' 'M' 'M' 'M' 'U' 'U' 'U' 'U' 'M' 'M' 'U' 'U' 'M' 'M' 'U' 'M' 'M'
 'U' 'M' 'M' 'M' 'M' 'M' 'U' 'U' 'A' 'M' 'U' 'U' 'M' 'U' 'U' 'M' 'M' 'U'
 'M' 'M' 'M' 'M' 'M' 'M' 'M' 'M' 'M' 'M' 'M' 'M' 'M' 'U' 'M' 'U' 'U' 'U'
 'U' 'M' 'U' 'M' 'M' 'M' 'M' 'U' 'M' 'M' 'M' 'M' 'U' 'M' 'U' 'M' 'M' 'A']"
333801,0,143,4,139,55,1,0,"['A' 'U' 'U' 'M' 'M' 'M' 'M' 'M' 'M' 'U' 'U' 'M' 'M' 'M' 'M' 'M' 'U' 'M'
 'U' 'M' 'M' 'M' 'M' 'M' 'M' 'M' 'M' 'U' 'M' 'M' 'U' 'M' 'M' 'M' 'M' 'M'
 'M' 'M' 'U' 'M' 'U' 'U' 'M' 'M' 'M' 'M' 'U' 'M' 'U' 'M' 'M' 'A' 'M' 'U'
 'M' 'M' 'M' 'M' 'U' 'M' 'M' 'A' 'M' 'U' 'U' 'M' 'M' 'U' 'M' 'M' 'M' 'M'
 'M' 'M' 'M' 'M' 'M' 'M' 'M' 'M' 'M' 'M' 'U' 'M' 'M' 'U' 'M' 'U' 'U' 'M'
 'M' 'M' 'M' 'M' 'M' 'U' 'M' 'M' 'M' 'M' 'M' 'M' 'U' 'M' 'M' 'M' 'M' 'U'
 'M' 'M' 'M' 'M' 'M' 'U' 'U' 'U' 'M' 'M' 'U' 'M' 'M' 'U' 'M' 'U' 'M' 'M'
 'M' 'M' 'M' 'M' 'M' 'U' 'U' 'U' 'M' 'M' 'M' 'U' 'U' 'M' 'M' 'U' 'M' 'M'
 'U' 'M' 'M' 'M' 'M' 'M' 'U' 'U' 'A' 'M' 'U' 'U' 'M' 'U' 'U' 'M' 'M' 'U'
 'M' 'M' 'M' 'M' 'M' 'M' 'M' 'M' 'M' 'M' 'M' 'M' 'M' 'U' 'M' 'U' 'U' 'U'
 'U' 'M' 'U' 'M' 'M' 'M' 'M' 'U' 'M' 'M' 'M' 'M' 'U' 'M' 'U' 'M' 'M' 'U']"
333901,0,145,5,140,53,0,0,"['A' 'U' 'A' 'M' 'M' 'M' 'M' 'M' 'M' 'U' 'U' 'M' 'M' 'M' 'M' 'M' 'U' 'M'
 'U' 'M' 'M' 'U' 'M' 'M' 'M' 'M' 'M' 'M' 'M' 'M' 'U' 'M' 'M' 'M' 'M' 'M'
 'M' 'U' 'U' 'M' 'U' 'U' 'M' 'M' 'M' 'M' 'U' 'M' 'U' 'M' 'M' 'A' 'M' 'U'
 'M' 'M' 'M' 'M' 'U' 'M' 'M' 'U' 'M' 'U' 'U' 'M' 'M' 'U' 'M' 'M' 'M' 'M'
 'M' 'M' 'M' 'U' 'U' 'M' 'M' 'M' 'M' 'M' 'M' 'M' 'M' 'M' 'M' 'M' 'M' 'U'
 'M' 'M' 'M' 'U' 'M' 'U' 'M' 'M' 'M' 'M' 'M' 'M' 'U' 'M' 'M' 'M' 'M' 'M'
 'M' 'M' 'M' 'M' 'M' 'U' 'U' 'U' 'M' 'U' 'U' 'M' 'M' 'M' 'M' 'M' 'M' 'M'
 'M' 'M' 'M' 'M' 'M' 'A' 'M' 'U' 'M' 'M' 'M' 'U' 'U' 'M' 'M' 'U' 'M' 'M'
 'U' 'M' 'M' 'M' 'M' 'M' 'U' 'U' 'A' 'M' 'M' 'U' 'U' 'U' 'M' 'M' 'M' 'U'
 'M' 'U' 'M' 'M' 'M' 'M' 'M' 'M' 'M' 'M' 'M' 'M' 'M' 'M' 'M' 'U' 'U' 'M'
 'U' 'M' 'U' 'M' 'U' 'U' 'U' 'U' 'M' 'M' 'M' 'M' 'U' 'M' 'U' 'M' 'M' 'U']"
334001,0,154,5,149,44,0,0,"['A' 'M' 'A' 'M' 'M' 'M' 'M' 'M' 'M' 'U' 'M' 'M' 'M' 'M' 'M' 'M' 'U' 'M'
 'U' 'M' 'M' 'M' 'U' 'M' 'M' 'M' 'M' 'M' 'M' 'M' 'U' 'M' 'M' 'M' 'M' 'M'
 'M' 'M' 'U' 'M' 'U' 'U' 'M' 'M' 'M' 'M' 'U' 'M' 'M' 'M' 'M' 'A' 'M' 'U'
 'M' 'M' 'M' 'M' 'U' 'M' 'M' 'U' 'M' 'U' 'M' 'M' 'M' 'M' 'M' 'M' 'M' 'M'
 'M' 'U' 'M' 'M' 'M' 'M' 'M' 'M' 'M' 'M' 'U' 'M' 'M' 'U' 'M' 'U' 'M' 'M'
 'M' 'U' 'M' 'M' 'M' 'M' 'M' 'M' 'M' 'M' 'M' 'M' 'U' 'M' 'M' 'M' 'M' 'M'
 'M' 'M' 'M' 'M' 'M' 'U' 'U' 'U' 'M' 'U' 'U' 'M' 'M' 'M' 'M' 'M' 'M' 'M'
 'M' 'M' 'M' 'M' 'M' 'A' 'M' 'U' 'M' 'M' 'M' 'U' 'U' 'U' 'M' 'U' 'M' 'M'
 'M' 'M' 'M' 'M' 'M' 'M' 'U' 'U' 'A' 'M' 'M' 'U' 'U' 'U' 'M' 'M' 'M' 'U'
 'M' 'U' 'M' 'M' 'M' 'M' 'M' 'M' 'M' 'M' 'M' 'M' 'M' 'M' 'M' 'M' 'M' 'M'
 'U' 'M' 'M' 'M' 'U' 'U' 'U' 'U' 'M' 'M' 'M' 'M' 'U' 'M' 'U' 'M' 'M' 'U']"
334101,0,155,4,151,43,0,1,"['A' 'M' 'A' 'U' 'U' 'M' 'M' 'M' 'M' 'U' 'M' 'M' 'M' 'M' 'U' 'M' 'U' 'M'
 'M' 'M' 'M' 'M' 'A' 'M' 'M' 'M' 'M' 'M' 'M' 'M' 'U' 'M' 'M' 'U' 'M' 'M'
 'M' 'M' 'M' 'M' 'U' 'U' 'M' 'M' 'M' 'U' 'U' 'M' 'M' 'M' 'M' 'U' 'M' 'M'
 'M' 'M' 'M' 'M' 'U' 'M' 'M' 'U' 'M' 'U' 'M' 'M' 'M' 'M' 'M' 'M' 'M' 'M'
 'M' 'U' 'M' 'M' 'M' 'M' 'U' 'M' 'U' 'M' 'U' 'M' 'M' 'U' 'M' 'M' 'M' 'M'
 'M' 'M' 'M' 'M' 'M' 'M' 'M' 'M' 'M' 'M' 'M' 'M' 'M' 'M' 'M' 'M' 'M' 'M'
 'M' 'M' 'M' 'M' 'M' 'M' 'U' 'U' 'U' 'U' 'U' 'M' 'M' 'M' 'U' 'M' 'M' 'M'
 'M' 'M' 'M' 'M' 'M' 'U' 'M' 'U' 'M' 'M' 'M' 'U' 'U' 'U' 'M' 'U' 'M' 'M'
 'U' 'M' 'M' 'M' 'U' 'M' 'M' 'M' 'A' 'M' 'M' 'U' 'U' 'U' 'M' 'M' 'M' 'U'
 'M' 'M' 'M' 'M' 'M' 'M' 'M' 'M' 'M' 'M' 'M' 'M' 'M' 'M' 'M' 'M' 'M' 'M'
 'M' 'M' 'M' 'M' 'M' 'U' 'U' 'U' 'M' 'M' 'M' 'M' 'M' 'M' 'U' 'M' 'M' 'U']"
334201,0,154,7,147,44,0,0,"['A' 'M' 'A' 'U' 'U' 'M' 'M' 'M' 'M' 'U' 'M' 'M' 'M' 'M' 'M' 'M' 'U' 'M'
 'M' 'M' 'M' 'M' 'A' 'M' 'M' 'M' 'M' 'M' 'M' 'M' 'U' 'M' 'M' 'M' 'U' 'M'
 'M' 'M' 'M' 'M' 'U' 'M' 'M' 'M' 'M' 'U' 'U' 'M' 'M' 'M' 'M' 'U' 'M' 'U'
 'M' 'M' 'M' 'M' 'A' 'U' 'M' 'A' 'M' 'U' 'M' 'M' 'M' 'M' 'U' 'M' 'M' 'U'
 'M' 'M' 'M' 'M' 'U' 'M' 'M' 'M' 'M' 'M' 'M' 'U' 'M' 'U' 'M' 'M' 'M' 'M'
 'M' 'M' 'M' 'M' 'M' 'M' 'M' 'M' 'M' 'M' 'M' 'M' 'M' 'M' 'M' 'M' 'M' 'M'
 'M' 'M' 'M' 'M' 'U' 'M' 'U' 'U' 'U' 'A' 'U' 'M' 'U' 'M' 'M' 'M' 'U' 'M'
 'M' 'M' 'M' 'M' 'M' 'U' 'M' 'U' 'M' 'M' 'M' 'U' 'U' 'U' 'M' 'A' 'M' 'M'
 'U' 'M' 'M' 'M' 'U' 'M' 'M' 'M' 'U' 'M' 'U' 'U' 'U' 'U' 'M' 'U' 'M' 'U'
 'M' 'M' 'M' 'M' 'M' 'M' 'M' 'M' 'M' 'M' 'M' 'M' 'M' 'M' 'M' 'M' 'M' 'M'
 'M' 'M' 'M' 'M' 'M' 'M' 'U' 'U' 'M' 'M' 'M' 'M' 'M' 'M' 'U' 'U' 'M' 'U']"
334301,0,160,11,149,38,0,0,"['A' 'M' 'U' 'U' 'M' 'M' 'M' 'M' 'M' 'M' 'M' 'M' 'M' 'M' 'M' 'M' 'U' 'M'
 'M' 'M' 'M' 'M' 'U' 'M' 'U' 'M' 'M' 'M' 'M' 'M' 'M' 'M' 'M' 'M' 'M' 'M'
 'M' 'M' 'M' 'A' 'A' 'M' 'M' 'M' 'M' 'M' 'A' 'M' 'M' 'M' 'M' 'M' 'M' 'M'
 'M' 'M' 'M' 'M' 'A' 'M' 'M' 'A' 'M' 'U' 'M' 'M' 'M' 'U' 'M' 'U' 'M' 'M'
 'M' 'M' 'M' 'U' 'M' 'M' 'M' 'M' 'M' 'M' 'M' 'M' 'U' 'M' 'U' 'M' 'M' 'M'
 'M' 'M' 'M' 'M' 'M' 'M' 'M' 'M' 'U' 'M' 'M' 'M' 'M' 'M' 'M' 'M' 'M' 'M'
 'M' 'M' 'M' 'U' 'U' 'M' 'U' 'U' 'U' 'A' 'U' 'M' 'M' 'M' 'M' 'M' 'U' 'M'
 'M' 'M' 'M' 'M' 'M' 'U' 'M' 'A' 'M' 'U' 'M' 'M' 'U' 'U' 'M' 'A' 'M' 'M'
 'A' 'M' 'M' 'M' 'U' 'M' 'M' 'M' 'U' 'M' 'U' 'A' 'U' 'U' 'M' 'U' 'U' 'U'
 'M' 'M' 'M' 'M' 'U' 'M' 'M' 'M' 'M' 'M' 'M' 'M' 'M' 'M' 'M' 'M' 'U' 'M'
 'U' 'M' 'M' 'M' 'M' 'M' 'M' 'M' 'M' 'M' 'M' 'M' 'M' 'U' 'U' 'U' 'M' 'U']"
334401,0,158,11,147,40,0,0,"['A' 'M' 'U' 'U' 'M' 'M' 'M' 'M' 'M' 'M' 'M' 'U' 'M' 'M' 'M' 'M' 'U' 'U'
 'M' 'M' 'M' 'M' 'U' 'M' 'M' 'M' 'M' 'M' 'M' 'M' 'M' 'M' 'M' 'M' 'M' 'M'
 'M' 'M' 'M' 'A' 'U' 'M' 'M' 'M' 'M' 'M' 'A' 'M' 'M' 'M' 'M' 'M' 'M' 'M'
 'M' 'M' 'M' 'M' 'A' 'M' 'M' 'U' 'M' 'U' 'M' 'M' 'M' 'U' 'M' 'M' 'M' 'M'
 'M' 'M' 'M' 'M' 'M' 'M' 'M' 'M' 'M' 'U' 'M' 'M' 'M' 'M' 'M' 'U' 'M' 'M'
 'M' 'U' 'M' 'U' 'M' 'M' 'M' 'M' 'U' 'U' 'M' 'M' 'U' 'M' 'M' 'M' 'M' 'M'
 'M' 'M' 'M' 'M' 'U' 'M' 'U' 'U' 'U' 'A' 'U' 'M' 'M' 'M' 'M' 'M' 'U' 'M'
 'M' 'M' 'U' 'M' 'M' 'U' 'M' 'A' 'M' 'M' 'M' 'M' 'U' 'U' 'M' 'A' 'M' 'M'
 'A' 'M' 'M' 'M' 'U' 'M' 'M' 'M' 'U' 'M' 'A' 'A' 'U' 'U' 'M' 'U' 'U' 'U'
 'M' 'U' 'M' 'M' 'M' 'M' 'M' 'M' 'M' 'M' 'M' 'M' 'M' 'M' 'M' 'M' 'M' 'M'
 'U' 'M' 'M' 'M' 'M' 'U' 'M' 'M' 'M' 'M' 'M' 'U' 'M' 'A' 'U' 'U' 'M' 'M']"
334501,0,153,10,143,45,0,1,"['A' 'M' 'U' 'U' 'M' 'M' 'M' 'U' 'M' 'U' 'U' 'U' 'M' 'M' 'M' 'M' 'U' 'U'
 'M' 'M' 'M' 'M' 'U' 'M' 'M' 'M' 'M' 'M' 'M' 'M' 'M' 'M' 'M' 'M' 'M' 'M'
 'M' 'M' 'U' 'A' 'U' 'M' 'M' 'M' 'M' 'U' 'A' 'U' 'M' 'M' 'U' 'M' 'M' 'M'
 'M' 'M' 'U' 'M' 'A' 'M' 'M' 'U' 'M' 'U' 'M' 'U' 'M' 'M' 'M' 'M' 'M' 'U'
 'M' 'M' 'M' 'M' 'M' 'M' 'M' 'M' 'M' 'M' 'M' 'M' 'M' 'U' 'U' 'U' 'M' 'M'
 'M' 'M' 'M' 'M' 'M' 'M' 'M' 'M' 'M' 'U' 'M' 'M' 'U' 'M' 'M' 'M' 'M' 'M'
 'M' 'M' 'M' 'M' 'U' 'M' 'U' 'U' 'U' 'A' 'U' 'M' 'M' 'M' 'M' 'M' 'M' 'M'
 'M' 'M' 'U' 'M' 'M' 'U' 'M' 'A' 'M' 'M' 'M' 'M' 'U' 'M' 'M' 'A' 'M' 'M'
 'A' 'M' 'M' 'M' 'U' 'M' 'M' 'M' 'U' 'M' 'U' 'A' 'U' 'U' 'M' 'U' 'U' 'M'
 'M' 'U' 'M' 'M' 'M' 'M' 'M' 'M' 'M' 'M' 'M' 'M' 'M' 'M' 'M' 'M' 'M' 'M'
 'U' 'M' 'M' 'M' 'M' 'U' 'M' 'M' 'M' 'M' 'U' 'U' 'M' 'A' 'M' 'U' 'M' 'M']"
334601,0,154,12,142,44,0,0,"['A' 'M' 'M' 'M' 'M' 'M' 'M' 'M' 'M' 'A' 'U' 'U' 'M' 'U' 'M' 'M' 'U' 'U'
 'M' 'M' 'M' 'M' 'U' 'M' 'M' 'M' 'M' 'M' 'M' 'M' 'M' 'M' 'M' 'M' 'M' 'M'
 'M' 'M' 'U' 'A' 'M' 'M' 'U' 'U' 'M' 'U' 'A' 'M' 'M' 'M' 'U' 'M' 'M' 'M'
 'M' 'M' 'U' 'M' 'A' 'M' 'M' 'U' 'M' 'U' 'M' 'M' 'M' 'M' 'M' 'M' 'M' 'M'
 'M' 'M' 'U' 'U' 'M' 'M' 'M' 'M' 'M' 'M' 'M' 'M' 'M' 'M' 'M' 'M' 'M' 'M'
 'M' 'U' 'U' 'M' 'U' 'M' 'M' 'M' 'M' 'U' 'M' 'M' 'M' 'M' 'M' 'M' 'M' 'M'
 'M' 'M' 'M' 'U' 'M' 'M' 'A' 'U' 'A' 'A' 'U' 'M' 'M' 'M' 'M' 'M' 'M' 'M'
 'M' 'M' 'U' 'M' 'M' 'U' 'U' 'A' 'U' 'U' 'U' 'U' 'U' 'M' 'M' 'A' 'M' 'M'
 'U' 'M' 'M' 'M' 'U' 'M' 'M' 'M' 'U' 'M' 'U' 'A' 'U' 'U' 'M' 'M' 'U' 'M'
 'M' 'U' 'U' 'M' 'M' 'M' 'M' 'M' 'M' 'M' 'M' 'M' 'M' 'M' 'M' 'M' 'M' 'M'
 'A' 'M' 'M' 'M' 'M' 'U' 'M' 'M' 'M' 'M' 'M' 'U' 'M' 'U' 'M' 'U' 'M' 'M']"
334701,0,153,9,144,45,0,0,"['A' 'M' 'M' 'M' 'M' 'M' 'M' 'M' 'M' 'A' 'U' 'M' 'M' 'U' 'U' 'M' 'U' 'U'
 'M' 'M' 'M' 'M' 'M' 'M' 'M' 'M' 'M' 'M' 'M' 'M' 'M' 'M' 'M' 'M' 'M' 'M'
 'M' 'M' 'A' 'A' 'M' 'M' 'U' 'U' 'M' 'U' 'U' 'M' 'M' 'M' 'M' 'M' 'M' 'M'
 'M' 'M' 'U' 'M' 'U' 'M' 'M' 'U' 'M' 'U' 'M' 'M' 'M' 'M' 'M' 'M' 'M' 'M'
 'M' 'M' 'M' 'M' 'M' 'M' 'M' 'U' 'M' 'U' 'M' 'M' 'M' 'M' 'M' 'M' 'U' 'M'
 'U' 'M' 'U' 'M' 'M' 'M' 'M' 'M' 'M' 'U' 'M' 'M' 'M' 'M' 'M' 'M' 'M' 'M'
 'M' 'M' 'M' 'U' 'M' 'M' 'U' 'M' 'A' 'A' 'M' 'M' 'M' 'M' 'M' 'M' 'U' 'M'
 'M' 'U' 'U' 'M' 'M' 'U' 'U' 'M' 'U' 'M' 'U' 'M' 'M' 'M' 'M' 'A' 'M' 'M'
 'U' 'M' 'M' 'U' 'U' 'M' 'M' 'U' 'U' 'M' 'U' 'U' 'U' 'U' 'M' 'M' 'U' 'U'
 'M' 'A' 'U' 'M' 'M' 'M' 'M' 'M' 'M' 'M' 'M' 'M' 'M' 'M' 'M' 'M' 'M' 'U'
 'A' 'M' 'M' 'M' 'M' 'U' 'M' 'M' 'M' 'M' 'M' 'U' 'M' 'U' 'M' 'U' 'M' 'M']"
334801,0,147,9,138,51,0,0,"['A' 'M' 'M' 'U' 'M' 'M' 'M' 'M' 'M' 'A' 'U' 'M' 'U' 'U' 'U' 'M' 'U' 'M'
 'M' 'M' 'M' 'M' 'M' 'M' 'M' 'M' 'M' 'M' 'M' 'M' 'M' 'M' 'M' 'M' 'M' 'M'
 'M' 'M' 'A' 'A' 'M' 'M' 'U' 'U' 'M' 'U' 'U' 'M' 'U' 'M' 'M' 'M' 'M' 'M'
 'M' 'M' 'U' 'M' 'U' 'U' 'M' 'U' 'M' 'M' 'M' 'M' 'U' 'M' 'M' 'M' 'U' 'M'
 'M' 'U' 'M' 'M' 'M' 'M' 'M' 'M' 'M' 'U' 'M' 'M' 'M' 'M' 'M' 'M' 'M' 'M'
 'M' 'U' 'M' 'M' 'M' 'M' 'M' 'M' 'M' 'U' 'M' 'M' 'U' 'M' 'M' 'M' 'M' 'M'
 'M' 'M' 'M' 'U' 'M' 'M' 'U' 'M' 'A' 'A' 'M' 'M' 'M' 'U' 'U' 'U' 'U' 'M'
 'M' 'U' 'U' 'M' 'M' 'U' 'U' 'U' 'U' 'U' 'U' 'U' 'U' 'M' 'M' 'U' 'M' 'M'
 'M' 'M' 'M' 'U' 'U' 'M' 'M' 'U' 'A' 'M' 'A' 'U' 'U' 'M' 'M' 'M' 'M' 'U'
 'M' 'U' 'M' 'M' 'M' 'M' 'M' 'M' 'M' 'M' 'M' 'M' 'M' 'M' 'M' 'M' 'M' 'U'
 'A' 'M' 'M' 'M' 'M' 'U' 'M' 'M' 'M' 'M' 'M' 'U' 'U' 'M' 'M' 'U' 'M' 'M']"
334901,0,149,7,142,49,0,0,"['A' 'M' 'M' 'U' 'M' 'U' 'M' 'M' 'M' 'U' 'U' 'M' 'M' 'U' 'U' 'M' 'U' 'M'
 'M' 'M' 'M' 'M' 'M' 'M' 'M' 'M' 'M' 'M' 'M' 'M' 'M' 'M' 'U' 'M' 'M' 'M'
 'M' 'M' 'A' 'U' 'M' 'M' 'M' 'U' 'M' 'U' 'M' 'M' 'M' 'M' 'M' 'M' 'U' 'M'
 'M' 'M' 'U' 'M' 'U' 'U' 'M' 'U' 'M' 'M' 'M' 'M' 'M' 'M' 'M' 'U' 'U' 'M'
 'M' 'M' 'M' 'M' 'M' 'M' 'M' 'M' 'M' 'M' 'M' 'M' 'M' 'M' 'M' 'M' 'M' 'M'
 'M' 'U' 'M' 'U' 'U' 'M' 'M' 'M' 'M' 'M' 'M' 'M' 'U' 'M' 'M' 'U' 'M' 'M'
 'M' 'M' 'M' 'M' 'M' 'M' 'U' 'M' 'A' 'A' 'M' 'M' 'M' 'U' 'U' 'U' 'U' 'M'
 'M' 'U' 'U' 'M' 'M' 'U' 'U' 'U' 'U' 'M' 'U' 'U' 'U' 'M' 'M' 'U' 'M' 'M'
 'M' 'M' 'M' 'U' 'M' 'M' 'M' 'U' 'A' 'M' 'A' 'U' 'U' 'M' 'M' 'M' 'M' 'U'
 'M' 'M' 'M' 'M' 'M' 'M' 'M' 'M' 'M' 'M' 'M' 'U' 'M' 'M' 'U' 'M' 'M' 'U'
 'A' 'M' 'M' 'M' 'M' 'U' 'M' 'M' 'M' 'M' 'M' 'U' 'M' 'M' 'M' 'U' 'M' 'M']"
335001,0,155,3,152,43,0,0,"['A' 'M' 'M' 'M' 'M' 'M' 'M' 'M' 'M' 'U' 'M' 'M' 'M' 'U' 'U' 'M' 'U' 'M'
 'M' 'M' 'M' 'M' 'M' 'M' 'M' 'M' 'M' 'M' 'M' 'M' 'M' 'M' 'U' 'M' 'M' 'M'
 'M' 'M' 'U' 'U' 'M' 'M' 'M' 'U' 'M' 'U' 'M' 'M' 'M' 'M' 'M' 'M' 'U' 'U'
 'M' 'M' 'M' 'M' 'M' 'M' 'M' 'M' 'M' 'M' 'M' 'U' 'U' 'M' 'M' 'M' 'M' 'M'
 'M' 'U' 'U' 'M' 'M' 'M' 'M' 'M' 'M' 'M' 'M' 'M' 'M' 'M' 'U' 'M' 'M' 'M'
 'M' 'M' 'M' 'M' 'M' 'M' 'M' 'M' 'M' 'M' 'M' 'M' 'M' 'M' 'M' 'U' 'M' 'M'
 'M' 'M' 'M' 'M' 'M' 'M' 'U' 'M' 'U' 'A' 'M' 'U' 'M' 'M' 'U' 'M' 'U' 'M'
 'M' 'U' 'M' 'M' 'M' 'U' 'U' 'U' 'U' 'U' 'U' 'M' 'U' 'M' 'M' 'U' 'M' 'M'
 'M' 'M' 'U' 'M' 'M' 'M' 'M' 'U' 'U' 'M' 'M' 'U' 'U' 'M' 'M' 'M' 'M' 'U'
 'M' 'M' 'M' 'M' 'M' 'M' 'M' 'U' 'M' 'M' 'M' 'U' 'M' 'M' 'M' 'M' 'M' 'U'
 'A' 'M' 'M' 'M' 'M' 'U' 'M' 'M' 'M' 'M' 'M' 'U' 'M' 'M' 'M' 'U' 'M' 'M']"
335101,0,163,5,158,35,0,0,"['A' 'M' 'M' 'M' 'U' 'M' 'M' 'M' 'U' 'U' 'M' 'M' 'M' 'U' 'U' 'M' 'M' 'M'
 'M' 'M' 'M' 'M' 'M' 'M' 'M' 'M' 'M' 'M' 'M' 'M' 'M' 'M' 'U' 'M' 'M' 'M'
 'M' 'M' 'A' 'U' 'M' 'M' 'M' 'U' 'M' 'U' 'U' 'M' 'M' 'M' 'M' 'M' 'M' 'U'
 'M' 'M' 'M' 'M' 'M' 'M' 'M' 'M' 'M' 'M' 'M' 'M' 'M' 'M' 'M' 'M' 'M' 'M'
 'U' 'M' 'M' 'M' 'M' 'M' 'M' 'M' 'M' 'M' 'M' 'M' 'M' 'M' 'M' 'M' 'U' 'M'
 'U' 'M' 'U' 'U' 'M' 'M' 'M' 'M' 'M' 'U' 'M' 'M' 'M' 'M' 'M' 'M' 'M' 'M'
 'M' 'M' 'M' 'M' 'M' 'M' 'U' 'M' 'U' 'A' 'M' 'U' 'M' 'M' 'M' 'M' 'M' 'M'
 'M' 'U' 'M' 'M' 'M' 'U' 'U' 'U' 'U' 'U' 'M' 'M' 'U' 'M' 'M' 'U' 'M' 'M'
 'M' 'M' 'U' 'M' 'M' 'M' 'M' 'U' 'M' 'M' 'M' 'U' 'A' 'U' 'M' 'M' 'M' 'U'
 'M' 'M' 'M' 'M' 'M' 'M' 'M' 'M' 'M' 'M' 'M' 'M' 'M' 'M' 'M' 'M' 'M' 'U'
 'A' 'M' 'M' 'M' 'M' 'U' 'M' 'M' 'M' 'M' 'M' 'M' 'M' 'M' 'M' 'M' 'M' 'M']"
335201,0,163,5,158,35,0,0,"['A' 'M' 'M' 'M' 'U' 'M' 'M' 'U' 'U' 'A' 'M' 'M' 'M' 'U' 'M' 'M' 'M' 'M'
 'M' 'M' 'M' 'M' 'U' 'M' 'M' 'M' 'M' 'M' 'M' 'M' 'M' 'M' 'M' 'M' 'M' 'M'
 'M' 'M' 'A' 'M' 'M' 'M' 'M' 'U' 'M' 'M' 'U' 'M' 'M' 'M' 'M' 'M' 'U' 'U'
 'M' 'U' 'M' 'M' 'M' 'M' 'M' 'M' 'M' 'U' 'M' 'M' 'M' 'M' 'M' 'M' 'M' 'M'
 'M' 'M' 'M' 'M' 'U' 'M' 'M' 'M' 'M' 'U' 'U' 'M' 'M' 'M' 'M' 'M' 'M' 'U'
 'M' 'U' 'M' 'M' 'M' 'M' 'M' 'M' 'M' 'U' 'M' 'M' 'M' 'M' 'M' 'M' 'M' 'M'
 'M' 'M' 'M' 'M' 'M' 'M' 'U' 'M' 'M' 'A' 'M' 'U' 'M' 'M' 'U' 'M' 'M' 'M'
 'M' 'U' 'M' 'M' 'M' 'M' 'U' 'M' 'U' 'U' 'U' 'U' 'U' 'M' 'M' 'U' 'M' 'M'
 'M' 'M' 'U' 'M' 'M' 'M' 'M' 'U' 'M' 'M' 'M' 'U' 'U' 'U' 'M' 'M' 'M' 'M'
 'M' 'M' 'M' 'M' 'M' 'M' 'M' 'M' 'M' 'M' 'M' 'M' 'M' 'M' 'M' 'M' 'M' 'U'
 'A' 'M' 'M' 'M' 'M' 'U' 'M' 'M' 'M' 'M' 'M' 'M' 'M' 'M' 'M' 'M' 'M' 'M']"
335301,0,158,3,155,40,0,0,"['A' 'M' 'M' 'M' 'U' 'M' 'M' 'M' 'U' 'A' 'M' 'M' 'M' 'U' 'M' 'M' 'M' 'M'
 'M' 'M' 'M' 'M' 'U' 'M' 'M' 'M' 'M' 'M' 'M' 'M' 'M' 'M' 'U' 'M' 'M' 'M'
 'M' 'M' 'A' 'M' 'M' 'M' 'M' 'M' 'M' 'M' 'U' 'U' 'M' 'U' 'M' 'M' 'U' 'U'
 'M' 'U' 'M' 'M' 'M' 'M' 'M' 'M' 'M' 'U' 'M' 'U' 'M' 'M' 'M' 'M' 'M' 'U'
 'U' 'M' 'M' 'M' 'M' 'M' 'M' 'M' 'M' 'M' 'M' 'M' 'M' 'U' 'M' 'U' 'M' 'M'
 'M' 'M' 'M' 'M' 'M' 'M' 'M' 'M' 'M' 'U' 'M' 'M' 'M' 'M' 'M' 'M' 'M' 'M'
 'M' 'M' 'M' 'M' 'M' 'U' 'U' 'M' 'M' 'U' 'M' 'U' 'M' 'M' 'U' 'M' 'M' 'M'
 'M' 'U' 'M' 'M' 'M' 'M' 'U' 'U' 'U' 'U' 'U' 'U' 'U' 'M' 'M' 'U' 'U' 'M'
 'M' 'M' 'M' 'M' 'M' 'M' 'M' 'U' 'M' 'M' 'M' 'U' 'U' 'U' 'M' 'M' 'M' 'U'
 'M' 'M' 'M' 'M' 'M' 'M' 'M' 'M' 'M' 'M' 'M' 'M' 'M' 'M' 'M' 'M' 'M' 'U'
 'M' 'M' 'M' 'M' 'U' 'M' 'M' 'M' 'M' 'M' 'M' 'M' 'M' 'M' 'M' 'M' 'M' 'M']"
335401,0,159,4,155,39,0,0,"['A' 'M' 'M' 'M' 'U' 'M' 'M' 'M' 'M' 'A' 'M' 'M' 'M' 'U' 'M' 'M' 'M' 'M'
 'M' 'M' 'M' 'U' 'U' 'M' 'M' 'M' 'M' 'M' 'M' 'M' 'M' 'M' 'U' 'M' 'M' 'M'
 'M' 'M' 'A' 'M' 'M' 'M' 'M' 'M' 'M' 'M' 'M' 'U' 'M' 'U' 'M' 'M' 'U' 'U'
 'M' 'U' 'M' 'M' 'M' 'M' 'M' 'M' 'M' 'U' 'M' 'M' 'M' 'U' 'M' 'M' 'M' 'M'
 'M' 'M' 'M' 'M' 'U' 'U' 'M' 'M' 'M' 'M' 'M' 'U' 'M' 'M' 'M' 'M' 'M' 'M'
 'M' 'M' 'U' 'M' 'M' 'M' 'U' 'M' 'M' 'U' 'M' 'M' 'M' 'M' 'M' 'M' 'M' 'M'
 'M' 'M' 'M' 'M' 'M' 'M' 'U' 'M' 'M' 'U' 'M' 'U' 'M' 'M' 'M' 'M' 'M' 'M'
 'M' 'U' 'M' 'M' 'M' 'U' 'U' 'U' 'U' 'M' 'U' 'U' 'U' 'M' 'M' 'A' 'U' 'U'
 'M' 'M' 'M' 'M' 'M' 'U' 'M' 'U' 'M' 'M' 'M' 'U' 'U' 'U' 'M' 'M' 'M' 'U'
 'M' 'M' 'M' 'M' 'M' 'U' 'M' 'M' 'M' 'M' 'M' 'M' 'M' 'M' 'M' 'M' 'M' 'U'
 'M' 'M' 'M' 'M' 'M' 'M' 'M' 'M' 'M' 'M' 'M' 'M' 'M' 'M' 'M' 'M' 'M' 'M']"
335501,0,153,6,147,45,1,0,"['A' 'M' 'U' 'M' 'U' 'M' 'M' 'M' 'M' 'A' 'M' 'M' 'M' 'U' 'M' 'M' 'U' 'U'
 'M' 'M' 'M' 'U' 'U' 'M' 'M' 'M' 'U' 'M' 'M' 'M' 'M' 'M' 'U' 'M' 'U' 'M'
 'M' 'M' 'A' 'M' 'M' 'M' 'M' 'M' 'M' 'M' 'M' 'U' 'M' 'U' 'M' 'M' 'U' 'U'
 'U' 'U' 'M' 'M' 'M' 'M' 'M' 'M' 'U' 'U' 'M' 'U' 'U' 'U' 'M' 'M' 'M' 'M'
 'M' 'M' 'M' 'M' 'M' 'M' 'M' 'M' 'U' 'M' 'U' 'M' 'M' 'M' 'M' 'M' 'M' 'M'
 'M' 'M' 'M' 'M' 'M' 'M' 'U' 'M' 'M' 'U' 'M' 'M' 'M' 'M' 'M' 'M' 'M' 'M'
 'M' 'M' 'M' 'M' 'M' 'U' 'U' 'M' 'M' 'U' 'M' 'A' 'M' 'U' 'M' 'M' 'M' 'M'
 'M' 'U' 'M' 'M' 'M' 'U' 'U' 'U' 'U' 'M' 'U' 'A' 'M' 'M' 'M' 'A' 'U' 'U'
 'M' 'M' 'M' 'M' 'M' 'U' 'M' 'U' 'M' 'M' 'U' 'U' 'U' 'M' 'M' 'M' 'M' 'U'
 'M' 'M' 'M' 'M' 'M' 'M' 'M' 'M' 'M' 'M' 'M' 'M' 'M' 'M' 'M' 'M' 'M' 'U'
 'M' 'M' 'M' 'M' 'M' 'M' 'M' 'M' 'M' 'U' 'M' 'M' 'M' 'M' 'M' 'M' 'M' 'M']"
335601,0,150,6,144,48,0,0,"['A' 'M' 'U' 'M' 'U' 'M' 'M' 'M' 'M' 'A' 'M' 'M' 'M' 'M' 'M' 'M' 'A' 'U'
 'U' 'M' 'M' 'U' 'A' 'M' 'M' 'M' 'U' 'M' 'M' 'M' 'M' 'M' 'U' 'M' 'U' 'M'
 'M' 'M' 'U' 'M' 'M' 'U' 'M' 'M' 'U' 'M' 'M' 'U' 'M' 'U' 'M' 'M' 'M' 'U'
 'U' 'M' 'M' 'M' 'M' 'M' 'M' 'M' 'U' 'U' 'M' 'M' 'M' 'M' 'M' 'U' 'M' 'M'
 'M' 'U' 'M' 'M' 'M' 'M' 'M' 'M' 'M' 'M' 'M' 'U' 'M' 'M' 'U' 'M' 'M' 'M'
 'M' 'M' 'M' 'M' 'U' 'M' 'U' 'M' 'M' 'U' 'M' 'M' 'M' 'M' 'M' 'U' 'M' 'M'
 'M' 'M' 'M' 'M' 'M' 'U' 'U' 'M' 'M' 'U' 'M' 'U' 'M' 'U' 'M' 'M' 'M' 'M'
 'M' 'U' 'M' 'M' 'M' 'U' 'U' 'M' 'A' 'U' 'U' 'U' 'U' 'M' 'M' 'A' 'U' 'U'
 'M' 'M' 'M' 'M' 'M' 'U' 'M' 'U' 'M' 'M' 'U' 'U' 'U' 'M' 'M' 'U' 'M' 'U'
 'M' 'M' 'M' 'M' 'M' 'M' 'M' 'M' 'M' 'M' 'M' 'M' 'M' 'M' 'M' 'M' 'M' 'M'
 'M' 'M' 'M' 'M' 'M' 'M' 'U' 'M' 'M' 'U' 'M' 'M' 'M' 'M' 'M' 'M' 'M' 'M']"
335701,0,151,6,145,47,0,0,"['A' 'M' 'U' 'M' 'M' 'M' 'M' 'M' 'M' 'U' 'M' 'U' 'M' 'M' 'M' 'M' 'A' 'M'
 'U' 'M' 'M' 'U' 'A' 'M' 'M' 'M' 'U' 'M' 'M' 'M' 'M' 'U' 'U' 'U' 'U' 'M'
 'M' 'M' 'U' 'M' 'M' 'M' 'M' 'M' 'U' 'M' 'M' 'M' 'M' 'U' 'U' 'M' 'M' 'M'
 'U' 'M' 'M' 'M' 'M' 'M' 'M' 'M' 'U' 'U' 'M' 'M' 'M' 'M' 'M' 'M' 'M' 'U'
 'M' 'M' 'M' 'M' 'U' 'M' 'M' 'M' 'M' 'U' 'U' 'M' 'M' 'M' 'M' 'M' 'M' 'M'
 'M' 'M' 'M' 'M' 'U' 'M' 'U' 'M' 'M' 'M' 'M' 'M' 'M' 'M' 'U' 'U' 'M' 'M'
 'M' 'M' 'M' 'M' 'U' 'M' 'U' 'M' 'M' 'U' 'M' 'U' 'M' 'U' 'M' 'M' 'M' 'M'
 'M' 'U' 'M' 'M' 'M' 'U' 'A' 'U' 'A' 'U' 'U' 'U' 'U' 'M' 'M' 'U' 'U' 'A'
 'M' 'M' 'M' 'M' 'M' 'M' 'M' 'M' 'M' 'M' 'U' 'U' 'U' 'M' 'M' 'U' 'M' 'M'
 'M' 'M' 'M' 'M' 'M' 'M' 'M' 'M' 'M' 'M' 'M' 'M' 'M' 'M' 'M' 'M' 'M' 'M'
 'U' 'M' 'M' 'U' 'M' 'M' 'U' 'M' 'M' 'U' 'M' 'M' 'M' 'M' 'M' 'M' 'M' 'M']"
335801,0,151,7,144,47,0,0,"['A' 'M' 'U' 'M' 'M' 'M' 'M' 'M' 'M' 'U' 'U' 'M' 'M' 'M' 'M' 'M' 'A' 'M'
 'U' 'M' 'M' 'U' 'A' 'M' 'M' 'M' 'U' 'M' 'M' 'M' 'M' 'U' 'M' 'M' 'M' 'M'
 'M' 'M' 'U' 'M' 'M' 'M' 'M' 'M' 'U' 'M' 'M' 'M' 'M' 'U' 'A' 'M' 'M' 'M'
 'U' 'M' 'M' 'M' 'M' 'M' 'M' 'M' 'U' 'U' 'M' 'M' 'U' 'M' 'U' 'M' 'M' 'M'
 'M' 'M' 'M' 'M' 'M' 'M' 'U' 'M' 'M' 'M' 'M' 'M' 'M' 'M' 'M' 'M' 'M' 'U'
 'M' 'M' 'U' 'M' 'M' 'M' 'U' 'M' 'M' 'M' 'M' 'M' 'M' 'U' 'U' 'M' 'M' 'M'
 'U' 'M' 'M' 'U' 'U' 'M' 'A' 'M' 'M' 'U' 'M' 'U' 'M' 'U' 'M' 'M' 'M' 'M'
 'M' 'U' 'U' 'M' 'M' 'U' 'A' 'U' 'A' 'U' 'U' 'U' 'U' 'M' 'M' 'U' 'M' 'U'
 'U' 'M' 'M' 'M' 'M' 'M' 'M' 'M' 'M' 'M' 'U' 'M' 'M' 'M' 'M' 'U' 'M' 'M'
 'M' 'M' 'M' 'M' 'M' 'U' 'U' 'M' 'M' 'M' 'M' 'M' 'M' 'M' 'M' 'M' 'M' 'U'
 'U' 'M' 'M' 'U' 'M' 'M' 'U' 'M' 'M' 'U' 'M' 'M' 'M' 'M' 'M' 'M' 'M' 'M']"
335901,1,149,6,143,49,0,0,"['A' 'M' 'U' 'M' 'M' 'M' 'M' 'M' 'M' 'U' 'U' 'M' 'M' 'M' 'M' 'M' 'A' 'M'
 'U' 'M' 'M' 'U' 'A' 'M' 'M' 'M' 'U' 'M' 'M' 'M' 'M' 'U' 'M' 'M' 'M' 'M'
 'M' 'M' 'U' 'M' 'M' 'M' 'M' 'M' 'U' 'M' 'M' 'M' 'M' 'U' 'A' 'M' 'M' 'M'
 'M' 'M' 'M' 'M' 'M' 'M' 'M' 'M' 'U' 'U' 'M' 'M' 'M' 'M' 'M' 'M' 'M' 'M'
 'M' 'M' 'U' 'M' 'M' 'M' 'U' 'M' 'U' 'U' 'M' 'M' 'M' 'M' 'M' 'M' 'M' 'M'
 'M' 'M' 'M' 'M' 'U' 'M' 'U' 'M' 'M' 'M' 'M' 'M' 'M' 'U' 'U' 'M' 'M' 'M'
 'U' 'M' 'M' 'U' 'U' 'M' 'A' 'M' 'M' 'U' 'M' 'U' 'U' 'U' 'M' 'M' 'M' 'M'
 'M' 'U' 'U' 'M' 'M' 'U' 'A' 'U' 'U' 'U' 'U' 'U' 'U' 'M' 'M' 'U' 'U' 'U'
 'M' 'M' 'M' 'M' 'M' 'M' 'U' 'M' 'M' 'M' 'M' 'M' 'M' 'M' 'M' 'U' 'M' 'M'
 'M' 'M' 'M' 'M' 'M' 'U' 'U' 'M' 'M' 'U' 'U' 'M' 'M' 'U' 'M' 'M' 'M' 'M'
 'U' 'M' 'M' 'M' 'M' 'M' 'U' 'M' 'M' 'U' 'M' 'M' 'M' 'M' 'M' 'M' 'M' 'M']"
336001,0,148,6,142,50,0,0,"['A' 'M' 'U' 'M' 'M' 'M' 'M' 'U' 'M' 'U' 'U' 'M' 'M' 'M' 'M' 'M' 'A' 'M'
 'M' 'M' 'M' 'U' 'A' 'M' 'M' 'M' 'U' 'M' 'M' 'M' 'M' 'U' 'M' 'M' 'M' 'M'
 'M' 'U' 'U' 'M' 'M' 'M' 'M' 'M' 'M' 'M' 'M' 'M' 'M' 'U' 'A' 'M' 'M' 'M'
 'U' 'M' 'U' 'M' 'M' 'M' 'M' 'M' 'U' 'U' 'M' 'M' 'M' 'M' 'M' 'U' 'U' 'U'
 'M' 'M' 'M' 'M' 'M' 'U' 'M' 'M' 'M' 'M' 'M' 'M' 'M' 'M' 'M' 'M' 'M' 'M'
 'M' 'M' 'M' 'M' 'U' 'M' 'U' 'M' 'M' 'M' 'M' 'M' 'M' 'U' 'U' 'M' 'U' 'M'
 'U' 'M' 'M' 'M' 'U' 'U' 'A' 'M' 'M' 'M' 'M' 'U' 'U' 'U' 'M' 'M' 'M' 'M'
 'M' 'M' 'U' 'M' 'M' 'M' 'U' 'U' 'U' 'U' 'M' 'U' 'U' 'M' 'M' 'U' 'U' 'M'
 'M' 'M' 'M' 'M' 'M' 'M' 'M' 'M' 'M' 'U' 'M' 'M' 'M' 'M' 'M' 'A' 'M' 'M'
 'M' 'M' 'U' 'M' 'M' 'U' 'U' 'M' 'M' 'U' 'U' 'M' 'M' 'U' 'M' 'U' 'M' 'M'
 'U' 'M' 'M' 'M' 'M' 'M' 'U' 'M' 'M' 'U' 'M' 'U' 'M' 'M' 'M' 'M' 'M' 'M']"
336101,0,146,5,141,52,0,0,"['A' 'M' 'M' 'M' 'M' 'M' 'M' 'U' 'M' 'U' 'U' 'M' 'M' 'U' 'M' 'M' 'A' 'M'
 'U' 'M' 'M' 'U' 'A' 'M' 'M' 'U' 'U' 'M' 'M' 'M' 'M' 'U' 'M' 'M' 'M' 'M'
 'M' 'U' 'M' 'M' 'M' 'M' 'M' 'M' 'M' 'M' 'M' 'M' 'M' 'U' 'U' 'M' 'M' 'M'
 'U' 'M' 'U' 'M' 'M' 'M' 'M' 'M' 'M' 'U' 'M' 'M' 'M' 'M' 'M' 'M' 'U' 'M'
 'M' 'M' 'U' 'M' 'M' 'M' 'M' 'M' 'M' 'M' 'M' 'U' 'M' 'M' 'M' 'M' 'M' 'M'
 'U' 'M' 'U' 'M' 'M' 'M' 'U' 'M' 'M' 'M' 'M' 'M' 'M' 'U' 'U' 'M' 'U' 'M'
 'U' 'M' 'M' 'M' 'M' 'U' 'A' 'M' 'M' 'M' 'M' 'U' 'U' 'M' 'M' 'M' 'M' 'M'
 'U' 'M' 'U' 'M' 'M' 'U' 'A' 'U' 'U' 'U' 'M' 'U' 'U' 'M' 'M' 'U' 'U' 'M'
 'U' 'M' 'M' 'M' 'M' 'M' 'M' 'M' 'M' 'U' 'M' 'M' 'M' 'M' 'M' 'U' 'M' 'M'
 'M' 'M' 'U' 'M' 'U' 'U' 'U' 'M' 'M' 'U' 'U' 'M' 'M' 'M' 'U' 'U' 'M' 'M'
 'U' 'M' 'M' 'M' 'M' 'M' 'M' 'M' 'M' 'M' 'M' 'U' 'M' 'M' 'M' 'M' 'M' 'U']"
336201,0,154,6,148,44,0,0,"['A' 'M' 'M' 'M' 'M' 'M' 'U' 'M' 'M' 'U' 'M' 'M' 'M' 'U' 'M' 'M' 'A' 'M'
 'U' 'M' 'M' 'M' 'A' 'M' 'U' 'U' 'M' 'M' 'M' 'M' 'M' 'U' 'M' 'M' 'M' 'M'
 'M' 'U' 'M' 'M' 'M' 'M' 'M' 'M' 'M' 'M' 'M' 'M' 'M' 'U' 'U' 'M' 'M' 'M'
 'U' 'M' 'U' 'M' 'M' 'M' 'U' 'M' 'M' 'U' 'M' 'M' 'U' 'M' 'U' 'M' 'M' 'M'
 'M' 'M' 'M' 'M' 'M' 'M' 'M' 'M' 'M' 'M' 'M' 'M' 'M' 'M' 'M' 'M' 'M' 'M'
 'U' 'M' 'M' 'U' 'U' 'M' 'M' 'M' 'M' 'M' 'M' 'M' 'M' 'U' 'U' 'M' 'U' 'M'
 'U' 'M' 'M' 'M' 'M' 'M' 'A' 'M' 'M' 'M' 'M' 'U' 'U' 'M' 'M' 'M' 'M' 'M'
 'U' 'M' 'U' 'M' 'M' 'U' 'A' 'U' 'U' 'U' 'M' 'U' 'M' 'M' 'M' 'M' 'M' 'M'
 'U' 'M' 'M' 'M' 'M' 'M' 'U' 'M' 'M' 'U' 'M' 'M' 'M' 'M' 'U' 'U' 'M' 'M'
 'U' 'M' 'U' 'M' 'M' 'A' 'M' 'M' 'M' 'U' 'M' 'M' 'M' 'M' 'M' 'M' 'M' 'M'
 'U' 'M' 'M' 'M' 'M' 'M' 'M' 'U' 'M' 'M' 'M' 'M' 'M' 'M' 'M' 'M' 'U' 'U']"
336301,0,158,4,154,40,0,1,"['A' 'M' 'M' 'M' 'M' 'M' 'U' 'M' 'U' 'A' 'M' 'M' 'U' 'U' 'M' 'M' 'U' 'M'
 'U' 'M' 'M' 'M' 'A' 'M' 'U' 'M' 'M' 'M' 'M' 'M' 'M' 'U' 'M' 'M' 'M' 'M'
 'M' 'U' 'M' 'M' 'M' 'M' 'M' 'M' 'M' 'M' 'M' 'M' 'M' 'U' 'U' 'M' 'M' 'M'
 'M' 'M' 'U' 'M' 'M' 'M' 'M' 'M' 'M' 'U' 'M' 'M' 'U' 'M' 'M' 'M' 'M' 'U'
 'U' 'M' 'M' 'M' 'M' 'M' 'U' 'M' 'M' 'M' 'M' 'M' 'M' 'M' 'M' 'M' 'M' 'M'
 'M' 'M' 'U' 'M' 'M' 'M' 'M' 'M' 'M' 'M' 'M' 'M' 'M' 'U' 'U' 'M' 'U' 'M'
 'U' 'M' 'M' 'M' 'M' 'M' 'U' 'M' 'M' 'M' 'M' 'M' 'U' 'M' 'M' 'M' 'M' 'M'
 'U' 'M' 'M' 'M' 'M' 'M' 'A' 'U' 'U' 'U' 'M' 'U' 'M' 'M' 'M' 'M' 'M' 'U'
 'U' 'M' 'M' 'M' 'M' 'M' 'U' 'M' 'M' 'U' 'M' 'M' 'M' 'M' 'M' 'M' 'M' 'M'
 'U' 'M' 'U' 'M' 'M' 'U' 'M' 'M' 'M' 'U' 'U' 'M' 'M' 'M' 'M' 'M' 'M' 'M'
 'U' 'M' 'M' 'M' 'M' 'M' 'M' 'M' 'M' 'M' 'M' 'M' 'M' 'M' 'M' 'M' 'U' 'M']"
336401,0,156,3,153,42,0,1,"['A' 'M' 'M' 'M' 'M' 'M' 'U' 'M' 'U' 'A' 'M' 'M' 'U' 'U' 'M' 'M' 'U' 'M'
 'U' 'M' 'M' 'M' 'U' 'M' 'U' 'M' 'M' 'M' 'M' 'M' 'M' 'U' 'M' 'M' 'M' 'M'
 'M' 'U' 'M' 'M' 'M' 'M' 'M' 'M' 'M' 'M' 'M' 'U' 'M' 'U' 'U' 'M' 'M' 'M'
 'M' 'M' 'U' 'M' 'M' 'U' 'M' 'M' 'M' 'U' 'M' 'M' 'M' 'M' 'M' 'M' 'U' 'M'
 'M' 'U' 'M' 'M' 'M' 'M' 'M' 'M' 'U' 'M' 'U' 'M' 'M' 'M' 'M' 'U' 'M' 'M'
 'M' 'M' 'M' 'M' 'M' 'M' 'M' 'M' 'M' 'M' 'M' 'M' 'M' 'U' 'U' 'M' 'U' 'M'
 'U' 'M' 'M' 'M' 'M' 'U' 'U' 'M' 'M' 'M' 'M' 'M' 'U' 'M' 'M' 'M' 'M' 'M'
 'U' 'M' 'M' 'M' 'M' 'M' 'A' 'U' 'U' 'U' 'M' 'M' 'M' 'M' 'M' 'M' 'M' 'U'
 'U' 'M' 'M' 'M' 'M' 'U' 'M' 'M' 'M' 'U' 'M' 'M' 'U' 'M' 'M' 'M' 'M' 'M'
 'U' 'M' 'U' 'U' 'M' 'U' 'M' 'M' 'M' 'M' 'M' 'M' 'M' 'M' 'M' 'M' 'M' 'M'
 'U' 'M' 'M' 'M' 'M' 'M' 'M' 'M' 'M' 'M' 'M' 'M' 'M' 'M' 'M' 'M' 'M' 'M']"
336501,1,152,3,149,46,0,0,"['A' 'M' 'M' 'M' 'M' 'U' 'U' 'M' 'U' 'U' 'M' 'M' 'U' 'M' 'M' 'M' 'U' 'M'
 'M' 'M' 'M' 'M' 'U' 'M' 'M' 'M' 'M' 'M' 'M' 'M' 'M' 'U' 'M' 'M' 'M' 'M'
 'M' 'U' 'M' 'M' 'M' 'M' 'M' 'M' 'M' 'M' 'M' 'U' 'M' 'U' 'U' 'M' 'M' 'M'
 'M' 'M' 'U' 'M' 'M' 'U' 'M' 'M' 'U' 'A' 'M' 'M' 'M' 'M' 'M' 'U' 'M' 'U'
 'M' 'U' 'M' 'M' 'M' 'M' 'M' 'U' 'U' 'M' 'M' 'M' 'M' 'M' 'M' 'M' 'M' 'M'
 'M' 'M' 'M' 'M' 'M' 'M' 'M' 'M' 'M' 'M' 'M' 'M' 'M' 'U' 'U' 'M' 'U' 'M'
 'M' 'M' 'M' 'M' 'M' 'U' 'U' 'U' 'M' 'U' 'M' 'M' 'U' 'M' 'M' 'M' 'M' 'M'
 'U' 'M' 'M' 'M' 'M' 'U' 'A' 'U' 'U' 'U' 'U' 'U' 'M' 'M' 'M' 'M' 'M' 'U'
 'U' 'M' 'M' 'M' 'M' 'U' 'M' 'M' 'M' 'M' 'M' 'M' 'U' 'M' 'M' 'M' 'U' 'M'
 'U' 'M' 'U' 'M' 'M' 'U' 'M' 'M' 'M' 'M' 'M' 'M' 'M' 'M' 'M' 'M' 'M' 'M'
 'U' 'M' 'M' 'M' 'M' 'M' 'M' 'M' 'M' 'U' 'U' 'M' 'M' 'M' 'M' 'M' 'M' 'M']"
336601,0,152,4,148,46,1,0,"['A' 'M' 'M' 'M' 'M' 'U' 'U' 'M' 'U' 'M' 'U' 'M' 'U' 'M' 'M' 'M' 'U' 'U'
 'M' 'M' 'M' 'M' 'M' 'M' 'M' 'M' 'M' 'M' 'M' 'M' 'M' 'U' 'M' 'M' 'M' 'M'
 'M' 'U' 'M' 'M' 'M' 'M' 'M' 'M' 'M' 'A' 'M' 'M' 'M' 'U' 'U' 'M' 'M' 'M'
 'M' 'M' 'M' 'M' 'M' 'U' 'M' 'M' 'M' 'U' 'M' 'U' 'U' 'M' 'M' 'M' 'M' 'M'
 'U' 'M' 'M' 'M' 'M' 'M' 'M' 'U' 'M' 'M' 'M' 'M' 'M' 'M' 'M' 'M' 'M' 'U'
 'M' 'M' 'M' 'M' 'M' 'M' 'M' 'M' 'M' 'M' 'M' 'M' 'U' 'U' 'U' 'M' 'U' 'M'
 'M' 'U' 'M' 'M' 'M' 'U' 'U' 'U' 'M' 'M' 'M' 'M' 'U' 'M' 'M' 'M' 'M' 'M'
 'U' 'M' 'M' 'M' 'M' 'U' 'A' 'U' 'U' 'U' 'U' 'U' 'U' 'M' 'M' 'M' 'M' 'M'
 'U' 'M' 'M' 'M' 'M' 'A' 'M' 'M' 'M' 'M' 'M' 'M' 'U' 'M' 'M' 'M' 'U' 'M'
 'U' 'M' 'U' 'M' 'M' 'U' 'M' 'M' 'U' 'M' 'M' 'M' 'M' 'M' 'M' 'M' 'M' 'M'
 'U' 'M' 'M' 'M' 'U' 'M' 'M' 'M' 'M' 'U' 'U' 'M' 'M' 'M' 'M' 'M' 'M' 'M']"
336701,0,161,5,156,37,0,0,"['A' 'M' 'M' 'M' 'M' 'U' 'M' 'M' 'A' 'M' 'M' 'M' 'M' 'M' 'M' 'M' 'U' 'U'
 'M' 'M' 'M' 'M' 'M' 'M' 'M' 'M' 'M' 'M' 'M' 'M' 'M' 'U' 'M' 'M' 'M' 'M'
 'M' 'U' 'M' 'M' 'M' 'M' 'M' 'M' 'U' 'U' 'M' 'M' 'M' 'M' 'U' 'M' 'M' 'M'
 'M' 'M' 'M' 'M' 'M' 'M' 'M' 'M' 'M' 'U' 'M' 'M' 'M' 'M' 'U' 'M' 'M' 'M'
 'U' 'M' 'M' 'U' 'M' 'M' 'M' 'U' 'M' 'M' 'M' 'M' 'M' 'M' 'M' 'M' 'M' 'M'
 'M' 'U' 'M' 'M' 'M' 'M' 'M' 'M' 'M' 'M' 'M' 'M' 'U' 'U' 'U' 'M' 'M' 'M'
 'M' 'U' 'M' 'M' 'M' 'M' 'U' 'A' 'M' 'M' 'M' 'M' 'U' 'M' 'U' 'M' 'M' 'M'
 'U' 'M' 'M' 'M' 'M' 'U' 'A' 'U' 'M' 'M' 'U' 'U' 'U' 'M' 'M' 'M' 'M' 'U'
 'U' 'M' 'M' 'M' 'M' 'A' 'M' 'M' 'M' 'M' 'M' 'M' 'U' 'M' 'M' 'M' 'U' 'M'
 'M' 'M' 'U' 'M' 'M' 'U' 'M' 'M' 'M' 'M' 'M' 'M' 'M' 'M' 'M' 'M' 'U' 'M'
 'U' 'M' 'M' 'M' 'M' 'M' 'M' 'M' 'M' 'U' 'U' 'M' 'M' 'M' 'M' 'M' 'M' 'M']"
336801,0,154,6,148,44,0,0,"['A' 'M' 'M' 'M' 'M' 'U' 'M' 'M' 'A' 'M' 'M' 'M' 'M' 'U' 'M' 'M' 'U' 'U'
 'M' 'M' 'M' 'M' 'M' 'M' 'U' 'M' 'M' 'M' 'M' 'M' 'M' 'U' 'U' 'M' 'M' 'M'
 'M' 'M' 'M' 'U' 'M' 'M' 'M' 'M' 'U' 'U' 'M' 'U' 'M' 'M' 'U' 'M' 'M' 'M'
 'A' 'M' 'M' 'M' 'M' 'M' 'M' 'M' 'M' 'U' 'M' 'U' 'M' 'M' 'M' 'M' 'M' 'M'
 'M' 'M' 'M' 'M' 'M' 'M' 'M' 'M' 'M' 'U' 'M' 'M' 'M' 'U' 'M' 'U' 'M' 'M'
 'M' 'M' 'M' 'M' 'U' 'M' 'M' 'M' 'M' 'M' 'M' 'M' 'U' 'U' 'U' 'M' 'M' 'M'
 'M' 'M' 'M' 'M' 'M' 'M' 'M' 'A' 'M' 'M' 'M' 'M' 'U' 'M' 'U' 'M' 'M' 'M'
 'U' 'M' 'M' 'M' 'M' 'U' 'A' 'U' 'U' 'M' 'U' 'U' 'U' 'M' 'M' 'M' 'M' 'U'
 'U' 'M' 'M' 'M' 'M' 'A' 'M' 'U' 'M' 'M' 'M' 'M' 'U' 'M' 'M' 'M' 'M' 'M'
 'U' 'M' 'U' 'M' 'M' 'U' 'M' 'M' 'M' 'M' 'M' 'M' 'M' 'U' 'M' 'U' 'U' 'M'
 'U' 'M' 'M' 'M' 'M' 'M' 'M' 'M' 'M' 'U' 'U' 'U' 'M' 'M' 'M' 'M' 'M' 'M']"
336901,0,155,6,149,43,0,0,"['A' 'M' 'M' 'M' 'U' 'M' 'M' 'M' 'A' 'M' 'M' 'U' 'U' 'U' 'M' 'M' 'U' 'M'
 'M' 'M' 'M' 'M' 'M' 'M' 'U' 'M' 'M' 'M' 'M' 'M' 'M' 'U' 'U' 'M' 'M' 'M'
 'U' 'M' 'M' 'U' 'M' 'M' 'M' 'M' 'U' 'U' 'M' 'U' 'M' 'M' 'M' 'M' 'M' 'M'
 'A' 'M' 'M' 'U' 'M' 'M' 'M' 'M' 'M' 'U' 'M' 'U' 'U' 'M' 'M' 'M' 'M' 'M'
 'M' 'M' 'M' 'U' 'M' 'M' 'M' 'M' 'M' 'M' 'M' 'M' 'U' 'U' 'M' 'M' 'M' 'M'
 'M' 'M' 'M' 'M' 'M' 'M' 'M' 'M' 'M' 'M' 'M' 'M' 'U' 'U' 'A' 'M' 'M' 'M'
 'M' 'U' 'M' 'M' 'M' 'M' 'M' 'U' 'M' 'M' 'M' 'M' 'U' 'M' 'U' 'M' 'M' 'M'
 'U' 'M' 'M' 'M' 'M' 'M' 'A' 'M' 'M' 'M' 'U' 'U' 'M' 'M' 'M' 'M' 'U' 'U'
 'U' 'M' 'M' 'M' 'M' 'A' 'M' 'U' 'M' 'M' 'M' 'M' 'M' 'M' 'M' 'M' 'M' 'M'
 'U' 'M' 'U' 'M' 'M' 'M' 'M' 'M' 'M' 'M' 'M' 'M' 'M' 'U' 'M' 'U' 'U' 'M'
 'U' 'M' 'M' 'M' 'U' 'M' 'M' 'M' 'M' 'M' 'U' 'U' 'M' 'U' 'M' 'M' 'M' 'M']"
337001,0,154,5,149,44,0,0,"['A' 'M' 'M' 'M' 'M' 'M' 'M' 'M' 'A' 'M' 'M' 'M' 'U' 'M' 'M' 'U' 'M' 'M'
 'M' 'M' 'M' 'U' 'M' 'M' 'U' 'M' 'M' 'M' 'M' 'M' 'M' 'U' 'M' 'M' 'M' 'M'
 'U' 'M' 'M' 'U' 'M' 'M' 'M' 'M' 'U' 'U' 'M' 'U' 'M' 'M' 'M' 'M' 'M' 'M'
 'A' 'M' 'M' 'U' 'M' 'M' 'M' 'M' 'M' 'U' 'M' 'U' 'M' 'M' 'M' 'M' 'M' 'M'
 'M' 'M' 'U' 'M' 'M' 'M' 'M' 'M' 'U' 'M' 'M' 'U' 'M' 'M' 'U' 'M' 'M' 'M'
 'M' 'M' 'M' 'M' 'M' 'M' 'M' 'M' 'M' 'M' 'M' 'M' 'M' 'U' 'U' 'M' 'M' 'M'
 'M' 'U' 'M' 'M' 'M' 'M' 'M' 'U' 'M' 'M' 'M' 'M' 'U' 'M' 'U' 'M' 'M' 'M'
 'U' 'M' 'M' 'M' 'M' 'U' 'A' 'U' 'U' 'U' 'U' 'U' 'U' 'U' 'M' 'M' 'M' 'M'
 'U' 'M' 'M' 'M' 'M' 'A' 'M' 'U' 'M' 'M' 'M' 'M' 'M' 'M' 'M' 'M' 'M' 'M'
 'M' 'M' 'U' 'M' 'M' 'M' 'M' 'M' 'M' 'M' 'M' 'M' 'M' 'U' 'M' 'U' 'U' 'M'
 'M' 'M' 'U' 'M' 'U' 'M' 'M' 'M' 'M' 'M' 'U' 'U' 'M' 'U' 'M' 'U' 'M' 'M']"
337101,1,152,4,148,46,0,0,"['A' 'M' 'M' 'M' 'M' 'M' 'M' 'M' 'U' 'M' 'M' 'M' 'M' 'M' 'M' 'U' 'M' 'M'
 'M' 'M' 'M' 'U' 'M' 'M' 'U' 'M' 'U' 'M' 'M' 'M' 'M' 'U' 'M' 'M' 'M' 'M'
 'U' 'M' 'M' 'M' 'M' 'M' 'M' 'M' 'U' 'U' 'M' 'U' 'M' 'M' 'M' 'M' 'M' 'M'
 'A' 'M' 'M' 'U' 'M' 'M' 'M' 'M' 'M' 'M' 'M' 'M' 'U' 'M' 'M' 'U' 'M' 'M'
 'M' 'M' 'M' 'M' 'M' 'U' 'M' 'M' 'M' 'M' 'M' 'M' 'M' 'M' 'M' 'M' 'U' 'M'
 'M' 'M' 'M' 'M' 'U' 'U' 'M' 'U' 'M' 'M' 'M' 'M' 'U' 'A' 'U' 'M' 'M' 'M'
 'U' 'U' 'M' 'M' 'M' 'M' 'M' 'U' 'M' 'M' 'M' 'M' 'U' 'M' 'M' 'M' 'M' 'M'
 'U' 'M' 'M' 'M' 'M' 'U' 'A' 'U' 'U' 'U' 'U' 'U' 'M' 'U' 'M' 'M' 'M' 'M'
 'U' 'M' 'M' 'M' 'U' 'M' 'M' 'U' 'M' 'M' 'M' 'M' 'M' 'M' 'M' 'M' 'M' 'M'
 'M' 'M' 'M' 'M' 'M' 'M' 'M' 'M' 'M' 'M' 'M' 'M' 'M' 'U' 'M' 'U' 'U' 'U'
 'M' 'M' 'U' 'M' 'U' 'M' 'M' 'U' 'M' 'M' 'U' 'U' 'M' 'U' 'M' 'U' 'M' 'M']"
337201,0,155,5,150,43,0,1,"['A' 'M' 'M' 'M' 'M' 'M' 'M' 'M' 'U' 'M' 'M' 'M' 'M' 'M' 'M' 'U' 'M' 'M'
 'M' 'U' 'M' 'U' 'M' 'M' 'U' 'M' 'U' 'M' 'M' 'M' 'M' 'U' 'M' 'M' 'M' 'M'
 'M' 'M' 'M' 'M' 'M' 'M' 'M' 'M' 'U' 'U' 'M' 'U' 'U' 'M' 'M' 'M' 'M' 'M'
 'U' 'M' 'M' 'M' 'M' 'M' 'M' 'M' 'M' 'M' 'M' 'M' 'M' 'M' 'U' 'M' 'M' 'M'
 'M' 'M' 'M' 'M' 'U' 'M' 'M' 'U' 'M' 'M' 'M' 'M' 'M' 'M' 'M' 'M' 'U' 'M'
 'M' 'U' 'M' 'M' 'M' 'U' 'M' 'U' 'M' 'M' 'M' 'M' 'U' 'A' 'A' 'M' 'M' 'M'
 'M' 'A' 'M' 'M' 'M' 'M' 'M' 'U' 'U' 'M' 'M' 'M' 'U' 'M' 'M' 'M' 'U' 'M'
 'U' 'M' 'M' 'M' 'M' 'U' 'A' 'U' 'M' 'U' 'U' 'M' 'U' 'U' 'M' 'M' 'M' 'M'
 'M' 'M' 'M' 'M' 'U' 'M' 'M' 'U' 'M' 'M' 'M' 'M' 'M' 'M' 'M' 'M' 'M' 'M'
 'M' 'M' 'U' 'M' 'M' 'M' 'M' 'M' 'M' 'M' 'M' 'M' 'M' 'M' 'M' 'U' 'U' 'U'
 'M' 'M' 'M' 'M' 'U' 'M' 'M' 'U' 'M' 'M' 'U' 'U' 'M' 'U' 'M' 'U' 'M' 'M']"
337301,0,156,3,153,42,0,0,"['A' 'M' 'M' 'M' 'M' 'M' 'M' 'M' 'U' 'M' 'M' 'M' 'M' 'M' 'U' 'U' 'M' 'M'
 'M' 'U' 'M' 'U' 'M' 'M' 'U' 'M' 'U' 'M' 'M' 'M' 'M' 'U' 'M' 'M' 'M' 'M'
 'M' 'M' 'M' 'M' 'M' 'M' 'M' 'U' 'M' 'U' 'M' 'U' 'U' 'M' 'M' 'M' 'M' 'M'
 'M' 'M' 'U' 'M' 'M' 'M' 'M' 'M' 'M' 'M' 'M' 'M' 'M' 'M' 'M' 'M' 'M' 'M'
 'M' 'M' 'M' 'M' 'M' 'M' 'M' 'U' 'U' 'M' 'M' 'M' 'U' 'U' 'M' 'M' 'M' 'M'
 'M' 'M' 'M' 'U' 'M' 'U' 'M' 'U' 'M' 'M' 'M' 'M' 'U' 'U' 'A' 'M' 'M' 'M'
 'M' 'M' 'M' 'M' 'M' 'M' 'M' 'M' 'U' 'M' 'U' 'M' 'U' 'M' 'M' 'M' 'M' 'M'
 'U' 'M' 'M' 'M' 'M' 'U' 'A' 'U' 'M' 'M' 'U' 'M' 'U' 'M' 'M' 'M' 'M' 'M'
 'M' 'M' 'M' 'M' 'U' 'M' 'M' 'U' 'M' 'M' 'M' 'M' 'M' 'M' 'M' 'M' 'M' 'M'
 'M' 'M' 'U' 'M' 'M' 'M' 'M' 'M' 'M' 'M' 'M' 'M' 'M' 'U' 'M' 'M' 'U' 'U'
 'M' 'M' 'M' 'M' 'U' 'M' 'M' 'U' 'M' 'U' 'U' 'M' 'M' 'U' 'M' 'U' 'M' 'M']"
337401,0,162,3,159,36,0,1,"['A' 'M' 'M' 'M' 'U' 'M' 'M' 'M' 'U' 'M' 'M' 'M' 'M' 'M' 'U' 'U' 'M' 'M'
 'M' 'U' 'M' 'U' 'M' 'M' 'U' 'M' 'U' 'M' 'M' 'M' 'M' 'U' 'M' 'M' 'M' 'M'
 'M' 'M' 'M' 'M' 'M' 'M' 'M' 'U' 'M' 'U' 'M' 'U' 'U' 'M' 'M' 'M' 'M' 'M'
 'M' 'M' 'M' 'M' 'M' 'M' 'M' 'M' 'M' 'M' 'M' 'M' 'M' 'M' 'M' 'M' 'M' 'M'
 'U' 'M' 'M' 'M' 'U' 'M' 'M' 'M' 'U' 'M' 'M' 'M' 'M' 'M' 'M' 'U' 'M' 'M'
 'M' 'M' 'M' 'U' 'M' 'U' 'M' 'U' 'M' 'M' 'M' 'M' 'U' 'U' 'A' 'M' 'M' 'M'
 'M' 'M' 'M' 'M' 'M' 'M' 'M' 'M' 'U' 'M' 'U' 'M' 'U' 'U' 'M' 'M' 'M' 'M'
 'U' 'M' 'M' 'M' 'M' 'M' 'A' 'U' 'M' 'M' 'U' 'M' 'U' 'M' 'M' 'M' 'M' 'M'
 'M' 'M' 'M' 'M' 'M' 'M' 'M' 'M' 'M' 'M' 'M' 'M' 'M' 'M' 'M' 'M' 'M' 'M'
 'M' 'M' 'M' 'M' 'M' 'M' 'M' 'M' 'M' 'M' 'M' 'M' 'M' 'U' 'M' 'M' 'U' 'M'
 'M' 'M' 'M' 'M' 'M' 'M' 'M' 'M' 'M' 'U' 'U' 'M' 'M' 'U' 'M' 'U' 'M' 'M']"
337501,0,163,3,160,35,0,0,"['A' 'M' 'M' 'M' 'M' 'M' 'M' 'U' 'U' 'M' 'M' 'M' 'M' 'M' 'U' 'U' 'M' 'M'
 'M' 'U' 'M' 'U' 'U' 'M' 'U' 'M' 'U' 'M' 'M' 'M' 'M' 'M' 'M' 'M' 'M' 'M'
 'M' 'M' 'M' 'M' 'M' 'M' 'M' 'U' 'M' 'U' 'M' 'M' 'U' 'M' 'M' 'M' 'M' 'M'
 'M' 'M' 'M' 'M' 'M' 'M' 'M' 'M' 'M' 'U' 'M' 'M' 'M' 'M' 'M' 'M' 'M' 'M'
 'M' 'M' 'M' 'U' 'M' 'M' 'U' 'U' 'M' 'M' 'M' 'M' 'U' 'M' 'M' 'M' 'M' 'M'
 'M' 'M' 'U' 'M' 'M' 'U' 'M' 'M' 'M' 'M' 'M' 'M' 'U' 'U' 'A' 'M' 'M' 'M'
 'M' 'M' 'M' 'M' 'M' 'M' 'M' 'U' 'A' 'M' 'U' 'M' 'U' 'U' 'M' 'M' 'M' 'M'
 'M' 'M' 'M' 'M' 'M' 'M' 'M' 'U' 'M' 'M' 'U' 'M' 'U' 'M' 'M' 'M' 'M' 'M'
 'M' 'M' 'M' 'M' 'M' 'M' 'M' 'M' 'M' 'M' 'M' 'M' 'M' 'M' 'M' 'U' 'M' 'M'
 'U' 'M' 'M' 'M' 'M' 'M' 'M' 'M' 'M' 'M' 'M' 'M' 'M' 'U' 'M' 'M' 'U' 'M'
 'M' 'M' 'M' 'M' 'M' 'M' 'M' 'M' 'M' 'M' 'U' 'M' 'M' 'U' 'M' 'M' 'U' 'M']"
337601,0,159,2,157,39,0,0,"['A' 'M' 'M' 'M' 'M' 'M' 'M' 'U' 'U' 'M' 'M' 'U' 'M' 'M' 'M' 'U' 'M' 'M'
 'M' 'U' 'M' 'U' 'M' 'M' 'U' 'M' 'M' 'M' 'M' 'M' 'M' 'M' 'M' 'M' 'U' 'M'
 'M' 'M' 'M' 'M' 'M' 'M' 'M' 'U' 'M' 'U' 'M' 'M' 'U' 'M' 'M' 'M' 'M' 'M'
 'M' 'M' 'M' 'M' 'M' 'M' 'M' 'M' 'M' 'U' 'M' 'M' 'U' 'M' 'M' 'U' 'M' 'M'
 'M' 'M' 'U' 'M' 'M' 'M' 'M' 'M' 'M' 'M' 'M' 'M' 'U' 'M' 'M' 'U' 'M' 'M'
 'M' 'M' 'M' 'M' 'M' 'U' 'M' 'M' 'M' 'M' 'M' 'M' 'U' 'U' 'U' 'M' 'M' 'U'
 'M' 'M' 'M' 'M' 'M' 'U' 'M' 'U' 'A' 'M' 'U' 'M' 'U' 'U' 'M' 'M' 'M' 'U'
 'M' 'M' 'M' 'M' 'M' 'M' 'M' 'M' 'M' 'M' 'U' 'M' 'U' 'M' 'M' 'M' 'M' 'M'
 'M' 'M' 'M' 'M' 'M' 'M' 'M' 'M' 'M' 'M' 'M' 'U' 'M' 'M' 'M' 'U' 'M' 'M'
 'U' 'M' 'M' 'M' 'M' 'M' 'M' 'M' 'M' 'M' 'M' 'U' 'M' 'U' 'M' 'M' 'M' 'M'
 'M' 'M' 'M' 'M' 'M' 'M' 'U' 'M' 'M' 'M' 'U' 'M' 'M' 'U' 'M' 'M' 'U' 'M']"
337701,0,158,3,155,40,0,0,"['A' 'M' 'M' 'M' 'M' 'M' 'M' 'M' 'U' 'M' 'M' 'U' 'M' 'M' 'M' 'M' 'M' 'M'
 'M' 'U' 'M' 'U' 'M' 'M' 'U' 'M' 'M' 'M' 'M' 'M' 'M' 'M' 'M' 'M' 'U' 'M'
 'M' 'M' 'M' 'M' 'M' 'M' 'U' 'U' 'M' 'U' 'M' 'M' 'U' 'M' 'M' 'M' 'M' 'M'
 'M' 'M' 'M' 'M' 'M' 'M' 'M' 'M' 'M' 'U' 'M' 'U' 'U' 'M' 'M' 'M' 'M' 'M'
 'M' 'M' 'U' 'M' 'M' 'M' 'M' 'M' 'M' 'M' 'U' 'M' 'M' 'M' 'M' 'M' 'U' 'M'
 'M' 'M' 'M' 'M' 'M' 'U' 'M' 'M' 'U' 'M' 'M' 'M' 'U' 'U' 'U' 'M' 'M' 'U'
 'M' 'M' 'M' 'M' 'M' 'U' 'M' 'U' 'U' 'M' 'U' 'M' 'A' 'U' 'M' 'M' 'M' 'U'
 'M' 'M' 'M' 'M' 'M' 'M' 'M' 'M' 'M' 'M' 'U' 'M' 'M' 'M' 'M' 'M' 'M' 'U'
 'M' 'U' 'M' 'M' 'M' 'M' 'M' 'M' 'M' 'M' 'M' 'A' 'M' 'M' 'M' 'U' 'M' 'M'
 'U' 'M' 'M' 'M' 'M' 'M' 'M' 'U' 'M' 'M' 'M' 'U' 'M' 'U' 'M' 'M' 'M' 'M'
 'M' 'M' 'M' 'M' 'M' 'M' 'U' 'M' 'M' 'M' 'U' 'M' 'M' 'U' 'M' 'U' 'M' 'M']"
337801,0,155,2,153,43,0,0,"['A' 'M' 'M' 'M' 'M' 'M' 'M' 'M' 'M' 'M' 'M' 'U' 'M' 'M' 'M' 'M' 'M' 'M'
 'M' 'U' 'M' 'M' 'M' 'M' 'M' 'M' 'M' 'M' 'M' 'M' 'M' 'M' 'M' 'M' 'U' 'M'
 'M' 'M' 'M' 'M' 'M' 'M' 'M' 'U' 'M' 'U' 'M' 'M' 'M' 'U' 'U' 'M' 'M' 'M'
 'M' 'M' 'M' 'M' 'M' 'M' 'U' 'M' 'M' 'U' 'M' 'U' 'M' 'M' 'M' 'M' 'M' 'M'
 'U' 'M' 'M' 'M' 'M' 'M' 'M' 'M' 'M' 'M' 'M' 'M' 'M' 'M' 'M' 'U' 'M' 'U'
 'M' 'M' 'U' 'M' 'M' 'U' 'M' 'M' 'M' 'M' 'M' 'M' 'U' 'U' 'U' 'M' 'M' 'M'
 'M' 'M' 'M' 'M' 'U' 'U' 'M' 'U' 'U' 'M' 'U' 'M' 'U' 'U' 'M' 'U' 'M' 'U'
 'M' 'M' 'M' 'M' 'U' 'M' 'M' 'U' 'M' 'M' 'U' 'M' 'M' 'M' 'M' 'U' 'M' 'U'
 'M' 'M' 'M' 'U' 'M' 'M' 'M' 'M' 'M' 'M' 'M' 'A' 'M' 'M' 'M' 'U' 'M' 'M'
 'U' 'U' 'M' 'U' 'M' 'M' 'M' 'U' 'M' 'M' 'M' 'U' 'M' 'U' 'M' 'M' 'M' 'M'
 'M' 'M' 'M' 'M' 'M' 'M' 'U' 'M' 'M' 'M' 'U' 'M' 'M' 'U' 'M' 'M' 'M' 'M']"
337901,0,151,3,148,47,0,0,"['A' 'U' 'M' 'U' 'M' 'M' 'M' 'M' 'M' 'M' 'M' 'U' 'M' 'M' 'M' 'M' 'M' 'M'
 'M' 'U' 'M' 'M' 'M' 'M' 'M' 'M' 'M' 'M' 'M' 'M' 'M' 'M' 'M' 'M' 'U' 'M'
 'U' 'M' 'M' 'M' 'M' 'M' 'M' 'U' 'M' 'U' 'M' 'M' 'M' 'U' 'U' 'U' 'M' 'M'
 'M' 'M' 'U' 'M' 'U' 'M' 'M' 'M' 'M' 'U' 'M' 'M' 'M' 'U' 'M' 'M' 'M' 'U'
 'M' 'M' 'M' 'M' 'M' 'M' 'U' 'M' 'M' 'M' 'M' 'M' 'M' 'M' 'U' 'M' 'M' 'M'
 'M' 'U' 'M' 'M' 'M' 'M' 'M' 'M' 'M' 'M' 'M' 'M' 'U' 'U' 'U' 'M' 'M' 'M'
 'M' 'M' 'M' 'M' 'U' 'M' 'M' 'U' 'U' 'M' 'U' 'M' 'U' 'U' 'M' 'U' 'M' 'U'
 'M' 'M' 'M' 'M' 'U' 'M' 'M' 'M' 'M' 'M' 'U' 'M' 'M' 'M' 'M' 'U' 'M' 'U'
 'M' 'M' 'M' 'U' 'M' 'M' 'A' 'M' 'M' 'M' 'M' 'A' 'M' 'M' 'M' 'U' 'M' 'M'
 'M' 'U' 'M' 'U' 'M' 'M' 'M' 'U' 'M' 'M' 'M' 'U' 'M' 'U' 'M' 'U' 'M' 'U'
 'M' 'U' 'M' 'U' 'M' 'M' 'U' 'M' 'M' 'M' 'M' 'M' 'M' 'U' 'M' 'M' 'M' 'M']"
338001,0,153,4,149,45,0,0,"['A' 'M' 'M' 'U' 'M' 'M' 'M' 'M' 'M' 'M' 'M' 'U' 'M' 'M' 'M' 'M' 'M' 'U'
 'M' 'M' 'M' 'M' 'M' 'M' 'M' 'M' 'M' 'M' 'M' 'M' 'M' 'M' 'M' 'M' 'A' 'M'
 'U' 'M' 'M' 'M' 'M' 'M' 'M' 'U' 'M' 'U' 'M' 'M' 'M' 'U' 'U' 'M' 'M' 'M'
 'U' 'M' 'M' 'M' 'U' 'M' 'M' 'M' 'U' 'U' 'M' 'U' 'M' 'M' 'U' 'M' 'M' 'U'
 'M' 'M' 'M' 'M' 'M' 'U' 'M' 'M' 'M' 'M' 'M' 'U' 'M' 'M' 'M' 'M' 'M' 'M'
 'M' 'M' 'M' 'M' 'M' 'U' 'M' 'M' 'M' 'M' 'M' 'M' 'U' 'U' 'M' 'M' 'M' 'M'
 'M' 'M' 'M' 'M' 'U' 'M' 'M' 'U' 'U' 'M' 'U' 'U' 'U' 'U' 'M' 'M' 'M' 'M'
 'M' 'U' 'U' 'M' 'U' 'M' 'M' 'M' 'M' 'M' 'U' 'M' 'M' 'M' 'M' 'U' 'M' 'M'
 'M' 'M' 'M' 'U' 'M' 'M' 'A' 'M' 'M' 'M' 'M' 'A' 'M' 'M' 'M' 'U' 'M' 'M'
 'M' 'U' 'M' 'U' 'M' 'M' 'M' 'U' 'M' 'M' 'M' 'U' 'M' 'U' 'M' 'U' 'M' 'U'
 'M' 'U' 'M' 'M' 'M' 'M' 'U' 'M' 'M' 'U' 'M' 'U' 'M' 'M' 'M' 'M' 'M' 'M']"
338101,0,158,3,155,40,0,0,"['A' 'M' 'M' 'U' 'M' 'M' 'M' 'M' 'M' 'M' 'M' 'A' 'M' 'M' 'M' 'M' 'M' 'M'
 'U' 'M' 'M' 'M' 'M' 'M' 'M' 'M' 'M' 'M' 'M' 'M' 'M' 'M' 'M' 'M' 'U' 'M'
 'U' 'M' 'M' 'M' 'U' 'M' 'M' 'U' 'M' 'M' 'M' 'M' 'M' 'U' 'M' 'M' 'M' 'M'
 'U' 'M' 'M' 'M' 'M' 'M' 'M' 'M' 'U' 'M' 'M' 'M' 'U' 'M' 'M' 'M' 'M' 'U'
 'U' 'M' 'M' 'M' 'M' 'M' 'M' 'M' 'M' 'M' 'U' 'M' 'M' 'M' 'M' 'M' 'M' 'M'
 'M' 'M' 'M' 'U' 'M' 'U' 'M' 'M' 'M' 'M' 'M' 'M' 'M' 'U' 'M' 'M' 'M' 'M'
 'M' 'M' 'M' 'M' 'U' 'M' 'M' 'U' 'U' 'M' 'U' 'M' 'U' 'U' 'M' 'M' 'M' 'U'
 'M' 'A' 'U' 'U' 'U' 'M' 'M' 'M' 'M' 'M' 'U' 'M' 'M' 'M' 'M' 'M' 'M' 'M'
 'M' 'M' 'M' 'U' 'M' 'M' 'U' 'M' 'M' 'M' 'M' 'U' 'M' 'M' 'M' 'U' 'M' 'M'
 'M' 'U' 'M' 'U' 'M' 'M' 'M' 'U' 'M' 'M' 'M' 'M' 'M' 'U' 'M' 'M' 'M' 'U'
 'M' 'M' 'M' 'M' 'M' 'M' 'U' 'M' 'M' 'U' 'M' 'U' 'M' 'M' 'M' 'U' 'M' 'M']"
338201,0,161,2,159,37,0,0,"['A' 'M' 'U' 'M' 'M' 'M' 'M' 'M' 'M' 'M' 'M' 'A' 'M' 'M' 'M' 'M' 'M' 'M'
 'U' 'M' 'M' 'M' 'M' 'M' 'M' 'M' 'M' 'M' 'M' 'M' 'M' 'M' 'M' 'M' 'U' 'M'
 'U' 'M' 'M' 'M' 'U' 'M' 'M' 'M' 'U' 'M' 'M' 'M' 'M' 'U' 'M' 'M' 'M' 'M'
 'U' 'M' 'M' 'M' 'M' 'M' 'M' 'M' 'U' 'M' 'M' 'M' 'M' 'M' 'M' 'M' 'M' 'M'
 'M' 'M' 'M' 'M' 'M' 'M' 'M' 'M' 'U' 'U' 'M' 'M' 'U' 'M' 'M' 'M' 'U' 'U'
 'M' 'M' 'M' 'M' 'M' 'U' 'M' 'M' 'M' 'M' 'M' 'M' 'M' 'U' 'M' 'M' 'M' 'M'
 'M' 'M' 'M' 'M' 'M' 'M' 'M' 'M' 'U' 'M' 'M' 'M' 'M' 'U' 'M' 'M' 'M' 'U'
 'M' 'U' 'U' 'U' 'U' 'M' 'M' 'M' 'M' 'M' 'M' 'M' 'M' 'M' 'M' 'M' 'M' 'M'
 'M' 'U' 'M' 'U' 'M' 'M' 'U' 'M' 'U' 'M' 'M' 'U' 'M' 'M' 'M' 'M' 'M' 'M'
 'M' 'U' 'M' 'U' 'M' 'M' 'M' 'U' 'M' 'M' 'M' 'M' 'M' 'U' 'M' 'M' 'M' 'U'
 'M' 'M' 'M' 'M' 'U' 'M' 'U' 'M' 'M' 'U' 'M' 'M' 'M' 'M' 'M' 'U' 'M' 'M']"
338301,0,167,4,163,31,0,1,"['A' 'M' 'A' 'U' 'M' 'M' 'M' 'M' 'M' 'M' 'M' 'A' 'M' 'M' 'M' 'M' 'M' 'U'
 'U' 'M' 'M' 'M' 'M' 'M' 'M' 'M' 'M' 'M' 'M' 'M' 'M' 'M' 'M' 'M' 'M' 'M'
 'U' 'M' 'M' 'M' 'A' 'M' 'M' 'M' 'U' 'M' 'M' 'M' 'M' 'U' 'M' 'M' 'M' 'M'
 'M' 'M' 'M' 'M' 'M' 'M' 'M' 'M' 'U' 'M' 'M' 'M' 'U' 'M' 'M' 'M' 'M' 'M'
 'M' 'M' 'M' 'M' 'M' 'M' 'M' 'U' 'U' 'M' 'M' 'M' 'M' 'M' 'M' 'M' 'M' 'M'
 'M' 'M' 'M' 'U' 'U' 'U' 'M' 'M' 'M' 'M' 'M' 'M' 'M' 'U' 'M' 'M' 'M' 'M'
 'M' 'U' 'U' 'M' 'M' 'M' 'M' 'M' 'M' 'M' 'M' 'M' 'M' 'U' 'M' 'M' 'M' 'U'
 'M' 'U' 'M' 'U' 'U' 'M' 'M' 'M' 'M' 'M' 'M' 'M' 'M' 'M' 'M' 'M' 'M' 'M'
 'M' 'U' 'M' 'U' 'M' 'M' 'U' 'M' 'U' 'M' 'M' 'U' 'M' 'M' 'M' 'M' 'M' 'M'
 'M' 'U' 'M' 'U' 'M' 'M' 'M' 'M' 'M' 'M' 'M' 'M' 'M' 'M' 'M' 'M' 'M' 'M'
 'M' 'M' 'M' 'M' 'U' 'M' 'M' 'M' 'M' 'U' 'M' 'M' 'M' 'M' 'M' 'U' 'M' 'M']"
338401,0,166,5,161,32,0,0,"['A' 'M' 'A' 'U' 'M' 'M' 'M' 'M' 'M' 'M' 'M' 'A' 'M' 'M' 'M' 'M' 'M' 'U'
 'M' 'M' 'M' 'M' 'M' 'M' 'M' 'M' 'M' 'M' 'M' 'M' 'M' 'M' 'M' 'M' 'M' 'M'
 'U' 'M' 'M' 'M' 'A' 'M' 'M' 'M' 'U' 'U' 'M' 'M' 'M' 'M' 'M' 'M' 'M' 'M'
 'M' 'M' 'M' 'M' 'M' 'M' 'U' 'M' 'U' 'M' 'M' 'U' 'M' 'M' 'M' 'M' 'M' 'M'
 'M' 'M' 'M' 'U' 'M' 'M' 'U' 'M' 'M' 'M' 'M' 'M' 'U' 'M' 'M' 'M' 'M' 'M'
 'M' 'M' 'U' 'M' 'M' 'U' 'M' 'M' 'M' 'M' 'M' 'M' 'M' 'U' 'M' 'M' 'M' 'M'
 'M' 'M' 'U' 'M' 'M' 'M' 'M' 'M' 'M' 'M' 'M' 'M' 'M' 'U' 'M' 'M' 'M' 'U'
 'M' 'M' 'M' 'U' 'U' 'M' 'M' 'M' 'M' 'M' 'M' 'M' 'M' 'M' 'M' 'M' 'M' 'M'
 'M' 'U' 'M' 'M' 'M' 'M' 'A' 'M' 'U' 'M' 'M' 'U' 'M' 'M' 'M' 'M' 'M' 'M'
 'M' 'U' 'M' 'U' 'M' 'M' 'M' 'M' 'M' 'M' 'U' 'M' 'M' 'M' 'U' 'M' 'M' 'M'
 'M' 'M' 'U' 'M' 'U' 'U' 'M' 'M' 'M' 'U' 'M' 'M' 'U' 'M' 'M' 'U' 'M' 'M']"
338501,0,166,4,162,32,0,0,"['A' 'M' 'A' 'U' 'M' 'M' 'M' 'M' 'M' 'M' 'M' 'A' 'M' 'M' 'M' 'M' 'M' 'U'
 'M' 'M' 'M' 'M' 'M' 'M' 'M' 'M' 'M' 'M' 'M' 'M' 'M' 'M' 'M' 'M' 'M' 'M'
 'M' 'M' 'M' 'M' 'U' 'M' 'M' 'M' 'U' 'U' 'M' 'M' 'M' 'M' 'M' 'M' 'U' 'M'
 'M' 'M' 'M' 'M' 'M' 'M' 'M' 'M' 'M' 'M' 'M' 'M' 'M' 'M' 'M' 'M' 'M' 'U'
 'M' 'M' 'U' 'U' 'U' 'M' 'M' 'M' 'M' 'M' 'M' 'M' 'M' 'M' 'M' 'M' 'M' 'U'
 'M' 'M' 'M' 'M' 'M' 'U' 'M' 'M' 'M' 'M' 'M' 'M' 'M' 'U' 'M' 'M' 'M' 'M'
 'M' 'M' 'U' 'M' 'M' 'M' 'M' 'U' 'M' 'M' 'M' 'M' 'M' 'U' 'M' 'M' 'M' 'M'
 'M' 'M' 'M' 'M' 'U' 'M' 'M' 'M' 'M' 'M' 'M' 'M' 'M' 'M' 'M' 'M' 'M' 'M'
 'M' 'U' 'M' 'M' 'M' 'M' 'A' 'M' 'U' 'M' 'M' 'M' 'M' 'M' 'M' 'M' 'M' 'U'
 'M' 'U' 'M' 'U' 'M' 'M' 'M' 'M' 'M' 'M' 'U' 'M' 'M' 'M' 'M' 'M' 'M' 'M'
 'M' 'M' 'U' 'M' 'U' 'U' 'U' 'M' 'M' 'U' 'U' 'U' 'U' 'M' 'M' 'U' 'M' 'M']"
338601,0,164,4,160,34,0,0,"['A' 'M' 'A' 'U' 'M' 'M' 'M' 'M' 'M' 'M' 'M' 'A' 'M' 'M' 'M' 'M' 'M' 'U'
 'M' 'M' 'M' 'M' 'M' 'M' 'M' 'M' 'M' 'M' 'U' 'A' 'M' 'M' 'M' 'M' 'M' 'M'
 'M' 'M' 'M' 'M' 'U' 'M' 'M' 'M' 'U' 'U' 'M' 'U' 'M' 'M' 'M' 'M' 'M' 'M'
 'M' 'M' 'M' 'M' 'M' 'M' 'M' 'M' 'M' 'U' 'M' 'M' 'U' 'M' 'M' 'M' 'U' 'M'
 'M' 'M' 'M' 'M' 'M' 'U' 'M' 'M' 'M' 'U' 'M' 'M' 'M' 'U' 'M' 'M' 'M' 'M'
 'M' 'M' 'M' 'M' 'M' 'M' 'M' 'M' 'M' 'M' 'M' 'U' 'M' 'U' 'M' 'M' 'M' 'U'
 'M' 'M' 'U' 'M' 'M' 'M' 'M' 'M' 'M' 'M' 'M' 'M' 'M' 'U' 'M' 'M' 'M' 'M'
 'M' 'M' 'M' 'M' 'U' 'M' 'M' 'M' 'M' 'M' 'M' 'U' 'M' 'M' 'M' 'M' 'M' 'M'
 'M' 'U' 'M' 'M' 'M' 'M' 'U' 'M' 'U' 'M' 'M' 'M' 'M' 'M' 'M' 'M' 'M' 'U'
 'M' 'U' 'M' 'U' 'M' 'M' 'M' 'M' 'M' 'M' 'U' 'M' 'M' 'U' 'M' 'M' 'M' 'M'
 'M' 'M' 'U' 'M' 'M' 'U' 'U' 'M' 'M' 'M' 'U' 'U' 'M' 'M' 'M' 'U' 'M' 'M']"
338701,0,163,4,159,35,0,0,"['A' 'M' 'A' 'U' 'M' 'M' 'M' 'M' 'M' 'M' 'M' 'A' 'M' 'U' 'M' 'M' 'M' 'U'
 'M' 'M' 'M' 'M' 'M' 'M' 'M' 'M' 'M' 'M' 'U' 'A' 'M' 'M' 'M' 'M' 'M' 'M'
 'M' 'M' 'M' 'M' 'U' 'U' 'M' 'M' 'U' 'M' 'M' 'U' 'M' 'M' 'M' 'M' 'M' 'M'
 'M' 'M' 'M' 'M' 'M' 'M' 'M' 'M' 'M' 'U' 'M' 'M' 'M' 'M' 'M' 'M' 'U' 'U'
 'M' 'U' 'M' 'M' 'M' 'M' 'U' 'M' 'M' 'M' 'M' 'M' 'M' 'U' 'M' 'M' 'M' 'M'
 'M' 'M' 'M' 'M' 'M' 'M' 'M' 'M' 'M' 'M' 'M' 'U' 'M' 'U' 'M' 'M' 'M' 'U'
 'M' 'M' 'U' 'M' 'M' 'M' 'M' 'M' 'M' 'M' 'M' 'U' 'M' 'M' 'M' 'M' 'M' 'M'
 'M' 'M' 'M' 'U' 'U' 'M' 'M' 'M' 'M' 'M' 'M' 'M' 'M' 'M' 'M' 'M' 'M' 'M'
 'M' 'U' 'U' 'M' 'M' 'M' 'U' 'M' 'M' 'M' 'M' 'M' 'U' 'M' 'M' 'M' 'M' 'U'
 'M' 'U' 'M' 'U' 'M' 'M' 'M' 'M' 'M' 'M' 'U' 'M' 'M' 'U' 'M' 'M' 'M' 'M'
 'M' 'M' 'M' 'M' 'M' 'U' 'U' 'M' 'M' 'M' 'U' 'U' 'M' 'M' 'M' 'U' 'M' 'M']"
338801,0,157,3,154,41,0,0,"['A' 'M' 'A' 'U' 'M' 'M' 'U' 'M' 'M' 'M' 'M' 'U' 'U' 'U' 'M' 'M' 'M' 'U'
 'M' 'M' 'M' 'M' 'M' 'U' 'M' 'M' 'M' 'M' 'M' 'A' 'M' 'M' 'M' 'M' 'M' 'M'
 'M' 'M' 'M' 'M' 'U' 'M' 'U' 'M' 'U' 'M' 'M' 'M' 'M' 'U' 'M' 'M' 'M' 'M'
 'M' 'U' 'M' 'M' 'M' 'M' 'M' 'M' 'M' 'M' 'M' 'M' 'M' 'M' 'M' 'U' 'M' 'M'
 'M' 'U' 'M' 'M' 'M' 'M' 'M' 'M' 'M' 'M' 'M' 'M' 'M' 'M' 'U' 'M' 'U' 'U'
 'M' 'M' 'M' 'M' 'M' 'M' 'M' 'M' 'M' 'M' 'M' 'U' 'M' 'U' 'M' 'M' 'M' 'U'
 'M' 'M' 'U' 'M' 'M' 'M' 'M' 'M' 'M' 'M' 'M' 'U' 'M' 'M' 'U' 'M' 'M' 'M'
 'U' 'M' 'M' 'U' 'U' 'M' 'M' 'M' 'M' 'M' 'M' 'M' 'M' 'M' 'M' 'M' 'M' 'M'
 'M' 'U' 'U' 'U' 'M' 'M' 'U' 'M' 'M' 'M' 'M' 'M' 'M' 'M' 'M' 'M' 'U' 'U'
 'M' 'M' 'M' 'M' 'M' 'M' 'M' 'M' 'M' 'M' 'U' 'M' 'M' 'U' 'M' 'U' 'M' 'M'
 'M' 'M' 'M' 'U' 'M' 'U' 'U' 'M' 'M' 'M' 'U' 'U' 'M' 'M' 'M' 'U' 'M' 'M']"
338901,0,160,2,158,38,0,0,"['A' 'M' 'A' 'M' 'M' 'M' 'M' 'M' 'M' 'U' 'M' 'M' 'U' 'U' 'M' 'M' 'M' 'U'
 'M' 'M' 'M' 'M' 'M' 'U' 'M' 'M' 'M' 'M' 'M' 'U' 'U' 'M' 'M' 'M' 'M' 'M'
 'M' 'M' 'M' 'M' 'U' 'U' 'M' 'M' 'U' 'M' 'M' 'M' 'M' 'U' 'M' 'M' 'M' 'M'
 'M' 'U' 'M' 'M' 'M' 'M' 'M' 'M' 'M' 'M' 'M' 'U' 'M' 'M' 'M' 'M' 'U' 'M'
 'M' 'M' 'M' 'M' 'M' 'M' 'M' 'M' 'M' 'M' 'M' 'M' 'M' 'U' 'M' 'M' 'M' 'M'
 'M' 'M' 'U' 'M' 'U' 'M' 'M' 'M' 'M' 'M' 'M' 'U' 'M' 'M' 'M' 'M' 'M' 'U'
 'M' 'M' 'U' 'M' 'M' 'M' 'M' 'M' 'M' 'M' 'M' 'U' 'M' 'M' 'U' 'M' 'M' 'M'
 'U' 'M' 'M' 'M' 'U' 'M' 'M' 'M' 'M' 'M' 'M' 'M' 'M' 'M' 'M' 'M' 'M' 'M'
 'M' 'U' 'U' 'U' 'U' 'M' 'U' 'M' 'M' 'M' 'M' 'M' 'M' 'M' 'M' 'M' 'U' 'M'
 'M' 'M' 'M' 'M' 'M' 'M' 'M' 'U' 'M' 'M' 'U' 'M' 'M' 'U' 'M' 'M' 'M' 'M'
 'M' 'M' 'M' 'U' 'M' 'U' 'M' 'M' 'M' 'M' 'U' 'U' 'M' 'M' 'M' 'U' 'M' 'M']"
339001,0,167,3,164,31,0,0,"['A' 'M' 'A' 'M' 'M' 'M' 'M' 'M' 'M' 'U' 'M' 'M' 'U' 'U' 'M' 'M' 'M' 'U'
 'M' 'M' 'M' 'M' 'M' 'M' 'M' 'M' 'M' 'M' 'M' 'U' 'U' 'M' 'M' 'M' 'M' 'M'
 'M' 'M' 'M' 'M' 'U' 'U' 'M' 'M' 'U' 'M' 'M' 'M' 'M' 'U' 'M' 'M' 'M' 'M'
 'M' 'M' 'M' 'M' 'M' 'M' 'M' 'M' 'M' 'U' 'M' 'M' 'M' 'M' 'M' 'U' 'U' 'M'
 'M' 'U' 'M' 'M' 'M' 'M' 'M' 'M' 'M' 'U' 'M' 'U' 'M' 'M' 'M' 'M' 'M' 'M'
 'M' 'M' 'M' 'M' 'M' 'M' 'M' 'M' 'M' 'M' 'M' 'M' 'M' 'M' 'M' 'M' 'M' 'U'
 'M' 'M' 'U' 'M' 'M' 'M' 'M' 'M' 'M' 'M' 'M' 'U' 'M' 'M' 'M' 'M' 'M' 'M'
 'M' 'M' 'M' 'M' 'U' 'M' 'M' 'M' 'M' 'M' 'M' 'M' 'M' 'M' 'M' 'M' 'M' 'M'
 'M' 'M' 'M' 'M' 'U' 'M' 'U' 'M' 'M' 'M' 'U' 'M' 'M' 'M' 'M' 'M' 'A' 'M'
 'M' 'M' 'M' 'M' 'M' 'M' 'M' 'U' 'M' 'M' 'M' 'M' 'M' 'U' 'M' 'M' 'M' 'M'
 'M' 'M' 'M' 'U' 'M' 'U' 'M' 'M' 'M' 'M' 'U' 'U' 'M' 'M' 'U' 'U' 'M' 'M']"
339101,0,168,3,165,30,0,0,"['A' 'M' 'A' 'M' 'M' 'M' 'M' 'M' 'M' 'U' 'M' 'M' 'U' 'U' 'M' 'M' 'M' 'U'
 'M' 'M' 'M' 'M' 'M' 'M' 'M' 'M' 'M' 'M' 'M' 'U' 'U' 'M' 'M' 'M' 'M' 'M'
 'M' 'M' 'M' 'M' 'U' 'U' 'M' 'M' 'M' 'M' 'M' 'M' 'M' 'U' 'M' 'M' 'M' 'M'
 'M' 'M' 'M' 'M' 'M' 'M' 'M' 'M' 'M' 'U' 'M' 'M' 'M' 'M' 'M' 'M' 'M' 'M'
 'M' 'M' 'M' 'M' 'M' 'M' 'M' 'M' 'U' 'U' 'M' 'M' 'M' 'M' 'M' 'U' 'M' 'M'
 'M' 'M' 'U' 'M' 'U' 'M' 'M' 'M' 'M' 'M' 'M' 'M' 'M' 'M' 'M' 'M' 'M' 'U'
 'M' 'M' 'U' 'M' 'M' 'M' 'M' 'M' 'M' 'M' 'M' 'U' 'M' 'M' 'M' 'M' 'M' 'M'
 'M' 'M' 'M' 'M' 'U' 'M' 'M' 'M' 'M' 'M' 'M' 'M' 'M' 'M' 'M' 'M' 'U' 'M'
 'M' 'M' 'M' 'U' 'U' 'M' 'U' 'M' 'M' 'M' 'M' 'M' 'M' 'M' 'M' 'M' 'A' 'M'
 'M' 'M' 'M' 'M' 'M' 'M' 'M' 'U' 'M' 'M' 'M' 'M' 'M' 'U' 'M' 'M' 'M' 'M'
 'M' 'M' 'M' 'U' 'M' 'U' 'M' 'M' 'U' 'M' 'U' 'M' 'M' 'M' 'U' 'M' 'M' 'M']"
339201,0,172,3,169,26,0,0,"['A' 'M' 'A' 'M' 'M' 'M' 'M' 'M' 'M' 'M' 'M' 'M' 'U' 'U' 'M' 'M' 'M' 'M'
 'M' 'M' 'M' 'M' 'M' 'M' 'M' 'M' 'M' 'M' 'M' 'U' 'M' 'M' 'M' 'M' 'M' 'M'
 'M' 'M' 'M' 'M' 'U' 'M' 'M' 'M' 'U' 'M' 'M' 'M' 'M' 'M' 'M' 'U' 'M' 'M'
 'M' 'M' 'M' 'M' 'M' 'M' 'M' 'M' 'M' 'M' 'M' 'M' 'M' 'M' 'M' 'M' 'M' 'M'
 'M' 'M' 'M' 'M' 'M' 'U' 'M' 'U' 'M' 'U' 'M' 'M' 'U' 'M' 'M' 'M' 'U' 'M'
 'M' 'M' 'M' 'M' 'M' 'M' 'M' 'M' 'M' 'M' 'M' 'M' 'M' 'M' 'M' 'M' 'M' 'M'
 'M' 'M' 'U' 'M' 'M' 'M' 'M' 'M' 'M' 'M' 'M' 'U' 'M' 'M' 'U' 'M' 'M' 'M'
 'M' 'M' 'M' 'M' 'U' 'M' 'M' 'M' 'M' 'M' 'M' 'M' 'M' 'M' 'M' 'M' 'U' 'M'
 'M' 'M' 'M' 'U' 'U' 'M' 'U' 'M' 'M' 'M' 'M' 'M' 'M' 'M' 'M' 'M' 'A' 'M'
 'M' 'M' 'M' 'M' 'U' 'M' 'M' 'M' 'M' 'M' 'M' 'M' 'M' 'U' 'M' 'M' 'M' 'M'
 'M' 'M' 'M' 'U' 'U' 'M' 'M' 'M' 'U' 'U' 'M' 'M' 'M' 'M' 'U' 'M' 'M' 'M']"
339301,0,172,5,167,26,0,1,"['A' 'M' 'A' 'U' 'M' 'M' 'M' 'M' 'M' 'M' 'M' 'M' 'M' 'U' 'U' 'M' 'M' 'M'
 'M' 'M' 'M' 'M' 'M' 'M' 'M' 'M' 'M' 'M' 'M' 'M' 'M' 'M' 'M' 'M' 'M' 'M'
 'M' 'M' 'M' 'M' 'M' 'M' 'M' 'M' 'U' 'M' 'M' 'M' 'M' 'M' 'M' 'U' 'M' 'M'
 'M' 'M' 'M' 'M' 'M' 'M' 'M' 'U' 'M' 'M' 'M' 'U' 'M' 'M' 'M' 'M' 'M' 'M'
 'M' 'U' 'M' 'M' 'M' 'M' 'M' 'U' 'M' 'M' 'M' 'M' 'M' 'M' 'M' 'U' 'M' 'M'
 'M' 'M' 'U' 'M' 'M' 'M' 'M' 'M' 'M' 'M' 'M' 'M' 'M' 'M' 'M' 'M' 'M' 'M'
 'M' 'M' 'A' 'M' 'M' 'M' 'M' 'M' 'M' 'M' 'U' 'U' 'M' 'M' 'U' 'M' 'M' 'M'
 'M' 'M' 'M' 'M' 'A' 'M' 'M' 'M' 'M' 'M' 'M' 'M' 'M' 'M' 'M' 'M' 'U' 'M'
 'M' 'U' 'M' 'U' 'U' 'M' 'M' 'M' 'M' 'M' 'M' 'M' 'M' 'M' 'M' 'M' 'A' 'M'
 'M' 'M' 'M' 'M' 'U' 'M' 'U' 'M' 'M' 'M' 'M' 'M' 'M' 'U' 'M' 'M' 'M' 'M'
 'M' 'M' 'M' 'U' 'U' 'M' 'M' 'M' 'U' 'U' 'M' 'M' 'M' 'M' 'U' 'M' 'M' 'M']"
339401,0,169,5,164,29,0,0,"['A' 'M' 'A' 'U' 'U' 'U' 'M' 'M' 'M' 'M' 'M' 'M' 'M' 'U' 'U' 'M' 'M' 'M'
 'M' 'M' 'M' 'M' 'U' 'M' 'M' 'M' 'M' 'M' 'M' 'M' 'M' 'M' 'M' 'M' 'M' 'M'
 'M' 'M' 'M' 'M' 'M' 'M' 'M' 'M' 'U' 'M' 'M' 'M' 'M' 'M' 'U' 'M' 'U' 'M'
 'M' 'M' 'M' 'M' 'M' 'M' 'M' 'A' 'M' 'M' 'M' 'M' 'M' 'M' 'M' 'M' 'M' 'M'
 'U' 'M' 'M' 'U' 'M' 'M' 'U' 'M' 'M' 'M' 'M' 'M' 'M' 'M' 'M' 'M' 'M' 'U'
 'M' 'M' 'M' 'M' 'U' 'M' 'M' 'M' 'M' 'M' 'M' 'M' 'M' 'M' 'M' 'M' 'M' 'M'
 'M' 'M' 'A' 'M' 'M' 'M' 'M' 'M' 'M' 'M' 'U' 'U' 'M' 'M' 'U' 'M' 'M' 'M'
 'M' 'M' 'M' 'M' 'U' 'M' 'M' 'M' 'M' 'M' 'M' 'M' 'M' 'M' 'M' 'M' 'U' 'M'
 'M' 'U' 'M' 'M' 'U' 'M' 'M' 'U' 'M' 'M' 'M' 'M' 'M' 'M' 'M' 'M' 'A' 'M'
 'M' 'M' 'M' 'M' 'U' 'M' 'U' 'M' 'M' 'M' 'M' 'M' 'M' 'U' 'M' 'M' 'M' 'M'
 'M' 'M' 'M' 'U' 'U' 'M' 'M' 'M' 'M' 'U' 'M' 'M' 'M' 'M' 'U' 'M' 'M' 'M']"
339501,0,167,4,163,31,0,0,"['A' 'M' 'A' 'M' 'U' 'M' 'M' 'M' 'M' 'M' 'M' 'M' 'M' 'M' 'U' 'M' 'M' 'M'
 'M' 'M' 'M' 'M' 'U' 'M' 'M' 'M' 'M' 'M' 'M' 'M' 'M' 'M' 'M' 'M' 'M' 'U'
 'M' 'M' 'M' 'M' 'M' 'M' 'M' 'M' 'U' 'M' 'M' 'M' 'M' 'M' 'U' 'M' 'M' 'M'
 'M' 'M' 'M' 'M' 'M' 'M' 'U' 'U' 'M' 'M' 'M' 'M' 'M' 'M' 'M' 'M' 'M' 'M'
 'M' 'M' 'M' 'M' 'U' 'M' 'M' 'M' 'U' 'M' 'M' 'M' 'U' 'M' 'M' 'M' 'M' 'M'
 'U' 'U' 'M' 'M' 'M' 'M' 'M' 'M' 'M' 'M' 'M' 'M' 'M' 'M' 'M' 'M' 'M' 'M'
 'M' 'U' 'A' 'M' 'M' 'M' 'M' 'M' 'M' 'M' 'M' 'U' 'M' 'M' 'U' 'M' 'U' 'M'
 'M' 'M' 'M' 'M' 'U' 'M' 'M' 'M' 'M' 'M' 'M' 'M' 'M' 'M' 'M' 'M' 'U' 'M'
 'M' 'U' 'U' 'M' 'U' 'M' 'M' 'M' 'M' 'M' 'M' 'M' 'M' 'M' 'M' 'M' 'A' 'M'
 'U' 'M' 'M' 'M' 'U' 'M' 'U' 'M' 'M' 'M' 'M' 'M' 'M' 'U' 'M' 'U' 'M' 'M'
 'M' 'M' 'M' 'U' 'U' 'M' 'M' 'M' 'M' 'U' 'M' 'M' 'M' 'M' 'U' 'M' 'M' 'M']"
339601,0,168,4,164,30,0,1,"['A' 'M' 'A' 'M' 'U' 'M' 'M' 'M' 'M' 'M' 'M' 'M' 'M' 'M' 'U' 'M' 'M' 'M'
 'M' 'M' 'M' 'M' 'U' 'M' 'M' 'M' 'M' 'M' 'M' 'M' 'M' 'M' 'M' 'M' 'U' 'M'
 'M' 'M' 'M' 'M' 'M' 'M' 'M' 'M' 'A' 'M' 'M' 'M' 'M' 'M' 'U' 'M' 'M' 'M'
 'M' 'M' 'M' 'M' 'M' 'U' 'M' 'M' 'M' 'M' 'M' 'M' 'M' 'M' 'M' 'U' 'M' 'M'
 'M' 'M' 'M' 'M' 'M' 'M' 'M' 'M' 'M' 'M' 'M' 'M' 'M' 'M' 'M' 'U' 'M' 'U'
 'U' 'M' 'M' 'M' 'U' 'M' 'M' 'M' 'M' 'M' 'M' 'M' 'M' 'M' 'M' 'M' 'M' 'M'
 'M' 'M' 'A' 'M' 'U' 'M' 'M' 'M' 'M' 'M' 'M' 'U' 'M' 'M' 'U' 'M' 'U' 'M'
 'M' 'M' 'M' 'M' 'U' 'M' 'M' 'M' 'M' 'M' 'M' 'M' 'M' 'M' 'M' 'M' 'U' 'M'
 'M' 'U' 'U' 'M' 'U' 'M' 'M' 'M' 'U' 'M' 'M' 'M' 'M' 'M' 'M' 'M' 'U' 'M'
 'M' 'U' 'M' 'M' 'M' 'M' 'U' 'M' 'M' 'M' 'M' 'M' 'M' 'U' 'M' 'U' 'M' 'M'
 'M' 'M' 'M' 'U' 'M' 'M' 'M' 'M' 'M' 'U' 'M' 'M' 'U' 'M' 'U' 'M' 'M' 'M']"
339701,0,164,6,158,34,0,0,"['A' 'M' 'A' 'M' 'U' 'M' 'M' 'M' 'M' 'M' 'M' 'M' 'M' 'M' 'A' 'U' 'U' 'M'
 'M' 'M' 'M' 'M' 'M' 'M' 'U' 'M' 'M' 'M' 'U' 'M' 'M' 'M' 'M' 'U' 'U' 'M'
 'M' 'M' 'M' 'M' 'M' 'M' 'M' 'M' 'A' 'M' 'M' 'M' 'M' 'M' 'U' 'M' 'M' 'M'
 'M' 'M' 'M' 'M' 'M' 'M' 'M' 'M' 'M' 'M' 'M' 'M' 'M' 'M' 'M' 'M' 'M' 'M'
 'M' 'M' 'U' 'M' 'M' 'M' 'U' 'U' 'M' 'M' 'M' 'M' 'M' 'U' 'M' 'M' 'M' 'M'
 'U' 'M' 'M' 'M' 'M' 'M' 'M' 'M' 'M' 'M' 'M' 'M' 'M' 'M' 'M' 'M' 'M' 'M'
 'M' 'M' 'A' 'M' 'M' 'M' 'M' 'M' 'M' 'M' 'M' 'U' 'M' 'M' 'U' 'M' 'U' 'M'
 'M' 'M' 'M' 'M' 'M' 'M' 'U' 'U' 'M' 'U' 'U' 'U' 'U' 'M' 'M' 'M' 'U' 'M'
 'M' 'U' 'U' 'M' 'U' 'M' 'M' 'M' 'U' 'M' 'M' 'M' 'M' 'M' 'M' 'M' 'U' 'M'
 'M' 'A' 'M' 'M' 'M' 'M' 'U' 'M' 'M' 'M' 'M' 'M' 'M' 'U' 'M' 'U' 'M' 'M'
 'M' 'M' 'M' 'U' 'M' 'M' 'M' 'M' 'M' 'U' 'M' 'M' 'M' 'M' 'U' 'M' 'M' 'M']"
339801,0,160,4,156,38,0,0,"['A' 'M' 'U' 'M' 'U' 'U' 'M' 'U' 'M' 'M' 'M' 'M' 'M' 'M' 'A' 'U' 'U' 'M'
 'M' 'M' 'M' 'M' 'M' 'U' 'M' 'M' 'M' 'M' 'U' 'M' 'M' 'M' 'M' 'U' 'U' 'M'
 'M' 'M' 'M' 'M' 'M' 'M' 'M' 'M' 'A' 'M' 'U' 'M' 'M' 'M' 'U' 'M' 'M' 'M'
 'M' 'M' 'M' 'M' 'M' 'U' 'M' 'M' 'U' 'M' 'M' 'M' 'M' 'M' 'M' 'M' 'U' 'M'
 'M' 'M' 'M' 'U' 'M' 'M' 'M' 'M' 'U' 'M' 'M' 'M' 'U' 'U' 'M' 'M' 'M' 'M'
 'M' 'M' 'M' 'M' 'M' 'M' 'M' 'M' 'M' 'M' 'M' 'M' 'M' 'M' 'M' 'M' 'M' 'M'
 'M' 'M' 'A' 'M' 'M' 'M' 'M' 'M' 'M' 'M' 'M' 'U' 'M' 'M' 'M' 'M' 'M' 'M'
 'M' 'M' 'M' 'M' 'M' 'U' 'M' 'U' 'M' 'M' 'U' 'M' 'U' 'M' 'M' 'M' 'U' 'U'
 'M' 'U' 'U' 'M' 'U' 'M' 'M' 'M' 'U' 'M' 'M' 'M' 'M' 'M' 'M' 'M' 'U' 'M'
 'M' 'U' 'M' 'M' 'M' 'U' 'M' 'M' 'M' 'M' 'M' 'M' 'M' 'M' 'M' 'U' 'M' 'U'
 'M' 'M' 'M' 'M' 'M' 'M' 'M' 'U' 'M' 'U' 'M' 'M' 'M' 'M' 'U' 'M' 'M' 'M']"
339901,0,161,4,157,37,0,0,"['A' 'M' 'U' 'U' 'M' 'M' 'U' 'U' 'M' 'M' 'M' 'M' 'M' 'U' 'M' 'U' 'U' 'U'
 'M' 'M' 'M' 'M' 'M' 'U' 'M' 'M' 'U' 'M' 'U' 'M' 'M' 'M' 'M' 'U' 'M' 'M'
 'M' 'M' 'M' 'M' 'M' 'M' 'M' 'M' 'A' 'M' 'M' 'M' 'M' 'M' 'U' 'M' 'M' 'M'
 'M' 'M' 'M' 'U' 'M' 'M' 'M' 'M' 'U' 'M' 'M' 'M' 'M' 'M' 'M' 'M' 'M' 'M'
 'M' 'M' 'M' 'M' 'M' 'M' 'U' 'M' 'M' 'M' 'U' 'M' 'M' 'M' 'U' 'M' 'U' 'M'
 'M' 'M' 'M' 'M' 'U' 'M' 'M' 'M' 'M' 'M' 'M' 'M' 'M' 'M' 'M' 'M' 'M' 'M'
 'M' 'M' 'A' 'M' 'M' 'M' 'M' 'M' 'M' 'M' 'M' 'U' 'M' 'M' 'M' 'U' 'M' 'M'
 'M' 'M' 'M' 'M' 'M' 'U' 'M' 'M' 'M' 'M' 'U' 'M' 'M' 'M' 'M' 'M' 'U' 'M'
 'M' 'U' 'M' 'M' 'U' 'M' 'M' 'U' 'U' 'M' 'M' 'M' 'M' 'M' 'M' 'M' 'U' 'M'
 'M' 'U' 'M' 'U' 'M' 'M' 'M' 'M' 'M' 'U' 'M' 'M' 'M' 'U' 'M' 'U' 'M' 'U'
 'M' 'M' 'M' 'M' 'M' 'M' 'M' 'U' 'M' 'A' 'M' 'M' 'M' 'M' 'M' 'M' 'M' 'M']"
340001,0,162,4,158,36,0,0,"['A' 'M' 'U' 'U' 'M' 'M' 'M' 'U' 'M' 'M' 'M' 'U' 'M' 'U' 'M' 'U' 'U' 'U'
 'M' 'M' 'M' 'M' 'M' 'U' 'U' 'M' 'U' 'M' 'U' 'M' 'M' 'M' 'M' 'U' 'M' 'M'
 'M' 'M' 'M' 'M' 'M' 'M' 'M' 'M' 'U' 'M' 'M' 'M' 'M' 'M' 'M' 'M' 'U' 'M'
 'M' 'M' 'M' 'M' 'M' 'M' 'M' 'M' 'U' 'M' 'M' 'M' 'M' 'M' 'M' 'U' 'M' 'M'
 'M' 'M' 'M' 'U' 'M' 'M' 'M' 'U' 'M' 'M' 'M' 'M' 'M' 'M' 'M' 'M' 'M' 'M'
 'M' 'M' 'U' 'M' 'U' 'M' 'M' 'U' 'M' 'M' 'M' 'M' 'M' 'M' 'M' 'M' 'M' 'M'
 'M' 'M' 'A' 'M' 'M' 'M' 'M' 'M' 'M' 'M' 'M' 'U' 'M' 'M' 'M' 'M' 'M' 'M'
 'M' 'M' 'M' 'M' 'M' 'M' 'M' 'M' 'U' 'M' 'U' 'M' 'M' 'M' 'M' 'M' 'M' 'M'
 'M' 'U' 'M' 'M' 'U' 'M' 'M' 'M' 'M' 'M' 'M' 'M' 'M' 'M' 'M' 'M' 'A' 'M'
 'M' 'U' 'M' 'M' 'U' 'M' 'M' 'M' 'M' 'U' 'M' 'M' 'U' 'U' 'M' 'U' 'M' 'U'
 'M' 'M' 'M' 'M' 'M' 'M' 'M' 'U' 'U' 'A' 'M' 'M' 'M' 'M' 'M' 'M' 'M' 'M']"
340101,0,162,5,157,36,0,0,"['A' 'M' 'U' 'U' 'M' 'M' 'M' 'U' 'M' 'M' 'M' 'M' 'U' 'U' 'M' 'U' 'U' 'M'
 'M' 'M' 'M' 'U' 'M' 'M' 'M' 'M' 'U' 'M' 'U' 'M' 'M' 'M' 'M' 'U' 'M' 'M'
 'M' 'M' 'M' 'M' 'M' 'M' 'M' 'M' 'U' 'M' 'M' 'M' 'M' 'M' 'M' 'M' 'U' 'A'
 'M' 'M' 'M' 'M' 'M' 'M' 'M' 'M' 'U' 'M' 'M' 'M' 'M' 'M' 'M' 'M' 'U' 'M'
 'M' 'U' 'M' 'M' 'M' 'M' 'M' 'M' 'M' 'M' 'M' 'M' 'U' 'M' 'M' 'M' 'M' 'M'
 'M' 'U' 'M' 'M' 'U' 'M' 'M' 'U' 'U' 'M' 'M' 'M' 'M' 'M' 'M' 'M' 'M' 'M'
 'M' 'M' 'M' 'M' 'M' 'M' 'M' 'M' 'U' 'M' 'M' 'U' 'M' 'M' 'M' 'M' 'M' 'M'
 'M' 'M' 'M' 'M' 'M' 'M' 'M' 'M' 'U' 'M' 'U' 'M' 'M' 'M' 'M' 'M' 'M' 'M'
 'M' 'M' 'M' 'M' 'U' 'M' 'M' 'M' 'M' 'M' 'M' 'M' 'M' 'M' 'M' 'M' 'A' 'M'
 'M' 'U' 'M' 'M' 'A' 'M' 'M' 'M' 'M' 'U' 'M' 'M' 'U' 'U' 'M' 'U' 'M' 'U'
 'M' 'M' 'M' 'M' 'M' 'M' 'M' 'U' 'U' 'A' 'U' 'M' 'M' 'M' 'M' 'U' 'M' 'M']"
340201,0,160,4,156,38,0,0,"['A' 'U' 'U' 'M' 'M' 'M' 'M' 'U' 'M' 'M' 'M' 'M' 'U' 'M' 'M' 'U' 'U' 'M'
 'M' 'M' 'M' 'U' 'M' 'M' 'M' 'M' 'M' 'M' 'U' 'M' 'M' 'M' 'M' 'U' 'M' 'M'
 'M' 'M' 'M' 'U' 'M' 'M' 'M' 'M' 'U' 'M' 'M' 'M' 'M' 'M' 'M' 'M' 'U' 'A'
 'M' 'M' 'M' 'M' 'M' 'M' 'M' 'M' 'M' 'M' 'M' 'M' 'M' 'M' 'M' 'U' 'U' 'M'
 'M' 'U' 'M' 'M' 'M' 'M' 'M' 'M' 'M' 'M' 'M' 'U' 'M' 'M' 'M' 'M' 'U' 'M'
 'M' 'M' 'M' 'M' 'M' 'M' 'M' 'U' 'M' 'M' 'M' 'M' 'M' 'M' 'M' 'M' 'M' 'M'
 'M' 'M' 'M' 'M' 'M' 'M' 'M' 'M' 'U' 'M' 'M' 'U' 'M' 'M' 'M' 'M' 'M' 'M'
 'M' 'M' 'M' 'M' 'M' 'U' 'U' 'U' 'U' 'U' 'M' 'U' 'U' 'M' 'M' 'M' 'M' 'M'
 'M' 'M' 'M' 'M' 'M' 'M' 'M' 'M' 'M' 'M' 'M' 'M' 'U' 'M' 'M' 'M' 'U' 'M'
 'M' 'U' 'M' 'M' 'A' 'M' 'M' 'M' 'M' 'U' 'M' 'M' 'U' 'U' 'M' 'M' 'M' 'U'
 'M' 'M' 'M' 'M' 'M' 'M' 'M' 'U' 'U' 'A' 'U' 'M' 'M' 'M' 'M' 'U' 'M' 'M']"
340301,0,159,5,154,39,0,1,"['A' 'U' 'M' 'M' 'M' 'M' 'M' 'U' 'M' 'U' 'M' 'U' 'U' 'U' 'M' 'U' 'U' 'M'
 'M' 'M' 'M' 'M' 'M' 'M' 'M' 'M' 'M' 'M' 'U' 'M' 'M' 'M' 'M' 'U' 'M' 'M'
 'M' 'M' 'M' 'U' 'M' 'M' 'M' 'M' 'U' 'M' 'M' 'M' 'M' 'M' 'M' 'M' 'U' 'A'
 'M' 'M' 'U' 'M' 'M' 'M' 'M' 'M' 'M' 'M' 'M' 'M' 'M' 'M' 'M' 'M' 'M' 'M'
 'M' 'M' 'M' 'M' 'U' 'M' 'M' 'M' 'M' 'U' 'M' 'U' 'M' 'M' 'M' 'M' 'M' 'U'
 'M' 'M' 'M' 'M' 'U' 'M' 'M' 'M' 'M' 'M' 'M' 'M' 'M' 'M' 'M' 'U' 'M' 'M'
 'M' 'M' 'M' 'M' 'M' 'M' 'M' 'M' 'M' 'M' 'M' 'U' 'M' 'M' 'U' 'M' 'M' 'M'
 'M' 'M' 'M' 'M' 'M' 'U' 'M' 'A' 'U' 'U' 'M' 'U' 'U' 'M' 'M' 'M' 'M' 'M'
 'M' 'M' 'M' 'M' 'M' 'M' 'M' 'M' 'M' 'M' 'M' 'M' 'U' 'M' 'U' 'M' 'U' 'M'
 'M' 'U' 'M' 'M' 'A' 'M' 'M' 'M' 'M' 'U' 'U' 'M' 'U' 'U' 'M' 'M' 'M' 'U'
 'M' 'M' 'M' 'M' 'M' 'M' 'M' 'U' 'U' 'A' 'U' 'M' 'M' 'M' 'M' 'M' 'M' 'M']"
340401,0,163,6,157,35,0,0,"['A' 'U' 'M' 'M' 'M' 'M' 'M' 'U' 'M' 'U' 'M' 'M' 'U' 'U' 'M' 'U' 'U' 'M'
 'M' 'M' 'U' 'M' 'M' 'M' 'M' 'M' 'M' 'M' 'M' 'M' 'M' 'M' 'M' 'U' 'M' 'M'
 'M' 'M' 'M' 'U' 'M' 'M' 'M' 'M' 'M' 'U' 'M' 'U' 'M' 'M' 'M' 'M' 'U' 'A'
 'M' 'M' 'U' 'M' 'M' 'M' 'M' 'M' 'M' 'M' 'M' 'M' 'M' 'M' 'M' 'M' 'M' 'M'
 'M' 'M' 'M' 'U' 'M' 'M' 'M' 'M' 'U' 'M' 'M' 'M' 'U' 'M' 'M' 'U' 'M' 'M'
 'M' 'M' 'M' 'M' 'U' 'M' 'M' 'M' 'M' 'M' 'M' 'M' 'M' 'M' 'M' 'U' 'M' 'M'
 'M' 'M' 'M' 'M' 'M' 'M' 'M' 'M' 'M' 'M' 'M' 'U' 'M' 'M' 'U' 'M' 'M' 'M'
 'M' 'M' 'M' 'M' 'M' 'U' 'M' 'A' 'U' 'U' 'M' 'U' 'M' 'M' 'M' 'M' 'M' 'M'
 'U' 'M' 'M' 'M' 'M' 'M' 'M' 'M' 'M' 'M' 'M' 'M' 'U' 'M' 'U' 'M' 'U' 'M'
 'M' 'U' 'M' 'M' 'U' 'M' 'M' 'M' 'M' 'U' 'A' 'M' 'U' 'M' 'M' 'M' 'M' 'U'
 'M' 'M' 'M' 'M' 'M' 'M' 'M' 'M' 'A' 'A' 'M' 'M' 'M' 'M' 'M' 'M' 'M' 'M']"
340501,0,160,5,155,38,0,0,"['A' 'M' 'M' 'M' 'M' 'M' 'M' 'U' 'M' 'U' 'M' 'M' 'U' 'U' 'M' 'U' 'U' 'M'
 'M' 'M' 'U' 'M' 'M' 'M' 'M' 'M' 'M' 'M' 'M' 'M' 'M' 'M' 'M' 'U' 'M' 'M'
 'M' 'M' 'M' 'U' 'M' 'M' 'M' 'M' 'M' 'U' 'M' 'U' 'M' 'M' 'M' 'M' 'M' 'A'
 'M' 'U' 'U' 'M' 'M' 'M' 'M' 'M' 'U' 'M' 'M' 'M' 'M' 'M' 'M' 'U' 'M' 'M'
 'U' 'M' 'M' 'U' 'U' 'M' 'M' 'M' 'M' 'M' 'M' 'M' 'U' 'M' 'M' 'M' 'M' 'M'
 'M' 'M' 'M' 'M' 'M' 'M' 'U' 'M' 'M' 'M' 'M' 'M' 'M' 'M' 'M' 'M' 'M' 'M'
 'M' 'M' 'M' 'M' 'M' 'M' 'M' 'M' 'M' 'M' 'M' 'U' 'M' 'M' 'U' 'M' 'M' 'M'
 'M' 'M' 'M' 'M' 'M' 'U' 'M' 'U' 'U' 'U' 'M' 'U' 'M' 'M' 'M' 'M' 'M' 'M'
 'U' 'M' 'M' 'M' 'U' 'M' 'M' 'M' 'M' 'M' 'M' 'M' 'U' 'M' 'U' 'M' 'U' 'M'
 'M' 'U' 'M' 'M' 'U' 'M' 'M' 'M' 'M' 'U' 'A' 'U' 'M' 'M' 'M' 'M' 'M' 'U'
 'M' 'M' 'M' 'M' 'M' 'M' 'M' 'M' 'A' 'A' 'M' 'M' 'M' 'M' 'M' 'M' 'M' 'U']"
340601,0,160,7,153,38,0,0,"['A' 'M' 'M' 'M' 'M' 'M' 'M' 'U' 'M' 'M' 'M' 'M' 'M' 'M' 'M' 'U' 'U' 'M'
 'U' 'M' 'U' 'M' 'M' 'M' 'M' 'M' 'M' 'M' 'M' 'M' 'U' 'M' 'M' 'A' 'M' 'M'
 'M' 'U' 'M' 'U' 'U' 'M' 'M' 'M' 'M' 'U' 'M' 'U' 'M' 'M' 'U' 'U' 'M' 'A'
 'M' 'M' 'U' 'M' 'M' 'M' 'M' 'M' 'U' 'M' 'U' 'M' 'M' 'M' 'M' 'M' 'M' 'M'
 'M' 'M' 'M' 'M' 'M' 'M' 'M' 'M' 'M' 'M' 'M' 'U' 'M' 'U' 'M' 'U' 'M' 'U'
 'M' 'U' 'M' 'M' 'M' 'M' 'U' 'U' 'M' 'M' 'M' 'M' 'M' 'M' 'M' 'M' 'M' 'M'
 'M' 'M' 'M' 'M' 'M' 'M' 'U' 'M' 'M' 'M' 'M' 'M' 'M' 'M' 'M' 'M' 'M' 'M'
 'M' 'M' 'M' 'M' 'M' 'U' 'U' 'U' 'A' 'U' 'U' 'M' 'U' 'M' 'M' 'M' 'M' 'M'
 'U' 'M' 'M' 'M' 'M' 'M' 'M' 'M' 'M' 'M' 'M' 'M' 'M' 'M' 'M' 'M' 'U' 'M'
 'M' 'M' 'M' 'M' 'A' 'M' 'M' 'M' 'M' 'U' 'A' 'U' 'M' 'U' 'M' 'M' 'M' 'M'
 'M' 'M' 'M' 'M' 'M' 'M' 'M' 'M' 'A' 'U' 'U' 'M' 'M' 'M' 'M' 'M' 'M' 'U']"
340701,0,159,9,150,39,0,0,"['A' 'M' 'M' 'M' 'M' 'U' 'M' 'U' 'M' 'M' 'M' 'M' 'M' 'M' 'M' 'A' 'U' 'M'
 'U' 'M' 'U' 'M' 'M' 'M' 'M' 'M' 'M' 'M' 'M' 'M' 'U' 'M' 'M' 'A' 'M' 'U'
 'M' 'U' 'M' 'U' 'M' 'M' 'M' 'M' 'M' 'A' 'M' 'U' 'M' 'M' 'M' 'U' 'M' 'A'
 'M' 'M' 'M' 'M' 'M' 'M' 'M' 'U' 'M' 'M' 'U' 'M' 'M' 'U' 'M' 'M' 'M' 'M'
 'M' 'M' 'M' 'M' 'M' 'U' 'M' 'M' 'U' 'M' 'M' 'U' 'M' 'M' 'M' 'M' 'M' 'M'
 'M' 'U' 'M' 'M' 'M' 'M' 'U' 'U' 'M' 'M' 'M' 'M' 'U' 'M' 'U' 'M' 'M' 'M'
 'M' 'M' 'M' 'M' 'M' 'M' 'U' 'M' 'M' 'M' 'M' 'M' 'M' 'M' 'M' 'M' 'M' 'M'
 'M' 'M' 'M' 'U' 'M' 'U' 'U' 'U' 'A' 'U' 'U' 'U' 'U' 'M' 'M' 'M' 'M' 'M'
 'M' 'M' 'M' 'M' 'M' 'M' 'M' 'M' 'M' 'M' 'M' 'M' 'M' 'M' 'U' 'M' 'U' 'M'
 'M' 'M' 'M' 'M' 'A' 'M' 'M' 'M' 'M' 'U' 'A' 'U' 'M' 'U' 'M' 'M' 'M' 'M'
 'M' 'M' 'M' 'M' 'M' 'M' 'M' 'M' 'A' 'M' 'U' 'M' 'M' 'U' 'M' 'M' 'M' 'U']"
340801,0,162,9,153,36,0,0,"['A' 'U' 'M' 'M' 'A' 'U' 'M' 'U' 'M' 'M' 'M' 'M' 'M' 'M' 'M' 'A' 'U' 'M'
 'U' 'M' 'U' 'M' 'M' 'M' 'M' 'M' 'M' 'M' 'U' 'M' 'U' 'M' 'M' 'A' 'M' 'U'
 'M' 'U' 'M' 'M' 'M' 'M' 'M' 'M' 'M' 'A' 'M' 'U' 'M' 'M' 'M' 'U' 'M' 'A'
 'M' 'M' 'M' 'M' 'M' 'M' 'M' 'M' 'M' 'M' 'U' 'M' 'U' 'M' 'M' 'M' 'M' 'M'
 'M' 'M' 'M' 'U' 'M' 'U' 'M' 'M' 'M' 'M' 'M' 'M' 'M' 'M' 'M' 'U' 'M' 'M'
 'M' 'M' 'M' 'U' 'M' 'M' 'U' 'U' 'M' 'M' 'M' 'M' 'M' 'M' 'M' 'M' 'M' 'M'
 'M' 'M' 'M' 'M' 'M' 'M' 'U' 'M' 'M' 'M' 'M' 'M' 'M' 'M' 'M' 'M' 'M' 'M'
 'M' 'M' 'M' 'U' 'M' 'U' 'U' 'U' 'A' 'U' 'U' 'U' 'U' 'M' 'U' 'M' 'M' 'M'
 'M' 'M' 'M' 'M' 'M' 'M' 'M' 'M' 'M' 'M' 'U' 'M' 'M' 'M' 'U' 'M' 'M' 'M'
 'M' 'M' 'M' 'M' 'A' 'M' 'M' 'M' 'M' 'M' 'M' 'U' 'M' 'M' 'M' 'M' 'M' 'M'
 'M' 'M' 'U' 'M' 'M' 'M' 'M' 'M' 'A' 'M' 'U' 'M' 'M' 'M' 'M' 'M' 'M' 'U']"
340901,0,168,8,160,30,0,0,"['A' 'M' 'M' 'M' 'A' 'U' 'M' 'M' 'M' 'M' 'M' 'M' 'M' 'M' 'M' 'A' 'M' 'M'
 'M' 'M' 'M' 'M' 'M' 'M' 'U' 'M' 'M' 'M' 'U' 'M' 'M' 'M' 'M' 'A' 'M' 'U'
 'M' 'M' 'M' 'M' 'M' 'M' 'M' 'M' 'M' 'A' 'M' 'U' 'M' 'M' 'M' 'U' 'M' 'M'
 'M' 'M' 'M' 'M' 'M' 'U' 'M' 'M' 'M' 'M' 'U' 'M' 'M' 'M' 'M' 'M' 'U' 'M'
 'U' 'M' 'M' 'M' 'U' 'M' 'M' 'M' 'M' 'M' 'M' 'M' 'M' 'U' 'M' 'M' 'M' 'M'
 'M' 'U' 'M' 'M' 'M' 'M' 'M' 'U' 'M' 'M' 'M' 'M' 'M' 'M' 'M' 'M' 'M' 'M'
 'M' 'M' 'M' 'M' 'M' 'M' 'U' 'M' 'M' 'M' 'M' 'M' 'M' 'M' 'M' 'M' 'M' 'M'
 'M' 'M' 'M' 'U' 'M' 'U' 'U' 'U' 'A' 'U' 'U' 'U' 'U' 'M' 'M' 'M' 'M' 'M'
 'M' 'M' 'M' 'M' 'M' 'M' 'M' 'M' 'M' 'M' 'U' 'M' 'M' 'M' 'U' 'M' 'M' 'M'
 'M' 'M' 'M' 'M' 'A' 'M' 'M' 'M' 'M' 'M' 'M' 'U' 'U' 'M' 'M' 'M' 'M' 'M'
 'M' 'M' 'U' 'M' 'M' 'M' 'M' 'M' 'A' 'M' 'U' 'M' 'M' 'M' 'M' 'M' 'M' 'U']"
341001,0,161,7,154,37,0,0,"['A' 'M' 'M' 'M' 'U' 'M' 'M' 'M' 'M' 'M' 'M' 'U' 'M' 'M' 'M' 'A' 'M' 'U'
 'M' 'M' 'M' 'M' 'M' 'M' 'A' 'M' 'M' 'M' 'U' 'M' 'M' 'M' 'M' 'A' 'M' 'M'
 'M' 'M' 'M' 'M' 'M' 'M' 'M' 'M' 'M' 'A' 'M' 'M' 'M' 'M' 'M' 'M' 'M' 'M'
 'M' 'M' 'M' 'M' 'M' 'U' 'M' 'M' 'M' 'M' 'U' 'M' 'M' 'M' 'M' 'U' 'M' 'M'
 'M' 'M' 'U' 'M' 'M' 'M' 'M' 'M' 'M' 'M' 'M' 'M' 'M' 'M' 'U' 'M' 'U' 'U'
 'M' 'M' 'M' 'M' 'M' 'M' 'U' 'U' 'M' 'M' 'M' 'M' 'M' 'M' 'M' 'M' 'M' 'M'
 'M' 'M' 'U' 'M' 'M' 'M' 'U' 'M' 'M' 'U' 'M' 'M' 'M' 'M' 'M' 'M' 'M' 'M'
 'U' 'M' 'M' 'U' 'M' 'U' 'U' 'U' 'U' 'U' 'U' 'U' 'U' 'M' 'M' 'U' 'M' 'M'
 'M' 'M' 'U' 'M' 'M' 'M' 'M' 'M' 'M' 'U' 'U' 'M' 'M' 'M' 'U' 'U' 'M' 'M'
 'M' 'M' 'M' 'M' 'A' 'U' 'M' 'M' 'M' 'M' 'M' 'U' 'U' 'M' 'M' 'M' 'M' 'M'
 'M' 'M' 'M' 'M' 'M' 'M' 'M' 'M' 'A' 'M' 'M' 'M' 'M' 'U' 'M' 'M' 'M' 'U']"
341101,0,154,6,148,44,0,1,"['A' 'M' 'M' 'U' 'U' 'M' 'M' 'M' 'M' 'M' 'M' 'U' 'M' 'M' 'M' 'A' 'U' 'U'
 'M' 'M' 'M' 'M' 'M' 'M' 'A' 'M' 'M' 'M' 'U' 'M' 'M' 'M' 'M' 'A' 'M' 'M'
 'M' 'M' 'M' 'M' 'M' 'M' 'M' 'M' 'M' 'A' 'M' 'M' 'M' 'M' 'M' 'M' 'U' 'U'
 'M' 'M' 'M' 'M' 'M' 'U' 'M' 'M' 'M' 'M' 'M' 'U' 'U' 'M' 'M' 'M' 'M' 'M'
 'M' 'M' 'M' 'M' 'M' 'M' 'M' 'M' 'U' 'M' 'M' 'M' 'U' 'M' 'U' 'M' 'M' 'M'
 'M' 'M' 'M' 'M' 'M' 'M' 'M' 'U' 'M' 'M' 'M' 'M' 'M' 'M' 'U' 'M' 'M' 'M'
 'M' 'M' 'U' 'U' 'M' 'M' 'U' 'U' 'M' 'U' 'M' 'U' 'M' 'M' 'M' 'M' 'M' 'M'
 'U' 'M' 'M' 'U' 'M' 'U' 'U' 'U' 'U' 'U' 'U' 'U' 'U' 'M' 'M' 'U' 'M' 'M'
 'M' 'M' 'M' 'M' 'M' 'M' 'M' 'M' 'M' 'U' 'U' 'M' 'U' 'M' 'U' 'U' 'M' 'M'
 'M' 'M' 'M' 'M' 'A' 'U' 'M' 'M' 'M' 'M' 'M' 'U' 'M' 'M' 'M' 'M' 'M' 'M'
 'M' 'M' 'M' 'M' 'M' 'M' 'U' 'M' 'U' 'M' 'M' 'M' 'M' 'U' 'M' 'M' 'M' 'U']"
341201,0,161,8,153,37,1,0,"['A' 'M' 'M' 'U' 'M' 'M' 'M' 'M' 'M' 'M' 'M' 'U' 'M' 'M' 'M' 'A' 'M' 'U'
 'M' 'M' 'M' 'M' 'M' 'M' 'A' 'U' 'M' 'M' 'U' 'M' 'M' 'U' 'M' 'A' 'M' 'M'
 'M' 'M' 'M' 'M' 'M' 'M' 'U' 'M' 'M' 'A' 'M' 'M' 'M' 'U' 'M' 'M' 'M' 'U'
 'U' 'M' 'M' 'M' 'M' 'M' 'M' 'M' 'M' 'M' 'M' 'M' 'M' 'U' 'U' 'U' 'M' 'M'
 'M' 'M' 'M' 'M' 'M' 'U' 'M' 'M' 'M' 'M' 'M' 'M' 'M' 'M' 'M' 'M' 'M' 'M'
 'M' 'M' 'M' 'U' 'M' 'M' 'M' 'U' 'M' 'M' 'M' 'M' 'A' 'M' 'M' 'M' 'M' 'U'
 'M' 'M' 'M' 'U' 'M' 'M' 'U' 'A' 'M' 'U' 'M' 'M' 'M' 'M' 'M' 'M' 'M' 'M'
 'M' 'M' 'M' 'U' 'M' 'U' 'U' 'U' 'U' 'U' 'U' 'M' 'U' 'M' 'M' 'M' 'M' 'M'
 'M' 'M' 'M' 'M' 'M' 'M' 'M' 'M' 'M' 'U' 'U' 'M' 'M' 'M' 'M' 'U' 'M' 'M'
 'M' 'M' 'M' 'M' 'A' 'U' 'M' 'M' 'U' 'M' 'M' 'U' 'M' 'M' 'M' 'M' 'M' 'M'
 'M' 'M' 'M' 'M' 'M' 'M' 'U' 'M' 'M' 'M' 'M' 'M' 'M' 'U' 'M' 'M' 'M' 'U']"
341301,0,157,5,152,41,0,0,"['A' 'M' 'M' 'U' 'U' 'M' 'M' 'M' 'M' 'M' 'M' 'M' 'M' 'M' 'M' 'A' 'M' 'U'
 'M' 'M' 'M' 'M' 'M' 'M' 'A' 'U' 'M' 'M' 'U' 'M' 'M' 'U' 'M' 'M' 'M' 'U'
 'M' 'M' 'M' 'M' 'M' 'M' 'U' 'M' 'U' 'A' 'M' 'M' 'M' 'U' 'M' 'M' 'M' 'U'
 'U' 'M' 'M' 'M' 'M' 'M' 'M' 'U' 'M' 'M' 'M' 'M' 'M' 'M' 'M' 'U' 'M' 'M'
 'M' 'M' 'M' 'M' 'U' 'M' 'M' 'M' 'M' 'M' 'M' 'M' 'M' 'U' 'M' 'U' 'M' 'M'
 'U' 'M' 'M' 'M' 'M' 'M' 'M' 'U' 'M' 'M' 'M' 'M' 'U' 'M' 'M' 'M' 'M' 'M'
 'M' 'M' 'M' 'U' 'M' 'U' 'M' 'U' 'U' 'M' 'M' 'M' 'M' 'M' 'M' 'M' 'M' 'M'
 'M' 'M' 'M' 'U' 'M' 'U' 'U' 'M' 'U' 'U' 'U' 'U' 'M' 'M' 'M' 'M' 'M' 'M'
 'M' 'M' 'M' 'M' 'M' 'M' 'M' 'M' 'M' 'M' 'U' 'M' 'M' 'M' 'M' 'U' 'M' 'M'
 'M' 'M' 'M' 'M' 'A' 'U' 'M' 'U' 'U' 'M' 'M' 'U' 'M' 'M' 'M' 'M' 'M' 'M'
 'M' 'M' 'M' 'M' 'M' 'M' 'M' 'U' 'M' 'U' 'M' 'M' 'M' 'U' 'M' 'M' 'M' 'U']"
341401,0,162,3,159,36,0,1,"['A' 'M' 'M' 'M' 'U' 'M' 'M' 'M' 'M' 'M' 'M' 'M' 'M' 'M' 'M' 'U' 'M' 'U'
 'M' 'M' 'M' 'M' 'M' 'M' 'M' 'M' 'U' 'M' 'U' 'M' 'M' 'U' 'M' 'M' 'M' 'U'
 'M' 'M' 'M' 'M' 'M' 'M' 'U' 'M' 'U' 'A' 'M' 'M' 'M' 'U' 'M' 'M' 'M' 'M'
 'U' 'M' 'M' 'M' 'M' 'M' 'M' 'M' 'M' 'M' 'M' 'M' 'M' 'M' 'M' 'U' 'M' 'M'
 'M' 'M' 'U' 'U' 'U' 'M' 'M' 'M' 'M' 'M' 'M' 'M' 'M' 'M' 'M' 'U' 'M' 'M'
 'M' 'M' 'M' 'M' 'M' 'M' 'M' 'U' 'M' 'M' 'M' 'M' 'U' 'M' 'M' 'M' 'M' 'M'
 'M' 'M' 'M' 'U' 'M' 'U' 'M' 'M' 'U' 'M' 'M' 'M' 'M' 'M' 'M' 'M' 'M' 'M'
 'U' 'M' 'M' 'M' 'M' 'U' 'M' 'M' 'U' 'M' 'U' 'U' 'M' 'M' 'M' 'M' 'M' 'M'
 'M' 'M' 'M' 'M' 'M' 'M' 'M' 'M' 'M' 'M' 'U' 'M' 'M' 'M' 'M' 'M' 'M' 'U'
 'M' 'M' 'M' 'M' 'A' 'U' 'M' 'U' 'U' 'M' 'M' 'M' 'M' 'M' 'U' 'M' 'U' 'M'
 'M' 'M' 'M' 'M' 'M' 'M' 'M' 'U' 'M' 'M' 'M' 'M' 'M' 'U' 'M' 'M' 'M' 'U']"
341501,0,158,4,154,40,0,0,"['A' 'M' 'M' 'M' 'M' 'U' 'M' 'M' 'M' 'M' 'M' 'M' 'M' 'U' 'M' 'U' 'M' 'M'
 'M' 'M' 'M' 'M' 'M' 'M' 'M' 'M' 'U' 'M' 'U' 'M' 'M' 'A' 'M' 'M' 'U' 'U'
 'M' 'M' 'M' 'M' 'M' 'M' 'U' 'M' 'U' 'A' 'M' 'M' 'M' 'U' 'M' 'U' 'M' 'M'
 'U' 'M' 'M' 'M' 'M' 'M' 'M' 'M' 'M' 'M' 'M' 'M' 'M' 'M' 'M' 'M' 'M' 'M'
 'M' 'M' 'M' 'M' 'M' 'M' 'U' 'M' 'M' 'U' 'M' 'M' 'M' 'M' 'M' 'U' 'M' 'M'
 'M' 'U' 'M' 'M' 'U' 'M' 'M' 'U' 'M' 'M' 'M' 'M' 'U' 'M' 'M' 'M' 'M' 'M'
 'M' 'M' 'M' 'U' 'M' 'U' 'U' 'M' 'U' 'M' 'M' 'M' 'M' 'M' 'M' 'M' 'M' 'M'
 'U' 'M' 'M' 'M' 'M' 'U' 'U' 'U' 'M' 'U' 'U' 'U' 'U' 'M' 'M' 'M' 'M' 'M'
 'M' 'M' 'M' 'M' 'M' 'M' 'M' 'M' 'M' 'M' 'U' 'M' 'M' 'M' 'M' 'M' 'M' 'U'
 'M' 'M' 'M' 'M' 'A' 'U' 'M' 'U' 'U' 'M' 'M' 'M' 'M' 'M' 'M' 'M' 'U' 'M'
 'M' 'M' 'M' 'U' 'M' 'M' 'M' 'U' 'M' 'M' 'M' 'M' 'M' 'M' 'M' 'M' 'M' 'U']"
341601,1,159,5,154,39,1,0,"['A' 'M' 'M' 'M' 'M' 'U' 'M' 'M' 'M' 'M' 'M' 'M' 'M' 'U' 'M' 'U' 'M' 'M'
 'M' 'M' 'M' 'M' 'M' 'M' 'M' 'M' 'U' 'M' 'U' 'M' 'M' 'U' 'M' 'M' 'U' 'A'
 'M' 'M' 'M' 'M' 'M' 'M' 'U' 'M' 'U' 'A' 'M' 'M' 'M' 'U' 'M' 'U' 'M' 'M'
 'U' 'U' 'M' 'M' 'M' 'M' 'M' 'U' 'M' 'M' 'M' 'M' 'M' 'M' 'M' 'U' 'M' 'M'
 'M' 'M' 'M' 'U' 'U' 'M' 'U' 'M' 'M' 'M' 'M' 'M' 'M' 'M' 'M' 'M' 'M' 'M'
 'M' 'U' 'M' 'M' 'M' 'M' 'M' 'M' 'M' 'M' 'M' 'M' 'U' 'U' 'M' 'M' 'M' 'M'
 'M' 'M' 'M' 'U' 'M' 'A' 'U' 'M' 'U' 'M' 'M' 'M' 'M' 'M' 'M' 'M' 'M' 'M'
 'U' 'M' 'M' 'M' 'M' 'U' 'U' 'U' 'U' 'U' 'U' 'U' 'M' 'U' 'M' 'M' 'M' 'M'
 'M' 'M' 'M' 'M' 'M' 'M' 'M' 'M' 'M' 'M' 'U' 'M' 'M' 'M' 'M' 'M' 'M' 'M'
 'M' 'M' 'M' 'M' 'A' 'M' 'M' 'U' 'M' 'M' 'M' 'M' 'M' 'U' 'M' 'M' 'U' 'M'
 'M' 'M' 'M' 'U' 'M' 'M' 'M' 'M' 'M' 'M' 'M' 'M' 'M' 'M' 'M' 'M' 'M' 'U']"
341701,0,156,6,150,42,0,1,"['A' 'M' 'M' 'M' 'U' 'U' 'U' 'M' 'M' 'M' 'M' 'M' 'M' 'U' 'M' 'U' 'M' 'M'
 'M' 'M' 'U' 'M' 'M' 'M' 'M' 'M' 'M' 'M' 'U' 'M' 'M' 'U' 'M' 'M' 'U' 'A'
 'M' 'M' 'M' 'M' 'M' 'M' 'M' 'M' 'U' 'A' 'M' 'M' 'M' 'U' 'M' 'U' 'M' 'M'
 'U' 'M' 'M' 'M' 'M' 'M' 'M' 'U' 'M' 'M' 'M' 'M' 'M' 'M' 'M' 'M' 'M' 'M'
 'M' 'M' 'U' 'M' 'M' 'M' 'U' 'M' 'U' 'M' 'M' 'M' 'M' 'M' 'M' 'M' 'M' 'M'
 'M' 'U' 'M' 'M' 'U' 'M' 'M' 'M' 'U' 'M' 'M' 'M' 'U' 'U' 'M' 'M' 'M' 'M'
 'M' 'M' 'U' 'M' 'M' 'A' 'U' 'M' 'U' 'M' 'M' 'M' 'M' 'M' 'M' 'M' 'U' 'M'
 'M' 'M' 'M' 'M' 'M' 'U' 'U' 'U' 'U' 'U' 'U' 'U' 'U' 'A' 'M' 'M' 'M' 'M'
 'M' 'M' 'M' 'M' 'M' 'M' 'M' 'M' 'M' 'M' 'M' 'M' 'M' 'M' 'U' 'M' 'M' 'M'
 'M' 'U' 'M' 'M' 'A' 'M' 'M' 'U' 'U' 'M' 'M' 'M' 'U' 'M' 'M' 'M' 'U' 'M'
 'M' 'M' 'M' 'U' 'M' 'M' 'M' 'M' 'M' 'M' 'M' 'M' 'M' 'M' 'M' 'M' 'M' 'U']"
341801,0,166,7,159,32,0,0,"['A' 'M' 'M' 'M' 'M' 'U' 'U' 'M' 'M' 'M' 'M' 'M' 'M' 'U' 'M' 'U' 'M' 'M'
 'M' 'M' 'U' 'M' 'M' 'M' 'M' 'M' 'M' 'M' 'U' 'M' 'M' 'M' 'M' 'M' 'A' 'U'
 'M' 'M' 'M' 'M' 'M' 'M' 'M' 'M' 'U' 'A' 'M' 'M' 'M' 'U' 'M' 'U' 'M' 'M'
 'U' 'M' 'M' 'M' 'M' 'M' 'M' 'U' 'M' 'M' 'M' 'M' 'M' 'M' 'M' 'U' 'U' 'M'
 'M' 'M' 'M' 'M' 'U' 'U' 'M' 'M' 'M' 'M' 'M' 'M' 'M' 'M' 'M' 'M' 'M' 'M'
 'U' 'M' 'M' 'M' 'M' 'M' 'M' 'M' 'U' 'M' 'M' 'U' 'U' 'U' 'M' 'M' 'M' 'M'
 'M' 'M' 'M' 'M' 'M' 'A' 'U' 'M' 'M' 'M' 'M' 'U' 'M' 'M' 'M' 'M' 'U' 'M'
 'M' 'M' 'M' 'M' 'M' 'U' 'U' 'U' 'U' 'M' 'M' 'M' 'U' 'A' 'M' 'M' 'M' 'M'
 'M' 'M' 'M' 'M' 'M' 'M' 'M' 'M' 'M' 'M' 'M' 'M' 'M' 'M' 'A' 'M' 'M' 'M'
 'M' 'M' 'M' 'M' 'A' 'M' 'M' 'M' 'U' 'M' 'M' 'M' 'M' 'M' 'M' 'M' 'U' 'M'
 'M' 'M' 'M' 'M' 'M' 'M' 'M' 'U' 'M' 'M' 'M' 'M' 'M' 'M' 'M' 'M' 'M' 'M']"
341901,0,163,5,158,35,0,0,"['A' 'M' 'M' 'M' 'M' 'U' 'M' 'M' 'M' 'M' 'M' 'M' 'M' 'U' 'M' 'U' 'M' 'M'
 'M' 'M' 'U' 'M' 'M' 'M' 'M' 'M' 'M' 'M' 'U' 'M' 'M' 'M' 'M' 'M' 'A' 'U'
 'M' 'M' 'M' 'M' 'M' 'M' 'M' 'M' 'U' 'A' 'M' 'M' 'M' 'U' 'M' 'U' 'M' 'M'
 'U' 'M' 'M' 'M' 'M' 'U' 'M' 'U' 'M' 'M' 'M' 'M' 'U' 'M' 'M' 'U' 'U' 'M'
 'M' 'M' 'M' 'M' 'M' 'M' 'M' 'U' 'M' 'M' 'M' 'M' 'M' 'M' 'M' 'M' 'U' 'M'
 'M' 'M' 'M' 'M' 'M' 'M' 'M' 'M' 'U' 'M' 'M' 'U' 'U' 'U' 'M' 'M' 'M' 'M'
 'M' 'M' 'M' 'M' 'M' 'A' 'U' 'M' 'M' 'M' 'M' 'U' 'M' 'M' 'M' 'M' 'U' 'M'
 'M' 'M' 'U' 'M' 'M' 'U' 'M' 'U' 'M' 'M' 'M' 'M' 'M' 'A' 'M' 'M' 'M' 'M'
 'U' 'M' 'M' 'M' 'M' 'M' 'M' 'M' 'M' 'M' 'M' 'M' 'M' 'M' 'U' 'M' 'M' 'M'
 'M' 'M' 'M' 'M' 'U' 'M' 'M' 'M' 'U' 'M' 'M' 'M' 'M' 'M' 'M' 'M' 'U' 'M'
 'M' 'M' 'M' 'M' 'M' 'M' 'M' 'U' 'M' 'M' 'U' 'M' 'M' 'M' 'M' 'M' 'U' 'M']"
342001,0,159,3,156,39,0,1,"['A' 'M' 'M' 'M' 'M' 'U' 'M' 'M' 'M' 'M' 'M' 'M' 'M' 'M' 'M' 'U' 'M' 'M'
 'M' 'M' 'U' 'M' 'M' 'M' 'M' 'M' 'M' 'M' 'M' 'M' 'M' 'M' 'M' 'M' 'A' 'U'
 'M' 'M' 'M' 'M' 'M' 'M' 'M' 'M' 'U' 'M' 'M' 'M' 'M' 'U' 'M' 'A' 'M' 'M'
 'U' 'M' 'M' 'M' 'M' 'U' 'M' 'U' 'M' 'M' 'M' 'M' 'M' 'M' 'M' 'M' 'M' 'U'
 'M' 'M' 'M' 'U' 'M' 'M' 'U' 'M' 'U' 'M' 'M' 'M' 'M' 'M' 'M' 'M' 'U' 'M'
 'M' 'M' 'M' 'M' 'M' 'M' 'M' 'M' 'U' 'M' 'M' 'U' 'M' 'U' 'M' 'M' 'M' 'M'
 'M' 'M' 'M' 'M' 'M' 'U' 'U' 'M' 'M' 'M' 'M' 'U' 'M' 'M' 'M' 'M' 'U' 'M'
 'M' 'M' 'U' 'M' 'M' 'U' 'U' 'U' 'U' 'M' 'U' 'U' 'U' 'M' 'M' 'M' 'M' 'M'
 'U' 'M' 'M' 'M' 'M' 'M' 'M' 'M' 'M' 'M' 'M' 'M' 'U' 'M' 'U' 'M' 'M' 'U'
 'M' 'M' 'M' 'M' 'U' 'M' 'M' 'M' 'U' 'M' 'M' 'M' 'M' 'M' 'M' 'M' 'U' 'M'
 'M' 'M' 'M' 'M' 'M' 'M' 'M' 'U' 'M' 'M' 'U' 'M' 'M' 'M' 'U' 'M' 'M' 'M']"
342101,0,161,4,157,37,0,0,"['A' 'U' 'M' 'M' 'M' 'U' 'M' 'M' 'M' 'M' 'M' 'M' 'M' 'M' 'M' 'U' 'M' 'M'
 'M' 'M' 'U' 'M' 'M' 'M' 'M' 'M' 'M' 'M' 'M' 'M' 'M' 'M' 'U' 'M' 'A' 'U'
 'M' 'M' 'M' 'M' 'M' 'M' 'M' 'M' 'M' 'M' 'U' 'M' 'M' 'M' 'M' 'A' 'M' 'M'
 'M' 'M' 'M' 'M' 'M' 'M' 'M' 'U' 'M' 'M' 'M' 'M' 'M' 'M' 'U' 'M' 'M' 'M'
 'M' 'U' 'M' 'U' 'M' 'M' 'M' 'M' 'U' 'M' 'M' 'M' 'M' 'M' 'M' 'M' 'M' 'M'
 'M' 'U' 'M' 'M' 'M' 'M' 'M' 'M' 'U' 'M' 'M' 'U' 'M' 'U' 'M' 'A' 'M' 'M'
 'U' 'M' 'M' 'M' 'M' 'U' 'U' 'M' 'M' 'M' 'M' 'U' 'M' 'M' 'M' 'M' 'U' 'M'
 'M' 'M' 'U' 'M' 'M' 'U' 'M' 'U' 'U' 'M' 'U' 'M' 'U' 'M' 'U' 'M' 'M' 'M'
 'U' 'M' 'M' 'M' 'M' 'U' 'M' 'M' 'M' 'M' 'M' 'M' 'U' 'M' 'U' 'M' 'M' 'M'
 'M' 'M' 'M' 'M' 'U' 'M' 'M' 'M' 'U' 'M' 'M' 'M' 'M' 'M' 'M' 'M' 'U' 'M'
 'M' 'M' 'M' 'M' 'M' 'M' 'M' 'U' 'M' 'M' 'U' 'M' 'M' 'M' 'M' 'M' 'M' 'M']"
342201,0,162,4,158,36,0,0,"['A' 'M' 'M' 'M' 'M' 'U' 'M' 'M' 'M' 'M' 'M' 'M' 'M' 'M' 'M' 'U' 'M' 'M'
 'M' 'M' 'U' 'M' 'M' 'M' 'M' 'M' 'M' 'U' 'M' 'M' 'M' 'M' 'U' 'M' 'A' 'U'
 'M' 'M' 'M' 'M' 'M' 'M' 'M' 'M' 'M' 'M' 'U' 'M' 'M' 'M' 'M' 'A' 'M' 'M'
 'M' 'M' 'M' 'M' 'M' 'M' 'M' 'M' 'M' 'M' 'M' 'M' 'M' 'M' 'M' 'M' 'M' 'U'
 'M' 'U' 'M' 'M' 'M' 'M' 'M' 'M' 'M' 'U' 'M' 'M' 'M' 'M' 'M' 'M' 'M' 'M'
 'U' 'M' 'M' 'U' 'M' 'M' 'M' 'M' 'U' 'M' 'M' 'U' 'M' 'U' 'M' 'A' 'M' 'M'
 'U' 'M' 'M' 'M' 'M' 'U' 'U' 'M' 'M' 'M' 'M' 'M' 'M' 'M' 'M' 'M' 'U' 'U'
 'M' 'M' 'U' 'M' 'M' 'M' 'M' 'U' 'M' 'M' 'U' 'U' 'U' 'M' 'U' 'M' 'M' 'M'
 'U' 'U' 'M' 'M' 'M' 'U' 'M' 'M' 'M' 'M' 'M' 'M' 'M' 'M' 'U' 'M' 'M' 'M'
 'M' 'M' 'M' 'M' 'U' 'M' 'M' 'M' 'U' 'M' 'M' 'M' 'M' 'U' 'M' 'M' 'U' 'M'
 'M' 'M' 'M' 'M' 'M' 'M' 'M' 'M' 'M' 'M' 'U' 'U' 'M' 'M' 'M' 'M' 'M' 'M']"
342301,0,160,4,156,38,0,0,"['A' 'M' 'M' 'M' 'M' 'U' 'M' 'M' 'U' 'M' 'M' 'U' 'M' 'M' 'M' 'U' 'M' 'M'
 'U' 'U' 'U' 'U' 'M' 'M' 'M' 'M' 'M' 'U' 'M' 'M' 'M' 'M' 'U' 'M' 'A' 'M'
 'M' 'M' 'M' 'M' 'M' 'M' 'M' 'M' 'M' 'M' 'M' 'M' 'M' 'M' 'M' 'A' 'M' 'M'
 'M' 'M' 'M' 'M' 'M' 'M' 'M' 'M' 'M' 'M' 'M' 'M' 'M' 'M' 'M' 'M' 'U' 'M'
 'M' 'M' 'U' 'M' 'U' 'M' 'M' 'M' 'U' 'M' 'M' 'M' 'M' 'M' 'M' 'M' 'M' 'M'
 'M' 'M' 'M' 'M' 'U' 'U' 'M' 'M' 'U' 'M' 'M' 'U' 'M' 'U' 'M' 'A' 'M' 'M'
 'U' 'M' 'M' 'M' 'M' 'M' 'U' 'M' 'M' 'M' 'M' 'M' 'M' 'M' 'M' 'M' 'U' 'U'
 'M' 'M' 'M' 'M' 'M' 'M' 'M' 'U' 'M' 'M' 'U' 'M' 'U' 'M' 'U' 'M' 'M' 'M'
 'U' 'U' 'M' 'M' 'M' 'U' 'M' 'M' 'M' 'M' 'M' 'M' 'M' 'M' 'U' 'M' 'M' 'M'
 'M' 'U' 'M' 'U' 'M' 'M' 'M' 'M' 'U' 'M' 'M' 'M' 'M' 'U' 'M' 'M' 'U' 'M'
 'M' 'M' 'M' 'M' 'M' 'M' 'M' 'M' 'M' 'M' 'U' 'U' 'M' 'M' 'M' 'M' 'M' 'M']"
342401,0,163,6,157,35,0,0,"['A' 'M' 'M' 'M' 'M' 'A' 'M' 'M' 'M' 'M' 'M' 'U' 'M' 'M' 'M' 'U' 'M' 'M'
 'M' 'U' 'U' 'U' 'U' 'M' 'M' 'M' 'M' 'U' 'M' 'M' 'M' 'M' 'U' 'M' 'A' 'M'
 'M' 'M' 'M' 'M' 'M' 'M' 'M' 'M' 'M' 'M' 'M' 'U' 'M' 'M' 'M' 'A' 'M' 'M'
 'M' 'M' 'M' 'M' 'M' 'M' 'M' 'M' 'M' 'M' 'M' 'M' 'M' 'M' 'M' 'M' 'M' 'U'
 'M' 'M' 'M' 'M' 'M' 'U' 'U' 'M' 'M' 'M' 'M' 'M' 'M' 'M' 'M' 'M' 'M' 'U'
 'M' 'U' 'M' 'M' 'M' 'U' 'M' 'M' 'U' 'M' 'M' 'M' 'M' 'U' 'M' 'A' 'M' 'M'
 'U' 'M' 'M' 'M' 'M' 'M' 'M' 'M' 'M' 'M' 'M' 'M' 'M' 'M' 'M' 'M' 'U' 'U'
 'M' 'M' 'M' 'M' 'M' 'M' 'M' 'U' 'M' 'M' 'U' 'M' 'M' 'M' 'M' 'U' 'M' 'M'
 'U' 'M' 'M' 'M' 'M' 'U' 'M' 'M' 'M' 'M' 'M' 'M' 'M' 'M' 'U' 'M' 'U' 'M'
 'M' 'U' 'M' 'U' 'M' 'M' 'U' 'M' 'U' 'M' 'M' 'M' 'M' 'U' 'M' 'M' 'U' 'U'
 'M' 'M' 'M' 'M' 'M' 'M' 'M' 'M' 'M' 'M' 'U' 'A' 'M' 'M' 'M' 'M' 'M' 'M']"
342501,0,154,6,148,44,0,0,"['A' 'M' 'M' 'M' 'M' 'A' 'M' 'M' 'M' 'M' 'M' 'M' 'U' 'M' 'M' 'U' 'M' 'M'
 'M' 'U' 'U' 'U' 'M' 'M' 'U' 'M' 'M' 'U' 'M' 'M' 'M' 'M' 'U' 'M' 'U' 'M'
 'M' 'M' 'M' 'M' 'M' 'M' 'M' 'M' 'M' 'M' 'M' 'U' 'M' 'M' 'M' 'A' 'M' 'M'
 'U' 'M' 'M' 'M' 'M' 'M' 'M' 'M' 'M' 'M' 'M' 'U' 'M' 'M' 'M' 'U' 'M' 'M'
 'M' 'U' 'M' 'M' 'M' 'M' 'M' 'M' 'M' 'M' 'M' 'M' 'M' 'M' 'U' 'M' 'M' 'M'
 'U' 'M' 'M' 'M' 'M' 'U' 'M' 'M' 'U' 'M' 'U' 'M' 'M' 'U' 'M' 'A' 'M' 'M'
 'A' 'M' 'M' 'U' 'M' 'M' 'M' 'M' 'M' 'M' 'M' 'M' 'M' 'M' 'M' 'M' 'U' 'M'
 'M' 'M' 'M' 'M' 'M' 'M' 'U' 'U' 'U' 'M' 'U' 'U' 'M' 'M' 'M' 'U' 'M' 'M'
 'U' 'U' 'U' 'M' 'M' 'U' 'M' 'M' 'U' 'M' 'M' 'M' 'M' 'M' 'U' 'M' 'U' 'M'
 'M' 'M' 'M' 'U' 'U' 'M' 'U' 'M' 'U' 'M' 'M' 'M' 'M' 'U' 'M' 'M' 'U' 'U'
 'M' 'M' 'M' 'M' 'M' 'M' 'M' 'U' 'M' 'M' 'U' 'A' 'M' 'M' 'M' 'M' 'M' 'M']"
342601,0,150,6,144,48,0,0,"['A' 'M' 'M' 'M' 'M' 'A' 'M' 'M' 'M' 'M' 'M' 'U' 'U' 'M' 'M' 'U' 'M' 'U'
 'M' 'A' 'U' 'U' 'M' 'M' 'U' 'M' 'M' 'U' 'M' 'M' 'M' 'M' 'U' 'M' 'U' 'M'
 'M' 'M' 'M' 'M' 'M' 'M' 'M' 'M' 'M' 'M' 'M' 'U' 'M' 'M' 'M' 'A' 'M' 'M'
 'M' 'M' 'M' 'M' 'M' 'M' 'M' 'M' 'M' 'M' 'M' 'M' 'M' 'M' 'U' 'M' 'M' 'M'
 'M' 'M' 'M' 'M' 'M' 'M' 'M' 'U' 'M' 'M' 'M' 'M' 'U' 'U' 'U' 'M' 'M' 'M'
 'M' 'M' 'M' 'M' 'M' 'M' 'M' 'M' 'U' 'M' 'U' 'U' 'M' 'M' 'M' 'U' 'M' 'M'
 'U' 'M' 'M' 'U' 'M' 'M' 'M' 'M' 'M' 'M' 'M' 'M' 'M' 'M' 'M' 'U' 'U' 'M'
 'U' 'M' 'M' 'M' 'M' 'U' 'U' 'U' 'U' 'U' 'U' 'U' 'U' 'M' 'M' 'U' 'M' 'M'
 'U' 'U' 'M' 'M' 'M' 'U' 'M' 'U' 'U' 'M' 'M' 'M' 'M' 'M' 'U' 'M' 'U' 'M'
 'M' 'M' 'M' 'U' 'U' 'M' 'U' 'M' 'M' 'M' 'M' 'M' 'M' 'U' 'M' 'M' 'A' 'M'
 'M' 'M' 'M' 'M' 'M' 'M' 'M' 'U' 'M' 'M' 'U' 'A' 'M' 'M' 'U' 'M' 'M' 'M']"
342701,0,151,6,145,47,0,0,"['A' 'M' 'M' 'M' 'M' 'U' 'M' 'M' 'M' 'M' 'M' 'M' 'U' 'M' 'M' 'U' 'M' 'U'
 'M' 'A' 'M' 'U' 'M' 'M' 'U' 'U' 'M' 'U' 'M' 'M' 'M' 'M' 'U' 'M' 'U' 'M'
 'M' 'M' 'M' 'M' 'M' 'M' 'M' 'M' 'M' 'M' 'M' 'U' 'M' 'M' 'M' 'A' 'M' 'M'
 'M' 'M' 'M' 'M' 'M' 'M' 'M' 'M' 'M' 'M' 'M' 'M' 'M' 'U' 'M' 'M' 'M' 'M'
 'U' 'M' 'M' 'U' 'M' 'M' 'M' 'M' 'U' 'M' 'M' 'M' 'M' 'U' 'M' 'M' 'M' 'M'
 'M' 'M' 'M' 'M' 'M' 'U' 'M' 'U' 'U' 'M' 'U' 'U' 'M' 'M' 'M' 'U' 'M' 'M'
 'U' 'M' 'M' 'U' 'M' 'M' 'M' 'M' 'M' 'M' 'M' 'M' 'M' 'M' 'M' 'U' 'U' 'M'
 'M' 'M' 'M' 'M' 'M' 'U' 'U' 'U' 'U' 'U' 'U' 'U' 'U' 'M' 'M' 'M' 'M' 'M'
 'U' 'A' 'M' 'M' 'M' 'U' 'M' 'U' 'U' 'M' 'M' 'M' 'M' 'M' 'U' 'M' 'U' 'M'
 'M' 'M' 'M' 'M' 'U' 'M' 'U' 'M' 'M' 'M' 'M' 'U' 'M' 'U' 'M' 'M' 'A' 'M'
 'M' 'M' 'M' 'M' 'M' 'M' 'M' 'U' 'M' 'M' 'U' 'A' 'M' 'M' 'U' 'M' 'M' 'M']"
342801,0,156,7,149,42,0,0,"['A' 'M' 'M' 'M' 'M' 'U' 'M' 'M' 'M' 'M' 'M' 'M' 'M' 'M' 'M' 'U' 'M' 'U'
 'M' 'U' 'M' 'U' 'M' 'M' 'U' 'U' 'M' 'U' 'M' 'M' 'M' 'M' 'U' 'M' 'U' 'M'
 'U' 'M' 'M' 'M' 'M' 'M' 'M' 'M' 'M' 'M' 'M' 'U' 'M' 'M' 'M' 'A' 'M' 'M'
 'M' 'M' 'M' 'U' 'M' 'U' 'M' 'M' 'U' 'M' 'M' 'M' 'M' 'M' 'M' 'M' 'M' 'M'
 'M' 'M' 'M' 'M' 'M' 'M' 'M' 'U' 'M' 'M' 'M' 'M' 'M' 'M' 'U' 'U' 'M' 'M'
 'M' 'U' 'M' 'U' 'M' 'U' 'M' 'M' 'U' 'M' 'M' 'A' 'M' 'M' 'M' 'M' 'M' 'M'
 'U' 'M' 'M' 'U' 'M' 'M' 'M' 'M' 'M' 'U' 'M' 'M' 'M' 'M' 'M' 'M' 'M' 'M'
 'M' 'M' 'M' 'M' 'M' 'U' 'M' 'U' 'M' 'U' 'A' 'U' 'M' 'M' 'M' 'M' 'M' 'M'
 'M' 'U' 'M' 'M' 'M' 'U' 'M' 'U' 'U' 'M' 'M' 'U' 'M' 'M' 'U' 'M' 'U' 'M'
 'M' 'M' 'M' 'M' 'A' 'M' 'U' 'M' 'U' 'M' 'M' 'M' 'M' 'U' 'M' 'M' 'A' 'M'
 'M' 'M' 'M' 'M' 'M' 'M' 'M' 'U' 'M' 'M' 'U' 'A' 'M' 'M' 'U' 'M' 'M' 'M']"
342901,0,151,6,145,47,0,0,"['A' 'M' 'M' 'M' 'M' 'U' 'M' 'M' 'M' 'M' 'M' 'U' 'M' 'M' 'M' 'U' 'M' 'U'
 'M' 'U' 'M' 'U' 'M' 'M' 'M' 'U' 'M' 'U' 'U' 'M' 'M' 'M' 'U' 'M' 'M' 'M'
 'U' 'U' 'M' 'M' 'M' 'M' 'M' 'M' 'M' 'U' 'M' 'U' 'M' 'M' 'M' 'A' 'M' 'M'
 'U' 'M' 'M' 'U' 'M' 'U' 'M' 'M' 'U' 'M' 'M' 'M' 'M' 'M' 'U' 'M' 'M' 'M'
 'M' 'M' 'U' 'M' 'M' 'M' 'M' 'U' 'M' 'M' 'M' 'M' 'M' 'M' 'M' 'M' 'M' 'U'
 'M' 'M' 'M' 'U' 'M' 'U' 'M' 'M' 'U' 'M' 'M' 'A' 'M' 'M' 'M' 'M' 'M' 'M'
 'U' 'M' 'M' 'U' 'M' 'M' 'M' 'M' 'M' 'M' 'M' 'M' 'A' 'M' 'M' 'M' 'M' 'M'
 'M' 'M' 'M' 'M' 'M' 'U' 'M' 'U' 'M' 'U' 'A' 'U' 'M' 'M' 'M' 'M' 'M' 'M'
 'M' 'U' 'M' 'M' 'U' 'U' 'M' 'U' 'M' 'M' 'M' 'U' 'M' 'M' 'U' 'M' 'M' 'U'
 'M' 'M' 'M' 'M' 'U' 'M' 'U' 'M' 'U' 'M' 'M' 'M' 'M' 'U' 'M' 'M' 'U' 'M'
 'M' 'M' 'M' 'M' 'M' 'M' 'M' 'U' 'M' 'M' 'U' 'A' 'M' 'M' 'U' 'U' 'M' 'M']"
343001,0,152,8,144,46,0,0,"['A' 'M' 'M' 'M' 'M' 'A' 'U' 'M' 'M' 'M' 'M' 'M' 'M' 'M' 'M' 'M' 'M' 'U'
 'M' 'U' 'U' 'U' 'M' 'M' 'M' 'U' 'M' 'M' 'U' 'M' 'M' 'M' 'U' 'M' 'M' 'M'
 'U' 'U' 'M' 'M' 'M' 'M' 'U' 'M' 'M' 'M' 'M' 'U' 'M' 'M' 'M' 'A' 'M' 'M'
 'U' 'M' 'M' 'U' 'M' 'U' 'M' 'M' 'U' 'M' 'M' 'M' 'U' 'M' 'M' 'M' 'M' 'M'
 'M' 'M' 'M' 'M' 'U' 'M' 'M' 'U' 'M' 'M' 'M' 'M' 'M' 'M' 'M' 'U' 'M' 'M'
 'M' 'U' 'M' 'M' 'M' 'U' 'U' 'M' 'U' 'M' 'M' 'U' 'M' 'M' 'M' 'M' 'M' 'M'
 'U' 'M' 'M' 'U' 'M' 'M' 'M' 'M' 'M' 'M' 'M' 'M' 'A' 'M' 'M' 'M' 'M' 'A'
 'M' 'M' 'M' 'M' 'M' 'U' 'M' 'U' 'U' 'A' 'A' 'U' 'M' 'M' 'M' 'M' 'M' 'M'
 'M' 'U' 'M' 'M' 'U' 'U' 'M' 'M' 'M' 'M' 'M' 'M' 'M' 'M' 'U' 'U' 'M' 'U'
 'M' 'M' 'M' 'M' 'U' 'M' 'M' 'U' 'U' 'M' 'M' 'M' 'M' 'U' 'M' 'M' 'U' 'M'
 'M' 'M' 'M' 'M' 'M' 'M' 'M' 'U' 'M' 'M' 'U' 'A' 'M' 'M' 'U' 'U' 'M' 'M']"
343101,0,148,8,140,50,1,0,"['A' 'M' 'M' 'M' 'M' 'A' 'U' 'M' 'M' 'M' 'M' 'M' 'M' 'M' 'U' 'M' 'M' 'U'
 'M' 'U' 'U' 'U' 'U' 'M' 'M' 'U' 'M' 'M' 'M' 'M' 'M' 'M' 'U' 'M' 'M' 'M'
 'U' 'U' 'M' 'M' 'M' 'M' 'U' 'M' 'M' 'M' 'M' 'U' 'M' 'M' 'M' 'M' 'M' 'M'
 'U' 'M' 'M' 'A' 'M' 'U' 'M' 'M' 'U' 'M' 'M' 'M' 'M' 'M' 'U' 'M' 'U' 'M'
 'U' 'M' 'M' 'M' 'M' 'M' 'M' 'M' 'M' 'U' 'M' 'M' 'M' 'M' 'U' 'M' 'M' 'M'
 'M' 'M' 'M' 'M' 'M' 'U' 'U' 'M' 'U' 'M' 'M' 'U' 'M' 'M' 'M' 'U' 'M' 'M'
 'U' 'M' 'M' 'U' 'M' 'M' 'M' 'M' 'M' 'M' 'M' 'M' 'A' 'M' 'M' 'M' 'M' 'A'
 'M' 'M' 'M' 'M' 'M' 'M' 'U' 'U' 'U' 'A' 'U' 'U' 'U' 'U' 'M' 'M' 'M' 'M'
 'M' 'U' 'M' 'M' 'U' 'U' 'M' 'M' 'M' 'U' 'M' 'M' 'M' 'M' 'U' 'M' 'M' 'U'
 'M' 'M' 'M' 'M' 'U' 'M' 'U' 'M' 'A' 'M' 'M' 'M' 'M' 'U' 'M' 'M' 'U' 'M'
 'M' 'M' 'M' 'M' 'U' 'M' 'M' 'U' 'M' 'M' 'U' 'A' 'M' 'M' 'U' 'U' 'M' 'M']"
343201,0,149,8,141,49,0,0,"['A' 'M' 'M' 'U' 'M' 'A' 'U' 'M' 'M' 'M' 'A' 'M' 'M' 'M' 'U' 'M' 'M' 'U'
 'M' 'U' 'U' 'U' 'U' 'M' 'U' 'M' 'M' 'M' 'M' 'U' 'M' 'M' 'U' 'M' 'M' 'M'
 'M' 'U' 'M' 'M' 'M' 'M' 'U' 'M' 'M' 'M' 'M' 'M' 'M' 'M' 'M' 'M' 'M' 'M'
 'U' 'M' 'M' 'A' 'M' 'M' 'M' 'M' 'U' 'M' 'U' 'M' 'M' 'M' 'M' 'U' 'M' 'M'
 'U' 'M' 'M' 'M' 'M' 'M' 'M' 'M' 'M' 'M' 'U' 'M' 'M' 'U' 'M' 'M' 'U' 'M'
 'M' 'M' 'M' 'M' 'M' 'U' 'U' 'U' 'U' 'M' 'M' 'U' 'M' 'M' 'M' 'U' 'M' 'M'
 'M' 'M' 'M' 'U' 'M' 'M' 'M' 'M' 'M' 'M' 'M' 'U' 'A' 'M' 'M' 'M' 'M' 'M'
 'M' 'M' 'M' 'M' 'M' 'M' 'U' 'M' 'U' 'A' 'U' 'U' 'U' 'U' 'U' 'M' 'M' 'U'
 'M' 'U' 'M' 'M' 'U' 'M' 'M' 'M' 'M' 'U' 'M' 'M' 'M' 'M' 'M' 'M' 'M' 'U'
 'M' 'M' 'M' 'M' 'U' 'M' 'M' 'M' 'A' 'M' 'M' 'M' 'M' 'U' 'M' 'M' 'U' 'M'
 'M' 'M' 'M' 'M' 'M' 'M' 'M' 'U' 'M' 'U' 'U' 'A' 'M' 'M' 'U' 'U' 'M' 'M']"
343301,0,147,9,138,51,0,0,"['A' 'M' 'M' 'U' 'M' 'A' 'A' 'M' 'M' 'M' 'A' 'M' 'U' 'M' 'U' 'M' 'M' 'U'
 'M' 'U' 'U' 'U' 'U' 'M' 'M' 'M' 'M' 'M' 'M' 'U' 'M' 'M' 'U' 'M' 'M' 'M'
 'U' 'U' 'M' 'M' 'M' 'M' 'A' 'M' 'M' 'U' 'M' 'M' 'M' 'M' 'U' 'M' 'M' 'M'
 'U' 'M' 'M' 'A' 'M' 'M' 'M' 'M' 'M' 'M' 'U' 'M' 'M' 'M' 'U' 'M' 'U' 'M'
 'M' 'M' 'M' 'M' 'M' 'M' 'M' 'M' 'U' 'M' 'M' 'M' 'M' 'M' 'U' 'U' 'M' 'M'
 'M' 'M' 'M' 'M' 'M' 'U' 'U' 'U' 'U' 'M' 'M' 'M' 'U' 'M' 'M' 'M' 'M' 'M'
 'M' 'M' 'M' 'A' 'M' 'M' 'M' 'M' 'M' 'M' 'M' 'U' 'U' 'M' 'M' 'M' 'M' 'M'
 'M' 'M' 'M' 'M' 'M' 'U' 'A' 'U' 'M' 'U' 'U' 'U' 'U' 'U' 'M' 'M' 'U' 'U'
 'M' 'U' 'M' 'M' 'U' 'M' 'M' 'M' 'M' 'U' 'M' 'M' 'M' 'M' 'M' 'M' 'M' 'U'
 'U' 'M' 'M' 'M' 'U' 'M' 'M' 'M' 'U' 'M' 'M' 'M' 'M' 'U' 'M' 'M' 'U' 'M'
 'M' 'M' 'M' 'M' 'M' 'M' 'M' 'U' 'M' 'U' 'U' 'A' 'M' 'M' 'U' 'U' 'M' 'M']"
343401,0,148,8,140,50,0,0,"['A' 'M' 'M' 'U' 'M' 'A' 'U' 'M' 'M' 'M' 'A' 'M' 'M' 'M' 'U' 'M' 'M' 'M'
 'M' 'U' 'U' 'M' 'U' 'M' 'U' 'M' 'M' 'M' 'M' 'U' 'M' 'M' 'M' 'M' 'M' 'M'
 'U' 'U' 'M' 'M' 'M' 'M' 'A' 'M' 'M' 'M' 'M' 'M' 'M' 'U' 'U' 'M' 'M' 'M'
 'U' 'M' 'M' 'A' 'M' 'M' 'M' 'M' 'M' 'U' 'U' 'M' 'U' 'M' 'U' 'M' 'M' 'U'
 'M' 'M' 'M' 'U' 'M' 'M' 'M' 'M' 'M' 'M' 'M' 'M' 'M' 'M' 'U' 'M' 'M' 'M'
 'M' 'M' 'M' 'M' 'M' 'U' 'U' 'U' 'U' 'M' 'M' 'M' 'U' 'U' 'M' 'M' 'M' 'M'
 'M' 'M' 'M' 'A' 'M' 'M' 'M' 'M' 'M' 'M' 'M' 'U' 'U' 'M' 'M' 'M' 'M' 'M'
 'M' 'M' 'M' 'M' 'M' 'U' 'A' 'U' 'U' 'U' 'U' 'U' 'U' 'U' 'M' 'M' 'M' 'U'
 'M' 'U' 'M' 'M' 'U' 'M' 'M' 'M' 'M' 'U' 'M' 'M' 'M' 'M' 'U' 'M' 'M' 'M'
 'U' 'M' 'M' 'M' 'U' 'M' 'M' 'M' 'U' 'U' 'M' 'M' 'M' 'U' 'M' 'M' 'M' 'M'
 'M' 'M' 'M' 'M' 'M' 'M' 'M' 'M' 'M' 'M' 'U' 'A' 'M' 'M' 'U' 'U' 'U' 'M']"
343501,0,143,7,136,55,0,0,"['A' 'M' 'M' 'U' 'M' 'U' 'U' 'M' 'M' 'M' 'A' 'U' 'M' 'M' 'M' 'U' 'M' 'M'
 'M' 'U' 'U' 'M' 'U' 'M' 'U' 'M' 'M' 'M' 'M' 'U' 'U' 'M' 'M' 'M' 'U' 'U'
 'U' 'U' 'M' 'U' 'M' 'M' 'A' 'M' 'M' 'M' 'M' 'M' 'M' 'M' 'U' 'M' 'M' 'U'
 'U' 'M' 'U' 'M' 'M' 'M' 'M' 'M' 'M' 'U' 'U' 'M' 'M' 'M' 'M' 'M' 'U' 'M'
 'M' 'M' 'M' 'M' 'M' 'M' 'M' 'M' 'M' 'M' 'M' 'M' 'U' 'M' 'M' 'U' 'M' 'U'
 'U' 'M' 'M' 'M' 'M' 'U' 'U' 'U' 'U' 'M' 'M' 'M' 'U' 'U' 'M' 'M' 'M' 'M'
 'M' 'M' 'M' 'A' 'M' 'M' 'M' 'M' 'M' 'M' 'M' 'U' 'U' 'M' 'M' 'M' 'M' 'M'
 'M' 'M' 'M' 'M' 'M' 'U' 'A' 'U' 'U' 'U' 'U' 'U' 'U' 'U' 'M' 'M' 'M' 'U'
 'M' 'U' 'M' 'M' 'M' 'M' 'M' 'M' 'M' 'U' 'M' 'M' 'M' 'M' 'U' 'M' 'M' 'M'
 'U' 'M' 'U' 'M' 'M' 'M' 'M' 'M' 'M' 'A' 'M' 'M' 'M' 'U' 'U' 'M' 'M' 'U'
 'M' 'M' 'M' 'M' 'M' 'M' 'M' 'M' 'M' 'M' 'U' 'A' 'M' 'M' 'M' 'U' 'U' 'M']"
343601,0,140,8,132,58,0,0,"['A' 'U' 'M' 'U' 'M' 'U' 'U' 'M' 'M' 'M' 'A' 'U' 'M' 'M' 'M' 'U' 'M' 'M'
 'M' 'U' 'U' 'M' 'U' 'M' 'M' 'M' 'M' 'M' 'M' 'A' 'M' 'M' 'M' 'M' 'U' 'U'
 'M' 'U' 'M' 'M' 'M' 'M' 'A' 'M' 'U' 'M' 'M' 'M' 'M' 'M' 'U' 'M' 'M' 'U'
 'U' 'M' 'U' 'M' 'M' 'M' 'M' 'M' 'M' 'U' 'M' 'M' 'M' 'M' 'M' 'M' 'U' 'M'
 'M' 'M' 'M' 'M' 'M' 'M' 'M' 'M' 'U' 'M' 'M' 'M' 'M' 'M' 'M' 'U' 'U' 'M'
 'U' 'M' 'M' 'M' 'M' 'U' 'U' 'A' 'U' 'M' 'M' 'M' 'U' 'U' 'M' 'M' 'M' 'M'
 'M' 'M' 'M' 'U' 'M' 'M' 'M' 'M' 'U' 'M' 'M' 'M' 'U' 'M' 'M' 'M' 'M' 'M'
 'M' 'M' 'M' 'M' 'M' 'U' 'U' 'M' 'M' 'U' 'U' 'U' 'U' 'U' 'U' 'M' 'M' 'U'
 'A' 'U' 'M' 'U' 'U' 'M' 'M' 'M' 'U' 'U' 'M' 'M' 'M' 'M' 'U' 'U' 'M' 'M'
 'U' 'M' 'U' 'U' 'M' 'M' 'M' 'M' 'M' 'A' 'M' 'M' 'M' 'U' 'U' 'U' 'M' 'M'
 'M' 'M' 'U' 'M' 'U' 'M' 'U' 'M' 'M' 'M' 'U' 'A' 'M' 'M' 'M' 'U' 'M' 'M']"
343701,0,145,7,138,53,0,0,"['A' 'M' 'M' 'U' 'U' 'U' 'U' 'U' 'M' 'M' 'U' 'U' 'M' 'M' 'M' 'M' 'M' 'M'
 'U' 'U' 'U' 'M' 'M' 'M' 'M' 'M' 'M' 'M' 'M' 'A' 'M' 'M' 'M' 'M' 'U' 'U'
 'M' 'U' 'M' 'M' 'M' 'M' 'A' 'M' 'U' 'M' 'U' 'M' 'M' 'M' 'U' 'M' 'U' 'U'
 'U' 'M' 'U' 'M' 'M' 'M' 'M' 'M' 'M' 'U' 'M' 'U' 'M' 'M' 'M' 'M' 'M' 'M'
 'M' 'M' 'M' 'M' 'M' 'M' 'U' 'M' 'M' 'M' 'M' 'M' 'M' 'M' 'M' 'U' 'M' 'M'
 'M' 'U' 'U' 'M' 'M' 'U' 'M' 'A' 'M' 'M' 'M' 'M' 'U' 'U' 'M' 'M' 'M' 'M'
 'M' 'M' 'M' 'U' 'M' 'M' 'M' 'M' 'M' 'M' 'M' 'M' 'U' 'M' 'M' 'M' 'M' 'M'
 'M' 'M' 'U' 'M' 'M' 'U' 'U' 'M' 'M' 'U' 'U' 'U' 'U' 'U' 'U' 'M' 'M' 'U'
 'A' 'U' 'M' 'M' 'M' 'M' 'M' 'M' 'U' 'M' 'M' 'M' 'M' 'M' 'U' 'U' 'M' 'M'
 'M' 'M' 'M' 'U' 'M' 'M' 'M' 'M' 'M' 'A' 'M' 'M' 'M' 'U' 'U' 'U' 'M' 'M'
 'M' 'M' 'U' 'M' 'U' 'M' 'U' 'M' 'M' 'M' 'U' 'A' 'M' 'M' 'M' 'M' 'M' 'M']"
343801,0,151,5,146,47,0,0,"['A' 'M' 'M' 'U' 'U' 'U' 'U' 'M' 'M' 'M' 'U' 'M' 'M' 'M' 'M' 'M' 'M' 'M'
 'U' 'U' 'M' 'M' 'M' 'M' 'M' 'M' 'M' 'M' 'M' 'A' 'U' 'M' 'M' 'M' 'U' 'U'
 'M' 'U' 'M' 'M' 'M' 'M' 'A' 'M' 'U' 'M' 'U' 'M' 'M' 'M' 'U' 'M' 'A' 'U'
 'M' 'M' 'U' 'M' 'M' 'M' 'M' 'M' 'M' 'U' 'M' 'U' 'M' 'M' 'M' 'M' 'U' 'U'
 'M' 'M' 'M' 'M' 'M' 'M' 'M' 'M' 'M' 'M' 'M' 'M' 'M' 'U' 'M' 'M' 'M' 'M'
 'M' 'M' 'M' 'M' 'U' 'U' 'M' 'U' 'M' 'M' 'M' 'M' 'U' 'U' 'M' 'M' 'M' 'M'
 'M' 'M' 'M' 'U' 'M' 'M' 'M' 'M' 'M' 'M' 'M' 'M' 'U' 'M' 'M' 'M' 'M' 'M'
 'M' 'M' 'U' 'M' 'M' 'U' 'M' 'M' 'M' 'U' 'M' 'M' 'U' 'U' 'U' 'M' 'M' 'U'
 'M' 'U' 'M' 'M' 'M' 'M' 'M' 'M' 'U' 'M' 'M' 'M' 'M' 'M' 'U' 'U' 'M' 'M'
 'M' 'M' 'M' 'U' 'M' 'M' 'M' 'M' 'M' 'A' 'M' 'M' 'M' 'M' 'U' 'U' 'M' 'M'
 'M' 'M' 'U' 'M' 'U' 'M' 'U' 'M' 'M' 'M' 'U' 'U' 'M' 'M' 'M' 'M' 'M' 'M']"
343901,0,152,6,146,46,0,0,"['A' 'M' 'M' 'U' 'M' 'U' 'U' 'M' 'M' 'M' 'M' 'M' 'M' 'M' 'M' 'M' 'M' 'M'
 'U' 'M' 'M' 'M' 'M' 'M' 'M' 'M' 'M' 'M' 'M' 'U' 'U' 'M' 'M' 'M' 'U' 'U'
 'M' 'U' 'M' 'U' 'M' 'M' 'A' 'M' 'U' 'M' 'U' 'M' 'M' 'M' 'U' 'M' 'A' 'M'
 'M' 'M' 'U' 'M' 'M' 'M' 'M' 'M' 'M' 'A' 'M' 'M' 'U' 'M' 'M' 'M' 'M' 'U'
 'M' 'M' 'M' 'M' 'M' 'M' 'M' 'M' 'U' 'M' 'M' 'M' 'M' 'M' 'M' 'M' 'U' 'U'
 'M' 'M' 'M' 'M' 'M' 'U' 'M' 'U' 'M' 'M' 'M' 'M' 'U' 'M' 'M' 'M' 'M' 'M'
 'M' 'M' 'M' 'U' 'M' 'M' 'M' 'M' 'M' 'M' 'M' 'M' 'U' 'M' 'M' 'M' 'M' 'U'
 'U' 'M' 'U' 'M' 'M' 'U' 'U' 'U' 'M' 'U' 'U' 'U' 'A' 'U' 'U' 'M' 'M' 'U'
 'M' 'M' 'M' 'M' 'M' 'M' 'M' 'M' 'U' 'M' 'M' 'M' 'M' 'U' 'U' 'M' 'M' 'M'
 'M' 'M' 'M' 'U' 'M' 'M' 'M' 'M' 'M' 'A' 'M' 'M' 'M' 'M' 'U' 'U' 'M' 'M'
 'M' 'M' 'U' 'M' 'U' 'M' 'U' 'M' 'M' 'M' 'M' 'U' 'M' 'M' 'M' 'M' 'M' 'M']"
344001,0,155,5,150,43,0,0,"['A' 'M' 'M' 'U' 'M' 'U' 'U' 'M' 'M' 'M' 'M' 'M' 'M' 'M' 'M' 'M' 'M' 'M'
 'M' 'M' 'M' 'M' 'M' 'M' 'M' 'M' 'M' 'M' 'M' 'U' 'M' 'M' 'M' 'M' 'U' 'U'
 'M' 'U' 'M' 'U' 'M' 'M' 'U' 'M' 'U' 'M' 'U' 'M' 'M' 'M' 'U' 'M' 'A' 'M'
 'M' 'M' 'U' 'M' 'M' 'M' 'M' 'M' 'M' 'A' 'M' 'M' 'M' 'M' 'M' 'U' 'M' 'M'
 'U' 'M' 'M' 'U' 'M' 'M' 'M' 'M' 'M' 'M' 'U' 'M' 'M' 'M' 'M' 'M' 'M' 'M'
 'M' 'M' 'M' 'M' 'U' 'U' 'M' 'M' 'U' 'M' 'M' 'M' 'U' 'U' 'M' 'M' 'M' 'M'
 'M' 'M' 'M' 'M' 'M' 'M' 'M' 'M' 'M' 'M' 'M' 'M' 'U' 'M' 'M' 'M' 'M' 'U'
 'U' 'M' 'U' 'M' 'M' 'U' 'U' 'M' 'M' 'U' 'U' 'M' 'A' 'U' 'U' 'M' 'M' 'M'
 'M' 'M' 'M' 'M' 'M' 'M' 'M' 'M' 'U' 'M' 'M' 'M' 'M' 'U' 'U' 'M' 'M' 'M'
 'M' 'M' 'M' 'M' 'M' 'M' 'U' 'M' 'M' 'A' 'M' 'M' 'M' 'M' 'U' 'U' 'M' 'M'
 'M' 'M' 'U' 'U' 'M' 'M' 'U' 'M' 'M' 'M' 'M' 'U' 'M' 'M' 'M' 'U' 'M' 'M']"
344101,0,158,6,152,40,0,0,"['A' 'M' 'M' 'U' 'M' 'U' 'U' 'M' 'M' 'M' 'M' 'M' 'M' 'M' 'M' 'M' 'M' 'M'
 'M' 'M' 'M' 'M' 'M' 'M' 'M' 'M' 'U' 'M' 'M' 'U' 'M' 'M' 'M' 'M' 'U' 'U'
 'M' 'A' 'M' 'U' 'M' 'M' 'U' 'M' 'A' 'M' 'U' 'M' 'M' 'M' 'M' 'M' 'U' 'M'
 'M' 'M' 'U' 'M' 'M' 'M' 'M' 'M' 'M' 'A' 'M' 'M' 'M' 'M' 'M' 'M' 'M' 'M'
 'M' 'U' 'M' 'M' 'M' 'M' 'M' 'U' 'M' 'U' 'M' 'M' 'M' 'U' 'M' 'M' 'M' 'M'
 'M' 'U' 'M' 'M' 'M' 'U' 'M' 'M' 'M' 'M' 'M' 'M' 'U' 'U' 'M' 'M' 'U' 'M'
 'M' 'M' 'M' 'M' 'M' 'M' 'M' 'M' 'M' 'M' 'M' 'U' 'M' 'M' 'M' 'M' 'M' 'U'
 'M' 'M' 'M' 'M' 'M' 'U' 'M' 'M' 'U' 'U' 'U' 'U' 'A' 'M' 'U' 'M' 'M' 'M'
 'M' 'M' 'M' 'M' 'M' 'M' 'M' 'M' 'U' 'M' 'M' 'M' 'M' 'U' 'U' 'M' 'M' 'M'
 'M' 'M' 'M' 'M' 'M' 'M' 'M' 'M' 'U' 'A' 'M' 'M' 'M' 'M' 'M' 'U' 'M' 'M'
 'M' 'M' 'U' 'U' 'M' 'U' 'U' 'M' 'M' 'M' 'M' 'U' 'M' 'M' 'M' 'U' 'M' 'M']"
344201,0,159,6,153,39,1,0,"['A' 'M' 'M' 'M' 'U' 'U' 'U' 'M' 'M' 'M' 'M' 'M' 'M' 'M' 'M' 'M' 'M' 'M'
 'M' 'M' 'M' 'M' 'M' 'M' 'M' 'M' 'U' 'M' 'M' 'U' 'M' 'M' 'M' 'M' 'M' 'U'
 'M' 'A' 'M' 'U' 'U' 'M' 'M' 'M' 'A' 'M' 'U' 'M' 'M' 'M' 'M' 'M' 'M' 'M'
 'M' 'M' 'U' 'U' 'M' 'M' 'M' 'M' 'M' 'U' 'M' 'M' 'M' 'M' 'M' 'M' 'M' 'M'
 'M' 'M' 'M' 'M' 'M' 'M' 'U' 'M' 'M' 'U' 'M' 'M' 'M' 'U' 'M' 'M' 'M' 'M'
 'M' 'M' 'M' 'U' 'U' 'M' 'M' 'M' 'U' 'M' 'M' 'M' 'A' 'U' 'M' 'M' 'M' 'M'
 'M' 'U' 'M' 'M' 'M' 'M' 'M' 'M' 'M' 'M' 'M' 'M' 'U' 'M' 'M' 'M' 'M' 'U'
 'M' 'M' 'M' 'M' 'U' 'U' 'M' 'U' 'U' 'U' 'U' 'M' 'A' 'M' 'U' 'M' 'M' 'M'
 'M' 'M' 'M' 'M' 'M' 'M' 'M' 'M' 'U' 'M' 'M' 'U' 'M' 'M' 'M' 'M' 'M' 'M'
 'M' 'M' 'M' 'M' 'M' 'M' 'M' 'M' 'U' 'A' 'M' 'M' 'M' 'M' 'M' 'U' 'M' 'M'
 'M' 'M' 'U' 'U' 'M' 'M' 'U' 'M' 'M' 'U' 'M' 'M' 'M' 'M' 'U' 'U' 'M' 'M']"
344301,0,166,7,159,32,0,0,"['A' 'M' 'M' 'M' 'U' 'M' 'U' 'M' 'M' 'M' 'M' 'M' 'M' 'M' 'M' 'M' 'M' 'M'
 'M' 'M' 'M' 'M' 'M' 'M' 'M' 'M' 'U' 'M' 'M' 'U' 'M' 'M' 'M' 'M' 'M' 'U'
 'M' 'U' 'M' 'U' 'U' 'M' 'M' 'M' 'A' 'M' 'M' 'M' 'M' 'U' 'M' 'M' 'M' 'M'
 'M' 'M' 'U' 'U' 'M' 'M' 'M' 'M' 'M' 'M' 'M' 'M' 'M' 'M' 'M' 'M' 'M' 'M'
 'M' 'M' 'U' 'M' 'M' 'M' 'M' 'M' 'M' 'M' 'M' 'M' 'M' 'M' 'M' 'U' 'M' 'M'
 'U' 'M' 'U' 'U' 'M' 'M' 'M' 'M' 'M' 'M' 'M' 'M' 'A' 'M' 'M' 'M' 'U' 'M'
 'M' 'A' 'M' 'M' 'M' 'M' 'M' 'M' 'M' 'M' 'M' 'M' 'U' 'M' 'M' 'M' 'M' 'U'
 'M' 'M' 'U' 'M' 'U' 'M' 'U' 'U' 'U' 'U' 'M' 'M' 'A' 'M' 'U' 'M' 'M' 'M'
 'M' 'M' 'M' 'M' 'M' 'M' 'A' 'M' 'M' 'U' 'M' 'M' 'M' 'M' 'M' 'M' 'M' 'M'
 'M' 'M' 'M' 'M' 'M' 'M' 'M' 'M' 'U' 'A' 'M' 'M' 'M' 'M' 'M' 'M' 'M' 'M'
 'M' 'M' 'U' 'U' 'M' 'M' 'M' 'M' 'M' 'U' 'M' 'M' 'M' 'M' 'M' 'U' 'M' 'M']"
344401,0,162,3,159,36,0,0,"['A' 'M' 'M' 'M' 'U' 'M' 'U' 'U' 'M' 'M' 'M' 'M' 'M' 'M' 'M' 'M' 'M' 'M'
 'M' 'M' 'M' 'M' 'M' 'M' 'M' 'M' 'M' 'M' 'M' 'U' 'M' 'M' 'M' 'M' 'M' 'U'
 'M' 'M' 'M' 'U' 'M' 'M' 'M' 'M' 'M' 'M' 'M' 'M' 'M' 'U' 'M' 'M' 'M' 'M'
 'M' 'M' 'M' 'U' 'U' 'M' 'M' 'U' 'M' 'M' 'M' 'M' 'M' 'U' 'M' 'U' 'M' 'M'
 'M' 'U' 'M' 'M' 'M' 'M' 'M' 'M' 'M' 'M' 'M' 'U' 'M' 'M' 'M' 'M' 'M' 'M'
 'M' 'M' 'M' 'U' 'M' 'M' 'M' 'M' 'M' 'M' 'M' 'M' 'U' 'M' 'M' 'M' 'U' 'M'
 'M' 'A' 'M' 'M' 'M' 'M' 'M' 'M' 'M' 'M' 'U' 'M' 'U' 'M' 'M' 'M' 'M' 'U'
 'M' 'M' 'U' 'M' 'M' 'U' 'M' 'U' 'U' 'U' 'U' 'U' 'U' 'M' 'U' 'M' 'M' 'M'
 'M' 'M' 'M' 'M' 'M' 'M' 'A' 'M' 'M' 'U' 'M' 'M' 'M' 'M' 'M' 'M' 'M' 'M'
 'M' 'M' 'M' 'M' 'M' 'M' 'M' 'U' 'U' 'U' 'M' 'M' 'M' 'M' 'M' 'M' 'M' 'M'
 'M' 'M' 'M' 'U' 'M' 'M' 'M' 'M' 'M' 'U' 'M' 'M' 'M' 'M' 'M' 'U' 'M' 'M']"
344501,0,161,2,159,37,0,0,"['A' 'M' 'M' 'M' 'U' 'M' 'M' 'U' 'M' 'M' 'M' 'M' 'M' 'M' 'M' 'M' 'M' 'M'
 'U' 'M' 'M' 'M' 'M' 'M' 'M' 'M' 'M' 'M' 'M' 'U' 'U' 'M' 'M' 'M' 'M' 'U'
 'M' 'M' 'M' 'U' 'M' 'M' 'M' 'M' 'M' 'M' 'U' 'M' 'M' 'U' 'M' 'M' 'M' 'M'
 'M' 'M' 'M' 'M' 'M' 'M' 'M' 'U' 'M' 'U' 'M' 'U' 'M' 'M' 'U' 'M' 'M' 'M'
 'M' 'M' 'M' 'U' 'M' 'M' 'M' 'M' 'M' 'M' 'M' 'U' 'U' 'M' 'M' 'M' 'M' 'M'
 'M' 'M' 'M' 'M' 'M' 'M' 'M' 'M' 'M' 'M' 'U' 'U' 'M' 'M' 'M' 'M' 'U' 'M'
 'M' 'U' 'U' 'M' 'M' 'M' 'M' 'M' 'M' 'U' 'M' 'M' 'U' 'M' 'M' 'M' 'M' 'U'
 'M' 'M' 'U' 'M' 'M' 'U' 'M' 'U' 'U' 'U' 'U' 'U' 'M' 'M' 'U' 'M' 'M' 'M'
 'M' 'M' 'M' 'M' 'M' 'M' 'A' 'M' 'M' 'U' 'M' 'M' 'M' 'M' 'M' 'M' 'M' 'M'
 'M' 'M' 'M' 'M' 'M' 'M' 'M' 'U' 'U' 'M' 'M' 'M' 'M' 'M' 'M' 'M' 'M' 'M'
 'M' 'M' 'M' 'U' 'M' 'M' 'M' 'U' 'M' 'M' 'M' 'M' 'M' 'M' 'M' 'M' 'M' 'M']"
344601,0,164,2,162,34,0,0,"['A' 'M' 'M' 'M' 'U' 'M' 'M' 'M' 'M' 'M' 'M' 'M' 'M' 'M' 'M' 'M' 'M' 'M'
 'U' 'M' 'M' 'M' 'M' 'M' 'M' 'M' 'M' 'M' 'M' 'U' 'U' 'M' 'M' 'M' 'M' 'M'
 'M' 'M' 'M' 'U' 'M' 'M' 'M' 'M' 'M' 'M' 'U' 'M' 'M' 'M' 'M' 'M' 'M' 'M'
 'M' 'M' 'M' 'M' 'M' 'M' 'M' 'U' 'M' 'M' 'M' 'M' 'M' 'M' 'M' 'M' 'U' 'M'
 'M' 'M' 'M' 'U' 'U' 'M' 'M' 'M' 'M' 'M' 'M' 'M' 'M' 'M' 'M' 'U' 'M' 'M'
 'M' 'M' 'M' 'M' 'U' 'M' 'M' 'U' 'M' 'M' 'M' 'U' 'M' 'M' 'M' 'M' 'U' 'M'
 'M' 'U' 'U' 'M' 'M' 'M' 'M' 'M' 'M' 'U' 'M' 'M' 'U' 'M' 'M' 'M' 'M' 'U'
 'M' 'M' 'M' 'M' 'M' 'U' 'U' 'U' 'U' 'U' 'U' 'U' 'U' 'M' 'U' 'M' 'M' 'M'
 'M' 'M' 'M' 'M' 'M' 'M' 'A' 'M' 'M' 'U' 'M' 'M' 'M' 'M' 'M' 'M' 'M' 'M'
 'M' 'M' 'U' 'M' 'M' 'M' 'M' 'U' 'M' 'M' 'M' 'U' 'M' 'M' 'M' 'M' 'M' 'M'
 'M' 'M' 'M' 'M' 'M' 'M' 'M' 'U' 'M' 'M' 'M' 'M' 'M' 'M' 'M' 'M' 'M' 'M']"
344701,0,172,3,169,26,0,0,"['A' 'M' 'M' 'M' 'M' 'M' 'M' 'M' 'M' 'M' 'M' 'M' 'M' 'M' 'M' 'M' 'M' 'M'
 'U' 'M' 'M' 'M' 'M' 'M' 'M' 'M' 'M' 'M' 'M' 'U' 'U' 'M' 'M' 'M' 'M' 'M'
 'M' 'M' 'M' 'U' 'M' 'M' 'M' 'U' 'M' 'M' 'U' 'M' 'M' 'M' 'M' 'M' 'M' 'M'
 'M' 'M' 'M' 'M' 'M' 'M' 'M' 'U' 'M' 'M' 'M' 'U' 'U' 'M' 'M' 'M' 'M' 'M'
 'M' 'M' 'M' 'M' 'M' 'M' 'M' 'M' 'M' 'M' 'M' 'M' 'U' 'M' 'M' 'M' 'M' 'M'
 'M' 'U' 'U' 'M' 'M' 'M' 'M' 'M' 'M' 'M' 'M' 'U' 'M' 'M' 'M' 'M' 'U' 'M'
 'M' 'U' 'U' 'M' 'M' 'M' 'M' 'M' 'M' 'M' 'U' 'M' 'U' 'M' 'M' 'M' 'M' 'M'
 'M' 'M' 'M' 'M' 'M' 'U' 'U' 'M' 'U' 'M' 'U' 'M' 'A' 'M' 'U' 'M' 'M' 'M'
 'M' 'M' 'M' 'M' 'M' 'M' 'A' 'M' 'M' 'M' 'M' 'M' 'M' 'M' 'M' 'M' 'M' 'M'
 'M' 'M' 'U' 'M' 'M' 'M' 'M' 'M' 'M' 'U' 'M' 'M' 'M' 'M' 'M' 'M' 'M' 'M'
 'M' 'M' 'M' 'M' 'M' 'M' 'M' 'M' 'M' 'M' 'U' 'M' 'M' 'M' 'M' 'M' 'M' 'M']"
344801,0,166,3,163,32,1,0,"['A' 'M' 'M' 'M' 'M' 'M' 'M' 'M' 'M' 'M' 'M' 'M' 'M' 'M' 'M' 'M' 'M' 'M'
 'U' 'M' 'M' 'M' 'M' 'M' 'U' 'M' 'M' 'M' 'M' 'U' 'U' 'M' 'M' 'M' 'M' 'M'
 'M' 'M' 'U' 'A' 'M' 'U' 'M' 'U' 'M' 'M' 'U' 'U' 'M' 'M' 'M' 'M' 'M' 'U'
 'M' 'M' 'M' 'M' 'M' 'M' 'M' 'U' 'M' 'M' 'M' 'M' 'M' 'M' 'U' 'M' 'M' 'M'
 'M' 'M' 'M' 'U' 'M' 'M' 'U' 'M' 'M' 'M' 'M' 'M' 'M' 'M' 'M' 'M' 'M' 'M'
 'U' 'M' 'M' 'M' 'U' 'U' 'M' 'M' 'M' 'M' 'M' 'U' 'M' 'M' 'M' 'M' 'U' 'M'
 'M' 'U' 'U' 'M' 'M' 'M' 'M' 'M' 'M' 'M' 'U' 'M' 'U' 'M' 'M' 'M' 'M' 'M'
 'M' 'M' 'M' 'M' 'M' 'U' 'U' 'M' 'M' 'M' 'U' 'M' 'M' 'M' 'U' 'M' 'M' 'M'
 'M' 'M' 'U' 'M' 'M' 'M' 'A' 'M' 'U' 'M' 'M' 'M' 'M' 'M' 'M' 'M' 'M' 'M'
 'M' 'M' 'M' 'M' 'M' 'M' 'M' 'M' 'M' 'M' 'U' 'M' 'M' 'M' 'U' 'M' 'M' 'M'
 'M' 'M' 'M' 'M' 'M' 'M' 'M' 'M' 'M' 'M' 'U' 'M' 'M' 'M' 'M' 'M' 'M' 'M']"
344901,0,159,2,157,39,0,0,"['A' 'M' 'M' 'M' 'M' 'M' 'M' 'M' 'M' 'M' 'M' 'M' 'M' 'M' 'M' 'M' 'M' 'M'
 'U' 'M' 'M' 'M' 'M' 'M' 'U' 'M' 'M' 'M' 'M' 'U' 'U' 'M' 'M' 'M' 'M' 'M'
 'M' 'M' 'U' 'A' 'M' 'U' 'M' 'U' 'M' 'M' 'U' 'M' 'M' 'M' 'M' 'M' 'M' 'U'
 'M' 'M' 'M' 'U' 'M' 'M' 'M' 'U' 'M' 'M' 'M' 'M' 'M' 'M' 'M' 'M' 'U' 'M'
 'M' 'U' 'U' 'M' 'M' 'M' 'M' 'U' 'M' 'M' 'M' 'M' 'M' 'M' 'M' 'U' 'M' 'M'
 'M' 'M' 'M' 'M' 'M' 'M' 'M' 'M' 'M' 'M' 'M' 'U' 'M' 'M' 'M' 'M' 'U' 'M'
 'M' 'U' 'U' 'M' 'M' 'M' 'M' 'M' 'M' 'M' 'U' 'M' 'U' 'M' 'U' 'M' 'M' 'M'
 'M' 'M' 'U' 'M' 'U' 'U' 'M' 'U' 'U' 'U' 'U' 'U' 'U' 'M' 'M' 'M' 'M' 'M'
 'M' 'M' 'U' 'M' 'M' 'M' 'M' 'U' 'U' 'M' 'M' 'M' 'M' 'M' 'M' 'M' 'M' 'M'
 'M' 'M' 'M' 'M' 'M' 'M' 'M' 'M' 'M' 'M' 'U' 'M' 'M' 'M' 'U' 'M' 'M' 'M'
 'M' 'M' 'M' 'M' 'M' 'M' 'M' 'M' 'M' 'M' 'M' 'U' 'M' 'U' 'M' 'M' 'M' 'M']"
345001,1,161,3,158,37,0,0,"['A' 'M' 'M' 'M' 'M' 'M' 'M' 'M' 'M' 'M' 'M' 'M' 'M' 'M' 'M' 'M' 'M' 'M'
 'U' 'M' 'M' 'M' 'M' 'M' 'A' 'M' 'M' 'M' 'M' 'U' 'U' 'M' 'M' 'M' 'M' 'M'
 'M' 'M' 'U' 'A' 'M' 'U' 'M' 'U' 'M' 'M' 'U' 'M' 'U' 'M' 'M' 'M' 'M' 'U'
 'M' 'U' 'M' 'M' 'M' 'M' 'U' 'U' 'M' 'M' 'M' 'M' 'M' 'M' 'M' 'M' 'M' 'M'
 'M' 'M' 'M' 'M' 'M' 'U' 'M' 'U' 'M' 'M' 'U' 'M' 'M' 'U' 'M' 'M' 'M' 'M'
 'M' 'U' 'M' 'M' 'M' 'M' 'M' 'M' 'M' 'M' 'M' 'U' 'M' 'M' 'M' 'M' 'U' 'M'
 'M' 'U' 'M' 'M' 'M' 'M' 'M' 'M' 'M' 'M' 'U' 'M' 'U' 'U' 'U' 'M' 'M' 'M'
 'M' 'M' 'M' 'M' 'U' 'U' 'U' 'U' 'U' 'U' 'U' 'U' 'M' 'M' 'M' 'M' 'M' 'M'
 'M' 'M' 'M' 'M' 'M' 'M' 'M' 'M' 'M' 'M' 'M' 'M' 'M' 'M' 'M' 'M' 'M' 'M'
 'M' 'M' 'M' 'M' 'M' 'M' 'M' 'M' 'M' 'U' 'U' 'M' 'M' 'M' 'U' 'M' 'M' 'M'
 'M' 'M' 'M' 'M' 'M' 'M' 'M' 'M' 'M' 'M' 'M' 'U' 'M' 'U' 'M' 'M' 'M' 'M']"
345101,0,155,3,152,43,0,0,"['A' 'U' 'M' 'M' 'M' 'M' 'M' 'M' 'M' 'M' 'M' 'M' 'M' 'M' 'M' 'M' 'M' 'U'
 'U' 'M' 'M' 'M' 'M' 'M' 'A' 'M' 'M' 'M' 'M' 'U' 'U' 'M' 'M' 'M' 'M' 'M'
 'M' 'M' 'U' 'U' 'M' 'U' 'M' 'U' 'M' 'M' 'U' 'U' 'U' 'M' 'M' 'M' 'M' 'U'
 'M' 'U' 'M' 'M' 'M' 'M' 'U' 'U' 'M' 'M' 'M' 'M' 'U' 'M' 'M' 'M' 'U' 'M'
 'M' 'U' 'M' 'M' 'U' 'M' 'M' 'M' 'M' 'M' 'M' 'M' 'M' 'M' 'M' 'M' 'M' 'M'
 'M' 'M' 'M' 'U' 'M' 'M' 'M' 'M' 'M' 'M' 'M' 'M' 'M' 'M' 'M' 'M' 'U' 'M'
 'M' 'A' 'M' 'M' 'M' 'M' 'M' 'M' 'M' 'M' 'U' 'M' 'U' 'M' 'M' 'M' 'U' 'M'
 'M' 'M' 'M' 'M' 'U' 'M' 'U' 'U' 'U' 'U' 'U' 'U' 'U' 'U' 'M' 'M' 'M' 'M'
 'M' 'M' 'M' 'M' 'M' 'M' 'M' 'M' 'M' 'M' 'M' 'M' 'M' 'M' 'M' 'M' 'M' 'U'
 'M' 'M' 'U' 'M' 'M' 'M' 'U' 'M' 'M' 'U' 'U' 'M' 'M' 'M' 'U' 'M' 'M' 'U'
 'M' 'M' 'M' 'M' 'M' 'M' 'M' 'M' 'M' 'M' 'M' 'U' 'M' 'M' 'U' 'M' 'M' 'M']"
345201,0,153,3,150,45,1,0,"['A' 'U' 'M' 'M' 'U' 'M' 'M' 'M' 'M' 'M' 'M' 'M' 'U' 'M' 'M' 'M' 'M' 'U'
 'M' 'M' 'M' 'M' 'M' 'M' 'A' 'M' 'M' 'M' 'M' 'U' 'U' 'M' 'M' 'M' 'M' 'M'
 'M' 'M' 'U' 'U' 'U' 'U' 'U' 'M' 'U' 'M' 'U' 'U' 'U' 'M' 'U' 'M' 'M' 'U'
 'M' 'U' 'M' 'M' 'M' 'M' 'U' 'U' 'M' 'M' 'M' 'M' 'U' 'M' 'U' 'M' 'M' 'M'
 'M' 'M' 'M' 'M' 'M' 'M' 'M' 'M' 'U' 'M' 'U' 'M' 'M' 'M' 'M' 'M' 'M' 'M'
 'M' 'M' 'M' 'M' 'U' 'M' 'M' 'M' 'M' 'M' 'M' 'M' 'M' 'M' 'M' 'M' 'U' 'U'
 'M' 'A' 'M' 'M' 'M' 'M' 'M' 'M' 'M' 'M' 'M' 'M' 'M' 'M' 'M' 'M' 'U' 'M'
 'M' 'M' 'M' 'M' 'U' 'U' 'U' 'U' 'U' 'U' 'U' 'U' 'U' 'U' 'M' 'M' 'M' 'M'
 'M' 'M' 'M' 'M' 'U' 'M' 'M' 'M' 'M' 'M' 'M' 'M' 'M' 'M' 'M' 'M' 'M' 'M'
 'M' 'M' 'M' 'M' 'M' 'M' 'U' 'M' 'U' 'U' 'U' 'M' 'M' 'M' 'M' 'M' 'M' 'M'
 'U' 'M' 'M' 'M' 'M' 'M' 'M' 'M' 'M' 'M' 'M' 'U' 'M' 'M' 'M' 'M' 'M' 'M']"
345301,1,156,4,152,42,1,0,"['A' 'U' 'M' 'M' 'A' 'M' 'M' 'M' 'M' 'M' 'M' 'M' 'U' 'M' 'M' 'M' 'M' 'U'
 'M' 'M' 'M' 'M' 'M' 'U' 'A' 'M' 'M' 'M' 'M' 'U' 'M' 'M' 'M' 'M' 'M' 'M'
 'M' 'M' 'U' 'M' 'M' 'U' 'U' 'M' 'U' 'M' 'M' 'U' 'U' 'M' 'M' 'M' 'M' 'U'
 'M' 'U' 'M' 'M' 'M' 'M' 'U' 'U' 'M' 'M' 'M' 'M' 'M' 'M' 'M' 'M' 'M' 'U'
 'M' 'U' 'M' 'M' 'M' 'M' 'U' 'U' 'M' 'M' 'M' 'M' 'M' 'M' 'M' 'M' 'M' 'U'
 'M' 'M' 'M' 'M' 'M' 'M' 'M' 'M' 'M' 'M' 'M' 'M' 'M' 'M' 'M' 'M' 'U' 'A'
 'M' 'U' 'M' 'U' 'M' 'M' 'M' 'M' 'M' 'U' 'M' 'M' 'M' 'M' 'M' 'M' 'U' 'U'
 'M' 'M' 'M' 'M' 'U' 'U' 'U' 'U' 'U' 'U' 'U' 'M' 'M' 'U' 'M' 'M' 'M' 'M'
 'M' 'M' 'M' 'M' 'M' 'M' 'M' 'M' 'M' 'M' 'M' 'M' 'M' 'M' 'M' 'M' 'U' 'M'
 'M' 'M' 'M' 'M' 'M' 'M' 'U' 'M' 'U' 'U' 'U' 'M' 'M' 'M' 'U' 'M' 'M' 'M'
 'M' 'M' 'M' 'M' 'M' 'M' 'M' 'M' 'M' 'M' 'M' 'U' 'M' 'M' 'U' 'M' 'M' 'M']"
345401,0,166,4,162,32,0,0,"['A' 'U' 'M' 'M' 'A' 'M' 'M' 'M' 'M' 'M' 'M' 'M' 'U' 'M' 'M' 'M' 'M' 'M'
 'M' 'M' 'M' 'M' 'M' 'U' 'A' 'M' 'M' 'M' 'M' 'U' 'M' 'M' 'M' 'M' 'M' 'U'
 'M' 'M' 'U' 'M' 'M' 'M' 'U' 'M' 'U' 'M' 'M' 'M' 'M' 'M' 'M' 'M' 'M' 'U'
 'M' 'U' 'M' 'M' 'M' 'M' 'U' 'M' 'M' 'M' 'M' 'M' 'U' 'M' 'M' 'U' 'M' 'U'
 'M' 'M' 'M' 'M' 'M' 'M' 'M' 'M' 'M' 'M' 'M' 'M' 'M' 'M' 'U' 'M' 'M' 'M'
 'M' 'M' 'M' 'U' 'M' 'M' 'M' 'M' 'M' 'M' 'M' 'M' 'M' 'M' 'M' 'M' 'U' 'A'
 'M' 'U' 'M' 'M' 'M' 'M' 'M' 'M' 'M' 'M' 'M' 'M' 'M' 'M' 'M' 'M' 'M' 'U'
 'M' 'M' 'M' 'M' 'U' 'M' 'U' 'M' 'U' 'M' 'U' 'U' 'M' 'U' 'M' 'M' 'M' 'M'
 'M' 'M' 'M' 'M' 'M' 'M' 'M' 'M' 'M' 'M' 'M' 'M' 'M' 'M' 'M' 'M' 'U' 'M'
 'M' 'M' 'U' 'M' 'M' 'M' 'U' 'M' 'U' 'U' 'M' 'M' 'M' 'M' 'M' 'M' 'U' 'M'
 'M' 'M' 'M' 'M' 'M' 'M' 'M' 'M' 'M' 'M' 'M' 'U' 'M' 'M' 'M' 'M' 'M' 'M']"
345501,0,167,3,164,31,0,1,"['A' 'U' 'M' 'M' 'A' 'M' 'M' 'M' 'M' 'U' 'M' 'M' 'U' 'M' 'M' 'M' 'M' 'M'
 'M' 'M' 'M' 'M' 'M' 'U' 'A' 'M' 'M' 'M' 'M' 'M' 'M' 'M' 'M' 'M' 'U' 'U'
 'M' 'M' 'U' 'M' 'M' 'M' 'M' 'M' 'M' 'M' 'M' 'M' 'M' 'M' 'M' 'M' 'U' 'M'
 'M' 'U' 'M' 'M' 'M' 'M' 'U' 'M' 'M' 'M' 'M' 'M' 'M' 'M' 'M' 'M' 'U' 'M'
 'M' 'M' 'M' 'M' 'M' 'M' 'U' 'M' 'M' 'M' 'M' 'M' 'M' 'M' 'M' 'U' 'M' 'M'
 'M' 'M' 'U' 'U' 'M' 'M' 'M' 'M' 'M' 'U' 'M' 'M' 'M' 'M' 'M' 'M' 'M' 'M'
 'M' 'M' 'M' 'M' 'U' 'M' 'M' 'M' 'M' 'M' 'M' 'M' 'M' 'M' 'M' 'M' 'M' 'U'
 'M' 'M' 'M' 'M' 'U' 'M' 'U' 'M' 'U' 'M' 'U' 'M' 'M' 'U' 'M' 'M' 'M' 'M'
 'M' 'M' 'M' 'M' 'M' 'M' 'M' 'M' 'M' 'M' 'M' 'M' 'M' 'U' 'M' 'M' 'U' 'M'
 'M' 'M' 'U' 'M' 'M' 'M' 'U' 'M' 'U' 'U' 'M' 'M' 'M' 'U' 'M' 'M' 'M' 'M'
 'M' 'M' 'M' 'M' 'M' 'M' 'M' 'M' 'M' 'M' 'M' 'U' 'M' 'M' 'M' 'M' 'M' 'M']"
345601,0,170,6,164,28,0,1,"['A' 'U' 'M' 'M' 'A' 'M' 'M' 'M' 'M' 'U' 'M' 'M' 'U' 'M' 'M' 'M' 'M' 'M'
 'M' 'M' 'M' 'M' 'M' 'A' 'A' 'M' 'M' 'M' 'M' 'M' 'M' 'M' 'M' 'M' 'M' 'M'
 'M' 'M' 'U' 'M' 'M' 'M' 'M' 'M' 'M' 'M' 'M' 'M' 'M' 'M' 'M' 'M' 'U' 'M'
 'M' 'U' 'M' 'M' 'M' 'M' 'M' 'M' 'M' 'M' 'M' 'M' 'M' 'U' 'M' 'U' 'M' 'M'
 'M' 'M' 'M' 'U' 'M' 'M' 'M' 'M' 'M' 'U' 'M' 'U' 'M' 'M' 'M' 'M' 'M' 'M'
 'M' 'M' 'M' 'M' 'M' 'U' 'M' 'M' 'M' 'U' 'M' 'U' 'M' 'M' 'M' 'M' 'M' 'M'
 'M' 'M' 'M' 'M' 'U' 'M' 'M' 'U' 'M' 'M' 'M' 'M' 'M' 'M' 'M' 'M' 'M' 'M'
 'M' 'M' 'M' 'M' 'U' 'M' 'M' 'M' 'M' 'M' 'U' 'M' 'M' 'A' 'M' 'M' 'U' 'M'
 'M' 'M' 'M' 'M' 'M' 'M' 'M' 'M' 'M' 'M' 'M' 'M' 'U' 'U' 'M' 'M' 'A' 'M'
 'M' 'M' 'U' 'M' 'M' 'M' 'U' 'M' 'U' 'U' 'M' 'M' 'M' 'U' 'M' 'M' 'M' 'M'
 'M' 'M' 'M' 'M' 'M' 'U' 'M' 'M' 'M' 'M' 'M' 'U' 'M' 'M' 'M' 'M' 'M' 'M']"
345701,0,170,5,165,28,0,0,"['A' 'M' 'M' 'M' 'A' 'M' 'M' 'M' 'M' 'U' 'M' 'M' 'U' 'M' 'M' 'M' 'M' 'M'
 'M' 'M' 'M' 'M' 'M' 'A' 'A' 'M' 'M' 'M' 'M' 'M' 'M' 'M' 'M' 'M' 'M' 'M'
 'M' 'M' 'U' 'M' 'M' 'M' 'M' 'M' 'M' 'M' 'M' 'M' 'M' 'M' 'M' 'M' 'U' 'M'
 'M' 'M' 'M' 'M' 'M' 'M' 'M' 'M' 'M' 'M' 'M' 'M' 'M' 'M' 'U' 'M' 'M' 'M'
 'U' 'M' 'M' 'M' 'M' 'M' 'M' 'M' 'U' 'U' 'M' 'M' 'M' 'M' 'M' 'M' 'U' 'M'
 'M' 'M' 'M' 'M' 'M' 'M' 'M' 'M' 'M' 'U' 'M' 'U' 'M' 'M' 'M' 'M' 'M' 'M'
 'M' 'M' 'M' 'U' 'U' 'U' 'M' 'M' 'M' 'M' 'M' 'M' 'M' 'M' 'M' 'M' 'M' 'M'
 'M' 'M' 'M' 'M' 'M' 'M' 'M' 'M' 'M' 'M' 'M' 'M' 'U' 'A' 'M' 'M' 'U' 'M'
 'M' 'M' 'M' 'M' 'M' 'U' 'M' 'M' 'U' 'M' 'M' 'U' 'U' 'M' 'M' 'M' 'M' 'M'
 'U' 'M' 'U' 'M' 'M' 'M' 'U' 'M' 'U' 'U' 'M' 'M' 'M' 'U' 'M' 'M' 'M' 'M'
 'M' 'M' 'M' 'M' 'M' 'U' 'M' 'M' 'M' 'M' 'M' 'U' 'M' 'M' 'M' 'M' 'M' 'M']"
345801,0,167,4,163,31,0,1,"['A' 'M' 'M' 'M' 'U' 'U' 'M' 'M' 'M' 'A' 'M' 'M' 'M' 'M' 'M' 'M' 'M' 'M'
 'M' 'M' 'M' 'M' 'M' 'A' 'A' 'M' 'M' 'M' 'M' 'M' 'M' 'M' 'M' 'M' 'M' 'M'
 'M' 'M' 'M' 'M' 'M' 'M' 'U' 'M' 'M' 'U' 'M' 'M' 'M' 'M' 'M' 'M' 'U' 'M'
 'M' 'M' 'M' 'M' 'M' 'M' 'M' 'M' 'M' 'M' 'M' 'M' 'M' 'M' 'M' 'M' 'M' 'U'
 'U' 'M' 'M' 'U' 'M' 'M' 'U' 'M' 'M' 'M' 'M' 'M' 'M' 'M' 'M' 'M' 'M' 'M'
 'M' 'M' 'U' 'M' 'M' 'M' 'M' 'M' 'M' 'U' 'M' 'U' 'M' 'M' 'U' 'M' 'M' 'M'
 'M' 'M' 'M' 'U' 'U' 'U' 'M' 'M' 'M' 'M' 'M' 'M' 'M' 'M' 'M' 'M' 'M' 'M'
 'U' 'M' 'M' 'M' 'M' 'M' 'M' 'M' 'M' 'M' 'M' 'M' 'U' 'U' 'M' 'M' 'M' 'M'
 'M' 'M' 'M' 'M' 'M' 'U' 'M' 'M' 'U' 'U' 'M' 'U' 'U' 'M' 'M' 'M' 'M' 'M'
 'U' 'M' 'U' 'M' 'M' 'M' 'M' 'M' 'U' 'U' 'M' 'M' 'M' 'M' 'U' 'M' 'M' 'M'
 'M' 'M' 'M' 'M' 'M' 'U' 'M' 'M' 'M' 'M' 'M' 'M' 'M' 'M' 'M' 'U' 'M' 'M']"
345901,0,160,3,157,38,0,0,"['A' 'M' 'M' 'M' 'U' 'U' 'M' 'M' 'M' 'A' 'U' 'M' 'M' 'M' 'M' 'M' 'M' 'M'
 'M' 'M' 'M' 'M' 'M' 'U' 'A' 'U' 'M' 'M' 'M' 'M' 'M' 'M' 'M' 'M' 'M' 'U'
 'M' 'M' 'M' 'M' 'M' 'M' 'U' 'M' 'M' 'U' 'M' 'M' 'M' 'M' 'M' 'U' 'U' 'M'
 'M' 'M' 'M' 'M' 'M' 'M' 'M' 'M' 'M' 'M' 'M' 'M' 'M' 'M' 'M' 'M' 'M' 'M'
 'M' 'U' 'M' 'M' 'U' 'M' 'U' 'M' 'M' 'M' 'M' 'M' 'M' 'U' 'M' 'M' 'U' 'M'
 'M' 'M' 'M' 'M' 'M' 'M' 'M' 'M' 'M' 'U' 'M' 'U' 'M' 'M' 'M' 'M' 'M' 'M'
 'M' 'M' 'M' 'U' 'U' 'U' 'M' 'M' 'M' 'M' 'M' 'M' 'M' 'M' 'M' 'M' 'U' 'M'
 'U' 'M' 'M' 'M' 'M' 'M' 'M' 'M' 'M' 'M' 'M' 'M' 'U' 'U' 'M' 'M' 'M' 'M'
 'M' 'M' 'M' 'M' 'M' 'M' 'M' 'M' 'U' 'U' 'M' 'U' 'U' 'M' 'M' 'M' 'M' 'M'
 'U' 'M' 'U' 'M' 'M' 'M' 'M' 'M' 'U' 'U' 'M' 'M' 'U' 'U' 'U' 'M' 'M' 'M'
 'U' 'M' 'M' 'M' 'M' 'U' 'M' 'M' 'M' 'M' 'M' 'M' 'M' 'M' 'M' 'U' 'M' 'M']"
346001,0,156,4,152,42,0,0,"['A' 'M' 'M' 'M' 'U' 'U' 'M' 'M' 'M' 'A' 'U' 'M' 'M' 'M' 'M' 'M' 'M' 'M'
 'U' 'M' 'M' 'M' 'U' 'U' 'A' 'M' 'M' 'M' 'M' 'M' 'M' 'M' 'M' 'M' 'M' 'M'
 'M' 'M' 'M' 'M' 'M' 'M' 'U' 'M' 'M' 'U' 'M' 'M' 'M' 'M' 'M' 'U' 'U' 'M'
 'M' 'M' 'M' 'M' 'M' 'U' 'M' 'M' 'M' 'M' 'M' 'U' 'M' 'U' 'M' 'M' 'M' 'M'
 'M' 'M' 'M' 'U' 'M' 'M' 'M' 'M' 'M' 'M' 'M' 'M' 'M' 'M' 'M' 'M' 'M' 'M'
 'M' 'U' 'M' 'M' 'U' 'M' 'M' 'M' 'M' 'M' 'M' 'U' 'M' 'M' 'M' 'M' 'M' 'M'
 'M' 'M' 'M' 'U' 'A' 'U' 'U' 'U' 'M' 'M' 'M' 'M' 'M' 'M' 'M' 'M' 'U' 'M'
 'U' 'M' 'M' 'M' 'M' 'M' 'U' 'U' 'U' 'U' 'U' 'U' 'U' 'U' 'M' 'M' 'M' 'M'
 'M' 'M' 'M' 'M' 'M' 'M' 'M' 'M' 'U' 'U' 'M' 'U' 'M' 'M' 'M' 'M' 'M' 'M'
 'U' 'M' 'M' 'M' 'M' 'M' 'M' 'M' 'U' 'U' 'M' 'M' 'U' 'M' 'U' 'M' 'M' 'M'
 'U' 'M' 'M' 'M' 'M' 'U' 'M' 'M' 'M' 'M' 'U' 'M' 'M' 'M' 'M' 'M' 'M' 'M']"
346101,0,149,3,146,49,0,0,"['A' 'M' 'M' 'M' 'U' 'M' 'M' 'M' 'M' 'U' 'U' 'M' 'M' 'M' 'U' 'U' 'U' 'M'
 'U' 'M' 'M' 'M' 'U' 'U' 'A' 'M' 'U' 'M' 'M' 'M' 'M' 'M' 'M' 'M' 'M' 'M'
 'M' 'M' 'M' 'M' 'M' 'M' 'M' 'M' 'U' 'U' 'M' 'M' 'M' 'M' 'M' 'U' 'U' 'M'
 'M' 'M' 'M' 'M' 'M' 'U' 'M' 'M' 'M' 'M' 'M' 'M' 'M' 'M' 'M' 'M' 'M' 'M'
 'M' 'M' 'U' 'M' 'U' 'M' 'M' 'M' 'M' 'U' 'M' 'M' 'U' 'M' 'M' 'M' 'M' 'M'
 'U' 'M' 'M' 'M' 'M' 'M' 'M' 'M' 'M' 'U' 'M' 'A' 'M' 'M' 'U' 'M' 'M' 'M'
 'M' 'M' 'M' 'U' 'U' 'U' 'U' 'M' 'M' 'M' 'M' 'M' 'M' 'M' 'M' 'M' 'M' 'M'
 'U' 'M' 'U' 'M' 'M' 'M' 'M' 'U' 'U' 'U' 'U' 'U' 'U' 'U' 'M' 'M' 'M' 'M'
 'M' 'M' 'U' 'M' 'M' 'U' 'M' 'M' 'M' 'U' 'M' 'U' 'M' 'M' 'M' 'M' 'M' 'M'
 'U' 'M' 'M' 'M' 'M' 'M' 'M' 'M' 'U' 'U' 'M' 'M' 'U' 'M' 'U' 'M' 'M' 'M'
 'U' 'M' 'U' 'M' 'M' 'U' 'U' 'M' 'M' 'M' 'U' 'M' 'M' 'M' 'M' 'M' 'M' 'M']"
346201,0,158,5,153,40,0,0,"['A' 'M' 'M' 'M' 'U' 'M' 'M' 'M' 'M' 'U' 'U' 'M' 'M' 'M' 'U' 'U' 'M' 'M'
 'M' 'M' 'M' 'M' 'U' 'M' 'A' 'M' 'U' 'M' 'M' 'M' 'M' 'M' 'M' 'M' 'M' 'M'
 'M' 'M' 'M' 'M' 'M' 'M' 'M' 'M' 'M' 'U' 'M' 'M' 'M' 'M' 'M' 'U' 'U' 'M'
 'M' 'M' 'M' 'M' 'M' 'U' 'M' 'U' 'M' 'M' 'M' 'M' 'U' 'M' 'U' 'M' 'M' 'M'
 'U' 'U' 'M' 'M' 'M' 'M' 'M' 'M' 'M' 'M' 'M' 'M' 'M' 'M' 'M' 'M' 'M' 'M'
 'U' 'M' 'M' 'M' 'M' 'M' 'M' 'M' 'M' 'U' 'M' 'A' 'M' 'M' 'A' 'M' 'M' 'M'
 'M' 'M' 'M' 'M' 'U' 'U' 'M' 'M' 'M' 'M' 'M' 'M' 'U' 'M' 'M' 'M' 'M' 'M'
 'M' 'M' 'U' 'M' 'M' 'M' 'M' 'U' 'M' 'U' 'U' 'U' 'A' 'U' 'M' 'M' 'M' 'M'
 'M' 'M' 'U' 'M' 'M' 'U' 'U' 'M' 'M' 'M' 'M' 'U' 'M' 'U' 'M' 'M' 'M' 'M'
 'U' 'M' 'M' 'M' 'M' 'M' 'M' 'M' 'M' 'U' 'M' 'M' 'U' 'M' 'M' 'M' 'M' 'M'
 'U' 'M' 'U' 'M' 'M' 'U' 'U' 'M' 'M' 'M' 'U' 'M' 'M' 'M' 'M' 'M' 'M' 'M']"
346301,0,155,3,152,43,0,0,"['A' 'M' 'M' 'M' 'U' 'M' 'M' 'M' 'M' 'U' 'U' 'M' 'M' 'M' 'U' 'M' 'M' 'M'
 'M' 'M' 'M' 'U' 'U' 'M' 'A' 'U' 'U' 'M' 'M' 'M' 'M' 'M' 'M' 'M' 'M' 'U'
 'M' 'M' 'M' 'M' 'M' 'M' 'U' 'M' 'M' 'U' 'M' 'M' 'M' 'M' 'M' 'U' 'U' 'M'
 'M' 'M' 'M' 'M' 'M' 'U' 'M' 'U' 'M' 'M' 'M' 'M' 'M' 'M' 'M' 'M' 'M' 'M'
 'M' 'M' 'M' 'M' 'U' 'M' 'U' 'U' 'M' 'M' 'M' 'M' 'U' 'M' 'M' 'M' 'M' 'U'
 'M' 'M' 'M' 'M' 'M' 'M' 'M' 'M' 'M' 'U' 'M' 'U' 'M' 'M' 'U' 'M' 'M' 'M'
 'M' 'M' 'M' 'M' 'U' 'U' 'M' 'U' 'M' 'M' 'M' 'M' 'M' 'M' 'M' 'M' 'M' 'M'
 'M' 'M' 'U' 'M' 'M' 'M' 'U' 'U' 'M' 'U' 'U' 'U' 'A' 'U' 'M' 'M' 'M' 'M'
 'M' 'M' 'U' 'M' 'M' 'U' 'M' 'M' 'M' 'M' 'M' 'U' 'M' 'U' 'M' 'U' 'M' 'M'
 'U' 'M' 'M' 'M' 'M' 'M' 'M' 'M' 'M' 'M' 'M' 'M' 'M' 'M' 'M' 'M' 'M' 'U'
 'U' 'M' 'M' 'M' 'M' 'U' 'M' 'M' 'M' 'M' 'M' 'M' 'M' 'M' 'U' 'M' 'M' 'M']"
346401,0,151,2,149,47,0,0,"['A' 'M' 'M' 'M' 'U' 'M' 'M' 'M' 'M' 'U' 'U' 'M' 'M' 'M' 'U' 'M' 'U' 'M'
 'M' 'M' 'U' 'U' 'M' 'U' 'U' 'M' 'U' 'M' 'M' 'M' 'M' 'U' 'M' 'M' 'M' 'U'
 'M' 'M' 'M' 'M' 'M' 'M' 'U' 'M' 'M' 'M' 'M' 'M' 'M' 'M' 'M' 'U' 'M' 'M'
 'M' 'M' 'M' 'M' 'M' 'M' 'M' 'U' 'M' 'M' 'M' 'M' 'M' 'M' 'M' 'M' 'M' 'M'
 'M' 'M' 'M' 'M' 'M' 'M' 'U' 'M' 'M' 'M' 'M' 'M' 'M' 'U' 'M' 'M' 'U' 'M'
 'M' 'U' 'M' 'M' 'U' 'U' 'U' 'M' 'M' 'M' 'M' 'U' 'M' 'M' 'U' 'M' 'M' 'M'
 'M' 'M' 'U' 'M' 'U' 'U' 'U' 'U' 'M' 'M' 'M' 'M' 'M' 'M' 'M' 'M' 'M' 'M'
 'M' 'M' 'M' 'M' 'M' 'U' 'U' 'U' 'U' 'U' 'U' 'U' 'A' 'U' 'M' 'M' 'M' 'M'
 'M' 'M' 'U' 'M' 'M' 'U' 'M' 'M' 'M' 'M' 'M' 'U' 'M' 'U' 'M' 'U' 'M' 'M'
 'M' 'M' 'M' 'M' 'M' 'M' 'M' 'M' 'M' 'M' 'M' 'M' 'M' 'M' 'M' 'M' 'M' 'U'
 'U' 'M' 'M' 'M' 'M' 'U' 'M' 'M' 'M' 'M' 'M' 'M' 'M' 'M' 'U' 'M' 'U' 'M']"
346501,0,155,3,152,43,0,0,"['A' 'M' 'M' 'M' 'M' 'M' 'M' 'M' 'U' 'U' 'M' 'M' 'M' 'M' 'U' 'M' 'U' 'M'
 'M' 'M' 'M' 'U' 'M' 'U' 'U' 'M' 'U' 'M' 'M' 'U' 'M' 'U' 'M' 'M' 'M' 'U'
 'M' 'M' 'M' 'M' 'M' 'M' 'U' 'M' 'M' 'M' 'M' 'M' 'M' 'M' 'M' 'U' 'M' 'M'
 'M' 'M' 'M' 'M' 'M' 'M' 'M' 'U' 'M' 'M' 'M' 'M' 'M' 'M' 'U' 'U' 'M' 'U'
 'M' 'M' 'M' 'M' 'M' 'U' 'M' 'M' 'M' 'U' 'M' 'M' 'M' 'M' 'M' 'M' 'M' 'M'
 'M' 'M' 'M' 'M' 'M' 'U' 'U' 'M' 'M' 'U' 'M' 'A' 'M' 'M' 'U' 'M' 'M' 'M'
 'M' 'M' 'U' 'M' 'U' 'U' 'M' 'M' 'M' 'M' 'M' 'M' 'M' 'M' 'M' 'M' 'M' 'M'
 'M' 'M' 'M' 'M' 'M' 'U' 'U' 'U' 'U' 'U' 'U' 'U' 'A' 'M' 'M' 'M' 'M' 'M'
 'M' 'M' 'M' 'M' 'M' 'U' 'U' 'M' 'M' 'M' 'M' 'U' 'M' 'U' 'M' 'M' 'M' 'M'
 'M' 'M' 'U' 'M' 'M' 'M' 'M' 'M' 'M' 'M' 'M' 'M' 'U' 'M' 'M' 'M' 'M' 'U'
 'U' 'M' 'M' 'M' 'M' 'M' 'M' 'M' 'M' 'M' 'U' 'M' 'M' 'M' 'U' 'M' 'M' 'M']"
346601,0,155,3,152,43,0,0,"['A' 'M' 'M' 'M' 'M' 'M' 'U' 'M' 'U' 'U' 'M' 'M' 'M' 'M' 'U' 'M' 'U' 'M'
 'M' 'M' 'M' 'M' 'M' 'M' 'M' 'M' 'U' 'M' 'M' 'U' 'M' 'U' 'M' 'U' 'M' 'U'
 'M' 'M' 'M' 'M' 'M' 'M' 'U' 'M' 'M' 'M' 'M' 'M' 'M' 'M' 'M' 'U' 'M' 'M'
 'M' 'M' 'M' 'M' 'M' 'M' 'M' 'U' 'M' 'M' 'M' 'M' 'M' 'M' 'M' 'M' 'M' 'M'
 'U' 'M' 'M' 'M' 'M' 'M' 'U' 'M' 'M' 'M' 'M' 'U' 'M' 'M' 'M' 'U' 'M' 'M'
 'U' 'M' 'M' 'M' 'M' 'M' 'U' 'M' 'M' 'U' 'M' 'A' 'M' 'M' 'U' 'M' 'M' 'M'
 'M' 'M' 'U' 'M' 'U' 'U' 'M' 'M' 'M' 'M' 'M' 'M' 'M' 'M' 'U' 'M' 'M' 'M'
 'M' 'M' 'M' 'M' 'M' 'U' 'U' 'U' 'U' 'U' 'U' 'U' 'A' 'M' 'M' 'M' 'M' 'M'
 'U' 'M' 'M' 'U' 'M' 'U' 'U' 'M' 'M' 'M' 'M' 'U' 'M' 'U' 'M' 'M' 'M' 'M'
 'U' 'M' 'U' 'M' 'M' 'M' 'M' 'M' 'M' 'M' 'M' 'M' 'M' 'M' 'M' 'M' 'M' 'U'
 'M' 'M' 'M' 'M' 'M' 'M' 'M' 'M' 'M' 'M' 'U' 'M' 'M' 'M' 'U' 'M' 'M' 'M']"
346701,0,160,4,156,38,0,0,"['A' 'M' 'M' 'M' 'M' 'M' 'M' 'M' 'U' 'U' 'U' 'M' 'U' 'M' 'U' 'M' 'U' 'M'
 'M' 'M' 'M' 'M' 'M' 'M' 'M' 'M' 'U' 'U' 'M' 'U' 'M' 'U' 'M' 'U' 'M' 'U'
 'M' 'M' 'M' 'M' 'M' 'M' 'M' 'M' 'M' 'M' 'M' 'M' 'M' 'M' 'M' 'U' 'M' 'M'
 'M' 'M' 'M' 'M' 'M' 'M' 'M' 'U' 'M' 'M' 'M' 'U' 'U' 'M' 'U' 'M' 'M' 'M'
 'M' 'M' 'U' 'M' 'M' 'M' 'M' 'M' 'M' 'M' 'M' 'M' 'M' 'M' 'M' 'M' 'M' 'M'
 'M' 'M' 'M' 'M' 'U' 'M' 'U' 'U' 'M' 'M' 'M' 'A' 'M' 'M' 'U' 'M' 'M' 'M'
 'M' 'M' 'M' 'M' 'U' 'U' 'M' 'M' 'M' 'M' 'M' 'U' 'M' 'M' 'U' 'M' 'M' 'M'
 'M' 'M' 'M' 'M' 'M' 'M' 'M' 'U' 'A' 'U' 'U' 'U' 'U' 'M' 'M' 'M' 'M' 'M'
 'A' 'M' 'M' 'U' 'M' 'U' 'M' 'M' 'U' 'M' 'M' 'U' 'M' 'U' 'M' 'M' 'M' 'M'
 'M' 'M' 'M' 'M' 'M' 'M' 'M' 'M' 'U' 'M' 'M' 'M' 'M' 'M' 'M' 'M' 'M' 'M'
 'M' 'M' 'M' 'M' 'M' 'M' 'M' 'M' 'M' 'M' 'U' 'M' 'M' 'M' 'M' 'M' 'M' 'M']"
346801,0,162,5,157,36,0,0,"['A' 'M' 'M' 'M' 'M' 'M' 'M' 'M' 'M' 'U' 'M' 'M' 'U' 'M' 'U' 'M' 'U' 'U'
 'M' 'M' 'M' 'M' 'M' 'M' 'M' 'M' 'U' 'M' 'M' 'A' 'M' 'U' 'M' 'M' 'M' 'U'
 'M' 'M' 'M' 'M' 'U' 'M' 'M' 'M' 'M' 'M' 'M' 'M' 'M' 'M' 'M' 'U' 'M' 'M'
 'M' 'M' 'M' 'M' 'M' 'M' 'M' 'U' 'M' 'M' 'M' 'M' 'M' 'M' 'M' 'M' 'M' 'M'
 'M' 'M' 'M' 'U' 'M' 'M' 'M' 'M' 'M' 'M' 'M' 'M' 'U' 'U' 'M' 'M' 'M' 'U'
 'U' 'M' 'M' 'M' 'M' 'A' 'U' 'U' 'M' 'M' 'M' 'U' 'M' 'M' 'U' 'M' 'M' 'U'
 'M' 'M' 'M' 'M' 'M' 'U' 'M' 'M' 'M' 'U' 'M' 'M' 'M' 'M' 'U' 'M' 'M' 'U'
 'M' 'M' 'M' 'M' 'M' 'M' 'M' 'M' 'A' 'M' 'U' 'U' 'U' 'M' 'M' 'M' 'M' 'M'
 'A' 'M' 'M' 'U' 'M' 'U' 'M' 'M' 'M' 'M' 'M' 'M' 'M' 'U' 'M' 'M' 'M' 'M'
 'M' 'M' 'U' 'M' 'M' 'U' 'M' 'M' 'M' 'M' 'M' 'M' 'M' 'M' 'M' 'U' 'M' 'M'
 'M' 'M' 'M' 'M' 'M' 'M' 'M' 'U' 'M' 'M' 'U' 'M' 'M' 'M' 'M' 'M' 'M' 'M']"
346901,0,164,5,159,34,0,0,"['A' 'M' 'M' 'M' 'M' 'U' 'M' 'M' 'M' 'M' 'M' 'M' 'M' 'M' 'U' 'M' 'U' 'U'
 'M' 'M' 'M' 'M' 'M' 'U' 'M' 'U' 'U' 'M' 'M' 'A' 'M' 'U' 'M' 'M' 'M' 'U'
 'M' 'M' 'M' 'M' 'U' 'M' 'M' 'M' 'M' 'M' 'M' 'M' 'M' 'M' 'M' 'M' 'M' 'M'
 'M' 'M' 'M' 'M' 'M' 'M' 'M' 'U' 'M' 'M' 'M' 'M' 'M' 'M' 'M' 'M' 'M' 'M'
 'M' 'U' 'U' 'M' 'M' 'M' 'M' 'M' 'M' 'M' 'M' 'U' 'U' 'M' 'M' 'M' 'M' 'M'
 'U' 'M' 'M' 'M' 'M' 'M' 'U' 'U' 'M' 'M' 'M' 'U' 'M' 'M' 'M' 'M' 'M' 'A'
 'M' 'M' 'M' 'M' 'M' 'U' 'M' 'M' 'M' 'M' 'M' 'M' 'M' 'M' 'M' 'M' 'M' 'M'
 'M' 'M' 'U' 'M' 'M' 'U' 'M' 'M' 'A' 'M' 'A' 'U' 'M' 'M' 'M' 'M' 'M' 'U'
 'U' 'M' 'M' 'U' 'M' 'U' 'M' 'M' 'M' 'M' 'M' 'M' 'U' 'M' 'M' 'M' 'M' 'M'
 'M' 'M' 'U' 'M' 'M' 'M' 'M' 'M' 'M' 'M' 'M' 'M' 'U' 'M' 'M' 'U' 'M' 'M'
 'M' 'M' 'M' 'M' 'M' 'M' 'M' 'U' 'M' 'M' 'U' 'M' 'M' 'M' 'M' 'M' 'M' 'U']"
347001,0,158,3,155,40,0,0,"['A' 'M' 'M' 'M' 'M' 'U' 'M' 'M' 'M' 'M' 'M' 'M' 'M' 'M' 'M' 'M' 'U' 'M'
 'M' 'M' 'M' 'M' 'M' 'U' 'M' 'U' 'U' 'M' 'U' 'A' 'M' 'U' 'M' 'M' 'M' 'U'
 'M' 'M' 'M' 'M' 'U' 'M' 'M' 'M' 'M' 'M' 'M' 'M' 'M' 'M' 'M' 'M' 'M' 'M'
 'M' 'M' 'M' 'M' 'M' 'M' 'M' 'M' 'M' 'M' 'M' 'M' 'M' 'M' 'M' 'M' 'M' 'U'
 'M' 'U' 'U' 'M' 'M' 'M' 'M' 'M' 'M' 'M' 'M' 'M' 'M' 'M' 'U' 'M' 'M' 'M'
 'M' 'U' 'M' 'M' 'M' 'M' 'U' 'M' 'M' 'M' 'M' 'U' 'M' 'M' 'M' 'U' 'M' 'U'
 'M' 'M' 'M' 'M' 'M' 'U' 'M' 'M' 'M' 'M' 'M' 'M' 'M' 'M' 'M' 'M' 'M' 'U'
 'M' 'M' 'U' 'M' 'M' 'U' 'U' 'U' 'U' 'U' 'U' 'U' 'U' 'M' 'M' 'U' 'M' 'A'
 'M' 'M' 'U' 'U' 'M' 'U' 'M' 'M' 'M' 'M' 'M' 'M' 'U' 'M' 'M' 'M' 'M' 'M'
 'M' 'M' 'U' 'M' 'M' 'M' 'M' 'M' 'M' 'M' 'M' 'M' 'U' 'M' 'M' 'U' 'M' 'M'
 'M' 'M' 'M' 'M' 'M' 'M' 'M' 'U' 'M' 'M' 'M' 'M' 'M' 'M' 'U' 'M' 'M' 'U']"
347101,0,159,4,155,39,0,0,"['A' 'M' 'M' 'M' 'M' 'U' 'M' 'M' 'M' 'M' 'M' 'M' 'M' 'M' 'M' 'M' 'M' 'M'
 'M' 'M' 'M' 'M' 'M' 'M' 'M' 'A' 'U' 'M' 'U' 'A' 'M' 'U' 'M' 'M' 'M' 'U'
 'M' 'M' 'M' 'M' 'U' 'M' 'M' 'M' 'M' 'M' 'M' 'M' 'M' 'M' 'M' 'M' 'M' 'M'
 'M' 'M' 'M' 'M' 'M' 'M' 'M' 'M' 'M' 'M' 'M' 'M' 'M' 'M' 'M' 'U' 'M' 'M'
 'M' 'M' 'M' 'M' 'M' 'U' 'M' 'M' 'M' 'U' 'M' 'M' 'U' 'M' 'M' 'M' 'M' 'M'
 'M' 'U' 'M' 'M' 'M' 'M' 'M' 'M' 'M' 'M' 'M' 'U' 'M' 'M' 'M' 'U' 'M' 'U'
 'U' 'M' 'M' 'M' 'U' 'M' 'M' 'M' 'U' 'M' 'M' 'U' 'M' 'M' 'M' 'M' 'M' 'U'
 'M' 'M' 'U' 'M' 'M' 'U' 'U' 'M' 'U' 'U' 'U' 'U' 'M' 'M' 'M' 'M' 'M' 'A'
 'M' 'M' 'U' 'U' 'M' 'U' 'U' 'M' 'M' 'M' 'M' 'M' 'U' 'M' 'M' 'M' 'M' 'M'
 'M' 'M' 'U' 'M' 'M' 'M' 'M' 'M' 'M' 'U' 'M' 'M' 'U' 'M' 'M' 'U' 'M' 'M'
 'M' 'M' 'U' 'M' 'M' 'M' 'M' 'U' 'M' 'M' 'M' 'M' 'M' 'U' 'M' 'M' 'M' 'U']"
347201,0,158,7,151,40,0,0,"['A' 'M' 'M' 'M' 'U' 'M' 'M' 'M' 'M' 'U' 'M' 'U' 'M' 'M' 'M' 'M' 'M' 'M'
 'M' 'U' 'M' 'M' 'M' 'M' 'M' 'A' 'M' 'M' 'M' 'A' 'M' 'U' 'M' 'M' 'M' 'U'
 'M' 'M' 'M' 'U' 'U' 'M' 'M' 'M' 'M' 'M' 'M' 'M' 'M' 'M' 'M' 'M' 'M' 'M'
 'M' 'M' 'M' 'M' 'M' 'M' 'M' 'M' 'M' 'M' 'M' 'M' 'M' 'U' 'M' 'M' 'M' 'M'
 'M' 'M' 'M' 'M' 'U' 'M' 'U' 'M' 'M' 'M' 'U' 'M' 'M' 'M' 'M' 'U' 'M' 'M'
 'M' 'M' 'M' 'M' 'M' 'M' 'M' 'M' 'M' 'M' 'M' 'U' 'M' 'M' 'M' 'U' 'M' 'U'
 'U' 'M' 'M' 'M' 'U' 'M' 'M' 'M' 'U' 'M' 'M' 'U' 'M' 'M' 'M' 'M' 'U' 'U'
 'M' 'U' 'M' 'M' 'M' 'U' 'U' 'U' 'U' 'U' 'U' 'U' 'U' 'U' 'A' 'M' 'M' 'A'
 'M' 'M' 'U' 'M' 'M' 'M' 'U' 'M' 'M' 'M' 'M' 'M' 'A' 'M' 'M' 'M' 'M' 'M'
 'M' 'M' 'U' 'M' 'M' 'M' 'M' 'M' 'M' 'M' 'M' 'M' 'U' 'M' 'M' 'U' 'M' 'M'
 'M' 'M' 'A' 'M' 'M' 'M' 'M' 'U' 'M' 'M' 'M' 'M' 'U' 'U' 'M' 'M' 'M' 'M']"
347301,0,160,5,155,38,0,1,"['A' 'M' 'M' 'U' 'U' 'M' 'M' 'M' 'M' 'M' 'M' 'U' 'M' 'M' 'U' 'M' 'M' 'M'
 'M' 'M' 'M' 'M' 'M' 'M' 'M' 'A' 'M' 'M' 'M' 'A' 'M' 'U' 'M' 'M' 'M' 'U'
 'M' 'U' 'M' 'M' 'U' 'M' 'M' 'M' 'M' 'M' 'M' 'M' 'M' 'M' 'M' 'M' 'M' 'M'
 'M' 'M' 'M' 'M' 'M' 'M' 'M' 'M' 'U' 'M' 'U' 'M' 'U' 'U' 'M' 'M' 'U' 'M'
 'M' 'M' 'M' 'M' 'M' 'M' 'M' 'M' 'M' 'M' 'M' 'M' 'M' 'M' 'M' 'M' 'M' 'M'
 'U' 'U' 'M' 'M' 'M' 'M' 'M' 'M' 'M' 'M' 'M' 'A' 'M' 'M' 'M' 'U' 'M' 'U'
 'U' 'M' 'M' 'U' 'U' 'M' 'M' 'M' 'U' 'M' 'M' 'U' 'M' 'M' 'M' 'M' 'M' 'U'
 'M' 'U' 'M' 'M' 'M' 'U' 'M' 'U' 'U' 'M' 'U' 'U' 'U' 'U' 'U' 'M' 'M' 'U'
 'M' 'M' 'M' 'M' 'M' 'M' 'U' 'M' 'M' 'M' 'M' 'M' 'A' 'M' 'U' 'M' 'M' 'M'
 'M' 'M' 'M' 'M' 'M' 'M' 'M' 'M' 'M' 'M' 'M' 'M' 'M' 'M' 'M' 'U' 'M' 'M'
 'M' 'M' 'U' 'M' 'M' 'M' 'M' 'U' 'M' 'M' 'M' 'M' 'M' 'M' 'M' 'M' 'M' 'M']"
347401,0,163,4,159,35,0,0,"['A' 'M' 'M' 'U' 'U' 'M' 'M' 'M' 'M' 'M' 'M' 'U' 'M' 'M' 'U' 'M' 'M' 'M'
 'M' 'M' 'M' 'M' 'M' 'M' 'M' 'A' 'M' 'M' 'M' 'A' 'M' 'U' 'M' 'M' 'M' 'U'
 'M' 'M' 'M' 'M' 'U' 'M' 'M' 'M' 'M' 'M' 'M' 'M' 'U' 'M' 'M' 'M' 'M' 'M'
 'U' 'M' 'M' 'M' 'M' 'M' 'M' 'M' 'M' 'M' 'U' 'M' 'M' 'M' 'M' 'M' 'M' 'M'
 'M' 'M' 'M' 'M' 'M' 'M' 'U' 'M' 'M' 'M' 'U' 'M' 'U' 'M' 'M' 'U' 'M' 'M'
 'M' 'M' 'U' 'M' 'M' 'M' 'M' 'M' 'M' 'M' 'M' 'U' 'M' 'M' 'M' 'U' 'M' 'U'
 'M' 'M' 'M' 'U' 'U' 'M' 'M' 'M' 'U' 'M' 'M' 'U' 'U' 'M' 'M' 'M' 'M' 'M'
 'M' 'U' 'M' 'M' 'M' 'M' 'U' 'U' 'U' 'U' 'U' 'M' 'U' 'M' 'U' 'M' 'M' 'M'
 'M' 'M' 'M' 'M' 'M' 'M' 'U' 'M' 'M' 'M' 'M' 'M' 'A' 'M' 'M' 'M' 'M' 'M'
 'M' 'M' 'M' 'M' 'M' 'M' 'M' 'M' 'M' 'M' 'M' 'M' 'M' 'M' 'M' 'M' 'U' 'M'
 'M' 'M' 'U' 'M' 'M' 'M' 'M' 'U' 'M' 'M' 'M' 'M' 'M' 'M' 'M' 'M' 'M' 'M']"
347501,0,166,4,162,32,0,0,"['A' 'M' 'M' 'M' 'M' 'M' 'M' 'M' 'M' 'M' 'M' 'M' 'M' 'M' 'M' 'M' 'M' 'M'
 'U' 'M' 'M' 'M' 'M' 'M' 'M' 'A' 'M' 'M' 'M' 'A' 'M' 'U' 'M' 'M' 'M' 'M'
 'M' 'M' 'M' 'M' 'U' 'M' 'M' 'M' 'M' 'M' 'M' 'M' 'M' 'M' 'M' 'M' 'M' 'M'
 'M' 'M' 'M' 'M' 'M' 'M' 'M' 'M' 'M' 'M' 'U' 'M' 'M' 'M' 'M' 'M' 'M' 'M'
 'M' 'M' 'M' 'M' 'M' 'M' 'U' 'U' 'M' 'U' 'M' 'U' 'M' 'M' 'U' 'M' 'M' 'M'
 'M' 'M' 'M' 'M' 'M' 'M' 'M' 'U' 'M' 'M' 'M' 'U' 'M' 'M' 'M' 'U' 'M' 'U'
 'M' 'M' 'M' 'U' 'U' 'M' 'M' 'M' 'U' 'M' 'M' 'U' 'U' 'M' 'M' 'M' 'M' 'M'
 'M' 'U' 'M' 'M' 'M' 'M' 'M' 'U' 'U' 'U' 'U' 'U' 'M' 'M' 'U' 'M' 'M' 'M'
 'M' 'M' 'M' 'M' 'M' 'M' 'U' 'M' 'M' 'M' 'M' 'M' 'A' 'M' 'M' 'M' 'M' 'M'
 'M' 'M' 'M' 'M' 'M' 'M' 'M' 'U' 'M' 'M' 'U' 'M' 'M' 'M' 'M' 'M' 'U' 'M'
 'M' 'M' 'U' 'M' 'M' 'M' 'M' 'U' 'M' 'M' 'U' 'M' 'M' 'M' 'M' 'M' 'M' 'M']"
347601,0,165,3,162,33,0,1,"['A' 'M' 'M' 'M' 'M' 'M' 'M' 'M' 'M' 'M' 'M' 'M' 'M' 'M' 'M' 'M' 'M' 'M'
 'U' 'M' 'M' 'M' 'M' 'M' 'U' 'U' 'M' 'M' 'M' 'A' 'M' 'U' 'M' 'M' 'M' 'M'
 'M' 'M' 'M' 'M' 'U' 'M' 'M' 'M' 'M' 'M' 'M' 'M' 'M' 'M' 'M' 'M' 'M' 'M'
 'M' 'M' 'M' 'M' 'M' 'M' 'M' 'M' 'U' 'M' 'U' 'M' 'M' 'M' 'M' 'U' 'U' 'U'
 'M' 'M' 'M' 'M' 'M' 'M' 'M' 'M' 'U' 'M' 'M' 'M' 'M' 'M' 'M' 'M' 'M' 'M'
 'M' 'M' 'M' 'M' 'U' 'M' 'M' 'U' 'M' 'M' 'M' 'U' 'M' 'M' 'M' 'M' 'M' 'U'
 'M' 'M' 'M' 'U' 'M' 'M' 'M' 'M' 'U' 'M' 'M' 'U' 'U' 'U' 'M' 'M' 'M' 'M'
 'M' 'U' 'M' 'M' 'M' 'M' 'U' 'M' 'M' 'U' 'U' 'U' 'U' 'M' 'U' 'M' 'M' 'M'
 'M' 'M' 'M' 'M' 'M' 'M' 'U' 'M' 'M' 'M' 'M' 'M' 'A' 'M' 'M' 'M' 'M' 'M'
 'M' 'M' 'M' 'U' 'M' 'M' 'M' 'M' 'M' 'M' 'U' 'M' 'M' 'M' 'M' 'M' 'U' 'M'
 'M' 'M' 'M' 'M' 'M' 'M' 'M' 'U' 'M' 'M' 'U' 'M' 'M' 'M' 'M' 'M' 'M' 'M']"
347701,0,167,6,161,31,1,0,"['A' 'M' 'M' 'M' 'M' 'M' 'M' 'U' 'M' 'M' 'M' 'M' 'M' 'M' 'M' 'M' 'M' 'M'
 'M' 'M' 'M' 'M' 'M' 'M' 'U' 'U' 'M' 'M' 'M' 'A' 'M' 'U' 'M' 'M' 'M' 'M'
 'M' 'M' 'M' 'M' 'M' 'U' 'M' 'M' 'M' 'M' 'U' 'M' 'M' 'M' 'M' 'M' 'M' 'M'
 'M' 'M' 'M' 'M' 'M' 'M' 'M' 'M' 'U' 'M' 'U' 'M' 'M' 'M' 'U' 'M' 'M' 'M'
 'M' 'M' 'M' 'M' 'M' 'M' 'M' 'M' 'M' 'M' 'M' 'M' 'U' 'M' 'M' 'M' 'U' 'M'
 'U' 'M' 'M' 'M' 'U' 'M' 'M' 'U' 'M' 'M' 'M' 'M' 'M' 'M' 'M' 'M' 'M' 'U'
 'M' 'M' 'M' 'M' 'M' 'M' 'M' 'M' 'U' 'M' 'M' 'U' 'A' 'A' 'U' 'M' 'M' 'M'
 'M' 'U' 'M' 'M' 'M' 'M' 'U' 'U' 'A' 'U' 'U' 'U' 'U' 'M' 'U' 'M' 'M' 'M'
 'M' 'U' 'M' 'M' 'M' 'M' 'U' 'M' 'M' 'M' 'M' 'M' 'A' 'M' 'M' 'M' 'M' 'M'
 'M' 'M' 'M' 'U' 'M' 'M' 'M' 'M' 'M' 'M' 'M' 'M' 'M' 'M' 'M' 'M' 'M' 'M'
 'M' 'M' 'M' 'M' 'M' 'M' 'M' 'M' 'M' 'M' 'U' 'M' 'M' 'M' 'U' 'M' 'M' 'M']"
347801,0,163,4,159,35,0,0,"['A' 'M' 'M' 'U' 'M' 'M' 'M' 'U' 'M' 'M' 'M' 'M' 'M' 'M' 'M' 'M' 'M' 'M'
 'M' 'M' 'M' 'M' 'M' 'M' 'U' 'U' 'M' 'M' 'M' 'U' 'M' 'M' 'M' 'M' 'M' 'M'
 'M' 'U' 'M' 'M' 'M' 'U' 'U' 'M' 'M' 'M' 'U' 'M' 'M' 'M' 'M' 'U' 'M' 'M'
 'M' 'M' 'M' 'M' 'M' 'M' 'M' 'M' 'U' 'M' 'U' 'M' 'M' 'M' 'U' 'M' 'M' 'M'
 'M' 'M' 'M' 'M' 'M' 'M' 'M' 'M' 'M' 'U' 'M' 'M' 'M' 'M' 'M' 'M' 'M' 'U'
 'U' 'U' 'M' 'M' 'M' 'M' 'M' 'U' 'M' 'M' 'M' 'M' 'M' 'U' 'M' 'M' 'M' 'U'
 'M' 'M' 'M' 'M' 'M' 'M' 'M' 'M' 'M' 'M' 'U' 'M' 'A' 'A' 'U' 'M' 'M' 'M'
 'M' 'M' 'M' 'M' 'M' 'M' 'U' 'U' 'U' 'M' 'M' 'U' 'U' 'M' 'U' 'M' 'M' 'M'
 'M' 'U' 'M' 'M' 'M' 'M' 'U' 'M' 'M' 'M' 'M' 'M' 'A' 'M' 'M' 'M' 'M' 'M'
 'M' 'M' 'M' 'U' 'M' 'M' 'M' 'M' 'M' 'U' 'M' 'M' 'M' 'M' 'M' 'M' 'M' 'M'
 'M' 'M' 'M' 'M' 'U' 'M' 'M' 'M' 'M' 'M' 'U' 'M' 'M' 'M' 'U' 'M' 'M' 'M']"
347901,0,166,5,161,32,0,0,"['A' 'M' 'M' 'U' 'M' 'M' 'M' 'M' 'M' 'M' 'M' 'M' 'M' 'M' 'M' 'M' 'M' 'M'
 'M' 'U' 'M' 'M' 'U' 'M' 'U' 'U' 'M' 'M' 'M' 'M' 'M' 'M' 'M' 'M' 'M' 'M'
 'U' 'U' 'M' 'M' 'M' 'U' 'U' 'M' 'M' 'M' 'U' 'M' 'M' 'M' 'M' 'M' 'M' 'M'
 'M' 'M' 'M' 'M' 'M' 'M' 'M' 'U' 'U' 'M' 'M' 'M' 'M' 'M' 'M' 'M' 'M' 'M'
 'M' 'U' 'M' 'U' 'U' 'M' 'M' 'M' 'M' 'M' 'U' 'M' 'M' 'M' 'M' 'M' 'M' 'M'
 'U' 'M' 'M' 'M' 'M' 'M' 'M' 'M' 'M' 'M' 'M' 'M' 'M' 'U' 'M' 'M' 'M' 'U'
 'M' 'M' 'M' 'M' 'M' 'M' 'M' 'M' 'M' 'U' 'M' 'M' 'A' 'A' 'U' 'M' 'M' 'M'
 'M' 'M' 'M' 'M' 'M' 'M' 'U' 'U' 'U' 'M' 'M' 'U' 'U' 'M' 'M' 'M' 'M' 'M'
 'M' 'U' 'M' 'M' 'M' 'M' 'M' 'M' 'M' 'M' 'M' 'M' 'A' 'M' 'U' 'M' 'M' 'M'
 'M' 'M' 'M' 'U' 'M' 'M' 'M' 'M' 'M' 'M' 'M' 'M' 'M' 'M' 'M' 'M' 'M' 'M'
 'M' 'M' 'M' 'M' 'U' 'M' 'M' 'M' 'U' 'M' 'U' 'M' 'M' 'M' 'A' 'M' 'M' 'M']"
348001,0,171,5,166,27,0,0,"['A' 'M' 'M' 'U' 'M' 'M' 'M' 'M' 'M' 'M' 'M' 'M' 'M' 'M' 'M' 'M' 'M' 'M'
 'M' 'M' 'M' 'M' 'U' 'M' 'U' 'U' 'M' 'M' 'U' 'M' 'M' 'M' 'M' 'M' 'U' 'M'
 'M' 'U' 'M' 'M' 'M' 'M' 'U' 'M' 'M' 'M' 'M' 'M' 'M' 'M' 'M' 'M' 'M' 'M'
 'M' 'M' 'M' 'U' 'M' 'M' 'M' 'U' 'M' 'M' 'M' 'M' 'M' 'U' 'M' 'M' 'M' 'U'
 'M' 'M' 'M' 'M' 'M' 'M' 'M' 'U' 'M' 'M' 'M' 'M' 'M' 'M' 'M' 'M' 'U' 'M'
 'M' 'U' 'M' 'M' 'M' 'M' 'M' 'U' 'M' 'M' 'M' 'M' 'M' 'M' 'M' 'M' 'M' 'U'
 'M' 'M' 'U' 'M' 'M' 'M' 'M' 'M' 'M' 'U' 'M' 'M' 'A' 'A' 'M' 'M' 'M' 'M'
 'M' 'M' 'U' 'M' 'M' 'M' 'U' 'M' 'M' 'M' 'M' 'U' 'M' 'M' 'M' 'M' 'M' 'M'
 'M' 'M' 'M' 'M' 'M' 'M' 'M' 'M' 'M' 'M' 'M' 'M' 'A' 'M' 'U' 'M' 'M' 'M'
 'M' 'U' 'M' 'U' 'M' 'M' 'M' 'M' 'M' 'M' 'M' 'U' 'M' 'M' 'M' 'M' 'M' 'M'
 'M' 'M' 'M' 'M' 'M' 'M' 'M' 'M' 'U' 'M' 'M' 'M' 'M' 'M' 'A' 'M' 'M' 'M']"
348101,0,171,4,167,27,1,0,"['A' 'M' 'M' 'U' 'M' 'M' 'M' 'M' 'M' 'M' 'M' 'M' 'M' 'M' 'M' 'M' 'M' 'M'
 'M' 'M' 'M' 'M' 'U' 'M' 'M' 'U' 'M' 'M' 'U' 'M' 'U' 'M' 'M' 'M' 'U' 'M'
 'M' 'U' 'M' 'M' 'M' 'M' 'U' 'M' 'M' 'M' 'M' 'M' 'M' 'M' 'U' 'M' 'M' 'M'
 'M' 'M' 'M' 'U' 'M' 'M' 'M' 'U' 'M' 'M' 'M' 'M' 'M' 'M' 'M' 'M' 'M' 'M'
 'M' 'U' 'M' 'M' 'U' 'M' 'U' 'M' 'M' 'M' 'M' 'M' 'M' 'U' 'M' 'M' 'M' 'U'
 'M' 'M' 'M' 'M' 'M' 'U' 'M' 'M' 'M' 'M' 'M' 'M' 'M' 'M' 'M' 'M' 'M' 'U'
 'M' 'M' 'M' 'M' 'M' 'M' 'M' 'M' 'M' 'U' 'M' 'M' 'M' 'A' 'M' 'M' 'M' 'M'
 'M' 'M' 'U' 'M' 'M' 'M' 'M' 'M' 'M' 'M' 'M' 'M' 'M' 'M' 'M' 'M' 'U' 'M'
 'M' 'U' 'M' 'M' 'M' 'M' 'M' 'M' 'M' 'M' 'M' 'M' 'A' 'M' 'M' 'M' 'M' 'M'
 'M' 'U' 'M' 'U' 'M' 'U' 'M' 'M' 'M' 'M' 'M' 'U' 'M' 'M' 'M' 'M' 'M' 'M'
 'M' 'M' 'M' 'U' 'M' 'M' 'M' 'M' 'M' 'M' 'M' 'M' 'M' 'M' 'A' 'M' 'M' 'M']"
348201,0,162,2,160,36,0,0,"['A' 'M' 'M' 'U' 'M' 'M' 'M' 'M' 'M' 'M' 'M' 'M' 'M' 'M' 'M' 'M' 'M' 'M'
 'M' 'M' 'M' 'M' 'U' 'M' 'M' 'U' 'M' 'M' 'U' 'M' 'U' 'M' 'M' 'M' 'U' 'M'
 'M' 'U' 'M' 'U' 'M' 'M' 'U' 'M' 'M' 'M' 'M' 'M' 'M' 'M' 'U' 'M' 'M' 'M'
 'M' 'M' 'M' 'U' 'M' 'M' 'U' 'U' 'M' 'M' 'M' 'M' 'M' 'M' 'M' 'M' 'M' 'M'
 'M' 'M' 'U' 'M' 'M' 'M' 'M' 'U' 'U' 'U' 'M' 'M' 'M' 'M' 'U' 'M' 'M' 'M'
 'M' 'M' 'M' 'M' 'M' 'U' 'M' 'M' 'M' 'M' 'M' 'M' 'M' 'M' 'M' 'M' 'U' 'U'
 'M' 'M' 'M' 'M' 'M' 'M' 'M' 'M' 'M' 'U' 'U' 'M' 'M' 'U' 'M' 'M' 'U' 'U'
 'M' 'M' 'U' 'M' 'M' 'M' 'M' 'M' 'M' 'M' 'M' 'M' 'M' 'M' 'U' 'M' 'U' 'M'
 'U' 'U' 'M' 'M' 'M' 'M' 'M' 'M' 'M' 'U' 'M' 'M' 'U' 'M' 'M' 'M' 'M' 'M'
 'M' 'M' 'M' 'U' 'M' 'U' 'M' 'M' 'M' 'M' 'M' 'U' 'M' 'M' 'M' 'M' 'M' 'M'
 'M' 'M' 'M' 'A' 'M' 'M' 'M' 'M' 'M' 'M' 'M' 'M' 'M' 'M' 'M' 'M' 'M' 'M']"
348301,0,168,4,164,30,0,0,"['A' 'M' 'M' 'U' 'M' 'M' 'M' 'M' 'M' 'M' 'M' 'M' 'M' 'M' 'M' 'M' 'M' 'M'
 'M' 'M' 'M' 'M' 'A' 'M' 'M' 'U' 'M' 'M' 'U' 'M' 'M' 'M' 'M' 'M' 'M' 'M'
 'M' 'M' 'M' 'U' 'M' 'U' 'U' 'M' 'M' 'M' 'M' 'M' 'M' 'M' 'M' 'M' 'M' 'M'
 'M' 'M' 'M' 'M' 'M' 'M' 'M' 'U' 'M' 'M' 'M' 'M' 'M' 'M' 'U' 'U' 'M' 'M'
 'M' 'M' 'M' 'M' 'M' 'M' 'M' 'M' 'M' 'M' 'M' 'M' 'M' 'M' 'U' 'M' 'U' 'M'
 'M' 'M' 'U' 'M' 'M' 'U' 'U' 'M' 'M' 'M' 'M' 'U' 'M' 'M' 'M' 'M' 'U' 'U'
 'M' 'M' 'M' 'M' 'M' 'M' 'M' 'M' 'M' 'U' 'U' 'M' 'M' 'M' 'M' 'M' 'U' 'U'
 'M' 'M' 'M' 'M' 'M' 'M' 'M' 'M' 'M' 'M' 'M' 'M' 'M' 'M' 'U' 'M' 'U' 'M'
 'U' 'U' 'M' 'M' 'M' 'M' 'M' 'M' 'M' 'M' 'U' 'M' 'U' 'M' 'M' 'M' 'M' 'M'
 'U' 'M' 'M' 'U' 'M' 'U' 'M' 'M' 'M' 'M' 'M' 'A' 'M' 'M' 'M' 'M' 'M' 'M'
 'M' 'M' 'M' 'A' 'M' 'M' 'M' 'M' 'M' 'M' 'M' 'M' 'M' 'M' 'M' 'M' 'M' 'M']"
348401,0,163,2,161,35,0,0,"['A' 'M' 'M' 'U' 'M' 'M' 'M' 'U' 'M' 'M' 'M' 'M' 'M' 'M' 'M' 'M' 'M' 'M'
 'M' 'M' 'U' 'M' 'U' 'M' 'M' 'M' 'M' 'M' 'U' 'U' 'M' 'M' 'M' 'M' 'M' 'M'
 'M' 'M' 'M' 'M' 'M' 'U' 'M' 'M' 'M' 'M' 'M' 'M' 'M' 'M' 'M' 'M' 'M' 'M'
 'M' 'M' 'M' 'M' 'M' 'M' 'M' 'M' 'M' 'M' 'M' 'U' 'M' 'M' 'M' 'U' 'U' 'M'
 'M' 'M' 'U' 'M' 'M' 'M' 'M' 'M' 'M' 'M' 'U' 'M' 'M' 'M' 'M' 'M' 'M' 'M'
 'M' 'M' 'M' 'M' 'M' 'U' 'U' 'M' 'U' 'M' 'M' 'U' 'M' 'M' 'M' 'M' 'U' 'M'
 'M' 'M' 'M' 'M' 'M' 'M' 'M' 'M' 'M' 'U' 'M' 'M' 'M' 'M' 'U' 'M' 'U' 'U'
 'M' 'M' 'M' 'M' 'M' 'M' 'M' 'M' 'M' 'M' 'M' 'M' 'M' 'M' 'U' 'U' 'U' 'M'
 'U' 'U' 'M' 'M' 'M' 'M' 'M' 'M' 'M' 'M' 'U' 'M' 'M' 'U' 'M' 'M' 'M' 'M'
 'U' 'M' 'M' 'U' 'U' 'U' 'M' 'M' 'M' 'M' 'M' 'U' 'M' 'M' 'U' 'M' 'M' 'M'
 'M' 'M' 'M' 'A' 'M' 'M' 'M' 'M' 'M' 'M' 'M' 'M' 'U' 'M' 'M' 'M' 'M' 'M']"
348501,0,171,3,168,27,0,0,"['A' 'M' 'M' 'U' 'M' 'M' 'M' 'U' 'M' 'M' 'M' 'M' 'M' 'M' 'M' 'M' 'M' 'U'
 'M' 'M' 'U' 'U' 'M' 'M' 'M' 'M' 'M' 'M' 'U' 'U' 'M' 'M' 'M' 'M' 'M' 'M'
 'M' 'M' 'M' 'M' 'M' 'A' 'M' 'M' 'M' 'M' 'M' 'M' 'U' 'M' 'M' 'M' 'M' 'M'
 'M' 'M' 'M' 'M' 'M' 'M' 'M' 'M' 'M' 'M' 'M' 'M' 'M' 'M' 'M' 'M' 'M' 'M'
 'M' 'M' 'M' 'U' 'M' 'M' 'M' 'U' 'M' 'U' 'M' 'U' 'M' 'M' 'M' 'M' 'U' 'M'
 'M' 'M' 'M' 'M' 'M' 'M' 'M' 'M' 'U' 'M' 'M' 'M' 'M' 'M' 'M' 'M' 'M' 'M'
 'M' 'M' 'M' 'M' 'M' 'M' 'M' 'M' 'M' 'U' 'M' 'M' 'M' 'M' 'U' 'M' 'U' 'M'
 'M' 'M' 'M' 'M' 'M' 'M' 'U' 'M' 'M' 'M' 'M' 'M' 'M' 'M' 'M' 'U' 'M' 'M'
 'M' 'M' 'M' 'M' 'M' 'M' 'M' 'M' 'M' 'M' 'M' 'M' 'M' 'U' 'U' 'M' 'M' 'M'
 'U' 'M' 'M' 'M' 'M' 'M' 'M' 'M' 'M' 'M' 'M' 'U' 'M' 'M' 'U' 'U' 'M' 'M'
 'M' 'M' 'M' 'A' 'M' 'M' 'M' 'M' 'M' 'M' 'M' 'M' 'U' 'M' 'M' 'U' 'M' 'M']"
348601,0,172,3,169,26,0,0,"['A' 'U' 'M' 'U' 'M' 'M' 'M' 'U' 'M' 'M' 'U' 'M' 'M' 'M' 'M' 'M' 'M' 'U'
 'M' 'M' 'M' 'M' 'M' 'M' 'M' 'M' 'M' 'M' 'U' 'U' 'M' 'M' 'M' 'M' 'M' 'M'
 'M' 'M' 'M' 'M' 'M' 'A' 'M' 'M' 'M' 'M' 'M' 'M' 'M' 'M' 'M' 'M' 'M' 'M'
 'M' 'M' 'M' 'M' 'M' 'M' 'M' 'M' 'M' 'M' 'M' 'M' 'M' 'M' 'U' 'M' 'M' 'M'
 'M' 'M' 'M' 'M' 'M' 'M' 'M' 'M' 'M' 'U' 'U' 'M' 'M' 'M' 'M' 'M' 'M' 'M'
 'M' 'U' 'U' 'M' 'M' 'M' 'M' 'M' 'M' 'M' 'M' 'M' 'M' 'M' 'M' 'M' 'M' 'M'
 'M' 'M' 'M' 'M' 'M' 'M' 'M' 'M' 'U' 'U' 'M' 'M' 'M' 'M' 'U' 'M' 'M' 'M'
 'M' 'M' 'M' 'M' 'M' 'M' 'U' 'M' 'M' 'M' 'M' 'M' 'M' 'M' 'M' 'U' 'M' 'M'
 'M' 'U' 'M' 'M' 'M' 'M' 'M' 'M' 'M' 'U' 'M' 'M' 'M' 'U' 'M' 'M' 'M' 'M'
 'U' 'M' 'M' 'M' 'M' 'M' 'M' 'M' 'M' 'M' 'M' 'U' 'M' 'M' 'U' 'U' 'M' 'M'
 'M' 'M' 'M' 'A' 'M' 'M' 'M' 'M' 'M' 'M' 'M' 'M' 'U' 'M' 'M' 'U' 'M' 'M']"
348701,0,172,3,169,26,1,0,"['A' 'U' 'M' 'M' 'M' 'M' 'M' 'U' 'M' 'M' 'M' 'M' 'M' 'M' 'M' 'M' 'U' 'U'
 'M' 'M' 'M' 'M' 'M' 'M' 'M' 'U' 'M' 'M' 'U' 'U' 'M' 'M' 'M' 'M' 'M' 'M'
 'M' 'M' 'M' 'M' 'M' 'U' 'M' 'M' 'M' 'M' 'M' 'M' 'M' 'M' 'M' 'M' 'M' 'M'
 'M' 'M' 'M' 'M' 'M' 'M' 'M' 'M' 'M' 'M' 'M' 'U' 'M' 'M' 'M' 'M' 'M' 'M'
 'U' 'M' 'M' 'U' 'M' 'M' 'M' 'M' 'M' 'M' 'M' 'M' 'M' 'U' 'M' 'U' 'M' 'M'
 'M' 'M' 'M' 'M' 'M' 'M' 'M' 'U' 'M' 'M' 'M' 'M' 'M' 'M' 'M' 'M' 'M' 'M'
 'M' 'M' 'M' 'M' 'M' 'M' 'M' 'M' 'U' 'A' 'M' 'M' 'M' 'M' 'U' 'M' 'M' 'M'
 'M' 'M' 'M' 'M' 'M' 'M' 'M' 'M' 'M' 'M' 'M' 'M' 'M' 'M' 'M' 'U' 'M' 'M'
 'M' 'M' 'M' 'M' 'M' 'U' 'M' 'U' 'M' 'U' 'M' 'M' 'M' 'U' 'M' 'M' 'M' 'M'
 'M' 'M' 'M' 'M' 'M' 'M' 'M' 'M' 'M' 'M' 'M' 'U' 'M' 'M' 'U' 'U' 'M' 'M'
 'M' 'M' 'M' 'A' 'M' 'M' 'M' 'M' 'M' 'M' 'M' 'M' 'U' 'M' 'M' 'U' 'M' 'M']"
348801,0,174,3,171,24,0,0,"['A' 'M' 'M' 'M' 'M' 'M' 'M' 'U' 'M' 'M' 'M' 'M' 'M' 'M' 'M' 'M' 'U' 'U'
 'M' 'M' 'M' 'M' 'M' 'M' 'U' 'U' 'M' 'M' 'U' 'A' 'M' 'M' 'M' 'M' 'M' 'M'
 'M' 'M' 'M' 'M' 'M' 'U' 'M' 'M' 'M' 'M' 'M' 'M' 'M' 'M' 'M' 'M' 'U' 'M'
 'M' 'M' 'M' 'M' 'M' 'M' 'M' 'M' 'M' 'M' 'M' 'M' 'M' 'M' 'M' 'M' 'M' 'M'
 'U' 'U' 'M' 'M' 'M' 'M' 'M' 'M' 'M' 'M' 'M' 'U' 'M' 'M' 'M' 'M' 'U' 'M'
 'M' 'M' 'U' 'M' 'M' 'M' 'M' 'U' 'M' 'M' 'M' 'M' 'M' 'M' 'M' 'M' 'M' 'M'
 'M' 'M' 'M' 'M' 'M' 'M' 'M' 'M' 'M' 'U' 'M' 'M' 'M' 'M' 'U' 'M' 'M' 'M'
 'M' 'M' 'M' 'M' 'M' 'M' 'M' 'M' 'M' 'M' 'M' 'M' 'M' 'M' 'M' 'U' 'M' 'M'
 'M' 'M' 'M' 'M' 'M' 'U' 'M' 'M' 'M' 'M' 'M' 'M' 'M' 'M' 'M' 'M' 'M' 'M'
 'M' 'M' 'M' 'M' 'M' 'M' 'M' 'M' 'M' 'M' 'M' 'M' 'M' 'U' 'U' 'M' 'U' 'M'
 'M' 'M' 'M' 'A' 'M' 'M' 'M' 'M' 'M' 'M' 'U' 'M' 'U' 'M' 'M' 'U' 'M' 'M']"
348901,0,170,2,168,28,0,0,"['A' 'M' 'M' 'M' 'M' 'M' 'M' 'U' 'U' 'M' 'M' 'M' 'U' 'M' 'M' 'M' 'U' 'U'
 'M' 'M' 'M' 'M' 'M' 'M' 'U' 'M' 'M' 'M' 'U' 'U' 'M' 'M' 'M' 'M' 'U' 'M'
 'M' 'M' 'M' 'M' 'M' 'M' 'M' 'M' 'M' 'M' 'M' 'M' 'U' 'M' 'M' 'M' 'M' 'M'
 'M' 'M' 'M' 'M' 'M' 'M' 'M' 'U' 'M' 'M' 'M' 'U' 'M' 'M' 'M' 'M' 'U' 'M'
 'M' 'M' 'M' 'U' 'M' 'M' 'M' 'M' 'M' 'M' 'M' 'M' 'M' 'M' 'M' 'U' 'U' 'M'
 'M' 'M' 'M' 'M' 'M' 'M' 'M' 'M' 'M' 'M' 'M' 'M' 'M' 'M' 'M' 'M' 'M' 'M'
 'M' 'M' 'M' 'M' 'M' 'M' 'M' 'M' 'M' 'U' 'M' 'M' 'M' 'M' 'U' 'M' 'M' 'M'
 'M' 'M' 'U' 'M' 'U' 'M' 'M' 'M' 'M' 'M' 'M' 'U' 'M' 'M' 'M' 'U' 'M' 'M'
 'M' 'M' 'M' 'M' 'M' 'U' 'M' 'M' 'M' 'M' 'M' 'M' 'M' 'M' 'M' 'M' 'M' 'M'
 'M' 'M' 'M' 'M' 'U' 'M' 'M' 'M' 'M' 'M' 'M' 'M' 'M' 'M' 'U' 'M' 'U' 'M'
 'M' 'M' 'M' 'A' 'M' 'M' 'M' 'M' 'M' 'M' 'U' 'M' 'M' 'M' 'M' 'U' 'M' 'M']"
349001,0,163,2,161,35,0,0,"['A' 'M' 'U' 'M' 'M' 'M' 'M' 'U' 'U' 'M' 'M' 'M' 'U' 'M' 'M' 'U' 'U' 'U'
 'M' 'M' 'M' 'M' 'M' 'M' 'U' 'M' 'M' 'M' 'U' 'U' 'M' 'M' 'M' 'U' 'U' 'M'
 'M' 'M' 'M' 'U' 'M' 'M' 'M' 'M' 'M' 'M' 'M' 'M' 'U' 'M' 'M' 'M' 'M' 'M'
 'M' 'M' 'M' 'M' 'M' 'M' 'M' 'U' 'M' 'U' 'M' 'M' 'M' 'U' 'M' 'M' 'M' 'U'
 'M' 'M' 'M' 'U' 'M' 'M' 'M' 'M' 'M' 'M' 'U' 'M' 'M' 'M' 'M' 'M' 'M' 'M'
 'M' 'U' 'M' 'M' 'M' 'M' 'M' 'M' 'M' 'M' 'M' 'M' 'M' 'M' 'M' 'M' 'M' 'M'
 'M' 'M' 'M' 'M' 'U' 'M' 'M' 'M' 'M' 'U' 'M' 'M' 'M' 'M' 'U' 'M' 'M' 'M'
 'M' 'M' 'U' 'M' 'U' 'M' 'M' 'M' 'M' 'M' 'M' 'U' 'M' 'M' 'M' 'U' 'M' 'U'
 'M' 'M' 'M' 'M' 'M' 'U' 'M' 'M' 'M' 'M' 'M' 'M' 'M' 'M' 'M' 'M' 'M' 'M'
 'M' 'M' 'U' 'M' 'U' 'M' 'M' 'M' 'M' 'M' 'M' 'M' 'M' 'M' 'U' 'M' 'U' 'M'
 'M' 'M' 'M' 'A' 'M' 'M' 'M' 'M' 'M' 'M' 'M' 'M' 'M' 'M' 'M' 'U' 'M' 'M']"
349101,0,168,2,166,30,1,0,"['A' 'M' 'M' 'M' 'M' 'M' 'M' 'M' 'U' 'M' 'M' 'M' 'U' 'M' 'M' 'U' 'U' 'U'
 'M' 'M' 'M' 'M' 'M' 'M' 'U' 'M' 'M' 'M' 'U' 'U' 'M' 'M' 'M' 'U' 'M' 'M'
 'M' 'M' 'M' 'U' 'M' 'M' 'U' 'M' 'M' 'M' 'M' 'M' 'M' 'M' 'M' 'M' 'M' 'M'
 'M' 'M' 'M' 'M' 'M' 'M' 'M' 'U' 'M' 'U' 'M' 'M' 'M' 'M' 'M' 'M' 'M' 'U'
 'M' 'M' 'M' 'M' 'M' 'M' 'U' 'M' 'M' 'M' 'U' 'M' 'M' 'U' 'M' 'M' 'M' 'M'
 'M' 'M' 'M' 'M' 'U' 'M' 'U' 'M' 'M' 'M' 'M' 'M' 'M' 'M' 'M' 'M' 'M' 'M'
 'M' 'M' 'M' 'M' 'M' 'M' 'M' 'U' 'M' 'U' 'M' 'M' 'M' 'M' 'M' 'M' 'M' 'M'
 'M' 'M' 'U' 'M' 'U' 'M' 'M' 'M' 'M' 'M' 'M' 'U' 'M' 'M' 'M' 'M' 'M' 'M'
 'M' 'M' 'M' 'M' 'M' 'U' 'M' 'M' 'M' 'M' 'M' 'M' 'M' 'M' 'M' 'M' 'M' 'M'
 'M' 'M' 'U' 'M' 'M' 'M' 'M' 'M' 'M' 'M' 'M' 'U' 'M' 'M' 'M' 'M' 'U' 'M'
 'M' 'U' 'M' 'A' 'M' 'M' 'M' 'M' 'U' 'M' 'M' 'M' 'M' 'M' 'M' 'M' 'M' 'M']"
349201,0,170,2,168,28,0,0,"['A' 'M' 'M' 'M' 'M' 'M' 'M' 'M' 'U' 'M' 'M' 'M' 'U' 'M' 'M' 'U' 'U' 'U'
 'M' 'M' 'M' 'M' 'M' 'M' 'U' 'M' 'M' 'U' 'M' 'M' 'M' 'M' 'M' 'U' 'M' 'M'
 'M' 'M' 'M' 'U' 'M' 'M' 'U' 'M' 'M' 'M' 'M' 'M' 'M' 'U' 'M' 'M' 'M' 'M'
 'M' 'M' 'M' 'M' 'M' 'M' 'M' 'U' 'M' 'U' 'M' 'M' 'M' 'U' 'M' 'M' 'U' 'M'
 'M' 'M' 'M' 'M' 'U' 'M' 'M' 'M' 'U' 'M' 'M' 'U' 'M' 'M' 'M' 'M' 'M' 'M'
 'M' 'M' 'M' 'M' 'M' 'M' 'M' 'M' 'M' 'M' 'M' 'M' 'M' 'M' 'M' 'M' 'M' 'M'
 'M' 'M' 'M' 'M' 'M' 'M' 'M' 'U' 'M' 'U' 'M' 'M' 'M' 'U' 'M' 'M' 'M' 'M'
 'M' 'M' 'U' 'M' 'U' 'M' 'M' 'M' 'M' 'M' 'M' 'M' 'M' 'M' 'U' 'M' 'M' 'M'
 'M' 'M' 'M' 'M' 'M' 'M' 'M' 'M' 'M' 'M' 'M' 'M' 'M' 'U' 'M' 'U' 'M' 'M'
 'M' 'M' 'M' 'M' 'M' 'M' 'M' 'M' 'M' 'M' 'M' 'U' 'M' 'M' 'M' 'M' 'M' 'M'
 'M' 'U' 'M' 'A' 'M' 'M' 'M' 'M' 'M' 'M' 'M' 'M' 'M' 'M' 'M' 'M' 'M' 'M']"
349301,0,172,3,169,26,0,0,"['A' 'M' 'M' 'M' 'M' 'M' 'M' 'M' 'U' 'M' 'M' 'M' 'M' 'M' 'M' 'A' 'U' 'U'
 'M' 'M' 'M' 'M' 'M' 'M' 'U' 'M' 'M' 'M' 'M' 'M' 'M' 'M' 'M' 'U' 'M' 'M'
 'M' 'M' 'M' 'M' 'M' 'M' 'M' 'M' 'M' 'M' 'M' 'M' 'M' 'U' 'M' 'M' 'M' 'M'
 'M' 'M' 'U' 'M' 'M' 'U' 'M' 'U' 'M' 'M' 'M' 'M' 'M' 'U' 'U' 'M' 'M' 'M'
 'M' 'M' 'M' 'M' 'M' 'M' 'M' 'M' 'M' 'M' 'M' 'M' 'U' 'U' 'M' 'M' 'M' 'M'
 'M' 'U' 'M' 'M' 'M' 'M' 'M' 'M' 'M' 'M' 'M' 'M' 'M' 'M' 'M' 'M' 'M' 'M'
 'M' 'M' 'M' 'M' 'M' 'U' 'M' 'U' 'M' 'U' 'M' 'M' 'M' 'A' 'M' 'M' 'M' 'M'
 'M' 'M' 'U' 'M' 'M' 'M' 'M' 'M' 'M' 'M' 'M' 'M' 'M' 'M' 'U' 'U' 'M' 'M'
 'M' 'M' 'M' 'M' 'M' 'M' 'M' 'M' 'M' 'M' 'M' 'M' 'M' 'U' 'M' 'U' 'M' 'M'
 'M' 'M' 'M' 'M' 'M' 'U' 'M' 'M' 'M' 'M' 'M' 'U' 'M' 'M' 'M' 'M' 'M' 'M'
 'M' 'U' 'M' 'U' 'M' 'M' 'M' 'M' 'M' 'M' 'M' 'M' 'M' 'M' 'M' 'M' 'M' 'M']"
349401,0,172,2,170,26,0,0,"['A' 'M' 'M' 'M' 'M' 'M' 'M' 'M' 'U' 'M' 'M' 'M' 'M' 'M' 'M' 'U' 'U' 'U'
 'M' 'M' 'M' 'M' 'M' 'M' 'M' 'M' 'M' 'M' 'M' 'M' 'U' 'M' 'M' 'M' 'M' 'M'
 'M' 'M' 'M' 'U' 'M' 'M' 'M' 'M' 'M' 'M' 'M' 'M' 'M' 'U' 'M' 'M' 'M' 'M'
 'M' 'M' 'U' 'M' 'M' 'U' 'M' 'U' 'M' 'M' 'M' 'M' 'U' 'M' 'U' 'U' 'M' 'M'
 'M' 'M' 'M' 'M' 'M' 'M' 'M' 'M' 'M' 'U' 'M' 'M' 'M' 'M' 'M' 'M' 'M' 'M'
 'M' 'M' 'U' 'M' 'M' 'M' 'M' 'M' 'M' 'M' 'M' 'M' 'M' 'M' 'M' 'M' 'M' 'M'
 'M' 'M' 'M' 'M' 'M' 'U' 'M' 'U' 'U' 'U' 'M' 'M' 'M' 'A' 'M' 'M' 'M' 'M'
 'M' 'M' 'U' 'M' 'M' 'M' 'M' 'M' 'M' 'M' 'M' 'M' 'M' 'M' 'M' 'U' 'M' 'M'
 'M' 'M' 'M' 'M' 'M' 'M' 'M' 'M' 'M' 'M' 'M' 'M' 'M' 'U' 'M' 'U' 'M' 'M'
 'M' 'M' 'M' 'M' 'M' 'M' 'M' 'M' 'M' 'M' 'M' 'U' 'M' 'M' 'M' 'M' 'M' 'M'
 'M' 'M' 'M' 'U' 'M' 'M' 'M' 'M' 'M' 'M' 'M' 'M' 'M' 'M' 'M' 'U' 'M' 'M']"
349501,0,172,3,169,26,0,1,"['A' 'M' 'M' 'M' 'M' 'M' 'M' 'M' 'U' 'M' 'M' 'M' 'M' 'M' 'M' 'M' 'M' 'U'
 'M' 'M' 'M' 'M' 'M' 'M' 'M' 'M' 'M' 'M' 'M' 'M' 'U' 'M' 'M' 'M' 'M' 'M'
 'M' 'M' 'M' 'M' 'M' 'M' 'M' 'M' 'M' 'M' 'U' 'M' 'M' 'U' 'U' 'M' 'M' 'M'
 'M' 'M' 'M' 'M' 'M' 'U' 'M' 'U' 'M' 'M' 'U' 'M' 'M' 'U' 'M' 'M' 'M' 'M'
 'U' 'M' 'M' 'M' 'M' 'M' 'M' 'M' 'M' 'M' 'M' 'M' 'U' 'M' 'M' 'U' 'M' 'M'
 'M' 'U' 'M' 'M' 'M' 'M' 'M' 'M' 'M' 'U' 'M' 'M' 'M' 'M' 'U' 'M' 'M' 'M'
 'M' 'M' 'M' 'U' 'M' 'M' 'M' 'U' 'U' 'A' 'M' 'M' 'M' 'U' 'M' 'M' 'M' 'M'
 'M' 'M' 'U' 'M' 'M' 'M' 'M' 'M' 'M' 'M' 'M' 'M' 'M' 'M' 'M' 'A' 'U' 'M'
 'M' 'M' 'M' 'M' 'M' 'M' 'M' 'M' 'M' 'M' 'M' 'M' 'M' 'U' 'M' 'M' 'M' 'M'
 'M' 'M' 'M' 'M' 'M' 'M' 'M' 'M' 'M' 'M' 'M' 'U' 'M' 'M' 'M' 'M' 'M' 'M'
 'M' 'M' 'M' 'U' 'M' 'M' 'M' 'M' 'M' 'M' 'M' 'M' 'M' 'M' 'M' 'U' 'M' 'M']"
349601,0,168,1,167,30,0,0,"['A' 'M' 'M' 'M' 'M' 'M' 'M' 'M' 'U' 'U' 'M' 'M' 'M' 'M' 'M' 'M' 'U' 'U'
 'M' 'M' 'M' 'M' 'M' 'M' 'M' 'M' 'M' 'M' 'M' 'M' 'U' 'M' 'M' 'M' 'M' 'M'
 'M' 'M' 'M' 'M' 'M' 'M' 'M' 'M' 'M' 'M' 'U' 'U' 'M' 'U' 'U' 'M' 'M' 'M'
 'M' 'U' 'M' 'M' 'M' 'M' 'M' 'U' 'M' 'M' 'U' 'M' 'M' 'M' 'M' 'M' 'M' 'U'
 'M' 'U' 'U' 'M' 'M' 'M' 'M' 'M' 'M' 'M' 'M' 'M' 'U' 'M' 'M' 'M' 'M' 'M'
 'M' 'M' 'M' 'U' 'M' 'M' 'M' 'M' 'M' 'U' 'M' 'M' 'M' 'M' 'U' 'M' 'M' 'M'
 'M' 'M' 'M' 'U' 'M' 'M' 'M' 'M' 'U' 'U' 'M' 'M' 'M' 'M' 'U' 'M' 'M' 'M'
 'M' 'M' 'U' 'M' 'U' 'M' 'M' 'M' 'M' 'M' 'M' 'M' 'M' 'M' 'M' 'U' 'M' 'M'
 'M' 'M' 'M' 'U' 'M' 'M' 'M' 'M' 'M' 'M' 'M' 'M' 'M' 'U' 'M' 'M' 'M' 'M'
 'M' 'U' 'M' 'M' 'M' 'M' 'M' 'M' 'M' 'M' 'M' 'M' 'M' 'M' 'M' 'M' 'M' 'M'
 'M' 'M' 'M' 'M' 'M' 'M' 'M' 'M' 'M' 'M' 'M' 'M' 'M' 'M' 'M' 'U' 'M' 'M']"
349701,0,170,1,169,28,0,0,"['A' 'M' 'U' 'M' 'U' 'M' 'M' 'M' 'U' 'U' 'M' 'M' 'M' 'M' 'M' 'M' 'U' 'U'
 'M' 'M' 'M' 'M' 'M' 'M' 'M' 'M' 'M' 'M' 'M' 'M' 'U' 'M' 'M' 'M' 'M' 'M'
 'M' 'M' 'M' 'M' 'M' 'M' 'M' 'M' 'M' 'M' 'M' 'U' 'M' 'M' 'M' 'U' 'M' 'M'
 'M' 'M' 'M' 'M' 'M' 'M' 'M' 'U' 'M' 'M' 'U' 'M' 'M' 'U' 'M' 'M' 'U' 'U'
 'M' 'M' 'M' 'M' 'U' 'M' 'M' 'U' 'M' 'M' 'M' 'M' 'M' 'M' 'M' 'M' 'M' 'M'
 'M' 'M' 'M' 'M' 'M' 'M' 'M' 'M' 'M' 'U' 'M' 'M' 'M' 'M' 'M' 'M' 'M' 'M'
 'M' 'U' 'M' 'U' 'M' 'M' 'M' 'M' 'U' 'M' 'M' 'M' 'M' 'M' 'U' 'M' 'M' 'M'
 'M' 'M' 'U' 'M' 'U' 'M' 'M' 'M' 'M' 'M' 'M' 'M' 'M' 'M' 'M' 'U' 'M' 'M'
 'M' 'M' 'M' 'U' 'M' 'M' 'M' 'M' 'M' 'M' 'M' 'M' 'M' 'M' 'M' 'M' 'M' 'M'
 'M' 'U' 'M' 'M' 'M' 'M' 'M' 'M' 'M' 'M' 'M' 'M' 'M' 'U' 'M' 'M' 'M' 'M'
 'M' 'M' 'M' 'M' 'M' 'M' 'M' 'M' 'M' 'M' 'M' 'M' 'M' 'M' 'M' 'U' 'M' 'M']"
349801,0,171,2,169,27,0,0,"['A' 'M' 'M' 'M' 'U' 'M' 'M' 'M' 'M' 'M' 'M' 'M' 'M' 'M' 'M' 'M' 'M' 'U'
 'M' 'M' 'U' 'M' 'M' 'M' 'M' 'M' 'M' 'M' 'M' 'M' 'U' 'M' 'M' 'M' 'M' 'U'
 'M' 'M' 'M' 'M' 'M' 'M' 'M' 'M' 'M' 'M' 'M' 'U' 'M' 'M' 'M' 'U' 'M' 'M'
 'M' 'M' 'M' 'U' 'M' 'M' 'M' 'U' 'M' 'M' 'M' 'U' 'M' 'M' 'M' 'M' 'M' 'M'
 'M' 'M' 'U' 'M' 'M' 'M' 'U' 'M' 'M' 'U' 'M' 'M' 'M' 'M' 'M' 'M' 'M' 'M'
 'M' 'U' 'M' 'M' 'M' 'M' 'M' 'M' 'M' 'U' 'M' 'M' 'M' 'M' 'M' 'M' 'M' 'M'
 'M' 'M' 'M' 'U' 'M' 'M' 'M' 'M' 'U' 'M' 'M' 'M' 'U' 'M' 'U' 'M' 'M' 'M'
 'M' 'M' 'U' 'M' 'U' 'M' 'M' 'M' 'U' 'U' 'M' 'M' 'M' 'M' 'M' 'U' 'M' 'M'
 'M' 'M' 'M' 'M' 'A' 'M' 'M' 'M' 'M' 'M' 'M' 'M' 'M' 'M' 'M' 'M' 'M' 'M'
 'M' 'U' 'M' 'M' 'M' 'M' 'M' 'M' 'M' 'M' 'M' 'M' 'M' 'U' 'M' 'M' 'M' 'M'
 'M' 'M' 'M' 'U' 'M' 'M' 'M' 'M' 'M' 'M' 'M' 'M' 'M' 'M' 'M' 'M' 'M' 'M']"
349901,0,173,3,170,25,0,0,"['A' 'M' 'M' 'M' 'M' 'M' 'M' 'M' 'M' 'M' 'U' 'M' 'M' 'M' 'M' 'M' 'M' 'U'
 'M' 'M' 'M' 'M' 'M' 'M' 'M' 'M' 'U' 'M' 'M' 'M' 'U' 'M' 'M' 'M' 'M' 'U'
 'M' 'M' 'M' 'M' 'U' 'M' 'M' 'M' 'M' 'M' 'M' 'U' 'M' 'M' 'M' 'U' 'M' 'M'
 'M' 'M' 'M' 'U' 'M' 'M' 'M' 'A' 'M' 'M' 'M' 'M' 'M' 'M' 'M' 'U' 'M' 'M'
 'M' 'M' 'M' 'U' 'M' 'M' 'U' 'M' 'U' 'M' 'M' 'U' 'M' 'M' 'M' 'M' 'M' 'M'
 'M' 'M' 'M' 'M' 'M' 'M' 'M' 'M' 'M' 'U' 'M' 'M' 'M' 'M' 'M' 'M' 'M' 'M'
 'M' 'M' 'M' 'U' 'M' 'M' 'M' 'M' 'U' 'M' 'M' 'M' 'M' 'M' 'U' 'M' 'M' 'M'
 'M' 'M' 'M' 'M' 'M' 'M' 'M' 'M' 'A' 'U' 'M' 'M' 'M' 'M' 'M' 'U' 'M' 'M'
 'M' 'M' 'M' 'M' 'U' 'M' 'M' 'M' 'M' 'M' 'M' 'M' 'M' 'M' 'M' 'M' 'U' 'M'
 'M' 'M' 'M' 'M' 'M' 'U' 'U' 'M' 'M' 'M' 'M' 'M' 'M' 'U' 'M' 'M' 'M' 'M'
 'M' 'M' 'M' 'M' 'M' 'M' 'M' 'M' 'M' 'M' 'M' 'M' 'M' 'M' 'M' 'M' 'M' 'M']"
350001,0,170,2,168,28,0,0,"['A' 'M' 'M' 'M' 'M' 'U' 'M' 'M' 'M' 'M' 'U' 'M' 'M' 'M' 'M' 'M' 'M' 'M'
 'M' 'M' 'M' 'M' 'M' 'M' 'M' 'M' 'U' 'M' 'M' 'M' 'U' 'M' 'M' 'M' 'M' 'M'
 'M' 'M' 'M' 'M' 'U' 'M' 'M' 'M' 'M' 'M' 'M' 'U' 'M' 'M' 'M' 'U' 'M' 'M'
 'M' 'M' 'M' 'U' 'M' 'M' 'M' 'U' 'M' 'M' 'U' 'U' 'M' 'U' 'M' 'U' 'M' 'M'
 'M' 'M' 'M' 'M' 'M' 'M' 'M' 'M' 'M' 'M' 'M' 'M' 'U' 'M' 'M' 'M' 'M' 'U'
 'M' 'M' 'M' 'M' 'M' 'M' 'M' 'M' 'M' 'M' 'M' 'M' 'M' 'M' 'M' 'M' 'M' 'M'
 'M' 'M' 'M' 'U' 'M' 'M' 'M' 'M' 'M' 'M' 'M' 'U' 'M' 'M' 'U' 'M' 'M' 'M'
 'M' 'M' 'M' 'M' 'M' 'M' 'M' 'M' 'A' 'M' 'M' 'U' 'M' 'M' 'M' 'U' 'M' 'M'
 'M' 'M' 'M' 'M' 'U' 'M' 'M' 'M' 'M' 'M' 'M' 'M' 'M' 'M' 'M' 'U' 'U' 'M'
 'M' 'M' 'M' 'M' 'M' 'U' 'U' 'M' 'M' 'M' 'U' 'M' 'M' 'U' 'M' 'M' 'M' 'M'
 'M' 'M' 'U' 'M' 'M' 'M' 'M' 'M' 'M' 'M' 'M' 'M' 'M' 'M' 'M' 'M' 'M' 'M']"
350101,0,168,3,165,30,0,0,"['A' 'M' 'M' 'M' 'M' 'U' 'M' 'M' 'M' 'M' 'U' 'M' 'M' 'M' 'M' 'U' 'M' 'M'
 'M' 'M' 'M' 'M' 'M' 'M' 'M' 'M' 'U' 'M' 'M' 'M' 'U' 'M' 'M' 'M' 'U' 'M'
 'M' 'M' 'M' 'M' 'U' 'M' 'M' 'M' 'M' 'M' 'M' 'U' 'M' 'M' 'M' 'M' 'M' 'M'
 'M' 'M' 'M' 'U' 'M' 'M' 'M' 'U' 'M' 'M' 'U' 'M' 'M' 'M' 'M' 'M' 'M' 'U'
 'M' 'M' 'M' 'M' 'M' 'U' 'M' 'M' 'M' 'M' 'U' 'M' 'M' 'M' 'U' 'M' 'M' 'M'
 'M' 'M' 'U' 'M' 'M' 'M' 'M' 'M' 'M' 'M' 'M' 'M' 'M' 'M' 'M' 'M' 'M' 'M'
 'M' 'M' 'M' 'U' 'M' 'M' 'M' 'M' 'M' 'M' 'M' 'U' 'M' 'M' 'U' 'M' 'M' 'M'
 'M' 'M' 'M' 'U' 'M' 'M' 'M' 'M' 'A' 'M' 'M' 'M' 'M' 'M' 'M' 'A' 'U' 'M'
 'M' 'M' 'M' 'U' 'M' 'M' 'M' 'M' 'M' 'M' 'M' 'U' 'M' 'M' 'M' 'U' 'U' 'M'
 'M' 'M' 'M' 'M' 'M' 'U' 'U' 'M' 'M' 'M' 'U' 'M' 'M' 'M' 'M' 'M' 'M' 'M'
 'M' 'M' 'U' 'M' 'M' 'M' 'M' 'M' 'M' 'M' 'M' 'U' 'M' 'M' 'M' 'M' 'M' 'M']"
350201,0,172,3,169,26,0,0,"['A' 'M' 'M' 'M' 'M' 'M' 'M' 'M' 'U' 'M' 'U' 'M' 'M' 'M' 'M' 'U' 'M' 'M'
 'M' 'M' 'M' 'M' 'M' 'M' 'M' 'M' 'U' 'M' 'M' 'M' 'U' 'M' 'M' 'M' 'U' 'M'
 'M' 'M' 'M' 'M' 'U' 'M' 'M' 'M' 'M' 'M' 'M' 'U' 'M' 'M' 'U' 'M' 'M' 'M'
 'M' 'M' 'M' 'M' 'M' 'M' 'M' 'M' 'M' 'M' 'U' 'M' 'U' 'M' 'M' 'M' 'M' 'U'
 'M' 'U' 'M' 'M' 'M' 'M' 'M' 'U' 'U' 'M' 'M' 'M' 'M' 'M' 'M' 'M' 'M' 'M'
 'M' 'M' 'M' 'M' 'M' 'M' 'M' 'M' 'M' 'U' 'M' 'M' 'M' 'U' 'M' 'M' 'M' 'M'
 'M' 'M' 'M' 'M' 'M' 'M' 'M' 'M' 'M' 'M' 'M' 'U' 'M' 'M' 'U' 'M' 'M' 'M'
 'M' 'M' 'M' 'U' 'M' 'M' 'M' 'M' 'A' 'M' 'M' 'M' 'M' 'M' 'M' 'A' 'U' 'M'
 'M' 'M' 'M' 'U' 'M' 'M' 'M' 'M' 'M' 'M' 'M' 'M' 'M' 'M' 'M' 'M' 'M' 'M'
 'M' 'M' 'M' 'M' 'M' 'M' 'U' 'M' 'M' 'M' 'U' 'M' 'M' 'M' 'M' 'M' 'M' 'M'
 'U' 'M' 'M' 'U' 'M' 'M' 'M' 'M' 'M' 'M' 'M' 'M' 'M' 'M' 'M' 'M' 'M' 'M']"
350301,0,171,3,168,27,0,0,"['A' 'M' 'M' 'M' 'M' 'U' 'M' 'M' 'U' 'M' 'U' 'M' 'M' 'M' 'M' 'U' 'M' 'M'
 'M' 'M' 'M' 'M' 'M' 'M' 'M' 'M' 'U' 'M' 'M' 'M' 'M' 'M' 'M' 'M' 'M' 'U'
 'M' 'M' 'M' 'M' 'M' 'M' 'M' 'M' 'M' 'M' 'M' 'U' 'U' 'U' 'U' 'M' 'M' 'M'
 'M' 'M' 'M' 'M' 'M' 'M' 'M' 'M' 'M' 'M' 'U' 'U' 'M' 'M' 'M' 'M' 'M' 'M'
 'M' 'M' 'M' 'M' 'M' 'M' 'U' 'M' 'M' 'U' 'M' 'U' 'M' 'M' 'M' 'M' 'M' 'M'
 'U' 'M' 'M' 'M' 'M' 'M' 'M' 'M' 'M' 'U' 'M' 'M' 'M' 'U' 'M' 'U' 'M' 'M'
 'M' 'M' 'M' 'M' 'M' 'M' 'M' 'M' 'M' 'M' 'M' 'U' 'M' 'M' 'U' 'M' 'M' 'M'
 'M' 'M' 'M' 'M' 'M' 'M' 'M' 'M' 'A' 'M' 'M' 'M' 'M' 'M' 'M' 'A' 'U' 'M'
 'M' 'M' 'M' 'U' 'M' 'M' 'M' 'M' 'M' 'M' 'M' 'U' 'M' 'M' 'M' 'M' 'M' 'M'
 'M' 'M' 'M' 'M' 'M' 'M' 'M' 'M' 'M' 'M' 'U' 'M' 'M' 'M' 'M' 'M' 'M' 'M'
 'U' 'M' 'M' 'U' 'M' 'M' 'M' 'M' 'M' 'M' 'M' 'M' 'M' 'M' 'M' 'M' 'M' 'M']"
350401,0,167,3,164,31,0,0,"['A' 'M' 'M' 'M' 'M' 'U' 'U' 'M' 'U' 'M' 'U' 'M' 'M' 'M' 'U' 'U' 'M' 'M'
 'M' 'M' 'M' 'M' 'M' 'M' 'U' 'M' 'U' 'M' 'U' 'M' 'M' 'M' 'M' 'M' 'M' 'M'
 'M' 'M' 'M' 'M' 'M' 'M' 'M' 'M' 'M' 'M' 'M' 'M' 'U' 'M' 'U' 'M' 'M' 'M'
 'M' 'U' 'M' 'M' 'M' 'M' 'M' 'M' 'M' 'M' 'U' 'M' 'M' 'M' 'M' 'M' 'M' 'M'
 'U' 'M' 'M' 'M' 'M' 'M' 'U' 'U' 'M' 'M' 'M' 'M' 'M' 'M' 'U' 'M' 'U' 'M'
 'M' 'M' 'M' 'M' 'M' 'M' 'M' 'M' 'M' 'U' 'M' 'M' 'U' 'U' 'M' 'U' 'M' 'M'
 'M' 'M' 'M' 'M' 'M' 'M' 'M' 'M' 'M' 'M' 'M' 'U' 'M' 'M' 'U' 'M' 'M' 'M'
 'M' 'U' 'M' 'M' 'M' 'M' 'M' 'M' 'A' 'M' 'M' 'M' 'M' 'M' 'M' 'A' 'U' 'M'
 'M' 'M' 'M' 'U' 'M' 'M' 'M' 'M' 'M' 'M' 'M' 'M' 'M' 'M' 'M' 'M' 'M' 'M'
 'M' 'M' 'M' 'M' 'M' 'M' 'M' 'M' 'M' 'U' 'U' 'M' 'M' 'M' 'M' 'U' 'M' 'M'
 'U' 'M' 'M' 'M' 'M' 'M' 'M' 'M' 'M' 'M' 'M' 'M' 'M' 'M' 'M' 'M' 'M' 'M']"
350501,0,171,3,168,27,0,1,"['A' 'M' 'M' 'U' 'M' 'M' 'M' 'M' 'U' 'M' 'U' 'M' 'M' 'U' 'U' 'U' 'M' 'M'
 'M' 'M' 'M' 'M' 'M' 'M' 'M' 'M' 'M' 'M' 'U' 'M' 'M' 'M' 'M' 'M' 'M' 'M'
 'M' 'M' 'M' 'M' 'M' 'M' 'M' 'M' 'M' 'M' 'M' 'M' 'U' 'M' 'M' 'M' 'M' 'M'
 'M' 'U' 'M' 'M' 'M' 'M' 'M' 'M' 'M' 'M' 'U' 'M' 'M' 'U' 'U' 'U' 'M' 'M'
 'M' 'M' 'M' 'M' 'M' 'M' 'M' 'M' 'M' 'M' 'M' 'U' 'M' 'U' 'M' 'M' 'M' 'M'
 'M' 'M' 'M' 'M' 'M' 'M' 'M' 'M' 'M' 'U' 'M' 'M' 'U' 'U' 'M' 'U' 'M' 'M'
 'M' 'M' 'M' 'M' 'M' 'M' 'M' 'M' 'M' 'M' 'M' 'U' 'U' 'M' 'U' 'M' 'U' 'M'
 'M' 'U' 'M' 'M' 'M' 'M' 'M' 'M' 'A' 'M' 'M' 'M' 'M' 'M' 'M' 'A' 'M' 'M'
 'M' 'M' 'M' 'M' 'U' 'M' 'M' 'M' 'M' 'M' 'M' 'M' 'M' 'M' 'M' 'M' 'M' 'M'
 'M' 'M' 'M' 'M' 'M' 'M' 'M' 'M' 'M' 'U' 'M' 'M' 'M' 'M' 'M' 'M' 'M' 'M'
 'U' 'M' 'M' 'M' 'M' 'M' 'M' 'M' 'M' 'M' 'M' 'M' 'M' 'M' 'M' 'M' 'M' 'M']"
350601,0,177,5,172,21,0,0,"['A' 'M' 'M' 'U' 'M' 'M' 'M' 'M' 'U' 'M' 'U' 'M' 'M' 'U' 'U' 'A' 'M' 'M'
 'M' 'M' 'M' 'M' 'M' 'M' 'M' 'M' 'M' 'M' 'M' 'M' 'M' 'M' 'M' 'M' 'M' 'M'
 'M' 'M' 'M' 'M' 'M' 'M' 'M' 'M' 'M' 'M' 'M' 'M' 'M' 'M' 'M' 'M' 'M' 'M'
 'M' 'M' 'M' 'M' 'M' 'M' 'M' 'M' 'M' 'M' 'U' 'M' 'M' 'M' 'U' 'M' 'M' 'M'
 'M' 'M' 'M' 'U' 'M' 'M' 'U' 'U' 'M' 'M' 'M' 'M' 'M' 'M' 'M' 'M' 'M' 'M'
 'M' 'M' 'M' 'U' 'M' 'M' 'M' 'M' 'M' 'U' 'M' 'M' 'U' 'M' 'M' 'U' 'M' 'M'
 'M' 'M' 'M' 'M' 'M' 'M' 'M' 'M' 'M' 'M' 'M' 'M' 'M' 'M' 'U' 'M' 'U' 'M'
 'M' 'M' 'M' 'M' 'M' 'M' 'M' 'U' 'A' 'M' 'M' 'M' 'M' 'M' 'M' 'A' 'M' 'M'
 'M' 'M' 'M' 'M' 'U' 'M' 'M' 'M' 'M' 'M' 'M' 'M' 'M' 'M' 'M' 'M' 'A' 'M'
 'M' 'M' 'M' 'M' 'M' 'M' 'M' 'M' 'M' 'U' 'U' 'M' 'M' 'M' 'M' 'M' 'M' 'M'
 'U' 'M' 'M' 'M' 'M' 'M' 'M' 'M' 'M' 'M' 'M' 'M' 'M' 'M' 'M' 'M' 'M' 'M']"
350701,0,167,3,164,31,0,0,"['A' 'M' 'M' 'U' 'M' 'M' 'M' 'U' 'U' 'M' 'M' 'M' 'M' 'U' 'U' 'U' 'M' 'M'
 'M' 'M' 'M' 'M' 'M' 'M' 'M' 'M' 'M' 'M' 'M' 'M' 'M' 'M' 'M' 'M' 'M' 'M'
 'M' 'U' 'M' 'M' 'M' 'M' 'M' 'M' 'M' 'M' 'M' 'M' 'M' 'M' 'M' 'M' 'M' 'U'
 'M' 'M' 'M' 'M' 'M' 'M' 'M' 'M' 'M' 'M' 'M' 'M' 'U' 'M' 'M' 'U' 'M' 'U'
 'M' 'M' 'U' 'M' 'M' 'M' 'M' 'M' 'M' 'M' 'M' 'M' 'M' 'M' 'M' 'M' 'M' 'M'
 'U' 'M' 'M' 'M' 'M' 'M' 'M' 'M' 'M' 'U' 'M' 'M' 'U' 'M' 'M' 'U' 'M' 'M'
 'M' 'M' 'M' 'M' 'M' 'U' 'M' 'M' 'M' 'M' 'M' 'M' 'M' 'M' 'U' 'M' 'U' 'M'
 'M' 'M' 'M' 'M' 'M' 'M' 'M' 'U' 'U' 'M' 'M' 'M' 'M' 'M' 'M' 'A' 'U' 'M'
 'M' 'M' 'M' 'U' 'U' 'M' 'M' 'M' 'M' 'M' 'U' 'M' 'M' 'U' 'M' 'M' 'A' 'U'
 'M' 'M' 'M' 'M' 'M' 'M' 'M' 'M' 'U' 'U' 'U' 'M' 'M' 'M' 'M' 'M' 'M' 'M'
 'U' 'M' 'M' 'M' 'M' 'M' 'M' 'M' 'M' 'M' 'M' 'M' 'M' 'M' 'M' 'M' 'M' 'M']"
350801,0,170,3,167,28,0,0,"['A' 'M' 'M' 'M' 'M' 'M' 'M' 'U' 'M' 'M' 'M' 'M' 'U' 'U' 'U' 'M' 'U' 'M'
 'M' 'M' 'M' 'M' 'M' 'M' 'M' 'M' 'M' 'M' 'M' 'M' 'M' 'M' 'M' 'M' 'M' 'M'
 'M' 'M' 'M' 'M' 'M' 'M' 'M' 'M' 'M' 'M' 'M' 'M' 'M' 'M' 'M' 'M' 'M' 'M'
 'M' 'M' 'M' 'M' 'M' 'M' 'M' 'M' 'M' 'M' 'M' 'M' 'M' 'U' 'M' 'M' 'M' 'U'
 'M' 'M' 'M' 'M' 'M' 'M' 'U' 'M' 'M' 'M' 'M' 'M' 'U' 'M' 'U' 'M' 'M' 'M'
 'M' 'M' 'M' 'M' 'M' 'M' 'U' 'M' 'M' 'U' 'U' 'M' 'U' 'M' 'M' 'M' 'M' 'M'
 'M' 'M' 'M' 'M' 'M' 'M' 'M' 'M' 'U' 'M' 'M' 'M' 'M' 'M' 'U' 'M' 'U' 'M'
 'M' 'M' 'M' 'M' 'M' 'M' 'M' 'U' 'U' 'M' 'M' 'M' 'M' 'M' 'M' 'A' 'U' 'M'
 'M' 'M' 'M' 'A' 'U' 'M' 'U' 'M' 'M' 'U' 'M' 'M' 'M' 'U' 'M' 'M' 'U' 'U'
 'M' 'M' 'M' 'M' 'M' 'M' 'M' 'M' 'M' 'M' 'M' 'M' 'M' 'M' 'U' 'M' 'M' 'M'
 'U' 'M' 'M' 'M' 'M' 'M' 'M' 'M' 'M' 'M' 'M' 'M' 'M' 'M' 'M' 'M' 'M' 'M']"
350901,0,172,4,168,26,0,0,"['A' 'M' 'M' 'M' 'M' 'M' 'M' 'U' 'M' 'M' 'M' 'M' 'M' 'U' 'M' 'M' 'M' 'M'
 'M' 'M' 'M' 'M' 'M' 'M' 'M' 'M' 'M' 'M' 'M' 'M' 'M' 'M' 'M' 'U' 'U' 'M'
 'M' 'M' 'M' 'M' 'M' 'M' 'M' 'M' 'M' 'M' 'M' 'M' 'M' 'M' 'M' 'M' 'M' 'M'
 'M' 'M' 'M' 'M' 'M' 'M' 'M' 'M' 'M' 'M' 'M' 'M' 'M' 'M' 'M' 'M' 'M' 'M'
 'M' 'M' 'M' 'M' 'M' 'M' 'M' 'M' 'M' 'M' 'U' 'U' 'U' 'M' 'M' 'M' 'M' 'U'
 'U' 'M' 'M' 'M' 'M' 'M' 'U' 'M' 'M' 'U' 'U' 'M' 'M' 'M' 'M' 'M' 'M' 'M'
 'M' 'M' 'M' 'M' 'M' 'M' 'U' 'M' 'U' 'M' 'M' 'M' 'M' 'U' 'U' 'M' 'U' 'M'
 'M' 'M' 'M' 'M' 'M' 'M' 'M' 'U' 'M' 'M' 'M' 'M' 'M' 'M' 'M' 'A' 'M' 'M'
 'M' 'M' 'M' 'A' 'U' 'M' 'U' 'M' 'M' 'U' 'M' 'U' 'M' 'M' 'M' 'M' 'A' 'U'
 'M' 'M' 'M' 'M' 'M' 'M' 'M' 'M' 'M' 'M' 'M' 'M' 'U' 'M' 'U' 'M' 'M' 'M'
 'U' 'M' 'M' 'M' 'M' 'M' 'M' 'M' 'M' 'M' 'M' 'M' 'M' 'M' 'M' 'M' 'M' 'M']"
351001,0,162,3,159,36,0,0,"['A' 'M' 'M' 'M' 'M' 'M' 'M' 'U' 'M' 'M' 'M' 'M' 'M' 'M' 'U' 'M' 'M' 'M'
 'M' 'M' 'U' 'U' 'M' 'M' 'M' 'M' 'M' 'M' 'M' 'M' 'M' 'M' 'M' 'U' 'U' 'M'
 'U' 'M' 'M' 'M' 'M' 'M' 'M' 'M' 'M' 'M' 'M' 'M' 'M' 'M' 'M' 'M' 'M' 'U'
 'M' 'M' 'M' 'M' 'M' 'M' 'M' 'M' 'M' 'M' 'M' 'M' 'M' 'M' 'M' 'M' 'U' 'M'
 'M' 'U' 'M' 'M' 'U' 'M' 'M' 'M' 'M' 'M' 'M' 'M' 'M' 'M' 'M' 'M' 'M' 'M'
 'M' 'U' 'M' 'U' 'M' 'M' 'U' 'M' 'U' 'U' 'U' 'M' 'M' 'M' 'M' 'M' 'M' 'M'
 'M' 'M' 'M' 'M' 'M' 'M' 'U' 'M' 'U' 'M' 'M' 'M' 'M' 'U' 'U' 'M' 'U' 'M'
 'M' 'M' 'M' 'U' 'M' 'M' 'M' 'U' 'M' 'M' 'M' 'M' 'M' 'M' 'M' 'U' 'U' 'M'
 'M' 'M' 'M' 'A' 'U' 'M' 'U' 'M' 'M' 'U' 'M' 'U' 'M' 'M' 'M' 'M' 'A' 'U'
 'M' 'U' 'M' 'M' 'M' 'M' 'M' 'M' 'M' 'M' 'M' 'M' 'M' 'M' 'M' 'M' 'M' 'U'
 'U' 'U' 'M' 'U' 'M' 'M' 'M' 'M' 'M' 'M' 'M' 'M' 'M' 'M' 'M' 'M' 'M' 'M']"
351101,0,164,5,159,34,1,0,"['A' 'M' 'M' 'M' 'M' 'M' 'M' 'U' 'M' 'M' 'M' 'M' 'M' 'M' 'U' 'M' 'M' 'M'
 'M' 'M' 'U' 'U' 'M' 'M' 'M' 'M' 'M' 'M' 'M' 'M' 'M' 'M' 'M' 'U' 'U' 'U'
 'U' 'M' 'M' 'M' 'M' 'M' 'M' 'M' 'M' 'M' 'M' 'M' 'M' 'M' 'M' 'M' 'M' 'U'
 'U' 'M' 'M' 'M' 'M' 'M' 'M' 'M' 'M' 'M' 'M' 'M' 'M' 'M' 'M' 'M' 'M' 'M'
 'U' 'M' 'M' 'U' 'M' 'M' 'M' 'M' 'M' 'M' 'M' 'M' 'M' 'U' 'M' 'U' 'M' 'M'
 'U' 'M' 'M' 'M' 'M' 'M' 'U' 'M' 'M' 'U' 'U' 'M' 'M' 'M' 'M' 'M' 'M' 'M'
 'M' 'M' 'M' 'M' 'M' 'M' 'U' 'M' 'U' 'M' 'M' 'M' 'M' 'U' 'U' 'M' 'U' 'M'
 'M' 'M' 'M' 'A' 'M' 'M' 'M' 'U' 'M' 'M' 'M' 'M' 'M' 'M' 'M' 'M' 'U' 'M'
 'M' 'M' 'M' 'A' 'M' 'M' 'U' 'M' 'M' 'M' 'U' 'M' 'M' 'M' 'M' 'M' 'A' 'U'
 'M' 'U' 'M' 'M' 'M' 'M' 'M' 'M' 'M' 'M' 'M' 'M' 'M' 'M' 'M' 'M' 'M' 'U'
 'U' 'A' 'M' 'U' 'M' 'M' 'M' 'U' 'M' 'M' 'M' 'M' 'M' 'U' 'M' 'M' 'M' 'M']"
351201,1,159,5,154,39,0,0,"['A' 'M' 'M' 'M' 'M' 'M' 'M' 'U' 'M' 'M' 'M' 'M' 'M' 'M' 'A' 'M' 'M' 'M'
 'M' 'M' 'U' 'U' 'M' 'M' 'M' 'M' 'M' 'M' 'M' 'M' 'M' 'M' 'M' 'U' 'U' 'U'
 'U' 'M' 'M' 'M' 'M' 'M' 'M' 'M' 'M' 'M' 'M' 'M' 'M' 'M' 'M' 'M' 'M' 'U'
 'U' 'M' 'M' 'M' 'M' 'M' 'M' 'M' 'M' 'M' 'M' 'M' 'U' 'M' 'M' 'M' 'M' 'M'
 'M' 'M' 'M' 'M' 'M' 'U' 'M' 'M' 'M' 'M' 'M' 'M' 'M' 'M' 'U' 'M' 'M' 'M'
 'M' 'M' 'U' 'M' 'U' 'M' 'U' 'M' 'U' 'U' 'M' 'M' 'M' 'M' 'M' 'M' 'M' 'M'
 'M' 'M' 'M' 'M' 'M' 'M' 'U' 'M' 'U' 'M' 'M' 'M' 'M' 'U' 'U' 'M' 'U' 'M'
 'M' 'M' 'M' 'A' 'M' 'U' 'U' 'U' 'U' 'U' 'U' 'U' 'M' 'M' 'M' 'M' 'U' 'U'
 'M' 'M' 'M' 'A' 'M' 'M' 'M' 'M' 'M' 'M' 'M' 'M' 'M' 'M' 'M' 'M' 'A' 'M'
 'M' 'U' 'M' 'M' 'M' 'M' 'M' 'M' 'M' 'M' 'M' 'M' 'M' 'M' 'U' 'M' 'M' 'U'
 'U' 'U' 'M' 'U' 'M' 'M' 'M' 'U' 'M' 'M' 'M' 'M' 'M' 'U' 'M' 'M' 'M' 'M']"
351301,0,161,6,155,37,0,0,"['A' 'U' 'M' 'M' 'U' 'M' 'M' 'U' 'M' 'M' 'M' 'M' 'M' 'M' 'A' 'M' 'M' 'M'
 'M' 'M' 'U' 'U' 'M' 'M' 'M' 'M' 'M' 'M' 'M' 'M' 'M' 'M' 'M' 'U' 'M' 'U'
 'U' 'M' 'U' 'M' 'M' 'M' 'M' 'M' 'M' 'M' 'M' 'M' 'M' 'M' 'M' 'M' 'M' 'U'
 'U' 'M' 'M' 'M' 'M' 'M' 'M' 'M' 'M' 'M' 'M' 'M' 'M' 'U' 'M' 'M' 'M' 'U'
 'M' 'M' 'M' 'M' 'M' 'M' 'M' 'M' 'M' 'M' 'U' 'M' 'M' 'U' 'U' 'M' 'M' 'M'
 'M' 'M' 'M' 'M' 'M' 'M' 'U' 'M' 'U' 'M' 'M' 'M' 'M' 'M' 'M' 'M' 'M' 'M'
 'M' 'M' 'M' 'M' 'M' 'M' 'U' 'M' 'U' 'M' 'M' 'M' 'M' 'U' 'M' 'M' 'U' 'M'
 'M' 'U' 'M' 'A' 'M' 'U' 'M' 'U' 'U' 'M' 'U' 'U' 'M' 'M' 'M' 'M' 'U' 'U'
 'M' 'M' 'M' 'A' 'M' 'M' 'M' 'M' 'M' 'M' 'M' 'M' 'M' 'M' 'M' 'M' 'A' 'M'
 'U' 'A' 'M' 'M' 'M' 'M' 'M' 'M' 'M' 'M' 'M' 'M' 'M' 'M' 'U' 'M' 'U' 'M'
 'U' 'M' 'M' 'U' 'M' 'M' 'M' 'U' 'M' 'M' 'M' 'M' 'M' 'U' 'M' 'M' 'M' 'M']"
351401,0,157,5,152,41,0,0,"['A' 'U' 'M' 'U' 'U' 'M' 'M' 'U' 'M' 'M' 'M' 'M' 'M' 'M' 'A' 'M' 'M' 'U'
 'M' 'M' 'U' 'U' 'M' 'M' 'M' 'M' 'M' 'M' 'M' 'M' 'M' 'M' 'M' 'U' 'M' 'M'
 'U' 'M' 'U' 'M' 'M' 'M' 'M' 'M' 'M' 'M' 'M' 'M' 'M' 'M' 'M' 'M' 'M' 'U'
 'U' 'M' 'M' 'M' 'M' 'M' 'M' 'M' 'M' 'M' 'M' 'M' 'U' 'M' 'M' 'M' 'M' 'M'
 'M' 'M' 'U' 'M' 'M' 'M' 'M' 'U' 'M' 'M' 'M' 'M' 'U' 'M' 'M' 'M' 'U' 'M'
 'M' 'M' 'M' 'M' 'M' 'U' 'M' 'M' 'U' 'M' 'M' 'M' 'M' 'U' 'M' 'M' 'M' 'M'
 'M' 'M' 'M' 'M' 'U' 'M' 'U' 'M' 'M' 'M' 'M' 'M' 'M' 'M' 'M' 'M' 'U' 'M'
 'M' 'M' 'M' 'A' 'M' 'U' 'M' 'U' 'U' 'M' 'U' 'M' 'M' 'M' 'M' 'U' 'U' 'M'
 'M' 'U' 'M' 'A' 'M' 'M' 'M' 'U' 'M' 'M' 'M' 'M' 'M' 'M' 'M' 'M' 'U' 'M'
 'U' 'A' 'M' 'M' 'M' 'M' 'M' 'M' 'M' 'U' 'M' 'U' 'M' 'M' 'M' 'M' 'U' 'M'
 'U' 'M' 'M' 'M' 'M' 'M' 'M' 'U' 'M' 'M' 'M' 'M' 'U' 'U' 'M' 'M' 'U' 'M']"
351501,0,159,7,152,39,1,0,"['A' 'M' 'M' 'U' 'M' 'M' 'M' 'M' 'U' 'M' 'M' 'M' 'U' 'M' 'A' 'M' 'M' 'U'
 'M' 'U' 'U' 'M' 'M' 'M' 'M' 'M' 'M' 'M' 'M' 'M' 'M' 'U' 'M' 'M' 'M' 'M'
 'U' 'M' 'M' 'M' 'M' 'M' 'M' 'M' 'M' 'M' 'M' 'M' 'M' 'M' 'M' 'M' 'M' 'M'
 'U' 'M' 'M' 'M' 'M' 'M' 'M' 'M' 'M' 'M' 'M' 'U' 'M' 'M' 'M' 'M' 'M' 'M'
 'M' 'M' 'M' 'M' 'U' 'M' 'U' 'M' 'M' 'M' 'U' 'U' 'M' 'M' 'M' 'M' 'M' 'M'
 'M' 'M' 'M' 'M' 'M' 'U' 'M' 'M' 'U' 'M' 'M' 'A' 'M' 'M' 'M' 'M' 'M' 'U'
 'M' 'M' 'M' 'M' 'A' 'M' 'U' 'M' 'M' 'M' 'M' 'M' 'M' 'M' 'M' 'M' 'U' 'M'
 'M' 'M' 'M' 'A' 'U' 'U' 'U' 'U' 'U' 'U' 'U' 'U' 'U' 'M' 'M' 'M' 'A' 'M'
 'M' 'U' 'M' 'U' 'M' 'M' 'M' 'U' 'M' 'M' 'M' 'M' 'M' 'M' 'M' 'M' 'U' 'M'
 'U' 'A' 'M' 'M' 'M' 'M' 'M' 'U' 'M' 'M' 'M' 'U' 'M' 'M' 'M' 'M' 'U' 'M'
 'U' 'M' 'M' 'M' 'M' 'M' 'M' 'U' 'M' 'M' 'M' 'M' 'M' 'U' 'M' 'M' 'M' 'M']"
351601,0,155,6,149,43,0,1,"['A' 'M' 'M' 'U' 'U' 'M' 'M' 'M' 'U' 'M' 'M' 'M' 'M' 'M' 'M' 'M' 'M' 'M'
 'M' 'U' 'U' 'M' 'M' 'M' 'M' 'M' 'M' 'M' 'M' 'M' 'M' 'U' 'U' 'M' 'M' 'M'
 'U' 'M' 'M' 'M' 'M' 'M' 'M' 'M' 'M' 'M' 'M' 'M' 'M' 'M' 'U' 'M' 'M' 'M'
 'U' 'M' 'M' 'M' 'M' 'M' 'M' 'M' 'M' 'M' 'U' 'M' 'M' 'U' 'M' 'M' 'M' 'M'
 'M' 'M' 'U' 'M' 'U' 'M' 'M' 'M' 'M' 'M' 'M' 'M' 'M' 'M' 'M' 'M' 'M' 'M'
 'M' 'U' 'M' 'M' 'U' 'U' 'M' 'M' 'M' 'M' 'M' 'A' 'M' 'M' 'M' 'M' 'M' 'U'
 'M' 'M' 'M' 'M' 'A' 'U' 'U' 'M' 'M' 'M' 'M' 'M' 'M' 'M' 'M' 'M' 'U' 'M'
 'M' 'U' 'M' 'A' 'M' 'U' 'M' 'U' 'U' 'M' 'U' 'U' 'U' 'M' 'M' 'M' 'A' 'M'
 'M' 'U' 'U' 'U' 'M' 'M' 'M' 'U' 'U' 'M' 'M' 'M' 'M' 'M' 'M' 'M' 'U' 'M'
 'U' 'A' 'U' 'M' 'M' 'M' 'M' 'U' 'M' 'M' 'M' 'U' 'M' 'M' 'M' 'M' 'U' 'M'
 'U' 'M' 'M' 'M' 'M' 'M' 'M' 'U' 'M' 'M' 'M' 'M' 'M' 'U' 'M' 'M' 'U' 'M']"
351701,0,153,7,146,45,0,0,"['A' 'M' 'M' 'M' 'A' 'M' 'M' 'M' 'U' 'M' 'M' 'M' 'M' 'M' 'M' 'U' 'M' 'M'
 'M' 'U' 'U' 'M' 'M' 'M' 'M' 'M' 'M' 'M' 'M' 'M' 'M' 'U' 'U' 'M' 'M' 'M'
 'M' 'M' 'M' 'M' 'M' 'M' 'M' 'U' 'M' 'M' 'M' 'M' 'M' 'M' 'U' 'M' 'M' 'M'
 'U' 'M' 'M' 'U' 'U' 'M' 'M' 'M' 'M' 'M' 'M' 'M' 'M' 'M' 'M' 'U' 'M' 'M'
 'M' 'M' 'M' 'U' 'M' 'U' 'M' 'M' 'M' 'M' 'M' 'M' 'M' 'M' 'M' 'M' 'M' 'U'
 'M' 'M' 'U' 'M' 'M' 'U' 'M' 'M' 'M' 'M' 'M' 'A' 'M' 'M' 'U' 'M' 'M' 'U'
 'M' 'M' 'U' 'M' 'A' 'U' 'U' 'M' 'M' 'M' 'M' 'M' 'M' 'M' 'M' 'M' 'U' 'M'
 'M' 'U' 'M' 'A' 'M' 'U' 'M' 'U' 'U' 'M' 'U' 'U' 'M' 'M' 'M' 'M' 'A' 'M'
 'M' 'M' 'U' 'U' 'M' 'M' 'M' 'U' 'U' 'M' 'M' 'M' 'M' 'M' 'M' 'M' 'U' 'M'
 'U' 'A' 'U' 'M' 'M' 'M' 'M' 'U' 'M' 'M' 'M' 'U' 'M' 'M' 'M' 'M' 'U' 'M'
 'U' 'M' 'M' 'M' 'M' 'M' 'M' 'U' 'M' 'M' 'M' 'M' 'U' 'U' 'M' 'U' 'U' 'M']"
351801,0,151,6,145,47,0,0,"['A' 'M' 'M' 'M' 'A' 'M' 'M' 'M' 'U' 'M' 'M' 'M' 'M' 'M' 'M' 'U' 'M' 'M'
 'M' 'U' 'U' 'M' 'M' 'M' 'M' 'M' 'M' 'M' 'M' 'M' 'M' 'U' 'M' 'M' 'M' 'M'
 'M' 'M' 'M' 'M' 'M' 'M' 'M' 'M' 'M' 'M' 'M' 'M' 'M' 'M' 'U' 'M' 'M' 'M'
 'U' 'M' 'M' 'U' 'U' 'M' 'M' 'M' 'M' 'M' 'M' 'U' 'M' 'M' 'U' 'M' 'U' 'M'
 'M' 'M' 'M' 'M' 'M' 'M' 'M' 'M' 'M' 'M' 'U' 'M' 'M' 'M' 'M' 'M' 'M' 'M'
 'M' 'U' 'M' 'M' 'M' 'U' 'M' 'U' 'M' 'M' 'M' 'A' 'M' 'M' 'U' 'U' 'M' 'U'
 'M' 'M' 'U' 'M' 'A' 'U' 'U' 'M' 'M' 'M' 'M' 'M' 'M' 'M' 'M' 'M' 'M' 'U'
 'M' 'U' 'M' 'A' 'M' 'U' 'U' 'U' 'U' 'U' 'U' 'U' 'U' 'M' 'M' 'M' 'U' 'M'
 'M' 'U' 'U' 'M' 'M' 'M' 'M' 'U' 'U' 'M' 'U' 'M' 'M' 'M' 'M' 'M' 'M' 'M'
 'U' 'M' 'M' 'U' 'M' 'M' 'M' 'U' 'U' 'M' 'M' 'U' 'M' 'M' 'M' 'M' 'M' 'M'
 'A' 'M' 'M' 'M' 'M' 'M' 'M' 'U' 'M' 'M' 'M' 'M' 'U' 'U' 'M' 'U' 'M' 'M']"
351901,0,153,4,149,45,0,0,"['A' 'M' 'M' 'M' 'A' 'M' 'M' 'M' 'U' 'M' 'M' 'M' 'M' 'M' 'M' 'U' 'M' 'U'
 'M' 'U' 'M' 'M' 'M' 'M' 'M' 'M' 'M' 'M' 'U' 'M' 'M' 'M' 'M' 'M' 'M' 'M'
 'M' 'M' 'U' 'M' 'M' 'M' 'M' 'M' 'M' 'M' 'M' 'M' 'M' 'M' 'U' 'M' 'M' 'M'
 'M' 'M' 'M' 'U' 'U' 'M' 'M' 'M' 'M' 'M' 'M' 'M' 'M' 'M' 'U' 'M' 'M' 'M'
 'M' 'M' 'M' 'M' 'M' 'M' 'M' 'M' 'U' 'M' 'U' 'M' 'M' 'M' 'M' 'M' 'M' 'M'
 'M' 'U' 'M' 'U' 'M' 'M' 'M' 'U' 'M' 'M' 'M' 'U' 'M' 'M' 'U' 'U' 'M' 'U'
 'M' 'M' 'U' 'M' 'A' 'U' 'M' 'M' 'M' 'M' 'M' 'M' 'M' 'M' 'M' 'M' 'M' 'U'
 'M' 'M' 'M' 'A' 'M' 'M' 'M' 'U' 'U' 'U' 'U' 'U' 'U' 'M' 'U' 'M' 'U' 'U'
 'M' 'M' 'U' 'M' 'M' 'M' 'M' 'U' 'M' 'M' 'U' 'M' 'M' 'M' 'M' 'M' 'M' 'M'
 'U' 'M' 'M' 'U' 'M' 'M' 'M' 'U' 'U' 'M' 'M' 'M' 'M' 'M' 'M' 'M' 'M' 'M'
 'U' 'M' 'M' 'M' 'M' 'U' 'M' 'U' 'M' 'U' 'M' 'M' 'U' 'U' 'M' 'U' 'M' 'M']"
352001,0,152,4,148,46,1,0,"['A' 'M' 'M' 'M' 'A' 'M' 'M' 'M' 'U' 'M' 'M' 'M' 'M' 'M' 'M' 'U' 'M' 'U'
 'U' 'U' 'M' 'M' 'U' 'M' 'M' 'M' 'M' 'M' 'U' 'M' 'M' 'M' 'M' 'M' 'M' 'M'
 'M' 'M' 'M' 'M' 'M' 'M' 'M' 'M' 'U' 'M' 'M' 'M' 'M' 'M' 'U' 'M' 'M' 'M'
 'M' 'M' 'M' 'U' 'M' 'U' 'M' 'M' 'M' 'M' 'M' 'M' 'M' 'M' 'U' 'U' 'U' 'M'
 'U' 'U' 'M' 'M' 'M' 'M' 'M' 'M' 'M' 'M' 'M' 'M' 'M' 'M' 'M' 'M' 'M' 'M'
 'M' 'M' 'M' 'M' 'M' 'M' 'M' 'U' 'M' 'M' 'M' 'U' 'U' 'M' 'U' 'M' 'M' 'U'
 'U' 'M' 'U' 'M' 'A' 'M' 'U' 'M' 'U' 'M' 'M' 'M' 'M' 'M' 'M' 'M' 'M' 'U'
 'M' 'M' 'M' 'A' 'M' 'M' 'M' 'U' 'U' 'U' 'U' 'M' 'U' 'M' 'U' 'U' 'U' 'U'
 'M' 'M' 'U' 'M' 'M' 'M' 'M' 'M' 'M' 'M' 'U' 'M' 'M' 'U' 'M' 'M' 'M' 'U'
 'U' 'M' 'M' 'M' 'M' 'M' 'M' 'U' 'U' 'M' 'M' 'M' 'M' 'M' 'M' 'M' 'M' 'M'
 'U' 'M' 'M' 'M' 'M' 'M' 'M' 'U' 'M' 'M' 'M' 'M' 'M' 'M' 'M' 'U' 'M' 'U']"
352101,0,157,4,153,41,0,0,"['A' 'M' 'M' 'M' 'U' 'M' 'M' 'M' 'M' 'M' 'M' 'M' 'M' 'M' 'M' 'U' 'M' 'A'
 'U' 'U' 'M' 'M' 'U' 'M' 'M' 'M' 'M' 'M' 'U' 'M' 'M' 'M' 'M' 'M' 'M' 'M'
 'M' 'M' 'M' 'M' 'M' 'M' 'M' 'M' 'U' 'M' 'M' 'M' 'M' 'M' 'M' 'M' 'M' 'M'
 'M' 'M' 'M' 'U' 'M' 'U' 'M' 'U' 'U' 'M' 'M' 'U' 'M' 'M' 'U' 'M' 'M' 'M'
 'M' 'M' 'M' 'M' 'M' 'M' 'M' 'M' 'M' 'M' 'M' 'U' 'M' 'M' 'U' 'M' 'M' 'M'
 'U' 'M' 'M' 'M' 'M' 'M' 'M' 'U' 'M' 'M' 'M' 'M' 'U' 'M' 'M' 'M' 'M' 'U'
 'U' 'M' 'U' 'M' 'A' 'U' 'U' 'M' 'U' 'M' 'M' 'M' 'M' 'M' 'M' 'M' 'M' 'U'
 'M' 'M' 'M' 'A' 'M' 'M' 'M' 'U' 'U' 'U' 'U' 'M' 'U' 'M' 'M' 'U' 'M' 'M'
 'M' 'M' 'U' 'M' 'M' 'M' 'M' 'M' 'M' 'M' 'U' 'U' 'M' 'U' 'M' 'M' 'M' 'U'
 'M' 'M' 'M' 'M' 'M' 'M' 'M' 'U' 'M' 'M' 'M' 'M' 'M' 'M' 'M' 'U' 'M' 'M'
 'U' 'M' 'M' 'M' 'M' 'M' 'M' 'U' 'M' 'M' 'M' 'M' 'M' 'M' 'M' 'U' 'M' 'M']"
352201,0,163,5,158,35,0,0,"['A' 'M' 'M' 'M' 'U' 'M' 'M' 'M' 'M' 'M' 'M' 'M' 'M' 'M' 'M' 'M' 'M' 'A'
 'U' 'U' 'M' 'M' 'U' 'M' 'M' 'M' 'M' 'M' 'U' 'M' 'M' 'M' 'M' 'M' 'M' 'M'
 'M' 'M' 'M' 'M' 'M' 'M' 'M' 'M' 'U' 'M' 'M' 'M' 'M' 'M' 'M' 'M' 'M' 'M'
 'M' 'M' 'M' 'U' 'M' 'U' 'M' 'U' 'U' 'M' 'M' 'M' 'U' 'M' 'U' 'M' 'M' 'M'
 'M' 'M' 'U' 'M' 'M' 'M' 'M' 'M' 'M' 'M' 'M' 'M' 'U' 'M' 'M' 'M' 'M' 'M'
 'M' 'M' 'U' 'M' 'M' 'M' 'M' 'M' 'M' 'M' 'M' 'M' 'U' 'U' 'M' 'M' 'M' 'U'
 'U' 'M' 'M' 'M' 'A' 'U' 'U' 'M' 'U' 'M' 'M' 'M' 'M' 'M' 'M' 'M' 'M' 'M'
 'M' 'M' 'M' 'A' 'M' 'M' 'M' 'U' 'U' 'U' 'A' 'M' 'U' 'M' 'M' 'M' 'M' 'M'
 'M' 'M' 'U' 'M' 'M' 'M' 'M' 'M' 'M' 'M' 'U' 'U' 'M' 'M' 'U' 'M' 'M' 'U'
 'M' 'M' 'M' 'M' 'M' 'M' 'M' 'U' 'M' 'M' 'M' 'M' 'M' 'M' 'M' 'U' 'M' 'M'
 'U' 'M' 'M' 'M' 'M' 'M' 'M' 'U' 'M' 'M' 'M' 'M' 'M' 'M' 'M' 'M' 'M' 'M']"
352301,0,159,5,154,39,0,0,"['A' 'M' 'U' 'M' 'M' 'M' 'U' 'M' 'M' 'M' 'M' 'M' 'M' 'M' 'M' 'U' 'U' 'U'
 'M' 'U' 'M' 'M' 'U' 'U' 'M' 'M' 'M' 'M' 'U' 'M' 'M' 'M' 'M' 'U' 'M' 'M'
 'M' 'M' 'M' 'M' 'M' 'M' 'M' 'U' 'U' 'M' 'M' 'M' 'M' 'M' 'M' 'M' 'M' 'M'
 'U' 'M' 'M' 'M' 'M' 'M' 'M' 'U' 'A' 'M' 'M' 'M' 'M' 'M' 'M' 'M' 'M' 'M'
 'M' 'U' 'M' 'M' 'M' 'U' 'M' 'M' 'M' 'M' 'M' 'M' 'M' 'U' 'M' 'M' 'U' 'M'
 'M' 'M' 'U' 'M' 'M' 'M' 'M' 'M' 'M' 'M' 'M' 'M' 'U' 'U' 'M' 'M' 'M' 'U'
 'A' 'M' 'M' 'M' 'A' 'U' 'M' 'M' 'M' 'M' 'M' 'M' 'M' 'M' 'M' 'M' 'M' 'M'
 'U' 'M' 'M' 'M' 'M' 'M' 'U' 'U' 'U' 'U' 'A' 'U' 'U' 'M' 'M' 'M' 'M' 'M'
 'M' 'M' 'U' 'M' 'M' 'M' 'M' 'M' 'M' 'M' 'U' 'U' 'M' 'M' 'U' 'M' 'M' 'U'
 'M' 'M' 'M' 'M' 'M' 'M' 'M' 'M' 'M' 'U' 'M' 'M' 'U' 'M' 'M' 'U' 'M' 'M'
 'M' 'M' 'M' 'M' 'M' 'M' 'M' 'U' 'M' 'M' 'M' 'M' 'M' 'M' 'M' 'M' 'M' 'M']"
352401,0,164,3,161,34,0,1,"['A' 'M' 'U' 'M' 'M' 'M' 'U' 'M' 'M' 'M' 'M' 'M' 'M' 'M' 'M' 'U' 'U' 'M'
 'M' 'U' 'M' 'M' 'U' 'U' 'M' 'M' 'M' 'M' 'U' 'M' 'M' 'U' 'M' 'M' 'M' 'M'
 'U' 'M' 'M' 'M' 'M' 'M' 'M' 'U' 'M' 'U' 'M' 'M' 'M' 'M' 'M' 'M' 'M' 'M'
 'U' 'M' 'M' 'M' 'M' 'M' 'M' 'M' 'A' 'M' 'M' 'M' 'M' 'M' 'U' 'M' 'M' 'M'
 'M' 'M' 'M' 'M' 'M' 'M' 'M' 'U' 'M' 'M' 'M' 'U' 'M' 'U' 'M' 'M' 'M' 'U'
 'M' 'M' 'M' 'M' 'M' 'M' 'M' 'M' 'M' 'M' 'M' 'M' 'U' 'U' 'M' 'M' 'M' 'U'
 'U' 'M' 'M' 'M' 'U' 'U' 'M' 'M' 'M' 'M' 'U' 'M' 'M' 'M' 'M' 'M' 'M' 'M'
 'U' 'M' 'M' 'M' 'M' 'M' 'U' 'U' 'U' 'U' 'A' 'M' 'M' 'M' 'M' 'M' 'M' 'M'
 'M' 'M' 'U' 'M' 'M' 'M' 'M' 'M' 'M' 'M' 'M' 'U' 'M' 'M' 'M' 'M' 'M' 'M'
 'M' 'M' 'M' 'M' 'M' 'M' 'M' 'M' 'M' 'M' 'M' 'M' 'U' 'M' 'M' 'M' 'M' 'M'
 'M' 'M' 'M' 'M' 'M' 'M' 'M' 'U' 'M' 'M' 'M' 'M' 'M' 'M' 'M' 'M' 'M' 'M']"
352501,0,161,3,158,37,0,0,"['A' 'M' 'U' 'M' 'M' 'M' 'A' 'M' 'M' 'M' 'M' 'M' 'M' 'M' 'M' 'M' 'U' 'M'
 'M' 'U' 'M' 'M' 'U' 'U' 'M' 'M' 'M' 'M' 'M' 'M' 'M' 'U' 'M' 'M' 'M' 'M'
 'M' 'M' 'M' 'M' 'M' 'U' 'M' 'U' 'M' 'U' 'M' 'U' 'M' 'M' 'M' 'M' 'M' 'M'
 'U' 'M' 'M' 'M' 'M' 'M' 'M' 'M' 'U' 'M' 'M' 'M' 'M' 'M' 'M' 'M' 'U' 'M'
 'U' 'M' 'M' 'M' 'M' 'M' 'U' 'U' 'M' 'M' 'U' 'M' 'M' 'M' 'M' 'M' 'M' 'M'
 'M' 'M' 'M' 'M' 'M' 'M' 'M' 'M' 'M' 'M' 'M' 'M' 'U' 'U' 'M' 'M' 'M' 'U'
 'U' 'M' 'M' 'U' 'U' 'U' 'M' 'M' 'M' 'M' 'M' 'M' 'M' 'M' 'M' 'M' 'M' 'M'
 'U' 'M' 'M' 'M' 'M' 'U' 'U' 'U' 'U' 'U' 'A' 'U' 'U' 'M' 'M' 'M' 'M' 'M'
 'M' 'M' 'U' 'M' 'M' 'M' 'M' 'M' 'U' 'M' 'M' 'U' 'M' 'M' 'M' 'U' 'M' 'M'
 'M' 'M' 'M' 'M' 'M' 'M' 'M' 'M' 'M' 'M' 'M' 'M' 'M' 'M' 'M' 'M' 'M' 'M'
 'M' 'M' 'M' 'M' 'M' 'M' 'M' 'U' 'M' 'M' 'M' 'M' 'M' 'M' 'M' 'M' 'M' 'M']"
352601,0,163,3,160,35,0,1,"['A' 'M' 'M' 'M' 'M' 'M' 'A' 'M' 'M' 'M' 'M' 'M' 'M' 'M' 'M' 'U' 'U' 'M'
 'M' 'U' 'M' 'M' 'U' 'U' 'M' 'M' 'M' 'M' 'M' 'M' 'M' 'M' 'M' 'M' 'M' 'M'
 'M' 'U' 'M' 'M' 'M' 'M' 'M' 'M' 'M' 'U' 'M' 'U' 'M' 'M' 'M' 'M' 'M' 'U'
 'U' 'U' 'M' 'M' 'M' 'U' 'M' 'M' 'M' 'M' 'M' 'M' 'M' 'M' 'M' 'M' 'U' 'M'
 'M' 'U' 'U' 'M' 'M' 'M' 'M' 'M' 'M' 'M' 'M' 'M' 'M' 'M' 'U' 'M' 'M' 'M'
 'M' 'U' 'M' 'M' 'M' 'M' 'M' 'M' 'M' 'M' 'M' 'M' 'M' 'U' 'M' 'M' 'M' 'U'
 'U' 'M' 'M' 'M' 'M' 'U' 'M' 'M' 'M' 'M' 'M' 'M' 'M' 'M' 'M' 'U' 'M' 'M'
 'U' 'M' 'M' 'M' 'M' 'U' 'M' 'U' 'M' 'U' 'A' 'U' 'U' 'M' 'M' 'M' 'M' 'M'
 'M' 'M' 'U' 'M' 'M' 'M' 'M' 'M' 'U' 'M' 'M' 'M' 'M' 'M' 'M' 'U' 'M' 'U'
 'M' 'M' 'M' 'M' 'M' 'M' 'M' 'M' 'M' 'M' 'M' 'M' 'M' 'M' 'M' 'U' 'M' 'M'
 'M' 'M' 'M' 'U' 'M' 'M' 'M' 'U' 'M' 'M' 'M' 'M' 'M' 'M' 'M' 'M' 'M' 'M']"
352701,1,165,3,162,33,0,0,"['A' 'M' 'M' 'M' 'M' 'M' 'A' 'M' 'M' 'M' 'M' 'M' 'M' 'M' 'M' 'U' 'M' 'M'
 'M' 'A' 'M' 'M' 'U' 'U' 'M' 'M' 'M' 'M' 'M' 'M' 'M' 'M' 'M' 'M' 'M' 'M'
 'U' 'U' 'M' 'M' 'M' 'M' 'M' 'M' 'M' 'U' 'M' 'U' 'M' 'M' 'M' 'M' 'M' 'M'
 'U' 'U' 'M' 'M' 'M' 'U' 'M' 'M' 'M' 'M' 'U' 'M' 'M' 'M' 'M' 'U' 'M' 'M'
 'M' 'M' 'M' 'M' 'M' 'M' 'M' 'U' 'M' 'M' 'M' 'M' 'M' 'M' 'U' 'M' 'M' 'M'
 'M' 'M' 'M' 'U' 'U' 'U' 'M' 'M' 'M' 'M' 'M' 'M' 'M' 'U' 'M' 'M' 'M' 'U'
 'M' 'M' 'M' 'M' 'M' 'U' 'M' 'M' 'M' 'M' 'M' 'M' 'M' 'M' 'U' 'M' 'M' 'M'
 'U' 'M' 'M' 'M' 'U' 'U' 'M' 'M' 'M' 'M' 'U' 'U' 'U' 'M' 'M' 'M' 'M' 'M'
 'U' 'M' 'M' 'M' 'M' 'M' 'M' 'M' 'M' 'M' 'M' 'M' 'M' 'M' 'M' 'M' 'M' 'U'
 'M' 'M' 'M' 'M' 'M' 'M' 'M' 'M' 'M' 'M' 'M' 'M' 'M' 'M' 'M' 'U' 'M' 'U'
 'M' 'M' 'M' 'U' 'M' 'M' 'M' 'M' 'M' 'M' 'M' 'U' 'M' 'M' 'M' 'M' 'M' 'M']"
352801,0,167,3,164,31,0,0,"['A' 'M' 'M' 'U' 'M' 'M' 'U' 'M' 'M' 'M' 'M' 'M' 'M' 'M' 'M' 'U' 'M' 'M'
 'M' 'A' 'M' 'M' 'M' 'M' 'M' 'M' 'M' 'M' 'M' 'M' 'M' 'M' 'M' 'M' 'M' 'M'
 'U' 'U' 'M' 'M' 'M' 'M' 'M' 'M' 'M' 'M' 'M' 'M' 'M' 'M' 'M' 'M' 'M' 'M'
 'M' 'A' 'M' 'M' 'M' 'U' 'M' 'M' 'M' 'M' 'M' 'M' 'M' 'M' 'M' 'M' 'M' 'M'
 'M' 'U' 'M' 'U' 'M' 'M' 'U' 'M' 'M' 'M' 'U' 'U' 'M' 'M' 'M' 'M' 'M' 'M'
 'M' 'M' 'M' 'M' 'M' 'U' 'M' 'M' 'M' 'M' 'M' 'M' 'M' 'M' 'M' 'M' 'M' 'U'
 'M' 'M' 'M' 'M' 'M' 'U' 'M' 'M' 'M' 'M' 'M' 'M' 'M' 'M' 'U' 'M' 'M' 'M'
 'U' 'M' 'M' 'M' 'U' 'U' 'U' 'U' 'U' 'U' 'U' 'U' 'M' 'M' 'M' 'M' 'M' 'M'
 'U' 'M' 'M' 'U' 'M' 'M' 'M' 'M' 'M' 'M' 'M' 'M' 'M' 'M' 'M' 'M' 'M' 'U'
 'M' 'M' 'M' 'M' 'M' 'M' 'M' 'M' 'M' 'U' 'M' 'M' 'M' 'M' 'M' 'M' 'M' 'U'
 'M' 'M' 'M' 'U' 'M' 'M' 'M' 'M' 'M' 'M' 'M' 'U' 'M' 'M' 'M' 'M' 'M' 'M']"
352901,0,167,1,166,31,0,0,"['A' 'M' 'M' 'U' 'M' 'M' 'U' 'M' 'M' 'M' 'M' 'M' 'M' 'M' 'M' 'U' 'M' 'M'
 'M' 'U' 'M' 'M' 'M' 'M' 'M' 'M' 'M' 'M' 'M' 'M' 'M' 'M' 'U' 'M' 'M' 'M'
 'U' 'U' 'M' 'M' 'M' 'M' 'M' 'M' 'M' 'M' 'M' 'M' 'M' 'M' 'M' 'M' 'M' 'M'
 'M' 'M' 'U' 'M' 'M' 'U' 'M' 'M' 'M' 'M' 'M' 'M' 'M' 'M' 'M' 'M' 'M' 'M'
 'M' 'M' 'M' 'M' 'M' 'U' 'M' 'M' 'M' 'U' 'M' 'M' 'U' 'M' 'M' 'M' 'M' 'M'
 'M' 'U' 'M' 'U' 'M' 'U' 'M' 'M' 'M' 'M' 'M' 'M' 'M' 'M' 'M' 'M' 'M' 'M'
 'M' 'M' 'M' 'M' 'M' 'U' 'U' 'M' 'M' 'M' 'M' 'M' 'M' 'M' 'U' 'M' 'M' 'M'
 'U' 'M' 'U' 'M' 'M' 'M' 'U' 'M' 'M' 'M' 'U' 'M' 'M' 'U' 'M' 'M' 'M' 'M'
 'M' 'M' 'M' 'M' 'M' 'M' 'M' 'M' 'M' 'M' 'M' 'M' 'M' 'M' 'M' 'M' 'M' 'U'
 'M' 'M' 'M' 'M' 'M' 'M' 'U' 'M' 'M' 'U' 'M' 'M' 'M' 'M' 'M' 'M' 'M' 'U'
 'M' 'M' 'U' 'U' 'M' 'M' 'M' 'M' 'M' 'M' 'U' 'U' 'M' 'M' 'M' 'M' 'M' 'M']"
353001,0,167,2,165,31,0,0,"['A' 'M' 'M' 'U' 'M' 'M' 'M' 'M' 'M' 'M' 'M' 'M' 'M' 'M' 'M' 'U' 'M' 'M'
 'M' 'U' 'M' 'M' 'M' 'M' 'M' 'M' 'M' 'M' 'M' 'U' 'M' 'M' 'M' 'M' 'M' 'M'
 'U' 'M' 'M' 'M' 'M' 'M' 'M' 'M' 'M' 'U' 'M' 'U' 'M' 'M' 'M' 'M' 'M' 'M'
 'M' 'M' 'U' 'M' 'M' 'U' 'M' 'M' 'M' 'M' 'M' 'M' 'U' 'M' 'M' 'U' 'M' 'U'
 'M' 'M' 'M' 'U' 'U' 'M' 'M' 'M' 'M' 'M' 'M' 'M' 'M' 'M' 'M' 'M' 'M' 'M'
 'M' 'M' 'M' 'M' 'M' 'U' 'M' 'M' 'M' 'M' 'M' 'U' 'M' 'M' 'M' 'M' 'M' 'M'
 'M' 'M' 'M' 'M' 'M' 'M' 'U' 'M' 'U' 'M' 'M' 'M' 'M' 'A' 'U' 'M' 'M' 'M'
 'M' 'M' 'U' 'M' 'M' 'M' 'M' 'M' 'U' 'M' 'U' 'M' 'M' 'U' 'M' 'M' 'M' 'M'
 'M' 'M' 'M' 'M' 'M' 'M' 'M' 'M' 'M' 'M' 'M' 'M' 'M' 'U' 'M' 'M' 'M' 'U'
 'M' 'M' 'M' 'M' 'M' 'M' 'M' 'M' 'M' 'U' 'M' 'M' 'M' 'M' 'M' 'M' 'M' 'U'
 'M' 'M' 'U' 'M' 'M' 'M' 'M' 'M' 'M' 'M' 'M' 'U' 'M' 'M' 'U' 'U' 'M' 'M']"
353101,0,163,1,162,35,1,0,"['A' 'M' 'M' 'U' 'M' 'M' 'M' 'M' 'M' 'M' 'M' 'U' 'M' 'M' 'U' 'U' 'M' 'M'
 'M' 'U' 'M' 'M' 'M' 'M' 'M' 'M' 'M' 'M' 'M' 'U' 'M' 'M' 'M' 'U' 'M' 'M'
 'U' 'M' 'M' 'M' 'M' 'M' 'M' 'M' 'M' 'U' 'M' 'U' 'M' 'M' 'M' 'M' 'M' 'M'
 'M' 'M' 'M' 'M' 'M' 'M' 'M' 'M' 'M' 'M' 'M' 'M' 'M' 'M' 'M' 'U' 'M' 'M'
 'M' 'M' 'M' 'M' 'U' 'M' 'M' 'M' 'M' 'M' 'M' 'M' 'M' 'U' 'M' 'U' 'M' 'M'
 'U' 'M' 'M' 'M' 'M' 'U' 'M' 'M' 'U' 'M' 'M' 'U' 'M' 'M' 'U' 'M' 'M' 'M'
 'M' 'M' 'M' 'M' 'M' 'U' 'M' 'M' 'U' 'M' 'M' 'M' 'M' 'U' 'M' 'M' 'M' 'M'
 'M' 'M' 'U' 'M' 'M' 'M' 'U' 'M' 'U' 'M' 'U' 'M' 'M' 'U' 'M' 'M' 'M' 'M'
 'M' 'M' 'M' 'M' 'M' 'M' 'M' 'M' 'M' 'M' 'M' 'M' 'M' 'U' 'M' 'M' 'M' 'M'
 'M' 'M' 'M' 'M' 'M' 'M' 'M' 'M' 'M' 'U' 'M' 'M' 'M' 'M' 'M' 'M' 'M' 'U'
 'M' 'M' 'U' 'M' 'M' 'M' 'U' 'M' 'M' 'M' 'M' 'U' 'M' 'M' 'U' 'U' 'M' 'M']"
353201,0,164,1,163,34,0,0,"['A' 'M' 'M' 'U' 'M' 'M' 'M' 'M' 'M' 'M' 'M' 'M' 'M' 'M' 'U' 'U' 'M' 'M'
 'U' 'U' 'M' 'M' 'M' 'M' 'M' 'M' 'M' 'M' 'M' 'U' 'M' 'M' 'M' 'U' 'M' 'M'
 'M' 'M' 'M' 'M' 'M' 'M' 'M' 'M' 'M' 'M' 'M' 'U' 'M' 'U' 'M' 'M' 'M' 'M'
 'M' 'M' 'M' 'M' 'M' 'M' 'M' 'M' 'M' 'M' 'M' 'M' 'M' 'M' 'M' 'U' 'U' 'M'
 'M' 'M' 'M' 'M' 'M' 'M' 'M' 'M' 'M' 'M' 'M' 'M' 'M' 'M' 'U' 'U' 'M' 'M'
 'M' 'M' 'M' 'U' 'M' 'U' 'M' 'U' 'U' 'M' 'M' 'U' 'M' 'M' 'U' 'M' 'M' 'M'
 'M' 'M' 'M' 'M' 'M' 'M' 'M' 'M' 'M' 'M' 'M' 'M' 'M' 'M' 'M' 'M' 'M' 'M'
 'M' 'M' 'U' 'M' 'M' 'U' 'U' 'U' 'M' 'U' 'U' 'U' 'U' 'M' 'M' 'M' 'M' 'M'
 'M' 'M' 'M' 'M' 'M' 'M' 'M' 'M' 'M' 'M' 'M' 'M' 'M' 'U' 'M' 'M' 'M' 'M'
 'M' 'M' 'M' 'M' 'M' 'M' 'M' 'M' 'M' 'U' 'M' 'M' 'M' 'M' 'M' 'M' 'M' 'U'
 'M' 'M' 'U' 'M' 'M' 'M' 'M' 'M' 'M' 'M' 'M' 'U' 'M' 'M' 'M' 'U' 'U' 'M']"
353301,0,161,2,159,37,0,0,"['A' 'M' 'M' 'U' 'M' 'M' 'M' 'M' 'M' 'M' 'M' 'M' 'M' 'M' 'U' 'U' 'M' 'M'
 'U' 'U' 'M' 'M' 'M' 'M' 'M' 'M' 'M' 'M' 'M' 'M' 'M' 'M' 'U' 'U' 'M' 'M'
 'M' 'M' 'M' 'M' 'M' 'M' 'M' 'M' 'M' 'M' 'U' 'U' 'M' 'U' 'M' 'M' 'U' 'M'
 'M' 'M' 'M' 'M' 'M' 'M' 'U' 'M' 'M' 'M' 'M' 'M' 'M' 'M' 'M' 'M' 'M' 'M'
 'M' 'M' 'M' 'M' 'M' 'M' 'U' 'U' 'U' 'M' 'U' 'M' 'M' 'M' 'M' 'M' 'M' 'M'
 'M' 'M' 'U' 'M' 'M' 'U' 'M' 'U' 'U' 'M' 'M' 'U' 'M' 'M' 'U' 'M' 'M' 'M'
 'M' 'M' 'M' 'M' 'M' 'M' 'M' 'M' 'M' 'M' 'M' 'M' 'M' 'M' 'M' 'M' 'M' 'M'
 'M' 'M' 'U' 'M' 'M' 'U' 'U' 'U' 'U' 'A' 'M' 'U' 'U' 'M' 'M' 'U' 'M' 'M'
 'M' 'M' 'M' 'M' 'M' 'M' 'M' 'M' 'M' 'M' 'M' 'M' 'M' 'U' 'M' 'M' 'M' 'M'
 'M' 'M' 'M' 'M' 'M' 'M' 'M' 'M' 'M' 'U' 'M' 'M' 'M' 'M' 'M' 'M' 'M' 'U'
 'M' 'M' 'U' 'M' 'M' 'M' 'M' 'M' 'M' 'M' 'M' 'U' 'M' 'M' 'M' 'U' 'U' 'M']"
353401,0,159,1,158,39,0,0,"['A' 'M' 'M' 'U' 'M' 'M' 'M' 'M' 'M' 'M' 'M' 'M' 'M' 'M' 'U' 'U' 'M' 'M'
 'U' 'U' 'M' 'M' 'M' 'M' 'M' 'M' 'M' 'M' 'U' 'M' 'M' 'M' 'U' 'M' 'M' 'M'
 'M' 'M' 'M' 'M' 'M' 'M' 'U' 'M' 'M' 'M' 'U' 'U' 'M' 'U' 'M' 'M' 'U' 'M'
 'M' 'M' 'U' 'M' 'M' 'M' 'U' 'M' 'M' 'M' 'M' 'M' 'M' 'M' 'M' 'M' 'M' 'M'
 'U' 'M' 'M' 'M' 'M' 'M' 'M' 'M' 'U' 'M' 'M' 'M' 'M' 'M' 'M' 'M' 'U' 'U'
 'M' 'M' 'M' 'U' 'M' 'U' 'M' 'U' 'U' 'M' 'M' 'U' 'M' 'M' 'U' 'M' 'M' 'M'
 'M' 'M' 'M' 'M' 'M' 'M' 'M' 'M' 'M' 'M' 'M' 'M' 'M' 'M' 'M' 'M' 'M' 'M'
 'M' 'M' 'M' 'M' 'M' 'U' 'U' 'U' 'M' 'U' 'M' 'U' 'U' 'M' 'M' 'U' 'M' 'M'
 'M' 'M' 'M' 'M' 'U' 'M' 'M' 'M' 'M' 'M' 'M' 'M' 'M' 'U' 'M' 'M' 'M' 'M'
 'M' 'U' 'M' 'M' 'M' 'M' 'M' 'M' 'M' 'M' 'U' 'M' 'M' 'M' 'M' 'M' 'M' 'U'
 'M' 'M' 'M' 'M' 'M' 'M' 'M' 'M' 'M' 'M' 'M' 'U' 'M' 'M' 'M' 'U' 'U' 'M']"
353501,0,165,2,163,33,0,0,"['A' 'M' 'M' 'U' 'M' 'M' 'M' 'M' 'M' 'M' 'M' 'M' 'M' 'M' 'U' 'M' 'M' 'M'
 'M' 'U' 'M' 'M' 'M' 'M' 'U' 'M' 'M' 'M' 'M' 'M' 'M' 'M' 'M' 'M' 'M' 'M'
 'M' 'M' 'M' 'M' 'M' 'M' 'U' 'M' 'M' 'M' 'U' 'U' 'M' 'U' 'M' 'M' 'U' 'M'
 'M' 'M' 'M' 'M' 'M' 'M' 'U' 'M' 'M' 'M' 'M' 'M' 'M' 'M' 'M' 'M' 'M' 'M'
 'M' 'M' 'M' 'M' 'M' 'M' 'U' 'M' 'M' 'M' 'U' 'M' 'M' 'M' 'M' 'M' 'U' 'M'
 'M' 'U' 'M' 'M' 'U' 'A' 'M' 'U' 'U' 'M' 'M' 'U' 'M' 'M' 'U' 'M' 'U' 'M'
 'M' 'M' 'M' 'M' 'M' 'M' 'M' 'M' 'M' 'M' 'M' 'M' 'M' 'M' 'M' 'M' 'M' 'M'
 'M' 'M' 'M' 'M' 'M' 'U' 'M' 'U' 'M' 'U' 'M' 'U' 'U' 'M' 'M' 'U' 'M' 'M'
 'M' 'M' 'M' 'M' 'U' 'M' 'M' 'M' 'M' 'M' 'M' 'M' 'M' 'U' 'M' 'M' 'M' 'M'
 'M' 'M' 'M' 'M' 'M' 'M' 'U' 'M' 'M' 'M' 'U' 'M' 'M' 'M' 'M' 'M' 'M' 'M'
 'M' 'M' 'M' 'M' 'M' 'M' 'M' 'M' 'M' 'M' 'M' 'U' 'M' 'M' 'M' 'U' 'U' 'M']"
353601,0,162,2,160,36,0,0,"['A' 'M' 'M' 'M' 'M' 'U' 'M' 'M' 'M' 'M' 'M' 'M' 'M' 'M' 'U' 'M' 'M' 'M'
 'M' 'U' 'M' 'M' 'M' 'M' 'M' 'M' 'M' 'M' 'U' 'M' 'M' 'M' 'M' 'M' 'M' 'M'
 'M' 'M' 'M' 'M' 'M' 'M' 'U' 'M' 'U' 'M' 'U' 'U' 'U' 'M' 'M' 'M' 'U' 'M'
 'M' 'M' 'M' 'U' 'M' 'M' 'U' 'M' 'M' 'M' 'M' 'M' 'M' 'M' 'M' 'U' 'M' 'M'
 'M' 'M' 'U' 'M' 'M' 'M' 'M' 'M' 'M' 'M' 'M' 'M' 'M' 'M' 'M' 'M' 'M' 'U'
 'U' 'M' 'M' 'M' 'U' 'A' 'M' 'U' 'U' 'M' 'M' 'U' 'M' 'M' 'U' 'M' 'M' 'M'
 'M' 'U' 'M' 'M' 'U' 'M' 'M' 'M' 'M' 'M' 'M' 'M' 'M' 'M' 'M' 'M' 'M' 'M'
 'M' 'M' 'M' 'M' 'U' 'U' 'M' 'U' 'U' 'U' 'M' 'U' 'M' 'M' 'M' 'U' 'M' 'M'
 'M' 'M' 'M' 'M' 'U' 'M' 'M' 'M' 'M' 'M' 'M' 'M' 'M' 'U' 'M' 'M' 'M' 'M'
 'M' 'M' 'M' 'M' 'M' 'M' 'U' 'M' 'M' 'M' 'M' 'M' 'M' 'M' 'M' 'M' 'M' 'M'
 'M' 'M' 'M' 'M' 'M' 'M' 'M' 'M' 'M' 'M' 'M' 'U' 'M' 'M' 'U' 'U' 'M' 'M']"
353701,0,164,2,162,34,0,0,"['A' 'M' 'M' 'M' 'M' 'U' 'M' 'M' 'M' 'M' 'M' 'M' 'M' 'M' 'M' 'M' 'M' 'M'
 'M' 'U' 'M' 'U' 'M' 'M' 'M' 'M' 'U' 'M' 'U' 'M' 'M' 'M' 'M' 'M' 'M' 'M'
 'M' 'M' 'M' 'M' 'M' 'M' 'U' 'M' 'M' 'M' 'M' 'M' 'U' 'M' 'M' 'M' 'U' 'M'
 'M' 'M' 'U' 'U' 'M' 'M' 'U' 'M' 'M' 'M' 'M' 'M' 'M' 'M' 'M' 'M' 'M' 'M'
 'M' 'M' 'U' 'M' 'M' 'M' 'M' 'M' 'M' 'M' 'U' 'M' 'M' 'M' 'U' 'M' 'U' 'M'
 'M' 'M' 'U' 'M' 'M' 'M' 'M' 'M' 'U' 'M' 'U' 'U' 'M' 'M' 'U' 'M' 'M' 'M'
 'M' 'M' 'M' 'M' 'U' 'M' 'M' 'M' 'M' 'M' 'M' 'M' 'M' 'M' 'M' 'M' 'M' 'M'
 'M' 'M' 'M' 'M' 'A' 'U' 'M' 'U' 'M' 'U' 'M' 'M' 'M' 'M' 'M' 'U' 'M' 'M'
 'M' 'M' 'M' 'M' 'U' 'M' 'M' 'M' 'U' 'M' 'M' 'M' 'M' 'U' 'M' 'M' 'U' 'M'
 'M' 'M' 'M' 'M' 'M' 'M' 'U' 'U' 'M' 'M' 'M' 'M' 'M' 'M' 'M' 'M' 'M' 'M'
 'M' 'M' 'M' 'M' 'M' 'M' 'M' 'M' 'M' 'M' 'M' 'U' 'M' 'M' 'U' 'U' 'M' 'M']"
353801,1,157,3,154,41,0,0,"['A' 'M' 'M' 'M' 'M' 'U' 'M' 'M' 'M' 'M' 'M' 'M' 'M' 'M' 'M' 'M' 'M' 'M'
 'M' 'U' 'M' 'U' 'M' 'M' 'M' 'M' 'U' 'M' 'U' 'M' 'M' 'M' 'M' 'M' 'M' 'M'
 'M' 'M' 'M' 'M' 'M' 'M' 'U' 'U' 'M' 'M' 'M' 'M' 'U' 'M' 'M' 'M' 'U' 'M'
 'M' 'M' 'A' 'U' 'M' 'M' 'U' 'M' 'M' 'M' 'M' 'U' 'M' 'M' 'M' 'M' 'M' 'U'
 'M' 'M' 'U' 'M' 'M' 'M' 'M' 'U' 'M' 'M' 'M' 'M' 'U' 'M' 'M' 'M' 'M' 'M'
 'M' 'M' 'M' 'M' 'M' 'M' 'M' 'U' 'M' 'M' 'M' 'U' 'M' 'M' 'U' 'M' 'M' 'M'
 'M' 'M' 'M' 'U' 'U' 'M' 'M' 'M' 'M' 'M' 'M' 'M' 'M' 'M' 'M' 'M' 'M' 'M'
 'M' 'M' 'M' 'M' 'A' 'U' 'U' 'U' 'U' 'U' 'U' 'U' 'U' 'M' 'M' 'M' 'M' 'M'
 'M' 'U' 'U' 'M' 'U' 'M' 'M' 'M' 'U' 'M' 'M' 'M' 'M' 'U' 'M' 'M' 'U' 'M'
 'M' 'M' 'M' 'M' 'M' 'M' 'U' 'U' 'M' 'M' 'M' 'U' 'M' 'M' 'M' 'M' 'M' 'M'
 'M' 'M' 'M' 'M' 'M' 'M' 'M' 'M' 'M' 'M' 'M' 'U' 'M' 'M' 'U' 'U' 'M' 'M']"
353901,0,162,6,156,36,0,0,"['A' 'M' 'M' 'M' 'M' 'M' 'M' 'M' 'M' 'M' 'M' 'M' 'M' 'M' 'M' 'M' 'M' 'M'
 'M' 'U' 'M' 'A' 'M' 'M' 'M' 'M' 'U' 'M' 'U' 'M' 'M' 'M' 'M' 'M' 'M' 'M'
 'M' 'M' 'M' 'M' 'M' 'M' 'U' 'U' 'M' 'M' 'M' 'M' 'U' 'M' 'M' 'M' 'M' 'M'
 'M' 'M' 'A' 'U' 'M' 'M' 'U' 'M' 'M' 'M' 'M' 'M' 'M' 'M' 'U' 'M' 'M' 'M'
 'M' 'U' 'M' 'M' 'M' 'U' 'M' 'M' 'M' 'M' 'M' 'U' 'M' 'M' 'M' 'U' 'M' 'M'
 'M' 'M' 'M' 'M' 'M' 'M' 'M' 'U' 'M' 'M' 'M' 'U' 'M' 'M' 'M' 'M' 'M' 'M'
 'M' 'M' 'M' 'U' 'M' 'M' 'M' 'M' 'M' 'M' 'M' 'M' 'M' 'M' 'M' 'U' 'M' 'M'
 'M' 'M' 'M' 'M' 'A' 'M' 'U' 'A' 'U' 'U' 'U' 'U' 'U' 'M' 'M' 'M' 'M' 'M'
 'M' 'U' 'U' 'M' 'A' 'M' 'U' 'M' 'U' 'M' 'M' 'M' 'M' 'U' 'M' 'M' 'U' 'M'
 'M' 'M' 'M' 'M' 'M' 'M' 'M' 'U' 'M' 'U' 'M' 'U' 'M' 'M' 'U' 'M' 'M' 'M'
 'U' 'M' 'M' 'M' 'M' 'M' 'M' 'M' 'M' 'M' 'M' 'U' 'M' 'M' 'U' 'M' 'M' 'M']"
354001,0,160,5,155,38,0,0,"['A' 'U' 'M' 'M' 'M' 'M' 'M' 'M' 'M' 'U' 'M' 'M' 'M' 'M' 'M' 'M' 'M' 'M'
 'M' 'M' 'M' 'A' 'M' 'M' 'M' 'M' 'U' 'M' 'U' 'U' 'M' 'M' 'M' 'M' 'M' 'M'
 'M' 'M' 'M' 'M' 'M' 'M' 'U' 'U' 'M' 'U' 'M' 'M' 'U' 'M' 'M' 'M' 'M' 'M'
 'M' 'M' 'U' 'U' 'M' 'M' 'M' 'M' 'M' 'M' 'M' 'M' 'M' 'U' 'M' 'M' 'M' 'M'
 'M' 'M' 'M' 'U' 'U' 'U' 'U' 'M' 'M' 'M' 'M' 'M' 'M' 'M' 'M' 'M' 'M' 'M'
 'M' 'M' 'M' 'M' 'M' 'M' 'M' 'M' 'M' 'M' 'M' 'U' 'M' 'M' 'M' 'M' 'M' 'M'
 'M' 'M' 'M' 'U' 'M' 'M' 'M' 'M' 'M' 'M' 'M' 'M' 'M' 'M' 'M' 'M' 'M' 'M'
 'M' 'M' 'M' 'M' 'A' 'M' 'U' 'A' 'U' 'U' 'U' 'U' 'U' 'M' 'M' 'M' 'U' 'M'
 'M' 'U' 'U' 'M' 'A' 'M' 'M' 'M' 'U' 'M' 'M' 'M' 'M' 'U' 'M' 'M' 'U' 'M'
 'M' 'M' 'M' 'M' 'M' 'M' 'M' 'U' 'M' 'M' 'M' 'U' 'M' 'M' 'M' 'M' 'M' 'M'
 'U' 'M' 'U' 'U' 'M' 'M' 'M' 'M' 'M' 'M' 'U' 'U' 'M' 'M' 'U' 'M' 'M' 'M']"
354101,0,166,6,160,32,0,0,"['A' 'U' 'M' 'M' 'M' 'U' 'U' 'U' 'M' 'M' 'M' 'M' 'M' 'M' 'M' 'M' 'M' 'M'
 'M' 'M' 'M' 'A' 'M' 'M' 'M' 'M' 'M' 'M' 'M' 'U' 'M' 'M' 'M' 'M' 'M' 'M'
 'M' 'M' 'M' 'M' 'M' 'M' 'U' 'M' 'M' 'M' 'M' 'M' 'A' 'U' 'M' 'M' 'M' 'M'
 'M' 'M' 'U' 'U' 'M' 'M' 'M' 'U' 'M' 'M' 'M' 'U' 'M' 'U' 'U' 'M' 'M' 'M'
 'M' 'M' 'M' 'M' 'M' 'M' 'M' 'M' 'M' 'U' 'M' 'M' 'M' 'M' 'M' 'U' 'M' 'M'
 'M' 'M' 'M' 'M' 'M' 'M' 'M' 'M' 'M' 'M' 'M' 'M' 'M' 'M' 'M' 'M' 'M' 'M'
 'M' 'M' 'M' 'U' 'M' 'M' 'M' 'U' 'M' 'M' 'M' 'M' 'M' 'M' 'M' 'M' 'M' 'M'
 'M' 'M' 'M' 'M' 'A' 'M' 'M' 'A' 'M' 'U' 'M' 'U' 'M' 'M' 'M' 'M' 'U' 'M'
 'M' 'M' 'U' 'M' 'A' 'M' 'M' 'M' 'U' 'M' 'M' 'M' 'M' 'U' 'M' 'M' 'U' 'M'
 'M' 'U' 'M' 'M' 'M' 'M' 'M' 'U' 'M' 'M' 'M' 'U' 'M' 'M' 'M' 'M' 'M' 'M'
 'U' 'M' 'U' 'M' 'M' 'M' 'M' 'M' 'M' 'M' 'U' 'U' 'M' 'M' 'U' 'M' 'M' 'M']"
354201,1,171,8,163,27,0,0,"['A' 'U' 'M' 'M' 'M' 'M' 'U' 'U' 'M' 'M' 'M' 'M' 'M' 'M' 'M' 'M' 'M' 'M'
 'M' 'M' 'M' 'A' 'M' 'U' 'M' 'M' 'M' 'M' 'M' 'U' 'M' 'M' 'M' 'U' 'M' 'M'
 'M' 'M' 'M' 'M' 'M' 'M' 'M' 'M' 'M' 'M' 'M' 'M' 'A' 'M' 'M' 'M' 'M' 'M'
 'M' 'M' 'A' 'M' 'M' 'M' 'M' 'M' 'M' 'M' 'M' 'M' 'M' 'M' 'M' 'U' 'M' 'M'
 'M' 'M' 'U' 'U' 'M' 'M' 'U' 'M' 'M' 'M' 'M' 'M' 'M' 'M' 'M' 'M' 'M' 'U'
 'M' 'M' 'M' 'M' 'M' 'M' 'M' 'M' 'M' 'M' 'M' 'M' 'M' 'M' 'M' 'M' 'M' 'M'
 'M' 'M' 'M' 'U' 'M' 'M' 'M' 'U' 'U' 'M' 'M' 'M' 'M' 'M' 'M' 'M' 'M' 'M'
 'M' 'M' 'M' 'M' 'A' 'U' 'U' 'A' 'M' 'U' 'M' 'A' 'M' 'M' 'M' 'M' 'M' 'M'
 'M' 'M' 'U' 'M' 'A' 'M' 'M' 'M' 'U' 'M' 'M' 'M' 'M' 'U' 'M' 'M' 'U' 'M'
 'M' 'M' 'M' 'M' 'M' 'M' 'M' 'U' 'M' 'M' 'M' 'M' 'M' 'M' 'M' 'M' 'M' 'M'
 'U' 'M' 'U' 'M' 'M' 'M' 'M' 'M' 'M' 'M' 'U' 'U' 'M' 'M' 'U' 'M' 'M' 'M']"
354301,0,163,7,156,35,0,1,"['A' 'U' 'M' 'M' 'M' 'U' 'U' 'U' 'M' 'M' 'M' 'M' 'M' 'M' 'M' 'M' 'M' 'M'
 'M' 'M' 'M' 'A' 'U' 'U' 'M' 'M' 'M' 'M' 'M' 'U' 'M' 'M' 'M' 'U' 'M' 'M'
 'M' 'M' 'M' 'M' 'M' 'M' 'M' 'M' 'M' 'M' 'M' 'M' 'U' 'M' 'M' 'M' 'M' 'M'
 'M' 'M' 'A' 'M' 'M' 'M' 'M' 'M' 'M' 'M' 'M' 'M' 'M' 'U' 'M' 'M' 'U' 'M'
 'M' 'M' 'M' 'M' 'M' 'U' 'M' 'M' 'M' 'M' 'M' 'M' 'M' 'M' 'M' 'M' 'M' 'M'
 'M' 'M' 'U' 'M' 'U' 'M' 'M' 'M' 'M' 'U' 'M' 'M' 'M' 'M' 'M' 'M' 'M' 'M'
 'M' 'U' 'M' 'U' 'M' 'M' 'M' 'M' 'U' 'M' 'M' 'M' 'M' 'M' 'M' 'M' 'M' 'M'
 'M' 'U' 'M' 'M' 'A' 'U' 'U' 'A' 'U' 'U' 'U' 'A' 'U' 'M' 'M' 'M' 'M' 'M'
 'M' 'M' 'U' 'M' 'U' 'M' 'M' 'M' 'U' 'M' 'M' 'M' 'M' 'A' 'M' 'M' 'U' 'M'
 'M' 'M' 'M' 'M' 'M' 'U' 'M' 'U' 'M' 'M' 'M' 'M' 'M' 'M' 'M' 'M' 'M' 'M'
 'U' 'M' 'U' 'U' 'M' 'M' 'M' 'M' 'M' 'M' 'M' 'M' 'M' 'M' 'U' 'M' 'M' 'M']"
354401,0,166,4,162,32,0,0,"['A' 'U' 'M' 'M' 'M' 'U' 'U' 'M' 'M' 'M' 'M' 'M' 'M' 'M' 'M' 'M' 'M' 'M'
 'M' 'M' 'M' 'A' 'U' 'U' 'M' 'M' 'M' 'M' 'M' 'U' 'M' 'M' 'M' 'U' 'M' 'M'
 'M' 'M' 'M' 'M' 'M' 'M' 'M' 'M' 'M' 'M' 'M' 'M' 'U' 'M' 'M' 'M' 'M' 'M'
 'M' 'M' 'A' 'M' 'M' 'M' 'M' 'M' 'M' 'M' 'M' 'M' 'M' 'U' 'M' 'M' 'M' 'M'
 'M' 'M' 'U' 'M' 'U' 'M' 'M' 'M' 'U' 'M' 'M' 'M' 'M' 'M' 'M' 'M' 'U' 'M'
 'M' 'M' 'M' 'M' 'M' 'M' 'M' 'M' 'M' 'M' 'M' 'M' 'M' 'M' 'M' 'M' 'M' 'M'
 'M' 'U' 'M' 'M' 'M' 'M' 'M' 'M' 'U' 'M' 'M' 'M' 'M' 'M' 'M' 'M' 'M' 'M'
 'M' 'U' 'M' 'M' 'A' 'U' 'M' 'M' 'U' 'U' 'U' 'U' 'U' 'M' 'M' 'M' 'M' 'M'
 'M' 'M' 'M' 'M' 'U' 'M' 'M' 'M' 'M' 'M' 'M' 'M' 'M' 'M' 'M' 'M' 'U' 'M'
 'M' 'M' 'M' 'M' 'M' 'U' 'M' 'U' 'U' 'M' 'M' 'M' 'M' 'M' 'M' 'M' 'M' 'M'
 'U' 'M' 'M' 'U' 'M' 'M' 'M' 'M' 'M' 'M' 'M' 'U' 'M' 'M' 'U' 'M' 'U' 'M']"
354501,0,171,4,167,27,0,0,"['A' 'U' 'M' 'M' 'M' 'M' 'M' 'M' 'M' 'M' 'M' 'M' 'M' 'M' 'M' 'M' 'U' 'M'
 'M' 'M' 'M' 'U' 'U' 'M' 'M' 'M' 'M' 'M' 'M' 'U' 'M' 'M' 'M' 'U' 'M' 'M'
 'M' 'M' 'M' 'M' 'M' 'M' 'M' 'M' 'M' 'M' 'M' 'M' 'M' 'M' 'M' 'M' 'M' 'M'
 'M' 'M' 'A' 'M' 'M' 'M' 'M' 'U' 'M' 'M' 'M' 'M' 'M' 'M' 'M' 'M' 'M' 'M'
 'M' 'U' 'M' 'M' 'M' 'M' 'U' 'M' 'M' 'M' 'M' 'M' 'U' 'U' 'M' 'M' 'U' 'M'
 'M' 'M' 'M' 'M' 'M' 'M' 'M' 'M' 'M' 'M' 'M' 'M' 'M' 'M' 'M' 'M' 'M' 'M'
 'M' 'U' 'M' 'U' 'M' 'M' 'M' 'M' 'A' 'M' 'M' 'M' 'M' 'M' 'M' 'M' 'M' 'M'
 'M' 'M' 'M' 'M' 'A' 'M' 'M' 'M' 'M' 'M' 'U' 'M' 'U' 'M' 'M' 'M' 'M' 'M'
 'M' 'M' 'M' 'M' 'U' 'M' 'M' 'U' 'M' 'M' 'M' 'M' 'M' 'M' 'M' 'M' 'U' 'M'
 'M' 'M' 'M' 'M' 'M' 'U' 'M' 'U' 'M' 'M' 'M' 'M' 'M' 'M' 'M' 'M' 'M' 'U'
 'U' 'M' 'M' 'U' 'M' 'M' 'U' 'M' 'M' 'M' 'M' 'U' 'M' 'M' 'U' 'M' 'M' 'M']"
354601,0,166,3,163,32,0,0,"['A' 'M' 'M' 'U' 'M' 'M' 'M' 'M' 'M' 'M' 'M' 'M' 'M' 'M' 'M' 'M' 'U' 'M'
 'M' 'M' 'M' 'U' 'U' 'M' 'M' 'M' 'M' 'M' 'M' 'U' 'M' 'M' 'M' 'M' 'M' 'M'
 'M' 'M' 'M' 'M' 'M' 'M' 'M' 'M' 'M' 'M' 'M' 'M' 'M' 'M' 'M' 'M' 'M' 'M'
 'M' 'M' 'M' 'M' 'M' 'M' 'M' 'U' 'M' 'M' 'M' 'M' 'M' 'M' 'M' 'M' 'U' 'M'
 'M' 'M' 'U' 'U' 'M' 'M' 'M' 'M' 'M' 'M' 'M' 'M' 'M' 'M' 'M' 'M' 'M' 'M'
 'M' 'U' 'M' 'M' 'U' 'M' 'M' 'M' 'M' 'M' 'M' 'M' 'M' 'M' 'M' 'M' 'M' 'M'
 'M' 'U' 'M' 'U' 'M' 'M' 'M' 'M' 'A' 'M' 'M' 'M' 'M' 'M' 'M' 'M' 'M' 'M'
 'M' 'M' 'M' 'M' 'A' 'U' 'U' 'U' 'U' 'M' 'U' 'U' 'U' 'M' 'M' 'M' 'M' 'M'
 'M' 'M' 'M' 'M' 'U' 'M' 'U' 'M' 'M' 'M' 'M' 'M' 'M' 'M' 'M' 'M' 'U' 'M'
 'M' 'M' 'M' 'M' 'M' 'U' 'M' 'M' 'M' 'M' 'M' 'U' 'M' 'M' 'M' 'M' 'U' 'U'
 'M' 'M' 'M' 'U' 'M' 'M' 'U' 'M' 'U' 'M' 'M' 'U' 'M' 'M' 'U' 'M' 'M' 'M']"
354701,0,173,3,170,25,0,0,"['A' 'M' 'M' 'M' 'M' 'M' 'M' 'M' 'M' 'M' 'M' 'M' 'U' 'M' 'M' 'M' 'M' 'M'
 'M' 'M' 'M' 'U' 'U' 'M' 'M' 'M' 'M' 'M' 'M' 'U' 'M' 'M' 'M' 'M' 'M' 'M'
 'M' 'M' 'M' 'M' 'M' 'U' 'M' 'M' 'M' 'M' 'M' 'M' 'M' 'M' 'M' 'U' 'M' 'M'
 'M' 'M' 'M' 'M' 'M' 'M' 'M' 'M' 'M' 'M' 'M' 'M' 'M' 'M' 'U' 'U' 'M' 'U'
 'M' 'M' 'M' 'U' 'M' 'M' 'M' 'M' 'M' 'M' 'M' 'U' 'M' 'M' 'M' 'M' 'M' 'M'
 'M' 'M' 'M' 'M' 'M' 'M' 'M' 'M' 'M' 'M' 'M' 'M' 'M' 'M' 'M' 'M' 'M' 'M'
 'U' 'M' 'M' 'U' 'M' 'M' 'M' 'M' 'A' 'M' 'M' 'M' 'M' 'M' 'M' 'M' 'M' 'M'
 'M' 'M' 'M' 'M' 'A' 'U' 'U' 'M' 'M' 'M' 'U' 'U' 'U' 'M' 'M' 'M' 'M' 'M'
 'M' 'M' 'M' 'M' 'M' 'M' 'U' 'M' 'M' 'M' 'M' 'M' 'M' 'M' 'M' 'M' 'M' 'M'
 'M' 'M' 'M' 'M' 'M' 'M' 'M' 'M' 'U' 'M' 'M' 'M' 'M' 'M' 'M' 'M' 'U' 'M'
 'M' 'M' 'M' 'U' 'M' 'M' 'U' 'M' 'U' 'M' 'M' 'M' 'M' 'U' 'M' 'M' 'M' 'M']"
354801,0,178,5,173,20,0,1,"['A' 'M' 'M' 'U' 'M' 'M' 'M' 'M' 'M' 'M' 'M' 'M' 'A' 'M' 'M' 'M' 'M' 'M'
 'M' 'M' 'M' 'M' 'U' 'U' 'A' 'M' 'M' 'M' 'M' 'U' 'M' 'M' 'M' 'M' 'M' 'M'
 'M' 'M' 'M' 'M' 'M' 'U' 'M' 'M' 'M' 'M' 'M' 'M' 'M' 'M' 'M' 'M' 'M' 'M'
 'M' 'M' 'M' 'M' 'U' 'M' 'M' 'M' 'M' 'U' 'M' 'M' 'M' 'M' 'M' 'M' 'M' 'M'
 'M' 'M' 'M' 'M' 'U' 'M' 'M' 'M' 'M' 'U' 'M' 'U' 'M' 'M' 'U' 'M' 'M' 'U'
 'M' 'M' 'M' 'M' 'M' 'M' 'M' 'M' 'M' 'M' 'M' 'M' 'M' 'M' 'M' 'M' 'M' 'M'
 'M' 'M' 'M' 'U' 'M' 'M' 'M' 'M' 'A' 'M' 'M' 'M' 'M' 'M' 'M' 'M' 'M' 'M'
 'M' 'M' 'M' 'M' 'A' 'M' 'M' 'M' 'M' 'M' 'U' 'M' 'M' 'M' 'M' 'M' 'M' 'M'
 'M' 'M' 'M' 'M' 'M' 'M' 'U' 'M' 'U' 'M' 'M' 'M' 'M' 'M' 'M' 'M' 'M' 'M'
 'M' 'M' 'M' 'M' 'M' 'M' 'M' 'M' 'M' 'M' 'M' 'M' 'M' 'M' 'M' 'M' 'U' 'M'
 'M' 'M' 'M' 'U' 'M' 'M' 'M' 'M' 'M' 'M' 'M' 'M' 'M' 'U' 'U' 'M' 'M' 'M']"
354901,0,174,3,171,24,0,0,"['A' 'M' 'M' 'U' 'U' 'M' 'M' 'M' 'M' 'M' 'M' 'M' 'M' 'M' 'M' 'M' 'M' 'M'
 'M' 'M' 'M' 'M' 'U' 'M' 'U' 'M' 'M' 'U' 'M' 'M' 'U' 'M' 'M' 'M' 'M' 'U'
 'M' 'M' 'M' 'M' 'M' 'U' 'M' 'M' 'M' 'M' 'U' 'M' 'M' 'M' 'M' 'M' 'M' 'M'
 'M' 'M' 'M' 'M' 'U' 'M' 'M' 'M' 'M' 'M' 'M' 'M' 'M' 'U' 'M' 'M' 'M' 'M'
 'U' 'M' 'M' 'U' 'M' 'M' 'M' 'M' 'M' 'M' 'M' 'M' 'M' 'M' 'U' 'M' 'U' 'M'
 'M' 'M' 'M' 'M' 'M' 'M' 'M' 'M' 'M' 'M' 'M' 'M' 'M' 'M' 'M' 'M' 'M' 'U'
 'M' 'M' 'M' 'M' 'M' 'M' 'M' 'M' 'A' 'M' 'M' 'M' 'M' 'M' 'M' 'M' 'M' 'M'
 'M' 'M' 'M' 'M' 'A' 'M' 'M' 'M' 'M' 'M' 'U' 'M' 'M' 'M' 'M' 'M' 'M' 'M'
 'M' 'M' 'M' 'M' 'M' 'M' 'M' 'M' 'U' 'M' 'M' 'M' 'M' 'M' 'M' 'M' 'U' 'M'
 'M' 'M' 'M' 'M' 'M' 'M' 'M' 'M' 'M' 'M' 'M' 'M' 'M' 'M' 'M' 'M' 'M' 'U'
 'M' 'U' 'M' 'U' 'M' 'M' 'M' 'M' 'M' 'M' 'M' 'M' 'M' 'U' 'U' 'M' 'M' 'M']"
355001,0,172,3,169,26,0,0,"['A' 'M' 'M' 'M' 'U' 'M' 'M' 'M' 'M' 'M' 'M' 'M' 'M' 'M' 'M' 'M' 'M' 'M'
 'M' 'M' 'M' 'M' 'U' 'M' 'U' 'M' 'M' 'M' 'M' 'M' 'M' 'M' 'U' 'M' 'M' 'M'
 'M' 'M' 'M' 'M' 'M' 'U' 'M' 'M' 'M' 'M' 'U' 'M' 'M' 'M' 'M' 'M' 'M' 'M'
 'M' 'M' 'M' 'M' 'U' 'M' 'M' 'M' 'M' 'M' 'M' 'M' 'M' 'M' 'U' 'M' 'M' 'M'
 'M' 'M' 'U' 'M' 'M' 'M' 'U' 'M' 'M' 'M' 'U' 'M' 'M' 'M' 'M' 'M' 'M' 'M'
 'M' 'M' 'U' 'M' 'M' 'U' 'M' 'U' 'M' 'M' 'M' 'M' 'M' 'U' 'M' 'M' 'M' 'U'
 'M' 'M' 'M' 'M' 'M' 'M' 'M' 'M' 'A' 'M' 'M' 'M' 'M' 'M' 'M' 'M' 'M' 'M'
 'M' 'M' 'M' 'M' 'A' 'M' 'U' 'M' 'M' 'M' 'U' 'M' 'M' 'M' 'M' 'M' 'M' 'M'
 'M' 'M' 'M' 'M' 'M' 'M' 'M' 'M' 'M' 'U' 'M' 'M' 'M' 'M' 'M' 'M' 'U' 'M'
 'M' 'M' 'M' 'M' 'M' 'M' 'M' 'M' 'M' 'M' 'M' 'M' 'M' 'M' 'M' 'M' 'M' 'U'
 'M' 'M' 'M' 'U' 'M' 'U' 'U' 'M' 'M' 'M' 'M' 'M' 'M' 'U' 'U' 'M' 'M' 'M']"
355101,0,162,2,160,36,0,0,"['A' 'M' 'M' 'M' 'U' 'M' 'M' 'M' 'M' 'M' 'M' 'M' 'M' 'M' 'M' 'M' 'M' 'M'
 'M' 'M' 'U' 'M' 'U' 'M' 'U' 'M' 'M' 'M' 'M' 'M' 'M' 'M' 'U' 'M' 'M' 'M'
 'M' 'M' 'M' 'M' 'M' 'U' 'M' 'M' 'M' 'M' 'U' 'U' 'M' 'M' 'M' 'M' 'M' 'M'
 'M' 'M' 'M' 'M' 'M' 'M' 'M' 'M' 'M' 'M' 'M' 'M' 'M' 'U' 'M' 'M' 'M' 'M'
 'M' 'M' 'M' 'M' 'M' 'M' 'M' 'M' 'U' 'U' 'M' 'M' 'M' 'M' 'M' 'M' 'M' 'U'
 'M' 'M' 'U' 'M' 'M' 'U' 'M' 'U' 'M' 'M' 'M' 'M' 'M' 'U' 'M' 'M' 'M' 'U'
 'M' 'M' 'M' 'M' 'M' 'M' 'M' 'M' 'A' 'M' 'M' 'M' 'M' 'M' 'M' 'M' 'M' 'U'
 'M' 'M' 'M' 'M' 'U' 'U' 'M' 'M' 'U' 'U' 'U' 'U' 'U' 'M' 'M' 'M' 'M' 'M'
 'M' 'M' 'M' 'M' 'U' 'M' 'M' 'M' 'M' 'U' 'M' 'M' 'M' 'M' 'M' 'M' 'U' 'M'
 'M' 'M' 'M' 'M' 'M' 'U' 'M' 'M' 'M' 'M' 'M' 'M' 'M' 'M' 'M' 'M' 'M' 'U'
 'M' 'M' 'M' 'U' 'M' 'U' 'U' 'M' 'M' 'U' 'M' 'M' 'M' 'U' 'U' 'M' 'M' 'M']"
355201,1,161,4,157,37,0,0,"['A' 'M' 'M' 'M' 'M' 'M' 'M' 'M' 'M' 'M' 'M' 'M' 'M' 'M' 'M' 'M' 'M' 'M'
 'M' 'M' 'U' 'U' 'U' 'M' 'M' 'M' 'M' 'M' 'M' 'U' 'M' 'M' 'U' 'M' 'M' 'M'
 'M' 'M' 'M' 'M' 'M' 'U' 'M' 'M' 'U' 'M' 'A' 'U' 'M' 'M' 'M' 'M' 'M' 'M'
 'M' 'M' 'M' 'M' 'M' 'M' 'M' 'M' 'M' 'M' 'M' 'M' 'M' 'M' 'M' 'M' 'M' 'M'
 'U' 'M' 'M' 'U' 'M' 'M' 'M' 'M' 'U' 'U' 'M' 'M' 'U' 'M' 'M' 'M' 'M' 'M'
 'M' 'M' 'M' 'M' 'M' 'U' 'M' 'U' 'M' 'M' 'M' 'M' 'M' 'U' 'M' 'M' 'M' 'U'
 'M' 'M' 'M' 'M' 'M' 'M' 'M' 'M' 'A' 'M' 'M' 'M' 'M' 'M' 'M' 'M' 'M' 'U'
 'M' 'M' 'M' 'M' 'U' 'U' 'U' 'U' 'U' 'A' 'U' 'U' 'U' 'M' 'M' 'M' 'M' 'M'
 'M' 'M' 'M' 'M' 'U' 'M' 'M' 'M' 'M' 'U' 'M' 'M' 'M' 'M' 'M' 'M' 'U' 'M'
 'M' 'M' 'M' 'M' 'M' 'U' 'U' 'M' 'M' 'M' 'M' 'M' 'U' 'M' 'M' 'M' 'M' 'M'
 'M' 'M' 'M' 'U' 'M' 'U' 'U' 'M' 'M' 'M' 'M' 'M' 'M' 'U' 'U' 'M' 'M' 'M']"
355301,1,158,4,154,40,0,0,"['A' 'M' 'M' 'M' 'M' 'M' 'M' 'M' 'M' 'M' 'M' 'M' 'M' 'M' 'M' 'M' 'M' 'M'
 'M' 'M' 'M' 'U' 'U' 'M' 'M' 'M' 'M' 'M' 'M' 'U' 'M' 'M' 'U' 'M' 'M' 'M'
 'M' 'M' 'M' 'M' 'M' 'U' 'M' 'M' 'U' 'M' 'U' 'M' 'M' 'M' 'M' 'M' 'M' 'M'
 'M' 'M' 'M' 'M' 'M' 'M' 'M' 'M' 'M' 'M' 'M' 'M' 'M' 'U' 'U' 'M' 'M' 'M'
 'M' 'M' 'U' 'U' 'M' 'M' 'U' 'M' 'M' 'M' 'M' 'M' 'M' 'M' 'M' 'M' 'M' 'M'
 'M' 'M' 'M' 'M' 'M' 'U' 'M' 'A' 'M' 'M' 'M' 'M' 'M' 'U' 'M' 'M' 'U' 'U'
 'M' 'M' 'U' 'M' 'M' 'M' 'M' 'M' 'A' 'U' 'M' 'M' 'M' 'M' 'U' 'M' 'M' 'U'
 'M' 'M' 'M' 'M' 'M' 'U' 'U' 'U' 'U' 'A' 'U' 'U' 'U' 'M' 'M' 'M' 'M' 'M'
 'M' 'M' 'M' 'M' 'U' 'M' 'M' 'M' 'M' 'U' 'M' 'M' 'M' 'U' 'M' 'M' 'U' 'M'
 'M' 'M' 'M' 'M' 'M' 'U' 'M' 'M' 'M' 'U' 'M' 'M' 'M' 'M' 'M' 'M' 'M' 'M'
 'M' 'M' 'M' 'U' 'M' 'U' 'U' 'M' 'M' 'M' 'M' 'U' 'U' 'U' 'U' 'M' 'M' 'M']"
355401,0,160,5,155,38,0,0,"['A' 'M' 'M' 'M' 'M' 'M' 'M' 'M' 'M' 'M' 'M' 'M' 'M' 'M' 'U' 'M' 'M' 'M'
 'M' 'M' 'M' 'M' 'U' 'M' 'M' 'M' 'M' 'M' 'M' 'U' 'M' 'M' 'M' 'M' 'U' 'M'
 'M' 'M' 'M' 'U' 'M' 'U' 'M' 'M' 'M' 'M' 'M' 'M' 'M' 'M' 'M' 'M' 'M' 'M'
 'M' 'U' 'M' 'M' 'M' 'M' 'M' 'M' 'U' 'M' 'M' 'M' 'M' 'M' 'M' 'M' 'M' 'M'
 'M' 'M' 'M' 'M' 'M' 'M' 'M' 'M' 'M' 'U' 'M' 'M' 'U' 'U' 'M' 'M' 'M' 'M'
 'M' 'U' 'M' 'U' 'M' 'U' 'M' 'A' 'M' 'M' 'M' 'M' 'M' 'U' 'M' 'M' 'U' 'U'
 'M' 'M' 'M' 'M' 'M' 'M' 'M' 'M' 'A' 'U' 'M' 'M' 'U' 'M' 'M' 'M' 'M' 'M'
 'M' 'M' 'M' 'M' 'M' 'U' 'U' 'M' 'U' 'A' 'M' 'U' 'U' 'M' 'M' 'M' 'M' 'M'
 'M' 'M' 'M' 'M' 'U' 'M' 'M' 'M' 'M' 'U' 'M' 'M' 'M' 'U' 'M' 'M' 'M' 'M'
 'M' 'M' 'M' 'M' 'M' 'A' 'U' 'M' 'M' 'M' 'M' 'M' 'U' 'M' 'M' 'U' 'M' 'M'
 'M' 'M' 'M' 'U' 'U' 'U' 'U' 'U' 'M' 'M' 'M' 'M' 'U' 'U' 'U' 'M' 'M' 'M']"
355501,0,163,6,157,35,0,0,"['A' 'M' 'M' 'M' 'M' 'M' 'M' 'M' 'M' 'M' 'U' 'M' 'M' 'M' 'A' 'M' 'M' 'M'
 'M' 'M' 'M' 'M' 'U' 'M' 'M' 'M' 'M' 'M' 'M' 'U' 'M' 'M' 'M' 'M' 'M' 'M'
 'M' 'M' 'M' 'U' 'M' 'U' 'M' 'M' 'M' 'M' 'M' 'M' 'M' 'M' 'M' 'M' 'M' 'M'
 'M' 'M' 'M' 'M' 'M' 'M' 'M' 'M' 'U' 'M' 'M' 'M' 'M' 'M' 'M' 'M' 'U' 'M'
 'M' 'M' 'U' 'M' 'M' 'M' 'M' 'M' 'M' 'M' 'M' 'M' 'M' 'M' 'M' 'M' 'U' 'M'
 'M' 'M' 'U' 'M' 'U' 'U' 'M' 'U' 'M' 'U' 'M' 'M' 'M' 'U' 'M' 'M' 'U' 'U'
 'M' 'M' 'M' 'M' 'M' 'M' 'M' 'M' 'A' 'U' 'M' 'M' 'U' 'M' 'M' 'M' 'M' 'M'
 'M' 'U' 'M' 'M' 'M' 'A' 'U' 'M' 'U' 'A' 'M' 'U' 'U' 'M' 'M' 'M' 'M' 'M'
 'M' 'M' 'M' 'U' 'M' 'M' 'M' 'M' 'M' 'U' 'M' 'M' 'M' 'M' 'M' 'M' 'M' 'M'
 'M' 'M' 'M' 'M' 'M' 'A' 'U' 'M' 'M' 'M' 'M' 'M' 'U' 'M' 'M' 'U' 'M' 'M'
 'M' 'M' 'M' 'M' 'U' 'U' 'U' 'U' 'M' 'M' 'M' 'M' 'U' 'U' 'M' 'M' 'M' 'M']"
355601,0,159,6,153,39,0,0,"['A' 'M' 'M' 'M' 'M' 'M' 'M' 'M' 'U' 'M' 'M' 'M' 'M' 'M' 'A' 'M' 'M' 'M'
 'M' 'M' 'M' 'M' 'A' 'M' 'M' 'M' 'M' 'U' 'M' 'U' 'M' 'M' 'M' 'M' 'M' 'M'
 'M' 'M' 'M' 'U' 'M' 'U' 'M' 'M' 'M' 'M' 'M' 'M' 'M' 'M' 'M' 'M' 'M' 'M'
 'M' 'M' 'U' 'M' 'M' 'M' 'M' 'U' 'M' 'M' 'M' 'M' 'M' 'M' 'U' 'M' 'U' 'M'
 'M' 'U' 'M' 'M' 'U' 'M' 'M' 'M' 'M' 'M' 'M' 'M' 'M' 'M' 'M' 'M' 'M' 'M'
 'M' 'M' 'M' 'U' 'M' 'U' 'M' 'U' 'M' 'U' 'M' 'M' 'M' 'U' 'M' 'M' 'U' 'U'
 'M' 'M' 'M' 'M' 'M' 'M' 'M' 'M' 'U' 'U' 'M' 'M' 'M' 'M' 'M' 'M' 'M' 'M'
 'M' 'U' 'M' 'M' 'M' 'A' 'U' 'U' 'U' 'A' 'U' 'A' 'U' 'M' 'U' 'M' 'M' 'M'
 'M' 'M' 'M' 'U' 'M' 'M' 'M' 'U' 'M' 'U' 'M' 'M' 'M' 'M' 'M' 'M' 'M' 'M'
 'M' 'M' 'M' 'M' 'M' 'U' 'U' 'M' 'M' 'M' 'M' 'M' 'U' 'M' 'M' 'U' 'M' 'M'
 'M' 'M' 'M' 'M' 'M' 'U' 'M' 'U' 'M' 'M' 'M' 'M' 'U' 'U' 'M' 'M' 'M' 'U']"
355701,0,162,7,155,36,0,0,"['A' 'M' 'U' 'M' 'M' 'M' 'M' 'M' 'U' 'M' 'M' 'M' 'M' 'U' 'A' 'M' 'M' 'M'
 'M' 'M' 'M' 'M' 'A' 'M' 'M' 'M' 'M' 'U' 'M' 'U' 'M' 'M' 'M' 'M' 'M' 'M'
 'M' 'M' 'M' 'M' 'M' 'M' 'M' 'M' 'M' 'M' 'M' 'M' 'M' 'M' 'M' 'M' 'M' 'M'
 'M' 'M' 'M' 'M' 'M' 'M' 'M' 'U' 'M' 'M' 'M' 'M' 'M' 'M' 'M' 'M' 'M' 'M'
 'M' 'U' 'M' 'M' 'U' 'M' 'M' 'M' 'M' 'U' 'M' 'M' 'U' 'M' 'M' 'M' 'M' 'M'
 'M' 'M' 'M' 'M' 'U' 'U' 'M' 'U' 'M' 'U' 'M' 'M' 'M' 'U' 'M' 'M' 'U' 'U'
 'M' 'M' 'M' 'U' 'M' 'M' 'M' 'M' 'U' 'M' 'M' 'M' 'M' 'M' 'M' 'M' 'M' 'M'
 'M' 'A' 'M' 'M' 'U' 'A' 'M' 'U' 'U' 'A' 'M' 'A' 'U' 'M' 'M' 'M' 'M' 'M'
 'M' 'U' 'M' 'U' 'M' 'M' 'M' 'U' 'U' 'U' 'M' 'M' 'M' 'M' 'M' 'U' 'M' 'M'
 'M' 'M' 'M' 'M' 'M' 'U' 'M' 'M' 'M' 'M' 'M' 'M' 'U' 'M' 'M' 'U' 'M' 'M'
 'M' 'M' 'M' 'M' 'M' 'U' 'M' 'U' 'M' 'M' 'M' 'M' 'M' 'U' 'M' 'M' 'M' 'U']"
355801,0,164,6,158,34,0,0,"['A' 'M' 'M' 'M' 'M' 'M' 'M' 'M' 'U' 'M' 'M' 'M' 'M' 'U' 'A' 'M' 'M' 'M'
 'M' 'U' 'M' 'M' 'A' 'M' 'M' 'M' 'M' 'U' 'M' 'U' 'M' 'M' 'M' 'M' 'M' 'M'
 'M' 'U' 'M' 'M' 'M' 'M' 'M' 'M' 'M' 'M' 'M' 'M' 'M' 'M' 'M' 'M' 'M' 'M'
 'M' 'M' 'M' 'M' 'U' 'M' 'M' 'U' 'M' 'M' 'M' 'M' 'U' 'M' 'M' 'M' 'M' 'M'
 'M' 'M' 'M' 'M' 'M' 'M' 'U' 'M' 'U' 'M' 'M' 'U' 'U' 'M' 'M' 'M' 'M' 'M'
 'M' 'M' 'M' 'M' 'M' 'M' 'M' 'U' 'M' 'U' 'M' 'M' 'M' 'U' 'M' 'M' 'U' 'M'
 'M' 'M' 'U' 'U' 'M' 'M' 'M' 'M' 'M' 'M' 'M' 'M' 'M' 'M' 'M' 'U' 'M' 'M'
 'M' 'U' 'M' 'M' 'U' 'A' 'M' 'M' 'U' 'A' 'M' 'A' 'U' 'M' 'M' 'M' 'M' 'M'
 'M' 'U' 'M' 'U' 'M' 'M' 'M' 'U' 'M' 'U' 'M' 'M' 'M' 'M' 'M' 'M' 'M' 'M'
 'M' 'M' 'M' 'M' 'M' 'U' 'M' 'M' 'M' 'M' 'M' 'M' 'U' 'M' 'M' 'U' 'M' 'M'
 'M' 'M' 'M' 'M' 'M' 'U' 'M' 'M' 'M' 'M' 'M' 'M' 'M' 'U' 'M' 'M' 'M' 'U']"
355901,0,165,5,160,33,0,0,"['A' 'M' 'M' 'M' 'M' 'M' 'M' 'M' 'M' 'M' 'M' 'M' 'M' 'U' 'A' 'U' 'M' 'M'
 'M' 'U' 'M' 'M' 'A' 'M' 'M' 'M' 'M' 'U' 'M' 'M' 'M' 'M' 'M' 'M' 'M' 'M'
 'M' 'M' 'M' 'M' 'M' 'M' 'M' 'M' 'M' 'M' 'M' 'M' 'M' 'M' 'U' 'M' 'M' 'M'
 'M' 'M' 'M' 'M' 'U' 'M' 'M' 'U' 'M' 'M' 'M' 'M' 'M' 'U' 'M' 'M' 'M' 'M'
 'M' 'M' 'M' 'U' 'M' 'M' 'M' 'M' 'M' 'M' 'U' 'M' 'M' 'M' 'M' 'M' 'U' 'M'
 'M' 'U' 'M' 'M' 'M' 'M' 'M' 'M' 'M' 'U' 'M' 'M' 'M' 'U' 'M' 'M' 'U' 'M'
 'M' 'M' 'U' 'U' 'U' 'M' 'M' 'M' 'M' 'M' 'M' 'M' 'M' 'M' 'M' 'U' 'M' 'M'
 'M' 'U' 'M' 'M' 'M' 'M' 'U' 'U' 'U' 'U' 'U' 'U' 'A' 'M' 'M' 'M' 'M' 'M'
 'M' 'U' 'M' 'U' 'M' 'M' 'M' 'U' 'M' 'U' 'M' 'M' 'M' 'M' 'M' 'M' 'M' 'M'
 'M' 'M' 'M' 'M' 'M' 'U' 'M' 'M' 'M' 'M' 'M' 'M' 'M' 'M' 'M' 'U' 'M' 'M'
 'M' 'M' 'M' 'M' 'M' 'U' 'M' 'M' 'M' 'M' 'M' 'M' 'M' 'M' 'M' 'M' 'M' 'A']"
356001,0,160,6,154,38,0,0,"['A' 'A' 'M' 'M' 'M' 'M' 'M' 'M' 'M' 'M' 'M' 'U' 'M' 'U' 'A' 'U' 'M' 'M'
 'M' 'U' 'U' 'M' 'A' 'M' 'M' 'M' 'M' 'U' 'M' 'M' 'M' 'U' 'M' 'M' 'M' 'M'
 'M' 'M' 'M' 'M' 'M' 'M' 'M' 'M' 'M' 'M' 'M' 'U' 'M' 'M' 'U' 'M' 'U' 'M'
 'M' 'M' 'M' 'M' 'U' 'M' 'M' 'U' 'M' 'M' 'M' 'M' 'M' 'M' 'M' 'M' 'M' 'M'
 'M' 'M' 'M' 'U' 'M' 'M' 'M' 'M' 'U' 'M' 'M' 'M' 'M' 'U' 'M' 'M' 'M' 'M'
 'U' 'M' 'M' 'U' 'M' 'M' 'M' 'M' 'M' 'U' 'M' 'M' 'M' 'M' 'M' 'M' 'U' 'M'
 'M' 'M' 'M' 'U' 'U' 'M' 'M' 'M' 'U' 'M' 'M' 'M' 'M' 'M' 'M' 'U' 'M' 'M'
 'M' 'U' 'M' 'M' 'M' 'M' 'U' 'U' 'U' 'U' 'U' 'U' 'A' 'M' 'M' 'M' 'M' 'M'
 'U' 'U' 'M' 'U' 'M' 'M' 'M' 'U' 'M' 'U' 'M' 'M' 'M' 'M' 'M' 'M' 'M' 'M'
 'M' 'M' 'U' 'M' 'M' 'U' 'M' 'M' 'M' 'M' 'M' 'M' 'M' 'M' 'M' 'M' 'M' 'M'
 'M' 'M' 'M' 'M' 'M' 'U' 'M' 'M' 'M' 'M' 'M' 'M' 'M' 'M' 'M' 'M' 'M' 'A']"
356101,0,165,8,157,33,0,0,"['A' 'A' 'M' 'M' 'M' 'M' 'M' 'M' 'M' 'M' 'M' 'U' 'M' 'U' 'A' 'U' 'M' 'M'
 'M' 'U' 'U' 'M' 'A' 'M' 'M' 'U' 'M' 'M' 'M' 'M' 'M' 'U' 'M' 'M' 'M' 'M'
 'M' 'M' 'M' 'M' 'M' 'M' 'M' 'M' 'M' 'M' 'M' 'M' 'M' 'M' 'U' 'M' 'U' 'M'
 'M' 'M' 'M' 'M' 'U' 'M' 'M' 'U' 'M' 'M' 'M' 'M' 'M' 'M' 'M' 'M' 'M' 'M'
 'M' 'U' 'M' 'M' 'U' 'U' 'M' 'M' 'M' 'M' 'M' 'M' 'M' 'M' 'M' 'M' 'M' 'M'
 'M' 'U' 'M' 'M' 'U' 'M' 'M' 'M' 'M' 'U' 'M' 'M' 'M' 'M' 'M' 'M' 'U' 'M'
 'M' 'M' 'M' 'U' 'M' 'M' 'M' 'M' 'A' 'M' 'M' 'M' 'M' 'M' 'M' 'U' 'M' 'M'
 'M' 'U' 'M' 'M' 'M' 'U' 'M' 'U' 'U' 'U' 'U' 'U' 'A' 'M' 'M' 'M' 'M' 'M'
 'U' 'M' 'M' 'U' 'M' 'M' 'M' 'U' 'M' 'M' 'M' 'M' 'M' 'M' 'M' 'M' 'M' 'M'
 'M' 'M' 'U' 'M' 'M' 'U' 'U' 'M' 'M' 'M' 'M' 'M' 'M' 'M' 'M' 'M' 'M' 'M'
 'M' 'M' 'M' 'M' 'M' 'A' 'M' 'M' 'M' 'M' 'M' 'M' 'M' 'M' 'M' 'M' 'M' 'A']"
356201,0,159,6,153,39,0,0,"['A' 'A' 'M' 'M' 'M' 'M' 'M' 'M' 'M' 'M' 'M' 'U' 'M' 'U' 'A' 'M' 'M' 'M'
 'M' 'U' 'M' 'M' 'A' 'M' 'M' 'U' 'M' 'M' 'M' 'M' 'M' 'U' 'U' 'M' 'M' 'M'
 'U' 'M' 'M' 'M' 'M' 'M' 'M' 'M' 'M' 'M' 'M' 'U' 'M' 'M' 'U' 'U' 'U' 'M'
 'M' 'M' 'M' 'M' 'M' 'M' 'M' 'U' 'M' 'M' 'M' 'M' 'M' 'M' 'M' 'U' 'M' 'M'
 'M' 'M' 'M' 'M' 'M' 'U' 'M' 'M' 'M' 'M' 'U' 'M' 'M' 'M' 'M' 'M' 'U' 'M'
 'M' 'M' 'M' 'M' 'U' 'M' 'M' 'M' 'M' 'U' 'M' 'U' 'M' 'M' 'M' 'M' 'U' 'M'
 'M' 'M' 'M' 'M' 'M' 'M' 'M' 'M' 'U' 'M' 'M' 'M' 'M' 'M' 'M' 'U' 'M' 'M'
 'M' 'U' 'A' 'M' 'M' 'U' 'M' 'U' 'U' 'U' 'M' 'U' 'U' 'M' 'M' 'U' 'M' 'M'
 'U' 'M' 'M' 'U' 'M' 'M' 'M' 'U' 'M' 'M' 'M' 'M' 'M' 'M' 'M' 'M' 'M' 'M'
 'M' 'M' 'U' 'M' 'M' 'U' 'U' 'M' 'M' 'M' 'M' 'M' 'M' 'M' 'M' 'M' 'M' 'M'
 'M' 'M' 'M' 'U' 'M' 'A' 'M' 'M' 'M' 'M' 'M' 'M' 'M' 'M' 'M' 'M' 'U' 'U']"
356301,0,164,8,156,34,0,0,"['A' 'U' 'M' 'M' 'M' 'M' 'M' 'M' 'M' 'M' 'M' 'A' 'M' 'U' 'A' 'M' 'M' 'U'
 'M' 'A' 'M' 'M' 'A' 'M' 'M' 'U' 'M' 'M' 'M' 'M' 'M' 'U' 'U' 'M' 'M' 'M'
 'U' 'M' 'M' 'M' 'M' 'M' 'M' 'M' 'M' 'M' 'M' 'U' 'M' 'M' 'U' 'U' 'M' 'M'
 'M' 'M' 'M' 'M' 'M' 'M' 'M' 'U' 'M' 'M' 'M' 'M' 'M' 'M' 'M' 'M' 'M' 'M'
 'M' 'U' 'M' 'M' 'M' 'M' 'M' 'M' 'M' 'M' 'M' 'M' 'M' 'M' 'M' 'U' 'U' 'M'
 'U' 'M' 'M' 'M' 'U' 'U' 'M' 'M' 'M' 'U' 'M' 'U' 'M' 'M' 'M' 'M' 'U' 'M'
 'M' 'U' 'M' 'M' 'M' 'M' 'M' 'M' 'M' 'M' 'M' 'M' 'M' 'M' 'M' 'U' 'M' 'M'
 'U' 'M' 'A' 'M' 'M' 'M' 'M' 'U' 'M' 'U' 'M' 'M' 'U' 'M' 'M' 'M' 'M' 'M'
 'U' 'M' 'M' 'M' 'M' 'A' 'M' 'U' 'M' 'M' 'M' 'M' 'M' 'M' 'M' 'M' 'M' 'M'
 'M' 'M' 'U' 'M' 'M' 'U' 'U' 'M' 'M' 'M' 'M' 'M' 'M' 'M' 'M' 'M' 'M' 'M'
 'M' 'M' 'M' 'M' 'M' 'A' 'U' 'M' 'M' 'M' 'M' 'M' 'M' 'M' 'M' 'M' 'U' 'U']"
356401,0,167,8,159,31,0,0,"['A' 'M' 'M' 'M' 'M' 'M' 'M' 'M' 'M' 'M' 'M' 'A' 'M' 'U' 'A' 'M' 'M' 'M'
 'M' 'A' 'M' 'M' 'A' 'M' 'M' 'U' 'M' 'M' 'M' 'M' 'M' 'M' 'U' 'U' 'M' 'M'
 'A' 'M' 'M' 'M' 'M' 'M' 'M' 'M' 'M' 'M' 'M' 'U' 'M' 'M' 'A' 'U' 'M' 'M'
 'M' 'M' 'M' 'U' 'M' 'M' 'M' 'M' 'M' 'M' 'M' 'M' 'M' 'M' 'M' 'U' 'M' 'M'
 'M' 'M' 'M' 'M' 'M' 'M' 'M' 'M' 'M' 'M' 'M' 'M' 'M' 'U' 'M' 'M' 'U' 'M'
 'U' 'M' 'M' 'M' 'U' 'U' 'M' 'M' 'M' 'M' 'M' 'U' 'M' 'M' 'M' 'M' 'U' 'M'
 'M' 'M' 'M' 'U' 'M' 'M' 'M' 'M' 'M' 'M' 'M' 'M' 'M' 'M' 'M' 'U' 'M' 'M'
 'M' 'M' 'M' 'M' 'M' 'M' 'M' 'U' 'M' 'U' 'M' 'U' 'U' 'U' 'M' 'M' 'M' 'M'
 'U' 'M' 'M' 'M' 'M' 'U' 'M' 'U' 'M' 'M' 'M' 'M' 'M' 'M' 'M' 'M' 'M' 'M'
 'M' 'M' 'M' 'M' 'M' 'U' 'U' 'M' 'M' 'M' 'M' 'M' 'M' 'M' 'M' 'M' 'M' 'U'
 'M' 'M' 'M' 'M' 'M' 'A' 'U' 'U' 'M' 'M' 'M' 'M' 'M' 'M' 'M' 'M' 'U' 'M']"
356501,1,160,6,154,38,0,0,"['A' 'M' 'M' 'M' 'M' 'M' 'M' 'M' 'M' 'M' 'M' 'U' 'M' 'U' 'A' 'M' 'M' 'M'
 'M' 'M' 'M' 'U' 'A' 'M' 'M' 'U' 'M' 'M' 'M' 'M' 'M' 'M' 'M' 'U' 'U' 'M'
 'A' 'M' 'M' 'M' 'M' 'M' 'M' 'M' 'M' 'M' 'M' 'M' 'M' 'M' 'A' 'U' 'M' 'M'
 'M' 'M' 'M' 'M' 'M' 'U' 'M' 'M' 'M' 'M' 'M' 'U' 'U' 'M' 'M' 'M' 'M' 'M'
 'U' 'M' 'M' 'M' 'M' 'U' 'M' 'M' 'M' 'M' 'U' 'M' 'M' 'M' 'M' 'M' 'M' 'M'
 'M' 'M' 'M' 'M' 'M' 'U' 'M' 'M' 'M' 'M' 'M' 'U' 'M' 'M' 'M' 'M' 'U' 'M'
 'U' 'M' 'M' 'M' 'U' 'M' 'M' 'U' 'M' 'M' 'M' 'M' 'M' 'M' 'M' 'U' 'M' 'M'
 'M' 'M' 'M' 'M' 'M' 'M' 'U' 'U' 'U' 'U' 'U' 'U' 'U' 'U' 'M' 'M' 'M' 'M'
 'U' 'M' 'M' 'U' 'M' 'U' 'M' 'M' 'M' 'M' 'M' 'M' 'M' 'M' 'M' 'M' 'M' 'M'
 'M' 'M' 'M' 'M' 'M' 'U' 'U' 'M' 'M' 'M' 'M' 'M' 'M' 'M' 'M' 'M' 'M' 'U'
 'M' 'M' 'M' 'M' 'M' 'A' 'U' 'U' 'M' 'M' 'M' 'M' 'U' 'M' 'M' 'M' 'U' 'M']"
356601,0,161,4,157,37,0,0,"['A' 'M' 'M' 'M' 'M' 'M' 'M' 'M' 'M' 'M' 'M' 'U' 'M' 'U' 'U' 'M' 'M' 'M'
 'M' 'M' 'M' 'M' 'A' 'M' 'M' 'M' 'M' 'M' 'M' 'M' 'M' 'M' 'M' 'U' 'U' 'M'
 'U' 'M' 'M' 'M' 'M' 'M' 'M' 'M' 'M' 'M' 'M' 'M' 'M' 'M' 'A' 'M' 'M' 'M'
 'M' 'M' 'M' 'U' 'M' 'U' 'M' 'M' 'U' 'M' 'M' 'M' 'M' 'M' 'M' 'M' 'M' 'M'
 'M' 'M' 'M' 'M' 'M' 'M' 'M' 'M' 'M' 'M' 'U' 'M' 'U' 'M' 'M' 'M' 'M' 'U'
 'U' 'U' 'M' 'M' 'M' 'M' 'U' 'U' 'M' 'U' 'M' 'U' 'M' 'M' 'U' 'M' 'U' 'M'
 'M' 'M' 'M' 'M' 'U' 'M' 'M' 'A' 'M' 'M' 'M' 'U' 'M' 'M' 'M' 'U' 'M' 'M'
 'M' 'U' 'M' 'M' 'M' 'M' 'M' 'U' 'U' 'U' 'M' 'U' 'M' 'U' 'M' 'M' 'M' 'M'
 'U' 'M' 'M' 'M' 'M' 'U' 'M' 'M' 'M' 'M' 'M' 'U' 'M' 'M' 'M' 'M' 'M' 'M'
 'M' 'M' 'M' 'M' 'M' 'U' 'U' 'M' 'M' 'M' 'M' 'M' 'M' 'M' 'M' 'M' 'M' 'U'
 'M' 'M' 'M' 'M' 'M' 'U' 'M' 'U' 'M' 'M' 'M' 'M' 'M' 'M' 'M' 'M' 'M' 'M']"
356701,0,163,5,158,35,0,1,"['A' 'M' 'M' 'M' 'M' 'M' 'M' 'M' 'M' 'M' 'M' 'M' 'M' 'U' 'U' 'M' 'M' 'M'
 'M' 'M' 'M' 'U' 'A' 'M' 'M' 'M' 'M' 'M' 'M' 'M' 'M' 'M' 'M' 'U' 'U' 'M'
 'U' 'M' 'M' 'U' 'M' 'M' 'M' 'M' 'M' 'M' 'M' 'M' 'M' 'M' 'A' 'M' 'M' 'M'
 'M' 'M' 'M' 'M' 'M' 'U' 'U' 'M' 'U' 'M' 'M' 'U' 'M' 'M' 'M' 'M' 'U' 'M'
 'M' 'M' 'M' 'M' 'M' 'M' 'U' 'M' 'M' 'M' 'M' 'M' 'M' 'M' 'M' 'M' 'U' 'M'
 'M' 'U' 'M' 'M' 'M' 'M' 'U' 'U' 'M' 'U' 'M' 'U' 'M' 'U' 'U' 'M' 'U' 'M'
 'M' 'M' 'M' 'M' 'U' 'M' 'M' 'A' 'M' 'M' 'M' 'M' 'M' 'M' 'M' 'M' 'M' 'M'
 'M' 'U' 'M' 'M' 'M' 'M' 'M' 'M' 'M' 'U' 'U' 'U' 'M' 'U' 'M' 'M' 'M' 'M'
 'M' 'M' 'M' 'M' 'M' 'U' 'M' 'M' 'M' 'M' 'M' 'M' 'M' 'M' 'M' 'M' 'M' 'M'
 'M' 'M' 'M' 'U' 'M' 'U' 'U' 'M' 'M' 'M' 'M' 'M' 'M' 'M' 'M' 'M' 'M' 'A'
 'M' 'M' 'M' 'M' 'M' 'M' 'M' 'U' 'M' 'M' 'M' 'M' 'M' 'U' 'U' 'M' 'M' 'M']"
356801,0,161,4,157,37,1,0,"['A' 'U' 'M' 'M' 'U' 'M' 'M' 'M' 'M' 'M' 'M' 'M' 'M' 'U' 'U' 'M' 'M' 'M'
 'M' 'M' 'M' 'U' 'A' 'M' 'M' 'M' 'M' 'M' 'M' 'M' 'M' 'U' 'M' 'U' 'U' 'M'
 'M' 'M' 'M' 'U' 'M' 'M' 'M' 'M' 'M' 'M' 'M' 'M' 'M' 'M' 'M' 'U' 'M' 'M'
 'M' 'M' 'M' 'M' 'M' 'U' 'U' 'M' 'U' 'M' 'M' 'M' 'M' 'M' 'M' 'U' 'M' 'M'
 'M' 'U' 'M' 'M' 'M' 'M' 'U' 'M' 'M' 'M' 'M' 'M' 'U' 'M' 'M' 'M' 'M' 'M'
 'M' 'M' 'U' 'M' 'M' 'M' 'U' 'M' 'M' 'M' 'M' 'U' 'M' 'M' 'U' 'M' 'U' 'M'
 'M' 'M' 'M' 'M' 'U' 'M' 'M' 'U' 'M' 'M' 'M' 'M' 'M' 'M' 'M' 'M' 'M' 'M'
 'U' 'U' 'M' 'M' 'M' 'M' 'M' 'A' 'M' 'U' 'M' 'M' 'M' 'U' 'M' 'M' 'U' 'M'
 'M' 'M' 'M' 'M' 'M' 'M' 'M' 'M' 'U' 'M' 'M' 'M' 'M' 'M' 'M' 'M' 'M' 'M'
 'U' 'M' 'M' 'M' 'M' 'U' 'U' 'M' 'M' 'M' 'M' 'M' 'M' 'M' 'M' 'M' 'M' 'A'
 'M' 'M' 'U' 'M' 'M' 'M' 'M' 'U' 'M' 'M' 'M' 'M' 'M' 'U' 'U' 'M' 'M' 'M']"
356901,0,152,5,147,46,0,0,"['A' 'U' 'M' 'M' 'U' 'M' 'M' 'M' 'U' 'M' 'M' 'M' 'M' 'U' 'U' 'M' 'M' 'M'
 'M' 'M' 'M' 'U' 'A' 'M' 'M' 'M' 'U' 'M' 'M' 'M' 'M' 'M' 'M' 'U' 'U' 'M'
 'M' 'U' 'M' 'M' 'M' 'M' 'M' 'U' 'M' 'M' 'M' 'M' 'M' 'M' 'M' 'U' 'M' 'M'
 'M' 'M' 'M' 'M' 'U' 'U' 'U' 'M' 'U' 'U' 'M' 'M' 'M' 'M' 'M' 'M' 'M' 'M'
 'U' 'M' 'M' 'M' 'M' 'M' 'U' 'U' 'M' 'M' 'M' 'M' 'U' 'M' 'M' 'M' 'M' 'M'
 'U' 'M' 'M' 'M' 'M' 'M' 'M' 'M' 'M' 'M' 'M' 'U' 'M' 'M' 'U' 'M' 'U' 'M'
 'M' 'M' 'M' 'M' 'M' 'M' 'M' 'M' 'M' 'M' 'M' 'M' 'M' 'M' 'M' 'M' 'M' 'M'
 'U' 'A' 'M' 'M' 'M' 'U' 'U' 'A' 'U' 'U' 'U' 'U' 'U' 'U' 'M' 'M' 'U' 'M'
 'M' 'M' 'M' 'M' 'M' 'M' 'M' 'M' 'M' 'M' 'M' 'M' 'M' 'M' 'M' 'M' 'M' 'M'
 'U' 'U' 'M' 'M' 'M' 'U' 'U' 'M' 'M' 'M' 'M' 'M' 'M' 'M' 'M' 'M' 'M' 'A'
 'M' 'U' 'U' 'M' 'M' 'M' 'M' 'U' 'M' 'M' 'M' 'M' 'U' 'U' 'U' 'M' 'U' 'M']"
357001,0,147,3,144,51,0,0,"['A' 'U' 'U' 'M' 'U' 'M' 'M' 'M' 'U' 'M' 'M' 'M' 'M' 'U' 'U' 'M' 'M' 'M'
 'M' 'M' 'M' 'U' 'A' 'M' 'M' 'M' 'U' 'M' 'M' 'M' 'M' 'M' 'M' 'U' 'U' 'M'
 'M' 'U' 'M' 'M' 'M' 'M' 'M' 'U' 'M' 'M' 'M' 'M' 'M' 'M' 'M' 'U' 'U' 'M'
 'M' 'M' 'M' 'U' 'U' 'U' 'U' 'M' 'U' 'U' 'M' 'M' 'M' 'M' 'U' 'M' 'M' 'M'
 'M' 'M' 'M' 'M' 'M' 'U' 'M' 'M' 'M' 'M' 'M' 'M' 'M' 'M' 'M' 'M' 'U' 'M'
 'U' 'U' 'M' 'M' 'M' 'M' 'M' 'M' 'M' 'U' 'U' 'U' 'M' 'M' 'U' 'M' 'M' 'M'
 'U' 'M' 'M' 'M' 'M' 'M' 'M' 'M' 'M' 'M' 'M' 'M' 'M' 'M' 'M' 'M' 'M' 'M'
 'U' 'A' 'U' 'M' 'M' 'U' 'U' 'M' 'U' 'U' 'U' 'U' 'U' 'M' 'M' 'M' 'U' 'M'
 'M' 'M' 'M' 'M' 'M' 'M' 'U' 'M' 'M' 'M' 'M' 'M' 'M' 'M' 'M' 'M' 'M' 'M'
 'U' 'U' 'M' 'M' 'M' 'M' 'M' 'M' 'M' 'U' 'M' 'M' 'M' 'M' 'M' 'U' 'M' 'M'
 'M' 'M' 'U' 'M' 'M' 'M' 'M' 'U' 'M' 'M' 'M' 'M' 'M' 'U' 'U' 'M' 'U' 'U']"
357101,0,153,3,150,45,0,0,"['A' 'U' 'U' 'M' 'U' 'M' 'M' 'M' 'U' 'M' 'M' 'M' 'U' 'U' 'U' 'M' 'M' 'M'
 'M' 'M' 'M' 'M' 'A' 'M' 'M' 'M' 'U' 'M' 'M' 'M' 'M' 'M' 'M' 'U' 'M' 'M'
 'M' 'U' 'M' 'M' 'M' 'M' 'M' 'M' 'M' 'M' 'M' 'M' 'U' 'U' 'M' 'U' 'U' 'M'
 'M' 'M' 'M' 'U' 'U' 'U' 'U' 'M' 'U' 'U' 'M' 'M' 'M' 'M' 'M' 'M' 'M' 'M'
 'M' 'M' 'U' 'M' 'U' 'M' 'M' 'M' 'M' 'M' 'M' 'M' 'M' 'U' 'M' 'U' 'M' 'M'
 'M' 'M' 'U' 'M' 'M' 'U' 'M' 'M' 'M' 'M' 'U' 'U' 'M' 'M' 'U' 'M' 'M' 'M'
 'M' 'M' 'M' 'M' 'M' 'M' 'M' 'M' 'M' 'M' 'M' 'M' 'M' 'M' 'M' 'M' 'M' 'M'
 'U' 'A' 'U' 'M' 'M' 'M' 'M' 'M' 'U' 'M' 'M' 'U' 'U' 'M' 'M' 'M' 'M' 'M'
 'M' 'M' 'M' 'M' 'M' 'M' 'M' 'M' 'M' 'M' 'M' 'M' 'M' 'M' 'M' 'U' 'M' 'M'
 'M' 'M' 'M' 'M' 'M' 'M' 'M' 'M' 'M' 'U' 'M' 'M' 'M' 'M' 'M' 'U' 'M' 'U'
 'M' 'M' 'U' 'M' 'M' 'M' 'M' 'U' 'M' 'M' 'M' 'U' 'M' 'U' 'U' 'M' 'U' 'U']"
357201,0,162,5,157,36,1,0,"['A' 'U' 'U' 'M' 'U' 'M' 'M' 'M' 'U' 'M' 'M' 'M' 'M' 'U' 'U' 'M' 'M' 'M'
 'M' 'M' 'M' 'M' 'U' 'M' 'M' 'M' 'U' 'M' 'M' 'M' 'M' 'M' 'M' 'M' 'M' 'M'
 'M' 'U' 'M' 'M' 'M' 'M' 'M' 'M' 'M' 'M' 'M' 'M' 'M' 'M' 'M' 'M' 'U' 'U'
 'M' 'M' 'U' 'U' 'U' 'U' 'M' 'M' 'A' 'M' 'M' 'U' 'M' 'M' 'M' 'M' 'M' 'M'
 'M' 'M' 'U' 'M' 'U' 'M' 'U' 'M' 'M' 'M' 'M' 'M' 'M' 'M' 'M' 'M' 'M' 'M'
 'M' 'M' 'M' 'U' 'M' 'U' 'M' 'U' 'M' 'M' 'A' 'M' 'M' 'M' 'U' 'M' 'M' 'M'
 'M' 'M' 'M' 'M' 'M' 'M' 'M' 'M' 'M' 'M' 'M' 'M' 'M' 'M' 'M' 'M' 'M' 'M'
 'U' 'A' 'U' 'M' 'M' 'M' 'M' 'M' 'U' 'M' 'M' 'U' 'M' 'M' 'M' 'M' 'M' 'M'
 'M' 'M' 'M' 'M' 'M' 'M' 'M' 'M' 'M' 'M' 'M' 'U' 'M' 'M' 'M' 'U' 'M' 'M'
 'M' 'M' 'M' 'M' 'M' 'M' 'M' 'M' 'M' 'U' 'M' 'M' 'M' 'M' 'M' 'U' 'M' 'U'
 'M' 'M' 'M' 'M' 'M' 'M' 'M' 'U' 'M' 'M' 'M' 'U' 'M' 'U' 'U' 'M' 'M' 'A']"
357301,0,161,3,158,37,0,0,"['A' 'U' 'U' 'M' 'M' 'M' 'M' 'M' 'U' 'M' 'M' 'U' 'M' 'U' 'U' 'M' 'M' 'M'
 'U' 'M' 'M' 'M' 'U' 'M' 'M' 'M' 'M' 'M' 'M' 'M' 'M' 'M' 'M' 'M' 'M' 'M'
 'M' 'U' 'M' 'M' 'M' 'M' 'M' 'M' 'M' 'M' 'M' 'M' 'M' 'M' 'M' 'M' 'M' 'M'
 'U' 'M' 'U' 'U' 'U' 'U' 'U' 'M' 'U' 'M' 'M' 'M' 'M' 'M' 'M' 'M' 'M' 'U'
 'U' 'M' 'M' 'M' 'M' 'M' 'U' 'M' 'U' 'M' 'M' 'M' 'M' 'M' 'M' 'M' 'U' 'M'
 'M' 'M' 'M' 'M' 'M' 'U' 'M' 'U' 'M' 'M' 'A' 'M' 'M' 'M' 'M' 'M' 'M' 'M'
 'M' 'M' 'M' 'M' 'M' 'M' 'M' 'M' 'M' 'M' 'M' 'M' 'M' 'M' 'M' 'M' 'M' 'M'
 'U' 'A' 'U' 'M' 'M' 'M' 'M' 'M' 'U' 'M' 'M' 'M' 'M' 'M' 'M' 'M' 'M' 'M'
 'M' 'M' 'M' 'M' 'M' 'M' 'M' 'M' 'M' 'M' 'M' 'U' 'M' 'M' 'M' 'U' 'M' 'M'
 'M' 'M' 'M' 'M' 'M' 'M' 'M' 'M' 'M' 'U' 'U' 'M' 'M' 'M' 'M' 'M' 'M' 'U'
 'M' 'M' 'M' 'M' 'M' 'M' 'M' 'U' 'M' 'M' 'U' 'U' 'M' 'U' 'U' 'M' 'M' 'U']"
357401,0,158,7,151,40,0,1,"['A' 'U' 'U' 'M' 'M' 'M' 'U' 'M' 'U' 'M' 'M' 'U' 'U' 'M' 'M' 'M' 'M' 'M'
 'U' 'M' 'M' 'M' 'U' 'M' 'U' 'M' 'M' 'M' 'U' 'M' 'M' 'M' 'M' 'M' 'M' 'U'
 'M' 'U' 'M' 'M' 'M' 'M' 'U' 'M' 'M' 'M' 'M' 'M' 'M' 'M' 'M' 'M' 'M' 'M'
 'U' 'M' 'U' 'U' 'U' 'M' 'U' 'M' 'U' 'U' 'M' 'M' 'M' 'M' 'U' 'M' 'U' 'M'
 'M' 'M' 'M' 'M' 'M' 'U' 'M' 'M' 'U' 'U' 'M' 'M' 'M' 'M' 'M' 'M' 'M' 'M'
 'M' 'M' 'M' 'M' 'M' 'U' 'M' 'U' 'U' 'M' 'A' 'M' 'M' 'M' 'M' 'M' 'M' 'M'
 'U' 'M' 'M' 'M' 'M' 'M' 'M' 'M' 'M' 'M' 'U' 'M' 'M' 'M' 'M' 'M' 'M' 'M'
 'U' 'A' 'A' 'M' 'M' 'M' 'M' 'M' 'U' 'M' 'U' 'M' 'M' 'M' 'M' 'M' 'M' 'M'
 'M' 'M' 'M' 'M' 'M' 'M' 'M' 'M' 'M' 'M' 'M' 'U' 'M' 'M' 'M' 'M' 'M' 'M'
 'M' 'M' 'M' 'M' 'M' 'M' 'M' 'M' 'M' 'U' 'A' 'M' 'M' 'M' 'M' 'M' 'M' 'M'
 'M' 'U' 'M' 'M' 'U' 'M' 'M' 'A' 'M' 'M' 'U' 'U' 'M' 'A' 'M' 'M' 'M' 'U']"
357501,0,161,4,157,37,0,0,"['A' 'M' 'M' 'M' 'M' 'M' 'U' 'M' 'U' 'M' 'M' 'U' 'U' 'M' 'M' 'M' 'M' 'M'
 'U' 'M' 'M' 'M' 'M' 'M' 'U' 'M' 'M' 'M' 'M' 'M' 'M' 'M' 'M' 'M' 'U' 'U'
 'M' 'M' 'M' 'M' 'M' 'M' 'U' 'M' 'M' 'M' 'M' 'M' 'M' 'U' 'M' 'M' 'M' 'M'
 'U' 'M' 'M' 'U' 'U' 'M' 'M' 'M' 'U' 'M' 'M' 'U' 'U' 'M' 'M' 'M' 'M' 'U'
 'U' 'M' 'M' 'M' 'M' 'M' 'M' 'M' 'M' 'M' 'M' 'U' 'M' 'M' 'M' 'M' 'M' 'M'
 'M' 'M' 'M' 'M' 'M' 'U' 'M' 'M' 'U' 'M' 'A' 'M' 'M' 'M' 'M' 'M' 'M' 'M'
 'U' 'M' 'M' 'M' 'M' 'M' 'M' 'M' 'M' 'M' 'U' 'M' 'M' 'M' 'M' 'M' 'M' 'M'
 'M' 'A' 'U' 'M' 'U' 'M' 'M' 'M' 'U' 'M' 'U' 'M' 'M' 'M' 'U' 'M' 'M' 'M'
 'M' 'M' 'M' 'M' 'M' 'M' 'M' 'M' 'M' 'M' 'M' 'M' 'M' 'M' 'M' 'U' 'M' 'M'
 'M' 'M' 'M' 'M' 'M' 'M' 'U' 'M' 'M' 'U' 'U' 'M' 'M' 'M' 'M' 'M' 'M' 'M'
 'M' 'U' 'M' 'M' 'U' 'M' 'M' 'U' 'M' 'M' 'U' 'M' 'M' 'A' 'M' 'M' 'M' 'U']"
357601,0,168,4,164,30,0,0,"['A' 'M' 'M' 'U' 'M' 'M' 'U' 'M' 'U' 'M' 'M' 'M' 'M' 'M' 'M' 'M' 'M' 'M'
 'M' 'M' 'M' 'M' 'M' 'M' 'M' 'M' 'M' 'U' 'M' 'U' 'M' 'M' 'M' 'M' 'U' 'U'
 'M' 'M' 'M' 'M' 'M' 'M' 'U' 'M' 'M' 'M' 'M' 'M' 'M' 'U' 'M' 'M' 'M' 'M'
 'U' 'M' 'M' 'M' 'U' 'M' 'M' 'M' 'U' 'M' 'M' 'M' 'M' 'M' 'M' 'M' 'M' 'M'
 'M' 'M' 'U' 'M' 'M' 'M' 'M' 'U' 'M' 'M' 'M' 'U' 'U' 'M' 'M' 'M' 'M' 'M'
 'M' 'U' 'M' 'M' 'M' 'M' 'M' 'M' 'U' 'M' 'A' 'M' 'M' 'M' 'M' 'M' 'M' 'M'
 'M' 'U' 'M' 'M' 'M' 'M' 'M' 'M' 'M' 'M' 'U' 'M' 'M' 'M' 'M' 'M' 'M' 'M'
 'M' 'A' 'U' 'M' 'U' 'M' 'M' 'M' 'M' 'M' 'U' 'M' 'M' 'M' 'U' 'M' 'M' 'M'
 'M' 'M' 'M' 'M' 'M' 'M' 'U' 'M' 'M' 'M' 'M' 'M' 'M' 'M' 'M' 'M' 'M' 'M'
 'M' 'M' 'M' 'M' 'M' 'M' 'U' 'M' 'M' 'U' 'U' 'M' 'M' 'M' 'M' 'M' 'M' 'M'
 'M' 'U' 'M' 'M' 'M' 'M' 'M' 'U' 'M' 'M' 'M' 'M' 'M' 'A' 'M' 'M' 'M' 'M']"
357701,0,163,2,161,35,0,0,"['A' 'U' 'M' 'U' 'M' 'U' 'U' 'M' 'U' 'M' 'M' 'M' 'M' 'M' 'M' 'M' 'M' 'M'
 'M' 'M' 'M' 'M' 'M' 'M' 'M' 'M' 'M' 'U' 'U' 'U' 'M' 'M' 'M' 'M' 'U' 'M'
 'M' 'M' 'M' 'M' 'M' 'M' 'M' 'M' 'M' 'M' 'M' 'U' 'M' 'U' 'M' 'M' 'M' 'M'
 'U' 'M' 'M' 'M' 'U' 'M' 'M' 'M' 'U' 'M' 'M' 'M' 'M' 'U' 'U' 'M' 'M' 'M'
 'M' 'M' 'M' 'M' 'M' 'M' 'M' 'U' 'U' 'M' 'M' 'M' 'M' 'M' 'M' 'M' 'M' 'M'
 'M' 'M' 'M' 'U' 'M' 'M' 'M' 'M' 'M' 'M' 'U' 'M' 'M' 'M' 'M' 'M' 'M' 'M'
 'M' 'U' 'M' 'M' 'M' 'U' 'U' 'M' 'M' 'M' 'U' 'M' 'M' 'M' 'M' 'M' 'M' 'M'
 'M' 'A' 'U' 'M' 'M' 'M' 'M' 'M' 'M' 'U' 'U' 'M' 'U' 'M' 'U' 'M' 'M' 'M'
 'M' 'M' 'M' 'M' 'M' 'M' 'U' 'M' 'M' 'M' 'M' 'M' 'M' 'U' 'M' 'M' 'M' 'M'
 'M' 'M' 'M' 'M' 'M' 'M' 'U' 'M' 'M' 'U' 'U' 'M' 'M' 'M' 'M' 'M' 'M' 'M'
 'M' 'M' 'M' 'M' 'M' 'M' 'M' 'M' 'M' 'M' 'M' 'M' 'M' 'U' 'M' 'M' 'M' 'M']"
357801,0,158,1,157,40,0,0,"['A' 'U' 'M' 'U' 'M' 'M' 'M' 'M' 'U' 'M' 'M' 'M' 'M' 'M' 'M' 'M' 'M' 'M'
 'M' 'M' 'M' 'M' 'M' 'M' 'M' 'M' 'M' 'U' 'U' 'U' 'M' 'M' 'M' 'M' 'U' 'M'
 'M' 'M' 'M' 'M' 'M' 'M' 'M' 'M' 'M' 'U' 'M' 'M' 'U' 'U' 'M' 'M' 'M' 'M'
 'M' 'M' 'M' 'M' 'U' 'M' 'M' 'M' 'U' 'M' 'M' 'M' 'M' 'M' 'M' 'M' 'M' 'M'
 'U' 'M' 'M' 'U' 'M' 'M' 'U' 'U' 'M' 'M' 'U' 'M' 'M' 'M' 'M' 'M' 'M' 'M'
 'M' 'M' 'M' 'M' 'M' 'M' 'M' 'M' 'M' 'M' 'M' 'M' 'M' 'U' 'M' 'M' 'M' 'M'
 'M' 'M' 'M' 'M' 'M' 'M' 'U' 'M' 'M' 'M' 'U' 'M' 'M' 'M' 'U' 'M' 'M' 'M'
 'M' 'U' 'U' 'M' 'M' 'U' 'M' 'U' 'U' 'U' 'U' 'M' 'U' 'M' 'U' 'U' 'M' 'M'
 'M' 'M' 'M' 'M' 'M' 'M' 'U' 'M' 'M' 'M' 'M' 'M' 'M' 'U' 'U' 'M' 'M' 'M'
 'M' 'M' 'M' 'M' 'U' 'M' 'U' 'M' 'M' 'M' 'U' 'M' 'U' 'M' 'M' 'M' 'M' 'M'
 'U' 'M' 'M' 'U' 'M' 'M' 'M' 'M' 'M' 'M' 'M' 'M' 'M' 'M' 'M' 'M' 'M' 'M']"
357901,0,154,2,152,44,0,0,"['A' 'U' 'M' 'U' 'M' 'M' 'M' 'M' 'U' 'M' 'M' 'U' 'M' 'M' 'M' 'M' 'M' 'M'
 'M' 'M' 'M' 'M' 'M' 'M' 'M' 'M' 'M' 'U' 'U' 'U' 'M' 'M' 'M' 'M' 'U' 'M'
 'M' 'M' 'M' 'U' 'M' 'M' 'M' 'M' 'M' 'U' 'M' 'U' 'U' 'U' 'M' 'M' 'M' 'M'
 'M' 'M' 'M' 'M' 'M' 'M' 'M' 'M' 'U' 'M' 'M' 'M' 'U' 'M' 'M' 'M' 'M' 'M'
 'U' 'M' 'M' 'M' 'M' 'M' 'M' 'M' 'U' 'M' 'M' 'M' 'M' 'M' 'M' 'M' 'U' 'M'
 'M' 'U' 'M' 'M' 'M' 'M' 'M' 'M' 'M' 'M' 'M' 'M' 'U' 'U' 'M' 'M' 'M' 'M'
 'M' 'M' 'M' 'M' 'M' 'M' 'U' 'M' 'M' 'M' 'U' 'M' 'M' 'M' 'U' 'M' 'M' 'M'
 'M' 'M' 'M' 'M' 'M' 'M' 'U' 'U' 'U' 'A' 'U' 'U' 'U' 'M' 'M' 'U' 'M' 'M'
 'M' 'M' 'M' 'M' 'U' 'U' 'U' 'M' 'M' 'M' 'M' 'M' 'M' 'M' 'M' 'M' 'M' 'M'
 'M' 'M' 'M' 'M' 'U' 'M' 'U' 'M' 'M' 'M' 'U' 'M' 'U' 'M' 'M' 'M' 'M' 'M'
 'U' 'U' 'M' 'U' 'M' 'U' 'M' 'M' 'M' 'M' 'U' 'M' 'M' 'M' 'M' 'U' 'M' 'M']"
358001,0,158,2,156,40,0,0,"['A' 'U' 'M' 'M' 'M' 'M' 'M' 'M' 'M' 'M' 'M' 'U' 'M' 'M' 'M' 'M' 'M' 'M'
 'U' 'M' 'U' 'M' 'M' 'M' 'M' 'M' 'M' 'U' 'U' 'M' 'M' 'M' 'U' 'U' 'U' 'M'
 'M' 'M' 'M' 'U' 'M' 'M' 'M' 'M' 'M' 'U' 'M' 'U' 'U' 'U' 'M' 'M' 'M' 'M'
 'M' 'M' 'M' 'M' 'M' 'M' 'M' 'M' 'M' 'M' 'M' 'M' 'M' 'M' 'M' 'M' 'M' 'M'
 'M' 'M' 'M' 'M' 'M' 'M' 'U' 'M' 'U' 'M' 'M' 'M' 'U' 'U' 'M' 'M' 'M' 'M'
 'M' 'M' 'U' 'M' 'M' 'M' 'M' 'M' 'M' 'M' 'M' 'M' 'M' 'U' 'M' 'M' 'M' 'M'
 'M' 'M' 'M' 'M' 'M' 'M' 'M' 'M' 'M' 'M' 'U' 'M' 'M' 'M' 'M' 'M' 'M' 'M'
 'M' 'M' 'M' 'M' 'M' 'M' 'U' 'U' 'U' 'A' 'U' 'U' 'U' 'M' 'M' 'M' 'M' 'M'
 'M' 'M' 'U' 'M' 'U' 'U' 'U' 'M' 'M' 'M' 'M' 'M' 'M' 'M' 'M' 'M' 'M' 'M'
 'M' 'M' 'M' 'M' 'M' 'M' 'U' 'M' 'M' 'M' 'U' 'M' 'U' 'M' 'M' 'M' 'M' 'M'
 'U' 'U' 'M' 'U' 'M' 'U' 'M' 'M' 'M' 'M' 'U' 'M' 'M' 'M' 'M' 'U' 'M' 'M']"
358101,0,160,3,157,38,0,0,"['A' 'U' 'M' 'M' 'M' 'M' 'M' 'M' 'M' 'M' 'M' 'M' 'M' 'M' 'M' 'M' 'M' 'M'
 'U' 'M' 'A' 'M' 'M' 'M' 'M' 'M' 'M' 'U' 'U' 'M' 'M' 'U' 'U' 'M' 'U' 'M'
 'M' 'M' 'M' 'U' 'M' 'M' 'M' 'M' 'M' 'U' 'M' 'U' 'U' 'U' 'M' 'M' 'M' 'M'
 'M' 'M' 'M' 'M' 'M' 'M' 'M' 'M' 'M' 'M' 'M' 'M' 'M' 'M' 'M' 'M' 'M' 'M'
 'M' 'M' 'M' 'M' 'M' 'M' 'U' 'M' 'M' 'M' 'U' 'M' 'M' 'M' 'U' 'U' 'M' 'M'
 'U' 'M' 'M' 'M' 'M' 'M' 'M' 'M' 'M' 'M' 'M' 'M' 'M' 'M' 'M' 'M' 'M' 'M'
 'M' 'M' 'M' 'M' 'M' 'M' 'U' 'M' 'M' 'M' 'M' 'M' 'M' 'M' 'M' 'M' 'M' 'M'
 'M' 'M' 'M' 'M' 'M' 'U' 'U' 'U' 'U' 'A' 'U' 'U' 'U' 'U' 'M' 'M' 'M' 'M'
 'M' 'M' 'U' 'M' 'U' 'M' 'U' 'M' 'M' 'M' 'M' 'M' 'U' 'M' 'M' 'M' 'M' 'M'
 'M' 'M' 'M' 'M' 'M' 'M' 'U' 'M' 'M' 'M' 'U' 'U' 'M' 'M' 'M' 'M' 'M' 'M'
 'U' 'U' 'M' 'M' 'U' 'M' 'M' 'M' 'M' 'M' 'M' 'M' 'M' 'M' 'M' 'U' 'M' 'U']"
358201,0,169,3,166,29,0,1,"['A' 'M' 'M' 'M' 'M' 'M' 'M' 'M' 'M' 'M' 'M' 'M' 'M' 'M' 'M' 'M' 'M' 'M'
 'U' 'M' 'U' 'M' 'M' 'M' 'M' 'M' 'M' 'A' 'U' 'M' 'M' 'U' 'M' 'M' 'U' 'M'
 'M' 'M' 'M' 'U' 'M' 'M' 'M' 'M' 'M' 'M' 'M' 'M' 'U' 'M' 'M' 'M' 'M' 'M'
 'M' 'M' 'M' 'M' 'M' 'M' 'M' 'M' 'U' 'M' 'M' 'M' 'M' 'M' 'M' 'M' 'M' 'M'
 'M' 'M' 'M' 'U' 'M' 'M' 'M' 'U' 'M' 'M' 'M' 'M' 'M' 'M' 'U' 'U' 'M' 'U'
 'M' 'M' 'M' 'M' 'M' 'M' 'M' 'M' 'M' 'M' 'M' 'M' 'M' 'M' 'U' 'M' 'M' 'M'
 'M' 'M' 'M' 'M' 'M' 'M' 'M' 'M' 'M' 'M' 'M' 'M' 'M' 'M' 'M' 'M' 'M' 'M'
 'M' 'M' 'M' 'U' 'M' 'M' 'U' 'U' 'M' 'A' 'U' 'M' 'M' 'U' 'M' 'M' 'M' 'M'
 'M' 'M' 'U' 'M' 'U' 'M' 'U' 'M' 'M' 'M' 'M' 'M' 'U' 'M' 'M' 'M' 'M' 'M'
 'M' 'M' 'U' 'M' 'M' 'M' 'U' 'M' 'M' 'U' 'M' 'U' 'M' 'M' 'M' 'M' 'M' 'M'
 'U' 'M' 'M' 'M' 'U' 'M' 'M' 'M' 'M' 'M' 'M' 'M' 'M' 'M' 'M' 'M' 'M' 'M']"
358301,0,165,1,164,33,0,0,"['A' 'M' 'M' 'M' 'M' 'M' 'M' 'U' 'M' 'M' 'M' 'M' 'M' 'M' 'M' 'M' 'M' 'M'
 'M' 'M' 'U' 'M' 'M' 'M' 'M' 'M' 'M' 'U' 'U' 'M' 'M' 'U' 'M' 'M' 'M' 'U'
 'M' 'M' 'M' 'U' 'M' 'M' 'M' 'M' 'M' 'M' 'M' 'M' 'U' 'M' 'M' 'M' 'M' 'U'
 'M' 'M' 'M' 'U' 'M' 'M' 'M' 'M' 'U' 'M' 'M' 'M' 'M' 'M' 'M' 'U' 'M' 'M'
 'M' 'M' 'U' 'M' 'U' 'M' 'M' 'U' 'U' 'M' 'M' 'M' 'M' 'M' 'M' 'M' 'M' 'M'
 'M' 'M' 'M' 'M' 'M' 'U' 'M' 'M' 'M' 'M' 'M' 'M' 'M' 'M' 'U' 'M' 'M' 'M'
 'M' 'M' 'M' 'M' 'M' 'M' 'M' 'M' 'M' 'M' 'M' 'M' 'M' 'M' 'M' 'M' 'M' 'M'
 'M' 'M' 'M' 'U' 'M' 'M' 'M' 'M' 'M' 'U' 'M' 'M' 'M' 'U' 'M' 'M' 'M' 'M'
 'M' 'U' 'U' 'M' 'U' 'M' 'U' 'M' 'M' 'M' 'M' 'M' 'U' 'M' 'M' 'M' 'M' 'M'
 'U' 'M' 'U' 'M' 'M' 'M' 'U' 'M' 'M' 'M' 'M' 'U' 'M' 'M' 'M' 'M' 'M' 'M'
 'U' 'M' 'M' 'M' 'U' 'M' 'M' 'M' 'M' 'M' 'M' 'M' 'M' 'M' 'M' 'U' 'M' 'M']"
358401,0,162,1,161,36,0,0,"['A' 'M' 'M' 'U' 'M' 'M' 'M' 'U' 'M' 'M' 'M' 'M' 'M' 'M' 'M' 'U' 'M' 'M'
 'M' 'M' 'U' 'M' 'M' 'M' 'M' 'M' 'M' 'U' 'U' 'M' 'M' 'U' 'M' 'M' 'M' 'U'
 'M' 'M' 'M' 'U' 'M' 'M' 'M' 'M' 'M' 'M' 'M' 'M' 'U' 'M' 'M' 'M' 'M' 'U'
 'M' 'M' 'M' 'U' 'M' 'M' 'M' 'M' 'M' 'M' 'M' 'M' 'M' 'M' 'U' 'M' 'M' 'M'
 'M' 'U' 'M' 'M' 'U' 'M' 'M' 'M' 'U' 'U' 'M' 'M' 'M' 'M' 'M' 'M' 'M' 'M'
 'M' 'M' 'M' 'M' 'M' 'U' 'M' 'M' 'M' 'M' 'M' 'M' 'M' 'U' 'M' 'M' 'M' 'M'
 'M' 'M' 'M' 'M' 'M' 'M' 'M' 'M' 'M' 'U' 'M' 'M' 'M' 'U' 'M' 'M' 'M' 'M'
 'M' 'M' 'M' 'U' 'M' 'M' 'M' 'M' 'M' 'U' 'M' 'M' 'M' 'M' 'M' 'M' 'M' 'M'
 'M' 'U' 'U' 'M' 'U' 'M' 'U' 'M' 'U' 'M' 'M' 'M' 'U' 'M' 'M' 'M' 'M' 'M'
 'U' 'M' 'U' 'M' 'M' 'M' 'U' 'M' 'M' 'M' 'U' 'M' 'M' 'M' 'M' 'M' 'M' 'M'
 'M' 'M' 'M' 'M' 'U' 'M' 'U' 'M' 'M' 'M' 'M' 'M' 'M' 'M' 'M' 'U' 'M' 'M']"
358501,0,163,2,161,35,1,0,"['A' 'M' 'M' 'M' 'M' 'M' 'M' 'U' 'M' 'U' 'M' 'M' 'M' 'M' 'M' 'A' 'M' 'M'
 'M' 'M' 'M' 'M' 'M' 'M' 'M' 'M' 'M' 'U' 'U' 'M' 'M' 'U' 'M' 'M' 'M' 'U'
 'M' 'M' 'M' 'U' 'M' 'M' 'M' 'M' 'M' 'M' 'M' 'M' 'U' 'M' 'M' 'M' 'M' 'M'
 'M' 'M' 'M' 'U' 'M' 'M' 'M' 'M' 'M' 'M' 'M' 'M' 'U' 'U' 'M' 'M' 'M' 'U'
 'M' 'M' 'M' 'M' 'M' 'M' 'M' 'M' 'M' 'M' 'M' 'M' 'M' 'U' 'M' 'U' 'M' 'M'
 'M' 'M' 'M' 'M' 'M' 'M' 'M' 'M' 'M' 'M' 'M' 'M' 'M' 'U' 'M' 'M' 'M' 'M'
 'M' 'M' 'M' 'M' 'M' 'M' 'M' 'M' 'M' 'U' 'M' 'M' 'M' 'U' 'M' 'M' 'M' 'M'
 'U' 'M' 'M' 'U' 'U' 'M' 'M' 'M' 'M' 'U' 'M' 'M' 'M' 'M' 'M' 'M' 'M' 'M'
 'M' 'U' 'U' 'M' 'U' 'M' 'U' 'U' 'M' 'M' 'M' 'M' 'U' 'M' 'M' 'M' 'M' 'M'
 'U' 'M' 'M' 'M' 'U' 'M' 'M' 'M' 'M' 'M' 'U' 'M' 'M' 'U' 'M' 'M' 'M' 'M'
 'M' 'M' 'U' 'M' 'U' 'M' 'U' 'M' 'M' 'M' 'M' 'M' 'M' 'M' 'M' 'U' 'M' 'M']"
358601,0,159,2,157,39,0,1,"['A' 'M' 'M' 'M' 'M' 'M' 'M' 'U' 'M' 'U' 'M' 'M' 'M' 'M' 'M' 'U' 'M' 'M'
 'M' 'M' 'M' 'M' 'U' 'M' 'U' 'M' 'M' 'M' 'U' 'M' 'M' 'A' 'M' 'M' 'M' 'M'
 'M' 'M' 'U' 'U' 'M' 'M' 'M' 'M' 'M' 'M' 'M' 'M' 'U' 'M' 'M' 'M' 'M' 'M'
 'M' 'M' 'M' 'M' 'M' 'M' 'M' 'M' 'M' 'M' 'M' 'U' 'M' 'M' 'M' 'M' 'M' 'U'
 'M' 'M' 'M' 'M' 'M' 'M' 'M' 'M' 'M' 'U' 'M' 'M' 'M' 'M' 'M' 'M' 'M' 'M'
 'M' 'U' 'M' 'M' 'U' 'M' 'M' 'M' 'M' 'M' 'M' 'M' 'M' 'U' 'M' 'M' 'M' 'M'
 'M' 'M' 'M' 'U' 'M' 'M' 'M' 'M' 'M' 'M' 'M' 'M' 'U' 'U' 'M' 'M' 'M' 'M'
 'U' 'M' 'M' 'M' 'U' 'M' 'M' 'M' 'M' 'U' 'M' 'M' 'M' 'M' 'M' 'M' 'M' 'M'
 'U' 'U' 'U' 'M' 'U' 'M' 'U' 'U' 'U' 'M' 'M' 'M' 'U' 'M' 'M' 'M' 'M' 'M'
 'U' 'U' 'M' 'U' 'U' 'M' 'M' 'M' 'M' 'M' 'U' 'M' 'M' 'U' 'M' 'M' 'M' 'M'
 'M' 'M' 'U' 'M' 'U' 'M' 'M' 'M' 'M' 'U' 'M' 'M' 'M' 'M' 'M' 'U' 'M' 'M']"
358701,1,153,3,150,45,0,0,"['A' 'M' 'M' 'M' 'M' 'M' 'M' 'M' 'M' 'U' 'M' 'M' 'M' 'M' 'M' 'U' 'M' 'M'
 'M' 'U' 'M' 'M' 'U' 'M' 'U' 'U' 'M' 'M' 'U' 'M' 'M' 'A' 'M' 'M' 'M' 'M'
 'M' 'M' 'M' 'U' 'M' 'M' 'M' 'U' 'M' 'M' 'M' 'M' 'U' 'M' 'M' 'M' 'M' 'M'
 'M' 'M' 'M' 'M' 'M' 'M' 'M' 'M' 'M' 'M' 'M' 'M' 'M' 'U' 'M' 'U' 'M' 'U'
 'M' 'M' 'M' 'U' 'M' 'M' 'M' 'M' 'M' 'M' 'M' 'M' 'M' 'M' 'M' 'M' 'U' 'M'
 'M' 'M' 'M' 'M' 'M' 'M' 'M' 'M' 'M' 'M' 'M' 'M' 'M' 'U' 'M' 'M' 'M' 'U'
 'M' 'M' 'M' 'U' 'M' 'M' 'M' 'M' 'M' 'M' 'M' 'M' 'U' 'U' 'M' 'M' 'M' 'M'
 'U' 'M' 'M' 'M' 'U' 'U' 'U' 'U' 'U' 'U' 'U' 'U' 'U' 'M' 'M' 'M' 'M' 'M'
 'U' 'U' 'U' 'M' 'U' 'M' 'U' 'A' 'M' 'M' 'M' 'M' 'M' 'M' 'M' 'M' 'M' 'U'
 'U' 'U' 'M' 'M' 'U' 'U' 'M' 'M' 'M' 'M' 'U' 'M' 'M' 'M' 'M' 'M' 'M' 'M'
 'M' 'M' 'U' 'M' 'U' 'M' 'M' 'M' 'M' 'U' 'M' 'M' 'M' 'M' 'M' 'U' 'M' 'M']"
358801,2,154,3,151,44,0,0,"['A' 'M' 'U' 'M' 'M' 'M' 'M' 'U' 'M' 'M' 'M' 'M' 'M' 'M' 'M' 'U' 'M' 'M'
 'M' 'U' 'M' 'M' 'M' 'M' 'U' 'M' 'M' 'M' 'U' 'M' 'M' 'M' 'M' 'M' 'M' 'M'
 'M' 'U' 'M' 'M' 'M' 'M' 'M' 'M' 'M' 'U' 'M' 'U' 'U' 'M' 'M' 'M' 'M' 'U'
 'M' 'M' 'M' 'M' 'M' 'M' 'U' 'M' 'M' 'M' 'M' 'M' 'U' 'M' 'M' 'M' 'M' 'U'
 'M' 'M' 'M' 'U' 'M' 'M' 'M' 'M' 'M' 'M' 'M' 'M' 'M' 'U' 'M' 'M' 'U' 'M'
 'M' 'M' 'M' 'M' 'M' 'M' 'M' 'M' 'M' 'M' 'M' 'U' 'M' 'U' 'M' 'M' 'M' 'U'
 'M' 'M' 'M' 'U' 'M' 'M' 'M' 'M' 'M' 'M' 'M' 'M' 'M' 'U' 'M' 'M' 'M' 'M'
 'M' 'M' 'M' 'M' 'U' 'U' 'U' 'U' 'U' 'A' 'U' 'U' 'U' 'M' 'M' 'M' 'M' 'M'
 'U' 'U' 'U' 'M' 'U' 'M' 'U' 'A' 'M' 'M' 'M' 'M' 'M' 'M' 'M' 'M' 'M' 'U'
 'M' 'U' 'M' 'M' 'U' 'U' 'M' 'M' 'M' 'M' 'M' 'M' 'M' 'M' 'M' 'M' 'M' 'M'
 'M' 'M' 'U' 'U' 'U' 'M' 'M' 'M' 'M' 'U' 'U' 'M' 'M' 'M' 'M' 'M' 'M' 'M']"
358901,0,153,3,150,45,0,0,"['A' 'M' 'U' 'M' 'M' 'M' 'M' 'U' 'U' 'M' 'M' 'M' 'U' 'M' 'M' 'U' 'M' 'M'
 'M' 'U' 'M' 'M' 'M' 'M' 'M' 'M' 'M' 'M' 'U' 'M' 'M' 'M' 'M' 'M' 'M' 'M'
 'M' 'U' 'M' 'M' 'M' 'U' 'M' 'M' 'M' 'M' 'M' 'U' 'M' 'M' 'M' 'M' 'M' 'U'
 'M' 'M' 'M' 'M' 'M' 'M' 'U' 'M' 'M' 'M' 'M' 'M' 'M' 'M' 'M' 'M' 'M' 'M'
 'M' 'M' 'M' 'U' 'M' 'M' 'M' 'U' 'U' 'M' 'M' 'M' 'M' 'M' 'M' 'M' 'U' 'M'
 'M' 'U' 'M' 'M' 'M' 'M' 'M' 'M' 'M' 'M' 'M' 'M' 'M' 'U' 'M' 'M' 'M' 'U'
 'M' 'M' 'U' 'U' 'M' 'M' 'M' 'M' 'M' 'M' 'M' 'M' 'U' 'U' 'M' 'M' 'M' 'M'
 'M' 'M' 'M' 'M' 'U' 'U' 'U' 'M' 'U' 'A' 'U' 'U' 'M' 'M' 'M' 'M' 'M' 'M'
 'U' 'U' 'U' 'M' 'U' 'M' 'M' 'A' 'M' 'M' 'M' 'M' 'M' 'M' 'M' 'M' 'M' 'U'
 'M' 'U' 'M' 'M' 'U' 'U' 'M' 'M' 'M' 'M' 'M' 'M' 'M' 'M' 'M' 'M' 'M' 'M'
 'M' 'U' 'U' 'U' 'M' 'U' 'M' 'M' 'M' 'U' 'U' 'M' 'M' 'M' 'U' 'U' 'M' 'M']"
359001,0,160,4,156,38,0,1,"['A' 'M' 'U' 'M' 'M' 'M' 'M' 'U' 'U' 'M' 'M' 'M' 'U' 'M' 'M' 'M' 'M' 'M'
 'M' 'M' 'M' 'M' 'M' 'M' 'M' 'M' 'M' 'M' 'U' 'M' 'M' 'M' 'M' 'M' 'M' 'M'
 'M' 'U' 'M' 'M' 'M' 'U' 'M' 'M' 'M' 'M' 'M' 'M' 'M' 'M' 'M' 'M' 'M' 'U'
 'M' 'M' 'M' 'M' 'M' 'M' 'U' 'M' 'M' 'M' 'M' 'M' 'M' 'M' 'M' 'M' 'M' 'U'
 'M' 'M' 'U' 'M' 'U' 'M' 'M' 'M' 'M' 'U' 'U' 'M' 'M' 'M' 'M' 'M' 'M' 'M'
 'M' 'M' 'M' 'M' 'M' 'M' 'M' 'M' 'M' 'M' 'M' 'M' 'M' 'U' 'M' 'M' 'M' 'U'
 'M' 'M' 'U' 'U' 'M' 'U' 'M' 'M' 'M' 'M' 'M' 'M' 'U' 'U' 'M' 'M' 'M' 'M'
 'M' 'M' 'M' 'M' 'U' 'U' 'U' 'M' 'U' 'A' 'U' 'U' 'M' 'M' 'M' 'M' 'M' 'M'
 'U' 'U' 'M' 'M' 'M' 'M' 'M' 'A' 'M' 'M' 'M' 'M' 'M' 'M' 'M' 'M' 'M' 'U'
 'M' 'A' 'M' 'M' 'U' 'U' 'M' 'M' 'M' 'M' 'M' 'M' 'M' 'M' 'M' 'M' 'M' 'M'
 'M' 'U' 'U' 'U' 'M' 'U' 'M' 'M' 'M' 'U' 'M' 'M' 'M' 'M' 'U' 'M' 'M' 'M']"
359101,0,166,5,161,32,0,0,"['A' 'M' 'M' 'M' 'M' 'M' 'M' 'U' 'U' 'M' 'M' 'M' 'M' 'M' 'M' 'M' 'M' 'M'
 'M' 'M' 'M' 'M' 'M' 'M' 'M' 'M' 'M' 'M' 'U' 'M' 'M' 'M' 'U' 'M' 'M' 'M'
 'M' 'U' 'M' 'M' 'M' 'U' 'M' 'M' 'M' 'M' 'M' 'M' 'M' 'M' 'M' 'M' 'M' 'U'
 'M' 'M' 'M' 'M' 'M' 'M' 'U' 'M' 'M' 'M' 'M' 'M' 'M' 'M' 'M' 'M' 'M' 'M'
 'M' 'M' 'U' 'M' 'M' 'M' 'M' 'M' 'M' 'M' 'M' 'M' 'M' 'U' 'M' 'U' 'M' 'M'
 'U' 'M' 'M' 'U' 'M' 'M' 'M' 'U' 'U' 'U' 'M' 'M' 'M' 'U' 'M' 'U' 'M' 'U'
 'M' 'M' 'M' 'U' 'M' 'U' 'M' 'M' 'M' 'M' 'M' 'M' 'U' 'M' 'M' 'M' 'M' 'M'
 'U' 'M' 'M' 'M' 'U' 'M' 'U' 'M' 'M' 'A' 'M' 'M' 'M' 'M' 'M' 'M' 'M' 'M'
 'A' 'U' 'M' 'M' 'M' 'M' 'M' 'A' 'M' 'M' 'M' 'M' 'M' 'M' 'M' 'M' 'M' 'U'
 'M' 'A' 'M' 'M' 'U' 'M' 'M' 'M' 'M' 'M' 'M' 'M' 'M' 'M' 'M' 'M' 'M' 'M'
 'M' 'M' 'U' 'M' 'M' 'U' 'M' 'M' 'M' 'U' 'M' 'M' 'M' 'M' 'U' 'M' 'M' 'M']"
359201,0,170,4,166,28,0,0,"['A' 'M' 'M' 'M' 'M' 'M' 'M' 'M' 'U' 'M' 'M' 'M' 'M' 'M' 'M' 'M' 'M' 'M'
 'M' 'M' 'M' 'M' 'M' 'M' 'U' 'M' 'M' 'M' 'M' 'M' 'M' 'M' 'M' 'M' 'M' 'M'
 'M' 'U' 'M' 'M' 'M' 'M' 'U' 'M' 'U' 'M' 'M' 'M' 'M' 'M' 'M' 'M' 'M' 'M'
 'M' 'M' 'M' 'M' 'M' 'M' 'U' 'M' 'M' 'M' 'M' 'M' 'M' 'U' 'M' 'M' 'M' 'M'
 'M' 'M' 'U' 'M' 'M' 'M' 'M' 'U' 'M' 'M' 'M' 'M' 'M' 'M' 'M' 'U' 'M' 'U'
 'M' 'M' 'M' 'M' 'M' 'M' 'M' 'U' 'U' 'U' 'M' 'M' 'M' 'U' 'M' 'U' 'M' 'U'
 'M' 'M' 'M' 'M' 'M' 'M' 'M' 'M' 'M' 'M' 'M' 'M' 'U' 'M' 'U' 'M' 'M' 'M'
 'U' 'U' 'M' 'M' 'U' 'M' 'M' 'M' 'M' 'A' 'M' 'M' 'M' 'M' 'M' 'M' 'M' 'M'
 'U' 'U' 'M' 'M' 'M' 'M' 'M' 'A' 'M' 'M' 'M' 'M' 'M' 'M' 'M' 'M' 'M' 'U'
 'M' 'A' 'M' 'M' 'U' 'M' 'M' 'M' 'M' 'M' 'M' 'M' 'M' 'M' 'M' 'M' 'M' 'M'
 'M' 'M' 'M' 'M' 'M' 'U' 'M' 'M' 'M' 'M' 'M' 'M' 'M' 'M' 'U' 'M' 'M' 'M']"
359301,0,163,4,159,35,0,1,"['A' 'M' 'M' 'M' 'M' 'M' 'M' 'M' 'U' 'M' 'M' 'M' 'M' 'M' 'M' 'M' 'M' 'M'
 'M' 'M' 'M' 'M' 'M' 'U' 'M' 'M' 'M' 'M' 'M' 'M' 'M' 'U' 'M' 'M' 'M' 'M'
 'M' 'M' 'M' 'M' 'M' 'M' 'U' 'M' 'U' 'M' 'M' 'M' 'M' 'M' 'M' 'M' 'M' 'M'
 'M' 'M' 'M' 'M' 'M' 'M' 'U' 'M' 'M' 'U' 'M' 'M' 'U' 'M' 'M' 'U' 'M' 'M'
 'M' 'M' 'U' 'M' 'U' 'M' 'M' 'M' 'M' 'M' 'M' 'M' 'M' 'M' 'U' 'M' 'M' 'M'
 'M' 'M' 'M' 'M' 'M' 'M' 'M' 'U' 'U' 'M' 'M' 'M' 'M' 'U' 'M' 'U' 'M' 'U'
 'M' 'M' 'M' 'M' 'M' 'M' 'M' 'M' 'M' 'M' 'M' 'M' 'M' 'U' 'M' 'M' 'U' 'M'
 'A' 'U' 'U' 'M' 'U' 'M' 'M' 'M' 'M' 'U' 'M' 'M' 'M' 'M' 'M' 'M' 'M' 'M'
 'U' 'U' 'U' 'M' 'M' 'M' 'U' 'A' 'M' 'M' 'M' 'M' 'M' 'M' 'M' 'M' 'M' 'M'
 'M' 'A' 'M' 'M' 'U' 'M' 'M' 'U' 'M' 'M' 'U' 'M' 'M' 'U' 'M' 'M' 'M' 'M'
 'M' 'M' 'U' 'M' 'M' 'U' 'M' 'M' 'M' 'M' 'M' 'M' 'U' 'M' 'U' 'M' 'M' 'M']"
359401,0,163,4,159,35,1,0,"['A' 'M' 'M' 'M' 'M' 'M' 'M' 'M' 'U' 'M' 'M' 'M' 'M' 'M' 'M' 'M' 'M' 'M'
 'M' 'M' 'M' 'M' 'M' 'M' 'M' 'M' 'M' 'M' 'M' 'M' 'M' 'U' 'M' 'M' 'M' 'M'
 'M' 'M' 'M' 'M' 'M' 'M' 'U' 'M' 'U' 'M' 'M' 'M' 'M' 'M' 'M' 'M' 'M' 'M'
 'M' 'M' 'M' 'M' 'M' 'M' 'U' 'M' 'M' 'A' 'M' 'M' 'M' 'M' 'M' 'U' 'M' 'M'
 'M' 'M' 'M' 'M' 'M' 'M' 'M' 'M' 'U' 'M' 'M' 'M' 'M' 'M' 'M' 'M' 'U' 'U'
 'M' 'M' 'M' 'M' 'U' 'M' 'M' 'U' 'U' 'M' 'M' 'M' 'M' 'U' 'M' 'U' 'M' 'U'
 'M' 'M' 'M' 'M' 'M' 'M' 'M' 'M' 'M' 'M' 'M' 'M' 'M' 'U' 'M' 'U' 'U' 'M'
 'A' 'M' 'U' 'M' 'U' 'M' 'M' 'M' 'U' 'U' 'M' 'M' 'M' 'M' 'M' 'M' 'M' 'M'
 'U' 'U' 'U' 'M' 'M' 'M' 'U' 'A' 'M' 'M' 'M' 'M' 'M' 'M' 'M' 'M' 'M' 'M'
 'M' 'U' 'M' 'M' 'U' 'M' 'M' 'U' 'M' 'M' 'U' 'M' 'M' 'U' 'M' 'M' 'U' 'M'
 'U' 'M' 'U' 'M' 'M' 'U' 'M' 'M' 'M' 'M' 'M' 'M' 'M' 'M' 'M' 'M' 'M' 'M']"
359501,0,159,4,155,39,0,0,"['A' 'M' 'M' 'M' 'M' 'M' 'M' 'M' 'M' 'M' 'M' 'M' 'M' 'M' 'M' 'M' 'M' 'M'
 'M' 'M' 'M' 'M' 'M' 'M' 'M' 'M' 'M' 'M' 'M' 'M' 'M' 'U' 'M' 'M' 'M' 'M'
 'M' 'M' 'M' 'M' 'M' 'M' 'M' 'M' 'U' 'M' 'M' 'M' 'M' 'M' 'M' 'M' 'M' 'M'
 'M' 'M' 'M' 'M' 'M' 'M' 'U' 'M' 'M' 'A' 'M' 'M' 'U' 'M' 'U' 'M' 'M' 'M'
 'M' 'M' 'M' 'M' 'M' 'M' 'M' 'M' 'M' 'M' 'M' 'M' 'M' 'M' 'M' 'U' 'M' 'U'
 'M' 'M' 'U' 'M' 'M' 'M' 'M' 'U' 'U' 'M' 'M' 'M' 'M' 'U' 'M' 'M' 'M' 'U'
 'M' 'M' 'M' 'M' 'M' 'M' 'M' 'U' 'U' 'M' 'U' 'M' 'M' 'U' 'M' 'U' 'U' 'M'
 'A' 'M' 'U' 'M' 'U' 'U' 'U' 'U' 'M' 'U' 'U' 'U' 'U' 'M' 'M' 'M' 'M' 'M'
 'U' 'U' 'U' 'M' 'U' 'M' 'U' 'A' 'M' 'M' 'M' 'M' 'M' 'M' 'M' 'M' 'M' 'M'
 'M' 'M' 'M' 'M' 'U' 'M' 'M' 'U' 'M' 'M' 'U' 'M' 'M' 'U' 'M' 'M' 'U' 'M'
 'U' 'M' 'M' 'M' 'M' 'U' 'M' 'M' 'M' 'M' 'M' 'M' 'M' 'M' 'M' 'M' 'M' 'M']"
359601,0,169,5,164,29,0,0,"['A' 'M' 'M' 'M' 'M' 'M' 'M' 'M' 'M' 'M' 'M' 'M' 'M' 'M' 'M' 'M' 'M' 'M'
 'M' 'M' 'M' 'M' 'M' 'M' 'M' 'M' 'M' 'M' 'M' 'M' 'M' 'U' 'M' 'M' 'M' 'M'
 'M' 'M' 'M' 'M' 'M' 'M' 'M' 'M' 'M' 'M' 'M' 'M' 'M' 'M' 'M' 'M' 'M' 'M'
 'M' 'M' 'M' 'M' 'M' 'M' 'U' 'M' 'M' 'A' 'M' 'M' 'M' 'M' 'U' 'M' 'M' 'M'
 'M' 'M' 'M' 'M' 'U' 'U' 'M' 'M' 'M' 'M' 'M' 'M' 'M' 'M' 'M' 'M' 'U' 'M'
 'M' 'M' 'M' 'M' 'U' 'M' 'M' 'U' 'M' 'M' 'M' 'M' 'M' 'M' 'M' 'M' 'M' 'U'
 'M' 'M' 'M' 'M' 'M' 'M' 'M' 'A' 'U' 'M' 'U' 'M' 'M' 'U' 'M' 'M' 'U' 'M'
 'A' 'M' 'M' 'M' 'U' 'M' 'U' 'U' 'M' 'U' 'M' 'M' 'U' 'M' 'M' 'M' 'M' 'M'
 'U' 'U' 'M' 'M' 'U' 'U' 'M' 'A' 'M' 'M' 'M' 'M' 'M' 'M' 'M' 'M' 'M' 'M'
 'M' 'M' 'M' 'M' 'U' 'M' 'M' 'U' 'M' 'M' 'U' 'M' 'M' 'U' 'M' 'M' 'M' 'M'
 'U' 'U' 'M' 'M' 'M' 'U' 'M' 'M' 'M' 'M' 'M' 'M' 'M' 'M' 'M' 'M' 'M' 'M']"
359701,0,171,5,166,27,0,0,"['A' 'M' 'M' 'M' 'M' 'M' 'M' 'M' 'M' 'M' 'U' 'U' 'M' 'M' 'M' 'M' 'M' 'M'
 'M' 'M' 'M' 'M' 'M' 'U' 'M' 'M' 'M' 'M' 'M' 'M' 'M' 'U' 'M' 'M' 'M' 'M'
 'M' 'M' 'M' 'M' 'M' 'M' 'M' 'M' 'M' 'M' 'M' 'U' 'M' 'M' 'M' 'M' 'M' 'M'
 'M' 'M' 'M' 'M' 'M' 'M' 'U' 'M' 'M' 'A' 'M' 'M' 'U' 'M' 'M' 'M' 'U' 'M'
 'M' 'M' 'M' 'U' 'M' 'M' 'M' 'M' 'M' 'M' 'M' 'M' 'M' 'M' 'M' 'M' 'U' 'M'
 'M' 'M' 'M' 'M' 'U' 'M' 'M' 'U' 'M' 'M' 'M' 'U' 'M' 'M' 'M' 'M' 'M' 'U'
 'M' 'M' 'U' 'M' 'M' 'M' 'M' 'A' 'M' 'M' 'U' 'M' 'M' 'U' 'M' 'M' 'M' 'M'
 'A' 'U' 'M' 'M' 'U' 'M' 'M' 'M' 'M' 'U' 'M' 'M' 'U' 'M' 'M' 'M' 'M' 'M'
 'U' 'M' 'M' 'M' 'M' 'U' 'M' 'A' 'M' 'M' 'M' 'M' 'M' 'M' 'M' 'M' 'M' 'M'
 'U' 'M' 'M' 'M' 'U' 'M' 'M' 'U' 'M' 'M' 'M' 'M' 'M' 'M' 'M' 'M' 'M' 'M'
 'U' 'M' 'M' 'M' 'M' 'M' 'M' 'M' 'M' 'M' 'M' 'M' 'M' 'M' 'M' 'M' 'M' 'M']"
359801,0,169,3,166,29,1,0,"['A' 'M' 'M' 'U' 'M' 'M' 'M' 'M' 'M' 'U' 'U' 'U' 'M' 'M' 'M' 'U' 'M' 'M'
 'M' 'M' 'M' 'M' 'M' 'M' 'M' 'U' 'M' 'M' 'M' 'M' 'M' 'M' 'M' 'M' 'M' 'M'
 'M' 'M' 'M' 'M' 'M' 'M' 'M' 'M' 'M' 'M' 'M' 'U' 'M' 'M' 'M' 'M' 'M' 'M'
 'M' 'M' 'M' 'M' 'M' 'M' 'U' 'M' 'M' 'A' 'M' 'U' 'U' 'M' 'M' 'U' 'M' 'M'
 'M' 'M' 'M' 'M' 'U' 'M' 'M' 'M' 'M' 'M' 'M' 'M' 'M' 'M' 'M' 'M' 'M' 'M'
 'M' 'M' 'M' 'U' 'M' 'U' 'M' 'U' 'M' 'M' 'M' 'M' 'M' 'M' 'M' 'M' 'M' 'U'
 'M' 'M' 'U' 'M' 'M' 'M' 'M' 'U' 'M' 'M' 'U' 'M' 'M' 'M' 'M' 'M' 'M' 'M'
 'A' 'M' 'M' 'M' 'M' 'M' 'M' 'M' 'M' 'U' 'M' 'M' 'U' 'M' 'M' 'M' 'M' 'M'
 'U' 'M' 'M' 'M' 'M' 'U' 'M' 'U' 'M' 'M' 'M' 'M' 'M' 'M' 'M' 'M' 'M' 'M'
 'U' 'M' 'M' 'M' 'M' 'M' 'M' 'U' 'U' 'M' 'M' 'M' 'M' 'M' 'M' 'M' 'M' 'M'
 'U' 'U' 'M' 'M' 'M' 'M' 'M' 'M' 'M' 'M' 'M' 'M' 'M' 'M' 'M' 'M' 'M' 'M']"
359901,0,167,2,165,31,0,0,"['A' 'M' 'M' 'U' 'M' 'M' 'M' 'M' 'M' 'U' 'M' 'U' 'M' 'M' 'M' 'U' 'M' 'M'
 'M' 'M' 'M' 'M' 'M' 'M' 'M' 'U' 'M' 'M' 'M' 'M' 'M' 'M' 'M' 'M' 'M' 'M'
 'M' 'M' 'M' 'M' 'M' 'M' 'M' 'M' 'M' 'M' 'M' 'U' 'M' 'M' 'M' 'M' 'M' 'M'
 'M' 'M' 'M' 'M' 'M' 'M' 'M' 'M' 'M' 'A' 'U' 'U' 'M' 'M' 'U' 'U' 'M' 'M'
 'U' 'M' 'M' 'M' 'M' 'M' 'M' 'M' 'M' 'M' 'M' 'M' 'M' 'M' 'M' 'M' 'M' 'U'
 'M' 'M' 'M' 'M' 'M' 'M' 'M' 'U' 'M' 'U' 'M' 'M' 'M' 'M' 'M' 'M' 'M' 'U'
 'M' 'M' 'U' 'M' 'M' 'M' 'M' 'U' 'M' 'M' 'U' 'M' 'M' 'M' 'M' 'U' 'M' 'M'
 'U' 'M' 'M' 'M' 'M' 'M' 'M' 'M' 'M' 'U' 'M' 'M' 'U' 'M' 'M' 'M' 'M' 'M'
 'M' 'M' 'M' 'M' 'M' 'U' 'M' 'U' 'M' 'M' 'M' 'M' 'M' 'M' 'M' 'M' 'M' 'M'
 'U' 'M' 'M' 'U' 'M' 'U' 'M' 'U' 'M' 'M' 'M' 'U' 'M' 'M' 'M' 'M' 'M' 'M'
 'U' 'M' 'M' 'M' 'M' 'M' 'M' 'M' 'M' 'M' 'M' 'M' 'M' 'M' 'U' 'M' 'M' 'M']"
360001,0,163,1,162,35,0,0,"['A' 'M' 'M' 'U' 'M' 'M' 'M' 'M' 'M' 'U' 'M' 'M' 'M' 'M' 'M' 'U' 'M' 'M'
 'M' 'M' 'M' 'M' 'M' 'M' 'M' 'U' 'M' 'M' 'M' 'M' 'M' 'M' 'M' 'M' 'U' 'U'
 'U' 'M' 'M' 'M' 'M' 'M' 'M' 'M' 'M' 'M' 'M' 'U' 'M' 'M' 'M' 'M' 'M' 'M'
 'M' 'M' 'U' 'M' 'U' 'M' 'U' 'M' 'M' 'U' 'U' 'M' 'M' 'M' 'M' 'M' 'U' 'U'
 'M' 'M' 'M' 'M' 'M' 'M' 'M' 'M' 'U' 'M' 'M' 'M' 'M' 'M' 'U' 'M' 'U' 'M'
 'M' 'M' 'M' 'M' 'M' 'U' 'M' 'U' 'M' 'U' 'M' 'M' 'M' 'M' 'M' 'M' 'M' 'M'
 'U' 'M' 'U' 'M' 'M' 'M' 'M' 'U' 'M' 'M' 'M' 'M' 'M' 'M' 'M' 'M' 'M' 'M'
 'U' 'M' 'M' 'M' 'M' 'M' 'M' 'M' 'M' 'U' 'M' 'M' 'U' 'M' 'M' 'M' 'M' 'M'
 'M' 'M' 'M' 'M' 'M' 'U' 'M' 'M' 'M' 'M' 'M' 'M' 'M' 'M' 'M' 'M' 'M' 'M'
 'M' 'M' 'M' 'U' 'M' 'U' 'M' 'U' 'M' 'M' 'M' 'U' 'M' 'M' 'M' 'U' 'M' 'M'
 'U' 'M' 'M' 'M' 'M' 'M' 'M' 'U' 'M' 'M' 'M' 'M' 'M' 'M' 'M' 'M' 'M' 'M']"
360101,0,166,2,164,32,0,0,"['A' 'M' 'M' 'U' 'M' 'M' 'M' 'M' 'M' 'M' 'M' 'U' 'M' 'M' 'M' 'U' 'M' 'M'
 'M' 'M' 'M' 'M' 'M' 'M' 'M' 'U' 'M' 'M' 'M' 'M' 'M' 'M' 'M' 'M' 'U' 'M'
 'U' 'M' 'M' 'M' 'M' 'M' 'M' 'M' 'M' 'M' 'M' 'U' 'M' 'M' 'M' 'M' 'M' 'M'
 'M' 'M' 'U' 'M' 'M' 'M' 'U' 'M' 'M' 'M' 'M' 'M' 'M' 'M' 'M' 'M' 'U' 'M'
 'U' 'M' 'M' 'M' 'M' 'M' 'M' 'M' 'M' 'M' 'U' 'M' 'M' 'M' 'M' 'M' 'M' 'U'
 'U' 'M' 'M' 'M' 'M' 'U' 'U' 'A' 'M' 'U' 'M' 'M' 'U' 'M' 'M' 'M' 'M' 'U'
 'M' 'M' 'U' 'M' 'M' 'M' 'M' 'U' 'M' 'M' 'M' 'M' 'M' 'M' 'M' 'M' 'M' 'M'
 'U' 'M' 'M' 'M' 'M' 'M' 'M' 'M' 'M' 'U' 'M' 'M' 'U' 'M' 'M' 'M' 'M' 'U'
 'M' 'M' 'M' 'M' 'M' 'M' 'M' 'M' 'M' 'M' 'M' 'M' 'M' 'M' 'M' 'M' 'M' 'M'
 'M' 'M' 'M' 'U' 'M' 'U' 'M' 'M' 'M' 'M' 'U' 'U' 'M' 'M' 'M' 'U' 'M' 'M'
 'U' 'M' 'M' 'U' 'M' 'M' 'M' 'M' 'M' 'M' 'M' 'M' 'M' 'M' 'M' 'M' 'M' 'M']"
360201,0,161,4,157,37,0,0,"['A' 'M' 'M' 'A' 'M' 'M' 'M' 'M' 'M' 'M' 'M' 'U' 'M' 'M' 'M' 'U' 'M' 'M'
 'M' 'M' 'M' 'M' 'M' 'M' 'M' 'U' 'M' 'M' 'M' 'M' 'M' 'M' 'M' 'M' 'U' 'M'
 'U' 'M' 'M' 'M' 'M' 'M' 'U' 'M' 'M' 'M' 'M' 'U' 'M' 'U' 'M' 'M' 'M' 'M'
 'M' 'M' 'M' 'M' 'A' 'M' 'U' 'M' 'M' 'U' 'M' 'M' 'M' 'M' 'M' 'M' 'M' 'M'
 'M' 'M' 'U' 'M' 'M' 'M' 'M' 'M' 'M' 'M' 'U' 'M' 'M' 'M' 'M' 'M' 'M' 'U'
 'U' 'M' 'M' 'U' 'M' 'U' 'U' 'A' 'M' 'U' 'U' 'M' 'U' 'M' 'M' 'M' 'M' 'U'
 'U' 'M' 'U' 'M' 'M' 'M' 'M' 'U' 'M' 'M' 'M' 'M' 'M' 'M' 'M' 'M' 'M' 'U'
 'U' 'M' 'M' 'M' 'M' 'M' 'M' 'M' 'M' 'U' 'M' 'M' 'M' 'M' 'M' 'M' 'M' 'U'
 'M' 'M' 'U' 'M' 'M' 'M' 'M' 'M' 'M' 'M' 'M' 'M' 'M' 'M' 'M' 'M' 'U' 'M'
 'M' 'M' 'M' 'M' 'M' 'U' 'M' 'M' 'M' 'M' 'U' 'U' 'M' 'M' 'M' 'U' 'M' 'M'
 'U' 'M' 'U' 'U' 'M' 'M' 'M' 'M' 'M' 'M' 'M' 'M' 'M' 'M' 'M' 'M' 'M' 'M']"
360301,0,159,5,154,39,0,1,"['A' 'M' 'M' 'U' 'M' 'M' 'M' 'M' 'M' 'M' 'M' 'M' 'M' 'U' 'M' 'U' 'M' 'M'
 'M' 'M' 'M' 'M' 'M' 'M' 'M' 'U' 'M' 'M' 'U' 'M' 'M' 'M' 'M' 'U' 'A' 'M'
 'U' 'M' 'M' 'M' 'M' 'M' 'M' 'M' 'M' 'M' 'M' 'U' 'M' 'U' 'M' 'U' 'U' 'M'
 'M' 'M' 'M' 'M' 'A' 'M' 'U' 'M' 'M' 'M' 'M' 'M' 'M' 'M' 'M' 'U' 'M' 'M'
 'M' 'M' 'M' 'M' 'U' 'M' 'M' 'M' 'M' 'M' 'M' 'U' 'U' 'M' 'M' 'M' 'M' 'M'
 'M' 'M' 'M' 'U' 'M' 'U' 'U' 'M' 'M' 'U' 'U' 'M' 'M' 'M' 'M' 'M' 'M' 'U'
 'U' 'M' 'M' 'M' 'M' 'M' 'M' 'U' 'M' 'M' 'M' 'U' 'M' 'M' 'M' 'M' 'M' 'A'
 'U' 'M' 'M' 'M' 'M' 'M' 'M' 'M' 'M' 'U' 'M' 'M' 'M' 'M' 'M' 'M' 'M' 'U'
 'M' 'A' 'U' 'M' 'M' 'M' 'U' 'U' 'U' 'M' 'M' 'M' 'M' 'M' 'M' 'M' 'U' 'M'
 'M' 'M' 'M' 'M' 'M' 'M' 'M' 'M' 'M' 'M' 'M' 'U' 'M' 'U' 'M' 'U' 'M' 'M'
 'M' 'M' 'U' 'U' 'M' 'M' 'M' 'M' 'M' 'M' 'M' 'M' 'M' 'M' 'M' 'U' 'M' 'M']"
360401,0,161,6,155,37,0,0,"['A' 'M' 'M' 'U' 'M' 'M' 'M' 'M' 'M' 'U' 'M' 'M' 'M' 'U' 'M' 'M' 'M' 'M'
 'M' 'M' 'M' 'M' 'M' 'M' 'M' 'M' 'M' 'M' 'U' 'U' 'M' 'M' 'M' 'A' 'U' 'M'
 'U' 'M' 'M' 'M' 'M' 'M' 'M' 'M' 'M' 'M' 'M' 'U' 'M' 'U' 'M' 'M' 'U' 'M'
 'M' 'M' 'M' 'M' 'A' 'M' 'A' 'M' 'M' 'M' 'M' 'M' 'M' 'M' 'M' 'U' 'M' 'M'
 'M' 'U' 'M' 'M' 'M' 'M' 'M' 'M' 'U' 'M' 'U' 'M' 'M' 'M' 'M' 'M' 'M' 'U'
 'M' 'M' 'M' 'M' 'M' 'U' 'M' 'M' 'M' 'M' 'U' 'M' 'M' 'M' 'M' 'M' 'M' 'U'
 'M' 'M' 'M' 'M' 'U' 'U' 'M' 'U' 'M' 'M' 'M' 'U' 'U' 'M' 'M' 'M' 'M' 'A'
 'U' 'M' 'M' 'M' 'M' 'M' 'U' 'M' 'M' 'U' 'M' 'M' 'M' 'M' 'M' 'M' 'M' 'M'
 'M' 'A' 'U' 'M' 'M' 'M' 'U' 'U' 'U' 'M' 'M' 'M' 'M' 'M' 'M' 'M' 'U' 'M'
 'M' 'M' 'M' 'M' 'M' 'M' 'M' 'M' 'M' 'M' 'M' 'U' 'M' 'U' 'M' 'U' 'M' 'M'
 'M' 'M' 'U' 'U' 'M' 'M' 'M' 'M' 'M' 'M' 'M' 'M' 'M' 'M' 'M' 'U' 'M' 'M']"
360501,0,166,5,161,32,0,0,"['A' 'M' 'M' 'A' 'M' 'M' 'U' 'M' 'M' 'M' 'M' 'M' 'M' 'M' 'M' 'M' 'M' 'M'
 'M' 'M' 'M' 'M' 'M' 'M' 'M' 'M' 'M' 'M' 'M' 'U' 'U' 'M' 'M' 'A' 'U' 'M'
 'U' 'M' 'M' 'M' 'M' 'M' 'M' 'M' 'M' 'U' 'M' 'M' 'M' 'U' 'M' 'M' 'U' 'M'
 'U' 'M' 'M' 'M' 'U' 'M' 'A' 'M' 'M' 'M' 'M' 'M' 'M' 'M' 'M' 'M' 'M' 'M'
 'M' 'U' 'M' 'M' 'M' 'M' 'M' 'M' 'U' 'M' 'M' 'M' 'M' 'M' 'U' 'M' 'M' 'M'
 'U' 'M' 'M' 'M' 'U' 'M' 'M' 'M' 'M' 'M' 'U' 'M' 'M' 'M' 'M' 'M' 'M' 'U'
 'M' 'M' 'M' 'M' 'U' 'A' 'M' 'M' 'M' 'M' 'M' 'U' 'U' 'M' 'M' 'M' 'M' 'M'
 'U' 'M' 'M' 'M' 'M' 'M' 'U' 'M' 'M' 'U' 'M' 'M' 'M' 'M' 'M' 'M' 'M' 'M'
 'M' 'U' 'U' 'M' 'M' 'M' 'M' 'U' 'M' 'M' 'M' 'M' 'M' 'M' 'M' 'M' 'U' 'M'
 'M' 'M' 'M' 'M' 'M' 'M' 'M' 'M' 'M' 'M' 'M' 'U' 'M' 'U' 'M' 'U' 'M' 'M'
 'M' 'M' 'M' 'U' 'M' 'M' 'M' 'M' 'M' 'M' 'M' 'M' 'M' 'M' 'M' 'U' 'M' 'M']"
360601,0,165,4,161,33,1,0,"['A' 'M' 'M' 'A' 'M' 'M' 'U' 'M' 'M' 'M' 'M' 'M' 'M' 'M' 'M' 'M' 'M' 'M'
 'M' 'M' 'M' 'U' 'M' 'M' 'M' 'M' 'M' 'M' 'M' 'U' 'U' 'U' 'M' 'A' 'M' 'M'
 'M' 'M' 'M' 'U' 'M' 'M' 'M' 'M' 'M' 'U' 'M' 'M' 'M' 'U' 'M' 'M' 'U' 'U'
 'U' 'M' 'M' 'M' 'M' 'M' 'U' 'M' 'M' 'M' 'U' 'M' 'M' 'M' 'U' 'M' 'U' 'U'
 'M' 'M' 'M' 'M' 'M' 'M' 'U' 'U' 'M' 'M' 'M' 'M' 'M' 'M' 'M' 'M' 'M' 'M'
 'M' 'M' 'M' 'M' 'M' 'M' 'U' 'M' 'M' 'M' 'M' 'M' 'M' 'M' 'M' 'M' 'M' 'M'
 'M' 'M' 'M' 'M' 'U' 'A' 'M' 'M' 'M' 'M' 'M' 'M' 'M' 'M' 'M' 'M' 'M' 'M'
 'U' 'M' 'M' 'M' 'M' 'M' 'U' 'U' 'M' 'M' 'M' 'M' 'M' 'M' 'M' 'M' 'M' 'M'
 'M' 'U' 'U' 'M' 'M' 'U' 'M' 'U' 'M' 'M' 'M' 'M' 'M' 'M' 'M' 'M' 'U' 'M'
 'M' 'M' 'M' 'M' 'M' 'M' 'M' 'M' 'M' 'M' 'M' 'U' 'M' 'U' 'M' 'U' 'M' 'M'
 'M' 'M' 'M' 'U' 'M' 'M' 'M' 'M' 'M' 'M' 'M' 'M' 'M' 'M' 'M' 'U' 'M' 'M']"
360701,0,165,6,159,33,0,0,"['A' 'M' 'M' 'A' 'M' 'M' 'U' 'M' 'M' 'M' 'M' 'M' 'M' 'M' 'M' 'M' 'M' 'M'
 'M' 'M' 'M' 'U' 'M' 'M' 'M' 'M' 'U' 'M' 'M' 'U' 'M' 'U' 'M' 'A' 'M' 'M'
 'M' 'M' 'U' 'U' 'M' 'M' 'M' 'M' 'M' 'U' 'M' 'U' 'M' 'U' 'M' 'M' 'U' 'A'
 'U' 'M' 'M' 'M' 'M' 'M' 'U' 'M' 'M' 'M' 'A' 'M' 'M' 'M' 'M' 'U' 'M' 'M'
 'M' 'M' 'M' 'M' 'M' 'U' 'M' 'M' 'M' 'M' 'M' 'M' 'M' 'U' 'M' 'M' 'M' 'M'
 'M' 'U' 'U' 'M' 'M' 'M' 'U' 'M' 'M' 'M' 'M' 'M' 'M' 'M' 'M' 'M' 'M' 'M'
 'M' 'M' 'U' 'M' 'U' 'A' 'M' 'M' 'M' 'M' 'M' 'M' 'M' 'M' 'M' 'M' 'M' 'M'
 'M' 'M' 'M' 'M' 'M' 'U' 'U' 'U' 'M' 'M' 'M' 'M' 'M' 'U' 'M' 'M' 'M' 'M'
 'M' 'M' 'U' 'M' 'M' 'M' 'M' 'U' 'M' 'M' 'M' 'M' 'M' 'M' 'M' 'M' 'U' 'M'
 'M' 'M' 'M' 'M' 'M' 'M' 'M' 'M' 'M' 'M' 'M' 'U' 'M' 'M' 'M' 'U' 'M' 'M'
 'M' 'M' 'U' 'U' 'M' 'M' 'M' 'M' 'M' 'M' 'M' 'M' 'M' 'M' 'M' 'U' 'M' 'M']"
360801,0,162,5,157,36,0,0,"['A' 'M' 'M' 'U' 'M' 'M' 'U' 'M' 'U' 'M' 'M' 'M' 'M' 'M' 'M' 'M' 'M' 'U'
 'M' 'M' 'M' 'M' 'U' 'M' 'M' 'M' 'U' 'M' 'M' 'U' 'M' 'U' 'M' 'A' 'M' 'M'
 'U' 'M' 'M' 'M' 'M' 'M' 'M' 'M' 'M' 'U' 'M' 'U' 'M' 'U' 'M' 'M' 'U' 'A'
 'U' 'M' 'M' 'M' 'M' 'M' 'U' 'M' 'M' 'M' 'A' 'M' 'M' 'U' 'U' 'M' 'M' 'M'
 'U' 'M' 'M' 'M' 'M' 'M' 'M' 'M' 'U' 'M' 'M' 'M' 'M' 'M' 'U' 'M' 'M' 'M'
 'M' 'M' 'M' 'M' 'M' 'M' 'M' 'M' 'M' 'M' 'M' 'M' 'M' 'M' 'M' 'M' 'M' 'M'
 'M' 'M' 'U' 'M' 'U' 'A' 'M' 'M' 'M' 'M' 'M' 'M' 'M' 'M' 'M' 'M' 'U' 'M'
 'M' 'M' 'M' 'M' 'M' 'M' 'U' 'U' 'M' 'M' 'M' 'U' 'M' 'M' 'M' 'U' 'M' 'M'
 'M' 'M' 'U' 'M' 'M' 'M' 'M' 'U' 'M' 'M' 'M' 'M' 'M' 'M' 'M' 'M' 'M' 'M'
 'M' 'M' 'M' 'U' 'M' 'M' 'M' 'M' 'M' 'M' 'M' 'U' 'M' 'M' 'M' 'M' 'M' 'M'
 'U' 'M' 'U' 'M' 'M' 'M' 'M' 'M' 'M' 'M' 'M' 'M' 'U' 'M' 'U' 'U' 'M' 'M']"
360901,0,158,5,153,40,0,0,"['A' 'M' 'M' 'U' 'M' 'M' 'U' 'M' 'U' 'M' 'M' 'M' 'M' 'M' 'M' 'M' 'M' 'U'
 'M' 'U' 'M' 'M' 'U' 'M' 'M' 'M' 'U' 'M' 'M' 'U' 'M' 'U' 'M' 'A' 'M' 'M'
 'U' 'M' 'M' 'M' 'M' 'M' 'M' 'M' 'M' 'U' 'M' 'U' 'M' 'U' 'U' 'M' 'U' 'A'
 'M' 'M' 'M' 'M' 'U' 'U' 'U' 'M' 'M' 'M' 'A' 'M' 'M' 'M' 'U' 'M' 'M' 'M'
 'M' 'M' 'M' 'M' 'U' 'M' 'M' 'M' 'U' 'M' 'M' 'M' 'M' 'M' 'M' 'M' 'M' 'U'
 'M' 'M' 'M' 'U' 'M' 'M' 'M' 'M' 'M' 'M' 'M' 'M' 'M' 'U' 'M' 'M' 'M' 'M'
 'M' 'M' 'U' 'M' 'U' 'A' 'M' 'M' 'M' 'M' 'M' 'M' 'M' 'M' 'M' 'M' 'U' 'M'
 'M' 'M' 'M' 'M' 'U' 'M' 'U' 'U' 'M' 'M' 'M' 'M' 'M' 'M' 'M' 'U' 'M' 'M'
 'M' 'M' 'U' 'M' 'M' 'M' 'U' 'M' 'M' 'M' 'M' 'M' 'M' 'M' 'M' 'M' 'M' 'M'
 'M' 'M' 'M' 'U' 'M' 'M' 'M' 'M' 'M' 'M' 'M' 'U' 'M' 'M' 'M' 'M' 'U' 'M'
 'M' 'U' 'U' 'M' 'M' 'M' 'M' 'M' 'M' 'M' 'M' 'M' 'U' 'M' 'M' 'U' 'M' 'M']"
361001,0,164,3,161,34,0,0,"['A' 'M' 'M' 'M' 'M' 'M' 'U' 'U' 'U' 'M' 'M' 'M' 'M' 'M' 'M' 'M' 'M' 'U'
 'M' 'U' 'M' 'M' 'U' 'U' 'M' 'M' 'U' 'M' 'M' 'U' 'M' 'M' 'M' 'A' 'M' 'M'
 'M' 'M' 'M' 'M' 'M' 'M' 'M' 'M' 'M' 'M' 'M' 'M' 'M' 'M' 'U' 'M' 'U' 'U'
 'M' 'M' 'M' 'M' 'M' 'M' 'U' 'M' 'M' 'U' 'A' 'U' 'M' 'M' 'M' 'M' 'M' 'M'
 'M' 'M' 'M' 'M' 'U' 'M' 'M' 'M' 'M' 'M' 'U' 'M' 'M' 'M' 'M' 'M' 'M' 'M'
 'U' 'U' 'M' 'M' 'M' 'M' 'M' 'M' 'M' 'M' 'M' 'M' 'M' 'U' 'M' 'M' 'U' 'M'
 'M' 'M' 'U' 'M' 'M' 'U' 'M' 'M' 'M' 'M' 'M' 'M' 'M' 'M' 'M' 'M' 'M' 'M'
 'M' 'M' 'M' 'M' 'U' 'M' 'M' 'M' 'M' 'M' 'M' 'M' 'M' 'M' 'M' 'U' 'M' 'M'
 'M' 'M' 'U' 'M' 'M' 'M' 'U' 'M' 'U' 'M' 'M' 'M' 'M' 'M' 'M' 'M' 'M' 'M'
 'M' 'M' 'M' 'U' 'M' 'M' 'M' 'M' 'M' 'M' 'M' 'U' 'M' 'U' 'M' 'M' 'U' 'M'
 'M' 'U' 'U' 'M' 'M' 'M' 'M' 'M' 'M' 'M' 'M' 'M' 'M' 'M' 'M' 'M' 'M' 'M']"
361101,0,168,4,164,30,0,0,"['A' 'M' 'M' 'M' 'M' 'M' 'M' 'U' 'M' 'M' 'M' 'M' 'M' 'U' 'M' 'M' 'M' 'U'
 'M' 'U' 'M' 'M' 'U' 'A' 'M' 'M' 'U' 'M' 'M' 'U' 'U' 'M' 'M' 'A' 'M' 'M'
 'M' 'M' 'M' 'M' 'M' 'M' 'M' 'M' 'M' 'M' 'M' 'M' 'M' 'M' 'U' 'M' 'M' 'U'
 'M' 'M' 'M' 'M' 'M' 'M' 'U' 'M' 'M' 'M' 'A' 'M' 'U' 'M' 'M' 'M' 'M' 'U'
 'M' 'M' 'M' 'M' 'U' 'M' 'M' 'U' 'M' 'M' 'M' 'M' 'M' 'M' 'M' 'M' 'M' 'U'
 'M' 'M' 'M' 'M' 'M' 'M' 'M' 'U' 'M' 'M' 'M' 'M' 'M' 'M' 'M' 'M' 'U' 'U'
 'U' 'M' 'M' 'M' 'M' 'U' 'M' 'M' 'M' 'M' 'M' 'M' 'M' 'M' 'M' 'M' 'M' 'M'
 'M' 'M' 'U' 'M' 'M' 'M' 'M' 'M' 'M' 'M' 'M' 'M' 'M' 'M' 'M' 'M' 'M' 'M'
 'M' 'M' 'M' 'M' 'M' 'M' 'U' 'M' 'U' 'M' 'M' 'M' 'M' 'M' 'M' 'M' 'M' 'M'
 'M' 'M' 'M' 'U' 'M' 'M' 'M' 'M' 'U' 'M' 'M' 'U' 'M' 'U' 'M' 'M' 'M' 'M'
 'M' 'U' 'M' 'M' 'M' 'M' 'M' 'M' 'M' 'M' 'U' 'M' 'M' 'M' 'M' 'M' 'M' 'M']"
361201,0,158,5,153,40,0,0,"['A' 'M' 'U' 'M' 'M' 'M' 'M' 'U' 'M' 'M' 'M' 'M' 'M' 'U' 'M' 'U' 'M' 'M'
 'M' 'U' 'M' 'M' 'U' 'U' 'M' 'M' 'M' 'M' 'M' 'U' 'U' 'M' 'M' 'A' 'M' 'M'
 'M' 'M' 'M' 'M' 'M' 'M' 'M' 'M' 'M' 'M' 'M' 'M' 'M' 'M' 'U' 'M' 'M' 'M'
 'M' 'M' 'M' 'M' 'M' 'M' 'U' 'M' 'M' 'M' 'A' 'M' 'U' 'M' 'M' 'M' 'M' 'M'
 'M' 'M' 'M' 'M' 'M' 'U' 'M' 'U' 'U' 'M' 'M' 'M' 'M' 'M' 'U' 'M' 'M' 'M'
 'M' 'M' 'M' 'M' 'M' 'M' 'M' 'M' 'M' 'M' 'M' 'U' 'M' 'M' 'M' 'M' 'U' 'M'
 'A' 'M' 'M' 'M' 'M' 'U' 'M' 'M' 'M' 'M' 'M' 'M' 'M' 'M' 'M' 'M' 'M' 'M'
 'M' 'M' 'M' 'U' 'M' 'U' 'U' 'U' 'U' 'U' 'U' 'A' 'U' 'M' 'M' 'M' 'M' 'M'
 'M' 'M' 'M' 'M' 'M' 'M' 'U' 'M' 'M' 'M' 'M' 'U' 'M' 'U' 'M' 'M' 'M' 'U'
 'M' 'M' 'M' 'U' 'M' 'U' 'M' 'M' 'U' 'M' 'M' 'U' 'M' 'U' 'M' 'U' 'M' 'M'
 'M' 'U' 'M' 'M' 'M' 'M' 'U' 'M' 'M' 'M' 'U' 'M' 'M' 'M' 'M' 'M' 'M' 'M']"
361301,0,155,4,151,43,0,0,"['A' 'M' 'U' 'M' 'M' 'M' 'M' 'M' 'M' 'M' 'M' 'M' 'M' 'U' 'M' 'U' 'M' 'M'
 'M' 'U' 'M' 'M' 'M' 'A' 'M' 'M' 'U' 'M' 'M' 'U' 'U' 'M' 'M' 'A' 'M' 'M'
 'M' 'M' 'M' 'M' 'M' 'M' 'M' 'M' 'M' 'M' 'M' 'U' 'M' 'M' 'U' 'M' 'M' 'M'
 'M' 'M' 'M' 'M' 'U' 'M' 'U' 'M' 'M' 'M' 'A' 'M' 'M' 'M' 'M' 'M' 'M' 'M'
 'U' 'U' 'M' 'M' 'M' 'M' 'M' 'M' 'U' 'M' 'M' 'U' 'U' 'M' 'M' 'M' 'M' 'M'
 'M' 'M' 'M' 'M' 'M' 'M' 'M' 'M' 'M' 'M' 'M' 'U' 'M' 'M' 'M' 'M' 'M' 'M'
 'U' 'M' 'M' 'M' 'M' 'M' 'M' 'M' 'M' 'M' 'M' 'M' 'M' 'M' 'M' 'M' 'M' 'M'
 'M' 'M' 'M' 'M' 'M' 'U' 'U' 'U' 'U' 'U' 'U' 'U' 'U' 'M' 'U' 'M' 'U' 'M'
 'M' 'M' 'M' 'M' 'M' 'M' 'M' 'M' 'M' 'M' 'M' 'U' 'M' 'U' 'M' 'M' 'M' 'U'
 'M' 'U' 'M' 'U' 'U' 'U' 'U' 'M' 'U' 'M' 'M' 'M' 'M' 'U' 'M' 'U' 'M' 'U'
 'M' 'U' 'M' 'M' 'M' 'M' 'U' 'M' 'M' 'M' 'U' 'M' 'M' 'M' 'M' 'M' 'M' 'M']"
361401,1,156,4,152,42,0,0,"['A' 'M' 'U' 'M' 'M' 'M' 'U' 'M' 'M' 'M' 'M' 'M' 'M' 'U' 'M' 'U' 'M' 'M'
 'M' 'U' 'M' 'U' 'M' 'A' 'M' 'M' 'U' 'M' 'M' 'M' 'M' 'M' 'M' 'A' 'M' 'U'
 'M' 'M' 'M' 'M' 'M' 'M' 'U' 'M' 'M' 'M' 'M' 'U' 'M' 'M' 'M' 'M' 'M' 'M'
 'M' 'M' 'M' 'M' 'U' 'M' 'U' 'M' 'M' 'M' 'U' 'M' 'M' 'U' 'M' 'M' 'M' 'U'
 'M' 'M' 'M' 'M' 'M' 'M' 'M' 'M' 'U' 'M' 'M' 'M' 'M' 'U' 'M' 'M' 'M' 'M'
 'M' 'M' 'M' 'U' 'M' 'M' 'M' 'U' 'M' 'M' 'M' 'U' 'M' 'M' 'M' 'M' 'M' 'M'
 'U' 'M' 'M' 'M' 'M' 'M' 'M' 'M' 'M' 'M' 'M' 'M' 'M' 'M' 'M' 'M' 'M' 'M'
 'M' 'M' 'M' 'M' 'M' 'U' 'U' 'U' 'U' 'U' 'U' 'M' 'U' 'M' 'U' 'M' 'U' 'M'
 'M' 'M' 'M' 'M' 'M' 'M' 'M' 'M' 'M' 'M' 'M' 'M' 'M' 'U' 'M' 'M' 'M' 'U'
 'M' 'U' 'U' 'U' 'U' 'U' 'M' 'M' 'A' 'M' 'M' 'M' 'M' 'U' 'M' 'U' 'M' 'U'
 'M' 'U' 'M' 'M' 'M' 'M' 'U' 'M' 'M' 'M' 'M' 'M' 'M' 'M' 'M' 'M' 'M' 'M']"
361501,0,161,5,156,37,0,0,"['A' 'M' 'U' 'M' 'M' 'M' 'U' 'M' 'M' 'M' 'M' 'M' 'M' 'U' 'M' 'M' 'M' 'M'
 'M' 'M' 'M' 'M' 'M' 'M' 'M' 'M' 'U' 'M' 'M' 'M' 'M' 'M' 'M' 'A' 'M' 'M'
 'M' 'M' 'M' 'M' 'M' 'M' 'M' 'M' 'M' 'M' 'M' 'U' 'U' 'M' 'U' 'M' 'M' 'M'
 'M' 'M' 'M' 'M' 'U' 'M' 'U' 'M' 'M' 'M' 'U' 'M' 'M' 'U' 'U' 'M' 'U' 'M'
 'M' 'U' 'M' 'M' 'M' 'M' 'M' 'M' 'M' 'M' 'M' 'M' 'M' 'M' 'M' 'M' 'U' 'M'
 'M' 'M' 'M' 'M' 'M' 'M' 'M' 'U' 'M' 'M' 'M' 'U' 'M' 'M' 'M' 'M' 'M' 'M'
 'M' 'M' 'M' 'M' 'M' 'M' 'M' 'M' 'M' 'M' 'M' 'M' 'M' 'M' 'M' 'U' 'M' 'M'
 'M' 'M' 'M' 'M' 'U' 'U' 'U' 'U' 'U' 'U' 'U' 'U' 'U' 'M' 'M' 'M' 'M' 'M'
 'M' 'M' 'M' 'M' 'M' 'M' 'M' 'M' 'M' 'M' 'M' 'M' 'M' 'A' 'M' 'M' 'M' 'U'
 'M' 'U' 'U' 'M' 'M' 'U' 'M' 'M' 'A' 'M' 'M' 'M' 'M' 'U' 'U' 'A' 'M' 'U'
 'M' 'U' 'M' 'M' 'M' 'M' 'U' 'M' 'M' 'M' 'M' 'M' 'M' 'U' 'M' 'M' 'M' 'M']"
361601,0,164,5,159,34,0,0,"['A' 'M' 'M' 'M' 'M' 'M' 'U' 'M' 'M' 'M' 'M' 'M' 'M' 'M' 'M' 'M' 'M' 'M'
 'M' 'M' 'M' 'M' 'M' 'M' 'U' 'M' 'U' 'M' 'M' 'M' 'M' 'M' 'M' 'A' 'M' 'M'
 'M' 'M' 'M' 'M' 'M' 'M' 'M' 'M' 'M' 'U' 'M' 'U' 'U' 'M' 'U' 'M' 'M' 'M'
 'M' 'U' 'M' 'M' 'U' 'U' 'U' 'M' 'M' 'M' 'U' 'M' 'M' 'M' 'M' 'M' 'U' 'U'
 'M' 'M' 'M' 'M' 'M' 'M' 'M' 'M' 'M' 'M' 'U' 'M' 'M' 'M' 'M' 'M' 'U' 'U'
 'M' 'M' 'M' 'M' 'M' 'M' 'M' 'U' 'M' 'M' 'M' 'U' 'M' 'M' 'M' 'M' 'M' 'M'
 'M' 'M' 'M' 'M' 'M' 'U' 'M' 'U' 'M' 'M' 'M' 'M' 'M' 'M' 'M' 'M' 'M' 'M'
 'M' 'M' 'M' 'M' 'U' 'U' 'M' 'U' 'M' 'M' 'U' 'M' 'M' 'M' 'M' 'M' 'M' 'M'
 'M' 'M' 'M' 'M' 'M' 'M' 'M' 'M' 'M' 'M' 'M' 'M' 'M' 'A' 'M' 'M' 'M' 'A'
 'U' 'U' 'M' 'M' 'M' 'U' 'M' 'M' 'A' 'M' 'M' 'M' 'M' 'U' 'U' 'U' 'M' 'U'
 'M' 'U' 'M' 'M' 'M' 'M' 'M' 'M' 'M' 'M' 'M' 'M' 'M' 'U' 'M' 'M' 'M' 'M']"
361701,0,163,3,160,35,0,0,"['A' 'M' 'M' 'M' 'M' 'M' 'U' 'U' 'M' 'M' 'M' 'M' 'M' 'M' 'M' 'M' 'M' 'M'
 'M' 'M' 'U' 'M' 'M' 'M' 'U' 'M' 'U' 'M' 'M' 'M' 'M' 'M' 'M' 'A' 'M' 'M'
 'M' 'M' 'M' 'M' 'M' 'M' 'M' 'M' 'U' 'U' 'M' 'U' 'U' 'M' 'M' 'M' 'M' 'M'
 'M' 'M' 'M' 'M' 'U' 'U' 'M' 'M' 'M' 'M' 'M' 'M' 'M' 'M' 'M' 'M' 'M' 'U'
 'M' 'M' 'U' 'M' 'M' 'M' 'M' 'M' 'U' 'M' 'M' 'U' 'M' 'U' 'M' 'M' 'M' 'M'
 'M' 'M' 'M' 'M' 'M' 'M' 'M' 'U' 'M' 'M' 'M' 'U' 'U' 'M' 'M' 'M' 'M' 'M'
 'M' 'M' 'M' 'M' 'M' 'U' 'U' 'A' 'M' 'M' 'M' 'M' 'M' 'M' 'M' 'M' 'M' 'M'
 'M' 'M' 'M' 'M' 'U' 'U' 'M' 'U' 'M' 'M' 'U' 'M' 'M' 'M' 'M' 'M' 'M' 'M'
 'M' 'M' 'M' 'M' 'M' 'M' 'M' 'M' 'M' 'M' 'M' 'M' 'M' 'U' 'M' 'M' 'M' 'U'
 'U' 'M' 'M' 'M' 'M' 'M' 'M' 'M' 'U' 'M' 'M' 'M' 'M' 'U' 'U' 'U' 'M' 'U'
 'M' 'U' 'M' 'M' 'M' 'M' 'M' 'M' 'M' 'M' 'M' 'M' 'M' 'M' 'U' 'M' 'M' 'M']"
361801,1,159,3,156,39,0,0,"['A' 'M' 'M' 'M' 'U' 'M' 'U' 'U' 'M' 'M' 'M' 'M' 'M' 'M' 'M' 'M' 'M' 'M'
 'M' 'M' 'U' 'M' 'M' 'M' 'A' 'M' 'U' 'M' 'M' 'M' 'M' 'M' 'M' 'A' 'M' 'M'
 'M' 'M' 'M' 'M' 'M' 'M' 'M' 'M' 'M' 'U' 'M' 'M' 'M' 'M' 'M' 'M' 'M' 'M'
 'M' 'M' 'M' 'M' 'U' 'U' 'M' 'M' 'M' 'M' 'M' 'M' 'U' 'M' 'U' 'M' 'M' 'M'
 'M' 'M' 'U' 'M' 'M' 'M' 'M' 'M' 'M' 'M' 'M' 'U' 'M' 'M' 'M' 'U' 'M' 'M'
 'M' 'M' 'M' 'M' 'M' 'M' 'M' 'U' 'M' 'M' 'U' 'U' 'U' 'M' 'M' 'M' 'M' 'M'
 'M' 'M' 'M' 'M' 'M' 'U' 'U' 'U' 'M' 'M' 'M' 'M' 'M' 'M' 'M' 'M' 'M' 'M'
 'M' 'M' 'U' 'M' 'U' 'U' 'U' 'M' 'U' 'U' 'U' 'U' 'U' 'M' 'M' 'M' 'M' 'M'
 'M' 'M' 'M' 'M' 'M' 'M' 'M' 'M' 'M' 'M' 'M' 'M' 'M' 'U' 'M' 'M' 'M' 'U'
 'U' 'M' 'M' 'M' 'M' 'U' 'M' 'M' 'U' 'M' 'M' 'M' 'M' 'U' 'M' 'U' 'M' 'U'
 'M' 'M' 'M' 'M' 'M' 'M' 'M' 'M' 'M' 'M' 'M' 'M' 'U' 'M' 'U' 'M' 'M' 'M']"
361901,0,166,5,161,32,0,0,"['A' 'M' 'M' 'M' 'A' 'M' 'U' 'U' 'M' 'M' 'M' 'M' 'M' 'M' 'M' 'M' 'M' 'M'
 'M' 'M' 'U' 'M' 'U' 'M' 'A' 'M' 'M' 'M' 'M' 'M' 'M' 'M' 'M' 'A' 'M' 'M'
 'M' 'M' 'M' 'M' 'M' 'M' 'M' 'M' 'M' 'M' 'M' 'M' 'M' 'M' 'M' 'M' 'M' 'M'
 'M' 'M' 'M' 'M' 'U' 'M' 'M' 'M' 'M' 'U' 'M' 'M' 'U' 'M' 'M' 'M' 'M' 'M'
 'M' 'M' 'M' 'U' 'U' 'M' 'M' 'M' 'M' 'M' 'M' 'M' 'M' 'U' 'M' 'M' 'M' 'M'
 'M' 'U' 'M' 'M' 'M' 'M' 'M' 'U' 'M' 'M' 'M' 'U' 'M' 'M' 'M' 'M' 'M' 'M'
 'M' 'M' 'M' 'M' 'M' 'U' 'U' 'U' 'M' 'M' 'M' 'M' 'M' 'M' 'M' 'M' 'M' 'M'
 'M' 'M' 'U' 'M' 'U' 'M' 'A' 'M' 'U' 'M' 'U' 'U' 'M' 'M' 'M' 'M' 'M' 'M'
 'M' 'M' 'M' 'M' 'M' 'M' 'M' 'M' 'M' 'M' 'M' 'M' 'M' 'M' 'M' 'M' 'M' 'U'
 'M' 'M' 'M' 'M' 'M' 'U' 'M' 'M' 'U' 'M' 'M' 'M' 'M' 'U' 'M' 'U' 'M' 'U'
 'U' 'M' 'M' 'M' 'U' 'M' 'M' 'M' 'M' 'M' 'M' 'U' 'U' 'M' 'U' 'M' 'M' 'M']"
362001,0,162,4,158,36,0,1,"['A' 'M' 'M' 'M' 'A' 'M' 'U' 'U' 'M' 'M' 'M' 'U' 'M' 'M' 'M' 'M' 'M' 'M'
 'M' 'M' 'M' 'M' 'U' 'M' 'A' 'M' 'M' 'M' 'M' 'M' 'M' 'M' 'M' 'A' 'M' 'M'
 'M' 'M' 'M' 'M' 'M' 'M' 'M' 'M' 'M' 'M' 'M' 'M' 'M' 'M' 'U' 'M' 'M' 'M'
 'M' 'M' 'M' 'M' 'M' 'M' 'M' 'M' 'U' 'U' 'M' 'M' 'U' 'M' 'M' 'U' 'M' 'M'
 'M' 'M' 'M' 'M' 'M' 'M' 'U' 'U' 'M' 'M' 'M' 'M' 'U' 'M' 'M' 'M' 'M' 'M'
 'M' 'M' 'M' 'M' 'M' 'M' 'M' 'U' 'M' 'M' 'M' 'U' 'M' 'M' 'M' 'M' 'M' 'M'
 'M' 'M' 'M' 'M' 'M' 'U' 'U' 'M' 'M' 'M' 'M' 'M' 'M' 'M' 'M' 'M' 'M' 'M'
 'M' 'M' 'U' 'M' 'U' 'U' 'U' 'U' 'U' 'U' 'U' 'U' 'U' 'M' 'M' 'M' 'M' 'M'
 'M' 'M' 'M' 'U' 'M' 'M' 'M' 'M' 'M' 'M' 'M' 'M' 'M' 'M' 'M' 'M' 'M' 'M'
 'M' 'M' 'M' 'M' 'M' 'U' 'M' 'M' 'U' 'U' 'M' 'M' 'M' 'U' 'M' 'U' 'M' 'M'
 'U' 'M' 'M' 'M' 'U' 'M' 'M' 'M' 'M' 'M' 'M' 'M' 'U' 'M' 'U' 'M' 'M' 'M']"
362101,0,159,4,155,39,0,0,"['A' 'M' 'M' 'M' 'A' 'M' 'M' 'U' 'M' 'M' 'M' 'U' 'M' 'M' 'M' 'M' 'M' 'M'
 'M' 'M' 'M' 'M' 'M' 'M' 'A' 'M' 'M' 'M' 'M' 'M' 'M' 'M' 'M' 'A' 'M' 'M'
 'M' 'M' 'M' 'M' 'M' 'M' 'M' 'M' 'M' 'M' 'M' 'M' 'M' 'M' 'U' 'M' 'M' 'M'
 'M' 'M' 'M' 'M' 'M' 'M' 'M' 'M' 'U' 'U' 'M' 'M' 'M' 'M' 'M' 'M' 'M' 'M'
 'M' 'M' 'U' 'M' 'M' 'M' 'M' 'U' 'M' 'M' 'M' 'M' 'M' 'U' 'M' 'U' 'M' 'M'
 'U' 'M' 'M' 'M' 'M' 'U' 'M' 'U' 'M' 'M' 'M' 'U' 'M' 'U' 'M' 'M' 'M' 'U'
 'M' 'M' 'M' 'M' 'U' 'U' 'U' 'M' 'M' 'M' 'M' 'M' 'M' 'M' 'M' 'M' 'M' 'M'
 'M' 'M' 'M' 'M' 'U' 'U' 'U' 'U' 'U' 'U' 'U' 'U' 'U' 'M' 'M' 'M' 'M' 'M'
 'M' 'U' 'M' 'U' 'M' 'M' 'M' 'M' 'M' 'M' 'M' 'M' 'M' 'M' 'M' 'M' 'M' 'M'
 'M' 'U' 'M' 'M' 'U' 'U' 'M' 'M' 'U' 'M' 'U' 'M' 'M' 'M' 'M' 'U' 'M' 'M'
 'U' 'U' 'M' 'M' 'M' 'M' 'M' 'M' 'M' 'M' 'M' 'M' 'U' 'M' 'U' 'M' 'M' 'M']"
362201,0,157,5,152,41,1,0,"['A' 'M' 'M' 'M' 'A' 'M' 'M' 'U' 'M' 'M' 'M' 'U' 'M' 'M' 'M' 'M' 'M' 'M'
 'M' 'M' 'M' 'M' 'M' 'M' 'A' 'M' 'M' 'U' 'M' 'M' 'M' 'M' 'M' 'A' 'M' 'M'
 'M' 'M' 'M' 'M' 'M' 'U' 'M' 'M' 'M' 'M' 'U' 'M' 'U' 'M' 'U' 'M' 'M' 'M'
 'M' 'M' 'U' 'M' 'A' 'M' 'M' 'M' 'U' 'U' 'M' 'M' 'M' 'M' 'U' 'M' 'M' 'M'
 'M' 'M' 'M' 'M' 'M' 'M' 'U' 'M' 'M' 'M' 'U' 'U' 'M' 'U' 'M' 'M' 'M' 'M'
 'M' 'M' 'M' 'M' 'M' 'U' 'M' 'U' 'U' 'M' 'M' 'M' 'M' 'M' 'M' 'M' 'M' 'U'
 'M' 'M' 'M' 'U' 'U' 'U' 'M' 'U' 'M' 'M' 'M' 'M' 'M' 'M' 'U' 'M' 'M' 'M'
 'M' 'M' 'M' 'M' 'M' 'U' 'U' 'U' 'M' 'U' 'U' 'U' 'U' 'M' 'M' 'M' 'M' 'M'
 'M' 'U' 'M' 'U' 'M' 'M' 'M' 'M' 'M' 'M' 'M' 'M' 'M' 'M' 'M' 'M' 'M' 'M'
 'M' 'U' 'M' 'M' 'M' 'M' 'M' 'M' 'U' 'M' 'U' 'M' 'M' 'M' 'M' 'U' 'M' 'M'
 'U' 'U' 'M' 'M' 'M' 'M' 'M' 'M' 'M' 'M' 'M' 'M' 'U' 'M' 'U' 'M' 'M' 'M']"
362301,1,154,7,147,44,0,0,"['A' 'M' 'M' 'M' 'U' 'M' 'M' 'U' 'M' 'M' 'M' 'U' 'M' 'M' 'M' 'M' 'M' 'M'
 'M' 'M' 'M' 'M' 'M' 'M' 'A' 'M' 'M' 'U' 'M' 'M' 'M' 'M' 'M' 'A' 'M' 'M'
 'M' 'M' 'M' 'M' 'M' 'U' 'M' 'M' 'M' 'M' 'U' 'M' 'U' 'M' 'A' 'M' 'M' 'M'
 'M' 'U' 'U' 'U' 'A' 'M' 'M' 'M' 'U' 'U' 'M' 'M' 'M' 'M' 'U' 'M' 'U' 'M'
 'M' 'M' 'M' 'M' 'M' 'M' 'U' 'M' 'M' 'U' 'M' 'M' 'M' 'M' 'M' 'M' 'M' 'M'
 'M' 'M' 'U' 'M' 'M' 'U' 'U' 'U' 'M' 'M' 'M' 'M' 'M' 'M' 'M' 'M' 'M' 'U'
 'U' 'M' 'M' 'U' 'U' 'U' 'M' 'U' 'U' 'M' 'U' 'M' 'M' 'M' 'U' 'M' 'M' 'M'
 'M' 'M' 'M' 'M' 'M' 'U' 'U' 'U' 'M' 'U' 'U' 'M' 'U' 'M' 'M' 'M' 'M' 'M'
 'M' 'U' 'M' 'U' 'M' 'M' 'M' 'M' 'M' 'M' 'M' 'U' 'M' 'M' 'M' 'M' 'M' 'M'
 'M' 'U' 'M' 'M' 'M' 'M' 'M' 'M' 'U' 'M' 'A' 'M' 'M' 'M' 'M' 'U' 'M' 'M'
 'A' 'U' 'M' 'M' 'M' 'U' 'M' 'M' 'M' 'M' 'M' 'M' 'U' 'M' 'M' 'M' 'M' 'M']"
362401,0,149,7,142,49,1,0,"['A' 'M' 'M' 'M' 'U' 'M' 'M' 'U' 'M' 'M' 'M' 'U' 'M' 'M' 'M' 'M' 'M' 'M'
 'M' 'M' 'M' 'M' 'U' 'M' 'A' 'M' 'M' 'U' 'M' 'M' 'U' 'U' 'M' 'A' 'M' 'M'
 'M' 'M' 'M' 'M' 'M' 'U' 'M' 'M' 'M' 'U' 'U' 'M' 'U' 'M' 'A' 'U' 'M' 'M'
 'M' 'U' 'U' 'U' 'A' 'M' 'M' 'M' 'U' 'U' 'U' 'U' 'M' 'M' 'M' 'M' 'M' 'M'
 'M' 'M' 'M' 'M' 'M' 'U' 'M' 'M' 'M' 'M' 'M' 'M' 'M' 'U' 'M' 'M' 'U' 'M'
 'M' 'M' 'M' 'U' 'M' 'U' 'U' 'U' 'M' 'M' 'M' 'M' 'M' 'M' 'M' 'M' 'M' 'U'
 'M' 'U' 'M' 'U' 'M' 'U' 'M' 'U' 'U' 'M' 'A' 'M' 'M' 'M' 'U' 'M' 'M' 'M'
 'M' 'M' 'M' 'M' 'M' 'U' 'U' 'U' 'U' 'U' 'U' 'U' 'M' 'M' 'M' 'M' 'U' 'M'
 'M' 'U' 'M' 'U' 'M' 'M' 'M' 'M' 'M' 'M' 'M' 'M' 'M' 'M' 'M' 'M' 'M' 'M'
 'M' 'M' 'M' 'U' 'M' 'M' 'M' 'M' 'M' 'M' 'A' 'M' 'M' 'M' 'M' 'U' 'M' 'M'
 'M' 'U' 'M' 'M' 'M' 'U' 'M' 'M' 'M' 'M' 'M' 'U' 'U' 'M' 'M' 'M' 'M' 'M']"
362501,0,150,7,143,48,0,0,"['A' 'M' 'M' 'M' 'U' 'M' 'M' 'U' 'M' 'M' 'M' 'U' 'M' 'M' 'M' 'M' 'M' 'M'
 'M' 'M' 'M' 'M' 'M' 'M' 'U' 'M' 'M' 'U' 'M' 'M' 'U' 'M' 'M' 'A' 'M' 'M'
 'M' 'M' 'M' 'M' 'M' 'U' 'M' 'M' 'M' 'M' 'U' 'M' 'U' 'M' 'A' 'U' 'M' 'M'
 'M' 'U' 'U' 'U' 'A' 'M' 'M' 'M' 'U' 'U' 'U' 'M' 'M' 'U' 'M' 'M' 'M' 'M'
 'M' 'M' 'U' 'M' 'M' 'M' 'M' 'U' 'M' 'M' 'M' 'M' 'M' 'U' 'M' 'M' 'U' 'M'
 'M' 'M' 'M' 'M' 'M' 'M' 'M' 'U' 'M' 'M' 'M' 'M' 'U' 'M' 'M' 'M' 'M' 'U'
 'M' 'M' 'M' 'U' 'M' 'U' 'M' 'U' 'U' 'M' 'A' 'M' 'M' 'M' 'U' 'M' 'M' 'M'
 'M' 'M' 'M' 'U' 'M' 'U' 'U' 'U' 'U' 'M' 'U' 'U' 'M' 'M' 'U' 'U' 'U' 'M'
 'M' 'M' 'M' 'U' 'U' 'M' 'M' 'M' 'M' 'M' 'M' 'M' 'M' 'M' 'M' 'M' 'M' 'U'
 'M' 'M' 'M' 'M' 'M' 'M' 'M' 'M' 'M' 'M' 'A' 'M' 'M' 'M' 'M' 'A' 'M' 'M'
 'M' 'U' 'U' 'M' 'M' 'U' 'M' 'M' 'U' 'M' 'M' 'U' 'M' 'M' 'M' 'M' 'U' 'M']"
362601,0,156,8,148,42,0,0,"['A' 'M' 'M' 'M' 'U' 'M' 'M' 'U' 'M' 'M' 'M' 'U' 'M' 'M' 'M' 'U' 'M' 'M'
 'M' 'U' 'M' 'M' 'M' 'M' 'U' 'M' 'U' 'U' 'M' 'M' 'U' 'M' 'M' 'A' 'M' 'M'
 'M' 'M' 'M' 'M' 'M' 'U' 'M' 'M' 'M' 'M' 'U' 'M' 'U' 'M' 'A' 'U' 'M' 'M'
 'M' 'M' 'U' 'U' 'A' 'M' 'M' 'M' 'U' 'M' 'U' 'U' 'U' 'U' 'M' 'M' 'M' 'M'
 'U' 'M' 'M' 'M' 'M' 'M' 'M' 'M' 'M' 'M' 'M' 'M' 'M' 'M' 'M' 'M' 'M' 'M'
 'U' 'M' 'M' 'M' 'M' 'M' 'U' 'U' 'M' 'M' 'M' 'M' 'U' 'M' 'M' 'M' 'M' 'U'
 'M' 'M' 'M' 'U' 'M' 'U' 'M' 'M' 'U' 'M' 'A' 'M' 'M' 'M' 'U' 'M' 'M' 'M'
 'M' 'M' 'M' 'U' 'M' 'A' 'M' 'U' 'U' 'M' 'M' 'M' 'M' 'M' 'U' 'M' 'U' 'M'
 'M' 'M' 'M' 'U' 'U' 'M' 'M' 'M' 'M' 'M' 'M' 'M' 'M' 'M' 'M' 'M' 'M' 'U'
 'M' 'M' 'M' 'M' 'M' 'M' 'M' 'M' 'M' 'M' 'A' 'M' 'M' 'M' 'M' 'A' 'M' 'M'
 'M' 'U' 'M' 'M' 'M' 'U' 'M' 'M' 'M' 'M' 'M' 'U' 'M' 'M' 'M' 'M' 'U' 'M']"
362701,0,155,5,150,43,0,1,"['A' 'M' 'M' 'M' 'U' 'M' 'M' 'U' 'M' 'M' 'M' 'U' 'M' 'M' 'M' 'U' 'M' 'M'
 'M' 'M' 'M' 'U' 'M' 'M' 'U' 'M' 'U' 'U' 'M' 'U' 'U' 'M' 'M' 'U' 'M' 'M'
 'M' 'M' 'M' 'M' 'M' 'U' 'M' 'U' 'M' 'M' 'U' 'M' 'U' 'M' 'A' 'U' 'M' 'U'
 'M' 'M' 'U' 'A' 'A' 'M' 'M' 'M' 'U' 'M' 'U' 'M' 'M' 'M' 'M' 'M' 'M' 'U'
 'M' 'U' 'M' 'M' 'M' 'U' 'M' 'M' 'M' 'U' 'M' 'M' 'M' 'M' 'M' 'M' 'M' 'M'
 'M' 'M' 'U' 'M' 'M' 'M' 'M' 'U' 'M' 'M' 'M' 'M' 'U' 'M' 'M' 'M' 'M' 'U'
 'M' 'M' 'M' 'M' 'U' 'U' 'M' 'U' 'U' 'M' 'A' 'U' 'M' 'M' 'U' 'M' 'M' 'M'
 'M' 'M' 'M' 'M' 'M' 'M' 'M' 'U' 'M' 'M' 'M' 'M' 'M' 'M' 'U' 'M' 'U' 'M'
 'M' 'M' 'M' 'M' 'U' 'M' 'M' 'M' 'M' 'M' 'M' 'M' 'M' 'M' 'M' 'U' 'M' 'U'
 'M' 'M' 'M' 'M' 'M' 'M' 'M' 'M' 'M' 'M' 'U' 'M' 'M' 'M' 'M' 'M' 'M' 'M'
 'M' 'U' 'M' 'M' 'M' 'M' 'M' 'M' 'M' 'M' 'M' 'M' 'M' 'M' 'M' 'M' 'U' 'M']"
362801,0,154,4,150,44,0,0,"['A' 'M' 'M' 'M' 'U' 'M' 'M' 'U' 'M' 'M' 'M' 'M' 'M' 'M' 'M' 'U' 'M' 'M'
 'M' 'M' 'M' 'U' 'M' 'M' 'U' 'M' 'U' 'U' 'M' 'U' 'U' 'M' 'M' 'U' 'M' 'M'
 'M' 'M' 'M' 'M' 'M' 'U' 'M' 'U' 'M' 'M' 'U' 'M' 'U' 'U' 'U' 'U' 'M' 'U'
 'M' 'M' 'M' 'A' 'U' 'M' 'M' 'M' 'U' 'M' 'U' 'U' 'M' 'M' 'M' 'M' 'M' 'M'
 'M' 'M' 'U' 'M' 'M' 'M' 'M' 'M' 'M' 'M' 'U' 'U' 'M' 'M' 'M' 'U' 'M' 'M'
 'M' 'M' 'M' 'M' 'M' 'M' 'M' 'M' 'M' 'M' 'M' 'M' 'A' 'M' 'M' 'M' 'M' 'U'
 'M' 'M' 'M' 'M' 'U' 'U' 'M' 'U' 'U' 'M' 'A' 'M' 'M' 'U' 'M' 'M' 'M' 'M'
 'M' 'M' 'M' 'M' 'M' 'M' 'M' 'U' 'M' 'M' 'M' 'M' 'M' 'M' 'U' 'M' 'U' 'M'
 'M' 'M' 'M' 'M' 'U' 'M' 'M' 'M' 'U' 'M' 'M' 'M' 'M' 'M' 'M' 'U' 'M' 'U'
 'M' 'M' 'M' 'M' 'M' 'M' 'M' 'M' 'M' 'M' 'M' 'M' 'M' 'M' 'M' 'M' 'U' 'M'
 'M' 'U' 'M' 'M' 'M' 'M' 'M' 'M' 'U' 'M' 'U' 'M' 'M' 'M' 'M' 'M' 'U' 'M']"
362901,0,155,4,151,43,0,1,"['A' 'M' 'M' 'M' 'U' 'M' 'M' 'U' 'U' 'M' 'M' 'M' 'M' 'M' 'M' 'U' 'M' 'M'
 'M' 'M' 'M' 'U' 'M' 'M' 'M' 'M' 'M' 'U' 'M' 'U' 'U' 'M' 'M' 'U' 'M' 'M'
 'M' 'U' 'M' 'M' 'M' 'M' 'M' 'U' 'M' 'M' 'M' 'M' 'U' 'U' 'U' 'U' 'M' 'U'
 'M' 'U' 'M' 'A' 'M' 'U' 'M' 'M' 'M' 'M' 'U' 'M' 'M' 'U' 'M' 'M' 'M' 'M'
 'M' 'M' 'M' 'M' 'M' 'M' 'M' 'M' 'M' 'M' 'M' 'M' 'M' 'M' 'M' 'M' 'U' 'M'
 'M' 'U' 'M' 'U' 'U' 'M' 'M' 'M' 'M' 'M' 'M' 'M' 'A' 'M' 'M' 'M' 'M' 'U'
 'M' 'U' 'U' 'M' 'U' 'U' 'M' 'M' 'U' 'M' 'A' 'M' 'M' 'U' 'M' 'M' 'M' 'M'
 'M' 'M' 'M' 'M' 'M' 'M' 'M' 'U' 'M' 'M' 'M' 'M' 'M' 'U' 'M' 'M' 'U' 'M'
 'M' 'M' 'M' 'U' 'U' 'M' 'M' 'M' 'U' 'M' 'M' 'M' 'M' 'M' 'M' 'M' 'M' 'M'
 'M' 'M' 'M' 'M' 'U' 'M' 'M' 'M' 'M' 'M' 'M' 'M' 'M' 'M' 'M' 'M' 'M' 'M'
 'U' 'U' 'M' 'U' 'M' 'M' 'M' 'M' 'U' 'M' 'U' 'M' 'M' 'M' 'M' 'M' 'M' 'M']"
363001,0,161,6,155,37,1,0,"['A' 'M' 'M' 'M' 'U' 'M' 'M' 'U' 'U' 'M' 'M' 'M' 'M' 'M' 'M' 'U' 'M' 'M'
 'M' 'M' 'M' 'U' 'M' 'M' 'M' 'M' 'M' 'U' 'M' 'M' 'M' 'M' 'M' 'U' 'M' 'M'
 'M' 'U' 'M' 'U' 'M' 'M' 'M' 'U' 'M' 'M' 'M' 'M' 'U' 'U' 'U' 'U' 'M' 'U'
 'M' 'M' 'M' 'A' 'M' 'U' 'M' 'M' 'M' 'M' 'U' 'M' 'M' 'M' 'U' 'M' 'M' 'M'
 'M' 'M' 'U' 'M' 'U' 'M' 'M' 'U' 'M' 'M' 'M' 'M' 'M' 'M' 'M' 'U' 'M' 'M'
 'M' 'M' 'M' 'M' 'M' 'M' 'M' 'M' 'M' 'M' 'M' 'M' 'U' 'M' 'M' 'M' 'U' 'U'
 'M' 'U' 'U' 'M' 'A' 'A' 'M' 'M' 'U' 'M' 'A' 'M' 'M' 'U' 'M' 'M' 'M' 'M'
 'M' 'M' 'M' 'M' 'M' 'M' 'M' 'M' 'M' 'M' 'M' 'M' 'M' 'M' 'U' 'M' 'M' 'M'
 'M' 'M' 'M' 'U' 'A' 'M' 'M' 'M' 'M' 'M' 'M' 'M' 'M' 'M' 'M' 'M' 'M' 'M'
 'M' 'M' 'M' 'M' 'U' 'M' 'M' 'M' 'M' 'M' 'M' 'M' 'M' 'M' 'M' 'M' 'M' 'M'
 'U' 'U' 'M' 'U' 'M' 'M' 'M' 'M' 'U' 'M' 'U' 'M' 'M' 'M' 'M' 'M' 'M' 'M']"
363101,0,167,5,162,31,0,1,"['A' 'M' 'M' 'M' 'U' 'M' 'M' 'U' 'U' 'M' 'M' 'M' 'M' 'M' 'M' 'U' 'M' 'M'
 'U' 'M' 'M' 'U' 'M' 'M' 'M' 'M' 'M' 'U' 'M' 'M' 'M' 'M' 'M' 'M' 'M' 'M'
 'M' 'U' 'M' 'U' 'M' 'U' 'M' 'U' 'M' 'M' 'M' 'M' 'M' 'M' 'U' 'U' 'M' 'U'
 'M' 'M' 'M' 'U' 'U' 'M' 'M' 'M' 'M' 'M' 'U' 'M' 'M' 'M' 'M' 'M' 'M' 'U'
 'M' 'M' 'M' 'M' 'U' 'M' 'M' 'M' 'M' 'M' 'U' 'M' 'M' 'U' 'M' 'M' 'M' 'M'
 'M' 'U' 'M' 'M' 'M' 'M' 'M' 'M' 'M' 'M' 'M' 'M' 'M' 'M' 'M' 'M' 'U' 'M'
 'M' 'M' 'M' 'M' 'M' 'A' 'M' 'M' 'U' 'M' 'A' 'M' 'M' 'A' 'M' 'M' 'M' 'M'
 'M' 'M' 'M' 'M' 'M' 'M' 'M' 'M' 'M' 'M' 'M' 'M' 'M' 'M' 'U' 'M' 'M' 'M'
 'M' 'M' 'M' 'U' 'A' 'M' 'M' 'M' 'M' 'M' 'M' 'M' 'M' 'M' 'M' 'M' 'M' 'M'
 'M' 'M' 'M' 'M' 'U' 'M' 'M' 'M' 'M' 'M' 'M' 'M' 'M' 'U' 'M' 'M' 'M' 'M'
 'U' 'U' 'M' 'M' 'M' 'M' 'M' 'M' 'M' 'M' 'U' 'M' 'M' 'M' 'M' 'M' 'M' 'M']"
363201,0,159,4,155,39,1,0,"['A' 'M' 'M' 'U' 'U' 'M' 'U' 'U' 'U' 'M' 'M' 'U' 'U' 'M' 'M' 'M' 'M' 'M'
 'U' 'M' 'M' 'U' 'M' 'M' 'M' 'M' 'U' 'U' 'M' 'U' 'M' 'M' 'M' 'U' 'M' 'M'
 'M' 'U' 'M' 'A' 'M' 'U' 'M' 'U' 'M' 'M' 'M' 'M' 'M' 'M' 'U' 'U' 'M' 'U'
 'M' 'M' 'M' 'U' 'U' 'M' 'M' 'M' 'M' 'M' 'U' 'M' 'M' 'M' 'M' 'U' 'M' 'M'
 'M' 'M' 'U' 'M' 'M' 'M' 'U' 'M' 'M' 'U' 'M' 'M' 'M' 'M' 'M' 'M' 'M' 'M'
 'M' 'U' 'M' 'M' 'M' 'M' 'M' 'U' 'M' 'M' 'U' 'M' 'M' 'M' 'M' 'M' 'U' 'M'
 'M' 'M' 'M' 'M' 'M' 'A' 'M' 'M' 'M' 'M' 'M' 'M' 'M' 'U' 'M' 'M' 'M' 'M'
 'M' 'M' 'M' 'M' 'M' 'M' 'M' 'M' 'M' 'M' 'M' 'M' 'M' 'M' 'U' 'M' 'M' 'M'
 'M' 'M' 'M' 'M' 'A' 'U' 'M' 'M' 'M' 'M' 'M' 'M' 'M' 'M' 'M' 'M' 'M' 'M'
 'M' 'M' 'M' 'M' 'U' 'M' 'U' 'M' 'M' 'M' 'M' 'M' 'M' 'U' 'M' 'M' 'M' 'M'
 'U' 'M' 'U' 'M' 'M' 'M' 'M' 'M' 'M' 'M' 'M' 'U' 'M' 'M' 'M' 'M' 'M' 'M']"
363301,0,152,3,149,46,0,0,"['A' 'M' 'M' 'U' 'U' 'M' 'M' 'U' 'U' 'M' 'M' 'U' 'U' 'M' 'U' 'M' 'M' 'M'
 'U' 'M' 'M' 'U' 'M' 'M' 'M' 'M' 'U' 'M' 'M' 'U' 'M' 'M' 'M' 'U' 'M' 'M'
 'M' 'U' 'U' 'U' 'M' 'U' 'M' 'U' 'M' 'M' 'M' 'U' 'M' 'M' 'U' 'U' 'M' 'M'
 'M' 'M' 'M' 'U' 'U' 'U' 'M' 'M' 'M' 'M' 'U' 'M' 'U' 'M' 'M' 'M' 'M' 'M'
 'M' 'M' 'M' 'M' 'U' 'M' 'M' 'M' 'U' 'M' 'M' 'U' 'M' 'M' 'U' 'M' 'M' 'M'
 'M' 'M' 'M' 'M' 'M' 'M' 'M' 'U' 'M' 'M' 'U' 'M' 'M' 'M' 'M' 'M' 'M' 'M'
 'M' 'M' 'M' 'M' 'M' 'A' 'M' 'M' 'M' 'M' 'M' 'M' 'M' 'U' 'M' 'M' 'M' 'M'
 'M' 'U' 'M' 'M' 'M' 'M' 'M' 'M' 'M' 'M' 'U' 'M' 'M' 'M' 'U' 'M' 'M' 'U'
 'M' 'M' 'M' 'M' 'A' 'U' 'M' 'M' 'M' 'M' 'M' 'M' 'M' 'M' 'M' 'M' 'U' 'M'
 'M' 'M' 'M' 'M' 'U' 'M' 'U' 'M' 'M' 'U' 'M' 'M' 'M' 'U' 'M' 'M' 'M' 'M'
 'U' 'M' 'U' 'M' 'U' 'M' 'M' 'M' 'M' 'M' 'M' 'U' 'M' 'M' 'M' 'M' 'M' 'M']"
363401,0,162,3,159,36,0,0,"['A' 'U' 'M' 'M' 'M' 'M' 'M' 'U' 'U' 'M' 'M' 'U' 'M' 'M' 'U' 'M' 'M' 'M'
 'U' 'M' 'U' 'U' 'M' 'M' 'M' 'M' 'U' 'M' 'M' 'M' 'M' 'M' 'M' 'U' 'M' 'M'
 'M' 'U' 'M' 'M' 'M' 'U' 'M' 'U' 'M' 'M' 'U' 'U' 'M' 'M' 'U' 'M' 'M' 'M'
 'M' 'M' 'M' 'U' 'M' 'M' 'M' 'M' 'M' 'M' 'U' 'M' 'M' 'M' 'M' 'U' 'M' 'M'
 'U' 'U' 'M' 'M' 'M' 'U' 'M' 'M' 'M' 'M' 'M' 'M' 'M' 'M' 'M' 'M' 'U' 'M'
 'M' 'M' 'M' 'M' 'M' 'M' 'M' 'U' 'M' 'M' 'U' 'M' 'M' 'U' 'M' 'M' 'M' 'M'
 'M' 'M' 'M' 'M' 'M' 'A' 'M' 'M' 'M' 'M' 'M' 'M' 'M' 'U' 'M' 'M' 'M' 'M'
 'M' 'M' 'M' 'M' 'M' 'M' 'M' 'M' 'M' 'M' 'M' 'M' 'M' 'M' 'U' 'M' 'U' 'M'
 'M' 'M' 'M' 'M' 'U' 'U' 'M' 'M' 'M' 'M' 'M' 'M' 'M' 'M' 'M' 'M' 'U' 'M'
 'M' 'M' 'M' 'M' 'U' 'M' 'U' 'M' 'M' 'M' 'M' 'M' 'M' 'U' 'M' 'M' 'M' 'M'
 'A' 'M' 'M' 'M' 'M' 'M' 'M' 'M' 'M' 'M' 'M' 'U' 'M' 'M' 'M' 'M' 'M' 'M']"
363501,0,160,2,158,38,0,0,"['A' 'U' 'M' 'M' 'M' 'M' 'M' 'U' 'U' 'M' 'M' 'M' 'M' 'M' 'M' 'M' 'M' 'M'
 'U' 'U' 'U' 'U' 'M' 'M' 'M' 'M' 'U' 'M' 'M' 'M' 'M' 'M' 'M' 'U' 'M' 'M'
 'M' 'U' 'M' 'M' 'U' 'U' 'M' 'U' 'M' 'M' 'U' 'M' 'M' 'M' 'U' 'M' 'M' 'M'
 'M' 'M' 'M' 'U' 'M' 'M' 'M' 'M' 'M' 'M' 'M' 'M' 'M' 'M' 'M' 'M' 'U' 'M'
 'U' 'M' 'M' 'M' 'M' 'M' 'M' 'M' 'M' 'M' 'M' 'M' 'M' 'M' 'M' 'U' 'M' 'U'
 'M' 'M' 'M' 'M' 'U' 'M' 'M' 'U' 'M' 'M' 'M' 'U' 'M' 'M' 'M' 'U' 'U' 'M'
 'M' 'M' 'M' 'M' 'M' 'U' 'U' 'M' 'M' 'M' 'M' 'M' 'M' 'M' 'M' 'M' 'M' 'M'
 'M' 'M' 'M' 'M' 'M' 'M' 'M' 'M' 'M' 'M' 'M' 'M' 'M' 'M' 'M' 'M' 'U' 'U'
 'M' 'M' 'M' 'M' 'U' 'U' 'M' 'M' 'M' 'M' 'M' 'M' 'M' 'M' 'M' 'M' 'U' 'M'
 'M' 'M' 'M' 'M' 'U' 'M' 'U' 'M' 'M' 'M' 'M' 'M' 'M' 'U' 'M' 'M' 'M' 'M'
 'A' 'U' 'U' 'M' 'M' 'M' 'M' 'M' 'M' 'M' 'M' 'U' 'M' 'M' 'M' 'M' 'M' 'M']"
363601,0,164,3,161,34,0,0,"['A' 'U' 'M' 'M' 'M' 'M' 'M' 'U' 'M' 'U' 'M' 'M' 'M' 'M' 'U' 'M' 'M' 'M'
 'U' 'M' 'U' 'U' 'M' 'M' 'M' 'M' 'U' 'M' 'M' 'M' 'M' 'M' 'M' 'U' 'M' 'M'
 'M' 'U' 'M' 'M' 'U' 'U' 'M' 'M' 'M' 'M' 'M' 'M' 'M' 'M' 'M' 'M' 'M' 'M'
 'M' 'M' 'M' 'U' 'M' 'M' 'M' 'M' 'M' 'M' 'M' 'M' 'M' 'U' 'M' 'M' 'M' 'M'
 'M' 'M' 'M' 'M' 'M' 'M' 'U' 'M' 'M' 'M' 'M' 'M' 'U' 'M' 'U' 'M' 'M' 'M'
 'U' 'M' 'M' 'M' 'M' 'M' 'M' 'U' 'M' 'M' 'U' 'U' 'M' 'M' 'M' 'M' 'U' 'M'
 'M' 'M' 'M' 'M' 'M' 'U' 'M' 'M' 'M' 'M' 'M' 'M' 'M' 'M' 'U' 'M' 'M' 'M'
 'M' 'M' 'M' 'M' 'M' 'M' 'M' 'M' 'M' 'M' 'M' 'M' 'U' 'M' 'M' 'M' 'U' 'U'
 'M' 'M' 'M' 'M' 'U' 'U' 'M' 'M' 'M' 'M' 'M' 'M' 'M' 'M' 'M' 'M' 'U' 'M'
 'M' 'M' 'M' 'M' 'U' 'M' 'U' 'M' 'M' 'M' 'M' 'M' 'M' 'A' 'M' 'M' 'M' 'M'
 'A' 'M' 'U' 'M' 'M' 'M' 'M' 'M' 'M' 'M' 'M' 'U' 'M' 'M' 'M' 'M' 'M' 'M']"
363701,0,162,1,161,36,0,0,"['A' 'U' 'M' 'M' 'M' 'U' 'M' 'U' 'M' 'U' 'M' 'M' 'M' 'M' 'U' 'M' 'M' 'M'
 'U' 'M' 'U' 'M' 'M' 'M' 'M' 'M' 'U' 'M' 'M' 'M' 'U' 'M' 'M' 'U' 'M' 'M'
 'M' 'U' 'M' 'M' 'U' 'U' 'M' 'M' 'M' 'M' 'M' 'M' 'M' 'U' 'M' 'M' 'M' 'M'
 'M' 'M' 'M' 'U' 'M' 'M' 'M' 'M' 'U' 'M' 'M' 'M' 'M' 'M' 'M' 'M' 'U' 'M'
 'M' 'M' 'U' 'M' 'M' 'M' 'M' 'U' 'M' 'M' 'M' 'M' 'M' 'M' 'M' 'M' 'M' 'U'
 'U' 'M' 'M' 'M' 'M' 'M' 'M' 'M' 'M' 'M' 'U' 'U' 'M' 'M' 'M' 'M' 'U' 'M'
 'M' 'M' 'M' 'M' 'M' 'U' 'M' 'M' 'M' 'M' 'M' 'M' 'M' 'M' 'M' 'M' 'M' 'M'
 'M' 'M' 'M' 'M' 'M' 'M' 'M' 'M' 'U' 'M' 'M' 'M' 'M' 'M' 'M' 'M' 'U' 'M'
 'M' 'M' 'M' 'M' 'U' 'U' 'M' 'M' 'M' 'M' 'M' 'M' 'M' 'M' 'M' 'M' 'M' 'M'
 'M' 'M' 'U' 'M' 'U' 'M' 'U' 'M' 'M' 'M' 'M' 'M' 'M' 'U' 'M' 'M' 'M' 'U'
 'U' 'M' 'M' 'M' 'M' 'M' 'M' 'M' 'M' 'M' 'M' 'U' 'M' 'M' 'M' 'M' 'M' 'M']"
363801,0,154,3,151,44,1,0,"['A' 'U' 'M' 'M' 'M' 'U' 'M' 'U' 'M' 'U' 'M' 'M' 'M' 'M' 'M' 'M' 'M' 'U'
 'U' 'M' 'U' 'U' 'M' 'M' 'U' 'M' 'U' 'M' 'M' 'M' 'U' 'M' 'M' 'U' 'M' 'M'
 'M' 'U' 'M' 'M' 'A' 'A' 'U' 'M' 'M' 'M' 'M' 'M' 'M' 'U' 'M' 'M' 'U' 'M'
 'M' 'M' 'M' 'U' 'M' 'M' 'M' 'M' 'U' 'M' 'M' 'M' 'M' 'M' 'U' 'M' 'M' 'M'
 'M' 'M' 'M' 'M' 'M' 'M' 'M' 'M' 'M' 'U' 'M' 'M' 'M' 'M' 'M' 'M' 'M' 'M'
 'M' 'U' 'U' 'M' 'U' 'M' 'M' 'U' 'M' 'U' 'U' 'U' 'M' 'M' 'M' 'M' 'U' 'M'
 'M' 'M' 'M' 'M' 'M' 'M' 'M' 'M' 'M' 'M' 'M' 'M' 'M' 'M' 'M' 'M' 'M' 'M'
 'M' 'M' 'M' 'M' 'M' 'U' 'U' 'U' 'U' 'U' 'U' 'U' 'U' 'M' 'U' 'M' 'U' 'M'
 'M' 'M' 'M' 'M' 'U' 'M' 'M' 'M' 'M' 'M' 'M' 'M' 'M' 'M' 'M' 'M' 'M' 'M'
 'M' 'M' 'U' 'M' 'U' 'M' 'M' 'M' 'M' 'M' 'M' 'M' 'M' 'U' 'M' 'M' 'M' 'U'
 'U' 'M' 'M' 'M' 'M' 'M' 'M' 'M' 'M' 'M' 'M' 'M' 'M' 'M' 'M' 'M' 'M' 'M']"
363901,0,153,3,150,45,0,0,"['A' 'U' 'M' 'M' 'M' 'U' 'M' 'U' 'M' 'M' 'M' 'U' 'M' 'U' 'M' 'M' 'M' 'U'
 'U' 'M' 'U' 'M' 'M' 'M' 'M' 'M' 'U' 'M' 'M' 'M' 'U' 'M' 'M' 'U' 'M' 'M'
 'M' 'U' 'M' 'M' 'A' 'A' 'U' 'M' 'M' 'M' 'M' 'M' 'M' 'U' 'M' 'M' 'U' 'M'
 'M' 'M' 'M' 'U' 'M' 'M' 'M' 'M' 'U' 'M' 'M' 'M' 'U' 'U' 'M' 'U' 'M' 'M'
 'M' 'M' 'M' 'M' 'M' 'U' 'M' 'M' 'M' 'M' 'M' 'M' 'M' 'M' 'U' 'M' 'M' 'M'
 'M' 'M' 'M' 'M' 'M' 'U' 'M' 'U' 'U' 'M' 'U' 'U' 'M' 'M' 'M' 'M' 'U' 'M'
 'M' 'M' 'M' 'M' 'M' 'M' 'M' 'U' 'M' 'M' 'M' 'M' 'M' 'M' 'M' 'M' 'M' 'U'
 'M' 'M' 'U' 'M' 'M' 'U' 'U' 'U' 'U' 'U' 'U' 'U' 'U' 'M' 'M' 'M' 'M' 'M'
 'M' 'M' 'M' 'M' 'U' 'M' 'M' 'M' 'M' 'M' 'M' 'M' 'M' 'M' 'M' 'M' 'M' 'M'
 'M' 'M' 'U' 'M' 'U' 'M' 'M' 'M' 'M' 'M' 'M' 'M' 'M' 'U' 'M' 'M' 'M' 'M'
 'U' 'U' 'M' 'M' 'M' 'M' 'M' 'M' 'M' 'M' 'M' 'M' 'M' 'M' 'M' 'M' 'M' 'M']"
364001,0,152,4,148,46,0,0,"['A' 'A' 'M' 'U' 'M' 'U' 'M' 'U' 'U' 'M' 'M' 'U' 'M' 'U' 'M' 'M' 'M' 'U'
 'U' 'M' 'M' 'M' 'M' 'M' 'M' 'M' 'U' 'M' 'M' 'M' 'U' 'M' 'M' 'U' 'M' 'M'
 'M' 'U' 'M' 'M' 'A' 'A' 'U' 'M' 'M' 'M' 'M' 'M' 'M' 'U' 'M' 'M' 'U' 'M'
 'M' 'M' 'M' 'U' 'M' 'M' 'M' 'M' 'U' 'M' 'M' 'M' 'M' 'M' 'M' 'M' 'M' 'M'
 'M' 'M' 'M' 'M' 'M' 'M' 'U' 'U' 'U' 'M' 'M' 'U' 'U' 'M' 'M' 'M' 'M' 'M'
 'M' 'M' 'M' 'M' 'M' 'U' 'M' 'U' 'U' 'M' 'U' 'U' 'M' 'M' 'M' 'M' 'U' 'M'
 'M' 'M' 'M' 'M' 'M' 'M' 'M' 'M' 'M' 'M' 'U' 'M' 'M' 'M' 'M' 'U' 'U' 'U'
 'M' 'M' 'U' 'M' 'M' 'M' 'U' 'U' 'U' 'U' 'U' 'M' 'U' 'U' 'M' 'M' 'M' 'M'
 'M' 'M' 'M' 'U' 'U' 'M' 'M' 'M' 'M' 'M' 'M' 'M' 'M' 'M' 'M' 'M' 'M' 'M'
 'M' 'M' 'U' 'M' 'U' 'M' 'M' 'M' 'M' 'M' 'M' 'M' 'M' 'U' 'M' 'M' 'M' 'M'
 'M' 'U' 'M' 'M' 'M' 'M' 'M' 'M' 'M' 'M' 'M' 'M' 'M' 'M' 'M' 'M' 'M' 'M']"
364101,0,153,7,146,45,1,0,"['A' 'A' 'M' 'U' 'U' 'U' 'M' 'U' 'M' 'M' 'M' 'A' 'M' 'M' 'M' 'M' 'M' 'M'
 'U' 'U' 'M' 'M' 'M' 'M' 'M' 'M' 'U' 'M' 'M' 'M' 'U' 'M' 'U' 'U' 'M' 'M'
 'M' 'M' 'M' 'M' 'A' 'U' 'U' 'M' 'M' 'A' 'M' 'M' 'M' 'U' 'M' 'M' 'U' 'M'
 'M' 'M' 'M' 'M' 'M' 'U' 'M' 'M' 'U' 'M' 'M' 'M' 'U' 'M' 'M' 'M' 'M' 'M'
 'M' 'U' 'M' 'M' 'M' 'U' 'M' 'M' 'M' 'M' 'M' 'U' 'M' 'M' 'M' 'M' 'M' 'M'
 'U' 'M' 'M' 'M' 'M' 'U' 'U' 'U' 'U' 'M' 'A' 'U' 'M' 'M' 'M' 'M' 'U' 'M'
 'M' 'M' 'M' 'M' 'M' 'M' 'M' 'M' 'M' 'M' 'U' 'M' 'M' 'M' 'U' 'U' 'U' 'U'
 'M' 'M' 'U' 'M' 'M' 'M' 'U' 'U' 'U' 'U' 'U' 'M' 'U' 'U' 'M' 'M' 'M' 'M'
 'M' 'U' 'M' 'M' 'A' 'M' 'M' 'M' 'M' 'M' 'M' 'M' 'M' 'M' 'M' 'M' 'M' 'M'
 'M' 'M' 'M' 'M' 'U' 'M' 'M' 'M' 'M' 'M' 'M' 'M' 'M' 'U' 'M' 'M' 'M' 'M'
 'M' 'U' 'M' 'M' 'M' 'M' 'M' 'M' 'M' 'U' 'M' 'M' 'M' 'M' 'M' 'M' 'M' 'M']"
364201,0,159,7,152,39,0,1,"['A' 'A' 'M' 'U' 'U' 'U' 'M' 'M' 'M' 'M' 'M' 'A' 'M' 'M' 'M' 'M' 'M' 'M'
 'U' 'U' 'M' 'M' 'M' 'M' 'M' 'M' 'U' 'M' 'M' 'M' 'U' 'M' 'U' 'M' 'M' 'M'
 'M' 'M' 'M' 'U' 'A' 'U' 'U' 'M' 'U' 'A' 'M' 'M' 'M' 'U' 'M' 'M' 'U' 'U'
 'M' 'M' 'M' 'M' 'M' 'U' 'M' 'M' 'U' 'M' 'M' 'M' 'M' 'M' 'M' 'M' 'M' 'M'
 'M' 'U' 'M' 'M' 'M' 'M' 'M' 'M' 'M' 'M' 'M' 'M' 'M' 'M' 'U' 'M' 'U' 'M'
 'M' 'M' 'M' 'U' 'U' 'M' 'M' 'U' 'M' 'M' 'A' 'U' 'M' 'M' 'M' 'M' 'U' 'M'
 'M' 'M' 'M' 'M' 'M' 'M' 'M' 'M' 'M' 'M' 'U' 'M' 'M' 'M' 'U' 'U' 'M' 'M'
 'M' 'M' 'M' 'M' 'M' 'M' 'U' 'U' 'U' 'M' 'U' 'M' 'U' 'U' 'M' 'M' 'M' 'M'
 'M' 'M' 'M' 'M' 'A' 'M' 'M' 'M' 'M' 'M' 'M' 'M' 'M' 'M' 'M' 'M' 'M' 'M'
 'M' 'U' 'M' 'M' 'U' 'M' 'M' 'M' 'M' 'M' 'M' 'M' 'U' 'M' 'M' 'M' 'M' 'M'
 'M' 'M' 'M' 'M' 'M' 'M' 'M' 'M' 'M' 'U' 'M' 'M' 'M' 'M' 'M' 'M' 'M' 'U']"
364301,0,157,5,152,41,0,0,"['A' 'A' 'U' 'U' 'U' 'M' 'M' 'M' 'M' 'M' 'M' 'A' 'M' 'M' 'M' 'M' 'M' 'M'
 'U' 'U' 'M' 'M' 'M' 'M' 'M' 'M' 'U' 'M' 'M' 'M' 'U' 'M' 'M' 'M' 'M' 'M'
 'M' 'M' 'U' 'M' 'U' 'M' 'M' 'U' 'U' 'A' 'M' 'M' 'M' 'M' 'M' 'M' 'U' 'M'
 'M' 'M' 'M' 'M' 'M' 'U' 'M' 'M' 'U' 'M' 'M' 'M' 'M' 'M' 'M' 'U' 'M' 'M'
 'M' 'M' 'M' 'U' 'M' 'U' 'M' 'M' 'M' 'M' 'M' 'M' 'M' 'M' 'M' 'M' 'M' 'M'
 'M' 'U' 'U' 'M' 'M' 'U' 'M' 'M' 'M' 'U' 'U' 'M' 'M' 'M' 'M' 'U' 'U' 'M'
 'M' 'M' 'M' 'U' 'U' 'M' 'M' 'M' 'M' 'M' 'A' 'M' 'M' 'M' 'U' 'U' 'M' 'M'
 'M' 'M' 'M' 'M' 'M' 'U' 'U' 'U' 'U' 'M' 'U' 'U' 'M' 'U' 'M' 'M' 'M' 'M'
 'U' 'M' 'M' 'M' 'U' 'M' 'M' 'M' 'M' 'M' 'M' 'M' 'M' 'M' 'M' 'M' 'M' 'M'
 'M' 'U' 'M' 'M' 'U' 'M' 'M' 'M' 'M' 'M' 'M' 'M' 'U' 'M' 'M' 'M' 'M' 'M'
 'M' 'M' 'M' 'M' 'M' 'M' 'M' 'M' 'M' 'M' 'M' 'M' 'M' 'M' 'M' 'M' 'M' 'U']"
364401,0,164,5,159,34,0,0,"['A' 'A' 'M' 'M' 'M' 'M' 'M' 'M' 'M' 'M' 'M' 'A' 'U' 'M' 'M' 'M' 'M' 'M'
 'M' 'U' 'M' 'M' 'M' 'M' 'M' 'M' 'U' 'M' 'M' 'M' 'U' 'M' 'M' 'M' 'M' 'M'
 'M' 'M' 'U' 'M' 'U' 'M' 'M' 'U' 'U' 'A' 'M' 'M' 'M' 'M' 'M' 'M' 'U' 'M'
 'M' 'M' 'M' 'M' 'M' 'U' 'M' 'M' 'U' 'U' 'M' 'M' 'M' 'M' 'M' 'M' 'M' 'M'
 'M' 'M' 'M' 'M' 'M' 'U' 'M' 'M' 'M' 'M' 'M' 'M' 'M' 'U' 'M' 'M' 'M' 'U'
 'M' 'U' 'M' 'U' 'M' 'M' 'M' 'M' 'M' 'U' 'U' 'M' 'M' 'M' 'M' 'U' 'U' 'M'
 'M' 'M' 'M' 'M' 'U' 'M' 'M' 'M' 'M' 'M' 'A' 'M' 'M' 'M' 'M' 'M' 'M' 'M'
 'M' 'M' 'M' 'M' 'M' 'M' 'U' 'U' 'U' 'M' 'M' 'U' 'U' 'U' 'M' 'M' 'M' 'M'
 'U' 'M' 'M' 'M' 'M' 'M' 'M' 'M' 'M' 'M' 'M' 'M' 'M' 'M' 'M' 'M' 'M' 'M'
 'M' 'U' 'M' 'M' 'U' 'M' 'M' 'M' 'M' 'M' 'M' 'M' 'U' 'M' 'M' 'U' 'M' 'M'
 'M' 'M' 'M' 'M' 'M' 'M' 'M' 'M' 'M' 'M' 'M' 'M' 'M' 'M' 'M' 'M' 'M' 'U']"
364501,0,164,5,159,34,0,1,"['A' 'A' 'M' 'M' 'A' 'M' 'M' 'M' 'M' 'U' 'M' 'U' 'U' 'M' 'M' 'M' 'M' 'M'
 'M' 'U' 'M' 'M' 'M' 'M' 'M' 'M' 'M' 'M' 'U' 'M' 'M' 'M' 'M' 'M' 'M' 'M'
 'M' 'M' 'U' 'M' 'M' 'M' 'M' 'U' 'U' 'U' 'M' 'M' 'M' 'M' 'M' 'M' 'U' 'M'
 'M' 'M' 'M' 'M' 'M' 'U' 'M' 'M' 'M' 'M' 'M' 'M' 'M' 'M' 'M' 'M' 'M' 'M'
 'M' 'M' 'M' 'U' 'M' 'M' 'M' 'M' 'M' 'M' 'M' 'M' 'U' 'U' 'M' 'M' 'M' 'U'
 'M' 'M' 'U' 'M' 'M' 'M' 'M' 'M' 'M' 'U' 'U' 'M' 'M' 'M' 'M' 'U' 'U' 'M'
 'M' 'M' 'M' 'M' 'U' 'M' 'M' 'U' 'M' 'M' 'A' 'M' 'U' 'M' 'M' 'M' 'M' 'M'
 'M' 'M' 'M' 'M' 'U' 'M' 'U' 'M' 'U' 'M' 'M' 'M' 'U' 'U' 'M' 'M' 'M' 'M'
 'U' 'M' 'M' 'M' 'M' 'M' 'M' 'M' 'M' 'M' 'M' 'M' 'M' 'M' 'M' 'M' 'M' 'M'
 'M' 'A' 'M' 'M' 'U' 'M' 'M' 'M' 'M' 'M' 'M' 'M' 'M' 'M' 'M' 'U' 'U' 'M'
 'M' 'M' 'M' 'M' 'M' 'M' 'M' 'M' 'M' 'M' 'U' 'M' 'M' 'M' 'M' 'M' 'M' 'U']"
364601,0,160,5,155,38,1,0,"['A' 'U' 'M' 'M' 'A' 'M' 'M' 'M' 'M' 'M' 'M' 'U' 'M' 'M' 'M' 'M' 'M' 'M'
 'M' 'U' 'U' 'M' 'M' 'M' 'M' 'M' 'M' 'M' 'U' 'M' 'M' 'M' 'M' 'U' 'M' 'M'
 'M' 'M' 'U' 'M' 'M' 'M' 'M' 'U' 'M' 'U' 'M' 'M' 'M' 'U' 'M' 'M' 'U' 'M'
 'M' 'M' 'U' 'M' 'M' 'M' 'M' 'M' 'M' 'M' 'M' 'M' 'U' 'M' 'M' 'M' 'M' 'M'
 'M' 'M' 'M' 'M' 'M' 'M' 'M' 'U' 'M' 'M' 'U' 'M' 'U' 'M' 'M' 'M' 'M' 'M'
 'M' 'U' 'M' 'M' 'M' 'M' 'M' 'M' 'M' 'U' 'U' 'M' 'M' 'M' 'M' 'U' 'M' 'M'
 'M' 'M' 'M' 'M' 'A' 'M' 'M' 'M' 'M' 'M' 'A' 'M' 'U' 'M' 'M' 'M' 'M' 'M'
 'U' 'M' 'M' 'U' 'U' 'M' 'U' 'M' 'M' 'M' 'M' 'M' 'U' 'U' 'M' 'M' 'M' 'M'
 'U' 'M' 'M' 'M' 'U' 'M' 'M' 'M' 'M' 'M' 'M' 'M' 'M' 'M' 'M' 'M' 'M' 'U'
 'M' 'A' 'M' 'U' 'U' 'M' 'M' 'M' 'M' 'M' 'M' 'M' 'M' 'M' 'M' 'U' 'U' 'U'
 'M' 'M' 'M' 'M' 'M' 'U' 'M' 'M' 'M' 'M' 'U' 'M' 'M' 'M' 'M' 'M' 'M' 'U']"
364701,0,161,6,155,37,0,0,"['A' 'U' 'M' 'M' 'A' 'M' 'M' 'M' 'M' 'M' 'M' 'A' 'M' 'M' 'M' 'M' 'M' 'M'
 'M' 'U' 'M' 'M' 'U' 'M' 'M' 'M' 'M' 'M' 'U' 'M' 'M' 'M' 'M' 'U' 'U' 'M'
 'M' 'M' 'M' 'M' 'M' 'M' 'M' 'M' 'M' 'U' 'M' 'M' 'M' 'M' 'M' 'M' 'M' 'M'
 'M' 'M' 'U' 'M' 'M' 'M' 'M' 'M' 'M' 'M' 'M' 'M' 'M' 'M' 'M' 'M' 'M' 'M'
 'M' 'U' 'M' 'M' 'M' 'M' 'M' 'U' 'M' 'M' 'M' 'M' 'U' 'M' 'M' 'M' 'U' 'U'
 'M' 'M' 'M' 'M' 'M' 'M' 'M' 'M' 'M' 'U' 'M' 'M' 'M' 'M' 'M' 'M' 'M' 'M'
 'M' 'M' 'U' 'M' 'A' 'M' 'M' 'M' 'M' 'M' 'A' 'M' 'U' 'M' 'M' 'M' 'M' 'M'
 'U' 'M' 'M' 'U' 'M' 'M' 'U' 'U' 'U' 'U' 'U' 'U' 'U' 'U' 'M' 'M' 'M' 'M'
 'U' 'M' 'M' 'M' 'U' 'M' 'M' 'M' 'U' 'M' 'M' 'M' 'U' 'M' 'M' 'M' 'M' 'M'
 'M' 'A' 'M' 'U' 'U' 'M' 'M' 'M' 'M' 'M' 'M' 'M' 'M' 'M' 'M' 'M' 'M' 'U'
 'M' 'M' 'M' 'M' 'M' 'U' 'M' 'M' 'U' 'M' 'U' 'M' 'M' 'M' 'M' 'M' 'M' 'U']"
364801,0,163,7,156,35,0,0,"['A' 'U' 'M' 'M' 'A' 'M' 'M' 'M' 'M' 'M' 'M' 'A' 'M' 'M' 'M' 'M' 'M' 'M'
 'M' 'U' 'M' 'M' 'M' 'M' 'M' 'M' 'M' 'M' 'U' 'M' 'M' 'U' 'U' 'U' 'M' 'M'
 'M' 'M' 'M' 'M' 'M' 'M' 'M' 'M' 'M' 'U' 'M' 'M' 'M' 'M' 'M' 'M' 'M' 'M'
 'M' 'M' 'U' 'M' 'U' 'M' 'M' 'M' 'M' 'M' 'M' 'M' 'U' 'M' 'U' 'U' 'M' 'U'
 'M' 'M' 'M' 'M' 'M' 'M' 'M' 'M' 'M' 'U' 'M' 'M' 'M' 'M' 'M' 'M' 'M' 'M'
 'M' 'M' 'M' 'M' 'M' 'M' 'M' 'M' 'M' 'U' 'M' 'M' 'M' 'M' 'M' 'M' 'M' 'M'
 'M' 'M' 'M' 'M' 'A' 'M' 'M' 'M' 'M' 'M' 'A' 'M' 'U' 'M' 'M' 'M' 'M' 'M'
 'U' 'M' 'M' 'U' 'M' 'M' 'U' 'U' 'U' 'U' 'A' 'M' 'U' 'M' 'M' 'M' 'M' 'M'
 'U' 'M' 'M' 'M' 'U' 'M' 'M' 'M' 'U' 'M' 'M' 'M' 'U' 'M' 'M' 'M' 'M' 'M'
 'M' 'A' 'M' 'U' 'U' 'M' 'M' 'M' 'M' 'M' 'M' 'M' 'M' 'M' 'M' 'M' 'M' 'U'
 'M' 'U' 'U' 'M' 'U' 'U' 'M' 'M' 'U' 'M' 'M' 'M' 'M' 'M' 'M' 'M' 'M' 'M']"
364901,0,163,7,156,35,1,0,"['A' 'U' 'M' 'M' 'A' 'M' 'M' 'M' 'M' 'M' 'M' 'A' 'M' 'M' 'M' 'M' 'M' 'M'
 'M' 'U' 'M' 'M' 'M' 'M' 'M' 'M' 'M' 'M' 'U' 'M' 'M' 'M' 'U' 'U' 'M' 'M'
 'M' 'M' 'M' 'M' 'U' 'M' 'M' 'M' 'M' 'U' 'M' 'M' 'M' 'M' 'M' 'M' 'M' 'M'
 'M' 'M' 'U' 'M' 'U' 'M' 'M' 'M' 'M' 'M' 'M' 'M' 'U' 'U' 'M' 'M' 'M' 'M'
 'M' 'M' 'M' 'M' 'M' 'M' 'M' 'U' 'M' 'M' 'M' 'M' 'M' 'U' 'M' 'U' 'M' 'M'
 'M' 'M' 'M' 'M' 'M' 'M' 'M' 'M' 'M' 'U' 'M' 'M' 'U' 'M' 'M' 'M' 'M' 'M'
 'M' 'M' 'M' 'M' 'A' 'M' 'M' 'M' 'M' 'M' 'A' 'M' 'U' 'M' 'M' 'M' 'M' 'M'
 'U' 'M' 'M' 'U' 'M' 'U' 'M' 'U' 'U' 'U' 'U' 'U' 'U' 'M' 'M' 'M' 'M' 'M'
 'U' 'M' 'M' 'M' 'U' 'M' 'M' 'M' 'U' 'M' 'M' 'M' 'A' 'M' 'M' 'M' 'M' 'M'
 'M' 'A' 'M' 'M' 'U' 'M' 'M' 'M' 'M' 'M' 'M' 'U' 'M' 'M' 'M' 'M' 'M' 'U'
 'M' 'M' 'U' 'M' 'U' 'M' 'M' 'M' 'U' 'M' 'M' 'M' 'M' 'M' 'M' 'M' 'M' 'M']"
365001,0,161,8,153,37,0,0,"['A' 'M' 'M' 'M' 'A' 'U' 'M' 'M' 'M' 'M' 'M' 'A' 'M' 'M' 'M' 'M' 'M' 'M'
 'U' 'M' 'M' 'M' 'M' 'M' 'M' 'M' 'A' 'M' 'U' 'M' 'M' 'M' 'U' 'U' 'M' 'M'
 'M' 'M' 'M' 'M' 'U' 'M' 'M' 'M' 'M' 'U' 'M' 'M' 'M' 'M' 'M' 'M' 'M' 'M'
 'U' 'M' 'U' 'M' 'U' 'M' 'M' 'M' 'U' 'U' 'M' 'U' 'M' 'M' 'M' 'M' 'U' 'M'
 'U' 'M' 'M' 'M' 'M' 'U' 'M' 'M' 'M' 'M' 'M' 'M' 'M' 'M' 'M' 'M' 'M' 'M'
 'M' 'M' 'M' 'M' 'U' 'M' 'M' 'M' 'M' 'U' 'M' 'M' 'M' 'M' 'M' 'M' 'M' 'M'
 'U' 'M' 'M' 'M' 'A' 'M' 'M' 'M' 'M' 'M' 'A' 'M' 'M' 'M' 'M' 'M' 'M' 'U'
 'M' 'M' 'M' 'U' 'M' 'M' 'M' 'M' 'U' 'U' 'M' 'U' 'U' 'M' 'M' 'M' 'M' 'M'
 'U' 'U' 'U' 'M' 'M' 'M' 'M' 'M' 'M' 'M' 'M' 'U' 'A' 'M' 'M' 'M' 'M' 'M'
 'M' 'A' 'M' 'M' 'U' 'M' 'M' 'M' 'M' 'M' 'M' 'U' 'M' 'M' 'M' 'U' 'M' 'U'
 'M' 'M' 'U' 'M' 'U' 'M' 'M' 'M' 'U' 'M' 'M' 'M' 'M' 'U' 'M' 'M' 'M' 'M']"
365101,0,160,8,152,38,0,0,"['A' 'M' 'M' 'M' 'A' 'M' 'M' 'M' 'U' 'M' 'M' 'U' 'M' 'M' 'M' 'M' 'M' 'M'
 'M' 'M' 'M' 'M' 'M' 'M' 'M' 'M' 'A' 'M' 'U' 'M' 'M' 'M' 'U' 'M' 'M' 'M'
 'M' 'M' 'M' 'M' 'U' 'M' 'M' 'M' 'M' 'M' 'M' 'U' 'M' 'M' 'M' 'M' 'U' 'U'
 'U' 'M' 'U' 'M' 'U' 'M' 'M' 'M' 'U' 'M' 'M' 'M' 'M' 'U' 'M' 'M' 'M' 'M'
 'M' 'U' 'M' 'M' 'M' 'M' 'M' 'U' 'M' 'M' 'U' 'M' 'M' 'M' 'U' 'M' 'M' 'M'
 'M' 'M' 'M' 'M' 'M' 'M' 'M' 'M' 'M' 'U' 'M' 'M' 'M' 'M' 'M' 'M' 'M' 'M'
 'A' 'M' 'M' 'M' 'A' 'M' 'M' 'M' 'U' 'M' 'A' 'M' 'M' 'M' 'U' 'M' 'M' 'M'
 'M' 'M' 'M' 'U' 'M' 'M' 'M' 'M' 'U' 'U' 'M' 'U' 'M' 'M' 'M' 'M' 'M' 'M'
 'A' 'U' 'U' 'M' 'M' 'M' 'U' 'M' 'M' 'M' 'M' 'U' 'A' 'M' 'M' 'M' 'M' 'M'
 'M' 'U' 'M' 'M' 'U' 'M' 'M' 'U' 'M' 'M' 'M' 'U' 'M' 'M' 'M' 'U' 'M' 'U'
 'M' 'M' 'U' 'M' 'U' 'M' 'M' 'M' 'U' 'M' 'M' 'M' 'M' 'U' 'M' 'M' 'M' 'M']"
365201,0,160,6,154,38,0,0,"['A' 'M' 'M' 'M' 'M' 'M' 'M' 'M' 'U' 'M' 'M' 'U' 'M' 'M' 'M' 'M' 'M' 'M'
 'M' 'M' 'M' 'M' 'M' 'M' 'M' 'U' 'A' 'U' 'U' 'M' 'M' 'M' 'U' 'M' 'M' 'M'
 'M' 'M' 'U' 'M' 'U' 'M' 'M' 'M' 'M' 'M' 'M' 'U' 'M' 'M' 'M' 'M' 'U' 'U'
 'M' 'M' 'U' 'M' 'M' 'M' 'M' 'M' 'M' 'M' 'M' 'M' 'M' 'M' 'U' 'M' 'M' 'M'
 'M' 'M' 'M' 'M' 'M' 'M' 'M' 'M' 'U' 'U' 'M' 'M' 'M' 'M' 'M' 'M' 'U' 'M'
 'M' 'U' 'M' 'M' 'M' 'U' 'M' 'M' 'U' 'M' 'M' 'M' 'M' 'M' 'M' 'M' 'M' 'M'
 'U' 'M' 'M' 'M' 'A' 'M' 'M' 'M' 'A' 'M' 'U' 'M' 'M' 'M' 'U' 'M' 'M' 'M'
 'M' 'M' 'M' 'U' 'M' 'M' 'M' 'U' 'U' 'M' 'M' 'U' 'M' 'M' 'M' 'M' 'M' 'M'
 'A' 'U' 'M' 'M' 'M' 'M' 'U' 'M' 'M' 'M' 'M' 'U' 'A' 'M' 'M' 'M' 'M' 'M'
 'M' 'U' 'M' 'M' 'M' 'M' 'M' 'U' 'M' 'M' 'M' 'U' 'M' 'M' 'M' 'U' 'M' 'U'
 'M' 'M' 'U' 'M' 'U' 'M' 'M' 'M' 'U' 'M' 'M' 'M' 'M' 'U' 'M' 'M' 'M' 'M']"
365301,0,164,5,159,34,0,1,"['A' 'M' 'M' 'M' 'M' 'M' 'M' 'M' 'U' 'U' 'M' 'M' 'M' 'M' 'M' 'M' 'M' 'M'
 'M' 'M' 'M' 'M' 'M' 'M' 'M' 'U' 'A' 'A' 'U' 'M' 'M' 'M' 'U' 'M' 'M' 'M'
 'M' 'M' 'M' 'M' 'U' 'M' 'M' 'M' 'M' 'M' 'M' 'U' 'M' 'U' 'M' 'M' 'M' 'U'
 'M' 'M' 'M' 'M' 'M' 'M' 'M' 'M' 'M' 'M' 'M' 'M' 'M' 'U' 'M' 'M' 'U' 'M'
 'M' 'M' 'M' 'M' 'M' 'M' 'M' 'M' 'U' 'M' 'M' 'M' 'M' 'M' 'M' 'M' 'M' 'M'
 'M' 'U' 'M' 'U' 'M' 'M' 'M' 'M' 'U' 'M' 'M' 'M' 'M' 'M' 'M' 'M' 'M' 'M'
 'U' 'M' 'M' 'M' 'U' 'M' 'M' 'M' 'A' 'M' 'U' 'M' 'U' 'M' 'M' 'M' 'M' 'M'
 'M' 'M' 'M' 'U' 'M' 'M' 'M' 'U' 'M' 'M' 'M' 'U' 'U' 'M' 'M' 'M' 'M' 'M'
 'A' 'M' 'M' 'M' 'M' 'M' 'U' 'M' 'M' 'M' 'M' 'U' 'U' 'M' 'M' 'M' 'M' 'M'
 'M' 'U' 'M' 'M' 'M' 'U' 'M' 'U' 'M' 'M' 'M' 'U' 'M' 'M' 'M' 'U' 'M' 'M'
 'M' 'M' 'U' 'M' 'U' 'M' 'M' 'M' 'M' 'M' 'M' 'M' 'M' 'U' 'M' 'M' 'M' 'M']"
365401,0,165,6,159,33,0,0,"['A' 'M' 'M' 'M' 'M' 'M' 'M' 'M' 'U' 'U' 'M' 'M' 'M' 'M' 'M' 'M' 'M' 'M'
 'M' 'M' 'M' 'M' 'M' 'U' 'M' 'M' 'A' 'A' 'U' 'U' 'U' 'M' 'U' 'M' 'M' 'M'
 'M' 'M' 'M' 'M' 'U' 'M' 'M' 'M' 'M' 'M' 'M' 'U' 'M' 'M' 'M' 'M' 'M' 'U'
 'M' 'U' 'M' 'M' 'M' 'M' 'M' 'M' 'M' 'M' 'M' 'M' 'M' 'M' 'M' 'M' 'M' 'U'
 'M' 'M' 'M' 'M' 'M' 'M' 'M' 'M' 'M' 'M' 'U' 'M' 'M' 'U' 'M' 'M' 'U' 'M'
 'M' 'M' 'M' 'M' 'U' 'M' 'M' 'M' 'U' 'M' 'M' 'M' 'M' 'M' 'M' 'M' 'U' 'M'
 'U' 'M' 'M' 'M' 'M' 'M' 'M' 'M' 'A' 'M' 'U' 'M' 'U' 'M' 'M' 'M' 'M' 'M'
 'M' 'M' 'M' 'M' 'M' 'M' 'M' 'A' 'M' 'U' 'M' 'U' 'U' 'M' 'M' 'M' 'M' 'U'
 'A' 'M' 'M' 'M' 'M' 'M' 'U' 'M' 'M' 'U' 'M' 'U' 'M' 'M' 'M' 'M' 'M' 'M'
 'M' 'U' 'M' 'M' 'M' 'U' 'M' 'U' 'M' 'M' 'M' 'M' 'M' 'M' 'M' 'M' 'M' 'M'
 'M' 'M' 'U' 'M' 'U' 'M' 'M' 'M' 'M' 'M' 'M' 'M' 'M' 'M' 'M' 'M' 'M' 'M']"
365501,0,164,4,160,34,0,0,"['A' 'M' 'M' 'M' 'M' 'M' 'M' 'M' 'U' 'U' 'M' 'M' 'M' 'M' 'M' 'M' 'M' 'M'
 'M' 'M' 'M' 'M' 'M' 'M' 'M' 'M' 'U' 'A' 'U' 'U' 'U' 'M' 'M' 'U' 'M' 'M'
 'M' 'M' 'M' 'M' 'U' 'U' 'M' 'M' 'M' 'M' 'M' 'U' 'M' 'M' 'M' 'M' 'M' 'U'
 'M' 'U' 'M' 'M' 'M' 'M' 'M' 'M' 'M' 'M' 'M' 'U' 'M' 'M' 'M' 'U' 'M' 'M'
 'M' 'M' 'U' 'M' 'M' 'M' 'M' 'M' 'M' 'M' 'U' 'M' 'M' 'M' 'M' 'M' 'M' 'M'
 'M' 'M' 'M' 'U' 'M' 'M' 'M' 'M' 'U' 'M' 'M' 'M' 'M' 'M' 'M' 'M' 'U' 'M'
 'U' 'M' 'M' 'M' 'M' 'M' 'M' 'M' 'U' 'M' 'M' 'M' 'U' 'M' 'M' 'M' 'M' 'M'
 'U' 'M' 'M' 'M' 'M' 'M' 'M' 'A' 'M' 'M' 'M' 'U' 'U' 'M' 'M' 'M' 'M' 'U'
 'A' 'M' 'M' 'M' 'M' 'M' 'U' 'M' 'M' 'M' 'M' 'M' 'U' 'M' 'M' 'M' 'M' 'U'
 'M' 'U' 'M' 'U' 'M' 'U' 'M' 'M' 'M' 'M' 'M' 'M' 'M' 'M' 'M' 'M' 'M' 'M'
 'M' 'M' 'M' 'M' 'U' 'M' 'M' 'M' 'M' 'M' 'M' 'M' 'M' 'M' 'U' 'M' 'M' 'M']"
365601,0,170,4,166,28,0,0,"['A' 'M' 'M' 'M' 'M' 'M' 'M' 'M' 'U' 'M' 'M' 'M' 'M' 'M' 'M' 'M' 'M' 'M'
 'M' 'M' 'U' 'M' 'M' 'M' 'M' 'M' 'U' 'A' 'U' 'M' 'A' 'M' 'M' 'U' 'M' 'M'
 'M' 'M' 'M' 'M' 'U' 'M' 'M' 'M' 'M' 'M' 'M' 'U' 'M' 'M' 'M' 'M' 'M' 'M'
 'M' 'U' 'M' 'M' 'M' 'M' 'M' 'M' 'M' 'U' 'M' 'M' 'U' 'M' 'M' 'M' 'M' 'M'
 'M' 'U' 'M' 'M' 'M' 'M' 'M' 'U' 'M' 'U' 'U' 'M' 'M' 'M' 'M' 'M' 'M' 'M'
 'M' 'M' 'M' 'M' 'M' 'M' 'M' 'M' 'M' 'M' 'M' 'M' 'M' 'M' 'M' 'M' 'U' 'M'
 'U' 'M' 'M' 'M' 'M' 'M' 'M' 'M' 'U' 'M' 'M' 'M' 'U' 'M' 'M' 'M' 'M' 'M'
 'U' 'M' 'M' 'M' 'M' 'M' 'M' 'M' 'M' 'M' 'M' 'M' 'M' 'M' 'M' 'M' 'M' 'U'
 'A' 'M' 'M' 'M' 'M' 'M' 'M' 'M' 'U' 'M' 'M' 'M' 'U' 'M' 'M' 'M' 'M' 'U'
 'M' 'U' 'M' 'U' 'M' 'U' 'M' 'M' 'M' 'M' 'M' 'M' 'M' 'M' 'M' 'M' 'M' 'M'
 'M' 'M' 'M' 'M' 'U' 'M' 'M' 'M' 'M' 'M' 'M' 'M' 'M' 'M' 'U' 'M' 'M' 'M']"
365701,0,164,6,158,34,1,0,"['A' 'M' 'M' 'M' 'M' 'M' 'M' 'M' 'U' 'M' 'M' 'M' 'M' 'M' 'M' 'M' 'U' 'M'
 'M' 'M' 'U' 'M' 'M' 'M' 'M' 'M' 'U' 'A' 'U' 'M' 'A' 'M' 'M' 'M' 'M' 'M'
 'M' 'M' 'M' 'M' 'U' 'M' 'M' 'M' 'M' 'M' 'M' 'M' 'M' 'M' 'M' 'M' 'M' 'M'
 'M' 'U' 'M' 'M' 'M' 'M' 'M' 'M' 'M' 'U' 'M' 'M' 'M' 'M' 'M' 'U' 'M' 'M'
 'M' 'M' 'M' 'U' 'M' 'M' 'M' 'M' 'M' 'U' 'M' 'M' 'M' 'M' 'M' 'M' 'M' 'M'
 'M' 'U' 'M' 'M' 'U' 'M' 'U' 'M' 'M' 'M' 'M' 'M' 'M' 'M' 'M' 'M' 'U' 'U'
 'M' 'M' 'M' 'M' 'M' 'M' 'U' 'M' 'U' 'M' 'M' 'M' 'U' 'M' 'M' 'M' 'U' 'M'
 'U' 'M' 'M' 'M' 'M' 'M' 'U' 'M' 'U' 'U' 'U' 'A' 'U' 'M' 'M' 'M' 'M' 'U'
 'A' 'M' 'M' 'M' 'M' 'M' 'M' 'M' 'U' 'M' 'M' 'M' 'U' 'M' 'M' 'M' 'M' 'M'
 'M' 'A' 'M' 'U' 'M' 'U' 'M' 'M' 'M' 'M' 'M' 'M' 'M' 'M' 'M' 'M' 'M' 'M'
 'M' 'M' 'M' 'M' 'M' 'M' 'M' 'M' 'M' 'M' 'M' 'M' 'M' 'M' 'U' 'U' 'M' 'U']"
365801,0,160,6,154,38,0,0,"['A' 'M' 'M' 'M' 'U' 'M' 'M' 'U' 'U' 'M' 'M' 'M' 'M' 'M' 'M' 'M' 'U' 'M'
 'M' 'M' 'U' 'M' 'M' 'M' 'M' 'M' 'U' 'A' 'U' 'M' 'A' 'U' 'M' 'M' 'M' 'M'
 'M' 'M' 'M' 'M' 'U' 'M' 'M' 'M' 'M' 'M' 'M' 'M' 'M' 'M' 'M' 'M' 'M' 'M'
 'M' 'U' 'M' 'M' 'M' 'M' 'M' 'M' 'M' 'M' 'M' 'M' 'M' 'M' 'M' 'M' 'M' 'M'
 'M' 'M' 'M' 'M' 'U' 'M' 'M' 'M' 'U' 'M' 'M' 'U' 'U' 'M' 'M' 'M' 'U' 'M'
 'M' 'M' 'M' 'M' 'M' 'M' 'U' 'M' 'U' 'M' 'M' 'M' 'M' 'M' 'M' 'M' 'U' 'U'
 'M' 'M' 'M' 'M' 'M' 'M' 'M' 'M' 'U' 'M' 'M' 'M' 'U' 'M' 'M' 'M' 'U' 'M'
 'U' 'M' 'M' 'M' 'M' 'M' 'U' 'M' 'U' 'U' 'M' 'U' 'M' 'M' 'M' 'M' 'U' 'U'
 'A' 'M' 'M' 'M' 'M' 'M' 'M' 'M' 'U' 'M' 'M' 'M' 'U' 'M' 'M' 'M' 'M' 'M'
 'M' 'A' 'M' 'A' 'M' 'U' 'U' 'M' 'M' 'M' 'M' 'M' 'M' 'M' 'M' 'M' 'M' 'M'
 'U' 'M' 'M' 'M' 'M' 'M' 'M' 'M' 'M' 'M' 'M' 'U' 'M' 'M' 'U' 'U' 'M' 'U']"
365901,0,152,7,145,46,0,0,"['A' 'M' 'M' 'M' 'U' 'M' 'M' 'U' 'U' 'M' 'M' 'M' 'M' 'M' 'M' 'M' 'U' 'M'
 'U' 'M' 'U' 'M' 'M' 'M' 'M' 'M' 'U' 'A' 'M' 'M' 'A' 'U' 'M' 'M' 'M' 'M'
 'M' 'M' 'M' 'M' 'U' 'U' 'M' 'M' 'M' 'M' 'M' 'M' 'M' 'M' 'M' 'M' 'M' 'M'
 'M' 'U' 'M' 'M' 'M' 'M' 'M' 'U' 'M' 'M' 'M' 'M' 'M' 'M' 'M' 'M' 'M' 'M'
 'M' 'M' 'M' 'U' 'M' 'M' 'M' 'M' 'M' 'M' 'U' 'U' 'M' 'M' 'M' 'U' 'M' 'U'
 'M' 'M' 'M' 'M' 'M' 'M' 'U' 'M' 'U' 'M' 'M' 'U' 'M' 'M' 'M' 'U' 'U' 'U'
 'M' 'M' 'M' 'M' 'M' 'M' 'U' 'M' 'U' 'M' 'M' 'M' 'U' 'M' 'M' 'M' 'U' 'U'
 'U' 'M' 'M' 'M' 'M' 'M' 'M' 'U' 'U' 'U' 'U' 'U' 'U' 'M' 'M' 'M' 'U' 'U'
 'A' 'M' 'M' 'M' 'M' 'M' 'M' 'M' 'U' 'M' 'M' 'M' 'U' 'M' 'M' 'M' 'M' 'M'
 'M' 'A' 'M' 'A' 'M' 'U' 'U' 'M' 'M' 'M' 'M' 'M' 'M' 'M' 'U' 'M' 'M' 'M'
 'U' 'M' 'M' 'M' 'U' 'M' 'M' 'M' 'M' 'M' 'M' 'M' 'M' 'M' 'U' 'A' 'M' 'U']"
366001,0,153,7,146,45,0,0,"['A' 'M' 'M' 'M' 'U' 'M' 'M' 'M' 'U' 'M' 'M' 'M' 'M' 'M' 'M' 'U' 'M' 'M'
 'U' 'M' 'U' 'M' 'M' 'M' 'M' 'M' 'U' 'A' 'M' 'M' 'A' 'U' 'M' 'M' 'M' 'M'
 'M' 'M' 'M' 'M' 'U' 'U' 'M' 'M' 'M' 'U' 'M' 'U' 'M' 'M' 'M' 'M' 'M' 'M'
 'M' 'M' 'M' 'M' 'M' 'M' 'M' 'M' 'M' 'M' 'M' 'M' 'U' 'M' 'M' 'M' 'M' 'M'
 'M' 'M' 'U' 'M' 'M' 'M' 'M' 'M' 'M' 'U' 'M' 'U' 'M' 'U' 'M' 'M' 'M' 'M'
 'M' 'M' 'M' 'M' 'M' 'M' 'U' 'M' 'M' 'M' 'M' 'U' 'M' 'M' 'M' 'U' 'U' 'U'
 'M' 'M' 'M' 'M' 'M' 'M' 'M' 'M' 'A' 'M' 'M' 'M' 'M' 'M' 'M' 'M' 'U' 'U'
 'U' 'M' 'M' 'M' 'M' 'U' 'U' 'U' 'U' 'U' 'U' 'U' 'U' 'U' 'M' 'M' 'U' 'U'
 'A' 'U' 'M' 'M' 'M' 'M' 'M' 'M' 'U' 'M' 'M' 'M' 'U' 'M' 'M' 'M' 'M' 'U'
 'M' 'U' 'M' 'A' 'M' 'U' 'U' 'M' 'M' 'M' 'M' 'M' 'M' 'M' 'U' 'M' 'M' 'M'
 'M' 'M' 'M' 'M' 'U' 'M' 'M' 'M' 'M' 'M' 'M' 'M' 'M' 'M' 'U' 'A' 'M' 'M']"
366101,0,151,6,145,47,0,0,"['A' 'M' 'M' 'M' 'U' 'M' 'M' 'M' 'U' 'M' 'M' 'M' 'M' 'M' 'M' 'U' 'M' 'M'
 'U' 'M' 'M' 'U' 'M' 'M' 'M' 'U' 'U' 'A' 'U' 'M' 'A' 'U' 'M' 'M' 'M' 'M'
 'M' 'U' 'M' 'M' 'U' 'U' 'M' 'M' 'M' 'M' 'U' 'U' 'M' 'M' 'M' 'M' 'M' 'M'
 'M' 'M' 'M' 'M' 'M' 'M' 'M' 'M' 'M' 'M' 'M' 'M' 'M' 'M' 'M' 'U' 'U' 'M'
 'M' 'M' 'M' 'U' 'M' 'M' 'M' 'M' 'M' 'M' 'M' 'M' 'M' 'M' 'M' 'M' 'M' 'M'
 'U' 'U' 'M' 'M' 'M' 'U' 'U' 'M' 'M' 'M' 'M' 'U' 'M' 'M' 'M' 'U' 'U' 'U'
 'M' 'M' 'M' 'M' 'M' 'M' 'M' 'M' 'U' 'M' 'M' 'M' 'M' 'M' 'M' 'U' 'U' 'U'
 'U' 'M' 'M' 'M' 'M' 'U' 'U' 'M' 'U' 'A' 'U' 'U' 'U' 'M' 'M' 'M' 'U' 'U'
 'A' 'U' 'M' 'M' 'M' 'M' 'M' 'M' 'U' 'M' 'M' 'M' 'M' 'M' 'M' 'M' 'M' 'U'
 'M' 'M' 'M' 'U' 'M' 'M' 'U' 'M' 'M' 'M' 'M' 'M' 'M' 'M' 'U' 'M' 'M' 'M'
 'M' 'M' 'M' 'M' 'U' 'M' 'M' 'M' 'M' 'U' 'M' 'M' 'M' 'M' 'U' 'A' 'M' 'M']"
366201,0,152,5,147,46,0,1,"['A' 'M' 'M' 'M' 'U' 'M' 'M' 'M' 'M' 'M' 'M' 'M' 'M' 'M' 'U' 'A' 'M' 'M'
 'U' 'M' 'M' 'M' 'M' 'M' 'M' 'U' 'U' 'A' 'U' 'M' 'U' 'M' 'M' 'M' 'M' 'M'
 'M' 'U' 'M' 'M' 'M' 'U' 'M' 'M' 'M' 'M' 'U' 'U' 'M' 'M' 'M' 'M' 'M' 'U'
 'M' 'M' 'M' 'M' 'M' 'M' 'M' 'M' 'M' 'M' 'M' 'M' 'U' 'M' 'M' 'M' 'M' 'M'
 'M' 'M' 'M' 'M' 'M' 'M' 'M' 'M' 'M' 'M' 'M' 'M' 'M' 'M' 'M' 'M' 'U' 'M'
 'M' 'U' 'U' 'U' 'M' 'U' 'U' 'U' 'M' 'M' 'M' 'U' 'M' 'M' 'M' 'M' 'U' 'U'
 'M' 'M' 'M' 'M' 'U' 'M' 'M' 'M' 'M' 'M' 'M' 'M' 'M' 'M' 'M' 'U' 'M' 'U'
 'U' 'M' 'M' 'M' 'M' 'U' 'U' 'M' 'U' 'A' 'U' 'U' 'U' 'M' 'M' 'M' 'U' 'M'
 'U' 'U' 'U' 'M' 'M' 'M' 'U' 'M' 'M' 'M' 'M' 'M' 'M' 'M' 'U' 'M' 'M' 'M'
 'M' 'M' 'M' 'U' 'M' 'M' 'U' 'M' 'M' 'M' 'M' 'M' 'M' 'M' 'U' 'M' 'M' 'U'
 'M' 'M' 'M' 'M' 'U' 'M' 'M' 'M' 'M' 'M' 'M' 'U' 'M' 'M' 'U' 'A' 'M' 'M']"
366301,0,151,4,147,47,0,0,"['A' 'M' 'M' 'M' 'U' 'M' 'M' 'M' 'M' 'M' 'M' 'M' 'M' 'M' 'U' 'A' 'M' 'M'
 'U' 'M' 'M' 'M' 'M' 'M' 'M' 'U' 'M' 'U' 'U' 'M' 'U' 'M' 'U' 'M' 'M' 'M'
 'M' 'M' 'M' 'M' 'M' 'U' 'M' 'M' 'M' 'M' 'M' 'U' 'M' 'M' 'M' 'M' 'M' 'U'
 'M' 'M' 'M' 'M' 'M' 'M' 'M' 'M' 'M' 'M' 'M' 'M' 'U' 'U' 'U' 'U' 'M' 'M'
 'M' 'U' 'M' 'M' 'M' 'M' 'M' 'M' 'M' 'M' 'M' 'M' 'M' 'M' 'M' 'M' 'M' 'M'
 'M' 'M' 'M' 'M' 'M' 'U' 'U' 'U' 'M' 'M' 'M' 'U' 'M' 'M' 'M' 'M' 'U' 'M'
 'M' 'M' 'M' 'M' 'U' 'U' 'M' 'M' 'M' 'M' 'M' 'M' 'M' 'M' 'M' 'U' 'M' 'U'
 'U' 'M' 'M' 'M' 'U' 'U' 'M' 'U' 'U' 'A' 'U' 'U' 'U' 'M' 'M' 'M' 'M' 'M'
 'U' 'U' 'U' 'U' 'M' 'M' 'U' 'M' 'M' 'M' 'M' 'M' 'M' 'M' 'U' 'M' 'U' 'M'
 'M' 'M' 'U' 'U' 'M' 'U' 'U' 'M' 'M' 'M' 'M' 'M' 'M' 'M' 'U' 'M' 'M' 'U'
 'M' 'M' 'M' 'M' 'U' 'M' 'M' 'M' 'M' 'M' 'M' 'M' 'M' 'M' 'M' 'A' 'M' 'M']"
366401,0,153,6,147,45,1,0,"['A' 'M' 'M' 'M' 'U' 'M' 'M' 'M' 'M' 'M' 'M' 'M' 'M' 'M' 'M' 'A' 'M' 'M'
 'U' 'M' 'M' 'M' 'M' 'M' 'U' 'M' 'M' 'U' 'A' 'U' 'M' 'M' 'U' 'M' 'M' 'M'
 'M' 'M' 'U' 'M' 'M' 'U' 'M' 'U' 'M' 'M' 'U' 'U' 'M' 'M' 'M' 'M' 'M' 'U'
 'M' 'M' 'M' 'M' 'M' 'M' 'M' 'M' 'U' 'M' 'M' 'M' 'M' 'M' 'M' 'U' 'M' 'M'
 'U' 'M' 'M' 'M' 'M' 'M' 'M' 'M' 'M' 'M' 'M' 'M' 'M' 'M' 'U' 'M' 'U' 'M'
 'M' 'M' 'M' 'U' 'M' 'M' 'U' 'U' 'M' 'M' 'M' 'M' 'M' 'M' 'M' 'M' 'U' 'M'
 'M' 'M' 'M' 'M' 'M' 'U' 'M' 'M' 'M' 'M' 'U' 'M' 'M' 'M' 'M' 'U' 'M' 'U'
 'U' 'M' 'M' 'M' 'U' 'U' 'M' 'M' 'U' 'A' 'U' 'U' 'U' 'M' 'M' 'M' 'M' 'M'
 'U' 'U' 'U' 'U' 'M' 'M' 'U' 'U' 'M' 'M' 'M' 'M' 'M' 'M' 'U' 'M' 'U' 'M'
 'M' 'M' 'M' 'U' 'M' 'U' 'A' 'M' 'M' 'M' 'M' 'M' 'M' 'M' 'U' 'M' 'M' 'M'
 'M' 'U' 'M' 'M' 'M' 'M' 'M' 'U' 'M' 'M' 'M' 'M' 'M' 'M' 'M' 'A' 'M' 'M']"
366501,0,154,7,147,44,0,0,"['A' 'M' 'M' 'M' 'U' 'M' 'M' 'M' 'M' 'M' 'M' 'M' 'M' 'M' 'M' 'A' 'M' 'M'
 'U' 'U' 'M' 'M' 'M' 'M' 'U' 'M' 'M' 'M' 'A' 'M' 'M' 'M' 'M' 'M' 'M' 'M'
 'M' 'M' 'U' 'M' 'M' 'U' 'M' 'U' 'M' 'M' 'M' 'M' 'M' 'M' 'M' 'M' 'M' 'U'
 'M' 'M' 'M' 'U' 'U' 'M' 'M' 'M' 'U' 'M' 'U' 'M' 'M' 'U' 'U' 'M' 'U' 'M'
 'M' 'M' 'M' 'M' 'M' 'M' 'M' 'M' 'M' 'M' 'M' 'U' 'M' 'M' 'M' 'M' 'M' 'M'
 'M' 'M' 'U' 'M' 'M' 'M' 'M' 'U' 'M' 'M' 'M' 'M' 'M' 'M' 'M' 'M' 'U' 'M'
 'M' 'M' 'M' 'M' 'M' 'U' 'M' 'M' 'M' 'U' 'U' 'M' 'M' 'M' 'M' 'M' 'M' 'U'
 'M' 'M' 'M' 'M' 'U' 'U' 'U' 'U' 'U' 'A' 'U' 'U' 'U' 'M' 'M' 'M' 'M' 'M'
 'U' 'A' 'U' 'U' 'M' 'M' 'U' 'U' 'M' 'M' 'M' 'M' 'M' 'M' 'M' 'M' 'U' 'M'
 'U' 'M' 'M' 'U' 'M' 'M' 'A' 'M' 'M' 'M' 'M' 'U' 'M' 'M' 'A' 'M' 'M' 'M'
 'M' 'U' 'M' 'M' 'M' 'U' 'M' 'U' 'M' 'M' 'M' 'M' 'M' 'M' 'M' 'U' 'M' 'M']"
366601,0,153,5,148,45,0,0,"['A' 'M' 'M' 'M' 'U' 'M' 'M' 'M' 'M' 'M' 'M' 'U' 'M' 'M' 'M' 'A' 'M' 'M'
 'M' 'U' 'M' 'M' 'M' 'M' 'U' 'M' 'M' 'M' 'A' 'M' 'M' 'U' 'M' 'M' 'M' 'M'
 'M' 'M' 'U' 'M' 'M' 'U' 'M' 'M' 'M' 'M' 'U' 'M' 'M' 'M' 'M' 'M' 'M' 'U'
 'M' 'M' 'M' 'U' 'U' 'M' 'M' 'M' 'U' 'M' 'U' 'M' 'M' 'U' 'M' 'M' 'U' 'M'
 'U' 'M' 'M' 'U' 'M' 'M' 'M' 'M' 'M' 'M' 'M' 'M' 'M' 'M' 'M' 'U' 'M' 'M'
 'M' 'M' 'M' 'M' 'M' 'M' 'M' 'U' 'M' 'M' 'M' 'M' 'M' 'M' 'M' 'M' 'U' 'M'
 'M' 'M' 'M' 'M' 'U' 'U' 'M' 'M' 'M' 'U' 'U' 'M' 'M' 'M' 'M' 'M' 'M' 'U'
 'M' 'M' 'M' 'M' 'U' 'U' 'U' 'M' 'M' 'U' 'U' 'M' 'U' 'M' 'M' 'M' 'M' 'M'
 'U' 'A' 'U' 'U' 'M' 'M' 'M' 'U' 'M' 'M' 'M' 'M' 'M' 'M' 'M' 'M' 'U' 'M'
 'U' 'U' 'M' 'U' 'M' 'M' 'U' 'M' 'M' 'M' 'M' 'U' 'M' 'M' 'A' 'M' 'M' 'M'
 'M' 'M' 'M' 'M' 'M' 'U' 'M' 'U' 'M' 'M' 'M' 'U' 'M' 'M' 'M' 'U' 'M' 'M']"
366701,0,156,5,151,42,0,0,"['A' 'M' 'M' 'M' 'U' 'M' 'M' 'M' 'M' 'M' 'M' 'U' 'M' 'M' 'M' 'A' 'M' 'M'
 'M' 'U' 'M' 'M' 'M' 'M' 'U' 'M' 'M' 'M' 'A' 'M' 'M' 'M' 'M' 'M' 'M' 'M'
 'M' 'M' 'U' 'M' 'M' 'U' 'M' 'M' 'M' 'M' 'M' 'M' 'M' 'M' 'M' 'M' 'M' 'M'
 'M' 'M' 'M' 'U' 'U' 'M' 'M' 'M' 'U' 'M' 'U' 'M' 'U' 'M' 'M' 'M' 'M' 'U'
 'M' 'M' 'M' 'M' 'M' 'M' 'M' 'M' 'M' 'M' 'U' 'M' 'M' 'M' 'M' 'M' 'M' 'U'
 'M' 'M' 'U' 'M' 'M' 'M' 'M' 'U' 'M' 'M' 'M' 'M' 'U' 'M' 'M' 'M' 'U' 'U'
 'M' 'M' 'M' 'M' 'U' 'U' 'M' 'M' 'M' 'U' 'U' 'M' 'M' 'M' 'M' 'M' 'M' 'U'
 'M' 'M' 'M' 'M' 'U' 'U' 'U' 'M' 'M' 'U' 'U' 'M' 'U' 'M' 'M' 'M' 'M' 'M'
 'U' 'A' 'M' 'U' 'M' 'M' 'M' 'M' 'M' 'M' 'M' 'M' 'M' 'M' 'M' 'M' 'U' 'M'
 'M' 'U' 'M' 'M' 'M' 'M' 'U' 'A' 'M' 'M' 'M' 'U' 'M' 'M' 'U' 'M' 'M' 'M'
 'M' 'M' 'M' 'M' 'M' 'M' 'U' 'U' 'M' 'M' 'M' 'U' 'M' 'M' 'M' 'U' 'U' 'M']"
366801,0,152,7,145,46,0,0,"['A' 'M' 'M' 'M' 'U' 'M' 'M' 'M' 'M' 'M' 'M' 'U' 'M' 'M' 'M' 'A' 'M' 'M'
 'M' 'M' 'M' 'M' 'U' 'M' 'U' 'M' 'M' 'M' 'A' 'M' 'M' 'M' 'M' 'M' 'M' 'M'
 'M' 'M' 'M' 'M' 'M' 'U' 'M' 'M' 'M' 'M' 'U' 'M' 'M' 'M' 'M' 'M' 'M' 'M'
 'M' 'M' 'M' 'M' 'U' 'M' 'M' 'M' 'U' 'M' 'M' 'U' 'M' 'M' 'M' 'M' 'M' 'M'
 'M' 'M' 'M' 'M' 'M' 'M' 'M' 'M' 'U' 'M' 'M' 'M' 'M' 'M' 'U' 'U' 'M' 'U'
 'M' 'M' 'M' 'M' 'M' 'U' 'M' 'U' 'M' 'M' 'M' 'M' 'U' 'M' 'M' 'M' 'U' 'M'
 'U' 'M' 'M' 'M' 'U' 'A' 'M' 'M' 'M' 'U' 'U' 'M' 'M' 'M' 'M' 'M' 'M' 'U'
 'M' 'M' 'M' 'M' 'A' 'U' 'U' 'U' 'U' 'U' 'U' 'U' 'U' 'M' 'M' 'M' 'M' 'M'
 'M' 'U' 'M' 'U' 'M' 'M' 'U' 'M' 'M' 'M' 'M' 'M' 'M' 'M' 'M' 'M' 'U' 'U'
 'M' 'U' 'M' 'M' 'M' 'A' 'U' 'A' 'U' 'M' 'U' 'U' 'M' 'M' 'M' 'M' 'M' 'U'
 'M' 'M' 'M' 'M' 'M' 'M' 'U' 'U' 'M' 'M' 'M' 'U' 'M' 'M' 'M' 'U' 'U' 'M']"
366901,0,152,4,148,46,0,0,"['A' 'M' 'M' 'M' 'U' 'M' 'M' 'M' 'M' 'M' 'M' 'M' 'M' 'M' 'U' 'U' 'M' 'M'
 'M' 'M' 'M' 'M' 'U' 'M' 'U' 'M' 'M' 'M' 'U' 'M' 'M' 'M' 'M' 'M' 'M' 'M'
 'M' 'M' 'M' 'U' 'M' 'M' 'M' 'M' 'M' 'M' 'M' 'U' 'M' 'M' 'M' 'M' 'M' 'M'
 'M' 'M' 'M' 'U' 'M' 'M' 'M' 'M' 'U' 'M' 'M' 'M' 'M' 'U' 'M' 'M' 'U' 'M'
 'M' 'M' 'M' 'M' 'M' 'U' 'U' 'U' 'M' 'M' 'M' 'M' 'M' 'M' 'M' 'M' 'M' 'M'
 'M' 'M' 'M' 'M' 'M' 'U' 'M' 'U' 'M' 'M' 'M' 'M' 'U' 'M' 'M' 'M' 'U' 'M'
 'U' 'M' 'M' 'M' 'U' 'A' 'M' 'M' 'M' 'U' 'U' 'M' 'M' 'M' 'M' 'M' 'M' 'M'
 'M' 'M' 'M' 'M' 'A' 'U' 'U' 'M' 'U' 'U' 'U' 'U' 'U' 'M' 'M' 'M' 'M' 'M'
 'M' 'U' 'M' 'U' 'M' 'M' 'U' 'M' 'M' 'M' 'M' 'M' 'M' 'M' 'M' 'M' 'U' 'U'
 'M' 'U' 'M' 'M' 'M' 'A' 'U' 'U' 'U' 'U' 'U' 'U' 'M' 'M' 'M' 'M' 'M' 'U'
 'M' 'M' 'M' 'M' 'M' 'M' 'M' 'U' 'M' 'M' 'M' 'U' 'M' 'U' 'M' 'M' 'M' 'M']"
367001,0,156,5,151,42,0,0,"['A' 'M' 'M' 'M' 'U' 'U' 'M' 'M' 'M' 'M' 'M' 'M' 'M' 'M' 'U' 'U' 'M' 'M'
 'M' 'M' 'M' 'M' 'U' 'M' 'U' 'M' 'M' 'M' 'U' 'M' 'M' 'M' 'M' 'M' 'M' 'M'
 'M' 'M' 'M' 'U' 'M' 'M' 'U' 'M' 'M' 'M' 'M' 'U' 'M' 'A' 'M' 'M' 'M' 'M'
 'M' 'M' 'M' 'U' 'M' 'M' 'M' 'M' 'U' 'M' 'M' 'M' 'M' 'M' 'M' 'M' 'M' 'M'
 'M' 'M' 'M' 'M' 'M' 'M' 'M' 'M' 'M' 'M' 'U' 'M' 'M' 'M' 'M' 'M' 'U' 'M'
 'U' 'M' 'U' 'M' 'U' 'U' 'M' 'U' 'M' 'M' 'M' 'M' 'U' 'M' 'M' 'M' 'U' 'M'
 'M' 'M' 'M' 'M' 'U' 'U' 'M' 'M' 'M' 'U' 'M' 'M' 'M' 'M' 'M' 'M' 'M' 'M'
 'M' 'M' 'M' 'M' 'A' 'A' 'U' 'M' 'U' 'M' 'M' 'U' 'U' 'M' 'M' 'M' 'M' 'M'
 'M' 'U' 'M' 'U' 'M' 'M' 'M' 'M' 'M' 'M' 'M' 'M' 'M' 'M' 'M' 'M' 'U' 'U'
 'M' 'U' 'M' 'M' 'M' 'A' 'U' 'U' 'U' 'U' 'U' 'U' 'M' 'M' 'M' 'M' 'M' 'U'
 'M' 'M' 'M' 'M' 'M' 'M' 'M' 'U' 'M' 'M' 'M' 'U' 'M' 'M' 'M' 'M' 'M' 'M']"
367101,0,158,4,154,40,0,1,"['A' 'M' 'M' 'M' 'U' 'U' 'M' 'M' 'M' 'M' 'M' 'M' 'M' 'M' 'M' 'U' 'M' 'M'
 'M' 'M' 'M' 'M' 'U' 'M' 'U' 'M' 'M' 'M' 'U' 'M' 'M' 'M' 'M' 'U' 'M' 'M'
 'M' 'M' 'M' 'M' 'M' 'M' 'M' 'M' 'M' 'M' 'M' 'U' 'M' 'U' 'M' 'M' 'M' 'M'
 'M' 'M' 'M' 'U' 'M' 'M' 'M' 'M' 'M' 'M' 'M' 'M' 'M' 'M' 'U' 'M' 'M' 'M'
 'M' 'M' 'U' 'M' 'M' 'M' 'M' 'M' 'U' 'M' 'M' 'M' 'U' 'M' 'M' 'U' 'M' 'M'
 'M' 'M' 'M' 'M' 'M' 'U' 'M' 'M' 'M' 'M' 'M' 'M' 'U' 'U' 'M' 'M' 'U' 'M'
 'M' 'M' 'M' 'M' 'U' 'U' 'M' 'M' 'M' 'M' 'M' 'U' 'U' 'M' 'M' 'M' 'M' 'U'
 'U' 'M' 'U' 'M' 'A' 'A' 'U' 'M' 'M' 'M' 'U' 'M' 'M' 'M' 'M' 'M' 'M' 'M'
 'M' 'U' 'M' 'U' 'M' 'M' 'M' 'M' 'M' 'M' 'M' 'M' 'M' 'M' 'M' 'M' 'U' 'M'
 'M' 'M' 'M' 'M' 'M' 'A' 'U' 'U' 'U' 'U' 'U' 'U' 'M' 'M' 'M' 'M' 'M' 'U'
 'M' 'M' 'M' 'M' 'M' 'M' 'M' 'U' 'M' 'M' 'M' 'U' 'M' 'M' 'M' 'M' 'M' 'M']"
367201,1,158,5,153,40,0,0,"['A' 'M' 'M' 'M' 'U' 'U' 'M' 'M' 'U' 'M' 'M' 'U' 'M' 'M' 'M' 'U' 'M' 'M'
 'M' 'M' 'M' 'M' 'U' 'M' 'U' 'M' 'M' 'M' 'U' 'M' 'U' 'M' 'M' 'M' 'M' 'M'
 'M' 'M' 'M' 'M' 'M' 'M' 'M' 'M' 'U' 'M' 'M' 'U' 'M' 'U' 'M' 'M' 'M' 'M'
 'M' 'M' 'M' 'U' 'M' 'M' 'M' 'M' 'M' 'M' 'M' 'M' 'U' 'M' 'M' 'U' 'M' 'M'
 'M' 'M' 'M' 'M' 'M' 'M' 'U' 'U' 'M' 'M' 'M' 'M' 'M' 'M' 'M' 'U' 'M' 'M'
 'M' 'M' 'M' 'M' 'M' 'U' 'M' 'M' 'M' 'M' 'M' 'M' 'U' 'M' 'M' 'U' 'M' 'M'
 'M' 'M' 'M' 'U' 'U' 'U' 'M' 'M' 'M' 'M' 'M' 'U' 'U' 'M' 'M' 'M' 'M' 'U'
 'A' 'M' 'M' 'M' 'A' 'A' 'U' 'M' 'M' 'M' 'U' 'M' 'M' 'M' 'M' 'M' 'M' 'M'
 'M' 'U' 'M' 'U' 'M' 'M' 'M' 'M' 'M' 'M' 'M' 'M' 'M' 'M' 'M' 'M' 'M' 'M'
 'M' 'M' 'M' 'M' 'M' 'A' 'U' 'U' 'U' 'U' 'U' 'U' 'M' 'M' 'M' 'M' 'M' 'U'
 'M' 'M' 'M' 'M' 'M' 'M' 'M' 'U' 'M' 'M' 'M' 'U' 'M' 'M' 'M' 'M' 'M' 'M']"
367301,0,159,5,154,39,0,0,"['A' 'M' 'M' 'M' 'M' 'U' 'M' 'M' 'U' 'M' 'M' 'U' 'M' 'M' 'M' 'U' 'M' 'M'
 'M' 'M' 'M' 'M' 'U' 'M' 'M' 'M' 'M' 'M' 'U' 'M' 'A' 'M' 'M' 'M' 'M' 'M'
 'M' 'M' 'M' 'U' 'M' 'M' 'M' 'M' 'U' 'M' 'M' 'U' 'M' 'U' 'M' 'M' 'M' 'M'
 'M' 'M' 'M' 'U' 'U' 'M' 'M' 'M' 'M' 'M' 'M' 'M' 'M' 'M' 'M' 'M' 'M' 'M'
 'M' 'M' 'M' 'U' 'M' 'M' 'M' 'M' 'U' 'M' 'M' 'M' 'M' 'M' 'M' 'U' 'M' 'M'
 'M' 'M' 'U' 'M' 'U' 'U' 'M' 'M' 'M' 'M' 'M' 'M' 'M' 'M' 'M' 'M' 'U' 'M'
 'M' 'M' 'M' 'U' 'U' 'M' 'M' 'M' 'M' 'M' 'M' 'U' 'U' 'M' 'M' 'M' 'M' 'U'
 'U' 'M' 'M' 'M' 'A' 'U' 'U' 'U' 'M' 'M' 'U' 'U' 'U' 'U' 'M' 'U' 'M' 'M'
 'M' 'U' 'M' 'M' 'M' 'M' 'M' 'M' 'M' 'M' 'M' 'M' 'M' 'M' 'M' 'M' 'M' 'M'
 'M' 'M' 'M' 'M' 'M' 'A' 'A' 'M' 'M' 'M' 'M' 'M' 'M' 'M' 'M' 'M' 'M' 'U'
 'M' 'M' 'M' 'M' 'M' 'M' 'M' 'U' 'M' 'M' 'M' 'U' 'U' 'M' 'M' 'M' 'M' 'U']"
367401,0,164,5,159,34,0,0,"['A' 'M' 'M' 'M' 'M' 'M' 'M' 'M' 'U' 'M' 'M' 'U' 'M' 'M' 'M' 'U' 'M' 'M'
 'M' 'M' 'M' 'M' 'M' 'M' 'M' 'M' 'M' 'M' 'U' 'M' 'A' 'M' 'M' 'M' 'M' 'M'
 'M' 'M' 'M' 'U' 'M' 'U' 'M' 'M' 'M' 'M' 'M' 'U' 'M' 'U' 'M' 'M' 'M' 'M'
 'M' 'M' 'M' 'U' 'U' 'M' 'M' 'M' 'M' 'U' 'M' 'M' 'M' 'M' 'M' 'M' 'U' 'M'
 'M' 'M' 'U' 'M' 'M' 'M' 'M' 'U' 'M' 'M' 'M' 'M' 'M' 'M' 'M' 'U' 'M' 'U'
 'M' 'M' 'M' 'M' 'M' 'M' 'M' 'M' 'M' 'M' 'M' 'M' 'M' 'U' 'M' 'M' 'U' 'M'
 'M' 'M' 'M' 'U' 'M' 'M' 'M' 'M' 'M' 'M' 'M' 'M' 'U' 'M' 'M' 'M' 'M' 'U'
 'M' 'M' 'M' 'M' 'A' 'U' 'U' 'M' 'M' 'U' 'U' 'U' 'U' 'M' 'M' 'U' 'M' 'M'
 'M' 'M' 'M' 'M' 'M' 'M' 'U' 'M' 'M' 'M' 'M' 'M' 'M' 'M' 'M' 'M' 'M' 'U'
 'M' 'M' 'M' 'M' 'M' 'A' 'A' 'M' 'M' 'M' 'M' 'M' 'M' 'M' 'M' 'M' 'M' 'U'
 'M' 'M' 'M' 'M' 'M' 'M' 'M' 'U' 'M' 'M' 'M' 'U' 'M' 'M' 'M' 'M' 'M' 'U']"
367501,0,163,5,158,35,0,0,"['A' 'M' 'M' 'M' 'M' 'M' 'U' 'M' 'U' 'M' 'M' 'U' 'M' 'M' 'M' 'U' 'M' 'M'
 'M' 'M' 'M' 'M' 'M' 'M' 'M' 'M' 'M' 'M' 'M' 'M' 'A' 'M' 'M' 'M' 'M' 'M'
 'M' 'M' 'M' 'U' 'M' 'U' 'M' 'U' 'M' 'M' 'M' 'U' 'M' 'U' 'M' 'M' 'M' 'M'
 'M' 'M' 'M' 'U' 'U' 'M' 'M' 'M' 'M' 'U' 'M' 'M' 'M' 'M' 'M' 'M' 'M' 'M'
 'M' 'M' 'M' 'M' 'U' 'U' 'U' 'M' 'M' 'M' 'M' 'M' 'M' 'U' 'U' 'M' 'M' 'M'
 'M' 'M' 'M' 'M' 'M' 'M' 'M' 'M' 'M' 'M' 'M' 'M' 'M' 'U' 'M' 'M' 'M' 'M'
 'M' 'M' 'U' 'M' 'M' 'M' 'M' 'M' 'M' 'M' 'M' 'M' 'M' 'M' 'M' 'M' 'M' 'U'
 'M' 'M' 'M' 'M' 'A' 'U' 'M' 'M' 'M' 'U' 'M' 'U' 'U' 'M' 'M' 'U' 'M' 'M'
 'M' 'M' 'M' 'M' 'M' 'M' 'U' 'M' 'M' 'M' 'U' 'M' 'M' 'M' 'M' 'M' 'M' 'U'
 'M' 'M' 'M' 'M' 'M' 'A' 'A' 'M' 'M' 'M' 'M' 'M' 'M' 'U' 'M' 'M' 'M' 'U'
 'M' 'M' 'M' 'U' 'M' 'M' 'M' 'U' 'M' 'M' 'M' 'U' 'M' 'M' 'U' 'M' 'M' 'U']"
367601,0,165,5,160,33,0,0,"['A' 'M' 'M' 'M' 'M' 'M' 'M' 'M' 'U' 'M' 'M' 'M' 'M' 'U' 'M' 'U' 'U' 'M'
 'M' 'M' 'M' 'M' 'M' 'M' 'M' 'M' 'M' 'M' 'M' 'M' 'A' 'M' 'M' 'M' 'M' 'M'
 'M' 'M' 'U' 'U' 'M' 'M' 'M' 'U' 'M' 'U' 'M' 'M' 'M' 'M' 'M' 'M' 'M' 'M'
 'M' 'M' 'M' 'A' 'U' 'M' 'M' 'M' 'M' 'U' 'M' 'M' 'M' 'M' 'M' 'M' 'M' 'M'
 'M' 'M' 'U' 'M' 'M' 'M' 'M' 'M' 'M' 'U' 'M' 'M' 'U' 'M' 'M' 'M' 'M' 'U'
 'M' 'M' 'U' 'M' 'M' 'M' 'M' 'M' 'M' 'M' 'M' 'U' 'M' 'U' 'M' 'M' 'M' 'M'
 'M' 'M' 'M' 'M' 'M' 'M' 'M' 'M' 'M' 'M' 'M' 'M' 'M' 'M' 'M' 'M' 'M' 'M'
 'M' 'M' 'M' 'M' 'A' 'U' 'M' 'M' 'M' 'U' 'M' 'U' 'U' 'M' 'M' 'U' 'M' 'M'
 'M' 'M' 'M' 'M' 'M' 'M' 'M' 'M' 'M' 'M' 'U' 'M' 'M' 'M' 'U' 'M' 'M' 'U'
 'M' 'M' 'M' 'M' 'M' 'M' 'A' 'M' 'M' 'U' 'M' 'M' 'M' 'M' 'M' 'M' 'M' 'U'
 'M' 'M' 'U' 'U' 'M' 'M' 'M' 'M' 'M' 'M' 'M' 'U' 'M' 'M' 'U' 'M' 'U' 'U']"
367701,0,166,6,160,32,0,0,"['A' 'M' 'M' 'M' 'M' 'M' 'M' 'M' 'M' 'M' 'M' 'U' 'M' 'M' 'M' 'M' 'U' 'M'
 'M' 'U' 'U' 'M' 'M' 'M' 'M' 'M' 'U' 'M' 'M' 'M' 'A' 'M' 'M' 'M' 'M' 'M'
 'M' 'M' 'M' 'M' 'M' 'M' 'M' 'U' 'M' 'M' 'M' 'M' 'M' 'M' 'M' 'M' 'M' 'M'
 'M' 'M' 'M' 'A' 'U' 'M' 'M' 'U' 'M' 'U' 'U' 'M' 'M' 'M' 'M' 'U' 'M' 'M'
 'M' 'U' 'U' 'M' 'M' 'M' 'M' 'M' 'M' 'M' 'M' 'M' 'M' 'M' 'M' 'U' 'M' 'M'
 'M' 'M' 'U' 'M' 'M' 'M' 'M' 'M' 'M' 'M' 'M' 'U' 'M' 'U' 'M' 'M' 'M' 'M'
 'M' 'M' 'M' 'M' 'M' 'M' 'M' 'M' 'M' 'M' 'M' 'M' 'M' 'M' 'M' 'M' 'M' 'M'
 'M' 'U' 'M' 'M' 'A' 'U' 'M' 'M' 'M' 'U' 'M' 'U' 'U' 'M' 'M' 'M' 'U' 'M'
 'M' 'U' 'M' 'M' 'M' 'M' 'M' 'M' 'M' 'M' 'U' 'M' 'M' 'M' 'U' 'M' 'M' 'M'
 'M' 'M' 'M' 'M' 'M' 'M' 'A' 'M' 'M' 'M' 'M' 'M' 'M' 'M' 'M' 'M' 'M' 'U'
 'M' 'M' 'U' 'M' 'M' 'M' 'U' 'M' 'M' 'M' 'M' 'U' 'M' 'M' 'U' 'M' 'U' 'A']"
367801,0,162,3,159,36,1,0,"['A' 'M' 'M' 'M' 'M' 'M' 'M' 'M' 'M' 'M' 'M' 'U' 'M' 'M' 'M' 'M' 'U' 'M'
 'M' 'U' 'U' 'M' 'M' 'M' 'M' 'M' 'U' 'M' 'M' 'M' 'U' 'M' 'M' 'M' 'M' 'M'
 'M' 'M' 'M' 'M' 'M' 'M' 'M' 'M' 'M' 'M' 'M' 'M' 'M' 'M' 'M' 'M' 'M' 'M'
 'M' 'M' 'M' 'U' 'U' 'M' 'M' 'U' 'M' 'U' 'U' 'M' 'U' 'M' 'M' 'M' 'M' 'M'
 'M' 'M' 'M' 'M' 'M' 'M' 'M' 'M' 'M' 'M' 'M' 'M' 'M' 'U' 'M' 'U' 'M' 'M'
 'U' 'U' 'M' 'M' 'M' 'M' 'M' 'M' 'M' 'M' 'M' 'U' 'M' 'M' 'U' 'M' 'M' 'M'
 'M' 'M' 'M' 'M' 'M' 'M' 'M' 'M' 'M' 'M' 'M' 'U' 'M' 'M' 'M' 'M' 'M' 'M'
 'M' 'U' 'M' 'M' 'U' 'U' 'M' 'M' 'M' 'U' 'M' 'M' 'U' 'M' 'M' 'M' 'U' 'M'
 'M' 'U' 'M' 'M' 'M' 'M' 'M' 'U' 'M' 'M' 'U' 'M' 'M' 'M' 'U' 'M' 'M' 'M'
 'M' 'M' 'U' 'M' 'M' 'M' 'A' 'M' 'M' 'M' 'M' 'M' 'M' 'M' 'M' 'M' 'M' 'U'
 'M' 'M' 'U' 'U' 'M' 'M' 'M' 'M' 'M' 'M' 'M' 'U' 'M' 'M' 'U' 'M' 'U' 'A']"
367901,1,165,3,162,33,0,0,"['A' 'M' 'M' 'M' 'M' 'M' 'M' 'M' 'M' 'U' 'M' 'M' 'M' 'M' 'M' 'M' 'U' 'M'
 'M' 'U' 'U' 'M' 'M' 'M' 'M' 'M' 'U' 'M' 'M' 'M' 'M' 'M' 'M' 'M' 'M' 'M'
 'M' 'M' 'M' 'M' 'M' 'M' 'M' 'M' 'M' 'M' 'M' 'M' 'M' 'M' 'M' 'M' 'M' 'U'
 'U' 'M' 'M' 'M' 'U' 'M' 'M' 'U' 'M' 'U' 'U' 'M' 'M' 'M' 'M' 'M' 'M' 'M'
 'U' 'M' 'M' 'M' 'M' 'M' 'M' 'M' 'U' 'M' 'M' 'U' 'M' 'M' 'M' 'M' 'M' 'M'
 'M' 'U' 'U' 'M' 'M' 'M' 'M' 'M' 'M' 'M' 'M' 'U' 'M' 'M' 'U' 'M' 'U' 'M'
 'M' 'M' 'M' 'M' 'M' 'M' 'M' 'M' 'M' 'M' 'M' 'U' 'M' 'M' 'M' 'M' 'M' 'M'
 'M' 'U' 'M' 'M' 'U' 'U' 'U' 'M' 'M' 'M' 'M' 'M' 'U' 'M' 'M' 'M' 'M' 'M'
 'M' 'U' 'M' 'M' 'M' 'M' 'M' 'U' 'M' 'M' 'U' 'M' 'M' 'M' 'U' 'M' 'M' 'M'
 'M' 'M' 'U' 'M' 'M' 'M' 'A' 'M' 'M' 'M' 'M' 'M' 'M' 'M' 'M' 'M' 'M' 'U'
 'M' 'M' 'M' 'M' 'M' 'M' 'M' 'M' 'M' 'M' 'M' 'U' 'M' 'M' 'U' 'M' 'M' 'A']"
368001,0,162,4,158,36,0,0,"['A' 'M' 'M' 'M' 'M' 'M' 'U' 'M' 'M' 'U' 'M' 'M' 'M' 'M' 'M' 'M' 'U' 'M'
 'M' 'U' 'U' 'M' 'M' 'M' 'M' 'M' 'M' 'M' 'M' 'M' 'M' 'M' 'M' 'M' 'M' 'M'
 'M' 'M' 'M' 'M' 'M' 'M' 'M' 'M' 'M' 'M' 'M' 'M' 'M' 'M' 'M' 'A' 'M' 'U'
 'M' 'M' 'M' 'M' 'U' 'M' 'M' 'U' 'M' 'U' 'U' 'M' 'U' 'U' 'M' 'M' 'M' 'M'
 'M' 'M' 'M' 'M' 'M' 'M' 'M' 'U' 'U' 'M' 'M' 'M' 'M' 'M' 'M' 'M' 'M' 'M'
 'U' 'M' 'M' 'M' 'M' 'M' 'M' 'M' 'M' 'M' 'U' 'U' 'M' 'M' 'U' 'M' 'U' 'M'
 'M' 'M' 'M' 'M' 'M' 'M' 'M' 'M' 'U' 'M' 'M' 'U' 'M' 'M' 'M' 'M' 'M' 'M'
 'M' 'U' 'M' 'M' 'U' 'U' 'M' 'U' 'U' 'U' 'U' 'U' 'U' 'M' 'M' 'M' 'M' 'M'
 'M' 'U' 'M' 'M' 'M' 'M' 'M' 'U' 'M' 'M' 'M' 'M' 'M' 'M' 'M' 'M' 'M' 'M'
 'M' 'M' 'U' 'M' 'M' 'M' 'A' 'M' 'M' 'M' 'M' 'M' 'M' 'M' 'M' 'M' 'M' 'U'
 'M' 'M' 'M' 'M' 'M' 'M' 'M' 'M' 'M' 'M' 'M' 'U' 'M' 'M' 'U' 'M' 'M' 'A']"
368101,0,161,3,158,37,0,0,"['A' 'M' 'M' 'M' 'M' 'U' 'U' 'M' 'M' 'U' 'M' 'M' 'M' 'M' 'M' 'M' 'U' 'M'
 'U' 'U' 'U' 'M' 'M' 'M' 'M' 'M' 'M' 'M' 'M' 'M' 'M' 'M' 'M' 'M' 'M' 'M'
 'M' 'M' 'M' 'M' 'M' 'M' 'M' 'M' 'M' 'M' 'U' 'M' 'M' 'M' 'M' 'A' 'U' 'U'
 'M' 'M' 'M' 'M' 'U' 'U' 'M' 'U' 'M' 'M' 'U' 'M' 'M' 'U' 'U' 'M' 'M' 'M'
 'M' 'M' 'M' 'M' 'M' 'M' 'M' 'M' 'M' 'M' 'M' 'U' 'M' 'M' 'M' 'M' 'U' 'M'
 'M' 'M' 'U' 'M' 'M' 'M' 'M' 'M' 'M' 'M' 'U' 'U' 'M' 'M' 'U' 'M' 'U' 'M'
 'M' 'M' 'M' 'M' 'M' 'M' 'M' 'M' 'U' 'M' 'M' 'U' 'M' 'M' 'M' 'M' 'M' 'M'
 'M' 'M' 'M' 'M' 'U' 'U' 'M' 'U' 'U' 'U' 'U' 'M' 'U' 'M' 'M' 'M' 'M' 'M'
 'M' 'U' 'M' 'M' 'M' 'M' 'M' 'U' 'M' 'M' 'M' 'M' 'M' 'M' 'M' 'M' 'M' 'M'
 'M' 'M' 'M' 'M' 'M' 'M' 'A' 'M' 'M' 'M' 'M' 'M' 'M' 'M' 'M' 'M' 'M' 'M'
 'M' 'M' 'M' 'M' 'M' 'M' 'M' 'M' 'M' 'M' 'M' 'U' 'M' 'M' 'U' 'M' 'M' 'U']"
368201,0,153,2,151,45,0,0,"['A' 'M' 'M' 'M' 'M' 'U' 'M' 'U' 'M' 'U' 'M' 'M' 'M' 'U' 'M' 'M' 'U' 'M'
 'M' 'U' 'U' 'U' 'M' 'M' 'M' 'M' 'M' 'M' 'M' 'M' 'M' 'M' 'M' 'M' 'M' 'U'
 'M' 'M' 'M' 'M' 'M' 'M' 'M' 'M' 'M' 'M' 'U' 'M' 'M' 'M' 'M' 'U' 'U' 'U'
 'U' 'M' 'M' 'M' 'A' 'U' 'M' 'U' 'U' 'M' 'U' 'M' 'M' 'M' 'M' 'M' 'M' 'U'
 'M' 'M' 'M' 'M' 'M' 'M' 'M' 'M' 'U' 'M' 'M' 'U' 'U' 'M' 'M' 'M' 'M' 'M'
 'U' 'M' 'M' 'M' 'M' 'M' 'M' 'M' 'M' 'M' 'U' 'U' 'M' 'U' 'U' 'M' 'M' 'M'
 'M' 'M' 'M' 'M' 'U' 'M' 'M' 'M' 'M' 'M' 'M' 'U' 'U' 'M' 'M' 'M' 'M' 'M'
 'M' 'M' 'M' 'M' 'U' 'U' 'U' 'U' 'U' 'U' 'U' 'U' 'U' 'M' 'M' 'M' 'M' 'M'
 'M' 'U' 'M' 'M' 'M' 'M' 'M' 'U' 'M' 'M' 'M' 'M' 'M' 'U' 'M' 'M' 'M' 'M'
 'M' 'M' 'M' 'M' 'M' 'M' 'U' 'M' 'M' 'M' 'M' 'M' 'M' 'M' 'M' 'M' 'M' 'M'
 'M' 'M' 'M' 'M' 'M' 'M' 'M' 'M' 'M' 'M' 'M' 'M' 'M' 'M' 'U' 'M' 'M' 'U']"
368301,0,166,3,163,32,0,0,"['A' 'M' 'M' 'M' 'M' 'U' 'M' 'U' 'M' 'U' 'M' 'M' 'M' 'U' 'M' 'M' 'U' 'M'
 'M' 'M' 'U' 'U' 'M' 'M' 'M' 'M' 'M' 'M' 'M' 'M' 'M' 'M' 'M' 'M' 'M' 'U'
 'M' 'M' 'M' 'M' 'M' 'M' 'M' 'M' 'M' 'M' 'U' 'M' 'M' 'M' 'M' 'U' 'M' 'U'
 'U' 'M' 'M' 'M' 'A' 'M' 'M' 'M' 'M' 'M' 'M' 'M' 'M' 'U' 'M' 'M' 'U' 'M'
 'M' 'M' 'M' 'M' 'M' 'M' 'M' 'M' 'M' 'U' 'M' 'U' 'M' 'M' 'M' 'M' 'U' 'M'
 'M' 'M' 'M' 'M' 'M' 'M' 'M' 'M' 'M' 'M' 'U' 'U' 'M' 'M' 'M' 'M' 'M' 'M'
 'M' 'M' 'M' 'M' 'M' 'M' 'M' 'M' 'M' 'M' 'M' 'U' 'U' 'M' 'M' 'M' 'M' 'M'
 'M' 'M' 'M' 'M' 'M' 'A' 'U' 'U' 'M' 'U' 'U' 'U' 'U' 'M' 'M' 'M' 'M' 'M'
 'M' 'M' 'M' 'M' 'M' 'M' 'M' 'M' 'M' 'M' 'M' 'M' 'M' 'U' 'M' 'M' 'M' 'M'
 'M' 'M' 'M' 'M' 'M' 'M' 'U' 'M' 'M' 'M' 'M' 'M' 'M' 'M' 'M' 'M' 'M' 'M'
 'M' 'M' 'M' 'M' 'U' 'M' 'M' 'M' 'U' 'M' 'M' 'M' 'M' 'M' 'U' 'M' 'M' 'M']"
368401,1,162,3,159,36,0,0,"['A' 'M' 'M' 'M' 'M' 'U' 'M' 'U' 'M' 'U' 'M' 'M' 'M' 'M' 'M' 'M' 'U' 'M'
 'M' 'M' 'U' 'U' 'M' 'M' 'M' 'M' 'M' 'U' 'M' 'M' 'M' 'M' 'M' 'M' 'M' 'U'
 'M' 'M' 'M' 'M' 'M' 'M' 'M' 'M' 'M' 'M' 'U' 'M' 'M' 'M' 'M' 'M' 'M' 'M'
 'U' 'M' 'M' 'M' 'A' 'U' 'M' 'M' 'M' 'U' 'M' 'M' 'M' 'M' 'M' 'M' 'M' 'M'
 'M' 'M' 'M' 'M' 'M' 'U' 'M' 'U' 'M' 'M' 'M' 'M' 'M' 'U' 'U' 'M' 'M' 'M'
 'U' 'M' 'M' 'M' 'M' 'M' 'M' 'M' 'M' 'M' 'M' 'U' 'M' 'M' 'M' 'M' 'M' 'M'
 'M' 'M' 'M' 'M' 'M' 'M' 'M' 'M' 'M' 'M' 'M' 'M' 'U' 'M' 'M' 'M' 'M' 'U'
 'M' 'M' 'M' 'M' 'M' 'A' 'U' 'U' 'U' 'U' 'U' 'U' 'U' 'M' 'M' 'M' 'U' 'M'
 'M' 'M' 'M' 'U' 'U' 'M' 'M' 'M' 'U' 'M' 'M' 'M' 'M' 'U' 'M' 'M' 'M' 'M'
 'M' 'M' 'M' 'M' 'M' 'M' 'M' 'M' 'M' 'M' 'M' 'M' 'M' 'M' 'M' 'M' 'M' 'M'
 'M' 'M' 'M' 'M' 'U' 'M' 'M' 'M' 'U' 'M' 'M' 'M' 'M' 'M' 'U' 'M' 'U' 'M']"
368501,0,162,2,160,36,0,0,"['A' 'M' 'U' 'M' 'M' 'U' 'M' 'U' 'M' 'U' 'M' 'M' 'M' 'M' 'M' 'M' 'U' 'M'
 'M' 'M' 'U' 'U' 'M' 'M' 'M' 'M' 'U' 'M' 'M' 'M' 'M' 'M' 'M' 'M' 'M' 'U'
 'M' 'M' 'M' 'M' 'M' 'M' 'U' 'M' 'M' 'M' 'M' 'M' 'M' 'M' 'M' 'M' 'M' 'U'
 'U' 'M' 'M' 'M' 'M' 'U' 'M' 'M' 'M' 'U' 'M' 'M' 'U' 'M' 'M' 'M' 'M' 'U'
 'M' 'U' 'M' 'M' 'U' 'M' 'M' 'M' 'M' 'M' 'M' 'M' 'M' 'M' 'M' 'M' 'M' 'M'
 'M' 'M' 'M' 'M' 'U' 'M' 'M' 'M' 'M' 'M' 'M' 'U' 'M' 'M' 'M' 'M' 'M' 'M'
 'M' 'M' 'M' 'M' 'M' 'M' 'M' 'M' 'M' 'M' 'M' 'M' 'U' 'M' 'M' 'M' 'M' 'U'
 'M' 'M' 'M' 'M' 'M' 'A' 'U' 'U' 'U' 'U' 'U' 'U' 'U' 'M' 'M' 'M' 'U' 'M'
 'M' 'M' 'M' 'M' 'M' 'M' 'M' 'M' 'U' 'M' 'M' 'M' 'M' 'M' 'M' 'M' 'M' 'M'
 'M' 'M' 'M' 'M' 'M' 'M' 'M' 'M' 'M' 'M' 'M' 'M' 'M' 'M' 'U' 'M' 'M' 'M'
 'M' 'M' 'M' 'M' 'U' 'M' 'M' 'M' 'U' 'M' 'M' 'M' 'M' 'M' 'U' 'M' 'U' 'M']"
368601,0,162,2,160,36,0,0,"['A' 'M' 'M' 'M' 'M' 'U' 'M' 'U' 'M' 'U' 'M' 'M' 'M' 'M' 'M' 'M' 'U' 'M'
 'M' 'M' 'U' 'U' 'M' 'M' 'M' 'M' 'M' 'M' 'M' 'M' 'M' 'M' 'M' 'M' 'M' 'U'
 'M' 'M' 'M' 'M' 'M' 'M' 'U' 'M' 'M' 'M' 'M' 'M' 'M' 'M' 'M' 'M' 'M' 'U'
 'U' 'M' 'M' 'M' 'M' 'U' 'M' 'M' 'M' 'U' 'M' 'M' 'M' 'M' 'M' 'U' 'U' 'M'
 'M' 'M' 'M' 'M' 'M' 'M' 'M' 'M' 'M' 'M' 'U' 'M' 'M' 'M' 'M' 'M' 'M' 'M'
 'U' 'M' 'M' 'M' 'U' 'M' 'M' 'M' 'U' 'M' 'M' 'M' 'M' 'M' 'M' 'M' 'M' 'M'
 'M' 'M' 'M' 'M' 'M' 'M' 'M' 'M' 'M' 'M' 'M' 'M' 'U' 'M' 'M' 'M' 'M' 'U'
 'M' 'M' 'M' 'U' 'M' 'A' 'U' 'U' 'U' 'U' 'U' 'U' 'U' 'M' 'M' 'M' 'U' 'M'
 'M' 'M' 'M' 'M' 'M' 'M' 'M' 'M' 'U' 'M' 'M' 'M' 'M' 'M' 'M' 'M' 'M' 'M'
 'M' 'M' 'M' 'M' 'M' 'M' 'U' 'M' 'M' 'M' 'M' 'M' 'U' 'M' 'U' 'M' 'M' 'M'
 'M' 'M' 'M' 'M' 'U' 'M' 'M' 'M' 'U' 'M' 'M' 'M' 'M' 'M' 'U' 'M' 'M' 'M']"
368701,0,160,3,157,38,0,0,"['A' 'M' 'M' 'M' 'M' 'U' 'U' 'U' 'M' 'U' 'M' 'M' 'M' 'M' 'M' 'M' 'U' 'M'
 'M' 'M' 'U' 'M' 'M' 'M' 'M' 'M' 'M' 'M' 'M' 'M' 'M' 'M' 'M' 'M' 'M' 'U'
 'M' 'M' 'M' 'M' 'M' 'M' 'U' 'M' 'M' 'M' 'U' 'M' 'M' 'M' 'M' 'M' 'M' 'U'
 'U' 'U' 'M' 'M' 'M' 'U' 'M' 'M' 'M' 'U' 'M' 'M' 'M' 'M' 'M' 'U' 'M' 'M'
 'M' 'M' 'U' 'M' 'M' 'U' 'M' 'M' 'M' 'U' 'M' 'M' 'M' 'M' 'M' 'M' 'U' 'M'
 'M' 'M' 'M' 'M' 'M' 'M' 'M' 'M' 'M' 'M' 'M' 'M' 'M' 'M' 'M' 'M' 'M' 'M'
 'M' 'M' 'M' 'M' 'M' 'M' 'M' 'M' 'M' 'M' 'M' 'M' 'U' 'M' 'M' 'M' 'M' 'U'
 'U' 'M' 'M' 'M' 'U' 'A' 'M' 'U' 'U' 'A' 'U' 'U' 'U' 'M' 'M' 'M' 'M' 'M'
 'M' 'M' 'M' 'M' 'M' 'U' 'M' 'M' 'U' 'U' 'M' 'M' 'M' 'M' 'M' 'M' 'M' 'M'
 'M' 'M' 'M' 'M' 'M' 'M' 'U' 'M' 'M' 'M' 'U' 'U' 'U' 'M' 'U' 'M' 'M' 'M'
 'M' 'M' 'M' 'M' 'U' 'M' 'M' 'M' 'U' 'M' 'M' 'M' 'M' 'M' 'M' 'M' 'M' 'M']"
368801,0,158,3,155,40,0,0,"['A' 'M' 'M' 'M' 'M' 'U' 'M' 'U' 'M' 'U' 'M' 'M' 'M' 'M' 'M' 'M' 'U' 'M'
 'M' 'M' 'U' 'M' 'M' 'M' 'M' 'M' 'M' 'M' 'M' 'M' 'M' 'M' 'M' 'M' 'M' 'U'
 'M' 'M' 'M' 'M' 'M' 'M' 'U' 'M' 'M' 'U' 'U' 'M' 'M' 'M' 'M' 'M' 'M' 'U'
 'U' 'U' 'M' 'M' 'M' 'U' 'M' 'M' 'M' 'U' 'M' 'M' 'M' 'U' 'M' 'M' 'M' 'M'
 'M' 'M' 'M' 'M' 'M' 'M' 'M' 'M' 'M' 'M' 'M' 'U' 'M' 'M' 'M' 'M' 'M' 'M'
 'U' 'U' 'U' 'M' 'M' 'U' 'M' 'M' 'M' 'M' 'M' 'M' 'M' 'M' 'M' 'M' 'M' 'M'
 'M' 'U' 'M' 'M' 'M' 'M' 'M' 'M' 'M' 'M' 'M' 'M' 'U' 'M' 'M' 'M' 'M' 'U'
 'U' 'M' 'M' 'U' 'U' 'A' 'M' 'U' 'U' 'A' 'U' 'U' 'U' 'M' 'M' 'M' 'M' 'M'
 'M' 'M' 'M' 'M' 'M' 'U' 'M' 'M' 'U' 'M' 'M' 'U' 'M' 'M' 'M' 'M' 'M' 'M'
 'M' 'M' 'M' 'M' 'M' 'M' 'U' 'M' 'M' 'M' 'U' 'U' 'M' 'M' 'M' 'M' 'M' 'U'
 'M' 'M' 'U' 'M' 'U' 'M' 'M' 'M' 'M' 'M' 'M' 'M' 'M' 'M' 'M' 'M' 'M' 'M']"
368901,0,155,2,153,43,0,0,"['A' 'M' 'M' 'M' 'M' 'U' 'M' 'U' 'M' 'U' 'M' 'M' 'M' 'M' 'M' 'M' 'U' 'M'
 'M' 'M' 'U' 'M' 'M' 'M' 'M' 'M' 'M' 'M' 'M' 'U' 'M' 'M' 'M' 'M' 'M' 'U'
 'M' 'M' 'M' 'M' 'M' 'M' 'U' 'M' 'U' 'M' 'U' 'M' 'M' 'U' 'M' 'M' 'M' 'U'
 'U' 'U' 'M' 'M' 'M' 'M' 'M' 'M' 'M' 'U' 'M' 'M' 'M' 'M' 'M' 'M' 'M' 'U'
 'U' 'M' 'M' 'M' 'M' 'M' 'U' 'U' 'M' 'M' 'U' 'M' 'M' 'M' 'M' 'M' 'M' 'M'
 'M' 'M' 'M' 'M' 'M' 'M' 'M' 'M' 'M' 'M' 'M' 'M' 'U' 'M' 'M' 'M' 'U' 'M'
 'M' 'U' 'M' 'M' 'M' 'M' 'M' 'M' 'M' 'M' 'M' 'M' 'U' 'M' 'M' 'M' 'M' 'U'
 'U' 'M' 'M' 'M' 'A' 'U' 'U' 'U' 'U' 'U' 'M' 'M' 'U' 'M' 'M' 'M' 'M' 'M'
 'U' 'M' 'M' 'M' 'U' 'U' 'M' 'M' 'U' 'M' 'M' 'M' 'U' 'M' 'M' 'M' 'M' 'M'
 'M' 'M' 'M' 'M' 'M' 'M' 'U' 'M' 'M' 'M' 'U' 'U' 'M' 'U' 'M' 'M' 'M' 'U'
 'M' 'M' 'U' 'M' 'M' 'M' 'M' 'M' 'M' 'M' 'M' 'M' 'M' 'M' 'M' 'M' 'M' 'M']"
369001,0,159,2,157,39,0,0,"['A' 'M' 'M' 'M' 'M' 'U' 'M' 'U' 'M' 'M' 'M' 'M' 'M' 'M' 'M' 'M' 'U' 'M'
 'M' 'M' 'U' 'M' 'M' 'M' 'M' 'M' 'M' 'M' 'M' 'U' 'M' 'M' 'M' 'M' 'M' 'M'
 'M' 'M' 'M' 'M' 'M' 'M' 'U' 'M' 'M' 'M' 'U' 'M' 'M' 'U' 'M' 'U' 'M' 'U'
 'U' 'U' 'M' 'M' 'M' 'M' 'M' 'M' 'M' 'U' 'M' 'M' 'M' 'M' 'M' 'M' 'M' 'M'
 'M' 'M' 'M' 'U' 'U' 'M' 'M' 'M' 'U' 'M' 'U' 'M' 'M' 'U' 'M' 'M' 'M' 'M'
 'M' 'M' 'M' 'M' 'M' 'M' 'M' 'M' 'M' 'M' 'M' 'M' 'M' 'M' 'M' 'U' 'U' 'M'
 'M' 'U' 'M' 'U' 'M' 'M' 'M' 'M' 'M' 'M' 'M' 'M' 'U' 'M' 'M' 'M' 'M' 'U'
 'U' 'M' 'M' 'M' 'A' 'M' 'U' 'U' 'U' 'U' 'M' 'M' 'M' 'M' 'M' 'M' 'M' 'M'
 'U' 'M' 'M' 'M' 'U' 'U' 'M' 'M' 'U' 'M' 'M' 'U' 'M' 'M' 'M' 'M' 'M' 'M'
 'M' 'M' 'M' 'M' 'M' 'M' 'U' 'M' 'M' 'M' 'M' 'M' 'U' 'U' 'M' 'M' 'M' 'U'
 'M' 'M' 'U' 'M' 'M' 'M' 'M' 'M' 'M' 'M' 'M' 'M' 'M' 'M' 'M' 'M' 'M' 'M']"
369101,0,164,2,162,34,1,0,"['A' 'M' 'M' 'M' 'U' 'M' 'M' 'A' 'M' 'M' 'M' 'M' 'M' 'M' 'M' 'M' 'U' 'M'
 'M' 'M' 'U' 'M' 'M' 'M' 'M' 'M' 'M' 'U' 'M' 'U' 'M' 'M' 'M' 'M' 'M' 'M'
 'M' 'M' 'M' 'M' 'M' 'M' 'U' 'M' 'M' 'M' 'U' 'M' 'M' 'U' 'M' 'M' 'M' 'M'
 'M' 'U' 'U' 'M' 'M' 'M' 'M' 'M' 'M' 'U' 'M' 'M' 'M' 'M' 'U' 'M' 'M' 'U'
 'M' 'M' 'M' 'U' 'M' 'M' 'M' 'U' 'M' 'M' 'M' 'M' 'M' 'M' 'M' 'M' 'M' 'M'
 'M' 'M' 'U' 'M' 'M' 'M' 'M' 'M' 'M' 'M' 'M' 'M' 'M' 'M' 'M' 'M' 'U' 'M'
 'M' 'U' 'M' 'M' 'M' 'U' 'M' 'M' 'M' 'M' 'M' 'M' 'U' 'M' 'M' 'M' 'M' 'U'
 'U' 'M' 'M' 'M' 'U' 'M' 'U' 'M' 'U' 'M' 'M' 'M' 'M' 'M' 'M' 'M' 'M' 'M'
 'U' 'M' 'M' 'M' 'M' 'U' 'M' 'M' 'U' 'M' 'M' 'U' 'U' 'M' 'M' 'M' 'M' 'M'
 'M' 'M' 'M' 'M' 'M' 'M' 'U' 'M' 'M' 'M' 'M' 'M' 'U' 'M' 'M' 'M' 'M' 'U'
 'M' 'M' 'U' 'M' 'M' 'M' 'M' 'M' 'M' 'M' 'M' 'M' 'M' 'M' 'M' 'M' 'M' 'M']"
369201,0,159,4,155,39,0,0,"['A' 'M' 'M' 'M' 'U' 'M' 'U' 'A' 'M' 'M' 'M' 'M' 'M' 'M' 'M' 'M' 'M' 'M'
 'U' 'M' 'U' 'M' 'M' 'M' 'M' 'M' 'M' 'A' 'M' 'M' 'M' 'M' 'M' 'M' 'M' 'U'
 'M' 'M' 'M' 'M' 'M' 'U' 'U' 'M' 'M' 'M' 'U' 'M' 'M' 'M' 'M' 'U' 'M' 'M'
 'M' 'U' 'U' 'M' 'M' 'M' 'U' 'M' 'M' 'A' 'M' 'M' 'U' 'M' 'M' 'U' 'M' 'M'
 'M' 'M' 'U' 'U' 'M' 'M' 'M' 'M' 'M' 'M' 'M' 'U' 'M' 'M' 'M' 'M' 'M' 'M'
 'M' 'M' 'M' 'M' 'M' 'M' 'M' 'M' 'M' 'M' 'M' 'M' 'M' 'M' 'M' 'M' 'U' 'M'
 'M' 'U' 'M' 'M' 'M' 'U' 'M' 'M' 'M' 'M' 'M' 'M' 'M' 'M' 'M' 'M' 'M' 'U'
 'U' 'M' 'M' 'U' 'M' 'M' 'U' 'M' 'U' 'M' 'M' 'U' 'M' 'M' 'M' 'M' 'M' 'M'
 'U' 'M' 'M' 'M' 'U' 'U' 'M' 'M' 'M' 'M' 'M' 'U' 'U' 'M' 'M' 'M' 'M' 'M'
 'M' 'M' 'M' 'M' 'U' 'U' 'U' 'U' 'U' 'M' 'M' 'M' 'M' 'M' 'M' 'M' 'U' 'M'
 'M' 'M' 'U' 'M' 'M' 'M' 'M' 'M' 'M' 'M' 'M' 'M' 'M' 'M' 'M' 'M' 'U' 'M']"
369301,0,159,6,153,39,1,0,"['A' 'M' 'M' 'M' 'U' 'M' 'U' 'A' 'M' 'M' 'M' 'M' 'M' 'M' 'M' 'M' 'M' 'M'
 'U' 'M' 'U' 'M' 'M' 'U' 'M' 'M' 'M' 'U' 'M' 'M' 'M' 'M' 'M' 'M' 'M' 'A'
 'M' 'M' 'M' 'M' 'M' 'U' 'U' 'M' 'M' 'M' 'U' 'M' 'M' 'M' 'M' 'U' 'U' 'M'
 'M' 'U' 'U' 'M' 'U' 'U' 'U' 'M' 'M' 'A' 'M' 'M' 'M' 'M' 'M' 'M' 'M' 'M'
 'M' 'M' 'U' 'M' 'M' 'M' 'M' 'M' 'M' 'M' 'M' 'U' 'M' 'M' 'M' 'M' 'U' 'U'
 'M' 'U' 'M' 'M' 'M' 'M' 'M' 'M' 'M' 'M' 'M' 'M' 'M' 'M' 'M' 'M' 'U' 'M'
 'U' 'M' 'M' 'M' 'M' 'U' 'M' 'M' 'M' 'M' 'M' 'M' 'M' 'M' 'M' 'M' 'M' 'U'
 'M' 'U' 'M' 'U' 'M' 'M' 'U' 'M' 'U' 'M' 'M' 'M' 'M' 'M' 'M' 'M' 'M' 'M'
 'M' 'M' 'A' 'M' 'U' 'M' 'M' 'M' 'M' 'M' 'M' 'M' 'U' 'M' 'M' 'M' 'M' 'M'
 'M' 'U' 'M' 'U' 'U' 'A' 'U' 'U' 'M' 'M' 'M' 'M' 'M' 'M' 'M' 'M' 'M' 'M'
 'M' 'M' 'U' 'M' 'M' 'M' 'M' 'M' 'M' 'M' 'M' 'M' 'M' 'M' 'U' 'M' 'U' 'M']"
369401,0,159,7,152,39,1,0,"['A' 'M' 'M' 'M' 'U' 'M' 'U' 'A' 'M' 'M' 'M' 'U' 'M' 'M' 'M' 'M' 'M' 'M'
 'M' 'M' 'M' 'M' 'M' 'U' 'M' 'U' 'M' 'U' 'M' 'M' 'M' 'M' 'M' 'M' 'U' 'A'
 'M' 'M' 'M' 'M' 'M' 'M' 'U' 'M' 'M' 'M' 'U' 'M' 'M' 'M' 'M' 'M' 'U' 'M'
 'M' 'U' 'U' 'M' 'M' 'U' 'U' 'M' 'M' 'A' 'M' 'M' 'M' 'M' 'U' 'M' 'M' 'M'
 'U' 'M' 'M' 'M' 'M' 'M' 'M' 'U' 'U' 'M' 'M' 'M' 'M' 'M' 'M' 'M' 'M' 'M'
 'M' 'M' 'U' 'M' 'M' 'M' 'M' 'M' 'M' 'M' 'M' 'U' 'M' 'M' 'M' 'M' 'U' 'M'
 'A' 'M' 'M' 'M' 'M' 'U' 'M' 'M' 'M' 'M' 'M' 'M' 'M' 'M' 'M' 'M' 'M' 'U'
 'M' 'U' 'M' 'U' 'M' 'M' 'U' 'M' 'U' 'U' 'U' 'U' 'U' 'M' 'M' 'M' 'M' 'M'
 'M' 'M' 'U' 'M' 'M' 'M' 'M' 'M' 'M' 'M' 'M' 'M' 'U' 'U' 'M' 'M' 'M' 'M'
 'M' 'U' 'M' 'M' 'A' 'A' 'U' 'U' 'M' 'M' 'M' 'M' 'M' 'M' 'M' 'M' 'M' 'M'
 'M' 'M' 'U' 'U' 'M' 'M' 'M' 'M' 'M' 'M' 'M' 'M' 'M' 'M' 'M' 'M' 'M' 'M']"
369501,0,164,8,156,34,0,0,"['A' 'M' 'M' 'M' 'U' 'M' 'U' 'A' 'M' 'M' 'M' 'U' 'M' 'M' 'M' 'M' 'M' 'M'
 'U' 'M' 'M' 'U' 'M' 'M' 'M' 'M' 'M' 'U' 'M' 'M' 'M' 'M' 'M' 'M' 'U' 'U'
 'M' 'M' 'M' 'M' 'M' 'M' 'U' 'M' 'M' 'M' 'M' 'M' 'M' 'M' 'M' 'M' 'U' 'M'
 'M' 'U' 'A' 'M' 'M' 'M' 'M' 'M' 'M' 'A' 'M' 'M' 'M' 'M' 'U' 'M' 'M' 'M'
 'M' 'M' 'M' 'U' 'M' 'M' 'M' 'M' 'U' 'M' 'M' 'M' 'M' 'M' 'M' 'M' 'M' 'U'
 'M' 'M' 'M' 'U' 'M' 'M' 'M' 'M' 'M' 'U' 'M' 'M' 'M' 'M' 'M' 'M' 'A' 'U'
 'A' 'M' 'M' 'M' 'M' 'U' 'M' 'M' 'M' 'M' 'M' 'M' 'M' 'M' 'M' 'M' 'M' 'U'
 'M' 'M' 'M' 'M' 'M' 'M' 'U' 'M' 'M' 'U' 'U' 'U' 'U' 'U' 'M' 'M' 'M' 'M'
 'M' 'M' 'U' 'M' 'M' 'M' 'M' 'M' 'U' 'M' 'M' 'M' 'U' 'U' 'M' 'M' 'M' 'M'
 'M' 'M' 'U' 'M' 'A' 'A' 'U' 'M' 'M' 'U' 'M' 'M' 'M' 'M' 'M' 'M' 'M' 'M'
 'M' 'M' 'U' 'M' 'M' 'M' 'M' 'M' 'M' 'M' 'M' 'M' 'M' 'M' 'M' 'M' 'M' 'M']"
369601,0,162,7,155,36,0,0,"['A' 'M' 'M' 'U' 'U' 'M' 'U' 'U' 'M' 'M' 'M' 'U' 'M' 'M' 'M' 'M' 'M' 'M'
 'M' 'M' 'M' 'U' 'U' 'M' 'M' 'M' 'M' 'U' 'M' 'M' 'M' 'M' 'M' 'M' 'U' 'U'
 'M' 'M' 'M' 'M' 'M' 'M' 'M' 'M' 'M' 'M' 'M' 'M' 'M' 'M' 'M' 'M' 'M' 'M'
 'M' 'U' 'A' 'M' 'M' 'M' 'U' 'M' 'M' 'A' 'M' 'U' 'M' 'M' 'M' 'M' 'M' 'M'
 'M' 'M' 'M' 'M' 'M' 'U' 'M' 'M' 'M' 'M' 'M' 'M' 'M' 'M' 'U' 'M' 'M' 'M'
 'M' 'M' 'M' 'U' 'U' 'M' 'M' 'M' 'M' 'U' 'M' 'M' 'M' 'U' 'M' 'M' 'A' 'U'
 'A' 'M' 'M' 'M' 'M' 'U' 'M' 'M' 'M' 'M' 'M' 'M' 'M' 'M' 'M' 'M' 'M' 'M'
 'M' 'M' 'M' 'U' 'M' 'M' 'M' 'M' 'M' 'U' 'M' 'U' 'M' 'U' 'M' 'M' 'M' 'M'
 'M' 'U' 'U' 'M' 'M' 'M' 'M' 'M' 'U' 'M' 'M' 'M' 'U' 'U' 'M' 'U' 'M' 'M'
 'M' 'M' 'U' 'M' 'A' 'A' 'U' 'M' 'M' 'M' 'U' 'M' 'M' 'M' 'M' 'M' 'M' 'M'
 'M' 'M' 'U' 'M' 'M' 'M' 'M' 'M' 'M' 'M' 'U' 'M' 'M' 'M' 'M' 'M' 'M' 'M']"
369701,0,167,7,160,31,0,0,"['A' 'M' 'M' 'U' 'U' 'M' 'M' 'U' 'M' 'M' 'M' 'M' 'M' 'M' 'M' 'M' 'M' 'M'
 'M' 'M' 'M' 'U' 'U' 'M' 'M' 'M' 'M' 'U' 'M' 'M' 'M' 'M' 'M' 'M' 'U' 'M'
 'M' 'M' 'M' 'M' 'M' 'M' 'M' 'M' 'M' 'M' 'M' 'M' 'M' 'M' 'M' 'M' 'M' 'M'
 'M' 'A' 'A' 'M' 'M' 'M' 'U' 'M' 'M' 'A' 'M' 'M' 'M' 'U' 'M' 'M' 'M' 'M'
 'M' 'M' 'M' 'M' 'M' 'M' 'M' 'M' 'M' 'M' 'M' 'M' 'U' 'U' 'M' 'U' 'M' 'M'
 'U' 'M' 'M' 'M' 'M' 'M' 'M' 'M' 'M' 'U' 'U' 'M' 'M' 'U' 'M' 'M' 'A' 'U'
 'A' 'M' 'M' 'M' 'M' 'M' 'M' 'M' 'M' 'M' 'M' 'M' 'M' 'M' 'M' 'M' 'M' 'M'
 'M' 'M' 'M' 'M' 'M' 'M' 'M' 'M' 'M' 'U' 'M' 'U' 'M' 'U' 'M' 'M' 'M' 'M'
 'M' 'M' 'U' 'M' 'M' 'M' 'M' 'M' 'M' 'M' 'M' 'M' 'U' 'U' 'M' 'U' 'M' 'M'
 'M' 'M' 'U' 'M' 'U' 'A' 'M' 'M' 'M' 'M' 'U' 'M' 'U' 'M' 'M' 'M' 'U' 'M'
 'M' 'M' 'U' 'M' 'M' 'M' 'M' 'M' 'M' 'M' 'U' 'M' 'M' 'M' 'M' 'M' 'M' 'M']"
369801,0,162,8,154,36,0,0,"['A' 'M' 'M' 'U' 'U' 'M' 'U' 'U' 'M' 'M' 'M' 'M' 'M' 'U' 'M' 'M' 'M' 'M'
 'U' 'M' 'M' 'U' 'M' 'M' 'M' 'M' 'M' 'M' 'U' 'M' 'M' 'M' 'M' 'M' 'M' 'M'
 'M' 'M' 'M' 'M' 'M' 'M' 'M' 'M' 'M' 'M' 'M' 'M' 'M' 'M' 'U' 'M' 'M' 'M'
 'M' 'A' 'A' 'M' 'M' 'M' 'U' 'M' 'M' 'A' 'M' 'M' 'M' 'M' 'M' 'M' 'U' 'M'
 'U' 'M' 'M' 'M' 'M' 'M' 'M' 'M' 'M' 'M' 'U' 'M' 'M' 'M' 'M' 'M' 'M' 'M'
 'M' 'M' 'M' 'U' 'U' 'M' 'M' 'M' 'M' 'U' 'U' 'M' 'M' 'M' 'M' 'M' 'A' 'U'
 'A' 'M' 'M' 'M' 'M' 'M' 'M' 'M' 'M' 'M' 'M' 'M' 'U' 'M' 'M' 'M' 'M' 'M'
 'M' 'M' 'U' 'M' 'M' 'M' 'U' 'M' 'M' 'M' 'M' 'U' 'M' 'U' 'M' 'M' 'M' 'M'
 'U' 'M' 'U' 'M' 'M' 'M' 'M' 'M' 'M' 'M' 'M' 'M' 'U' 'M' 'M' 'U' 'M' 'M'
 'M' 'M' 'U' 'M' 'U' 'A' 'M' 'M' 'M' 'M' 'U' 'M' 'U' 'U' 'M' 'M' 'U' 'A'
 'M' 'M' 'U' 'M' 'M' 'M' 'M' 'M' 'M' 'M' 'U' 'U' 'M' 'M' 'M' 'M' 'M' 'M']"
369901,0,160,7,153,38,1,0,"['A' 'M' 'U' 'U' 'U' 'M' 'M' 'U' 'M' 'M' 'U' 'M' 'M' 'U' 'M' 'M' 'M' 'M'
 'U' 'M' 'M' 'A' 'M' 'M' 'M' 'U' 'M' 'M' 'U' 'M' 'M' 'M' 'M' 'M' 'M' 'M'
 'M' 'U' 'M' 'M' 'M' 'M' 'M' 'M' 'M' 'M' 'M' 'M' 'M' 'M' 'M' 'M' 'M' 'U'
 'M' 'A' 'A' 'M' 'M' 'M' 'U' 'M' 'M' 'A' 'M' 'M' 'M' 'M' 'M' 'M' 'M' 'U'
 'M' 'M' 'U' 'M' 'M' 'M' 'M' 'U' 'M' 'M' 'M' 'U' 'M' 'M' 'M' 'M' 'M' 'M'
 'U' 'M' 'M' 'M' 'M' 'M' 'M' 'M' 'M' 'U' 'U' 'M' 'M' 'M' 'M' 'M' 'A' 'U'
 'A' 'M' 'M' 'M' 'M' 'M' 'M' 'M' 'M' 'M' 'M' 'M' 'M' 'M' 'M' 'M' 'M' 'M'
 'M' 'M' 'U' 'M' 'M' 'M' 'U' 'M' 'M' 'M' 'M' 'M' 'M' 'U' 'M' 'M' 'M' 'M'
 'U' 'M' 'U' 'M' 'M' 'M' 'M' 'M' 'M' 'M' 'M' 'M' 'U' 'M' 'M' 'U' 'M' 'M'
 'M' 'M' 'U' 'M' 'M' 'U' 'M' 'M' 'U' 'M' 'U' 'M' 'U' 'M' 'M' 'M' 'U' 'U'
 'M' 'M' 'U' 'M' 'M' 'M' 'M' 'U' 'M' 'M' 'U' 'U' 'M' 'M' 'M' 'M' 'M' 'M']"
370001,0,161,4,157,37,0,0,"['A' 'M' 'U' 'U' 'U' 'M' 'M' 'U' 'U' 'M' 'U' 'M' 'M' 'U' 'M' 'M' 'M' 'M'
 'U' 'M' 'M' 'A' 'M' 'M' 'M' 'U' 'M' 'M' 'U' 'M' 'M' 'M' 'M' 'M' 'M' 'M'
 'M' 'U' 'M' 'M' 'M' 'M' 'M' 'M' 'M' 'M' 'M' 'M' 'M' 'M' 'M' 'M' 'M' 'M'
 'M' 'A' 'U' 'M' 'M' 'M' 'U' 'M' 'M' 'A' 'M' 'M' 'M' 'M' 'M' 'U' 'U' 'M'
 'M' 'M' 'U' 'M' 'M' 'U' 'M' 'M' 'U' 'M' 'M' 'M' 'M' 'M' 'M' 'M' 'M' 'M'
 'M' 'M' 'M' 'M' 'M' 'M' 'M' 'M' 'M' 'U' 'U' 'M' 'M' 'M' 'M' 'M' 'U' 'M'
 'M' 'M' 'M' 'M' 'M' 'U' 'M' 'M' 'M' 'M' 'M' 'M' 'M' 'M' 'M' 'M' 'M' 'M'
 'M' 'M' 'U' 'M' 'M' 'M' 'U' 'M' 'M' 'M' 'M' 'M' 'M' 'U' 'M' 'M' 'M' 'M'
 'U' 'M' 'U' 'M' 'M' 'M' 'M' 'M' 'M' 'U' 'M' 'M' 'M' 'M' 'M' 'U' 'U' 'M'
 'M' 'M' 'M' 'M' 'M' 'U' 'M' 'M' 'U' 'M' 'U' 'M' 'M' 'M' 'M' 'M' 'U' 'M'
 'M' 'M' 'U' 'M' 'M' 'M' 'M' 'U' 'M' 'M' 'U' 'M' 'M' 'M' 'M' 'M' 'M' 'M']"
370101,0,157,2,155,41,0,0,"['A' 'M' 'U' 'U' 'U' 'M' 'M' 'U' 'U' 'M' 'U' 'M' 'M' 'M' 'M' 'M' 'M' 'M'
 'U' 'M' 'M' 'A' 'M' 'M' 'M' 'U' 'M' 'M' 'U' 'M' 'M' 'M' 'M' 'M' 'M' 'M'
 'M' 'U' 'M' 'M' 'M' 'M' 'M' 'M' 'M' 'M' 'M' 'M' 'M' 'M' 'M' 'M' 'M' 'M'
 'M' 'U' 'U' 'M' 'U' 'M' 'M' 'M' 'M' 'U' 'M' 'M' 'M' 'M' 'M' 'M' 'M' 'U'
 'M' 'M' 'U' 'M' 'M' 'M' 'M' 'M' 'M' 'M' 'M' 'M' 'M' 'M' 'M' 'U' 'U' 'U'
 'M' 'M' 'M' 'M' 'M' 'M' 'M' 'M' 'M' 'U' 'U' 'U' 'M' 'M' 'M' 'M' 'M' 'U'
 'U' 'M' 'M' 'M' 'M' 'M' 'M' 'M' 'M' 'M' 'M' 'M' 'M' 'M' 'M' 'M' 'M' 'M'
 'M' 'M' 'U' 'M' 'M' 'M' 'U' 'M' 'M' 'M' 'M' 'M' 'M' 'U' 'M' 'M' 'M' 'M'
 'U' 'M' 'U' 'M' 'M' 'M' 'M' 'M' 'U' 'U' 'M' 'M' 'M' 'M' 'M' 'U' 'M' 'M'
 'U' 'M' 'M' 'M' 'M' 'U' 'M' 'M' 'U' 'M' 'U' 'M' 'M' 'M' 'M' 'M' 'U' 'M'
 'M' 'M' 'U' 'M' 'M' 'M' 'U' 'U' 'M' 'M' 'U' 'M' 'M' 'M' 'M' 'M' 'M' 'M']"
370201,0,162,2,160,36,0,0,"['A' 'M' 'U' 'U' 'U' 'M' 'M' 'U' 'U' 'M' 'M' 'M' 'M' 'M' 'U' 'M' 'M' 'M'
 'M' 'M' 'M' 'A' 'M' 'M' 'M' 'U' 'M' 'M' 'U' 'M' 'M' 'M' 'M' 'M' 'M' 'M'
 'M' 'U' 'M' 'M' 'M' 'M' 'M' 'M' 'M' 'M' 'M' 'M' 'M' 'M' 'M' 'M' 'M' 'M'
 'M' 'U' 'U' 'M' 'U' 'M' 'M' 'M' 'M' 'U' 'M' 'M' 'M' 'M' 'U' 'M' 'M' 'M'
 'U' 'M' 'U' 'M' 'M' 'M' 'U' 'M' 'M' 'M' 'M' 'M' 'M' 'M' 'M' 'M' 'M' 'M'
 'M' 'M' 'M' 'U' 'M' 'M' 'M' 'M' 'M' 'M' 'U' 'U' 'M' 'M' 'M' 'M' 'M' 'U'
 'U' 'M' 'M' 'M' 'M' 'M' 'M' 'M' 'M' 'M' 'M' 'M' 'M' 'M' 'M' 'M' 'M' 'M'
 'M' 'M' 'U' 'M' 'M' 'M' 'U' 'M' 'M' 'M' 'M' 'M' 'M' 'U' 'M' 'M' 'M' 'M'
 'M' 'U' 'M' 'M' 'M' 'U' 'M' 'M' 'M' 'U' 'M' 'M' 'M' 'M' 'U' 'U' 'M' 'M'
 'M' 'M' 'M' 'M' 'M' 'M' 'M' 'M' 'U' 'M' 'U' 'M' 'M' 'M' 'M' 'M' 'M' 'M'
 'M' 'U' 'M' 'M' 'M' 'M' 'U' 'U' 'M' 'M' 'U' 'M' 'M' 'M' 'M' 'M' 'M' 'M']"
370301,0,168,2,166,30,0,0,"['A' 'M' 'U' 'U' 'U' 'M' 'M' 'U' 'M' 'M' 'M' 'M' 'U' 'M' 'U' 'M' 'M' 'M'
 'U' 'M' 'M' 'A' 'M' 'M' 'U' 'M' 'M' 'M' 'U' 'M' 'M' 'M' 'M' 'M' 'M' 'M'
 'M' 'U' 'M' 'M' 'M' 'M' 'U' 'M' 'M' 'M' 'M' 'M' 'M' 'M' 'M' 'U' 'M' 'M'
 'M' 'M' 'U' 'M' 'M' 'M' 'M' 'M' 'M' 'U' 'M' 'M' 'M' 'M' 'M' 'M' 'M' 'M'
 'U' 'M' 'U' 'M' 'M' 'M' 'M' 'U' 'M' 'M' 'M' 'M' 'U' 'M' 'M' 'M' 'M' 'M'
 'M' 'U' 'M' 'M' 'M' 'M' 'M' 'M' 'M' 'M' 'U' 'M' 'M' 'M' 'M' 'M' 'M' 'M'
 'U' 'M' 'M' 'M' 'M' 'M' 'M' 'M' 'M' 'M' 'M' 'M' 'M' 'M' 'M' 'M' 'M' 'M'
 'M' 'M' 'U' 'M' 'M' 'M' 'U' 'M' 'M' 'M' 'M' 'M' 'M' 'M' 'M' 'M' 'M' 'M'
 'M' 'U' 'M' 'M' 'M' 'U' 'M' 'M' 'M' 'U' 'M' 'M' 'M' 'M' 'U' 'U' 'M' 'M'
 'M' 'M' 'M' 'M' 'M' 'M' 'M' 'M' 'M' 'M' 'M' 'M' 'M' 'M' 'M' 'M' 'M' 'M'
 'M' 'M' 'M' 'M' 'M' 'M' 'M' 'U' 'M' 'M' 'U' 'M' 'M' 'M' 'M' 'M' 'M' 'M']"
370401,0,162,2,160,36,0,0,"['A' 'M' 'U' 'U' 'M' 'M' 'U' 'U' 'M' 'M' 'M' 'M' 'U' 'M' 'U' 'M' 'M' 'M'
 'M' 'M' 'M' 'A' 'M' 'M' 'M' 'M' 'M' 'M' 'U' 'M' 'M' 'U' 'M' 'M' 'M' 'U'
 'M' 'M' 'M' 'U' 'M' 'M' 'M' 'M' 'M' 'M' 'M' 'U' 'M' 'M' 'M' 'U' 'M' 'M'
 'M' 'M' 'U' 'M' 'M' 'M' 'M' 'M' 'M' 'U' 'M' 'M' 'M' 'M' 'M' 'M' 'M' 'U'
 'U' 'U' 'M' 'M' 'U' 'M' 'M' 'M' 'M' 'M' 'M' 'M' 'M' 'M' 'M' 'M' 'M' 'M'
 'M' 'U' 'M' 'M' 'M' 'M' 'M' 'M' 'M' 'M' 'U' 'M' 'M' 'U' 'M' 'M' 'M' 'M'
 'M' 'M' 'M' 'M' 'M' 'M' 'M' 'M' 'M' 'M' 'M' 'M' 'M' 'M' 'M' 'M' 'M' 'M'
 'M' 'M' 'M' 'M' 'M' 'U' 'M' 'M' 'M' 'M' 'M' 'M' 'M' 'M' 'M' 'M' 'M' 'M'
 'M' 'U' 'M' 'M' 'M' 'U' 'M' 'U' 'M' 'U' 'M' 'M' 'M' 'M' 'U' 'U' 'U' 'M'
 'M' 'M' 'M' 'M' 'M' 'M' 'M' 'U' 'U' 'M' 'M' 'M' 'M' 'M' 'M' 'M' 'U' 'M'
 'M' 'M' 'M' 'M' 'M' 'M' 'U' 'U' 'M' 'M' 'U' 'U' 'M' 'M' 'M' 'M' 'M' 'M']"
370501,0,158,3,155,40,0,0,"['A' 'M' 'U' 'M' 'M' 'M' 'M' 'U' 'M' 'U' 'M' 'M' 'U' 'M' 'U' 'M' 'M' 'M'
 'M' 'M' 'M' 'U' 'M' 'M' 'M' 'M' 'M' 'M' 'U' 'M' 'M' 'U' 'M' 'M' 'M' 'U'
 'U' 'M' 'U' 'U' 'M' 'M' 'M' 'M' 'M' 'M' 'M' 'A' 'M' 'M' 'M' 'U' 'M' 'M'
 'M' 'M' 'U' 'M' 'M' 'M' 'M' 'M' 'M' 'M' 'M' 'M' 'U' 'M' 'M' 'M' 'U' 'M'
 'M' 'M' 'M' 'M' 'M' 'M' 'M' 'M' 'M' 'M' 'M' 'M' 'M' 'U' 'M' 'M' 'U' 'M'
 'M' 'M' 'M' 'U' 'M' 'M' 'M' 'M' 'M' 'M' 'U' 'M' 'U' 'U' 'M' 'M' 'M' 'M'
 'M' 'M' 'M' 'M' 'M' 'M' 'M' 'M' 'M' 'M' 'M' 'M' 'M' 'M' 'M' 'M' 'M' 'U'
 'M' 'M' 'M' 'M' 'M' 'U' 'M' 'M' 'M' 'M' 'M' 'M' 'M' 'M' 'M' 'M' 'M' 'M'
 'M' 'U' 'M' 'M' 'M' 'A' 'M' 'U' 'M' 'U' 'M' 'U' 'U' 'M' 'U' 'M' 'U' 'M'
 'M' 'M' 'M' 'M' 'M' 'M' 'M' 'M' 'U' 'M' 'M' 'M' 'M' 'M' 'M' 'M' 'U' 'U'
 'M' 'U' 'M' 'M' 'M' 'U' 'U' 'U' 'M' 'M' 'U' 'M' 'M' 'M' 'M' 'M' 'M' 'U']"
370601,0,157,4,153,41,0,0,"['A' 'M' 'M' 'M' 'M' 'M' 'U' 'U' 'M' 'M' 'M' 'M' 'U' 'M' 'U' 'M' 'M' 'M'
 'U' 'M' 'M' 'U' 'M' 'M' 'M' 'M' 'M' 'U' 'U' 'M' 'M' 'A' 'M' 'M' 'M' 'M'
 'M' 'M' 'U' 'U' 'M' 'M' 'M' 'M' 'M' 'M' 'M' 'A' 'M' 'M' 'M' 'M' 'M' 'M'
 'M' 'M' 'M' 'M' 'M' 'M' 'M' 'M' 'M' 'M' 'M' 'M' 'M' 'M' 'M' 'M' 'M' 'M'
 'M' 'M' 'U' 'M' 'M' 'M' 'U' 'U' 'M' 'M' 'M' 'U' 'M' 'M' 'M' 'U' 'M' 'M'
 'M' 'M' 'M' 'M' 'M' 'M' 'M' 'M' 'M' 'M' 'U' 'M' 'U' 'U' 'M' 'M' 'M' 'M'
 'M' 'M' 'M' 'M' 'U' 'M' 'U' 'M' 'M' 'M' 'M' 'M' 'M' 'M' 'M' 'M' 'M' 'U'
 'M' 'M' 'M' 'M' 'M' 'M' 'M' 'M' 'M' 'M' 'M' 'M' 'M' 'M' 'M' 'U' 'M' 'U'
 'M' 'U' 'M' 'M' 'M' 'A' 'M' 'U' 'M' 'U' 'M' 'U' 'U' 'M' 'M' 'M' 'U' 'M'
 'M' 'M' 'M' 'M' 'M' 'M' 'M' 'U' 'U' 'M' 'M' 'M' 'M' 'M' 'U' 'M' 'U' 'U'
 'M' 'U' 'M' 'M' 'M' 'U' 'U' 'U' 'M' 'M' 'U' 'U' 'M' 'M' 'M' 'M' 'M' 'U']"
370701,0,158,5,153,40,0,0,"['A' 'M' 'U' 'M' 'M' 'M' 'A' 'U' 'M' 'M' 'M' 'M' 'U' 'M' 'U' 'U' 'U' 'M'
 'U' 'M' 'M' 'U' 'M' 'M' 'M' 'M' 'M' 'M' 'M' 'M' 'M' 'A' 'M' 'M' 'M' 'M'
 'M' 'M' 'U' 'U' 'M' 'M' 'M' 'M' 'M' 'M' 'M' 'A' 'M' 'M' 'M' 'M' 'M' 'M'
 'M' 'M' 'M' 'U' 'M' 'M' 'M' 'M' 'M' 'M' 'M' 'M' 'M' 'M' 'M' 'M' 'M' 'U'
 'U' 'M' 'M' 'M' 'U' 'M' 'M' 'M' 'M' 'M' 'M' 'M' 'M' 'M' 'M' 'M' 'U' 'M'
 'M' 'U' 'M' 'M' 'M' 'U' 'M' 'M' 'M' 'M' 'M' 'M' 'M' 'U' 'U' 'M' 'U' 'M'
 'U' 'M' 'M' 'M' 'U' 'M' 'U' 'M' 'U' 'M' 'M' 'M' 'M' 'M' 'M' 'M' 'M' 'M'
 'M' 'M' 'M' 'M' 'M' 'M' 'M' 'M' 'M' 'M' 'M' 'M' 'M' 'M' 'M' 'U' 'M' 'U'
 'M' 'M' 'M' 'M' 'M' 'A' 'M' 'U' 'M' 'M' 'M' 'M' 'U' 'M' 'M' 'M' 'M' 'M'
 'M' 'M' 'M' 'M' 'M' 'M' 'M' 'U' 'U' 'U' 'M' 'M' 'M' 'M' 'U' 'M' 'U' 'U'
 'M' 'U' 'M' 'M' 'M' 'U' 'U' 'U' 'M' 'M' 'U' 'M' 'M' 'M' 'M' 'M' 'M' 'U']"
370801,0,157,5,152,41,0,0,"['A' 'M' 'U' 'M' 'M' 'M' 'A' 'U' 'M' 'M' 'M' 'M' 'U' 'U' 'U' 'U' 'M' 'U'
 'U' 'M' 'M' 'U' 'M' 'M' 'M' 'M' 'M' 'M' 'M' 'M' 'M' 'A' 'M' 'M' 'M' 'M'
 'M' 'M' 'M' 'U' 'M' 'M' 'M' 'M' 'M' 'M' 'M' 'A' 'M' 'M' 'M' 'M' 'M' 'M'
 'M' 'M' 'U' 'U' 'M' 'M' 'M' 'M' 'M' 'M' 'M' 'M' 'M' 'M' 'U' 'M' 'M' 'M'
 'M' 'M' 'M' 'U' 'M' 'M' 'M' 'M' 'M' 'M' 'M' 'U' 'M' 'M' 'M' 'M' 'U' 'M'
 'M' 'M' 'U' 'M' 'M' 'U' 'U' 'M' 'M' 'M' 'M' 'M' 'U' 'U' 'U' 'M' 'M' 'M'
 'U' 'M' 'M' 'M' 'M' 'M' 'U' 'M' 'U' 'M' 'M' 'M' 'M' 'M' 'M' 'M' 'M' 'M'
 'M' 'M' 'M' 'M' 'M' 'M' 'M' 'A' 'M' 'M' 'M' 'M' 'M' 'M' 'M' 'U' 'M' 'U'
 'M' 'U' 'M' 'M' 'M' 'U' 'M' 'M' 'M' 'M' 'M' 'M' 'U' 'M' 'M' 'M' 'M' 'M'
 'M' 'M' 'M' 'M' 'M' 'M' 'M' 'M' 'U' 'U' 'M' 'M' 'U' 'M' 'U' 'M' 'U' 'U'
 'M' 'U' 'M' 'M' 'M' 'U' 'U' 'U' 'M' 'M' 'M' 'M' 'M' 'M' 'M' 'M' 'M' 'U']"
370901,0,158,6,152,40,0,0,"['A' 'M' 'U' 'M' 'M' 'M' 'A' 'U' 'U' 'M' 'M' 'M' 'M' 'U' 'A' 'U' 'M' 'U'
 'U' 'M' 'M' 'U' 'M' 'M' 'M' 'M' 'M' 'M' 'M' 'M' 'M' 'A' 'M' 'M' 'M' 'M'
 'M' 'M' 'M' 'M' 'M' 'M' 'M' 'M' 'M' 'U' 'M' 'A' 'M' 'M' 'M' 'M' 'M' 'M'
 'M' 'M' 'U' 'U' 'M' 'M' 'M' 'M' 'M' 'M' 'M' 'M' 'M' 'M' 'M' 'M' 'U' 'M'
 'M' 'M' 'M' 'M' 'M' 'M' 'M' 'U' 'M' 'M' 'M' 'M' 'M' 'U' 'U' 'M' 'M' 'M'
 'M' 'M' 'M' 'M' 'U' 'U' 'U' 'M' 'M' 'M' 'M' 'M' 'U' 'U' 'U' 'M' 'M' 'M'
 'U' 'M' 'M' 'M' 'M' 'M' 'M' 'M' 'U' 'M' 'M' 'M' 'M' 'M' 'M' 'M' 'M' 'M'
 'M' 'M' 'M' 'M' 'M' 'M' 'M' 'A' 'U' 'M' 'M' 'M' 'U' 'M' 'M' 'U' 'M' 'U'
 'M' 'U' 'M' 'M' 'M' 'U' 'M' 'M' 'M' 'M' 'M' 'M' 'U' 'M' 'M' 'M' 'M' 'M'
 'M' 'M' 'M' 'M' 'M' 'M' 'M' 'M' 'U' 'U' 'M' 'M' 'U' 'M' 'U' 'M' 'M' 'U'
 'M' 'U' 'M' 'M' 'U' 'U' 'M' 'U' 'U' 'M' 'M' 'M' 'M' 'M' 'M' 'M' 'M' 'M']"
371001,0,157,5,152,41,0,0,"['A' 'M' 'U' 'M' 'M' 'M' 'A' 'U' 'M' 'M' 'U' 'M' 'M' 'M' 'A' 'U' 'M' 'M'
 'M' 'M' 'M' 'U' 'M' 'M' 'M' 'M' 'M' 'M' 'M' 'M' 'M' 'A' 'M' 'M' 'M' 'M'
 'U' 'M' 'U' 'M' 'M' 'M' 'M' 'M' 'M' 'U' 'M' 'U' 'M' 'M' 'M' 'U' 'M' 'M'
 'M' 'M' 'U' 'M' 'M' 'M' 'M' 'U' 'M' 'M' 'M' 'M' 'M' 'U' 'M' 'M' 'M' 'M'
 'M' 'U' 'M' 'M' 'U' 'M' 'M' 'M' 'U' 'M' 'M' 'M' 'M' 'M' 'M' 'M' 'M' 'M'
 'U' 'M' 'M' 'M' 'M' 'M' 'U' 'M' 'M' 'M' 'M' 'M' 'U' 'U' 'U' 'M' 'M' 'M'
 'U' 'M' 'M' 'M' 'M' 'M' 'M' 'M' 'U' 'M' 'M' 'M' 'M' 'M' 'M' 'M' 'M' 'M'
 'M' 'M' 'M' 'M' 'M' 'M' 'M' 'A' 'M' 'U' 'U' 'U' 'M' 'M' 'M' 'U' 'M' 'U'
 'M' 'M' 'M' 'M' 'M' 'U' 'M' 'M' 'M' 'M' 'M' 'M' 'U' 'M' 'M' 'M' 'M' 'M'
 'M' 'M' 'M' 'M' 'M' 'M' 'M' 'M' 'U' 'U' 'M' 'M' 'U' 'M' 'U' 'M' 'M' 'U'
 'M' 'U' 'M' 'U' 'U' 'U' 'M' 'U' 'U' 'M' 'M' 'M' 'M' 'M' 'M' 'M' 'M' 'M']"
371101,0,160,5,155,38,0,0,"['A' 'M' 'U' 'M' 'U' 'M' 'A' 'U' 'M' 'M' 'U' 'M' 'M' 'M' 'M' 'U' 'M' 'M'
 'M' 'M' 'M' 'U' 'M' 'M' 'M' 'M' 'M' 'M' 'M' 'M' 'M' 'A' 'M' 'M' 'M' 'M'
 'U' 'M' 'U' 'M' 'M' 'M' 'M' 'M' 'M' 'M' 'M' 'M' 'M' 'M' 'M' 'U' 'M' 'M'
 'M' 'M' 'U' 'M' 'M' 'M' 'M' 'U' 'M' 'M' 'M' 'M' 'U' 'M' 'M' 'M' 'M' 'U'
 'M' 'M' 'M' 'M' 'M' 'M' 'M' 'M' 'U' 'M' 'M' 'M' 'M' 'M' 'U' 'M' 'M' 'M'
 'M' 'M' 'U' 'M' 'M' 'M' 'U' 'M' 'M' 'M' 'M' 'M' 'U' 'U' 'M' 'U' 'M' 'M'
 'M' 'M' 'M' 'M' 'M' 'M' 'M' 'M' 'U' 'M' 'M' 'M' 'M' 'M' 'M' 'M' 'M' 'M'
 'M' 'M' 'M' 'M' 'M' 'M' 'M' 'A' 'M' 'U' 'U' 'U' 'M' 'M' 'M' 'A' 'M' 'U'
 'M' 'M' 'U' 'M' 'M' 'U' 'M' 'M' 'M' 'M' 'M' 'M' 'M' 'M' 'M' 'M' 'M' 'M'
 'M' 'M' 'M' 'M' 'M' 'M' 'M' 'M' 'U' 'U' 'M' 'M' 'U' 'M' 'U' 'M' 'M' 'M'
 'M' 'U' 'M' 'U' 'U' 'M' 'M' 'U' 'U' 'U' 'M' 'M' 'U' 'M' 'M' 'M' 'M' 'M']"
371201,0,152,5,147,46,0,0,"['A' 'M' 'U' 'M' 'U' 'M' 'A' 'U' 'M' 'M' 'U' 'U' 'M' 'U' 'M' 'U' 'M' 'M'
 'M' 'M' 'M' 'U' 'M' 'M' 'M' 'U' 'M' 'M' 'M' 'M' 'M' 'A' 'M' 'M' 'M' 'M'
 'U' 'M' 'U' 'M' 'M' 'M' 'M' 'M' 'U' 'M' 'M' 'M' 'M' 'M' 'M' 'M' 'M' 'M'
 'M' 'U' 'U' 'M' 'M' 'M' 'M' 'U' 'M' 'M' 'U' 'M' 'M' 'M' 'M' 'M' 'M' 'M'
 'M' 'U' 'M' 'M' 'M' 'M' 'M' 'U' 'M' 'M' 'U' 'M' 'M' 'M' 'U' 'M' 'M' 'U'
 'M' 'M' 'M' 'M' 'M' 'M' 'U' 'M' 'M' 'U' 'M' 'M' 'U' 'U' 'M' 'U' 'M' 'M'
 'M' 'M' 'M' 'M' 'M' 'M' 'M' 'M' 'U' 'M' 'M' 'M' 'M' 'M' 'M' 'M' 'M' 'M'
 'M' 'M' 'M' 'M' 'M' 'M' 'M' 'A' 'M' 'U' 'U' 'U' 'M' 'M' 'M' 'A' 'M' 'U'
 'M' 'M' 'U' 'M' 'U' 'U' 'M' 'M' 'M' 'M' 'M' 'M' 'M' 'M' 'M' 'M' 'M' 'M'
 'M' 'M' 'M' 'M' 'M' 'M' 'M' 'M' 'U' 'U' 'M' 'M' 'U' 'M' 'U' 'M' 'M' 'M'
 'M' 'U' 'M' 'U' 'U' 'U' 'M' 'U' 'U' 'M' 'M' 'U' 'U' 'M' 'M' 'M' 'M' 'M']"
371301,0,157,4,153,41,0,0,"['A' 'M' 'U' 'U' 'U' 'M' 'A' 'U' 'M' 'M' 'U' 'M' 'M' 'U' 'M' 'M' 'M' 'M'
 'M' 'M' 'M' 'U' 'M' 'M' 'M' 'U' 'M' 'M' 'M' 'M' 'M' 'A' 'M' 'M' 'M' 'M'
 'U' 'M' 'M' 'M' 'M' 'M' 'M' 'M' 'U' 'M' 'M' 'M' 'M' 'M' 'M' 'M' 'M' 'M'
 'M' 'U' 'U' 'M' 'M' 'M' 'M' 'M' 'M' 'M' 'M' 'M' 'M' 'M' 'M' 'U' 'M' 'M'
 'M' 'M' 'M' 'U' 'M' 'M' 'M' 'M' 'M' 'M' 'M' 'U' 'M' 'M' 'U' 'M' 'M' 'M'
 'M' 'M' 'M' 'M' 'U' 'M' 'U' 'M' 'M' 'U' 'M' 'M' 'U' 'M' 'M' 'U' 'M' 'M'
 'M' 'M' 'M' 'M' 'M' 'M' 'M' 'M' 'M' 'M' 'M' 'M' 'M' 'M' 'M' 'M' 'U' 'M'
 'M' 'M' 'M' 'M' 'M' 'M' 'M' 'A' 'M' 'M' 'U' 'U' 'M' 'M' 'M' 'U' 'M' 'U'
 'M' 'M' 'U' 'M' 'M' 'U' 'M' 'M' 'M' 'M' 'M' 'M' 'M' 'M' 'M' 'M' 'M' 'U'
 'M' 'M' 'M' 'M' 'M' 'M' 'M' 'M' 'U' 'U' 'M' 'M' 'U' 'U' 'U' 'M' 'M' 'U'
 'M' 'U' 'M' 'U' 'U' 'M' 'M' 'M' 'U' 'M' 'M' 'U' 'M' 'M' 'M' 'U' 'M' 'M']"
371401,0,159,5,154,39,0,0,"['A' 'M' 'U' 'U' 'U' 'M' 'A' 'U' 'M' 'M' 'U' 'M' 'M' 'U' 'M' 'M' 'M' 'M'
 'M' 'M' 'M' 'A' 'M' 'M' 'M' 'M' 'M' 'M' 'M' 'M' 'M' 'A' 'M' 'M' 'M' 'M'
 'M' 'M' 'M' 'M' 'M' 'M' 'M' 'M' 'M' 'M' 'U' 'M' 'M' 'M' 'M' 'M' 'M' 'M'
 'M' 'M' 'U' 'M' 'U' 'M' 'M' 'M' 'M' 'M' 'M' 'M' 'M' 'M' 'M' 'M' 'M' 'M'
 'M' 'M' 'M' 'M' 'M' 'U' 'M' 'M' 'M' 'M' 'M' 'M' 'M' 'M' 'U' 'U' 'U' 'U'
 'M' 'M' 'M' 'M' 'M' 'M' 'U' 'M' 'M' 'M' 'M' 'M' 'U' 'M' 'M' 'M' 'M' 'M'
 'M' 'M' 'M' 'M' 'M' 'M' 'M' 'M' 'U' 'M' 'M' 'M' 'M' 'M' 'M' 'M' 'U' 'M'
 'M' 'M' 'M' 'M' 'M' 'U' 'M' 'A' 'M' 'M' 'U' 'U' 'M' 'M' 'M' 'U' 'M' 'M'
 'M' 'M' 'U' 'U' 'M' 'M' 'M' 'M' 'M' 'U' 'M' 'M' 'M' 'M' 'M' 'M' 'M' 'U'
 'M' 'M' 'U' 'M' 'M' 'M' 'M' 'M' 'U' 'U' 'M' 'U' 'U' 'U' 'M' 'M' 'M' 'U'
 'M' 'U' 'M' 'U' 'U' 'M' 'M' 'M' 'U' 'M' 'M' 'U' 'M' 'M' 'M' 'U' 'M' 'M']"
371501,0,163,3,160,35,0,0,"['A' 'M' 'M' 'U' 'M' 'M' 'U' 'U' 'M' 'M' 'U' 'M' 'M' 'U' 'M' 'M' 'M' 'M'
 'M' 'M' 'M' 'U' 'M' 'M' 'M' 'M' 'M' 'M' 'M' 'M' 'M' 'A' 'M' 'M' 'M' 'M'
 'M' 'M' 'M' 'M' 'M' 'M' 'U' 'M' 'M' 'M' 'U' 'M' 'M' 'M' 'M' 'M' 'M' 'M'
 'M' 'M' 'M' 'M' 'U' 'M' 'M' 'M' 'M' 'M' 'M' 'M' 'M' 'M' 'U' 'M' 'M' 'M'
 'U' 'M' 'M' 'U' 'M' 'M' 'M' 'M' 'M' 'M' 'M' 'M' 'U' 'M' 'M' 'M' 'M' 'M'
 'M' 'M' 'M' 'M' 'U' 'M' 'U' 'M' 'M' 'M' 'M' 'M' 'M' 'M' 'M' 'U' 'M' 'M'
 'U' 'M' 'M' 'M' 'M' 'U' 'M' 'M' 'U' 'M' 'M' 'M' 'M' 'M' 'M' 'M' 'U' 'M'
 'M' 'M' 'M' 'M' 'M' 'U' 'M' 'A' 'M' 'M' 'M' 'M' 'M' 'M' 'M' 'M' 'M' 'M'
 'M' 'M' 'U' 'U' 'M' 'M' 'M' 'M' 'M' 'U' 'M' 'M' 'M' 'M' 'M' 'M' 'M' 'U'
 'M' 'M' 'M' 'M' 'M' 'M' 'M' 'U' 'M' 'U' 'M' 'U' 'M' 'U' 'M' 'M' 'M' 'M'
 'U' 'M' 'M' 'U' 'U' 'M' 'M' 'M' 'U' 'M' 'M' 'U' 'M' 'M' 'M' 'U' 'M' 'M']"
371601,0,169,4,165,29,0,0,"['A' 'M' 'M' 'M' 'M' 'M' 'U' 'U' 'M' 'M' 'M' 'M' 'M' 'U' 'M' 'M' 'M' 'M'
 'M' 'M' 'M' 'U' 'M' 'M' 'M' 'M' 'M' 'M' 'M' 'M' 'M' 'A' 'M' 'M' 'M' 'M'
 'M' 'M' 'M' 'M' 'M' 'M' 'U' 'M' 'M' 'M' 'U' 'M' 'M' 'M' 'M' 'M' 'M' 'M'
 'M' 'M' 'U' 'M' 'M' 'M' 'M' 'M' 'M' 'M' 'M' 'M' 'M' 'U' 'M' 'M' 'M' 'U'
 'M' 'M' 'M' 'M' 'M' 'M' 'M' 'M' 'U' 'M' 'M' 'M' 'M' 'M' 'M' 'M' 'M' 'M'
 'M' 'U' 'U' 'M' 'M' 'M' 'M' 'M' 'M' 'M' 'M' 'M' 'M' 'M' 'M' 'M' 'M' 'M'
 'U' 'M' 'M' 'M' 'M' 'U' 'M' 'M' 'U' 'M' 'M' 'M' 'M' 'M' 'M' 'M' 'U' 'M'
 'M' 'M' 'M' 'U' 'M' 'M' 'M' 'A' 'M' 'M' 'M' 'M' 'M' 'M' 'M' 'M' 'M' 'M'
 'M' 'M' 'U' 'U' 'M' 'M' 'M' 'M' 'M' 'U' 'M' 'M' 'M' 'M' 'M' 'M' 'M' 'U'
 'M' 'M' 'M' 'M' 'M' 'M' 'M' 'M' 'U' 'U' 'M' 'M' 'M' 'U' 'M' 'M' 'M' 'M'
 'U' 'M' 'M' 'U' 'U' 'M' 'M' 'M' 'A' 'M' 'U' 'M' 'M' 'M' 'M' 'U' 'M' 'M']"
371701,0,166,3,163,32,0,0,"['A' 'M' 'M' 'M' 'M' 'M' 'U' 'U' 'M' 'M' 'U' 'M' 'M' 'U' 'M' 'M' 'U' 'U'
 'M' 'M' 'M' 'U' 'M' 'M' 'M' 'M' 'M' 'M' 'M' 'M' 'M' 'M' 'M' 'M' 'M' 'M'
 'U' 'M' 'M' 'M' 'M' 'M' 'M' 'M' 'M' 'M' 'U' 'M' 'M' 'M' 'M' 'M' 'M' 'U'
 'M' 'M' 'U' 'M' 'M' 'M' 'M' 'M' 'M' 'M' 'U' 'M' 'M' 'M' 'M' 'M' 'M' 'U'
 'U' 'M' 'M' 'M' 'M' 'M' 'M' 'M' 'U' 'M' 'M' 'M' 'M' 'M' 'U' 'M' 'M' 'M'
 'M' 'M' 'M' 'U' 'M' 'M' 'M' 'M' 'M' 'M' 'M' 'M' 'M' 'M' 'M' 'M' 'M' 'M'
 'M' 'M' 'M' 'M' 'M' 'U' 'M' 'M' 'U' 'M' 'M' 'M' 'M' 'M' 'M' 'M' 'U' 'M'
 'M' 'M' 'M' 'U' 'M' 'M' 'M' 'A' 'M' 'M' 'M' 'M' 'M' 'M' 'M' 'M' 'U' 'M'
 'M' 'M' 'U' 'U' 'M' 'M' 'M' 'U' 'M' 'M' 'M' 'M' 'M' 'M' 'M' 'M' 'M' 'M'
 'M' 'M' 'M' 'M' 'M' 'M' 'M' 'M' 'U' 'M' 'M' 'M' 'M' 'U' 'M' 'M' 'M' 'M'
 'U' 'M' 'M' 'U' 'U' 'M' 'M' 'M' 'A' 'M' 'U' 'M' 'M' 'M' 'M' 'U' 'M' 'M']"
371801,0,169,5,164,29,0,0,"['A' 'M' 'M' 'M' 'M' 'M' 'M' 'U' 'M' 'M' 'U' 'M' 'M' 'U' 'M' 'M' 'U' 'M'
 'M' 'M' 'M' 'U' 'M' 'M' 'M' 'M' 'M' 'M' 'M' 'M' 'M' 'M' 'M' 'M' 'M' 'M'
 'U' 'M' 'M' 'M' 'M' 'M' 'M' 'M' 'M' 'M' 'U' 'M' 'M' 'M' 'M' 'M' 'M' 'U'
 'M' 'M' 'A' 'M' 'M' 'M' 'M' 'M' 'M' 'M' 'M' 'U' 'U' 'M' 'M' 'M' 'U' 'U'
 'M' 'M' 'M' 'M' 'M' 'M' 'M' 'M' 'M' 'M' 'M' 'M' 'U' 'M' 'M' 'M' 'M' 'M'
 'M' 'M' 'M' 'M' 'M' 'M' 'M' 'M' 'M' 'M' 'M' 'M' 'M' 'M' 'U' 'M' 'M' 'M'
 'M' 'M' 'M' 'M' 'M' 'M' 'M' 'M' 'A' 'M' 'M' 'M' 'M' 'M' 'M' 'M' 'U' 'M'
 'M' 'M' 'M' 'U' 'M' 'M' 'M' 'A' 'M' 'M' 'M' 'M' 'M' 'M' 'U' 'M' 'U' 'M'
 'M' 'M' 'U' 'U' 'M' 'M' 'M' 'U' 'M' 'M' 'M' 'M' 'M' 'U' 'M' 'M' 'M' 'M'
 'M' 'M' 'M' 'M' 'M' 'M' 'M' 'M' 'M' 'M' 'M' 'M' 'M' 'U' 'M' 'M' 'M' 'M'
 'U' 'M' 'M' 'U' 'U' 'M' 'M' 'M' 'A' 'M' 'U' 'M' 'M' 'U' 'M' 'U' 'M' 'M']"
371901,0,169,5,164,29,0,0,"['A' 'M' 'M' 'M' 'M' 'M' 'M' 'M' 'M' 'M' 'U' 'M' 'M' 'U' 'M' 'M' 'U' 'M'
 'M' 'M' 'M' 'U' 'M' 'U' 'M' 'M' 'M' 'M' 'M' 'M' 'M' 'M' 'M' 'M' 'M' 'M'
 'U' 'M' 'M' 'M' 'M' 'M' 'M' 'M' 'M' 'M' 'U' 'M' 'M' 'M' 'M' 'M' 'M' 'M'
 'M' 'M' 'A' 'M' 'M' 'M' 'M' 'M' 'M' 'M' 'M' 'M' 'M' 'M' 'M' 'M' 'U' 'U'
 'U' 'M' 'M' 'M' 'M' 'M' 'M' 'M' 'M' 'M' 'M' 'M' 'M' 'U' 'U' 'M' 'M' 'M'
 'M' 'M' 'M' 'M' 'M' 'M' 'M' 'M' 'M' 'M' 'M' 'M' 'M' 'M' 'U' 'M' 'M' 'M'
 'M' 'M' 'M' 'M' 'M' 'U' 'M' 'M' 'A' 'M' 'M' 'M' 'M' 'M' 'M' 'U' 'U' 'M'
 'M' 'M' 'M' 'U' 'M' 'M' 'U' 'A' 'M' 'M' 'M' 'M' 'M' 'M' 'U' 'M' 'U' 'M'
 'M' 'M' 'M' 'U' 'M' 'M' 'M' 'U' 'M' 'M' 'M' 'M' 'M' 'U' 'M' 'M' 'M' 'M'
 'M' 'M' 'M' 'M' 'M' 'M' 'M' 'M' 'M' 'M' 'M' 'M' 'M' 'U' 'M' 'M' 'M' 'M'
 'U' 'M' 'M' 'U' 'U' 'M' 'M' 'M' 'A' 'M' 'U' 'M' 'M' 'M' 'M' 'U' 'M' 'M']"
372001,0,169,5,164,29,1,0,"['A' 'M' 'M' 'M' 'M' 'M' 'M' 'M' 'M' 'M' 'M' 'M' 'M' 'U' 'M' 'M' 'U' 'M'
 'M' 'M' 'U' 'M' 'M' 'U' 'M' 'M' 'M' 'M' 'M' 'U' 'M' 'M' 'M' 'M' 'M' 'M'
 'M' 'U' 'M' 'M' 'M' 'M' 'M' 'M' 'M' 'M' 'U' 'U' 'M' 'M' 'M' 'M' 'M' 'M'
 'M' 'M' 'U' 'M' 'M' 'M' 'M' 'M' 'M' 'M' 'M' 'M' 'M' 'M' 'M' 'M' 'U' 'M'
 'M' 'M' 'M' 'M' 'M' 'M' 'M' 'M' 'M' 'M' 'M' 'U' 'M' 'M' 'M' 'M' 'U' 'M'
 'M' 'U' 'M' 'U' 'M' 'M' 'M' 'M' 'M' 'M' 'M' 'M' 'M' 'M' 'U' 'M' 'M' 'M'
 'M' 'M' 'M' 'M' 'M' 'M' 'M' 'M' 'A' 'M' 'M' 'M' 'M' 'M' 'M' 'M' 'A' 'M'
 'M' 'M' 'M' 'U' 'M' 'M' 'U' 'A' 'M' 'M' 'U' 'M' 'M' 'M' 'U' 'M' 'U' 'M'
 'M' 'U' 'M' 'U' 'U' 'M' 'M' 'U' 'M' 'M' 'M' 'M' 'M' 'U' 'M' 'M' 'M' 'M'
 'M' 'M' 'M' 'M' 'M' 'M' 'M' 'M' 'M' 'M' 'M' 'M' 'M' 'M' 'M' 'M' 'M' 'M'
 'U' 'U' 'M' 'M' 'U' 'M' 'M' 'M' 'A' 'M' 'U' 'M' 'M' 'M' 'M' 'M' 'M' 'M']"
372101,0,167,4,163,31,0,0,"['A' 'M' 'M' 'M' 'M' 'M' 'M' 'M' 'M' 'M' 'M' 'M' 'M' 'U' 'M' 'M' 'U' 'M'
 'M' 'M' 'U' 'M' 'M' 'M' 'M' 'M' 'M' 'U' 'M' 'M' 'M' 'M' 'M' 'M' 'M' 'M'
 'M' 'U' 'M' 'M' 'M' 'M' 'M' 'M' 'M' 'M' 'U' 'U' 'M' 'M' 'M' 'M' 'M' 'M'
 'M' 'M' 'U' 'M' 'M' 'U' 'M' 'M' 'M' 'M' 'M' 'M' 'M' 'M' 'U' 'M' 'M' 'M'
 'M' 'M' 'M' 'M' 'M' 'M' 'M' 'M' 'M' 'U' 'M' 'M' 'U' 'M' 'M' 'M' 'M' 'M'
 'M' 'U' 'M' 'U' 'M' 'M' 'M' 'M' 'M' 'M' 'M' 'M' 'M' 'M' 'U' 'M' 'M' 'M'
 'M' 'M' 'M' 'M' 'M' 'M' 'M' 'M' 'A' 'M' 'M' 'M' 'M' 'M' 'M' 'M' 'U' 'M'
 'M' 'M' 'M' 'U' 'M' 'M' 'U' 'A' 'M' 'M' 'U' 'M' 'M' 'M' 'U' 'M' 'M' 'M'
 'M' 'M' 'U' 'U' 'M' 'M' 'M' 'U' 'M' 'M' 'M' 'M' 'M' 'U' 'M' 'M' 'M' 'M'
 'M' 'M' 'M' 'M' 'M' 'U' 'M' 'M' 'M' 'U' 'M' 'M' 'M' 'U' 'M' 'M' 'M' 'M'
 'U' 'U' 'M' 'M' 'U' 'M' 'M' 'M' 'A' 'M' 'U' 'M' 'M' 'M' 'M' 'M' 'M' 'M']"
372201,0,175,5,170,23,0,0,"['A' 'M' 'M' 'M' 'M' 'M' 'M' 'M' 'M' 'M' 'M' 'M' 'M' 'U' 'M' 'M' 'M' 'M'
 'M' 'M' 'M' 'M' 'M' 'M' 'M' 'M' 'M' 'M' 'M' 'M' 'M' 'M' 'M' 'M' 'M' 'M'
 'M' 'U' 'M' 'M' 'M' 'M' 'M' 'M' 'M' 'M' 'U' 'M' 'M' 'M' 'M' 'M' 'M' 'M'
 'M' 'M' 'U' 'M' 'M' 'A' 'M' 'M' 'M' 'M' 'M' 'M' 'M' 'M' 'U' 'M' 'M' 'M'
 'M' 'M' 'M' 'M' 'M' 'M' 'M' 'M' 'M' 'M' 'M' 'M' 'M' 'U' 'U' 'M' 'U' 'M'
 'M' 'U' 'M' 'M' 'M' 'M' 'M' 'M' 'M' 'M' 'M' 'M' 'M' 'M' 'M' 'M' 'M' 'M'
 'M' 'M' 'M' 'M' 'U' 'M' 'M' 'M' 'A' 'M' 'M' 'M' 'M' 'M' 'M' 'M' 'U' 'M'
 'M' 'M' 'M' 'U' 'M' 'M' 'U' 'A' 'M' 'M' 'M' 'M' 'M' 'M' 'U' 'M' 'M' 'M'
 'M' 'M' 'U' 'U' 'M' 'M' 'M' 'U' 'M' 'M' 'M' 'M' 'M' 'U' 'M' 'M' 'M' 'M'
 'M' 'M' 'M' 'M' 'M' 'U' 'M' 'M' 'M' 'M' 'M' 'M' 'M' 'U' 'M' 'M' 'M' 'M'
 'M' 'U' 'M' 'M' 'U' 'M' 'M' 'M' 'A' 'M' 'U' 'M' 'M' 'M' 'M' 'M' 'M' 'M']"
372301,0,170,4,166,28,0,0,"['A' 'M' 'M' 'M' 'M' 'M' 'M' 'M' 'M' 'M' 'M' 'M' 'M' 'U' 'M' 'M' 'M' 'M'
 'M' 'M' 'M' 'M' 'M' 'M' 'M' 'M' 'M' 'M' 'M' 'U' 'M' 'U' 'M' 'M' 'M' 'M'
 'M' 'M' 'M' 'M' 'M' 'M' 'M' 'M' 'M' 'M' 'U' 'M' 'M' 'M' 'M' 'M' 'M' 'M'
 'M' 'M' 'M' 'M' 'M' 'A' 'U' 'M' 'M' 'M' 'M' 'M' 'M' 'M' 'M' 'M' 'U' 'M'
 'M' 'M' 'M' 'M' 'M' 'M' 'M' 'U' 'M' 'M' 'M' 'M' 'M' 'U' 'M' 'M' 'M' 'U'
 'M' 'M' 'U' 'M' 'M' 'M' 'M' 'M' 'M' 'M' 'M' 'M' 'M' 'M' 'M' 'M' 'M' 'M'
 'U' 'M' 'M' 'M' 'U' 'M' 'M' 'M' 'U' 'M' 'M' 'M' 'M' 'M' 'M' 'M' 'U' 'M'
 'M' 'M' 'M' 'U' 'M' 'M' 'M' 'A' 'M' 'U' 'M' 'M' 'M' 'M' 'U' 'M' 'M' 'M'
 'M' 'M' 'U' 'U' 'M' 'M' 'M' 'U' 'M' 'M' 'M' 'M' 'M' 'U' 'M' 'M' 'M' 'M'
 'M' 'M' 'M' 'M' 'M' 'U' 'M' 'M' 'M' 'U' 'M' 'M' 'U' 'U' 'M' 'M' 'M' 'M'
 'M' 'U' 'M' 'M' 'U' 'M' 'M' 'M' 'A' 'M' 'U' 'M' 'M' 'M' 'M' 'M' 'M' 'M']"
372401,0,159,4,155,39,0,0,"['A' 'M' 'U' 'M' 'M' 'M' 'M' 'M' 'M' 'M' 'M' 'M' 'M' 'U' 'M' 'M' 'M' 'M'
 'M' 'M' 'M' 'M' 'M' 'M' 'M' 'M' 'M' 'M' 'M' 'U' 'M' 'U' 'M' 'U' 'M' 'M'
 'U' 'M' 'M' 'M' 'M' 'M' 'M' 'M' 'M' 'M' 'U' 'M' 'M' 'M' 'M' 'M' 'M' 'M'
 'M' 'M' 'M' 'M' 'M' 'A' 'U' 'M' 'M' 'M' 'M' 'M' 'M' 'M' 'M' 'M' 'M' 'M'
 'U' 'M' 'U' 'M' 'M' 'U' 'M' 'M' 'M' 'M' 'U' 'M' 'M' 'M' 'M' 'M' 'M' 'M'
 'M' 'U' 'M' 'M' 'M' 'M' 'M' 'M' 'M' 'M' 'M' 'M' 'M' 'M' 'M' 'U' 'M' 'M'
 'U' 'M' 'M' 'M' 'U' 'M' 'M' 'M' 'U' 'U' 'M' 'M' 'M' 'M' 'M' 'M' 'M' 'M'
 'U' 'M' 'M' 'M' 'M' 'U' 'U' 'A' 'U' 'U' 'U' 'U' 'U' 'M' 'U' 'M' 'M' 'M'
 'M' 'U' 'U' 'U' 'M' 'M' 'M' 'U' 'M' 'M' 'M' 'M' 'M' 'M' 'M' 'M' 'M' 'M'
 'M' 'M' 'M' 'M' 'M' 'U' 'M' 'M' 'M' 'U' 'M' 'M' 'M' 'U' 'M' 'M' 'M' 'M'
 'M' 'U' 'U' 'M' 'U' 'M' 'M' 'U' 'A' 'M' 'U' 'M' 'M' 'M' 'M' 'M' 'M' 'M']"
372501,0,160,6,154,38,0,0,"['A' 'M' 'M' 'M' 'M' 'M' 'M' 'M' 'M' 'M' 'U' 'M' 'M' 'U' 'M' 'M' 'M' 'M'
 'M' 'M' 'M' 'M' 'M' 'M' 'M' 'M' 'M' 'M' 'M' 'U' 'M' 'M' 'M' 'M' 'M' 'M'
 'U' 'M' 'M' 'U' 'M' 'M' 'M' 'M' 'M' 'M' 'U' 'U' 'M' 'M' 'M' 'M' 'U' 'M'
 'M' 'M' 'M' 'M' 'M' 'A' 'M' 'M' 'M' 'U' 'M' 'M' 'M' 'M' 'M' 'M' 'M' 'M'
 'M' 'M' 'M' 'M' 'U' 'M' 'M' 'U' 'M' 'M' 'U' 'M' 'M' 'U' 'M' 'M' 'M' 'M'
 'U' 'M' 'M' 'M' 'M' 'M' 'M' 'M' 'M' 'M' 'M' 'M' 'M' 'M' 'M' 'U' 'M' 'M'
 'M' 'M' 'M' 'M' 'U' 'M' 'M' 'M' 'U' 'U' 'U' 'M' 'M' 'M' 'M' 'M' 'M' 'M'
 'U' 'M' 'M' 'M' 'M' 'U' 'U' 'A' 'U' 'U' 'A' 'U' 'U' 'M' 'U' 'M' 'M' 'M'
 'M' 'M' 'U' 'A' 'M' 'M' 'M' 'U' 'M' 'M' 'M' 'M' 'M' 'M' 'M' 'M' 'M' 'M'
 'M' 'U' 'U' 'M' 'M' 'U' 'M' 'M' 'M' 'U' 'M' 'M' 'M' 'M' 'M' 'M' 'M' 'M'
 'M' 'U' 'U' 'M' 'M' 'M' 'M' 'U' 'A' 'U' 'U' 'M' 'M' 'M' 'M' 'M' 'M' 'M']"
372601,0,161,5,156,37,0,1,"['A' 'M' 'M' 'M' 'M' 'M' 'M' 'M' 'M' 'M' 'U' 'M' 'M' 'U' 'M' 'M' 'M' 'M'
 'M' 'M' 'M' 'M' 'M' 'M' 'U' 'M' 'M' 'M' 'M' 'M' 'M' 'M' 'M' 'M' 'M' 'M'
 'U' 'M' 'M' 'M' 'M' 'M' 'M' 'M' 'M' 'M' 'U' 'U' 'M' 'M' 'M' 'M' 'M' 'M'
 'M' 'M' 'M' 'M' 'M' 'A' 'M' 'M' 'M' 'U' 'M' 'M' 'U' 'M' 'U' 'M' 'U' 'M'
 'M' 'U' 'M' 'M' 'M' 'M' 'M' 'M' 'M' 'M' 'M' 'M' 'M' 'M' 'M' 'M' 'M' 'M'
 'M' 'M' 'M' 'U' 'M' 'M' 'M' 'M' 'U' 'U' 'M' 'M' 'M' 'M' 'M' 'U' 'M' 'M'
 'M' 'M' 'M' 'M' 'U' 'M' 'M' 'U' 'M' 'M' 'U' 'M' 'M' 'M' 'M' 'M' 'M' 'M'
 'U' 'M' 'M' 'M' 'M' 'U' 'U' 'U' 'U' 'U' 'A' 'U' 'U' 'M' 'U' 'M' 'M' 'M'
 'M' 'M' 'U' 'A' 'M' 'M' 'M' 'U' 'M' 'M' 'M' 'M' 'M' 'M' 'M' 'M' 'M' 'M'
 'M' 'U' 'U' 'M' 'M' 'U' 'M' 'M' 'M' 'U' 'M' 'M' 'M' 'M' 'M' 'M' 'M' 'M'
 'M' 'U' 'U' 'M' 'M' 'M' 'M' 'M' 'A' 'U' 'U' 'M' 'M' 'M' 'M' 'M' 'M' 'M']"
372701,0,157,5,152,41,0,0,"['A' 'M' 'M' 'M' 'M' 'U' 'M' 'M' 'M' 'M' 'U' 'M' 'M' 'A' 'M' 'M' 'M' 'M'
 'M' 'M' 'M' 'M' 'M' 'M' 'U' 'M' 'M' 'U' 'M' 'M' 'M' 'M' 'M' 'M' 'M' 'M'
 'U' 'M' 'M' 'M' 'M' 'M' 'M' 'M' 'U' 'M' 'M' 'U' 'M' 'M' 'M' 'M' 'M' 'M'
 'U' 'M' 'M' 'M' 'M' 'A' 'M' 'M' 'M' 'U' 'M' 'M' 'M' 'U' 'M' 'M' 'M' 'M'
 'M' 'M' 'M' 'U' 'M' 'U' 'M' 'M' 'M' 'M' 'U' 'M' 'M' 'M' 'M' 'M' 'M' 'M'
 'M' 'M' 'M' 'M' 'U' 'M' 'M' 'M' 'U' 'U' 'M' 'M' 'M' 'M' 'M' 'U' 'M' 'M'
 'M' 'M' 'M' 'M' 'U' 'M' 'M' 'U' 'M' 'M' 'U' 'M' 'M' 'M' 'M' 'U' 'M' 'M'
 'U' 'M' 'M' 'M' 'M' 'M' 'M' 'M' 'U' 'U' 'A' 'U' 'U' 'M' 'U' 'M' 'M' 'M'
 'M' 'M' 'U' 'U' 'M' 'M' 'M' 'M' 'M' 'M' 'M' 'M' 'M' 'U' 'U' 'M' 'M' 'M'
 'M' 'M' 'U' 'M' 'M' 'U' 'M' 'M' 'M' 'U' 'M' 'M' 'M' 'U' 'M' 'M' 'M' 'M'
 'M' 'U' 'U' 'M' 'U' 'M' 'M' 'M' 'U' 'A' 'U' 'M' 'M' 'U' 'M' 'M' 'M' 'M']"
372801,0,163,6,157,35,0,0,"['A' 'M' 'U' 'M' 'M' 'U' 'M' 'M' 'M' 'M' 'M' 'M' 'M' 'A' 'M' 'M' 'M' 'M'
 'M' 'M' 'M' 'M' 'M' 'M' 'U' 'M' 'M' 'U' 'M' 'M' 'M' 'M' 'M' 'M' 'M' 'M'
 'U' 'U' 'M' 'M' 'M' 'M' 'M' 'M' 'M' 'U' 'M' 'M' 'M' 'M' 'M' 'M' 'M' 'M'
 'U' 'M' 'M' 'M' 'M' 'A' 'M' 'M' 'M' 'U' 'M' 'M' 'M' 'M' 'M' 'M' 'M' 'U'
 'M' 'M' 'M' 'M' 'M' 'U' 'M' 'U' 'M' 'M' 'M' 'M' 'M' 'M' 'M' 'M' 'M' 'M'
 'M' 'M' 'M' 'U' 'U' 'M' 'M' 'M' 'M' 'U' 'M' 'M' 'M' 'M' 'M' 'U' 'U' 'M'
 'M' 'M' 'M' 'M' 'U' 'U' 'M' 'U' 'M' 'M' 'U' 'M' 'M' 'M' 'M' 'U' 'M' 'M'
 'M' 'M' 'M' 'M' 'M' 'M' 'M' 'M' 'U' 'M' 'M' 'A' 'U' 'M' 'U' 'M' 'M' 'M'
 'M' 'M' 'A' 'M' 'M' 'M' 'M' 'M' 'M' 'M' 'M' 'U' 'U' 'U' 'U' 'M' 'M' 'M'
 'M' 'M' 'M' 'M' 'M' 'M' 'M' 'M' 'M' 'M' 'M' 'U' 'M' 'M' 'M' 'M' 'M' 'M'
 'U' 'U' 'U' 'M' 'M' 'M' 'M' 'M' 'U' 'A' 'M' 'M' 'M' 'U' 'M' 'M' 'M' 'M']"
372901,0,160,6,154,38,0,0,"['A' 'U' 'M' 'U' 'M' 'U' 'M' 'M' 'M' 'M' 'M' 'M' 'M' 'A' 'M' 'M' 'M' 'M'
 'M' 'M' 'M' 'M' 'M' 'M' 'U' 'M' 'M' 'M' 'M' 'M' 'M' 'M' 'M' 'M' 'U' 'M'
 'M' 'U' 'M' 'M' 'M' 'M' 'M' 'M' 'M' 'U' 'M' 'M' 'M' 'M' 'M' 'M' 'M' 'M'
 'U' 'M' 'M' 'M' 'M' 'A' 'M' 'M' 'U' 'U' 'M' 'M' 'M' 'M' 'M' 'M' 'M' 'M'
 'M' 'M' 'M' 'M' 'M' 'M' 'M' 'M' 'M' 'M' 'U' 'M' 'M' 'M' 'M' 'U' 'U' 'U'
 'M' 'M' 'M' 'U' 'M' 'M' 'M' 'M' 'M' 'U' 'M' 'M' 'U' 'M' 'M' 'U' 'U' 'U'
 'M' 'M' 'M' 'M' 'M' 'U' 'M' 'M' 'U' 'M' 'U' 'M' 'M' 'M' 'M' 'U' 'M' 'M'
 'M' 'M' 'M' 'U' 'M' 'M' 'M' 'M' 'U' 'M' 'M' 'A' 'U' 'M' 'M' 'M' 'M' 'M'
 'M' 'M' 'A' 'M' 'M' 'M' 'M' 'M' 'M' 'M' 'M' 'U' 'U' 'U' 'U' 'M' 'M' 'M'
 'M' 'M' 'M' 'M' 'U' 'M' 'M' 'M' 'M' 'M' 'M' 'U' 'M' 'M' 'M' 'M' 'U' 'M'
 'U' 'U' 'M' 'M' 'M' 'M' 'M' 'U' 'U' 'A' 'M' 'M' 'M' 'M' 'M' 'M' 'M' 'M']"
373001,0,159,3,156,39,0,0,"['A' 'U' 'M' 'U' 'M' 'U' 'M' 'M' 'M' 'M' 'M' 'M' 'U' 'U' 'M' 'M' 'U' 'U'
 'M' 'M' 'M' 'M' 'M' 'U' 'U' 'M' 'M' 'M' 'M' 'U' 'M' 'M' 'M' 'M' 'U' 'M'
 'M' 'M' 'M' 'M' 'M' 'M' 'M' 'M' 'M' 'U' 'M' 'M' 'M' 'M' 'M' 'M' 'M' 'M'
 'U' 'M' 'M' 'M' 'M' 'U' 'M' 'M' 'U' 'U' 'M' 'M' 'M' 'M' 'U' 'M' 'M' 'M'
 'M' 'M' 'M' 'M' 'M' 'M' 'M' 'M' 'M' 'U' 'M' 'M' 'M' 'M' 'U' 'M' 'M' 'M'
 'M' 'M' 'M' 'U' 'U' 'M' 'M' 'M' 'M' 'M' 'M' 'M' 'U' 'M' 'M' 'U' 'U' 'M'
 'M' 'M' 'M' 'M' 'M' 'M' 'M' 'M' 'U' 'U' 'U' 'M' 'M' 'M' 'M' 'U' 'M' 'M'
 'M' 'M' 'M' 'M' 'M' 'M' 'U' 'M' 'M' 'M' 'M' 'U' 'M' 'M' 'M' 'M' 'M' 'M'
 'M' 'M' 'A' 'M' 'M' 'M' 'M' 'M' 'M' 'M' 'M' 'M' 'U' 'U' 'U' 'M' 'M' 'M'
 'M' 'M' 'M' 'M' 'U' 'M' 'M' 'M' 'U' 'M' 'M' 'M' 'M' 'M' 'M' 'M' 'U' 'M'
 'U' 'M' 'M' 'M' 'M' 'M' 'M' 'U' 'U' 'A' 'M' 'M' 'M' 'M' 'M' 'M' 'M' 'M']"
373101,0,162,4,158,36,0,0,"['A' 'U' 'M' 'U' 'M' 'U' 'M' 'M' 'M' 'M' 'M' 'M' 'U' 'U' 'M' 'M' 'M' 'M'
 'M' 'M' 'M' 'U' 'M' 'M' 'M' 'M' 'M' 'M' 'M' 'U' 'M' 'M' 'M' 'M' 'U' 'U'
 'M' 'M' 'M' 'M' 'M' 'M' 'M' 'M' 'M' 'U' 'M' 'M' 'M' 'M' 'M' 'M' 'M' 'M'
 'U' 'M' 'M' 'M' 'M' 'M' 'M' 'M' 'M' 'U' 'M' 'M' 'M' 'M' 'M' 'M' 'U' 'M'
 'U' 'M' 'M' 'M' 'M' 'M' 'U' 'M' 'M' 'M' 'M' 'U' 'U' 'M' 'M' 'M' 'M' 'M'
 'M' 'M' 'M' 'M' 'M' 'M' 'M' 'M' 'M' 'M' 'M' 'M' 'A' 'M' 'M' 'U' 'U' 'U'
 'U' 'M' 'M' 'M' 'M' 'M' 'M' 'M' 'U' 'U' 'U' 'M' 'M' 'M' 'M' 'M' 'M' 'M'
 'M' 'M' 'M' 'M' 'M' 'M' 'U' 'M' 'M' 'M' 'M' 'U' 'M' 'M' 'M' 'M' 'M' 'M'
 'M' 'M' 'A' 'U' 'M' 'M' 'M' 'M' 'M' 'M' 'M' 'M' 'M' 'U' 'U' 'M' 'M' 'M'
 'M' 'M' 'M' 'M' 'U' 'M' 'M' 'M' 'U' 'M' 'M' 'M' 'M' 'M' 'M' 'M' 'U' 'M'
 'U' 'M' 'M' 'M' 'M' 'M' 'M' 'U' 'U' 'A' 'M' 'M' 'M' 'M' 'U' 'M' 'M' 'M']"
373201,0,163,4,159,35,0,0,"['A' 'U' 'M' 'U' 'M' 'U' 'M' 'M' 'M' 'M' 'M' 'M' 'U' 'U' 'M' 'M' 'M' 'M'
 'M' 'M' 'M' 'U' 'M' 'M' 'M' 'U' 'M' 'U' 'M' 'U' 'M' 'M' 'M' 'M' 'U' 'U'
 'M' 'M' 'M' 'M' 'M' 'M' 'M' 'M' 'M' 'U' 'U' 'M' 'M' 'M' 'M' 'M' 'M' 'M'
 'M' 'M' 'M' 'M' 'M' 'M' 'M' 'M' 'M' 'M' 'M' 'M' 'U' 'U' 'M' 'M' 'U' 'M'
 'M' 'M' 'M' 'U' 'M' 'U' 'M' 'M' 'M' 'M' 'M' 'M' 'M' 'M' 'M' 'M' 'M' 'M'
 'M' 'M' 'M' 'M' 'M' 'M' 'M' 'M' 'M' 'M' 'M' 'M' 'A' 'M' 'M' 'M' 'U' 'U'
 'U' 'M' 'M' 'M' 'M' 'M' 'M' 'M' 'M' 'U' 'U' 'M' 'M' 'M' 'M' 'M' 'M' 'M'
 'M' 'M' 'M' 'M' 'M' 'M' 'U' 'M' 'M' 'M' 'M' 'M' 'M' 'M' 'M' 'M' 'U' 'M'
 'M' 'M' 'A' 'U' 'M' 'M' 'M' 'M' 'M' 'M' 'M' 'M' 'M' 'U' 'A' 'M' 'M' 'M'
 'M' 'U' 'M' 'M' 'U' 'U' 'M' 'M' 'U' 'M' 'M' 'M' 'M' 'M' 'M' 'M' 'M' 'M'
 'M' 'M' 'M' 'M' 'M' 'M' 'M' 'U' 'U' 'U' 'M' 'M' 'M' 'M' 'U' 'M' 'M' 'M']"
373301,0,165,6,159,33,0,0,"['A' 'U' 'M' 'U' 'M' 'U' 'M' 'M' 'M' 'M' 'M' 'M' 'U' 'A' 'M' 'M' 'M' 'M'
 'M' 'M' 'M' 'U' 'M' 'M' 'M' 'M' 'M' 'U' 'M' 'U' 'M' 'M' 'M' 'M' 'U' 'U'
 'M' 'M' 'M' 'M' 'M' 'M' 'U' 'M' 'M' 'U' 'A' 'M' 'M' 'M' 'M' 'M' 'M' 'M'
 'M' 'M' 'M' 'U' 'M' 'M' 'M' 'M' 'M' 'U' 'M' 'U' 'M' 'M' 'M' 'U' 'M' 'M'
 'M' 'M' 'M' 'M' 'U' 'M' 'M' 'M' 'M' 'M' 'M' 'M' 'M' 'M' 'M' 'U' 'M' 'M'
 'M' 'M' 'M' 'M' 'U' 'M' 'M' 'M' 'M' 'M' 'M' 'M' 'U' 'U' 'M' 'M' 'U' 'M'
 'M' 'M' 'M' 'M' 'M' 'M' 'M' 'M' 'M' 'U' 'U' 'M' 'M' 'M' 'M' 'M' 'M' 'M'
 'M' 'M' 'M' 'M' 'M' 'M' 'U' 'M' 'M' 'M' 'M' 'M' 'M' 'M' 'M' 'M' 'M' 'M'
 'M' 'M' 'A' 'M' 'M' 'U' 'M' 'M' 'M' 'M' 'M' 'M' 'M' 'M' 'A' 'M' 'M' 'M'
 'M' 'U' 'M' 'M' 'U' 'M' 'M' 'U' 'M' 'M' 'M' 'M' 'M' 'M' 'M' 'U' 'M' 'M'
 'M' 'M' 'M' 'M' 'U' 'M' 'M' 'U' 'U' 'M' 'M' 'U' 'M' 'M' 'A' 'M' 'M' 'M']"
373401,0,167,4,163,31,1,0,"['A' 'U' 'M' 'U' 'M' 'M' 'M' 'M' 'M' 'M' 'M' 'M' 'U' 'U' 'M' 'M' 'M' 'M'
 'M' 'M' 'M' 'U' 'M' 'M' 'M' 'M' 'M' 'M' 'M' 'M' 'M' 'M' 'M' 'M' 'U' 'U'
 'M' 'M' 'M' 'M' 'M' 'M' 'U' 'M' 'U' 'M' 'A' 'M' 'M' 'M' 'M' 'M' 'M' 'M'
 'M' 'M' 'M' 'U' 'M' 'M' 'M' 'M' 'M' 'U' 'M' 'U' 'M' 'U' 'M' 'M' 'M' 'M'
 'U' 'M' 'M' 'U' 'M' 'M' 'M' 'M' 'U' 'M' 'M' 'M' 'M' 'M' 'M' 'M' 'M' 'M'
 'M' 'M' 'M' 'M' 'M' 'M' 'M' 'M' 'M' 'M' 'M' 'M' 'M' 'M' 'M' 'U' 'U' 'M'
 'M' 'M' 'M' 'M' 'M' 'U' 'M' 'M' 'U' 'M' 'U' 'M' 'M' 'M' 'M' 'M' 'M' 'M'
 'M' 'M' 'M' 'M' 'M' 'M' 'M' 'M' 'M' 'M' 'M' 'M' 'M' 'U' 'M' 'M' 'M' 'U'
 'M' 'M' 'A' 'M' 'M' 'U' 'M' 'M' 'M' 'M' 'M' 'M' 'M' 'M' 'A' 'M' 'M' 'M'
 'M' 'M' 'M' 'M' 'U' 'M' 'M' 'M' 'M' 'M' 'M' 'M' 'M' 'M' 'M' 'U' 'M' 'M'
 'M' 'M' 'M' 'M' 'U' 'M' 'M' 'M' 'U' 'M' 'M' 'U' 'M' 'M' 'U' 'M' 'U' 'M']"
373501,0,169,4,165,29,0,0,"['A' 'U' 'M' 'U' 'M' 'M' 'M' 'M' 'M' 'M' 'M' 'U' 'U' 'M' 'M' 'M' 'M' 'M'
 'M' 'M' 'M' 'U' 'M' 'M' 'U' 'M' 'M' 'M' 'M' 'M' 'M' 'M' 'M' 'M' 'M' 'U'
 'M' 'M' 'M' 'M' 'M' 'U' 'U' 'M' 'M' 'A' 'U' 'M' 'M' 'M' 'M' 'M' 'M' 'M'
 'M' 'M' 'M' 'U' 'M' 'M' 'M' 'M' 'M' 'M' 'M' 'M' 'M' 'M' 'M' 'M' 'M' 'U'
 'M' 'M' 'M' 'U' 'U' 'M' 'M' 'M' 'M' 'M' 'M' 'U' 'M' 'M' 'M' 'U' 'M' 'M'
 'M' 'M' 'M' 'M' 'M' 'M' 'M' 'M' 'M' 'M' 'M' 'M' 'M' 'M' 'M' 'U' 'M' 'M'
 'M' 'U' 'M' 'M' 'M' 'U' 'M' 'M' 'U' 'M' 'U' 'M' 'M' 'M' 'M' 'M' 'M' 'M'
 'M' 'M' 'M' 'M' 'M' 'M' 'M' 'M' 'M' 'M' 'M' 'M' 'M' 'M' 'M' 'M' 'M' 'U'
 'M' 'M' 'A' 'M' 'M' 'U' 'M' 'M' 'M' 'M' 'U' 'M' 'M' 'M' 'A' 'M' 'M' 'M'
 'M' 'M' 'M' 'M' 'M' 'M' 'M' 'M' 'M' 'M' 'M' 'M' 'M' 'M' 'M' 'U' 'M' 'M'
 'M' 'M' 'M' 'M' 'M' 'M' 'M' 'M' 'U' 'M' 'M' 'U' 'M' 'M' 'U' 'M' 'U' 'M']"
373601,0,171,5,166,27,0,0,"['A' 'U' 'M' 'U' 'M' 'M' 'M' 'M' 'M' 'M' 'M' 'U' 'U' 'M' 'M' 'M' 'M' 'M'
 'M' 'M' 'M' 'U' 'M' 'M' 'M' 'M' 'M' 'M' 'M' 'M' 'M' 'M' 'M' 'M' 'M' 'U'
 'M' 'M' 'M' 'M' 'M' 'U' 'M' 'M' 'M' 'A' 'U' 'M' 'M' 'M' 'M' 'M' 'M' 'M'
 'M' 'M' 'M' 'A' 'M' 'M' 'M' 'M' 'U' 'M' 'M' 'M' 'M' 'M' 'U' 'M' 'M' 'M'
 'U' 'M' 'M' 'M' 'M' 'M' 'M' 'M' 'M' 'U' 'M' 'M' 'M' 'M' 'M' 'M' 'U' 'M'
 'U' 'M' 'M' 'M' 'M' 'M' 'M' 'M' 'M' 'M' 'M' 'M' 'M' 'U' 'M' 'U' 'M' 'U'
 'M' 'M' 'U' 'M' 'M' 'U' 'M' 'M' 'M' 'M' 'U' 'M' 'M' 'M' 'M' 'M' 'M' 'M'
 'M' 'M' 'M' 'M' 'M' 'M' 'M' 'M' 'M' 'M' 'U' 'M' 'M' 'M' 'M' 'M' 'M' 'M'
 'M' 'M' 'A' 'M' 'M' 'U' 'M' 'M' 'M' 'M' 'U' 'M' 'M' 'M' 'A' 'M' 'M' 'M'
 'M' 'M' 'M' 'M' 'M' 'M' 'M' 'M' 'M' 'M' 'M' 'M' 'M' 'M' 'M' 'M' 'M' 'M'
 'M' 'M' 'M' 'M' 'M' 'M' 'M' 'M' 'U' 'M' 'M' 'U' 'M' 'M' 'U' 'M' 'U' 'M']"
373701,0,166,6,160,32,0,0,"['A' 'U' 'M' 'U' 'M' 'U' 'M' 'M' 'M' 'M' 'M' 'U' 'U' 'M' 'M' 'M' 'M' 'M'
 'M' 'M' 'M' 'U' 'M' 'M' 'M' 'M' 'M' 'M' 'M' 'M' 'M' 'M' 'M' 'M' 'M' 'U'
 'M' 'M' 'M' 'M' 'U' 'M' 'M' 'U' 'M' 'A' 'U' 'M' 'U' 'M' 'M' 'M' 'M' 'M'
 'M' 'M' 'M' 'A' 'M' 'M' 'M' 'M' 'U' 'M' 'M' 'M' 'U' 'M' 'M' 'U' 'M' 'U'
 'M' 'M' 'M' 'M' 'M' 'M' 'U' 'M' 'M' 'M' 'M' 'M' 'M' 'M' 'M' 'M' 'M' 'M'
 'M' 'M' 'M' 'M' 'U' 'M' 'M' 'M' 'M' 'M' 'M' 'M' 'M' 'U' 'M' 'A' 'U' 'U'
 'M' 'M' 'U' 'M' 'M' 'M' 'M' 'M' 'M' 'M' 'U' 'U' 'M' 'M' 'U' 'M' 'M' 'M'
 'M' 'M' 'M' 'M' 'M' 'M' 'U' 'M' 'M' 'M' 'U' 'M' 'M' 'M' 'M' 'M' 'M' 'M'
 'M' 'M' 'A' 'M' 'M' 'U' 'M' 'U' 'M' 'M' 'M' 'M' 'M' 'M' 'A' 'M' 'M' 'M'
 'M' 'M' 'M' 'M' 'M' 'M' 'M' 'M' 'M' 'M' 'M' 'M' 'M' 'M' 'M' 'M' 'M' 'U'
 'M' 'M' 'M' 'M' 'M' 'U' 'M' 'M' 'M' 'M' 'M' 'U' 'M' 'M' 'U' 'M' 'M' 'M']"
373801,0,165,8,157,33,0,0,"['A' 'M' 'M' 'M' 'M' 'A' 'M' 'M' 'M' 'M' 'M' 'U' 'U' 'M' 'M' 'M' 'M' 'M'
 'M' 'M' 'M' 'U' 'M' 'M' 'M' 'M' 'M' 'M' 'U' 'U' 'M' 'M' 'M' 'M' 'M' 'U'
 'M' 'M' 'M' 'M' 'U' 'M' 'M' 'U' 'U' 'A' 'U' 'M' 'U' 'U' 'M' 'M' 'U' 'M'
 'M' 'M' 'M' 'A' 'M' 'M' 'M' 'M' 'M' 'M' 'M' 'U' 'M' 'M' 'M' 'M' 'U' 'M'
 'U' 'M' 'M' 'M' 'M' 'M' 'M' 'M' 'M' 'M' 'M' 'M' 'M' 'M' 'M' 'M' 'M' 'M'
 'M' 'M' 'U' 'M' 'U' 'M' 'M' 'M' 'M' 'M' 'M' 'M' 'M' 'M' 'M' 'A' 'U' 'M'
 'M' 'M' 'U' 'M' 'M' 'U' 'M' 'M' 'M' 'M' 'U' 'U' 'M' 'M' 'U' 'M' 'M' 'M'
 'M' 'M' 'M' 'M' 'U' 'M' 'M' 'M' 'M' 'M' 'M' 'M' 'M' 'M' 'M' 'M' 'M' 'M'
 'M' 'M' 'A' 'M' 'M' 'U' 'M' 'U' 'M' 'M' 'M' 'M' 'M' 'M' 'A' 'M' 'M' 'M'
 'M' 'M' 'M' 'M' 'M' 'M' 'M' 'M' 'M' 'M' 'M' 'U' 'M' 'M' 'M' 'M' 'M' 'U'
 'M' 'M' 'M' 'M' 'M' 'U' 'U' 'U' 'M' 'M' 'M' 'A' 'M' 'M' 'U' 'M' 'M' 'M']"
373901,0,163,10,153,35,0,0,"['A' 'M' 'M' 'A' 'M' 'A' 'M' 'U' 'M' 'M' 'M' 'U' 'U' 'M' 'M' 'M' 'M' 'M'
 'M' 'M' 'M' 'U' 'M' 'M' 'M' 'M' 'M' 'M' 'U' 'U' 'M' 'M' 'M' 'M' 'M' 'U'
 'U' 'U' 'M' 'M' 'U' 'M' 'M' 'M' 'U' 'A' 'U' 'M' 'U' 'U' 'M' 'M' 'U' 'M'
 'M' 'M' 'M' 'A' 'M' 'M' 'M' 'M' 'M' 'M' 'M' 'U' 'M' 'M' 'M' 'M' 'M' 'M'
 'M' 'M' 'U' 'M' 'M' 'M' 'M' 'M' 'M' 'M' 'M' 'U' 'M' 'M' 'M' 'M' 'M' 'U'
 'M' 'U' 'M' 'M' 'M' 'M' 'M' 'M' 'M' 'M' 'M' 'M' 'M' 'M' 'M' 'A' 'M' 'M'
 'M' 'M' 'U' 'M' 'M' 'U' 'M' 'M' 'M' 'M' 'M' 'U' 'M' 'M' 'U' 'M' 'M' 'U'
 'M' 'M' 'M' 'M' 'U' 'M' 'M' 'M' 'M' 'M' 'M' 'M' 'M' 'M' 'M' 'M' 'M' 'M'
 'M' 'M' 'A' 'M' 'M' 'A' 'M' 'U' 'M' 'M' 'M' 'M' 'M' 'M' 'A' 'M' 'M' 'M'
 'M' 'M' 'M' 'M' 'M' 'M' 'M' 'M' 'M' 'M' 'M' 'U' 'M' 'M' 'M' 'M' 'U' 'U'
 'M' 'M' 'M' 'M' 'M' 'U' 'U' 'M' 'M' 'M' 'U' 'A' 'M' 'M' 'U' 'M' 'U' 'M']"
374001,0,166,7,159,32,0,1,"['A' 'U' 'M' 'U' 'M' 'A' 'M' 'U' 'M' 'M' 'M' 'U' 'U' 'M' 'M' 'M' 'M' 'M'
 'M' 'M' 'M' 'U' 'M' 'M' 'M' 'M' 'U' 'M' 'U' 'U' 'M' 'M' 'M' 'M' 'M' 'U'
 'U' 'U' 'M' 'M' 'U' 'M' 'M' 'M' 'U' 'A' 'M' 'M' 'U' 'U' 'M' 'M' 'M' 'M'
 'M' 'M' 'M' 'A' 'M' 'M' 'M' 'M' 'M' 'M' 'M' 'M' 'M' 'M' 'M' 'M' 'M' 'M'
 'M' 'M' 'U' 'M' 'U' 'M' 'M' 'M' 'M' 'U' 'M' 'M' 'M' 'M' 'U' 'M' 'M' 'M'
 'M' 'M' 'M' 'M' 'U' 'M' 'M' 'M' 'M' 'M' 'M' 'M' 'M' 'M' 'M' 'A' 'M' 'M'
 'M' 'M' 'U' 'M' 'M' 'M' 'M' 'M' 'M' 'M' 'M' 'U' 'M' 'M' 'U' 'M' 'M' 'M'
 'M' 'M' 'M' 'M' 'U' 'M' 'M' 'M' 'M' 'M' 'M' 'M' 'M' 'M' 'M' 'M' 'M' 'M'
 'M' 'M' 'U' 'M' 'M' 'M' 'M' 'M' 'M' 'M' 'M' 'M' 'M' 'M' 'A' 'M' 'M' 'M'
 'M' 'M' 'M' 'M' 'M' 'M' 'M' 'U' 'M' 'M' 'M' 'U' 'M' 'M' 'M' 'M' 'M' 'U'
 'M' 'M' 'M' 'M' 'M' 'M' 'U' 'M' 'M' 'M' 'U' 'A' 'M' 'M' 'U' 'M' 'M' 'M']"
374101,0,161,7,154,37,0,0,"['A' 'M' 'M' 'M' 'M' 'U' 'M' 'M' 'M' 'M' 'M' 'U' 'U' 'M' 'M' 'M' 'M' 'M'
 'M' 'M' 'M' 'M' 'M' 'M' 'M' 'M' 'M' 'M' 'U' 'U' 'M' 'M' 'M' 'M' 'M' 'M'
 'U' 'U' 'M' 'M' 'U' 'M' 'M' 'M' 'A' 'A' 'U' 'M' 'U' 'U' 'M' 'M' 'M' 'M'
 'M' 'M' 'M' 'A' 'M' 'M' 'M' 'M' 'M' 'M' 'M' 'U' 'M' 'M' 'M' 'U' 'U' 'M'
 'U' 'M' 'M' 'M' 'M' 'M' 'M' 'M' 'M' 'M' 'M' 'M' 'M' 'M' 'M' 'M' 'M' 'M'
 'M' 'M' 'M' 'U' 'M' 'M' 'M' 'M' 'M' 'M' 'M' 'M' 'M' 'M' 'M' 'A' 'M' 'M'
 'M' 'U' 'U' 'M' 'M' 'M' 'M' 'U' 'M' 'M' 'M' 'U' 'M' 'M' 'U' 'M' 'M' 'M'
 'M' 'U' 'M' 'M' 'U' 'M' 'U' 'M' 'M' 'M' 'M' 'M' 'M' 'U' 'M' 'M' 'M' 'M'
 'U' 'M' 'M' 'M' 'M' 'M' 'U' 'M' 'M' 'M' 'M' 'M' 'M' 'U' 'A' 'M' 'M' 'M'
 'M' 'M' 'U' 'M' 'M' 'M' 'M' 'U' 'M' 'M' 'M' 'U' 'U' 'M' 'M' 'M' 'M' 'U'
 'M' 'M' 'M' 'M' 'M' 'M' 'U' 'U' 'M' 'M' 'U' 'A' 'M' 'M' 'U' 'M' 'M' 'M']"
374201,0,165,5,160,33,0,0,"['A' 'M' 'M' 'M' 'M' 'U' 'M' 'M' 'M' 'M' 'M' 'M' 'U' 'M' 'M' 'M' 'M' 'M'
 'M' 'M' 'M' 'M' 'M' 'M' 'M' 'M' 'M' 'M' 'U' 'U' 'M' 'M' 'M' 'M' 'M' 'M'
 'M' 'M' 'M' 'M' 'U' 'M' 'M' 'U' 'A' 'A' 'U' 'M' 'U' 'U' 'M' 'M' 'M' 'M'
 'M' 'M' 'M' 'U' 'M' 'M' 'M' 'U' 'M' 'M' 'M' 'M' 'M' 'M' 'M' 'M' 'M' 'M'
 'M' 'M' 'U' 'M' 'U' 'M' 'M' 'U' 'M' 'M' 'M' 'M' 'M' 'M' 'U' 'M' 'M' 'M'
 'M' 'M' 'U' 'M' 'M' 'M' 'M' 'M' 'M' 'M' 'M' 'M' 'M' 'M' 'M' 'A' 'M' 'M'
 'M' 'M' 'U' 'M' 'M' 'M' 'M' 'M' 'M' 'M' 'M' 'U' 'M' 'M' 'U' 'M' 'M' 'M'
 'M' 'U' 'M' 'M' 'M' 'M' 'M' 'M' 'M' 'M' 'M' 'M' 'M' 'U' 'M' 'M' 'M' 'U'
 'U' 'M' 'M' 'M' 'M' 'M' 'U' 'M' 'M' 'M' 'M' 'M' 'M' 'U' 'U' 'M' 'M' 'M'
 'M' 'M' 'U' 'M' 'M' 'M' 'M' 'U' 'M' 'M' 'M' 'U' 'U' 'M' 'M' 'M' 'M' 'M'
 'M' 'M' 'M' 'U' 'M' 'M' 'M' 'U' 'M' 'M' 'M' 'A' 'M' 'M' 'U' 'M' 'M' 'M']"
374301,0,167,5,162,31,1,0,"['A' 'M' 'M' 'M' 'M' 'U' 'M' 'M' 'M' 'M' 'M' 'M' 'M' 'M' 'M' 'M' 'M' 'M'
 'M' 'M' 'M' 'M' 'M' 'M' 'M' 'M' 'M' 'M' 'U' 'U' 'M' 'M' 'M' 'M' 'U' 'M'
 'M' 'M' 'M' 'M' 'U' 'M' 'M' 'U' 'A' 'M' 'U' 'M' 'U' 'M' 'M' 'U' 'M' 'M'
 'M' 'M' 'M' 'M' 'M' 'M' 'M' 'U' 'M' 'U' 'M' 'M' 'M' 'U' 'U' 'M' 'M' 'M'
 'M' 'M' 'M' 'M' 'M' 'M' 'U' 'M' 'M' 'M' 'M' 'M' 'M' 'M' 'M' 'M' 'M' 'M'
 'M' 'M' 'U' 'M' 'U' 'M' 'M' 'M' 'U' 'M' 'M' 'M' 'M' 'M' 'M' 'A' 'M' 'M'
 'M' 'M' 'U' 'U' 'M' 'M' 'M' 'M' 'M' 'M' 'M' 'U' 'M' 'M' 'M' 'M' 'M' 'M'
 'M' 'A' 'M' 'M' 'M' 'M' 'M' 'M' 'M' 'M' 'M' 'M' 'M' 'U' 'M' 'M' 'M' 'M'
 'U' 'M' 'M' 'M' 'M' 'M' 'U' 'M' 'M' 'U' 'M' 'M' 'M' 'M' 'U' 'M' 'M' 'M'
 'M' 'M' 'U' 'M' 'M' 'M' 'M' 'U' 'M' 'M' 'M' 'U' 'U' 'M' 'M' 'M' 'M' 'M'
 'M' 'M' 'M' 'M' 'M' 'M' 'M' 'U' 'M' 'M' 'M' 'A' 'M' 'M' 'U' 'M' 'M' 'M']"
374401,0,170,6,164,28,0,0,"['A' 'M' 'M' 'M' 'M' 'U' 'M' 'M' 'M' 'M' 'M' 'U' 'M' 'M' 'M' 'M' 'M' 'M'
 'M' 'M' 'M' 'M' 'M' 'M' 'M' 'M' 'M' 'M' 'M' 'U' 'M' 'U' 'M' 'M' 'U' 'M'
 'M' 'M' 'M' 'M' 'A' 'M' 'M' 'U' 'A' 'M' 'U' 'M' 'U' 'M' 'M' 'U' 'M' 'M'
 'M' 'M' 'M' 'M' 'M' 'M' 'M' 'U' 'M' 'M' 'M' 'M' 'M' 'M' 'M' 'U' 'U' 'M'
 'M' 'M' 'M' 'U' 'M' 'U' 'M' 'M' 'M' 'M' 'M' 'M' 'M' 'M' 'M' 'M' 'M' 'M'
 'U' 'M' 'M' 'M' 'M' 'M' 'M' 'M' 'M' 'M' 'M' 'M' 'M' 'M' 'M' 'A' 'M' 'M'
 'M' 'M' 'M' 'U' 'M' 'M' 'M' 'M' 'M' 'M' 'M' 'U' 'M' 'M' 'M' 'M' 'M' 'M'
 'M' 'A' 'M' 'M' 'M' 'M' 'M' 'M' 'M' 'M' 'M' 'M' 'M' 'U' 'M' 'M' 'M' 'M'
 'U' 'M' 'M' 'M' 'M' 'M' 'U' 'M' 'M' 'U' 'M' 'M' 'M' 'M' 'U' 'M' 'M' 'M'
 'M' 'M' 'M' 'M' 'M' 'M' 'M' 'U' 'M' 'M' 'U' 'U' 'U' 'M' 'M' 'M' 'M' 'M'
 'M' 'M' 'M' 'M' 'M' 'M' 'M' 'U' 'M' 'M' 'M' 'A' 'M' 'M' 'U' 'M' 'M' 'M']"
374501,0,161,3,158,37,0,0,"['A' 'M' 'M' 'M' 'M' 'M' 'M' 'M' 'M' 'U' 'M' 'M' 'M' 'U' 'M' 'M' 'M' 'M'
 'M' 'M' 'M' 'M' 'M' 'U' 'M' 'M' 'M' 'M' 'M' 'M' 'U' 'M' 'M' 'M' 'U' 'M'
 'M' 'M' 'U' 'M' 'U' 'M' 'M' 'M' 'U' 'M' 'U' 'M' 'U' 'M' 'M' 'M' 'M' 'M'
 'M' 'U' 'M' 'M' 'U' 'M' 'M' 'U' 'U' 'M' 'M' 'M' 'M' 'M' 'M' 'M' 'U' 'M'
 'M' 'M' 'M' 'M' 'M' 'M' 'M' 'M' 'M' 'M' 'M' 'M' 'M' 'U' 'M' 'U' 'M' 'U'
 'M' 'U' 'M' 'M' 'M' 'M' 'M' 'M' 'M' 'M' 'M' 'M' 'M' 'M' 'M' 'U' 'M' 'M'
 'M' 'M' 'M' 'U' 'M' 'M' 'M' 'M' 'M' 'M' 'M' 'U' 'U' 'M' 'M' 'M' 'M' 'M'
 'M' 'A' 'M' 'M' 'M' 'M' 'M' 'M' 'M' 'M' 'M' 'M' 'M' 'U' 'U' 'M' 'M' 'M'
 'U' 'M' 'M' 'M' 'M' 'M' 'U' 'M' 'M' 'U' 'M' 'M' 'M' 'U' 'U' 'M' 'M' 'M'
 'M' 'M' 'M' 'M' 'M' 'M' 'M' 'U' 'M' 'M' 'M' 'U' 'U' 'M' 'M' 'M' 'M' 'M'
 'M' 'M' 'U' 'M' 'M' 'M' 'M' 'U' 'M' 'M' 'M' 'A' 'M' 'M' 'U' 'M' 'U' 'M']"
374601,0,160,5,155,38,0,0,"['A' 'M' 'M' 'M' 'M' 'M' 'M' 'M' 'M' 'M' 'M' 'M' 'M' 'U' 'M' 'M' 'M' 'M'
 'M' 'M' 'M' 'U' 'M' 'U' 'M' 'M' 'M' 'M' 'M' 'M' 'U' 'M' 'U' 'M' 'U' 'M'
 'M' 'M' 'U' 'M' 'M' 'M' 'M' 'M' 'U' 'M' 'U' 'M' 'U' 'M' 'U' 'M' 'M' 'M'
 'M' 'M' 'U' 'M' 'M' 'M' 'M' 'M' 'U' 'M' 'M' 'M' 'M' 'M' 'M' 'M' 'M' 'U'
 'M' 'M' 'M' 'M' 'M' 'M' 'U' 'M' 'M' 'M' 'M' 'M' 'M' 'U' 'M' 'M' 'M' 'M'
 'U' 'M' 'M' 'M' 'U' 'M' 'M' 'M' 'M' 'M' 'M' 'M' 'M' 'U' 'M' 'U' 'M' 'M'
 'M' 'M' 'M' 'M' 'U' 'M' 'M' 'M' 'M' 'M' 'M' 'U' 'U' 'U' 'M' 'M' 'M' 'M'
 'M' 'A' 'M' 'M' 'M' 'U' 'M' 'M' 'M' 'M' 'M' 'M' 'M' 'U' 'U' 'M' 'M' 'M'
 'U' 'M' 'M' 'M' 'M' 'M' 'U' 'M' 'M' 'U' 'M' 'M' 'M' 'A' 'U' 'M' 'M' 'M'
 'M' 'M' 'M' 'M' 'M' 'M' 'M' 'A' 'M' 'U' 'M' 'U' 'U' 'M' 'M' 'M' 'M' 'M'
 'M' 'M' 'U' 'M' 'M' 'M' 'M' 'U' 'M' 'M' 'M' 'A' 'M' 'M' 'U' 'U' 'M' 'M']"
374701,0,155,3,152,43,0,0,"['A' 'M' 'M' 'M' 'M' 'M' 'M' 'U' 'M' 'M' 'M' 'M' 'M' 'U' 'M' 'M' 'U' 'M'
 'U' 'M' 'M' 'U' 'M' 'U' 'M' 'M' 'M' 'M' 'M' 'M' 'U' 'M' 'M' 'M' 'U' 'M'
 'M' 'M' 'U' 'U' 'M' 'M' 'M' 'M' 'U' 'M' 'U' 'M' 'U' 'M' 'M' 'M' 'M' 'M'
 'M' 'M' 'U' 'M' 'M' 'M' 'M' 'M' 'U' 'M' 'M' 'M' 'M' 'M' 'M' 'U' 'M' 'M'
 'M' 'U' 'M' 'M' 'M' 'M' 'M' 'M' 'M' 'M' 'M' 'U' 'M' 'M' 'M' 'M' 'M' 'M'
 'M' 'U' 'M' 'U' 'M' 'M' 'M' 'M' 'M' 'M' 'M' 'M' 'M' 'U' 'M' 'U' 'M' 'M'
 'M' 'M' 'M' 'M' 'U' 'M' 'M' 'M' 'U' 'M' 'M' 'U' 'U' 'U' 'M' 'M' 'M' 'M'
 'M' 'M' 'M' 'M' 'M' 'U' 'M' 'M' 'M' 'M' 'M' 'M' 'M' 'M' 'U' 'M' 'U' 'M'
 'U' 'M' 'M' 'M' 'M' 'M' 'M' 'M' 'M' 'U' 'M' 'M' 'M' 'A' 'M' 'M' 'M' 'M'
 'M' 'M' 'M' 'M' 'U' 'M' 'M' 'U' 'M' 'U' 'M' 'U' 'U' 'M' 'U' 'M' 'M' 'M'
 'U' 'M' 'U' 'M' 'M' 'M' 'M' 'U' 'M' 'M' 'M' 'A' 'M' 'M' 'U' 'U' 'M' 'M']"
374801,0,152,2,150,46,1,0,"['A' 'M' 'M' 'M' 'M' 'M' 'M' 'U' 'M' 'M' 'M' 'M' 'M' 'U' 'M' 'M' 'U' 'M'
 'M' 'M' 'M' 'U' 'M' 'M' 'U' 'M' 'M' 'M' 'M' 'M' 'U' 'M' 'M' 'M' 'U' 'U'
 'M' 'M' 'U' 'U' 'M' 'M' 'M' 'U' 'U' 'M' 'M' 'M' 'U' 'M' 'M' 'M' 'M' 'M'
 'M' 'M' 'U' 'M' 'M' 'M' 'M' 'M' 'U' 'U' 'M' 'M' 'M' 'U' 'U' 'M' 'M' 'M'
 'M' 'M' 'M' 'M' 'M' 'M' 'M' 'M' 'M' 'M' 'M' 'U' 'U' 'M' 'M' 'M' 'M' 'U'
 'M' 'M' 'M' 'M' 'M' 'U' 'M' 'M' 'U' 'M' 'M' 'M' 'M' 'U' 'M' 'M' 'M' 'M'
 'U' 'M' 'M' 'M' 'U' 'M' 'M' 'M' 'U' 'M' 'M' 'U' 'U' 'M' 'M' 'M' 'M' 'M'
 'M' 'M' 'M' 'M' 'M' 'U' 'M' 'M' 'M' 'M' 'M' 'M' 'M' 'M' 'U' 'M' 'U' 'M'
 'U' 'M' 'M' 'M' 'M' 'M' 'M' 'M' 'M' 'U' 'M' 'M' 'U' 'U' 'M' 'M' 'M' 'M'
 'M' 'M' 'M' 'M' 'M' 'M' 'M' 'U' 'M' 'U' 'M' 'U' 'U' 'M' 'U' 'M' 'M' 'M'
 'U' 'M' 'U' 'M' 'U' 'M' 'M' 'M' 'M' 'M' 'M' 'A' 'M' 'M' 'U' 'U' 'M' 'M']"
374901,0,149,2,147,49,0,0,"['A' 'U' 'M' 'M' 'M' 'M' 'M' 'U' 'M' 'M' 'M' 'M' 'M' 'M' 'M' 'M' 'U' 'M'
 'M' 'M' 'M' 'M' 'M' 'M' 'U' 'U' 'M' 'U' 'M' 'M' 'M' 'M' 'M' 'M' 'U' 'U'
 'M' 'M' 'M' 'M' 'M' 'M' 'M' 'U' 'M' 'M' 'M' 'M' 'U' 'M' 'M' 'M' 'M' 'M'
 'M' 'M' 'M' 'M' 'M' 'M' 'M' 'M' 'U' 'U' 'M' 'M' 'U' 'U' 'M' 'M' 'M' 'U'
 'M' 'U' 'M' 'M' 'M' 'M' 'M' 'M' 'M' 'M' 'U' 'M' 'M' 'M' 'M' 'M' 'M' 'M'
 'M' 'M' 'M' 'M' 'M' 'U' 'M' 'M' 'U' 'M' 'U' 'M' 'M' 'U' 'M' 'M' 'U' 'M'
 'U' 'M' 'M' 'M' 'U' 'M' 'M' 'U' 'U' 'M' 'M' 'U' 'U' 'M' 'M' 'M' 'M' 'M'
 'M' 'M' 'M' 'M' 'M' 'U' 'M' 'M' 'M' 'U' 'M' 'M' 'M' 'M' 'U' 'M' 'U' 'M'
 'U' 'M' 'M' 'M' 'M' 'M' 'M' 'M' 'M' 'U' 'M' 'M' 'U' 'U' 'U' 'M' 'M' 'M'
 'M' 'M' 'M' 'M' 'U' 'M' 'M' 'U' 'M' 'U' 'M' 'U' 'U' 'M' 'U' 'M' 'M' 'M'
 'U' 'M' 'U' 'M' 'M' 'M' 'M' 'U' 'M' 'M' 'M' 'A' 'M' 'U' 'U' 'U' 'M' 'M']"
375001,0,155,3,152,43,0,0,"['A' 'M' 'U' 'M' 'M' 'U' 'M' 'U' 'M' 'M' 'M' 'M' 'M' 'M' 'M' 'M' 'U' 'M'
 'M' 'M' 'U' 'M' 'U' 'M' 'U' 'U' 'M' 'U' 'M' 'M' 'M' 'M' 'M' 'M' 'M' 'U'
 'M' 'M' 'M' 'M' 'M' 'M' 'U' 'M' 'M' 'M' 'M' 'M' 'U' 'M' 'M' 'M' 'M' 'M'
 'M' 'M' 'M' 'M' 'M' 'M' 'M' 'M' 'U' 'U' 'M' 'U' 'M' 'M' 'M' 'M' 'M' 'U'
 'U' 'M' 'M' 'U' 'M' 'M' 'M' 'M' 'M' 'M' 'M' 'M' 'M' 'M' 'U' 'M' 'M' 'M'
 'M' 'M' 'M' 'M' 'M' 'U' 'M' 'M' 'M' 'M' 'U' 'M' 'M' 'M' 'M' 'M' 'A' 'M'
 'M' 'M' 'M' 'M' 'U' 'M' 'M' 'M' 'M' 'M' 'M' 'M' 'U' 'M' 'M' 'M' 'M' 'M'
 'M' 'M' 'M' 'M' 'M' 'U' 'M' 'M' 'M' 'U' 'M' 'M' 'M' 'M' 'U' 'M' 'U' 'M'
 'U' 'U' 'M' 'M' 'M' 'M' 'M' 'M' 'U' 'U' 'M' 'M' 'M' 'U' 'U' 'M' 'M' 'M'
 'M' 'M' 'M' 'U' 'U' 'M' 'M' 'U' 'M' 'U' 'M' 'U' 'M' 'M' 'M' 'M' 'M' 'M'
 'M' 'M' 'U' 'M' 'U' 'M' 'M' 'U' 'M' 'M' 'M' 'A' 'M' 'M' 'U' 'U' 'M' 'M']"
375101,0,161,2,159,37,0,0,"['A' 'M' 'U' 'M' 'M' 'U' 'M' 'U' 'M' 'M' 'M' 'M' 'M' 'M' 'M' 'M' 'U' 'M'
 'M' 'M' 'U' 'M' 'U' 'M' 'M' 'U' 'M' 'M' 'M' 'M' 'M' 'M' 'M' 'M' 'M' 'U'
 'M' 'M' 'M' 'M' 'M' 'M' 'U' 'M' 'M' 'M' 'M' 'M' 'U' 'M' 'M' 'M' 'M' 'M'
 'M' 'M' 'M' 'M' 'M' 'M' 'M' 'M' 'U' 'U' 'M' 'M' 'M' 'M' 'M' 'M' 'M' 'M'
 'M' 'M' 'M' 'U' 'M' 'U' 'M' 'M' 'M' 'M' 'M' 'U' 'M' 'U' 'M' 'M' 'M' 'M'
 'M' 'M' 'M' 'M' 'U' 'M' 'M' 'M' 'M' 'M' 'U' 'M' 'M' 'M' 'M' 'M' 'U' 'M'
 'M' 'M' 'M' 'M' 'U' 'M' 'M' 'M' 'M' 'M' 'M' 'M' 'M' 'M' 'M' 'M' 'M' 'M'
 'M' 'U' 'U' 'M' 'M' 'U' 'M' 'M' 'M' 'U' 'M' 'M' 'M' 'M' 'U' 'M' 'U' 'M'
 'M' 'U' 'M' 'M' 'M' 'M' 'M' 'M' 'U' 'M' 'M' 'M' 'M' 'U' 'M' 'M' 'M' 'M'
 'M' 'M' 'M' 'M' 'M' 'M' 'U' 'U' 'M' 'M' 'M' 'U' 'M' 'M' 'M' 'M' 'M' 'M'
 'M' 'M' 'U' 'M' 'U' 'M' 'M' 'U' 'M' 'M' 'M' 'A' 'M' 'M' 'U' 'U' 'M' 'M']"
375201,0,157,1,156,41,0,0,"['A' 'M' 'U' 'M' 'M' 'M' 'M' 'U' 'M' 'M' 'U' 'M' 'M' 'M' 'M' 'M' 'U' 'M'
 'M' 'M' 'U' 'M' 'U' 'U' 'M' 'M' 'M' 'M' 'M' 'M' 'M' 'M' 'M' 'M' 'M' 'U'
 'M' 'M' 'M' 'M' 'M' 'M' 'U' 'M' 'M' 'M' 'M' 'M' 'M' 'M' 'M' 'U' 'M' 'M'
 'M' 'M' 'M' 'M' 'M' 'M' 'M' 'M' 'U' 'M' 'M' 'M' 'M' 'M' 'M' 'M' 'M' 'M'
 'M' 'M' 'M' 'M' 'M' 'M' 'M' 'M' 'U' 'M' 'U' 'M' 'U' 'M' 'U' 'M' 'U' 'M'
 'M' 'M' 'M' 'M' 'M' 'M' 'M' 'M' 'M' 'M' 'U' 'M' 'M' 'M' 'M' 'M' 'M' 'M'
 'M' 'U' 'M' 'M' 'U' 'M' 'M' 'M' 'M' 'M' 'M' 'M' 'M' 'M' 'M' 'M' 'M' 'M'
 'M' 'U' 'U' 'M' 'M' 'U' 'U' 'U' 'U' 'U' 'U' 'U' 'U' 'M' 'M' 'M' 'U' 'M'
 'M' 'U' 'M' 'M' 'M' 'M' 'M' 'U' 'U' 'M' 'M' 'M' 'M' 'M' 'M' 'M' 'U' 'M'
 'M' 'M' 'M' 'M' 'M' 'M' 'M' 'M' 'M' 'M' 'U' 'U' 'M' 'M' 'M' 'M' 'M' 'M'
 'M' 'M' 'U' 'M' 'U' 'M' 'M' 'M' 'M' 'M' 'M' 'U' 'M' 'M' 'U' 'U' 'M' 'M']"
375301,0,154,2,152,44,0,0,"['A' 'M' 'U' 'M' 'M' 'M' 'M' 'U' 'M' 'M' 'U' 'M' 'M' 'M' 'M' 'U' 'M' 'U'
 'M' 'M' 'U' 'M' 'A' 'U' 'M' 'M' 'M' 'M' 'M' 'M' 'M' 'M' 'M' 'M' 'M' 'U'
 'M' 'M' 'M' 'M' 'M' 'M' 'U' 'M' 'M' 'M' 'M' 'M' 'U' 'M' 'M' 'U' 'M' 'M'
 'M' 'M' 'M' 'M' 'U' 'M' 'M' 'M' 'U' 'M' 'M' 'M' 'M' 'M' 'U' 'M' 'M' 'M'
 'M' 'M' 'M' 'M' 'M' 'M' 'U' 'U' 'M' 'M' 'U' 'M' 'M' 'U' 'M' 'M' 'M' 'M'
 'M' 'M' 'M' 'M' 'M' 'M' 'U' 'M' 'M' 'M' 'U' 'M' 'M' 'M' 'U' 'M' 'U' 'M'
 'M' 'U' 'M' 'M' 'U' 'M' 'M' 'M' 'M' 'M' 'M' 'M' 'M' 'M' 'M' 'M' 'U' 'M'
 'M' 'U' 'U' 'M' 'M' 'U' 'U' 'U' 'U' 'U' 'U' 'U' 'U' 'M' 'M' 'M' 'M' 'M'
 'M' 'M' 'M' 'M' 'M' 'M' 'M' 'U' 'U' 'M' 'M' 'M' 'M' 'M' 'M' 'M' 'U' 'M'
 'M' 'M' 'M' 'M' 'M' 'M' 'M' 'M' 'M' 'M' 'U' 'U' 'M' 'M' 'M' 'M' 'M' 'M'
 'M' 'M' 'M' 'M' 'U' 'M' 'M' 'M' 'M' 'M' 'M' 'U' 'M' 'U' 'U' 'M' 'M' 'M']"
375401,0,154,1,153,44,0,0,"['A' 'M' 'U' 'M' 'M' 'M' 'M' 'U' 'M' 'M' 'U' 'M' 'M' 'M' 'M' 'U' 'M' 'M'
 'M' 'M' 'U' 'M' 'U' 'U' 'M' 'M' 'M' 'M' 'M' 'M' 'M' 'M' 'M' 'M' 'M' 'M'
 'M' 'M' 'U' 'M' 'M' 'M' 'U' 'M' 'M' 'U' 'M' 'M' 'U' 'M' 'M' 'M' 'M' 'M'
 'M' 'M' 'M' 'M' 'U' 'M' 'M' 'M' 'U' 'M' 'M' 'M' 'M' 'M' 'M' 'M' 'M' 'M'
 'M' 'U' 'M' 'U' 'M' 'M' 'U' 'M' 'M' 'M' 'M' 'M' 'M' 'U' 'M' 'M' 'M' 'U'
 'M' 'M' 'M' 'M' 'M' 'U' 'M' 'M' 'M' 'M' 'U' 'M' 'M' 'M' 'U' 'M' 'U' 'M'
 'M' 'M' 'M' 'M' 'U' 'M' 'M' 'M' 'M' 'M' 'M' 'M' 'M' 'U' 'M' 'M' 'M' 'M'
 'M' 'U' 'U' 'M' 'M' 'M' 'U' 'U' 'U' 'U' 'U' 'M' 'U' 'M' 'M' 'M' 'M' 'M'
 'M' 'M' 'M' 'M' 'M' 'M' 'M' 'U' 'U' 'M' 'M' 'M' 'M' 'M' 'U' 'M' 'U' 'M'
 'M' 'M' 'M' 'M' 'M' 'M' 'M' 'M' 'M' 'M' 'M' 'U' 'U' 'M' 'M' 'M' 'U' 'U'
 'M' 'M' 'M' 'M' 'U' 'M' 'M' 'M' 'M' 'M' 'M' 'U' 'M' 'U' 'U' 'M' 'M' 'M']"
375501,0,158,2,156,40,0,0,"['A' 'M' 'U' 'U' 'M' 'M' 'M' 'U' 'M' 'M' 'U' 'M' 'M' 'M' 'U' 'M' 'M' 'M'
 'M' 'M' 'M' 'M' 'M' 'U' 'M' 'M' 'M' 'M' 'M' 'M' 'M' 'M' 'M' 'M' 'M' 'M'
 'M' 'M' 'U' 'M' 'M' 'M' 'U' 'M' 'M' 'M' 'M' 'M' 'U' 'M' 'M' 'M' 'M' 'M'
 'M' 'M' 'M' 'U' 'A' 'M' 'M' 'M' 'U' 'M' 'M' 'M' 'M' 'M' 'M' 'M' 'U' 'M'
 'M' 'M' 'M' 'M' 'M' 'M' 'M' 'M' 'M' 'M' 'M' 'M' 'M' 'M' 'U' 'M' 'U' 'U'
 'M' 'M' 'M' 'M' 'U' 'U' 'M' 'M' 'M' 'M' 'U' 'M' 'M' 'M' 'M' 'U' 'U' 'M'
 'M' 'M' 'M' 'M' 'U' 'M' 'M' 'M' 'M' 'M' 'U' 'M' 'M' 'U' 'M' 'M' 'M' 'M'
 'M' 'U' 'M' 'M' 'M' 'M' 'U' 'U' 'U' 'U' 'U' 'U' 'U' 'M' 'M' 'M' 'M' 'M'
 'M' 'M' 'M' 'M' 'M' 'M' 'M' 'U' 'U' 'M' 'M' 'M' 'M' 'M' 'M' 'M' 'U' 'M'
 'M' 'M' 'M' 'M' 'M' 'M' 'M' 'M' 'M' 'M' 'M' 'M' 'U' 'M' 'M' 'M' 'M' 'U'
 'M' 'U' 'M' 'M' 'M' 'M' 'M' 'M' 'U' 'M' 'M' 'U' 'M' 'M' 'U' 'M' 'M' 'M']"
375601,0,167,3,164,31,0,0,"['A' 'M' 'U' 'U' 'M' 'M' 'M' 'U' 'M' 'M' 'M' 'M' 'M' 'M' 'U' 'M' 'M' 'M'
 'M' 'M' 'M' 'M' 'M' 'U' 'M' 'M' 'M' 'M' 'M' 'M' 'M' 'M' 'M' 'M' 'M' 'M'
 'M' 'M' 'M' 'M' 'M' 'M' 'U' 'M' 'M' 'M' 'M' 'M' 'U' 'M' 'M' 'M' 'M' 'M'
 'M' 'M' 'M' 'M' 'A' 'M' 'M' 'M' 'M' 'M' 'M' 'U' 'M' 'M' 'M' 'U' 'M' 'M'
 'M' 'M' 'U' 'M' 'M' 'M' 'M' 'M' 'M' 'M' 'M' 'M' 'M' 'M' 'M' 'M' 'M' 'M'
 'U' 'U' 'M' 'M' 'M' 'M' 'M' 'M' 'M' 'M' 'U' 'M' 'M' 'M' 'M' 'M' 'U' 'U'
 'M' 'M' 'M' 'M' 'M' 'M' 'M' 'M' 'M' 'M' 'M' 'M' 'M' 'U' 'M' 'M' 'M' 'M'
 'M' 'U' 'M' 'M' 'M' 'M' 'M' 'M' 'M' 'U' 'U' 'U' 'U' 'M' 'M' 'M' 'M' 'U'
 'M' 'M' 'M' 'M' 'M' 'M' 'M' 'U' 'A' 'U' 'M' 'M' 'M' 'M' 'M' 'M' 'U' 'M'
 'M' 'M' 'U' 'M' 'M' 'M' 'M' 'M' 'M' 'M' 'M' 'M' 'M' 'M' 'M' 'M' 'M' 'U'
 'M' 'U' 'M' 'M' 'M' 'M' 'U' 'M' 'M' 'M' 'M' 'U' 'M' 'M' 'U' 'M' 'M' 'M']"
375701,0,162,3,159,36,0,0,"['A' 'M' 'U' 'U' 'M' 'M' 'M' 'U' 'M' 'M' 'M' 'M' 'M' 'M' 'U' 'M' 'M' 'M'
 'M' 'M' 'M' 'M' 'M' 'M' 'U' 'M' 'M' 'M' 'M' 'M' 'M' 'M' 'M' 'M' 'M' 'M'
 'U' 'M' 'M' 'M' 'M' 'M' 'U' 'M' 'M' 'M' 'M' 'M' 'U' 'M' 'M' 'M' 'M' 'M'
 'M' 'M' 'M' 'U' 'A' 'M' 'M' 'U' 'M' 'M' 'M' 'M' 'M' 'M' 'M' 'M' 'M' 'M'
 'U' 'M' 'U' 'M' 'M' 'U' 'M' 'M' 'M' 'M' 'M' 'M' 'M' 'M' 'M' 'U' 'M' 'U'
 'M' 'M' 'M' 'M' 'M' 'M' 'M' 'U' 'M' 'U' 'M' 'M' 'M' 'M' 'M' 'M' 'U' 'U'
 'M' 'M' 'M' 'M' 'M' 'M' 'U' 'M' 'M' 'M' 'M' 'M' 'U' 'U' 'M' 'M' 'M' 'M'
 'M' 'U' 'M' 'M' 'M' 'U' 'M' 'M' 'M' 'M' 'U' 'U' 'U' 'M' 'M' 'M' 'M' 'U'
 'M' 'M' 'M' 'M' 'M' 'M' 'M' 'U' 'A' 'U' 'M' 'M' 'M' 'M' 'M' 'M' 'U' 'M'
 'M' 'M' 'U' 'M' 'M' 'M' 'M' 'M' 'U' 'M' 'M' 'M' 'M' 'M' 'M' 'M' 'M' 'U'
 'M' 'M' 'M' 'M' 'M' 'M' 'U' 'M' 'M' 'M' 'M' 'M' 'M' 'M' 'U' 'M' 'M' 'M']"
375801,0,154,3,151,44,0,0,"['A' 'M' 'U' 'M' 'M' 'M' 'M' 'U' 'M' 'M' 'M' 'U' 'M' 'M' 'U' 'M' 'M' 'M'
 'M' 'M' 'M' 'M' 'U' 'M' 'M' 'U' 'M' 'M' 'M' 'M' 'M' 'M' 'U' 'M' 'M' 'M'
 'U' 'M' 'M' 'M' 'M' 'M' 'M' 'M' 'M' 'M' 'M' 'M' 'U' 'U' 'M' 'M' 'M' 'M'
 'M' 'M' 'M' 'U' 'U' 'M' 'M' 'U' 'M' 'M' 'M' 'M' 'M' 'M' 'U' 'U' 'M' 'M'
 'M' 'M' 'M' 'M' 'U' 'M' 'M' 'M' 'M' 'M' 'U' 'M' 'M' 'M' 'M' 'M' 'M' 'M'
 'M' 'M' 'M' 'M' 'U' 'M' 'M' 'M' 'M' 'U' 'U' 'M' 'M' 'M' 'M' 'M' 'U' 'U'
 'M' 'M' 'M' 'M' 'M' 'M' 'U' 'M' 'U' 'M' 'M' 'M' 'U' 'U' 'M' 'M' 'M' 'M'
 'M' 'U' 'M' 'M' 'M' 'M' 'M' 'U' 'U' 'U' 'A' 'U' 'U' 'M' 'U' 'M' 'M' 'U'
 'M' 'M' 'M' 'M' 'U' 'M' 'M' 'U' 'A' 'U' 'M' 'M' 'U' 'M' 'M' 'M' 'U' 'M'
 'M' 'M' 'U' 'M' 'M' 'M' 'M' 'M' 'U' 'M' 'M' 'M' 'M' 'M' 'M' 'M' 'M' 'U'
 'M' 'M' 'M' 'M' 'M' 'M' 'U' 'M' 'M' 'M' 'M' 'M' 'M' 'M' 'U' 'M' 'M' 'M']"
375901,0,158,3,155,40,1,0,"['A' 'M' 'U' 'M' 'M' 'M' 'M' 'U' 'M' 'M' 'M' 'U' 'M' 'M' 'M' 'M' 'M' 'M'
 'M' 'M' 'M' 'M' 'U' 'M' 'M' 'U' 'M' 'M' 'M' 'M' 'M' 'M' 'U' 'M' 'M' 'M'
 'U' 'M' 'U' 'M' 'M' 'M' 'M' 'M' 'M' 'M' 'M' 'M' 'U' 'M' 'M' 'M' 'M' 'M'
 'M' 'M' 'M' 'M' 'U' 'M' 'M' 'U' 'M' 'M' 'M' 'M' 'U' 'U' 'M' 'M' 'M' 'U'
 'M' 'M' 'M' 'M' 'U' 'M' 'M' 'M' 'M' 'M' 'U' 'M' 'M' 'M' 'M' 'M' 'M' 'M'
 'M' 'M' 'M' 'M' 'M' 'M' 'U' 'M' 'M' 'M' 'U' 'M' 'U' 'M' 'M' 'M' 'U' 'U'
 'M' 'M' 'M' 'M' 'M' 'M' 'M' 'M' 'M' 'M' 'M' 'M' 'U' 'U' 'M' 'M' 'M' 'M'
 'U' 'U' 'M' 'M' 'M' 'M' 'M' 'M' 'U' 'M' 'A' 'U' 'U' 'M' 'U' 'M' 'U' 'M'
 'M' 'M' 'M' 'M' 'U' 'M' 'M' 'U' 'A' 'U' 'M' 'M' 'M' 'M' 'M' 'M' 'U' 'M'
 'M' 'M' 'U' 'M' 'M' 'M' 'M' 'M' 'U' 'M' 'M' 'U' 'M' 'M' 'M' 'M' 'M' 'U'
 'M' 'M' 'M' 'M' 'M' 'M' 'U' 'M' 'M' 'M' 'M' 'M' 'M' 'M' 'U' 'M' 'M' 'M']"
376001,0,160,4,156,38,0,0,"['A' 'M' 'M' 'M' 'U' 'M' 'M' 'U' 'M' 'M' 'U' 'U' 'M' 'M' 'M' 'M' 'M' 'M'
 'M' 'M' 'M' 'M' 'U' 'M' 'U' 'M' 'M' 'M' 'M' 'M' 'M' 'M' 'U' 'M' 'M' 'M'
 'U' 'M' 'U' 'M' 'M' 'M' 'M' 'M' 'M' 'M' 'M' 'M' 'A' 'M' 'M' 'M' 'M' 'M'
 'M' 'M' 'M' 'M' 'U' 'M' 'M' 'M' 'M' 'M' 'M' 'M' 'M' 'M' 'U' 'M' 'M' 'M'
 'M' 'M' 'U' 'U' 'M' 'M' 'M' 'M' 'M' 'U' 'M' 'M' 'M' 'M' 'M' 'M' 'M' 'M'
 'M' 'U' 'M' 'M' 'M' 'M' 'U' 'M' 'M' 'M' 'U' 'M' 'U' 'M' 'M' 'M' 'M' 'U'
 'M' 'M' 'M' 'M' 'M' 'M' 'M' 'M' 'M' 'U' 'M' 'M' 'M' 'U' 'M' 'M' 'M' 'M'
 'U' 'U' 'M' 'M' 'M' 'M' 'M' 'M' 'U' 'M' 'A' 'M' 'M' 'M' 'U' 'M' 'U' 'M'
 'M' 'M' 'M' 'M' 'U' 'M' 'M' 'U' 'A' 'U' 'M' 'M' 'M' 'M' 'M' 'M' 'U' 'M'
 'M' 'M' 'U' 'M' 'M' 'U' 'M' 'M' 'U' 'M' 'M' 'U' 'M' 'M' 'M' 'M' 'M' 'U'
 'M' 'M' 'U' 'M' 'M' 'M' 'U' 'M' 'M' 'M' 'M' 'M' 'M' 'M' 'U' 'M' 'M' 'M']"
376101,0,153,3,150,45,0,0,"['A' 'M' 'M' 'M' 'U' 'M' 'M' 'U' 'M' 'M' 'U' 'U' 'M' 'M' 'M' 'M' 'M' 'M'
 'M' 'M' 'M' 'M' 'U' 'M' 'U' 'M' 'M' 'M' 'M' 'M' 'M' 'M' 'U' 'M' 'M' 'M'
 'U' 'M' 'U' 'M' 'M' 'M' 'M' 'M' 'M' 'M' 'M' 'M' 'A' 'M' 'M' 'M' 'M' 'M'
 'M' 'U' 'U' 'U' 'U' 'M' 'M' 'M' 'M' 'M' 'M' 'M' 'M' 'M' 'M' 'M' 'M' 'M'
 'M' 'U' 'U' 'M' 'M' 'M' 'M' 'M' 'U' 'M' 'M' 'U' 'M' 'M' 'M' 'M' 'M' 'M'
 'M' 'M' 'M' 'U' 'M' 'M' 'U' 'M' 'M' 'M' 'M' 'M' 'U' 'M' 'M' 'M' 'M' 'U'
 'M' 'M' 'M' 'M' 'M' 'M' 'M' 'M' 'M' 'U' 'M' 'M' 'M' 'U' 'M' 'M' 'M' 'M'
 'M' 'U' 'M' 'M' 'M' 'M' 'U' 'U' 'M' 'U' 'A' 'U' 'U' 'M' 'U' 'M' 'U' 'U'
 'M' 'M' 'M' 'M' 'U' 'M' 'M' 'M' 'U' 'U' 'M' 'M' 'M' 'M' 'M' 'M' 'U' 'U'
 'M' 'M' 'U' 'M' 'M' 'U' 'M' 'M' 'U' 'M' 'M' 'U' 'M' 'M' 'M' 'M' 'M' 'U'
 'M' 'M' 'U' 'M' 'M' 'M' 'U' 'M' 'M' 'M' 'M' 'M' 'M' 'M' 'U' 'M' 'M' 'M']"
376201,0,155,3,152,43,0,1,"['A' 'M' 'M' 'M' 'M' 'M' 'M' 'M' 'M' 'M' 'U' 'U' 'M' 'M' 'M' 'M' 'M' 'M'
 'M' 'M' 'M' 'M' 'U' 'M' 'M' 'M' 'M' 'M' 'M' 'M' 'M' 'M' 'U' 'M' 'M' 'M'
 'U' 'M' 'U' 'M' 'M' 'M' 'M' 'M' 'M' 'M' 'M' 'M' 'A' 'M' 'M' 'M' 'M' 'M'
 'M' 'M' 'U' 'U' 'U' 'M' 'M' 'M' 'M' 'M' 'U' 'M' 'M' 'U' 'M' 'M' 'M' 'U'
 'U' 'M' 'M' 'M' 'M' 'M' 'U' 'M' 'M' 'M' 'U' 'M' 'M' 'M' 'M' 'M' 'M' 'M'
 'M' 'M' 'M' 'M' 'M' 'M' 'M' 'M' 'M' 'M' 'M' 'M' 'U' 'M' 'M' 'M' 'U' 'U'
 'M' 'M' 'M' 'M' 'M' 'M' 'M' 'M' 'M' 'U' 'M' 'M' 'M' 'U' 'M' 'M' 'M' 'M'
 'U' 'U' 'M' 'M' 'M' 'M' 'U' 'U' 'M' 'U' 'A' 'U' 'U' 'M' 'U' 'M' 'M' 'U'
 'M' 'M' 'M' 'M' 'U' 'M' 'M' 'U' 'U' 'U' 'M' 'M' 'U' 'M' 'M' 'M' 'M' 'U'
 'M' 'M' 'U' 'M' 'M' 'U' 'M' 'M' 'U' 'M' 'M' 'U' 'M' 'M' 'M' 'M' 'M' 'U'
 'M' 'M' 'U' 'M' 'M' 'M' 'U' 'M' 'M' 'M' 'M' 'M' 'M' 'M' 'U' 'M' 'M' 'M']"
376301,0,154,1,153,44,0,0,"['A' 'M' 'M' 'M' 'M' 'M' 'M' 'M' 'M' 'M' 'U' 'U' 'U' 'U' 'M' 'M' 'M' 'M'
 'M' 'M' 'M' 'U' 'U' 'M' 'M' 'M' 'U' 'M' 'M' 'M' 'M' 'M' 'U' 'M' 'M' 'M'
 'M' 'M' 'U' 'M' 'M' 'M' 'M' 'M' 'M' 'M' 'U' 'M' 'U' 'M' 'M' 'M' 'M' 'M'
 'M' 'M' 'M' 'M' 'U' 'M' 'M' 'M' 'M' 'M' 'U' 'M' 'M' 'M' 'M' 'M' 'M' 'M'
 'M' 'M' 'M' 'M' 'M' 'M' 'U' 'M' 'U' 'U' 'M' 'U' 'M' 'M' 'M' 'M' 'M' 'M'
 'M' 'U' 'M' 'M' 'M' 'M' 'M' 'M' 'M' 'M' 'M' 'M' 'M' 'M' 'M' 'M' 'M' 'U'
 'M' 'U' 'M' 'M' 'M' 'M' 'M' 'M' 'M' 'U' 'M' 'M' 'U' 'U' 'M' 'M' 'M' 'M'
 'U' 'M' 'M' 'M' 'M' 'M' 'U' 'U' 'U' 'U' 'U' 'U' 'U' 'M' 'M' 'M' 'M' 'M'
 'M' 'M' 'M' 'M' 'U' 'M' 'M' 'U' 'U' 'U' 'M' 'M' 'U' 'M' 'M' 'M' 'M' 'U'
 'M' 'M' 'U' 'M' 'M' 'U' 'M' 'M' 'U' 'M' 'M' 'U' 'M' 'M' 'M' 'M' 'M' 'U'
 'M' 'M' 'U' 'M' 'M' 'M' 'M' 'M' 'M' 'M' 'M' 'M' 'M' 'M' 'U' 'M' 'M' 'M']"
376401,0,159,5,154,39,0,0,"['A' 'M' 'M' 'M' 'M' 'M' 'M' 'M' 'M' 'U' 'U' 'U' 'M' 'U' 'M' 'M' 'M' 'M'
 'M' 'M' 'M' 'U' 'M' 'M' 'M' 'M' 'U' 'M' 'M' 'M' 'M' 'M' 'U' 'M' 'M' 'M'
 'M' 'M' 'U' 'M' 'M' 'M' 'M' 'M' 'M' 'M' 'U' 'M' 'U' 'M' 'M' 'M' 'M' 'M'
 'M' 'M' 'U' 'M' 'U' 'M' 'M' 'M' 'M' 'M' 'U' 'M' 'M' 'M' 'M' 'U' 'M' 'M'
 'M' 'M' 'M' 'M' 'M' 'U' 'M' 'M' 'M' 'M' 'M' 'M' 'M' 'M' 'U' 'U' 'M' 'M'
 'M' 'M' 'M' 'M' 'U' 'M' 'U' 'M' 'M' 'M' 'M' 'M' 'M' 'M' 'M' 'M' 'M' 'M'
 'M' 'M' 'M' 'M' 'M' 'M' 'U' 'M' 'M' 'U' 'M' 'M' 'U' 'M' 'M' 'M' 'M' 'M'
 'U' 'M' 'M' 'M' 'M' 'M' 'U' 'U' 'A' 'U' 'U' 'U' 'U' 'M' 'M' 'M' 'M' 'M'
 'M' 'M' 'M' 'M' 'M' 'M' 'M' 'U' 'M' 'M' 'M' 'M' 'U' 'M' 'M' 'M' 'M' 'A'
 'M' 'M' 'U' 'M' 'M' 'U' 'M' 'M' 'U' 'U' 'M' 'U' 'M' 'M' 'M' 'A' 'M' 'M'
 'M' 'U' 'U' 'M' 'M' 'M' 'M' 'M' 'M' 'M' 'M' 'M' 'M' 'M' 'A' 'U' 'M' 'M']"
376501,0,159,5,154,39,0,0,"['A' 'M' 'M' 'M' 'M' 'M' 'U' 'M' 'M' 'U' 'U' 'U' 'U' 'U' 'M' 'M' 'M' 'U'
 'M' 'M' 'M' 'U' 'M' 'M' 'M' 'M' 'M' 'M' 'M' 'M' 'M' 'M' 'U' 'M' 'M' 'M'
 'M' 'M' 'U' 'M' 'M' 'U' 'M' 'M' 'M' 'M' 'M' 'M' 'M' 'M' 'M' 'M' 'M' 'M'
 'M' 'M' 'U' 'M' 'M' 'M' 'M' 'M' 'M' 'M' 'U' 'M' 'M' 'U' 'M' 'M' 'U' 'M'
 'M' 'M' 'M' 'U' 'M' 'M' 'M' 'M' 'M' 'U' 'M' 'M' 'M' 'M' 'M' 'M' 'M' 'M'
 'M' 'M' 'U' 'M' 'M' 'M' 'U' 'M' 'M' 'M' 'M' 'M' 'M' 'M' 'M' 'M' 'M' 'M'
 'M' 'M' 'M' 'M' 'M' 'M' 'U' 'M' 'M' 'U' 'M' 'M' 'U' 'M' 'M' 'M' 'M' 'M'
 'U' 'M' 'M' 'M' 'M' 'M' 'U' 'U' 'A' 'M' 'U' 'U' 'U' 'U' 'M' 'M' 'M' 'M'
 'M' 'M' 'M' 'M' 'M' 'M' 'M' 'U' 'M' 'M' 'M' 'M' 'U' 'M' 'M' 'M' 'M' 'A'
 'M' 'U' 'M' 'M' 'M' 'U' 'M' 'M' 'U' 'U' 'M' 'U' 'M' 'M' 'M' 'A' 'M' 'M'
 'M' 'U' 'U' 'M' 'M' 'M' 'M' 'M' 'M' 'M' 'M' 'M' 'M' 'M' 'A' 'U' 'M' 'M']"
376601,0,159,5,154,39,0,0,"['A' 'M' 'M' 'U' 'M' 'M' 'U' 'U' 'M' 'U' 'M' 'M' 'U' 'M' 'M' 'M' 'M' 'U'
 'M' 'M' 'M' 'U' 'M' 'M' 'M' 'M' 'M' 'M' 'M' 'M' 'M' 'M' 'M' 'M' 'M' 'M'
 'M' 'M' 'U' 'M' 'M' 'U' 'M' 'M' 'M' 'M' 'M' 'M' 'M' 'M' 'M' 'M' 'M' 'M'
 'M' 'M' 'U' 'M' 'M' 'M' 'M' 'M' 'M' 'U' 'U' 'M' 'M' 'M' 'M' 'M' 'M' 'M'
 'M' 'M' 'M' 'M' 'M' 'M' 'M' 'U' 'M' 'M' 'U' 'M' 'M' 'M' 'U' 'M' 'U' 'M'
 'M' 'M' 'M' 'U' 'M' 'M' 'U' 'M' 'M' 'M' 'M' 'M' 'M' 'M' 'M' 'M' 'M' 'M'
 'M' 'U' 'M' 'M' 'M' 'M' 'U' 'M' 'M' 'U' 'M' 'M' 'U' 'M' 'M' 'M' 'M' 'M'
 'U' 'M' 'M' 'M' 'M' 'M' 'U' 'U' 'A' 'M' 'U' 'M' 'U' 'M' 'M' 'M' 'M' 'M'
 'M' 'M' 'M' 'M' 'M' 'M' 'M' 'U' 'M' 'M' 'M' 'M' 'U' 'M' 'M' 'M' 'M' 'A'
 'M' 'U' 'U' 'U' 'M' 'U' 'M' 'M' 'U' 'U' 'M' 'U' 'M' 'M' 'M' 'A' 'M' 'M'
 'M' 'U' 'U' 'M' 'M' 'M' 'M' 'M' 'M' 'M' 'M' 'M' 'M' 'M' 'A' 'U' 'M' 'M']"
376701,0,160,4,156,38,0,0,"['A' 'M' 'M' 'M' 'M' 'M' 'U' 'U' 'M' 'M' 'M' 'M' 'U' 'M' 'M' 'M' 'M' 'M'
 'M' 'M' 'M' 'U' 'M' 'M' 'M' 'M' 'M' 'M' 'M' 'M' 'M' 'M' 'M' 'M' 'M' 'M'
 'M' 'U' 'M' 'M' 'M' 'M' 'M' 'M' 'M' 'M' 'M' 'M' 'M' 'U' 'M' 'M' 'M' 'M'
 'U' 'M' 'U' 'M' 'M' 'M' 'U' 'M' 'M' 'U' 'U' 'M' 'M' 'M' 'M' 'M' 'M' 'M'
 'U' 'M' 'U' 'M' 'M' 'M' 'M' 'M' 'M' 'U' 'M' 'M' 'M' 'M' 'M' 'U' 'M' 'M'
 'M' 'U' 'M' 'M' 'M' 'M' 'U' 'M' 'M' 'M' 'M' 'M' 'M' 'M' 'U' 'M' 'M' 'M'
 'U' 'U' 'M' 'M' 'M' 'M' 'A' 'M' 'M' 'U' 'M' 'M' 'U' 'M' 'M' 'M' 'M' 'M'
 'U' 'M' 'M' 'M' 'M' 'M' 'U' 'U' 'U' 'M' 'U' 'M' 'U' 'M' 'M' 'M' 'M' 'M'
 'M' 'M' 'M' 'M' 'M' 'M' 'M' 'U' 'M' 'M' 'M' 'M' 'U' 'M' 'M' 'M' 'M' 'A'
 'M' 'U' 'U' 'M' 'M' 'M' 'M' 'M' 'U' 'U' 'M' 'U' 'M' 'M' 'M' 'A' 'M' 'M'
 'M' 'M' 'U' 'M' 'M' 'M' 'M' 'M' 'M' 'M' 'M' 'M' 'M' 'M' 'U' 'U' 'M' 'M']"
376801,0,160,4,156,38,0,0,"['A' 'U' 'M' 'M' 'M' 'M' 'U' 'M' 'M' 'M' 'U' 'M' 'U' 'M' 'M' 'U' 'M' 'M'
 'M' 'M' 'M' 'U' 'M' 'M' 'M' 'M' 'M' 'M' 'M' 'M' 'M' 'M' 'M' 'M' 'M' 'M'
 'M' 'M' 'U' 'M' 'M' 'M' 'M' 'M' 'M' 'M' 'U' 'M' 'M' 'M' 'M' 'M' 'M' 'M'
 'U' 'M' 'U' 'M' 'M' 'U' 'U' 'M' 'M' 'M' 'M' 'U' 'M' 'M' 'U' 'M' 'M' 'M'
 'U' 'M' 'M' 'M' 'M' 'M' 'U' 'M' 'M' 'M' 'M' 'M' 'M' 'M' 'U' 'M' 'M' 'M'
 'M' 'M' 'M' 'M' 'M' 'M' 'M' 'M' 'M' 'M' 'M' 'M' 'M' 'M' 'U' 'M' 'M' 'M'
 'U' 'U' 'M' 'M' 'M' 'M' 'A' 'M' 'M' 'M' 'M' 'M' 'M' 'M' 'U' 'U' 'M' 'U'
 'U' 'M' 'M' 'M' 'M' 'M' 'U' 'U' 'M' 'U' 'U' 'U' 'M' 'M' 'M' 'M' 'M' 'M'
 'M' 'M' 'M' 'M' 'M' 'M' 'M' 'U' 'M' 'M' 'M' 'M' 'U' 'M' 'M' 'M' 'M' 'A'
 'M' 'U' 'U' 'M' 'M' 'M' 'M' 'M' 'U' 'M' 'M' 'U' 'M' 'M' 'M' 'A' 'M' 'M'
 'M' 'M' 'M' 'M' 'M' 'M' 'M' 'U' 'M' 'M' 'M' 'M' 'M' 'M' 'U' 'U' 'M' 'M']"
376901,0,162,4,158,36,0,0,"['A' 'U' 'M' 'M' 'M' 'M' 'M' 'M' 'M' 'M' 'M' 'M' 'U' 'M' 'M' 'U' 'M' 'M'
 'M' 'M' 'M' 'U' 'M' 'M' 'U' 'M' 'M' 'M' 'M' 'M' 'M' 'M' 'M' 'M' 'M' 'M'
 'M' 'M' 'U' 'M' 'M' 'M' 'M' 'M' 'M' 'M' 'M' 'M' 'M' 'M' 'M' 'M' 'M' 'M'
 'U' 'M' 'U' 'M' 'M' 'U' 'U' 'M' 'M' 'M' 'M' 'U' 'U' 'M' 'U' 'U' 'M' 'M'
 'M' 'M' 'M' 'M' 'M' 'M' 'M' 'M' 'M' 'M' 'M' 'M' 'M' 'M' 'M' 'U' 'M' 'M'
 'M' 'M' 'M' 'M' 'M' 'M' 'M' 'M' 'M' 'M' 'M' 'M' 'M' 'M' 'U' 'M' 'M' 'M'
 'U' 'U' 'M' 'M' 'M' 'M' 'A' 'M' 'M' 'M' 'M' 'M' 'M' 'M' 'U' 'U' 'M' 'U'
 'U' 'M' 'M' 'M' 'M' 'M' 'U' 'U' 'M' 'U' 'U' 'U' 'M' 'M' 'M' 'M' 'M' 'M'
 'M' 'M' 'M' 'M' 'M' 'M' 'M' 'U' 'M' 'M' 'M' 'M' 'M' 'M' 'M' 'M' 'M' 'A'
 'U' 'U' 'U' 'M' 'M' 'M' 'M' 'M' 'U' 'M' 'M' 'U' 'M' 'M' 'M' 'A' 'U' 'M'
 'M' 'M' 'M' 'M' 'M' 'U' 'M' 'U' 'M' 'M' 'M' 'M' 'M' 'M' 'M' 'M' 'M' 'M']"
377001,0,164,5,159,34,0,0,"['A' 'U' 'M' 'M' 'M' 'M' 'U' 'M' 'M' 'M' 'M' 'M' 'M' 'M' 'M' 'U' 'M' 'M'
 'M' 'M' 'M' 'U' 'M' 'M' 'U' 'M' 'M' 'M' 'M' 'M' 'M' 'M' 'M' 'M' 'M' 'M'
 'M' 'M' 'U' 'M' 'M' 'M' 'M' 'M' 'M' 'M' 'M' 'M' 'M' 'M' 'M' 'M' 'M' 'M'
 'U' 'M' 'U' 'M' 'M' 'U' 'A' 'M' 'M' 'M' 'M' 'M' 'M' 'M' 'M' 'M' 'U' 'M'
 'M' 'U' 'M' 'M' 'M' 'M' 'M' 'M' 'M' 'M' 'U' 'M' 'M' 'M' 'M' 'M' 'U' 'M'
 'M' 'M' 'M' 'U' 'M' 'M' 'M' 'M' 'M' 'M' 'M' 'M' 'M' 'M' 'U' 'M' 'M' 'M'
 'M' 'U' 'M' 'M' 'M' 'M' 'A' 'M' 'M' 'M' 'M' 'M' 'M' 'M' 'U' 'M' 'M' 'M'
 'U' 'M' 'M' 'M' 'M' 'M' 'M' 'U' 'U' 'U' 'U' 'U' 'U' 'M' 'M' 'M' 'M' 'M'
 'M' 'M' 'M' 'M' 'M' 'M' 'M' 'U' 'M' 'M' 'M' 'M' 'M' 'U' 'M' 'M' 'M' 'A'
 'U' 'M' 'U' 'M' 'M' 'M' 'M' 'M' 'U' 'M' 'M' 'U' 'M' 'M' 'U' 'A' 'U' 'M'
 'M' 'M' 'M' 'M' 'M' 'U' 'M' 'U' 'M' 'M' 'M' 'M' 'M' 'M' 'M' 'M' 'M' 'M']"
377101,0,168,5,163,30,0,0,"['A' 'M' 'M' 'U' 'M' 'M' 'U' 'M' 'M' 'M' 'M' 'M' 'M' 'M' 'M' 'U' 'M' 'M'
 'M' 'M' 'M' 'U' 'M' 'M' 'A' 'M' 'M' 'U' 'M' 'M' 'M' 'M' 'M' 'M' 'M' 'M'
 'M' 'M' 'M' 'M' 'M' 'M' 'M' 'M' 'M' 'M' 'M' 'M' 'M' 'M' 'U' 'M' 'M' 'M'
 'U' 'M' 'U' 'M' 'M' 'U' 'U' 'M' 'M' 'M' 'U' 'M' 'M' 'M' 'M' 'M' 'M' 'M'
 'U' 'M' 'M' 'U' 'M' 'M' 'M' 'M' 'M' 'M' 'M' 'U' 'U' 'M' 'M' 'M' 'U' 'M'
 'M' 'M' 'M' 'M' 'M' 'M' 'M' 'M' 'M' 'M' 'M' 'M' 'M' 'M' 'M' 'M' 'M' 'M'
 'M' 'U' 'M' 'M' 'M' 'M' 'A' 'M' 'M' 'M' 'M' 'M' 'M' 'M' 'U' 'M' 'M' 'M'
 'U' 'M' 'M' 'M' 'M' 'M' 'M' 'M' 'M' 'M' 'M' 'U' 'U' 'M' 'M' 'M' 'M' 'M'
 'M' 'M' 'M' 'M' 'M' 'M' 'M' 'U' 'M' 'M' 'M' 'U' 'M' 'U' 'M' 'M' 'M' 'A'
 'M' 'M' 'U' 'M' 'M' 'M' 'M' 'M' 'U' 'M' 'M' 'U' 'M' 'M' 'M' 'A' 'U' 'M'
 'M' 'M' 'M' 'M' 'M' 'M' 'M' 'U' 'U' 'M' 'M' 'M' 'M' 'M' 'M' 'M' 'M' 'M']"
377201,0,176,7,169,22,0,0,"['A' 'M' 'M' 'U' 'M' 'M' 'U' 'M' 'M' 'M' 'M' 'M' 'M' 'M' 'M' 'A' 'M' 'M'
 'M' 'M' 'M' 'M' 'M' 'M' 'A' 'M' 'M' 'A' 'M' 'M' 'M' 'M' 'M' 'M' 'M' 'M'
 'M' 'M' 'M' 'M' 'M' 'M' 'M' 'M' 'M' 'M' 'M' 'M' 'M' 'M' 'U' 'M' 'M' 'M'
 'U' 'M' 'U' 'M' 'M' 'M' 'M' 'M' 'M' 'M' 'M' 'M' 'M' 'M' 'M' 'M' 'M' 'M'
 'M' 'M' 'M' 'M' 'M' 'U' 'M' 'M' 'M' 'M' 'U' 'M' 'U' 'M' 'M' 'M' 'M' 'U'
 'M' 'U' 'M' 'M' 'M' 'M' 'U' 'M' 'M' 'U' 'M' 'M' 'M' 'M' 'M' 'M' 'M' 'M'
 'M' 'M' 'M' 'M' 'M' 'M' 'A' 'M' 'M' 'M' 'U' 'M' 'M' 'M' 'M' 'M' 'M' 'M'
 'U' 'M' 'M' 'M' 'M' 'M' 'M' 'M' 'M' 'M' 'M' 'U' 'U' 'M' 'M' 'M' 'M' 'M'
 'M' 'M' 'M' 'M' 'M' 'M' 'M' 'U' 'M' 'M' 'M' 'U' 'M' 'U' 'M' 'M' 'M' 'A'
 'M' 'M' 'M' 'M' 'M' 'M' 'M' 'M' 'U' 'M' 'M' 'U' 'M' 'M' 'M' 'A' 'M' 'M'
 'M' 'M' 'M' 'M' 'M' 'M' 'M' 'U' 'M' 'M' 'M' 'M' 'M' 'M' 'M' 'M' 'M' 'M']"
377301,0,167,8,159,31,0,1,"['A' 'M' 'M' 'M' 'M' 'M' 'U' 'M' 'M' 'M' 'M' 'M' 'M' 'M' 'M' 'U' 'M' 'M'
 'M' 'M' 'M' 'M' 'U' 'M' 'A' 'M' 'M' 'A' 'M' 'U' 'M' 'M' 'U' 'M' 'M' 'M'
 'M' 'M' 'M' 'M' 'M' 'M' 'M' 'M' 'M' 'M' 'M' 'M' 'M' 'M' 'U' 'M' 'M' 'M'
 'U' 'M' 'U' 'U' 'M' 'M' 'M' 'M' 'M' 'M' 'M' 'M' 'M' 'M' 'M' 'U' 'M' 'M'
 'M' 'M' 'U' 'M' 'M' 'M' 'M' 'M' 'M' 'U' 'M' 'M' 'M' 'M' 'U' 'M' 'M' 'M'
 'M' 'M' 'M' 'U' 'M' 'M' 'U' 'M' 'M' 'U' 'M' 'M' 'M' 'M' 'M' 'M' 'M' 'M'
 'M' 'M' 'M' 'M' 'M' 'M' 'A' 'U' 'U' 'M' 'M' 'M' 'M' 'M' 'M' 'M' 'M' 'M'
 'U' 'M' 'M' 'M' 'M' 'M' 'M' 'M' 'U' 'M' 'U' 'A' 'U' 'M' 'M' 'M' 'M' 'M'
 'M' 'M' 'M' 'M' 'M' 'M' 'U' 'U' 'M' 'M' 'A' 'U' 'M' 'U' 'M' 'M' 'U' 'A'
 'M' 'M' 'M' 'M' 'M' 'M' 'M' 'M' 'U' 'M' 'U' 'U' 'M' 'M' 'M' 'A' 'M' 'M'
 'M' 'M' 'M' 'M' 'M' 'M' 'M' 'M' 'M' 'M' 'M' 'M' 'M' 'M' 'M' 'M' 'M' 'U']"
377401,0,160,5,155,38,0,0,"['A' 'M' 'M' 'M' 'M' 'U' 'U' 'M' 'M' 'M' 'M' 'M' 'M' 'M' 'U' 'U' 'M' 'M'
 'M' 'M' 'M' 'M' 'U' 'M' 'A' 'M' 'M' 'U' 'M' 'M' 'M' 'M' 'U' 'M' 'M' 'M'
 'M' 'U' 'U' 'M' 'M' 'M' 'M' 'M' 'M' 'M' 'M' 'M' 'M' 'M' 'U' 'M' 'M' 'M'
 'M' 'M' 'U' 'U' 'M' 'M' 'M' 'M' 'M' 'M' 'U' 'M' 'U' 'M' 'U' 'M' 'M' 'M'
 'M' 'M' 'M' 'M' 'M' 'M' 'M' 'U' 'M' 'M' 'M' 'M' 'M' 'M' 'M' 'M' 'M' 'M'
 'M' 'U' 'U' 'M' 'M' 'M' 'M' 'M' 'M' 'U' 'M' 'U' 'M' 'M' 'M' 'M' 'U' 'M'
 'M' 'M' 'M' 'M' 'M' 'M' 'A' 'U' 'U' 'M' 'M' 'M' 'M' 'M' 'M' 'M' 'M' 'M'
 'U' 'M' 'M' 'M' 'M' 'U' 'U' 'U' 'U' 'U' 'U' 'A' 'U' 'M' 'M' 'M' 'M' 'M'
 'M' 'M' 'M' 'M' 'M' 'M' 'U' 'M' 'M' 'M' 'M' 'U' 'M' 'U' 'M' 'M' 'M' 'A'
 'M' 'M' 'M' 'M' 'M' 'M' 'M' 'M' 'M' 'M' 'U' 'U' 'M' 'M' 'M' 'U' 'U' 'M'
 'M' 'M' 'M' 'M' 'M' 'M' 'M' 'M' 'M' 'M' 'M' 'M' 'M' 'M' 'M' 'M' 'M' 'M']"
377501,0,165,6,159,33,0,0,"['A' 'M' 'M' 'M' 'M' 'M' 'U' 'M' 'M' 'M' 'M' 'M' 'M' 'M' 'U' 'U' 'M' 'M'
 'M' 'U' 'M' 'M' 'M' 'M' 'A' 'M' 'M' 'M' 'M' 'M' 'M' 'M' 'U' 'M' 'M' 'M'
 'M' 'U' 'U' 'M' 'M' 'M' 'M' 'U' 'M' 'M' 'M' 'M' 'M' 'M' 'U' 'M' 'M' 'M'
 'M' 'M' 'U' 'U' 'M' 'M' 'M' 'M' 'M' 'M' 'U' 'M' 'U' 'U' 'M' 'M' 'M' 'M'
 'M' 'M' 'M' 'M' 'M' 'U' 'M' 'M' 'M' 'U' 'M' 'M' 'M' 'M' 'M' 'M' 'M' 'M'
 'M' 'U' 'M' 'M' 'M' 'M' 'M' 'M' 'M' 'U' 'U' 'U' 'M' 'M' 'M' 'M' 'A' 'M'
 'M' 'M' 'M' 'M' 'M' 'M' 'A' 'U' 'U' 'M' 'M' 'M' 'M' 'U' 'M' 'M' 'M' 'M'
 'M' 'M' 'M' 'M' 'M' 'U' 'U' 'M' 'U' 'U' 'M' 'A' 'M' 'M' 'M' 'M' 'M' 'M'
 'M' 'M' 'M' 'M' 'M' 'M' 'M' 'M' 'M' 'M' 'M' 'U' 'M' 'U' 'M' 'M' 'M' 'A'
 'M' 'M' 'M' 'U' 'M' 'M' 'M' 'M' 'M' 'M' 'U' 'M' 'M' 'M' 'M' 'M' 'U' 'M'
 'M' 'M' 'M' 'U' 'M' 'M' 'M' 'M' 'M' 'M' 'M' 'M' 'M' 'M' 'M' 'M' 'M' 'M']"
377601,0,167,5,162,31,0,0,"['A' 'M' 'M' 'M' 'M' 'M' 'U' 'M' 'M' 'M' 'M' 'M' 'M' 'M' 'U' 'M' 'M' 'M'
 'M' 'U' 'M' 'M' 'M' 'M' 'A' 'M' 'M' 'M' 'M' 'M' 'M' 'M' 'U' 'M' 'M' 'M'
 'M' 'U' 'M' 'M' 'M' 'M' 'M' 'U' 'M' 'M' 'M' 'M' 'M' 'M' 'U' 'M' 'M' 'M'
 'M' 'M' 'M' 'U' 'M' 'M' 'M' 'M' 'M' 'M' 'U' 'M' 'M' 'M' 'M' 'M' 'M' 'M'
 'M' 'M' 'M' 'M' 'M' 'U' 'M' 'U' 'U' 'M' 'U' 'M' 'M' 'M' 'M' 'M' 'M' 'U'
 'M' 'M' 'M' 'M' 'M' 'M' 'M' 'M' 'M' 'M' 'U' 'M' 'M' 'M' 'M' 'M' 'A' 'M'
 'M' 'M' 'M' 'M' 'M' 'M' 'A' 'U' 'M' 'M' 'M' 'M' 'M' 'M' 'M' 'M' 'M' 'M'
 'M' 'M' 'M' 'M' 'M' 'U' 'U' 'U' 'M' 'U' 'U' 'U' 'U' 'M' 'M' 'M' 'M' 'M'
 'M' 'M' 'M' 'M' 'M' 'M' 'U' 'M' 'M' 'M' 'M' 'U' 'M' 'U' 'M' 'M' 'M' 'A'
 'M' 'M' 'M' 'U' 'M' 'M' 'M' 'M' 'M' 'M' 'U' 'M' 'M' 'M' 'M' 'M' 'U' 'M'
 'M' 'U' 'M' 'U' 'M' 'M' 'M' 'M' 'M' 'M' 'M' 'M' 'M' 'M' 'M' 'M' 'M' 'M']"
377701,1,166,4,162,32,0,0,"['A' 'M' 'U' 'M' 'M' 'M' 'U' 'M' 'M' 'M' 'M' 'M' 'M' 'M' 'U' 'M' 'M' 'M'
 'M' 'U' 'M' 'M' 'M' 'M' 'A' 'M' 'M' 'M' 'M' 'M' 'M' 'M' 'U' 'M' 'M' 'M'
 'M' 'M' 'M' 'M' 'M' 'M' 'M' 'M' 'M' 'M' 'M' 'M' 'M' 'M' 'U' 'M' 'M' 'M'
 'M' 'M' 'M' 'M' 'M' 'M' 'M' 'M' 'M' 'M' 'U' 'U' 'U' 'M' 'M' 'M' 'M' 'U'
 'M' 'U' 'U' 'M' 'M' 'M' 'M' 'M' 'M' 'M' 'M' 'M' 'M' 'M' 'M' 'M' 'M' 'M'
 'M' 'M' 'M' 'M' 'M' 'U' 'M' 'M' 'M' 'M' 'U' 'M' 'M' 'M' 'M' 'M' 'M' 'M'
 'M' 'M' 'U' 'M' 'M' 'M' 'A' 'U' 'M' 'M' 'M' 'U' 'M' 'M' 'M' 'M' 'M' 'M'
 'M' 'M' 'M' 'M' 'M' 'U' 'U' 'U' 'U' 'U' 'U' 'M' 'U' 'M' 'M' 'M' 'M' 'M'
 'M' 'M' 'U' 'M' 'M' 'M' 'U' 'M' 'M' 'M' 'M' 'U' 'M' 'U' 'M' 'M' 'M' 'A'
 'M' 'M' 'M' 'U' 'M' 'M' 'M' 'M' 'M' 'M' 'M' 'M' 'M' 'M' 'U' 'M' 'M' 'M'
 'M' 'U' 'M' 'U' 'M' 'M' 'M' 'M' 'M' 'M' 'M' 'M' 'M' 'M' 'M' 'M' 'M' 'M']"
377801,0,172,5,167,26,0,0,"['A' 'M' 'U' 'M' 'M' 'M' 'U' 'M' 'M' 'M' 'M' 'M' 'M' 'M' 'U' 'M' 'M' 'M'
 'M' 'U' 'M' 'M' 'M' 'M' 'M' 'M' 'M' 'M' 'M' 'M' 'M' 'M' 'U' 'M' 'M' 'M'
 'M' 'M' 'M' 'M' 'M' 'M' 'M' 'M' 'M' 'M' 'M' 'M' 'U' 'M' 'U' 'M' 'M' 'M'
 'M' 'M' 'M' 'M' 'M' 'M' 'M' 'M' 'M' 'M' 'U' 'M' 'M' 'M' 'M' 'M' 'M' 'M'
 'U' 'M' 'M' 'M' 'M' 'M' 'M' 'M' 'U' 'M' 'M' 'U' 'M' 'M' 'M' 'U' 'M' 'M'
 'M' 'M' 'M' 'U' 'M' 'M' 'M' 'A' 'M' 'M' 'U' 'M' 'M' 'M' 'M' 'M' 'M' 'M'
 'M' 'M' 'M' 'M' 'M' 'M' 'A' 'A' 'M' 'M' 'M' 'U' 'M' 'M' 'M' 'M' 'M' 'M'
 'M' 'M' 'M' 'M' 'M' 'U' 'U' 'U' 'U' 'M' 'U' 'U' 'U' 'M' 'M' 'M' 'M' 'M'
 'M' 'M' 'M' 'M' 'M' 'U' 'U' 'M' 'M' 'M' 'M' 'M' 'M' 'M' 'M' 'M' 'M' 'A'
 'M' 'M' 'U' 'M' 'M' 'M' 'M' 'M' 'M' 'M' 'M' 'M' 'M' 'M' 'M' 'M' 'M' 'M'
 'M' 'M' 'M' 'U' 'M' 'M' 'M' 'M' 'M' 'M' 'M' 'M' 'M' 'M' 'M' 'M' 'M' 'M']"
377901,0,168,4,164,30,0,0,"['A' 'M' 'U' 'M' 'M' 'M' 'U' 'M' 'M' 'M' 'M' 'M' 'M' 'M' 'M' 'M' 'M' 'U'
 'M' 'U' 'M' 'M' 'M' 'M' 'M' 'M' 'M' 'M' 'M' 'M' 'M' 'M' 'U' 'M' 'M' 'M'
 'M' 'M' 'M' 'M' 'M' 'M' 'M' 'M' 'M' 'M' 'M' 'M' 'U' 'M' 'M' 'M' 'M' 'M'
 'M' 'M' 'M' 'M' 'M' 'U' 'M' 'M' 'M' 'M' 'U' 'M' 'U' 'M' 'U' 'M' 'M' 'M'
 'M' 'M' 'M' 'M' 'M' 'M' 'M' 'U' 'U' 'U' 'M' 'M' 'M' 'M' 'M' 'M' 'M' 'M'
 'M' 'M' 'M' 'M' 'M' 'M' 'M' 'A' 'M' 'M' 'U' 'M' 'M' 'M' 'M' 'M' 'M' 'M'
 'M' 'M' 'M' 'M' 'M' 'M' 'U' 'A' 'M' 'M' 'M' 'M' 'M' 'M' 'M' 'M' 'M' 'M'
 'U' 'M' 'M' 'M' 'M' 'U' 'U' 'U' 'M' 'M' 'U' 'U' 'U' 'M' 'M' 'M' 'M' 'M'
 'M' 'M' 'M' 'U' 'M' 'M' 'U' 'M' 'M' 'M' 'U' 'M' 'M' 'M' 'M' 'M' 'M' 'A'
 'M' 'M' 'U' 'M' 'M' 'M' 'M' 'M' 'M' 'M' 'M' 'M' 'M' 'M' 'M' 'M' 'M' 'M'
 'U' 'M' 'U' 'M' 'M' 'U' 'M' 'M' 'M' 'M' 'M' 'M' 'M' 'M' 'M' 'M' 'U' 'M']"
378001,0,165,3,162,33,1,0,"['A' 'M' 'M' 'M' 'M' 'M' 'U' 'M' 'M' 'M' 'M' 'M' 'M' 'M' 'M' 'M' 'M' 'U'
 'M' 'U' 'M' 'M' 'M' 'M' 'M' 'M' 'M' 'M' 'M' 'U' 'M' 'M' 'U' 'M' 'M' 'M'
 'M' 'M' 'M' 'M' 'M' 'M' 'M' 'M' 'M' 'M' 'M' 'M' 'U' 'M' 'M' 'M' 'M' 'M'
 'M' 'M' 'M' 'M' 'U' 'U' 'M' 'M' 'M' 'M' 'U' 'M' 'M' 'M' 'M' 'M' 'M' 'M'
 'M' 'M' 'U' 'M' 'M' 'M' 'U' 'M' 'M' 'U' 'M' 'M' 'M' 'U' 'M' 'M' 'M' 'U'
 'M' 'M' 'M' 'M' 'M' 'M' 'M' 'A' 'M' 'M' 'U' 'M' 'M' 'U' 'M' 'M' 'M' 'M'
 'M' 'M' 'U' 'M' 'M' 'M' 'M' 'A' 'M' 'M' 'M' 'M' 'M' 'M' 'M' 'M' 'M' 'M'
 'U' 'M' 'M' 'M' 'M' 'U' 'M' 'M' 'M' 'M' 'U' 'U' 'U' 'M' 'U' 'M' 'M' 'M'
 'M' 'M' 'M' 'U' 'M' 'M' 'U' 'M' 'M' 'M' 'U' 'M' 'M' 'M' 'M' 'M' 'M' 'U'
 'U' 'M' 'U' 'M' 'M' 'M' 'M' 'M' 'M' 'M' 'M' 'M' 'M' 'M' 'M' 'M' 'M' 'M'
 'U' 'M' 'U' 'M' 'M' 'M' 'M' 'M' 'M' 'M' 'M' 'M' 'U' 'M' 'M' 'M' 'U' 'M']"
378101,0,162,3,159,36,1,0,"['A' 'M' 'M' 'M' 'M' 'M' 'M' 'M' 'M' 'M' 'M' 'M' 'M' 'M' 'M' 'M' 'M' 'M'
 'M' 'U' 'M' 'M' 'M' 'M' 'M' 'U' 'M' 'M' 'M' 'M' 'M' 'M' 'U' 'M' 'M' 'M'
 'M' 'M' 'M' 'M' 'U' 'M' 'M' 'M' 'M' 'M' 'M' 'M' 'U' 'M' 'U' 'M' 'M' 'M'
 'M' 'M' 'M' 'M' 'M' 'U' 'M' 'M' 'M' 'M' 'M' 'M' 'M' 'M' 'M' 'M' 'M' 'M'
 'U' 'M' 'M' 'M' 'M' 'U' 'M' 'U' 'M' 'M' 'M' 'M' 'M' 'M' 'M' 'M' 'M' 'U'
 'M' 'M' 'M' 'M' 'U' 'M' 'M' 'A' 'M' 'M' 'U' 'M' 'U' 'U' 'U' 'M' 'M' 'M'
 'M' 'M' 'M' 'M' 'M' 'M' 'M' 'A' 'M' 'M' 'M' 'M' 'M' 'M' 'M' 'M' 'M' 'M'
 'U' 'M' 'U' 'M' 'M' 'U' 'U' 'U' 'U' 'U' 'U' 'U' 'U' 'M' 'U' 'M' 'M' 'M'
 'M' 'M' 'M' 'M' 'M' 'M' 'U' 'M' 'M' 'M' 'U' 'M' 'M' 'M' 'M' 'M' 'M' 'U'
 'M' 'M' 'U' 'M' 'M' 'M' 'M' 'U' 'M' 'U' 'M' 'M' 'M' 'M' 'M' 'M' 'M' 'M'
 'U' 'M' 'U' 'M' 'U' 'M' 'M' 'M' 'M' 'M' 'M' 'M' 'M' 'M' 'M' 'M' 'M' 'M']"
378201,0,159,3,156,39,0,0,"['A' 'M' 'M' 'M' 'M' 'M' 'M' 'M' 'M' 'M' 'M' 'M' 'M' 'M' 'M' 'M' 'M' 'M'
 'M' 'U' 'M' 'M' 'M' 'M' 'M' 'U' 'M' 'M' 'M' 'M' 'M' 'U' 'U' 'M' 'M' 'M'
 'M' 'M' 'M' 'M' 'U' 'M' 'M' 'M' 'M' 'M' 'M' 'M' 'U' 'M' 'M' 'M' 'M' 'M'
 'M' 'U' 'M' 'M' 'M' 'U' 'M' 'M' 'M' 'M' 'M' 'U' 'U' 'M' 'M' 'M' 'M' 'M'
 'M' 'M' 'M' 'M' 'M' 'M' 'M' 'M' 'M' 'M' 'U' 'U' 'M' 'M' 'M' 'M' 'U' 'M'
 'M' 'M' 'M' 'M' 'M' 'M' 'M' 'A' 'M' 'M' 'U' 'M' 'U' 'U' 'U' 'M' 'U' 'M'
 'M' 'M' 'M' 'M' 'M' 'M' 'M' 'A' 'M' 'M' 'M' 'M' 'M' 'M' 'M' 'M' 'M' 'M'
 'M' 'M' 'U' 'U' 'M' 'U' 'U' 'U' 'U' 'U' 'U' 'U' 'U' 'M' 'U' 'M' 'M' 'U'
 'M' 'M' 'M' 'M' 'M' 'M' 'M' 'M' 'M' 'M' 'U' 'M' 'M' 'M' 'M' 'M' 'M' 'M'
 'U' 'M' 'M' 'M' 'M' 'M' 'U' 'U' 'M' 'U' 'M' 'M' 'M' 'M' 'M' 'M' 'M' 'M'
 'U' 'M' 'U' 'M' 'U' 'M' 'M' 'M' 'M' 'M' 'M' 'M' 'M' 'M' 'M' 'U' 'M' 'M']"
378301,0,159,3,156,39,0,0,"['A' 'M' 'M' 'M' 'M' 'M' 'M' 'M' 'M' 'M' 'M' 'M' 'M' 'M' 'M' 'M' 'M' 'M'
 'M' 'M' 'M' 'M' 'U' 'M' 'M' 'U' 'M' 'M' 'U' 'M' 'M' 'M' 'M' 'M' 'M' 'M'
 'M' 'M' 'M' 'M' 'U' 'M' 'M' 'M' 'U' 'M' 'M' 'M' 'M' 'M' 'M' 'M' 'M' 'M'
 'M' 'U' 'M' 'M' 'M' 'U' 'M' 'M' 'M' 'M' 'M' 'M' 'M' 'M' 'M' 'U' 'M' 'M'
 'U' 'M' 'M' 'U' 'M' 'U' 'M' 'M' 'M' 'M' 'M' 'M' 'M' 'M' 'M' 'M' 'U' 'M'
 'M' 'M' 'M' 'M' 'M' 'M' 'M' 'U' 'M' 'M' 'U' 'M' 'M' 'U' 'U' 'M' 'U' 'M'
 'M' 'M' 'M' 'M' 'M' 'M' 'M' 'U' 'M' 'M' 'M' 'M' 'M' 'M' 'M' 'M' 'U' 'M'
 'M' 'M' 'U' 'U' 'M' 'U' 'U' 'U' 'U' 'A' 'U' 'M' 'U' 'M' 'U' 'M' 'M' 'U'
 'M' 'M' 'M' 'M' 'M' 'M' 'M' 'M' 'M' 'M' 'U' 'M' 'M' 'M' 'M' 'M' 'M' 'M'
 'U' 'M' 'M' 'M' 'M' 'M' 'A' 'U' 'M' 'U' 'M' 'M' 'M' 'M' 'U' 'M' 'U' 'M'
 'U' 'M' 'U' 'M' 'M' 'M' 'M' 'M' 'U' 'M' 'M' 'M' 'M' 'M' 'M' 'U' 'M' 'M']"
378401,0,159,4,155,39,0,0,"['A' 'M' 'M' 'M' 'M' 'M' 'M' 'U' 'M' 'M' 'M' 'M' 'M' 'M' 'M' 'M' 'M' 'M'
 'M' 'M' 'M' 'M' 'U' 'M' 'M' 'U' 'M' 'M' 'U' 'M' 'M' 'M' 'M' 'M' 'M' 'M'
 'M' 'M' 'U' 'M' 'U' 'M' 'M' 'M' 'U' 'M' 'M' 'M' 'M' 'M' 'M' 'M' 'M' 'M'
 'M' 'U' 'M' 'M' 'M' 'U' 'M' 'M' 'M' 'M' 'M' 'M' 'M' 'M' 'U' 'M' 'U' 'M'
 'M' 'M' 'M' 'M' 'M' 'M' 'M' 'M' 'M' 'M' 'M' 'M' 'U' 'M' 'U' 'M' 'M' 'U'
 'M' 'M' 'M' 'M' 'M' 'M' 'M' 'U' 'M' 'M' 'M' 'M' 'M' 'U' 'U' 'M' 'U' 'M'
 'M' 'M' 'U' 'M' 'M' 'M' 'M' 'U' 'M' 'M' 'U' 'M' 'M' 'M' 'M' 'M' 'U' 'M'
 'M' 'M' 'M' 'U' 'M' 'U' 'U' 'U' 'U' 'A' 'U' 'U' 'U' 'M' 'M' 'M' 'M' 'U'
 'M' 'M' 'M' 'M' 'M' 'M' 'M' 'M' 'M' 'M' 'U' 'M' 'U' 'M' 'M' 'M' 'M' 'M'
 'M' 'M' 'M' 'M' 'M' 'M' 'A' 'U' 'M' 'U' 'M' 'M' 'M' 'M' 'U' 'M' 'U' 'M'
 'A' 'M' 'U' 'M' 'M' 'M' 'M' 'M' 'U' 'M' 'M' 'M' 'M' 'M' 'M' 'M' 'M' 'M']"
378501,0,160,3,157,38,1,0,"['A' 'M' 'M' 'M' 'M' 'M' 'M' 'M' 'M' 'M' 'M' 'M' 'U' 'M' 'M' 'M' 'M' 'M'
 'M' 'U' 'M' 'M' 'U' 'M' 'M' 'U' 'M' 'M' 'U' 'M' 'M' 'M' 'M' 'M' 'M' 'M'
 'M' 'M' 'M' 'M' 'U' 'M' 'M' 'M' 'U' 'M' 'M' 'M' 'M' 'M' 'M' 'M' 'M' 'M'
 'M' 'M' 'M' 'M' 'M' 'M' 'M' 'M' 'M' 'M' 'M' 'M' 'U' 'M' 'M' 'M' 'M' 'M'
 'U' 'M' 'M' 'M' 'M' 'M' 'U' 'M' 'M' 'M' 'M' 'M' 'M' 'M' 'U' 'U' 'M' 'M'
 'M' 'M' 'M' 'M' 'M' 'M' 'M' 'U' 'M' 'M' 'M' 'M' 'M' 'U' 'U' 'U' 'U' 'M'
 'M' 'M' 'U' 'M' 'M' 'M' 'U' 'U' 'M' 'M' 'M' 'M' 'M' 'M' 'M' 'M' 'U' 'M'
 'M' 'M' 'M' 'U' 'M' 'U' 'U' 'U' 'U' 'U' 'U' 'U' 'U' 'M' 'M' 'U' 'M' 'U'
 'M' 'M' 'M' 'M' 'M' 'M' 'M' 'M' 'M' 'M' 'M' 'M' 'M' 'M' 'M' 'M' 'M' 'M'
 'U' 'U' 'M' 'M' 'M' 'M' 'A' 'M' 'M' 'M' 'M' 'M' 'M' 'M' 'M' 'M' 'U' 'M'
 'A' 'M' 'U' 'M' 'M' 'M' 'M' 'M' 'U' 'M' 'M' 'M' 'M' 'M' 'M' 'M' 'M' 'U']"
378601,0,160,2,158,38,1,0,"['A' 'M' 'M' 'M' 'M' 'M' 'M' 'M' 'M' 'M' 'M' 'M' 'M' 'M' 'M' 'M' 'M' 'U'
 'U' 'M' 'M' 'M' 'M' 'M' 'U' 'M' 'M' 'M' 'U' 'M' 'M' 'M' 'M' 'U' 'U' 'M'
 'M' 'M' 'M' 'M' 'U' 'M' 'M' 'M' 'M' 'M' 'M' 'M' 'M' 'M' 'M' 'M' 'M' 'M'
 'M' 'M' 'M' 'M' 'U' 'M' 'M' 'M' 'M' 'M' 'M' 'M' 'M' 'U' 'M' 'U' 'U' 'M'
 'M' 'M' 'M' 'M' 'M' 'M' 'M' 'M' 'M' 'M' 'M' 'M' 'M' 'M' 'U' 'M' 'U' 'M'
 'M' 'M' 'M' 'M' 'M' 'M' 'U' 'U' 'M' 'M' 'M' 'U' 'M' 'U' 'M' 'U' 'U' 'M'
 'M' 'M' 'U' 'M' 'M' 'M' 'U' 'U' 'M' 'M' 'M' 'U' 'M' 'M' 'M' 'M' 'U' 'M'
 'M' 'M' 'M' 'M' 'U' 'U' 'U' 'M' 'U' 'U' 'U' 'M' 'U' 'M' 'M' 'M' 'M' 'U'
 'M' 'M' 'M' 'M' 'M' 'M' 'M' 'M' 'M' 'M' 'M' 'M' 'U' 'M' 'M' 'M' 'M' 'M'
 'M' 'M' 'M' 'M' 'M' 'M' 'A' 'M' 'M' 'M' 'M' 'M' 'M' 'M' 'M' 'M' 'U' 'M'
 'U' 'M' 'U' 'M' 'M' 'M' 'M' 'M' 'U' 'M' 'M' 'M' 'M' 'M' 'M' 'M' 'M' 'U']"
378701,0,164,2,162,34,0,0,"['A' 'M' 'M' 'M' 'M' 'M' 'M' 'M' 'M' 'M' 'M' 'M' 'M' 'M' 'M' 'M' 'U' 'U'
 'M' 'M' 'M' 'M' 'M' 'M' 'U' 'M' 'M' 'M' 'A' 'M' 'M' 'M' 'M' 'M' 'M' 'M'
 'M' 'M' 'M' 'M' 'U' 'M' 'M' 'M' 'M' 'M' 'M' 'M' 'M' 'M' 'M' 'M' 'M' 'M'
 'M' 'M' 'M' 'M' 'U' 'M' 'M' 'M' 'U' 'M' 'U' 'U' 'M' 'M' 'M' 'U' 'M' 'M'
 'M' 'M' 'M' 'M' 'M' 'M' 'M' 'M' 'M' 'M' 'M' 'M' 'M' 'M' 'U' 'U' 'M' 'U'
 'M' 'M' 'M' 'M' 'M' 'M' 'M' 'U' 'M' 'M' 'M' 'U' 'M' 'M' 'M' 'U' 'M' 'M'
 'M' 'M' 'U' 'M' 'M' 'M' 'M' 'U' 'M' 'M' 'M' 'U' 'M' 'M' 'M' 'M' 'U' 'M'
 'M' 'M' 'M' 'M' 'M' 'U' 'U' 'M' 'U' 'U' 'U' 'M' 'U' 'M' 'M' 'M' 'M' 'M'
 'M' 'M' 'M' 'M' 'M' 'M' 'M' 'M' 'M' 'M' 'U' 'M' 'U' 'M' 'M' 'M' 'U' 'M'
 'M' 'M' 'M' 'M' 'M' 'M' 'U' 'M' 'M' 'M' 'M' 'U' 'M' 'M' 'M' 'M' 'M' 'M'
 'U' 'U' 'M' 'M' 'M' 'M' 'M' 'M' 'M' 'M' 'M' 'M' 'M' 'M' 'U' 'M' 'M' 'U']"
378801,0,166,2,164,32,0,0,"['A' 'M' 'M' 'M' 'M' 'M' 'M' 'M' 'M' 'M' 'M' 'M' 'M' 'M' 'M' 'M' 'U' 'U'
 'M' 'M' 'M' 'M' 'M' 'M' 'U' 'M' 'M' 'M' 'M' 'M' 'M' 'M' 'M' 'M' 'M' 'M'
 'M' 'M' 'M' 'M' 'U' 'M' 'M' 'M' 'M' 'M' 'M' 'M' 'M' 'M' 'M' 'M' 'M' 'M'
 'U' 'M' 'M' 'M' 'U' 'M' 'M' 'M' 'U' 'M' 'M' 'M' 'U' 'M' 'M' 'M' 'U' 'M'
 'M' 'M' 'M' 'M' 'M' 'M' 'M' 'M' 'U' 'M' 'U' 'M' 'M' 'M' 'M' 'M' 'M' 'M'
 'U' 'M' 'M' 'M' 'M' 'M' 'M' 'U' 'M' 'M' 'M' 'A' 'M' 'M' 'M' 'U' 'M' 'M'
 'M' 'M' 'M' 'M' 'M' 'M' 'M' 'U' 'M' 'M' 'M' 'U' 'U' 'M' 'M' 'M' 'U' 'M'
 'M' 'M' 'M' 'M' 'U' 'U' 'U' 'M' 'U' 'M' 'U' 'M' 'U' 'M' 'M' 'M' 'M' 'M'
 'M' 'M' 'M' 'M' 'M' 'M' 'M' 'M' 'M' 'M' 'U' 'M' 'M' 'M' 'M' 'M' 'M' 'M'
 'M' 'M' 'U' 'M' 'M' 'M' 'M' 'M' 'M' 'M' 'M' 'U' 'M' 'M' 'M' 'M' 'M' 'M'
 'M' 'U' 'M' 'M' 'M' 'M' 'M' 'U' 'M' 'M' 'M' 'U' 'M' 'M' 'U' 'M' 'M' 'U']"
378901,0,166,2,164,32,0,0,"['A' 'M' 'M' 'M' 'M' 'M' 'M' 'M' 'M' 'M' 'M' 'U' 'M' 'M' 'M' 'M' 'M' 'U'
 'M' 'M' 'M' 'M' 'M' 'M' 'U' 'M' 'M' 'M' 'M' 'M' 'M' 'M' 'M' 'M' 'M' 'U'
 'M' 'M' 'M' 'U' 'U' 'M' 'M' 'M' 'M' 'M' 'M' 'M' 'M' 'M' 'M' 'M' 'M' 'M'
 'U' 'M' 'M' 'U' 'U' 'M' 'M' 'M' 'U' 'M' 'M' 'U' 'M' 'M' 'M' 'M' 'U' 'M'
 'M' 'M' 'U' 'M' 'M' 'M' 'M' 'M' 'M' 'M' 'M' 'M' 'M' 'M' 'M' 'M' 'M' 'M'
 'M' 'M' 'U' 'U' 'M' 'M' 'M' 'M' 'M' 'M' 'M' 'A' 'M' 'M' 'M' 'U' 'M' 'M'
 'M' 'M' 'M' 'M' 'M' 'M' 'M' 'U' 'M' 'M' 'M' 'U' 'U' 'M' 'M' 'M' 'U' 'M'
 'M' 'M' 'M' 'M' 'M' 'U' 'U' 'M' 'U' 'M' 'U' 'M' 'U' 'M' 'M' 'M' 'M' 'M'
 'M' 'M' 'M' 'M' 'M' 'M' 'M' 'M' 'M' 'U' 'U' 'M' 'M' 'M' 'M' 'M' 'M' 'M'
 'M' 'M' 'M' 'M' 'M' 'M' 'M' 'M' 'M' 'M' 'M' 'U' 'M' 'M' 'M' 'M' 'M' 'M'
 'M' 'M' 'M' 'M' 'M' 'M' 'M' 'U' 'M' 'M' 'M' 'U' 'M' 'M' 'U' 'M' 'M' 'U']"
379001,0,169,4,165,29,0,0,"['A' 'M' 'M' 'M' 'M' 'M' 'M' 'M' 'M' 'M' 'M' 'U' 'M' 'M' 'M' 'U' 'M' 'M'
 'M' 'M' 'M' 'M' 'M' 'M' 'U' 'M' 'M' 'M' 'M' 'M' 'M' 'M' 'M' 'M' 'M' 'U'
 'M' 'M' 'M' 'U' 'U' 'M' 'M' 'U' 'M' 'M' 'M' 'M' 'M' 'M' 'M' 'M' 'M' 'M'
 'M' 'M' 'M' 'M' 'U' 'U' 'M' 'M' 'U' 'M' 'M' 'M' 'M' 'M' 'M' 'M' 'M' 'M'
 'M' 'U' 'M' 'M' 'M' 'M' 'M' 'M' 'U' 'M' 'U' 'M' 'M' 'M' 'M' 'M' 'U' 'M'
 'M' 'M' 'U' 'M' 'M' 'M' 'M' 'M' 'M' 'M' 'M' 'A' 'M' 'M' 'M' 'U' 'M' 'M'
 'M' 'M' 'M' 'M' 'M' 'M' 'M' 'U' 'M' 'M' 'M' 'M' 'A' 'M' 'M' 'M' 'M' 'M'
 'M' 'M' 'M' 'M' 'M' 'U' 'U' 'M' 'U' 'M' 'U' 'M' 'U' 'M' 'M' 'M' 'M' 'M'
 'M' 'M' 'M' 'M' 'M' 'M' 'M' 'M' 'M' 'U' 'U' 'M' 'M' 'M' 'M' 'M' 'M' 'M'
 'M' 'M' 'M' 'M' 'M' 'M' 'M' 'M' 'M' 'M' 'M' 'U' 'M' 'M' 'M' 'M' 'M' 'M'
 'M' 'M' 'M' 'M' 'M' 'M' 'U' 'U' 'M' 'M' 'M' 'U' 'M' 'M' 'A' 'M' 'M' 'U']"
379101,0,169,4,165,29,0,0,"['A' 'M' 'M' 'M' 'M' 'M' 'M' 'M' 'M' 'M' 'M' 'U' 'M' 'M' 'U' 'U' 'M' 'M'
 'M' 'M' 'M' 'M' 'M' 'M' 'M' 'M' 'A' 'M' 'M' 'M' 'M' 'M' 'M' 'M' 'M' 'U'
 'M' 'M' 'M' 'U' 'M' 'M' 'U' 'M' 'M' 'M' 'M' 'M' 'M' 'M' 'M' 'M' 'M' 'M'
 'M' 'M' 'M' 'M' 'M' 'M' 'M' 'M' 'M' 'M' 'M' 'M' 'M' 'M' 'M' 'M' 'M' 'M'
 'M' 'U' 'U' 'M' 'M' 'M' 'M' 'U' 'M' 'M' 'M' 'U' 'M' 'M' 'M' 'U' 'M' 'M'
 'M' 'M' 'M' 'M' 'M' 'M' 'M' 'M' 'M' 'M' 'M' 'U' 'M' 'M' 'M' 'U' 'M' 'M'
 'M' 'M' 'M' 'M' 'M' 'M' 'M' 'U' 'M' 'M' 'M' 'M' 'A' 'M' 'M' 'M' 'M' 'M'
 'M' 'M' 'M' 'M' 'M' 'M' 'U' 'U' 'U' 'U' 'U' 'U' 'U' 'M' 'M' 'M' 'M' 'M'
 'M' 'M' 'M' 'M' 'M' 'M' 'M' 'M' 'M' 'U' 'U' 'M' 'U' 'M' 'M' 'M' 'M' 'M'
 'M' 'M' 'M' 'M' 'M' 'M' 'M' 'M' 'M' 'M' 'M' 'U' 'M' 'M' 'M' 'M' 'M' 'M'
 'M' 'M' 'M' 'M' 'M' 'M' 'U' 'U' 'M' 'M' 'M' 'U' 'M' 'M' 'A' 'M' 'M' 'U']"
379201,0,165,4,161,33,0,0,"['A' 'U' 'M' 'M' 'M' 'M' 'M' 'M' 'M' 'M' 'M' 'U' 'M' 'M' 'U' 'U' 'M' 'M'
 'M' 'M' 'M' 'M' 'M' 'U' 'M' 'M' 'U' 'M' 'M' 'U' 'M' 'M' 'M' 'M' 'M' 'A'
 'M' 'M' 'M' 'U' 'M' 'M' 'U' 'M' 'M' 'M' 'M' 'M' 'M' 'M' 'M' 'M' 'M' 'U'
 'M' 'M' 'M' 'M' 'M' 'M' 'M' 'M' 'M' 'U' 'M' 'M' 'M' 'U' 'M' 'U' 'M' 'M'
 'M' 'M' 'M' 'M' 'M' 'U' 'M' 'M' 'U' 'U' 'M' 'M' 'M' 'M' 'M' 'M' 'M' 'M'
 'M' 'M' 'M' 'M' 'M' 'M' 'M' 'U' 'M' 'M' 'M' 'U' 'M' 'U' 'M' 'U' 'M' 'M'
 'M' 'M' 'M' 'M' 'M' 'M' 'M' 'U' 'M' 'M' 'M' 'M' 'A' 'M' 'M' 'M' 'M' 'M'
 'M' 'M' 'M' 'M' 'M' 'M' 'U' 'U' 'U' 'U' 'M' 'M' 'U' 'U' 'M' 'M' 'M' 'M'
 'M' 'M' 'M' 'M' 'M' 'M' 'M' 'M' 'M' 'M' 'U' 'M' 'U' 'M' 'M' 'M' 'M' 'M'
 'M' 'M' 'M' 'M' 'M' 'M' 'M' 'M' 'M' 'M' 'M' 'M' 'M' 'M' 'M' 'M' 'M' 'M'
 'M' 'M' 'M' 'U' 'M' 'M' 'M' 'U' 'M' 'M' 'M' 'U' 'M' 'M' 'A' 'M' 'M' 'U']"
379301,0,164,3,161,34,0,0,"['A' 'U' 'U' 'M' 'M' 'M' 'M' 'M' 'M' 'M' 'M' 'U' 'U' 'M' 'U' 'U' 'M' 'M'
 'M' 'M' 'M' 'M' 'M' 'U' 'M' 'M' 'U' 'M' 'M' 'U' 'M' 'M' 'M' 'M' 'M' 'U'
 'M' 'M' 'M' 'M' 'M' 'M' 'U' 'M' 'M' 'M' 'M' 'M' 'M' 'U' 'M' 'M' 'M' 'U'
 'M' 'M' 'M' 'M' 'M' 'M' 'M' 'M' 'M' 'M' 'M' 'M' 'M' 'M' 'M' 'M' 'M' 'U'
 'U' 'M' 'U' 'M' 'M' 'M' 'M' 'M' 'M' 'U' 'M' 'M' 'M' 'M' 'M' 'U' 'M' 'M'
 'M' 'M' 'M' 'M' 'M' 'M' 'M' 'M' 'M' 'M' 'M' 'U' 'M' 'U' 'M' 'U' 'M' 'M'
 'M' 'M' 'M' 'M' 'M' 'M' 'M' 'U' 'M' 'M' 'M' 'M' 'A' 'M' 'M' 'M' 'M' 'M'
 'M' 'M' 'M' 'M' 'M' 'M' 'U' 'M' 'U' 'U' 'M' 'M' 'U' 'U' 'M' 'M' 'M' 'U'
 'M' 'M' 'M' 'M' 'M' 'M' 'M' 'M' 'M' 'U' 'M' 'M' 'U' 'M' 'M' 'M' 'M' 'M'
 'M' 'M' 'M' 'M' 'M' 'M' 'M' 'M' 'M' 'M' 'M' 'M' 'M' 'M' 'M' 'M' 'M' 'M'
 'M' 'M' 'M' 'M' 'U' 'U' 'M' 'U' 'M' 'M' 'M' 'M' 'M' 'M' 'A' 'M' 'M' 'U']"
379401,0,163,1,162,35,0,0,"['A' 'U' 'U' 'M' 'M' 'M' 'M' 'M' 'M' 'M' 'M' 'M' 'M' 'M' 'U' 'M' 'M' 'M'
 'M' 'M' 'M' 'M' 'M' 'U' 'M' 'M' 'U' 'M' 'M' 'U' 'M' 'M' 'M' 'M' 'M' 'M'
 'M' 'M' 'U' 'M' 'M' 'M' 'U' 'M' 'M' 'M' 'M' 'M' 'M' 'U' 'M' 'U' 'M' 'U'
 'M' 'M' 'M' 'M' 'M' 'M' 'M' 'M' 'M' 'M' 'M' 'U' 'M' 'M' 'M' 'M' 'M' 'M'
 'M' 'M' 'U' 'M' 'M' 'U' 'M' 'M' 'M' 'M' 'M' 'M' 'M' 'M' 'M' 'M' 'M' 'U'
 'M' 'M' 'M' 'M' 'U' 'M' 'M' 'M' 'M' 'M' 'M' 'U' 'M' 'U' 'M' 'M' 'M' 'M'
 'M' 'M' 'M' 'M' 'M' 'M' 'M' 'U' 'M' 'M' 'M' 'M' 'U' 'M' 'M' 'M' 'U' 'M'
 'M' 'M' 'M' 'M' 'M' 'M' 'U' 'M' 'U' 'U' 'M' 'M' 'U' 'U' 'M' 'M' 'M' 'M'
 'M' 'M' 'M' 'M' 'M' 'M' 'M' 'M' 'M' 'U' 'M' 'M' 'M' 'M' 'M' 'M' 'M' 'M'
 'M' 'M' 'M' 'M' 'M' 'U' 'M' 'M' 'M' 'M' 'M' 'U' 'M' 'M' 'M' 'M' 'M' 'M'
 'M' 'M' 'M' 'M' 'U' 'U' 'M' 'U' 'U' 'M' 'M' 'M' 'M' 'M' 'U' 'M' 'M' 'U']"
379501,0,170,5,165,28,1,0,"['A' 'M' 'U' 'M' 'M' 'M' 'M' 'M' 'M' 'M' 'M' 'M' 'M' 'M' 'U' 'M' 'M' 'M'
 'M' 'M' 'M' 'M' 'M' 'U' 'M' 'M' 'U' 'M' 'M' 'M' 'M' 'M' 'U' 'M' 'M' 'M'
 'M' 'M' 'A' 'M' 'M' 'M' 'M' 'M' 'M' 'M' 'M' 'M' 'M' 'U' 'M' 'M' 'M' 'M'
 'M' 'M' 'M' 'M' 'M' 'M' 'M' 'M' 'M' 'M' 'M' 'M' 'M' 'M' 'M' 'M' 'U' 'M'
 'M' 'M' 'M' 'U' 'M' 'M' 'M' 'M' 'M' 'M' 'M' 'M' 'M' 'M' 'M' 'M' 'U' 'M'
 'U' 'M' 'M' 'M' 'U' 'M' 'M' 'M' 'M' 'M' 'M' 'A' 'U' 'U' 'M' 'M' 'M' 'M'
 'M' 'M' 'M' 'M' 'M' 'M' 'M' 'M' 'M' 'M' 'M' 'M' 'U' 'M' 'M' 'M' 'U' 'M'
 'M' 'M' 'M' 'M' 'M' 'U' 'U' 'M' 'M' 'M' 'M' 'M' 'U' 'A' 'M' 'M' 'M' 'M'
 'M' 'M' 'M' 'M' 'M' 'M' 'M' 'M' 'M' 'A' 'M' 'U' 'M' 'M' 'M' 'M' 'M' 'M'
 'M' 'M' 'M' 'M' 'U' 'U' 'M' 'M' 'M' 'M' 'M' 'U' 'U' 'M' 'M' 'M' 'M' 'M'
 'M' 'M' 'M' 'M' 'U' 'U' 'M' 'M' 'M' 'M' 'M' 'M' 'U' 'M' 'U' 'M' 'M' 'U']"
379601,1,162,7,155,36,0,0,"['A' 'M' 'U' 'M' 'U' 'M' 'M' 'M' 'M' 'M' 'M' 'M' 'M' 'M' 'U' 'U' 'M' 'M'
 'M' 'M' 'M' 'M' 'M' 'U' 'M' 'M' 'U' 'M' 'M' 'M' 'M' 'M' 'M' 'M' 'M' 'M'
 'M' 'M' 'A' 'M' 'M' 'M' 'M' 'M' 'M' 'M' 'M' 'U' 'M' 'U' 'M' 'M' 'M' 'M'
 'M' 'M' 'M' 'M' 'M' 'M' 'M' 'M' 'M' 'M' 'M' 'M' 'U' 'U' 'M' 'M' 'M' 'M'
 'M' 'M' 'M' 'M' 'M' 'M' 'M' 'U' 'U' 'M' 'U' 'M' 'M' 'M' 'M' 'M' 'M' 'M'
 'M' 'M' 'M' 'M' 'M' 'M' 'U' 'M' 'U' 'M' 'M' 'A' 'U' 'U' 'M' 'M' 'M' 'M'
 'M' 'M' 'M' 'M' 'M' 'M' 'M' 'M' 'M' 'M' 'M' 'M' 'U' 'M' 'M' 'M' 'U' 'M'
 'M' 'M' 'M' 'A' 'M' 'U' 'U' 'U' 'A' 'U' 'U' 'U' 'U' 'A' 'M' 'M' 'M' 'M'
 'M' 'M' 'M' 'M' 'M' 'M' 'M' 'M' 'M' 'A' 'M' 'U' 'M' 'M' 'M' 'M' 'U' 'M'
 'M' 'M' 'M' 'U' 'U' 'M' 'M' 'M' 'M' 'M' 'M' 'U' 'M' 'M' 'M' 'M' 'M' 'M'
 'U' 'M' 'M' 'M' 'U' 'M' 'U' 'M' 'M' 'M' 'M' 'M' 'U' 'M' 'U' 'M' 'M' 'M']"
379701,0,155,8,147,43,0,0,"['A' 'M' 'U' 'M' 'U' 'M' 'M' 'M' 'U' 'U' 'M' 'M' 'M' 'M' 'U' 'U' 'M' 'M'
 'M' 'M' 'M' 'M' 'M' 'M' 'M' 'M' 'U' 'M' 'M' 'M' 'M' 'M' 'M' 'M' 'M' 'M'
 'U' 'M' 'A' 'M' 'M' 'M' 'M' 'M' 'M' 'A' 'M' 'U' 'M' 'U' 'M' 'M' 'M' 'M'
 'M' 'M' 'M' 'M' 'M' 'M' 'M' 'M' 'M' 'M' 'M' 'M' 'U' 'M' 'M' 'M' 'U' 'M'
 'M' 'M' 'M' 'M' 'M' 'U' 'M' 'M' 'M' 'M' 'M' 'M' 'M' 'M' 'M' 'M' 'U' 'M'
 'U' 'M' 'M' 'M' 'M' 'M' 'M' 'U' 'U' 'M' 'M' 'U' 'U' 'U' 'M' 'M' 'M' 'M'
 'M' 'M' 'M' 'M' 'M' 'U' 'M' 'M' 'M' 'M' 'M' 'M' 'M' 'M' 'M' 'M' 'U' 'M'
 'M' 'M' 'M' 'A' 'M' 'U' 'U' 'U' 'A' 'U' 'U' 'U' 'U' 'A' 'M' 'M' 'M' 'M'
 'M' 'M' 'M' 'M' 'M' 'M' 'M' 'M' 'M' 'A' 'M' 'U' 'M' 'M' 'M' 'M' 'U' 'M'
 'M' 'U' 'U' 'U' 'U' 'M' 'M' 'M' 'U' 'M' 'M' 'U' 'M' 'M' 'M' 'M' 'M' 'U'
 'U' 'M' 'M' 'U' 'U' 'M' 'U' 'M' 'M' 'M' 'M' 'M' 'U' 'M' 'A' 'M' 'M' 'M']"
379801,0,157,6,151,41,0,0,"['A' 'M' 'U' 'M' 'U' 'M' 'M' 'M' 'U' 'M' 'M' 'M' 'M' 'M' 'M' 'U' 'M' 'M'
 'M' 'M' 'M' 'M' 'M' 'M' 'M' 'M' 'M' 'M' 'M' 'M' 'M' 'M' 'M' 'M' 'M' 'M'
 'M' 'M' 'A' 'M' 'M' 'M' 'M' 'M' 'M' 'A' 'U' 'U' 'M' 'U' 'M' 'U' 'M' 'M'
 'M' 'M' 'M' 'M' 'M' 'M' 'M' 'M' 'M' 'M' 'M' 'M' 'U' 'M' 'M' 'M' 'U' 'U'
 'M' 'M' 'M' 'M' 'M' 'M' 'M' 'M' 'M' 'M' 'M' 'M' 'M' 'M' 'M' 'M' 'M' 'M'
 'M' 'U' 'U' 'M' 'M' 'M' 'M' 'U' 'U' 'M' 'M' 'M' 'U' 'U' 'M' 'M' 'M' 'M'
 'M' 'M' 'M' 'M' 'M' 'U' 'M' 'M' 'M' 'M' 'M' 'M' 'U' 'M' 'M' 'M' 'U' 'M'
 'M' 'M' 'M' 'U' 'M' 'U' 'M' 'U' 'A' 'U' 'U' 'U' 'U' 'U' 'M' 'M' 'M' 'M'
 'M' 'M' 'M' 'M' 'M' 'M' 'M' 'M' 'M' 'A' 'M' 'U' 'M' 'M' 'M' 'M' 'U' 'U'
 'M' 'U' 'U' 'U' 'U' 'M' 'M' 'M' 'U' 'M' 'M' 'M' 'M' 'U' 'M' 'M' 'M' 'M'
 'U' 'M' 'M' 'U' 'U' 'M' 'U' 'M' 'M' 'M' 'M' 'M' 'M' 'M' 'A' 'M' 'M' 'M']"
379901,0,158,5,153,40,0,0,"['A' 'M' 'U' 'M' 'U' 'M' 'M' 'U' 'U' 'M' 'M' 'M' 'M' 'M' 'M' 'U' 'M' 'M'
 'M' 'M' 'M' 'M' 'M' 'M' 'M' 'M' 'M' 'M' 'M' 'M' 'M' 'M' 'M' 'M' 'M' 'M'
 'M' 'M' 'U' 'M' 'M' 'M' 'M' 'M' 'M' 'A' 'M' 'M' 'M' 'U' 'U' 'U' 'M' 'M'
 'M' 'M' 'M' 'M' 'M' 'M' 'M' 'M' 'M' 'M' 'M' 'M' 'M' 'U' 'M' 'M' 'M' 'M'
 'M' 'U' 'M' 'M' 'M' 'M' 'M' 'U' 'M' 'M' 'M' 'U' 'M' 'M' 'M' 'M' 'U' 'M'
 'M' 'M' 'M' 'M' 'M' 'M' 'M' 'U' 'U' 'M' 'U' 'M' 'M' 'U' 'M' 'M' 'M' 'U'
 'M' 'M' 'M' 'M' 'M' 'U' 'M' 'M' 'M' 'M' 'M' 'M' 'U' 'M' 'U' 'M' 'U' 'M'
 'M' 'M' 'M' 'M' 'M' 'M' 'M' 'U' 'A' 'U' 'U' 'U' 'U' 'U' 'M' 'M' 'M' 'M'
 'M' 'M' 'M' 'M' 'M' 'M' 'M' 'M' 'M' 'A' 'M' 'U' 'M' 'M' 'M' 'M' 'U' 'U'
 'M' 'M' 'U' 'U' 'M' 'M' 'M' 'M' 'U' 'M' 'U' 'M' 'M' 'M' 'M' 'M' 'M' 'M'
 'U' 'M' 'M' 'U' 'U' 'M' 'U' 'M' 'M' 'M' 'M' 'M' 'M' 'M' 'A' 'M' 'M' 'M']"
380001,0,155,4,151,43,0,0,"['A' 'M' 'M' 'M' 'U' 'M' 'M' 'U' 'M' 'M' 'M' 'M' 'M' 'M' 'M' 'U' 'M' 'M'
 'U' 'M' 'M' 'M' 'M' 'M' 'M' 'M' 'M' 'M' 'M' 'M' 'M' 'U' 'M' 'M' 'M' 'M'
 'M' 'U' 'U' 'M' 'M' 'M' 'M' 'M' 'M' 'U' 'M' 'M' 'U' 'U' 'U' 'U' 'M' 'M'
 'M' 'M' 'M' 'M' 'M' 'M' 'M' 'M' 'M' 'M' 'M' 'M' 'U' 'M' 'M' 'M' 'M' 'M'
 'U' 'U' 'M' 'M' 'M' 'M' 'M' 'M' 'M' 'M' 'M' 'M' 'M' 'M' 'M' 'U' 'M' 'M'
 'M' 'M' 'U' 'M' 'M' 'M' 'M' 'U' 'U' 'M' 'U' 'M' 'M' 'M' 'U' 'M' 'M' 'U'
 'M' 'M' 'M' 'M' 'M' 'M' 'M' 'M' 'M' 'M' 'M' 'M' 'A' 'M' 'U' 'M' 'U' 'M'
 'M' 'M' 'M' 'M' 'M' 'U' 'U' 'U' 'A' 'U' 'U' 'U' 'U' 'U' 'M' 'M' 'M' 'M'
 'M' 'M' 'M' 'M' 'M' 'M' 'M' 'M' 'M' 'U' 'U' 'U' 'M' 'M' 'M' 'M' 'M' 'U'
 'M' 'M' 'U' 'M' 'U' 'M' 'M' 'M' 'U' 'M' 'U' 'M' 'M' 'M' 'M' 'M' 'M' 'M'
 'U' 'M' 'M' 'M' 'U' 'M' 'U' 'M' 'M' 'M' 'M' 'M' 'M' 'M' 'A' 'M' 'M' 'M']"
380101,1,161,4,157,37,0,0,"['A' 'M' 'M' 'M' 'M' 'M' 'M' 'U' 'M' 'M' 'M' 'M' 'M' 'M' 'M' 'U' 'M' 'M'
 'U' 'M' 'M' 'M' 'M' 'M' 'M' 'M' 'M' 'M' 'M' 'M' 'M' 'U' 'M' 'M' 'M' 'M'
 'M' 'U' 'U' 'A' 'M' 'M' 'M' 'U' 'M' 'U' 'M' 'M' 'U' 'M' 'U' 'M' 'M' 'M'
 'M' 'M' 'M' 'M' 'M' 'M' 'M' 'M' 'M' 'M' 'M' 'M' 'M' 'M' 'M' 'M' 'M' 'M'
 'M' 'M' 'M' 'M' 'M' 'M' 'M' 'U' 'M' 'U' 'U' 'M' 'M' 'M' 'M' 'U' 'M' 'M'
 'M' 'U' 'M' 'M' 'M' 'M' 'M' 'U' 'U' 'M' 'M' 'M' 'M' 'M' 'M' 'M' 'M' 'U'
 'M' 'M' 'M' 'M' 'M' 'M' 'M' 'M' 'M' 'M' 'M' 'M' 'A' 'M' 'U' 'M' 'U' 'M'
 'M' 'M' 'M' 'M' 'M' 'U' 'U' 'U' 'U' 'M' 'U' 'M' 'U' 'U' 'M' 'M' 'M' 'M'
 'M' 'M' 'M' 'M' 'M' 'M' 'M' 'M' 'M' 'U' 'U' 'U' 'M' 'M' 'M' 'M' 'M' 'U'
 'M' 'M' 'U' 'M' 'M' 'M' 'M' 'U' 'U' 'M' 'U' 'M' 'M' 'M' 'M' 'M' 'M' 'M'
 'U' 'M' 'M' 'M' 'U' 'M' 'M' 'M' 'M' 'M' 'M' 'M' 'M' 'M' 'A' 'M' 'M' 'M']"
380201,1,162,4,158,36,1,0,"['A' 'M' 'M' 'M' 'M' 'M' 'M' 'U' 'M' 'M' 'M' 'M' 'M' 'M' 'M' 'M' 'M' 'M'
 'U' 'M' 'M' 'M' 'M' 'M' 'M' 'M' 'M' 'M' 'M' 'M' 'M' 'U' 'M' 'M' 'M' 'M'
 'U' 'U' 'U' 'A' 'M' 'M' 'M' 'M' 'M' 'M' 'M' 'M' 'U' 'M' 'U' 'M' 'M' 'M'
 'M' 'M' 'M' 'M' 'M' 'M' 'M' 'U' 'M' 'M' 'M' 'M' 'M' 'M' 'M' 'M' 'M' 'M'
 'M' 'M' 'U' 'M' 'U' 'U' 'M' 'M' 'M' 'M' 'U' 'M' 'M' 'M' 'M' 'M' 'M' 'M'
 'M' 'M' 'M' 'M' 'U' 'M' 'M' 'U' 'M' 'M' 'M' 'M' 'M' 'M' 'M' 'M' 'M' 'U'
 'M' 'M' 'M' 'M' 'M' 'M' 'M' 'M' 'U' 'M' 'M' 'M' 'A' 'M' 'M' 'M' 'U' 'M'
 'M' 'M' 'M' 'M' 'M' 'U' 'U' 'U' 'U' 'U' 'U' 'U' 'U' 'U' 'M' 'M' 'M' 'M'
 'M' 'M' 'M' 'M' 'M' 'M' 'M' 'M' 'M' 'U' 'U' 'U' 'M' 'U' 'M' 'U' 'M' 'U'
 'M' 'M' 'M' 'M' 'M' 'M' 'M' 'M' 'U' 'M' 'U' 'M' 'M' 'M' 'M' 'M' 'M' 'M'
 'U' 'M' 'M' 'M' 'M' 'M' 'M' 'M' 'M' 'M' 'M' 'M' 'M' 'M' 'A' 'M' 'M' 'M']"
380301,0,161,5,156,37,0,0,"['A' 'M' 'M' 'M' 'M' 'M' 'U' 'U' 'M' 'M' 'U' 'M' 'M' 'M' 'M' 'M' 'M' 'M'
 'U' 'M' 'M' 'M' 'M' 'M' 'M' 'M' 'M' 'M' 'M' 'M' 'M' 'U' 'M' 'M' 'M' 'M'
 'U' 'U' 'U' 'A' 'M' 'M' 'M' 'M' 'U' 'M' 'M' 'M' 'U' 'M' 'U' 'M' 'M' 'M'
 'M' 'M' 'M' 'M' 'M' 'M' 'M' 'M' 'M' 'M' 'M' 'M' 'M' 'U' 'U' 'M' 'U' 'M'
 'M' 'M' 'M' 'U' 'M' 'M' 'U' 'M' 'M' 'M' 'M' 'M' 'M' 'M' 'M' 'M' 'M' 'M'
 'M' 'M' 'M' 'M' 'M' 'U' 'M' 'U' 'M' 'M' 'M' 'M' 'M' 'M' 'M' 'M' 'M' 'U'
 'M' 'M' 'M' 'M' 'M' 'M' 'M' 'M' 'U' 'U' 'M' 'M' 'A' 'M' 'M' 'M' 'A' 'M'
 'M' 'M' 'M' 'M' 'M' 'U' 'U' 'U' 'U' 'U' 'U' 'U' 'U' 'M' 'M' 'M' 'M' 'M'
 'M' 'M' 'M' 'M' 'M' 'M' 'M' 'M' 'M' 'U' 'U' 'U' 'M' 'M' 'M' 'U' 'M' 'U'
 'M' 'M' 'M' 'M' 'M' 'M' 'M' 'M' 'U' 'M' 'U' 'M' 'M' 'M' 'M' 'M' 'M' 'M'
 'U' 'M' 'M' 'M' 'M' 'M' 'M' 'M' 'M' 'M' 'M' 'M' 'M' 'M' 'A' 'M' 'M' 'M']"
380401,0,167,5,162,31,0,0,"['A' 'M' 'M' 'M' 'M' 'M' 'U' 'U' 'M' 'U' 'U' 'M' 'M' 'M' 'M' 'M' 'M' 'M'
 'U' 'M' 'M' 'M' 'M' 'M' 'M' 'M' 'M' 'M' 'M' 'M' 'M' 'U' 'M' 'M' 'M' 'M'
 'U' 'U' 'M' 'A' 'M' 'M' 'M' 'M' 'U' 'M' 'M' 'M' 'M' 'M' 'M' 'M' 'M' 'M'
 'M' 'M' 'M' 'M' 'M' 'M' 'M' 'M' 'M' 'M' 'M' 'M' 'U' 'M' 'M' 'M' 'M' 'M'
 'M' 'M' 'M' 'M' 'M' 'M' 'M' 'M' 'M' 'M' 'M' 'M' 'M' 'U' 'M' 'M' 'M' 'M'
 'U' 'U' 'U' 'M' 'M' 'U' 'M' 'U' 'M' 'M' 'M' 'M' 'M' 'M' 'M' 'M' 'M' 'U'
 'M' 'M' 'M' 'M' 'M' 'M' 'M' 'M' 'U' 'U' 'M' 'M' 'A' 'M' 'M' 'M' 'U' 'M'
 'M' 'M' 'M' 'M' 'M' 'U' 'M' 'M' 'U' 'U' 'A' 'M' 'U' 'M' 'M' 'M' 'M' 'M'
 'M' 'M' 'M' 'M' 'M' 'M' 'M' 'M' 'M' 'U' 'M' 'M' 'M' 'M' 'M' 'M' 'M' 'U'
 'M' 'M' 'M' 'M' 'M' 'M' 'M' 'M' 'U' 'M' 'U' 'M' 'M' 'M' 'M' 'M' 'M' 'M'
 'U' 'M' 'M' 'M' 'M' 'M' 'M' 'M' 'M' 'M' 'M' 'M' 'U' 'M' 'A' 'M' 'M' 'U']"
380501,0,162,3,159,36,1,0,"['A' 'M' 'M' 'M' 'M' 'M' 'U' 'U' 'M' 'U' 'U' 'M' 'M' 'M' 'M' 'U' 'M' 'M'
 'U' 'M' 'M' 'M' 'M' 'M' 'M' 'M' 'M' 'M' 'M' 'U' 'M' 'U' 'M' 'M' 'M' 'M'
 'U' 'U' 'M' 'U' 'M' 'M' 'M' 'M' 'U' 'M' 'M' 'U' 'M' 'U' 'M' 'M' 'M' 'M'
 'M' 'M' 'M' 'M' 'M' 'M' 'M' 'U' 'M' 'M' 'M' 'M' 'M' 'M' 'M' 'M' 'U' 'M'
 'M' 'M' 'M' 'M' 'U' 'M' 'M' 'M' 'U' 'M' 'M' 'M' 'M' 'U' 'U' 'M' 'M' 'M'
 'M' 'M' 'M' 'M' 'M' 'U' 'M' 'U' 'M' 'M' 'M' 'M' 'M' 'M' 'M' 'M' 'M' 'M'
 'M' 'M' 'M' 'M' 'M' 'M' 'M' 'M' 'M' 'U' 'M' 'M' 'U' 'M' 'M' 'M' 'U' 'M'
 'M' 'M' 'U' 'M' 'M' 'U' 'M' 'M' 'U' 'M' 'A' 'M' 'U' 'M' 'M' 'M' 'M' 'M'
 'M' 'M' 'M' 'M' 'M' 'M' 'M' 'M' 'M' 'U' 'M' 'M' 'M' 'M' 'M' 'M' 'M' 'U'
 'M' 'M' 'M' 'M' 'M' 'M' 'M' 'M' 'U' 'M' 'U' 'M' 'M' 'M' 'M' 'M' 'M' 'M'
 'M' 'M' 'M' 'M' 'M' 'M' 'M' 'M' 'M' 'M' 'M' 'U' 'U' 'M' 'A' 'M' 'M' 'U']"
380601,0,160,3,157,38,0,0,"['A' 'M' 'M' 'M' 'M' 'M' 'M' 'U' 'M' 'U' 'U' 'M' 'M' 'M' 'M' 'U' 'M' 'M'
 'U' 'M' 'M' 'M' 'M' 'M' 'M' 'M' 'M' 'M' 'M' 'U' 'M' 'M' 'M' 'M' 'M' 'M'
 'U' 'M' 'M' 'U' 'M' 'M' 'M' 'U' 'U' 'M' 'M' 'U' 'M' 'M' 'M' 'M' 'M' 'M'
 'M' 'M' 'M' 'M' 'M' 'M' 'M' 'U' 'M' 'U' 'M' 'U' 'M' 'M' 'M' 'U' 'M' 'M'
 'M' 'M' 'M' 'M' 'M' 'U' 'M' 'M' 'M' 'U' 'M' 'M' 'M' 'M' 'M' 'M' 'U' 'M'
 'M' 'M' 'M' 'M' 'M' 'U' 'M' 'U' 'M' 'M' 'M' 'M' 'M' 'M' 'M' 'M' 'M' 'M'
 'M' 'M' 'M' 'M' 'U' 'M' 'M' 'M' 'M' 'M' 'M' 'M' 'U' 'M' 'M' 'M' 'U' 'M'
 'M' 'M' 'U' 'M' 'U' 'U' 'M' 'M' 'U' 'M' 'A' 'M' 'U' 'M' 'M' 'M' 'M' 'M'
 'U' 'M' 'M' 'M' 'M' 'M' 'M' 'M' 'M' 'M' 'M' 'M' 'M' 'M' 'M' 'M' 'M' 'U'
 'M' 'M' 'M' 'U' 'M' 'M' 'M' 'M' 'U' 'M' 'U' 'M' 'M' 'M' 'U' 'M' 'M' 'M'
 'M' 'U' 'M' 'M' 'M' 'M' 'M' 'M' 'M' 'M' 'M' 'U' 'U' 'M' 'A' 'M' 'M' 'U']"
380701,0,164,3,161,34,0,0,"['A' 'M' 'M' 'M' 'M' 'M' 'M' 'U' 'M' 'M' 'M' 'M' 'M' 'M' 'M' 'M' 'M' 'M'
 'M' 'M' 'M' 'M' 'M' 'M' 'M' 'M' 'M' 'M' 'M' 'U' 'M' 'M' 'M' 'M' 'M' 'M'
 'U' 'M' 'M' 'U' 'M' 'M' 'M' 'M' 'U' 'M' 'M' 'U' 'M' 'M' 'M' 'M' 'U' 'M'
 'M' 'M' 'M' 'M' 'M' 'M' 'M' 'U' 'M' 'U' 'M' 'U' 'M' 'M' 'M' 'M' 'M' 'M'
 'M' 'U' 'M' 'U' 'M' 'M' 'M' 'M' 'M' 'M' 'U' 'M' 'M' 'M' 'M' 'M' 'M' 'M'
 'M' 'M' 'M' 'M' 'U' 'M' 'M' 'U' 'M' 'M' 'M' 'M' 'M' 'M' 'U' 'M' 'M' 'M'
 'M' 'M' 'M' 'M' 'U' 'M' 'U' 'M' 'M' 'M' 'M' 'M' 'U' 'M' 'M' 'M' 'M' 'M'
 'M' 'M' 'U' 'M' 'U' 'U' 'U' 'U' 'U' 'M' 'A' 'U' 'M' 'M' 'M' 'M' 'M' 'M'
 'U' 'M' 'M' 'U' 'M' 'M' 'M' 'M' 'M' 'M' 'M' 'M' 'M' 'M' 'U' 'M' 'M' 'U'
 'M' 'M' 'M' 'U' 'M' 'M' 'M' 'M' 'M' 'M' 'M' 'M' 'M' 'M' 'M' 'M' 'M' 'M'
 'M' 'M' 'M' 'M' 'M' 'M' 'M' 'M' 'M' 'M' 'M' 'M' 'U' 'U' 'A' 'M' 'M' 'U']"
380801,0,171,5,166,27,0,0,"['A' 'M' 'M' 'U' 'M' 'M' 'M' 'M' 'M' 'M' 'M' 'M' 'M' 'M' 'M' 'M' 'M' 'M'
 'M' 'M' 'M' 'M' 'M' 'M' 'M' 'M' 'M' 'M' 'M' 'M' 'M' 'M' 'M' 'M' 'M' 'M'
 'M' 'U' 'M' 'U' 'M' 'M' 'M' 'M' 'A' 'M' 'M' 'M' 'M' 'M' 'M' 'M' 'M' 'M'
 'M' 'M' 'M' 'M' 'M' 'M' 'M' 'U' 'M' 'U' 'M' 'M' 'M' 'U' 'U' 'M' 'U' 'M'
 'U' 'M' 'M' 'M' 'M' 'M' 'U' 'M' 'M' 'M' 'M' 'M' 'M' 'M' 'M' 'M' 'M' 'M'
 'M' 'M' 'M' 'M' 'M' 'M' 'M' 'U' 'M' 'M' 'M' 'M' 'M' 'M' 'U' 'M' 'M' 'M'
 'M' 'M' 'M' 'M' 'U' 'M' 'M' 'M' 'M' 'M' 'M' 'M' 'U' 'M' 'M' 'M' 'M' 'M'
 'M' 'M' 'U' 'M' 'M' 'U' 'U' 'M' 'U' 'U' 'A' 'U' 'M' 'M' 'M' 'M' 'M' 'M'
 'U' 'M' 'M' 'U' 'M' 'M' 'M' 'M' 'M' 'M' 'M' 'U' 'M' 'M' 'U' 'M' 'M' 'U'
 'M' 'M' 'M' 'A' 'M' 'M' 'M' 'M' 'M' 'M' 'M' 'M' 'M' 'M' 'M' 'M' 'M' 'M'
 'M' 'M' 'M' 'M' 'M' 'M' 'M' 'M' 'M' 'M' 'M' 'M' 'U' 'M' 'A' 'M' 'M' 'U']"
380901,0,168,5,163,30,0,0,"['A' 'M' 'M' 'M' 'M' 'M' 'M' 'M' 'M' 'M' 'M' 'U' 'M' 'M' 'M' 'M' 'M' 'M'
 'M' 'M' 'M' 'M' 'M' 'M' 'M' 'M' 'M' 'M' 'M' 'M' 'M' 'M' 'M' 'M' 'M' 'M'
 'U' 'M' 'M' 'U' 'M' 'M' 'M' 'M' 'A' 'M' 'M' 'M' 'U' 'U' 'M' 'M' 'M' 'M'
 'M' 'U' 'M' 'M' 'M' 'M' 'M' 'U' 'M' 'U' 'M' 'M' 'M' 'M' 'U' 'M' 'M' 'M'
 'M' 'M' 'M' 'M' 'M' 'U' 'M' 'U' 'M' 'M' 'M' 'M' 'M' 'M' 'U' 'M' 'M' 'U'
 'M' 'M' 'M' 'M' 'M' 'M' 'M' 'M' 'M' 'M' 'M' 'M' 'M' 'M' 'U' 'M' 'M' 'M'
 'M' 'M' 'M' 'M' 'U' 'M' 'M' 'M' 'M' 'M' 'M' 'M' 'U' 'M' 'M' 'U' 'M' 'M'
 'M' 'M' 'U' 'M' 'M' 'U' 'U' 'M' 'U' 'M' 'A' 'U' 'M' 'M' 'M' 'M' 'M' 'U'
 'M' 'M' 'M' 'U' 'M' 'M' 'M' 'M' 'M' 'M' 'M' 'U' 'M' 'M' 'U' 'M' 'M' 'U'
 'M' 'M' 'M' 'A' 'M' 'U' 'M' 'M' 'M' 'M' 'M' 'M' 'M' 'M' 'U' 'M' 'M' 'M'
 'M' 'M' 'M' 'M' 'M' 'M' 'M' 'M' 'M' 'M' 'M' 'M' 'M' 'M' 'A' 'M' 'M' 'U']"
381001,0,165,3,162,33,0,0,"['A' 'M' 'M' 'M' 'M' 'M' 'M' 'M' 'M' 'M' 'M' 'M' 'M' 'M' 'M' 'M' 'M' 'M'
 'M' 'M' 'M' 'M' 'M' 'M' 'M' 'M' 'M' 'M' 'M' 'U' 'M' 'M' 'M' 'M' 'M' 'M'
 'U' 'M' 'M' 'U' 'M' 'M' 'M' 'M' 'A' 'M' 'M' 'M' 'M' 'U' 'M' 'M' 'M' 'M'
 'M' 'M' 'M' 'M' 'M' 'M' 'M' 'U' 'M' 'U' 'M' 'M' 'M' 'M' 'M' 'M' 'M' 'M'
 'M' 'U' 'M' 'M' 'M' 'M' 'U' 'U' 'M' 'M' 'M' 'U' 'M' 'M' 'M' 'U' 'M' 'M'
 'M' 'M' 'M' 'M' 'M' 'M' 'M' 'M' 'M' 'U' 'M' 'M' 'M' 'M' 'M' 'M' 'M' 'M'
 'M' 'M' 'M' 'M' 'U' 'M' 'M' 'M' 'M' 'M' 'M' 'M' 'U' 'M' 'M' 'U' 'M' 'M'
 'M' 'U' 'U' 'M' 'M' 'M' 'U' 'M' 'M' 'M' 'A' 'U' 'M' 'M' 'M' 'M' 'M' 'M'
 'M' 'M' 'M' 'U' 'M' 'M' 'U' 'M' 'U' 'M' 'M' 'U' 'M' 'M' 'U' 'M' 'M' 'U'
 'M' 'M' 'M' 'U' 'M' 'U' 'U' 'M' 'M' 'M' 'M' 'M' 'M' 'M' 'U' 'M' 'M' 'M'
 'M' 'M' 'M' 'M' 'U' 'M' 'U' 'M' 'M' 'M' 'M' 'M' 'M' 'M' 'U' 'M' 'M' 'U']"
381101,0,170,3,167,28,0,0,"['A' 'U' 'M' 'M' 'M' 'M' 'M' 'M' 'M' 'M' 'M' 'M' 'M' 'M' 'M' 'M' 'M' 'M'
 'M' 'U' 'M' 'M' 'M' 'M' 'M' 'M' 'M' 'M' 'M' 'U' 'M' 'M' 'M' 'M' 'M' 'M'
 'U' 'M' 'M' 'U' 'M' 'M' 'U' 'M' 'A' 'M' 'M' 'M' 'M' 'M' 'M' 'M' 'M' 'M'
 'M' 'M' 'M' 'M' 'M' 'M' 'M' 'U' 'M' 'M' 'M' 'M' 'M' 'M' 'M' 'M' 'M' 'M'
 'M' 'M' 'M' 'M' 'M' 'M' 'U' 'M' 'M' 'M' 'U' 'M' 'M' 'M' 'M' 'U' 'M' 'M'
 'M' 'U' 'M' 'M' 'U' 'M' 'M' 'M' 'M' 'U' 'M' 'M' 'M' 'M' 'M' 'M' 'M' 'M'
 'M' 'M' 'M' 'M' 'U' 'M' 'M' 'M' 'M' 'M' 'M' 'M' 'U' 'M' 'U' 'U' 'M' 'M'
 'M' 'M' 'M' 'M' 'M' 'M' 'M' 'M' 'M' 'M' 'A' 'U' 'M' 'M' 'M' 'M' 'M' 'M'
 'M' 'M' 'M' 'M' 'M' 'M' 'U' 'M' 'U' 'M' 'M' 'M' 'M' 'M' 'U' 'M' 'M' 'U'
 'M' 'M' 'M' 'U' 'M' 'U' 'M' 'M' 'M' 'M' 'M' 'M' 'M' 'M' 'U' 'M' 'M' 'M'
 'M' 'M' 'M' 'M' 'U' 'M' 'U' 'M' 'M' 'M' 'M' 'M' 'M' 'M' 'M' 'M' 'M' 'U']"
381201,0,167,3,164,31,0,1,"['A' 'U' 'M' 'M' 'M' 'M' 'M' 'M' 'M' 'M' 'M' 'M' 'U' 'M' 'M' 'U' 'M' 'M'
 'M' 'M' 'M' 'M' 'M' 'M' 'M' 'M' 'M' 'M' 'M' 'U' 'M' 'M' 'M' 'M' 'M' 'M'
 'U' 'M' 'M' 'U' 'M' 'M' 'M' 'M' 'A' 'M' 'M' 'M' 'M' 'M' 'M' 'M' 'M' 'M'
 'M' 'M' 'M' 'M' 'U' 'M' 'M' 'U' 'M' 'M' 'M' 'M' 'M' 'U' 'M' 'M' 'M' 'M'
 'M' 'M' 'U' 'M' 'M' 'M' 'M' 'M' 'M' 'M' 'M' 'U' 'M' 'M' 'M' 'M' 'M' 'M'
 'M' 'U' 'M' 'U' 'M' 'M' 'M' 'M' 'M' 'U' 'M' 'M' 'M' 'U' 'M' 'M' 'M' 'M'
 'M' 'M' 'U' 'M' 'U' 'M' 'U' 'M' 'M' 'M' 'M' 'M' 'U' 'M' 'U' 'U' 'M' 'M'
 'M' 'M' 'M' 'M' 'M' 'M' 'M' 'M' 'M' 'U' 'A' 'M' 'M' 'M' 'U' 'M' 'M' 'M'
 'M' 'M' 'M' 'M' 'M' 'U' 'M' 'M' 'U' 'M' 'M' 'M' 'M' 'M' 'U' 'M' 'M' 'U'
 'M' 'M' 'M' 'U' 'M' 'U' 'M' 'M' 'M' 'M' 'M' 'M' 'M' 'M' 'M' 'M' 'M' 'M'
 'M' 'M' 'M' 'M' 'U' 'M' 'M' 'M' 'M' 'M' 'M' 'M' 'M' 'M' 'M' 'M' 'M' 'U']"
381301,0,171,5,166,27,0,1,"['A' 'U' 'M' 'M' 'M' 'M' 'M' 'M' 'M' 'M' 'M' 'M' 'U' 'M' 'M' 'M' 'M' 'M'
 'M' 'M' 'M' 'M' 'M' 'M' 'M' 'M' 'M' 'M' 'M' 'U' 'M' 'M' 'M' 'M' 'M' 'M'
 'U' 'M' 'M' 'M' 'M' 'M' 'M' 'M' 'A' 'M' 'M' 'M' 'M' 'M' 'M' 'M' 'M' 'M'
 'M' 'M' 'M' 'M' 'U' 'M' 'M' 'A' 'M' 'M' 'M' 'M' 'U' 'M' 'M' 'M' 'U' 'M'
 'M' 'M' 'M' 'M' 'U' 'M' 'M' 'M' 'M' 'U' 'M' 'M' 'M' 'M' 'U' 'M' 'M' 'M'
 'M' 'M' 'M' 'M' 'M' 'U' 'M' 'M' 'M' 'U' 'M' 'M' 'M' 'U' 'M' 'M' 'M' 'M'
 'M' 'M' 'U' 'M' 'M' 'M' 'M' 'M' 'M' 'M' 'M' 'M' 'U' 'M' 'M' 'U' 'M' 'M'
 'M' 'M' 'M' 'M' 'M' 'M' 'M' 'M' 'M' 'U' 'A' 'M' 'M' 'M' 'U' 'M' 'M' 'M'
 'M' 'M' 'M' 'M' 'M' 'M' 'U' 'M' 'U' 'M' 'M' 'M' 'M' 'M' 'M' 'M' 'M' 'U'
 'M' 'M' 'M' 'U' 'M' 'A' 'M' 'M' 'M' 'U' 'M' 'M' 'M' 'M' 'M' 'U' 'M' 'M'
 'M' 'M' 'M' 'M' 'U' 'M' 'M' 'M' 'M' 'U' 'M' 'M' 'M' 'M' 'M' 'M' 'M' 'U']"
381401,0,171,3,168,27,0,0,"['A' 'U' 'M' 'M' 'M' 'U' 'M' 'M' 'M' 'M' 'M' 'M' 'U' 'M' 'M' 'M' 'M' 'M'
 'M' 'M' 'M' 'M' 'M' 'M' 'M' 'M' 'M' 'M' 'M' 'U' 'M' 'M' 'M' 'M' 'M' 'M'
 'M' 'M' 'M' 'M' 'M' 'M' 'M' 'M' 'M' 'M' 'M' 'M' 'M' 'M' 'M' 'M' 'M' 'M'
 'M' 'M' 'M' 'M' 'M' 'M' 'M' 'A' 'M' 'M' 'M' 'M' 'M' 'U' 'M' 'M' 'M' 'M'
 'M' 'M' 'M' 'U' 'M' 'U' 'M' 'M' 'M' 'M' 'M' 'M' 'M' 'M' 'M' 'M' 'M' 'M'
 'U' 'M' 'M' 'M' 'U' 'U' 'M' 'M' 'M' 'U' 'M' 'M' 'M' 'U' 'M' 'M' 'M' 'M'
 'M' 'M' 'U' 'M' 'M' 'M' 'M' 'M' 'M' 'M' 'M' 'M' 'M' 'M' 'M' 'U' 'M' 'M'
 'M' 'M' 'M' 'M' 'M' 'M' 'M' 'M' 'M' 'U' 'U' 'M' 'M' 'M' 'U' 'M' 'M' 'M'
 'M' 'M' 'M' 'M' 'M' 'M' 'U' 'M' 'U' 'M' 'M' 'M' 'M' 'M' 'M' 'M' 'U' 'M'
 'M' 'M' 'M' 'U' 'M' 'A' 'M' 'M' 'M' 'U' 'M' 'M' 'M' 'M' 'M' 'U' 'M' 'M'
 'M' 'M' 'M' 'U' 'U' 'M' 'M' 'M' 'M' 'U' 'M' 'M' 'M' 'M' 'M' 'M' 'M' 'U']"
381501,0,170,2,168,28,0,0,"['A' 'U' 'M' 'M' 'M' 'M' 'M' 'M' 'M' 'M' 'M' 'M' 'M' 'M' 'M' 'U' 'M' 'M'
 'M' 'U' 'M' 'M' 'M' 'M' 'M' 'M' 'M' 'M' 'M' 'M' 'M' 'M' 'M' 'U' 'M' 'M'
 'M' 'M' 'M' 'M' 'M' 'M' 'M' 'M' 'M' 'M' 'M' 'M' 'M' 'M' 'M' 'M' 'M' 'M'
 'M' 'M' 'M' 'U' 'M' 'M' 'M' 'U' 'M' 'M' 'M' 'M' 'M' 'M' 'M' 'M' 'M' 'M'
 'M' 'M' 'M' 'M' 'M' 'M' 'U' 'M' 'U' 'M' 'M' 'M' 'U' 'M' 'M' 'M' 'U' 'M'
 'U' 'M' 'M' 'M' 'M' 'U' 'M' 'M' 'M' 'U' 'M' 'M' 'M' 'U' 'M' 'M' 'U' 'M'
 'M' 'M' 'U' 'M' 'M' 'M' 'M' 'M' 'M' 'M' 'U' 'M' 'M' 'U' 'M' 'U' 'M' 'M'
 'M' 'M' 'M' 'M' 'M' 'M' 'M' 'M' 'M' 'U' 'M' 'M' 'M' 'M' 'M' 'U' 'M' 'M'
 'M' 'M' 'M' 'M' 'M' 'M' 'U' 'M' 'M' 'M' 'M' 'M' 'M' 'M' 'M' 'M' 'U' 'M'
 'M' 'M' 'M' 'U' 'M' 'A' 'M' 'M' 'M' 'M' 'M' 'M' 'M' 'M' 'U' 'U' 'M' 'M'
 'M' 'M' 'M' 'M' 'M' 'M' 'M' 'M' 'M' 'U' 'M' 'M' 'M' 'M' 'M' 'M' 'M' 'U']"
381601,0,166,2,164,32,0,0,"['A' 'U' 'M' 'M' 'M' 'M' 'M' 'M' 'M' 'M' 'M' 'M' 'M' 'M' 'M' 'M' 'M' 'M'
 'M' 'U' 'M' 'U' 'M' 'M' 'M' 'M' 'M' 'M' 'M' 'M' 'M' 'M' 'M' 'M' 'M' 'M'
 'M' 'M' 'M' 'M' 'U' 'M' 'M' 'M' 'M' 'M' 'M' 'M' 'M' 'M' 'M' 'M' 'U' 'M'
 'U' 'M' 'M' 'U' 'M' 'M' 'U' 'U' 'M' 'M' 'M' 'M' 'M' 'M' 'U' 'M' 'M' 'M'
 'M' 'M' 'M' 'M' 'M' 'M' 'M' 'M' 'M' 'U' 'M' 'M' 'M' 'U' 'M' 'M' 'U' 'M'
 'M' 'M' 'M' 'U' 'M' 'U' 'M' 'M' 'U' 'M' 'M' 'M' 'M' 'M' 'M' 'U' 'U' 'M'
 'M' 'M' 'M' 'M' 'M' 'M' 'M' 'M' 'M' 'M' 'U' 'M' 'M' 'U' 'M' 'U' 'M' 'M'
 'U' 'M' 'M' 'M' 'M' 'M' 'M' 'M' 'M' 'U' 'M' 'M' 'M' 'M' 'M' 'U' 'M' 'M'
 'M' 'M' 'M' 'M' 'M' 'M' 'U' 'M' 'M' 'M' 'M' 'M' 'M' 'M' 'M' 'M' 'U' 'M'
 'M' 'M' 'M' 'U' 'M' 'A' 'M' 'M' 'M' 'M' 'M' 'M' 'M' 'M' 'U' 'U' 'U' 'M'
 'M' 'M' 'M' 'M' 'M' 'M' 'M' 'M' 'M' 'U' 'M' 'M' 'M' 'M' 'M' 'M' 'M' 'U']"
381701,0,163,1,162,35,0,0,"['A' 'U' 'M' 'M' 'M' 'M' 'M' 'M' 'M' 'M' 'M' 'M' 'M' 'M' 'M' 'M' 'M' 'U'
 'M' 'U' 'M' 'U' 'M' 'M' 'M' 'M' 'M' 'M' 'M' 'U' 'M' 'M' 'M' 'M' 'M' 'M'
 'M' 'M' 'M' 'M' 'U' 'M' 'M' 'M' 'M' 'M' 'M' 'M' 'M' 'M' 'U' 'M' 'U' 'M'
 'U' 'M' 'M' 'M' 'M' 'M' 'U' 'U' 'M' 'M' 'M' 'U' 'M' 'U' 'M' 'M' 'U' 'M'
 'M' 'M' 'M' 'U' 'M' 'M' 'M' 'M' 'M' 'M' 'M' 'U' 'M' 'M' 'M' 'M' 'M' 'M'
 'M' 'M' 'M' 'M' 'M' 'U' 'M' 'M' 'M' 'M' 'M' 'M' 'M' 'M' 'M' 'U' 'U' 'M'
 'M' 'M' 'M' 'U' 'M' 'M' 'M' 'U' 'M' 'M' 'U' 'M' 'U' 'M' 'M' 'U' 'M' 'M'
 'U' 'M' 'M' 'M' 'M' 'M' 'M' 'M' 'M' 'M' 'M' 'M' 'M' 'M' 'M' 'U' 'M' 'M'
 'M' 'M' 'M' 'M' 'U' 'M' 'M' 'M' 'U' 'U' 'M' 'M' 'M' 'M' 'M' 'M' 'U' 'M'
 'M' 'M' 'M' 'U' 'M' 'U' 'M' 'M' 'M' 'M' 'M' 'M' 'M' 'M' 'U' 'M' 'M' 'M'
 'M' 'M' 'M' 'M' 'M' 'M' 'M' 'M' 'M' 'U' 'U' 'M' 'M' 'M' 'M' 'M' 'M' 'M']"
381801,0,164,2,162,34,0,0,"['A' 'U' 'M' 'M' 'M' 'M' 'M' 'M' 'M' 'M' 'M' 'M' 'M' 'M' 'M' 'M' 'M' 'U'
 'M' 'U' 'M' 'U' 'M' 'U' 'M' 'M' 'M' 'M' 'M' 'U' 'M' 'M' 'M' 'M' 'M' 'M'
 'M' 'M' 'M' 'M' 'M' 'M' 'M' 'M' 'M' 'U' 'U' 'M' 'M' 'M' 'U' 'M' 'M' 'M'
 'U' 'M' 'M' 'M' 'M' 'M' 'U' 'U' 'M' 'M' 'M' 'M' 'M' 'U' 'U' 'M' 'M' 'M'
 'M' 'M' 'M' 'M' 'M' 'U' 'M' 'M' 'M' 'M' 'M' 'M' 'M' 'U' 'M' 'M' 'M' 'M'
 'M' 'M' 'M' 'M' 'U' 'U' 'M' 'U' 'M' 'M' 'M' 'M' 'M' 'M' 'M' 'U' 'U' 'M'
 'M' 'M' 'M' 'U' 'M' 'U' 'M' 'U' 'M' 'M' 'U' 'M' 'M' 'M' 'M' 'M' 'M' 'M'
 'A' 'M' 'M' 'M' 'M' 'M' 'M' 'M' 'M' 'U' 'M' 'M' 'M' 'M' 'M' 'U' 'M' 'M'
 'M' 'M' 'M' 'M' 'U' 'M' 'M' 'M' 'U' 'U' 'M' 'M' 'M' 'M' 'M' 'M' 'U' 'M'
 'M' 'M' 'M' 'M' 'M' 'U' 'M' 'M' 'M' 'M' 'M' 'M' 'M' 'M' 'M' 'M' 'M' 'M'
 'M' 'U' 'M' 'M' 'M' 'M' 'M' 'M' 'M' 'M' 'U' 'M' 'M' 'M' 'M' 'M' 'M' 'M']"
381901,0,164,3,161,34,0,0,"['A' 'M' 'M' 'M' 'M' 'M' 'M' 'M' 'M' 'M' 'M' 'M' 'U' 'M' 'M' 'M' 'M' 'U'
 'M' 'U' 'U' 'U' 'M' 'U' 'M' 'M' 'M' 'M' 'M' 'U' 'M' 'M' 'M' 'M' 'M' 'M'
 'M' 'U' 'M' 'M' 'M' 'M' 'M' 'M' 'M' 'U' 'U' 'M' 'M' 'M' 'U' 'M' 'M' 'M'
 'U' 'M' 'M' 'U' 'M' 'M' 'M' 'U' 'M' 'M' 'M' 'M' 'M' 'U' 'M' 'M' 'M' 'M'
 'M' 'M' 'M' 'U' 'M' 'M' 'U' 'M' 'M' 'M' 'M' 'M' 'M' 'M' 'M' 'U' 'M' 'M'
 'M' 'M' 'M' 'M' 'U' 'U' 'M' 'M' 'M' 'M' 'M' 'M' 'M' 'M' 'M' 'U' 'U' 'M'
 'U' 'M' 'M' 'U' 'M' 'U' 'M' 'M' 'M' 'M' 'U' 'M' 'M' 'M' 'M' 'M' 'M' 'M'
 'A' 'M' 'M' 'U' 'M' 'M' 'U' 'M' 'M' 'U' 'M' 'M' 'M' 'M' 'M' 'U' 'M' 'M'
 'M' 'M' 'M' 'M' 'M' 'M' 'M' 'M' 'U' 'M' 'M' 'M' 'M' 'M' 'M' 'M' 'M' 'M'
 'M' 'M' 'M' 'M' 'M' 'M' 'M' 'M' 'U' 'M' 'M' 'U' 'M' 'M' 'M' 'M' 'M' 'M'
 'M' 'U' 'M' 'M' 'M' 'M' 'M' 'M' 'M' 'M' 'A' 'M' 'M' 'M' 'M' 'M' 'M' 'M']"
382001,0,166,4,162,32,0,0,"['A' 'M' 'M' 'M' 'M' 'M' 'M' 'M' 'M' 'M' 'M' 'M' 'M' 'M' 'M' 'M' 'M' 'U'
 'M' 'U' 'U' 'U' 'M' 'A' 'M' 'M' 'M' 'M' 'M' 'M' 'M' 'M' 'M' 'M' 'M' 'M'
 'M' 'U' 'M' 'M' 'M' 'M' 'M' 'M' 'M' 'M' 'M' 'M' 'M' 'M' 'U' 'M' 'M' 'M'
 'U' 'M' 'M' 'U' 'M' 'M' 'M' 'U' 'M' 'M' 'M' 'M' 'M' 'M' 'U' 'M' 'M' 'M'
 'M' 'M' 'M' 'U' 'M' 'M' 'M' 'M' 'M' 'M' 'M' 'M' 'M' 'U' 'M' 'U' 'M' 'M'
 'U' 'M' 'M' 'M' 'M' 'M' 'M' 'M' 'M' 'U' 'M' 'M' 'M' 'M' 'M' 'U' 'U' 'M'
 'U' 'M' 'M' 'U' 'M' 'U' 'M' 'U' 'M' 'M' 'U' 'M' 'M' 'M' 'M' 'M' 'M' 'M'
 'A' 'M' 'U' 'M' 'M' 'M' 'M' 'M' 'M' 'U' 'M' 'M' 'M' 'M' 'M' 'U' 'M' 'M'
 'M' 'M' 'U' 'M' 'M' 'M' 'M' 'M' 'M' 'M' 'M' 'M' 'U' 'U' 'M' 'M' 'M' 'M'
 'M' 'M' 'M' 'M' 'M' 'M' 'M' 'M' 'U' 'M' 'M' 'U' 'M' 'M' 'M' 'M' 'M' 'M'
 'M' 'U' 'M' 'M' 'M' 'M' 'M' 'M' 'M' 'M' 'A' 'M' 'U' 'M' 'M' 'M' 'M' 'M']"
382101,0,165,4,161,33,0,0,"['A' 'M' 'M' 'M' 'M' 'M' 'M' 'M' 'U' 'M' 'M' 'M' 'M' 'M' 'M' 'M' 'M' 'U'
 'M' 'U' 'U' 'M' 'M' 'A' 'M' 'M' 'M' 'M' 'M' 'M' 'U' 'M' 'M' 'M' 'M' 'M'
 'M' 'U' 'M' 'M' 'M' 'M' 'M' 'M' 'U' 'M' 'M' 'M' 'M' 'M' 'U' 'M' 'M' 'M'
 'U' 'M' 'M' 'U' 'M' 'M' 'M' 'U' 'M' 'M' 'M' 'M' 'M' 'M' 'M' 'M' 'M' 'U'
 'M' 'M' 'M' 'M' 'U' 'M' 'M' 'M' 'M' 'M' 'U' 'M' 'M' 'M' 'M' 'U' 'U' 'M'
 'M' 'M' 'M' 'M' 'M' 'M' 'M' 'M' 'M' 'U' 'M' 'M' 'M' 'M' 'M' 'U' 'M' 'M'
 'M' 'U' 'M' 'U' 'M' 'M' 'M' 'U' 'M' 'M' 'U' 'M' 'M' 'M' 'M' 'M' 'M' 'M'
 'A' 'M' 'U' 'M' 'M' 'M' 'M' 'M' 'M' 'U' 'M' 'M' 'M' 'M' 'M' 'M' 'U' 'M'
 'U' 'M' 'U' 'M' 'M' 'M' 'M' 'M' 'M' 'M' 'M' 'M' 'U' 'U' 'M' 'M' 'M' 'M'
 'M' 'M' 'M' 'M' 'M' 'M' 'M' 'M' 'U' 'M' 'M' 'U' 'M' 'M' 'M' 'M' 'M' 'M'
 'M' 'U' 'M' 'M' 'M' 'M' 'M' 'M' 'M' 'M' 'A' 'M' 'U' 'M' 'M' 'M' 'M' 'M']"
382201,0,162,3,159,36,0,0,"['A' 'M' 'M' 'M' 'M' 'M' 'M' 'M' 'U' 'M' 'M' 'M' 'M' 'M' 'M' 'M' 'M' 'U'
 'U' 'M' 'M' 'M' 'M' 'A' 'M' 'M' 'M' 'M' 'U' 'M' 'U' 'M' 'M' 'M' 'M' 'M'
 'M' 'M' 'M' 'U' 'M' 'M' 'M' 'M' 'U' 'M' 'M' 'M' 'M' 'M' 'U' 'M' 'M' 'M'
 'U' 'M' 'M' 'U' 'M' 'M' 'M' 'U' 'M' 'M' 'M' 'M' 'U' 'U' 'M' 'U' 'M' 'M'
 'M' 'M' 'U' 'M' 'M' 'M' 'M' 'M' 'M' 'M' 'U' 'M' 'M' 'M' 'M' 'M' 'M' 'M'
 'M' 'M' 'M' 'M' 'M' 'M' 'M' 'M' 'M' 'U' 'M' 'M' 'M' 'M' 'M' 'U' 'M' 'M'
 'M' 'U' 'M' 'U' 'M' 'M' 'M' 'M' 'M' 'M' 'U' 'M' 'M' 'U' 'M' 'M' 'M' 'M'
 'A' 'M' 'M' 'U' 'M' 'M' 'M' 'M' 'M' 'U' 'M' 'M' 'M' 'M' 'M' 'M' 'U' 'M'
 'U' 'M' 'U' 'M' 'M' 'M' 'M' 'M' 'M' 'M' 'M' 'M' 'M' 'U' 'M' 'M' 'M' 'M'
 'M' 'M' 'M' 'M' 'M' 'U' 'M' 'M' 'U' 'M' 'M' 'U' 'M' 'M' 'U' 'M' 'M' 'M'
 'M' 'M' 'M' 'M' 'M' 'M' 'M' 'M' 'M' 'M' 'U' 'M' 'M' 'U' 'M' 'U' 'U' 'M']"
382301,0,162,5,157,36,0,0,"['A' 'M' 'M' 'M' 'M' 'M' 'M' 'M' 'M' 'M' 'M' 'M' 'M' 'M' 'M' 'M' 'M' 'U'
 'A' 'M' 'M' 'M' 'M' 'A' 'M' 'M' 'M' 'M' 'U' 'M' 'M' 'M' 'M' 'M' 'U' 'M'
 'M' 'M' 'M' 'M' 'M' 'M' 'M' 'U' 'U' 'M' 'M' 'U' 'M' 'M' 'U' 'M' 'M' 'M'
 'U' 'M' 'M' 'M' 'M' 'M' 'M' 'U' 'M' 'M' 'M' 'M' 'M' 'M' 'M' 'U' 'U' 'M'
 'M' 'M' 'M' 'M' 'M' 'M' 'M' 'M' 'M' 'M' 'M' 'M' 'M' 'M' 'M' 'U' 'U' 'M'
 'M' 'M' 'M' 'U' 'M' 'M' 'M' 'U' 'M' 'U' 'M' 'U' 'M' 'M' 'M' 'U' 'M' 'M'
 'M' 'U' 'M' 'U' 'M' 'M' 'U' 'M' 'M' 'M' 'U' 'M' 'M' 'U' 'M' 'M' 'M' 'U'
 'A' 'M' 'M' 'A' 'M' 'M' 'M' 'M' 'M' 'M' 'M' 'M' 'M' 'M' 'M' 'M' 'U' 'M'
 'U' 'M' 'U' 'M' 'M' 'M' 'M' 'M' 'U' 'M' 'M' 'M' 'M' 'M' 'U' 'M' 'M' 'M'
 'M' 'M' 'M' 'M' 'M' 'M' 'M' 'M' 'U' 'M' 'M' 'U' 'M' 'M' 'M' 'M' 'U' 'M'
 'M' 'M' 'M' 'M' 'M' 'M' 'M' 'M' 'M' 'M' 'U' 'M' 'M' 'U' 'M' 'U' 'U' 'M']"
382401,0,157,5,152,41,0,0,"['A' 'M' 'M' 'M' 'M' 'M' 'M' 'M' 'M' 'M' 'M' 'M' 'M' 'M' 'M' 'M' 'M' 'U'
 'A' 'M' 'M' 'M' 'M' 'A' 'M' 'M' 'M' 'M' 'U' 'M' 'M' 'M' 'M' 'M' 'U' 'M'
 'M' 'M' 'M' 'M' 'U' 'M' 'M' 'U' 'U' 'M' 'M' 'U' 'M' 'M' 'U' 'M' 'M' 'M'
 'U' 'M' 'M' 'M' 'M' 'M' 'M' 'U' 'M' 'M' 'M' 'U' 'M' 'U' 'M' 'M' 'M' 'M'
 'M' 'M' 'U' 'M' 'M' 'M' 'U' 'M' 'M' 'M' 'U' 'M' 'M' 'M' 'M' 'M' 'M' 'M'
 'M' 'M' 'M' 'M' 'M' 'M' 'M' 'U' 'M' 'U' 'U' 'U' 'M' 'M' 'M' 'U' 'U' 'M'
 'M' 'U' 'M' 'M' 'M' 'M' 'U' 'M' 'M' 'M' 'M' 'M' 'M' 'U' 'M' 'M' 'M' 'U'
 'A' 'M' 'M' 'A' 'M' 'M' 'U' 'U' 'U' 'U' 'U' 'U' 'U' 'M' 'M' 'M' 'M' 'M'
 'U' 'M' 'U' 'M' 'M' 'M' 'M' 'M' 'U' 'M' 'M' 'M' 'M' 'M' 'U' 'M' 'U' 'M'
 'M' 'U' 'M' 'M' 'M' 'M' 'M' 'M' 'M' 'M' 'M' 'U' 'M' 'M' 'M' 'M' 'U' 'M'
 'M' 'M' 'M' 'M' 'M' 'M' 'M' 'M' 'M' 'M' 'M' 'M' 'M' 'U' 'M' 'M' 'M' 'M']"
382501,1,158,6,152,40,0,0,"['A' 'M' 'M' 'M' 'M' 'U' 'M' 'M' 'M' 'M' 'M' 'M' 'M' 'M' 'M' 'M' 'M' 'U'
 'A' 'M' 'M' 'M' 'M' 'A' 'M' 'M' 'U' 'M' 'U' 'M' 'M' 'M' 'M' 'M' 'M' 'M'
 'M' 'M' 'M' 'M' 'U' 'M' 'M' 'U' 'M' 'M' 'M' 'U' 'M' 'M' 'U' 'M' 'M' 'M'
 'M' 'M' 'M' 'M' 'M' 'M' 'M' 'M' 'M' 'U' 'M' 'U' 'M' 'M' 'M' 'M' 'U' 'M'
 'M' 'M' 'M' 'M' 'M' 'M' 'M' 'M' 'M' 'M' 'U' 'M' 'M' 'M' 'M' 'M' 'U' 'M'
 'M' 'M' 'M' 'U' 'M' 'M' 'U' 'U' 'M' 'U' 'U' 'U' 'M' 'M' 'M' 'U' 'U' 'M'
 'M' 'U' 'M' 'M' 'M' 'M' 'U' 'M' 'M' 'M' 'M' 'U' 'M' 'U' 'M' 'M' 'M' 'M'
 'A' 'M' 'M' 'A' 'M' 'U' 'U' 'U' 'U' 'U' 'U' 'U' 'U' 'M' 'M' 'M' 'M' 'M'
 'U' 'M' 'U' 'M' 'M' 'M' 'M' 'M' 'M' 'M' 'M' 'M' 'M' 'M' 'M' 'M' 'A' 'U'
 'M' 'M' 'U' 'M' 'M' 'M' 'M' 'M' 'M' 'M' 'M' 'U' 'M' 'M' 'M' 'M' 'U' 'M'
 'M' 'M' 'M' 'M' 'M' 'M' 'M' 'M' 'M' 'M' 'M' 'M' 'M' 'U' 'M' 'M' 'M' 'M']"
382601,0,156,7,149,42,0,0,"['A' 'M' 'M' 'M' 'M' 'M' 'M' 'M' 'M' 'U' 'M' 'M' 'M' 'M' 'M' 'M' 'M' 'U'
 'A' 'M' 'M' 'M' 'M' 'A' 'M' 'M' 'U' 'M' 'U' 'M' 'M' 'M' 'M' 'M' 'M' 'M'
 'M' 'M' 'M' 'M' 'M' 'M' 'M' 'U' 'M' 'M' 'M' 'U' 'M' 'M' 'M' 'M' 'U' 'M'
 'M' 'U' 'M' 'M' 'M' 'M' 'M' 'M' 'M' 'U' 'M' 'M' 'M' 'M' 'M' 'M' 'M' 'M'
 'U' 'U' 'M' 'M' 'M' 'M' 'M' 'M' 'M' 'M' 'M' 'M' 'U' 'M' 'M' 'M' 'U' 'M'
 'M' 'U' 'M' 'M' 'M' 'M' 'U' 'U' 'M' 'U' 'U' 'U' 'M' 'M' 'M' 'U' 'U' 'M'
 'M' 'U' 'M' 'M' 'M' 'M' 'U' 'A' 'M' 'M' 'M' 'U' 'M' 'U' 'M' 'U' 'M' 'M'
 'A' 'M' 'M' 'A' 'M' 'U' 'M' 'M' 'U' 'U' 'U' 'U' 'U' 'M' 'M' 'M' 'M' 'M'
 'U' 'M' 'U' 'M' 'M' 'M' 'M' 'M' 'M' 'M' 'M' 'M' 'M' 'M' 'M' 'M' 'A' 'U'
 'M' 'M' 'U' 'M' 'M' 'U' 'M' 'U' 'M' 'M' 'M' 'U' 'U' 'M' 'M' 'M' 'U' 'M'
 'M' 'M' 'M' 'M' 'M' 'M' 'M' 'M' 'M' 'M' 'M' 'M' 'M' 'U' 'M' 'M' 'M' 'M']"
382701,0,158,8,150,40,0,0,"['A' 'M' 'M' 'M' 'M' 'M' 'M' 'M' 'M' 'M' 'M' 'M' 'M' 'M' 'M' 'M' 'M' 'U'
 'A' 'M' 'M' 'M' 'M' 'U' 'M' 'M' 'U' 'M' 'M' 'M' 'M' 'M' 'M' 'M' 'M' 'M'
 'M' 'M' 'M' 'M' 'M' 'M' 'M' 'U' 'M' 'M' 'M' 'U' 'M' 'M' 'M' 'M' 'A' 'M'
 'M' 'M' 'M' 'M' 'M' 'M' 'M' 'U' 'M' 'U' 'M' 'M' 'U' 'U' 'M' 'M' 'M' 'M'
 'M' 'U' 'M' 'M' 'M' 'M' 'M' 'M' 'M' 'M' 'M' 'M' 'M' 'U' 'U' 'M' 'M' 'M'
 'M' 'M' 'M' 'M' 'M' 'M' 'U' 'M' 'M' 'U' 'U' 'M' 'M' 'U' 'M' 'M' 'M' 'M'
 'M' 'U' 'M' 'M' 'U' 'M' 'U' 'A' 'M' 'M' 'M' 'U' 'M' 'U' 'M' 'U' 'M' 'M'
 'U' 'M' 'M' 'A' 'M' 'U' 'U' 'U' 'M' 'U' 'A' 'M' 'U' 'M' 'U' 'M' 'M' 'M'
 'U' 'M' 'U' 'M' 'M' 'M' 'M' 'M' 'M' 'M' 'M' 'M' 'M' 'M' 'M' 'M' 'A' 'U'
 'M' 'M' 'U' 'M' 'M' 'U' 'M' 'U' 'M' 'M' 'M' 'U' 'U' 'M' 'M' 'M' 'U' 'M'
 'U' 'M' 'M' 'M' 'M' 'M' 'M' 'M' 'M' 'M' 'M' 'M' 'M' 'U' 'M' 'M' 'M' 'A']"
382801,1,167,8,159,31,0,0,"['A' 'M' 'M' 'M' 'M' 'M' 'M' 'M' 'M' 'M' 'M' 'M' 'M' 'M' 'M' 'M' 'M' 'U'
 'A' 'M' 'M' 'M' 'M' 'U' 'M' 'M' 'U' 'M' 'M' 'M' 'M' 'M' 'M' 'M' 'M' 'M'
 'M' 'M' 'M' 'M' 'M' 'M' 'M' 'M' 'M' 'M' 'M' 'U' 'M' 'M' 'M' 'M' 'A' 'M'
 'M' 'M' 'U' 'M' 'M' 'M' 'M' 'U' 'M' 'U' 'M' 'M' 'M' 'M' 'M' 'M' 'U' 'M'
 'M' 'M' 'U' 'U' 'M' 'M' 'M' 'U' 'M' 'M' 'U' 'M' 'M' 'M' 'M' 'M' 'M' 'M'
 'M' 'M' 'M' 'M' 'M' 'M' 'M' 'M' 'M' 'U' 'M' 'U' 'M' 'A' 'M' 'M' 'M' 'M'
 'M' 'U' 'M' 'M' 'M' 'M' 'M' 'A' 'M' 'M' 'M' 'M' 'M' 'U' 'M' 'U' 'M' 'M'
 'M' 'M' 'M' 'A' 'M' 'U' 'U' 'U' 'M' 'U' 'U' 'M' 'M' 'M' 'U' 'M' 'M' 'M'
 'M' 'M' 'U' 'M' 'M' 'M' 'M' 'M' 'M' 'M' 'A' 'M' 'M' 'M' 'M' 'M' 'A' 'U'
 'M' 'M' 'U' 'M' 'M' 'U' 'M' 'U' 'M' 'M' 'M' 'M' 'U' 'M' 'M' 'M' 'M' 'M'
 'U' 'M' 'M' 'M' 'M' 'M' 'M' 'M' 'M' 'M' 'M' 'M' 'M' 'U' 'M' 'M' 'M' 'M']"
382901,0,164,6,158,34,0,0,"['A' 'M' 'M' 'M' 'M' 'M' 'M' 'M' 'M' 'M' 'M' 'M' 'M' 'M' 'M' 'M' 'M' 'U'
 'A' 'M' 'M' 'M' 'M' 'U' 'M' 'M' 'U' 'M' 'M' 'U' 'M' 'M' 'M' 'M' 'M' 'M'
 'M' 'M' 'M' 'M' 'M' 'M' 'M' 'M' 'M' 'U' 'M' 'U' 'M' 'M' 'M' 'M' 'M' 'M'
 'M' 'M' 'M' 'M' 'M' 'M' 'M' 'U' 'M' 'M' 'M' 'M' 'U' 'U' 'M' 'M' 'M' 'M'
 'M' 'M' 'M' 'U' 'U' 'M' 'U' 'M' 'M' 'M' 'M' 'M' 'M' 'M' 'M' 'M' 'M' 'M'
 'M' 'M' 'M' 'M' 'M' 'M' 'M' 'M' 'M' 'U' 'M' 'U' 'M' 'U' 'M' 'M' 'M' 'M'
 'M' 'U' 'U' 'M' 'M' 'M' 'M' 'A' 'M' 'M' 'M' 'M' 'M' 'U' 'M' 'U' 'M' 'M'
 'M' 'M' 'U' 'A' 'M' 'U' 'U' 'U' 'U' 'U' 'M' 'M' 'U' 'M' 'M' 'M' 'M' 'M'
 'M' 'M' 'U' 'M' 'M' 'M' 'M' 'M' 'M' 'M' 'A' 'U' 'M' 'M' 'M' 'M' 'A' 'U'
 'M' 'M' 'U' 'M' 'M' 'U' 'M' 'M' 'M' 'M' 'M' 'M' 'U' 'M' 'M' 'M' 'M' 'M'
 'M' 'M' 'M' 'M' 'M' 'M' 'M' 'M' 'M' 'M' 'M' 'M' 'U' 'U' 'M' 'M' 'M' 'M']"
383001,1,164,6,158,34,1,0,"['A' 'M' 'M' 'M' 'M' 'M' 'M' 'M' 'U' 'U' 'M' 'M' 'M' 'M' 'M' 'M' 'M' 'U'
 'U' 'M' 'M' 'U' 'M' 'M' 'M' 'M' 'U' 'M' 'M' 'M' 'M' 'M' 'M' 'M' 'M' 'M'
 'M' 'M' 'M' 'M' 'M' 'M' 'M' 'M' 'U' 'U' 'M' 'M' 'M' 'M' 'M' 'M' 'M' 'M'
 'U' 'M' 'M' 'M' 'M' 'M' 'M' 'U' 'M' 'M' 'M' 'M' 'M' 'M' 'U' 'M' 'M' 'M'
 'M' 'M' 'M' 'U' 'M' 'M' 'U' 'U' 'M' 'M' 'M' 'M' 'M' 'M' 'M' 'M' 'M' 'M'
 'U' 'M' 'M' 'M' 'M' 'M' 'M' 'M' 'M' 'U' 'M' 'U' 'M' 'M' 'M' 'M' 'M' 'M'
 'M' 'U' 'M' 'M' 'M' 'M' 'M' 'U' 'M' 'M' 'M' 'M' 'M' 'A' 'M' 'U' 'M' 'M'
 'M' 'M' 'U' 'A' 'M' 'U' 'M' 'U' 'A' 'U' 'M' 'M' 'M' 'M' 'M' 'M' 'M' 'M'
 'M' 'M' 'U' 'M' 'M' 'M' 'M' 'M' 'U' 'M' 'A' 'U' 'M' 'M' 'M' 'M' 'A' 'U'
 'M' 'M' 'U' 'M' 'U' 'M' 'M' 'M' 'M' 'M' 'M' 'U' 'U' 'M' 'M' 'M' 'M' 'M'
 'M' 'M' 'M' 'M' 'M' 'M' 'M' 'M' 'M' 'M' 'M' 'M' 'U' 'U' 'M' 'M' 'M' 'M']"
383101,0,157,6,151,41,0,0,"['A' 'M' 'M' 'M' 'M' 'M' 'M' 'M' 'U' 'U' 'M' 'M' 'M' 'M' 'M' 'M' 'M' 'U'
 'U' 'M' 'M' 'U' 'M' 'M' 'M' 'M' 'U' 'M' 'M' 'M' 'M' 'M' 'U' 'M' 'M' 'M'
 'M' 'M' 'M' 'M' 'M' 'M' 'M' 'M' 'M' 'A' 'M' 'M' 'M' 'M' 'M' 'M' 'M' 'M'
 'U' 'M' 'M' 'M' 'M' 'M' 'M' 'U' 'M' 'M' 'M' 'M' 'M' 'M' 'M' 'U' 'M' 'M'
 'U' 'M' 'M' 'M' 'M' 'U' 'U' 'M' 'M' 'M' 'M' 'M' 'M' 'M' 'M' 'U' 'M' 'M'
 'M' 'M' 'M' 'M' 'M' 'M' 'M' 'M' 'M' 'U' 'M' 'M' 'M' 'M' 'M' 'M' 'M' 'M'
 'M' 'U' 'M' 'M' 'M' 'M' 'U' 'M' 'M' 'M' 'M' 'M' 'M' 'A' 'M' 'U' 'U' 'M'
 'U' 'M' 'U' 'A' 'M' 'U' 'M' 'U' 'A' 'U' 'U' 'M' 'U' 'M' 'U' 'M' 'M' 'M'
 'M' 'M' 'U' 'M' 'M' 'M' 'M' 'M' 'U' 'M' 'U' 'U' 'M' 'U' 'M' 'M' 'A' 'U'
 'M' 'M' 'U' 'M' 'M' 'M' 'M' 'M' 'M' 'M' 'M' 'M' 'U' 'M' 'M' 'M' 'M' 'M'
 'U' 'M' 'M' 'M' 'U' 'U' 'M' 'M' 'M' 'M' 'M' 'M' 'U' 'U' 'M' 'U' 'M' 'M']"
383201,0,155,6,149,43,0,0,"['A' 'U' 'M' 'M' 'M' 'U' 'M' 'M' 'U' 'U' 'M' 'M' 'M' 'M' 'M' 'U' 'M' 'U'
 'U' 'M' 'M' 'M' 'M' 'M' 'M' 'M' 'U' 'M' 'M' 'M' 'U' 'M' 'U' 'M' 'M' 'M'
 'M' 'M' 'M' 'M' 'M' 'M' 'M' 'U' 'M' 'A' 'M' 'M' 'M' 'M' 'M' 'M' 'M' 'M'
 'U' 'M' 'M' 'M' 'M' 'M' 'M' 'U' 'M' 'M' 'M' 'M' 'M' 'M' 'M' 'M' 'M' 'M'
 'M' 'U' 'U' 'M' 'M' 'M' 'M' 'M' 'M' 'M' 'M' 'M' 'M' 'U' 'M' 'M' 'M' 'M'
 'U' 'M' 'U' 'M' 'M' 'M' 'M' 'M' 'M' 'U' 'M' 'M' 'M' 'U' 'M' 'M' 'M' 'M'
 'M' 'U' 'M' 'M' 'M' 'M' 'U' 'M' 'M' 'M' 'M' 'M' 'M' 'A' 'M' 'M' 'U' 'U'
 'M' 'M' 'M' 'A' 'M' 'U' 'M' 'U' 'A' 'U' 'U' 'U' 'U' 'M' 'U' 'M' 'M' 'M'
 'M' 'M' 'U' 'M' 'M' 'M' 'U' 'M' 'M' 'M' 'U' 'U' 'M' 'U' 'M' 'M' 'U' 'A'
 'M' 'M' 'M' 'M' 'M' 'M' 'M' 'M' 'M' 'M' 'M' 'M' 'U' 'M' 'M' 'M' 'M' 'M'
 'U' 'M' 'M' 'M' 'U' 'M' 'M' 'M' 'M' 'M' 'M' 'M' 'U' 'U' 'M' 'U' 'M' 'M']"
383301,0,155,6,149,43,0,0,"['A' 'U' 'U' 'M' 'M' 'U' 'M' 'M' 'U' 'U' 'M' 'M' 'M' 'M' 'M' 'U' 'M' 'U'
 'M' 'M' 'M' 'M' 'M' 'M' 'U' 'M' 'M' 'M' 'M' 'M' 'U' 'M' 'U' 'M' 'M' 'M'
 'M' 'M' 'M' 'M' 'U' 'M' 'M' 'U' 'M' 'A' 'M' 'M' 'M' 'M' 'M' 'M' 'U' 'M'
 'U' 'M' 'M' 'M' 'M' 'M' 'M' 'U' 'M' 'M' 'M' 'M' 'M' 'M' 'M' 'M' 'U' 'M'
 'M' 'M' 'M' 'M' 'M' 'M' 'M' 'M' 'M' 'M' 'M' 'U' 'M' 'U' 'M' 'M' 'U' 'M'
 'M' 'M' 'M' 'M' 'U' 'M' 'M' 'M' 'M' 'U' 'M' 'M' 'M' 'U' 'M' 'M' 'M' 'M'
 'M' 'U' 'M' 'M' 'M' 'M' 'M' 'M' 'M' 'M' 'M' 'M' 'M' 'A' 'U' 'M' 'U' 'M'
 'M' 'M' 'M' 'A' 'M' 'U' 'U' 'U' 'A' 'U' 'U' 'U' 'U' 'U' 'U' 'M' 'M' 'M'
 'M' 'M' 'M' 'M' 'M' 'M' 'U' 'M' 'M' 'M' 'U' 'U' 'M' 'U' 'M' 'M' 'M' 'A'
 'M' 'M' 'M' 'M' 'M' 'M' 'M' 'M' 'M' 'M' 'M' 'M' 'U' 'M' 'M' 'M' 'M' 'M'
 'U' 'M' 'M' 'M' 'M' 'M' 'M' 'M' 'M' 'M' 'M' 'M' 'U' 'U' 'M' 'U' 'M' 'M']"
383401,0,159,4,155,39,0,0,"['A' 'U' 'U' 'M' 'M' 'M' 'M' 'M' 'U' 'M' 'M' 'M' 'M' 'M' 'M' 'U' 'M' 'U'
 'M' 'M' 'M' 'M' 'M' 'M' 'U' 'M' 'M' 'M' 'M' 'M' 'U' 'M' 'U' 'M' 'U' 'M'
 'U' 'M' 'M' 'M' 'U' 'M' 'M' 'U' 'M' 'A' 'M' 'M' 'M' 'M' 'M' 'M' 'U' 'M'
 'M' 'M' 'M' 'M' 'M' 'M' 'M' 'U' 'M' 'M' 'M' 'M' 'U' 'M' 'M' 'M' 'U' 'M'
 'M' 'M' 'M' 'M' 'M' 'M' 'M' 'M' 'M' 'M' 'M' 'M' 'U' 'M' 'U' 'M' 'U' 'M'
 'M' 'M' 'M' 'M' 'M' 'M' 'M' 'M' 'M' 'U' 'M' 'M' 'M' 'M' 'M' 'M' 'M' 'M'
 'M' 'U' 'M' 'M' 'M' 'M' 'M' 'M' 'M' 'M' 'M' 'M' 'M' 'A' 'U' 'M' 'M' 'M'
 'M' 'M' 'M' 'U' 'M' 'U' 'M' 'M' 'A' 'U' 'U' 'U' 'M' 'U' 'U' 'M' 'M' 'M'
 'M' 'M' 'M' 'M' 'M' 'M' 'U' 'M' 'M' 'M' 'M' 'U' 'M' 'U' 'M' 'M' 'M' 'U'
 'M' 'M' 'M' 'M' 'M' 'M' 'M' 'M' 'M' 'M' 'M' 'M' 'U' 'M' 'M' 'M' 'M' 'M'
 'U' 'M' 'M' 'M' 'M' 'M' 'M' 'M' 'M' 'M' 'U' 'M' 'U' 'U' 'M' 'U' 'M' 'M']"
383501,0,165,5,160,33,0,0,"['A' 'U' 'M' 'M' 'M' 'M' 'M' 'M' 'U' 'M' 'M' 'M' 'M' 'M' 'M' 'U' 'M' 'U'
 'M' 'M' 'M' 'M' 'M' 'M' 'U' 'M' 'M' 'M' 'M' 'M' 'U' 'M' 'M' 'M' 'M' 'M'
 'M' 'M' 'M' 'M' 'M' 'M' 'M' 'M' 'M' 'A' 'M' 'M' 'M' 'U' 'M' 'U' 'U' 'M'
 'M' 'M' 'M' 'M' 'M' 'M' 'M' 'U' 'M' 'M' 'M' 'M' 'M' 'M' 'M' 'M' 'M' 'U'
 'M' 'M' 'M' 'U' 'M' 'M' 'M' 'M' 'M' 'M' 'M' 'M' 'M' 'M' 'M' 'M' 'M' 'U'
 'M' 'U' 'M' 'M' 'U' 'M' 'M' 'M' 'M' 'U' 'M' 'M' 'M' 'M' 'M' 'M' 'M' 'M'
 'M' 'U' 'M' 'M' 'M' 'M' 'M' 'U' 'M' 'M' 'M' 'M' 'M' 'A' 'U' 'M' 'M' 'M'
 'M' 'M' 'M' 'U' 'M' 'U' 'M' 'M' 'A' 'M' 'U' 'U' 'M' 'U' 'U' 'M' 'M' 'M'
 'M' 'M' 'M' 'M' 'M' 'M' 'U' 'M' 'M' 'M' 'M' 'M' 'M' 'U' 'M' 'M' 'M' 'M'
 'M' 'M' 'M' 'M' 'M' 'M' 'M' 'M' 'M' 'M' 'M' 'M' 'A' 'M' 'M' 'U' 'M' 'M'
 'U' 'M' 'M' 'M' 'M' 'M' 'M' 'M' 'M' 'M' 'U' 'M' 'U' 'U' 'M' 'U' 'M' 'M']"
383601,0,161,4,157,37,0,0,"['A' 'U' 'M' 'M' 'U' 'M' 'M' 'M' 'M' 'M' 'U' 'M' 'M' 'U' 'M' 'U' 'M' 'M'
 'M' 'M' 'M' 'M' 'M' 'M' 'U' 'M' 'M' 'M' 'M' 'M' 'U' 'M' 'M' 'M' 'M' 'M'
 'U' 'M' 'M' 'M' 'M' 'M' 'M' 'M' 'M' 'A' 'M' 'M' 'M' 'U' 'M' 'U' 'U' 'M'
 'M' 'M' 'M' 'M' 'M' 'M' 'M' 'U' 'U' 'M' 'M' 'M' 'M' 'M' 'U' 'M' 'M' 'U'
 'M' 'U' 'M' 'M' 'M' 'M' 'U' 'M' 'M' 'M' 'M' 'M' 'U' 'M' 'M' 'M' 'M' 'M'
 'M' 'M' 'M' 'M' 'M' 'M' 'M' 'M' 'M' 'U' 'M' 'U' 'U' 'M' 'M' 'M' 'M' 'M'
 'M' 'U' 'M' 'M' 'M' 'M' 'M' 'U' 'U' 'U' 'M' 'M' 'M' 'A' 'U' 'M' 'M' 'M'
 'M' 'M' 'M' 'M' 'M' 'U' 'M' 'U' 'U' 'M' 'U' 'U' 'M' 'M' 'M' 'M' 'M' 'M'
 'M' 'M' 'M' 'M' 'M' 'M' 'U' 'M' 'M' 'M' 'M' 'M' 'M' 'U' 'M' 'M' 'M' 'M'
 'M' 'M' 'M' 'M' 'M' 'M' 'M' 'M' 'M' 'M' 'M' 'M' 'A' 'M' 'M' 'U' 'M' 'M'
 'M' 'M' 'M' 'M' 'M' 'M' 'M' 'M' 'M' 'M' 'U' 'M' 'M' 'U' 'M' 'U' 'M' 'M']"
383701,0,161,4,157,37,0,0,"['A' 'U' 'M' 'M' 'U' 'M' 'M' 'M' 'M' 'M' 'U' 'M' 'M' 'M' 'M' 'U' 'M' 'M'
 'M' 'M' 'M' 'M' 'M' 'M' 'U' 'M' 'M' 'M' 'M' 'M' 'U' 'M' 'M' 'M' 'M' 'M'
 'U' 'M' 'U' 'M' 'M' 'M' 'M' 'M' 'M' 'A' 'M' 'M' 'M' 'U' 'M' 'U' 'U' 'M'
 'M' 'M' 'M' 'M' 'M' 'M' 'M' 'M' 'U' 'M' 'M' 'M' 'M' 'M' 'M' 'M' 'M' 'M'
 'M' 'M' 'M' 'M' 'M' 'M' 'M' 'M' 'M' 'M' 'M' 'M' 'M' 'U' 'U' 'U' 'M' 'U'
 'M' 'M' 'M' 'M' 'U' 'M' 'M' 'M' 'M' 'U' 'M' 'U' 'M' 'M' 'M' 'M' 'M' 'M'
 'M' 'M' 'M' 'M' 'M' 'M' 'M' 'M' 'M' 'U' 'M' 'M' 'M' 'A' 'U' 'M' 'M' 'M'
 'U' 'M' 'M' 'M' 'M' 'U' 'M' 'M' 'U' 'M' 'U' 'U' 'M' 'M' 'M' 'M' 'M' 'M'
 'M' 'U' 'M' 'M' 'M' 'M' 'M' 'M' 'M' 'M' 'M' 'M' 'M' 'U' 'M' 'M' 'U' 'U'
 'M' 'M' 'M' 'M' 'M' 'M' 'M' 'U' 'U' 'M' 'M' 'U' 'A' 'M' 'M' 'U' 'M' 'M'
 'M' 'M' 'M' 'M' 'M' 'M' 'M' 'M' 'M' 'M' 'U' 'M' 'M' 'M' 'M' 'U' 'U' 'M']"
383801,0,163,5,158,35,0,0,"['A' 'M' 'M' 'M' 'M' 'M' 'M' 'M' 'M' 'M' 'U' 'M' 'A' 'M' 'M' 'U' 'M' 'U'
 'M' 'M' 'M' 'M' 'M' 'M' 'U' 'M' 'M' 'M' 'M' 'M' 'U' 'M' 'M' 'M' 'M' 'M'
 'U' 'M' 'U' 'M' 'M' 'M' 'M' 'M' 'M' 'A' 'M' 'M' 'M' 'U' 'M' 'M' 'U' 'M'
 'M' 'M' 'M' 'U' 'M' 'M' 'M' 'M' 'M' 'M' 'M' 'M' 'M' 'M' 'M' 'M' 'M' 'M'
 'M' 'M' 'M' 'U' 'M' 'M' 'M' 'M' 'U' 'M' 'M' 'M' 'M' 'M' 'M' 'M' 'U' 'U'
 'M' 'M' 'U' 'M' 'M' 'M' 'M' 'M' 'M' 'U' 'U' 'M' 'M' 'M' 'M' 'M' 'M' 'M'
 'M' 'M' 'M' 'M' 'M' 'M' 'M' 'M' 'M' 'U' 'M' 'M' 'M' 'A' 'M' 'M' 'M' 'M'
 'U' 'M' 'M' 'U' 'M' 'U' 'M' 'M' 'U' 'M' 'U' 'U' 'U' 'M' 'M' 'M' 'M' 'M'
 'M' 'M' 'M' 'M' 'M' 'M' 'M' 'M' 'M' 'M' 'M' 'M' 'M' 'U' 'M' 'M' 'M' 'U'
 'M' 'M' 'M' 'U' 'M' 'M' 'M' 'U' 'M' 'M' 'M' 'U' 'A' 'M' 'M' 'U' 'M' 'M'
 'M' 'M' 'M' 'M' 'M' 'U' 'M' 'M' 'M' 'M' 'U' 'M' 'M' 'M' 'M' 'U' 'U' 'M']"
383901,0,162,3,159,36,0,0,"['A' 'M' 'M' 'M' 'M' 'M' 'M' 'M' 'M' 'M' 'M' 'M' 'A' 'M' 'M' 'U' 'M' 'U'
 'M' 'M' 'M' 'M' 'M' 'M' 'U' 'M' 'M' 'M' 'M' 'M' 'U' 'U' 'M' 'M' 'M' 'M'
 'U' 'M' 'U' 'M' 'M' 'M' 'M' 'M' 'M' 'U' 'M' 'U' 'M' 'M' 'M' 'M' 'M' 'M'
 'M' 'M' 'M' 'U' 'M' 'M' 'M' 'M' 'M' 'M' 'M' 'M' 'M' 'M' 'M' 'M' 'M' 'M'
 'U' 'M' 'U' 'M' 'M' 'M' 'M' 'U' 'M' 'U' 'M' 'M' 'U' 'M' 'M' 'M' 'M' 'M'
 'M' 'M' 'M' 'M' 'M' 'M' 'M' 'M' 'M' 'U' 'U' 'M' 'M' 'M' 'M' 'M' 'M' 'M'
 'M' 'M' 'M' 'M' 'M' 'U' 'M' 'M' 'M' 'U' 'M' 'M' 'M' 'U' 'M' 'M' 'M' 'M'
 'M' 'M' 'M' 'U' 'M' 'U' 'M' 'M' 'U' 'M' 'U' 'U' 'U' 'M' 'M' 'M' 'M' 'M'
 'M' 'M' 'M' 'M' 'M' 'M' 'M' 'M' 'M' 'M' 'M' 'M' 'M' 'M' 'M' 'M' 'M' 'U'
 'M' 'M' 'M' 'U' 'U' 'U' 'M' 'U' 'M' 'M' 'M' 'U' 'A' 'M' 'M' 'U' 'M' 'M'
 'U' 'M' 'M' 'M' 'M' 'M' 'M' 'M' 'M' 'M' 'M' 'M' 'M' 'M' 'M' 'U' 'U' 'M']"
384001,0,169,5,164,29,1,0,"['A' 'M' 'M' 'M' 'M' 'M' 'M' 'M' 'M' 'M' 'M' 'M' 'A' 'M' 'M' 'M' 'M' 'U'
 'M' 'M' 'M' 'M' 'M' 'M' 'U' 'M' 'M' 'M' 'M' 'M' 'U' 'U' 'M' 'M' 'M' 'M'
 'U' 'M' 'U' 'M' 'M' 'M' 'M' 'M' 'M' 'A' 'M' 'U' 'M' 'M' 'M' 'M' 'M' 'M'
 'M' 'M' 'M' 'U' 'M' 'M' 'U' 'M' 'M' 'M' 'M' 'M' 'M' 'M' 'M' 'M' 'M' 'M'
 'M' 'M' 'U' 'M' 'M' 'M' 'U' 'U' 'M' 'M' 'M' 'M' 'M' 'M' 'M' 'U' 'M' 'M'
 'M' 'M' 'M' 'U' 'M' 'M' 'M' 'M' 'M' 'U' 'M' 'M' 'M' 'M' 'M' 'M' 'M' 'U'
 'M' 'M' 'U' 'M' 'M' 'U' 'M' 'M' 'M' 'U' 'M' 'M' 'M' 'M' 'M' 'M' 'M' 'M'
 'M' 'M' 'M' 'U' 'M' 'M' 'M' 'M' 'M' 'M' 'U' 'U' 'A' 'M' 'M' 'M' 'M' 'M'
 'M' 'M' 'M' 'M' 'M' 'M' 'M' 'M' 'M' 'M' 'M' 'M' 'M' 'M' 'U' 'M' 'M' 'U'
 'M' 'M' 'M' 'M' 'U' 'U' 'M' 'M' 'M' 'M' 'M' 'U' 'A' 'M' 'M' 'U' 'M' 'M'
 'M' 'M' 'M' 'M' 'U' 'M' 'M' 'M' 'M' 'M' 'M' 'M' 'M' 'M' 'M' 'M' 'M' 'M']"
384101,0,162,5,157,36,1,0,"['A' 'M' 'M' 'M' 'M' 'M' 'M' 'M' 'M' 'M' 'M' 'M' 'A' 'M' 'M' 'M' 'M' 'U'
 'M' 'M' 'U' 'M' 'M' 'M' 'U' 'M' 'M' 'M' 'M' 'M' 'U' 'U' 'M' 'M' 'M' 'M'
 'U' 'M' 'U' 'M' 'M' 'M' 'M' 'M' 'M' 'A' 'M' 'U' 'M' 'M' 'M' 'M' 'M' 'M'
 'U' 'M' 'M' 'U' 'M' 'M' 'U' 'M' 'M' 'M' 'M' 'M' 'M' 'M' 'M' 'U' 'U' 'M'
 'U' 'M' 'M' 'U' 'M' 'M' 'M' 'M' 'M' 'M' 'M' 'M' 'M' 'M' 'M' 'M' 'M' 'M'
 'M' 'M' 'M' 'U' 'M' 'M' 'M' 'M' 'M' 'U' 'M' 'M' 'M' 'M' 'M' 'M' 'M' 'U'
 'M' 'M' 'U' 'M' 'M' 'M' 'M' 'M' 'M' 'M' 'M' 'M' 'M' 'M' 'M' 'M' 'M' 'M'
 'M' 'M' 'M' 'U' 'M' 'M' 'U' 'U' 'U' 'U' 'U' 'U' 'A' 'U' 'M' 'M' 'M' 'M'
 'M' 'U' 'M' 'M' 'M' 'M' 'M' 'M' 'M' 'M' 'M' 'M' 'M' 'M' 'U' 'M' 'M' 'U'
 'M' 'M' 'M' 'M' 'U' 'U' 'M' 'M' 'M' 'M' 'M' 'U' 'A' 'M' 'M' 'U' 'M' 'U'
 'M' 'M' 'M' 'M' 'U' 'M' 'M' 'M' 'M' 'M' 'M' 'M' 'M' 'M' 'M' 'M' 'M' 'M']"
384201,0,170,6,164,28,0,0,"['A' 'M' 'M' 'M' 'M' 'M' 'M' 'U' 'M' 'M' 'M' 'M' 'A' 'U' 'M' 'M' 'M' 'M'
 'M' 'M' 'M' 'M' 'M' 'M' 'M' 'M' 'M' 'M' 'M' 'M' 'U' 'U' 'M' 'M' 'M' 'M'
 'U' 'M' 'A' 'M' 'M' 'U' 'M' 'M' 'M' 'A' 'M' 'U' 'M' 'M' 'M' 'M' 'M' 'M'
 'U' 'M' 'M' 'U' 'M' 'M' 'M' 'M' 'M' 'M' 'M' 'M' 'M' 'M' 'U' 'M' 'M' 'M'
 'M' 'M' 'M' 'M' 'M' 'M' 'M' 'U' 'M' 'U' 'M' 'M' 'U' 'M' 'M' 'M' 'M' 'M'
 'M' 'M' 'U' 'M' 'M' 'M' 'M' 'M' 'M' 'M' 'M' 'M' 'M' 'M' 'M' 'M' 'M' 'U'
 'M' 'M' 'M' 'M' 'M' 'M' 'M' 'M' 'M' 'M' 'M' 'M' 'M' 'M' 'U' 'M' 'M' 'M'
 'M' 'M' 'M' 'U' 'M' 'M' 'U' 'U' 'M' 'U' 'U' 'U' 'A' 'U' 'M' 'M' 'M' 'M'
 'M' 'M' 'M' 'M' 'M' 'M' 'U' 'M' 'M' 'M' 'M' 'M' 'M' 'M' 'M' 'M' 'M' 'M'
 'M' 'M' 'M' 'U' 'U' 'M' 'M' 'M' 'M' 'M' 'M' 'A' 'U' 'M' 'M' 'U' 'M' 'M'
 'M' 'M' 'M' 'M' 'M' 'M' 'M' 'M' 'M' 'M' 'M' 'M' 'M' 'M' 'M' 'M' 'M' 'M']"
384301,0,171,5,166,27,0,0,"['A' 'M' 'M' 'M' 'M' 'M' 'M' 'M' 'M' 'M' 'M' 'M' 'U' 'U' 'M' 'M' 'M' 'M'
 'M' 'M' 'M' 'M' 'M' 'M' 'M' 'M' 'M' 'M' 'M' 'M' 'U' 'U' 'M' 'M' 'M' 'U'
 'M' 'M' 'A' 'M' 'M' 'U' 'M' 'M' 'M' 'A' 'M' 'U' 'M' 'M' 'M' 'M' 'M' 'M'
 'U' 'M' 'M' 'M' 'M' 'M' 'M' 'M' 'M' 'M' 'M' 'M' 'M' 'M' 'M' 'M' 'M' 'M'
 'M' 'M' 'M' 'M' 'M' 'U' 'M' 'U' 'M' 'U' 'M' 'M' 'M' 'M' 'M' 'M' 'U' 'M'
 'M' 'U' 'M' 'M' 'M' 'M' 'M' 'M' 'M' 'M' 'M' 'M' 'M' 'M' 'M' 'M' 'M' 'U'
 'M' 'M' 'U' 'M' 'M' 'M' 'M' 'M' 'M' 'M' 'M' 'M' 'M' 'M' 'M' 'M' 'M' 'M'
 'U' 'M' 'M' 'M' 'M' 'M' 'U' 'U' 'M' 'M' 'U' 'U' 'A' 'U' 'M' 'M' 'M' 'M'
 'M' 'M' 'U' 'M' 'M' 'M' 'M' 'M' 'U' 'M' 'M' 'M' 'M' 'M' 'M' 'M' 'M' 'M'
 'M' 'M' 'M' 'M' 'U' 'M' 'M' 'M' 'M' 'U' 'M' 'A' 'U' 'M' 'M' 'U' 'M' 'M'
 'M' 'M' 'M' 'M' 'M' 'M' 'M' 'M' 'M' 'M' 'M' 'M' 'M' 'M' 'M' 'M' 'M' 'M']"
384401,0,171,4,167,27,0,0,"['A' 'M' 'M' 'M' 'M' 'M' 'M' 'M' 'M' 'M' 'M' 'M' 'M' 'M' 'M' 'U' 'M' 'M'
 'M' 'M' 'M' 'M' 'M' 'M' 'U' 'M' 'M' 'M' 'M' 'M' 'U' 'U' 'M' 'M' 'U' 'M'
 'M' 'M' 'U' 'M' 'M' 'U' 'M' 'M' 'M' 'A' 'M' 'U' 'M' 'M' 'M' 'U' 'M' 'M'
 'U' 'M' 'M' 'M' 'M' 'U' 'M' 'M' 'M' 'M' 'M' 'U' 'U' 'M' 'M' 'M' 'M' 'M'
 'M' 'M' 'M' 'M' 'U' 'M' 'M' 'M' 'M' 'M' 'U' 'M' 'M' 'M' 'M' 'M' 'M' 'M'
 'M' 'M' 'M' 'U' 'M' 'M' 'M' 'M' 'M' 'M' 'M' 'M' 'M' 'U' 'M' 'U' 'M' 'M'
 'M' 'M' 'U' 'M' 'M' 'M' 'M' 'M' 'M' 'M' 'M' 'M' 'M' 'M' 'M' 'M' 'M' 'M'
 'M' 'M' 'M' 'M' 'M' 'M' 'U' 'M' 'M' 'M' 'M' 'U' 'U' 'U' 'M' 'M' 'M' 'M'
 'M' 'M' 'U' 'M' 'M' 'M' 'M' 'M' 'M' 'M' 'M' 'M' 'M' 'M' 'M' 'M' 'M' 'M'
 'M' 'M' 'M' 'M' 'U' 'M' 'M' 'M' 'M' 'U' 'M' 'A' 'U' 'M' 'M' 'A' 'M' 'M'
 'M' 'M' 'M' 'M' 'M' 'M' 'M' 'M' 'M' 'M' 'M' 'M' 'M' 'M' 'M' 'M' 'M' 'M']"
384501,0,164,4,160,34,0,0,"['A' 'M' 'M' 'M' 'M' 'U' 'M' 'M' 'M' 'M' 'U' 'M' 'M' 'M' 'M' 'U' 'M' 'M'
 'M' 'M' 'M' 'M' 'M' 'M' 'M' 'M' 'M' 'M' 'U' 'M' 'U' 'U' 'M' 'M' 'U' 'M'
 'M' 'M' 'U' 'M' 'M' 'U' 'M' 'U' 'M' 'A' 'M' 'U' 'M' 'M' 'M' 'U' 'M' 'M'
 'M' 'M' 'M' 'M' 'M' 'M' 'M' 'M' 'M' 'M' 'M' 'M' 'M' 'M' 'M' 'M' 'M' 'M'
 'M' 'M' 'M' 'M' 'M' 'M' 'M' 'M' 'U' 'U' 'M' 'M' 'M' 'U' 'M' 'M' 'M' 'M'
 'M' 'M' 'U' 'M' 'U' 'M' 'U' 'M' 'M' 'M' 'M' 'M' 'M' 'M' 'M' 'U' 'M' 'M'
 'M' 'M' 'U' 'M' 'M' 'M' 'M' 'M' 'M' 'M' 'M' 'M' 'M' 'M' 'M' 'M' 'M' 'M'
 'M' 'U' 'U' 'M' 'M' 'M' 'U' 'U' 'M' 'U' 'U' 'U' 'U' 'M' 'M' 'M' 'M' 'M'
 'M' 'M' 'U' 'M' 'U' 'M' 'M' 'U' 'M' 'M' 'M' 'M' 'U' 'M' 'M' 'M' 'M' 'M'
 'M' 'M' 'M' 'M' 'U' 'M' 'M' 'M' 'M' 'U' 'M' 'A' 'M' 'M' 'M' 'A' 'M' 'M'
 'M' 'M' 'M' 'M' 'M' 'M' 'M' 'M' 'M' 'M' 'M' 'M' 'M' 'M' 'M' 'M' 'M' 'M']"
384601,0,162,3,159,36,0,0,"['A' 'M' 'M' 'M' 'M' 'U' 'M' 'M' 'M' 'M' 'U' 'M' 'M' 'M' 'M' 'M' 'M' 'M'
 'M' 'M' 'M' 'M' 'M' 'M' 'M' 'M' 'M' 'M' 'M' 'M' 'U' 'M' 'M' 'M' 'U' 'M'
 'M' 'M' 'M' 'M' 'M' 'U' 'M' 'U' 'M' 'A' 'M' 'M' 'M' 'M' 'M' 'A' 'U' 'M'
 'M' 'U' 'M' 'M' 'M' 'M' 'M' 'M' 'M' 'M' 'M' 'M' 'M' 'M' 'M' 'M' 'M' 'U'
 'M' 'U' 'M' 'M' 'M' 'M' 'M' 'M' 'M' 'M' 'M' 'M' 'M' 'U' 'M' 'M' 'U' 'M'
 'M' 'M' 'M' 'U' 'M' 'U' 'M' 'M' 'M' 'M' 'M' 'M' 'M' 'M' 'M' 'M' 'M' 'M'
 'M' 'U' 'M' 'M' 'M' 'M' 'M' 'M' 'M' 'M' 'M' 'M' 'M' 'M' 'M' 'M' 'M' 'M'
 'M' 'M' 'U' 'M' 'M' 'M' 'U' 'U' 'M' 'U' 'U' 'U' 'U' 'M' 'M' 'U' 'M' 'M'
 'M' 'M' 'U' 'M' 'M' 'M' 'M' 'U' 'M' 'M' 'M' 'M' 'U' 'M' 'M' 'M' 'M' 'M'
 'M' 'M' 'M' 'M' 'U' 'M' 'M' 'M' 'M' 'U' 'M' 'U' 'M' 'M' 'M' 'U' 'M' 'M'
 'U' 'U' 'M' 'M' 'U' 'M' 'U' 'M' 'U' 'U' 'M' 'M' 'M' 'M' 'M' 'M' 'M' 'M']"
384701,0,159,2,157,39,0,0,"['A' 'M' 'M' 'M' 'M' 'U' 'M' 'M' 'M' 'M' 'M' 'M' 'M' 'U' 'M' 'M' 'M' 'M'
 'M' 'M' 'M' 'M' 'U' 'M' 'M' 'M' 'M' 'M' 'U' 'M' 'U' 'M' 'M' 'M' 'U' 'M'
 'M' 'M' 'M' 'M' 'M' 'U' 'U' 'U' 'M' 'U' 'M' 'M' 'M' 'M' 'M' 'A' 'U' 'M'
 'M' 'U' 'M' 'M' 'M' 'U' 'M' 'M' 'M' 'M' 'M' 'M' 'U' 'M' 'M' 'M' 'U' 'M'
 'U' 'M' 'M' 'M' 'M' 'M' 'M' 'M' 'M' 'U' 'M' 'M' 'M' 'M' 'M' 'M' 'M' 'M'
 'M' 'M' 'M' 'M' 'U' 'U' 'M' 'M' 'M' 'M' 'M' 'M' 'M' 'U' 'M' 'M' 'M' 'M'
 'M' 'M' 'M' 'M' 'M' 'M' 'M' 'M' 'M' 'M' 'M' 'M' 'M' 'U' 'M' 'M' 'M' 'M'
 'M' 'M' 'M' 'M' 'M' 'M' 'U' 'U' 'M' 'U' 'U' 'U' 'U' 'M' 'M' 'U' 'M' 'M'
 'M' 'M' 'U' 'M' 'M' 'M' 'M' 'U' 'M' 'M' 'M' 'M' 'U' 'M' 'M' 'M' 'M' 'M'
 'M' 'M' 'M' 'M' 'M' 'M' 'M' 'M' 'M' 'U' 'M' 'M' 'M' 'M' 'M' 'U' 'M' 'M'
 'U' 'U' 'M' 'M' 'U' 'M' 'U' 'M' 'U' 'U' 'M' 'M' 'M' 'M' 'M' 'M' 'M' 'M']"
384801,0,160,2,158,38,0,0,"['A' 'M' 'M' 'M' 'M' 'U' 'M' 'M' 'M' 'M' 'M' 'U' 'M' 'U' 'M' 'M' 'M' 'M'
 'M' 'U' 'M' 'U' 'U' 'M' 'M' 'M' 'M' 'M' 'M' 'U' 'U' 'M' 'M' 'M' 'M' 'M'
 'M' 'M' 'M' 'M' 'M' 'U' 'U' 'U' 'M' 'M' 'U' 'M' 'M' 'M' 'M' 'A' 'M' 'M'
 'M' 'M' 'M' 'M' 'U' 'U' 'M' 'M' 'M' 'M' 'M' 'M' 'M' 'M' 'M' 'M' 'M' 'M'
 'U' 'M' 'M' 'M' 'M' 'M' 'M' 'M' 'M' 'U' 'U' 'M' 'M' 'M' 'M' 'M' 'U' 'M'
 'M' 'M' 'M' 'M' 'U' 'U' 'M' 'M' 'M' 'M' 'M' 'M' 'M' 'U' 'M' 'M' 'M' 'M'
 'M' 'M' 'M' 'M' 'M' 'M' 'M' 'M' 'U' 'M' 'M' 'M' 'M' 'M' 'M' 'M' 'M' 'M'
 'M' 'M' 'M' 'M' 'M' 'M' 'U' 'U' 'M' 'U' 'U' 'U' 'U' 'M' 'M' 'U' 'M' 'M'
 'M' 'M' 'U' 'M' 'M' 'M' 'M' 'U' 'M' 'M' 'M' 'U' 'U' 'M' 'M' 'M' 'M' 'M'
 'M' 'M' 'M' 'M' 'M' 'M' 'U' 'M' 'M' 'U' 'M' 'M' 'M' 'M' 'M' 'U' 'M' 'M'
 'M' 'M' 'M' 'M' 'M' 'M' 'M' 'M' 'U' 'U' 'M' 'M' 'M' 'M' 'M' 'M' 'M' 'M']"
384901,0,161,3,158,37,0,0,"['A' 'M' 'M' 'M' 'M' 'M' 'M' 'M' 'M' 'U' 'M' 'U' 'M' 'U' 'M' 'M' 'M' 'M'
 'M' 'U' 'M' 'U' 'U' 'M' 'M' 'M' 'M' 'M' 'M' 'A' 'U' 'M' 'M' 'M' 'M' 'M'
 'M' 'M' 'M' 'M' 'M' 'U' 'U' 'M' 'M' 'M' 'M' 'M' 'M' 'M' 'M' 'U' 'M' 'M'
 'M' 'M' 'M' 'M' 'U' 'M' 'M' 'M' 'M' 'M' 'M' 'M' 'M' 'M' 'M' 'M' 'M' 'M'
 'M' 'M' 'M' 'M' 'M' 'M' 'U' 'M' 'M' 'M' 'U' 'U' 'M' 'M' 'M' 'U' 'U' 'M'
 'M' 'M' 'M' 'M' 'M' 'U' 'M' 'M' 'M' 'M' 'M' 'M' 'M' 'U' 'M' 'M' 'M' 'U'
 'M' 'M' 'M' 'M' 'M' 'M' 'M' 'M' 'U' 'M' 'M' 'M' 'M' 'M' 'M' 'U' 'M' 'M'
 'M' 'U' 'M' 'M' 'M' 'M' 'M' 'A' 'M' 'U' 'U' 'U' 'U' 'M' 'M' 'U' 'U' 'M'
 'M' 'M' 'U' 'M' 'M' 'M' 'M' 'M' 'M' 'M' 'M' 'M' 'M' 'M' 'M' 'M' 'M' 'M'
 'M' 'M' 'M' 'M' 'M' 'M' 'U' 'M' 'M' 'U' 'U' 'M' 'M' 'M' 'M' 'U' 'U' 'M'
 'M' 'M' 'U' 'M' 'M' 'M' 'M' 'M' 'U' 'U' 'M' 'M' 'M' 'M' 'M' 'M' 'M' 'M']"
385001,0,167,3,164,31,0,0,"['A' 'M' 'M' 'M' 'M' 'M' 'M' 'U' 'M' 'U' 'M' 'U' 'M' 'M' 'M' 'M' 'M' 'M'
 'M' 'U' 'M' 'M' 'U' 'M' 'M' 'M' 'M' 'M' 'M' 'A' 'U' 'M' 'U' 'M' 'M' 'M'
 'M' 'M' 'M' 'M' 'M' 'M' 'U' 'M' 'M' 'M' 'M' 'M' 'M' 'M' 'M' 'U' 'M' 'M'
 'M' 'M' 'M' 'M' 'M' 'M' 'M' 'M' 'M' 'M' 'M' 'M' 'M' 'M' 'U' 'M' 'M' 'U'
 'U' 'M' 'M' 'M' 'M' 'M' 'M' 'M' 'M' 'M' 'M' 'M' 'M' 'M' 'M' 'M' 'M' 'M'
 'U' 'M' 'M' 'U' 'M' 'M' 'M' 'M' 'M' 'M' 'M' 'M' 'M' 'U' 'M' 'M' 'M' 'U'
 'M' 'M' 'M' 'M' 'M' 'M' 'M' 'M' 'U' 'M' 'M' 'M' 'M' 'M' 'M' 'U' 'M' 'M'
 'M' 'M' 'M' 'M' 'M' 'M' 'U' 'A' 'M' 'M' 'U' 'U' 'U' 'M' 'M' 'U' 'U' 'M'
 'M' 'M' 'U' 'M' 'M' 'M' 'M' 'M' 'M' 'M' 'M' 'M' 'M' 'M' 'M' 'M' 'M' 'M'
 'M' 'M' 'M' 'M' 'M' 'M' 'M' 'U' 'M' 'U' 'M' 'M' 'M' 'M' 'M' 'M' 'U' 'M'
 'M' 'M' 'U' 'M' 'M' 'M' 'M' 'M' 'U' 'U' 'M' 'M' 'M' 'M' 'M' 'M' 'M' 'M']"
385101,0,169,3,166,29,0,0,"['A' 'M' 'M' 'M' 'M' 'M' 'M' 'U' 'M' 'U' 'M' 'U' 'M' 'M' 'M' 'M' 'M' 'M'
 'M' 'U' 'M' 'M' 'U' 'U' 'M' 'M' 'M' 'M' 'M' 'U' 'U' 'M' 'M' 'M' 'M' 'M'
 'M' 'M' 'M' 'M' 'M' 'M' 'U' 'M' 'M' 'M' 'M' 'M' 'M' 'U' 'M' 'U' 'M' 'M'
 'M' 'M' 'M' 'M' 'M' 'M' 'M' 'M' 'M' 'M' 'M' 'U' 'M' 'M' 'M' 'M' 'M' 'M'
 'M' 'M' 'M' 'M' 'M' 'M' 'M' 'M' 'M' 'U' 'M' 'M' 'M' 'M' 'M' 'M' 'M' 'U'
 'U' 'M' 'M' 'M' 'U' 'M' 'M' 'M' 'M' 'M' 'M' 'M' 'M' 'U' 'M' 'M' 'M' 'M'
 'M' 'M' 'M' 'M' 'M' 'M' 'M' 'M' 'U' 'M' 'M' 'M' 'M' 'M' 'M' 'U' 'M' 'M'
 'M' 'M' 'M' 'M' 'M' 'M' 'U' 'A' 'M' 'M' 'U' 'U' 'U' 'M' 'M' 'M' 'M' 'M'
 'M' 'M' 'U' 'M' 'M' 'M' 'M' 'M' 'M' 'M' 'M' 'M' 'M' 'U' 'M' 'M' 'M' 'M'
 'M' 'M' 'M' 'M' 'M' 'M' 'M' 'U' 'M' 'U' 'M' 'M' 'M' 'M' 'M' 'M' 'U' 'M'
 'M' 'M' 'U' 'M' 'M' 'M' 'M' 'M' 'M' 'A' 'M' 'M' 'M' 'M' 'M' 'M' 'M' 'M']"
385201,0,172,4,168,26,0,1,"['A' 'M' 'M' 'M' 'M' 'M' 'M' 'U' 'M' 'U' 'M' 'U' 'M' 'M' 'U' 'M' 'M' 'M'
 'M' 'U' 'M' 'M' 'U' 'U' 'M' 'M' 'M' 'M' 'M' 'M' 'M' 'M' 'M' 'M' 'M' 'M'
 'M' 'M' 'M' 'M' 'M' 'M' 'M' 'M' 'M' 'M' 'M' 'A' 'M' 'M' 'M' 'U' 'M' 'M'
 'M' 'M' 'M' 'M' 'M' 'M' 'M' 'M' 'M' 'M' 'M' 'M' 'M' 'M' 'U' 'M' 'M' 'U'
 'M' 'M' 'U' 'M' 'M' 'U' 'U' 'M' 'M' 'M' 'M' 'M' 'M' 'M' 'M' 'M' 'M' 'M'
 'M' 'M' 'M' 'M' 'M' 'M' 'M' 'M' 'M' 'M' 'M' 'M' 'M' 'U' 'M' 'M' 'M' 'M'
 'M' 'M' 'M' 'M' 'M' 'M' 'M' 'M' 'A' 'M' 'M' 'M' 'M' 'M' 'M' 'U' 'M' 'M'
 'M' 'M' 'U' 'M' 'M' 'M' 'U' 'A' 'M' 'M' 'U' 'M' 'U' 'M' 'M' 'M' 'M' 'M'
 'M' 'M' 'U' 'M' 'M' 'M' 'M' 'M' 'M' 'M' 'M' 'M' 'M' 'U' 'M' 'M' 'M' 'M'
 'M' 'M' 'M' 'M' 'M' 'U' 'M' 'M' 'M' 'M' 'M' 'M' 'M' 'M' 'M' 'M' 'U' 'M'
 'U' 'M' 'U' 'M' 'M' 'M' 'M' 'M' 'M' 'U' 'M' 'M' 'M' 'M' 'M' 'M' 'M' 'M']"
385301,0,171,5,166,27,0,0,"['A' 'M' 'M' 'M' 'M' 'M' 'M' 'U' 'M' 'U' 'M' 'A' 'M' 'M' 'U' 'M' 'M' 'M'
 'M' 'M' 'M' 'M' 'U' 'M' 'M' 'M' 'M' 'M' 'M' 'M' 'M' 'M' 'M' 'U' 'M' 'M'
 'M' 'M' 'M' 'U' 'M' 'M' 'M' 'M' 'M' 'M' 'M' 'A' 'M' 'M' 'M' 'U' 'M' 'M'
 'M' 'M' 'M' 'M' 'M' 'M' 'M' 'M' 'M' 'M' 'M' 'M' 'M' 'U' 'U' 'M' 'M' 'M'
 'M' 'U' 'M' 'M' 'M' 'M' 'M' 'U' 'M' 'M' 'M' 'M' 'U' 'M' 'M' 'M' 'M' 'M'
 'M' 'M' 'M' 'M' 'M' 'M' 'M' 'M' 'M' 'M' 'M' 'M' 'M' 'U' 'M' 'M' 'M' 'M'
 'M' 'M' 'M' 'M' 'M' 'M' 'M' 'M' 'A' 'M' 'M' 'M' 'M' 'M' 'M' 'U' 'M' 'M'
 'M' 'M' 'M' 'M' 'M' 'M' 'M' 'A' 'M' 'M' 'U' 'M' 'U' 'M' 'U' 'M' 'M' 'M'
 'U' 'M' 'U' 'M' 'M' 'M' 'M' 'M' 'M' 'M' 'M' 'M' 'M' 'M' 'M' 'M' 'M' 'M'
 'M' 'M' 'M' 'M' 'M' 'U' 'M' 'U' 'M' 'U' 'M' 'M' 'M' 'M' 'U' 'M' 'U' 'M'
 'M' 'M' 'M' 'U' 'M' 'M' 'M' 'U' 'M' 'U' 'M' 'M' 'M' 'M' 'M' 'M' 'M' 'M']"
385401,0,170,3,167,28,0,0,"['A' 'M' 'M' 'U' 'M' 'U' 'M' 'U' 'M' 'U' 'M' 'U' 'M' 'U' 'M' 'M' 'M' 'M'
 'U' 'M' 'M' 'M' 'U' 'M' 'M' 'M' 'M' 'M' 'M' 'M' 'M' 'M' 'M' 'U' 'M' 'M'
 'M' 'M' 'M' 'U' 'M' 'M' 'M' 'M' 'M' 'M' 'M' 'A' 'M' 'M' 'M' 'M' 'M' 'M'
 'M' 'M' 'M' 'M' 'M' 'M' 'M' 'M' 'M' 'U' 'M' 'M' 'M' 'M' 'M' 'M' 'M' 'M'
 'M' 'M' 'M' 'M' 'M' 'M' 'M' 'M' 'M' 'M' 'M' 'M' 'U' 'M' 'U' 'U' 'U' 'M'
 'M' 'M' 'U' 'M' 'M' 'M' 'M' 'M' 'M' 'M' 'M' 'M' 'M' 'U' 'M' 'M' 'M' 'M'
 'M' 'M' 'M' 'M' 'M' 'M' 'M' 'U' 'A' 'M' 'M' 'M' 'M' 'M' 'M' 'M' 'M' 'M'
 'M' 'M' 'M' 'M' 'M' 'M' 'M' 'U' 'M' 'M' 'M' 'M' 'M' 'M' 'M' 'M' 'M' 'M'
 'U' 'M' 'M' 'M' 'M' 'M' 'M' 'M' 'M' 'M' 'M' 'M' 'M' 'M' 'M' 'M' 'M' 'M'
 'M' 'M' 'M' 'M' 'U' 'U' 'M' 'U' 'M' 'U' 'M' 'M' 'M' 'M' 'U' 'M' 'M' 'M'
 'M' 'M' 'M' 'U' 'M' 'M' 'M' 'U' 'M' 'U' 'M' 'M' 'M' 'M' 'M' 'M' 'M' 'M']"
385501,0,174,3,171,24,0,0,"['A' 'M' 'M' 'M' 'M' 'U' 'M' 'U' 'M' 'U' 'M' 'U' 'M' 'U' 'M' 'M' 'M' 'M'
 'U' 'M' 'M' 'M' 'M' 'M' 'M' 'M' 'M' 'M' 'M' 'M' 'M' 'M' 'M' 'U' 'M' 'U'
 'M' 'M' 'M' 'U' 'M' 'M' 'M' 'M' 'M' 'M' 'M' 'A' 'M' 'M' 'M' 'M' 'M' 'M'
 'M' 'M' 'M' 'M' 'M' 'M' 'M' 'M' 'M' 'M' 'M' 'M' 'M' 'M' 'M' 'M' 'U' 'M'
 'M' 'M' 'U' 'M' 'M' 'M' 'U' 'M' 'M' 'M' 'M' 'M' 'M' 'M' 'M' 'M' 'M' 'M'
 'M' 'M' 'M' 'U' 'U' 'M' 'M' 'M' 'M' 'M' 'M' 'U' 'M' 'U' 'M' 'M' 'M' 'M'
 'M' 'M' 'M' 'M' 'M' 'M' 'M' 'U' 'A' 'M' 'M' 'M' 'M' 'M' 'M' 'M' 'M' 'M'
 'M' 'M' 'M' 'M' 'M' 'M' 'M' 'U' 'M' 'M' 'M' 'M' 'M' 'M' 'M' 'M' 'M' 'M'
 'M' 'M' 'M' 'M' 'M' 'M' 'M' 'M' 'M' 'M' 'M' 'M' 'M' 'M' 'M' 'M' 'M' 'M'
 'M' 'M' 'M' 'M' 'U' 'M' 'M' 'M' 'U' 'U' 'M' 'M' 'M' 'M' 'U' 'M' 'M' 'M'
 'M' 'M' 'M' 'M' 'M' 'M' 'M' 'U' 'M' 'U' 'M' 'M' 'M' 'M' 'M' 'M' 'M' 'M']"
385601,0,178,4,174,20,0,0,"['A' 'M' 'M' 'M' 'M' 'U' 'M' 'U' 'M' 'M' 'M' 'U' 'U' 'M' 'M' 'M' 'M' 'M'
 'M' 'M' 'M' 'M' 'M' 'M' 'M' 'M' 'M' 'M' 'M' 'M' 'M' 'M' 'M' 'U' 'M' 'U'
 'M' 'M' 'M' 'U' 'M' 'M' 'M' 'M' 'M' 'U' 'M' 'A' 'M' 'M' 'M' 'M' 'M' 'M'
 'U' 'M' 'M' 'M' 'M' 'M' 'M' 'M' 'M' 'M' 'M' 'M' 'M' 'M' 'M' 'M' 'M' 'M'
 'M' 'U' 'M' 'M' 'M' 'U' 'M' 'M' 'U' 'M' 'M' 'M' 'M' 'M' 'U' 'U' 'M' 'M'
 'M' 'M' 'M' 'M' 'M' 'M' 'M' 'M' 'M' 'M' 'M' 'A' 'M' 'U' 'M' 'M' 'M' 'M'
 'M' 'M' 'M' 'M' 'M' 'M' 'M' 'U' 'A' 'M' 'M' 'M' 'M' 'M' 'M' 'M' 'M' 'M'
 'M' 'M' 'M' 'M' 'M' 'M' 'M' 'M' 'M' 'M' 'M' 'M' 'M' 'M' 'M' 'M' 'M' 'M'
 'M' 'M' 'M' 'M' 'M' 'M' 'M' 'M' 'M' 'M' 'M' 'M' 'M' 'M' 'M' 'M' 'M' 'M'
 'M' 'M' 'M' 'M' 'U' 'M' 'M' 'M' 'M' 'U' 'M' 'M' 'M' 'M' 'U' 'M' 'M' 'M'
 'M' 'M' 'M' 'M' 'M' 'M' 'M' 'M' 'M' 'U' 'M' 'M' 'M' 'M' 'M' 'M' 'M' 'M']"
385701,0,170,2,168,28,1,0,"['A' 'M' 'M' 'M' 'M' 'U' 'M' 'U' 'M' 'M' 'M' 'U' 'M' 'M' 'M' 'M' 'M' 'M'
 'M' 'M' 'M' 'M' 'M' 'M' 'M' 'M' 'M' 'M' 'M' 'M' 'M' 'M' 'M' 'U' 'M' 'U'
 'M' 'M' 'M' 'M' 'M' 'M' 'U' 'M' 'M' 'U' 'M' 'U' 'M' 'M' 'M' 'M' 'M' 'M'
 'M' 'U' 'M' 'M' 'M' 'M' 'M' 'M' 'M' 'M' 'M' 'U' 'M' 'M' 'M' 'M' 'M' 'M'
 'M' 'M' 'M' 'M' 'U' 'M' 'M' 'M' 'U' 'M' 'M' 'M' 'M' 'U' 'M' 'M' 'M' 'M'
 'M' 'M' 'M' 'U' 'M' 'U' 'M' 'M' 'M' 'M' 'M' 'U' 'M' 'U' 'M' 'U' 'M' 'M'
 'M' 'M' 'M' 'M' 'U' 'M' 'M' 'U' 'A' 'M' 'M' 'M' 'M' 'M' 'M' 'M' 'M' 'M'
 'M' 'M' 'M' 'M' 'M' 'M' 'M' 'M' 'M' 'M' 'M' 'M' 'M' 'M' 'M' 'M' 'M' 'M'
 'M' 'M' 'M' 'M' 'M' 'M' 'M' 'M' 'M' 'M' 'M' 'M' 'M' 'M' 'M' 'M' 'M' 'M'
 'M' 'M' 'M' 'M' 'U' 'U' 'M' 'M' 'M' 'U' 'M' 'M' 'M' 'M' 'U' 'M' 'U' 'M'
 'M' 'M' 'M' 'M' 'M' 'U' 'M' 'M' 'M' 'U' 'M' 'M' 'M' 'M' 'M' 'M' 'M' 'U']"
385801,0,173,3,170,25,1,0,"['A' 'M' 'M' 'M' 'M' 'U' 'M' 'U' 'M' 'M' 'M' 'U' 'M' 'M' 'M' 'M' 'M' 'M'
 'M' 'M' 'M' 'M' 'M' 'M' 'M' 'M' 'M' 'M' 'M' 'U' 'M' 'M' 'M' 'M' 'M' 'U'
 'M' 'M' 'M' 'M' 'M' 'M' 'U' 'M' 'M' 'M' 'M' 'U' 'M' 'M' 'M' 'M' 'M' 'M'
 'M' 'U' 'M' 'M' 'M' 'M' 'M' 'M' 'M' 'M' 'M' 'U' 'M' 'M' 'M' 'M' 'M' 'M'
 'M' 'M' 'M' 'U' 'U' 'M' 'U' 'M' 'M' 'M' 'M' 'M' 'M' 'M' 'M' 'M' 'M' 'U'
 'M' 'M' 'M' 'M' 'M' 'U' 'M' 'M' 'M' 'M' 'M' 'U' 'U' 'M' 'M' 'U' 'M' 'M'
 'M' 'M' 'M' 'M' 'M' 'M' 'U' 'A' 'A' 'M' 'M' 'M' 'M' 'M' 'M' 'M' 'M' 'M'
 'M' 'M' 'M' 'M' 'M' 'M' 'M' 'M' 'M' 'M' 'M' 'M' 'M' 'M' 'M' 'M' 'U' 'M'
 'M' 'M' 'M' 'M' 'M' 'M' 'M' 'M' 'M' 'M' 'M' 'M' 'M' 'M' 'M' 'U' 'M' 'M'
 'M' 'M' 'M' 'M' 'U' 'U' 'M' 'M' 'M' 'U' 'M' 'M' 'M' 'M' 'U' 'M' 'M' 'M'
 'M' 'M' 'M' 'M' 'M' 'M' 'M' 'U' 'M' 'M' 'M' 'M' 'M' 'M' 'M' 'M' 'M' 'M']"
385901,0,170,2,168,28,1,0,"['A' 'M' 'M' 'U' 'M' 'U' 'M' 'M' 'M' 'M' 'M' 'U' 'M' 'M' 'M' 'M' 'M' 'M'
 'M' 'M' 'M' 'M' 'M' 'M' 'M' 'M' 'M' 'M' 'M' 'M' 'M' 'M' 'M' 'M' 'M' 'U'
 'M' 'M' 'M' 'M' 'M' 'M' 'M' 'U' 'M' 'M' 'U' 'M' 'M' 'M' 'M' 'M' 'M' 'M'
 'M' 'U' 'M' 'M' 'U' 'U' 'M' 'M' 'M' 'M' 'M' 'M' 'U' 'M' 'M' 'M' 'M' 'M'
 'M' 'M' 'M' 'M' 'M' 'U' 'U' 'M' 'M' 'U' 'M' 'M' 'M' 'M' 'M' 'U' 'M' 'M'
 'M' 'M' 'M' 'M' 'M' 'U' 'M' 'U' 'M' 'M' 'M' 'M' 'U' 'M' 'M' 'U' 'M' 'M'
 'M' 'M' 'M' 'U' 'M' 'M' 'U' 'A' 'M' 'M' 'M' 'M' 'M' 'M' 'M' 'M' 'M' 'M'
 'M' 'M' 'M' 'M' 'M' 'M' 'M' 'M' 'M' 'M' 'M' 'M' 'M' 'M' 'M' 'M' 'U' 'M'
 'M' 'M' 'M' 'M' 'U' 'M' 'M' 'M' 'M' 'M' 'U' 'M' 'M' 'M' 'M' 'M' 'M' 'M'
 'M' 'M' 'M' 'M' 'U' 'U' 'M' 'M' 'M' 'U' 'M' 'U' 'M' 'M' 'U' 'M' 'M' 'M'
 'M' 'M' 'M' 'M' 'M' 'M' 'M' 'M' 'M' 'M' 'M' 'M' 'M' 'M' 'M' 'M' 'M' 'M']"
386001,0,166,2,164,32,0,0,"['A' 'M' 'M' 'U' 'U' 'U' 'M' 'M' 'M' 'M' 'M' 'M' 'M' 'M' 'M' 'M' 'U' 'M'
 'M' 'M' 'M' 'M' 'M' 'M' 'M' 'M' 'M' 'M' 'M' 'M' 'U' 'M' 'U' 'M' 'M' 'M'
 'M' 'M' 'M' 'U' 'M' 'M' 'M' 'U' 'M' 'M' 'U' 'M' 'M' 'M' 'M' 'M' 'M' 'M'
 'M' 'U' 'M' 'M' 'U' 'U' 'M' 'M' 'M' 'M' 'M' 'M' 'M' 'U' 'M' 'M' 'M' 'M'
 'M' 'M' 'M' 'M' 'M' 'M' 'M' 'M' 'M' 'M' 'M' 'U' 'M' 'U' 'M' 'M' 'M' 'U'
 'M' 'U' 'M' 'M' 'M' 'U' 'M' 'M' 'M' 'M' 'M' 'M' 'U' 'M' 'M' 'M' 'M' 'M'
 'M' 'M' 'M' 'U' 'M' 'U' 'U' 'A' 'M' 'M' 'M' 'M' 'U' 'M' 'M' 'M' 'M' 'M'
 'M' 'U' 'M' 'M' 'M' 'M' 'M' 'M' 'M' 'M' 'M' 'M' 'M' 'M' 'M' 'U' 'U' 'M'
 'M' 'M' 'M' 'M' 'M' 'M' 'M' 'M' 'M' 'M' 'U' 'M' 'M' 'M' 'M' 'M' 'M' 'M'
 'M' 'M' 'M' 'M' 'U' 'U' 'M' 'M' 'U' 'U' 'M' 'U' 'M' 'M' 'M' 'M' 'M' 'M'
 'M' 'M' 'M' 'M' 'M' 'M' 'M' 'M' 'M' 'M' 'M' 'M' 'M' 'M' 'M' 'M' 'M' 'M']"
386101,1,168,2,166,30,0,0,"['A' 'M' 'M' 'M' 'M' 'U' 'M' 'M' 'M' 'M' 'M' 'M' 'M' 'M' 'M' 'M' 'M' 'M'
 'M' 'M' 'M' 'M' 'M' 'U' 'M' 'M' 'M' 'M' 'M' 'M' 'U' 'M' 'U' 'M' 'M' 'M'
 'M' 'M' 'M' 'U' 'M' 'M' 'M' 'U' 'M' 'M' 'U' 'M' 'M' 'M' 'M' 'M' 'M' 'M'
 'M' 'M' 'M' 'M' 'U' 'U' 'M' 'M' 'M' 'M' 'M' 'M' 'M' 'M' 'U' 'M' 'U' 'M'
 'M' 'M' 'M' 'M' 'M' 'M' 'M' 'M' 'M' 'U' 'M' 'M' 'M' 'U' 'M' 'M' 'M' 'M'
 'M' 'M' 'M' 'M' 'U' 'U' 'M' 'M' 'M' 'M' 'M' 'M' 'M' 'M' 'M' 'M' 'M' 'M'
 'U' 'M' 'M' 'U' 'M' 'U' 'U' 'A' 'M' 'M' 'M' 'M' 'U' 'M' 'M' 'M' 'M' 'M'
 'M' 'U' 'M' 'M' 'M' 'M' 'U' 'U' 'M' 'M' 'M' 'M' 'M' 'M' 'M' 'U' 'U' 'M'
 'M' 'M' 'M' 'M' 'M' 'M' 'M' 'M' 'M' 'M' 'U' 'M' 'M' 'M' 'M' 'M' 'M' 'M'
 'U' 'M' 'M' 'M' 'M' 'M' 'M' 'M' 'U' 'U' 'M' 'U' 'M' 'M' 'M' 'M' 'M' 'M'
 'M' 'M' 'M' 'M' 'M' 'M' 'M' 'M' 'M' 'M' 'M' 'M' 'M' 'M' 'M' 'M' 'M' 'M']"
386201,1,162,2,160,36,0,0,"['A' 'M' 'M' 'M' 'M' 'U' 'M' 'M' 'M' 'M' 'M' 'M' 'M' 'M' 'M' 'M' 'M' 'M'
 'M' 'M' 'M' 'M' 'M' 'U' 'M' 'M' 'M' 'M' 'M' 'M' 'M' 'M' 'U' 'M' 'M' 'M'
 'M' 'M' 'M' 'U' 'M' 'M' 'M' 'M' 'M' 'M' 'M' 'M' 'M' 'M' 'M' 'M' 'M' 'M'
 'M' 'M' 'M' 'M' 'U' 'U' 'M' 'M' 'M' 'M' 'M' 'M' 'M' 'U' 'M' 'U' 'M' 'M'
 'U' 'U' 'M' 'M' 'M' 'M' 'U' 'M' 'M' 'M' 'M' 'M' 'M' 'M' 'M' 'M' 'M' 'M'
 'M' 'M' 'M' 'M' 'M' 'U' 'U' 'M' 'M' 'M' 'M' 'U' 'M' 'M' 'U' 'M' 'M' 'M'
 'U' 'M' 'M' 'M' 'M' 'U' 'U' 'A' 'M' 'U' 'M' 'M' 'M' 'M' 'M' 'M' 'M' 'M'
 'M' 'U' 'M' 'M' 'M' 'M' 'U' 'U' 'U' 'U' 'U' 'U' 'U' 'M' 'M' 'U' 'U' 'M'
 'M' 'M' 'M' 'M' 'M' 'M' 'M' 'M' 'M' 'M' 'U' 'M' 'M' 'M' 'M' 'M' 'M' 'M'
 'U' 'U' 'M' 'M' 'M' 'M' 'M' 'M' 'U' 'U' 'M' 'M' 'M' 'M' 'M' 'M' 'M' 'M'
 'M' 'M' 'M' 'M' 'M' 'M' 'M' 'M' 'M' 'M' 'M' 'U' 'M' 'U' 'M' 'M' 'M' 'M']"
386301,0,168,2,166,30,0,1,"['A' 'M' 'M' 'M' 'M' 'M' 'M' 'M' 'M' 'M' 'M' 'M' 'M' 'M' 'M' 'M' 'U' 'M'
 'M' 'M' 'M' 'M' 'M' 'U' 'M' 'M' 'M' 'M' 'M' 'M' 'M' 'M' 'M' 'M' 'M' 'M'
 'M' 'M' 'M' 'M' 'M' 'M' 'M' 'M' 'M' 'M' 'M' 'M' 'M' 'M' 'M' 'M' 'M' 'M'
 'M' 'M' 'M' 'M' 'M' 'M' 'U' 'M' 'M' 'M' 'M' 'M' 'M' 'M' 'M' 'M' 'M' 'M'
 'M' 'M' 'M' 'M' 'M' 'M' 'M' 'M' 'U' 'U' 'M' 'M' 'U' 'M' 'M' 'M' 'M' 'U'
 'M' 'M' 'U' 'M' 'M' 'M' 'U' 'M' 'M' 'M' 'M' 'U' 'M' 'M' 'U' 'M' 'M' 'M'
 'U' 'M' 'M' 'M' 'M' 'U' 'U' 'A' 'M' 'M' 'M' 'M' 'M' 'M' 'M' 'M' 'M' 'U'
 'M' 'U' 'M' 'M' 'M' 'M' 'U' 'M' 'U' 'U' 'U' 'M' 'M' 'M' 'U' 'M' 'U' 'M'
 'M' 'M' 'M' 'M' 'M' 'M' 'M' 'M' 'M' 'M' 'U' 'M' 'M' 'M' 'M' 'U' 'M' 'M'
 'U' 'U' 'M' 'M' 'M' 'M' 'M' 'M' 'U' 'U' 'M' 'M' 'M' 'M' 'M' 'M' 'M' 'M'
 'M' 'M' 'M' 'M' 'M' 'M' 'M' 'M' 'M' 'M' 'M' 'U' 'M' 'U' 'M' 'M' 'M' 'M']"
386401,0,167,2,165,31,1,0,"['A' 'M' 'M' 'M' 'M' 'M' 'M' 'M' 'M' 'M' 'M' 'M' 'M' 'M' 'M' 'M' 'U' 'M'
 'M' 'M' 'M' 'M' 'M' 'U' 'M' 'M' 'U' 'M' 'M' 'M' 'M' 'M' 'M' 'M' 'M' 'M'
 'U' 'M' 'M' 'M' 'M' 'M' 'M' 'M' 'M' 'M' 'M' 'M' 'M' 'M' 'M' 'M' 'M' 'M'
 'M' 'U' 'M' 'M' 'M' 'M' 'M' 'M' 'M' 'M' 'M' 'M' 'M' 'U' 'M' 'M' 'M' 'M'
 'M' 'M' 'M' 'M' 'U' 'M' 'M' 'M' 'M' 'U' 'M' 'M' 'M' 'M' 'U' 'M' 'M' 'U'
 'M' 'M' 'M' 'M' 'M' 'M' 'M' 'M' 'M' 'M' 'M' 'M' 'M' 'M' 'U' 'M' 'M' 'M'
 'M' 'M' 'M' 'M' 'M' 'U' 'U' 'A' 'M' 'M' 'U' 'M' 'M' 'M' 'M' 'M' 'M' 'U'
 'M' 'U' 'M' 'M' 'M' 'M' 'U' 'M' 'U' 'U' 'U' 'M' 'M' 'M' 'U' 'M' 'U' 'M'
 'M' 'M' 'M' 'M' 'M' 'M' 'M' 'M' 'M' 'M' 'U' 'M' 'M' 'M' 'U' 'U' 'M' 'M'
 'U' 'U' 'M' 'M' 'M' 'M' 'M' 'M' 'U' 'U' 'M' 'M' 'M' 'M' 'M' 'M' 'M' 'M'
 'M' 'M' 'M' 'M' 'M' 'M' 'M' 'M' 'M' 'M' 'U' 'U' 'M' 'M' 'M' 'M' 'M' 'M']"
386501,0,167,3,164,31,0,0,"['A' 'M' 'M' 'M' 'M' 'U' 'M' 'M' 'M' 'U' 'M' 'M' 'M' 'M' 'U' 'M' 'U' 'M'
 'M' 'M' 'M' 'M' 'M' 'U' 'M' 'M' 'M' 'M' 'M' 'M' 'M' 'M' 'M' 'M' 'M' 'M'
 'M' 'M' 'M' 'M' 'M' 'M' 'M' 'M' 'M' 'M' 'M' 'M' 'M' 'M' 'M' 'M' 'M' 'M'
 'M' 'U' 'U' 'M' 'M' 'M' 'M' 'U' 'M' 'M' 'M' 'M' 'M' 'M' 'M' 'M' 'M' 'U'
 'M' 'U' 'M' 'M' 'M' 'M' 'M' 'U' 'M' 'M' 'M' 'M' 'M' 'M' 'M' 'M' 'U' 'M'
 'U' 'M' 'M' 'M' 'M' 'M' 'M' 'M' 'M' 'M' 'M' 'M' 'M' 'M' 'U' 'M' 'U' 'M'
 'M' 'M' 'M' 'M' 'M' 'A' 'M' 'A' 'M' 'M' 'U' 'M' 'M' 'M' 'M' 'M' 'M' 'U'
 'M' 'U' 'M' 'M' 'M' 'M' 'U' 'M' 'M' 'M' 'M' 'M' 'M' 'M' 'U' 'M' 'U' 'M'
 'M' 'M' 'M' 'M' 'M' 'M' 'M' 'M' 'M' 'M' 'U' 'M' 'M' 'M' 'U' 'U' 'M' 'M'
 'U' 'U' 'M' 'M' 'M' 'M' 'M' 'M' 'U' 'U' 'M' 'M' 'M' 'M' 'M' 'M' 'M' 'M'
 'M' 'M' 'M' 'M' 'M' 'M' 'M' 'M' 'M' 'U' 'U' 'U' 'M' 'M' 'M' 'M' 'M' 'M']"
386601,0,164,3,161,34,0,0,"['A' 'M' 'M' 'M' 'M' 'U' 'M' 'M' 'M' 'M' 'M' 'M' 'M' 'M' 'U' 'M' 'A' 'U'
 'M' 'M' 'M' 'M' 'M' 'U' 'M' 'M' 'M' 'M' 'M' 'M' 'M' 'M' 'M' 'M' 'M' 'U'
 'U' 'M' 'M' 'M' 'M' 'M' 'M' 'M' 'M' 'M' 'M' 'M' 'M' 'M' 'M' 'M' 'M' 'M'
 'M' 'M' 'U' 'M' 'M' 'M' 'M' 'U' 'M' 'M' 'M' 'U' 'M' 'M' 'M' 'M' 'M' 'M'
 'M' 'U' 'M' 'U' 'M' 'M' 'M' 'M' 'M' 'M' 'M' 'M' 'M' 'U' 'M' 'M' 'M' 'U'
 'M' 'M' 'M' 'M' 'M' 'M' 'M' 'M' 'M' 'M' 'M' 'M' 'M' 'M' 'U' 'M' 'U' 'M'
 'M' 'M' 'M' 'M' 'M' 'U' 'M' 'A' 'M' 'M' 'U' 'M' 'M' 'U' 'M' 'M' 'M' 'M'
 'M' 'U' 'M' 'U' 'M' 'M' 'U' 'M' 'M' 'M' 'M' 'M' 'M' 'M' 'U' 'M' 'U' 'M'
 'M' 'M' 'M' 'M' 'M' 'M' 'M' 'U' 'M' 'M' 'U' 'M' 'M' 'M' 'U' 'M' 'M' 'M'
 'U' 'U' 'M' 'M' 'M' 'M' 'M' 'M' 'U' 'U' 'M' 'M' 'M' 'M' 'M' 'M' 'M' 'M'
 'M' 'M' 'M' 'M' 'U' 'M' 'M' 'M' 'M' 'U' 'M' 'U' 'M' 'M' 'U' 'M' 'M' 'M']"
386701,0,167,4,163,31,0,0,"['A' 'M' 'M' 'M' 'M' 'M' 'M' 'M' 'M' 'M' 'M' 'M' 'M' 'M' 'U' 'M' 'A' 'U'
 'M' 'M' 'M' 'M' 'M' 'M' 'M' 'M' 'M' 'M' 'M' 'M' 'M' 'M' 'M' 'M' 'M' 'U'
 'M' 'M' 'M' 'M' 'M' 'M' 'M' 'M' 'M' 'M' 'M' 'M' 'M' 'M' 'M' 'M' 'M' 'M'
 'M' 'M' 'U' 'M' 'M' 'M' 'M' 'U' 'M' 'M' 'M' 'M' 'M' 'M' 'M' 'M' 'M' 'U'
 'M' 'M' 'M' 'M' 'M' 'M' 'M' 'M' 'U' 'M' 'M' 'M' 'M' 'M' 'M' 'M' 'M' 'U'
 'M' 'U' 'U' 'M' 'M' 'M' 'M' 'U' 'M' 'M' 'M' 'M' 'M' 'M' 'U' 'M' 'U' 'M'
 'M' 'M' 'M' 'M' 'U' 'U' 'M' 'A' 'M' 'M' 'U' 'M' 'M' 'U' 'M' 'M' 'M' 'M'
 'M' 'U' 'M' 'U' 'M' 'M' 'M' 'M' 'M' 'M' 'M' 'M' 'M' 'M' 'M' 'M' 'U' 'M'
 'M' 'M' 'M' 'M' 'M' 'M' 'M' 'U' 'M' 'M' 'U' 'M' 'M' 'M' 'M' 'M' 'M' 'M'
 'U' 'U' 'M' 'M' 'M' 'U' 'M' 'M' 'A' 'U' 'M' 'M' 'U' 'M' 'M' 'M' 'M' 'M'
 'M' 'U' 'M' 'M' 'U' 'M' 'M' 'M' 'M' 'M' 'M' 'M' 'U' 'M' 'M' 'M' 'U' 'M']"
386801,0,155,7,148,43,1,0,"['A' 'M' 'M' 'M' 'M' 'M' 'M' 'M' 'M' 'M' 'M' 'M' 'M' 'M' 'U' 'M' 'A' 'U'
 'M' 'M' 'M' 'M' 'M' 'M' 'M' 'M' 'M' 'M' 'M' 'M' 'M' 'M' 'M' 'M' 'M' 'M'
 'M' 'M' 'M' 'M' 'M' 'M' 'M' 'M' 'U' 'M' 'M' 'M' 'M' 'M' 'M' 'U' 'M' 'M'
 'M' 'M' 'U' 'M' 'M' 'M' 'M' 'U' 'M' 'M' 'M' 'M' 'U' 'M' 'M' 'M' 'M' 'M'
 'M' 'M' 'M' 'U' 'M' 'M' 'M' 'M' 'U' 'M' 'U' 'U' 'M' 'M' 'M' 'M' 'M' 'M'
 'M' 'M' 'M' 'M' 'M' 'M' 'M' 'U' 'M' 'M' 'M' 'M' 'M' 'M' 'U' 'M' 'U' 'M'
 'U' 'M' 'M' 'M' 'U' 'M' 'M' 'A' 'M' 'M' 'U' 'M' 'M' 'U' 'M' 'M' 'M' 'M'
 'U' 'U' 'M' 'U' 'M' 'U' 'M' 'U' 'U' 'U' 'U' 'U' 'U' 'M' 'M' 'M' 'U' 'M'
 'U' 'M' 'M' 'M' 'U' 'M' 'M' 'U' 'M' 'M' 'A' 'M' 'M' 'M' 'M' 'M' 'M' 'M'
 'A' 'U' 'M' 'M' 'U' 'U' 'M' 'U' 'A' 'U' 'M' 'M' 'U' 'U' 'U' 'M' 'M' 'M'
 'M' 'U' 'M' 'M' 'A' 'M' 'M' 'M' 'M' 'M' 'M' 'M' 'U' 'M' 'M' 'M' 'U' 'M']"
386901,1,150,5,145,48,0,0,"['A' 'M' 'M' 'M' 'M' 'M' 'M' 'M' 'M' 'M' 'M' 'U' 'M' 'M' 'U' 'M' 'U' 'U'
 'M' 'M' 'U' 'M' 'M' 'M' 'M' 'M' 'M' 'M' 'M' 'M' 'M' 'M' 'M' 'M' 'M' 'M'
 'M' 'M' 'M' 'U' 'M' 'M' 'M' 'M' 'M' 'M' 'M' 'M' 'M' 'M' 'M' 'U' 'M' 'M'
 'M' 'M' 'U' 'M' 'M' 'M' 'M' 'U' 'M' 'M' 'M' 'U' 'M' 'M' 'M' 'M' 'M' 'M'
 'U' 'M' 'M' 'M' 'U' 'U' 'M' 'M' 'M' 'M' 'M' 'M' 'M' 'M' 'M' 'M' 'M' 'M'
 'M' 'M' 'U' 'M' 'M' 'M' 'M' 'U' 'M' 'M' 'M' 'M' 'M' 'M' 'U' 'M' 'M' 'M'
 'U' 'M' 'M' 'U' 'U' 'M' 'M' 'A' 'M' 'M' 'U' 'M' 'M' 'A' 'U' 'M' 'M' 'M'
 'U' 'U' 'M' 'U' 'M' 'U' 'U' 'U' 'U' 'U' 'U' 'U' 'U' 'M' 'M' 'M' 'M' 'M'
 'U' 'M' 'M' 'M' 'U' 'M' 'M' 'M' 'M' 'M' 'U' 'M' 'M' 'M' 'M' 'M' 'M' 'M'
 'A' 'U' 'M' 'U' 'U' 'U' 'M' 'M' 'A' 'U' 'M' 'M' 'U' 'U' 'U' 'M' 'M' 'M'
 'M' 'U' 'M' 'U' 'U' 'M' 'M' 'M' 'M' 'M' 'U' 'M' 'M' 'M' 'M' 'M' 'U' 'M']"
387001,0,156,8,148,42,0,0,"['A' 'M' 'M' 'M' 'M' 'M' 'M' 'M' 'M' 'M' 'M' 'U' 'M' 'U' 'U' 'M' 'M' 'U'
 'M' 'M' 'U' 'M' 'M' 'M' 'M' 'M' 'M' 'M' 'M' 'M' 'M' 'M' 'M' 'M' 'U' 'M'
 'M' 'M' 'M' 'U' 'M' 'M' 'U' 'M' 'M' 'M' 'M' 'M' 'M' 'M' 'M' 'M' 'M' 'M'
 'M' 'M' 'M' 'M' 'M' 'M' 'M' 'U' 'M' 'M' 'M' 'M' 'M' 'M' 'M' 'M' 'U' 'U'
 'M' 'M' 'U' 'M' 'M' 'M' 'M' 'U' 'U' 'M' 'M' 'M' 'M' 'M' 'M' 'M' 'M' 'M'
 'M' 'M' 'M' 'M' 'M' 'M' 'M' 'U' 'M' 'M' 'M' 'M' 'M' 'M' 'U' 'M' 'M' 'M'
 'M' 'M' 'M' 'U' 'M' 'M' 'M' 'A' 'M' 'M' 'M' 'M' 'M' 'A' 'M' 'M' 'M' 'M'
 'U' 'M' 'M' 'U' 'U' 'U' 'U' 'U' 'U' 'U' 'U' 'U' 'U' 'M' 'M' 'M' 'M' 'M'
 'A' 'M' 'M' 'M' 'U' 'M' 'M' 'M' 'M' 'U' 'U' 'M' 'M' 'M' 'M' 'M' 'M' 'M'
 'A' 'U' 'M' 'A' 'U' 'U' 'M' 'M' 'A' 'U' 'M' 'M' 'U' 'U' 'U' 'M' 'M' 'M'
 'M' 'A' 'M' 'U' 'U' 'M' 'M' 'M' 'M' 'M' 'U' 'M' 'M' 'M' 'M' 'M' 'U' 'M']"
387101,0,154,3,151,44,0,0,"['A' 'M' 'M' 'M' 'M' 'M' 'M' 'M' 'M' 'M' 'M' 'U' 'M' 'U' 'U' 'M' 'M' 'U'
 'M' 'M' 'M' 'M' 'M' 'M' 'M' 'U' 'M' 'M' 'M' 'M' 'M' 'M' 'M' 'M' 'U' 'M'
 'M' 'M' 'M' 'U' 'M' 'M' 'U' 'M' 'M' 'M' 'M' 'M' 'M' 'M' 'M' 'M' 'M' 'M'
 'M' 'M' 'M' 'M' 'M' 'M' 'M' 'U' 'M' 'M' 'M' 'M' 'M' 'U' 'M' 'M' 'U' 'M'
 'M' 'M' 'M' 'M' 'M' 'M' 'M' 'M' 'U' 'M' 'U' 'M' 'M' 'M' 'M' 'M' 'U' 'M'
 'M' 'M' 'M' 'M' 'M' 'M' 'M' 'U' 'M' 'M' 'M' 'M' 'M' 'M' 'U' 'M' 'M' 'M'
 'M' 'M' 'M' 'U' 'M' 'M' 'M' 'A' 'M' 'M' 'M' 'M' 'M' 'A' 'M' 'M' 'M' 'M'
 'U' 'U' 'M' 'U' 'U' 'U' 'U' 'U' 'U' 'U' 'M' 'U' 'U' 'M' 'M' 'M' 'M' 'M'
 'U' 'M' 'M' 'M' 'U' 'M' 'M' 'M' 'M' 'U' 'U' 'M' 'M' 'M' 'M' 'M' 'M' 'U'
 'U' 'U' 'M' 'M' 'U' 'U' 'M' 'M' 'U' 'U' 'M' 'M' 'U' 'U' 'U' 'M' 'M' 'M'
 'M' 'U' 'M' 'M' 'M' 'M' 'M' 'M' 'M' 'M' 'M' 'M' 'M' 'M' 'M' 'M' 'U' 'M']"
387201,0,155,3,152,43,0,1,"['A' 'M' 'M' 'M' 'M' 'M' 'M' 'M' 'M' 'M' 'M' 'M' 'M' 'U' 'U' 'M' 'M' 'U'
 'M' 'M' 'M' 'M' 'M' 'M' 'M' 'M' 'U' 'M' 'M' 'M' 'M' 'M' 'M' 'M' 'U' 'M'
 'M' 'M' 'M' 'M' 'M' 'M' 'U' 'M' 'M' 'M' 'M' 'M' 'M' 'M' 'M' 'U' 'M' 'M'
 'M' 'M' 'M' 'M' 'M' 'M' 'M' 'M' 'M' 'M' 'M' 'M' 'M' 'M' 'M' 'M' 'U' 'M'
 'M' 'M' 'M' 'U' 'M' 'M' 'M' 'M' 'M' 'M' 'M' 'M' 'M' 'M' 'M' 'M' 'M' 'M'
 'U' 'M' 'U' 'M' 'U' 'M' 'M' 'U' 'M' 'M' 'U' 'M' 'U' 'M' 'U' 'M' 'M' 'U'
 'M' 'M' 'M' 'U' 'M' 'M' 'M' 'A' 'M' 'M' 'M' 'M' 'M' 'A' 'M' 'M' 'M' 'M'
 'U' 'U' 'M' 'U' 'U' 'U' 'M' 'U' 'U' 'U' 'M' 'U' 'M' 'M' 'M' 'M' 'M' 'M'
 'M' 'M' 'U' 'M' 'U' 'M' 'U' 'M' 'M' 'U' 'M' 'M' 'M' 'M' 'M' 'M' 'M' 'U'
 'M' 'U' 'M' 'M' 'M' 'U' 'M' 'M' 'U' 'U' 'M' 'M' 'U' 'U' 'U' 'M' 'M' 'U'
 'M' 'U' 'M' 'M' 'M' 'M' 'M' 'M' 'M' 'M' 'M' 'M' 'M' 'M' 'M' 'U' 'U' 'M']"
387301,0,152,3,149,46,0,0,"['A' 'M' 'M' 'M' 'M' 'M' 'M' 'M' 'M' 'M' 'M' 'M' 'M' 'U' 'U' 'M' 'M' 'U'
 'U' 'M' 'M' 'M' 'M' 'M' 'M' 'M' 'U' 'U' 'M' 'M' 'M' 'M' 'M' 'M' 'U' 'M'
 'M' 'U' 'M' 'M' 'U' 'M' 'U' 'M' 'M' 'M' 'M' 'M' 'M' 'M' 'M' 'U' 'M' 'M'
 'M' 'M' 'M' 'M' 'M' 'M' 'M' 'M' 'M' 'M' 'M' 'M' 'M' 'U' 'U' 'M' 'M' 'M'
 'M' 'M' 'M' 'M' 'M' 'U' 'M' 'U' 'M' 'M' 'M' 'M' 'M' 'M' 'M' 'M' 'M' 'M'
 'M' 'U' 'M' 'M' 'M' 'M' 'M' 'U' 'M' 'U' 'M' 'M' 'U' 'M' 'U' 'M' 'M' 'M'
 'M' 'M' 'M' 'A' 'M' 'M' 'M' 'A' 'M' 'U' 'M' 'M' 'M' 'U' 'M' 'M' 'M' 'M'
 'U' 'U' 'M' 'M' 'U' 'M' 'U' 'U' 'U' 'U' 'U' 'U' 'U' 'M' 'M' 'M' 'M' 'M'
 'M' 'M' 'M' 'M' 'U' 'M' 'U' 'M' 'M' 'M' 'M' 'M' 'M' 'M' 'M' 'M' 'M' 'U'
 'M' 'U' 'M' 'M' 'M' 'U' 'M' 'M' 'M' 'U' 'M' 'M' 'U' 'U' 'U' 'M' 'M' 'U'
 'M' 'U' 'M' 'M' 'M' 'M' 'M' 'M' 'M' 'M' 'M' 'M' 'M' 'U' 'M' 'U' 'U' 'M']"
387401,0,157,2,155,41,0,0,"['A' 'M' 'M' 'M' 'M' 'M' 'M' 'M' 'U' 'M' 'M' 'M' 'M' 'M' 'U' 'M' 'M' 'M'
 'M' 'M' 'M' 'M' 'M' 'M' 'M' 'M' 'U' 'U' 'M' 'M' 'M' 'M' 'M' 'M' 'M' 'U'
 'M' 'U' 'M' 'M' 'U' 'M' 'M' 'M' 'M' 'M' 'M' 'M' 'M' 'M' 'M' 'U' 'M' 'U'
 'M' 'M' 'M' 'M' 'M' 'M' 'M' 'M' 'M' 'M' 'M' 'M' 'M' 'M' 'U' 'U' 'M' 'M'
 'M' 'M' 'M' 'M' 'U' 'M' 'U' 'M' 'M' 'M' 'U' 'M' 'M' 'M' 'M' 'M' 'M' 'M'
 'M' 'M' 'M' 'M' 'M' 'M' 'M' 'U' 'M' 'M' 'M' 'M' 'M' 'M' 'U' 'M' 'M' 'M'
 'M' 'M' 'M' 'A' 'M' 'M' 'M' 'U' 'M' 'U' 'M' 'M' 'M' 'U' 'U' 'M' 'M' 'M'
 'U' 'M' 'M' 'M' 'U' 'M' 'U' 'U' 'M' 'U' 'M' 'M' 'U' 'M' 'M' 'M' 'M' 'M'
 'M' 'M' 'M' 'M' 'U' 'M' 'U' 'M' 'M' 'M' 'M' 'M' 'M' 'M' 'M' 'M' 'M' 'U'
 'M' 'U' 'M' 'M' 'M' 'U' 'M' 'M' 'M' 'M' 'M' 'M' 'U' 'U' 'U' 'M' 'M' 'U'
 'M' 'M' 'U' 'M' 'U' 'M' 'M' 'M' 'M' 'M' 'M' 'M' 'M' 'U' 'M' 'U' 'U' 'U']"
387501,0,162,4,158,36,0,0,"['A' 'M' 'M' 'M' 'M' 'M' 'M' 'M' 'U' 'M' 'M' 'M' 'M' 'M' 'U' 'M' 'M' 'M'
 'M' 'M' 'M' 'M' 'M' 'M' 'M' 'M' 'U' 'M' 'M' 'M' 'U' 'M' 'M' 'M' 'M' 'U'
 'M' 'U' 'M' 'M' 'U' 'M' 'M' 'M' 'M' 'M' 'M' 'M' 'M' 'M' 'M' 'U' 'M' 'M'
 'M' 'M' 'M' 'M' 'M' 'M' 'M' 'M' 'M' 'M' 'M' 'U' 'M' 'M' 'M' 'U' 'M' 'M'
 'M' 'M' 'M' 'M' 'U' 'M' 'U' 'M' 'M' 'M' 'M' 'M' 'M' 'M' 'M' 'M' 'M' 'M'
 'U' 'M' 'M' 'M' 'M' 'M' 'M' 'M' 'M' 'M' 'M' 'M' 'M' 'M' 'M' 'U' 'A' 'M'
 'M' 'M' 'M' 'U' 'M' 'M' 'U' 'M' 'M' 'M' 'M' 'M' 'M' 'U' 'M' 'M' 'M' 'M'
 'U' 'M' 'M' 'M' 'U' 'U' 'U' 'U' 'U' 'U' 'M' 'U' 'M' 'M' 'M' 'M' 'M' 'M'
 'M' 'M' 'M' 'M' 'A' 'M' 'M' 'M' 'M' 'U' 'M' 'M' 'M' 'M' 'M' 'M' 'M' 'U'
 'M' 'M' 'M' 'M' 'M' 'U' 'M' 'M' 'M' 'M' 'M' 'M' 'U' 'U' 'A' 'M' 'M' 'U'
 'M' 'M' 'U' 'M' 'M' 'M' 'U' 'M' 'M' 'M' 'M' 'M' 'M' 'U' 'M' 'U' 'M' 'U']"
387601,0,156,4,152,42,0,0,"['A' 'M' 'M' 'M' 'M' 'M' 'M' 'M' 'U' 'M' 'M' 'M' 'M' 'M' 'M' 'M' 'M' 'M'
 'M' 'M' 'M' 'M' 'M' 'M' 'U' 'M' 'U' 'M' 'U' 'M' 'U' 'M' 'M' 'M' 'M' 'U'
 'M' 'M' 'M' 'M' 'U' 'M' 'M' 'M' 'M' 'M' 'M' 'M' 'M' 'U' 'M' 'M' 'M' 'U'
 'M' 'M' 'M' 'M' 'M' 'M' 'M' 'M' 'M' 'M' 'M' 'M' 'M' 'M' 'M' 'M' 'M' 'M'
 'M' 'U' 'M' 'M' 'M' 'U' 'M' 'M' 'M' 'M' 'U' 'U' 'M' 'M' 'M' 'U' 'M' 'M'
 'M' 'M' 'M' 'M' 'M' 'M' 'M' 'M' 'M' 'M' 'M' 'U' 'M' 'M' 'M' 'M' 'A' 'M'
 'M' 'M' 'U' 'M' 'U' 'M' 'U' 'M' 'M' 'M' 'U' 'M' 'M' 'U' 'M' 'M' 'U' 'M'
 'U' 'M' 'M' 'M' 'U' 'U' 'U' 'U' 'U' 'U' 'M' 'U' 'M' 'M' 'U' 'M' 'M' 'M'
 'M' 'M' 'M' 'M' 'A' 'M' 'M' 'M' 'M' 'U' 'M' 'M' 'M' 'M' 'M' 'M' 'M' 'U'
 'M' 'M' 'M' 'M' 'M' 'U' 'M' 'M' 'M' 'M' 'M' 'M' 'U' 'M' 'A' 'M' 'U' 'M'
 'M' 'M' 'U' 'U' 'M' 'M' 'U' 'M' 'M' 'U' 'M' 'M' 'M' 'U' 'M' 'U' 'M' 'U']"
387701,0,151,4,147,47,0,0,"['A' 'M' 'M' 'M' 'M' 'M' 'M' 'U' 'U' 'M' 'M' 'M' 'U' 'M' 'M' 'M' 'M' 'M'
 'M' 'M' 'U' 'M' 'M' 'M' 'M' 'M' 'M' 'M' 'M' 'M' 'U' 'M' 'M' 'M' 'M' 'U'
 'U' 'M' 'M' 'M' 'U' 'M' 'M' 'M' 'M' 'M' 'M' 'M' 'M' 'U' 'M' 'M' 'M' 'U'
 'U' 'M' 'M' 'M' 'M' 'M' 'M' 'M' 'M' 'M' 'M' 'U' 'M' 'U' 'M' 'M' 'M' 'M'
 'M' 'M' 'M' 'M' 'M' 'M' 'M' 'M' 'M' 'M' 'M' 'U' 'M' 'M' 'M' 'M' 'M' 'M'
 'M' 'U' 'M' 'U' 'M' 'M' 'M' 'M' 'M' 'M' 'M' 'U' 'M' 'M' 'M' 'M' 'A' 'M'
 'M' 'M' 'U' 'M' 'M' 'M' 'U' 'M' 'M' 'M' 'M' 'M' 'M' 'U' 'M' 'M' 'U' 'M'
 'U' 'M' 'M' 'M' 'U' 'U' 'U' 'U' 'M' 'U' 'M' 'U' 'M' 'M' 'U' 'M' 'U' 'U'
 'M' 'M' 'M' 'M' 'A' 'M' 'M' 'M' 'M' 'U' 'U' 'M' 'M' 'M' 'U' 'M' 'U' 'U'
 'M' 'M' 'M' 'M' 'M' 'U' 'M' 'M' 'M' 'M' 'M' 'M' 'U' 'M' 'A' 'M' 'U' 'M'
 'M' 'U' 'U' 'U' 'M' 'M' 'U' 'M' 'M' 'U' 'M' 'M' 'M' 'U' 'M' 'U' 'M' 'U']"
387801,1,157,6,151,41,1,0,"['A' 'M' 'M' 'U' 'M' 'M' 'M' 'M' 'U' 'M' 'M' 'M' 'U' 'M' 'M' 'M' 'M' 'M'
 'M' 'M' 'U' 'M' 'M' 'M' 'M' 'M' 'M' 'M' 'M' 'M' 'M' 'M' 'M' 'M' 'M' 'U'
 'M' 'M' 'M' 'M' 'U' 'M' 'M' 'M' 'M' 'M' 'M' 'M' 'M' 'M' 'M' 'M' 'M' 'U'
 'M' 'M' 'M' 'M' 'M' 'M' 'M' 'M' 'M' 'M' 'M' 'U' 'M' 'U' 'M' 'M' 'M' 'M'
 'M' 'M' 'U' 'M' 'M' 'M' 'M' 'U' 'M' 'M' 'M' 'U' 'M' 'M' 'M' 'M' 'M' 'M'
 'M' 'M' 'M' 'M' 'M' 'M' 'M' 'M' 'U' 'M' 'M' 'U' 'M' 'M' 'M' 'M' 'A' 'M'
 'M' 'M' 'U' 'M' 'M' 'M' 'U' 'U' 'M' 'M' 'U' 'M' 'M' 'U' 'M' 'M' 'U' 'M'
 'U' 'M' 'M' 'M' 'U' 'U' 'U' 'U' 'U' 'U' 'M' 'M' 'M' 'M' 'U' 'M' 'A' 'M'
 'M' 'M' 'M' 'M' 'A' 'M' 'M' 'M' 'M' 'M' 'U' 'M' 'M' 'M' 'M' 'M' 'M' 'U'
 'M' 'M' 'M' 'M' 'M' 'U' 'M' 'M' 'M' 'U' 'M' 'M' 'U' 'U' 'A' 'M' 'U' 'M'
 'M' 'U' 'U' 'A' 'M' 'M' 'U' 'M' 'M' 'M' 'M' 'M' 'M' 'U' 'M' 'U' 'M' 'U']"
387901,0,162,7,155,36,0,0,"['A' 'U' 'M' 'U' 'M' 'M' 'M' 'M' 'U' 'M' 'M' 'M' 'M' 'M' 'M' 'M' 'M' 'U'
 'U' 'M' 'U' 'M' 'M' 'M' 'M' 'M' 'M' 'M' 'M' 'M' 'M' 'M' 'M' 'M' 'M' 'M'
 'M' 'M' 'M' 'M' 'M' 'M' 'M' 'M' 'M' 'M' 'M' 'M' 'M' 'M' 'M' 'U' 'M' 'U'
 'M' 'M' 'M' 'M' 'M' 'M' 'M' 'M' 'M' 'M' 'M' 'M' 'U' 'M' 'M' 'M' 'M' 'M'
 'M' 'M' 'M' 'M' 'U' 'M' 'M' 'M' 'M' 'M' 'U' 'M' 'M' 'M' 'M' 'M' 'M' 'M'
 'M' 'U' 'U' 'M' 'M' 'M' 'M' 'M' 'M' 'M' 'M' 'M' 'M' 'M' 'M' 'M' 'A' 'M'
 'U' 'M' 'M' 'M' 'M' 'M' 'U' 'A' 'M' 'M' 'M' 'M' 'M' 'U' 'M' 'M' 'M' 'M'
 'U' 'M' 'M' 'M' 'U' 'M' 'M' 'M' 'A' 'U' 'M' 'U' 'U' 'M' 'U' 'M' 'A' 'M'
 'M' 'M' 'M' 'M' 'U' 'M' 'M' 'M' 'M' 'M' 'U' 'M' 'M' 'M' 'M' 'M' 'U' 'U'
 'M' 'M' 'M' 'M' 'M' 'U' 'M' 'M' 'M' 'U' 'M' 'M' 'U' 'U' 'A' 'U' 'U' 'M'
 'M' 'U' 'U' 'A' 'M' 'M' 'M' 'M' 'M' 'M' 'M' 'M' 'M' 'M' 'M' 'U' 'M' 'U']"
388001,0,154,9,145,44,0,0,"['A' 'U' 'M' 'U' 'M' 'M' 'M' 'M' 'U' 'M' 'M' 'M' 'M' 'M' 'M' 'M' 'M' 'U'
 'M' 'M' 'U' 'M' 'M' 'M' 'M' 'M' 'M' 'M' 'M' 'M' 'M' 'U' 'M' 'M' 'M' 'M'
 'M' 'M' 'M' 'M' 'M' 'M' 'M' 'M' 'M' 'M' 'M' 'M' 'M' 'U' 'M' 'U' 'M' 'U'
 'U' 'M' 'U' 'M' 'M' 'M' 'M' 'M' 'M' 'M' 'M' 'M' 'M' 'M' 'M' 'M' 'M' 'M'
 'M' 'M' 'M' 'M' 'M' 'U' 'M' 'M' 'M' 'M' 'M' 'U' 'U' 'M' 'M' 'M' 'M' 'M'
 'U' 'M' 'M' 'M' 'U' 'M' 'M' 'U' 'M' 'M' 'M' 'M' 'M' 'M' 'M' 'M' 'A' 'M'
 'U' 'M' 'M' 'M' 'M' 'M' 'U' 'A' 'M' 'M' 'M' 'M' 'M' 'U' 'M' 'M' 'M' 'U'
 'U' 'M' 'U' 'M' 'U' 'M' 'U' 'U' 'A' 'U' 'M' 'U' 'U' 'M' 'A' 'M' 'A' 'M'
 'M' 'M' 'M' 'M' 'U' 'M' 'M' 'M' 'M' 'U' 'U' 'M' 'M' 'M' 'M' 'M' 'M' 'U'
 'M' 'M' 'M' 'M' 'M' 'M' 'M' 'M' 'U' 'U' 'M' 'M' 'U' 'U' 'A' 'U' 'U' 'M'
 'M' 'U' 'U' 'A' 'M' 'M' 'M' 'U' 'M' 'M' 'M' 'M' 'M' 'M' 'M' 'A' 'U' 'U']"
388101,0,154,7,147,44,0,0,"['A' 'M' 'M' 'U' 'M' 'M' 'M' 'M' 'U' 'M' 'M' 'M' 'M' 'M' 'M' 'M' 'M' 'U'
 'M' 'M' 'M' 'M' 'M' 'M' 'U' 'M' 'M' 'M' 'M' 'U' 'M' 'U' 'M' 'M' 'M' 'M'
 'M' 'M' 'M' 'M' 'M' 'M' 'M' 'M' 'M' 'M' 'M' 'M' 'M' 'M' 'M' 'U' 'M' 'U'
 'U' 'M' 'U' 'M' 'M' 'M' 'M' 'M' 'M' 'M' 'M' 'M' 'M' 'U' 'M' 'M' 'M' 'M'
 'M' 'M' 'M' 'M' 'M' 'M' 'M' 'M' 'U' 'M' 'M' 'U' 'U' 'M' 'M' 'M' 'U' 'M'
 'M' 'M' 'M' 'M' 'M' 'U' 'M' 'U' 'M' 'M' 'M' 'M' 'M' 'M' 'M' 'M' 'U' 'U'
 'U' 'M' 'M' 'M' 'M' 'M' 'M' 'A' 'M' 'M' 'M' 'M' 'M' 'M' 'M' 'M' 'M' 'U'
 'U' 'U' 'U' 'M' 'U' 'M' 'U' 'M' 'A' 'U' 'M' 'M' 'U' 'M' 'A' 'M' 'A' 'M'
 'M' 'M' 'M' 'M' 'U' 'M' 'M' 'M' 'M' 'U' 'U' 'M' 'M' 'M' 'M' 'M' 'U' 'U'
 'M' 'U' 'M' 'M' 'M' 'U' 'M' 'M' 'U' 'U' 'M' 'M' 'U' 'M' 'U' 'U' 'U' 'M'
 'M' 'U' 'U' 'A' 'M' 'M' 'M' 'M' 'M' 'M' 'M' 'M' 'M' 'M' 'M' 'A' 'U' 'M']"
388201,0,154,7,147,44,0,0,"['A' 'M' 'M' 'U' 'M' 'M' 'M' 'M' 'M' 'M' 'M' 'M' 'M' 'M' 'M' 'M' 'M' 'U'
 'U' 'M' 'M' 'M' 'M' 'M' 'M' 'U' 'M' 'M' 'M' 'U' 'M' 'M' 'M' 'M' 'M' 'M'
 'M' 'M' 'M' 'M' 'M' 'M' 'M' 'M' 'M' 'M' 'M' 'M' 'M' 'M' 'M' 'U' 'M' 'A'
 'U' 'M' 'M' 'U' 'M' 'M' 'M' 'M' 'M' 'M' 'M' 'U' 'M' 'M' 'U' 'M' 'M' 'M'
 'M' 'M' 'M' 'M' 'M' 'M' 'M' 'M' 'M' 'M' 'U' 'M' 'M' 'M' 'M' 'M' 'M' 'U'
 'M' 'M' 'U' 'M' 'M' 'U' 'M' 'M' 'M' 'M' 'M' 'M' 'M' 'M' 'M' 'M' 'U' 'U'
 'U' 'M' 'M' 'M' 'M' 'M' 'M' 'A' 'U' 'M' 'M' 'M' 'M' 'M' 'M' 'M' 'M' 'U'
 'M' 'M' 'M' 'M' 'U' 'M' 'U' 'U' 'U' 'A' 'U' 'U' 'U' 'M' 'A' 'M' 'A' 'M'
 'M' 'M' 'M' 'M' 'M' 'M' 'M' 'M' 'M' 'U' 'U' 'M' 'M' 'M' 'M' 'U' 'U' 'U'
 'M' 'U' 'M' 'M' 'M' 'U' 'M' 'M' 'U' 'U' 'U' 'M' 'U' 'M' 'U' 'U' 'U' 'M'
 'M' 'U' 'U' 'M' 'U' 'M' 'M' 'M' 'M' 'M' 'M' 'M' 'M' 'M' 'M' 'A' 'U' 'M']"
388301,0,153,5,148,45,0,0,"['A' 'M' 'M' 'U' 'M' 'M' 'M' 'U' 'M' 'M' 'M' 'M' 'M' 'M' 'M' 'M' 'M' 'U'
 'U' 'M' 'M' 'M' 'M' 'U' 'M' 'U' 'M' 'M' 'U' 'U' 'M' 'M' 'M' 'M' 'M' 'M'
 'M' 'M' 'U' 'M' 'M' 'M' 'M' 'M' 'M' 'M' 'M' 'M' 'M' 'M' 'M' 'U' 'M' 'U'
 'M' 'M' 'M' 'U' 'M' 'M' 'M' 'M' 'M' 'M' 'M' 'M' 'M' 'U' 'M' 'M' 'U' 'M'
 'M' 'U' 'M' 'M' 'M' 'M' 'M' 'U' 'M' 'M' 'M' 'M' 'M' 'M' 'M' 'M' 'M' 'M'
 'M' 'M' 'U' 'M' 'M' 'U' 'M' 'M' 'M' 'M' 'M' 'M' 'M' 'M' 'M' 'M' 'U' 'U'
 'U' 'M' 'U' 'M' 'M' 'M' 'M' 'A' 'U' 'M' 'M' 'M' 'M' 'M' 'M' 'M' 'M' 'U'
 'M' 'M' 'M' 'M' 'U' 'M' 'U' 'M' 'M' 'A' 'M' 'U' 'M' 'M' 'A' 'U' 'U' 'M'
 'M' 'M' 'M' 'M' 'M' 'M' 'M' 'M' 'M' 'U' 'U' 'M' 'M' 'M' 'M' 'U' 'M' 'U'
 'M' 'U' 'M' 'M' 'M' 'U' 'M' 'M' 'U' 'U' 'U' 'M' 'U' 'M' 'U' 'U' 'U' 'M'
 'M' 'U' 'M' 'M' 'U' 'M' 'M' 'M' 'M' 'M' 'M' 'M' 'U' 'M' 'M' 'A' 'M' 'M']"
388401,0,155,6,149,43,0,1,"['A' 'U' 'M' 'M' 'M' 'M' 'M' 'U' 'M' 'M' 'M' 'M' 'M' 'M' 'M' 'U' 'M' 'U'
 'A' 'M' 'M' 'M' 'M' 'U' 'M' 'U' 'M' 'M' 'U' 'U' 'M' 'M' 'M' 'M' 'M' 'M'
 'M' 'M' 'U' 'U' 'M' 'M' 'M' 'U' 'M' 'M' 'M' 'M' 'M' 'M' 'M' 'U' 'M' 'M'
 'M' 'M' 'M' 'U' 'M' 'M' 'M' 'M' 'U' 'M' 'M' 'M' 'M' 'M' 'M' 'M' 'M' 'M'
 'M' 'U' 'U' 'M' 'M' 'M' 'M' 'M' 'M' 'U' 'M' 'M' 'U' 'M' 'M' 'M' 'M' 'M'
 'M' 'M' 'M' 'U' 'M' 'U' 'M' 'M' 'M' 'M' 'M' 'M' 'M' 'M' 'M' 'M' 'U' 'U'
 'M' 'M' 'M' 'M' 'M' 'M' 'M' 'A' 'M' 'M' 'M' 'U' 'M' 'M' 'M' 'M' 'M' 'U'
 'M' 'M' 'M' 'M' 'M' 'M' 'U' 'M' 'U' 'A' 'U' 'U' 'M' 'M' 'A' 'U' 'U' 'M'
 'M' 'U' 'M' 'M' 'M' 'U' 'M' 'M' 'M' 'U' 'U' 'M' 'M' 'M' 'M' 'U' 'M' 'U'
 'M' 'U' 'M' 'M' 'M' 'M' 'M' 'M' 'M' 'U' 'M' 'M' 'M' 'M' 'U' 'U' 'M' 'M'
 'M' 'U' 'M' 'U' 'M' 'M' 'M' 'M' 'M' 'M' 'M' 'M' 'U' 'M' 'M' 'A' 'M' 'M']"
388501,0,158,5,153,40,0,0,"['A' 'M' 'M' 'M' 'M' 'U' 'M' 'M' 'M' 'M' 'M' 'M' 'M' 'M' 'M' 'U' 'M' 'U'
 'U' 'M' 'M' 'U' 'M' 'U' 'M' 'U' 'M' 'M' 'U' 'U' 'M' 'M' 'M' 'M' 'M' 'M'
 'M' 'M' 'M' 'U' 'M' 'U' 'M' 'U' 'M' 'M' 'M' 'M' 'M' 'M' 'M' 'U' 'M' 'M'
 'M' 'M' 'M' 'U' 'M' 'M' 'M' 'M' 'U' 'M' 'M' 'M' 'M' 'U' 'M' 'M' 'M' 'M'
 'M' 'M' 'M' 'M' 'U' 'M' 'U' 'M' 'M' 'M' 'M' 'U' 'M' 'M' 'M' 'M' 'M' 'M'
 'M' 'M' 'U' 'M' 'M' 'M' 'U' 'M' 'M' 'M' 'M' 'M' 'M' 'M' 'M' 'M' 'U' 'U'
 'M' 'M' 'M' 'M' 'M' 'M' 'U' 'U' 'M' 'M' 'M' 'U' 'M' 'M' 'M' 'M' 'M' 'U'
 'U' 'M' 'M' 'M' 'M' 'M' 'M' 'M' 'A' 'A' 'U' 'M' 'M' 'M' 'A' 'M' 'M' 'M'
 'M' 'U' 'M' 'M' 'M' 'M' 'M' 'M' 'M' 'U' 'M' 'M' 'M' 'U' 'M' 'M' 'M' 'U'
 'M' 'U' 'M' 'M' 'M' 'M' 'M' 'M' 'M' 'U' 'M' 'M' 'M' 'M' 'U' 'U' 'M' 'M'
 'M' 'M' 'M' 'U' 'M' 'U' 'M' 'M' 'M' 'M' 'M' 'M' 'U' 'M' 'M' 'A' 'M' 'M']"
388601,0,156,5,151,42,0,0,"['A' 'M' 'M' 'U' 'M' 'U' 'M' 'M' 'M' 'M' 'M' 'M' 'M' 'M' 'M' 'M' 'M' 'U'
 'U' 'U' 'M' 'U' 'M' 'U' 'M' 'U' 'M' 'M' 'U' 'M' 'M' 'M' 'M' 'M' 'M' 'M'
 'U' 'U' 'M' 'M' 'M' 'U' 'M' 'M' 'M' 'M' 'M' 'M' 'M' 'M' 'M' 'U' 'M' 'M'
 'M' 'M' 'M' 'U' 'M' 'M' 'M' 'M' 'U' 'M' 'M' 'M' 'M' 'M' 'M' 'M' 'M' 'U'
 'M' 'M' 'U' 'M' 'M' 'M' 'M' 'M' 'M' 'M' 'M' 'M' 'M' 'M' 'M' 'M' 'U' 'M'
 'M' 'M' 'U' 'M' 'U' 'M' 'U' 'M' 'M' 'M' 'M' 'M' 'M' 'M' 'M' 'M' 'M' 'U'
 'M' 'M' 'M' 'U' 'M' 'M' 'U' 'M' 'M' 'M' 'M' 'U' 'M' 'U' 'M' 'M' 'M' 'M'
 'M' 'M' 'M' 'M' 'M' 'U' 'M' 'M' 'A' 'A' 'U' 'M' 'M' 'M' 'A' 'M' 'M' 'M'
 'M' 'M' 'M' 'U' 'M' 'M' 'U' 'M' 'M' 'U' 'M' 'M' 'M' 'U' 'M' 'M' 'M' 'U'
 'M' 'U' 'M' 'M' 'U' 'M' 'M' 'M' 'M' 'U' 'M' 'M' 'M' 'M' 'U' 'U' 'M' 'M'
 'M' 'M' 'M' 'U' 'U' 'U' 'M' 'M' 'M' 'M' 'M' 'M' 'U' 'M' 'M' 'A' 'M' 'M']"
388701,0,162,5,157,36,0,0,"['A' 'M' 'M' 'M' 'M' 'U' 'M' 'M' 'M' 'M' 'M' 'M' 'M' 'M' 'M' 'M' 'M' 'M'
 'M' 'M' 'M' 'U' 'M' 'U' 'M' 'M' 'M' 'M' 'M' 'M' 'M' 'M' 'M' 'M' 'M' 'M'
 'U' 'U' 'M' 'M' 'M' 'U' 'M' 'M' 'M' 'M' 'M' 'U' 'M' 'M' 'M' 'U' 'M' 'M'
 'M' 'M' 'M' 'U' 'M' 'M' 'M' 'M' 'U' 'M' 'M' 'U' 'M' 'M' 'U' 'M' 'M' 'M'
 'U' 'M' 'M' 'M' 'M' 'M' 'M' 'M' 'M' 'M' 'M' 'M' 'M' 'M' 'M' 'M' 'M' 'U'
 'M' 'M' 'M' 'U' 'M' 'M' 'U' 'M' 'M' 'M' 'M' 'M' 'M' 'M' 'M' 'M' 'M' 'M'
 'M' 'M' 'M' 'U' 'M' 'M' 'M' 'M' 'M' 'M' 'M' 'M' 'M' 'M' 'U' 'M' 'M' 'M'
 'M' 'M' 'M' 'M' 'M' 'U' 'M' 'M' 'A' 'A' 'U' 'M' 'M' 'M' 'A' 'M' 'M' 'M'
 'U' 'M' 'M' 'U' 'M' 'M' 'U' 'M' 'M' 'U' 'M' 'M' 'M' 'U' 'M' 'M' 'M' 'U'
 'M' 'U' 'M' 'M' 'U' 'M' 'M' 'M' 'M' 'U' 'M' 'M' 'M' 'M' 'M' 'U' 'M' 'M'
 'M' 'M' 'M' 'U' 'U' 'U' 'M' 'U' 'M' 'M' 'U' 'U' 'M' 'M' 'M' 'A' 'M' 'M']"
388801,0,154,6,148,44,0,0,"['A' 'M' 'M' 'M' 'M' 'U' 'M' 'M' 'M' 'M' 'M' 'M' 'M' 'M' 'U' 'M' 'M' 'M'
 'M' 'U' 'M' 'U' 'M' 'U' 'U' 'M' 'M' 'M' 'M' 'M' 'M' 'M' 'M' 'M' 'M' 'M'
 'U' 'U' 'U' 'M' 'M' 'A' 'M' 'M' 'M' 'M' 'M' 'U' 'M' 'M' 'M' 'U' 'M' 'M'
 'M' 'M' 'M' 'U' 'M' 'M' 'M' 'M' 'M' 'U' 'M' 'M' 'M' 'M' 'M' 'M' 'M' 'U'
 'M' 'U' 'M' 'M' 'M' 'M' 'U' 'U' 'M' 'M' 'M' 'M' 'M' 'M' 'M' 'M' 'M' 'M'
 'M' 'M' 'M' 'U' 'M' 'M' 'U' 'M' 'M' 'M' 'M' 'M' 'M' 'M' 'M' 'U' 'M' 'M'
 'M' 'M' 'M' 'M' 'M' 'M' 'M' 'M' 'M' 'M' 'M' 'M' 'M' 'M' 'U' 'M' 'M' 'M'
 'M' 'M' 'M' 'M' 'U' 'U' 'U' 'U' 'A' 'A' 'U' 'M' 'U' 'M' 'U' 'M' 'M' 'M'
 'A' 'M' 'M' 'U' 'M' 'M' 'U' 'M' 'M' 'U' 'M' 'M' 'M' 'U' 'M' 'M' 'M' 'M'
 'M' 'U' 'M' 'M' 'U' 'M' 'M' 'U' 'M' 'U' 'U' 'M' 'M' 'M' 'M' 'U' 'U' 'M'
 'M' 'M' 'M' 'U' 'U' 'U' 'M' 'U' 'M' 'M' 'U' 'M' 'M' 'M' 'M' 'A' 'M' 'M']"
388901,1,150,5,145,48,0,0,"['A' 'A' 'M' 'M' 'M' 'M' 'M' 'M' 'M' 'M' 'M' 'M' 'U' 'M' 'U' 'M' 'M' 'M'
 'M' 'U' 'M' 'U' 'M' 'U' 'U' 'M' 'M' 'M' 'M' 'M' 'M' 'M' 'M' 'M' 'M' 'M'
 'M' 'U' 'U' 'M' 'U' 'A' 'M' 'U' 'M' 'M' 'M' 'U' 'M' 'M' 'M' 'U' 'M' 'M'
 'M' 'M' 'M' 'U' 'M' 'M' 'M' 'M' 'M' 'U' 'M' 'M' 'M' 'U' 'U' 'M' 'M' 'M'
 'U' 'M' 'M' 'M' 'M' 'M' 'U' 'M' 'M' 'M' 'M' 'M' 'M' 'M' 'M' 'M' 'M' 'M'
 'M' 'M' 'U' 'M' 'M' 'M' 'U' 'U' 'M' 'M' 'M' 'M' 'M' 'M' 'M' 'M' 'M' 'M'
 'U' 'U' 'M' 'M' 'M' 'M' 'M' 'M' 'M' 'M' 'M' 'M' 'M' 'M' 'M' 'M' 'M' 'M'
 'M' 'M' 'M' 'U' 'U' 'U' 'U' 'U' 'U' 'A' 'U' 'U' 'U' 'M' 'U' 'M' 'M' 'M'
 'U' 'M' 'M' 'U' 'M' 'U' 'U' 'M' 'M' 'U' 'M' 'M' 'M' 'U' 'U' 'M' 'M' 'M'
 'M' 'U' 'M' 'M' 'U' 'M' 'M' 'U' 'M' 'U' 'M' 'M' 'M' 'M' 'M' 'U' 'M' 'M'
 'M' 'M' 'U' 'U' 'M' 'M' 'M' 'M' 'M' 'M' 'U' 'M' 'M' 'M' 'M' 'A' 'M' 'M']"
389001,0,154,4,150,44,0,0,"['A' 'U' 'M' 'M' 'M' 'M' 'M' 'M' 'M' 'M' 'M' 'M' 'M' 'M' 'U' 'M' 'M' 'M'
 'M' 'U' 'M' 'U' 'M' 'U' 'U' 'M' 'M' 'M' 'M' 'M' 'M' 'M' 'M' 'M' 'M' 'M'
 'M' 'M' 'M' 'M' 'M' 'A' 'U' 'U' 'M' 'M' 'M' 'U' 'M' 'M' 'M' 'U' 'M' 'M'
 'M' 'M' 'M' 'U' 'M' 'M' 'M' 'M' 'M' 'U' 'M' 'M' 'M' 'M' 'M' 'M' 'M' 'U'
 'U' 'U' 'U' 'M' 'M' 'M' 'M' 'M' 'M' 'M' 'M' 'M' 'M' 'M' 'M' 'M' 'M' 'M'
 'M' 'M' 'U' 'M' 'M' 'M' 'M' 'M' 'M' 'M' 'M' 'M' 'M' 'U' 'M' 'M' 'M' 'U'
 'U' 'U' 'M' 'M' 'M' 'M' 'M' 'M' 'M' 'M' 'M' 'M' 'M' 'M' 'M' 'M' 'M' 'M'
 'M' 'M' 'M' 'U' 'U' 'U' 'U' 'U' 'M' 'A' 'U' 'U' 'U' 'M' 'U' 'M' 'M' 'M'
 'U' 'M' 'M' 'U' 'U' 'M' 'U' 'M' 'M' 'U' 'M' 'M' 'M' 'M' 'U' 'M' 'M' 'M'
 'M' 'U' 'M' 'M' 'U' 'M' 'M' 'U' 'M' 'U' 'M' 'M' 'M' 'M' 'M' 'U' 'M' 'M'
 'M' 'M' 'U' 'U' 'M' 'M' 'M' 'M' 'M' 'M' 'U' 'M' 'M' 'M' 'M' 'A' 'M' 'M']"
389101,0,157,4,153,41,0,0,"['A' 'M' 'U' 'M' 'U' 'M' 'M' 'M' 'M' 'M' 'M' 'M' 'M' 'M' 'U' 'M' 'M' 'M'
 'M' 'U' 'M' 'U' 'M' 'U' 'A' 'M' 'M' 'M' 'M' 'M' 'M' 'M' 'M' 'M' 'M' 'M'
 'M' 'M' 'M' 'M' 'M' 'A' 'M' 'M' 'M' 'M' 'M' 'U' 'M' 'M' 'M' 'U' 'M' 'M'
 'M' 'M' 'M' 'U' 'M' 'M' 'M' 'M' 'M' 'U' 'M' 'M' 'M' 'M' 'M' 'M' 'M' 'M'
 'M' 'M' 'M' 'M' 'M' 'M' 'M' 'M' 'M' 'U' 'M' 'M' 'M' 'M' 'U' 'U' 'M' 'M'
 'M' 'U' 'M' 'U' 'M' 'M' 'M' 'M' 'M' 'M' 'M' 'M' 'M' 'M' 'M' 'M' 'M' 'U'
 'U' 'M' 'M' 'M' 'M' 'M' 'M' 'M' 'M' 'M' 'U' 'M' 'M' 'M' 'M' 'M' 'M' 'M'
 'M' 'M' 'M' 'U' 'U' 'U' 'U' 'U' 'U' 'U' 'U' 'U' 'A' 'M' 'M' 'M' 'M' 'M'
 'U' 'M' 'M' 'U' 'U' 'M' 'U' 'M' 'M' 'U' 'M' 'M' 'M' 'M' 'U' 'M' 'M' 'M'
 'M' 'U' 'M' 'M' 'M' 'M' 'M' 'M' 'U' 'U' 'M' 'M' 'M' 'M' 'M' 'M' 'M' 'M'
 'M' 'M' 'U' 'U' 'M' 'M' 'U' 'M' 'M' 'M' 'U' 'M' 'M' 'M' 'M' 'U' 'M' 'M']"
389201,0,156,3,153,42,0,1,"['A' 'M' 'U' 'M' 'M' 'M' 'M' 'M' 'M' 'M' 'M' 'M' 'M' 'M' 'U' 'M' 'M' 'M'
 'M' 'M' 'M' 'U' 'M' 'U' 'U' 'M' 'M' 'M' 'M' 'U' 'M' 'M' 'M' 'M' 'M' 'M'
 'U' 'M' 'M' 'M' 'M' 'A' 'M' 'M' 'M' 'M' 'M' 'U' 'M' 'M' 'M' 'U' 'M' 'M'
 'U' 'M' 'M' 'U' 'M' 'M' 'M' 'M' 'M' 'U' 'M' 'M' 'M' 'M' 'M' 'M' 'M' 'M'
 'M' 'M' 'M' 'M' 'U' 'M' 'U' 'M' 'M' 'M' 'U' 'M' 'M' 'M' 'M' 'M' 'U' 'M'
 'M' 'M' 'U' 'M' 'M' 'M' 'M' 'M' 'U' 'A' 'U' 'M' 'M' 'M' 'M' 'M' 'M' 'U'
 'M' 'U' 'M' 'M' 'M' 'M' 'M' 'M' 'M' 'M' 'U' 'M' 'M' 'M' 'M' 'M' 'M' 'M'
 'M' 'M' 'M' 'M' 'U' 'U' 'M' 'U' 'U' 'U' 'M' 'M' 'U' 'M' 'M' 'M' 'M' 'M'
 'U' 'M' 'M' 'U' 'U' 'M' 'U' 'M' 'M' 'M' 'M' 'M' 'M' 'U' 'U' 'M' 'M' 'M'
 'M' 'M' 'M' 'M' 'M' 'M' 'M' 'M' 'U' 'U' 'U' 'M' 'M' 'M' 'M' 'U' 'M' 'M'
 'M' 'M' 'U' 'U' 'M' 'M' 'M' 'M' 'M' 'M' 'U' 'M' 'M' 'M' 'M' 'U' 'M' 'M']"
389301,0,156,3,153,42,0,0,"['A' 'M' 'U' 'M' 'M' 'M' 'M' 'M' 'M' 'M' 'M' 'M' 'M' 'M' 'U' 'M' 'M' 'M'
 'M' 'M' 'M' 'M' 'M' 'U' 'U' 'M' 'M' 'M' 'M' 'U' 'M' 'M' 'M' 'M' 'M' 'M'
 'U' 'M' 'M' 'M' 'M' 'A' 'M' 'M' 'M' 'M' 'M' 'M' 'M' 'M' 'M' 'U' 'M' 'M'
 'U' 'M' 'M' 'U' 'M' 'M' 'M' 'M' 'M' 'U' 'M' 'M' 'M' 'M' 'M' 'M' 'M' 'M'
 'M' 'U' 'M' 'U' 'M' 'M' 'U' 'M' 'M' 'M' 'M' 'M' 'U' 'M' 'M' 'M' 'M' 'M'
 'M' 'M' 'M' 'U' 'M' 'M' 'M' 'M' 'U' 'A' 'U' 'M' 'M' 'M' 'M' 'U' 'M' 'U'
 'M' 'U' 'M' 'M' 'M' 'M' 'M' 'M' 'M' 'M' 'U' 'M' 'M' 'U' 'M' 'M' 'M' 'M'
 'M' 'M' 'M' 'M' 'M' 'U' 'M' 'U' 'U' 'M' 'M' 'M' 'U' 'U' 'M' 'M' 'M' 'M'
 'U' 'M' 'M' 'U' 'M' 'M' 'U' 'M' 'M' 'M' 'M' 'M' 'U' 'U' 'U' 'M' 'M' 'M'
 'M' 'M' 'M' 'M' 'M' 'M' 'M' 'M' 'U' 'U' 'U' 'M' 'M' 'M' 'M' 'U' 'M' 'M'
 'M' 'M' 'U' 'U' 'M' 'M' 'M' 'M' 'M' 'M' 'U' 'M' 'M' 'U' 'M' 'U' 'M' 'M']"
389401,0,167,3,164,31,0,0,"['A' 'M' 'U' 'M' 'M' 'M' 'M' 'M' 'M' 'M' 'M' 'M' 'M' 'M' 'M' 'M' 'A' 'M'
 'M' 'M' 'M' 'M' 'M' 'M' 'M' 'M' 'M' 'M' 'M' 'U' 'M' 'M' 'M' 'M' 'M' 'M'
 'M' 'M' 'M' 'M' 'M' 'A' 'M' 'M' 'M' 'M' 'M' 'M' 'M' 'U' 'M' 'M' 'M' 'U'
 'M' 'M' 'M' 'M' 'M' 'M' 'M' 'M' 'M' 'U' 'M' 'M' 'M' 'M' 'M' 'M' 'M' 'U'
 'M' 'M' 'M' 'M' 'M' 'M' 'M' 'M' 'U' 'M' 'M' 'U' 'M' 'M' 'M' 'M' 'U' 'U'
 'M' 'M' 'M' 'M' 'M' 'M' 'M' 'M' 'U' 'U' 'U' 'M' 'M' 'M' 'M' 'M' 'M' 'U'
 'M' 'U' 'M' 'M' 'M' 'M' 'M' 'M' 'M' 'M' 'U' 'M' 'M' 'U' 'M' 'M' 'M' 'M'
 'M' 'M' 'U' 'M' 'M' 'U' 'M' 'U' 'U' 'M' 'M' 'M' 'M' 'U' 'M' 'M' 'M' 'M'
 'U' 'M' 'M' 'U' 'M' 'M' 'M' 'M' 'M' 'M' 'M' 'M' 'U' 'M' 'M' 'M' 'M' 'M'
 'M' 'M' 'M' 'M' 'M' 'M' 'M' 'M' 'U' 'M' 'U' 'M' 'M' 'M' 'M' 'U' 'M' 'M'
 'M' 'M' 'M' 'U' 'M' 'U' 'M' 'M' 'M' 'M' 'M' 'M' 'M' 'U' 'M' 'M' 'M' 'M']"
389501,0,160,4,156,38,0,0,"['A' 'M' 'U' 'M' 'M' 'M' 'M' 'M' 'M' 'M' 'M' 'M' 'M' 'M' 'M' 'M' 'A' 'M'
 'M' 'M' 'M' 'M' 'M' 'M' 'M' 'U' 'M' 'M' 'U' 'M' 'M' 'M' 'M' 'M' 'M' 'M'
 'M' 'M' 'U' 'M' 'M' 'A' 'M' 'M' 'M' 'M' 'M' 'M' 'U' 'U' 'M' 'M' 'M' 'U'
 'U' 'M' 'M' 'M' 'M' 'M' 'M' 'M' 'M' 'U' 'M' 'M' 'M' 'U' 'M' 'M' 'M' 'M'
 'M' 'M' 'M' 'M' 'M' 'U' 'M' 'M' 'U' 'M' 'M' 'M' 'M' 'M' 'U' 'M' 'U' 'M'
 'M' 'M' 'M' 'M' 'M' 'M' 'M' 'M' 'U' 'U' 'U' 'M' 'M' 'M' 'M' 'M' 'M' 'U'
 'M' 'U' 'M' 'M' 'M' 'M' 'M' 'M' 'M' 'M' 'U' 'M' 'M' 'M' 'M' 'M' 'M' 'M'
 'M' 'M' 'U' 'M' 'M' 'U' 'U' 'U' 'U' 'U' 'U' 'U' 'U' 'U' 'M' 'M' 'M' 'M'
 'U' 'M' 'M' 'U' 'M' 'M' 'M' 'M' 'M' 'M' 'M' 'M' 'U' 'M' 'M' 'M' 'M' 'M'
 'M' 'M' 'M' 'M' 'M' 'M' 'M' 'M' 'M' 'M' 'U' 'M' 'M' 'M' 'M' 'A' 'U' 'U'
 'M' 'M' 'M' 'U' 'M' 'M' 'M' 'M' 'M' 'M' 'M' 'M' 'M' 'U' 'M' 'M' 'M' 'M']"
389601,0,160,5,155,38,0,1,"['A' 'M' 'U' 'M' 'M' 'M' 'U' 'M' 'M' 'M' 'M' 'M' 'M' 'M' 'M' 'M' 'U' 'M'
 'M' 'M' 'M' 'M' 'M' 'M' 'M' 'U' 'M' 'M' 'M' 'M' 'U' 'M' 'M' 'M' 'M' 'M'
 'M' 'M' 'U' 'M' 'M' 'A' 'M' 'M' 'M' 'M' 'M' 'M' 'A' 'M' 'M' 'M' 'M' 'U'
 'M' 'M' 'M' 'M' 'M' 'M' 'M' 'M' 'M' 'U' 'M' 'M' 'M' 'M' 'M' 'U' 'M' 'M'
 'U' 'M' 'M' 'M' 'U' 'M' 'M' 'M' 'M' 'M' 'M' 'M' 'U' 'U' 'M' 'M' 'M' 'M'
 'M' 'M' 'M' 'M' 'M' 'U' 'M' 'M' 'U' 'U' 'U' 'M' 'M' 'M' 'M' 'M' 'U' 'M'
 'M' 'U' 'M' 'M' 'M' 'M' 'M' 'M' 'M' 'M' 'A' 'M' 'M' 'M' 'M' 'M' 'M' 'M'
 'M' 'M' 'U' 'M' 'M' 'U' 'U' 'U' 'U' 'U' 'U' 'U' 'U' 'U' 'M' 'M' 'M' 'M'
 'U' 'M' 'M' 'M' 'M' 'M' 'M' 'M' 'M' 'M' 'M' 'M' 'U' 'M' 'M' 'M' 'M' 'M'
 'M' 'M' 'M' 'M' 'M' 'M' 'M' 'M' 'M' 'M' 'U' 'M' 'U' 'M' 'M' 'A' 'U' 'U'
 'M' 'M' 'M' 'U' 'M' 'M' 'M' 'M' 'M' 'M' 'M' 'M' 'M' 'U' 'M' 'M' 'M' 'U']"
389701,0,161,6,155,37,0,0,"['A' 'M' 'U' 'M' 'M' 'M' 'U' 'M' 'M' 'M' 'M' 'M' 'M' 'U' 'M' 'M' 'U' 'M'
 'M' 'M' 'M' 'M' 'M' 'M' 'M' 'U' 'M' 'M' 'M' 'M' 'M' 'M' 'M' 'M' 'M' 'M'
 'M' 'M' 'M' 'M' 'M' 'A' 'M' 'M' 'M' 'M' 'M' 'M' 'A' 'M' 'M' 'M' 'M' 'M'
 'M' 'M' 'M' 'M' 'M' 'M' 'M' 'M' 'M' 'M' 'U' 'M' 'M' 'M' 'M' 'M' 'M' 'M'
 'M' 'U' 'M' 'M' 'M' 'U' 'M' 'M' 'M' 'M' 'M' 'M' 'M' 'U' 'U' 'U' 'M' 'M'
 'M' 'M' 'M' 'M' 'M' 'U' 'M' 'U' 'U' 'U' 'M' 'M' 'M' 'M' 'M' 'M' 'U' 'M'
 'M' 'U' 'M' 'M' 'M' 'M' 'M' 'M' 'M' 'M' 'A' 'U' 'M' 'M' 'M' 'M' 'M' 'M'
 'M' 'M' 'A' 'M' 'M' 'M' 'M' 'U' 'U' 'U' 'U' 'U' 'U' 'U' 'U' 'M' 'M' 'M'
 'U' 'M' 'M' 'M' 'M' 'M' 'M' 'U' 'M' 'U' 'M' 'M' 'U' 'M' 'M' 'M' 'M' 'M'
 'M' 'M' 'M' 'M' 'M' 'M' 'M' 'M' 'M' 'U' 'U' 'M' 'U' 'M' 'M' 'A' 'U' 'M'
 'M' 'M' 'M' 'U' 'M' 'M' 'M' 'M' 'M' 'M' 'M' 'M' 'M' 'U' 'M' 'M' 'M' 'U']"
389801,0,160,6,154,38,0,0,"['A' 'M' 'U' 'M' 'M' 'M' 'U' 'M' 'M' 'M' 'M' 'M' 'M' 'U' 'M' 'M' 'U' 'M'
 'M' 'M' 'M' 'U' 'M' 'U' 'M' 'U' 'M' 'M' 'M' 'M' 'M' 'U' 'M' 'M' 'M' 'M'
 'M' 'M' 'M' 'M' 'M' 'A' 'M' 'M' 'M' 'M' 'M' 'U' 'A' 'M' 'M' 'M' 'M' 'M'
 'M' 'M' 'M' 'M' 'M' 'U' 'M' 'M' 'M' 'M' 'M' 'M' 'M' 'M' 'M' 'M' 'U' 'M'
 'U' 'M' 'M' 'M' 'M' 'M' 'M' 'M' 'M' 'U' 'U' 'M' 'M' 'M' 'M' 'M' 'M' 'M'
 'M' 'M' 'M' 'U' 'M' 'U' 'M' 'U' 'U' 'M' 'M' 'M' 'M' 'M' 'M' 'M' 'M' 'M'
 'M' 'U' 'M' 'M' 'M' 'M' 'M' 'M' 'M' 'M' 'U' 'U' 'M' 'M' 'M' 'M' 'M' 'M'
 'M' 'M' 'A' 'M' 'M' 'M' 'M' 'M' 'U' 'U' 'U' 'U' 'U' 'M' 'U' 'M' 'M' 'M'
 'U' 'M' 'M' 'M' 'M' 'M' 'U' 'U' 'M' 'M' 'U' 'M' 'U' 'U' 'M' 'M' 'M' 'M'
 'M' 'M' 'M' 'M' 'M' 'M' 'M' 'M' 'M' 'U' 'M' 'M' 'U' 'M' 'M' 'A' 'U' 'M'
 'M' 'M' 'M' 'A' 'M' 'M' 'M' 'M' 'M' 'M' 'M' 'M' 'M' 'U' 'M' 'M' 'M' 'U']"
389901,0,167,4,163,31,0,0,"['A' 'M' 'U' 'M' 'M' 'M' 'U' 'M' 'M' 'M' 'M' 'M' 'M' 'M' 'M' 'M' 'U' 'M'
 'M' 'M' 'M' 'U' 'M' 'U' 'M' 'U' 'M' 'M' 'M' 'M' 'M' 'M' 'M' 'M' 'M' 'M'
 'M' 'M' 'M' 'M' 'M' 'A' 'M' 'M' 'M' 'M' 'M' 'M' 'A' 'M' 'M' 'M' 'M' 'U'
 'M' 'M' 'M' 'M' 'M' 'M' 'M' 'M' 'M' 'M' 'M' 'M' 'U' 'M' 'M' 'M' 'M' 'M'
 'M' 'M' 'M' 'M' 'M' 'M' 'U' 'M' 'M' 'M' 'M' 'M' 'U' 'M' 'M' 'U' 'M' 'M'
 'U' 'M' 'M' 'M' 'M' 'M' 'M' 'U' 'U' 'M' 'M' 'M' 'M' 'M' 'M' 'M' 'M' 'U'
 'M' 'M' 'M' 'M' 'M' 'M' 'M' 'M' 'M' 'M' 'U' 'U' 'M' 'M' 'M' 'M' 'M' 'M'
 'M' 'M' 'A' 'M' 'M' 'M' 'M' 'M' 'U' 'U' 'U' 'U' 'U' 'M' 'U' 'M' 'M' 'M'
 'M' 'M' 'M' 'M' 'M' 'M' 'U' 'M' 'M' 'M' 'U' 'M' 'U' 'M' 'M' 'M' 'M' 'M'
 'M' 'M' 'M' 'M' 'M' 'M' 'M' 'M' 'M' 'M' 'M' 'M' 'U' 'M' 'M' 'U' 'U' 'M'
 'M' 'M' 'M' 'U' 'M' 'U' 'M' 'M' 'M' 'M' 'M' 'M' 'M' 'M' 'M' 'M' 'M' 'M']"
390001,0,166,5,161,32,0,0,"['A' 'M' 'U' 'M' 'M' 'M' 'U' 'M' 'M' 'A' 'M' 'M' 'U' 'M' 'M' 'M' 'U' 'M'
 'M' 'M' 'M' 'U' 'M' 'U' 'M' 'U' 'M' 'M' 'M' 'M' 'M' 'M' 'M' 'M' 'M' 'M'
 'M' 'M' 'M' 'M' 'M' 'A' 'M' 'M' 'M' 'M' 'M' 'M' 'A' 'M' 'M' 'M' 'M' 'U'
 'M' 'M' 'M' 'U' 'M' 'M' 'M' 'M' 'M' 'M' 'M' 'U' 'M' 'M' 'M' 'M' 'M' 'M'
 'M' 'U' 'M' 'M' 'M' 'M' 'M' 'M' 'M' 'M' 'M' 'M' 'U' 'M' 'U' 'M' 'M' 'M'
 'M' 'M' 'M' 'M' 'U' 'M' 'M' 'M' 'U' 'M' 'M' 'M' 'U' 'M' 'M' 'M' 'M' 'U'
 'M' 'M' 'M' 'M' 'M' 'M' 'U' 'M' 'M' 'M' 'U' 'U' 'M' 'M' 'M' 'M' 'M' 'M'
 'M' 'M' 'A' 'M' 'M' 'M' 'M' 'M' 'U' 'U' 'U' 'U' 'U' 'M' 'M' 'M' 'M' 'M'
 'M' 'M' 'M' 'M' 'M' 'M' 'M' 'M' 'M' 'M' 'U' 'M' 'U' 'M' 'M' 'U' 'M' 'M'
 'M' 'M' 'M' 'M' 'M' 'M' 'M' 'M' 'M' 'U' 'M' 'M' 'M' 'M' 'M' 'M' 'U' 'M'
 'M' 'M' 'M' 'U' 'M' 'U' 'M' 'M' 'M' 'M' 'M' 'M' 'M' 'M' 'M' 'M' 'M' 'M']"
390101,0,166,4,162,32,0,0,"['A' 'M' 'U' 'M' 'M' 'M' 'U' 'U' 'M' 'A' 'M' 'U' 'U' 'M' 'M' 'M' 'U' 'M'
 'M' 'M' 'M' 'U' 'M' 'U' 'M' 'U' 'M' 'U' 'M' 'M' 'M' 'M' 'M' 'M' 'M' 'M'
 'M' 'U' 'M' 'M' 'M' 'U' 'M' 'M' 'M' 'M' 'M' 'M' 'A' 'M' 'U' 'M' 'M' 'M'
 'M' 'M' 'M' 'M' 'M' 'M' 'M' 'M' 'M' 'M' 'M' 'M' 'M' 'U' 'U' 'M' 'M' 'M'
 'M' 'U' 'M' 'M' 'M' 'M' 'M' 'U' 'M' 'M' 'M' 'M' 'M' 'M' 'M' 'M' 'M' 'M'
 'M' 'M' 'M' 'U' 'M' 'M' 'M' 'M' 'U' 'M' 'U' 'M' 'M' 'M' 'M' 'M' 'M' 'U'
 'M' 'M' 'M' 'M' 'M' 'M' 'U' 'M' 'M' 'M' 'U' 'M' 'M' 'M' 'M' 'M' 'M' 'M'
 'M' 'M' 'A' 'M' 'M' 'M' 'U' 'U' 'U' 'U' 'M' 'U' 'M' 'M' 'M' 'M' 'M' 'M'
 'M' 'M' 'M' 'M' 'M' 'M' 'M' 'M' 'M' 'M' 'U' 'M' 'M' 'M' 'M' 'M' 'M' 'U'
 'M' 'M' 'M' 'M' 'M' 'M' 'M' 'M' 'M' 'M' 'M' 'M' 'M' 'M' 'M' 'M' 'M' 'M'
 'M' 'M' 'M' 'U' 'M' 'U' 'M' 'M' 'M' 'M' 'M' 'M' 'M' 'M' 'M' 'M' 'M' 'M']"
390201,0,163,3,160,35,0,0,"['A' 'M' 'U' 'M' 'M' 'M' 'U' 'U' 'M' 'A' 'M' 'U' 'M' 'M' 'M' 'M' 'M' 'M'
 'M' 'M' 'M' 'U' 'M' 'U' 'M' 'U' 'M' 'M' 'M' 'M' 'M' 'M' 'M' 'M' 'M' 'M'
 'U' 'U' 'M' 'M' 'M' 'M' 'M' 'M' 'M' 'M' 'M' 'M' 'M' 'M' 'U' 'M' 'M' 'M'
 'M' 'M' 'M' 'U' 'M' 'M' 'M' 'M' 'M' 'M' 'M' 'M' 'U' 'U' 'M' 'M' 'U' 'M'
 'M' 'M' 'M' 'M' 'U' 'U' 'M' 'M' 'M' 'M' 'M' 'M' 'M' 'M' 'M' 'M' 'M' 'M'
 'M' 'M' 'M' 'M' 'M' 'M' 'M' 'M' 'U' 'M' 'U' 'M' 'M' 'M' 'M' 'M' 'M' 'U'
 'M' 'M' 'M' 'M' 'M' 'M' 'U' 'M' 'U' 'M' 'U' 'M' 'M' 'M' 'M' 'M' 'M' 'M'
 'U' 'M' 'A' 'M' 'M' 'U' 'U' 'M' 'U' 'U' 'U' 'M' 'U' 'M' 'M' 'M' 'M' 'M'
 'M' 'M' 'M' 'M' 'M' 'M' 'M' 'U' 'M' 'M' 'U' 'M' 'M' 'M' 'M' 'M' 'M' 'M'
 'M' 'M' 'M' 'M' 'M' 'M' 'M' 'M' 'M' 'M' 'M' 'M' 'M' 'M' 'M' 'M' 'M' 'M'
 'M' 'M' 'M' 'U' 'U' 'U' 'M' 'M' 'M' 'M' 'U' 'M' 'M' 'M' 'M' 'M' 'M' 'M']"
390301,0,165,4,161,33,0,0,"['A' 'M' 'U' 'M' 'U' 'M' 'U' 'M' 'M' 'A' 'M' 'M' 'M' 'M' 'M' 'M' 'M' 'M'
 'M' 'U' 'M' 'U' 'M' 'U' 'M' 'U' 'M' 'M' 'M' 'M' 'M' 'M' 'M' 'M' 'U' 'M'
 'M' 'U' 'M' 'M' 'M' 'M' 'M' 'M' 'M' 'M' 'M' 'M' 'M' 'M' 'U' 'M' 'M' 'M'
 'M' 'U' 'M' 'U' 'M' 'M' 'M' 'M' 'M' 'M' 'U' 'M' 'U' 'M' 'U' 'M' 'M' 'M'
 'M' 'M' 'M' 'M' 'U' 'M' 'M' 'M' 'M' 'M' 'M' 'M' 'M' 'M' 'U' 'M' 'M' 'M'
 'M' 'M' 'U' 'M' 'M' 'M' 'M' 'M' 'U' 'M' 'U' 'M' 'M' 'M' 'M' 'M' 'M' 'U'
 'M' 'M' 'M' 'M' 'M' 'M' 'M' 'M' 'U' 'M' 'M' 'M' 'M' 'M' 'M' 'M' 'M' 'M'
 'U' 'M' 'A' 'M' 'M' 'U' 'U' 'M' 'M' 'U' 'U' 'M' 'U' 'M' 'M' 'M' 'M' 'M'
 'U' 'M' 'M' 'M' 'M' 'M' 'M' 'A' 'M' 'M' 'M' 'M' 'M' 'M' 'M' 'M' 'M' 'M'
 'U' 'M' 'M' 'M' 'M' 'M' 'M' 'M' 'M' 'M' 'M' 'M' 'M' 'M' 'M' 'M' 'M' 'M'
 'M' 'M' 'M' 'U' 'M' 'M' 'M' 'M' 'M' 'M' 'U' 'M' 'M' 'M' 'M' 'U' 'M' 'M']"
390401,0,163,6,157,35,0,0,"['A' 'M' 'M' 'M' 'U' 'M' 'A' 'M' 'M' 'A' 'M' 'M' 'M' 'M' 'M' 'M' 'M' 'M'
 'M' 'U' 'M' 'M' 'M' 'U' 'M' 'U' 'M' 'M' 'M' 'M' 'M' 'M' 'M' 'M' 'M' 'M'
 'M' 'U' 'U' 'M' 'M' 'M' 'M' 'M' 'M' 'M' 'M' 'M' 'M' 'M' 'U' 'M' 'M' 'M'
 'M' 'U' 'M' 'U' 'M' 'M' 'M' 'M' 'M' 'M' 'U' 'M' 'M' 'M' 'M' 'M' 'M' 'M'
 'M' 'M' 'M' 'M' 'M' 'M' 'M' 'M' 'M' 'M' 'U' 'M' 'U' 'M' 'U' 'M' 'M' 'U'
 'M' 'M' 'M' 'M' 'U' 'M' 'M' 'M' 'U' 'M' 'U' 'M' 'M' 'M' 'M' 'M' 'M' 'U'
 'M' 'M' 'M' 'M' 'M' 'M' 'M' 'U' 'U' 'U' 'M' 'U' 'M' 'M' 'M' 'M' 'M' 'U'
 'U' 'M' 'A' 'M' 'M' 'U' 'U' 'M' 'M' 'U' 'M' 'M' 'U' 'M' 'M' 'M' 'A' 'M'
 'U' 'M' 'M' 'M' 'M' 'M' 'M' 'A' 'M' 'M' 'M' 'U' 'M' 'M' 'M' 'M' 'U' 'M'
 'M' 'U' 'M' 'M' 'M' 'M' 'M' 'M' 'M' 'M' 'M' 'M' 'M' 'M' 'M' 'M' 'M' 'M'
 'M' 'M' 'M' 'M' 'M' 'M' 'M' 'M' 'M' 'M' 'U' 'M' 'U' 'M' 'M' 'U' 'M' 'M']"
390501,1,162,6,156,36,0,0,"['A' 'M' 'M' 'M' 'U' 'M' 'A' 'M' 'M' 'A' 'M' 'M' 'M' 'M' 'M' 'M' 'M' 'M'
 'M' 'U' 'M' 'M' 'M' 'U' 'U' 'M' 'M' 'M' 'M' 'M' 'M' 'M' 'M' 'M' 'M' 'M'
 'M' 'M' 'M' 'M' 'M' 'M' 'M' 'M' 'M' 'M' 'M' 'M' 'M' 'M' 'M' 'M' 'U' 'M'
 'U' 'U' 'M' 'M' 'M' 'M' 'M' 'M' 'U' 'M' 'U' 'M' 'M' 'M' 'M' 'M' 'U' 'M'
 'U' 'U' 'M' 'M' 'M' 'M' 'M' 'M' 'M' 'M' 'M' 'M' 'M' 'M' 'M' 'M' 'M' 'M'
 'U' 'M' 'M' 'U' 'M' 'M' 'M' 'M' 'A' 'U' 'M' 'M' 'M' 'M' 'M' 'M' 'M' 'M'
 'M' 'M' 'M' 'M' 'M' 'M' 'M' 'U' 'M' 'U' 'M' 'M' 'M' 'M' 'M' 'M' 'M' 'U'
 'U' 'M' 'U' 'M' 'M' 'U' 'U' 'U' 'U' 'U' 'U' 'U' 'U' 'M' 'M' 'M' 'A' 'M'
 'U' 'M' 'M' 'M' 'M' 'M' 'M' 'A' 'M' 'M' 'M' 'U' 'M' 'M' 'M' 'M' 'U' 'M'
 'M' 'U' 'M' 'M' 'M' 'M' 'M' 'M' 'M' 'M' 'M' 'M' 'M' 'M' 'M' 'M' 'M' 'M'
 'M' 'M' 'M' 'M' 'M' 'M' 'U' 'M' 'M' 'M' 'U' 'M' 'U' 'M' 'M' 'U' 'M' 'M']"
390601,2,161,10,151,37,0,0,"['A' 'M' 'M' 'M' 'A' 'M' 'A' 'M' 'M' 'A' 'M' 'M' 'M' 'U' 'M' 'M' 'M' 'M'
 'M' 'U' 'M' 'M' 'M' 'U' 'M' 'M' 'M' 'M' 'M' 'M' 'M' 'M' 'M' 'M' 'M' 'M'
 'M' 'M' 'U' 'M' 'M' 'M' 'M' 'M' 'M' 'M' 'M' 'M' 'M' 'M' 'M' 'M' 'U' 'M'
 'U' 'M' 'M' 'M' 'M' 'M' 'A' 'M' 'U' 'M' 'U' 'M' 'U' 'M' 'U' 'M' 'M' 'M'
 'U' 'M' 'M' 'M' 'M' 'M' 'M' 'M' 'M' 'U' 'U' 'M' 'M' 'M' 'M' 'M' 'M' 'M'
 'M' 'M' 'M' 'M' 'M' 'M' 'M' 'M' 'A' 'M' 'M' 'M' 'M' 'M' 'M' 'M' 'U' 'M'
 'M' 'U' 'M' 'M' 'M' 'M' 'M' 'U' 'M' 'U' 'M' 'M' 'M' 'M' 'M' 'M' 'M' 'U'
 'U' 'M' 'U' 'M' 'M' 'U' 'A' 'U' 'U' 'U' 'U' 'U' 'U' 'M' 'M' 'M' 'A' 'M'
 'U' 'M' 'M' 'M' 'M' 'M' 'M' 'A' 'M' 'M' 'M' 'U' 'M' 'M' 'M' 'M' 'U' 'M'
 'M' 'M' 'M' 'M' 'M' 'U' 'M' 'M' 'M' 'M' 'M' 'M' 'M' 'M' 'M' 'M' 'M' 'U'
 'M' 'M' 'M' 'M' 'M' 'M' 'U' 'M' 'U' 'U' 'A' 'M' 'U' 'M' 'M' 'U' 'M' 'M']"
390701,0,158,7,151,40,0,0,"['A' 'M' 'M' 'M' 'U' 'M' 'U' 'M' 'M' 'A' 'M' 'M' 'U' 'U' 'M' 'M' 'M' 'M'
 'U' 'M' 'U' 'M' 'M' 'M' 'M' 'M' 'M' 'M' 'M' 'M' 'M' 'M' 'M' 'M' 'M' 'M'
 'M' 'M' 'U' 'M' 'M' 'M' 'M' 'M' 'M' 'M' 'M' 'M' 'M' 'M' 'M' 'M' 'U' 'M'
 'U' 'M' 'M' 'M' 'M' 'M' 'A' 'U' 'U' 'M' 'U' 'M' 'M' 'M' 'M' 'M' 'M' 'M'
 'M' 'M' 'M' 'M' 'M' 'M' 'U' 'M' 'M' 'M' 'M' 'M' 'U' 'U' 'M' 'M' 'U' 'M'
 'M' 'M' 'M' 'U' 'M' 'M' 'M' 'M' 'A' 'M' 'M' 'M' 'M' 'M' 'M' 'M' 'U' 'M'
 'M' 'U' 'U' 'M' 'M' 'M' 'M' 'U' 'U' 'U' 'M' 'M' 'M' 'M' 'M' 'M' 'M' 'U'
 'M' 'M' 'U' 'M' 'M' 'U' 'A' 'U' 'U' 'U' 'U' 'M' 'M' 'M' 'M' 'M' 'U' 'M'
 'U' 'M' 'M' 'M' 'M' 'M' 'M' 'A' 'M' 'M' 'M' 'U' 'M' 'M' 'M' 'M' 'M' 'U'
 'M' 'M' 'M' 'M' 'M' 'M' 'M' 'M' 'M' 'M' 'M' 'M' 'M' 'M' 'M' 'M' 'M' 'U'
 'U' 'M' 'M' 'M' 'U' 'M' 'M' 'U' 'U' 'U' 'A' 'M' 'M' 'M' 'M' 'M' 'M' 'M']"
390801,0,154,7,147,44,0,0,"['A' 'U' 'M' 'M' 'U' 'M' 'U' 'M' 'M' 'A' 'M' 'M' 'U' 'U' 'M' 'M' 'M' 'M'
 'U' 'M' 'U' 'M' 'M' 'M' 'M' 'M' 'M' 'M' 'M' 'U' 'M' 'U' 'M' 'M' 'M' 'M'
 'M' 'M' 'U' 'M' 'U' 'M' 'M' 'M' 'U' 'M' 'M' 'M' 'M' 'M' 'M' 'M' 'U' 'M'
 'U' 'M' 'M' 'U' 'M' 'M' 'A' 'U' 'U' 'M' 'U' 'M' 'M' 'M' 'M' 'M' 'M' 'U'
 'M' 'M' 'U' 'M' 'M' 'M' 'M' 'M' 'M' 'M' 'U' 'M' 'M' 'M' 'U' 'U' 'M' 'M'
 'M' 'M' 'M' 'M' 'M' 'M' 'M' 'M' 'A' 'M' 'M' 'M' 'M' 'U' 'U' 'M' 'M' 'M'
 'M' 'M' 'U' 'M' 'M' 'M' 'M' 'M' 'U' 'U' 'M' 'M' 'M' 'M' 'U' 'M' 'M' 'U'
 'M' 'M' 'U' 'M' 'M' 'M' 'A' 'U' 'U' 'M' 'U' 'M' 'M' 'M' 'M' 'M' 'U' 'M'
 'U' 'M' 'M' 'M' 'M' 'M' 'M' 'A' 'M' 'M' 'M' 'M' 'M' 'M' 'M' 'M' 'M' 'U'
 'M' 'M' 'M' 'M' 'M' 'M' 'M' 'M' 'M' 'M' 'M' 'M' 'M' 'M' 'M' 'M' 'M' 'U'
 'U' 'M' 'U' 'M' 'U' 'M' 'M' 'U' 'U' 'U' 'A' 'M' 'M' 'M' 'M' 'M' 'M' 'M']"
390901,1,160,8,152,38,0,1,"['A' 'M' 'M' 'M' 'U' 'M' 'U' 'M' 'M' 'A' 'A' 'M' 'U' 'M' 'M' 'M' 'M' 'M'
 'U' 'M' 'M' 'M' 'M' 'M' 'M' 'M' 'M' 'M' 'M' 'M' 'M' 'U' 'M' 'M' 'M' 'M'
 'M' 'M' 'M' 'M' 'U' 'M' 'M' 'M' 'U' 'M' 'M' 'M' 'M' 'M' 'M' 'M' 'M' 'M'
 'U' 'M' 'M' 'M' 'M' 'M' 'A' 'U' 'U' 'M' 'M' 'M' 'M' 'M' 'M' 'M' 'M' 'M'
 'U' 'M' 'U' 'M' 'M' 'M' 'M' 'M' 'M' 'U' 'M' 'M' 'U' 'M' 'U' 'M' 'M' 'M'
 'M' 'M' 'M' 'M' 'M' 'M' 'M' 'M' 'U' 'M' 'M' 'M' 'M' 'M' 'A' 'M' 'M' 'M'
 'M' 'M' 'U' 'M' 'M' 'M' 'M' 'M' 'U' 'M' 'M' 'M' 'M' 'M' 'U' 'M' 'M' 'U'
 'M' 'M' 'U' 'M' 'M' 'M' 'A' 'U' 'U' 'U' 'U' 'U' 'U' 'M' 'U' 'M' 'U' 'U'
 'M' 'M' 'M' 'M' 'M' 'M' 'M' 'U' 'M' 'U' 'M' 'M' 'M' 'M' 'M' 'M' 'M' 'U'
 'M' 'M' 'M' 'M' 'M' 'M' 'M' 'M' 'M' 'M' 'M' 'M' 'M' 'M' 'M' 'M' 'M' 'U'
 'M' 'M' 'A' 'M' 'U' 'M' 'M' 'U' 'U' 'U' 'A' 'M' 'M' 'M' 'M' 'M' 'M' 'M']"
391001,0,166,9,157,32,0,0,"['A' 'M' 'M' 'M' 'U' 'M' 'M' 'M' 'M' 'A' 'A' 'M' 'U' 'M' 'U' 'M' 'U' 'M'
 'M' 'M' 'M' 'M' 'U' 'M' 'M' 'M' 'M' 'U' 'M' 'M' 'M' 'U' 'M' 'M' 'M' 'M'
 'U' 'M' 'M' 'M' 'U' 'M' 'M' 'M' 'M' 'M' 'M' 'M' 'M' 'M' 'M' 'M' 'M' 'M'
 'U' 'M' 'M' 'M' 'M' 'M' 'A' 'M' 'U' 'M' 'M' 'U' 'U' 'U' 'M' 'M' 'M' 'M'
 'M' 'U' 'U' 'M' 'M' 'M' 'M' 'M' 'M' 'M' 'M' 'M' 'M' 'M' 'M' 'M' 'M' 'M'
 'M' 'M' 'M' 'M' 'M' 'M' 'M' 'M' 'M' 'M' 'M' 'M' 'M' 'M' 'A' 'M' 'M' 'M'
 'M' 'U' 'U' 'U' 'M' 'M' 'M' 'M' 'U' 'M' 'M' 'U' 'M' 'M' 'M' 'M' 'M' 'U'
 'M' 'M' 'A' 'M' 'M' 'M' 'A' 'U' 'M' 'U' 'M' 'M' 'M' 'M' 'U' 'M' 'U' 'M'
 'M' 'M' 'M' 'M' 'M' 'M' 'M' 'M' 'M' 'M' 'M' 'U' 'M' 'M' 'M' 'M' 'M' 'M'
 'U' 'M' 'M' 'M' 'M' 'M' 'M' 'M' 'M' 'M' 'M' 'M' 'M' 'M' 'M' 'M' 'M' 'U'
 'M' 'M' 'A' 'M' 'M' 'M' 'M' 'U' 'U' 'U' 'A' 'M' 'M' 'M' 'M' 'M' 'M' 'M']"
391101,0,157,7,150,41,0,0,"['A' 'U' 'U' 'M' 'M' 'M' 'M' 'M' 'M' 'A' 'U' 'U' 'U' 'M' 'U' 'M' 'U' 'M'
 'M' 'M' 'M' 'M' 'U' 'M' 'M' 'M' 'M' 'U' 'M' 'M' 'M' 'U' 'M' 'M' 'M' 'M'
 'U' 'M' 'M' 'M' 'M' 'M' 'M' 'M' 'M' 'U' 'M' 'M' 'M' 'U' 'M' 'M' 'M' 'M'
 'M' 'M' 'M' 'M' 'M' 'M' 'A' 'M' 'U' 'M' 'M' 'M' 'M' 'M' 'M' 'M' 'M' 'M'
 'M' 'M' 'M' 'M' 'M' 'M' 'M' 'M' 'M' 'M' 'M' 'M' 'U' 'U' 'U' 'U' 'M' 'M'
 'U' 'M' 'M' 'M' 'M' 'M' 'M' 'M' 'M' 'M' 'M' 'M' 'M' 'M' 'U' 'M' 'M' 'M'
 'M' 'U' 'U' 'M' 'M' 'M' 'M' 'M' 'U' 'M' 'M' 'M' 'M' 'M' 'M' 'M' 'M' 'U'
 'M' 'M' 'A' 'M' 'U' 'M' 'A' 'U' 'U' 'U' 'M' 'M' 'M' 'M' 'U' 'U' 'U' 'M'
 'M' 'M' 'M' 'M' 'M' 'M' 'M' 'M' 'M' 'M' 'M' 'U' 'M' 'M' 'M' 'U' 'U' 'M'
 'U' 'M' 'M' 'M' 'M' 'M' 'M' 'M' 'M' 'M' 'U' 'M' 'M' 'M' 'M' 'M' 'M' 'U'
 'M' 'M' 'U' 'A' 'M' 'M' 'M' 'U' 'U' 'U' 'A' 'M' 'M' 'M' 'M' 'M' 'M' 'M']"
391201,0,161,9,152,37,0,1,"['A' 'U' 'U' 'M' 'M' 'M' 'M' 'M' 'M' 'A' 'U' 'M' 'U' 'M' 'M' 'M' 'U' 'M'
 'M' 'M' 'M' 'M' 'U' 'U' 'M' 'M' 'M' 'M' 'U' 'M' 'M' 'U' 'M' 'M' 'M' 'M'
 'U' 'M' 'M' 'M' 'M' 'M' 'M' 'M' 'U' 'M' 'M' 'M' 'M' 'U' 'M' 'M' 'M' 'M'
 'M' 'M' 'M' 'M' 'M' 'M' 'A' 'M' 'U' 'M' 'M' 'M' 'M' 'M' 'M' 'M' 'M' 'U'
 'M' 'M' 'M' 'M' 'M' 'M' 'U' 'M' 'M' 'U' 'M' 'M' 'M' 'M' 'M' 'M' 'M' 'M'
 'M' 'U' 'U' 'M' 'M' 'U' 'M' 'M' 'M' 'M' 'M' 'M' 'M' 'M' 'U' 'M' 'M' 'M'
 'M' 'M' 'U' 'M' 'M' 'M' 'M' 'M' 'M' 'M' 'M' 'M' 'M' 'M' 'M' 'M' 'M' 'U'
 'M' 'M' 'A' 'M' 'U' 'U' 'A' 'A' 'U' 'M' 'M' 'M' 'M' 'M' 'M' 'U' 'M' 'U'
 'M' 'M' 'M' 'U' 'M' 'M' 'M' 'M' 'M' 'M' 'M' 'U' 'M' 'M' 'M' 'M' 'U' 'M'
 'M' 'M' 'M' 'M' 'M' 'M' 'M' 'M' 'M' 'M' 'U' 'U' 'M' 'M' 'M' 'M' 'M' 'A'
 'M' 'M' 'U' 'A' 'M' 'M' 'M' 'U' 'U' 'U' 'A' 'M' 'M' 'M' 'M' 'M' 'U' 'M']"
391301,0,154,7,147,44,1,0,"['A' 'U' 'U' 'M' 'M' 'M' 'M' 'M' 'U' 'U' 'U' 'M' 'U' 'M' 'M' 'M' 'U' 'M'
 'M' 'M' 'M' 'M' 'U' 'M' 'M' 'U' 'M' 'M' 'U' 'M' 'M' 'U' 'M' 'M' 'M' 'M'
 'U' 'M' 'M' 'M' 'M' 'M' 'M' 'M' 'U' 'U' 'U' 'U' 'M' 'U' 'M' 'M' 'M' 'M'
 'M' 'M' 'M' 'M' 'M' 'M' 'A' 'M' 'U' 'M' 'M' 'M' 'U' 'M' 'M' 'U' 'M' 'M'
 'M' 'M' 'U' 'M' 'M' 'M' 'M' 'M' 'M' 'M' 'M' 'M' 'M' 'M' 'M' 'M' 'M' 'U'
 'M' 'U' 'M' 'M' 'M' 'U' 'M' 'M' 'M' 'U' 'M' 'M' 'M' 'M' 'U' 'M' 'M' 'U'
 'M' 'M' 'U' 'M' 'M' 'U' 'M' 'M' 'M' 'M' 'M' 'M' 'M' 'M' 'M' 'M' 'M' 'M'
 'M' 'M' 'M' 'M' 'U' 'M' 'U' 'A' 'U' 'U' 'M' 'M' 'M' 'M' 'U' 'U' 'M' 'U'
 'M' 'M' 'M' 'A' 'M' 'M' 'M' 'M' 'M' 'M' 'M' 'A' 'M' 'M' 'M' 'M' 'U' 'M'
 'M' 'M' 'M' 'M' 'M' 'M' 'M' 'M' 'M' 'M' 'U' 'U' 'M' 'M' 'M' 'M' 'M' 'A'
 'M' 'M' 'U' 'U' 'M' 'M' 'M' 'U' 'U' 'M' 'A' 'M' 'M' 'M' 'M' 'M' 'U' 'M']"
391401,0,143,3,140,55,0,0,"['A' 'U' 'U' 'M' 'M' 'U' 'M' 'M' 'U' 'U' 'U' 'M' 'U' 'U' 'M' 'M' 'U' 'M'
 'M' 'M' 'M' 'M' 'M' 'M' 'M' 'U' 'M' 'M' 'U' 'M' 'M' 'U' 'M' 'M' 'M' 'M'
 'U' 'U' 'M' 'M' 'M' 'M' 'U' 'M' 'U' 'M' 'U' 'U' 'M' 'U' 'M' 'M' 'M' 'M'
 'U' 'M' 'M' 'M' 'U' 'M' 'A' 'M' 'U' 'M' 'M' 'M' 'M' 'U' 'M' 'M' 'M' 'M'
 'M' 'M' 'M' 'M' 'M' 'U' 'M' 'M' 'M' 'M' 'U' 'M' 'M' 'M' 'U' 'M' 'M' 'U'
 'M' 'M' 'M' 'M' 'M' 'M' 'M' 'M' 'M' 'U' 'M' 'M' 'M' 'M' 'U' 'M' 'M' 'U'
 'M' 'M' 'U' 'M' 'M' 'M' 'M' 'M' 'M' 'M' 'M' 'M' 'M' 'M' 'M' 'U' 'M' 'U'
 'M' 'M' 'M' 'M' 'U' 'U' 'U' 'U' 'U' 'U' 'U' 'U' 'U' 'M' 'U' 'M' 'M' 'U'
 'M' 'M' 'M' 'U' 'M' 'M' 'U' 'M' 'M' 'M' 'M' 'A' 'M' 'M' 'M' 'M' 'U' 'M'
 'M' 'M' 'M' 'M' 'U' 'M' 'M' 'M' 'M' 'M' 'U' 'U' 'M' 'M' 'M' 'M' 'M' 'U'
 'M' 'M' 'U' 'U' 'M' 'M' 'M' 'U' 'M' 'M' 'U' 'M' 'M' 'M' 'M' 'M' 'M' 'M']"
391501,0,152,3,149,46,0,0,"['A' 'M' 'M' 'M' 'M' 'U' 'M' 'M' 'U' 'U' 'M' 'M' 'M' 'M' 'M' 'M' 'U' 'M'
 'M' 'M' 'M' 'M' 'M' 'M' 'M' 'U' 'M' 'U' 'U' 'M' 'M' 'M' 'M' 'M' 'M' 'M'
 'M' 'U' 'M' 'M' 'M' 'M' 'U' 'M' 'U' 'M' 'U' 'U' 'M' 'U' 'U' 'M' 'M' 'M'
 'U' 'M' 'M' 'M' 'U' 'M' 'A' 'M' 'U' 'M' 'M' 'M' 'M' 'M' 'U' 'M' 'M' 'M'
 'M' 'M' 'U' 'M' 'M' 'M' 'M' 'M' 'M' 'U' 'M' 'M' 'M' 'U' 'M' 'M' 'M' 'M'
 'M' 'M' 'M' 'M' 'U' 'M' 'M' 'M' 'M' 'U' 'U' 'M' 'M' 'M' 'U' 'M' 'M' 'M'
 'M' 'M' 'U' 'M' 'M' 'M' 'M' 'M' 'M' 'M' 'M' 'M' 'M' 'M' 'M' 'U' 'M' 'U'
 'M' 'M' 'M' 'M' 'U' 'U' 'M' 'U' 'U' 'U' 'U' 'M' 'U' 'M' 'U' 'M' 'M' 'U'
 'M' 'M' 'M' 'U' 'M' 'M' 'U' 'M' 'M' 'M' 'M' 'A' 'M' 'M' 'M' 'M' 'U' 'M'
 'M' 'M' 'M' 'M' 'U' 'M' 'M' 'M' 'M' 'M' 'U' 'U' 'M' 'M' 'M' 'M' 'M' 'M'
 'M' 'M' 'U' 'M' 'M' 'U' 'M' 'U' 'M' 'M' 'M' 'M' 'M' 'M' 'M' 'M' 'M' 'M']"
391601,0,159,4,155,39,0,0,"['A' 'M' 'M' 'M' 'M' 'M' 'M' 'M' 'M' 'U' 'M' 'M' 'M' 'M' 'U' 'M' 'M' 'M'
 'M' 'M' 'U' 'M' 'M' 'M' 'M' 'U' 'M' 'U' 'U' 'U' 'M' 'M' 'M' 'M' 'M' 'M'
 'M' 'M' 'M' 'M' 'M' 'M' 'M' 'M' 'U' 'M' 'U' 'U' 'M' 'U' 'U' 'M' 'M' 'M'
 'U' 'M' 'M' 'M' 'U' 'M' 'A' 'M' 'U' 'M' 'M' 'M' 'M' 'M' 'M' 'M' 'M' 'M'
 'U' 'M' 'M' 'M' 'M' 'M' 'M' 'M' 'M' 'U' 'M' 'M' 'M' 'U' 'M' 'M' 'M' 'M'
 'M' 'U' 'M' 'M' 'U' 'M' 'M' 'M' 'M' 'U' 'U' 'M' 'M' 'M' 'U' 'M' 'M' 'M'
 'M' 'M' 'M' 'M' 'M' 'M' 'M' 'U' 'M' 'M' 'M' 'M' 'M' 'M' 'M' 'M' 'M' 'U'
 'M' 'M' 'M' 'M' 'U' 'U' 'M' 'U' 'U' 'A' 'U' 'M' 'M' 'M' 'U' 'U' 'M' 'U'
 'M' 'M' 'M' 'U' 'M' 'M' 'U' 'M' 'M' 'M' 'M' 'A' 'M' 'M' 'M' 'M' 'U' 'M'
 'M' 'M' 'M' 'M' 'M' 'M' 'M' 'M' 'M' 'M' 'M' 'U' 'M' 'M' 'M' 'M' 'M' 'M'
 'M' 'M' 'M' 'M' 'M' 'M' 'U' 'U' 'M' 'M' 'M' 'M' 'M' 'M' 'M' 'M' 'M' 'M']"
391701,0,156,4,152,42,0,0,"['A' 'U' 'M' 'M' 'M' 'M' 'U' 'M' 'M' 'U' 'M' 'M' 'M' 'M' 'U' 'M' 'M' 'M'
 'M' 'M' 'U' 'M' 'M' 'M' 'M' 'U' 'M' 'U' 'U' 'A' 'M' 'M' 'M' 'M' 'M' 'M'
 'M' 'M' 'M' 'M' 'M' 'M' 'M' 'U' 'U' 'M' 'U' 'U' 'M' 'U' 'U' 'U' 'M' 'M'
 'U' 'M' 'M' 'M' 'M' 'M' 'A' 'M' 'U' 'M' 'M' 'M' 'U' 'M' 'M' 'M' 'M' 'M'
 'M' 'M' 'M' 'M' 'M' 'M' 'M' 'U' 'M' 'M' 'M' 'M' 'M' 'M' 'U' 'M' 'M' 'M'
 'U' 'M' 'M' 'M' 'U' 'M' 'M' 'M' 'M' 'U' 'M' 'M' 'M' 'M' 'U' 'M' 'M' 'M'
 'M' 'U' 'M' 'M' 'M' 'M' 'M' 'U' 'M' 'M' 'M' 'M' 'M' 'M' 'M' 'M' 'M' 'U'
 'M' 'M' 'M' 'M' 'U' 'U' 'M' 'U' 'U' 'A' 'U' 'M' 'M' 'M' 'U' 'U' 'M' 'M'
 'M' 'M' 'M' 'U' 'M' 'U' 'M' 'M' 'M' 'M' 'M' 'U' 'U' 'M' 'M' 'M' 'U' 'M'
 'M' 'M' 'M' 'M' 'M' 'M' 'M' 'M' 'M' 'M' 'M' 'U' 'M' 'M' 'M' 'M' 'M' 'M'
 'M' 'M' 'M' 'M' 'M' 'M' 'M' 'U' 'M' 'M' 'M' 'M' 'M' 'M' 'M' 'M' 'U' 'M']"
391801,0,163,3,160,35,0,0,"['A' 'U' 'M' 'M' 'M' 'M' 'U' 'M' 'M' 'U' 'M' 'M' 'M' 'M' 'U' 'M' 'M' 'M'
 'M' 'M' 'M' 'M' 'M' 'M' 'M' 'M' 'M' 'M' 'U' 'A' 'M' 'M' 'M' 'M' 'M' 'M'
 'M' 'M' 'M' 'M' 'M' 'M' 'M' 'U' 'U' 'M' 'M' 'U' 'M' 'M' 'U' 'U' 'M' 'M'
 'U' 'M' 'M' 'M' 'M' 'M' 'U' 'M' 'U' 'M' 'M' 'M' 'M' 'M' 'M' 'U' 'M' 'M'
 'M' 'U' 'M' 'M' 'M' 'M' 'M' 'M' 'M' 'M' 'M' 'U' 'M' 'M' 'U' 'M' 'M' 'M'
 'M' 'U' 'M' 'M' 'M' 'M' 'M' 'M' 'M' 'M' 'M' 'M' 'M' 'M' 'M' 'M' 'U' 'M'
 'M' 'U' 'M' 'M' 'M' 'M' 'M' 'M' 'M' 'M' 'M' 'M' 'M' 'M' 'M' 'M' 'M' 'M'
 'M' 'U' 'M' 'M' 'U' 'U' 'M' 'U' 'M' 'A' 'U' 'M' 'M' 'M' 'M' 'U' 'M' 'M'
 'M' 'U' 'M' 'U' 'M' 'M' 'M' 'U' 'M' 'M' 'M' 'U' 'U' 'M' 'M' 'M' 'U' 'M'
 'M' 'M' 'M' 'M' 'M' 'M' 'M' 'M' 'U' 'M' 'M' 'U' 'M' 'M' 'M' 'M' 'M' 'M'
 'M' 'M' 'M' 'M' 'M' 'M' 'M' 'M' 'M' 'M' 'M' 'M' 'M' 'M' 'M' 'M' 'U' 'M']"
391901,0,161,3,158,37,0,1,"['A' 'U' 'M' 'M' 'M' 'M' 'U' 'M' 'M' 'M' 'M' 'M' 'M' 'M' 'U' 'M' 'M' 'M'
 'M' 'M' 'M' 'M' 'M' 'M' 'M' 'M' 'M' 'M' 'U' 'A' 'M' 'M' 'M' 'M' 'M' 'M'
 'M' 'M' 'M' 'M' 'M' 'M' 'M' 'U' 'U' 'U' 'M' 'M' 'M' 'M' 'M' 'U' 'M' 'M'
 'M' 'M' 'M' 'M' 'M' 'M' 'M' 'M' 'M' 'M' 'M' 'M' 'M' 'M' 'U' 'M' 'M' 'M'
 'M' 'M' 'M' 'U' 'M' 'M' 'M' 'M' 'M' 'M' 'M' 'U' 'U' 'M' 'M' 'M' 'M' 'M'
 'M' 'U' 'M' 'M' 'M' 'M' 'M' 'M' 'M' 'M' 'M' 'U' 'M' 'M' 'M' 'M' 'U' 'M'
 'M' 'U' 'M' 'M' 'M' 'M' 'M' 'M' 'M' 'M' 'M' 'M' 'M' 'M' 'M' 'M' 'M' 'M'
 'M' 'U' 'M' 'M' 'U' 'U' 'U' 'U' 'U' 'A' 'U' 'U' 'U' 'M' 'M' 'U' 'U' 'M'
 'M' 'M' 'M' 'U' 'M' 'M' 'M' 'U' 'M' 'M' 'M' 'M' 'U' 'U' 'M' 'M' 'U' 'M'
 'M' 'M' 'M' 'M' 'M' 'M' 'M' 'M' 'U' 'M' 'M' 'U' 'M' 'M' 'U' 'M' 'M' 'M'
 'M' 'M' 'M' 'M' 'M' 'M' 'M' 'M' 'M' 'M' 'M' 'M' 'M' 'M' 'U' 'M' 'U' 'M']"
392001,0,161,4,157,37,0,0,"['A' 'U' 'M' 'M' 'M' 'M' 'U' 'U' 'M' 'M' 'M' 'M' 'M' 'M' 'U' 'M' 'M' 'M'
 'M' 'M' 'M' 'M' 'M' 'M' 'M' 'M' 'M' 'M' 'U' 'A' 'M' 'M' 'M' 'M' 'M' 'M'
 'M' 'M' 'M' 'U' 'M' 'M' 'M' 'U' 'M' 'U' 'M' 'M' 'M' 'M' 'M' 'U' 'M' 'M'
 'M' 'M' 'M' 'M' 'M' 'M' 'M' 'M' 'M' 'M' 'M' 'M' 'M' 'M' 'U' 'M' 'M' 'M'
 'M' 'U' 'M' 'M' 'M' 'M' 'M' 'M' 'M' 'U' 'M' 'M' 'M' 'U' 'M' 'M' 'U' 'M'
 'M' 'M' 'M' 'M' 'M' 'M' 'M' 'M' 'M' 'M' 'M' 'U' 'M' 'M' 'M' 'M' 'U' 'M'
 'M' 'M' 'M' 'M' 'U' 'M' 'M' 'M' 'M' 'M' 'M' 'M' 'M' 'M' 'M' 'M' 'M' 'M'
 'M' 'U' 'M' 'M' 'U' 'U' 'U' 'U' 'U' 'A' 'U' 'U' 'M' 'M' 'U' 'U' 'U' 'M'
 'M' 'M' 'U' 'U' 'M' 'M' 'U' 'M' 'M' 'M' 'M' 'M' 'U' 'U' 'M' 'M' 'M' 'M'
 'M' 'M' 'M' 'M' 'M' 'M' 'M' 'M' 'U' 'M' 'M' 'U' 'M' 'M' 'U' 'M' 'M' 'M'
 'M' 'M' 'M' 'M' 'M' 'M' 'U' 'M' 'M' 'M' 'M' 'M' 'M' 'M' 'M' 'M' 'A' 'M']"
392101,0,162,4,158,36,0,0,"['A' 'U' 'M' 'M' 'U' 'M' 'U' 'U' 'M' 'M' 'M' 'M' 'M' 'M' 'U' 'U' 'M' 'M'
 'M' 'M' 'M' 'M' 'M' 'M' 'M' 'M' 'M' 'M' 'U' 'A' 'M' 'M' 'M' 'M' 'M' 'M'
 'M' 'M' 'M' 'U' 'M' 'M' 'M' 'U' 'M' 'M' 'M' 'M' 'M' 'M' 'M' 'U' 'M' 'M'
 'M' 'M' 'M' 'M' 'M' 'M' 'M' 'M' 'M' 'M' 'M' 'U' 'M' 'M' 'M' 'M' 'M' 'M'
 'U' 'M' 'M' 'M' 'M' 'M' 'M' 'M' 'M' 'U' 'M' 'M' 'M' 'M' 'M' 'M' 'U' 'M'
 'U' 'M' 'M' 'M' 'M' 'M' 'M' 'M' 'M' 'M' 'M' 'U' 'M' 'U' 'M' 'M' 'U' 'M'
 'M' 'M' 'M' 'M' 'U' 'M' 'M' 'M' 'M' 'M' 'M' 'U' 'M' 'M' 'M' 'M' 'M' 'M'
 'M' 'U' 'M' 'M' 'M' 'M' 'U' 'U' 'U' 'A' 'U' 'M' 'M' 'M' 'M' 'U' 'U' 'M'
 'M' 'M' 'U' 'U' 'M' 'M' 'U' 'M' 'M' 'U' 'M' 'M' 'U' 'M' 'M' 'M' 'M' 'M'
 'M' 'M' 'M' 'M' 'M' 'M' 'M' 'M' 'M' 'M' 'M' 'U' 'M' 'M' 'U' 'M' 'M' 'M'
 'M' 'M' 'M' 'M' 'M' 'M' 'U' 'M' 'M' 'M' 'M' 'M' 'M' 'U' 'M' 'M' 'A' 'M']"
392201,0,167,7,160,31,0,0,"['A' 'U' 'M' 'M' 'M' 'M' 'U' 'U' 'M' 'M' 'M' 'M' 'M' 'U' 'M' 'M' 'U' 'M'
 'M' 'M' 'M' 'M' 'M' 'M' 'M' 'M' 'M' 'M' 'U' 'A' 'M' 'M' 'M' 'M' 'M' 'M'
 'M' 'M' 'M' 'M' 'M' 'M' 'M' 'U' 'M' 'M' 'M' 'M' 'M' 'U' 'M' 'U' 'M' 'M'
 'M' 'M' 'M' 'M' 'M' 'M' 'A' 'M' 'M' 'M' 'M' 'M' 'M' 'M' 'M' 'U' 'M' 'M'
 'M' 'U' 'M' 'U' 'M' 'M' 'M' 'M' 'U' 'M' 'M' 'M' 'M' 'M' 'M' 'M' 'M' 'M'
 'M' 'M' 'M' 'M' 'U' 'M' 'M' 'M' 'M' 'M' 'M' 'M' 'M' 'U' 'M' 'M' 'U' 'M'
 'M' 'M' 'M' 'M' 'M' 'M' 'M' 'M' 'M' 'M' 'M' 'U' 'M' 'M' 'M' 'M' 'M' 'M'
 'U' 'A' 'M' 'M' 'M' 'M' 'U' 'U' 'U' 'U' 'U' 'U' 'U' 'M' 'M' 'U' 'M' 'M'
 'M' 'M' 'M' 'A' 'M' 'U' 'M' 'M' 'M' 'U' 'M' 'M' 'U' 'M' 'M' 'M' 'M' 'M'
 'M' 'M' 'M' 'M' 'M' 'M' 'M' 'M' 'M' 'M' 'M' 'M' 'M' 'M' 'A' 'M' 'M' 'M'
 'M' 'M' 'M' 'M' 'M' 'M' 'U' 'M' 'M' 'M' 'M' 'M' 'M' 'U' 'M' 'M' 'A' 'M']"
392301,0,170,5,165,28,0,0,"['A' 'U' 'M' 'U' 'M' 'M' 'M' 'M' 'M' 'M' 'M' 'M' 'M' 'U' 'M' 'M' 'U' 'M'
 'U' 'M' 'M' 'M' 'M' 'M' 'M' 'M' 'M' 'M' 'U' 'U' 'M' 'U' 'M' 'M' 'M' 'M'
 'M' 'M' 'M' 'U' 'M' 'M' 'M' 'U' 'M' 'M' 'M' 'M' 'M' 'M' 'M' 'M' 'M' 'M'
 'M' 'M' 'M' 'M' 'M' 'M' 'A' 'M' 'M' 'M' 'M' 'M' 'U' 'M' 'M' 'M' 'M' 'M'
 'M' 'M' 'M' 'M' 'U' 'M' 'M' 'M' 'U' 'M' 'M' 'M' 'M' 'U' 'M' 'M' 'M' 'M'
 'M' 'U' 'M' 'M' 'M' 'M' 'M' 'M' 'M' 'M' 'M' 'M' 'M' 'U' 'M' 'M' 'M' 'M'
 'M' 'M' 'M' 'M' 'M' 'M' 'M' 'M' 'M' 'M' 'M' 'U' 'M' 'M' 'M' 'M' 'M' 'M'
 'U' 'A' 'M' 'M' 'M' 'M' 'U' 'M' 'M' 'U' 'U' 'U' 'M' 'M' 'M' 'U' 'M' 'M'
 'M' 'M' 'M' 'A' 'M' 'U' 'M' 'M' 'M' 'U' 'M' 'M' 'M' 'M' 'M' 'M' 'M' 'M'
 'M' 'M' 'M' 'M' 'M' 'M' 'M' 'M' 'M' 'M' 'M' 'M' 'M' 'M' 'A' 'M' 'M' 'M'
 'M' 'M' 'M' 'M' 'M' 'M' 'U' 'M' 'M' 'M' 'M' 'M' 'M' 'U' 'M' 'M' 'U' 'M']"
392401,0,161,5,156,37,0,0,"['A' 'U' 'M' 'U' 'M' 'M' 'M' 'U' 'M' 'M' 'M' 'M' 'M' 'U' 'M' 'M' 'U' 'M'
 'U' 'U' 'M' 'M' 'M' 'M' 'M' 'M' 'M' 'M' 'U' 'U' 'M' 'U' 'M' 'M' 'M' 'M'
 'M' 'M' 'U' 'U' 'M' 'M' 'M' 'U' 'M' 'M' 'M' 'M' 'M' 'M' 'M' 'M' 'M' 'M'
 'M' 'M' 'M' 'M' 'M' 'M' 'A' 'M' 'M' 'M' 'M' 'M' 'M' 'M' 'U' 'M' 'M' 'M'
 'M' 'M' 'M' 'M' 'M' 'M' 'M' 'M' 'M' 'M' 'M' 'U' 'M' 'U' 'M' 'U' 'M' 'U'
 'M' 'M' 'M' 'M' 'M' 'M' 'M' 'M' 'M' 'M' 'M' 'M' 'M' 'U' 'M' 'U' 'M' 'M'
 'M' 'M' 'M' 'M' 'M' 'M' 'M' 'M' 'M' 'M' 'M' 'U' 'M' 'M' 'M' 'M' 'M' 'M'
 'U' 'A' 'M' 'M' 'M' 'U' 'U' 'M' 'U' 'U' 'U' 'U' 'U' 'M' 'M' 'U' 'M' 'M'
 'M' 'M' 'M' 'A' 'M' 'U' 'M' 'M' 'M' 'U' 'M' 'M' 'M' 'M' 'M' 'M' 'M' 'M'
 'M' 'M' 'M' 'M' 'M' 'M' 'M' 'M' 'M' 'M' 'M' 'M' 'M' 'M' 'A' 'M' 'U' 'M'
 'M' 'U' 'M' 'M' 'M' 'M' 'U' 'M' 'M' 'M' 'M' 'M' 'M' 'U' 'M' 'M' 'U' 'M']"
392501,0,165,8,157,33,0,0,"['A' 'U' 'M' 'U' 'M' 'M' 'M' 'U' 'M' 'U' 'U' 'M' 'M' 'U' 'M' 'M' 'M' 'M'
 'U' 'U' 'M' 'U' 'M' 'M' 'M' 'M' 'M' 'M' 'U' 'A' 'M' 'U' 'M' 'M' 'M' 'M'
 'M' 'U' 'U' 'M' 'M' 'M' 'M' 'M' 'M' 'M' 'M' 'M' 'M' 'M' 'M' 'M' 'M' 'M'
 'M' 'M' 'M' 'M' 'M' 'M' 'A' 'M' 'M' 'M' 'M' 'M' 'M' 'M' 'M' 'M' 'M' 'M'
 'M' 'U' 'M' 'M' 'M' 'M' 'M' 'M' 'M' 'U' 'M' 'M' 'M' 'M' 'M' 'M' 'M' 'U'
 'M' 'M' 'U' 'U' 'M' 'M' 'M' 'M' 'M' 'M' 'M' 'M' 'M' 'U' 'M' 'U' 'M' 'M'
 'M' 'M' 'M' 'M' 'M' 'M' 'M' 'M' 'M' 'U' 'M' 'U' 'M' 'U' 'M' 'M' 'M' 'M'
 'A' 'A' 'M' 'M' 'M' 'U' 'U' 'M' 'M' 'U' 'U' 'U' 'U' 'M' 'M' 'M' 'M' 'M'
 'M' 'M' 'M' 'A' 'M' 'U' 'M' 'M' 'M' 'M' 'M' 'M' 'M' 'M' 'M' 'M' 'M' 'M'
 'M' 'M' 'M' 'M' 'M' 'M' 'M' 'M' 'M' 'M' 'M' 'M' 'M' 'M' 'A' 'M' 'U' 'M'
 'M' 'U' 'M' 'M' 'M' 'M' 'M' 'M' 'M' 'M' 'M' 'M' 'M' 'U' 'M' 'M' 'A' 'M']"
392601,0,165,7,158,33,0,0,"['A' 'M' 'M' 'U' 'U' 'M' 'M' 'U' 'M' 'U' 'U' 'M' 'M' 'M' 'M' 'M' 'U' 'M'
 'U' 'U' 'M' 'U' 'M' 'M' 'M' 'M' 'U' 'M' 'U' 'A' 'M' 'M' 'M' 'M' 'M' 'M'
 'U' 'U' 'U' 'M' 'M' 'M' 'M' 'M' 'M' 'M' 'M' 'M' 'M' 'M' 'M' 'M' 'M' 'M'
 'U' 'M' 'M' 'M' 'U' 'M' 'A' 'M' 'M' 'M' 'M' 'M' 'M' 'M' 'M' 'M' 'U' 'M'
 'M' 'M' 'M' 'M' 'M' 'M' 'M' 'U' 'M' 'U' 'M' 'M' 'M' 'U' 'M' 'M' 'M' 'M'
 'U' 'M' 'M' 'M' 'M' 'M' 'M' 'M' 'M' 'U' 'M' 'M' 'M' 'U' 'M' 'M' 'M' 'M'
 'M' 'M' 'M' 'M' 'M' 'M' 'M' 'M' 'M' 'U' 'M' 'M' 'M' 'U' 'M' 'U' 'M' 'M'
 'M' 'A' 'M' 'M' 'M' 'M' 'U' 'M' 'M' 'M' 'U' 'U' 'M' 'M' 'M' 'M' 'U' 'M'
 'M' 'M' 'M' 'A' 'M' 'U' 'M' 'M' 'M' 'M' 'M' 'M' 'M' 'M' 'M' 'M' 'M' 'M'
 'M' 'M' 'M' 'M' 'M' 'M' 'M' 'M' 'M' 'M' 'M' 'M' 'M' 'M' 'A' 'M' 'U' 'M'
 'M' 'U' 'M' 'M' 'M' 'M' 'M' 'M' 'M' 'M' 'M' 'M' 'M' 'M' 'M' 'M' 'A' 'M']"
392701,0,157,5,152,41,0,1,"['A' 'M' 'M' 'U' 'U' 'M' 'M' 'U' 'M' 'U' 'U' 'M' 'M' 'M' 'M' 'M' 'U' 'M'
 'M' 'U' 'M' 'U' 'U' 'M' 'M' 'M' 'M' 'M' 'U' 'U' 'M' 'U' 'M' 'M' 'M' 'M'
 'U' 'U' 'U' 'M' 'M' 'M' 'M' 'M' 'M' 'M' 'M' 'M' 'M' 'U' 'M' 'M' 'M' 'M'
 'U' 'M' 'M' 'M' 'M' 'M' 'A' 'M' 'M' 'U' 'M' 'U' 'M' 'M' 'M' 'M' 'M' 'M'
 'M' 'M' 'M' 'M' 'M' 'U' 'M' 'M' 'M' 'U' 'M' 'M' 'M' 'U' 'M' 'M' 'M' 'M'
 'M' 'U' 'M' 'M' 'M' 'M' 'M' 'M' 'M' 'U' 'M' 'M' 'M' 'M' 'M' 'M' 'M' 'M'
 'M' 'M' 'M' 'M' 'M' 'M' 'M' 'M' 'M' 'U' 'M' 'M' 'M' 'U' 'M' 'U' 'M' 'M'
 'M' 'A' 'M' 'M' 'U' 'M' 'U' 'U' 'M' 'M' 'U' 'U' 'U' 'M' 'M' 'M' 'U' 'M'
 'M' 'M' 'M' 'U' 'M' 'M' 'M' 'M' 'M' 'U' 'M' 'M' 'M' 'M' 'U' 'M' 'M' 'M'
 'M' 'M' 'M' 'M' 'M' 'M' 'M' 'U' 'M' 'M' 'M' 'M' 'M' 'M' 'A' 'M' 'U' 'U'
 'M' 'U' 'M' 'M' 'M' 'M' 'M' 'M' 'M' 'M' 'M' 'M' 'M' 'M' 'M' 'M' 'A' 'M']"
392801,0,167,5,162,31,0,0,"['A' 'M' 'M' 'U' 'U' 'M' 'M' 'M' 'M' 'U' 'M' 'M' 'M' 'M' 'M' 'M' 'U' 'M'
 'M' 'U' 'M' 'U' 'M' 'M' 'M' 'M' 'M' 'M' 'M' 'U' 'M' 'U' 'M' 'M' 'M' 'U'
 'U' 'M' 'U' 'M' 'M' 'M' 'M' 'M' 'M' 'M' 'M' 'U' 'M' 'U' 'M' 'M' 'M' 'M'
 'U' 'M' 'M' 'M' 'M' 'M' 'A' 'M' 'M' 'U' 'M' 'M' 'M' 'U' 'M' 'U' 'M' 'M'
 'U' 'M' 'M' 'M' 'M' 'M' 'M' 'M' 'M' 'M' 'M' 'U' 'M' 'M' 'M' 'M' 'M' 'M'
 'M' 'M' 'M' 'M' 'U' 'M' 'M' 'M' 'M' 'M' 'M' 'M' 'M' 'M' 'M' 'M' 'M' 'M'
 'M' 'M' 'M' 'M' 'M' 'M' 'M' 'M' 'M' 'U' 'M' 'M' 'M' 'U' 'M' 'M' 'M' 'M'
 'M' 'A' 'M' 'M' 'M' 'M' 'M' 'U' 'M' 'M' 'U' 'M' 'M' 'M' 'M' 'M' 'U' 'M'
 'M' 'M' 'M' 'U' 'M' 'M' 'M' 'M' 'M' 'U' 'M' 'M' 'M' 'M' 'U' 'M' 'M' 'M'
 'M' 'M' 'M' 'M' 'M' 'M' 'M' 'M' 'M' 'M' 'M' 'M' 'M' 'M' 'A' 'M' 'U' 'M'
 'M' 'U' 'M' 'M' 'M' 'M' 'U' 'M' 'M' 'M' 'M' 'M' 'M' 'M' 'M' 'M' 'A' 'M']"
392901,0,157,4,153,41,0,0,"['A' 'M' 'M' 'M' 'U' 'M' 'M' 'M' 'M' 'U' 'M' 'M' 'M' 'M' 'M' 'M' 'U' 'U'
 'M' 'U' 'M' 'U' 'M' 'U' 'M' 'M' 'M' 'M' 'M' 'U' 'U' 'U' 'M' 'M' 'M' 'U'
 'U' 'M' 'U' 'M' 'M' 'M' 'M' 'M' 'M' 'M' 'M' 'M' 'M' 'A' 'M' 'M' 'M' 'U'
 'M' 'M' 'M' 'M' 'M' 'M' 'A' 'M' 'M' 'M' 'M' 'M' 'M' 'M' 'M' 'M' 'M' 'M'
 'M' 'M' 'U' 'M' 'U' 'M' 'M' 'M' 'M' 'M' 'M' 'M' 'M' 'M' 'M' 'U' 'M' 'M'
 'U' 'M' 'U' 'M' 'M' 'M' 'M' 'M' 'M' 'M' 'M' 'M' 'M' 'M' 'M' 'M' 'M' 'M'
 'U' 'M' 'M' 'M' 'M' 'M' 'M' 'M' 'M' 'M' 'M' 'M' 'M' 'U' 'M' 'M' 'M' 'M'
 'U' 'M' 'M' 'M' 'U' 'U' 'U' 'U' 'U' 'U' 'U' 'U' 'U' 'M' 'M' 'M' 'U' 'M'
 'M' 'M' 'M' 'U' 'M' 'M' 'M' 'U' 'M' 'M' 'M' 'M' 'M' 'M' 'U' 'U' 'M' 'M'
 'M' 'M' 'M' 'M' 'M' 'M' 'M' 'M' 'M' 'M' 'M' 'M' 'M' 'M' 'A' 'M' 'U' 'M'
 'M' 'U' 'M' 'M' 'M' 'M' 'U' 'M' 'U' 'M' 'M' 'M' 'M' 'M' 'M' 'M' 'U' 'M']"
393001,0,160,6,154,38,0,1,"['A' 'M' 'M' 'M' 'M' 'M' 'M' 'M' 'M' 'U' 'M' 'M' 'M' 'M' 'M' 'M' 'U' 'M'
 'M' 'U' 'M' 'U' 'M' 'M' 'M' 'M' 'M' 'M' 'M' 'U' 'U' 'M' 'M' 'M' 'M' 'U'
 'U' 'M' 'U' 'M' 'M' 'M' 'M' 'M' 'M' 'M' 'M' 'M' 'M' 'A' 'M' 'M' 'M' 'M'
 'M' 'M' 'M' 'M' 'M' 'M' 'A' 'M' 'M' 'U' 'M' 'U' 'M' 'M' 'M' 'U' 'M' 'M'
 'M' 'M' 'U' 'M' 'M' 'M' 'M' 'M' 'M' 'M' 'M' 'M' 'U' 'M' 'M' 'M' 'M' 'U'
 'M' 'M' 'M' 'M' 'M' 'M' 'M' 'M' 'M' 'M' 'M' 'M' 'M' 'M' 'M' 'U' 'M' 'M'
 'U' 'M' 'U' 'M' 'M' 'M' 'M' 'M' 'M' 'M' 'M' 'M' 'M' 'U' 'M' 'U' 'M' 'M'
 'U' 'M' 'M' 'M' 'U' 'U' 'U' 'U' 'U' 'U' 'U' 'U' 'U' 'M' 'M' 'M' 'U' 'M'
 'M' 'U' 'M' 'A' 'M' 'M' 'M' 'M' 'M' 'M' 'M' 'M' 'M' 'M' 'M' 'A' 'M' 'U'
 'M' 'M' 'M' 'M' 'M' 'M' 'M' 'M' 'M' 'M' 'M' 'M' 'M' 'M' 'A' 'M' 'U' 'M'
 'U' 'M' 'M' 'M' 'M' 'M' 'U' 'M' 'U' 'M' 'M' 'M' 'M' 'M' 'M' 'M' 'U' 'M']"
393101,0,161,4,157,37,0,0,"['A' 'M' 'M' 'M' 'M' 'M' 'M' 'M' 'M' 'U' 'M' 'M' 'M' 'M' 'M' 'U' 'U' 'M'
 'M' 'U' 'M' 'U' 'M' 'M' 'M' 'M' 'M' 'M' 'M' 'U' 'U' 'M' 'M' 'M' 'M' 'U'
 'U' 'M' 'U' 'M' 'M' 'M' 'M' 'M' 'M' 'M' 'M' 'M' 'M' 'A' 'M' 'M' 'M' 'M'
 'M' 'M' 'M' 'M' 'M' 'M' 'A' 'M' 'M' 'U' 'U' 'M' 'M' 'U' 'M' 'M' 'M' 'M'
 'M' 'M' 'M' 'U' 'M' 'M' 'U' 'M' 'M' 'M' 'M' 'U' 'M' 'M' 'M' 'M' 'M' 'M'
 'M' 'M' 'M' 'U' 'M' 'M' 'M' 'M' 'U' 'M' 'M' 'M' 'M' 'M' 'M' 'M' 'M' 'M'
 'M' 'M' 'U' 'M' 'M' 'M' 'M' 'M' 'M' 'M' 'M' 'M' 'M' 'U' 'M' 'U' 'M' 'M'
 'M' 'M' 'M' 'M' 'M' 'U' 'U' 'U' 'M' 'M' 'U' 'U' 'U' 'M' 'U' 'M' 'U' 'M'
 'M' 'M' 'M' 'U' 'M' 'M' 'M' 'M' 'U' 'M' 'M' 'M' 'M' 'M' 'M' 'A' 'M' 'U'
 'M' 'M' 'M' 'M' 'M' 'M' 'M' 'U' 'M' 'M' 'M' 'M' 'M' 'M' 'U' 'M' 'M' 'M'
 'M' 'M' 'M' 'M' 'M' 'M' 'U' 'U' 'M' 'M' 'M' 'M' 'M' 'M' 'M' 'M' 'U' 'M']"
393201,0,161,4,157,37,1,0,"['A' 'M' 'M' 'M' 'M' 'M' 'M' 'M' 'M' 'M' 'M' 'M' 'M' 'M' 'M' 'U' 'M' 'M'
 'M' 'M' 'M' 'U' 'M' 'M' 'M' 'M' 'M' 'M' 'M' 'U' 'U' 'M' 'M' 'M' 'M' 'M'
 'M' 'M' 'M' 'U' 'M' 'M' 'M' 'M' 'M' 'M' 'M' 'M' 'M' 'A' 'M' 'M' 'M' 'M'
 'M' 'M' 'M' 'M' 'M' 'M' 'A' 'M' 'M' 'U' 'U' 'M' 'M' 'M' 'M' 'M' 'M' 'U'
 'M' 'M' 'M' 'U' 'M' 'U' 'M' 'M' 'M' 'M' 'U' 'M' 'U' 'M' 'M' 'M' 'M' 'M'
 'M' 'M' 'M' 'M' 'M' 'M' 'M' 'M' 'M' 'U' 'M' 'M' 'M' 'M' 'M' 'M' 'M' 'M'
 'M' 'M' 'U' 'M' 'U' 'M' 'M' 'M' 'M' 'M' 'M' 'M' 'M' 'U' 'M' 'U' 'M' 'U'
 'M' 'M' 'M' 'M' 'M' 'U' 'U' 'U' 'M' 'M' 'U' 'U' 'U' 'M' 'M' 'M' 'U' 'U'
 'M' 'M' 'M' 'U' 'U' 'M' 'M' 'M' 'U' 'M' 'M' 'M' 'M' 'M' 'M' 'U' 'M' 'A'
 'U' 'M' 'M' 'M' 'U' 'M' 'M' 'U' 'M' 'M' 'M' 'M' 'M' 'M' 'M' 'M' 'U' 'M'
 'M' 'M' 'M' 'M' 'M' 'M' 'U' 'U' 'M' 'M' 'M' 'M' 'M' 'M' 'M' 'M' 'U' 'M']"
393301,0,167,4,163,31,0,0,"['A' 'M' 'M' 'M' 'U' 'M' 'M' 'M' 'M' 'M' 'M' 'M' 'M' 'M' 'M' 'U' 'M' 'M'
 'U' 'M' 'M' 'M' 'M' 'M' 'M' 'M' 'M' 'M' 'M' 'U' 'U' 'M' 'M' 'M' 'M' 'M'
 'M' 'M' 'M' 'U' 'M' 'M' 'M' 'M' 'M' 'M' 'M' 'M' 'M' 'M' 'M' 'M' 'M' 'M'
 'M' 'M' 'M' 'M' 'M' 'M' 'A' 'M' 'M' 'U' 'U' 'M' 'U' 'M' 'M' 'M' 'U' 'M'
 'M' 'M' 'U' 'M' 'M' 'M' 'M' 'M' 'M' 'M' 'M' 'M' 'M' 'M' 'M' 'M' 'M' 'M'
 'U' 'M' 'U' 'M' 'M' 'M' 'M' 'M' 'M' 'M' 'M' 'M' 'M' 'M' 'M' 'M' 'M' 'M'
 'M' 'M' 'U' 'M' 'U' 'M' 'M' 'M' 'M' 'M' 'M' 'M' 'M' 'A' 'M' 'U' 'M' 'U'
 'M' 'U' 'M' 'M' 'U' 'U' 'U' 'M' 'M' 'M' 'U' 'M' 'M' 'M' 'M' 'M' 'M' 'U'
 'M' 'M' 'M' 'U' 'M' 'M' 'M' 'M' 'U' 'M' 'M' 'M' 'M' 'M' 'M' 'U' 'M' 'A'
 'U' 'M' 'M' 'M' 'M' 'M' 'M' 'U' 'M' 'M' 'M' 'M' 'M' 'M' 'M' 'M' 'U' 'M'
 'M' 'M' 'M' 'M' 'M' 'M' 'U' 'M' 'M' 'M' 'M' 'M' 'M' 'M' 'M' 'M' 'U' 'M']"
393401,0,173,2,171,25,0,0,"['A' 'M' 'M' 'M' 'U' 'M' 'M' 'M' 'M' 'M' 'M' 'M' 'M' 'M' 'M' 'U' 'M' 'M'
 'M' 'M' 'M' 'M' 'M' 'M' 'M' 'M' 'M' 'M' 'M' 'U' 'U' 'M' 'M' 'M' 'M' 'M'
 'M' 'M' 'M' 'U' 'M' 'M' 'M' 'M' 'M' 'M' 'M' 'M' 'U' 'M' 'M' 'M' 'M' 'M'
 'M' 'M' 'M' 'M' 'M' 'U' 'U' 'M' 'M' 'M' 'U' 'M' 'M' 'M' 'U' 'M' 'U' 'U'
 'M' 'M' 'M' 'M' 'U' 'M' 'M' 'M' 'M' 'M' 'M' 'M' 'M' 'M' 'U' 'M' 'M' 'M'
 'M' 'M' 'M' 'M' 'M' 'M' 'M' 'M' 'M' 'M' 'M' 'M' 'M' 'M' 'M' 'M' 'M' 'M'
 'M' 'M' 'M' 'M' 'M' 'M' 'M' 'M' 'M' 'M' 'M' 'M' 'M' 'M' 'M' 'U' 'M' 'U'
 'M' 'U' 'M' 'M' 'U' 'U' 'U' 'M' 'M' 'M' 'M' 'M' 'M' 'M' 'M' 'M' 'M' 'M'
 'M' 'M' 'M' 'M' 'M' 'M' 'M' 'M' 'M' 'M' 'M' 'M' 'M' 'M' 'M' 'U' 'M' 'A'
 'M' 'M' 'M' 'M' 'M' 'M' 'M' 'U' 'M' 'M' 'M' 'M' 'M' 'M' 'M' 'M' 'U' 'M'
 'M' 'M' 'M' 'M' 'M' 'M' 'U' 'M' 'M' 'M' 'M' 'M' 'M' 'M' 'M' 'M' 'U' 'M']"
393501,0,166,3,163,32,0,0,"['A' 'M' 'M' 'M' 'M' 'M' 'M' 'M' 'M' 'M' 'M' 'M' 'M' 'M' 'M' 'U' 'M' 'U'
 'M' 'M' 'M' 'M' 'M' 'M' 'M' 'M' 'M' 'M' 'M' 'U' 'U' 'M' 'M' 'M' 'M' 'M'
 'M' 'U' 'M' 'U' 'M' 'U' 'M' 'M' 'M' 'M' 'A' 'M' 'M' 'M' 'M' 'M' 'M' 'M'
 'M' 'M' 'M' 'M' 'M' 'U' 'M' 'M' 'U' 'M' 'U' 'M' 'M' 'M' 'M' 'U' 'M' 'M'
 'M' 'M' 'M' 'M' 'M' 'M' 'M' 'M' 'U' 'M' 'M' 'M' 'M' 'U' 'M' 'M' 'M' 'M'
 'U' 'U' 'M' 'M' 'M' 'M' 'M' 'M' 'M' 'M' 'M' 'M' 'M' 'M' 'M' 'U' 'M' 'M'
 'M' 'M' 'M' 'M' 'M' 'M' 'M' 'M' 'U' 'M' 'M' 'M' 'M' 'M' 'M' 'U' 'M' 'U'
 'M' 'M' 'M' 'M' 'U' 'U' 'U' 'M' 'M' 'M' 'U' 'U' 'M' 'M' 'M' 'M' 'M' 'M'
 'M' 'U' 'M' 'M' 'M' 'M' 'M' 'U' 'M' 'M' 'U' 'M' 'M' 'M' 'M' 'M' 'M' 'A'
 'M' 'U' 'M' 'M' 'M' 'M' 'M' 'U' 'M' 'M' 'M' 'M' 'M' 'U' 'M' 'M' 'U' 'M'
 'M' 'M' 'M' 'M' 'M' 'M' 'M' 'M' 'M' 'M' 'M' 'M' 'M' 'M' 'M' 'M' 'U' 'M']"
393601,0,161,1,160,37,0,0,"['A' 'M' 'M' 'M' 'M' 'M' 'M' 'M' 'M' 'M' 'M' 'U' 'M' 'M' 'M' 'U' 'M' 'U'
 'M' 'M' 'M' 'M' 'M' 'M' 'M' 'M' 'M' 'M' 'M' 'U' 'U' 'M' 'M' 'M' 'M' 'M'
 'M' 'U' 'M' 'U' 'M' 'U' 'M' 'M' 'M' 'M' 'U' 'M' 'M' 'M' 'M' 'M' 'M' 'M'
 'M' 'M' 'M' 'M' 'M' 'M' 'M' 'M' 'U' 'M' 'U' 'M' 'M' 'M' 'M' 'M' 'M' 'M'
 'U' 'U' 'M' 'M' 'M' 'M' 'M' 'U' 'M' 'U' 'M' 'M' 'M' 'M' 'M' 'U' 'M' 'M'
 'M' 'M' 'M' 'M' 'M' 'M' 'M' 'M' 'M' 'M' 'U' 'U' 'M' 'M' 'M' 'U' 'M' 'U'
 'M' 'M' 'M' 'M' 'M' 'M' 'M' 'M' 'M' 'M' 'M' 'M' 'M' 'M' 'M' 'U' 'M' 'U'
 'M' 'M' 'M' 'M' 'U' 'M' 'U' 'M' 'U' 'U' 'U' 'U' 'U' 'M' 'M' 'M' 'M' 'M'
 'M' 'U' 'M' 'M' 'M' 'M' 'M' 'M' 'M' 'M' 'U' 'M' 'M' 'M' 'M' 'M' 'M' 'U'
 'M' 'M' 'M' 'M' 'M' 'M' 'M' 'U' 'U' 'M' 'M' 'M' 'M' 'U' 'M' 'M' 'U' 'M'
 'M' 'M' 'M' 'M' 'U' 'M' 'M' 'M' 'M' 'M' 'M' 'M' 'M' 'M' 'M' 'M' 'M' 'M']"
393701,0,162,1,161,36,0,0,"['A' 'M' 'M' 'M' 'M' 'M' 'M' 'M' 'M' 'M' 'M' 'M' 'M' 'M' 'M' 'U' 'M' 'U'
 'M' 'M' 'M' 'M' 'M' 'M' 'M' 'M' 'M' 'M' 'M' 'U' 'U' 'M' 'M' 'M' 'M' 'M'
 'M' 'M' 'M' 'U' 'M' 'U' 'M' 'M' 'M' 'M' 'U' 'M' 'M' 'M' 'M' 'M' 'M' 'M'
 'M' 'M' 'M' 'M' 'M' 'M' 'M' 'M' 'U' 'M' 'U' 'U' 'M' 'M' 'M' 'M' 'M' 'M'
 'U' 'M' 'M' 'M' 'M' 'U' 'M' 'M' 'M' 'M' 'M' 'M' 'M' 'M' 'M' 'M' 'M' 'M'
 'M' 'M' 'M' 'U' 'U' 'M' 'M' 'M' 'M' 'M' 'M' 'M' 'M' 'M' 'M' 'U' 'U' 'U'
 'M' 'M' 'M' 'M' 'U' 'M' 'M' 'U' 'M' 'U' 'M' 'M' 'M' 'M' 'M' 'U' 'M' 'U'
 'M' 'M' 'M' 'M' 'U' 'M' 'M' 'M' 'U' 'U' 'U' 'M' 'U' 'M' 'M' 'M' 'M' 'M'
 'M' 'U' 'M' 'M' 'M' 'M' 'M' 'M' 'M' 'M' 'U' 'U' 'M' 'M' 'M' 'M' 'M' 'U'
 'M' 'M' 'M' 'M' 'U' 'M' 'M' 'U' 'M' 'M' 'M' 'M' 'M' 'U' 'M' 'M' 'M' 'M'
 'M' 'M' 'M' 'M' 'U' 'M' 'M' 'M' 'M' 'M' 'M' 'U' 'M' 'M' 'M' 'M' 'M' 'M']"
393801,0,156,2,154,42,0,0,"['A' 'M' 'M' 'M' 'M' 'M' 'M' 'M' 'M' 'M' 'M' 'M' 'M' 'M' 'M' 'U' 'M' 'M'
 'M' 'M' 'M' 'M' 'M' 'M' 'M' 'M' 'M' 'M' 'M' 'U' 'U' 'M' 'M' 'M' 'M' 'M'
 'U' 'M' 'M' 'U' 'M' 'A' 'M' 'M' 'M' 'M' 'M' 'M' 'M' 'M' 'M' 'M' 'M' 'M'
 'M' 'U' 'M' 'M' 'M' 'M' 'M' 'M' 'M' 'M' 'M' 'U' 'M' 'M' 'M' 'M' 'M' 'M'
 'M' 'M' 'M' 'M' 'M' 'U' 'M' 'M' 'M' 'M' 'U' 'M' 'U' 'M' 'M' 'U' 'M' 'M'
 'M' 'M' 'M' 'M' 'M' 'M' 'U' 'M' 'M' 'M' 'M' 'U' 'M' 'M' 'M' 'U' 'U' 'U'
 'U' 'U' 'U' 'M' 'U' 'M' 'M' 'U' 'M' 'U' 'M' 'M' 'M' 'M' 'M' 'U' 'U' 'U'
 'M' 'M' 'M' 'M' 'M' 'U' 'U' 'U' 'U' 'U' 'U' 'U' 'U' 'M' 'M' 'M' 'M' 'M'
 'M' 'U' 'M' 'U' 'M' 'M' 'M' 'M' 'M' 'M' 'U' 'M' 'M' 'M' 'M' 'M' 'M' 'U'
 'U' 'M' 'M' 'M' 'U' 'M' 'M' 'U' 'M' 'M' 'M' 'M' 'M' 'M' 'M' 'M' 'M' 'M'
 'M' 'M' 'M' 'M' 'M' 'M' 'M' 'U' 'M' 'M' 'M' 'U' 'M' 'M' 'M' 'M' 'M' 'M']"
393901,0,164,3,161,34,0,0,"['A' 'M' 'M' 'M' 'M' 'M' 'M' 'M' 'M' 'M' 'M' 'M' 'M' 'M' 'M' 'A' 'M' 'U'
 'M' 'M' 'M' 'M' 'M' 'M' 'M' 'M' 'M' 'M' 'M' 'U' 'M' 'M' 'M' 'M' 'M' 'M'
 'U' 'M' 'M' 'M' 'M' 'A' 'M' 'M' 'M' 'M' 'M' 'M' 'M' 'M' 'U' 'M' 'M' 'M'
 'M' 'M' 'M' 'M' 'M' 'M' 'M' 'M' 'M' 'M' 'M' 'M' 'M' 'M' 'M' 'M' 'M' 'M'
 'U' 'M' 'M' 'M' 'M' 'M' 'M' 'M' 'M' 'M' 'M' 'U' 'U' 'M' 'U' 'M' 'M' 'M'
 'M' 'M' 'M' 'M' 'U' 'M' 'U' 'M' 'M' 'M' 'M' 'U' 'M' 'M' 'M' 'U' 'M' 'U'
 'M' 'U' 'M' 'M' 'M' 'M' 'M' 'U' 'M' 'U' 'M' 'M' 'M' 'M' 'M' 'U' 'M' 'U'
 'M' 'M' 'M' 'U' 'M' 'U' 'M' 'U' 'U' 'U' 'M' 'U' 'U' 'M' 'M' 'M' 'M' 'M'
 'M' 'U' 'U' 'U' 'M' 'M' 'M' 'M' 'M' 'M' 'U' 'M' 'M' 'M' 'M' 'M' 'M' 'M'
 'U' 'M' 'M' 'M' 'U' 'M' 'M' 'U' 'M' 'M' 'M' 'M' 'M' 'M' 'M' 'M' 'M' 'M'
 'M' 'M' 'M' 'M' 'M' 'M' 'M' 'U' 'M' 'M' 'M' 'M' 'M' 'M' 'U' 'M' 'M' 'M']"
394001,0,167,4,163,31,0,0,"['A' 'M' 'M' 'M' 'M' 'M' 'M' 'M' 'M' 'M' 'M' 'M' 'M' 'M' 'U' 'A' 'M' 'U'
 'M' 'M' 'M' 'M' 'M' 'M' 'M' 'M' 'U' 'M' 'M' 'U' 'M' 'M' 'M' 'U' 'M' 'U'
 'M' 'M' 'M' 'M' 'M' 'U' 'M' 'M' 'M' 'M' 'M' 'M' 'M' 'M' 'U' 'M' 'M' 'M'
 'M' 'M' 'M' 'M' 'M' 'M' 'M' 'M' 'M' 'M' 'M' 'M' 'U' 'M' 'M' 'M' 'M' 'M'
 'M' 'M' 'M' 'U' 'M' 'M' 'M' 'U' 'U' 'M' 'M' 'U' 'M' 'M' 'M' 'M' 'M' 'M'
 'M' 'M' 'M' 'M' 'M' 'M' 'U' 'M' 'M' 'M' 'M' 'U' 'M' 'M' 'M' 'U' 'M' 'U'
 'M' 'U' 'M' 'M' 'M' 'M' 'M' 'M' 'M' 'U' 'M' 'M' 'M' 'M' 'M' 'M' 'M' 'M'
 'M' 'M' 'M' 'U' 'M' 'M' 'U' 'M' 'U' 'U' 'A' 'M' 'U' 'M' 'M' 'M' 'M' 'M'
 'M' 'U' 'U' 'M' 'M' 'M' 'M' 'M' 'M' 'M' 'U' 'M' 'M' 'M' 'M' 'M' 'M' 'M'
 'M' 'M' 'M' 'M' 'U' 'M' 'M' 'U' 'M' 'M' 'M' 'M' 'M' 'M' 'M' 'M' 'M' 'M'
 'M' 'M' 'M' 'M' 'M' 'U' 'M' 'A' 'M' 'M' 'M' 'M' 'M' 'M' 'M' 'M' 'M' 'U']"
394101,0,165,5,160,33,0,0,"['A' 'M' 'M' 'M' 'M' 'M' 'M' 'M' 'M' 'M' 'M' 'M' 'M' 'M' 'U' 'A' 'M' 'M'
 'M' 'M' 'M' 'M' 'M' 'M' 'M' 'M' 'U' 'M' 'M' 'U' 'M' 'M' 'M' 'U' 'M' 'U'
 'M' 'M' 'M' 'U' 'M' 'U' 'M' 'M' 'M' 'M' 'M' 'M' 'M' 'M' 'U' 'M' 'M' 'M'
 'M' 'M' 'M' 'M' 'U' 'M' 'M' 'A' 'U' 'M' 'M' 'M' 'M' 'M' 'U' 'M' 'M' 'M'
 'M' 'M' 'U' 'M' 'M' 'M' 'M' 'U' 'U' 'M' 'M' 'M' 'M' 'M' 'M' 'M' 'M' 'M'
 'M' 'U' 'M' 'M' 'M' 'M' 'M' 'M' 'M' 'M' 'M' 'U' 'M' 'M' 'M' 'U' 'M' 'U'
 'M' 'M' 'M' 'M' 'M' 'M' 'M' 'M' 'M' 'U' 'M' 'M' 'M' 'M' 'M' 'M' 'M' 'M'
 'M' 'M' 'M' 'U' 'M' 'M' 'M' 'M' 'U' 'U' 'A' 'M' 'U' 'M' 'M' 'U' 'M' 'M'
 'M' 'M' 'U' 'M' 'M' 'M' 'M' 'M' 'M' 'M' 'U' 'M' 'M' 'M' 'M' 'M' 'M' 'M'
 'M' 'M' 'M' 'M' 'U' 'M' 'M' 'M' 'M' 'U' 'M' 'M' 'M' 'M' 'M' 'M' 'M' 'M'
 'U' 'M' 'M' 'M' 'U' 'U' 'M' 'A' 'M' 'M' 'M' 'M' 'M' 'M' 'U' 'M' 'M' 'U']"
394201,0,163,5,158,35,0,1,"['A' 'M' 'M' 'M' 'M' 'M' 'M' 'M' 'M' 'M' 'M' 'M' 'M' 'M' 'U' 'A' 'M' 'M'
 'M' 'M' 'M' 'M' 'M' 'M' 'M' 'M' 'U' 'M' 'M' 'M' 'M' 'M' 'M' 'U' 'M' 'U'
 'M' 'M' 'M' 'U' 'M' 'U' 'M' 'M' 'M' 'M' 'M' 'M' 'M' 'M' 'U' 'M' 'M' 'M'
 'M' 'U' 'M' 'M' 'U' 'M' 'M' 'A' 'U' 'M' 'M' 'M' 'M' 'M' 'U' 'M' 'M' 'U'
 'M' 'M' 'M' 'U' 'M' 'M' 'M' 'M' 'M' 'M' 'M' 'M' 'M' 'M' 'U' 'M' 'M' 'M'
 'U' 'M' 'M' 'M' 'M' 'M' 'M' 'M' 'M' 'M' 'M' 'U' 'M' 'M' 'M' 'U' 'M' 'U'
 'M' 'M' 'M' 'M' 'M' 'M' 'M' 'M' 'M' 'U' 'M' 'M' 'M' 'M' 'M' 'M' 'M' 'M'
 'M' 'M' 'M' 'M' 'M' 'M' 'M' 'M' 'U' 'M' 'A' 'M' 'U' 'U' 'M' 'U' 'M' 'M'
 'U' 'M' 'U' 'M' 'M' 'M' 'M' 'M' 'M' 'M' 'U' 'U' 'M' 'M' 'M' 'M' 'U' 'M'
 'M' 'M' 'M' 'M' 'U' 'M' 'M' 'M' 'M' 'M' 'M' 'M' 'M' 'M' 'M' 'M' 'U' 'M'
 'U' 'M' 'M' 'M' 'U' 'U' 'M' 'U' 'M' 'M' 'M' 'M' 'M' 'M' 'U' 'M' 'M' 'A']"
394301,0,164,7,157,34,0,0,"['A' 'M' 'M' 'M' 'M' 'M' 'M' 'M' 'M' 'U' 'M' 'M' 'M' 'M' 'M' 'A' 'M' 'M'
 'M' 'M' 'M' 'M' 'M' 'M' 'M' 'M' 'U' 'M' 'M' 'U' 'M' 'M' 'M' 'A' 'M' 'M'
 'M' 'M' 'M' 'U' 'M' 'A' 'M' 'M' 'M' 'M' 'M' 'M' 'M' 'M' 'U' 'M' 'M' 'M'
 'M' 'U' 'M' 'M' 'U' 'M' 'M' 'A' 'U' 'M' 'M' 'U' 'M' 'M' 'M' 'M' 'M' 'M'
 'M' 'M' 'U' 'M' 'M' 'M' 'M' 'M' 'M' 'M' 'U' 'M' 'M' 'M' 'M' 'M' 'M' 'M'
 'M' 'U' 'M' 'M' 'U' 'M' 'M' 'M' 'M' 'M' 'M' 'U' 'U' 'M' 'M' 'U' 'M' 'U'
 'M' 'M' 'U' 'M' 'M' 'M' 'M' 'M' 'M' 'U' 'M' 'M' 'M' 'M' 'M' 'M' 'M' 'M'
 'M' 'M' 'M' 'M' 'M' 'U' 'M' 'M' 'U' 'M' 'A' 'M' 'M' 'U' 'M' 'M' 'M' 'M'
 'M' 'M' 'U' 'M' 'M' 'M' 'M' 'M' 'M' 'M' 'U' 'U' 'M' 'M' 'M' 'M' 'U' 'U'
 'M' 'M' 'M' 'M' 'M' 'M' 'M' 'M' 'M' 'M' 'M' 'M' 'M' 'M' 'M' 'M' 'U' 'M'
 'U' 'M' 'M' 'M' 'U' 'U' 'M' 'U' 'M' 'M' 'M' 'M' 'M' 'U' 'U' 'M' 'M' 'A']"
394401,0,162,5,157,36,0,1,"['A' 'M' 'M' 'M' 'M' 'M' 'M' 'M' 'M' 'U' 'M' 'M' 'M' 'M' 'U' 'U' 'M' 'M'
 'M' 'M' 'M' 'M' 'M' 'M' 'M' 'M' 'U' 'M' 'M' 'U' 'M' 'M' 'M' 'A' 'M' 'M'
 'M' 'M' 'M' 'U' 'M' 'U' 'M' 'M' 'M' 'U' 'M' 'M' 'M' 'M' 'U' 'M' 'M' 'M'
 'M' 'U' 'M' 'M' 'M' 'M' 'M' 'U' 'M' 'M' 'M' 'M' 'M' 'M' 'M' 'M' 'U' 'M'
 'M' 'M' 'U' 'M' 'M' 'M' 'M' 'M' 'M' 'M' 'M' 'M' 'M' 'M' 'M' 'M' 'M' 'U'
 'U' 'M' 'U' 'M' 'M' 'M' 'M' 'M' 'M' 'M' 'M' 'U' 'U' 'M' 'M' 'U' 'M' 'U'
 'U' 'M' 'U' 'M' 'M' 'M' 'M' 'M' 'M' 'U' 'M' 'M' 'M' 'M' 'A' 'M' 'M' 'M'
 'M' 'M' 'M' 'M' 'M' 'U' 'M' 'M' 'U' 'M' 'A' 'M' 'M' 'U' 'M' 'M' 'M' 'M'
 'M' 'M' 'U' 'M' 'M' 'M' 'M' 'M' 'M' 'M' 'U' 'U' 'M' 'M' 'M' 'M' 'U' 'U'
 'M' 'M' 'M' 'M' 'M' 'M' 'M' 'M' 'M' 'M' 'M' 'M' 'M' 'M' 'M' 'M' 'M' 'M'
 'U' 'M' 'M' 'M' 'U' 'U' 'M' 'U' 'M' 'M' 'M' 'M' 'M' 'M' 'U' 'M' 'M' 'A']"
394501,0,151,8,143,47,0,0,"['A' 'M' 'M' 'M' 'M' 'M' 'M' 'M' 'M' 'U' 'M' 'M' 'M' 'M' 'U' 'U' 'M' 'M'
 'U' 'M' 'M' 'M' 'M' 'M' 'M' 'M' 'U' 'M' 'M' 'M' 'M' 'M' 'M' 'A' 'M' 'U'
 'U' 'M' 'M' 'U' 'M' 'U' 'M' 'M' 'M' 'U' 'M' 'M' 'U' 'M' 'U' 'M' 'U' 'M'
 'U' 'U' 'M' 'M' 'M' 'M' 'M' 'U' 'M' 'M' 'M' 'U' 'M' 'U' 'M' 'M' 'M' 'M'
 'M' 'M' 'M' 'M' 'M' 'M' 'M' 'U' 'M' 'M' 'M' 'M' 'U' 'M' 'M' 'M' 'M' 'M'
 'M' 'U' 'M' 'M' 'M' 'M' 'M' 'M' 'M' 'M' 'M' 'M' 'U' 'M' 'M' 'U' 'M' 'U'
 'U' 'M' 'U' 'M' 'M' 'M' 'M' 'M' 'M' 'A' 'M' 'U' 'M' 'M' 'A' 'M' 'M' 'M'
 'M' 'U' 'M' 'M' 'M' 'A' 'U' 'U' 'U' 'U' 'A' 'U' 'U' 'U' 'M' 'M' 'U' 'M'
 'M' 'M' 'U' 'M' 'M' 'M' 'M' 'M' 'U' 'M' 'A' 'U' 'M' 'U' 'M' 'M' 'M' 'U'
 'M' 'M' 'M' 'M' 'M' 'M' 'M' 'M' 'M' 'M' 'M' 'M' 'M' 'M' 'M' 'M' 'M' 'M'
 'U' 'M' 'M' 'M' 'U' 'U' 'M' 'U' 'M' 'M' 'M' 'M' 'M' 'M' 'U' 'U' 'M' 'A']"
394601,0,150,9,141,48,0,0,"['A' 'M' 'M' 'M' 'M' 'U' 'M' 'M' 'M' 'U' 'M' 'M' 'M' 'M' 'M' 'M' 'M' 'M'
 'U' 'M' 'M' 'M' 'M' 'M' 'M' 'M' 'U' 'M' 'M' 'M' 'M' 'M' 'M' 'A' 'M' 'U'
 'U' 'M' 'M' 'M' 'M' 'U' 'M' 'M' 'M' 'U' 'M' 'M' 'U' 'U' 'M' 'M' 'U' 'M'
 'U' 'U' 'U' 'M' 'M' 'M' 'M' 'U' 'A' 'M' 'M' 'U' 'M' 'M' 'U' 'M' 'M' 'M'
 'M' 'U' 'M' 'U' 'M' 'M' 'M' 'M' 'M' 'M' 'M' 'M' 'M' 'M' 'M' 'M' 'M' 'U'
 'M' 'M' 'M' 'M' 'M' 'M' 'M' 'M' 'U' 'M' 'M' 'U' 'U' 'M' 'M' 'U' 'M' 'U'
 'U' 'M' 'U' 'M' 'U' 'M' 'M' 'M' 'M' 'A' 'M' 'M' 'M' 'M' 'A' 'M' 'U' 'M'
 'M' 'U' 'M' 'M' 'M' 'A' 'U' 'U' 'U' 'U' 'A' 'U' 'U' 'U' 'M' 'M' 'M' 'M'
 'M' 'M' 'U' 'M' 'M' 'M' 'M' 'M' 'M' 'U' 'A' 'U' 'M' 'M' 'M' 'M' 'M' 'M'
 'M' 'M' 'M' 'M' 'M' 'U' 'M' 'M' 'M' 'M' 'M' 'M' 'M' 'M' 'M' 'M' 'M' 'U'
 'U' 'M' 'M' 'M' 'U' 'U' 'M' 'U' 'M' 'M' 'M' 'M' 'M' 'M' 'U' 'U' 'M' 'A']"
394701,1,151,9,142,47,0,1,"['A' 'U' 'M' 'M' 'M' 'U' 'M' 'M' 'M' 'M' 'M' 'U' 'M' 'M' 'M' 'M' 'M' 'M'
 'M' 'M' 'M' 'M' 'M' 'M' 'M' 'M' 'U' 'M' 'M' 'M' 'M' 'M' 'M' 'A' 'M' 'U'
 'U' 'U' 'M' 'M' 'M' 'U' 'M' 'M' 'M' 'U' 'M' 'M' 'U' 'U' 'M' 'M' 'M' 'M'
 'M' 'U' 'U' 'M' 'M' 'M' 'M' 'M' 'A' 'M' 'M' 'M' 'M' 'U' 'M' 'M' 'M' 'M'
 'M' 'M' 'M' 'M' 'M' 'M' 'M' 'M' 'M' 'M' 'M' 'U' 'M' 'M' 'M' 'M' 'U' 'U'
 'M' 'M' 'M' 'M' 'U' 'M' 'M' 'M' 'U' 'M' 'M' 'U' 'U' 'M' 'M' 'U' 'U' 'M'
 'U' 'U' 'U' 'M' 'U' 'U' 'M' 'M' 'M' 'A' 'M' 'U' 'M' 'M' 'A' 'M' 'M' 'M'
 'M' 'U' 'M' 'U' 'M' 'A' 'U' 'U' 'U' 'U' 'A' 'U' 'U' 'U' 'M' 'M' 'M' 'M'
 'M' 'M' 'U' 'M' 'M' 'M' 'M' 'M' 'M' 'U' 'A' 'M' 'M' 'M' 'M' 'M' 'M' 'M'
 'M' 'M' 'M' 'M' 'M' 'U' 'M' 'M' 'M' 'M' 'M' 'M' 'M' 'M' 'M' 'M' 'M' 'M'
 'U' 'M' 'M' 'U' 'U' 'U' 'M' 'U' 'M' 'M' 'M' 'M' 'M' 'M' 'M' 'U' 'M' 'A']"
394801,0,148,8,140,50,0,0,"['A' 'U' 'M' 'M' 'M' 'M' 'M' 'M' 'M' 'M' 'M' 'U' 'M' 'U' 'M' 'M' 'M' 'M'
 'M' 'M' 'M' 'M' 'M' 'M' 'M' 'M' 'U' 'M' 'M' 'M' 'U' 'M' 'M' 'A' 'M' 'U'
 'U' 'U' 'M' 'M' 'U' 'U' 'M' 'M' 'M' 'U' 'M' 'M' 'U' 'U' 'M' 'M' 'M' 'M'
 'U' 'U' 'U' 'M' 'M' 'M' 'M' 'M' 'A' 'M' 'M' 'M' 'M' 'M' 'M' 'M' 'M' 'M'
 'M' 'M' 'M' 'M' 'M' 'M' 'M' 'M' 'M' 'M' 'M' 'U' 'M' 'U' 'M' 'U' 'M' 'M'
 'U' 'M' 'M' 'M' 'U' 'M' 'M' 'M' 'U' 'M' 'M' 'U' 'U' 'M' 'M' 'M' 'U' 'M'
 'U' 'U' 'M' 'M' 'U' 'U' 'M' 'M' 'M' 'U' 'M' 'U' 'M' 'M' 'A' 'M' 'M' 'M'
 'M' 'M' 'M' 'U' 'M' 'A' 'U' 'U' 'U' 'U' 'A' 'U' 'U' 'U' 'M' 'M' 'M' 'M'
 'M' 'M' 'U' 'M' 'M' 'M' 'M' 'M' 'M' 'U' 'A' 'M' 'M' 'M' 'M' 'M' 'M' 'M'
 'M' 'M' 'M' 'M' 'M' 'U' 'M' 'M' 'M' 'M' 'M' 'U' 'M' 'M' 'M' 'M' 'M' 'M'
 'U' 'M' 'M' 'M' 'U' 'U' 'M' 'U' 'U' 'M' 'U' 'M' 'M' 'M' 'M' 'U' 'M' 'A']"
394901,0,147,9,138,51,0,0,"['A' 'M' 'M' 'M' 'M' 'M' 'M' 'M' 'M' 'M' 'M' 'U' 'M' 'U' 'M' 'M' 'M' 'M'
 'M' 'M' 'M' 'M' 'M' 'M' 'M' 'M' 'U' 'M' 'M' 'M' 'U' 'M' 'M' 'A' 'M' 'U'
 'A' 'U' 'M' 'U' 'M' 'U' 'M' 'M' 'M' 'U' 'M' 'M' 'U' 'U' 'M' 'M' 'M' 'M'
 'U' 'U' 'U' 'M' 'M' 'M' 'M' 'U' 'A' 'M' 'M' 'M' 'M' 'M' 'M' 'M' 'M' 'M'
 'M' 'M' 'M' 'U' 'M' 'M' 'M' 'M' 'M' 'M' 'M' 'M' 'M' 'U' 'M' 'M' 'M' 'U'
 'M' 'M' 'M' 'U' 'U' 'M' 'M' 'M' 'U' 'M' 'M' 'U' 'U' 'M' 'M' 'M' 'U' 'M'
 'U' 'M' 'M' 'M' 'U' 'U' 'M' 'U' 'M' 'U' 'M' 'U' 'M' 'M' 'A' 'M' 'M' 'M'
 'M' 'M' 'M' 'U' 'M' 'A' 'U' 'U' 'M' 'U' 'A' 'U' 'U' 'U' 'M' 'M' 'M' 'M'
 'U' 'U' 'U' 'M' 'M' 'M' 'U' 'M' 'M' 'U' 'A' 'M' 'M' 'M' 'M' 'M' 'M' 'M'
 'M' 'M' 'M' 'M' 'M' 'U' 'M' 'M' 'M' 'M' 'M' 'U' 'M' 'M' 'M' 'M' 'M' 'M'
 'M' 'U' 'M' 'U' 'U' 'U' 'M' 'U' 'U' 'M' 'U' 'M' 'M' 'M' 'M' 'M' 'M' 'A']"
395001,0,154,7,147,44,0,0,"['A' 'M' 'M' 'M' 'U' 'M' 'M' 'M' 'M' 'M' 'M' 'M' 'M' 'M' 'M' 'M' 'M' 'M'
 'M' 'M' 'M' 'M' 'M' 'M' 'M' 'M' 'U' 'M' 'M' 'M' 'U' 'M' 'M' 'U' 'U' 'U'
 'M' 'U' 'M' 'M' 'M' 'U' 'M' 'M' 'M' 'U' 'M' 'M' 'U' 'U' 'M' 'M' 'M' 'M'
 'U' 'U' 'U' 'M' 'M' 'M' 'M' 'U' 'A' 'M' 'M' 'M' 'M' 'M' 'M' 'M' 'M' 'M'
 'U' 'M' 'M' 'M' 'U' 'U' 'M' 'M' 'M' 'U' 'M' 'M' 'M' 'U' 'M' 'M' 'M' 'M'
 'M' 'M' 'M' 'M' 'M' 'M' 'M' 'M' 'U' 'M' 'M' 'U' 'U' 'M' 'M' 'M' 'U' 'M'
 'U' 'M' 'M' 'M' 'U' 'U' 'M' 'U' 'U' 'U' 'M' 'U' 'M' 'M' 'A' 'M' 'M' 'M'
 'M' 'M' 'M' 'M' 'M' 'A' 'U' 'M' 'M' 'M' 'A' 'M' 'U' 'U' 'M' 'M' 'M' 'M'
 'U' 'U' 'M' 'M' 'M' 'M' 'U' 'M' 'M' 'U' 'A' 'M' 'M' 'M' 'M' 'M' 'M' 'M'
 'M' 'M' 'M' 'M' 'M' 'U' 'M' 'U' 'M' 'M' 'M' 'U' 'M' 'M' 'M' 'M' 'M' 'M'
 'M' 'U' 'M' 'U' 'M' 'M' 'M' 'U' 'M' 'M' 'M' 'M' 'M' 'M' 'M' 'M' 'M' 'A']"
395101,0,155,6,149,43,0,0,"['A' 'M' 'M' 'M' 'U' 'M' 'M' 'M' 'M' 'M' 'M' 'M' 'M' 'M' 'M' 'M' 'M' 'M'
 'M' 'M' 'U' 'M' 'M' 'M' 'M' 'M' 'M' 'M' 'M' 'M' 'U' 'M' 'M' 'M' 'U' 'U'
 'M' 'U' 'M' 'M' 'M' 'U' 'M' 'M' 'M' 'M' 'M' 'M' 'U' 'U' 'M' 'M' 'M' 'M'
 'U' 'U' 'U' 'M' 'M' 'M' 'M' 'U' 'A' 'M' 'M' 'M' 'M' 'M' 'M' 'M' 'M' 'M'
 'U' 'U' 'U' 'U' 'M' 'M' 'M' 'M' 'M' 'M' 'M' 'M' 'M' 'M' 'M' 'M' 'M' 'M'
 'M' 'M' 'M' 'M' 'U' 'M' 'M' 'M' 'U' 'M' 'M' 'U' 'U' 'M' 'M' 'M' 'M' 'M'
 'U' 'M' 'M' 'M' 'U' 'U' 'M' 'U' 'U' 'U' 'M' 'U' 'M' 'M' 'A' 'M' 'M' 'M'
 'M' 'M' 'M' 'M' 'M' 'U' 'M' 'U' 'U' 'U' 'A' 'U' 'U' 'U' 'M' 'M' 'M' 'M'
 'U' 'M' 'M' 'M' 'M' 'M' 'U' 'M' 'M' 'U' 'A' 'M' 'M' 'M' 'M' 'M' 'M' 'M'
 'M' 'M' 'M' 'M' 'M' 'U' 'M' 'U' 'M' 'M' 'M' 'U' 'M' 'M' 'M' 'M' 'M' 'M'
 'M' 'U' 'M' 'M' 'M' 'M' 'M' 'U' 'M' 'M' 'M' 'M' 'M' 'M' 'M' 'M' 'M' 'A']"
395201,0,156,5,151,42,0,0,"['A' 'M' 'M' 'M' 'U' 'U' 'M' 'M' 'M' 'M' 'M' 'M' 'M' 'M' 'M' 'M' 'M' 'M'
 'M' 'M' 'M' 'M' 'M' 'M' 'M' 'M' 'M' 'M' 'M' 'U' 'M' 'M' 'M' 'M' 'U' 'U'
 'M' 'U' 'M' 'M' 'M' 'U' 'M' 'M' 'M' 'M' 'M' 'M' 'U' 'M' 'M' 'M' 'M' 'M'
 'M' 'U' 'U' 'M' 'U' 'M' 'M' 'M' 'A' 'M' 'M' 'M' 'M' 'M' 'U' 'M' 'U' 'M'
 'M' 'M' 'M' 'M' 'M' 'M' 'M' 'M' 'M' 'M' 'U' 'M' 'U' 'M' 'M' 'M' 'M' 'M'
 'M' 'U' 'M' 'M' 'M' 'M' 'M' 'U' 'M' 'M' 'M' 'M' 'U' 'M' 'M' 'M' 'M' 'M'
 'U' 'M' 'M' 'M' 'U' 'U' 'U' 'U' 'U' 'U' 'M' 'U' 'M' 'M' 'A' 'M' 'M' 'M'
 'M' 'M' 'M' 'M' 'M' 'M' 'U' 'U' 'U' 'M' 'A' 'U' 'U' 'U' 'M' 'M' 'M' 'M'
 'M' 'M' 'U' 'M' 'M' 'M' 'U' 'M' 'M' 'U' 'U' 'M' 'M' 'M' 'M' 'M' 'M' 'M'
 'M' 'M' 'M' 'M' 'M' 'U' 'M' 'U' 'M' 'M' 'M' 'U' 'M' 'M' 'M' 'M' 'M' 'M'
 'M' 'M' 'M' 'M' 'U' 'M' 'M' 'U' 'M' 'M' 'M' 'U' 'M' 'M' 'M' 'M' 'M' 'A']"
395301,0,153,3,150,45,0,0,"['A' 'M' 'M' 'M' 'M' 'U' 'M' 'M' 'M' 'M' 'M' 'M' 'M' 'M' 'U' 'M' 'M' 'U'
 'M' 'M' 'M' 'M' 'M' 'M' 'M' 'M' 'M' 'M' 'M' 'M' 'M' 'M' 'M' 'M' 'U' 'U'
 'M' 'U' 'M' 'M' 'M' 'U' 'M' 'M' 'M' 'U' 'M' 'M' 'U' 'M' 'M' 'M' 'M' 'M'
 'M' 'U' 'U' 'M' 'U' 'M' 'M' 'M' 'A' 'M' 'M' 'U' 'M' 'U' 'M' 'M' 'M' 'M'
 'M' 'M' 'M' 'M' 'M' 'M' 'M' 'M' 'M' 'U' 'U' 'U' 'M' 'M' 'M' 'M' 'M' 'M'
 'M' 'M' 'M' 'M' 'M' 'M' 'M' 'M' 'M' 'M' 'M' 'M' 'M' 'M' 'U' 'M' 'M' 'M'
 'M' 'M' 'M' 'M' 'U' 'U' 'U' 'U' 'M' 'M' 'M' 'M' 'M' 'M' 'U' 'M' 'M' 'M'
 'U' 'M' 'M' 'M' 'M' 'M' 'U' 'U' 'U' 'M' 'A' 'U' 'U' 'U' 'M' 'M' 'M' 'M'
 'M' 'M' 'U' 'M' 'M' 'M' 'U' 'M' 'M' 'U' 'M' 'M' 'M' 'M' 'U' 'M' 'M' 'U'
 'M' 'M' 'M' 'M' 'M' 'U' 'U' 'U' 'M' 'M' 'M' 'U' 'M' 'M' 'U' 'M' 'M' 'M'
 'M' 'M' 'M' 'M' 'U' 'M' 'M' 'U' 'M' 'M' 'U' 'U' 'M' 'M' 'M' 'M' 'M' 'U']"
395401,0,155,4,151,43,0,0,"['A' 'M' 'U' 'M' 'M' 'M' 'M' 'M' 'M' 'M' 'M' 'M' 'M' 'M' 'M' 'M' 'M' 'U'
 'M' 'M' 'M' 'M' 'M' 'M' 'M' 'M' 'M' 'M' 'M' 'U' 'M' 'M' 'M' 'M' 'U' 'U'
 'M' 'U' 'M' 'M' 'A' 'U' 'M' 'M' 'M' 'U' 'M' 'M' 'U' 'M' 'M' 'M' 'M' 'M'
 'M' 'M' 'U' 'M' 'U' 'M' 'M' 'M' 'A' 'M' 'M' 'U' 'M' 'M' 'M' 'U' 'U' 'M'
 'M' 'U' 'M' 'M' 'M' 'M' 'M' 'M' 'M' 'M' 'U' 'M' 'M' 'M' 'M' 'M' 'M' 'M'
 'M' 'M' 'M' 'M' 'M' 'M' 'M' 'U' 'M' 'M' 'M' 'M' 'M' 'M' 'M' 'M' 'M' 'M'
 'M' 'M' 'M' 'M' 'M' 'U' 'M' 'U' 'M' 'U' 'M' 'M' 'M' 'M' 'U' 'M' 'M' 'M'
 'U' 'M' 'M' 'M' 'M' 'U' 'U' 'U' 'U' 'U' 'U' 'U' 'U' 'U' 'M' 'M' 'M' 'M'
 'M' 'U' 'U' 'M' 'M' 'M' 'U' 'M' 'M' 'U' 'M' 'M' 'M' 'M' 'U' 'M' 'U' 'U'
 'M' 'M' 'M' 'M' 'M' 'U' 'M' 'A' 'M' 'M' 'M' 'M' 'M' 'M' 'M' 'M' 'M' 'M'
 'M' 'M' 'M' 'M' 'M' 'M' 'M' 'U' 'M' 'M' 'U' 'U' 'M' 'M' 'M' 'M' 'M' 'U']"
395501,1,156,3,153,42,0,1,"['A' 'M' 'U' 'M' 'U' 'M' 'M' 'M' 'M' 'M' 'M' 'M' 'M' 'M' 'M' 'M' 'M' 'M'
 'M' 'M' 'M' 'M' 'M' 'M' 'M' 'M' 'M' 'M' 'M' 'A' 'M' 'M' 'M' 'M' 'M' 'M'
 'M' 'U' 'M' 'M' 'M' 'U' 'M' 'M' 'M' 'U' 'U' 'M' 'U' 'M' 'M' 'M' 'M' 'M'
 'M' 'M' 'U' 'M' 'U' 'M' 'M' 'M' 'U' 'M' 'M' 'M' 'M' 'M' 'M' 'M' 'U' 'M'
 'M' 'M' 'M' 'M' 'M' 'M' 'M' 'M' 'M' 'M' 'M' 'U' 'M' 'M' 'M' 'U' 'M' 'M'
 'U' 'U' 'M' 'M' 'M' 'M' 'M' 'M' 'M' 'M' 'M' 'M' 'M' 'M' 'M' 'M' 'M' 'U'
 'U' 'M' 'M' 'M' 'M' 'U' 'M' 'U' 'M' 'U' 'M' 'M' 'M' 'M' 'U' 'M' 'M' 'M'
 'M' 'M' 'M' 'M' 'M' 'U' 'U' 'U' 'U' 'M' 'U' 'U' 'U' 'U' 'M' 'M' 'M' 'M'
 'M' 'U' 'U' 'M' 'M' 'M' 'U' 'M' 'M' 'U' 'M' 'M' 'M' 'M' 'U' 'M' 'U' 'U'
 'M' 'M' 'M' 'M' 'M' 'U' 'M' 'A' 'M' 'M' 'M' 'M' 'M' 'M' 'M' 'M' 'M' 'M'
 'M' 'M' 'M' 'M' 'M' 'M' 'M' 'U' 'U' 'M' 'U' 'U' 'U' 'M' 'M' 'M' 'M' 'M']"
395601,0,155,2,153,43,1,0,"['A' 'M' 'U' 'U' 'U' 'M' 'M' 'M' 'M' 'M' 'M' 'M' 'M' 'M' 'M' 'M' 'M' 'M'
 'M' 'M' 'M' 'M' 'M' 'M' 'M' 'M' 'M' 'M' 'M' 'M' 'M' 'M' 'M' 'M' 'M' 'M'
 'M' 'M' 'U' 'M' 'M' 'M' 'M' 'M' 'M' 'U' 'U' 'M' 'U' 'M' 'M' 'M' 'M' 'M'
 'M' 'M' 'U' 'M' 'U' 'M' 'M' 'M' 'U' 'M' 'M' 'M' 'M' 'M' 'U' 'U' 'M' 'U'
 'M' 'M' 'M' 'M' 'M' 'M' 'M' 'M' 'U' 'M' 'M' 'M' 'U' 'M' 'M' 'M' 'M' 'M'
 'M' 'M' 'M' 'M' 'M' 'M' 'M' 'M' 'M' 'M' 'M' 'M' 'M' 'M' 'M' 'M' 'M' 'U'
 'U' 'M' 'M' 'M' 'M' 'U' 'M' 'M' 'M' 'U' 'M' 'M' 'M' 'M' 'U' 'M' 'M' 'M'
 'M' 'M' 'U' 'M' 'M' 'U' 'M' 'U' 'U' 'M' 'U' 'U' 'U' 'M' 'M' 'M' 'M' 'M'
 'M' 'U' 'U' 'M' 'U' 'M' 'U' 'M' 'M' 'U' 'M' 'M' 'M' 'M' 'U' 'U' 'U' 'U'
 'M' 'M' 'M' 'M' 'M' 'U' 'M' 'A' 'U' 'M' 'M' 'M' 'M' 'M' 'M' 'M' 'M' 'M'
 'M' 'M' 'M' 'M' 'M' 'M' 'M' 'U' 'U' 'M' 'M' 'U' 'U' 'M' 'M' 'M' 'M' 'U']"
395701,1,159,2,157,39,0,0,"['A' 'M' 'U' 'M' 'M' 'M' 'M' 'M' 'M' 'M' 'M' 'M' 'M' 'M' 'M' 'M' 'M' 'U'
 'M' 'M' 'M' 'M' 'M' 'M' 'M' 'U' 'M' 'M' 'M' 'M' 'M' 'M' 'M' 'M' 'M' 'M'
 'M' 'M' 'M' 'M' 'M' 'M' 'M' 'M' 'M' 'U' 'M' 'M' 'M' 'M' 'M' 'M' 'U' 'U'
 'M' 'M' 'U' 'M' 'U' 'M' 'M' 'M' 'U' 'M' 'M' 'M' 'M' 'M' 'M' 'M' 'M' 'M'
 'U' 'M' 'M' 'M' 'M' 'M' 'U' 'M' 'M' 'M' 'U' 'M' 'M' 'U' 'M' 'M' 'M' 'M'
 'M' 'M' 'M' 'U' 'M' 'M' 'M' 'M' 'M' 'M' 'M' 'M' 'M' 'M' 'M' 'M' 'M' 'U'
 'M' 'U' 'M' 'M' 'M' 'U' 'M' 'M' 'M' 'M' 'M' 'M' 'M' 'M' 'U' 'M' 'M' 'M'
 'M' 'M' 'M' 'M' 'M' 'U' 'U' 'U' 'U' 'U' 'U' 'U' 'U' 'M' 'M' 'M' 'M' 'M'
 'M' 'U' 'U' 'M' 'U' 'M' 'U' 'M' 'M' 'M' 'M' 'M' 'M' 'M' 'U' 'U' 'U' 'M'
 'M' 'M' 'M' 'M' 'M' 'U' 'M' 'A' 'U' 'M' 'M' 'M' 'M' 'M' 'M' 'M' 'M' 'M'
 'M' 'M' 'M' 'M' 'M' 'M' 'M' 'U' 'U' 'M' 'M' 'M' 'U' 'M' 'M' 'M' 'M' 'U']"
395801,0,156,2,154,42,0,0,"['A' 'U' 'U' 'M' 'M' 'M' 'M' 'M' 'M' 'M' 'M' 'M' 'M' 'M' 'M' 'M' 'M' 'M'
 'M' 'M' 'M' 'M' 'M' 'M' 'M' 'U' 'M' 'M' 'M' 'U' 'M' 'M' 'M' 'M' 'M' 'U'
 'M' 'M' 'M' 'M' 'M' 'M' 'M' 'M' 'M' 'U' 'M' 'M' 'M' 'M' 'M' 'M' 'U' 'U'
 'U' 'M' 'U' 'M' 'U' 'M' 'M' 'M' 'U' 'M' 'M' 'U' 'M' 'U' 'M' 'M' 'M' 'M'
 'M' 'M' 'U' 'M' 'M' 'M' 'M' 'M' 'M' 'M' 'M' 'M' 'M' 'M' 'M' 'U' 'M' 'M'
 'U' 'M' 'M' 'M' 'M' 'M' 'M' 'M' 'M' 'M' 'M' 'M' 'M' 'M' 'M' 'M' 'M' 'U'
 'M' 'U' 'M' 'M' 'M' 'U' 'U' 'M' 'U' 'M' 'M' 'M' 'M' 'M' 'U' 'M' 'M' 'M'
 'M' 'M' 'M' 'M' 'M' 'U' 'U' 'M' 'U' 'U' 'U' 'U' 'U' 'M' 'M' 'M' 'M' 'M'
 'M' 'U' 'U' 'M' 'U' 'M' 'M' 'M' 'M' 'M' 'M' 'M' 'M' 'M' 'U' 'U' 'U' 'M'
 'M' 'M' 'M' 'M' 'M' 'U' 'M' 'A' 'U' 'M' 'M' 'M' 'M' 'M' 'M' 'M' 'M' 'M'
 'M' 'M' 'M' 'U' 'M' 'M' 'M' 'M' 'U' 'M' 'U' 'M' 'U' 'M' 'M' 'M' 'M' 'M']"
395901,0,158,4,154,40,1,0,"['A' 'U' 'U' 'M' 'M' 'M' 'U' 'M' 'M' 'M' 'M' 'M' 'M' 'M' 'M' 'M' 'M' 'M'
 'M' 'M' 'M' 'M' 'M' 'M' 'M' 'M' 'M' 'M' 'M' 'U' 'M' 'M' 'M' 'M' 'M' 'U'
 'M' 'M' 'M' 'M' 'M' 'M' 'M' 'M' 'M' 'A' 'M' 'M' 'M' 'M' 'M' 'M' 'U' 'U'
 'A' 'M' 'U' 'M' 'M' 'M' 'M' 'M' 'U' 'M' 'M' 'M' 'M' 'M' 'M' 'M' 'U' 'M'
 'M' 'M' 'M' 'M' 'M' 'M' 'M' 'M' 'M' 'U' 'M' 'U' 'U' 'M' 'M' 'M' 'M' 'U'
 'M' 'M' 'M' 'M' 'M' 'M' 'M' 'M' 'M' 'M' 'M' 'M' 'M' 'M' 'M' 'M' 'M' 'U'
 'M' 'U' 'M' 'M' 'M' 'U' 'M' 'M' 'U' 'M' 'M' 'M' 'M' 'M' 'U' 'M' 'M' 'M'
 'M' 'M' 'M' 'M' 'M' 'U' 'U' 'U' 'U' 'U' 'U' 'U' 'U' 'M' 'M' 'M' 'M' 'M'
 'M' 'U' 'U' 'M' 'U' 'U' 'M' 'M' 'M' 'M' 'M' 'M' 'M' 'M' 'U' 'U' 'M' 'M'
 'M' 'M' 'M' 'M' 'M' 'U' 'M' 'A' 'M' 'M' 'M' 'M' 'M' 'M' 'M' 'M' 'M' 'M'
 'M' 'M' 'M' 'U' 'M' 'M' 'M' 'M' 'U' 'U' 'U' 'U' 'U' 'M' 'M' 'M' 'M' 'M']"
396001,0,159,8,151,39,0,0,"['A' 'M' 'U' 'U' 'M' 'M' 'U' 'M' 'M' 'M' 'M' 'M' 'M' 'M' 'M' 'M' 'M' 'M'
 'M' 'M' 'M' 'M' 'M' 'M' 'M' 'M' 'M' 'M' 'U' 'M' 'M' 'M' 'M' 'M' 'M' 'U'
 'M' 'M' 'M' 'M' 'M' 'M' 'M' 'M' 'M' 'A' 'M' 'M' 'U' 'M' 'M' 'M' 'M' 'U'
 'A' 'M' 'M' 'M' 'M' 'M' 'M' 'M' 'M' 'M' 'U' 'M' 'M' 'M' 'M' 'M' 'M' 'M'
 'M' 'M' 'U' 'M' 'M' 'M' 'M' 'M' 'U' 'U' 'M' 'M' 'M' 'U' 'M' 'M' 'M' 'U'
 'M' 'M' 'M' 'M' 'M' 'M' 'M' 'M' 'M' 'U' 'M' 'M' 'M' 'M' 'M' 'M' 'M' 'U'
 'M' 'U' 'U' 'M' 'M' 'A' 'M' 'M' 'U' 'M' 'M' 'M' 'M' 'M' 'U' 'M' 'M' 'M'
 'M' 'U' 'M' 'M' 'M' 'U' 'M' 'U' 'U' 'U' 'A' 'U' 'M' 'M' 'M' 'M' 'M' 'M'
 'M' 'M' 'U' 'M' 'U' 'U' 'M' 'M' 'M' 'M' 'M' 'M' 'U' 'M' 'U' 'U' 'M' 'M'
 'M' 'M' 'M' 'M' 'M' 'A' 'M' 'A' 'M' 'M' 'M' 'M' 'U' 'M' 'M' 'U' 'M' 'M'
 'M' 'M' 'M' 'U' 'M' 'M' 'M' 'M' 'U' 'U' 'U' 'U' 'U' 'M' 'M' 'M' 'A' 'M']"
396101,0,162,6,156,36,0,0,"['A' 'M' 'M' 'U' 'M' 'M' 'U' 'M' 'M' 'M' 'M' 'M' 'M' 'M' 'M' 'M' 'M' 'M'
 'M' 'M' 'M' 'M' 'M' 'M' 'M' 'M' 'M' 'U' 'U' 'M' 'M' 'M' 'M' 'M' 'M' 'U'
 'M' 'M' 'M' 'M' 'M' 'M' 'M' 'M' 'M' 'A' 'M' 'M' 'U' 'M' 'M' 'U' 'M' 'U'
 'U' 'M' 'M' 'M' 'M' 'M' 'M' 'M' 'M' 'M' 'M' 'M' 'M' 'M' 'M' 'M' 'M' 'M'
 'M' 'M' 'M' 'M' 'M' 'M' 'M' 'M' 'M' 'U' 'M' 'M' 'M' 'M' 'U' 'U' 'U' 'M'
 'M' 'M' 'M' 'M' 'U' 'M' 'M' 'M' 'U' 'U' 'M' 'M' 'M' 'M' 'M' 'M' 'M' 'U'
 'M' 'U' 'U' 'M' 'M' 'A' 'M' 'M' 'U' 'M' 'M' 'M' 'M' 'M' 'U' 'M' 'M' 'M'
 'M' 'U' 'M' 'M' 'M' 'U' 'M' 'U' 'M' 'M' 'A' 'U' 'M' 'M' 'M' 'M' 'M' 'M'
 'M' 'M' 'U' 'M' 'M' 'M' 'M' 'M' 'M' 'M' 'M' 'M' 'U' 'M' 'M' 'U' 'M' 'M'
 'M' 'M' 'M' 'M' 'M' 'M' 'M' 'A' 'M' 'M' 'M' 'M' 'U' 'M' 'M' 'U' 'M' 'U'
 'M' 'M' 'M' 'U' 'M' 'M' 'M' 'M' 'U' 'U' 'U' 'M' 'U' 'M' 'M' 'M' 'A' 'M']"
396201,1,152,6,146,46,0,0,"['A' 'M' 'M' 'U' 'M' 'M' 'U' 'M' 'U' 'U' 'M' 'M' 'M' 'M' 'M' 'M' 'M' 'M'
 'M' 'M' 'M' 'M' 'M' 'U' 'M' 'M' 'M' 'U' 'U' 'M' 'M' 'M' 'M' 'M' 'M' 'U'
 'M' 'M' 'M' 'M' 'M' 'M' 'M' 'M' 'M' 'A' 'M' 'M' 'U' 'M' 'M' 'U' 'M' 'U'
 'U' 'M' 'M' 'M' 'M' 'M' 'M' 'M' 'M' 'M' 'M' 'M' 'M' 'M' 'M' 'M' 'M' 'U'
 'M' 'M' 'U' 'M' 'M' 'M' 'M' 'M' 'M' 'M' 'U' 'M' 'U' 'M' 'M' 'M' 'M' 'U'
 'M' 'M' 'M' 'M' 'M' 'M' 'M' 'M' 'U' 'U' 'M' 'M' 'M' 'M' 'M' 'M' 'M' 'U'
 'M' 'U' 'U' 'M' 'M' 'U' 'M' 'M' 'U' 'M' 'M' 'M' 'M' 'M' 'U' 'M' 'M' 'M'
 'M' 'U' 'M' 'M' 'M' 'U' 'U' 'U' 'A' 'U' 'A' 'U' 'U' 'M' 'M' 'M' 'M' 'M'
 'M' 'M' 'M' 'M' 'M' 'U' 'M' 'M' 'M' 'M' 'M' 'M' 'U' 'M' 'M' 'U' 'U' 'M'
 'M' 'M' 'M' 'M' 'M' 'U' 'M' 'A' 'M' 'M' 'M' 'M' 'U' 'M' 'M' 'U' 'M' 'U'
 'M' 'M' 'M' 'U' 'M' 'M' 'M' 'U' 'U' 'U' 'U' 'M' 'U' 'M' 'M' 'M' 'A' 'M']"
396301,0,157,6,151,41,0,0,"['A' 'M' 'U' 'U' 'M' 'M' 'U' 'M' 'U' 'M' 'M' 'M' 'M' 'M' 'M' 'M' 'M' 'M'
 'M' 'M' 'M' 'M' 'M' 'U' 'M' 'M' 'M' 'U' 'U' 'M' 'M' 'M' 'M' 'M' 'M' 'M'
 'M' 'M' 'M' 'M' 'M' 'M' 'M' 'M' 'M' 'A' 'M' 'M' 'M' 'M' 'M' 'U' 'M' 'U'
 'U' 'M' 'M' 'M' 'M' 'M' 'M' 'M' 'U' 'M' 'M' 'M' 'M' 'M' 'M' 'M' 'M' 'M'
 'U' 'U' 'M' 'M' 'M' 'M' 'U' 'M' 'M' 'M' 'M' 'M' 'U' 'M' 'M' 'M' 'M' 'M'
 'U' 'M' 'M' 'M' 'M' 'M' 'M' 'M' 'M' 'M' 'M' 'M' 'M' 'M' 'M' 'M' 'M' 'U'
 'M' 'U' 'M' 'M' 'U' 'U' 'M' 'M' 'U' 'M' 'M' 'M' 'M' 'M' 'U' 'M' 'U' 'M'
 'M' 'U' 'M' 'M' 'M' 'U' 'U' 'M' 'A' 'U' 'U' 'U' 'M' 'M' 'M' 'U' 'M' 'M'
 'M' 'M' 'M' 'M' 'M' 'U' 'M' 'M' 'M' 'M' 'M' 'M' 'U' 'M' 'M' 'M' 'M' 'M'
 'U' 'M' 'M' 'M' 'M' 'U' 'M' 'A' 'M' 'M' 'M' 'M' 'A' 'M' 'M' 'M' 'M' 'U'
 'M' 'M' 'M' 'U' 'M' 'M' 'M' 'U' 'U' 'U' 'M' 'U' 'U' 'M' 'M' 'M' 'A' 'M']"
396401,0,154,6,148,44,0,0,"['A' 'M' 'U' 'U' 'M' 'M' 'U' 'M' 'U' 'M' 'M' 'M' 'M' 'M' 'M' 'M' 'M' 'U'
 'M' 'M' 'M' 'M' 'M' 'A' 'M' 'M' 'U' 'U' 'U' 'M' 'M' 'M' 'M' 'M' 'M' 'M'
 'M' 'M' 'M' 'M' 'M' 'M' 'U' 'U' 'M' 'A' 'M' 'M' 'M' 'M' 'M' 'A' 'U' 'U'
 'U' 'M' 'M' 'M' 'M' 'M' 'M' 'M' 'U' 'M' 'M' 'U' 'M' 'M' 'M' 'M' 'M' 'M'
 'M' 'M' 'M' 'M' 'M' 'U' 'M' 'M' 'M' 'M' 'U' 'M' 'M' 'M' 'M' 'M' 'M' 'M'
 'U' 'M' 'U' 'M' 'M' 'M' 'M' 'M' 'M' 'M' 'M' 'M' 'M' 'M' 'M' 'M' 'M' 'U'
 'M' 'U' 'M' 'M' 'U' 'U' 'M' 'M' 'U' 'M' 'M' 'M' 'M' 'M' 'U' 'M' 'U' 'M'
 'M' 'U' 'M' 'M' 'M' 'U' 'M' 'U' 'A' 'U' 'U' 'U' 'U' 'M' 'M' 'U' 'M' 'M'
 'M' 'M' 'M' 'M' 'M' 'U' 'M' 'M' 'M' 'M' 'M' 'M' 'M' 'M' 'M' 'M' 'M' 'M'
 'U' 'U' 'M' 'M' 'M' 'U' 'M' 'U' 'M' 'M' 'M' 'M' 'U' 'M' 'M' 'M' 'M' 'U'
 'M' 'M' 'M' 'U' 'M' 'M' 'M' 'M' 'M' 'U' 'M' 'M' 'U' 'M' 'M' 'M' 'A' 'M']"
396501,0,150,7,143,48,0,0,"['A' 'M' 'U' 'A' 'M' 'M' 'U' 'M' 'U' 'M' 'M' 'M' 'M' 'M' 'M' 'M' 'M' 'U'
 'M' 'M' 'M' 'M' 'M' 'A' 'M' 'M' 'U' 'U' 'U' 'M' 'M' 'U' 'M' 'M' 'M' 'M'
 'M' 'M' 'M' 'M' 'M' 'U' 'M' 'M' 'U' 'A' 'M' 'M' 'M' 'M' 'M' 'A' 'U' 'U'
 'U' 'M' 'M' 'M' 'M' 'M' 'M' 'U' 'U' 'M' 'M' 'M' 'M' 'M' 'U' 'M' 'M' 'U'
 'M' 'M' 'M' 'M' 'M' 'M' 'M' 'M' 'M' 'M' 'U' 'M' 'M' 'M' 'U' 'M' 'M' 'U'
 'M' 'M' 'M' 'M' 'M' 'M' 'M' 'M' 'M' 'M' 'U' 'M' 'M' 'M' 'M' 'M' 'M' 'U'
 'M' 'M' 'M' 'U' 'M' 'U' 'M' 'M' 'U' 'U' 'M' 'M' 'M' 'M' 'U' 'M' 'U' 'M'
 'M' 'U' 'M' 'M' 'M' 'U' 'U' 'U' 'A' 'U' 'U' 'U' 'A' 'U' 'M' 'U' 'M' 'M'
 'M' 'M' 'M' 'M' 'U' 'M' 'M' 'M' 'M' 'M' 'M' 'M' 'M' 'M' 'M' 'M' 'M' 'M'
 'U' 'U' 'M' 'M' 'M' 'U' 'M' 'U' 'M' 'M' 'M' 'M' 'M' 'M' 'M' 'M' 'M' 'U'
 'M' 'M' 'M' 'U' 'M' 'M' 'M' 'M' 'M' 'U' 'M' 'M' 'U' 'U' 'M' 'M' 'U' 'M']"
396601,0,149,7,142,49,1,0,"['A' 'M' 'U' 'A' 'M' 'M' 'U' 'U' 'U' 'M' 'M' 'M' 'M' 'M' 'M' 'M' 'M' 'U'
 'M' 'M' 'M' 'M' 'M' 'A' 'M' 'M' 'U' 'U' 'U' 'M' 'M' 'U' 'M' 'U' 'M' 'M'
 'M' 'M' 'M' 'M' 'M' 'U' 'M' 'M' 'M' 'A' 'M' 'M' 'M' 'M' 'M' 'A' 'U' 'U'
 'U' 'M' 'M' 'M' 'M' 'M' 'M' 'U' 'U' 'M' 'M' 'U' 'U' 'M' 'M' 'M' 'U' 'M'
 'M' 'M' 'M' 'M' 'M' 'M' 'M' 'M' 'M' 'M' 'M' 'M' 'M' 'M' 'M' 'M' 'M' 'U'
 'M' 'M' 'U' 'M' 'M' 'M' 'M' 'M' 'M' 'M' 'U' 'M' 'M' 'M' 'M' 'M' 'U' 'U'
 'M' 'M' 'M' 'U' 'M' 'M' 'M' 'M' 'U' 'U' 'M' 'M' 'M' 'M' 'M' 'M' 'U' 'M'
 'M' 'U' 'M' 'M' 'U' 'M' 'U' 'U' 'A' 'U' 'U' 'U' 'A' 'U' 'U' 'M' 'M' 'M'
 'M' 'M' 'M' 'M' 'U' 'M' 'M' 'M' 'M' 'M' 'M' 'M' 'M' 'M' 'M' 'M' 'M' 'M'
 'U' 'U' 'M' 'M' 'M' 'U' 'U' 'U' 'M' 'U' 'M' 'M' 'M' 'M' 'M' 'M' 'M' 'U'
 'M' 'M' 'M' 'U' 'M' 'M' 'M' 'M' 'M' 'M' 'M' 'M' 'U' 'U' 'M' 'M' 'U' 'M']"
396701,0,152,6,146,46,0,0,"['A' 'M' 'U' 'U' 'M' 'M' 'M' 'U' 'U' 'M' 'M' 'U' 'M' 'M' 'M' 'M' 'M' 'U'
 'M' 'M' 'M' 'M' 'M' 'A' 'M' 'M' 'U' 'M' 'U' 'M' 'M' 'U' 'M' 'U' 'M' 'M'
 'M' 'M' 'M' 'M' 'M' 'U' 'U' 'M' 'M' 'A' 'M' 'M' 'M' 'M' 'M' 'A' 'M' 'U'
 'U' 'M' 'M' 'M' 'M' 'M' 'M' 'U' 'U' 'M' 'M' 'M' 'M' 'M' 'M' 'M' 'U' 'M'
 'M' 'M' 'M' 'U' 'M' 'M' 'M' 'M' 'M' 'M' 'M' 'M' 'U' 'M' 'M' 'U' 'M' 'M'
 'U' 'M' 'M' 'M' 'M' 'M' 'M' 'M' 'M' 'M' 'U' 'M' 'M' 'M' 'M' 'M' 'U' 'U'
 'M' 'U' 'M' 'U' 'M' 'U' 'M' 'M' 'M' 'U' 'U' 'M' 'M' 'M' 'M' 'M' 'U' 'M'
 'M' 'U' 'M' 'M' 'M' 'M' 'U' 'U' 'M' 'U' 'U' 'U' 'A' 'M' 'U' 'M' 'M' 'M'
 'M' 'M' 'M' 'M' 'M' 'M' 'M' 'M' 'M' 'M' 'M' 'M' 'M' 'M' 'M' 'U' 'M' 'M'
 'U' 'U' 'M' 'M' 'M' 'U' 'U' 'M' 'M' 'A' 'M' 'M' 'M' 'M' 'M' 'M' 'M' 'U'
 'M' 'M' 'M' 'U' 'M' 'M' 'M' 'M' 'M' 'M' 'M' 'M' 'U' 'M' 'M' 'M' 'U' 'M']"
396801,0,160,6,154,38,0,0,"['A' 'M' 'U' 'U' 'M' 'M' 'M' 'U' 'U' 'M' 'M' 'U' 'M' 'M' 'M' 'M' 'M' 'M'
 'M' 'M' 'M' 'M' 'M' 'A' 'M' 'M' 'U' 'M' 'M' 'M' 'M' 'M' 'M' 'U' 'M' 'M'
 'M' 'M' 'M' 'M' 'M' 'M' 'M' 'M' 'M' 'A' 'M' 'M' 'M' 'M' 'M' 'A' 'M' 'M'
 'M' 'M' 'M' 'M' 'M' 'M' 'M' 'U' 'M' 'M' 'M' 'M' 'M' 'M' 'M' 'M' 'M' 'M'
 'U' 'M' 'M' 'M' 'M' 'M' 'U' 'U' 'M' 'M' 'M' 'M' 'U' 'M' 'M' 'M' 'M' 'M'
 'M' 'M' 'U' 'M' 'M' 'M' 'M' 'M' 'M' 'M' 'A' 'M' 'M' 'M' 'M' 'M' 'M' 'U'
 'M' 'M' 'M' 'U' 'M' 'U' 'M' 'M' 'M' 'U' 'U' 'M' 'M' 'M' 'M' 'M' 'U' 'M'
 'M' 'U' 'M' 'M' 'M' 'M' 'U' 'U' 'M' 'U' 'M' 'U' 'A' 'M' 'U' 'M' 'M' 'M'
 'M' 'M' 'M' 'M' 'M' 'M' 'M' 'M' 'M' 'M' 'U' 'M' 'M' 'M' 'M' 'U' 'U' 'M'
 'U' 'U' 'U' 'M' 'M' 'M' 'U' 'M' 'M' 'U' 'M' 'M' 'M' 'M' 'M' 'M' 'M' 'U'
 'M' 'M' 'U' 'M' 'M' 'M' 'M' 'M' 'M' 'M' 'M' 'M' 'U' 'M' 'M' 'U' 'U' 'M']"
396901,0,164,4,160,34,0,0,"['A' 'M' 'U' 'U' 'M' 'M' 'M' 'U' 'U' 'M' 'M' 'U' 'M' 'M' 'M' 'M' 'M' 'M'
 'M' 'M' 'M' 'M' 'M' 'A' 'M' 'M' 'U' 'M' 'M' 'M' 'M' 'M' 'M' 'U' 'M' 'M'
 'M' 'U' 'M' 'M' 'M' 'M' 'M' 'M' 'M' 'A' 'M' 'M' 'M' 'M' 'M' 'U' 'M' 'M'
 'M' 'M' 'M' 'M' 'M' 'M' 'M' 'U' 'M' 'M' 'M' 'M' 'M' 'M' 'M' 'U' 'M' 'M'
 'M' 'M' 'M' 'M' 'M' 'M' 'M' 'M' 'M' 'M' 'U' 'M' 'M' 'U' 'U' 'U' 'M' 'M'
 'M' 'M' 'M' 'M' 'M' 'U' 'M' 'U' 'M' 'M' 'A' 'M' 'M' 'M' 'M' 'M' 'M' 'M'
 'M' 'M' 'M' 'U' 'M' 'M' 'M' 'M' 'M' 'M' 'U' 'M' 'M' 'M' 'U' 'M' 'U' 'M'
 'M' 'M' 'M' 'M' 'M' 'M' 'M' 'U' 'M' 'U' 'M' 'M' 'M' 'M' 'U' 'M' 'M' 'M'
 'M' 'M' 'M' 'M' 'M' 'M' 'M' 'M' 'M' 'M' 'M' 'M' 'M' 'M' 'M' 'U' 'U' 'M'
 'U' 'U' 'M' 'M' 'M' 'M' 'U' 'M' 'M' 'M' 'M' 'M' 'M' 'M' 'M' 'M' 'M' 'M'
 'M' 'M' 'U' 'M' 'M' 'M' 'M' 'M' 'M' 'U' 'M' 'M' 'U' 'M' 'M' 'U' 'U' 'M']"
397001,0,165,2,163,33,0,0,"['A' 'M' 'U' 'U' 'M' 'M' 'M' 'U' 'U' 'M' 'M' 'M' 'M' 'M' 'M' 'M' 'M' 'M'
 'M' 'M' 'M' 'M' 'M' 'U' 'M' 'M' 'M' 'M' 'M' 'M' 'M' 'M' 'M' 'U' 'M' 'M'
 'M' 'U' 'M' 'M' 'M' 'M' 'M' 'M' 'M' 'U' 'M' 'M' 'M' 'M' 'M' 'U' 'M' 'M'
 'M' 'M' 'U' 'M' 'M' 'M' 'M' 'U' 'M' 'M' 'M' 'U' 'M' 'M' 'M' 'M' 'M' 'M'
 'U' 'M' 'M' 'M' 'M' 'M' 'M' 'M' 'U' 'M' 'M' 'M' 'M' 'M' 'M' 'M' 'M' 'M'
 'U' 'M' 'M' 'U' 'M' 'U' 'M' 'M' 'M' 'M' 'A' 'M' 'M' 'M' 'M' 'M' 'M' 'M'
 'M' 'M' 'M' 'U' 'M' 'M' 'M' 'M' 'M' 'M' 'M' 'U' 'M' 'M' 'M' 'U' 'U' 'M'
 'U' 'M' 'M' 'M' 'M' 'M' 'M' 'M' 'M' 'U' 'M' 'M' 'U' 'M' 'U' 'M' 'M' 'M'
 'M' 'M' 'M' 'M' 'U' 'M' 'M' 'M' 'M' 'M' 'M' 'M' 'M' 'M' 'M' 'U' 'U' 'M'
 'U' 'M' 'M' 'M' 'M' 'M' 'M' 'M' 'M' 'M' 'M' 'M' 'M' 'M' 'M' 'M' 'M' 'M'
 'M' 'M' 'U' 'M' 'M' 'M' 'M' 'M' 'M' 'U' 'M' 'M' 'U' 'M' 'M' 'U' 'M' 'M']"
397101,0,163,3,160,35,0,0,"['A' 'M' 'U' 'U' 'M' 'M' 'M' 'U' 'U' 'M' 'M' 'M' 'M' 'M' 'M' 'M' 'M' 'M'
 'M' 'M' 'M' 'U' 'M' 'U' 'M' 'M' 'M' 'M' 'M' 'M' 'M' 'U' 'M' 'U' 'M' 'M'
 'M' 'U' 'M' 'U' 'M' 'M' 'U' 'M' 'M' 'U' 'M' 'M' 'M' 'M' 'M' 'M' 'M' 'M'
 'M' 'M' 'M' 'M' 'M' 'M' 'M' 'U' 'M' 'M' 'M' 'U' 'M' 'M' 'U' 'M' 'M' 'M'
 'M' 'M' 'M' 'M' 'M' 'M' 'M' 'M' 'U' 'U' 'M' 'M' 'M' 'M' 'M' 'U' 'M' 'M'
 'M' 'M' 'M' 'M' 'M' 'M' 'M' 'M' 'M' 'M' 'A' 'M' 'M' 'M' 'M' 'M' 'M' 'U'
 'M' 'M' 'M' 'U' 'U' 'M' 'M' 'M' 'M' 'M' 'M' 'U' 'M' 'U' 'M' 'U' 'U' 'M'
 'M' 'M' 'M' 'M' 'M' 'M' 'M' 'M' 'M' 'A' 'M' 'M' 'U' 'M' 'U' 'M' 'M' 'M'
 'M' 'M' 'M' 'M' 'M' 'M' 'U' 'M' 'M' 'M' 'M' 'M' 'M' 'M' 'M' 'U' 'U' 'M'
 'U' 'M' 'M' 'M' 'M' 'M' 'U' 'M' 'M' 'M' 'M' 'M' 'M' 'M' 'M' 'M' 'M' 'M'
 'M' 'M' 'M' 'M' 'M' 'M' 'M' 'M' 'M' 'U' 'M' 'M' 'U' 'M' 'M' 'U' 'M' 'M']"
397201,0,164,2,162,34,0,1,"['A' 'M' 'U' 'U' 'M' 'M' 'M' 'U' 'U' 'M' 'M' 'M' 'M' 'M' 'M' 'M' 'M' 'M'
 'U' 'M' 'M' 'U' 'M' 'U' 'M' 'M' 'M' 'M' 'M' 'M' 'M' 'M' 'M' 'U' 'M' 'M'
 'M' 'M' 'U' 'U' 'M' 'M' 'U' 'M' 'M' 'U' 'M' 'U' 'M' 'M' 'M' 'M' 'M' 'M'
 'M' 'M' 'M' 'M' 'M' 'M' 'M' 'U' 'M' 'M' 'M' 'M' 'M' 'U' 'U' 'M' 'M' 'M'
 'M' 'U' 'M' 'U' 'M' 'M' 'M' 'M' 'M' 'M' 'M' 'M' 'M' 'U' 'M' 'M' 'M' 'M'
 'M' 'M' 'M' 'M' 'M' 'M' 'M' 'M' 'M' 'M' 'U' 'M' 'M' 'M' 'M' 'M' 'M' 'M'
 'M' 'M' 'M' 'U' 'U' 'M' 'M' 'M' 'M' 'M' 'M' 'M' 'M' 'M' 'M' 'M' 'U' 'M'
 'M' 'M' 'M' 'M' 'M' 'M' 'M' 'M' 'M' 'A' 'M' 'M' 'U' 'U' 'M' 'M' 'M' 'M'
 'M' 'M' 'M' 'M' 'M' 'M' 'U' 'M' 'M' 'M' 'M' 'M' 'M' 'M' 'M' 'U' 'U' 'U'
 'U' 'M' 'M' 'M' 'M' 'M' 'M' 'M' 'M' 'U' 'M' 'M' 'M' 'M' 'M' 'M' 'M' 'M'
 'M' 'M' 'M' 'M' 'U' 'M' 'M' 'M' 'M' 'U' 'M' 'M' 'U' 'M' 'M' 'M' 'M' 'M']"
397301,0,167,2,165,31,0,1,"['A' 'M' 'U' 'U' 'M' 'M' 'M' 'U' 'M' 'M' 'M' 'M' 'M' 'M' 'M' 'M' 'M' 'M'
 'U' 'M' 'M' 'U' 'M' 'U' 'M' 'M' 'M' 'M' 'M' 'M' 'M' 'M' 'M' 'M' 'M' 'M'
 'M' 'M' 'U' 'U' 'M' 'M' 'U' 'M' 'M' 'U' 'M' 'M' 'M' 'M' 'U' 'M' 'M' 'M'
 'M' 'M' 'M' 'M' 'M' 'M' 'M' 'U' 'M' 'M' 'M' 'M' 'M' 'M' 'M' 'U' 'M' 'M'
 'M' 'U' 'M' 'U' 'M' 'M' 'M' 'M' 'M' 'M' 'M' 'M' 'M' 'M' 'M' 'M' 'M' 'U'
 'M' 'M' 'M' 'M' 'U' 'M' 'M' 'M' 'M' 'M' 'U' 'M' 'U' 'M' 'M' 'M' 'M' 'M'
 'M' 'M' 'M' 'M' 'M' 'M' 'M' 'M' 'M' 'M' 'U' 'M' 'M' 'M' 'M' 'M' 'U' 'M'
 'M' 'M' 'M' 'M' 'M' 'M' 'U' 'M' 'M' 'A' 'M' 'M' 'U' 'U' 'M' 'M' 'M' 'M'
 'M' 'M' 'M' 'M' 'M' 'M' 'M' 'M' 'M' 'M' 'M' 'M' 'M' 'M' 'M' 'U' 'U' 'U'
 'U' 'M' 'M' 'M' 'M' 'M' 'M' 'M' 'M' 'M' 'M' 'M' 'M' 'M' 'M' 'M' 'M' 'M'
 'M' 'M' 'M' 'U' 'U' 'M' 'M' 'M' 'M' 'M' 'M' 'M' 'M' 'M' 'M' 'U' 'M' 'M']"
397401,0,163,2,161,35,0,0,"['A' 'M' 'U' 'M' 'M' 'U' 'M' 'U' 'M' 'M' 'M' 'M' 'U' 'M' 'U' 'M' 'M' 'M'
 'U' 'M' 'M' 'U' 'M' 'U' 'M' 'M' 'M' 'M' 'M' 'M' 'M' 'M' 'M' 'M' 'U' 'M'
 'M' 'M' 'U' 'U' 'M' 'M' 'U' 'M' 'M' 'U' 'M' 'M' 'M' 'M' 'U' 'M' 'M' 'M'
 'M' 'M' 'M' 'M' 'M' 'M' 'M' 'U' 'M' 'M' 'M' 'M' 'M' 'M' 'M' 'M' 'M' 'M'
 'M' 'U' 'M' 'M' 'U' 'U' 'U' 'M' 'M' 'M' 'M' 'M' 'M' 'M' 'M' 'M' 'M' 'M'
 'M' 'M' 'M' 'M' 'U' 'M' 'M' 'M' 'M' 'M' 'U' 'M' 'U' 'M' 'M' 'M' 'M' 'M'
 'M' 'M' 'M' 'M' 'M' 'M' 'M' 'M' 'U' 'M' 'M' 'M' 'M' 'M' 'M' 'M' 'U' 'M'
 'U' 'M' 'M' 'M' 'M' 'M' 'U' 'M' 'M' 'A' 'M' 'M' 'U' 'U' 'M' 'U' 'M' 'M'
 'M' 'M' 'U' 'M' 'M' 'M' 'M' 'M' 'M' 'M' 'M' 'M' 'M' 'M' 'M' 'M' 'U' 'U'
 'U' 'M' 'M' 'M' 'M' 'M' 'M' 'M' 'M' 'M' 'M' 'M' 'M' 'M' 'M' 'M' 'M' 'M'
 'M' 'M' 'M' 'M' 'M' 'M' 'M' 'M' 'M' 'M' 'M' 'M' 'M' 'M' 'M' 'U' 'M' 'U']"
397501,0,168,3,165,30,0,0,"['A' 'M' 'M' 'M' 'M' 'M' 'M' 'U' 'M' 'M' 'M' 'M' 'U' 'M' 'U' 'M' 'M' 'M'
 'M' 'M' 'M' 'M' 'M' 'U' 'M' 'M' 'M' 'M' 'M' 'M' 'M' 'M' 'M' 'M' 'M' 'M'
 'M' 'M' 'U' 'U' 'M' 'M' 'U' 'M' 'M' 'M' 'M' 'M' 'M' 'M' 'U' 'M' 'M' 'M'
 'M' 'M' 'M' 'M' 'M' 'M' 'U' 'U' 'M' 'M' 'M' 'M' 'M' 'M' 'U' 'M' 'M' 'U'
 'M' 'M' 'M' 'M' 'M' 'M' 'M' 'M' 'M' 'M' 'M' 'U' 'M' 'M' 'M' 'U' 'M' 'M'
 'M' 'U' 'M' 'M' 'M' 'M' 'M' 'M' 'M' 'M' 'U' 'M' 'U' 'M' 'M' 'M' 'M' 'M'
 'M' 'M' 'M' 'M' 'M' 'M' 'M' 'M' 'U' 'M' 'M' 'M' 'M' 'M' 'M' 'M' 'U' 'M'
 'A' 'U' 'M' 'M' 'M' 'M' 'U' 'M' 'M' 'A' 'M' 'M' 'U' 'M' 'M' 'U' 'M' 'M'
 'M' 'M' 'U' 'M' 'M' 'M' 'M' 'M' 'M' 'M' 'M' 'M' 'M' 'M' 'M' 'M' 'U' 'M'
 'U' 'M' 'M' 'M' 'M' 'M' 'M' 'M' 'M' 'M' 'M' 'M' 'M' 'M' 'M' 'M' 'M' 'M'
 'M' 'M' 'M' 'U' 'M' 'M' 'M' 'M' 'M' 'M' 'M' 'M' 'M' 'M' 'U' 'U' 'M' 'U']"
397601,0,167,3,164,31,0,0,"['A' 'M' 'M' 'M' 'M' 'M' 'M' 'U' 'M' 'M' 'M' 'M' 'M' 'M' 'U' 'M' 'M' 'M'
 'M' 'M' 'M' 'M' 'M' 'U' 'M' 'M' 'M' 'M' 'M' 'M' 'M' 'M' 'M' 'M' 'M' 'M'
 'M' 'M' 'U' 'U' 'M' 'M' 'M' 'M' 'M' 'M' 'M' 'M' 'M' 'M' 'U' 'U' 'M' 'M'
 'M' 'M' 'M' 'M' 'M' 'M' 'U' 'U' 'M' 'M' 'M' 'M' 'M' 'M' 'U' 'M' 'U' 'M'
 'M' 'M' 'M' 'M' 'M' 'M' 'M' 'M' 'M' 'M' 'M' 'M' 'M' 'M' 'M' 'M' 'M' 'M'
 'U' 'M' 'U' 'M' 'U' 'M' 'M' 'M' 'M' 'M' 'M' 'M' 'U' 'M' 'M' 'M' 'M' 'U'
 'M' 'M' 'M' 'M' 'M' 'M' 'M' 'M' 'U' 'M' 'M' 'M' 'M' 'M' 'U' 'M' 'U' 'M'
 'A' 'U' 'M' 'M' 'M' 'M' 'M' 'M' 'M' 'A' 'M' 'U' 'M' 'M' 'M' 'U' 'M' 'M'
 'M' 'M' 'U' 'M' 'M' 'M' 'M' 'U' 'M' 'M' 'M' 'M' 'M' 'M' 'M' 'M' 'U' 'M'
 'U' 'M' 'M' 'M' 'M' 'M' 'M' 'M' 'M' 'M' 'M' 'M' 'M' 'M' 'M' 'M' 'M' 'M'
 'M' 'M' 'M' 'U' 'M' 'M' 'M' 'M' 'M' 'M' 'U' 'M' 'M' 'M' 'U' 'U' 'M' 'U']"
397701,0,168,3,165,30,0,0,"['A' 'M' 'M' 'M' 'M' 'M' 'M' 'U' 'M' 'M' 'M' 'M' 'U' 'M' 'M' 'M' 'M' 'M'
 'M' 'M' 'M' 'M' 'M' 'U' 'M' 'M' 'M' 'M' 'M' 'M' 'M' 'M' 'M' 'M' 'M' 'M'
 'M' 'M' 'U' 'M' 'M' 'M' 'M' 'M' 'M' 'M' 'M' 'M' 'M' 'M' 'U' 'U' 'M' 'M'
 'M' 'M' 'M' 'M' 'M' 'M' 'U' 'U' 'M' 'M' 'M' 'M' 'M' 'M' 'M' 'M' 'M' 'M'
 'M' 'U' 'M' 'U' 'M' 'M' 'M' 'M' 'M' 'M' 'M' 'M' 'M' 'M' 'U' 'M' 'M' 'M'
 'M' 'M' 'U' 'M' 'U' 'M' 'M' 'M' 'M' 'M' 'M' 'M' 'U' 'M' 'M' 'U' 'M' 'M'
 'M' 'M' 'M' 'M' 'M' 'M' 'M' 'M' 'M' 'M' 'M' 'M' 'M' 'M' 'U' 'M' 'U' 'M'
 'U' 'U' 'M' 'M' 'M' 'M' 'M' 'M' 'M' 'A' 'M' 'U' 'M' 'M' 'M' 'U' 'U' 'M'
 'M' 'M' 'U' 'M' 'M' 'M' 'M' 'U' 'M' 'M' 'M' 'M' 'M' 'M' 'M' 'M' 'U' 'M'
 'U' 'M' 'U' 'M' 'M' 'M' 'M' 'M' 'M' 'M' 'M' 'M' 'M' 'M' 'M' 'M' 'M' 'M'
 'M' 'M' 'M' 'U' 'U' 'M' 'M' 'M' 'M' 'M' 'M' 'M' 'M' 'M' 'A' 'U' 'M' 'M']"
397801,0,165,2,163,33,0,1,"['A' 'M' 'M' 'M' 'M' 'M' 'M' 'U' 'M' 'M' 'M' 'M' 'U' 'M' 'M' 'M' 'M' 'M'
 'M' 'M' 'M' 'M' 'M' 'M' 'M' 'M' 'M' 'U' 'M' 'M' 'M' 'M' 'M' 'M' 'M' 'M'
 'M' 'M' 'U' 'M' 'M' 'M' 'M' 'M' 'M' 'M' 'M' 'M' 'M' 'M' 'U' 'U' 'M' 'M'
 'M' 'M' 'M' 'M' 'M' 'M' 'U' 'U' 'M' 'M' 'M' 'M' 'M' 'M' 'M' 'M' 'M' 'U'
 'M' 'M' 'M' 'M' 'M' 'M' 'M' 'U' 'M' 'M' 'M' 'U' 'M' 'M' 'M' 'U' 'M' 'M'
 'M' 'M' 'U' 'M' 'M' 'M' 'M' 'M' 'M' 'U' 'M' 'M' 'U' 'M' 'M' 'U' 'M' 'M'
 'M' 'M' 'M' 'M' 'M' 'M' 'M' 'M' 'M' 'M' 'M' 'M' 'M' 'M' 'U' 'M' 'U' 'M'
 'U' 'M' 'M' 'M' 'M' 'M' 'M' 'M' 'M' 'U' 'M' 'U' 'M' 'M' 'M' 'U' 'U' 'M'
 'M' 'M' 'M' 'M' 'M' 'M' 'M' 'U' 'M' 'M' 'M' 'M' 'M' 'M' 'M' 'M' 'U' 'M'
 'U' 'M' 'M' 'M' 'M' 'M' 'M' 'U' 'M' 'M' 'M' 'M' 'U' 'M' 'M' 'M' 'M' 'M'
 'M' 'M' 'M' 'U' 'M' 'M' 'M' 'M' 'U' 'M' 'M' 'U' 'U' 'M' 'A' 'U' 'M' 'M']"
397901,0,159,2,157,39,0,0,"['A' 'M' 'M' 'M' 'M' 'U' 'U' 'U' 'M' 'U' 'M' 'M' 'U' 'M' 'M' 'M' 'M' 'M'
 'M' 'M' 'M' 'M' 'M' 'M' 'M' 'M' 'M' 'U' 'U' 'M' 'M' 'M' 'M' 'M' 'M' 'M'
 'M' 'M' 'M' 'M' 'M' 'M' 'M' 'M' 'M' 'U' 'M' 'M' 'M' 'M' 'U' 'M' 'M' 'M'
 'M' 'M' 'M' 'M' 'M' 'M' 'U' 'U' 'M' 'M' 'M' 'M' 'M' 'M' 'M' 'M' 'M' 'M'
 'M' 'U' 'U' 'M' 'M' 'U' 'M' 'M' 'M' 'M' 'M' 'U' 'M' 'M' 'M' 'M' 'M' 'M'
 'M' 'U' 'M' 'M' 'M' 'M' 'M' 'M' 'M' 'M' 'M' 'M' 'M' 'M' 'U' 'U' 'M' 'M'
 'M' 'M' 'M' 'M' 'M' 'M' 'M' 'M' 'M' 'U' 'M' 'M' 'M' 'M' 'U' 'M' 'U' 'M'
 'A' 'M' 'M' 'M' 'M' 'M' 'M' 'M' 'M' 'U' 'M' 'U' 'M' 'M' 'M' 'U' 'U' 'M'
 'M' 'M' 'M' 'M' 'U' 'M' 'U' 'U' 'U' 'M' 'M' 'M' 'M' 'M' 'U' 'M' 'U' 'M'
 'M' 'M' 'M' 'M' 'M' 'M' 'M' 'U' 'M' 'M' 'M' 'M' 'U' 'M' 'M' 'M' 'M' 'M'
 'M' 'M' 'M' 'U' 'M' 'M' 'M' 'M' 'M' 'M' 'U' 'U' 'U' 'M' 'U' 'U' 'M' 'M']"
398001,0,157,1,156,41,0,0,"['A' 'M' 'M' 'M' 'M' 'U' 'U' 'U' 'M' 'M' 'M' 'M' 'U' 'M' 'M' 'U' 'M' 'M'
 'M' 'M' 'M' 'M' 'M' 'M' 'M' 'M' 'U' 'U' 'U' 'M' 'M' 'M' 'M' 'M' 'M' 'M'
 'M' 'M' 'M' 'M' 'M' 'M' 'M' 'M' 'M' 'U' 'M' 'M' 'M' 'M' 'U' 'M' 'M' 'M'
 'M' 'M' 'M' 'U' 'M' 'M' 'U' 'U' 'M' 'M' 'M' 'U' 'M' 'M' 'M' 'M' 'M' 'M'
 'U' 'M' 'M' 'M' 'M' 'M' 'M' 'M' 'M' 'M' 'M' 'M' 'M' 'M' 'M' 'M' 'M' 'M'
 'M' 'M' 'U' 'U' 'U' 'M' 'M' 'M' 'M' 'U' 'M' 'M' 'M' 'M' 'U' 'U' 'M' 'M'
 'M' 'M' 'M' 'M' 'M' 'M' 'M' 'M' 'M' 'U' 'M' 'U' 'M' 'M' 'M' 'M' 'U' 'M'
 'U' 'M' 'M' 'M' 'M' 'M' 'M' 'M' 'M' 'M' 'M' 'U' 'M' 'M' 'M' 'U' 'M' 'M'
 'M' 'M' 'M' 'M' 'U' 'M' 'U' 'U' 'U' 'M' 'M' 'M' 'M' 'M' 'U' 'M' 'U' 'M'
 'M' 'M' 'M' 'M' 'M' 'M' 'M' 'U' 'M' 'M' 'M' 'M' 'U' 'M' 'M' 'M' 'M' 'M'
 'M' 'M' 'M' 'U' 'M' 'M' 'M' 'M' 'M' 'M' 'U' 'U' 'U' 'M' 'U' 'U' 'M' 'M']"
398101,0,161,2,159,37,0,0,"['A' 'M' 'M' 'M' 'M' 'U' 'U' 'U' 'M' 'M' 'M' 'M' 'M' 'M' 'U' 'U' 'M' 'M'
 'M' 'M' 'M' 'M' 'M' 'M' 'M' 'M' 'M' 'M' 'U' 'M' 'M' 'M' 'M' 'M' 'M' 'M'
 'M' 'M' 'U' 'M' 'M' 'M' 'M' 'M' 'M' 'U' 'U' 'M' 'M' 'M' 'U' 'M' 'M' 'M'
 'M' 'U' 'M' 'U' 'M' 'M' 'M' 'U' 'U' 'M' 'M' 'M' 'M' 'M' 'M' 'M' 'M' 'U'
 'M' 'M' 'M' 'U' 'M' 'M' 'M' 'M' 'M' 'M' 'M' 'M' 'U' 'U' 'U' 'M' 'M' 'M'
 'M' 'M' 'M' 'M' 'M' 'M' 'M' 'M' 'M' 'U' 'M' 'M' 'M' 'M' 'U' 'U' 'M' 'M'
 'M' 'M' 'M' 'M' 'M' 'M' 'M' 'M' 'M' 'U' 'M' 'U' 'M' 'M' 'M' 'M' 'M' 'M'
 'M' 'M' 'M' 'M' 'M' 'M' 'M' 'M' 'M' 'M' 'M' 'U' 'M' 'M' 'M' 'U' 'M' 'M'
 'M' 'M' 'M' 'M' 'U' 'M' 'M' 'U' 'M' 'M' 'M' 'M' 'M' 'M' 'U' 'M' 'U' 'M'
 'M' 'M' 'M' 'M' 'M' 'M' 'U' 'M' 'M' 'M' 'M' 'M' 'U' 'M' 'M' 'M' 'M' 'M'
 'U' 'M' 'M' 'U' 'M' 'M' 'M' 'M' 'M' 'M' 'U' 'U' 'A' 'M' 'M' 'U' 'M' 'M']"
398201,0,164,2,162,34,0,0,"['A' 'M' 'M' 'M' 'M' 'M' 'U' 'U' 'M' 'M' 'M' 'M' 'M' 'U' 'U' 'U' 'M' 'M'
 'M' 'M' 'M' 'M' 'M' 'U' 'M' 'M' 'M' 'M' 'U' 'M' 'M' 'M' 'M' 'M' 'M' 'M'
 'M' 'M' 'U' 'M' 'M' 'M' 'M' 'M' 'M' 'U' 'U' 'M' 'M' 'M' 'U' 'M' 'M' 'M'
 'M' 'U' 'M' 'M' 'M' 'M' 'M' 'U' 'M' 'M' 'M' 'M' 'M' 'M' 'M' 'M' 'M' 'M'
 'M' 'M' 'M' 'U' 'U' 'M' 'M' 'M' 'M' 'M' 'U' 'M' 'M' 'M' 'U' 'M' 'M' 'U'
 'M' 'M' 'M' 'M' 'M' 'M' 'M' 'M' 'M' 'M' 'M' 'M' 'M' 'M' 'U' 'M' 'M' 'M'
 'M' 'M' 'M' 'M' 'M' 'M' 'M' 'M' 'M' 'U' 'M' 'U' 'M' 'M' 'M' 'M' 'M' 'M'
 'M' 'M' 'M' 'M' 'M' 'M' 'M' 'M' 'M' 'M' 'M' 'U' 'M' 'M' 'M' 'U' 'M' 'M'
 'M' 'M' 'M' 'M' 'U' 'M' 'M' 'U' 'M' 'M' 'M' 'M' 'M' 'M' 'U' 'M' 'U' 'M'
 'M' 'M' 'M' 'M' 'M' 'M' 'U' 'M' 'M' 'M' 'M' 'M' 'U' 'M' 'M' 'M' 'M' 'M'
 'U' 'M' 'M' 'U' 'M' 'M' 'M' 'M' 'M' 'M' 'U' 'U' 'A' 'M' 'M' 'U' 'M' 'M']"
398301,0,171,3,168,27,0,1,"['A' 'M' 'M' 'M' 'M' 'M' 'U' 'M' 'M' 'M' 'M' 'M' 'M' 'U' 'M' 'U' 'U' 'M'
 'M' 'M' 'M' 'M' 'M' 'A' 'M' 'M' 'M' 'M' 'U' 'M' 'M' 'M' 'M' 'M' 'M' 'M'
 'M' 'M' 'U' 'M' 'M' 'M' 'M' 'M' 'M' 'M' 'U' 'M' 'M' 'M' 'M' 'M' 'M' 'M'
 'M' 'U' 'M' 'M' 'M' 'M' 'M' 'U' 'M' 'M' 'M' 'M' 'U' 'M' 'M' 'M' 'M' 'U'
 'M' 'M' 'M' 'M' 'M' 'M' 'U' 'M' 'M' 'U' 'U' 'M' 'M' 'M' 'M' 'M' 'M' 'M'
 'M' 'M' 'M' 'M' 'M' 'M' 'M' 'M' 'M' 'M' 'M' 'M' 'M' 'M' 'M' 'M' 'M' 'M'
 'M' 'M' 'M' 'M' 'M' 'M' 'M' 'M' 'M' 'M' 'M' 'M' 'M' 'M' 'M' 'M' 'M' 'M'
 'M' 'M' 'M' 'M' 'M' 'M' 'M' 'M' 'M' 'M' 'M' 'U' 'M' 'M' 'M' 'U' 'M' 'M'
 'M' 'M' 'M' 'M' 'U' 'M' 'M' 'U' 'M' 'M' 'M' 'M' 'M' 'M' 'U' 'M' 'U' 'M'
 'M' 'M' 'M' 'M' 'M' 'M' 'U' 'M' 'U' 'M' 'M' 'M' 'M' 'U' 'M' 'M' 'M' 'M'
 'U' 'M' 'M' 'M' 'M' 'M' 'M' 'M' 'M' 'M' 'U' 'U' 'A' 'M' 'M' 'U' 'M' 'M']"
398401,0,171,4,167,27,0,0,"['A' 'M' 'M' 'M' 'M' 'M' 'U' 'M' 'M' 'M' 'M' 'M' 'M' 'U' 'M' 'U' 'U' 'M'
 'U' 'M' 'M' 'M' 'M' 'A' 'M' 'M' 'M' 'M' 'U' 'M' 'M' 'M' 'M' 'M' 'M' 'M'
 'M' 'M' 'A' 'M' 'M' 'M' 'M' 'M' 'M' 'U' 'U' 'M' 'M' 'M' 'M' 'M' 'M' 'M'
 'M' 'U' 'U' 'M' 'M' 'M' 'M' 'U' 'M' 'M' 'M' 'M' 'M' 'M' 'M' 'M' 'M' 'M'
 'M' 'U' 'M' 'M' 'U' 'M' 'M' 'U' 'M' 'M' 'M' 'M' 'U' 'M' 'U' 'M' 'M' 'M'
 'M' 'M' 'M' 'M' 'M' 'M' 'M' 'M' 'U' 'M' 'M' 'M' 'M' 'M' 'U' 'M' 'M' 'M'
 'M' 'M' 'M' 'M' 'M' 'M' 'M' 'M' 'M' 'M' 'M' 'U' 'M' 'M' 'M' 'M' 'M' 'M'
 'M' 'M' 'M' 'M' 'M' 'M' 'M' 'M' 'M' 'M' 'M' 'M' 'M' 'M' 'M' 'U' 'M' 'M'
 'M' 'M' 'M' 'M' 'U' 'M' 'M' 'U' 'M' 'M' 'M' 'M' 'M' 'M' 'M' 'M' 'M' 'M'
 'M' 'M' 'M' 'M' 'M' 'M' 'M' 'M' 'U' 'M' 'M' 'M' 'M' 'M' 'M' 'M' 'M' 'M'
 'U' 'M' 'M' 'M' 'M' 'M' 'M' 'M' 'M' 'M' 'U' 'U' 'A' 'M' 'M' 'U' 'M' 'M']"
398501,0,165,2,163,33,0,0,"['A' 'M' 'M' 'M' 'M' 'M' 'U' 'M' 'M' 'M' 'M' 'U' 'M' 'U' 'M' 'M' 'U' 'M'
 'M' 'M' 'M' 'M' 'M' 'U' 'M' 'M' 'M' 'U' 'U' 'M' 'M' 'M' 'M' 'M' 'U' 'M'
 'M' 'M' 'A' 'M' 'M' 'U' 'M' 'M' 'M' 'U' 'U' 'M' 'M' 'M' 'M' 'M' 'M' 'M'
 'M' 'U' 'U' 'M' 'M' 'M' 'M' 'U' 'M' 'M' 'M' 'M' 'M' 'M' 'M' 'M' 'M' 'M'
 'M' 'M' 'M' 'M' 'U' 'M' 'M' 'U' 'U' 'M' 'M' 'M' 'M' 'M' 'M' 'M' 'M' 'M'
 'U' 'M' 'M' 'M' 'U' 'M' 'M' 'M' 'U' 'M' 'M' 'U' 'M' 'M' 'U' 'M' 'M' 'M'
 'M' 'M' 'M' 'M' 'M' 'M' 'M' 'M' 'M' 'M' 'M' 'U' 'M' 'M' 'M' 'M' 'M' 'M'
 'M' 'M' 'M' 'M' 'M' 'M' 'M' 'M' 'M' 'M' 'M' 'M' 'U' 'M' 'M' 'U' 'M' 'M'
 'M' 'M' 'M' 'M' 'U' 'M' 'M' 'M' 'M' 'M' 'M' 'M' 'M' 'M' 'M' 'U' 'M' 'M'
 'M' 'M' 'M' 'M' 'M' 'M' 'M' 'M' 'U' 'M' 'M' 'M' 'M' 'M' 'M' 'M' 'M' 'M'
 'M' 'M' 'M' 'M' 'M' 'M' 'U' 'M' 'M' 'U' 'U' 'U' 'U' 'M' 'M' 'M' 'M' 'M']"
398601,0,161,2,159,37,0,0,"['A' 'U' 'M' 'M' 'M' 'M' 'U' 'M' 'M' 'M' 'M' 'M' 'M' 'U' 'M' 'M' 'U' 'M'
 'M' 'M' 'M' 'M' 'M' 'U' 'M' 'M' 'M' 'U' 'U' 'M' 'M' 'M' 'U' 'M' 'A' 'M'
 'M' 'M' 'U' 'M' 'M' 'U' 'M' 'M' 'M' 'U' 'U' 'M' 'M' 'M' 'M' 'M' 'M' 'M'
 'M' 'U' 'U' 'M' 'M' 'M' 'U' 'U' 'M' 'M' 'M' 'M' 'M' 'U' 'U' 'M' 'M' 'M'
 'M' 'M' 'U' 'M' 'M' 'U' 'M' 'M' 'M' 'U' 'M' 'M' 'M' 'M' 'M' 'M' 'M' 'M'
 'M' 'M' 'M' 'M' 'M' 'M' 'M' 'M' 'U' 'M' 'M' 'U' 'M' 'M' 'U' 'M' 'M' 'M'
 'M' 'M' 'U' 'M' 'M' 'M' 'M' 'M' 'M' 'M' 'M' 'U' 'M' 'M' 'M' 'M' 'M' 'M'
 'M' 'M' 'M' 'M' 'M' 'M' 'U' 'M' 'M' 'M' 'M' 'M' 'U' 'M' 'U' 'M' 'M' 'M'
 'M' 'M' 'M' 'M' 'U' 'M' 'M' 'M' 'M' 'M' 'U' 'M' 'M' 'M' 'M' 'U' 'M' 'M'
 'M' 'M' 'M' 'M' 'M' 'U' 'M' 'M' 'M' 'M' 'M' 'M' 'M' 'M' 'M' 'U' 'M' 'M'
 'M' 'M' 'M' 'M' 'M' 'M' 'M' 'M' 'M' 'U' 'U' 'M' 'U' 'M' 'M' 'M' 'M' 'M']"
398701,0,162,2,160,36,0,0,"['A' 'U' 'M' 'M' 'M' 'M' 'M' 'M' 'M' 'M' 'M' 'M' 'M' 'M' 'M' 'M' 'U' 'M'
 'M' 'M' 'M' 'M' 'M' 'M' 'M' 'M' 'M' 'U' 'U' 'M' 'M' 'M' 'M' 'M' 'A' 'M'
 'M' 'M' 'U' 'M' 'M' 'M' 'M' 'M' 'M' 'U' 'M' 'M' 'M' 'M' 'M' 'M' 'M' 'M'
 'M' 'M' 'U' 'M' 'M' 'M' 'U' 'M' 'M' 'U' 'M' 'M' 'M' 'M' 'M' 'M' 'M' 'M'
 'M' 'M' 'U' 'M' 'M' 'M' 'M' 'M' 'U' 'U' 'M' 'M' 'M' 'M' 'U' 'M' 'U' 'M'
 'M' 'M' 'M' 'M' 'M' 'M' 'M' 'M' 'U' 'M' 'M' 'U' 'M' 'M' 'U' 'M' 'M' 'M'
 'M' 'M' 'U' 'M' 'M' 'M' 'M' 'M' 'M' 'M' 'M' 'U' 'M' 'M' 'M' 'M' 'M' 'M'
 'M' 'M' 'M' 'M' 'M' 'M' 'U' 'U' 'U' 'U' 'U' 'U' 'U' 'M' 'U' 'M' 'M' 'M'
 'M' 'M' 'M' 'M' 'U' 'M' 'M' 'M' 'M' 'M' 'U' 'M' 'M' 'M' 'M' 'U' 'U' 'M'
 'M' 'M' 'M' 'M' 'M' 'U' 'M' 'M' 'M' 'M' 'M' 'M' 'M' 'M' 'M' 'U' 'M' 'M'
 'M' 'M' 'M' 'M' 'M' 'M' 'M' 'M' 'M' 'U' 'U' 'M' 'U' 'M' 'M' 'M' 'M' 'M']"
398801,0,162,1,161,36,1,0,"['A' 'U' 'M' 'M' 'M' 'M' 'M' 'M' 'U' 'M' 'M' 'M' 'M' 'M' 'M' 'U' 'U' 'M'
 'M' 'M' 'M' 'M' 'M' 'M' 'M' 'M' 'M' 'M' 'U' 'M' 'M' 'M' 'M' 'U' 'U' 'M'
 'M' 'M' 'U' 'M' 'M' 'M' 'M' 'M' 'M' 'M' 'M' 'M' 'M' 'M' 'M' 'M' 'M' 'M'
 'M' 'M' 'U' 'M' 'M' 'M' 'U' 'M' 'M' 'U' 'M' 'M' 'M' 'U' 'M' 'M' 'M' 'M'
 'U' 'M' 'M' 'M' 'U' 'U' 'M' 'U' 'M' 'M' 'M' 'M' 'M' 'M' 'M' 'M' 'M' 'M'
 'M' 'M' 'M' 'M' 'M' 'M' 'M' 'M' 'M' 'M' 'M' 'M' 'M' 'M' 'M' 'M' 'M' 'U'
 'M' 'M' 'M' 'U' 'M' 'U' 'M' 'M' 'M' 'M' 'U' 'U' 'M' 'M' 'M' 'M' 'M' 'M'
 'M' 'M' 'M' 'M' 'U' 'M' 'U' 'U' 'U' 'U' 'U' 'U' 'M' 'M' 'U' 'M' 'M' 'M'
 'M' 'M' 'M' 'M' 'M' 'M' 'M' 'M' 'M' 'M' 'U' 'M' 'U' 'M' 'M' 'M' 'M' 'M'
 'M' 'M' 'M' 'M' 'M' 'U' 'M' 'M' 'M' 'M' 'M' 'M' 'M' 'M' 'M' 'M' 'M' 'M'
 'M' 'M' 'M' 'M' 'M' 'M' 'M' 'M' 'M' 'M' 'U' 'M' 'U' 'U' 'M' 'U' 'M' 'M']"
398901,0,160,3,157,38,0,0,"['A' 'U' 'M' 'M' 'M' 'M' 'U' 'M' 'U' 'M' 'M' 'M' 'M' 'M' 'M' 'M' 'U' 'M'
 'M' 'M' 'M' 'M' 'U' 'M' 'M' 'M' 'M' 'M' 'U' 'M' 'M' 'M' 'M' 'U' 'U' 'U'
 'M' 'M' 'U' 'M' 'M' 'U' 'M' 'M' 'U' 'U' 'M' 'M' 'M' 'M' 'M' 'M' 'M' 'M'
 'U' 'M' 'U' 'M' 'M' 'M' 'A' 'M' 'M' 'M' 'M' 'M' 'M' 'M' 'M' 'M' 'M' 'M'
 'M' 'M' 'M' 'U' 'M' 'M' 'M' 'M' 'M' 'M' 'M' 'U' 'M' 'M' 'M' 'U' 'M' 'U'
 'U' 'M' 'M' 'M' 'M' 'M' 'M' 'M' 'M' 'M' 'M' 'M' 'M' 'M' 'M' 'M' 'M' 'M'
 'M' 'M' 'M' 'U' 'M' 'U' 'M' 'M' 'M' 'M' 'U' 'U' 'M' 'M' 'M' 'M' 'M' 'M'
 'M' 'M' 'M' 'M' 'U' 'M' 'U' 'U' 'U' 'U' 'M' 'U' 'M' 'M' 'U' 'M' 'M' 'M'
 'U' 'M' 'M' 'M' 'M' 'M' 'M' 'M' 'M' 'M' 'M' 'M' 'U' 'M' 'M' 'M' 'M' 'M'
 'M' 'M' 'M' 'M' 'M' 'U' 'M' 'M' 'M' 'M' 'U' 'M' 'M' 'M' 'M' 'M' 'A' 'M'
 'M' 'M' 'M' 'M' 'M' 'M' 'M' 'M' 'M' 'M' 'U' 'M' 'U' 'U' 'M' 'M' 'M' 'M']"
399001,0,164,2,162,34,0,0,"['A' 'U' 'M' 'M' 'M' 'M' 'U' 'M' 'U' 'M' 'M' 'M' 'M' 'M' 'M' 'M' 'U' 'M'
 'M' 'M' 'M' 'M' 'U' 'M' 'M' 'M' 'U' 'M' 'U' 'M' 'M' 'M' 'M' 'U' 'U' 'U'
 'M' 'M' 'U' 'M' 'M' 'M' 'M' 'M' 'M' 'M' 'M' 'M' 'M' 'M' 'M' 'M' 'M' 'M'
 'U' 'M' 'U' 'M' 'M' 'M' 'A' 'M' 'M' 'M' 'M' 'M' 'U' 'M' 'M' 'M' 'M' 'M'
 'M' 'M' 'M' 'M' 'M' 'M' 'M' 'M' 'M' 'M' 'M' 'U' 'M' 'M' 'U' 'U' 'U' 'M'
 'M' 'M' 'M' 'M' 'M' 'M' 'M' 'M' 'M' 'M' 'M' 'M' 'M' 'M' 'M' 'M' 'M' 'M'
 'M' 'M' 'M' 'M' 'M' 'M' 'M' 'M' 'M' 'M' 'U' 'U' 'M' 'M' 'M' 'M' 'M' 'M'
 'M' 'M' 'M' 'M' 'U' 'M' 'M' 'U' 'M' 'U' 'M' 'U' 'M' 'M' 'M' 'M' 'M' 'M'
 'U' 'M' 'M' 'M' 'M' 'M' 'U' 'M' 'M' 'M' 'M' 'M' 'M' 'M' 'M' 'M' 'M' 'M'
 'M' 'M' 'M' 'M' 'M' 'U' 'M' 'M' 'M' 'M' 'U' 'M' 'M' 'M' 'U' 'M' 'U' 'M'
 'M' 'M' 'M' 'M' 'M' 'M' 'M' 'M' 'M' 'M' 'U' 'U' 'U' 'U' 'M' 'M' 'M' 'M']"
399101,0,168,2,166,30,0,0,"['A' 'U' 'U' 'M' 'M' 'M' 'U' 'M' 'U' 'M' 'M' 'M' 'M' 'M' 'M' 'M' 'U' 'M'
 'M' 'M' 'M' 'M' 'U' 'M' 'M' 'M' 'U' 'M' 'M' 'M' 'M' 'M' 'M' 'U' 'U' 'M'
 'M' 'M' 'U' 'M' 'M' 'M' 'M' 'M' 'M' 'M' 'M' 'M' 'M' 'M' 'M' 'M' 'M' 'M'
 'U' 'M' 'M' 'M' 'M' 'M' 'A' 'M' 'M' 'M' 'M' 'M' 'M' 'M' 'M' 'M' 'M' 'U'
 'M' 'M' 'U' 'M' 'M' 'M' 'M' 'M' 'M' 'U' 'M' 'M' 'M' 'M' 'M' 'M' 'U' 'U'
 'M' 'M' 'M' 'M' 'M' 'M' 'M' 'M' 'M' 'M' 'U' 'M' 'M' 'M' 'M' 'M' 'M' 'M'
 'M' 'M' 'M' 'M' 'M' 'M' 'M' 'M' 'M' 'M' 'U' 'U' 'M' 'M' 'M' 'M' 'M' 'M'
 'M' 'M' 'M' 'M' 'U' 'M' 'M' 'U' 'M' 'U' 'M' 'M' 'M' 'U' 'M' 'M' 'M' 'M'
 'M' 'M' 'M' 'M' 'M' 'M' 'M' 'U' 'M' 'M' 'M' 'M' 'M' 'M' 'M' 'M' 'M' 'M'
 'M' 'M' 'M' 'M' 'M' 'U' 'M' 'M' 'M' 'M' 'M' 'M' 'M' 'M' 'U' 'M' 'U' 'M'
 'M' 'M' 'M' 'M' 'M' 'M' 'M' 'M' 'M' 'M' 'U' 'U' 'U' 'M' 'M' 'M' 'M' 'M']"
399201,0,167,1,166,31,0,0,"['A' 'U' 'U' 'M' 'M' 'M' 'U' 'M' 'U' 'M' 'M' 'M' 'M' 'U' 'M' 'M' 'U' 'M'
 'M' 'M' 'M' 'M' 'U' 'M' 'M' 'M' 'U' 'M' 'M' 'M' 'M' 'M' 'M' 'U' 'M' 'M'
 'M' 'U' 'U' 'M' 'M' 'M' 'M' 'M' 'M' 'M' 'M' 'M' 'M' 'M' 'M' 'M' 'M' 'M'
 'U' 'M' 'M' 'M' 'M' 'M' 'U' 'M' 'M' 'M' 'M' 'M' 'M' 'M' 'M' 'M' 'M' 'M'
 'M' 'M' 'M' 'M' 'M' 'M' 'U' 'M' 'M' 'M' 'M' 'M' 'M' 'M' 'U' 'M' 'U' 'M'
 'M' 'U' 'U' 'M' 'M' 'M' 'M' 'M' 'M' 'M' 'M' 'M' 'M' 'M' 'M' 'M' 'M' 'M'
 'M' 'M' 'M' 'M' 'M' 'M' 'M' 'M' 'M' 'M' 'U' 'U' 'M' 'M' 'M' 'U' 'M' 'M'
 'M' 'M' 'M' 'M' 'U' 'M' 'M' 'U' 'M' 'U' 'M' 'M' 'M' 'U' 'M' 'M' 'M' 'M'
 'M' 'M' 'M' 'M' 'M' 'M' 'M' 'U' 'M' 'M' 'M' 'U' 'M' 'M' 'M' 'M' 'M' 'M'
 'M' 'M' 'M' 'M' 'M' 'M' 'U' 'M' 'M' 'M' 'M' 'M' 'M' 'M' 'M' 'M' 'M' 'M'
 'M' 'M' 'M' 'M' 'M' 'M' 'M' 'M' 'M' 'M' 'U' 'U' 'U' 'M' 'M' 'M' 'M' 'M']"
399301,0,168,2,166,30,0,0,"['A' 'U' 'U' 'M' 'M' 'M' 'U' 'M' 'A' 'M' 'M' 'M' 'M' 'U' 'M' 'M' 'U' 'M'
 'M' 'M' 'M' 'M' 'M' 'M' 'M' 'M' 'U' 'M' 'M' 'M' 'M' 'M' 'M' 'U' 'M' 'M'
 'M' 'U' 'U' 'M' 'M' 'M' 'M' 'M' 'M' 'M' 'M' 'M' 'M' 'M' 'M' 'M' 'M' 'M'
 'M' 'M' 'M' 'M' 'M' 'M' 'M' 'M' 'M' 'M' 'M' 'M' 'U' 'M' 'M' 'M' 'M' 'M'
 'M' 'M' 'M' 'M' 'M' 'M' 'M' 'M' 'M' 'M' 'M' 'M' 'M' 'M' 'U' 'U' 'M' 'U'
 'M' 'M' 'M' 'M' 'U' 'M' 'M' 'M' 'U' 'M' 'M' 'U' 'M' 'U' 'M' 'M' 'M' 'M'
 'M' 'U' 'M' 'M' 'M' 'M' 'M' 'M' 'M' 'M' 'U' 'M' 'M' 'M' 'M' 'M' 'U' 'M'
 'M' 'M' 'M' 'M' 'U' 'M' 'M' 'U' 'M' 'U' 'M' 'M' 'M' 'U' 'M' 'M' 'M' 'M'
 'M' 'M' 'M' 'M' 'M' 'M' 'M' 'U' 'M' 'M' 'M' 'U' 'M' 'M' 'M' 'M' 'M' 'M'
 'M' 'M' 'M' 'M' 'M' 'M' 'M' 'M' 'M' 'M' 'M' 'M' 'M' 'M' 'M' 'M' 'M' 'M'
 'M' 'M' 'M' 'M' 'M' 'M' 'M' 'M' 'U' 'M' 'U' 'U' 'U' 'M' 'M' 'M' 'M' 'M']"
399401,0,167,3,164,31,0,0,"['A' 'M' 'U' 'M' 'M' 'M' 'M' 'M' 'A' 'M' 'M' 'M' 'M' 'U' 'M' 'M' 'U' 'M'
 'M' 'M' 'M' 'M' 'M' 'M' 'M' 'U' 'U' 'M' 'M' 'U' 'M' 'M' 'M' 'M' 'M' 'M'
 'M' 'U' 'M' 'M' 'M' 'M' 'M' 'M' 'M' 'M' 'M' 'U' 'M' 'M' 'M' 'M' 'M' 'M'
 'M' 'M' 'M' 'M' 'M' 'M' 'M' 'M' 'M' 'M' 'M' 'M' 'M' 'M' 'M' 'M' 'M' 'M'
 'M' 'M' 'M' 'M' 'M' 'M' 'M' 'M' 'M' 'M' 'M' 'U' 'M' 'M' 'M' 'M' 'M' 'U'
 'M' 'U' 'M' 'U' 'U' 'M' 'M' 'M' 'A' 'M' 'M' 'M' 'M' 'U' 'M' 'M' 'M' 'M'
 'M' 'U' 'M' 'M' 'M' 'M' 'M' 'M' 'M' 'M' 'U' 'M' 'M' 'M' 'M' 'M' 'U' 'M'
 'M' 'M' 'M' 'M' 'M' 'M' 'U' 'U' 'U' 'U' 'U' 'M' 'U' 'U' 'M' 'U' 'M' 'M'
 'M' 'M' 'M' 'M' 'M' 'M' 'M' 'U' 'M' 'M' 'M' 'U' 'M' 'M' 'M' 'M' 'M' 'M'
 'M' 'M' 'M' 'M' 'M' 'M' 'M' 'M' 'M' 'M' 'M' 'M' 'M' 'M' 'M' 'M' 'M' 'M'
 'M' 'M' 'U' 'M' 'M' 'M' 'M' 'U' 'M' 'M' 'U' 'M' 'U' 'M' 'M' 'M' 'M' 'M']"
399501,0,170,3,167,28,0,0,"['A' 'M' 'U' 'M' 'M' 'M' 'M' 'M' 'A' 'M' 'M' 'M' 'M' 'U' 'M' 'M' 'U' 'M'
 'M' 'M' 'M' 'M' 'M' 'M' 'M' 'U' 'M' 'M' 'M' 'U' 'M' 'M' 'M' 'M' 'M' 'U'
 'M' 'M' 'M' 'M' 'M' 'M' 'M' 'M' 'U' 'M' 'M' 'M' 'M' 'M' 'M' 'M' 'M' 'M'
 'M' 'U' 'M' 'M' 'M' 'M' 'M' 'M' 'M' 'M' 'M' 'M' 'M' 'U' 'M' 'M' 'M' 'U'
 'M' 'M' 'M' 'M' 'M' 'M' 'M' 'M' 'M' 'U' 'M' 'M' 'U' 'M' 'M' 'M' 'M' 'M'
 'M' 'M' 'U' 'M' 'M' 'M' 'M' 'M' 'A' 'M' 'M' 'M' 'M' 'M' 'M' 'M' 'M' 'M'
 'M' 'U' 'M' 'M' 'M' 'M' 'M' 'U' 'M' 'M' 'U' 'M' 'M' 'M' 'M' 'M' 'U' 'M'
 'M' 'M' 'M' 'M' 'M' 'M' 'M' 'U' 'U' 'U' 'U' 'M' 'U' 'U' 'M' 'U' 'M' 'M'
 'M' 'M' 'M' 'M' 'M' 'M' 'M' 'M' 'M' 'M' 'M' 'M' 'M' 'M' 'M' 'M' 'M' 'M'
 'M' 'M' 'M' 'M' 'M' 'M' 'M' 'M' 'M' 'M' 'M' 'M' 'M' 'M' 'M' 'M' 'M' 'M'
 'M' 'M' 'M' 'M' 'M' 'M' 'U' 'U' 'M' 'M' 'U' 'M' 'U' 'M' 'M' 'M' 'M' 'M']"
399601,0,159,2,157,39,0,0,"['A' 'M' 'U' 'M' 'M' 'M' 'M' 'U' 'U' 'M' 'M' 'M' 'M' 'U' 'M' 'U' 'U' 'M'
 'M' 'M' 'M' 'M' 'U' 'M' 'M' 'U' 'M' 'M' 'U' 'U' 'M' 'M' 'M' 'M' 'M' 'U'
 'M' 'M' 'M' 'M' 'M' 'M' 'M' 'M' 'U' 'M' 'M' 'M' 'M' 'M' 'M' 'M' 'M' 'M'
 'M' 'U' 'M' 'M' 'U' 'M' 'M' 'M' 'M' 'M' 'M' 'M' 'M' 'U' 'M' 'M' 'U' 'M'
 'M' 'M' 'M' 'U' 'M' 'M' 'M' 'M' 'M' 'M' 'U' 'M' 'M' 'M' 'M' 'M' 'U' 'M'
 'M' 'M' 'M' 'M' 'M' 'M' 'M' 'M' 'A' 'M' 'M' 'M' 'M' 'M' 'M' 'U' 'M' 'M'
 'M' 'U' 'M' 'M' 'M' 'M' 'M' 'U' 'M' 'M' 'U' 'M' 'M' 'M' 'M' 'M' 'U' 'M'
 'M' 'M' 'U' 'M' 'M' 'U' 'U' 'M' 'U' 'U' 'U' 'M' 'M' 'M' 'M' 'M' 'M' 'M'
 'M' 'M' 'M' 'M' 'M' 'M' 'M' 'M' 'M' 'M' 'M' 'M' 'M' 'M' 'M' 'M' 'M' 'M'
 'M' 'M' 'U' 'U' 'M' 'M' 'M' 'M' 'M' 'M' 'M' 'M' 'M' 'U' 'M' 'M' 'M' 'M'
 'U' 'M' 'M' 'M' 'M' 'M' 'U' 'U' 'M' 'M' 'U' 'M' 'U' 'M' 'M' 'M' 'U' 'M']"
399701,0,163,3,160,35,0,1,"['A' 'M' 'M' 'M' 'M' 'M' 'M' 'U' 'U' 'M' 'M' 'M' 'M' 'U' 'M' 'U' 'U' 'M'
 'M' 'M' 'M' 'M' 'U' 'M' 'M' 'M' 'M' 'M' 'U' 'U' 'M' 'M' 'M' 'M' 'M' 'M'
 'M' 'M' 'M' 'M' 'M' 'M' 'M' 'M' 'U' 'M' 'M' 'M' 'M' 'M' 'U' 'M' 'M' 'M'
 'M' 'M' 'M' 'M' 'U' 'M' 'M' 'M' 'M' 'M' 'M' 'M' 'M' 'U' 'M' 'M' 'M' 'U'
 'M' 'U' 'M' 'M' 'M' 'M' 'M' 'M' 'M' 'M' 'M' 'U' 'M' 'M' 'U' 'M' 'M' 'M'
 'M' 'M' 'M' 'M' 'M' 'M' 'M' 'M' 'A' 'M' 'M' 'M' 'M' 'M' 'M' 'U' 'M' 'M'
 'M' 'A' 'M' 'M' 'M' 'M' 'M' 'U' 'M' 'M' 'U' 'M' 'M' 'M' 'M' 'M' 'U' 'M'
 'M' 'M' 'U' 'M' 'M' 'U' 'U' 'U' 'U' 'U' 'U' 'U' 'U' 'M' 'M' 'M' 'U' 'M'
 'M' 'M' 'M' 'M' 'M' 'M' 'M' 'M' 'M' 'M' 'M' 'M' 'M' 'M' 'M' 'M' 'M' 'M'
 'M' 'M' 'M' 'M' 'M' 'M' 'M' 'M' 'M' 'M' 'M' 'M' 'M' 'U' 'M' 'M' 'M' 'M'
 'U' 'M' 'M' 'M' 'M' 'M' 'M' 'U' 'M' 'M' 'U' 'M' 'M' 'M' 'M' 'M' 'U' 'M']"
399801,0,169,3,166,29,0,0,"['A' 'M' 'M' 'M' 'M' 'M' 'U' 'U' 'M' 'M' 'M' 'M' 'M' 'U' 'M' 'U' 'U' 'M'
 'M' 'M' 'M' 'M' 'U' 'M' 'M' 'M' 'M' 'M' 'M' 'U' 'M' 'M' 'M' 'M' 'M' 'M'
 'M' 'M' 'M' 'M' 'M' 'M' 'M' 'M' 'U' 'M' 'M' 'M' 'M' 'M' 'U' 'M' 'M' 'M'
 'M' 'M' 'M' 'M' 'U' 'M' 'M' 'M' 'M' 'M' 'M' 'M' 'M' 'M' 'M' 'M' 'M' 'U'
 'M' 'M' 'M' 'M' 'M' 'M' 'M' 'M' 'M' 'M' 'M' 'U' 'M' 'U' 'M' 'M' 'M' 'U'
 'M' 'M' 'U' 'M' 'M' 'M' 'M' 'M' 'M' 'M' 'M' 'M' 'M' 'M' 'M' 'M' 'M' 'M'
 'M' 'A' 'M' 'M' 'M' 'M' 'M' 'A' 'M' 'M' 'U' 'M' 'M' 'M' 'M' 'M' 'U' 'M'
 'M' 'M' 'M' 'M' 'M' 'U' 'U' 'U' 'U' 'U' 'M' 'U' 'U' 'M' 'M' 'M' 'U' 'M'
 'M' 'M' 'M' 'M' 'M' 'M' 'M' 'M' 'M' 'M' 'M' 'M' 'M' 'M' 'M' 'M' 'M' 'M'
 'M' 'M' 'M' 'M' 'M' 'M' 'M' 'M' 'M' 'M' 'M' 'M' 'M' 'M' 'M' 'M' 'M' 'M'
 'M' 'M' 'M' 'M' 'M' 'M' 'M' 'U' 'M' 'M' 'U' 'U' 'M' 'M' 'M' 'M' 'U' 'M']"
399901,0,173,3,170,25,0,0,"['A' 'M' 'M' 'M' 'M' 'M' 'M' 'M' 'M' 'M' 'M' 'M' 'M' 'U' 'M' 'U' 'U' 'M'
 'M' 'M' 'M' 'M' 'U' 'M' 'M' 'M' 'M' 'M' 'M' 'M' 'U' 'M' 'U' 'M' 'M' 'M'
 'M' 'M' 'M' 'M' 'M' 'M' 'M' 'M' 'M' 'M' 'M' 'M' 'M' 'M' 'M' 'M' 'M' 'M'
 'M' 'M' 'M' 'M' 'M' 'M' 'M' 'M' 'M' 'M' 'M' 'M' 'M' 'M' 'M' 'M' 'U' 'M'
 'U' 'M' 'M' 'M' 'M' 'M' 'M' 'M' 'U' 'M' 'M' 'U' 'M' 'M' 'M' 'M' 'M' 'M'
 'M' 'M' 'U' 'M' 'M' 'M' 'M' 'M' 'M' 'M' 'M' 'M' 'M' 'M' 'M' 'M' 'M' 'M'
 'M' 'A' 'M' 'M' 'M' 'M' 'M' 'U' 'M' 'M' 'U' 'M' 'M' 'M' 'M' 'M' 'U' 'M'
 'M' 'M' 'M' 'M' 'U' 'A' 'U' 'U' 'U' 'M' 'M' 'U' 'M' 'M' 'M' 'M' 'U' 'M'
 'M' 'M' 'M' 'M' 'M' 'U' 'M' 'M' 'M' 'M' 'M' 'M' 'M' 'M' 'M' 'M' 'M' 'M'
 'M' 'M' 'M' 'M' 'M' 'M' 'M' 'M' 'M' 'M' 'U' 'M' 'M' 'M' 'M' 'M' 'M' 'M'
 'M' 'M' 'M' 'M' 'U' 'M' 'M' 'M' 'M' 'M' 'U' 'M' 'M' 'M' 'M' 'M' 'U' 'M']"
400001,0,170,4,166,28,0,0,"['A' 'M' 'U' 'M' 'M' 'M' 'M' 'M' 'M' 'M' 'M' 'M' 'M' 'U' 'U' 'U' 'U' 'M'
 'M' 'M' 'M' 'M' 'U' 'M' 'M' 'M' 'M' 'M' 'M' 'M' 'M' 'M' 'U' 'M' 'M' 'M'
 'M' 'M' 'M' 'M' 'M' 'M' 'M' 'M' 'M' 'M' 'M' 'M' 'M' 'M' 'M' 'M' 'M' 'M'
 'M' 'M' 'M' 'M' 'M' 'M' 'M' 'M' 'M' 'M' 'M' 'M' 'M' 'M' 'M' 'M' 'M' 'M'
 'M' 'M' 'M' 'U' 'M' 'M' 'M' 'M' 'U' 'M' 'M' 'U' 'U' 'M' 'M' 'M' 'M' 'M'
 'M' 'M' 'M' 'M' 'U' 'M' 'M' 'M' 'M' 'M' 'U' 'M' 'M' 'M' 'M' 'M' 'M' 'M'
 'M' 'A' 'M' 'M' 'M' 'M' 'M' 'U' 'M' 'U' 'U' 'M' 'M' 'M' 'M' 'M' 'U' 'M'
 'M' 'M' 'M' 'M' 'U' 'A' 'U' 'U' 'U' 'M' 'M' 'M' 'M' 'M' 'M' 'M' 'M' 'M'
 'M' 'M' 'M' 'M' 'M' 'M' 'M' 'M' 'M' 'M' 'U' 'M' 'M' 'U' 'M' 'M' 'M' 'M'
 'M' 'M' 'M' 'U' 'M' 'M' 'M' 'M' 'M' 'M' 'A' 'M' 'M' 'U' 'M' 'M' 'M' 'M'
 'U' 'M' 'M' 'M' 'U' 'M' 'M' 'M' 'M' 'M' 'M' 'M' 'M' 'M' 'M' 'M' 'U' 'M']"
400101,0,173,3,170,25,0,0,"['A' 'M' 'M' 'U' 'M' 'M' 'M' 'U' 'M' 'M' 'M' 'M' 'M' 'U' 'U' 'U' 'U' 'M'
 'M' 'M' 'M' 'M' 'U' 'M' 'M' 'M' 'M' 'M' 'M' 'M' 'M' 'M' 'U' 'M' 'M' 'M'
 'M' 'M' 'M' 'M' 'M' 'M' 'M' 'M' 'M' 'M' 'M' 'M' 'M' 'M' 'M' 'M' 'M' 'M'
 'M' 'M' 'M' 'M' 'M' 'M' 'M' 'M' 'M' 'M' 'M' 'U' 'M' 'M' 'M' 'M' 'M' 'M'
 'U' 'M' 'M' 'U' 'M' 'M' 'M' 'M' 'M' 'M' 'M' 'U' 'M' 'M' 'M' 'M' 'U' 'M'
 'M' 'M' 'M' 'M' 'M' 'M' 'M' 'M' 'M' 'M' 'U' 'M' 'M' 'M' 'M' 'M' 'M' 'M'
 'M' 'U' 'M' 'M' 'M' 'M' 'U' 'M' 'M' 'U' 'U' 'M' 'M' 'M' 'M' 'M' 'M' 'M'
 'M' 'M' 'U' 'M' 'M' 'A' 'U' 'M' 'U' 'M' 'M' 'M' 'M' 'M' 'M' 'M' 'M' 'M'
 'M' 'M' 'M' 'M' 'M' 'M' 'M' 'M' 'M' 'M' 'U' 'M' 'M' 'M' 'M' 'M' 'M' 'M'
 'M' 'M' 'M' 'U' 'M' 'M' 'M' 'M' 'M' 'M' 'A' 'M' 'M' 'U' 'M' 'M' 'M' 'M'
 'M' 'M' 'M' 'M' 'M' 'M' 'M' 'M' 'M' 'M' 'M' 'M' 'M' 'M' 'U' 'M' 'M' 'M']"
400201,0,173,3,170,25,0,0,"['A' 'M' 'M' 'U' 'M' 'M' 'M' 'U' 'M' 'M' 'M' 'M' 'M' 'M' 'U' 'A' 'U' 'M'
 'M' 'M' 'U' 'M' 'M' 'M' 'M' 'M' 'M' 'M' 'M' 'M' 'M' 'M' 'U' 'M' 'M' 'M'
 'M' 'M' 'M' 'M' 'U' 'M' 'M' 'M' 'M' 'M' 'M' 'M' 'M' 'M' 'M' 'M' 'M' 'M'
 'M' 'M' 'M' 'M' 'M' 'M' 'M' 'M' 'M' 'M' 'M' 'U' 'U' 'M' 'U' 'M' 'M' 'M'
 'M' 'M' 'M' 'M' 'M' 'M' 'M' 'M' 'M' 'M' 'M' 'M' 'M' 'M' 'U' 'M' 'M' 'M'
 'U' 'M' 'M' 'M' 'M' 'M' 'M' 'M' 'M' 'M' 'U' 'M' 'M' 'M' 'M' 'M' 'M' 'M'
 'M' 'U' 'M' 'M' 'U' 'M' 'U' 'M' 'M' 'U' 'M' 'M' 'M' 'M' 'M' 'M' 'M' 'M'
 'M' 'M' 'U' 'M' 'M' 'A' 'U' 'M' 'M' 'M' 'M' 'M' 'M' 'M' 'M' 'M' 'M' 'M'
 'U' 'M' 'M' 'M' 'M' 'M' 'M' 'M' 'M' 'M' 'U' 'M' 'M' 'M' 'M' 'M' 'M' 'M'
 'M' 'M' 'M' 'U' 'M' 'M' 'M' 'M' 'M' 'M' 'M' 'M' 'M' 'U' 'U' 'U' 'M' 'M'
 'M' 'M' 'M' 'M' 'M' 'M' 'M' 'M' 'M' 'M' 'M' 'M' 'M' 'M' 'M' 'M' 'M' 'M']"
400301,0,170,4,166,28,0,0,"['A' 'M' 'M' 'U' 'M' 'M' 'M' 'U' 'M' 'U' 'M' 'M' 'M' 'M' 'A' 'A' 'U' 'M'
 'M' 'M' 'M' 'M' 'M' 'M' 'M' 'M' 'M' 'M' 'M' 'M' 'M' 'M' 'M' 'U' 'M' 'M'
 'U' 'M' 'M' 'M' 'U' 'M' 'M' 'M' 'M' 'M' 'M' 'M' 'M' 'M' 'M' 'M' 'M' 'M'
 'M' 'M' 'M' 'M' 'M' 'M' 'M' 'M' 'M' 'M' 'U' 'M' 'M' 'M' 'M' 'M' 'M' 'U'
 'M' 'M' 'M' 'U' 'M' 'M' 'M' 'M' 'M' 'M' 'U' 'M' 'M' 'M' 'M' 'M' 'M' 'M'
 'M' 'U' 'U' 'M' 'M' 'M' 'M' 'M' 'U' 'M' 'U' 'M' 'M' 'M' 'U' 'M' 'M' 'M'
 'U' 'U' 'M' 'M' 'U' 'M' 'U' 'M' 'M' 'U' 'M' 'M' 'M' 'M' 'M' 'M' 'M' 'M'
 'M' 'M' 'U' 'M' 'M' 'A' 'M' 'M' 'M' 'M' 'U' 'M' 'M' 'M' 'M' 'M' 'M' 'M'
 'U' 'M' 'M' 'M' 'M' 'M' 'M' 'M' 'M' 'M' 'U' 'M' 'M' 'M' 'M' 'M' 'M' 'M'
 'M' 'M' 'M' 'U' 'M' 'M' 'M' 'M' 'M' 'M' 'M' 'M' 'M' 'U' 'U' 'M' 'M' 'M'
 'M' 'M' 'M' 'M' 'M' 'M' 'M' 'M' 'M' 'M' 'M' 'M' 'M' 'M' 'M' 'M' 'M' 'M']"
400401,0,171,2,169,27,0,0,"['A' 'M' 'M' 'M' 'M' 'M' 'M' 'U' 'M' 'U' 'M' 'M' 'M' 'M' 'U' 'A' 'U' 'M'
 'M' 'M' 'M' 'M' 'M' 'M' 'M' 'M' 'M' 'M' 'M' 'M' 'M' 'M' 'M' 'U' 'M' 'M'
 'U' 'M' 'M' 'M' 'U' 'M' 'M' 'M' 'M' 'M' 'M' 'M' 'M' 'M' 'M' 'M' 'M' 'M'
 'M' 'M' 'M' 'M' 'M' 'M' 'M' 'M' 'M' 'M' 'U' 'M' 'U' 'M' 'M' 'M' 'M' 'M'
 'U' 'U' 'M' 'M' 'U' 'M' 'M' 'M' 'M' 'M' 'M' 'M' 'M' 'M' 'M' 'M' 'U' 'M'
 'M' 'M' 'M' 'M' 'M' 'M' 'M' 'M' 'M' 'M' 'U' 'M' 'M' 'U' 'U' 'M' 'M' 'M'
 'U' 'U' 'M' 'M' 'U' 'M' 'U' 'M' 'M' 'U' 'M' 'M' 'M' 'M' 'M' 'U' 'M' 'M'
 'M' 'M' 'M' 'M' 'M' 'U' 'M' 'M' 'M' 'M' 'U' 'M' 'M' 'M' 'M' 'M' 'M' 'M'
 'U' 'M' 'M' 'M' 'M' 'M' 'M' 'M' 'M' 'M' 'M' 'M' 'M' 'M' 'M' 'M' 'M' 'M'
 'M' 'M' 'M' 'M' 'M' 'M' 'M' 'M' 'M' 'M' 'M' 'M' 'M' 'M' 'M' 'M' 'M' 'M'
 'M' 'U' 'M' 'M' 'M' 'M' 'M' 'M' 'M' 'M' 'U' 'M' 'M' 'M' 'M' 'M' 'M' 'M']"
400501,0,167,4,163,31,0,0,"['A' 'M' 'U' 'M' 'M' 'M' 'M' 'U' 'M' 'M' 'M' 'U' 'M' 'M' 'U' 'A' 'A' 'M'
 'M' 'M' 'M' 'M' 'U' 'U' 'M' 'M' 'M' 'M' 'M' 'M' 'M' 'M' 'U' 'U' 'M' 'M'
 'U' 'M' 'M' 'M' 'U' 'M' 'M' 'M' 'M' 'M' 'M' 'M' 'M' 'U' 'U' 'M' 'M' 'M'
 'M' 'M' 'M' 'U' 'M' 'M' 'M' 'M' 'M' 'M' 'M' 'M' 'M' 'U' 'M' 'M' 'U' 'M'
 'M' 'M' 'M' 'M' 'M' 'M' 'M' 'M' 'M' 'M' 'M' 'M' 'U' 'M' 'M' 'M' 'M' 'U'
 'U' 'M' 'M' 'M' 'M' 'M' 'M' 'M' 'M' 'M' 'U' 'M' 'M' 'U' 'M' 'M' 'M' 'M'
 'M' 'M' 'U' 'M' 'A' 'M' 'U' 'M' 'M' 'M' 'M' 'M' 'M' 'M' 'M' 'U' 'M' 'M'
 'U' 'M' 'M' 'M' 'M' 'U' 'M' 'U' 'M' 'M' 'M' 'M' 'M' 'M' 'M' 'M' 'M' 'M'
 'U' 'M' 'M' 'M' 'M' 'M' 'M' 'M' 'M' 'M' 'M' 'M' 'M' 'M' 'M' 'M' 'M' 'M'
 'M' 'M' 'M' 'M' 'M' 'M' 'M' 'M' 'U' 'M' 'M' 'M' 'M' 'M' 'M' 'M' 'M' 'M'
 'M' 'U' 'M' 'M' 'M' 'M' 'M' 'M' 'M' 'M' 'U' 'M' 'M' 'M' 'M' 'M' 'U' 'M']"
400601,0,162,2,160,36,0,0,"['A' 'M' 'U' 'M' 'M' 'M' 'M' 'U' 'M' 'U' 'U' 'U' 'M' 'M' 'U' 'U' 'U' 'M'
 'M' 'M' 'M' 'M' 'U' 'U' 'U' 'M' 'M' 'M' 'M' 'M' 'M' 'M' 'U' 'U' 'M' 'M'
 'U' 'M' 'M' 'M' 'M' 'M' 'U' 'M' 'M' 'M' 'M' 'M' 'M' 'U' 'M' 'M' 'M' 'M'
 'M' 'M' 'M' 'M' 'M' 'M' 'M' 'M' 'M' 'M' 'M' 'M' 'M' 'M' 'M' 'U' 'M' 'M'
 'M' 'M' 'M' 'M' 'M' 'M' 'M' 'M' 'M' 'M' 'U' 'M' 'U' 'M' 'M' 'U' 'M' 'M'
 'M' 'M' 'M' 'M' 'U' 'U' 'M' 'M' 'M' 'M' 'U' 'M' 'M' 'U' 'M' 'U' 'M' 'M'
 'M' 'M' 'U' 'M' 'A' 'M' 'U' 'M' 'M' 'M' 'M' 'M' 'M' 'M' 'M' 'U' 'M' 'M'
 'U' 'M' 'M' 'M' 'M' 'U' 'M' 'U' 'M' 'M' 'M' 'M' 'M' 'M' 'M' 'M' 'M' 'M'
 'U' 'M' 'M' 'M' 'M' 'M' 'M' 'M' 'M' 'M' 'M' 'M' 'M' 'M' 'M' 'M' 'M' 'M'
 'M' 'M' 'M' 'M' 'M' 'M' 'M' 'M' 'U' 'M' 'M' 'M' 'M' 'M' 'M' 'M' 'M' 'M'
 'M' 'U' 'M' 'M' 'M' 'M' 'M' 'M' 'M' 'M' 'U' 'M' 'M' 'M' 'M' 'M' 'U' 'M']"
400701,0,157,1,156,41,0,0,"['A' 'M' 'M' 'M' 'M' 'M' 'M' 'M' 'M' 'M' 'U' 'U' 'M' 'M' 'U' 'U' 'U' 'M'
 'M' 'U' 'M' 'M' 'U' 'U' 'U' 'M' 'M' 'M' 'M' 'M' 'M' 'M' 'M' 'U' 'M' 'M'
 'U' 'M' 'M' 'M' 'M' 'M' 'U' 'M' 'M' 'M' 'M' 'M' 'M' 'M' 'M' 'U' 'M' 'M'
 'M' 'U' 'M' 'M' 'M' 'M' 'M' 'M' 'M' 'M' 'M' 'M' 'M' 'U' 'M' 'M' 'M' 'M'
 'M' 'M' 'M' 'M' 'M' 'M' 'M' 'M' 'M' 'M' 'M' 'M' 'M' 'M' 'M' 'M' 'U' 'M'
 'U' 'U' 'M' 'U' 'M' 'U' 'M' 'M' 'M' 'U' 'M' 'M' 'M' 'M' 'M' 'M' 'M' 'M'
 'U' 'M' 'U' 'M' 'U' 'M' 'U' 'M' 'M' 'M' 'M' 'M' 'M' 'M' 'M' 'U' 'M' 'M'
 'U' 'M' 'M' 'M' 'M' 'U' 'U' 'U' 'U' 'U' 'U' 'U' 'U' 'M' 'M' 'M' 'M' 'M'
 'U' 'M' 'M' 'M' 'M' 'M' 'M' 'M' 'M' 'M' 'M' 'M' 'M' 'M' 'M' 'M' 'M' 'M'
 'M' 'M' 'M' 'U' 'M' 'M' 'M' 'M' 'U' 'M' 'M' 'M' 'M' 'M' 'M' 'M' 'M' 'M'
 'M' 'U' 'M' 'M' 'M' 'M' 'M' 'M' 'M' 'M' 'U' 'M' 'M' 'M' 'M' 'M' 'U' 'M']"
400801,0,156,3,153,42,1,0,"['A' 'M' 'M' 'U' 'M' 'U' 'M' 'M' 'M' 'M' 'U' 'M' 'M' 'M' 'U' 'U' 'U' 'M'
 'M' 'U' 'M' 'M' 'U' 'U' 'M' 'M' 'M' 'M' 'M' 'A' 'M' 'M' 'U' 'U' 'M' 'M'
 'U' 'M' 'M' 'M' 'M' 'M' 'U' 'M' 'M' 'M' 'M' 'M' 'M' 'M' 'M' 'U' 'M' 'M'
 'M' 'A' 'M' 'M' 'M' 'M' 'M' 'M' 'U' 'M' 'M' 'M' 'M' 'M' 'U' 'M' 'M' 'M'
 'M' 'M' 'M' 'M' 'M' 'M' 'M' 'U' 'M' 'M' 'M' 'M' 'M' 'U' 'M' 'M' 'M' 'U'
 'M' 'M' 'U' 'M' 'M' 'U' 'M' 'U' 'M' 'U' 'U' 'M' 'M' 'M' 'M' 'M' 'M' 'M'
 'U' 'M' 'U' 'M' 'M' 'M' 'U' 'M' 'M' 'M' 'M' 'M' 'U' 'M' 'M' 'U' 'M' 'M'
 'U' 'M' 'M' 'M' 'M' 'U' 'U' 'M' 'U' 'U' 'U' 'U' 'U' 'M' 'M' 'M' 'M' 'M'
 'M' 'M' 'M' 'M' 'M' 'M' 'M' 'M' 'M' 'M' 'M' 'M' 'M' 'M' 'M' 'M' 'M' 'M'
 'M' 'M' 'M' 'M' 'M' 'U' 'M' 'M' 'U' 'M' 'M' 'M' 'M' 'M' 'M' 'M' 'M' 'M'
 'M' 'U' 'M' 'M' 'M' 'M' 'M' 'M' 'M' 'M' 'U' 'M' 'M' 'M' 'M' 'M' 'U' 'M']"
400901,0,163,4,159,35,0,0,"['A' 'M' 'M' 'U' 'M' 'U' 'M' 'M' 'M' 'M' 'M' 'M' 'M' 'M' 'U' 'U' 'U' 'M'
 'M' 'U' 'M' 'M' 'U' 'U' 'M' 'M' 'M' 'M' 'M' 'A' 'M' 'M' 'U' 'U' 'M' 'M'
 'U' 'M' 'M' 'M' 'M' 'M' 'U' 'M' 'M' 'M' 'M' 'M' 'M' 'M' 'M' 'U' 'M' 'M'
 'M' 'A' 'M' 'M' 'M' 'M' 'M' 'M' 'M' 'M' 'M' 'U' 'U' 'M' 'M' 'M' 'M' 'M'
 'M' 'M' 'U' 'M' 'M' 'M' 'M' 'M' 'M' 'M' 'M' 'U' 'M' 'M' 'M' 'M' 'M' 'M'
 'M' 'M' 'M' 'U' 'M' 'M' 'M' 'U' 'M' 'U' 'M' 'M' 'M' 'M' 'M' 'M' 'M' 'M'
 'U' 'M' 'M' 'M' 'M' 'M' 'U' 'M' 'M' 'M' 'M' 'M' 'U' 'M' 'M' 'M' 'M' 'M'
 'A' 'M' 'U' 'M' 'M' 'U' 'U' 'M' 'U' 'U' 'U' 'U' 'M' 'M' 'M' 'M' 'M' 'M'
 'M' 'M' 'M' 'M' 'U' 'M' 'M' 'M' 'M' 'M' 'M' 'M' 'M' 'M' 'M' 'M' 'M' 'M'
 'M' 'M' 'M' 'M' 'M' 'U' 'M' 'M' 'U' 'M' 'M' 'M' 'M' 'M' 'M' 'M' 'M' 'M'
 'M' 'M' 'M' 'M' 'U' 'M' 'M' 'M' 'M' 'M' 'U' 'M' 'M' 'M' 'M' 'M' 'M' 'M']"
401001,0,160,3,157,38,0,0,"['A' 'M' 'M' 'M' 'M' 'U' 'M' 'U' 'M' 'M' 'M' 'M' 'M' 'M' 'U' 'U' 'U' 'M'
 'U' 'U' 'M' 'M' 'M' 'U' 'M' 'M' 'U' 'M' 'M' 'A' 'M' 'M' 'U' 'U' 'M' 'M'
 'U' 'M' 'M' 'M' 'M' 'M' 'U' 'M' 'M' 'M' 'M' 'M' 'M' 'M' 'M' 'M' 'M' 'M'
 'M' 'A' 'M' 'U' 'M' 'M' 'M' 'M' 'M' 'M' 'M' 'M' 'M' 'M' 'M' 'M' 'M' 'M'
 'M' 'M' 'M' 'M' 'M' 'M' 'U' 'M' 'M' 'M' 'M' 'M' 'M' 'M' 'M' 'M' 'M' 'U'
 'U' 'U' 'U' 'M' 'M' 'M' 'M' 'U' 'M' 'U' 'M' 'M' 'M' 'M' 'M' 'M' 'M' 'M'
 'U' 'M' 'M' 'M' 'M' 'M' 'M' 'M' 'M' 'M' 'M' 'M' 'U' 'M' 'M' 'M' 'M' 'M'
 'U' 'M' 'U' 'M' 'M' 'U' 'U' 'U' 'U' 'U' 'U' 'U' 'M' 'M' 'M' 'M' 'U' 'M'
 'M' 'M' 'M' 'M' 'U' 'M' 'M' 'M' 'M' 'M' 'M' 'M' 'M' 'M' 'M' 'M' 'M' 'M'
 'M' 'M' 'M' 'M' 'M' 'U' 'U' 'M' 'U' 'M' 'M' 'M' 'M' 'M' 'M' 'M' 'M' 'M'
 'M' 'M' 'M' 'M' 'M' 'M' 'M' 'M' 'U' 'M' 'M' 'M' 'M' 'M' 'M' 'M' 'M' 'M']"
401101,0,163,4,159,35,0,0,"['A' 'M' 'M' 'M' 'M' 'U' 'M' 'U' 'M' 'M' 'M' 'M' 'M' 'M' 'U' 'M' 'U' 'M'
 'U' 'U' 'U' 'M' 'M' 'M' 'M' 'M' 'U' 'M' 'M' 'A' 'M' 'M' 'U' 'M' 'M' 'M'
 'M' 'M' 'M' 'M' 'M' 'M' 'M' 'M' 'U' 'M' 'M' 'M' 'M' 'M' 'M' 'M' 'M' 'M'
 'M' 'A' 'U' 'U' 'M' 'M' 'M' 'M' 'M' 'M' 'M' 'M' 'M' 'M' 'M' 'M' 'M' 'M'
 'U' 'M' 'M' 'U' 'M' 'U' 'M' 'M' 'M' 'M' 'M' 'M' 'M' 'M' 'M' 'M' 'M' 'M'
 'U' 'M' 'M' 'M' 'U' 'M' 'M' 'M' 'M' 'U' 'M' 'M' 'M' 'M' 'M' 'M' 'M' 'M'
 'U' 'M' 'M' 'M' 'M' 'M' 'M' 'M' 'M' 'M' 'M' 'U' 'U' 'M' 'M' 'M' 'M' 'M'
 'U' 'M' 'U' 'M' 'M' 'U' 'U' 'U' 'M' 'A' 'M' 'U' 'M' 'M' 'M' 'M' 'U' 'M'
 'M' 'M' 'M' 'M' 'U' 'M' 'M' 'M' 'M' 'M' 'M' 'M' 'M' 'M' 'M' 'M' 'M' 'M'
 'M' 'U' 'M' 'M' 'M' 'U' 'U' 'M' 'M' 'M' 'M' 'M' 'M' 'M' 'M' 'M' 'M' 'M'
 'M' 'M' 'M' 'M' 'M' 'U' 'M' 'M' 'U' 'M' 'M' 'M' 'M' 'M' 'M' 'M' 'M' 'U']"
401201,0,159,4,155,39,0,0,"['A' 'M' 'M' 'M' 'M' 'U' 'M' 'U' 'M' 'M' 'M' 'U' 'M' 'M' 'U' 'M' 'U' 'M'
 'U' 'U' 'U' 'M' 'M' 'M' 'M' 'M' 'U' 'M' 'M' 'A' 'M' 'M' 'U' 'M' 'M' 'M'
 'M' 'M' 'M' 'M' 'M' 'M' 'M' 'M' 'U' 'M' 'M' 'M' 'M' 'M' 'M' 'M' 'M' 'M'
 'M' 'A' 'M' 'U' 'M' 'U' 'M' 'M' 'M' 'M' 'M' 'M' 'U' 'M' 'M' 'M' 'M' 'M'
 'M' 'U' 'M' 'U' 'M' 'M' 'M' 'M' 'M' 'M' 'U' 'M' 'M' 'M' 'M' 'M' 'M' 'M'
 'M' 'M' 'M' 'U' 'M' 'M' 'U' 'M' 'M' 'U' 'M' 'M' 'M' 'M' 'M' 'M' 'M' 'M'
 'U' 'U' 'M' 'M' 'U' 'M' 'M' 'M' 'M' 'M' 'M' 'M' 'U' 'M' 'M' 'M' 'M' 'M'
 'U' 'U' 'U' 'M' 'M' 'U' 'U' 'M' 'M' 'A' 'M' 'U' 'M' 'M' 'M' 'M' 'M' 'M'
 'M' 'M' 'M' 'M' 'U' 'U' 'M' 'M' 'M' 'M' 'M' 'M' 'M' 'M' 'M' 'M' 'M' 'M'
 'M' 'U' 'M' 'M' 'M' 'U' 'U' 'M' 'M' 'M' 'M' 'M' 'M' 'M' 'M' 'M' 'M' 'M'
 'M' 'U' 'M' 'M' 'M' 'U' 'M' 'M' 'M' 'U' 'M' 'M' 'M' 'M' 'M' 'M' 'M' 'U']"
401301,0,166,4,162,32,0,0,"['A' 'M' 'M' 'U' 'M' 'M' 'M' 'M' 'M' 'M' 'M' 'M' 'M' 'M' 'U' 'M' 'U' 'M'
 'U' 'U' 'U' 'M' 'M' 'M' 'M' 'M' 'U' 'M' 'M' 'A' 'M' 'M' 'U' 'M' 'M' 'M'
 'M' 'M' 'M' 'M' 'M' 'M' 'M' 'M' 'U' 'M' 'M' 'M' 'M' 'M' 'M' 'M' 'M' 'M'
 'M' 'A' 'M' 'U' 'M' 'U' 'M' 'M' 'M' 'M' 'M' 'M' 'U' 'M' 'M' 'M' 'M' 'M'
 'M' 'U' 'M' 'M' 'M' 'M' 'M' 'M' 'M' 'M' 'M' 'M' 'M' 'M' 'M' 'M' 'M' 'M'
 'U' 'U' 'M' 'M' 'U' 'M' 'U' 'M' 'M' 'M' 'M' 'M' 'M' 'M' 'M' 'M' 'M' 'M'
 'U' 'M' 'M' 'M' 'U' 'M' 'M' 'M' 'M' 'M' 'M' 'M' 'U' 'M' 'M' 'M' 'M' 'M'
 'M' 'U' 'M' 'M' 'M' 'U' 'M' 'M' 'M' 'A' 'M' 'M' 'M' 'M' 'M' 'M' 'M' 'M'
 'U' 'M' 'M' 'M' 'U' 'U' 'M' 'M' 'M' 'M' 'M' 'M' 'M' 'M' 'M' 'M' 'M' 'M'
 'M' 'M' 'M' 'M' 'M' 'U' 'U' 'M' 'M' 'M' 'M' 'M' 'M' 'M' 'M' 'M' 'M' 'M'
 'M' 'U' 'M' 'M' 'M' 'U' 'M' 'M' 'M' 'U' 'M' 'M' 'M' 'M' 'U' 'M' 'M' 'U']"
401401,0,154,1,153,44,0,0,"['A' 'M' 'M' 'U' 'M' 'M' 'M' 'M' 'M' 'M' 'M' 'M' 'M' 'M' 'U' 'M' 'U' 'M'
 'U' 'U' 'U' 'M' 'M' 'M' 'M' 'M' 'U' 'M' 'M' 'U' 'M' 'M' 'U' 'M' 'M' 'M'
 'M' 'M' 'M' 'M' 'M' 'M' 'M' 'M' 'U' 'M' 'U' 'M' 'M' 'M' 'M' 'M' 'M' 'M'
 'M' 'U' 'M' 'U' 'M' 'U' 'M' 'M' 'M' 'M' 'M' 'U' 'M' 'M' 'M' 'M' 'M' 'M'
 'M' 'M' 'U' 'M' 'M' 'M' 'M' 'M' 'M' 'U' 'M' 'U' 'M' 'M' 'M' 'M' 'M' 'U'
 'M' 'M' 'M' 'M' 'M' 'M' 'M' 'M' 'M' 'M' 'M' 'M' 'M' 'M' 'M' 'M' 'M' 'M'
 'U' 'M' 'U' 'M' 'U' 'M' 'U' 'M' 'M' 'M' 'M' 'M' 'M' 'M' 'M' 'M' 'M' 'M'
 'M' 'M' 'M' 'M' 'M' 'U' 'U' 'U' 'U' 'U' 'U' 'U' 'U' 'M' 'M' 'M' 'M' 'U'
 'U' 'M' 'M' 'M' 'M' 'U' 'M' 'M' 'M' 'U' 'U' 'M' 'M' 'M' 'M' 'M' 'M' 'M'
 'M' 'M' 'M' 'U' 'U' 'U' 'M' 'M' 'M' 'M' 'M' 'M' 'M' 'M' 'M' 'M' 'M' 'M'
 'M' 'U' 'M' 'M' 'M' 'U' 'M' 'M' 'M' 'U' 'U' 'M' 'M' 'M' 'M' 'M' 'M' 'U']"
401501,0,161,2,159,37,0,1,"['A' 'M' 'M' 'U' 'M' 'M' 'M' 'M' 'M' 'M' 'M' 'M' 'U' 'M' 'U' 'M' 'U' 'M'
 'M' 'U' 'U' 'M' 'U' 'M' 'M' 'M' 'U' 'M' 'M' 'U' 'U' 'M' 'U' 'M' 'M' 'M'
 'M' 'M' 'M' 'M' 'M' 'M' 'M' 'U' 'U' 'M' 'M' 'M' 'M' 'M' 'M' 'M' 'M' 'M'
 'M' 'M' 'M' 'M' 'M' 'U' 'M' 'M' 'M' 'M' 'M' 'M' 'U' 'M' 'M' 'M' 'M' 'U'
 'M' 'U' 'M' 'M' 'M' 'M' 'M' 'M' 'M' 'M' 'M' 'M' 'M' 'M' 'M' 'U' 'M' 'M'
 'M' 'M' 'U' 'M' 'M' 'M' 'M' 'M' 'M' 'M' 'M' 'M' 'M' 'M' 'M' 'M' 'M' 'U'
 'A' 'M' 'M' 'M' 'U' 'U' 'M' 'M' 'M' 'M' 'M' 'M' 'M' 'M' 'U' 'M' 'U' 'M'
 'M' 'M' 'M' 'M' 'M' 'M' 'U' 'U' 'U' 'U' 'M' 'U' 'M' 'M' 'M' 'M' 'M' 'U'
 'M' 'M' 'M' 'M' 'M' 'M' 'M' 'M' 'M' 'U' 'U' 'M' 'M' 'M' 'M' 'M' 'M' 'M'
 'M' 'M' 'M' 'U' 'U' 'M' 'M' 'M' 'M' 'M' 'M' 'M' 'M' 'M' 'M' 'M' 'M' 'M'
 'M' 'M' 'M' 'M' 'M' 'U' 'M' 'M' 'M' 'U' 'M' 'M' 'M' 'M' 'M' 'M' 'M' 'U']"
401601,0,157,1,156,41,0,0,"['A' 'M' 'M' 'U' 'U' 'M' 'M' 'M' 'M' 'M' 'M' 'M' 'U' 'M' 'U' 'M' 'U' 'M'
 'M' 'U' 'M' 'M' 'U' 'U' 'M' 'M' 'M' 'M' 'M' 'U' 'U' 'M' 'M' 'M' 'U' 'M'
 'M' 'M' 'M' 'M' 'M' 'M' 'U' 'M' 'U' 'M' 'M' 'M' 'M' 'M' 'M' 'U' 'M' 'M'
 'M' 'U' 'M' 'M' 'M' 'U' 'M' 'M' 'M' 'M' 'M' 'M' 'M' 'M' 'U' 'M' 'U' 'M'
 'U' 'M' 'M' 'M' 'M' 'M' 'M' 'M' 'U' 'M' 'M' 'M' 'M' 'M' 'M' 'M' 'M' 'M'
 'M' 'M' 'M' 'U' 'M' 'M' 'M' 'M' 'M' 'M' 'M' 'M' 'M' 'U' 'M' 'M' 'M' 'U'
 'U' 'M' 'M' 'M' 'U' 'U' 'M' 'M' 'M' 'M' 'M' 'M' 'M' 'M' 'M' 'M' 'U' 'M'
 'M' 'M' 'M' 'M' 'M' 'M' 'U' 'M' 'U' 'U' 'M' 'U' 'M' 'M' 'M' 'M' 'M' 'M'
 'M' 'M' 'M' 'M' 'M' 'M' 'M' 'M' 'M' 'U' 'U' 'M' 'M' 'M' 'M' 'M' 'M' 'M'
 'M' 'M' 'M' 'U' 'U' 'M' 'M' 'M' 'M' 'M' 'M' 'M' 'M' 'M' 'M' 'M' 'M' 'M'
 'M' 'M' 'M' 'M' 'M' 'U' 'U' 'M' 'U' 'U' 'M' 'M' 'M' 'M' 'M' 'U' 'M' 'U']"
401701,0,161,3,158,37,0,0,"['A' 'M' 'M' 'U' 'A' 'M' 'M' 'M' 'M' 'M' 'U' 'M' 'U' 'M' 'U' 'M' 'U' 'M'
 'M' 'U' 'M' 'M' 'M' 'U' 'M' 'M' 'M' 'M' 'M' 'U' 'U' 'M' 'M' 'M' 'U' 'M'
 'M' 'M' 'M' 'M' 'M' 'M' 'U' 'M' 'A' 'M' 'M' 'M' 'M' 'U' 'M' 'U' 'M' 'M'
 'M' 'U' 'M' 'M' 'M' 'U' 'M' 'M' 'M' 'M' 'M' 'M' 'U' 'M' 'M' 'M' 'M' 'M'
 'M' 'M' 'M' 'M' 'U' 'M' 'M' 'U' 'M' 'M' 'U' 'M' 'M' 'M' 'U' 'M' 'M' 'M'
 'M' 'M' 'M' 'M' 'M' 'M' 'M' 'M' 'M' 'M' 'M' 'M' 'M' 'M' 'M' 'M' 'M' 'U'
 'U' 'M' 'M' 'M' 'U' 'U' 'M' 'M' 'M' 'M' 'M' 'M' 'M' 'M' 'M' 'M' 'U' 'M'
 'M' 'M' 'M' 'M' 'M' 'M' 'U' 'M' 'U' 'U' 'M' 'U' 'M' 'M' 'M' 'M' 'M' 'M'
 'M' 'M' 'M' 'M' 'M' 'M' 'M' 'M' 'M' 'U' 'M' 'M' 'M' 'M' 'M' 'M' 'M' 'M'
 'M' 'M' 'M' 'U' 'U' 'M' 'M' 'M' 'M' 'M' 'M' 'M' 'M' 'M' 'M' 'M' 'M' 'M'
 'M' 'M' 'M' 'M' 'M' 'U' 'U' 'M' 'U' 'U' 'M' 'M' 'U' 'M' 'M' 'M' 'M' 'M']"
401801,0,159,4,155,39,0,1,"['A' 'M' 'M' 'U' 'A' 'M' 'M' 'M' 'M' 'M' 'U' 'M' 'M' 'M' 'U' 'M' 'U' 'M'
 'M' 'A' 'M' 'M' 'M' 'M' 'U' 'M' 'M' 'M' 'M' 'U' 'U' 'M' 'M' 'M' 'U' 'M'
 'U' 'M' 'M' 'M' 'M' 'M' 'U' 'M' 'A' 'M' 'M' 'M' 'M' 'U' 'M' 'U' 'M' 'U'
 'M' 'U' 'M' 'M' 'M' 'U' 'M' 'M' 'M' 'M' 'M' 'M' 'M' 'M' 'M' 'M' 'M' 'M'
 'M' 'M' 'M' 'M' 'U' 'M' 'M' 'U' 'M' 'U' 'M' 'M' 'M' 'M' 'M' 'M' 'U' 'M'
 'M' 'M' 'M' 'U' 'M' 'M' 'M' 'M' 'M' 'M' 'M' 'M' 'M' 'M' 'M' 'M' 'M' 'U'
 'U' 'M' 'M' 'M' 'U' 'U' 'M' 'M' 'M' 'M' 'M' 'M' 'M' 'M' 'M' 'M' 'U' 'M'
 'M' 'M' 'M' 'M' 'M' 'M' 'U' 'M' 'U' 'U' 'U' 'U' 'M' 'M' 'M' 'M' 'M' 'M'
 'M' 'U' 'M' 'M' 'M' 'M' 'M' 'M' 'M' 'U' 'M' 'M' 'M' 'M' 'M' 'M' 'M' 'M'
 'M' 'M' 'M' 'U' 'M' 'M' 'M' 'M' 'M' 'M' 'M' 'M' 'M' 'M' 'M' 'M' 'M' 'M'
 'M' 'M' 'M' 'M' 'M' 'U' 'U' 'U' 'U' 'U' 'M' 'M' 'U' 'M' 'M' 'M' 'M' 'M']"
401901,0,158,5,153,40,0,0,"['A' 'M' 'M' 'M' 'A' 'M' 'M' 'M' 'M' 'M' 'U' 'U' 'M' 'M' 'M' 'M' 'U' 'M'
 'M' 'A' 'M' 'M' 'M' 'M' 'U' 'M' 'M' 'M' 'M' 'U' 'A' 'M' 'M' 'M' 'U' 'M'
 'M' 'M' 'M' 'M' 'M' 'M' 'M' 'M' 'A' 'M' 'M' 'M' 'M' 'U' 'U' 'U' 'M' 'U'
 'M' 'M' 'M' 'M' 'M' 'U' 'M' 'M' 'M' 'M' 'U' 'U' 'M' 'M' 'M' 'M' 'M' 'M'
 'M' 'M' 'M' 'U' 'M' 'M' 'M' 'M' 'M' 'M' 'U' 'M' 'M' 'U' 'M' 'M' 'M' 'M'
 'U' 'M' 'M' 'M' 'M' 'M' 'M' 'M' 'M' 'M' 'M' 'M' 'M' 'M' 'M' 'M' 'M' 'U'
 'U' 'U' 'M' 'M' 'U' 'M' 'M' 'U' 'M' 'M' 'M' 'M' 'M' 'M' 'M' 'M' 'U' 'M'
 'M' 'M' 'M' 'M' 'M' 'M' 'U' 'U' 'U' 'U' 'U' 'U' 'U' 'M' 'M' 'M' 'M' 'M'
 'M' 'U' 'M' 'M' 'M' 'M' 'M' 'M' 'M' 'U' 'M' 'U' 'M' 'M' 'M' 'M' 'M' 'M'
 'M' 'M' 'M' 'U' 'M' 'M' 'M' 'M' 'M' 'M' 'M' 'M' 'M' 'M' 'M' 'U' 'M' 'M'
 'M' 'M' 'M' 'M' 'M' 'U' 'U' 'M' 'U' 'U' 'M' 'M' 'U' 'M' 'M' 'M' 'M' 'M']"
402001,1,155,6,149,43,0,0,"['A' 'M' 'M' 'M' 'A' 'M' 'M' 'M' 'M' 'M' 'U' 'U' 'U' 'U' 'M' 'M' 'U' 'M'
 'M' 'U' 'M' 'M' 'M' 'M' 'U' 'M' 'M' 'M' 'M' 'M' 'A' 'M' 'M' 'M' 'U' 'M'
 'M' 'M' 'M' 'M' 'M' 'M' 'M' 'M' 'A' 'M' 'M' 'M' 'M' 'A' 'U' 'U' 'M' 'U'
 'M' 'M' 'M' 'M' 'M' 'U' 'M' 'U' 'M' 'M' 'U' 'M' 'M' 'M' 'M' 'M' 'U' 'M'
 'M' 'M' 'M' 'M' 'U' 'M' 'U' 'M' 'M' 'M' 'M' 'M' 'U' 'M' 'M' 'M' 'M' 'M'
 'M' 'M' 'M' 'M' 'U' 'M' 'M' 'M' 'M' 'M' 'M' 'M' 'M' 'M' 'M' 'M' 'M' 'M'
 'U' 'U' 'M' 'U' 'U' 'U' 'M' 'M' 'M' 'M' 'M' 'M' 'M' 'M' 'M' 'M' 'M' 'M'
 'M' 'M' 'M' 'U' 'U' 'M' 'U' 'U' 'U' 'U' 'U' 'M' 'A' 'M' 'U' 'M' 'M' 'M'
 'M' 'M' 'M' 'M' 'M' 'M' 'M' 'M' 'M' 'U' 'M' 'U' 'M' 'M' 'M' 'M' 'M' 'M'
 'M' 'M' 'M' 'U' 'M' 'M' 'M' 'M' 'M' 'M' 'M' 'U' 'U' 'M' 'M' 'U' 'M' 'M'
 'M' 'M' 'M' 'M' 'M' 'M' 'U' 'M' 'U' 'U' 'U' 'M' 'U' 'M' 'M' 'M' 'M' 'M']"
402101,0,155,5,150,43,0,0,"['A' 'M' 'M' 'M' 'A' 'M' 'M' 'M' 'M' 'M' 'U' 'U' 'U' 'M' 'M' 'M' 'U' 'M'
 'M' 'M' 'M' 'M' 'M' 'M' 'M' 'M' 'M' 'M' 'M' 'M' 'A' 'M' 'M' 'M' 'U' 'M'
 'M' 'M' 'U' 'M' 'U' 'M' 'M' 'M' 'U' 'M' 'M' 'M' 'U' 'A' 'U' 'U' 'U' 'U'
 'M' 'M' 'M' 'M' 'M' 'U' 'M' 'M' 'M' 'M' 'U' 'M' 'M' 'M' 'U' 'M' 'M' 'M'
 'M' 'U' 'M' 'M' 'M' 'M' 'M' 'M' 'U' 'M' 'U' 'M' 'M' 'M' 'M' 'M' 'M' 'U'
 'M' 'M' 'M' 'M' 'M' 'M' 'M' 'M' 'M' 'M' 'M' 'M' 'M' 'M' 'M' 'M' 'M' 'M'
 'M' 'U' 'M' 'U' 'U' 'M' 'M' 'M' 'M' 'M' 'M' 'U' 'M' 'M' 'M' 'M' 'M' 'M'
 'M' 'M' 'M' 'U' 'U' 'M' 'U' 'U' 'U' 'U' 'U' 'U' 'M' 'M' 'U' 'M' 'M' 'M'
 'M' 'M' 'M' 'M' 'M' 'U' 'M' 'M' 'M' 'U' 'M' 'U' 'M' 'M' 'M' 'M' 'M' 'M'
 'M' 'M' 'M' 'U' 'M' 'M' 'M' 'M' 'M' 'M' 'M' 'U' 'U' 'M' 'M' 'U' 'M' 'M'
 'M' 'M' 'M' 'M' 'M' 'M' 'U' 'M' 'A' 'U' 'U' 'M' 'M' 'M' 'M' 'M' 'M' 'M']"
402201,0,156,4,152,42,1,0,"['A' 'M' 'U' 'M' 'U' 'M' 'M' 'M' 'M' 'U' 'U' 'M' 'A' 'M' 'M' 'U' 'M' 'M'
 'M' 'M' 'M' 'M' 'M' 'M' 'M' 'M' 'M' 'M' 'U' 'M' 'U' 'M' 'M' 'M' 'U' 'M'
 'M' 'M' 'U' 'M' 'U' 'M' 'M' 'M' 'M' 'M' 'M' 'M' 'M' 'A' 'M' 'U' 'M' 'U'
 'M' 'M' 'M' 'M' 'M' 'U' 'M' 'M' 'M' 'M' 'U' 'M' 'U' 'M' 'M' 'M' 'M' 'M'
 'M' 'M' 'M' 'U' 'M' 'M' 'M' 'M' 'U' 'M' 'M' 'M' 'M' 'M' 'M' 'M' 'U' 'M'
 'U' 'M' 'M' 'M' 'M' 'M' 'M' 'M' 'M' 'M' 'M' 'M' 'M' 'M' 'M' 'M' 'M' 'M'
 'M' 'U' 'M' 'U' 'M' 'M' 'M' 'M' 'M' 'M' 'M' 'M' 'M' 'M' 'M' 'M' 'M' 'M'
 'M' 'M' 'M' 'U' 'M' 'M' 'U' 'U' 'U' 'U' 'U' 'U' 'M' 'M' 'U' 'U' 'M' 'U'
 'M' 'M' 'M' 'M' 'M' 'U' 'M' 'M' 'M' 'U' 'M' 'U' 'M' 'M' 'M' 'M' 'M' 'M'
 'M' 'M' 'U' 'U' 'M' 'M' 'M' 'M' 'M' 'M' 'M' 'U' 'U' 'M' 'M' 'U' 'M' 'M'
 'M' 'M' 'M' 'M' 'M' 'U' 'U' 'M' 'A' 'M' 'U' 'M' 'M' 'M' 'M' 'M' 'M' 'M']"
402301,0,156,4,152,42,0,0,"['A' 'M' 'U' 'M' 'U' 'M' 'M' 'M' 'M' 'U' 'M' 'M' 'A' 'M' 'M' 'M' 'M' 'M'
 'M' 'M' 'U' 'M' 'M' 'U' 'M' 'M' 'M' 'M' 'M' 'M' 'U' 'M' 'M' 'M' 'U' 'M'
 'M' 'M' 'M' 'M' 'U' 'M' 'M' 'M' 'M' 'M' 'M' 'M' 'M' 'A' 'M' 'U' 'M' 'U'
 'U' 'M' 'M' 'M' 'M' 'U' 'M' 'M' 'M' 'M' 'U' 'M' 'M' 'M' 'M' 'M' 'M' 'M'
 'M' 'M' 'M' 'U' 'M' 'M' 'M' 'M' 'M' 'M' 'M' 'U' 'U' 'M' 'M' 'M' 'M' 'M'
 'M' 'U' 'U' 'M' 'M' 'M' 'M' 'M' 'M' 'M' 'M' 'M' 'M' 'M' 'M' 'M' 'M' 'M'
 'U' 'M' 'M' 'M' 'M' 'M' 'M' 'M' 'M' 'M' 'M' 'M' 'U' 'M' 'M' 'M' 'M' 'M'
 'M' 'M' 'M' 'U' 'M' 'M' 'U' 'U' 'U' 'M' 'U' 'U' 'M' 'M' 'U' 'U' 'M' 'U'
 'M' 'M' 'M' 'M' 'M' 'U' 'U' 'M' 'M' 'U' 'M' 'U' 'M' 'M' 'M' 'M' 'M' 'M'
 'M' 'M' 'U' 'U' 'M' 'M' 'M' 'M' 'M' 'M' 'M' 'U' 'U' 'M' 'M' 'A' 'M' 'M'
 'U' 'M' 'M' 'M' 'M' 'U' 'U' 'M' 'U' 'M' 'U' 'M' 'M' 'M' 'M' 'M' 'M' 'M']"
402401,0,159,6,153,39,0,0,"['A' 'U' 'U' 'M' 'U' 'M' 'M' 'M' 'U' 'U' 'M' 'M' 'A' 'M' 'M' 'M' 'M' 'M'
 'M' 'M' 'U' 'M' 'M' 'U' 'M' 'M' 'M' 'M' 'M' 'M' 'M' 'M' 'M' 'M' 'U' 'M'
 'M' 'M' 'M' 'M' 'U' 'M' 'M' 'M' 'M' 'M' 'M' 'M' 'M' 'A' 'M' 'M' 'M' 'U'
 'U' 'M' 'M' 'M' 'M' 'U' 'M' 'M' 'M' 'M' 'U' 'M' 'M' 'M' 'M' 'M' 'M' 'M'
 'M' 'U' 'U' 'M' 'M' 'M' 'M' 'M' 'M' 'U' 'M' 'M' 'M' 'M' 'M' 'M' 'M' 'M'
 'M' 'U' 'U' 'M' 'M' 'M' 'M' 'M' 'M' 'M' 'M' 'M' 'M' 'M' 'M' 'M' 'M' 'U'
 'M' 'M' 'M' 'M' 'M' 'M' 'M' 'M' 'M' 'M' 'M' 'M' 'U' 'M' 'M' 'M' 'M' 'M'
 'M' 'M' 'M' 'M' 'M' 'M' 'U' 'U' 'U' 'M' 'U' 'M' 'M' 'M' 'M' 'M' 'U' 'M'
 'M' 'M' 'M' 'M' 'M' 'A' 'M' 'U' 'M' 'A' 'M' 'U' 'M' 'M' 'M' 'U' 'M' 'M'
 'M' 'U' 'U' 'U' 'M' 'M' 'M' 'U' 'M' 'M' 'M' 'U' 'U' 'M' 'M' 'A' 'U' 'M'
 'U' 'M' 'M' 'M' 'M' 'U' 'U' 'M' 'M' 'M' 'M' 'M' 'M' 'M' 'M' 'M' 'U' 'M']"
402501,0,151,5,146,47,0,0,"['A' 'U' 'U' 'U' 'U' 'U' 'M' 'M' 'M' 'M' 'M' 'M' 'U' 'M' 'M' 'M' 'M' 'M'
 'M' 'M' 'U' 'M' 'U' 'M' 'M' 'M' 'M' 'M' 'M' 'M' 'M' 'M' 'M' 'M' 'U' 'M'
 'M' 'M' 'M' 'M' 'M' 'M' 'M' 'A' 'M' 'M' 'M' 'M' 'M' 'U' 'M' 'M' 'M' 'U'
 'U' 'M' 'M' 'U' 'M' 'U' 'M' 'M' 'M' 'M' 'U' 'M' 'U' 'M' 'M' 'M' 'M' 'M'
 'M' 'M' 'M' 'M' 'M' 'M' 'M' 'M' 'M' 'M' 'M' 'U' 'M' 'M' 'M' 'M' 'M' 'U'
 'U' 'M' 'M' 'U' 'M' 'M' 'U' 'M' 'M' 'M' 'M' 'M' 'M' 'M' 'M' 'M' 'M' 'M'
 'U' 'M' 'M' 'M' 'M' 'M' 'M' 'M' 'M' 'M' 'M' 'M' 'U' 'M' 'M' 'M' 'M' 'M'
 'M' 'M' 'M' 'M' 'M' 'M' 'U' 'U' 'U' 'U' 'U' 'U' 'U' 'M' 'M' 'M' 'U' 'M'
 'M' 'M' 'M' 'M' 'M' 'U' 'M' 'U' 'M' 'A' 'M' 'A' 'M' 'M' 'M' 'U' 'M' 'M'
 'M' 'U' 'U' 'U' 'M' 'M' 'M' 'U' 'M' 'M' 'M' 'U' 'U' 'M' 'M' 'A' 'M' 'U'
 'U' 'M' 'M' 'U' 'M' 'U' 'M' 'M' 'M' 'M' 'M' 'U' 'M' 'M' 'M' 'U' 'U' 'M']"
402601,0,158,3,155,40,0,0,"['A' 'U' 'U' 'U' 'U' 'M' 'M' 'M' 'U' 'M' 'M' 'M' 'M' 'M' 'M' 'M' 'M' 'M'
 'M' 'M' 'M' 'M' 'U' 'U' 'M' 'M' 'M' 'M' 'M' 'M' 'M' 'M' 'M' 'M' 'M' 'U'
 'M' 'U' 'M' 'M' 'M' 'M' 'M' 'U' 'M' 'M' 'M' 'M' 'M' 'M' 'M' 'M' 'M' 'U'
 'U' 'M' 'M' 'M' 'M' 'U' 'M' 'M' 'M' 'M' 'M' 'M' 'M' 'M' 'M' 'M' 'U' 'M'
 'M' 'M' 'M' 'M' 'M' 'M' 'U' 'U' 'M' 'M' 'M' 'M' 'M' 'M' 'M' 'M' 'M' 'M'
 'U' 'M' 'M' 'M' 'U' 'M' 'U' 'M' 'M' 'M' 'M' 'M' 'M' 'M' 'M' 'M' 'M' 'M'
 'M' 'M' 'M' 'M' 'M' 'M' 'M' 'M' 'M' 'M' 'M' 'M' 'M' 'M' 'M' 'M' 'M' 'M'
 'M' 'M' 'M' 'M' 'M' 'M' 'U' 'U' 'U' 'U' 'U' 'U' 'U' 'M' 'M' 'M' 'U' 'M'
 'M' 'M' 'M' 'M' 'M' 'U' 'M' 'M' 'M' 'U' 'M' 'A' 'M' 'M' 'M' 'U' 'M' 'M'
 'M' 'U' 'U' 'M' 'M' 'M' 'M' 'U' 'M' 'M' 'M' 'U' 'U' 'M' 'M' 'A' 'M' 'U'
 'M' 'M' 'M' 'U' 'M' 'U' 'M' 'M' 'M' 'M' 'M' 'U' 'M' 'M' 'M' 'U' 'M' 'M']"
402701,0,158,1,157,40,0,0,"['A' 'U' 'U' 'U' 'M' 'M' 'M' 'M' 'U' 'M' 'M' 'M' 'M' 'M' 'M' 'U' 'U' 'M'
 'M' 'M' 'M' 'M' 'U' 'U' 'M' 'M' 'M' 'M' 'M' 'M' 'M' 'M' 'M' 'M' 'M' 'U'
 'M' 'U' 'M' 'M' 'M' 'M' 'M' 'M' 'M' 'M' 'M' 'M' 'M' 'M' 'M' 'M' 'M' 'M'
 'U' 'M' 'M' 'M' 'M' 'U' 'M' 'M' 'M' 'M' 'M' 'M' 'M' 'M' 'M' 'M' 'M' 'U'
 'M' 'M' 'M' 'M' 'U' 'M' 'M' 'M' 'M' 'M' 'M' 'U' 'U' 'M' 'M' 'U' 'M' 'M'
 'M' 'M' 'M' 'M' 'M' 'M' 'U' 'M' 'M' 'M' 'M' 'M' 'M' 'M' 'M' 'M' 'M' 'M'
 'M' 'M' 'M' 'M' 'M' 'M' 'M' 'M' 'M' 'M' 'M' 'M' 'M' 'U' 'M' 'M' 'M' 'M'
 'M' 'M' 'M' 'M' 'M' 'M' 'U' 'M' 'U' 'M' 'U' 'U' 'U' 'M' 'M' 'M' 'U' 'M'
 'M' 'M' 'M' 'M' 'M' 'U' 'M' 'U' 'M' 'U' 'M' 'U' 'M' 'M' 'M' 'U' 'M' 'M'
 'M' 'U' 'U' 'M' 'M' 'M' 'M' 'U' 'M' 'M' 'M' 'U' 'U' 'M' 'M' 'U' 'M' 'U'
 'M' 'M' 'M' 'M' 'M' 'U' 'M' 'M' 'M' 'M' 'M' 'U' 'M' 'M' 'M' 'U' 'M' 'M']"
402801,0,159,5,154,39,0,0,"['A' 'M' 'M' 'M' 'M' 'M' 'M' 'M' 'M' 'U' 'M' 'M' 'M' 'M' 'M' 'A' 'U' 'M'
 'M' 'M' 'U' 'M' 'U' 'M' 'M' 'M' 'M' 'M' 'M' 'M' 'M' 'M' 'M' 'M' 'M' 'U'
 'M' 'U' 'M' 'M' 'M' 'M' 'M' 'M' 'U' 'M' 'M' 'M' 'M' 'M' 'M' 'M' 'M' 'M'
 'U' 'M' 'M' 'M' 'M' 'M' 'M' 'M' 'M' 'M' 'M' 'M' 'M' 'M' 'U' 'M' 'M' 'M'
 'M' 'M' 'U' 'M' 'M' 'U' 'M' 'M' 'U' 'M' 'M' 'M' 'U' 'M' 'M' 'M' 'M' 'M'
 'M' 'M' 'M' 'M' 'M' 'M' 'U' 'M' 'M' 'M' 'M' 'M' 'M' 'M' 'M' 'M' 'M' 'M'
 'M' 'M' 'M' 'M' 'M' 'M' 'M' 'M' 'M' 'M' 'M' 'M' 'M' 'U' 'M' 'M' 'M' 'M'
 'M' 'M' 'M' 'M' 'M' 'M' 'U' 'M' 'U' 'M' 'U' 'M' 'U' 'M' 'M' 'M' 'U' 'M'
 'M' 'M' 'U' 'M' 'M' 'U' 'M' 'A' 'M' 'U' 'U' 'U' 'M' 'M' 'M' 'U' 'M' 'M'
 'M' 'A' 'U' 'M' 'U' 'M' 'M' 'U' 'M' 'M' 'M' 'M' 'U' 'U' 'M' 'U' 'M' 'U'
 'M' 'M' 'M' 'M' 'U' 'U' 'U' 'M' 'M' 'U' 'M' 'A' 'M' 'M' 'M' 'U' 'U' 'M']"
402901,0,159,4,155,39,0,1,"['A' 'M' 'M' 'M' 'M' 'M' 'U' 'M' 'M' 'U' 'M' 'M' 'M' 'M' 'M' 'A' 'U' 'M'
 'M' 'M' 'U' 'M' 'U' 'M' 'M' 'M' 'M' 'M' 'M' 'M' 'M' 'M' 'M' 'M' 'M' 'U'
 'M' 'U' 'M' 'M' 'M' 'M' 'M' 'U' 'U' 'M' 'M' 'M' 'M' 'M' 'M' 'U' 'M' 'M'
 'A' 'M' 'U' 'M' 'M' 'M' 'M' 'M' 'M' 'M' 'M' 'M' 'U' 'U' 'M' 'M' 'M' 'M'
 'M' 'M' 'M' 'M' 'U' 'M' 'M' 'M' 'M' 'M' 'M' 'M' 'U' 'M' 'M' 'U' 'M' 'M'
 'M' 'M' 'M' 'M' 'M' 'M' 'M' 'M' 'M' 'M' 'M' 'M' 'M' 'M' 'M' 'M' 'M' 'U'
 'M' 'M' 'M' 'M' 'M' 'M' 'M' 'M' 'M' 'M' 'M' 'M' 'M' 'M' 'M' 'M' 'M' 'M'
 'M' 'M' 'U' 'M' 'M' 'M' 'U' 'M' 'U' 'M' 'U' 'M' 'M' 'U' 'M' 'M' 'M' 'M'
 'M' 'M' 'U' 'M' 'M' 'U' 'U' 'U' 'M' 'U' 'U' 'U' 'M' 'M' 'M' 'M' 'M' 'M'
 'M' 'A' 'U' 'M' 'U' 'M' 'M' 'U' 'M' 'M' 'M' 'M' 'M' 'U' 'M' 'M' 'M' 'U'
 'M' 'M' 'M' 'M' 'M' 'U' 'M' 'M' 'U' 'U' 'M' 'U' 'M' 'M' 'M' 'M' 'U' 'M']"
403001,0,157,4,153,41,0,0,"['A' 'M' 'M' 'M' 'M' 'M' 'U' 'M' 'M' 'M' 'M' 'M' 'M' 'M' 'M' 'A' 'M' 'M'
 'M' 'M' 'M' 'M' 'U' 'M' 'M' 'M' 'M' 'U' 'M' 'M' 'M' 'M' 'M' 'M' 'M' 'M'
 'M' 'M' 'M' 'U' 'M' 'M' 'M' 'M' 'U' 'M' 'M' 'M' 'M' 'M' 'M' 'U' 'M' 'M'
 'U' 'M' 'U' 'M' 'M' 'M' 'M' 'M' 'M' 'M' 'M' 'M' 'U' 'M' 'U' 'M' 'M' 'M'
 'M' 'M' 'U' 'M' 'M' 'M' 'M' 'M' 'M' 'M' 'U' 'M' 'M' 'M' 'M' 'M' 'M' 'M'
 'M' 'M' 'M' 'M' 'U' 'M' 'M' 'U' 'M' 'M' 'M' 'M' 'M' 'M' 'M' 'M' 'U' 'U'
 'M' 'M' 'M' 'M' 'M' 'M' 'M' 'M' 'M' 'M' 'M' 'M' 'M' 'M' 'M' 'M' 'M' 'M'
 'M' 'U' 'U' 'M' 'M' 'U' 'M' 'U' 'U' 'U' 'U' 'U' 'U' 'U' 'M' 'M' 'M' 'M'
 'M' 'M' 'M' 'M' 'M' 'A' 'U' 'U' 'M' 'U' 'U' 'U' 'M' 'M' 'M' 'M' 'M' 'M'
 'M' 'A' 'U' 'M' 'U' 'M' 'M' 'U' 'M' 'M' 'M' 'M' 'M' 'U' 'M' 'M' 'M' 'U'
 'M' 'M' 'M' 'M' 'M' 'U' 'M' 'M' 'U' 'U' 'M' 'U' 'M' 'M' 'M' 'M' 'U' 'M']"
403101,0,161,4,157,37,0,0,"['A' 'M' 'M' 'M' 'M' 'M' 'U' 'M' 'M' 'M' 'M' 'M' 'M' 'M' 'M' 'A' 'M' 'M'
 'M' 'M' 'M' 'M' 'M' 'M' 'M' 'M' 'M' 'U' 'M' 'M' 'M' 'M' 'M' 'M' 'M' 'M'
 'M' 'M' 'M' 'M' 'M' 'M' 'M' 'M' 'U' 'U' 'M' 'M' 'M' 'M' 'M' 'U' 'M' 'M'
 'U' 'M' 'U' 'M' 'M' 'M' 'M' 'M' 'M' 'M' 'M' 'M' 'M' 'M' 'M' 'U' 'M' 'U'
 'M' 'M' 'M' 'M' 'M' 'M' 'M' 'M' 'M' 'U' 'U' 'M' 'M' 'M' 'M' 'M' 'M' 'M'
 'M' 'M' 'M' 'U' 'M' 'M' 'M' 'U' 'M' 'M' 'M' 'U' 'M' 'M' 'M' 'M' 'U' 'M'
 'M' 'M' 'M' 'M' 'M' 'M' 'M' 'M' 'M' 'U' 'M' 'M' 'M' 'M' 'M' 'M' 'M' 'M'
 'M' 'U' 'U' 'M' 'M' 'U' 'M' 'U' 'U' 'A' 'U' 'M' 'M' 'U' 'M' 'M' 'M' 'M'
 'M' 'M' 'M' 'M' 'M' 'U' 'M' 'U' 'M' 'M' 'M' 'U' 'U' 'M' 'M' 'M' 'M' 'U'
 'M' 'A' 'U' 'M' 'U' 'M' 'M' 'U' 'M' 'M' 'M' 'M' 'M' 'M' 'M' 'M' 'M' 'U'
 'M' 'M' 'M' 'M' 'M' 'U' 'M' 'M' 'U' 'U' 'M' 'U' 'M' 'M' 'M' 'M' 'U' 'M']"
403201,0,160,5,155,38,0,0,"['A' 'M' 'U' 'M' 'M' 'M' 'U' 'M' 'M' 'M' 'M' 'M' 'M' 'M' 'M' 'A' 'M' 'M'
 'M' 'M' 'M' 'M' 'M' 'M' 'M' 'M' 'M' 'M' 'M' 'M' 'M' 'M' 'M' 'M' 'M' 'M'
 'M' 'M' 'M' 'M' 'M' 'M' 'M' 'M' 'M' 'U' 'M' 'M' 'M' 'U' 'M' 'U' 'M' 'M'
 'U' 'U' 'U' 'M' 'M' 'M' 'M' 'M' 'M' 'M' 'M' 'M' 'M' 'U' 'M' 'U' 'M' 'U'
 'M' 'M' 'M' 'M' 'M' 'U' 'M' 'M' 'M' 'M' 'M' 'M' 'M' 'M' 'M' 'M' 'U' 'M'
 'M' 'M' 'M' 'M' 'M' 'M' 'M' 'M' 'M' 'M' 'M' 'U' 'M' 'M' 'M' 'M' 'U' 'M'
 'M' 'M' 'M' 'M' 'U' 'M' 'M' 'M' 'M' 'U' 'M' 'M' 'M' 'M' 'M' 'M' 'M' 'U'
 'M' 'U' 'U' 'M' 'U' 'U' 'M' 'U' 'U' 'A' 'A' 'M' 'M' 'U' 'M' 'M' 'M' 'M'
 'M' 'M' 'M' 'M' 'M' 'U' 'M' 'U' 'M' 'M' 'M' 'U' 'U' 'M' 'M' 'M' 'M' 'U'
 'M' 'A' 'U' 'M' 'U' 'M' 'M' 'U' 'M' 'M' 'M' 'M' 'M' 'M' 'M' 'M' 'U' 'U'
 'M' 'M' 'M' 'M' 'M' 'M' 'M' 'M' 'U' 'U' 'M' 'M' 'M' 'M' 'M' 'M' 'U' 'M']"
403301,0,160,3,157,38,0,0,"['A' 'M' 'M' 'M' 'M' 'M' 'U' 'M' 'M' 'M' 'M' 'M' 'M' 'M' 'M' 'A' 'M' 'M'
 'M' 'M' 'M' 'M' 'M' 'M' 'M' 'M' 'M' 'M' 'M' 'M' 'M' 'M' 'M' 'M' 'M' 'M'
 'M' 'M' 'M' 'M' 'M' 'M' 'M' 'M' 'M' 'M' 'M' 'M' 'U' 'U' 'M' 'U' 'M' 'M'
 'U' 'M' 'M' 'M' 'M' 'M' 'M' 'M' 'M' 'M' 'M' 'U' 'M' 'M' 'M' 'U' 'M' 'M'
 'M' 'M' 'M' 'M' 'M' 'M' 'M' 'M' 'M' 'M' 'M' 'U' 'M' 'M' 'M' 'U' 'M' 'M'
 'M' 'M' 'U' 'M' 'M' 'M' 'M' 'M' 'M' 'M' 'M' 'U' 'M' 'M' 'M' 'M' 'U' 'M'
 'M' 'M' 'M' 'M' 'U' 'M' 'M' 'M' 'M' 'U' 'M' 'M' 'M' 'M' 'M' 'M' 'M' 'U'
 'M' 'U' 'U' 'U' 'M' 'U' 'M' 'U' 'U' 'A' 'U' 'M' 'M' 'U' 'M' 'M' 'U' 'M'
 'M' 'M' 'M' 'M' 'U' 'U' 'M' 'U' 'M' 'M' 'M' 'U' 'U' 'M' 'M' 'M' 'M' 'U'
 'M' 'M' 'U' 'M' 'U' 'M' 'M' 'M' 'M' 'M' 'M' 'M' 'M' 'M' 'M' 'U' 'U' 'U'
 'M' 'M' 'M' 'M' 'M' 'M' 'M' 'M' 'U' 'M' 'M' 'M' 'M' 'U' 'M' 'M' 'U' 'M']"
403401,0,163,5,158,35,0,0,"['A' 'M' 'M' 'M' 'M' 'U' 'U' 'M' 'M' 'M' 'M' 'M' 'M' 'M' 'M' 'A' 'M' 'M'
 'M' 'M' 'M' 'M' 'M' 'M' 'M' 'M' 'M' 'M' 'M' 'M' 'M' 'M' 'M' 'M' 'M' 'M'
 'M' 'M' 'M' 'M' 'M' 'M' 'M' 'M' 'M' 'M' 'M' 'M' 'U' 'A' 'M' 'U' 'M' 'M'
 'U' 'M' 'M' 'M' 'M' 'M' 'M' 'M' 'M' 'M' 'M' 'U' 'U' 'M' 'M' 'M' 'M' 'M'
 'M' 'U' 'M' 'M' 'M' 'M' 'M' 'M' 'M' 'M' 'M' 'M' 'M' 'U' 'M' 'M' 'M' 'M'
 'M' 'M' 'U' 'M' 'M' 'M' 'M' 'M' 'M' 'M' 'M' 'U' 'M' 'M' 'M' 'M' 'U' 'M'
 'M' 'M' 'M' 'M' 'U' 'M' 'M' 'M' 'M' 'U' 'M' 'M' 'M' 'M' 'M' 'M' 'M' 'M'
 'M' 'U' 'A' 'U' 'M' 'U' 'M' 'U' 'U' 'A' 'U' 'U' 'M' 'U' 'M' 'M' 'U' 'M'
 'M' 'M' 'M' 'M' 'U' 'M' 'M' 'M' 'M' 'M' 'M' 'U' 'U' 'M' 'M' 'M' 'M' 'U'
 'M' 'M' 'U' 'M' 'U' 'M' 'M' 'M' 'M' 'M' 'M' 'M' 'M' 'M' 'M' 'U' 'U' 'M'
 'M' 'M' 'M' 'M' 'M' 'M' 'M' 'M' 'U' 'M' 'M' 'M' 'U' 'U' 'M' 'M' 'U' 'M']"
403501,0,156,4,152,42,0,0,"['A' 'M' 'M' 'M' 'M' 'M' 'U' 'M' 'M' 'M' 'M' 'M' 'M' 'U' 'M' 'A' 'M' 'M'
 'M' 'M' 'M' 'U' 'M' 'M' 'M' 'M' 'M' 'M' 'M' 'M' 'M' 'M' 'M' 'M' 'M' 'M'
 'M' 'M' 'M' 'M' 'M' 'M' 'M' 'M' 'M' 'M' 'M' 'M' 'M' 'U' 'M' 'U' 'M' 'M'
 'U' 'M' 'M' 'M' 'M' 'M' 'M' 'M' 'M' 'M' 'M' 'M' 'M' 'M' 'M' 'M' 'M' 'M'
 'U' 'M' 'M' 'M' 'M' 'M' 'M' 'M' 'M' 'M' 'M' 'M' 'U' 'M' 'U' 'U' 'M' 'M'
 'U' 'M' 'M' 'M' 'M' 'M' 'M' 'M' 'M' 'M' 'M' 'M' 'M' 'M' 'U' 'M' 'U' 'M'
 'M' 'M' 'M' 'U' 'U' 'M' 'M' 'M' 'M' 'U' 'M' 'M' 'M' 'M' 'M' 'U' 'U' 'M'
 'M' 'U' 'U' 'M' 'M' 'U' 'M' 'U' 'U' 'A' 'U' 'U' 'U' 'U' 'M' 'M' 'U' 'M'
 'M' 'M' 'M' 'M' 'U' 'M' 'U' 'U' 'M' 'M' 'M' 'U' 'U' 'M' 'M' 'M' 'M' 'U'
 'M' 'M' 'U' 'M' 'U' 'M' 'M' 'M' 'M' 'M' 'M' 'M' 'U' 'M' 'M' 'U' 'U' 'M'
 'M' 'M' 'M' 'M' 'M' 'M' 'M' 'M' 'U' 'M' 'M' 'M' 'U' 'A' 'M' 'M' 'U' 'M']"
403601,0,153,4,149,45,0,1,"['A' 'M' 'M' 'M' 'M' 'M' 'U' 'M' 'M' 'U' 'M' 'M' 'M' 'U' 'M' 'U' 'M' 'M'
 'M' 'M' 'M' 'U' 'M' 'M' 'A' 'M' 'M' 'M' 'M' 'M' 'M' 'M' 'M' 'M' 'M' 'M'
 'M' 'M' 'M' 'M' 'U' 'M' 'M' 'M' 'M' 'M' 'M' 'M' 'M' 'U' 'M' 'U' 'M' 'M'
 'M' 'M' 'M' 'M' 'M' 'U' 'M' 'M' 'M' 'M' 'M' 'M' 'M' 'U' 'M' 'M' 'M' 'M'
 'M' 'M' 'M' 'M' 'M' 'M' 'U' 'M' 'M' 'U' 'U' 'M' 'M' 'M' 'M' 'M' 'M' 'U'
 'M' 'M' 'M' 'M' 'M' 'M' 'M' 'M' 'M' 'M' 'U' 'M' 'M' 'M' 'U' 'M' 'U' 'M'
 'M' 'M' 'U' 'U' 'M' 'M' 'M' 'M' 'M' 'M' 'M' 'M' 'M' 'M' 'M' 'U' 'U' 'U'
 'M' 'U' 'U' 'M' 'M' 'U' 'M' 'U' 'U' 'A' 'U' 'U' 'U' 'U' 'M' 'M' 'U' 'M'
 'M' 'M' 'M' 'M' 'U' 'M' 'U' 'U' 'M' 'M' 'M' 'U' 'U' 'M' 'M' 'M' 'M' 'U'
 'M' 'M' 'U' 'M' 'U' 'M' 'M' 'M' 'M' 'M' 'M' 'M' 'U' 'M' 'M' 'U' 'A' 'M'
 'M' 'M' 'U' 'M' 'M' 'M' 'M' 'M' 'U' 'M' 'M' 'M' 'M' 'U' 'M' 'M' 'M' 'M']"
403701,0,159,4,155,39,1,0,"['A' 'M' 'M' 'M' 'M' 'M' 'M' 'U' 'M' 'M' 'M' 'M' 'M' 'U' 'M' 'U' 'U' 'M'
 'M' 'M' 'M' 'M' 'M' 'M' 'A' 'M' 'M' 'M' 'M' 'M' 'M' 'M' 'M' 'M' 'M' 'M'
 'M' 'M' 'M' 'M' 'U' 'M' 'M' 'M' 'M' 'M' 'M' 'M' 'M' 'M' 'M' 'U' 'M' 'M'
 'M' 'M' 'M' 'M' 'M' 'U' 'M' 'M' 'M' 'M' 'M' 'M' 'M' 'M' 'M' 'M' 'M' 'M'
 'M' 'M' 'U' 'M' 'M' 'M' 'M' 'M' 'M' 'M' 'M' 'U' 'M' 'M' 'U' 'U' 'M' 'M'
 'M' 'U' 'M' 'M' 'M' 'M' 'M' 'M' 'M' 'M' 'U' 'M' 'M' 'M' 'U' 'M' 'U' 'M'
 'M' 'M' 'M' 'M' 'M' 'M' 'M' 'M' 'M' 'M' 'U' 'M' 'M' 'M' 'U' 'U' 'M' 'U'
 'M' 'U' 'M' 'U' 'M' 'U' 'U' 'U' 'U' 'A' 'U' 'U' 'U' 'M' 'M' 'M' 'M' 'M'
 'M' 'M' 'M' 'M' 'M' 'M' 'U' 'U' 'M' 'M' 'M' 'M' 'U' 'M' 'M' 'U' 'M' 'U'
 'M' 'M' 'M' 'M' 'U' 'M' 'M' 'M' 'M' 'M' 'M' 'M' 'U' 'M' 'M' 'U' 'U' 'M'
 'A' 'M' 'U' 'M' 'M' 'M' 'M' 'M' 'M' 'M' 'M' 'M' 'M' 'U' 'M' 'M' 'M' 'M']"
403801,0,162,4,158,36,0,0,"['A' 'M' 'M' 'M' 'M' 'M' 'U' 'U' 'M' 'M' 'M' 'M' 'M' 'M' 'M' 'U' 'U' 'M'
 'M' 'M' 'M' 'M' 'M' 'M' 'A' 'M' 'M' 'M' 'M' 'M' 'M' 'M' 'M' 'U' 'M' 'M'
 'M' 'M' 'M' 'M' 'U' 'M' 'M' 'M' 'M' 'M' 'M' 'M' 'M' 'M' 'M' 'U' 'M' 'M'
 'M' 'M' 'M' 'M' 'M' 'M' 'M' 'M' 'M' 'M' 'M' 'M' 'M' 'M' 'U' 'M' 'M' 'M'
 'M' 'M' 'M' 'U' 'M' 'M' 'M' 'M' 'M' 'M' 'M' 'M' 'M' 'U' 'M' 'M' 'M' 'U'
 'U' 'M' 'M' 'M' 'M' 'M' 'M' 'M' 'M' 'M' 'U' 'M' 'M' 'M' 'M' 'M' 'M' 'M'
 'M' 'M' 'M' 'M' 'M' 'M' 'M' 'M' 'M' 'M' 'M' 'M' 'M' 'M' 'U' 'M' 'M' 'U'
 'M' 'U' 'M' 'U' 'M' 'U' 'M' 'U' 'U' 'A' 'U' 'U' 'U' 'M' 'M' 'U' 'M' 'M'
 'M' 'M' 'M' 'M' 'U' 'M' 'U' 'U' 'M' 'M' 'M' 'M' 'M' 'M' 'M' 'U' 'M' 'U'
 'U' 'M' 'M' 'M' 'U' 'M' 'M' 'M' 'M' 'M' 'U' 'M' 'M' 'M' 'M' 'M' 'U' 'M'
 'A' 'M' 'U' 'M' 'M' 'M' 'M' 'M' 'M' 'U' 'M' 'M' 'M' 'U' 'M' 'M' 'M' 'M']"
403901,0,160,4,156,38,1,0,"['A' 'M' 'U' 'M' 'M' 'M' 'U' 'M' 'M' 'M' 'M' 'M' 'M' 'M' 'M' 'U' 'U' 'M'
 'M' 'M' 'M' 'U' 'M' 'M' 'U' 'M' 'M' 'M' 'U' 'M' 'M' 'M' 'M' 'M' 'M' 'M'
 'M' 'M' 'M' 'M' 'U' 'M' 'M' 'M' 'M' 'M' 'M' 'M' 'M' 'M' 'M' 'U' 'M' 'M'
 'M' 'M' 'M' 'M' 'M' 'M' 'M' 'M' 'M' 'M' 'M' 'M' 'M' 'U' 'M' 'M' 'M' 'M'
 'M' 'M' 'U' 'M' 'M' 'M' 'M' 'M' 'U' 'M' 'U' 'M' 'M' 'M' 'M' 'M' 'M' 'M'
 'M' 'U' 'M' 'M' 'M' 'M' 'M' 'M' 'M' 'M' 'M' 'M' 'M' 'M' 'M' 'M' 'M' 'M'
 'M' 'M' 'M' 'M' 'M' 'U' 'M' 'M' 'M' 'M' 'M' 'M' 'M' 'M' 'M' 'M' 'M' 'U'
 'M' 'U' 'M' 'U' 'M' 'U' 'U' 'U' 'U' 'A' 'U' 'U' 'U' 'M' 'M' 'U' 'M' 'M'
 'M' 'M' 'M' 'M' 'U' 'U' 'M' 'U' 'M' 'M' 'M' 'M' 'M' 'M' 'M' 'U' 'A' 'U'
 'U' 'M' 'M' 'M' 'U' 'M' 'M' 'M' 'M' 'M' 'U' 'M' 'M' 'M' 'M' 'M' 'U' 'M'
 'A' 'M' 'M' 'M' 'M' 'M' 'M' 'U' 'M' 'U' 'M' 'M' 'M' 'U' 'M' 'M' 'M' 'M']"
404001,0,154,5,149,44,0,0,"['A' 'M' 'U' 'M' 'M' 'M' 'U' 'M' 'M' 'M' 'M' 'M' 'M' 'M' 'M' 'U' 'M' 'M'
 'M' 'M' 'M' 'U' 'M' 'M' 'U' 'U' 'U' 'M' 'U' 'M' 'M' 'M' 'M' 'M' 'M' 'M'
 'M' 'M' 'M' 'M' 'U' 'M' 'M' 'M' 'M' 'M' 'M' 'M' 'M' 'M' 'M' 'U' 'U' 'M'
 'M' 'M' 'M' 'M' 'M' 'M' 'M' 'M' 'M' 'M' 'M' 'M' 'M' 'M' 'M' 'M' 'M' 'U'
 'M' 'U' 'M' 'M' 'M' 'M' 'M' 'M' 'M' 'M' 'M' 'M' 'U' 'M' 'U' 'M' 'M' 'M'
 'M' 'U' 'M' 'M' 'M' 'M' 'M' 'M' 'M' 'M' 'U' 'U' 'M' 'M' 'M' 'M' 'M' 'M'
 'M' 'M' 'M' 'M' 'M' 'M' 'M' 'U' 'M' 'M' 'M' 'M' 'M' 'U' 'M' 'M' 'M' 'U'
 'M' 'U' 'M' 'U' 'M' 'U' 'U' 'U' 'U' 'A' 'U' 'U' 'U' 'M' 'M' 'U' 'M' 'M'
 'M' 'M' 'U' 'U' 'U' 'U' 'M' 'U' 'M' 'M' 'M' 'M' 'M' 'M' 'M' 'U' 'A' 'U'
 'U' 'M' 'M' 'M' 'U' 'M' 'M' 'M' 'M' 'M' 'A' 'M' 'M' 'M' 'M' 'M' 'U' 'M'
 'A' 'M' 'M' 'U' 'M' 'M' 'M' 'M' 'M' 'U' 'M' 'M' 'M' 'U' 'M' 'M' 'M' 'M']"
404101,0,157,5,152,41,0,0,"['A' 'M' 'U' 'M' 'U' 'M' 'U' 'M' 'M' 'M' 'M' 'M' 'M' 'M' 'M' 'U' 'U' 'M'
 'M' 'M' 'M' 'U' 'M' 'U' 'U' 'U' 'M' 'M' 'U' 'M' 'M' 'M' 'M' 'M' 'M' 'M'
 'M' 'M' 'M' 'M' 'U' 'M' 'M' 'M' 'M' 'M' 'M' 'M' 'M' 'M' 'M' 'U' 'U' 'M'
 'M' 'M' 'M' 'M' 'M' 'M' 'M' 'M' 'M' 'M' 'M' 'M' 'M' 'M' 'M' 'M' 'M' 'M'
 'U' 'M' 'M' 'M' 'U' 'M' 'M' 'M' 'M' 'U' 'M' 'M' 'M' 'U' 'U' 'M' 'M' 'M'
 'M' 'M' 'M' 'M' 'M' 'M' 'M' 'M' 'M' 'M' 'U' 'U' 'M' 'M' 'M' 'M' 'M' 'U'
 'M' 'M' 'M' 'M' 'U' 'M' 'M' 'U' 'U' 'M' 'M' 'M' 'M' 'U' 'M' 'M' 'M' 'M'
 'M' 'U' 'M' 'U' 'M' 'M' 'U' 'U' 'U' 'A' 'U' 'M' 'M' 'M' 'M' 'M' 'M' 'M'
 'M' 'M' 'M' 'M' 'M' 'U' 'M' 'U' 'M' 'M' 'M' 'M' 'M' 'M' 'M' 'U' 'A' 'U'
 'U' 'M' 'M' 'M' 'U' 'M' 'U' 'M' 'M' 'M' 'A' 'M' 'M' 'M' 'M' 'M' 'U' 'M'
 'A' 'M' 'M' 'M' 'M' 'M' 'M' 'U' 'M' 'M' 'M' 'M' 'M' 'U' 'M' 'M' 'M' 'M']"
404201,0,163,4,159,35,0,0,"['A' 'M' 'U' 'M' 'U' 'M' 'U' 'M' 'M' 'U' 'M' 'M' 'M' 'M' 'M' 'M' 'U' 'M'
 'M' 'M' 'M' 'M' 'M' 'U' 'M' 'U' 'M' 'M' 'U' 'M' 'M' 'M' 'M' 'M' 'M' 'M'
 'M' 'M' 'M' 'M' 'M' 'M' 'M' 'M' 'U' 'M' 'M' 'M' 'M' 'M' 'M' 'U' 'M' 'M'
 'M' 'M' 'M' 'U' 'M' 'M' 'M' 'M' 'M' 'M' 'M' 'M' 'U' 'U' 'M' 'M' 'M' 'M'
 'M' 'M' 'U' 'M' 'M' 'M' 'M' 'M' 'M' 'M' 'M' 'M' 'M' 'U' 'M' 'M' 'U' 'M'
 'M' 'M' 'M' 'M' 'M' 'M' 'M' 'M' 'M' 'M' 'U' 'U' 'M' 'M' 'M' 'M' 'U' 'M'
 'M' 'M' 'U' 'M' 'U' 'M' 'M' 'U' 'U' 'M' 'M' 'M' 'M' 'U' 'M' 'M' 'M' 'M'
 'M' 'U' 'M' 'M' 'M' 'M' 'U' 'U' 'U' 'M' 'U' 'M' 'M' 'M' 'M' 'M' 'M' 'M'
 'M' 'M' 'M' 'M' 'M' 'U' 'M' 'M' 'M' 'M' 'M' 'M' 'M' 'M' 'M' 'U' 'A' 'M'
 'M' 'M' 'M' 'M' 'U' 'M' 'M' 'M' 'M' 'M' 'A' 'M' 'M' 'M' 'M' 'M' 'U' 'M'
 'A' 'M' 'M' 'M' 'M' 'M' 'M' 'U' 'M' 'M' 'M' 'M' 'M' 'U' 'M' 'M' 'M' 'M']"
404301,0,160,6,154,38,0,0,"['A' 'M' 'U' 'M' 'M' 'M' 'U' 'M' 'M' 'U' 'M' 'M' 'M' 'M' 'M' 'M' 'U' 'M'
 'M' 'U' 'M' 'M' 'M' 'U' 'M' 'M' 'M' 'M' 'U' 'M' 'M' 'M' 'M' 'M' 'M' 'M'
 'M' 'M' 'M' 'M' 'M' 'M' 'M' 'M' 'U' 'U' 'M' 'M' 'M' 'M' 'M' 'U' 'M' 'M'
 'M' 'M' 'M' 'U' 'U' 'M' 'M' 'M' 'M' 'M' 'M' 'M' 'M' 'M' 'M' 'M' 'M' 'U'
 'M' 'M' 'M' 'M' 'M' 'M' 'M' 'M' 'M' 'U' 'M' 'M' 'M' 'M' 'M' 'M' 'U' 'U'
 'U' 'M' 'M' 'M' 'M' 'M' 'M' 'M' 'M' 'M' 'U' 'U' 'M' 'M' 'U' 'M' 'U' 'M'
 'M' 'M' 'U' 'M' 'U' 'M' 'M' 'U' 'U' 'M' 'A' 'M' 'M' 'U' 'M' 'M' 'M' 'M'
 'M' 'U' 'M' 'M' 'M' 'M' 'M' 'U' 'U' 'M' 'M' 'M' 'U' 'M' 'M' 'M' 'M' 'M'
 'M' 'M' 'M' 'M' 'M' 'U' 'M' 'M' 'M' 'M' 'U' 'M' 'M' 'M' 'M' 'U' 'A' 'M'
 'M' 'U' 'M' 'M' 'U' 'M' 'M' 'M' 'M' 'M' 'A' 'M' 'M' 'M' 'M' 'M' 'A' 'M'
 'A' 'M' 'M' 'M' 'M' 'M' 'M' 'U' 'M' 'U' 'M' 'M' 'M' 'U' 'M' 'M' 'M' 'M']"
404401,0,149,5,144,49,0,0,"['A' 'M' 'U' 'M' 'M' 'M' 'U' 'M' 'M' 'U' 'M' 'M' 'M' 'M' 'M' 'M' 'U' 'M'
 'M' 'U' 'M' 'M' 'M' 'U' 'M' 'M' 'M' 'M' 'M' 'M' 'M' 'M' 'M' 'M' 'M' 'M'
 'M' 'M' 'M' 'M' 'M' 'M' 'U' 'M' 'U' 'U' 'M' 'M' 'M' 'M' 'M' 'U' 'U' 'M'
 'M' 'M' 'M' 'U' 'U' 'M' 'M' 'M' 'M' 'M' 'M' 'M' 'M' 'M' 'M' 'M' 'M' 'M'
 'M' 'M' 'M' 'M' 'U' 'U' 'M' 'M' 'M' 'M' 'M' 'M' 'M' 'M' 'M' 'U' 'M' 'U'
 'M' 'U' 'M' 'M' 'M' 'M' 'M' 'M' 'M' 'M' 'U' 'U' 'M' 'M' 'U' 'M' 'U' 'M'
 'M' 'M' 'U' 'M' 'U' 'M' 'M' 'M' 'U' 'M' 'A' 'M' 'M' 'U' 'M' 'M' 'M' 'M'
 'M' 'U' 'M' 'U' 'M' 'U' 'U' 'U' 'U' 'U' 'U' 'U' 'U' 'M' 'M' 'M' 'M' 'M'
 'M' 'M' 'M' 'M' 'M' 'U' 'M' 'M' 'M' 'M' 'U' 'M' 'M' 'M' 'M' 'U' 'A' 'M'
 'M' 'U' 'M' 'M' 'U' 'M' 'U' 'M' 'U' 'M' 'A' 'M' 'M' 'M' 'M' 'M' 'M' 'M'
 'A' 'U' 'M' 'M' 'M' 'M' 'M' 'U' 'M' 'U' 'M' 'M' 'M' 'U' 'U' 'M' 'M' 'U']"
404501,0,150,6,144,48,0,0,"['A' 'M' 'U' 'M' 'M' 'M' 'U' 'M' 'M' 'U' 'M' 'M' 'M' 'M' 'M' 'M' 'U' 'M'
 'M' 'U' 'M' 'M' 'M' 'U' 'M' 'M' 'M' 'M' 'M' 'M' 'M' 'M' 'M' 'M' 'M' 'M'
 'M' 'M' 'M' 'M' 'M' 'M' 'U' 'M' 'U' 'U' 'M' 'M' 'M' 'M' 'M' 'U' 'M' 'M'
 'M' 'M' 'M' 'U' 'U' 'M' 'M' 'M' 'M' 'M' 'M' 'M' 'M' 'M' 'M' 'M' 'M' 'M'
 'M' 'M' 'M' 'M' 'M' 'M' 'U' 'M' 'U' 'M' 'M' 'M' 'M' 'M' 'M' 'U' 'M' 'M'
 'M' 'M' 'U' 'M' 'U' 'M' 'M' 'M' 'M' 'M' 'A' 'U' 'M' 'M' 'M' 'M' 'U' 'M'
 'M' 'U' 'U' 'M' 'M' 'M' 'M' 'M' 'U' 'U' 'A' 'M' 'U' 'U' 'M' 'M' 'M' 'M'
 'M' 'U' 'M' 'U' 'M' 'U' 'U' 'U' 'U' 'U' 'U' 'U' 'U' 'M' 'M' 'U' 'M' 'M'
 'M' 'M' 'M' 'M' 'M' 'U' 'M' 'M' 'M' 'M' 'U' 'M' 'M' 'M' 'M' 'M' 'A' 'M'
 'M' 'M' 'M' 'M' 'U' 'U' 'U' 'U' 'M' 'M' 'A' 'M' 'M' 'M' 'M' 'M' 'M' 'M'
 'A' 'U' 'M' 'M' 'M' 'M' 'M' 'U' 'M' 'U' 'M' 'M' 'M' 'U' 'U' 'M' 'M' 'U']"
404601,0,149,6,143,49,0,0,"['A' 'M' 'U' 'M' 'M' 'M' 'U' 'M' 'M' 'U' 'M' 'M' 'M' 'M' 'M' 'M' 'U' 'M'
 'M' 'M' 'M' 'M' 'M' 'U' 'M' 'M' 'M' 'M' 'M' 'M' 'M' 'M' 'M' 'M' 'M' 'M'
 'M' 'M' 'M' 'M' 'M' 'M' 'U' 'M' 'U' 'U' 'U' 'U' 'M' 'M' 'M' 'U' 'M' 'M'
 'U' 'U' 'M' 'U' 'U' 'M' 'M' 'M' 'M' 'M' 'M' 'M' 'U' 'U' 'M' 'M' 'M' 'U'
 'M' 'M' 'M' 'M' 'M' 'M' 'M' 'M' 'M' 'U' 'M' 'M' 'M' 'M' 'M' 'M' 'M' 'M'
 'M' 'M' 'U' 'M' 'M' 'M' 'M' 'M' 'M' 'M' 'A' 'U' 'M' 'M' 'M' 'M' 'M' 'M'
 'M' 'U' 'A' 'M' 'U' 'M' 'M' 'M' 'U' 'M' 'U' 'M' 'U' 'U' 'M' 'M' 'M' 'M'
 'M' 'U' 'M' 'U' 'M' 'M' 'M' 'U' 'U' 'U' 'U' 'U' 'U' 'M' 'M' 'U' 'M' 'M'
 'M' 'M' 'U' 'M' 'M' 'U' 'M' 'M' 'M' 'M' 'U' 'M' 'M' 'M' 'M' 'M' 'A' 'U'
 'M' 'M' 'M' 'M' 'U' 'M' 'U' 'U' 'M' 'M' 'A' 'M' 'M' 'M' 'M' 'M' 'U' 'M'
 'A' 'U' 'M' 'M' 'M' 'M' 'M' 'U' 'M' 'U' 'M' 'M' 'M' 'U' 'M' 'M' 'M' 'U']"
404701,0,155,6,149,43,0,0,"['A' 'M' 'U' 'M' 'M' 'M' 'U' 'M' 'M' 'M' 'U' 'M' 'M' 'M' 'M' 'M' 'A' 'M'
 'M' 'M' 'M' 'M' 'M' 'U' 'M' 'M' 'M' 'M' 'M' 'M' 'M' 'M' 'M' 'M' 'U' 'M'
 'M' 'M' 'M' 'M' 'M' 'M' 'M' 'M' 'U' 'U' 'U' 'U' 'M' 'M' 'M' 'U' 'M' 'M'
 'U' 'U' 'M' 'U' 'U' 'M' 'M' 'M' 'M' 'M' 'M' 'M' 'M' 'M' 'M' 'M' 'M' 'M'
 'M' 'M' 'M' 'M' 'U' 'M' 'M' 'M' 'M' 'U' 'M' 'U' 'M' 'U' 'M' 'M' 'M' 'M'
 'M' 'U' 'M' 'M' 'M' 'M' 'M' 'M' 'M' 'M' 'A' 'U' 'M' 'M' 'M' 'M' 'M' 'M'
 'M' 'U' 'A' 'M' 'M' 'M' 'M' 'M' 'U' 'M' 'U' 'M' 'U' 'U' 'M' 'M' 'M' 'M'
 'M' 'U' 'M' 'U' 'M' 'M' 'M' 'M' 'U' 'U' 'U' 'U' 'M' 'M' 'M' 'M' 'M' 'M'
 'M' 'M' 'U' 'M' 'M' 'U' 'M' 'M' 'M' 'M' 'U' 'M' 'M' 'M' 'U' 'M' 'A' 'U'
 'M' 'M' 'M' 'M' 'U' 'M' 'U' 'M' 'M' 'M' 'A' 'M' 'M' 'M' 'M' 'M' 'M' 'M'
 'U' 'U' 'M' 'M' 'M' 'M' 'M' 'U' 'M' 'M' 'M' 'M' 'M' 'U' 'M' 'M' 'M' 'U']"
404801,0,159,6,153,39,0,0,"['A' 'M' 'U' 'M' 'M' 'M' 'U' 'U' 'M' 'M' 'U' 'U' 'M' 'M' 'M' 'U' 'U' 'M'
 'M' 'M' 'M' 'M' 'M' 'U' 'M' 'M' 'M' 'M' 'M' 'M' 'M' 'M' 'M' 'M' 'U' 'M'
 'M' 'M' 'M' 'M' 'M' 'M' 'M' 'M' 'U' 'U' 'U' 'A' 'M' 'M' 'M' 'U' 'M' 'M'
 'M' 'U' 'M' 'U' 'U' 'M' 'M' 'M' 'M' 'M' 'M' 'M' 'M' 'M' 'M' 'M' 'M' 'M'
 'M' 'M' 'M' 'M' 'M' 'U' 'M' 'U' 'M' 'U' 'M' 'M' 'M' 'M' 'M' 'M' 'M' 'U'
 'M' 'M' 'M' 'U' 'M' 'M' 'M' 'U' 'U' 'M' 'A' 'M' 'M' 'M' 'M' 'M' 'M' 'M'
 'M' 'U' 'U' 'M' 'M' 'M' 'M' 'M' 'M' 'M' 'U' 'M' 'U' 'U' 'M' 'M' 'M' 'M'
 'M' 'U' 'M' 'M' 'M' 'M' 'M' 'M' 'A' 'U' 'M' 'U' 'M' 'M' 'M' 'M' 'M' 'M'
 'M' 'M' 'M' 'M' 'M' 'U' 'M' 'M' 'M' 'M' 'U' 'M' 'M' 'M' 'U' 'M' 'A' 'U'
 'M' 'M' 'M' 'M' 'M' 'U' 'M' 'M' 'M' 'M' 'A' 'M' 'M' 'M' 'M' 'M' 'M' 'M'
 'M' 'U' 'M' 'M' 'M' 'M' 'M' 'U' 'M' 'M' 'M' 'M' 'M' 'M' 'M' 'M' 'M' 'U']"
404901,0,166,5,161,32,0,0,"['A' 'U' 'M' 'M' 'M' 'M' 'U' 'U' 'M' 'M' 'U' 'U' 'M' 'M' 'M' 'M' 'U' 'M'
 'M' 'M' 'M' 'M' 'M' 'U' 'M' 'M' 'M' 'U' 'M' 'M' 'M' 'M' 'M' 'M' 'M' 'M'
 'M' 'M' 'M' 'M' 'M' 'M' 'M' 'M' 'U' 'U' 'U' 'A' 'M' 'M' 'M' 'U' 'M' 'M'
 'M' 'U' 'M' 'U' 'M' 'M' 'M' 'M' 'M' 'M' 'M' 'U' 'U' 'M' 'M' 'M' 'M' 'U'
 'M' 'U' 'M' 'M' 'M' 'M' 'M' 'M' 'M' 'M' 'M' 'M' 'U' 'M' 'M' 'M' 'M' 'M'
 'M' 'M' 'M' 'M' 'M' 'M' 'M' 'M' 'U' 'M' 'A' 'M' 'M' 'M' 'M' 'M' 'M' 'M'
 'M' 'M' 'U' 'M' 'M' 'M' 'M' 'M' 'M' 'M' 'U' 'M' 'U' 'U' 'M' 'M' 'M' 'M'
 'M' 'U' 'M' 'M' 'M' 'M' 'M' 'M' 'M' 'U' 'M' 'U' 'M' 'M' 'M' 'M' 'M' 'M'
 'M' 'M' 'M' 'M' 'M' 'M' 'M' 'M' 'M' 'M' 'U' 'M' 'M' 'U' 'M' 'M' 'A' 'U'
 'M' 'M' 'M' 'M' 'M' 'U' 'M' 'M' 'M' 'M' 'A' 'M' 'M' 'M' 'M' 'M' 'M' 'M'
 'M' 'M' 'M' 'M' 'M' 'M' 'M' 'M' 'M' 'M' 'M' 'M' 'M' 'M' 'M' 'M' 'M' 'U']"
405001,0,172,5,167,26,0,0,"['A' 'M' 'M' 'M' 'M' 'M' 'U' 'U' 'M' 'M' 'M' 'M' 'M' 'M' 'M' 'M' 'M' 'M'
 'M' 'M' 'M' 'M' 'M' 'M' 'M' 'M' 'M' 'U' 'M' 'M' 'M' 'M' 'M' 'M' 'M' 'M'
 'M' 'M' 'M' 'M' 'M' 'M' 'M' 'M' 'U' 'U' 'M' 'U' 'M' 'M' 'M' 'M' 'M' 'M'
 'M' 'U' 'M' 'M' 'M' 'M' 'U' 'M' 'M' 'M' 'M' 'M' 'M' 'M' 'M' 'M' 'M' 'M'
 'M' 'M' 'M' 'M' 'M' 'U' 'M' 'U' 'M' 'M' 'M' 'M' 'U' 'M' 'M' 'U' 'M' 'U'
 'M' 'M' 'M' 'M' 'M' 'M' 'M' 'M' 'U' 'M' 'A' 'M' 'M' 'M' 'M' 'M' 'M' 'M'
 'M' 'M' 'U' 'M' 'M' 'M' 'M' 'M' 'U' 'M' 'A' 'M' 'U' 'U' 'M' 'M' 'M' 'M'
 'M' 'U' 'M' 'M' 'M' 'M' 'M' 'M' 'M' 'U' 'M' 'U' 'U' 'M' 'M' 'M' 'U' 'M'
 'M' 'M' 'M' 'M' 'M' 'M' 'M' 'M' 'M' 'M' 'M' 'M' 'M' 'U' 'M' 'M' 'A' 'U'
 'M' 'M' 'M' 'M' 'M' 'M' 'M' 'M' 'M' 'M' 'A' 'M' 'M' 'M' 'M' 'M' 'M' 'M'
 'M' 'M' 'M' 'M' 'M' 'M' 'M' 'M' 'M' 'M' 'M' 'M' 'M' 'M' 'M' 'M' 'M' 'U']"
405101,0,177,5,172,21,0,0,"['A' 'M' 'M' 'M' 'M' 'M' 'U' 'M' 'M' 'M' 'M' 'M' 'M' 'M' 'M' 'M' 'M' 'M'
 'M' 'M' 'M' 'M' 'M' 'M' 'M' 'M' 'M' 'U' 'M' 'M' 'M' 'M' 'M' 'M' 'M' 'M'
 'M' 'M' 'M' 'M' 'M' 'M' 'M' 'M' 'U' 'M' 'M' 'U' 'M' 'M' 'M' 'M' 'M' 'M'
 'M' 'U' 'U' 'M' 'M' 'M' 'U' 'M' 'M' 'M' 'M' 'M' 'M' 'M' 'M' 'U' 'M' 'M'
 'M' 'M' 'M' 'M' 'U' 'M' 'M' 'M' 'M' 'M' 'M' 'M' 'U' 'M' 'M' 'M' 'U' 'M'
 'M' 'M' 'M' 'M' 'U' 'M' 'M' 'M' 'U' 'M' 'A' 'M' 'M' 'M' 'M' 'M' 'M' 'M'
 'M' 'M' 'M' 'M' 'M' 'M' 'M' 'M' 'M' 'M' 'A' 'M' 'M' 'M' 'M' 'M' 'M' 'M'
 'M' 'M' 'M' 'U' 'M' 'M' 'M' 'M' 'U' 'M' 'M' 'U' 'U' 'M' 'M' 'M' 'U' 'M'
 'M' 'M' 'M' 'M' 'M' 'M' 'M' 'M' 'M' 'M' 'M' 'M' 'M' 'U' 'M' 'M' 'A' 'U'
 'M' 'M' 'M' 'M' 'M' 'M' 'M' 'M' 'M' 'M' 'A' 'M' 'M' 'M' 'M' 'M' 'M' 'M'
 'M' 'M' 'M' 'M' 'M' 'M' 'M' 'M' 'M' 'M' 'M' 'M' 'M' 'M' 'M' 'M' 'M' 'U']"
405201,0,176,6,170,22,0,0,"['A' 'M' 'M' 'M' 'M' 'M' 'U' 'M' 'M' 'M' 'M' 'M' 'M' 'M' 'M' 'M' 'M' 'M'
 'M' 'M' 'M' 'M' 'U' 'M' 'M' 'M' 'M' 'U' 'M' 'M' 'M' 'M' 'M' 'M' 'M' 'M'
 'M' 'M' 'M' 'M' 'M' 'M' 'M' 'M' 'M' 'M' 'M' 'M' 'M' 'M' 'M' 'M' 'M' 'M'
 'M' 'U' 'U' 'M' 'M' 'M' 'U' 'M' 'M' 'M' 'M' 'M' 'M' 'U' 'M' 'U' 'M' 'M'
 'M' 'M' 'M' 'M' 'M' 'M' 'U' 'M' 'M' 'M' 'U' 'M' 'M' 'U' 'M' 'M' 'M' 'M'
 'M' 'M' 'M' 'M' 'M' 'M' 'M' 'M' 'M' 'M' 'A' 'M' 'M' 'M' 'M' 'M' 'M' 'M'
 'M' 'M' 'M' 'M' 'M' 'M' 'M' 'M' 'M' 'M' 'A' 'M' 'M' 'M' 'M' 'M' 'M' 'M'
 'M' 'M' 'M' 'U' 'M' 'M' 'M' 'M' 'U' 'M' 'M' 'M' 'M' 'M' 'M' 'M' 'U' 'M'
 'M' 'M' 'U' 'M' 'M' 'M' 'U' 'U' 'M' 'M' 'M' 'M' 'M' 'A' 'M' 'M' 'A' 'U'
 'M' 'U' 'M' 'M' 'M' 'M' 'U' 'M' 'M' 'M' 'A' 'M' 'M' 'M' 'M' 'M' 'M' 'M'
 'M' 'M' 'M' 'M' 'M' 'M' 'M' 'M' 'M' 'M' 'M' 'M' 'M' 'M' 'U' 'M' 'M' 'U']"
405301,0,176,5,171,22,1,0,"['A' 'M' 'M' 'M' 'M' 'M' 'U' 'M' 'M' 'M' 'M' 'M' 'M' 'M' 'M' 'M' 'M' 'M'
 'M' 'M' 'M' 'M' 'U' 'M' 'M' 'M' 'M' 'M' 'M' 'M' 'M' 'M' 'M' 'M' 'M' 'M'
 'M' 'M' 'M' 'M' 'M' 'M' 'M' 'M' 'M' 'M' 'M' 'M' 'M' 'M' 'M' 'M' 'M' 'M'
 'U' 'M' 'U' 'M' 'M' 'M' 'U' 'M' 'M' 'M' 'M' 'U' 'M' 'M' 'M' 'U' 'M' 'M'
 'M' 'M' 'M' 'M' 'M' 'M' 'M' 'M' 'M' 'U' 'M' 'M' 'U' 'M' 'M' 'M' 'M' 'M'
 'M' 'M' 'M' 'U' 'M' 'M' 'M' 'M' 'M' 'M' 'A' 'M' 'U' 'M' 'M' 'M' 'M' 'M'
 'M' 'M' 'M' 'M' 'M' 'M' 'M' 'M' 'M' 'M' 'A' 'M' 'M' 'M' 'M' 'M' 'M' 'M'
 'M' 'M' 'M' 'M' 'M' 'M' 'M' 'M' 'M' 'M' 'M' 'M' 'M' 'A' 'M' 'M' 'U' 'M'
 'M' 'M' 'U' 'M' 'M' 'M' 'U' 'M' 'M' 'M' 'M' 'M' 'M' 'A' 'M' 'M' 'U' 'M'
 'M' 'U' 'M' 'M' 'M' 'M' 'U' 'M' 'M' 'M' 'U' 'M' 'M' 'M' 'M' 'M' 'M' 'M'
 'M' 'M' 'M' 'M' 'U' 'M' 'M' 'M' 'U' 'M' 'M' 'M' 'M' 'M' 'U' 'M' 'M' 'U']"
405401,0,166,3,163,32,0,0,"['A' 'M' 'M' 'M' 'M' 'M' 'U' 'M' 'M' 'M' 'M' 'U' 'U' 'M' 'M' 'M' 'M' 'M'
 'M' 'M' 'M' 'U' 'U' 'M' 'M' 'M' 'M' 'M' 'M' 'M' 'M' 'M' 'M' 'M' 'M' 'M'
 'M' 'M' 'M' 'M' 'M' 'M' 'M' 'M' 'M' 'M' 'M' 'M' 'M' 'M' 'M' 'M' 'M' 'M'
 'U' 'M' 'U' 'M' 'M' 'U' 'M' 'M' 'M' 'M' 'M' 'U' 'U' 'M' 'M' 'M' 'U' 'M'
 'M' 'M' 'U' 'M' 'M' 'M' 'U' 'M' 'M' 'M' 'M' 'M' 'M' 'M' 'M' 'M' 'M' 'M'
 'M' 'M' 'M' 'M' 'M' 'M' 'M' 'M' 'M' 'U' 'A' 'M' 'U' 'M' 'M' 'M' 'M' 'M'
 'M' 'M' 'M' 'M' 'M' 'M' 'M' 'M' 'M' 'M' 'A' 'M' 'M' 'M' 'M' 'M' 'M' 'M'
 'M' 'M' 'M' 'M' 'M' 'U' 'M' 'M' 'M' 'M' 'M' 'M' 'M' 'U' 'M' 'M' 'U' 'M'
 'M' 'M' 'U' 'M' 'M' 'M' 'U' 'M' 'M' 'M' 'M' 'M' 'M' 'U' 'M' 'U' 'U' 'M'
 'M' 'U' 'M' 'M' 'M' 'M' 'U' 'M' 'M' 'U' 'U' 'M' 'M' 'M' 'M' 'U' 'M' 'M'
 'M' 'M' 'M' 'M' 'U' 'M' 'M' 'M' 'U' 'M' 'M' 'M' 'M' 'M' 'U' 'M' 'M' 'U']"
405501,0,156,2,154,42,0,0,"['A' 'M' 'M' 'M' 'M' 'M' 'U' 'M' 'M' 'M' 'M' 'U' 'M' 'M' 'M' 'M' 'M' 'U'
 'M' 'U' 'M' 'M' 'U' 'M' 'M' 'M' 'M' 'M' 'M' 'M' 'M' 'M' 'M' 'M' 'M' 'M'
 'M' 'M' 'M' 'M' 'M' 'U' 'U' 'M' 'M' 'M' 'M' 'M' 'M' 'M' 'M' 'M' 'M' 'M'
 'U' 'U' 'U' 'M' 'M' 'U' 'M' 'M' 'M' 'M' 'M' 'M' 'U' 'M' 'M' 'M' 'M' 'M'
 'M' 'M' 'M' 'M' 'U' 'M' 'U' 'M' 'M' 'M' 'M' 'M' 'M' 'M' 'M' 'M' 'M' 'M'
 'M' 'M' 'U' 'M' 'U' 'M' 'M' 'M' 'M' 'U' 'U' 'M' 'U' 'M' 'U' 'M' 'M' 'M'
 'U' 'U' 'M' 'M' 'M' 'M' 'M' 'M' 'M' 'M' 'A' 'M' 'M' 'M' 'M' 'M' 'M' 'M'
 'M' 'M' 'M' 'M' 'M' 'U' 'U' 'U' 'U' 'U' 'U' 'U' 'U' 'M' 'U' 'M' 'U' 'M'
 'M' 'M' 'U' 'M' 'M' 'M' 'M' 'M' 'M' 'M' 'M' 'M' 'M' 'U' 'M' 'M' 'U' 'M'
 'M' 'M' 'M' 'M' 'M' 'M' 'U' 'M' 'M' 'U' 'M' 'M' 'M' 'M' 'M' 'U' 'M' 'M'
 'M' 'M' 'M' 'M' 'U' 'M' 'U' 'M' 'M' 'M' 'M' 'M' 'M' 'M' 'U' 'M' 'M' 'U']"
405601,0,155,3,152,43,0,0,"['A' 'M' 'M' 'M' 'M' 'M' 'U' 'M' 'M' 'M' 'M' 'U' 'U' 'M' 'M' 'M' 'M' 'M'
 'M' 'U' 'M' 'M' 'U' 'M' 'M' 'M' 'M' 'M' 'M' 'M' 'M' 'M' 'M' 'M' 'M' 'M'
 'M' 'M' 'M' 'M' 'M' 'U' 'U' 'M' 'M' 'M' 'M' 'M' 'M' 'M' 'M' 'M' 'M' 'M'
 'U' 'U' 'M' 'U' 'M' 'U' 'M' 'M' 'M' 'M' 'M' 'M' 'M' 'M' 'M' 'U' 'M' 'M'
 'U' 'M' 'M' 'M' 'M' 'M' 'U' 'M' 'M' 'M' 'M' 'M' 'M' 'M' 'U' 'M' 'M' 'U'
 'M' 'M' 'M' 'M' 'M' 'M' 'M' 'U' 'M' 'M' 'U' 'M' 'M' 'M' 'U' 'M' 'M' 'M'
 'U' 'U' 'M' 'M' 'M' 'U' 'M' 'M' 'M' 'M' 'A' 'M' 'M' 'M' 'M' 'M' 'M' 'M'
 'M' 'U' 'M' 'M' 'M' 'U' 'U' 'U' 'U' 'U' 'U' 'U' 'U' 'M' 'U' 'M' 'M' 'M'
 'M' 'M' 'A' 'M' 'M' 'M' 'M' 'M' 'M' 'M' 'M' 'M' 'M' 'U' 'M' 'M' 'U' 'M'
 'M' 'M' 'M' 'M' 'U' 'M' 'U' 'M' 'M' 'U' 'M' 'M' 'M' 'M' 'M' 'U' 'M' 'M'
 'M' 'M' 'M' 'M' 'U' 'M' 'U' 'U' 'M' 'M' 'M' 'M' 'M' 'M' 'U' 'M' 'M' 'U']"
405701,0,161,5,156,37,0,0,"['A' 'M' 'U' 'M' 'M' 'U' 'U' 'M' 'M' 'M' 'M' 'U' 'U' 'M' 'M' 'M' 'M' 'M'
 'M' 'U' 'M' 'M' 'M' 'M' 'M' 'M' 'M' 'M' 'M' 'M' 'M' 'M' 'M' 'M' 'M' 'M'
 'M' 'M' 'M' 'U' 'M' 'U' 'M' 'M' 'M' 'M' 'M' 'M' 'M' 'M' 'M' 'M' 'M' 'M'
 'U' 'U' 'M' 'M' 'M' 'U' 'M' 'M' 'M' 'M' 'M' 'M' 'M' 'U' 'M' 'M' 'M' 'M'
 'M' 'M' 'M' 'U' 'U' 'M' 'M' 'M' 'M' 'M' 'M' 'M' 'M' 'M' 'M' 'M' 'U' 'M'
 'M' 'M' 'M' 'M' 'U' 'M' 'M' 'A' 'M' 'M' 'U' 'M' 'M' 'M' 'U' 'M' 'M' 'M'
 'M' 'U' 'M' 'M' 'M' 'U' 'M' 'M' 'M' 'M' 'A' 'M' 'M' 'M' 'M' 'M' 'M' 'M'
 'M' 'M' 'M' 'M' 'M' 'U' 'U' 'M' 'A' 'U' 'U' 'U' 'U' 'M' 'U' 'U' 'M' 'M'
 'M' 'M' 'A' 'M' 'M' 'M' 'M' 'U' 'M' 'M' 'M' 'M' 'M' 'U' 'M' 'M' 'U' 'M'
 'M' 'M' 'M' 'M' 'U' 'M' 'M' 'M' 'M' 'U' 'M' 'M' 'U' 'M' 'M' 'M' 'M' 'M'
 'M' 'M' 'M' 'M' 'M' 'M' 'M' 'U' 'M' 'M' 'M' 'M' 'M' 'M' 'U' 'M' 'M' 'U']"
405801,0,164,5,159,34,0,0,"['A' 'M' 'M' 'M' 'M' 'M' 'U' 'M' 'M' 'M' 'U' 'M' 'M' 'M' 'M' 'M' 'M' 'M'
 'M' 'U' 'M' 'M' 'M' 'M' 'M' 'M' 'M' 'M' 'U' 'M' 'M' 'U' 'M' 'M' 'M' 'M'
 'M' 'M' 'M' 'M' 'M' 'U' 'M' 'M' 'M' 'M' 'M' 'M' 'M' 'M' 'M' 'M' 'M' 'M'
 'U' 'U' 'M' 'M' 'M' 'M' 'M' 'M' 'M' 'M' 'M' 'M' 'M' 'M' 'M' 'M' 'U' 'M'
 'M' 'M' 'M' 'M' 'M' 'M' 'M' 'M' 'M' 'M' 'M' 'M' 'U' 'M' 'U' 'U' 'M' 'M'
 'U' 'M' 'M' 'M' 'M' 'U' 'M' 'A' 'M' 'M' 'U' 'M' 'M' 'M' 'M' 'M' 'M' 'M'
 'M' 'U' 'M' 'M' 'M' 'U' 'M' 'M' 'M' 'M' 'A' 'M' 'M' 'M' 'M' 'M' 'M' 'U'
 'M' 'M' 'M' 'M' 'M' 'M' 'U' 'M' 'A' 'U' 'U' 'U' 'U' 'M' 'U' 'U' 'M' 'M'
 'M' 'M' 'A' 'M' 'M' 'M' 'M' 'U' 'M' 'M' 'M' 'M' 'M' 'U' 'M' 'M' 'U' 'M'
 'M' 'M' 'M' 'M' 'U' 'M' 'M' 'M' 'M' 'U' 'M' 'M' 'U' 'M' 'M' 'M' 'M' 'M'
 'M' 'M' 'M' 'M' 'M' 'M' 'M' 'U' 'M' 'M' 'U' 'M' 'M' 'M' 'M' 'M' 'M' 'U']"
405901,0,165,3,162,33,0,0,"['A' 'M' 'M' 'M' 'M' 'M' 'U' 'M' 'M' 'M' 'U' 'M' 'M' 'M' 'M' 'M' 'M' 'M'
 'M' 'M' 'M' 'M' 'M' 'M' 'M' 'M' 'M' 'M' 'U' 'M' 'U' 'M' 'M' 'M' 'M' 'M'
 'U' 'M' 'U' 'M' 'U' 'U' 'M' 'M' 'M' 'M' 'M' 'M' 'M' 'M' 'M' 'M' 'M' 'M'
 'M' 'U' 'M' 'M' 'M' 'M' 'U' 'M' 'M' 'M' 'M' 'M' 'M' 'M' 'M' 'M' 'U' 'M'
 'M' 'M' 'M' 'M' 'M' 'M' 'M' 'M' 'M' 'U' 'M' 'M' 'M' 'M' 'M' 'M' 'U' 'M'
 'U' 'M' 'M' 'M' 'U' 'U' 'M' 'A' 'M' 'M' 'M' 'M' 'M' 'M' 'M' 'M' 'M' 'M'
 'M' 'M' 'M' 'M' 'M' 'M' 'M' 'M' 'M' 'U' 'U' 'M' 'M' 'M' 'M' 'M' 'M' 'U'
 'M' 'M' 'M' 'M' 'M' 'M' 'M' 'M' 'U' 'M' 'U' 'M' 'U' 'M' 'U' 'U' 'M' 'M'
 'U' 'M' 'A' 'M' 'M' 'M' 'M' 'U' 'M' 'M' 'M' 'M' 'M' 'U' 'M' 'M' 'U' 'M'
 'M' 'M' 'M' 'M' 'U' 'M' 'M' 'M' 'M' 'M' 'M' 'M' 'U' 'M' 'M' 'M' 'M' 'M'
 'M' 'M' 'M' 'M' 'M' 'M' 'M' 'U' 'M' 'M' 'M' 'M' 'M' 'M' 'M' 'U' 'M' 'U']"
406001,0,157,2,155,41,0,0,"['A' 'M' 'M' 'M' 'M' 'M' 'U' 'U' 'M' 'M' 'U' 'M' 'U' 'M' 'M' 'M' 'M' 'M'
 'M' 'M' 'M' 'M' 'M' 'M' 'M' 'M' 'M' 'M' 'U' 'M' 'U' 'M' 'M' 'M' 'M' 'M'
 'U' 'U' 'U' 'M' 'U' 'U' 'M' 'M' 'M' 'M' 'M' 'M' 'M' 'M' 'M' 'M' 'U' 'M'
 'M' 'U' 'M' 'M' 'M' 'M' 'M' 'M' 'M' 'M' 'M' 'M' 'U' 'M' 'M' 'M' 'M' 'M'
 'M' 'M' 'U' 'M' 'M' 'M' 'M' 'M' 'M' 'U' 'M' 'M' 'M' 'M' 'M' 'M' 'M' 'M'
 'U' 'M' 'U' 'M' 'M' 'U' 'M' 'U' 'M' 'M' 'M' 'M' 'M' 'M' 'M' 'U' 'M' 'M'
 'M' 'M' 'M' 'M' 'M' 'U' 'M' 'M' 'M' 'U' 'M' 'M' 'M' 'M' 'M' 'M' 'M' 'U'
 'M' 'M' 'M' 'M' 'M' 'M' 'U' 'U' 'U' 'U' 'U' 'U' 'U' 'M' 'M' 'U' 'M' 'M'
 'U' 'M' 'A' 'M' 'M' 'M' 'M' 'U' 'M' 'M' 'M' 'M' 'M' 'U' 'M' 'M' 'U' 'M'
 'M' 'M' 'M' 'M' 'M' 'M' 'U' 'M' 'M' 'M' 'M' 'M' 'U' 'M' 'M' 'M' 'M' 'M'
 'M' 'M' 'M' 'M' 'M' 'M' 'M' 'U' 'M' 'M' 'M' 'M' 'M' 'M' 'M' 'U' 'M' 'U']"
406101,0,161,2,159,37,1,0,"['A' 'M' 'M' 'M' 'M' 'M' 'U' 'A' 'M' 'M' 'U' 'M' 'U' 'M' 'M' 'M' 'M' 'M'
 'M' 'M' 'M' 'M' 'U' 'M' 'M' 'M' 'M' 'M' 'U' 'M' 'M' 'M' 'U' 'M' 'M' 'M'
 'U' 'U' 'M' 'M' 'U' 'M' 'M' 'M' 'M' 'M' 'M' 'M' 'M' 'M' 'M' 'M' 'U' 'M'
 'M' 'U' 'M' 'M' 'U' 'M' 'M' 'M' 'M' 'M' 'U' 'M' 'M' 'U' 'M' 'M' 'M' 'U'
 'M' 'M' 'M' 'M' 'M' 'M' 'M' 'U' 'M' 'M' 'U' 'M' 'M' 'M' 'M' 'M' 'M' 'M'
 'M' 'M' 'M' 'M' 'U' 'U' 'M' 'M' 'M' 'M' 'M' 'M' 'M' 'M' 'U' 'U' 'M' 'M'
 'M' 'M' 'M' 'M' 'M' 'M' 'M' 'M' 'M' 'U' 'M' 'M' 'M' 'M' 'M' 'M' 'M' 'U'
 'M' 'M' 'M' 'M' 'M' 'M' 'U' 'U' 'U' 'U' 'U' 'M' 'U' 'M' 'M' 'M' 'M' 'M'
 'U' 'M' 'U' 'M' 'M' 'M' 'M' 'M' 'M' 'M' 'M' 'M' 'M' 'M' 'M' 'M' 'M' 'M'
 'M' 'M' 'M' 'M' 'M' 'M' 'U' 'M' 'M' 'M' 'M' 'M' 'U' 'M' 'M' 'M' 'M' 'M'
 'M' 'U' 'M' 'M' 'M' 'M' 'M' 'U' 'M' 'M' 'M' 'M' 'M' 'M' 'M' 'U' 'M' 'U']"
406201,0,167,2,165,31,0,0,"['A' 'M' 'M' 'M' 'M' 'M' 'U' 'A' 'M' 'M' 'U' 'M' 'U' 'M' 'U' 'M' 'M' 'M'
 'M' 'M' 'M' 'M' 'M' 'M' 'M' 'M' 'M' 'M' 'U' 'M' 'M' 'M' 'M' 'M' 'M' 'M'
 'U' 'M' 'M' 'M' 'M' 'M' 'M' 'M' 'M' 'M' 'M' 'M' 'M' 'M' 'M' 'M' 'U' 'M'
 'M' 'U' 'M' 'M' 'M' 'M' 'M' 'M' 'M' 'M' 'U' 'M' 'M' 'M' 'M' 'M' 'M' 'M'
 'M' 'M' 'M' 'U' 'M' 'U' 'M' 'U' 'U' 'M' 'U' 'M' 'M' 'M' 'M' 'M' 'M' 'M'
 'M' 'M' 'M' 'M' 'M' 'M' 'M' 'M' 'M' 'M' 'M' 'M' 'M' 'M' 'U' 'M' 'M' 'M'
 'M' 'M' 'M' 'M' 'M' 'M' 'M' 'M' 'M' 'M' 'M' 'U' 'M' 'M' 'M' 'M' 'M' 'U'
 'M' 'M' 'M' 'M' 'M' 'U' 'M' 'U' 'U' 'U' 'U' 'U' 'U' 'M' 'M' 'M' 'M' 'M'
 'U' 'M' 'M' 'M' 'M' 'M' 'M' 'M' 'M' 'M' 'M' 'M' 'M' 'M' 'M' 'M' 'M' 'M'
 'M' 'M' 'M' 'M' 'M' 'M' 'U' 'M' 'M' 'M' 'M' 'M' 'U' 'M' 'M' 'M' 'M' 'M'
 'M' 'U' 'M' 'U' 'M' 'M' 'M' 'M' 'M' 'M' 'M' 'M' 'M' 'M' 'M' 'U' 'M' 'U']"
406301,0,175,2,173,23,1,0,"['A' 'M' 'M' 'M' 'M' 'M' 'M' 'A' 'M' 'M' 'U' 'M' 'M' 'M' 'M' 'M' 'M' 'M'
 'M' 'M' 'M' 'M' 'M' 'M' 'M' 'M' 'M' 'M' 'M' 'M' 'M' 'M' 'M' 'M' 'M' 'M'
 'U' 'M' 'M' 'M' 'M' 'M' 'M' 'M' 'M' 'M' 'M' 'M' 'M' 'M' 'M' 'M' 'U' 'M'
 'M' 'U' 'M' 'M' 'M' 'M' 'M' 'M' 'M' 'M' 'M' 'M' 'U' 'M' 'U' 'M' 'U' 'M'
 'M' 'M' 'M' 'M' 'M' 'M' 'M' 'M' 'U' 'M' 'M' 'M' 'M' 'M' 'M' 'M' 'M' 'M'
 'M' 'M' 'M' 'M' 'U' 'M' 'M' 'M' 'M' 'U' 'M' 'M' 'M' 'U' 'M' 'M' 'M' 'M'
 'M' 'M' 'M' 'M' 'M' 'M' 'M' 'M' 'M' 'M' 'M' 'U' 'M' 'M' 'M' 'M' 'M' 'U'
 'M' 'M' 'M' 'M' 'M' 'M' 'U' 'M' 'U' 'U' 'M' 'M' 'U' 'M' 'M' 'M' 'M' 'M'
 'U' 'M' 'M' 'M' 'M' 'M' 'M' 'M' 'M' 'M' 'M' 'M' 'M' 'M' 'M' 'M' 'M' 'M'
 'M' 'M' 'M' 'M' 'U' 'M' 'U' 'M' 'M' 'M' 'M' 'M' 'U' 'M' 'M' 'M' 'M' 'M'
 'M' 'U' 'M' 'U' 'M' 'M' 'M' 'M' 'M' 'M' 'M' 'M' 'M' 'M' 'M' 'M' 'M' 'M']"
406401,0,171,1,170,27,0,0,"['A' 'M' 'M' 'M' 'M' 'M' 'M' 'M' 'M' 'M' 'M' 'M' 'M' 'M' 'M' 'M' 'M' 'M'
 'M' 'M' 'M' 'M' 'M' 'M' 'M' 'M' 'M' 'M' 'U' 'M' 'M' 'M' 'M' 'M' 'M' 'M'
 'M' 'M' 'M' 'M' 'M' 'M' 'M' 'M' 'M' 'M' 'M' 'U' 'M' 'M' 'M' 'M' 'U' 'M'
 'M' 'M' 'M' 'M' 'M' 'M' 'M' 'M' 'M' 'M' 'M' 'U' 'M' 'M' 'M' 'U' 'M' 'U'
 'M' 'M' 'M' 'M' 'M' 'M' 'U' 'M' 'U' 'M' 'M' 'M' 'M' 'M' 'M' 'M' 'M' 'M'
 'M' 'M' 'M' 'M' 'M' 'M' 'M' 'M' 'M' 'U' 'M' 'M' 'M' 'M' 'M' 'M' 'M' 'M'
 'M' 'M' 'M' 'M' 'M' 'M' 'M' 'M' 'M' 'M' 'U' 'U' 'M' 'M' 'M' 'M' 'M' 'U'
 'M' 'M' 'M' 'M' 'U' 'M' 'U' 'M' 'U' 'U' 'M' 'M' 'U' 'M' 'M' 'M' 'M' 'M'
 'U' 'M' 'M' 'M' 'M' 'M' 'M' 'M' 'M' 'M' 'M' 'M' 'M' 'M' 'M' 'M' 'M' 'M'
 'M' 'M' 'U' 'M' 'U' 'M' 'U' 'U' 'M' 'M' 'M' 'M' 'U' 'U' 'M' 'U' 'M' 'M'
 'M' 'U' 'M' 'M' 'M' 'M' 'M' 'M' 'M' 'M' 'U' 'M' 'M' 'M' 'M' 'M' 'M' 'M']"
406501,0,169,1,168,29,0,0,"['A' 'M' 'M' 'M' 'M' 'M' 'M' 'M' 'M' 'M' 'M' 'M' 'M' 'M' 'M' 'M' 'M' 'M'
 'M' 'M' 'M' 'M' 'M' 'M' 'M' 'M' 'M' 'M' 'U' 'U' 'M' 'M' 'U' 'M' 'M' 'M'
 'M' 'M' 'M' 'M' 'M' 'M' 'M' 'M' 'M' 'M' 'M' 'U' 'M' 'M' 'M' 'M' 'U' 'M'
 'M' 'M' 'M' 'M' 'M' 'M' 'M' 'M' 'M' 'M' 'M' 'M' 'M' 'M' 'M' 'M' 'M' 'U'
 'M' 'U' 'M' 'M' 'M' 'M' 'M' 'M' 'U' 'M' 'M' 'M' 'M' 'U' 'M' 'M' 'M' 'M'
 'M' 'M' 'M' 'U' 'M' 'M' 'M' 'M' 'U' 'M' 'M' 'M' 'M' 'M' 'M' 'M' 'M' 'M'
 'M' 'M' 'M' 'M' 'M' 'M' 'M' 'M' 'M' 'M' 'U' 'M' 'M' 'M' 'M' 'M' 'M' 'M'
 'M' 'M' 'M' 'M' 'U' 'M' 'U' 'M' 'U' 'U' 'M' 'M' 'U' 'M' 'M' 'M' 'M' 'M'
 'U' 'M' 'M' 'M' 'M' 'M' 'M' 'M' 'M' 'M' 'M' 'U' 'M' 'M' 'M' 'M' 'M' 'M'
 'M' 'M' 'M' 'U' 'M' 'M' 'U' 'U' 'M' 'M' 'M' 'M' 'U' 'U' 'U' 'U' 'M' 'U'
 'M' 'M' 'M' 'M' 'M' 'M' 'M' 'M' 'M' 'U' 'U' 'M' 'M' 'M' 'M' 'M' 'M' 'M']"
406601,0,163,1,162,35,0,0,"['A' 'M' 'M' 'M' 'M' 'M' 'M' 'U' 'M' 'M' 'M' 'M' 'M' 'M' 'M' 'M' 'M' 'M'
 'M' 'M' 'M' 'M' 'M' 'M' 'M' 'M' 'U' 'M' 'U' 'U' 'M' 'M' 'U' 'M' 'M' 'M'
 'U' 'M' 'M' 'M' 'M' 'M' 'M' 'M' 'U' 'M' 'M' 'U' 'M' 'M' 'M' 'M' 'U' 'M'
 'M' 'M' 'M' 'M' 'M' 'M' 'M' 'M' 'M' 'M' 'M' 'M' 'M' 'M' 'U' 'M' 'U' 'M'
 'U' 'M' 'M' 'M' 'M' 'M' 'U' 'M' 'M' 'M' 'M' 'M' 'M' 'U' 'M' 'M' 'M' 'M'
 'M' 'M' 'M' 'M' 'M' 'M' 'U' 'M' 'U' 'M' 'M' 'M' 'M' 'M' 'U' 'M' 'M' 'M'
 'M' 'M' 'M' 'M' 'M' 'M' 'M' 'U' 'M' 'U' 'M' 'M' 'M' 'M' 'M' 'M' 'M' 'M'
 'M' 'M' 'M' 'M' 'M' 'M' 'U' 'M' 'U' 'U' 'M' 'M' 'U' 'U' 'M' 'M' 'M' 'M'
 'U' 'M' 'M' 'M' 'M' 'M' 'M' 'M' 'M' 'M' 'M' 'U' 'M' 'M' 'M' 'M' 'M' 'M'
 'M' 'M' 'M' 'U' 'M' 'M' 'U' 'U' 'M' 'M' 'M' 'M' 'U' 'M' 'M' 'U' 'M' 'U'
 'M' 'M' 'U' 'M' 'M' 'M' 'M' 'M' 'M' 'U' 'U' 'M' 'M' 'M' 'M' 'M' 'M' 'M']"
406701,0,168,3,165,30,0,0,"['A' 'M' 'M' 'M' 'M' 'M' 'M' 'U' 'M' 'M' 'M' 'M' 'M' 'M' 'M' 'M' 'M' 'M'
 'M' 'M' 'M' 'M' 'M' 'M' 'M' 'M' 'U' 'M' 'U' 'U' 'M' 'M' 'U' 'M' 'M' 'M'
 'M' 'M' 'M' 'M' 'M' 'M' 'M' 'M' 'U' 'M' 'M' 'U' 'M' 'M' 'M' 'M' 'U' 'M'
 'M' 'M' 'M' 'M' 'M' 'M' 'M' 'M' 'M' 'M' 'M' 'M' 'M' 'M' 'U' 'M' 'M' 'M'
 'M' 'M' 'U' 'U' 'M' 'M' 'M' 'M' 'M' 'M' 'M' 'M' 'M' 'M' 'U' 'M' 'M' 'M'
 'M' 'M' 'U' 'M' 'M' 'M' 'U' 'M' 'M' 'M' 'M' 'M' 'M' 'M' 'U' 'M' 'M' 'M'
 'M' 'M' 'M' 'M' 'M' 'M' 'M' 'A' 'M' 'U' 'M' 'M' 'M' 'M' 'M' 'U' 'M' 'M'
 'M' 'M' 'M' 'M' 'M' 'M' 'U' 'M' 'U' 'U' 'M' 'M' 'U' 'U' 'M' 'M' 'M' 'M'
 'U' 'M' 'M' 'U' 'M' 'M' 'M' 'U' 'M' 'M' 'M' 'U' 'M' 'M' 'M' 'M' 'M' 'M'
 'M' 'M' 'M' 'M' 'M' 'M' 'U' 'A' 'M' 'M' 'M' 'M' 'U' 'M' 'M' 'U' 'M' 'M'
 'M' 'M' 'M' 'M' 'M' 'M' 'M' 'M' 'M' 'M' 'U' 'M' 'M' 'M' 'M' 'M' 'M' 'M']"
406801,1,164,4,160,34,0,0,"['A' 'M' 'M' 'M' 'M' 'M' 'M' 'U' 'M' 'U' 'M' 'M' 'M' 'M' 'M' 'M' 'M' 'M'
 'M' 'M' 'M' 'U' 'M' 'M' 'U' 'M' 'U' 'M' 'U' 'M' 'M' 'M' 'U' 'M' 'M' 'M'
 'M' 'M' 'M' 'M' 'M' 'M' 'M' 'M' 'U' 'M' 'M' 'U' 'M' 'M' 'M' 'M' 'U' 'M'
 'M' 'M' 'M' 'M' 'M' 'M' 'M' 'M' 'M' 'M' 'M' 'U' 'M' 'M' 'M' 'M' 'M' 'M'
 'M' 'M' 'U' 'U' 'M' 'M' 'M' 'U' 'M' 'M' 'M' 'M' 'M' 'M' 'M' 'M' 'M' 'M'
 'M' 'M' 'M' 'U' 'M' 'M' 'M' 'M' 'M' 'M' 'M' 'M' 'M' 'M' 'M' 'M' 'M' 'M'
 'M' 'M' 'M' 'M' 'M' 'M' 'M' 'A' 'M' 'M' 'U' 'M' 'M' 'M' 'M' 'U' 'M' 'M'
 'M' 'M' 'M' 'M' 'M' 'U' 'U' 'U' 'U' 'A' 'M' 'M' 'U' 'U' 'M' 'M' 'M' 'M'
 'U' 'M' 'M' 'U' 'M' 'U' 'M' 'U' 'M' 'M' 'M' 'U' 'M' 'M' 'M' 'M' 'M' 'M'
 'M' 'M' 'M' 'M' 'M' 'M' 'U' 'A' 'M' 'M' 'U' 'U' 'U' 'M' 'M' 'U' 'M' 'M'
 'M' 'M' 'M' 'M' 'M' 'M' 'M' 'M' 'M' 'M' 'U' 'M' 'M' 'M' 'M' 'M' 'M' 'M']"
406901,0,170,5,165,28,0,0,"['A' 'M' 'M' 'M' 'M' 'M' 'M' 'U' 'M' 'M' 'M' 'M' 'M' 'M' 'M' 'M' 'M' 'M'
 'M' 'M' 'M' 'M' 'M' 'M' 'U' 'M' 'M' 'M' 'U' 'M' 'M' 'M' 'U' 'M' 'M' 'U'
 'M' 'M' 'M' 'M' 'M' 'M' 'M' 'M' 'U' 'M' 'M' 'M' 'M' 'M' 'M' 'M' 'U' 'M'
 'M' 'M' 'M' 'M' 'M' 'M' 'M' 'M' 'M' 'U' 'M' 'M' 'M' 'M' 'M' 'M' 'M' 'M'
 'M' 'M' 'M' 'M' 'M' 'M' 'M' 'M' 'U' 'U' 'M' 'M' 'M' 'M' 'U' 'M' 'M' 'M'
 'M' 'U' 'U' 'M' 'M' 'U' 'M' 'M' 'M' 'M' 'M' 'M' 'M' 'M' 'M' 'M' 'M' 'M'
 'M' 'M' 'M' 'M' 'M' 'M' 'M' 'A' 'M' 'U' 'U' 'M' 'M' 'M' 'M' 'U' 'M' 'M'
 'M' 'M' 'M' 'M' 'M' 'U' 'M' 'M' 'M' 'A' 'M' 'U' 'A' 'U' 'M' 'M' 'M' 'M'
 'U' 'M' 'M' 'M' 'M' 'M' 'M' 'U' 'M' 'M' 'M' 'M' 'M' 'M' 'M' 'M' 'M' 'M'
 'M' 'M' 'M' 'M' 'M' 'M' 'U' 'A' 'M' 'M' 'U' 'U' 'M' 'M' 'M' 'M' 'M' 'M'
 'M' 'M' 'U' 'U' 'M' 'M' 'M' 'M' 'M' 'M' 'M' 'U' 'M' 'M' 'M' 'M' 'M' 'M']"
407001,0,163,6,157,35,1,0,"['A' 'M' 'M' 'M' 'M' 'M' 'M' 'U' 'M' 'M' 'M' 'M' 'M' 'M' 'M' 'M' 'M' 'M'
 'M' 'M' 'M' 'M' 'M' 'M' 'M' 'M' 'M' 'M' 'A' 'M' 'M' 'M' 'M' 'M' 'M' 'U'
 'M' 'M' 'M' 'M' 'M' 'M' 'U' 'M' 'U' 'M' 'M' 'M' 'U' 'M' 'M' 'M' 'M' 'M'
 'M' 'M' 'M' 'M' 'M' 'M' 'M' 'M' 'M' 'U' 'M' 'M' 'M' 'M' 'U' 'M' 'M' 'M'
 'M' 'M' 'M' 'M' 'M' 'M' 'M' 'M' 'M' 'M' 'U' 'M' 'M' 'M' 'M' 'U' 'U' 'M'
 'M' 'M' 'U' 'M' 'M' 'U' 'M' 'M' 'M' 'M' 'M' 'M' 'M' 'M' 'U' 'M' 'M' 'M'
 'M' 'M' 'M' 'U' 'M' 'M' 'M' 'A' 'M' 'U' 'U' 'M' 'M' 'M' 'M' 'U' 'M' 'M'
 'U' 'M' 'M' 'U' 'M' 'U' 'U' 'U' 'M' 'A' 'U' 'U' 'A' 'U' 'M' 'U' 'M' 'M'
 'U' 'M' 'M' 'U' 'U' 'M' 'M' 'U' 'M' 'M' 'M' 'M' 'M' 'M' 'M' 'M' 'U' 'M'
 'M' 'M' 'M' 'M' 'M' 'M' 'U' 'A' 'M' 'M' 'U' 'M' 'M' 'M' 'M' 'M' 'M' 'M'
 'M' 'M' 'M' 'U' 'M' 'M' 'M' 'M' 'M' 'M' 'M' 'U' 'M' 'M' 'M' 'M' 'M' 'M']"
407101,0,159,4,155,39,0,0,"['A' 'U' 'M' 'M' 'M' 'M' 'M' 'M' 'M' 'M' 'M' 'M' 'M' 'M' 'M' 'M' 'M' 'M'
 'M' 'M' 'M' 'M' 'M' 'M' 'M' 'M' 'U' 'M' 'A' 'M' 'M' 'M' 'M' 'M' 'M' 'U'
 'M' 'M' 'M' 'M' 'M' 'M' 'M' 'M' 'U' 'M' 'M' 'M' 'U' 'M' 'M' 'M' 'M' 'M'
 'M' 'M' 'M' 'M' 'M' 'M' 'M' 'M' 'M' 'M' 'U' 'M' 'M' 'M' 'M' 'M' 'M' 'M'
 'M' 'M' 'M' 'M' 'U' 'M' 'U' 'U' 'M' 'M' 'M' 'M' 'U' 'M' 'M' 'M' 'U' 'M'
 'M' 'M' 'M' 'M' 'M' 'U' 'M' 'M' 'M' 'M' 'U' 'M' 'M' 'M' 'M' 'M' 'U' 'M'
 'M' 'M' 'M' 'U' 'M' 'U' 'M' 'U' 'M' 'U' 'U' 'M' 'M' 'M' 'M' 'U' 'M' 'M'
 'M' 'M' 'M' 'U' 'M' 'U' 'U' 'U' 'U' 'A' 'U' 'U' 'A' 'U' 'M' 'U' 'M' 'M'
 'U' 'M' 'M' 'M' 'U' 'M' 'M' 'U' 'M' 'M' 'M' 'M' 'M' 'M' 'M' 'M' 'U' 'M'
 'M' 'M' 'M' 'M' 'U' 'M' 'U' 'U' 'M' 'M' 'U' 'M' 'M' 'M' 'M' 'M' 'M' 'M'
 'M' 'M' 'M' 'U' 'M' 'M' 'M' 'M' 'M' 'M' 'M' 'U' 'M' 'M' 'M' 'M' 'M' 'M']"
407201,0,159,5,154,39,0,0,"['A' 'U' 'M' 'M' 'M' 'M' 'M' 'M' 'M' 'M' 'M' 'M' 'M' 'M' 'M' 'M' 'M' 'M'
 'M' 'M' 'M' 'M' 'M' 'M' 'M' 'M' 'U' 'M' 'U' 'M' 'M' 'M' 'M' 'M' 'U' 'U'
 'M' 'M' 'M' 'M' 'M' 'M' 'M' 'M' 'U' 'M' 'M' 'U' 'U' 'M' 'M' 'M' 'M' 'M'
 'M' 'M' 'M' 'M' 'M' 'M' 'M' 'M' 'M' 'M' 'U' 'U' 'M' 'M' 'M' 'M' 'M' 'M'
 'M' 'M' 'M' 'U' 'M' 'U' 'M' 'U' 'M' 'M' 'M' 'M' 'M' 'U' 'M' 'M' 'M' 'M'
 'M' 'M' 'M' 'M' 'M' 'M' 'M' 'M' 'M' 'M' 'U' 'M' 'M' 'M' 'M' 'M' 'U' 'M'
 'M' 'M' 'M' 'U' 'M' 'M' 'U' 'U' 'M' 'U' 'U' 'M' 'M' 'M' 'M' 'U' 'M' 'U'
 'M' 'M' 'M' 'U' 'M' 'A' 'M' 'U' 'M' 'A' 'U' 'U' 'U' 'U' 'M' 'A' 'M' 'M'
 'U' 'M' 'M' 'M' 'U' 'M' 'M' 'U' 'U' 'M' 'M' 'M' 'U' 'M' 'M' 'M' 'U' 'M'
 'M' 'M' 'M' 'M' 'M' 'M' 'U' 'U' 'M' 'M' 'A' 'M' 'M' 'M' 'M' 'M' 'M' 'M'
 'M' 'M' 'M' 'M' 'M' 'M' 'M' 'M' 'M' 'M' 'M' 'U' 'M' 'U' 'M' 'M' 'M' 'M']"
407301,0,158,4,154,40,0,0,"['A' 'U' 'M' 'M' 'M' 'M' 'M' 'M' 'M' 'M' 'M' 'M' 'M' 'M' 'M' 'M' 'M' 'M'
 'M' 'M' 'M' 'M' 'M' 'M' 'M' 'M' 'U' 'M' 'U' 'M' 'M' 'M' 'M' 'M' 'U' 'U'
 'M' 'U' 'M' 'M' 'M' 'M' 'M' 'M' 'M' 'M' 'U' 'U' 'U' 'M' 'M' 'M' 'M' 'M'
 'U' 'M' 'M' 'M' 'M' 'M' 'M' 'M' 'M' 'M' 'M' 'M' 'M' 'M' 'M' 'U' 'M' 'M'
 'M' 'M' 'M' 'M' 'M' 'M' 'M' 'M' 'M' 'U' 'M' 'M' 'M' 'M' 'M' 'M' 'U' 'M'
 'U' 'U' 'M' 'M' 'M' 'M' 'M' 'M' 'M' 'M' 'U' 'M' 'M' 'M' 'M' 'M' 'U' 'M'
 'M' 'M' 'U' 'U' 'M' 'M' 'U' 'U' 'M' 'U' 'U' 'M' 'M' 'M' 'M' 'U' 'M' 'M'
 'M' 'M' 'M' 'U' 'M' 'A' 'M' 'U' 'M' 'M' 'U' 'U' 'U' 'U' 'M' 'A' 'M' 'M'
 'U' 'M' 'M' 'M' 'U' 'U' 'M' 'U' 'U' 'M' 'M' 'M' 'M' 'M' 'M' 'M' 'U' 'M'
 'M' 'M' 'M' 'M' 'M' 'M' 'U' 'M' 'M' 'M' 'A' 'M' 'M' 'M' 'M' 'U' 'M' 'M'
 'M' 'M' 'M' 'M' 'M' 'M' 'M' 'M' 'M' 'M' 'M' 'U' 'M' 'U' 'M' 'M' 'M' 'M']"
407401,0,163,4,159,35,0,0,"['A' 'U' 'M' 'M' 'M' 'M' 'M' 'M' 'M' 'M' 'M' 'M' 'M' 'M' 'M' 'M' 'M' 'M'
 'M' 'M' 'M' 'M' 'M' 'M' 'M' 'M' 'U' 'M' 'U' 'M' 'M' 'M' 'M' 'M' 'M' 'U'
 'M' 'U' 'M' 'M' 'M' 'M' 'M' 'M' 'M' 'M' 'M' 'U' 'U' 'M' 'M' 'M' 'M' 'M'
 'U' 'M' 'M' 'M' 'M' 'M' 'M' 'M' 'M' 'M' 'U' 'M' 'M' 'M' 'M' 'M' 'M' 'M'
 'M' 'U' 'U' 'M' 'M' 'M' 'U' 'M' 'M' 'M' 'M' 'M' 'M' 'M' 'M' 'U' 'U' 'M'
 'M' 'M' 'M' 'M' 'M' 'M' 'M' 'M' 'M' 'M' 'A' 'M' 'M' 'M' 'M' 'M' 'U' 'M'
 'M' 'M' 'U' 'U' 'M' 'M' 'M' 'U' 'M' 'M' 'U' 'M' 'M' 'M' 'M' 'M' 'M' 'M'
 'M' 'M' 'M' 'U' 'M' 'U' 'M' 'M' 'M' 'M' 'U' 'U' 'U' 'U' 'M' 'A' 'M' 'M'
 'M' 'M' 'M' 'M' 'U' 'U' 'M' 'U' 'U' 'M' 'M' 'M' 'U' 'M' 'M' 'M' 'M' 'M'
 'M' 'M' 'M' 'M' 'M' 'M' 'U' 'M' 'M' 'M' 'A' 'M' 'M' 'M' 'M' 'U' 'M' 'M'
 'M' 'M' 'M' 'M' 'M' 'M' 'M' 'M' 'M' 'M' 'U' 'U' 'M' 'U' 'M' 'M' 'M' 'M']"
407501,0,168,4,164,30,0,0,"['A' 'U' 'M' 'M' 'M' 'M' 'M' 'M' 'M' 'M' 'M' 'M' 'M' 'M' 'M' 'M' 'M' 'M'
 'M' 'M' 'M' 'M' 'M' 'M' 'M' 'M' 'U' 'M' 'U' 'M' 'M' 'M' 'M' 'M' 'M' 'U'
 'M' 'U' 'M' 'M' 'M' 'M' 'M' 'M' 'M' 'M' 'M' 'U' 'U' 'M' 'M' 'M' 'M' 'M'
 'U' 'M' 'M' 'M' 'M' 'M' 'M' 'M' 'M' 'M' 'U' 'M' 'M' 'M' 'M' 'U' 'M' 'M'
 'M' 'M' 'M' 'M' 'M' 'U' 'M' 'U' 'M' 'U' 'M' 'M' 'M' 'M' 'M' 'M' 'U' 'M'
 'M' 'M' 'M' 'M' 'M' 'M' 'M' 'M' 'M' 'M' 'A' 'M' 'M' 'M' 'M' 'U' 'M' 'M'
 'M' 'M' 'U' 'U' 'M' 'M' 'M' 'M' 'M' 'M' 'M' 'M' 'M' 'M' 'M' 'M' 'M' 'M'
 'M' 'M' 'M' 'U' 'U' 'M' 'M' 'M' 'M' 'M' 'M' 'U' 'U' 'U' 'M' 'U' 'M' 'M'
 'M' 'M' 'M' 'M' 'U' 'U' 'M' 'A' 'U' 'M' 'M' 'M' 'U' 'M' 'M' 'M' 'M' 'M'
 'M' 'M' 'M' 'M' 'M' 'M' 'U' 'M' 'M' 'M' 'A' 'M' 'M' 'M' 'M' 'M' 'M' 'M'
 'M' 'M' 'M' 'M' 'M' 'M' 'M' 'M' 'M' 'M' 'M' 'U' 'M' 'U' 'M' 'M' 'M' 'M']"
407601,0,163,6,157,35,0,0,"['A' 'U' 'M' 'M' 'M' 'M' 'M' 'M' 'M' 'M' 'M' 'M' 'M' 'M' 'M' 'M' 'M' 'M'
 'M' 'M' 'M' 'M' 'M' 'M' 'M' 'M' 'U' 'M' 'U' 'M' 'M' 'M' 'M' 'M' 'M' 'U'
 'M' 'U' 'M' 'M' 'M' 'M' 'U' 'M' 'M' 'M' 'M' 'U' 'U' 'M' 'U' 'M' 'M' 'M'
 'U' 'M' 'M' 'M' 'M' 'M' 'M' 'M' 'M' 'M' 'M' 'M' 'U' 'M' 'M' 'M' 'M' 'M'
 'M' 'M' 'M' 'M' 'U' 'M' 'M' 'M' 'M' 'M' 'M' 'M' 'M' 'M' 'U' 'U' 'M' 'U'
 'M' 'M' 'M' 'M' 'M' 'M' 'M' 'M' 'M' 'M' 'A' 'M' 'M' 'M' 'M' 'M' 'M' 'M'
 'M' 'M' 'U' 'U' 'M' 'U' 'M' 'M' 'M' 'M' 'M' 'M' 'M' 'M' 'M' 'M' 'U' 'M'
 'M' 'M' 'M' 'U' 'A' 'M' 'M' 'M' 'M' 'M' 'M' 'U' 'A' 'U' 'M' 'M' 'M' 'U'
 'M' 'M' 'M' 'M' 'U' 'U' 'M' 'A' 'U' 'M' 'M' 'M' 'U' 'M' 'M' 'M' 'M' 'M'
 'M' 'U' 'M' 'M' 'M' 'M' 'M' 'U' 'M' 'M' 'A' 'M' 'M' 'M' 'M' 'M' 'M' 'U'
 'M' 'U' 'M' 'M' 'M' 'M' 'M' 'U' 'M' 'U' 'M' 'U' 'M' 'U' 'M' 'M' 'M' 'M']"
407701,0,159,6,153,39,0,0,"['A' 'M' 'M' 'M' 'M' 'M' 'M' 'U' 'M' 'M' 'M' 'M' 'M' 'M' 'M' 'M' 'M' 'M'
 'M' 'U' 'M' 'M' 'M' 'M' 'M' 'M' 'U' 'M' 'U' 'M' 'M' 'M' 'M' 'M' 'M' 'U'
 'M' 'M' 'M' 'M' 'M' 'M' 'U' 'M' 'M' 'M' 'M' 'U' 'U' 'M' 'U' 'M' 'U' 'M'
 'U' 'M' 'M' 'M' 'M' 'M' 'M' 'M' 'M' 'M' 'M' 'U' 'M' 'M' 'M' 'U' 'M' 'M'
 'M' 'M' 'M' 'M' 'M' 'M' 'M' 'U' 'M' 'U' 'M' 'M' 'M' 'M' 'M' 'M' 'M' 'U'
 'M' 'M' 'M' 'M' 'M' 'M' 'M' 'U' 'M' 'M' 'A' 'M' 'M' 'M' 'M' 'M' 'M' 'M'
 'M' 'M' 'U' 'U' 'M' 'U' 'M' 'M' 'M' 'M' 'M' 'M' 'U' 'M' 'M' 'M' 'U' 'M'
 'M' 'M' 'M' 'U' 'A' 'M' 'M' 'M' 'U' 'M' 'M' 'U' 'A' 'U' 'M' 'U' 'M' 'U'
 'M' 'U' 'M' 'M' 'U' 'U' 'M' 'A' 'U' 'M' 'M' 'M' 'U' 'M' 'M' 'M' 'M' 'M'
 'M' 'M' 'M' 'M' 'U' 'M' 'M' 'U' 'M' 'M' 'A' 'M' 'M' 'M' 'M' 'M' 'M' 'U'
 'U' 'M' 'M' 'M' 'M' 'M' 'M' 'U' 'M' 'M' 'M' 'U' 'M' 'M' 'M' 'M' 'M' 'M']"
407801,0,163,8,155,35,0,0,"['A' 'M' 'M' 'M' 'M' 'M' 'M' 'U' 'U' 'M' 'M' 'M' 'M' 'M' 'M' 'M' 'M' 'M'
 'M' 'M' 'M' 'M' 'M' 'M' 'M' 'M' 'U' 'M' 'U' 'M' 'M' 'M' 'M' 'M' 'M' 'U'
 'M' 'M' 'M' 'M' 'M' 'M' 'U' 'M' 'M' 'M' 'M' 'U' 'M' 'M' 'M' 'U' 'U' 'M'
 'U' 'M' 'M' 'M' 'M' 'M' 'M' 'M' 'M' 'M' 'M' 'M' 'M' 'M' 'M' 'M' 'U' 'U'
 'M' 'M' 'M' 'M' 'U' 'M' 'M' 'M' 'M' 'M' 'M' 'M' 'M' 'U' 'U' 'M' 'M' 'M'
 'M' 'M' 'M' 'M' 'M' 'M' 'M' 'U' 'M' 'M' 'A' 'M' 'M' 'M' 'M' 'M' 'U' 'M'
 'M' 'M' 'U' 'U' 'M' 'U' 'M' 'M' 'M' 'M' 'M' 'M' 'U' 'M' 'M' 'M' 'M' 'M'
 'M' 'M' 'M' 'U' 'A' 'M' 'M' 'M' 'U' 'M' 'U' 'A' 'A' 'A' 'M' 'U' 'U' 'U'
 'M' 'U' 'M' 'M' 'U' 'U' 'M' 'A' 'M' 'M' 'M' 'M' 'M' 'M' 'M' 'M' 'M' 'M'
 'M' 'M' 'M' 'M' 'U' 'M' 'M' 'U' 'M' 'M' 'A' 'M' 'M' 'M' 'M' 'M' 'M' 'U'
 'U' 'M' 'M' 'M' 'M' 'M' 'M' 'M' 'M' 'M' 'M' 'U' 'M' 'M' 'M' 'M' 'M' 'M']"
407901,0,166,8,158,32,0,0,"['A' 'M' 'M' 'M' 'M' 'M' 'M' 'M' 'U' 'M' 'M' 'M' 'M' 'M' 'M' 'M' 'M' 'M'
 'M' 'M' 'U' 'M' 'M' 'M' 'M' 'M' 'M' 'M' 'U' 'M' 'M' 'M' 'M' 'M' 'M' 'U'
 'M' 'M' 'M' 'M' 'M' 'M' 'U' 'M' 'M' 'M' 'M' 'U' 'M' 'M' 'M' 'M' 'U' 'M'
 'U' 'M' 'M' 'M' 'M' 'M' 'M' 'M' 'M' 'M' 'M' 'M' 'M' 'M' 'M' 'M' 'M' 'M'
 'M' 'M' 'M' 'M' 'M' 'M' 'M' 'M' 'M' 'U' 'U' 'U' 'M' 'M' 'M' 'M' 'U' 'M'
 'M' 'M' 'M' 'M' 'U' 'M' 'M' 'M' 'M' 'M' 'A' 'M' 'M' 'M' 'M' 'M' 'U' 'M'
 'M' 'M' 'U' 'U' 'M' 'M' 'M' 'M' 'M' 'M' 'M' 'M' 'U' 'M' 'M' 'M' 'U' 'U'
 'M' 'M' 'M' 'M' 'A' 'M' 'M' 'M' 'U' 'M' 'M' 'A' 'A' 'A' 'M' 'U' 'U' 'U'
 'M' 'U' 'M' 'M' 'U' 'U' 'M' 'A' 'M' 'M' 'M' 'M' 'M' 'M' 'M' 'U' 'M' 'M'
 'M' 'M' 'M' 'M' 'U' 'M' 'M' 'M' 'M' 'M' 'A' 'M' 'M' 'M' 'M' 'M' 'M' 'U'
 'U' 'M' 'M' 'M' 'M' 'M' 'M' 'M' 'M' 'M' 'M' 'U' 'M' 'M' 'U' 'M' 'M' 'M']"
408001,0,171,8,163,27,0,0,"['A' 'M' 'M' 'M' 'U' 'M' 'M' 'U' 'M' 'M' 'M' 'M' 'M' 'M' 'M' 'M' 'M' 'M'
 'M' 'M' 'M' 'M' 'M' 'M' 'M' 'M' 'M' 'M' 'U' 'M' 'U' 'M' 'M' 'M' 'M' 'U'
 'U' 'M' 'M' 'M' 'M' 'M' 'U' 'M' 'M' 'M' 'M' 'U' 'M' 'M' 'M' 'M' 'M' 'M'
 'M' 'M' 'U' 'M' 'M' 'M' 'M' 'M' 'M' 'M' 'M' 'M' 'M' 'M' 'M' 'M' 'M' 'M'
 'U' 'U' 'M' 'M' 'M' 'M' 'M' 'M' 'M' 'M' 'U' 'M' 'M' 'M' 'M' 'M' 'U' 'M'
 'M' 'U' 'M' 'M' 'M' 'M' 'M' 'M' 'M' 'M' 'A' 'M' 'M' 'M' 'M' 'M' 'M' 'M'
 'M' 'M' 'U' 'M' 'M' 'M' 'M' 'M' 'M' 'M' 'M' 'M' 'U' 'M' 'M' 'M' 'U' 'U'
 'M' 'M' 'M' 'M' 'A' 'M' 'M' 'M' 'U' 'M' 'M' 'A' 'A' 'A' 'M' 'U' 'M' 'U'
 'M' 'U' 'M' 'M' 'M' 'U' 'M' 'A' 'M' 'M' 'M' 'M' 'M' 'M' 'M' 'U' 'M' 'M'
 'M' 'M' 'M' 'M' 'M' 'U' 'M' 'M' 'M' 'M' 'A' 'M' 'M' 'M' 'M' 'M' 'M' 'U'
 'U' 'M' 'M' 'M' 'M' 'M' 'M' 'M' 'M' 'M' 'M' 'M' 'M' 'M' 'M' 'M' 'M' 'M']"
408101,0,170,8,162,28,0,0,"['A' 'M' 'M' 'M' 'U' 'M' 'M' 'U' 'M' 'M' 'U' 'U' 'M' 'M' 'M' 'M' 'M' 'M'
 'M' 'M' 'M' 'M' 'M' 'M' 'M' 'U' 'M' 'M' 'M' 'M' 'M' 'M' 'M' 'M' 'M' 'U'
 'U' 'M' 'U' 'M' 'M' 'M' 'M' 'M' 'M' 'M' 'M' 'U' 'M' 'M' 'M' 'M' 'M' 'M'
 'M' 'M' 'U' 'M' 'M' 'M' 'M' 'M' 'M' 'M' 'M' 'M' 'M' 'M' 'M' 'U' 'M' 'M'
 'M' 'M' 'M' 'U' 'M' 'M' 'M' 'M' 'U' 'U' 'M' 'M' 'U' 'M' 'M' 'M' 'M' 'M'
 'M' 'M' 'M' 'M' 'M' 'M' 'M' 'M' 'M' 'M' 'A' 'M' 'M' 'M' 'M' 'M' 'M' 'M'
 'M' 'M' 'U' 'M' 'M' 'M' 'M' 'M' 'M' 'M' 'M' 'M' 'A' 'M' 'U' 'U' 'U' 'U'
 'M' 'U' 'M' 'M' 'A' 'M' 'M' 'M' 'M' 'M' 'M' 'A' 'A' 'A' 'M' 'U' 'M' 'M'
 'M' 'M' 'M' 'M' 'M' 'M' 'U' 'U' 'M' 'M' 'U' 'M' 'M' 'M' 'M' 'U' 'M' 'M'
 'M' 'M' 'M' 'M' 'M' 'M' 'M' 'M' 'M' 'M' 'A' 'M' 'M' 'M' 'M' 'M' 'M' 'U'
 'U' 'M' 'M' 'M' 'M' 'M' 'M' 'M' 'M' 'M' 'M' 'M' 'M' 'M' 'M' 'M' 'M' 'M']"
408201,0,171,7,164,27,0,1,"['A' 'U' 'M' 'M' 'U' 'M' 'M' 'M' 'M' 'M' 'U' 'U' 'M' 'M' 'M' 'M' 'M' 'M'
 'M' 'M' 'M' 'M' 'M' 'M' 'M' 'U' 'M' 'M' 'M' 'M' 'M' 'M' 'M' 'M' 'M' 'U'
 'M' 'M' 'U' 'M' 'M' 'M' 'M' 'M' 'M' 'M' 'M' 'M' 'M' 'M' 'M' 'M' 'M' 'M'
 'M' 'M' 'U' 'M' 'U' 'M' 'M' 'M' 'M' 'M' 'M' 'M' 'M' 'M' 'M' 'M' 'M' 'U'
 'M' 'M' 'M' 'M' 'U' 'M' 'M' 'M' 'M' 'M' 'M' 'M' 'M' 'M' 'M' 'U' 'M' 'M'
 'M' 'U' 'M' 'M' 'U' 'M' 'M' 'M' 'M' 'M' 'A' 'M' 'M' 'M' 'M' 'M' 'M' 'M'
 'U' 'M' 'U' 'M' 'M' 'M' 'M' 'U' 'M' 'M' 'M' 'M' 'U' 'M' 'U' 'M' 'M' 'U'
 'M' 'U' 'M' 'M' 'A' 'M' 'M' 'M' 'M' 'M' 'M' 'A' 'A' 'A' 'M' 'U' 'M' 'M'
 'M' 'M' 'M' 'M' 'M' 'M' 'M' 'U' 'M' 'M' 'M' 'M' 'M' 'M' 'M' 'U' 'M' 'M'
 'M' 'M' 'M' 'M' 'M' 'M' 'M' 'M' 'M' 'M' 'A' 'M' 'M' 'M' 'M' 'M' 'M' 'U'
 'U' 'M' 'M' 'M' 'M' 'M' 'M' 'M' 'M' 'M' 'M' 'M' 'U' 'M' 'M' 'M' 'M' 'M']"
408301,0,161,6,155,37,1,0,"['A' 'U' 'M' 'M' 'U' 'M' 'M' 'M' 'M' 'M' 'U' 'U' 'M' 'M' 'M' 'M' 'M' 'M'
 'M' 'U' 'M' 'U' 'U' 'M' 'M' 'U' 'M' 'M' 'U' 'M' 'M' 'M' 'M' 'M' 'M' 'M'
 'M' 'M' 'U' 'M' 'U' 'M' 'M' 'M' 'M' 'M' 'M' 'M' 'M' 'M' 'M' 'M' 'M' 'M'
 'M' 'M' 'U' 'M' 'U' 'M' 'M' 'M' 'M' 'M' 'M' 'M' 'M' 'M' 'M' 'M' 'M' 'M'
 'M' 'M' 'M' 'M' 'U' 'M' 'U' 'M' 'M' 'M' 'U' 'M' 'U' 'M' 'M' 'M' 'M' 'M'
 'M' 'M' 'M' 'U' 'M' 'M' 'M' 'M' 'M' 'M' 'A' 'M' 'M' 'M' 'M' 'U' 'M' 'M'
 'U' 'M' 'U' 'M' 'M' 'M' 'M' 'U' 'M' 'M' 'U' 'M' 'M' 'M' 'M' 'M' 'M' 'U'
 'M' 'U' 'M' 'U' 'A' 'M' 'M' 'M' 'M' 'M' 'M' 'A' 'A' 'A' 'M' 'U' 'M' 'M'
 'M' 'M' 'U' 'M' 'M' 'M' 'M' 'U' 'M' 'M' 'M' 'M' 'M' 'M' 'M' 'U' 'U' 'M'
 'M' 'M' 'M' 'M' 'M' 'M' 'M' 'M' 'M' 'M' 'U' 'M' 'M' 'U' 'M' 'M' 'M' 'U'
 'U' 'M' 'M' 'M' 'M' 'U' 'M' 'M' 'M' 'M' 'M' 'M' 'U' 'M' 'M' 'M' 'M' 'M']"
408401,1,159,4,155,39,1,0,"['A' 'U' 'M' 'U' 'M' 'M' 'M' 'M' 'M' 'M' 'U' 'U' 'M' 'M' 'M' 'M' 'M' 'M'
 'M' 'U' 'M' 'U' 'U' 'M' 'M' 'U' 'M' 'M' 'U' 'M' 'M' 'M' 'M' 'M' 'M' 'M'
 'M' 'M' 'U' 'M' 'M' 'M' 'M' 'M' 'M' 'M' 'M' 'M' 'M' 'M' 'M' 'M' 'M' 'U'
 'M' 'M' 'M' 'M' 'M' 'M' 'M' 'M' 'M' 'M' 'M' 'M' 'M' 'M' 'M' 'M' 'M' 'M'
 'M' 'M' 'U' 'M' 'M' 'U' 'M' 'U' 'M' 'M' 'M' 'M' 'M' 'M' 'M' 'M' 'M' 'U'
 'U' 'M' 'M' 'M' 'M' 'M' 'M' 'M' 'M' 'M' 'A' 'M' 'M' 'M' 'M' 'U' 'M' 'M'
 'U' 'U' 'U' 'M' 'U' 'M' 'M' 'U' 'M' 'M' 'U' 'M' 'M' 'M' 'M' 'M' 'M' 'U'
 'M' 'U' 'M' 'U' 'A' 'M' 'U' 'U' 'M' 'M' 'M' 'U' 'A' 'U' 'M' 'U' 'M' 'U'
 'M' 'M' 'M' 'M' 'M' 'M' 'M' 'U' 'M' 'M' 'M' 'M' 'M' 'M' 'M' 'U' 'U' 'M'
 'M' 'M' 'M' 'M' 'M' 'M' 'M' 'M' 'M' 'M' 'U' 'M' 'M' 'U' 'M' 'M' 'M' 'U'
 'U' 'M' 'M' 'M' 'M' 'M' 'M' 'M' 'M' 'M' 'M' 'M' 'M' 'M' 'M' 'M' 'M' 'M']"
408501,0,160,4,156,38,0,0,"['A' 'U' 'M' 'U' 'M' 'M' 'M' 'M' 'M' 'M' 'M' 'U' 'M' 'M' 'M' 'M' 'M' 'M'
 'M' 'U' 'M' 'U' 'U' 'M' 'M' 'U' 'M' 'M' 'U' 'M' 'M' 'M' 'M' 'M' 'M' 'M'
 'M' 'M' 'U' 'M' 'M' 'M' 'M' 'M' 'M' 'M' 'M' 'M' 'M' 'M' 'M' 'M' 'M' 'U'
 'M' 'M' 'M' 'M' 'M' 'M' 'M' 'U' 'M' 'M' 'M' 'M' 'M' 'M' 'M' 'U' 'M' 'M'
 'M' 'M' 'M' 'M' 'U' 'M' 'M' 'M' 'M' 'M' 'M' 'M' 'M' 'M' 'M' 'U' 'M' 'M'
 'M' 'U' 'M' 'U' 'M' 'M' 'M' 'M' 'M' 'M' 'A' 'M' 'M' 'M' 'M' 'U' 'M' 'M'
 'U' 'U' 'M' 'M' 'U' 'M' 'M' 'U' 'M' 'M' 'U' 'M' 'M' 'M' 'M' 'M' 'M' 'U'
 'M' 'U' 'M' 'U' 'A' 'M' 'M' 'U' 'U' 'M' 'U' 'A' 'U' 'U' 'M' 'U' 'M' 'M'
 'M' 'M' 'M' 'M' 'M' 'M' 'M' 'U' 'M' 'U' 'M' 'M' 'M' 'M' 'M' 'U' 'U' 'M'
 'M' 'M' 'M' 'M' 'M' 'M' 'M' 'M' 'M' 'M' 'U' 'M' 'M' 'U' 'M' 'M' 'M' 'U'
 'M' 'M' 'M' 'M' 'M' 'M' 'M' 'M' 'M' 'M' 'M' 'M' 'M' 'M' 'M' 'M' 'M' 'M']"
408601,2,159,4,155,39,0,0,"['A' 'U' 'M' 'M' 'M' 'M' 'M' 'M' 'M' 'M' 'M' 'U' 'M' 'M' 'M' 'M' 'M' 'M'
 'M' 'U' 'M' 'U' 'M' 'U' 'M' 'U' 'M' 'M' 'U' 'M' 'M' 'M' 'M' 'M' 'M' 'M'
 'M' 'M' 'U' 'M' 'M' 'M' 'M' 'M' 'M' 'M' 'M' 'M' 'M' 'M' 'M' 'M' 'M' 'U'
 'M' 'M' 'M' 'M' 'M' 'M' 'M' 'U' 'M' 'M' 'M' 'M' 'M' 'M' 'M' 'M' 'U' 'U'
 'M' 'M' 'M' 'M' 'U' 'M' 'M' 'M' 'M' 'M' 'U' 'M' 'M' 'M' 'M' 'M' 'M' 'M'
 'M' 'U' 'M' 'M' 'M' 'M' 'U' 'M' 'M' 'M' 'A' 'M' 'M' 'M' 'M' 'U' 'M' 'M'
 'U' 'U' 'M' 'M' 'U' 'M' 'M' 'U' 'M' 'M' 'U' 'M' 'M' 'M' 'M' 'M' 'M' 'U'
 'M' 'U' 'M' 'U' 'A' 'M' 'U' 'U' 'U' 'U' 'U' 'A' 'U' 'M' 'M' 'M' 'M' 'M'
 'M' 'M' 'M' 'M' 'M' 'M' 'U' 'U' 'M' 'M' 'U' 'M' 'M' 'M' 'M' 'U' 'U' 'M'
 'M' 'M' 'M' 'M' 'M' 'M' 'M' 'M' 'M' 'M' 'U' 'M' 'M' 'U' 'M' 'M' 'M' 'M'
 'U' 'M' 'M' 'M' 'M' 'M' 'M' 'M' 'M' 'M' 'M' 'M' 'M' 'M' 'M' 'M' 'M' 'M']"
408701,0,157,5,152,41,0,0,"['A' 'U' 'M' 'M' 'M' 'M' 'M' 'M' 'M' 'M' 'M' 'U' 'M' 'M' 'M' 'M' 'M' 'M'
 'M' 'M' 'M' 'U' 'M' 'U' 'M' 'U' 'M' 'M' 'U' 'M' 'M' 'M' 'M' 'M' 'M' 'M'
 'M' 'M' 'U' 'M' 'M' 'M' 'M' 'M' 'U' 'M' 'M' 'M' 'M' 'M' 'M' 'M' 'M' 'U'
 'M' 'M' 'M' 'M' 'M' 'U' 'M' 'M' 'M' 'M' 'M' 'M' 'M' 'M' 'M' 'M' 'U' 'M'
 'M' 'M' 'M' 'U' 'M' 'M' 'M' 'M' 'M' 'M' 'M' 'M' 'M' 'M' 'M' 'U' 'U' 'U'
 'M' 'M' 'M' 'M' 'M' 'M' 'U' 'M' 'M' 'M' 'A' 'M' 'M' 'M' 'M' 'A' 'M' 'M'
 'M' 'U' 'M' 'M' 'U' 'M' 'M' 'U' 'M' 'M' 'U' 'M' 'M' 'U' 'M' 'M' 'M' 'U'
 'M' 'U' 'M' 'U' 'A' 'U' 'U' 'U' 'U' 'U' 'U' 'A' 'U' 'M' 'M' 'M' 'M' 'M'
 'M' 'M' 'M' 'M' 'M' 'M' 'U' 'U' 'M' 'M' 'U' 'M' 'M' 'M' 'M' 'U' 'U' 'M'
 'M' 'M' 'U' 'M' 'M' 'M' 'M' 'M' 'M' 'M' 'M' 'M' 'M' 'U' 'M' 'M' 'M' 'M'
 'U' 'M' 'M' 'M' 'M' 'M' 'U' 'M' 'M' 'M' 'M' 'U' 'M' 'M' 'M' 'M' 'M' 'M']"
408801,0,165,5,160,33,0,0,"['A' 'M' 'M' 'M' 'M' 'M' 'M' 'M' 'M' 'M' 'M' 'U' 'M' 'M' 'M' 'M' 'M' 'M'
 'M' 'M' 'M' 'U' 'M' 'U' 'M' 'U' 'M' 'M' 'U' 'M' 'M' 'M' 'M' 'M' 'M' 'M'
 'M' 'M' 'U' 'M' 'M' 'M' 'M' 'M' 'U' 'M' 'M' 'M' 'M' 'M' 'M' 'M' 'M' 'U'
 'M' 'M' 'M' 'M' 'M' 'U' 'M' 'M' 'M' 'M' 'M' 'M' 'M' 'M' 'M' 'M' 'M' 'M'
 'M' 'M' 'M' 'M' 'U' 'M' 'M' 'M' 'U' 'M' 'M' 'M' 'M' 'M' 'M' 'U' 'M' 'M'
 'M' 'U' 'M' 'U' 'M' 'M' 'U' 'M' 'M' 'M' 'M' 'M' 'M' 'M' 'M' 'A' 'M' 'M'
 'U' 'M' 'M' 'M' 'M' 'M' 'M' 'U' 'M' 'U' 'A' 'M' 'M' 'M' 'M' 'M' 'M' 'U'
 'M' 'U' 'M' 'M' 'U' 'M' 'U' 'U' 'U' 'U' 'U' 'A' 'U' 'M' 'M' 'M' 'M' 'M'
 'M' 'M' 'M' 'M' 'M' 'M' 'U' 'M' 'M' 'M' 'M' 'M' 'M' 'M' 'M' 'M' 'U' 'M'
 'M' 'M' 'M' 'M' 'M' 'M' 'M' 'M' 'M' 'M' 'M' 'M' 'M' 'U' 'M' 'M' 'A' 'M'
 'U' 'M' 'M' 'M' 'M' 'M' 'U' 'M' 'M' 'M' 'M' 'U' 'M' 'M' 'M' 'M' 'M' 'M']"
408901,0,165,4,161,33,0,0,"['A' 'M' 'M' 'M' 'M' 'M' 'M' 'M' 'M' 'M' 'U' 'U' 'M' 'M' 'M' 'U' 'M' 'M'
 'M' 'M' 'M' 'U' 'M' 'M' 'M' 'M' 'M' 'M' 'U' 'M' 'M' 'M' 'M' 'M' 'M' 'M'
 'M' 'M' 'M' 'M' 'M' 'M' 'M' 'M' 'M' 'U' 'M' 'M' 'M' 'M' 'M' 'M' 'M' 'U'
 'M' 'U' 'M' 'M' 'M' 'U' 'M' 'M' 'M' 'M' 'M' 'M' 'M' 'M' 'U' 'M' 'M' 'M'
 'M' 'M' 'M' 'M' 'M' 'M' 'U' 'U' 'M' 'M' 'M' 'M' 'M' 'M' 'M' 'M' 'M' 'M'
 'M' 'U' 'U' 'M' 'M' 'M' 'U' 'M' 'M' 'M' 'M' 'M' 'M' 'M' 'M' 'A' 'M' 'M'
 'U' 'M' 'M' 'M' 'M' 'M' 'M' 'U' 'M' 'U' 'A' 'M' 'M' 'M' 'M' 'M' 'M' 'U'
 'M' 'U' 'M' 'M' 'U' 'M' 'M' 'U' 'M' 'M' 'U' 'U' 'U' 'M' 'M' 'U' 'M' 'M'
 'M' 'M' 'M' 'M' 'M' 'M' 'U' 'M' 'M' 'M' 'M' 'M' 'M' 'M' 'M' 'U' 'M' 'M'
 'M' 'M' 'M' 'M' 'M' 'M' 'M' 'M' 'M' 'M' 'M' 'M' 'M' 'U' 'M' 'M' 'A' 'M'
 'U' 'M' 'U' 'M' 'M' 'U' 'M' 'M' 'M' 'M' 'M' 'U' 'M' 'M' 'M' 'M' 'M' 'M']"
409001,0,163,3,160,35,0,0,"['A' 'M' 'M' 'M' 'M' 'M' 'M' 'M' 'M' 'M' 'M' 'U' 'M' 'M' 'M' 'M' 'M' 'M'
 'M' 'M' 'M' 'U' 'M' 'M' 'M' 'M' 'M' 'M' 'U' 'M' 'M' 'M' 'M' 'M' 'M' 'M'
 'M' 'M' 'M' 'M' 'M' 'M' 'U' 'M' 'M' 'U' 'M' 'M' 'M' 'M' 'M' 'M' 'M' 'U'
 'M' 'U' 'M' 'M' 'M' 'U' 'M' 'M' 'U' 'M' 'M' 'U' 'M' 'M' 'U' 'M' 'M' 'M'
 'M' 'M' 'U' 'M' 'M' 'M' 'M' 'U' 'U' 'M' 'M' 'M' 'M' 'M' 'M' 'M' 'M' 'M'
 'M' 'M' 'M' 'M' 'M' 'U' 'U' 'M' 'M' 'M' 'M' 'M' 'M' 'M' 'M' 'U' 'M' 'M'
 'U' 'M' 'M' 'M' 'M' 'M' 'M' 'U' 'M' 'U' 'A' 'M' 'M' 'M' 'M' 'M' 'M' 'U'
 'M' 'U' 'M' 'M' 'U' 'U' 'M' 'U' 'U' 'U' 'U' 'M' 'U' 'M' 'M' 'U' 'M' 'M'
 'M' 'M' 'M' 'M' 'M' 'M' 'M' 'M' 'M' 'M' 'M' 'M' 'U' 'M' 'M' 'M' 'M' 'M'
 'M' 'M' 'M' 'M' 'M' 'M' 'M' 'M' 'M' 'M' 'M' 'M' 'M' 'M' 'M' 'M' 'M' 'M'
 'U' 'M' 'U' 'M' 'M' 'U' 'M' 'M' 'M' 'M' 'U' 'A' 'M' 'M' 'M' 'M' 'M' 'M']"
409101,0,161,3,158,37,0,0,"['A' 'M' 'M' 'M' 'M' 'M' 'M' 'M' 'M' 'M' 'M' 'U' 'M' 'U' 'M' 'M' 'M' 'M'
 'M' 'M' 'M' 'U' 'M' 'M' 'U' 'M' 'M' 'M' 'U' 'M' 'M' 'M' 'M' 'M' 'M' 'M'
 'M' 'M' 'M' 'M' 'M' 'M' 'U' 'M' 'M' 'M' 'M' 'M' 'M' 'M' 'M' 'M' 'M' 'U'
 'M' 'U' 'M' 'M' 'M' 'U' 'M' 'M' 'U' 'M' 'M' 'M' 'M' 'M' 'M' 'M' 'M' 'M'
 'U' 'M' 'M' 'M' 'M' 'M' 'M' 'M' 'U' 'U' 'M' 'M' 'U' 'M' 'M' 'M' 'M' 'M'
 'M' 'U' 'M' 'M' 'M' 'U' 'U' 'M' 'M' 'M' 'M' 'M' 'M' 'M' 'M' 'M' 'U' 'M'
 'U' 'M' 'M' 'M' 'M' 'M' 'M' 'U' 'M' 'U' 'A' 'M' 'M' 'M' 'M' 'M' 'M' 'M'
 'M' 'U' 'M' 'M' 'U' 'M' 'U' 'U' 'M' 'U' 'U' 'U' 'U' 'M' 'M' 'U' 'M' 'M'
 'M' 'M' 'M' 'M' 'M' 'M' 'M' 'M' 'M' 'U' 'M' 'M' 'M' 'U' 'M' 'M' 'M' 'M'
 'M' 'M' 'M' 'M' 'M' 'M' 'M' 'M' 'M' 'M' 'M' 'M' 'M' 'M' 'M' 'M' 'M' 'M'
 'U' 'M' 'U' 'U' 'M' 'U' 'M' 'M' 'M' 'M' 'U' 'A' 'M' 'M' 'M' 'M' 'M' 'M']"
409201,0,156,4,152,42,0,0,"['A' 'M' 'M' 'M' 'M' 'M' 'M' 'M' 'M' 'U' 'M' 'U' 'M' 'U' 'M' 'M' 'M' 'M'
 'M' 'M' 'M' 'U' 'M' 'M' 'U' 'U' 'M' 'M' 'M' 'U' 'M' 'M' 'M' 'M' 'M' 'M'
 'M' 'M' 'U' 'M' 'M' 'M' 'U' 'M' 'M' 'M' 'M' 'M' 'M' 'M' 'M' 'M' 'M' 'U'
 'M' 'U' 'M' 'M' 'M' 'U' 'M' 'M' 'M' 'M' 'M' 'M' 'M' 'M' 'M' 'M' 'M' 'M'
 'M' 'M' 'M' 'U' 'M' 'U' 'M' 'M' 'M' 'U' 'M' 'M' 'M' 'M' 'M' 'U' 'M' 'M'
 'M' 'M' 'M' 'U' 'M' 'U' 'U' 'M' 'M' 'M' 'M' 'M' 'M' 'M' 'M' 'M' 'U' 'U'
 'M' 'M' 'M' 'U' 'U' 'M' 'U' 'U' 'M' 'U' 'A' 'M' 'M' 'M' 'M' 'M' 'M' 'M'
 'M' 'U' 'M' 'M' 'M' 'U' 'U' 'U' 'M' 'U' 'U' 'U' 'U' 'M' 'M' 'U' 'U' 'M'
 'M' 'M' 'M' 'M' 'M' 'M' 'M' 'M' 'M' 'M' 'M' 'M' 'M' 'U' 'M' 'M' 'M' 'M'
 'M' 'M' 'M' 'M' 'M' 'M' 'M' 'M' 'M' 'M' 'M' 'M' 'A' 'M' 'M' 'M' 'M' 'M'
 'U' 'M' 'U' 'U' 'M' 'U' 'M' 'M' 'M' 'M' 'U' 'A' 'M' 'M' 'M' 'M' 'M' 'M']"
409301,0,151,3,148,47,0,0,"['A' 'M' 'M' 'M' 'M' 'M' 'M' 'M' 'M' 'U' 'M' 'U' 'M' 'U' 'M' 'U' 'M' 'M'
 'M' 'M' 'M' 'U' 'M' 'M' 'U' 'U' 'M' 'M' 'M' 'U' 'M' 'M' 'M' 'M' 'M' 'M'
 'M' 'M' 'U' 'M' 'M' 'M' 'U' 'M' 'M' 'U' 'M' 'M' 'M' 'M' 'M' 'M' 'M' 'U'
 'M' 'U' 'M' 'M' 'M' 'M' 'M' 'M' 'M' 'M' 'M' 'M' 'M' 'M' 'M' 'U' 'M' 'M'
 'M' 'U' 'M' 'M' 'M' 'M' 'U' 'M' 'M' 'U' 'M' 'M' 'M' 'M' 'M' 'U' 'M' 'M'
 'M' 'M' 'M' 'M' 'M' 'U' 'U' 'M' 'M' 'M' 'M' 'M' 'M' 'M' 'U' 'M' 'U' 'U'
 'M' 'M' 'M' 'U' 'U' 'M' 'M' 'M' 'M' 'U' 'U' 'M' 'M' 'M' 'M' 'M' 'M' 'M'
 'M' 'U' 'M' 'M' 'M' 'U' 'U' 'U' 'U' 'M' 'U' 'U' 'U' 'M' 'M' 'U' 'U' 'M'
 'M' 'M' 'M' 'M' 'M' 'M' 'M' 'M' 'M' 'U' 'M' 'M' 'M' 'U' 'M' 'M' 'M' 'M'
 'M' 'M' 'M' 'M' 'M' 'M' 'M' 'M' 'U' 'M' 'U' 'M' 'A' 'M' 'M' 'M' 'M' 'M'
 'U' 'M' 'U' 'M' 'M' 'U' 'M' 'M' 'M' 'M' 'U' 'A' 'M' 'M' 'M' 'M' 'U' 'U']"
409401,0,158,5,153,40,0,0,"['A' 'M' 'M' 'M' 'M' 'M' 'M' 'M' 'M' 'U' 'U' 'A' 'M' 'M' 'M' 'U' 'M' 'M'
 'M' 'M' 'M' 'U' 'M' 'M' 'U' 'U' 'M' 'M' 'M' 'M' 'M' 'M' 'M' 'M' 'M' 'M'
 'M' 'M' 'U' 'M' 'M' 'M' 'M' 'M' 'M' 'U' 'M' 'M' 'M' 'M' 'M' 'M' 'M' 'U'
 'M' 'M' 'M' 'M' 'M' 'M' 'M' 'M' 'M' 'M' 'M' 'U' 'M' 'U' 'M' 'M' 'M' 'M'
 'M' 'M' 'M' 'M' 'M' 'M' 'M' 'M' 'M' 'U' 'M' 'U' 'U' 'M' 'M' 'M' 'M' 'M'
 'M' 'M' 'M' 'M' 'M' 'A' 'U' 'M' 'M' 'M' 'M' 'U' 'M' 'M' 'U' 'M' 'U' 'M'
 'M' 'M' 'M' 'U' 'U' 'M' 'M' 'U' 'M' 'U' 'M' 'M' 'M' 'M' 'M' 'M' 'M' 'M'
 'M' 'M' 'M' 'M' 'M' 'U' 'U' 'U' 'M' 'U' 'U' 'U' 'U' 'M' 'M' 'A' 'U' 'M'
 'U' 'U' 'M' 'M' 'M' 'M' 'M' 'M' 'M' 'M' 'M' 'M' 'M' 'M' 'M' 'M' 'M' 'M'
 'M' 'M' 'M' 'M' 'M' 'M' 'M' 'M' 'U' 'M' 'U' 'M' 'A' 'M' 'M' 'M' 'M' 'M'
 'M' 'M' 'U' 'M' 'M' 'U' 'M' 'M' 'M' 'M' 'U' 'U' 'M' 'M' 'M' 'M' 'U' 'U']"
409501,0,156,3,153,42,0,0,"['A' 'M' 'M' 'M' 'M' 'M' 'M' 'M' 'M' 'U' 'U' 'U' 'M' 'M' 'M' 'U' 'M' 'M'
 'M' 'M' 'M' 'U' 'M' 'M' 'U' 'U' 'M' 'M' 'M' 'M' 'M' 'M' 'M' 'M' 'M' 'M'
 'U' 'M' 'U' 'M' 'M' 'M' 'M' 'M' 'M' 'U' 'M' 'M' 'M' 'M' 'M' 'M' 'M' 'M'
 'M' 'M' 'M' 'M' 'M' 'M' 'M' 'M' 'M' 'M' 'M' 'M' 'M' 'M' 'M' 'M' 'M' 'M'
 'M' 'M' 'M' 'M' 'M' 'M' 'M' 'M' 'M' 'M' 'U' 'M' 'U' 'M' 'M' 'M' 'M' 'M'
 'U' 'M' 'U' 'U' 'M' 'A' 'M' 'M' 'M' 'M' 'M' 'M' 'M' 'M' 'U' 'M' 'U' 'M'
 'M' 'M' 'M' 'U' 'M' 'M' 'M' 'M' 'M' 'U' 'M' 'M' 'M' 'U' 'M' 'M' 'M' 'M'
 'M' 'M' 'M' 'M' 'M' 'U' 'U' 'U' 'U' 'U' 'U' 'U' 'U' 'M' 'M' 'A' 'U' 'M'
 'U' 'M' 'M' 'M' 'M' 'M' 'M' 'M' 'M' 'M' 'M' 'M' 'M' 'M' 'M' 'M' 'M' 'M'
 'M' 'M' 'M' 'M' 'U' 'M' 'M' 'M' 'U' 'U' 'U' 'M' 'U' 'M' 'M' 'M' 'M' 'M'
 'M' 'M' 'U' 'M' 'M' 'U' 'M' 'M' 'M' 'M' 'U' 'U' 'M' 'U' 'M' 'M' 'U' 'U']"
409601,0,161,4,157,37,0,0,"['A' 'M' 'M' 'M' 'M' 'M' 'M' 'M' 'M' 'M' 'U' 'U' 'M' 'M' 'M' 'M' 'M' 'M'
 'M' 'M' 'M' 'M' 'M' 'M' 'U' 'M' 'U' 'M' 'M' 'M' 'M' 'U' 'M' 'M' 'M' 'M'
 'M' 'M' 'U' 'M' 'M' 'M' 'M' 'M' 'M' 'U' 'M' 'M' 'M' 'M' 'M' 'M' 'A' 'M'
 'M' 'M' 'U' 'M' 'M' 'U' 'M' 'M' 'M' 'M' 'M' 'M' 'M' 'M' 'M' 'M' 'M' 'M'
 'U' 'M' 'U' 'M' 'M' 'M' 'M' 'M' 'M' 'U' 'M' 'M' 'M' 'M' 'M' 'M' 'M' 'M'
 'U' 'M' 'M' 'U' 'M' 'U' 'M' 'M' 'M' 'M' 'M' 'M' 'M' 'M' 'M' 'M' 'M' 'M'
 'M' 'M' 'M' 'U' 'M' 'M' 'M' 'M' 'M' 'M' 'M' 'M' 'M' 'U' 'U' 'M' 'M' 'M'
 'M' 'U' 'M' 'M' 'M' 'U' 'U' 'U' 'U' 'U' 'U' 'U' 'U' 'M' 'M' 'U' 'M' 'M'
 'M' 'M' 'M' 'M' 'M' 'M' 'M' 'M' 'M' 'M' 'M' 'M' 'M' 'M' 'M' 'M' 'M' 'M'
 'M' 'M' 'M' 'M' 'U' 'M' 'M' 'M' 'U' 'U' 'A' 'M' 'M' 'M' 'U' 'M' 'M' 'M'
 'M' 'M' 'U' 'M' 'M' 'U' 'M' 'M' 'M' 'M' 'U' 'U' 'M' 'M' 'M' 'M' 'U' 'A']"
409701,0,163,2,161,35,0,1,"['A' 'M' 'M' 'M' 'M' 'M' 'M' 'M' 'M' 'M' 'U' 'U' 'M' 'M' 'M' 'M' 'M' 'M'
 'M' 'M' 'M' 'M' 'M' 'M' 'U' 'M' 'U' 'M' 'M' 'M' 'M' 'M' 'M' 'M' 'M' 'M'
 'M' 'M' 'M' 'M' 'M' 'M' 'M' 'U' 'M' 'U' 'M' 'M' 'M' 'M' 'M' 'M' 'A' 'M'
 'M' 'M' 'U' 'M' 'M' 'U' 'M' 'M' 'M' 'M' 'M' 'M' 'M' 'M' 'M' 'M' 'M' 'M'
 'U' 'M' 'M' 'M' 'M' 'M' 'U' 'M' 'U' 'U' 'M' 'M' 'U' 'M' 'M' 'M' 'M' 'M'
 'M' 'M' 'M' 'M' 'M' 'U' 'M' 'M' 'M' 'U' 'M' 'M' 'M' 'M' 'M' 'M' 'M' 'M'
 'M' 'M' 'M' 'U' 'M' 'M' 'M' 'M' 'M' 'M' 'M' 'M' 'M' 'M' 'M' 'M' 'M' 'M'
 'U' 'U' 'M' 'M' 'M' 'M' 'U' 'U' 'U' 'M' 'M' 'U' 'U' 'M' 'M' 'U' 'M' 'M'
 'M' 'M' 'M' 'M' 'M' 'M' 'M' 'M' 'M' 'M' 'M' 'M' 'M' 'M' 'M' 'M' 'M' 'M'
 'M' 'M' 'M' 'U' 'U' 'M' 'M' 'M' 'U' 'U' 'U' 'M' 'M' 'M' 'U' 'M' 'M' 'M'
 'M' 'M' 'U' 'M' 'M' 'U' 'M' 'M' 'M' 'M' 'U' 'U' 'M' 'M' 'M' 'M' 'M' 'U']"
409801,1,156,2,154,42,0,0,"['A' 'M' 'M' 'M' 'M' 'M' 'M' 'M' 'M' 'M' 'U' 'U' 'M' 'M' 'M' 'M' 'M' 'M'
 'M' 'M' 'M' 'M' 'M' 'M' 'U' 'M' 'U' 'M' 'M' 'U' 'U' 'M' 'U' 'M' 'M' 'M'
 'M' 'M' 'M' 'M' 'M' 'M' 'M' 'M' 'M' 'U' 'M' 'M' 'M' 'M' 'M' 'M' 'A' 'M'
 'U' 'M' 'U' 'M' 'M' 'U' 'M' 'M' 'M' 'M' 'M' 'M' 'M' 'M' 'M' 'M' 'M' 'U'
 'M' 'M' 'M' 'U' 'U' 'U' 'M' 'M' 'M' 'M' 'M' 'M' 'M' 'M' 'M' 'M' 'M' 'U'
 'M' 'M' 'M' 'M' 'M' 'U' 'M' 'M' 'M' 'U' 'M' 'M' 'M' 'M' 'M' 'M' 'M' 'M'
 'M' 'M' 'M' 'U' 'M' 'M' 'M' 'U' 'M' 'M' 'M' 'M' 'M' 'M' 'U' 'M' 'M' 'M'
 'U' 'M' 'M' 'M' 'M' 'U' 'U' 'U' 'U' 'U' 'U' 'U' 'U' 'M' 'M' 'M' 'U' 'M'
 'M' 'M' 'M' 'M' 'M' 'M' 'M' 'M' 'M' 'U' 'M' 'M' 'M' 'M' 'M' 'M' 'M' 'M'
 'M' 'M' 'M' 'U' 'U' 'M' 'M' 'M' 'U' 'U' 'U' 'M' 'M' 'M' 'U' 'M' 'M' 'M'
 'M' 'M' 'U' 'M' 'M' 'U' 'M' 'M' 'M' 'M' 'U' 'M' 'M' 'M' 'M' 'M' 'M' 'U']"
409901,0,159,3,156,39,0,0,"['A' 'U' 'M' 'M' 'M' 'M' 'M' 'M' 'M' 'M' 'U' 'M' 'M' 'M' 'M' 'M' 'M' 'M'
 'M' 'M' 'M' 'M' 'M' 'M' 'U' 'U' 'U' 'M' 'M' 'U' 'U' 'M' 'M' 'M' 'M' 'M'
 'U' 'M' 'M' 'M' 'M' 'M' 'M' 'M' 'M' 'U' 'M' 'M' 'M' 'M' 'M' 'M' 'A' 'M'
 'U' 'M' 'U' 'M' 'M' 'U' 'M' 'M' 'M' 'M' 'M' 'M' 'M' 'M' 'M' 'U' 'M' 'M'
 'M' 'M' 'M' 'M' 'M' 'M' 'M' 'M' 'U' 'M' 'U' 'U' 'M' 'U' 'M' 'M' 'M' 'M'
 'M' 'M' 'M' 'M' 'M' 'U' 'M' 'M' 'M' 'U' 'M' 'M' 'M' 'M' 'M' 'M' 'M' 'M'
 'M' 'M' 'M' 'U' 'M' 'M' 'M' 'U' 'M' 'M' 'M' 'M' 'M' 'M' 'M' 'M' 'M' 'U'
 'M' 'M' 'M' 'M' 'M' 'U' 'U' 'U' 'M' 'U' 'U' 'U' 'U' 'M' 'M' 'M' 'U' 'M'
 'M' 'M' 'M' 'M' 'M' 'M' 'U' 'M' 'M' 'U' 'M' 'M' 'M' 'M' 'M' 'M' 'M' 'M'
 'M' 'M' 'M' 'M' 'U' 'M' 'M' 'M' 'A' 'U' 'U' 'M' 'M' 'M' 'M' 'M' 'M' 'M'
 'M' 'U' 'U' 'M' 'M' 'U' 'M' 'M' 'M' 'M' 'M' 'M' 'M' 'U' 'M' 'M' 'M' 'M']"
410001,0,163,6,157,35,0,0,"['A' 'M' 'U' 'M' 'M' 'M' 'U' 'M' 'M' 'M' 'U' 'M' 'M' 'M' 'M' 'M' 'M' 'M'
 'M' 'M' 'M' 'M' 'M' 'M' 'U' 'M' 'U' 'M' 'M' 'M' 'U' 'M' 'M' 'M' 'M' 'M'
 'U' 'M' 'M' 'M' 'M' 'M' 'M' 'M' 'M' 'U' 'U' 'M' 'M' 'M' 'M' 'M' 'A' 'M'
 'U' 'M' 'U' 'M' 'M' 'U' 'M' 'M' 'M' 'U' 'M' 'M' 'M' 'M' 'M' 'U' 'M' 'M'
 'U' 'M' 'U' 'M' 'M' 'M' 'M' 'M' 'U' 'M' 'M' 'M' 'M' 'M' 'M' 'M' 'M' 'M'
 'M' 'U' 'M' 'M' 'M' 'U' 'M' 'M' 'M' 'A' 'M' 'M' 'M' 'M' 'M' 'M' 'M' 'M'
 'M' 'M' 'M' 'U' 'M' 'M' 'M' 'U' 'M' 'U' 'M' 'M' 'M' 'M' 'M' 'M' 'M' 'U'
 'M' 'M' 'M' 'M' 'M' 'U' 'A' 'M' 'U' 'M' 'M' 'U' 'A' 'M' 'M' 'U' 'M' 'M'
 'U' 'M' 'M' 'M' 'M' 'M' 'U' 'M' 'M' 'U' 'M' 'M' 'M' 'M' 'M' 'M' 'M' 'M'
 'M' 'M' 'M' 'M' 'U' 'M' 'M' 'M' 'A' 'M' 'M' 'M' 'M' 'M' 'U' 'M' 'M' 'M'
 'M' 'U' 'U' 'M' 'M' 'M' 'M' 'M' 'M' 'M' 'M' 'M' 'M' 'U' 'M' 'M' 'M' 'M']"
410101,0,165,6,159,33,0,0,"['A' 'M' 'U' 'U' 'M' 'M' 'U' 'M' 'M' 'M' 'U' 'M' 'M' 'M' 'M' 'M' 'M' 'M'
 'M' 'M' 'M' 'M' 'U' 'M' 'U' 'M' 'U' 'M' 'M' 'M' 'U' 'M' 'M' 'M' 'M' 'M'
 'U' 'M' 'M' 'M' 'M' 'M' 'M' 'M' 'M' 'U' 'U' 'M' 'M' 'M' 'M' 'M' 'A' 'M'
 'U' 'M' 'U' 'M' 'M' 'M' 'M' 'M' 'M' 'U' 'M' 'U' 'M' 'M' 'M' 'M' 'M' 'U'
 'M' 'M' 'M' 'M' 'U' 'M' 'M' 'U' 'M' 'M' 'M' 'M' 'M' 'M' 'M' 'M' 'M' 'M'
 'M' 'M' 'U' 'M' 'M' 'M' 'M' 'M' 'M' 'A' 'M' 'M' 'M' 'M' 'M' 'M' 'M' 'M'
 'M' 'M' 'M' 'M' 'M' 'M' 'M' 'U' 'M' 'M' 'M' 'M' 'M' 'M' 'M' 'M' 'M' 'M'
 'M' 'M' 'U' 'M' 'M' 'U' 'A' 'M' 'U' 'M' 'M' 'M' 'A' 'M' 'M' 'M' 'M' 'M'
 'M' 'U' 'M' 'M' 'M' 'M' 'U' 'M' 'M' 'U' 'M' 'M' 'U' 'M' 'M' 'U' 'M' 'M'
 'M' 'M' 'M' 'M' 'U' 'M' 'M' 'M' 'A' 'M' 'M' 'M' 'M' 'M' 'U' 'M' 'M' 'M'
 'M' 'U' 'U' 'M' 'M' 'M' 'M' 'M' 'M' 'M' 'M' 'M' 'M' 'U' 'M' 'M' 'M' 'M']"
410201,0,160,9,151,38,0,1,"['A' 'M' 'U' 'U' 'U' 'M' 'A' 'M' 'M' 'M' 'A' 'M' 'M' 'M' 'M' 'U' 'M' 'M'
 'M' 'M' 'M' 'M' 'U' 'M' 'M' 'M' 'U' 'M' 'U' 'M' 'M' 'M' 'M' 'M' 'M' 'M'
 'M' 'M' 'M' 'M' 'M' 'M' 'M' 'U' 'M' 'U' 'U' 'M' 'M' 'M' 'M' 'M' 'A' 'M'
 'U' 'M' 'U' 'M' 'M' 'M' 'M' 'M' 'M' 'U' 'M' 'M' 'M' 'U' 'M' 'M' 'M' 'M'
 'U' 'M' 'M' 'M' 'M' 'M' 'M' 'U' 'M' 'M' 'M' 'M' 'M' 'M' 'M' 'M' 'U' 'M'
 'M' 'U' 'M' 'M' 'M' 'M' 'M' 'M' 'M' 'A' 'M' 'M' 'M' 'M' 'M' 'M' 'M' 'M'
 'M' 'M' 'M' 'M' 'M' 'M' 'M' 'U' 'M' 'M' 'M' 'M' 'M' 'M' 'M' 'M' 'M' 'M'
 'M' 'U' 'U' 'M' 'M' 'U' 'A' 'U' 'U' 'U' 'U' 'U' 'A' 'M' 'M' 'M' 'M' 'M'
 'M' 'U' 'M' 'U' 'M' 'U' 'U' 'M' 'M' 'U' 'U' 'M' 'M' 'M' 'M' 'U' 'M' 'M'
 'M' 'M' 'M' 'M' 'A' 'M' 'M' 'M' 'A' 'M' 'M' 'M' 'M' 'M' 'U' 'M' 'M' 'U'
 'M' 'U' 'U' 'M' 'M' 'M' 'M' 'M' 'M' 'M' 'M' 'M' 'M' 'M' 'M' 'M' 'M' 'M']"
410301,0,166,10,156,32,0,0,"['A' 'M' 'M' 'U' 'U' 'M' 'A' 'M' 'M' 'M' 'A' 'M' 'M' 'M' 'M' 'A' 'M' 'M'
 'M' 'M' 'M' 'M' 'U' 'M' 'M' 'M' 'M' 'M' 'U' 'M' 'M' 'M' 'M' 'M' 'M' 'M'
 'M' 'M' 'M' 'M' 'M' 'M' 'M' 'M' 'M' 'U' 'U' 'M' 'M' 'M' 'M' 'M' 'M' 'M'
 'U' 'M' 'U' 'M' 'M' 'M' 'M' 'U' 'M' 'U' 'M' 'U' 'M' 'U' 'M' 'U' 'M' 'M'
 'M' 'U' 'M' 'M' 'U' 'M' 'M' 'M' 'M' 'M' 'M' 'M' 'M' 'M' 'M' 'M' 'M' 'M'
 'M' 'M' 'M' 'M' 'M' 'M' 'M' 'M' 'M' 'A' 'M' 'M' 'M' 'M' 'M' 'M' 'M' 'M'
 'M' 'M' 'M' 'M' 'M' 'M' 'M' 'U' 'M' 'M' 'M' 'M' 'U' 'M' 'M' 'M' 'M' 'M'
 'M' 'U' 'U' 'M' 'M' 'U' 'A' 'M' 'U' 'M' 'U' 'U' 'A' 'M' 'M' 'M' 'M' 'M'
 'M' 'M' 'M' 'U' 'M' 'A' 'U' 'M' 'M' 'M' 'U' 'M' 'U' 'U' 'M' 'U' 'M' 'M'
 'M' 'M' 'M' 'M' 'A' 'M' 'M' 'M' 'A' 'M' 'M' 'M' 'M' 'M' 'M' 'M' 'M' 'U'
 'U' 'M' 'U' 'M' 'M' 'M' 'M' 'M' 'M' 'M' 'M' 'M' 'M' 'M' 'M' 'M' 'M' 'M']"
410401,0,163,8,155,35,0,0,"['A' 'M' 'M' 'U' 'M' 'M' 'A' 'M' 'M' 'M' 'A' 'M' 'M' 'M' 'M' 'A' 'M' 'M'
 'M' 'M' 'M' 'M' 'U' 'U' 'M' 'M' 'M' 'M' 'M' 'M' 'M' 'M' 'M' 'M' 'M' 'M'
 'M' 'M' 'M' 'M' 'M' 'M' 'M' 'M' 'M' 'M' 'U' 'M' 'M' 'M' 'M' 'M' 'M' 'M'
 'U' 'M' 'U' 'M' 'M' 'M' 'M' 'U' 'M' 'U' 'M' 'M' 'U' 'M' 'M' 'M' 'M' 'M'
 'M' 'M' 'M' 'U' 'M' 'M' 'M' 'M' 'M' 'M' 'M' 'M' 'M' 'M' 'M' 'U' 'M' 'M'
 'M' 'M' 'M' 'U' 'U' 'M' 'M' 'M' 'M' 'A' 'M' 'M' 'M' 'U' 'M' 'M' 'M' 'M'
 'M' 'M' 'M' 'M' 'M' 'M' 'M' 'U' 'M' 'M' 'M' 'M' 'U' 'M' 'M' 'M' 'M' 'M'
 'M' 'U' 'U' 'M' 'M' 'U' 'U' 'M' 'U' 'M' 'U' 'U' 'A' 'M' 'M' 'M' 'M' 'M'
 'M' 'M' 'U' 'U' 'M' 'A' 'U' 'M' 'M' 'M' 'M' 'M' 'U' 'U' 'M' 'U' 'M' 'M'
 'M' 'M' 'M' 'M' 'M' 'M' 'M' 'M' 'A' 'M' 'U' 'M' 'M' 'U' 'M' 'M' 'M' 'U'
 'U' 'M' 'U' 'U' 'M' 'M' 'M' 'M' 'M' 'M' 'M' 'M' 'M' 'M' 'M' 'M' 'M' 'M']"
410501,0,153,7,146,45,0,0,"['A' 'M' 'M' 'U' 'M' 'M' 'A' 'M' 'M' 'M' 'U' 'M' 'M' 'M' 'M' 'U' 'M' 'M'
 'M' 'M' 'M' 'U' 'A' 'U' 'M' 'M' 'M' 'M' 'M' 'M' 'M' 'U' 'M' 'M' 'M' 'M'
 'M' 'M' 'M' 'M' 'M' 'M' 'U' 'M' 'M' 'U' 'U' 'M' 'M' 'M' 'M' 'M' 'M' 'M'
 'U' 'M' 'U' 'M' 'M' 'M' 'M' 'U' 'M' 'U' 'M' 'M' 'M' 'M' 'M' 'M' 'M' 'U'
 'M' 'M' 'M' 'M' 'M' 'M' 'M' 'M' 'U' 'U' 'M' 'M' 'M' 'M' 'M' 'U' 'M' 'M'
 'M' 'M' 'U' 'M' 'M' 'M' 'M' 'M' 'M' 'A' 'M' 'U' 'M' 'U' 'M' 'U' 'M' 'M'
 'M' 'M' 'M' 'M' 'U' 'U' 'M' 'M' 'M' 'M' 'M' 'U' 'U' 'M' 'M' 'M' 'U' 'M'
 'M' 'U' 'U' 'M' 'M' 'U' 'M' 'M' 'U' 'M' 'U' 'U' 'A' 'M' 'M' 'M' 'M' 'M'
 'M' 'M' 'U' 'U' 'M' 'A' 'U' 'M' 'M' 'M' 'M' 'M' 'M' 'U' 'M' 'U' 'M' 'M'
 'M' 'U' 'M' 'U' 'M' 'M' 'M' 'M' 'A' 'M' 'U' 'M' 'M' 'U' 'M' 'M' 'M' 'U'
 'U' 'M' 'M' 'U' 'M' 'M' 'M' 'M' 'M' 'M' 'M' 'M' 'M' 'M' 'M' 'M' 'M' 'U']"
410601,0,149,6,143,49,0,0,"['A' 'M' 'M' 'U' 'M' 'M' 'A' 'M' 'M' 'M' 'U' 'M' 'M' 'M' 'M' 'U' 'M' 'U'
 'M' 'M' 'M' 'U' 'A' 'U' 'M' 'M' 'M' 'M' 'M' 'M' 'M' 'A' 'M' 'M' 'M' 'M'
 'M' 'M' 'M' 'M' 'M' 'U' 'U' 'U' 'M' 'U' 'U' 'M' 'M' 'M' 'M' 'M' 'M' 'M'
 'U' 'M' 'U' 'M' 'U' 'M' 'M' 'U' 'M' 'U' 'U' 'M' 'M' 'M' 'M' 'M' 'M' 'M'
 'M' 'M' 'U' 'U' 'M' 'M' 'U' 'M' 'M' 'M' 'M' 'M' 'M' 'U' 'M' 'M' 'M' 'M'
 'M' 'M' 'M' 'M' 'U' 'M' 'M' 'M' 'M' 'U' 'M' 'U' 'M' 'U' 'M' 'M' 'M' 'M'
 'U' 'M' 'M' 'M' 'U' 'U' 'M' 'M' 'M' 'M' 'M' 'U' 'M' 'M' 'U' 'M' 'M' 'U'
 'M' 'U' 'M' 'M' 'M' 'M' 'U' 'U' 'M' 'U' 'U' 'M' 'U' 'M' 'M' 'M' 'M' 'M'
 'M' 'M' 'U' 'U' 'M' 'A' 'U' 'M' 'M' 'M' 'M' 'M' 'M' 'U' 'M' 'U' 'M' 'M'
 'M' 'U' 'M' 'U' 'M' 'M' 'M' 'M' 'A' 'M' 'M' 'M' 'M' 'U' 'M' 'M' 'M' 'U'
 'U' 'M' 'M' 'U' 'M' 'M' 'M' 'M' 'M' 'M' 'M' 'M' 'M' 'M' 'M' 'M' 'M' 'U']"
410701,0,150,5,145,48,0,1,"['A' 'M' 'M' 'M' 'M' 'M' 'A' 'M' 'M' 'M' 'M' 'M' 'M' 'M' 'M' 'U' 'M' 'U'
 'M' 'M' 'M' 'U' 'A' 'U' 'M' 'M' 'M' 'M' 'M' 'M' 'U' 'A' 'U' 'M' 'M' 'M'
 'M' 'M' 'M' 'M' 'M' 'U' 'U' 'U' 'M' 'M' 'U' 'M' 'M' 'U' 'M' 'M' 'M' 'M'
 'U' 'M' 'U' 'M' 'U' 'M' 'M' 'U' 'M' 'U' 'U' 'U' 'M' 'M' 'M' 'M' 'M' 'M'
 'M' 'M' 'M' 'U' 'M' 'M' 'M' 'M' 'U' 'M' 'M' 'U' 'M' 'M' 'M' 'M' 'M' 'U'
 'M' 'M' 'M' 'M' 'M' 'M' 'M' 'M' 'M' 'U' 'M' 'U' 'M' 'U' 'M' 'M' 'M' 'M'
 'U' 'M' 'M' 'M' 'M' 'M' 'M' 'M' 'M' 'M' 'M' 'U' 'M' 'M' 'U' 'M' 'U' 'U'
 'M' 'U' 'M' 'M' 'M' 'U' 'U' 'U' 'U' 'U' 'U' 'U' 'U' 'M' 'M' 'M' 'M' 'M'
 'M' 'M' 'U' 'U' 'M' 'A' 'M' 'M' 'M' 'M' 'M' 'M' 'M' 'U' 'M' 'U' 'M' 'M'
 'M' 'M' 'M' 'U' 'M' 'M' 'M' 'M' 'U' 'M' 'M' 'M' 'M' 'U' 'M' 'M' 'M' 'M'
 'U' 'M' 'M' 'U' 'M' 'M' 'M' 'M' 'M' 'M' 'M' 'M' 'M' 'M' 'M' 'M' 'M' 'M']"
410801,0,156,6,150,42,0,0,"['A' 'M' 'M' 'M' 'M' 'M' 'A' 'M' 'M' 'M' 'M' 'M' 'M' 'M' 'M' 'U' 'M' 'M'
 'M' 'M' 'M' 'M' 'A' 'U' 'M' 'M' 'M' 'M' 'M' 'M' 'U' 'A' 'U' 'M' 'M' 'M'
 'M' 'M' 'M' 'M' 'M' 'U' 'M' 'U' 'M' 'M' 'M' 'M' 'M' 'U' 'M' 'M' 'M' 'M'
 'U' 'M' 'U' 'M' 'U' 'M' 'M' 'U' 'M' 'A' 'U' 'M' 'U' 'M' 'M' 'U' 'M' 'M'
 'M' 'M' 'M' 'U' 'M' 'M' 'M' 'M' 'M' 'M' 'M' 'M' 'U' 'M' 'M' 'M' 'M' 'M'
 'M' 'M' 'M' 'M' 'U' 'M' 'M' 'M' 'M' 'U' 'M' 'U' 'M' 'U' 'M' 'M' 'M' 'M'
 'U' 'M' 'M' 'M' 'M' 'M' 'M' 'M' 'M' 'M' 'M' 'U' 'M' 'M' 'U' 'M' 'U' 'U'
 'M' 'U' 'M' 'M' 'M' 'U' 'M' 'U' 'M' 'U' 'M' 'U' 'U' 'M' 'M' 'M' 'M' 'M'
 'M' 'M' 'A' 'U' 'M' 'U' 'M' 'M' 'M' 'M' 'U' 'M' 'M' 'U' 'M' 'U' 'M' 'M'
 'M' 'M' 'U' 'M' 'M' 'M' 'M' 'M' 'U' 'M' 'M' 'M' 'M' 'U' 'M' 'M' 'M' 'M'
 'U' 'M' 'M' 'U' 'M' 'U' 'M' 'M' 'M' 'M' 'M' 'M' 'M' 'M' 'M' 'M' 'M' 'M']"
410901,0,151,7,144,47,1,0,"['A' 'M' 'U' 'M' 'M' 'M' 'A' 'M' 'M' 'M' 'M' 'M' 'M' 'M' 'M' 'U' 'M' 'M'
 'M' 'U' 'M' 'U' 'U' 'U' 'M' 'U' 'M' 'M' 'M' 'M' 'U' 'A' 'M' 'M' 'M' 'M'
 'M' 'M' 'M' 'M' 'U' 'U' 'M' 'M' 'M' 'M' 'M' 'M' 'M' 'U' 'M' 'M' 'M' 'M'
 'U' 'M' 'U' 'M' 'U' 'M' 'U' 'U' 'M' 'A' 'U' 'M' 'U' 'M' 'M' 'M' 'U' 'M'
 'M' 'U' 'M' 'M' 'M' 'M' 'M' 'M' 'U' 'M' 'M' 'M' 'M' 'M' 'M' 'M' 'M' 'M'
 'M' 'M' 'M' 'M' 'U' 'M' 'M' 'M' 'M' 'U' 'M' 'U' 'M' 'A' 'M' 'M' 'M' 'M'
 'U' 'U' 'M' 'M' 'M' 'M' 'M' 'M' 'M' 'M' 'M' 'U' 'M' 'M' 'U' 'U' 'U' 'U'
 'M' 'U' 'M' 'M' 'M' 'U' 'M' 'U' 'M' 'U' 'M' 'M' 'U' 'M' 'M' 'M' 'M' 'U'
 'M' 'M' 'A' 'U' 'M' 'U' 'M' 'M' 'M' 'M' 'A' 'M' 'M' 'U' 'M' 'U' 'M' 'M'
 'M' 'M' 'U' 'M' 'M' 'M' 'M' 'M' 'U' 'M' 'M' 'M' 'M' 'U' 'M' 'M' 'M' 'M'
 'U' 'M' 'M' 'U' 'M' 'U' 'M' 'M' 'M' 'M' 'M' 'M' 'M' 'M' 'M' 'M' 'M' 'M']"
411001,0,157,8,149,41,0,0,"['A' 'M' 'U' 'M' 'M' 'M' 'A' 'M' 'M' 'M' 'M' 'M' 'M' 'M' 'M' 'U' 'M' 'M'
 'M' 'M' 'M' 'U' 'U' 'U' 'M' 'M' 'M' 'M' 'M' 'M' 'U' 'U' 'M' 'M' 'M' 'M'
 'M' 'M' 'M' 'M' 'U' 'A' 'M' 'M' 'M' 'M' 'M' 'M' 'M' 'U' 'M' 'M' 'M' 'M'
 'U' 'U' 'U' 'M' 'M' 'M' 'U' 'U' 'M' 'A' 'U' 'M' 'M' 'M' 'M' 'M' 'M' 'M'
 'M' 'M' 'M' 'M' 'U' 'M' 'M' 'M' 'M' 'M' 'M' 'U' 'M' 'M' 'U' 'U' 'U' 'M'
 'M' 'M' 'M' 'M' 'M' 'M' 'M' 'M' 'M' 'U' 'M' 'U' 'M' 'A' 'M' 'M' 'M' 'M'
 'M' 'M' 'M' 'M' 'M' 'M' 'M' 'M' 'M' 'M' 'M' 'M' 'M' 'M' 'U' 'A' 'U' 'U'
 'M' 'U' 'M' 'M' 'M' 'U' 'M' 'M' 'M' 'U' 'M' 'M' 'U' 'M' 'M' 'M' 'M' 'U'
 'U' 'M' 'A' 'M' 'M' 'U' 'M' 'M' 'M' 'M' 'A' 'M' 'M' 'U' 'M' 'U' 'M' 'M'
 'M' 'M' 'U' 'M' 'M' 'M' 'M' 'M' 'U' 'M' 'M' 'M' 'M' 'M' 'M' 'M' 'M' 'U'
 'U' 'U' 'M' 'M' 'M' 'U' 'M' 'M' 'M' 'M' 'M' 'M' 'M' 'U' 'M' 'M' 'M' 'M']"
411101,0,153,5,148,45,0,1,"['A' 'M' 'U' 'U' 'M' 'U' 'U' 'M' 'M' 'M' 'M' 'M' 'M' 'M' 'M' 'U' 'M' 'M'
 'M' 'M' 'M' 'U' 'U' 'M' 'M' 'M' 'M' 'M' 'M' 'M' 'U' 'U' 'M' 'M' 'M' 'M'
 'M' 'M' 'M' 'M' 'U' 'U' 'M' 'M' 'M' 'M' 'M' 'M' 'M' 'U' 'M' 'M' 'M' 'M'
 'U' 'U' 'U' 'M' 'M' 'M' 'U' 'U' 'M' 'A' 'M' 'M' 'M' 'M' 'M' 'M' 'M' 'M'
 'M' 'M' 'M' 'M' 'M' 'M' 'M' 'M' 'U' 'M' 'M' 'U' 'M' 'U' 'M' 'M' 'M' 'M'
 'M' 'U' 'U' 'M' 'M' 'U' 'M' 'M' 'M' 'U' 'M' 'M' 'M' 'A' 'M' 'M' 'M' 'M'
 'M' 'M' 'M' 'M' 'U' 'U' 'M' 'M' 'M' 'M' 'M' 'M' 'M' 'M' 'M' 'A' 'U' 'U'
 'M' 'M' 'M' 'M' 'M' 'U' 'M' 'M' 'M' 'U' 'M' 'M' 'U' 'M' 'U' 'M' 'M' 'U'
 'U' 'M' 'U' 'M' 'M' 'U' 'M' 'M' 'M' 'M' 'A' 'U' 'M' 'M' 'M' 'U' 'M' 'M'
 'M' 'M' 'M' 'M' 'U' 'M' 'M' 'M' 'U' 'M' 'M' 'M' 'M' 'M' 'M' 'U' 'M' 'M'
 'M' 'U' 'M' 'M' 'M' 'U' 'M' 'M' 'M' 'M' 'M' 'M' 'M' 'U' 'M' 'M' 'M' 'U']"
411201,0,154,5,149,44,1,0,"['A' 'M' 'U' 'U' 'M' 'U' 'A' 'M' 'M' 'M' 'M' 'M' 'M' 'M' 'M' 'U' 'U' 'M'
 'U' 'M' 'M' 'U' 'U' 'M' 'M' 'M' 'M' 'M' 'M' 'M' 'U' 'U' 'M' 'M' 'M' 'M'
 'M' 'M' 'U' 'M' 'U' 'U' 'M' 'M' 'M' 'M' 'M' 'M' 'M' 'U' 'M' 'M' 'M' 'M'
 'U' 'U' 'U' 'M' 'M' 'M' 'U' 'M' 'M' 'A' 'M' 'M' 'M' 'M' 'M' 'M' 'M' 'M'
 'U' 'M' 'M' 'M' 'M' 'M' 'M' 'U' 'M' 'M' 'M' 'M' 'M' 'U' 'M' 'U' 'M' 'M'
 'M' 'M' 'M' 'U' 'M' 'M' 'M' 'U' 'M' 'M' 'M' 'M' 'M' 'U' 'M' 'M' 'M' 'M'
 'U' 'M' 'M' 'M' 'U' 'U' 'M' 'U' 'M' 'M' 'M' 'M' 'M' 'M' 'M' 'A' 'U' 'U'
 'M' 'M' 'M' 'M' 'M' 'U' 'M' 'M' 'M' 'U' 'M' 'M' 'U' 'M' 'M' 'M' 'M' 'A'
 'U' 'M' 'U' 'M' 'M' 'U' 'M' 'M' 'M' 'M' 'M' 'U' 'M' 'M' 'M' 'M' 'M' 'M'
 'M' 'M' 'M' 'M' 'U' 'M' 'M' 'M' 'M' 'M' 'M' 'M' 'M' 'M' 'M' 'U' 'M' 'M'
 'M' 'U' 'M' 'M' 'M' 'U' 'U' 'M' 'M' 'M' 'M' 'M' 'M' 'M' 'M' 'M' 'M' 'U']"
411301,0,148,5,143,50,0,0,"['A' 'M' 'U' 'U' 'M' 'M' 'A' 'U' 'M' 'M' 'M' 'M' 'M' 'M' 'M' 'U' 'U' 'M'
 'U' 'M' 'U' 'U' 'U' 'U' 'M' 'M' 'M' 'M' 'M' 'M' 'U' 'U' 'M' 'M' 'U' 'M'
 'U' 'M' 'U' 'M' 'U' 'U' 'M' 'M' 'M' 'M' 'M' 'M' 'M' 'U' 'M' 'M' 'M' 'M'
 'U' 'U' 'U' 'M' 'M' 'M' 'M' 'M' 'M' 'A' 'M' 'M' 'M' 'M' 'M' 'U' 'M' 'M'
 'M' 'M' 'M' 'M' 'U' 'M' 'U' 'M' 'M' 'M' 'M' 'M' 'M' 'M' 'M' 'U' 'M' 'U'
 'M' 'M' 'M' 'M' 'M' 'M' 'M' 'U' 'M' 'M' 'M' 'M' 'M' 'U' 'M' 'M' 'M' 'M'
 'U' 'M' 'M' 'M' 'U' 'M' 'M' 'U' 'M' 'M' 'M' 'M' 'M' 'M' 'M' 'A' 'U' 'U'
 'M' 'U' 'M' 'M' 'M' 'U' 'M' 'M' 'U' 'U' 'U' 'M' 'U' 'M' 'M' 'M' 'M' 'A'
 'U' 'M' 'U' 'M' 'M' 'U' 'M' 'M' 'M' 'M' 'M' 'U' 'M' 'M' 'M' 'M' 'M' 'M'
 'M' 'M' 'M' 'M' 'U' 'M' 'M' 'M' 'M' 'M' 'M' 'M' 'M' 'M' 'M' 'U' 'M' 'U'
 'M' 'U' 'M' 'M' 'M' 'U' 'U' 'M' 'M' 'M' 'M' 'M' 'M' 'M' 'M' 'M' 'M' 'U']"
411401,0,147,6,141,51,0,1,"['A' 'M' 'U' 'U' 'M' 'M' 'A' 'U' 'U' 'M' 'M' 'M' 'M' 'M' 'M' 'U' 'M' 'M'
 'U' 'M' 'M' 'U' 'U' 'U' 'M' 'M' 'M' 'M' 'U' 'M' 'U' 'U' 'M' 'M' 'M' 'U'
 'U' 'U' 'U' 'M' 'M' 'U' 'M' 'M' 'M' 'M' 'M' 'M' 'M' 'U' 'M' 'M' 'M' 'M'
 'U' 'U' 'U' 'M' 'M' 'M' 'M' 'M' 'M' 'A' 'M' 'M' 'M' 'M' 'U' 'M' 'M' 'M'
 'U' 'M' 'M' 'M' 'U' 'M' 'M' 'M' 'M' 'M' 'M' 'M' 'M' 'M' 'M' 'U' 'M' 'M'
 'M' 'U' 'M' 'M' 'M' 'M' 'M' 'U' 'U' 'M' 'M' 'M' 'M' 'U' 'M' 'M' 'M' 'M'
 'M' 'M' 'M' 'M' 'U' 'M' 'M' 'U' 'M' 'M' 'M' 'M' 'M' 'M' 'M' 'A' 'U' 'U'
 'M' 'U' 'M' 'M' 'M' 'U' 'M' 'M' 'U' 'M' 'U' 'M' 'A' 'M' 'M' 'M' 'M' 'A'
 'U' 'U' 'U' 'U' 'M' 'U' 'M' 'M' 'M' 'M' 'M' 'U' 'M' 'M' 'M' 'M' 'M' 'M'
 'M' 'U' 'M' 'M' 'U' 'M' 'M' 'U' 'M' 'M' 'M' 'M' 'M' 'M' 'M' 'U' 'M' 'M'
 'M' 'U' 'M' 'M' 'M' 'U' 'M' 'M' 'U' 'M' 'M' 'M' 'M' 'M' 'M' 'M' 'M' 'U']"
411501,0,145,7,138,53,0,0,"['A' 'M' 'U' 'U' 'M' 'M' 'U' 'M' 'U' 'M' 'U' 'M' 'M' 'M' 'M' 'U' 'M' 'M'
 'U' 'M' 'M' 'U' 'U' 'M' 'M' 'M' 'M' 'U' 'U' 'M' 'U' 'U' 'U' 'M' 'M' 'U'
 'M' 'U' 'U' 'M' 'M' 'U' 'M' 'M' 'M' 'M' 'M' 'M' 'M' 'U' 'M' 'M' 'M' 'M'
 'U' 'U' 'U' 'M' 'U' 'M' 'U' 'M' 'M' 'A' 'M' 'M' 'M' 'M' 'M' 'M' 'M' 'U'
 'U' 'M' 'M' 'M' 'M' 'M' 'M' 'M' 'M' 'U' 'M' 'M' 'M' 'U' 'M' 'M' 'M' 'M'
 'U' 'M' 'M' 'M' 'M' 'M' 'M' 'U' 'U' 'M' 'M' 'M' 'M' 'U' 'M' 'M' 'M' 'M'
 'M' 'M' 'M' 'M' 'M' 'M' 'M' 'U' 'M' 'M' 'M' 'M' 'M' 'U' 'M' 'A' 'U' 'U'
 'M' 'U' 'M' 'M' 'M' 'M' 'M' 'M' 'U' 'M' 'U' 'M' 'A' 'M' 'M' 'M' 'M' 'A'
 'U' 'M' 'U' 'U' 'M' 'A' 'U' 'M' 'M' 'M' 'M' 'U' 'M' 'M' 'M' 'M' 'U' 'M'
 'M' 'A' 'U' 'M' 'M' 'M' 'M' 'U' 'M' 'M' 'M' 'M' 'M' 'U' 'M' 'U' 'M' 'M'
 'M' 'U' 'M' 'M' 'M' 'U' 'U' 'M' 'U' 'M' 'M' 'M' 'M' 'M' 'M' 'M' 'M' 'M']"
411601,0,145,6,139,53,0,1,"['A' 'M' 'U' 'U' 'M' 'M' 'U' 'U' 'M' 'M' 'M' 'M' 'M' 'M' 'M' 'A' 'M' 'M'
 'U' 'M' 'M' 'U' 'U' 'M' 'M' 'M' 'M' 'U' 'U' 'M' 'U' 'U' 'U' 'M' 'U' 'U'
 'M' 'U' 'U' 'M' 'M' 'U' 'M' 'M' 'U' 'M' 'M' 'M' 'M' 'U' 'M' 'M' 'M' 'M'
 'U' 'U' 'U' 'M' 'U' 'M' 'M' 'M' 'M' 'A' 'M' 'M' 'U' 'M' 'M' 'M' 'M' 'M'
 'M' 'U' 'M' 'M' 'M' 'M' 'M' 'M' 'U' 'M' 'M' 'U' 'M' 'M' 'M' 'M' 'M' 'M'
 'U' 'M' 'M' 'M' 'M' 'M' 'M' 'U' 'M' 'M' 'M' 'M' 'M' 'U' 'M' 'M' 'M' 'M'
 'M' 'M' 'M' 'M' 'M' 'M' 'U' 'U' 'M' 'M' 'M' 'M' 'M' 'U' 'M' 'A' 'U' 'U'
 'M' 'U' 'M' 'M' 'M' 'M' 'M' 'M' 'M' 'U' 'U' 'U' 'U' 'M' 'M' 'M' 'M' 'U'
 'M' 'M' 'M' 'U' 'M' 'A' 'M' 'M' 'M' 'M' 'M' 'U' 'M' 'M' 'M' 'M' 'U' 'M'
 'M' 'A' 'U' 'M' 'M' 'M' 'M' 'M' 'M' 'M' 'M' 'M' 'U' 'U' 'M' 'U' 'M' 'M'
 'M' 'U' 'M' 'U' 'M' 'U' 'U' 'M' 'U' 'M' 'M' 'M' 'M' 'M' 'M' 'M' 'M' 'M']"
411701,0,150,6,144,48,0,0,"['A' 'M' 'U' 'U' 'M' 'M' 'U' 'U' 'M' 'U' 'M' 'U' 'M' 'M' 'M' 'A' 'M' 'M'
 'A' 'M' 'M' 'M' 'M' 'M' 'M' 'M' 'M' 'U' 'U' 'M' 'U' 'U' 'U' 'M' 'M' 'M'
 'M' 'U' 'U' 'M' 'U' 'U' 'M' 'M' 'U' 'M' 'M' 'M' 'M' 'U' 'U' 'M' 'M' 'M'
 'M' 'U' 'U' 'M' 'M' 'M' 'M' 'M' 'M' 'A' 'M' 'M' 'M' 'M' 'M' 'M' 'U' 'M'
 'M' 'M' 'M' 'M' 'M' 'U' 'M' 'M' 'M' 'M' 'M' 'U' 'M' 'U' 'M' 'M' 'M' 'M'
 'U' 'M' 'M' 'M' 'M' 'M' 'M' 'U' 'M' 'U' 'M' 'M' 'M' 'U' 'M' 'M' 'M' 'M'
 'M' 'M' 'M' 'M' 'M' 'M' 'U' 'U' 'M' 'M' 'M' 'M' 'M' 'U' 'M' 'A' 'M' 'U'
 'M' 'U' 'M' 'M' 'M' 'M' 'M' 'M' 'M' 'U' 'U' 'M' 'M' 'M' 'M' 'M' 'M' 'U'
 'M' 'M' 'M' 'U' 'M' 'A' 'M' 'M' 'M' 'M' 'M' 'U' 'M' 'M' 'M' 'M' 'M' 'M'
 'U' 'U' 'U' 'M' 'M' 'M' 'M' 'M' 'M' 'M' 'M' 'M' 'U' 'M' 'M' 'U' 'M' 'M'
 'M' 'U' 'M' 'U' 'M' 'U' 'U' 'M' 'U' 'M' 'M' 'M' 'M' 'M' 'M' 'M' 'M' 'M']"
411801,0,149,6,143,49,0,0,"['A' 'M' 'U' 'U' 'M' 'M' 'U' 'U' 'M' 'U' 'M' 'U' 'M' 'M' 'M' 'M' 'M' 'M'
 'A' 'M' 'M' 'M' 'M' 'M' 'M' 'M' 'M' 'U' 'U' 'M' 'U' 'U' 'U' 'M' 'M' 'M'
 'M' 'U' 'U' 'M' 'U' 'U' 'M' 'M' 'U' 'M' 'M' 'U' 'M' 'U' 'U' 'M' 'M' 'M'
 'M' 'U' 'U' 'M' 'M' 'M' 'M' 'M' 'M' 'A' 'M' 'M' 'M' 'U' 'M' 'M' 'U' 'M'
 'M' 'M' 'M' 'M' 'M' 'M' 'M' 'M' 'M' 'M' 'M' 'U' 'M' 'M' 'M' 'M' 'U' 'M'
 'M' 'M' 'U' 'M' 'M' 'M' 'M' 'A' 'M' 'U' 'M' 'M' 'M' 'U' 'M' 'M' 'M' 'M'
 'M' 'M' 'M' 'M' 'M' 'M' 'U' 'U' 'M' 'M' 'M' 'M' 'M' 'U' 'M' 'A' 'M' 'M'
 'M' 'U' 'M' 'M' 'M' 'M' 'M' 'M' 'M' 'U' 'U' 'M' 'M' 'M' 'M' 'M' 'M' 'U'
 'M' 'M' 'M' 'U' 'U' 'A' 'M' 'M' 'U' 'M' 'M' 'U' 'M' 'M' 'M' 'M' 'M' 'M'
 'U' 'M' 'U' 'M' 'M' 'M' 'M' 'M' 'M' 'M' 'M' 'M' 'U' 'M' 'M' 'U' 'M' 'M'
 'M' 'U' 'M' 'U' 'M' 'U' 'U' 'M' 'U' 'M' 'M' 'M' 'M' 'M' 'M' 'M' 'M' 'U']"
411901,0,148,7,141,50,0,0,"['A' 'M' 'U' 'M' 'M' 'M' 'U' 'U' 'U' 'M' 'M' 'U' 'M' 'M' 'M' 'M' 'U' 'M'
 'A' 'M' 'M' 'M' 'M' 'M' 'M' 'M' 'M' 'U' 'U' 'M' 'A' 'U' 'U' 'U' 'M' 'M'
 'M' 'U' 'U' 'M' 'U' 'U' 'M' 'M' 'M' 'M' 'M' 'U' 'M' 'U' 'U' 'M' 'M' 'M'
 'M' 'U' 'U' 'M' 'M' 'M' 'M' 'M' 'M' 'A' 'M' 'M' 'M' 'M' 'M' 'U' 'U' 'M'
 'M' 'M' 'M' 'M' 'M' 'M' 'M' 'U' 'M' 'U' 'M' 'M' 'M' 'M' 'M' 'M' 'M' 'M'
 'U' 'M' 'M' 'M' 'M' 'M' 'M' 'A' 'M' 'U' 'M' 'M' 'M' 'U' 'M' 'M' 'M' 'M'
 'M' 'M' 'M' 'M' 'M' 'M' 'U' 'U' 'M' 'M' 'M' 'M' 'M' 'U' 'M' 'A' 'M' 'M'
 'M' 'U' 'M' 'M' 'M' 'M' 'U' 'U' 'U' 'U' 'U' 'U' 'U' 'M' 'M' 'M' 'M' 'U'
 'M' 'M' 'M' 'U' 'U' 'A' 'M' 'M' 'M' 'M' 'M' 'U' 'M' 'M' 'M' 'M' 'M' 'M'
 'M' 'U' 'M' 'M' 'M' 'M' 'M' 'M' 'M' 'M' 'M' 'M' 'U' 'M' 'U' 'M' 'M' 'M'
 'M' 'U' 'M' 'U' 'M' 'U' 'M' 'M' 'U' 'M' 'M' 'M' 'M' 'M' 'M' 'M' 'M' 'U']"
412001,0,153,5,148,45,0,0,"['A' 'M' 'U' 'M' 'M' 'M' 'U' 'U' 'U' 'M' 'M' 'U' 'M' 'M' 'M' 'M' 'M' 'M'
 'U' 'M' 'M' 'M' 'M' 'M' 'M' 'M' 'M' 'U' 'U' 'M' 'U' 'U' 'U' 'U' 'M' 'M'
 'M' 'M' 'M' 'M' 'U' 'U' 'U' 'M' 'M' 'M' 'M' 'U' 'M' 'U' 'U' 'M' 'M' 'M'
 'M' 'U' 'U' 'M' 'M' 'M' 'M' 'M' 'M' 'A' 'M' 'M' 'M' 'U' 'M' 'M' 'M' 'U'
 'M' 'M' 'M' 'M' 'M' 'M' 'U' 'M' 'M' 'M' 'M' 'M' 'M' 'M' 'M' 'M' 'M' 'U'
 'M' 'M' 'M' 'M' 'U' 'M' 'M' 'U' 'M' 'U' 'M' 'M' 'M' 'U' 'M' 'M' 'M' 'U'
 'M' 'M' 'M' 'M' 'M' 'M' 'M' 'U' 'M' 'M' 'M' 'M' 'M' 'U' 'M' 'A' 'M' 'M'
 'M' 'M' 'M' 'M' 'M' 'M' 'M' 'M' 'U' 'U' 'U' 'U' 'U' 'M' 'M' 'M' 'M' 'M'
 'M' 'M' 'M' 'U' 'M' 'A' 'M' 'M' 'M' 'M' 'M' 'U' 'M' 'M' 'M' 'M' 'M' 'M'
 'U' 'U' 'M' 'M' 'M' 'M' 'M' 'M' 'M' 'M' 'M' 'M' 'M' 'M' 'U' 'M' 'M' 'M'
 'M' 'U' 'M' 'M' 'M' 'U' 'M' 'M' 'M' 'M' 'M' 'M' 'U' 'M' 'A' 'M' 'M' 'U']"
412101,0,162,6,156,36,0,0,"['A' 'M' 'U' 'M' 'M' 'M' 'U' 'U' 'U' 'M' 'M' 'M' 'M' 'M' 'M' 'M' 'M' 'M'
 'M' 'M' 'U' 'M' 'M' 'M' 'M' 'M' 'M' 'M' 'U' 'M' 'U' 'A' 'M' 'M' 'M' 'M'
 'M' 'M' 'M' 'M' 'M' 'U' 'U' 'M' 'M' 'M' 'M' 'U' 'M' 'U' 'M' 'M' 'M' 'M'
 'M' 'U' 'U' 'M' 'M' 'M' 'M' 'M' 'M' 'A' 'M' 'M' 'M' 'M' 'M' 'U' 'M' 'M'
 'U' 'M' 'M' 'M' 'M' 'M' 'U' 'M' 'M' 'M' 'M' 'U' 'M' 'M' 'M' 'M' 'M' 'M'
 'M' 'U' 'M' 'M' 'M' 'M' 'M' 'M' 'M' 'A' 'M' 'M' 'M' 'M' 'M' 'M' 'M' 'U'
 'M' 'M' 'M' 'M' 'M' 'U' 'M' 'U' 'M' 'U' 'U' 'M' 'M' 'U' 'M' 'A' 'M' 'M'
 'M' 'M' 'M' 'M' 'M' 'M' 'M' 'M' 'M' 'U' 'U' 'U' 'U' 'M' 'M' 'M' 'M' 'M'
 'M' 'M' 'M' 'M' 'M' 'U' 'M' 'M' 'M' 'M' 'M' 'U' 'M' 'M' 'M' 'U' 'M' 'M'
 'U' 'U' 'M' 'M' 'M' 'M' 'M' 'M' 'M' 'M' 'M' 'M' 'M' 'M' 'M' 'M' 'M' 'M'
 'M' 'M' 'M' 'M' 'M' 'U' 'M' 'M' 'M' 'M' 'M' 'M' 'M' 'M' 'A' 'U' 'M' 'U']"
412201,0,164,10,154,34,0,0,"['A' 'M' 'U' 'M' 'M' 'M' 'M' 'A' 'U' 'M' 'M' 'M' 'M' 'U' 'M' 'U' 'M' 'M'
 'M' 'M' 'U' 'M' 'M' 'M' 'M' 'M' 'M' 'M' 'A' 'M' 'A' 'A' 'M' 'M' 'M' 'M'
 'U' 'M' 'U' 'M' 'M' 'U' 'U' 'M' 'M' 'M' 'M' 'A' 'M' 'U' 'M' 'M' 'M' 'M'
 'M' 'U' 'U' 'M' 'M' 'M' 'M' 'M' 'M' 'A' 'M' 'M' 'M' 'M' 'M' 'M' 'M' 'M'
 'M' 'M' 'U' 'U' 'M' 'M' 'M' 'M' 'M' 'M' 'M' 'M' 'M' 'U' 'M' 'M' 'M' 'M'
 'M' 'U' 'M' 'M' 'U' 'M' 'M' 'M' 'M' 'A' 'M' 'M' 'M' 'M' 'M' 'M' 'M' 'U'
 'M' 'M' 'M' 'U' 'M' 'M' 'M' 'U' 'M' 'U' 'U' 'M' 'M' 'M' 'M' 'A' 'M' 'M'
 'M' 'U' 'M' 'M' 'M' 'M' 'M' 'M' 'M' 'U' 'U' 'U' 'U' 'M' 'M' 'M' 'M' 'M'
 'M' 'M' 'M' 'M' 'M' 'U' 'M' 'M' 'M' 'M' 'M' 'U' 'M' 'M' 'M' 'U' 'M' 'M'
 'U' 'U' 'M' 'M' 'M' 'M' 'M' 'M' 'M' 'M' 'M' 'M' 'M' 'M' 'M' 'M' 'M' 'M'
 'M' 'M' 'M' 'M' 'M' 'M' 'M' 'M' 'M' 'M' 'M' 'M' 'M' 'M' 'A' 'U' 'M' 'U']"
412301,0,170,9,161,28,0,1,"['A' 'M' 'M' 'M' 'M' 'M' 'M' 'A' 'U' 'M' 'M' 'M' 'M' 'U' 'M' 'M' 'M' 'M'
 'M' 'M' 'U' 'M' 'M' 'M' 'M' 'M' 'M' 'M' 'A' 'M' 'A' 'U' 'M' 'M' 'M' 'M'
 'U' 'M' 'M' 'M' 'M' 'M' 'U' 'M' 'M' 'M' 'M' 'A' 'M' 'U' 'M' 'M' 'M' 'M'
 'M' 'M' 'U' 'M' 'M' 'M' 'M' 'M' 'M' 'A' 'M' 'M' 'M' 'M' 'M' 'M' 'M' 'M'
 'U' 'M' 'M' 'U' 'U' 'M' 'M' 'M' 'M' 'M' 'U' 'M' 'M' 'M' 'M' 'M' 'M' 'M'
 'M' 'U' 'M' 'M' 'M' 'U' 'M' 'M' 'M' 'A' 'M' 'M' 'M' 'M' 'M' 'M' 'M' 'U'
 'M' 'M' 'M' 'U' 'M' 'M' 'M' 'U' 'M' 'U' 'M' 'M' 'M' 'M' 'M' 'A' 'M' 'U'
 'M' 'M' 'M' 'M' 'M' 'M' 'M' 'M' 'M' 'M' 'U' 'M' 'U' 'M' 'M' 'M' 'M' 'M'
 'M' 'M' 'U' 'M' 'M' 'U' 'M' 'M' 'M' 'M' 'M' 'U' 'M' 'M' 'M' 'M' 'M' 'M'
 'M' 'U' 'M' 'M' 'M' 'M' 'M' 'M' 'M' 'M' 'M' 'M' 'M' 'M' 'M' 'M' 'M' 'M'
 'M' 'M' 'M' 'U' 'M' 'M' 'M' 'M' 'M' 'M' 'M' 'M' 'M' 'M' 'A' 'U' 'M' 'U']"
412401,0,165,8,157,33,0,0,"['A' 'M' 'M' 'M' 'M' 'M' 'M' 'A' 'M' 'U' 'M' 'M' 'M' 'U' 'M' 'M' 'M' 'M'
 'M' 'M' 'U' 'U' 'M' 'M' 'M' 'M' 'M' 'M' 'A' 'U' 'U' 'M' 'M' 'M' 'M' 'M'
 'U' 'M' 'M' 'M' 'M' 'M' 'U' 'M' 'M' 'M' 'M' 'A' 'M' 'U' 'M' 'M' 'M' 'M'
 'M' 'M' 'U' 'M' 'M' 'M' 'M' 'M' 'M' 'A' 'U' 'M' 'M' 'M' 'M' 'M' 'M' 'U'
 'U' 'M' 'M' 'M' 'M' 'M' 'M' 'M' 'M' 'M' 'U' 'U' 'M' 'U' 'M' 'M' 'M' 'M'
 'M' 'M' 'M' 'M' 'M' 'U' 'M' 'M' 'M' 'A' 'M' 'M' 'M' 'M' 'M' 'M' 'M' 'U'
 'M' 'M' 'M' 'U' 'M' 'M' 'M' 'U' 'M' 'U' 'M' 'M' 'M' 'M' 'M' 'A' 'M' 'U'
 'M' 'M' 'M' 'M' 'M' 'M' 'U' 'M' 'M' 'M' 'U' 'M' 'U' 'U' 'M' 'M' 'M' 'M'
 'M' 'M' 'U' 'M' 'M' 'U' 'M' 'M' 'M' 'M' 'M' 'U' 'U' 'M' 'M' 'U' 'M' 'M'
 'M' 'M' 'M' 'M' 'M' 'M' 'M' 'M' 'M' 'M' 'M' 'M' 'M' 'M' 'M' 'M' 'M' 'M'
 'M' 'M' 'M' 'U' 'M' 'M' 'M' 'M' 'M' 'M' 'M' 'M' 'M' 'M' 'A' 'U' 'M' 'M']"
412501,0,155,6,149,43,0,0,"['A' 'M' 'M' 'M' 'M' 'M' 'M' 'A' 'U' 'U' 'M' 'M' 'M' 'U' 'M' 'M' 'M' 'M'
 'M' 'M' 'U' 'U' 'M' 'M' 'M' 'M' 'M' 'U' 'A' 'U' 'U' 'M' 'M' 'M' 'U' 'M'
 'U' 'M' 'M' 'M' 'M' 'M' 'U' 'M' 'M' 'M' 'M' 'U' 'M' 'U' 'M' 'M' 'M' 'M'
 'M' 'M' 'U' 'M' 'M' 'M' 'M' 'M' 'M' 'A' 'U' 'M' 'M' 'M' 'M' 'M' 'M' 'U'
 'M' 'M' 'M' 'M' 'M' 'U' 'U' 'M' 'M' 'M' 'M' 'M' 'M' 'M' 'M' 'M' 'M' 'U'
 'M' 'M' 'M' 'U' 'M' 'U' 'M' 'U' 'M' 'U' 'M' 'M' 'M' 'M' 'M' 'M' 'M' 'U'
 'M' 'M' 'M' 'M' 'M' 'M' 'M' 'U' 'M' 'M' 'M' 'U' 'M' 'M' 'M' 'U' 'M' 'U'
 'M' 'M' 'M' 'M' 'M' 'M' 'M' 'U' 'M' 'M' 'M' 'M' 'M' 'U' 'M' 'M' 'M' 'M'
 'M' 'U' 'U' 'M' 'M' 'U' 'M' 'M' 'U' 'M' 'M' 'A' 'U' 'M' 'U' 'U' 'M' 'M'
 'M' 'M' 'M' 'M' 'M' 'M' 'M' 'M' 'M' 'U' 'M' 'U' 'M' 'M' 'M' 'M' 'M' 'M'
 'M' 'M' 'M' 'U' 'M' 'U' 'M' 'M' 'M' 'M' 'U' 'M' 'M' 'M' 'A' 'U' 'M' 'M']"
412601,0,152,4,148,46,0,0,"['A' 'M' 'M' 'M' 'M' 'M' 'M' 'A' 'U' 'U' 'M' 'M' 'M' 'U' 'M' 'M' 'M' 'M'
 'M' 'M' 'U' 'M' 'M' 'M' 'M' 'M' 'M' 'U' 'A' 'U' 'U' 'M' 'M' 'M' 'M' 'M'
 'U' 'M' 'M' 'M' 'M' 'U' 'U' 'M' 'M' 'M' 'M' 'U' 'M' 'U' 'M' 'M' 'M' 'M'
 'M' 'M' 'U' 'M' 'M' 'M' 'M' 'M' 'M' 'U' 'M' 'M' 'M' 'U' 'U' 'U' 'M' 'M'
 'M' 'M' 'M' 'M' 'M' 'M' 'M' 'M' 'M' 'M' 'M' 'M' 'U' 'M' 'M' 'M' 'M' 'U'
 'M' 'M' 'M' 'M' 'M' 'U' 'M' 'U' 'M' 'U' 'M' 'M' 'M' 'M' 'M' 'M' 'M' 'M'
 'M' 'M' 'M' 'M' 'M' 'M' 'M' 'U' 'M' 'M' 'M' 'U' 'M' 'M' 'M' 'U' 'M' 'M'
 'M' 'M' 'M' 'M' 'U' 'M' 'U' 'U' 'U' 'M' 'U' 'U' 'U' 'U' 'M' 'M' 'M' 'M'
 'M' 'U' 'M' 'M' 'M' 'U' 'M' 'M' 'M' 'M' 'M' 'A' 'M' 'M' 'U' 'M' 'M' 'U'
 'M' 'M' 'U' 'U' 'M' 'M' 'M' 'M' 'M' 'U' 'M' 'M' 'M' 'M' 'M' 'M' 'M' 'M'
 'M' 'M' 'U' 'U' 'M' 'U' 'M' 'M' 'U' 'M' 'M' 'M' 'M' 'M' 'U' 'U' 'M' 'M']"
412701,0,159,6,153,39,0,0,"['A' 'M' 'M' 'M' 'M' 'M' 'M' 'A' 'U' 'U' 'M' 'M' 'M' 'U' 'M' 'U' 'M' 'M'
 'M' 'M' 'U' 'M' 'M' 'M' 'M' 'M' 'M' 'M' 'A' 'U' 'M' 'M' 'M' 'M' 'M' 'M'
 'U' 'M' 'M' 'M' 'M' 'U' 'U' 'M' 'M' 'M' 'M' 'U' 'M' 'U' 'M' 'M' 'M' 'M'
 'M' 'M' 'U' 'M' 'M' 'M' 'M' 'M' 'M' 'U' 'M' 'U' 'M' 'M' 'M' 'M' 'U' 'M'
 'M' 'M' 'M' 'M' 'M' 'M' 'M' 'M' 'M' 'U' 'M' 'M' 'M' 'U' 'M' 'M' 'M' 'M'
 'U' 'M' 'M' 'M' 'M' 'U' 'M' 'M' 'M' 'U' 'M' 'M' 'M' 'M' 'U' 'M' 'M' 'M'
 'M' 'M' 'M' 'U' 'M' 'M' 'U' 'A' 'M' 'M' 'M' 'U' 'M' 'M' 'M' 'U' 'M' 'M'
 'M' 'M' 'M' 'M' 'M' 'M' 'U' 'M' 'M' 'M' 'U' 'U' 'U' 'M' 'M' 'M' 'M' 'U'
 'U' 'U' 'M' 'M' 'M' 'U' 'M' 'M' 'M' 'M' 'M' 'A' 'M' 'M' 'M' 'M' 'M' 'U'
 'M' 'M' 'M' 'M' 'M' 'M' 'M' 'M' 'M' 'U' 'M' 'M' 'M' 'M' 'M' 'M' 'M' 'M'
 'M' 'M' 'U' 'U' 'M' 'M' 'M' 'M' 'U' 'M' 'M' 'M' 'M' 'M' 'U' 'M' 'M' 'A']"
412801,0,157,6,151,41,0,0,"['A' 'M' 'M' 'M' 'M' 'M' 'M' 'A' 'U' 'U' 'M' 'M' 'M' 'U' 'M' 'M' 'M' 'M'
 'M' 'M' 'M' 'M' 'M' 'M' 'M' 'M' 'M' 'U' 'A' 'U' 'M' 'M' 'M' 'U' 'M' 'M'
 'U' 'U' 'M' 'M' 'M' 'U' 'U' 'M' 'U' 'M' 'M' 'U' 'M' 'U' 'M' 'M' 'M' 'M'
 'M' 'M' 'U' 'M' 'M' 'M' 'M' 'M' 'U' 'M' 'M' 'M' 'M' 'U' 'M' 'M' 'U' 'M'
 'M' 'M' 'M' 'M' 'U' 'M' 'M' 'M' 'M' 'M' 'M' 'M' 'M' 'M' 'U' 'M' 'M' 'U'
 'M' 'M' 'M' 'M' 'M' 'U' 'M' 'M' 'M' 'U' 'M' 'M' 'M' 'M' 'U' 'M' 'M' 'M'
 'M' 'M' 'M' 'U' 'M' 'U' 'U' 'A' 'M' 'M' 'M' 'U' 'M' 'M' 'M' 'U' 'M' 'M'
 'M' 'M' 'M' 'M' 'M' 'M' 'U' 'M' 'M' 'M' 'U' 'U' 'U' 'M' 'M' 'M' 'M' 'M'
 'U' 'U' 'M' 'U' 'M' 'U' 'M' 'M' 'M' 'M' 'M' 'A' 'M' 'M' 'M' 'M' 'M' 'U'
 'M' 'M' 'M' 'M' 'M' 'M' 'M' 'M' 'M' 'U' 'M' 'M' 'M' 'M' 'M' 'M' 'M' 'M'
 'M' 'M' 'U' 'U' 'M' 'M' 'M' 'M' 'U' 'M' 'M' 'M' 'M' 'M' 'M' 'M' 'M' 'A']"
412901,0,154,7,147,44,0,0,"['A' 'M' 'M' 'M' 'M' 'M' 'M' 'A' 'M' 'U' 'M' 'M' 'M' 'U' 'M' 'M' 'M' 'M'
 'M' 'U' 'M' 'M' 'M' 'M' 'M' 'M' 'M' 'M' 'A' 'U' 'M' 'M' 'M' 'U' 'M' 'M'
 'U' 'U' 'M' 'M' 'M' 'U' 'U' 'M' 'U' 'M' 'M' 'U' 'M' 'M' 'M' 'M' 'M' 'M'
 'M' 'M' 'U' 'M' 'M' 'M' 'M' 'M' 'U' 'M' 'M' 'M' 'M' 'M' 'U' 'M' 'M' 'M'
 'M' 'M' 'U' 'M' 'M' 'M' 'M' 'M' 'M' 'U' 'M' 'U' 'M' 'M' 'M' 'M' 'M' 'M'
 'M' 'M' 'U' 'M' 'M' 'M' 'M' 'M' 'M' 'M' 'U' 'M' 'M' 'M' 'U' 'M' 'M' 'M'
 'M' 'M' 'M' 'U' 'M' 'U' 'A' 'A' 'M' 'M' 'M' 'U' 'M' 'M' 'M' 'U' 'M' 'M'
 'M' 'M' 'M' 'M' 'M' 'U' 'U' 'U' 'U' 'U' 'U' 'U' 'U' 'M' 'M' 'M' 'M' 'M'
 'U' 'M' 'M' 'U' 'M' 'U' 'M' 'M' 'M' 'M' 'M' 'A' 'M' 'M' 'M' 'M' 'M' 'U'
 'U' 'M' 'M' 'M' 'U' 'M' 'M' 'M' 'M' 'U' 'M' 'M' 'M' 'M' 'M' 'M' 'M' 'M'
 'M' 'M' 'U' 'U' 'M' 'M' 'M' 'M' 'U' 'U' 'U' 'M' 'M' 'M' 'M' 'M' 'M' 'A']"
413001,0,161,7,154,37,0,1,"['A' 'M' 'M' 'M' 'M' 'M' 'M' 'A' 'M' 'U' 'M' 'M' 'M' 'M' 'M' 'M' 'M' 'M'
 'M' 'U' 'M' 'M' 'M' 'M' 'M' 'M' 'M' 'M' 'A' 'U' 'U' 'M' 'M' 'M' 'M' 'M'
 'U' 'M' 'M' 'M' 'M' 'M' 'U' 'M' 'U' 'M' 'M' 'U' 'M' 'M' 'M' 'M' 'M' 'M'
 'M' 'M' 'M' 'M' 'M' 'M' 'M' 'M' 'U' 'M' 'M' 'M' 'M' 'M' 'U' 'M' 'M' 'M'
 'M' 'U' 'M' 'U' 'M' 'M' 'M' 'M' 'M' 'M' 'M' 'U' 'M' 'M' 'M' 'M' 'M' 'M'
 'U' 'M' 'M' 'M' 'M' 'M' 'M' 'M' 'M' 'M' 'M' 'U' 'M' 'M' 'U' 'M' 'M' 'M'
 'M' 'M' 'M' 'U' 'M' 'U' 'A' 'A' 'M' 'M' 'M' 'M' 'M' 'M' 'M' 'M' 'M' 'M'
 'U' 'M' 'M' 'M' 'M' 'U' 'U' 'M' 'M' 'M' 'U' 'U' 'M' 'M' 'M' 'U' 'M' 'M'
 'U' 'M' 'M' 'M' 'M' 'U' 'M' 'M' 'M' 'U' 'M' 'A' 'M' 'M' 'M' 'M' 'M' 'U'
 'U' 'M' 'M' 'M' 'U' 'M' 'M' 'M' 'M' 'U' 'M' 'M' 'M' 'M' 'M' 'M' 'M' 'M'
 'M' 'M' 'U' 'U' 'M' 'U' 'M' 'M' 'U' 'U' 'U' 'M' 'M' 'M' 'M' 'M' 'M' 'A']"
413101,0,157,5,152,41,0,0,"['A' 'U' 'M' 'M' 'M' 'M' 'M' 'A' 'M' 'U' 'M' 'M' 'M' 'M' 'M' 'M' 'M' 'M'
 'M' 'M' 'M' 'M' 'M' 'M' 'M' 'M' 'M' 'M' 'U' 'U' 'U' 'M' 'M' 'M' 'M' 'M'
 'U' 'M' 'U' 'M' 'M' 'M' 'U' 'M' 'M' 'M' 'M' 'U' 'M' 'M' 'M' 'M' 'M' 'M'
 'M' 'M' 'M' 'M' 'M' 'M' 'M' 'M' 'U' 'M' 'M' 'M' 'M' 'U' 'M' 'M' 'M' 'M'
 'M' 'M' 'M' 'M' 'M' 'M' 'M' 'M' 'M' 'M' 'M' 'U' 'M' 'M' 'M' 'M' 'M' 'M'
 'M' 'M' 'U' 'U' 'U' 'M' 'M' 'M' 'M' 'M' 'U' 'U' 'M' 'M' 'U' 'U' 'M' 'M'
 'M' 'M' 'M' 'U' 'M' 'U' 'A' 'A' 'M' 'M' 'M' 'U' 'M' 'M' 'M' 'M' 'M' 'M'
 'U' 'M' 'M' 'M' 'M' 'U' 'U' 'U' 'M' 'M' 'U' 'U' 'M' 'M' 'U' 'U' 'M' 'M'
 'M' 'M' 'M' 'M' 'M' 'M' 'M' 'M' 'M' 'U' 'M' 'M' 'U' 'M' 'M' 'M' 'M' 'U'
 'U' 'M' 'M' 'M' 'M' 'M' 'M' 'M' 'M' 'M' 'M' 'M' 'M' 'M' 'M' 'M' 'M' 'M'
 'M' 'M' 'U' 'U' 'M' 'U' 'M' 'M' 'U' 'U' 'U' 'M' 'M' 'M' 'M' 'M' 'U' 'A']"
413201,0,159,5,154,39,0,0,"['A' 'U' 'M' 'M' 'M' 'M' 'M' 'U' 'U' 'A' 'M' 'M' 'M' 'M' 'M' 'M' 'M' 'M'
 'M' 'M' 'M' 'M' 'M' 'M' 'M' 'M' 'M' 'M' 'U' 'M' 'M' 'M' 'M' 'M' 'M' 'M'
 'M' 'M' 'M' 'M' 'M' 'M' 'U' 'M' 'M' 'M' 'M' 'U' 'M' 'M' 'M' 'M' 'M' 'M'
 'M' 'M' 'M' 'M' 'M' 'U' 'U' 'M' 'U' 'M' 'M' 'M' 'M' 'M' 'M' 'U' 'U' 'M'
 'M' 'M' 'M' 'U' 'M' 'M' 'M' 'M' 'M' 'M' 'M' 'M' 'U' 'M' 'M' 'M' 'M' 'U'
 'M' 'M' 'M' 'M' 'M' 'M' 'M' 'M' 'M' 'M' 'U' 'M' 'M' 'M' 'U' 'M' 'M' 'M'
 'M' 'M' 'M' 'U' 'M' 'M' 'A' 'A' 'M' 'M' 'M' 'U' 'M' 'M' 'M' 'M' 'M' 'M'
 'U' 'M' 'M' 'M' 'M' 'U' 'U' 'U' 'M' 'M' 'U' 'U' 'M' 'M' 'U' 'U' 'M' 'U'
 'M' 'M' 'M' 'M' 'U' 'M' 'M' 'M' 'M' 'U' 'M' 'M' 'U' 'M' 'M' 'M' 'M' 'U'
 'M' 'M' 'M' 'M' 'M' 'M' 'M' 'M' 'M' 'M' 'M' 'M' 'M' 'M' 'U' 'M' 'M' 'M'
 'M' 'U' 'U' 'U' 'M' 'U' 'M' 'M' 'U' 'M' 'U' 'M' 'M' 'M' 'M' 'M' 'U' 'A']"
413301,0,160,4,156,38,0,0,"['A' 'M' 'M' 'M' 'M' 'M' 'M' 'U' 'U' 'A' 'M' 'M' 'M' 'M' 'M' 'M' 'M' 'M'
 'M' 'M' 'U' 'M' 'M' 'M' 'M' 'M' 'M' 'M' 'M' 'M' 'M' 'M' 'U' 'M' 'U' 'M'
 'M' 'M' 'M' 'M' 'M' 'M' 'U' 'M' 'M' 'M' 'M' 'U' 'M' 'M' 'M' 'U' 'M' 'M'
 'M' 'M' 'M' 'M' 'M' 'U' 'M' 'M' 'U' 'M' 'M' 'M' 'U' 'M' 'M' 'M' 'M' 'M'
 'M' 'M' 'M' 'M' 'M' 'M' 'U' 'M' 'M' 'U' 'M' 'M' 'M' 'M' 'M' 'M' 'M' 'U'
 'M' 'M' 'M' 'U' 'M' 'M' 'M' 'M' 'M' 'M' 'U' 'M' 'M' 'M' 'U' 'M' 'M' 'M'
 'M' 'M' 'M' 'U' 'M' 'M' 'A' 'A' 'M' 'M' 'M' 'U' 'M' 'M' 'M' 'M' 'M' 'M'
 'M' 'M' 'M' 'U' 'M' 'U' 'U' 'M' 'M' 'M' 'M' 'U' 'M' 'M' 'U' 'M' 'M' 'U'
 'M' 'U' 'M' 'M' 'U' 'M' 'M' 'M' 'M' 'U' 'M' 'M' 'U' 'M' 'M' 'M' 'M' 'M'
 'M' 'M' 'M' 'M' 'M' 'M' 'M' 'M' 'M' 'M' 'M' 'M' 'M' 'M' 'U' 'M' 'M' 'M'
 'M' 'M' 'U' 'U' 'M' 'U' 'M' 'U' 'U' 'M' 'U' 'M' 'M' 'M' 'M' 'M' 'U' 'U']"
413401,0,165,4,161,33,0,0,"['A' 'M' 'M' 'M' 'M' 'M' 'M' 'U' 'U' 'A' 'U' 'M' 'M' 'M' 'M' 'M' 'M' 'M'
 'M' 'M' 'U' 'M' 'M' 'M' 'M' 'M' 'M' 'M' 'M' 'M' 'M' 'M' 'U' 'M' 'M' 'M'
 'M' 'M' 'M' 'M' 'M' 'M' 'U' 'M' 'M' 'M' 'M' 'U' 'M' 'M' 'M' 'M' 'M' 'M'
 'M' 'M' 'M' 'M' 'M' 'M' 'M' 'M' 'M' 'M' 'U' 'M' 'M' 'M' 'M' 'M' 'M' 'U'
 'M' 'M' 'U' 'M' 'M' 'M' 'M' 'M' 'U' 'U' 'M' 'M' 'M' 'M' 'M' 'M' 'M' 'M'
 'U' 'M' 'M' 'M' 'M' 'M' 'M' 'M' 'M' 'M' 'U' 'M' 'M' 'M' 'U' 'U' 'M' 'M'
 'M' 'M' 'M' 'M' 'M' 'M' 'A' 'A' 'M' 'M' 'M' 'U' 'M' 'M' 'M' 'M' 'M' 'M'
 'M' 'M' 'M' 'U' 'U' 'M' 'U' 'M' 'M' 'M' 'M' 'M' 'M' 'M' 'U' 'M' 'M' 'U'
 'M' 'U' 'M' 'M' 'M' 'M' 'M' 'M' 'M' 'U' 'M' 'M' 'M' 'M' 'M' 'M' 'M' 'M'
 'M' 'M' 'M' 'M' 'M' 'M' 'M' 'M' 'M' 'U' 'M' 'M' 'M' 'M' 'U' 'M' 'M' 'M'
 'M' 'M' 'U' 'M' 'M' 'U' 'M' 'U' 'U' 'M' 'U' 'M' 'M' 'M' 'M' 'M' 'U' 'U']"
413501,0,166,3,163,32,0,0,"['A' 'M' 'M' 'M' 'M' 'M' 'M' 'U' 'M' 'A' 'U' 'M' 'M' 'M' 'M' 'M' 'M' 'M'
 'M' 'M' 'M' 'M' 'M' 'M' 'M' 'M' 'M' 'U' 'M' 'M' 'M' 'M' 'U' 'M' 'M' 'M'
 'M' 'M' 'M' 'M' 'M' 'M' 'U' 'M' 'M' 'U' 'M' 'M' 'M' 'M' 'M' 'M' 'M' 'M'
 'M' 'M' 'M' 'M' 'M' 'M' 'M' 'U' 'M' 'M' 'U' 'U' 'M' 'M' 'M' 'M' 'M' 'U'
 'M' 'M' 'M' 'M' 'U' 'M' 'M' 'M' 'M' 'M' 'M' 'M' 'M' 'M' 'U' 'M' 'M' 'M'
 'M' 'M' 'M' 'U' 'M' 'M' 'M' 'M' 'M' 'M' 'M' 'M' 'M' 'M' 'U' 'A' 'M' 'M'
 'M' 'M' 'M' 'M' 'M' 'M' 'U' 'M' 'M' 'M' 'M' 'M' 'M' 'M' 'U' 'M' 'M' 'M'
 'M' 'M' 'M' 'U' 'M' 'M' 'U' 'M' 'M' 'M' 'M' 'M' 'M' 'M' 'U' 'M' 'U' 'U'
 'M' 'U' 'M' 'M' 'M' 'M' 'M' 'M' 'M' 'M' 'M' 'U' 'M' 'M' 'M' 'M' 'M' 'M'
 'M' 'M' 'M' 'M' 'M' 'M' 'U' 'M' 'M' 'U' 'M' 'M' 'M' 'M' 'M' 'M' 'M' 'M'
 'M' 'M' 'U' 'M' 'M' 'U' 'U' 'M' 'U' 'M' 'U' 'M' 'M' 'M' 'M' 'M' 'U' 'U']"
413601,0,164,4,160,34,0,0,"['A' 'M' 'M' 'M' 'M' 'M' 'M' 'U' 'M' 'A' 'U' 'M' 'M' 'M' 'M' 'M' 'M' 'M'
 'M' 'M' 'M' 'M' 'M' 'M' 'M' 'M' 'M' 'U' 'M' 'M' 'M' 'M' 'U' 'M' 'M' 'M'
 'M' 'M' 'M' 'M' 'M' 'M' 'U' 'M' 'M' 'U' 'M' 'M' 'M' 'U' 'M' 'M' 'M' 'M'
 'M' 'M' 'M' 'M' 'M' 'M' 'M' 'U' 'M' 'M' 'U' 'M' 'M' 'M' 'U' 'U' 'M' 'U'
 'M' 'U' 'M' 'M' 'M' 'M' 'M' 'M' 'M' 'M' 'M' 'M' 'M' 'M' 'M' 'M' 'M' 'M'
 'M' 'M' 'M' 'U' 'M' 'M' 'M' 'M' 'M' 'M' 'M' 'M' 'U' 'M' 'U' 'A' 'M' 'M'
 'M' 'M' 'M' 'U' 'M' 'M' 'U' 'M' 'M' 'M' 'M' 'M' 'M' 'M' 'U' 'M' 'M' 'M'
 'M' 'M' 'M' 'U' 'M' 'M' 'U' 'M' 'M' 'M' 'M' 'M' 'M' 'M' 'U' 'M' 'M' 'U'
 'M' 'U' 'M' 'M' 'M' 'M' 'M' 'M' 'M' 'M' 'M' 'U' 'U' 'M' 'M' 'M' 'M' 'M'
 'M' 'M' 'M' 'M' 'M' 'M' 'U' 'M' 'M' 'A' 'M' 'M' 'M' 'M' 'M' 'M' 'U' 'M'
 'U' 'M' 'U' 'M' 'M' 'M' 'U' 'M' 'U' 'M' 'M' 'M' 'M' 'M' 'M' 'M' 'U' 'U']"
413701,0,167,4,163,31,0,0,"['A' 'M' 'M' 'M' 'M' 'M' 'M' 'U' 'M' 'A' 'U' 'M' 'M' 'M' 'M' 'M' 'M' 'M'
 'U' 'M' 'M' 'M' 'M' 'M' 'M' 'M' 'M' 'U' 'M' 'M' 'M' 'M' 'M' 'M' 'M' 'M'
 'M' 'M' 'M' 'M' 'M' 'M' 'U' 'M' 'M' 'U' 'M' 'U' 'M' 'U' 'M' 'U' 'U' 'M'
 'M' 'M' 'M' 'M' 'M' 'M' 'M' 'U' 'M' 'M' 'U' 'M' 'M' 'M' 'M' 'M' 'M' 'M'
 'U' 'U' 'M' 'M' 'M' 'M' 'M' 'U' 'M' 'M' 'M' 'M' 'M' 'M' 'M' 'M' 'U' 'M'
 'M' 'M' 'M' 'M' 'U' 'M' 'M' 'M' 'M' 'M' 'M' 'M' 'U' 'M' 'M' 'U' 'M' 'M'
 'M' 'M' 'M' 'U' 'M' 'M' 'M' 'M' 'U' 'M' 'M' 'M' 'M' 'M' 'M' 'M' 'M' 'M'
 'M' 'M' 'M' 'U' 'M' 'M' 'U' 'M' 'M' 'M' 'M' 'M' 'M' 'M' 'A' 'M' 'M' 'M'
 'M' 'U' 'M' 'M' 'M' 'M' 'M' 'U' 'M' 'M' 'M' 'M' 'U' 'M' 'M' 'M' 'M' 'M'
 'M' 'M' 'M' 'M' 'M' 'M' 'M' 'M' 'M' 'A' 'M' 'M' 'M' 'M' 'M' 'M' 'U' 'M'
 'U' 'M' 'U' 'M' 'M' 'M' 'U' 'M' 'M' 'M' 'M' 'M' 'M' 'M' 'M' 'M' 'M' 'U']"
413801,0,166,2,164,32,0,0,"['A' 'U' 'M' 'M' 'M' 'M' 'M' 'U' 'M' 'U' 'U' 'M' 'M' 'M' 'M' 'U' 'M' 'M'
 'M' 'M' 'M' 'M' 'M' 'M' 'M' 'M' 'M' 'M' 'M' 'U' 'M' 'M' 'M' 'M' 'M' 'M'
 'M' 'M' 'M' 'M' 'M' 'M' 'M' 'M' 'M' 'U' 'M' 'U' 'M' 'M' 'M' 'U' 'U' 'M'
 'M' 'M' 'M' 'M' 'M' 'M' 'M' 'U' 'M' 'M' 'U' 'M' 'U' 'M' 'M' 'M' 'M' 'M'
 'M' 'M' 'M' 'M' 'M' 'M' 'M' 'M' 'U' 'M' 'M' 'M' 'M' 'U' 'U' 'M' 'M' 'M'
 'M' 'M' 'U' 'M' 'M' 'M' 'M' 'M' 'M' 'U' 'M' 'M' 'M' 'M' 'M' 'U' 'U' 'M'
 'M' 'M' 'M' 'U' 'M' 'M' 'M' 'M' 'M' 'M' 'M' 'M' 'M' 'M' 'M' 'M' 'M' 'M'
 'M' 'M' 'M' 'U' 'M' 'M' 'U' 'M' 'M' 'M' 'M' 'U' 'M' 'M' 'U' 'M' 'M' 'M'
 'U' 'M' 'M' 'M' 'M' 'M' 'M' 'U' 'M' 'M' 'M' 'M' 'U' 'M' 'M' 'M' 'M' 'M'
 'M' 'M' 'M' 'M' 'M' 'M' 'M' 'M' 'M' 'A' 'U' 'M' 'M' 'M' 'M' 'M' 'M' 'M'
 'U' 'M' 'M' 'M' 'M' 'M' 'U' 'M' 'M' 'M' 'M' 'M' 'M' 'M' 'M' 'M' 'M' 'U']"
413901,0,164,1,163,34,0,1,"['A' 'M' 'M' 'M' 'M' 'M' 'M' 'U' 'M' 'U' 'U' 'M' 'M' 'M' 'M' 'U' 'M' 'M'
 'M' 'U' 'M' 'M' 'M' 'M' 'M' 'M' 'M' 'M' 'M' 'U' 'M' 'M' 'M' 'M' 'M' 'M'
 'M' 'M' 'M' 'M' 'U' 'M' 'M' 'M' 'M' 'U' 'M' 'U' 'M' 'M' 'M' 'U' 'M' 'M'
 'M' 'M' 'M' 'U' 'M' 'U' 'M' 'U' 'M' 'M' 'U' 'U' 'M' 'M' 'U' 'M' 'M' 'M'
 'M' 'M' 'U' 'M' 'U' 'M' 'M' 'M' 'M' 'M' 'M' 'M' 'M' 'M' 'U' 'M' 'M' 'M'
 'M' 'M' 'M' 'M' 'M' 'M' 'M' 'M' 'U' 'M' 'M' 'U' 'M' 'M' 'M' 'M' 'M' 'M'
 'M' 'U' 'M' 'U' 'M' 'M' 'M' 'M' 'M' 'M' 'M' 'M' 'M' 'M' 'M' 'M' 'M' 'M'
 'M' 'M' 'M' 'U' 'M' 'M' 'U' 'M' 'M' 'M' 'M' 'U' 'M' 'M' 'M' 'M' 'M' 'M'
 'U' 'U' 'M' 'M' 'M' 'M' 'M' 'U' 'M' 'M' 'M' 'M' 'M' 'M' 'M' 'U' 'M' 'M'
 'M' 'M' 'M' 'M' 'M' 'M' 'M' 'M' 'M' 'M' 'M' 'M' 'M' 'M' 'M' 'M' 'M' 'M'
 'U' 'M' 'M' 'M' 'M' 'M' 'U' 'M' 'M' 'M' 'M' 'M' 'U' 'M' 'M' 'M' 'M' 'U']"
414001,0,165,2,163,33,0,0,"['A' 'M' 'M' 'M' 'M' 'M' 'M' 'U' 'M' 'M' 'U' 'M' 'M' 'M' 'M' 'M' 'M' 'M'
 'M' 'U' 'M' 'M' 'M' 'M' 'M' 'M' 'M' 'U' 'U' 'U' 'M' 'M' 'M' 'M' 'M' 'M'
 'M' 'M' 'M' 'M' 'U' 'M' 'M' 'M' 'M' 'U' 'M' 'M' 'M' 'U' 'M' 'U' 'M' 'M'
 'U' 'M' 'M' 'M' 'M' 'U' 'M' 'M' 'U' 'M' 'U' 'M' 'M' 'M' 'M' 'M' 'M' 'M'
 'M' 'M' 'M' 'M' 'M' 'M' 'U' 'U' 'M' 'U' 'U' 'U' 'M' 'M' 'M' 'M' 'M' 'M'
 'M' 'M' 'M' 'M' 'M' 'M' 'M' 'M' 'U' 'M' 'M' 'M' 'U' 'M' 'M' 'M' 'M' 'M'
 'M' 'U' 'M' 'U' 'M' 'M' 'M' 'M' 'M' 'M' 'M' 'M' 'U' 'M' 'M' 'M' 'M' 'M'
 'M' 'U' 'M' 'U' 'M' 'M' 'U' 'M' 'M' 'M' 'M' 'U' 'M' 'M' 'U' 'M' 'M' 'M'
 'U' 'U' 'M' 'U' 'M' 'M' 'M' 'M' 'M' 'M' 'M' 'M' 'M' 'M' 'M' 'M' 'M' 'M'
 'M' 'M' 'M' 'M' 'M' 'M' 'M' 'M' 'M' 'M' 'M' 'M' 'M' 'M' 'M' 'M' 'M' 'M'
 'A' 'M' 'M' 'M' 'M' 'M' 'M' 'M' 'M' 'M' 'M' 'M' 'U' 'M' 'M' 'M' 'M' 'M']"
414101,0,163,3,160,35,0,0,"['A' 'M' 'M' 'M' 'M' 'M' 'M' 'M' 'U' 'M' 'U' 'M' 'M' 'M' 'M' 'M' 'M' 'M'
 'M' 'U' 'M' 'M' 'M' 'M' 'M' 'M' 'M' 'U' 'U' 'M' 'M' 'M' 'M' 'M' 'M' 'M'
 'M' 'U' 'M' 'M' 'M' 'U' 'M' 'M' 'M' 'U' 'M' 'M' 'M' 'U' 'M' 'U' 'M' 'M'
 'U' 'M' 'M' 'M' 'M' 'M' 'M' 'M' 'U' 'M' 'M' 'M' 'M' 'M' 'M' 'M' 'M' 'U'
 'U' 'U' 'M' 'M' 'M' 'M' 'M' 'M' 'M' 'M' 'M' 'M' 'M' 'M' 'M' 'M' 'M' 'M'
 'U' 'M' 'M' 'M' 'U' 'M' 'M' 'M' 'U' 'M' 'M' 'M' 'U' 'M' 'M' 'M' 'M' 'M'
 'M' 'U' 'U' 'U' 'M' 'U' 'M' 'U' 'M' 'M' 'M' 'M' 'U' 'M' 'M' 'M' 'M' 'U'
 'M' 'U' 'M' 'M' 'M' 'M' 'U' 'M' 'M' 'M' 'M' 'M' 'M' 'M' 'U' 'M' 'M' 'M'
 'U' 'A' 'M' 'U' 'M' 'M' 'M' 'M' 'U' 'M' 'M' 'M' 'M' 'M' 'U' 'M' 'M' 'M'
 'M' 'U' 'M' 'M' 'M' 'M' 'M' 'M' 'M' 'M' 'M' 'M' 'M' 'M' 'M' 'M' 'M' 'M'
 'A' 'M' 'M' 'M' 'M' 'M' 'M' 'M' 'M' 'M' 'M' 'M' 'U' 'M' 'M' 'M' 'M' 'M']"
414201,0,163,2,161,35,0,0,"['A' 'M' 'M' 'M' 'M' 'M' 'M' 'M' 'U' 'M' 'M' 'U' 'M' 'M' 'M' 'M' 'M' 'M'
 'M' 'U' 'M' 'M' 'U' 'M' 'M' 'M' 'M' 'M' 'U' 'M' 'M' 'M' 'M' 'M' 'M' 'M'
 'M' 'U' 'M' 'M' 'M' 'U' 'M' 'M' 'M' 'U' 'M' 'M' 'M' 'U' 'M' 'U' 'M' 'M'
 'U' 'M' 'M' 'M' 'M' 'M' 'M' 'M' 'U' 'M' 'M' 'U' 'M' 'M' 'M' 'M' 'U' 'M'
 'M' 'M' 'M' 'M' 'U' 'U' 'M' 'M' 'M' 'M' 'M' 'M' 'M' 'M' 'M' 'M' 'U' 'M'
 'M' 'M' 'M' 'M' 'M' 'M' 'M' 'M' 'U' 'M' 'M' 'M' 'U' 'M' 'M' 'M' 'M' 'M'
 'M' 'U' 'U' 'U' 'M' 'U' 'M' 'U' 'M' 'M' 'M' 'M' 'U' 'M' 'M' 'M' 'M' 'U'
 'M' 'U' 'M' 'U' 'M' 'M' 'M' 'M' 'M' 'M' 'M' 'M' 'M' 'M' 'M' 'M' 'M' 'M'
 'M' 'U' 'M' 'U' 'M' 'M' 'M' 'M' 'U' 'M' 'M' 'M' 'U' 'M' 'U' 'M' 'M' 'M'
 'M' 'U' 'M' 'M' 'M' 'M' 'M' 'M' 'M' 'M' 'M' 'M' 'M' 'M' 'M' 'M' 'M' 'M'
 'A' 'M' 'M' 'M' 'M' 'M' 'M' 'M' 'M' 'M' 'M' 'M' 'U' 'M' 'M' 'M' 'M' 'M']"
414301,0,165,2,163,33,0,1,"['A' 'M' 'M' 'M' 'M' 'M' 'M' 'U' 'M' 'M' 'M' 'U' 'M' 'M' 'M' 'M' 'M' 'M'
 'M' 'M' 'M' 'M' 'U' 'M' 'M' 'U' 'M' 'M' 'M' 'M' 'M' 'M' 'M' 'U' 'U' 'M'
 'M' 'M' 'M' 'M' 'U' 'U' 'M' 'M' 'M' 'U' 'M' 'M' 'M' 'U' 'M' 'U' 'M' 'M'
 'U' 'M' 'M' 'M' 'M' 'M' 'M' 'M' 'U' 'M' 'M' 'M' 'M' 'M' 'M' 'M' 'M' 'M'
 'U' 'M' 'U' 'U' 'M' 'U' 'M' 'M' 'M' 'U' 'M' 'M' 'M' 'M' 'M' 'M' 'M' 'M'
 'M' 'M' 'M' 'M' 'M' 'M' 'M' 'M' 'M' 'M' 'M' 'M' 'U' 'M' 'M' 'M' 'M' 'M'
 'M' 'U' 'U' 'M' 'M' 'U' 'M' 'U' 'M' 'M' 'M' 'M' 'U' 'M' 'M' 'M' 'M' 'M'
 'M' 'U' 'M' 'M' 'M' 'M' 'M' 'U' 'M' 'M' 'M' 'M' 'M' 'M' 'M' 'M' 'M' 'M'
 'M' 'U' 'M' 'U' 'M' 'M' 'M' 'M' 'U' 'M' 'M' 'M' 'M' 'M' 'U' 'M' 'M' 'M'
 'M' 'U' 'M' 'M' 'M' 'M' 'M' 'M' 'M' 'M' 'M' 'M' 'M' 'M' 'M' 'M' 'M' 'M'
 'A' 'M' 'M' 'M' 'M' 'M' 'M' 'M' 'M' 'M' 'M' 'M' 'U' 'U' 'M' 'M' 'M' 'M']"
414401,0,172,4,168,26,0,0,"['A' 'M' 'M' 'U' 'M' 'M' 'U' 'U' 'M' 'M' 'M' 'U' 'M' 'M' 'M' 'M' 'M' 'U'
 'M' 'M' 'M' 'M' 'U' 'M' 'M' 'M' 'M' 'M' 'M' 'M' 'M' 'M' 'M' 'M' 'M' 'M'
 'M' 'M' 'M' 'M' 'M' 'U' 'M' 'M' 'M' 'M' 'M' 'U' 'M' 'M' 'M' 'A' 'M' 'M'
 'U' 'M' 'M' 'M' 'M' 'M' 'M' 'U' 'M' 'M' 'M' 'M' 'U' 'U' 'U' 'M' 'M' 'M'
 'U' 'M' 'M' 'M' 'M' 'M' 'M' 'M' 'M' 'M' 'M' 'M' 'M' 'M' 'M' 'M' 'M' 'M'
 'M' 'M' 'M' 'M' 'U' 'M' 'M' 'M' 'M' 'M' 'M' 'M' 'U' 'M' 'M' 'M' 'M' 'M'
 'M' 'M' 'M' 'M' 'M' 'U' 'M' 'A' 'M' 'M' 'M' 'M' 'U' 'M' 'M' 'M' 'M' 'M'
 'M' 'M' 'M' 'M' 'M' 'M' 'M' 'A' 'M' 'M' 'M' 'M' 'M' 'M' 'M' 'M' 'M' 'M'
 'M' 'U' 'M' 'U' 'M' 'M' 'M' 'M' 'U' 'M' 'M' 'M' 'M' 'M' 'U' 'M' 'M' 'M'
 'M' 'U' 'M' 'M' 'M' 'M' 'M' 'M' 'M' 'M' 'M' 'M' 'M' 'M' 'M' 'M' 'M' 'M'
 'U' 'M' 'M' 'M' 'M' 'M' 'M' 'U' 'M' 'M' 'M' 'M' 'U' 'M' 'M' 'M' 'M' 'M']"
414501,0,173,5,168,25,0,1,"['A' 'M' 'M' 'M' 'M' 'M' 'M' 'U' 'M' 'M' 'M' 'A' 'M' 'M' 'U' 'M' 'M' 'U'
 'M' 'M' 'M' 'M' 'U' 'M' 'M' 'M' 'M' 'M' 'M' 'M' 'M' 'M' 'M' 'U' 'M' 'M'
 'U' 'M' 'M' 'M' 'M' 'U' 'M' 'M' 'M' 'M' 'M' 'U' 'M' 'U' 'M' 'A' 'M' 'M'
 'U' 'M' 'M' 'M' 'M' 'M' 'M' 'U' 'M' 'M' 'U' 'M' 'M' 'M' 'U' 'M' 'M' 'M'
 'M' 'M' 'M' 'M' 'M' 'U' 'M' 'U' 'M' 'U' 'M' 'M' 'M' 'M' 'M' 'M' 'M' 'M'
 'M' 'M' 'U' 'M' 'M' 'M' 'M' 'M' 'M' 'M' 'M' 'M' 'M' 'M' 'M' 'M' 'M' 'M'
 'M' 'M' 'M' 'M' 'M' 'M' 'M' 'U' 'M' 'M' 'M' 'M' 'A' 'M' 'M' 'M' 'M' 'M'
 'M' 'M' 'M' 'M' 'M' 'M' 'M' 'A' 'M' 'M' 'M' 'M' 'M' 'M' 'M' 'M' 'M' 'M'
 'M' 'M' 'M' 'U' 'M' 'M' 'M' 'M' 'U' 'M' 'M' 'M' 'M' 'M' 'M' 'M' 'M' 'M'
 'M' 'U' 'M' 'M' 'M' 'M' 'M' 'M' 'U' 'M' 'M' 'M' 'M' 'M' 'U' 'M' 'M' 'M'
 'M' 'M' 'M' 'M' 'M' 'M' 'M' 'U' 'M' 'M' 'M' 'M' 'U' 'M' 'M' 'M' 'M' 'M']"
414601,0,179,8,171,19,0,0,"['A' 'M' 'M' 'M' 'U' 'U' 'M' 'U' 'M' 'M' 'M' 'A' 'M' 'M' 'U' 'M' 'M' 'U'
 'M' 'M' 'M' 'M' 'U' 'M' 'M' 'U' 'M' 'M' 'M' 'M' 'M' 'M' 'M' 'M' 'M' 'M'
 'M' 'M' 'M' 'M' 'M' 'M' 'M' 'M' 'M' 'M' 'M' 'A' 'M' 'M' 'M' 'A' 'M' 'M'
 'M' 'M' 'M' 'M' 'M' 'M' 'M' 'U' 'M' 'M' 'A' 'M' 'M' 'M' 'M' 'M' 'U' 'M'
 'M' 'M' 'M' 'M' 'M' 'M' 'M' 'M' 'M' 'M' 'M' 'M' 'M' 'M' 'U' 'M' 'M' 'M'
 'M' 'U' 'U' 'M' 'U' 'M' 'M' 'M' 'M' 'M' 'M' 'M' 'M' 'M' 'M' 'M' 'M' 'M'
 'M' 'M' 'M' 'M' 'M' 'M' 'M' 'U' 'M' 'M' 'M' 'M' 'A' 'M' 'M' 'M' 'M' 'M'
 'M' 'M' 'M' 'M' 'M' 'M' 'M' 'A' 'M' 'M' 'M' 'M' 'M' 'M' 'M' 'M' 'M' 'M'
 'M' 'M' 'M' 'U' 'M' 'M' 'M' 'M' 'U' 'M' 'M' 'M' 'M' 'M' 'M' 'M' 'M' 'U'
 'M' 'M' 'M' 'M' 'M' 'M' 'M' 'U' 'U' 'M' 'M' 'M' 'M' 'M' 'M' 'M' 'M' 'M'
 'M' 'M' 'M' 'M' 'M' 'M' 'M' 'A' 'M' 'M' 'M' 'M' 'M' 'M' 'M' 'M' 'M' 'M']"
414701,0,175,4,171,23,0,0,"['A' 'M' 'M' 'M' 'U' 'U' 'M' 'U' 'M' 'M' 'M' 'M' 'M' 'M' 'M' 'M' 'M' 'M'
 'M' 'M' 'M' 'M' 'U' 'M' 'M' 'A' 'M' 'M' 'M' 'M' 'M' 'M' 'M' 'M' 'M' 'M'
 'M' 'M' 'M' 'M' 'M' 'M' 'M' 'U' 'M' 'U' 'M' 'U' 'M' 'M' 'M' 'A' 'M' 'M'
 'M' 'M' 'M' 'M' 'M' 'M' 'M' 'U' 'M' 'M' 'U' 'M' 'M' 'M' 'M' 'U' 'M' 'M'
 'M' 'M' 'M' 'U' 'M' 'U' 'M' 'M' 'M' 'M' 'M' 'M' 'M' 'M' 'U' 'M' 'M' 'M'
 'M' 'M' 'M' 'U' 'M' 'M' 'M' 'M' 'M' 'M' 'M' 'M' 'M' 'M' 'M' 'M' 'M' 'M'
 'M' 'M' 'U' 'M' 'M' 'M' 'M' 'M' 'M' 'M' 'M' 'M' 'U' 'M' 'M' 'M' 'M' 'M'
 'M' 'M' 'M' 'M' 'M' 'M' 'M' 'A' 'M' 'M' 'M' 'M' 'M' 'M' 'M' 'M' 'M' 'M'
 'M' 'M' 'M' 'U' 'M' 'M' 'M' 'M' 'U' 'M' 'M' 'M' 'M' 'M' 'M' 'M' 'U' 'U'
 'M' 'M' 'M' 'M' 'M' 'M' 'M' 'U' 'U' 'M' 'M' 'M' 'M' 'M' 'M' 'M' 'M' 'M'
 'M' 'M' 'M' 'M' 'M' 'M' 'M' 'U' 'M' 'M' 'M' 'M' 'M' 'M' 'M' 'M' 'M' 'M']"
414801,0,173,3,170,25,0,0,"['A' 'M' 'M' 'M' 'U' 'U' 'M' 'U' 'U' 'M' 'M' 'M' 'M' 'M' 'M' 'M' 'U' 'M'
 'M' 'M' 'M' 'M' 'U' 'M' 'M' 'A' 'M' 'M' 'M' 'M' 'M' 'M' 'M' 'M' 'M' 'M'
 'M' 'M' 'M' 'M' 'M' 'M' 'M' 'U' 'M' 'U' 'M' 'U' 'M' 'M' 'M' 'A' 'M' 'M'
 'M' 'M' 'M' 'M' 'M' 'M' 'M' 'M' 'M' 'M' 'U' 'U' 'U' 'M' 'M' 'M' 'M' 'M'
 'M' 'M' 'M' 'M' 'U' 'M' 'M' 'M' 'M' 'M' 'M' 'M' 'M' 'M' 'M' 'U' 'U' 'M'
 'M' 'M' 'M' 'M' 'M' 'M' 'M' 'M' 'M' 'M' 'M' 'M' 'M' 'M' 'M' 'M' 'M' 'M'
 'M' 'M' 'U' 'M' 'M' 'M' 'M' 'M' 'M' 'M' 'M' 'M' 'U' 'M' 'M' 'M' 'M' 'M'
 'M' 'M' 'M' 'M' 'M' 'M' 'M' 'U' 'M' 'M' 'M' 'M' 'M' 'M' 'M' 'M' 'M' 'M'
 'M' 'M' 'M' 'U' 'M' 'M' 'M' 'U' 'M' 'M' 'M' 'M' 'U' 'M' 'M' 'U' 'M' 'M'
 'M' 'M' 'M' 'M' 'M' 'M' 'U' 'M' 'U' 'M' 'M' 'M' 'M' 'M' 'M' 'M' 'M' 'M'
 'M' 'M' 'M' 'M' 'M' 'M' 'M' 'M' 'M' 'M' 'U' 'M' 'M' 'M' 'M' 'M' 'M' 'M']"
414901,0,168,3,165,30,0,0,"['A' 'M' 'M' 'M' 'U' 'U' 'M' 'U' 'M' 'M' 'M' 'M' 'M' 'M' 'U' 'M' 'M' 'M'
 'M' 'M' 'M' 'M' 'U' 'M' 'M' 'A' 'M' 'M' 'M' 'M' 'M' 'M' 'M' 'M' 'M' 'M'
 'M' 'M' 'M' 'U' 'M' 'M' 'M' 'M' 'M' 'U' 'M' 'U' 'M' 'M' 'M' 'M' 'M' 'M'
 'M' 'M' 'M' 'M' 'M' 'M' 'M' 'M' 'M' 'M' 'A' 'M' 'M' 'M' 'M' 'M' 'M' 'M'
 'M' 'M' 'M' 'M' 'M' 'M' 'M' 'U' 'M' 'M' 'M' 'M' 'M' 'M' 'M' 'U' 'M' 'U'
 'U' 'M' 'M' 'M' 'U' 'M' 'M' 'M' 'M' 'M' 'M' 'M' 'M' 'M' 'M' 'M' 'M' 'M'
 'M' 'U' 'M' 'M' 'M' 'M' 'M' 'M' 'M' 'M' 'M' 'M' 'U' 'M' 'M' 'M' 'U' 'M'
 'M' 'M' 'M' 'M' 'M' 'U' 'M' 'U' 'M' 'M' 'M' 'M' 'M' 'M' 'M' 'M' 'M' 'M'
 'M' 'M' 'M' 'U' 'U' 'M' 'M' 'U' 'M' 'M' 'M' 'M' 'U' 'M' 'M' 'U' 'M' 'M'
 'M' 'M' 'M' 'U' 'M' 'U' 'U' 'M' 'U' 'M' 'M' 'M' 'U' 'M' 'M' 'M' 'M' 'M'
 'M' 'M' 'U' 'M' 'M' 'M' 'M' 'M' 'M' 'M' 'U' 'M' 'M' 'M' 'M' 'M' 'M' 'M']"
415001,0,169,3,166,29,0,0,"['A' 'M' 'M' 'M' 'U' 'U' 'M' 'U' 'M' 'M' 'U' 'M' 'M' 'M' 'U' 'M' 'M' 'M'
 'M' 'M' 'M' 'M' 'U' 'M' 'M' 'A' 'M' 'M' 'M' 'M' 'M' 'M' 'M' 'M' 'M' 'M'
 'M' 'U' 'M' 'M' 'M' 'M' 'M' 'M' 'M' 'U' 'M' 'U' 'M' 'M' 'M' 'M' 'M' 'M'
 'M' 'M' 'M' 'M' 'M' 'M' 'M' 'M' 'M' 'M' 'A' 'M' 'M' 'M' 'U' 'U' 'M' 'M'
 'M' 'M' 'M' 'M' 'U' 'U' 'M' 'M' 'M' 'M' 'M' 'M' 'M' 'M' 'M' 'M' 'M' 'M'
 'M' 'U' 'M' 'M' 'M' 'M' 'M' 'M' 'M' 'M' 'M' 'M' 'M' 'M' 'M' 'M' 'M' 'M'
 'M' 'U' 'M' 'M' 'M' 'M' 'M' 'M' 'M' 'M' 'M' 'M' 'U' 'M' 'M' 'U' 'U' 'M'
 'M' 'M' 'M' 'M' 'M' 'U' 'M' 'M' 'M' 'U' 'M' 'M' 'M' 'M' 'M' 'M' 'M' 'M'
 'M' 'M' 'M' 'M' 'U' 'M' 'M' 'U' 'M' 'M' 'M' 'M' 'U' 'M' 'M' 'U' 'M' 'M'
 'M' 'M' 'M' 'U' 'M' 'U' 'M' 'M' 'U' 'M' 'M' 'M' 'U' 'M' 'M' 'M' 'M' 'M'
 'M' 'M' 'M' 'M' 'M' 'M' 'M' 'M' 'M' 'M' 'U' 'M' 'M' 'M' 'M' 'M' 'M' 'M']"
415101,0,171,2,169,27,0,0,"['A' 'M' 'M' 'M' 'U' 'U' 'M' 'M' 'M' 'M' 'U' 'M' 'M' 'M' 'M' 'M' 'M' 'M'
 'M' 'M' 'U' 'M' 'U' 'M' 'M' 'A' 'U' 'M' 'M' 'M' 'M' 'M' 'M' 'M' 'M' 'M'
 'M' 'M' 'M' 'M' 'M' 'M' 'M' 'M' 'M' 'U' 'M' 'U' 'M' 'M' 'M' 'M' 'M' 'M'
 'M' 'M' 'M' 'M' 'M' 'M' 'M' 'M' 'M' 'M' 'U' 'U' 'M' 'M' 'M' 'M' 'M' 'M'
 'U' 'M' 'M' 'M' 'M' 'M' 'M' 'M' 'M' 'M' 'M' 'M' 'M' 'M' 'M' 'U' 'M' 'M'
 'M' 'U' 'M' 'U' 'M' 'M' 'M' 'M' 'M' 'M' 'M' 'M' 'M' 'M' 'M' 'M' 'M' 'M'
 'M' 'U' 'M' 'M' 'M' 'U' 'M' 'M' 'M' 'M' 'M' 'M' 'U' 'M' 'M' 'U' 'U' 'M'
 'M' 'U' 'M' 'M' 'M' 'M' 'M' 'M' 'M' 'M' 'M' 'M' 'M' 'M' 'M' 'M' 'M' 'M'
 'M' 'M' 'M' 'M' 'U' 'M' 'M' 'U' 'M' 'M' 'M' 'M' 'U' 'M' 'M' 'U' 'M' 'M'
 'M' 'M' 'M' 'U' 'M' 'U' 'M' 'M' 'M' 'M' 'M' 'M' 'U' 'M' 'M' 'M' 'M' 'M'
 'M' 'M' 'M' 'M' 'M' 'M' 'M' 'M' 'M' 'M' 'M' 'M' 'M' 'M' 'M' 'M' 'M' 'M']"
415201,0,168,3,165,30,0,0,"['A' 'M' 'M' 'M' 'U' 'U' 'M' 'M' 'M' 'M' 'U' 'M' 'M' 'M' 'M' 'M' 'U' 'U'
 'M' 'M' 'U' 'M' 'M' 'M' 'M' 'A' 'U' 'M' 'M' 'M' 'M' 'M' 'M' 'M' 'M' 'M'
 'M' 'U' 'M' 'M' 'M' 'M' 'M' 'M' 'M' 'U' 'M' 'A' 'M' 'M' 'M' 'M' 'M' 'M'
 'M' 'M' 'M' 'M' 'M' 'M' 'M' 'M' 'M' 'U' 'U' 'M' 'M' 'M' 'U' 'U' 'M' 'M'
 'M' 'M' 'U' 'M' 'M' 'M' 'M' 'M' 'M' 'M' 'M' 'M' 'M' 'M' 'U' 'M' 'M' 'M'
 'M' 'M' 'M' 'M' 'U' 'M' 'M' 'M' 'M' 'M' 'M' 'M' 'M' 'M' 'M' 'M' 'M' 'U'
 'M' 'U' 'M' 'M' 'M' 'U' 'M' 'U' 'M' 'M' 'M' 'M' 'U' 'M' 'M' 'U' 'M' 'M'
 'M' 'U' 'M' 'M' 'M' 'M' 'M' 'M' 'M' 'U' 'M' 'M' 'M' 'M' 'M' 'M' 'M' 'M'
 'M' 'M' 'M' 'M' 'U' 'M' 'M' 'U' 'M' 'M' 'M' 'M' 'U' 'M' 'M' 'M' 'M' 'M'
 'M' 'M' 'M' 'U' 'M' 'M' 'M' 'M' 'M' 'M' 'M' 'M' 'U' 'M' 'M' 'M' 'M' 'M'
 'M' 'M' 'M' 'M' 'M' 'M' 'M' 'M' 'M' 'M' 'M' 'M' 'M' 'M' 'M' 'M' 'U' 'M']"
415301,0,168,4,164,30,0,0,"['A' 'M' 'M' 'M' 'U' 'U' 'M' 'M' 'M' 'M' 'U' 'U' 'M' 'M' 'U' 'M' 'M' 'U'
 'M' 'M' 'U' 'U' 'M' 'M' 'M' 'A' 'U' 'M' 'M' 'M' 'M' 'M' 'M' 'M' 'M' 'M'
 'M' 'U' 'M' 'M' 'M' 'M' 'M' 'M' 'M' 'U' 'M' 'U' 'M' 'M' 'M' 'M' 'M' 'M'
 'M' 'M' 'M' 'M' 'M' 'M' 'U' 'M' 'M' 'U' 'A' 'M' 'U' 'M' 'M' 'M' 'M' 'U'
 'M' 'M' 'M' 'M' 'M' 'M' 'M' 'M' 'M' 'M' 'M' 'M' 'M' 'M' 'M' 'M' 'M' 'U'
 'M' 'U' 'M' 'U' 'M' 'M' 'M' 'M' 'M' 'M' 'M' 'M' 'U' 'M' 'M' 'M' 'M' 'M'
 'M' 'M' 'M' 'M' 'M' 'A' 'M' 'U' 'M' 'M' 'M' 'M' 'U' 'M' 'M' 'U' 'M' 'M'
 'M' 'M' 'M' 'M' 'M' 'M' 'M' 'M' 'M' 'U' 'M' 'M' 'M' 'M' 'U' 'M' 'M' 'M'
 'M' 'M' 'M' 'M' 'U' 'M' 'M' 'U' 'M' 'M' 'M' 'M' 'M' 'M' 'M' 'M' 'M' 'M'
 'M' 'M' 'M' 'U' 'M' 'M' 'U' 'M' 'M' 'M' 'M' 'M' 'U' 'M' 'M' 'M' 'M' 'M'
 'M' 'M' 'M' 'M' 'M' 'M' 'M' 'M' 'M' 'M' 'M' 'M' 'M' 'M' 'M' 'M' 'M' 'M']"
415401,0,166,4,162,32,0,0,"['A' 'M' 'M' 'M' 'M' 'U' 'M' 'M' 'M' 'M' 'U' 'M' 'M' 'M' 'M' 'M' 'M' 'U'
 'M' 'M' 'U' 'U' 'M' 'M' 'M' 'A' 'U' 'M' 'M' 'M' 'M' 'M' 'M' 'M' 'M' 'M'
 'M' 'U' 'M' 'M' 'M' 'M' 'M' 'M' 'M' 'U' 'M' 'U' 'U' 'M' 'M' 'M' 'M' 'M'
 'M' 'M' 'M' 'U' 'M' 'M' 'M' 'M' 'M' 'U' 'U' 'M' 'M' 'M' 'M' 'M' 'M' 'M'
 'M' 'U' 'M' 'M' 'M' 'M' 'U' 'U' 'M' 'M' 'M' 'M' 'M' 'M' 'M' 'U' 'M' 'M'
 'U' 'M' 'M' 'M' 'M' 'M' 'M' 'M' 'M' 'M' 'M' 'M' 'U' 'M' 'M' 'M' 'M' 'M'
 'M' 'M' 'M' 'M' 'M' 'A' 'M' 'U' 'M' 'M' 'M' 'M' 'U' 'M' 'M' 'U' 'M' 'M'
 'M' 'M' 'M' 'M' 'M' 'M' 'M' 'M' 'M' 'U' 'M' 'M' 'M' 'U' 'U' 'M' 'U' 'M'
 'M' 'M' 'M' 'M' 'A' 'M' 'M' 'M' 'M' 'M' 'M' 'M' 'M' 'M' 'M' 'M' 'M' 'M'
 'M' 'M' 'U' 'U' 'M' 'M' 'U' 'M' 'M' 'M' 'M' 'M' 'U' 'M' 'M' 'M' 'M' 'M'
 'U' 'M' 'M' 'M' 'M' 'M' 'M' 'M' 'M' 'M' 'M' 'M' 'M' 'M' 'M' 'M' 'U' 'M']"
415501,0,165,5,160,33,0,0,"['A' 'M' 'M' 'M' 'M' 'M' 'M' 'M' 'M' 'M' 'U' 'M' 'M' 'M' 'M' 'M' 'M' 'U'
 'U' 'M' 'U' 'U' 'M' 'M' 'M' 'A' 'U' 'M' 'M' 'M' 'M' 'M' 'U' 'U' 'M' 'M'
 'M' 'U' 'M' 'M' 'M' 'M' 'M' 'U' 'M' 'M' 'M' 'M' 'U' 'U' 'M' 'M' 'M' 'M'
 'M' 'M' 'U' 'U' 'M' 'M' 'M' 'M' 'M' 'U' 'U' 'M' 'M' 'M' 'M' 'M' 'U' 'M'
 'M' 'M' 'M' 'M' 'M' 'M' 'U' 'M' 'M' 'M' 'M' 'M' 'M' 'M' 'M' 'M' 'M' 'U'
 'U' 'U' 'M' 'M' 'M' 'M' 'M' 'M' 'M' 'M' 'M' 'M' 'U' 'M' 'M' 'M' 'M' 'U'
 'M' 'M' 'M' 'M' 'M' 'A' 'M' 'M' 'M' 'M' 'M' 'M' 'M' 'M' 'M' 'M' 'M' 'M'
 'M' 'M' 'M' 'M' 'M' 'M' 'M' 'M' 'U' 'U' 'M' 'U' 'M' 'U' 'U' 'M' 'M' 'M'
 'M' 'M' 'M' 'M' 'A' 'M' 'U' 'M' 'M' 'M' 'M' 'M' 'M' 'M' 'M' 'M' 'M' 'M'
 'M' 'M' 'U' 'U' 'M' 'M' 'U' 'M' 'M' 'M' 'M' 'M' 'M' 'M' 'M' 'M' 'U' 'M'
 'M' 'M' 'M' 'M' 'M' 'M' 'M' 'M' 'M' 'M' 'M' 'M' 'M' 'M' 'M' 'M' 'A' 'M']"
415601,0,170,5,165,28,0,1,"['A' 'U' 'M' 'M' 'M' 'M' 'M' 'M' 'M' 'M' 'U' 'M' 'M' 'M' 'M' 'M' 'M' 'M'
 'U' 'M' 'M' 'U' 'M' 'M' 'M' 'A' 'U' 'M' 'M' 'M' 'M' 'M' 'U' 'U' 'U' 'M'
 'M' 'M' 'M' 'M' 'M' 'M' 'M' 'M' 'M' 'M' 'M' 'M' 'M' 'U' 'M' 'M' 'M' 'M'
 'M' 'M' 'U' 'U' 'M' 'M' 'M' 'M' 'M' 'U' 'U' 'M' 'M' 'M' 'M' 'M' 'M' 'M'
 'M' 'M' 'U' 'M' 'U' 'M' 'M' 'M' 'U' 'M' 'M' 'M' 'M' 'M' 'M' 'M' 'M' 'M'
 'U' 'M' 'M' 'M' 'U' 'M' 'M' 'M' 'M' 'M' 'M' 'M' 'U' 'M' 'M' 'M' 'M' 'M'
 'M' 'M' 'M' 'M' 'M' 'A' 'M' 'M' 'M' 'M' 'M' 'U' 'M' 'M' 'M' 'M' 'M' 'M'
 'M' 'M' 'M' 'M' 'M' 'M' 'M' 'M' 'M' 'U' 'M' 'U' 'M' 'U' 'U' 'M' 'M' 'M'
 'M' 'M' 'M' 'M' 'A' 'M' 'M' 'M' 'M' 'M' 'M' 'M' 'M' 'M' 'M' 'M' 'M' 'M'
 'M' 'M' 'M' 'U' 'M' 'M' 'U' 'M' 'M' 'M' 'M' 'M' 'M' 'M' 'M' 'M' 'M' 'M'
 'M' 'M' 'M' 'M' 'M' 'M' 'M' 'M' 'M' 'U' 'M' 'M' 'U' 'M' 'M' 'M' 'A' 'M']"
415701,0,169,4,165,29,1,0,"['A' 'U' 'M' 'M' 'M' 'M' 'M' 'M' 'M' 'M' 'U' 'M' 'M' 'M' 'M' 'M' 'M' 'M'
 'U' 'M' 'M' 'U' 'M' 'M' 'M' 'A' 'U' 'M' 'M' 'M' 'M' 'M' 'U' 'M' 'U' 'M'
 'M' 'M' 'M' 'M' 'M' 'M' 'M' 'M' 'M' 'M' 'M' 'M' 'M' 'U' 'M' 'M' 'M' 'M'
 'M' 'M' 'U' 'U' 'M' 'M' 'M' 'M' 'M' 'U' 'U' 'M' 'M' 'M' 'M' 'M' 'M' 'M'
 'M' 'M' 'M' 'M' 'M' 'M' 'M' 'U' 'M' 'U' 'U' 'M' 'M' 'M' 'M' 'U' 'M' 'M'
 'M' 'M' 'M' 'M' 'U' 'M' 'M' 'M' 'M' 'M' 'M' 'M' 'U' 'M' 'M' 'M' 'M' 'M'
 'M' 'M' 'M' 'M' 'M' 'A' 'M' 'M' 'M' 'M' 'M' 'U' 'M' 'M' 'M' 'M' 'M' 'M'
 'M' 'U' 'M' 'M' 'M' 'M' 'M' 'M' 'M' 'M' 'M' 'U' 'M' 'M' 'M' 'M' 'M' 'M'
 'M' 'M' 'M' 'M' 'U' 'M' 'M' 'M' 'M' 'M' 'M' 'M' 'M' 'M' 'U' 'M' 'M' 'M'
 'M' 'M' 'M' 'M' 'M' 'M' 'U' 'M' 'M' 'M' 'M' 'M' 'M' 'M' 'M' 'M' 'M' 'M'
 'U' 'M' 'M' 'U' 'U' 'M' 'M' 'M' 'M' 'M' 'M' 'M' 'U' 'M' 'U' 'M' 'A' 'M']"
415801,0,172,4,168,26,0,0,"['A' 'M' 'M' 'M' 'M' 'M' 'M' 'M' 'M' 'M' 'U' 'M' 'M' 'M' 'M' 'M' 'M' 'M'
 'M' 'M' 'M' 'U' 'M' 'M' 'M' 'A' 'U' 'M' 'M' 'M' 'M' 'M' 'U' 'U' 'U' 'M'
 'M' 'M' 'M' 'M' 'M' 'M' 'M' 'M' 'M' 'U' 'M' 'M' 'M' 'M' 'M' 'M' 'M' 'U'
 'M' 'M' 'M' 'M' 'M' 'M' 'U' 'M' 'U' 'M' 'U' 'M' 'M' 'M' 'U' 'M' 'M' 'U'
 'M' 'M' 'M' 'M' 'M' 'M' 'M' 'M' 'M' 'U' 'M' 'U' 'M' 'M' 'U' 'M' 'M' 'M'
 'M' 'M' 'M' 'M' 'M' 'M' 'M' 'M' 'M' 'M' 'M' 'M' 'M' 'M' 'M' 'M' 'M' 'M'
 'M' 'M' 'M' 'M' 'M' 'A' 'M' 'M' 'M' 'M' 'M' 'M' 'M' 'M' 'M' 'M' 'M' 'M'
 'U' 'M' 'M' 'M' 'M' 'M' 'M' 'M' 'M' 'M' 'M' 'U' 'M' 'M' 'M' 'M' 'M' 'M'
 'M' 'M' 'M' 'M' 'U' 'M' 'M' 'M' 'M' 'M' 'M' 'M' 'U' 'M' 'U' 'M' 'M' 'M'
 'M' 'M' 'M' 'M' 'M' 'M' 'M' 'M' 'M' 'M' 'M' 'M' 'M' 'M' 'M' 'M' 'M' 'U'
 'U' 'M' 'M' 'U' 'M' 'M' 'M' 'M' 'M' 'M' 'M' 'M' 'U' 'M' 'U' 'M' 'A' 'M']"
415901,0,165,4,161,33,0,1,"['A' 'M' 'M' 'M' 'M' 'M' 'M' 'U' 'M' 'M' 'U' 'M' 'M' 'M' 'M' 'M' 'M' 'M'
 'M' 'M' 'M' 'U' 'M' 'M' 'M' 'A' 'U' 'U' 'M' 'U' 'M' 'M' 'U' 'U' 'U' 'M'
 'M' 'M' 'M' 'M' 'M' 'M' 'M' 'U' 'M' 'U' 'M' 'M' 'M' 'M' 'M' 'M' 'M' 'M'
 'M' 'U' 'M' 'M' 'M' 'M' 'U' 'M' 'U' 'M' 'U' 'M' 'M' 'M' 'U' 'U' 'M' 'M'
 'M' 'M' 'M' 'M' 'M' 'M' 'U' 'M' 'M' 'M' 'M' 'M' 'M' 'M' 'M' 'M' 'M' 'U'
 'M' 'M' 'U' 'M' 'M' 'M' 'M' 'M' 'M' 'U' 'M' 'M' 'M' 'M' 'M' 'M' 'M' 'M'
 'M' 'M' 'M' 'M' 'M' 'A' 'M' 'M' 'M' 'M' 'M' 'M' 'M' 'M' 'M' 'M' 'M' 'M'
 'M' 'M' 'M' 'M' 'M' 'M' 'M' 'M' 'M' 'M' 'M' 'U' 'M' 'U' 'M' 'M' 'M' 'M'
 'M' 'M' 'M' 'M' 'U' 'M' 'M' 'M' 'M' 'M' 'M' 'M' 'U' 'M' 'U' 'M' 'M' 'M'
 'M' 'M' 'M' 'M' 'M' 'M' 'U' 'M' 'U' 'M' 'M' 'M' 'M' 'M' 'M' 'M' 'M' 'U'
 'U' 'M' 'M' 'A' 'M' 'M' 'M' 'M' 'M' 'M' 'M' 'M' 'U' 'M' 'U' 'M' 'U' 'M']"
416001,0,160,4,156,38,0,0,"['A' 'M' 'U' 'U' 'M' 'M' 'M' 'U' 'M' 'M' 'U' 'M' 'M' 'M' 'M' 'M' 'M' 'M'
 'M' 'M' 'M' 'U' 'M' 'M' 'M' 'A' 'U' 'M' 'M' 'U' 'M' 'M' 'U' 'U' 'U' 'M'
 'M' 'M' 'M' 'M' 'M' 'M' 'M' 'U' 'M' 'U' 'M' 'M' 'M' 'U' 'M' 'M' 'U' 'M'
 'M' 'M' 'M' 'M' 'M' 'M' 'U' 'M' 'U' 'M' 'M' 'M' 'M' 'M' 'M' 'M' 'M' 'M'
 'U' 'M' 'M' 'M' 'M' 'M' 'M' 'M' 'M' 'M' 'M' 'M' 'U' 'U' 'M' 'M' 'M' 'M'
 'M' 'U' 'U' 'M' 'M' 'M' 'M' 'M' 'M' 'M' 'M' 'M' 'M' 'M' 'M' 'M' 'M' 'M'
 'U' 'M' 'M' 'U' 'M' 'A' 'U' 'M' 'M' 'M' 'M' 'M' 'U' 'M' 'M' 'M' 'M' 'M'
 'M' 'M' 'M' 'M' 'M' 'M' 'M' 'M' 'M' 'M' 'M' 'M' 'M' 'U' 'U' 'M' 'M' 'M'
 'M' 'M' 'M' 'M' 'U' 'M' 'M' 'M' 'M' 'M' 'M' 'M' 'U' 'M' 'U' 'M' 'M' 'M'
 'M' 'M' 'M' 'M' 'M' 'M' 'U' 'U' 'U' 'M' 'M' 'M' 'M' 'M' 'M' 'M' 'M' 'U'
 'U' 'M' 'U' 'A' 'M' 'M' 'M' 'M' 'M' 'M' 'M' 'M' 'U' 'M' 'M' 'M' 'U' 'M']"
416101,0,161,5,156,37,0,0,"['A' 'M' 'U' 'M' 'M' 'M' 'M' 'M' 'M' 'M' 'M' 'M' 'M' 'M' 'M' 'M' 'M' 'M'
 'M' 'M' 'M' 'U' 'M' 'M' 'M' 'A' 'U' 'M' 'M' 'M' 'M' 'M' 'U' 'M' 'U' 'M'
 'M' 'M' 'M' 'M' 'M' 'M' 'M' 'U' 'M' 'U' 'M' 'M' 'M' 'A' 'M' 'M' 'U' 'M'
 'M' 'M' 'M' 'M' 'M' 'M' 'U' 'M' 'U' 'M' 'M' 'M' 'M' 'M' 'M' 'M' 'U' 'M'
 'M' 'M' 'M' 'U' 'U' 'M' 'U' 'M' 'M' 'M' 'M' 'U' 'M' 'M' 'M' 'M' 'M' 'M'
 'M' 'M' 'M' 'M' 'M' 'M' 'U' 'M' 'M' 'M' 'M' 'M' 'M' 'M' 'M' 'U' 'M' 'M'
 'U' 'M' 'M' 'U' 'M' 'U' 'U' 'M' 'M' 'M' 'M' 'M' 'U' 'M' 'M' 'M' 'M' 'M'
 'M' 'U' 'M' 'M' 'U' 'M' 'M' 'M' 'M' 'M' 'M' 'M' 'M' 'U' 'U' 'M' 'M' 'M'
 'M' 'M' 'M' 'M' 'M' 'M' 'M' 'M' 'M' 'U' 'M' 'M' 'M' 'U' 'A' 'M' 'M' 'M'
 'M' 'M' 'M' 'M' 'M' 'M' 'U' 'U' 'M' 'U' 'M' 'M' 'M' 'M' 'M' 'M' 'M' 'U'
 'M' 'M' 'U' 'A' 'U' 'M' 'M' 'M' 'M' 'M' 'M' 'M' 'U' 'M' 'M' 'M' 'U' 'U']"
416201,0,159,5,154,39,0,0,"['A' 'M' 'M' 'M' 'M' 'M' 'M' 'M' 'M' 'M' 'M' 'M' 'M' 'M' 'M' 'M' 'M' 'M'
 'M' 'M' 'M' 'U' 'M' 'M' 'M' 'U' 'M' 'M' 'M' 'M' 'M' 'U' 'U' 'M' 'U' 'U'
 'M' 'M' 'M' 'M' 'M' 'M' 'U' 'U' 'M' 'M' 'M' 'M' 'M' 'A' 'M' 'M' 'M' 'U'
 'M' 'M' 'M' 'M' 'M' 'M' 'U' 'M' 'U' 'M' 'M' 'M' 'U' 'M' 'M' 'M' 'M' 'M'
 'M' 'M' 'M' 'M' 'M' 'M' 'U' 'M' 'U' 'M' 'M' 'M' 'M' 'U' 'M' 'M' 'M' 'M'
 'M' 'M' 'M' 'M' 'U' 'M' 'U' 'M' 'M' 'M' 'M' 'M' 'M' 'M' 'M' 'M' 'M' 'M'
 'U' 'M' 'M' 'M' 'M' 'U' 'U' 'M' 'M' 'M' 'M' 'M' 'M' 'M' 'M' 'M' 'M' 'U'
 'M' 'U' 'M' 'M' 'U' 'U' 'M' 'U' 'M' 'U' 'M' 'M' 'M' 'U' 'A' 'M' 'M' 'M'
 'M' 'M' 'M' 'M' 'M' 'M' 'M' 'M' 'M' 'U' 'M' 'M' 'M' 'U' 'U' 'M' 'M' 'M'
 'M' 'M' 'M' 'M' 'M' 'M' 'U' 'U' 'M' 'U' 'M' 'M' 'M' 'M' 'M' 'M' 'M' 'U'
 'M' 'M' 'U' 'A' 'U' 'M' 'M' 'M' 'M' 'U' 'M' 'M' 'U' 'M' 'M' 'M' 'A' 'U']"
416301,0,157,3,154,41,0,0,"['A' 'M' 'M' 'M' 'M' 'M' 'M' 'M' 'M' 'M' 'M' 'U' 'M' 'M' 'M' 'M' 'M' 'M'
 'M' 'M' 'M' 'U' 'M' 'M' 'M' 'M' 'M' 'M' 'M' 'M' 'M' 'M' 'U' 'M' 'U' 'U'
 'M' 'U' 'M' 'M' 'M' 'M' 'U' 'U' 'M' 'M' 'M' 'M' 'M' 'U' 'M' 'M' 'M' 'U'
 'M' 'M' 'M' 'M' 'U' 'M' 'U' 'M' 'U' 'M' 'M' 'M' 'M' 'U' 'M' 'M' 'U' 'M'
 'M' 'M' 'M' 'M' 'M' 'U' 'U' 'M' 'M' 'M' 'M' 'M' 'U' 'M' 'M' 'M' 'M' 'M'
 'M' 'M' 'M' 'M' 'M' 'M' 'U' 'M' 'M' 'M' 'M' 'M' 'M' 'M' 'M' 'M' 'M' 'M'
 'U' 'M' 'M' 'M' 'M' 'U' 'U' 'M' 'M' 'M' 'M' 'M' 'M' 'M' 'M' 'M' 'M' 'U'
 'M' 'U' 'M' 'U' 'M' 'U' 'U' 'U' 'U' 'U' 'U' 'U' 'U' 'U' 'A' 'M' 'M' 'M'
 'M' 'M' 'M' 'M' 'M' 'U' 'M' 'M' 'M' 'U' 'M' 'M' 'M' 'M' 'M' 'M' 'M' 'M'
 'M' 'M' 'M' 'M' 'M' 'M' 'M' 'U' 'M' 'M' 'M' 'M' 'M' 'M' 'M' 'M' 'M' 'M'
 'M' 'M' 'U' 'U' 'M' 'M' 'M' 'M' 'M' 'U' 'M' 'M' 'U' 'M' 'M' 'M' 'A' 'M']"
416401,2,162,5,157,36,1,0,"['A' 'M' 'M' 'M' 'M' 'M' 'M' 'M' 'M' 'M' 'M' 'M' 'M' 'M' 'M' 'M' 'M' 'M'
 'M' 'M' 'M' 'U' 'M' 'M' 'M' 'M' 'M' 'M' 'M' 'M' 'M' 'M' 'A' 'M' 'U' 'U'
 'M' 'U' 'U' 'M' 'M' 'M' 'A' 'U' 'M' 'M' 'M' 'M' 'M' 'M' 'M' 'M' 'M' 'U'
 'M' 'M' 'M' 'M' 'U' 'M' 'M' 'M' 'M' 'M' 'M' 'M' 'M' 'M' 'M' 'M' 'U' 'M'
 'U' 'M' 'M' 'U' 'M' 'M' 'M' 'M' 'M' 'M' 'M' 'M' 'U' 'M' 'M' 'M' 'U' 'M'
 'M' 'M' 'M' 'M' 'M' 'M' 'U' 'M' 'M' 'M' 'M' 'M' 'M' 'U' 'M' 'M' 'M' 'M'
 'U' 'U' 'M' 'M' 'M' 'U' 'U' 'M' 'M' 'M' 'M' 'M' 'M' 'M' 'M' 'M' 'M' 'U'
 'M' 'U' 'M' 'M' 'M' 'U' 'U' 'U' 'U' 'U' 'U' 'U' 'U' 'M' 'A' 'M' 'M' 'M'
 'M' 'M' 'M' 'M' 'M' 'M' 'M' 'M' 'M' 'U' 'M' 'U' 'M' 'M' 'M' 'M' 'M' 'M'
 'M' 'M' 'M' 'M' 'M' 'M' 'M' 'U' 'M' 'M' 'M' 'M' 'M' 'M' 'M' 'M' 'M' 'M'
 'M' 'M' 'U' 'U' 'M' 'M' 'M' 'U' 'M' 'U' 'M' 'M' 'M' 'M' 'M' 'M' 'A' 'M']"
416501,0,168,9,159,30,0,0,"['A' 'M' 'M' 'M' 'M' 'M' 'M' 'M' 'M' 'M' 'M' 'M' 'M' 'M' 'M' 'M' 'M' 'M'
 'M' 'M' 'M' 'M' 'M' 'M' 'M' 'M' 'M' 'M' 'M' 'M' 'M' 'M' 'A' 'M' 'A' 'M'
 'M' 'U' 'A' 'M' 'M' 'M' 'A' 'U' 'M' 'M' 'M' 'M' 'M' 'M' 'M' 'M' 'M' 'M'
 'M' 'M' 'M' 'M' 'U' 'M' 'M' 'M' 'M' 'M' 'M' 'M' 'M' 'M' 'M' 'U' 'U' 'M'
 'M' 'M' 'M' 'M' 'M' 'M' 'M' 'M' 'U' 'M' 'M' 'M' 'M' 'M' 'M' 'M' 'M' 'M'
 'M' 'M' 'U' 'M' 'U' 'M' 'U' 'M' 'M' 'M' 'M' 'M' 'M' 'U' 'M' 'M' 'M' 'M'
 'M' 'U' 'U' 'M' 'M' 'U' 'A' 'M' 'M' 'M' 'M' 'M' 'M' 'M' 'M' 'M' 'M' 'A'
 'M' 'U' 'M' 'M' 'M' 'U' 'M' 'U' 'M' 'U' 'U' 'U' 'U' 'U' 'A' 'U' 'M' 'M'
 'M' 'M' 'M' 'M' 'M' 'M' 'M' 'M' 'M' 'U' 'U' 'U' 'M' 'M' 'M' 'M' 'M' 'M'
 'M' 'M' 'M' 'U' 'M' 'M' 'M' 'U' 'M' 'M' 'M' 'M' 'M' 'M' 'M' 'M' 'M' 'M'
 'M' 'M' 'U' 'U' 'M' 'M' 'M' 'M' 'M' 'U' 'M' 'M' 'M' 'M' 'M' 'M' 'A' 'M']"
416601,0,170,10,160,28,0,0,"['A' 'M' 'M' 'M' 'M' 'M' 'M' 'M' 'M' 'M' 'M' 'M' 'M' 'M' 'M' 'M' 'M' 'M'
 'M' 'U' 'M' 'M' 'M' 'M' 'M' 'M' 'M' 'M' 'M' 'M' 'M' 'M' 'A' 'M' 'A' 'M'
 'U' 'U' 'A' 'M' 'M' 'M' 'A' 'M' 'M' 'U' 'M' 'M' 'M' 'M' 'M' 'M' 'M' 'M'
 'M' 'M' 'M' 'M' 'M' 'M' 'U' 'M' 'M' 'M' 'M' 'U' 'M' 'M' 'M' 'M' 'U' 'M'
 'M' 'M' 'M' 'M' 'M' 'M' 'M' 'U' 'M' 'M' 'M' 'M' 'M' 'M' 'U' 'M' 'M' 'M'
 'M' 'M' 'M' 'U' 'M' 'M' 'M' 'M' 'U' 'M' 'M' 'M' 'M' 'M' 'M' 'M' 'M' 'M'
 'M' 'U' 'M' 'M' 'M' 'U' 'A' 'M' 'M' 'M' 'M' 'M' 'M' 'M' 'M' 'M' 'M' 'A'
 'M' 'U' 'M' 'M' 'M' 'U' 'U' 'U' 'M' 'M' 'U' 'U' 'A' 'M' 'A' 'M' 'M' 'M'
 'M' 'M' 'M' 'U' 'M' 'M' 'M' 'M' 'U' 'U' 'M' 'U' 'M' 'M' 'M' 'M' 'M' 'M'
 'M' 'M' 'M' 'U' 'M' 'M' 'M' 'U' 'M' 'M' 'M' 'M' 'M' 'M' 'M' 'M' 'M' 'M'
 'M' 'M' 'A' 'U' 'M' 'M' 'M' 'M' 'M' 'U' 'M' 'M' 'M' 'M' 'M' 'M' 'U' 'M']"
416701,0,165,6,159,33,0,0,"['A' 'M' 'M' 'M' 'M' 'M' 'M' 'M' 'M' 'M' 'M' 'M' 'M' 'M' 'M' 'M' 'M' 'M'
 'M' 'U' 'M' 'M' 'M' 'M' 'U' 'M' 'U' 'M' 'M' 'M' 'M' 'M' 'A' 'M' 'A' 'U'
 'M' 'M' 'U' 'M' 'M' 'M' 'M' 'U' 'M' 'M' 'M' 'M' 'M' 'M' 'M' 'M' 'M' 'M'
 'M' 'M' 'M' 'M' 'M' 'U' 'U' 'M' 'M' 'M' 'M' 'M' 'M' 'M' 'M' 'M' 'M' 'M'
 'M' 'U' 'U' 'M' 'M' 'M' 'M' 'M' 'M' 'M' 'M' 'M' 'U' 'M' 'M' 'U' 'M' 'U'
 'M' 'M' 'M' 'M' 'M' 'M' 'M' 'M' 'U' 'M' 'M' 'M' 'M' 'M' 'M' 'M' 'M' 'U'
 'M' 'M' 'M' 'M' 'M' 'M' 'U' 'M' 'M' 'M' 'M' 'M' 'M' 'M' 'M' 'U' 'M' 'A'
 'M' 'U' 'M' 'M' 'M' 'M' 'U' 'U' 'M' 'M' 'U' 'U' 'A' 'M' 'A' 'M' 'M' 'M'
 'M' 'U' 'M' 'U' 'M' 'M' 'M' 'M' 'U' 'M' 'M' 'U' 'M' 'M' 'M' 'M' 'M' 'M'
 'U' 'M' 'M' 'U' 'M' 'M' 'M' 'U' 'M' 'U' 'M' 'M' 'U' 'M' 'M' 'M' 'M' 'M'
 'M' 'M' 'M' 'M' 'M' 'M' 'M' 'U' 'M' 'M' 'M' 'M' 'M' 'M' 'M' 'M' 'U' 'M']"
416801,0,159,8,151,39,0,0,"['A' 'M' 'M' 'M' 'M' 'M' 'M' 'M' 'M' 'U' 'M' 'M' 'M' 'M' 'M' 'M' 'M' 'M'
 'M' 'U' 'M' 'M' 'M' 'M' 'U' 'M' 'M' 'M' 'M' 'M' 'M' 'M' 'A' 'M' 'A' 'U'
 'U' 'M' 'U' 'M' 'M' 'M' 'M' 'U' 'M' 'M' 'M' 'M' 'M' 'M' 'M' 'M' 'M' 'M'
 'M' 'U' 'M' 'M' 'M' 'M' 'U' 'M' 'U' 'M' 'M' 'M' 'M' 'M' 'M' 'M' 'M' 'M'
 'M' 'M' 'M' 'M' 'M' 'M' 'U' 'U' 'M' 'M' 'M' 'M' 'U' 'M' 'M' 'M' 'M' 'M'
 'M' 'U' 'M' 'U' 'M' 'M' 'M' 'U' 'A' 'U' 'M' 'M' 'M' 'M' 'M' 'M' 'M' 'U'
 'U' 'M' 'M' 'M' 'M' 'M' 'U' 'M' 'M' 'M' 'M' 'U' 'M' 'U' 'M' 'U' 'M' 'A'
 'M' 'U' 'M' 'U' 'M' 'M' 'M' 'U' 'M' 'M' 'U' 'U' 'A' 'M' 'A' 'M' 'M' 'M'
 'M' 'U' 'M' 'U' 'M' 'M' 'M' 'M' 'U' 'U' 'M' 'U' 'M' 'M' 'M' 'M' 'M' 'U'
 'U' 'M' 'M' 'M' 'M' 'M' 'M' 'A' 'U' 'M' 'M' 'M' 'U' 'M' 'M' 'M' 'M' 'M'
 'M' 'M' 'M' 'M' 'M' 'M' 'M' 'U' 'M' 'M' 'M' 'M' 'U' 'M' 'M' 'M' 'M' 'M']"
416901,0,164,8,156,34,0,0,"['A' 'M' 'M' 'M' 'M' 'M' 'M' 'M' 'M' 'M' 'M' 'M' 'M' 'M' 'M' 'M' 'M' 'U'
 'M' 'U' 'M' 'M' 'M' 'M' 'U' 'M' 'M' 'M' 'M' 'M' 'M' 'U' 'A' 'M' 'A' 'A'
 'M' 'M' 'U' 'M' 'M' 'U' 'M' 'M' 'M' 'M' 'M' 'U' 'M' 'U' 'M' 'M' 'M' 'M'
 'M' 'U' 'M' 'M' 'M' 'M' 'U' 'M' 'U' 'M' 'M' 'U' 'M' 'M' 'M' 'M' 'M' 'M'
 'M' 'U' 'M' 'M' 'M' 'M' 'M' 'M' 'M' 'M' 'M' 'M' 'M' 'M' 'U' 'M' 'M' 'M'
 'M' 'U' 'U' 'M' 'M' 'M' 'M' 'M' 'A' 'M' 'M' 'M' 'M' 'M' 'M' 'M' 'M' 'M'
 'U' 'M' 'M' 'M' 'M' 'M' 'U' 'M' 'M' 'M' 'M' 'U' 'M' 'M' 'M' 'M' 'M' 'A'
 'M' 'M' 'M' 'U' 'M' 'M' 'M' 'M' 'M' 'M' 'U' 'U' 'U' 'M' 'A' 'M' 'M' 'M'
 'M' 'U' 'M' 'U' 'M' 'M' 'M' 'M' 'U' 'U' 'M' 'M' 'M' 'M' 'M' 'M' 'M' 'U'
 'U' 'M' 'M' 'M' 'M' 'M' 'M' 'A' 'M' 'M' 'M' 'M' 'U' 'M' 'M' 'M' 'M' 'M'
 'M' 'M' 'M' 'M' 'M' 'M' 'M' 'U' 'U' 'M' 'U' 'M' 'U' 'M' 'M' 'M' 'M' 'M']"
417001,0,164,6,158,34,0,0,"['A' 'M' 'M' 'M' 'M' 'M' 'M' 'M' 'M' 'M' 'M' 'M' 'M' 'M' 'M' 'M' 'U' 'U'
 'M' 'U' 'M' 'M' 'M' 'M' 'U' 'M' 'M' 'U' 'M' 'M' 'M' 'U' 'A' 'M' 'U' 'A'
 'M' 'M' 'U' 'M' 'M' 'M' 'M' 'M' 'M' 'M' 'M' 'U' 'M' 'U' 'M' 'M' 'M' 'M'
 'M' 'U' 'M' 'M' 'M' 'M' 'U' 'U' 'U' 'M' 'M' 'M' 'M' 'M' 'U' 'M' 'M' 'M'
 'U' 'U' 'M' 'M' 'M' 'M' 'M' 'M' 'U' 'M' 'M' 'M' 'U' 'M' 'M' 'M' 'M' 'M'
 'M' 'M' 'M' 'M' 'M' 'M' 'M' 'M' 'A' 'M' 'M' 'M' 'M' 'M' 'M' 'M' 'M' 'M'
 'U' 'M' 'M' 'M' 'M' 'M' 'U' 'M' 'M' 'M' 'M' 'M' 'M' 'M' 'M' 'M' 'U' 'A'
 'M' 'M' 'M' 'M' 'M' 'M' 'M' 'M' 'M' 'M' 'U' 'U' 'U' 'M' 'A' 'M' 'M' 'M'
 'M' 'M' 'M' 'U' 'M' 'M' 'M' 'M' 'U' 'U' 'M' 'M' 'M' 'M' 'M' 'M' 'M' 'U'
 'U' 'M' 'M' 'U' 'M' 'M' 'M' 'U' 'M' 'M' 'M' 'M' 'U' 'M' 'M' 'M' 'M' 'M'
 'M' 'M' 'M' 'M' 'M' 'M' 'M' 'M' 'M' 'M' 'U' 'M' 'M' 'M' 'M' 'M' 'M' 'M']"
417101,1,156,7,149,42,0,0,"['A' 'M' 'M' 'M' 'M' 'M' 'M' 'M' 'M' 'M' 'M' 'M' 'M' 'M' 'U' 'M' 'U' 'U'
 'U' 'U' 'M' 'M' 'M' 'M' 'U' 'M' 'M' 'U' 'M' 'M' 'U' 'U' 'A' 'U' 'M' 'A'
 'M' 'M' 'U' 'M' 'M' 'M' 'M' 'M' 'M' 'M' 'M' 'U' 'M' 'U' 'M' 'M' 'M' 'M'
 'M' 'U' 'M' 'M' 'M' 'M' 'U' 'M' 'U' 'M' 'M' 'M' 'M' 'M' 'M' 'M' 'M' 'M'
 'U' 'U' 'M' 'U' 'M' 'M' 'M' 'M' 'U' 'M' 'U' 'M' 'M' 'M' 'M' 'M' 'M' 'M'
 'M' 'M' 'M' 'M' 'M' 'M' 'M' 'M' 'U' 'M' 'M' 'M' 'M' 'M' 'M' 'M' 'M' 'M'
 'U' 'M' 'M' 'M' 'M' 'U' 'M' 'M' 'U' 'M' 'M' 'M' 'M' 'M' 'M' 'M' 'A' 'A'
 'M' 'M' 'M' 'M' 'M' 'M' 'U' 'U' 'U' 'U' 'U' 'U' 'U' 'M' 'A' 'M' 'M' 'M'
 'M' 'M' 'U' 'U' 'M' 'M' 'M' 'M' 'A' 'U' 'M' 'M' 'M' 'M' 'U' 'M' 'M' 'M'
 'U' 'M' 'M' 'U' 'M' 'M' 'M' 'M' 'M' 'M' 'M' 'M' 'U' 'U' 'M' 'M' 'U' 'M'
 'M' 'M' 'M' 'M' 'M' 'M' 'M' 'M' 'M' 'M' 'U' 'M' 'M' 'M' 'M' 'M' 'M' 'M']"
417201,0,154,6,148,44,0,0,"['A' 'M' 'M' 'M' 'M' 'M' 'M' 'M' 'M' 'M' 'M' 'M' 'M' 'M' 'U' 'M' 'U' 'U'
 'U' 'U' 'M' 'M' 'M' 'M' 'U' 'M' 'M' 'U' 'M' 'M' 'U' 'U' 'M' 'U' 'M' 'A'
 'M' 'M' 'A' 'M' 'M' 'M' 'M' 'M' 'M' 'U' 'M' 'M' 'M' 'U' 'M' 'M' 'M' 'M'
 'M' 'U' 'U' 'M' 'M' 'M' 'U' 'M' 'U' 'M' 'M' 'M' 'M' 'U' 'U' 'M' 'M' 'M'
 'M' 'M' 'M' 'M' 'M' 'M' 'M' 'M' 'M' 'U' 'M' 'M' 'M' 'M' 'M' 'M' 'U' 'M'
 'M' 'M' 'M' 'U' 'M' 'M' 'M' 'M' 'M' 'U' 'M' 'M' 'M' 'M' 'M' 'M' 'M' 'M'
 'U' 'M' 'M' 'M' 'M' 'U' 'M' 'M' 'U' 'M' 'M' 'M' 'M' 'M' 'M' 'M' 'U' 'A'
 'M' 'M' 'M' 'M' 'U' 'U' 'U' 'U' 'U' 'U' 'M' 'U' 'U' 'M' 'A' 'M' 'M' 'M'
 'M' 'M' 'M' 'U' 'M' 'M' 'M' 'M' 'A' 'U' 'M' 'M' 'M' 'M' 'U' 'M' 'M' 'M'
 'U' 'M' 'M' 'U' 'M' 'M' 'M' 'M' 'U' 'M' 'M' 'M' 'M' 'U' 'M' 'M' 'U' 'M'
 'M' 'M' 'M' 'M' 'M' 'M' 'M' 'M' 'M' 'M' 'U' 'M' 'M' 'M' 'M' 'M' 'M' 'U']"
417301,0,152,7,145,46,0,0,"['A' 'M' 'M' 'M' 'M' 'M' 'M' 'M' 'M' 'M' 'M' 'M' 'M' 'M' 'M' 'M' 'U' 'U'
 'U' 'U' 'M' 'M' 'M' 'M' 'U' 'M' 'M' 'U' 'M' 'M' 'U' 'A' 'M' 'U' 'M' 'A'
 'M' 'M' 'A' 'U' 'U' 'M' 'M' 'M' 'M' 'U' 'M' 'M' 'M' 'U' 'M' 'M' 'M' 'M'
 'M' 'U' 'U' 'M' 'M' 'M' 'U' 'M' 'U' 'M' 'M' 'M' 'M' 'M' 'M' 'M' 'M' 'U'
 'M' 'M' 'M' 'U' 'M' 'M' 'M' 'M' 'M' 'M' 'M' 'M' 'U' 'M' 'U' 'U' 'M' 'M'
 'M' 'M' 'M' 'M' 'M' 'M' 'M' 'M' 'M' 'U' 'M' 'M' 'M' 'M' 'M' 'M' 'M' 'M'
 'U' 'M' 'M' 'M' 'M' 'U' 'M' 'M' 'U' 'M' 'M' 'M' 'M' 'M' 'M' 'M' 'U' 'A'
 'M' 'M' 'M' 'M' 'U' 'U' 'U' 'U' 'U' 'U' 'U' 'U' 'U' 'M' 'A' 'M' 'M' 'M'
 'M' 'M' 'M' 'M' 'M' 'M' 'M' 'M' 'A' 'U' 'M' 'M' 'M' 'M' 'M' 'M' 'U' 'U'
 'U' 'M' 'M' 'U' 'M' 'M' 'M' 'M' 'M' 'M' 'M' 'M' 'M' 'U' 'U' 'M' 'U' 'M'
 'U' 'M' 'M' 'M' 'M' 'M' 'M' 'M' 'M' 'M' 'U' 'M' 'M' 'M' 'M' 'U' 'M' 'M']"
417401,0,154,7,147,44,0,0,"['A' 'M' 'M' 'M' 'M' 'M' 'M' 'M' 'M' 'U' 'M' 'M' 'M' 'M' 'M' 'M' 'U' 'U'
 'U' 'U' 'M' 'M' 'M' 'M' 'U' 'M' 'M' 'U' 'M' 'M' 'U' 'A' 'M' 'U' 'M' 'A'
 'M' 'M' 'U' 'U' 'M' 'M' 'M' 'M' 'M' 'U' 'M' 'M' 'M' 'U' 'M' 'M' 'M' 'M'
 'M' 'M' 'U' 'M' 'M' 'M' 'U' 'M' 'U' 'M' 'M' 'M' 'M' 'M' 'M' 'M' 'U' 'M'
 'U' 'M' 'M' 'U' 'M' 'M' 'M' 'M' 'M' 'U' 'M' 'M' 'M' 'U' 'M' 'M' 'M' 'M'
 'M' 'M' 'M' 'M' 'M' 'M' 'M' 'M' 'M' 'U' 'M' 'M' 'M' 'M' 'M' 'M' 'M' 'M'
 'M' 'M' 'M' 'M' 'M' 'U' 'M' 'M' 'U' 'M' 'M' 'M' 'M' 'M' 'M' 'M' 'M' 'A'
 'U' 'M' 'M' 'M' 'U' 'U' 'U' 'U' 'U' 'A' 'U' 'U' 'U' 'M' 'A' 'U' 'M' 'M'
 'M' 'M' 'M' 'M' 'M' 'M' 'M' 'M' 'A' 'M' 'M' 'M' 'M' 'M' 'M' 'M' 'U' 'U'
 'U' 'M' 'U' 'U' 'M' 'M' 'M' 'M' 'M' 'U' 'M' 'M' 'M' 'U' 'U' 'M' 'M' 'M'
 'U' 'M' 'M' 'U' 'M' 'M' 'M' 'M' 'M' 'M' 'M' 'M' 'M' 'M' 'M' 'M' 'M' 'M']"
417501,0,153,5,148,45,0,0,"['A' 'M' 'U' 'M' 'M' 'M' 'M' 'M' 'M' 'M' 'M' 'M' 'M' 'M' 'M' 'M' 'M' 'M'
 'U' 'M' 'M' 'M' 'M' 'M' 'U' 'M' 'M' 'A' 'M' 'M' 'U' 'U' 'M' 'M' 'M' 'U'
 'M' 'M' 'M' 'U' 'U' 'M' 'M' 'M' 'M' 'M' 'M' 'U' 'M' 'U' 'M' 'U' 'M' 'M'
 'M' 'M' 'U' 'M' 'M' 'M' 'U' 'M' 'U' 'M' 'M' 'M' 'M' 'M' 'M' 'M' 'M' 'M'
 'M' 'U' 'M' 'M' 'M' 'M' 'M' 'U' 'M' 'M' 'M' 'U' 'M' 'M' 'M' 'U' 'M' 'U'
 'M' 'M' 'M' 'M' 'M' 'M' 'M' 'M' 'M' 'U' 'M' 'M' 'M' 'M' 'M' 'M' 'M' 'M'
 'M' 'U' 'M' 'M' 'M' 'U' 'M' 'M' 'U' 'M' 'M' 'M' 'M' 'M' 'M' 'U' 'M' 'U'
 'U' 'M' 'M' 'M' 'U' 'U' 'U' 'U' 'U' 'A' 'U' 'U' 'U' 'M' 'A' 'U' 'M' 'M'
 'M' 'M' 'M' 'M' 'M' 'M' 'M' 'M' 'A' 'M' 'M' 'M' 'M' 'M' 'M' 'M' 'M' 'M'
 'U' 'M' 'U' 'U' 'M' 'U' 'M' 'M' 'M' 'U' 'M' 'M' 'M' 'U' 'U' 'M' 'M' 'M'
 'U' 'M' 'M' 'U' 'M' 'M' 'M' 'M' 'M' 'U' 'M' 'M' 'M' 'M' 'M' 'M' 'M' 'M']"
417601,0,157,5,152,41,0,0,"['A' 'M' 'U' 'M' 'M' 'M' 'M' 'M' 'M' 'M' 'M' 'M' 'M' 'M' 'M' 'M' 'M' 'M'
 'M' 'M' 'M' 'M' 'M' 'M' 'M' 'M' 'M' 'U' 'M' 'M' 'A' 'U' 'M' 'M' 'M' 'U'
 'M' 'M' 'M' 'U' 'U' 'M' 'M' 'M' 'M' 'M' 'M' 'U' 'M' 'M' 'M' 'U' 'M' 'M'
 'U' 'M' 'U' 'M' 'M' 'M' 'A' 'M' 'U' 'M' 'M' 'M' 'M' 'U' 'M' 'M' 'U' 'M'
 'M' 'M' 'M' 'M' 'M' 'M' 'M' 'M' 'U' 'M' 'M' 'U' 'M' 'M' 'M' 'M' 'M' 'M'
 'M' 'M' 'M' 'U' 'M' 'M' 'M' 'M' 'M' 'M' 'M' 'M' 'M' 'M' 'M' 'M' 'M' 'M'
 'M' 'U' 'M' 'M' 'M' 'U' 'U' 'U' 'U' 'M' 'M' 'M' 'U' 'M' 'M' 'U' 'M' 'U'
 'U' 'M' 'M' 'M' 'M' 'M' 'M' 'M' 'U' 'A' 'U' 'U' 'U' 'M' 'A' 'U' 'M' 'M'
 'M' 'M' 'M' 'M' 'M' 'M' 'M' 'M' 'U' 'M' 'M' 'M' 'M' 'M' 'M' 'M' 'M' 'M'
 'M' 'M' 'U' 'U' 'M' 'U' 'M' 'M' 'M' 'U' 'M' 'U' 'M' 'U' 'U' 'M' 'U' 'M'
 'U' 'M' 'M' 'M' 'M' 'M' 'M' 'M' 'M' 'M' 'M' 'M' 'M' 'M' 'M' 'U' 'M' 'M']"
417701,0,162,5,157,36,0,0,"['A' 'M' 'M' 'M' 'M' 'M' 'M' 'M' 'M' 'M' 'M' 'M' 'M' 'M' 'M' 'M' 'M' 'M'
 'M' 'M' 'U' 'M' 'M' 'M' 'M' 'M' 'M' 'U' 'M' 'M' 'A' 'M' 'M' 'M' 'M' 'M'
 'M' 'M' 'M' 'M' 'U' 'M' 'M' 'M' 'M' 'M' 'M' 'U' 'M' 'M' 'M' 'U' 'M' 'M'
 'U' 'M' 'U' 'M' 'M' 'M' 'A' 'M' 'M' 'M' 'M' 'M' 'M' 'M' 'U' 'M' 'U' 'M'
 'M' 'M' 'M' 'U' 'M' 'U' 'M' 'M' 'M' 'M' 'M' 'M' 'M' 'M' 'M' 'M' 'M' 'M'
 'M' 'U' 'M' 'M' 'M' 'M' 'M' 'M' 'M' 'M' 'M' 'M' 'M' 'M' 'M' 'M' 'M' 'M'
 'M' 'U' 'M' 'M' 'M' 'M' 'U' 'U' 'U' 'M' 'M' 'M' 'U' 'M' 'M' 'U' 'M' 'U'
 'U' 'M' 'U' 'M' 'M' 'M' 'M' 'M' 'U' 'A' 'U' 'U' 'M' 'M' 'A' 'U' 'M' 'M'
 'M' 'M' 'M' 'M' 'M' 'M' 'M' 'M' 'U' 'M' 'M' 'M' 'M' 'M' 'M' 'M' 'M' 'M'
 'M' 'M' 'U' 'U' 'M' 'U' 'M' 'M' 'M' 'M' 'M' 'U' 'M' 'U' 'U' 'M' 'U' 'M'
 'U' 'M' 'M' 'M' 'M' 'M' 'M' 'M' 'M' 'U' 'M' 'M' 'M' 'M' 'M' 'U' 'M' 'M']"
417801,0,158,5,153,40,0,0,"['A' 'M' 'M' 'M' 'M' 'M' 'M' 'M' 'M' 'M' 'M' 'M' 'U' 'M' 'M' 'M' 'M' 'M'
 'M' 'M' 'M' 'M' 'M' 'M' 'M' 'U' 'M' 'U' 'M' 'M' 'A' 'M' 'M' 'M' 'M' 'M'
 'M' 'M' 'M' 'M' 'M' 'M' 'M' 'M' 'M' 'M' 'M' 'M' 'M' 'M' 'M' 'U' 'M' 'M'
 'U' 'M' 'U' 'U' 'M' 'M' 'A' 'M' 'M' 'M' 'M' 'M' 'U' 'M' 'M' 'M' 'U' 'M'
 'M' 'M' 'M' 'M' 'M' 'U' 'M' 'M' 'M' 'U' 'M' 'M' 'U' 'M' 'M' 'M' 'M' 'M'
 'M' 'M' 'M' 'M' 'M' 'M' 'M' 'M' 'M' 'M' 'M' 'M' 'M' 'M' 'M' 'M' 'M' 'U'
 'M' 'U' 'M' 'M' 'M' 'M' 'U' 'U' 'U' 'M' 'M' 'M' 'U' 'M' 'U' 'U' 'U' 'U'
 'U' 'M' 'U' 'U' 'U' 'M' 'M' 'M' 'A' 'U' 'M' 'U' 'M' 'M' 'A' 'U' 'M' 'U'
 'M' 'M' 'M' 'M' 'M' 'M' 'M' 'M' 'U' 'M' 'M' 'M' 'M' 'M' 'M' 'M' 'M' 'M'
 'M' 'M' 'M' 'U' 'M' 'U' 'U' 'M' 'M' 'M' 'M' 'M' 'M' 'U' 'U' 'M' 'M' 'M'
 'U' 'M' 'M' 'M' 'M' 'M' 'M' 'M' 'M' 'U' 'M' 'M' 'M' 'U' 'M' 'U' 'M' 'M']"
417901,0,156,5,151,42,0,0,"['A' 'M' 'M' 'M' 'M' 'M' 'M' 'U' 'M' 'M' 'U' 'M' 'U' 'M' 'M' 'M' 'M' 'U'
 'M' 'M' 'M' 'M' 'M' 'M' 'M' 'M' 'M' 'U' 'M' 'M' 'A' 'M' 'M' 'M' 'M' 'M'
 'M' 'M' 'M' 'M' 'M' 'M' 'M' 'M' 'U' 'M' 'M' 'M' 'M' 'M' 'M' 'M' 'M' 'M'
 'U' 'M' 'U' 'U' 'U' 'M' 'A' 'M' 'M' 'M' 'M' 'M' 'M' 'M' 'M' 'M' 'U' 'U'
 'M' 'M' 'M' 'M' 'U' 'U' 'M' 'M' 'M' 'M' 'M' 'M' 'M' 'M' 'M' 'M' 'M' 'M'
 'M' 'M' 'U' 'M' 'M' 'M' 'M' 'M' 'M' 'M' 'M' 'M' 'M' 'M' 'M' 'M' 'M' 'U'
 'M' 'U' 'M' 'M' 'M' 'M' 'U' 'M' 'U' 'M' 'M' 'M' 'U' 'M' 'U' 'U' 'U' 'M'
 'A' 'M' 'U' 'U' 'U' 'U' 'U' 'U' 'M' 'U' 'M' 'M' 'U' 'M' 'A' 'M' 'M' 'M'
 'M' 'M' 'M' 'M' 'M' 'M' 'M' 'M' 'U' 'M' 'M' 'M' 'M' 'M' 'M' 'M' 'M' 'U'
 'M' 'M' 'M' 'M' 'U' 'M' 'U' 'M' 'M' 'M' 'M' 'M' 'M' 'U' 'U' 'M' 'M' 'M'
 'U' 'M' 'M' 'U' 'M' 'M' 'M' 'M' 'M' 'U' 'M' 'M' 'M' 'U' 'M' 'U' 'M' 'M']"
418001,0,151,4,147,47,0,0,"['A' 'M' 'M' 'M' 'M' 'M' 'M' 'U' 'M' 'M' 'U' 'M' 'U' 'M' 'U' 'U' 'U' 'U'
 'M' 'M' 'M' 'M' 'M' 'M' 'M' 'M' 'M' 'U' 'U' 'U' 'A' 'M' 'M' 'M' 'M' 'M'
 'M' 'M' 'M' 'M' 'M' 'M' 'M' 'M' 'U' 'M' 'M' 'U' 'M' 'M' 'M' 'U' 'M' 'M'
 'U' 'M' 'U' 'U' 'U' 'M' 'A' 'M' 'M' 'M' 'M' 'M' 'M' 'M' 'M' 'M' 'U' 'M'
 'M' 'M' 'M' 'M' 'U' 'M' 'M' 'M' 'M' 'M' 'M' 'M' 'M' 'M' 'M' 'M' 'M' 'M'
 'U' 'U' 'M' 'M' 'U' 'M' 'M' 'M' 'M' 'M' 'M' 'M' 'M' 'M' 'M' 'M' 'M' 'M'
 'M' 'U' 'M' 'M' 'M' 'M' 'U' 'M' 'M' 'M' 'M' 'M' 'U' 'M' 'U' 'U' 'U' 'M'
 'U' 'M' 'M' 'M' 'U' 'U' 'U' 'M' 'M' 'U' 'M' 'M' 'U' 'M' 'A' 'M' 'M' 'M'
 'M' 'M' 'M' 'M' 'M' 'U' 'M' 'M' 'U' 'M' 'U' 'M' 'M' 'M' 'M' 'U' 'M' 'U'
 'M' 'M' 'M' 'U' 'U' 'M' 'U' 'M' 'M' 'M' 'M' 'M' 'M' 'U' 'M' 'M' 'M' 'M'
 'U' 'M' 'M' 'U' 'M' 'M' 'M' 'M' 'M' 'U' 'M' 'M' 'M' 'M' 'M' 'U' 'M' 'M']"
418101,0,155,5,150,43,0,0,"['A' 'M' 'M' 'M' 'M' 'M' 'M' 'U' 'M' 'M' 'U' 'M' 'U' 'M' 'U' 'U' 'A' 'U'
 'M' 'M' 'M' 'M' 'M' 'M' 'M' 'M' 'M' 'U' 'U' 'U' 'A' 'M' 'M' 'M' 'M' 'M'
 'M' 'M' 'M' 'M' 'M' 'M' 'M' 'M' 'U' 'M' 'M' 'M' 'M' 'M' 'U' 'U' 'M' 'U'
 'U' 'M' 'U' 'U' 'U' 'M' 'A' 'M' 'M' 'M' 'M' 'M' 'M' 'M' 'M' 'M' 'M' 'M'
 'M' 'U' 'M' 'M' 'M' 'M' 'M' 'M' 'M' 'M' 'M' 'M' 'M' 'U' 'M' 'U' 'M' 'M'
 'M' 'U' 'M' 'U' 'M' 'M' 'M' 'M' 'M' 'M' 'M' 'M' 'M' 'M' 'M' 'M' 'M' 'M'
 'M' 'M' 'M' 'M' 'M' 'M' 'U' 'M' 'M' 'M' 'M' 'M' 'U' 'M' 'U' 'U' 'U' 'M'
 'M' 'M' 'M' 'M' 'U' 'U' 'U' 'M' 'U' 'U' 'M' 'U' 'U' 'M' 'A' 'M' 'M' 'M'
 'M' 'M' 'M' 'M' 'U' 'U' 'M' 'M' 'M' 'M' 'M' 'M' 'M' 'M' 'M' 'U' 'M' 'U'
 'M' 'M' 'M' 'U' 'M' 'M' 'U' 'M' 'M' 'M' 'M' 'M' 'M' 'M' 'M' 'M' 'M' 'M'
 'M' 'M' 'M' 'U' 'M' 'M' 'M' 'M' 'M' 'U' 'M' 'M' 'M' 'M' 'M' 'U' 'M' 'M']"
418201,0,156,5,151,42,0,0,"['A' 'M' 'M' 'M' 'M' 'M' 'M' 'U' 'M' 'U' 'U' 'M' 'U' 'M' 'U' 'U' 'A' 'M'
 'M' 'M' 'M' 'M' 'U' 'M' 'M' 'M' 'M' 'M' 'U' 'U' 'A' 'M' 'M' 'M' 'M' 'M'
 'M' 'M' 'M' 'M' 'M' 'M' 'M' 'M' 'M' 'M' 'M' 'M' 'M' 'U' 'U' 'U' 'M' 'U'
 'U' 'M' 'U' 'M' 'M' 'M' 'A' 'M' 'M' 'M' 'M' 'M' 'M' 'M' 'M' 'U' 'M' 'U'
 'M' 'M' 'M' 'M' 'M' 'M' 'M' 'M' 'M' 'M' 'M' 'M' 'M' 'M' 'M' 'U' 'M' 'M'
 'U' 'M' 'M' 'M' 'U' 'M' 'M' 'M' 'M' 'M' 'M' 'M' 'M' 'M' 'M' 'M' 'M' 'M'
 'M' 'M' 'M' 'M' 'M' 'M' 'U' 'U' 'M' 'M' 'M' 'M' 'U' 'M' 'U' 'M' 'U' 'M'
 'M' 'M' 'M' 'M' 'U' 'U' 'U' 'M' 'U' 'U' 'M' 'M' 'M' 'M' 'A' 'M' 'U' 'M'
 'M' 'U' 'M' 'M' 'U' 'U' 'M' 'M' 'M' 'M' 'M' 'M' 'M' 'M' 'M' 'U' 'M' 'U'
 'M' 'M' 'M' 'U' 'M' 'M' 'U' 'U' 'M' 'M' 'M' 'M' 'M' 'M' 'M' 'M' 'M' 'M'
 'M' 'M' 'M' 'U' 'M' 'M' 'M' 'M' 'M' 'U' 'M' 'M' 'M' 'M' 'M' 'M' 'M' 'U']"
418301,1,158,5,153,40,0,0,"['A' 'M' 'M' 'M' 'M' 'M' 'M' 'U' 'M' 'U' 'U' 'M' 'M' 'M' 'U' 'U' 'M' 'M'
 'M' 'M' 'U' 'M' 'U' 'M' 'M' 'M' 'M' 'M' 'U' 'M' 'A' 'M' 'M' 'M' 'M' 'M'
 'M' 'M' 'M' 'M' 'M' 'M' 'U' 'M' 'M' 'M' 'M' 'M' 'M' 'U' 'U' 'U' 'M' 'M'
 'U' 'M' 'U' 'M' 'M' 'M' 'A' 'M' 'M' 'M' 'M' 'M' 'U' 'M' 'M' 'M' 'M' 'M'
 'M' 'M' 'M' 'M' 'M' 'M' 'M' 'M' 'U' 'U' 'M' 'U' 'M' 'M' 'M' 'M' 'M' 'M'
 'M' 'U' 'M' 'M' 'M' 'M' 'M' 'M' 'M' 'M' 'M' 'M' 'M' 'M' 'M' 'M' 'M' 'M'
 'M' 'M' 'M' 'M' 'M' 'M' 'U' 'M' 'M' 'M' 'M' 'M' 'U' 'M' 'M' 'M' 'U' 'M'
 'M' 'M' 'M' 'M' 'A' 'M' 'U' 'M' 'U' 'M' 'M' 'M' 'U' 'M' 'A' 'M' 'U' 'M'
 'M' 'U' 'M' 'M' 'M' 'U' 'M' 'M' 'M' 'M' 'M' 'M' 'M' 'M' 'M' 'U' 'M' 'U'
 'M' 'M' 'M' 'U' 'M' 'M' 'U' 'U' 'M' 'M' 'M' 'M' 'M' 'M' 'U' 'U' 'M' 'U'
 'M' 'M' 'M' 'U' 'M' 'M' 'M' 'U' 'M' 'U' 'M' 'M' 'M' 'M' 'M' 'M' 'U' 'M']"
418401,0,152,6,146,46,0,0,"['A' 'M' 'M' 'M' 'M' 'M' 'M' 'A' 'M' 'U' 'U' 'M' 'M' 'M' 'U' 'U' 'M' 'M'
 'M' 'U' 'M' 'M' 'U' 'M' 'M' 'M' 'M' 'M' 'U' 'M' 'U' 'U' 'M' 'M' 'M' 'M'
 'M' 'M' 'M' 'U' 'M' 'M' 'U' 'M' 'M' 'M' 'M' 'M' 'M' 'U' 'U' 'U' 'M' 'M'
 'U' 'M' 'U' 'U' 'M' 'M' 'U' 'M' 'M' 'M' 'M' 'M' 'M' 'M' 'M' 'M' 'M' 'M'
 'M' 'M' 'M' 'M' 'U' 'M' 'M' 'M' 'M' 'U' 'M' 'M' 'U' 'M' 'U' 'M' 'M' 'M'
 'M' 'M' 'U' 'M' 'M' 'M' 'M' 'M' 'M' 'U' 'M' 'M' 'M' 'M' 'M' 'M' 'M' 'M'
 'M' 'M' 'M' 'M' 'M' 'M' 'M' 'M' 'M' 'M' 'M' 'M' 'M' 'M' 'M' 'M' 'U' 'U'
 'M' 'M' 'M' 'M' 'A' 'M' 'U' 'U' 'U' 'M' 'U' 'U' 'U' 'M' 'A' 'M' 'U' 'U'
 'M' 'U' 'M' 'M' 'M' 'M' 'M' 'M' 'M' 'M' 'M' 'M' 'M' 'M' 'M' 'U' 'M' 'U'
 'U' 'M' 'M' 'U' 'M' 'M' 'U' 'U' 'M' 'M' 'M' 'M' 'U' 'M' 'A' 'M' 'M' 'U'
 'M' 'M' 'M' 'U' 'M' 'M' 'M' 'U' 'M' 'U' 'M' 'M' 'M' 'M' 'M' 'M' 'A' 'M']"
418501,0,158,7,151,40,0,0,"['A' 'M' 'U' 'M' 'M' 'M' 'M' 'U' 'U' 'U' 'U' 'M' 'M' 'M' 'U' 'M' 'M' 'M'
 'M' 'M' 'M' 'M' 'U' 'M' 'M' 'M' 'M' 'M' 'M' 'M' 'U' 'U' 'M' 'M' 'M' 'M'
 'M' 'M' 'M' 'U' 'M' 'M' 'U' 'M' 'M' 'M' 'M' 'M' 'M' 'U' 'A' 'M' 'M' 'M'
 'U' 'M' 'U' 'U' 'M' 'M' 'U' 'M' 'U' 'M' 'M' 'M' 'M' 'M' 'M' 'M' 'M' 'M'
 'M' 'M' 'M' 'M' 'M' 'U' 'M' 'M' 'M' 'U' 'U' 'M' 'M' 'M' 'U' 'M' 'M' 'U'
 'M' 'M' 'M' 'M' 'M' 'M' 'M' 'M' 'U' 'U' 'M' 'M' 'M' 'M' 'M' 'M' 'M' 'M'
 'M' 'M' 'M' 'M' 'M' 'M' 'M' 'M' 'M' 'M' 'M' 'M' 'M' 'M' 'M' 'M' 'M' 'U'
 'M' 'M' 'M' 'M' 'A' 'M' 'U' 'U' 'M' 'M' 'U' 'U' 'U' 'M' 'A' 'M' 'M' 'U'
 'M' 'U' 'U' 'M' 'M' 'M' 'M' 'M' 'M' 'M' 'M' 'M' 'M' 'M' 'M' 'M' 'M' 'M'
 'M' 'M' 'M' 'U' 'M' 'M' 'U' 'U' 'M' 'M' 'M' 'M' 'U' 'M' 'A' 'M' 'M' 'U'
 'M' 'M' 'M' 'U' 'M' 'M' 'M' 'U' 'M' 'A' 'M' 'M' 'M' 'M' 'M' 'M' 'A' 'M']"
418601,0,155,5,150,43,0,0,"['A' 'M' 'U' 'U' 'M' 'M' 'M' 'M' 'U' 'U' 'U' 'M' 'M' 'M' 'U' 'M' 'M' 'M'
 'M' 'M' 'M' 'M' 'U' 'M' 'M' 'U' 'M' 'M' 'M' 'M' 'U' 'U' 'M' 'M' 'M' 'M'
 'M' 'M' 'M' 'M' 'M' 'M' 'U' 'M' 'M' 'M' 'M' 'M' 'M' 'M' 'A' 'M' 'M' 'U'
 'U' 'M' 'U' 'U' 'M' 'M' 'U' 'M' 'U' 'U' 'M' 'M' 'M' 'U' 'M' 'M' 'M' 'M'
 'M' 'M' 'M' 'M' 'M' 'U' 'M' 'M' 'M' 'M' 'M' 'M' 'M' 'M' 'M' 'M' 'U' 'M'
 'U' 'M' 'U' 'M' 'M' 'M' 'M' 'M' 'U' 'U' 'M' 'M' 'M' 'M' 'M' 'M' 'U' 'M'
 'M' 'M' 'M' 'M' 'M' 'M' 'M' 'M' 'M' 'M' 'M' 'M' 'M' 'U' 'M' 'M' 'M' 'M'
 'M' 'M' 'M' 'M' 'U' 'M' 'U' 'U' 'U' 'M' 'U' 'U' 'U' 'M' 'A' 'M' 'M' 'U'
 'M' 'M' 'U' 'M' 'M' 'M' 'U' 'M' 'M' 'M' 'M' 'M' 'M' 'M' 'M' 'M' 'U' 'M'
 'M' 'M' 'M' 'U' 'M' 'M' 'U' 'U' 'M' 'M' 'M' 'M' 'U' 'M' 'A' 'M' 'M' 'M'
 'M' 'M' 'M' 'M' 'M' 'M' 'M' 'M' 'M' 'A' 'M' 'M' 'M' 'M' 'M' 'M' 'U' 'M']"
418701,0,157,5,152,41,0,0,"['A' 'M' 'M' 'M' 'M' 'M' 'M' 'M' 'M' 'U' 'M' 'M' 'M' 'M' 'M' 'U' 'M' 'M'
 'M' 'M' 'M' 'M' 'U' 'M' 'M' 'U' 'M' 'M' 'M' 'U' 'M' 'M' 'M' 'M' 'M' 'M'
 'M' 'M' 'M' 'M' 'M' 'U' 'M' 'U' 'M' 'M' 'M' 'M' 'M' 'M' 'A' 'M' 'U' 'U'
 'M' 'M' 'M' 'U' 'M' 'M' 'U' 'M' 'U' 'U' 'M' 'U' 'M' 'M' 'M' 'M' 'M' 'M'
 'M' 'M' 'M' 'M' 'U' 'M' 'M' 'M' 'M' 'M' 'M' 'M' 'M' 'M' 'M' 'M' 'U' 'U'
 'M' 'M' 'U' 'M' 'M' 'M' 'M' 'M' 'U' 'U' 'M' 'M' 'M' 'M' 'M' 'M' 'U' 'M'
 'U' 'M' 'M' 'M' 'M' 'M' 'M' 'M' 'M' 'M' 'M' 'M' 'M' 'U' 'M' 'U' 'M' 'M'
 'M' 'M' 'M' 'M' 'U' 'M' 'M' 'U' 'U' 'M' 'U' 'U' 'U' 'M' 'A' 'M' 'U' 'U'
 'M' 'M' 'U' 'M' 'M' 'M' 'U' 'M' 'M' 'U' 'M' 'M' 'M' 'M' 'M' 'M' 'U' 'M'
 'M' 'M' 'M' 'U' 'M' 'M' 'U' 'M' 'M' 'U' 'M' 'M' 'U' 'M' 'A' 'M' 'M' 'M'
 'M' 'M' 'M' 'M' 'M' 'M' 'M' 'M' 'M' 'A' 'M' 'M' 'M' 'M' 'M' 'M' 'U' 'M']"
418801,0,160,5,155,38,1,0,"['A' 'M' 'M' 'M' 'M' 'M' 'M' 'M' 'M' 'M' 'M' 'M' 'M' 'M' 'M' 'U' 'M' 'M'
 'M' 'M' 'M' 'M' 'U' 'M' 'M' 'U' 'M' 'U' 'M' 'U' 'M' 'M' 'M' 'M' 'M' 'M'
 'M' 'M' 'M' 'M' 'M' 'U' 'M' 'U' 'M' 'M' 'M' 'M' 'M' 'M' 'A' 'M' 'U' 'U'
 'M' 'M' 'M' 'U' 'M' 'M' 'U' 'M' 'U' 'U' 'M' 'M' 'M' 'M' 'M' 'M' 'M' 'U'
 'M' 'M' 'M' 'M' 'M' 'M' 'M' 'M' 'M' 'M' 'U' 'M' 'M' 'U' 'U' 'M' 'M' 'M'
 'M' 'M' 'M' 'M' 'U' 'M' 'M' 'M' 'M' 'U' 'M' 'M' 'M' 'M' 'M' 'M' 'U' 'M'
 'U' 'M' 'M' 'M' 'M' 'M' 'M' 'M' 'M' 'M' 'U' 'M' 'M' 'U' 'M' 'U' 'M' 'M'
 'M' 'M' 'M' 'M' 'U' 'M' 'M' 'U' 'U' 'M' 'U' 'U' 'U' 'M' 'A' 'M' 'U' 'M'
 'M' 'M' 'U' 'M' 'M' 'M' 'M' 'M' 'M' 'U' 'M' 'M' 'M' 'M' 'M' 'M' 'M' 'M'
 'M' 'M' 'M' 'M' 'M' 'M' 'U' 'M' 'M' 'U' 'M' 'M' 'M' 'M' 'A' 'M' 'M' 'M'
 'M' 'M' 'U' 'M' 'M' 'M' 'M' 'M' 'M' 'A' 'M' 'M' 'M' 'M' 'U' 'M' 'U' 'M']"
418901,0,163,5,158,35,0,0,"['A' 'M' 'M' 'M' 'M' 'M' 'M' 'M' 'M' 'M' 'M' 'M' 'M' 'M' 'M' 'U' 'M' 'M'
 'M' 'M' 'M' 'M' 'A' 'M' 'M' 'U' 'M' 'U' 'M' 'M' 'M' 'M' 'M' 'M' 'M' 'M'
 'M' 'M' 'M' 'M' 'M' 'U' 'M' 'U' 'M' 'M' 'M' 'M' 'M' 'M' 'A' 'M' 'U' 'U'
 'M' 'M' 'M' 'M' 'M' 'M' 'U' 'M' 'U' 'M' 'M' 'M' 'M' 'M' 'M' 'U' 'M' 'M'
 'M' 'M' 'M' 'M' 'U' 'M' 'M' 'M' 'M' 'U' 'M' 'U' 'M' 'M' 'M' 'M' 'M' 'M'
 'M' 'M' 'M' 'U' 'M' 'M' 'M' 'M' 'M' 'U' 'M' 'M' 'M' 'M' 'M' 'M' 'U' 'M'
 'M' 'M' 'M' 'M' 'M' 'M' 'U' 'M' 'M' 'M' 'U' 'M' 'M' 'M' 'M' 'U' 'M' 'M'
 'M' 'M' 'M' 'M' 'U' 'M' 'U' 'U' 'U' 'U' 'U' 'U' 'U' 'M' 'A' 'M' 'M' 'M'
 'M' 'M' 'U' 'M' 'M' 'M' 'M' 'M' 'M' 'U' 'M' 'M' 'M' 'M' 'M' 'M' 'M' 'M'
 'M' 'U' 'M' 'M' 'M' 'M' 'M' 'M' 'M' 'U' 'M' 'M' 'M' 'M' 'A' 'M' 'U' 'M'
 'M' 'M' 'U' 'M' 'M' 'M' 'M' 'M' 'M' 'M' 'M' 'M' 'M' 'M' 'U' 'M' 'U' 'M']"
419001,0,165,3,162,33,0,0,"['A' 'M' 'M' 'M' 'M' 'M' 'M' 'M' 'M' 'M' 'M' 'M' 'M' 'M' 'M' 'M' 'M' 'M'
 'M' 'M' 'M' 'M' 'U' 'M' 'M' 'U' 'M' 'U' 'M' 'M' 'M' 'M' 'M' 'M' 'M' 'M'
 'M' 'M' 'M' 'M' 'M' 'M' 'M' 'M' 'M' 'M' 'M' 'M' 'M' 'M' 'A' 'M' 'U' 'U'
 'M' 'M' 'U' 'M' 'M' 'U' 'U' 'M' 'M' 'M' 'M' 'M' 'M' 'M' 'M' 'M' 'U' 'U'
 'M' 'U' 'U' 'M' 'M' 'M' 'M' 'M' 'M' 'M' 'M' 'M' 'M' 'M' 'M' 'M' 'M' 'U'
 'M' 'M' 'M' 'M' 'M' 'M' 'M' 'M' 'M' 'M' 'M' 'M' 'M' 'M' 'M' 'M' 'U' 'M'
 'M' 'M' 'M' 'M' 'M' 'M' 'M' 'M' 'M' 'M' 'U' 'U' 'M' 'M' 'M' 'M' 'M' 'M'
 'M' 'M' 'M' 'M' 'U' 'M' 'U' 'U' 'U' 'M' 'U' 'U' 'U' 'M' 'A' 'M' 'M' 'M'
 'M' 'M' 'U' 'M' 'M' 'M' 'U' 'M' 'M' 'U' 'M' 'M' 'M' 'M' 'M' 'M' 'M' 'M'
 'M' 'M' 'M' 'M' 'M' 'M' 'U' 'M' 'M' 'U' 'M' 'M' 'M' 'M' 'U' 'M' 'U' 'M'
 'M' 'M' 'U' 'M' 'M' 'M' 'M' 'M' 'M' 'M' 'M' 'M' 'U' 'M' 'M' 'M' 'U' 'M']"
419101,0,161,3,158,37,0,0,"['A' 'M' 'M' 'M' 'U' 'M' 'M' 'M' 'M' 'M' 'M' 'M' 'M' 'U' 'M' 'M' 'M' 'M'
 'M' 'M' 'M' 'M' 'U' 'M' 'M' 'U' 'M' 'U' 'M' 'M' 'M' 'M' 'M' 'M' 'M' 'M'
 'M' 'M' 'M' 'M' 'M' 'M' 'M' 'M' 'M' 'M' 'U' 'M' 'M' 'M' 'U' 'M' 'U' 'U'
 'M' 'M' 'U' 'M' 'M' 'U' 'U' 'M' 'M' 'M' 'M' 'U' 'M' 'M' 'M' 'M' 'M' 'M'
 'M' 'U' 'M' 'M' 'U' 'M' 'M' 'M' 'M' 'M' 'M' 'M' 'M' 'M' 'M' 'M' 'M' 'M'
 'M' 'M' 'U' 'M' 'U' 'M' 'M' 'M' 'M' 'M' 'M' 'U' 'M' 'M' 'M' 'M' 'U' 'U'
 'M' 'M' 'M' 'M' 'M' 'M' 'M' 'M' 'M' 'M' 'U' 'U' 'M' 'M' 'M' 'M' 'M' 'M'
 'M' 'M' 'M' 'M' 'U' 'M' 'U' 'U' 'U' 'U' 'U' 'A' 'U' 'M' 'A' 'M' 'M' 'M'
 'M' 'M' 'U' 'M' 'M' 'M' 'U' 'M' 'M' 'U' 'M' 'M' 'M' 'M' 'M' 'M' 'M' 'M'
 'M' 'M' 'M' 'M' 'M' 'U' 'M' 'M' 'M' 'M' 'M' 'M' 'M' 'U' 'U' 'M' 'M' 'M'
 'M' 'M' 'U' 'M' 'M' 'M' 'M' 'M' 'M' 'M' 'U' 'M' 'M' 'M' 'M' 'M' 'M' 'M']"
419201,0,164,4,160,34,0,0,"['A' 'M' 'M' 'M' 'U' 'M' 'M' 'M' 'M' 'M' 'M' 'M' 'M' 'U' 'M' 'M' 'M' 'M'
 'M' 'M' 'M' 'M' 'U' 'M' 'M' 'U' 'M' 'U' 'M' 'M' 'M' 'M' 'M' 'M' 'M' 'M'
 'M' 'M' 'M' 'M' 'M' 'M' 'M' 'M' 'M' 'M' 'M' 'M' 'M' 'M' 'M' 'M' 'U' 'U'
 'M' 'M' 'M' 'M' 'M' 'U' 'M' 'M' 'M' 'M' 'M' 'M' 'M' 'M' 'M' 'U' 'M' 'M'
 'U' 'M' 'M' 'M' 'M' 'M' 'M' 'U' 'M' 'M' 'M' 'M' 'M' 'M' 'M' 'M' 'U' 'U'
 'M' 'M' 'M' 'M' 'M' 'M' 'M' 'M' 'U' 'M' 'M' 'M' 'M' 'M' 'M' 'M' 'U' 'U'
 'M' 'M' 'M' 'M' 'M' 'M' 'M' 'M' 'M' 'M' 'M' 'U' 'M' 'M' 'M' 'M' 'M' 'M'
 'M' 'M' 'U' 'M' 'U' 'M' 'U' 'U' 'A' 'U' 'U' 'A' 'U' 'M' 'A' 'M' 'M' 'M'
 'M' 'M' 'M' 'M' 'M' 'M' 'U' 'M' 'M' 'U' 'M' 'M' 'M' 'M' 'M' 'M' 'M' 'M'
 'M' 'U' 'M' 'M' 'M' 'U' 'M' 'M' 'M' 'U' 'M' 'M' 'M' 'U' 'U' 'M' 'M' 'M'
 'M' 'M' 'U' 'U' 'M' 'M' 'M' 'M' 'M' 'M' 'U' 'M' 'M' 'M' 'M' 'M' 'M' 'M']"
419301,0,167,4,163,31,0,0,"['A' 'M' 'M' 'M' 'M' 'M' 'M' 'M' 'M' 'M' 'M' 'M' 'M' 'M' 'U' 'M' 'M' 'M'
 'M' 'M' 'M' 'M' 'U' 'M' 'M' 'M' 'M' 'U' 'M' 'M' 'M' 'M' 'M' 'U' 'M' 'M'
 'M' 'M' 'M' 'M' 'M' 'M' 'M' 'M' 'M' 'M' 'M' 'M' 'M' 'M' 'M' 'M' 'M' 'U'
 'M' 'M' 'M' 'M' 'M' 'U' 'M' 'M' 'M' 'M' 'M' 'U' 'M' 'M' 'M' 'M' 'M' 'M'
 'M' 'U' 'M' 'M' 'M' 'M' 'M' 'U' 'M' 'U' 'M' 'M' 'M' 'M' 'M' 'M' 'U' 'M'
 'M' 'M' 'M' 'M' 'M' 'M' 'M' 'M' 'M' 'M' 'M' 'M' 'U' 'M' 'M' 'M' 'U' 'U'
 'M' 'U' 'M' 'M' 'M' 'M' 'U' 'M' 'M' 'M' 'M' 'U' 'M' 'M' 'M' 'M' 'M' 'M'
 'M' 'M' 'M' 'M' 'U' 'M' 'U' 'M' 'A' 'M' 'M' 'A' 'U' 'M' 'U' 'M' 'M' 'U'
 'M' 'M' 'M' 'M' 'M' 'M' 'U' 'M' 'U' 'U' 'M' 'M' 'M' 'M' 'M' 'M' 'M' 'M'
 'M' 'U' 'M' 'M' 'M' 'M' 'M' 'M' 'M' 'U' 'M' 'M' 'M' 'U' 'U' 'M' 'M' 'M'
 'M' 'M' 'U' 'M' 'M' 'M' 'M' 'M' 'M' 'M' 'A' 'M' 'M' 'M' 'M' 'M' 'U' 'M']"
419401,0,170,3,167,28,0,0,"['A' 'M' 'M' 'M' 'M' 'M' 'M' 'M' 'M' 'M' 'M' 'M' 'M' 'M' 'U' 'M' 'M' 'M'
 'M' 'M' 'M' 'M' 'U' 'M' 'M' 'M' 'M' 'U' 'M' 'M' 'M' 'M' 'M' 'U' 'M' 'M'
 'M' 'M' 'M' 'M' 'M' 'M' 'M' 'M' 'M' 'M' 'M' 'M' 'M' 'M' 'M' 'M' 'M' 'M'
 'M' 'M' 'M' 'M' 'M' 'U' 'M' 'M' 'M' 'M' 'M' 'M' 'M' 'M' 'M' 'M' 'M' 'M'
 'M' 'U' 'M' 'M' 'M' 'U' 'U' 'M' 'M' 'M' 'M' 'M' 'M' 'M' 'U' 'M' 'M' 'U'
 'M' 'M' 'M' 'M' 'M' 'M' 'M' 'M' 'M' 'M' 'M' 'M' 'U' 'M' 'M' 'M' 'U' 'U'
 'M' 'U' 'M' 'M' 'M' 'M' 'U' 'M' 'M' 'M' 'M' 'M' 'M' 'M' 'M' 'M' 'M' 'M'
 'M' 'M' 'M' 'M' 'U' 'M' 'U' 'M' 'A' 'M' 'M' 'U' 'M' 'M' 'M' 'M' 'M' 'M'
 'M' 'U' 'M' 'M' 'M' 'M' 'M' 'M' 'U' 'U' 'M' 'M' 'M' 'M' 'M' 'M' 'M' 'M'
 'M' 'U' 'M' 'M' 'M' 'M' 'M' 'M' 'M' 'U' 'M' 'M' 'M' 'U' 'M' 'M' 'M' 'M'
 'U' 'M' 'M' 'U' 'M' 'M' 'M' 'M' 'M' 'M' 'A' 'M' 'M' 'M' 'M' 'U' 'U' 'M']"
419501,0,163,2,161,35,0,0,"['A' 'M' 'M' 'M' 'M' 'M' 'M' 'M' 'M' 'U' 'M' 'M' 'M' 'M' 'U' 'M' 'M' 'M'
 'M' 'M' 'M' 'M' 'U' 'M' 'M' 'M' 'M' 'U' 'M' 'M' 'M' 'M' 'M' 'U' 'M' 'M'
 'M' 'M' 'M' 'M' 'M' 'M' 'M' 'M' 'M' 'M' 'M' 'M' 'M' 'M' 'M' 'M' 'M' 'M'
 'M' 'M' 'M' 'M' 'M' 'M' 'M' 'M' 'M' 'M' 'M' 'M' 'M' 'M' 'M' 'M' 'M' 'M'
 'M' 'M' 'M' 'M' 'M' 'M' 'U' 'M' 'U' 'M' 'U' 'M' 'M' 'M' 'M' 'M' 'M' 'M'
 'M' 'M' 'M' 'U' 'U' 'M' 'M' 'M' 'M' 'M' 'M' 'M' 'U' 'M' 'M' 'M' 'U' 'U'
 'M' 'M' 'M' 'M' 'M' 'M' 'U' 'M' 'M' 'M' 'M' 'U' 'M' 'M' 'M' 'M' 'M' 'U'
 'M' 'M' 'M' 'M' 'U' 'U' 'U' 'U' 'M' 'U' 'U' 'U' 'U' 'M' 'M' 'M' 'M' 'M'
 'M' 'U' 'M' 'M' 'M' 'M' 'M' 'M' 'U' 'U' 'M' 'M' 'M' 'M' 'M' 'M' 'M' 'M'
 'M' 'U' 'M' 'M' 'M' 'M' 'M' 'M' 'U' 'U' 'U' 'M' 'M' 'M' 'M' 'M' 'M' 'M'
 'U' 'M' 'M' 'U' 'M' 'M' 'M' 'M' 'M' 'M' 'A' 'M' 'M' 'M' 'M' 'U' 'U' 'M']"
419601,0,166,4,162,32,0,0,"['A' 'M' 'M' 'M' 'M' 'M' 'M' 'M' 'M' 'U' 'M' 'M' 'M' 'M' 'M' 'M' 'M' 'M'
 'M' 'M' 'M' 'M' 'U' 'M' 'M' 'M' 'M' 'U' 'M' 'M' 'M' 'M' 'M' 'U' 'M' 'M'
 'M' 'M' 'M' 'M' 'M' 'M' 'M' 'M' 'M' 'M' 'M' 'M' 'M' 'M' 'M' 'M' 'M' 'M'
 'M' 'M' 'M' 'M' 'M' 'M' 'M' 'M' 'M' 'M' 'M' 'U' 'M' 'U' 'U' 'M' 'M' 'U'
 'U' 'M' 'M' 'M' 'M' 'M' 'M' 'M' 'M' 'M' 'M' 'M' 'M' 'M' 'M' 'M' 'M' 'M'
 'M' 'M' 'M' 'M' 'M' 'M' 'M' 'M' 'M' 'M' 'M' 'M' 'U' 'M' 'M' 'M' 'U' 'U'
 'M' 'M' 'M' 'M' 'M' 'M' 'M' 'M' 'M' 'M' 'M' 'U' 'M' 'M' 'M' 'M' 'M' 'A'
 'M' 'U' 'M' 'M' 'U' 'U' 'U' 'U' 'M' 'A' 'U' 'U' 'U' 'M' 'M' 'M' 'M' 'M'
 'M' 'A' 'M' 'M' 'M' 'M' 'M' 'M' 'M' 'U' 'U' 'M' 'M' 'M' 'M' 'M' 'M' 'M'
 'M' 'M' 'M' 'M' 'M' 'M' 'M' 'U' 'U' 'U' 'U' 'M' 'M' 'M' 'M' 'M' 'M' 'M'
 'U' 'M' 'M' 'U' 'M' 'M' 'M' 'M' 'M' 'M' 'U' 'M' 'M' 'M' 'M' 'U' 'U' 'M']"
419701,1,165,4,161,33,0,0,"['A' 'M' 'M' 'U' 'M' 'M' 'M' 'M' 'M' 'U' 'M' 'M' 'M' 'M' 'M' 'M' 'M' 'M'
 'M' 'U' 'M' 'M' 'M' 'M' 'M' 'M' 'M' 'U' 'M' 'M' 'M' 'M' 'M' 'U' 'M' 'M'
 'M' 'M' 'M' 'M' 'M' 'M' 'M' 'M' 'M' 'M' 'M' 'M' 'M' 'M' 'M' 'M' 'M' 'U'
 'M' 'M' 'M' 'M' 'M' 'M' 'M' 'M' 'M' 'M' 'M' 'M' 'M' 'M' 'M' 'M' 'U' 'U'
 'U' 'M' 'M' 'M' 'M' 'M' 'M' 'M' 'M' 'M' 'M' 'M' 'M' 'M' 'M' 'U' 'M' 'U'
 'M' 'M' 'M' 'M' 'M' 'M' 'M' 'M' 'M' 'M' 'M' 'M' 'U' 'M' 'M' 'M' 'U' 'U'
 'M' 'M' 'M' 'M' 'M' 'M' 'M' 'M' 'M' 'M' 'M' 'M' 'M' 'M' 'M' 'M' 'M' 'A'
 'M' 'U' 'M' 'M' 'M' 'U' 'U' 'U' 'U' 'A' 'U' 'U' 'U' 'M' 'M' 'M' 'M' 'M'
 'M' 'A' 'M' 'M' 'M' 'M' 'M' 'M' 'M' 'U' 'U' 'M' 'M' 'M' 'U' 'M' 'M' 'M'
 'M' 'M' 'M' 'M' 'M' 'M' 'M' 'U' 'M' 'U' 'U' 'M' 'M' 'M' 'M' 'U' 'M' 'M'
 'U' 'M' 'M' 'U' 'M' 'M' 'U' 'M' 'M' 'M' 'U' 'M' 'M' 'M' 'M' 'M' 'M' 'M']"
419801,0,166,5,161,32,0,0,"['A' 'M' 'M' 'U' 'M' 'M' 'M' 'M' 'M' 'U' 'M' 'M' 'M' 'U' 'M' 'M' 'M' 'M'
 'M' 'M' 'M' 'M' 'M' 'M' 'M' 'M' 'M' 'U' 'M' 'M' 'M' 'M' 'M' 'U' 'M' 'M'
 'M' 'M' 'M' 'M' 'M' 'M' 'M' 'M' 'M' 'M' 'M' 'M' 'M' 'M' 'M' 'M' 'M' 'U'
 'M' 'M' 'M' 'M' 'M' 'M' 'M' 'M' 'M' 'M' 'M' 'M' 'M' 'U' 'M' 'M' 'M' 'M'
 'U' 'M' 'M' 'M' 'U' 'M' 'M' 'M' 'M' 'M' 'M' 'M' 'M' 'M' 'M' 'M' 'M' 'U'
 'M' 'M' 'U' 'M' 'M' 'M' 'M' 'M' 'M' 'M' 'M' 'M' 'U' 'M' 'M' 'M' 'U' 'U'
 'M' 'M' 'M' 'M' 'M' 'M' 'U' 'M' 'M' 'M' 'M' 'M' 'M' 'M' 'M' 'U' 'M' 'A'
 'M' 'U' 'M' 'M' 'M' 'M' 'U' 'U' 'U' 'A' 'U' 'U' 'U' 'M' 'U' 'M' 'M' 'M'
 'M' 'A' 'M' 'M' 'U' 'M' 'M' 'M' 'M' 'U' 'U' 'M' 'M' 'M' 'M' 'M' 'M' 'M'
 'M' 'M' 'M' 'M' 'M' 'M' 'M' 'M' 'M' 'U' 'A' 'M' 'M' 'M' 'M' 'M' 'M' 'M'
 'U' 'M' 'M' 'U' 'M' 'M' 'U' 'M' 'M' 'M' 'U' 'M' 'M' 'M' 'M' 'M' 'M' 'M']"
419901,0,168,5,163,30,0,0,"['A' 'M' 'M' 'U' 'M' 'M' 'M' 'M' 'M' 'U' 'U' 'M' 'M' 'M' 'M' 'M' 'M' 'M'
 'M' 'M' 'M' 'M' 'M' 'M' 'M' 'M' 'M' 'M' 'M' 'M' 'M' 'M' 'M' 'U' 'M' 'M'
 'M' 'M' 'M' 'M' 'M' 'M' 'M' 'M' 'M' 'M' 'M' 'M' 'M' 'M' 'M' 'M' 'M' 'M'
 'M' 'M' 'M' 'M' 'M' 'U' 'M' 'M' 'M' 'M' 'M' 'M' 'M' 'M' 'M' 'U' 'M' 'M'
 'M' 'M' 'U' 'U' 'M' 'M' 'U' 'M' 'M' 'M' 'M' 'M' 'M' 'M' 'U' 'M' 'M' 'M'
 'M' 'M' 'M' 'M' 'M' 'M' 'M' 'U' 'M' 'M' 'M' 'M' 'U' 'M' 'M' 'M' 'U' 'U'
 'M' 'M' 'M' 'U' 'M' 'M' 'M' 'M' 'M' 'M' 'M' 'M' 'M' 'M' 'M' 'M' 'M' 'A'
 'M' 'U' 'M' 'M' 'M' 'M' 'U' 'U' 'U' 'U' 'U' 'A' 'U' 'M' 'M' 'M' 'M' 'M'
 'M' 'A' 'M' 'M' 'U' 'M' 'M' 'M' 'M' 'U' 'M' 'M' 'M' 'M' 'M' 'M' 'M' 'M'
 'M' 'M' 'M' 'M' 'M' 'M' 'M' 'M' 'M' 'U' 'A' 'M' 'M' 'M' 'M' 'M' 'M' 'M'
 'U' 'M' 'M' 'U' 'M' 'M' 'U' 'U' 'M' 'M' 'U' 'M' 'M' 'M' 'M' 'M' 'M' 'M']"
420001,0,171,6,165,27,0,0,"['A' 'M' 'M' 'M' 'M' 'M' 'M' 'M' 'M' 'U' 'U' 'M' 'M' 'U' 'M' 'M' 'M' 'M'
 'M' 'M' 'M' 'M' 'M' 'M' 'U' 'M' 'M' 'M' 'M' 'M' 'M' 'M' 'M' 'U' 'M' 'M'
 'M' 'M' 'M' 'M' 'M' 'M' 'M' 'M' 'M' 'M' 'M' 'M' 'M' 'M' 'M' 'M' 'M' 'M'
 'M' 'M' 'M' 'M' 'M' 'M' 'M' 'M' 'U' 'M' 'M' 'U' 'M' 'U' 'M' 'M' 'M' 'M'
 'M' 'U' 'M' 'M' 'M' 'M' 'M' 'M' 'M' 'M' 'M' 'M' 'M' 'M' 'M' 'U' 'M' 'M'
 'M' 'U' 'M' 'M' 'M' 'M' 'M' 'U' 'M' 'M' 'M' 'M' 'U' 'M' 'M' 'M' 'U' 'U'
 'M' 'M' 'M' 'U' 'U' 'M' 'M' 'M' 'M' 'M' 'M' 'M' 'M' 'M' 'M' 'M' 'M' 'A'
 'M' 'U' 'M' 'M' 'M' 'M' 'M' 'U' 'M' 'M' 'U' 'A' 'U' 'M' 'M' 'M' 'M' 'M'
 'M' 'A' 'A' 'M' 'U' 'M' 'M' 'M' 'M' 'U' 'M' 'M' 'M' 'M' 'M' 'M' 'M' 'M'
 'M' 'M' 'M' 'M' 'M' 'M' 'M' 'M' 'M' 'U' 'A' 'M' 'M' 'M' 'M' 'M' 'M' 'M'
 'U' 'M' 'M' 'M' 'U' 'M' 'M' 'M' 'M' 'M' 'U' 'M' 'M' 'M' 'M' 'M' 'M' 'M']"
420101,0,170,4,166,28,0,0,"['A' 'M' 'M' 'M' 'M' 'M' 'M' 'M' 'M' 'U' 'U' 'M' 'U' 'U' 'M' 'M' 'M' 'M'
 'M' 'M' 'M' 'U' 'M' 'M' 'M' 'M' 'M' 'M' 'M' 'M' 'M' 'M' 'M' 'U' 'M' 'M'
 'M' 'M' 'M' 'M' 'M' 'M' 'M' 'M' 'M' 'M' 'M' 'M' 'M' 'M' 'M' 'M' 'M' 'M'
 'U' 'U' 'M' 'M' 'M' 'M' 'M' 'M' 'U' 'M' 'M' 'M' 'M' 'M' 'M' 'U' 'M' 'U'
 'U' 'M' 'M' 'M' 'M' 'M' 'M' 'M' 'M' 'M' 'M' 'M' 'M' 'M' 'U' 'M' 'M' 'M'
 'M' 'M' 'U' 'M' 'M' 'M' 'M' 'M' 'M' 'M' 'M' 'M' 'U' 'M' 'M' 'M' 'U' 'U'
 'M' 'M' 'U' 'U' 'U' 'M' 'M' 'M' 'M' 'M' 'M' 'M' 'M' 'M' 'M' 'M' 'M' 'A'
 'M' 'U' 'M' 'M' 'M' 'M' 'M' 'M' 'M' 'M' 'M' 'U' 'U' 'M' 'M' 'M' 'M' 'M'
 'M' 'A' 'U' 'M' 'M' 'M' 'M' 'M' 'M' 'U' 'M' 'M' 'M' 'M' 'M' 'M' 'M' 'M'
 'M' 'M' 'M' 'M' 'M' 'M' 'M' 'M' 'M' 'U' 'A' 'M' 'M' 'M' 'M' 'M' 'M' 'M'
 'M' 'M' 'M' 'M' 'U' 'M' 'M' 'M' 'M' 'M' 'U' 'M' 'M' 'M' 'M' 'M' 'M' 'M']"
420201,0,171,3,168,27,0,0,"['A' 'M' 'M' 'M' 'M' 'M' 'M' 'M' 'M' 'U' 'M' 'M' 'U' 'M' 'M' 'M' 'M' 'M'
 'M' 'M' 'M' 'U' 'M' 'M' 'M' 'U' 'M' 'M' 'M' 'M' 'M' 'M' 'M' 'U' 'M' 'M'
 'M' 'M' 'M' 'M' 'M' 'M' 'M' 'M' 'M' 'M' 'M' 'M' 'M' 'M' 'M' 'M' 'M' 'M'
 'U' 'U' 'M' 'M' 'M' 'M' 'M' 'U' 'U' 'M' 'M' 'M' 'M' 'M' 'M' 'M' 'M' 'M'
 'M' 'M' 'M' 'M' 'U' 'U' 'M' 'M' 'M' 'M' 'M' 'U' 'M' 'M' 'M' 'M' 'M' 'U'
 'M' 'M' 'U' 'M' 'M' 'M' 'M' 'M' 'M' 'M' 'M' 'M' 'U' 'M' 'M' 'M' 'M' 'U'
 'M' 'U' 'U' 'U' 'U' 'M' 'M' 'M' 'M' 'M' 'M' 'M' 'M' 'M' 'M' 'M' 'M' 'U'
 'M' 'U' 'M' 'M' 'M' 'M' 'M' 'M' 'M' 'M' 'M' 'U' 'M' 'M' 'M' 'M' 'M' 'M'
 'M' 'A' 'U' 'M' 'M' 'M' 'M' 'M' 'M' 'M' 'M' 'M' 'U' 'M' 'M' 'M' 'M' 'M'
 'M' 'M' 'M' 'M' 'M' 'M' 'M' 'M' 'M' 'U' 'A' 'M' 'M' 'M' 'M' 'M' 'M' 'M'
 'M' 'M' 'M' 'M' 'U' 'M' 'M' 'M' 'M' 'M' 'M' 'M' 'M' 'M' 'M' 'M' 'M' 'M']"
420301,0,166,3,163,32,0,0,"['A' 'M' 'M' 'M' 'M' 'M' 'M' 'M' 'M' 'U' 'M' 'M' 'U' 'M' 'M' 'M' 'M' 'U'
 'M' 'M' 'M' 'U' 'M' 'M' 'M' 'U' 'M' 'M' 'M' 'M' 'U' 'M' 'M' 'M' 'M' 'U'
 'M' 'M' 'M' 'M' 'M' 'M' 'M' 'M' 'M' 'M' 'M' 'M' 'M' 'M' 'M' 'M' 'M' 'M'
 'M' 'U' 'M' 'M' 'M' 'M' 'M' 'U' 'U' 'M' 'M' 'U' 'U' 'M' 'M' 'U' 'M' 'M'
 'M' 'M' 'U' 'M' 'M' 'M' 'M' 'M' 'M' 'M' 'M' 'U' 'M' 'M' 'M' 'M' 'M' 'M'
 'M' 'M' 'M' 'M' 'M' 'M' 'M' 'M' 'M' 'M' 'M' 'M' 'M' 'M' 'M' 'M' 'M' 'U'
 'M' 'U' 'U' 'U' 'U' 'M' 'M' 'M' 'M' 'M' 'M' 'M' 'U' 'M' 'M' 'M' 'U' 'M'
 'M' 'U' 'M' 'M' 'M' 'M' 'M' 'M' 'M' 'M' 'M' 'U' 'M' 'M' 'M' 'M' 'M' 'M'
 'M' 'A' 'M' 'M' 'M' 'M' 'M' 'M' 'M' 'M' 'M' 'M' 'U' 'M' 'M' 'M' 'M' 'M'
 'U' 'M' 'M' 'M' 'M' 'M' 'M' 'M' 'M' 'U' 'A' 'M' 'M' 'M' 'M' 'M' 'M' 'U'
 'M' 'M' 'U' 'M' 'U' 'M' 'M' 'M' 'U' 'M' 'M' 'M' 'M' 'M' 'U' 'M' 'M' 'M']"
420401,0,165,3,162,33,0,0,"['A' 'M' 'M' 'M' 'M' 'M' 'M' 'M' 'M' 'U' 'M' 'M' 'U' 'U' 'M' 'M' 'M' 'M'
 'U' 'M' 'M' 'U' 'M' 'M' 'M' 'U' 'M' 'M' 'M' 'M' 'U' 'M' 'M' 'M' 'M' 'M'
 'M' 'M' 'M' 'M' 'M' 'M' 'M' 'M' 'M' 'M' 'M' 'M' 'M' 'M' 'M' 'M' 'M' 'M'
 'M' 'U' 'U' 'M' 'M' 'M' 'U' 'U' 'M' 'M' 'M' 'U' 'M' 'M' 'M' 'M' 'M' 'M'
 'M' 'M' 'M' 'M' 'M' 'M' 'M' 'U' 'M' 'M' 'U' 'M' 'M' 'U' 'U' 'M' 'M' 'M'
 'M' 'M' 'M' 'M' 'M' 'M' 'M' 'M' 'M' 'M' 'M' 'M' 'M' 'M' 'M' 'M' 'M' 'U'
 'M' 'M' 'M' 'U' 'U' 'M' 'M' 'M' 'M' 'M' 'M' 'M' 'U' 'M' 'M' 'M' 'U' 'M'
 'M' 'U' 'M' 'U' 'M' 'M' 'M' 'M' 'M' 'M' 'M' 'A' 'M' 'M' 'M' 'M' 'M' 'M'
 'M' 'U' 'M' 'M' 'M' 'M' 'M' 'M' 'M' 'M' 'M' 'U' 'U' 'M' 'M' 'M' 'M' 'M'
 'U' 'M' 'M' 'M' 'M' 'M' 'M' 'M' 'U' 'U' 'A' 'M' 'M' 'M' 'M' 'M' 'M' 'U'
 'M' 'M' 'U' 'M' 'U' 'U' 'M' 'M' 'M' 'M' 'M' 'M' 'M' 'M' 'M' 'M' 'M' 'M']"
420501,0,164,3,161,34,1,0,"['A' 'M' 'M' 'M' 'M' 'M' 'M' 'M' 'M' 'U' 'M' 'M' 'U' 'U' 'M' 'M' 'M' 'M'
 'U' 'M' 'U' 'U' 'M' 'M' 'M' 'U' 'M' 'M' 'U' 'M' 'U' 'M' 'M' 'M' 'M' 'M'
 'M' 'M' 'M' 'M' 'M' 'M' 'M' 'M' 'M' 'M' 'M' 'M' 'M' 'U' 'M' 'M' 'M' 'M'
 'M' 'M' 'U' 'M' 'M' 'M' 'U' 'M' 'M' 'M' 'M' 'M' 'M' 'U' 'M' 'U' 'M' 'U'
 'U' 'M' 'M' 'M' 'M' 'M' 'M' 'M' 'U' 'M' 'M' 'M' 'M' 'M' 'M' 'M' 'M' 'M'
 'M' 'M' 'M' 'M' 'M' 'M' 'M' 'M' 'M' 'M' 'M' 'M' 'M' 'M' 'M' 'M' 'M' 'U'
 'M' 'M' 'M' 'M' 'U' 'M' 'M' 'M' 'M' 'M' 'M' 'M' 'U' 'M' 'M' 'M' 'U' 'U'
 'M' 'U' 'M' 'M' 'M' 'M' 'M' 'M' 'M' 'M' 'U' 'A' 'M' 'M' 'M' 'M' 'M' 'U'
 'M' 'M' 'M' 'M' 'M' 'M' 'M' 'M' 'M' 'M' 'M' 'U' 'A' 'M' 'M' 'M' 'M' 'M'
 'U' 'M' 'M' 'M' 'M' 'M' 'M' 'M' 'U' 'M' 'U' 'M' 'M' 'M' 'M' 'M' 'M' 'U'
 'M' 'M' 'U' 'U' 'U' 'U' 'M' 'M' 'M' 'M' 'M' 'M' 'M' 'M' 'M' 'M' 'M' 'M']"
420601,0,165,2,163,33,0,0,"['A' 'M' 'M' 'M' 'M' 'U' 'M' 'M' 'M' 'M' 'M' 'M' 'U' 'M' 'M' 'M' 'M' 'M'
 'M' 'M' 'U' 'U' 'M' 'M' 'M' 'U' 'M' 'M' 'U' 'M' 'M' 'M' 'M' 'M' 'M' 'U'
 'M' 'M' 'M' 'M' 'M' 'M' 'M' 'M' 'M' 'M' 'M' 'M' 'M' 'U' 'M' 'U' 'M' 'M'
 'M' 'M' 'U' 'M' 'M' 'M' 'U' 'M' 'M' 'M' 'M' 'M' 'M' 'M' 'M' 'U' 'M' 'M'
 'M' 'U' 'M' 'M' 'M' 'M' 'M' 'M' 'M' 'M' 'U' 'M' 'M' 'M' 'M' 'U' 'M' 'M'
 'M' 'U' 'M' 'M' 'M' 'M' 'U' 'M' 'M' 'M' 'M' 'M' 'M' 'M' 'M' 'M' 'M' 'U'
 'M' 'M' 'M' 'M' 'U' 'M' 'M' 'M' 'M' 'M' 'M' 'M' 'U' 'M' 'M' 'M' 'U' 'U'
 'M' 'U' 'M' 'M' 'M' 'M' 'M' 'M' 'M' 'M' 'U' 'M' 'M' 'M' 'M' 'M' 'M' 'M'
 'M' 'M' 'M' 'M' 'M' 'M' 'M' 'M' 'M' 'M' 'M' 'U' 'A' 'M' 'M' 'M' 'M' 'M'
 'M' 'M' 'M' 'M' 'M' 'U' 'M' 'M' 'U' 'M' 'U' 'M' 'M' 'M' 'M' 'M' 'M' 'U'
 'M' 'M' 'U' 'U' 'U' 'M' 'U' 'M' 'M' 'M' 'M' 'M' 'M' 'M' 'M' 'M' 'M' 'M']"
420701,0,163,2,161,35,0,0,"['A' 'M' 'M' 'M' 'U' 'U' 'M' 'M' 'M' 'M' 'M' 'M' 'U' 'M' 'M' 'M' 'U' 'M'
 'M' 'M' 'M' 'U' 'M' 'M' 'M' 'U' 'M' 'M' 'U' 'M' 'M' 'M' 'M' 'M' 'M' 'M'
 'M' 'M' 'M' 'U' 'M' 'M' 'M' 'M' 'M' 'M' 'M' 'M' 'M' 'U' 'M' 'U' 'M' 'M'
 'M' 'M' 'U' 'M' 'M' 'M' 'M' 'M' 'M' 'M' 'U' 'U' 'M' 'M' 'M' 'M' 'M' 'M'
 'U' 'U' 'M' 'M' 'M' 'M' 'M' 'M' 'M' 'U' 'M' 'M' 'M' 'M' 'M' 'M' 'M' 'M'
 'M' 'M' 'U' 'M' 'M' 'M' 'U' 'M' 'M' 'M' 'M' 'M' 'M' 'M' 'M' 'M' 'M' 'U'
 'M' 'M' 'M' 'M' 'U' 'M' 'M' 'M' 'M' 'M' 'M' 'M' 'U' 'M' 'M' 'M' 'M' 'U'
 'M' 'U' 'M' 'M' 'M' 'M' 'M' 'M' 'M' 'M' 'U' 'M' 'M' 'M' 'M' 'M' 'M' 'M'
 'M' 'M' 'M' 'M' 'M' 'M' 'U' 'M' 'M' 'M' 'M' 'M' 'A' 'M' 'M' 'M' 'M' 'M'
 'U' 'M' 'M' 'M' 'M' 'U' 'M' 'U' 'U' 'M' 'U' 'M' 'U' 'M' 'M' 'M' 'M' 'U'
 'M' 'M' 'U' 'U' 'U' 'M' 'M' 'M' 'M' 'M' 'M' 'M' 'M' 'M' 'M' 'M' 'M' 'M']"
420801,0,164,1,163,34,0,0,"['A' 'M' 'M' 'U' 'U' 'U' 'M' 'M' 'M' 'M' 'M' 'M' 'M' 'M' 'M' 'M' 'U' 'M'
 'M' 'M' 'U' 'U' 'M' 'M' 'M' 'U' 'M' 'M' 'U' 'M' 'M' 'M' 'U' 'M' 'M' 'M'
 'M' 'M' 'M' 'M' 'M' 'M' 'M' 'M' 'M' 'M' 'M' 'M' 'M' 'M' 'M' 'U' 'M' 'M'
 'M' 'U' 'U' 'M' 'M' 'M' 'U' 'M' 'M' 'M' 'M' 'M' 'U' 'M' 'M' 'M' 'M' 'U'
 'M' 'M' 'M' 'M' 'M' 'M' 'U' 'M' 'M' 'M' 'M' 'U' 'M' 'M' 'M' 'M' 'M' 'M'
 'M' 'M' 'M' 'M' 'U' 'M' 'U' 'M' 'M' 'M' 'M' 'M' 'M' 'M' 'M' 'M' 'U' 'M'
 'M' 'M' 'M' 'M' 'M' 'M' 'M' 'M' 'M' 'M' 'M' 'M' 'U' 'M' 'M' 'M' 'U' 'M'
 'M' 'M' 'U' 'M' 'M' 'M' 'M' 'M' 'M' 'M' 'M' 'M' 'M' 'M' 'M' 'M' 'M' 'U'
 'M' 'M' 'M' 'M' 'M' 'M' 'M' 'M' 'M' 'M' 'M' 'M' 'U' 'M' 'M' 'M' 'M' 'M'
 'U' 'M' 'M' 'M' 'M' 'U' 'M' 'U' 'M' 'M' 'M' 'M' 'U' 'M' 'M' 'U' 'M' 'U'
 'M' 'M' 'U' 'M' 'U' 'U' 'M' 'M' 'M' 'M' 'M' 'M' 'M' 'M' 'M' 'M' 'M' 'M']"
420901,1,159,2,157,39,0,0,"['A' 'M' 'M' 'M' 'U' 'U' 'M' 'M' 'M' 'M' 'M' 'M' 'M' 'M' 'M' 'M' 'U' 'M'
 'M' 'U' 'U' 'U' 'M' 'M' 'M' 'U' 'M' 'U' 'U' 'M' 'M' 'U' 'U' 'M' 'M' 'M'
 'M' 'M' 'M' 'M' 'M' 'M' 'M' 'M' 'M' 'M' 'M' 'M' 'M' 'M' 'M' 'U' 'M' 'M'
 'M' 'U' 'U' 'M' 'M' 'M' 'U' 'M' 'M' 'M' 'M' 'M' 'M' 'M' 'U' 'M' 'U' 'U'
 'M' 'M' 'M' 'M' 'M' 'M' 'M' 'U' 'M' 'M' 'M' 'M' 'M' 'U' 'M' 'M' 'M' 'M'
 'M' 'M' 'M' 'M' 'M' 'M' 'U' 'U' 'M' 'M' 'M' 'M' 'M' 'M' 'M' 'M' 'U' 'M'
 'M' 'M' 'M' 'M' 'M' 'M' 'M' 'M' 'M' 'M' 'M' 'M' 'M' 'M' 'M' 'M' 'U' 'M'
 'M' 'U' 'M' 'M' 'M' 'U' 'U' 'U' 'U' 'U' 'U' 'U' 'M' 'M' 'M' 'M' 'M' 'U'
 'M' 'M' 'M' 'M' 'M' 'M' 'M' 'M' 'M' 'M' 'M' 'M' 'A' 'M' 'M' 'M' 'M' 'M'
 'U' 'M' 'M' 'M' 'M' 'M' 'M' 'M' 'M' 'M' 'M' 'M' 'U' 'M' 'M' 'U' 'M' 'U'
 'M' 'M' 'U' 'M' 'U' 'M' 'M' 'M' 'M' 'M' 'M' 'M' 'M' 'M' 'M' 'M' 'M' 'M']"
421001,0,159,2,157,39,0,0,"['A' 'M' 'M' 'M' 'U' 'U' 'M' 'M' 'M' 'M' 'M' 'M' 'M' 'M' 'M' 'M' 'M' 'M'
 'M' 'U' 'U' 'U' 'M' 'M' 'M' 'U' 'M' 'M' 'U' 'M' 'M' 'U' 'U' 'M' 'M' 'M'
 'M' 'M' 'M' 'M' 'M' 'M' 'M' 'M' 'U' 'M' 'M' 'M' 'M' 'M' 'M' 'U' 'M' 'M'
 'M' 'U' 'U' 'M' 'M' 'M' 'U' 'M' 'M' 'M' 'M' 'U' 'M' 'M' 'M' 'M' 'M' 'M'
 'U' 'M' 'U' 'U' 'M' 'M' 'M' 'M' 'M' 'M' 'M' 'M' 'M' 'M' 'M' 'M' 'M' 'M'
 'M' 'M' 'U' 'M' 'M' 'M' 'A' 'U' 'M' 'M' 'M' 'U' 'M' 'M' 'M' 'M' 'U' 'M'
 'M' 'M' 'M' 'M' 'M' 'M' 'M' 'M' 'M' 'M' 'M' 'M' 'M' 'M' 'M' 'U' 'U' 'M'
 'M' 'U' 'M' 'M' 'M' 'U' 'M' 'U' 'M' 'U' 'U' 'U' 'U' 'M' 'M' 'M' 'M' 'M'
 'U' 'M' 'U' 'M' 'M' 'M' 'M' 'U' 'M' 'M' 'M' 'M' 'M' 'M' 'M' 'M' 'M' 'M'
 'M' 'M' 'M' 'M' 'M' 'M' 'M' 'M' 'M' 'M' 'M' 'M' 'U' 'M' 'M' 'U' 'M' 'U'
 'M' 'M' 'U' 'M' 'U' 'M' 'M' 'M' 'M' 'M' 'M' 'M' 'M' 'M' 'M' 'M' 'M' 'M']"
421101,0,160,3,157,38,0,0,"['A' 'M' 'M' 'M' 'U' 'U' 'M' 'M' 'M' 'M' 'M' 'M' 'M' 'M' 'M' 'M' 'M' 'M'
 'M' 'M' 'M' 'M' 'M' 'M' 'M' 'U' 'M' 'M' 'M' 'M' 'M' 'M' 'M' 'M' 'M' 'M'
 'M' 'M' 'M' 'M' 'M' 'M' 'M' 'M' 'A' 'M' 'M' 'M' 'M' 'M' 'M' 'U' 'M' 'M'
 'M' 'U' 'U' 'M' 'M' 'M' 'M' 'M' 'M' 'M' 'M' 'U' 'M' 'M' 'M' 'M' 'M' 'M'
 'M' 'M' 'M' 'M' 'M' 'M' 'M' 'M' 'U' 'M' 'M' 'M' 'M' 'M' 'U' 'M' 'M' 'M'
 'M' 'U' 'U' 'M' 'M' 'M' 'U' 'U' 'M' 'M' 'M' 'U' 'M' 'M' 'M' 'M' 'M' 'M'
 'M' 'M' 'M' 'M' 'M' 'M' 'M' 'M' 'M' 'M' 'U' 'M' 'M' 'M' 'M' 'U' 'U' 'M'
 'M' 'U' 'M' 'M' 'M' 'U' 'U' 'U' 'U' 'U' 'U' 'U' 'U' 'M' 'M' 'M' 'M' 'M'
 'U' 'M' 'U' 'M' 'M' 'M' 'M' 'U' 'M' 'U' 'M' 'M' 'M' 'U' 'M' 'M' 'M' 'M'
 'M' 'M' 'M' 'M' 'M' 'M' 'M' 'M' 'M' 'M' 'A' 'M' 'U' 'M' 'M' 'U' 'M' 'U'
 'M' 'M' 'U' 'M' 'U' 'M' 'U' 'M' 'M' 'M' 'M' 'M' 'M' 'M' 'M' 'U' 'M' 'M']"
421201,0,156,3,153,42,1,0,"['A' 'M' 'M' 'M' 'M' 'M' 'M' 'M' 'M' 'M' 'M' 'M' 'M' 'M' 'M' 'M' 'M' 'M'
 'M' 'M' 'M' 'U' 'M' 'M' 'M' 'U' 'M' 'M' 'U' 'M' 'M' 'M' 'M' 'M' 'M' 'M'
 'M' 'M' 'M' 'M' 'M' 'M' 'M' 'M' 'U' 'M' 'M' 'M' 'M' 'M' 'M' 'U' 'M' 'M'
 'M' 'U' 'U' 'M' 'M' 'M' 'M' 'U' 'M' 'U' 'M' 'M' 'M' 'M' 'M' 'M' 'M' 'M'
 'M' 'U' 'M' 'M' 'M' 'M' 'M' 'M' 'M' 'U' 'M' 'M' 'M' 'U' 'U' 'M' 'M' 'M'
 'M' 'M' 'M' 'U' 'M' 'M' 'U' 'U' 'M' 'M' 'M' 'M' 'M' 'M' 'M' 'M' 'M' 'M'
 'M' 'M' 'M' 'U' 'M' 'M' 'M' 'M' 'M' 'M' 'U' 'M' 'M' 'M' 'M' 'U' 'U' 'M'
 'M' 'U' 'M' 'M' 'M' 'M' 'U' 'U' 'U' 'M' 'U' 'U' 'U' 'M' 'M' 'M' 'M' 'M'
 'U' 'M' 'U' 'M' 'M' 'U' 'M' 'M' 'M' 'M' 'M' 'M' 'M' 'U' 'M' 'M' 'M' 'M'
 'M' 'M' 'M' 'M' 'U' 'U' 'A' 'U' 'M' 'M' 'A' 'M' 'U' 'M' 'M' 'U' 'M' 'U'
 'M' 'U' 'U' 'M' 'U' 'M' 'U' 'M' 'M' 'M' 'M' 'M' 'M' 'M' 'M' 'U' 'M' 'M']"
421301,0,157,3,154,41,0,0,"['A' 'M' 'M' 'M' 'M' 'M' 'M' 'M' 'M' 'M' 'M' 'M' 'M' 'M' 'M' 'M' 'M' 'M'
 'M' 'M' 'M' 'U' 'M' 'M' 'M' 'M' 'M' 'M' 'M' 'M' 'M' 'M' 'M' 'M' 'M' 'M'
 'M' 'M' 'M' 'M' 'M' 'M' 'M' 'M' 'M' 'M' 'M' 'M' 'M' 'M' 'M' 'U' 'M' 'M'
 'M' 'U' 'U' 'M' 'M' 'M' 'M' 'U' 'M' 'A' 'M' 'M' 'M' 'M' 'M' 'M' 'M' 'M'
 'M' 'M' 'M' 'M' 'M' 'U' 'M' 'M' 'M' 'M' 'M' 'M' 'U' 'M' 'M' 'U' 'M' 'U'
 'M' 'M' 'M' 'U' 'M' 'M' 'U' 'U' 'M' 'U' 'M' 'M' 'M' 'M' 'U' 'M' 'M' 'M'
 'M' 'M' 'M' 'U' 'M' 'M' 'M' 'M' 'M' 'M' 'M' 'U' 'M' 'M' 'M' 'U' 'U' 'M'
 'M' 'U' 'M' 'M' 'M' 'M' 'U' 'U' 'U' 'M' 'M' 'U' 'U' 'M' 'M' 'M' 'M' 'M'
 'U' 'M' 'U' 'M' 'M' 'M' 'M' 'U' 'M' 'M' 'M' 'U' 'M' 'U' 'M' 'M' 'M' 'M'
 'M' 'M' 'M' 'M' 'U' 'U' 'A' 'U' 'M' 'M' 'M' 'U' 'U' 'M' 'M' 'U' 'M' 'U'
 'M' 'U' 'U' 'M' 'U' 'M' 'U' 'M' 'M' 'M' 'M' 'M' 'M' 'M' 'M' 'U' 'M' 'M']"
421401,0,164,4,160,34,0,0,"['A' 'M' 'M' 'M' 'M' 'M' 'M' 'M' 'M' 'M' 'M' 'M' 'M' 'M' 'M' 'M' 'M' 'M'
 'M' 'M' 'M' 'M' 'M' 'M' 'M' 'M' 'M' 'M' 'M' 'M' 'M' 'M' 'M' 'M' 'M' 'M'
 'M' 'M' 'M' 'M' 'M' 'M' 'M' 'M' 'M' 'M' 'M' 'M' 'M' 'M' 'M' 'U' 'M' 'M'
 'M' 'U' 'U' 'M' 'M' 'M' 'M' 'M' 'M' 'A' 'M' 'U' 'M' 'M' 'M' 'M' 'M' 'U'
 'U' 'M' 'M' 'M' 'M' 'M' 'M' 'M' 'U' 'M' 'M' 'M' 'M' 'M' 'M' 'M' 'M' 'M'
 'M' 'M' 'U' 'M' 'M' 'M' 'U' 'U' 'M' 'M' 'M' 'M' 'U' 'M' 'U' 'M' 'M' 'M'
 'M' 'M' 'M' 'M' 'M' 'M' 'M' 'M' 'M' 'M' 'M' 'U' 'M' 'M' 'M' 'U' 'U' 'M'
 'U' 'U' 'M' 'M' 'M' 'M' 'U' 'U' 'A' 'U' 'U' 'U' 'U' 'M' 'M' 'M' 'M' 'M'
 'M' 'M' 'M' 'M' 'M' 'M' 'M' 'U' 'M' 'M' 'M' 'U' 'M' 'M' 'M' 'M' 'M' 'M'
 'M' 'M' 'M' 'M' 'U' 'M' 'A' 'U' 'M' 'M' 'M' 'M' 'U' 'M' 'M' 'U' 'M' 'U'
 'M' 'U' 'U' 'M' 'U' 'M' 'M' 'M' 'M' 'M' 'M' 'M' 'M' 'M' 'M' 'U' 'M' 'M']"
421501,0,164,5,159,34,0,0,"['A' 'M' 'M' 'M' 'M' 'M' 'M' 'M' 'M' 'M' 'M' 'M' 'M' 'M' 'M' 'M' 'M' 'M'
 'M' 'M' 'M' 'M' 'M' 'M' 'M' 'M' 'M' 'M' 'M' 'M' 'M' 'M' 'M' 'U' 'M' 'M'
 'M' 'M' 'M' 'M' 'M' 'M' 'M' 'M' 'M' 'M' 'M' 'M' 'M' 'M' 'M' 'U' 'M' 'M'
 'M' 'M' 'U' 'M' 'M' 'M' 'M' 'M' 'M' 'A' 'M' 'U' 'U' 'M' 'M' 'M' 'M' 'M'
 'M' 'M' 'M' 'M' 'M' 'M' 'M' 'M' 'M' 'U' 'M' 'M' 'M' 'M' 'M' 'U' 'M' 'M'
 'U' 'M' 'M' 'M' 'M' 'M' 'U' 'U' 'M' 'M' 'M' 'M' 'U' 'M' 'U' 'M' 'M' 'M'
 'M' 'M' 'M' 'M' 'M' 'U' 'M' 'M' 'M' 'M' 'M' 'U' 'M' 'M' 'U' 'M' 'U' 'M'
 'M' 'M' 'M' 'M' 'M' 'U' 'U' 'U' 'A' 'U' 'U' 'U' 'M' 'M' 'U' 'M' 'M' 'M'
 'M' 'M' 'M' 'M' 'M' 'M' 'M' 'U' 'M' 'M' 'M' 'U' 'M' 'M' 'M' 'M' 'M' 'U'
 'M' 'M' 'M' 'M' 'U' 'U' 'A' 'M' 'M' 'M' 'M' 'M' 'U' 'M' 'M' 'U' 'M' 'U'
 'M' 'M' 'U' 'M' 'U' 'M' 'M' 'M' 'U' 'M' 'M' 'M' 'M' 'M' 'M' 'A' 'M' 'M']"
421601,0,165,7,158,33,0,0,"['A' 'M' 'M' 'M' 'M' 'M' 'M' 'M' 'M' 'M' 'M' 'M' 'M' 'M' 'M' 'M' 'M' 'M'
 'M' 'M' 'M' 'M' 'M' 'M' 'U' 'M' 'M' 'M' 'M' 'M' 'M' 'M' 'M' 'M' 'M' 'M'
 'M' 'M' 'M' 'M' 'M' 'M' 'M' 'M' 'M' 'M' 'M' 'M' 'M' 'M' 'M' 'M' 'M' 'M'
 'M' 'M' 'U' 'M' 'M' 'M' 'M' 'M' 'M' 'A' 'M' 'M' 'M' 'M' 'M' 'M' 'M' 'U'
 'M' 'M' 'M' 'M' 'M' 'M' 'M' 'M' 'M' 'M' 'M' 'U' 'U' 'U' 'M' 'M' 'M' 'M'
 'M' 'M' 'M' 'M' 'U' 'U' 'M' 'U' 'M' 'M' 'M' 'M' 'U' 'U' 'U' 'M' 'M' 'M'
 'M' 'M' 'M' 'M' 'M' 'U' 'M' 'M' 'M' 'M' 'M' 'U' 'M' 'M' 'M' 'M' 'U' 'M'
 'M' 'M' 'M' 'U' 'M' 'U' 'U' 'U' 'A' 'U' 'U' 'U' 'M' 'M' 'U' 'M' 'M' 'M'
 'M' 'M' 'M' 'M' 'M' 'M' 'M' 'U' 'M' 'M' 'M' 'M' 'M' 'M' 'U' 'M' 'M' 'A'
 'M' 'M' 'M' 'M' 'U' 'U' 'A' 'M' 'M' 'M' 'M' 'M' 'U' 'M' 'M' 'A' 'M' 'U'
 'M' 'M' 'U' 'M' 'U' 'M' 'M' 'M' 'U' 'M' 'M' 'U' 'M' 'M' 'M' 'A' 'M' 'M']"
421701,0,166,6,160,32,0,0,"['A' 'M' 'U' 'M' 'M' 'M' 'M' 'M' 'M' 'M' 'M' 'M' 'M' 'M' 'M' 'M' 'M' 'M'
 'M' 'M' 'M' 'M' 'M' 'M' 'U' 'M' 'M' 'M' 'M' 'M' 'M' 'M' 'M' 'M' 'M' 'M'
 'M' 'M' 'M' 'M' 'M' 'M' 'M' 'M' 'M' 'M' 'M' 'M' 'M' 'M' 'M' 'M' 'M' 'M'
 'M' 'M' 'U' 'M' 'U' 'M' 'M' 'M' 'M' 'A' 'M' 'M' 'U' 'M' 'M' 'M' 'M' 'M'
 'M' 'M' 'M' 'M' 'M' 'U' 'M' 'U' 'M' 'M' 'M' 'M' 'M' 'U' 'U' 'M' 'M' 'M'
 'M' 'M' 'M' 'M' 'M' 'U' 'M' 'U' 'M' 'M' 'U' 'M' 'U' 'U' 'M' 'M' 'M' 'M'
 'M' 'M' 'M' 'M' 'M' 'U' 'M' 'M' 'M' 'M' 'M' 'U' 'M' 'M' 'M' 'U' 'M' 'M'
 'M' 'M' 'M' 'U' 'M' 'M' 'U' 'U' 'A' 'M' 'U' 'U' 'M' 'M' 'U' 'M' 'M' 'M'
 'M' 'M' 'M' 'M' 'M' 'M' 'M' 'U' 'M' 'M' 'M' 'M' 'M' 'M' 'U' 'M' 'M' 'A'
 'M' 'M' 'M' 'M' 'U' 'U' 'A' 'M' 'M' 'M' 'M' 'M' 'U' 'M' 'U' 'U' 'M' 'M'
 'M' 'M' 'M' 'M' 'M' 'M' 'M' 'M' 'U' 'M' 'M' 'U' 'M' 'M' 'M' 'A' 'M' 'M']"
421801,0,166,4,162,32,0,0,"['A' 'U' 'M' 'M' 'U' 'M' 'M' 'M' 'M' 'M' 'M' 'M' 'M' 'M' 'M' 'M' 'M' 'M'
 'M' 'U' 'M' 'M' 'M' 'M' 'U' 'M' 'M' 'M' 'M' 'M' 'M' 'M' 'M' 'M' 'M' 'M'
 'M' 'M' 'M' 'M' 'M' 'M' 'M' 'M' 'M' 'M' 'M' 'M' 'M' 'M' 'M' 'M' 'M' 'M'
 'M' 'M' 'U' 'M' 'U' 'M' 'M' 'M' 'M' 'A' 'M' 'M' 'M' 'M' 'M' 'M' 'M' 'U'
 'U' 'M' 'M' 'M' 'M' 'M' 'M' 'M' 'U' 'M' 'U' 'M' 'M' 'M' 'M' 'M' 'U' 'M'
 'M' 'M' 'M' 'M' 'M' 'M' 'M' 'U' 'M' 'U' 'U' 'M' 'U' 'U' 'M' 'M' 'M' 'M'
 'M' 'M' 'M' 'M' 'M' 'U' 'M' 'M' 'M' 'M' 'M' 'M' 'M' 'M' 'M' 'U' 'M' 'M'
 'M' 'M' 'M' 'U' 'M' 'M' 'U' 'U' 'A' 'M' 'M' 'U' 'M' 'M' 'U' 'M' 'M' 'M'
 'M' 'M' 'M' 'M' 'M' 'M' 'M' 'U' 'M' 'M' 'M' 'M' 'M' 'M' 'A' 'M' 'M' 'U'
 'M' 'M' 'M' 'M' 'M' 'U' 'U' 'M' 'M' 'M' 'M' 'M' 'M' 'M' 'U' 'U' 'M' 'M'
 'M' 'M' 'M' 'M' 'M' 'M' 'M' 'M' 'M' 'M' 'M' 'U' 'M' 'M' 'M' 'U' 'M' 'U']"
421901,0,162,5,157,36,0,0,"['A' 'U' 'M' 'M' 'U' 'U' 'M' 'M' 'M' 'M' 'M' 'M' 'M' 'M' 'M' 'M' 'M' 'M'
 'M' 'U' 'M' 'M' 'M' 'M' 'U' 'M' 'M' 'M' 'U' 'M' 'M' 'M' 'M' 'M' 'M' 'M'
 'U' 'U' 'M' 'M' 'M' 'M' 'M' 'M' 'M' 'M' 'M' 'M' 'M' 'M' 'M' 'M' 'M' 'M'
 'M' 'M' 'U' 'M' 'M' 'M' 'M' 'M' 'M' 'A' 'M' 'M' 'U' 'M' 'M' 'M' 'U' 'M'
 'M' 'M' 'U' 'M' 'M' 'M' 'M' 'M' 'M' 'M' 'M' 'M' 'M' 'M' 'U' 'M' 'M' 'M'
 'M' 'U' 'M' 'M' 'M' 'M' 'M' 'U' 'M' 'U' 'U' 'M' 'M' 'U' 'M' 'M' 'M' 'M'
 'M' 'M' 'M' 'M' 'M' 'M' 'M' 'M' 'M' 'M' 'M' 'M' 'M' 'M' 'M' 'U' 'M' 'M'
 'M' 'M' 'M' 'U' 'U' 'M' 'U' 'U' 'A' 'M' 'M' 'U' 'M' 'M' 'A' 'U' 'M' 'M'
 'M' 'M' 'M' 'M' 'M' 'M' 'M' 'U' 'M' 'U' 'M' 'M' 'M' 'M' 'A' 'M' 'M' 'U'
 'M' 'M' 'M' 'M' 'M' 'U' 'U' 'M' 'M' 'M' 'M' 'M' 'M' 'M' 'U' 'U' 'M' 'M'
 'M' 'M' 'M' 'U' 'M' 'M' 'M' 'M' 'M' 'M' 'M' 'U' 'M' 'M' 'M' 'U' 'M' 'U']"
422001,0,163,6,157,35,0,1,"['A' 'U' 'M' 'M' 'U' 'U' 'M' 'M' 'M' 'M' 'M' 'M' 'M' 'M' 'M' 'M' 'M' 'M'
 'M' 'U' 'M' 'M' 'M' 'M' 'U' 'M' 'M' 'M' 'U' 'M' 'M' 'M' 'M' 'M' 'M' 'M'
 'U' 'M' 'M' 'M' 'M' 'M' 'M' 'M' 'M' 'M' 'M' 'M' 'M' 'M' 'M' 'M' 'M' 'M'
 'M' 'M' 'M' 'M' 'M' 'M' 'M' 'M' 'M' 'A' 'M' 'M' 'M' 'U' 'U' 'U' 'M' 'M'
 'M' 'M' 'M' 'M' 'U' 'M' 'M' 'M' 'M' 'M' 'M' 'M' 'M' 'M' 'M' 'M' 'U' 'M'
 'M' 'M' 'M' 'M' 'M' 'M' 'M' 'U' 'M' 'U' 'U' 'M' 'M' 'U' 'M' 'M' 'M' 'M'
 'M' 'M' 'M' 'M' 'M' 'M' 'M' 'M' 'M' 'M' 'M' 'M' 'M' 'M' 'M' 'M' 'M' 'M'
 'M' 'M' 'M' 'M' 'M' 'U' 'U' 'U' 'A' 'U' 'U' 'U' 'U' 'M' 'A' 'M' 'M' 'U'
 'M' 'M' 'M' 'M' 'M' 'M' 'M' 'U' 'M' 'U' 'M' 'M' 'M' 'M' 'M' 'M' 'U' 'U'
 'U' 'M' 'M' 'M' 'M' 'U' 'M' 'M' 'M' 'M' 'M' 'M' 'M' 'U' 'M' 'A' 'M' 'M'
 'M' 'M' 'M' 'U' 'M' 'M' 'M' 'M' 'M' 'U' 'M' 'A' 'M' 'M' 'M' 'U' 'M' 'U']"
422101,0,160,5,155,38,0,0,"['A' 'U' 'M' 'M' 'U' 'U' 'M' 'M' 'M' 'M' 'M' 'M' 'U' 'M' 'M' 'M' 'M' 'M'
 'M' 'U' 'M' 'M' 'M' 'M' 'U' 'M' 'M' 'M' 'U' 'M' 'M' 'M' 'M' 'M' 'M' 'M'
 'U' 'M' 'M' 'M' 'M' 'M' 'U' 'M' 'M' 'M' 'M' 'M' 'M' 'M' 'M' 'M' 'U' 'U'
 'M' 'M' 'M' 'M' 'M' 'M' 'M' 'M' 'M' 'A' 'M' 'M' 'M' 'M' 'M' 'M' 'U' 'M'
 'M' 'M' 'M' 'U' 'U' 'U' 'U' 'M' 'M' 'M' 'M' 'M' 'M' 'M' 'M' 'M' 'M' 'M'
 'M' 'M' 'M' 'M' 'M' 'M' 'M' 'U' 'M' 'U' 'U' 'M' 'M' 'U' 'M' 'M' 'M' 'U'
 'M' 'M' 'M' 'M' 'M' 'M' 'U' 'U' 'M' 'M' 'M' 'M' 'M' 'M' 'M' 'M' 'M' 'M'
 'M' 'M' 'M' 'M' 'M' 'M' 'M' 'U' 'A' 'U' 'U' 'M' 'M' 'M' 'M' 'M' 'M' 'U'
 'M' 'U' 'M' 'M' 'M' 'U' 'M' 'U' 'M' 'U' 'M' 'M' 'M' 'M' 'M' 'M' 'U' 'M'
 'U' 'M' 'M' 'M' 'M' 'M' 'M' 'M' 'M' 'M' 'M' 'M' 'U' 'U' 'M' 'A' 'M' 'M'
 'M' 'M' 'M' 'M' 'M' 'M' 'M' 'M' 'M' 'U' 'M' 'A' 'M' 'M' 'M' 'U' 'M' 'U']"
422201,0,159,6,153,39,0,0,"['A' 'U' 'M' 'M' 'U' 'U' 'M' 'M' 'M' 'M' 'M' 'M' 'U' 'M' 'M' 'M' 'M' 'M'
 'M' 'U' 'M' 'M' 'M' 'M' 'U' 'M' 'M' 'M' 'M' 'M' 'M' 'M' 'M' 'M' 'M' 'M'
 'U' 'M' 'M' 'M' 'M' 'M' 'M' 'M' 'M' 'M' 'M' 'M' 'U' 'M' 'M' 'M' 'U' 'U'
 'M' 'U' 'M' 'M' 'M' 'M' 'M' 'U' 'M' 'A' 'M' 'M' 'M' 'M' 'M' 'M' 'M' 'M'
 'M' 'M' 'M' 'M' 'M' 'U' 'M' 'M' 'M' 'U' 'M' 'M' 'M' 'M' 'M' 'M' 'M' 'M'
 'M' 'U' 'U' 'U' 'M' 'M' 'M' 'U' 'U' 'U' 'U' 'M' 'M' 'A' 'M' 'M' 'M' 'U'
 'M' 'M' 'M' 'M' 'M' 'M' 'U' 'U' 'M' 'M' 'M' 'U' 'M' 'M' 'M' 'M' 'M' 'M'
 'M' 'M' 'M' 'M' 'M' 'M' 'M' 'U' 'A' 'M' 'U' 'U' 'M' 'M' 'M' 'M' 'U' 'M'
 'M' 'U' 'M' 'M' 'M' 'M' 'M' 'U' 'M' 'U' 'M' 'M' 'M' 'M' 'M' 'M' 'U' 'M'
 'U' 'M' 'M' 'M' 'M' 'M' 'M' 'M' 'M' 'U' 'M' 'M' 'U' 'U' 'M' 'U' 'M' 'M'
 'M' 'M' 'M' 'M' 'M' 'M' 'M' 'M' 'M' 'A' 'M' 'A' 'M' 'M' 'M' 'M' 'M' 'U']"
422301,0,161,7,154,37,0,0,"['A' 'U' 'M' 'M' 'U' 'U' 'M' 'M' 'M' 'M' 'U' 'M' 'U' 'M' 'M' 'M' 'M' 'U'
 'M' 'U' 'M' 'M' 'M' 'M' 'M' 'M' 'M' 'M' 'M' 'M' 'M' 'M' 'M' 'M' 'M' 'M'
 'U' 'M' 'M' 'M' 'M' 'M' 'M' 'U' 'M' 'M' 'U' 'M' 'M' 'M' 'M' 'M' 'M' 'U'
 'M' 'U' 'M' 'M' 'M' 'M' 'M' 'M' 'M' 'A' 'M' 'U' 'U' 'M' 'M' 'M' 'U' 'M'
 'M' 'M' 'U' 'M' 'M' 'M' 'M' 'M' 'M' 'M' 'M' 'M' 'U' 'M' 'M' 'M' 'M' 'M'
 'M' 'M' 'M' 'M' 'M' 'M' 'M' 'U' 'U' 'U' 'A' 'M' 'M' 'A' 'M' 'M' 'M' 'U'
 'M' 'M' 'M' 'M' 'M' 'M' 'U' 'U' 'M' 'M' 'M' 'M' 'M' 'M' 'M' 'M' 'M' 'M'
 'M' 'M' 'M' 'M' 'M' 'M' 'M' 'U' 'A' 'M' 'U' 'U' 'U' 'M' 'M' 'M' 'M' 'M'
 'M' 'U' 'M' 'M' 'M' 'M' 'M' 'U' 'M' 'U' 'M' 'M' 'M' 'M' 'M' 'M' 'U' 'U'
 'M' 'M' 'M' 'M' 'M' 'M' 'M' 'M' 'M' 'M' 'M' 'M' 'M' 'U' 'M' 'U' 'M' 'M'
 'M' 'M' 'M' 'U' 'M' 'M' 'U' 'M' 'M' 'A' 'M' 'A' 'M' 'M' 'M' 'M' 'M' 'U']"
422401,0,173,9,164,25,0,0,"['A' 'U' 'M' 'M' 'U' 'M' 'M' 'M' 'M' 'M' 'U' 'M' 'M' 'M' 'M' 'M' 'M' 'U'
 'M' 'M' 'M' 'M' 'M' 'M' 'M' 'M' 'M' 'M' 'M' 'M' 'M' 'M' 'M' 'M' 'M' 'M'
 'U' 'M' 'M' 'M' 'M' 'M' 'M' 'A' 'U' 'M' 'U' 'M' 'M' 'M' 'M' 'M' 'M' 'U'
 'M' 'M' 'M' 'M' 'M' 'M' 'M' 'M' 'M' 'A' 'M' 'U' 'M' 'U' 'M' 'U' 'M' 'M'
 'M' 'M' 'M' 'M' 'M' 'M' 'M' 'M' 'U' 'M' 'M' 'M' 'M' 'M' 'M' 'M' 'M' 'M'
 'U' 'M' 'M' 'M' 'M' 'M' 'M' 'A' 'U' 'A' 'M' 'M' 'M' 'A' 'M' 'M' 'M' 'U'
 'M' 'M' 'M' 'M' 'M' 'M' 'U' 'U' 'M' 'M' 'M' 'M' 'M' 'M' 'M' 'M' 'M' 'M'
 'M' 'M' 'M' 'M' 'M' 'M' 'M' 'M' 'A' 'M' 'A' 'U' 'U' 'M' 'M' 'M' 'M' 'M'
 'M' 'M' 'M' 'M' 'M' 'M' 'M' 'U' 'M' 'M' 'M' 'M' 'M' 'M' 'M' 'M' 'U' 'M'
 'M' 'M' 'M' 'M' 'M' 'M' 'M' 'M' 'M' 'M' 'M' 'M' 'M' 'U' 'M' 'U' 'M' 'M'
 'M' 'M' 'M' 'U' 'M' 'M' 'U' 'M' 'M' 'M' 'M' 'A' 'M' 'M' 'M' 'M' 'M' 'M']"
422501,0,174,7,167,24,0,0,"['A' 'M' 'M' 'M' 'U' 'M' 'U' 'M' 'M' 'M' 'U' 'M' 'M' 'M' 'M' 'M' 'M' 'M'
 'M' 'M' 'M' 'M' 'M' 'M' 'M' 'M' 'M' 'M' 'M' 'U' 'M' 'M' 'M' 'M' 'M' 'M'
 'M' 'M' 'M' 'M' 'M' 'M' 'M' 'A' 'A' 'M' 'M' 'M' 'M' 'M' 'M' 'M' 'M' 'U'
 'M' 'M' 'M' 'M' 'M' 'M' 'U' 'M' 'M' 'A' 'M' 'M' 'M' 'U' 'U' 'M' 'M' 'M'
 'U' 'M' 'M' 'M' 'M' 'U' 'M' 'M' 'M' 'M' 'M' 'M' 'M' 'M' 'M' 'M' 'M' 'M'
 'M' 'U' 'M' 'M' 'M' 'M' 'M' 'U' 'U' 'A' 'M' 'M' 'M' 'U' 'M' 'M' 'M' 'U'
 'M' 'M' 'M' 'M' 'M' 'M' 'M' 'U' 'M' 'M' 'M' 'M' 'M' 'M' 'M' 'M' 'M' 'M'
 'M' 'M' 'M' 'M' 'M' 'M' 'M' 'M' 'A' 'M' 'A' 'M' 'U' 'M' 'M' 'M' 'M' 'M'
 'M' 'M' 'M' 'M' 'M' 'M' 'M' 'U' 'M' 'M' 'M' 'M' 'M' 'M' 'M' 'M' 'U' 'M'
 'M' 'M' 'M' 'M' 'M' 'M' 'M' 'M' 'M' 'M' 'M' 'M' 'M' 'M' 'M' 'U' 'M' 'M'
 'M' 'M' 'M' 'U' 'M' 'M' 'U' 'M' 'M' 'M' 'M' 'M' 'U' 'M' 'U' 'M' 'M' 'M']"
422601,0,169,5,164,29,0,0,"['A' 'M' 'M' 'M' 'U' 'M' 'M' 'M' 'M' 'M' 'U' 'M' 'M' 'M' 'M' 'M' 'M' 'M'
 'M' 'M' 'M' 'M' 'M' 'M' 'M' 'M' 'U' 'M' 'M' 'U' 'M' 'M' 'M' 'M' 'M' 'M'
 'M' 'M' 'M' 'M' 'M' 'U' 'M' 'U' 'U' 'M' 'M' 'M' 'M' 'M' 'M' 'M' 'M' 'U'
 'M' 'M' 'U' 'M' 'M' 'U' 'U' 'M' 'M' 'A' 'M' 'M' 'M' 'M' 'M' 'M' 'M' 'M'
 'M' 'M' 'U' 'M' 'M' 'U' 'M' 'M' 'M' 'U' 'M' 'U' 'M' 'M' 'M' 'M' 'M' 'M'
 'M' 'M' 'M' 'M' 'U' 'M' 'U' 'U' 'U' 'A' 'M' 'M' 'M' 'U' 'M' 'M' 'M' 'M'
 'M' 'M' 'M' 'M' 'M' 'M' 'M' 'U' 'M' 'M' 'M' 'M' 'M' 'M' 'U' 'M' 'M' 'M'
 'M' 'M' 'M' 'M' 'M' 'M' 'M' 'M' 'A' 'M' 'A' 'M' 'U' 'M' 'M' 'M' 'M' 'M'
 'M' 'M' 'M' 'M' 'M' 'M' 'M' 'M' 'M' 'M' 'M' 'M' 'M' 'M' 'M' 'M' 'U' 'M'
 'M' 'M' 'M' 'M' 'M' 'M' 'M' 'M' 'M' 'M' 'M' 'M' 'M' 'M' 'M' 'U' 'M' 'M'
 'M' 'M' 'M' 'U' 'M' 'M' 'U' 'M' 'M' 'M' 'M' 'M' 'U' 'M' 'U' 'M' 'M' 'M']"
422701,0,161,4,157,37,0,0,"['A' 'M' 'M' 'U' 'U' 'M' 'M' 'M' 'M' 'M' 'U' 'M' 'M' 'M' 'M' 'M' 'M' 'U'
 'M' 'M' 'M' 'M' 'M' 'M' 'M' 'M' 'U' 'M' 'U' 'U' 'M' 'M' 'M' 'M' 'M' 'M'
 'M' 'M' 'M' 'M' 'M' 'U' 'M' 'U' 'U' 'M' 'M' 'M' 'M' 'M' 'M' 'M' 'M' 'U'
 'M' 'M' 'U' 'M' 'M' 'U' 'U' 'M' 'M' 'A' 'M' 'M' 'M' 'M' 'M' 'M' 'U' 'M'
 'M' 'U' 'M' 'M' 'M' 'M' 'M' 'M' 'M' 'U' 'U' 'M' 'M' 'M' 'M' 'M' 'M' 'M'
 'M' 'M' 'M' 'M' 'U' 'M' 'U' 'U' 'U' 'U' 'M' 'M' 'M' 'U' 'M' 'M' 'M' 'M'
 'M' 'M' 'M' 'M' 'M' 'M' 'M' 'U' 'M' 'M' 'M' 'M' 'M' 'M' 'U' 'M' 'M' 'M'
 'M' 'M' 'M' 'M' 'M' 'M' 'U' 'U' 'A' 'U' 'A' 'U' 'U' 'M' 'M' 'M' 'M' 'U'
 'M' 'M' 'M' 'M' 'M' 'M' 'M' 'M' 'M' 'U' 'M' 'U' 'M' 'M' 'M' 'M' 'U' 'M'
 'M' 'U' 'M' 'M' 'M' 'M' 'M' 'M' 'M' 'M' 'M' 'M' 'M' 'M' 'M' 'M' 'M' 'M'
 'M' 'M' 'M' 'U' 'M' 'M' 'M' 'M' 'M' 'M' 'M' 'M' 'M' 'M' 'M' 'M' 'M' 'M']"
422801,0,161,2,159,37,1,0,"['A' 'M' 'M' 'U' 'M' 'M' 'M' 'M' 'M' 'M' 'U' 'M' 'M' 'M' 'M' 'M' 'M' 'U'
 'M' 'M' 'M' 'U' 'M' 'M' 'M' 'M' 'U' 'M' 'U' 'U' 'M' 'U' 'M' 'M' 'M' 'M'
 'M' 'M' 'M' 'M' 'M' 'U' 'M' 'U' 'U' 'M' 'M' 'M' 'M' 'M' 'M' 'M' 'M' 'U'
 'M' 'M' 'U' 'M' 'M' 'M' 'U' 'M' 'M' 'U' 'M' 'M' 'M' 'M' 'M' 'M' 'M' 'M'
 'M' 'M' 'M' 'M' 'U' 'M' 'M' 'M' 'U' 'M' 'M' 'M' 'M' 'U' 'M' 'U' 'M' 'M'
 'M' 'M' 'M' 'M' 'U' 'M' 'U' 'U' 'U' 'U' 'M' 'M' 'M' 'M' 'M' 'M' 'M' 'U'
 'M' 'M' 'M' 'M' 'M' 'M' 'M' 'M' 'M' 'M' 'M' 'M' 'M' 'U' 'U' 'M' 'M' 'M'
 'M' 'M' 'M' 'M' 'M' 'M' 'M' 'M' 'U' 'U' 'A' 'M' 'M' 'M' 'M' 'M' 'M' 'M'
 'M' 'M' 'U' 'M' 'M' 'M' 'M' 'M' 'M' 'M' 'M' 'U' 'U' 'M' 'M' 'M' 'U' 'M'
 'M' 'U' 'U' 'M' 'M' 'M' 'M' 'M' 'M' 'M' 'M' 'M' 'M' 'U' 'M' 'M' 'M' 'M'
 'M' 'M' 'M' 'U' 'M' 'M' 'M' 'M' 'M' 'M' 'M' 'M' 'M' 'M' 'M' 'M' 'M' 'M']"
422901,0,162,2,160,36,0,1,"['A' 'M' 'M' 'M' 'M' 'M' 'M' 'M' 'M' 'M' 'U' 'M' 'M' 'M' 'M' 'M' 'M' 'U'
 'M' 'M' 'M' 'M' 'M' 'M' 'U' 'M' 'U' 'M' 'U' 'U' 'M' 'M' 'M' 'M' 'M' 'U'
 'M' 'M' 'M' 'M' 'M' 'U' 'M' 'U' 'U' 'M' 'M' 'M' 'M' 'M' 'M' 'M' 'M' 'U'
 'M' 'M' 'M' 'M' 'M' 'M' 'U' 'M' 'M' 'U' 'M' 'M' 'M' 'M' 'M' 'U' 'M' 'M'
 'M' 'U' 'M' 'M' 'M' 'M' 'M' 'M' 'M' 'M' 'M' 'U' 'U' 'U' 'M' 'M' 'M' 'M'
 'M' 'M' 'M' 'M' 'M' 'M' 'M' 'U' 'M' 'U' 'M' 'M' 'M' 'M' 'M' 'M' 'M' 'U'
 'M' 'U' 'M' 'M' 'M' 'M' 'M' 'M' 'M' 'M' 'M' 'M' 'M' 'U' 'U' 'M' 'M' 'M'
 'M' 'M' 'M' 'M' 'M' 'M' 'M' 'M' 'U' 'M' 'A' 'M' 'M' 'M' 'M' 'M' 'M' 'M'
 'M' 'M' 'U' 'M' 'M' 'M' 'M' 'M' 'U' 'M' 'M' 'M' 'U' 'M' 'M' 'M' 'U' 'U'
 'M' 'U' 'U' 'M' 'U' 'M' 'M' 'M' 'M' 'M' 'M' 'M' 'M' 'U' 'U' 'M' 'M' 'M'
 'M' 'M' 'M' 'M' 'M' 'M' 'M' 'M' 'M' 'M' 'M' 'U' 'M' 'M' 'M' 'M' 'M' 'M']"
423001,0,166,4,162,32,0,0,"['A' 'M' 'M' 'M' 'M' 'M' 'M' 'M' 'M' 'M' 'U' 'M' 'M' 'M' 'M' 'M' 'M' 'U'
 'M' 'M' 'M' 'M' 'M' 'M' 'U' 'M' 'M' 'M' 'U' 'U' 'M' 'M' 'M' 'M' 'M' 'M'
 'M' 'M' 'M' 'M' 'M' 'U' 'M' 'U' 'U' 'M' 'M' 'M' 'M' 'M' 'M' 'M' 'M' 'U'
 'M' 'M' 'M' 'M' 'U' 'M' 'U' 'M' 'M' 'U' 'M' 'M' 'M' 'M' 'U' 'M' 'U' 'M'
 'M' 'M' 'M' 'M' 'M' 'M' 'M' 'U' 'M' 'M' 'M' 'M' 'M' 'M' 'M' 'U' 'M' 'M'
 'U' 'M' 'M' 'M' 'M' 'M' 'M' 'M' 'M' 'M' 'M' 'U' 'M' 'M' 'M' 'M' 'M' 'U'
 'M' 'U' 'M' 'M' 'M' 'M' 'M' 'U' 'M' 'M' 'M' 'M' 'M' 'U' 'U' 'M' 'M' 'M'
 'M' 'M' 'M' 'M' 'M' 'M' 'M' 'M' 'U' 'M' 'A' 'M' 'M' 'M' 'M' 'M' 'M' 'M'
 'M' 'M' 'M' 'U' 'M' 'M' 'M' 'M' 'A' 'M' 'M' 'M' 'A' 'M' 'M' 'M' 'U' 'U'
 'M' 'U' 'U' 'M' 'U' 'M' 'M' 'M' 'M' 'M' 'M' 'M' 'M' 'M' 'U' 'M' 'M' 'M'
 'M' 'M' 'M' 'M' 'M' 'M' 'M' 'M' 'M' 'M' 'M' 'U' 'M' 'M' 'M' 'M' 'M' 'M']"
423101,0,165,2,163,33,0,1,"['A' 'U' 'M' 'M' 'M' 'M' 'M' 'M' 'M' 'M' 'U' 'M' 'M' 'M' 'M' 'M' 'U' 'U'
 'M' 'M' 'M' 'M' 'M' 'M' 'U' 'M' 'M' 'M' 'U' 'U' 'M' 'M' 'M' 'M' 'M' 'M'
 'M' 'M' 'M' 'M' 'M' 'U' 'M' 'U' 'U' 'M' 'M' 'M' 'M' 'U' 'M' 'M' 'M' 'M'
 'M' 'M' 'M' 'M' 'M' 'M' 'U' 'M' 'M' 'M' 'M' 'M' 'M' 'U' 'M' 'M' 'M' 'M'
 'M' 'M' 'M' 'M' 'M' 'U' 'M' 'U' 'M' 'M' 'U' 'M' 'M' 'M' 'M' 'M' 'M' 'U'
 'M' 'M' 'M' 'M' 'M' 'M' 'M' 'M' 'M' 'M' 'M' 'U' 'M' 'M' 'M' 'M' 'M' 'U'
 'M' 'M' 'M' 'M' 'M' 'M' 'M' 'U' 'M' 'U' 'M' 'M' 'M' 'M' 'U' 'M' 'M' 'M'
 'M' 'M' 'M' 'M' 'M' 'M' 'M' 'M' 'U' 'M' 'U' 'M' 'M' 'M' 'M' 'U' 'M' 'M'
 'M' 'M' 'M' 'U' 'M' 'M' 'M' 'M' 'U' 'M' 'M' 'M' 'A' 'U' 'M' 'M' 'U' 'U'
 'M' 'U' 'U' 'M' 'U' 'M' 'M' 'M' 'M' 'M' 'M' 'M' 'M' 'M' 'M' 'M' 'M' 'M'
 'M' 'M' 'M' 'M' 'M' 'M' 'M' 'M' 'M' 'M' 'M' 'M' 'M' 'M' 'M' 'M' 'M' 'M']"
423201,0,168,3,165,30,0,0,"['A' 'M' 'M' 'M' 'M' 'M' 'M' 'M' 'M' 'M' 'U' 'M' 'M' 'M' 'M' 'M' 'U' 'U'
 'M' 'M' 'M' 'M' 'M' 'M' 'U' 'M' 'M' 'M' 'U' 'U' 'M' 'M' 'M' 'M' 'U' 'M'
 'M' 'M' 'M' 'M' 'M' 'U' 'M' 'A' 'M' 'M' 'M' 'M' 'M' 'M' 'M' 'M' 'M' 'M'
 'M' 'M' 'M' 'M' 'M' 'M' 'M' 'M' 'M' 'M' 'M' 'M' 'M' 'M' 'M' 'M' 'M' 'M'
 'M' 'U' 'M' 'M' 'M' 'M' 'M' 'M' 'M' 'M' 'M' 'U' 'U' 'U' 'M' 'M' 'M' 'M'
 'U' 'M' 'M' 'M' 'M' 'M' 'M' 'M' 'M' 'M' 'M' 'U' 'M' 'M' 'M' 'M' 'M' 'U'
 'M' 'M' 'M' 'M' 'M' 'M' 'M' 'M' 'M' 'U' 'M' 'M' 'M' 'M' 'U' 'M' 'M' 'M'
 'M' 'M' 'M' 'M' 'M' 'M' 'M' 'M' 'U' 'U' 'M' 'M' 'M' 'M' 'M' 'U' 'M' 'M'
 'M' 'M' 'M' 'U' 'M' 'M' 'M' 'M' 'U' 'M' 'M' 'M' 'A' 'U' 'M' 'M' 'U' 'U'
 'M' 'U' 'U' 'M' 'U' 'M' 'M' 'M' 'M' 'M' 'M' 'M' 'U' 'M' 'M' 'M' 'M' 'M'
 'M' 'M' 'M' 'M' 'M' 'M' 'M' 'M' 'M' 'U' 'M' 'M' 'M' 'M' 'M' 'M' 'M' 'M']"
423301,0,164,6,158,34,0,0,"['A' 'M' 'M' 'M' 'M' 'M' 'M' 'M' 'M' 'M' 'A' 'M' 'M' 'M' 'M' 'M' 'U' 'U'
 'M' 'U' 'M' 'M' 'M' 'M' 'M' 'M' 'M' 'M' 'U' 'U' 'M' 'M' 'M' 'M' 'M' 'M'
 'M' 'M' 'M' 'M' 'A' 'U' 'M' 'U' 'M' 'M' 'M' 'M' 'A' 'M' 'M' 'M' 'M' 'M'
 'M' 'M' 'M' 'M' 'M' 'M' 'M' 'M' 'M' 'M' 'U' 'M' 'M' 'U' 'M' 'U' 'U' 'M'
 'M' 'M' 'M' 'M' 'M' 'M' 'U' 'M' 'M' 'M' 'M' 'M' 'M' 'M' 'M' 'M' 'M' 'M'
 'M' 'M' 'M' 'U' 'M' 'M' 'M' 'M' 'M' 'M' 'M' 'U' 'M' 'M' 'M' 'M' 'M' 'U'
 'M' 'M' 'M' 'M' 'M' 'M' 'U' 'U' 'M' 'M' 'M' 'M' 'M' 'M' 'U' 'M' 'M' 'M'
 'M' 'M' 'M' 'M' 'M' 'M' 'U' 'U' 'M' 'U' 'U' 'U' 'U' 'M' 'M' 'U' 'U' 'M'
 'M' 'M' 'M' 'U' 'M' 'M' 'M' 'M' 'A' 'M' 'M' 'M' 'A' 'M' 'M' 'M' 'U' 'U'
 'M' 'U' 'U' 'M' 'M' 'M' 'M' 'M' 'M' 'M' 'M' 'M' 'M' 'M' 'M' 'M' 'M' 'M'
 'M' 'U' 'M' 'M' 'M' 'M' 'M' 'M' 'M' 'U' 'M' 'M' 'M' 'M' 'M' 'M' 'M' 'U']"
423401,0,159,5,154,39,0,0,"['A' 'M' 'U' 'M' 'U' 'M' 'M' 'M' 'M' 'M' 'U' 'M' 'M' 'M' 'M' 'U' 'M' 'M'
 'M' 'U' 'M' 'M' 'M' 'M' 'M' 'M' 'M' 'M' 'U' 'U' 'M' 'M' 'M' 'M' 'M' 'M'
 'U' 'M' 'M' 'M' 'A' 'M' 'M' 'U' 'M' 'M' 'M' 'M' 'A' 'M' 'M' 'M' 'M' 'M'
 'M' 'U' 'M' 'M' 'M' 'U' 'M' 'M' 'M' 'M' 'U' 'M' 'M' 'M' 'M' 'M' 'U' 'M'
 'M' 'M' 'M' 'M' 'M' 'M' 'M' 'U' 'M' 'M' 'M' 'M' 'U' 'M' 'M' 'U' 'M' 'M'
 'M' 'U' 'M' 'M' 'M' 'M' 'M' 'M' 'M' 'M' 'M' 'U' 'M' 'M' 'M' 'M' 'M' 'M'
 'M' 'M' 'M' 'M' 'M' 'M' 'U' 'M' 'M' 'M' 'M' 'M' 'M' 'M' 'U' 'M' 'M' 'M'
 'M' 'M' 'M' 'U' 'M' 'U' 'U' 'U' 'U' 'U' 'U' 'U' 'U' 'M' 'M' 'U' 'M' 'U'
 'M' 'M' 'M' 'U' 'M' 'M' 'M' 'M' 'A' 'M' 'M' 'M' 'U' 'M' 'M' 'M' 'U' 'U'
 'M' 'U' 'A' 'M' 'M' 'M' 'M' 'M' 'M' 'M' 'M' 'M' 'M' 'M' 'M' 'M' 'M' 'M'
 'M' 'U' 'M' 'M' 'M' 'M' 'M' 'M' 'M' 'U' 'M' 'M' 'M' 'M' 'M' 'M' 'M' 'U']"
423501,0,156,5,151,42,0,0,"['A' 'M' 'U' 'M' 'U' 'M' 'M' 'M' 'M' 'M' 'U' 'M' 'M' 'M' 'M' 'A' 'M' 'M'
 'M' 'U' 'M' 'M' 'M' 'U' 'M' 'M' 'M' 'M' 'M' 'U' 'M' 'M' 'M' 'M' 'M' 'M'
 'U' 'U' 'M' 'U' 'A' 'M' 'M' 'M' 'M' 'M' 'U' 'M' 'U' 'M' 'M' 'M' 'M' 'M'
 'M' 'U' 'M' 'M' 'M' 'U' 'M' 'M' 'M' 'M' 'U' 'M' 'U' 'M' 'M' 'M' 'M' 'M'
 'M' 'M' 'M' 'M' 'U' 'M' 'M' 'M' 'M' 'M' 'M' 'U' 'M' 'M' 'U' 'M' 'M' 'M'
 'M' 'M' 'M' 'M' 'U' 'M' 'M' 'M' 'U' 'M' 'M' 'U' 'M' 'M' 'M' 'M' 'M' 'M'
 'M' 'M' 'M' 'M' 'M' 'U' 'U' 'M' 'M' 'M' 'M' 'M' 'M' 'U' 'U' 'M' 'M' 'M'
 'U' 'U' 'M' 'U' 'M' 'M' 'U' 'U' 'U' 'U' 'U' 'U' 'M' 'M' 'M' 'U' 'M' 'U'
 'M' 'M' 'M' 'U' 'M' 'M' 'M' 'M' 'A' 'M' 'M' 'M' 'U' 'M' 'M' 'M' 'U' 'U'
 'M' 'M' 'A' 'M' 'M' 'M' 'M' 'M' 'M' 'M' 'M' 'M' 'M' 'M' 'M' 'M' 'M' 'M'
 'M' 'U' 'M' 'M' 'M' 'M' 'M' 'M' 'M' 'U' 'M' 'M' 'M' 'M' 'M' 'M' 'M' 'M']"
423601,1,154,4,150,44,0,0,"['A' 'M' 'U' 'U' 'U' 'M' 'M' 'M' 'U' 'M' 'U' 'U' 'M' 'M' 'M' 'U' 'M' 'M'
 'M' 'U' 'M' 'M' 'M' 'U' 'M' 'M' 'M' 'M' 'M' 'U' 'M' 'M' 'M' 'M' 'M' 'M'
 'U' 'U' 'M' 'M' 'A' 'M' 'M' 'M' 'M' 'M' 'U' 'M' 'M' 'M' 'M' 'M' 'M' 'M'
 'M' 'U' 'M' 'M' 'M' 'U' 'M' 'M' 'M' 'M' 'M' 'M' 'M' 'M' 'M' 'M' 'U' 'M'
 'U' 'M' 'M' 'M' 'M' 'U' 'M' 'M' 'M' 'U' 'M' 'M' 'M' 'M' 'M' 'M' 'M' 'M'
 'M' 'M' 'M' 'U' 'M' 'M' 'M' 'M' 'M' 'M' 'M' 'U' 'M' 'M' 'M' 'U' 'M' 'M'
 'M' 'M' 'M' 'M' 'M' 'U' 'U' 'M' 'M' 'M' 'M' 'M' 'M' 'U' 'M' 'M' 'M' 'M'
 'M' 'U' 'M' 'U' 'M' 'U' 'A' 'U' 'U' 'U' 'U' 'U' 'M' 'M' 'M' 'U' 'M' 'U'
 'M' 'M' 'M' 'U' 'M' 'M' 'M' 'M' 'U' 'M' 'M' 'M' 'U' 'M' 'M' 'M' 'M' 'U'
 'M' 'M' 'A' 'M' 'M' 'M' 'M' 'M' 'M' 'M' 'U' 'M' 'M' 'M' 'M' 'M' 'M' 'M'
 'U' 'M' 'M' 'U' 'M' 'M' 'M' 'M' 'M' 'U' 'U' 'M' 'M' 'M' 'M' 'M' 'M' 'M']"
423701,0,162,5,157,36,0,0,"['A' 'M' 'M' 'U' 'U' 'M' 'M' 'M' 'U' 'M' 'U' 'U' 'M' 'M' 'M' 'M' 'M' 'M'
 'M' 'U' 'M' 'M' 'M' 'M' 'M' 'M' 'M' 'M' 'M' 'A' 'M' 'M' 'M' 'M' 'M' 'M'
 'U' 'U' 'M' 'M' 'M' 'M' 'M' 'M' 'M' 'M' 'A' 'M' 'M' 'M' 'M' 'M' 'M' 'M'
 'M' 'U' 'M' 'U' 'M' 'U' 'M' 'M' 'M' 'M' 'M' 'M' 'M' 'M' 'M' 'M' 'M' 'M'
 'U' 'M' 'M' 'U' 'M' 'M' 'M' 'M' 'U' 'M' 'U' 'U' 'M' 'M' 'M' 'M' 'M' 'M'
 'M' 'M' 'M' 'M' 'M' 'M' 'M' 'U' 'M' 'M' 'M' 'M' 'M' 'M' 'M' 'M' 'M' 'M'
 'M' 'M' 'M' 'M' 'M' 'M' 'U' 'M' 'M' 'M' 'M' 'M' 'M' 'U' 'M' 'M' 'M' 'U'
 'M' 'U' 'M' 'U' 'M' 'U' 'A' 'U' 'U' 'U' 'U' 'U' 'U' 'M' 'M' 'U' 'M' 'U'
 'M' 'M' 'M' 'M' 'M' 'M' 'M' 'M' 'U' 'M' 'M' 'M' 'M' 'M' 'M' 'M' 'M' 'U'
 'M' 'M' 'A' 'M' 'M' 'M' 'M' 'M' 'M' 'M' 'U' 'M' 'M' 'M' 'M' 'M' 'M' 'M'
 'U' 'M' 'M' 'M' 'M' 'M' 'M' 'M' 'M' 'U' 'M' 'M' 'M' 'M' 'M' 'M' 'M' 'M']"
423801,0,159,5,154,39,0,0,"['A' 'M' 'M' 'U' 'M' 'M' 'M' 'M' 'U' 'M' 'U' 'U' 'M' 'M' 'M' 'M' 'M' 'M'
 'M' 'U' 'U' 'M' 'M' 'M' 'M' 'M' 'M' 'M' 'M' 'A' 'M' 'M' 'M' 'M' 'M' 'M'
 'U' 'U' 'M' 'M' 'M' 'M' 'M' 'M' 'M' 'M' 'A' 'M' 'M' 'M' 'U' 'M' 'M' 'M'
 'M' 'U' 'M' 'U' 'M' 'U' 'U' 'M' 'M' 'M' 'M' 'U' 'M' 'U' 'M' 'M' 'U' 'M'
 'M' 'M' 'M' 'M' 'M' 'M' 'M' 'M' 'M' 'M' 'M' 'M' 'M' 'M' 'M' 'U' 'M' 'M'
 'M' 'M' 'M' 'M' 'U' 'M' 'M' 'U' 'M' 'M' 'M' 'M' 'M' 'M' 'M' 'U' 'M' 'M'
 'M' 'U' 'M' 'M' 'M' 'M' 'U' 'M' 'M' 'M' 'M' 'M' 'M' 'M' 'M' 'M' 'M' 'U'
 'M' 'U' 'M' 'U' 'M' 'U' 'A' 'U' 'M' 'U' 'U' 'U' 'U' 'M' 'M' 'U' 'M' 'U'
 'U' 'M' 'M' 'M' 'M' 'M' 'M' 'M' 'M' 'M' 'M' 'M' 'M' 'M' 'M' 'M' 'M' 'U'
 'M' 'M' 'A' 'M' 'M' 'M' 'M' 'M' 'M' 'U' 'U' 'M' 'M' 'M' 'M' 'M' 'M' 'M'
 'U' 'M' 'M' 'M' 'M' 'M' 'M' 'M' 'M' 'U' 'M' 'M' 'M' 'M' 'M' 'M' 'M' 'M']"
423901,0,164,5,159,34,0,0,"['A' 'M' 'M' 'U' 'M' 'M' 'M' 'M' 'U' 'M' 'M' 'U' 'M' 'M' 'M' 'M' 'M' 'M'
 'M' 'U' 'U' 'M' 'M' 'M' 'M' 'M' 'M' 'M' 'M' 'A' 'M' 'M' 'M' 'M' 'M' 'M'
 'U' 'U' 'M' 'M' 'M' 'M' 'M' 'M' 'M' 'A' 'A' 'M' 'M' 'M' 'U' 'M' 'M' 'M'
 'M' 'U' 'M' 'U' 'M' 'U' 'M' 'M' 'M' 'M' 'M' 'M' 'M' 'M' 'M' 'U' 'M' 'M'
 'M' 'M' 'M' 'U' 'U' 'M' 'M' 'U' 'M' 'M' 'M' 'M' 'M' 'M' 'M' 'M' 'M' 'U'
 'M' 'M' 'M' 'M' 'M' 'M' 'M' 'M' 'U' 'M' 'M' 'M' 'M' 'M' 'M' 'U' 'M' 'M'
 'M' 'M' 'U' 'M' 'M' 'M' 'U' 'M' 'M' 'M' 'M' 'M' 'M' 'M' 'M' 'M' 'M' 'M'
 'M' 'U' 'M' 'M' 'M' 'U' 'U' 'M' 'M' 'U' 'U' 'U' 'U' 'M' 'M' 'U' 'M' 'M'
 'M' 'M' 'M' 'M' 'M' 'M' 'M' 'M' 'M' 'M' 'M' 'M' 'M' 'M' 'M' 'M' 'U' 'U'
 'M' 'M' 'A' 'M' 'M' 'M' 'M' 'M' 'M' 'U' 'M' 'M' 'M' 'M' 'M' 'M' 'M' 'M'
 'U' 'M' 'M' 'M' 'M' 'M' 'M' 'M' 'U' 'M' 'M' 'U' 'M' 'M' 'M' 'M' 'M' 'M']"
424001,0,171,6,165,27,0,1,"['A' 'M' 'M' 'M' 'M' 'U' 'M' 'M' 'U' 'M' 'M' 'U' 'M' 'M' 'M' 'M' 'M' 'M'
 'M' 'A' 'M' 'M' 'M' 'M' 'M' 'M' 'M' 'M' 'M' 'A' 'M' 'M' 'M' 'M' 'M' 'M'
 'M' 'U' 'M' 'M' 'M' 'M' 'M' 'M' 'M' 'A' 'A' 'M' 'M' 'M' 'U' 'M' 'M' 'M'
 'U' 'M' 'M' 'M' 'M' 'M' 'M' 'M' 'M' 'M' 'M' 'M' 'M' 'M' 'M' 'U' 'U' 'M'
 'M' 'M' 'M' 'M' 'M' 'M' 'M' 'M' 'U' 'M' 'M' 'M' 'U' 'M' 'M' 'M' 'M' 'M'
 'M' 'U' 'M' 'M' 'M' 'M' 'U' 'U' 'U' 'M' 'M' 'M' 'M' 'M' 'M' 'U' 'M' 'M'
 'M' 'M' 'U' 'M' 'M' 'M' 'U' 'M' 'M' 'M' 'M' 'M' 'M' 'M' 'M' 'M' 'M' 'M'
 'M' 'U' 'M' 'M' 'M' 'U' 'M' 'M' 'M' 'M' 'U' 'U' 'U' 'M' 'M' 'U' 'M' 'M'
 'M' 'M' 'M' 'U' 'M' 'M' 'M' 'M' 'M' 'M' 'M' 'M' 'M' 'M' 'M' 'M' 'U' 'M'
 'M' 'M' 'A' 'M' 'M' 'M' 'M' 'M' 'M' 'U' 'M' 'M' 'M' 'M' 'M' 'M' 'M' 'M'
 'M' 'M' 'M' 'M' 'M' 'M' 'M' 'M' 'M' 'M' 'U' 'M' 'M' 'M' 'M' 'M' 'M' 'M']"
424101,0,165,4,161,33,0,0,"['A' 'M' 'M' 'M' 'M' 'M' 'M' 'M' 'U' 'M' 'M' 'M' 'M' 'M' 'M' 'M' 'M' 'M'
 'M' 'U' 'M' 'M' 'M' 'M' 'M' 'U' 'U' 'M' 'M' 'A' 'M' 'M' 'M' 'M' 'M' 'M'
 'M' 'M' 'M' 'M' 'M' 'M' 'M' 'M' 'M' 'A' 'U' 'M' 'M' 'M' 'U' 'M' 'M' 'M'
 'U' 'M' 'M' 'M' 'M' 'M' 'M' 'M' 'M' 'M' 'M' 'M' 'U' 'M' 'M' 'M' 'M' 'M'
 'M' 'M' 'M' 'U' 'M' 'M' 'M' 'M' 'M' 'M' 'M' 'M' 'U' 'M' 'M' 'M' 'M' 'M'
 'U' 'M' 'U' 'M' 'M' 'M' 'U' 'M' 'U' 'M' 'U' 'M' 'M' 'M' 'M' 'U' 'M' 'M'
 'M' 'M' 'M' 'M' 'M' 'M' 'U' 'M' 'M' 'M' 'M' 'M' 'M' 'M' 'M' 'M' 'M' 'U'
 'M' 'U' 'M' 'M' 'M' 'U' 'U' 'U' 'U' 'U' 'U' 'U' 'U' 'M' 'M' 'U' 'M' 'M'
 'M' 'M' 'M' 'U' 'M' 'M' 'M' 'U' 'M' 'M' 'M' 'M' 'M' 'M' 'M' 'M' 'U' 'M'
 'M' 'M' 'A' 'M' 'M' 'M' 'M' 'M' 'M' 'U' 'M' 'M' 'M' 'M' 'M' 'M' 'M' 'U'
 'M' 'M' 'M' 'M' 'M' 'M' 'M' 'M' 'M' 'M' 'M' 'M' 'M' 'M' 'M' 'M' 'M' 'M']"
424201,0,167,2,165,31,0,0,"['A' 'M' 'M' 'M' 'M' 'M' 'M' 'M' 'U' 'M' 'M' 'M' 'M' 'M' 'M' 'M' 'M' 'M'
 'M' 'M' 'M' 'M' 'M' 'M' 'M' 'U' 'U' 'M' 'M' 'M' 'M' 'M' 'U' 'M' 'M' 'U'
 'M' 'M' 'M' 'M' 'M' 'M' 'U' 'M' 'M' 'U' 'M' 'M' 'M' 'M' 'M' 'M' 'M' 'M'
 'U' 'M' 'M' 'M' 'M' 'M' 'M' 'M' 'M' 'M' 'M' 'M' 'M' 'M' 'M' 'M' 'M' 'U'
 'M' 'M' 'M' 'U' 'M' 'M' 'M' 'M' 'M' 'M' 'M' 'M' 'M' 'M' 'M' 'U' 'M' 'M'
 'M' 'M' 'M' 'U' 'U' 'M' 'M' 'M' 'U' 'M' 'U' 'M' 'M' 'M' 'M' 'U' 'U' 'M'
 'M' 'M' 'M' 'M' 'M' 'U' 'U' 'M' 'M' 'M' 'M' 'M' 'M' 'M' 'M' 'M' 'M' 'U'
 'M' 'M' 'M' 'M' 'M' 'U' 'M' 'U' 'U' 'U' 'M' 'U' 'U' 'M' 'M' 'U' 'M' 'M'
 'M' 'M' 'M' 'M' 'M' 'M' 'M' 'M' 'M' 'M' 'M' 'M' 'M' 'M' 'M' 'M' 'M' 'M'
 'M' 'M' 'A' 'M' 'M' 'M' 'M' 'M' 'M' 'U' 'M' 'M' 'M' 'M' 'M' 'M' 'M' 'U'
 'M' 'M' 'M' 'M' 'M' 'M' 'M' 'M' 'U' 'M' 'M' 'M' 'U' 'M' 'M' 'M' 'M' 'M']"
424301,0,172,4,168,26,0,0,"['A' 'M' 'M' 'M' 'M' 'M' 'M' 'M' 'U' 'M' 'M' 'M' 'M' 'M' 'M' 'M' 'M' 'M'
 'M' 'M' 'M' 'M' 'M' 'M' 'M' 'U' 'M' 'M' 'M' 'M' 'M' 'M' 'M' 'M' 'M' 'U'
 'M' 'M' 'M' 'M' 'M' 'M' 'U' 'M' 'M' 'U' 'M' 'M' 'M' 'M' 'M' 'M' 'M' 'M'
 'M' 'M' 'U' 'M' 'M' 'M' 'U' 'M' 'M' 'M' 'M' 'M' 'M' 'M' 'M' 'M' 'M' 'M'
 'M' 'U' 'M' 'U' 'M' 'M' 'M' 'M' 'M' 'M' 'U' 'M' 'M' 'U' 'M' 'M' 'M' 'M'
 'M' 'U' 'M' 'M' 'M' 'M' 'M' 'M' 'U' 'M' 'A' 'M' 'M' 'M' 'M' 'M' 'A' 'M'
 'M' 'M' 'M' 'M' 'M' 'M' 'U' 'M' 'M' 'M' 'M' 'U' 'M' 'M' 'M' 'M' 'U' 'M'
 'M' 'M' 'U' 'M' 'U' 'U' 'M' 'U' 'U' 'M' 'M' 'U' 'M' 'M' 'M' 'M' 'M' 'M'
 'M' 'M' 'M' 'M' 'M' 'M' 'M' 'M' 'M' 'M' 'M' 'M' 'M' 'M' 'M' 'M' 'M' 'M'
 'M' 'M' 'A' 'M' 'M' 'M' 'M' 'M' 'M' 'U' 'M' 'M' 'M' 'M' 'M' 'M' 'M' 'U'
 'M' 'M' 'M' 'M' 'M' 'M' 'M' 'M' 'U' 'M' 'M' 'M' 'U' 'M' 'M' 'M' 'M' 'M']"
424401,0,164,4,160,34,0,0,"['A' 'M' 'M' 'M' 'M' 'M' 'M' 'M' 'U' 'M' 'M' 'M' 'U' 'M' 'U' 'M' 'U' 'M'
 'M' 'M' 'M' 'M' 'M' 'M' 'M' 'M' 'M' 'M' 'M' 'M' 'M' 'U' 'M' 'U' 'M' 'U'
 'M' 'M' 'M' 'M' 'M' 'M' 'U' 'M' 'M' 'U' 'M' 'M' 'M' 'M' 'M' 'M' 'M' 'M'
 'M' 'M' 'U' 'M' 'M' 'M' 'M' 'M' 'M' 'M' 'M' 'M' 'M' 'M' 'M' 'M' 'M' 'U'
 'M' 'M' 'M' 'M' 'M' 'U' 'M' 'M' 'M' 'M' 'M' 'M' 'M' 'M' 'M' 'M' 'U' 'M'
 'M' 'M' 'U' 'M' 'U' 'M' 'M' 'M' 'M' 'M' 'A' 'M' 'M' 'M' 'M' 'M' 'A' 'M'
 'M' 'U' 'M' 'M' 'M' 'M' 'U' 'M' 'M' 'M' 'M' 'U' 'U' 'M' 'M' 'M' 'U' 'M'
 'M' 'M' 'U' 'M' 'U' 'M' 'U' 'M' 'U' 'U' 'U' 'M' 'U' 'M' 'U' 'M' 'M' 'M'
 'M' 'M' 'M' 'M' 'U' 'M' 'M' 'M' 'M' 'M' 'M' 'M' 'M' 'M' 'M' 'M' 'M' 'M'
 'M' 'M' 'A' 'M' 'M' 'M' 'U' 'M' 'M' 'M' 'M' 'M' 'M' 'M' 'M' 'U' 'M' 'U'
 'M' 'U' 'M' 'M' 'M' 'M' 'M' 'M' 'U' 'M' 'M' 'M' 'M' 'M' 'M' 'M' 'M' 'M']"
424501,0,156,3,153,42,0,0,"['A' 'M' 'M' 'M' 'M' 'M' 'M' 'M' 'U' 'M' 'M' 'M' 'U' 'M' 'U' 'M' 'U' 'M'
 'M' 'M' 'M' 'M' 'M' 'U' 'M' 'M' 'M' 'M' 'M' 'M' 'M' 'M' 'M' 'U' 'M' 'M'
 'M' 'M' 'U' 'M' 'M' 'U' 'U' 'M' 'M' 'U' 'M' 'M' 'M' 'M' 'M' 'M' 'M' 'M'
 'M' 'M' 'U' 'U' 'M' 'M' 'M' 'M' 'M' 'M' 'M' 'M' 'M' 'M' 'M' 'M' 'M' 'U'
 'M' 'M' 'M' 'U' 'M' 'M' 'M' 'M' 'U' 'M' 'M' 'U' 'M' 'M' 'M' 'M' 'M' 'M'
 'M' 'M' 'M' 'U' 'M' 'M' 'M' 'M' 'M' 'U' 'A' 'M' 'M' 'U' 'M' 'M' 'A' 'M'
 'M' 'U' 'M' 'M' 'M' 'M' 'U' 'M' 'M' 'M' 'M' 'U' 'U' 'M' 'M' 'M' 'U' 'M'
 'M' 'M' 'U' 'M' 'U' 'M' 'U' 'M' 'U' 'U' 'U' 'M' 'U' 'M' 'U' 'M' 'M' 'M'
 'M' 'M' 'M' 'M' 'U' 'M' 'M' 'M' 'M' 'M' 'M' 'M' 'M' 'M' 'M' 'M' 'U' 'M'
 'M' 'M' 'U' 'M' 'M' 'M' 'U' 'M' 'M' 'M' 'M' 'M' 'M' 'M' 'M' 'U' 'M' 'U'
 'M' 'U' 'M' 'M' 'M' 'U' 'M' 'M' 'U' 'M' 'M' 'M' 'M' 'M' 'M' 'U' 'M' 'M']"
424601,0,154,5,149,44,0,0,"['A' 'M' 'M' 'M' 'M' 'M' 'M' 'M' 'U' 'M' 'M' 'M' 'M' 'M' 'U' 'M' 'U' 'M'
 'M' 'M' 'M' 'M' 'M' 'M' 'U' 'M' 'U' 'M' 'M' 'M' 'M' 'U' 'M' 'U' 'M' 'M'
 'M' 'M' 'U' 'M' 'M' 'M' 'U' 'M' 'M' 'U' 'M' 'M' 'M' 'M' 'M' 'M' 'M' 'M'
 'U' 'M' 'U' 'U' 'M' 'M' 'M' 'M' 'M' 'M' 'M' 'U' 'M' 'M' 'M' 'M' 'M' 'M'
 'M' 'M' 'M' 'M' 'U' 'M' 'M' 'M' 'U' 'M' 'M' 'M' 'M' 'M' 'U' 'U' 'M' 'M'
 'M' 'M' 'M' 'M' 'M' 'M' 'M' 'M' 'U' 'U' 'A' 'M' 'M' 'U' 'M' 'M' 'A' 'M'
 'M' 'M' 'M' 'M' 'M' 'M' 'A' 'M' 'M' 'M' 'M' 'U' 'M' 'M' 'M' 'M' 'A' 'M'
 'M' 'M' 'U' 'M' 'U' 'M' 'U' 'U' 'U' 'U' 'U' 'M' 'U' 'M' 'M' 'M' 'M' 'M'
 'M' 'M' 'M' 'M' 'U' 'M' 'U' 'M' 'M' 'M' 'M' 'M' 'M' 'M' 'M' 'M' 'U' 'M'
 'M' 'M' 'U' 'M' 'M' 'M' 'U' 'M' 'M' 'U' 'M' 'U' 'M' 'M' 'M' 'U' 'M' 'U'
 'M' 'U' 'M' 'M' 'M' 'U' 'M' 'M' 'U' 'U' 'M' 'U' 'M' 'M' 'M' 'M' 'M' 'M']"
424701,0,155,4,151,43,0,0,"['A' 'M' 'M' 'M' 'M' 'M' 'M' 'M' 'U' 'M' 'M' 'M' 'M' 'M' 'M' 'M' 'M' 'M'
 'M' 'M' 'M' 'M' 'M' 'M' 'U' 'M' 'U' 'M' 'M' 'M' 'M' 'M' 'M' 'U' 'M' 'U'
 'M' 'M' 'M' 'M' 'M' 'M' 'U' 'M' 'M' 'U' 'U' 'M' 'M' 'U' 'M' 'M' 'M' 'M'
 'U' 'M' 'U' 'U' 'M' 'M' 'M' 'M' 'U' 'M' 'M' 'M' 'U' 'M' 'M' 'M' 'M' 'M'
 'M' 'M' 'M' 'M' 'M' 'M' 'M' 'M' 'M' 'M' 'M' 'M' 'M' 'M' 'U' 'U' 'U' 'M'
 'M' 'M' 'U' 'M' 'M' 'M' 'M' 'M' 'U' 'U' 'A' 'M' 'M' 'U' 'M' 'M' 'A' 'M'
 'M' 'M' 'M' 'M' 'M' 'M' 'M' 'M' 'M' 'M' 'M' 'U' 'M' 'M' 'M' 'M' 'A' 'M'
 'M' 'M' 'U' 'M' 'U' 'M' 'U' 'U' 'U' 'M' 'U' 'M' 'U' 'M' 'M' 'M' 'M' 'M'
 'M' 'M' 'M' 'M' 'U' 'M' 'U' 'M' 'M' 'M' 'M' 'M' 'M' 'M' 'M' 'M' 'U' 'M'
 'M' 'M' 'M' 'M' 'M' 'M' 'U' 'M' 'M' 'U' 'M' 'U' 'M' 'M' 'M' 'U' 'M' 'U'
 'M' 'U' 'M' 'M' 'M' 'U' 'M' 'M' 'U' 'U' 'M' 'U' 'M' 'M' 'M' 'M' 'U' 'M']"
424801,0,158,5,153,40,0,0,"['A' 'M' 'M' 'M' 'M' 'M' 'M' 'M' 'U' 'M' 'U' 'M' 'M' 'M' 'M' 'M' 'M' 'U'
 'M' 'M' 'M' 'M' 'M' 'M' 'A' 'M' 'M' 'M' 'M' 'M' 'M' 'M' 'M' 'M' 'M' 'M'
 'M' 'M' 'M' 'M' 'M' 'M' 'A' 'M' 'M' 'U' 'M' 'U' 'M' 'U' 'M' 'U' 'M' 'M'
 'U' 'M' 'U' 'U' 'M' 'M' 'M' 'M' 'U' 'M' 'M' 'M' 'M' 'M' 'M' 'M' 'M' 'M'
 'M' 'M' 'M' 'M' 'U' 'M' 'M' 'M' 'M' 'M' 'M' 'U' 'M' 'M' 'M' 'M' 'U' 'M'
 'U' 'M' 'U' 'M' 'M' 'M' 'M' 'M' 'M' 'U' 'U' 'M' 'M' 'U' 'M' 'M' 'A' 'M'
 'M' 'M' 'M' 'M' 'M' 'M' 'M' 'M' 'M' 'M' 'M' 'U' 'M' 'M' 'M' 'M' 'A' 'M'
 'M' 'M' 'M' 'M' 'U' 'M' 'U' 'U' 'U' 'M' 'U' 'M' 'U' 'U' 'M' 'M' 'M' 'M'
 'M' 'M' 'M' 'M' 'U' 'M' 'M' 'M' 'M' 'M' 'M' 'M' 'M' 'M' 'M' 'M' 'U' 'M'
 'M' 'M' 'M' 'M' 'M' 'M' 'U' 'M' 'M' 'U' 'M' 'M' 'M' 'U' 'M' 'U' 'M' 'U'
 'M' 'U' 'M' 'M' 'M' 'U' 'M' 'M' 'U' 'U' 'M' 'U' 'M' 'M' 'M' 'M' 'U' 'M']"
424901,0,165,4,161,33,0,1,"['A' 'M' 'M' 'M' 'M' 'M' 'M' 'M' 'U' 'M' 'U' 'M' 'M' 'M' 'M' 'M' 'M' 'M'
 'M' 'M' 'M' 'M' 'M' 'M' 'A' 'M' 'M' 'M' 'M' 'M' 'M' 'M' 'M' 'M' 'M' 'M'
 'M' 'M' 'U' 'U' 'M' 'M' 'U' 'M' 'M' 'U' 'M' 'M' 'M' 'M' 'M' 'U' 'M' 'M'
 'M' 'M' 'U' 'M' 'M' 'M' 'M' 'M' 'M' 'M' 'M' 'U' 'M' 'M' 'M' 'M' 'M' 'M'
 'M' 'M' 'M' 'M' 'M' 'M' 'M' 'M' 'U' 'M' 'U' 'M' 'M' 'M' 'M' 'M' 'M' 'U'
 'M' 'M' 'M' 'M' 'U' 'M' 'M' 'M' 'M' 'U' 'U' 'M' 'M' 'U' 'M' 'M' 'A' 'M'
 'M' 'M' 'M' 'M' 'M' 'M' 'M' 'M' 'M' 'M' 'M' 'U' 'M' 'M' 'M' 'M' 'A' 'M'
 'M' 'M' 'M' 'M' 'U' 'M' 'U' 'M' 'U' 'M' 'U' 'M' 'M' 'U' 'M' 'M' 'M' 'M'
 'M' 'M' 'M' 'M' 'U' 'M' 'M' 'M' 'M' 'M' 'M' 'M' 'M' 'M' 'M' 'M' 'U' 'M'
 'M' 'M' 'M' 'M' 'M' 'M' 'U' 'M' 'M' 'U' 'M' 'M' 'M' 'U' 'M' 'U' 'M' 'U'
 'M' 'U' 'M' 'M' 'M' 'M' 'M' 'M' 'U' 'M' 'M' 'U' 'M' 'M' 'M' 'M' 'U' 'M']"
425001,0,156,4,152,42,0,1,"['A' 'M' 'M' 'M' 'M' 'M' 'M' 'M' 'M' 'M' 'U' 'M' 'M' 'M' 'M' 'M' 'M' 'M'
 'M' 'M' 'M' 'M' 'M' 'U' 'U' 'M' 'M' 'M' 'M' 'M' 'M' 'M' 'M' 'M' 'M' 'M'
 'U' 'M' 'U' 'U' 'M' 'M' 'U' 'M' 'M' 'U' 'M' 'U' 'M' 'M' 'M' 'U' 'U' 'M'
 'M' 'M' 'U' 'M' 'M' 'M' 'M' 'M' 'M' 'M' 'U' 'M' 'M' 'M' 'M' 'U' 'M' 'M'
 'M' 'U' 'M' 'M' 'M' 'M' 'U' 'M' 'M' 'U' 'M' 'U' 'M' 'M' 'M' 'M' 'M' 'M'
 'M' 'M' 'M' 'M' 'M' 'M' 'M' 'M' 'M' 'M' 'U' 'M' 'U' 'U' 'M' 'M' 'A' 'M'
 'M' 'M' 'M' 'M' 'U' 'U' 'M' 'M' 'M' 'U' 'M' 'M' 'M' 'M' 'M' 'M' 'A' 'M'
 'M' 'M' 'M' 'M' 'U' 'M' 'U' 'A' 'U' 'U' 'U' 'U' 'U' 'U' 'M' 'M' 'M' 'M'
 'M' 'M' 'M' 'M' 'U' 'M' 'M' 'M' 'M' 'M' 'M' 'M' 'U' 'M' 'M' 'U' 'M' 'M'
 'M' 'M' 'M' 'M' 'M' 'M' 'U' 'M' 'M' 'U' 'M' 'M' 'U' 'M' 'M' 'M' 'M' 'U'
 'M' 'M' 'M' 'M' 'M' 'M' 'M' 'M' 'U' 'M' 'M' 'U' 'M' 'M' 'U' 'M' 'M' 'M']"
425101,0,163,5,158,35,0,1,"['A' 'M' 'M' 'M' 'M' 'M' 'M' 'M' 'M' 'M' 'M' 'M' 'M' 'M' 'M' 'M' 'M' 'M'
 'M' 'U' 'M' 'M' 'M' 'U' 'U' 'M' 'M' 'M' 'M' 'U' 'M' 'M' 'M' 'M' 'M' 'M'
 'U' 'M' 'U' 'M' 'M' 'M' 'M' 'M' 'M' 'U' 'M' 'M' 'M' 'M' 'M' 'U' 'U' 'M'
 'M' 'M' 'U' 'M' 'M' 'M' 'M' 'M' 'M' 'M' 'M' 'M' 'M' 'M' 'M' 'M' 'U' 'M'
 'M' 'M' 'M' 'M' 'M' 'M' 'M' 'M' 'U' 'M' 'M' 'U' 'M' 'M' 'U' 'M' 'M' 'M'
 'M' 'M' 'M' 'U' 'M' 'M' 'M' 'U' 'M' 'M' 'M' 'M' 'U' 'M' 'M' 'M' 'A' 'M'
 'M' 'M' 'M' 'M' 'U' 'M' 'M' 'M' 'M' 'U' 'M' 'M' 'M' 'M' 'M' 'M' 'A' 'M'
 'M' 'M' 'M' 'M' 'U' 'U' 'U' 'A' 'M' 'U' 'U' 'U' 'U' 'M' 'M' 'M' 'M' 'M'
 'M' 'M' 'M' 'M' 'U' 'M' 'M' 'M' 'M' 'M' 'M' 'M' 'U' 'M' 'M' 'M' 'M' 'M'
 'M' 'M' 'M' 'U' 'M' 'M' 'M' 'M' 'M' 'M' 'M' 'M' 'U' 'M' 'M' 'M' 'M' 'A'
 'M' 'M' 'M' 'U' 'M' 'M' 'M' 'U' 'U' 'M' 'M' 'U' 'M' 'M' 'U' 'M' 'M' 'M']"
425201,0,162,3,159,36,0,0,"['A' 'M' 'U' 'M' 'M' 'M' 'M' 'M' 'M' 'M' 'M' 'M' 'M' 'M' 'M' 'M' 'M' 'M'
 'M' 'U' 'M' 'M' 'M' 'U' 'U' 'M' 'M' 'M' 'M' 'M' 'M' 'M' 'M' 'M' 'M' 'M'
 'M' 'M' 'M' 'M' 'M' 'M' 'M' 'M' 'M' 'U' 'M' 'M' 'M' 'M' 'M' 'U' 'M' 'M'
 'M' 'M' 'M' 'U' 'M' 'M' 'M' 'M' 'M' 'M' 'M' 'M' 'M' 'M' 'M' 'M' 'M' 'M'
 'M' 'M' 'M' 'M' 'U' 'U' 'U' 'M' 'M' 'M' 'U' 'M' 'M' 'M' 'M' 'M' 'M' 'M'
 'M' 'M' 'M' 'M' 'U' 'M' 'M' 'U' 'M' 'M' 'M' 'M' 'U' 'M' 'M' 'M' 'U' 'M'
 'M' 'U' 'M' 'M' 'M' 'U' 'U' 'M' 'M' 'U' 'M' 'M' 'M' 'U' 'M' 'M' 'A' 'M'
 'M' 'M' 'M' 'M' 'M' 'U' 'U' 'A' 'U' 'U' 'U' 'U' 'U' 'M' 'M' 'M' 'M' 'M'
 'M' 'M' 'M' 'M' 'U' 'M' 'M' 'M' 'M' 'M' 'M' 'M' 'M' 'M' 'M' 'M' 'M' 'M'
 'M' 'M' 'M' 'U' 'M' 'U' 'M' 'M' 'M' 'M' 'M' 'M' 'U' 'M' 'M' 'M' 'M' 'M'
 'M' 'M' 'M' 'U' 'M' 'M' 'M' 'U' 'U' 'M' 'M' 'M' 'M' 'M' 'U' 'M' 'U' 'M']"
425301,0,156,3,153,42,0,0,"['A' 'M' 'U' 'M' 'M' 'M' 'M' 'M' 'M' 'M' 'M' 'M' 'M' 'M' 'M' 'M' 'M' 'M'
 'M' 'U' 'U' 'M' 'M' 'U' 'U' 'M' 'M' 'M' 'M' 'M' 'M' 'M' 'M' 'M' 'M' 'M'
 'M' 'M' 'M' 'M' 'M' 'M' 'M' 'M' 'M' 'U' 'M' 'M' 'M' 'M' 'M' 'U' 'M' 'M'
 'M' 'M' 'M' 'U' 'M' 'M' 'M' 'M' 'M' 'M' 'M' 'M' 'M' 'M' 'M' 'M' 'M' 'M'
 'M' 'M' 'M' 'U' 'M' 'M' 'M' 'M' 'M' 'M' 'M' 'U' 'M' 'M' 'M' 'U' 'M' 'M'
 'U' 'M' 'M' 'U' 'M' 'M' 'M' 'U' 'M' 'M' 'M' 'M' 'U' 'M' 'M' 'M' 'U' 'M'
 'M' 'M' 'M' 'M' 'U' 'U' 'U' 'M' 'M' 'M' 'M' 'M' 'M' 'U' 'M' 'M' 'A' 'M'
 'M' 'U' 'M' 'M' 'M' 'U' 'U' 'U' 'U' 'U' 'U' 'U' 'U' 'M' 'M' 'M' 'M' 'M'
 'M' 'M' 'M' 'M' 'U' 'M' 'M' 'U' 'M' 'M' 'M' 'M' 'M' 'M' 'M' 'M' 'M' 'M'
 'M' 'M' 'M' 'U' 'M' 'A' 'M' 'M' 'M' 'M' 'M' 'U' 'U' 'M' 'M' 'M' 'M' 'M'
 'M' 'M' 'M' 'U' 'M' 'U' 'M' 'U' 'U' 'M' 'U' 'M' 'M' 'M' 'U' 'U' 'U' 'M']"
425401,0,160,4,156,38,0,0,"['A' 'M' 'M' 'M' 'M' 'M' 'M' 'M' 'M' 'M' 'M' 'M' 'M' 'M' 'U' 'M' 'M' 'M'
 'M' 'U' 'U' 'M' 'M' 'U' 'U' 'M' 'M' 'M' 'M' 'M' 'M' 'U' 'M' 'M' 'M' 'M'
 'M' 'M' 'M' 'M' 'M' 'M' 'M' 'M' 'M' 'M' 'M' 'M' 'M' 'M' 'M' 'U' 'M' 'M'
 'M' 'M' 'M' 'M' 'M' 'M' 'M' 'M' 'M' 'M' 'M' 'M' 'M' 'M' 'M' 'M' 'M' 'U'
 'M' 'M' 'M' 'M' 'M' 'M' 'U' 'M' 'M' 'M' 'M' 'M' 'M' 'M' 'M' 'U' 'M' 'M'
 'M' 'M' 'U' 'U' 'M' 'M' 'M' 'M' 'M' 'M' 'M' 'M' 'U' 'M' 'M' 'M' 'U' 'M'
 'M' 'M' 'M' 'U' 'U' 'M' 'U' 'M' 'M' 'M' 'M' 'M' 'M' 'U' 'M' 'M' 'A' 'M'
 'M' 'M' 'M' 'M' 'M' 'U' 'U' 'U' 'U' 'U' 'M' 'U' 'U' 'M' 'M' 'M' 'M' 'M'
 'M' 'U' 'U' 'M' 'U' 'M' 'M' 'M' 'M' 'M' 'M' 'U' 'M' 'M' 'M' 'M' 'M' 'M'
 'M' 'M' 'M' 'U' 'M' 'A' 'M' 'M' 'M' 'M' 'M' 'U' 'A' 'U' 'M' 'M' 'M' 'M'
 'M' 'M' 'M' 'U' 'M' 'U' 'M' 'U' 'U' 'M' 'M' 'M' 'M' 'M' 'U' 'M' 'U' 'M']"
425501,0,160,5,155,38,0,0,"['A' 'M' 'M' 'M' 'M' 'M' 'M' 'M' 'M' 'M' 'M' 'M' 'M' 'M' 'M' 'M' 'M' 'M'
 'M' 'U' 'U' 'M' 'M' 'U' 'U' 'M' 'M' 'M' 'U' 'M' 'M' 'U' 'M' 'M' 'U' 'M'
 'M' 'M' 'M' 'M' 'M' 'M' 'U' 'M' 'M' 'M' 'M' 'M' 'M' 'M' 'M' 'U' 'M' 'M'
 'M' 'M' 'M' 'M' 'U' 'M' 'M' 'M' 'M' 'M' 'M' 'M' 'M' 'M' 'M' 'U' 'U' 'M'
 'M' 'M' 'M' 'M' 'M' 'M' 'M' 'M' 'U' 'M' 'M' 'M' 'M' 'M' 'M' 'M' 'M' 'U'
 'U' 'M' 'M' 'M' 'M' 'M' 'M' 'M' 'M' 'M' 'M' 'M' 'U' 'M' 'M' 'M' 'U' 'M'
 'M' 'M' 'M' 'U' 'M' 'M' 'U' 'M' 'M' 'M' 'M' 'M' 'U' 'A' 'M' 'M' 'A' 'M'
 'M' 'M' 'M' 'M' 'M' 'U' 'M' 'U' 'U' 'M' 'M' 'U' 'U' 'M' 'M' 'M' 'M' 'M'
 'M' 'U' 'U' 'M' 'M' 'M' 'M' 'M' 'U' 'M' 'M' 'U' 'M' 'M' 'M' 'M' 'M' 'M'
 'U' 'M' 'M' 'M' 'M' 'A' 'M' 'M' 'M' 'M' 'M' 'U' 'A' 'M' 'M' 'M' 'M' 'M'
 'M' 'M' 'M' 'M' 'U' 'U' 'M' 'U' 'U' 'M' 'M' 'M' 'M' 'M' 'U' 'U' 'U' 'M']"
425601,0,171,8,163,27,0,0,"['A' 'M' 'M' 'U' 'M' 'M' 'M' 'M' 'M' 'M' 'M' 'M' 'M' 'M' 'M' 'M' 'M' 'M'
 'M' 'U' 'A' 'M' 'M' 'U' 'U' 'M' 'M' 'M' 'M' 'M' 'M' 'U' 'M' 'M' 'M' 'M'
 'M' 'M' 'M' 'M' 'M' 'M' 'U' 'M' 'M' 'M' 'M' 'M' 'M' 'M' 'M' 'M' 'M' 'M'
 'M' 'M' 'M' 'M' 'U' 'M' 'M' 'M' 'M' 'M' 'M' 'U' 'M' 'M' 'M' 'M' 'M' 'M'
 'M' 'M' 'M' 'M' 'M' 'M' 'M' 'M' 'M' 'U' 'U' 'U' 'M' 'U' 'M' 'M' 'M' 'M'
 'M' 'M' 'M' 'M' 'M' 'M' 'M' 'M' 'M' 'M' 'M' 'M' 'M' 'M' 'U' 'M' 'A' 'M'
 'M' 'M' 'M' 'M' 'M' 'M' 'M' 'M' 'M' 'M' 'M' 'M' 'A' 'A' 'M' 'M' 'A' 'M'
 'M' 'M' 'M' 'M' 'M' 'U' 'M' 'U' 'M' 'M' 'M' 'U' 'U' 'M' 'M' 'M' 'M' 'M'
 'M' 'U' 'M' 'M' 'M' 'M' 'M' 'M' 'U' 'M' 'M' 'U' 'M' 'M' 'M' 'M' 'M' 'M'
 'U' 'M' 'M' 'M' 'M' 'A' 'M' 'M' 'M' 'M' 'M' 'U' 'A' 'M' 'M' 'M' 'M' 'M'
 'M' 'M' 'M' 'M' 'U' 'U' 'M' 'U' 'M' 'M' 'M' 'M' 'M' 'M' 'U' 'M' 'U' 'M']"
425701,0,172,7,165,26,0,0,"['A' 'M' 'M' 'M' 'M' 'U' 'M' 'M' 'M' 'M' 'M' 'M' 'M' 'M' 'M' 'M' 'M' 'M'
 'M' 'U' 'U' 'M' 'M' 'U' 'A' 'M' 'M' 'M' 'M' 'M' 'M' 'M' 'M' 'M' 'M' 'M'
 'M' 'M' 'M' 'M' 'M' 'M' 'A' 'M' 'M' 'M' 'M' 'M' 'M' 'M' 'M' 'M' 'M' 'M'
 'M' 'M' 'M' 'M' 'M' 'M' 'M' 'M' 'U' 'M' 'M' 'M' 'M' 'M' 'M' 'M' 'M' 'M'
 'M' 'U' 'U' 'M' 'M' 'M' 'M' 'M' 'M' 'M' 'U' 'M' 'M' 'M' 'M' 'M' 'U' 'U'
 'M' 'M' 'M' 'M' 'M' 'M' 'M' 'M' 'M' 'M' 'M' 'M' 'M' 'M' 'U' 'M' 'A' 'M'
 'M' 'M' 'M' 'M' 'M' 'M' 'M' 'M' 'M' 'M' 'M' 'M' 'A' 'M' 'M' 'M' 'A' 'M'
 'M' 'U' 'M' 'M' 'M' 'U' 'M' 'U' 'U' 'M' 'M' 'U' 'U' 'M' 'M' 'M' 'M' 'U'
 'M' 'U' 'M' 'M' 'M' 'M' 'M' 'M' 'U' 'U' 'M' 'U' 'M' 'M' 'M' 'M' 'M' 'M'
 'M' 'M' 'M' 'M' 'M' 'M' 'M' 'M' 'M' 'M' 'M' 'U' 'A' 'M' 'M' 'U' 'M' 'M'
 'M' 'M' 'M' 'M' 'U' 'M' 'M' 'U' 'M' 'M' 'M' 'M' 'M' 'M' 'M' 'M' 'M' 'M']"
425801,0,169,4,165,29,0,0,"['A' 'M' 'M' 'M' 'A' 'U' 'M' 'M' 'M' 'M' 'M' 'M' 'M' 'M' 'M' 'M' 'U' 'M'
 'M' 'U' 'M' 'U' 'M' 'U' 'U' 'M' 'M' 'M' 'M' 'M' 'M' 'M' 'M' 'M' 'M' 'M'
 'M' 'M' 'M' 'M' 'M' 'M' 'U' 'M' 'M' 'M' 'M' 'M' 'M' 'M' 'M' 'M' 'M' 'M'
 'M' 'M' 'M' 'M' 'M' 'M' 'M' 'M' 'U' 'M' 'M' 'U' 'M' 'M' 'M' 'M' 'M' 'M'
 'M' 'M' 'M' 'U' 'M' 'M' 'M' 'M' 'U' 'M' 'M' 'U' 'M' 'M' 'M' 'M' 'M' 'M'
 'M' 'M' 'U' 'M' 'M' 'M' 'M' 'M' 'M' 'M' 'M' 'M' 'M' 'M' 'U' 'M' 'A' 'M'
 'M' 'M' 'M' 'M' 'M' 'M' 'M' 'M' 'M' 'U' 'M' 'M' 'U' 'M' 'M' 'M' 'U' 'M'
 'M' 'U' 'M' 'M' 'M' 'U' 'M' 'U' 'U' 'M' 'U' 'U' 'M' 'M' 'M' 'M' 'M' 'M'
 'M' 'U' 'M' 'M' 'M' 'M' 'M' 'M' 'U' 'M' 'M' 'M' 'M' 'M' 'M' 'M' 'M' 'M'
 'M' 'M' 'M' 'M' 'M' 'M' 'M' 'M' 'M' 'M' 'M' 'U' 'A' 'M' 'M' 'M' 'M' 'M'
 'M' 'M' 'M' 'M' 'U' 'M' 'M' 'U' 'M' 'M' 'M' 'M' 'U' 'M' 'M' 'M' 'M' 'M']"
425901,0,156,4,152,42,0,0,"['A' 'M' 'M' 'M' 'U' 'U' 'M' 'M' 'M' 'M' 'M' 'M' 'M' 'M' 'M' 'M' 'U' 'M'
 'M' 'U' 'M' 'U' 'M' 'U' 'M' 'M' 'M' 'M' 'M' 'M' 'M' 'M' 'M' 'M' 'M' 'M'
 'M' 'M' 'U' 'M' 'M' 'M' 'U' 'M' 'M' 'M' 'U' 'M' 'M' 'M' 'M' 'M' 'M' 'M'
 'M' 'U' 'M' 'M' 'M' 'M' 'U' 'M' 'U' 'M' 'M' 'U' 'M' 'U' 'M' 'M' 'M' 'M'
 'M' 'M' 'M' 'U' 'M' 'M' 'U' 'M' 'M' 'M' 'M' 'M' 'M' 'U' 'M' 'M' 'M' 'M'
 'M' 'M' 'M' 'M' 'M' 'M' 'M' 'U' 'M' 'M' 'M' 'M' 'M' 'M' 'U' 'M' 'A' 'M'
 'M' 'M' 'U' 'M' 'M' 'M' 'M' 'M' 'M' 'A' 'M' 'M' 'U' 'U' 'U' 'M' 'U' 'U'
 'M' 'M' 'M' 'M' 'M' 'U' 'U' 'U' 'U' 'U' 'U' 'U' 'U' 'M' 'M' 'M' 'U' 'M'
 'M' 'U' 'M' 'M' 'U' 'M' 'M' 'M' 'U' 'M' 'M' 'M' 'M' 'M' 'M' 'U' 'M' 'M'
 'M' 'M' 'M' 'M' 'M' 'M' 'M' 'M' 'M' 'M' 'M' 'U' 'A' 'M' 'M' 'M' 'M' 'M'
 'M' 'M' 'M' 'M' 'U' 'M' 'M' 'M' 'M' 'M' 'M' 'M' 'U' 'M' 'M' 'M' 'M' 'U']"
426001,0,158,7,151,40,0,1,"['A' 'U' 'M' 'M' 'U' 'A' 'M' 'M' 'M' 'M' 'M' 'M' 'M' 'M' 'M' 'M' 'U' 'M'
 'M' 'U' 'M' 'A' 'M' 'M' 'M' 'M' 'M' 'U' 'M' 'M' 'M' 'M' 'M' 'M' 'M' 'M'
 'M' 'M' 'U' 'M' 'M' 'M' 'M' 'M' 'M' 'M' 'U' 'U' 'M' 'M' 'M' 'M' 'M' 'M'
 'M' 'U' 'M' 'M' 'U' 'M' 'U' 'U' 'M' 'M' 'M' 'U' 'M' 'M' 'M' 'M' 'U' 'M'
 'M' 'M' 'U' 'M' 'U' 'M' 'M' 'M' 'M' 'M' 'M' 'M' 'U' 'M' 'M' 'M' 'M' 'M'
 'M' 'M' 'M' 'M' 'M' 'M' 'M' 'U' 'M' 'M' 'M' 'M' 'M' 'M' 'U' 'M' 'A' 'M'
 'M' 'M' 'U' 'M' 'M' 'M' 'M' 'M' 'M' 'A' 'M' 'M' 'U' 'U' 'M' 'M' 'M' 'U'
 'M' 'M' 'M' 'M' 'M' 'U' 'A' 'U' 'U' 'U' 'U' 'U' 'U' 'M' 'M' 'M' 'U' 'M'
 'M' 'U' 'M' 'M' 'U' 'M' 'M' 'U' 'U' 'M' 'M' 'M' 'M' 'M' 'M' 'U' 'M' 'M'
 'U' 'M' 'M' 'M' 'M' 'M' 'M' 'M' 'M' 'M' 'M' 'U' 'A' 'M' 'M' 'M' 'M' 'M'
 'M' 'U' 'M' 'M' 'M' 'M' 'M' 'M' 'M' 'M' 'M' 'M' 'M' 'M' 'M' 'M' 'M' 'U']"
426101,0,158,7,151,40,0,0,"['A' 'U' 'M' 'M' 'M' 'A' 'M' 'M' 'M' 'M' 'M' 'M' 'M' 'M' 'M' 'M' 'U' 'M'
 'M' 'U' 'M' 'A' 'M' 'M' 'M' 'M' 'U' 'U' 'M' 'M' 'M' 'M' 'M' 'M' 'M' 'M'
 'M' 'M' 'U' 'M' 'M' 'M' 'M' 'M' 'M' 'M' 'U' 'U' 'M' 'A' 'M' 'M' 'M' 'M'
 'M' 'U' 'M' 'M' 'U' 'M' 'U' 'U' 'M' 'U' 'M' 'U' 'M' 'M' 'M' 'M' 'M' 'M'
 'M' 'M' 'U' 'M' 'M' 'M' 'M' 'M' 'M' 'M' 'M' 'M' 'M' 'M' 'U' 'M' 'M' 'M'
 'U' 'U' 'M' 'M' 'M' 'M' 'M' 'U' 'M' 'M' 'M' 'U' 'M' 'M' 'U' 'M' 'A' 'M'
 'M' 'M' 'U' 'M' 'M' 'M' 'M' 'M' 'M' 'M' 'M' 'M' 'U' 'U' 'U' 'M' 'M' 'U'
 'M' 'M' 'M' 'M' 'M' 'U' 'A' 'U' 'U' 'U' 'U' 'U' 'U' 'M' 'M' 'U' 'M' 'M'
 'M' 'U' 'M' 'M' 'M' 'U' 'M' 'U' 'M' 'M' 'M' 'M' 'M' 'M' 'M' 'U' 'M' 'M'
 'M' 'M' 'M' 'M' 'M' 'M' 'M' 'M' 'M' 'M' 'M' 'U' 'A' 'M' 'M' 'M' 'M' 'M'
 'M' 'U' 'M' 'M' 'M' 'M' 'M' 'M' 'M' 'M' 'M' 'M' 'M' 'M' 'M' 'M' 'M' 'M']"
426201,0,160,8,152,38,0,1,"['A' 'M' 'M' 'M' 'M' 'A' 'M' 'M' 'M' 'M' 'M' 'M' 'M' 'M' 'M' 'M' 'U' 'M'
 'M' 'U' 'M' 'A' 'M' 'M' 'M' 'M' 'U' 'U' 'M' 'M' 'U' 'U' 'M' 'M' 'M' 'M'
 'M' 'M' 'U' 'M' 'M' 'M' 'M' 'M' 'M' 'M' 'M' 'M' 'M' 'A' 'M' 'U' 'M' 'M'
 'M' 'U' 'M' 'M' 'U' 'U' 'U' 'U' 'M' 'A' 'M' 'M' 'M' 'M' 'M' 'M' 'M' 'M'
 'U' 'U' 'M' 'M' 'U' 'M' 'M' 'U' 'U' 'M' 'M' 'M' 'M' 'M' 'M' 'M' 'M' 'M'
 'M' 'M' 'M' 'M' 'M' 'M' 'M' 'U' 'M' 'M' 'M' 'U' 'M' 'M' 'U' 'M' 'A' 'M'
 'M' 'M' 'U' 'M' 'M' 'M' 'M' 'M' 'M' 'M' 'M' 'M' 'U' 'U' 'U' 'M' 'M' 'U'
 'M' 'M' 'M' 'M' 'M' 'U' 'A' 'U' 'U' 'M' 'U' 'M' 'U' 'M' 'M' 'M' 'U' 'M'
 'M' 'U' 'M' 'M' 'M' 'U' 'M' 'U' 'M' 'M' 'M' 'M' 'M' 'M' 'M' 'U' 'M' 'M'
 'M' 'U' 'M' 'M' 'M' 'M' 'M' 'M' 'M' 'M' 'M' 'M' 'A' 'M' 'M' 'M' 'M' 'M'
 'M' 'M' 'M' 'M' 'M' 'M' 'M' 'M' 'M' 'M' 'M' 'M' 'M' 'M' 'U' 'M' 'M' 'M']"
426301,0,152,5,147,46,0,0,"['A' 'M' 'M' 'M' 'M' 'U' 'M' 'M' 'M' 'M' 'U' 'M' 'M' 'U' 'M' 'M' 'M' 'M'
 'M' 'U' 'M' 'A' 'U' 'M' 'M' 'M' 'U' 'U' 'M' 'M' 'M' 'U' 'M' 'M' 'M' 'M'
 'M' 'M' 'U' 'M' 'M' 'M' 'M' 'M' 'M' 'M' 'M' 'M' 'M' 'A' 'M' 'U' 'M' 'M'
 'M' 'U' 'M' 'M' 'U' 'U' 'U' 'U' 'M' 'A' 'M' 'M' 'M' 'M' 'M' 'U' 'M' 'M'
 'M' 'M' 'U' 'M' 'M' 'M' 'M' 'M' 'M' 'M' 'M' 'U' 'M' 'M' 'M' 'U' 'M' 'M'
 'M' 'U' 'M' 'M' 'M' 'M' 'M' 'U' 'M' 'M' 'M' 'U' 'M' 'M' 'U' 'M' 'U' 'M'
 'M' 'M' 'M' 'M' 'M' 'M' 'M' 'M' 'U' 'U' 'M' 'M' 'M' 'U' 'M' 'M' 'M' 'U'
 'M' 'M' 'M' 'U' 'M' 'U' 'U' 'U' 'U' 'U' 'U' 'U' 'U' 'M' 'M' 'U' 'U' 'M'
 'M' 'U' 'M' 'M' 'M' 'U' 'M' 'U' 'M' 'M' 'M' 'M' 'M' 'M' 'M' 'M' 'M' 'M'
 'M' 'A' 'M' 'M' 'M' 'M' 'M' 'M' 'M' 'M' 'M' 'M' 'U' 'M' 'M' 'M' 'M' 'M'
 'M' 'M' 'M' 'U' 'M' 'M' 'M' 'M' 'M' 'M' 'M' 'M' 'M' 'M' 'U' 'M' 'M' 'U']"
426401,0,157,7,150,41,0,0,"['A' 'M' 'M' 'M' 'M' 'U' 'M' 'M' 'M' 'M' 'U' 'M' 'M' 'U' 'M' 'M' 'M' 'M'
 'M' 'M' 'M' 'A' 'M' 'M' 'M' 'M' 'U' 'U' 'M' 'M' 'M' 'M' 'M' 'M' 'M' 'M'
 'M' 'M' 'M' 'M' 'M' 'M' 'M' 'M' 'M' 'M' 'M' 'M' 'M' 'A' 'M' 'U' 'M' 'M'
 'M' 'U' 'M' 'U' 'U' 'U' 'U' 'M' 'M' 'A' 'M' 'M' 'M' 'M' 'U' 'M' 'U' 'M'
 'M' 'M' 'M' 'M' 'M' 'M' 'M' 'M' 'M' 'U' 'M' 'M' 'M' 'M' 'U' 'M' 'M' 'M'
 'M' 'M' 'M' 'U' 'M' 'M' 'M' 'U' 'M' 'M' 'U' 'M' 'U' 'M' 'U' 'M' 'U' 'M'
 'M' 'M' 'M' 'M' 'M' 'M' 'M' 'M' 'U' 'U' 'M' 'U' 'M' 'U' 'M' 'M' 'M' 'U'
 'M' 'M' 'M' 'U' 'M' 'U' 'U' 'U' 'U' 'M' 'A' 'M' 'U' 'M' 'U' 'U' 'A' 'M'
 'M' 'U' 'M' 'M' 'M' 'U' 'M' 'M' 'M' 'M' 'M' 'M' 'M' 'M' 'M' 'U' 'M' 'M'
 'M' 'A' 'M' 'M' 'M' 'M' 'M' 'M' 'M' 'M' 'M' 'M' 'M' 'M' 'M' 'M' 'M' 'M'
 'M' 'M' 'M' 'U' 'M' 'M' 'M' 'M' 'U' 'M' 'M' 'M' 'M' 'M' 'U' 'M' 'M' 'U']"
426501,0,156,7,149,42,0,0,"['A' 'M' 'M' 'M' 'M' 'U' 'U' 'M' 'M' 'M' 'U' 'M' 'M' 'U' 'M' 'M' 'U' 'M'
 'U' 'M' 'M' 'A' 'M' 'M' 'M' 'M' 'M' 'U' 'M' 'M' 'M' 'M' 'M' 'M' 'M' 'M'
 'M' 'M' 'M' 'M' 'M' 'M' 'M' 'M' 'M' 'M' 'M' 'M' 'M' 'A' 'M' 'U' 'M' 'M'
 'M' 'M' 'M' 'M' 'U' 'U' 'M' 'M' 'M' 'A' 'M' 'M' 'M' 'M' 'M' 'U' 'M' 'M'
 'M' 'M' 'U' 'M' 'M' 'M' 'M' 'M' 'M' 'M' 'U' 'M' 'M' 'M' 'M' 'U' 'M' 'M'
 'M' 'M' 'M' 'U' 'M' 'M' 'U' 'U' 'M' 'M' 'U' 'U' 'M' 'M' 'U' 'M' 'U' 'M'
 'M' 'M' 'M' 'M' 'M' 'M' 'M' 'M' 'M' 'U' 'M' 'U' 'M' 'U' 'M' 'M' 'M' 'M'
 'M' 'M' 'M' 'U' 'M' 'U' 'U' 'U' 'M' 'U' 'A' 'U' 'U' 'M' 'U' 'M' 'A' 'M'
 'M' 'U' 'M' 'M' 'M' 'U' 'M' 'M' 'M' 'M' 'M' 'M' 'M' 'U' 'M' 'U' 'M' 'M'
 'M' 'U' 'M' 'M' 'M' 'M' 'M' 'M' 'U' 'M' 'M' 'M' 'U' 'M' 'M' 'M' 'M' 'M'
 'M' 'M' 'M' 'U' 'M' 'M' 'M' 'M' 'A' 'M' 'M' 'M' 'M' 'M' 'U' 'M' 'M' 'U']"
426601,0,159,6,153,39,0,0,"['A' 'M' 'M' 'M' 'M' 'M' 'U' 'M' 'M' 'M' 'U' 'M' 'M' 'M' 'U' 'M' 'M' 'M'
 'U' 'M' 'M' 'A' 'M' 'M' 'M' 'M' 'M' 'M' 'M' 'M' 'M' 'U' 'M' 'M' 'M' 'M'
 'M' 'M' 'M' 'M' 'M' 'M' 'M' 'M' 'M' 'M' 'M' 'M' 'M' 'A' 'M' 'U' 'M' 'U'
 'M' 'M' 'M' 'M' 'U' 'U' 'M' 'M' 'M' 'U' 'M' 'U' 'M' 'M' 'M' 'M' 'U' 'M'
 'M' 'M' 'M' 'M' 'M' 'M' 'M' 'M' 'M' 'U' 'U' 'M' 'M' 'M' 'U' 'M' 'M' 'M'
 'M' 'M' 'M' 'M' 'M' 'M' 'U' 'U' 'U' 'M' 'U' 'M' 'M' 'M' 'M' 'M' 'U' 'M'
 'M' 'M' 'M' 'M' 'M' 'M' 'M' 'M' 'M' 'U' 'M' 'M' 'M' 'U' 'M' 'M' 'M' 'M'
 'M' 'M' 'U' 'M' 'M' 'U' 'M' 'M' 'M' 'U' 'A' 'U' 'U' 'M' 'U' 'U' 'A' 'M'
 'M' 'U' 'M' 'M' 'M' 'U' 'M' 'M' 'M' 'M' 'M' 'M' 'M' 'U' 'M' 'A' 'U' 'M'
 'M' 'U' 'M' 'M' 'M' 'M' 'M' 'M' 'U' 'M' 'M' 'M' 'U' 'M' 'M' 'M' 'M' 'M'
 'M' 'M' 'M' 'U' 'M' 'M' 'M' 'U' 'U' 'M' 'M' 'M' 'M' 'M' 'M' 'M' 'M' 'M']"
426701,0,160,5,155,38,0,0,"['A' 'M' 'M' 'M' 'M' 'M' 'U' 'M' 'M' 'M' 'M' 'M' 'U' 'M' 'M' 'M' 'M' 'M'
 'M' 'M' 'M' 'A' 'M' 'M' 'M' 'M' 'M' 'M' 'M' 'M' 'M' 'U' 'M' 'M' 'M' 'M'
 'M' 'M' 'M' 'M' 'M' 'M' 'M' 'M' 'M' 'M' 'M' 'M' 'M' 'U' 'M' 'U' 'M' 'M'
 'M' 'M' 'M' 'M' 'U' 'U' 'M' 'M' 'M' 'U' 'M' 'U' 'M' 'M' 'M' 'M' 'M' 'M'
 'M' 'M' 'M' 'M' 'M' 'M' 'M' 'M' 'M' 'U' 'U' 'M' 'M' 'M' 'M' 'M' 'M' 'M'
 'U' 'U' 'M' 'M' 'M' 'M' 'U' 'U' 'U' 'M' 'U' 'M' 'M' 'M' 'M' 'M' 'M' 'M'
 'M' 'M' 'M' 'M' 'M' 'U' 'M' 'M' 'M' 'U' 'M' 'M' 'U' 'U' 'M' 'M' 'M' 'M'
 'M' 'M' 'U' 'M' 'M' 'A' 'U' 'U' 'U' 'U' 'A' 'U' 'U' 'M' 'U' 'M' 'A' 'M'
 'M' 'M' 'M' 'M' 'M' 'U' 'M' 'M' 'M' 'M' 'M' 'M' 'M' 'U' 'M' 'M' 'U' 'M'
 'M' 'U' 'M' 'M' 'M' 'M' 'M' 'U' 'M' 'M' 'M' 'M' 'M' 'M' 'M' 'M' 'M' 'M'
 'M' 'M' 'M' 'U' 'M' 'M' 'M' 'U' 'U' 'M' 'M' 'M' 'M' 'M' 'M' 'M' 'M' 'U']"
426801,0,162,5,157,36,0,0,"['A' 'M' 'M' 'M' 'M' 'M' 'U' 'M' 'M' 'M' 'M' 'M' 'U' 'M' 'M' 'M' 'M' 'M'
 'M' 'M' 'M' 'U' 'M' 'M' 'M' 'M' 'M' 'M' 'M' 'M' 'M' 'M' 'M' 'M' 'M' 'M'
 'M' 'M' 'M' 'M' 'M' 'M' 'M' 'M' 'M' 'M' 'M' 'M' 'M' 'M' 'M' 'U' 'M' 'M'
 'M' 'M' 'M' 'U' 'U' 'U' 'M' 'M' 'M' 'U' 'M' 'M' 'M' 'M' 'M' 'M' 'M' 'M'
 'M' 'M' 'M' 'M' 'M' 'M' 'M' 'M' 'M' 'M' 'M' 'U' 'M' 'M' 'U' 'M' 'U' 'M'
 'M' 'M' 'U' 'U' 'M' 'M' 'U' 'U' 'U' 'M' 'M' 'M' 'M' 'M' 'M' 'M' 'M' 'M'
 'U' 'M' 'M' 'M' 'M' 'M' 'U' 'M' 'M' 'U' 'M' 'M' 'U' 'U' 'M' 'M' 'M' 'M'
 'M' 'M' 'M' 'M' 'M' 'A' 'U' 'U' 'U' 'U' 'A' 'M' 'U' 'M' 'U' 'M' 'A' 'M'
 'M' 'U' 'M' 'M' 'M' 'U' 'M' 'M' 'M' 'M' 'M' 'M' 'M' 'U' 'M' 'M' 'U' 'M'
 'M' 'U' 'M' 'M' 'M' 'M' 'M' 'U' 'M' 'M' 'M' 'M' 'M' 'M' 'M' 'M' 'M' 'M'
 'M' 'M' 'U' 'M' 'M' 'M' 'M' 'A' 'U' 'M' 'M' 'M' 'M' 'U' 'M' 'M' 'M' 'M']"
426901,0,157,6,151,41,0,0,"['A' 'M' 'M' 'M' 'M' 'M' 'U' 'M' 'M' 'U' 'M' 'M' 'U' 'U' 'M' 'M' 'M' 'M'
 'M' 'M' 'M' 'M' 'M' 'M' 'U' 'M' 'M' 'M' 'M' 'M' 'M' 'M' 'M' 'M' 'M' 'U'
 'M' 'M' 'M' 'M' 'M' 'M' 'M' 'M' 'M' 'M' 'M' 'M' 'M' 'M' 'M' 'U' 'M' 'M'
 'M' 'M' 'M' 'A' 'U' 'U' 'M' 'M' 'M' 'U' 'M' 'M' 'M' 'M' 'M' 'M' 'M' 'M'
 'M' 'M' 'M' 'M' 'M' 'M' 'M' 'M' 'M' 'U' 'M' 'M' 'U' 'M' 'U' 'M' 'U' 'M'
 'M' 'U' 'M' 'M' 'M' 'M' 'M' 'U' 'U' 'M' 'M' 'M' 'M' 'M' 'M' 'M' 'U' 'M'
 'M' 'U' 'M' 'M' 'M' 'M' 'U' 'M' 'M' 'U' 'M' 'M' 'U' 'U' 'M' 'M' 'M' 'M'
 'M' 'M' 'M' 'M' 'M' 'U' 'U' 'U' 'U' 'U' 'A' 'U' 'A' 'M' 'U' 'M' 'A' 'M'
 'M' 'U' 'M' 'M' 'M' 'U' 'M' 'M' 'M' 'M' 'M' 'M' 'M' 'U' 'M' 'U' 'U' 'M'
 'M' 'U' 'M' 'M' 'M' 'M' 'M' 'U' 'M' 'M' 'M' 'M' 'M' 'M' 'M' 'M' 'M' 'M'
 'M' 'M' 'U' 'M' 'M' 'M' 'M' 'A' 'U' 'M' 'M' 'M' 'M' 'U' 'M' 'U' 'M' 'M']"
427001,0,159,6,153,39,0,0,"['A' 'M' 'M' 'M' 'M' 'M' 'U' 'M' 'M' 'U' 'M' 'M' 'U' 'M' 'M' 'M' 'U' 'M'
 'M' 'M' 'M' 'M' 'M' 'U' 'M' 'M' 'M' 'M' 'M' 'M' 'M' 'M' 'M' 'M' 'M' 'U'
 'M' 'M' 'M' 'M' 'M' 'M' 'M' 'M' 'M' 'M' 'M' 'M' 'M' 'M' 'M' 'M' 'U' 'M'
 'M' 'M' 'M' 'A' 'U' 'U' 'M' 'M' 'M' 'U' 'M' 'U' 'M' 'M' 'M' 'M' 'U' 'M'
 'M' 'U' 'M' 'M' 'M' 'U' 'M' 'M' 'U' 'M' 'M' 'M' 'M' 'M' 'M' 'M' 'M' 'M'
 'M' 'M' 'M' 'M' 'M' 'M' 'U' 'U' 'U' 'M' 'M' 'M' 'M' 'M' 'M' 'M' 'M' 'M'
 'M' 'M' 'M' 'M' 'M' 'M' 'U' 'M' 'M' 'U' 'M' 'M' 'U' 'M' 'M' 'M' 'M' 'U'
 'M' 'M' 'M' 'M' 'M' 'U' 'M' 'U' 'U' 'U' 'A' 'U' 'A' 'M' 'U' 'M' 'A' 'M'
 'M' 'M' 'M' 'U' 'U' 'U' 'M' 'M' 'M' 'M' 'M' 'M' 'M' 'U' 'M' 'U' 'M' 'M'
 'M' 'U' 'M' 'M' 'M' 'M' 'M' 'U' 'M' 'M' 'M' 'M' 'M' 'M' 'M' 'M' 'M' 'M'
 'M' 'M' 'U' 'M' 'M' 'M' 'M' 'A' 'U' 'M' 'M' 'M' 'M' 'U' 'M' 'U' 'M' 'M']"
427101,0,160,3,157,38,1,0,"['A' 'M' 'M' 'M' 'M' 'M' 'M' 'M' 'M' 'U' 'M' 'M' 'M' 'M' 'M' 'M' 'U' 'M'
 'M' 'M' 'M' 'M' 'M' 'M' 'M' 'M' 'M' 'M' 'M' 'U' 'M' 'M' 'M' 'M' 'M' 'M'
 'M' 'U' 'M' 'M' 'M' 'M' 'M' 'M' 'M' 'M' 'M' 'M' 'M' 'M' 'M' 'M' 'U' 'M'
 'M' 'M' 'M' 'A' 'U' 'U' 'M' 'M' 'M' 'U' 'M' 'M' 'M' 'M' 'M' 'M' 'M' 'M'
 'M' 'U' 'M' 'M' 'M' 'U' 'M' 'M' 'M' 'M' 'M' 'U' 'M' 'U' 'M' 'M' 'M' 'M'
 'M' 'M' 'M' 'M' 'U' 'M' 'U' 'U' 'M' 'M' 'M' 'M' 'M' 'M' 'M' 'M' 'M' 'M'
 'M' 'M' 'M' 'M' 'U' 'M' 'M' 'U' 'M' 'M' 'U' 'M' 'U' 'M' 'M' 'M' 'M' 'U'
 'M' 'M' 'M' 'M' 'M' 'M' 'M' 'U' 'U' 'U' 'U' 'U' 'U' 'M' 'U' 'M' 'A' 'M'
 'M' 'M' 'M' 'M' 'M' 'U' 'M' 'M' 'U' 'M' 'M' 'M' 'M' 'U' 'U' 'U' 'M' 'M'
 'M' 'U' 'M' 'M' 'M' 'M' 'M' 'M' 'M' 'M' 'U' 'M' 'M' 'M' 'M' 'M' 'M' 'M'
 'M' 'M' 'U' 'M' 'M' 'M' 'M' 'M' 'U' 'M' 'M' 'M' 'M' 'U' 'M' 'U' 'M' 'M']"
427201,1,163,2,161,35,0,0,"['A' 'M' 'M' 'M' 'M' 'M' 'M' 'M' 'U' 'U' 'M' 'M' 'M' 'M' 'M' 'M' 'M' 'M'
 'M' 'M' 'M' 'M' 'M' 'M' 'M' 'M' 'M' 'M' 'M' 'M' 'M' 'M' 'M' 'M' 'M' 'M'
 'M' 'U' 'U' 'M' 'M' 'M' 'M' 'M' 'M' 'M' 'M' 'M' 'M' 'M' 'M' 'M' 'U' 'M'
 'M' 'U' 'M' 'A' 'U' 'U' 'M' 'M' 'M' 'M' 'M' 'M' 'M' 'M' 'U' 'M' 'M' 'M'
 'M' 'U' 'M' 'M' 'M' 'M' 'M' 'M' 'M' 'M' 'M' 'U' 'M' 'M' 'M' 'M' 'M' 'M'
 'U' 'U' 'M' 'M' 'M' 'M' 'U' 'U' 'M' 'M' 'M' 'M' 'M' 'M' 'M' 'M' 'M' 'M'
 'M' 'M' 'M' 'M' 'U' 'M' 'M' 'U' 'M' 'M' 'M' 'U' 'M' 'M' 'M' 'M' 'M' 'U'
 'M' 'M' 'M' 'M' 'M' 'M' 'M' 'U' 'M' 'U' 'M' 'M' 'M' 'M' 'U' 'M' 'U' 'M'
 'M' 'M' 'M' 'M' 'M' 'U' 'M' 'M' 'U' 'M' 'M' 'M' 'M' 'M' 'U' 'U' 'M' 'M'
 'M' 'U' 'M' 'M' 'M' 'M' 'M' 'M' 'M' 'M' 'U' 'M' 'M' 'M' 'M' 'M' 'M' 'M'
 'M' 'M' 'U' 'U' 'M' 'M' 'U' 'M' 'M' 'U' 'M' 'M' 'U' 'U' 'M' 'M' 'M' 'M']"
427301,0,164,5,159,34,1,0,"['A' 'M' 'U' 'M' 'M' 'M' 'M' 'M' 'U' 'M' 'M' 'M' 'M' 'U' 'M' 'M' 'M' 'M'
 'M' 'M' 'M' 'M' 'M' 'M' 'M' 'M' 'M' 'M' 'M' 'M' 'M' 'M' 'M' 'M' 'M' 'M'
 'M' 'U' 'U' 'M' 'M' 'M' 'M' 'M' 'M' 'M' 'M' 'M' 'M' 'M' 'M' 'M' 'U' 'M'
 'M' 'M' 'U' 'A' 'U' 'U' 'M' 'M' 'M' 'M' 'M' 'M' 'M' 'M' 'M' 'U' 'M' 'M'
 'M' 'M' 'M' 'M' 'U' 'M' 'M' 'M' 'M' 'M' 'M' 'M' 'M' 'M' 'M' 'M' 'U' 'M'
 'U' 'U' 'M' 'M' 'M' 'M' 'M' 'U' 'M' 'M' 'M' 'M' 'M' 'M' 'M' 'M' 'M' 'M'
 'M' 'M' 'M' 'M' 'U' 'M' 'M' 'U' 'M' 'M' 'M' 'U' 'M' 'M' 'M' 'M' 'M' 'U'
 'M' 'M' 'M' 'M' 'M' 'M' 'M' 'U' 'U' 'U' 'U' 'U' 'U' 'M' 'U' 'M' 'A' 'M'
 'M' 'M' 'M' 'M' 'M' 'A' 'M' 'M' 'U' 'M' 'M' 'M' 'M' 'M' 'U' 'M' 'M' 'M'
 'M' 'M' 'M' 'M' 'M' 'M' 'M' 'M' 'M' 'M' 'A' 'U' 'M' 'M' 'M' 'M' 'M' 'M'
 'M' 'M' 'U' 'U' 'M' 'M' 'U' 'M' 'M' 'U' 'M' 'M' 'U' 'M' 'M' 'M' 'M' 'M']"
427401,0,161,4,157,37,0,0,"['A' 'M' 'U' 'M' 'M' 'M' 'M' 'M' 'A' 'M' 'M' 'M' 'M' 'U' 'M' 'M' 'M' 'M'
 'M' 'M' 'U' 'M' 'M' 'M' 'M' 'U' 'M' 'M' 'M' 'M' 'M' 'M' 'M' 'U' 'M' 'M'
 'M' 'M' 'U' 'M' 'M' 'M' 'M' 'M' 'M' 'M' 'M' 'M' 'M' 'M' 'M' 'M' 'U' 'M'
 'U' 'U' 'U' 'U' 'U' 'M' 'M' 'M' 'M' 'M' 'M' 'M' 'M' 'M' 'U' 'M' 'M' 'M'
 'M' 'M' 'U' 'M' 'M' 'M' 'M' 'M' 'U' 'M' 'M' 'M' 'M' 'M' 'M' 'M' 'M' 'M'
 'M' 'U' 'M' 'M' 'U' 'M' 'M' 'U' 'M' 'M' 'M' 'M' 'M' 'M' 'M' 'M' 'M' 'M'
 'M' 'M' 'M' 'M' 'U' 'M' 'M' 'M' 'M' 'M' 'M' 'U' 'M' 'M' 'M' 'M' 'M' 'U'
 'M' 'U' 'M' 'M' 'M' 'M' 'M' 'M' 'U' 'M' 'M' 'U' 'U' 'M' 'U' 'M' 'U' 'M'
 'M' 'M' 'M' 'M' 'M' 'A' 'U' 'M' 'M' 'M' 'M' 'M' 'M' 'M' 'U' 'U' 'M' 'M'
 'M' 'M' 'M' 'M' 'M' 'M' 'U' 'M' 'M' 'M' 'A' 'U' 'M' 'M' 'M' 'U' 'M' 'M'
 'M' 'M' 'U' 'M' 'M' 'M' 'U' 'M' 'M' 'U' 'M' 'M' 'U' 'M' 'M' 'M' 'M' 'M']"
427501,0,164,5,159,34,0,0,"['A' 'M' 'A' 'M' 'M' 'M' 'M' 'M' 'U' 'M' 'M' 'M' 'M' 'U' 'M' 'M' 'M' 'M'
 'M' 'M' 'U' 'M' 'M' 'M' 'M' 'M' 'M' 'M' 'M' 'M' 'M' 'M' 'M' 'M' 'M' 'M'
 'M' 'M' 'U' 'M' 'M' 'M' 'M' 'M' 'M' 'M' 'M' 'M' 'M' 'M' 'M' 'M' 'U' 'M'
 'A' 'U' 'M' 'U' 'U' 'M' 'M' 'M' 'M' 'M' 'M' 'M' 'M' 'M' 'M' 'U' 'M' 'M'
 'M' 'M' 'M' 'M' 'M' 'M' 'M' 'M' 'U' 'M' 'M' 'M' 'U' 'M' 'M' 'M' 'M' 'U'
 'M' 'M' 'M' 'M' 'U' 'M' 'M' 'U' 'U' 'M' 'M' 'M' 'M' 'M' 'M' 'M' 'M' 'M'
 'M' 'M' 'M' 'M' 'U' 'M' 'M' 'M' 'M' 'M' 'U' 'M' 'M' 'M' 'M' 'M' 'M' 'U'
 'M' 'A' 'M' 'M' 'M' 'M' 'M' 'U' 'U' 'M' 'M' 'U' 'M' 'M' 'M' 'M' 'U' 'M'
 'M' 'M' 'M' 'M' 'M' 'A' 'U' 'M' 'M' 'M' 'M' 'M' 'M' 'U' 'U' 'U' 'U' 'M'
 'M' 'M' 'M' 'M' 'U' 'M' 'U' 'M' 'M' 'M' 'U' 'U' 'M' 'M' 'M' 'U' 'M' 'M'
 'M' 'M' 'U' 'M' 'M' 'M' 'U' 'M' 'M' 'M' 'M' 'M' 'M' 'M' 'M' 'M' 'M' 'M']"
427601,0,164,6,158,34,0,0,"['A' 'M' 'A' 'M' 'M' 'M' 'M' 'M' 'U' 'M' 'M' 'M' 'U' 'U' 'U' 'M' 'M' 'M'
 'M' 'M' 'U' 'U' 'M' 'U' 'M' 'M' 'M' 'M' 'M' 'M' 'M' 'M' 'M' 'M' 'M' 'M'
 'M' 'M' 'M' 'M' 'M' 'M' 'M' 'M' 'U' 'M' 'M' 'M' 'U' 'U' 'M' 'M' 'U' 'M'
 'A' 'U' 'M' 'U' 'U' 'M' 'M' 'M' 'M' 'M' 'M' 'M' 'M' 'M' 'M' 'M' 'M' 'M'
 'M' 'M' 'M' 'U' 'U' 'U' 'M' 'M' 'M' 'M' 'M' 'M' 'U' 'M' 'M' 'M' 'U' 'M'
 'M' 'M' 'M' 'M' 'M' 'M' 'M' 'U' 'M' 'M' 'M' 'M' 'M' 'M' 'M' 'M' 'M' 'M'
 'M' 'M' 'M' 'M' 'U' 'M' 'M' 'M' 'M' 'M' 'U' 'M' 'M' 'M' 'M' 'M' 'M' 'U'
 'M' 'A' 'M' 'M' 'U' 'M' 'M' 'M' 'U' 'M' 'M' 'U' 'M' 'M' 'M' 'M' 'U' 'M'
 'M' 'M' 'M' 'M' 'M' 'A' 'M' 'M' 'M' 'M' 'M' 'M' 'U' 'U' 'M' 'M' 'U' 'M'
 'M' 'M' 'M' 'M' 'M' 'U' 'M' 'M' 'M' 'M' 'M' 'U' 'M' 'M' 'M' 'A' 'M' 'M'
 'M' 'M' 'M' 'M' 'M' 'M' 'U' 'M' 'M' 'U' 'M' 'M' 'M' 'M' 'M' 'M' 'M' 'M']"
427701,0,161,6,155,37,0,0,"['A' 'M' 'A' 'M' 'M' 'M' 'M' 'U' 'U' 'M' 'M' 'M' 'U' 'U' 'U' 'M' 'M' 'M'
 'M' 'M' 'M' 'U' 'M' 'M' 'U' 'M' 'M' 'M' 'M' 'M' 'M' 'M' 'M' 'M' 'M' 'U'
 'M' 'M' 'M' 'M' 'M' 'M' 'M' 'M' 'U' 'M' 'M' 'M' 'U' 'U' 'M' 'U' 'U' 'M'
 'U' 'M' 'M' 'U' 'U' 'M' 'M' 'M' 'M' 'M' 'M' 'M' 'M' 'M' 'M' 'M' 'U' 'U'
 'M' 'U' 'U' 'M' 'M' 'M' 'M' 'M' 'M' 'M' 'M' 'M' 'M' 'U' 'M' 'M' 'M' 'M'
 'M' 'M' 'M' 'M' 'M' 'M' 'U' 'U' 'M' 'M' 'M' 'M' 'M' 'M' 'M' 'M' 'M' 'M'
 'M' 'M' 'M' 'M' 'U' 'M' 'M' 'M' 'M' 'M' 'U' 'M' 'M' 'M' 'M' 'M' 'M' 'U'
 'M' 'A' 'M' 'M' 'M' 'M' 'M' 'M' 'U' 'M' 'M' 'U' 'M' 'M' 'M' 'M' 'U' 'M'
 'M' 'M' 'M' 'U' 'M' 'A' 'M' 'M' 'M' 'U' 'M' 'M' 'U' 'U' 'M' 'M' 'U' 'M'
 'M' 'M' 'A' 'M' 'M' 'U' 'M' 'M' 'M' 'M' 'M' 'M' 'M' 'M' 'M' 'A' 'M' 'M'
 'M' 'M' 'M' 'M' 'M' 'M' 'U' 'M' 'M' 'U' 'M' 'M' 'M' 'M' 'M' 'M' 'M' 'M']"
427801,0,154,5,149,44,0,0,"['A' 'M' 'U' 'M' 'M' 'M' 'M' 'M' 'U' 'M' 'M' 'M' 'M' 'M' 'U' 'M' 'M' 'U'
 'M' 'M' 'M' 'U' 'M' 'M' 'M' 'M' 'M' 'M' 'M' 'M' 'M' 'M' 'M' 'M' 'M' 'U'
 'M' 'M' 'U' 'M' 'M' 'M' 'M' 'M' 'M' 'M' 'M' 'M' 'U' 'U' 'M' 'U' 'U' 'M'
 'U' 'M' 'M' 'U' 'U' 'U' 'M' 'M' 'M' 'M' 'M' 'U' 'M' 'M' 'M' 'M' 'M' 'M'
 'M' 'M' 'M' 'M' 'M' 'U' 'M' 'U' 'M' 'U' 'M' 'M' 'M' 'M' 'M' 'M' 'M' 'M'
 'M' 'M' 'M' 'U' 'M' 'U' 'M' 'U' 'M' 'M' 'M' 'M' 'M' 'U' 'M' 'M' 'M' 'M'
 'M' 'M' 'M' 'M' 'U' 'M' 'M' 'M' 'M' 'M' 'U' 'M' 'M' 'M' 'M' 'M' 'M' 'U'
 'M' 'A' 'M' 'M' 'M' 'M' 'M' 'M' 'U' 'U' 'U' 'U' 'U' 'M' 'M' 'M' 'U' 'M'
 'M' 'M' 'M' 'U' 'M' 'A' 'M' 'M' 'M' 'U' 'M' 'U' 'M' 'U' 'M' 'M' 'U' 'U'
 'M' 'M' 'A' 'M' 'M' 'U' 'M' 'M' 'M' 'M' 'M' 'M' 'M' 'M' 'M' 'A' 'M' 'M'
 'M' 'M' 'U' 'M' 'U' 'M' 'U' 'M' 'U' 'U' 'M' 'M' 'M' 'M' 'M' 'M' 'M' 'M']"
427901,0,156,4,152,42,0,0,"['A' 'M' 'U' 'M' 'M' 'M' 'M' 'M' 'U' 'M' 'M' 'M' 'M' 'M' 'U' 'M' 'M' 'U'
 'M' 'M' 'M' 'U' 'M' 'M' 'M' 'M' 'M' 'M' 'M' 'M' 'M' 'M' 'M' 'M' 'M' 'M'
 'M' 'M' 'U' 'M' 'M' 'M' 'M' 'M' 'M' 'M' 'M' 'M' 'U' 'U' 'M' 'U' 'M' 'M'
 'U' 'M' 'M' 'M' 'U' 'U' 'M' 'M' 'M' 'M' 'M' 'M' 'M' 'M' 'U' 'U' 'M' 'M'
 'U' 'M' 'M' 'M' 'M' 'M' 'M' 'M' 'M' 'M' 'U' 'M' 'M' 'M' 'M' 'M' 'M' 'M'
 'M' 'M' 'M' 'M' 'U' 'U' 'M' 'U' 'M' 'M' 'M' 'U' 'U' 'U' 'U' 'M' 'M' 'M'
 'M' 'M' 'M' 'M' 'M' 'M' 'M' 'M' 'M' 'M' 'U' 'M' 'M' 'M' 'M' 'M' 'M' 'U'
 'M' 'U' 'M' 'M' 'U' 'M' 'M' 'M' 'M' 'U' 'U' 'U' 'M' 'U' 'M' 'M' 'U' 'M'
 'M' 'M' 'M' 'M' 'M' 'A' 'M' 'M' 'M' 'U' 'M' 'U' 'M' 'M' 'M' 'M' 'U' 'U'
 'M' 'M' 'A' 'M' 'M' 'M' 'M' 'M' 'M' 'M' 'M' 'U' 'M' 'M' 'M' 'A' 'M' 'M'
 'M' 'M' 'U' 'M' 'U' 'M' 'U' 'M' 'U' 'M' 'U' 'M' 'M' 'M' 'M' 'M' 'M' 'M']"
428001,0,159,4,155,39,0,0,"['A' 'M' 'M' 'M' 'M' 'M' 'M' 'M' 'U' 'M' 'M' 'M' 'M' 'M' 'U' 'M' 'M' 'U'
 'M' 'M' 'M' 'U' 'M' 'M' 'M' 'M' 'M' 'M' 'M' 'M' 'M' 'M' 'U' 'M' 'M' 'M'
 'M' 'M' 'U' 'M' 'M' 'M' 'M' 'M' 'M' 'M' 'M' 'M' 'U' 'M' 'M' 'M' 'U' 'M'
 'U' 'M' 'M' 'M' 'U' 'U' 'M' 'M' 'M' 'M' 'M' 'M' 'M' 'M' 'M' 'M' 'U' 'M'
 'M' 'M' 'M' 'M' 'U' 'M' 'M' 'M' 'M' 'M' 'M' 'U' 'M' 'U' 'M' 'M' 'U' 'M'
 'M' 'M' 'M' 'M' 'M' 'U' 'M' 'U' 'M' 'M' 'M' 'U' 'M' 'U' 'U' 'M' 'M' 'M'
 'M' 'M' 'M' 'M' 'M' 'M' 'M' 'M' 'M' 'M' 'U' 'M' 'M' 'M' 'M' 'M' 'M' 'M'
 'M' 'U' 'M' 'U' 'U' 'M' 'M' 'M' 'M' 'U' 'M' 'U' 'M' 'U' 'M' 'M' 'U' 'M'
 'M' 'M' 'M' 'M' 'M' 'A' 'M' 'M' 'M' 'U' 'M' 'U' 'M' 'M' 'M' 'M' 'U' 'U'
 'M' 'M' 'A' 'M' 'M' 'M' 'M' 'M' 'M' 'M' 'M' 'U' 'M' 'M' 'M' 'A' 'M' 'M'
 'M' 'M' 'U' 'M' 'U' 'M' 'U' 'M' 'U' 'M' 'U' 'M' 'M' 'M' 'M' 'M' 'M' 'M']"
428101,0,159,4,155,39,0,0,"['A' 'M' 'M' 'M' 'M' 'M' 'M' 'M' 'U' 'M' 'M' 'M' 'U' 'U' 'M' 'M' 'M' 'U'
 'M' 'M' 'M' 'U' 'M' 'M' 'M' 'M' 'M' 'M' 'M' 'M' 'M' 'A' 'M' 'M' 'M' 'M'
 'M' 'M' 'U' 'M' 'M' 'M' 'M' 'M' 'M' 'M' 'M' 'M' 'U' 'M' 'M' 'M' 'M' 'M'
 'U' 'M' 'U' 'M' 'M' 'U' 'M' 'M' 'M' 'M' 'M' 'M' 'M' 'M' 'M' 'M' 'M' 'U'
 'M' 'M' 'M' 'M' 'M' 'M' 'M' 'M' 'M' 'M' 'U' 'M' 'U' 'M' 'U' 'M' 'M' 'M'
 'M' 'M' 'U' 'M' 'M' 'U' 'M' 'U' 'M' 'M' 'U' 'U' 'M' 'U' 'M' 'M' 'M' 'M'
 'M' 'M' 'M' 'M' 'M' 'M' 'M' 'M' 'M' 'U' 'U' 'M' 'M' 'M' 'U' 'M' 'M' 'M'
 'M' 'M' 'M' 'U' 'U' 'M' 'M' 'M' 'M' 'U' 'M' 'U' 'M' 'U' 'M' 'M' 'U' 'M'
 'M' 'M' 'M' 'M' 'M' 'U' 'M' 'M' 'M' 'U' 'M' 'M' 'U' 'M' 'M' 'M' 'U' 'M'
 'M' 'M' 'A' 'M' 'M' 'M' 'M' 'M' 'U' 'M' 'M' 'U' 'M' 'M' 'M' 'A' 'M' 'M'
 'M' 'M' 'U' 'M' 'U' 'M' 'M' 'M' 'U' 'M' 'U' 'M' 'M' 'M' 'M' 'M' 'M' 'M']"
428201,0,161,5,156,37,0,0,"['A' 'M' 'U' 'M' 'M' 'M' 'M' 'M' 'U' 'M' 'M' 'M' 'U' 'U' 'M' 'M' 'M' 'U'
 'M' 'M' 'M' 'U' 'M' 'U' 'M' 'U' 'M' 'M' 'M' 'M' 'M' 'A' 'M' 'M' 'M' 'M'
 'M' 'M' 'U' 'M' 'M' 'M' 'M' 'M' 'M' 'M' 'M' 'M' 'U' 'M' 'M' 'M' 'U' 'M'
 'U' 'M' 'M' 'M' 'M' 'U' 'M' 'M' 'M' 'M' 'M' 'M' 'M' 'U' 'M' 'M' 'M' 'M'
 'U' 'U' 'M' 'M' 'M' 'M' 'M' 'M' 'M' 'M' 'M' 'M' 'U' 'M' 'M' 'M' 'M' 'U'
 'M' 'M' 'M' 'M' 'M' 'U' 'M' 'A' 'M' 'M' 'U' 'U' 'M' 'U' 'M' 'M' 'M' 'M'
 'M' 'M' 'M' 'M' 'M' 'M' 'M' 'M' 'M' 'M' 'U' 'M' 'M' 'M' 'U' 'M' 'M' 'M'
 'M' 'M' 'M' 'U' 'M' 'M' 'M' 'M' 'M' 'U' 'M' 'U' 'M' 'M' 'M' 'M' 'M' 'M'
 'M' 'M' 'M' 'M' 'M' 'U' 'M' 'M' 'M' 'U' 'M' 'U' 'U' 'U' 'M' 'M' 'M' 'M'
 'M' 'M' 'A' 'M' 'M' 'M' 'M' 'M' 'M' 'U' 'M' 'M' 'M' 'M' 'M' 'A' 'M' 'M'
 'M' 'M' 'U' 'M' 'U' 'M' 'M' 'U' 'M' 'M' 'U' 'M' 'M' 'M' 'M' 'M' 'M' 'M']"
428301,0,159,4,155,39,0,0,"['A' 'M' 'U' 'M' 'M' 'M' 'U' 'M' 'U' 'U' 'M' 'M' 'U' 'U' 'M' 'M' 'M' 'U'
 'M' 'M' 'M' 'M' 'M' 'U' 'M' 'U' 'M' 'M' 'M' 'M' 'M' 'A' 'M' 'M' 'M' 'M'
 'M' 'M' 'U' 'M' 'M' 'M' 'M' 'M' 'M' 'M' 'U' 'M' 'U' 'M' 'M' 'M' 'U' 'M'
 'U' 'M' 'M' 'M' 'M' 'U' 'U' 'M' 'M' 'M' 'M' 'U' 'U' 'M' 'M' 'M' 'M' 'M'
 'M' 'U' 'M' 'M' 'M' 'M' 'M' 'M' 'M' 'M' 'M' 'M' 'U' 'U' 'M' 'M' 'M' 'M'
 'M' 'M' 'M' 'M' 'M' 'U' 'M' 'A' 'M' 'M' 'U' 'U' 'M' 'U' 'M' 'M' 'M' 'M'
 'M' 'M' 'M' 'M' 'M' 'U' 'M' 'M' 'M' 'M' 'U' 'M' 'M' 'M' 'M' 'M' 'M' 'M'
 'M' 'M' 'M' 'U' 'M' 'M' 'M' 'M' 'M' 'U' 'M' 'M' 'M' 'M' 'M' 'U' 'M' 'M'
 'M' 'M' 'M' 'M' 'M' 'U' 'M' 'M' 'M' 'U' 'M' 'U' 'M' 'M' 'M' 'M' 'M' 'M'
 'M' 'M' 'U' 'M' 'M' 'M' 'M' 'M' 'M' 'U' 'M' 'M' 'M' 'M' 'M' 'A' 'M' 'M'
 'M' 'M' 'U' 'M' 'U' 'M' 'M' 'U' 'M' 'M' 'U' 'M' 'M' 'M' 'M' 'M' 'M' 'M']"
428401,0,157,3,154,41,0,0,"['A' 'M' 'U' 'M' 'M' 'M' 'M' 'M' 'U' 'U' 'M' 'M' 'U' 'U' 'M' 'M' 'M' 'M'
 'M' 'M' 'M' 'M' 'M' 'U' 'M' 'U' 'M' 'M' 'M' 'M' 'M' 'A' 'U' 'M' 'M' 'M'
 'M' 'M' 'U' 'M' 'M' 'M' 'M' 'M' 'M' 'M' 'U' 'M' 'U' 'M' 'M' 'U' 'U' 'M'
 'U' 'M' 'M' 'M' 'M' 'U' 'U' 'M' 'M' 'M' 'U' 'U' 'M' 'M' 'U' 'M' 'M' 'M'
 'M' 'M' 'M' 'M' 'M' 'M' 'M' 'M' 'M' 'M' 'M' 'M' 'U' 'M' 'M' 'U' 'M' 'M'
 'M' 'M' 'M' 'M' 'U' 'U' 'M' 'A' 'M' 'M' 'U' 'U' 'M' 'M' 'M' 'M' 'U' 'M'
 'M' 'M' 'M' 'M' 'M' 'U' 'M' 'M' 'M' 'M' 'U' 'M' 'M' 'M' 'M' 'U' 'M' 'M'
 'M' 'M' 'M' 'U' 'M' 'M' 'M' 'M' 'M' 'U' 'M' 'M' 'M' 'M' 'M' 'U' 'M' 'M'
 'M' 'M' 'M' 'M' 'M' 'U' 'M' 'M' 'M' 'M' 'M' 'U' 'M' 'M' 'M' 'M' 'M' 'M'
 'M' 'M' 'U' 'M' 'M' 'M' 'M' 'M' 'M' 'U' 'M' 'M' 'M' 'M' 'U' 'U' 'M' 'M'
 'U' 'M' 'M' 'M' 'U' 'M' 'M' 'U' 'M' 'M' 'M' 'M' 'M' 'M' 'M' 'M' 'M' 'M']"
428501,0,162,3,159,36,0,0,"['A' 'M' 'U' 'M' 'M' 'M' 'M' 'M' 'U' 'U' 'U' 'M' 'U' 'U' 'M' 'M' 'M' 'M'
 'M' 'M' 'M' 'M' 'M' 'U' 'M' 'M' 'M' 'M' 'M' 'M' 'M' 'M' 'U' 'U' 'M' 'M'
 'M' 'M' 'M' 'M' 'M' 'M' 'M' 'M' 'M' 'M' 'M' 'M' 'U' 'M' 'M' 'M' 'U' 'M'
 'U' 'M' 'M' 'M' 'M' 'M' 'U' 'M' 'U' 'M' 'M' 'M' 'M' 'M' 'M' 'M' 'M' 'U'
 'M' 'M' 'M' 'M' 'U' 'M' 'M' 'M' 'M' 'U' 'M' 'M' 'M' 'M' 'M' 'U' 'M' 'M'
 'M' 'M' 'M' 'U' 'M' 'U' 'M' 'A' 'M' 'M' 'U' 'U' 'M' 'M' 'U' 'M' 'U' 'M'
 'M' 'M' 'M' 'M' 'M' 'M' 'M' 'M' 'M' 'M' 'U' 'M' 'M' 'M' 'M' 'U' 'M' 'M'
 'M' 'M' 'M' 'U' 'M' 'M' 'M' 'M' 'M' 'M' 'M' 'M' 'M' 'M' 'M' 'M' 'M' 'M'
 'M' 'M' 'M' 'M' 'M' 'U' 'M' 'M' 'M' 'M' 'M' 'U' 'M' 'M' 'U' 'M' 'M' 'M'
 'M' 'M' 'U' 'M' 'M' 'M' 'M' 'M' 'M' 'U' 'M' 'M' 'M' 'U' 'U' 'U' 'M' 'M'
 'M' 'M' 'M' 'M' 'U' 'M' 'M' 'A' 'M' 'M' 'M' 'M' 'M' 'M' 'M' 'M' 'M' 'M']"
428601,0,160,5,155,38,0,0,"['A' 'M' 'U' 'M' 'M' 'M' 'M' 'M' 'U' 'U' 'M' 'M' 'U' 'U' 'M' 'U' 'M' 'M'
 'M' 'M' 'M' 'U' 'M' 'U' 'U' 'U' 'M' 'M' 'M' 'U' 'M' 'M' 'U' 'M' 'M' 'M'
 'M' 'M' 'M' 'M' 'M' 'M' 'M' 'M' 'M' 'M' 'M' 'U' 'M' 'M' 'M' 'M' 'A' 'M'
 'U' 'M' 'M' 'M' 'M' 'U' 'U' 'M' 'U' 'M' 'M' 'M' 'U' 'M' 'M' 'M' 'U' 'M'
 'M' 'M' 'U' 'M' 'M' 'U' 'M' 'M' 'M' 'M' 'M' 'M' 'M' 'M' 'M' 'M' 'M' 'M'
 'M' 'U' 'M' 'M' 'M' 'U' 'M' 'A' 'M' 'M' 'U' 'U' 'M' 'M' 'M' 'M' 'A' 'M'
 'M' 'M' 'M' 'M' 'M' 'M' 'M' 'M' 'M' 'M' 'M' 'M' 'U' 'M' 'M' 'U' 'M' 'M'
 'M' 'M' 'U' 'U' 'M' 'M' 'M' 'M' 'M' 'M' 'M' 'M' 'M' 'M' 'M' 'M' 'M' 'M'
 'M' 'M' 'M' 'M' 'M' 'U' 'M' 'M' 'M' 'M' 'M' 'U' 'M' 'M' 'U' 'M' 'M' 'M'
 'M' 'M' 'U' 'M' 'M' 'M' 'M' 'M' 'M' 'U' 'M' 'U' 'M' 'M' 'U' 'U' 'M' 'M'
 'M' 'M' 'M' 'M' 'U' 'M' 'M' 'A' 'M' 'M' 'M' 'M' 'M' 'M' 'M' 'M' 'M' 'M']"
428701,0,161,5,156,37,0,1,"['A' 'M' 'M' 'M' 'M' 'M' 'M' 'M' 'U' 'M' 'M' 'M' 'U' 'M' 'M' 'U' 'M' 'M'
 'M' 'U' 'M' 'U' 'M' 'U' 'M' 'U' 'M' 'M' 'U' 'U' 'M' 'M' 'U' 'M' 'M' 'M'
 'M' 'M' 'M' 'M' 'M' 'M' 'M' 'M' 'M' 'M' 'M' 'U' 'M' 'M' 'M' 'M' 'A' 'M'
 'U' 'M' 'M' 'M' 'M' 'U' 'U' 'M' 'U' 'M' 'M' 'M' 'M' 'M' 'M' 'M' 'M' 'M'
 'U' 'M' 'M' 'M' 'M' 'U' 'M' 'M' 'M' 'M' 'M' 'M' 'M' 'M' 'M' 'U' 'U' 'M'
 'M' 'M' 'M' 'M' 'U' 'M' 'M' 'A' 'M' 'M' 'U' 'U' 'M' 'M' 'M' 'M' 'A' 'M'
 'M' 'M' 'M' 'M' 'M' 'U' 'M' 'M' 'M' 'M' 'M' 'M' 'M' 'M' 'M' 'M' 'M' 'M'
 'M' 'U' 'U' 'M' 'M' 'M' 'M' 'M' 'M' 'M' 'M' 'M' 'M' 'M' 'M' 'M' 'M' 'M'
 'M' 'M' 'M' 'M' 'M' 'U' 'M' 'M' 'M' 'M' 'M' 'U' 'M' 'M' 'U' 'M' 'M' 'M'
 'M' 'M' 'U' 'M' 'M' 'M' 'M' 'M' 'M' 'U' 'M' 'U' 'M' 'U' 'U' 'U' 'M' 'M'
 'M' 'M' 'M' 'M' 'U' 'M' 'M' 'A' 'U' 'M' 'M' 'M' 'M' 'M' 'M' 'M' 'M' 'U']"
428801,0,149,5,144,49,0,0,"['A' 'M' 'M' 'M' 'M' 'M' 'M' 'M' 'U' 'M' 'M' 'M' 'U' 'M' 'M' 'U' 'M' 'M'
 'M' 'U' 'M' 'U' 'M' 'U' 'M' 'U' 'M' 'M' 'U' 'U' 'M' 'M' 'A' 'M' 'U' 'U'
 'M' 'M' 'M' 'M' 'M' 'M' 'M' 'M' 'M' 'M' 'M' 'M' 'M' 'M' 'U' 'M' 'A' 'M'
 'U' 'M' 'M' 'M' 'M' 'U' 'U' 'M' 'U' 'U' 'M' 'M' 'U' 'M' 'M' 'M' 'U' 'M'
 'M' 'M' 'M' 'M' 'M' 'M' 'M' 'M' 'U' 'M' 'U' 'M' 'M' 'U' 'M' 'M' 'M' 'M'
 'M' 'M' 'M' 'M' 'M' 'M' 'M' 'U' 'M' 'M' 'U' 'U' 'M' 'M' 'U' 'U' 'A' 'M'
 'M' 'M' 'M' 'M' 'M' 'U' 'M' 'M' 'M' 'M' 'M' 'M' 'M' 'M' 'M' 'M' 'M' 'U'
 'U' 'U' 'U' 'M' 'M' 'M' 'U' 'U' 'M' 'U' 'U' 'M' 'U' 'M' 'M' 'U' 'M' 'M'
 'M' 'U' 'M' 'M' 'M' 'U' 'M' 'M' 'M' 'M' 'M' 'U' 'M' 'M' 'U' 'M' 'M' 'M'
 'M' 'M' 'M' 'M' 'M' 'U' 'M' 'M' 'M' 'U' 'M' 'M' 'M' 'U' 'U' 'U' 'M' 'M'
 'M' 'M' 'M' 'M' 'U' 'M' 'M' 'A' 'U' 'M' 'M' 'M' 'M' 'M' 'M' 'M' 'M' 'M']"
428901,0,153,5,148,45,0,0,"['A' 'M' 'M' 'M' 'M' 'M' 'M' 'M' 'M' 'M' 'M' 'M' 'U' 'U' 'M' 'U' 'M' 'U'
 'M' 'U' 'M' 'M' 'M' 'U' 'M' 'M' 'M' 'M' 'U' 'U' 'M' 'M' 'A' 'M' 'U' 'U'
 'M' 'U' 'M' 'M' 'M' 'M' 'M' 'M' 'M' 'M' 'M' 'M' 'M' 'M' 'U' 'M' 'A' 'M'
 'M' 'M' 'M' 'M' 'M' 'M' 'M' 'M' 'U' 'M' 'M' 'M' 'M' 'M' 'M' 'M' 'U' 'M'
 'M' 'M' 'M' 'U' 'M' 'M' 'M' 'M' 'M' 'U' 'U' 'M' 'M' 'M' 'M' 'U' 'M' 'M'
 'M' 'M' 'M' 'M' 'M' 'M' 'U' 'M' 'M' 'M' 'U' 'U' 'M' 'M' 'U' 'U' 'A' 'M'
 'U' 'M' 'M' 'M' 'M' 'U' 'M' 'M' 'M' 'M' 'M' 'M' 'M' 'M' 'U' 'M' 'M' 'U'
 'U' 'M' 'U' 'M' 'M' 'M' 'U' 'M' 'M' 'U' 'U' 'M' 'U' 'M' 'M' 'M' 'M' 'M'
 'M' 'M' 'M' 'M' 'M' 'M' 'M' 'M' 'M' 'M' 'M' 'U' 'M' 'M' 'U' 'M' 'U' 'M'
 'M' 'M' 'M' 'M' 'U' 'M' 'M' 'M' 'M' 'U' 'M' 'M' 'M' 'U' 'U' 'U' 'M' 'M'
 'M' 'M' 'M' 'U' 'U' 'M' 'M' 'A' 'M' 'U' 'M' 'M' 'U' 'M' 'M' 'M' 'M' 'M']"
429001,0,159,5,154,39,0,0,"['A' 'M' 'M' 'M' 'M' 'M' 'M' 'M' 'M' 'M' 'M' 'M' 'U' 'U' 'M' 'U' 'M' 'M'
 'M' 'U' 'M' 'M' 'M' 'M' 'M' 'U' 'M' 'M' 'U' 'M' 'M' 'U' 'A' 'M' 'U' 'M'
 'M' 'U' 'M' 'M' 'M' 'M' 'M' 'M' 'M' 'M' 'M' 'M' 'M' 'M' 'M' 'U' 'A' 'M'
 'M' 'M' 'M' 'M' 'M' 'M' 'M' 'M' 'U' 'M' 'M' 'M' 'M' 'M' 'M' 'U' 'M' 'M'
 'M' 'M' 'M' 'M' 'M' 'U' 'M' 'M' 'M' 'M' 'U' 'M' 'M' 'U' 'M' 'M' 'M' 'U'
 'M' 'M' 'M' 'M' 'M' 'M' 'U' 'M' 'M' 'M' 'U' 'U' 'M' 'M' 'U' 'M' 'A' 'M'
 'U' 'M' 'M' 'U' 'M' 'U' 'M' 'M' 'U' 'M' 'M' 'M' 'M' 'M' 'U' 'U' 'M' 'U'
 'M' 'M' 'U' 'M' 'M' 'M' 'U' 'M' 'M' 'U' 'U' 'M' 'U' 'M' 'M' 'M' 'M' 'M'
 'M' 'M' 'M' 'M' 'M' 'M' 'M' 'M' 'M' 'M' 'M' 'M' 'M' 'M' 'U' 'M' 'U' 'M'
 'M' 'U' 'M' 'M' 'U' 'M' 'M' 'M' 'M' 'A' 'M' 'M' 'M' 'M' 'M' 'M' 'M' 'M'
 'M' 'M' 'M' 'M' 'U' 'M' 'M' 'U' 'M' 'U' 'M' 'M' 'M' 'M' 'M' 'M' 'M' 'M']"
429101,0,160,3,157,38,0,0,"['A' 'M' 'M' 'M' 'M' 'U' 'M' 'M' 'M' 'M' 'M' 'M' 'U' 'U' 'M' 'U' 'U' 'M'
 'M' 'U' 'M' 'M' 'M' 'M' 'M' 'U' 'M' 'M' 'U' 'M' 'M' 'U' 'U' 'M' 'U' 'M'
 'M' 'U' 'M' 'M' 'M' 'M' 'M' 'M' 'M' 'M' 'M' 'M' 'M' 'M' 'M' 'M' 'M' 'M'
 'M' 'M' 'M' 'M' 'M' 'M' 'M' 'U' 'U' 'M' 'M' 'U' 'M' 'U' 'M' 'M' 'M' 'M'
 'M' 'M' 'M' 'M' 'M' 'M' 'M' 'M' 'M' 'M' 'M' 'M' 'M' 'U' 'M' 'M' 'M' 'M'
 'U' 'M' 'U' 'M' 'M' 'M' 'U' 'M' 'M' 'M' 'M' 'M' 'M' 'M' 'U' 'M' 'A' 'M'
 'U' 'M' 'M' 'U' 'M' 'U' 'M' 'M' 'U' 'M' 'M' 'M' 'M' 'M' 'U' 'U' 'M' 'M'
 'M' 'M' 'U' 'M' 'M' 'M' 'U' 'M' 'M' 'U' 'U' 'M' 'U' 'M' 'M' 'M' 'M' 'M'
 'M' 'M' 'M' 'M' 'M' 'M' 'M' 'M' 'M' 'M' 'M' 'M' 'M' 'M' 'U' 'M' 'M' 'M'
 'M' 'U' 'M' 'M' 'U' 'M' 'M' 'M' 'M' 'A' 'M' 'M' 'M' 'M' 'M' 'M' 'M' 'M'
 'M' 'M' 'M' 'M' 'U' 'M' 'M' 'U' 'M' 'U' 'M' 'M' 'M' 'M' 'M' 'M' 'M' 'M']"
429201,0,162,2,160,36,0,0,"['A' 'M' 'M' 'M' 'M' 'U' 'M' 'M' 'M' 'M' 'M' 'M' 'U' 'U' 'M' 'U' 'U' 'M'
 'M' 'U' 'M' 'M' 'M' 'M' 'M' 'M' 'M' 'M' 'U' 'M' 'M' 'U' 'M' 'M' 'U' 'M'
 'M' 'U' 'M' 'M' 'M' 'M' 'M' 'M' 'M' 'M' 'M' 'M' 'M' 'M' 'M' 'M' 'M' 'M'
 'M' 'M' 'M' 'M' 'M' 'M' 'M' 'U' 'M' 'M' 'M' 'M' 'M' 'U' 'M' 'M' 'M' 'U'
 'M' 'M' 'M' 'U' 'U' 'M' 'M' 'M' 'M' 'M' 'M' 'M' 'M' 'M' 'M' 'M' 'U' 'M'
 'M' 'M' 'M' 'M' 'M' 'M' 'U' 'M' 'M' 'M' 'M' 'M' 'M' 'M' 'U' 'M' 'U' 'M'
 'U' 'M' 'M' 'U' 'M' 'U' 'M' 'M' 'U' 'M' 'M' 'M' 'M' 'U' 'U' 'U' 'M' 'M'
 'M' 'M' 'U' 'M' 'M' 'M' 'U' 'M' 'M' 'U' 'U' 'M' 'U' 'M' 'M' 'M' 'M' 'M'
 'M' 'M' 'M' 'M' 'M' 'M' 'M' 'M' 'M' 'M' 'M' 'M' 'M' 'M' 'U' 'M' 'M' 'M'
 'M' 'M' 'M' 'M' 'M' 'M' 'M' 'M' 'M' 'A' 'M' 'M' 'U' 'M' 'U' 'M' 'M' 'M'
 'M' 'M' 'M' 'M' 'M' 'M' 'M' 'U' 'M' 'M' 'M' 'M' 'U' 'M' 'M' 'M' 'M' 'M']"
429301,0,160,4,156,38,0,0,"['A' 'M' 'M' 'M' 'M' 'U' 'M' 'M' 'M' 'M' 'M' 'M' 'M' 'M' 'M' 'M' 'M' 'M'
 'M' 'U' 'M' 'M' 'M' 'M' 'M' 'M' 'M' 'M' 'M' 'M' 'M' 'U' 'U' 'M' 'U' 'M'
 'M' 'U' 'M' 'M' 'M' 'M' 'M' 'M' 'U' 'M' 'M' 'M' 'M' 'M' 'U' 'M' 'M' 'A'
 'M' 'M' 'M' 'M' 'M' 'M' 'M' 'M' 'M' 'M' 'M' 'M' 'U' 'U' 'M' 'U' 'M' 'U'
 'M' 'M' 'M' 'M' 'M' 'M' 'M' 'M' 'M' 'M' 'M' 'U' 'M' 'M' 'M' 'M' 'M' 'M'
 'M' 'M' 'M' 'M' 'M' 'M' 'M' 'M' 'M' 'M' 'U' 'M' 'M' 'M' 'U' 'M' 'M' 'M'
 'U' 'M' 'M' 'U' 'M' 'U' 'M' 'M' 'U' 'M' 'M' 'M' 'M' 'U' 'M' 'U' 'M' 'M'
 'M' 'M' 'U' 'M' 'M' 'A' 'U' 'U' 'U' 'U' 'U' 'U' 'U' 'M' 'M' 'M' 'M' 'M'
 'M' 'M' 'M' 'M' 'M' 'M' 'M' 'M' 'M' 'M' 'U' 'M' 'M' 'M' 'U' 'M' 'M' 'M'
 'M' 'M' 'M' 'M' 'U' 'M' 'M' 'M' 'M' 'A' 'M' 'U' 'M' 'U' 'U' 'M' 'M' 'M'
 'M' 'M' 'M' 'M' 'M' 'M' 'M' 'M' 'M' 'M' 'U' 'U' 'U' 'M' 'M' 'M' 'M' 'M']"
429401,0,160,7,153,38,0,0,"['A' 'M' 'M' 'M' 'M' 'U' 'M' 'M' 'M' 'M' 'M' 'M' 'M' 'M' 'M' 'M' 'M' 'M'
 'M' 'U' 'M' 'M' 'M' 'U' 'M' 'M' 'M' 'U' 'U' 'M' 'M' 'U' 'U' 'M' 'U' 'M'
 'M' 'U' 'M' 'M' 'M' 'M' 'M' 'M' 'U' 'M' 'M' 'M' 'M' 'M' 'U' 'M' 'M' 'A'
 'M' 'M' 'M' 'M' 'M' 'M' 'M' 'M' 'M' 'M' 'M' 'M' 'M' 'M' 'U' 'M' 'M' 'M'
 'U' 'M' 'M' 'M' 'M' 'U' 'M' 'M' 'M' 'M' 'U' 'M' 'M' 'M' 'U' 'M' 'M' 'M'
 'M' 'M' 'M' 'M' 'M' 'M' 'U' 'M' 'M' 'M' 'U' 'M' 'M' 'M' 'U' 'M' 'M' 'M'
 'M' 'M' 'M' 'U' 'M' 'U' 'U' 'M' 'M' 'M' 'M' 'M' 'M' 'U' 'M' 'A' 'M' 'M'
 'M' 'M' 'U' 'M' 'M' 'A' 'M' 'U' 'U' 'U' 'M' 'U' 'U' 'M' 'M' 'A' 'M' 'M'
 'M' 'M' 'M' 'M' 'M' 'M' 'M' 'M' 'U' 'M' 'M' 'M' 'M' 'M' 'U' 'M' 'M' 'M'
 'M' 'M' 'M' 'M' 'A' 'M' 'M' 'M' 'M' 'A' 'M' 'U' 'M' 'U' 'U' 'M' 'M' 'M'
 'M' 'M' 'M' 'M' 'M' 'M' 'M' 'M' 'U' 'M' 'U' 'U' 'U' 'M' 'M' 'M' 'M' 'M']"
429501,0,162,6,156,36,0,0,"['A' 'M' 'M' 'M' 'U' 'M' 'M' 'M' 'U' 'M' 'M' 'M' 'M' 'M' 'M' 'M' 'M' 'M'
 'M' 'M' 'M' 'U' 'M' 'U' 'M' 'M' 'M' 'U' 'M' 'M' 'M' 'M' 'U' 'M' 'U' 'M'
 'M' 'U' 'M' 'M' 'U' 'M' 'M' 'M' 'A' 'M' 'M' 'M' 'M' 'M' 'U' 'M' 'U' 'A'
 'M' 'M' 'M' 'M' 'M' 'M' 'M' 'M' 'M' 'M' 'M' 'M' 'M' 'U' 'M' 'M' 'M' 'M'
 'M' 'M' 'M' 'M' 'M' 'M' 'M' 'M' 'M' 'M' 'M' 'U' 'M' 'M' 'M' 'M' 'M' 'U'
 'U' 'M' 'U' 'M' 'M' 'M' 'U' 'M' 'M' 'M' 'U' 'M' 'M' 'M' 'U' 'M' 'M' 'M'
 'M' 'M' 'M' 'M' 'M' 'U' 'U' 'M' 'M' 'M' 'M' 'M' 'M' 'U' 'M' 'A' 'M' 'M'
 'M' 'M' 'U' 'M' 'M' 'A' 'M' 'M' 'U' 'U' 'M' 'M' 'U' 'M' 'M' 'A' 'M' 'M'
 'M' 'M' 'M' 'M' 'M' 'M' 'M' 'M' 'U' 'M' 'M' 'M' 'M' 'M' 'U' 'M' 'M' 'M'
 'M' 'M' 'M' 'M' 'U' 'M' 'M' 'M' 'M' 'U' 'M' 'U' 'M' 'M' 'U' 'U' 'M' 'M'
 'M' 'M' 'M' 'M' 'M' 'M' 'M' 'M' 'U' 'M' 'U' 'M' 'U' 'M' 'M' 'M' 'M' 'M']"
429601,0,166,6,160,32,0,0,"['A' 'M' 'M' 'M' 'U' 'M' 'M' 'M' 'A' 'M' 'M' 'M' 'M' 'M' 'M' 'M' 'M' 'M'
 'M' 'M' 'M' 'M' 'M' 'U' 'M' 'M' 'M' 'U' 'M' 'M' 'M' 'M' 'M' 'M' 'U' 'M'
 'M' 'U' 'M' 'M' 'U' 'M' 'U' 'M' 'A' 'M' 'M' 'M' 'M' 'M' 'U' 'M' 'U' 'A'
 'M' 'M' 'M' 'U' 'M' 'M' 'M' 'M' 'U' 'M' 'M' 'M' 'M' 'M' 'M' 'M' 'M' 'U'
 'M' 'M' 'M' 'M' 'M' 'M' 'U' 'M' 'M' 'M' 'M' 'M' 'U' 'M' 'M' 'M' 'M' 'M'
 'M' 'M' 'U' 'U' 'M' 'M' 'U' 'M' 'M' 'M' 'U' 'M' 'M' 'M' 'M' 'M' 'M' 'M'
 'M' 'M' 'M' 'M' 'M' 'U' 'U' 'M' 'M' 'M' 'M' 'M' 'M' 'U' 'M' 'A' 'M' 'M'
 'M' 'M' 'M' 'M' 'M' 'U' 'M' 'M' 'U' 'M' 'M' 'M' 'M' 'M' 'M' 'U' 'M' 'M'
 'M' 'M' 'U' 'M' 'M' 'M' 'M' 'M' 'M' 'M' 'M' 'M' 'M' 'M' 'U' 'M' 'M' 'M'
 'M' 'M' 'M' 'M' 'M' 'M' 'M' 'M' 'M' 'U' 'M' 'U' 'M' 'M' 'A' 'U' 'M' 'M'
 'M' 'M' 'M' 'M' 'M' 'M' 'M' 'M' 'M' 'M' 'U' 'M' 'U' 'M' 'U' 'M' 'M' 'M']"
429701,0,161,5,156,37,0,0,"['A' 'M' 'M' 'M' 'U' 'M' 'M' 'M' 'A' 'M' 'M' 'M' 'M' 'M' 'M' 'M' 'M' 'M'
 'U' 'M' 'M' 'M' 'M' 'U' 'M' 'M' 'M' 'U' 'M' 'M' 'M' 'M' 'M' 'M' 'U' 'M'
 'M' 'M' 'M' 'M' 'U' 'M' 'U' 'M' 'U' 'M' 'M' 'M' 'M' 'M' 'M' 'M' 'U' 'A'
 'M' 'M' 'U' 'U' 'M' 'M' 'U' 'M' 'U' 'M' 'M' 'M' 'U' 'U' 'M' 'U' 'M' 'M'
 'M' 'M' 'M' 'M' 'M' 'U' 'M' 'M' 'M' 'M' 'M' 'U' 'M' 'M' 'M' 'M' 'M' 'M'
 'M' 'M' 'M' 'M' 'M' 'M' 'U' 'M' 'M' 'M' 'M' 'M' 'M' 'M' 'M' 'M' 'M' 'U'
 'M' 'M' 'M' 'M' 'U' 'M' 'U' 'M' 'M' 'M' 'M' 'M' 'M' 'U' 'M' 'U' 'M' 'M'
 'M' 'M' 'M' 'M' 'M' 'U' 'M' 'M' 'U' 'M' 'M' 'M' 'M' 'M' 'M' 'U' 'M' 'M'
 'M' 'M' 'A' 'M' 'M' 'M' 'M' 'M' 'M' 'U' 'M' 'M' 'M' 'M' 'U' 'M' 'M' 'M'
 'M' 'U' 'M' 'M' 'M' 'M' 'M' 'M' 'M' 'U' 'M' 'U' 'M' 'M' 'U' 'U' 'U' 'M'
 'M' 'M' 'M' 'M' 'M' 'M' 'M' 'M' 'M' 'M' 'U' 'M' 'A' 'M' 'U' 'M' 'M' 'M']"
429801,0,166,7,159,32,0,0,"['A' 'M' 'U' 'M' 'U' 'M' 'M' 'M' 'U' 'M' 'M' 'M' 'M' 'M' 'M' 'M' 'M' 'M'
 'U' 'M' 'M' 'M' 'M' 'U' 'M' 'M' 'M' 'M' 'M' 'M' 'M' 'M' 'M' 'M' 'M' 'M'
 'M' 'M' 'U' 'M' 'U' 'M' 'M' 'M' 'M' 'M' 'M' 'M' 'U' 'M' 'M' 'M' 'U' 'U'
 'M' 'M' 'U' 'M' 'M' 'M' 'U' 'M' 'U' 'M' 'M' 'M' 'U' 'M' 'M' 'M' 'M' 'M'
 'M' 'M' 'M' 'M' 'M' 'M' 'U' 'U' 'M' 'M' 'M' 'M' 'M' 'M' 'M' 'M' 'U' 'M'
 'M' 'M' 'M' 'U' 'M' 'M' 'U' 'M' 'M' 'M' 'M' 'M' 'M' 'M' 'M' 'M' 'M' 'U'
 'M' 'M' 'M' 'M' 'U' 'M' 'U' 'M' 'M' 'A' 'M' 'M' 'M' 'U' 'M' 'M' 'M' 'M'
 'M' 'M' 'M' 'M' 'M' 'M' 'M' 'M' 'U' 'M' 'M' 'M' 'M' 'M' 'M' 'M' 'M' 'U'
 'M' 'M' 'A' 'M' 'M' 'M' 'M' 'M' 'M' 'A' 'M' 'M' 'M' 'M' 'U' 'M' 'M' 'M'
 'U' 'U' 'M' 'M' 'M' 'M' 'M' 'M' 'M' 'M' 'M' 'A' 'M' 'M' 'U' 'A' 'U' 'M'
 'M' 'M' 'M' 'M' 'M' 'M' 'M' 'M' 'M' 'U' 'M' 'M' 'A' 'M' 'U' 'M' 'M' 'M']"
429901,0,159,4,155,39,1,0,"['A' 'M' 'U' 'M' 'U' 'M' 'M' 'M' 'U' 'M' 'M' 'M' 'M' 'M' 'M' 'M' 'M' 'M'
 'U' 'M' 'M' 'M' 'M' 'U' 'M' 'M' 'M' 'M' 'M' 'M' 'M' 'M' 'M' 'M' 'M' 'U'
 'M' 'M' 'U' 'M' 'U' 'M' 'M' 'M' 'M' 'M' 'M' 'M' 'M' 'M' 'M' 'M' 'U' 'M'
 'M' 'M' 'M' 'M' 'M' 'U' 'M' 'U' 'U' 'M' 'M' 'M' 'M' 'M' 'M' 'M' 'M' 'M'
 'M' 'M' 'M' 'M' 'M' 'U' 'M' 'U' 'U' 'M' 'M' 'M' 'U' 'M' 'M' 'M' 'M' 'M'
 'U' 'M' 'M' 'M' 'M' 'M' 'U' 'M' 'M' 'M' 'M' 'M' 'M' 'M' 'M' 'M' 'M' 'U'
 'U' 'M' 'M' 'M' 'U' 'M' 'A' 'M' 'M' 'U' 'M' 'M' 'M' 'U' 'M' 'M' 'M' 'M'
 'M' 'M' 'M' 'M' 'U' 'U' 'M' 'M' 'U' 'M' 'M' 'M' 'M' 'M' 'M' 'M' 'M' 'U'
 'M' 'M' 'U' 'M' 'M' 'M' 'U' 'M' 'M' 'A' 'M' 'M' 'M' 'M' 'M' 'M' 'U' 'M'
 'U' 'U' 'U' 'M' 'M' 'M' 'M' 'M' 'M' 'M' 'M' 'U' 'M' 'M' 'U' 'A' 'U' 'M'
 'M' 'M' 'M' 'M' 'M' 'M' 'M' 'M' 'M' 'U' 'M' 'M' 'U' 'M' 'U' 'M' 'M' 'M']"
430001,0,161,3,158,37,1,0,"['A' 'M' 'U' 'M' 'U' 'M' 'M' 'M' 'U' 'M' 'M' 'U' 'M' 'M' 'M' 'M' 'M' 'U'
 'U' 'M' 'M' 'M' 'M' 'U' 'M' 'M' 'M' 'M' 'M' 'M' 'M' 'M' 'M' 'M' 'M' 'U'
 'U' 'M' 'M' 'M' 'U' 'M' 'M' 'M' 'M' 'M' 'M' 'U' 'M' 'M' 'M' 'U' 'M' 'M'
 'M' 'M' 'M' 'M' 'M' 'U' 'M' 'U' 'U' 'M' 'M' 'M' 'M' 'M' 'M' 'U' 'U' 'U'
 'M' 'M' 'M' 'M' 'M' 'M' 'M' 'U' 'M' 'M' 'M' 'M' 'M' 'U' 'M' 'M' 'M' 'M'
 'M' 'M' 'M' 'M' 'M' 'M' 'M' 'M' 'M' 'M' 'M' 'M' 'M' 'M' 'M' 'M' 'M' 'M'
 'U' 'M' 'M' 'M' 'U' 'M' 'A' 'M' 'M' 'U' 'M' 'U' 'M' 'M' 'M' 'M' 'M' 'M'
 'M' 'M' 'M' 'M' 'U' 'M' 'M' 'M' 'U' 'M' 'M' 'M' 'M' 'U' 'M' 'M' 'M' 'M'
 'M' 'M' 'U' 'M' 'M' 'M' 'U' 'M' 'M' 'U' 'M' 'M' 'M' 'M' 'M' 'M' 'M' 'M'
 'M' 'U' 'U' 'M' 'M' 'M' 'M' 'M' 'M' 'M' 'M' 'U' 'M' 'M' 'M' 'A' 'U' 'M'
 'M' 'M' 'M' 'M' 'M' 'M' 'U' 'M' 'M' 'U' 'M' 'M' 'M' 'M' 'U' 'M' 'M' 'M']"
430101,0,170,3,167,28,0,0,"['A' 'M' 'U' 'M' 'U' 'M' 'M' 'M' 'M' 'M' 'M' 'U' 'M' 'M' 'M' 'M' 'M' 'U'
 'U' 'M' 'M' 'M' 'M' 'M' 'M' 'M' 'M' 'M' 'M' 'M' 'U' 'M' 'M' 'M' 'M' 'U'
 'U' 'M' 'M' 'M' 'U' 'M' 'M' 'M' 'M' 'M' 'M' 'M' 'M' 'M' 'M' 'M' 'M' 'M'
 'M' 'M' 'M' 'M' 'M' 'U' 'M' 'M' 'U' 'M' 'M' 'M' 'U' 'M' 'M' 'M' 'M' 'M'
 'U' 'U' 'M' 'M' 'M' 'U' 'M' 'M' 'U' 'M' 'M' 'M' 'M' 'M' 'M' 'M' 'M' 'M'
 'M' 'M' 'M' 'M' 'M' 'M' 'M' 'M' 'M' 'M' 'M' 'M' 'U' 'M' 'M' 'M' 'M' 'M'
 'U' 'M' 'M' 'M' 'M' 'M' 'A' 'M' 'M' 'M' 'M' 'M' 'M' 'M' 'M' 'M' 'M' 'M'
 'M' 'M' 'M' 'M' 'U' 'M' 'M' 'M' 'U' 'M' 'M' 'M' 'M' 'U' 'M' 'M' 'M' 'M'
 'M' 'M' 'U' 'M' 'M' 'M' 'U' 'M' 'M' 'U' 'M' 'M' 'M' 'M' 'M' 'M' 'M' 'U'
 'M' 'M' 'U' 'M' 'M' 'M' 'M' 'M' 'M' 'M' 'M' 'M' 'M' 'M' 'M' 'A' 'M' 'M'
 'M' 'M' 'M' 'M' 'M' 'M' 'U' 'M' 'M' 'U' 'M' 'M' 'M' 'M' 'M' 'M' 'M' 'M']"
430201,0,163,3,160,35,0,0,"['A' 'M' 'M' 'M' 'U' 'M' 'M' 'M' 'M' 'M' 'M' 'M' 'M' 'M' 'M' 'M' 'M' 'M'
 'U' 'M' 'M' 'M' 'M' 'M' 'M' 'M' 'M' 'M' 'M' 'M' 'U' 'U' 'M' 'M' 'M' 'U'
 'U' 'M' 'M' 'M' 'M' 'M' 'M' 'M' 'M' 'M' 'M' 'M' 'M' 'M' 'M' 'M' 'M' 'M'
 'M' 'M' 'M' 'M' 'M' 'U' 'M' 'U' 'U' 'M' 'M' 'M' 'U' 'M' 'M' 'U' 'M' 'M'
 'M' 'M' 'M' 'M' 'M' 'M' 'U' 'M' 'U' 'M' 'M' 'M' 'M' 'M' 'M' 'M' 'M' 'M'
 'M' 'M' 'M' 'U' 'M' 'M' 'M' 'M' 'M' 'M' 'M' 'M' 'U' 'M' 'M' 'M' 'M' 'M'
 'U' 'M' 'M' 'U' 'M' 'M' 'A' 'M' 'M' 'U' 'M' 'M' 'M' 'M' 'M' 'M' 'M' 'M'
 'M' 'M' 'M' 'U' 'U' 'M' 'U' 'M' 'U' 'U' 'U' 'U' 'U' 'U' 'M' 'M' 'M' 'M'
 'M' 'M' 'U' 'M' 'M' 'M' 'U' 'M' 'M' 'U' 'M' 'M' 'M' 'M' 'M' 'M' 'M' 'U'
 'M' 'M' 'U' 'M' 'M' 'M' 'M' 'M' 'U' 'M' 'M' 'M' 'M' 'M' 'M' 'A' 'M' 'M'
 'M' 'M' 'M' 'M' 'M' 'M' 'U' 'M' 'M' 'M' 'M' 'M' 'M' 'M' 'M' 'M' 'U' 'M']"
430301,0,161,1,160,37,1,0,"['A' 'M' 'M' 'M' 'U' 'M' 'M' 'M' 'M' 'M' 'M' 'M' 'M' 'M' 'M' 'M' 'M' 'M'
 'M' 'M' 'M' 'M' 'M' 'M' 'M' 'M' 'M' 'M' 'M' 'M' 'U' 'U' 'M' 'M' 'M' 'M'
 'U' 'M' 'M' 'M' 'M' 'M' 'M' 'M' 'M' 'M' 'M' 'M' 'M' 'M' 'M' 'M' 'M' 'M'
 'M' 'M' 'M' 'M' 'M' 'U' 'M' 'U' 'U' 'M' 'M' 'M' 'M' 'M' 'M' 'M' 'M' 'U'
 'M' 'M' 'U' 'M' 'M' 'M' 'M' 'U' 'M' 'M' 'M' 'M' 'M' 'U' 'U' 'M' 'M' 'M'
 'M' 'M' 'M' 'M' 'M' 'M' 'M' 'M' 'M' 'M' 'U' 'M' 'U' 'U' 'M' 'M' 'M' 'M'
 'U' 'M' 'M' 'U' 'M' 'M' 'U' 'M' 'M' 'M' 'M' 'M' 'M' 'M' 'M' 'M' 'M' 'M'
 'M' 'M' 'M' 'U' 'U' 'M' 'U' 'M' 'U' 'U' 'U' 'U' 'U' 'M' 'M' 'M' 'M' 'M'
 'M' 'M' 'U' 'M' 'M' 'M' 'U' 'M' 'M' 'U' 'M' 'M' 'U' 'M' 'M' 'M' 'M' 'M'
 'M' 'M' 'M' 'M' 'M' 'M' 'M' 'M' 'U' 'M' 'M' 'U' 'M' 'M' 'U' 'U' 'M' 'U'
 'M' 'M' 'M' 'M' 'M' 'M' 'U' 'M' 'M' 'M' 'M' 'M' 'M' 'M' 'M' 'M' 'U' 'M']"
430401,0,161,3,158,37,0,0,"['A' 'M' 'M' 'M' 'U' 'M' 'M' 'M' 'M' 'M' 'M' 'M' 'M' 'M' 'M' 'M' 'M' 'M'
 'M' 'M' 'M' 'M' 'M' 'M' 'M' 'M' 'M' 'M' 'M' 'M' 'U' 'M' 'M' 'M' 'U' 'M'
 'U' 'M' 'M' 'M' 'M' 'M' 'M' 'M' 'M' 'U' 'M' 'M' 'M' 'M' 'M' 'M' 'M' 'M'
 'M' 'M' 'M' 'M' 'M' 'U' 'M' 'M' 'U' 'M' 'M' 'M' 'M' 'M' 'M' 'M' 'U' 'M'
 'M' 'M' 'U' 'M' 'M' 'M' 'U' 'M' 'M' 'U' 'M' 'M' 'M' 'M' 'M' 'M' 'M' 'M'
 'U' 'M' 'M' 'M' 'M' 'M' 'M' 'M' 'U' 'M' 'A' 'M' 'U' 'U' 'M' 'M' 'M' 'M'
 'U' 'U' 'M' 'U' 'M' 'M' 'U' 'M' 'M' 'M' 'M' 'M' 'M' 'M' 'M' 'M' 'M' 'M'
 'M' 'M' 'M' 'U' 'U' 'M' 'M' 'U' 'U' 'M' 'U' 'U' 'A' 'U' 'M' 'M' 'U' 'M'
 'M' 'M' 'U' 'M' 'M' 'M' 'U' 'M' 'M' 'U' 'M' 'M' 'U' 'M' 'M' 'M' 'M' 'M'
 'M' 'M' 'M' 'M' 'M' 'M' 'M' 'M' 'U' 'M' 'M' 'M' 'M' 'M' 'U' 'M' 'U' 'U'
 'M' 'M' 'M' 'M' 'M' 'M' 'U' 'M' 'M' 'M' 'M' 'M' 'M' 'M' 'M' 'M' 'U' 'M']"
430501,0,158,2,156,40,0,0,"['A' 'M' 'M' 'M' 'U' 'M' 'M' 'M' 'M' 'M' 'M' 'M' 'M' 'M' 'M' 'M' 'M' 'M'
 'M' 'M' 'M' 'U' 'M' 'M' 'M' 'M' 'M' 'M' 'M' 'M' 'M' 'M' 'M' 'M' 'U' 'M'
 'M' 'M' 'M' 'M' 'M' 'M' 'M' 'M' 'M' 'U' 'M' 'M' 'M' 'M' 'M' 'M' 'M' 'M'
 'U' 'M' 'M' 'M' 'M' 'U' 'M' 'M' 'U' 'M' 'U' 'M' 'M' 'U' 'M' 'M' 'M' 'M'
 'U' 'M' 'M' 'U' 'M' 'M' 'M' 'U' 'M' 'M' 'M' 'M' 'M' 'M' 'U' 'M' 'M' 'M'
 'M' 'M' 'M' 'M' 'M' 'M' 'M' 'M' 'U' 'M' 'U' 'M' 'U' 'U' 'M' 'M' 'M' 'M'
 'U' 'U' 'M' 'U' 'M' 'M' 'U' 'M' 'M' 'M' 'M' 'M' 'M' 'M' 'M' 'U' 'M' 'M'
 'M' 'U' 'M' 'U' 'U' 'M' 'M' 'M' 'U' 'M' 'U' 'U' 'U' 'U' 'M' 'M' 'M' 'M'
 'U' 'M' 'U' 'M' 'M' 'M' 'A' 'M' 'M' 'U' 'U' 'M' 'U' 'M' 'M' 'U' 'M' 'M'
 'M' 'M' 'M' 'M' 'M' 'M' 'M' 'M' 'U' 'M' 'M' 'M' 'M' 'M' 'U' 'M' 'M' 'U'
 'M' 'M' 'M' 'M' 'M' 'M' 'M' 'M' 'M' 'M' 'M' 'M' 'M' 'M' 'M' 'M' 'U' 'M']"
430601,0,161,2,159,37,0,0,"['A' 'M' 'M' 'M' 'U' 'M' 'M' 'M' 'M' 'M' 'M' 'M' 'M' 'M' 'M' 'M' 'M' 'M'
 'M' 'M' 'M' 'U' 'M' 'U' 'M' 'M' 'M' 'U' 'M' 'U' 'M' 'M' 'M' 'M' 'U' 'M'
 'M' 'M' 'M' 'M' 'M' 'M' 'M' 'M' 'M' 'U' 'M' 'M' 'M' 'M' 'M' 'M' 'M' 'M'
 'U' 'M' 'M' 'M' 'M' 'U' 'M' 'M' 'M' 'M' 'U' 'U' 'M' 'M' 'M' 'U' 'M' 'M'
 'U' 'M' 'M' 'U' 'M' 'M' 'M' 'M' 'U' 'M' 'M' 'M' 'M' 'M' 'M' 'M' 'M' 'M'
 'M' 'M' 'M' 'M' 'M' 'M' 'M' 'M' 'U' 'M' 'M' 'M' 'U' 'U' 'M' 'M' 'M' 'M'
 'U' 'U' 'M' 'U' 'M' 'M' 'U' 'M' 'M' 'M' 'M' 'M' 'M' 'M' 'M' 'U' 'M' 'M'
 'M' 'M' 'M' 'U' 'U' 'M' 'U' 'U' 'U' 'U' 'M' 'M' 'M' 'M' 'M' 'M' 'M' 'M'
 'M' 'M' 'U' 'M' 'M' 'U' 'A' 'M' 'M' 'U' 'M' 'M' 'M' 'M' 'M' 'U' 'M' 'M'
 'M' 'M' 'M' 'M' 'M' 'M' 'M' 'M' 'U' 'M' 'M' 'M' 'U' 'U' 'M' 'M' 'M' 'M'
 'M' 'M' 'M' 'U' 'M' 'M' 'M' 'M' 'M' 'M' 'M' 'M' 'M' 'M' 'M' 'M' 'M' 'M']"
430701,0,163,2,161,35,0,0,"['A' 'M' 'M' 'M' 'M' 'U' 'M' 'M' 'M' 'M' 'M' 'U' 'M' 'M' 'M' 'M' 'M' 'U'
 'M' 'M' 'M' 'U' 'M' 'U' 'M' 'M' 'M' 'M' 'M' 'U' 'M' 'M' 'M' 'M' 'U' 'M'
 'M' 'M' 'M' 'M' 'M' 'M' 'M' 'M' 'M' 'U' 'M' 'M' 'M' 'M' 'U' 'M' 'M' 'M'
 'M' 'M' 'M' 'M' 'M' 'M' 'M' 'M' 'M' 'M' 'U' 'M' 'U' 'M' 'M' 'M' 'M' 'U'
 'M' 'M' 'M' 'M' 'M' 'U' 'U' 'M' 'M' 'M' 'M' 'M' 'M' 'M' 'M' 'M' 'U' 'M'
 'M' 'M' 'M' 'M' 'M' 'M' 'M' 'M' 'U' 'M' 'M' 'M' 'U' 'U' 'U' 'M' 'M' 'M'
 'U' 'U' 'M' 'M' 'M' 'U' 'U' 'M' 'M' 'M' 'M' 'M' 'M' 'M' 'M' 'U' 'M' 'M'
 'M' 'M' 'M' 'M' 'U' 'M' 'U' 'U' 'M' 'U' 'M' 'M' 'M' 'M' 'M' 'M' 'U' 'M'
 'M' 'M' 'U' 'U' 'M' 'M' 'A' 'M' 'M' 'M' 'M' 'M' 'M' 'M' 'M' 'U' 'M' 'M'
 'M' 'M' 'M' 'M' 'M' 'M' 'M' 'M' 'U' 'M' 'M' 'M' 'M' 'M' 'M' 'M' 'M' 'M'
 'M' 'M' 'M' 'U' 'M' 'M' 'U' 'M' 'M' 'M' 'M' 'M' 'M' 'M' 'M' 'M' 'M' 'M']"
430801,0,167,3,164,31,0,0,"['A' 'M' 'M' 'M' 'M' 'U' 'M' 'M' 'M' 'M' 'M' 'M' 'M' 'M' 'M' 'M' 'M' 'U'
 'M' 'M' 'M' 'M' 'M' 'U' 'M' 'M' 'M' 'M' 'M' 'U' 'M' 'M' 'M' 'M' 'U' 'M'
 'M' 'M' 'M' 'M' 'M' 'M' 'M' 'M' 'M' 'U' 'M' 'M' 'M' 'M' 'U' 'M' 'M' 'M'
 'M' 'M' 'M' 'M' 'M' 'M' 'M' 'M' 'M' 'M' 'A' 'M' 'M' 'M' 'M' 'M' 'M' 'M'
 'U' 'M' 'U' 'M' 'U' 'U' 'M' 'U' 'M' 'M' 'M' 'M' 'M' 'M' 'M' 'M' 'M' 'M'
 'M' 'M' 'M' 'M' 'M' 'M' 'M' 'M' 'M' 'M' 'M' 'M' 'U' 'U' 'U' 'M' 'M' 'M'
 'M' 'M' 'M' 'M' 'M' 'U' 'U' 'M' 'M' 'M' 'M' 'M' 'U' 'M' 'M' 'M' 'M' 'M'
 'M' 'M' 'M' 'M' 'U' 'M' 'U' 'U' 'M' 'U' 'M' 'U' 'M' 'M' 'M' 'M' 'U' 'M'
 'M' 'M' 'M' 'U' 'M' 'M' 'A' 'M' 'M' 'M' 'M' 'M' 'M' 'M' 'M' 'U' 'M' 'M'
 'M' 'M' 'M' 'M' 'M' 'M' 'M' 'M' 'U' 'M' 'M' 'M' 'M' 'U' 'M' 'M' 'U' 'M'
 'M' 'M' 'M' 'U' 'M' 'M' 'U' 'M' 'M' 'M' 'M' 'M' 'M' 'M' 'M' 'M' 'M' 'M']"
430901,0,168,6,162,30,0,0,"['A' 'M' 'M' 'M' 'M' 'M' 'M' 'M' 'M' 'U' 'M' 'M' 'M' 'M' 'M' 'M' 'M' 'U'
 'M' 'M' 'M' 'M' 'M' 'U' 'M' 'M' 'M' 'M' 'M' 'U' 'M' 'M' 'M' 'M' 'A' 'M'
 'M' 'M' 'M' 'M' 'M' 'M' 'M' 'M' 'M' 'U' 'M' 'M' 'M' 'M' 'M' 'M' 'M' 'M'
 'M' 'M' 'M' 'M' 'M' 'M' 'M' 'M' 'M' 'M' 'A' 'U' 'M' 'M' 'M' 'M' 'M' 'M'
 'M' 'M' 'M' 'M' 'M' 'M' 'M' 'M' 'U' 'M' 'M' 'M' 'M' 'M' 'U' 'M' 'U' 'M'
 'M' 'M' 'M' 'U' 'M' 'M' 'M' 'M' 'M' 'M' 'M' 'M' 'U' 'A' 'U' 'M' 'M' 'M'
 'M' 'M' 'M' 'M' 'M' 'U' 'U' 'M' 'M' 'U' 'U' 'M' 'M' 'M' 'M' 'M' 'M' 'M'
 'M' 'M' 'M' 'M' 'U' 'M' 'U' 'A' 'U' 'U' 'U' 'U' 'U' 'U' 'M' 'M' 'U' 'M'
 'M' 'M' 'M' 'U' 'M' 'M' 'A' 'M' 'M' 'M' 'M' 'M' 'M' 'M' 'M' 'U' 'M' 'M'
 'M' 'M' 'M' 'M' 'M' 'M' 'M' 'M' 'U' 'M' 'M' 'M' 'M' 'U' 'M' 'M' 'M' 'M'
 'M' 'M' 'M' 'M' 'M' 'M' 'U' 'M' 'M' 'M' 'M' 'M' 'M' 'M' 'M' 'M' 'M' 'M']"
431001,0,161,7,154,37,0,0,"['A' 'M' 'M' 'M' 'M' 'U' 'M' 'M' 'M' 'U' 'M' 'M' 'M' 'M' 'M' 'M' 'M' 'U'
 'M' 'U' 'M' 'M' 'M' 'M' 'M' 'M' 'M' 'M' 'U' 'U' 'M' 'M' 'M' 'M' 'A' 'M'
 'M' 'U' 'M' 'U' 'M' 'M' 'M' 'M' 'M' 'U' 'M' 'M' 'M' 'M' 'M' 'M' 'M' 'M'
 'M' 'M' 'M' 'M' 'M' 'M' 'M' 'M' 'M' 'U' 'A' 'M' 'M' 'M' 'U' 'M' 'M' 'M'
 'M' 'M' 'M' 'U' 'M' 'M' 'M' 'M' 'U' 'M' 'M' 'M' 'M' 'M' 'M' 'M' 'M' 'M'
 'U' 'M' 'M' 'U' 'M' 'M' 'M' 'M' 'M' 'M' 'M' 'M' 'U' 'A' 'U' 'M' 'M' 'U'
 'M' 'M' 'M' 'M' 'M' 'M' 'U' 'M' 'M' 'U' 'U' 'M' 'M' 'M' 'M' 'M' 'M' 'M'
 'M' 'M' 'M' 'M' 'U' 'M' 'A' 'A' 'U' 'U' 'U' 'U' 'U' 'A' 'M' 'U' 'U' 'M'
 'U' 'M' 'M' 'U' 'M' 'U' 'M' 'M' 'M' 'M' 'M' 'M' 'M' 'M' 'M' 'U' 'M' 'M'
 'M' 'M' 'M' 'M' 'M' 'M' 'M' 'M' 'M' 'M' 'M' 'M' 'M' 'U' 'M' 'M' 'M' 'M'
 'M' 'M' 'M' 'M' 'U' 'M' 'U' 'M' 'M' 'M' 'M' 'M' 'M' 'M' 'U' 'M' 'M' 'M']"
431101,0,156,4,152,42,0,0,"['A' 'M' 'M' 'M' 'M' 'U' 'M' 'M' 'M' 'M' 'M' 'M' 'M' 'U' 'M' 'M' 'M' 'U'
 'U' 'U' 'M' 'M' 'M' 'M' 'M' 'M' 'M' 'M' 'M' 'U' 'M' 'M' 'M' 'U' 'U' 'M'
 'M' 'M' 'M' 'U' 'M' 'M' 'M' 'M' 'M' 'U' 'M' 'M' 'M' 'M' 'M' 'M' 'M' 'M'
 'M' 'M' 'M' 'M' 'M' 'M' 'M' 'U' 'M' 'U' 'A' 'M' 'M' 'M' 'M' 'M' 'U' 'M'
 'M' 'M' 'M' 'U' 'M' 'M' 'M' 'M' 'M' 'U' 'M' 'U' 'M' 'M' 'M' 'M' 'U' 'M'
 'M' 'M' 'M' 'M' 'M' 'M' 'M' 'M' 'M' 'M' 'M' 'M' 'U' 'A' 'U' 'M' 'M' 'U'
 'M' 'M' 'M' 'M' 'M' 'U' 'M' 'M' 'M' 'U' 'U' 'M' 'M' 'M' 'M' 'M' 'M' 'M'
 'M' 'M' 'M' 'M' 'U' 'M' 'A' 'U' 'U' 'U' 'U' 'U' 'U' 'U' 'M' 'M' 'U' 'M'
 'M' 'M' 'M' 'U' 'M' 'U' 'M' 'M' 'M' 'M' 'M' 'M' 'M' 'M' 'M' 'U' 'M' 'M'
 'U' 'M' 'M' 'M' 'M' 'M' 'U' 'M' 'M' 'M' 'M' 'M' 'M' 'U' 'M' 'M' 'U' 'M'
 'M' 'M' 'M' 'M' 'U' 'M' 'M' 'M' 'M' 'M' 'M' 'U' 'M' 'M' 'U' 'M' 'M' 'M']"
431201,0,157,6,151,41,0,0,"['A' 'M' 'M' 'M' 'M' 'U' 'M' 'M' 'M' 'M' 'M' 'M' 'M' 'U' 'M' 'M' 'M' 'U'
 'M' 'U' 'M' 'M' 'M' 'M' 'M' 'M' 'M' 'M' 'M' 'U' 'M' 'M' 'M' 'U' 'U' 'M'
 'U' 'M' 'M' 'U' 'M' 'M' 'M' 'M' 'M' 'U' 'M' 'U' 'M' 'M' 'M' 'M' 'M' 'M'
 'M' 'M' 'M' 'M' 'M' 'M' 'M' 'U' 'M' 'U' 'A' 'M' 'M' 'M' 'U' 'U' 'U' 'M'
 'M' 'M' 'M' 'M' 'M' 'U' 'M' 'M' 'M' 'M' 'M' 'M' 'M' 'M' 'M' 'M' 'M' 'M'
 'M' 'U' 'M' 'M' 'M' 'M' 'M' 'M' 'M' 'M' 'M' 'M' 'U' 'A' 'U' 'M' 'M' 'U'
 'M' 'M' 'M' 'M' 'M' 'M' 'M' 'M' 'M' 'U' 'U' 'M' 'M' 'M' 'M' 'M' 'M' 'M'
 'M' 'M' 'M' 'M' 'U' 'U' 'A' 'U' 'U' 'M' 'U' 'U' 'U' 'U' 'U' 'M' 'U' 'M'
 'M' 'M' 'M' 'U' 'M' 'U' 'M' 'M' 'M' 'M' 'M' 'M' 'M' 'M' 'U' 'M' 'M' 'M'
 'U' 'M' 'M' 'M' 'M' 'M' 'U' 'M' 'M' 'M' 'M' 'M' 'M' 'A' 'M' 'M' 'U' 'M'
 'M' 'M' 'M' 'M' 'M' 'M' 'M' 'M' 'M' 'M' 'M' 'A' 'M' 'M' 'U' 'U' 'M' 'M']"
431301,0,157,5,152,41,0,0,"['A' 'M' 'M' 'M' 'M' 'U' 'M' 'M' 'M' 'M' 'M' 'M' 'M' 'U' 'M' 'M' 'M' 'U'
 'M' 'U' 'M' 'M' 'M' 'M' 'M' 'M' 'M' 'M' 'M' 'U' 'M' 'M' 'M' 'M' 'M' 'M'
 'U' 'M' 'M' 'U' 'M' 'U' 'M' 'M' 'M' 'U' 'M' 'U' 'M' 'M' 'M' 'M' 'M' 'M'
 'M' 'M' 'M' 'M' 'M' 'U' 'M' 'U' 'U' 'U' 'A' 'U' 'U' 'M' 'M' 'M' 'M' 'M'
 'M' 'M' 'M' 'U' 'M' 'M' 'M' 'M' 'M' 'M' 'M' 'M' 'M' 'M' 'M' 'M' 'U' 'M'
 'M' 'M' 'M' 'M' 'U' 'M' 'M' 'M' 'M' 'M' 'U' 'M' 'U' 'A' 'M' 'M' 'M' 'U'
 'M' 'M' 'M' 'M' 'M' 'M' 'M' 'M' 'M' 'U' 'U' 'M' 'M' 'M' 'M' 'M' 'M' 'U'
 'M' 'M' 'M' 'M' 'U' 'U' 'M' 'U' 'U' 'U' 'U' 'U' 'M' 'M' 'M' 'M' 'A' 'M'
 'M' 'M' 'M' 'U' 'M' 'U' 'M' 'M' 'M' 'M' 'M' 'M' 'M' 'M' 'U' 'M' 'M' 'M'
 'U' 'M' 'M' 'M' 'M' 'M' 'U' 'M' 'M' 'M' 'M' 'M' 'M' 'A' 'M' 'M' 'U' 'M'
 'M' 'M' 'M' 'M' 'M' 'M' 'U' 'U' 'M' 'M' 'M' 'M' 'M' 'M' 'U' 'M' 'M' 'M']"
431401,0,161,4,157,37,0,0,"['A' 'M' 'M' 'M' 'M' 'M' 'M' 'M' 'M' 'M' 'M' 'M' 'M' 'U' 'M' 'M' 'M' 'M'
 'M' 'M' 'M' 'M' 'M' 'M' 'M' 'M' 'U' 'M' 'M' 'U' 'M' 'M' 'M' 'M' 'M' 'M'
 'U' 'M' 'M' 'U' 'M' 'M' 'M' 'M' 'M' 'M' 'M' 'M' 'M' 'M' 'M' 'M' 'M' 'M'
 'M' 'M' 'M' 'M' 'M' 'U' 'M' 'U' 'U' 'U' 'A' 'M' 'M' 'M' 'U' 'U' 'M' 'M'
 'M' 'M' 'M' 'U' 'M' 'M' 'M' 'M' 'M' 'M' 'M' 'U' 'M' 'M' 'M' 'M' 'M' 'M'
 'M' 'M' 'U' 'M' 'M' 'U' 'M' 'M' 'M' 'M' 'U' 'M' 'U' 'U' 'M' 'M' 'M' 'M'
 'M' 'M' 'M' 'U' 'M' 'M' 'M' 'M' 'M' 'U' 'U' 'M' 'M' 'M' 'M' 'M' 'U' 'U'
 'M' 'M' 'M' 'M' 'M' 'U' 'M' 'U' 'U' 'U' 'M' 'U' 'M' 'M' 'M' 'M' 'A' 'M'
 'M' 'M' 'M' 'U' 'M' 'U' 'M' 'M' 'M' 'U' 'M' 'M' 'M' 'M' 'M' 'M' 'M' 'M'
 'U' 'M' 'M' 'M' 'M' 'M' 'U' 'M' 'M' 'M' 'M' 'M' 'M' 'A' 'M' 'M' 'U' 'M'
 'M' 'U' 'M' 'M' 'M' 'M' 'U' 'U' 'M' 'M' 'M' 'M' 'M' 'M' 'M' 'M' 'M' 'M']"
431501,0,164,3,161,34,1,0,"['A' 'M' 'M' 'M' 'M' 'M' 'M' 'M' 'U' 'M' 'M' 'M' 'M' 'U' 'M' 'U' 'M' 'M'
 'M' 'M' 'M' 'M' 'M' 'M' 'M' 'M' 'U' 'M' 'M' 'U' 'M' 'U' 'M' 'M' 'M' 'M'
 'U' 'M' 'M' 'U' 'M' 'M' 'M' 'M' 'M' 'M' 'M' 'M' 'M' 'M' 'M' 'M' 'M' 'M'
 'M' 'M' 'M' 'M' 'M' 'M' 'M' 'M' 'M' 'U' 'A' 'M' 'U' 'U' 'M' 'U' 'M' 'M'
 'M' 'M' 'M' 'M' 'M' 'M' 'M' 'M' 'M' 'M' 'M' 'M' 'M' 'M' 'M' 'M' 'M' 'M'
 'M' 'U' 'M' 'M' 'U' 'U' 'M' 'M' 'M' 'M' 'U' 'M' 'U' 'U' 'M' 'M' 'M' 'M'
 'M' 'M' 'M' 'U' 'M' 'M' 'M' 'M' 'M' 'U' 'M' 'M' 'M' 'M' 'M' 'M' 'U' 'U'
 'M' 'M' 'M' 'M' 'M' 'U' 'M' 'U' 'M' 'M' 'M' 'M' 'M' 'U' 'M' 'M' 'A' 'M'
 'M' 'M' 'M' 'U' 'M' 'U' 'M' 'M' 'U' 'U' 'M' 'U' 'M' 'M' 'M' 'M' 'M' 'M'
 'M' 'M' 'M' 'M' 'M' 'M' 'U' 'M' 'M' 'M' 'M' 'M' 'M' 'M' 'M' 'M' 'M' 'M'
 'M' 'U' 'M' 'M' 'M' 'M' 'U' 'U' 'M' 'M' 'M' 'M' 'M' 'M' 'M' 'M' 'M' 'M']"
431601,0,158,2,156,40,0,0,"['A' 'M' 'M' 'M' 'M' 'M' 'M' 'M' 'U' 'M' 'M' 'M' 'M' 'U' 'M' 'U' 'U' 'M'
 'M' 'M' 'M' 'M' 'M' 'M' 'M' 'M' 'U' 'M' 'M' 'U' 'U' 'U' 'M' 'M' 'M' 'U'
 'U' 'M' 'U' 'U' 'M' 'M' 'M' 'M' 'M' 'M' 'M' 'M' 'U' 'M' 'M' 'M' 'M' 'M'
 'M' 'M' 'M' 'U' 'M' 'M' 'M' 'M' 'M' 'U' 'A' 'M' 'M' 'M' 'M' 'M' 'M' 'M'
 'M' 'U' 'M' 'M' 'U' 'M' 'M' 'M' 'M' 'M' 'M' 'U' 'M' 'M' 'M' 'M' 'M' 'M'
 'M' 'U' 'U' 'M' 'M' 'U' 'M' 'M' 'M' 'M' 'U' 'M' 'U' 'U' 'M' 'M' 'U' 'M'
 'M' 'M' 'M' 'M' 'M' 'M' 'M' 'M' 'M' 'U' 'M' 'M' 'M' 'M' 'M' 'U' 'U' 'M'
 'M' 'M' 'M' 'M' 'M' 'U' 'M' 'M' 'U' 'M' 'M' 'M' 'M' 'U' 'M' 'M' 'U' 'M'
 'M' 'M' 'M' 'M' 'M' 'M' 'M' 'M' 'U' 'U' 'M' 'U' 'M' 'M' 'M' 'M' 'M' 'M'
 'M' 'M' 'M' 'M' 'M' 'M' 'U' 'U' 'M' 'M' 'M' 'M' 'M' 'M' 'M' 'M' 'M' 'M'
 'M' 'U' 'M' 'M' 'M' 'M' 'U' 'U' 'M' 'M' 'M' 'M' 'M' 'M' 'M' 'M' 'M' 'M']"
431701,0,154,2,152,44,0,0,"['A' 'M' 'M' 'M' 'M' 'M' 'M' 'U' 'U' 'U' 'M' 'M' 'M' 'U' 'M' 'M' 'U' 'U'
 'U' 'M' 'M' 'M' 'M' 'M' 'M' 'M' 'M' 'M' 'U' 'U' 'U' 'U' 'M' 'M' 'M' 'U'
 'U' 'M' 'U' 'M' 'M' 'M' 'M' 'M' 'M' 'M' 'M' 'M' 'U' 'M' 'M' 'U' 'M' 'M'
 'M' 'M' 'M' 'U' 'M' 'M' 'M' 'M' 'M' 'U' 'A' 'M' 'U' 'U' 'U' 'M' 'M' 'M'
 'M' 'M' 'M' 'M' 'M' 'M' 'U' 'M' 'U' 'M' 'M' 'M' 'M' 'M' 'M' 'M' 'M' 'M'
 'M' 'M' 'M' 'M' 'M' 'U' 'M' 'M' 'M' 'M' 'U' 'M' 'U' 'U' 'M' 'M' 'M' 'M'
 'M' 'M' 'M' 'M' 'M' 'M' 'M' 'M' 'M' 'U' 'M' 'M' 'M' 'U' 'M' 'M' 'U' 'M'
 'M' 'U' 'M' 'M' 'M' 'U' 'M' 'M' 'U' 'M' 'M' 'M' 'M' 'U' 'M' 'M' 'U' 'M'
 'M' 'M' 'M' 'M' 'M' 'U' 'M' 'M' 'U' 'M' 'M' 'U' 'M' 'M' 'M' 'M' 'M' 'M'
 'M' 'M' 'M' 'M' 'M' 'M' 'U' 'U' 'M' 'M' 'M' 'M' 'M' 'M' 'M' 'M' 'M' 'M'
 'M' 'U' 'M' 'M' 'M' 'M' 'U' 'U' 'M' 'M' 'M' 'M' 'M' 'M' 'M' 'M' 'U' 'M']"
431801,0,152,2,150,46,0,1,"['A' 'M' 'M' 'M' 'M' 'M' 'M' 'U' 'U' 'M' 'M' 'M' 'M' 'U' 'M' 'M' 'M' 'U'
 'U' 'M' 'M' 'M' 'M' 'M' 'M' 'M' 'M' 'M' 'U' 'U' 'U' 'U' 'M' 'M' 'M' 'U'
 'A' 'M' 'U' 'M' 'M' 'M' 'M' 'M' 'M' 'M' 'M' 'M' 'U' 'M' 'M' 'U' 'M' 'M'
 'M' 'M' 'M' 'U' 'M' 'M' 'M' 'M' 'M' 'U' 'U' 'M' 'M' 'M' 'U' 'U' 'M' 'M'
 'M' 'U' 'M' 'M' 'M' 'M' 'M' 'M' 'M' 'U' 'M' 'M' 'M' 'M' 'M' 'M' 'M' 'M'
 'M' 'M' 'M' 'M' 'U' 'U' 'M' 'M' 'M' 'M' 'U' 'M' 'U' 'U' 'M' 'M' 'M' 'M'
 'M' 'M' 'M' 'M' 'M' 'M' 'M' 'M' 'M' 'U' 'M' 'M' 'M' 'U' 'M' 'M' 'U' 'M'
 'M' 'U' 'M' 'M' 'M' 'U' 'M' 'U' 'U' 'U' 'U' 'U' 'U' 'M' 'M' 'M' 'U' 'M'
 'M' 'U' 'M' 'M' 'M' 'U' 'U' 'M' 'M' 'M' 'M' 'U' 'M' 'M' 'M' 'M' 'M' 'M'
 'M' 'M' 'M' 'M' 'M' 'M' 'M' 'U' 'M' 'M' 'M' 'M' 'M' 'M' 'M' 'M' 'M' 'M'
 'M' 'M' 'M' 'M' 'M' 'M' 'U' 'U' 'M' 'M' 'M' 'M' 'M' 'M' 'M' 'U' 'U' 'M']"
431901,0,162,2,160,36,0,0,"['A' 'M' 'M' 'M' 'M' 'M' 'M' 'U' 'U' 'M' 'M' 'M' 'M' 'M' 'M' 'M' 'M' 'M'
 'U' 'M' 'M' 'M' 'M' 'M' 'M' 'M' 'M' 'M' 'M' 'M' 'U' 'U' 'M' 'U' 'M' 'M'
 'A' 'M' 'U' 'M' 'M' 'M' 'M' 'M' 'M' 'M' 'M' 'M' 'U' 'M' 'M' 'U' 'M' 'M'
 'M' 'M' 'M' 'U' 'M' 'M' 'M' 'M' 'M' 'U' 'U' 'M' 'M' 'M' 'M' 'M' 'U' 'M'
 'U' 'M' 'M' 'M' 'M' 'M' 'M' 'U' 'M' 'M' 'M' 'M' 'M' 'M' 'M' 'M' 'M' 'U'
 'M' 'M' 'M' 'M' 'U' 'M' 'M' 'M' 'M' 'M' 'U' 'M' 'U' 'M' 'M' 'M' 'M' 'M'
 'M' 'M' 'M' 'M' 'M' 'M' 'M' 'M' 'M' 'U' 'U' 'M' 'M' 'M' 'M' 'M' 'U' 'M'
 'M' 'M' 'M' 'M' 'M' 'U' 'M' 'U' 'U' 'M' 'U' 'U' 'U' 'M' 'M' 'M' 'U' 'M'
 'M' 'U' 'M' 'M' 'M' 'M' 'U' 'M' 'M' 'M' 'U' 'U' 'M' 'M' 'M' 'M' 'M' 'M'
 'M' 'M' 'M' 'M' 'M' 'M' 'M' 'M' 'M' 'M' 'M' 'M' 'M' 'M' 'M' 'M' 'M' 'M'
 'M' 'M' 'M' 'U' 'M' 'M' 'M' 'M' 'M' 'M' 'M' 'M' 'M' 'M' 'M' 'U' 'U' 'M']"
432001,0,162,3,159,36,0,0,"['A' 'M' 'M' 'M' 'M' 'M' 'M' 'M' 'U' 'M' 'U' 'M' 'M' 'M' 'M' 'M' 'M' 'M'
 'U' 'U' 'M' 'M' 'M' 'M' 'M' 'M' 'M' 'M' 'M' 'M' 'U' 'U' 'M' 'M' 'M' 'M'
 'A' 'M' 'U' 'M' 'M' 'M' 'M' 'M' 'M' 'M' 'M' 'M' 'U' 'M' 'M' 'U' 'M' 'M'
 'M' 'M' 'M' 'U' 'M' 'M' 'M' 'M' 'M' 'M' 'U' 'M' 'M' 'M' 'M' 'M' 'M' 'U'
 'M' 'M' 'M' 'M' 'M' 'M' 'M' 'U' 'M' 'M' 'U' 'U' 'M' 'M' 'U' 'M' 'M' 'M'
 'M' 'M' 'M' 'M' 'M' 'M' 'M' 'M' 'M' 'M' 'A' 'M' 'U' 'M' 'M' 'M' 'M' 'M'
 'M' 'M' 'M' 'M' 'M' 'M' 'M' 'M' 'M' 'U' 'U' 'M' 'M' 'M' 'M' 'M' 'U' 'M'
 'M' 'M' 'M' 'M' 'M' 'M' 'M' 'U' 'U' 'M' 'U' 'U' 'M' 'M' 'M' 'U' 'U' 'M'
 'M' 'U' 'M' 'M' 'M' 'M' 'U' 'M' 'M' 'U' 'U' 'U' 'M' 'U' 'M' 'M' 'M' 'M'
 'M' 'M' 'M' 'M' 'M' 'M' 'M' 'M' 'M' 'M' 'M' 'M' 'M' 'M' 'M' 'M' 'M' 'M'
 'M' 'M' 'M' 'U' 'M' 'M' 'U' 'M' 'M' 'M' 'M' 'M' 'U' 'M' 'M' 'U' 'M' 'M']"
432101,0,167,5,162,31,0,0,"['A' 'M' 'M' 'M' 'M' 'M' 'M' 'M' 'M' 'M' 'M' 'M' 'U' 'M' 'M' 'M' 'M' 'M'
 'U' 'M' 'M' 'M' 'M' 'M' 'M' 'M' 'M' 'M' 'M' 'M' 'U' 'U' 'M' 'M' 'M' 'M'
 'A' 'M' 'U' 'M' 'M' 'M' 'M' 'M' 'M' 'M' 'M' 'M' 'U' 'M' 'M' 'U' 'M' 'M'
 'M' 'M' 'M' 'A' 'M' 'M' 'U' 'M' 'U' 'M' 'U' 'M' 'M' 'M' 'M' 'M' 'M' 'U'
 'M' 'U' 'M' 'M' 'M' 'M' 'M' 'M' 'M' 'U' 'M' 'M' 'M' 'M' 'M' 'U' 'M' 'M'
 'M' 'M' 'M' 'U' 'M' 'M' 'M' 'M' 'M' 'M' 'A' 'M' 'U' 'M' 'M' 'M' 'M' 'M'
 'M' 'M' 'M' 'M' 'U' 'M' 'M' 'M' 'M' 'M' 'M' 'M' 'M' 'M' 'M' 'M' 'A' 'M'
 'M' 'M' 'M' 'M' 'M' 'M' 'M' 'U' 'U' 'M' 'M' 'U' 'M' 'M' 'M' 'M' 'U' 'M'
 'M' 'U' 'M' 'M' 'M' 'M' 'M' 'M' 'M' 'U' 'M' 'U' 'M' 'U' 'M' 'M' 'M' 'M'
 'M' 'M' 'U' 'M' 'M' 'M' 'M' 'M' 'M' 'M' 'M' 'M' 'M' 'U' 'M' 'M' 'M' 'M'
 'M' 'M' 'M' 'U' 'M' 'M' 'U' 'M' 'U' 'M' 'M' 'M' 'M' 'M' 'M' 'U' 'M' 'M']"
432201,0,163,4,159,35,0,0,"['A' 'M' 'M' 'M' 'M' 'M' 'M' 'M' 'M' 'M' 'M' 'M' 'U' 'M' 'M' 'M' 'M' 'M'
 'U' 'M' 'M' 'M' 'M' 'M' 'M' 'M' 'M' 'M' 'M' 'M' 'U' 'M' 'M' 'M' 'M' 'M'
 'A' 'M' 'M' 'M' 'U' 'M' 'M' 'M' 'M' 'M' 'M' 'M' 'U' 'M' 'M' 'U' 'M' 'M'
 'M' 'M' 'U' 'U' 'M' 'M' 'U' 'M' 'U' 'M' 'M' 'U' 'U' 'M' 'M' 'M' 'M' 'M'
 'M' 'M' 'M' 'U' 'M' 'M' 'M' 'M' 'U' 'M' 'M' 'M' 'M' 'M' 'M' 'U' 'M' 'M'
 'M' 'M' 'M' 'M' 'M' 'M' 'M' 'M' 'M' 'M' 'A' 'M' 'U' 'M' 'M' 'M' 'M' 'M'
 'M' 'M' 'M' 'U' 'U' 'M' 'M' 'M' 'M' 'M' 'M' 'M' 'M' 'M' 'M' 'M' 'A' 'M'
 'U' 'U' 'M' 'M' 'M' 'M' 'M' 'M' 'M' 'M' 'M' 'U' 'M' 'M' 'M' 'M' 'U' 'M'
 'M' 'U' 'U' 'M' 'M' 'U' 'M' 'M' 'M' 'M' 'M' 'U' 'M' 'U' 'M' 'M' 'M' 'M'
 'M' 'M' 'U' 'M' 'M' 'M' 'M' 'M' 'M' 'M' 'M' 'M' 'M' 'U' 'U' 'M' 'M' 'M'
 'M' 'M' 'U' 'U' 'M' 'M' 'U' 'M' 'U' 'M' 'M' 'M' 'M' 'M' 'M' 'U' 'M' 'M']"
432301,0,165,7,158,33,0,0,"['A' 'M' 'M' 'M' 'M' 'M' 'M' 'M' 'U' 'M' 'M' 'M' 'U' 'M' 'M' 'M' 'M' 'M'
 'U' 'M' 'M' 'M' 'M' 'M' 'M' 'M' 'M' 'M' 'M' 'M' 'U' 'M' 'M' 'M' 'M' 'M'
 'A' 'M' 'M' 'M' 'M' 'M' 'M' 'M' 'M' 'M' 'M' 'M' 'U' 'M' 'M' 'U' 'M' 'M'
 'M' 'M' 'U' 'U' 'M' 'M' 'M' 'M' 'M' 'M' 'M' 'M' 'M' 'M' 'M' 'M' 'M' 'M'
 'U' 'M' 'M' 'U' 'M' 'M' 'U' 'U' 'M' 'M' 'M' 'U' 'M' 'M' 'M' 'M' 'M' 'M'
 'M' 'M' 'M' 'M' 'M' 'M' 'M' 'M' 'M' 'U' 'A' 'M' 'A' 'U' 'M' 'M' 'M' 'M'
 'M' 'M' 'M' 'U' 'U' 'A' 'M' 'M' 'M' 'M' 'M' 'M' 'M' 'M' 'M' 'M' 'A' 'M'
 'M' 'M' 'M' 'M' 'M' 'M' 'M' 'M' 'M' 'M' 'M' 'U' 'M' 'M' 'M' 'M' 'U' 'M'
 'M' 'U' 'U' 'M' 'M' 'U' 'M' 'U' 'M' 'M' 'M' 'U' 'M' 'U' 'M' 'M' 'M' 'M'
 'M' 'U' 'M' 'M' 'M' 'U' 'M' 'M' 'M' 'M' 'M' 'M' 'M' 'A' 'U' 'M' 'M' 'M'
 'M' 'M' 'U' 'U' 'M' 'M' 'U' 'M' 'U' 'M' 'M' 'M' 'M' 'M' 'M' 'U' 'M' 'M']"
432401,0,163,5,158,35,0,0,"['A' 'M' 'M' 'M' 'M' 'M' 'M' 'U' 'U' 'M' 'M' 'M' 'U' 'M' 'U' 'M' 'M' 'M'
 'U' 'M' 'M' 'M' 'M' 'M' 'M' 'M' 'M' 'M' 'M' 'M' 'U' 'M' 'M' 'M' 'M' 'M'
 'A' 'M' 'M' 'M' 'M' 'M' 'M' 'M' 'M' 'M' 'M' 'M' 'U' 'M' 'M' 'U' 'M' 'M'
 'M' 'M' 'U' 'U' 'M' 'M' 'M' 'M' 'M' 'M' 'M' 'M' 'M' 'U' 'M' 'M' 'M' 'U'
 'U' 'M' 'M' 'M' 'U' 'M' 'M' 'M' 'M' 'U' 'M' 'M' 'M' 'M' 'M' 'M' 'M' 'M'
 'M' 'M' 'M' 'M' 'M' 'M' 'M' 'M' 'M' 'U' 'U' 'M' 'A' 'U' 'M' 'M' 'M' 'M'
 'M' 'M' 'M' 'U' 'U' 'A' 'M' 'M' 'M' 'M' 'M' 'M' 'M' 'M' 'M' 'U' 'U' 'M'
 'M' 'M' 'M' 'M' 'M' 'M' 'M' 'M' 'M' 'M' 'M' 'U' 'M' 'M' 'M' 'M' 'M' 'M'
 'M' 'U' 'U' 'M' 'M' 'U' 'M' 'M' 'M' 'M' 'M' 'U' 'M' 'M' 'M' 'M' 'M' 'M'
 'M' 'U' 'M' 'M' 'M' 'U' 'M' 'M' 'M' 'M' 'M' 'M' 'M' 'A' 'U' 'M' 'M' 'M'
 'M' 'M' 'U' 'M' 'M' 'M' 'U' 'M' 'U' 'M' 'M' 'M' 'U' 'M' 'M' 'U' 'M' 'M']"
432501,0,157,7,150,41,0,0,"['A' 'M' 'M' 'M' 'M' 'M' 'M' 'U' 'U' 'M' 'M' 'M' 'U' 'M' 'U' 'M' 'M' 'M'
 'U' 'M' 'M' 'M' 'M' 'M' 'M' 'M' 'M' 'M' 'M' 'M' 'U' 'M' 'M' 'M' 'M' 'M'
 'U' 'M' 'M' 'U' 'U' 'M' 'M' 'M' 'M' 'M' 'M' 'M' 'U' 'M' 'M' 'U' 'M' 'M'
 'U' 'M' 'U' 'U' 'M' 'M' 'M' 'M' 'M' 'M' 'M' 'M' 'M' 'M' 'M' 'M' 'M' 'M'
 'M' 'M' 'M' 'M' 'M' 'U' 'U' 'M' 'M' 'M' 'M' 'M' 'M' 'U' 'M' 'U' 'M' 'M'
 'M' 'U' 'M' 'M' 'M' 'M' 'M' 'M' 'M' 'U' 'U' 'M' 'A' 'U' 'M' 'M' 'M' 'M'
 'M' 'M' 'M' 'U' 'U' 'A' 'M' 'M' 'M' 'M' 'M' 'M' 'M' 'M' 'M' 'A' 'U' 'M'
 'M' 'M' 'M' 'M' 'M' 'M' 'M' 'M' 'M' 'M' 'M' 'U' 'M' 'M' 'M' 'M' 'M' 'M'
 'A' 'U' 'U' 'M' 'M' 'U' 'M' 'M' 'M' 'M' 'M' 'U' 'M' 'M' 'M' 'M' 'M' 'M'
 'U' 'U' 'M' 'M' 'M' 'M' 'M' 'U' 'M' 'M' 'M' 'M' 'M' 'A' 'U' 'M' 'M' 'U'
 'M' 'M' 'U' 'M' 'M' 'M' 'M' 'M' 'A' 'M' 'U' 'U' 'U' 'M' 'U' 'U' 'M' 'M']"
432601,0,162,6,156,36,0,0,"['A' 'M' 'M' 'M' 'M' 'U' 'M' 'M' 'U' 'M' 'M' 'M' 'U' 'M' 'U' 'M' 'M' 'M'
 'M' 'M' 'M' 'M' 'U' 'M' 'M' 'M' 'M' 'M' 'M' 'M' 'M' 'M' 'M' 'M' 'M' 'M'
 'U' 'M' 'M' 'M' 'M' 'M' 'M' 'M' 'M' 'M' 'M' 'M' 'U' 'M' 'M' 'U' 'U' 'M'
 'M' 'M' 'M' 'U' 'M' 'M' 'M' 'M' 'M' 'M' 'M' 'M' 'M' 'U' 'U' 'M' 'U' 'M'
 'M' 'M' 'U' 'U' 'M' 'M' 'M' 'M' 'M' 'M' 'M' 'M' 'M' 'M' 'M' 'M' 'M' 'M'
 'M' 'M' 'M' 'M' 'M' 'M' 'M' 'M' 'M' 'U' 'U' 'M' 'A' 'M' 'M' 'M' 'M' 'M'
 'M' 'M' 'M' 'U' 'M' 'A' 'M' 'M' 'U' 'M' 'U' 'M' 'M' 'M' 'M' 'A' 'U' 'M'
 'M' 'M' 'M' 'M' 'M' 'M' 'M' 'M' 'M' 'M' 'M' 'U' 'U' 'M' 'M' 'M' 'M' 'M'
 'U' 'U' 'U' 'M' 'M' 'U' 'M' 'M' 'M' 'M' 'M' 'U' 'M' 'M' 'M' 'M' 'M' 'M'
 'U' 'U' 'M' 'M' 'M' 'M' 'M' 'U' 'M' 'M' 'M' 'M' 'M' 'A' 'M' 'M' 'M' 'M'
 'M' 'M' 'U' 'M' 'M' 'M' 'M' 'M' 'A' 'M' 'U' 'M' 'U' 'M' 'U' 'U' 'M' 'M']"
432701,0,162,4,158,36,0,0,"['A' 'M' 'M' 'M' 'M' 'M' 'M' 'M' 'U' 'M' 'M' 'M' 'M' 'M' 'M' 'M' 'M' 'M'
 'M' 'M' 'M' 'M' 'M' 'M' 'M' 'M' 'M' 'M' 'M' 'M' 'M' 'M' 'M' 'M' 'M' 'M'
 'A' 'M' 'M' 'M' 'M' 'M' 'M' 'M' 'M' 'M' 'M' 'M' 'U' 'M' 'M' 'U' 'U' 'M'
 'M' 'M' 'M' 'U' 'M' 'M' 'U' 'M' 'M' 'M' 'M' 'M' 'U' 'M' 'U' 'M' 'M' 'M'
 'M' 'M' 'M' 'M' 'M' 'M' 'M' 'U' 'M' 'M' 'M' 'M' 'M' 'M' 'M' 'M' 'M' 'U'
 'M' 'M' 'U' 'M' 'M' 'M' 'U' 'M' 'M' 'U' 'A' 'M' 'U' 'M' 'U' 'M' 'M' 'M'
 'M' 'M' 'M' 'M' 'M' 'U' 'M' 'M' 'M' 'M' 'U' 'M' 'U' 'M' 'M' 'A' 'U' 'M'
 'M' 'M' 'M' 'M' 'M' 'M' 'M' 'M' 'M' 'M' 'M' 'U' 'U' 'M' 'M' 'M' 'M' 'M'
 'U' 'U' 'U' 'M' 'M' 'U' 'M' 'M' 'M' 'M' 'M' 'M' 'M' 'M' 'M' 'M' 'M' 'M'
 'U' 'U' 'M' 'M' 'M' 'M' 'M' 'U' 'M' 'M' 'M' 'U' 'M' 'U' 'M' 'M' 'M' 'M'
 'M' 'M' 'U' 'M' 'M' 'M' 'M' 'U' 'M' 'U' 'U' 'M' 'U' 'M' 'U' 'M' 'M' 'M']"
432801,0,157,3,154,41,0,0,"['A' 'M' 'M' 'M' 'M' 'M' 'M' 'M' 'M' 'U' 'M' 'M' 'M' 'M' 'M' 'M' 'M' 'M'
 'M' 'M' 'M' 'M' 'M' 'M' 'M' 'M' 'M' 'M' 'M' 'M' 'M' 'M' 'U' 'M' 'M' 'M'
 'A' 'M' 'M' 'M' 'M' 'M' 'M' 'M' 'M' 'M' 'M' 'M' 'U' 'U' 'M' 'M' 'U' 'M'
 'U' 'M' 'M' 'M' 'M' 'M' 'U' 'M' 'M' 'M' 'M' 'U' 'M' 'U' 'M' 'U' 'M' 'M'
 'M' 'M' 'M' 'M' 'M' 'U' 'M' 'M' 'M' 'M' 'M' 'U' 'M' 'M' 'M' 'M' 'M' 'M'
 'M' 'M' 'M' 'M' 'M' 'M' 'U' 'M' 'U' 'U' 'M' 'M' 'U' 'M' 'U' 'M' 'M' 'M'
 'M' 'M' 'M' 'M' 'M' 'M' 'M' 'M' 'M' 'M' 'U' 'U' 'U' 'M' 'M' 'A' 'U' 'M'
 'M' 'U' 'M' 'M' 'M' 'M' 'M' 'U' 'U' 'M' 'M' 'U' 'U' 'M' 'M' 'M' 'M' 'M'
 'U' 'U' 'U' 'M' 'M' 'U' 'M' 'M' 'M' 'M' 'M' 'M' 'U' 'M' 'M' 'M' 'M' 'M'
 'U' 'U' 'M' 'M' 'M' 'M' 'M' 'M' 'M' 'M' 'M' 'U' 'M' 'U' 'U' 'M' 'M' 'M'
 'M' 'M' 'U' 'M' 'M' 'M' 'M' 'U' 'M' 'U' 'U' 'M' 'U' 'M' 'M' 'M' 'M' 'M']"
432901,0,158,4,154,40,0,0,"['A' 'M' 'M' 'M' 'M' 'M' 'M' 'M' 'M' 'U' 'M' 'M' 'M' 'M' 'M' 'M' 'M' 'M'
 'M' 'M' 'M' 'M' 'M' 'M' 'M' 'M' 'M' 'M' 'M' 'M' 'M' 'M' 'A' 'M' 'M' 'U'
 'A' 'M' 'M' 'M' 'M' 'M' 'M' 'M' 'M' 'M' 'M' 'M' 'M' 'U' 'M' 'M' 'U' 'M'
 'U' 'M' 'U' 'M' 'M' 'M' 'U' 'M' 'M' 'M' 'M' 'M' 'M' 'U' 'U' 'M' 'M' 'M'
 'M' 'M' 'M' 'U' 'M' 'M' 'M' 'M' 'M' 'M' 'M' 'U' 'M' 'M' 'M' 'M' 'M' 'M'
 'M' 'U' 'M' 'M' 'M' 'M' 'U' 'M' 'U' 'U' 'M' 'M' 'M' 'M' 'U' 'M' 'M' 'M'
 'M' 'M' 'M' 'M' 'M' 'M' 'M' 'M' 'M' 'M' 'U' 'U' 'U' 'M' 'M' 'A' 'U' 'M'
 'M' 'U' 'M' 'M' 'M' 'U' 'U' 'U' 'U' 'M' 'M' 'U' 'U' 'M' 'M' 'M' 'M' 'M'
 'U' 'U' 'U' 'M' 'M' 'M' 'M' 'M' 'U' 'M' 'M' 'M' 'M' 'M' 'M' 'M' 'M' 'M'
 'U' 'U' 'M' 'M' 'M' 'U' 'M' 'M' 'M' 'U' 'M' 'M' 'M' 'M' 'U' 'M' 'M' 'M'
 'M' 'M' 'U' 'M' 'M' 'M' 'M' 'M' 'M' 'U' 'U' 'M' 'U' 'M' 'M' 'M' 'M' 'M']"
433001,0,160,7,153,38,0,0,"['A' 'M' 'M' 'M' 'M' 'M' 'M' 'M' 'M' 'U' 'M' 'M' 'M' 'M' 'M' 'M' 'M' 'M'
 'U' 'M' 'M' 'M' 'M' 'M' 'M' 'M' 'U' 'M' 'M' 'M' 'M' 'M' 'A' 'M' 'M' 'A'
 'A' 'M' 'M' 'M' 'M' 'M' 'M' 'M' 'M' 'M' 'M' 'M' 'M' 'U' 'M' 'M' 'U' 'M'
 'M' 'M' 'A' 'M' 'M' 'M' 'U' 'M' 'M' 'M' 'M' 'U' 'M' 'M' 'M' 'M' 'M' 'M'
 'M' 'U' 'M' 'M' 'M' 'M' 'M' 'U' 'M' 'M' 'M' 'M' 'M' 'M' 'M' 'U' 'U' 'M'
 'M' 'M' 'M' 'M' 'M' 'U' 'U' 'M' 'U' 'U' 'M' 'M' 'M' 'M' 'U' 'M' 'M' 'M'
 'M' 'M' 'M' 'M' 'M' 'M' 'M' 'M' 'M' 'M' 'M' 'M' 'A' 'M' 'M' 'A' 'M' 'M'
 'M' 'U' 'M' 'M' 'M' 'M' 'U' 'U' 'U' 'U' 'U' 'M' 'U' 'M' 'M' 'M' 'M' 'M'
 'U' 'U' 'U' 'M' 'M' 'M' 'M' 'M' 'U' 'M' 'U' 'M' 'M' 'M' 'M' 'M' 'M' 'M'
 'U' 'U' 'M' 'M' 'M' 'U' 'M' 'M' 'M' 'U' 'M' 'M' 'U' 'M' 'U' 'M' 'M' 'M'
 'M' 'M' 'U' 'M' 'M' 'M' 'M' 'M' 'M' 'U' 'U' 'M' 'M' 'M' 'M' 'M' 'M' 'U']"
433101,1,157,4,153,41,0,0,"['A' 'M' 'M' 'M' 'M' 'M' 'M' 'U' 'M' 'U' 'M' 'M' 'M' 'M' 'M' 'M' 'M' 'M'
 'M' 'M' 'M' 'M' 'M' 'M' 'M' 'M' 'U' 'M' 'M' 'M' 'M' 'M' 'M' 'M' 'M' 'U'
 'U' 'U' 'M' 'M' 'M' 'M' 'M' 'M' 'M' 'M' 'M' 'M' 'U' 'U' 'M' 'M' 'U' 'U'
 'M' 'M' 'A' 'M' 'U' 'M' 'M' 'M' 'M' 'M' 'M' 'M' 'M' 'M' 'U' 'M' 'U' 'U'
 'M' 'M' 'M' 'M' 'M' 'M' 'M' 'M' 'M' 'M' 'M' 'M' 'M' 'M' 'M' 'M' 'M' 'M'
 'U' 'M' 'M' 'M' 'U' 'U' 'U' 'M' 'U' 'U' 'M' 'M' 'M' 'M' 'U' 'M' 'M' 'M'
 'M' 'M' 'M' 'M' 'M' 'M' 'M' 'M' 'M' 'U' 'M' 'M' 'A' 'M' 'M' 'A' 'M' 'M'
 'M' 'M' 'M' 'M' 'M' 'M' 'U' 'U' 'U' 'U' 'U' 'U' 'U' 'M' 'M' 'M' 'M' 'M'
 'U' 'U' 'U' 'M' 'U' 'M' 'M' 'M' 'U' 'M' 'U' 'M' 'M' 'M' 'M' 'M' 'M' 'M'
 'M' 'M' 'M' 'M' 'M' 'M' 'M' 'M' 'M' 'U' 'M' 'M' 'M' 'M' 'M' 'M' 'M' 'M'
 'M' 'M' 'U' 'U' 'M' 'M' 'M' 'M' 'M' 'U' 'U' 'M' 'M' 'M' 'M' 'M' 'M' 'U']"
433201,0,156,3,153,42,0,0,"['A' 'M' 'M' 'M' 'M' 'M' 'M' 'U' 'M' 'M' 'M' 'M' 'M' 'M' 'M' 'M' 'M' 'M'
 'M' 'M' 'M' 'M' 'M' 'M' 'M' 'M' 'U' 'M' 'M' 'M' 'M' 'M' 'M' 'M' 'M' 'M'
 'U' 'U' 'M' 'M' 'M' 'M' 'M' 'M' 'M' 'M' 'M' 'M' 'U' 'U' 'M' 'U' 'U' 'M'
 'M' 'M' 'U' 'M' 'U' 'M' 'M' 'M' 'M' 'M' 'M' 'M' 'M' 'M' 'U' 'M' 'M' 'M'
 'U' 'M' 'M' 'M' 'M' 'M' 'M' 'M' 'M' 'U' 'M' 'M' 'M' 'M' 'U' 'M' 'M' 'M'
 'U' 'M' 'M' 'M' 'M' 'U' 'U' 'M' 'U' 'U' 'M' 'M' 'M' 'M' 'U' 'M' 'M' 'M'
 'U' 'M' 'M' 'M' 'M' 'M' 'M' 'M' 'M' 'U' 'M' 'U' 'A' 'M' 'M' 'A' 'M' 'M'
 'M' 'M' 'M' 'M' 'M' 'M' 'M' 'M' 'U' 'U' 'U' 'U' 'U' 'M' 'M' 'M' 'M' 'M'
 'U' 'U' 'U' 'M' 'U' 'M' 'M' 'M' 'U' 'M' 'U' 'M' 'M' 'M' 'M' 'M' 'M' 'M'
 'M' 'M' 'U' 'M' 'M' 'M' 'M' 'M' 'M' 'U' 'M' 'M' 'M' 'M' 'M' 'M' 'M' 'U'
 'M' 'M' 'U' 'U' 'M' 'M' 'M' 'M' 'M' 'U' 'U' 'M' 'M' 'M' 'M' 'M' 'M' 'U']"
433301,0,158,4,154,40,0,1,"['A' 'M' 'M' 'M' 'M' 'M' 'M' 'U' 'M' 'M' 'U' 'M' 'M' 'M' 'M' 'M' 'M' 'M'
 'M' 'M' 'M' 'M' 'M' 'M' 'M' 'M' 'U' 'M' 'M' 'M' 'M' 'M' 'M' 'M' 'M' 'M'
 'M' 'U' 'M' 'M' 'M' 'M' 'U' 'M' 'M' 'M' 'M' 'M' 'U' 'U' 'M' 'U' 'U' 'M'
 'M' 'M' 'M' 'M' 'U' 'M' 'M' 'M' 'M' 'M' 'M' 'M' 'M' 'M' 'M' 'M' 'U' 'M'
 'M' 'M' 'M' 'U' 'U' 'M' 'U' 'M' 'U' 'M' 'M' 'M' 'M' 'M' 'M' 'M' 'M' 'M'
 'M' 'M' 'M' 'M' 'M' 'U' 'M' 'M' 'U' 'U' 'M' 'M' 'M' 'M' 'U' 'M' 'M' 'M'
 'U' 'M' 'M' 'M' 'M' 'M' 'M' 'M' 'M' 'M' 'M' 'U' 'A' 'M' 'M' 'A' 'M' 'M'
 'M' 'M' 'M' 'M' 'M' 'U' 'U' 'U' 'M' 'U' 'U' 'U' 'U' 'M' 'M' 'M' 'U' 'M'
 'U' 'M' 'U' 'M' 'M' 'M' 'M' 'M' 'M' 'M' 'M' 'M' 'M' 'M' 'M' 'M' 'M' 'M'
 'M' 'M' 'U' 'M' 'M' 'M' 'M' 'M' 'M' 'A' 'M' 'M' 'M' 'M' 'M' 'M' 'M' 'U'
 'M' 'M' 'U' 'U' 'M' 'M' 'M' 'M' 'U' 'U' 'U' 'M' 'U' 'M' 'M' 'M' 'M' 'U']"
433401,0,157,5,152,41,1,0,"['A' 'M' 'M' 'M' 'M' 'U' 'U' 'U' 'M' 'M' 'U' 'M' 'M' 'M' 'M' 'M' 'M' 'M'
 'M' 'M' 'M' 'M' 'M' 'M' 'M' 'M' 'U' 'M' 'M' 'M' 'M' 'M' 'U' 'M' 'M' 'M'
 'M' 'U' 'U' 'M' 'U' 'M' 'M' 'M' 'M' 'M' 'M' 'M' 'M' 'M' 'M' 'M' 'U' 'M'
 'M' 'M' 'M' 'M' 'U' 'M' 'M' 'M' 'M' 'M' 'M' 'M' 'M' 'M' 'U' 'M' 'M' 'M'
 'M' 'M' 'M' 'M' 'M' 'M' 'M' 'M' 'U' 'M' 'M' 'M' 'M' 'M' 'M' 'M' 'M' 'U'
 'M' 'M' 'U' 'U' 'M' 'U' 'M' 'U' 'U' 'U' 'M' 'M' 'M' 'M' 'M' 'M' 'M' 'U'
 'M' 'M' 'M' 'M' 'M' 'M' 'M' 'M' 'M' 'M' 'M' 'U' 'A' 'M' 'M' 'A' 'M' 'M'
 'M' 'M' 'M' 'M' 'M' 'M' 'U' 'U' 'M' 'U' 'U' 'U' 'U' 'M' 'M' 'M' 'U' 'U'
 'U' 'M' 'U' 'M' 'M' 'M' 'M' 'M' 'M' 'M' 'M' 'M' 'M' 'M' 'M' 'M' 'M' 'M'
 'M' 'M' 'U' 'M' 'M' 'M' 'M' 'M' 'M' 'A' 'M' 'M' 'M' 'M' 'M' 'U' 'M' 'A'
 'M' 'U' 'U' 'M' 'U' 'M' 'M' 'M' 'U' 'M' 'U' 'M' 'U' 'M' 'M' 'M' 'M' 'U']"
433501,0,164,6,158,34,0,1,"['A' 'M' 'M' 'M' 'M' 'M' 'U' 'U' 'M' 'M' 'A' 'M' 'M' 'M' 'M' 'M' 'M' 'M'
 'U' 'M' 'M' 'M' 'M' 'M' 'M' 'U' 'U' 'M' 'M' 'M' 'M' 'M' 'U' 'M' 'M' 'M'
 'M' 'M' 'U' 'M' 'M' 'M' 'M' 'M' 'M' 'M' 'M' 'M' 'M' 'M' 'M' 'M' 'M' 'M'
 'M' 'M' 'M' 'M' 'U' 'M' 'M' 'M' 'M' 'M' 'M' 'M' 'M' 'M' 'U' 'U' 'M' 'M'
 'M' 'U' 'U' 'M' 'M' 'U' 'M' 'M' 'M' 'M' 'M' 'M' 'M' 'M' 'M' 'M' 'M' 'M'
 'M' 'M' 'M' 'M' 'M' 'M' 'M' 'M' 'U' 'U' 'M' 'M' 'M' 'M' 'U' 'U' 'M' 'U'
 'M' 'M' 'M' 'M' 'M' 'U' 'M' 'U' 'M' 'M' 'M' 'U' 'A' 'M' 'M' 'A' 'M' 'M'
 'M' 'M' 'M' 'M' 'M' 'U' 'U' 'M' 'U' 'U' 'U' 'U' 'U' 'M' 'M' 'M' 'M' 'M'
 'U' 'M' 'U' 'M' 'M' 'M' 'M' 'M' 'M' 'M' 'M' 'M' 'M' 'M' 'M' 'M' 'M' 'M'
 'M' 'M' 'M' 'M' 'M' 'M' 'M' 'M' 'M' 'A' 'M' 'M' 'M' 'M' 'M' 'U' 'M' 'A'
 'M' 'M' 'U' 'M' 'U' 'M' 'M' 'M' 'U' 'M' 'M' 'M' 'M' 'M' 'M' 'M' 'M' 'M']"
433601,0,170,5,165,28,0,1,"['A' 'M' 'M' 'M' 'M' 'M' 'M' 'U' 'M' 'M' 'A' 'M' 'M' 'M' 'M' 'M' 'M' 'U'
 'U' 'M' 'M' 'M' 'U' 'M' 'M' 'M' 'M' 'M' 'M' 'M' 'M' 'M' 'M' 'M' 'M' 'M'
 'M' 'M' 'M' 'M' 'M' 'M' 'M' 'M' 'M' 'M' 'M' 'M' 'M' 'M' 'M' 'M' 'M' 'M'
 'M' 'M' 'M' 'M' 'M' 'M' 'M' 'M' 'M' 'M' 'M' 'M' 'M' 'M' 'M' 'M' 'M' 'U'
 'M' 'M' 'U' 'M' 'M' 'U' 'U' 'M' 'M' 'M' 'M' 'M' 'M' 'M' 'M' 'M' 'M' 'M'
 'U' 'M' 'M' 'M' 'M' 'M' 'M' 'M' 'U' 'U' 'M' 'M' 'M' 'M' 'U' 'U' 'M' 'M'
 'M' 'M' 'M' 'M' 'M' 'M' 'M' 'U' 'M' 'M' 'M' 'U' 'A' 'M' 'M' 'A' 'M' 'M'
 'M' 'U' 'M' 'M' 'U' 'U' 'U' 'M' 'U' 'U' 'U' 'M' 'M' 'M' 'M' 'M' 'M' 'M'
 'M' 'M' 'U' 'M' 'M' 'M' 'M' 'M' 'M' 'M' 'M' 'M' 'M' 'M' 'M' 'M' 'M' 'M'
 'M' 'M' 'M' 'M' 'M' 'M' 'M' 'M' 'M' 'U' 'M' 'M' 'M' 'M' 'M' 'U' 'M' 'A'
 'M' 'U' 'M' 'M' 'U' 'M' 'M' 'M' 'U' 'M' 'M' 'M' 'M' 'M' 'M' 'M' 'M' 'M']"
433701,0,167,5,162,31,0,0,"['A' 'M' 'M' 'U' 'M' 'M' 'M' 'M' 'U' 'M' 'A' 'M' 'M' 'M' 'M' 'M' 'M' 'U'
 'U' 'U' 'M' 'M' 'U' 'M' 'M' 'M' 'U' 'M' 'M' 'M' 'M' 'M' 'M' 'M' 'M' 'M'
 'M' 'U' 'M' 'M' 'M' 'M' 'M' 'M' 'M' 'M' 'M' 'M' 'M' 'M' 'M' 'M' 'M' 'M'
 'M' 'M' 'M' 'M' 'M' 'M' 'M' 'M' 'M' 'M' 'M' 'M' 'U' 'M' 'U' 'M' 'M' 'M'
 'M' 'M' 'M' 'M' 'M' 'M' 'M' 'U' 'M' 'M' 'M' 'M' 'M' 'U' 'M' 'M' 'M' 'M'
 'U' 'M' 'M' 'M' 'M' 'U' 'M' 'M' 'M' 'U' 'M' 'M' 'M' 'M' 'U' 'U' 'M' 'M'
 'M' 'M' 'M' 'M' 'M' 'M' 'M' 'U' 'M' 'M' 'M' 'U' 'A' 'M' 'M' 'A' 'M' 'M'
 'M' 'U' 'M' 'U' 'U' 'M' 'U' 'M' 'M' 'U' 'U' 'M' 'M' 'M' 'M' 'M' 'M' 'M'
 'M' 'M' 'M' 'M' 'M' 'M' 'M' 'M' 'M' 'M' 'M' 'M' 'M' 'M' 'M' 'M' 'M' 'M'
 'M' 'M' 'M' 'M' 'M' 'M' 'M' 'M' 'M' 'U' 'M' 'U' 'M' 'M' 'M' 'U' 'M' 'A'
 'M' 'U' 'M' 'M' 'U' 'M' 'M' 'M' 'U' 'M' 'M' 'M' 'M' 'M' 'M' 'M' 'M' 'M']"
433801,0,170,6,164,28,0,0,"['A' 'M' 'M' 'U' 'M' 'M' 'M' 'M' 'U' 'M' 'A' 'M' 'M' 'M' 'M' 'U' 'M' 'M'
 'U' 'U' 'M' 'M' 'U' 'M' 'M' 'M' 'U' 'M' 'M' 'M' 'M' 'M' 'M' 'M' 'M' 'M'
 'M' 'U' 'M' 'M' 'M' 'M' 'M' 'M' 'M' 'M' 'M' 'M' 'M' 'M' 'M' 'U' 'M' 'M'
 'M' 'M' 'M' 'M' 'M' 'M' 'M' 'M' 'M' 'M' 'M' 'M' 'M' 'U' 'U' 'M' 'M' 'M'
 'M' 'U' 'U' 'M' 'M' 'M' 'M' 'M' 'M' 'M' 'M' 'M' 'M' 'M' 'M' 'M' 'M' 'M'
 'M' 'M' 'U' 'M' 'M' 'M' 'M' 'M' 'M' 'U' 'M' 'M' 'M' 'M' 'U' 'U' 'M' 'M'
 'M' 'M' 'M' 'M' 'M' 'M' 'M' 'A' 'M' 'M' 'M' 'U' 'U' 'M' 'M' 'A' 'M' 'M'
 'M' 'A' 'M' 'U' 'M' 'M' 'U' 'M' 'M' 'U' 'M' 'M' 'M' 'M' 'M' 'M' 'U' 'M'
 'M' 'M' 'M' 'M' 'M' 'U' 'M' 'M' 'M' 'M' 'M' 'M' 'U' 'M' 'M' 'M' 'M' 'M'
 'M' 'M' 'M' 'M' 'M' 'M' 'M' 'M' 'M' 'M' 'M' 'M' 'M' 'M' 'M' 'U' 'M' 'A'
 'M' 'U' 'M' 'M' 'U' 'M' 'M' 'M' 'M' 'M' 'M' 'M' 'M' 'M' 'M' 'M' 'M' 'M']"
433901,0,168,7,161,30,0,0,"['A' 'M' 'M' 'U' 'M' 'M' 'M' 'M' 'U' 'M' 'A' 'M' 'M' 'M' 'M' 'U' 'M' 'M'
 'U' 'U' 'M' 'M' 'M' 'M' 'M' 'M' 'U' 'M' 'M' 'M' 'M' 'M' 'M' 'M' 'M' 'M'
 'M' 'M' 'M' 'M' 'M' 'M' 'M' 'M' 'M' 'M' 'M' 'M' 'M' 'M' 'M' 'U' 'M' 'M'
 'M' 'M' 'M' 'M' 'M' 'M' 'M' 'M' 'M' 'M' 'M' 'M' 'M' 'M' 'M' 'M' 'M' 'M'
 'M' 'M' 'M' 'M' 'M' 'M' 'M' 'M' 'M' 'M' 'U' 'U' 'M' 'M' 'M' 'M' 'M' 'M'
 'U' 'M' 'U' 'M' 'U' 'M' 'M' 'U' 'M' 'U' 'M' 'M' 'M' 'M' 'U' 'U' 'M' 'M'
 'M' 'M' 'M' 'M' 'M' 'M' 'M' 'A' 'M' 'M' 'M' 'A' 'U' 'M' 'M' 'A' 'M' 'M'
 'M' 'U' 'M' 'U' 'M' 'U' 'U' 'U' 'M' 'A' 'U' 'U' 'U' 'M' 'M' 'M' 'M' 'M'
 'M' 'M' 'M' 'M' 'M' 'U' 'M' 'U' 'M' 'U' 'M' 'M' 'U' 'M' 'M' 'M' 'M' 'M'
 'M' 'M' 'M' 'M' 'M' 'M' 'M' 'M' 'M' 'M' 'M' 'M' 'M' 'M' 'M' 'M' 'M' 'A'
 'M' 'U' 'M' 'M' 'M' 'M' 'M' 'M' 'M' 'M' 'M' 'M' 'M' 'M' 'M' 'M' 'M' 'M']"
434001,0,163,7,156,35,0,0,"['A' 'M' 'M' 'U' 'M' 'M' 'M' 'M' 'U' 'M' 'A' 'M' 'M' 'M' 'M' 'U' 'M' 'M'
 'U' 'M' 'M' 'M' 'M' 'M' 'M' 'M' 'U' 'M' 'U' 'M' 'M' 'M' 'M' 'M' 'M' 'M'
 'M' 'M' 'M' 'M' 'M' 'M' 'M' 'M' 'M' 'M' 'M' 'M' 'M' 'M' 'M' 'U' 'M' 'M'
 'M' 'M' 'M' 'M' 'M' 'U' 'M' 'M' 'M' 'M' 'M' 'U' 'M' 'U' 'M' 'M' 'M' 'M'
 'M' 'M' 'M' 'U' 'M' 'M' 'M' 'M' 'M' 'M' 'M' 'M' 'M' 'M' 'U' 'M' 'U' 'M'
 'M' 'M' 'M' 'M' 'M' 'M' 'M' 'M' 'M' 'U' 'M' 'M' 'M' 'M' 'U' 'M' 'U' 'M'
 'M' 'M' 'M' 'M' 'M' 'M' 'M' 'A' 'M' 'M' 'U' 'A' 'U' 'M' 'M' 'A' 'M' 'U'
 'M' 'U' 'M' 'M' 'M' 'U' 'U' 'U' 'U' 'U' 'U' 'U' 'U' 'M' 'M' 'M' 'M' 'M'
 'M' 'M' 'M' 'M' 'A' 'U' 'M' 'U' 'M' 'U' 'M' 'M' 'A' 'M' 'U' 'M' 'M' 'M'
 'M' 'M' 'M' 'M' 'M' 'U' 'M' 'M' 'M' 'M' 'M' 'M' 'M' 'M' 'M' 'M' 'M' 'U'
 'M' 'U' 'M' 'M' 'M' 'M' 'M' 'M' 'M' 'M' 'M' 'M' 'M' 'M' 'M' 'M' 'M' 'M']"
434101,0,163,7,156,35,0,0,"['A' 'M' 'U' 'A' 'M' 'M' 'M' 'U' 'U' 'M' 'A' 'M' 'M' 'M' 'M' 'M' 'M' 'M'
 'U' 'M' 'M' 'M' 'M' 'M' 'M' 'M' 'U' 'M' 'U' 'M' 'U' 'M' 'M' 'M' 'M' 'M'
 'M' 'M' 'M' 'U' 'M' 'M' 'M' 'M' 'M' 'M' 'M' 'M' 'M' 'M' 'M' 'M' 'M' 'M'
 'M' 'M' 'M' 'M' 'M' 'U' 'M' 'M' 'U' 'M' 'U' 'M' 'U' 'M' 'U' 'M' 'M' 'M'
 'M' 'M' 'U' 'M' 'M' 'M' 'M' 'U' 'M' 'M' 'M' 'U' 'M' 'M' 'M' 'M' 'M' 'M'
 'M' 'M' 'M' 'M' 'M' 'M' 'M' 'M' 'M' 'U' 'M' 'M' 'M' 'U' 'M' 'M' 'M' 'M'
 'M' 'M' 'M' 'M' 'M' 'M' 'M' 'A' 'M' 'M' 'M' 'A' 'U' 'U' 'M' 'U' 'M' 'M'
 'M' 'U' 'M' 'M' 'M' 'M' 'U' 'M' 'M' 'U' 'U' 'A' 'U' 'U' 'M' 'M' 'M' 'M'
 'M' 'M' 'M' 'M' 'A' 'U' 'M' 'U' 'M' 'U' 'M' 'M' 'U' 'M' 'U' 'M' 'M' 'M'
 'M' 'M' 'M' 'M' 'M' 'U' 'M' 'M' 'M' 'M' 'U' 'M' 'M' 'M' 'M' 'M' 'M' 'M'
 'M' 'U' 'M' 'M' 'M' 'M' 'M' 'M' 'M' 'M' 'M' 'M' 'M' 'M' 'M' 'M' 'M' 'M']"
434201,0,164,7,157,34,0,0,"['A' 'M' 'M' 'A' 'M' 'M' 'M' 'U' 'U' 'M' 'A' 'U' 'M' 'M' 'M' 'M' 'M' 'M'
 'M' 'M' 'M' 'M' 'M' 'M' 'M' 'M' 'U' 'M' 'U' 'M' 'U' 'M' 'M' 'M' 'M' 'M'
 'M' 'M' 'U' 'U' 'M' 'M' 'M' 'M' 'M' 'M' 'M' 'M' 'M' 'M' 'M' 'M' 'M' 'M'
 'M' 'M' 'M' 'M' 'M' 'U' 'M' 'M' 'U' 'M' 'U' 'M' 'U' 'M' 'U' 'M' 'U' 'M'
 'M' 'M' 'M' 'M' 'M' 'M' 'M' 'M' 'M' 'M' 'M' 'M' 'M' 'M' 'M' 'M' 'M' 'M'
 'M' 'U' 'M' 'M' 'U' 'U' 'M' 'M' 'M' 'U' 'M' 'A' 'M' 'U' 'M' 'M' 'M' 'M'
 'M' 'M' 'M' 'M' 'M' 'M' 'M' 'A' 'M' 'M' 'M' 'U' 'M' 'M' 'M' 'U' 'M' 'M'
 'M' 'M' 'M' 'U' 'M' 'M' 'M' 'M' 'M' 'U' 'U' 'A' 'U' 'U' 'M' 'U' 'M' 'M'
 'M' 'M' 'M' 'M' 'A' 'U' 'M' 'M' 'M' 'U' 'M' 'M' 'U' 'M' 'U' 'M' 'M' 'M'
 'M' 'M' 'M' 'M' 'M' 'U' 'M' 'M' 'M' 'M' 'M' 'M' 'M' 'M' 'M' 'M' 'M' 'M'
 'M' 'U' 'M' 'M' 'M' 'M' 'M' 'M' 'M' 'M' 'M' 'M' 'M' 'M' 'M' 'M' 'U' 'M']"
434301,0,161,7,154,37,0,0,"['A' 'M' 'M' 'A' 'M' 'M' 'M' 'U' 'U' 'M' 'A' 'U' 'M' 'M' 'M' 'M' 'M' 'M'
 'M' 'M' 'M' 'M' 'M' 'M' 'M' 'M' 'M' 'M' 'M' 'M' 'U' 'M' 'M' 'M' 'M' 'M'
 'M' 'M' 'U' 'U' 'U' 'M' 'M' 'M' 'M' 'M' 'M' 'M' 'M' 'M' 'M' 'M' 'M' 'M'
 'M' 'U' 'M' 'U' 'M' 'U' 'M' 'M' 'U' 'M' 'U' 'M' 'M' 'M' 'M' 'M' 'M' 'M'
 'U' 'M' 'M' 'M' 'M' 'U' 'M' 'M' 'M' 'M' 'M' 'M' 'M' 'U' 'U' 'M' 'U' 'M'
 'M' 'M' 'M' 'M' 'M' 'U' 'M' 'M' 'M' 'U' 'M' 'A' 'M' 'U' 'M' 'M' 'M' 'M'
 'M' 'M' 'M' 'M' 'U' 'M' 'M' 'A' 'M' 'M' 'M' 'U' 'M' 'M' 'M' 'U' 'M' 'M'
 'M' 'M' 'M' 'U' 'M' 'M' 'M' 'M' 'M' 'A' 'U' 'U' 'U' 'U' 'M' 'U' 'M' 'M'
 'M' 'M' 'M' 'M' 'A' 'U' 'M' 'M' 'M' 'U' 'M' 'M' 'U' 'M' 'U' 'M' 'M' 'M'
 'M' 'M' 'M' 'M' 'M' 'M' 'M' 'M' 'M' 'M' 'M' 'M' 'M' 'M' 'M' 'M' 'M' 'M'
 'U' 'U' 'M' 'M' 'U' 'M' 'M' 'M' 'M' 'M' 'M' 'M' 'M' 'M' 'M' 'M' 'U' 'M']"
434401,0,154,9,145,44,0,0,"['A' 'M' 'M' 'A' 'M' 'M' 'U' 'A' 'M' 'M' 'A' 'U' 'M' 'M' 'M' 'M' 'M' 'M'
 'M' 'M' 'M' 'M' 'M' 'M' 'M' 'M' 'M' 'M' 'M' 'M' 'U' 'U' 'M' 'M' 'M' 'U'
 'M' 'U' 'U' 'M' 'U' 'M' 'M' 'M' 'M' 'M' 'M' 'M' 'M' 'M' 'M' 'M' 'M' 'M'
 'U' 'U' 'M' 'U' 'M' 'U' 'M' 'A' 'M' 'M' 'U' 'M' 'M' 'U' 'M' 'M' 'M' 'U'
 'M' 'M' 'M' 'M' 'M' 'M' 'M' 'M' 'M' 'M' 'M' 'M' 'M' 'U' 'U' 'U' 'M' 'M'
 'M' 'M' 'M' 'M' 'M' 'U' 'M' 'M' 'M' 'M' 'M' 'A' 'U' 'M' 'M' 'M' 'M' 'U'
 'M' 'M' 'M' 'M' 'U' 'M' 'M' 'A' 'M' 'M' 'M' 'U' 'M' 'M' 'M' 'M' 'M' 'M'
 'M' 'M' 'M' 'U' 'U' 'M' 'U' 'U' 'U' 'A' 'U' 'U' 'U' 'U' 'M' 'U' 'M' 'M'
 'M' 'M' 'M' 'M' 'U' 'U' 'M' 'U' 'M' 'U' 'M' 'M' 'U' 'M' 'U' 'M' 'M' 'M'
 'M' 'M' 'M' 'M' 'M' 'M' 'U' 'M' 'M' 'M' 'M' 'M' 'M' 'M' 'M' 'M' 'M' 'M'
 'A' 'U' 'U' 'M' 'M' 'M' 'M' 'M' 'M' 'M' 'M' 'M' 'M' 'U' 'M' 'M' 'U' 'M']"
434501,0,156,6,150,42,0,0,"['A' 'M' 'M' 'U' 'M' 'M' 'U' 'A' 'M' 'M' 'U' 'U' 'M' 'M' 'M' 'M' 'U' 'M'
 'M' 'M' 'M' 'M' 'M' 'M' 'M' 'M' 'M' 'M' 'M' 'M' 'M' 'M' 'M' 'M' 'M' 'U'
 'M' 'U' 'U' 'M' 'U' 'M' 'M' 'M' 'M' 'M' 'U' 'M' 'M' 'M' 'M' 'M' 'M' 'M'
 'U' 'U' 'M' 'U' 'M' 'M' 'M' 'U' 'M' 'M' 'U' 'U' 'M' 'M' 'M' 'M' 'U' 'U'
 'M' 'U' 'M' 'M' 'M' 'U' 'M' 'M' 'M' 'M' 'M' 'M' 'M' 'M' 'M' 'M' 'M' 'M'
 'M' 'M' 'M' 'M' 'M' 'U' 'M' 'M' 'M' 'M' 'M' 'A' 'U' 'M' 'M' 'M' 'M' 'M'
 'M' 'M' 'M' 'M' 'U' 'M' 'M' 'A' 'M' 'M' 'M' 'U' 'M' 'M' 'M' 'M' 'M' 'M'
 'M' 'M' 'M' 'U' 'U' 'M' 'U' 'U' 'U' 'A' 'U' 'U' 'U' 'M' 'M' 'U' 'M' 'M'
 'M' 'M' 'M' 'M' 'U' 'U' 'M' 'U' 'M' 'M' 'M' 'M' 'U' 'M' 'U' 'M' 'M' 'M'
 'M' 'M' 'M' 'M' 'M' 'M' 'U' 'M' 'M' 'M' 'M' 'M' 'M' 'M' 'M' 'M' 'M' 'M'
 'A' 'M' 'U' 'M' 'M' 'M' 'M' 'M' 'M' 'U' 'M' 'M' 'M' 'U' 'M' 'M' 'M' 'M']"
434601,0,156,6,150,42,0,0,"['A' 'M' 'M' 'U' 'M' 'M' 'U' 'A' 'M' 'M' 'U' 'U' 'M' 'M' 'M' 'M' 'U' 'M'
 'M' 'M' 'M' 'M' 'M' 'M' 'M' 'M' 'M' 'M' 'M' 'M' 'M' 'M' 'M' 'M' 'M' 'U'
 'U' 'U' 'U' 'M' 'M' 'M' 'M' 'M' 'M' 'M' 'M' 'M' 'M' 'M' 'M' 'M' 'M' 'M'
 'U' 'M' 'M' 'U' 'M' 'M' 'M' 'U' 'U' 'M' 'M' 'M' 'M' 'M' 'M' 'M' 'M' 'M'
 'M' 'M' 'M' 'M' 'M' 'M' 'U' 'M' 'M' 'M' 'M' 'U' 'M' 'U' 'M' 'M' 'U' 'M'
 'M' 'M' 'M' 'M' 'U' 'U' 'M' 'M' 'M' 'M' 'M' 'M' 'U' 'M' 'M' 'M' 'M' 'M'
 'M' 'M' 'M' 'M' 'U' 'M' 'M' 'A' 'M' 'M' 'M' 'U' 'M' 'U' 'M' 'M' 'M' 'M'
 'M' 'M' 'M' 'U' 'U' 'M' 'U' 'U' 'U' 'A' 'U' 'U' 'U' 'M' 'M' 'M' 'M' 'M'
 'M' 'M' 'M' 'M' 'U' 'U' 'M' 'U' 'M' 'M' 'M' 'M' 'U' 'M' 'U' 'M' 'M' 'M'
 'M' 'M' 'M' 'M' 'M' 'M' 'U' 'M' 'U' 'M' 'M' 'M' 'M' 'M' 'M' 'M' 'M' 'M'
 'A' 'M' 'U' 'M' 'M' 'M' 'M' 'M' 'M' 'U' 'M' 'M' 'A' 'U' 'M' 'M' 'M' 'U']"
434701,0,158,5,153,40,0,1,"['A' 'M' 'M' 'U' 'M' 'M' 'U' 'M' 'M' 'M' 'U' 'U' 'M' 'M' 'M' 'M' 'U' 'M'
 'M' 'M' 'M' 'M' 'M' 'M' 'M' 'M' 'M' 'M' 'M' 'M' 'U' 'M' 'U' 'M' 'M' 'U'
 'U' 'U' 'U' 'M' 'M' 'M' 'M' 'M' 'M' 'M' 'M' 'M' 'M' 'M' 'M' 'M' 'M' 'M'
 'U' 'M' 'U' 'U' 'U' 'M' 'M' 'U' 'U' 'M' 'M' 'M' 'M' 'M' 'M' 'M' 'M' 'U'
 'U' 'M' 'M' 'M' 'M' 'M' 'M' 'M' 'U' 'M' 'M' 'M' 'M' 'M' 'M' 'M' 'M' 'M'
 'M' 'U' 'U' 'M' 'M' 'U' 'M' 'M' 'M' 'M' 'M' 'U' 'M' 'M' 'M' 'M' 'M' 'M'
 'M' 'M' 'M' 'M' 'M' 'M' 'M' 'M' 'M' 'M' 'M' 'M' 'M' 'M' 'M' 'M' 'M' 'M'
 'M' 'M' 'M' 'U' 'M' 'A' 'U' 'U' 'U' 'A' 'U' 'U' 'U' 'M' 'M' 'M' 'M' 'M'
 'M' 'M' 'M' 'M' 'U' 'U' 'M' 'M' 'M' 'M' 'M' 'M' 'M' 'M' 'U' 'M' 'M' 'M'
 'M' 'M' 'M' 'M' 'U' 'M' 'U' 'M' 'U' 'M' 'M' 'M' 'M' 'M' 'M' 'M' 'M' 'M'
 'A' 'M' 'U' 'M' 'M' 'M' 'M' 'M' 'M' 'U' 'M' 'M' 'A' 'U' 'M' 'M' 'M' 'M']"
434801,0,170,4,166,28,0,1,"['A' 'M' 'M' 'A' 'M' 'M' 'U' 'M' 'M' 'M' 'U' 'U' 'M' 'M' 'M' 'M' 'M' 'M'
 'M' 'M' 'M' 'M' 'M' 'M' 'M' 'M' 'M' 'U' 'M' 'M' 'U' 'M' 'M' 'M' 'M' 'U'
 'M' 'U' 'U' 'M' 'M' 'M' 'M' 'M' 'M' 'M' 'M' 'M' 'M' 'M' 'M' 'M' 'M' 'M'
 'M' 'M' 'M' 'M' 'M' 'M' 'M' 'U' 'U' 'M' 'M' 'M' 'M' 'M' 'M' 'M' 'M' 'U'
 'M' 'M' 'U' 'U' 'M' 'M' 'M' 'U' 'M' 'M' 'U' 'M' 'M' 'M' 'M' 'M' 'M' 'M'
 'M' 'M' 'M' 'M' 'M' 'M' 'M' 'M' 'M' 'M' 'M' 'U' 'M' 'M' 'M' 'M' 'M' 'M'
 'M' 'M' 'M' 'M' 'M' 'M' 'M' 'M' 'M' 'M' 'M' 'M' 'M' 'M' 'M' 'M' 'M' 'M'
 'M' 'M' 'M' 'M' 'M' 'A' 'U' 'M' 'U' 'M' 'U' 'U' 'M' 'M' 'M' 'M' 'M' 'M'
 'M' 'M' 'M' 'M' 'U' 'U' 'M' 'M' 'M' 'M' 'M' 'M' 'M' 'M' 'M' 'M' 'M' 'M'
 'M' 'M' 'M' 'M' 'U' 'M' 'A' 'M' 'M' 'M' 'M' 'M' 'M' 'M' 'M' 'U' 'M' 'M'
 'U' 'M' 'U' 'M' 'M' 'M' 'M' 'M' 'M' 'M' 'M' 'M' 'U' 'U' 'M' 'M' 'M' 'M']"
434901,0,162,2,160,36,1,0,"['A' 'U' 'M' 'U' 'M' 'M' 'U' 'M' 'M' 'M' 'U' 'U' 'M' 'M' 'M' 'M' 'M' 'M'
 'M' 'M' 'M' 'M' 'M' 'M' 'M' 'M' 'M' 'U' 'M' 'M' 'U' 'M' 'M' 'U' 'M' 'U'
 'M' 'U' 'U' 'M' 'M' 'M' 'M' 'U' 'M' 'M' 'M' 'M' 'M' 'M' 'M' 'M' 'M' 'M'
 'M' 'M' 'U' 'M' 'M' 'M' 'M' 'U' 'U' 'M' 'M' 'M' 'M' 'M' 'M' 'M' 'M' 'M'
 'M' 'U' 'M' 'M' 'M' 'M' 'M' 'U' 'M' 'M' 'U' 'M' 'M' 'M' 'M' 'M' 'M' 'U'
 'M' 'M' 'U' 'M' 'M' 'M' 'M' 'M' 'M' 'M' 'M' 'U' 'M' 'M' 'M' 'M' 'M' 'M'
 'M' 'M' 'M' 'M' 'M' 'M' 'M' 'M' 'M' 'M' 'M' 'U' 'M' 'M' 'M' 'U' 'U' 'M'
 'M' 'M' 'M' 'M' 'U' 'A' 'M' 'M' 'U' 'U' 'U' 'U' 'M' 'M' 'M' 'M' 'M' 'M'
 'M' 'M' 'M' 'M' 'U' 'U' 'M' 'M' 'M' 'M' 'M' 'M' 'M' 'M' 'M' 'M' 'M' 'M'
 'M' 'M' 'M' 'M' 'U' 'M' 'U' 'M' 'M' 'M' 'M' 'M' 'M' 'M' 'M' 'U' 'M' 'M'
 'U' 'M' 'U' 'M' 'M' 'M' 'M' 'M' 'M' 'M' 'M' 'M' 'M' 'M' 'M' 'M' 'M' 'M']"
435001,0,164,1,163,34,0,0,"['A' 'U' 'M' 'U' 'M' 'M' 'M' 'M' 'M' 'M' 'M' 'M' 'U' 'M' 'M' 'M' 'M' 'M'
 'M' 'M' 'M' 'M' 'M' 'M' 'M' 'M' 'M' 'U' 'M' 'M' 'M' 'M' 'M' 'U' 'M' 'U'
 'M' 'M' 'U' 'M' 'M' 'M' 'M' 'M' 'M' 'M' 'M' 'M' 'M' 'U' 'M' 'M' 'M' 'U'
 'M' 'M' 'U' 'M' 'M' 'M' 'M' 'U' 'U' 'M' 'M' 'M' 'M' 'M' 'M' 'M' 'M' 'U'
 'M' 'M' 'M' 'M' 'M' 'U' 'U' 'M' 'M' 'M' 'U' 'M' 'M' 'M' 'M' 'M' 'M' 'M'
 'M' 'M' 'M' 'U' 'M' 'U' 'M' 'M' 'M' 'M' 'M' 'U' 'M' 'M' 'M' 'M' 'M' 'M'
 'M' 'U' 'M' 'M' 'M' 'M' 'M' 'M' 'M' 'M' 'M' 'M' 'M' 'M' 'M' 'U' 'U' 'M'
 'M' 'M' 'M' 'M' 'U' 'M' 'U' 'U' 'U' 'U' 'M' 'U' 'U' 'M' 'M' 'M' 'M' 'M'
 'M' 'M' 'M' 'M' 'U' 'U' 'M' 'M' 'M' 'M' 'M' 'M' 'M' 'M' 'M' 'M' 'M' 'M'
 'M' 'M' 'M' 'M' 'U' 'M' 'M' 'M' 'M' 'M' 'M' 'M' 'M' 'M' 'M' 'M' 'M' 'M'
 'U' 'M' 'U' 'M' 'M' 'M' 'M' 'M' 'M' 'M' 'M' 'M' 'M' 'M' 'M' 'M' 'M' 'M']"
435101,0,168,1,167,30,0,0,"['A' 'U' 'M' 'M' 'U' 'M' 'M' 'M' 'M' 'M' 'M' 'U' 'U' 'M' 'M' 'M' 'M' 'M'
 'M' 'M' 'M' 'M' 'M' 'M' 'U' 'M' 'U' 'U' 'M' 'M' 'M' 'M' 'M' 'U' 'U' 'U'
 'M' 'M' 'M' 'M' 'M' 'M' 'M' 'M' 'M' 'M' 'M' 'M' 'M' 'U' 'M' 'M' 'M' 'M'
 'M' 'M' 'U' 'M' 'M' 'M' 'M' 'U' 'U' 'M' 'M' 'M' 'M' 'M' 'M' 'M' 'M' 'M'
 'M' 'M' 'M' 'M' 'M' 'U' 'U' 'M' 'M' 'M' 'M' 'M' 'M' 'M' 'M' 'U' 'M' 'U'
 'M' 'M' 'M' 'U' 'M' 'U' 'M' 'M' 'M' 'M' 'M' 'M' 'M' 'M' 'M' 'M' 'M' 'M'
 'M' 'U' 'M' 'M' 'M' 'M' 'M' 'M' 'M' 'M' 'M' 'M' 'M' 'M' 'M' 'U' 'M' 'M'
 'M' 'M' 'M' 'M' 'M' 'M' 'U' 'M' 'M' 'U' 'M' 'U' 'M' 'M' 'M' 'M' 'M' 'M'
 'M' 'M' 'M' 'M' 'U' 'U' 'M' 'M' 'M' 'M' 'M' 'M' 'M' 'M' 'M' 'M' 'M' 'M'
 'M' 'M' 'M' 'M' 'U' 'M' 'M' 'M' 'M' 'M' 'M' 'M' 'M' 'M' 'M' 'M' 'M' 'M'
 'U' 'M' 'U' 'M' 'M' 'M' 'M' 'M' 'M' 'M' 'M' 'M' 'M' 'M' 'M' 'M' 'M' 'M']"
435201,0,174,4,170,24,0,0,"['A' 'U' 'M' 'M' 'M' 'M' 'M' 'M' 'U' 'M' 'M' 'U' 'U' 'M' 'M' 'M' 'M' 'M'
 'M' 'M' 'M' 'M' 'M' 'M' 'U' 'M' 'U' 'M' 'M' 'M' 'M' 'M' 'M' 'M' 'U' 'U'
 'M' 'M' 'M' 'M' 'M' 'M' 'M' 'M' 'M' 'M' 'M' 'U' 'M' 'M' 'M' 'M' 'M' 'M'
 'M' 'M' 'U' 'M' 'M' 'U' 'M' 'U' 'U' 'M' 'M' 'M' 'M' 'M' 'U' 'M' 'M' 'M'
 'M' 'M' 'U' 'M' 'U' 'M' 'M' 'M' 'M' 'M' 'M' 'M' 'M' 'M' 'U' 'M' 'M' 'M'
 'M' 'U' 'M' 'M' 'M' 'A' 'M' 'M' 'M' 'M' 'M' 'M' 'M' 'M' 'M' 'M' 'M' 'M'
 'M' 'M' 'M' 'M' 'M' 'M' 'M' 'M' 'M' 'M' 'M' 'M' 'M' 'M' 'M' 'M' 'M' 'M'
 'M' 'M' 'M' 'M' 'M' 'M' 'M' 'M' 'M' 'U' 'M' 'U' 'M' 'M' 'M' 'M' 'U' 'M'
 'M' 'M' 'M' 'M' 'U' 'A' 'M' 'M' 'M' 'U' 'M' 'M' 'M' 'M' 'M' 'M' 'M' 'M'
 'M' 'M' 'M' 'M' 'U' 'M' 'M' 'M' 'M' 'M' 'M' 'M' 'M' 'M' 'M' 'M' 'M' 'M'
 'M' 'M' 'A' 'M' 'M' 'M' 'M' 'M' 'M' 'M' 'M' 'M' 'M' 'M' 'M' 'M' 'M' 'M']"
435301,0,171,2,169,27,0,0,"['A' 'U' 'M' 'M' 'M' 'M' 'M' 'M' 'U' 'M' 'M' 'U' 'U' 'M' 'M' 'M' 'M' 'M'
 'M' 'M' 'M' 'M' 'M' 'M' 'M' 'M' 'U' 'M' 'M' 'M' 'M' 'M' 'M' 'M' 'U' 'U'
 'M' 'M' 'M' 'M' 'M' 'M' 'U' 'M' 'M' 'M' 'M' 'M' 'M' 'M' 'M' 'M' 'M' 'M'
 'M' 'M' 'U' 'M' 'M' 'U' 'M' 'U' 'U' 'M' 'M' 'M' 'U' 'M' 'M' 'M' 'M' 'M'
 'M' 'M' 'M' 'M' 'M' 'M' 'M' 'U' 'U' 'M' 'M' 'M' 'U' 'M' 'U' 'M' 'M' 'M'
 'M' 'M' 'M' 'M' 'M' 'U' 'M' 'M' 'M' 'M' 'M' 'M' 'U' 'M' 'M' 'M' 'U' 'M'
 'M' 'M' 'M' 'M' 'M' 'M' 'M' 'M' 'M' 'M' 'M' 'M' 'M' 'M' 'M' 'M' 'M' 'M'
 'M' 'M' 'M' 'M' 'M' 'M' 'M' 'M' 'M' 'U' 'M' 'U' 'M' 'M' 'M' 'U' 'U' 'M'
 'M' 'M' 'M' 'M' 'U' 'U' 'M' 'M' 'M' 'M' 'M' 'M' 'M' 'M' 'M' 'M' 'M' 'M'
 'M' 'M' 'M' 'M' 'U' 'M' 'M' 'M' 'M' 'M' 'M' 'M' 'M' 'M' 'M' 'M' 'M' 'M'
 'M' 'M' 'A' 'M' 'M' 'M' 'M' 'M' 'M' 'M' 'M' 'M' 'M' 'M' 'M' 'M' 'M' 'M']"
435401,0,168,1,167,30,0,0,"['A' 'U' 'M' 'M' 'M' 'M' 'M' 'M' 'U' 'M' 'M' 'M' 'U' 'M' 'M' 'M' 'M' 'U'
 'M' 'M' 'M' 'M' 'M' 'M' 'M' 'M' 'U' 'M' 'M' 'M' 'M' 'M' 'M' 'M' 'U' 'U'
 'M' 'M' 'M' 'M' 'M' 'M' 'U' 'M' 'M' 'M' 'M' 'M' 'M' 'M' 'U' 'M' 'M' 'M'
 'U' 'M' 'U' 'M' 'M' 'U' 'M' 'U' 'U' 'M' 'M' 'M' 'M' 'M' 'M' 'M' 'M' 'U'
 'M' 'M' 'M' 'M' 'U' 'M' 'M' 'M' 'M' 'U' 'U' 'M' 'M' 'M' 'M' 'M' 'M' 'M'
 'M' 'U' 'M' 'M' 'M' 'U' 'M' 'M' 'M' 'M' 'M' 'M' 'U' 'M' 'M' 'M' 'U' 'M'
 'M' 'M' 'M' 'M' 'M' 'M' 'M' 'M' 'M' 'M' 'M' 'M' 'M' 'M' 'M' 'M' 'M' 'M'
 'M' 'M' 'M' 'M' 'M' 'M' 'M' 'M' 'M' 'U' 'M' 'U' 'M' 'M' 'M' 'M' 'U' 'M'
 'M' 'M' 'M' 'M' 'M' 'U' 'M' 'M' 'M' 'M' 'M' 'M' 'M' 'M' 'M' 'M' 'M' 'M'
 'M' 'M' 'M' 'M' 'M' 'M' 'M' 'U' 'M' 'M' 'M' 'M' 'M' 'M' 'M' 'M' 'U' 'U'
 'M' 'M' 'U' 'M' 'M' 'M' 'M' 'M' 'M' 'M' 'M' 'M' 'M' 'M' 'M' 'M' 'M' 'M']"
435501,0,161,1,160,37,0,0,"['A' 'U' 'M' 'M' 'M' 'M' 'M' 'M' 'U' 'M' 'M' 'M' 'U' 'M' 'M' 'M' 'M' 'U'
 'M' 'M' 'M' 'M' 'M' 'M' 'M' 'M' 'U' 'M' 'M' 'M' 'M' 'M' 'M' 'M' 'U' 'U'
 'M' 'M' 'M' 'M' 'M' 'M' 'U' 'M' 'U' 'M' 'M' 'M' 'M' 'U' 'U' 'M' 'U' 'M'
 'U' 'M' 'U' 'M' 'M' 'U' 'M' 'M' 'U' 'M' 'M' 'M' 'M' 'M' 'U' 'M' 'M' 'U'
 'U' 'M' 'M' 'M' 'M' 'M' 'M' 'M' 'M' 'M' 'M' 'M' 'M' 'M' 'M' 'U' 'M' 'M'
 'M' 'M' 'M' 'U' 'M' 'U' 'M' 'M' 'M' 'M' 'M' 'M' 'U' 'M' 'M' 'M' 'M' 'M'
 'M' 'M' 'M' 'M' 'M' 'M' 'M' 'M' 'M' 'M' 'M' 'M' 'M' 'M' 'M' 'M' 'M' 'M'
 'U' 'U' 'M' 'M' 'M' 'M' 'M' 'M' 'M' 'U' 'M' 'U' 'M' 'M' 'M' 'M' 'U' 'M'
 'M' 'M' 'M' 'M' 'M' 'U' 'M' 'M' 'M' 'M' 'M' 'M' 'M' 'M' 'M' 'M' 'M' 'M'
 'M' 'M' 'U' 'M' 'M' 'M' 'U' 'M' 'U' 'M' 'M' 'M' 'M' 'M' 'M' 'M' 'U' 'U'
 'M' 'U' 'U' 'M' 'M' 'M' 'U' 'M' 'M' 'M' 'M' 'M' 'M' 'M' 'M' 'M' 'M' 'M']"
435601,1,158,1,157,40,0,0,"['A' 'U' 'M' 'M' 'M' 'M' 'U' 'M' 'M' 'M' 'M' 'M' 'U' 'M' 'M' 'M' 'M' 'M'
 'M' 'M' 'M' 'M' 'M' 'M' 'M' 'M' 'M' 'M' 'M' 'M' 'M' 'M' 'M' 'M' 'U' 'U'
 'M' 'M' 'M' 'M' 'M' 'M' 'M' 'M' 'M' 'M' 'M' 'M' 'M' 'U' 'U' 'M' 'U' 'M'
 'U' 'M' 'U' 'M' 'M' 'U' 'M' 'M' 'M' 'U' 'M' 'M' 'M' 'M' 'M' 'M' 'M' 'M'
 'M' 'M' 'M' 'U' 'U' 'M' 'U' 'M' 'U' 'M' 'M' 'M' 'M' 'M' 'M' 'M' 'M' 'M'
 'M' 'M' 'U' 'M' 'M' 'U' 'M' 'M' 'M' 'M' 'M' 'M' 'U' 'M' 'M' 'M' 'M' 'M'
 'M' 'M' 'M' 'M' 'M' 'U' 'M' 'M' 'M' 'M' 'M' 'M' 'M' 'M' 'M' 'U' 'M' 'M'
 'U' 'U' 'M' 'M' 'M' 'M' 'U' 'U' 'M' 'U' 'U' 'M' 'M' 'M' 'M' 'M' 'U' 'M'
 'M' 'M' 'M' 'M' 'M' 'U' 'M' 'M' 'M' 'M' 'M' 'U' 'M' 'M' 'M' 'M' 'M' 'U'
 'M' 'M' 'U' 'M' 'M' 'M' 'U' 'M' 'U' 'M' 'M' 'M' 'M' 'U' 'M' 'M' 'U' 'M'
 'M' 'U' 'U' 'M' 'U' 'M' 'U' 'M' 'M' 'M' 'M' 'M' 'M' 'M' 'M' 'M' 'M' 'M']"
435701,0,158,2,156,40,1,0,"['A' 'U' 'M' 'M' 'M' 'M' 'U' 'M' 'M' 'M' 'M' 'M' 'M' 'M' 'M' 'M' 'M' 'M'
 'M' 'M' 'U' 'M' 'U' 'M' 'M' 'M' 'M' 'M' 'M' 'M' 'M' 'M' 'M' 'M' 'M' 'U'
 'M' 'M' 'M' 'M' 'M' 'M' 'M' 'M' 'M' 'M' 'M' 'M' 'U' 'U' 'U' 'M' 'U' 'M'
 'M' 'M' 'U' 'M' 'M' 'U' 'M' 'M' 'M' 'U' 'M' 'M' 'U' 'M' 'M' 'U' 'M' 'M'
 'M' 'M' 'M' 'M' 'U' 'M' 'M' 'M' 'U' 'M' 'M' 'M' 'M' 'M' 'M' 'M' 'M' 'M'
 'M' 'M' 'U' 'M' 'M' 'U' 'M' 'M' 'M' 'M' 'M' 'M' 'U' 'M' 'M' 'M' 'M' 'M'
 'M' 'M' 'M' 'M' 'M' 'M' 'M' 'M' 'M' 'M' 'M' 'M' 'M' 'M' 'M' 'U' 'M' 'M'
 'U' 'U' 'M' 'U' 'M' 'U' 'U' 'U' 'U' 'U' 'U' 'U' 'U' 'M' 'M' 'M' 'U' 'M'
 'M' 'M' 'M' 'M' 'M' 'U' 'M' 'M' 'M' 'M' 'M' 'U' 'M' 'M' 'M' 'M' 'M' 'U'
 'M' 'M' 'M' 'M' 'M' 'M' 'U' 'M' 'M' 'M' 'M' 'M' 'M' 'A' 'M' 'M' 'M' 'M'
 'M' 'U' 'U' 'M' 'M' 'M' 'M' 'M' 'M' 'M' 'M' 'M' 'U' 'M' 'M' 'M' 'U' 'M']"
435801,0,153,2,151,45,0,0,"['A' 'U' 'M' 'M' 'M' 'M' 'U' 'M' 'M' 'M' 'M' 'M' 'M' 'M' 'M' 'M' 'M' 'M'
 'M' 'M' 'U' 'M' 'U' 'M' 'M' 'M' 'M' 'M' 'M' 'M' 'M' 'M' 'M' 'M' 'M' 'U'
 'M' 'M' 'M' 'M' 'U' 'A' 'M' 'M' 'M' 'M' 'M' 'M' 'U' 'M' 'U' 'M' 'U' 'M'
 'M' 'M' 'U' 'M' 'M' 'U' 'M' 'M' 'M' 'U' 'M' 'M' 'M' 'M' 'U' 'U' 'M' 'U'
 'U' 'M' 'M' 'M' 'M' 'M' 'M' 'U' 'M' 'M' 'M' 'M' 'M' 'M' 'M' 'M' 'M' 'M'
 'M' 'M' 'M' 'M' 'M' 'U' 'M' 'M' 'M' 'M' 'M' 'M' 'U' 'M' 'M' 'M' 'M' 'M'
 'M' 'M' 'M' 'M' 'M' 'M' 'M' 'M' 'M' 'M' 'M' 'M' 'M' 'M' 'M' 'U' 'M' 'M'
 'U' 'M' 'M' 'U' 'M' 'U' 'U' 'U' 'U' 'U' 'U' 'U' 'U' 'M' 'M' 'U' 'U' 'M'
 'M' 'M' 'M' 'M' 'M' 'U' 'M' 'M' 'M' 'M' 'M' 'U' 'M' 'M' 'M' 'M' 'M' 'U'
 'M' 'U' 'M' 'M' 'M' 'M' 'U' 'M' 'M' 'M' 'M' 'M' 'M' 'U' 'U' 'M' 'M' 'M'
 'M' 'U' 'U' 'M' 'M' 'M' 'M' 'U' 'M' 'M' 'U' 'M' 'U' 'M' 'M' 'M' 'U' 'M']"
435901,0,157,4,153,41,0,0,"['A' 'U' 'M' 'M' 'M' 'A' 'U' 'M' 'M' 'M' 'M' 'M' 'M' 'M' 'M' 'M' 'M' 'M'
 'U' 'M' 'M' 'M' 'U' 'M' 'M' 'M' 'M' 'M' 'M' 'M' 'U' 'M' 'M' 'M' 'M' 'U'
 'M' 'M' 'M' 'M' 'M' 'A' 'M' 'M' 'M' 'M' 'M' 'M' 'U' 'M' 'U' 'M' 'U' 'M'
 'M' 'M' 'M' 'M' 'M' 'U' 'M' 'M' 'M' 'U' 'M' 'M' 'M' 'M' 'M' 'M' 'M' 'U'
 'U' 'M' 'M' 'M' 'M' 'M' 'M' 'M' 'U' 'M' 'M' 'M' 'M' 'M' 'M' 'M' 'M' 'M'
 'U' 'M' 'M' 'M' 'U' 'U' 'M' 'M' 'M' 'M' 'U' 'M' 'U' 'M' 'M' 'M' 'M' 'M'
 'M' 'M' 'M' 'M' 'M' 'M' 'M' 'M' 'M' 'M' 'M' 'M' 'M' 'M' 'M' 'M' 'M' 'M'
 'U' 'U' 'M' 'M' 'M' 'U' 'U' 'U' 'U' 'U' 'U' 'U' 'U' 'M' 'M' 'U' 'U' 'M'
 'M' 'M' 'M' 'M' 'A' 'U' 'M' 'M' 'M' 'M' 'M' 'U' 'M' 'M' 'M' 'U' 'M' 'M'
 'M' 'M' 'M' 'M' 'M' 'M' 'M' 'M' 'M' 'M' 'M' 'M' 'M' 'M' 'U' 'M' 'M' 'M'
 'M' 'U' 'U' 'M' 'M' 'M' 'M' 'U' 'M' 'M' 'U' 'M' 'U' 'M' 'M' 'M' 'U' 'M']"
436001,0,157,4,153,41,0,0,"['A' 'U' 'U' 'M' 'M' 'A' 'U' 'M' 'M' 'U' 'U' 'M' 'M' 'M' 'M' 'M' 'M' 'M'
 'U' 'M' 'M' 'M' 'U' 'M' 'M' 'M' 'M' 'M' 'M' 'M' 'U' 'M' 'M' 'M' 'M' 'U'
 'M' 'M' 'M' 'M' 'M' 'A' 'M' 'M' 'M' 'M' 'M' 'M' 'U' 'M' 'U' 'M' 'U' 'M'
 'U' 'M' 'M' 'M' 'M' 'U' 'M' 'M' 'M' 'U' 'M' 'M' 'M' 'M' 'U' 'U' 'U' 'U'
 'M' 'M' 'M' 'M' 'M' 'M' 'M' 'M' 'M' 'M' 'M' 'M' 'M' 'M' 'M' 'M' 'M' 'M'
 'M' 'M' 'M' 'U' 'M' 'U' 'M' 'M' 'M' 'M' 'M' 'M' 'M' 'M' 'M' 'M' 'U' 'M'
 'M' 'M' 'M' 'M' 'M' 'M' 'M' 'M' 'M' 'U' 'M' 'M' 'M' 'M' 'M' 'M' 'M' 'M'
 'U' 'U' 'M' 'M' 'M' 'U' 'U' 'U' 'U' 'U' 'U' 'M' 'U' 'M' 'M' 'U' 'M' 'M'
 'M' 'M' 'M' 'M' 'A' 'U' 'M' 'M' 'M' 'M' 'M' 'U' 'M' 'M' 'M' 'M' 'M' 'M'
 'M' 'M' 'U' 'M' 'M' 'M' 'M' 'M' 'M' 'M' 'M' 'M' 'M' 'M' 'U' 'M' 'M' 'M'
 'M' 'U' 'M' 'M' 'M' 'M' 'M' 'M' 'M' 'M' 'U' 'M' 'U' 'M' 'M' 'M' 'U' 'M']"
436101,0,159,4,155,39,0,0,"['A' 'U' 'M' 'M' 'M' 'U' 'M' 'M' 'U' 'U' 'U' 'M' 'M' 'M' 'M' 'M' 'M' 'M'
 'U' 'M' 'M' 'M' 'M' 'M' 'M' 'M' 'M' 'M' 'M' 'M' 'U' 'M' 'M' 'M' 'M' 'U'
 'M' 'M' 'M' 'M' 'M' 'A' 'M' 'M' 'M' 'M' 'M' 'M' 'U' 'M' 'U' 'M' 'M' 'M'
 'U' 'M' 'M' 'M' 'M' 'U' 'M' 'M' 'M' 'U' 'M' 'U' 'M' 'M' 'M' 'M' 'M' 'M'
 'M' 'M' 'M' 'U' 'M' 'M' 'U' 'M' 'M' 'M' 'M' 'M' 'M' 'U' 'M' 'M' 'U' 'M'
 'M' 'M' 'M' 'M' 'M' 'U' 'M' 'U' 'M' 'U' 'M' 'M' 'M' 'M' 'M' 'M' 'U' 'M'
 'M' 'M' 'U' 'U' 'M' 'M' 'M' 'M' 'M' 'M' 'M' 'M' 'M' 'M' 'M' 'M' 'M' 'M'
 'U' 'U' 'U' 'M' 'M' 'U' 'U' 'U' 'U' 'M' 'M' 'M' 'U' 'M' 'M' 'U' 'M' 'M'
 'U' 'M' 'M' 'M' 'A' 'A' 'M' 'M' 'M' 'M' 'M' 'M' 'M' 'M' 'M' 'M' 'M' 'M'
 'M' 'M' 'U' 'U' 'M' 'M' 'M' 'M' 'M' 'M' 'M' 'M' 'M' 'M' 'M' 'M' 'M' 'M'
 'M' 'U' 'M' 'M' 'M' 'M' 'M' 'M' 'M' 'M' 'M' 'M' 'U' 'U' 'M' 'M' 'M' 'M']"
436201,0,164,5,159,34,0,0,"['A' 'U' 'M' 'M' 'M' 'M' 'M' 'M' 'U' 'U' 'U' 'M' 'M' 'M' 'M' 'M' 'M' 'M'
 'U' 'M' 'M' 'U' 'M' 'M' 'M' 'M' 'M' 'M' 'M' 'M' 'M' 'M' 'M' 'U' 'M' 'U'
 'M' 'M' 'U' 'M' 'M' 'A' 'M' 'M' 'M' 'M' 'M' 'M' 'M' 'M' 'U' 'M' 'M' 'M'
 'U' 'M' 'M' 'M' 'M' 'U' 'M' 'M' 'M' 'U' 'M' 'M' 'M' 'U' 'U' 'M' 'M' 'M'
 'M' 'M' 'M' 'M' 'U' 'M' 'M' 'M' 'U' 'U' 'M' 'M' 'M' 'M' 'M' 'M' 'M' 'M'
 'M' 'M' 'M' 'M' 'M' 'M' 'M' 'U' 'M' 'U' 'M' 'M' 'M' 'M' 'M' 'M' 'U' 'M'
 'M' 'M' 'U' 'M' 'M' 'M' 'M' 'M' 'M' 'M' 'M' 'M' 'M' 'M' 'M' 'M' 'M' 'M'
 'U' 'M' 'U' 'M' 'M' 'U' 'U' 'U' 'U' 'M' 'M' 'M' 'M' 'M' 'M' 'U' 'M' 'M'
 'M' 'M' 'M' 'U' 'A' 'A' 'M' 'M' 'M' 'M' 'M' 'M' 'M' 'M' 'M' 'M' 'M' 'U'
 'M' 'M' 'A' 'M' 'M' 'M' 'M' 'M' 'M' 'M' 'M' 'M' 'M' 'M' 'M' 'M' 'M' 'M'
 'M' 'U' 'M' 'M' 'M' 'M' 'M' 'M' 'M' 'M' 'M' 'M' 'U' 'U' 'M' 'M' 'M' 'M']"
436301,0,154,3,151,44,0,0,"['A' 'M' 'U' 'M' 'M' 'M' 'M' 'M' 'U' 'U' 'U' 'U' 'M' 'M' 'M' 'M' 'M' 'M'
 'U' 'M' 'M' 'U' 'M' 'M' 'M' 'M' 'M' 'M' 'M' 'M' 'M' 'M' 'M' 'M' 'M' 'U'
 'M' 'M' 'U' 'M' 'M' 'U' 'U' 'U' 'M' 'M' 'M' 'M' 'M' 'M' 'M' 'M' 'M' 'U'
 'M' 'M' 'M' 'M' 'M' 'U' 'U' 'M' 'M' 'U' 'M' 'M' 'M' 'M' 'M' 'M' 'M' 'U'
 'M' 'M' 'M' 'M' 'M' 'M' 'M' 'M' 'M' 'M' 'M' 'M' 'U' 'M' 'M' 'M' 'M' 'U'
 'U' 'M' 'M' 'M' 'U' 'M' 'M' 'U' 'M' 'U' 'M' 'M' 'M' 'U' 'M' 'M' 'U' 'M'
 'M' 'M' 'U' 'M' 'M' 'M' 'M' 'M' 'M' 'M' 'M' 'U' 'M' 'M' 'M' 'M' 'U' 'M'
 'M' 'M' 'U' 'M' 'M' 'U' 'U' 'M' 'U' 'U' 'M' 'U' 'U' 'M' 'M' 'U' 'M' 'M'
 'M' 'M' 'M' 'U' 'M' 'A' 'M' 'M' 'M' 'M' 'M' 'M' 'M' 'M' 'U' 'M' 'M' 'M'
 'M' 'M' 'A' 'M' 'M' 'M' 'M' 'U' 'U' 'M' 'M' 'M' 'M' 'M' 'M' 'M' 'M' 'M'
 'M' 'U' 'M' 'M' 'M' 'M' 'M' 'M' 'M' 'M' 'M' 'M' 'U' 'U' 'M' 'M' 'M' 'U']"
436401,1,154,2,152,44,0,0,"['A' 'M' 'U' 'M' 'M' 'M' 'M' 'M' 'M' 'U' 'U' 'U' 'M' 'M' 'M' 'M' 'M' 'M'
 'U' 'M' 'M' 'U' 'M' 'M' 'M' 'M' 'M' 'M' 'M' 'M' 'M' 'M' 'M' 'M' 'M' 'U'
 'M' 'M' 'M' 'M' 'M' 'U' 'U' 'U' 'M' 'M' 'M' 'M' 'U' 'M' 'M' 'M' 'M' 'A'
 'M' 'M' 'M' 'M' 'M' 'U' 'U' 'M' 'M' 'M' 'M' 'M' 'M' 'U' 'M' 'M' 'M' 'M'
 'M' 'M' 'M' 'U' 'M' 'M' 'M' 'M' 'M' 'U' 'M' 'M' 'M' 'M' 'M' 'U' 'M' 'M'
 'M' 'M' 'M' 'M' 'U' 'M' 'M' 'U' 'M' 'U' 'M' 'M' 'M' 'U' 'M' 'U' 'U' 'M'
 'M' 'M' 'U' 'M' 'M' 'M' 'M' 'M' 'M' 'M' 'M' 'U' 'M' 'M' 'M' 'M' 'U' 'M'
 'M' 'M' 'U' 'M' 'M' 'U' 'U' 'U' 'U' 'U' 'U' 'U' 'U' 'M' 'M' 'M' 'M' 'M'
 'M' 'M' 'M' 'U' 'M' 'U' 'M' 'M' 'M' 'M' 'M' 'M' 'U' 'M' 'M' 'M' 'M' 'M'
 'M' 'U' 'M' 'M' 'M' 'M' 'M' 'U' 'M' 'M' 'M' 'M' 'M' 'M' 'M' 'M' 'M' 'M'
 'M' 'U' 'M' 'M' 'M' 'M' 'M' 'M' 'M' 'M' 'M' 'M' 'U' 'U' 'M' 'M' 'M' 'U']"
436501,1,157,2,155,41,0,0,"['A' 'M' 'U' 'M' 'U' 'M' 'M' 'M' 'M' 'M' 'U' 'U' 'M' 'M' 'M' 'M' 'M' 'M'
 'U' 'M' 'M' 'U' 'M' 'M' 'M' 'M' 'M' 'M' 'M' 'M' 'M' 'M' 'M' 'M' 'M' 'M'
 'M' 'U' 'M' 'M' 'M' 'U' 'U' 'U' 'M' 'M' 'M' 'M' 'U' 'M' 'M' 'M' 'M' 'A'
 'M' 'M' 'M' 'M' 'M' 'M' 'U' 'M' 'M' 'M' 'M' 'M' 'M' 'M' 'U' 'M' 'M' 'M'
 'M' 'M' 'M' 'M' 'M' 'U' 'M' 'M' 'U' 'M' 'M' 'M' 'M' 'M' 'M' 'U' 'M' 'M'
 'M' 'M' 'M' 'M' 'U' 'M' 'M' 'M' 'M' 'U' 'M' 'M' 'U' 'M' 'M' 'M' 'U' 'M'
 'M' 'M' 'M' 'M' 'M' 'M' 'M' 'M' 'M' 'M' 'M' 'U' 'M' 'M' 'M' 'M' 'U' 'M'
 'M' 'M' 'U' 'M' 'M' 'U' 'U' 'U' 'U' 'U' 'U' 'U' 'M' 'M' 'M' 'M' 'M' 'M'
 'M' 'M' 'M' 'M' 'M' 'U' 'M' 'M' 'M' 'M' 'M' 'U' 'U' 'M' 'U' 'M' 'M' 'M'
 'M' 'M' 'M' 'M' 'M' 'M' 'M' 'U' 'M' 'M' 'M' 'M' 'U' 'M' 'M' 'M' 'M' 'M'
 'M' 'U' 'M' 'U' 'M' 'M' 'M' 'M' 'M' 'U' 'M' 'M' 'U' 'M' 'M' 'M' 'U' 'M']"
436601,0,157,3,154,41,1,0,"['A' 'M' 'U' 'M' 'U' 'M' 'A' 'M' 'M' 'M' 'U' 'U' 'M' 'M' 'M' 'M' 'M' 'M'
 'U' 'M' 'M' 'U' 'M' 'M' 'M' 'M' 'M' 'M' 'M' 'M' 'M' 'U' 'M' 'M' 'M' 'U'
 'M' 'U' 'M' 'M' 'M' 'U' 'U' 'U' 'M' 'M' 'M' 'M' 'U' 'M' 'M' 'M' 'M' 'A'
 'M' 'U' 'M' 'M' 'M' 'M' 'M' 'M' 'M' 'M' 'M' 'M' 'M' 'U' 'M' 'M' 'M' 'M'
 'M' 'U' 'U' 'U' 'M' 'M' 'M' 'M' 'M' 'M' 'M' 'M' 'M' 'M' 'M' 'M' 'M' 'M'
 'M' 'M' 'M' 'U' 'M' 'M' 'M' 'U' 'M' 'U' 'M' 'M' 'U' 'M' 'M' 'M' 'U' 'M'
 'M' 'M' 'M' 'M' 'M' 'M' 'M' 'M' 'M' 'M' 'U' 'U' 'U' 'M' 'M' 'M' 'U' 'M'
 'M' 'M' 'U' 'M' 'M' 'U' 'U' 'U' 'U' 'U' 'U' 'U' 'M' 'M' 'M' 'M' 'M' 'M'
 'M' 'M' 'M' 'M' 'M' 'U' 'M' 'M' 'M' 'M' 'M' 'M' 'U' 'M' 'U' 'M' 'M' 'M'
 'M' 'M' 'M' 'M' 'M' 'M' 'M' 'U' 'M' 'M' 'M' 'M' 'M' 'M' 'M' 'M' 'M' 'M'
 'M' 'M' 'M' 'M' 'M' 'M' 'M' 'M' 'M' 'U' 'M' 'M' 'U' 'M' 'M' 'M' 'M' 'M']"
436701,0,161,4,157,37,1,0,"['A' 'M' 'M' 'M' 'U' 'M' 'A' 'M' 'M' 'U' 'M' 'U' 'M' 'M' 'M' 'U' 'M' 'M'
 'U' 'M' 'M' 'U' 'M' 'M' 'M' 'U' 'M' 'M' 'M' 'M' 'M' 'M' 'M' 'M' 'M' 'M'
 'M' 'U' 'M' 'M' 'M' 'M' 'U' 'U' 'M' 'M' 'M' 'M' 'U' 'M' 'M' 'M' 'M' 'A'
 'M' 'M' 'M' 'M' 'M' 'M' 'M' 'M' 'M' 'M' 'M' 'M' 'M' 'M' 'M' 'M' 'U' 'M'
 'M' 'M' 'M' 'M' 'M' 'U' 'M' 'U' 'M' 'M' 'M' 'M' 'M' 'M' 'U' 'M' 'M' 'M'
 'M' 'M' 'M' 'M' 'U' 'M' 'M' 'U' 'M' 'U' 'M' 'M' 'U' 'M' 'M' 'M' 'M' 'M'
 'M' 'M' 'M' 'M' 'M' 'M' 'M' 'M' 'M' 'M' 'U' 'U' 'U' 'M' 'M' 'M' 'M' 'M'
 'M' 'M' 'M' 'M' 'M' 'U' 'U' 'U' 'U' 'U' 'U' 'U' 'U' 'M' 'M' 'U' 'M' 'M'
 'M' 'M' 'M' 'M' 'U' 'M' 'M' 'M' 'M' 'M' 'M' 'M' 'M' 'M' 'U' 'M' 'M' 'U'
 'M' 'M' 'U' 'M' 'M' 'M' 'M' 'A' 'M' 'M' 'M' 'M' 'M' 'M' 'M' 'M' 'M' 'M'
 'M' 'M' 'M' 'M' 'M' 'M' 'M' 'M' 'M' 'U' 'M' 'M' 'M' 'M' 'M' 'U' 'M' 'M']"
436801,0,163,3,160,35,0,0,"['A' 'M' 'M' 'M' 'M' 'M' 'U' 'M' 'M' 'U' 'M' 'U' 'M' 'M' 'M' 'M' 'M' 'U'
 'U' 'M' 'M' 'U' 'M' 'M' 'M' 'U' 'M' 'M' 'M' 'M' 'M' 'M' 'M' 'M' 'M' 'M'
 'M' 'M' 'M' 'M' 'M' 'M' 'U' 'U' 'M' 'M' 'M' 'M' 'U' 'M' 'U' 'M' 'M' 'A'
 'M' 'M' 'U' 'M' 'M' 'M' 'U' 'M' 'M' 'M' 'M' 'M' 'M' 'M' 'M' 'M' 'M' 'M'
 'M' 'U' 'M' 'M' 'M' 'M' 'M' 'M' 'U' 'M' 'M' 'M' 'M' 'M' 'M' 'U' 'M' 'M'
 'U' 'M' 'U' 'M' 'M' 'M' 'M' 'M' 'M' 'M' 'M' 'M' 'M' 'M' 'M' 'M' 'M' 'M'
 'M' 'M' 'M' 'M' 'M' 'M' 'M' 'M' 'M' 'M' 'U' 'U' 'M' 'U' 'M' 'U' 'M' 'M'
 'M' 'M' 'M' 'M' 'M' 'M' 'M' 'U' 'U' 'U' 'U' 'U' 'U' 'M' 'M' 'U' 'M' 'M'
 'M' 'M' 'M' 'M' 'U' 'M' 'M' 'M' 'M' 'M' 'M' 'M' 'M' 'M' 'U' 'M' 'M' 'U'
 'M' 'M' 'U' 'M' 'M' 'M' 'M' 'A' 'M' 'M' 'M' 'M' 'M' 'M' 'M' 'M' 'U' 'M'
 'M' 'M' 'M' 'U' 'M' 'M' 'M' 'M' 'M' 'M' 'M' 'M' 'M' 'M' 'M' 'M' 'M' 'M']"
436901,0,164,3,161,34,0,0,"['A' 'M' 'M' 'M' 'M' 'M' 'U' 'M' 'M' 'U' 'M' 'U' 'M' 'M' 'M' 'M' 'M' 'M'
 'M' 'M' 'M' 'M' 'M' 'M' 'M' 'U' 'M' 'M' 'M' 'M' 'M' 'M' 'M' 'M' 'M' 'M'
 'M' 'M' 'M' 'M' 'M' 'M' 'U' 'M' 'M' 'M' 'M' 'M' 'U' 'M' 'U' 'M' 'M' 'A'
 'M' 'M' 'U' 'M' 'M' 'M' 'U' 'M' 'M' 'M' 'M' 'M' 'M' 'M' 'M' 'U' 'U' 'M'
 'M' 'M' 'M' 'M' 'M' 'M' 'M' 'M' 'M' 'M' 'U' 'U' 'M' 'U' 'M' 'M' 'M' 'M'
 'M' 'M' 'M' 'M' 'M' 'M' 'M' 'M' 'M' 'M' 'M' 'M' 'U' 'M' 'M' 'M' 'M' 'M'
 'M' 'M' 'U' 'M' 'M' 'M' 'M' 'M' 'M' 'M' 'U' 'U' 'M' 'U' 'M' 'U' 'M' 'M'
 'M' 'M' 'M' 'M' 'M' 'M' 'M' 'U' 'U' 'U' 'U' 'U' 'U' 'M' 'M' 'U' 'M' 'M'
 'M' 'M' 'M' 'M' 'M' 'M' 'U' 'M' 'M' 'M' 'M' 'M' 'M' 'M' 'M' 'M' 'M' 'M'
 'M' 'M' 'U' 'M' 'M' 'M' 'M' 'A' 'M' 'M' 'M' 'M' 'M' 'M' 'M' 'M' 'U' 'M'
 'M' 'M' 'U' 'U' 'M' 'M' 'M' 'M' 'M' 'M' 'U' 'M' 'M' 'U' 'M' 'M' 'M' 'M']"
437001,0,165,3,162,33,0,1,"['A' 'M' 'M' 'M' 'M' 'M' 'U' 'M' 'M' 'U' 'M' 'U' 'U' 'M' 'M' 'M' 'M' 'M'
 'M' 'M' 'M' 'M' 'M' 'M' 'M' 'U' 'M' 'M' 'M' 'M' 'M' 'M' 'M' 'M' 'M' 'M'
 'M' 'M' 'M' 'M' 'M' 'M' 'M' 'M' 'M' 'M' 'M' 'M' 'U' 'M' 'M' 'M' 'M' 'A'
 'M' 'M' 'M' 'M' 'M' 'U' 'U' 'M' 'M' 'M' 'U' 'M' 'M' 'M' 'M' 'M' 'M' 'M'
 'U' 'U' 'M' 'U' 'U' 'M' 'M' 'M' 'M' 'M' 'M' 'M' 'M' 'U' 'M' 'M' 'M' 'M'
 'M' 'M' 'M' 'M' 'M' 'M' 'M' 'M' 'U' 'M' 'M' 'M' 'U' 'U' 'M' 'M' 'M' 'M'
 'M' 'M' 'U' 'M' 'M' 'M' 'M' 'M' 'M' 'M' 'U' 'U' 'U' 'M' 'M' 'M' 'M' 'M'
 'M' 'M' 'M' 'M' 'M' 'M' 'M' 'U' 'M' 'M' 'M' 'U' 'U' 'M' 'M' 'M' 'M' 'M'
 'M' 'M' 'M' 'M' 'M' 'M' 'U' 'M' 'M' 'M' 'U' 'M' 'M' 'M' 'M' 'M' 'M' 'M'
 'M' 'M' 'U' 'M' 'M' 'M' 'M' 'A' 'M' 'M' 'M' 'M' 'M' 'M' 'M' 'M' 'M' 'M'
 'U' 'M' 'U' 'M' 'M' 'M' 'U' 'M' 'U' 'M' 'U' 'M' 'M' 'U' 'M' 'M' 'M' 'M']"
437101,0,157,2,155,41,0,0,"['A' 'M' 'M' 'M' 'M' 'M' 'U' 'M' 'M' 'U' 'M' 'U' 'U' 'M' 'M' 'M' 'M' 'M'
 'M' 'U' 'M' 'M' 'M' 'M' 'M' 'U' 'M' 'M' 'M' 'M' 'M' 'M' 'U' 'M' 'U' 'M'
 'M' 'M' 'U' 'M' 'M' 'M' 'M' 'M' 'M' 'U' 'M' 'M' 'U' 'M' 'M' 'M' 'M' 'U'
 'M' 'U' 'M' 'M' 'M' 'U' 'M' 'M' 'M' 'M' 'M' 'M' 'M' 'U' 'M' 'M' 'M' 'M'
 'M' 'U' 'M' 'M' 'M' 'M' 'U' 'M' 'M' 'M' 'M' 'U' 'U' 'M' 'M' 'M' 'M' 'M'
 'M' 'M' 'M' 'M' 'M' 'M' 'M' 'M' 'A' 'M' 'M' 'M' 'U' 'U' 'M' 'M' 'M' 'M'
 'M' 'M' 'U' 'M' 'M' 'M' 'M' 'M' 'M' 'M' 'U' 'U' 'U' 'U' 'M' 'M' 'M' 'M'
 'M' 'M' 'M' 'M' 'M' 'M' 'M' 'U' 'M' 'M' 'M' 'U' 'U' 'M' 'M' 'M' 'M' 'M'
 'M' 'M' 'M' 'M' 'M' 'M' 'U' 'M' 'M' 'M' 'U' 'M' 'M' 'M' 'M' 'M' 'M' 'M'
 'M' 'M' 'U' 'M' 'M' 'M' 'M' 'U' 'M' 'M' 'M' 'M' 'M' 'M' 'M' 'M' 'M' 'M'
 'U' 'M' 'U' 'M' 'M' 'M' 'U' 'U' 'U' 'M' 'U' 'M' 'M' 'U' 'M' 'U' 'M' 'M']"
437201,0,159,2,157,39,0,0,"['A' 'M' 'M' 'M' 'U' 'M' 'M' 'M' 'M' 'U' 'U' 'U' 'U' 'M' 'M' 'U' 'M' 'M'
 'M' 'U' 'M' 'M' 'M' 'M' 'M' 'U' 'M' 'M' 'M' 'M' 'U' 'M' 'U' 'M' 'U' 'M'
 'M' 'M' 'M' 'M' 'M' 'M' 'M' 'M' 'M' 'U' 'M' 'M' 'U' 'U' 'U' 'M' 'M' 'U'
 'M' 'U' 'M' 'M' 'M' 'U' 'M' 'M' 'M' 'M' 'M' 'M' 'M' 'M' 'M' 'M' 'U' 'U'
 'M' 'M' 'M' 'M' 'M' 'U' 'M' 'M' 'M' 'M' 'M' 'M' 'M' 'U' 'M' 'M' 'M' 'M'
 'M' 'M' 'U' 'M' 'M' 'M' 'M' 'M' 'A' 'M' 'M' 'M' 'M' 'U' 'M' 'M' 'M' 'M'
 'M' 'M' 'U' 'M' 'M' 'M' 'M' 'M' 'M' 'M' 'U' 'U' 'M' 'U' 'M' 'M' 'M' 'M'
 'M' 'M' 'M' 'M' 'M' 'M' 'M' 'M' 'M' 'M' 'M' 'M' 'M' 'M' 'M' 'M' 'M' 'M'
 'M' 'M' 'M' 'M' 'M' 'M' 'U' 'M' 'M' 'M' 'U' 'M' 'M' 'M' 'M' 'M' 'M' 'M'
 'M' 'M' 'U' 'M' 'M' 'M' 'M' 'U' 'M' 'M' 'M' 'M' 'M' 'M' 'M' 'M' 'M' 'M'
 'U' 'M' 'U' 'M' 'M' 'M' 'U' 'M' 'U' 'M' 'U' 'M' 'M' 'U' 'M' 'U' 'M' 'M']"
437301,0,157,4,153,41,0,0,"['A' 'U' 'M' 'M' 'U' 'M' 'M' 'M' 'M' 'U' 'U' 'U' 'U' 'M' 'M' 'U' 'M' 'M'
 'M' 'U' 'U' 'M' 'U' 'M' 'M' 'U' 'M' 'U' 'M' 'M' 'M' 'M' 'U' 'M' 'U' 'M'
 'M' 'M' 'M' 'M' 'M' 'M' 'M' 'M' 'M' 'U' 'M' 'M' 'U' 'U' 'M' 'U' 'M' 'U'
 'M' 'U' 'M' 'M' 'M' 'M' 'M' 'M' 'M' 'M' 'M' 'M' 'M' 'U' 'M' 'M' 'M' 'U'
 'M' 'M' 'M' 'M' 'M' 'M' 'M' 'M' 'M' 'M' 'M' 'M' 'M' 'M' 'U' 'M' 'U' 'M'
 'M' 'M' 'M' 'U' 'M' 'M' 'M' 'M' 'A' 'M' 'M' 'M' 'M' 'U' 'M' 'M' 'M' 'M'
 'M' 'M' 'U' 'M' 'M' 'M' 'M' 'M' 'M' 'M' 'U' 'U' 'M' 'U' 'M' 'M' 'M' 'M'
 'A' 'U' 'M' 'M' 'M' 'M' 'M' 'M' 'M' 'M' 'M' 'M' 'M' 'M' 'M' 'M' 'M' 'M'
 'U' 'M' 'U' 'M' 'M' 'M' 'U' 'M' 'M' 'M' 'U' 'M' 'M' 'M' 'M' 'M' 'M' 'M'
 'M' 'M' 'A' 'M' 'M' 'M' 'M' 'M' 'M' 'M' 'M' 'M' 'M' 'M' 'M' 'M' 'M' 'M'
 'U' 'M' 'U' 'M' 'M' 'M' 'U' 'M' 'M' 'M' 'U' 'M' 'M' 'U' 'M' 'U' 'M' 'M']"
437401,0,157,3,154,41,0,0,"['A' 'U' 'M' 'M' 'U' 'M' 'M' 'M' 'M' 'M' 'M' 'M' 'M' 'M' 'M' 'M' 'M' 'M'
 'M' 'M' 'A' 'M' 'U' 'M' 'M' 'M' 'M' 'U' 'M' 'M' 'M' 'M' 'M' 'M' 'U' 'M'
 'U' 'M' 'M' 'M' 'M' 'M' 'M' 'M' 'M' 'U' 'M' 'M' 'M' 'M' 'M' 'U' 'M' 'U'
 'M' 'U' 'M' 'M' 'M' 'M' 'M' 'M' 'M' 'M' 'M' 'M' 'M' 'M' 'M' 'M' 'M' 'M'
 'M' 'M' 'M' 'M' 'M' 'M' 'M' 'M' 'M' 'U' 'M' 'M' 'M' 'M' 'M' 'M' 'M' 'U'
 'U' 'U' 'M' 'M' 'U' 'M' 'M' 'M' 'U' 'U' 'M' 'M' 'M' 'A' 'M' 'M' 'M' 'M'
 'M' 'M' 'M' 'U' 'M' 'M' 'M' 'M' 'M' 'M' 'U' 'U' 'M' 'U' 'M' 'M' 'M' 'M'
 'U' 'U' 'M' 'M' 'M' 'U' 'U' 'U' 'U' 'U' 'U' 'U' 'M' 'M' 'M' 'M' 'M' 'M'
 'M' 'M' 'M' 'M' 'M' 'M' 'U' 'M' 'M' 'M' 'U' 'M' 'M' 'M' 'M' 'U' 'M' 'M'
 'M' 'M' 'U' 'M' 'M' 'M' 'M' 'M' 'M' 'M' 'U' 'M' 'M' 'M' 'U' 'M' 'M' 'U'
 'M' 'M' 'U' 'M' 'M' 'M' 'M' 'M' 'M' 'M' 'U' 'M' 'M' 'U' 'M' 'U' 'M' 'M']"
437501,0,155,4,151,43,0,0,"['A' 'U' 'M' 'M' 'M' 'M' 'M' 'M' 'M' 'M' 'U' 'M' 'M' 'M' 'U' 'M' 'A' 'M'
 'M' 'M' 'U' 'M' 'U' 'M' 'M' 'M' 'M' 'U' 'M' 'M' 'M' 'M' 'M' 'M' 'M' 'M'
 'U' 'M' 'M' 'M' 'M' 'M' 'M' 'M' 'M' 'U' 'M' 'M' 'M' 'M' 'M' 'M' 'M' 'U'
 'M' 'U' 'M' 'M' 'M' 'M' 'M' 'M' 'M' 'M' 'M' 'U' 'M' 'U' 'M' 'M' 'M' 'M'
 'M' 'M' 'M' 'M' 'M' 'M' 'M' 'U' 'M' 'U' 'M' 'M' 'M' 'M' 'M' 'M' 'U' 'M'
 'M' 'M' 'M' 'M' 'M' 'U' 'M' 'M' 'U' 'U' 'M' 'M' 'M' 'A' 'M' 'M' 'M' 'M'
 'M' 'U' 'M' 'M' 'M' 'M' 'M' 'M' 'M' 'M' 'U' 'U' 'M' 'A' 'M' 'M' 'M' 'M'
 'U' 'U' 'M' 'U' 'M' 'M' 'U' 'U' 'U' 'U' 'U' 'U' 'U' 'M' 'M' 'M' 'M' 'U'
 'M' 'M' 'M' 'M' 'M' 'M' 'U' 'M' 'M' 'M' 'U' 'M' 'M' 'M' 'M' 'U' 'M' 'M'
 'M' 'M' 'M' 'M' 'M' 'M' 'M' 'M' 'M' 'M' 'U' 'M' 'M' 'U' 'U' 'M' 'U' 'U'
 'M' 'M' 'U' 'M' 'M' 'M' 'M' 'M' 'M' 'M' 'U' 'M' 'M' 'M' 'M' 'U' 'M' 'M']"
437601,0,150,4,146,48,1,0,"['A' 'U' 'M' 'M' 'M' 'M' 'M' 'U' 'M' 'M' 'U' 'M' 'U' 'M' 'U' 'M' 'A' 'M'
 'M' 'M' 'U' 'M' 'U' 'U' 'M' 'M' 'M' 'M' 'U' 'M' 'M' 'M' 'M' 'U' 'M' 'M'
 'M' 'M' 'U' 'M' 'M' 'M' 'M' 'M' 'M' 'U' 'M' 'M' 'M' 'M' 'M' 'M' 'M' 'U'
 'M' 'U' 'M' 'M' 'M' 'M' 'M' 'M' 'M' 'M' 'M' 'M' 'M' 'M' 'M' 'M' 'M' 'M'
 'M' 'M' 'M' 'U' 'M' 'M' 'M' 'M' 'M' 'M' 'M' 'M' 'M' 'U' 'U' 'M' 'M' 'U'
 'M' 'M' 'U' 'M' 'M' 'U' 'M' 'M' 'U' 'M' 'U' 'M' 'M' 'A' 'M' 'M' 'M' 'M'
 'U' 'U' 'M' 'U' 'M' 'M' 'M' 'M' 'M' 'M' 'M' 'U' 'M' 'A' 'M' 'M' 'M' 'M'
 'M' 'U' 'M' 'U' 'M' 'M' 'U' 'U' 'U' 'U' 'U' 'U' 'U' 'M' 'M' 'M' 'M' 'U'
 'M' 'U' 'M' 'M' 'M' 'M' 'U' 'M' 'M' 'M' 'U' 'M' 'M' 'M' 'M' 'U' 'M' 'M'
 'M' 'M' 'M' 'M' 'M' 'M' 'M' 'M' 'M' 'M' 'U' 'M' 'M' 'U' 'U' 'M' 'U' 'U'
 'M' 'M' 'U' 'M' 'M' 'M' 'M' 'M' 'M' 'M' 'U' 'M' 'M' 'M' 'M' 'U' 'M' 'M']"
437701,0,153,6,147,45,1,0,"['A' 'U' 'M' 'M' 'M' 'M' 'M' 'U' 'M' 'M' 'M' 'M' 'M' 'M' 'U' 'U' 'A' 'M'
 'M' 'M' 'M' 'M' 'U' 'U' 'M' 'U' 'M' 'M' 'M' 'M' 'M' 'M' 'M' 'M' 'M' 'M'
 'M' 'M' 'U' 'M' 'M' 'M' 'M' 'M' 'M' 'U' 'M' 'M' 'M' 'M' 'M' 'M' 'M' 'U'
 'U' 'U' 'M' 'M' 'M' 'M' 'M' 'U' 'M' 'M' 'M' 'M' 'M' 'U' 'M' 'M' 'M' 'M'
 'M' 'M' 'M' 'M' 'M' 'M' 'M' 'M' 'M' 'M' 'U' 'U' 'M' 'U' 'M' 'M' 'M' 'M'
 'U' 'M' 'M' 'M' 'M' 'M' 'M' 'M' 'M' 'U' 'U' 'M' 'M' 'A' 'M' 'M' 'M' 'M'
 'U' 'M' 'M' 'U' 'M' 'M' 'M' 'M' 'M' 'M' 'M' 'U' 'M' 'A' 'M' 'M' 'M' 'M'
 'M' 'M' 'M' 'U' 'M' 'U' 'U' 'U' 'U' 'U' 'U' 'U' 'U' 'M' 'M' 'M' 'M' 'A'
 'M' 'U' 'M' 'M' 'M' 'M' 'U' 'M' 'M' 'M' 'U' 'M' 'M' 'M' 'U' 'M' 'M' 'M'
 'M' 'U' 'M' 'M' 'M' 'M' 'M' 'U' 'M' 'M' 'M' 'M' 'M' 'A' 'U' 'M' 'U' 'U'
 'M' 'M' 'U' 'U' 'M' 'M' 'M' 'M' 'M' 'M' 'U' 'M' 'M' 'M' 'M' 'U' 'M' 'M']"
437801,0,153,7,146,45,0,0,"['A' 'U' 'U' 'M' 'M' 'M' 'M' 'U' 'M' 'M' 'M' 'M' 'M' 'M' 'U' 'U' 'A' 'M'
 'M' 'M' 'M' 'U' 'U' 'U' 'M' 'U' 'M' 'M' 'M' 'M' 'M' 'M' 'M' 'M' 'M' 'M'
 'M' 'M' 'A' 'M' 'M' 'M' 'M' 'M' 'M' 'U' 'M' 'U' 'M' 'M' 'M' 'U' 'M' 'U'
 'U' 'M' 'M' 'M' 'U' 'U' 'M' 'U' 'M' 'U' 'M' 'M' 'M' 'M' 'U' 'M' 'M' 'M'
 'M' 'U' 'M' 'M' 'M' 'M' 'M' 'M' 'M' 'M' 'M' 'M' 'M' 'M' 'M' 'U' 'M' 'U'
 'M' 'M' 'M' 'U' 'M' 'M' 'U' 'M' 'M' 'U' 'M' 'M' 'M' 'A' 'M' 'M' 'M' 'M'
 'U' 'M' 'M' 'U' 'M' 'M' 'M' 'M' 'M' 'M' 'M' 'A' 'M' 'M' 'U' 'M' 'M' 'M'
 'M' 'M' 'M' 'U' 'M' 'U' 'M' 'M' 'U' 'M' 'U' 'U' 'U' 'M' 'M' 'M' 'M' 'A'
 'M' 'U' 'M' 'M' 'M' 'M' 'M' 'M' 'M' 'M' 'U' 'M' 'M' 'M' 'U' 'M' 'M' 'M'
 'M' 'U' 'M' 'M' 'M' 'M' 'M' 'U' 'M' 'M' 'M' 'M' 'M' 'A' 'M' 'M' 'U' 'U'
 'U' 'M' 'U' 'M' 'M' 'M' 'M' 'M' 'M' 'U' 'M' 'M' 'M' 'M' 'M' 'U' 'M' 'M']"
437901,0,154,7,147,44,0,1,"['A' 'A' 'U' 'M' 'M' 'M' 'M' 'M' 'M' 'M' 'M' 'M' 'M' 'M' 'U' 'U' 'A' 'M'
 'M' 'M' 'M' 'M' 'U' 'U' 'M' 'U' 'M' 'M' 'M' 'M' 'M' 'M' 'M' 'M' 'M' 'M'
 'M' 'M' 'A' 'M' 'M' 'M' 'M' 'M' 'M' 'U' 'M' 'U' 'M' 'M' 'M' 'M' 'M' 'U'
 'U' 'M' 'M' 'M' 'U' 'U' 'M' 'U' 'M' 'U' 'M' 'M' 'M' 'M' 'M' 'M' 'M' 'U'
 'M' 'M' 'M' 'M' 'M' 'M' 'U' 'M' 'M' 'M' 'M' 'M' 'M' 'U' 'M' 'M' 'M' 'M'
 'M' 'U' 'U' 'M' 'M' 'M' 'M' 'M' 'M' 'M' 'M' 'M' 'U' 'U' 'M' 'M' 'M' 'M'
 'U' 'M' 'M' 'M' 'M' 'M' 'M' 'M' 'M' 'M' 'M' 'A' 'M' 'U' 'U' 'M' 'M' 'M'
 'M' 'M' 'M' 'U' 'M' 'U' 'U' 'M' 'U' 'U' 'U' 'U' 'U' 'M' 'M' 'M' 'M' 'A'
 'M' 'U' 'M' 'M' 'M' 'M' 'M' 'M' 'M' 'M' 'U' 'M' 'M' 'M' 'M' 'M' 'M' 'M'
 'M' 'M' 'M' 'U' 'M' 'M' 'M' 'U' 'M' 'M' 'M' 'M' 'M' 'A' 'M' 'U' 'U' 'U'
 'U' 'U' 'M' 'M' 'M' 'M' 'M' 'M' 'M' 'U' 'M' 'M' 'M' 'U' 'M' 'M' 'M' 'U']"
438001,0,162,6,156,36,0,0,"['A' 'A' 'U' 'M' 'M' 'M' 'M' 'M' 'M' 'M' 'M' 'M' 'M' 'M' 'M' 'M' 'A' 'M'
 'M' 'M' 'M' 'M' 'U' 'U' 'M' 'U' 'M' 'M' 'M' 'M' 'M' 'M' 'M' 'M' 'M' 'M'
 'M' 'M' 'M' 'M' 'M' 'M' 'U' 'M' 'M' 'U' 'M' 'M' 'M' 'M' 'M' 'M' 'M' 'U'
 'U' 'M' 'U' 'M' 'M' 'M' 'M' 'U' 'M' 'M' 'M' 'M' 'M' 'M' 'M' 'U' 'M' 'U'
 'U' 'M' 'U' 'M' 'M' 'M' 'M' 'M' 'M' 'M' 'M' 'M' 'M' 'M' 'M' 'M' 'M' 'U'
 'M' 'M' 'M' 'M' 'M' 'M' 'M' 'U' 'M' 'M' 'M' 'M' 'U' 'U' 'M' 'M' 'M' 'M'
 'U' 'M' 'M' 'M' 'M' 'M' 'M' 'A' 'M' 'M' 'M' 'A' 'M' 'U' 'M' 'M' 'M' 'M'
 'M' 'M' 'U' 'M' 'M' 'U' 'U' 'M' 'M' 'M' 'M' 'U' 'U' 'M' 'M' 'M' 'M' 'A'
 'M' 'U' 'M' 'M' 'M' 'M' 'M' 'M' 'M' 'M' 'M' 'M' 'M' 'M' 'M' 'M' 'U' 'M'
 'M' 'M' 'M' 'U' 'M' 'M' 'M' 'M' 'M' 'M' 'M' 'M' 'M' 'U' 'M' 'M' 'U' 'U'
 'M' 'U' 'M' 'M' 'M' 'M' 'U' 'M' 'M' 'U' 'M' 'M' 'M' 'U' 'M' 'M' 'M' 'U']"
438101,1,154,6,148,44,0,0,"['A' 'A' 'U' 'M' 'M' 'U' 'M' 'M' 'M' 'M' 'M' 'M' 'M' 'U' 'M' 'M' 'U' 'M'
 'M' 'U' 'M' 'M' 'M' 'U' 'M' 'M' 'M' 'M' 'M' 'M' 'M' 'M' 'M' 'M' 'M' 'M'
 'M' 'M' 'M' 'M' 'M' 'M' 'U' 'U' 'M' 'U' 'M' 'M' 'M' 'M' 'M' 'M' 'M' 'U'
 'U' 'U' 'A' 'M' 'M' 'M' 'M' 'U' 'M' 'M' 'M' 'M' 'M' 'M' 'M' 'M' 'M' 'M'
 'M' 'M' 'U' 'M' 'M' 'M' 'U' 'M' 'U' 'M' 'M' 'M' 'U' 'M' 'U' 'M' 'M' 'M'
 'M' 'M' 'M' 'M' 'M' 'M' 'M' 'U' 'M' 'M' 'M' 'M' 'U' 'U' 'M' 'M' 'M' 'M'
 'U' 'U' 'M' 'M' 'M' 'M' 'M' 'A' 'M' 'M' 'U' 'A' 'M' 'U' 'M' 'M' 'M' 'M'
 'M' 'M' 'M' 'M' 'M' 'U' 'U' 'U' 'U' 'M' 'U' 'U' 'U' 'M' 'M' 'M' 'M' 'A'
 'M' 'M' 'M' 'M' 'M' 'M' 'M' 'M' 'M' 'M' 'M' 'M' 'M' 'M' 'M' 'M' 'U' 'M'
 'M' 'U' 'M' 'U' 'M' 'M' 'M' 'M' 'M' 'M' 'M' 'M' 'M' 'U' 'M' 'M' 'U' 'U'
 'M' 'U' 'M' 'M' 'M' 'M' 'U' 'M' 'M' 'U' 'M' 'U' 'M' 'U' 'M' 'M' 'M' 'U']"
438201,2,153,5,148,45,0,0,"['A' 'A' 'U' 'M' 'M' 'U' 'M' 'M' 'M' 'M' 'M' 'M' 'M' 'U' 'M' 'M' 'U' 'M'
 'M' 'U' 'M' 'M' 'M' 'U' 'M' 'M' 'M' 'M' 'M' 'M' 'M' 'M' 'M' 'M' 'M' 'M'
 'M' 'M' 'M' 'M' 'M' 'M' 'U' 'U' 'M' 'U' 'M' 'M' 'M' 'M' 'M' 'M' 'M' 'U'
 'U' 'U' 'A' 'M' 'M' 'M' 'M' 'U' 'M' 'M' 'M' 'M' 'M' 'M' 'M' 'U' 'M' 'M'
 'M' 'M' 'M' 'M' 'M' 'M' 'U' 'M' 'U' 'U' 'M' 'M' 'M' 'M' 'M' 'M' 'M' 'M'
 'M' 'M' 'U' 'M' 'M' 'M' 'M' 'U' 'M' 'M' 'M' 'M' 'U' 'U' 'M' 'M' 'M' 'M'
 'U' 'U' 'M' 'M' 'M' 'M' 'M' 'U' 'M' 'M' 'U' 'U' 'M' 'U' 'M' 'M' 'M' 'M'
 'M' 'M' 'M' 'M' 'M' 'U' 'U' 'U' 'U' 'U' 'U' 'U' 'U' 'M' 'M' 'M' 'M' 'A'
 'M' 'M' 'M' 'M' 'M' 'M' 'M' 'M' 'M' 'M' 'M' 'M' 'M' 'M' 'U' 'M' 'U' 'M'
 'M' 'U' 'M' 'U' 'U' 'M' 'M' 'M' 'M' 'M' 'M' 'M' 'M' 'M' 'M' 'M' 'U' 'M'
 'M' 'U' 'M' 'M' 'M' 'M' 'M' 'M' 'M' 'U' 'M' 'A' 'M' 'U' 'M' 'M' 'M' 'U']"
438301,0,153,8,145,45,0,0,"['A' 'A' 'M' 'M' 'M' 'U' 'U' 'M' 'M' 'M' 'M' 'M' 'M' 'U' 'M' 'M' 'U' 'U'
 'M' 'A' 'M' 'M' 'M' 'U' 'M' 'M' 'U' 'M' 'M' 'M' 'M' 'M' 'M' 'M' 'M' 'M'
 'M' 'M' 'M' 'M' 'M' 'U' 'M' 'U' 'M' 'A' 'M' 'M' 'M' 'M' 'M' 'M' 'M' 'U'
 'U' 'U' 'A' 'U' 'U' 'M' 'M' 'U' 'M' 'M' 'M' 'U' 'M' 'M' 'M' 'M' 'U' 'M'
 'M' 'M' 'M' 'M' 'M' 'M' 'U' 'M' 'M' 'M' 'M' 'M' 'U' 'M' 'U' 'M' 'M' 'M'
 'M' 'M' 'M' 'M' 'M' 'M' 'M' 'U' 'M' 'M' 'M' 'M' 'U' 'U' 'M' 'M' 'M' 'M'
 'U' 'U' 'M' 'M' 'M' 'M' 'M' 'M' 'M' 'M' 'M' 'U' 'M' 'U' 'M' 'M' 'M' 'M'
 'M' 'M' 'M' 'M' 'M' 'U' 'U' 'M' 'U' 'U' 'U' 'M' 'M' 'M' 'M' 'M' 'M' 'A'
 'M' 'M' 'M' 'M' 'M' 'M' 'M' 'M' 'M' 'M' 'M' 'M' 'M' 'M' 'U' 'U' 'U' 'M'
 'M' 'U' 'M' 'U' 'M' 'M' 'M' 'M' 'M' 'M' 'M' 'M' 'M' 'U' 'M' 'M' 'U' 'M'
 'U' 'U' 'U' 'M' 'M' 'M' 'M' 'M' 'M' 'A' 'U' 'A' 'M' 'U' 'M' 'M' 'M' 'U']"
438401,0,152,6,146,46,0,0,"['A' 'U' 'M' 'M' 'M' 'U' 'U' 'M' 'M' 'M' 'M' 'M' 'M' 'U' 'U' 'M' 'U' 'U'
 'M' 'A' 'M' 'M' 'M' 'M' 'M' 'M' 'U' 'M' 'M' 'M' 'M' 'M' 'M' 'M' 'M' 'M'
 'M' 'M' 'M' 'M' 'M' 'M' 'M' 'U' 'M' 'A' 'M' 'M' 'M' 'M' 'M' 'M' 'M' 'U'
 'U' 'U' 'A' 'U' 'U' 'M' 'M' 'U' 'M' 'U' 'M' 'U' 'M' 'M' 'M' 'M' 'M' 'M'
 'M' 'M' 'M' 'M' 'M' 'M' 'U' 'M' 'M' 'M' 'M' 'M' 'M' 'U' 'M' 'U' 'M' 'M'
 'M' 'U' 'M' 'M' 'M' 'M' 'M' 'U' 'M' 'M' 'U' 'M' 'U' 'U' 'M' 'M' 'M' 'U'
 'U' 'M' 'M' 'M' 'M' 'M' 'M' 'M' 'M' 'M' 'M' 'U' 'M' 'U' 'M' 'M' 'M' 'M'
 'M' 'M' 'M' 'M' 'M' 'M' 'M' 'M' 'M' 'U' 'U' 'M' 'M' 'M' 'U' 'M' 'M' 'U'
 'M' 'M' 'M' 'M' 'M' 'M' 'M' 'M' 'M' 'U' 'M' 'M' 'M' 'M' 'U' 'U' 'U' 'M'
 'M' 'U' 'M' 'U' 'M' 'M' 'M' 'M' 'M' 'U' 'M' 'A' 'M' 'U' 'M' 'M' 'U' 'M'
 'M' 'U' 'M' 'M' 'M' 'M' 'M' 'M' 'M' 'A' 'U' 'U' 'M' 'U' 'M' 'M' 'M' 'M']"
438501,0,156,5,151,42,0,0,"['A' 'M' 'M' 'M' 'M' 'M' 'U' 'M' 'M' 'M' 'U' 'M' 'M' 'U' 'U' 'M' 'M' 'U'
 'M' 'A' 'M' 'M' 'M' 'M' 'M' 'M' 'M' 'M' 'M' 'M' 'M' 'M' 'M' 'M' 'M' 'M'
 'M' 'M' 'M' 'M' 'M' 'M' 'M' 'U' 'M' 'A' 'M' 'M' 'M' 'M' 'M' 'M' 'M' 'U'
 'M' 'M' 'U' 'U' 'U' 'M' 'M' 'U' 'M' 'U' 'M' 'U' 'M' 'M' 'M' 'M' 'M' 'U'
 'M' 'M' 'M' 'U' 'M' 'M' 'U' 'M' 'M' 'M' 'M' 'M' 'M' 'U' 'M' 'M' 'M' 'M'
 'M' 'M' 'M' 'M' 'M' 'M' 'M' 'U' 'M' 'M' 'U' 'M' 'U' 'U' 'M' 'M' 'M' 'M'
 'U' 'M' 'M' 'M' 'M' 'U' 'M' 'M' 'M' 'M' 'M' 'M' 'M' 'U' 'M' 'U' 'M' 'M'
 'M' 'M' 'M' 'M' 'M' 'M' 'M' 'M' 'M' 'U' 'U' 'M' 'M' 'M' 'A' 'M' 'M' 'U'
 'M' 'M' 'M' 'M' 'M' 'M' 'M' 'M' 'M' 'U' 'M' 'M' 'M' 'M' 'U' 'U' 'U' 'M'
 'M' 'U' 'M' 'U' 'M' 'M' 'U' 'M' 'M' 'U' 'M' 'A' 'M' 'M' 'M' 'M' 'M' 'M'
 'M' 'U' 'M' 'M' 'M' 'M' 'M' 'M' 'M' 'U' 'U' 'U' 'M' 'U' 'M' 'M' 'M' 'U']"
438601,0,163,1,162,35,0,0,"['A' 'M' 'M' 'M' 'M' 'M' 'U' 'M' 'M' 'M' 'M' 'M' 'M' 'U' 'U' 'M' 'M' 'U'
 'M' 'U' 'M' 'M' 'M' 'M' 'M' 'M' 'M' 'M' 'M' 'M' 'M' 'M' 'M' 'M' 'M' 'M'
 'M' 'M' 'M' 'M' 'M' 'M' 'M' 'M' 'M' 'U' 'M' 'M' 'U' 'M' 'M' 'M' 'M' 'M'
 'M' 'M' 'M' 'U' 'U' 'M' 'M' 'M' 'M' 'U' 'M' 'M' 'M' 'M' 'M' 'M' 'M' 'M'
 'M' 'M' 'M' 'U' 'M' 'U' 'M' 'M' 'M' 'M' 'M' 'M' 'M' 'M' 'M' 'U' 'M' 'M'
 'M' 'M' 'U' 'U' 'M' 'M' 'M' 'M' 'M' 'M' 'U' 'M' 'M' 'U' 'M' 'U' 'M' 'M'
 'M' 'M' 'M' 'U' 'M' 'U' 'M' 'M' 'M' 'M' 'M' 'M' 'M' 'U' 'M' 'U' 'M' 'M'
 'M' 'M' 'M' 'M' 'M' 'M' 'M' 'M' 'M' 'U' 'M' 'M' 'M' 'M' 'U' 'M' 'M' 'U'
 'M' 'M' 'M' 'M' 'M' 'M' 'M' 'M' 'M' 'U' 'M' 'M' 'M' 'M' 'U' 'U' 'U' 'M'
 'M' 'M' 'M' 'M' 'M' 'M' 'U' 'M' 'M' 'U' 'M' 'M' 'M' 'M' 'M' 'M' 'M' 'M'
 'M' 'M' 'M' 'M' 'M' 'M' 'M' 'M' 'M' 'U' 'U' 'U' 'M' 'M' 'M' 'M' 'M' 'U']"
438701,0,167,1,166,31,0,0,"['A' 'M' 'M' 'M' 'M' 'M' 'U' 'M' 'M' 'M' 'M' 'M' 'M' 'U' 'M' 'U' 'M' 'U'
 'M' 'U' 'M' 'M' 'M' 'M' 'M' 'M' 'M' 'M' 'M' 'M' 'M' 'M' 'M' 'M' 'M' 'M'
 'M' 'M' 'M' 'U' 'M' 'M' 'M' 'M' 'M' 'U' 'M' 'M' 'U' 'M' 'M' 'M' 'M' 'M'
 'M' 'M' 'M' 'M' 'U' 'M' 'M' 'M' 'M' 'U' 'M' 'M' 'M' 'M' 'M' 'M' 'M' 'U'
 'M' 'M' 'M' 'U' 'M' 'M' 'U' 'M' 'M' 'M' 'M' 'U' 'M' 'M' 'M' 'M' 'M' 'M'
 'U' 'M' 'M' 'M' 'M' 'M' 'M' 'U' 'M' 'M' 'M' 'M' 'M' 'M' 'M' 'M' 'M' 'M'
 'M' 'M' 'M' 'U' 'M' 'U' 'M' 'M' 'M' 'M' 'M' 'M' 'M' 'U' 'M' 'U' 'M' 'M'
 'M' 'M' 'M' 'M' 'M' 'M' 'M' 'M' 'M' 'M' 'M' 'M' 'M' 'M' 'U' 'M' 'M' 'U'
 'M' 'M' 'M' 'M' 'M' 'M' 'M' 'M' 'M' 'U' 'M' 'M' 'M' 'M' 'U' 'U' 'M' 'M'
 'U' 'M' 'M' 'M' 'M' 'M' 'U' 'M' 'U' 'M' 'M' 'M' 'M' 'M' 'M' 'M' 'M' 'M'
 'M' 'M' 'M' 'M' 'M' 'M' 'M' 'M' 'M' 'U' 'M' 'U' 'M' 'M' 'M' 'M' 'M' 'U']"
438801,0,165,1,164,33,0,0,"['A' 'M' 'M' 'M' 'M' 'M' 'U' 'M' 'M' 'M' 'M' 'M' 'M' 'U' 'M' 'U' 'M' 'U'
 'U' 'U' 'M' 'M' 'M' 'U' 'U' 'M' 'M' 'M' 'M' 'M' 'M' 'M' 'M' 'M' 'M' 'M'
 'M' 'M' 'M' 'U' 'M' 'M' 'M' 'M' 'M' 'M' 'M' 'M' 'U' 'M' 'M' 'M' 'M' 'M'
 'M' 'M' 'M' 'M' 'U' 'M' 'M' 'M' 'M' 'U' 'M' 'M' 'M' 'M' 'M' 'M' 'M' 'M'
 'M' 'M' 'U' 'M' 'M' 'M' 'U' 'M' 'U' 'U' 'M' 'M' 'M' 'M' 'M' 'M' 'M' 'M'
 'M' 'M' 'M' 'M' 'U' 'M' 'M' 'U' 'M' 'M' 'U' 'M' 'M' 'M' 'M' 'M' 'M' 'M'
 'M' 'M' 'M' 'M' 'M' 'U' 'M' 'M' 'M' 'M' 'M' 'M' 'M' 'U' 'M' 'M' 'M' 'M'
 'M' 'M' 'M' 'M' 'M' 'M' 'M' 'U' 'M' 'U' 'M' 'M' 'M' 'M' 'U' 'M' 'M' 'U'
 'M' 'M' 'M' 'M' 'M' 'M' 'M' 'M' 'M' 'U' 'M' 'M' 'M' 'M' 'M' 'M' 'M' 'M'
 'M' 'M' 'M' 'M' 'M' 'M' 'U' 'M' 'U' 'U' 'M' 'M' 'M' 'M' 'M' 'M' 'M' 'U'
 'M' 'M' 'M' 'M' 'U' 'M' 'M' 'M' 'M' 'U' 'M' 'M' 'M' 'M' 'M' 'M' 'M' 'U']"
438901,0,169,3,166,29,0,0,"['A' 'M' 'M' 'M' 'M' 'M' 'M' 'M' 'M' 'M' 'M' 'M' 'U' 'U' 'M' 'M' 'M' 'U'
 'U' 'U' 'U' 'M' 'M' 'U' 'U' 'M' 'M' 'M' 'M' 'M' 'M' 'M' 'M' 'M' 'M' 'M'
 'M' 'M' 'M' 'U' 'M' 'M' 'M' 'M' 'M' 'M' 'M' 'M' 'U' 'M' 'M' 'M' 'M' 'M'
 'M' 'M' 'M' 'M' 'M' 'M' 'M' 'M' 'M' 'M' 'M' 'M' 'M' 'U' 'M' 'M' 'M' 'M'
 'M' 'M' 'M' 'M' 'M' 'M' 'M' 'U' 'M' 'M' 'M' 'M' 'M' 'U' 'M' 'M' 'M' 'M'
 'M' 'M' 'U' 'M' 'U' 'M' 'M' 'U' 'M' 'M' 'U' 'M' 'M' 'M' 'M' 'M' 'M' 'M'
 'M' 'M' 'M' 'M' 'M' 'U' 'M' 'M' 'M' 'M' 'M' 'M' 'M' 'M' 'M' 'M' 'M' 'M'
 'M' 'M' 'M' 'M' 'M' 'M' 'M' 'M' 'U' 'U' 'M' 'M' 'M' 'M' 'U' 'M' 'M' 'U'
 'M' 'M' 'M' 'M' 'M' 'M' 'M' 'M' 'M' 'U' 'M' 'M' 'M' 'M' 'M' 'M' 'M' 'M'
 'M' 'M' 'M' 'M' 'M' 'M' 'A' 'M' 'U' 'A' 'M' 'M' 'M' 'M' 'M' 'M' 'M' 'U'
 'M' 'M' 'M' 'U' 'U' 'M' 'M' 'M' 'M' 'U' 'M' 'M' 'M' 'M' 'M' 'M' 'M' 'U']"
439001,0,168,4,164,30,0,0,"['A' 'M' 'M' 'M' 'M' 'M' 'M' 'M' 'M' 'M' 'M' 'M' 'U' 'M' 'M' 'M' 'M' 'U'
 'A' 'M' 'A' 'M' 'M' 'M' 'U' 'M' 'M' 'M' 'M' 'M' 'M' 'M' 'M' 'M' 'M' 'M'
 'M' 'M' 'M' 'U' 'U' 'M' 'M' 'M' 'M' 'M' 'M' 'M' 'U' 'M' 'M' 'M' 'U' 'M'
 'M' 'M' 'M' 'M' 'M' 'M' 'U' 'M' 'M' 'M' 'M' 'M' 'M' 'M' 'M' 'M' 'M' 'M'
 'M' 'U' 'M' 'M' 'M' 'M' 'U' 'M' 'M' 'M' 'U' 'M' 'U' 'M' 'M' 'M' 'U' 'M'
 'M' 'M' 'M' 'M' 'M' 'M' 'M' 'U' 'M' 'M' 'M' 'M' 'M' 'M' 'M' 'U' 'M' 'M'
 'M' 'M' 'M' 'M' 'M' 'U' 'M' 'M' 'M' 'U' 'M' 'M' 'M' 'M' 'M' 'M' 'M' 'M'
 'M' 'M' 'M' 'M' 'M' 'M' 'M' 'M' 'U' 'U' 'M' 'M' 'M' 'M' 'U' 'M' 'M' 'U'
 'M' 'M' 'M' 'M' 'M' 'M' 'M' 'M' 'M' 'M' 'M' 'M' 'M' 'M' 'M' 'M' 'M' 'M'
 'M' 'M' 'M' 'M' 'M' 'U' 'U' 'M' 'U' 'A' 'M' 'M' 'M' 'M' 'M' 'M' 'M' 'U'
 'M' 'M' 'M' 'U' 'U' 'U' 'M' 'M' 'M' 'U' 'M' 'M' 'M' 'M' 'M' 'M' 'M' 'U']"
439101,0,168,3,165,30,0,0,"['A' 'M' 'M' 'M' 'M' 'M' 'M' 'M' 'M' 'U' 'M' 'M' 'U' 'M' 'M' 'M' 'M' 'U'
 'A' 'M' 'U' 'M' 'M' 'M' 'U' 'M' 'M' 'M' 'M' 'M' 'M' 'M' 'M' 'M' 'M' 'M'
 'M' 'M' 'M' 'U' 'U' 'M' 'M' 'M' 'M' 'M' 'M' 'M' 'M' 'M' 'M' 'M' 'M' 'M'
 'M' 'M' 'M' 'M' 'M' 'M' 'U' 'M' 'M' 'M' 'M' 'M' 'M' 'M' 'M' 'M' 'M' 'M'
 'M' 'M' 'M' 'U' 'M' 'M' 'M' 'M' 'M' 'M' 'U' 'M' 'M' 'U' 'U' 'M' 'M' 'M'
 'M' 'M' 'U' 'M' 'M' 'M' 'M' 'M' 'M' 'M' 'M' 'M' 'U' 'M' 'U' 'M' 'M' 'M'
 'M' 'M' 'M' 'M' 'M' 'M' 'M' 'M' 'M' 'U' 'M' 'M' 'M' 'M' 'M' 'M' 'M' 'M'
 'M' 'M' 'M' 'M' 'M' 'M' 'M' 'M' 'U' 'U' 'M' 'M' 'M' 'M' 'M' 'M' 'M' 'U'
 'M' 'M' 'M' 'U' 'M' 'M' 'M' 'M' 'M' 'M' 'U' 'M' 'M' 'M' 'M' 'M' 'M' 'M'
 'U' 'M' 'M' 'M' 'M' 'U' 'M' 'M' 'U' 'A' 'M' 'M' 'M' 'M' 'M' 'M' 'M' 'U'
 'M' 'M' 'M' 'U' 'U' 'U' 'M' 'M' 'M' 'U' 'M' 'M' 'M' 'M' 'M' 'M' 'M' 'U']"
439201,0,164,3,161,34,0,0,"['A' 'U' 'M' 'M' 'M' 'M' 'M' 'M' 'M' 'U' 'M' 'M' 'U' 'M' 'M' 'M' 'M' 'U'
 'U' 'M' 'U' 'M' 'M' 'M' 'M' 'A' 'U' 'M' 'M' 'M' 'M' 'M' 'M' 'M' 'M' 'M'
 'M' 'M' 'M' 'M' 'U' 'M' 'M' 'M' 'M' 'M' 'M' 'M' 'M' 'M' 'M' 'M' 'M' 'M'
 'M' 'M' 'M' 'M' 'M' 'M' 'U' 'M' 'M' 'M' 'M' 'M' 'M' 'M' 'U' 'M' 'M' 'M'
 'M' 'M' 'M' 'M' 'U' 'M' 'M' 'M' 'M' 'M' 'M' 'M' 'M' 'M' 'M' 'U' 'M' 'M'
 'M' 'U' 'M' 'U' 'M' 'M' 'M' 'M' 'M' 'M' 'M' 'M' 'U' 'M' 'U' 'M' 'M' 'M'
 'M' 'M' 'M' 'M' 'M' 'M' 'M' 'M' 'M' 'U' 'M' 'M' 'U' 'M' 'M' 'M' 'M' 'M'
 'M' 'M' 'M' 'M' 'U' 'M' 'M' 'M' 'M' 'U' 'M' 'M' 'M' 'M' 'M' 'M' 'M' 'U'
 'M' 'M' 'M' 'M' 'M' 'M' 'M' 'M' 'M' 'M' 'U' 'M' 'M' 'M' 'M' 'U' 'M' 'M'
 'U' 'M' 'U' 'M' 'M' 'U' 'M' 'M' 'U' 'A' 'M' 'M' 'U' 'M' 'M' 'M' 'M' 'U'
 'M' 'M' 'M' 'U' 'U' 'U' 'M' 'M' 'M' 'U' 'M' 'M' 'M' 'M' 'M' 'M' 'M' 'U']"
439301,0,168,3,165,30,0,0,"['A' 'U' 'M' 'M' 'M' 'M' 'M' 'M' 'M' 'M' 'M' 'M' 'M' 'M' 'M' 'M' 'U' 'U'
 'M' 'M' 'U' 'M' 'M' 'M' 'M' 'A' 'A' 'M' 'M' 'M' 'M' 'M' 'M' 'M' 'M' 'M'
 'M' 'M' 'M' 'U' 'U' 'M' 'M' 'M' 'M' 'M' 'M' 'M' 'M' 'M' 'M' 'M' 'U' 'M'
 'M' 'M' 'M' 'M' 'M' 'M' 'U' 'M' 'M' 'M' 'M' 'M' 'M' 'U' 'M' 'M' 'M' 'U'
 'M' 'M' 'M' 'M' 'M' 'M' 'M' 'U' 'M' 'M' 'M' 'U' 'M' 'M' 'M' 'U' 'M' 'M'
 'M' 'M' 'M' 'M' 'M' 'U' 'M' 'M' 'M' 'M' 'M' 'M' 'U' 'M' 'M' 'M' 'M' 'M'
 'M' 'M' 'M' 'M' 'M' 'M' 'M' 'M' 'M' 'M' 'M' 'M' 'U' 'M' 'M' 'M' 'M' 'M'
 'M' 'M' 'M' 'M' 'U' 'M' 'M' 'M' 'M' 'U' 'M' 'M' 'M' 'M' 'U' 'M' 'M' 'M'
 'M' 'M' 'M' 'M' 'M' 'M' 'U' 'M' 'M' 'M' 'U' 'M' 'M' 'M' 'M' 'U' 'M' 'M'
 'U' 'M' 'U' 'M' 'M' 'U' 'M' 'M' 'M' 'U' 'M' 'M' 'U' 'M' 'M' 'M' 'M' 'U'
 'M' 'M' 'M' 'M' 'U' 'M' 'M' 'M' 'M' 'M' 'M' 'M' 'M' 'M' 'M' 'M' 'M' 'U']"
439401,0,167,4,163,31,0,0,"['A' 'M' 'M' 'M' 'M' 'M' 'M' 'M' 'M' 'M' 'M' 'M' 'M' 'M' 'M' 'M' 'A' 'M'
 'M' 'M' 'U' 'M' 'M' 'M' 'M' 'U' 'A' 'M' 'M' 'M' 'M' 'M' 'M' 'U' 'M' 'M'
 'M' 'M' 'M' 'U' 'U' 'M' 'M' 'M' 'M' 'M' 'U' 'M' 'M' 'M' 'U' 'M' 'U' 'M'
 'M' 'M' 'U' 'M' 'M' 'M' 'U' 'M' 'M' 'M' 'M' 'M' 'U' 'M' 'M' 'M' 'M' 'M'
 'M' 'U' 'M' 'M' 'M' 'M' 'M' 'M' 'M' 'M' 'M' 'M' 'U' 'M' 'M' 'U' 'M' 'M'
 'M' 'M' 'M' 'U' 'M' 'U' 'M' 'M' 'M' 'M' 'M' 'M' 'M' 'M' 'M' 'M' 'M' 'M'
 'M' 'M' 'M' 'M' 'M' 'M' 'U' 'M' 'U' 'M' 'M' 'M' 'U' 'M' 'U' 'M' 'M' 'M'
 'M' 'M' 'U' 'M' 'U' 'M' 'M' 'M' 'M' 'U' 'M' 'M' 'M' 'M' 'U' 'M' 'M' 'M'
 'M' 'M' 'M' 'M' 'M' 'M' 'U' 'M' 'M' 'M' 'M' 'M' 'M' 'M' 'M' 'U' 'U' 'M'
 'U' 'M' 'A' 'M' 'M' 'U' 'M' 'M' 'M' 'U' 'M' 'M' 'M' 'M' 'M' 'M' 'M' 'M'
 'M' 'M' 'M' 'M' 'U' 'M' 'M' 'M' 'M' 'M' 'M' 'M' 'M' 'M' 'M' 'M' 'M' 'M']"
439501,0,172,4,168,26,0,0,"['A' 'M' 'M' 'M' 'M' 'M' 'M' 'M' 'M' 'M' 'M' 'M' 'U' 'M' 'M' 'M' 'A' 'M'
 'M' 'M' 'M' 'M' 'M' 'M' 'M' 'M' 'A' 'M' 'M' 'M' 'M' 'M' 'M' 'U' 'M' 'M'
 'M' 'M' 'M' 'U' 'U' 'M' 'M' 'M' 'M' 'M' 'M' 'M' 'M' 'M' 'M' 'M' 'U' 'M'
 'M' 'M' 'M' 'M' 'M' 'M' 'U' 'M' 'M' 'M' 'M' 'M' 'M' 'U' 'M' 'M' 'M' 'U'
 'U' 'M' 'M' 'M' 'M' 'M' 'M' 'M' 'M' 'M' 'M' 'M' 'M' 'M' 'M' 'U' 'M' 'M'
 'M' 'M' 'U' 'M' 'M' 'U' 'M' 'M' 'M' 'M' 'M' 'M' 'M' 'M' 'M' 'M' 'M' 'M'
 'M' 'M' 'M' 'M' 'M' 'M' 'U' 'M' 'U' 'M' 'M' 'M' 'U' 'M' 'U' 'U' 'M' 'M'
 'M' 'M' 'M' 'M' 'U' 'M' 'M' 'M' 'M' 'M' 'M' 'M' 'M' 'M' 'U' 'M' 'M' 'M'
 'M' 'M' 'M' 'M' 'M' 'M' 'U' 'M' 'M' 'M' 'M' 'M' 'M' 'M' 'M' 'U' 'U' 'M'
 'U' 'M' 'A' 'M' 'M' 'U' 'M' 'M' 'M' 'M' 'M' 'M' 'M' 'M' 'M' 'M' 'M' 'M'
 'M' 'M' 'M' 'M' 'U' 'U' 'M' 'M' 'M' 'M' 'M' 'M' 'M' 'M' 'M' 'M' 'M' 'M']"
439601,0,160,4,156,38,0,0,"['A' 'M' 'M' 'M' 'M' 'M' 'M' 'M' 'M' 'M' 'M' 'M' 'U' 'M' 'M' 'M' 'A' 'U'
 'M' 'M' 'U' 'M' 'M' 'M' 'M' 'M' 'A' 'M' 'M' 'M' 'M' 'M' 'U' 'U' 'M' 'M'
 'M' 'M' 'M' 'U' 'U' 'M' 'M' 'M' 'M' 'M' 'U' 'M' 'M' 'M' 'M' 'M' 'M' 'M'
 'M' 'M' 'M' 'M' 'U' 'M' 'U' 'M' 'M' 'M' 'M' 'U' 'M' 'M' 'U' 'M' 'M' 'M'
 'M' 'M' 'M' 'M' 'M' 'M' 'U' 'M' 'M' 'M' 'M' 'U' 'M' 'M' 'M' 'M' 'M' 'M'
 'U' 'M' 'M' 'M' 'M' 'M' 'M' 'M' 'M' 'M' 'M' 'M' 'M' 'M' 'M' 'M' 'M' 'M'
 'M' 'M' 'M' 'M' 'M' 'M' 'U' 'M' 'U' 'M' 'M' 'M' 'U' 'M' 'U' 'M' 'M' 'M'
 'M' 'M' 'M' 'M' 'U' 'U' 'U' 'U' 'U' 'U' 'U' 'U' 'U' 'M' 'M' 'U' 'M' 'M'
 'M' 'M' 'M' 'M' 'M' 'M' 'U' 'M' 'M' 'M' 'M' 'M' 'U' 'M' 'M' 'U' 'U' 'M'
 'M' 'M' 'A' 'U' 'M' 'M' 'U' 'M' 'M' 'M' 'M' 'M' 'M' 'M' 'M' 'M' 'M' 'M'
 'M' 'M' 'M' 'M' 'U' 'U' 'M' 'U' 'M' 'M' 'M' 'M' 'M' 'M' 'M' 'M' 'M' 'M']"
439701,0,159,4,155,39,0,0,"['A' 'M' 'M' 'M' 'M' 'M' 'M' 'M' 'M' 'M' 'M' 'M' 'U' 'M' 'M' 'M' 'A' 'U'
 'M' 'M' 'M' 'M' 'M' 'M' 'M' 'M' 'A' 'M' 'M' 'M' 'M' 'M' 'U' 'U' 'M' 'U'
 'M' 'M' 'M' 'A' 'U' 'M' 'M' 'M' 'M' 'M' 'U' 'M' 'M' 'M' 'M' 'M' 'M' 'M'
 'M' 'M' 'M' 'M' 'M' 'M' 'M' 'M' 'M' 'M' 'M' 'U' 'M' 'M' 'M' 'M' 'M' 'M'
 'M' 'M' 'U' 'M' 'M' 'M' 'M' 'M' 'M' 'U' 'M' 'M' 'M' 'M' 'M' 'M' 'U' 'M'
 'U' 'M' 'M' 'M' 'M' 'M' 'M' 'M' 'M' 'M' 'M' 'M' 'M' 'M' 'M' 'M' 'U' 'U'
 'U' 'M' 'M' 'M' 'M' 'U' 'U' 'M' 'U' 'M' 'M' 'M' 'U' 'M' 'U' 'M' 'M' 'M'
 'M' 'M' 'M' 'U' 'U' 'M' 'U' 'U' 'M' 'U' 'U' 'U' 'U' 'M' 'M' 'U' 'M' 'M'
 'M' 'M' 'M' 'M' 'M' 'M' 'M' 'M' 'M' 'M' 'M' 'M' 'U' 'M' 'M' 'U' 'U' 'M'
 'M' 'M' 'U' 'U' 'M' 'M' 'U' 'M' 'M' 'M' 'M' 'M' 'M' 'M' 'M' 'U' 'M' 'M'
 'M' 'M' 'M' 'M' 'M' 'U' 'M' 'U' 'M' 'M' 'M' 'M' 'M' 'M' 'M' 'U' 'M' 'M']"
439801,0,164,3,161,34,0,0,"['A' 'M' 'M' 'M' 'M' 'M' 'M' 'M' 'M' 'M' 'M' 'M' 'U' 'M' 'M' 'M' 'A' 'M'
 'M' 'M' 'M' 'M' 'M' 'M' 'M' 'M' 'A' 'M' 'M' 'M' 'M' 'M' 'U' 'M' 'M' 'U'
 'M' 'M' 'M' 'U' 'U' 'M' 'M' 'M' 'M' 'M' 'M' 'M' 'M' 'M' 'M' 'M' 'M' 'M'
 'M' 'M' 'M' 'M' 'M' 'M' 'M' 'M' 'M' 'M' 'M' 'M' 'M' 'M' 'M' 'M' 'U' 'M'
 'U' 'M' 'M' 'M' 'M' 'U' 'M' 'M' 'M' 'M' 'U' 'M' 'M' 'M' 'U' 'M' 'M' 'M'
 'M' 'M' 'M' 'M' 'M' 'M' 'M' 'M' 'M' 'M' 'M' 'M' 'M' 'M' 'M' 'M' 'U' 'M'
 'U' 'M' 'M' 'M' 'M' 'U' 'U' 'M' 'U' 'M' 'M' 'M' 'U' 'M' 'U' 'M' 'M' 'M'
 'M' 'M' 'M' 'U' 'U' 'M' 'U' 'U' 'M' 'U' 'M' 'U' 'U' 'M' 'M' 'U' 'M' 'M'
 'M' 'M' 'M' 'M' 'M' 'M' 'M' 'M' 'M' 'M' 'M' 'M' 'M' 'M' 'M' 'U' 'M' 'M'
 'M' 'M' 'U' 'U' 'M' 'M' 'U' 'M' 'M' 'M' 'M' 'M' 'M' 'U' 'M' 'U' 'M' 'M'
 'U' 'M' 'M' 'M' 'M' 'M' 'M' 'M' 'M' 'M' 'M' 'M' 'M' 'U' 'M' 'U' 'M' 'M']"
439901,0,166,3,163,32,0,0,"['A' 'M' 'M' 'M' 'M' 'M' 'U' 'M' 'M' 'M' 'M' 'M' 'U' 'M' 'M' 'M' 'A' 'M'
 'M' 'M' 'M' 'M' 'M' 'M' 'M' 'M' 'A' 'M' 'M' 'M' 'M' 'M' 'U' 'M' 'M' 'M'
 'M' 'U' 'M' 'M' 'U' 'M' 'M' 'M' 'M' 'M' 'M' 'M' 'M' 'M' 'M' 'M' 'M' 'M'
 'M' 'M' 'M' 'M' 'M' 'M' 'M' 'M' 'M' 'M' 'M' 'M' 'M' 'M' 'M' 'M' 'M' 'M'
 'U' 'M' 'M' 'M' 'M' 'M' 'U' 'M' 'U' 'M' 'M' 'M' 'M' 'U' 'M' 'M' 'M' 'M'
 'M' 'M' 'M' 'M' 'U' 'M' 'U' 'M' 'M' 'M' 'M' 'M' 'M' 'U' 'M' 'M' 'U' 'M'
 'U' 'M' 'M' 'M' 'M' 'U' 'U' 'M' 'U' 'M' 'M' 'M' 'U' 'M' 'M' 'M' 'M' 'M'
 'M' 'M' 'M' 'U' 'U' 'M' 'U' 'U' 'M' 'U' 'M' 'U' 'U' 'M' 'M' 'M' 'M' 'M'
 'M' 'M' 'M' 'M' 'M' 'M' 'M' 'M' 'M' 'M' 'M' 'M' 'M' 'M' 'M' 'U' 'M' 'M'
 'M' 'M' 'U' 'U' 'M' 'M' 'U' 'M' 'M' 'M' 'M' 'M' 'M' 'M' 'M' 'U' 'M' 'M'
 'M' 'M' 'M' 'M' 'M' 'M' 'M' 'M' 'M' 'M' 'M' 'M' 'M' 'U' 'M' 'U' 'M' 'M']"
440001,0,163,2,161,35,0,0,"['A' 'M' 'M' 'M' 'M' 'M' 'U' 'M' 'M' 'M' 'M' 'M' 'U' 'M' 'M' 'U' 'U' 'M'
 'M' 'M' 'M' 'M' 'M' 'M' 'M' 'M' 'A' 'M' 'M' 'M' 'M' 'M' 'U' 'M' 'M' 'M'
 'M' 'U' 'M' 'M' 'U' 'M' 'M' 'M' 'M' 'U' 'M' 'M' 'M' 'M' 'M' 'M' 'M' 'M'
 'M' 'M' 'M' 'U' 'M' 'M' 'M' 'M' 'M' 'M' 'M' 'M' 'U' 'M' 'M' 'U' 'M' 'M'
 'M' 'M' 'M' 'M' 'U' 'M' 'M' 'U' 'M' 'M' 'M' 'M' 'M' 'M' 'M' 'M' 'M' 'M'
 'M' 'M' 'M' 'M' 'U' 'U' 'U' 'M' 'U' 'M' 'M' 'M' 'M' 'U' 'M' 'M' 'U' 'U'
 'U' 'M' 'M' 'M' 'M' 'U' 'U' 'M' 'U' 'M' 'M' 'M' 'M' 'M' 'M' 'M' 'M' 'M'
 'M' 'M' 'M' 'U' 'M' 'M' 'M' 'M' 'M' 'U' 'M' 'U' 'U' 'M' 'M' 'M' 'M' 'M'
 'M' 'M' 'M' 'M' 'M' 'M' 'M' 'M' 'M' 'M' 'M' 'M' 'M' 'U' 'M' 'U' 'M' 'M'
 'M' 'M' 'M' 'U' 'M' 'M' 'U' 'M' 'M' 'M' 'M' 'M' 'M' 'M' 'M' 'U' 'M' 'M'
 'M' 'M' 'M' 'M' 'M' 'M' 'M' 'M' 'M' 'M' 'M' 'M' 'M' 'U' 'M' 'U' 'M' 'M']"
440101,0,160,3,157,38,0,0,"['A' 'M' 'M' 'M' 'M' 'M' 'U' 'M' 'M' 'M' 'M' 'M' 'U' 'M' 'M' 'U' 'M' 'U'
 'M' 'M' 'M' 'M' 'M' 'M' 'M' 'M' 'A' 'M' 'M' 'M' 'M' 'M' 'U' 'M' 'M' 'U'
 'M' 'U' 'M' 'M' 'M' 'M' 'M' 'M' 'M' 'U' 'M' 'M' 'M' 'M' 'M' 'M' 'M' 'M'
 'M' 'M' 'U' 'U' 'M' 'M' 'M' 'M' 'M' 'M' 'M' 'M' 'M' 'U' 'U' 'U' 'U' 'M'
 'M' 'M' 'M' 'M' 'M' 'M' 'M' 'M' 'M' 'M' 'M' 'M' 'M' 'M' 'U' 'M' 'M' 'M'
 'M' 'M' 'M' 'M' 'M' 'U' 'U' 'M' 'U' 'M' 'U' 'M' 'M' 'U' 'M' 'M' 'U' 'U'
 'U' 'M' 'M' 'M' 'M' 'U' 'U' 'M' 'U' 'M' 'M' 'M' 'M' 'M' 'M' 'M' 'M' 'M'
 'M' 'U' 'M' 'U' 'M' 'M' 'M' 'M' 'M' 'U' 'M' 'U' 'U' 'M' 'M' 'M' 'M' 'M'
 'M' 'U' 'M' 'M' 'M' 'M' 'M' 'M' 'M' 'M' 'M' 'M' 'M' 'U' 'M' 'U' 'M' 'M'
 'U' 'M' 'M' 'M' 'U' 'M' 'U' 'M' 'M' 'M' 'M' 'M' 'M' 'M' 'M' 'M' 'M' 'M'
 'M' 'M' 'M' 'M' 'M' 'M' 'M' 'M' 'M' 'M' 'M' 'M' 'M' 'A' 'M' 'U' 'M' 'M']"
440201,0,154,4,150,44,0,0,"['A' 'M' 'M' 'M' 'M' 'M' 'U' 'M' 'M' 'M' 'M' 'M' 'U' 'M' 'M' 'U' 'M' 'U'
 'M' 'M' 'M' 'M' 'U' 'M' 'M' 'M' 'A' 'M' 'M' 'M' 'M' 'M' 'U' 'M' 'M' 'A'
 'M' 'U' 'M' 'M' 'M' 'M' 'M' 'M' 'M' 'U' 'M' 'U' 'M' 'M' 'M' 'U' 'M' 'M'
 'M' 'M' 'U' 'U' 'M' 'M' 'M' 'M' 'M' 'M' 'M' 'M' 'M' 'M' 'M' 'M' 'U' 'M'
 'M' 'U' 'M' 'U' 'M' 'M' 'M' 'M' 'U' 'M' 'M' 'M' 'M' 'M' 'M' 'M' 'M' 'M'
 'M' 'M' 'M' 'M' 'U' 'M' 'U' 'M' 'U' 'M' 'M' 'M' 'U' 'U' 'M' 'M' 'U' 'U'
 'U' 'M' 'M' 'M' 'M' 'U' 'U' 'M' 'U' 'M' 'M' 'M' 'M' 'M' 'U' 'M' 'M' 'U'
 'M' 'M' 'M' 'U' 'M' 'M' 'M' 'M' 'M' 'U' 'M' 'U' 'U' 'M' 'M' 'M' 'M' 'M'
 'M' 'U' 'M' 'M' 'M' 'M' 'U' 'M' 'M' 'M' 'M' 'M' 'M' 'U' 'M' 'U' 'M' 'M'
 'M' 'M' 'M' 'M' 'U' 'M' 'U' 'M' 'U' 'M' 'M' 'M' 'M' 'M' 'M' 'U' 'M' 'M'
 'M' 'M' 'M' 'M' 'M' 'M' 'M' 'U' 'U' 'M' 'M' 'M' 'M' 'A' 'M' 'U' 'M' 'M']"
440301,0,158,5,153,40,0,0,"['A' 'M' 'U' 'M' 'M' 'M' 'M' 'M' 'M' 'M' 'M' 'M' 'U' 'M' 'M' 'M' 'M' 'U'
 'M' 'M' 'M' 'M' 'M' 'M' 'M' 'M' 'A' 'M' 'M' 'M' 'M' 'M' 'U' 'M' 'U' 'A'
 'M' 'U' 'M' 'M' 'M' 'M' 'M' 'M' 'M' 'U' 'M' 'U' 'M' 'M' 'M' 'U' 'M' 'M'
 'M' 'M' 'U' 'U' 'M' 'M' 'M' 'M' 'M' 'M' 'M' 'M' 'M' 'M' 'M' 'M' 'M' 'M'
 'M' 'U' 'U' 'M' 'M' 'M' 'M' 'M' 'M' 'U' 'U' 'M' 'M' 'M' 'M' 'M' 'M' 'M'
 'M' 'M' 'U' 'M' 'M' 'M' 'U' 'M' 'U' 'M' 'M' 'M' 'U' 'U' 'M' 'M' 'U' 'U'
 'U' 'M' 'M' 'M' 'M' 'U' 'U' 'M' 'U' 'M' 'M' 'M' 'M' 'M' 'M' 'M' 'M' 'U'
 'M' 'M' 'M' 'U' 'M' 'M' 'M' 'M' 'M' 'U' 'M' 'M' 'U' 'M' 'M' 'M' 'M' 'M'
 'U' 'U' 'M' 'M' 'M' 'M' 'U' 'M' 'M' 'M' 'M' 'M' 'M' 'U' 'M' 'U' 'M' 'M'
 'M' 'M' 'M' 'M' 'U' 'M' 'U' 'M' 'U' 'M' 'M' 'M' 'M' 'M' 'M' 'U' 'M' 'M'
 'M' 'M' 'M' 'M' 'M' 'M' 'M' 'A' 'U' 'M' 'M' 'M' 'M' 'A' 'M' 'M' 'M' 'M']"
440401,0,167,4,163,31,0,0,"['A' 'M' 'U' 'M' 'M' 'M' 'M' 'M' 'M' 'M' 'M' 'M' 'U' 'M' 'M' 'M' 'M' 'M'
 'M' 'M' 'M' 'M' 'M' 'M' 'M' 'M' 'A' 'M' 'M' 'M' 'M' 'M' 'U' 'M' 'U' 'A'
 'M' 'U' 'M' 'U' 'M' 'M' 'M' 'M' 'M' 'M' 'M' 'M' 'M' 'M' 'M' 'U' 'M' 'M'
 'M' 'M' 'M' 'U' 'M' 'M' 'M' 'M' 'M' 'M' 'M' 'M' 'U' 'M' 'M' 'M' 'M' 'M'
 'U' 'M' 'M' 'M' 'U' 'M' 'M' 'U' 'M' 'M' 'M' 'M' 'M' 'M' 'M' 'M' 'M' 'M'
 'M' 'U' 'M' 'M' 'M' 'M' 'M' 'M' 'U' 'M' 'M' 'M' 'M' 'M' 'M' 'M' 'U' 'M'
 'M' 'M' 'M' 'M' 'M' 'U' 'M' 'M' 'U' 'M' 'M' 'M' 'M' 'M' 'M' 'M' 'M' 'M'
 'M' 'M' 'U' 'U' 'M' 'M' 'M' 'M' 'M' 'U' 'M' 'M' 'U' 'M' 'M' 'M' 'M' 'M'
 'U' 'U' 'U' 'M' 'M' 'M' 'U' 'M' 'M' 'M' 'M' 'M' 'M' 'M' 'M' 'U' 'M' 'M'
 'M' 'M' 'M' 'M' 'U' 'M' 'M' 'M' 'U' 'M' 'M' 'M' 'M' 'M' 'M' 'U' 'M' 'M'
 'M' 'M' 'M' 'M' 'M' 'M' 'M' 'U' 'U' 'M' 'M' 'M' 'M' 'A' 'M' 'M' 'M' 'M']"
440501,0,164,3,161,34,0,0,"['A' 'M' 'U' 'M' 'M' 'M' 'M' 'M' 'M' 'M' 'M' 'M' 'M' 'M' 'M' 'M' 'M' 'M'
 'M' 'M' 'M' 'M' 'M' 'M' 'M' 'M' 'A' 'M' 'M' 'M' 'M' 'M' 'M' 'M' 'U' 'U'
 'M' 'U' 'M' 'U' 'M' 'M' 'M' 'M' 'M' 'M' 'M' 'M' 'M' 'M' 'M' 'U' 'M' 'M'
 'M' 'M' 'M' 'U' 'M' 'M' 'M' 'M' 'M' 'M' 'M' 'M' 'M' 'M' 'U' 'M' 'M' 'U'
 'M' 'M' 'U' 'U' 'M' 'M' 'M' 'M' 'M' 'U' 'M' 'M' 'M' 'M' 'M' 'M' 'M' 'M'
 'M' 'M' 'M' 'M' 'M' 'M' 'M' 'M' 'U' 'M' 'M' 'M' 'M' 'M' 'M' 'M' 'U' 'M'
 'U' 'M' 'M' 'M' 'M' 'U' 'M' 'M' 'U' 'M' 'M' 'M' 'M' 'M' 'M' 'U' 'M' 'M'
 'M' 'M' 'U' 'U' 'M' 'M' 'M' 'M' 'M' 'U' 'M' 'M' 'U' 'M' 'M' 'M' 'M' 'M'
 'U' 'U' 'U' 'M' 'M' 'M' 'U' 'M' 'M' 'M' 'M' 'M' 'M' 'M' 'U' 'U' 'M' 'M'
 'M' 'M' 'M' 'M' 'M' 'U' 'M' 'M' 'U' 'M' 'M' 'M' 'M' 'U' 'M' 'U' 'M' 'M'
 'M' 'M' 'M' 'M' 'M' 'M' 'M' 'U' 'M' 'U' 'M' 'M' 'M' 'A' 'M' 'M' 'M' 'M']"
440601,0,166,4,162,32,0,0,"['A' 'M' 'U' 'M' 'M' 'M' 'M' 'M' 'M' 'M' 'M' 'M' 'M' 'M' 'M' 'M' 'M' 'M'
 'M' 'M' 'M' 'M' 'M' 'M' 'M' 'M' 'A' 'M' 'M' 'M' 'U' 'M' 'M' 'M' 'U' 'U'
 'M' 'U' 'M' 'U' 'M' 'M' 'M' 'M' 'M' 'M' 'M' 'M' 'M' 'M' 'M' 'M' 'M' 'M'
 'M' 'M' 'M' 'U' 'M' 'M' 'M' 'M' 'M' 'M' 'M' 'U' 'M' 'M' 'M' 'M' 'M' 'U'
 'M' 'M' 'M' 'M' 'M' 'M' 'M' 'U' 'M' 'M' 'M' 'M' 'M' 'M' 'M' 'U' 'U' 'M'
 'M' 'M' 'M' 'M' 'M' 'M' 'M' 'M' 'U' 'M' 'M' 'M' 'M' 'U' 'M' 'M' 'U' 'M'
 'M' 'M' 'M' 'M' 'M' 'U' 'M' 'M' 'U' 'M' 'M' 'M' 'M' 'M' 'M' 'U' 'M' 'M'
 'M' 'M' 'U' 'A' 'M' 'M' 'M' 'M' 'M' 'U' 'M' 'M' 'M' 'M' 'U' 'M' 'M' 'M'
 'M' 'A' 'M' 'M' 'M' 'M' 'M' 'M' 'M' 'M' 'M' 'M' 'M' 'M' 'U' 'U' 'M' 'M'
 'M' 'M' 'M' 'U' 'M' 'U' 'M' 'M' 'U' 'M' 'M' 'U' 'M' 'U' 'M' 'U' 'M' 'M'
 'M' 'M' 'M' 'M' 'M' 'M' 'M' 'M' 'U' 'U' 'M' 'M' 'M' 'U' 'M' 'M' 'M' 'M']"
440701,0,164,4,160,34,0,0,"['A' 'M' 'M' 'M' 'M' 'M' 'M' 'M' 'M' 'M' 'M' 'M' 'M' 'M' 'M' 'M' 'M' 'M'
 'M' 'M' 'M' 'M' 'U' 'M' 'M' 'M' 'U' 'M' 'M' 'M' 'M' 'M' 'M' 'M' 'U' 'U'
 'M' 'U' 'M' 'M' 'M' 'M' 'M' 'M' 'M' 'M' 'M' 'U' 'M' 'M' 'M' 'M' 'M' 'M'
 'M' 'M' 'M' 'M' 'M' 'M' 'M' 'M' 'M' 'M' 'M' 'U' 'M' 'M' 'M' 'M' 'M' 'U'
 'M' 'M' 'M' 'M' 'U' 'M' 'M' 'M' 'M' 'M' 'M' 'M' 'M' 'U' 'M' 'M' 'M' 'M'
 'U' 'M' 'M' 'M' 'M' 'M' 'M' 'M' 'M' 'M' 'M' 'M' 'M' 'U' 'M' 'M' 'U' 'M'
 'M' 'M' 'M' 'M' 'M' 'U' 'U' 'M' 'A' 'M' 'M' 'M' 'M' 'M' 'M' 'U' 'M' 'M'
 'M' 'M' 'U' 'A' 'M' 'U' 'U' 'U' 'U' 'U' 'U' 'U' 'M' 'U' 'U' 'M' 'M' 'M'
 'M' 'A' 'M' 'M' 'M' 'M' 'M' 'M' 'M' 'M' 'M' 'M' 'M' 'M' 'M' 'M' 'M' 'M'
 'M' 'M' 'M' 'U' 'M' 'U' 'M' 'M' 'U' 'M' 'M' 'U' 'M' 'U' 'M' 'U' 'M' 'M'
 'M' 'M' 'M' 'M' 'M' 'M' 'M' 'M' 'M' 'U' 'M' 'M' 'M' 'U' 'M' 'M' 'M' 'M']"
440801,1,165,3,162,33,0,0,"['A' 'M' 'M' 'M' 'M' 'M' 'M' 'M' 'M' 'M' 'M' 'U' 'M' 'M' 'M' 'M' 'M' 'M'
 'M' 'M' 'M' 'U' 'U' 'U' 'M' 'M' 'A' 'M' 'M' 'M' 'M' 'M' 'M' 'M' 'U' 'U'
 'M' 'M' 'M' 'M' 'M' 'M' 'M' 'M' 'M' 'M' 'M' 'M' 'M' 'M' 'M' 'M' 'M' 'M'
 'M' 'M' 'M' 'M' 'M' 'M' 'M' 'M' 'M' 'M' 'M' 'U' 'M' 'M' 'M' 'M' 'M' 'M'
 'M' 'U' 'M' 'M' 'U' 'M' 'M' 'M' 'M' 'M' 'M' 'M' 'M' 'M' 'M' 'U' 'M' 'M'
 'M' 'M' 'M' 'U' 'M' 'M' 'M' 'M' 'M' 'M' 'U' 'M' 'M' 'U' 'M' 'M' 'M' 'M'
 'M' 'M' 'M' 'M' 'M' 'U' 'U' 'M' 'U' 'M' 'M' 'M' 'M' 'M' 'M' 'M' 'M' 'M'
 'M' 'M' 'U' 'A' 'U' 'U' 'U' 'U' 'U' 'U' 'U' 'M' 'M' 'U' 'U' 'M' 'M' 'M'
 'M' 'U' 'M' 'M' 'M' 'M' 'M' 'M' 'M' 'M' 'M' 'M' 'M' 'M' 'M' 'M' 'M' 'M'
 'M' 'M' 'M' 'M' 'M' 'U' 'M' 'M' 'M' 'U' 'M' 'U' 'M' 'M' 'M' 'U' 'M' 'M'
 'M' 'M' 'M' 'M' 'M' 'M' 'M' 'M' 'M' 'U' 'M' 'M' 'M' 'U' 'M' 'M' 'M' 'M']"
440901,0,161,3,158,37,0,0,"['A' 'U' 'M' 'M' 'M' 'M' 'M' 'M' 'M' 'M' 'M' 'M' 'M' 'M' 'M' 'M' 'M' 'M'
 'M' 'M' 'M' 'U' 'M' 'U' 'M' 'M' 'A' 'M' 'M' 'M' 'M' 'M' 'U' 'M' 'U' 'U'
 'M' 'M' 'M' 'M' 'M' 'M' 'M' 'M' 'M' 'U' 'M' 'M' 'M' 'M' 'M' 'M' 'M' 'M'
 'M' 'M' 'M' 'M' 'M' 'M' 'M' 'M' 'M' 'M' 'M' 'M' 'M' 'M' 'M' 'M' 'M' 'M'
 'M' 'U' 'M' 'M' 'M' 'U' 'M' 'M' 'M' 'M' 'U' 'M' 'U' 'M' 'M' 'M' 'M' 'U'
 'M' 'M' 'M' 'M' 'M' 'M' 'M' 'M' 'M' 'M' 'U' 'M' 'M' 'U' 'M' 'U' 'M' 'U'
 'M' 'M' 'M' 'U' 'M' 'A' 'M' 'M' 'U' 'M' 'M' 'M' 'M' 'M' 'M' 'M' 'M' 'M'
 'M' 'M' 'M' 'U' 'U' 'U' 'U' 'U' 'U' 'U' 'U' 'U' 'U' 'U' 'U' 'M' 'M' 'M'
 'M' 'U' 'M' 'M' 'U' 'M' 'M' 'M' 'M' 'M' 'M' 'M' 'M' 'M' 'M' 'M' 'M' 'M'
 'M' 'M' 'M' 'M' 'M' 'M' 'M' 'M' 'M' 'U' 'M' 'U' 'M' 'M' 'M' 'U' 'M' 'M'
 'M' 'M' 'M' 'M' 'M' 'M' 'M' 'M' 'M' 'U' 'M' 'M' 'M' 'U' 'M' 'M' 'M' 'M']"
441001,0,156,3,153,42,0,0,"['A' 'U' 'M' 'M' 'M' 'M' 'M' 'M' 'M' 'M' 'M' 'M' 'M' 'M' 'M' 'M' 'M' 'M'
 'M' 'M' 'M' 'M' 'M' 'U' 'U' 'M' 'A' 'M' 'M' 'U' 'M' 'M' 'U' 'M' 'U' 'M'
 'M' 'M' 'M' 'U' 'M' 'M' 'M' 'M' 'M' 'U' 'M' 'M' 'U' 'M' 'U' 'M' 'M' 'M'
 'M' 'M' 'M' 'M' 'M' 'U' 'M' 'U' 'M' 'M' 'M' 'M' 'U' 'M' 'U' 'M' 'M' 'U'
 'M' 'M' 'U' 'U' 'M' 'M' 'M' 'M' 'M' 'M' 'M' 'M' 'M' 'M' 'M' 'M' 'M' 'M'
 'M' 'M' 'M' 'M' 'M' 'M' 'M' 'M' 'M' 'M' 'M' 'M' 'M' 'U' 'M' 'U' 'M' 'U'
 'M' 'M' 'M' 'U' 'M' 'A' 'M' 'M' 'U' 'M' 'M' 'M' 'M' 'M' 'M' 'M' 'M' 'M'
 'M' 'M' 'M' 'U' 'U' 'U' 'U' 'M' 'U' 'U' 'U' 'U' 'U' 'U' 'M' 'M' 'M' 'M'
 'M' 'U' 'M' 'M' 'U' 'M' 'M' 'M' 'U' 'M' 'M' 'M' 'M' 'M' 'M' 'M' 'M' 'M'
 'M' 'M' 'M' 'M' 'M' 'M' 'M' 'M' 'M' 'U' 'M' 'U' 'M' 'M' 'M' 'U' 'M' 'M'
 'M' 'M' 'M' 'M' 'U' 'M' 'M' 'M' 'M' 'U' 'U' 'U' 'M' 'M' 'M' 'M' 'M' 'M']"
441101,0,159,3,156,39,0,1,"['A' 'M' 'M' 'M' 'M' 'M' 'M' 'M' 'M' 'M' 'M' 'M' 'M' 'M' 'M' 'M' 'M' 'M'
 'U' 'M' 'M' 'M' 'M' 'U' 'M' 'M' 'A' 'M' 'M' 'U' 'M' 'M' 'U' 'M' 'U' 'M'
 'M' 'M' 'M' 'U' 'M' 'M' 'M' 'M' 'M' 'U' 'M' 'M' 'U' 'M' 'U' 'M' 'M' 'M'
 'M' 'M' 'M' 'M' 'M' 'A' 'M' 'U' 'M' 'M' 'U' 'M' 'M' 'M' 'M' 'M' 'M' 'M'
 'M' 'M' 'U' 'M' 'M' 'M' 'M' 'M' 'U' 'M' 'U' 'M' 'M' 'M' 'M' 'M' 'M' 'U'
 'M' 'M' 'M' 'M' 'U' 'M' 'M' 'M' 'M' 'M' 'M' 'M' 'M' 'U' 'M' 'U' 'M' 'M'
 'M' 'M' 'M' 'U' 'M' 'U' 'M' 'M' 'U' 'M' 'M' 'M' 'M' 'M' 'M' 'M' 'M' 'M'
 'M' 'M' 'M' 'U' 'U' 'U' 'M' 'U' 'M' 'M' 'U' 'U' 'U' 'U' 'M' 'M' 'M' 'M'
 'M' 'U' 'M' 'M' 'U' 'M' 'M' 'M' 'U' 'M' 'M' 'M' 'M' 'M' 'M' 'M' 'M' 'M'
 'M' 'M' 'M' 'M' 'M' 'M' 'M' 'M' 'M' 'U' 'M' 'U' 'M' 'M' 'M' 'U' 'M' 'M'
 'M' 'M' 'M' 'M' 'M' 'M' 'M' 'M' 'M' 'U' 'U' 'U' 'M' 'U' 'M' 'M' 'M' 'M']"
441201,0,159,3,156,39,0,0,"['A' 'M' 'M' 'M' 'M' 'M' 'M' 'M' 'M' 'M' 'M' 'M' 'M' 'U' 'M' 'M' 'M' 'M'
 'M' 'M' 'M' 'M' 'M' 'M' 'M' 'M' 'A' 'M' 'M' 'M' 'M' 'M' 'U' 'M' 'U' 'M'
 'M' 'M' 'M' 'U' 'U' 'M' 'M' 'M' 'M' 'U' 'M' 'M' 'M' 'M' 'U' 'M' 'M' 'M'
 'M' 'M' 'M' 'M' 'M' 'A' 'M' 'U' 'U' 'M' 'U' 'M' 'M' 'M' 'U' 'M' 'M' 'M'
 'M' 'M' 'M' 'M' 'M' 'M' 'M' 'M' 'M' 'M' 'M' 'M' 'M' 'U' 'U' 'M' 'U' 'M'
 'U' 'M' 'M' 'M' 'M' 'U' 'M' 'M' 'M' 'M' 'M' 'M' 'M' 'U' 'M' 'U' 'M' 'M'
 'M' 'M' 'M' 'U' 'M' 'M' 'M' 'M' 'U' 'M' 'M' 'U' 'M' 'M' 'M' 'M' 'M' 'U'
 'M' 'M' 'M' 'M' 'U' 'U' 'M' 'U' 'U' 'M' 'U' 'U' 'U' 'U' 'M' 'M' 'M' 'M'
 'M' 'U' 'M' 'M' 'U' 'M' 'U' 'M' 'M' 'M' 'M' 'M' 'M' 'M' 'M' 'M' 'M' 'M'
 'M' 'M' 'M' 'M' 'M' 'M' 'M' 'M' 'M' 'U' 'M' 'U' 'M' 'M' 'M' 'M' 'M' 'M'
 'M' 'M' 'M' 'M' 'M' 'M' 'M' 'M' 'M' 'U' 'U' 'U' 'M' 'U' 'M' 'M' 'M' 'M']"
441301,0,165,4,161,33,0,0,"['A' 'U' 'M' 'M' 'M' 'M' 'M' 'M' 'M' 'M' 'M' 'M' 'M' 'U' 'M' 'M' 'M' 'M'
 'M' 'M' 'M' 'M' 'M' 'M' 'M' 'M' 'A' 'M' 'M' 'M' 'M' 'M' 'U' 'M' 'U' 'M'
 'M' 'M' 'M' 'U' 'A' 'M' 'M' 'M' 'M' 'U' 'M' 'M' 'M' 'M' 'U' 'M' 'M' 'M'
 'M' 'M' 'M' 'M' 'M' 'A' 'M' 'M' 'M' 'M' 'U' 'U' 'U' 'M' 'M' 'M' 'U' 'M'
 'M' 'M' 'M' 'U' 'M' 'M' 'M' 'M' 'M' 'M' 'M' 'M' 'U' 'M' 'M' 'M' 'M' 'M'
 'M' 'M' 'M' 'M' 'M' 'U' 'M' 'M' 'M' 'U' 'M' 'M' 'M' 'U' 'M' 'M' 'M' 'M'
 'M' 'M' 'M' 'U' 'M' 'M' 'M' 'M' 'U' 'M' 'M' 'M' 'M' 'M' 'M' 'M' 'M' 'M'
 'M' 'M' 'M' 'U' 'U' 'U' 'M' 'M' 'M' 'M' 'U' 'U' 'U' 'U' 'M' 'M' 'M' 'M'
 'M' 'U' 'M' 'M' 'U' 'M' 'U' 'M' 'M' 'M' 'M' 'M' 'M' 'M' 'M' 'M' 'M' 'M'
 'M' 'M' 'M' 'M' 'M' 'M' 'M' 'M' 'M' 'U' 'M' 'U' 'M' 'M' 'M' 'M' 'M' 'M'
 'M' 'M' 'M' 'M' 'M' 'M' 'M' 'M' 'M' 'U' 'M' 'U' 'M' 'U' 'M' 'M' 'M' 'M']"
441401,0,166,6,160,32,0,0,"['A' 'M' 'M' 'M' 'M' 'M' 'M' 'M' 'M' 'M' 'M' 'M' 'M' 'U' 'M' 'U' 'M' 'M'
 'M' 'M' 'M' 'M' 'M' 'M' 'M' 'M' 'A' 'M' 'M' 'M' 'M' 'M' 'M' 'M' 'U' 'M'
 'M' 'M' 'M' 'U' 'A' 'M' 'M' 'M' 'M' 'U' 'M' 'M' 'M' 'U' 'M' 'M' 'M' 'M'
 'M' 'M' 'M' 'M' 'U' 'A' 'U' 'M' 'M' 'U' 'A' 'M' 'M' 'M' 'M' 'M' 'M' 'U'
 'M' 'M' 'M' 'M' 'U' 'U' 'M' 'M' 'M' 'M' 'M' 'M' 'M' 'M' 'U' 'M' 'M' 'U'
 'M' 'M' 'M' 'M' 'M' 'U' 'M' 'M' 'M' 'U' 'M' 'U' 'M' 'U' 'M' 'M' 'M' 'M'
 'M' 'M' 'M' 'U' 'M' 'M' 'M' 'M' 'U' 'M' 'M' 'M' 'M' 'M' 'M' 'M' 'U' 'M'
 'M' 'M' 'M' 'A' 'U' 'U' 'M' 'M' 'M' 'M' 'U' 'M' 'M' 'U' 'M' 'U' 'M' 'M'
 'M' 'U' 'M' 'M' 'M' 'M' 'M' 'M' 'M' 'M' 'M' 'M' 'M' 'M' 'M' 'M' 'M' 'M'
 'M' 'M' 'M' 'M' 'M' 'M' 'M' 'M' 'M' 'U' 'M' 'M' 'M' 'M' 'M' 'M' 'M' 'M'
 'M' 'M' 'M' 'M' 'M' 'M' 'M' 'M' 'M' 'U' 'M' 'U' 'U' 'U' 'M' 'M' 'M' 'M']"
441501,0,159,3,156,39,0,1,"['A' 'M' 'M' 'M' 'M' 'M' 'M' 'M' 'M' 'M' 'M' 'M' 'M' 'M' 'M' 'U' 'M' 'M'
 'M' 'M' 'M' 'M' 'M' 'M' 'M' 'M' 'A' 'M' 'M' 'M' 'M' 'M' 'M' 'M' 'U' 'M'
 'M' 'M' 'M' 'U' 'U' 'M' 'M' 'M' 'M' 'U' 'M' 'M' 'U' 'U' 'M' 'M' 'M' 'M'
 'M' 'M' 'M' 'M' 'M' 'A' 'U' 'M' 'M' 'U' 'U' 'U' 'M' 'M' 'U' 'M' 'M' 'M'
 'M' 'M' 'M' 'M' 'M' 'M' 'M' 'M' 'M' 'M' 'M' 'M' 'M' 'M' 'M' 'M' 'U' 'U'
 'M' 'M' 'U' 'M' 'M' 'U' 'M' 'M' 'M' 'U' 'M' 'M' 'M' 'U' 'M' 'M' 'M' 'U'
 'M' 'M' 'M' 'U' 'M' 'M' 'M' 'M' 'U' 'M' 'M' 'M' 'M' 'M' 'M' 'M' 'U' 'M'
 'M' 'M' 'M' 'U' 'U' 'U' 'U' 'U' 'U' 'U' 'M' 'U' 'U' 'U' 'M' 'M' 'M' 'M'
 'M' 'U' 'M' 'M' 'M' 'M' 'M' 'M' 'M' 'M' 'U' 'M' 'M' 'M' 'M' 'M' 'M' 'M'
 'M' 'M' 'M' 'M' 'M' 'M' 'M' 'M' 'M' 'M' 'M' 'M' 'M' 'M' 'M' 'M' 'M' 'M'
 'M' 'M' 'M' 'U' 'M' 'M' 'M' 'M' 'M' 'U' 'M' 'U' 'U' 'U' 'M' 'M' 'M' 'M']"
441601,1,160,2,158,38,0,0,"['A' 'M' 'M' 'M' 'M' 'M' 'M' 'M' 'M' 'M' 'M' 'M' 'M' 'M' 'M' 'U' 'M' 'M'
 'M' 'M' 'M' 'M' 'M' 'M' 'M' 'M' 'U' 'M' 'M' 'M' 'M' 'M' 'M' 'M' 'M' 'M'
 'M' 'U' 'M' 'M' 'U' 'M' 'M' 'M' 'U' 'U' 'M' 'M' 'U' 'U' 'M' 'U' 'M' 'M'
 'M' 'M' 'M' 'M' 'U' 'A' 'M' 'M' 'M' 'U' 'U' 'M' 'M' 'M' 'M' 'U' 'U' 'M'
 'M' 'M' 'M' 'M' 'M' 'M' 'M' 'M' 'M' 'M' 'M' 'M' 'M' 'M' 'M' 'U' 'M' 'U'
 'M' 'M' 'M' 'U' 'M' 'M' 'M' 'M' 'M' 'U' 'M' 'M' 'M' 'M' 'M' 'U' 'M' 'M'
 'M' 'M' 'M' 'M' 'M' 'M' 'M' 'M' 'U' 'M' 'M' 'M' 'M' 'M' 'M' 'M' 'U' 'M'
 'M' 'M' 'M' 'U' 'U' 'U' 'U' 'U' 'U' 'U' 'M' 'U' 'U' 'U' 'M' 'M' 'M' 'M'
 'M' 'U' 'M' 'M' 'M' 'M' 'M' 'M' 'M' 'M' 'U' 'M' 'M' 'M' 'M' 'M' 'U' 'M'
 'M' 'M' 'M' 'M' 'M' 'M' 'M' 'M' 'M' 'M' 'M' 'M' 'M' 'M' 'M' 'U' 'M' 'M'
 'M' 'M' 'M' 'U' 'M' 'M' 'M' 'M' 'M' 'U' 'M' 'U' 'M' 'M' 'M' 'M' 'M' 'M']"
441701,0,164,2,162,34,0,0,"['A' 'M' 'M' 'M' 'M' 'M' 'M' 'M' 'M' 'M' 'M' 'M' 'M' 'M' 'M' 'U' 'M' 'M'
 'M' 'M' 'M' 'M' 'M' 'M' 'M' 'M' 'M' 'M' 'M' 'M' 'M' 'M' 'M' 'M' 'M' 'M'
 'M' 'U' 'M' 'M' 'M' 'M' 'M' 'M' 'U' 'M' 'M' 'M' 'U' 'M' 'M' 'U' 'M' 'M'
 'M' 'M' 'M' 'M' 'U' 'U' 'M' 'U' 'M' 'U' 'U' 'M' 'M' 'U' 'M' 'U' 'M' 'M'
 'M' 'M' 'U' 'M' 'M' 'M' 'M' 'M' 'U' 'M' 'M' 'M' 'M' 'M' 'M' 'M' 'M' 'M'
 'M' 'U' 'M' 'M' 'M' 'M' 'M' 'M' 'M' 'M' 'M' 'M' 'M' 'M' 'M' 'U' 'M' 'M'
 'M' 'M' 'M' 'M' 'M' 'M' 'M' 'U' 'U' 'M' 'M' 'M' 'M' 'M' 'M' 'M' 'U' 'M'
 'M' 'M' 'M' 'U' 'M' 'U' 'U' 'U' 'U' 'U' 'U' 'M' 'U' 'A' 'M' 'M' 'M' 'M'
 'M' 'U' 'M' 'M' 'M' 'M' 'M' 'M' 'M' 'M' 'U' 'M' 'M' 'M' 'M' 'U' 'U' 'M'
 'M' 'M' 'M' 'M' 'M' 'M' 'M' 'M' 'M' 'M' 'M' 'M' 'M' 'M' 'M' 'U' 'M' 'M'
 'M' 'M' 'M' 'U' 'M' 'M' 'M' 'M' 'M' 'M' 'M' 'U' 'M' 'M' 'M' 'M' 'M' 'M']"
441801,0,172,2,170,26,0,0,"['A' 'M' 'M' 'M' 'M' 'M' 'M' 'M' 'U' 'M' 'M' 'M' 'M' 'M' 'M' 'U' 'M' 'M'
 'M' 'M' 'M' 'M' 'M' 'M' 'M' 'M' 'M' 'M' 'M' 'U' 'M' 'M' 'M' 'M' 'M' 'M'
 'M' 'U' 'M' 'M' 'M' 'M' 'M' 'M' 'M' 'M' 'M' 'M' 'M' 'M' 'M' 'M' 'M' 'M'
 'M' 'M' 'M' 'M' 'U' 'M' 'M' 'M' 'M' 'M' 'U' 'M' 'U' 'M' 'M' 'M' 'M' 'M'
 'U' 'M' 'M' 'M' 'U' 'M' 'M' 'M' 'U' 'M' 'M' 'M' 'M' 'M' 'M' 'M' 'M' 'M'
 'U' 'M' 'M' 'M' 'M' 'M' 'U' 'M' 'M' 'M' 'M' 'M' 'M' 'M' 'M' 'U' 'M' 'M'
 'M' 'M' 'M' 'M' 'M' 'M' 'M' 'U' 'U' 'M' 'M' 'M' 'M' 'M' 'M' 'M' 'U' 'M'
 'M' 'M' 'M' 'M' 'M' 'M' 'U' 'U' 'M' 'U' 'U' 'U' 'M' 'A' 'U' 'M' 'M' 'M'
 'M' 'U' 'M' 'M' 'M' 'M' 'M' 'M' 'M' 'U' 'M' 'M' 'M' 'M' 'M' 'M' 'M' 'M'
 'M' 'M' 'M' 'M' 'M' 'M' 'M' 'M' 'M' 'M' 'M' 'M' 'M' 'M' 'M' 'U' 'M' 'M'
 'M' 'M' 'M' 'M' 'M' 'M' 'M' 'M' 'M' 'M' 'M' 'U' 'M' 'M' 'M' 'M' 'M' 'M']"
441901,0,170,2,168,28,0,1,"['A' 'U' 'M' 'M' 'M' 'M' 'M' 'M' 'U' 'M' 'M' 'M' 'M' 'M' 'U' 'M' 'M' 'M'
 'M' 'M' 'U' 'M' 'M' 'M' 'M' 'M' 'M' 'M' 'M' 'U' 'M' 'M' 'M' 'M' 'M' 'M'
 'M' 'U' 'M' 'U' 'M' 'M' 'M' 'M' 'M' 'M' 'M' 'M' 'M' 'M' 'M' 'M' 'M' 'M'
 'M' 'M' 'M' 'M' 'U' 'M' 'M' 'M' 'M' 'M' 'U' 'U' 'M' 'M' 'U' 'M' 'M' 'M'
 'M' 'M' 'M' 'U' 'M' 'M' 'U' 'M' 'M' 'M' 'M' 'M' 'M' 'M' 'M' 'M' 'M' 'U'
 'M' 'M' 'M' 'M' 'M' 'M' 'M' 'M' 'M' 'M' 'U' 'M' 'M' 'M' 'M' 'M' 'M' 'M'
 'M' 'M' 'U' 'M' 'M' 'M' 'M' 'U' 'U' 'M' 'M' 'M' 'M' 'M' 'M' 'M' 'U' 'M'
 'M' 'M' 'M' 'M' 'M' 'M' 'U' 'U' 'M' 'U' 'M' 'U' 'M' 'A' 'U' 'M' 'M' 'M'
 'M' 'U' 'M' 'M' 'M' 'M' 'M' 'M' 'M' 'U' 'M' 'M' 'M' 'M' 'M' 'M' 'M' 'M'
 'M' 'U' 'M' 'M' 'M' 'M' 'M' 'M' 'M' 'M' 'M' 'M' 'U' 'M' 'M' 'M' 'M' 'M'
 'M' 'M' 'M' 'M' 'M' 'M' 'M' 'M' 'M' 'M' 'M' 'M' 'M' 'M' 'M' 'M' 'M' 'M']"
442001,0,171,1,170,27,0,0,"['A' 'U' 'U' 'M' 'M' 'M' 'M' 'M' 'U' 'M' 'M' 'M' 'M' 'M' 'U' 'M' 'M' 'M'
 'M' 'M' 'U' 'M' 'U' 'M' 'M' 'M' 'M' 'M' 'M' 'U' 'M' 'M' 'M' 'M' 'M' 'M'
 'M' 'U' 'M' 'U' 'M' 'M' 'M' 'M' 'M' 'M' 'M' 'M' 'M' 'M' 'M' 'M' 'M' 'M'
 'M' 'M' 'M' 'M' 'M' 'U' 'M' 'M' 'M' 'M' 'U' 'M' 'M' 'M' 'M' 'M' 'M' 'M'
 'U' 'M' 'U' 'M' 'M' 'M' 'M' 'M' 'M' 'U' 'M' 'M' 'M' 'M' 'M' 'M' 'U' 'M'
 'U' 'M' 'M' 'M' 'M' 'M' 'M' 'M' 'M' 'M' 'U' 'M' 'M' 'U' 'M' 'M' 'M' 'M'
 'M' 'M' 'U' 'M' 'M' 'M' 'M' 'U' 'U' 'M' 'M' 'M' 'M' 'M' 'M' 'M' 'U' 'M'
 'M' 'M' 'M' 'M' 'M' 'M' 'U' 'M' 'M' 'U' 'M' 'M' 'M' 'M' 'U' 'M' 'M' 'M'
 'M' 'U' 'M' 'M' 'M' 'M' 'M' 'M' 'M' 'M' 'M' 'M' 'M' 'M' 'M' 'M' 'M' 'M'
 'M' 'M' 'M' 'M' 'M' 'M' 'M' 'M' 'M' 'M' 'M' 'M' 'U' 'M' 'M' 'M' 'M' 'M'
 'M' 'M' 'M' 'M' 'M' 'M' 'M' 'M' 'M' 'M' 'M' 'M' 'M' 'M' 'M' 'M' 'M' 'M']"
442101,0,166,1,165,32,0,0,"['A' 'M' 'M' 'M' 'M' 'M' 'M' 'M' 'U' 'M' 'M' 'M' 'M' 'U' 'U' 'M' 'M' 'M'
 'M' 'M' 'U' 'M' 'M' 'M' 'M' 'M' 'M' 'M' 'M' 'U' 'M' 'M' 'M' 'M' 'M' 'M'
 'M' 'U' 'M' 'M' 'M' 'M' 'M' 'M' 'M' 'M' 'M' 'M' 'M' 'U' 'M' 'M' 'M' 'M'
 'M' 'M' 'M' 'M' 'M' 'U' 'M' 'M' 'M' 'M' 'U' 'M' 'M' 'M' 'M' 'M' 'U' 'M'
 'M' 'U' 'M' 'M' 'U' 'U' 'M' 'M' 'M' 'M' 'M' 'M' 'M' 'M' 'M' 'M' 'M' 'M'
 'M' 'M' 'M' 'U' 'M' 'U' 'M' 'M' 'M' 'M' 'U' 'M' 'M' 'U' 'M' 'M' 'M' 'M'
 'M' 'U' 'U' 'M' 'M' 'M' 'M' 'U' 'U' 'M' 'M' 'M' 'M' 'U' 'M' 'M' 'U' 'M'
 'M' 'M' 'M' 'M' 'M' 'M' 'M' 'M' 'M' 'U' 'M' 'M' 'M' 'M' 'M' 'U' 'U' 'M'
 'M' 'U' 'M' 'M' 'M' 'M' 'M' 'M' 'M' 'M' 'U' 'M' 'M' 'M' 'M' 'M' 'M' 'M'
 'M' 'M' 'M' 'M' 'M' 'M' 'M' 'M' 'M' 'M' 'M' 'M' 'U' 'M' 'M' 'U' 'U' 'U'
 'M' 'M' 'M' 'M' 'M' 'M' 'M' 'M' 'M' 'M' 'M' 'M' 'M' 'M' 'M' 'M' 'M' 'M']"
442201,0,164,3,161,34,0,0,"['A' 'M' 'M' 'M' 'M' 'M' 'M' 'M' 'M' 'M' 'M' 'M' 'M' 'A' 'U' 'M' 'M' 'M'
 'M' 'M' 'A' 'M' 'M' 'M' 'M' 'M' 'M' 'M' 'M' 'U' 'M' 'M' 'M' 'M' 'M' 'M'
 'M' 'M' 'M' 'M' 'M' 'M' 'M' 'M' 'M' 'M' 'U' 'M' 'M' 'M' 'U' 'M' 'M' 'M'
 'M' 'M' 'M' 'M' 'M' 'U' 'M' 'M' 'M' 'M' 'U' 'M' 'M' 'U' 'M' 'M' 'M' 'M'
 'M' 'M' 'M' 'M' 'M' 'M' 'M' 'U' 'U' 'M' 'M' 'M' 'U' 'M' 'U' 'M' 'M' 'M'
 'M' 'M' 'M' 'M' 'M' 'M' 'M' 'M' 'M' 'M' 'U' 'M' 'M' 'M' 'M' 'M' 'M' 'M'
 'M' 'U' 'U' 'M' 'M' 'M' 'M' 'U' 'M' 'M' 'M' 'M' 'U' 'U' 'M' 'M' 'U' 'M'
 'M' 'M' 'M' 'M' 'M' 'M' 'U' 'U' 'U' 'M' 'U' 'U' 'M' 'M' 'M' 'U' 'U' 'M'
 'M' 'U' 'M' 'M' 'M' 'M' 'M' 'M' 'M' 'M' 'U' 'M' 'M' 'M' 'M' 'M' 'M' 'M'
 'M' 'M' 'M' 'M' 'M' 'M' 'M' 'M' 'M' 'M' 'M' 'M' 'U' 'U' 'M' 'U' 'U' 'U'
 'M' 'M' 'M' 'M' 'M' 'U' 'M' 'M' 'M' 'M' 'M' 'M' 'M' 'M' 'U' 'M' 'M' 'M']"
442301,0,161,4,157,37,0,0,"['A' 'M' 'M' 'M' 'M' 'M' 'M' 'M' 'M' 'M' 'M' 'M' 'M' 'A' 'U' 'M' 'M' 'M'
 'M' 'M' 'A' 'M' 'M' 'M' 'M' 'M' 'M' 'M' 'M' 'A' 'M' 'M' 'M' 'M' 'U' 'M'
 'M' 'M' 'M' 'M' 'U' 'M' 'U' 'M' 'M' 'M' 'U' 'M' 'M' 'M' 'U' 'M' 'M' 'M'
 'M' 'M' 'M' 'M' 'M' 'U' 'M' 'M' 'M' 'M' 'U' 'M' 'M' 'M' 'M' 'U' 'U' 'M'
 'M' 'M' 'M' 'M' 'M' 'M' 'U' 'M' 'M' 'U' 'M' 'M' 'U' 'M' 'M' 'M' 'M' 'M'
 'M' 'M' 'M' 'M' 'M' 'M' 'M' 'M' 'M' 'M' 'U' 'M' 'U' 'M' 'M' 'M' 'M' 'M'
 'M' 'U' 'M' 'M' 'U' 'M' 'M' 'U' 'M' 'M' 'M' 'M' 'U' 'U' 'M' 'M' 'U' 'M'
 'M' 'M' 'M' 'M' 'M' 'M' 'U' 'M' 'U' 'M' 'U' 'U' 'U' 'M' 'M' 'U' 'U' 'M'
 'M' 'U' 'M' 'M' 'M' 'M' 'M' 'M' 'M' 'M' 'U' 'M' 'M' 'M' 'M' 'M' 'M' 'M'
 'M' 'M' 'U' 'M' 'M' 'M' 'M' 'M' 'M' 'M' 'M' 'M' 'U' 'M' 'M' 'U' 'U' 'M'
 'M' 'M' 'M' 'M' 'M' 'U' 'M' 'M' 'M' 'U' 'M' 'U' 'M' 'M' 'M' 'M' 'M' 'M']"
442401,0,160,3,157,38,0,0,"['A' 'M' 'M' 'M' 'M' 'M' 'M' 'M' 'M' 'M' 'M' 'M' 'M' 'A' 'U' 'U' 'M' 'M'
 'M' 'M' 'A' 'M' 'M' 'M' 'M' 'M' 'M' 'M' 'M' 'U' 'M' 'M' 'M' 'M' 'U' 'M'
 'M' 'M' 'M' 'M' 'U' 'M' 'U' 'M' 'M' 'M' 'U' 'U' 'M' 'M' 'U' 'M' 'U' 'M'
 'M' 'M' 'U' 'M' 'M' 'M' 'M' 'M' 'U' 'M' 'U' 'M' 'M' 'M' 'U' 'M' 'M' 'M'
 'U' 'M' 'M' 'M' 'M' 'M' 'M' 'U' 'M' 'M' 'M' 'M' 'M' 'M' 'M' 'M' 'U' 'M'
 'M' 'U' 'M' 'M' 'M' 'M' 'M' 'M' 'M' 'M' 'U' 'M' 'U' 'M' 'M' 'M' 'M' 'M'
 'M' 'U' 'M' 'M' 'M' 'M' 'M' 'U' 'M' 'M' 'M' 'M' 'U' 'M' 'M' 'M' 'M' 'U'
 'M' 'M' 'M' 'M' 'M' 'M' 'U' 'M' 'M' 'M' 'U' 'M' 'U' 'M' 'M' 'U' 'U' 'M'
 'M' 'U' 'M' 'M' 'M' 'M' 'M' 'M' 'M' 'M' 'M' 'M' 'M' 'M' 'M' 'M' 'M' 'M'
 'M' 'M' 'U' 'M' 'M' 'M' 'M' 'M' 'M' 'M' 'M' 'M' 'U' 'M' 'M' 'U' 'U' 'M'
 'M' 'M' 'U' 'M' 'M' 'U' 'M' 'M' 'M' 'U' 'M' 'U' 'M' 'M' 'M' 'M' 'M' 'M']"
442501,0,168,5,163,30,0,1,"['A' 'U' 'M' 'M' 'M' 'M' 'M' 'M' 'U' 'M' 'M' 'M' 'M' 'A' 'U' 'U' 'M' 'M'
 'M' 'M' 'A' 'M' 'M' 'M' 'M' 'M' 'M' 'M' 'M' 'U' 'M' 'M' 'M' 'M' 'U' 'M'
 'M' 'M' 'M' 'M' 'M' 'M' 'U' 'M' 'M' 'M' 'A' 'M' 'M' 'M' 'U' 'M' 'M' 'U'
 'M' 'M' 'U' 'U' 'M' 'M' 'M' 'M' 'M' 'M' 'M' 'U' 'M' 'M' 'M' 'M' 'M' 'M'
 'M' 'M' 'M' 'M' 'M' 'U' 'M' 'U' 'M' 'M' 'M' 'M' 'M' 'M' 'M' 'M' 'M' 'U'
 'M' 'U' 'M' 'M' 'M' 'M' 'M' 'M' 'M' 'M' 'U' 'M' 'U' 'M' 'M' 'M' 'M' 'M'
 'M' 'U' 'M' 'M' 'M' 'M' 'M' 'U' 'M' 'M' 'M' 'M' 'U' 'M' 'M' 'M' 'M' 'U'
 'M' 'M' 'M' 'M' 'M' 'M' 'M' 'M' 'M' 'M' 'M' 'M' 'U' 'M' 'M' 'U' 'A' 'M'
 'M' 'U' 'M' 'M' 'M' 'M' 'M' 'M' 'M' 'M' 'M' 'M' 'M' 'M' 'M' 'M' 'M' 'M'
 'M' 'M' 'M' 'M' 'M' 'M' 'M' 'M' 'M' 'M' 'M' 'M' 'U' 'M' 'M' 'U' 'M' 'M'
 'M' 'M' 'U' 'M' 'M' 'U' 'M' 'M' 'M' 'U' 'M' 'M' 'M' 'M' 'M' 'M' 'M' 'M']"
442601,0,173,8,165,25,0,0,"['A' 'M' 'M' 'M' 'M' 'M' 'M' 'M' 'A' 'M' 'M' 'M' 'M' 'A' 'U' 'U' 'M' 'U'
 'M' 'M' 'A' 'M' 'M' 'M' 'M' 'M' 'M' 'M' 'M' 'M' 'M' 'M' 'M' 'M' 'U' 'M'
 'M' 'M' 'M' 'M' 'M' 'M' 'U' 'M' 'M' 'M' 'A' 'M' 'M' 'M' 'U' 'M' 'M' 'M'
 'M' 'M' 'U' 'U' 'M' 'M' 'U' 'M' 'M' 'M' 'M' 'M' 'M' 'M' 'U' 'M' 'M' 'M'
 'U' 'M' 'M' 'M' 'M' 'M' 'U' 'M' 'M' 'M' 'M' 'M' 'U' 'M' 'M' 'M' 'M' 'M'
 'M' 'M' 'M' 'U' 'M' 'M' 'M' 'M' 'U' 'M' 'U' 'M' 'A' 'M' 'M' 'M' 'M' 'M'
 'M' 'U' 'M' 'U' 'M' 'M' 'M' 'M' 'M' 'M' 'M' 'M' 'M' 'M' 'M' 'M' 'M' 'M'
 'U' 'M' 'M' 'M' 'M' 'M' 'M' 'M' 'M' 'M' 'M' 'M' 'U' 'M' 'M' 'U' 'A' 'U'
 'M' 'M' 'M' 'M' 'M' 'M' 'M' 'M' 'M' 'M' 'M' 'U' 'M' 'M' 'M' 'M' 'M' 'M'
 'M' 'M' 'M' 'M' 'M' 'M' 'M' 'M' 'M' 'M' 'M' 'M' 'A' 'M' 'M' 'U' 'M' 'M'
 'M' 'M' 'M' 'M' 'M' 'M' 'M' 'M' 'M' 'U' 'M' 'M' 'M' 'M' 'M' 'M' 'M' 'M']"
442701,0,162,7,155,36,0,0,"['A' 'M' 'M' 'M' 'M' 'M' 'M' 'M' 'A' 'M' 'M' 'M' 'M' 'A' 'U' 'U' 'M' 'M'
 'M' 'M' 'A' 'M' 'M' 'M' 'M' 'M' 'M' 'M' 'U' 'M' 'U' 'M' 'M' 'M' 'U' 'M'
 'M' 'M' 'M' 'M' 'M' 'M' 'U' 'M' 'U' 'M' 'U' 'M' 'M' 'M' 'U' 'M' 'M' 'M'
 'M' 'U' 'U' 'U' 'M' 'M' 'U' 'M' 'U' 'M' 'M' 'M' 'M' 'M' 'U' 'M' 'M' 'M'
 'M' 'M' 'M' 'U' 'M' 'M' 'M' 'U' 'M' 'M' 'M' 'M' 'U' 'M' 'M' 'M' 'U' 'M'
 'M' 'M' 'M' 'M' 'M' 'M' 'M' 'M' 'U' 'M' 'M' 'U' 'M' 'M' 'M' 'M' 'M' 'M'
 'M' 'U' 'M' 'U' 'M' 'M' 'M' 'M' 'M' 'M' 'M' 'M' 'M' 'M' 'M' 'A' 'M' 'M'
 'U' 'M' 'M' 'M' 'M' 'M' 'U' 'U' 'U' 'U' 'U' 'U' 'U' 'M' 'M' 'U' 'A' 'U'
 'M' 'M' 'M' 'M' 'M' 'M' 'M' 'M' 'M' 'M' 'U' 'M' 'M' 'M' 'M' 'M' 'M' 'M'
 'M' 'M' 'M' 'M' 'M' 'M' 'M' 'M' 'M' 'M' 'M' 'M' 'A' 'M' 'M' 'U' 'M' 'M'
 'M' 'M' 'M' 'M' 'M' 'M' 'M' 'M' 'M' 'U' 'M' 'M' 'M' 'M' 'M' 'M' 'M' 'M']"
442801,1,164,7,157,34,0,0,"['A' 'M' 'M' 'M' 'M' 'U' 'U' 'M' 'M' 'M' 'M' 'M' 'M' 'A' 'U' 'A' 'U' 'M'
 'M' 'M' 'A' 'M' 'M' 'M' 'M' 'M' 'M' 'M' 'M' 'M' 'U' 'M' 'M' 'M' 'U' 'M'
 'M' 'M' 'M' 'M' 'M' 'M' 'U' 'M' 'U' 'M' 'U' 'M' 'M' 'M' 'U' 'M' 'M' 'M'
 'M' 'M' 'U' 'M' 'M' 'M' 'M' 'M' 'M' 'M' 'M' 'M' 'U' 'M' 'M' 'M' 'M' 'U'
 'M' 'M' 'M' 'M' 'U' 'M' 'M' 'U' 'M' 'M' 'M' 'M' 'M' 'M' 'M' 'M' 'M' 'M'
 'M' 'U' 'M' 'M' 'M' 'M' 'M' 'M' 'U' 'M' 'M' 'U' 'M' 'M' 'M' 'M' 'M' 'M'
 'M' 'M' 'M' 'U' 'M' 'M' 'M' 'M' 'M' 'M' 'M' 'M' 'M' 'M' 'M' 'A' 'U' 'M'
 'U' 'M' 'M' 'M' 'M' 'U' 'U' 'U' 'U' 'U' 'M' 'U' 'M' 'M' 'M' 'U' 'A' 'U'
 'M' 'M' 'M' 'M' 'M' 'M' 'M' 'M' 'M' 'M' 'U' 'M' 'M' 'M' 'M' 'M' 'M' 'M'
 'M' 'M' 'M' 'M' 'M' 'M' 'M' 'M' 'M' 'M' 'M' 'M' 'A' 'M' 'M' 'U' 'U' 'M'
 'M' 'M' 'M' 'M' 'M' 'M' 'M' 'M' 'M' 'U' 'M' 'M' 'M' 'U' 'M' 'M' 'M' 'M']"
442901,0,164,8,156,34,0,1,"['A' 'M' 'M' 'M' 'M' 'U' 'M' 'M' 'M' 'M' 'M' 'M' 'M' 'A' 'U' 'A' 'U' 'M'
 'M' 'M' 'U' 'M' 'M' 'M' 'M' 'M' 'M' 'M' 'M' 'M' 'U' 'U' 'M' 'M' 'U' 'M'
 'M' 'M' 'M' 'M' 'M' 'M' 'U' 'M' 'U' 'M' 'U' 'M' 'M' 'M' 'M' 'M' 'M' 'M'
 'U' 'M' 'U' 'M' 'M' 'M' 'M' 'M' 'M' 'M' 'M' 'M' 'U' 'M' 'M' 'M' 'M' 'M'
 'M' 'M' 'M' 'M' 'M' 'M' 'M' 'U' 'M' 'U' 'M' 'M' 'M' 'M' 'M' 'M' 'M' 'M'
 'M' 'U' 'M' 'M' 'U' 'M' 'M' 'M' 'M' 'M' 'M' 'U' 'M' 'M' 'M' 'M' 'M' 'M'
 'M' 'M' 'M' 'U' 'M' 'M' 'M' 'M' 'M' 'M' 'M' 'M' 'M' 'M' 'M' 'U' 'U' 'M'
 'U' 'M' 'M' 'M' 'M' 'A' 'M' 'A' 'U' 'M' 'U' 'U' 'U' 'M' 'M' 'U' 'A' 'U'
 'M' 'M' 'M' 'U' 'M' 'M' 'M' 'M' 'M' 'M' 'U' 'M' 'M' 'M' 'M' 'M' 'M' 'M'
 'M' 'M' 'M' 'M' 'M' 'M' 'M' 'M' 'M' 'M' 'M' 'M' 'A' 'M' 'M' 'U' 'U' 'M'
 'M' 'M' 'M' 'M' 'M' 'M' 'M' 'M' 'M' 'A' 'M' 'M' 'M' 'U' 'M' 'U' 'M' 'M']"
443001,0,162,6,156,36,0,0,"['A' 'M' 'M' 'M' 'M' 'U' 'M' 'M' 'M' 'M' 'M' 'M' 'M' 'A' 'U' 'U' 'U' 'M'
 'M' 'M' 'U' 'M' 'M' 'M' 'M' 'M' 'M' 'M' 'M' 'M' 'M' 'M' 'M' 'M' 'U' 'M'
 'M' 'M' 'M' 'M' 'M' 'M' 'U' 'M' 'U' 'M' 'U' 'M' 'M' 'M' 'M' 'M' 'M' 'M'
 'U' 'U' 'U' 'M' 'M' 'M' 'M' 'M' 'M' 'M' 'M' 'M' 'M' 'M' 'M' 'U' 'M' 'M'
 'M' 'M' 'M' 'M' 'U' 'M' 'M' 'U' 'M' 'M' 'M' 'M' 'M' 'M' 'M' 'M' 'M' 'M'
 'M' 'M' 'U' 'M' 'U' 'M' 'M' 'M' 'M' 'M' 'M' 'U' 'M' 'M' 'M' 'M' 'M' 'U'
 'M' 'M' 'M' 'U' 'M' 'M' 'M' 'M' 'U' 'M' 'M' 'M' 'M' 'M' 'M' 'M' 'U' 'M'
 'U' 'M' 'M' 'M' 'M' 'U' 'M' 'A' 'U' 'M' 'U' 'M' 'M' 'M' 'M' 'U' 'A' 'U'
 'M' 'M' 'M' 'A' 'M' 'M' 'M' 'M' 'M' 'M' 'U' 'M' 'M' 'M' 'M' 'M' 'M' 'M'
 'M' 'M' 'M' 'M' 'M' 'M' 'M' 'M' 'M' 'M' 'M' 'M' 'U' 'M' 'M' 'U' 'U' 'M'
 'M' 'M' 'M' 'M' 'M' 'U' 'M' 'M' 'M' 'A' 'M' 'M' 'M' 'U' 'M' 'U' 'M' 'U']"
443101,0,169,8,161,29,0,0,"['A' 'M' 'M' 'M' 'M' 'A' 'M' 'M' 'M' 'M' 'M' 'M' 'M' 'A' 'U' 'U' 'M' 'M'
 'M' 'M' 'U' 'M' 'M' 'M' 'M' 'M' 'M' 'M' 'M' 'M' 'M' 'M' 'M' 'M' 'U' 'U'
 'M' 'M' 'M' 'M' 'M' 'M' 'U' 'M' 'M' 'M' 'A' 'M' 'M' 'M' 'M' 'M' 'M' 'M'
 'M' 'M' 'M' 'M' 'M' 'M' 'M' 'U' 'M' 'M' 'M' 'M' 'M' 'U' 'M' 'M' 'M' 'M'
 'M' 'M' 'M' 'M' 'M' 'M' 'M' 'M' 'M' 'M' 'M' 'M' 'M' 'U' 'M' 'M' 'M' 'M'
 'U' 'U' 'M' 'U' 'M' 'M' 'M' 'M' 'M' 'M' 'M' 'U' 'M' 'M' 'M' 'M' 'M' 'M'
 'M' 'M' 'M' 'M' 'M' 'M' 'M' 'M' 'U' 'M' 'M' 'M' 'M' 'M' 'M' 'M' 'U' 'M'
 'U' 'M' 'U' 'M' 'M' 'U' 'M' 'A' 'M' 'M' 'U' 'M' 'M' 'M' 'M' 'U' 'A' 'U'
 'M' 'M' 'M' 'A' 'M' 'M' 'M' 'M' 'M' 'M' 'M' 'M' 'M' 'M' 'M' 'M' 'M' 'U'
 'M' 'M' 'M' 'M' 'M' 'M' 'M' 'M' 'M' 'M' 'M' 'M' 'U' 'M' 'U' 'M' 'U' 'M'
 'M' 'M' 'M' 'M' 'M' 'U' 'M' 'M' 'M' 'A' 'M' 'M' 'M' 'U' 'M' 'U' 'M' 'U']"
443201,0,172,7,165,26,0,0,"['A' 'M' 'M' 'M' 'M' 'A' 'M' 'M' 'M' 'M' 'M' 'M' 'M' 'A' 'M' 'M' 'M' 'M'
 'M' 'M' 'U' 'M' 'M' 'M' 'M' 'M' 'M' 'M' 'M' 'M' 'M' 'M' 'M' 'M' 'M' 'U'
 'M' 'M' 'M' 'M' 'M' 'M' 'U' 'M' 'M' 'M' 'A' 'M' 'M' 'M' 'M' 'M' 'M' 'M'
 'M' 'M' 'M' 'M' 'M' 'M' 'M' 'U' 'M' 'M' 'M' 'M' 'M' 'M' 'U' 'U' 'M' 'M'
 'M' 'M' 'M' 'M' 'M' 'U' 'M' 'M' 'M' 'M' 'U' 'M' 'M' 'M' 'M' 'M' 'M' 'M'
 'M' 'M' 'U' 'M' 'M' 'M' 'M' 'M' 'U' 'M' 'M' 'M' 'M' 'M' 'U' 'M' 'M' 'M'
 'M' 'M' 'M' 'M' 'M' 'M' 'M' 'M' 'U' 'M' 'M' 'M' 'U' 'M' 'M' 'M' 'M' 'M'
 'U' 'M' 'U' 'M' 'M' 'U' 'M' 'A' 'M' 'M' 'U' 'M' 'M' 'M' 'M' 'M' 'A' 'U'
 'M' 'M' 'M' 'U' 'M' 'M' 'M' 'M' 'M' 'M' 'M' 'M' 'M' 'M' 'M' 'M' 'M' 'U'
 'M' 'M' 'M' 'M' 'M' 'M' 'M' 'M' 'M' 'M' 'M' 'M' 'U' 'M' 'U' 'M' 'U' 'M'
 'M' 'M' 'M' 'U' 'M' 'U' 'M' 'M' 'M' 'A' 'M' 'M' 'M' 'U' 'M' 'M' 'M' 'M']"
443301,0,173,6,167,25,0,1,"['A' 'M' 'M' 'M' 'M' 'A' 'M' 'M' 'M' 'M' 'M' 'M' 'M' 'A' 'M' 'M' 'M' 'M'
 'M' 'M' 'U' 'M' 'M' 'M' 'M' 'M' 'M' 'M' 'M' 'M' 'M' 'M' 'M' 'M' 'M' 'U'
 'M' 'M' 'M' 'M' 'M' 'M' 'M' 'M' 'M' 'M' 'U' 'M' 'M' 'M' 'M' 'M' 'M' 'M'
 'M' 'M' 'M' 'M' 'M' 'M' 'M' 'M' 'M' 'M' 'M' 'M' 'M' 'U' 'M' 'M' 'M' 'M'
 'M' 'M' 'M' 'M' 'M' 'M' 'M' 'M' 'M' 'U' 'M' 'M' 'M' 'U' 'M' 'M' 'M' 'U'
 'M' 'M' 'M' 'M' 'U' 'M' 'M' 'M' 'M' 'M' 'M' 'M' 'M' 'M' 'U' 'M' 'M' 'M'
 'M' 'M' 'M' 'M' 'M' 'M' 'M' 'M' 'U' 'M' 'M' 'M' 'M' 'U' 'M' 'M' 'M' 'M'
 'U' 'M' 'U' 'M' 'M' 'M' 'M' 'A' 'M' 'M' 'A' 'M' 'M' 'M' 'M' 'M' 'A' 'M'
 'M' 'M' 'M' 'U' 'U' 'M' 'M' 'M' 'U' 'M' 'M' 'M' 'M' 'M' 'M' 'U' 'M' 'U'
 'M' 'M' 'M' 'M' 'U' 'M' 'M' 'M' 'M' 'M' 'M' 'M' 'M' 'M' 'M' 'M' 'U' 'M'
 'M' 'M' 'M' 'U' 'M' 'U' 'M' 'M' 'M' 'U' 'M' 'U' 'M' 'U' 'M' 'M' 'M' 'M']"
443401,0,174,4,170,24,0,0,"['A' 'M' 'U' 'M' 'M' 'U' 'M' 'M' 'M' 'M' 'U' 'M' 'M' 'A' 'M' 'M' 'M' 'M'
 'M' 'M' 'U' 'M' 'M' 'M' 'M' 'M' 'M' 'M' 'M' 'M' 'M' 'M' 'M' 'M' 'M' 'M'
 'M' 'M' 'M' 'M' 'M' 'M' 'M' 'M' 'M' 'M' 'M' 'M' 'M' 'M' 'M' 'M' 'M' 'M'
 'M' 'M' 'M' 'M' 'M' 'M' 'M' 'M' 'M' 'M' 'M' 'M' 'U' 'M' 'U' 'M' 'M' 'M'
 'U' 'M' 'M' 'M' 'M' 'M' 'M' 'M' 'M' 'M' 'M' 'M' 'M' 'M' 'M' 'M' 'M' 'M'
 'M' 'U' 'U' 'M' 'M' 'M' 'M' 'M' 'M' 'M' 'M' 'M' 'M' 'M' 'M' 'M' 'M' 'M'
 'M' 'M' 'M' 'M' 'M' 'M' 'M' 'M' 'U' 'M' 'M' 'M' 'M' 'U' 'M' 'M' 'M' 'M'
 'U' 'M' 'U' 'M' 'M' 'M' 'M' 'A' 'M' 'M' 'A' 'M' 'M' 'M' 'M' 'M' 'U' 'M'
 'M' 'M' 'M' 'U' 'M' 'M' 'M' 'M' 'U' 'M' 'M' 'M' 'M' 'M' 'M' 'U' 'M' 'M'
 'M' 'M' 'M' 'M' 'U' 'M' 'U' 'M' 'M' 'M' 'M' 'M' 'M' 'M' 'M' 'M' 'M' 'M'
 'M' 'M' 'M' 'U' 'M' 'U' 'M' 'M' 'M' 'U' 'M' 'U' 'M' 'U' 'M' 'M' 'M' 'M']"
443501,0,172,3,169,26,0,0,"['A' 'M' 'U' 'M' 'U' 'U' 'M' 'M' 'M' 'M' 'U' 'M' 'M' 'A' 'M' 'M' 'M' 'M'
 'M' 'M' 'U' 'M' 'M' 'M' 'M' 'M' 'M' 'M' 'M' 'M' 'M' 'M' 'M' 'M' 'M' 'M'
 'M' 'M' 'M' 'M' 'M' 'M' 'M' 'M' 'M' 'M' 'M' 'M' 'M' 'M' 'M' 'M' 'M' 'M'
 'M' 'M' 'M' 'M' 'M' 'M' 'M' 'M' 'M' 'M' 'M' 'U' 'M' 'M' 'M' 'M' 'M' 'M'
 'M' 'M' 'M' 'M' 'M' 'M' 'U' 'U' 'M' 'M' 'U' 'M' 'M' 'U' 'M' 'M' 'M' 'M'
 'M' 'M' 'M' 'M' 'M' 'M' 'M' 'M' 'M' 'M' 'M' 'M' 'M' 'M' 'M' 'M' 'U' 'M'
 'M' 'M' 'M' 'M' 'M' 'M' 'M' 'M' 'U' 'M' 'M' 'M' 'M' 'M' 'M' 'M' 'U' 'M'
 'M' 'M' 'U' 'U' 'M' 'M' 'M' 'A' 'M' 'M' 'M' 'M' 'M' 'M' 'M' 'M' 'U' 'M'
 'M' 'M' 'M' 'M' 'M' 'M' 'M' 'M' 'M' 'M' 'M' 'M' 'M' 'M' 'U' 'M' 'M' 'M'
 'M' 'M' 'M' 'M' 'U' 'M' 'U' 'M' 'M' 'M' 'M' 'M' 'M' 'M' 'M' 'M' 'M' 'M'
 'M' 'U' 'M' 'U' 'M' 'U' 'M' 'M' 'M' 'U' 'M' 'U' 'U' 'U' 'M' 'M' 'M' 'M']"
443601,0,167,3,164,31,0,0,"['A' 'M' 'U' 'M' 'U' 'U' 'M' 'M' 'M' 'M' 'U' 'M' 'M' 'A' 'M' 'M' 'M' 'U'
 'M' 'M' 'U' 'M' 'M' 'M' 'M' 'M' 'M' 'M' 'M' 'M' 'M' 'U' 'M' 'M' 'M' 'M'
 'M' 'M' 'M' 'M' 'M' 'M' 'M' 'M' 'M' 'M' 'M' 'M' 'M' 'M' 'M' 'M' 'M' 'M'
 'M' 'M' 'M' 'M' 'M' 'U' 'M' 'M' 'M' 'M' 'M' 'M' 'M' 'M' 'M' 'M' 'M' 'M'
 'M' 'U' 'U' 'M' 'U' 'M' 'U' 'M' 'M' 'M' 'M' 'M' 'M' 'M' 'M' 'M' 'U' 'M'
 'M' 'M' 'M' 'M' 'M' 'M' 'M' 'M' 'M' 'M' 'M' 'M' 'M' 'M' 'M' 'U' 'M' 'M'
 'M' 'M' 'M' 'M' 'M' 'M' 'M' 'M' 'U' 'U' 'M' 'M' 'M' 'M' 'M' 'M' 'U' 'M'
 'M' 'M' 'U' 'U' 'M' 'M' 'M' 'U' 'M' 'M' 'M' 'M' 'M' 'M' 'M' 'M' 'U' 'M'
 'U' 'M' 'M' 'M' 'M' 'M' 'M' 'M' 'M' 'U' 'M' 'U' 'M' 'M' 'U' 'M' 'M' 'M'
 'M' 'M' 'M' 'M' 'A' 'M' 'M' 'U' 'M' 'M' 'M' 'M' 'M' 'M' 'M' 'M' 'M' 'M'
 'M' 'M' 'M' 'M' 'M' 'U' 'U' 'M' 'M' 'U' 'M' 'U' 'M' 'U' 'M' 'M' 'M' 'M']"
443701,0,169,2,167,29,0,0,"['A' 'U' 'U' 'M' 'M' 'U' 'M' 'U' 'M' 'M' 'U' 'M' 'M' 'U' 'M' 'M' 'M' 'M'
 'M' 'M' 'M' 'M' 'M' 'U' 'M' 'M' 'M' 'M' 'M' 'M' 'M' 'U' 'M' 'M' 'M' 'M'
 'M' 'M' 'M' 'M' 'M' 'U' 'M' 'M' 'M' 'M' 'M' 'M' 'M' 'M' 'M' 'M' 'M' 'M'
 'M' 'M' 'M' 'M' 'M' 'U' 'M' 'M' 'M' 'M' 'M' 'M' 'M' 'U' 'M' 'M' 'U' 'M'
 'M' 'M' 'M' 'M' 'U' 'M' 'M' 'M' 'M' 'M' 'M' 'M' 'U' 'M' 'M' 'M' 'M' 'M'
 'U' 'M' 'M' 'M' 'M' 'M' 'M' 'M' 'M' 'M' 'M' 'M' 'M' 'M' 'M' 'U' 'M' 'M'
 'M' 'M' 'M' 'M' 'M' 'M' 'M' 'M' 'M' 'U' 'M' 'M' 'M' 'M' 'M' 'M' 'M' 'M'
 'M' 'M' 'U' 'U' 'M' 'M' 'M' 'M' 'M' 'M' 'M' 'M' 'M' 'M' 'M' 'M' 'U' 'M'
 'U' 'M' 'M' 'M' 'M' 'M' 'M' 'M' 'M' 'U' 'M' 'M' 'M' 'M' 'U' 'M' 'M' 'M'
 'M' 'M' 'M' 'M' 'A' 'M' 'M' 'U' 'M' 'M' 'M' 'M' 'M' 'M' 'M' 'M' 'M' 'M'
 'M' 'M' 'M' 'M' 'M' 'U' 'U' 'M' 'M' 'U' 'M' 'U' 'M' 'U' 'M' 'M' 'M' 'M']"
443801,0,173,2,171,25,1,0,"['A' 'U' 'U' 'M' 'M' 'U' 'M' 'U' 'U' 'M' 'U' 'M' 'M' 'U' 'M' 'M' 'M' 'M'
 'M' 'M' 'M' 'M' 'M' 'U' 'M' 'M' 'M' 'M' 'M' 'M' 'M' 'M' 'M' 'M' 'M' 'M'
 'M' 'M' 'M' 'M' 'M' 'U' 'M' 'M' 'M' 'M' 'M' 'M' 'M' 'M' 'M' 'M' 'M' 'M'
 'M' 'M' 'M' 'M' 'M' 'U' 'M' 'M' 'M' 'M' 'M' 'U' 'M' 'M' 'M' 'U' 'M' 'M'
 'M' 'M' 'M' 'M' 'M' 'M' 'M' 'U' 'M' 'U' 'M' 'M' 'M' 'M' 'U' 'M' 'M' 'M'
 'M' 'M' 'M' 'M' 'M' 'M' 'M' 'M' 'M' 'M' 'M' 'M' 'M' 'M' 'M' 'M' 'M' 'M'
 'M' 'M' 'M' 'M' 'M' 'M' 'M' 'M' 'M' 'M' 'M' 'M' 'M' 'M' 'M' 'M' 'M' 'U'
 'M' 'M' 'U' 'U' 'M' 'M' 'M' 'M' 'M' 'M' 'M' 'M' 'U' 'M' 'M' 'M' 'M' 'M'
 'M' 'M' 'M' 'M' 'M' 'M' 'M' 'M' 'M' 'M' 'M' 'M' 'M' 'M' 'U' 'M' 'M' 'M'
 'M' 'M' 'M' 'M' 'A' 'M' 'M' 'U' 'U' 'M' 'M' 'M' 'M' 'M' 'M' 'M' 'M' 'M'
 'M' 'M' 'M' 'M' 'U' 'U' 'M' 'M' 'M' 'M' 'M' 'U' 'M' 'M' 'M' 'M' 'M' 'M']"
443901,0,167,3,164,31,0,0,"['A' 'U' 'U' 'M' 'U' 'U' 'M' 'U' 'M' 'M' 'A' 'M' 'M' 'M' 'M' 'M' 'M' 'M'
 'U' 'M' 'M' 'M' 'M' 'U' 'M' 'M' 'M' 'M' 'M' 'M' 'M' 'M' 'M' 'M' 'M' 'M'
 'M' 'M' 'M' 'M' 'M' 'U' 'M' 'M' 'M' 'M' 'M' 'M' 'M' 'M' 'M' 'M' 'M' 'M'
 'M' 'M' 'M' 'M' 'M' 'M' 'M' 'M' 'M' 'M' 'M' 'M' 'M' 'M' 'M' 'M' 'M' 'M'
 'M' 'M' 'M' 'M' 'M' 'U' 'M' 'M' 'M' 'U' 'M' 'M' 'M' 'U' 'U' 'M' 'M' 'M'
 'M' 'M' 'M' 'M' 'U' 'M' 'M' 'M' 'M' 'M' 'M' 'M' 'M' 'M' 'M' 'M' 'M' 'M'
 'M' 'M' 'M' 'M' 'M' 'U' 'M' 'M' 'M' 'M' 'M' 'M' 'M' 'M' 'M' 'M' 'M' 'M'
 'M' 'M' 'U' 'M' 'M' 'M' 'U' 'U' 'U' 'U' 'U' 'U' 'U' 'M' 'M' 'M' 'M' 'M'
 'M' 'M' 'M' 'M' 'M' 'M' 'M' 'M' 'M' 'M' 'M' 'M' 'U' 'M' 'U' 'U' 'M' 'M'
 'M' 'M' 'M' 'U' 'A' 'M' 'M' 'U' 'U' 'M' 'M' 'M' 'M' 'U' 'M' 'M' 'M' 'M'
 'M' 'M' 'M' 'M' 'M' 'U' 'M' 'M' 'M' 'M' 'M' 'U' 'M' 'M' 'M' 'M' 'M' 'M']"
444001,0,169,3,166,29,0,1,"['A' 'U' 'U' 'M' 'U' 'U' 'M' 'U' 'M' 'M' 'A' 'M' 'M' 'M' 'M' 'M' 'M' 'M'
 'M' 'M' 'M' 'M' 'M' 'U' 'M' 'M' 'M' 'M' 'U' 'M' 'U' 'M' 'M' 'M' 'M' 'M'
 'M' 'M' 'M' 'M' 'M' 'U' 'M' 'M' 'M' 'M' 'M' 'M' 'M' 'M' 'M' 'M' 'M' 'M'
 'M' 'M' 'M' 'M' 'M' 'M' 'M' 'M' 'U' 'M' 'M' 'U' 'M' 'M' 'M' 'M' 'U' 'M'
 'M' 'M' 'M' 'M' 'M' 'M' 'M' 'M' 'M' 'M' 'M' 'M' 'M' 'M' 'M' 'M' 'M' 'U'
 'U' 'M' 'M' 'U' 'M' 'M' 'M' 'M' 'M' 'M' 'M' 'M' 'M' 'M' 'M' 'M' 'M' 'M'
 'M' 'M' 'M' 'M' 'M' 'U' 'M' 'M' 'M' 'M' 'M' 'M' 'M' 'M' 'M' 'M' 'M' 'M'
 'M' 'M' 'U' 'M' 'M' 'M' 'M' 'M' 'M' 'U' 'M' 'U' 'M' 'M' 'M' 'M' 'M' 'M'
 'M' 'M' 'M' 'M' 'M' 'M' 'M' 'M' 'M' 'M' 'M' 'M' 'U' 'M' 'U' 'U' 'M' 'M'
 'M' 'M' 'U' 'U' 'A' 'M' 'M' 'U' 'U' 'M' 'M' 'M' 'M' 'U' 'M' 'M' 'M' 'M'
 'M' 'M' 'M' 'U' 'M' 'M' 'M' 'M' 'M' 'M' 'M' 'M' 'M' 'M' 'M' 'M' 'U' 'M']"
444101,0,167,3,164,31,0,0,"['A' 'U' 'A' 'M' 'U' 'U' 'U' 'U' 'M' 'M' 'U' 'M' 'M' 'M' 'M' 'M' 'M' 'M'
 'M' 'M' 'M' 'M' 'M' 'U' 'M' 'M' 'M' 'M' 'U' 'M' 'U' 'M' 'M' 'M' 'M' 'M'
 'M' 'M' 'M' 'M' 'M' 'U' 'M' 'M' 'M' 'M' 'M' 'M' 'M' 'M' 'M' 'M' 'M' 'M'
 'M' 'M' 'M' 'M' 'M' 'M' 'M' 'M' 'U' 'M' 'M' 'M' 'M' 'M' 'U' 'U' 'M' 'U'
 'M' 'M' 'U' 'M' 'M' 'M' 'M' 'M' 'M' 'M' 'M' 'M' 'M' 'M' 'M' 'M' 'M' 'M'
 'M' 'U' 'M' 'M' 'M' 'M' 'M' 'M' 'M' 'M' 'M' 'M' 'M' 'M' 'M' 'M' 'M' 'M'
 'M' 'M' 'M' 'M' 'M' 'M' 'M' 'M' 'M' 'M' 'M' 'M' 'M' 'M' 'U' 'U' 'M' 'M'
 'M' 'M' 'U' 'M' 'M' 'U' 'M' 'M' 'M' 'U' 'M' 'U' 'M' 'M' 'M' 'M' 'M' 'M'
 'M' 'M' 'M' 'M' 'M' 'M' 'M' 'M' 'M' 'M' 'M' 'M' 'U' 'M' 'U' 'M' 'M' 'M'
 'M' 'M' 'U' 'U' 'M' 'M' 'M' 'U' 'U' 'M' 'M' 'M' 'M' 'U' 'M' 'M' 'M' 'M'
 'M' 'M' 'U' 'A' 'M' 'M' 'M' 'M' 'M' 'M' 'M' 'M' 'M' 'M' 'M' 'M' 'U' 'M']"
444201,0,162,4,158,36,0,0,"['A' 'M' 'A' 'M' 'U' 'M' 'U' 'U' 'M' 'U' 'A' 'M' 'M' 'M' 'M' 'M' 'M' 'M'
 'M' 'M' 'M' 'U' 'M' 'U' 'M' 'M' 'M' 'M' 'U' 'M' 'M' 'M' 'M' 'M' 'M' 'U'
 'M' 'M' 'M' 'M' 'M' 'U' 'M' 'M' 'M' 'M' 'M' 'M' 'M' 'M' 'M' 'M' 'M' 'M'
 'U' 'M' 'M' 'M' 'M' 'M' 'M' 'M' 'M' 'M' 'M' 'U' 'M' 'M' 'M' 'M' 'M' 'M'
 'M' 'U' 'M' 'M' 'M' 'U' 'M' 'M' 'M' 'M' 'M' 'M' 'M' 'M' 'M' 'M' 'M' 'M'
 'M' 'M' 'U' 'M' 'U' 'U' 'M' 'M' 'M' 'M' 'M' 'M' 'M' 'M' 'M' 'M' 'M' 'U'
 'M' 'M' 'M' 'M' 'M' 'M' 'M' 'M' 'M' 'M' 'M' 'M' 'M' 'M' 'U' 'M' 'M' 'M'
 'M' 'M' 'U' 'M' 'M' 'U' 'U' 'U' 'U' 'U' 'U' 'M' 'U' 'M' 'M' 'M' 'M' 'M'
 'M' 'M' 'M' 'M' 'M' 'M' 'M' 'M' 'M' 'M' 'M' 'M' 'U' 'M' 'U' 'U' 'M' 'M'
 'M' 'M' 'U' 'U' 'M' 'M' 'M' 'U' 'M' 'M' 'M' 'M' 'M' 'U' 'U' 'M' 'M' 'M'
 'M' 'M' 'U' 'A' 'M' 'M' 'M' 'M' 'M' 'M' 'M' 'M' 'M' 'M' 'M' 'M' 'U' 'M']"
444301,0,167,4,163,31,0,0,"['A' 'M' 'A' 'M' 'U' 'M' 'M' 'U' 'M' 'M' 'A' 'M' 'M' 'M' 'M' 'M' 'M' 'M'
 'U' 'M' 'M' 'M' 'M' 'M' 'M' 'M' 'M' 'M' 'U' 'M' 'M' 'M' 'M' 'M' 'M' 'U'
 'M' 'M' 'M' 'M' 'M' 'U' 'M' 'M' 'M' 'M' 'M' 'M' 'M' 'M' 'M' 'M' 'M' 'M'
 'U' 'M' 'M' 'M' 'M' 'M' 'M' 'M' 'M' 'M' 'M' 'U' 'M' 'M' 'U' 'M' 'M' 'M'
 'M' 'U' 'M' 'M' 'M' 'M' 'U' 'M' 'M' 'M' 'M' 'M' 'U' 'M' 'M' 'M' 'M' 'M'
 'M' 'M' 'M' 'M' 'M' 'M' 'M' 'M' 'M' 'M' 'M' 'M' 'M' 'M' 'M' 'M' 'U' 'M'
 'M' 'M' 'M' 'M' 'M' 'M' 'U' 'M' 'M' 'M' 'M' 'M' 'M' 'M' 'U' 'M' 'M' 'M'
 'M' 'M' 'U' 'M' 'M' 'U' 'U' 'U' 'M' 'U' 'U' 'M' 'U' 'M' 'M' 'M' 'M' 'M'
 'M' 'M' 'M' 'M' 'M' 'M' 'M' 'M' 'M' 'M' 'M' 'M' 'M' 'U' 'U' 'U' 'M' 'M'
 'M' 'M' 'U' 'U' 'M' 'M' 'M' 'M' 'M' 'M' 'M' 'U' 'M' 'U' 'U' 'M' 'M' 'M'
 'M' 'M' 'M' 'A' 'M' 'M' 'M' 'M' 'M' 'M' 'M' 'M' 'M' 'M' 'M' 'M' 'U' 'M']"
444401,0,167,3,164,31,1,0,"['A' 'M' 'A' 'M' 'U' 'M' 'M' 'M' 'M' 'M' 'U' 'M' 'M' 'M' 'M' 'M' 'M' 'M'
 'U' 'M' 'M' 'M' 'U' 'M' 'M' 'M' 'M' 'M' 'U' 'M' 'M' 'M' 'M' 'M' 'M' 'U'
 'M' 'M' 'M' 'M' 'M' 'U' 'M' 'M' 'M' 'M' 'M' 'U' 'M' 'M' 'M' 'M' 'M' 'M'
 'U' 'M' 'M' 'M' 'M' 'M' 'M' 'U' 'M' 'M' 'M' 'M' 'M' 'M' 'M' 'M' 'M' 'M'
 'M' 'M' 'M' 'M' 'U' 'M' 'U' 'M' 'M' 'M' 'U' 'M' 'U' 'M' 'M' 'M' 'M' 'M'
 'M' 'M' 'M' 'M' 'U' 'M' 'M' 'M' 'M' 'M' 'M' 'M' 'M' 'M' 'M' 'M' 'U' 'M'
 'M' 'M' 'M' 'M' 'U' 'M' 'U' 'M' 'M' 'M' 'M' 'M' 'M' 'M' 'U' 'M' 'M' 'M'
 'M' 'M' 'M' 'M' 'M' 'M' 'M' 'U' 'M' 'M' 'U' 'M' 'U' 'M' 'M' 'M' 'M' 'M'
 'M' 'M' 'M' 'M' 'U' 'M' 'M' 'M' 'M' 'M' 'M' 'M' 'M' 'U' 'U' 'M' 'M' 'M'
 'M' 'M' 'U' 'U' 'M' 'M' 'M' 'M' 'M' 'M' 'M' 'U' 'M' 'U' 'U' 'M' 'M' 'M'
 'M' 'M' 'M' 'A' 'M' 'M' 'M' 'M' 'M' 'M' 'M' 'M' 'M' 'M' 'M' 'M' 'U' 'M']"
444501,0,165,2,163,33,0,0,"['A' 'M' 'U' 'M' 'U' 'M' 'M' 'M' 'M' 'M' 'M' 'M' 'M' 'M' 'M' 'M' 'M' 'U'
 'M' 'M' 'M' 'M' 'U' 'M' 'U' 'M' 'M' 'M' 'U' 'M' 'M' 'M' 'M' 'M' 'M' 'U'
 'U' 'M' 'M' 'M' 'M' 'U' 'M' 'M' 'M' 'M' 'M' 'U' 'M' 'M' 'M' 'M' 'M' 'M'
 'M' 'M' 'M' 'M' 'M' 'M' 'M' 'M' 'M' 'U' 'M' 'U' 'M' 'M' 'M' 'M' 'M' 'M'
 'M' 'M' 'M' 'M' 'U' 'M' 'U' 'M' 'M' 'M' 'M' 'U' 'M' 'M' 'M' 'M' 'M' 'M'
 'M' 'M' 'U' 'M' 'M' 'M' 'M' 'M' 'M' 'M' 'M' 'M' 'U' 'M' 'M' 'M' 'U' 'M'
 'M' 'M' 'M' 'M' 'U' 'M' 'U' 'M' 'M' 'M' 'M' 'M' 'M' 'M' 'U' 'M' 'M' 'M'
 'M' 'M' 'M' 'M' 'M' 'M' 'M' 'U' 'M' 'M' 'U' 'M' 'U' 'M' 'M' 'U' 'M' 'M'
 'M' 'M' 'U' 'M' 'U' 'M' 'M' 'M' 'M' 'M' 'M' 'M' 'M' 'U' 'U' 'M' 'M' 'U'
 'M' 'M' 'U' 'M' 'M' 'M' 'M' 'M' 'M' 'M' 'M' 'U' 'M' 'M' 'M' 'M' 'M' 'M'
 'M' 'M' 'M' 'A' 'M' 'M' 'M' 'M' 'M' 'M' 'M' 'M' 'M' 'M' 'M' 'M' 'U' 'M']"
444601,1,158,3,155,40,0,0,"['A' 'M' 'U' 'M' 'U' 'M' 'M' 'M' 'M' 'M' 'M' 'M' 'M' 'M' 'M' 'M' 'M' 'U'
 'M' 'M' 'M' 'M' 'M' 'M' 'U' 'M' 'M' 'M' 'U' 'M' 'M' 'U' 'M' 'M' 'M' 'U'
 'M' 'M' 'M' 'M' 'M' 'U' 'M' 'M' 'M' 'U' 'M' 'U' 'M' 'M' 'M' 'M' 'M' 'M'
 'M' 'M' 'M' 'U' 'M' 'M' 'M' 'M' 'M' 'M' 'M' 'M' 'M' 'M' 'M' 'M' 'M' 'M'
 'M' 'M' 'M' 'U' 'U' 'M' 'M' 'M' 'M' 'M' 'M' 'M' 'M' 'U' 'M' 'M' 'M' 'U'
 'M' 'M' 'M' 'M' 'U' 'M' 'M' 'M' 'M' 'M' 'M' 'M' 'M' 'M' 'M' 'M' 'U' 'M'
 'M' 'M' 'M' 'M' 'U' 'M' 'M' 'M' 'M' 'M' 'M' 'M' 'M' 'M' 'U' 'M' 'M' 'U'
 'M' 'M' 'M' 'M' 'M' 'U' 'U' 'U' 'U' 'U' 'U' 'U' 'U' 'M' 'M' 'U' 'M' 'M'
 'M' 'M' 'U' 'U' 'U' 'M' 'M' 'M' 'M' 'M' 'M' 'U' 'M' 'U' 'A' 'M' 'M' 'U'
 'M' 'M' 'U' 'U' 'U' 'M' 'M' 'M' 'M' 'M' 'U' 'U' 'M' 'M' 'M' 'M' 'M' 'M'
 'M' 'M' 'M' 'A' 'M' 'M' 'M' 'M' 'M' 'M' 'M' 'M' 'M' 'M' 'M' 'M' 'M' 'M']"
444701,0,161,3,158,37,0,0,"['A' 'M' 'U' 'M' 'U' 'M' 'M' 'M' 'M' 'M' 'M' 'M' 'M' 'M' 'M' 'M' 'U' 'U'
 'M' 'M' 'M' 'M' 'M' 'M' 'M' 'M' 'M' 'M' 'U' 'M' 'M' 'U' 'M' 'M' 'M' 'U'
 'M' 'M' 'M' 'M' 'M' 'U' 'M' 'M' 'M' 'M' 'M' 'U' 'M' 'M' 'M' 'M' 'M' 'M'
 'M' 'M' 'M' 'U' 'M' 'M' 'M' 'M' 'M' 'M' 'M' 'M' 'M' 'U' 'M' 'M' 'M' 'M'
 'U' 'M' 'U' 'U' 'M' 'M' 'M' 'M' 'M' 'M' 'M' 'M' 'M' 'M' 'M' 'M' 'M' 'M'
 'U' 'M' 'M' 'M' 'M' 'M' 'M' 'M' 'M' 'M' 'M' 'M' 'M' 'M' 'M' 'M' 'U' 'M'
 'M' 'M' 'M' 'M' 'U' 'M' 'M' 'M' 'M' 'U' 'M' 'U' 'M' 'M' 'M' 'M' 'M' 'U'
 'M' 'M' 'M' 'M' 'M' 'U' 'U' 'U' 'U' 'U' 'U' 'U' 'U' 'M' 'M' 'U' 'M' 'M'
 'M' 'M' 'U' 'M' 'M' 'M' 'M' 'M' 'M' 'M' 'M' 'U' 'M' 'M' 'A' 'M' 'M' 'U'
 'M' 'M' 'U' 'U' 'U' 'M' 'M' 'M' 'M' 'M' 'U' 'U' 'M' 'M' 'M' 'M' 'M' 'M'
 'M' 'M' 'M' 'A' 'M' 'M' 'M' 'M' 'M' 'M' 'M' 'M' 'M' 'M' 'M' 'M' 'M' 'M']"
444801,0,161,3,158,37,0,1,"['A' 'M' 'U' 'M' 'M' 'M' 'M' 'M' 'M' 'U' 'M' 'M' 'M' 'M' 'M' 'M' 'U' 'M'
 'M' 'M' 'M' 'M' 'M' 'M' 'M' 'M' 'M' 'M' 'U' 'M' 'M' 'U' 'M' 'M' 'M' 'U'
 'M' 'M' 'M' 'M' 'M' 'M' 'M' 'M' 'M' 'M' 'M' 'U' 'M' 'M' 'U' 'M' 'M' 'M'
 'M' 'M' 'M' 'M' 'M' 'M' 'M' 'M' 'M' 'M' 'U' 'M' 'M' 'M' 'M' 'M' 'M' 'M'
 'M' 'U' 'M' 'U' 'M' 'M' 'U' 'M' 'M' 'M' 'M' 'U' 'M' 'M' 'M' 'M' 'M' 'M'
 'U' 'M' 'M' 'M' 'M' 'M' 'M' 'M' 'M' 'M' 'M' 'M' 'M' 'M' 'M' 'M' 'U' 'M'
 'M' 'M' 'U' 'M' 'U' 'M' 'M' 'M' 'M' 'M' 'M' 'U' 'M' 'M' 'M' 'U' 'M' 'U'
 'M' 'M' 'M' 'M' 'M' 'M' 'U' 'M' 'U' 'U' 'U' 'U' 'U' 'M' 'M' 'M' 'M' 'M'
 'M' 'M' 'U' 'M' 'M' 'M' 'M' 'M' 'M' 'M' 'M' 'U' 'M' 'U' 'A' 'M' 'M' 'U'
 'M' 'M' 'M' 'U' 'U' 'M' 'U' 'M' 'M' 'M' 'M' 'U' 'M' 'M' 'U' 'M' 'M' 'M'
 'M' 'M' 'M' 'A' 'M' 'M' 'M' 'M' 'M' 'M' 'M' 'M' 'M' 'M' 'U' 'M' 'M' 'U']"
444901,1,157,4,153,41,0,0,"['A' 'M' 'U' 'M' 'M' 'M' 'M' 'M' 'M' 'U' 'M' 'M' 'U' 'M' 'M' 'U' 'U' 'M'
 'M' 'M' 'U' 'M' 'M' 'M' 'M' 'M' 'M' 'M' 'U' 'M' 'M' 'U' 'M' 'M' 'M' 'U'
 'M' 'M' 'M' 'M' 'M' 'M' 'M' 'M' 'M' 'M' 'M' 'M' 'M' 'M' 'U' 'U' 'M' 'M'
 'M' 'M' 'M' 'M' 'M' 'M' 'M' 'M' 'M' 'M' 'M' 'M' 'M' 'M' 'M' 'M' 'U' 'M'
 'M' 'M' 'M' 'U' 'M' 'M' 'M' 'M' 'U' 'M' 'M' 'M' 'M' 'M' 'M' 'M' 'M' 'M'
 'M' 'U' 'M' 'M' 'U' 'M' 'M' 'M' 'M' 'M' 'M' 'M' 'M' 'M' 'M' 'M' 'U' 'M'
 'M' 'M' 'U' 'M' 'U' 'M' 'M' 'M' 'M' 'M' 'M' 'U' 'M' 'M' 'M' 'A' 'M' 'U'
 'M' 'M' 'M' 'M' 'M' 'M' 'U' 'M' 'U' 'U' 'U' 'U' 'U' 'M' 'M' 'U' 'M' 'M'
 'U' 'M' 'U' 'M' 'M' 'M' 'M' 'M' 'U' 'M' 'M' 'U' 'U' 'U' 'A' 'M' 'M' 'M'
 'M' 'M' 'M' 'U' 'U' 'U' 'U' 'M' 'M' 'M' 'M' 'U' 'M' 'M' 'M' 'M' 'M' 'M'
 'M' 'M' 'M' 'A' 'M' 'M' 'M' 'U' 'M' 'M' 'M' 'M' 'M' 'M' 'U' 'M' 'M' 'M']"
445001,0,158,6,152,40,0,0,"['A' 'M' 'U' 'M' 'M' 'M' 'M' 'M' 'M' 'M' 'M' 'M' 'U' 'M' 'M' 'U' 'U' 'M'
 'M' 'M' 'U' 'M' 'U' 'M' 'M' 'M' 'M' 'M' 'U' 'M' 'M' 'U' 'M' 'M' 'M' 'M'
 'U' 'M' 'M' 'M' 'M' 'M' 'M' 'M' 'M' 'M' 'M' 'M' 'M' 'M' 'U' 'U' 'M' 'U'
 'M' 'M' 'U' 'M' 'M' 'M' 'M' 'M' 'M' 'M' 'M' 'M' 'U' 'M' 'M' 'M' 'M' 'M'
 'M' 'M' 'U' 'M' 'M' 'M' 'M' 'M' 'U' 'M' 'M' 'M' 'M' 'M' 'M' 'M' 'M' 'M'
 'M' 'M' 'U' 'U' 'M' 'M' 'M' 'M' 'M' 'M' 'M' 'M' 'M' 'M' 'M' 'M' 'U' 'M'
 'M' 'M' 'U' 'M' 'U' 'M' 'M' 'M' 'M' 'M' 'M' 'M' 'U' 'M' 'M' 'A' 'M' 'U'
 'M' 'M' 'M' 'M' 'M' 'M' 'U' 'U' 'U' 'U' 'U' 'U' 'U' 'M' 'M' 'U' 'A' 'M'
 'U' 'M' 'A' 'M' 'M' 'M' 'M' 'M' 'U' 'M' 'M' 'U' 'U' 'U' 'A' 'M' 'M' 'M'
 'M' 'M' 'M' 'U' 'M' 'M' 'U' 'M' 'M' 'M' 'M' 'M' 'M' 'M' 'M' 'M' 'M' 'M'
 'M' 'M' 'M' 'A' 'M' 'M' 'M' 'U' 'M' 'M' 'M' 'M' 'M' 'M' 'U' 'M' 'M' 'M']"
445101,0,154,3,151,44,1,0,"['A' 'M' 'M' 'M' 'M' 'M' 'M' 'M' 'M' 'M' 'M' 'M' 'U' 'M' 'M' 'M' 'U' 'M'
 'M' 'M' 'U' 'M' 'U' 'M' 'M' 'M' 'M' 'U' 'U' 'M' 'M' 'U' 'M' 'M' 'U' 'M'
 'U' 'M' 'M' 'M' 'M' 'M' 'M' 'M' 'M' 'M' 'M' 'M' 'M' 'M' 'U' 'U' 'M' 'U'
 'M' 'M' 'M' 'M' 'M' 'M' 'M' 'M' 'M' 'M' 'M' 'M' 'M' 'M' 'U' 'U' 'M' 'M'
 'M' 'M' 'M' 'M' 'M' 'M' 'M' 'U' 'M' 'M' 'M' 'M' 'M' 'M' 'M' 'M' 'M' 'M'
 'U' 'M' 'M' 'U' 'M' 'M' 'M' 'M' 'M' 'M' 'M' 'M' 'M' 'M' 'M' 'M' 'M' 'M'
 'M' 'U' 'M' 'M' 'U' 'M' 'M' 'M' 'M' 'M' 'M' 'M' 'U' 'M' 'M' 'U' 'M' 'U'
 'M' 'M' 'M' 'M' 'M' 'U' 'M' 'U' 'U' 'U' 'U' 'U' 'U' 'M' 'M' 'U' 'A' 'M'
 'U' 'M' 'U' 'M' 'M' 'M' 'M' 'U' 'U' 'M' 'M' 'U' 'U' 'U' 'U' 'M' 'M' 'M'
 'M' 'M' 'M' 'U' 'M' 'M' 'U' 'M' 'M' 'M' 'M' 'M' 'M' 'M' 'M' 'M' 'M' 'M'
 'U' 'U' 'M' 'A' 'M' 'M' 'M' 'U' 'M' 'M' 'M' 'M' 'M' 'M' 'U' 'M' 'M' 'M']"
445201,0,159,3,156,39,0,0,"['A' 'M' 'M' 'U' 'M' 'M' 'M' 'M' 'M' 'M' 'M' 'M' 'M' 'M' 'M' 'M' 'U' 'M'
 'M' 'M' 'U' 'M' 'U' 'M' 'M' 'M' 'M' 'U' 'M' 'M' 'M' 'U' 'M' 'M' 'U' 'M'
 'M' 'M' 'M' 'U' 'M' 'M' 'M' 'M' 'M' 'M' 'M' 'M' 'M' 'M' 'U' 'M' 'M' 'M'
 'M' 'M' 'M' 'M' 'M' 'M' 'M' 'M' 'M' 'M' 'M' 'M' 'M' 'M' 'M' 'M' 'M' 'M'
 'M' 'M' 'M' 'M' 'U' 'U' 'U' 'M' 'M' 'M' 'M' 'U' 'M' 'M' 'M' 'M' 'M' 'M'
 'M' 'M' 'U' 'M' 'M' 'M' 'M' 'M' 'M' 'M' 'U' 'M' 'M' 'M' 'M' 'M' 'M' 'M'
 'M' 'U' 'M' 'U' 'U' 'M' 'M' 'M' 'M' 'M' 'M' 'M' 'M' 'M' 'M' 'U' 'M' 'M'
 'M' 'M' 'M' 'M' 'M' 'U' 'M' 'U' 'U' 'U' 'U' 'U' 'U' 'M' 'M' 'U' 'A' 'M'
 'M' 'M' 'U' 'M' 'M' 'M' 'M' 'U' 'M' 'M' 'M' 'U' 'M' 'M' 'U' 'M' 'M' 'M'
 'M' 'M' 'M' 'U' 'M' 'M' 'U' 'M' 'M' 'M' 'M' 'M' 'M' 'M' 'M' 'M' 'U' 'M'
 'U' 'U' 'M' 'A' 'U' 'M' 'M' 'U' 'M' 'M' 'M' 'M' 'M' 'M' 'U' 'M' 'M' 'M']"
445301,0,160,5,155,38,0,0,"['A' 'M' 'M' 'U' 'M' 'M' 'M' 'M' 'M' 'M' 'M' 'M' 'M' 'M' 'U' 'M' 'M' 'M'
 'M' 'M' 'U' 'M' 'U' 'M' 'M' 'M' 'M' 'U' 'M' 'M' 'M' 'U' 'M' 'M' 'U' 'M'
 'M' 'M' 'M' 'U' 'M' 'M' 'M' 'M' 'M' 'M' 'M' 'U' 'M' 'M' 'U' 'M' 'M' 'M'
 'M' 'M' 'M' 'M' 'M' 'M' 'M' 'M' 'M' 'M' 'U' 'M' 'M' 'M' 'M' 'M' 'M' 'U'
 'M' 'U' 'M' 'M' 'M' 'M' 'M' 'M' 'M' 'U' 'M' 'U' 'M' 'M' 'M' 'M' 'M' 'M'
 'M' 'M' 'U' 'M' 'M' 'M' 'M' 'M' 'M' 'M' 'U' 'M' 'M' 'M' 'M' 'M' 'M' 'M'
 'M' 'U' 'M' 'U' 'U' 'M' 'M' 'M' 'M' 'M' 'M' 'M' 'M' 'M' 'M' 'U' 'M' 'M'
 'M' 'M' 'M' 'M' 'M' 'U' 'M' 'U' 'M' 'U' 'A' 'A' 'U' 'M' 'M' 'A' 'A' 'M'
 'M' 'M' 'U' 'M' 'M' 'U' 'M' 'U' 'M' 'M' 'U' 'U' 'M' 'M' 'U' 'M' 'M' 'M'
 'M' 'M' 'M' 'U' 'M' 'M' 'U' 'M' 'M' 'M' 'M' 'M' 'M' 'M' 'M' 'M' 'U' 'M'
 'M' 'U' 'M' 'M' 'U' 'M' 'M' 'U' 'M' 'M' 'M' 'M' 'M' 'M' 'U' 'M' 'M' 'M']"
445401,0,157,4,153,41,0,0,"['A' 'M' 'M' 'U' 'M' 'M' 'M' 'M' 'M' 'M' 'M' 'M' 'M' 'M' 'U' 'M' 'M' 'M'
 'M' 'M' 'U' 'M' 'U' 'M' 'M' 'M' 'M' 'U' 'M' 'M' 'M' 'U' 'M' 'M' 'U' 'M'
 'M' 'M' 'M' 'U' 'M' 'M' 'M' 'M' 'M' 'U' 'M' 'M' 'M' 'M' 'U' 'M' 'M' 'M'
 'M' 'M' 'M' 'M' 'M' 'M' 'M' 'M' 'M' 'M' 'U' 'M' 'M' 'M' 'M' 'M' 'M' 'M'
 'M' 'M' 'M' 'U' 'M' 'U' 'M' 'M' 'U' 'M' 'M' 'M' 'M' 'M' 'M' 'M' 'U' 'M'
 'M' 'M' 'U' 'M' 'M' 'M' 'M' 'M' 'M' 'M' 'U' 'M' 'M' 'M' 'M' 'U' 'M' 'U'
 'M' 'M' 'M' 'U' 'U' 'M' 'M' 'M' 'M' 'M' 'M' 'M' 'M' 'M' 'M' 'U' 'M' 'M'
 'M' 'M' 'M' 'M' 'M' 'U' 'U' 'M' 'U' 'U' 'A' 'A' 'M' 'M' 'M' 'A' 'U' 'M'
 'M' 'U' 'U' 'M' 'M' 'M' 'M' 'U' 'M' 'M' 'U' 'U' 'M' 'M' 'U' 'M' 'M' 'U'
 'M' 'U' 'M' 'U' 'M' 'M' 'U' 'M' 'U' 'M' 'M' 'M' 'M' 'M' 'M' 'M' 'M' 'M'
 'M' 'U' 'M' 'M' 'M' 'M' 'M' 'U' 'M' 'M' 'M' 'M' 'M' 'M' 'U' 'M' 'M' 'M']"
445501,0,157,5,152,41,0,0,"['A' 'M' 'M' 'U' 'M' 'M' 'M' 'M' 'M' 'M' 'U' 'M' 'M' 'M' 'M' 'M' 'M' 'M'
 'M' 'M' 'U' 'M' 'U' 'M' 'U' 'M' 'M' 'U' 'M' 'M' 'M' 'U' 'M' 'M' 'U' 'M'
 'M' 'M' 'M' 'M' 'M' 'M' 'M' 'M' 'M' 'U' 'M' 'M' 'M' 'M' 'M' 'M' 'M' 'M'
 'M' 'M' 'M' 'M' 'M' 'M' 'U' 'M' 'M' 'M' 'U' 'U' 'M' 'M' 'M' 'M' 'U' 'M'
 'M' 'M' 'U' 'M' 'M' 'M' 'M' 'M' 'M' 'M' 'M' 'M' 'M' 'M' 'M' 'U' 'M' 'M'
 'M' 'M' 'M' 'M' 'U' 'M' 'M' 'M' 'M' 'M' 'U' 'U' 'M' 'M' 'M' 'U' 'M' 'U'
 'M' 'M' 'M' 'U' 'A' 'M' 'M' 'M' 'M' 'M' 'M' 'M' 'M' 'M' 'M' 'U' 'M' 'M'
 'M' 'M' 'M' 'M' 'M' 'U' 'U' 'U' 'U' 'U' 'M' 'A' 'U' 'M' 'M' 'U' 'U' 'M'
 'M' 'A' 'U' 'M' 'M' 'M' 'M' 'M' 'M' 'M' 'U' 'U' 'M' 'M' 'M' 'U' 'M' 'M'
 'M' 'U' 'M' 'U' 'M' 'M' 'U' 'M' 'U' 'M' 'M' 'M' 'M' 'M' 'M' 'M' 'M' 'M'
 'M' 'U' 'M' 'M' 'M' 'M' 'M' 'A' 'M' 'M' 'M' 'M' 'M' 'M' 'U' 'U' 'M' 'M']"
445601,0,155,3,152,43,0,0,"['A' 'M' 'M' 'U' 'M' 'M' 'M' 'M' 'M' 'M' 'U' 'M' 'M' 'M' 'M' 'M' 'M' 'M'
 'M' 'M' 'U' 'M' 'U' 'M' 'U' 'M' 'M' 'U' 'M' 'M' 'M' 'M' 'M' 'M' 'U' 'M'
 'M' 'U' 'M' 'M' 'M' 'U' 'M' 'M' 'M' 'U' 'M' 'M' 'M' 'M' 'U' 'M' 'M' 'M'
 'M' 'M' 'M' 'M' 'M' 'M' 'M' 'M' 'M' 'M' 'U' 'M' 'M' 'M' 'U' 'M' 'M' 'M'
 'M' 'M' 'M' 'M' 'M' 'M' 'M' 'M' 'M' 'M' 'U' 'M' 'M' 'M' 'M' 'M' 'U' 'U'
 'M' 'M' 'U' 'M' 'M' 'M' 'M' 'M' 'M' 'M' 'U' 'U' 'M' 'M' 'M' 'U' 'M' 'U'
 'M' 'U' 'M' 'U' 'A' 'M' 'M' 'M' 'U' 'M' 'U' 'M' 'M' 'M' 'M' 'U' 'M' 'M'
 'M' 'M' 'M' 'M' 'U' 'U' 'U' 'U' 'U' 'U' 'U' 'A' 'M' 'M' 'M' 'M' 'U' 'M'
 'U' 'M' 'U' 'M' 'M' 'M' 'M' 'M' 'M' 'M' 'M' 'U' 'M' 'M' 'M' 'M' 'M' 'M'
 'M' 'U' 'M' 'M' 'M' 'M' 'U' 'M' 'M' 'M' 'M' 'M' 'M' 'M' 'M' 'U' 'M' 'M'
 'M' 'U' 'M' 'M' 'M' 'M' 'M' 'U' 'M' 'M' 'M' 'M' 'M' 'M' 'U' 'M' 'M' 'M']"
445701,0,162,3,159,36,0,0,"['A' 'M' 'M' 'M' 'M' 'M' 'M' 'M' 'M' 'M' 'M' 'M' 'M' 'M' 'M' 'M' 'M' 'M'
 'M' 'M' 'M' 'M' 'M' 'M' 'U' 'M' 'M' 'U' 'M' 'M' 'M' 'U' 'M' 'U' 'M' 'M'
 'M' 'U' 'M' 'U' 'M' 'M' 'M' 'M' 'M' 'U' 'M' 'M' 'M' 'M' 'U' 'M' 'M' 'M'
 'M' 'M' 'M' 'M' 'M' 'M' 'M' 'M' 'M' 'U' 'M' 'M' 'U' 'M' 'M' 'M' 'M' 'M'
 'M' 'U' 'M' 'M' 'M' 'M' 'M' 'U' 'M' 'M' 'M' 'M' 'M' 'M' 'M' 'M' 'M' 'M'
 'U' 'M' 'M' 'U' 'M' 'M' 'M' 'M' 'M' 'M' 'M' 'U' 'M' 'M' 'M' 'M' 'M' 'U'
 'M' 'U' 'M' 'U' 'U' 'M' 'M' 'M' 'U' 'M' 'U' 'M' 'M' 'M' 'M' 'M' 'M' 'U'
 'M' 'M' 'M' 'M' 'M' 'U' 'U' 'U' 'U' 'U' 'U' 'A' 'U' 'M' 'M' 'M' 'U' 'M'
 'U' 'M' 'A' 'M' 'M' 'M' 'M' 'M' 'M' 'M' 'M' 'U' 'M' 'M' 'M' 'M' 'M' 'M'
 'M' 'M' 'M' 'M' 'M' 'M' 'U' 'M' 'M' 'M' 'M' 'M' 'M' 'M' 'M' 'U' 'M' 'M'
 'M' 'U' 'M' 'M' 'M' 'M' 'M' 'M' 'M' 'M' 'M' 'M' 'M' 'M' 'U' 'M' 'M' 'M']"
445801,1,160,4,156,38,0,0,"['A' 'M' 'M' 'M' 'M' 'M' 'M' 'M' 'M' 'M' 'M' 'M' 'M' 'M' 'M' 'M' 'M' 'M'
 'M' 'M' 'M' 'M' 'M' 'M' 'U' 'U' 'M' 'U' 'M' 'M' 'M' 'U' 'M' 'U' 'M' 'M'
 'M' 'U' 'M' 'M' 'M' 'M' 'M' 'M' 'M' 'U' 'M' 'M' 'M' 'M' 'M' 'M' 'M' 'M'
 'M' 'M' 'M' 'M' 'M' 'M' 'M' 'M' 'M' 'U' 'M' 'M' 'M' 'M' 'M' 'M' 'U' 'M'
 'U' 'M' 'M' 'M' 'M' 'M' 'M' 'M' 'U' 'M' 'M' 'M' 'M' 'M' 'U' 'M' 'U' 'M'
 'M' 'M' 'M' 'M' 'M' 'U' 'M' 'M' 'M' 'M' 'M' 'U' 'M' 'M' 'M' 'M' 'M' 'U'
 'M' 'U' 'M' 'M' 'U' 'M' 'M' 'U' 'M' 'M' 'U' 'M' 'U' 'M' 'M' 'M' 'M' 'U'
 'M' 'M' 'U' 'M' 'M' 'U' 'U' 'U' 'U' 'U' 'U' 'A' 'U' 'M' 'M' 'M' 'U' 'M'
 'U' 'M' 'A' 'M' 'M' 'M' 'M' 'M' 'M' 'M' 'M' 'U' 'M' 'M' 'M' 'M' 'M' 'M'
 'M' 'A' 'M' 'M' 'M' 'M' 'M' 'M' 'M' 'M' 'M' 'M' 'M' 'U' 'M' 'U' 'M' 'M'
 'U' 'U' 'M' 'M' 'M' 'M' 'M' 'M' 'M' 'M' 'M' 'M' 'M' 'M' 'U' 'M' 'M' 'M']"
445901,1,156,6,150,42,0,0,"['A' 'U' 'M' 'M' 'M' 'M' 'M' 'M' 'M' 'M' 'M' 'M' 'M' 'M' 'M' 'U' 'M' 'M'
 'M' 'M' 'U' 'M' 'M' 'M' 'U' 'U' 'M' 'U' 'U' 'M' 'M' 'U' 'M' 'U' 'M' 'M'
 'M' 'U' 'M' 'M' 'U' 'M' 'M' 'M' 'M' 'A' 'M' 'M' 'M' 'M' 'M' 'M' 'M' 'M'
 'M' 'M' 'M' 'M' 'M' 'M' 'M' 'U' 'M' 'U' 'U' 'M' 'M' 'M' 'M' 'M' 'U' 'M'
 'M' 'U' 'M' 'M' 'M' 'M' 'M' 'M' 'U' 'M' 'M' 'M' 'M' 'M' 'M' 'U' 'M' 'M'
 'M' 'U' 'M' 'M' 'M' 'U' 'M' 'M' 'M' 'M' 'M' 'U' 'M' 'M' 'M' 'M' 'M' 'U'
 'M' 'M' 'M' 'M' 'M' 'M' 'M' 'U' 'M' 'M' 'U' 'M' 'M' 'M' 'M' 'M' 'M' 'U'
 'M' 'M' 'U' 'M' 'M' 'U' 'A' 'U' 'U' 'U' 'U' 'A' 'U' 'M' 'M' 'M' 'M' 'M'
 'U' 'M' 'A' 'M' 'M' 'M' 'M' 'M' 'M' 'M' 'M' 'M' 'M' 'M' 'M' 'M' 'M' 'M'
 'M' 'A' 'M' 'M' 'M' 'U' 'M' 'M' 'U' 'M' 'M' 'M' 'M' 'U' 'U' 'U' 'M' 'M'
 'U' 'M' 'M' 'U' 'M' 'M' 'U' 'M' 'M' 'M' 'M' 'M' 'M' 'M' 'U' 'M' 'M' 'M']"
446001,0,153,5,148,45,1,0,"['A' 'U' 'M' 'U' 'M' 'M' 'M' 'M' 'M' 'M' 'M' 'U' 'M' 'M' 'M' 'U' 'M' 'U'
 'M' 'M' 'U' 'M' 'M' 'M' 'U' 'U' 'M' 'M' 'U' 'M' 'M' 'M' 'M' 'U' 'M' 'M'
 'M' 'U' 'M' 'M' 'A' 'M' 'M' 'M' 'M' 'U' 'M' 'U' 'M' 'M' 'M' 'M' 'M' 'M'
 'M' 'M' 'M' 'U' 'M' 'M' 'M' 'M' 'M' 'U' 'U' 'M' 'M' 'M' 'U' 'U' 'M' 'M'
 'M' 'M' 'M' 'M' 'M' 'M' 'U' 'M' 'M' 'M' 'M' 'M' 'U' 'M' 'M' 'M' 'U' 'M'
 'M' 'M' 'M' 'M' 'M' 'U' 'M' 'M' 'M' 'M' 'M' 'U' 'M' 'M' 'M' 'M' 'M' 'U'
 'M' 'M' 'M' 'M' 'M' 'M' 'M' 'M' 'M' 'M' 'M' 'M' 'M' 'M' 'M' 'M' 'M' 'U'
 'M' 'M' 'M' 'M' 'M' 'U' 'A' 'U' 'U' 'U' 'U' 'U' 'U' 'M' 'M' 'M' 'M' 'U'
 'U' 'M' 'A' 'M' 'M' 'M' 'M' 'M' 'M' 'M' 'U' 'U' 'M' 'M' 'M' 'M' 'M' 'M'
 'U' 'A' 'M' 'M' 'M' 'U' 'M' 'M' 'U' 'M' 'M' 'M' 'M' 'U' 'U' 'U' 'M' 'M'
 'M' 'M' 'M' 'U' 'M' 'M' 'U' 'M' 'M' 'M' 'M' 'M' 'M' 'M' 'U' 'M' 'M' 'M']"
446101,0,153,6,147,45,0,0,"['A' 'U' 'M' 'M' 'U' 'M' 'M' 'M' 'M' 'M' 'M' 'U' 'M' 'M' 'M' 'M' 'M' 'M'
 'M' 'M' 'U' 'M' 'M' 'M' 'U' 'U' 'M' 'M' 'M' 'M' 'M' 'U' 'U' 'U' 'M' 'M'
 'M' 'M' 'U' 'M' 'U' 'M' 'M' 'U' 'M' 'A' 'M' 'U' 'M' 'M' 'M' 'M' 'U' 'M'
 'M' 'M' 'M' 'U' 'M' 'M' 'M' 'M' 'M' 'U' 'U' 'U' 'M' 'M' 'M' 'U' 'M' 'M'
 'M' 'M' 'M' 'M' 'M' 'U' 'M' 'M' 'M' 'U' 'M' 'M' 'M' 'M' 'M' 'U' 'M' 'M'
 'M' 'M' 'M' 'M' 'M' 'U' 'M' 'M' 'M' 'M' 'M' 'U' 'M' 'U' 'M' 'M' 'U' 'M'
 'M' 'M' 'M' 'M' 'M' 'M' 'M' 'M' 'M' 'M' 'M' 'M' 'M' 'M' 'M' 'M' 'M' 'U'
 'M' 'M' 'M' 'M' 'M' 'U' 'A' 'U' 'U' 'U' 'M' 'U' 'U' 'M' 'M' 'M' 'M' 'U'
 'U' 'M' 'A' 'M' 'M' 'M' 'M' 'M' 'M' 'M' 'U' 'A' 'M' 'M' 'M' 'M' 'U' 'M'
 'U' 'A' 'M' 'M' 'M' 'U' 'M' 'M' 'U' 'M' 'M' 'M' 'M' 'M' 'U' 'U' 'M' 'M'
 'M' 'U' 'M' 'M' 'M' 'M' 'U' 'M' 'M' 'M' 'M' 'M' 'M' 'M' 'U' 'M' 'M' 'M']"
446201,0,157,4,153,41,0,1,"['A' 'M' 'M' 'M' 'U' 'M' 'M' 'M' 'M' 'M' 'M' 'U' 'M' 'M' 'M' 'M' 'M' 'M'
 'M' 'M' 'U' 'M' 'M' 'M' 'U' 'U' 'M' 'M' 'M' 'U' 'M' 'U' 'U' 'M' 'M' 'M'
 'M' 'M' 'M' 'M' 'U' 'M' 'M' 'M' 'M' 'U' 'M' 'U' 'M' 'M' 'M' 'U' 'U' 'M'
 'M' 'M' 'U' 'U' 'M' 'M' 'M' 'M' 'M' 'U' 'M' 'M' 'M' 'U' 'U' 'M' 'U' 'M'
 'M' 'M' 'M' 'M' 'M' 'U' 'M' 'M' 'M' 'U' 'M' 'M' 'M' 'M' 'M' 'M' 'M' 'M'
 'M' 'M' 'M' 'M' 'M' 'U' 'M' 'M' 'M' 'M' 'M' 'U' 'M' 'U' 'M' 'M' 'U' 'M'
 'M' 'M' 'M' 'M' 'M' 'M' 'M' 'M' 'M' 'M' 'M' 'M' 'M' 'M' 'M' 'M' 'M' 'U'
 'M' 'M' 'M' 'M' 'M' 'U' 'U' 'M' 'M' 'M' 'U' 'U' 'U' 'M' 'M' 'M' 'M' 'U'
 'M' 'M' 'A' 'M' 'U' 'M' 'M' 'M' 'M' 'M' 'U' 'A' 'M' 'M' 'M' 'M' 'U' 'M'
 'U' 'A' 'M' 'M' 'M' 'U' 'M' 'M' 'U' 'M' 'M' 'M' 'M' 'M' 'U' 'M' 'M' 'M'
 'M' 'U' 'M' 'M' 'M' 'M' 'M' 'M' 'M' 'M' 'M' 'M' 'M' 'M' 'U' 'M' 'M' 'M']"
446301,0,158,4,154,40,0,0,"['A' 'M' 'M' 'M' 'M' 'M' 'M' 'M' 'M' 'M' 'M' 'U' 'M' 'M' 'M' 'M' 'M' 'U'
 'M' 'M' 'U' 'M' 'M' 'M' 'A' 'U' 'M' 'M' 'M' 'U' 'M' 'U' 'U' 'U' 'M' 'M'
 'M' 'M' 'M' 'M' 'M' 'M' 'M' 'M' 'M' 'U' 'U' 'U' 'M' 'M' 'M' 'U' 'U' 'M'
 'M' 'M' 'U' 'U' 'M' 'M' 'M' 'M' 'M' 'M' 'M' 'M' 'M' 'M' 'M' 'U' 'M' 'M'
 'M' 'M' 'M' 'U' 'U' 'M' 'M' 'M' 'M' 'M' 'M' 'M' 'M' 'M' 'U' 'M' 'M' 'M'
 'M' 'M' 'U' 'M' 'M' 'M' 'M' 'M' 'M' 'M' 'M' 'U' 'M' 'U' 'M' 'M' 'M' 'M'
 'M' 'M' 'U' 'M' 'M' 'M' 'M' 'M' 'M' 'M' 'M' 'U' 'M' 'M' 'U' 'M' 'M' 'U'
 'M' 'M' 'M' 'M' 'M' 'U' 'U' 'M' 'M' 'M' 'U' 'U' 'M' 'M' 'M' 'M' 'M' 'U'
 'M' 'M' 'U' 'M' 'U' 'M' 'M' 'M' 'M' 'M' 'M' 'A' 'M' 'M' 'M' 'M' 'M' 'U'
 'U' 'A' 'M' 'M' 'M' 'U' 'M' 'M' 'U' 'M' 'M' 'M' 'M' 'M' 'U' 'M' 'M' 'M'
 'U' 'M' 'M' 'M' 'M' 'M' 'M' 'M' 'M' 'M' 'M' 'M' 'M' 'M' 'U' 'M' 'M' 'M']"
446401,2,155,2,153,43,0,0,"['A' 'M' 'M' 'M' 'M' 'M' 'M' 'M' 'M' 'M' 'M' 'M' 'M' 'M' 'M' 'M' 'M' 'M'
 'M' 'M' 'U' 'M' 'M' 'M' 'A' 'U' 'M' 'M' 'M' 'U' 'M' 'U' 'M' 'U' 'M' 'M'
 'M' 'M' 'M' 'M' 'M' 'M' 'M' 'M' 'M' 'U' 'M' 'U' 'M' 'M' 'M' 'U' 'U' 'M'
 'M' 'M' 'U' 'U' 'M' 'M' 'M' 'M' 'M' 'M' 'M' 'M' 'M' 'M' 'M' 'M' 'M' 'U'
 'M' 'M' 'M' 'M' 'M' 'M' 'M' 'M' 'M' 'M' 'M' 'M' 'M' 'M' 'M' 'U' 'M' 'U'
 'M' 'M' 'U' 'U' 'M' 'M' 'U' 'M' 'M' 'U' 'M' 'U' 'M' 'M' 'M' 'M' 'M' 'M'
 'M' 'M' 'U' 'M' 'M' 'M' 'M' 'M' 'M' 'M' 'M' 'U' 'M' 'M' 'U' 'M' 'M' 'U'
 'M' 'M' 'M' 'M' 'M' 'U' 'U' 'U' 'U' 'U' 'U' 'U' 'U' 'M' 'M' 'M' 'M' 'U'
 'M' 'M' 'U' 'M' 'M' 'M' 'M' 'M' 'M' 'M' 'U' 'U' 'M' 'M' 'M' 'M' 'M' 'U'
 'U' 'U' 'M' 'M' 'M' 'U' 'M' 'M' 'U' 'M' 'M' 'M' 'M' 'M' 'M' 'M' 'M' 'M'
 'U' 'M' 'M' 'M' 'M' 'M' 'M' 'M' 'U' 'M' 'M' 'M' 'M' 'M' 'U' 'M' 'M' 'M']"
446501,0,155,3,152,43,1,0,"['A' 'M' 'M' 'M' 'M' 'M' 'M' 'M' 'M' 'M' 'M' 'M' 'M' 'M' 'U' 'U' 'M' 'M'
 'M' 'M' 'M' 'M' 'M' 'M' 'A' 'M' 'M' 'M' 'M' 'U' 'M' 'U' 'M' 'U' 'M' 'M'
 'M' 'M' 'M' 'M' 'M' 'M' 'M' 'M' 'M' 'U' 'M' 'M' 'M' 'M' 'M' 'U' 'U' 'M'
 'M' 'M' 'U' 'U' 'M' 'M' 'M' 'M' 'M' 'M' 'M' 'M' 'M' 'M' 'M' 'U' 'M' 'M'
 'M' 'M' 'M' 'M' 'U' 'M' 'M' 'M' 'U' 'M' 'M' 'M' 'M' 'M' 'M' 'M' 'M' 'U'
 'M' 'U' 'M' 'M' 'M' 'M' 'U' 'M' 'M' 'U' 'M' 'U' 'M' 'M' 'M' 'M' 'M' 'M'
 'M' 'M' 'U' 'M' 'M' 'M' 'M' 'M' 'M' 'M' 'M' 'U' 'M' 'M' 'U' 'M' 'M' 'U'
 'U' 'M' 'M' 'M' 'M' 'U' 'U' 'U' 'U' 'U' 'U' 'U' 'U' 'M' 'M' 'M' 'U' 'U'
 'M' 'M' 'M' 'M' 'M' 'M' 'M' 'M' 'M' 'M' 'U' 'U' 'M' 'M' 'M' 'M' 'M' 'U'
 'M' 'U' 'M' 'M' 'M' 'U' 'M' 'M' 'A' 'M' 'M' 'M' 'U' 'M' 'M' 'M' 'M' 'M'
 'U' 'M' 'U' 'M' 'M' 'M' 'M' 'M' 'U' 'M' 'M' 'M' 'M' 'M' 'U' 'M' 'M' 'M']"
446601,0,156,2,154,42,0,0,"['A' 'M' 'M' 'M' 'M' 'M' 'M' 'M' 'M' 'M' 'M' 'M' 'M' 'U' 'U' 'U' 'M' 'M'
 'M' 'M' 'U' 'M' 'M' 'M' 'A' 'M' 'U' 'M' 'M' 'U' 'M' 'M' 'M' 'U' 'M' 'M'
 'M' 'M' 'M' 'M' 'M' 'M' 'M' 'M' 'M' 'U' 'M' 'M' 'U' 'M' 'M' 'U' 'U' 'M'
 'M' 'M' 'U' 'U' 'M' 'M' 'M' 'M' 'M' 'M' 'M' 'M' 'U' 'M' 'M' 'U' 'U' 'M'
 'M' 'M' 'M' 'M' 'M' 'M' 'M' 'M' 'M' 'U' 'M' 'M' 'M' 'M' 'U' 'M' 'M' 'M'
 'M' 'M' 'M' 'M' 'M' 'M' 'M' 'M' 'M' 'U' 'M' 'U' 'M' 'M' 'M' 'M' 'M' 'M'
 'M' 'M' 'U' 'M' 'M' 'M' 'M' 'M' 'M' 'U' 'M' 'U' 'M' 'M' 'U' 'M' 'M' 'U'
 'U' 'M' 'M' 'M' 'M' 'U' 'U' 'U' 'M' 'M' 'U' 'M' 'M' 'M' 'M' 'M' 'M' 'M'
 'M' 'M' 'M' 'M' 'U' 'M' 'M' 'M' 'M' 'M' 'U' 'M' 'M' 'M' 'M' 'M' 'M' 'U'
 'M' 'U' 'M' 'M' 'M' 'U' 'M' 'M' 'U' 'M' 'M' 'M' 'U' 'M' 'U' 'M' 'M' 'M'
 'U' 'U' 'M' 'M' 'M' 'M' 'U' 'M' 'U' 'M' 'M' 'M' 'M' 'M' 'M' 'M' 'M' 'M']"
446701,0,159,4,155,39,0,0,"['A' 'M' 'M' 'M' 'M' 'M' 'M' 'M' 'U' 'M' 'M' 'M' 'M' 'M' 'U' 'U' 'M' 'M'
 'M' 'M' 'U' 'U' 'M' 'M' 'A' 'M' 'U' 'M' 'M' 'U' 'M' 'M' 'M' 'U' 'M' 'M'
 'M' 'M' 'M' 'M' 'M' 'A' 'M' 'M' 'M' 'U' 'M' 'M' 'U' 'M' 'M' 'U' 'U' 'M'
 'M' 'M' 'U' 'M' 'M' 'M' 'M' 'M' 'M' 'M' 'M' 'M' 'M' 'M' 'M' 'M' 'M' 'M'
 'M' 'U' 'M' 'M' 'M' 'M' 'U' 'U' 'M' 'U' 'M' 'M' 'M' 'M' 'U' 'M' 'M' 'M'
 'M' 'M' 'M' 'M' 'M' 'M' 'M' 'M' 'M' 'M' 'M' 'U' 'M' 'M' 'M' 'M' 'M' 'M'
 'M' 'M' 'M' 'M' 'M' 'M' 'M' 'M' 'M' 'U' 'M' 'U' 'M' 'M' 'U' 'M' 'M' 'U'
 'M' 'M' 'M' 'M' 'M' 'U' 'U' 'U' 'M' 'M' 'U' 'M' 'M' 'M' 'M' 'M' 'M' 'M'
 'M' 'M' 'M' 'M' 'U' 'M' 'M' 'M' 'M' 'U' 'U' 'M' 'M' 'M' 'M' 'M' 'M' 'U'
 'M' 'U' 'M' 'M' 'M' 'M' 'M' 'U' 'U' 'M' 'M' 'M' 'U' 'M' 'U' 'M' 'M' 'M'
 'U' 'M' 'M' 'M' 'M' 'M' 'U' 'M' 'U' 'M' 'M' 'M' 'M' 'M' 'M' 'A' 'M' 'M']"
446801,0,160,4,156,38,1,0,"['A' 'M' 'M' 'M' 'M' 'M' 'M' 'M' 'U' 'M' 'M' 'M' 'M' 'M' 'U' 'U' 'M' 'M'
 'M' 'M' 'U' 'U' 'M' 'M' 'A' 'M' 'U' 'M' 'M' 'U' 'M' 'M' 'U' 'U' 'M' 'M'
 'M' 'M' 'M' 'M' 'M' 'A' 'U' 'M' 'M' 'U' 'M' 'M' 'U' 'M' 'M' 'U' 'A' 'M'
 'M' 'M' 'U' 'U' 'M' 'M' 'M' 'M' 'M' 'M' 'M' 'M' 'M' 'M' 'M' 'U' 'M' 'M'
 'M' 'M' 'M' 'M' 'U' 'M' 'M' 'M' 'M' 'M' 'M' 'M' 'M' 'M' 'M' 'M' 'U' 'U'
 'M' 'U' 'M' 'M' 'M' 'M' 'M' 'M' 'M' 'M' 'M' 'M' 'M' 'M' 'M' 'U' 'M' 'M'
 'M' 'M' 'M' 'M' 'M' 'M' 'M' 'M' 'M' 'U' 'M' 'U' 'M' 'M' 'M' 'M' 'M' 'M'
 'M' 'M' 'M' 'M' 'M' 'M' 'U' 'U' 'M' 'M' 'U' 'M' 'M' 'M' 'M' 'M' 'M' 'U'
 'M' 'M' 'M' 'M' 'U' 'M' 'U' 'M' 'M' 'U' 'M' 'M' 'M' 'M' 'M' 'U' 'M' 'M'
 'M' 'M' 'M' 'M' 'M' 'M' 'U' 'M' 'M' 'M' 'M' 'U' 'U' 'M' 'U' 'U' 'M' 'M'
 'M' 'M' 'M' 'M' 'M' 'M' 'U' 'M' 'M' 'M' 'M' 'M' 'M' 'M' 'M' 'U' 'M' 'M']"
446901,0,156,3,153,42,0,1,"['A' 'M' 'M' 'M' 'M' 'U' 'M' 'M' 'M' 'M' 'M' 'M' 'M' 'M' 'U' 'U' 'M' 'M'
 'M' 'M' 'U' 'U' 'M' 'M' 'U' 'M' 'M' 'M' 'M' 'U' 'M' 'M' 'M' 'U' 'M' 'U'
 'M' 'M' 'M' 'M' 'M' 'A' 'M' 'M' 'U' 'U' 'M' 'M' 'U' 'M' 'M' 'U' 'M' 'M'
 'M' 'M' 'M' 'U' 'M' 'M' 'M' 'U' 'M' 'M' 'M' 'M' 'M' 'M' 'M' 'U' 'M' 'M'
 'M' 'M' 'M' 'M' 'M' 'U' 'M' 'M' 'M' 'U' 'M' 'U' 'M' 'M' 'M' 'M' 'M' 'M'
 'M' 'M' 'M' 'M' 'U' 'M' 'M' 'M' 'M' 'U' 'M' 'M' 'M' 'M' 'M' 'M' 'M' 'M'
 'M' 'M' 'M' 'M' 'U' 'M' 'M' 'M' 'M' 'U' 'M' 'U' 'M' 'M' 'M' 'M' 'M' 'M'
 'M' 'M' 'M' 'M' 'M' 'U' 'U' 'U' 'A' 'U' 'U' 'U' 'U' 'M' 'M' 'M' 'M' 'U'
 'M' 'M' 'M' 'M' 'U' 'M' 'U' 'M' 'M' 'U' 'M' 'M' 'M' 'M' 'M' 'M' 'M' 'M'
 'M' 'U' 'U' 'M' 'M' 'M' 'U' 'M' 'M' 'M' 'M' 'M' 'U' 'M' 'U' 'M' 'M' 'M'
 'M' 'M' 'M' 'M' 'M' 'M' 'U' 'M' 'M' 'U' 'M' 'M' 'M' 'M' 'M' 'M' 'M' 'M']"
447001,0,162,3,159,36,0,0,"['A' 'M' 'M' 'M' 'M' 'M' 'M' 'M' 'M' 'M' 'M' 'M' 'M' 'M' 'U' 'U' 'M' 'M'
 'M' 'M' 'U' 'U' 'M' 'M' 'M' 'M' 'M' 'U' 'M' 'U' 'M' 'M' 'M' 'U' 'U' 'U'
 'M' 'M' 'M' 'M' 'M' 'A' 'M' 'M' 'M' 'U' 'M' 'M' 'M' 'M' 'M' 'U' 'M' 'M'
 'M' 'M' 'M' 'U' 'M' 'M' 'M' 'U' 'M' 'M' 'M' 'M' 'U' 'U' 'M' 'U' 'M' 'M'
 'U' 'U' 'M' 'M' 'M' 'M' 'M' 'M' 'M' 'M' 'M' 'M' 'M' 'M' 'M' 'M' 'M' 'M'
 'M' 'M' 'M' 'M' 'M' 'M' 'M' 'M' 'M' 'M' 'M' 'M' 'M' 'M' 'M' 'M' 'M' 'M'
 'U' 'M' 'M' 'M' 'U' 'M' 'M' 'M' 'M' 'M' 'M' 'U' 'M' 'M' 'M' 'M' 'M' 'M'
 'M' 'M' 'M' 'M' 'M' 'U' 'U' 'U' 'A' 'M' 'M' 'M' 'M' 'M' 'M' 'M' 'M' 'U'
 'M' 'M' 'M' 'M' 'U' 'M' 'M' 'M' 'M' 'U' 'M' 'M' 'M' 'M' 'M' 'M' 'M' 'M'
 'U' 'U' 'U' 'M' 'M' 'M' 'U' 'M' 'M' 'M' 'M' 'M' 'U' 'M' 'U' 'M' 'M' 'M'
 'M' 'M' 'M' 'M' 'M' 'M' 'U' 'M' 'M' 'U' 'M' 'M' 'M' 'M' 'M' 'M' 'M' 'U']"
447101,0,164,3,161,34,0,0,"['A' 'M' 'M' 'M' 'M' 'M' 'M' 'M' 'M' 'M' 'M' 'M' 'M' 'M' 'U' 'M' 'M' 'M'
 'M' 'M' 'U' 'U' 'M' 'M' 'M' 'M' 'M' 'U' 'M' 'U' 'M' 'M' 'M' 'U' 'M' 'U'
 'M' 'M' 'M' 'M' 'M' 'A' 'M' 'M' 'M' 'U' 'U' 'M' 'M' 'M' 'M' 'U' 'M' 'M'
 'M' 'M' 'M' 'U' 'M' 'M' 'M' 'U' 'M' 'M' 'M' 'U' 'M' 'M' 'M' 'M' 'U' 'M'
 'M' 'M' 'M' 'M' 'M' 'M' 'M' 'M' 'M' 'M' 'M' 'M' 'U' 'M' 'M' 'U' 'U' 'M'
 'M' 'M' 'M' 'M' 'M' 'M' 'M' 'M' 'M' 'M' 'M' 'M' 'M' 'U' 'M' 'M' 'M' 'M'
 'U' 'M' 'M' 'M' 'U' 'U' 'M' 'M' 'M' 'M' 'M' 'M' 'M' 'U' 'M' 'M' 'M' 'M'
 'M' 'M' 'M' 'M' 'M' 'U' 'M' 'M' 'A' 'M' 'M' 'M' 'M' 'M' 'M' 'M' 'M' 'U'
 'M' 'M' 'M' 'M' 'U' 'M' 'M' 'M' 'M' 'M' 'M' 'M' 'M' 'M' 'U' 'M' 'U' 'M'
 'U' 'U' 'M' 'M' 'M' 'M' 'M' 'M' 'M' 'M' 'M' 'M' 'U' 'M' 'U' 'M' 'M' 'M'
 'M' 'M' 'M' 'M' 'M' 'M' 'U' 'M' 'M' 'U' 'M' 'M' 'M' 'M' 'M' 'M' 'M' 'U']"
447201,0,164,3,161,34,0,0,"['A' 'M' 'U' 'M' 'M' 'M' 'M' 'M' 'M' 'M' 'M' 'M' 'M' 'M' 'U' 'M' 'M' 'M'
 'M' 'M' 'U' 'U' 'M' 'M' 'M' 'M' 'M' 'U' 'M' 'A' 'M' 'M' 'M' 'U' 'M' 'M'
 'U' 'M' 'U' 'M' 'M' 'A' 'M' 'M' 'M' 'U' 'U' 'M' 'M' 'M' 'M' 'U' 'M' 'M'
 'M' 'M' 'M' 'U' 'M' 'M' 'M' 'M' 'M' 'M' 'M' 'M' 'M' 'M' 'M' 'M' 'M' 'M'
 'M' 'U' 'M' 'M' 'U' 'M' 'M' 'U' 'M' 'M' 'M' 'U' 'U' 'M' 'M' 'M' 'M' 'M'
 'M' 'M' 'M' 'M' 'M' 'U' 'M' 'M' 'M' 'M' 'M' 'M' 'M' 'U' 'M' 'M' 'M' 'M'
 'U' 'M' 'M' 'M' 'M' 'U' 'M' 'M' 'M' 'M' 'M' 'M' 'M' 'U' 'M' 'M' 'M' 'M'
 'U' 'M' 'M' 'M' 'M' 'U' 'M' 'M' 'U' 'M' 'M' 'M' 'M' 'M' 'M' 'M' 'M' 'U'
 'M' 'M' 'M' 'M' 'U' 'M' 'M' 'M' 'M' 'M' 'M' 'M' 'M' 'M' 'U' 'M' 'U' 'M'
 'M' 'U' 'M' 'M' 'M' 'M' 'M' 'M' 'M' 'M' 'M' 'M' 'M' 'M' 'U' 'M' 'M' 'M'
 'M' 'M' 'M' 'M' 'M' 'M' 'U' 'M' 'U' 'M' 'M' 'M' 'M' 'M' 'M' 'M' 'M' 'U']"
447301,0,173,4,169,25,0,0,"['A' 'M' 'M' 'M' 'M' 'M' 'M' 'M' 'M' 'M' 'M' 'M' 'M' 'M' 'U' 'M' 'M' 'M'
 'M' 'M' 'U' 'U' 'M' 'M' 'M' 'M' 'M' 'U' 'M' 'A' 'M' 'M' 'M' 'M' 'M' 'M'
 'U' 'M' 'U' 'M' 'M' 'A' 'M' 'M' 'M' 'M' 'U' 'M' 'M' 'M' 'M' 'U' 'M' 'M'
 'M' 'M' 'M' 'U' 'M' 'M' 'M' 'M' 'M' 'M' 'M' 'M' 'U' 'M' 'M' 'M' 'M' 'M'
 'M' 'M' 'M' 'M' 'M' 'U' 'M' 'M' 'M' 'M' 'U' 'M' 'M' 'M' 'M' 'U' 'U' 'M'
 'M' 'M' 'M' 'M' 'M' 'U' 'M' 'M' 'M' 'M' 'M' 'M' 'M' 'M' 'M' 'M' 'M' 'M'
 'M' 'M' 'M' 'M' 'M' 'U' 'M' 'M' 'M' 'M' 'M' 'M' 'M' 'U' 'M' 'M' 'M' 'M'
 'M' 'M' 'M' 'M' 'M' 'U' 'M' 'M' 'M' 'M' 'M' 'M' 'M' 'M' 'U' 'M' 'M' 'U'
 'M' 'M' 'M' 'M' 'U' 'U' 'M' 'M' 'M' 'M' 'M' 'M' 'M' 'M' 'U' 'M' 'M' 'M'
 'M' 'A' 'M' 'M' 'M' 'M' 'M' 'M' 'M' 'M' 'M' 'M' 'M' 'M' 'U' 'M' 'M' 'M'
 'M' 'M' 'M' 'M' 'M' 'M' 'M' 'M' 'U' 'M' 'M' 'M' 'M' 'M' 'M' 'M' 'M' 'M']"
447401,0,174,3,171,24,0,0,"['A' 'M' 'M' 'M' 'M' 'M' 'M' 'M' 'M' 'M' 'M' 'M' 'M' 'M' 'U' 'M' 'M' 'M'
 'M' 'M' 'M' 'M' 'M' 'M' 'M' 'U' 'M' 'U' 'M' 'A' 'M' 'M' 'M' 'M' 'M' 'M'
 'M' 'M' 'U' 'M' 'M' 'A' 'M' 'M' 'M' 'M' 'U' 'M' 'M' 'M' 'M' 'U' 'M' 'M'
 'M' 'M' 'M' 'U' 'M' 'M' 'M' 'M' 'M' 'M' 'M' 'M' 'M' 'M' 'M' 'M' 'M' 'M'
 'M' 'U' 'M' 'M' 'U' 'M' 'U' 'M' 'M' 'U' 'M' 'M' 'M' 'M' 'M' 'M' 'M' 'M'
 'M' 'M' 'U' 'M' 'M' 'U' 'M' 'M' 'M' 'M' 'M' 'M' 'M' 'M' 'M' 'M' 'M' 'M'
 'U' 'M' 'M' 'M' 'M' 'M' 'M' 'M' 'M' 'M' 'M' 'M' 'M' 'M' 'U' 'M' 'M' 'M'
 'M' 'U' 'M' 'M' 'M' 'M' 'M' 'M' 'M' 'M' 'M' 'M' 'M' 'M' 'M' 'M' 'M' 'M'
 'M' 'M' 'M' 'M' 'U' 'U' 'M' 'M' 'M' 'M' 'M' 'M' 'M' 'M' 'U' 'M' 'M' 'M'
 'M' 'U' 'M' 'M' 'M' 'M' 'M' 'M' 'M' 'M' 'M' 'M' 'M' 'M' 'U' 'M' 'U' 'M'
 'M' 'M' 'M' 'M' 'M' 'M' 'M' 'M' 'U' 'U' 'M' 'M' 'M' 'M' 'M' 'M' 'M' 'M']"
447501,1,167,5,162,31,0,0,"['A' 'M' 'M' 'M' 'M' 'M' 'M' 'M' 'M' 'M' 'M' 'M' 'M' 'M' 'U' 'M' 'M' 'M'
 'M' 'M' 'U' 'M' 'M' 'M' 'M' 'U' 'M' 'M' 'M' 'A' 'M' 'M' 'M' 'M' 'M' 'M'
 'U' 'U' 'U' 'M' 'M' 'A' 'U' 'M' 'M' 'M' 'U' 'M' 'M' 'M' 'M' 'U' 'M' 'M'
 'M' 'M' 'M' 'U' 'M' 'M' 'M' 'M' 'M' 'M' 'M' 'M' 'M' 'M' 'U' 'M' 'M' 'U'
 'M' 'M' 'M' 'M' 'M' 'M' 'U' 'M' 'M' 'M' 'M' 'M' 'M' 'U' 'M' 'M' 'M' 'M'
 'M' 'U' 'M' 'M' 'M' 'U' 'M' 'M' 'M' 'M' 'U' 'M' 'M' 'M' 'M' 'M' 'M' 'M'
 'U' 'M' 'M' 'M' 'M' 'M' 'M' 'M' 'M' 'M' 'M' 'M' 'M' 'M' 'M' 'M' 'M' 'M'
 'M' 'U' 'M' 'M' 'M' 'M' 'A' 'U' 'U' 'U' 'U' 'U' 'M' 'M' 'M' 'M' 'M' 'M'
 'M' 'U' 'M' 'M' 'M' 'U' 'M' 'M' 'M' 'M' 'M' 'M' 'M' 'M' 'U' 'M' 'M' 'M'
 'M' 'U' 'M' 'M' 'M' 'M' 'M' 'M' 'M' 'M' 'M' 'M' 'M' 'M' 'U' 'M' 'M' 'M'
 'A' 'M' 'M' 'M' 'M' 'M' 'M' 'M' 'U' 'U' 'M' 'M' 'M' 'M' 'M' 'M' 'M' 'M']"
447601,0,171,7,164,27,0,0,"['A' 'M' 'M' 'M' 'M' 'M' 'M' 'M' 'M' 'M' 'M' 'M' 'M' 'M' 'U' 'M' 'M' 'M'
 'M' 'M' 'U' 'M' 'M' 'U' 'M' 'U' 'M' 'M' 'M' 'A' 'M' 'M' 'M' 'M' 'M' 'M'
 'U' 'U' 'U' 'M' 'M' 'U' 'M' 'M' 'M' 'M' 'U' 'M' 'M' 'M' 'M' 'M' 'M' 'M'
 'M' 'M' 'M' 'M' 'M' 'M' 'M' 'M' 'M' 'M' 'M' 'M' 'M' 'M' 'U' 'M' 'M' 'M'
 'M' 'M' 'M' 'M' 'U' 'M' 'U' 'M' 'M' 'M' 'M' 'M' 'M' 'M' 'M' 'U' 'U' 'M'
 'M' 'M' 'M' 'M' 'M' 'U' 'M' 'M' 'M' 'U' 'M' 'M' 'M' 'U' 'M' 'M' 'U' 'M'
 'U' 'M' 'M' 'M' 'M' 'M' 'M' 'M' 'M' 'M' 'M' 'M' 'M' 'M' 'M' 'M' 'M' 'M'
 'M' 'A' 'M' 'M' 'M' 'M' 'U' 'U' 'U' 'U' 'U' 'U' 'A' 'M' 'M' 'M' 'M' 'M'
 'M' 'A' 'M' 'M' 'M' 'M' 'M' 'M' 'M' 'M' 'M' 'M' 'M' 'M' 'M' 'M' 'M' 'M'
 'M' 'U' 'M' 'M' 'M' 'U' 'M' 'M' 'M' 'M' 'M' 'M' 'M' 'M' 'A' 'M' 'M' 'M'
 'A' 'M' 'M' 'M' 'M' 'M' 'M' 'M' 'M' 'M' 'M' 'M' 'M' 'M' 'M' 'M' 'M' 'M']"
447701,0,161,6,155,37,0,0,"['A' 'M' 'M' 'M' 'M' 'M' 'M' 'M' 'M' 'M' 'M' 'M' 'M' 'M' 'M' 'M' 'U' 'M'
 'M' 'M' 'U' 'M' 'M' 'U' 'M' 'U' 'M' 'M' 'M' 'A' 'M' 'M' 'M' 'M' 'M' 'M'
 'U' 'U' 'U' 'M' 'M' 'U' 'M' 'M' 'M' 'M' 'M' 'M' 'M' 'U' 'M' 'M' 'M' 'M'
 'M' 'M' 'U' 'M' 'M' 'M' 'M' 'M' 'M' 'M' 'U' 'M' 'M' 'M' 'M' 'M' 'M' 'M'
 'M' 'M' 'M' 'M' 'M' 'U' 'M' 'M' 'M' 'M' 'M' 'U' 'U' 'M' 'U' 'M' 'M' 'M'
 'M' 'M' 'M' 'M' 'U' 'U' 'M' 'U' 'M' 'U' 'M' 'M' 'M' 'U' 'M' 'U' 'U' 'M'
 'U' 'U' 'M' 'M' 'M' 'M' 'M' 'M' 'M' 'M' 'M' 'M' 'M' 'U' 'U' 'M' 'M' 'M'
 'M' 'A' 'M' 'M' 'M' 'U' 'U' 'U' 'U' 'U' 'U' 'U' 'A' 'M' 'M' 'M' 'M' 'M'
 'M' 'A' 'M' 'M' 'M' 'M' 'M' 'M' 'M' 'M' 'M' 'M' 'M' 'M' 'M' 'M' 'M' 'M'
 'M' 'U' 'M' 'M' 'M' 'U' 'M' 'M' 'M' 'M' 'M' 'M' 'M' 'M' 'U' 'M' 'M' 'M'
 'A' 'M' 'M' 'M' 'M' 'M' 'M' 'M' 'M' 'M' 'M' 'M' 'M' 'U' 'M' 'M' 'M' 'M']"
447801,1,158,7,151,40,0,0,"['A' 'M' 'M' 'M' 'M' 'M' 'M' 'M' 'M' 'M' 'U' 'M' 'M' 'M' 'M' 'U' 'M' 'M'
 'M' 'M' 'U' 'M' 'M' 'U' 'M' 'M' 'M' 'M' 'M' 'A' 'M' 'M' 'M' 'M' 'U' 'M'
 'U' 'U' 'U' 'M' 'M' 'M' 'M' 'M' 'M' 'M' 'M' 'M' 'M' 'U' 'M' 'M' 'M' 'M'
 'M' 'M' 'M' 'M' 'M' 'M' 'M' 'M' 'M' 'M' 'U' 'M' 'M' 'M' 'M' 'M' 'M' 'M'
 'M' 'M' 'M' 'M' 'U' 'M' 'U' 'M' 'M' 'M' 'M' 'M' 'M' 'U' 'M' 'M' 'U' 'M'
 'M' 'M' 'M' 'U' 'M' 'U' 'M' 'U' 'M' 'M' 'M' 'M' 'M' 'A' 'M' 'U' 'U' 'M'
 'U' 'M' 'U' 'M' 'M' 'M' 'U' 'M' 'M' 'U' 'M' 'U' 'M' 'U' 'U' 'U' 'M' 'M'
 'M' 'A' 'M' 'M' 'M' 'U' 'U' 'U' 'U' 'U' 'U' 'M' 'A' 'M' 'M' 'M' 'M' 'M'
 'M' 'A' 'M' 'M' 'M' 'M' 'U' 'M' 'M' 'M' 'M' 'M' 'M' 'U' 'M' 'M' 'M' 'M'
 'M' 'U' 'M' 'M' 'U' 'U' 'M' 'M' 'M' 'M' 'M' 'M' 'M' 'M' 'U' 'M' 'M' 'M'
 'A' 'M' 'M' 'M' 'M' 'M' 'M' 'M' 'M' 'M' 'M' 'M' 'M' 'U' 'M' 'M' 'M' 'M']"
447901,0,153,4,149,45,0,0,"['A' 'M' 'M' 'M' 'M' 'M' 'M' 'M' 'M' 'M' 'M' 'M' 'M' 'M' 'M' 'U' 'M' 'M'
 'M' 'M' 'U' 'M' 'M' 'U' 'M' 'M' 'M' 'M' 'M' 'A' 'M' 'M' 'M' 'M' 'U' 'M'
 'U' 'M' 'U' 'U' 'M' 'M' 'M' 'U' 'M' 'M' 'M' 'M' 'M' 'M' 'M' 'M' 'M' 'U'
 'M' 'M' 'U' 'M' 'M' 'M' 'M' 'M' 'M' 'M' 'U' 'M' 'M' 'M' 'U' 'M' 'M' 'M'
 'M' 'M' 'M' 'M' 'M' 'M' 'M' 'M' 'M' 'U' 'M' 'M' 'M' 'M' 'M' 'M' 'U' 'M'
 'M' 'U' 'M' 'U' 'M' 'U' 'M' 'M' 'M' 'M' 'M' 'M' 'M' 'U' 'M' 'U' 'U' 'M'
 'M' 'M' 'M' 'M' 'M' 'M' 'U' 'M' 'M' 'U' 'M' 'U' 'M' 'U' 'U' 'M' 'M' 'M'
 'M' 'U' 'U' 'M' 'M' 'M' 'U' 'U' 'U' 'U' 'U' 'U' 'A' 'M' 'M' 'M' 'M' 'M'
 'M' 'U' 'U' 'M' 'M' 'U' 'M' 'M' 'M' 'M' 'M' 'M' 'U' 'U' 'M' 'M' 'M' 'M'
 'M' 'U' 'M' 'M' 'U' 'U' 'M' 'M' 'M' 'M' 'M' 'M' 'M' 'M' 'M' 'M' 'M' 'M'
 'A' 'M' 'M' 'U' 'M' 'M' 'U' 'M' 'M' 'M' 'M' 'M' 'M' 'U' 'U' 'M' 'M' 'M']"
448001,1,154,3,151,44,0,1,"['A' 'M' 'M' 'M' 'M' 'M' 'M' 'M' 'M' 'M' 'M' 'M' 'M' 'M' 'M' 'U' 'M' 'M'
 'M' 'M' 'U' 'M' 'M' 'U' 'M' 'M' 'M' 'M' 'M' 'U' 'M' 'M' 'M' 'M' 'M' 'U'
 'U' 'M' 'U' 'U' 'M' 'M' 'M' 'U' 'M' 'M' 'M' 'M' 'M' 'U' 'M' 'M' 'M' 'U'
 'M' 'M' 'U' 'M' 'M' 'M' 'M' 'M' 'M' 'M' 'U' 'M' 'M' 'M' 'M' 'M' 'M' 'M'
 'M' 'M' 'M' 'M' 'U' 'M' 'M' 'U' 'M' 'U' 'M' 'M' 'M' 'M' 'U' 'M' 'M' 'M'
 'M' 'M' 'M' 'U' 'M' 'U' 'M' 'M' 'M' 'M' 'M' 'M' 'M' 'U' 'M' 'U' 'M' 'M'
 'M' 'M' 'M' 'M' 'M' 'M' 'U' 'M' 'U' 'M' 'M' 'U' 'M' 'U' 'M' 'M' 'M' 'M'
 'M' 'U' 'U' 'M' 'M' 'U' 'U' 'U' 'U' 'U' 'U' 'U' 'A' 'M' 'M' 'M' 'M' 'M'
 'M' 'M' 'U' 'M' 'M' 'U' 'M' 'M' 'M' 'M' 'M' 'M' 'U' 'M' 'M' 'M' 'M' 'M'
 'M' 'M' 'M' 'M' 'U' 'U' 'M' 'M' 'M' 'M' 'U' 'U' 'M' 'M' 'M' 'M' 'M' 'M'
 'A' 'M' 'M' 'M' 'M' 'M' 'M' 'M' 'M' 'M' 'M' 'M' 'M' 'U' 'U' 'M' 'M' 'U']"
448101,0,160,3,157,38,0,0,"['A' 'M' 'M' 'M' 'M' 'M' 'U' 'M' 'M' 'M' 'M' 'M' 'M' 'M' 'M' 'U' 'M' 'M'
 'M' 'M' 'M' 'M' 'M' 'U' 'M' 'M' 'M' 'M' 'M' 'U' 'M' 'M' 'U' 'M' 'U' 'U'
 'U' 'M' 'U' 'U' 'M' 'M' 'M' 'M' 'M' 'M' 'M' 'M' 'M' 'U' 'M' 'M' 'M' 'U'
 'M' 'M' 'U' 'M' 'M' 'M' 'M' 'M' 'M' 'M' 'U' 'M' 'M' 'U' 'M' 'M' 'M' 'M'
 'M' 'U' 'M' 'M' 'M' 'M' 'M' 'M' 'M' 'M' 'M' 'M' 'M' 'M' 'M' 'M' 'U' 'M'
 'U' 'M' 'M' 'M' 'U' 'U' 'M' 'M' 'M' 'M' 'M' 'M' 'M' 'M' 'M' 'M' 'M' 'M'
 'M' 'M' 'M' 'M' 'M' 'M' 'M' 'U' 'U' 'M' 'M' 'M' 'M' 'U' 'M' 'M' 'M' 'M'
 'M' 'U' 'U' 'M' 'M' 'M' 'M' 'M' 'U' 'M' 'U' 'U' 'A' 'M' 'M' 'M' 'M' 'M'
 'M' 'U' 'M' 'M' 'M' 'U' 'M' 'M' 'M' 'M' 'M' 'M' 'U' 'M' 'M' 'M' 'M' 'M'
 'M' 'M' 'M' 'M' 'U' 'U' 'M' 'M' 'M' 'M' 'U' 'U' 'M' 'M' 'M' 'M' 'M' 'U'
 'A' 'M' 'M' 'M' 'M' 'M' 'M' 'M' 'M' 'M' 'M' 'M' 'M' 'U' 'U' 'M' 'M' 'M']"
448201,0,160,3,157,38,0,1,"['A' 'M' 'M' 'M' 'M' 'M' 'U' 'M' 'M' 'M' 'M' 'M' 'M' 'U' 'M' 'U' 'U' 'M'
 'M' 'M' 'M' 'M' 'M' 'U' 'M' 'M' 'M' 'M' 'M' 'M' 'M' 'M' 'U' 'M' 'U' 'U'
 'U' 'M' 'U' 'U' 'M' 'M' 'M' 'M' 'M' 'M' 'M' 'M' 'M' 'U' 'M' 'M' 'M' 'U'
 'M' 'M' 'U' 'M' 'M' 'M' 'M' 'M' 'M' 'M' 'U' 'M' 'M' 'U' 'U' 'M' 'M' 'U'
 'M' 'M' 'M' 'M' 'M' 'M' 'M' 'M' 'M' 'U' 'M' 'M' 'M' 'M' 'M' 'M' 'M' 'M'
 'M' 'U' 'M' 'M' 'M' 'M' 'U' 'M' 'M' 'M' 'M' 'M' 'M' 'M' 'M' 'M' 'M' 'M'
 'M' 'M' 'M' 'M' 'M' 'M' 'M' 'M' 'U' 'M' 'M' 'M' 'M' 'U' 'M' 'U' 'M' 'M'
 'M' 'U' 'M' 'M' 'M' 'M' 'M' 'M' 'M' 'U' 'U' 'U' 'A' 'M' 'M' 'M' 'M' 'M'
 'M' 'U' 'M' 'M' 'M' 'U' 'M' 'M' 'M' 'M' 'M' 'M' 'M' 'M' 'M' 'M' 'M' 'M'
 'M' 'M' 'M' 'M' 'U' 'U' 'M' 'M' 'M' 'M' 'M' 'U' 'M' 'M' 'U' 'M' 'U' 'U'
 'A' 'M' 'M' 'M' 'M' 'M' 'M' 'M' 'M' 'M' 'M' 'M' 'M' 'M' 'U' 'U' 'M' 'M']"
448301,0,170,2,168,28,0,1,"['A' 'M' 'M' 'M' 'M' 'M' 'U' 'M' 'M' 'M' 'M' 'M' 'M' 'U' 'M' 'U' 'U' 'M'
 'M' 'M' 'M' 'M' 'M' 'M' 'M' 'M' 'M' 'M' 'M' 'M' 'M' 'M' 'U' 'M' 'U' 'U'
 'U' 'M' 'M' 'U' 'M' 'M' 'M' 'M' 'M' 'M' 'M' 'M' 'M' 'M' 'M' 'U' 'M' 'M'
 'M' 'M' 'U' 'M' 'M' 'M' 'M' 'M' 'M' 'M' 'M' 'M' 'M' 'M' 'U' 'M' 'M' 'M'
 'U' 'M' 'M' 'U' 'M' 'M' 'M' 'M' 'M' 'M' 'M' 'M' 'M' 'M' 'U' 'M' 'M' 'M'
 'M' 'M' 'M' 'U' 'M' 'M' 'U' 'M' 'M' 'M' 'M' 'M' 'U' 'M' 'M' 'M' 'M' 'M'
 'M' 'M' 'M' 'M' 'M' 'M' 'M' 'M' 'M' 'M' 'M' 'M' 'M' 'U' 'M' 'U' 'M' 'M'
 'M' 'M' 'M' 'M' 'M' 'M' 'M' 'M' 'M' 'U' 'U' 'U' 'A' 'M' 'M' 'M' 'M' 'M'
 'M' 'M' 'M' 'M' 'M' 'M' 'M' 'M' 'M' 'M' 'M' 'M' 'M' 'M' 'M' 'M' 'M' 'M'
 'M' 'M' 'M' 'M' 'M' 'M' 'M' 'M' 'M' 'M' 'M' 'M' 'M' 'M' 'M' 'M' 'M' 'U'
 'U' 'U' 'M' 'M' 'M' 'M' 'M' 'M' 'M' 'M' 'M' 'M' 'M' 'M' 'U' 'U' 'M' 'M']"
448401,0,171,4,167,27,0,0,"['A' 'M' 'M' 'M' 'M' 'M' 'A' 'M' 'M' 'M' 'M' 'M' 'M' 'M' 'M' 'U' 'U' 'M'
 'M' 'M' 'M' 'M' 'M' 'M' 'M' 'M' 'M' 'M' 'M' 'M' 'M' 'M' 'U' 'M' 'U' 'U'
 'U' 'M' 'M' 'U' 'M' 'M' 'M' 'M' 'M' 'M' 'M' 'M' 'M' 'U' 'M' 'M' 'M' 'M'
 'M' 'M' 'U' 'M' 'M' 'M' 'M' 'M' 'M' 'M' 'M' 'U' 'M' 'M' 'M' 'M' 'M' 'M'
 'M' 'M' 'M' 'U' 'U' 'M' 'M' 'M' 'M' 'U' 'M' 'M' 'U' 'M' 'M' 'M' 'M' 'M'
 'M' 'M' 'M' 'M' 'M' 'M' 'M' 'M' 'M' 'M' 'M' 'M' 'U' 'M' 'M' 'M' 'M' 'M'
 'M' 'M' 'M' 'M' 'U' 'M' 'M' 'M' 'M' 'U' 'M' 'M' 'M' 'U' 'M' 'U' 'A' 'M'
 'M' 'M' 'M' 'M' 'M' 'M' 'M' 'M' 'M' 'U' 'U' 'U' 'U' 'M' 'M' 'M' 'M' 'M'
 'M' 'M' 'M' 'M' 'M' 'M' 'M' 'M' 'M' 'M' 'M' 'M' 'M' 'M' 'M' 'M' 'M' 'M'
 'M' 'M' 'M' 'M' 'M' 'M' 'M' 'M' 'M' 'M' 'M' 'M' 'M' 'M' 'M' 'M' 'M' 'A'
 'U' 'M' 'U' 'M' 'M' 'M' 'U' 'M' 'M' 'M' 'M' 'M' 'M' 'M' 'U' 'M' 'M' 'M']"
448501,0,173,6,167,25,1,0,"['A' 'M' 'M' 'M' 'M' 'M' 'A' 'M' 'M' 'M' 'M' 'M' 'M' 'M' 'M' 'M' 'U' 'M'
 'M' 'M' 'M' 'M' 'M' 'M' 'M' 'M' 'M' 'M' 'M' 'M' 'M' 'M' 'M' 'M' 'U' 'M'
 'U' 'M' 'U' 'U' 'M' 'M' 'M' 'A' 'M' 'M' 'M' 'M' 'M' 'M' 'M' 'M' 'M' 'M'
 'M' 'M' 'U' 'M' 'M' 'M' 'M' 'M' 'M' 'M' 'M' 'M' 'M' 'M' 'M' 'M' 'M' 'M'
 'U' 'U' 'M' 'M' 'U' 'M' 'U' 'M' 'M' 'M' 'M' 'M' 'M' 'U' 'M' 'M' 'M' 'M'
 'M' 'M' 'M' 'M' 'M' 'M' 'M' 'M' 'M' 'M' 'M' 'M' 'M' 'M' 'U' 'M' 'M' 'M'
 'M' 'M' 'M' 'M' 'U' 'M' 'M' 'M' 'M' 'M' 'M' 'M' 'M' 'U' 'M' 'U' 'A' 'M'
 'M' 'M' 'M' 'M' 'M' 'M' 'U' 'U' 'U' 'U' 'U' 'U' 'U' 'M' 'M' 'M' 'M' 'M'
 'M' 'M' 'M' 'M' 'M' 'M' 'M' 'M' 'M' 'M' 'M' 'M' 'M' 'M' 'M' 'M' 'M' 'M'
 'M' 'M' 'M' 'M' 'M' 'M' 'M' 'M' 'M' 'M' 'M' 'M' 'M' 'M' 'M' 'M' 'M' 'A'
 'A' 'M' 'U' 'M' 'M' 'M' 'M' 'U' 'M' 'M' 'M' 'M' 'M' 'M' 'U' 'M' 'M' 'M']"
448601,0,172,7,165,26,0,1,"['A' 'M' 'M' 'M' 'M' 'M' 'A' 'M' 'M' 'M' 'M' 'M' 'M' 'U' 'M' 'M' 'U' 'M'
 'M' 'M' 'M' 'M' 'U' 'M' 'M' 'M' 'M' 'M' 'M' 'M' 'U' 'M' 'M' 'M' 'U' 'M'
 'U' 'M' 'M' 'U' 'M' 'M' 'M' 'A' 'M' 'M' 'M' 'M' 'U' 'M' 'M' 'M' 'M' 'M'
 'M' 'M' 'U' 'M' 'M' 'M' 'M' 'M' 'M' 'M' 'M' 'U' 'M' 'M' 'M' 'M' 'M' 'M'
 'M' 'M' 'M' 'U' 'M' 'M' 'M' 'M' 'U' 'M' 'M' 'M' 'U' 'M' 'M' 'U' 'M' 'M'
 'M' 'M' 'M' 'M' 'M' 'M' 'M' 'M' 'M' 'M' 'M' 'M' 'M' 'M' 'M' 'M' 'M' 'M'
 'M' 'M' 'M' 'M' 'U' 'M' 'M' 'M' 'M' 'M' 'M' 'M' 'M' 'U' 'M' 'A' 'A' 'M'
 'M' 'M' 'M' 'M' 'M' 'M' 'U' 'U' 'U' 'M' 'U' 'U' 'U' 'M' 'M' 'M' 'M' 'M'
 'M' 'M' 'M' 'M' 'M' 'M' 'M' 'M' 'M' 'M' 'M' 'M' 'M' 'M' 'M' 'M' 'M' 'M'
 'M' 'M' 'M' 'M' 'M' 'M' 'M' 'M' 'M' 'M' 'M' 'M' 'M' 'M' 'M' 'M' 'M' 'A'
 'A' 'M' 'M' 'M' 'M' 'M' 'M' 'U' 'M' 'M' 'M' 'U' 'M' 'M' 'U' 'U' 'M' 'M']"
448701,0,170,7,163,28,0,0,"['A' 'M' 'M' 'M' 'M' 'M' 'U' 'M' 'M' 'M' 'M' 'M' 'M' 'U' 'M' 'M' 'M' 'M'
 'M' 'M' 'M' 'M' 'M' 'M' 'M' 'M' 'M' 'U' 'M' 'M' 'U' 'M' 'M' 'U' 'U' 'M'
 'U' 'M' 'U' 'M' 'M' 'M' 'M' 'A' 'M' 'M' 'M' 'M' 'U' 'U' 'M' 'M' 'M' 'M'
 'M' 'M' 'U' 'M' 'M' 'M' 'U' 'M' 'M' 'M' 'M' 'M' 'M' 'M' 'M' 'M' 'M' 'M'
 'M' 'M' 'U' 'M' 'U' 'M' 'M' 'U' 'U' 'M' 'M' 'M' 'M' 'M' 'M' 'M' 'U' 'M'
 'M' 'M' 'M' 'M' 'M' 'M' 'M' 'M' 'M' 'M' 'M' 'M' 'M' 'M' 'M' 'M' 'M' 'M'
 'M' 'M' 'M' 'M' 'M' 'M' 'M' 'M' 'M' 'M' 'M' 'M' 'M' 'M' 'M' 'A' 'A' 'M'
 'U' 'M' 'M' 'M' 'M' 'M' 'M' 'U' 'U' 'M' 'A' 'M' 'U' 'M' 'M' 'M' 'U' 'U'
 'M' 'M' 'M' 'M' 'M' 'M' 'M' 'M' 'M' 'M' 'M' 'M' 'M' 'M' 'M' 'M' 'M' 'M'
 'U' 'M' 'M' 'M' 'M' 'M' 'M' 'M' 'M' 'M' 'M' 'M' 'M' 'M' 'M' 'M' 'M' 'A'
 'A' 'M' 'M' 'M' 'M' 'M' 'M' 'U' 'M' 'M' 'M' 'U' 'M' 'M' 'U' 'U' 'M' 'M']"
448801,0,170,5,165,28,0,0,"['A' 'M' 'M' 'M' 'M' 'M' 'U' 'M' 'M' 'M' 'M' 'M' 'M' 'U' 'M' 'M' 'M' 'M'
 'M' 'M' 'M' 'M' 'M' 'M' 'M' 'M' 'M' 'U' 'M' 'M' 'U' 'M' 'M' 'M' 'U' 'M'
 'U' 'M' 'U' 'M' 'M' 'M' 'M' 'A' 'M' 'M' 'M' 'M' 'M' 'U' 'M' 'M' 'M' 'M'
 'M' 'M' 'U' 'M' 'M' 'M' 'U' 'M' 'M' 'M' 'M' 'M' 'M' 'M' 'M' 'M' 'M' 'M'
 'U' 'M' 'M' 'M' 'M' 'M' 'U' 'M' 'M' 'M' 'M' 'M' 'M' 'U' 'M' 'M' 'M' 'M'
 'M' 'U' 'U' 'M' 'M' 'M' 'U' 'M' 'M' 'M' 'M' 'M' 'M' 'M' 'M' 'M' 'M' 'M'
 'M' 'M' 'M' 'M' 'M' 'M' 'M' 'M' 'M' 'M' 'M' 'M' 'M' 'M' 'M' 'U' 'A' 'M'
 'U' 'M' 'M' 'M' 'M' 'M' 'M' 'M' 'M' 'M' 'U' 'M' 'U' 'M' 'M' 'M' 'U' 'U'
 'M' 'M' 'M' 'M' 'M' 'M' 'M' 'M' 'M' 'M' 'M' 'M' 'M' 'M' 'M' 'M' 'M' 'M'
 'U' 'M' 'M' 'M' 'M' 'M' 'M' 'U' 'U' 'M' 'M' 'M' 'M' 'M' 'M' 'M' 'M' 'A'
 'A' 'M' 'M' 'M' 'M' 'M' 'M' 'M' 'M' 'M' 'M' 'U' 'M' 'M' 'U' 'U' 'M' 'M']"
448901,0,164,6,158,34,0,0,"['A' 'M' 'M' 'M' 'U' 'M' 'U' 'M' 'M' 'M' 'M' 'M' 'M' 'U' 'U' 'M' 'U' 'M'
 'M' 'M' 'M' 'M' 'M' 'M' 'M' 'M' 'M' 'M' 'M' 'M' 'U' 'M' 'M' 'U' 'M' 'M'
 'U' 'M' 'U' 'M' 'M' 'M' 'M' 'A' 'M' 'M' 'M' 'M' 'M' 'U' 'M' 'M' 'M' 'M'
 'M' 'M' 'U' 'M' 'M' 'M' 'U' 'M' 'M' 'M' 'M' 'M' 'M' 'U' 'M' 'U' 'M' 'M'
 'M' 'M' 'M' 'M' 'M' 'M' 'U' 'M' 'M' 'M' 'M' 'M' 'M' 'M' 'M' 'M' 'U' 'U'
 'M' 'M' 'M' 'M' 'M' 'M' 'U' 'M' 'U' 'M' 'M' 'M' 'M' 'M' 'M' 'U' 'U' 'M'
 'M' 'M' 'M' 'M' 'M' 'M' 'M' 'U' 'M' 'M' 'M' 'M' 'M' 'M' 'M' 'U' 'A' 'U'
 'U' 'M' 'M' 'M' 'M' 'M' 'M' 'M' 'M' 'M' 'M' 'M' 'U' 'M' 'M' 'M' 'U' 'U'
 'M' 'M' 'M' 'M' 'M' 'M' 'M' 'U' 'M' 'M' 'M' 'M' 'M' 'U' 'M' 'M' 'M' 'M'
 'U' 'M' 'M' 'M' 'M' 'M' 'M' 'M' 'U' 'M' 'M' 'M' 'M' 'M' 'M' 'M' 'M' 'A'
 'A' 'M' 'M' 'M' 'M' 'M' 'M' 'M' 'M' 'M' 'M' 'U' 'M' 'U' 'M' 'A' 'M' 'M']"
449001,0,164,5,159,34,0,0,"['A' 'M' 'U' 'M' 'U' 'M' 'U' 'M' 'M' 'M' 'M' 'M' 'M' 'U' 'U' 'U' 'M' 'M'
 'M' 'M' 'M' 'M' 'M' 'M' 'M' 'M' 'M' 'M' 'M' 'M' 'M' 'M' 'M' 'M' 'A' 'M'
 'U' 'M' 'U' 'M' 'M' 'M' 'M' 'A' 'M' 'M' 'M' 'M' 'M' 'M' 'M' 'M' 'M' 'M'
 'M' 'M' 'U' 'M' 'M' 'M' 'U' 'M' 'M' 'M' 'M' 'U' 'M' 'U' 'M' 'M' 'M' 'M'
 'M' 'M' 'M' 'M' 'M' 'M' 'M' 'M' 'U' 'M' 'M' 'M' 'M' 'M' 'U' 'M' 'M' 'M'
 'M' 'M' 'M' 'M' 'U' 'M' 'U' 'M' 'U' 'M' 'M' 'M' 'M' 'U' 'M' 'U' 'U' 'M'
 'M' 'M' 'M' 'M' 'M' 'U' 'M' 'U' 'M' 'M' 'M' 'M' 'M' 'M' 'M' 'U' 'A' 'U'
 'U' 'M' 'M' 'M' 'M' 'M' 'M' 'M' 'M' 'M' 'M' 'M' 'M' 'M' 'M' 'M' 'M' 'M'
 'M' 'U' 'M' 'M' 'M' 'M' 'M' 'U' 'M' 'M' 'M' 'M' 'M' 'M' 'M' 'M' 'M' 'M'
 'U' 'M' 'M' 'M' 'M' 'M' 'M' 'M' 'U' 'M' 'M' 'U' 'M' 'M' 'M' 'M' 'M' 'U'
 'A' 'M' 'M' 'M' 'M' 'M' 'M' 'M' 'M' 'M' 'M' 'U' 'M' 'U' 'M' 'U' 'M' 'M']"
449101,0,169,5,164,29,0,0,"['A' 'M' 'U' 'M' 'M' 'M' 'M' 'U' 'M' 'M' 'M' 'M' 'M' 'U' 'M' 'U' 'M' 'M'
 'M' 'M' 'M' 'M' 'M' 'M' 'M' 'M' 'M' 'M' 'M' 'M' 'M' 'M' 'M' 'M' 'A' 'M'
 'U' 'M' 'U' 'M' 'M' 'M' 'M' 'A' 'M' 'M' 'M' 'M' 'M' 'M' 'M' 'M' 'M' 'M'
 'M' 'M' 'U' 'M' 'M' 'M' 'U' 'M' 'M' 'M' 'M' 'M' 'U' 'U' 'M' 'U' 'M' 'M'
 'M' 'M' 'M' 'M' 'M' 'M' 'M' 'U' 'M' 'M' 'M' 'U' 'M' 'M' 'M' 'M' 'M' 'M'
 'M' 'M' 'M' 'M' 'M' 'M' 'M' 'M' 'U' 'M' 'M' 'M' 'M' 'U' 'M' 'U' 'U' 'M'
 'M' 'M' 'M' 'M' 'M' 'U' 'M' 'U' 'M' 'M' 'M' 'M' 'M' 'M' 'M' 'U' 'A' 'M'
 'U' 'M' 'M' 'M' 'M' 'M' 'M' 'M' 'M' 'M' 'M' 'M' 'U' 'M' 'M' 'M' 'M' 'M'
 'M' 'U' 'M' 'M' 'M' 'M' 'M' 'M' 'M' 'M' 'M' 'M' 'M' 'M' 'M' 'M' 'M' 'M'
 'U' 'M' 'M' 'M' 'M' 'M' 'M' 'M' 'M' 'U' 'M' 'U' 'M' 'M' 'M' 'M' 'M' 'M'
 'A' 'M' 'M' 'M' 'M' 'M' 'M' 'M' 'M' 'M' 'M' 'U' 'M' 'U' 'M' 'U' 'M' 'M']"
449201,0,167,5,162,31,0,0,"['A' 'M' 'U' 'M' 'M' 'M' 'M' 'U' 'M' 'M' 'M' 'M' 'M' 'U' 'M' 'U' 'M' 'M'
 'M' 'U' 'M' 'M' 'M' 'M' 'M' 'M' 'M' 'M' 'M' 'M' 'M' 'M' 'M' 'M' 'U' 'M'
 'U' 'M' 'U' 'M' 'M' 'M' 'M' 'A' 'M' 'M' 'M' 'M' 'M' 'M' 'M' 'M' 'M' 'M'
 'M' 'M' 'U' 'M' 'M' 'M' 'M' 'M' 'M' 'M' 'M' 'M' 'U' 'U' 'M' 'M' 'U' 'U'
 'M' 'M' 'M' 'M' 'M' 'M' 'M' 'U' 'M' 'M' 'M' 'M' 'M' 'M' 'M' 'M' 'M' 'M'
 'M' 'M' 'M' 'M' 'M' 'M' 'M' 'M' 'M' 'M' 'M' 'M' 'M' 'M' 'M' 'M' 'U' 'M'
 'M' 'M' 'M' 'M' 'M' 'U' 'M' 'U' 'M' 'M' 'M' 'M' 'M' 'M' 'M' 'M' 'U' 'M'
 'M' 'M' 'M' 'M' 'M' 'U' 'U' 'M' 'U' 'U' 'U' 'U' 'A' 'M' 'M' 'M' 'M' 'M'
 'M' 'A' 'M' 'M' 'M' 'M' 'M' 'M' 'M' 'M' 'M' 'U' 'M' 'M' 'M' 'M' 'M' 'M'
 'U' 'U' 'M' 'M' 'M' 'U' 'M' 'M' 'M' 'M' 'M' 'U' 'M' 'M' 'M' 'M' 'M' 'M'
 'A' 'M' 'M' 'M' 'M' 'M' 'M' 'M' 'M' 'M' 'M' 'U' 'M' 'M' 'M' 'U' 'M' 'M']"
449301,0,173,6,167,25,0,0,"['A' 'M' 'U' 'M' 'M' 'M' 'M' 'U' 'M' 'M' 'M' 'M' 'M' 'M' 'M' 'U' 'M' 'M'
 'M' 'A' 'M' 'M' 'M' 'M' 'M' 'M' 'M' 'M' 'M' 'M' 'M' 'M' 'M' 'M' 'U' 'M'
 'A' 'M' 'M' 'M' 'M' 'M' 'U' 'A' 'M' 'M' 'M' 'M' 'M' 'M' 'M' 'M' 'M' 'M'
 'M' 'M' 'M' 'M' 'M' 'M' 'M' 'M' 'M' 'M' 'M' 'M' 'M' 'M' 'M' 'M' 'M' 'M'
 'M' 'U' 'M' 'M' 'M' 'M' 'U' 'U' 'M' 'M' 'M' 'M' 'M' 'M' 'U' 'M' 'M' 'M'
 'M' 'M' 'M' 'M' 'U' 'M' 'M' 'M' 'M' 'M' 'M' 'M' 'M' 'M' 'M' 'M' 'M' 'M'
 'M' 'M' 'U' 'M' 'M' 'U' 'M' 'M' 'M' 'M' 'M' 'M' 'M' 'M' 'M' 'M' 'U' 'M'
 'U' 'M' 'U' 'M' 'M' 'U' 'U' 'M' 'U' 'U' 'U' 'M' 'A' 'M' 'M' 'M' 'M' 'M'
 'M' 'A' 'M' 'M' 'M' 'M' 'M' 'M' 'M' 'M' 'M' 'M' 'M' 'M' 'M' 'M' 'M' 'M'
 'U' 'U' 'M' 'M' 'M' 'U' 'M' 'M' 'M' 'M' 'M' 'M' 'M' 'M' 'M' 'M' 'M' 'M'
 'U' 'M' 'M' 'M' 'M' 'M' 'M' 'M' 'M' 'M' 'M' 'U' 'M' 'M' 'M' 'M' 'M' 'M']"
449401,0,174,7,167,24,0,0,"['A' 'M' 'U' 'M' 'M' 'M' 'M' 'M' 'M' 'M' 'M' 'M' 'M' 'M' 'M' 'M' 'M' 'M'
 'M' 'A' 'M' 'U' 'M' 'M' 'M' 'U' 'M' 'M' 'M' 'M' 'M' 'M' 'M' 'M' 'U' 'M'
 'A' 'M' 'M' 'M' 'M' 'M' 'M' 'U' 'U' 'M' 'M' 'M' 'M' 'M' 'M' 'M' 'M' 'M'
 'M' 'M' 'M' 'M' 'M' 'M' 'M' 'M' 'M' 'M' 'M' 'M' 'M' 'U' 'M' 'M' 'M' 'U'
 'M' 'M' 'U' 'M' 'M' 'M' 'M' 'M' 'M' 'M' 'U' 'M' 'M' 'M' 'M' 'M' 'M' 'M'
 'U' 'M' 'M' 'M' 'M' 'M' 'M' 'M' 'M' 'M' 'U' 'M' 'M' 'M' 'M' 'M' 'M' 'M'
 'M' 'M' 'U' 'M' 'M' 'U' 'M' 'M' 'M' 'M' 'M' 'M' 'M' 'M' 'M' 'M' 'U' 'M'
 'U' 'M' 'U' 'M' 'M' 'U' 'A' 'M' 'U' 'M' 'U' 'M' 'A' 'M' 'M' 'M' 'M' 'M'
 'M' 'A' 'M' 'M' 'U' 'M' 'M' 'M' 'M' 'M' 'M' 'M' 'M' 'M' 'M' 'M' 'M' 'M'
 'U' 'A' 'M' 'M' 'M' 'U' 'M' 'M' 'M' 'M' 'M' 'M' 'M' 'M' 'M' 'M' 'M' 'M'
 'M' 'M' 'M' 'M' 'M' 'M' 'M' 'M' 'M' 'M' 'M' 'U' 'M' 'M' 'M' 'M' 'M' 'M']"
449501,0,168,7,161,30,0,0,"['A' 'M' 'U' 'U' 'U' 'M' 'M' 'M' 'M' 'U' 'M' 'M' 'M' 'M' 'M' 'M' 'M' 'M'
 'M' 'A' 'M' 'U' 'M' 'M' 'M' 'U' 'M' 'M' 'M' 'U' 'M' 'M' 'M' 'M' 'U' 'M'
 'A' 'M' 'U' 'M' 'M' 'U' 'M' 'A' 'U' 'M' 'M' 'M' 'M' 'M' 'M' 'M' 'M' 'M'
 'M' 'M' 'M' 'M' 'M' 'M' 'M' 'M' 'M' 'M' 'U' 'M' 'M' 'M' 'M' 'M' 'U' 'M'
 'M' 'M' 'M' 'M' 'M' 'M' 'M' 'M' 'U' 'U' 'M' 'M' 'U' 'M' 'M' 'M' 'U' 'M'
 'M' 'M' 'M' 'M' 'M' 'M' 'M' 'M' 'M' 'M' 'U' 'M' 'M' 'M' 'M' 'M' 'U' 'M'
 'M' 'M' 'U' 'M' 'M' 'U' 'M' 'M' 'M' 'M' 'M' 'M' 'M' 'M' 'M' 'M' 'M' 'M'
 'M' 'M' 'U' 'M' 'M' 'M' 'M' 'M' 'M' 'M' 'U' 'M' 'A' 'M' 'M' 'M' 'M' 'M'
 'M' 'A' 'M' 'M' 'U' 'M' 'M' 'M' 'M' 'M' 'M' 'M' 'M' 'M' 'M' 'M' 'M' 'M'
 'U' 'A' 'U' 'M' 'M' 'U' 'M' 'M' 'M' 'U' 'M' 'M' 'M' 'M' 'U' 'M' 'M' 'M'
 'M' 'M' 'M' 'M' 'M' 'M' 'M' 'M' 'M' 'M' 'M' 'U' 'M' 'M' 'M' 'M' 'M' 'M']"
449601,0,164,5,159,34,0,0,"['A' 'M' 'U' 'U' 'U' 'M' 'M' 'M' 'M' 'U' 'M' 'M' 'M' 'M' 'U' 'M' 'M' 'M'
 'M' 'A' 'M' 'M' 'U' 'M' 'M' 'U' 'M' 'M' 'M' 'U' 'U' 'M' 'M' 'M' 'U' 'M'
 'A' 'M' 'U' 'M' 'M' 'M' 'M' 'U' 'U' 'M' 'M' 'M' 'M' 'M' 'U' 'M' 'M' 'M'
 'U' 'M' 'M' 'U' 'M' 'M' 'M' 'M' 'M' 'M' 'U' 'U' 'M' 'M' 'M' 'M' 'M' 'M'
 'M' 'M' 'M' 'U' 'M' 'M' 'M' 'U' 'M' 'M' 'M' 'M' 'U' 'M' 'M' 'M' 'M' 'M'
 'M' 'U' 'M' 'M' 'M' 'M' 'M' 'M' 'M' 'M' 'U' 'M' 'M' 'M' 'M' 'M' 'U' 'M'
 'M' 'M' 'M' 'M' 'M' 'M' 'M' 'M' 'M' 'M' 'M' 'M' 'M' 'M' 'M' 'M' 'M' 'M'
 'M' 'M' 'M' 'M' 'M' 'M' 'M' 'M' 'M' 'M' 'U' 'M' 'A' 'M' 'M' 'M' 'M' 'M'
 'M' 'A' 'U' 'M' 'U' 'M' 'M' 'M' 'M' 'M' 'M' 'M' 'M' 'M' 'M' 'M' 'M' 'M'
 'U' 'U' 'U' 'M' 'M' 'U' 'M' 'U' 'M' 'M' 'M' 'M' 'M' 'M' 'U' 'M' 'M' 'M'
 'M' 'M' 'M' 'M' 'M' 'M' 'M' 'M' 'M' 'M' 'M' 'U' 'M' 'M' 'M' 'M' 'M' 'M']"
449701,0,168,6,162,30,0,0,"['A' 'M' 'U' 'U' 'U' 'M' 'M' 'M' 'U' 'U' 'M' 'M' 'M' 'M' 'U' 'M' 'M' 'M'
 'M' 'A' 'M' 'M' 'M' 'M' 'M' 'A' 'M' 'M' 'M' 'U' 'U' 'M' 'M' 'M' 'M' 'M'
 'A' 'M' 'U' 'M' 'M' 'M' 'M' 'U' 'M' 'M' 'M' 'M' 'M' 'M' 'U' 'M' 'M' 'M'
 'M' 'M' 'M' 'M' 'M' 'M' 'M' 'M' 'M' 'M' 'U' 'M' 'U' 'M' 'M' 'M' 'M' 'M'
 'M' 'M' 'M' 'M' 'M' 'U' 'M' 'M' 'M' 'M' 'M' 'U' 'M' 'M' 'M' 'M' 'M' 'U'
 'M' 'M' 'M' 'M' 'U' 'M' 'M' 'M' 'M' 'M' 'U' 'M' 'M' 'M' 'M' 'M' 'U' 'M'
 'M' 'M' 'M' 'M' 'M' 'M' 'M' 'M' 'M' 'M' 'M' 'M' 'M' 'M' 'M' 'M' 'M' 'M'
 'M' 'M' 'M' 'M' 'M' 'M' 'U' 'M' 'M' 'M' 'U' 'M' 'A' 'M' 'M' 'M' 'M' 'M'
 'M' 'U' 'U' 'M' 'U' 'M' 'M' 'M' 'M' 'M' 'M' 'U' 'M' 'M' 'M' 'M' 'M' 'M'
 'U' 'U' 'A' 'M' 'M' 'M' 'M' 'M' 'M' 'M' 'M' 'M' 'M' 'M' 'U' 'M' 'U' 'M'
 'M' 'M' 'M' 'M' 'M' 'M' 'M' 'M' 'M' 'M' 'M' 'U' 'M' 'M' 'M' 'M' 'M' 'M']"
449801,0,171,6,165,27,0,0,"['A' 'M' 'A' 'U' 'U' 'M' 'M' 'M' 'U' 'M' 'M' 'M' 'M' 'U' 'M' 'M' 'M' 'M'
 'M' 'A' 'M' 'M' 'M' 'M' 'M' 'A' 'M' 'M' 'U' 'M' 'U' 'M' 'M' 'M' 'M' 'M'
 'A' 'M' 'M' 'M' 'M' 'U' 'M' 'M' 'M' 'M' 'M' 'M' 'U' 'M' 'M' 'M' 'M' 'M'
 'M' 'M' 'M' 'M' 'M' 'M' 'M' 'M' 'M' 'M' 'M' 'M' 'U' 'M' 'M' 'M' 'M' 'U'
 'M' 'M' 'M' 'M' 'M' 'U' 'M' 'M' 'U' 'M' 'M' 'M' 'U' 'M' 'M' 'M' 'M' 'M'
 'M' 'M' 'M' 'M' 'M' 'M' 'M' 'M' 'M' 'M' 'U' 'M' 'M' 'M' 'M' 'M' 'M' 'M'
 'M' 'M' 'M' 'M' 'M' 'M' 'U' 'M' 'M' 'M' 'M' 'M' 'M' 'M' 'M' 'M' 'M' 'U'
 'M' 'M' 'M' 'M' 'U' 'M' 'U' 'M' 'M' 'M' 'U' 'M' 'A' 'M' 'M' 'M' 'M' 'M'
 'M' 'U' 'U' 'M' 'U' 'M' 'M' 'M' 'M' 'M' 'M' 'M' 'M' 'M' 'M' 'M' 'M' 'M'
 'U' 'M' 'U' 'M' 'M' 'M' 'M' 'M' 'M' 'M' 'M' 'M' 'M' 'M' 'M' 'M' 'U' 'M'
 'M' 'M' 'M' 'M' 'M' 'M' 'M' 'U' 'M' 'M' 'M' 'U' 'M' 'M' 'M' 'M' 'M' 'M']"
449901,1,166,5,161,32,0,0,"['A' 'M' 'A' 'U' 'U' 'M' 'M' 'M' 'A' 'M' 'M' 'M' 'M' 'U' 'M' 'M' 'M' 'M'
 'M' 'A' 'M' 'M' 'M' 'M' 'M' 'U' 'M' 'M' 'M' 'M' 'M' 'M' 'M' 'M' 'M' 'M'
 'A' 'M' 'M' 'M' 'M' 'U' 'M' 'M' 'M' 'M' 'M' 'M' 'U' 'M' 'M' 'M' 'M' 'M'
 'M' 'M' 'M' 'M' 'M' 'M' 'U' 'M' 'U' 'U' 'M' 'M' 'M' 'U' 'U' 'U' 'M' 'M'
 'M' 'M' 'M' 'M' 'M' 'M' 'M' 'M' 'M' 'U' 'M' 'M' 'M' 'M' 'M' 'U' 'M' 'M'
 'M' 'M' 'M' 'M' 'M' 'M' 'U' 'M' 'M' 'M' 'U' 'M' 'M' 'M' 'M' 'M' 'M' 'M'
 'M' 'M' 'M' 'M' 'M' 'M' 'M' 'U' 'M' 'M' 'M' 'M' 'M' 'M' 'M' 'M' 'M' 'U'
 'M' 'M' 'M' 'M' 'U' 'U' 'U' 'U' 'U' 'U' 'U' 'M' 'U' 'U' 'M' 'M' 'M' 'M'
 'M' 'U' 'U' 'M' 'U' 'M' 'M' 'M' 'M' 'M' 'M' 'M' 'M' 'M' 'M' 'M' 'M' 'M'
 'M' 'M' 'U' 'M' 'M' 'M' 'M' 'M' 'M' 'M' 'M' 'M' 'M' 'M' 'M' 'M' 'M' 'M'
 'M' 'M' 'M' 'M' 'M' 'M' 'M' 'U' 'M' 'M' 'M' 'M' 'M' 'M' 'M' 'M' 'M' 'M']"
450001,0,162,3,159,36,0,0,"['A' 'M' 'A' 'M' 'U' 'M' 'M' 'M' 'U' 'M' 'M' 'M' 'M' 'U' 'M' 'M' 'M' 'U'
 'M' 'U' 'M' 'M' 'M' 'M' 'M' 'U' 'M' 'M' 'U' 'U' 'M' 'M' 'U' 'M' 'M' 'M'
 'A' 'M' 'M' 'M' 'M' 'U' 'M' 'M' 'M' 'M' 'M' 'M' 'U' 'M' 'M' 'M' 'M' 'M'
 'M' 'M' 'M' 'M' 'M' 'M' 'U' 'M' 'U' 'U' 'M' 'M' 'M' 'M' 'M' 'U' 'M' 'M'
 'M' 'M' 'M' 'M' 'M' 'M' 'M' 'M' 'M' 'M' 'M' 'U' 'M' 'M' 'M' 'M' 'U' 'M'
 'M' 'U' 'U' 'M' 'M' 'M' 'M' 'M' 'M' 'M' 'U' 'M' 'M' 'M' 'M' 'M' 'M' 'M'
 'M' 'M' 'M' 'M' 'M' 'M' 'U' 'U' 'M' 'M' 'M' 'M' 'M' 'M' 'M' 'M' 'M' 'U'
 'M' 'M' 'M' 'U' 'M' 'U' 'U' 'U' 'M' 'U' 'U' 'M' 'U' 'U' 'M' 'M' 'M' 'M'
 'M' 'U' 'U' 'M' 'U' 'M' 'M' 'M' 'M' 'M' 'M' 'M' 'M' 'M' 'M' 'M' 'M' 'M'
 'M' 'M' 'U' 'M' 'M' 'M' 'M' 'M' 'M' 'M' 'M' 'M' 'M' 'M' 'M' 'M' 'M' 'M'
 'M' 'M' 'M' 'M' 'M' 'M' 'M' 'U' 'M' 'M' 'M' 'M' 'M' 'M' 'M' 'M' 'M' 'M']"
450101,0,167,3,164,31,0,0,"['A' 'M' 'A' 'M' 'M' 'M' 'M' 'M' 'M' 'M' 'M' 'M' 'M' 'M' 'M' 'M' 'M' 'U'
 'M' 'U' 'M' 'M' 'M' 'M' 'M' 'M' 'M' 'U' 'U' 'U' 'M' 'M' 'U' 'M' 'M' 'M'
 'U' 'M' 'M' 'M' 'M' 'M' 'M' 'M' 'M' 'M' 'M' 'U' 'U' 'M' 'M' 'M' 'M' 'M'
 'M' 'M' 'M' 'M' 'M' 'M' 'U' 'M' 'U' 'U' 'M' 'M' 'U' 'M' 'M' 'M' 'U' 'U'
 'M' 'U' 'M' 'M' 'M' 'M' 'M' 'M' 'M' 'M' 'M' 'M' 'M' 'M' 'M' 'M' 'M' 'U'
 'M' 'M' 'M' 'M' 'M' 'M' 'M' 'M' 'M' 'M' 'U' 'M' 'M' 'M' 'M' 'M' 'M' 'M'
 'M' 'M' 'M' 'M' 'M' 'M' 'M' 'M' 'M' 'M' 'M' 'M' 'M' 'M' 'U' 'M' 'M' 'U'
 'M' 'M' 'M' 'U' 'M' 'U' 'U' 'M' 'M' 'U' 'U' 'M' 'A' 'U' 'M' 'M' 'M' 'M'
 'M' 'U' 'U' 'M' 'U' 'M' 'M' 'M' 'M' 'M' 'M' 'M' 'M' 'M' 'M' 'M' 'M' 'M'
 'M' 'M' 'U' 'M' 'M' 'M' 'M' 'M' 'M' 'M' 'M' 'M' 'M' 'M' 'M' 'M' 'M' 'M'
 'M' 'M' 'M' 'M' 'M' 'M' 'M' 'U' 'M' 'M' 'M' 'M' 'M' 'M' 'M' 'M' 'M' 'M']"
450201,0,164,2,162,34,0,0,"['A' 'M' 'M' 'M' 'M' 'M' 'M' 'M' 'M' 'M' 'M' 'U' 'M' 'M' 'M' 'M' 'M' 'U'
 'M' 'U' 'M' 'M' 'M' 'M' 'M' 'M' 'M' 'U' 'U' 'U' 'M' 'M' 'U' 'M' 'M' 'M'
 'U' 'M' 'M' 'M' 'M' 'M' 'M' 'M' 'M' 'M' 'U' 'U' 'U' 'M' 'M' 'M' 'M' 'M'
 'M' 'M' 'M' 'M' 'M' 'M' 'U' 'M' 'U' 'M' 'M' 'M' 'U' 'M' 'M' 'M' 'M' 'M'
 'M' 'M' 'M' 'M' 'M' 'U' 'M' 'M' 'M' 'U' 'M' 'U' 'M' 'M' 'M' 'M' 'M' 'M'
 'M' 'M' 'U' 'M' 'M' 'M' 'M' 'M' 'M' 'M' 'M' 'U' 'M' 'M' 'M' 'M' 'M' 'M'
 'M' 'M' 'U' 'U' 'M' 'M' 'M' 'M' 'U' 'U' 'M' 'M' 'M' 'M' 'U' 'M' 'M' 'U'
 'M' 'M' 'M' 'M' 'M' 'U' 'M' 'U' 'U' 'U' 'U' 'U' 'A' 'U' 'M' 'M' 'M' 'M'
 'M' 'M' 'M' 'M' 'M' 'M' 'M' 'M' 'M' 'M' 'M' 'M' 'M' 'M' 'M' 'M' 'M' 'M'
 'M' 'M' 'U' 'M' 'M' 'M' 'M' 'M' 'M' 'M' 'M' 'M' 'M' 'M' 'M' 'M' 'M' 'M'
 'M' 'M' 'M' 'M' 'M' 'M' 'M' 'U' 'M' 'M' 'M' 'M' 'M' 'M' 'M' 'M' 'M' 'M']"
450301,0,167,2,165,31,0,0,"['A' 'M' 'M' 'M' 'M' 'M' 'M' 'M' 'M' 'M' 'M' 'M' 'M' 'M' 'M' 'M' 'M' 'U'
 'M' 'U' 'M' 'M' 'M' 'M' 'M' 'M' 'M' 'U' 'M' 'U' 'M' 'M' 'M' 'M' 'M' 'M'
 'M' 'M' 'M' 'M' 'M' 'M' 'M' 'M' 'M' 'M' 'U' 'U' 'U' 'M' 'M' 'M' 'M' 'M'
 'M' 'M' 'M' 'M' 'M' 'M' 'U' 'M' 'M' 'M' 'M' 'M' 'U' 'M' 'M' 'U' 'M' 'U'
 'M' 'M' 'U' 'M' 'M' 'M' 'M' 'M' 'M' 'U' 'M' 'M' 'M' 'M' 'M' 'M' 'M' 'M'
 'M' 'M' 'M' 'M' 'M' 'M' 'M' 'M' 'U' 'M' 'M' 'M' 'M' 'M' 'M' 'M' 'M' 'M'
 'M' 'M' 'U' 'U' 'M' 'M' 'M' 'M' 'U' 'U' 'M' 'M' 'M' 'M' 'U' 'M' 'M' 'U'
 'M' 'M' 'M' 'M' 'M' 'U' 'M' 'U' 'M' 'U' 'U' 'U' 'A' 'U' 'U' 'M' 'M' 'M'
 'M' 'M' 'M' 'M' 'M' 'M' 'M' 'M' 'M' 'M' 'M' 'M' 'U' 'M' 'M' 'M' 'M' 'M'
 'U' 'M' 'M' 'M' 'M' 'M' 'M' 'M' 'M' 'M' 'M' 'M' 'M' 'U' 'M' 'M' 'M' 'M'
 'M' 'M' 'M' 'M' 'M' 'M' 'M' 'U' 'M' 'M' 'M' 'M' 'M' 'M' 'M' 'M' 'M' 'M']"
450401,0,167,1,166,31,0,0,"['A' 'M' 'M' 'M' 'M' 'M' 'M' 'M' 'M' 'M' 'M' 'M' 'M' 'M' 'M' 'M' 'M' 'U'
 'M' 'M' 'M' 'M' 'M' 'M' 'M' 'M' 'M' 'U' 'M' 'U' 'M' 'M' 'M' 'M' 'M' 'M'
 'M' 'M' 'M' 'M' 'M' 'M' 'M' 'M' 'M' 'M' 'U' 'U' 'M' 'M' 'U' 'M' 'M' 'M'
 'M' 'M' 'M' 'M' 'U' 'M' 'U' 'M' 'M' 'M' 'M' 'M' 'M' 'M' 'M' 'M' 'M' 'M'
 'M' 'M' 'U' 'M' 'M' 'M' 'M' 'M' 'M' 'U' 'M' 'U' 'M' 'M' 'M' 'M' 'U' 'M'
 'M' 'M' 'M' 'U' 'M' 'M' 'M' 'M' 'U' 'M' 'M' 'M' 'U' 'M' 'M' 'M' 'M' 'M'
 'M' 'M' 'U' 'U' 'M' 'M' 'M' 'M' 'M' 'U' 'M' 'U' 'M' 'M' 'U' 'M' 'M' 'M'
 'M' 'M' 'M' 'M' 'M' 'U' 'M' 'U' 'M' 'M' 'U' 'M' 'M' 'U' 'M' 'U' 'M' 'M'
 'M' 'M' 'M' 'M' 'M' 'M' 'M' 'M' 'M' 'M' 'M' 'M' 'U' 'M' 'M' 'M' 'M' 'M'
 'U' 'M' 'U' 'M' 'M' 'M' 'M' 'M' 'M' 'M' 'M' 'M' 'M' 'U' 'U' 'M' 'M' 'M'
 'M' 'M' 'M' 'M' 'M' 'M' 'M' 'U' 'M' 'M' 'M' 'M' 'M' 'M' 'M' 'M' 'M' 'M']"
450501,0,171,1,170,27,0,0,"['A' 'M' 'M' 'M' 'M' 'M' 'M' 'M' 'M' 'M' 'M' 'M' 'M' 'M' 'M' 'M' 'M' 'M'
 'M' 'U' 'M' 'M' 'M' 'M' 'M' 'M' 'M' 'U' 'M' 'U' 'M' 'M' 'M' 'M' 'M' 'M'
 'M' 'M' 'M' 'M' 'M' 'M' 'M' 'M' 'M' 'M' 'M' 'M' 'M' 'U' 'M' 'U' 'M' 'M'
 'M' 'M' 'M' 'M' 'U' 'M' 'U' 'M' 'M' 'M' 'M' 'M' 'M' 'M' 'M' 'M' 'M' 'M'
 'M' 'U' 'M' 'M' 'M' 'M' 'M' 'M' 'M' 'M' 'U' 'U' 'M' 'M' 'M' 'M' 'M' 'M'
 'M' 'U' 'U' 'M' 'M' 'M' 'M' 'M' 'M' 'M' 'U' 'M' 'U' 'M' 'M' 'M' 'M' 'M'
 'M' 'M' 'U' 'U' 'M' 'M' 'M' 'M' 'M' 'U' 'M' 'U' 'M' 'U' 'U' 'M' 'M' 'M'
 'M' 'M' 'M' 'M' 'M' 'M' 'M' 'U' 'M' 'M' 'M' 'M' 'M' 'U' 'M' 'U' 'M' 'M'
 'M' 'M' 'M' 'M' 'M' 'M' 'M' 'M' 'M' 'M' 'M' 'M' 'M' 'M' 'M' 'M' 'M' 'M'
 'U' 'M' 'U' 'M' 'M' 'M' 'M' 'M' 'M' 'M' 'M' 'M' 'M' 'M' 'U' 'M' 'M' 'M'
 'M' 'M' 'M' 'M' 'M' 'M' 'M' 'U' 'M' 'M' 'M' 'M' 'M' 'M' 'M' 'M' 'M' 'M']"
450601,0,169,1,168,29,0,0,"['A' 'M' 'M' 'M' 'M' 'M' 'M' 'M' 'M' 'M' 'M' 'M' 'M' 'M' 'M' 'M' 'M' 'M'
 'M' 'U' 'M' 'M' 'M' 'M' 'M' 'M' 'M' 'U' 'M' 'M' 'M' 'M' 'M' 'M' 'M' 'M'
 'M' 'M' 'M' 'M' 'U' 'M' 'M' 'M' 'M' 'M' 'M' 'M' 'M' 'U' 'U' 'U' 'M' 'M'
 'M' 'M' 'M' 'M' 'U' 'M' 'U' 'M' 'M' 'M' 'M' 'U' 'M' 'M' 'M' 'M' 'M' 'U'
 'M' 'M' 'M' 'M' 'U' 'M' 'M' 'M' 'M' 'M' 'M' 'M' 'M' 'M' 'U' 'M' 'M' 'M'
 'M' 'M' 'M' 'M' 'U' 'M' 'M' 'M' 'M' 'M' 'U' 'M' 'U' 'M' 'M' 'M' 'M' 'M'
 'M' 'M' 'U' 'U' 'M' 'M' 'M' 'M' 'M' 'U' 'M' 'U' 'M' 'U' 'U' 'M' 'M' 'M'
 'M' 'M' 'M' 'M' 'M' 'M' 'M' 'U' 'M' 'M' 'M' 'M' 'M' 'U' 'M' 'U' 'M' 'M'
 'M' 'M' 'M' 'M' 'M' 'M' 'M' 'M' 'M' 'M' 'M' 'M' 'M' 'M' 'M' 'M' 'M' 'M'
 'U' 'M' 'M' 'M' 'M' 'M' 'M' 'U' 'M' 'M' 'U' 'M' 'M' 'M' 'U' 'M' 'M' 'M'
 'M' 'M' 'M' 'M' 'U' 'M' 'M' 'M' 'M' 'M' 'M' 'M' 'M' 'M' 'M' 'M' 'M' 'M']"
450701,0,172,1,171,26,0,0,"['A' 'M' 'M' 'M' 'M' 'M' 'M' 'M' 'M' 'M' 'M' 'M' 'M' 'M' 'M' 'M' 'M' 'M'
 'M' 'M' 'M' 'M' 'M' 'M' 'M' 'M' 'M' 'U' 'M' 'M' 'M' 'M' 'M' 'M' 'M' 'M'
 'M' 'M' 'M' 'M' 'M' 'M' 'M' 'M' 'M' 'M' 'M' 'M' 'M' 'M' 'U' 'U' 'M' 'M'
 'U' 'M' 'M' 'M' 'U' 'M' 'M' 'M' 'M' 'M' 'M' 'M' 'M' 'M' 'M' 'M' 'U' 'M'
 'M' 'M' 'M' 'M' 'U' 'M' 'M' 'U' 'M' 'M' 'M' 'M' 'M' 'M' 'M' 'M' 'U' 'M'
 'M' 'M' 'M' 'U' 'M' 'M' 'M' 'M' 'M' 'M' 'U' 'M' 'M' 'M' 'M' 'M' 'M' 'M'
 'M' 'M' 'U' 'M' 'M' 'M' 'M' 'M' 'M' 'U' 'M' 'M' 'M' 'U' 'U' 'M' 'M' 'M'
 'M' 'M' 'M' 'M' 'M' 'U' 'M' 'U' 'M' 'M' 'M' 'M' 'M' 'U' 'M' 'M' 'M' 'M'
 'M' 'M' 'M' 'M' 'M' 'M' 'M' 'M' 'M' 'M' 'M' 'M' 'M' 'M' 'M' 'U' 'M' 'M'
 'U' 'M' 'M' 'M' 'M' 'M' 'U' 'U' 'M' 'M' 'M' 'M' 'U' 'M' 'U' 'M' 'M' 'M'
 'M' 'M' 'U' 'M' 'U' 'M' 'M' 'M' 'M' 'M' 'M' 'M' 'M' 'M' 'M' 'M' 'M' 'M']"
450801,0,161,2,159,37,0,0,"['A' 'M' 'M' 'M' 'U' 'M' 'M' 'M' 'M' 'M' 'M' 'U' 'M' 'M' 'M' 'M' 'M' 'M'
 'M' 'M' 'M' 'M' 'M' 'M' 'M' 'M' 'M' 'U' 'M' 'M' 'M' 'M' 'M' 'M' 'M' 'M'
 'M' 'M' 'M' 'M' 'M' 'M' 'M' 'M' 'M' 'M' 'M' 'M' 'M' 'M' 'U' 'U' 'M' 'M'
 'U' 'M' 'M' 'M' 'U' 'M' 'M' 'M' 'M' 'M' 'M' 'M' 'M' 'M' 'M' 'M' 'M' 'M'
 'M' 'U' 'M' 'M' 'M' 'U' 'M' 'M' 'M' 'M' 'U' 'M' 'M' 'M' 'M' 'U' 'M' 'M'
 'M' 'U' 'M' 'M' 'M' 'M' 'M' 'M' 'M' 'M' 'U' 'M' 'M' 'M' 'M' 'M' 'M' 'M'
 'M' 'U' 'U' 'M' 'M' 'M' 'M' 'M' 'M' 'U' 'M' 'M' 'M' 'U' 'U' 'M' 'M' 'M'
 'M' 'M' 'M' 'U' 'M' 'U' 'U' 'U' 'U' 'U' 'U' 'U' 'U' 'M' 'M' 'M' 'M' 'M'
 'M' 'U' 'M' 'M' 'M' 'M' 'M' 'M' 'M' 'M' 'M' 'M' 'M' 'M' 'M' 'U' 'M' 'M'
 'U' 'M' 'M' 'M' 'M' 'M' 'M' 'U' 'M' 'M' 'M' 'M' 'U' 'M' 'U' 'M' 'M' 'M'
 'M' 'M' 'U' 'A' 'U' 'M' 'M' 'M' 'M' 'M' 'U' 'M' 'M' 'M' 'U' 'M' 'M' 'M']"
450901,0,162,3,159,36,0,1,"['A' 'M' 'M' 'M' 'U' 'M' 'M' 'M' 'M' 'M' 'M' 'U' 'M' 'M' 'M' 'M' 'M' 'M'
 'M' 'M' 'M' 'M' 'M' 'M' 'M' 'M' 'M' 'U' 'M' 'M' 'M' 'M' 'M' 'M' 'M' 'M'
 'M' 'U' 'M' 'M' 'M' 'M' 'M' 'M' 'M' 'M' 'M' 'M' 'M' 'M' 'U' 'U' 'U' 'M'
 'U' 'M' 'M' 'M' 'U' 'M' 'M' 'M' 'M' 'M' 'M' 'M' 'M' 'U' 'M' 'U' 'M' 'U'
 'M' 'M' 'M' 'M' 'M' 'M' 'M' 'M' 'M' 'M' 'M' 'M' 'M' 'M' 'M' 'M' 'M' 'M'
 'M' 'M' 'U' 'M' 'U' 'M' 'M' 'M' 'M' 'M' 'M' 'M' 'U' 'M' 'U' 'M' 'M' 'M'
 'M' 'M' 'U' 'M' 'M' 'M' 'M' 'M' 'M' 'M' 'M' 'M' 'M' 'U' 'U' 'M' 'M' 'M'
 'M' 'M' 'M' 'U' 'M' 'U' 'A' 'U' 'U' 'U' 'U' 'U' 'U' 'M' 'M' 'M' 'M' 'M'
 'M' 'U' 'M' 'M' 'M' 'M' 'M' 'M' 'M' 'M' 'M' 'M' 'M' 'M' 'M' 'U' 'M' 'M'
 'U' 'M' 'M' 'M' 'M' 'M' 'M' 'U' 'M' 'M' 'M' 'M' 'U' 'M' 'U' 'M' 'M' 'M'
 'M' 'M' 'U' 'A' 'U' 'M' 'M' 'M' 'M' 'M' 'M' 'M' 'M' 'M' 'U' 'M' 'M' 'M']"
451001,0,161,3,158,37,0,0,"['A' 'M' 'M' 'M' 'U' 'M' 'M' 'M' 'M' 'M' 'M' 'U' 'M' 'M' 'M' 'M' 'U' 'M'
 'M' 'M' 'M' 'M' 'M' 'M' 'U' 'M' 'M' 'M' 'M' 'M' 'M' 'M' 'M' 'M' 'M' 'M'
 'M' 'U' 'M' 'M' 'M' 'M' 'M' 'M' 'M' 'M' 'M' 'M' 'M' 'M' 'U' 'U' 'M' 'M'
 'U' 'M' 'M' 'M' 'U' 'M' 'M' 'M' 'M' 'U' 'M' 'M' 'M' 'M' 'M' 'M' 'M' 'M'
 'U' 'M' 'M' 'M' 'M' 'M' 'M' 'M' 'M' 'M' 'U' 'M' 'M' 'M' 'M' 'U' 'U' 'M'
 'U' 'M' 'M' 'M' 'M' 'M' 'M' 'U' 'M' 'M' 'M' 'M' 'U' 'M' 'A' 'M' 'M' 'M'
 'M' 'M' 'U' 'M' 'M' 'M' 'M' 'U' 'M' 'M' 'M' 'M' 'M' 'U' 'U' 'M' 'M' 'M'
 'M' 'M' 'U' 'M' 'M' 'U' 'U' 'M' 'U' 'M' 'U' 'U' 'M' 'M' 'M' 'M' 'M' 'M'
 'M' 'U' 'M' 'M' 'M' 'M' 'M' 'M' 'M' 'M' 'M' 'M' 'M' 'M' 'M' 'U' 'M' 'M'
 'U' 'M' 'M' 'M' 'M' 'M' 'M' 'U' 'M' 'M' 'M' 'M' 'U' 'M' 'U' 'M' 'M' 'M'
 'M' 'M' 'U' 'A' 'U' 'M' 'M' 'U' 'M' 'M' 'M' 'M' 'M' 'M' 'U' 'M' 'M' 'M']"
451101,0,158,3,155,40,0,0,"['A' 'M' 'M' 'M' 'U' 'M' 'M' 'M' 'M' 'M' 'M' 'U' 'M' 'M' 'M' 'M' 'M' 'M'
 'M' 'M' 'M' 'M' 'M' 'M' 'U' 'M' 'M' 'M' 'M' 'M' 'M' 'M' 'M' 'M' 'M' 'M'
 'M' 'U' 'M' 'M' 'U' 'M' 'M' 'M' 'M' 'M' 'M' 'M' 'M' 'M' 'U' 'U' 'M' 'M'
 'U' 'U' 'M' 'M' 'U' 'M' 'M' 'M' 'M' 'U' 'M' 'U' 'M' 'M' 'M' 'M' 'M' 'M'
 'M' 'M' 'M' 'M' 'M' 'M' 'M' 'M' 'M' 'U' 'M' 'U' 'M' 'M' 'M' 'U' 'M' 'M'
 'M' 'M' 'M' 'U' 'M' 'M' 'M' 'M' 'M' 'M' 'M' 'M' 'M' 'M' 'A' 'M' 'M' 'M'
 'M' 'M' 'U' 'M' 'M' 'U' 'M' 'U' 'U' 'M' 'M' 'M' 'M' 'M' 'U' 'M' 'M' 'M'
 'M' 'M' 'U' 'M' 'M' 'U' 'M' 'U' 'U' 'M' 'U' 'M' 'U' 'M' 'M' 'M' 'M' 'M'
 'M' 'U' 'M' 'M' 'U' 'U' 'M' 'M' 'M' 'M' 'U' 'U' 'M' 'M' 'M' 'U' 'M' 'M'
 'U' 'M' 'M' 'M' 'M' 'M' 'M' 'U' 'M' 'M' 'M' 'M' 'U' 'M' 'U' 'M' 'M' 'M'
 'M' 'M' 'U' 'A' 'U' 'M' 'M' 'M' 'M' 'M' 'M' 'M' 'M' 'M' 'U' 'M' 'M' 'M']"
451201,0,167,5,162,31,0,0,"['A' 'M' 'M' 'M' 'M' 'M' 'M' 'M' 'M' 'M' 'M' 'U' 'M' 'M' 'M' 'M' 'M' 'M'
 'M' 'M' 'M' 'U' 'M' 'M' 'A' 'M' 'M' 'M' 'M' 'M' 'M' 'M' 'M' 'M' 'M' 'M'
 'M' 'A' 'M' 'M' 'U' 'M' 'M' 'M' 'M' 'M' 'M' 'M' 'M' 'M' 'U' 'M' 'M' 'M'
 'U' 'M' 'M' 'U' 'U' 'M' 'M' 'M' 'M' 'M' 'M' 'M' 'U' 'M' 'M' 'M' 'M' 'M'
 'M' 'M' 'M' 'M' 'M' 'M' 'M' 'M' 'M' 'M' 'M' 'U' 'U' 'M' 'M' 'M' 'M' 'U'
 'M' 'U' 'M' 'M' 'M' 'U' 'M' 'M' 'M' 'M' 'M' 'M' 'M' 'M' 'A' 'M' 'M' 'M'
 'M' 'M' 'U' 'M' 'M' 'U' 'M' 'U' 'U' 'M' 'M' 'M' 'M' 'M' 'U' 'M' 'M' 'M'
 'M' 'M' 'M' 'M' 'M' 'U' 'M' 'U' 'M' 'M' 'U' 'M' 'U' 'M' 'M' 'M' 'M' 'M'
 'M' 'U' 'M' 'M' 'U' 'M' 'M' 'M' 'M' 'M' 'M' 'U' 'M' 'M' 'M' 'U' 'M' 'M'
 'U' 'M' 'M' 'U' 'M' 'M' 'M' 'U' 'M' 'M' 'M' 'M' 'M' 'M' 'U' 'M' 'M' 'M'
 'M' 'M' 'U' 'A' 'M' 'M' 'M' 'M' 'M' 'M' 'M' 'M' 'M' 'M' 'M' 'M' 'M' 'M']"
451301,0,169,3,166,29,0,0,"['A' 'M' 'M' 'M' 'M' 'M' 'M' 'M' 'M' 'M' 'M' 'U' 'M' 'M' 'M' 'M' 'M' 'M'
 'M' 'M' 'M' 'U' 'U' 'M' 'A' 'M' 'M' 'M' 'M' 'M' 'M' 'M' 'M' 'M' 'M' 'M'
 'M' 'M' 'M' 'M' 'M' 'M' 'M' 'M' 'M' 'M' 'M' 'M' 'U' 'M' 'M' 'M' 'M' 'M'
 'U' 'M' 'M' 'U' 'M' 'M' 'M' 'M' 'M' 'M' 'M' 'M' 'U' 'M' 'M' 'M' 'M' 'U'
 'M' 'M' 'M' 'M' 'M' 'U' 'M' 'M' 'M' 'M' 'M' 'M' 'M' 'M' 'U' 'M' 'M' 'M'
 'U' 'M' 'M' 'M' 'M' 'M' 'M' 'M' 'U' 'M' 'M' 'M' 'M' 'M' 'A' 'M' 'M' 'M'
 'M' 'M' 'U' 'M' 'M' 'M' 'M' 'U' 'M' 'M' 'M' 'M' 'M' 'M' 'U' 'M' 'M' 'M'
 'M' 'M' 'M' 'M' 'M' 'U' 'M' 'U' 'M' 'M' 'U' 'M' 'U' 'M' 'M' 'M' 'M' 'M'
 'M' 'U' 'M' 'U' 'U' 'M' 'M' 'M' 'M' 'M' 'U' 'M' 'M' 'M' 'M' 'U' 'M' 'M'
 'U' 'M' 'M' 'M' 'M' 'M' 'M' 'U' 'M' 'M' 'M' 'M' 'M' 'M' 'U' 'M' 'M' 'M'
 'M' 'M' 'U' 'U' 'M' 'M' 'M' 'M' 'M' 'M' 'M' 'M' 'M' 'M' 'M' 'M' 'M' 'M']"
451401,0,169,4,165,29,0,0,"['A' 'M' 'M' 'M' 'M' 'M' 'M' 'M' 'M' 'M' 'M' 'M' 'M' 'M' 'M' 'M' 'M' 'M'
 'M' 'M' 'M' 'U' 'U' 'M' 'A' 'M' 'M' 'M' 'M' 'M' 'M' 'M' 'M' 'M' 'M' 'M'
 'M' 'M' 'M' 'M' 'M' 'M' 'M' 'M' 'M' 'M' 'M' 'M' 'U' 'M' 'M' 'M' 'M' 'M'
 'U' 'M' 'M' 'U' 'M' 'M' 'M' 'M' 'M' 'M' 'M' 'M' 'M' 'M' 'M' 'M' 'M' 'M'
 'M' 'M' 'M' 'M' 'M' 'M' 'M' 'M' 'M' 'U' 'U' 'M' 'M' 'U' 'M' 'M' 'U' 'U'
 'M' 'M' 'M' 'M' 'M' 'M' 'M' 'M' 'A' 'M' 'M' 'M' 'M' 'U' 'U' 'M' 'M' 'M'
 'M' 'M' 'M' 'M' 'M' 'M' 'U' 'U' 'M' 'M' 'M' 'M' 'M' 'M' 'U' 'M' 'M' 'M'
 'M' 'M' 'M' 'M' 'M' 'M' 'M' 'U' 'M' 'M' 'U' 'M' 'U' 'M' 'M' 'M' 'M' 'M'
 'M' 'U' 'U' 'U' 'A' 'M' 'M' 'M' 'M' 'M' 'U' 'M' 'M' 'M' 'M' 'U' 'M' 'M'
 'U' 'M' 'M' 'M' 'M' 'M' 'M' 'U' 'M' 'M' 'M' 'U' 'M' 'M' 'U' 'M' 'M' 'M'
 'M' 'M' 'U' 'U' 'M' 'M' 'M' 'M' 'M' 'M' 'M' 'M' 'M' 'M' 'M' 'M' 'M' 'M']"
451501,0,159,3,156,39,0,0,"['A' 'U' 'M' 'M' 'M' 'U' 'M' 'M' 'M' 'M' 'M' 'M' 'M' 'M' 'M' 'M' 'M' 'M'
 'M' 'M' 'M' 'U' 'U' 'M' 'A' 'M' 'M' 'M' 'M' 'M' 'M' 'M' 'M' 'M' 'M' 'M'
 'M' 'M' 'M' 'M' 'M' 'M' 'M' 'M' 'M' 'M' 'M' 'M' 'U' 'M' 'M' 'M' 'M' 'M'
 'U' 'M' 'M' 'U' 'M' 'M' 'M' 'M' 'M' 'M' 'M' 'M' 'M' 'M' 'U' 'M' 'M' 'M'
 'M' 'U' 'M' 'M' 'M' 'U' 'U' 'M' 'M' 'M' 'U' 'M' 'M' 'M' 'M' 'M' 'M' 'M'
 'M' 'M' 'M' 'M' 'M' 'M' 'M' 'M' 'U' 'M' 'M' 'M' 'M' 'M' 'U' 'U' 'M' 'M'
 'M' 'M' 'M' 'M' 'M' 'M' 'U' 'M' 'M' 'M' 'U' 'M' 'M' 'M' 'U' 'M' 'M' 'M'
 'M' 'M' 'M' 'M' 'M' 'U' 'U' 'U' 'U' 'U' 'U' 'U' 'U' 'M' 'U' 'M' 'M' 'M'
 'M' 'U' 'U' 'U' 'A' 'M' 'M' 'M' 'M' 'M' 'M' 'M' 'M' 'M' 'M' 'U' 'M' 'M'
 'U' 'M' 'M' 'M' 'M' 'M' 'M' 'U' 'M' 'M' 'M' 'U' 'M' 'M' 'U' 'M' 'U' 'M'
 'M' 'M' 'U' 'U' 'M' 'U' 'M' 'M' 'M' 'M' 'M' 'M' 'M' 'M' 'M' 'M' 'M' 'M']"
451601,0,153,2,151,45,0,0,"['A' 'U' 'M' 'U' 'M' 'M' 'M' 'M' 'M' 'M' 'M' 'M' 'M' 'M' 'M' 'M' 'M' 'M'
 'M' 'M' 'M' 'U' 'M' 'M' 'U' 'M' 'M' 'M' 'M' 'M' 'M' 'M' 'M' 'U' 'M' 'M'
 'M' 'M' 'M' 'M' 'M' 'M' 'U' 'M' 'M' 'M' 'M' 'M' 'U' 'M' 'M' 'M' 'M' 'M'
 'U' 'M' 'A' 'U' 'M' 'M' 'M' 'M' 'M' 'M' 'M' 'M' 'M' 'U' 'M' 'U' 'M' 'M'
 'U' 'M' 'M' 'M' 'M' 'M' 'M' 'M' 'M' 'M' 'M' 'U' 'M' 'M' 'M' 'M' 'M' 'M'
 'M' 'M' 'M' 'U' 'M' 'M' 'M' 'M' 'U' 'M' 'M' 'M' 'M' 'M' 'U' 'U' 'M' 'M'
 'M' 'U' 'M' 'M' 'M' 'M' 'U' 'M' 'M' 'M' 'U' 'M' 'M' 'M' 'U' 'M' 'M' 'M'
 'M' 'M' 'M' 'U' 'M' 'U' 'U' 'U' 'U' 'U' 'U' 'U' 'U' 'M' 'U' 'M' 'M' 'M'
 'M' 'U' 'U' 'U' 'U' 'M' 'M' 'M' 'M' 'M' 'M' 'M' 'M' 'U' 'M' 'M' 'M' 'M'
 'U' 'M' 'M' 'M' 'M' 'M' 'M' 'U' 'M' 'M' 'M' 'U' 'M' 'M' 'U' 'U' 'U' 'M'
 'M' 'M' 'U' 'U' 'M' 'U' 'M' 'M' 'M' 'M' 'M' 'M' 'M' 'M' 'M' 'M' 'M' 'M']"
451701,0,155,1,154,43,0,0,"['A' 'M' 'M' 'U' 'M' 'M' 'M' 'M' 'U' 'M' 'M' 'M' 'M' 'M' 'M' 'M' 'M' 'M'
 'M' 'M' 'M' 'U' 'M' 'M' 'U' 'M' 'M' 'M' 'M' 'M' 'M' 'M' 'M' 'M' 'M' 'M'
 'M' 'M' 'M' 'M' 'M' 'M' 'U' 'M' 'M' 'M' 'M' 'M' 'U' 'M' 'M' 'M' 'M' 'M'
 'M' 'M' 'U' 'U' 'M' 'U' 'M' 'M' 'M' 'M' 'M' 'M' 'U' 'M' 'M' 'M' 'M' 'M'
 'M' 'M' 'M' 'M' 'M' 'M' 'M' 'M' 'M' 'M' 'U' 'U' 'U' 'M' 'M' 'M' 'M' 'M'
 'M' 'U' 'M' 'M' 'M' 'M' 'M' 'M' 'U' 'M' 'M' 'M' 'M' 'M' 'U' 'U' 'M' 'M'
 'M' 'U' 'M' 'M' 'M' 'M' 'U' 'M' 'M' 'M' 'U' 'U' 'M' 'M' 'U' 'M' 'M' 'M'
 'U' 'M' 'M' 'U' 'M' 'U' 'M' 'U' 'M' 'U' 'U' 'U' 'U' 'M' 'U' 'M' 'M' 'M'
 'M' 'M' 'U' 'M' 'U' 'M' 'M' 'M' 'M' 'M' 'M' 'M' 'M' 'U' 'M' 'M' 'M' 'M'
 'U' 'M' 'M' 'M' 'M' 'M' 'M' 'U' 'M' 'M' 'M' 'U' 'M' 'M' 'U' 'U' 'U' 'M'
 'M' 'M' 'U' 'M' 'M' 'U' 'M' 'U' 'M' 'M' 'M' 'M' 'M' 'M' 'M' 'M' 'M' 'M']"
451801,0,166,2,164,32,1,0,"['A' 'U' 'M' 'M' 'M' 'M' 'M' 'M' 'U' 'M' 'M' 'M' 'M' 'M' 'M' 'M' 'M' 'M'
 'M' 'M' 'M' 'U' 'M' 'M' 'U' 'M' 'M' 'M' 'M' 'M' 'M' 'M' 'M' 'M' 'M' 'M'
 'M' 'M' 'M' 'M' 'M' 'M' 'U' 'U' 'M' 'M' 'M' 'M' 'U' 'M' 'M' 'M' 'M' 'M'
 'M' 'M' 'M' 'U' 'M' 'U' 'M' 'M' 'M' 'M' 'M' 'M' 'M' 'M' 'M' 'M' 'M' 'M'
 'M' 'U' 'M' 'M' 'M' 'M' 'U' 'M' 'M' 'M' 'M' 'U' 'M' 'M' 'M' 'M' 'U' 'M'
 'M' 'M' 'U' 'M' 'M' 'M' 'M' 'M' 'U' 'M' 'M' 'M' 'M' 'M' 'M' 'M' 'M' 'M'
 'M' 'U' 'M' 'M' 'M' 'M' 'U' 'M' 'M' 'M' 'A' 'U' 'M' 'M' 'M' 'M' 'M' 'M'
 'M' 'M' 'M' 'U' 'M' 'U' 'M' 'U' 'M' 'M' 'U' 'U' 'U' 'M' 'U' 'M' 'M' 'M'
 'M' 'M' 'U' 'M' 'U' 'M' 'M' 'M' 'M' 'M' 'M' 'M' 'M' 'U' 'M' 'M' 'M' 'M'
 'M' 'M' 'M' 'M' 'M' 'M' 'M' 'U' 'M' 'M' 'M' 'U' 'M' 'M' 'M' 'M' 'M' 'M'
 'M' 'M' 'U' 'M' 'M' 'M' 'M' 'U' 'M' 'M' 'M' 'M' 'M' 'M' 'M' 'M' 'M' 'M']"
451901,0,164,2,162,34,0,0,"['A' 'U' 'M' 'M' 'M' 'M' 'M' 'M' 'U' 'M' 'U' 'M' 'M' 'M' 'M' 'M' 'M' 'M'
 'M' 'U' 'M' 'U' 'M' 'M' 'U' 'M' 'M' 'M' 'M' 'M' 'M' 'M' 'U' 'M' 'M' 'M'
 'M' 'M' 'M' 'M' 'M' 'M' 'U' 'U' 'M' 'M' 'M' 'M' 'U' 'M' 'M' 'M' 'M' 'M'
 'M' 'M' 'M' 'M' 'M' 'M' 'U' 'M' 'M' 'M' 'M' 'M' 'U' 'M' 'M' 'M' 'U' 'M'
 'M' 'M' 'M' 'M' 'M' 'M' 'M' 'M' 'M' 'M' 'M' 'M' 'M' 'M' 'M' 'M' 'U' 'U'
 'U' 'M' 'M' 'M' 'M' 'M' 'M' 'M' 'U' 'M' 'M' 'U' 'M' 'M' 'M' 'M' 'M' 'M'
 'M' 'U' 'M' 'M' 'M' 'M' 'U' 'M' 'M' 'M' 'A' 'U' 'M' 'M' 'M' 'M' 'M' 'M'
 'M' 'M' 'U' 'U' 'M' 'M' 'M' 'U' 'M' 'M' 'U' 'U' 'U' 'M' 'M' 'M' 'M' 'M'
 'M' 'M' 'U' 'M' 'U' 'M' 'M' 'M' 'M' 'M' 'M' 'M' 'M' 'U' 'M' 'M' 'M' 'M'
 'M' 'U' 'M' 'M' 'M' 'M' 'M' 'M' 'M' 'M' 'M' 'U' 'M' 'M' 'M' 'M' 'M' 'M'
 'M' 'M' 'U' 'M' 'U' 'M' 'M' 'M' 'M' 'M' 'M' 'M' 'M' 'M' 'M' 'M' 'M' 'M']"
452001,0,165,1,164,33,0,0,"['A' 'M' 'M' 'M' 'M' 'M' 'M' 'M' 'U' 'M' 'U' 'M' 'M' 'M' 'M' 'M' 'M' 'M'
 'M' 'M' 'M' 'M' 'M' 'M' 'M' 'M' 'M' 'M' 'M' 'M' 'M' 'M' 'U' 'M' 'M' 'M'
 'M' 'M' 'M' 'M' 'M' 'M' 'M' 'U' 'M' 'M' 'M' 'M' 'U' 'M' 'M' 'M' 'M' 'U'
 'M' 'M' 'M' 'M' 'M' 'M' 'U' 'M' 'M' 'M' 'M' 'M' 'M' 'M' 'M' 'U' 'U' 'M'
 'M' 'M' 'M' 'U' 'U' 'M' 'M' 'M' 'M' 'M' 'M' 'M' 'U' 'M' 'M' 'M' 'M' 'M'
 'M' 'M' 'M' 'M' 'M' 'M' 'U' 'M' 'U' 'M' 'M' 'M' 'M' 'M' 'M' 'M' 'M' 'M'
 'M' 'U' 'M' 'M' 'U' 'M' 'U' 'M' 'M' 'M' 'U' 'U' 'M' 'M' 'M' 'M' 'U' 'M'
 'M' 'M' 'U' 'U' 'M' 'M' 'M' 'M' 'M' 'M' 'M' 'U' 'U' 'M' 'M' 'M' 'M' 'M'
 'M' 'M' 'U' 'M' 'U' 'M' 'M' 'M' 'M' 'M' 'M' 'U' 'M' 'U' 'M' 'M' 'M' 'M'
 'M' 'U' 'M' 'M' 'M' 'M' 'M' 'M' 'M' 'M' 'M' 'U' 'M' 'M' 'U' 'M' 'M' 'M'
 'M' 'M' 'U' 'M' 'U' 'M' 'M' 'M' 'M' 'M' 'M' 'M' 'M' 'M' 'M' 'M' 'M' 'M']"
452101,0,170,5,165,28,0,0,"['A' 'M' 'M' 'M' 'M' 'M' 'M' 'M' 'U' 'M' 'U' 'M' 'M' 'M' 'M' 'M' 'M' 'M'
 'M' 'M' 'M' 'M' 'M' 'M' 'M' 'M' 'M' 'M' 'M' 'A' 'M' 'M' 'U' 'M' 'M' 'M'
 'M' 'M' 'M' 'M' 'M' 'M' 'M' 'U' 'M' 'M' 'M' 'M' 'U' 'M' 'M' 'M' 'M' 'U'
 'M' 'M' 'M' 'M' 'M' 'M' 'A' 'M' 'U' 'M' 'M' 'M' 'M' 'U' 'M' 'M' 'M' 'M'
 'M' 'M' 'M' 'M' 'M' 'U' 'M' 'M' 'M' 'U' 'M' 'M' 'U' 'M' 'M' 'U' 'M' 'M'
 'M' 'M' 'M' 'M' 'M' 'M' 'U' 'M' 'U' 'M' 'M' 'M' 'M' 'M' 'M' 'M' 'M' 'M'
 'M' 'U' 'M' 'M' 'U' 'M' 'M' 'M' 'M' 'M' 'U' 'M' 'M' 'M' 'M' 'M' 'U' 'M'
 'M' 'M' 'U' 'U' 'M' 'M' 'M' 'U' 'M' 'M' 'M' 'U' 'A' 'M' 'M' 'M' 'M' 'M'
 'M' 'M' 'U' 'M' 'M' 'M' 'M' 'M' 'M' 'M' 'M' 'U' 'M' 'A' 'M' 'M' 'M' 'M'
 'U' 'M' 'M' 'M' 'M' 'M' 'M' 'M' 'M' 'M' 'M' 'U' 'M' 'M' 'U' 'M' 'M' 'M'
 'M' 'M' 'M' 'M' 'U' 'M' 'M' 'M' 'M' 'M' 'M' 'M' 'M' 'M' 'M' 'M' 'M' 'M']"
452201,0,169,4,165,29,0,0,"['A' 'M' 'M' 'M' 'U' 'M' 'M' 'U' 'U' 'M' 'U' 'M' 'M' 'M' 'M' 'M' 'M' 'M'
 'M' 'M' 'M' 'M' 'M' 'U' 'M' 'M' 'M' 'M' 'M' 'A' 'M' 'M' 'M' 'M' 'M' 'M'
 'M' 'M' 'M' 'M' 'M' 'M' 'M' 'A' 'M' 'M' 'M' 'M' 'U' 'M' 'M' 'M' 'M' 'M'
 'U' 'M' 'M' 'M' 'M' 'M' 'A' 'M' 'U' 'M' 'U' 'M' 'M' 'M' 'M' 'M' 'M' 'M'
 'U' 'M' 'M' 'M' 'M' 'M' 'M' 'U' 'M' 'M' 'M' 'U' 'M' 'M' 'U' 'M' 'M' 'M'
 'M' 'M' 'U' 'M' 'M' 'M' 'U' 'M' 'U' 'M' 'M' 'M' 'M' 'M' 'M' 'M' 'M' 'M'
 'M' 'U' 'M' 'M' 'M' 'U' 'M' 'M' 'M' 'M' 'U' 'M' 'M' 'M' 'M' 'M' 'U' 'M'
 'M' 'M' 'U' 'M' 'M' 'M' 'M' 'M' 'M' 'M' 'M' 'M' 'U' 'M' 'M' 'M' 'M' 'M'
 'M' 'M' 'U' 'M' 'M' 'M' 'M' 'M' 'M' 'M' 'M' 'U' 'M' 'U' 'M' 'M' 'M' 'M'
 'U' 'M' 'M' 'M' 'M' 'M' 'M' 'M' 'M' 'M' 'M' 'U' 'M' 'M' 'U' 'M' 'M' 'M'
 'M' 'M' 'M' 'M' 'U' 'M' 'M' 'M' 'M' 'M' 'M' 'M' 'M' 'M' 'M' 'M' 'M' 'M']"
452301,0,166,3,163,32,0,0,"['A' 'U' 'M' 'M' 'U' 'M' 'M' 'U' 'U' 'M' 'U' 'M' 'M' 'M' 'M' 'M' 'M' 'M'
 'M' 'M' 'M' 'M' 'M' 'U' 'M' 'M' 'M' 'M' 'M' 'A' 'M' 'M' 'M' 'M' 'M' 'M'
 'M' 'M' 'M' 'M' 'M' 'M' 'M' 'U' 'M' 'U' 'M' 'M' 'U' 'M' 'M' 'M' 'M' 'M'
 'U' 'M' 'M' 'M' 'M' 'M' 'A' 'M' 'M' 'M' 'U' 'U' 'M' 'M' 'U' 'M' 'M' 'M'
 'U' 'M' 'M' 'M' 'M' 'M' 'M' 'M' 'M' 'M' 'U' 'M' 'M' 'M' 'M' 'M' 'M' 'M'
 'M' 'M' 'M' 'U' 'M' 'M' 'U' 'M' 'U' 'M' 'M' 'M' 'M' 'M' 'M' 'M' 'M' 'M'
 'M' 'U' 'M' 'M' 'M' 'U' 'M' 'M' 'M' 'M' 'U' 'M' 'M' 'M' 'M' 'M' 'U' 'M'
 'M' 'M' 'M' 'M' 'M' 'M' 'M' 'M' 'M' 'M' 'M' 'M' 'U' 'M' 'M' 'M' 'M' 'M'
 'U' 'M' 'U' 'M' 'M' 'M' 'M' 'M' 'M' 'M' 'M' 'U' 'M' 'U' 'M' 'M' 'M' 'M'
 'U' 'M' 'M' 'M' 'M' 'M' 'U' 'M' 'M' 'M' 'M' 'U' 'M' 'M' 'M' 'M' 'M' 'M'
 'M' 'M' 'M' 'M' 'U' 'M' 'M' 'M' 'U' 'M' 'M' 'M' 'M' 'M' 'M' 'M' 'M' 'M']"
452401,0,169,3,166,29,0,0,"['A' 'U' 'M' 'M' 'U' 'M' 'M' 'U' 'M' 'M' 'U' 'M' 'M' 'M' 'M' 'M' 'M' 'M'
 'M' 'M' 'M' 'M' 'M' 'M' 'M' 'M' 'M' 'M' 'M' 'A' 'M' 'M' 'M' 'M' 'M' 'M'
 'M' 'M' 'M' 'M' 'M' 'M' 'M' 'U' 'M' 'U' 'U' 'M' 'U' 'M' 'M' 'M' 'M' 'M'
 'U' 'M' 'M' 'M' 'M' 'M' 'A' 'M' 'M' 'M' 'U' 'M' 'M' 'U' 'U' 'M' 'M' 'M'
 'M' 'U' 'U' 'M' 'M' 'U' 'M' 'M' 'M' 'M' 'M' 'M' 'M' 'M' 'M' 'M' 'M' 'M'
 'M' 'M' 'M' 'M' 'M' 'M' 'U' 'M' 'U' 'M' 'M' 'U' 'M' 'M' 'M' 'M' 'M' 'M'
 'M' 'U' 'M' 'M' 'M' 'M' 'M' 'M' 'M' 'M' 'U' 'M' 'M' 'M' 'M' 'M' 'M' 'M'
 'M' 'M' 'M' 'M' 'M' 'M' 'M' 'M' 'M' 'M' 'M' 'M' 'U' 'M' 'M' 'M' 'M' 'M'
 'U' 'M' 'M' 'M' 'M' 'M' 'M' 'M' 'M' 'M' 'M' 'M' 'M' 'U' 'M' 'M' 'M' 'M'
 'U' 'M' 'M' 'M' 'U' 'M' 'U' 'M' 'M' 'M' 'U' 'U' 'M' 'M' 'M' 'M' 'M' 'M'
 'M' 'M' 'M' 'M' 'M' 'M' 'M' 'M' 'U' 'M' 'M' 'M' 'M' 'M' 'M' 'M' 'M' 'M']"
452501,0,169,2,167,29,0,0,"['A' 'M' 'M' 'M' 'U' 'M' 'M' 'M' 'M' 'M' 'M' 'M' 'M' 'M' 'M' 'M' 'M' 'M'
 'M' 'M' 'M' 'M' 'M' 'M' 'M' 'M' 'M' 'M' 'M' 'A' 'M' 'M' 'M' 'U' 'M' 'M'
 'M' 'M' 'M' 'M' 'M' 'M' 'M' 'U' 'U' 'U' 'U' 'M' 'M' 'M' 'M' 'M' 'M' 'M'
 'M' 'M' 'M' 'M' 'M' 'U' 'U' 'U' 'M' 'M' 'U' 'M' 'M' 'M' 'U' 'U' 'M' 'M'
 'M' 'M' 'M' 'M' 'M' 'U' 'U' 'M' 'M' 'M' 'M' 'M' 'M' 'M' 'M' 'M' 'M' 'M'
 'M' 'M' 'M' 'U' 'M' 'M' 'U' 'M' 'U' 'M' 'M' 'U' 'M' 'M' 'M' 'M' 'M' 'M'
 'M' 'U' 'M' 'M' 'M' 'M' 'M' 'M' 'M' 'M' 'U' 'M' 'M' 'M' 'M' 'M' 'M' 'M'
 'M' 'M' 'M' 'M' 'M' 'M' 'M' 'M' 'M' 'M' 'M' 'M' 'M' 'M' 'M' 'M' 'M' 'M'
 'M' 'M' 'M' 'M' 'M' 'M' 'M' 'M' 'M' 'M' 'M' 'M' 'M' 'U' 'M' 'M' 'M' 'M'
 'U' 'U' 'M' 'M' 'U' 'M' 'M' 'M' 'M' 'U' 'U' 'U' 'M' 'M' 'M' 'M' 'M' 'M'
 'U' 'M' 'M' 'U' 'M' 'M' 'M' 'M' 'M' 'M' 'M' 'M' 'M' 'M' 'M' 'M' 'M' 'M']"
452601,0,170,3,167,28,1,0,"['A' 'M' 'M' 'M' 'U' 'M' 'M' 'M' 'M' 'M' 'U' 'M' 'M' 'M' 'M' 'M' 'M' 'M'
 'M' 'U' 'M' 'M' 'M' 'M' 'M' 'M' 'M' 'M' 'M' 'A' 'M' 'M' 'M' 'M' 'M' 'M'
 'M' 'M' 'M' 'M' 'M' 'M' 'M' 'M' 'M' 'M' 'U' 'M' 'M' 'M' 'M' 'M' 'M' 'M'
 'M' 'M' 'M' 'M' 'M' 'U' 'U' 'U' 'M' 'M' 'U' 'M' 'M' 'U' 'M' 'M' 'M' 'M'
 'M' 'M' 'M' 'M' 'M' 'M' 'M' 'M' 'M' 'M' 'M' 'M' 'M' 'M' 'U' 'U' 'M' 'U'
 'M' 'M' 'U' 'M' 'M' 'M' 'M' 'M' 'U' 'M' 'M' 'U' 'M' 'M' 'M' 'M' 'M' 'M'
 'M' 'U' 'M' 'M' 'M' 'M' 'M' 'M' 'M' 'M' 'U' 'M' 'M' 'M' 'M' 'M' 'M' 'M'
 'M' 'M' 'M' 'M' 'M' 'M' 'M' 'M' 'M' 'M' 'M' 'M' 'M' 'U' 'M' 'M' 'M' 'M'
 'M' 'M' 'M' 'M' 'M' 'M' 'M' 'M' 'M' 'M' 'M' 'M' 'M' 'A' 'M' 'M' 'M' 'M'
 'U' 'U' 'M' 'M' 'U' 'U' 'M' 'M' 'M' 'U' 'U' 'U' 'M' 'M' 'M' 'M' 'M' 'M'
 'U' 'M' 'M' 'U' 'M' 'M' 'M' 'M' 'M' 'M' 'M' 'M' 'M' 'M' 'U' 'M' 'M' 'M']"
452701,0,171,5,166,27,0,0,"['A' 'M' 'M' 'M' 'M' 'M' 'M' 'M' 'M' 'M' 'A' 'M' 'M' 'U' 'M' 'M' 'M' 'M'
 'M' 'U' 'M' 'M' 'M' 'M' 'M' 'M' 'M' 'M' 'M' 'A' 'M' 'U' 'M' 'M' 'M' 'M'
 'M' 'M' 'M' 'U' 'M' 'M' 'M' 'M' 'U' 'M' 'U' 'M' 'M' 'M' 'M' 'M' 'M' 'M'
 'M' 'M' 'U' 'M' 'M' 'U' 'M' 'A' 'M' 'M' 'M' 'M' 'M' 'M' 'U' 'M' 'U' 'U'
 'M' 'M' 'U' 'M' 'M' 'M' 'M' 'M' 'M' 'M' 'M' 'M' 'M' 'M' 'U' 'M' 'M' 'M'
 'M' 'M' 'M' 'M' 'M' 'M' 'M' 'M' 'U' 'M' 'M' 'M' 'M' 'M' 'M' 'M' 'M' 'M'
 'M' 'M' 'M' 'M' 'M' 'U' 'M' 'M' 'M' 'M' 'U' 'M' 'M' 'M' 'M' 'M' 'U' 'M'
 'M' 'M' 'M' 'M' 'M' 'M' 'M' 'U' 'M' 'M' 'M' 'M' 'M' 'U' 'M' 'M' 'M' 'M'
 'M' 'M' 'M' 'M' 'M' 'M' 'M' 'M' 'M' 'M' 'M' 'M' 'M' 'A' 'M' 'M' 'M' 'M'
 'U' 'U' 'M' 'M' 'U' 'U' 'M' 'M' 'M' 'M' 'U' 'U' 'M' 'M' 'M' 'M' 'M' 'M'
 'U' 'M' 'M' 'U' 'M' 'M' 'M' 'M' 'M' 'M' 'M' 'M' 'M' 'M' 'M' 'M' 'M' 'M']"
452801,0,173,4,169,25,0,0,"['A' 'M' 'M' 'M' 'M' 'M' 'M' 'M' 'M' 'M' 'A' 'M' 'U' 'U' 'M' 'M' 'M' 'M'
 'M' 'M' 'M' 'M' 'M' 'M' 'M' 'M' 'M' 'M' 'M' 'U' 'M' 'M' 'M' 'M' 'M' 'M'
 'M' 'M' 'M' 'U' 'M' 'M' 'M' 'M' 'U' 'U' 'U' 'M' 'M' 'M' 'M' 'M' 'M' 'M'
 'M' 'M' 'M' 'M' 'M' 'U' 'M' 'A' 'M' 'M' 'M' 'U' 'M' 'M' 'M' 'M' 'M' 'M'
 'U' 'M' 'U' 'M' 'M' 'M' 'M' 'U' 'M' 'M' 'M' 'M' 'M' 'M' 'M' 'U' 'M' 'M'
 'M' 'M' 'M' 'M' 'M' 'M' 'M' 'M' 'U' 'M' 'M' 'M' 'M' 'M' 'M' 'M' 'M' 'M'
 'M' 'M' 'M' 'M' 'M' 'U' 'M' 'M' 'U' 'M' 'U' 'M' 'M' 'M' 'M' 'M' 'M' 'U'
 'M' 'M' 'M' 'M' 'M' 'M' 'M' 'U' 'M' 'M' 'M' 'M' 'M' 'U' 'M' 'M' 'M' 'M'
 'M' 'M' 'M' 'M' 'M' 'M' 'M' 'M' 'M' 'M' 'M' 'M' 'M' 'A' 'M' 'M' 'M' 'M'
 'U' 'M' 'M' 'M' 'M' 'U' 'M' 'M' 'U' 'M' 'M' 'M' 'M' 'M' 'M' 'M' 'M' 'M'
 'M' 'M' 'M' 'U' 'M' 'M' 'M' 'M' 'M' 'M' 'M' 'M' 'U' 'M' 'M' 'M' 'M' 'M']"
452901,0,171,3,168,27,0,0,"['A' 'M' 'M' 'M' 'M' 'M' 'M' 'M' 'M' 'M' 'A' 'M' 'M' 'M' 'M' 'M' 'M' 'M'
 'M' 'M' 'M' 'M' 'U' 'M' 'M' 'M' 'M' 'M' 'M' 'U' 'M' 'M' 'M' 'U' 'M' 'M'
 'M' 'M' 'M' 'U' 'M' 'M' 'M' 'M' 'M' 'M' 'U' 'M' 'M' 'M' 'M' 'U' 'M' 'M'
 'M' 'M' 'M' 'M' 'M' 'U' 'M' 'A' 'M' 'M' 'M' 'M' 'M' 'M' 'M' 'M' 'M' 'M'
 'M' 'U' 'M' 'U' 'M' 'M' 'U' 'M' 'M' 'U' 'M' 'M' 'M' 'M' 'M' 'M' 'M' 'M'
 'U' 'M' 'M' 'M' 'M' 'M' 'M' 'M' 'U' 'M' 'M' 'M' 'M' 'M' 'M' 'M' 'U' 'M'
 'M' 'M' 'M' 'U' 'M' 'M' 'M' 'M' 'U' 'M' 'U' 'M' 'M' 'M' 'M' 'M' 'M' 'U'
 'M' 'M' 'M' 'U' 'M' 'M' 'M' 'U' 'M' 'M' 'M' 'M' 'M' 'U' 'M' 'M' 'M' 'M'
 'M' 'M' 'M' 'M' 'M' 'M' 'M' 'M' 'M' 'M' 'M' 'M' 'M' 'M' 'M' 'M' 'M' 'M'
 'M' 'M' 'U' 'M' 'M' 'M' 'M' 'M' 'M' 'M' 'M' 'M' 'M' 'M' 'M' 'M' 'M' 'M'
 'M' 'M' 'U' 'U' 'U' 'M' 'M' 'M' 'M' 'M' 'U' 'M' 'U' 'M' 'M' 'M' 'M' 'M']"
453001,0,164,3,161,34,0,0,"['A' 'M' 'M' 'M' 'M' 'M' 'M' 'M' 'M' 'M' 'A' 'M' 'M' 'M' 'M' 'M' 'M' 'M'
 'M' 'M' 'M' 'M' 'U' 'M' 'M' 'M' 'M' 'M' 'M' 'M' 'M' 'M' 'M' 'U' 'M' 'M'
 'M' 'M' 'M' 'U' 'M' 'M' 'M' 'M' 'M' 'M' 'U' 'M' 'M' 'M' 'U' 'U' 'M' 'M'
 'M' 'M' 'M' 'M' 'M' 'M' 'M' 'U' 'M' 'M' 'M' 'M' 'M' 'M' 'M' 'M' 'M' 'U'
 'M' 'M' 'M' 'U' 'M' 'U' 'M' 'M' 'M' 'U' 'M' 'M' 'M' 'U' 'M' 'M' 'M' 'M'
 'M' 'M' 'M' 'M' 'M' 'M' 'M' 'M' 'U' 'M' 'M' 'M' 'U' 'M' 'M' 'M' 'U' 'M'
 'M' 'M' 'M' 'U' 'U' 'M' 'M' 'M' 'U' 'M' 'U' 'M' 'M' 'M' 'U' 'M' 'M' 'U'
 'M' 'M' 'M' 'U' 'M' 'M' 'M' 'U' 'M' 'M' 'M' 'M' 'M' 'M' 'M' 'M' 'M' 'M'
 'M' 'M' 'U' 'M' 'M' 'M' 'U' 'M' 'M' 'M' 'M' 'M' 'M' 'M' 'M' 'M' 'M' 'M'
 'U' 'M' 'A' 'M' 'U' 'M' 'M' 'M' 'U' 'M' 'M' 'M' 'M' 'M' 'M' 'M' 'U' 'M'
 'M' 'M' 'U' 'U' 'U' 'U' 'M' 'M' 'M' 'M' 'U' 'M' 'M' 'M' 'M' 'M' 'M' 'M']"
453101,0,167,1,166,31,1,0,"['A' 'M' 'M' 'M' 'M' 'M' 'U' 'M' 'M' 'M' 'U' 'M' 'M' 'M' 'M' 'M' 'M' 'M'
 'M' 'M' 'M' 'U' 'U' 'M' 'M' 'M' 'U' 'M' 'M' 'M' 'M' 'M' 'M' 'M' 'M' 'M'
 'M' 'M' 'M' 'U' 'M' 'M' 'M' 'M' 'M' 'M' 'U' 'M' 'M' 'M' 'M' 'U' 'M' 'M'
 'U' 'M' 'M' 'M' 'M' 'M' 'M' 'M' 'M' 'M' 'M' 'M' 'M' 'M' 'M' 'U' 'M' 'M'
 'U' 'M' 'M' 'M' 'M' 'M' 'M' 'M' 'M' 'U' 'M' 'M' 'M' 'M' 'M' 'M' 'U' 'M'
 'M' 'M' 'U' 'M' 'M' 'M' 'M' 'M' 'U' 'M' 'M' 'M' 'M' 'U' 'M' 'M' 'M' 'M'
 'M' 'M' 'M' 'U' 'M' 'M' 'U' 'M' 'M' 'M' 'U' 'M' 'M' 'M' 'U' 'M' 'M' 'U'
 'M' 'M' 'M' 'M' 'M' 'M' 'M' 'U' 'M' 'M' 'M' 'U' 'M' 'M' 'M' 'M' 'M' 'M'
 'M' 'M' 'U' 'M' 'M' 'M' 'M' 'M' 'M' 'M' 'M' 'M' 'M' 'M' 'M' 'M' 'M' 'M'
 'U' 'M' 'U' 'M' 'M' 'M' 'M' 'M' 'U' 'M' 'M' 'M' 'M' 'M' 'M' 'M' 'U' 'M'
 'M' 'M' 'U' 'U' 'M' 'U' 'M' 'M' 'M' 'M' 'M' 'M' 'M' 'M' 'M' 'M' 'M' 'M']"
453201,0,166,2,164,32,1,0,"['A' 'M' 'M' 'M' 'M' 'M' 'U' 'M' 'M' 'M' 'U' 'M' 'M' 'M' 'M' 'M' 'M' 'M'
 'M' 'M' 'M' 'M' 'U' 'M' 'M' 'M' 'M' 'M' 'M' 'M' 'M' 'M' 'M' 'U' 'M' 'M'
 'M' 'M' 'M' 'U' 'M' 'M' 'M' 'M' 'M' 'U' 'U' 'U' 'M' 'M' 'M' 'U' 'M' 'M'
 'U' 'M' 'M' 'M' 'M' 'M' 'M' 'M' 'M' 'M' 'M' 'M' 'M' 'M' 'M' 'M' 'U' 'M'
 'M' 'M' 'M' 'U' 'M' 'U' 'M' 'M' 'M' 'M' 'M' 'M' 'M' 'U' 'M' 'M' 'M' 'M'
 'M' 'M' 'M' 'U' 'M' 'M' 'M' 'M' 'U' 'M' 'M' 'M' 'M' 'U' 'M' 'M' 'M' 'M'
 'M' 'U' 'M' 'U' 'M' 'M' 'U' 'M' 'M' 'M' 'U' 'M' 'M' 'M' 'M' 'M' 'M' 'U'
 'M' 'M' 'M' 'M' 'M' 'M' 'M' 'U' 'M' 'M' 'M' 'U' 'M' 'M' 'M' 'M' 'M' 'M'
 'M' 'M' 'U' 'U' 'M' 'M' 'M' 'M' 'M' 'M' 'M' 'M' 'M' 'M' 'M' 'M' 'M' 'M'
 'U' 'M' 'A' 'M' 'M' 'M' 'M' 'M' 'U' 'M' 'M' 'M' 'M' 'M' 'M' 'M' 'M' 'M'
 'M' 'M' 'U' 'U' 'U' 'U' 'M' 'M' 'M' 'M' 'M' 'M' 'M' 'M' 'M' 'M' 'M' 'M']"
453301,0,166,2,164,32,0,0,"['A' 'M' 'M' 'M' 'M' 'M' 'U' 'M' 'M' 'M' 'U' 'M' 'M' 'M' 'M' 'M' 'M' 'M'
 'U' 'M' 'M' 'M' 'U' 'M' 'M' 'M' 'M' 'M' 'M' 'M' 'M' 'M' 'M' 'U' 'M' 'M'
 'M' 'M' 'M' 'U' 'M' 'M' 'M' 'M' 'U' 'M' 'U' 'M' 'M' 'M' 'M' 'U' 'M' 'U'
 'M' 'M' 'M' 'M' 'M' 'M' 'M' 'M' 'M' 'M' 'M' 'M' 'M' 'M' 'M' 'M' 'U' 'M'
 'M' 'M' 'M' 'U' 'M' 'M' 'M' 'U' 'M' 'M' 'U' 'M' 'M' 'M' 'M' 'M' 'M' 'M'
 'M' 'U' 'M' 'M' 'M' 'M' 'M' 'M' 'U' 'M' 'M' 'M' 'U' 'M' 'M' 'M' 'M' 'M'
 'M' 'A' 'M' 'U' 'M' 'M' 'U' 'M' 'M' 'M' 'M' 'M' 'U' 'M' 'M' 'M' 'M' 'U'
 'M' 'M' 'M' 'M' 'M' 'M' 'M' 'U' 'M' 'M' 'M' 'U' 'M' 'M' 'M' 'M' 'M' 'M'
 'M' 'M' 'M' 'M' 'M' 'M' 'M' 'M' 'M' 'M' 'M' 'M' 'M' 'M' 'M' 'M' 'M' 'M'
 'M' 'M' 'U' 'M' 'M' 'M' 'M' 'M' 'U' 'M' 'M' 'M' 'M' 'M' 'U' 'U' 'M' 'M'
 'M' 'M' 'U' 'U' 'U' 'U' 'M' 'M' 'M' 'M' 'M' 'M' 'M' 'U' 'M' 'M' 'M' 'M']"
453401,0,158,3,155,40,0,0,"['A' 'M' 'U' 'U' 'M' 'M' 'A' 'M' 'M' 'M' 'U' 'M' 'M' 'M' 'U' 'U' 'M' 'M'
 'M' 'M' 'M' 'M' 'U' 'M' 'M' 'M' 'M' 'M' 'M' 'M' 'M' 'M' 'M' 'U' 'M' 'M'
 'M' 'M' 'M' 'U' 'M' 'U' 'M' 'M' 'U' 'M' 'U' 'M' 'M' 'U' 'M' 'U' 'M' 'M'
 'M' 'M' 'M' 'U' 'M' 'M' 'M' 'M' 'M' 'M' 'M' 'M' 'M' 'U' 'M' 'M' 'M' 'M'
 'M' 'M' 'M' 'M' 'M' 'M' 'M' 'M' 'M' 'M' 'U' 'M' 'M' 'U' 'M' 'M' 'U' 'M'
 'M' 'M' 'U' 'M' 'M' 'M' 'M' 'M' 'U' 'M' 'M' 'M' 'U' 'M' 'M' 'M' 'M' 'M'
 'M' 'A' 'M' 'U' 'M' 'M' 'U' 'M' 'U' 'M' 'M' 'U' 'U' 'M' 'M' 'M' 'M' 'U'
 'M' 'M' 'M' 'M' 'M' 'M' 'M' 'U' 'M' 'M' 'M' 'U' 'M' 'M' 'M' 'M' 'M' 'M'
 'M' 'M' 'M' 'M' 'U' 'U' 'M' 'M' 'M' 'M' 'M' 'M' 'M' 'M' 'M' 'M' 'M' 'M'
 'M' 'M' 'U' 'M' 'U' 'M' 'M' 'M' 'M' 'M' 'M' 'M' 'M' 'M' 'U' 'U' 'M' 'M'
 'M' 'M' 'U' 'U' 'U' 'U' 'M' 'M' 'M' 'M' 'U' 'M' 'M' 'M' 'M' 'M' 'M' 'M']"
453501,0,160,1,159,38,0,1,"['A' 'M' 'M' 'U' 'M' 'M' 'M' 'M' 'M' 'M' 'M' 'M' 'M' 'M' 'U' 'M' 'M' 'M'
 'M' 'M' 'M' 'M' 'U' 'M' 'M' 'M' 'M' 'M' 'M' 'M' 'M' 'M' 'M' 'U' 'M' 'M'
 'M' 'U' 'M' 'U' 'M' 'U' 'M' 'M' 'U' 'M' 'U' 'M' 'M' 'U' 'M' 'U' 'M' 'M'
 'M' 'M' 'M' 'U' 'M' 'M' 'M' 'M' 'M' 'M' 'M' 'M' 'M' 'M' 'U' 'M' 'M' 'M'
 'M' 'M' 'M' 'M' 'M' 'U' 'M' 'M' 'M' 'U' 'M' 'M' 'M' 'U' 'M' 'M' 'M' 'M'
 'U' 'M' 'M' 'M' 'M' 'M' 'M' 'M' 'M' 'M' 'M' 'M' 'M' 'M' 'M' 'M' 'M' 'M'
 'M' 'U' 'M' 'U' 'M' 'M' 'U' 'U' 'U' 'M' 'M' 'U' 'M' 'M' 'M' 'M' 'M' 'U'
 'M' 'M' 'M' 'M' 'M' 'M' 'M' 'M' 'M' 'M' 'M' 'U' 'M' 'U' 'M' 'M' 'M' 'M'
 'M' 'M' 'M' 'M' 'U' 'U' 'M' 'M' 'M' 'M' 'M' 'M' 'M' 'M' 'M' 'M' 'M' 'M'
 'M' 'M' 'U' 'M' 'U' 'M' 'M' 'M' 'M' 'M' 'M' 'M' 'M' 'M' 'U' 'U' 'M' 'M'
 'M' 'M' 'U' 'U' 'U' 'U' 'M' 'M' 'M' 'M' 'U' 'M' 'M' 'M' 'M' 'U' 'M' 'M']"
453601,0,162,2,160,36,0,0,"['A' 'M' 'M' 'U' 'M' 'M' 'M' 'M' 'M' 'M' 'M' 'M' 'M' 'M' 'U' 'U' 'M' 'M'
 'M' 'M' 'M' 'M' 'U' 'M' 'M' 'M' 'M' 'M' 'M' 'M' 'M' 'U' 'M' 'M' 'M' 'M'
 'M' 'M' 'M' 'A' 'M' 'U' 'M' 'M' 'U' 'M' 'U' 'M' 'M' 'M' 'M' 'U' 'M' 'M'
 'M' 'M' 'M' 'U' 'M' 'M' 'M' 'M' 'M' 'M' 'M' 'U' 'M' 'U' 'M' 'M' 'U' 'M'
 'M' 'M' 'M' 'M' 'M' 'M' 'M' 'M' 'M' 'U' 'M' 'U' 'M' 'M' 'M' 'M' 'M' 'M'
 'M' 'M' 'M' 'M' 'M' 'M' 'M' 'M' 'M' 'M' 'M' 'M' 'M' 'M' 'M' 'M' 'M' 'U'
 'U' 'U' 'M' 'U' 'M' 'M' 'M' 'U' 'U' 'M' 'M' 'U' 'M' 'M' 'M' 'U' 'M' 'U'
 'M' 'M' 'M' 'M' 'M' 'M' 'M' 'M' 'M' 'M' 'M' 'U' 'M' 'M' 'M' 'M' 'M' 'M'
 'M' 'M' 'M' 'M' 'U' 'U' 'M' 'M' 'M' 'M' 'M' 'M' 'M' 'M' 'M' 'M' 'M' 'M'
 'M' 'M' 'M' 'M' 'U' 'M' 'M' 'M' 'M' 'M' 'M' 'M' 'M' 'M' 'U' 'U' 'M' 'M'
 'M' 'M' 'U' 'U' 'U' 'U' 'M' 'M' 'M' 'M' 'U' 'M' 'M' 'M' 'M' 'U' 'M' 'M']"
453701,0,164,3,161,34,0,0,"['A' 'M' 'M' 'U' 'M' 'M' 'M' 'M' 'U' 'M' 'M' 'M' 'M' 'M' 'U' 'U' 'M' 'M'
 'M' 'M' 'M' 'M' 'U' 'M' 'M' 'M' 'M' 'M' 'M' 'M' 'M' 'U' 'M' 'M' 'M' 'M'
 'M' 'M' 'M' 'A' 'M' 'U' 'M' 'M' 'M' 'M' 'M' 'M' 'M' 'M' 'M' 'U' 'U' 'M'
 'M' 'M' 'M' 'U' 'M' 'M' 'M' 'M' 'M' 'M' 'M' 'M' 'M' 'M' 'M' 'M' 'M' 'M'
 'M' 'M' 'M' 'M' 'M' 'M' 'M' 'M' 'M' 'U' 'M' 'M' 'M' 'M' 'M' 'U' 'U' 'M'
 'M' 'U' 'M' 'M' 'U' 'M' 'M' 'M' 'M' 'M' 'M' 'M' 'M' 'M' 'M' 'M' 'M' 'U'
 'U' 'U' 'M' 'U' 'M' 'M' 'U' 'M' 'M' 'M' 'M' 'U' 'M' 'M' 'M' 'U' 'M' 'U'
 'M' 'M' 'M' 'M' 'M' 'M' 'M' 'M' 'M' 'M' 'M' 'U' 'M' 'M' 'M' 'M' 'M' 'M'
 'M' 'M' 'M' 'M' 'U' 'M' 'M' 'M' 'M' 'M' 'M' 'M' 'A' 'M' 'M' 'M' 'M' 'U'
 'M' 'M' 'M' 'M' 'U' 'M' 'M' 'U' 'M' 'M' 'M' 'M' 'M' 'M' 'M' 'U' 'M' 'U'
 'M' 'M' 'U' 'U' 'U' 'M' 'M' 'M' 'M' 'M' 'M' 'M' 'M' 'M' 'M' 'U' 'M' 'M']"
453801,0,161,3,158,37,0,0,"['A' 'M' 'M' 'M' 'M' 'M' 'M' 'M' 'U' 'M' 'M' 'M' 'M' 'M' 'U' 'U' 'M' 'U'
 'M' 'M' 'M' 'M' 'U' 'M' 'M' 'M' 'M' 'M' 'M' 'M' 'M' 'U' 'M' 'M' 'M' 'M'
 'M' 'M' 'M' 'A' 'M' 'U' 'M' 'M' 'M' 'M' 'M' 'M' 'M' 'M' 'M' 'M' 'U' 'M'
 'M' 'M' 'U' 'U' 'M' 'M' 'M' 'U' 'M' 'M' 'M' 'M' 'M' 'M' 'M' 'M' 'M' 'M'
 'M' 'M' 'U' 'M' 'M' 'M' 'M' 'M' 'M' 'M' 'U' 'U' 'M' 'M' 'M' 'M' 'U' 'M'
 'M' 'U' 'M' 'M' 'M' 'M' 'M' 'M' 'M' 'M' 'U' 'M' 'M' 'M' 'M' 'M' 'M' 'M'
 'U' 'U' 'M' 'M' 'M' 'M' 'U' 'M' 'U' 'U' 'U' 'M' 'M' 'M' 'M' 'U' 'M' 'U'
 'M' 'M' 'M' 'M' 'M' 'M' 'M' 'M' 'M' 'M' 'M' 'U' 'M' 'U' 'M' 'M' 'M' 'M'
 'M' 'M' 'M' 'M' 'M' 'M' 'M' 'M' 'M' 'U' 'M' 'M' 'A' 'M' 'U' 'M' 'M' 'M'
 'M' 'U' 'U' 'M' 'U' 'M' 'M' 'U' 'M' 'M' 'M' 'M' 'M' 'M' 'M' 'U' 'M' 'M'
 'M' 'M' 'M' 'U' 'U' 'M' 'M' 'M' 'M' 'M' 'M' 'M' 'M' 'M' 'M' 'U' 'M' 'M']"
453901,0,168,4,164,30,0,0,"['A' 'M' 'M' 'M' 'M' 'M' 'M' 'M' 'U' 'M' 'M' 'M' 'M' 'M' 'M' 'U' 'M' 'A'
 'M' 'M' 'M' 'M' 'M' 'M' 'M' 'M' 'M' 'M' 'M' 'M' 'M' 'U' 'M' 'M' 'M' 'M'
 'M' 'M' 'M' 'A' 'M' 'M' 'M' 'M' 'M' 'M' 'M' 'M' 'M' 'M' 'M' 'M' 'U' 'M'
 'U' 'M' 'U' 'U' 'M' 'M' 'U' 'M' 'M' 'M' 'M' 'M' 'M' 'M' 'M' 'M' 'M' 'M'
 'M' 'M' 'M' 'M' 'U' 'U' 'M' 'M' 'M' 'M' 'M' 'M' 'M' 'M' 'M' 'U' 'U' 'M'
 'U' 'M' 'M' 'M' 'M' 'M' 'M' 'M' 'M' 'U' 'U' 'M' 'M' 'M' 'M' 'M' 'M' 'M'
 'M' 'U' 'M' 'M' 'M' 'M' 'U' 'M' 'U' 'M' 'U' 'M' 'M' 'M' 'M' 'U' 'M' 'U'
 'M' 'M' 'M' 'M' 'M' 'M' 'M' 'M' 'M' 'M' 'M' 'U' 'M' 'U' 'M' 'M' 'M' 'M'
 'M' 'M' 'M' 'M' 'M' 'M' 'M' 'M' 'U' 'U' 'M' 'M' 'A' 'M' 'M' 'M' 'M' 'M'
 'M' 'U' 'M' 'M' 'M' 'M' 'M' 'U' 'M' 'M' 'M' 'M' 'M' 'M' 'M' 'M' 'M' 'M'
 'M' 'M' 'M' 'U' 'U' 'M' 'M' 'M' 'U' 'M' 'M' 'M' 'M' 'M' 'M' 'M' 'M' 'M']"
454001,0,171,7,164,27,0,0,"['A' 'M' 'M' 'U' 'M' 'M' 'M' 'M' 'M' 'M' 'M' 'M' 'M' 'M' 'M' 'M' 'M' 'A'
 'M' 'M' 'U' 'M' 'M' 'M' 'M' 'M' 'M' 'M' 'M' 'M' 'M' 'U' 'M' 'M' 'M' 'A'
 'M' 'M' 'M' 'A' 'M' 'M' 'M' 'M' 'M' 'U' 'U' 'M' 'M' 'M' 'M' 'M' 'U' 'M'
 'U' 'M' 'M' 'M' 'M' 'M' 'U' 'M' 'M' 'M' 'M' 'U' 'M' 'M' 'M' 'M' 'U' 'M'
 'M' 'M' 'M' 'M' 'U' 'U' 'M' 'M' 'M' 'M' 'M' 'M' 'M' 'M' 'M' 'M' 'M' 'M'
 'M' 'M' 'M' 'M' 'U' 'M' 'M' 'M' 'M' 'M' 'U' 'M' 'M' 'M' 'M' 'M' 'M' 'M'
 'M' 'U' 'M' 'M' 'M' 'M' 'U' 'M' 'U' 'M' 'A' 'M' 'M' 'U' 'M' 'U' 'M' 'A'
 'M' 'M' 'M' 'M' 'M' 'M' 'M' 'M' 'M' 'M' 'M' 'U' 'M' 'U' 'M' 'M' 'M' 'M'
 'M' 'M' 'M' 'M' 'M' 'M' 'M' 'M' 'U' 'M' 'M' 'U' 'A' 'M' 'M' 'M' 'M' 'U'
 'M' 'M' 'M' 'M' 'M' 'M' 'M' 'M' 'M' 'M' 'M' 'U' 'M' 'M' 'M' 'M' 'M' 'M'
 'M' 'M' 'M' 'U' 'M' 'M' 'M' 'M' 'U' 'M' 'M' 'M' 'M' 'M' 'M' 'M' 'M' 'M']"
454101,0,165,5,160,33,0,0,"['A' 'M' 'M' 'U' 'M' 'M' 'M' 'M' 'M' 'M' 'M' 'M' 'M' 'M' 'M' 'M' 'M' 'A'
 'M' 'M' 'U' 'M' 'M' 'M' 'M' 'M' 'M' 'M' 'M' 'M' 'M' 'U' 'M' 'M' 'M' 'A'
 'M' 'M' 'M' 'U' 'M' 'M' 'M' 'M' 'M' 'U' 'U' 'M' 'M' 'M' 'M' 'U' 'U' 'M'
 'U' 'M' 'M' 'M' 'M' 'M' 'M' 'M' 'M' 'M' 'M' 'M' 'M' 'M' 'M' 'M' 'M' 'M'
 'M' 'M' 'M' 'M' 'M' 'U' 'U' 'M' 'M' 'M' 'U' 'M' 'M' 'M' 'M' 'M' 'U' 'M'
 'M' 'U' 'M' 'M' 'M' 'M' 'M' 'M' 'M' 'U' 'U' 'M' 'M' 'M' 'M' 'M' 'M' 'M'
 'M' 'U' 'M' 'M' 'M' 'M' 'U' 'M' 'U' 'M' 'M' 'U' 'M' 'U' 'M' 'U' 'M' 'U'
 'M' 'M' 'M' 'M' 'M' 'M' 'M' 'M' 'M' 'M' 'M' 'U' 'M' 'U' 'M' 'M' 'M' 'M'
 'M' 'M' 'M' 'M' 'M' 'M' 'M' 'U' 'U' 'M' 'M' 'M' 'A' 'M' 'M' 'M' 'M' 'A'
 'M' 'M' 'M' 'M' 'M' 'M' 'M' 'M' 'U' 'M' 'M' 'M' 'M' 'M' 'M' 'U' 'M' 'M'
 'U' 'M' 'U' 'U' 'M' 'M' 'M' 'M' 'U' 'M' 'M' 'M' 'M' 'M' 'M' 'M' 'M' 'M']"
454201,0,169,4,165,29,0,1,"['A' 'M' 'M' 'U' 'M' 'M' 'M' 'M' 'U' 'M' 'M' 'U' 'M' 'M' 'M' 'M' 'M' 'A'
 'M' 'M' 'M' 'M' 'M' 'M' 'M' 'M' 'M' 'M' 'M' 'M' 'M' 'M' 'M' 'M' 'M' 'A'
 'M' 'M' 'M' 'U' 'M' 'M' 'M' 'M' 'M' 'U' 'U' 'M' 'M' 'M' 'M' 'U' 'M' 'M'
 'M' 'M' 'M' 'M' 'M' 'M' 'M' 'M' 'M' 'M' 'M' 'M' 'M' 'M' 'M' 'U' 'M' 'M'
 'U' 'M' 'M' 'M' 'U' 'M' 'M' 'M' 'M' 'M' 'M' 'M' 'M' 'M' 'M' 'M' 'M' 'U'
 'M' 'M' 'U' 'M' 'M' 'M' 'M' 'M' 'M' 'M' 'U' 'M' 'M' 'M' 'M' 'M' 'M' 'M'
 'M' 'U' 'M' 'M' 'M' 'U' 'U' 'M' 'U' 'M' 'M' 'U' 'M' 'U' 'M' 'U' 'M' 'U'
 'M' 'M' 'M' 'M' 'M' 'M' 'M' 'M' 'M' 'M' 'M' 'M' 'M' 'M' 'M' 'M' 'M' 'M'
 'M' 'M' 'M' 'M' 'M' 'M' 'M' 'U' 'U' 'M' 'M' 'M' 'U' 'M' 'M' 'M' 'M' 'A'
 'M' 'M' 'M' 'M' 'M' 'M' 'M' 'M' 'U' 'M' 'M' 'M' 'M' 'M' 'M' 'M' 'M' 'M'
 'U' 'M' 'U' 'U' 'M' 'M' 'M' 'M' 'U' 'M' 'M' 'M' 'M' 'M' 'M' 'M' 'M' 'M']"
454301,0,165,4,161,33,0,0,"['A' 'M' 'M' 'U' 'U' 'M' 'M' 'M' 'U' 'U' 'M' 'U' 'M' 'M' 'M' 'M' 'M' 'A'
 'M' 'M' 'M' 'M' 'M' 'M' 'M' 'M' 'M' 'M' 'M' 'M' 'M' 'M' 'M' 'M' 'M' 'A'
 'M' 'M' 'M' 'U' 'M' 'M' 'M' 'M' 'M' 'U' 'U' 'M' 'M' 'M' 'M' 'U' 'M' 'M'
 'M' 'M' 'M' 'M' 'M' 'M' 'M' 'M' 'M' 'M' 'M' 'M' 'M' 'M' 'M' 'M' 'M' 'M'
 'U' 'M' 'M' 'M' 'U' 'M' 'M' 'M' 'M' 'U' 'M' 'M' 'M' 'M' 'U' 'U' 'M' 'M'
 'M' 'M' 'M' 'M' 'M' 'M' 'M' 'M' 'M' 'M' 'U' 'U' 'M' 'M' 'M' 'U' 'M' 'M'
 'M' 'M' 'M' 'M' 'M' 'U' 'M' 'M' 'U' 'M' 'M' 'U' 'M' 'U' 'M' 'U' 'M' 'U'
 'M' 'M' 'M' 'M' 'M' 'M' 'M' 'U' 'M' 'M' 'M' 'M' 'M' 'M' 'M' 'M' 'M' 'M'
 'M' 'M' 'M' 'M' 'M' 'M' 'M' 'U' 'M' 'U' 'M' 'M' 'U' 'M' 'M' 'M' 'M' 'A'
 'M' 'M' 'M' 'M' 'M' 'M' 'M' 'M' 'M' 'M' 'U' 'M' 'M' 'U' 'M' 'M' 'M' 'M'
 'U' 'M' 'U' 'U' 'M' 'M' 'M' 'M' 'U' 'M' 'M' 'M' 'M' 'M' 'M' 'M' 'M' 'M']"
454401,0,166,4,162,32,0,0,"['A' 'M' 'M' 'U' 'M' 'M' 'U' 'M' 'M' 'U' 'M' 'U' 'M' 'M' 'M' 'M' 'M' 'U'
 'M' 'U' 'M' 'M' 'M' 'M' 'M' 'M' 'M' 'M' 'M' 'M' 'M' 'M' 'M' 'M' 'M' 'A'
 'M' 'M' 'M' 'U' 'M' 'M' 'M' 'M' 'M' 'U' 'U' 'M' 'M' 'M' 'M' 'M' 'M' 'M'
 'M' 'U' 'M' 'M' 'M' 'M' 'M' 'M' 'M' 'M' 'M' 'M' 'M' 'M' 'M' 'U' 'M' 'M'
 'M' 'M' 'M' 'M' 'M' 'M' 'M' 'M' 'U' 'U' 'M' 'M' 'U' 'U' 'M' 'M' 'M' 'M'
 'M' 'M' 'M' 'M' 'M' 'M' 'M' 'M' 'M' 'M' 'U' 'U' 'M' 'M' 'M' 'U' 'U' 'M'
 'M' 'M' 'M' 'M' 'M' 'U' 'M' 'M' 'U' 'M' 'M' 'A' 'M' 'U' 'M' 'U' 'M' 'U'
 'M' 'M' 'M' 'M' 'M' 'M' 'M' 'M' 'M' 'M' 'M' 'M' 'M' 'M' 'M' 'M' 'M' 'M'
 'M' 'M' 'M' 'M' 'M' 'M' 'M' 'M' 'M' 'U' 'M' 'M' 'U' 'M' 'M' 'M' 'M' 'A'
 'M' 'M' 'M' 'M' 'M' 'M' 'M' 'M' 'M' 'M' 'U' 'M' 'M' 'U' 'M' 'M' 'M' 'U'
 'U' 'M' 'U' 'M' 'M' 'M' 'M' 'M' 'M' 'M' 'M' 'M' 'M' 'M' 'M' 'M' 'M' 'U']"
454501,0,162,5,157,36,0,0,"['A' 'M' 'M' 'U' 'M' 'M' 'M' 'M' 'M' 'M' 'M' 'U' 'U' 'M' 'M' 'M' 'M' 'U'
 'M' 'U' 'M' 'M' 'M' 'M' 'M' 'M' 'M' 'M' 'M' 'M' 'M' 'M' 'M' 'M' 'M' 'A'
 'M' 'M' 'M' 'U' 'M' 'M' 'M' 'M' 'M' 'U' 'U' 'M' 'M' 'M' 'M' 'U' 'M' 'M'
 'M' 'U' 'M' 'M' 'M' 'U' 'M' 'M' 'M' 'M' 'M' 'M' 'M' 'M' 'M' 'M' 'U' 'M'
 'M' 'M' 'M' 'M' 'M' 'U' 'M' 'U' 'M' 'M' 'M' 'M' 'M' 'M' 'M' 'M' 'M' 'M'
 'M' 'M' 'M' 'U' 'U' 'M' 'M' 'M' 'M' 'M' 'U' 'U' 'M' 'M' 'M' 'A' 'M' 'M'
 'M' 'M' 'M' 'M' 'M' 'U' 'U' 'M' 'U' 'M' 'M' 'A' 'M' 'U' 'M' 'U' 'M' 'U'
 'U' 'M' 'M' 'M' 'M' 'M' 'U' 'M' 'M' 'M' 'M' 'M' 'M' 'M' 'M' 'M' 'M' 'U'
 'M' 'M' 'M' 'M' 'M' 'M' 'M' 'M' 'M' 'M' 'M' 'M' 'U' 'M' 'M' 'M' 'M' 'A'
 'M' 'M' 'M' 'M' 'M' 'M' 'M' 'M' 'M' 'M' 'U' 'M' 'M' 'U' 'M' 'M' 'M' 'U'
 'U' 'M' 'U' 'M' 'M' 'M' 'M' 'M' 'M' 'U' 'M' 'M' 'M' 'U' 'M' 'M' 'M' 'U']"
454601,0,165,5,160,33,0,0,"['A' 'M' 'U' 'U' 'M' 'M' 'M' 'M' 'M' 'M' 'M' 'A' 'M' 'M' 'M' 'M' 'M' 'U'
 'M' 'U' 'M' 'M' 'M' 'M' 'M' 'M' 'M' 'M' 'M' 'M' 'M' 'M' 'M' 'M' 'M' 'A'
 'M' 'M' 'M' 'U' 'M' 'M' 'M' 'M' 'M' 'U' 'U' 'M' 'M' 'M' 'M' 'M' 'M' 'M'
 'M' 'U' 'M' 'M' 'M' 'U' 'M' 'M' 'M' 'M' 'M' 'M' 'M' 'U' 'M' 'M' 'M' 'U'
 'M' 'M' 'M' 'M' 'U' 'M' 'M' 'M' 'M' 'M' 'M' 'M' 'M' 'M' 'M' 'M' 'M' 'M'
 'U' 'M' 'M' 'U' 'M' 'M' 'M' 'M' 'M' 'M' 'M' 'U' 'M' 'M' 'M' 'U' 'M' 'M'
 'M' 'M' 'M' 'M' 'M' 'U' 'M' 'M' 'U' 'M' 'M' 'U' 'M' 'U' 'M' 'M' 'M' 'U'
 'U' 'M' 'M' 'M' 'M' 'M' 'U' 'M' 'M' 'M' 'M' 'M' 'M' 'M' 'M' 'M' 'M' 'U'
 'M' 'M' 'M' 'M' 'M' 'U' 'M' 'M' 'M' 'M' 'M' 'M' 'U' 'M' 'M' 'M' 'M' 'A'
 'M' 'M' 'M' 'M' 'M' 'M' 'M' 'M' 'M' 'M' 'U' 'M' 'M' 'M' 'M' 'M' 'M' 'U'
 'U' 'U' 'U' 'M' 'M' 'M' 'M' 'M' 'M' 'U' 'M' 'M' 'M' 'A' 'M' 'M' 'M' 'U']"
454701,0,164,4,160,34,0,0,"['A' 'M' 'U' 'U' 'M' 'M' 'U' 'M' 'M' 'M' 'M' 'U' 'M' 'M' 'M' 'M' 'M' 'U'
 'M' 'U' 'M' 'M' 'M' 'M' 'M' 'M' 'M' 'M' 'M' 'M' 'M' 'M' 'M' 'M' 'M' 'M'
 'M' 'M' 'M' 'U' 'M' 'M' 'M' 'M' 'M' 'U' 'M' 'M' 'M' 'M' 'M' 'M' 'M' 'M'
 'M' 'U' 'M' 'M' 'U' 'U' 'M' 'M' 'M' 'M' 'M' 'M' 'M' 'M' 'M' 'M' 'M' 'M'
 'M' 'M' 'M' 'M' 'M' 'M' 'U' 'M' 'M' 'M' 'U' 'M' 'M' 'M' 'U' 'M' 'U' 'M'
 'M' 'U' 'M' 'M' 'M' 'M' 'M' 'M' 'M' 'M' 'M' 'M' 'M' 'M' 'M' 'U' 'M' 'U'
 'M' 'M' 'M' 'M' 'M' 'U' 'M' 'M' 'M' 'M' 'M' 'U' 'M' 'U' 'M' 'M' 'M' 'U'
 'U' 'M' 'M' 'M' 'M' 'M' 'U' 'M' 'M' 'M' 'M' 'M' 'M' 'M' 'U' 'M' 'M' 'U'
 'M' 'M' 'M' 'M' 'M' 'U' 'M' 'M' 'M' 'M' 'M' 'M' 'U' 'M' 'M' 'M' 'M' 'A'
 'M' 'M' 'M' 'M' 'M' 'M' 'M' 'M' 'M' 'M' 'M' 'M' 'M' 'M' 'M' 'M' 'M' 'U'
 'U' 'U' 'U' 'U' 'M' 'M' 'M' 'M' 'M' 'A' 'M' 'M' 'M' 'A' 'M' 'M' 'M' 'U']"
454801,0,166,3,163,32,0,0,"['A' 'M' 'M' 'U' 'M' 'M' 'U' 'M' 'M' 'M' 'M' 'U' 'M' 'M' 'M' 'M' 'M' 'U'
 'M' 'M' 'M' 'M' 'M' 'M' 'M' 'M' 'M' 'M' 'M' 'M' 'U' 'M' 'M' 'M' 'M' 'M'
 'M' 'M' 'M' 'U' 'M' 'M' 'M' 'M' 'M' 'U' 'M' 'M' 'M' 'M' 'M' 'M' 'M' 'M'
 'M' 'U' 'M' 'M' 'U' 'M' 'M' 'M' 'M' 'M' 'M' 'M' 'M' 'M' 'M' 'U' 'M' 'M'
 'M' 'M' 'M' 'M' 'M' 'M' 'M' 'U' 'M' 'M' 'M' 'M' 'M' 'U' 'M' 'M' 'M' 'U'
 'U' 'M' 'M' 'M' 'M' 'M' 'M' 'M' 'M' 'M' 'M' 'M' 'M' 'M' 'M' 'U' 'M' 'M'
 'M' 'M' 'M' 'M' 'M' 'M' 'M' 'M' 'M' 'U' 'M' 'U' 'M' 'U' 'M' 'M' 'M' 'M'
 'U' 'M' 'M' 'M' 'M' 'M' 'U' 'M' 'M' 'M' 'U' 'M' 'M' 'M' 'U' 'M' 'M' 'U'
 'M' 'M' 'M' 'M' 'M' 'U' 'M' 'M' 'M' 'M' 'M' 'M' 'U' 'M' 'M' 'M' 'M' 'A'
 'M' 'M' 'M' 'M' 'M' 'M' 'U' 'M' 'M' 'M' 'M' 'M' 'M' 'M' 'M' 'M' 'M' 'U'
 'M' 'U' 'U' 'U' 'M' 'U' 'M' 'M' 'M' 'A' 'M' 'M' 'M' 'U' 'M' 'M' 'M' 'M']"
454901,0,166,3,163,32,0,0,"['A' 'M' 'M' 'M' 'M' 'M' 'U' 'M' 'M' 'M' 'M' 'M' 'M' 'M' 'M' 'M' 'M' 'U'
 'M' 'M' 'M' 'M' 'M' 'M' 'M' 'U' 'M' 'M' 'M' 'M' 'U' 'M' 'M' 'M' 'M' 'M'
 'M' 'M' 'M' 'U' 'M' 'M' 'M' 'M' 'M' 'U' 'M' 'M' 'M' 'M' 'M' 'M' 'M' 'M'
 'M' 'U' 'M' 'M' 'U' 'M' 'M' 'M' 'M' 'M' 'M' 'M' 'M' 'U' 'M' 'M' 'M' 'M'
 'M' 'M' 'M' 'M' 'U' 'M' 'M' 'M' 'M' 'M' 'M' 'M' 'M' 'M' 'M' 'M' 'M' 'M'
 'U' 'U' 'M' 'M' 'U' 'M' 'M' 'M' 'M' 'M' 'M' 'M' 'M' 'M' 'M' 'U' 'M' 'M'
 'M' 'M' 'M' 'M' 'M' 'M' 'M' 'M' 'M' 'U' 'M' 'U' 'M' 'U' 'M' 'M' 'M' 'M'
 'U' 'M' 'M' 'M' 'M' 'M' 'M' 'M' 'M' 'M' 'U' 'M' 'M' 'M' 'U' 'M' 'M' 'U'
 'M' 'M' 'M' 'M' 'M' 'U' 'M' 'M' 'M' 'M' 'M' 'M' 'M' 'M' 'M' 'M' 'M' 'A'
 'M' 'M' 'M' 'M' 'M' 'M' 'U' 'M' 'M' 'M' 'M' 'M' 'M' 'M' 'M' 'U' 'M' 'U'
 'M' 'U' 'U' 'U' 'U' 'M' 'U' 'M' 'U' 'A' 'M' 'M' 'M' 'U' 'M' 'M' 'M' 'M']"
455001,0,166,3,163,32,0,0,"['A' 'M' 'M' 'M' 'M' 'M' 'U' 'M' 'M' 'M' 'U' 'M' 'M' 'M' 'M' 'M' 'M' 'U'
 'M' 'M' 'M' 'M' 'M' 'M' 'M' 'M' 'U' 'M' 'M' 'M' 'U' 'M' 'M' 'M' 'M' 'M'
 'M' 'M' 'M' 'U' 'M' 'M' 'M' 'M' 'M' 'U' 'M' 'M' 'M' 'M' 'M' 'M' 'M' 'M'
 'M' 'U' 'M' 'M' 'U' 'M' 'M' 'M' 'M' 'M' 'M' 'M' 'U' 'M' 'U' 'M' 'M' 'M'
 'M' 'U' 'M' 'M' 'M' 'M' 'M' 'M' 'M' 'U' 'M' 'M' 'M' 'M' 'M' 'M' 'M' 'M'
 'M' 'U' 'M' 'M' 'M' 'U' 'M' 'M' 'M' 'M' 'M' 'M' 'M' 'M' 'M' 'M' 'M' 'M'
 'M' 'M' 'M' 'M' 'M' 'M' 'M' 'M' 'M' 'U' 'M' 'U' 'M' 'U' 'M' 'M' 'M' 'M'
 'M' 'M' 'M' 'M' 'M' 'M' 'M' 'M' 'M' 'M' 'U' 'M' 'M' 'M' 'U' 'M' 'M' 'M'
 'M' 'M' 'U' 'M' 'M' 'U' 'M' 'M' 'M' 'M' 'M' 'M' 'M' 'M' 'M' 'M' 'M' 'A'
 'U' 'M' 'M' 'M' 'M' 'M' 'U' 'U' 'M' 'M' 'M' 'M' 'M' 'M' 'U' 'M' 'M' 'M'
 'M' 'U' 'U' 'M' 'U' 'M' 'U' 'M' 'U' 'A' 'M' 'M' 'M' 'U' 'M' 'M' 'M' 'M']"
455101,0,169,3,166,29,0,0,"['A' 'M' 'M' 'M' 'M' 'M' 'U' 'M' 'M' 'M' 'M' 'M' 'M' 'M' 'M' 'M' 'M' 'M'
 'M' 'U' 'M' 'M' 'M' 'M' 'M' 'M' 'U' 'M' 'M' 'M' 'U' 'M' 'M' 'M' 'M' 'M'
 'M' 'M' 'M' 'U' 'M' 'M' 'M' 'M' 'M' 'U' 'M' 'M' 'M' 'M' 'U' 'M' 'U' 'M'
 'M' 'M' 'M' 'M' 'M' 'M' 'M' 'M' 'M' 'M' 'M' 'M' 'M' 'M' 'M' 'M' 'M' 'M'
 'M' 'M' 'M' 'M' 'M' 'U' 'M' 'M' 'M' 'M' 'M' 'M' 'U' 'M' 'U' 'M' 'M' 'M'
 'U' 'M' 'M' 'U' 'M' 'M' 'M' 'M' 'M' 'M' 'M' 'M' 'M' 'M' 'M' 'M' 'M' 'M'
 'M' 'M' 'M' 'M' 'M' 'M' 'M' 'M' 'M' 'U' 'M' 'U' 'M' 'U' 'M' 'M' 'M' 'M'
 'M' 'M' 'M' 'M' 'M' 'M' 'M' 'M' 'M' 'M' 'U' 'M' 'M' 'M' 'M' 'M' 'M' 'M'
 'M' 'M' 'U' 'M' 'M' 'U' 'M' 'M' 'M' 'U' 'M' 'M' 'M' 'M' 'M' 'M' 'M' 'A'
 'M' 'M' 'M' 'M' 'M' 'M' 'U' 'U' 'M' 'M' 'M' 'M' 'U' 'M' 'U' 'M' 'M' 'M'
 'M' 'U' 'M' 'M' 'U' 'M' 'U' 'M' 'U' 'A' 'M' 'M' 'M' 'U' 'M' 'M' 'M' 'M']"
455201,0,173,2,171,25,0,0,"['A' 'M' 'M' 'M' 'M' 'M' 'M' 'M' 'M' 'M' 'M' 'M' 'M' 'M' 'M' 'M' 'M' 'M'
 'M' 'U' 'M' 'M' 'M' 'M' 'M' 'M' 'M' 'M' 'M' 'M' 'U' 'M' 'M' 'M' 'M' 'M'
 'M' 'M' 'M' 'U' 'M' 'M' 'M' 'M' 'M' 'M' 'M' 'M' 'M' 'M' 'M' 'M' 'U' 'M'
 'M' 'M' 'M' 'U' 'M' 'M' 'M' 'M' 'M' 'U' 'M' 'M' 'U' 'M' 'M' 'M' 'M' 'U'
 'U' 'M' 'M' 'M' 'M' 'U' 'M' 'M' 'M' 'M' 'M' 'M' 'M' 'M' 'M' 'M' 'M' 'U'
 'M' 'M' 'M' 'M' 'M' 'M' 'M' 'M' 'M' 'M' 'M' 'M' 'M' 'M' 'M' 'M' 'M' 'M'
 'M' 'M' 'M' 'M' 'M' 'M' 'M' 'M' 'M' 'M' 'M' 'U' 'M' 'U' 'M' 'M' 'M' 'M'
 'M' 'M' 'M' 'M' 'U' 'M' 'M' 'M' 'M' 'U' 'U' 'M' 'M' 'M' 'M' 'M' 'M' 'M'
 'M' 'M' 'M' 'M' 'M' 'U' 'M' 'M' 'M' 'M' 'M' 'M' 'M' 'M' 'M' 'M' 'M' 'U'
 'M' 'M' 'M' 'M' 'M' 'M' 'M' 'M' 'M' 'M' 'M' 'M' 'U' 'M' 'U' 'M' 'M' 'M'
 'M' 'U' 'M' 'M' 'U' 'M' 'M' 'M' 'U' 'A' 'M' 'M' 'U' 'U' 'M' 'M' 'M' 'M']"
455301,0,158,1,157,40,0,0,"['A' 'M' 'U' 'M' 'M' 'M' 'U' 'M' 'M' 'M' 'M' 'M' 'M' 'M' 'M' 'M' 'M' 'M'
 'M' 'U' 'M' 'M' 'M' 'M' 'M' 'M' 'M' 'M' 'M' 'M' 'U' 'M' 'M' 'M' 'M' 'M'
 'M' 'M' 'M' 'U' 'M' 'M' 'M' 'M' 'M' 'U' 'M' 'M' 'U' 'M' 'M' 'M' 'U' 'M'
 'M' 'M' 'M' 'M' 'M' 'M' 'M' 'M' 'M' 'M' 'M' 'M' 'M' 'M' 'M' 'M' 'M' 'U'
 'M' 'M' 'U' 'M' 'M' 'M' 'U' 'M' 'M' 'M' 'M' 'M' 'M' 'U' 'M' 'M' 'M' 'M'
 'M' 'M' 'M' 'U' 'M' 'M' 'M' 'M' 'M' 'M' 'M' 'U' 'M' 'M' 'M' 'M' 'M' 'M'
 'M' 'M' 'M' 'M' 'M' 'M' 'M' 'M' 'M' 'M' 'M' 'M' 'M' 'U' 'M' 'M' 'U' 'M'
 'M' 'M' 'M' 'M' 'M' 'U' 'U' 'U' 'U' 'U' 'U' 'U' 'U' 'M' 'U' 'M' 'M' 'U'
 'M' 'M' 'M' 'M' 'M' 'M' 'U' 'M' 'U' 'M' 'M' 'M' 'M' 'U' 'M' 'M' 'M' 'M'
 'M' 'M' 'M' 'U' 'M' 'M' 'M' 'M' 'U' 'M' 'M' 'M' 'U' 'M' 'U' 'M' 'M' 'U'
 'M' 'U' 'U' 'M' 'M' 'M' 'M' 'M' 'U' 'U' 'M' 'M' 'U' 'M' 'M' 'M' 'U' 'M']"
455401,0,163,3,160,35,0,0,"['A' 'M' 'U' 'M' 'M' 'M' 'M' 'M' 'M' 'M' 'M' 'M' 'M' 'M' 'M' 'M' 'M' 'M'
 'M' 'U' 'M' 'M' 'M' 'M' 'M' 'M' 'M' 'M' 'M' 'M' 'U' 'M' 'M' 'M' 'M' 'M'
 'M' 'M' 'M' 'U' 'M' 'M' 'M' 'M' 'M' 'U' 'M' 'M' 'U' 'M' 'M' 'M' 'U' 'M'
 'M' 'M' 'M' 'M' 'M' 'M' 'M' 'M' 'M' 'M' 'U' 'M' 'M' 'U' 'M' 'M' 'M' 'M'
 'M' 'M' 'M' 'M' 'M' 'M' 'M' 'M' 'M' 'M' 'U' 'M' 'M' 'M' 'M' 'U' 'M' 'U'
 'M' 'U' 'M' 'M' 'M' 'M' 'M' 'M' 'M' 'M' 'M' 'U' 'M' 'M' 'M' 'M' 'M' 'M'
 'M' 'M' 'M' 'M' 'M' 'M' 'M' 'M' 'M' 'M' 'M' 'M' 'M' 'U' 'A' 'M' 'M' 'M'
 'M' 'M' 'M' 'M' 'M' 'U' 'U' 'U' 'U' 'U' 'A' 'U' 'U' 'M' 'U' 'M' 'M' 'U'
 'M' 'M' 'M' 'M' 'M' 'M' 'U' 'M' 'U' 'M' 'M' 'M' 'M' 'U' 'M' 'M' 'M' 'M'
 'M' 'M' 'M' 'M' 'M' 'M' 'M' 'M' 'U' 'M' 'U' 'M' 'U' 'M' 'U' 'M' 'M' 'M'
 'M' 'M' 'U' 'M' 'M' 'M' 'M' 'M' 'U' 'M' 'M' 'M' 'U' 'M' 'M' 'M' 'U' 'M']"
455501,0,168,5,163,30,0,0,"['A' 'M' 'U' 'M' 'M' 'M' 'M' 'M' 'M' 'M' 'M' 'M' 'M' 'M' 'M' 'M' 'M' 'M'
 'M' 'M' 'M' 'M' 'M' 'M' 'M' 'M' 'M' 'M' 'M' 'M' 'U' 'M' 'M' 'M' 'M' 'M'
 'M' 'M' 'M' 'U' 'M' 'M' 'M' 'M' 'M' 'U' 'M' 'M' 'U' 'M' 'M' 'M' 'M' 'M'
 'M' 'M' 'M' 'M' 'U' 'M' 'M' 'M' 'M' 'M' 'U' 'U' 'U' 'M' 'U' 'M' 'M' 'M'
 'M' 'M' 'M' 'M' 'M' 'M' 'M' 'M' 'M' 'U' 'M' 'M' 'M' 'U' 'M' 'M' 'M' 'M'
 'M' 'M' 'M' 'M' 'M' 'M' 'A' 'M' 'M' 'M' 'M' 'U' 'M' 'M' 'M' 'M' 'M' 'M'
 'M' 'M' 'M' 'M' 'M' 'M' 'M' 'M' 'M' 'M' 'M' 'M' 'M' 'M' 'A' 'M' 'M' 'M'
 'M' 'M' 'M' 'M' 'M' 'M' 'A' 'U' 'U' 'U' 'A' 'U' 'U' 'M' 'U' 'M' 'M' 'M'
 'M' 'M' 'M' 'M' 'U' 'M' 'M' 'M' 'U' 'M' 'M' 'M' 'M' 'U' 'M' 'M' 'M' 'M'
 'M' 'M' 'M' 'M' 'M' 'M' 'M' 'M' 'U' 'M' 'U' 'M' 'U' 'M' 'U' 'M' 'M' 'M'
 'U' 'M' 'U' 'M' 'M' 'M' 'M' 'M' 'U' 'U' 'M' 'M' 'M' 'M' 'M' 'M' 'M' 'M']"
455601,0,166,3,163,32,0,0,"['A' 'M' 'U' 'U' 'M' 'M' 'M' 'M' 'M' 'M' 'M' 'M' 'M' 'M' 'M' 'M' 'M' 'M'
 'M' 'M' 'M' 'M' 'M' 'M' 'M' 'M' 'M' 'M' 'M' 'M' 'M' 'M' 'M' 'M' 'M' 'M'
 'M' 'M' 'M' 'U' 'M' 'M' 'M' 'M' 'M' 'U' 'M' 'U' 'M' 'M' 'M' 'M' 'M' 'M'
 'M' 'M' 'M' 'M' 'U' 'M' 'M' 'M' 'M' 'M' 'M' 'M' 'M' 'M' 'M' 'U' 'M' 'M'
 'U' 'M' 'M' 'M' 'M' 'M' 'M' 'M' 'U' 'U' 'M' 'M' 'M' 'M' 'M' 'M' 'U' 'M'
 'M' 'M' 'M' 'M' 'M' 'M' 'U' 'M' 'M' 'M' 'M' 'U' 'M' 'M' 'M' 'M' 'M' 'M'
 'M' 'M' 'M' 'M' 'M' 'M' 'M' 'M' 'M' 'M' 'M' 'M' 'U' 'M' 'A' 'M' 'M' 'M'
 'U' 'M' 'M' 'M' 'M' 'M' 'A' 'U' 'U' 'U' 'U' 'U' 'M' 'M' 'U' 'U' 'M' 'M'
 'M' 'M' 'M' 'M' 'M' 'M' 'U' 'M' 'M' 'M' 'M' 'M' 'M' 'M' 'M' 'M' 'M' 'M'
 'M' 'M' 'M' 'M' 'M' 'M' 'M' 'M' 'U' 'M' 'U' 'M' 'U' 'M' 'U' 'M' 'M' 'M'
 'U' 'M' 'U' 'M' 'M' 'M' 'M' 'U' 'U' 'U' 'M' 'M' 'M' 'M' 'M' 'M' 'M' 'M']"
455701,0,166,3,163,32,0,0,"['A' 'M' 'U' 'U' 'M' 'M' 'M' 'M' 'M' 'M' 'U' 'M' 'M' 'M' 'M' 'M' 'U' 'M'
 'M' 'U' 'M' 'M' 'M' 'M' 'U' 'M' 'M' 'M' 'M' 'M' 'M' 'M' 'M' 'M' 'M' 'M'
 'U' 'M' 'M' 'M' 'M' 'M' 'M' 'M' 'M' 'U' 'M' 'U' 'M' 'M' 'M' 'M' 'M' 'M'
 'M' 'M' 'M' 'M' 'U' 'M' 'M' 'M' 'M' 'M' 'U' 'M' 'U' 'M' 'M' 'M' 'M' 'U'
 'M' 'M' 'U' 'M' 'M' 'M' 'M' 'M' 'M' 'M' 'M' 'M' 'U' 'M' 'U' 'M' 'M' 'M'
 'M' 'M' 'M' 'M' 'M' 'M' 'M' 'M' 'M' 'M' 'U' 'U' 'M' 'M' 'M' 'M' 'M' 'M'
 'M' 'M' 'M' 'M' 'M' 'M' 'M' 'M' 'M' 'M' 'M' 'M' 'U' 'M' 'U' 'M' 'M' 'M'
 'M' 'M' 'M' 'M' 'M' 'M' 'A' 'M' 'U' 'U' 'U' 'U' 'M' 'M' 'U' 'U' 'M' 'M'
 'M' 'M' 'M' 'M' 'M' 'M' 'U' 'M' 'M' 'M' 'M' 'M' 'M' 'M' 'M' 'M' 'M' 'M'
 'M' 'M' 'M' 'M' 'M' 'M' 'M' 'M' 'M' 'M' 'M' 'M' 'U' 'M' 'U' 'M' 'M' 'M'
 'U' 'M' 'U' 'M' 'M' 'M' 'M' 'M' 'A' 'U' 'M' 'M' 'M' 'M' 'M' 'M' 'M' 'M']"
455801,0,158,1,157,40,0,0,"['A' 'M' 'U' 'U' 'M' 'M' 'M' 'M' 'M' 'M' 'M' 'M' 'M' 'M' 'M' 'M' 'U' 'M'
 'M' 'U' 'M' 'M' 'M' 'M' 'M' 'M' 'U' 'M' 'U' 'M' 'U' 'M' 'U' 'M' 'M' 'M'
 'M' 'M' 'M' 'M' 'U' 'M' 'M' 'M' 'M' 'U' 'M' 'U' 'M' 'M' 'M' 'M' 'M' 'M'
 'M' 'M' 'M' 'M' 'U' 'M' 'M' 'M' 'M' 'U' 'U' 'M' 'M' 'M' 'M' 'M' 'M' 'M'
 'M' 'M' 'M' 'M' 'U' 'M' 'U' 'M' 'M' 'M' 'M' 'M' 'U' 'M' 'M' 'M' 'M' 'U'
 'M' 'M' 'U' 'M' 'M' 'M' 'M' 'M' 'M' 'M' 'U' 'U' 'M' 'M' 'M' 'M' 'M' 'M'
 'M' 'M' 'M' 'M' 'M' 'M' 'M' 'M' 'M' 'M' 'M' 'M' 'U' 'M' 'U' 'M' 'U' 'M'
 'M' 'M' 'M' 'M' 'M' 'U' 'U' 'U' 'U' 'U' 'M' 'U' 'U' 'M' 'U' 'U' 'M' 'M'
 'M' 'M' 'M' 'M' 'M' 'U' 'M' 'M' 'M' 'M' 'M' 'M' 'M' 'M' 'M' 'M' 'M' 'M'
 'M' 'M' 'M' 'M' 'M' 'M' 'M' 'M' 'M' 'M' 'M' 'U' 'U' 'M' 'U' 'M' 'M' 'M'
 'U' 'M' 'U' 'M' 'M' 'M' 'M' 'M' 'U' 'M' 'M' 'M' 'M' 'M' 'M' 'M' 'M' 'M']"
455901,0,161,1,160,37,0,1,"['A' 'M' 'M' 'U' 'M' 'M' 'M' 'M' 'M' 'M' 'M' 'M' 'M' 'M' 'M' 'M' 'M' 'M'
 'M' 'U' 'M' 'M' 'U' 'M' 'M' 'M' 'U' 'M' 'U' 'M' 'M' 'M' 'U' 'M' 'M' 'M'
 'M' 'M' 'M' 'M' 'M' 'M' 'M' 'M' 'M' 'M' 'M' 'U' 'M' 'M' 'M' 'M' 'M' 'M'
 'M' 'M' 'M' 'M' 'M' 'U' 'M' 'M' 'M' 'U' 'U' 'M' 'M' 'M' 'M' 'M' 'M' 'U'
 'M' 'M' 'M' 'U' 'M' 'M' 'M' 'M' 'M' 'M' 'U' 'M' 'M' 'M' 'U' 'M' 'U' 'M'
 'M' 'M' 'M' 'M' 'M' 'M' 'M' 'U' 'M' 'M' 'U' 'U' 'M' 'M' 'U' 'M' 'M' 'M'
 'M' 'M' 'M' 'M' 'M' 'M' 'M' 'M' 'M' 'M' 'M' 'M' 'U' 'M' 'U' 'M' 'U' 'M'
 'M' 'M' 'M' 'M' 'M' 'U' 'U' 'U' 'U' 'U' 'U' 'U' 'U' 'M' 'U' 'U' 'M' 'M'
 'M' 'M' 'M' 'M' 'M' 'U' 'M' 'M' 'M' 'M' 'M' 'M' 'M' 'M' 'M' 'M' 'M' 'M'
 'M' 'M' 'M' 'M' 'M' 'M' 'M' 'M' 'M' 'M' 'M' 'M' 'U' 'M' 'U' 'M' 'M' 'M'
 'M' 'M' 'U' 'M' 'M' 'M' 'M' 'M' 'U' 'M' 'M' 'M' 'M' 'M' 'M' 'M' 'M' 'M']"
456001,0,158,2,156,40,0,1,"['A' 'M' 'M' 'U' 'M' 'M' 'M' 'M' 'M' 'M' 'M' 'M' 'M' 'M' 'M' 'M' 'M' 'M'
 'M' 'U' 'M' 'M' 'U' 'M' 'M' 'M' 'U' 'M' 'U' 'M' 'M' 'M' 'U' 'M' 'M' 'U'
 'M' 'M' 'M' 'M' 'M' 'M' 'M' 'U' 'M' 'M' 'M' 'U' 'M' 'M' 'M' 'M' 'M' 'M'
 'M' 'M' 'M' 'M' 'M' 'A' 'M' 'M' 'M' 'U' 'U' 'M' 'M' 'U' 'M' 'M' 'U' 'M'
 'M' 'M' 'M' 'M' 'M' 'U' 'M' 'M' 'M' 'M' 'M' 'M' 'M' 'M' 'M' 'U' 'M' 'M'
 'M' 'M' 'U' 'M' 'M' 'U' 'M' 'U' 'M' 'M' 'U' 'U' 'M' 'M' 'U' 'M' 'M' 'M'
 'M' 'U' 'M' 'M' 'M' 'M' 'M' 'M' 'M' 'M' 'M' 'U' 'U' 'M' 'M' 'M' 'U' 'M'
 'M' 'M' 'M' 'M' 'M' 'M' 'U' 'U' 'U' 'U' 'U' 'U' 'U' 'M' 'U' 'U' 'U' 'M'
 'M' 'M' 'M' 'M' 'M' 'M' 'M' 'M' 'M' 'M' 'M' 'M' 'M' 'M' 'M' 'M' 'M' 'M'
 'U' 'M' 'M' 'M' 'U' 'M' 'M' 'M' 'M' 'M' 'M' 'M' 'U' 'M' 'U' 'M' 'M' 'M'
 'M' 'M' 'M' 'M' 'M' 'M' 'M' 'M' 'U' 'M' 'M' 'M' 'M' 'M' 'M' 'M' 'M' 'M']"
456101,0,160,1,159,38,0,0,"['A' 'M' 'M' 'U' 'M' 'M' 'M' 'M' 'M' 'M' 'M' 'M' 'M' 'M' 'M' 'M' 'M' 'U'
 'M' 'U' 'M' 'M' 'U' 'M' 'M' 'U' 'U' 'M' 'U' 'M' 'M' 'M' 'U' 'M' 'M' 'U'
 'M' 'M' 'M' 'M' 'M' 'M' 'M' 'M' 'M' 'M' 'M' 'M' 'M' 'M' 'M' 'M' 'M' 'M'
 'M' 'M' 'M' 'M' 'M' 'U' 'M' 'M' 'M' 'U' 'U' 'M' 'M' 'M' 'M' 'U' 'M' 'M'
 'M' 'M' 'U' 'M' 'M' 'M' 'M' 'M' 'M' 'M' 'M' 'U' 'M' 'M' 'M' 'M' 'M' 'M'
 'U' 'M' 'U' 'M' 'M' 'U' 'M' 'M' 'M' 'M' 'U' 'M' 'U' 'M' 'U' 'M' 'M' 'M'
 'M' 'U' 'M' 'M' 'M' 'M' 'M' 'M' 'M' 'M' 'M' 'U' 'M' 'M' 'M' 'M' 'U' 'M'
 'M' 'M' 'M' 'M' 'M' 'M' 'U' 'U' 'M' 'U' 'U' 'M' 'U' 'M' 'U' 'M' 'M' 'M'
 'M' 'M' 'M' 'M' 'M' 'M' 'M' 'M' 'M' 'M' 'M' 'M' 'M' 'M' 'M' 'M' 'M' 'M'
 'U' 'M' 'M' 'M' 'U' 'U' 'M' 'M' 'M' 'M' 'M' 'M' 'U' 'M' 'U' 'M' 'M' 'M'
 'M' 'M' 'M' 'M' 'M' 'M' 'M' 'M' 'U' 'M' 'M' 'U' 'U' 'M' 'M' 'M' 'M' 'M']"
456201,0,164,1,163,34,0,0,"['A' 'M' 'M' 'U' 'M' 'M' 'M' 'M' 'M' 'M' 'M' 'M' 'M' 'M' 'M' 'M' 'M' 'U'
 'M' 'U' 'M' 'U' 'U' 'M' 'M' 'M' 'U' 'M' 'M' 'M' 'M' 'M' 'U' 'M' 'M' 'M'
 'M' 'M' 'M' 'M' 'M' 'M' 'M' 'M' 'M' 'M' 'U' 'M' 'M' 'M' 'M' 'M' 'M' 'M'
 'M' 'M' 'M' 'M' 'M' 'M' 'M' 'M' 'M' 'U' 'U' 'M' 'M' 'M' 'M' 'M' 'M' 'M'
 'M' 'M' 'M' 'U' 'M' 'M' 'M' 'M' 'U' 'M' 'U' 'M' 'M' 'M' 'U' 'M' 'U' 'M'
 'M' 'M' 'M' 'M' 'M' 'U' 'M' 'M' 'M' 'M' 'U' 'M' 'U' 'M' 'M' 'M' 'M' 'U'
 'M' 'U' 'M' 'M' 'M' 'M' 'M' 'M' 'M' 'M' 'M' 'U' 'M' 'M' 'M' 'M' 'U' 'M'
 'M' 'M' 'M' 'M' 'M' 'M' 'U' 'U' 'U' 'M' 'U' 'U' 'U' 'M' 'U' 'M' 'M' 'M'
 'M' 'M' 'M' 'M' 'M' 'M' 'M' 'M' 'M' 'M' 'M' 'M' 'M' 'M' 'M' 'M' 'M' 'M'
 'U' 'M' 'M' 'M' 'U' 'U' 'M' 'M' 'M' 'M' 'M' 'M' 'M' 'M' 'M' 'M' 'M' 'M'
 'M' 'M' 'M' 'M' 'M' 'M' 'M' 'M' 'U' 'M' 'M' 'M' 'U' 'M' 'M' 'M' 'M' 'M']"
456301,0,164,2,162,34,0,0,"['A' 'M' 'M' 'U' 'M' 'M' 'M' 'M' 'M' 'M' 'M' 'M' 'M' 'M' 'M' 'M' 'M' 'M'
 'M' 'M' 'M' 'U' 'M' 'M' 'M' 'U' 'U' 'M' 'M' 'M' 'M' 'M' 'A' 'M' 'M' 'M'
 'U' 'M' 'M' 'U' 'M' 'M' 'M' 'M' 'M' 'M' 'U' 'M' 'M' 'M' 'M' 'M' 'M' 'M'
 'M' 'M' 'M' 'M' 'M' 'M' 'M' 'M' 'M' 'U' 'U' 'U' 'U' 'M' 'U' 'M' 'M' 'M'
 'M' 'M' 'M' 'M' 'U' 'M' 'M' 'M' 'M' 'M' 'M' 'M' 'M' 'M' 'U' 'M' 'M' 'M'
 'M' 'M' 'M' 'M' 'M' 'U' 'M' 'M' 'M' 'M' 'M' 'M' 'M' 'M' 'M' 'M' 'M' 'U'
 'M' 'U' 'M' 'U' 'M' 'U' 'M' 'M' 'M' 'M' 'M' 'U' 'M' 'M' 'U' 'M' 'M' 'M'
 'M' 'M' 'M' 'M' 'M' 'U' 'U' 'U' 'M' 'U' 'U' 'U' 'U' 'M' 'M' 'M' 'M' 'U'
 'M' 'M' 'M' 'M' 'M' 'M' 'M' 'M' 'M' 'M' 'M' 'M' 'M' 'M' 'M' 'M' 'M' 'M'
 'M' 'M' 'M' 'M' 'U' 'M' 'M' 'M' 'M' 'M' 'M' 'M' 'M' 'M' 'M' 'M' 'M' 'M'
 'M' 'M' 'M' 'M' 'M' 'U' 'M' 'M' 'U' 'M' 'M' 'M' 'U' 'M' 'U' 'M' 'M' 'M']"
456401,0,166,1,165,32,0,0,"['A' 'M' 'M' 'U' 'M' 'M' 'M' 'M' 'M' 'M' 'M' 'M' 'M' 'U' 'M' 'M' 'M' 'M'
 'M' 'M' 'M' 'U' 'M' 'M' 'M' 'U' 'U' 'M' 'M' 'M' 'M' 'M' 'M' 'M' 'M' 'M'
 'U' 'M' 'M' 'U' 'M' 'M' 'M' 'M' 'M' 'M' 'U' 'M' 'M' 'M' 'M' 'M' 'M' 'M'
 'M' 'M' 'M' 'M' 'M' 'M' 'U' 'M' 'M' 'M' 'U' 'M' 'M' 'M' 'M' 'M' 'U' 'U'
 'M' 'M' 'M' 'M' 'U' 'M' 'M' 'M' 'M' 'M' 'U' 'M' 'M' 'M' 'M' 'M' 'M' 'U'
 'M' 'M' 'M' 'M' 'M' 'U' 'M' 'M' 'M' 'M' 'M' 'M' 'M' 'M' 'M' 'M' 'M' 'U'
 'M' 'U' 'M' 'U' 'M' 'U' 'M' 'M' 'M' 'M' 'M' 'U' 'M' 'M' 'U' 'M' 'M' 'M'
 'M' 'M' 'M' 'M' 'M' 'U' 'U' 'M' 'M' 'U' 'U' 'M' 'U' 'M' 'M' 'M' 'M' 'M'
 'M' 'M' 'M' 'M' 'M' 'M' 'M' 'M' 'M' 'M' 'M' 'M' 'M' 'U' 'M' 'M' 'M' 'M'
 'M' 'M' 'M' 'M' 'U' 'M' 'M' 'M' 'M' 'M' 'M' 'M' 'M' 'M' 'M' 'M' 'M' 'M'
 'M' 'M' 'M' 'M' 'M' 'M' 'M' 'U' 'U' 'M' 'M' 'M' 'M' 'M' 'U' 'M' 'M' 'M']"
456501,0,161,1,160,37,0,0,"['A' 'M' 'M' 'M' 'M' 'M' 'M' 'M' 'M' 'U' 'M' 'M' 'M' 'U' 'M' 'M' 'M' 'U'
 'M' 'M' 'M' 'U' 'M' 'M' 'M' 'M' 'U' 'M' 'M' 'M' 'M' 'M' 'M' 'M' 'M' 'M'
 'M' 'M' 'M' 'U' 'M' 'M' 'M' 'M' 'M' 'M' 'U' 'M' 'M' 'M' 'M' 'M' 'M' 'M'
 'M' 'M' 'M' 'M' 'M' 'M' 'U' 'M' 'M' 'M' 'U' 'U' 'M' 'M' 'M' 'M' 'M' 'M'
 'M' 'M' 'M' 'M' 'M' 'U' 'U' 'U' 'M' 'M' 'M' 'M' 'M' 'M' 'M' 'M' 'M' 'U'
 'M' 'M' 'M' 'M' 'M' 'U' 'M' 'M' 'M' 'M' 'M' 'M' 'M' 'U' 'M' 'M' 'M' 'M'
 'U' 'M' 'M' 'U' 'M' 'U' 'M' 'M' 'M' 'M' 'M' 'U' 'M' 'M' 'U' 'M' 'M' 'M'
 'M' 'M' 'M' 'M' 'M' 'M' 'U' 'U' 'U' 'U' 'U' 'U' 'U' 'M' 'M' 'M' 'M' 'M'
 'M' 'M' 'M' 'M' 'M' 'M' 'M' 'M' 'M' 'M' 'M' 'M' 'M' 'U' 'M' 'M' 'M' 'M'
 'M' 'M' 'M' 'M' 'U' 'M' 'M' 'M' 'M' 'U' 'M' 'M' 'M' 'M' 'M' 'M' 'M' 'M'
 'M' 'U' 'M' 'M' 'M' 'U' 'M' 'U' 'U' 'M' 'M' 'M' 'M' 'M' 'U' 'M' 'U' 'M']"
456601,0,164,2,162,34,0,0,"['A' 'M' 'M' 'M' 'M' 'M' 'M' 'M' 'M' 'M' 'M' 'M' 'U' 'U' 'U' 'M' 'M' 'M'
 'M' 'M' 'M' 'U' 'M' 'M' 'M' 'M' 'U' 'M' 'M' 'M' 'M' 'M' 'M' 'M' 'M' 'M'
 'M' 'M' 'M' 'U' 'M' 'M' 'M' 'M' 'M' 'M' 'U' 'M' 'M' 'M' 'M' 'M' 'M' 'M'
 'M' 'M' 'M' 'M' 'M' 'M' 'U' 'M' 'M' 'M' 'U' 'M' 'M' 'M' 'M' 'M' 'M' 'M'
 'U' 'M' 'M' 'M' 'M' 'M' 'M' 'U' 'M' 'M' 'M' 'M' 'U' 'U' 'M' 'M' 'M' 'U'
 'M' 'M' 'M' 'M' 'M' 'U' 'M' 'M' 'M' 'M' 'M' 'M' 'M' 'U' 'M' 'M' 'M' 'M'
 'A' 'M' 'U' 'U' 'M' 'U' 'M' 'M' 'M' 'M' 'M' 'U' 'M' 'M' 'U' 'M' 'M' 'M'
 'M' 'M' 'M' 'M' 'M' 'M' 'U' 'U' 'U' 'U' 'M' 'U' 'M' 'M' 'M' 'M' 'M' 'M'
 'M' 'M' 'M' 'M' 'M' 'M' 'M' 'M' 'M' 'M' 'M' 'M' 'M' 'U' 'M' 'M' 'M' 'M'
 'M' 'M' 'M' 'M' 'U' 'M' 'M' 'M' 'M' 'M' 'M' 'M' 'M' 'M' 'M' 'M' 'M' 'M'
 'M' 'M' 'U' 'M' 'U' 'U' 'M' 'U' 'U' 'M' 'M' 'M' 'M' 'M' 'M' 'M' 'U' 'M']"
456701,0,165,2,163,33,0,0,"['A' 'M' 'M' 'U' 'M' 'M' 'M' 'M' 'M' 'M' 'M' 'M' 'U' 'M' 'U' 'M' 'M' 'M'
 'M' 'U' 'M' 'U' 'M' 'M' 'M' 'M' 'U' 'M' 'M' 'M' 'M' 'M' 'M' 'M' 'M' 'M'
 'M' 'M' 'M' 'U' 'M' 'M' 'M' 'M' 'M' 'M' 'U' 'M' 'M' 'M' 'M' 'M' 'M' 'M'
 'M' 'M' 'M' 'M' 'M' 'M' 'U' 'M' 'U' 'M' 'U' 'M' 'M' 'M' 'M' 'M' 'M' 'M'
 'M' 'M' 'M' 'M' 'M' 'M' 'M' 'M' 'U' 'M' 'M' 'U' 'M' 'M' 'M' 'M' 'M' 'U'
 'M' 'U' 'M' 'M' 'U' 'U' 'M' 'U' 'M' 'M' 'M' 'M' 'M' 'M' 'M' 'M' 'M' 'M'
 'A' 'M' 'M' 'U' 'M' 'U' 'M' 'M' 'M' 'M' 'M' 'M' 'M' 'M' 'U' 'M' 'M' 'M'
 'M' 'M' 'M' 'M' 'M' 'M' 'U' 'U' 'U' 'M' 'M' 'U' 'M' 'U' 'M' 'M' 'M' 'M'
 'M' 'M' 'M' 'M' 'M' 'M' 'M' 'M' 'M' 'M' 'M' 'M' 'M' 'U' 'M' 'M' 'M' 'M'
 'M' 'M' 'M' 'M' 'U' 'M' 'M' 'M' 'M' 'M' 'M' 'M' 'M' 'M' 'M' 'M' 'M' 'M'
 'M' 'M' 'U' 'M' 'M' 'U' 'M' 'U' 'U' 'M' 'M' 'M' 'M' 'M' 'M' 'M' 'U' 'M']"
456801,0,169,4,165,29,0,0,"['A' 'M' 'M' 'U' 'M' 'M' 'M' 'M' 'M' 'M' 'M' 'M' 'M' 'M' 'U' 'M' 'M' 'M'
 'M' 'U' 'M' 'A' 'M' 'M' 'M' 'M' 'U' 'M' 'M' 'M' 'M' 'M' 'M' 'M' 'M' 'M'
 'M' 'M' 'M' 'U' 'M' 'M' 'M' 'M' 'M' 'M' 'M' 'U' 'M' 'M' 'M' 'M' 'U' 'M'
 'M' 'M' 'M' 'M' 'M' 'M' 'M' 'M' 'U' 'M' 'U' 'M' 'M' 'M' 'M' 'M' 'U' 'M'
 'M' 'U' 'U' 'M' 'M' 'M' 'M' 'M' 'M' 'M' 'M' 'U' 'U' 'M' 'M' 'M' 'M' 'M'
 'M' 'M' 'M' 'M' 'M' 'U' 'M' 'U' 'M' 'M' 'M' 'M' 'M' 'M' 'M' 'M' 'M' 'M'
 'A' 'M' 'M' 'A' 'M' 'U' 'M' 'M' 'M' 'M' 'M' 'M' 'M' 'M' 'U' 'M' 'M' 'M'
 'M' 'M' 'M' 'M' 'M' 'M' 'U' 'U' 'U' 'M' 'M' 'U' 'M' 'M' 'M' 'M' 'M' 'M'
 'M' 'M' 'M' 'M' 'M' 'M' 'U' 'M' 'M' 'M' 'M' 'M' 'M' 'M' 'M' 'M' 'M' 'M'
 'M' 'M' 'M' 'M' 'U' 'M' 'M' 'M' 'M' 'M' 'M' 'M' 'M' 'M' 'M' 'M' 'M' 'M'
 'M' 'M' 'U' 'M' 'M' 'U' 'M' 'U' 'U' 'M' 'M' 'M' 'M' 'M' 'M' 'M' 'U' 'M']"
456901,0,170,3,167,28,0,1,"['A' 'M' 'M' 'M' 'M' 'M' 'M' 'M' 'M' 'M' 'M' 'M' 'M' 'M' 'U' 'M' 'M' 'M'
 'M' 'M' 'M' 'U' 'M' 'M' 'M' 'M' 'M' 'M' 'M' 'M' 'M' 'M' 'M' 'M' 'M' 'M'
 'M' 'M' 'M' 'U' 'M' 'M' 'M' 'M' 'M' 'M' 'M' 'U' 'M' 'M' 'M' 'M' 'U' 'M'
 'U' 'M' 'M' 'M' 'M' 'M' 'M' 'M' 'M' 'M' 'U' 'M' 'M' 'M' 'M' 'U' 'U' 'M'
 'M' 'M' 'U' 'M' 'M' 'M' 'M' 'M' 'M' 'M' 'M' 'M' 'M' 'M' 'M' 'M' 'M' 'U'
 'M' 'M' 'U' 'M' 'M' 'U' 'M' 'M' 'M' 'M' 'M' 'M' 'M' 'M' 'M' 'M' 'M' 'M'
 'A' 'U' 'M' 'A' 'M' 'U' 'M' 'M' 'M' 'M' 'M' 'M' 'M' 'M' 'U' 'M' 'M' 'M'
 'M' 'M' 'M' 'M' 'M' 'M' 'U' 'U' 'U' 'M' 'M' 'U' 'M' 'M' 'M' 'M' 'M' 'M'
 'M' 'M' 'M' 'M' 'M' 'M' 'M' 'M' 'M' 'M' 'M' 'M' 'M' 'M' 'M' 'M' 'M' 'M'
 'M' 'M' 'M' 'M' 'U' 'M' 'M' 'M' 'M' 'M' 'U' 'M' 'M' 'M' 'M' 'M' 'M' 'M'
 'M' 'M' 'U' 'M' 'M' 'M' 'M' 'U' 'U' 'M' 'M' 'M' 'U' 'M' 'U' 'M' 'U' 'M']"
457001,0,158,1,157,40,0,0,"['A' 'M' 'U' 'U' 'M' 'M' 'M' 'M' 'M' 'U' 'M' 'M' 'M' 'M' 'U' 'M' 'M' 'M'
 'M' 'M' 'M' 'U' 'M' 'M' 'M' 'M' 'M' 'M' 'M' 'M' 'M' 'M' 'M' 'M' 'M' 'M'
 'M' 'M' 'M' 'U' 'U' 'M' 'M' 'M' 'M' 'U' 'M' 'U' 'M' 'M' 'M' 'M' 'U' 'M'
 'U' 'M' 'M' 'M' 'U' 'M' 'M' 'M' 'M' 'M' 'M' 'M' 'M' 'M' 'M' 'M' 'M' 'M'
 'M' 'U' 'M' 'M' 'M' 'U' 'M' 'U' 'M' 'M' 'M' 'M' 'U' 'M' 'M' 'U' 'M' 'M'
 'M' 'M' 'M' 'M' 'M' 'U' 'M' 'M' 'M' 'M' 'M' 'M' 'M' 'M' 'M' 'M' 'M' 'M'
 'U' 'U' 'M' 'U' 'M' 'U' 'M' 'M' 'M' 'M' 'M' 'M' 'M' 'M' 'U' 'M' 'M' 'M'
 'M' 'M' 'M' 'U' 'M' 'U' 'U' 'U' 'U' 'U' 'U' 'U' 'U' 'U' 'M' 'M' 'M' 'M'
 'M' 'M' 'M' 'M' 'M' 'M' 'M' 'M' 'M' 'M' 'M' 'M' 'M' 'M' 'M' 'M' 'M' 'M'
 'M' 'M' 'M' 'M' 'M' 'M' 'M' 'M' 'M' 'M' 'M' 'M' 'M' 'M' 'M' 'M' 'M' 'M'
 'M' 'M' 'U' 'M' 'M' 'M' 'M' 'U' 'U' 'M' 'M' 'U' 'U' 'M' 'U' 'M' 'U' 'M']"
457101,0,159,1,158,39,0,0,"['A' 'M' 'M' 'M' 'M' 'M' 'M' 'M' 'M' 'U' 'M' 'M' 'M' 'M' 'U' 'M' 'M' 'M'
 'M' 'M' 'M' 'U' 'M' 'M' 'M' 'M' 'M' 'M' 'M' 'M' 'M' 'U' 'M' 'M' 'M' 'M'
 'M' 'M' 'U' 'U' 'U' 'M' 'M' 'M' 'M' 'U' 'M' 'U' 'M' 'M' 'M' 'M' 'U' 'M'
 'U' 'M' 'U' 'M' 'M' 'M' 'M' 'M' 'M' 'M' 'M' 'M' 'U' 'M' 'M' 'M' 'M' 'U'
 'M' 'M' 'U' 'M' 'M' 'M' 'M' 'M' 'M' 'M' 'M' 'M' 'M' 'M' 'U' 'U' 'M' 'M'
 'M' 'M' 'M' 'M' 'M' 'U' 'M' 'M' 'M' 'M' 'M' 'M' 'U' 'M' 'M' 'M' 'M' 'M'
 'U' 'M' 'M' 'U' 'U' 'U' 'M' 'M' 'M' 'M' 'M' 'M' 'U' 'M' 'U' 'M' 'M' 'M'
 'M' 'M' 'M' 'U' 'M' 'M' 'U' 'M' 'U' 'M' 'M' 'M' 'U' 'U' 'M' 'M' 'M' 'M'
 'M' 'M' 'M' 'M' 'U' 'M' 'M' 'M' 'M' 'M' 'M' 'U' 'M' 'M' 'M' 'M' 'M' 'M'
 'M' 'M' 'M' 'M' 'M' 'M' 'M' 'M' 'M' 'M' 'M' 'M' 'M' 'M' 'M' 'M' 'M' 'M'
 'M' 'M' 'U' 'M' 'M' 'M' 'M' 'U' 'U' 'M' 'M' 'U' 'U' 'M' 'U' 'M' 'U' 'M']"
457201,0,159,2,157,39,0,0,"['A' 'M' 'M' 'M' 'M' 'M' 'M' 'M' 'M' 'U' 'M' 'M' 'M' 'M' 'U' 'M' 'M' 'M'
 'M' 'M' 'M' 'U' 'M' 'M' 'M' 'M' 'M' 'M' 'M' 'M' 'M' 'M' 'M' 'M' 'M' 'M'
 'U' 'M' 'U' 'M' 'U' 'M' 'M' 'M' 'M' 'M' 'M' 'U' 'M' 'M' 'M' 'M' 'U' 'M'
 'U' 'U' 'A' 'M' 'M' 'M' 'M' 'M' 'M' 'M' 'M' 'M' 'U' 'U' 'M' 'M' 'M' 'M'
 'M' 'M' 'U' 'M' 'M' 'M' 'M' 'U' 'M' 'M' 'M' 'M' 'M' 'M' 'M' 'M' 'U' 'M'
 'M' 'M' 'M' 'M' 'M' 'U' 'M' 'M' 'M' 'M' 'M' 'M' 'U' 'U' 'M' 'M' 'M' 'M'
 'U' 'M' 'M' 'U' 'U' 'U' 'M' 'M' 'M' 'M' 'M' 'M' 'M' 'M' 'M' 'M' 'M' 'M'
 'U' 'M' 'M' 'U' 'M' 'M' 'U' 'M' 'U' 'M' 'M' 'M' 'U' 'U' 'M' 'M' 'M' 'M'
 'M' 'M' 'U' 'M' 'U' 'M' 'M' 'M' 'M' 'M' 'M' 'U' 'M' 'M' 'M' 'M' 'M' 'M'
 'M' 'M' 'M' 'M' 'M' 'M' 'M' 'U' 'M' 'M' 'M' 'M' 'M' 'M' 'M' 'M' 'M' 'M'
 'M' 'M' 'U' 'M' 'M' 'M' 'M' 'M' 'U' 'M' 'M' 'U' 'U' 'M' 'U' 'M' 'U' 'U']"
457301,0,158,3,155,40,0,0,"['A' 'M' 'M' 'M' 'M' 'M' 'M' 'M' 'M' 'U' 'M' 'M' 'M' 'M' 'M' 'M' 'M' 'M'
 'M' 'M' 'M' 'U' 'M' 'M' 'M' 'M' 'M' 'M' 'M' 'M' 'U' 'M' 'M' 'M' 'M' 'M'
 'U' 'U' 'M' 'M' 'M' 'M' 'M' 'M' 'M' 'M' 'M' 'U' 'M' 'M' 'M' 'M' 'U' 'M'
 'M' 'U' 'A' 'M' 'U' 'M' 'M' 'M' 'M' 'M' 'M' 'M' 'M' 'M' 'U' 'M' 'U' 'M'
 'M' 'M' 'M' 'M' 'M' 'M' 'U' 'M' 'M' 'M' 'U' 'M' 'M' 'M' 'M' 'U' 'M' 'M'
 'M' 'M' 'M' 'M' 'M' 'U' 'M' 'M' 'M' 'M' 'M' 'M' 'U' 'U' 'M' 'M' 'M' 'M'
 'U' 'M' 'M' 'M' 'U' 'U' 'M' 'M' 'M' 'M' 'M' 'M' 'M' 'M' 'M' 'M' 'M' 'M'
 'U' 'M' 'M' 'A' 'U' 'M' 'U' 'U' 'M' 'M' 'M' 'M' 'U' 'U' 'M' 'M' 'M' 'M'
 'M' 'M' 'U' 'M' 'M' 'M' 'M' 'M' 'M' 'U' 'M' 'U' 'M' 'M' 'M' 'M' 'M' 'M'
 'M' 'M' 'U' 'M' 'M' 'M' 'M' 'U' 'U' 'M' 'M' 'M' 'M' 'M' 'M' 'M' 'U' 'M'
 'M' 'M' 'U' 'M' 'M' 'M' 'M' 'M' 'U' 'M' 'M' 'U' 'U' 'M' 'U' 'M' 'U' 'U']"
457401,0,161,4,157,37,0,0,"['A' 'M' 'M' 'U' 'M' 'M' 'M' 'M' 'M' 'U' 'M' 'M' 'M' 'M' 'M' 'M' 'M' 'M'
 'M' 'U' 'M' 'M' 'M' 'M' 'M' 'M' 'M' 'M' 'M' 'M' 'U' 'M' 'M' 'M' 'M' 'M'
 'M' 'M' 'M' 'M' 'M' 'M' 'M' 'M' 'M' 'U' 'M' 'U' 'M' 'M' 'M' 'M' 'M' 'M'
 'M' 'M' 'A' 'M' 'U' 'M' 'M' 'M' 'M' 'M' 'M' 'M' 'M' 'M' 'M' 'M' 'M' 'M'
 'M' 'M' 'M' 'M' 'M' 'M' 'U' 'M' 'M' 'M' 'M' 'M' 'M' 'M' 'M' 'M' 'U' 'M'
 'M' 'U' 'M' 'U' 'U' 'U' 'M' 'M' 'M' 'M' 'M' 'M' 'M' 'A' 'M' 'M' 'M' 'M'
 'M' 'M' 'M' 'M' 'U' 'U' 'M' 'M' 'M' 'M' 'M' 'M' 'M' 'M' 'M' 'M' 'M' 'M'
 'U' 'M' 'M' 'U' 'M' 'M' 'U' 'U' 'U' 'M' 'M' 'U' 'A' 'U' 'M' 'M' 'M' 'M'
 'M' 'M' 'U' 'M' 'M' 'M' 'M' 'M' 'M' 'M' 'U' 'U' 'M' 'M' 'M' 'M' 'M' 'M'
 'M' 'M' 'U' 'M' 'M' 'M' 'M' 'U' 'M' 'M' 'M' 'M' 'M' 'M' 'M' 'M' 'U' 'M'
 'M' 'M' 'U' 'M' 'U' 'M' 'M' 'M' 'U' 'M' 'U' 'U' 'U' 'M' 'U' 'M' 'U' 'U']"
457501,0,168,6,162,30,0,1,"['A' 'M' 'M' 'U' 'M' 'M' 'M' 'M' 'U' 'M' 'M' 'M' 'M' 'M' 'M' 'M' 'M' 'M'
 'M' 'A' 'M' 'M' 'M' 'M' 'M' 'M' 'M' 'M' 'M' 'M' 'U' 'M' 'M' 'M' 'M' 'M'
 'M' 'M' 'M' 'M' 'M' 'M' 'M' 'M' 'M' 'M' 'M' 'U' 'M' 'M' 'M' 'M' 'M' 'M'
 'M' 'M' 'A' 'M' 'U' 'M' 'M' 'M' 'M' 'M' 'M' 'M' 'U' 'M' 'M' 'M' 'M' 'M'
 'M' 'M' 'M' 'M' 'U' 'M' 'M' 'M' 'M' 'M' 'M' 'M' 'M' 'M' 'M' 'M' 'U' 'M'
 'M' 'U' 'M' 'U' 'M' 'U' 'U' 'M' 'U' 'M' 'M' 'M' 'M' 'A' 'M' 'M' 'M' 'M'
 'M' 'M' 'M' 'M' 'U' 'M' 'M' 'M' 'M' 'M' 'M' 'M' 'M' 'M' 'M' 'M' 'M' 'M'
 'U' 'M' 'M' 'U' 'M' 'U' 'U' 'M' 'U' 'M' 'M' 'U' 'A' 'A' 'M' 'M' 'M' 'M'
 'M' 'M' 'M' 'M' 'M' 'M' 'M' 'M' 'M' 'M' 'U' 'U' 'M' 'M' 'M' 'M' 'M' 'M'
 'M' 'M' 'U' 'M' 'M' 'M' 'M' 'M' 'M' 'M' 'M' 'M' 'M' 'M' 'M' 'M' 'U' 'M'
 'M' 'M' 'M' 'M' 'M' 'M' 'M' 'M' 'U' 'M' 'U' 'U' 'M' 'M' 'U' 'M' 'U' 'U']"
457601,0,161,4,157,37,0,0,"['A' 'M' 'M' 'M' 'M' 'M' 'M' 'M' 'U' 'M' 'M' 'M' 'M' 'M' 'M' 'M' 'M' 'M'
 'M' 'U' 'U' 'M' 'M' 'M' 'M' 'M' 'M' 'M' 'M' 'M' 'U' 'M' 'M' 'M' 'M' 'M'
 'M' 'M' 'M' 'M' 'M' 'M' 'M' 'U' 'M' 'M' 'M' 'U' 'M' 'M' 'M' 'M' 'M' 'M'
 'M' 'M' 'U' 'U' 'U' 'M' 'M' 'M' 'M' 'M' 'M' 'U' 'M' 'M' 'M' 'M' 'M' 'M'
 'M' 'M' 'M' 'M' 'M' 'M' 'M' 'U' 'U' 'M' 'M' 'M' 'M' 'M' 'M' 'M' 'M' 'M'
 'M' 'U' 'M' 'M' 'U' 'U' 'M' 'M' 'U' 'U' 'M' 'M' 'M' 'A' 'M' 'M' 'M' 'M'
 'M' 'M' 'M' 'M' 'U' 'M' 'M' 'M' 'M' 'M' 'M' 'M' 'M' 'M' 'M' 'M' 'U' 'M'
 'U' 'M' 'M' 'M' 'M' 'U' 'M' 'M' 'U' 'M' 'M' 'U' 'A' 'A' 'M' 'M' 'M' 'M'
 'M' 'M' 'M' 'M' 'U' 'M' 'M' 'M' 'M' 'M' 'U' 'U' 'M' 'U' 'M' 'M' 'M' 'M'
 'M' 'M' 'U' 'M' 'M' 'M' 'M' 'M' 'M' 'M' 'M' 'U' 'M' 'M' 'U' 'M' 'M' 'M'
 'U' 'M' 'M' 'M' 'M' 'U' 'M' 'M' 'M' 'M' 'U' 'U' 'M' 'M' 'U' 'M' 'U' 'U']"
457701,0,156,7,149,42,0,0,"['A' 'M' 'M' 'M' 'M' 'M' 'M' 'M' 'U' 'M' 'M' 'M' 'M' 'M' 'M' 'M' 'U' 'M'
 'M' 'M' 'U' 'M' 'M' 'M' 'M' 'M' 'M' 'M' 'M' 'M' 'M' 'A' 'M' 'M' 'M' 'M'
 'M' 'M' 'M' 'M' 'M' 'M' 'U' 'U' 'M' 'M' 'M' 'U' 'M' 'M' 'M' 'M' 'M' 'M'
 'M' 'M' 'U' 'U' 'U' 'M' 'M' 'M' 'M' 'M' 'M' 'M' 'M' 'M' 'M' 'M' 'M' 'M'
 'U' 'M' 'M' 'M' 'M' 'M' 'M' 'U' 'M' 'M' 'M' 'M' 'M' 'U' 'U' 'M' 'M' 'M'
 'M' 'M' 'U' 'M' 'M' 'U' 'M' 'M' 'U' 'U' 'M' 'M' 'M' 'A' 'M' 'M' 'M' 'M'
 'M' 'U' 'M' 'M' 'U' 'M' 'M' 'M' 'M' 'M' 'M' 'M' 'M' 'M' 'M' 'M' 'U' 'M'
 'U' 'M' 'M' 'M' 'M' 'U' 'U' 'U' 'U' 'M' 'U' 'U' 'A' 'A' 'M' 'M' 'M' 'M'
 'M' 'M' 'U' 'M' 'M' 'M' 'M' 'M' 'M' 'M' 'U' 'A' 'M' 'U' 'M' 'M' 'M' 'M'
 'U' 'M' 'U' 'M' 'M' 'M' 'M' 'M' 'M' 'U' 'M' 'U' 'M' 'M' 'U' 'M' 'M' 'M'
 'U' 'M' 'M' 'M' 'M' 'U' 'M' 'M' 'M' 'M' 'A' 'U' 'M' 'U' 'U' 'M' 'U' 'U']"
457801,0,161,5,156,37,0,0,"['A' 'M' 'M' 'M' 'M' 'M' 'M' 'M' 'M' 'M' 'M' 'M' 'M' 'M' 'M' 'M' 'U' 'M'
 'M' 'M' 'U' 'M' 'M' 'M' 'M' 'M' 'M' 'M' 'M' 'M' 'M' 'A' 'M' 'M' 'U' 'M'
 'M' 'M' 'M' 'M' 'M' 'M' 'M' 'U' 'M' 'M' 'M' 'U' 'M' 'M' 'M' 'M' 'M' 'M'
 'M' 'M' 'M' 'U' 'U' 'M' 'M' 'M' 'M' 'M' 'M' 'M' 'U' 'M' 'M' 'M' 'M' 'M'
 'M' 'M' 'U' 'M' 'M' 'M' 'M' 'M' 'M' 'M' 'M' 'M' 'M' 'M' 'U' 'M' 'M' 'M'
 'M' 'M' 'U' 'M' 'U' 'U' 'M' 'M' 'U' 'U' 'U' 'M' 'M' 'U' 'M' 'M' 'M' 'M'
 'M' 'U' 'M' 'M' 'M' 'M' 'M' 'M' 'M' 'M' 'M' 'M' 'M' 'M' 'M' 'M' 'U' 'M'
 'U' 'M' 'M' 'M' 'M' 'U' 'U' 'M' 'U' 'M' 'U' 'M' 'U' 'A' 'M' 'M' 'M' 'M'
 'M' 'M' 'M' 'M' 'M' 'M' 'M' 'M' 'M' 'M' 'U' 'A' 'M' 'U' 'M' 'M' 'M' 'M'
 'U' 'M' 'U' 'M' 'M' 'M' 'M' 'M' 'M' 'U' 'M' 'U' 'M' 'M' 'U' 'M' 'M' 'M'
 'U' 'M' 'M' 'M' 'M' 'U' 'M' 'M' 'M' 'M' 'A' 'U' 'M' 'U' 'U' 'M' 'M' 'M']"
457901,0,164,6,158,34,0,0,"['A' 'M' 'M' 'M' 'M' 'M' 'M' 'M' 'M' 'M' 'M' 'M' 'M' 'M' 'M' 'M' 'U' 'M'
 'M' 'M' 'U' 'M' 'M' 'M' 'M' 'M' 'U' 'M' 'M' 'M' 'M' 'U' 'M' 'M' 'U' 'M'
 'M' 'M' 'M' 'U' 'M' 'M' 'M' 'M' 'M' 'M' 'M' 'U' 'M' 'M' 'M' 'M' 'M' 'M'
 'M' 'M' 'M' 'U' 'U' 'M' 'M' 'M' 'M' 'M' 'M' 'M' 'M' 'M' 'U' 'M' 'M' 'M'
 'U' 'M' 'M' 'M' 'M' 'M' 'M' 'U' 'M' 'U' 'M' 'M' 'M' 'M' 'M' 'M' 'M' 'M'
 'M' 'M' 'U' 'M' 'M' 'U' 'M' 'M' 'M' 'U' 'U' 'M' 'M' 'M' 'M' 'M' 'M' 'M'
 'M' 'M' 'M' 'M' 'M' 'M' 'M' 'M' 'M' 'M' 'M' 'M' 'M' 'M' 'M' 'M' 'U' 'M'
 'U' 'M' 'M' 'M' 'M' 'M' 'U' 'M' 'U' 'M' 'U' 'M' 'M' 'A' 'M' 'M' 'M' 'U'
 'M' 'U' 'M' 'M' 'M' 'M' 'M' 'M' 'M' 'M' 'U' 'A' 'M' 'A' 'M' 'M' 'M' 'M'
 'U' 'M' 'M' 'U' 'M' 'M' 'M' 'M' 'M' 'U' 'M' 'U' 'M' 'M' 'A' 'M' 'M' 'M'
 'U' 'M' 'U' 'M' 'M' 'U' 'M' 'M' 'M' 'M' 'A' 'U' 'M' 'U' 'M' 'M' 'M' 'M']"
458001,0,168,6,162,30,0,0,"['A' 'M' 'M' 'M' 'M' 'M' 'M' 'M' 'M' 'M' 'M' 'M' 'M' 'M' 'M' 'M' 'U' 'M'
 'M' 'U' 'U' 'M' 'M' 'M' 'M' 'M' 'U' 'M' 'M' 'M' 'M' 'M' 'M' 'M' 'U' 'M'
 'M' 'M' 'M' 'M' 'M' 'M' 'M' 'M' 'M' 'M' 'M' 'U' 'U' 'M' 'M' 'M' 'U' 'M'
 'M' 'M' 'M' 'U' 'M' 'M' 'M' 'M' 'M' 'M' 'M' 'M' 'M' 'M' 'M' 'M' 'M' 'M'
 'U' 'M' 'M' 'U' 'U' 'M' 'M' 'M' 'M' 'M' 'M' 'M' 'M' 'M' 'U' 'M' 'M' 'U'
 'M' 'M' 'M' 'M' 'M' 'U' 'M' 'M' 'M' 'U' 'U' 'M' 'M' 'M' 'M' 'M' 'M' 'M'
 'M' 'M' 'M' 'M' 'M' 'M' 'M' 'M' 'M' 'M' 'M' 'M' 'M' 'M' 'M' 'M' 'U' 'M'
 'A' 'M' 'U' 'M' 'M' 'M' 'M' 'M' 'M' 'M' 'U' 'M' 'M' 'M' 'M' 'M' 'M' 'U'
 'U' 'U' 'M' 'U' 'M' 'M' 'M' 'M' 'M' 'M' 'M' 'A' 'M' 'A' 'M' 'M' 'M' 'M'
 'M' 'M' 'M' 'U' 'M' 'M' 'M' 'M' 'M' 'U' 'M' 'U' 'M' 'M' 'A' 'M' 'M' 'M'
 'U' 'M' 'U' 'M' 'M' 'M' 'M' 'M' 'M' 'M' 'A' 'U' 'M' 'M' 'M' 'M' 'M' 'M']"
458101,0,163,4,159,35,0,0,"['A' 'M' 'M' 'M' 'M' 'M' 'M' 'M' 'M' 'M' 'M' 'M' 'M' 'M' 'M' 'U' 'M' 'M'
 'M' 'U' 'U' 'M' 'M' 'M' 'M' 'M' 'M' 'M' 'M' 'M' 'M' 'M' 'U' 'M' 'U' 'M'
 'M' 'U' 'M' 'M' 'M' 'M' 'M' 'M' 'M' 'M' 'M' 'U' 'U' 'M' 'M' 'U' 'U' 'M'
 'U' 'M' 'M' 'U' 'M' 'M' 'M' 'M' 'M' 'M' 'U' 'U' 'U' 'M' 'M' 'M' 'M' 'M'
 'M' 'M' 'M' 'M' 'M' 'M' 'M' 'M' 'M' 'M' 'M' 'M' 'U' 'M' 'M' 'M' 'M' 'M'
 'M' 'M' 'U' 'M' 'U' 'U' 'M' 'M' 'M' 'U' 'U' 'M' 'M' 'M' 'M' 'M' 'M' 'M'
 'M' 'M' 'M' 'M' 'M' 'M' 'M' 'M' 'M' 'M' 'M' 'U' 'M' 'M' 'M' 'M' 'U' 'M'
 'A' 'M' 'U' 'M' 'M' 'M' 'M' 'M' 'M' 'M' 'U' 'M' 'M' 'M' 'M' 'M' 'M' 'U'
 'U' 'U' 'M' 'M' 'M' 'M' 'M' 'M' 'M' 'M' 'M' 'U' 'M' 'A' 'M' 'M' 'M' 'M'
 'M' 'M' 'M' 'U' 'U' 'M' 'M' 'M' 'M' 'U' 'M' 'U' 'M' 'M' 'A' 'M' 'M' 'M'
 'M' 'M' 'M' 'M' 'M' 'M' 'M' 'M' 'M' 'M' 'U' 'U' 'M' 'M' 'M' 'M' 'M' 'M']"
458201,0,161,4,157,37,1,0,"['A' 'U' 'M' 'M' 'M' 'M' 'M' 'M' 'U' 'M' 'M' 'M' 'U' 'M' 'M' 'U' 'M' 'M'
 'M' 'U' 'M' 'M' 'M' 'M' 'M' 'M' 'M' 'M' 'M' 'M' 'M' 'M' 'U' 'M' 'U' 'M'
 'M' 'M' 'M' 'M' 'M' 'M' 'M' 'M' 'M' 'M' 'M' 'U' 'U' 'M' 'M' 'U' 'U' 'M'
 'U' 'U' 'M' 'U' 'U' 'M' 'U' 'M' 'M' 'M' 'U' 'M' 'M' 'M' 'M' 'U' 'M' 'M'
 'M' 'U' 'M' 'M' 'M' 'M' 'M' 'M' 'M' 'M' 'M' 'U' 'M' 'M' 'M' 'M' 'U' 'M'
 'M' 'M' 'M' 'M' 'U' 'U' 'M' 'M' 'M' 'U' 'U' 'M' 'M' 'M' 'M' 'M' 'M' 'M'
 'M' 'M' 'M' 'M' 'M' 'M' 'M' 'M' 'M' 'M' 'M' 'U' 'M' 'M' 'M' 'M' 'U' 'M'
 'U' 'M' 'U' 'M' 'M' 'M' 'M' 'U' 'M' 'M' 'M' 'M' 'M' 'M' 'M' 'M' 'M' 'U'
 'M' 'M' 'M' 'M' 'M' 'U' 'M' 'M' 'M' 'M' 'U' 'M' 'M' 'A' 'U' 'M' 'M' 'M'
 'M' 'M' 'M' 'A' 'M' 'M' 'M' 'M' 'M' 'U' 'M' 'U' 'M' 'M' 'A' 'M' 'M' 'M'
 'M' 'M' 'M' 'M' 'M' 'M' 'M' 'M' 'M' 'M' 'M' 'U' 'M' 'M' 'M' 'M' 'M' 'M']"
458301,0,150,4,146,48,0,0,"['A' 'M' 'M' 'M' 'M' 'M' 'M' 'M' 'U' 'M' 'U' 'M' 'U' 'M' 'M' 'U' 'M' 'M'
 'M' 'U' 'M' 'M' 'M' 'M' 'M' 'M' 'M' 'M' 'M' 'M' 'M' 'M' 'M' 'M' 'U' 'M'
 'U' 'M' 'M' 'M' 'M' 'M' 'M' 'M' 'M' 'M' 'M' 'U' 'U' 'M' 'M' 'U' 'U' 'M'
 'M' 'U' 'M' 'U' 'U' 'M' 'U' 'M' 'U' 'M' 'U' 'M' 'M' 'U' 'M' 'M' 'M' 'M'
 'M' 'M' 'M' 'M' 'M' 'U' 'M' 'U' 'M' 'M' 'M' 'M' 'M' 'M' 'U' 'M' 'M' 'M'
 'M' 'U' 'M' 'M' 'M' 'U' 'M' 'M' 'M' 'U' 'U' 'M' 'M' 'M' 'M' 'M' 'M' 'M'
 'M' 'M' 'M' 'M' 'U' 'M' 'M' 'U' 'U' 'M' 'M' 'M' 'M' 'M' 'M' 'U' 'U' 'M'
 'U' 'M' 'M' 'M' 'M' 'U' 'U' 'U' 'U' 'U' 'U' 'U' 'U' 'M' 'M' 'U' 'M' 'U'
 'M' 'M' 'M' 'U' 'M' 'U' 'M' 'M' 'M' 'M' 'M' 'M' 'U' 'A' 'U' 'M' 'M' 'M'
 'M' 'M' 'M' 'A' 'M' 'M' 'M' 'M' 'M' 'M' 'M' 'U' 'M' 'M' 'A' 'M' 'M' 'M'
 'M' 'M' 'M' 'M' 'M' 'M' 'M' 'M' 'U' 'M' 'M' 'M' 'M' 'M' 'M' 'M' 'U' 'M']"
458401,0,162,6,156,36,0,0,"['A' 'M' 'M' 'U' 'M' 'M' 'M' 'M' 'A' 'U' 'M' 'M' 'U' 'M' 'M' 'U' 'M' 'M'
 'M' 'M' 'M' 'M' 'M' 'M' 'M' 'M' 'M' 'M' 'M' 'U' 'M' 'M' 'M' 'M' 'U' 'M'
 'M' 'M' 'M' 'M' 'M' 'M' 'M' 'M' 'M' 'M' 'M' 'M' 'U' 'M' 'M' 'U' 'U' 'M'
 'M' 'U' 'M' 'M' 'U' 'M' 'U' 'M' 'M' 'M' 'U' 'M' 'U' 'M' 'M' 'U' 'M' 'M'
 'U' 'M' 'M' 'M' 'M' 'M' 'M' 'M' 'M' 'M' 'M' 'M' 'M' 'U' 'M' 'U' 'M' 'M'
 'M' 'M' 'M' 'M' 'M' 'U' 'M' 'M' 'M' 'U' 'U' 'M' 'M' 'M' 'M' 'M' 'M' 'M'
 'M' 'M' 'U' 'M' 'M' 'M' 'M' 'M' 'U' 'M' 'M' 'M' 'M' 'M' 'A' 'M' 'U' 'M'
 'U' 'M' 'M' 'M' 'M' 'U' 'U' 'U' 'U' 'U' 'M' 'M' 'U' 'M' 'M' 'M' 'M' 'M'
 'M' 'M' 'M' 'M' 'M' 'M' 'M' 'M' 'M' 'M' 'M' 'M' 'U' 'A' 'M' 'M' 'M' 'M'
 'M' 'M' 'M' 'U' 'M' 'M' 'M' 'M' 'M' 'M' 'M' 'A' 'M' 'M' 'A' 'M' 'M' 'M'
 'M' 'M' 'M' 'M' 'M' 'M' 'M' 'M' 'U' 'U' 'M' 'M' 'M' 'M' 'M' 'M' 'U' 'M']"
458501,0,158,6,152,40,0,1,"['A' 'M' 'U' 'U' 'M' 'M' 'U' 'M' 'A' 'U' 'M' 'M' 'U' 'M' 'M' 'U' 'M' 'M'
 'M' 'M' 'M' 'M' 'M' 'M' 'M' 'M' 'M' 'M' 'M' 'U' 'M' 'M' 'M' 'U' 'U' 'M'
 'M' 'M' 'M' 'M' 'M' 'M' 'M' 'M' 'M' 'U' 'M' 'M' 'M' 'M' 'M' 'U' 'U' 'M'
 'M' 'U' 'M' 'M' 'U' 'M' 'U' 'M' 'M' 'U' 'M' 'M' 'M' 'M' 'M' 'M' 'U' 'M'
 'M' 'M' 'U' 'M' 'U' 'M' 'M' 'M' 'M' 'M' 'M' 'M' 'M' 'M' 'M' 'M' 'U' 'M'
 'M' 'M' 'M' 'U' 'M' 'U' 'M' 'M' 'M' 'M' 'M' 'M' 'U' 'M' 'M' 'M' 'M' 'M'
 'M' 'M' 'M' 'M' 'M' 'M' 'M' 'M' 'A' 'M' 'M' 'M' 'M' 'M' 'U' 'M' 'M' 'M'
 'A' 'M' 'M' 'M' 'M' 'U' 'M' 'U' 'U' 'U' 'U' 'U' 'U' 'U' 'M' 'M' 'M' 'M'
 'M' 'U' 'M' 'M' 'M' 'M' 'M' 'M' 'M' 'M' 'M' 'M' 'U' 'U' 'U' 'M' 'M' 'M'
 'U' 'M' 'M' 'M' 'M' 'M' 'M' 'M' 'M' 'M' 'M' 'A' 'M' 'M' 'A' 'M' 'M' 'M'
 'M' 'M' 'M' 'M' 'M' 'M' 'M' 'M' 'U' 'M' 'M' 'M' 'M' 'U' 'M' 'M' 'U' 'M']"
458601,0,153,6,147,45,0,0,"['A' 'M' 'U' 'U' 'M' 'M' 'U' 'M' 'A' 'U' 'M' 'M' 'U' 'M' 'M' 'U' 'M' 'M'
 'M' 'M' 'M' 'M' 'M' 'M' 'M' 'M' 'M' 'M' 'M' 'U' 'M' 'M' 'M' 'M' 'U' 'M'
 'M' 'M' 'M' 'M' 'M' 'U' 'M' 'M' 'M' 'U' 'M' 'M' 'U' 'U' 'M' 'U' 'A' 'U'
 'M' 'A' 'M' 'M' 'U' 'M' 'U' 'M' 'M' 'U' 'M' 'M' 'M' 'M' 'M' 'U' 'M' 'U'
 'M' 'M' 'M' 'M' 'M' 'M' 'M' 'M' 'M' 'U' 'M' 'M' 'M' 'M' 'M' 'M' 'M' 'M'
 'U' 'M' 'M' 'M' 'U' 'U' 'M' 'M' 'M' 'M' 'M' 'M' 'U' 'M' 'U' 'M' 'M' 'M'
 'M' 'U' 'M' 'M' 'M' 'U' 'M' 'M' 'A' 'M' 'M' 'U' 'M' 'M' 'M' 'M' 'M' 'M'
 'A' 'M' 'M' 'M' 'M' 'U' 'U' 'U' 'U' 'U' 'U' 'U' 'U' 'M' 'M' 'M' 'M' 'M'
 'M' 'U' 'M' 'M' 'M' 'M' 'M' 'M' 'U' 'M' 'M' 'M' 'M' 'U' 'U' 'M' 'M' 'M'
 'U' 'M' 'M' 'M' 'M' 'M' 'M' 'M' 'M' 'M' 'M' 'U' 'M' 'M' 'M' 'M' 'M' 'M'
 'M' 'M' 'M' 'M' 'M' 'M' 'M' 'M' 'U' 'M' 'M' 'M' 'M' 'U' 'M' 'M' 'U' 'M']"
458701,0,160,6,154,38,0,0,"['A' 'M' 'M' 'U' 'M' 'M' 'M' 'U' 'A' 'M' 'M' 'M' 'M' 'U' 'M' 'U' 'M' 'M'
 'M' 'M' 'M' 'M' 'M' 'M' 'M' 'M' 'M' 'M' 'M' 'U' 'M' 'M' 'M' 'U' 'U' 'M'
 'M' 'M' 'M' 'M' 'M' 'M' 'M' 'U' 'M' 'U' 'M' 'M' 'U' 'M' 'M' 'U' 'A' 'U'
 'M' 'U' 'U' 'M' 'M' 'M' 'U' 'M' 'M' 'U' 'M' 'M' 'M' 'M' 'M' 'M' 'M' 'U'
 'M' 'M' 'M' 'U' 'M' 'M' 'M' 'M' 'M' 'M' 'U' 'M' 'U' 'M' 'U' 'M' 'M' 'M'
 'M' 'M' 'M' 'M' 'M' 'U' 'M' 'M' 'M' 'M' 'M' 'M' 'U' 'M' 'M' 'M' 'M' 'M'
 'M' 'M' 'M' 'M' 'M' 'U' 'M' 'M' 'A' 'M' 'U' 'M' 'M' 'M' 'M' 'M' 'M' 'M'
 'A' 'M' 'M' 'M' 'M' 'U' 'U' 'U' 'U' 'M' 'U' 'U' 'U' 'M' 'M' 'M' 'M' 'M'
 'M' 'U' 'M' 'M' 'M' 'M' 'M' 'M' 'M' 'M' 'M' 'M' 'M' 'U' 'U' 'M' 'M' 'M'
 'U' 'M' 'M' 'M' 'M' 'M' 'M' 'M' 'M' 'M' 'M' 'U' 'M' 'M' 'M' 'M' 'M' 'M'
 'M' 'M' 'M' 'M' 'M' 'M' 'M' 'M' 'U' 'M' 'M' 'M' 'M' 'A' 'M' 'M' 'M' 'M']"
458801,0,158,5,153,40,1,0,"['A' 'M' 'M' 'M' 'M' 'M' 'M' 'U' 'A' 'M' 'M' 'M' 'M' 'U' 'M' 'U' 'M' 'M'
 'M' 'M' 'M' 'M' 'M' 'M' 'M' 'M' 'M' 'M' 'M' 'U' 'M' 'M' 'M' 'M' 'U' 'M'
 'M' 'M' 'M' 'M' 'M' 'M' 'M' 'U' 'M' 'U' 'M' 'M' 'U' 'M' 'M' 'U' 'A' 'U'
 'M' 'M' 'U' 'M' 'M' 'M' 'U' 'U' 'M' 'U' 'U' 'U' 'M' 'M' 'M' 'U' 'M' 'M'
 'M' 'M' 'M' 'M' 'M' 'U' 'M' 'M' 'M' 'M' 'U' 'M' 'M' 'M' 'M' 'M' 'M' 'M'
 'M' 'U' 'M' 'M' 'M' 'U' 'M' 'M' 'M' 'M' 'M' 'U' 'U' 'M' 'M' 'M' 'M' 'M'
 'M' 'M' 'M' 'M' 'M' 'U' 'M' 'M' 'A' 'M' 'U' 'M' 'M' 'M' 'M' 'M' 'M' 'M'
 'U' 'M' 'M' 'M' 'M' 'M' 'U' 'U' 'U' 'M' 'M' 'U' 'U' 'M' 'M' 'U' 'M' 'M'
 'M' 'U' 'M' 'M' 'M' 'M' 'M' 'M' 'M' 'M' 'U' 'M' 'M' 'U' 'U' 'M' 'M' 'M'
 'U' 'M' 'M' 'M' 'M' 'M' 'M' 'M' 'M' 'U' 'M' 'U' 'M' 'M' 'M' 'M' 'M' 'M'
 'M' 'M' 'M' 'M' 'M' 'M' 'M' 'M' 'M' 'M' 'U' 'M' 'M' 'A' 'M' 'M' 'M' 'M']"
458901,0,155,5,150,43,0,0,"['A' 'M' 'M' 'M' 'M' 'M' 'M' 'U' 'A' 'M' 'M' 'M' 'M' 'M' 'M' 'U' 'M' 'M'
 'M' 'M' 'M' 'M' 'M' 'M' 'M' 'M' 'M' 'M' 'M' 'U' 'M' 'U' 'M' 'M' 'U' 'M'
 'M' 'M' 'M' 'M' 'M' 'M' 'M' 'M' 'M' 'U' 'M' 'M' 'U' 'M' 'M' 'U' 'A' 'U'
 'M' 'M' 'M' 'M' 'M' 'M' 'U' 'U' 'M' 'U' 'M' 'U' 'U' 'M' 'M' 'M' 'U' 'M'
 'M' 'U' 'M' 'M' 'M' 'M' 'M' 'M' 'M' 'M' 'M' 'M' 'M' 'M' 'M' 'M' 'M' 'U'
 'M' 'M' 'M' 'M' 'M' 'U' 'M' 'M' 'M' 'M' 'M' 'U' 'U' 'M' 'M' 'M' 'U' 'M'
 'M' 'M' 'M' 'M' 'M' 'U' 'U' 'M' 'A' 'M' 'M' 'M' 'M' 'M' 'M' 'M' 'U' 'M'
 'U' 'M' 'M' 'M' 'M' 'U' 'A' 'M' 'U' 'U' 'U' 'U' 'U' 'M' 'M' 'U' 'M' 'M'
 'M' 'U' 'M' 'M' 'M' 'M' 'M' 'M' 'M' 'M' 'U' 'M' 'M' 'U' 'M' 'M' 'U' 'M'
 'U' 'M' 'M' 'M' 'M' 'M' 'U' 'U' 'M' 'U' 'M' 'U' 'M' 'M' 'M' 'M' 'M' 'M'
 'M' 'M' 'M' 'M' 'M' 'M' 'M' 'M' 'M' 'M' 'U' 'M' 'M' 'U' 'M' 'M' 'M' 'M']"
459001,0,157,6,151,41,0,0,"['A' 'M' 'M' 'M' 'M' 'M' 'M' 'U' 'A' 'M' 'M' 'M' 'M' 'M' 'M' 'M' 'M' 'M'
 'M' 'M' 'M' 'M' 'M' 'M' 'M' 'U' 'M' 'M' 'M' 'M' 'M' 'U' 'M' 'M' 'M' 'M'
 'M' 'M' 'M' 'U' 'M' 'M' 'M' 'M' 'M' 'U' 'M' 'M' 'U' 'M' 'M' 'U' 'A' 'M'
 'M' 'M' 'M' 'M' 'M' 'M' 'U' 'U' 'M' 'M' 'M' 'M' 'M' 'M' 'U' 'U' 'M' 'M'
 'M' 'M' 'M' 'M' 'M' 'M' 'M' 'M' 'M' 'M' 'M' 'U' 'U' 'M' 'M' 'M' 'M' 'M'
 'M' 'M' 'M' 'M' 'U' 'U' 'M' 'M' 'U' 'M' 'M' 'M' 'M' 'M' 'M' 'M' 'U' 'M'
 'U' 'M' 'M' 'M' 'U' 'U' 'A' 'M' 'A' 'M' 'M' 'M' 'M' 'M' 'M' 'M' 'U' 'M'
 'U' 'M' 'U' 'M' 'M' 'U' 'A' 'M' 'U' 'U' 'U' 'U' 'M' 'M' 'M' 'U' 'M' 'M'
 'M' 'U' 'M' 'M' 'M' 'M' 'M' 'U' 'M' 'M' 'U' 'U' 'M' 'U' 'M' 'M' 'U' 'M'
 'U' 'M' 'M' 'M' 'M' 'M' 'U' 'U' 'M' 'M' 'M' 'U' 'M' 'M' 'M' 'M' 'M' 'M'
 'M' 'M' 'M' 'M' 'M' 'M' 'M' 'M' 'M' 'M' 'U' 'M' 'M' 'U' 'M' 'M' 'M' 'M']"
459101,0,156,5,151,42,0,0,"['A' 'M' 'U' 'M' 'M' 'M' 'M' 'U' 'A' 'M' 'M' 'M' 'M' 'M' 'M' 'M' 'M' 'M'
 'M' 'M' 'M' 'M' 'M' 'M' 'M' 'U' 'M' 'M' 'M' 'M' 'M' 'U' 'M' 'M' 'M' 'M'
 'M' 'M' 'M' 'U' 'M' 'M' 'M' 'M' 'M' 'U' 'M' 'M' 'U' 'M' 'U' 'U' 'A' 'M'
 'M' 'M' 'M' 'M' 'M' 'M' 'U' 'U' 'M' 'M' 'M' 'M' 'U' 'M' 'U' 'M' 'M' 'M'
 'M' 'M' 'M' 'M' 'M' 'M' 'U' 'U' 'M' 'M' 'M' 'M' 'M' 'M' 'M' 'M' 'M' 'M'
 'M' 'M' 'M' 'U' 'M' 'U' 'M' 'M' 'U' 'M' 'M' 'M' 'M' 'U' 'M' 'M' 'U' 'M'
 'U' 'M' 'M' 'M' 'U' 'U' 'A' 'M' 'U' 'M' 'M' 'M' 'M' 'M' 'M' 'M' 'U' 'M'
 'U' 'M' 'U' 'M' 'M' 'U' 'A' 'U' 'U' 'M' 'U' 'U' 'U' 'M' 'M' 'M' 'M' 'M'
 'M' 'M' 'M' 'M' 'M' 'M' 'M' 'U' 'M' 'M' 'U' 'U' 'M' 'U' 'M' 'M' 'M' 'M'
 'M' 'M' 'M' 'M' 'M' 'M' 'U' 'U' 'M' 'M' 'M' 'U' 'M' 'M' 'M' 'M' 'M' 'M'
 'M' 'M' 'M' 'M' 'M' 'M' 'M' 'M' 'M' 'M' 'U' 'M' 'M' 'U' 'M' 'M' 'M' 'M']"
459201,0,157,5,152,41,0,0,"['A' 'M' 'U' 'M' 'M' 'M' 'M' 'A' 'A' 'M' 'M' 'M' 'M' 'M' 'M' 'M' 'M' 'M'
 'M' 'M' 'M' 'M' 'M' 'M' 'M' 'A' 'M' 'M' 'M' 'M' 'M' 'U' 'U' 'M' 'M' 'M'
 'M' 'M' 'M' 'U' 'M' 'M' 'M' 'M' 'M' 'U' 'M' 'M' 'U' 'M' 'M' 'U' 'U' 'M'
 'M' 'M' 'M' 'M' 'M' 'M' 'U' 'U' 'M' 'M' 'M' 'M' 'M' 'U' 'M' 'M' 'M' 'U'
 'U' 'M' 'M' 'M' 'M' 'M' 'M' 'M' 'M' 'M' 'M' 'M' 'M' 'M' 'U' 'M' 'M' 'M'
 'M' 'M' 'M' 'U' 'M' 'U' 'M' 'M' 'U' 'U' 'M' 'M' 'M' 'U' 'M' 'M' 'U' 'M'
 'U' 'M' 'M' 'M' 'U' 'M' 'A' 'M' 'M' 'M' 'M' 'M' 'M' 'M' 'M' 'M' 'M' 'M'
 'U' 'M' 'U' 'M' 'M' 'U' 'U' 'U' 'U' 'U' 'U' 'U' 'U' 'M' 'M' 'U' 'M' 'M'
 'M' 'M' 'M' 'M' 'M' 'M' 'M' 'U' 'M' 'M' 'U' 'M' 'M' 'U' 'M' 'M' 'M' 'M'
 'M' 'M' 'M' 'M' 'M' 'M' 'M' 'U' 'M' 'U' 'M' 'U' 'M' 'M' 'M' 'M' 'M' 'M'
 'M' 'M' 'M' 'M' 'M' 'M' 'M' 'M' 'M' 'M' 'U' 'M' 'M' 'U' 'M' 'M' 'M' 'M']"
459301,0,158,4,154,40,1,0,"['A' 'M' 'M' 'M' 'M' 'M' 'M' 'U' 'A' 'M' 'M' 'M' 'M' 'M' 'M' 'M' 'M' 'M'
 'M' 'M' 'M' 'M' 'M' 'M' 'U' 'A' 'M' 'M' 'M' 'M' 'M' 'U' 'U' 'M' 'M' 'M'
 'M' 'M' 'M' 'M' 'U' 'M' 'M' 'M' 'M' 'U' 'M' 'M' 'U' 'M' 'M' 'U' 'U' 'M'
 'M' 'M' 'M' 'U' 'M' 'M' 'U' 'M' 'M' 'U' 'M' 'M' 'M' 'M' 'M' 'M' 'U' 'M'
 'M' 'M' 'M' 'M' 'M' 'M' 'M' 'U' 'M' 'M' 'U' 'U' 'M' 'M' 'M' 'M' 'M' 'M'
 'M' 'U' 'M' 'M' 'M' 'U' 'M' 'M' 'M' 'M' 'M' 'M' 'M' 'U' 'M' 'M' 'U' 'M'
 'U' 'M' 'M' 'M' 'U' 'M' 'A' 'M' 'M' 'M' 'M' 'M' 'U' 'M' 'M' 'M' 'M' 'M'
 'M' 'U' 'U' 'M' 'M' 'U' 'U' 'U' 'U' 'U' 'M' 'U' 'U' 'M' 'M' 'U' 'M' 'M'
 'M' 'M' 'M' 'M' 'M' 'M' 'M' 'U' 'M' 'M' 'U' 'M' 'M' 'M' 'M' 'M' 'M' 'M'
 'M' 'M' 'M' 'M' 'M' 'M' 'M' 'U' 'M' 'U' 'M' 'M' 'M' 'M' 'M' 'M' 'M' 'M'
 'M' 'U' 'M' 'M' 'M' 'M' 'M' 'M' 'M' 'M' 'U' 'M' 'M' 'U' 'M' 'M' 'M' 'M']"
459401,0,158,3,155,40,0,0,"['A' 'M' 'M' 'M' 'M' 'M' 'M' 'U' 'U' 'M' 'M' 'M' 'M' 'M' 'U' 'M' 'M' 'M'
 'U' 'M' 'M' 'U' 'M' 'M' 'U' 'U' 'M' 'M' 'M' 'M' 'M' 'A' 'U' 'M' 'M' 'M'
 'M' 'M' 'M' 'M' 'U' 'M' 'M' 'M' 'M' 'M' 'M' 'M' 'M' 'M' 'M' 'U' 'M' 'M'
 'M' 'M' 'M' 'A' 'M' 'M' 'U' 'M' 'M' 'U' 'M' 'M' 'M' 'M' 'M' 'M' 'M' 'M'
 'M' 'U' 'U' 'U' 'M' 'M' 'M' 'M' 'M' 'M' 'M' 'M' 'M' 'U' 'M' 'M' 'M' 'M'
 'M' 'M' 'U' 'M' 'M' 'U' 'U' 'M' 'M' 'M' 'M' 'M' 'M' 'U' 'M' 'M' 'U' 'M'
 'U' 'M' 'M' 'M' 'U' 'M' 'U' 'M' 'M' 'M' 'M' 'M' 'U' 'M' 'M' 'M' 'U' 'M'
 'M' 'U' 'U' 'M' 'M' 'M' 'U' 'M' 'M' 'U' 'M' 'U' 'U' 'M' 'M' 'U' 'M' 'M'
 'M' 'M' 'M' 'M' 'M' 'M' 'M' 'U' 'M' 'M' 'U' 'M' 'M' 'M' 'M' 'M' 'M' 'M'
 'M' 'M' 'M' 'M' 'M' 'M' 'M' 'U' 'M' 'M' 'M' 'M' 'M' 'M' 'M' 'M' 'M' 'M'
 'M' 'U' 'M' 'M' 'M' 'M' 'M' 'U' 'M' 'M' 'M' 'M' 'M' 'U' 'M' 'M' 'M' 'U']"
459501,0,158,4,154,40,0,0,"['A' 'M' 'M' 'M' 'M' 'M' 'M' 'U' 'M' 'M' 'M' 'M' 'M' 'M' 'M' 'M' 'M' 'M'
 'U' 'M' 'M' 'M' 'M' 'M' 'U' 'M' 'M' 'M' 'M' 'M' 'M' 'U' 'U' 'M' 'M' 'M'
 'M' 'M' 'M' 'M' 'U' 'M' 'M' 'M' 'M' 'M' 'M' 'M' 'M' 'M' 'M' 'U' 'M' 'M'
 'M' 'M' 'U' 'A' 'M' 'U' 'U' 'M' 'M' 'M' 'M' 'M' 'M' 'M' 'U' 'M' 'M' 'M'
 'M' 'M' 'U' 'M' 'M' 'M' 'M' 'U' 'M' 'M' 'M' 'M' 'M' 'M' 'M' 'M' 'M' 'M'
 'M' 'M' 'M' 'U' 'U' 'U' 'U' 'M' 'M' 'U' 'M' 'M' 'U' 'U' 'M' 'M' 'U' 'M'
 'U' 'M' 'M' 'U' 'U' 'M' 'U' 'M' 'M' 'U' 'M' 'M' 'U' 'M' 'M' 'M' 'U' 'M'
 'M' 'U' 'A' 'M' 'M' 'M' 'U' 'M' 'M' 'A' 'M' 'U' 'U' 'M' 'M' 'U' 'M' 'M'
 'M' 'M' 'M' 'M' 'M' 'M' 'M' 'M' 'M' 'M' 'U' 'U' 'M' 'M' 'M' 'M' 'M' 'M'
 'M' 'M' 'M' 'U' 'M' 'M' 'M' 'M' 'M' 'M' 'M' 'M' 'M' 'M' 'M' 'M' 'M' 'M'
 'M' 'U' 'M' 'M' 'M' 'M' 'M' 'U' 'M' 'M' 'M' 'M' 'M' 'U' 'M' 'M' 'M' 'U']"
459601,0,157,5,152,41,0,0,"['A' 'M' 'U' 'M' 'M' 'M' 'M' 'U' 'M' 'U' 'M' 'M' 'M' 'M' 'M' 'M' 'M' 'M'
 'U' 'M' 'M' 'M' 'M' 'M' 'U' 'M' 'M' 'M' 'M' 'M' 'M' 'U' 'U' 'M' 'M' 'M'
 'M' 'M' 'M' 'M' 'U' 'M' 'M' 'M' 'M' 'M' 'M' 'M' 'M' 'M' 'M' 'U' 'M' 'M'
 'M' 'M' 'U' 'A' 'M' 'U' 'U' 'M' 'M' 'M' 'M' 'M' 'M' 'M' 'M' 'U' 'M' 'U'
 'M' 'M' 'M' 'U' 'M' 'M' 'M' 'M' 'M' 'U' 'M' 'U' 'M' 'M' 'M' 'M' 'M' 'M'
 'M' 'M' 'M' 'M' 'M' 'U' 'U' 'M' 'M' 'M' 'M' 'M' 'A' 'M' 'M' 'M' 'U' 'M'
 'U' 'M' 'M' 'U' 'U' 'M' 'U' 'M' 'M' 'U' 'M' 'M' 'U' 'M' 'M' 'U' 'M' 'M'
 'M' 'U' 'A' 'M' 'M' 'M' 'M' 'M' 'M' 'A' 'M' 'U' 'M' 'M' 'M' 'U' 'U' 'M'
 'M' 'M' 'M' 'M' 'M' 'M' 'M' 'M' 'M' 'M' 'U' 'U' 'M' 'M' 'U' 'M' 'M' 'M'
 'M' 'M' 'M' 'M' 'M' 'M' 'M' 'M' 'M' 'M' 'M' 'M' 'M' 'M' 'M' 'U' 'M' 'M'
 'M' 'U' 'M' 'M' 'M' 'M' 'M' 'U' 'U' 'U' 'M' 'M' 'M' 'U' 'M' 'M' 'M' 'U']"
459701,0,159,4,155,39,0,0,"['A' 'M' 'U' 'M' 'M' 'M' 'M' 'U' 'M' 'U' 'M' 'M' 'M' 'M' 'M' 'M' 'M' 'M'
 'U' 'M' 'M' 'M' 'M' 'M' 'M' 'M' 'M' 'M' 'U' 'M' 'M' 'U' 'U' 'M' 'M' 'M'
 'M' 'M' 'M' 'M' 'U' 'M' 'M' 'M' 'M' 'M' 'M' 'M' 'M' 'M' 'M' 'U' 'M' 'M'
 'M' 'M' 'U' 'A' 'M' 'M' 'U' 'M' 'M' 'U' 'M' 'M' 'M' 'M' 'M' 'M' 'M' 'M'
 'M' 'M' 'M' 'U' 'U' 'M' 'M' 'M' 'M' 'M' 'M' 'M' 'M' 'U' 'M' 'U' 'M' 'M'
 'M' 'M' 'M' 'U' 'M' 'U' 'U' 'M' 'M' 'M' 'M' 'M' 'A' 'M' 'M' 'M' 'U' 'M'
 'U' 'M' 'M' 'U' 'U' 'U' 'U' 'M' 'M' 'U' 'M' 'M' 'U' 'M' 'M' 'M' 'M' 'M'
 'M' 'M' 'A' 'M' 'M' 'M' 'M' 'M' 'M' 'U' 'M' 'U' 'M' 'M' 'M' 'M' 'U' 'M'
 'M' 'M' 'M' 'M' 'M' 'M' 'M' 'M' 'M' 'U' 'M' 'U' 'M' 'M' 'M' 'M' 'M' 'M'
 'M' 'M' 'M' 'M' 'M' 'M' 'M' 'U' 'M' 'M' 'M' 'M' 'M' 'M' 'U' 'U' 'M' 'M'
 'M' 'M' 'M' 'M' 'M' 'M' 'M' 'U' 'U' 'M' 'M' 'U' 'M' 'U' 'M' 'M' 'M' 'M']"
459801,0,160,5,155,38,0,0,"['A' 'M' 'U' 'M' 'M' 'M' 'M' 'M' 'M' 'U' 'M' 'M' 'M' 'M' 'M' 'M' 'M' 'M'
 'M' 'M' 'M' 'M' 'M' 'M' 'M' 'M' 'M' 'M' 'U' 'M' 'M' 'M' 'U' 'M' 'M' 'M'
 'M' 'M' 'U' 'M' 'U' 'M' 'M' 'M' 'M' 'M' 'M' 'M' 'M' 'M' 'M' 'M' 'M' 'M'
 'M' 'M' 'A' 'A' 'M' 'M' 'U' 'M' 'M' 'M' 'M' 'M' 'M' 'M' 'M' 'M' 'U' 'M'
 'M' 'M' 'M' 'M' 'U' 'U' 'M' 'M' 'M' 'M' 'M' 'M' 'M' 'M' 'M' 'M' 'M' 'M'
 'M' 'U' 'U' 'M' 'M' 'U' 'U' 'M' 'M' 'M' 'M' 'M' 'A' 'M' 'M' 'U' 'U' 'U'
 'U' 'M' 'M' 'M' 'U' 'U' 'U' 'M' 'M' 'U' 'M' 'M' 'M' 'M' 'M' 'M' 'U' 'M'
 'M' 'M' 'A' 'M' 'M' 'U' 'U' 'M' 'U' 'U' 'U' 'U' 'U' 'M' 'M' 'M' 'U' 'M'
 'M' 'M' 'M' 'M' 'M' 'M' 'M' 'M' 'M' 'U' 'M' 'U' 'M' 'M' 'M' 'M' 'M' 'M'
 'M' 'M' 'U' 'M' 'M' 'M' 'M' 'U' 'M' 'M' 'M' 'M' 'M' 'M' 'M' 'M' 'M' 'M'
 'M' 'M' 'M' 'M' 'M' 'M' 'M' 'U' 'M' 'M' 'M' 'U' 'M' 'U' 'M' 'M' 'M' 'M']"
459901,0,164,4,160,34,0,0,"['A' 'M' 'U' 'M' 'M' 'M' 'M' 'M' 'M' 'M' 'U' 'M' 'M' 'M' 'M' 'M' 'M' 'M'
 'M' 'M' 'M' 'M' 'M' 'M' 'M' 'M' 'M' 'U' 'U' 'M' 'M' 'M' 'U' 'M' 'M' 'M'
 'M' 'M' 'U' 'M' 'M' 'M' 'M' 'M' 'M' 'M' 'M' 'M' 'M' 'M' 'M' 'M' 'M' 'M'
 'M' 'M' 'A' 'A' 'M' 'M' 'U' 'M' 'M' 'M' 'M' 'M' 'M' 'M' 'U' 'U' 'M' 'M'
 'M' 'M' 'M' 'M' 'M' 'M' 'U' 'M' 'M' 'U' 'M' 'M' 'M' 'M' 'M' 'M' 'M' 'M'
 'M' 'M' 'M' 'U' 'M' 'U' 'M' 'M' 'M' 'M' 'M' 'M' 'A' 'M' 'M' 'U' 'U' 'M'
 'M' 'M' 'M' 'M' 'U' 'M' 'U' 'M' 'M' 'U' 'M' 'M' 'M' 'M' 'M' 'M' 'U' 'M'
 'M' 'M' 'U' 'M' 'M' 'M' 'U' 'U' 'U' 'U' 'U' 'U' 'U' 'M' 'M' 'M' 'M' 'M'
 'M' 'U' 'M' 'M' 'M' 'M' 'M' 'M' 'M' 'U' 'M' 'M' 'M' 'M' 'M' 'M' 'M' 'M'
 'M' 'M' 'U' 'M' 'M' 'M' 'M' 'U' 'M' 'M' 'M' 'M' 'M' 'M' 'M' 'M' 'M' 'M'
 'M' 'M' 'M' 'M' 'M' 'M' 'M' 'U' 'U' 'M' 'M' 'M' 'M' 'U' 'M' 'M' 'M' 'M']"
460001,0,163,4,159,35,0,0,"['A' 'M' 'U' 'M' 'U' 'M' 'M' 'M' 'M' 'M' 'M' 'M' 'M' 'M' 'M' 'M' 'M' 'M'
 'M' 'M' 'M' 'M' 'M' 'M' 'M' 'M' 'U' 'U' 'U' 'M' 'M' 'M' 'U' 'M' 'M' 'M'
 'M' 'M' 'M' 'M' 'M' 'M' 'M' 'U' 'M' 'M' 'M' 'M' 'M' 'U' 'M' 'M' 'M' 'M'
 'M' 'M' 'A' 'A' 'M' 'M' 'U' 'M' 'M' 'M' 'M' 'M' 'M' 'M' 'M' 'U' 'M' 'M'
 'M' 'M' 'U' 'M' 'M' 'U' 'U' 'M' 'M' 'M' 'M' 'M' 'M' 'M' 'M' 'M' 'M' 'M'
 'M' 'M' 'U' 'M' 'M' 'U' 'M' 'M' 'M' 'M' 'M' 'M' 'A' 'M' 'M' 'M' 'M' 'M'
 'M' 'M' 'M' 'M' 'U' 'M' 'U' 'M' 'M' 'U' 'M' 'M' 'M' 'M' 'M' 'M' 'U' 'M'
 'M' 'M' 'U' 'M' 'M' 'U' 'U' 'U' 'U' 'U' 'U' 'U' 'U' 'M' 'M' 'M' 'M' 'M'
 'M' 'U' 'M' 'M' 'M' 'U' 'M' 'M' 'M' 'U' 'M' 'M' 'M' 'M' 'M' 'M' 'M' 'M'
 'M' 'M' 'U' 'M' 'M' 'M' 'M' 'U' 'M' 'M' 'M' 'M' 'M' 'M' 'M' 'M' 'M' 'M'
 'M' 'M' 'M' 'M' 'M' 'M' 'M' 'U' 'M' 'M' 'M' 'M' 'M' 'U' 'M' 'M' 'M' 'M']"
460101,0,168,3,165,30,0,0,"['A' 'M' 'A' 'M' 'U' 'M' 'M' 'M' 'M' 'M' 'M' 'M' 'M' 'M' 'M' 'M' 'M' 'M'
 'M' 'M' 'M' 'M' 'M' 'M' 'M' 'U' 'U' 'U' 'U' 'M' 'M' 'M' 'M' 'M' 'M' 'U'
 'M' 'M' 'M' 'M' 'U' 'M' 'M' 'U' 'M' 'M' 'M' 'M' 'M' 'U' 'M' 'M' 'M' 'M'
 'M' 'M' 'M' 'U' 'M' 'M' 'U' 'M' 'M' 'M' 'M' 'M' 'M' 'M' 'M' 'M' 'M' 'U'
 'M' 'M' 'U' 'M' 'M' 'U' 'M' 'M' 'M' 'M' 'M' 'M' 'M' 'M' 'M' 'M' 'M' 'U'
 'M' 'M' 'M' 'U' 'M' 'M' 'M' 'M' 'M' 'M' 'M' 'M' 'U' 'M' 'M' 'M' 'M' 'M'
 'M' 'M' 'M' 'M' 'M' 'M' 'U' 'M' 'M' 'M' 'M' 'M' 'M' 'M' 'M' 'M' 'U' 'M'
 'M' 'M' 'U' 'M' 'M' 'U' 'U' 'U' 'U' 'U' 'M' 'A' 'U' 'M' 'M' 'M' 'M' 'M'
 'M' 'U' 'M' 'M' 'M' 'U' 'M' 'M' 'M' 'M' 'M' 'M' 'M' 'M' 'M' 'M' 'M' 'M'
 'M' 'M' 'U' 'M' 'M' 'M' 'M' 'U' 'M' 'M' 'M' 'M' 'M' 'M' 'M' 'M' 'M' 'M'
 'M' 'M' 'M' 'M' 'M' 'M' 'M' 'M' 'M' 'M' 'M' 'M' 'M' 'M' 'M' 'M' 'M' 'M']"
460201,0,166,3,163,32,0,0,"['A' 'M' 'A' 'M' 'U' 'M' 'M' 'M' 'M' 'M' 'M' 'M' 'M' 'M' 'M' 'M' 'M' 'M'
 'M' 'M' 'M' 'U' 'M' 'M' 'M' 'U' 'U' 'U' 'U' 'M' 'M' 'M' 'M' 'M' 'M' 'U'
 'M' 'M' 'M' 'M' 'U' 'M' 'M' 'U' 'M' 'M' 'M' 'M' 'M' 'U' 'M' 'M' 'M' 'M'
 'M' 'M' 'M' 'U' 'M' 'M' 'U' 'U' 'M' 'M' 'M' 'M' 'U' 'M' 'M' 'U' 'M' 'M'
 'M' 'M' 'M' 'M' 'M' 'M' 'M' 'M' 'M' 'M' 'M' 'M' 'M' 'M' 'M' 'U' 'M' 'M'
 'M' 'U' 'M' 'M' 'U' 'M' 'U' 'M' 'M' 'M' 'M' 'U' 'U' 'M' 'M' 'M' 'M' 'M'
 'M' 'M' 'M' 'M' 'M' 'M' 'U' 'M' 'M' 'M' 'M' 'M' 'M' 'M' 'M' 'M' 'U' 'M'
 'M' 'M' 'U' 'M' 'M' 'U' 'M' 'U' 'U' 'M' 'M' 'A' 'M' 'M' 'M' 'M' 'M' 'M'
 'M' 'M' 'M' 'M' 'M' 'U' 'M' 'M' 'M' 'M' 'M' 'M' 'M' 'M' 'M' 'M' 'M' 'M'
 'M' 'M' 'M' 'M' 'M' 'M' 'M' 'U' 'U' 'U' 'M' 'M' 'M' 'M' 'M' 'M' 'M' 'M'
 'M' 'M' 'M' 'M' 'M' 'M' 'M' 'M' 'M' 'M' 'M' 'U' 'M' 'M' 'M' 'M' 'M' 'M']"
460301,0,164,2,162,34,0,0,"['A' 'M' 'U' 'M' 'U' 'M' 'M' 'M' 'M' 'M' 'M' 'M' 'U' 'M' 'M' 'M' 'M' 'M'
 'M' 'M' 'M' 'U' 'M' 'M' 'M' 'U' 'U' 'U' 'U' 'U' 'M' 'M' 'M' 'M' 'M' 'U'
 'M' 'M' 'M' 'M' 'U' 'M' 'M' 'U' 'M' 'U' 'M' 'M' 'M' 'U' 'M' 'U' 'M' 'M'
 'M' 'M' 'M' 'M' 'M' 'M' 'M' 'U' 'M' 'M' 'U' 'M' 'U' 'M' 'M' 'M' 'M' 'M'
 'M' 'M' 'M' 'M' 'M' 'M' 'M' 'M' 'M' 'M' 'M' 'M' 'U' 'U' 'M' 'M' 'U' 'M'
 'M' 'U' 'M' 'M' 'M' 'M' 'U' 'M' 'M' 'M' 'M' 'U' 'U' 'M' 'M' 'M' 'M' 'M'
 'M' 'M' 'M' 'M' 'M' 'M' 'U' 'M' 'M' 'M' 'M' 'M' 'M' 'M' 'M' 'M' 'U' 'M'
 'M' 'M' 'U' 'M' 'M' 'U' 'M' 'U' 'U' 'M' 'M' 'A' 'M' 'M' 'M' 'M' 'M' 'M'
 'M' 'M' 'M' 'M' 'M' 'U' 'M' 'M' 'M' 'M' 'M' 'U' 'M' 'M' 'M' 'M' 'M' 'M'
 'M' 'M' 'M' 'M' 'M' 'M' 'M' 'M' 'M' 'U' 'M' 'M' 'M' 'M' 'M' 'M' 'M' 'M'
 'M' 'M' 'M' 'M' 'M' 'M' 'M' 'M' 'M' 'M' 'M' 'M' 'M' 'M' 'M' 'M' 'M' 'M']"
460401,0,162,2,160,36,0,0,"['A' 'M' 'M' 'M' 'U' 'M' 'M' 'M' 'M' 'M' 'M' 'M' 'U' 'M' 'M' 'M' 'M' 'M'
 'M' 'M' 'M' 'U' 'M' 'M' 'M' 'U' 'U' 'U' 'U' 'U' 'M' 'M' 'M' 'M' 'M' 'U'
 'M' 'M' 'M' 'M' 'U' 'M' 'M' 'U' 'M' 'U' 'M' 'M' 'M' 'U' 'M' 'U' 'M' 'U'
 'U' 'M' 'M' 'M' 'M' 'M' 'M' 'U' 'M' 'M' 'U' 'M' 'M' 'M' 'M' 'M' 'M' 'M'
 'M' 'M' 'M' 'M' 'M' 'U' 'U' 'M' 'M' 'M' 'M' 'M' 'U' 'U' 'M' 'M' 'M' 'M'
 'M' 'U' 'M' 'M' 'M' 'M' 'U' 'M' 'M' 'M' 'M' 'U' 'M' 'M' 'M' 'M' 'U' 'M'
 'M' 'M' 'M' 'M' 'M' 'M' 'U' 'M' 'M' 'M' 'M' 'M' 'M' 'M' 'U' 'M' 'M' 'M'
 'M' 'M' 'M' 'M' 'U' 'U' 'M' 'U' 'U' 'M' 'M' 'A' 'M' 'M' 'M' 'M' 'M' 'M'
 'M' 'M' 'M' 'M' 'M' 'U' 'M' 'M' 'M' 'M' 'M' 'U' 'M' 'M' 'M' 'M' 'M' 'U'
 'M' 'M' 'M' 'M' 'M' 'M' 'M' 'M' 'M' 'U' 'M' 'M' 'M' 'M' 'M' 'M' 'M' 'M'
 'M' 'M' 'M' 'M' 'M' 'M' 'M' 'M' 'M' 'M' 'M' 'M' 'M' 'M' 'M' 'M' 'M' 'M']"
460501,0,160,2,158,38,0,0,"['A' 'M' 'M' 'M' 'M' 'M' 'M' 'U' 'M' 'M' 'M' 'M' 'U' 'M' 'M' 'M' 'M' 'U'
 'M' 'M' 'M' 'U' 'M' 'M' 'M' 'U' 'U' 'U' 'U' 'U' 'M' 'M' 'M' 'M' 'M' 'U'
 'M' 'M' 'M' 'M' 'M' 'M' 'M' 'U' 'U' 'U' 'M' 'M' 'M' 'U' 'M' 'U' 'U' 'U'
 'U' 'M' 'M' 'M' 'M' 'M' 'M' 'M' 'M' 'M' 'U' 'M' 'M' 'U' 'M' 'M' 'M' 'M'
 'M' 'M' 'U' 'M' 'M' 'M' 'M' 'M' 'M' 'M' 'M' 'M' 'M' 'M' 'M' 'M' 'M' 'U'
 'U' 'M' 'M' 'U' 'M' 'M' 'M' 'U' 'M' 'M' 'M' 'U' 'M' 'M' 'U' 'M' 'U' 'M'
 'M' 'M' 'M' 'M' 'M' 'M' 'U' 'M' 'M' 'M' 'M' 'M' 'M' 'M' 'U' 'M' 'M' 'M'
 'M' 'M' 'M' 'M' 'M' 'U' 'M' 'U' 'U' 'M' 'M' 'A' 'M' 'M' 'M' 'M' 'M' 'M'
 'M' 'M' 'M' 'M' 'M' 'U' 'U' 'M' 'M' 'M' 'M' 'M' 'M' 'M' 'M' 'M' 'M' 'U'
 'M' 'M' 'M' 'M' 'M' 'M' 'M' 'M' 'M' 'U' 'M' 'U' 'M' 'M' 'M' 'M' 'M' 'M'
 'M' 'M' 'M' 'M' 'M' 'M' 'M' 'M' 'M' 'M' 'M' 'M' 'M' 'M' 'M' 'M' 'M' 'M']"
460601,0,163,3,160,35,0,0,"['A' 'M' 'U' 'U' 'M' 'M' 'M' 'U' 'M' 'M' 'M' 'M' 'U' 'M' 'M' 'M' 'M' 'U'
 'M' 'M' 'M' 'U' 'M' 'M' 'M' 'U' 'U' 'M' 'U' 'M' 'M' 'M' 'M' 'M' 'M' 'M'
 'M' 'M' 'M' 'M' 'M' 'M' 'M' 'U' 'U' 'U' 'M' 'M' 'M' 'M' 'M' 'U' 'U' 'U'
 'U' 'M' 'M' 'M' 'M' 'M' 'M' 'M' 'M' 'M' 'U' 'M' 'M' 'M' 'M' 'M' 'M' 'M'
 'U' 'M' 'U' 'M' 'M' 'M' 'M' 'M' 'M' 'M' 'M' 'M' 'M' 'M' 'M' 'M' 'U' 'M'
 'U' 'M' 'M' 'M' 'U' 'M' 'M' 'M' 'M' 'M' 'M' 'U' 'M' 'M' 'M' 'M' 'U' 'M'
 'M' 'M' 'M' 'M' 'M' 'M' 'M' 'M' 'M' 'M' 'M' 'M' 'M' 'M' 'U' 'M' 'M' 'M'
 'M' 'M' 'M' 'M' 'M' 'U' 'M' 'U' 'U' 'U' 'U' 'A' 'U' 'M' 'M' 'M' 'M' 'M'
 'M' 'M' 'M' 'M' 'M' 'A' 'M' 'M' 'M' 'M' 'M' 'M' 'M' 'M' 'M' 'M' 'M' 'U'
 'M' 'M' 'M' 'M' 'M' 'M' 'M' 'M' 'M' 'U' 'M' 'M' 'M' 'M' 'M' 'M' 'M' 'U'
 'M' 'M' 'M' 'M' 'M' 'M' 'M' 'M' 'M' 'M' 'M' 'M' 'M' 'U' 'M' 'M' 'M' 'M']"
460701,0,164,5,159,34,0,0,"['A' 'M' 'U' 'U' 'M' 'M' 'M' 'M' 'M' 'M' 'M' 'M' 'A' 'M' 'M' 'M' 'M' 'U'
 'M' 'M' 'M' 'U' 'M' 'M' 'M' 'U' 'U' 'M' 'M' 'M' 'M' 'M' 'M' 'M' 'M' 'M'
 'M' 'U' 'M' 'U' 'M' 'M' 'M' 'U' 'U' 'M' 'M' 'M' 'M' 'M' 'M' 'M' 'U' 'U'
 'U' 'M' 'M' 'M' 'M' 'M' 'M' 'M' 'M' 'M' 'M' 'M' 'U' 'M' 'M' 'M' 'M' 'M'
 'U' 'M' 'M' 'M' 'M' 'M' 'U' 'M' 'M' 'M' 'M' 'M' 'M' 'M' 'M' 'U' 'M' 'M'
 'M' 'M' 'M' 'M' 'U' 'U' 'M' 'M' 'M' 'M' 'M' 'U' 'M' 'M' 'M' 'M' 'U' 'M'
 'M' 'M' 'M' 'M' 'M' 'M' 'M' 'M' 'M' 'M' 'M' 'M' 'M' 'M' 'U' 'M' 'M' 'U'
 'M' 'M' 'M' 'M' 'M' 'A' 'U' 'U' 'U' 'U' 'U' 'A' 'U' 'M' 'M' 'M' 'M' 'M'
 'M' 'M' 'M' 'M' 'U' 'A' 'M' 'M' 'M' 'M' 'M' 'M' 'M' 'M' 'M' 'M' 'M' 'M'
 'M' 'M' 'M' 'M' 'M' 'M' 'M' 'M' 'M' 'U' 'M' 'M' 'U' 'M' 'M' 'M' 'M' 'U'
 'M' 'M' 'M' 'M' 'M' 'M' 'M' 'M' 'M' 'M' 'M' 'M' 'M' 'U' 'M' 'M' 'M' 'M']"
460801,0,162,5,157,36,0,0,"['A' 'M' 'U' 'U' 'M' 'M' 'M' 'M' 'M' 'M' 'M' 'M' 'A' 'U' 'M' 'M' 'M' 'U'
 'M' 'M' 'M' 'U' 'M' 'M' 'M' 'U' 'U' 'U' 'M' 'U' 'M' 'M' 'M' 'M' 'M' 'M'
 'M' 'U' 'M' 'M' 'M' 'M' 'M' 'U' 'U' 'U' 'M' 'M' 'M' 'M' 'M' 'M' 'M' 'U'
 'U' 'M' 'M' 'M' 'M' 'M' 'M' 'M' 'M' 'M' 'M' 'M' 'M' 'M' 'U' 'U' 'U' 'M'
 'M' 'U' 'M' 'M' 'M' 'M' 'M' 'M' 'M' 'M' 'M' 'M' 'U' 'M' 'M' 'M' 'M' 'M'
 'M' 'M' 'M' 'M' 'M' 'M' 'M' 'M' 'M' 'M' 'M' 'U' 'M' 'M' 'M' 'M' 'U' 'M'
 'M' 'M' 'M' 'M' 'M' 'M' 'M' 'M' 'M' 'M' 'U' 'M' 'M' 'M' 'U' 'M' 'U' 'U'
 'M' 'M' 'M' 'M' 'M' 'A' 'U' 'M' 'U' 'U' 'U' 'A' 'U' 'M' 'M' 'M' 'M' 'M'
 'M' 'M' 'M' 'M' 'U' 'A' 'M' 'M' 'M' 'M' 'M' 'M' 'M' 'M' 'M' 'M' 'M' 'M'
 'M' 'M' 'M' 'M' 'M' 'M' 'M' 'M' 'M' 'U' 'M' 'M' 'U' 'M' 'M' 'M' 'M' 'U'
 'M' 'M' 'M' 'M' 'M' 'M' 'M' 'M' 'M' 'M' 'M' 'M' 'M' 'U' 'M' 'M' 'M' 'M']"
460901,1,157,5,152,41,0,0,"['A' 'M' 'M' 'U' 'M' 'U' 'M' 'M' 'M' 'M' 'U' 'M' 'A' 'U' 'M' 'U' 'M' 'U'
 'M' 'M' 'M' 'M' 'M' 'M' 'M' 'U' 'U' 'U' 'M' 'U' 'M' 'M' 'M' 'M' 'M' 'M'
 'M' 'U' 'M' 'M' 'M' 'M' 'M' 'M' 'U' 'U' 'M' 'M' 'M' 'M' 'M' 'M' 'M' 'M'
 'U' 'M' 'M' 'M' 'M' 'U' 'M' 'M' 'M' 'M' 'M' 'U' 'M' 'U' 'M' 'U' 'M' 'M'
 'M' 'M' 'M' 'M' 'M' 'M' 'M' 'M' 'M' 'M' 'U' 'M' 'M' 'M' 'M' 'M' 'M' 'M'
 'M' 'M' 'M' 'U' 'M' 'M' 'M' 'M' 'M' 'M' 'U' 'U' 'M' 'M' 'M' 'M' 'U' 'M'
 'M' 'M' 'U' 'M' 'M' 'M' 'M' 'M' 'U' 'M' 'U' 'M' 'U' 'M' 'U' 'M' 'U' 'U'
 'M' 'M' 'M' 'M' 'M' 'A' 'U' 'U' 'U' 'U' 'U' 'A' 'U' 'M' 'M' 'U' 'M' 'M'
 'M' 'M' 'M' 'M' 'M' 'A' 'M' 'M' 'M' 'M' 'M' 'M' 'M' 'M' 'M' 'M' 'M' 'M'
 'M' 'M' 'M' 'M' 'M' 'M' 'M' 'M' 'M' 'U' 'M' 'M' 'U' 'M' 'M' 'M' 'M' 'U'
 'M' 'M' 'M' 'M' 'M' 'M' 'M' 'M' 'M' 'M' 'M' 'M' 'M' 'U' 'M' 'M' 'M' 'M']"
461001,0,154,5,149,44,0,0,"['A' 'M' 'M' 'U' 'M' 'U' 'M' 'M' 'M' 'M' 'U' 'M' 'U' 'M' 'M' 'U' 'M' 'U'
 'M' 'M' 'M' 'M' 'M' 'M' 'M' 'U' 'U' 'M' 'U' 'U' 'M' 'M' 'M' 'M' 'M' 'U'
 'M' 'M' 'M' 'M' 'M' 'M' 'M' 'M' 'U' 'U' 'M' 'M' 'M' 'M' 'M' 'M' 'M' 'U'
 'U' 'M' 'M' 'M' 'M' 'U' 'M' 'M' 'M' 'M' 'M' 'M' 'M' 'M' 'M' 'M' 'M' 'M'
 'M' 'M' 'M' 'M' 'M' 'U' 'M' 'M' 'M' 'M' 'M' 'M' 'M' 'M' 'M' 'U' 'M' 'U'
 'M' 'U' 'U' 'M' 'M' 'U' 'M' 'M' 'U' 'M' 'A' 'U' 'M' 'M' 'M' 'M' 'U' 'M'
 'M' 'M' 'U' 'M' 'M' 'M' 'M' 'M' 'U' 'M' 'U' 'M' 'M' 'M' 'U' 'M' 'U' 'U'
 'U' 'M' 'M' 'M' 'M' 'A' 'U' 'U' 'U' 'U' 'U' 'A' 'U' 'U' 'M' 'U' 'M' 'M'
 'M' 'M' 'M' 'M' 'M' 'A' 'M' 'M' 'M' 'M' 'M' 'M' 'M' 'M' 'M' 'M' 'M' 'M'
 'M' 'M' 'M' 'M' 'M' 'M' 'M' 'U' 'M' 'M' 'M' 'M' 'U' 'M' 'M' 'M' 'M' 'U'
 'M' 'M' 'M' 'M' 'M' 'M' 'M' 'M' 'M' 'M' 'M' 'M' 'M' 'U' 'M' 'M' 'M' 'M']"
461101,0,153,4,149,45,0,0,"['A' 'M' 'M' 'U' 'M' 'U' 'M' 'M' 'M' 'M' 'U' 'M' 'M' 'M' 'M' 'M' 'M' 'U'
 'M' 'M' 'M' 'M' 'M' 'M' 'M' 'U' 'U' 'M' 'U' 'U' 'M' 'M' 'M' 'M' 'M' 'U'
 'M' 'M' 'M' 'M' 'M' 'M' 'M' 'M' 'U' 'U' 'M' 'M' 'M' 'M' 'M' 'M' 'M' 'M'
 'A' 'M' 'M' 'M' 'M' 'M' 'M' 'M' 'M' 'M' 'M' 'M' 'M' 'M' 'M' 'M' 'M' 'M'
 'M' 'M' 'U' 'U' 'M' 'M' 'U' 'M' 'M' 'M' 'M' 'M' 'U' 'U' 'M' 'M' 'M' 'M'
 'M' 'M' 'M' 'M' 'M' 'U' 'M' 'M' 'U' 'M' 'U' 'U' 'M' 'M' 'M' 'M' 'U' 'M'
 'M' 'M' 'M' 'M' 'M' 'U' 'M' 'M' 'U' 'M' 'U' 'M' 'M' 'M' 'U' 'M' 'U' 'U'
 'U' 'M' 'M' 'M' 'M' 'A' 'M' 'U' 'U' 'U' 'U' 'A' 'U' 'U' 'M' 'U' 'M' 'M'
 'M' 'M' 'M' 'M' 'M' 'U' 'M' 'M' 'M' 'M' 'M' 'M' 'M' 'M' 'M' 'U' 'M' 'M'
 'M' 'U' 'M' 'M' 'M' 'M' 'M' 'U' 'M' 'M' 'M' 'M' 'U' 'M' 'M' 'M' 'M' 'U'
 'M' 'M' 'M' 'M' 'U' 'M' 'M' 'M' 'M' 'U' 'M' 'M' 'M' 'U' 'M' 'M' 'M' 'U']"
461201,0,153,6,147,45,0,1,"['A' 'M' 'M' 'U' 'M' 'U' 'M' 'U' 'M' 'M' 'U' 'M' 'M' 'M' 'M' 'M' 'M' 'U'
 'M' 'M' 'M' 'M' 'M' 'M' 'M' 'U' 'U' 'M' 'U' 'U' 'M' 'M' 'M' 'M' 'M' 'U'
 'M' 'M' 'M' 'M' 'M' 'M' 'M' 'M' 'M' 'U' 'M' 'M' 'M' 'M' 'M' 'M' 'M' 'M'
 'A' 'M' 'M' 'M' 'M' 'M' 'M' 'U' 'M' 'U' 'M' 'M' 'M' 'M' 'M' 'M' 'M' 'M'
 'M' 'M' 'U' 'U' 'M' 'U' 'M' 'M' 'M' 'M' 'M' 'M' 'M' 'M' 'U' 'M' 'M' 'U'
 'M' 'M' 'M' 'M' 'M' 'M' 'U' 'M' 'M' 'M' 'U' 'A' 'M' 'M' 'M' 'M' 'U' 'M'
 'M' 'M' 'M' 'U' 'M' 'U' 'M' 'M' 'U' 'M' 'U' 'M' 'U' 'M' 'U' 'M' 'U' 'U'
 'U' 'M' 'U' 'M' 'M' 'A' 'M' 'U' 'M' 'U' 'M' 'A' 'M' 'M' 'M' 'A' 'M' 'M'
 'M' 'M' 'M' 'U' 'M' 'U' 'M' 'M' 'M' 'M' 'M' 'M' 'M' 'M' 'M' 'U' 'M' 'M'
 'M' 'U' 'M' 'M' 'M' 'M' 'M' 'U' 'M' 'M' 'M' 'M' 'U' 'U' 'M' 'M' 'M' 'U'
 'M' 'M' 'M' 'M' 'U' 'M' 'M' 'M' 'M' 'M' 'M' 'M' 'M' 'U' 'U' 'M' 'M' 'U']"
461301,0,153,4,149,45,0,0,"['A' 'M' 'M' 'U' 'M' 'U' 'M' 'U' 'M' 'M' 'U' 'M' 'M' 'M' 'M' 'M' 'U' 'U'
 'M' 'M' 'M' 'M' 'M' 'M' 'M' 'M' 'M' 'U' 'U' 'U' 'M' 'M' 'M' 'M' 'M' 'U'
 'M' 'M' 'M' 'M' 'M' 'M' 'U' 'M' 'M' 'U' 'M' 'M' 'M' 'M' 'M' 'M' 'M' 'M'
 'U' 'M' 'M' 'M' 'M' 'M' 'M' 'M' 'M' 'U' 'M' 'M' 'M' 'M' 'M' 'U' 'M' 'M'
 'M' 'M' 'M' 'M' 'U' 'M' 'M' 'U' 'U' 'M' 'U' 'M' 'M' 'M' 'M' 'M' 'M' 'M'
 'M' 'M' 'M' 'M' 'M' 'M' 'U' 'M' 'M' 'M' 'U' 'A' 'M' 'M' 'M' 'M' 'U' 'M'
 'M' 'M' 'M' 'U' 'M' 'U' 'M' 'M' 'U' 'M' 'U' 'M' 'U' 'M' 'U' 'M' 'U' 'M'
 'U' 'M' 'U' 'M' 'M' 'A' 'M' 'M' 'M' 'U' 'M' 'A' 'M' 'M' 'M' 'U' 'M' 'U'
 'M' 'M' 'M' 'U' 'M' 'U' 'M' 'M' 'M' 'M' 'M' 'M' 'M' 'M' 'M' 'U' 'M' 'M'
 'M' 'U' 'M' 'M' 'M' 'M' 'M' 'U' 'M' 'M' 'M' 'M' 'U' 'U' 'M' 'M' 'M' 'M'
 'M' 'M' 'M' 'M' 'U' 'M' 'U' 'M' 'M' 'M' 'M' 'M' 'M' 'U' 'U' 'M' 'M' 'M']"
461401,0,156,6,150,42,0,0,"['A' 'M' 'M' 'U' 'M' 'U' 'M' 'U' 'M' 'M' 'U' 'M' 'M' 'M' 'M' 'M' 'M' 'A'
 'M' 'M' 'M' 'M' 'M' 'M' 'M' 'M' 'M' 'U' 'U' 'M' 'M' 'U' 'M' 'M' 'M' 'U'
 'M' 'M' 'M' 'M' 'M' 'M' 'U' 'M' 'M' 'U' 'M' 'M' 'M' 'M' 'M' 'M' 'M' 'M'
 'U' 'M' 'U' 'M' 'M' 'M' 'M' 'M' 'M' 'M' 'M' 'U' 'M' 'M' 'M' 'M' 'M' 'M'
 'M' 'M' 'M' 'M' 'M' 'M' 'U' 'U' 'M' 'M' 'M' 'M' 'M' 'M' 'M' 'M' 'M' 'U'
 'M' 'U' 'M' 'M' 'M' 'M' 'M' 'U' 'M' 'M' 'A' 'A' 'M' 'M' 'M' 'M' 'M' 'M'
 'M' 'M' 'M' 'M' 'M' 'U' 'M' 'M' 'U' 'M' 'U' 'M' 'U' 'M' 'U' 'M' 'U' 'U'
 'U' 'M' 'U' 'U' 'M' 'A' 'M' 'M' 'M' 'U' 'M' 'A' 'U' 'M' 'M' 'U' 'M' 'M'
 'U' 'M' 'M' 'U' 'M' 'U' 'M' 'M' 'M' 'M' 'M' 'M' 'M' 'M' 'M' 'U' 'U' 'M'
 'M' 'M' 'M' 'M' 'M' 'M' 'M' 'U' 'M' 'M' 'M' 'M' 'U' 'M' 'M' 'M' 'M' 'M'
 'M' 'M' 'M' 'M' 'U' 'U' 'U' 'M' 'M' 'U' 'M' 'M' 'M' 'M' 'M' 'M' 'M' 'M']"
461501,0,161,8,153,37,0,0,"['A' 'M' 'M' 'U' 'M' 'U' 'M' 'U' 'M' 'M' 'U' 'M' 'M' 'M' 'M' 'U' 'M' 'A'
 'M' 'M' 'M' 'M' 'M' 'M' 'M' 'M' 'M' 'U' 'U' 'A' 'M' 'M' 'M' 'M' 'M' 'U'
 'M' 'M' 'M' 'M' 'M' 'M' 'U' 'M' 'M' 'U' 'M' 'M' 'M' 'M' 'M' 'A' 'M' 'M'
 'U' 'M' 'M' 'M' 'M' 'M' 'M' 'M' 'M' 'M' 'M' 'M' 'M' 'U' 'M' 'M' 'M' 'U'
 'M' 'M' 'M' 'M' 'M' 'M' 'M' 'M' 'M' 'M' 'M' 'M' 'M' 'M' 'U' 'M' 'M' 'U'
 'M' 'M' 'U' 'M' 'M' 'M' 'M' 'M' 'M' 'M' 'A' 'U' 'M' 'M' 'M' 'M' 'M' 'M'
 'M' 'M' 'M' 'M' 'M' 'U' 'M' 'M' 'U' 'M' 'U' 'M' 'U' 'M' 'U' 'M' 'U' 'U'
 'U' 'M' 'M' 'M' 'M' 'A' 'M' 'M' 'M' 'M' 'M' 'A' 'U' 'M' 'M' 'M' 'M' 'M'
 'M' 'M' 'M' 'M' 'M' 'M' 'M' 'M' 'M' 'M' 'M' 'M' 'M' 'M' 'M' 'U' 'U' 'M'
 'M' 'M' 'U' 'M' 'M' 'M' 'M' 'U' 'M' 'M' 'M' 'U' 'U' 'M' 'M' 'M' 'U' 'M'
 'M' 'M' 'M' 'A' 'U' 'U' 'U' 'M' 'M' 'U' 'M' 'M' 'M' 'M' 'M' 'M' 'M' 'M']"
461601,0,159,9,150,39,0,0,"['A' 'M' 'M' 'U' 'M' 'U' 'M' 'U' 'M' 'M' 'M' 'M' 'M' 'M' 'M' 'U' 'M' 'A'
 'M' 'M' 'M' 'M' 'M' 'M' 'U' 'M' 'M' 'M' 'U' 'U' 'M' 'M' 'M' 'U' 'M' 'U'
 'M' 'M' 'M' 'M' 'U' 'M' 'U' 'M' 'U' 'U' 'M' 'M' 'M' 'M' 'M' 'A' 'M' 'M'
 'U' 'M' 'M' 'M' 'M' 'M' 'M' 'M' 'M' 'U' 'M' 'M' 'M' 'M' 'M' 'M' 'M' 'M'
 'M' 'M' 'M' 'M' 'U' 'M' 'M' 'M' 'M' 'U' 'M' 'M' 'M' 'M' 'U' 'U' 'M' 'M'
 'M' 'U' 'M' 'M' 'M' 'M' 'M' 'M' 'M' 'M' 'A' 'U' 'M' 'M' 'M' 'M' 'M' 'U'
 'M' 'M' 'M' 'M' 'M' 'U' 'M' 'M' 'M' 'M' 'M' 'M' 'M' 'M' 'U' 'M' 'M' 'M'
 'U' 'M' 'M' 'M' 'M' 'A' 'M' 'M' 'M' 'M' 'M' 'A' 'U' 'M' 'A' 'M' 'M' 'M'
 'M' 'U' 'U' 'M' 'M' 'M' 'M' 'M' 'M' 'M' 'U' 'U' 'M' 'M' 'M' 'M' 'A' 'M'
 'M' 'U' 'U' 'M' 'M' 'M' 'M' 'M' 'M' 'M' 'M' 'U' 'U' 'M' 'M' 'M' 'U' 'M'
 'M' 'M' 'M' 'A' 'U' 'U' 'U' 'M' 'M' 'M' 'M' 'M' 'M' 'M' 'M' 'U' 'M' 'M']"
461701,0,151,8,143,47,0,0,"['A' 'U' 'M' 'M' 'M' 'U' 'M' 'U' 'M' 'U' 'M' 'M' 'M' 'M' 'M' 'A' 'M' 'A'
 'U' 'M' 'M' 'M' 'M' 'M' 'U' 'M' 'M' 'M' 'U' 'U' 'M' 'M' 'M' 'U' 'M' 'U'
 'M' 'M' 'M' 'M' 'U' 'M' 'U' 'M' 'U' 'M' 'M' 'U' 'M' 'M' 'M' 'A' 'M' 'M'
 'U' 'M' 'M' 'M' 'M' 'M' 'M' 'M' 'M' 'U' 'M' 'M' 'M' 'M' 'M' 'M' 'U' 'M'
 'M' 'M' 'M' 'M' 'U' 'U' 'M' 'M' 'M' 'M' 'M' 'M' 'M' 'M' 'M' 'M' 'U' 'M'
 'M' 'M' 'M' 'M' 'U' 'M' 'M' 'M' 'M' 'M' 'U' 'U' 'M' 'M' 'M' 'M' 'M' 'U'
 'M' 'M' 'M' 'M' 'M' 'U' 'M' 'M' 'M' 'M' 'M' 'M' 'M' 'M' 'U' 'M' 'M' 'M'
 'U' 'M' 'M' 'M' 'M' 'A' 'U' 'U' 'U' 'U' 'U' 'A' 'U' 'M' 'A' 'M' 'M' 'M'
 'M' 'U' 'U' 'M' 'M' 'M' 'M' 'M' 'M' 'M' 'U' 'M' 'M' 'M' 'M' 'M' 'U' 'M'
 'M' 'U' 'M' 'U' 'M' 'M' 'M' 'M' 'M' 'M' 'U' 'U' 'U' 'M' 'M' 'M' 'U' 'M'
 'M' 'M' 'M' 'A' 'U' 'U' 'U' 'M' 'M' 'M' 'M' 'M' 'M' 'M' 'M' 'U' 'M' 'M']"
461801,0,161,5,156,37,0,1,"['A' 'M' 'M' 'M' 'U' 'U' 'M' 'U' 'M' 'M' 'M' 'M' 'M' 'M' 'M' 'A' 'M' 'A'
 'U' 'M' 'M' 'M' 'M' 'M' 'M' 'M' 'M' 'M' 'U' 'U' 'M' 'M' 'M' 'U' 'M' 'U'
 'M' 'M' 'M' 'M' 'M' 'M' 'U' 'M' 'U' 'M' 'M' 'M' 'M' 'M' 'M' 'U' 'M' 'M'
 'M' 'M' 'M' 'M' 'M' 'M' 'M' 'M' 'M' 'U' 'M' 'U' 'M' 'M' 'M' 'U' 'M' 'M'
 'M' 'M' 'U' 'M' 'M' 'M' 'U' 'M' 'M' 'M' 'M' 'M' 'U' 'M' 'M' 'M' 'M' 'M'
 'M' 'M' 'M' 'M' 'M' 'M' 'M' 'M' 'M' 'U' 'M' 'M' 'M' 'M' 'M' 'M' 'M' 'U'
 'M' 'M' 'M' 'M' 'M' 'U' 'M' 'M' 'M' 'M' 'M' 'M' 'M' 'M' 'U' 'M' 'M' 'M'
 'M' 'M' 'M' 'M' 'M' 'U' 'U' 'M' 'U' 'M' 'U' 'U' 'U' 'M' 'A' 'M' 'M' 'M'
 'M' 'M' 'U' 'M' 'M' 'M' 'M' 'M' 'M' 'M' 'U' 'M' 'M' 'M' 'M' 'M' 'U' 'M'
 'M' 'U' 'M' 'U' 'M' 'M' 'M' 'M' 'M' 'M' 'U' 'M' 'U' 'M' 'M' 'M' 'U' 'M'
 'M' 'M' 'M' 'A' 'M' 'M' 'U' 'M' 'M' 'M' 'M' 'M' 'M' 'M' 'M' 'U' 'M' 'M']"
461901,0,161,5,156,37,0,0,"['A' 'M' 'M' 'M' 'U' 'U' 'M' 'U' 'M' 'M' 'U' 'M' 'M' 'M' 'M' 'A' 'M' 'A'
 'U' 'M' 'M' 'M' 'M' 'M' 'M' 'M' 'M' 'M' 'U' 'U' 'M' 'M' 'M' 'U' 'M' 'U'
 'M' 'M' 'M' 'M' 'M' 'M' 'M' 'M' 'U' 'M' 'M' 'M' 'M' 'M' 'M' 'U' 'M' 'M'
 'M' 'M' 'M' 'M' 'M' 'M' 'M' 'M' 'U' 'U' 'M' 'M' 'U' 'U' 'M' 'M' 'M' 'U'
 'M' 'M' 'M' 'M' 'M' 'U' 'M' 'M' 'M' 'M' 'M' 'M' 'M' 'M' 'M' 'M' 'M' 'M'
 'M' 'M' 'U' 'M' 'M' 'M' 'M' 'M' 'M' 'M' 'M' 'M' 'M' 'M' 'M' 'U' 'M' 'U'
 'M' 'M' 'M' 'M' 'M' 'U' 'M' 'M' 'M' 'M' 'M' 'M' 'M' 'M' 'M' 'M' 'M' 'M'
 'M' 'M' 'M' 'M' 'M' 'M' 'U' 'U' 'U' 'U' 'M' 'U' 'U' 'M' 'A' 'M' 'M' 'U'
 'M' 'M' 'U' 'M' 'M' 'U' 'M' 'M' 'M' 'M' 'M' 'M' 'M' 'M' 'M' 'M' 'U' 'M'
 'M' 'U' 'M' 'U' 'M' 'M' 'M' 'M' 'M' 'M' 'U' 'M' 'U' 'M' 'M' 'M' 'U' 'M'
 'M' 'M' 'M' 'A' 'M' 'M' 'M' 'M' 'M' 'M' 'M' 'M' 'M' 'M' 'M' 'U' 'M' 'M']"
462001,0,165,5,160,33,0,0,"['A' 'M' 'M' 'M' 'U' 'U' 'M' 'U' 'M' 'M' 'M' 'U' 'M' 'M' 'M' 'U' 'M' 'A'
 'U' 'M' 'M' 'M' 'M' 'M' 'M' 'M' 'M' 'M' 'U' 'U' 'M' 'M' 'M' 'U' 'M' 'U'
 'M' 'M' 'M' 'M' 'M' 'M' 'M' 'M' 'M' 'M' 'M' 'M' 'M' 'U' 'M' 'U' 'M' 'M'
 'M' 'M' 'M' 'M' 'M' 'M' 'M' 'M' 'M' 'U' 'M' 'M' 'M' 'M' 'M' 'M' 'M' 'U'
 'M' 'M' 'M' 'M' 'M' 'U' 'M' 'U' 'M' 'U' 'M' 'M' 'M' 'M' 'M' 'M' 'M' 'M'
 'U' 'M' 'M' 'M' 'M' 'M' 'M' 'M' 'M' 'M' 'M' 'M' 'M' 'M' 'M' 'U' 'M' 'M'
 'M' 'M' 'M' 'M' 'M' 'M' 'M' 'M' 'M' 'M' 'M' 'M' 'M' 'M' 'M' 'M' 'M' 'M'
 'M' 'M' 'M' 'M' 'M' 'M' 'U' 'M' 'U' 'U' 'M' 'U' 'U' 'M' 'A' 'M' 'U' 'M'
 'M' 'M' 'U' 'M' 'M' 'M' 'M' 'M' 'M' 'M' 'M' 'M' 'M' 'M' 'M' 'M' 'U' 'M'
 'M' 'U' 'M' 'U' 'M' 'M' 'U' 'M' 'M' 'M' 'M' 'M' 'A' 'M' 'M' 'M' 'U' 'M'
 'M' 'M' 'M' 'A' 'M' 'M' 'M' 'M' 'M' 'M' 'M' 'M' 'M' 'M' 'M' 'U' 'M' 'U']"
462101,0,169,4,165,29,0,0,"['A' 'M' 'M' 'M' 'U' 'U' 'M' 'U' 'M' 'M' 'M' 'M' 'M' 'M' 'M' 'U' 'M' 'U'
 'U' 'M' 'M' 'M' 'M' 'M' 'M' 'M' 'M' 'M' 'U' 'U' 'M' 'M' 'M' 'U' 'M' 'U'
 'M' 'M' 'M' 'M' 'M' 'M' 'M' 'M' 'M' 'M' 'M' 'M' 'M' 'U' 'M' 'U' 'M' 'M'
 'M' 'M' 'M' 'M' 'M' 'M' 'M' 'M' 'M' 'U' 'M' 'M' 'M' 'M' 'M' 'M' 'M' 'M'
 'M' 'M' 'M' 'U' 'M' 'M' 'M' 'M' 'M' 'M' 'M' 'U' 'M' 'U' 'M' 'M' 'M' 'M'
 'M' 'U' 'M' 'M' 'U' 'M' 'M' 'M' 'M' 'M' 'M' 'M' 'M' 'M' 'M' 'M' 'M' 'M'
 'M' 'M' 'M' 'M' 'M' 'M' 'M' 'M' 'M' 'M' 'M' 'M' 'M' 'M' 'M' 'M' 'M' 'M'
 'M' 'M' 'M' 'M' 'M' 'M' 'U' 'M' 'M' 'U' 'M' 'U' 'U' 'M' 'A' 'M' 'U' 'M'
 'M' 'M' 'U' 'M' 'M' 'M' 'M' 'M' 'M' 'M' 'M' 'M' 'M' 'M' 'M' 'M' 'U' 'M'
 'M' 'U' 'M' 'U' 'M' 'M' 'U' 'M' 'M' 'M' 'M' 'M' 'A' 'M' 'M' 'M' 'M' 'M'
 'M' 'M' 'M' 'A' 'M' 'M' 'M' 'M' 'M' 'M' 'M' 'M' 'M' 'M' 'M' 'M' 'M' 'U']"
462201,0,167,5,162,31,0,0,"['A' 'M' 'M' 'M' 'A' 'U' 'M' 'M' 'M' 'M' 'M' 'M' 'M' 'M' 'U' 'M' 'M' 'U'
 'M' 'M' 'M' 'M' 'M' 'M' 'M' 'M' 'M' 'M' 'U' 'M' 'M' 'M' 'M' 'U' 'M' 'M'
 'M' 'M' 'M' 'M' 'M' 'M' 'U' 'M' 'M' 'M' 'M' 'M' 'M' 'U' 'M' 'U' 'M' 'M'
 'M' 'M' 'M' 'M' 'M' 'M' 'M' 'M' 'M' 'U' 'M' 'M' 'M' 'U' 'U' 'M' 'M' 'M'
 'M' 'U' 'M' 'M' 'M' 'M' 'M' 'M' 'M' 'M' 'M' 'M' 'M' 'M' 'M' 'M' 'M' 'M'
 'U' 'M' 'M' 'U' 'M' 'U' 'M' 'M' 'M' 'M' 'U' 'M' 'M' 'M' 'M' 'M' 'M' 'M'
 'M' 'M' 'M' 'M' 'M' 'M' 'M' 'M' 'M' 'M' 'M' 'M' 'M' 'M' 'M' 'M' 'U' 'M'
 'M' 'M' 'M' 'M' 'M' 'M' 'U' 'M' 'U' 'U' 'M' 'U' 'U' 'M' 'A' 'M' 'U' 'M'
 'M' 'M' 'U' 'M' 'M' 'M' 'M' 'M' 'M' 'U' 'M' 'M' 'M' 'M' 'M' 'M' 'U' 'M'
 'M' 'U' 'M' 'M' 'M' 'M' 'U' 'M' 'M' 'M' 'M' 'U' 'A' 'M' 'M' 'M' 'M' 'M'
 'U' 'M' 'M' 'A' 'M' 'M' 'M' 'M' 'M' 'M' 'M' 'M' 'M' 'M' 'M' 'M' 'M' 'U']"
462301,0,167,5,162,31,0,1,"['A' 'M' 'M' 'M' 'A' 'U' 'M' 'M' 'M' 'M' 'M' 'M' 'M' 'M' 'U' 'M' 'M' 'U'
 'M' 'M' 'M' 'M' 'M' 'M' 'M' 'M' 'M' 'M' 'M' 'M' 'M' 'M' 'U' 'U' 'M' 'M'
 'M' 'M' 'M' 'M' 'U' 'U' 'U' 'M' 'M' 'M' 'M' 'M' 'M' 'M' 'M' 'M' 'M' 'M'
 'M' 'M' 'M' 'M' 'M' 'M' 'M' 'M' 'M' 'M' 'M' 'U' 'M' 'U' 'M' 'M' 'M' 'M'
 'M' 'M' 'M' 'U' 'M' 'M' 'M' 'M' 'M' 'U' 'M' 'U' 'M' 'M' 'M' 'M' 'M' 'M'
 'M' 'M' 'M' 'M' 'M' 'U' 'U' 'M' 'M' 'M' 'M' 'M' 'M' 'M' 'M' 'M' 'M' 'M'
 'M' 'M' 'M' 'M' 'M' 'M' 'M' 'M' 'M' 'M' 'M' 'M' 'M' 'M' 'M' 'M' 'U' 'M'
 'M' 'M' 'M' 'M' 'M' 'M' 'U' 'M' 'M' 'U' 'M' 'U' 'U' 'M' 'A' 'M' 'M' 'M'
 'M' 'M' 'M' 'M' 'M' 'M' 'M' 'M' 'M' 'U' 'M' 'M' 'M' 'M' 'M' 'M' 'U' 'M'
 'U' 'A' 'M' 'M' 'U' 'M' 'U' 'M' 'M' 'M' 'M' 'U' 'A' 'M' 'U' 'M' 'M' 'M'
 'U' 'M' 'U' 'U' 'M' 'M' 'M' 'M' 'M' 'M' 'M' 'M' 'M' 'M' 'U' 'M' 'M' 'M']"
462401,0,163,5,158,35,0,0,"['A' 'M' 'M' 'U' 'A' 'M' 'M' 'M' 'M' 'M' 'M' 'M' 'M' 'M' 'U' 'M' 'M' 'U'
 'M' 'M' 'M' 'M' 'M' 'M' 'M' 'M' 'M' 'M' 'M' 'M' 'M' 'M' 'U' 'U' 'M' 'M'
 'M' 'M' 'U' 'M' 'U' 'U' 'U' 'M' 'M' 'M' 'M' 'M' 'M' 'M' 'M' 'M' 'U' 'M'
 'M' 'M' 'M' 'M' 'M' 'M' 'M' 'M' 'M' 'M' 'M' 'U' 'M' 'U' 'M' 'M' 'M' 'M'
 'M' 'M' 'M' 'M' 'U' 'M' 'M' 'U' 'M' 'M' 'M' 'M' 'M' 'M' 'M' 'M' 'M' 'M'
 'M' 'M' 'M' 'U' 'M' 'U' 'M' 'M' 'M' 'M' 'M' 'M' 'M' 'M' 'M' 'M' 'M' 'M'
 'M' 'M' 'M' 'M' 'M' 'M' 'M' 'M' 'M' 'M' 'M' 'M' 'M' 'M' 'M' 'M' 'U' 'M'
 'M' 'M' 'M' 'M' 'M' 'M' 'U' 'M' 'M' 'U' 'M' 'U' 'U' 'M' 'A' 'M' 'M' 'U'
 'M' 'M' 'M' 'M' 'M' 'M' 'M' 'M' 'M' 'U' 'M' 'M' 'M' 'M' 'M' 'M' 'M' 'M'
 'U' 'A' 'M' 'M' 'U' 'M' 'U' 'M' 'M' 'M' 'U' 'U' 'A' 'M' 'U' 'M' 'U' 'M'
 'U' 'U' 'U' 'U' 'M' 'M' 'M' 'M' 'M' 'M' 'M' 'M' 'M' 'M' 'U' 'M' 'M' 'M']"
462501,0,162,4,158,36,0,0,"['A' 'M' 'M' 'U' 'U' 'M' 'M' 'M' 'M' 'M' 'M' 'M' 'M' 'M' 'M' 'M' 'M' 'U'
 'M' 'M' 'M' 'M' 'M' 'M' 'M' 'M' 'M' 'M' 'U' 'M' 'M' 'M' 'M' 'M' 'M' 'M'
 'M' 'M' 'U' 'M' 'U' 'M' 'M' 'U' 'U' 'M' 'M' 'M' 'M' 'U' 'M' 'M' 'U' 'M'
 'M' 'M' 'M' 'M' 'M' 'M' 'M' 'M' 'M' 'M' 'M' 'M' 'M' 'M' 'M' 'M' 'M' 'M'
 'U' 'M' 'U' 'M' 'M' 'U' 'M' 'M' 'U' 'M' 'M' 'U' 'M' 'M' 'M' 'M' 'M' 'M'
 'M' 'M' 'M' 'M' 'M' 'U' 'M' 'M' 'M' 'M' 'M' 'M' 'M' 'U' 'M' 'M' 'M' 'M'
 'M' 'M' 'M' 'U' 'M' 'M' 'U' 'M' 'M' 'M' 'M' 'M' 'M' 'M' 'M' 'M' 'M' 'M'
 'M' 'M' 'M' 'M' 'M' 'M' 'U' 'M' 'M' 'U' 'M' 'U' 'U' 'M' 'A' 'M' 'M' 'U'
 'M' 'M' 'M' 'M' 'M' 'M' 'M' 'M' 'M' 'U' 'M' 'M' 'M' 'M' 'U' 'M' 'M' 'M'
 'U' 'M' 'M' 'M' 'U' 'M' 'U' 'M' 'M' 'M' 'M' 'U' 'A' 'U' 'U' 'M' 'U' 'M'
 'U' 'U' 'M' 'A' 'M' 'M' 'M' 'M' 'M' 'M' 'M' 'M' 'M' 'M' 'U' 'M' 'M' 'M']"
462601,0,164,5,159,34,0,0,"['A' 'M' 'M' 'U' 'U' 'M' 'M' 'M' 'M' 'M' 'M' 'M' 'M' 'M' 'M' 'M' 'M' 'U'
 'M' 'M' 'M' 'M' 'M' 'M' 'M' 'M' 'M' 'M' 'U' 'M' 'M' 'M' 'M' 'M' 'M' 'M'
 'M' 'M' 'A' 'M' 'U' 'M' 'M' 'U' 'U' 'M' 'M' 'M' 'M' 'U' 'M' 'M' 'M' 'M'
 'M' 'M' 'M' 'M' 'M' 'M' 'M' 'M' 'M' 'M' 'M' 'M' 'M' 'M' 'M' 'U' 'M' 'M'
 'M' 'M' 'M' 'M' 'M' 'U' 'M' 'M' 'M' 'M' 'M' 'M' 'M' 'M' 'M' 'M' 'M' 'U'
 'M' 'M' 'U' 'M' 'U' 'A' 'M' 'M' 'M' 'M' 'M' 'M' 'M' 'U' 'M' 'U' 'M' 'M'
 'M' 'M' 'M' 'U' 'M' 'M' 'M' 'M' 'M' 'M' 'M' 'M' 'M' 'M' 'M' 'M' 'M' 'M'
 'M' 'M' 'M' 'M' 'M' 'M' 'U' 'M' 'M' 'U' 'M' 'U' 'U' 'M' 'U' 'M' 'M' 'U'
 'M' 'M' 'M' 'M' 'M' 'M' 'M' 'M' 'M' 'U' 'M' 'M' 'M' 'M' 'U' 'M' 'M' 'M'
 'U' 'M' 'U' 'M' 'U' 'M' 'M' 'M' 'M' 'M' 'M' 'U' 'A' 'U' 'U' 'M' 'U' 'M'
 'M' 'U' 'M' 'A' 'M' 'M' 'M' 'M' 'M' 'M' 'M' 'M' 'M' 'M' 'U' 'M' 'U' 'M']"
462701,0,170,4,166,28,0,0,"['A' 'M' 'M' 'M' 'U' 'M' 'M' 'M' 'M' 'M' 'M' 'M' 'M' 'M' 'M' 'M' 'M' 'U'
 'M' 'M' 'M' 'M' 'M' 'M' 'M' 'M' 'M' 'M' 'M' 'M' 'M' 'M' 'M' 'M' 'M' 'M'
 'M' 'M' 'A' 'M' 'M' 'M' 'M' 'U' 'U' 'M' 'M' 'M' 'M' 'M' 'M' 'M' 'M' 'M'
 'M' 'M' 'M' 'M' 'M' 'M' 'M' 'M' 'M' 'M' 'M' 'M' 'U' 'M' 'M' 'M' 'U' 'M'
 'M' 'M' 'M' 'M' 'M' 'M' 'M' 'M' 'M' 'U' 'M' 'M' 'U' 'M' 'U' 'M' 'M' 'M'
 'M' 'M' 'M' 'M' 'M' 'U' 'M' 'M' 'M' 'M' 'M' 'M' 'M' 'U' 'M' 'U' 'M' 'M'
 'M' 'M' 'M' 'M' 'M' 'M' 'M' 'M' 'M' 'M' 'M' 'M' 'M' 'M' 'M' 'M' 'M' 'M'
 'M' 'M' 'M' 'M' 'M' 'M' 'U' 'M' 'M' 'U' 'M' 'M' 'M' 'M' 'A' 'U' 'M' 'U'
 'M' 'M' 'M' 'M' 'M' 'M' 'M' 'M' 'M' 'U' 'M' 'U' 'M' 'M' 'U' 'M' 'M' 'M'
 'U' 'M' 'U' 'M' 'U' 'M' 'M' 'M' 'M' 'M' 'M' 'U' 'A' 'U' 'U' 'M' 'U' 'M'
 'M' 'M' 'M' 'U' 'M' 'M' 'M' 'M' 'M' 'M' 'M' 'M' 'M' 'M' 'U' 'M' 'M' 'M']"
462801,0,165,4,161,33,0,0,"['A' 'M' 'M' 'M' 'U' 'U' 'M' 'M' 'M' 'M' 'M' 'M' 'M' 'M' 'M' 'M' 'M' 'U'
 'M' 'M' 'M' 'M' 'M' 'M' 'M' 'U' 'M' 'M' 'U' 'M' 'M' 'M' 'M' 'M' 'M' 'M'
 'U' 'M' 'A' 'M' 'M' 'M' 'M' 'U' 'U' 'M' 'M' 'M' 'M' 'M' 'M' 'M' 'M' 'M'
 'M' 'M' 'M' 'M' 'M' 'M' 'M' 'M' 'M' 'M' 'M' 'M' 'M' 'M' 'M' 'M' 'M' 'M'
 'M' 'M' 'M' 'M' 'U' 'U' 'M' 'M' 'M' 'U' 'M' 'M' 'M' 'M' 'M' 'U' 'M' 'U'
 'M' 'M' 'M' 'M' 'M' 'U' 'M' 'M' 'U' 'M' 'M' 'M' 'M' 'U' 'M' 'U' 'M' 'M'
 'M' 'M' 'M' 'M' 'U' 'M' 'M' 'M' 'M' 'M' 'M' 'M' 'M' 'M' 'M' 'M' 'M' 'M'
 'M' 'M' 'M' 'M' 'M' 'M' 'M' 'M' 'M' 'U' 'M' 'M' 'M' 'M' 'U' 'M' 'M' 'U'
 'M' 'M' 'M' 'M' 'M' 'U' 'M' 'M' 'M' 'U' 'M' 'U' 'M' 'M' 'U' 'M' 'M' 'M'
 'U' 'M' 'U' 'M' 'M' 'M' 'M' 'M' 'M' 'U' 'M' 'U' 'A' 'M' 'U' 'M' 'A' 'U'
 'M' 'M' 'M' 'U' 'M' 'M' 'M' 'M' 'M' 'M' 'M' 'M' 'M' 'M' 'U' 'M' 'M' 'M']"
462901,0,166,3,163,32,1,0,"['A' 'M' 'M' 'M' 'U' 'U' 'M' 'M' 'U' 'M' 'U' 'M' 'M' 'M' 'M' 'M' 'M' 'U'
 'M' 'M' 'M' 'M' 'M' 'M' 'M' 'M' 'M' 'M' 'M' 'M' 'M' 'M' 'M' 'M' 'M' 'M'
 'U' 'M' 'A' 'M' 'M' 'M' 'M' 'M' 'U' 'M' 'M' 'M' 'M' 'U' 'M' 'M' 'M' 'M'
 'M' 'M' 'M' 'M' 'M' 'M' 'M' 'M' 'M' 'M' 'M' 'M' 'U' 'M' 'M' 'M' 'M' 'M'
 'M' 'M' 'M' 'M' 'M' 'M' 'M' 'M' 'U' 'M' 'U' 'U' 'U' 'M' 'M' 'M' 'M' 'M'
 'M' 'M' 'M' 'M' 'M' 'U' 'M' 'M' 'M' 'M' 'M' 'M' 'M' 'U' 'M' 'U' 'M' 'M'
 'M' 'M' 'M' 'M' 'M' 'M' 'M' 'M' 'M' 'M' 'M' 'M' 'M' 'M' 'M' 'M' 'M' 'M'
 'M' 'M' 'M' 'M' 'M' 'M' 'M' 'M' 'M' 'U' 'M' 'M' 'M' 'M' 'M' 'M' 'U' 'U'
 'M' 'M' 'M' 'M' 'M' 'U' 'M' 'M' 'M' 'U' 'M' 'M' 'M' 'M' 'U' 'M' 'M' 'M'
 'U' 'M' 'U' 'M' 'M' 'M' 'M' 'M' 'M' 'U' 'M' 'U' 'A' 'M' 'U' 'M' 'M' 'U'
 'M' 'M' 'M' 'U' 'M' 'M' 'M' 'M' 'U' 'M' 'M' 'U' 'M' 'M' 'U' 'M' 'M' 'M']"
463001,0,161,4,157,37,0,0,"['A' 'M' 'M' 'M' 'M' 'U' 'M' 'M' 'U' 'M' 'U' 'M' 'M' 'M' 'M' 'M' 'M' 'U'
 'M' 'M' 'M' 'M' 'M' 'M' 'M' 'M' 'M' 'M' 'U' 'M' 'M' 'M' 'M' 'M' 'M' 'M'
 'U' 'M' 'A' 'M' 'M' 'M' 'M' 'M' 'U' 'M' 'M' 'M' 'M' 'U' 'U' 'M' 'M' 'M'
 'M' 'M' 'M' 'M' 'M' 'M' 'M' 'M' 'M' 'M' 'M' 'M' 'M' 'M' 'M' 'M' 'M' 'M'
 'M' 'M' 'M' 'M' 'M' 'U' 'U' 'M' 'M' 'U' 'M' 'U' 'M' 'M' 'U' 'M' 'M' 'M'
 'M' 'M' 'M' 'M' 'M' 'U' 'M' 'M' 'U' 'M' 'M' 'M' 'M' 'U' 'M' 'U' 'M' 'M'
 'M' 'M' 'M' 'M' 'M' 'M' 'M' 'M' 'M' 'U' 'M' 'M' 'U' 'M' 'M' 'M' 'M' 'M'
 'M' 'M' 'M' 'U' 'M' 'M' 'U' 'U' 'U' 'U' 'U' 'A' 'U' 'M' 'M' 'M' 'U' 'U'
 'M' 'M' 'M' 'M' 'M' 'U' 'M' 'M' 'M' 'M' 'M' 'M' 'M' 'M' 'U' 'M' 'M' 'M'
 'M' 'M' 'U' 'M' 'M' 'M' 'M' 'M' 'M' 'M' 'M' 'U' 'U' 'M' 'M' 'M' 'M' 'U'
 'M' 'M' 'M' 'A' 'M' 'M' 'M' 'M' 'U' 'M' 'M' 'U' 'M' 'M' 'M' 'M' 'M' 'M']"
463101,1,159,3,156,39,0,0,"['A' 'M' 'M' 'M' 'M' 'U' 'M' 'M' 'U' 'M' 'U' 'M' 'M' 'M' 'M' 'M' 'M' 'M'
 'U' 'M' 'M' 'M' 'M' 'M' 'M' 'M' 'M' 'M' 'U' 'M' 'M' 'M' 'M' 'M' 'M' 'M'
 'U' 'M' 'U' 'M' 'M' 'M' 'M' 'M' 'U' 'M' 'M' 'M' 'M' 'U' 'U' 'M' 'M' 'M'
 'U' 'M' 'M' 'M' 'M' 'M' 'M' 'M' 'M' 'M' 'M' 'M' 'M' 'M' 'M' 'M' 'M' 'M'
 'M' 'U' 'M' 'M' 'M' 'M' 'M' 'M' 'M' 'M' 'U' 'U' 'M' 'M' 'M' 'M' 'M' 'M'
 'U' 'M' 'U' 'M' 'M' 'M' 'M' 'M' 'U' 'M' 'M' 'M' 'M' 'U' 'M' 'M' 'M' 'M'
 'M' 'M' 'M' 'U' 'M' 'M' 'M' 'M' 'U' 'M' 'M' 'M' 'U' 'M' 'M' 'M' 'M' 'M'
 'M' 'U' 'M' 'U' 'M' 'M' 'U' 'M' 'U' 'U' 'U' 'A' 'U' 'M' 'M' 'M' 'M' 'U'
 'M' 'M' 'M' 'M' 'M' 'U' 'M' 'M' 'M' 'M' 'M' 'M' 'M' 'M' 'U' 'M' 'M' 'M'
 'M' 'M' 'U' 'M' 'M' 'M' 'M' 'M' 'M' 'M' 'M' 'U' 'M' 'M' 'M' 'M' 'M' 'U'
 'M' 'U' 'M' 'A' 'M' 'M' 'M' 'M' 'U' 'U' 'U' 'M' 'M' 'M' 'M' 'U' 'M' 'M']"
463201,0,156,3,153,42,0,0,"['A' 'M' 'M' 'M' 'M' 'U' 'M' 'M' 'U' 'M' 'U' 'M' 'M' 'M' 'M' 'U' 'M' 'M'
 'U' 'M' 'M' 'M' 'M' 'M' 'M' 'M' 'M' 'M' 'M' 'M' 'M' 'M' 'M' 'M' 'M' 'M'
 'U' 'M' 'U' 'U' 'M' 'M' 'M' 'M' 'U' 'M' 'M' 'M' 'M' 'U' 'U' 'M' 'M' 'M'
 'U' 'M' 'M' 'M' 'M' 'M' 'M' 'M' 'M' 'M' 'M' 'M' 'M' 'M' 'M' 'M' 'U' 'M'
 'M' 'U' 'M' 'M' 'M' 'M' 'U' 'M' 'M' 'U' 'M' 'M' 'M' 'M' 'M' 'M' 'U' 'M'
 'M' 'M' 'M' 'M' 'M' 'M' 'M' 'M' 'U' 'M' 'M' 'M' 'M' 'U' 'M' 'M' 'M' 'M'
 'M' 'M' 'M' 'M' 'M' 'M' 'M' 'M' 'U' 'M' 'M' 'M' 'M' 'M' 'M' 'M' 'M' 'U'
 'M' 'U' 'M' 'U' 'M' 'U' 'U' 'U' 'U' 'U' 'U' 'A' 'U' 'M' 'M' 'M' 'M' 'U'
 'M' 'M' 'M' 'M' 'M' 'M' 'M' 'M' 'M' 'M' 'M' 'M' 'M' 'M' 'U' 'M' 'M' 'M'
 'M' 'M' 'U' 'M' 'M' 'M' 'M' 'U' 'M' 'M' 'M' 'U' 'U' 'M' 'M' 'M' 'M' 'U'
 'U' 'M' 'M' 'U' 'M' 'M' 'M' 'M' 'U' 'U' 'A' 'M' 'M' 'M' 'M' 'U' 'M' 'M']"
463301,0,157,3,154,41,0,0,"['A' 'M' 'M' 'M' 'M' 'M' 'M' 'U' 'U' 'M' 'U' 'M' 'M' 'M' 'M' 'M' 'M' 'M'
 'M' 'M' 'M' 'M' 'M' 'M' 'M' 'M' 'M' 'M' 'M' 'M' 'M' 'M' 'M' 'M' 'M' 'M'
 'U' 'M' 'U' 'U' 'M' 'M' 'M' 'M' 'U' 'M' 'M' 'M' 'M' 'M' 'U' 'M' 'M' 'M'
 'U' 'M' 'M' 'M' 'M' 'M' 'M' 'M' 'U' 'M' 'M' 'M' 'U' 'M' 'M' 'M' 'M' 'M'
 'U' 'M' 'M' 'M' 'M' 'M' 'M' 'M' 'U' 'M' 'M' 'M' 'U' 'M' 'M' 'U' 'M' 'M'
 'M' 'M' 'M' 'M' 'M' 'M' 'M' 'M' 'U' 'M' 'M' 'M' 'M' 'U' 'M' 'M' 'M' 'M'
 'M' 'M' 'M' 'M' 'M' 'M' 'U' 'M' 'U' 'M' 'U' 'M' 'M' 'M' 'M' 'M' 'M' 'U'
 'M' 'U' 'U' 'U' 'M' 'M' 'M' 'U' 'A' 'U' 'M' 'A' 'U' 'M' 'M' 'U' 'M' 'U'
 'M' 'M' 'M' 'M' 'M' 'M' 'M' 'M' 'M' 'M' 'M' 'M' 'M' 'M' 'U' 'M' 'M' 'M'
 'M' 'M' 'U' 'M' 'M' 'M' 'M' 'U' 'M' 'U' 'M' 'U' 'U' 'M' 'M' 'M' 'M' 'U'
 'M' 'M' 'M' 'U' 'M' 'M' 'M' 'M' 'U' 'U' 'U' 'M' 'M' 'M' 'M' 'U' 'M' 'M']"
463401,0,159,2,157,39,0,0,"['A' 'M' 'M' 'M' 'M' 'M' 'M' 'M' 'U' 'M' 'U' 'M' 'M' 'M' 'M' 'M' 'M' 'M'
 'M' 'M' 'M' 'M' 'M' 'M' 'M' 'M' 'M' 'M' 'M' 'M' 'M' 'M' 'M' 'U' 'M' 'M'
 'M' 'M' 'U' 'U' 'M' 'M' 'M' 'M' 'U' 'U' 'M' 'M' 'M' 'M' 'U' 'M' 'M' 'M'
 'U' 'M' 'M' 'M' 'M' 'M' 'M' 'M' 'U' 'M' 'M' 'M' 'M' 'M' 'M' 'M' 'M' 'M'
 'M' 'M' 'M' 'M' 'M' 'M' 'M' 'M' 'U' 'M' 'M' 'M' 'M' 'M' 'M' 'U' 'M' 'U'
 'U' 'M' 'M' 'M' 'U' 'M' 'M' 'M' 'U' 'M' 'M' 'M' 'M' 'U' 'M' 'M' 'M' 'U'
 'M' 'M' 'M' 'M' 'M' 'M' 'M' 'M' 'U' 'M' 'M' 'M' 'M' 'M' 'M' 'M' 'M' 'M'
 'M' 'U' 'U' 'U' 'M' 'U' 'M' 'U' 'U' 'U' 'U' 'A' 'U' 'M' 'M' 'M' 'U' 'M'
 'M' 'M' 'M' 'M' 'U' 'M' 'M' 'M' 'M' 'M' 'M' 'M' 'M' 'M' 'U' 'M' 'M' 'M'
 'M' 'M' 'U' 'M' 'M' 'M' 'M' 'M' 'M' 'U' 'M' 'U' 'U' 'U' 'M' 'M' 'M' 'M'
 'M' 'M' 'M' 'M' 'M' 'M' 'M' 'M' 'U' 'U' 'M' 'M' 'M' 'M' 'M' 'U' 'M' 'M']"
463501,0,159,1,158,39,0,0,"['A' 'M' 'M' 'M' 'M' 'M' 'M' 'U' 'U' 'M' 'U' 'M' 'U' 'M' 'M' 'M' 'M' 'M'
 'M' 'M' 'M' 'M' 'M' 'M' 'M' 'M' 'M' 'M' 'U' 'M' 'M' 'M' 'M' 'U' 'U' 'M'
 'M' 'M' 'U' 'M' 'M' 'M' 'U' 'M' 'U' 'U' 'M' 'M' 'M' 'M' 'U' 'M' 'M' 'M'
 'U' 'M' 'M' 'M' 'M' 'M' 'M' 'M' 'U' 'M' 'M' 'M' 'M' 'M' 'U' 'M' 'M' 'M'
 'U' 'M' 'M' 'U' 'M' 'M' 'M' 'M' 'M' 'U' 'M' 'M' 'M' 'M' 'U' 'M' 'M' 'M'
 'M' 'M' 'M' 'M' 'M' 'M' 'M' 'M' 'M' 'M' 'M' 'M' 'M' 'U' 'M' 'M' 'M' 'M'
 'M' 'M' 'M' 'M' 'M' 'M' 'M' 'M' 'U' 'M' 'M' 'M' 'M' 'M' 'M' 'M' 'M' 'M'
 'M' 'U' 'U' 'M' 'M' 'U' 'U' 'U' 'M' 'U' 'M' 'U' 'U' 'M' 'M' 'M' 'U' 'M'
 'M' 'M' 'M' 'M' 'U' 'M' 'M' 'M' 'M' 'M' 'M' 'M' 'M' 'M' 'M' 'M' 'M' 'M'
 'M' 'M' 'U' 'M' 'M' 'M' 'M' 'M' 'M' 'U' 'M' 'M' 'U' 'U' 'M' 'M' 'M' 'M'
 'M' 'M' 'M' 'M' 'M' 'M' 'U' 'M' 'M' 'U' 'M' 'M' 'M' 'M' 'U' 'U' 'M' 'M']"
463601,0,165,4,161,33,0,0,"['A' 'M' 'M' 'M' 'M' 'M' 'M' 'U' 'A' 'M' 'U' 'M' 'M' 'M' 'M' 'M' 'M' 'M'
 'M' 'M' 'M' 'M' 'M' 'M' 'M' 'M' 'M' 'M' 'U' 'M' 'M' 'M' 'M' 'U' 'U' 'M'
 'M' 'M' 'M' 'M' 'M' 'M' 'M' 'M' 'U' 'U' 'M' 'M' 'M' 'M' 'U' 'M' 'M' 'M'
 'M' 'M' 'M' 'M' 'M' 'M' 'M' 'M' 'U' 'M' 'M' 'M' 'U' 'M' 'M' 'M' 'M' 'U'
 'M' 'M' 'M' 'M' 'M' 'M' 'M' 'M' 'M' 'M' 'M' 'M' 'M' 'M' 'U' 'M' 'M' 'M'
 'U' 'M' 'M' 'U' 'M' 'M' 'M' 'M' 'M' 'M' 'M' 'M' 'M' 'U' 'M' 'M' 'M' 'M'
 'M' 'M' 'M' 'M' 'M' 'M' 'M' 'M' 'M' 'M' 'M' 'M' 'M' 'M' 'M' 'M' 'M' 'M'
 'M' 'A' 'U' 'M' 'M' 'U' 'U' 'U' 'M' 'U' 'M' 'U' 'U' 'M' 'U' 'M' 'U' 'M'
 'M' 'M' 'M' 'M' 'U' 'M' 'M' 'M' 'U' 'M' 'M' 'M' 'M' 'M' 'M' 'M' 'U' 'M'
 'M' 'M' 'U' 'M' 'M' 'M' 'M' 'M' 'M' 'M' 'M' 'M' 'A' 'U' 'M' 'M' 'M' 'M'
 'M' 'M' 'M' 'M' 'M' 'M' 'U' 'M' 'M' 'U' 'M' 'M' 'M' 'M' 'U' 'U' 'M' 'M']"
463701,0,162,4,158,36,0,0,"['A' 'M' 'M' 'M' 'M' 'M' 'M' 'U' 'U' 'U' 'M' 'M' 'M' 'M' 'M' 'U' 'M' 'M'
 'M' 'M' 'M' 'M' 'M' 'M' 'M' 'M' 'M' 'M' 'U' 'M' 'M' 'M' 'M' 'M' 'U' 'M'
 'M' 'U' 'M' 'M' 'M' 'M' 'M' 'M' 'M' 'U' 'M' 'M' 'U' 'M' 'U' 'M' 'M' 'M'
 'M' 'M' 'M' 'M' 'M' 'M' 'M' 'M' 'U' 'M' 'M' 'M' 'M' 'U' 'M' 'U' 'M' 'M'
 'M' 'M' 'M' 'M' 'M' 'M' 'U' 'M' 'M' 'M' 'M' 'M' 'M' 'U' 'M' 'M' 'M' 'M'
 'M' 'M' 'M' 'M' 'U' 'M' 'M' 'U' 'M' 'U' 'M' 'M' 'M' 'U' 'M' 'M' 'M' 'M'
 'M' 'M' 'M' 'M' 'M' 'M' 'M' 'M' 'M' 'M' 'M' 'M' 'M' 'M' 'M' 'M' 'M' 'M'
 'M' 'A' 'U' 'M' 'M' 'U' 'U' 'U' 'M' 'A' 'M' 'U' 'U' 'M' 'U' 'M' 'U' 'M'
 'U' 'M' 'M' 'M' 'U' 'M' 'M' 'M' 'M' 'M' 'M' 'M' 'M' 'M' 'M' 'M' 'U' 'M'
 'M' 'M' 'U' 'M' 'M' 'M' 'M' 'M' 'M' 'M' 'M' 'M' 'A' 'U' 'M' 'M' 'M' 'M'
 'M' 'M' 'M' 'M' 'M' 'M' 'U' 'M' 'M' 'U' 'M' 'M' 'M' 'M' 'U' 'U' 'M' 'M']"
463801,0,164,3,161,34,1,0,"['A' 'U' 'M' 'M' 'M' 'M' 'M' 'U' 'U' 'M' 'M' 'M' 'M' 'M' 'M' 'U' 'M' 'M'
 'M' 'U' 'M' 'M' 'M' 'M' 'M' 'M' 'M' 'M' 'M' 'M' 'M' 'M' 'M' 'M' 'M' 'M'
 'M' 'U' 'M' 'M' 'M' 'M' 'M' 'M' 'M' 'M' 'M' 'M' 'M' 'M' 'U' 'M' 'M' 'M'
 'M' 'U' 'M' 'M' 'M' 'M' 'U' 'M' 'M' 'M' 'M' 'M' 'M' 'M' 'M' 'M' 'M' 'M'
 'M' 'M' 'U' 'U' 'U' 'M' 'M' 'M' 'M' 'M' 'M' 'M' 'M' 'U' 'M' 'U' 'M' 'M'
 'M' 'M' 'M' 'M' 'M' 'M' 'M' 'M' 'U' 'M' 'M' 'M' 'U' 'U' 'M' 'M' 'M' 'M'
 'M' 'M' 'M' 'M' 'M' 'M' 'M' 'M' 'M' 'M' 'M' 'M' 'M' 'M' 'M' 'M' 'M' 'M'
 'M' 'A' 'U' 'M' 'M' 'U' 'U' 'M' 'M' 'A' 'M' 'U' 'U' 'M' 'U' 'M' 'U' 'M'
 'U' 'M' 'M' 'M' 'U' 'U' 'M' 'M' 'U' 'M' 'M' 'M' 'M' 'M' 'M' 'M' 'U' 'M'
 'M' 'M' 'M' 'M' 'M' 'M' 'M' 'M' 'M' 'M' 'M' 'M' 'U' 'U' 'M' 'M' 'M' 'M'
 'M' 'M' 'M' 'M' 'M' 'M' 'U' 'M' 'M' 'U' 'M' 'M' 'M' 'M' 'U' 'M' 'M' 'M']"
463901,0,169,2,167,29,0,0,"['A' 'U' 'M' 'M' 'M' 'M' 'M' 'U' 'M' 'M' 'M' 'M' 'M' 'M' 'M' 'U' 'M' 'M'
 'M' 'U' 'M' 'M' 'M' 'M' 'M' 'M' 'M' 'M' 'M' 'M' 'M' 'M' 'M' 'M' 'M' 'M'
 'M' 'U' 'M' 'M' 'M' 'M' 'M' 'M' 'M' 'M' 'M' 'M' 'M' 'M' 'U' 'U' 'M' 'M'
 'M' 'U' 'M' 'M' 'M' 'M' 'M' 'M' 'M' 'M' 'M' 'M' 'M' 'M' 'M' 'M' 'M' 'M'
 'M' 'M' 'M' 'M' 'U' 'M' 'M' 'M' 'M' 'M' 'M' 'M' 'M' 'U' 'U' 'U' 'U' 'M'
 'M' 'M' 'M' 'M' 'M' 'M' 'M' 'M' 'U' 'M' 'M' 'M' 'U' 'U' 'M' 'M' 'M' 'M'
 'M' 'M' 'M' 'M' 'M' 'M' 'U' 'M' 'M' 'M' 'M' 'M' 'M' 'M' 'M' 'M' 'M' 'M'
 'M' 'A' 'M' 'M' 'M' 'U' 'U' 'M' 'M' 'U' 'M' 'U' 'M' 'M' 'M' 'M' 'M' 'M'
 'U' 'M' 'M' 'M' 'M' 'M' 'M' 'M' 'U' 'M' 'U' 'M' 'M' 'M' 'M' 'M' 'U' 'M'
 'M' 'M' 'M' 'M' 'M' 'M' 'M' 'M' 'M' 'M' 'M' 'M' 'U' 'M' 'M' 'M' 'M' 'M'
 'M' 'M' 'M' 'M' 'M' 'M' 'U' 'M' 'M' 'U' 'M' 'M' 'M' 'M' 'U' 'M' 'M' 'M']"
464001,0,164,1,163,34,0,0,"['A' 'M' 'M' 'M' 'M' 'M' 'M' 'M' 'M' 'M' 'U' 'M' 'M' 'M' 'M' 'U' 'M' 'M'
 'M' 'U' 'M' 'M' 'M' 'M' 'M' 'M' 'M' 'M' 'M' 'M' 'M' 'U' 'M' 'M' 'M' 'M'
 'M' 'U' 'U' 'M' 'M' 'M' 'M' 'M' 'M' 'M' 'M' 'U' 'M' 'M' 'M' 'M' 'M' 'M'
 'M' 'U' 'M' 'M' 'M' 'M' 'M' 'M' 'M' 'M' 'M' 'M' 'M' 'M' 'M' 'M' 'M' 'M'
 'M' 'M' 'M' 'U' 'M' 'M' 'M' 'M' 'M' 'U' 'M' 'M' 'M' 'M' 'M' 'M' 'U' 'M'
 'U' 'M' 'M' 'M' 'U' 'M' 'M' 'M' 'U' 'M' 'M' 'M' 'U' 'U' 'M' 'M' 'M' 'M'
 'M' 'M' 'M' 'M' 'U' 'M' 'M' 'M' 'M' 'M' 'M' 'M' 'M' 'M' 'M' 'M' 'M' 'M'
 'M' 'U' 'M' 'M' 'M' 'M' 'U' 'U' 'U' 'U' 'U' 'U' 'U' 'M' 'M' 'M' 'M' 'M'
 'U' 'M' 'M' 'M' 'M' 'U' 'M' 'M' 'U' 'M' 'M' 'M' 'M' 'M' 'M' 'M' 'M' 'M'
 'M' 'M' 'M' 'M' 'M' 'M' 'M' 'M' 'M' 'U' 'M' 'M' 'U' 'M' 'M' 'M' 'M' 'M'
 'M' 'M' 'M' 'M' 'M' 'M' 'U' 'M' 'U' 'U' 'M' 'M' 'M' 'M' 'U' 'M' 'M' 'M']"
464101,0,162,1,161,36,0,0,"['A' 'M' 'M' 'M' 'M' 'M' 'M' 'M' 'M' 'M' 'M' 'M' 'M' 'M' 'M' 'U' 'M' 'M'
 'M' 'U' 'M' 'M' 'U' 'M' 'M' 'M' 'M' 'M' 'M' 'M' 'M' 'U' 'M' 'M' 'M' 'M'
 'M' 'U' 'U' 'M' 'M' 'M' 'M' 'M' 'M' 'M' 'M' 'U' 'M' 'M' 'M' 'M' 'M' 'M'
 'M' 'U' 'M' 'M' 'M' 'M' 'M' 'M' 'M' 'M' 'M' 'M' 'M' 'M' 'U' 'M' 'M' 'M'
 'M' 'M' 'M' 'M' 'M' 'M' 'M' 'U' 'M' 'U' 'M' 'M' 'M' 'M' 'U' 'M' 'M' 'M'
 'U' 'M' 'M' 'M' 'M' 'M' 'M' 'M' 'U' 'M' 'M' 'M' 'U' 'U' 'M' 'M' 'M' 'M'
 'M' 'M' 'M' 'M' 'U' 'M' 'M' 'M' 'U' 'M' 'M' 'M' 'M' 'M' 'M' 'U' 'M' 'M'
 'M' 'U' 'M' 'M' 'M' 'M' 'U' 'U' 'U' 'U' 'M' 'U' 'U' 'M' 'M' 'M' 'M' 'M'
 'M' 'M' 'M' 'M' 'M' 'U' 'M' 'M' 'M' 'M' 'M' 'M' 'M' 'M' 'M' 'M' 'M' 'M'
 'M' 'M' 'M' 'M' 'M' 'M' 'M' 'M' 'U' 'U' 'U' 'M' 'U' 'M' 'M' 'M' 'M' 'M'
 'M' 'M' 'M' 'U' 'M' 'M' 'U' 'M' 'U' 'U' 'M' 'M' 'M' 'M' 'U' 'M' 'M' 'M']"
464201,0,170,1,169,28,0,0,"['A' 'M' 'M' 'M' 'M' 'M' 'M' 'M' 'M' 'M' 'M' 'M' 'M' 'M' 'M' 'M' 'M' 'M'
 'M' 'U' 'M' 'M' 'U' 'M' 'M' 'M' 'M' 'M' 'M' 'M' 'M' 'U' 'M' 'M' 'M' 'M'
 'M' 'U' 'U' 'M' 'M' 'M' 'M' 'M' 'M' 'M' 'M' 'U' 'M' 'M' 'M' 'M' 'M' 'M'
 'M' 'M' 'M' 'M' 'M' 'M' 'M' 'M' 'M' 'M' 'M' 'M' 'M' 'M' 'M' 'M' 'M' 'M'
 'M' 'M' 'M' 'M' 'U' 'M' 'M' 'M' 'M' 'M' 'U' 'U' 'M' 'M' 'U' 'M' 'M' 'M'
 'U' 'M' 'M' 'M' 'M' 'M' 'M' 'M' 'M' 'M' 'M' 'M' 'U' 'U' 'M' 'M' 'M' 'M'
 'M' 'M' 'M' 'M' 'U' 'M' 'M' 'M' 'U' 'M' 'M' 'U' 'M' 'M' 'M' 'U' 'M' 'M'
 'M' 'U' 'M' 'M' 'M' 'M' 'M' 'U' 'U' 'U' 'M' 'U' 'U' 'M' 'M' 'M' 'M' 'M'
 'M' 'M' 'M' 'M' 'M' 'U' 'M' 'M' 'M' 'M' 'M' 'M' 'M' 'M' 'M' 'M' 'M' 'M'
 'M' 'M' 'M' 'M' 'M' 'M' 'M' 'M' 'M' 'M' 'U' 'M' 'M' 'M' 'M' 'M' 'M' 'M'
 'M' 'U' 'M' 'U' 'M' 'M' 'M' 'M' 'M' 'M' 'U' 'M' 'M' 'M' 'M' 'M' 'M' 'M']"
464301,0,164,1,163,34,0,0,"['A' 'M' 'M' 'U' 'M' 'M' 'M' 'M' 'M' 'M' 'M' 'M' 'M' 'M' 'U' 'M' 'M' 'M'
 'M' 'U' 'M' 'M' 'U' 'M' 'M' 'M' 'U' 'M' 'M' 'M' 'M' 'U' 'M' 'M' 'M' 'M'
 'U' 'U' 'U' 'M' 'M' 'M' 'M' 'M' 'M' 'M' 'M' 'M' 'U' 'M' 'M' 'M' 'M' 'M'
 'M' 'M' 'M' 'M' 'M' 'M' 'M' 'M' 'M' 'M' 'M' 'M' 'M' 'M' 'M' 'M' 'M' 'M'
 'M' 'M' 'M' 'M' 'M' 'M' 'M' 'U' 'U' 'M' 'M' 'M' 'M' 'M' 'M' 'M' 'M' 'M'
 'M' 'M' 'U' 'U' 'U' 'M' 'M' 'M' 'M' 'M' 'M' 'M' 'U' 'U' 'M' 'M' 'M' 'M'
 'M' 'M' 'M' 'M' 'U' 'M' 'U' 'M' 'U' 'M' 'M' 'U' 'M' 'M' 'M' 'U' 'M' 'M'
 'M' 'U' 'M' 'M' 'M' 'M' 'M' 'U' 'U' 'U' 'M' 'U' 'U' 'M' 'M' 'M' 'M' 'M'
 'M' 'M' 'M' 'M' 'M' 'U' 'M' 'M' 'M' 'M' 'M' 'M' 'M' 'M' 'U' 'M' 'M' 'M'
 'M' 'M' 'M' 'M' 'M' 'M' 'M' 'M' 'M' 'M' 'U' 'M' 'M' 'M' 'M' 'M' 'M' 'M'
 'M' 'U' 'M' 'U' 'M' 'M' 'M' 'M' 'M' 'M' 'U' 'M' 'M' 'M' 'M' 'M' 'M' 'M']"
464401,0,174,3,171,24,0,0,"['A' 'M' 'M' 'U' 'M' 'M' 'M' 'M' 'M' 'M' 'M' 'M' 'M' 'M' 'U' 'M' 'M' 'M'
 'M' 'M' 'M' 'M' 'M' 'M' 'M' 'M' 'U' 'M' 'M' 'M' 'M' 'U' 'M' 'M' 'M' 'M'
 'U' 'M' 'M' 'M' 'M' 'M' 'M' 'M' 'M' 'M' 'M' 'M' 'U' 'M' 'M' 'M' 'M' 'M'
 'M' 'M' 'M' 'M' 'M' 'M' 'M' 'M' 'M' 'M' 'M' 'M' 'M' 'M' 'M' 'M' 'M' 'M'
 'M' 'M' 'M' 'M' 'M' 'U' 'M' 'M' 'U' 'M' 'M' 'U' 'M' 'U' 'M' 'M' 'U' 'M'
 'M' 'M' 'M' 'M' 'M' 'M' 'M' 'M' 'M' 'M' 'M' 'M' 'M' 'U' 'M' 'M' 'M' 'M'
 'M' 'M' 'M' 'M' 'M' 'M' 'U' 'M' 'U' 'M' 'M' 'U' 'M' 'M' 'M' 'U' 'M' 'M'
 'M' 'M' 'M' 'M' 'M' 'M' 'M' 'U' 'A' 'U' 'M' 'U' 'U' 'M' 'M' 'M' 'M' 'M'
 'M' 'M' 'M' 'M' 'M' 'M' 'M' 'M' 'M' 'M' 'M' 'M' 'M' 'M' 'M' 'M' 'M' 'M'
 'M' 'M' 'M' 'M' 'M' 'M' 'M' 'M' 'M' 'M' 'A' 'M' 'M' 'M' 'M' 'M' 'M' 'M'
 'M' 'U' 'M' 'U' 'M' 'M' 'M' 'M' 'M' 'U' 'U' 'M' 'M' 'M' 'M' 'M' 'M' 'M']"
464501,1,168,3,165,30,0,1,"['A' 'U' 'M' 'U' 'M' 'M' 'M' 'M' 'M' 'U' 'M' 'M' 'U' 'M' 'U' 'M' 'M' 'M'
 'M' 'M' 'M' 'U' 'M' 'M' 'M' 'M' 'U' 'M' 'M' 'M' 'M' 'U' 'M' 'M' 'M' 'M'
 'U' 'M' 'M' 'M' 'M' 'M' 'M' 'M' 'M' 'M' 'M' 'M' 'U' 'M' 'M' 'M' 'M' 'M'
 'M' 'M' 'M' 'M' 'M' 'M' 'M' 'M' 'M' 'M' 'M' 'U' 'M' 'M' 'M' 'M' 'M' 'M'
 'M' 'M' 'M' 'M' 'M' 'M' 'M' 'U' 'M' 'U' 'M' 'M' 'M' 'M' 'U' 'M' 'M' 'M'
 'M' 'U' 'M' 'M' 'M' 'M' 'U' 'M' 'M' 'M' 'M' 'M' 'M' 'M' 'M' 'M' 'M' 'U'
 'M' 'M' 'M' 'M' 'M' 'M' 'U' 'M' 'U' 'M' 'M' 'M' 'M' 'M' 'M' 'U' 'U' 'M'
 'M' 'M' 'M' 'M' 'M' 'M' 'U' 'U' 'U' 'U' 'M' 'A' 'U' 'M' 'M' 'M' 'M' 'M'
 'M' 'M' 'M' 'M' 'M' 'M' 'M' 'M' 'M' 'M' 'M' 'M' 'U' 'M' 'U' 'M' 'M' 'M'
 'M' 'M' 'M' 'M' 'M' 'M' 'M' 'M' 'M' 'M' 'A' 'M' 'M' 'M' 'M' 'M' 'M' 'M'
 'M' 'M' 'M' 'U' 'M' 'M' 'M' 'M' 'M' 'M' 'U' 'M' 'M' 'M' 'M' 'M' 'M' 'M']"
464601,0,173,2,171,25,0,1,"['A' 'M' 'M' 'M' 'M' 'M' 'M' 'M' 'M' 'M' 'M' 'M' 'U' 'M' 'U' 'M' 'M' 'M'
 'M' 'M' 'M' 'M' 'M' 'M' 'M' 'M' 'U' 'M' 'M' 'M' 'M' 'M' 'M' 'M' 'M' 'M'
 'U' 'M' 'M' 'M' 'M' 'M' 'M' 'M' 'U' 'M' 'M' 'M' 'U' 'M' 'U' 'U' 'M' 'M'
 'M' 'M' 'M' 'U' 'M' 'M' 'M' 'M' 'M' 'M' 'M' 'M' 'M' 'M' 'U' 'M' 'M' 'M'
 'M' 'M' 'U' 'M' 'U' 'U' 'M' 'M' 'M' 'U' 'M' 'M' 'M' 'M' 'M' 'M' 'M' 'M'
 'M' 'M' 'M' 'M' 'M' 'M' 'M' 'M' 'M' 'M' 'M' 'M' 'M' 'M' 'M' 'M' 'M' 'U'
 'M' 'M' 'M' 'M' 'M' 'M' 'U' 'M' 'U' 'U' 'M' 'M' 'M' 'M' 'M' 'M' 'U' 'M'
 'M' 'M' 'M' 'M' 'M' 'M' 'U' 'M' 'M' 'U' 'U' 'M' 'U' 'M' 'M' 'M' 'M' 'M'
 'U' 'M' 'M' 'M' 'M' 'M' 'M' 'M' 'M' 'M' 'M' 'M' 'M' 'M' 'M' 'M' 'M' 'M'
 'M' 'M' 'M' 'M' 'M' 'M' 'M' 'M' 'M' 'M' 'A' 'M' 'M' 'M' 'M' 'M' 'M' 'M'
 'M' 'M' 'M' 'U' 'M' 'M' 'M' 'M' 'M' 'M' 'M' 'M' 'M' 'M' 'M' 'M' 'M' 'M']"
464701,0,175,3,172,23,0,0,"['A' 'M' 'M' 'M' 'M' 'M' 'M' 'M' 'M' 'M' 'M' 'M' 'A' 'M' 'U' 'M' 'M' 'M'
 'M' 'M' 'M' 'M' 'M' 'M' 'M' 'M' 'U' 'M' 'M' 'M' 'M' 'M' 'M' 'M' 'U' 'M'
 'M' 'M' 'M' 'M' 'M' 'M' 'M' 'M' 'U' 'M' 'M' 'M' 'A' 'U' 'U' 'M' 'M' 'M'
 'U' 'M' 'M' 'M' 'M' 'M' 'M' 'M' 'M' 'M' 'M' 'M' 'M' 'U' 'M' 'M' 'M' 'M'
 'M' 'M' 'M' 'M' 'M' 'M' 'M' 'M' 'M' 'M' 'U' 'U' 'U' 'M' 'M' 'U' 'M' 'M'
 'M' 'M' 'M' 'M' 'M' 'M' 'M' 'M' 'M' 'M' 'M' 'M' 'M' 'M' 'M' 'M' 'M' 'U'
 'M' 'M' 'M' 'U' 'M' 'M' 'M' 'M' 'M' 'M' 'M' 'M' 'M' 'M' 'M' 'M' 'U' 'M'
 'M' 'U' 'M' 'M' 'M' 'M' 'M' 'M' 'M' 'U' 'M' 'M' 'U' 'M' 'M' 'M' 'M' 'M'
 'U' 'M' 'M' 'M' 'M' 'M' 'M' 'M' 'M' 'M' 'M' 'M' 'M' 'M' 'M' 'M' 'M' 'M'
 'M' 'M' 'U' 'M' 'M' 'M' 'M' 'M' 'M' 'U' 'U' 'M' 'M' 'M' 'M' 'M' 'M' 'M'
 'M' 'M' 'M' 'U' 'M' 'M' 'M' 'M' 'M' 'M' 'M' 'M' 'M' 'M' 'M' 'M' 'M' 'M']"
464801,0,170,2,168,28,0,0,"['A' 'M' 'M' 'M' 'M' 'M' 'M' 'M' 'M' 'M' 'M' 'M' 'U' 'M' 'U' 'M' 'M' 'M'
 'M' 'M' 'M' 'M' 'M' 'M' 'M' 'M' 'M' 'M' 'M' 'M' 'U' 'M' 'M' 'M' 'U' 'M'
 'M' 'M' 'U' 'M' 'M' 'M' 'M' 'M' 'U' 'M' 'M' 'M' 'U' 'U' 'U' 'M' 'M' 'M'
 'M' 'M' 'M' 'M' 'M' 'M' 'M' 'M' 'M' 'M' 'M' 'M' 'M' 'M' 'U' 'M' 'M' 'M'
 'M' 'M' 'M' 'U' 'M' 'M' 'M' 'U' 'M' 'M' 'M' 'M' 'M' 'U' 'M' 'M' 'M' 'M'
 'U' 'M' 'M' 'M' 'M' 'M' 'M' 'M' 'M' 'M' 'M' 'M' 'M' 'M' 'M' 'M' 'M' 'M'
 'M' 'M' 'M' 'U' 'M' 'M' 'M' 'M' 'M' 'M' 'M' 'M' 'U' 'M' 'M' 'M' 'M' 'M'
 'M' 'U' 'M' 'M' 'U' 'U' 'U' 'U' 'U' 'U' 'U' 'U' 'A' 'M' 'M' 'M' 'M' 'M'
 'U' 'M' 'M' 'M' 'M' 'M' 'M' 'M' 'M' 'M' 'M' 'M' 'M' 'M' 'M' 'M' 'M' 'M'
 'M' 'M' 'U' 'M' 'M' 'M' 'M' 'M' 'M' 'U' 'M' 'M' 'M' 'M' 'M' 'M' 'M' 'M'
 'M' 'M' 'M' 'M' 'M' 'M' 'M' 'M' 'M' 'M' 'M' 'M' 'M' 'M' 'M' 'M' 'M' 'M']"
464901,0,165,2,163,33,0,0,"['A' 'M' 'M' 'M' 'M' 'M' 'M' 'M' 'M' 'M' 'M' 'M' 'U' 'M' 'U' 'U' 'M' 'M'
 'M' 'M' 'M' 'M' 'U' 'M' 'M' 'M' 'M' 'M' 'M' 'M' 'U' 'M' 'M' 'M' 'U' 'M'
 'M' 'M' 'M' 'M' 'U' 'M' 'M' 'M' 'U' 'U' 'M' 'M' 'U' 'M' 'M' 'U' 'M' 'M'
 'M' 'M' 'M' 'M' 'M' 'M' 'M' 'M' 'M' 'M' 'M' 'M' 'M' 'M' 'U' 'M' 'M' 'M'
 'M' 'M' 'M' 'M' 'M' 'M' 'M' 'M' 'M' 'M' 'U' 'U' 'U' 'M' 'M' 'M' 'M' 'M'
 'M' 'M' 'M' 'M' 'U' 'M' 'M' 'M' 'M' 'M' 'M' 'M' 'M' 'M' 'M' 'M' 'M' 'M'
 'M' 'M' 'M' 'U' 'M' 'M' 'M' 'M' 'M' 'U' 'M' 'M' 'U' 'U' 'M' 'M' 'M' 'M'
 'M' 'M' 'M' 'M' 'U' 'U' 'U' 'U' 'U' 'U' 'U' 'U' 'A' 'M' 'M' 'M' 'M' 'U'
 'M' 'M' 'M' 'M' 'M' 'M' 'M' 'M' 'M' 'M' 'M' 'M' 'M' 'M' 'M' 'M' 'M' 'M'
 'M' 'M' 'U' 'U' 'M' 'M' 'M' 'M' 'M' 'M' 'M' 'M' 'M' 'M' 'M' 'M' 'M' 'M'
 'M' 'M' 'M' 'M' 'U' 'M' 'M' 'M' 'M' 'M' 'U' 'M' 'M' 'M' 'M' 'M' 'M' 'M']"
465001,0,168,3,165,30,0,0,"['A' 'M' 'M' 'M' 'M' 'M' 'M' 'M' 'M' 'M' 'M' 'M' 'U' 'M' 'M' 'U' 'M' 'M'
 'M' 'M' 'M' 'M' 'U' 'M' 'M' 'M' 'M' 'M' 'M' 'M' 'U' 'U' 'M' 'M' 'U' 'M'
 'M' 'M' 'M' 'M' 'U' 'M' 'M' 'M' 'U' 'U' 'M' 'M' 'U' 'M' 'M' 'U' 'M' 'M'
 'M' 'M' 'M' 'M' 'M' 'M' 'M' 'M' 'M' 'M' 'M' 'U' 'M' 'M' 'M' 'M' 'M' 'M'
 'U' 'U' 'M' 'M' 'M' 'M' 'M' 'M' 'M' 'M' 'M' 'M' 'M' 'M' 'M' 'M' 'M' 'U'
 'U' 'M' 'M' 'M' 'M' 'M' 'M' 'M' 'M' 'M' 'M' 'M' 'M' 'M' 'M' 'M' 'M' 'M'
 'M' 'U' 'M' 'U' 'M' 'M' 'M' 'M' 'M' 'U' 'M' 'M' 'U' 'U' 'U' 'M' 'M' 'M'
 'M' 'M' 'M' 'M' 'U' 'U' 'M' 'U' 'M' 'U' 'U' 'M' 'A' 'M' 'M' 'M' 'M' 'A'
 'M' 'M' 'M' 'M' 'M' 'M' 'M' 'M' 'M' 'M' 'M' 'M' 'M' 'M' 'M' 'M' 'M' 'M'
 'M' 'M' 'U' 'M' 'M' 'M' 'M' 'M' 'M' 'M' 'M' 'M' 'M' 'M' 'M' 'M' 'M' 'M'
 'U' 'M' 'M' 'M' 'U' 'M' 'M' 'M' 'M' 'M' 'M' 'M' 'M' 'M' 'M' 'M' 'M' 'M']"
465101,0,164,4,160,34,0,0,"['A' 'M' 'M' 'U' 'M' 'M' 'M' 'M' 'M' 'M' 'M' 'M' 'U' 'M' 'M' 'U' 'M' 'M'
 'M' 'M' 'M' 'M' 'M' 'M' 'M' 'M' 'M' 'M' 'M' 'M' 'U' 'U' 'M' 'M' 'U' 'M'
 'M' 'M' 'M' 'M' 'M' 'M' 'M' 'M' 'U' 'U' 'M' 'M' 'U' 'M' 'M' 'U' 'U' 'M'
 'M' 'M' 'M' 'M' 'M' 'M' 'M' 'M' 'M' 'M' 'M' 'M' 'U' 'M' 'U' 'M' 'U' 'M'
 'M' 'M' 'M' 'M' 'M' 'M' 'M' 'M' 'M' 'M' 'M' 'M' 'M' 'M' 'M' 'M' 'U' 'M'
 'M' 'U' 'M' 'M' 'M' 'M' 'U' 'M' 'M' 'M' 'M' 'M' 'M' 'M' 'M' 'M' 'M' 'M'
 'M' 'U' 'M' 'U' 'M' 'M' 'M' 'M' 'M' 'U' 'M' 'M' 'U' 'U' 'A' 'M' 'U' 'M'
 'U' 'M' 'M' 'M' 'U' 'U' 'U' 'U' 'M' 'U' 'U' 'U' 'A' 'M' 'M' 'M' 'M' 'A'
 'M' 'M' 'M' 'M' 'M' 'M' 'M' 'M' 'M' 'M' 'M' 'M' 'M' 'M' 'M' 'M' 'M' 'M'
 'M' 'M' 'M' 'M' 'M' 'M' 'M' 'M' 'M' 'M' 'M' 'M' 'M' 'M' 'M' 'M' 'M' 'M'
 'U' 'M' 'M' 'M' 'U' 'M' 'M' 'M' 'M' 'M' 'M' 'M' 'M' 'U' 'M' 'M' 'M' 'M']"
465201,0,167,5,162,31,0,0,"['A' 'M' 'M' 'M' 'M' 'M' 'M' 'M' 'M' 'M' 'U' 'U' 'U' 'M' 'M' 'U' 'M' 'M'
 'M' 'M' 'M' 'M' 'M' 'M' 'M' 'M' 'M' 'M' 'M' 'M' 'M' 'U' 'M' 'M' 'U' 'M'
 'M' 'M' 'M' 'M' 'M' 'M' 'M' 'M' 'U' 'U' 'M' 'M' 'U' 'M' 'M' 'M' 'A' 'M'
 'M' 'M' 'M' 'M' 'U' 'M' 'M' 'M' 'M' 'M' 'M' 'M' 'M' 'M' 'M' 'M' 'M' 'M'
 'M' 'M' 'M' 'M' 'M' 'M' 'M' 'U' 'M' 'M' 'U' 'M' 'M' 'M' 'M' 'U' 'M' 'U'
 'M' 'M' 'M' 'M' 'U' 'M' 'U' 'M' 'M' 'M' 'M' 'M' 'M' 'M' 'M' 'M' 'M' 'M'
 'M' 'U' 'M' 'M' 'M' 'M' 'M' 'M' 'M' 'U' 'M' 'M' 'A' 'U' 'U' 'M' 'U' 'M'
 'M' 'M' 'M' 'M' 'U' 'U' 'M' 'U' 'M' 'M' 'U' 'U' 'A' 'M' 'U' 'M' 'M' 'A'
 'M' 'M' 'M' 'U' 'M' 'M' 'M' 'M' 'M' 'M' 'M' 'M' 'M' 'M' 'M' 'M' 'M' 'M'
 'M' 'M' 'M' 'M' 'M' 'M' 'M' 'M' 'M' 'M' 'M' 'M' 'M' 'M' 'M' 'M' 'M' 'M'
 'U' 'M' 'M' 'M' 'M' 'M' 'M' 'M' 'M' 'M' 'M' 'M' 'M' 'U' 'M' 'U' 'M' 'M']"
465301,0,166,4,162,32,1,0,"['A' 'U' 'M' 'U' 'M' 'M' 'M' 'M' 'M' 'M' 'U' 'U' 'U' 'M' 'M' 'U' 'M' 'M'
 'M' 'M' 'M' 'M' 'M' 'M' 'M' 'M' 'M' 'M' 'M' 'M' 'M' 'U' 'M' 'M' 'M' 'M'
 'M' 'M' 'M' 'U' 'M' 'M' 'M' 'M' 'U' 'U' 'M' 'M' 'M' 'M' 'M' 'M' 'A' 'M'
 'M' 'M' 'U' 'M' 'U' 'M' 'M' 'M' 'M' 'M' 'M' 'M' 'M' 'M' 'M' 'M' 'M' 'M'
 'M' 'M' 'M' 'M' 'M' 'M' 'M' 'M' 'M' 'U' 'M' 'M' 'M' 'U' 'M' 'M' 'M' 'U'
 'U' 'U' 'M' 'M' 'M' 'M' 'U' 'M' 'M' 'M' 'M' 'M' 'M' 'M' 'M' 'M' 'M' 'M'
 'M' 'M' 'M' 'M' 'M' 'M' 'M' 'M' 'M' 'M' 'M' 'M' 'A' 'M' 'U' 'M' 'U' 'M'
 'M' 'M' 'M' 'M' 'U' 'M' 'U' 'U' 'M' 'M' 'U' 'U' 'A' 'M' 'U' 'M' 'M' 'M'
 'M' 'M' 'M' 'U' 'M' 'M' 'M' 'M' 'M' 'M' 'M' 'M' 'M' 'M' 'M' 'M' 'M' 'M'
 'M' 'M' 'M' 'M' 'U' 'M' 'M' 'M' 'M' 'M' 'M' 'M' 'M' 'M' 'M' 'M' 'M' 'U'
 'U' 'M' 'M' 'M' 'M' 'M' 'M' 'M' 'M' 'M' 'M' 'M' 'M' 'U' 'M' 'U' 'M' 'M']"
465401,0,162,7,155,36,0,0,"['A' 'U' 'M' 'U' 'M' 'M' 'M' 'M' 'M' 'M' 'U' 'U' 'U' 'M' 'M' 'U' 'M' 'M'
 'M' 'M' 'M' 'M' 'M' 'U' 'M' 'M' 'M' 'M' 'M' 'M' 'M' 'A' 'M' 'M' 'M' 'M'
 'M' 'M' 'M' 'U' 'M' 'M' 'M' 'U' 'U' 'U' 'M' 'M' 'M' 'M' 'M' 'M' 'A' 'M'
 'M' 'M' 'M' 'M' 'U' 'M' 'M' 'M' 'M' 'M' 'M' 'U' 'M' 'M' 'M' 'M' 'M' 'M'
 'M' 'U' 'M' 'U' 'M' 'M' 'U' 'M' 'M' 'M' 'M' 'M' 'M' 'M' 'M' 'U' 'M' 'M'
 'M' 'M' 'M' 'M' 'M' 'M' 'U' 'M' 'U' 'U' 'M' 'M' 'M' 'M' 'M' 'M' 'M' 'M'
 'M' 'M' 'U' 'M' 'M' 'M' 'M' 'M' 'M' 'M' 'M' 'M' 'A' 'M' 'A' 'M' 'U' 'M'
 'M' 'M' 'M' 'M' 'U' 'M' 'A' 'U' 'M' 'M' 'U' 'U' 'A' 'M' 'U' 'M' 'M' 'M'
 'M' 'M' 'M' 'M' 'M' 'M' 'M' 'M' 'M' 'M' 'M' 'M' 'M' 'M' 'M' 'M' 'M' 'M'
 'M' 'M' 'M' 'M' 'U' 'M' 'M' 'U' 'U' 'M' 'M' 'M' 'M' 'M' 'M' 'M' 'M' 'U'
 'U' 'M' 'M' 'U' 'M' 'M' 'M' 'M' 'M' 'M' 'M' 'M' 'M' 'U' 'U' 'U' 'M' 'M']"
465501,0,158,7,151,40,0,1,"['A' 'U' 'M' 'M' 'M' 'M' 'M' 'U' 'M' 'M' 'A' 'U' 'U' 'U' 'M' 'U' 'M' 'M'
 'M' 'M' 'M' 'M' 'M' 'U' 'M' 'M' 'M' 'M' 'M' 'M' 'M' 'A' 'U' 'M' 'M' 'M'
 'M' 'M' 'M' 'U' 'M' 'M' 'M' 'U' 'U' 'U' 'M' 'M' 'M' 'M' 'M' 'M' 'M' 'M'
 'M' 'M' 'M' 'M' 'U' 'M' 'M' 'M' 'M' 'M' 'M' 'M' 'U' 'M' 'M' 'M' 'U' 'U'
 'U' 'M' 'M' 'M' 'M' 'M' 'M' 'M' 'M' 'M' 'M' 'M' 'M' 'M' 'U' 'M' 'M' 'M'
 'M' 'M' 'M' 'M' 'M' 'M' 'U' 'M' 'U' 'U' 'M' 'M' 'M' 'M' 'M' 'M' 'M' 'M'
 'M' 'M' 'U' 'M' 'M' 'M' 'M' 'M' 'M' 'M' 'M' 'U' 'A' 'U' 'A' 'M' 'U' 'M'
 'M' 'M' 'M' 'M' 'M' 'M' 'A' 'U' 'M' 'M' 'U' 'U' 'U' 'M' 'U' 'M' 'M' 'M'
 'U' 'M' 'M' 'M' 'M' 'M' 'M' 'M' 'M' 'M' 'M' 'M' 'M' 'M' 'M' 'M' 'M' 'M'
 'M' 'M' 'M' 'M' 'U' 'M' 'U' 'M' 'U' 'M' 'M' 'U' 'M' 'M' 'M' 'M' 'M' 'U'
 'U' 'M' 'M' 'A' 'M' 'M' 'M' 'M' 'M' 'M' 'U' 'M' 'M' 'U' 'U' 'M' 'M' 'M']"
465601,0,163,6,157,35,0,0,"['A' 'U' 'M' 'M' 'M' 'M' 'U' 'U' 'M' 'M' 'U' 'M' 'M' 'M' 'M' 'U' 'M' 'M'
 'M' 'M' 'M' 'M' 'M' 'U' 'M' 'M' 'M' 'M' 'M' 'M' 'M' 'A' 'U' 'M' 'M' 'M'
 'M' 'M' 'M' 'U' 'M' 'M' 'M' 'U' 'U' 'U' 'M' 'M' 'M' 'M' 'M' 'U' 'M' 'M'
 'M' 'M' 'M' 'M' 'M' 'M' 'M' 'M' 'M' 'M' 'M' 'U' 'M' 'M' 'M' 'M' 'M' 'U'
 'M' 'M' 'M' 'U' 'M' 'M' 'M' 'M' 'M' 'M' 'M' 'M' 'U' 'M' 'M' 'M' 'M' 'U'
 'M' 'M' 'M' 'M' 'M' 'M' 'U' 'M' 'U' 'U' 'M' 'M' 'M' 'M' 'M' 'M' 'M' 'M'
 'M' 'M' 'U' 'M' 'M' 'M' 'M' 'M' 'M' 'M' 'M' 'U' 'A' 'U' 'A' 'M' 'U' 'M'
 'M' 'M' 'M' 'M' 'M' 'M' 'A' 'U' 'M' 'U' 'M' 'U' 'U' 'M' 'U' 'M' 'M' 'M'
 'U' 'M' 'M' 'M' 'M' 'M' 'U' 'M' 'M' 'M' 'M' 'M' 'M' 'M' 'M' 'M' 'M' 'M'
 'M' 'M' 'M' 'M' 'M' 'M' 'U' 'M' 'U' 'M' 'M' 'U' 'M' 'M' 'M' 'M' 'M' 'M'
 'M' 'M' 'M' 'A' 'M' 'M' 'M' 'M' 'M' 'M' 'M' 'M' 'M' 'U' 'M' 'M' 'M' 'M']"
465701,0,157,3,154,41,1,0,"['A' 'U' 'M' 'M' 'M' 'M' 'U' 'M' 'M' 'M' 'U' 'M' 'M' 'M' 'M' 'M' 'M' 'U'
 'M' 'M' 'M' 'M' 'M' 'M' 'M' 'M' 'M' 'M' 'M' 'M' 'M' 'A' 'U' 'M' 'M' 'M'
 'M' 'M' 'M' 'M' 'M' 'M' 'M' 'U' 'M' 'M' 'M' 'M' 'M' 'M' 'U' 'U' 'M' 'M'
 'M' 'M' 'M' 'M' 'M' 'M' 'M' 'M' 'M' 'M' 'M' 'U' 'M' 'M' 'M' 'M' 'M' 'M'
 'M' 'M' 'U' 'M' 'M' 'M' 'M' 'M' 'M' 'U' 'M' 'U' 'M' 'M' 'M' 'M' 'U' 'M'
 'M' 'M' 'M' 'M' 'M' 'M' 'U' 'M' 'M' 'U' 'M' 'M' 'M' 'M' 'M' 'U' 'M' 'M'
 'M' 'M' 'U' 'M' 'M' 'M' 'M' 'M' 'M' 'U' 'M' 'U' 'U' 'U' 'U' 'M' 'U' 'M'
 'M' 'M' 'M' 'U' 'M' 'M' 'U' 'U' 'M' 'U' 'M' 'U' 'U' 'M' 'U' 'M' 'U' 'M'
 'U' 'M' 'M' 'U' 'M' 'M' 'U' 'M' 'M' 'M' 'M' 'M' 'M' 'M' 'M' 'M' 'M' 'M'
 'M' 'M' 'M' 'M' 'M' 'M' 'U' 'M' 'U' 'M' 'M' 'U' 'M' 'M' 'U' 'M' 'M' 'M'
 'M' 'M' 'M' 'A' 'U' 'M' 'M' 'M' 'M' 'M' 'M' 'U' 'M' 'U' 'M' 'M' 'M' 'M']"
465801,0,153,3,150,45,1,0,"['A' 'U' 'M' 'M' 'M' 'M' 'U' 'M' 'M' 'M' 'U' 'M' 'U' 'M' 'M' 'M' 'M' 'U'
 'M' 'M' 'M' 'M' 'M' 'M' 'M' 'M' 'M' 'M' 'U' 'M' 'M' 'A' 'U' 'M' 'M' 'M'
 'M' 'M' 'M' 'M' 'M' 'M' 'M' 'M' 'M' 'M' 'M' 'M' 'U' 'M' 'U' 'U' 'M' 'M'
 'M' 'M' 'M' 'M' 'M' 'M' 'M' 'M' 'M' 'M' 'M' 'U' 'M' 'M' 'U' 'M' 'M' 'M'
 'M' 'U' 'M' 'U' 'M' 'M' 'M' 'M' 'M' 'M' 'M' 'M' 'M' 'M' 'M' 'U' 'M' 'M'
 'M' 'M' 'M' 'M' 'M' 'M' 'U' 'U' 'M' 'U' 'M' 'M' 'M' 'M' 'U' 'U' 'M' 'M'
 'M' 'M' 'M' 'M' 'M' 'M' 'M' 'M' 'M' 'U' 'M' 'A' 'U' 'M' 'M' 'M' 'M' 'M'
 'M' 'M' 'M' 'U' 'U' 'U' 'M' 'U' 'U' 'U' 'U' 'U' 'U' 'M' 'U' 'M' 'U' 'U'
 'U' 'M' 'M' 'U' 'M' 'M' 'U' 'M' 'M' 'M' 'M' 'M' 'M' 'M' 'M' 'M' 'M' 'M'
 'M' 'M' 'M' 'M' 'M' 'M' 'U' 'M' 'U' 'M' 'M' 'M' 'M' 'M' 'U' 'M' 'U' 'M'
 'M' 'M' 'M' 'U' 'U' 'M' 'M' 'M' 'M' 'M' 'M' 'U' 'M' 'U' 'M' 'M' 'M' 'M']"
465901,0,155,4,151,43,1,0,"['A' 'U' 'A' 'M' 'M' 'M' 'M' 'M' 'M' 'M' 'U' 'U' 'U' 'M' 'M' 'U' 'M' 'U'
 'M' 'M' 'M' 'M' 'M' 'M' 'M' 'M' 'M' 'M' 'U' 'M' 'M' 'A' 'U' 'M' 'M' 'M'
 'M' 'M' 'M' 'M' 'U' 'M' 'M' 'M' 'M' 'M' 'M' 'U' 'M' 'M' 'U' 'U' 'M' 'M'
 'M' 'M' 'M' 'M' 'M' 'M' 'U' 'M' 'M' 'M' 'M' 'M' 'U' 'M' 'M' 'M' 'M' 'M'
 'M' 'M' 'M' 'U' 'M' 'M' 'M' 'M' 'U' 'M' 'M' 'M' 'U' 'U' 'M' 'M' 'M' 'M'
 'M' 'M' 'M' 'M' 'M' 'M' 'M' 'M' 'M' 'U' 'M' 'M' 'M' 'M' 'M' 'U' 'M' 'M'
 'M' 'U' 'M' 'M' 'U' 'M' 'U' 'M' 'M' 'U' 'M' 'A' 'M' 'M' 'M' 'M' 'M' 'M'
 'M' 'M' 'M' 'U' 'U' 'M' 'M' 'U' 'U' 'U' 'U' 'M' 'U' 'M' 'U' 'M' 'U' 'U'
 'U' 'M' 'M' 'U' 'M' 'M' 'U' 'M' 'M' 'M' 'M' 'M' 'M' 'M' 'M' 'M' 'M' 'M'
 'M' 'U' 'M' 'M' 'M' 'M' 'U' 'M' 'M' 'M' 'M' 'M' 'M' 'M' 'U' 'M' 'M' 'M'
 'M' 'M' 'M' 'M' 'U' 'M' 'M' 'M' 'M' 'M' 'M' 'U' 'M' 'U' 'M' 'M' 'M' 'M']"
466001,0,157,4,153,41,0,0,"['A' 'M' 'A' 'M' 'M' 'M' 'M' 'M' 'M' 'M' 'U' 'M' 'M' 'M' 'M' 'U' 'M' 'M'
 'M' 'M' 'M' 'M' 'M' 'M' 'M' 'M' 'M' 'M' 'U' 'U' 'M' 'A' 'U' 'M' 'M' 'M'
 'M' 'M' 'M' 'M' 'M' 'M' 'M' 'M' 'M' 'M' 'M' 'U' 'M' 'M' 'U' 'M' 'U' 'M'
 'M' 'M' 'M' 'M' 'U' 'M' 'M' 'M' 'M' 'U' 'M' 'M' 'M' 'M' 'M' 'U' 'M' 'M'
 'M' 'M' 'M' 'M' 'U' 'M' 'U' 'M' 'U' 'M' 'M' 'M' 'M' 'M' 'M' 'M' 'M' 'M'
 'M' 'M' 'U' 'M' 'M' 'M' 'M' 'M' 'M' 'M' 'M' 'M' 'M' 'M' 'M' 'U' 'M' 'M'
 'M' 'M' 'U' 'M' 'U' 'M' 'M' 'M' 'M' 'U' 'M' 'A' 'M' 'M' 'M' 'M' 'M' 'M'
 'M' 'U' 'M' 'U' 'U' 'M' 'M' 'U' 'U' 'U' 'U' 'M' 'M' 'M' 'U' 'U' 'U' 'U'
 'U' 'M' 'M' 'U' 'M' 'M' 'U' 'M' 'U' 'M' 'M' 'M' 'M' 'M' 'M' 'M' 'M' 'U'
 'M' 'U' 'M' 'M' 'M' 'M' 'U' 'M' 'U' 'M' 'M' 'M' 'M' 'M' 'U' 'M' 'M' 'M'
 'M' 'M' 'M' 'M' 'U' 'M' 'M' 'M' 'M' 'M' 'M' 'U' 'M' 'M' 'M' 'M' 'M' 'M']"
466101,1,157,6,151,41,0,0,"['A' 'M' 'A' 'M' 'M' 'M' 'M' 'M' 'M' 'M' 'U' 'M' 'M' 'M' 'M' 'M' 'M' 'M'
 'M' 'M' 'M' 'M' 'M' 'M' 'M' 'M' 'M' 'M' 'M' 'U' 'M' 'U' 'U' 'M' 'M' 'M'
 'M' 'M' 'M' 'M' 'M' 'M' 'M' 'M' 'M' 'M' 'M' 'U' 'M' 'M' 'U' 'M' 'U' 'M'
 'M' 'M' 'M' 'M' 'U' 'M' 'M' 'M' 'M' 'U' 'M' 'M' 'M' 'U' 'M' 'M' 'M' 'M'
 'M' 'M' 'M' 'M' 'U' 'M' 'M' 'M' 'M' 'M' 'M' 'M' 'M' 'M' 'M' 'M' 'M' 'U'
 'M' 'M' 'U' 'M' 'U' 'M' 'M' 'M' 'M' 'M' 'U' 'M' 'M' 'M' 'M' 'U' 'M' 'M'
 'M' 'M' 'U' 'M' 'A' 'M' 'M' 'M' 'M' 'U' 'M' 'A' 'M' 'M' 'M' 'M' 'M' 'M'
 'M' 'U' 'M' 'U' 'U' 'U' 'U' 'U' 'U' 'U' 'U' 'U' 'U' 'M' 'U' 'A' 'U' 'U'
 'U' 'M' 'M' 'U' 'M' 'M' 'U' 'M' 'U' 'M' 'M' 'M' 'M' 'M' 'M' 'M' 'M' 'U'
 'M' 'U' 'M' 'M' 'M' 'M' 'U' 'M' 'A' 'M' 'M' 'M' 'M' 'M' 'M' 'M' 'U' 'M'
 'M' 'M' 'M' 'M' 'M' 'M' 'M' 'M' 'M' 'M' 'M' 'M' 'M' 'M' 'M' 'U' 'M' 'M']"
466201,1,164,8,156,34,0,1,"['A' 'M' 'A' 'M' 'M' 'M' 'M' 'M' 'M' 'M' 'U' 'M' 'M' 'M' 'M' 'M' 'M' 'M'
 'M' 'M' 'M' 'U' 'U' 'M' 'M' 'M' 'M' 'M' 'M' 'M' 'M' 'U' 'U' 'M' 'M' 'M'
 'M' 'M' 'U' 'M' 'M' 'M' 'M' 'M' 'M' 'M' 'M' 'U' 'M' 'M' 'M' 'M' 'U' 'M'
 'M' 'M' 'M' 'M' 'A' 'M' 'U' 'M' 'M' 'U' 'M' 'M' 'U' 'U' 'M' 'M' 'M' 'M'
 'M' 'M' 'M' 'M' 'M' 'M' 'M' 'M' 'M' 'M' 'M' 'M' 'M' 'M' 'U' 'U' 'M' 'M'
 'M' 'U' 'M' 'M' 'M' 'M' 'M' 'M' 'M' 'U' 'U' 'M' 'M' 'M' 'M' 'M' 'M' 'M'
 'M' 'M' 'U' 'M' 'U' 'M' 'M' 'M' 'M' 'M' 'M' 'A' 'M' 'U' 'M' 'M' 'M' 'M'
 'M' 'M' 'M' 'U' 'U' 'U' 'U' 'U' 'M' 'U' 'M' 'U' 'U' 'M' 'U' 'A' 'A' 'M'
 'A' 'M' 'M' 'U' 'M' 'M' 'M' 'M' 'U' 'M' 'M' 'M' 'M' 'M' 'M' 'M' 'M' 'M'
 'M' 'U' 'M' 'U' 'M' 'M' 'U' 'M' 'A' 'M' 'M' 'M' 'M' 'M' 'M' 'M' 'M' 'M'
 'M' 'M' 'M' 'M' 'M' 'M' 'M' 'M' 'M' 'M' 'M' 'M' 'M' 'M' 'M' 'M' 'M' 'M']"
466301,1,155,7,148,43,0,0,"['A' 'M' 'A' 'M' 'U' 'M' 'M' 'M' 'U' 'M' 'U' 'M' 'M' 'M' 'M' 'M' 'M' 'M'
 'M' 'M' 'M' 'M' 'U' 'M' 'M' 'M' 'M' 'M' 'M' 'M' 'M' 'U' 'U' 'U' 'M' 'M'
 'M' 'M' 'U' 'M' 'M' 'M' 'M' 'M' 'M' 'U' 'M' 'U' 'U' 'M' 'M' 'M' 'U' 'M'
 'M' 'M' 'M' 'M' 'A' 'M' 'U' 'M' 'M' 'M' 'M' 'U' 'M' 'M' 'U' 'M' 'M' 'M'
 'M' 'M' 'M' 'M' 'M' 'M' 'U' 'M' 'M' 'M' 'M' 'M' 'M' 'M' 'M' 'M' 'M' 'M'
 'M' 'M' 'U' 'M' 'U' 'M' 'M' 'M' 'M' 'U' 'U' 'M' 'M' 'U' 'M' 'M' 'M' 'M'
 'M' 'M' 'M' 'M' 'U' 'M' 'M' 'M' 'M' 'M' 'M' 'A' 'M' 'U' 'U' 'M' 'M' 'M'
 'M' 'M' 'M' 'U' 'U' 'U' 'U' 'U' 'U' 'U' 'U' 'U' 'M' 'M' 'U' 'U' 'A' 'M'
 'A' 'M' 'M' 'M' 'M' 'M' 'M' 'M' 'U' 'M' 'M' 'M' 'M' 'M' 'M' 'M' 'M' 'M'
 'M' 'U' 'M' 'U' 'M' 'M' 'U' 'M' 'A' 'M' 'U' 'M' 'M' 'U' 'M' 'M' 'M' 'M'
 'U' 'M' 'M' 'U' 'M' 'M' 'M' 'M' 'M' 'M' 'M' 'M' 'M' 'M' 'M' 'M' 'M' 'M']"
466401,0,153,7,146,45,0,1,"['A' 'M' 'A' 'M' 'U' 'M' 'M' 'U' 'U' 'M' 'A' 'M' 'M' 'M' 'M' 'M' 'M' 'U'
 'M' 'M' 'M' 'M' 'U' 'M' 'M' 'M' 'M' 'M' 'M' 'M' 'M' 'U' 'U' 'U' 'M' 'M'
 'M' 'M' 'M' 'M' 'M' 'M' 'M' 'M' 'M' 'M' 'M' 'M' 'M' 'M' 'M' 'M' 'U' 'M'
 'M' 'M' 'M' 'M' 'U' 'M' 'U' 'M' 'M' 'M' 'U' 'U' 'M' 'M' 'M' 'M' 'M' 'M'
 'U' 'M' 'M' 'M' 'M' 'M' 'M' 'M' 'M' 'M' 'U' 'U' 'M' 'U' 'M' 'M' 'M' 'M'
 'M' 'M' 'M' 'M' 'M' 'U' 'M' 'M' 'M' 'U' 'U' 'M' 'M' 'U' 'M' 'M' 'U' 'M'
 'M' 'M' 'M' 'M' 'U' 'M' 'M' 'M' 'M' 'M' 'M' 'U' 'M' 'U' 'U' 'M' 'M' 'M'
 'M' 'M' 'M' 'U' 'U' 'A' 'U' 'A' 'U' 'U' 'U' 'U' 'U' 'M' 'U' 'U' 'M' 'M'
 'U' 'U' 'M' 'M' 'M' 'M' 'U' 'M' 'U' 'M' 'M' 'M' 'M' 'M' 'M' 'M' 'M' 'M'
 'M' 'M' 'M' 'U' 'M' 'M' 'U' 'M' 'A' 'M' 'U' 'M' 'M' 'M' 'M' 'M' 'U' 'M'
 'U' 'M' 'M' 'A' 'M' 'M' 'M' 'M' 'M' 'M' 'M' 'M' 'M' 'M' 'M' 'M' 'M' 'M']"
466501,0,156,7,149,42,0,0,"['A' 'M' 'A' 'M' 'U' 'M' 'M' 'A' 'U' 'M' 'A' 'M' 'M' 'M' 'M' 'M' 'M' 'U'
 'M' 'M' 'M' 'M' 'M' 'U' 'M' 'M' 'M' 'M' 'M' 'M' 'M' 'M' 'U' 'U' 'M' 'M'
 'M' 'M' 'M' 'M' 'M' 'M' 'M' 'M' 'M' 'M' 'M' 'M' 'M' 'M' 'M' 'M' 'U' 'M'
 'U' 'M' 'M' 'M' 'U' 'M' 'U' 'M' 'M' 'M' 'U' 'M' 'U' 'U' 'M' 'M' 'M' 'M'
 'M' 'M' 'M' 'U' 'M' 'M' 'M' 'M' 'M' 'M' 'U' 'M' 'M' 'M' 'M' 'U' 'M' 'M'
 'M' 'M' 'M' 'M' 'M' 'U' 'M' 'M' 'U' 'U' 'M' 'M' 'M' 'U' 'M' 'M' 'M' 'M'
 'M' 'M' 'U' 'M' 'U' 'M' 'M' 'M' 'M' 'M' 'M' 'U' 'M' 'U' 'U' 'M' 'M' 'M'
 'M' 'M' 'M' 'M' 'M' 'A' 'U' 'U' 'M' 'U' 'U' 'U' 'U' 'M' 'U' 'U' 'M' 'M'
 'M' 'U' 'M' 'M' 'M' 'M' 'U' 'M' 'U' 'M' 'M' 'M' 'M' 'M' 'M' 'M' 'M' 'M'
 'U' 'M' 'M' 'U' 'M' 'M' 'U' 'M' 'A' 'M' 'U' 'M' 'M' 'M' 'M' 'M' 'M' 'M'
 'U' 'M' 'M' 'A' 'M' 'M' 'M' 'U' 'M' 'M' 'M' 'M' 'M' 'M' 'M' 'M' 'M' 'M']"
466601,1,156,5,151,42,0,0,"['A' 'M' 'A' 'M' 'U' 'M' 'M' 'A' 'U' 'M' 'A' 'M' 'M' 'M' 'M' 'M' 'M' 'M'
 'M' 'M' 'M' 'M' 'M' 'U' 'M' 'M' 'M' 'M' 'M' 'M' 'M' 'M' 'U' 'U' 'M' 'M'
 'M' 'M' 'M' 'M' 'M' 'M' 'M' 'U' 'M' 'M' 'M' 'M' 'M' 'M' 'M' 'M' 'M' 'M'
 'U' 'M' 'M' 'M' 'U' 'M' 'U' 'U' 'M' 'U' 'U' 'U' 'M' 'M' 'M' 'M' 'M' 'U'
 'M' 'M' 'M' 'M' 'M' 'M' 'M' 'M' 'M' 'M' 'M' 'M' 'M' 'M' 'M' 'U' 'M' 'U'
 'M' 'M' 'M' 'M' 'U' 'M' 'M' 'M' 'M' 'M' 'M' 'M' 'M' 'U' 'M' 'M' 'M' 'M'
 'M' 'M' 'U' 'M' 'U' 'M' 'M' 'M' 'M' 'M' 'M' 'U' 'M' 'M' 'M' 'M' 'M' 'M'
 'M' 'U' 'M' 'M' 'M' 'U' 'U' 'U' 'M' 'U' 'U' 'M' 'U' 'M' 'M' 'U' 'M' 'M'
 'M' 'U' 'M' 'U' 'M' 'U' 'U' 'M' 'U' 'M' 'M' 'M' 'M' 'M' 'U' 'M' 'M' 'M'
 'U' 'M' 'M' 'U' 'M' 'M' 'U' 'M' 'U' 'M' 'U' 'M' 'M' 'M' 'M' 'M' 'M' 'M'
 'U' 'U' 'M' 'A' 'M' 'M' 'M' 'M' 'M' 'M' 'M' 'M' 'M' 'M' 'M' 'M' 'M' 'M']"
466701,0,147,4,143,51,0,0,"['A' 'M' 'U' 'M' 'U' 'M' 'U' 'A' 'U' 'M' 'U' 'M' 'M' 'M' 'M' 'M' 'M' 'M'
 'M' 'M' 'M' 'M' 'M' 'U' 'M' 'M' 'M' 'M' 'M' 'M' 'M' 'M' 'U' 'U' 'U' 'M'
 'M' 'M' 'M' 'M' 'M' 'M' 'M' 'U' 'M' 'M' 'U' 'M' 'U' 'M' 'M' 'U' 'U' 'M'
 'U' 'M' 'M' 'M' 'U' 'M' 'U' 'M' 'M' 'A' 'U' 'M' 'M' 'M' 'M' 'M' 'M' 'M'
 'M' 'U' 'M' 'M' 'M' 'M' 'M' 'U' 'M' 'U' 'M' 'M' 'U' 'M' 'M' 'M' 'M' 'U'
 'M' 'M' 'M' 'M' 'M' 'M' 'M' 'M' 'M' 'M' 'M' 'M' 'U' 'U' 'M' 'M' 'M' 'M'
 'M' 'M' 'U' 'M' 'U' 'M' 'M' 'M' 'M' 'M' 'M' 'A' 'M' 'M' 'M' 'M' 'U' 'M'
 'M' 'U' 'M' 'M' 'M' 'U' 'U' 'U' 'U' 'U' 'U' 'U' 'M' 'M' 'M' 'U' 'U' 'M'
 'M' 'U' 'M' 'M' 'M' 'U' 'U' 'M' 'U' 'M' 'M' 'M' 'M' 'M' 'U' 'M' 'M' 'M'
 'U' 'U' 'M' 'U' 'M' 'M' 'U' 'M' 'M' 'M' 'U' 'M' 'M' 'M' 'M' 'U' 'M' 'M'
 'U' 'M' 'M' 'M' 'M' 'M' 'M' 'M' 'M' 'M' 'M' 'M' 'M' 'M' 'M' 'M' 'U' 'M']"
466801,0,151,7,144,47,0,0,"['A' 'M' 'U' 'M' 'M' 'M' 'U' 'A' 'M' 'M' 'U' 'M' 'M' 'M' 'M' 'M' 'M' 'M'
 'M' 'M' 'U' 'U' 'M' 'U' 'M' 'M' 'M' 'M' 'M' 'M' 'M' 'M' 'A' 'M' 'U' 'M'
 'U' 'M' 'M' 'M' 'M' 'M' 'M' 'U' 'M' 'M' 'U' 'M' 'M' 'M' 'M' 'U' 'U' 'M'
 'U' 'M' 'M' 'M' 'U' 'U' 'M' 'M' 'M' 'A' 'U' 'M' 'M' 'U' 'M' 'U' 'M' 'M'
 'M' 'M' 'M' 'M' 'U' 'M' 'M' 'M' 'M' 'M' 'M' 'M' 'M' 'M' 'M' 'M' 'M' 'U'
 'M' 'U' 'M' 'M' 'M' 'M' 'M' 'M' 'M' 'M' 'M' 'M' 'M' 'U' 'M' 'M' 'M' 'M'
 'U' 'M' 'U' 'M' 'U' 'M' 'M' 'M' 'M' 'M' 'M' 'A' 'M' 'M' 'M' 'M' 'M' 'M'
 'M' 'U' 'M' 'M' 'M' 'M' 'U' 'M' 'A' 'U' 'U' 'U' 'U' 'M' 'M' 'U' 'U' 'U'
 'M' 'U' 'M' 'U' 'M' 'U' 'U' 'M' 'U' 'M' 'M' 'M' 'M' 'M' 'U' 'M' 'U' 'M'
 'U' 'A' 'M' 'M' 'M' 'M' 'U' 'M' 'M' 'M' 'U' 'M' 'M' 'M' 'M' 'U' 'M' 'M'
 'U' 'M' 'M' 'M' 'M' 'M' 'M' 'M' 'M' 'U' 'M' 'M' 'M' 'M' 'M' 'M' 'M' 'M']"
466901,0,157,5,152,41,0,0,"['A' 'M' 'U' 'M' 'M' 'M' 'U' 'A' 'M' 'M' 'U' 'M' 'M' 'U' 'M' 'U' 'M' 'M'
 'M' 'M' 'U' 'U' 'M' 'U' 'M' 'M' 'M' 'M' 'M' 'M' 'M' 'M' 'A' 'M' 'U' 'M'
 'M' 'M' 'M' 'M' 'M' 'M' 'M' 'U' 'M' 'M' 'U' 'M' 'M' 'M' 'M' 'U' 'U' 'M'
 'U' 'M' 'M' 'M' 'M' 'U' 'M' 'M' 'M' 'U' 'U' 'M' 'M' 'M' 'M' 'M' 'M' 'M'
 'U' 'M' 'M' 'M' 'M' 'M' 'M' 'M' 'M' 'M' 'M' 'M' 'U' 'M' 'M' 'M' 'U' 'M'
 'M' 'U' 'U' 'M' 'M' 'M' 'M' 'M' 'M' 'M' 'M' 'M' 'M' 'M' 'M' 'M' 'M' 'M'
 'U' 'M' 'U' 'M' 'U' 'M' 'M' 'M' 'M' 'M' 'M' 'A' 'M' 'M' 'M' 'M' 'M' 'M'
 'M' 'U' 'M' 'M' 'M' 'M' 'M' 'U' 'U' 'M' 'M' 'U' 'U' 'M' 'M' 'U' 'M' 'M'
 'M' 'M' 'M' 'U' 'M' 'U' 'M' 'M' 'M' 'M' 'M' 'M' 'M' 'M' 'U' 'M' 'U' 'M'
 'U' 'A' 'M' 'M' 'M' 'M' 'U' 'M' 'M' 'M' 'U' 'M' 'U' 'M' 'M' 'U' 'M' 'M'
 'M' 'M' 'M' 'M' 'M' 'M' 'M' 'M' 'M' 'U' 'M' 'M' 'M' 'M' 'M' 'M' 'M' 'M']"
467001,0,157,6,151,41,0,0,"['A' 'M' 'U' 'M' 'M' 'M' 'U' 'A' 'M' 'U' 'U' 'M' 'M' 'U' 'M' 'M' 'M' 'M'
 'M' 'M' 'U' 'U' 'M' 'U' 'M' 'M' 'M' 'M' 'M' 'M' 'M' 'M' 'A' 'M' 'U' 'M'
 'M' 'M' 'M' 'M' 'M' 'M' 'M' 'U' 'M' 'M' 'A' 'M' 'M' 'M' 'M' 'U' 'U' 'M'
 'U' 'M' 'M' 'M' 'M' 'U' 'M' 'M' 'M' 'U' 'M' 'M' 'M' 'M' 'M' 'M' 'M' 'M'
 'U' 'M' 'U' 'M' 'U' 'M' 'M' 'M' 'M' 'M' 'M' 'M' 'M' 'U' 'M' 'M' 'M' 'M'
 'U' 'M' 'M' 'M' 'M' 'M' 'M' 'M' 'M' 'M' 'M' 'M' 'M' 'M' 'M' 'M' 'M' 'M'
 'U' 'M' 'U' 'M' 'U' 'M' 'M' 'M' 'M' 'M' 'M' 'A' 'M' 'M' 'M' 'M' 'M' 'M'
 'M' 'U' 'M' 'M' 'M' 'U' 'U' 'U' 'M' 'U' 'U' 'M' 'U' 'M' 'M' 'M' 'M' 'M'
 'U' 'M' 'M' 'U' 'M' 'U' 'M' 'M' 'M' 'M' 'M' 'M' 'M' 'M' 'U' 'M' 'M' 'M'
 'U' 'A' 'M' 'M' 'M' 'M' 'U' 'M' 'M' 'M' 'U' 'M' 'U' 'M' 'M' 'U' 'M' 'M'
 'M' 'M' 'M' 'M' 'M' 'M' 'M' 'M' 'M' 'U' 'M' 'M' 'M' 'M' 'U' 'M' 'M' 'M']"
467101,0,150,4,146,48,0,0,"['A' 'M' 'U' 'M' 'M' 'M' 'U' 'U' 'M' 'U' 'U' 'M' 'M' 'M' 'M' 'M' 'M' 'M'
 'M' 'M' 'U' 'U' 'M' 'U' 'M' 'M' 'M' 'M' 'M' 'M' 'M' 'M' 'A' 'M' 'U' 'M'
 'M' 'M' 'M' 'M' 'M' 'M' 'M' 'U' 'M' 'M' 'A' 'M' 'M' 'M' 'U' 'M' 'U' 'M'
 'U' 'M' 'M' 'U' 'M' 'M' 'M' 'M' 'U' 'U' 'M' 'M' 'M' 'U' 'M' 'M' 'M' 'M'
 'M' 'M' 'M' 'U' 'M' 'U' 'M' 'M' 'M' 'M' 'M' 'M' 'M' 'U' 'M' 'M' 'M' 'M'
 'M' 'M' 'M' 'U' 'M' 'M' 'M' 'M' 'M' 'M' 'M' 'M' 'M' 'M' 'M' 'M' 'M' 'M'
 'U' 'M' 'U' 'M' 'U' 'U' 'M' 'M' 'M' 'M' 'U' 'U' 'M' 'M' 'M' 'M' 'M' 'M'
 'M' 'U' 'M' 'M' 'M' 'U' 'U' 'U' 'M' 'U' 'U' 'M' 'M' 'U' 'M' 'M' 'M' 'M'
 'U' 'M' 'M' 'U' 'M' 'M' 'M' 'U' 'U' 'M' 'M' 'M' 'M' 'M' 'M' 'M' 'M' 'U'
 'U' 'A' 'M' 'M' 'M' 'M' 'U' 'M' 'M' 'M' 'U' 'M' 'U' 'M' 'M' 'U' 'M' 'M'
 'M' 'U' 'M' 'M' 'M' 'M' 'M' 'U' 'M' 'U' 'M' 'M' 'M' 'U' 'M' 'M' 'M' 'M']"
467201,0,148,3,145,50,0,0,"['A' 'M' 'U' 'M' 'M' 'M' 'U' 'U' 'M' 'U' 'M' 'M' 'M' 'M' 'M' 'M' 'M' 'M'
 'M' 'M' 'U' 'M' 'M' 'M' 'M' 'M' 'U' 'M' 'M' 'M' 'M' 'M' 'U' 'M' 'U' 'M'
 'M' 'M' 'M' 'M' 'M' 'U' 'U' 'U' 'M' 'M' 'A' 'M' 'M' 'M' 'U' 'M' 'U' 'M'
 'U' 'M' 'M' 'M' 'M' 'M' 'M' 'M' 'U' 'M' 'M' 'M' 'M' 'M' 'M' 'M' 'U' 'M'
 'M' 'M' 'M' 'M' 'M' 'M' 'M' 'M' 'M' 'U' 'U' 'M' 'M' 'U' 'M' 'M' 'M' 'M'
 'U' 'M' 'M' 'M' 'M' 'M' 'M' 'M' 'M' 'M' 'M' 'M' 'M' 'M' 'M' 'M' 'M' 'M'
 'U' 'M' 'U' 'U' 'U' 'U' 'M' 'M' 'M' 'M' 'U' 'U' 'M' 'M' 'M' 'M' 'M' 'M'
 'M' 'U' 'U' 'M' 'M' 'U' 'U' 'U' 'M' 'U' 'U' 'M' 'U' 'U' 'M' 'M' 'M' 'U'
 'U' 'M' 'M' 'M' 'M' 'M' 'M' 'U' 'M' 'M' 'M' 'M' 'M' 'M' 'M' 'M' 'M' 'M'
 'U' 'A' 'M' 'M' 'M' 'M' 'U' 'M' 'U' 'M' 'U' 'M' 'M' 'M' 'M' 'U' 'M' 'M'
 'M' 'U' 'M' 'M' 'U' 'M' 'M' 'U' 'M' 'U' 'M' 'M' 'M' 'U' 'M' 'M' 'U' 'M']"
467301,0,144,4,140,54,0,0,"['A' 'M' 'U' 'M' 'U' 'M' 'M' 'U' 'M' 'U' 'U' 'U' 'M' 'M' 'M' 'M' 'M' 'M'
 'M' 'M' 'U' 'U' 'M' 'M' 'M' 'M' 'U' 'M' 'M' 'M' 'M' 'M' 'U' 'M' 'U' 'M'
 'M' 'M' 'M' 'M' 'M' 'U' 'U' 'U' 'M' 'M' 'A' 'M' 'M' 'M' 'U' 'M' 'U' 'M'
 'U' 'M' 'M' 'M' 'M' 'M' 'M' 'M' 'U' 'M' 'M' 'M' 'M' 'M' 'U' 'M' 'M' 'M'
 'M' 'M' 'M' 'U' 'M' 'M' 'M' 'M' 'M' 'M' 'U' 'M' 'M' 'M' 'M' 'U' 'M' 'M'
 'M' 'M' 'M' 'M' 'U' 'M' 'U' 'M' 'M' 'M' 'M' 'M' 'M' 'M' 'M' 'M' 'M' 'M'
 'U' 'M' 'M' 'U' 'U' 'M' 'M' 'M' 'M' 'M' 'U' 'U' 'M' 'M' 'M' 'U' 'M' 'M'
 'M' 'U' 'U' 'M' 'M' 'U' 'M' 'U' 'U' 'U' 'U' 'U' 'U' 'U' 'M' 'M' 'M' 'A'
 'U' 'U' 'M' 'M' 'M' 'M' 'M' 'U' 'M' 'M' 'M' 'U' 'M' 'M' 'M' 'M' 'M' 'M'
 'M' 'A' 'U' 'M' 'M' 'M' 'U' 'M' 'U' 'M' 'M' 'M' 'M' 'M' 'M' 'U' 'M' 'M'
 'M' 'U' 'M' 'M' 'U' 'M' 'M' 'U' 'M' 'U' 'M' 'M' 'M' 'M' 'M' 'U' 'U' 'M']"
467401,0,149,3,146,49,0,1,"['A' 'M' 'U' 'M' 'U' 'M' 'M' 'A' 'M' 'U' 'U' 'M' 'U' 'M' 'M' 'M' 'M' 'M'
 'M' 'M' 'M' 'M' 'M' 'M' 'M' 'M' 'U' 'M' 'M' 'M' 'M' 'M' 'M' 'M' 'U' 'M'
 'M' 'M' 'M' 'M' 'M' 'U' 'U' 'U' 'M' 'M' 'U' 'M' 'M' 'U' 'U' 'M' 'U' 'M'
 'U' 'M' 'M' 'M' 'M' 'U' 'M' 'U' 'M' 'M' 'M' 'M' 'M' 'M' 'M' 'U' 'U' 'M'
 'U' 'M' 'M' 'M' 'M' 'M' 'M' 'M' 'M' 'M' 'M' 'M' 'M' 'M' 'U' 'U' 'M' 'M'
 'M' 'M' 'M' 'M' 'M' 'M' 'U' 'M' 'M' 'M' 'M' 'M' 'M' 'M' 'M' 'M' 'M' 'M'
 'M' 'M' 'M' 'U' 'U' 'M' 'M' 'M' 'M' 'M' 'M' 'M' 'M' 'M' 'M' 'U' 'M' 'M'
 'M' 'U' 'U' 'M' 'M' 'U' 'U' 'U' 'M' 'M' 'U' 'U' 'U' 'U' 'M' 'M' 'U' 'U'
 'U' 'U' 'M' 'M' 'M' 'M' 'M' 'M' 'M' 'M' 'M' 'U' 'M' 'M' 'M' 'M' 'M' 'M'
 'M' 'A' 'U' 'M' 'M' 'M' 'U' 'M' 'U' 'M' 'M' 'M' 'M' 'M' 'U' 'M' 'M' 'M'
 'M' 'U' 'M' 'M' 'U' 'M' 'M' 'U' 'M' 'U' 'M' 'M' 'M' 'M' 'M' 'U' 'M' 'M']"
467501,0,151,2,149,47,0,0,"['A' 'M' 'U' 'M' 'U' 'M' 'M' 'A' 'M' 'U' 'U' 'M' 'U' 'M' 'M' 'M' 'M' 'M'
 'M' 'U' 'M' 'M' 'M' 'U' 'M' 'M' 'U' 'M' 'M' 'U' 'M' 'M' 'M' 'M' 'M' 'M'
 'M' 'M' 'M' 'M' 'M' 'U' 'U' 'U' 'M' 'M' 'U' 'M' 'M' 'M' 'U' 'M' 'U' 'U'
 'U' 'M' 'M' 'M' 'M' 'U' 'M' 'M' 'M' 'M' 'M' 'M' 'M' 'M' 'M' 'M' 'M' 'U'
 'M' 'M' 'M' 'M' 'U' 'M' 'U' 'M' 'M' 'M' 'U' 'M' 'M' 'M' 'M' 'M' 'M' 'M'
 'M' 'U' 'M' 'M' 'M' 'M' 'U' 'M' 'M' 'M' 'M' 'M' 'M' 'M' 'M' 'M' 'M' 'M'
 'M' 'M' 'M' 'U' 'U' 'M' 'M' 'M' 'M' 'U' 'M' 'U' 'M' 'M' 'U' 'M' 'M' 'M'
 'M' 'U' 'M' 'M' 'M' 'U' 'M' 'M' 'U' 'M' 'U' 'U' 'M' 'U' 'M' 'M' 'U' 'U'
 'U' 'M' 'M' 'M' 'M' 'M' 'M' 'M' 'M' 'M' 'M' 'U' 'M' 'M' 'M' 'M' 'M' 'M'
 'M' 'U' 'U' 'M' 'M' 'M' 'U' 'M' 'U' 'M' 'M' 'M' 'M' 'M' 'U' 'M' 'M' 'M'
 'M' 'U' 'M' 'M' 'M' 'M' 'M' 'M' 'M' 'U' 'M' 'M' 'M' 'M' 'M' 'U' 'M' 'M']"
467601,0,154,3,151,44,0,0,"['A' 'M' 'U' 'M' 'U' 'M' 'M' 'A' 'M' 'U' 'U' 'M' 'U' 'M' 'M' 'M' 'M' 'M'
 'M' 'U' 'M' 'M' 'M' 'U' 'M' 'M' 'M' 'M' 'M' 'M' 'M' 'M' 'M' 'M' 'M' 'M'
 'M' 'M' 'M' 'M' 'M' 'U' 'U' 'U' 'M' 'M' 'U' 'M' 'M' 'M' 'M' 'U' 'M' 'U'
 'M' 'U' 'M' 'M' 'M' 'U' 'M' 'M' 'M' 'M' 'M' 'M' 'M' 'M' 'M' 'M' 'M' 'U'
 'M' 'M' 'M' 'M' 'M' 'M' 'M' 'U' 'M' 'U' 'M' 'M' 'M' 'M' 'U' 'M' 'M' 'M'
 'U' 'M' 'M' 'M' 'M' 'M' 'U' 'M' 'M' 'M' 'M' 'M' 'M' 'M' 'M' 'M' 'M' 'M'
 'M' 'M' 'M' 'U' 'U' 'M' 'M' 'M' 'M' 'U' 'M' 'M' 'M' 'M' 'U' 'M' 'M' 'M'
 'M' 'A' 'U' 'M' 'M' 'U' 'M' 'U' 'U' 'M' 'U' 'U' 'U' 'U' 'M' 'M' 'U' 'U'
 'U' 'M' 'M' 'M' 'M' 'M' 'M' 'M' 'M' 'U' 'M' 'U' 'M' 'M' 'M' 'M' 'M' 'M'
 'M' 'U' 'U' 'M' 'M' 'M' 'U' 'M' 'U' 'M' 'M' 'M' 'M' 'M' 'M' 'M' 'M' 'M'
 'M' 'M' 'M' 'M' 'M' 'M' 'M' 'M' 'M' 'M' 'M' 'U' 'M' 'M' 'M' 'U' 'M' 'M']"
467701,0,162,5,157,36,0,0,"['A' 'M' 'M' 'M' 'M' 'M' 'M' 'A' 'M' 'U' 'U' 'M' 'U' 'M' 'M' 'M' 'M' 'M'
 'M' 'U' 'M' 'M' 'M' 'U' 'M' 'U' 'M' 'U' 'M' 'M' 'M' 'M' 'M' 'M' 'M' 'M'
 'M' 'M' 'M' 'M' 'M' 'U' 'U' 'U' 'M' 'M' 'M' 'M' 'M' 'M' 'U' 'M' 'M' 'U'
 'M' 'U' 'M' 'M' 'M' 'M' 'M' 'M' 'M' 'M' 'M' 'M' 'M' 'U' 'M' 'M' 'M' 'M'
 'M' 'M' 'M' 'M' 'M' 'M' 'M' 'M' 'M' 'M' 'U' 'M' 'M' 'M' 'M' 'M' 'M' 'U'
 'U' 'M' 'M' 'M' 'U' 'M' 'U' 'M' 'M' 'M' 'M' 'M' 'M' 'M' 'M' 'M' 'M' 'M'
 'M' 'M' 'M' 'U' 'U' 'M' 'M' 'M' 'M' 'U' 'M' 'M' 'M' 'M' 'U' 'M' 'M' 'M'
 'M' 'A' 'U' 'M' 'M' 'U' 'M' 'M' 'M' 'M' 'A' 'U' 'U' 'U' 'M' 'M' 'U' 'M'
 'U' 'M' 'M' 'M' 'M' 'M' 'M' 'M' 'U' 'U' 'M' 'M' 'M' 'M' 'M' 'M' 'M' 'M'
 'M' 'U' 'U' 'M' 'M' 'M' 'U' 'M' 'M' 'M' 'M' 'M' 'M' 'M' 'M' 'M' 'M' 'M'
 'M' 'M' 'M' 'M' 'M' 'M' 'M' 'M' 'M' 'M' 'M' 'U' 'M' 'M' 'M' 'A' 'M' 'M']"
467801,1,164,5,159,34,0,0,"['A' 'M' 'M' 'M' 'M' 'M' 'M' 'A' 'M' 'M' 'U' 'M' 'U' 'M' 'M' 'M' 'M' 'M'
 'M' 'U' 'M' 'M' 'M' 'U' 'M' 'U' 'M' 'U' 'M' 'M' 'M' 'M' 'M' 'M' 'M' 'M'
 'M' 'M' 'M' 'M' 'U' 'U' 'U' 'U' 'M' 'M' 'M' 'M' 'M' 'M' 'M' 'M' 'M' 'M'
 'M' 'U' 'M' 'M' 'M' 'M' 'M' 'M' 'M' 'M' 'M' 'M' 'M' 'U' 'M' 'M' 'M' 'M'
 'M' 'U' 'M' 'M' 'M' 'M' 'U' 'M' 'M' 'U' 'M' 'M' 'M' 'M' 'M' 'U' 'M' 'M'
 'M' 'M' 'M' 'M' 'M' 'M' 'U' 'M' 'M' 'M' 'M' 'M' 'M' 'M' 'M' 'M' 'M' 'M'
 'M' 'M' 'M' 'U' 'U' 'M' 'M' 'M' 'M' 'M' 'M' 'M' 'M' 'M' 'U' 'M' 'M' 'M'
 'M' 'A' 'U' 'M' 'M' 'U' 'M' 'M' 'M' 'M' 'A' 'U' 'U' 'U' 'M' 'M' 'M' 'M'
 'U' 'M' 'M' 'M' 'M' 'U' 'M' 'M' 'U' 'M' 'U' 'U' 'M' 'M' 'M' 'M' 'M' 'M'
 'M' 'U' 'U' 'M' 'M' 'M' 'U' 'M' 'M' 'M' 'M' 'M' 'M' 'M' 'M' 'M' 'M' 'M'
 'M' 'M' 'M' 'M' 'M' 'M' 'M' 'M' 'M' 'M' 'M' 'U' 'M' 'M' 'M' 'A' 'M' 'M']"
467901,0,158,3,155,40,0,0,"['A' 'M' 'M' 'M' 'M' 'M' 'M' 'U' 'M' 'M' 'U' 'M' 'U' 'M' 'M' 'M' 'M' 'M'
 'M' 'U' 'M' 'M' 'M' 'U' 'M' 'U' 'M' 'U' 'M' 'M' 'M' 'M' 'M' 'M' 'M' 'M'
 'M' 'M' 'M' 'M' 'U' 'U' 'U' 'U' 'M' 'M' 'M' 'M' 'M' 'M' 'M' 'M' 'M' 'M'
 'M' 'U' 'M' 'M' 'U' 'M' 'M' 'M' 'M' 'M' 'M' 'M' 'M' 'M' 'M' 'M' 'M' 'M'
 'M' 'M' 'M' 'M' 'M' 'M' 'M' 'M' 'M' 'U' 'U' 'M' 'U' 'M' 'U' 'M' 'U' 'M'
 'M' 'M' 'M' 'M' 'M' 'M' 'U' 'M' 'M' 'U' 'M' 'M' 'M' 'M' 'M' 'M' 'M' 'M'
 'M' 'M' 'M' 'M' 'M' 'M' 'M' 'M' 'M' 'M' 'M' 'M' 'M' 'M' 'U' 'M' 'M' 'M'
 'M' 'A' 'U' 'M' 'M' 'U' 'M' 'U' 'M' 'U' 'U' 'U' 'U' 'U' 'M' 'M' 'M' 'M'
 'M' 'M' 'M' 'M' 'U' 'U' 'M' 'M' 'U' 'U' 'U' 'U' 'M' 'M' 'M' 'M' 'U' 'M'
 'M' 'U' 'U' 'M' 'M' 'M' 'M' 'M' 'M' 'M' 'M' 'M' 'M' 'M' 'M' 'M' 'U' 'M'
 'M' 'M' 'M' 'M' 'M' 'M' 'M' 'M' 'M' 'M' 'M' 'U' 'M' 'M' 'M' 'A' 'M' 'M']"
468001,0,163,4,159,35,0,1,"['A' 'M' 'U' 'U' 'M' 'M' 'M' 'U' 'M' 'M' 'M' 'M' 'U' 'M' 'M' 'M' 'M' 'M'
 'M' 'U' 'M' 'M' 'M' 'U' 'M' 'U' 'M' 'M' 'M' 'M' 'M' 'M' 'M' 'M' 'M' 'M'
 'M' 'M' 'M' 'M' 'U' 'U' 'U' 'M' 'M' 'M' 'M' 'M' 'M' 'M' 'M' 'M' 'M' 'M'
 'M' 'U' 'M' 'M' 'U' 'M' 'M' 'M' 'M' 'M' 'M' 'M' 'M' 'M' 'M' 'M' 'M' 'M'
 'M' 'M' 'M' 'U' 'M' 'M' 'M' 'M' 'M' 'U' 'M' 'M' 'M' 'M' 'M' 'U' 'U' 'M'
 'U' 'M' 'M' 'M' 'M' 'M' 'M' 'M' 'U' 'U' 'M' 'M' 'M' 'M' 'M' 'M' 'M' 'M'
 'M' 'M' 'M' 'M' 'M' 'M' 'M' 'M' 'M' 'M' 'M' 'M' 'M' 'M' 'U' 'M' 'M' 'M'
 'M' 'A' 'A' 'M' 'M' 'U' 'M' 'M' 'M' 'U' 'U' 'M' 'U' 'U' 'M' 'M' 'M' 'M'
 'M' 'M' 'M' 'M' 'M' 'U' 'M' 'M' 'M' 'U' 'M' 'U' 'M' 'M' 'M' 'M' 'U' 'M'
 'U' 'U' 'U' 'M' 'M' 'M' 'M' 'M' 'U' 'M' 'M' 'M' 'M' 'M' 'M' 'M' 'U' 'M'
 'M' 'M' 'M' 'M' 'M' 'M' 'M' 'M' 'M' 'M' 'M' 'M' 'M' 'U' 'M' 'A' 'M' 'M']"
468101,0,164,5,159,34,0,0,"['A' 'M' 'M' 'U' 'M' 'M' 'M' 'M' 'M' 'M' 'M' 'M' 'M' 'M' 'M' 'M' 'M' 'M'
 'M' 'M' 'M' 'M' 'M' 'U' 'M' 'U' 'M' 'M' 'M' 'M' 'M' 'M' 'M' 'M' 'M' 'U'
 'M' 'M' 'M' 'M' 'U' 'U' 'U' 'M' 'M' 'M' 'M' 'M' 'M' 'M' 'M' 'M' 'M' 'M'
 'M' 'A' 'M' 'M' 'U' 'M' 'M' 'M' 'U' 'M' 'M' 'M' 'U' 'M' 'M' 'U' 'M' 'M'
 'M' 'U' 'M' 'M' 'U' 'M' 'M' 'M' 'M' 'M' 'M' 'M' 'M' 'M' 'M' 'M' 'M' 'M'
 'M' 'M' 'M' 'M' 'U' 'M' 'M' 'M' 'U' 'M' 'M' 'M' 'M' 'M' 'M' 'M' 'M' 'M'
 'M' 'A' 'M' 'M' 'M' 'M' 'M' 'M' 'M' 'M' 'M' 'M' 'M' 'U' 'M' 'M' 'M' 'M'
 'M' 'A' 'A' 'M' 'M' 'U' 'M' 'M' 'M' 'U' 'U' 'M' 'U' 'U' 'M' 'M' 'M' 'M'
 'M' 'M' 'M' 'U' 'M' 'M' 'M' 'U' 'U' 'U' 'M' 'M' 'M' 'M' 'M' 'M' 'U' 'M'
 'U' 'U' 'U' 'M' 'U' 'M' 'M' 'M' 'U' 'M' 'M' 'M' 'M' 'M' 'M' 'M' 'U' 'M'
 'M' 'M' 'M' 'M' 'M' 'M' 'M' 'M' 'M' 'M' 'M' 'M' 'M' 'U' 'M' 'U' 'M' 'M']"
468201,1,159,4,155,39,1,0,"['A' 'M' 'M' 'M' 'M' 'M' 'M' 'M' 'M' 'M' 'M' 'M' 'M' 'M' 'M' 'M' 'U' 'M'
 'M' 'M' 'M' 'M' 'M' 'M' 'M' 'U' 'M' 'M' 'M' 'M' 'M' 'M' 'M' 'M' 'U' 'M'
 'M' 'M' 'M' 'M' 'U' 'U' 'U' 'M' 'M' 'U' 'M' 'M' 'M' 'M' 'M' 'M' 'M' 'M'
 'M' 'A' 'M' 'U' 'M' 'M' 'M' 'M' 'U' 'M' 'M' 'M' 'M' 'M' 'M' 'M' 'M' 'M'
 'M' 'M' 'M' 'M' 'M' 'U' 'M' 'U' 'M' 'M' 'M' 'M' 'M' 'U' 'U' 'U' 'M' 'M'
 'M' 'M' 'M' 'M' 'M' 'M' 'M' 'M' 'U' 'M' 'M' 'U' 'M' 'M' 'M' 'M' 'M' 'M'
 'M' 'A' 'M' 'M' 'M' 'M' 'M' 'M' 'M' 'M' 'M' 'M' 'U' 'M' 'M' 'M' 'M' 'M'
 'M' 'A' 'M' 'M' 'M' 'U' 'U' 'U' 'U' 'U' 'U' 'U' 'M' 'U' 'M' 'M' 'M' 'U'
 'M' 'M' 'M' 'M' 'M' 'M' 'M' 'U' 'U' 'U' 'M' 'M' 'M' 'M' 'M' 'M' 'U' 'M'
 'M' 'U' 'U' 'M' 'U' 'M' 'M' 'M' 'U' 'M' 'M' 'M' 'M' 'M' 'M' 'M' 'U' 'M'
 'M' 'M' 'M' 'M' 'M' 'M' 'M' 'U' 'M' 'M' 'U' 'M' 'M' 'U' 'M' 'U' 'M' 'M']"
468301,0,163,7,156,35,0,0,"['A' 'M' 'M' 'M' 'M' 'M' 'M' 'M' 'M' 'M' 'M' 'U' 'M' 'M' 'M' 'M' 'U' 'M'
 'M' 'M' 'M' 'M' 'M' 'M' 'M' 'U' 'M' 'M' 'M' 'M' 'M' 'M' 'M' 'M' 'U' 'M'
 'M' 'M' 'M' 'M' 'U' 'A' 'A' 'U' 'M' 'M' 'M' 'M' 'M' 'M' 'M' 'M' 'M' 'M'
 'M' 'A' 'M' 'U' 'M' 'M' 'M' 'M' 'M' 'M' 'M' 'M' 'U' 'M' 'U' 'M' 'M' 'M'
 'M' 'M' 'M' 'M' 'U' 'U' 'M' 'M' 'M' 'M' 'M' 'M' 'M' 'M' 'M' 'U' 'M' 'M'
 'M' 'M' 'M' 'M' 'M' 'U' 'M' 'M' 'M' 'U' 'M' 'U' 'M' 'M' 'M' 'M' 'M' 'M'
 'M' 'U' 'M' 'M' 'M' 'M' 'M' 'M' 'M' 'M' 'M' 'M' 'A' 'M' 'M' 'M' 'M' 'M'
 'M' 'A' 'M' 'U' 'M' 'U' 'M' 'U' 'M' 'U' 'U' 'A' 'U' 'U' 'M' 'M' 'M' 'U'
 'M' 'M' 'M' 'M' 'M' 'M' 'M' 'U' 'U' 'U' 'M' 'M' 'M' 'M' 'M' 'M' 'M' 'M'
 'M' 'U' 'M' 'M' 'U' 'M' 'M' 'M' 'U' 'U' 'M' 'M' 'M' 'M' 'M' 'M' 'U' 'M'
 'M' 'M' 'M' 'M' 'M' 'M' 'M' 'U' 'M' 'U' 'M' 'M' 'M' 'U' 'M' 'M' 'M' 'M']"
468401,0,156,7,149,42,0,0,"['A' 'M' 'M' 'M' 'M' 'M' 'M' 'M' 'M' 'M' 'M' 'U' 'M' 'M' 'M' 'M' 'U' 'M'
 'U' 'M' 'M' 'M' 'U' 'M' 'M' 'M' 'M' 'M' 'M' 'M' 'M' 'M' 'M' 'M' 'U' 'M'
 'M' 'M' 'M' 'M' 'U' 'U' 'A' 'U' 'M' 'M' 'M' 'M' 'M' 'U' 'M' 'M' 'M' 'M'
 'M' 'A' 'M' 'M' 'M' 'M' 'M' 'M' 'M' 'U' 'U' 'M' 'M' 'M' 'M' 'M' 'U' 'M'
 'M' 'M' 'M' 'M' 'M' 'M' 'M' 'M' 'M' 'M' 'U' 'M' 'M' 'U' 'M' 'U' 'M' 'M'
 'M' 'M' 'M' 'M' 'U' 'U' 'M' 'M' 'M' 'U' 'M' 'U' 'M' 'M' 'M' 'M' 'M' 'M'
 'M' 'U' 'M' 'M' 'M' 'M' 'M' 'M' 'M' 'U' 'U' 'M' 'A' 'M' 'M' 'M' 'M' 'M'
 'M' 'U' 'M' 'U' 'M' 'U' 'U' 'U' 'U' 'U' 'A' 'A' 'U' 'U' 'M' 'M' 'M' 'M'
 'M' 'M' 'U' 'M' 'M' 'M' 'M' 'U' 'U' 'M' 'M' 'M' 'M' 'M' 'M' 'M' 'U' 'M'
 'M' 'M' 'M' 'M' 'U' 'M' 'M' 'U' 'U' 'U' 'M' 'M' 'M' 'M' 'M' 'M' 'U' 'M'
 'M' 'M' 'M' 'M' 'M' 'M' 'M' 'U' 'M' 'A' 'M' 'M' 'M' 'U' 'M' 'M' 'M' 'M']"
468501,0,149,7,142,49,0,0,"['A' 'M' 'M' 'M' 'U' 'M' 'M' 'M' 'M' 'M' 'M' 'U' 'U' 'M' 'M' 'M' 'U' 'M'
 'U' 'M' 'M' 'M' 'U' 'M' 'M' 'M' 'M' 'M' 'M' 'M' 'M' 'M' 'M' 'M' 'U' 'M'
 'M' 'M' 'M' 'U' 'U' 'U' 'A' 'U' 'M' 'M' 'M' 'M' 'M' 'U' 'M' 'M' 'M' 'M'
 'U' 'A' 'M' 'M' 'M' 'M' 'M' 'M' 'U' 'U' 'U' 'U' 'M' 'M' 'U' 'U' 'M' 'M'
 'U' 'M' 'M' 'M' 'M' 'M' 'U' 'M' 'M' 'M' 'M' 'M' 'M' 'M' 'M' 'M' 'M' 'M'
 'M' 'M' 'M' 'M' 'M' 'U' 'M' 'M' 'M' 'U' 'M' 'U' 'M' 'M' 'M' 'M' 'M' 'M'
 'M' 'U' 'M' 'M' 'M' 'M' 'M' 'M' 'M' 'U' 'U' 'M' 'A' 'M' 'U' 'M' 'M' 'M'
 'M' 'U' 'M' 'U' 'M' 'M' 'U' 'U' 'U' 'U' 'A' 'A' 'U' 'U' 'U' 'M' 'M' 'M'
 'M' 'M' 'U' 'M' 'M' 'M' 'M' 'U' 'U' 'M' 'M' 'M' 'M' 'M' 'M' 'M' 'U' 'U'
 'M' 'U' 'M' 'M' 'U' 'M' 'M' 'U' 'U' 'M' 'M' 'M' 'M' 'M' 'M' 'M' 'U' 'M'
 'M' 'M' 'M' 'M' 'M' 'M' 'M' 'U' 'M' 'U' 'M' 'M' 'M' 'A' 'M' 'M' 'M' 'M']"
468601,0,151,8,143,47,0,1,"['A' 'M' 'M' 'M' 'M' 'M' 'M' 'U' 'M' 'M' 'M' 'U' 'U' 'M' 'M' 'M' 'U' 'M'
 'M' 'M' 'M' 'M' 'U' 'M' 'M' 'M' 'M' 'M' 'M' 'M' 'M' 'M' 'M' 'M' 'U' 'M'
 'M' 'M' 'M' 'A' 'U' 'U' 'A' 'U' 'M' 'M' 'M' 'M' 'M' 'U' 'M' 'M' 'M' 'M'
 'U' 'A' 'M' 'M' 'U' 'M' 'M' 'M' 'U' 'U' 'U' 'U' 'M' 'M' 'M' 'M' 'M' 'M'
 'M' 'M' 'M' 'M' 'M' 'M' 'U' 'U' 'M' 'U' 'U' 'M' 'M' 'M' 'M' 'M' 'M' 'M'
 'M' 'M' 'M' 'M' 'M' 'M' 'M' 'M' 'M' 'U' 'M' 'M' 'M' 'M' 'M' 'M' 'M' 'M'
 'M' 'M' 'M' 'M' 'M' 'M' 'M' 'M' 'M' 'U' 'U' 'M' 'A' 'M' 'U' 'M' 'M' 'M'
 'M' 'U' 'M' 'U' 'M' 'M' 'U' 'U' 'U' 'U' 'A' 'A' 'U' 'U' 'U' 'M' 'M' 'M'
 'M' 'M' 'M' 'M' 'M' 'M' 'M' 'U' 'U' 'M' 'U' 'M' 'M' 'M' 'M' 'M' 'U' 'U'
 'M' 'U' 'U' 'M' 'U' 'M' 'M' 'U' 'U' 'M' 'M' 'M' 'M' 'M' 'M' 'M' 'U' 'M'
 'U' 'M' 'M' 'M' 'M' 'M' 'M' 'U' 'M' 'U' 'M' 'M' 'M' 'A' 'M' 'M' 'M' 'M']"
468701,1,158,10,148,40,0,0,"['A' 'M' 'M' 'M' 'M' 'M' 'M' 'M' 'M' 'M' 'M' 'U' 'U' 'M' 'M' 'M' 'U' 'M'
 'U' 'M' 'M' 'M' 'U' 'M' 'M' 'M' 'M' 'M' 'M' 'M' 'M' 'M' 'M' 'M' 'M' 'M'
 'M' 'M' 'M' 'A' 'M' 'U' 'A' 'U' 'M' 'M' 'M' 'M' 'M' 'M' 'M' 'U' 'M' 'M'
 'U' 'A' 'M' 'M' 'U' 'M' 'M' 'M' 'U' 'U' 'U' 'M' 'U' 'U' 'M' 'M' 'U' 'M'
 'M' 'M' 'M' 'M' 'M' 'M' 'M' 'M' 'M' 'M' 'M' 'M' 'M' 'U' 'M' 'M' 'U' 'M'
 'M' 'M' 'M' 'M' 'M' 'M' 'M' 'M' 'M' 'U' 'M' 'M' 'M' 'M' 'M' 'M' 'M' 'M'
 'M' 'M' 'M' 'M' 'M' 'M' 'M' 'M' 'M' 'U' 'M' 'M' 'A' 'M' 'A' 'M' 'M' 'M'
 'M' 'M' 'M' 'M' 'M' 'U' 'U' 'U' 'U' 'U' 'A' 'A' 'U' 'U' 'U' 'M' 'M' 'M'
 'M' 'M' 'M' 'M' 'M' 'M' 'M' 'U' 'U' 'M' 'U' 'M' 'M' 'M' 'M' 'M' 'A' 'M'
 'M' 'M' 'U' 'M' 'U' 'M' 'M' 'U' 'M' 'M' 'M' 'M' 'M' 'M' 'M' 'M' 'U' 'U'
 'U' 'M' 'M' 'M' 'M' 'M' 'M' 'U' 'M' 'U' 'M' 'M' 'M' 'A' 'M' 'M' 'U' 'M']"
468801,0,160,10,150,38,0,0,"['A' 'M' 'M' 'M' 'U' 'M' 'M' 'M' 'M' 'M' 'M' 'M' 'U' 'M' 'M' 'M' 'U' 'M'
 'A' 'M' 'U' 'M' 'U' 'M' 'M' 'M' 'M' 'M' 'M' 'M' 'M' 'M' 'M' 'M' 'U' 'U'
 'M' 'M' 'M' 'A' 'M' 'M' 'U' 'M' 'M' 'M' 'M' 'M' 'M' 'U' 'U' 'M' 'U' 'M'
 'M' 'U' 'M' 'M' 'U' 'M' 'M' 'M' 'U' 'M' 'U' 'U' 'M' 'M' 'M' 'M' 'M' 'M'
 'M' 'M' 'U' 'M' 'M' 'M' 'U' 'M' 'M' 'M' 'M' 'M' 'M' 'M' 'M' 'M' 'M' 'U'
 'M' 'M' 'U' 'M' 'M' 'M' 'M' 'M' 'M' 'M' 'M' 'M' 'M' 'M' 'M' 'M' 'M' 'U'
 'M' 'M' 'M' 'M' 'M' 'U' 'M' 'M' 'M' 'U' 'M' 'M' 'A' 'M' 'A' 'M' 'M' 'M'
 'M' 'M' 'M' 'M' 'M' 'M' 'U' 'U' 'U' 'M' 'A' 'A' 'U' 'U' 'U' 'M' 'M' 'M'
 'M' 'M' 'M' 'M' 'M' 'M' 'M' 'U' 'U' 'M' 'M' 'M' 'M' 'M' 'M' 'M' 'A' 'M'
 'M' 'U' 'M' 'M' 'U' 'M' 'M' 'U' 'M' 'M' 'M' 'M' 'M' 'M' 'M' 'M' 'A' 'U'
 'M' 'M' 'M' 'M' 'M' 'M' 'M' 'U' 'M' 'M' 'M' 'M' 'M' 'A' 'M' 'M' 'U' 'U']"
468901,0,157,8,149,41,0,0,"['A' 'M' 'M' 'M' 'M' 'M' 'M' 'M' 'M' 'M' 'U' 'M' 'M' 'M' 'M' 'M' 'U' 'M'
 'M' 'M' 'U' 'U' 'U' 'M' 'M' 'M' 'M' 'M' 'M' 'M' 'M' 'U' 'M' 'M' 'U' 'U'
 'M' 'M' 'M' 'A' 'M' 'M' 'U' 'M' 'M' 'M' 'U' 'M' 'M' 'U' 'M' 'M' 'M' 'M'
 'U' 'U' 'M' 'M' 'U' 'U' 'M' 'M' 'M' 'M' 'U' 'U' 'M' 'M' 'M' 'M' 'M' 'M'
 'M' 'M' 'M' 'M' 'M' 'M' 'U' 'U' 'M' 'M' 'M' 'M' 'M' 'M' 'U' 'M' 'M' 'M'
 'M' 'U' 'M' 'M' 'M' 'M' 'M' 'M' 'M' 'M' 'M' 'U' 'M' 'U' 'M' 'M' 'M' 'U'
 'M' 'M' 'M' 'M' 'M' 'U' 'M' 'M' 'M' 'M' 'M' 'M' 'A' 'M' 'U' 'M' 'M' 'M'
 'M' 'M' 'M' 'M' 'M' 'M' 'M' 'U' 'U' 'M' 'A' 'A' 'U' 'U' 'M' 'M' 'M' 'U'
 'M' 'M' 'M' 'M' 'M' 'M' 'U' 'U' 'M' 'M' 'M' 'M' 'M' 'M' 'M' 'M' 'A' 'M'
 'M' 'U' 'M' 'M' 'U' 'M' 'M' 'U' 'M' 'M' 'M' 'M' 'M' 'M' 'M' 'M' 'A' 'U'
 'M' 'M' 'U' 'M' 'M' 'M' 'M' 'U' 'M' 'M' 'M' 'M' 'M' 'A' 'M' 'M' 'U' 'U']"
469001,0,155,5,150,43,0,0,"['A' 'M' 'M' 'M' 'M' 'M' 'M' 'M' 'M' 'M' 'M' 'M' 'M' 'M' 'M' 'M' 'U' 'M'
 'M' 'M' 'U' 'U' 'U' 'M' 'M' 'M' 'M' 'M' 'M' 'M' 'M' 'U' 'M' 'M' 'U' 'U'
 'M' 'M' 'M' 'A' 'M' 'M' 'U' 'U' 'M' 'M' 'U' 'M' 'M' 'U' 'M' 'M' 'M' 'M'
 'U' 'U' 'M' 'U' 'M' 'U' 'M' 'M' 'M' 'M' 'U' 'M' 'M' 'M' 'M' 'M' 'M' 'U'
 'M' 'M' 'M' 'M' 'M' 'M' 'M' 'M' 'U' 'M' 'M' 'M' 'M' 'M' 'M' 'M' 'U' 'U'
 'M' 'M' 'M' 'U' 'M' 'M' 'M' 'M' 'M' 'M' 'M' 'U' 'M' 'U' 'M' 'U' 'M' 'M'
 'M' 'M' 'M' 'M' 'M' 'U' 'M' 'M' 'M' 'M' 'M' 'M' 'A' 'M' 'U' 'M' 'M' 'M'
 'M' 'U' 'M' 'M' 'M' 'M' 'M' 'U' 'U' 'M' 'U' 'U' 'M' 'M' 'M' 'M' 'M' 'U'
 'M' 'M' 'M' 'M' 'M' 'M' 'U' 'U' 'M' 'M' 'M' 'M' 'U' 'M' 'M' 'M' 'A' 'M'
 'M' 'U' 'M' 'M' 'U' 'M' 'M' 'U' 'M' 'M' 'M' 'M' 'M' 'M' 'U' 'M' 'A' 'M'
 'M' 'M' 'U' 'M' 'M' 'M' 'M' 'U' 'M' 'M' 'M' 'M' 'M' 'U' 'M' 'M' 'U' 'M']"
469101,1,152,4,148,46,0,0,"['A' 'M' 'M' 'M' 'M' 'M' 'M' 'M' 'M' 'M' 'M' 'M' 'M' 'M' 'M' 'M' 'U' 'M'
 'M' 'M' 'M' 'M' 'U' 'M' 'M' 'M' 'M' 'M' 'M' 'M' 'M' 'M' 'M' 'M' 'M' 'M'
 'M' 'M' 'M' 'A' 'M' 'M' 'U' 'U' 'M' 'U' 'U' 'M' 'M' 'U' 'M' 'M' 'M' 'M'
 'U' 'U' 'M' 'U' 'M' 'U' 'M' 'M' 'M' 'M' 'U' 'M' 'M' 'M' 'M' 'U' 'M' 'M'
 'U' 'M' 'M' 'M' 'U' 'M' 'M' 'M' 'M' 'U' 'M' 'U' 'M' 'M' 'M' 'M' 'M' 'M'
 'M' 'M' 'M' 'M' 'M' 'M' 'M' 'U' 'M' 'M' 'M' 'U' 'M' 'U' 'M' 'U' 'U' 'M'
 'M' 'M' 'M' 'M' 'M' 'U' 'U' 'M' 'M' 'U' 'M' 'M' 'A' 'M' 'M' 'U' 'M' 'M'
 'M' 'U' 'M' 'M' 'M' 'M' 'U' 'U' 'U' 'U' 'U' 'U' 'U' 'M' 'M' 'M' 'M' 'M'
 'M' 'M' 'M' 'M' 'M' 'M' 'U' 'U' 'M' 'M' 'M' 'M' 'M' 'M' 'M' 'M' 'A' 'U'
 'M' 'M' 'M' 'M' 'U' 'M' 'M' 'U' 'M' 'U' 'M' 'M' 'M' 'M' 'U' 'M' 'U' 'M'
 'M' 'M' 'U' 'M' 'M' 'M' 'M' 'U' 'M' 'M' 'M' 'M' 'M' 'U' 'M' 'M' 'U' 'M']"
469201,0,161,4,157,37,0,0,"['A' 'M' 'M' 'M' 'M' 'M' 'M' 'M' 'M' 'M' 'M' 'M' 'M' 'M' 'M' 'M' 'M' 'M'
 'M' 'U' 'M' 'M' 'M' 'M' 'M' 'M' 'M' 'M' 'M' 'M' 'M' 'M' 'M' 'M' 'M' 'M'
 'M' 'M' 'U' 'U' 'M' 'M' 'U' 'U' 'M' 'A' 'U' 'M' 'M' 'U' 'M' 'M' 'M' 'M'
 'M' 'U' 'M' 'U' 'M' 'U' 'M' 'M' 'M' 'M' 'U' 'M' 'M' 'M' 'M' 'U' 'M' 'M'
 'M' 'U' 'M' 'M' 'M' 'M' 'M' 'M' 'M' 'U' 'M' 'U' 'M' 'M' 'M' 'M' 'M' 'M'
 'M' 'M' 'U' 'M' 'M' 'M' 'M' 'U' 'M' 'M' 'M' 'M' 'M' 'M' 'M' 'U' 'U' 'M'
 'M' 'M' 'M' 'M' 'M' 'U' 'U' 'M' 'M' 'U' 'M' 'M' 'A' 'M' 'M' 'M' 'M' 'M'
 'M' 'M' 'M' 'M' 'M' 'M' 'U' 'U' 'U' 'U' 'U' 'M' 'U' 'M' 'M' 'M' 'M' 'M'
 'M' 'M' 'M' 'M' 'M' 'U' 'M' 'U' 'M' 'M' 'M' 'M' 'M' 'U' 'M' 'M' 'A' 'M'
 'M' 'M' 'M' 'M' 'U' 'M' 'M' 'U' 'M' 'U' 'M' 'M' 'M' 'M' 'U' 'M' 'M' 'M'
 'M' 'M' 'M' 'M' 'M' 'M' 'M' 'M' 'M' 'M' 'M' 'M' 'U' 'U' 'M' 'M' 'M' 'M']"
469301,0,156,3,153,42,0,0,"['A' 'M' 'M' 'M' 'M' 'M' 'M' 'M' 'M' 'M' 'M' 'M' 'U' 'M' 'M' 'M' 'M' 'M'
 'M' 'U' 'M' 'M' 'M' 'M' 'M' 'M' 'M' 'U' 'M' 'M' 'M' 'M' 'M' 'M' 'M' 'M'
 'M' 'M' 'U' 'U' 'M' 'M' 'M' 'U' 'M' 'A' 'U' 'M' 'M' 'U' 'M' 'M' 'M' 'M'
 'M' 'U' 'M' 'U' 'M' 'U' 'M' 'M' 'M' 'M' 'U' 'M' 'U' 'U' 'M' 'U' 'M' 'M'
 'M' 'M' 'U' 'M' 'M' 'M' 'M' 'M' 'M' 'M' 'U' 'M' 'M' 'M' 'M' 'M' 'M' 'M'
 'M' 'M' 'M' 'M' 'M' 'M' 'M' 'M' 'M' 'M' 'M' 'M' 'M' 'M' 'M' 'M' 'M' 'M'
 'M' 'M' 'M' 'M' 'M' 'U' 'U' 'M' 'M' 'M' 'M' 'M' 'A' 'M' 'M' 'M' 'M' 'U'
 'M' 'M' 'U' 'M' 'M' 'M' 'U' 'M' 'U' 'U' 'U' 'U' 'U' 'U' 'M' 'M' 'M' 'M'
 'M' 'M' 'M' 'M' 'M' 'U' 'U' 'U' 'M' 'U' 'U' 'M' 'M' 'U' 'M' 'M' 'U' 'M'
 'M' 'M' 'M' 'M' 'U' 'M' 'M' 'U' 'M' 'M' 'M' 'M' 'M' 'U' 'U' 'M' 'M' 'M'
 'M' 'M' 'M' 'M' 'M' 'M' 'U' 'M' 'M' 'M' 'M' 'M' 'U' 'U' 'M' 'M' 'M' 'M']"
469401,0,159,2,157,39,0,0,"['A' 'M' 'M' 'M' 'M' 'U' 'M' 'M' 'M' 'M' 'M' 'M' 'U' 'M' 'M' 'M' 'M' 'M'
 'M' 'U' 'M' 'M' 'M' 'M' 'M' 'M' 'M' 'U' 'M' 'M' 'M' 'M' 'M' 'M' 'M' 'M'
 'M' 'M' 'U' 'U' 'M' 'M' 'M' 'M' 'M' 'A' 'M' 'M' 'M' 'M' 'M' 'M' 'M' 'M'
 'M' 'U' 'M' 'U' 'M' 'U' 'U' 'M' 'U' 'M' 'M' 'M' 'M' 'M' 'M' 'M' 'M' 'M'
 'M' 'U' 'U' 'M' 'M' 'M' 'U' 'M' 'M' 'U' 'M' 'M' 'M' 'M' 'U' 'M' 'M' 'M'
 'M' 'M' 'M' 'M' 'M' 'M' 'M' 'M' 'M' 'M' 'M' 'M' 'M' 'M' 'M' 'M' 'M' 'M'
 'M' 'M' 'M' 'M' 'M' 'U' 'U' 'M' 'M' 'M' 'M' 'M' 'U' 'M' 'M' 'M' 'M' 'M'
 'M' 'M' 'U' 'M' 'M' 'M' 'U' 'U' 'U' 'U' 'U' 'U' 'U' 'U' 'M' 'U' 'M' 'M'
 'M' 'M' 'M' 'M' 'M' 'U' 'U' 'U' 'M' 'U' 'U' 'M' 'M' 'U' 'M' 'M' 'M' 'M'
 'M' 'M' 'M' 'M' 'M' 'M' 'M' 'U' 'M' 'M' 'M' 'M' 'M' 'U' 'M' 'M' 'M' 'M'
 'M' 'M' 'M' 'M' 'M' 'M' 'M' 'U' 'M' 'M' 'M' 'M' 'U' 'M' 'M' 'M' 'M' 'M']"
469501,0,154,3,151,44,0,0,"['A' 'M' 'M' 'M' 'M' 'U' 'M' 'M' 'M' 'M' 'M' 'M' 'U' 'M' 'M' 'M' 'M' 'U'
 'M' 'M' 'M' 'M' 'M' 'U' 'M' 'M' 'M' 'U' 'M' 'M' 'M' 'M' 'M' 'M' 'M' 'M'
 'M' 'M' 'U' 'U' 'M' 'M' 'M' 'M' 'M' 'A' 'M' 'M' 'U' 'M' 'M' 'M' 'M' 'M'
 'M' 'U' 'M' 'U' 'M' 'M' 'M' 'M' 'U' 'M' 'M' 'M' 'M' 'U' 'U' 'M' 'M' 'U'
 'M' 'M' 'M' 'M' 'M' 'M' 'M' 'M' 'M' 'M' 'M' 'M' 'M' 'M' 'U' 'M' 'U' 'M'
 'M' 'M' 'M' 'M' 'M' 'U' 'U' 'M' 'U' 'M' 'M' 'M' 'M' 'M' 'M' 'M' 'M' 'M'
 'M' 'M' 'U' 'M' 'M' 'U' 'U' 'M' 'M' 'M' 'M' 'M' 'U' 'M' 'U' 'M' 'M' 'M'
 'M' 'M' 'A' 'M' 'M' 'M' 'U' 'M' 'U' 'U' 'U' 'U' 'U' 'U' 'U' 'U' 'M' 'M'
 'M' 'M' 'U' 'M' 'M' 'M' 'U' 'M' 'M' 'U' 'U' 'M' 'M' 'U' 'M' 'M' 'M' 'U'
 'M' 'M' 'M' 'M' 'M' 'M' 'M' 'U' 'M' 'M' 'M' 'M' 'M' 'U' 'M' 'M' 'M' 'M'
 'M' 'M' 'M' 'M' 'M' 'M' 'M' 'U' 'M' 'M' 'M' 'M' 'U' 'U' 'M' 'M' 'M' 'M']"
469601,0,161,3,158,37,0,0,"['A' 'M' 'M' 'M' 'M' 'M' 'M' 'M' 'M' 'M' 'M' 'M' 'U' 'M' 'M' 'M' 'M' 'M'
 'M' 'M' 'M' 'M' 'M' 'M' 'M' 'M' 'M' 'M' 'M' 'M' 'M' 'M' 'M' 'M' 'M' 'U'
 'M' 'M' 'U' 'M' 'M' 'M' 'M' 'M' 'U' 'A' 'M' 'M' 'M' 'M' 'M' 'M' 'M' 'M'
 'M' 'U' 'M' 'U' 'M' 'M' 'M' 'M' 'U' 'M' 'M' 'M' 'M' 'M' 'M' 'U' 'M' 'U'
 'M' 'M' 'M' 'M' 'M' 'M' 'M' 'U' 'M' 'M' 'M' 'M' 'M' 'U' 'M' 'M' 'M' 'M'
 'M' 'M' 'M' 'M' 'U' 'M' 'M' 'M' 'U' 'M' 'M' 'M' 'M' 'U' 'M' 'M' 'M' 'M'
 'M' 'M' 'U' 'M' 'M' 'U' 'U' 'M' 'M' 'M' 'M' 'M' 'U' 'M' 'U' 'M' 'M' 'M'
 'M' 'M' 'A' 'M' 'M' 'M' 'U' 'M' 'U' 'M' 'U' 'M' 'U' 'U' 'U' 'U' 'M' 'M'
 'U' 'M' 'U' 'M' 'M' 'M' 'M' 'M' 'M' 'M' 'U' 'M' 'M' 'U' 'M' 'M' 'M' 'U'
 'M' 'M' 'M' 'M' 'M' 'M' 'M' 'U' 'M' 'M' 'M' 'M' 'M' 'U' 'M' 'M' 'M' 'M'
 'M' 'M' 'M' 'M' 'M' 'M' 'U' 'M' 'M' 'M' 'U' 'M' 'U' 'U' 'M' 'M' 'M' 'M']"
469701,0,160,5,155,38,0,0,"['A' 'M' 'M' 'M' 'M' 'M' 'M' 'M' 'M' 'M' 'M' 'M' 'M' 'M' 'M' 'M' 'M' 'M'
 'M' 'M' 'M' 'M' 'M' 'M' 'M' 'M' 'M' 'M' 'M' 'M' 'M' 'M' 'M' 'M' 'M' 'U'
 'M' 'M' 'U' 'M' 'U' 'M' 'M' 'M' 'M' 'A' 'M' 'A' 'M' 'M' 'M' 'M' 'M' 'M'
 'M' 'U' 'M' 'U' 'M' 'M' 'M' 'M' 'U' 'M' 'U' 'M' 'U' 'U' 'U' 'M' 'M' 'M'
 'M' 'M' 'M' 'M' 'M' 'M' 'U' 'M' 'M' 'M' 'M' 'U' 'M' 'M' 'M' 'M' 'M' 'M'
 'M' 'M' 'M' 'M' 'M' 'U' 'M' 'M' 'U' 'M' 'M' 'M' 'M' 'U' 'M' 'M' 'M' 'M'
 'U' 'M' 'U' 'M' 'M' 'U' 'U' 'M' 'M' 'M' 'M' 'M' 'A' 'M' 'U' 'M' 'M' 'M'
 'M' 'M' 'A' 'U' 'M' 'U' 'U' 'M' 'U' 'U' 'U' 'U' 'M' 'U' 'M' 'U' 'M' 'M'
 'U' 'M' 'U' 'M' 'M' 'M' 'M' 'M' 'U' 'M' 'M' 'M' 'M' 'U' 'M' 'M' 'M' 'M'
 'M' 'M' 'U' 'M' 'M' 'M' 'M' 'U' 'M' 'M' 'M' 'M' 'M' 'M' 'M' 'M' 'M' 'M'
 'M' 'M' 'M' 'M' 'M' 'M' 'M' 'M' 'U' 'M' 'U' 'M' 'U' 'M' 'M' 'M' 'M' 'M']"
469801,0,161,5,156,37,0,0,"['A' 'M' 'M' 'M' 'M' 'M' 'M' 'M' 'U' 'U' 'M' 'M' 'U' 'M' 'M' 'M' 'U' 'M'
 'M' 'M' 'M' 'M' 'M' 'M' 'M' 'M' 'M' 'M' 'M' 'M' 'M' 'M' 'M' 'M' 'M' 'U'
 'M' 'M' 'U' 'M' 'M' 'M' 'M' 'M' 'M' 'A' 'M' 'A' 'M' 'M' 'M' 'M' 'M' 'M'
 'M' 'M' 'M' 'U' 'M' 'M' 'M' 'U' 'M' 'M' 'U' 'M' 'U' 'U' 'M' 'M' 'M' 'M'
 'M' 'M' 'M' 'U' 'M' 'M' 'U' 'M' 'M' 'M' 'M' 'M' 'M' 'M' 'M' 'U' 'M' 'M'
 'M' 'M' 'M' 'M' 'M' 'U' 'M' 'M' 'U' 'M' 'M' 'M' 'M' 'U' 'M' 'M' 'U' 'M'
 'U' 'M' 'U' 'M' 'M' 'M' 'U' 'M' 'M' 'M' 'M' 'M' 'A' 'M' 'M' 'M' 'M' 'M'
 'M' 'M' 'A' 'M' 'M' 'U' 'U' 'U' 'U' 'M' 'U' 'M' 'M' 'U' 'M' 'U' 'M' 'M'
 'M' 'M' 'U' 'M' 'M' 'M' 'M' 'M' 'U' 'M' 'M' 'M' 'M' 'M' 'M' 'U' 'M' 'M'
 'M' 'M' 'U' 'M' 'M' 'M' 'M' 'U' 'M' 'M' 'M' 'M' 'M' 'M' 'U' 'M' 'M' 'M'
 'M' 'M' 'M' 'M' 'M' 'M' 'M' 'M' 'U' 'M' 'U' 'M' 'U' 'M' 'M' 'M' 'M' 'M']"
469901,0,164,4,160,34,0,0,"['A' 'U' 'M' 'M' 'M' 'M' 'M' 'M' 'U' 'U' 'M' 'M' 'M' 'M' 'M' 'M' 'M' 'M'
 'M' 'M' 'M' 'M' 'M' 'M' 'M' 'M' 'M' 'M' 'M' 'M' 'M' 'M' 'M' 'M' 'M' 'U'
 'M' 'M' 'M' 'M' 'M' 'M' 'M' 'M' 'M' 'U' 'M' 'U' 'M' 'M' 'M' 'M' 'M' 'M'
 'M' 'U' 'M' 'U' 'M' 'M' 'M' 'U' 'M' 'M' 'U' 'M' 'M' 'M' 'M' 'M' 'U' 'M'
 'U' 'M' 'M' 'M' 'M' 'M' 'M' 'M' 'M' 'U' 'M' 'M' 'M' 'M' 'M' 'M' 'M' 'U'
 'M' 'M' 'M' 'U' 'M' 'U' 'M' 'M' 'U' 'M' 'M' 'M' 'M' 'M' 'M' 'M' 'M' 'M'
 'U' 'M' 'M' 'M' 'M' 'M' 'M' 'M' 'M' 'M' 'M' 'M' 'A' 'M' 'M' 'U' 'M' 'M'
 'M' 'M' 'A' 'M' 'M' 'U' 'A' 'U' 'U' 'M' 'U' 'M' 'M' 'U' 'M' 'U' 'M' 'M'
 'M' 'M' 'U' 'M' 'M' 'M' 'M' 'M' 'U' 'M' 'M' 'U' 'M' 'M' 'M' 'U' 'M' 'M'
 'M' 'M' 'U' 'M' 'M' 'M' 'M' 'M' 'M' 'U' 'M' 'M' 'M' 'M' 'M' 'M' 'M' 'U'
 'M' 'M' 'M' 'M' 'M' 'M' 'M' 'M' 'U' 'M' 'M' 'M' 'U' 'M' 'M' 'M' 'M' 'M']"
470001,0,169,3,166,29,0,0,"['A' 'M' 'M' 'M' 'M' 'M' 'M' 'M' 'U' 'U' 'M' 'M' 'M' 'M' 'M' 'M' 'M' 'M'
 'M' 'M' 'M' 'M' 'M' 'M' 'M' 'M' 'M' 'M' 'M' 'M' 'M' 'M' 'M' 'M' 'M' 'U'
 'M' 'M' 'M' 'M' 'M' 'M' 'U' 'M' 'M' 'U' 'M' 'U' 'M' 'M' 'M' 'M' 'M' 'M'
 'M' 'U' 'M' 'U' 'M' 'M' 'M' 'U' 'M' 'M' 'U' 'M' 'U' 'M' 'M' 'U' 'U' 'M'
 'M' 'M' 'M' 'M' 'M' 'M' 'M' 'U' 'M' 'U' 'M' 'M' 'M' 'M' 'M' 'M' 'M' 'M'
 'M' 'M' 'M' 'M' 'M' 'M' 'M' 'M' 'U' 'M' 'M' 'M' 'U' 'M' 'M' 'M' 'M' 'M'
 'U' 'M' 'M' 'M' 'M' 'M' 'M' 'M' 'M' 'M' 'M' 'M' 'A' 'M' 'M' 'U' 'M' 'M'
 'M' 'M' 'U' 'M' 'M' 'M' 'A' 'M' 'U' 'M' 'U' 'M' 'M' 'U' 'M' 'M' 'M' 'M'
 'M' 'U' 'U' 'M' 'M' 'M' 'M' 'M' 'M' 'M' 'M' 'U' 'M' 'M' 'M' 'U' 'M' 'M'
 'M' 'M' 'U' 'M' 'M' 'M' 'M' 'M' 'M' 'M' 'M' 'M' 'M' 'M' 'M' 'M' 'M' 'M'
 'M' 'M' 'M' 'M' 'M' 'M' 'M' 'M' 'U' 'M' 'M' 'M' 'M' 'M' 'M' 'M' 'M' 'M']"
470101,0,173,2,171,25,0,0,"['A' 'M' 'M' 'M' 'M' 'M' 'M' 'M' 'U' 'U' 'M' 'M' 'M' 'U' 'M' 'M' 'M' 'M'
 'M' 'M' 'M' 'M' 'M' 'M' 'M' 'M' 'M' 'M' 'M' 'M' 'M' 'M' 'M' 'M' 'M' 'M'
 'M' 'M' 'M' 'M' 'M' 'M' 'M' 'M' 'U' 'U' 'M' 'M' 'M' 'U' 'M' 'M' 'M' 'M'
 'M' 'U' 'M' 'U' 'M' 'M' 'M' 'M' 'M' 'M' 'U' 'M' 'M' 'M' 'M' 'U' 'M' 'M'
 'M' 'M' 'M' 'M' 'M' 'U' 'M' 'M' 'M' 'M' 'M' 'M' 'M' 'U' 'M' 'M' 'M' 'M'
 'M' 'U' 'M' 'M' 'U' 'M' 'M' 'M' 'U' 'M' 'M' 'M' 'U' 'M' 'M' 'M' 'M' 'M'
 'U' 'M' 'M' 'M' 'M' 'M' 'M' 'M' 'M' 'M' 'M' 'M' 'A' 'M' 'M' 'U' 'M' 'M'
 'M' 'M' 'U' 'M' 'M' 'M' 'M' 'M' 'M' 'M' 'U' 'M' 'M' 'M' 'M' 'M' 'M' 'M'
 'M' 'M' 'U' 'M' 'M' 'M' 'M' 'M' 'M' 'M' 'M' 'M' 'M' 'M' 'M' 'M' 'M' 'M'
 'M' 'M' 'U' 'M' 'M' 'M' 'M' 'M' 'M' 'M' 'M' 'M' 'M' 'M' 'M' 'M' 'M' 'M'
 'M' 'M' 'M' 'M' 'M' 'M' 'M' 'M' 'U' 'M' 'M' 'M' 'M' 'U' 'U' 'M' 'M' 'M']"
470201,0,168,2,166,30,0,0,"['A' 'M' 'M' 'M' 'M' 'M' 'M' 'U' 'M' 'M' 'M' 'M' 'M' 'M' 'M' 'M' 'M' 'M'
 'M' 'U' 'M' 'M' 'M' 'M' 'M' 'M' 'M' 'M' 'M' 'M' 'M' 'M' 'M' 'M' 'U' 'M'
 'M' 'M' 'U' 'M' 'M' 'M' 'M' 'M' 'U' 'M' 'M' 'U' 'M' 'U' 'M' 'U' 'M' 'M'
 'U' 'U' 'M' 'U' 'M' 'M' 'M' 'M' 'M' 'M' 'U' 'M' 'M' 'M' 'M' 'M' 'M' 'M'
 'M' 'M' 'M' 'M' 'M' 'U' 'U' 'M' 'M' 'M' 'M' 'M' 'M' 'M' 'M' 'U' 'M' 'M'
 'M' 'U' 'U' 'M' 'M' 'M' 'M' 'M' 'M' 'M' 'M' 'M' 'A' 'U' 'M' 'M' 'M' 'M'
 'U' 'M' 'M' 'M' 'M' 'M' 'M' 'M' 'M' 'M' 'M' 'M' 'U' 'M' 'M' 'U' 'M' 'M'
 'M' 'M' 'U' 'M' 'U' 'M' 'M' 'M' 'M' 'M' 'U' 'M' 'M' 'U' 'M' 'M' 'M' 'M'
 'M' 'M' 'U' 'M' 'M' 'M' 'M' 'M' 'U' 'M' 'M' 'M' 'M' 'M' 'M' 'M' 'M' 'M'
 'M' 'M' 'M' 'M' 'M' 'M' 'M' 'M' 'M' 'M' 'M' 'M' 'M' 'M' 'M' 'M' 'U' 'M'
 'M' 'M' 'M' 'M' 'M' 'M' 'M' 'M' 'U' 'M' 'M' 'M' 'M' 'M' 'U' 'M' 'M' 'M']"
470301,0,161,4,157,37,0,0,"['A' 'M' 'M' 'M' 'M' 'M' 'M' 'U' 'M' 'M' 'M' 'M' 'M' 'M' 'M' 'M' 'M' 'M'
 'M' 'U' 'M' 'M' 'M' 'M' 'M' 'M' 'M' 'M' 'M' 'M' 'M' 'M' 'M' 'M' 'M' 'M'
 'M' 'U' 'U' 'M' 'M' 'M' 'M' 'M' 'M' 'M' 'M' 'U' 'M' 'M' 'M' 'U' 'M' 'U'
 'U' 'U' 'M' 'U' 'M' 'M' 'M' 'M' 'M' 'M' 'U' 'M' 'M' 'U' 'M' 'M' 'U' 'M'
 'M' 'M' 'M' 'M' 'U' 'U' 'M' 'M' 'M' 'M' 'M' 'U' 'M' 'M' 'M' 'M' 'M' 'M'
 'M' 'M' 'M' 'M' 'M' 'M' 'M' 'M' 'M' 'M' 'M' 'M' 'A' 'U' 'M' 'U' 'M' 'U'
 'U' 'M' 'M' 'M' 'M' 'M' 'M' 'M' 'M' 'M' 'M' 'M' 'U' 'M' 'M' 'M' 'M' 'M'
 'M' 'M' 'A' 'M' 'U' 'U' 'U' 'U' 'U' 'U' 'A' 'U' 'U' 'U' 'M' 'M' 'M' 'M'
 'M' 'M' 'U' 'M' 'M' 'M' 'M' 'M' 'U' 'M' 'M' 'M' 'M' 'M' 'M' 'M' 'M' 'M'
 'M' 'M' 'U' 'M' 'M' 'M' 'M' 'M' 'M' 'M' 'M' 'M' 'M' 'M' 'M' 'M' 'U' 'U'
 'M' 'M' 'M' 'M' 'M' 'M' 'M' 'M' 'U' 'M' 'U' 'M' 'M' 'M' 'M' 'M' 'M' 'M']"
470401,0,159,3,156,39,0,0,"['A' 'M' 'M' 'M' 'M' 'M' 'M' 'U' 'M' 'M' 'M' 'M' 'M' 'M' 'M' 'M' 'M' 'M'
 'M' 'U' 'M' 'M' 'M' 'M' 'M' 'M' 'M' 'M' 'M' 'M' 'M' 'M' 'M' 'M' 'M' 'M'
 'M' 'M' 'U' 'M' 'U' 'M' 'M' 'M' 'U' 'M' 'M' 'U' 'M' 'M' 'M' 'U' 'M' 'U'
 'U' 'U' 'M' 'U' 'M' 'M' 'M' 'M' 'M' 'M' 'U' 'M' 'M' 'M' 'M' 'M' 'M' 'M'
 'U' 'M' 'U' 'M' 'M' 'M' 'M' 'M' 'M' 'M' 'M' 'M' 'U' 'U' 'M' 'M' 'M' 'M'
 'M' 'M' 'U' 'M' 'M' 'M' 'M' 'M' 'M' 'M' 'M' 'M' 'U' 'M' 'M' 'U' 'M' 'U'
 'U' 'M' 'M' 'M' 'M' 'M' 'M' 'M' 'M' 'M' 'U' 'M' 'U' 'M' 'U' 'M' 'M' 'M'
 'M' 'M' 'A' 'M' 'U' 'U' 'U' 'U' 'U' 'U' 'A' 'M' 'U' 'M' 'M' 'M' 'M' 'M'
 'M' 'M' 'M' 'M' 'M' 'M' 'M' 'M' 'U' 'M' 'M' 'U' 'M' 'M' 'M' 'M' 'M' 'M'
 'M' 'M' 'U' 'M' 'M' 'M' 'M' 'M' 'M' 'M' 'M' 'M' 'M' 'M' 'M' 'M' 'U' 'M'
 'U' 'M' 'M' 'M' 'M' 'M' 'M' 'M' 'U' 'M' 'U' 'M' 'M' 'M' 'M' 'M' 'M' 'U']"
470501,0,160,4,156,38,1,0,"['A' 'M' 'M' 'M' 'M' 'M' 'M' 'U' 'M' 'M' 'M' 'U' 'M' 'M' 'M' 'M' 'U' 'M'
 'M' 'U' 'U' 'M' 'M' 'M' 'M' 'M' 'M' 'A' 'M' 'M' 'M' 'M' 'U' 'M' 'M' 'U'
 'M' 'M' 'M' 'M' 'M' 'M' 'M' 'M' 'M' 'M' 'M' 'U' 'M' 'M' 'M' 'U' 'M' 'U'
 'M' 'U' 'M' 'U' 'M' 'M' 'M' 'M' 'M' 'M' 'U' 'M' 'U' 'M' 'M' 'U' 'M' 'U'
 'M' 'M' 'M' 'M' 'M' 'M' 'M' 'M' 'M' 'M' 'M' 'M' 'M' 'M' 'U' 'U' 'M' 'M'
 'M' 'M' 'M' 'M' 'M' 'M' 'M' 'M' 'M' 'M' 'M' 'M' 'U' 'M' 'M' 'U' 'M' 'U'
 'U' 'M' 'M' 'M' 'M' 'M' 'M' 'M' 'M' 'M' 'M' 'M' 'U' 'M' 'U' 'M' 'M' 'M'
 'M' 'M' 'U' 'M' 'U' 'U' 'M' 'U' 'M' 'U' 'A' 'M' 'U' 'M' 'M' 'M' 'M' 'M'
 'M' 'M' 'M' 'M' 'M' 'M' 'M' 'M' 'U' 'M' 'M' 'M' 'M' 'M' 'M' 'M' 'M' 'M'
 'M' 'M' 'U' 'M' 'M' 'M' 'M' 'M' 'M' 'M' 'M' 'M' 'M' 'U' 'M' 'M' 'A' 'M'
 'U' 'M' 'M' 'M' 'M' 'M' 'M' 'M' 'U' 'M' 'U' 'M' 'M' 'M' 'M' 'U' 'M' 'U']"
470601,1,161,4,157,37,0,0,"['A' 'M' 'M' 'M' 'M' 'M' 'M' 'M' 'M' 'M' 'M' 'U' 'M' 'M' 'M' 'M' 'U' 'M'
 'M' 'U' 'U' 'M' 'M' 'U' 'M' 'M' 'M' 'A' 'M' 'M' 'M' 'M' 'M' 'M' 'M' 'M'
 'M' 'M' 'M' 'M' 'M' 'M' 'M' 'M' 'M' 'M' 'M' 'U' 'M' 'M' 'M' 'M' 'U' 'U'
 'M' 'U' 'M' 'U' 'M' 'M' 'M' 'M' 'M' 'M' 'U' 'M' 'M' 'M' 'M' 'M' 'M' 'M'
 'M' 'M' 'M' 'M' 'M' 'U' 'M' 'U' 'U' 'U' 'M' 'M' 'M' 'M' 'M' 'M' 'M' 'M'
 'M' 'M' 'U' 'M' 'M' 'M' 'M' 'M' 'M' 'M' 'M' 'M' 'U' 'M' 'M' 'A' 'M' 'M'
 'U' 'M' 'M' 'M' 'M' 'M' 'M' 'U' 'M' 'M' 'M' 'M' 'U' 'M' 'U' 'M' 'M' 'M'
 'M' 'M' 'M' 'M' 'U' 'U' 'U' 'U' 'M' 'U' 'U' 'M' 'U' 'M' 'M' 'M' 'M' 'M'
 'M' 'M' 'M' 'M' 'U' 'U' 'M' 'M' 'U' 'M' 'M' 'M' 'M' 'M' 'M' 'M' 'M' 'M'
 'M' 'M' 'M' 'M' 'M' 'M' 'M' 'U' 'M' 'M' 'M' 'M' 'M' 'U' 'M' 'M' 'A' 'M'
 'U' 'M' 'M' 'M' 'M' 'M' 'M' 'M' 'M' 'M' 'U' 'M' 'M' 'M' 'M' 'U' 'M' 'U']"
470701,0,153,3,150,45,0,0,"['A' 'M' 'M' 'M' 'M' 'M' 'M' 'M' 'U' 'M' 'M' 'M' 'M' 'M' 'M' 'M' 'U' 'M'
 'M' 'U' 'U' 'M' 'M' 'U' 'U' 'M' 'M' 'A' 'M' 'M' 'M' 'M' 'M' 'M' 'M' 'M'
 'M' 'M' 'M' 'M' 'M' 'M' 'M' 'M' 'M' 'M' 'M' 'U' 'M' 'M' 'M' 'M' 'U' 'U'
 'U' 'U' 'M' 'U' 'M' 'M' 'M' 'U' 'M' 'M' 'U' 'U' 'M' 'M' 'M' 'M' 'U' 'M'
 'M' 'M' 'M' 'M' 'M' 'M' 'M' 'M' 'M' 'M' 'M' 'U' 'M' 'U' 'M' 'M' 'M' 'M'
 'M' 'M' 'M' 'U' 'M' 'M' 'M' 'M' 'M' 'M' 'M' 'M' 'U' 'M' 'M' 'U' 'M' 'M'
 'U' 'M' 'M' 'M' 'U' 'M' 'M' 'M' 'M' 'M' 'M' 'M' 'U' 'M' 'U' 'M' 'M' 'M'
 'M' 'M' 'M' 'M' 'U' 'U' 'U' 'U' 'M' 'M' 'U' 'U' 'U' 'M' 'M' 'M' 'M' 'M'
 'M' 'M' 'M' 'M' 'U' 'U' 'M' 'M' 'U' 'M' 'M' 'M' 'M' 'M' 'M' 'M' 'M' 'M'
 'M' 'M' 'M' 'M' 'U' 'M' 'U' 'U' 'M' 'M' 'M' 'M' 'M' 'U' 'M' 'M' 'A' 'M'
 'U' 'M' 'M' 'M' 'M' 'M' 'M' 'U' 'M' 'M' 'U' 'M' 'M' 'M' 'M' 'U' 'U' 'U']"
470801,0,160,4,156,38,0,1,"['A' 'M' 'M' 'M' 'M' 'M' 'M' 'M' 'U' 'M' 'M' 'M' 'M' 'M' 'M' 'M' 'U' 'U'
 'M' 'A' 'U' 'M' 'M' 'U' 'U' 'M' 'M' 'A' 'M' 'M' 'M' 'M' 'M' 'M' 'M' 'M'
 'M' 'M' 'M' 'M' 'M' 'M' 'M' 'M' 'M' 'M' 'M' 'U' 'M' 'M' 'M' 'M' 'U' 'M'
 'U' 'M' 'M' 'U' 'M' 'M' 'M' 'U' 'M' 'M' 'U' 'U' 'M' 'M' 'M' 'M' 'M' 'M'
 'M' 'M' 'U' 'M' 'U' 'M' 'M' 'M' 'M' 'U' 'M' 'M' 'M' 'M' 'M' 'M' 'M' 'U'
 'M' 'M' 'M' 'M' 'M' 'M' 'M' 'U' 'M' 'M' 'M' 'M' 'U' 'M' 'M' 'M' 'M' 'M'
 'M' 'M' 'M' 'M' 'U' 'M' 'M' 'M' 'M' 'M' 'M' 'M' 'U' 'U' 'M' 'M' 'M' 'M'
 'M' 'M' 'M' 'M' 'U' 'M' 'M' 'U' 'U' 'U' 'U' 'U' 'U' 'M' 'M' 'M' 'M' 'M'
 'M' 'M' 'M' 'M' 'U' 'U' 'M' 'M' 'M' 'M' 'M' 'M' 'M' 'M' 'M' 'M' 'M' 'M'
 'M' 'M' 'M' 'M' 'U' 'M' 'U' 'U' 'M' 'M' 'M' 'M' 'M' 'U' 'M' 'M' 'A' 'M'
 'U' 'M' 'M' 'M' 'M' 'M' 'M' 'U' 'M' 'M' 'U' 'M' 'M' 'M' 'M' 'M' 'M' 'M']"
470901,0,166,4,162,32,0,0,"['A' 'M' 'M' 'M' 'M' 'U' 'M' 'M' 'M' 'M' 'M' 'U' 'M' 'M' 'M' 'M' 'M' 'U'
 'M' 'U' 'U' 'M' 'M' 'U' 'M' 'M' 'M' 'A' 'M' 'M' 'M' 'M' 'M' 'M' 'M' 'M'
 'M' 'M' 'M' 'M' 'M' 'M' 'M' 'M' 'M' 'M' 'M' 'U' 'M' 'M' 'M' 'M' 'A' 'M'
 'U' 'U' 'M' 'M' 'M' 'M' 'M' 'U' 'M' 'M' 'U' 'M' 'M' 'M' 'M' 'M' 'M' 'M'
 'M' 'U' 'M' 'M' 'M' 'M' 'M' 'U' 'M' 'M' 'M' 'U' 'M' 'U' 'M' 'M' 'M' 'M'
 'M' 'M' 'M' 'M' 'U' 'M' 'M' 'U' 'M' 'M' 'M' 'M' 'U' 'M' 'U' 'M' 'M' 'M'
 'M' 'M' 'M' 'M' 'U' 'M' 'M' 'M' 'M' 'M' 'M' 'M' 'U' 'U' 'M' 'M' 'M' 'M'
 'M' 'M' 'M' 'M' 'M' 'M' 'M' 'U' 'A' 'U' 'M' 'M' 'U' 'M' 'M' 'M' 'M' 'M'
 'M' 'M' 'M' 'M' 'U' 'M' 'M' 'M' 'M' 'M' 'M' 'M' 'M' 'M' 'U' 'M' 'M' 'M'
 'M' 'M' 'M' 'M' 'M' 'M' 'M' 'M' 'M' 'M' 'M' 'M' 'M' 'U' 'M' 'M' 'U' 'M'
 'U' 'M' 'M' 'M' 'M' 'M' 'M' 'U' 'M' 'M' 'U' 'M' 'M' 'M' 'M' 'M' 'M' 'M']"
471001,0,172,6,166,26,0,1,"['A' 'M' 'M' 'M' 'M' 'U' 'M' 'M' 'M' 'M' 'M' 'U' 'M' 'U' 'M' 'M' 'M' 'U'
 'M' 'U' 'U' 'M' 'M' 'U' 'M' 'M' 'M' 'A' 'M' 'M' 'M' 'M' 'M' 'M' 'M' 'M'
 'M' 'M' 'M' 'M' 'M' 'M' 'M' 'M' 'M' 'M' 'M' 'M' 'M' 'M' 'M' 'M' 'A' 'M'
 'U' 'U' 'M' 'M' 'M' 'M' 'M' 'U' 'M' 'M' 'U' 'U' 'M' 'M' 'M' 'M' 'M' 'M'
 'M' 'U' 'U' 'M' 'M' 'M' 'M' 'M' 'M' 'M' 'M' 'M' 'M' 'M' 'M' 'U' 'M' 'U'
 'M' 'M' 'M' 'M' 'M' 'M' 'M' 'U' 'M' 'M' 'M' 'M' 'U' 'M' 'U' 'M' 'M' 'M'
 'M' 'M' 'M' 'M' 'M' 'M' 'M' 'M' 'M' 'M' 'M' 'M' 'U' 'M' 'M' 'M' 'M' 'M'
 'M' 'M' 'M' 'M' 'M' 'M' 'M' 'A' 'A' 'U' 'M' 'M' 'U' 'M' 'M' 'M' 'M' 'M'
 'M' 'M' 'M' 'M' 'U' 'M' 'M' 'M' 'M' 'M' 'M' 'M' 'M' 'M' 'M' 'M' 'M' 'M'
 'M' 'M' 'M' 'M' 'M' 'M' 'M' 'M' 'M' 'M' 'M' 'M' 'M' 'A' 'M' 'M' 'U' 'M'
 'U' 'M' 'M' 'M' 'M' 'M' 'M' 'U' 'M' 'M' 'M' 'M' 'M' 'M' 'M' 'M' 'M' 'M']"
471101,0,162,5,157,36,0,0,"['A' 'M' 'M' 'M' 'M' 'U' 'M' 'M' 'U' 'M' 'M' 'U' 'M' 'U' 'M' 'M' 'M' 'A'
 'M' 'U' 'U' 'M' 'M' 'U' 'M' 'M' 'M' 'M' 'M' 'M' 'M' 'M' 'M' 'M' 'M' 'M'
 'M' 'M' 'M' 'M' 'M' 'M' 'U' 'M' 'M' 'M' 'M' 'M' 'M' 'M' 'M' 'M' 'A' 'M'
 'U' 'U' 'M' 'M' 'M' 'M' 'M' 'U' 'M' 'M' 'U' 'M' 'M' 'M' 'M' 'M' 'M' 'M'
 'M' 'M' 'M' 'U' 'U' 'M' 'M' 'M' 'M' 'M' 'M' 'U' 'M' 'M' 'M' 'M' 'M' 'U'
 'M' 'M' 'U' 'M' 'M' 'M' 'M' 'U' 'M' 'U' 'M' 'M' 'U' 'M' 'U' 'M' 'M' 'M'
 'M' 'M' 'U' 'U' 'U' 'M' 'M' 'M' 'U' 'M' 'M' 'M' 'U' 'M' 'U' 'M' 'M' 'M'
 'M' 'M' 'M' 'M' 'M' 'M' 'M' 'U' 'A' 'U' 'M' 'M' 'U' 'M' 'M' 'U' 'M' 'M'
 'M' 'M' 'U' 'M' 'U' 'M' 'M' 'M' 'M' 'M' 'M' 'M' 'M' 'M' 'M' 'M' 'M' 'M'
 'M' 'U' 'M' 'M' 'M' 'M' 'M' 'M' 'M' 'M' 'M' 'M' 'M' 'A' 'M' 'M' 'U' 'M'
 'U' 'M' 'M' 'M' 'M' 'M' 'M' 'M' 'M' 'M' 'M' 'M' 'M' 'M' 'M' 'M' 'M' 'M']"
471201,0,160,4,156,38,0,0,"['A' 'M' 'M' 'M' 'M' 'M' 'M' 'M' 'M' 'M' 'M' 'U' 'M' 'U' 'M' 'M' 'M' 'A'
 'M' 'M' 'U' 'M' 'U' 'U' 'M' 'M' 'M' 'M' 'M' 'M' 'M' 'M' 'M' 'M' 'M' 'M'
 'M' 'M' 'M' 'M' 'U' 'M' 'U' 'M' 'M' 'M' 'M' 'M' 'M' 'U' 'U' 'M' 'U' 'M'
 'U' 'U' 'M' 'M' 'M' 'M' 'M' 'U' 'M' 'M' 'U' 'M' 'M' 'M' 'M' 'M' 'M' 'M'
 'M' 'M' 'M' 'M' 'M' 'M' 'M' 'M' 'U' 'M' 'M' 'M' 'M' 'M' 'U' 'M' 'M' 'U'
 'M' 'U' 'M' 'U' 'M' 'M' 'M' 'U' 'M' 'U' 'M' 'M' 'U' 'U' 'U' 'M' 'U' 'M'
 'M' 'M' 'U' 'M' 'U' 'M' 'M' 'M' 'U' 'M' 'M' 'M' 'U' 'M' 'U' 'M' 'M' 'M'
 'M' 'M' 'M' 'M' 'M' 'M' 'M' 'U' 'A' 'M' 'M' 'M' 'U' 'M' 'M' 'U' 'M' 'M'
 'M' 'M' 'M' 'M' 'U' 'M' 'M' 'M' 'M' 'M' 'M' 'M' 'M' 'M' 'M' 'M' 'M' 'M'
 'M' 'U' 'M' 'M' 'M' 'M' 'M' 'M' 'M' 'M' 'M' 'M' 'M' 'A' 'M' 'M' 'U' 'M'
 'U' 'M' 'M' 'U' 'M' 'M' 'M' 'M' 'M' 'M' 'M' 'M' 'M' 'M' 'M' 'M' 'M' 'M']"
471301,1,154,3,151,44,0,0,"['A' 'M' 'M' 'M' 'M' 'M' 'M' 'M' 'M' 'M' 'M' 'M' 'M' 'U' 'M' 'M' 'M' 'A'
 'M' 'M' 'U' 'M' 'M' 'U' 'M' 'M' 'M' 'M' 'M' 'M' 'M' 'M' 'M' 'M' 'M' 'M'
 'M' 'M' 'U' 'M' 'U' 'M' 'U' 'M' 'M' 'M' 'M' 'M' 'M' 'U' 'U' 'M' 'M' 'U'
 'U' 'U' 'M' 'M' 'M' 'M' 'M' 'U' 'M' 'M' 'U' 'M' 'M' 'M' 'M' 'M' 'U' 'M'
 'M' 'U' 'M' 'M' 'M' 'M' 'M' 'M' 'M' 'M' 'M' 'M' 'M' 'U' 'M' 'M' 'U' 'M'
 'M' 'M' 'M' 'M' 'U' 'M' 'M' 'U' 'M' 'U' 'M' 'M' 'U' 'M' 'U' 'M' 'U' 'M'
 'M' 'M' 'U' 'M' 'U' 'M' 'M' 'M' 'M' 'U' 'M' 'M' 'U' 'M' 'U' 'M' 'M' 'M'
 'M' 'M' 'U' 'M' 'M' 'U' 'U' 'U' 'A' 'U' 'U' 'U' 'U' 'U' 'M' 'U' 'M' 'M'
 'M' 'M' 'M' 'M' 'U' 'M' 'M' 'M' 'M' 'M' 'M' 'M' 'M' 'M' 'M' 'M' 'M' 'M'
 'M' 'U' 'M' 'M' 'M' 'M' 'M' 'M' 'M' 'M' 'M' 'M' 'M' 'U' 'M' 'M' 'U' 'M'
 'U' 'M' 'M' 'U' 'M' 'M' 'M' 'M' 'M' 'M' 'M' 'M' 'M' 'M' 'M' 'M' 'M' 'M']"
471401,0,153,2,151,45,1,0,"['A' 'M' 'M' 'M' 'M' 'U' 'M' 'M' 'M' 'M' 'M' 'M' 'M' 'U' 'M' 'M' 'M' 'A'
 'M' 'M' 'U' 'M' 'M' 'U' 'M' 'M' 'M' 'M' 'M' 'M' 'M' 'M' 'M' 'M' 'M' 'M'
 'M' 'M' 'U' 'M' 'U' 'M' 'U' 'M' 'M' 'M' 'M' 'M' 'M' 'U' 'U' 'M' 'M' 'U'
 'U' 'U' 'M' 'M' 'M' 'U' 'M' 'U' 'M' 'M' 'U' 'M' 'M' 'M' 'M' 'M' 'M' 'M'
 'M' 'M' 'U' 'M' 'M' 'U' 'M' 'M' 'M' 'M' 'M' 'U' 'M' 'M' 'M' 'U' 'U' 'M'
 'M' 'M' 'M' 'M' 'M' 'M' 'M' 'U' 'U' 'U' 'M' 'M' 'U' 'M' 'U' 'M' 'M' 'U'
 'M' 'M' 'U' 'M' 'U' 'M' 'M' 'M' 'M' 'M' 'M' 'M' 'U' 'M' 'U' 'M' 'M' 'M'
 'M' 'M' 'U' 'M' 'M' 'U' 'M' 'U' 'M' 'U' 'U' 'U' 'M' 'U' 'M' 'U' 'M' 'M'
 'M' 'M' 'M' 'M' 'U' 'M' 'M' 'M' 'M' 'M' 'M' 'U' 'M' 'M' 'M' 'M' 'M' 'M'
 'M' 'M' 'M' 'M' 'M' 'M' 'M' 'M' 'M' 'M' 'M' 'M' 'M' 'U' 'M' 'M' 'U' 'M'
 'U' 'M' 'M' 'M' 'M' 'U' 'M' 'U' 'M' 'M' 'M' 'M' 'M' 'M' 'M' 'M' 'M' 'M']"
471501,0,153,4,149,45,1,0,"['A' 'M' 'M' 'M' 'M' 'U' 'M' 'M' 'M' 'M' 'M' 'M' 'M' 'U' 'M' 'M' 'M' 'A'
 'M' 'M' 'U' 'M' 'M' 'U' 'M' 'M' 'M' 'M' 'M' 'M' 'M' 'M' 'U' 'M' 'M' 'M'
 'M' 'M' 'U' 'U' 'U' 'M' 'U' 'M' 'M' 'M' 'M' 'M' 'M' 'M' 'U' 'M' 'M' 'U'
 'U' 'U' 'M' 'M' 'M' 'U' 'M' 'U' 'U' 'M' 'M' 'M' 'M' 'U' 'M' 'M' 'M' 'M'
 'M' 'M' 'M' 'M' 'U' 'M' 'M' 'U' 'M' 'M' 'U' 'M' 'M' 'M' 'U' 'M' 'M' 'M'
 'M' 'M' 'M' 'M' 'M' 'U' 'M' 'U' 'U' 'U' 'M' 'M' 'U' 'M' 'U' 'U' 'M' 'M'
 'M' 'M' 'U' 'M' 'A' 'M' 'M' 'M' 'M' 'M' 'M' 'M' 'U' 'M' 'U' 'M' 'U' 'M'
 'M' 'M' 'U' 'M' 'M' 'U' 'M' 'M' 'M' 'U' 'U' 'U' 'M' 'M' 'M' 'U' 'M' 'M'
 'M' 'M' 'M' 'M' 'U' 'M' 'M' 'M' 'M' 'M' 'M' 'A' 'M' 'M' 'M' 'M' 'M' 'M'
 'M' 'M' 'M' 'M' 'M' 'M' 'M' 'M' 'U' 'M' 'M' 'M' 'M' 'U' 'M' 'M' 'U' 'M'
 'U' 'M' 'M' 'M' 'M' 'U' 'M' 'U' 'M' 'M' 'M' 'M' 'M' 'M' 'M' 'M' 'M' 'M']"
471601,0,163,8,155,35,0,0,"['A' 'M' 'M' 'M' 'M' 'U' 'M' 'M' 'M' 'M' 'M' 'M' 'M' 'U' 'M' 'M' 'M' 'A'
 'M' 'M' 'U' 'M' 'M' 'U' 'M' 'M' 'M' 'M' 'M' 'M' 'M' 'M' 'M' 'M' 'M' 'M'
 'M' 'M' 'U' 'M' 'M' 'M' 'M' 'U' 'U' 'M' 'M' 'M' 'M' 'M' 'U' 'M' 'M' 'A'
 'U' 'U' 'M' 'M' 'M' 'U' 'M' 'U' 'U' 'M' 'M' 'M' 'M' 'M' 'U' 'M' 'M' 'U'
 'U' 'M' 'M' 'M' 'M' 'M' 'M' 'M' 'M' 'M' 'M' 'M' 'M' 'M' 'M' 'M' 'M' 'U'
 'M' 'U' 'M' 'M' 'M' 'U' 'M' 'U' 'A' 'U' 'U' 'M' 'M' 'M' 'M' 'U' 'M' 'M'
 'M' 'M' 'U' 'M' 'A' 'M' 'M' 'M' 'M' 'M' 'M' 'M' 'U' 'M' 'U' 'M' 'U' 'M'
 'M' 'M' 'U' 'M' 'M' 'U' 'M' 'M' 'M' 'A' 'M' 'U' 'M' 'M' 'M' 'M' 'M' 'M'
 'M' 'M' 'M' 'M' 'M' 'M' 'M' 'M' 'M' 'M' 'M' 'A' 'M' 'M' 'M' 'M' 'U' 'M'
 'M' 'M' 'M' 'M' 'M' 'M' 'M' 'M' 'A' 'M' 'M' 'M' 'M' 'U' 'M' 'M' 'U' 'M'
 'U' 'M' 'M' 'M' 'M' 'U' 'M' 'M' 'M' 'M' 'M' 'M' 'M' 'M' 'M' 'M' 'M' 'M']"
471701,0,163,7,156,35,0,0,"['A' 'M' 'M' 'M' 'M' 'U' 'M' 'M' 'M' 'M' 'M' 'M' 'U' 'U' 'M' 'M' 'U' 'A'
 'M' 'M' 'M' 'M' 'M' 'U' 'M' 'M' 'M' 'M' 'M' 'M' 'U' 'M' 'M' 'M' 'M' 'M'
 'M' 'M' 'U' 'M' 'M' 'M' 'M' 'U' 'U' 'M' 'M' 'M' 'M' 'M' 'U' 'M' 'M' 'A'
 'M' 'U' 'M' 'U' 'M' 'M' 'M' 'U' 'U' 'M' 'M' 'U' 'M' 'M' 'U' 'M' 'M' 'U'
 'M' 'M' 'M' 'M' 'U' 'M' 'U' 'M' 'M' 'M' 'M' 'M' 'M' 'M' 'M' 'M' 'M' 'M'
 'M' 'M' 'M' 'M' 'M' 'U' 'M' 'U' 'A' 'U' 'M' 'M' 'M' 'M' 'M' 'M' 'M' 'M'
 'M' 'M' 'M' 'M' 'A' 'M' 'M' 'M' 'M' 'M' 'M' 'M' 'U' 'M' 'U' 'M' 'M' 'M'
 'M' 'M' 'U' 'M' 'M' 'U' 'U' 'U' 'M' 'A' 'U' 'U' 'U' 'M' 'M' 'M' 'M' 'M'
 'M' 'M' 'M' 'M' 'M' 'M' 'M' 'M' 'M' 'M' 'M' 'M' 'M' 'M' 'M' 'M' 'U' 'M'
 'M' 'M' 'M' 'M' 'M' 'M' 'M' 'M' 'A' 'U' 'M' 'M' 'M' 'M' 'M' 'M' 'U' 'M'
 'M' 'M' 'M' 'M' 'M' 'U' 'M' 'M' 'M' 'M' 'M' 'M' 'M' 'M' 'M' 'M' 'M' 'M']"
471801,0,158,7,151,40,0,0,"['A' 'M' 'M' 'M' 'M' 'U' 'M' 'M' 'M' 'M' 'M' 'M' 'U' 'U' 'M' 'M' 'U' 'A'
 'M' 'M' 'M' 'M' 'M' 'M' 'M' 'M' 'M' 'U' 'M' 'M' 'U' 'M' 'M' 'M' 'M' 'M'
 'U' 'M' 'U' 'M' 'M' 'M' 'U' 'M' 'U' 'M' 'M' 'M' 'U' 'U' 'M' 'M' 'M' 'A'
 'M' 'U' 'M' 'A' 'M' 'M' 'M' 'U' 'M' 'M' 'M' 'M' 'M' 'M' 'M' 'M' 'M' 'M'
 'M' 'M' 'M' 'M' 'M' 'U' 'M' 'U' 'M' 'M' 'M' 'M' 'M' 'U' 'M' 'M' 'M' 'U'
 'M' 'M' 'U' 'M' 'M' 'U' 'M' 'U' 'A' 'U' 'M' 'M' 'M' 'M' 'M' 'M' 'U' 'M'
 'M' 'M' 'M' 'M' 'A' 'M' 'M' 'M' 'M' 'M' 'M' 'M' 'U' 'M' 'U' 'M' 'M' 'M'
 'M' 'M' 'M' 'M' 'M' 'U' 'U' 'U' 'M' 'U' 'U' 'M' 'M' 'M' 'M' 'U' 'M' 'M'
 'U' 'M' 'M' 'M' 'M' 'M' 'M' 'M' 'U' 'M' 'M' 'M' 'M' 'M' 'M' 'M' 'U' 'M'
 'U' 'M' 'M' 'M' 'M' 'M' 'M' 'M' 'A' 'U' 'M' 'M' 'M' 'M' 'M' 'M' 'U' 'M'
 'M' 'M' 'M' 'M' 'U' 'U' 'M' 'U' 'M' 'M' 'M' 'M' 'M' 'M' 'M' 'M' 'M' 'M']"
471901,0,156,7,149,42,0,0,"['A' 'M' 'M' 'M' 'M' 'M' 'M' 'M' 'U' 'M' 'M' 'M' 'U' 'U' 'M' 'M' 'U' 'A'
 'M' 'M' 'M' 'M' 'M' 'U' 'M' 'M' 'M' 'U' 'M' 'M' 'U' 'M' 'M' 'M' 'M' 'M'
 'U' 'M' 'U' 'M' 'M' 'M' 'M' 'M' 'U' 'M' 'M' 'M' 'U' 'U' 'M' 'U' 'M' 'A'
 'M' 'M' 'M' 'A' 'M' 'M' 'M' 'U' 'M' 'M' 'M' 'U' 'M' 'M' 'M' 'M' 'U' 'U'
 'M' 'M' 'M' 'M' 'M' 'M' 'M' 'M' 'M' 'M' 'M' 'U' 'M' 'M' 'M' 'M' 'M' 'M'
 'M' 'M' 'M' 'U' 'M' 'U' 'M' 'U' 'U' 'U' 'M' 'M' 'M' 'M' 'M' 'M' 'U' 'U'
 'M' 'M' 'M' 'M' 'A' 'M' 'M' 'M' 'M' 'M' 'M' 'U' 'M' 'M' 'M' 'M' 'M' 'M'
 'M' 'M' 'M' 'M' 'M' 'U' 'U' 'U' 'U' 'U' 'A' 'M' 'U' 'M' 'M' 'U' 'M' 'M'
 'U' 'M' 'M' 'M' 'M' 'M' 'M' 'M' 'M' 'M' 'M' 'M' 'M' 'M' 'M' 'U' 'M' 'M'
 'U' 'U' 'M' 'M' 'M' 'M' 'M' 'M' 'A' 'U' 'M' 'M' 'M' 'M' 'M' 'M' 'U' 'M'
 'M' 'M' 'M' 'M' 'U' 'U' 'M' 'U' 'M' 'M' 'M' 'M' 'M' 'M' 'M' 'M' 'M' 'M']"
472001,0,160,6,154,38,0,0,"['A' 'M' 'M' 'M' 'M' 'M' 'M' 'M' 'U' 'M' 'M' 'M' 'U' 'U' 'M' 'M' 'M' 'A'
 'M' 'U' 'M' 'U' 'M' 'U' 'M' 'M' 'M' 'M' 'M' 'M' 'U' 'M' 'M' 'M' 'M' 'M'
 'M' 'M' 'M' 'M' 'M' 'M' 'M' 'M' 'U' 'M' 'M' 'M' 'U' 'M' 'M' 'U' 'M' 'A'
 'M' 'M' 'M' 'A' 'M' 'M' 'M' 'U' 'M' 'M' 'M' 'M' 'M' 'M' 'M' 'M' 'M' 'U'
 'U' 'M' 'M' 'M' 'M' 'M' 'M' 'M' 'M' 'M' 'M' 'U' 'M' 'U' 'M' 'M' 'U' 'M'
 'M' 'M' 'M' 'M' 'M' 'U' 'U' 'U' 'U' 'U' 'M' 'M' 'M' 'M' 'M' 'M' 'M' 'U'
 'M' 'M' 'M' 'U' 'A' 'M' 'M' 'M' 'M' 'M' 'M' 'U' 'M' 'M' 'M' 'M' 'M' 'M'
 'M' 'M' 'M' 'M' 'M' 'U' 'U' 'M' 'U' 'U' 'A' 'M' 'U' 'M' 'M' 'M' 'M' 'M'
 'M' 'M' 'M' 'M' 'M' 'M' 'M' 'M' 'M' 'M' 'M' 'M' 'M' 'M' 'M' 'U' 'M' 'M'
 'U' 'U' 'M' 'M' 'M' 'M' 'M' 'M' 'U' 'U' 'M' 'M' 'M' 'M' 'M' 'M' 'M' 'M'
 'M' 'U' 'M' 'M' 'U' 'U' 'M' 'U' 'M' 'M' 'M' 'M' 'M' 'M' 'M' 'M' 'M' 'M']"
472101,0,162,6,156,36,0,0,"['A' 'M' 'M' 'M' 'M' 'M' 'M' 'M' 'M' 'M' 'M' 'M' 'U' 'U' 'M' 'M' 'M' 'A'
 'M' 'M' 'M' 'U' 'M' 'U' 'M' 'M' 'M' 'M' 'M' 'M' 'U' 'M' 'M' 'M' 'M' 'M'
 'M' 'M' 'M' 'M' 'M' 'M' 'M' 'M' 'U' 'M' 'M' 'M' 'U' 'M' 'M' 'U' 'M' 'A'
 'M' 'M' 'U' 'A' 'M' 'M' 'M' 'M' 'M' 'M' 'M' 'M' 'M' 'U' 'M' 'M' 'M' 'M'
 'M' 'U' 'M' 'U' 'M' 'M' 'M' 'M' 'M' 'M' 'M' 'U' 'M' 'M' 'M' 'M' 'M' 'M'
 'U' 'M' 'M' 'M' 'M' 'M' 'U' 'M' 'U' 'U' 'M' 'M' 'M' 'M' 'M' 'M' 'M' 'M'
 'M' 'M' 'M' 'U' 'A' 'M' 'M' 'M' 'M' 'M' 'M' 'U' 'M' 'M' 'M' 'M' 'M' 'M'
 'M' 'M' 'M' 'M' 'M' 'U' 'U' 'U' 'U' 'U' 'A' 'U' 'U' 'M' 'M' 'M' 'M' 'M'
 'M' 'M' 'M' 'M' 'M' 'M' 'M' 'M' 'M' 'M' 'M' 'M' 'M' 'M' 'M' 'U' 'M' 'M'
 'U' 'U' 'M' 'M' 'M' 'M' 'M' 'M' 'U' 'M' 'M' 'U' 'M' 'M' 'M' 'M' 'M' 'M'
 'M' 'U' 'M' 'M' 'U' 'U' 'M' 'M' 'M' 'U' 'M' 'M' 'M' 'U' 'M' 'M' 'M' 'M']"
472201,1,165,7,158,33,0,0,"['A' 'M' 'M' 'M' 'M' 'M' 'M' 'M' 'M' 'M' 'M' 'M' 'M' 'U' 'M' 'M' 'M' 'A'
 'M' 'M' 'M' 'U' 'M' 'A' 'U' 'M' 'M' 'M' 'M' 'M' 'U' 'M' 'M' 'M' 'M' 'M'
 'M' 'M' 'M' 'U' 'M' 'M' 'M' 'M' 'U' 'M' 'M' 'M' 'U' 'M' 'M' 'M' 'M' 'A'
 'M' 'M' 'U' 'U' 'M' 'U' 'M' 'M' 'M' 'M' 'M' 'U' 'M' 'M' 'M' 'M' 'M' 'M'
 'M' 'M' 'M' 'M' 'M' 'U' 'U' 'M' 'M' 'M' 'M' 'M' 'M' 'M' 'U' 'M' 'M' 'M'
 'M' 'M' 'M' 'U' 'M' 'M' 'U' 'M' 'U' 'M' 'M' 'M' 'M' 'M' 'M' 'M' 'M' 'M'
 'M' 'M' 'M' 'M' 'A' 'M' 'M' 'M' 'M' 'M' 'M' 'U' 'M' 'M' 'M' 'M' 'M' 'M'
 'M' 'M' 'M' 'M' 'M' 'M' 'U' 'U' 'U' 'U' 'A' 'M' 'U' 'M' 'M' 'M' 'M' 'M'
 'M' 'M' 'M' 'U' 'M' 'M' 'M' 'M' 'M' 'M' 'M' 'M' 'M' 'M' 'M' 'U' 'M' 'M'
 'U' 'M' 'M' 'M' 'M' 'M' 'M' 'M' 'U' 'M' 'M' 'U' 'M' 'M' 'M' 'M' 'M' 'U'
 'M' 'M' 'U' 'M' 'M' 'U' 'M' 'M' 'M' 'A' 'M' 'M' 'M' 'U' 'M' 'U' 'M' 'M']"
472301,0,165,4,161,33,1,0,"['A' 'M' 'M' 'M' 'M' 'M' 'M' 'M' 'M' 'M' 'M' 'M' 'M' 'M' 'U' 'M' 'M' 'A'
 'M' 'M' 'M' 'M' 'M' 'A' 'U' 'M' 'M' 'M' 'M' 'M' 'U' 'M' 'M' 'M' 'M' 'M'
 'M' 'U' 'M' 'U' 'M' 'M' 'M' 'M' 'U' 'M' 'M' 'M' 'M' 'M' 'M' 'M' 'M' 'M'
 'M' 'M' 'U' 'U' 'M' 'U' 'M' 'M' 'M' 'M' 'M' 'M' 'M' 'M' 'M' 'M' 'M' 'U'
 'M' 'M' 'M' 'M' 'U' 'M' 'M' 'U' 'M' 'M' 'U' 'M' 'M' 'M' 'M' 'M' 'M' 'M'
 'U' 'M' 'M' 'M' 'M' 'M' 'U' 'M' 'U' 'M' 'M' 'M' 'M' 'M' 'M' 'M' 'M' 'M'
 'M' 'M' 'M' 'M' 'U' 'M' 'M' 'M' 'M' 'M' 'M' 'M' 'M' 'M' 'M' 'M' 'M' 'M'
 'M' 'M' 'M' 'M' 'M' 'M' 'U' 'U' 'U' 'U' 'A' 'U' 'U' 'M' 'M' 'M' 'M' 'M'
 'M' 'M' 'M' 'U' 'M' 'M' 'M' 'M' 'M' 'M' 'M' 'M' 'M' 'M' 'U' 'U' 'M' 'M'
 'U' 'M' 'M' 'M' 'M' 'M' 'M' 'M' 'U' 'M' 'M' 'U' 'M' 'M' 'M' 'M' 'M' 'M'
 'U' 'M' 'U' 'M' 'M' 'M' 'M' 'M' 'M' 'U' 'M' 'M' 'M' 'U' 'M' 'M' 'M' 'M']"
472401,0,159,3,156,39,0,0,"['A' 'U' 'M' 'M' 'M' 'M' 'M' 'M' 'M' 'M' 'M' 'M' 'U' 'M' 'M' 'U' 'M' 'A'
 'M' 'M' 'M' 'M' 'M' 'A' 'U' 'M' 'M' 'M' 'M' 'M' 'U' 'M' 'M' 'M' 'U' 'M'
 'M' 'M' 'M' 'U' 'M' 'M' 'M' 'M' 'U' 'M' 'M' 'M' 'M' 'M' 'M' 'M' 'M' 'M'
 'M' 'M' 'M' 'U' 'M' 'U' 'M' 'M' 'M' 'M' 'M' 'M' 'M' 'M' 'M' 'U' 'M' 'U'
 'M' 'M' 'M' 'U' 'M' 'M' 'M' 'M' 'M' 'M' 'U' 'M' 'M' 'U' 'M' 'M' 'M' 'M'
 'M' 'M' 'M' 'M' 'M' 'M' 'U' 'M' 'U' 'M' 'U' 'M' 'M' 'M' 'M' 'M' 'M' 'M'
 'M' 'M' 'M' 'M' 'M' 'M' 'M' 'M' 'M' 'M' 'M' 'M' 'M' 'M' 'M' 'M' 'M' 'M'
 'M' 'M' 'M' 'M' 'M' 'U' 'U' 'U' 'U' 'U' 'U' 'U' 'U' 'M' 'U' 'U' 'M' 'M'
 'M' 'M' 'M' 'U' 'U' 'M' 'M' 'M' 'M' 'M' 'M' 'M' 'M' 'M' 'U' 'M' 'M' 'M'
 'M' 'M' 'U' 'M' 'U' 'M' 'M' 'M' 'U' 'M' 'M' 'M' 'M' 'M' 'M' 'M' 'M' 'M'
 'U' 'U' 'U' 'M' 'M' 'M' 'M' 'M' 'M' 'U' 'M' 'M' 'M' 'U' 'M' 'M' 'M' 'M']"
472501,0,161,3,158,37,0,0,"['A' 'U' 'M' 'M' 'M' 'M' 'U' 'M' 'U' 'M' 'U' 'M' 'U' 'M' 'M' 'U' 'M' 'A'
 'M' 'M' 'U' 'M' 'M' 'U' 'U' 'M' 'M' 'M' 'M' 'M' 'A' 'M' 'M' 'M' 'M' 'M'
 'M' 'M' 'M' 'M' 'M' 'M' 'M' 'M' 'M' 'M' 'U' 'M' 'M' 'M' 'M' 'M' 'M' 'M'
 'M' 'M' 'M' 'U' 'M' 'M' 'M' 'M' 'M' 'M' 'M' 'U' 'M' 'M' 'M' 'M' 'M' 'M'
 'M' 'M' 'U' 'M' 'M' 'M' 'M' 'M' 'M' 'M' 'M' 'M' 'U' 'M' 'M' 'M' 'M' 'U'
 'U' 'M' 'M' 'M' 'M' 'U' 'U' 'M' 'U' 'U' 'U' 'M' 'M' 'M' 'M' 'M' 'U' 'M'
 'M' 'M' 'M' 'M' 'M' 'M' 'M' 'M' 'M' 'M' 'M' 'M' 'M' 'M' 'M' 'M' 'M' 'M'
 'M' 'M' 'M' 'M' 'M' 'U' 'U' 'M' 'U' 'M' 'U' 'M' 'M' 'M' 'M' 'U' 'M' 'M'
 'M' 'M' 'M' 'M' 'U' 'M' 'M' 'M' 'M' 'M' 'M' 'M' 'M' 'M' 'M' 'M' 'M' 'M'
 'M' 'M' 'U' 'M' 'U' 'M' 'M' 'M' 'U' 'M' 'M' 'M' 'M' 'M' 'M' 'M' 'M' 'M'
 'U' 'U' 'U' 'M' 'M' 'M' 'M' 'M' 'M' 'U' 'M' 'M' 'M' 'U' 'U' 'M' 'M' 'M']"
472601,0,166,2,164,32,0,0,"['A' 'U' 'M' 'M' 'M' 'M' 'U' 'M' 'U' 'U' 'U' 'M' 'M' 'M' 'M' 'U' 'M' 'A'
 'U' 'M' 'M' 'M' 'M' 'U' 'M' 'U' 'M' 'M' 'M' 'M' 'M' 'M' 'M' 'M' 'M' 'M'
 'M' 'M' 'M' 'M' 'M' 'M' 'M' 'M' 'M' 'M' 'U' 'M' 'M' 'M' 'M' 'M' 'M' 'M'
 'M' 'M' 'M' 'U' 'M' 'M' 'M' 'M' 'M' 'M' 'M' 'M' 'M' 'M' 'U' 'M' 'M' 'M'
 'U' 'M' 'M' 'M' 'U' 'M' 'M' 'M' 'M' 'M' 'M' 'M' 'M' 'M' 'M' 'U' 'M' 'M'
 'M' 'M' 'M' 'M' 'U' 'U' 'U' 'M' 'U' 'U' 'M' 'M' 'M' 'M' 'M' 'M' 'M' 'M'
 'U' 'M' 'M' 'M' 'M' 'M' 'M' 'M' 'M' 'M' 'M' 'M' 'M' 'M' 'M' 'M' 'M' 'M'
 'M' 'M' 'M' 'M' 'M' 'U' 'M' 'M' 'M' 'M' 'U' 'M' 'U' 'M' 'M' 'M' 'M' 'M'
 'M' 'M' 'M' 'M' 'U' 'M' 'M' 'M' 'M' 'M' 'M' 'M' 'M' 'M' 'M' 'U' 'M' 'M'
 'M' 'M' 'U' 'M' 'M' 'M' 'M' 'M' 'U' 'M' 'M' 'M' 'M' 'M' 'M' 'M' 'M' 'M'
 'M' 'U' 'U' 'M' 'M' 'U' 'M' 'M' 'M' 'M' 'M' 'M' 'M' 'U' 'M' 'M' 'M' 'M']"
472701,0,167,2,165,31,0,0,"['A' 'M' 'M' 'M' 'M' 'M' 'U' 'M' 'U' 'U' 'U' 'M' 'M' 'M' 'M' 'U' 'M' 'A'
 'M' 'M' 'M' 'M' 'M' 'U' 'U' 'U' 'M' 'U' 'M' 'M' 'M' 'M' 'M' 'M' 'M' 'M'
 'M' 'U' 'M' 'M' 'M' 'M' 'M' 'M' 'M' 'M' 'U' 'M' 'U' 'M' 'M' 'M' 'M' 'M'
 'M' 'M' 'M' 'U' 'M' 'M' 'M' 'M' 'M' 'M' 'M' 'U' 'M' 'M' 'M' 'M' 'M' 'M'
 'M' 'M' 'M' 'M' 'M' 'M' 'M' 'M' 'M' 'M' 'M' 'M' 'U' 'U' 'M' 'M' 'U' 'M'
 'M' 'U' 'M' 'M' 'M' 'M' 'U' 'M' 'U' 'U' 'M' 'M' 'M' 'M' 'M' 'M' 'M' 'M'
 'U' 'M' 'M' 'M' 'M' 'M' 'M' 'M' 'M' 'M' 'M' 'M' 'M' 'M' 'M' 'M' 'M' 'M'
 'M' 'M' 'M' 'M' 'M' 'U' 'M' 'M' 'M' 'M' 'U' 'M' 'M' 'M' 'M' 'M' 'M' 'M'
 'M' 'M' 'M' 'M' 'U' 'M' 'M' 'M' 'M' 'M' 'U' 'M' 'M' 'M' 'M' 'U' 'M' 'M'
 'M' 'M' 'M' 'M' 'M' 'M' 'M' 'M' 'M' 'U' 'M' 'M' 'M' 'M' 'M' 'M' 'M' 'M'
 'M' 'U' 'M' 'M' 'M' 'M' 'M' 'M' 'U' 'M' 'M' 'M' 'M' 'U' 'M' 'M' 'M' 'M']"
472801,1,159,2,157,39,1,0,"['A' 'M' 'M' 'M' 'M' 'M' 'U' 'M' 'U' 'U' 'U' 'M' 'M' 'M' 'M' 'U' 'U' 'A'
 'M' 'M' 'M' 'M' 'M' 'U' 'U' 'U' 'M' 'U' 'M' 'M' 'M' 'M' 'M' 'M' 'M' 'M'
 'M' 'U' 'M' 'M' 'M' 'U' 'M' 'U' 'M' 'M' 'U' 'M' 'U' 'U' 'M' 'M' 'M' 'M'
 'M' 'M' 'M' 'U' 'M' 'M' 'M' 'M' 'M' 'M' 'U' 'M' 'M' 'M' 'U' 'M' 'M' 'M'
 'M' 'M' 'U' 'U' 'U' 'M' 'M' 'U' 'M' 'M' 'M' 'M' 'M' 'M' 'M' 'M' 'M' 'M'
 'M' 'M' 'M' 'M' 'M' 'U' 'U' 'M' 'M' 'U' 'M' 'M' 'M' 'M' 'M' 'M' 'M' 'M'
 'U' 'M' 'M' 'M' 'M' 'M' 'M' 'M' 'M' 'M' 'M' 'M' 'M' 'M' 'U' 'M' 'M' 'M'
 'M' 'M' 'M' 'M' 'M' 'U' 'U' 'U' 'M' 'M' 'U' 'M' 'M' 'M' 'M' 'M' 'M' 'M'
 'M' 'M' 'M' 'M' 'U' 'M' 'M' 'M' 'M' 'M' 'U' 'M' 'M' 'M' 'M' 'U' 'M' 'M'
 'M' 'M' 'M' 'M' 'M' 'M' 'M' 'M' 'U' 'U' 'M' 'M' 'M' 'M' 'M' 'M' 'M' 'M'
 'M' 'M' 'M' 'M' 'M' 'M' 'U' 'M' 'M' 'M' 'M' 'M' 'M' 'U' 'M' 'M' 'M' 'M']"
472901,0,154,2,152,44,0,1,"['A' 'M' 'M' 'M' 'M' 'U' 'M' 'U' 'U' 'U' 'M' 'M' 'M' 'M' 'M' 'M' 'M' 'U'
 'M' 'M' 'M' 'M' 'M' 'M' 'U' 'U' 'M' 'U' 'M' 'M' 'M' 'M' 'M' 'M' 'M' 'M'
 'M' 'U' 'M' 'M' 'M' 'U' 'M' 'U' 'M' 'M' 'U' 'M' 'U' 'U' 'U' 'M' 'M' 'M'
 'M' 'M' 'M' 'U' 'M' 'M' 'M' 'M' 'M' 'M' 'M' 'M' 'M' 'M' 'M' 'M' 'M' 'M'
 'M' 'M' 'M' 'M' 'M' 'M' 'M' 'M' 'M' 'U' 'M' 'M' 'M' 'U' 'M' 'M' 'M' 'U'
 'M' 'M' 'U' 'M' 'U' 'U' 'U' 'M' 'M' 'U' 'M' 'M' 'M' 'M' 'M' 'M' 'M' 'M'
 'U' 'M' 'M' 'M' 'M' 'M' 'M' 'M' 'M' 'M' 'M' 'M' 'M' 'M' 'U' 'M' 'M' 'M'
 'M' 'M' 'M' 'M' 'M' 'U' 'U' 'M' 'U' 'U' 'U' 'U' 'U' 'M' 'M' 'M' 'M' 'M'
 'M' 'M' 'M' 'M' 'A' 'M' 'M' 'M' 'M' 'M' 'U' 'M' 'M' 'M' 'M' 'U' 'M' 'M'
 'M' 'M' 'M' 'M' 'M' 'M' 'M' 'U' 'U' 'U' 'M' 'M' 'M' 'M' 'M' 'M' 'M' 'U'
 'M' 'M' 'U' 'M' 'M' 'M' 'U' 'U' 'M' 'U' 'M' 'M' 'M' 'U' 'M' 'M' 'M' 'M']"
473001,0,157,3,154,41,0,0,"['A' 'M' 'M' 'M' 'M' 'U' 'M' 'U' 'U' 'U' 'M' 'M' 'M' 'M' 'M' 'M' 'M' 'U'
 'M' 'M' 'M' 'M' 'M' 'M' 'U' 'U' 'M' 'U' 'M' 'U' 'M' 'M' 'M' 'M' 'M' 'M'
 'M' 'U' 'M' 'U' 'M' 'M' 'M' 'M' 'M' 'M' 'A' 'M' 'U' 'U' 'U' 'M' 'U' 'M'
 'M' 'M' 'M' 'U' 'M' 'M' 'M' 'M' 'M' 'M' 'M' 'M' 'M' 'U' 'M' 'U' 'M' 'M'
 'M' 'M' 'M' 'M' 'M' 'M' 'M' 'M' 'M' 'M' 'M' 'M' 'M' 'M' 'U' 'M' 'U' 'M'
 'M' 'M' 'M' 'M' 'U' 'M' 'U' 'M' 'M' 'U' 'M' 'M' 'M' 'M' 'M' 'M' 'M' 'M'
 'U' 'M' 'M' 'M' 'M' 'M' 'M' 'M' 'M' 'M' 'U' 'M' 'M' 'M' 'U' 'M' 'M' 'M'
 'M' 'M' 'M' 'M' 'M' 'U' 'U' 'M' 'M' 'U' 'U' 'U' 'U' 'M' 'M' 'M' 'M' 'M'
 'M' 'M' 'M' 'M' 'A' 'M' 'M' 'M' 'M' 'M' 'U' 'M' 'M' 'M' 'M' 'U' 'M' 'M'
 'M' 'M' 'M' 'M' 'M' 'M' 'M' 'M' 'M' 'U' 'M' 'M' 'M' 'M' 'M' 'M' 'M' 'U'
 'M' 'U' 'U' 'M' 'M' 'M' 'U' 'U' 'M' 'U' 'M' 'M' 'M' 'M' 'M' 'M' 'M' 'M']"
473101,0,157,3,154,41,0,0,"['A' 'M' 'M' 'M' 'M' 'U' 'M' 'U' 'U' 'U' 'M' 'M' 'M' 'M' 'M' 'M' 'M' 'M'
 'M' 'M' 'M' 'M' 'M' 'M' 'U' 'M' 'M' 'U' 'M' 'U' 'M' 'M' 'M' 'M' 'M' 'M'
 'M' 'M' 'M' 'M' 'M' 'M' 'M' 'M' 'M' 'M' 'A' 'M' 'U' 'U' 'M' 'M' 'U' 'M'
 'M' 'M' 'M' 'U' 'M' 'M' 'M' 'M' 'M' 'M' 'M' 'M' 'U' 'U' 'M' 'M' 'M' 'M'
 'M' 'M' 'M' 'M' 'M' 'M' 'U' 'M' 'M' 'M' 'M' 'M' 'M' 'M' 'M' 'M' 'M' 'M'
 'M' 'M' 'M' 'U' 'U' 'M' 'M' 'M' 'M' 'M' 'M' 'M' 'M' 'M' 'M' 'U' 'M' 'U'
 'U' 'M' 'M' 'M' 'M' 'M' 'M' 'M' 'M' 'M' 'M' 'M' 'M' 'U' 'U' 'M' 'M' 'M'
 'M' 'M' 'M' 'M' 'M' 'U' 'U' 'U' 'U' 'U' 'U' 'U' 'U' 'M' 'M' 'M' 'U' 'M'
 'U' 'M' 'M' 'M' 'A' 'M' 'M' 'M' 'M' 'M' 'U' 'M' 'M' 'M' 'M' 'M' 'M' 'M'
 'U' 'M' 'M' 'M' 'M' 'M' 'M' 'U' 'M' 'U' 'M' 'M' 'M' 'M' 'M' 'M' 'M' 'U'
 'M' 'U' 'U' 'M' 'M' 'M' 'U' 'U' 'M' 'U' 'M' 'M' 'M' 'M' 'M' 'M' 'M' 'M']"
473201,0,162,4,158,36,0,0,"['A' 'M' 'U' 'M' 'U' 'U' 'M' 'U' 'U' 'U' 'M' 'M' 'M' 'M' 'M' 'M' 'M' 'M'
 'M' 'M' 'M' 'M' 'M' 'U' 'M' 'M' 'M' 'U' 'M' 'U' 'M' 'M' 'U' 'M' 'M' 'M'
 'M' 'M' 'M' 'M' 'M' 'M' 'M' 'M' 'M' 'M' 'A' 'M' 'M' 'U' 'M' 'M' 'M' 'M'
 'M' 'M' 'M' 'M' 'M' 'M' 'M' 'M' 'M' 'M' 'M' 'M' 'U' 'M' 'M' 'M' 'M' 'M'
 'M' 'M' 'M' 'M' 'M' 'M' 'M' 'M' 'M' 'M' 'M' 'U' 'M' 'U' 'U' 'M' 'M' 'M'
 'U' 'M' 'M' 'M' 'M' 'M' 'M' 'M' 'M' 'M' 'M' 'M' 'M' 'M' 'M' 'U' 'M' 'U'
 'U' 'M' 'M' 'M' 'M' 'M' 'M' 'M' 'M' 'M' 'M' 'M' 'M' 'U' 'M' 'M' 'M' 'M'
 'M' 'M' 'M' 'M' 'M' 'U' 'U' 'M' 'U' 'U' 'M' 'U' 'A' 'M' 'M' 'M' 'U' 'M'
 'U' 'M' 'M' 'M' 'A' 'M' 'M' 'M' 'M' 'M' 'M' 'M' 'U' 'M' 'M' 'M' 'M' 'M'
 'U' 'M' 'M' 'M' 'M' 'M' 'M' 'U' 'M' 'U' 'M' 'M' 'M' 'M' 'M' 'M' 'M' 'U'
 'M' 'U' 'M' 'M' 'M' 'M' 'U' 'U' 'M' 'U' 'M' 'M' 'M' 'M' 'M' 'M' 'M' 'M']"
473301,0,165,4,161,33,0,0,"['A' 'M' 'M' 'M' 'M' 'U' 'M' 'U' 'M' 'U' 'M' 'M' 'M' 'M' 'M' 'M' 'M' 'M'
 'M' 'M' 'M' 'M' 'M' 'U' 'M' 'M' 'M' 'U' 'M' 'U' 'U' 'M' 'U' 'U' 'M' 'M'
 'M' 'M' 'M' 'M' 'M' 'M' 'M' 'M' 'M' 'M' 'A' 'M' 'M' 'U' 'M' 'M' 'M' 'M'
 'U' 'M' 'M' 'U' 'M' 'M' 'M' 'M' 'M' 'M' 'M' 'M' 'M' 'M' 'M' 'M' 'M' 'M'
 'M' 'M' 'M' 'M' 'M' 'M' 'M' 'M' 'U' 'M' 'M' 'M' 'U' 'M' 'M' 'M' 'M' 'U'
 'M' 'U' 'U' 'M' 'M' 'M' 'M' 'U' 'M' 'M' 'M' 'M' 'M' 'M' 'M' 'M' 'M' 'U'
 'M' 'M' 'M' 'M' 'M' 'M' 'M' 'M' 'M' 'M' 'U' 'M' 'M' 'U' 'M' 'M' 'M' 'M'
 'M' 'M' 'M' 'M' 'M' 'U' 'U' 'U' 'U' 'M' 'M' 'U' 'A' 'M' 'M' 'M' 'U' 'M'
 'U' 'M' 'M' 'M' 'A' 'M' 'M' 'M' 'M' 'M' 'M' 'M' 'M' 'M' 'M' 'M' 'M' 'M'
 'M' 'M' 'M' 'M' 'M' 'M' 'M' 'M' 'M' 'U' 'M' 'M' 'M' 'M' 'M' 'M' 'M' 'U'
 'M' 'U' 'M' 'M' 'M' 'M' 'M' 'M' 'M' 'U' 'M' 'M' 'M' 'M' 'M' 'M' 'U' 'M']"
473401,0,170,4,166,28,0,0,"['A' 'M' 'M' 'M' 'M' 'U' 'M' 'U' 'M' 'U' 'M' 'M' 'M' 'M' 'M' 'M' 'M' 'M'
 'M' 'M' 'M' 'M' 'M' 'M' 'M' 'M' 'M' 'U' 'M' 'M' 'M' 'M' 'U' 'M' 'M' 'M'
 'M' 'M' 'M' 'M' 'M' 'M' 'M' 'M' 'M' 'M' 'U' 'M' 'M' 'U' 'M' 'M' 'U' 'M'
 'U' 'M' 'M' 'M' 'M' 'M' 'M' 'M' 'M' 'M' 'U' 'M' 'M' 'M' 'U' 'M' 'M' 'M'
 'U' 'M' 'M' 'M' 'M' 'M' 'M' 'M' 'M' 'M' 'M' 'M' 'U' 'M' 'M' 'M' 'M' 'M'
 'U' 'M' 'M' 'M' 'U' 'M' 'M' 'U' 'M' 'M' 'M' 'M' 'M' 'M' 'M' 'M' 'M' 'M'
 'M' 'M' 'M' 'M' 'M' 'M' 'M' 'M' 'M' 'M' 'U' 'M' 'M' 'U' 'M' 'M' 'M' 'M'
 'M' 'M' 'M' 'M' 'M' 'U' 'U' 'U' 'U' 'M' 'M' 'A' 'A' 'M' 'M' 'M' 'U' 'M'
 'U' 'M' 'M' 'U' 'A' 'M' 'M' 'M' 'M' 'M' 'M' 'M' 'M' 'M' 'M' 'M' 'M' 'M'
 'M' 'M' 'M' 'M' 'M' 'M' 'M' 'M' 'M' 'M' 'M' 'M' 'M' 'M' 'M' 'M' 'M' 'U'
 'M' 'U' 'M' 'M' 'M' 'M' 'M' 'M' 'M' 'M' 'M' 'M' 'M' 'M' 'M' 'M' 'U' 'M']"
473501,0,164,3,161,34,0,0,"['A' 'M' 'M' 'M' 'M' 'U' 'M' 'U' 'M' 'U' 'M' 'M' 'M' 'M' 'U' 'M' 'M' 'M'
 'M' 'M' 'M' 'M' 'M' 'M' 'M' 'M' 'M' 'U' 'M' 'M' 'M' 'M' 'U' 'M' 'M' 'M'
 'M' 'M' 'M' 'M' 'M' 'M' 'M' 'M' 'M' 'M' 'U' 'M' 'M' 'U' 'M' 'M' 'U' 'M'
 'U' 'M' 'M' 'M' 'U' 'M' 'M' 'M' 'U' 'M' 'M' 'U' 'M' 'M' 'M' 'M' 'M' 'M'
 'M' 'M' 'M' 'M' 'M' 'M' 'M' 'M' 'M' 'M' 'M' 'U' 'M' 'M' 'M' 'U' 'U' 'M'
 'U' 'M' 'M' 'M' 'M' 'M' 'M' 'U' 'M' 'M' 'M' 'M' 'M' 'U' 'M' 'M' 'M' 'M'
 'M' 'M' 'M' 'M' 'M' 'M' 'M' 'M' 'M' 'M' 'U' 'M' 'M' 'M' 'U' 'M' 'M' 'M'
 'M' 'M' 'M' 'M' 'M' 'U' 'U' 'U' 'U' 'M' 'M' 'A' 'A' 'M' 'M' 'M' 'U' 'M'
 'U' 'M' 'M' 'U' 'U' 'M' 'U' 'M' 'M' 'M' 'M' 'M' 'M' 'M' 'M' 'M' 'M' 'M'
 'M' 'M' 'M' 'M' 'M' 'U' 'M' 'M' 'M' 'M' 'M' 'M' 'M' 'M' 'M' 'M' 'M' 'U'
 'M' 'U' 'M' 'M' 'M' 'M' 'M' 'M' 'M' 'M' 'M' 'M' 'M' 'M' 'M' 'M' 'U' 'M']"
473601,0,163,5,158,35,0,0,"['A' 'M' 'M' 'M' 'M' 'U' 'M' 'M' 'M' 'U' 'M' 'M' 'U' 'M' 'U' 'M' 'M' 'M'
 'M' 'M' 'M' 'M' 'M' 'M' 'M' 'M' 'M' 'M' 'M' 'M' 'M' 'M' 'M' 'M' 'M' 'M'
 'M' 'M' 'M' 'M' 'M' 'M' 'M' 'M' 'M' 'M' 'U' 'M' 'M' 'U' 'U' 'M' 'U' 'M'
 'M' 'M' 'M' 'M' 'U' 'M' 'M' 'M' 'U' 'M' 'M' 'M' 'M' 'M' 'U' 'M' 'M' 'M'
 'M' 'M' 'M' 'M' 'M' 'M' 'M' 'U' 'M' 'M' 'M' 'M' 'M' 'M' 'U' 'M' 'M' 'U'
 'M' 'U' 'M' 'M' 'M' 'M' 'U' 'U' 'M' 'M' 'M' 'M' 'M' 'U' 'M' 'M' 'M' 'U'
 'M' 'M' 'M' 'M' 'M' 'M' 'M' 'M' 'M' 'M' 'U' 'M' 'M' 'M' 'U' 'M' 'M' 'M'
 'M' 'M' 'U' 'M' 'M' 'U' 'U' 'U' 'U' 'U' 'U' 'A' 'A' 'M' 'M' 'M' 'A' 'M'
 'U' 'M' 'M' 'M' 'U' 'M' 'M' 'M' 'M' 'M' 'U' 'M' 'M' 'M' 'M' 'M' 'M' 'M'
 'M' 'M' 'M' 'M' 'M' 'A' 'M' 'M' 'M' 'M' 'M' 'M' 'M' 'M' 'M' 'M' 'M' 'U'
 'M' 'U' 'U' 'M' 'M' 'M' 'M' 'M' 'M' 'M' 'M' 'M' 'M' 'M' 'M' 'M' 'U' 'M']"
473701,0,163,4,159,35,0,0,"['A' 'U' 'M' 'M' 'M' 'U' 'M' 'M' 'M' 'U' 'M' 'U' 'U' 'M' 'U' 'M' 'M' 'M'
 'M' 'M' 'M' 'M' 'M' 'M' 'M' 'M' 'M' 'M' 'M' 'M' 'M' 'M' 'M' 'M' 'U' 'M'
 'M' 'M' 'M' 'M' 'M' 'M' 'M' 'M' 'M' 'M' 'U' 'M' 'M' 'M' 'U' 'M' 'M' 'M'
 'M' 'M' 'M' 'M' 'U' 'M' 'M' 'M' 'U' 'M' 'M' 'M' 'M' 'U' 'M' 'U' 'M' 'M'
 'M' 'M' 'M' 'M' 'U' 'M' 'M' 'M' 'M' 'M' 'M' 'M' 'M' 'U' 'U' 'M' 'M' 'M'
 'M' 'M' 'M' 'M' 'M' 'M' 'U' 'M' 'M' 'U' 'M' 'M' 'M' 'U' 'M' 'M' 'M' 'M'
 'M' 'M' 'U' 'M' 'U' 'M' 'M' 'M' 'M' 'M' 'U' 'M' 'M' 'M' 'M' 'M' 'M' 'M'
 'M' 'M' 'M' 'M' 'M' 'U' 'U' 'U' 'U' 'U' 'U' 'U' 'A' 'M' 'M' 'M' 'A' 'U'
 'U' 'M' 'M' 'M' 'M' 'M' 'M' 'M' 'M' 'M' 'M' 'U' 'M' 'M' 'M' 'M' 'M' 'M'
 'M' 'M' 'M' 'M' 'M' 'A' 'M' 'M' 'M' 'M' 'M' 'M' 'M' 'M' 'M' 'M' 'M' 'M'
 'M' 'U' 'U' 'M' 'M' 'M' 'M' 'M' 'M' 'M' 'M' 'M' 'U' 'M' 'M' 'M' 'M' 'M']"
473801,0,164,4,160,34,0,1,"['A' 'U' 'M' 'M' 'M' 'U' 'M' 'M' 'M' 'U' 'M' 'U' 'M' 'U' 'U' 'U' 'M' 'M'
 'M' 'M' 'M' 'U' 'M' 'M' 'M' 'M' 'M' 'M' 'M' 'M' 'M' 'M' 'M' 'M' 'U' 'M'
 'M' 'M' 'M' 'M' 'M' 'M' 'M' 'M' 'M' 'M' 'M' 'M' 'M' 'M' 'U' 'M' 'M' 'M'
 'M' 'M' 'M' 'U' 'M' 'M' 'M' 'M' 'U' 'M' 'M' 'U' 'M' 'M' 'M' 'M' 'U' 'M'
 'M' 'M' 'U' 'M' 'M' 'M' 'M' 'M' 'M' 'U' 'M' 'M' 'M' 'M' 'M' 'M' 'M' 'U'
 'M' 'M' 'M' 'M' 'M' 'M' 'U' 'M' 'M' 'M' 'M' 'M' 'M' 'M' 'M' 'M' 'M' 'M'
 'M' 'M' 'U' 'U' 'M' 'M' 'M' 'M' 'M' 'M' 'U' 'M' 'M' 'M' 'M' 'M' 'M' 'M'
 'M' 'M' 'M' 'M' 'M' 'U' 'U' 'U' 'U' 'U' 'M' 'M' 'A' 'M' 'U' 'M' 'A' 'U'
 'U' 'M' 'M' 'U' 'M' 'M' 'M' 'M' 'M' 'M' 'M' 'M' 'M' 'U' 'M' 'M' 'M' 'M'
 'M' 'M' 'M' 'M' 'M' 'A' 'M' 'M' 'M' 'M' 'M' 'M' 'M' 'M' 'M' 'M' 'M' 'M'
 'M' 'U' 'M' 'M' 'U' 'M' 'M' 'M' 'M' 'M' 'M' 'M' 'U' 'M' 'M' 'M' 'M' 'M']"
473901,0,161,4,157,37,1,0,"['A' 'U' 'M' 'M' 'M' 'U' 'M' 'M' 'M' 'U' 'M' 'U' 'U' 'U' 'U' 'U' 'M' 'M'
 'M' 'M' 'M' 'M' 'M' 'M' 'U' 'M' 'M' 'M' 'M' 'M' 'M' 'A' 'M' 'M' 'U' 'M'
 'M' 'M' 'M' 'M' 'M' 'M' 'M' 'U' 'U' 'M' 'M' 'M' 'M' 'M' 'U' 'M' 'M' 'M'
 'M' 'M' 'M' 'U' 'M' 'M' 'M' 'M' 'M' 'M' 'M' 'M' 'M' 'M' 'M' 'M' 'M' 'M'
 'M' 'U' 'M' 'M' 'M' 'M' 'M' 'M' 'M' 'M' 'U' 'M' 'M' 'M' 'M' 'M' 'U' 'M'
 'M' 'U' 'M' 'M' 'U' 'M' 'U' 'M' 'M' 'M' 'M' 'U' 'M' 'M' 'M' 'M' 'M' 'M'
 'M' 'M' 'U' 'U' 'M' 'M' 'M' 'M' 'M' 'U' 'U' 'M' 'M' 'M' 'M' 'M' 'U' 'M'
 'M' 'M' 'M' 'M' 'M' 'U' 'M' 'M' 'U' 'M' 'M' 'M' 'A' 'M' 'M' 'M' 'U' 'U'
 'U' 'M' 'M' 'U' 'M' 'M' 'M' 'M' 'M' 'M' 'M' 'M' 'M' 'U' 'U' 'M' 'M' 'M'
 'M' 'M' 'M' 'M' 'U' 'A' 'M' 'M' 'M' 'M' 'M' 'M' 'M' 'M' 'M' 'M' 'M' 'M'
 'M' 'M' 'M' 'M' 'U' 'M' 'M' 'M' 'M' 'M' 'M' 'M' 'U' 'M' 'M' 'M' 'M' 'M']"
474001,0,161,5,156,37,0,0,"['A' 'U' 'M' 'M' 'M' 'U' 'M' 'M' 'A' 'U' 'M' 'U' 'M' 'U' 'U' 'U' 'M' 'M'
 'M' 'M' 'M' 'U' 'U' 'M' 'U' 'M' 'M' 'M' 'M' 'M' 'M' 'A' 'M' 'U' 'U' 'M'
 'M' 'M' 'U' 'M' 'M' 'M' 'M' 'U' 'U' 'M' 'M' 'M' 'U' 'M' 'M' 'M' 'M' 'M'
 'M' 'M' 'M' 'U' 'U' 'M' 'M' 'M' 'M' 'M' 'M' 'M' 'U' 'M' 'M' 'M' 'M' 'M'
 'M' 'U' 'M' 'M' 'M' 'M' 'U' 'M' 'M' 'M' 'M' 'M' 'M' 'M' 'M' 'M' 'M' 'U'
 'M' 'M' 'U' 'M' 'M' 'M' 'U' 'M' 'M' 'M' 'M' 'M' 'M' 'M' 'M' 'M' 'M' 'U'
 'M' 'M' 'U' 'U' 'M' 'M' 'M' 'M' 'M' 'U' 'U' 'M' 'M' 'M' 'M' 'M' 'A' 'M'
 'M' 'M' 'M' 'M' 'M' 'M' 'M' 'M' 'M' 'M' 'M' 'M' 'A' 'M' 'M' 'M' 'U' 'M'
 'M' 'M' 'U' 'U' 'M' 'M' 'M' 'M' 'M' 'M' 'M' 'M' 'M' 'U' 'U' 'M' 'M' 'M'
 'M' 'M' 'M' 'M' 'U' 'U' 'M' 'M' 'M' 'M' 'M' 'M' 'M' 'M' 'M' 'M' 'M' 'M'
 'M' 'M' 'M' 'M' 'M' 'M' 'M' 'M' 'M' 'M' 'M' 'M' 'U' 'M' 'M' 'M' 'M' 'M']"
474101,0,164,4,160,34,0,0,"['A' 'M' 'M' 'M' 'M' 'M' 'M' 'M' 'A' 'M' 'M' 'U' 'M' 'U' 'U' 'U' 'M' 'M'
 'M' 'M' 'M' 'U' 'U' 'M' 'U' 'M' 'M' 'M' 'M' 'M' 'U' 'A' 'M' 'U' 'U' 'M'
 'M' 'M' 'U' 'M' 'M' 'M' 'M' 'M' 'M' 'M' 'M' 'M' 'M' 'M' 'M' 'M' 'M' 'M'
 'M' 'M' 'M' 'U' 'U' 'M' 'M' 'M' 'M' 'M' 'M' 'M' 'M' 'M' 'M' 'U' 'M' 'M'
 'M' 'M' 'M' 'U' 'M' 'M' 'M' 'M' 'M' 'U' 'M' 'M' 'M' 'M' 'M' 'M' 'U' 'M'
 'M' 'U' 'M' 'M' 'M' 'M' 'M' 'M' 'M' 'M' 'M' 'M' 'M' 'M' 'M' 'M' 'M' 'U'
 'M' 'M' 'U' 'U' 'M' 'M' 'M' 'M' 'M' 'U' 'U' 'M' 'M' 'M' 'M' 'M' 'A' 'M'
 'M' 'U' 'M' 'M' 'M' 'M' 'M' 'M' 'M' 'M' 'M' 'M' 'U' 'M' 'U' 'M' 'U' 'U'
 'M' 'M' 'U' 'M' 'M' 'M' 'M' 'M' 'M' 'M' 'M' 'M' 'M' 'M' 'U' 'M' 'M' 'U'
 'M' 'M' 'M' 'M' 'M' 'U' 'M' 'M' 'M' 'M' 'M' 'M' 'M' 'M' 'M' 'M' 'M' 'M'
 'M' 'U' 'M' 'M' 'M' 'M' 'U' 'M' 'M' 'M' 'M' 'M' 'M' 'M' 'M' 'M' 'M' 'M']"
474201,0,168,6,162,30,0,0,"['A' 'M' 'M' 'M' 'M' 'M' 'M' 'M' 'A' 'M' 'M' 'M' 'M' 'U' 'M' 'U' 'M' 'M'
 'M' 'M' 'M' 'U' 'U' 'M' 'U' 'M' 'M' 'M' 'M' 'M' 'U' 'A' 'M' 'U' 'U' 'M'
 'M' 'M' 'M' 'M' 'M' 'M' 'M' 'M' 'M' 'M' 'M' 'M' 'M' 'M' 'M' 'M' 'M' 'U'
 'M' 'M' 'M' 'U' 'A' 'M' 'M' 'M' 'M' 'M' 'M' 'M' 'U' 'M' 'M' 'M' 'M' 'U'
 'M' 'M' 'M' 'M' 'M' 'M' 'M' 'M' 'M' 'M' 'M' 'M' 'M' 'U' 'U' 'M' 'M' 'M'
 'M' 'M' 'U' 'M' 'M' 'M' 'M' 'M' 'M' 'U' 'M' 'M' 'M' 'M' 'M' 'M' 'M' 'U'
 'U' 'M' 'M' 'U' 'M' 'M' 'M' 'M' 'M' 'U' 'U' 'M' 'M' 'M' 'M' 'M' 'A' 'M'
 'M' 'M' 'M' 'M' 'M' 'M' 'M' 'M' 'M' 'M' 'M' 'M' 'M' 'M' 'U' 'M' 'U' 'U'
 'M' 'M' 'U' 'M' 'U' 'M' 'M' 'M' 'M' 'M' 'M' 'M' 'M' 'M' 'U' 'M' 'M' 'U'
 'M' 'M' 'M' 'M' 'M' 'M' 'M' 'U' 'M' 'U' 'M' 'M' 'M' 'M' 'M' 'M' 'M' 'M'
 'M' 'A' 'M' 'M' 'M' 'M' 'M' 'M' 'M' 'M' 'M' 'M' 'M' 'M' 'M' 'M' 'M' 'M']"
474301,0,163,4,159,35,0,0,"['A' 'M' 'M' 'M' 'M' 'M' 'M' 'M' 'A' 'M' 'M' 'M' 'M' 'U' 'M' 'U' 'M' 'M'
 'M' 'M' 'M' 'U' 'U' 'U' 'U' 'M' 'M' 'M' 'M' 'M' 'U' 'U' 'M' 'M' 'U' 'M'
 'M' 'M' 'M' 'M' 'M' 'M' 'M' 'M' 'M' 'M' 'M' 'U' 'M' 'M' 'M' 'M' 'M' 'U'
 'M' 'M' 'M' 'U' 'A' 'M' 'M' 'M' 'M' 'M' 'M' 'M' 'M' 'M' 'U' 'U' 'U' 'M'
 'M' 'M' 'M' 'M' 'M' 'M' 'M' 'M' 'U' 'U' 'M' 'M' 'M' 'M' 'M' 'M' 'M' 'M'
 'M' 'M' 'M' 'M' 'M' 'M' 'M' 'M' 'M' 'M' 'M' 'M' 'M' 'M' 'M' 'M' 'M' 'U'
 'U' 'M' 'M' 'U' 'M' 'M' 'M' 'M' 'M' 'U' 'U' 'M' 'M' 'M' 'M' 'M' 'U' 'M'
 'M' 'M' 'U' 'U' 'M' 'M' 'M' 'M' 'U' 'M' 'M' 'M' 'M' 'M' 'U' 'M' 'M' 'U'
 'M' 'M' 'U' 'M' 'U' 'M' 'M' 'M' 'M' 'M' 'M' 'M' 'M' 'M' 'U' 'M' 'M' 'M'
 'M' 'M' 'M' 'M' 'M' 'U' 'M' 'U' 'M' 'M' 'M' 'U' 'M' 'M' 'M' 'M' 'M' 'M'
 'M' 'A' 'M' 'U' 'M' 'M' 'M' 'M' 'M' 'M' 'M' 'M' 'M' 'M' 'M' 'M' 'M' 'M']"
474401,0,162,6,156,36,0,0,"['A' 'M' 'M' 'M' 'M' 'M' 'M' 'M' 'A' 'M' 'M' 'M' 'M' 'M' 'M' 'U' 'M' 'M'
 'M' 'M' 'U' 'M' 'U' 'U' 'U' 'M' 'M' 'M' 'M' 'M' 'U' 'M' 'M' 'M' 'M' 'M'
 'U' 'M' 'M' 'M' 'M' 'M' 'M' 'M' 'M' 'M' 'M' 'U' 'M' 'M' 'M' 'M' 'M' 'U'
 'M' 'M' 'M' 'U' 'A' 'M' 'M' 'M' 'M' 'M' 'M' 'M' 'M' 'M' 'M' 'U' 'M' 'M'
 'M' 'M' 'U' 'U' 'M' 'M' 'M' 'U' 'M' 'M' 'M' 'M' 'U' 'M' 'M' 'M' 'M' 'M'
 'M' 'M' 'M' 'M' 'M' 'M' 'M' 'M' 'M' 'M' 'M' 'M' 'M' 'M' 'M' 'M' 'M' 'U'
 'U' 'M' 'M' 'U' 'M' 'A' 'M' 'M' 'M' 'U' 'M' 'U' 'M' 'M' 'U' 'M' 'M' 'M'
 'U' 'M' 'M' 'U' 'M' 'M' 'M' 'M' 'U' 'M' 'M' 'M' 'M' 'M' 'U' 'M' 'M' 'M'
 'M' 'M' 'A' 'U' 'M' 'M' 'M' 'M' 'M' 'M' 'U' 'M' 'M' 'U' 'U' 'M' 'M' 'U'
 'M' 'M' 'M' 'M' 'M' 'U' 'M' 'U' 'M' 'U' 'U' 'M' 'M' 'M' 'M' 'M' 'M' 'U'
 'M' 'A' 'M' 'U' 'M' 'M' 'M' 'M' 'M' 'M' 'M' 'M' 'M' 'M' 'M' 'M' 'M' 'M']"
474501,1,161,5,156,37,0,0,"['A' 'M' 'M' 'U' 'M' 'M' 'M' 'M' 'A' 'M' 'M' 'M' 'M' 'M' 'M' 'M' 'M' 'M'
 'M' 'M' 'M' 'M' 'U' 'U' 'U' 'M' 'M' 'M' 'M' 'M' 'M' 'M' 'M' 'M' 'M' 'M'
 'U' 'M' 'M' 'M' 'M' 'M' 'M' 'M' 'M' 'M' 'M' 'M' 'M' 'M' 'M' 'M' 'M' 'U'
 'M' 'M' 'M' 'U' 'A' 'M' 'M' 'M' 'M' 'M' 'M' 'M' 'U' 'U' 'M' 'M' 'M' 'M'
 'M' 'M' 'M' 'M' 'M' 'U' 'U' 'M' 'M' 'M' 'M' 'M' 'U' 'M' 'M' 'M' 'M' 'M'
 'M' 'M' 'M' 'M' 'M' 'M' 'M' 'M' 'M' 'M' 'M' 'M' 'M' 'M' 'M' 'M' 'M' 'M'
 'U' 'M' 'M' 'U' 'M' 'A' 'M' 'M' 'M' 'U' 'M' 'M' 'M' 'U' 'U' 'M' 'M' 'M'
 'U' 'M' 'M' 'U' 'M' 'U' 'U' 'U' 'U' 'U' 'U' 'U' 'M' 'M' 'U' 'M' 'M' 'M'
 'M' 'M' 'A' 'U' 'M' 'M' 'M' 'U' 'M' 'M' 'U' 'M' 'M' 'M' 'U' 'M' 'M' 'U'
 'M' 'M' 'M' 'M' 'M' 'U' 'M' 'M' 'M' 'M' 'U' 'M' 'M' 'M' 'M' 'M' 'M' 'U'
 'M' 'U' 'M' 'U' 'M' 'M' 'M' 'M' 'M' 'M' 'M' 'M' 'M' 'M' 'M' 'M' 'M' 'M']"
474601,0,156,4,152,42,0,1,"['A' 'M' 'U' 'U' 'M' 'M' 'M' 'M' 'A' 'M' 'M' 'M' 'M' 'M' 'M' 'M' 'M' 'M'
 'M' 'M' 'M' 'M' 'U' 'U' 'U' 'M' 'M' 'M' 'M' 'M' 'M' 'M' 'M' 'M' 'M' 'U'
 'U' 'M' 'M' 'M' 'M' 'M' 'M' 'M' 'M' 'M' 'M' 'M' 'M' 'M' 'M' 'M' 'M' 'U'
 'M' 'M' 'M' 'U' 'A' 'M' 'U' 'U' 'M' 'M' 'M' 'U' 'M' 'M' 'M' 'M' 'U' 'U'
 'M' 'U' 'M' 'M' 'U' 'M' 'M' 'M' 'M' 'M' 'M' 'M' 'M' 'M' 'M' 'M' 'M' 'M'
 'M' 'M' 'M' 'M' 'M' 'M' 'M' 'M' 'M' 'M' 'M' 'M' 'M' 'M' 'M' 'U' 'M' 'M'
 'U' 'M' 'M' 'U' 'M' 'A' 'M' 'M' 'M' 'U' 'M' 'M' 'M' 'U' 'U' 'M' 'M' 'M'
 'U' 'M' 'M' 'U' 'M' 'U' 'U' 'U' 'M' 'U' 'U' 'U' 'U' 'M' 'U' 'M' 'M' 'M'
 'M' 'M' 'U' 'U' 'M' 'M' 'U' 'M' 'M' 'M' 'U' 'M' 'M' 'M' 'U' 'M' 'M' 'U'
 'M' 'M' 'M' 'M' 'M' 'M' 'M' 'M' 'M' 'M' 'U' 'M' 'M' 'M' 'M' 'M' 'M' 'M'
 'M' 'M' 'M' 'U' 'M' 'U' 'M' 'M' 'M' 'M' 'M' 'M' 'M' 'U' 'M' 'M' 'M' 'M']"
474701,1,159,1,158,39,0,0,"['A' 'M' 'U' 'M' 'M' 'M' 'M' 'M' 'U' 'M' 'M' 'M' 'M' 'M' 'M' 'M' 'M' 'M'
 'M' 'M' 'M' 'M' 'M' 'U' 'U' 'M' 'M' 'M' 'M' 'M' 'M' 'M' 'M' 'M' 'M' 'U'
 'U' 'M' 'M' 'M' 'M' 'M' 'M' 'M' 'M' 'M' 'U' 'M' 'M' 'M' 'M' 'M' 'M' 'M'
 'M' 'M' 'M' 'M' 'M' 'M' 'M' 'U' 'M' 'M' 'M' 'M' 'M' 'U' 'M' 'M' 'M' 'M'
 'M' 'M' 'M' 'M' 'U' 'M' 'M' 'M' 'M' 'U' 'M' 'M' 'M' 'M' 'M' 'M' 'M' 'U'
 'U' 'M' 'M' 'M' 'M' 'M' 'M' 'M' 'M' 'M' 'M' 'M' 'M' 'M' 'M' 'U' 'M' 'M'
 'U' 'M' 'M' 'U' 'M' 'U' 'M' 'M' 'M' 'U' 'M' 'M' 'M' 'U' 'U' 'M' 'M' 'M'
 'M' 'M' 'M' 'U' 'U' 'U' 'U' 'U' 'M' 'M' 'U' 'M' 'U' 'M' 'U' 'M' 'M' 'M'
 'M' 'M' 'U' 'U' 'M' 'M' 'U' 'M' 'M' 'M' 'U' 'M' 'M' 'M' 'U' 'M' 'M' 'U'
 'U' 'M' 'M' 'M' 'M' 'M' 'M' 'M' 'M' 'M' 'U' 'M' 'M' 'M' 'M' 'M' 'M' 'U'
 'M' 'M' 'M' 'U' 'M' 'U' 'M' 'M' 'M' 'M' 'M' 'M' 'M' 'M' 'M' 'M' 'M' 'M']"
474801,0,158,1,157,40,0,0,"['A' 'M' 'U' 'M' 'M' 'M' 'M' 'M' 'U' 'M' 'M' 'M' 'M' 'M' 'M' 'M' 'M' 'M'
 'M' 'M' 'M' 'M' 'M' 'U' 'U' 'M' 'M' 'M' 'M' 'M' 'M' 'M' 'M' 'M' 'M' 'U'
 'U' 'M' 'M' 'M' 'M' 'M' 'M' 'M' 'M' 'M' 'M' 'M' 'M' 'M' 'M' 'M' 'M' 'M'
 'M' 'U' 'M' 'M' 'M' 'M' 'M' 'M' 'M' 'U' 'M' 'U' 'M' 'M' 'M' 'M' 'M' 'M'
 'M' 'M' 'M' 'M' 'M' 'M' 'M' 'U' 'M' 'U' 'M' 'M' 'U' 'M' 'M' 'M' 'U' 'M'
 'M' 'M' 'M' 'M' 'M' 'M' 'M' 'M' 'M' 'M' 'M' 'M' 'M' 'U' 'M' 'U' 'M' 'M'
 'U' 'M' 'M' 'U' 'M' 'U' 'U' 'M' 'M' 'U' 'M' 'M' 'M' 'U' 'M' 'M' 'M' 'M'
 'M' 'M' 'M' 'M' 'U' 'M' 'U' 'U' 'U' 'M' 'U' 'U' 'U' 'M' 'U' 'M' 'M' 'M'
 'M' 'M' 'U' 'U' 'M' 'M' 'U' 'M' 'M' 'M' 'U' 'M' 'U' 'M' 'M' 'M' 'M' 'U'
 'U' 'M' 'M' 'M' 'M' 'M' 'M' 'M' 'M' 'U' 'U' 'M' 'M' 'M' 'M' 'M' 'M' 'U'
 'M' 'M' 'M' 'M' 'M' 'U' 'M' 'M' 'M' 'M' 'M' 'M' 'M' 'M' 'M' 'M' 'M' 'M']"
474901,0,168,3,165,30,1,0,"['A' 'M' 'U' 'M' 'M' 'M' 'M' 'M' 'U' 'M' 'U' 'M' 'U' 'M' 'M' 'M' 'M' 'M'
 'M' 'M' 'M' 'M' 'M' 'A' 'U' 'M' 'M' 'M' 'M' 'M' 'M' 'M' 'M' 'M' 'M' 'U'
 'M' 'M' 'M' 'M' 'M' 'M' 'M' 'M' 'M' 'M' 'M' 'M' 'M' 'M' 'M' 'M' 'M' 'M'
 'M' 'U' 'M' 'M' 'M' 'M' 'M' 'M' 'M' 'U' 'M' 'M' 'M' 'M' 'M' 'M' 'M' 'M'
 'U' 'M' 'M' 'M' 'M' 'M' 'M' 'M' 'M' 'M' 'M' 'M' 'U' 'M' 'U' 'U' 'U' 'M'
 'M' 'M' 'M' 'M' 'M' 'M' 'M' 'M' 'M' 'M' 'M' 'M' 'M' 'M' 'M' 'M' 'M' 'M'
 'U' 'M' 'M' 'U' 'M' 'U' 'M' 'M' 'U' 'U' 'M' 'U' 'M' 'M' 'M' 'M' 'M' 'M'
 'M' 'M' 'M' 'M' 'U' 'M' 'M' 'M' 'U' 'M' 'M' 'U' 'U' 'M' 'M' 'M' 'M' 'M'
 'M' 'M' 'U' 'A' 'M' 'M' 'M' 'M' 'M' 'U' 'M' 'M' 'U' 'M' 'M' 'M' 'M' 'M'
 'M' 'M' 'M' 'M' 'M' 'M' 'M' 'M' 'M' 'U' 'U' 'M' 'M' 'M' 'M' 'M' 'M' 'M'
 'M' 'M' 'M' 'M' 'M' 'U' 'M' 'M' 'M' 'U' 'M' 'M' 'M' 'M' 'M' 'M' 'M' 'M']"
475001,0,165,6,159,33,0,0,"['A' 'M' 'U' 'U' 'M' 'M' 'U' 'M' 'U' 'M' 'U' 'M' 'U' 'M' 'M' 'M' 'M' 'M'
 'M' 'U' 'M' 'M' 'M' 'A' 'U' 'M' 'M' 'M' 'M' 'M' 'M' 'M' 'M' 'M' 'A' 'U'
 'M' 'M' 'M' 'M' 'M' 'M' 'M' 'M' 'M' 'M' 'M' 'M' 'M' 'M' 'M' 'M' 'M' 'M'
 'M' 'U' 'M' 'M' 'M' 'M' 'M' 'M' 'M' 'U' 'M' 'M' 'M' 'M' 'M' 'M' 'M' 'M'
 'M' 'M' 'U' 'U' 'M' 'M' 'M' 'M' 'M' 'M' 'U' 'M' 'M' 'M' 'M' 'U' 'M' 'U'
 'M' 'M' 'M' 'M' 'M' 'M' 'M' 'M' 'M' 'U' 'M' 'M' 'M' 'M' 'M' 'M' 'M' 'M'
 'U' 'M' 'M' 'M' 'M' 'U' 'M' 'M' 'M' 'M' 'M' 'A' 'M' 'M' 'M' 'M' 'M' 'M'
 'M' 'U' 'M' 'M' 'U' 'U' 'U' 'M' 'U' 'M' 'M' 'M' 'U' 'M' 'M' 'M' 'M' 'M'
 'M' 'M' 'U' 'A' 'M' 'M' 'M' 'M' 'M' 'U' 'M' 'M' 'U' 'M' 'M' 'M' 'M' 'M'
 'M' 'M' 'M' 'M' 'M' 'M' 'M' 'M' 'M' 'U' 'M' 'M' 'M' 'M' 'M' 'M' 'M' 'U'
 'M' 'M' 'M' 'M' 'M' 'A' 'M' 'M' 'U' 'U' 'U' 'M' 'M' 'M' 'M' 'M' 'M' 'M']"
475101,0,165,5,160,33,0,0,"['A' 'M' 'U' 'U' 'M' 'M' 'U' 'M' 'U' 'M' 'U' 'M' 'U' 'M' 'M' 'M' 'M' 'M'
 'M' 'M' 'M' 'M' 'M' 'A' 'M' 'M' 'M' 'U' 'U' 'M' 'M' 'M' 'M' 'M' 'A' 'U'
 'M' 'U' 'M' 'M' 'M' 'M' 'M' 'M' 'M' 'M' 'M' 'M' 'M' 'M' 'M' 'M' 'M' 'M'
 'M' 'U' 'M' 'M' 'M' 'M' 'M' 'M' 'M' 'U' 'M' 'M' 'M' 'M' 'M' 'M' 'M' 'M'
 'M' 'M' 'M' 'U' 'M' 'U' 'M' 'M' 'M' 'M' 'M' 'U' 'M' 'M' 'M' 'M' 'M' 'M'
 'M' 'U' 'U' 'M' 'M' 'M' 'M' 'M' 'M' 'U' 'M' 'M' 'M' 'M' 'M' 'M' 'M' 'M'
 'U' 'M' 'M' 'M' 'M' 'M' 'M' 'M' 'U' 'M' 'M' 'A' 'M' 'M' 'M' 'M' 'M' 'M'
 'M' 'U' 'M' 'M' 'U' 'U' 'M' 'M' 'U' 'M' 'M' 'M' 'U' 'M' 'U' 'M' 'M' 'M'
 'M' 'M' 'U' 'U' 'M' 'U' 'M' 'M' 'M' 'M' 'M' 'M' 'M' 'M' 'M' 'M' 'M' 'M'
 'M' 'M' 'M' 'M' 'M' 'M' 'M' 'M' 'M' 'U' 'M' 'M' 'M' 'M' 'U' 'M' 'M' 'U'
 'M' 'M' 'M' 'M' 'M' 'A' 'M' 'M' 'U' 'M' 'M' 'M' 'M' 'M' 'M' 'M' 'M' 'M']"
475201,0,158,4,154,40,0,0,"['A' 'M' 'M' 'U' 'M' 'M' 'M' 'U' 'U' 'M' 'U' 'M' 'U' 'M' 'M' 'M' 'M' 'M'
 'M' 'M' 'M' 'M' 'U' 'A' 'M' 'M' 'M' 'U' 'U' 'M' 'M' 'M' 'M' 'M' 'A' 'M'
 'M' 'M' 'M' 'M' 'M' 'M' 'M' 'M' 'M' 'M' 'M' 'M' 'M' 'M' 'M' 'M' 'M' 'M'
 'M' 'U' 'M' 'M' 'U' 'M' 'M' 'M' 'M' 'U' 'M' 'M' 'M' 'M' 'M' 'M' 'M' 'M'
 'M' 'M' 'U' 'M' 'M' 'M' 'M' 'U' 'M' 'U' 'M' 'M' 'M' 'M' 'M' 'M' 'M' 'U'
 'M' 'M' 'U' 'M' 'M' 'M' 'U' 'M' 'U' 'U' 'M' 'M' 'M' 'M' 'M' 'M' 'M' 'M'
 'U' 'M' 'M' 'M' 'M' 'M' 'M' 'M' 'U' 'M' 'M' 'U' 'M' 'M' 'M' 'M' 'M' 'M'
 'M' 'M' 'M' 'M' 'U' 'U' 'U' 'U' 'U' 'U' 'U' 'U' 'U' 'U' 'U' 'M' 'M' 'M'
 'M' 'M' 'M' 'U' 'M' 'U' 'M' 'M' 'M' 'M' 'M' 'M' 'M' 'M' 'U' 'M' 'M' 'M'
 'M' 'M' 'M' 'M' 'M' 'M' 'M' 'M' 'M' 'U' 'M' 'M' 'U' 'M' 'M' 'M' 'M' 'U'
 'M' 'M' 'M' 'M' 'M' 'U' 'M' 'A' 'M' 'M' 'M' 'M' 'M' 'M' 'M' 'M' 'M' 'M']"
475301,1,158,4,154,40,0,0,"['A' 'M' 'M' 'M' 'M' 'M' 'M' 'M' 'U' 'M' 'U' 'M' 'U' 'M' 'M' 'M' 'M' 'M'
 'M' 'M' 'M' 'M' 'U' 'A' 'M' 'M' 'M' 'U' 'U' 'U' 'M' 'M' 'M' 'M' 'A' 'U'
 'M' 'M' 'U' 'M' 'M' 'M' 'M' 'M' 'M' 'M' 'M' 'M' 'M' 'M' 'M' 'M' 'M' 'M'
 'M' 'U' 'M' 'M' 'U' 'M' 'M' 'M' 'M' 'U' 'M' 'M' 'U' 'M' 'M' 'M' 'U' 'M'
 'U' 'M' 'M' 'U' 'U' 'M' 'M' 'M' 'M' 'M' 'M' 'M' 'M' 'M' 'M' 'M' 'M' 'M'
 'M' 'M' 'M' 'M' 'M' 'M' 'U' 'M' 'U' 'M' 'M' 'M' 'M' 'M' 'M' 'M' 'M' 'M'
 'U' 'M' 'M' 'M' 'M' 'M' 'M' 'M' 'U' 'M' 'M' 'M' 'M' 'M' 'M' 'M' 'M' 'M'
 'U' 'M' 'M' 'M' 'U' 'U' 'U' 'U' 'U' 'U' 'A' 'U' 'M' 'M' 'U' 'M' 'M' 'M'
 'M' 'M' 'M' 'U' 'M' 'U' 'M' 'M' 'M' 'M' 'M' 'M' 'M' 'M' 'U' 'M' 'M' 'M'
 'M' 'M' 'M' 'M' 'M' 'M' 'M' 'M' 'M' 'U' 'M' 'M' 'U' 'U' 'M' 'M' 'M' 'U'
 'M' 'M' 'M' 'M' 'M' 'U' 'M' 'U' 'M' 'M' 'U' 'M' 'M' 'M' 'M' 'M' 'M' 'M']"
475401,0,156,5,151,42,0,0,"['A' 'M' 'M' 'M' 'M' 'M' 'M' 'M' 'U' 'U' 'U' 'U' 'M' 'U' 'M' 'M' 'M' 'M'
 'M' 'M' 'M' 'M' 'U' 'A' 'M' 'M' 'M' 'U' 'M' 'U' 'M' 'M' 'M' 'U' 'A' 'U'
 'U' 'M' 'M' 'M' 'M' 'M' 'M' 'M' 'M' 'M' 'M' 'M' 'M' 'M' 'M' 'U' 'M' 'M'
 'M' 'M' 'M' 'M' 'U' 'M' 'M' 'M' 'M' 'U' 'M' 'M' 'M' 'M' 'M' 'M' 'M' 'M'
 'U' 'M' 'M' 'U' 'M' 'M' 'M' 'M' 'M' 'M' 'U' 'M' 'M' 'M' 'M' 'M' 'M' 'U'
 'M' 'M' 'M' 'M' 'U' 'M' 'U' 'M' 'U' 'M' 'M' 'M' 'M' 'M' 'M' 'M' 'M' 'M'
 'M' 'M' 'M' 'M' 'M' 'U' 'M' 'M' 'U' 'M' 'M' 'M' 'M' 'M' 'M' 'M' 'M' 'M'
 'U' 'M' 'M' 'M' 'U' 'U' 'U' 'U' 'U' 'U' 'A' 'U' 'A' 'M' 'U' 'M' 'M' 'M'
 'U' 'M' 'M' 'U' 'M' 'M' 'M' 'M' 'M' 'U' 'M' 'M' 'M' 'M' 'U' 'M' 'M' 'M'
 'M' 'M' 'M' 'M' 'M' 'M' 'M' 'M' 'M' 'U' 'M' 'M' 'U' 'U' 'M' 'M' 'M' 'U'
 'M' 'M' 'M' 'M' 'M' 'U' 'M' 'M' 'M' 'M' 'U' 'M' 'M' 'M' 'M' 'M' 'M' 'M']"
475501,0,157,4,153,41,0,0,"['A' 'M' 'M' 'M' 'M' 'M' 'M' 'M' 'U' 'M' 'U' 'M' 'M' 'U' 'M' 'M' 'M' 'M'
 'M' 'M' 'M' 'M' 'U' 'A' 'M' 'M' 'M' 'U' 'M' 'U' 'M' 'M' 'M' 'U' 'U' 'U'
 'U' 'M' 'M' 'M' 'M' 'M' 'M' 'M' 'M' 'M' 'M' 'M' 'M' 'M' 'M' 'U' 'U' 'M'
 'M' 'M' 'M' 'M' 'U' 'M' 'M' 'M' 'M' 'U' 'M' 'M' 'M' 'M' 'M' 'M' 'M' 'U'
 'M' 'M' 'M' 'M' 'M' 'M' 'M' 'M' 'M' 'M' 'U' 'M' 'M' 'M' 'M' 'M' 'U' 'M'
 'M' 'U' 'M' 'M' 'U' 'M' 'A' 'M' 'U' 'U' 'M' 'M' 'M' 'M' 'M' 'M' 'M' 'M'
 'U' 'M' 'M' 'M' 'M' 'U' 'M' 'M' 'M' 'M' 'M' 'M' 'M' 'M' 'M' 'M' 'M' 'M'
 'U' 'M' 'M' 'M' 'M' 'U' 'M' 'U' 'U' 'U' 'U' 'U' 'A' 'M' 'U' 'M' 'M' 'M'
 'U' 'M' 'M' 'M' 'M' 'M' 'M' 'M' 'U' 'M' 'U' 'M' 'M' 'M' 'U' 'M' 'M' 'M'
 'M' 'M' 'M' 'M' 'M' 'M' 'M' 'M' 'M' 'M' 'M' 'M' 'U' 'U' 'M' 'M' 'M' 'U'
 'M' 'M' 'M' 'M' 'M' 'U' 'M' 'M' 'M' 'M' 'M' 'M' 'U' 'M' 'M' 'M' 'M' 'U']"
475601,0,162,5,157,36,0,0,"['A' 'M' 'M' 'M' 'M' 'M' 'M' 'U' 'U' 'M' 'U' 'M' 'M' 'U' 'M' 'M' 'M' 'M'
 'M' 'M' 'M' 'M' 'M' 'A' 'U' 'M' 'M' 'U' 'M' 'M' 'M' 'M' 'M' 'M' 'U' 'A'
 'M' 'U' 'M' 'M' 'M' 'M' 'M' 'M' 'M' 'M' 'M' 'M' 'M' 'M' 'U' 'M' 'U' 'M'
 'M' 'M' 'M' 'M' 'M' 'M' 'M' 'U' 'M' 'M' 'M' 'M' 'M' 'M' 'M' 'U' 'M' 'M'
 'M' 'M' 'M' 'M' 'U' 'M' 'M' 'M' 'M' 'U' 'M' 'M' 'M' 'U' 'M' 'M' 'M' 'M'
 'M' 'U' 'M' 'M' 'M' 'U' 'A' 'M' 'U' 'U' 'M' 'M' 'M' 'M' 'M' 'M' 'M' 'M'
 'M' 'M' 'M' 'M' 'M' 'U' 'M' 'M' 'M' 'M' 'M' 'M' 'M' 'M' 'M' 'M' 'M' 'M'
 'U' 'M' 'M' 'M' 'M' 'U' 'U' 'U' 'U' 'U' 'M' 'U' 'A' 'M' 'U' 'M' 'M' 'M'
 'U' 'M' 'M' 'M' 'M' 'M' 'M' 'M' 'U' 'M' 'U' 'M' 'M' 'M' 'U' 'M' 'M' 'M'
 'M' 'M' 'M' 'M' 'M' 'M' 'M' 'M' 'M' 'M' 'M' 'M' 'M' 'U' 'M' 'M' 'M' 'M'
 'M' 'M' 'M' 'M' 'M' 'U' 'M' 'M' 'U' 'M' 'M' 'M' 'M' 'M' 'M' 'M' 'M' 'U']"
475701,0,165,6,159,33,0,0,"['A' 'M' 'M' 'M' 'M' 'U' 'M' 'U' 'M' 'M' 'U' 'M' 'M' 'U' 'M' 'M' 'M' 'M'
 'M' 'M' 'U' 'M' 'M' 'A' 'M' 'M' 'M' 'U' 'M' 'M' 'M' 'M' 'M' 'M' 'U' 'A'
 'M' 'U' 'M' 'M' 'M' 'M' 'M' 'M' 'M' 'M' 'M' 'M' 'M' 'M' 'U' 'M' 'M' 'M'
 'M' 'M' 'M' 'M' 'M' 'M' 'M' 'A' 'M' 'U' 'M' 'M' 'M' 'M' 'M' 'M' 'M' 'M'
 'M' 'M' 'M' 'M' 'M' 'U' 'M' 'M' 'M' 'M' 'M' 'M' 'M' 'U' 'M' 'M' 'U' 'U'
 'M' 'M' 'M' 'U' 'M' 'M' 'A' 'M' 'M' 'U' 'M' 'M' 'M' 'M' 'M' 'M' 'M' 'M'
 'M' 'M' 'M' 'M' 'M' 'U' 'M' 'M' 'M' 'M' 'M' 'M' 'M' 'M' 'M' 'M' 'M' 'M'
 'U' 'M' 'U' 'M' 'M' 'U' 'U' 'M' 'U' 'M' 'M' 'U' 'A' 'M' 'U' 'M' 'M' 'M'
 'U' 'M' 'M' 'M' 'U' 'M' 'M' 'M' 'U' 'M' 'U' 'M' 'M' 'M' 'U' 'M' 'M' 'M'
 'U' 'M' 'M' 'M' 'M' 'M' 'M' 'M' 'M' 'M' 'M' 'M' 'M' 'M' 'M' 'M' 'M' 'M'
 'M' 'M' 'U' 'M' 'M' 'U' 'M' 'M' 'U' 'M' 'M' 'M' 'M' 'M' 'M' 'M' 'M' 'M']"
475801,0,163,7,156,35,0,0,"['A' 'M' 'M' 'M' 'M' 'M' 'M' 'U' 'U' 'M' 'A' 'M' 'M' 'U' 'M' 'M' 'M' 'M'
 'M' 'M' 'M' 'M' 'M' 'U' 'M' 'M' 'M' 'U' 'M' 'M' 'M' 'M' 'M' 'M' 'U' 'A'
 'M' 'U' 'M' 'M' 'M' 'M' 'M' 'U' 'U' 'M' 'M' 'M' 'M' 'M' 'U' 'M' 'M' 'M'
 'M' 'M' 'M' 'M' 'M' 'M' 'M' 'A' 'M' 'U' 'M' 'M' 'M' 'U' 'M' 'M' 'M' 'M'
 'M' 'M' 'M' 'M' 'M' 'M' 'M' 'M' 'M' 'M' 'M' 'M' 'U' 'U' 'M' 'M' 'M' 'M'
 'U' 'M' 'M' 'M' 'U' 'M' 'A' 'M' 'M' 'M' 'M' 'M' 'M' 'M' 'U' 'M' 'M' 'M'
 'M' 'M' 'M' 'M' 'M' 'U' 'M' 'M' 'M' 'M' 'M' 'M' 'M' 'M' 'M' 'M' 'M' 'M'
 'A' 'M' 'U' 'M' 'M' 'U' 'U' 'M' 'U' 'M' 'M' 'U' 'A' 'M' 'U' 'M' 'M' 'M'
 'U' 'M' 'M' 'M' 'U' 'M' 'M' 'M' 'U' 'M' 'U' 'M' 'M' 'M' 'U' 'M' 'U' 'M'
 'U' 'M' 'M' 'M' 'U' 'M' 'M' 'M' 'M' 'M' 'M' 'M' 'U' 'M' 'M' 'M' 'M' 'M'
 'M' 'M' 'U' 'M' 'M' 'U' 'M' 'M' 'M' 'M' 'M' 'M' 'M' 'M' 'M' 'M' 'M' 'M']"
475901,0,162,8,154,36,0,0,"['A' 'M' 'M' 'M' 'M' 'M' 'M' 'U' 'U' 'M' 'U' 'M' 'M' 'U' 'M' 'U' 'M' 'M'
 'M' 'M' 'M' 'M' 'M' 'M' 'M' 'M' 'M' 'U' 'M' 'M' 'M' 'M' 'M' 'M' 'U' 'A'
 'M' 'U' 'M' 'M' 'M' 'M' 'M' 'U' 'U' 'M' 'M' 'M' 'M' 'M' 'U' 'M' 'M' 'M'
 'M' 'M' 'M' 'M' 'M' 'M' 'M' 'A' 'M' 'M' 'M' 'M' 'M' 'M' 'M' 'M' 'M' 'M'
 'M' 'U' 'M' 'M' 'M' 'M' 'M' 'M' 'M' 'U' 'M' 'M' 'M' 'M' 'M' 'M' 'M' 'U'
 'U' 'U' 'M' 'M' 'M' 'M' 'A' 'M' 'M' 'U' 'M' 'M' 'M' 'M' 'M' 'M' 'U' 'M'
 'M' 'M' 'M' 'M' 'M' 'U' 'U' 'M' 'M' 'M' 'M' 'M' 'M' 'M' 'M' 'M' 'M' 'M'
 'A' 'A' 'U' 'M' 'M' 'U' 'M' 'M' 'U' 'M' 'M' 'A' 'A' 'M' 'U' 'M' 'M' 'M'
 'U' 'M' 'M' 'M' 'U' 'M' 'M' 'M' 'M' 'M' 'U' 'M' 'M' 'M' 'U' 'M' 'U' 'M'
 'U' 'M' 'M' 'U' 'U' 'M' 'M' 'M' 'M' 'M' 'M' 'M' 'U' 'M' 'M' 'M' 'M' 'M'
 'M' 'M' 'U' 'M' 'M' 'U' 'M' 'U' 'M' 'M' 'M' 'M' 'M' 'M' 'M' 'M' 'M' 'M']"
476001,0,156,7,149,42,0,0,"['A' 'M' 'M' 'M' 'M' 'U' 'M' 'M' 'U' 'M' 'M' 'U' 'M' 'U' 'M' 'U' 'M' 'M'
 'U' 'M' 'M' 'M' 'M' 'M' 'U' 'M' 'M' 'U' 'M' 'M' 'M' 'U' 'M' 'M' 'M' 'U'
 'M' 'U' 'M' 'M' 'M' 'M' 'M' 'U' 'U' 'M' 'M' 'M' 'M' 'M' 'U' 'M' 'M' 'M'
 'M' 'M' 'M' 'M' 'M' 'M' 'M' 'A' 'M' 'M' 'U' 'M' 'M' 'M' 'U' 'M' 'U' 'M'
 'M' 'M' 'M' 'M' 'M' 'M' 'M' 'U' 'M' 'M' 'M' 'M' 'M' 'M' 'M' 'M' 'M' 'M'
 'M' 'M' 'U' 'U' 'M' 'M' 'A' 'M' 'M' 'U' 'M' 'M' 'M' 'M' 'M' 'M' 'U' 'M'
 'M' 'M' 'M' 'M' 'M' 'U' 'M' 'M' 'M' 'M' 'M' 'M' 'M' 'M' 'M' 'M' 'U' 'M'
 'A' 'A' 'U' 'M' 'M' 'M' 'U' 'U' 'U' 'U' 'U' 'U' 'A' 'M' 'M' 'M' 'M' 'M'
 'U' 'M' 'M' 'A' 'M' 'M' 'M' 'M' 'M' 'M' 'U' 'M' 'M' 'M' 'U' 'M' 'U' 'M'
 'U' 'M' 'M' 'U' 'U' 'M' 'M' 'M' 'M' 'M' 'M' 'M' 'U' 'M' 'M' 'M' 'M' 'M'
 'M' 'M' 'U' 'M' 'M' 'U' 'M' 'U' 'M' 'M' 'M' 'M' 'M' 'M' 'M' 'M' 'M' 'M']"
476101,0,156,6,150,42,0,0,"['A' 'M' 'M' 'M' 'M' 'M' 'M' 'M' 'U' 'M' 'M' 'U' 'M' 'U' 'M' 'U' 'M' 'M'
 'U' 'M' 'M' 'M' 'M' 'M' 'M' 'M' 'M' 'U' 'M' 'M' 'M' 'U' 'M' 'M' 'M' 'U'
 'M' 'U' 'M' 'M' 'M' 'M' 'M' 'M' 'U' 'M' 'M' 'M' 'M' 'M' 'U' 'M' 'M' 'M'
 'M' 'M' 'M' 'M' 'M' 'M' 'M' 'A' 'M' 'M' 'U' 'M' 'M' 'M' 'M' 'M' 'M' 'M'
 'M' 'M' 'M' 'U' 'U' 'M' 'M' 'M' 'M' 'U' 'M' 'M' 'M' 'M' 'M' 'M' 'U' 'M'
 'M' 'M' 'M' 'U' 'M' 'M' 'A' 'M' 'M' 'U' 'M' 'M' 'M' 'M' 'M' 'M' 'U' 'M'
 'M' 'M' 'M' 'M' 'M' 'U' 'U' 'M' 'M' 'M' 'M' 'M' 'M' 'M' 'M' 'M' 'U' 'M'
 'A' 'U' 'U' 'M' 'M' 'U' 'U' 'U' 'U' 'M' 'U' 'U' 'U' 'M' 'M' 'M' 'U' 'M'
 'M' 'M' 'M' 'A' 'M' 'M' 'M' 'M' 'M' 'M' 'U' 'M' 'M' 'M' 'U' 'M' 'A' 'M'
 'U' 'M' 'M' 'U' 'U' 'M' 'M' 'M' 'M' 'M' 'M' 'M' 'U' 'M' 'M' 'M' 'M' 'M'
 'M' 'U' 'U' 'M' 'M' 'U' 'M' 'U' 'M' 'M' 'M' 'M' 'M' 'M' 'M' 'M' 'M' 'M']"
476201,0,143,5,138,55,0,0,"['A' 'U' 'M' 'M' 'M' 'M' 'M' 'M' 'M' 'M' 'M' 'U' 'M' 'U' 'M' 'U' 'M' 'M'
 'U' 'U' 'U' 'U' 'M' 'M' 'M' 'U' 'M' 'U' 'U' 'M' 'M' 'M' 'M' 'U' 'M' 'U'
 'M' 'U' 'U' 'M' 'M' 'M' 'M' 'M' 'U' 'M' 'M' 'M' 'M' 'M' 'U' 'M' 'M' 'M'
 'M' 'M' 'M' 'M' 'M' 'M' 'M' 'A' 'M' 'M' 'U' 'M' 'M' 'M' 'U' 'M' 'U' 'M'
 'M' 'M' 'M' 'M' 'M' 'M' 'M' 'M' 'M' 'M' 'M' 'M' 'M' 'M' 'M' 'M' 'M' 'M'
 'U' 'M' 'U' 'U' 'M' 'U' 'A' 'U' 'M' 'M' 'M' 'M' 'M' 'M' 'M' 'M' 'U' 'M'
 'M' 'M' 'M' 'M' 'M' 'U' 'U' 'M' 'U' 'M' 'M' 'U' 'M' 'M' 'M' 'M' 'U' 'M'
 'A' 'U' 'U' 'M' 'M' 'U' 'U' 'U' 'M' 'U' 'U' 'U' 'U' 'M' 'U' 'U' 'M' 'M'
 'M' 'M' 'M' 'U' 'M' 'M' 'M' 'M' 'M' 'M' 'U' 'M' 'M' 'M' 'U' 'M' 'U' 'M'
 'U' 'M' 'M' 'U' 'U' 'M' 'M' 'M' 'M' 'M' 'M' 'U' 'U' 'M' 'M' 'M' 'M' 'M'
 'M' 'U' 'A' 'M' 'M' 'M' 'M' 'U' 'M' 'M' 'M' 'U' 'M' 'U' 'M' 'M' 'M' 'M']"
476301,0,153,7,146,45,0,0,"['A' 'U' 'M' 'M' 'M' 'M' 'M' 'M' 'M' 'M' 'M' 'U' 'M' 'M' 'M' 'U' 'M' 'M'
 'U' 'U' 'M' 'U' 'M' 'M' 'M' 'U' 'M' 'U' 'U' 'M' 'M' 'M' 'M' 'M' 'M' 'U'
 'M' 'U' 'U' 'M' 'M' 'A' 'U' 'M' 'M' 'M' 'M' 'M' 'M' 'M' 'M' 'M' 'M' 'M'
 'M' 'U' 'M' 'M' 'M' 'M' 'M' 'A' 'M' 'M' 'U' 'M' 'M' 'M' 'U' 'M' 'M' 'M'
 'M' 'M' 'M' 'M' 'U' 'M' 'U' 'M' 'U' 'M' 'M' 'M' 'M' 'U' 'M' 'M' 'M' 'M'
 'M' 'M' 'M' 'M' 'M' 'U' 'A' 'U' 'M' 'M' 'M' 'M' 'M' 'U' 'M' 'M' 'U' 'M'
 'M' 'M' 'M' 'M' 'M' 'U' 'U' 'U' 'U' 'M' 'M' 'M' 'M' 'M' 'M' 'M' 'M' 'M'
 'A' 'M' 'M' 'M' 'M' 'U' 'M' 'U' 'M' 'U' 'U' 'U' 'U' 'M' 'M' 'U' 'M' 'M'
 'M' 'M' 'M' 'U' 'M' 'M' 'M' 'M' 'M' 'M' 'M' 'M' 'M' 'M' 'U' 'M' 'U' 'M'
 'M' 'M' 'M' 'M' 'U' 'M' 'M' 'M' 'M' 'M' 'U' 'U' 'U' 'M' 'M' 'M' 'M' 'M'
 'M' 'U' 'A' 'M' 'M' 'M' 'M' 'A' 'M' 'M' 'M' 'U' 'M' 'U' 'M' 'M' 'M' 'M']"
476401,0,158,6,152,40,0,0,"['A' 'U' 'M' 'M' 'M' 'M' 'M' 'M' 'M' 'M' 'M' 'M' 'M' 'M' 'M' 'U' 'M' 'M'
 'U' 'U' 'M' 'U' 'M' 'M' 'M' 'U' 'M' 'M' 'U' 'U' 'M' 'M' 'M' 'M' 'M' 'U'
 'M' 'U' 'U' 'M' 'M' 'A' 'M' 'M' 'M' 'M' 'M' 'M' 'M' 'M' 'M' 'M' 'M' 'M'
 'M' 'M' 'M' 'M' 'M' 'M' 'M' 'U' 'M' 'M' 'U' 'M' 'M' 'M' 'M' 'M' 'M' 'M'
 'M' 'M' 'M' 'U' 'M' 'M' 'M' 'U' 'M' 'M' 'M' 'M' 'M' 'M' 'M' 'M' 'U' 'M'
 'M' 'M' 'U' 'U' 'M' 'M' 'A' 'U' 'M' 'M' 'M' 'U' 'M' 'U' 'M' 'U' 'M' 'M'
 'M' 'M' 'M' 'M' 'M' 'U' 'U' 'U' 'U' 'M' 'M' 'M' 'M' 'M' 'M' 'M' 'M' 'M'
 'A' 'M' 'M' 'M' 'M' 'U' 'M' 'U' 'M' 'U' 'U' 'M' 'U' 'M' 'M' 'U' 'M' 'M'
 'M' 'M' 'M' 'M' 'M' 'M' 'M' 'M' 'M' 'M' 'M' 'M' 'M' 'M' 'U' 'M' 'U' 'M'
 'U' 'M' 'M' 'U' 'M' 'M' 'M' 'M' 'M' 'M' 'U' 'M' 'U' 'M' 'M' 'M' 'M' 'M'
 'M' 'M' 'A' 'M' 'M' 'M' 'U' 'A' 'M' 'M' 'M' 'M' 'M' 'U' 'M' 'M' 'M' 'M']"
476501,0,158,7,151,40,1,0,"['A' 'M' 'M' 'M' 'M' 'M' 'M' 'M' 'M' 'M' 'M' 'M' 'M' 'M' 'M' 'U' 'M' 'U'
 'U' 'U' 'M' 'U' 'M' 'M' 'U' 'U' 'M' 'M' 'U' 'U' 'M' 'M' 'M' 'M' 'M' 'M'
 'M' 'A' 'U' 'M' 'M' 'U' 'M' 'M' 'M' 'M' 'M' 'M' 'M' 'M' 'M' 'M' 'M' 'M'
 'M' 'M' 'M' 'M' 'M' 'M' 'M' 'U' 'M' 'M' 'U' 'M' 'M' 'M' 'U' 'M' 'U' 'M'
 'U' 'M' 'M' 'M' 'M' 'M' 'M' 'M' 'M' 'U' 'M' 'M' 'M' 'M' 'M' 'M' 'M' 'M'
 'M' 'U' 'M' 'M' 'M' 'M' 'U' 'U' 'M' 'M' 'M' 'U' 'M' 'A' 'M' 'M' 'M' 'M'
 'M' 'M' 'M' 'M' 'M' 'U' 'U' 'U' 'U' 'M' 'M' 'M' 'M' 'M' 'M' 'M' 'M' 'M'
 'A' 'M' 'M' 'M' 'M' 'U' 'U' 'U' 'U' 'U' 'U' 'U' 'U' 'M' 'M' 'A' 'M' 'M'
 'M' 'M' 'M' 'M' 'M' 'M' 'M' 'M' 'M' 'M' 'M' 'M' 'M' 'M' 'M' 'M' 'U' 'M'
 'M' 'M' 'M' 'U' 'M' 'M' 'M' 'M' 'M' 'U' 'U' 'M' 'U' 'M' 'M' 'M' 'M' 'M'
 'M' 'M' 'A' 'U' 'M' 'M' 'U' 'A' 'M' 'M' 'M' 'M' 'M' 'M' 'M' 'M' 'M' 'M']"
476601,0,161,9,152,37,0,0,"['A' 'M' 'M' 'M' 'M' 'M' 'M' 'M' 'M' 'M' 'M' 'M' 'M' 'M' 'M' 'U' 'M' 'M'
 'U' 'U' 'M' 'M' 'M' 'M' 'U' 'U' 'M' 'M' 'U' 'U' 'M' 'M' 'M' 'M' 'M' 'U'
 'M' 'U' 'U' 'M' 'M' 'U' 'U' 'M' 'M' 'M' 'M' 'M' 'M' 'M' 'M' 'M' 'M' 'M'
 'M' 'M' 'M' 'U' 'M' 'M' 'M' 'A' 'M' 'M' 'U' 'M' 'M' 'M' 'M' 'M' 'U' 'M'
 'M' 'M' 'M' 'M' 'M' 'M' 'M' 'M' 'M' 'U' 'M' 'M' 'U' 'M' 'M' 'M' 'M' 'U'
 'M' 'M' 'M' 'U' 'M' 'M' 'U' 'M' 'M' 'M' 'M' 'U' 'M' 'U' 'M' 'M' 'M' 'M'
 'M' 'M' 'M' 'M' 'M' 'A' 'U' 'M' 'U' 'M' 'M' 'M' 'M' 'M' 'M' 'M' 'M' 'M'
 'A' 'M' 'M' 'M' 'M' 'U' 'U' 'A' 'U' 'U' 'U' 'U' 'U' 'M' 'M' 'A' 'M' 'M'
 'M' 'M' 'M' 'M' 'M' 'M' 'M' 'M' 'M' 'M' 'M' 'M' 'M' 'M' 'M' 'M' 'U' 'M'
 'M' 'M' 'U' 'U' 'M' 'M' 'M' 'M' 'M' 'U' 'U' 'M' 'A' 'M' 'M' 'M' 'M' 'M'
 'M' 'M' 'A' 'U' 'M' 'M' 'M' 'A' 'M' 'M' 'M' 'M' 'M' 'M' 'M' 'M' 'M' 'M']"
476701,0,163,7,156,35,0,0,"['A' 'M' 'M' 'M' 'M' 'M' 'M' 'M' 'M' 'M' 'M' 'M' 'M' 'M' 'M' 'U' 'M' 'M'
 'M' 'M' 'M' 'M' 'M' 'M' 'U' 'U' 'M' 'M' 'U' 'U' 'M' 'M' 'M' 'M' 'M' 'U'
 'M' 'U' 'M' 'M' 'M' 'U' 'M' 'M' 'M' 'M' 'M' 'M' 'M' 'M' 'M' 'M' 'M' 'M'
 'M' 'M' 'M' 'U' 'M' 'M' 'M' 'A' 'M' 'M' 'U' 'U' 'M' 'M' 'M' 'M' 'U' 'M'
 'M' 'M' 'M' 'M' 'M' 'U' 'M' 'M' 'M' 'M' 'M' 'M' 'M' 'M' 'M' 'M' 'U' 'M'
 'M' 'M' 'U' 'M' 'M' 'M' 'U' 'M' 'M' 'M' 'M' 'M' 'M' 'U' 'M' 'M' 'M' 'M'
 'M' 'M' 'U' 'U' 'M' 'A' 'U' 'M' 'U' 'M' 'M' 'M' 'M' 'M' 'M' 'M' 'M' 'M'
 'A' 'M' 'M' 'M' 'M' 'U' 'U' 'U' 'U' 'U' 'U' 'U' 'M' 'M' 'M' 'A' 'M' 'M'
 'M' 'M' 'M' 'M' 'M' 'M' 'M' 'U' 'M' 'M' 'M' 'M' 'M' 'M' 'M' 'M' 'U' 'M'
 'M' 'M' 'M' 'U' 'M' 'M' 'M' 'M' 'M' 'U' 'M' 'M' 'U' 'M' 'M' 'M' 'M' 'U'
 'M' 'M' 'A' 'U' 'M' 'M' 'M' 'A' 'M' 'M' 'M' 'M' 'M' 'M' 'M' 'M' 'M' 'M']"
476801,0,158,3,155,40,0,0,"['A' 'M' 'M' 'M' 'M' 'M' 'M' 'M' 'M' 'M' 'M' 'M' 'M' 'M' 'M' 'U' 'M' 'M'
 'M' 'M' 'M' 'M' 'M' 'M' 'U' 'U' 'M' 'M' 'U' 'U' 'M' 'M' 'M' 'M' 'M' 'U'
 'M' 'U' 'M' 'M' 'M' 'U' 'M' 'M' 'M' 'M' 'M' 'M' 'M' 'M' 'M' 'M' 'M' 'M'
 'M' 'M' 'M' 'U' 'M' 'M' 'M' 'A' 'M' 'M' 'M' 'M' 'M' 'M' 'U' 'M' 'U' 'M'
 'M' 'U' 'M' 'M' 'M' 'M' 'M' 'U' 'M' 'U' 'M' 'M' 'M' 'M' 'M' 'M' 'M' 'M'
 'M' 'M' 'M' 'M' 'M' 'U' 'M' 'U' 'M' 'M' 'M' 'M' 'U' 'U' 'M' 'M' 'M' 'M'
 'M' 'M' 'U' 'U' 'M' 'U' 'U' 'M' 'U' 'U' 'M' 'M' 'M' 'M' 'M' 'M' 'M' 'M'
 'M' 'M' 'U' 'M' 'M' 'U' 'U' 'U' 'U' 'U' 'U' 'U' 'M' 'M' 'M' 'A' 'M' 'M'
 'M' 'M' 'M' 'M' 'M' 'M' 'M' 'U' 'M' 'M' 'M' 'M' 'M' 'M' 'M' 'M' 'M' 'M'
 'M' 'M' 'M' 'U' 'M' 'M' 'M' 'M' 'M' 'M' 'M' 'M' 'M' 'M' 'M' 'M' 'M' 'U'
 'M' 'U' 'U' 'U' 'M' 'U' 'M' 'M' 'M' 'M' 'M' 'M' 'M' 'M' 'M' 'M' 'M' 'U']"
476901,0,162,4,158,36,0,0,"['A' 'M' 'M' 'M' 'M' 'M' 'M' 'M' 'M' 'M' 'M' 'M' 'M' 'U' 'M' 'A' 'M' 'M'
 'M' 'U' 'M' 'M' 'M' 'M' 'U' 'U' 'M' 'M' 'M' 'M' 'M' 'M' 'M' 'M' 'M' 'U'
 'M' 'U' 'M' 'M' 'M' 'U' 'M' 'M' 'M' 'M' 'M' 'M' 'M' 'M' 'M' 'M' 'U' 'M'
 'M' 'M' 'M' 'M' 'M' 'M' 'M' 'A' 'U' 'M' 'M' 'M' 'M' 'U' 'M' 'M' 'M' 'U'
 'M' 'M' 'U' 'M' 'M' 'M' 'M' 'M' 'M' 'M' 'M' 'M' 'M' 'U' 'M' 'M' 'M' 'U'
 'M' 'M' 'M' 'M' 'M' 'M' 'M' 'M' 'M' 'M' 'M' 'M' 'M' 'M' 'M' 'M' 'M' 'M'
 'M' 'M' 'U' 'U' 'M' 'M' 'U' 'M' 'U' 'U' 'U' 'M' 'M' 'M' 'M' 'M' 'M' 'M'
 'M' 'M' 'U' 'M' 'M' 'U' 'U' 'U' 'U' 'U' 'M' 'U' 'U' 'M' 'M' 'U' 'M' 'M'
 'M' 'M' 'M' 'M' 'M' 'U' 'M' 'U' 'M' 'M' 'M' 'M' 'M' 'M' 'M' 'M' 'M' 'M'
 'M' 'M' 'M' 'U' 'M' 'M' 'M' 'M' 'M' 'M' 'M' 'M' 'M' 'M' 'M' 'M' 'M' 'U'
 'M' 'U' 'M' 'U' 'M' 'A' 'M' 'M' 'M' 'M' 'M' 'M' 'M' 'M' 'M' 'M' 'M' 'U']"
477001,0,161,6,155,37,0,0,"['A' 'M' 'M' 'M' 'M' 'M' 'M' 'M' 'M' 'M' 'M' 'M' 'M' 'U' 'M' 'A' 'M' 'M'
 'M' 'A' 'M' 'M' 'M' 'M' 'U' 'U' 'M' 'M' 'M' 'M' 'M' 'M' 'U' 'M' 'M' 'U'
 'M' 'U' 'M' 'M' 'M' 'A' 'M' 'U' 'M' 'M' 'M' 'M' 'M' 'M' 'M' 'M' 'M' 'M'
 'U' 'M' 'M' 'M' 'M' 'M' 'M' 'A' 'U' 'M' 'M' 'M' 'M' 'M' 'M' 'M' 'M' 'M'
 'U' 'M' 'M' 'M' 'M' 'U' 'M' 'M' 'M' 'M' 'M' 'M' 'M' 'U' 'U' 'M' 'M' 'M'
 'M' 'M' 'U' 'M' 'M' 'U' 'M' 'M' 'M' 'M' 'M' 'M' 'M' 'M' 'U' 'M' 'M' 'M'
 'M' 'M' 'M' 'M' 'M' 'M' 'M' 'M' 'M' 'U' 'U' 'M' 'M' 'M' 'M' 'M' 'M' 'M'
 'M' 'M' 'U' 'M' 'M' 'U' 'U' 'U' 'U' 'U' 'M' 'U' 'U' 'M' 'M' 'U' 'M' 'M'
 'U' 'M' 'M' 'M' 'M' 'U' 'M' 'U' 'M' 'M' 'U' 'M' 'M' 'U' 'M' 'M' 'M' 'M'
 'M' 'M' 'M' 'U' 'M' 'M' 'M' 'U' 'M' 'M' 'M' 'M' 'M' 'M' 'M' 'M' 'M' 'U'
 'M' 'M' 'M' 'U' 'M' 'A' 'M' 'M' 'M' 'M' 'M' 'M' 'M' 'M' 'M' 'M' 'M' 'U']"
477101,0,157,8,149,41,0,0,"['A' 'M' 'M' 'U' 'M' 'M' 'M' 'M' 'M' 'M' 'M' 'M' 'M' 'A' 'M' 'A' 'M' 'M'
 'M' 'A' 'M' 'M' 'M' 'M' 'M' 'M' 'M' 'M' 'M' 'M' 'M' 'M' 'U' 'U' 'M' 'U'
 'M' 'U' 'M' 'M' 'M' 'A' 'A' 'U' 'M' 'M' 'M' 'U' 'M' 'M' 'M' 'M' 'M' 'M'
 'U' 'M' 'M' 'M' 'M' 'M' 'M' 'A' 'U' 'M' 'M' 'M' 'M' 'U' 'M' 'M' 'U' 'M'
 'M' 'M' 'M' 'M' 'M' 'M' 'M' 'M' 'M' 'M' 'M' 'M' 'U' 'M' 'M' 'U' 'U' 'M'
 'M' 'M' 'M' 'M' 'M' 'M' 'M' 'M' 'M' 'M' 'U' 'M' 'M' 'M' 'U' 'M' 'U' 'M'
 'M' 'U' 'M' 'M' 'M' 'M' 'M' 'M' 'M' 'U' 'U' 'M' 'M' 'M' 'M' 'U' 'U' 'M'
 'M' 'M' 'U' 'M' 'M' 'M' 'U' 'U' 'M' 'M' 'M' 'U' 'M' 'M' 'M' 'U' 'M' 'M'
 'M' 'M' 'M' 'M' 'U' 'U' 'M' 'U' 'M' 'M' 'U' 'M' 'M' 'U' 'M' 'M' 'M' 'M'
 'M' 'M' 'M' 'U' 'M' 'M' 'M' 'U' 'M' 'U' 'M' 'M' 'M' 'U' 'M' 'U' 'M' 'U'
 'M' 'M' 'M' 'U' 'M' 'A' 'M' 'M' 'M' 'M' 'M' 'M' 'M' 'U' 'M' 'M' 'M' 'U']"
477201,0,157,9,148,41,0,0,"['A' 'M' 'U' 'U' 'M' 'M' 'M' 'M' 'M' 'M' 'M' 'M' 'M' 'A' 'M' 'A' 'M' 'M'
 'M' 'A' 'U' 'M' 'M' 'M' 'M' 'M' 'M' 'M' 'M' 'M' 'M' 'M' 'M' 'U' 'M' 'U'
 'M' 'M' 'M' 'M' 'M' 'A' 'A' 'U' 'M' 'M' 'M' 'U' 'M' 'M' 'M' 'M' 'M' 'M'
 'U' 'M' 'M' 'M' 'M' 'M' 'U' 'A' 'U' 'M' 'M' 'U' 'M' 'M' 'U' 'U' 'M' 'U'
 'M' 'M' 'M' 'M' 'M' 'M' 'M' 'M' 'M' 'M' 'M' 'M' 'M' 'M' 'M' 'U' 'M' 'M'
 'M' 'M' 'M' 'M' 'M' 'M' 'M' 'M' 'U' 'M' 'U' 'M' 'M' 'M' 'M' 'M' 'U' 'M'
 'M' 'U' 'M' 'M' 'M' 'M' 'M' 'M' 'M' 'U' 'A' 'M' 'M' 'M' 'M' 'U' 'U' 'M'
 'M' 'U' 'U' 'M' 'M' 'M' 'M' 'U' 'M' 'M' 'M' 'U' 'M' 'U' 'M' 'U' 'M' 'M'
 'M' 'M' 'M' 'M' 'U' 'U' 'M' 'M' 'M' 'M' 'U' 'M' 'M' 'U' 'M' 'M' 'M' 'M'
 'M' 'M' 'M' 'U' 'M' 'M' 'M' 'U' 'M' 'U' 'M' 'M' 'M' 'U' 'M' 'U' 'M' 'U'
 'M' 'M' 'M' 'M' 'M' 'A' 'M' 'M' 'M' 'M' 'M' 'U' 'M' 'U' 'M' 'M' 'M' 'U']"
477301,0,165,9,156,33,0,1,"['A' 'M' 'M' 'U' 'M' 'M' 'M' 'M' 'M' 'M' 'M' 'M' 'M' 'U' 'M' 'A' 'M' 'M'
 'M' 'U' 'M' 'M' 'M' 'M' 'M' 'M' 'M' 'M' 'M' 'M' 'M' 'M' 'M' 'M' 'M' 'U'
 'M' 'M' 'M' 'M' 'M' 'A' 'A' 'M' 'M' 'M' 'M' 'U' 'M' 'M' 'M' 'M' 'M' 'M'
 'M' 'M' 'M' 'M' 'M' 'M' 'U' 'A' 'M' 'A' 'M' 'U' 'U' 'M' 'M' 'M' 'M' 'M'
 'M' 'M' 'M' 'M' 'M' 'M' 'M' 'M' 'M' 'M' 'U' 'M' 'M' 'M' 'M' 'M' 'M' 'M'
 'U' 'M' 'M' 'U' 'M' 'M' 'M' 'M' 'U' 'M' 'U' 'M' 'M' 'M' 'M' 'M' 'U' 'M'
 'M' 'M' 'M' 'M' 'M' 'M' 'M' 'M' 'M' 'U' 'U' 'M' 'M' 'M' 'M' 'U' 'U' 'M'
 'M' 'U' 'M' 'M' 'M' 'M' 'M' 'U' 'M' 'M' 'M' 'U' 'M' 'A' 'M' 'U' 'M' 'M'
 'M' 'M' 'U' 'M' 'U' 'M' 'U' 'M' 'M' 'M' 'M' 'M' 'M' 'U' 'M' 'M' 'M' 'U'
 'M' 'M' 'M' 'M' 'M' 'M' 'M' 'U' 'M' 'M' 'M' 'M' 'M' 'U' 'M' 'U' 'M' 'U'
 'M' 'M' 'M' 'M' 'M' 'A' 'M' 'M' 'M' 'M' 'M' 'U' 'M' 'U' 'M' 'M' 'M' 'A']"
477401,1,155,7,148,43,1,0,"['A' 'M' 'M' 'U' 'U' 'M' 'M' 'M' 'M' 'M' 'M' 'M' 'M' 'M' 'M' 'U' 'M' 'M'
 'M' 'M' 'M' 'M' 'U' 'M' 'M' 'M' 'M' 'M' 'M' 'M' 'U' 'M' 'M' 'M' 'M' 'U'
 'M' 'M' 'M' 'M' 'M' 'U' 'A' 'M' 'M' 'M' 'M' 'U' 'M' 'M' 'M' 'U' 'M' 'M'
 'M' 'M' 'M' 'M' 'M' 'M' 'U' 'U' 'U' 'A' 'M' 'U' 'U' 'M' 'M' 'M' 'U' 'M'
 'M' 'M' 'M' 'M' 'M' 'M' 'M' 'M' 'M' 'M' 'M' 'M' 'M' 'M' 'M' 'M' 'U' 'M'
 'M' 'M' 'U' 'M' 'M' 'M' 'M' 'M' 'U' 'U' 'U' 'M' 'M' 'M' 'M' 'M' 'U' 'U'
 'M' 'M' 'M' 'M' 'M' 'M' 'U' 'M' 'M' 'A' 'M' 'M' 'M' 'M' 'M' 'U' 'U' 'M'
 'M' 'U' 'M' 'M' 'M' 'M' 'U' 'U' 'U' 'M' 'M' 'U' 'M' 'A' 'M' 'U' 'U' 'M'
 'M' 'M' 'U' 'M' 'U' 'M' 'U' 'M' 'M' 'M' 'M' 'M' 'M' 'U' 'M' 'M' 'M' 'U'
 'M' 'M' 'M' 'M' 'M' 'M' 'M' 'U' 'M' 'M' 'M' 'M' 'M' 'U' 'M' 'M' 'U' 'U'
 'M' 'M' 'M' 'M' 'M' 'A' 'M' 'M' 'M' 'M' 'M' 'U' 'M' 'U' 'M' 'M' 'M' 'A']"
477501,0,159,8,151,39,0,0,"['A' 'M' 'M' 'U' 'U' 'M' 'M' 'M' 'M' 'M' 'M' 'M' 'M' 'M' 'M' 'M' 'M' 'M'
 'U' 'M' 'M' 'M' 'M' 'M' 'M' 'M' 'M' 'M' 'M' 'M' 'U' 'M' 'M' 'M' 'M' 'M'
 'M' 'M' 'M' 'M' 'M' 'U' 'A' 'M' 'M' 'M' 'M' 'M' 'M' 'M' 'M' 'M' 'M' 'M'
 'M' 'M' 'M' 'M' 'M' 'M' 'U' 'U' 'U' 'A' 'M' 'M' 'M' 'U' 'U' 'M' 'M' 'M'
 'M' 'M' 'M' 'M' 'U' 'U' 'M' 'M' 'M' 'M' 'M' 'U' 'M' 'M' 'M' 'M' 'M' 'M'
 'M' 'M' 'M' 'M' 'M' 'M' 'M' 'M' 'U' 'U' 'M' 'M' 'M' 'M' 'U' 'M' 'M' 'U'
 'M' 'M' 'M' 'M' 'M' 'M' 'U' 'M' 'M' 'A' 'A' 'M' 'M' 'M' 'M' 'U' 'M' 'M'
 'M' 'U' 'M' 'M' 'M' 'M' 'M' 'M' 'M' 'M' 'U' 'U' 'U' 'A' 'M' 'U' 'U' 'M'
 'M' 'M' 'U' 'M' 'U' 'M' 'U' 'M' 'M' 'M' 'M' 'M' 'U' 'M' 'M' 'M' 'U' 'U'
 'M' 'M' 'M' 'M' 'M' 'M' 'M' 'U' 'M' 'M' 'U' 'M' 'M' 'U' 'M' 'M' 'U' 'U'
 'M' 'M' 'M' 'U' 'M' 'A' 'M' 'U' 'M' 'M' 'M' 'M' 'M' 'U' 'M' 'M' 'M' 'A']"
477601,0,160,7,153,38,0,0,"['A' 'M' 'M' 'U' 'M' 'M' 'M' 'M' 'M' 'M' 'M' 'M' 'M' 'M' 'M' 'M' 'M' 'M'
 'U' 'M' 'M' 'M' 'M' 'U' 'M' 'M' 'M' 'M' 'M' 'M' 'U' 'M' 'M' 'M' 'M' 'M'
 'M' 'M' 'M' 'M' 'M' 'U' 'U' 'M' 'M' 'M' 'M' 'M' 'M' 'M' 'M' 'M' 'M' 'M'
 'M' 'M' 'M' 'M' 'M' 'M' 'U' 'U' 'U' 'A' 'M' 'M' 'U' 'U' 'M' 'M' 'U' 'U'
 'M' 'M' 'M' 'M' 'M' 'U' 'M' 'M' 'M' 'M' 'M' 'M' 'M' 'M' 'M' 'M' 'M' 'M'
 'M' 'M' 'M' 'M' 'M' 'M' 'M' 'M' 'U' 'U' 'M' 'M' 'M' 'M' 'U' 'M' 'M' 'M'
 'M' 'M' 'M' 'U' 'M' 'M' 'U' 'M' 'M' 'A' 'A' 'M' 'M' 'M' 'M' 'U' 'U' 'U'
 'M' 'M' 'M' 'M' 'M' 'M' 'M' 'M' 'M' 'M' 'U' 'U' 'M' 'A' 'M' 'M' 'M' 'M'
 'M' 'M' 'U' 'M' 'U' 'M' 'U' 'M' 'M' 'M' 'M' 'M' 'M' 'M' 'M' 'M' 'U' 'U'
 'M' 'M' 'M' 'M' 'M' 'M' 'M' 'U' 'M' 'M' 'U' 'M' 'M' 'U' 'M' 'M' 'U' 'U'
 'M' 'M' 'M' 'U' 'M' 'A' 'M' 'U' 'M' 'M' 'M' 'U' 'M' 'U' 'M' 'M' 'M' 'A']"
477701,0,162,6,156,36,0,0,"['A' 'M' 'M' 'U' 'M' 'M' 'M' 'M' 'M' 'M' 'M' 'M' 'M' 'M' 'M' 'M' 'M' 'M'
 'U' 'M' 'M' 'M' 'M' 'M' 'M' 'M' 'M' 'M' 'M' 'M' 'U' 'M' 'M' 'M' 'M' 'M'
 'M' 'M' 'M' 'M' 'M' 'U' 'U' 'M' 'M' 'M' 'M' 'M' 'M' 'M' 'M' 'M' 'M' 'M'
 'M' 'M' 'M' 'M' 'U' 'M' 'M' 'M' 'U' 'U' 'M' 'M' 'M' 'M' 'U' 'M' 'M' 'M'
 'U' 'M' 'M' 'M' 'M' 'M' 'M' 'M' 'M' 'M' 'U' 'M' 'U' 'U' 'M' 'M' 'M' 'M'
 'M' 'M' 'M' 'M' 'M' 'M' 'M' 'M' 'U' 'U' 'M' 'M' 'U' 'M' 'U' 'M' 'M' 'U'
 'M' 'U' 'M' 'U' 'M' 'M' 'M' 'M' 'M' 'A' 'A' 'M' 'M' 'M' 'M' 'U' 'U' 'U'
 'M' 'M' 'M' 'M' 'M' 'M' 'M' 'U' 'M' 'M' 'U' 'U' 'M' 'U' 'M' 'M' 'M' 'U'
 'M' 'M' 'A' 'M' 'U' 'M' 'M' 'M' 'M' 'M' 'M' 'M' 'M' 'M' 'M' 'M' 'M' 'U'
 'M' 'M' 'M' 'M' 'M' 'M' 'M' 'U' 'M' 'M' 'U' 'M' 'M' 'U' 'M' 'M' 'M' 'M'
 'U' 'M' 'M' 'U' 'M' 'A' 'M' 'U' 'M' 'M' 'M' 'M' 'M' 'M' 'M' 'M' 'M' 'A']"
477801,0,159,4,155,39,1,0,"['A' 'M' 'M' 'U' 'M' 'U' 'M' 'M' 'M' 'M' 'M' 'M' 'M' 'M' 'U' 'M' 'U' 'M'
 'U' 'M' 'M' 'M' 'M' 'M' 'M' 'M' 'M' 'M' 'M' 'M' 'M' 'M' 'M' 'M' 'M' 'M'
 'M' 'M' 'M' 'M' 'U' 'U' 'U' 'M' 'M' 'M' 'M' 'M' 'M' 'M' 'M' 'M' 'M' 'M'
 'M' 'M' 'M' 'M' 'M' 'M' 'M' 'M' 'U' 'U' 'U' 'M' 'M' 'U' 'M' 'M' 'U' 'M'
 'M' 'M' 'U' 'U' 'M' 'M' 'M' 'U' 'M' 'M' 'M' 'M' 'M' 'M' 'M' 'M' 'M' 'M'
 'M' 'M' 'M' 'M' 'M' 'M' 'M' 'M' 'U' 'U' 'M' 'M' 'U' 'M' 'U' 'M' 'M' 'U'
 'U' 'U' 'M' 'U' 'M' 'M' 'M' 'M' 'M' 'A' 'U' 'M' 'M' 'M' 'M' 'U' 'M' 'U'
 'M' 'M' 'M' 'M' 'M' 'M' 'M' 'M' 'M' 'M' 'U' 'M' 'M' 'U' 'M' 'M' 'M' 'U'
 'M' 'M' 'A' 'M' 'U' 'M' 'M' 'M' 'M' 'M' 'M' 'M' 'M' 'M' 'M' 'M' 'M' 'U'
 'M' 'M' 'M' 'M' 'M' 'M' 'U' 'U' 'M' 'M' 'U' 'M' 'M' 'U' 'M' 'M' 'M' 'U'
 'U' 'M' 'M' 'M' 'M' 'A' 'M' 'M' 'M' 'M' 'M' 'M' 'M' 'U' 'M' 'M' 'M' 'M']"
477901,0,162,3,159,36,1,0,"['A' 'M' 'M' 'U' 'M' 'U' 'M' 'M' 'M' 'M' 'M' 'M' 'M' 'M' 'U' 'M' 'U' 'M'
 'U' 'M' 'M' 'M' 'M' 'M' 'M' 'M' 'M' 'M' 'M' 'M' 'M' 'M' 'M' 'M' 'M' 'M'
 'M' 'M' 'M' 'M' 'M' 'U' 'U' 'M' 'U' 'M' 'M' 'M' 'M' 'M' 'U' 'M' 'M' 'M'
 'M' 'M' 'M' 'M' 'M' 'M' 'M' 'M' 'M' 'U' 'M' 'U' 'M' 'M' 'M' 'U' 'M' 'M'
 'M' 'U' 'M' 'M' 'M' 'M' 'M' 'M' 'M' 'U' 'M' 'U' 'M' 'M' 'M' 'M' 'M' 'M'
 'M' 'M' 'M' 'M' 'M' 'M' 'M' 'M' 'M' 'U' 'M' 'M' 'U' 'M' 'U' 'M' 'M' 'M'
 'U' 'U' 'M' 'U' 'M' 'M' 'M' 'M' 'M' 'M' 'M' 'M' 'M' 'U' 'M' 'U' 'M' 'U'
 'M' 'M' 'M' 'M' 'M' 'M' 'M' 'M' 'M' 'M' 'M' 'M' 'M' 'U' 'M' 'M' 'M' 'U'
 'M' 'M' 'A' 'M' 'M' 'M' 'M' 'M' 'M' 'M' 'M' 'M' 'M' 'M' 'M' 'M' 'M' 'U'
 'M' 'M' 'M' 'M' 'M' 'M' 'U' 'U' 'M' 'M' 'U' 'M' 'M' 'U' 'M' 'M' 'M' 'U'
 'U' 'U' 'M' 'M' 'U' 'A' 'M' 'M' 'M' 'M' 'M' 'M' 'M' 'U' 'M' 'M' 'M' 'M']"
478001,0,169,6,163,29,0,0,"['A' 'M' 'M' 'U' 'M' 'U' 'M' 'M' 'M' 'M' 'M' 'M' 'M' 'M' 'U' 'M' 'A' 'M'
 'M' 'M' 'U' 'U' 'M' 'M' 'M' 'M' 'M' 'M' 'M' 'M' 'M' 'M' 'U' 'M' 'M' 'M'
 'M' 'M' 'M' 'M' 'M' 'U' 'U' 'M' 'M' 'M' 'M' 'M' 'M' 'M' 'M' 'U' 'M' 'M'
 'M' 'M' 'M' 'M' 'M' 'M' 'M' 'M' 'M' 'U' 'M' 'M' 'M' 'M' 'M' 'M' 'M' 'M'
 'M' 'M' 'U' 'M' 'M' 'M' 'M' 'M' 'U' 'U' 'U' 'M' 'M' 'M' 'M' 'M' 'M' 'M'
 'U' 'M' 'M' 'M' 'M' 'M' 'M' 'M' 'M' 'U' 'M' 'U' 'U' 'M' 'M' 'M' 'M' 'M'
 'A' 'U' 'M' 'M' 'M' 'M' 'M' 'M' 'M' 'M' 'M' 'M' 'M' 'M' 'M' 'A' 'M' 'M'
 'M' 'M' 'M' 'M' 'M' 'M' 'M' 'M' 'M' 'M' 'M' 'M' 'M' 'U' 'M' 'M' 'M' 'M'
 'M' 'M' 'A' 'U' 'M' 'M' 'M' 'U' 'M' 'M' 'M' 'M' 'M' 'M' 'M' 'M' 'M' 'M'
 'M' 'M' 'M' 'M' 'M' 'M' 'U' 'U' 'M' 'M' 'U' 'M' 'M' 'U' 'M' 'M' 'M' 'M'
 'M' 'U' 'M' 'M' 'U' 'A' 'M' 'M' 'M' 'M' 'M' 'M' 'M' 'U' 'M' 'M' 'M' 'M']"
478101,0,165,3,162,33,0,0,"['A' 'M' 'M' 'U' 'M' 'U' 'M' 'M' 'M' 'M' 'M' 'M' 'M' 'M' 'U' 'M' 'U' 'M'
 'M' 'M' 'U' 'U' 'M' 'M' 'M' 'M' 'M' 'M' 'M' 'M' 'M' 'M' 'U' 'U' 'M' 'M'
 'M' 'M' 'M' 'M' 'M' 'U' 'M' 'M' 'M' 'M' 'M' 'M' 'M' 'M' 'M' 'U' 'M' 'M'
 'M' 'M' 'M' 'M' 'M' 'M' 'U' 'M' 'M' 'M' 'M' 'M' 'U' 'M' 'M' 'M' 'M' 'M'
 'M' 'M' 'U' 'U' 'M' 'M' 'M' 'M' 'M' 'U' 'M' 'M' 'M' 'M' 'M' 'M' 'M' 'M'
 'U' 'M' 'M' 'M' 'M' 'M' 'M' 'U' 'M' 'U' 'M' 'U' 'U' 'M' 'M' 'M' 'M' 'M'
 'U' 'U' 'M' 'M' 'M' 'M' 'M' 'M' 'M' 'M' 'M' 'M' 'M' 'M' 'M' 'U' 'M' 'M'
 'U' 'M' 'M' 'M' 'M' 'M' 'M' 'M' 'M' 'M' 'M' 'M' 'M' 'U' 'M' 'M' 'M' 'M'
 'M' 'M' 'A' 'M' 'M' 'M' 'M' 'A' 'M' 'M' 'M' 'M' 'M' 'M' 'M' 'M' 'M' 'M'
 'M' 'M' 'M' 'M' 'M' 'M' 'U' 'U' 'M' 'M' 'U' 'M' 'M' 'U' 'M' 'M' 'M' 'M'
 'M' 'M' 'M' 'M' 'U' 'U' 'U' 'M' 'M' 'M' 'M' 'M' 'M' 'U' 'M' 'M' 'M' 'M']"
478201,0,165,7,158,33,1,0,"['A' 'M' 'M' 'U' 'M' 'A' 'M' 'M' 'M' 'U' 'M' 'M' 'M' 'M' 'U' 'M' 'U' 'M'
 'M' 'M' 'U' 'U' 'M' 'M' 'M' 'M' 'M' 'M' 'U' 'M' 'M' 'M' 'U' 'U' 'M' 'M'
 'M' 'M' 'M' 'M' 'M' 'M' 'M' 'M' 'M' 'M' 'M' 'U' 'M' 'M' 'U' 'M' 'M' 'M'
 'M' 'M' 'M' 'M' 'M' 'M' 'U' 'U' 'M' 'M' 'M' 'M' 'M' 'M' 'M' 'M' 'M' 'M'
 'U' 'U' 'M' 'M' 'M' 'M' 'M' 'M' 'M' 'M' 'M' 'M' 'M' 'M' 'M' 'U' 'M' 'M'
 'M' 'U' 'U' 'M' 'M' 'M' 'M' 'U' 'M' 'U' 'M' 'U' 'U' 'M' 'M' 'M' 'M' 'M'
 'M' 'M' 'M' 'M' 'M' 'M' 'M' 'M' 'M' 'M' 'M' 'M' 'M' 'M' 'M' 'M' 'M' 'U'
 'U' 'M' 'M' 'M' 'M' 'M' 'M' 'M' 'M' 'M' 'M' 'M' 'M' 'U' 'M' 'M' 'M' 'M'
 'M' 'M' 'A' 'M' 'M' 'M' 'M' 'A' 'M' 'M' 'M' 'M' 'M' 'U' 'M' 'M' 'M' 'M'
 'M' 'M' 'M' 'M' 'M' 'M' 'A' 'A' 'M' 'M' 'U' 'M' 'U' 'A' 'M' 'M' 'M' 'M'
 'M' 'U' 'M' 'M' 'U' 'U' 'U' 'M' 'M' 'M' 'M' 'M' 'M' 'U' 'M' 'M' 'M' 'M']"
478301,0,172,6,166,26,0,1,"['A' 'M' 'M' 'U' 'M' 'M' 'M' 'M' 'M' 'M' 'M' 'M' 'M' 'M' 'U' 'M' 'M' 'M'
 'M' 'M' 'U' 'M' 'M' 'M' 'M' 'M' 'M' 'M' 'M' 'M' 'M' 'M' 'M' 'U' 'M' 'M'
 'M' 'M' 'M' 'M' 'M' 'U' 'M' 'M' 'M' 'M' 'M' 'U' 'M' 'M' 'M' 'M' 'M' 'M'
 'M' 'M' 'M' 'M' 'M' 'M' 'U' 'U' 'M' 'M' 'M' 'M' 'M' 'U' 'M' 'M' 'M' 'M'
 'M' 'M' 'M' 'M' 'M' 'U' 'U' 'M' 'M' 'M' 'M' 'U' 'M' 'M' 'M' 'M' 'M' 'M'
 'U' 'M' 'M' 'M' 'M' 'M' 'M' 'M' 'M' 'U' 'M' 'M' 'U' 'M' 'M' 'M' 'M' 'M'
 'M' 'M' 'M' 'M' 'M' 'M' 'M' 'M' 'M' 'M' 'M' 'M' 'M' 'M' 'M' 'M' 'M' 'U'
 'M' 'M' 'M' 'U' 'M' 'M' 'M' 'M' 'M' 'U' 'M' 'M' 'M' 'M' 'M' 'M' 'M' 'M'
 'M' 'M' 'A' 'M' 'M' 'M' 'M' 'A' 'U' 'M' 'M' 'M' 'M' 'U' 'M' 'M' 'M' 'M'
 'M' 'M' 'M' 'M' 'M' 'M' 'A' 'A' 'M' 'M' 'U' 'M' 'U' 'A' 'M' 'M' 'M' 'M'
 'M' 'U' 'M' 'M' 'U' 'M' 'U' 'M' 'M' 'U' 'M' 'M' 'M' 'M' 'M' 'M' 'M' 'M']"
478401,0,165,6,159,33,0,0,"['A' 'M' 'M' 'U' 'U' 'M' 'M' 'M' 'M' 'M' 'M' 'M' 'M' 'M' 'U' 'M' 'M' 'M'
 'M' 'M' 'U' 'M' 'M' 'M' 'M' 'M' 'U' 'M' 'M' 'M' 'M' 'M' 'M' 'U' 'M' 'M'
 'M' 'M' 'M' 'M' 'M' 'U' 'M' 'U' 'M' 'M' 'M' 'U' 'M' 'M' 'M' 'M' 'M' 'M'
 'M' 'M' 'M' 'M' 'M' 'M' 'U' 'U' 'M' 'M' 'M' 'U' 'M' 'M' 'M' 'M' 'U' 'M'
 'M' 'U' 'M' 'U' 'M' 'M' 'M' 'M' 'M' 'M' 'M' 'M' 'M' 'U' 'M' 'M' 'M' 'M'
 'M' 'M' 'M' 'M' 'M' 'M' 'M' 'M' 'M' 'U' 'M' 'M' 'M' 'M' 'M' 'M' 'M' 'M'
 'U' 'M' 'M' 'M' 'M' 'M' 'U' 'M' 'M' 'M' 'M' 'M' 'M' 'M' 'M' 'M' 'M' 'U'
 'M' 'M' 'M' 'U' 'M' 'M' 'M' 'M' 'M' 'M' 'M' 'M' 'M' 'M' 'M' 'M' 'M' 'U'
 'M' 'M' 'A' 'M' 'M' 'M' 'M' 'A' 'U' 'M' 'M' 'M' 'M' 'M' 'M' 'M' 'M' 'M'
 'M' 'M' 'M' 'M' 'M' 'M' 'A' 'A' 'M' 'U' 'U' 'M' 'U' 'A' 'U' 'U' 'M' 'M'
 'M' 'U' 'U' 'M' 'U' 'M' 'U' 'M' 'M' 'U' 'M' 'M' 'M' 'M' 'M' 'M' 'M' 'M']"
478501,0,168,9,159,30,0,0,"['A' 'M' 'U' 'A' 'U' 'M' 'M' 'U' 'M' 'M' 'M' 'M' 'U' 'M' 'M' 'M' 'M' 'M'
 'M' 'M' 'U' 'M' 'M' 'M' 'M' 'M' 'M' 'M' 'M' 'M' 'M' 'M' 'M' 'U' 'M' 'M'
 'M' 'M' 'M' 'M' 'M' 'U' 'M' 'U' 'M' 'M' 'M' 'M' 'M' 'M' 'M' 'M' 'M' 'M'
 'M' 'M' 'M' 'M' 'M' 'M' 'U' 'U' 'M' 'M' 'M' 'M' 'U' 'M' 'M' 'M' 'M' 'M'
 'U' 'M' 'M' 'M' 'M' 'M' 'M' 'M' 'M' 'M' 'M' 'M' 'M' 'M' 'M' 'U' 'U' 'M'
 'M' 'M' 'M' 'M' 'U' 'M' 'M' 'M' 'M' 'U' 'M' 'M' 'M' 'M' 'M' 'M' 'M' 'U'
 'U' 'M' 'M' 'M' 'M' 'M' 'M' 'M' 'M' 'M' 'M' 'U' 'M' 'M' 'M' 'M' 'M' 'U'
 'M' 'M' 'M' 'A' 'M' 'M' 'M' 'M' 'M' 'M' 'U' 'M' 'M' 'M' 'M' 'M' 'M' 'U'
 'M' 'M' 'A' 'M' 'M' 'M' 'M' 'A' 'M' 'M' 'M' 'M' 'M' 'M' 'M' 'M' 'M' 'M'
 'M' 'M' 'M' 'M' 'M' 'U' 'A' 'A' 'M' 'M' 'U' 'M' 'M' 'A' 'U' 'U' 'M' 'M'
 'U' 'U' 'U' 'M' 'M' 'M' 'U' 'M' 'M' 'A' 'M' 'M' 'M' 'M' 'M' 'M' 'M' 'M']"
478601,0,168,10,158,30,0,0,"['A' 'M' 'U' 'A' 'M' 'M' 'M' 'U' 'M' 'M' 'M' 'M' 'U' 'M' 'M' 'M' 'M' 'M'
 'M' 'M' 'A' 'A' 'M' 'M' 'M' 'M' 'U' 'M' 'M' 'M' 'M' 'M' 'M' 'U' 'M' 'M'
 'M' 'M' 'M' 'M' 'M' 'U' 'M' 'M' 'U' 'M' 'M' 'M' 'M' 'M' 'M' 'M' 'U' 'M'
 'M' 'M' 'M' 'M' 'M' 'M' 'U' 'U' 'M' 'M' 'M' 'M' 'M' 'M' 'M' 'M' 'M' 'M'
 'M' 'M' 'M' 'M' 'U' 'M' 'M' 'M' 'M' 'U' 'M' 'U' 'M' 'M' 'M' 'U' 'M' 'U'
 'M' 'M' 'M' 'M' 'M' 'M' 'M' 'M' 'M' 'M' 'M' 'M' 'M' 'M' 'M' 'M' 'M' 'U'
 'U' 'M' 'M' 'M' 'M' 'M' 'M' 'M' 'M' 'M' 'M' 'U' 'M' 'M' 'M' 'M' 'M' 'U'
 'M' 'M' 'M' 'A' 'M' 'M' 'M' 'M' 'M' 'M' 'M' 'M' 'M' 'M' 'U' 'M' 'M' 'U'
 'M' 'M' 'A' 'M' 'M' 'M' 'M' 'A' 'M' 'M' 'M' 'U' 'M' 'M' 'M' 'M' 'M' 'M'
 'M' 'M' 'M' 'M' 'M' 'M' 'U' 'A' 'M' 'M' 'U' 'M' 'M' 'A' 'U' 'U' 'M' 'M'
 'U' 'M' 'U' 'M' 'M' 'M' 'U' 'M' 'M' 'A' 'M' 'M' 'M' 'M' 'M' 'U' 'M' 'M']"
478701,0,165,10,155,33,0,0,"['A' 'M' 'U' 'A' 'M' 'M' 'M' 'U' 'U' 'M' 'M' 'M' 'U' 'M' 'M' 'M' 'M' 'M'
 'M' 'M' 'A' 'A' 'M' 'M' 'M' 'M' 'U' 'M' 'M' 'M' 'M' 'M' 'M' 'M' 'M' 'M'
 'U' 'M' 'M' 'M' 'M' 'U' 'M' 'M' 'U' 'M' 'U' 'M' 'M' 'M' 'M' 'M' 'M' 'U'
 'M' 'M' 'M' 'U' 'M' 'M' 'U' 'M' 'M' 'M' 'M' 'U' 'M' 'M' 'M' 'M' 'M' 'M'
 'M' 'M' 'M' 'M' 'M' 'M' 'M' 'M' 'U' 'M' 'M' 'M' 'M' 'M' 'U' 'M' 'M' 'M'
 'M' 'M' 'U' 'U' 'M' 'M' 'M' 'M' 'M' 'M' 'M' 'M' 'M' 'M' 'M' 'M' 'M' 'U'
 'M' 'M' 'M' 'M' 'M' 'M' 'M' 'M' 'M' 'M' 'M' 'U' 'M' 'M' 'M' 'M' 'M' 'U'
 'M' 'M' 'M' 'A' 'M' 'M' 'M' 'M' 'M' 'M' 'M' 'M' 'M' 'M' 'U' 'M' 'M' 'U'
 'M' 'M' 'A' 'U' 'M' 'M' 'U' 'A' 'M' 'M' 'M' 'U' 'M' 'M' 'M' 'M' 'M' 'M'
 'M' 'M' 'M' 'M' 'M' 'M' 'U' 'U' 'M' 'M' 'U' 'M' 'M' 'A' 'U' 'U' 'M' 'M'
 'U' 'M' 'U' 'M' 'A' 'M' 'M' 'M' 'M' 'A' 'M' 'M' 'M' 'M' 'M' 'U' 'M' 'M']"
478801,0,167,8,159,31,0,0,"['A' 'M' 'M' 'A' 'M' 'M' 'M' 'U' 'M' 'M' 'M' 'M' 'U' 'M' 'M' 'M' 'U' 'M'
 'M' 'U' 'M' 'A' 'M' 'M' 'M' 'M' 'M' 'M' 'M' 'M' 'M' 'M' 'U' 'M' 'M' 'M'
 'M' 'M' 'M' 'M' 'M' 'U' 'M' 'M' 'M' 'M' 'U' 'M' 'M' 'M' 'M' 'M' 'M' 'U'
 'M' 'M' 'M' 'U' 'U' 'M' 'U' 'M' 'M' 'M' 'M' 'M' 'M' 'U' 'M' 'M' 'M' 'U'
 'M' 'U' 'U' 'M' 'M' 'M' 'M' 'M' 'M' 'M' 'M' 'M' 'M' 'U' 'M' 'M' 'M' 'M'
 'M' 'M' 'M' 'M' 'M' 'U' 'M' 'M' 'M' 'M' 'M' 'M' 'M' 'M' 'M' 'U' 'M' 'M'
 'M' 'M' 'M' 'M' 'M' 'M' 'M' 'M' 'M' 'M' 'M' 'U' 'M' 'M' 'M' 'M' 'M' 'M'
 'M' 'M' 'M' 'A' 'M' 'M' 'M' 'M' 'M' 'M' 'M' 'M' 'M' 'M' 'U' 'M' 'M' 'M'
 'M' 'M' 'A' 'U' 'M' 'M' 'U' 'A' 'M' 'M' 'M' 'U' 'M' 'M' 'M' 'M' 'M' 'M'
 'M' 'M' 'M' 'M' 'M' 'M' 'U' 'U' 'M' 'M' 'U' 'M' 'M' 'U' 'U' 'U' 'M' 'M'
 'U' 'M' 'M' 'M' 'A' 'M' 'M' 'M' 'M' 'A' 'M' 'M' 'M' 'M' 'M' 'U' 'M' 'M']"
478901,0,162,7,155,36,0,0,"['A' 'M' 'M' 'A' 'M' 'M' 'M' 'U' 'M' 'M' 'M' 'M' 'U' 'M' 'M' 'M' 'U' 'M'
 'M' 'U' 'M' 'A' 'M' 'M' 'M' 'M' 'M' 'M' 'M' 'M' 'M' 'M' 'U' 'M' 'M' 'M'
 'M' 'M' 'M' 'M' 'M' 'U' 'M' 'M' 'M' 'M' 'U' 'M' 'M' 'M' 'M' 'M' 'M' 'U'
 'M' 'M' 'M' 'U' 'U' 'M' 'U' 'U' 'M' 'M' 'M' 'M' 'M' 'M' 'M' 'M' 'M' 'M'
 'M' 'M' 'M' 'U' 'U' 'M' 'M' 'M' 'U' 'U' 'M' 'M' 'M' 'U' 'M' 'M' 'M' 'M'
 'M' 'M' 'M' 'M' 'M' 'U' 'M' 'U' 'M' 'M' 'M' 'U' 'M' 'M' 'M' 'U' 'M' 'M'
 'M' 'M' 'M' 'M' 'M' 'M' 'M' 'M' 'M' 'M' 'M' 'U' 'M' 'M' 'M' 'M' 'M' 'M'
 'M' 'M' 'M' 'A' 'M' 'M' 'M' 'U' 'M' 'M' 'M' 'M' 'M' 'M' 'U' 'M' 'M' 'M'
 'M' 'M' 'M' 'M' 'M' 'M' 'U' 'A' 'M' 'M' 'M' 'U' 'M' 'M' 'M' 'M' 'M' 'M'
 'M' 'M' 'M' 'M' 'M' 'M' 'M' 'U' 'M' 'M' 'U' 'M' 'M' 'U' 'A' 'U' 'M' 'M'
 'U' 'U' 'M' 'M' 'U' 'M' 'U' 'M' 'M' 'A' 'M' 'M' 'M' 'M' 'M' 'U' 'U' 'M']"
479001,0,160,7,153,38,0,0,"['A' 'M' 'M' 'A' 'U' 'M' 'M' 'U' 'M' 'U' 'M' 'M' 'M' 'M' 'M' 'M' 'U' 'M'
 'M' 'U' 'M' 'U' 'M' 'M' 'M' 'M' 'M' 'M' 'M' 'M' 'M' 'M' 'U' 'M' 'M' 'M'
 'M' 'M' 'M' 'M' 'M' 'M' 'M' 'M' 'M' 'M' 'U' 'M' 'M' 'M' 'M' 'M' 'M' 'U'
 'M' 'M' 'M' 'M' 'U' 'M' 'U' 'U' 'M' 'M' 'M' 'M' 'M' 'M' 'M' 'M' 'M' 'M'
 'M' 'M' 'U' 'M' 'U' 'U' 'M' 'M' 'M' 'M' 'M' 'M' 'M' 'M' 'M' 'U' 'M' 'M'
 'M' 'M' 'M' 'M' 'U' 'U' 'M' 'A' 'M' 'M' 'M' 'U' 'M' 'M' 'M' 'M' 'M' 'M'
 'M' 'M' 'M' 'M' 'M' 'M' 'M' 'M' 'M' 'M' 'M' 'U' 'M' 'M' 'M' 'M' 'M' 'M'
 'M' 'M' 'M' 'A' 'M' 'M' 'U' 'U' 'U' 'U' 'U' 'M' 'U' 'M' 'U' 'M' 'M' 'M'
 'M' 'M' 'M' 'M' 'M' 'M' 'U' 'A' 'M' 'M' 'M' 'U' 'M' 'M' 'M' 'M' 'M' 'M'
 'U' 'M' 'M' 'M' 'M' 'M' 'M' 'U' 'M' 'M' 'U' 'M' 'M' 'U' 'A' 'U' 'M' 'M'
 'U' 'U' 'M' 'M' 'M' 'M' 'U' 'M' 'M' 'A' 'M' 'M' 'M' 'M' 'M' 'M' 'U' 'M']"
479101,0,159,10,149,39,0,0,"['A' 'M' 'M' 'A' 'U' 'M' 'M' 'A' 'M' 'U' 'M' 'M' 'M' 'M' 'M' 'M' 'U' 'M'
 'M' 'U' 'M' 'A' 'M' 'M' 'M' 'M' 'M' 'M' 'M' 'U' 'M' 'M' 'U' 'M' 'U' 'M'
 'M' 'M' 'M' 'M' 'U' 'M' 'M' 'M' 'M' 'M' 'U' 'M' 'M' 'M' 'M' 'M' 'M' 'U'
 'M' 'M' 'M' 'U' 'U' 'U' 'U' 'U' 'M' 'U' 'M' 'M' 'M' 'M' 'M' 'M' 'U' 'M'
 'M' 'M' 'M' 'M' 'M' 'M' 'U' 'M' 'M' 'U' 'M' 'M' 'M' 'M' 'U' 'M' 'M' 'M'
 'U' 'M' 'M' 'M' 'M' 'M' 'U' 'A' 'M' 'M' 'M' 'U' 'M' 'M' 'M' 'M' 'M' 'M'
 'M' 'M' 'M' 'M' 'M' 'M' 'M' 'M' 'M' 'M' 'M' 'U' 'U' 'M' 'M' 'M' 'M' 'M'
 'M' 'M' 'M' 'A' 'M' 'M' 'M' 'U' 'U' 'U' 'U' 'M' 'U' 'M' 'U' 'M' 'U' 'M'
 'M' 'M' 'M' 'M' 'M' 'M' 'U' 'A' 'U' 'M' 'M' 'M' 'M' 'M' 'M' 'M' 'M' 'M'
 'A' 'M' 'M' 'M' 'M' 'M' 'M' 'U' 'M' 'M' 'U' 'M' 'M' 'M' 'A' 'U' 'M' 'M'
 'M' 'M' 'M' 'U' 'M' 'M' 'M' 'M' 'M' 'A' 'M' 'M' 'M' 'M' 'M' 'M' 'U' 'M']"
479201,0,165,9,156,33,0,0,"['A' 'M' 'M' 'U' 'M' 'M' 'M' 'A' 'M' 'U' 'M' 'M' 'M' 'M' 'M' 'M' 'U' 'M'
 'M' 'U' 'M' 'A' 'M' 'M' 'M' 'M' 'M' 'M' 'M' 'U' 'M' 'M' 'M' 'M' 'U' 'M'
 'M' 'M' 'M' 'M' 'U' 'M' 'M' 'M' 'M' 'M' 'U' 'M' 'M' 'M' 'M' 'M' 'M' 'U'
 'M' 'M' 'M' 'U' 'U' 'U' 'U' 'U' 'M' 'M' 'M' 'M' 'U' 'M' 'M' 'M' 'M' 'M'
 'M' 'M' 'M' 'U' 'M' 'M' 'M' 'M' 'U' 'M' 'M' 'M' 'U' 'M' 'M' 'M' 'M' 'M'
 'M' 'M' 'M' 'M' 'U' 'M' 'M' 'A' 'M' 'M' 'M' 'U' 'M' 'M' 'M' 'M' 'M' 'M'
 'M' 'M' 'M' 'M' 'M' 'M' 'M' 'M' 'M' 'M' 'M' 'M' 'U' 'M' 'M' 'M' 'M' 'M'
 'M' 'M' 'M' 'A' 'M' 'M' 'M' 'M' 'U' 'U' 'U' 'M' 'U' 'M' 'U' 'M' 'U' 'M'
 'M' 'M' 'M' 'M' 'M' 'M' 'U' 'A' 'U' 'M' 'M' 'M' 'M' 'M' 'M' 'M' 'M' 'M'
 'A' 'M' 'M' 'M' 'M' 'M' 'M' 'M' 'M' 'M' 'U' 'M' 'M' 'M' 'U' 'U' 'M' 'M'
 'M' 'M' 'M' 'U' 'M' 'M' 'M' 'M' 'M' 'A' 'M' 'M' 'M' 'M' 'M' 'M' 'A' 'M']"
479301,1,161,8,153,37,0,0,"['A' 'M' 'U' 'U' 'M' 'M' 'M' 'A' 'M' 'U' 'U' 'M' 'M' 'M' 'M' 'M' 'U' 'M'
 'M' 'U' 'M' 'U' 'M' 'M' 'M' 'M' 'M' 'M' 'M' 'U' 'U' 'M' 'M' 'M' 'M' 'M'
 'M' 'M' 'M' 'M' 'U' 'M' 'M' 'M' 'M' 'M' 'U' 'M' 'M' 'M' 'M' 'M' 'M' 'U'
 'M' 'M' 'M' 'M' 'U' 'U' 'U' 'U' 'M' 'M' 'M' 'M' 'M' 'M' 'U' 'M' 'M' 'M'
 'M' 'M' 'U' 'M' 'M' 'M' 'M' 'M' 'M' 'M' 'M' 'U' 'M' 'M' 'M' 'U' 'U' 'M'
 'M' 'M' 'M' 'M' 'M' 'M' 'M' 'A' 'M' 'M' 'M' 'M' 'M' 'M' 'M' 'M' 'M' 'M'
 'M' 'M' 'M' 'M' 'M' 'M' 'M' 'M' 'M' 'M' 'M' 'M' 'M' 'M' 'M' 'M' 'M' 'M'
 'M' 'U' 'M' 'A' 'M' 'U' 'U' 'U' 'M' 'U' 'U' 'M' 'U' 'M' 'U' 'M' 'M' 'M'
 'M' 'M' 'M' 'M' 'M' 'M' 'U' 'A' 'U' 'M' 'M' 'M' 'M' 'U' 'M' 'U' 'M' 'M'
 'A' 'M' 'M' 'M' 'M' 'M' 'M' 'U' 'M' 'M' 'M' 'M' 'M' 'M' 'M' 'U' 'M' 'M'
 'M' 'M' 'M' 'U' 'M' 'M' 'M' 'M' 'M' 'A' 'M' 'M' 'M' 'M' 'U' 'M' 'A' 'M']"
479401,1,159,6,153,39,0,0,"['A' 'M' 'U' 'U' 'M' 'M' 'M' 'A' 'M' 'U' 'U' 'M' 'M' 'M' 'M' 'M' 'M' 'M'
 'M' 'U' 'M' 'U' 'M' 'M' 'M' 'M' 'M' 'M' 'M' 'M' 'U' 'M' 'M' 'M' 'M' 'M'
 'M' 'M' 'M' 'M' 'U' 'M' 'M' 'M' 'M' 'M' 'M' 'M' 'M' 'M' 'M' 'M' 'M' 'U'
 'U' 'M' 'M' 'M' 'U' 'U' 'M' 'U' 'M' 'M' 'M' 'M' 'M' 'M' 'M' 'M' 'M' 'M'
 'U' 'M' 'M' 'M' 'M' 'M' 'M' 'M' 'M' 'M' 'U' 'M' 'U' 'M' 'M' 'M' 'U' 'M'
 'M' 'M' 'M' 'M' 'U' 'M' 'U' 'A' 'M' 'M' 'M' 'M' 'M' 'M' 'M' 'M' 'M' 'M'
 'M' 'M' 'M' 'M' 'M' 'M' 'M' 'M' 'M' 'M' 'M' 'M' 'M' 'M' 'M' 'M' 'M' 'M'
 'M' 'U' 'M' 'A' 'M' 'U' 'U' 'U' 'M' 'U' 'U' 'U' 'U' 'M' 'U' 'M' 'U' 'M'
 'M' 'U' 'M' 'M' 'M' 'M' 'U' 'A' 'U' 'M' 'U' 'M' 'M' 'U' 'M' 'M' 'M' 'M'
 'U' 'M' 'M' 'M' 'M' 'M' 'M' 'U' 'M' 'M' 'M' 'M' 'M' 'M' 'M' 'U' 'M' 'M'
 'M' 'M' 'M' 'M' 'M' 'U' 'M' 'M' 'M' 'A' 'M' 'M' 'M' 'M' 'M' 'M' 'U' 'M']"
479501,0,160,6,154,38,0,0,"['A' 'M' 'U' 'M' 'M' 'M' 'M' 'A' 'M' 'U' 'M' 'M' 'M' 'M' 'M' 'M' 'M' 'M'
 'M' 'M' 'M' 'U' 'M' 'M' 'M' 'M' 'M' 'M' 'M' 'M' 'U' 'M' 'M' 'M' 'M' 'M'
 'M' 'M' 'M' 'M' 'U' 'M' 'M' 'M' 'M' 'M' 'M' 'M' 'M' 'M' 'M' 'M' 'M' 'U'
 'U' 'M' 'M' 'M' 'U' 'U' 'U' 'U' 'M' 'M' 'M' 'M' 'M' 'M' 'M' 'M' 'M' 'M'
 'M' 'M' 'M' 'M' 'U' 'M' 'M' 'M' 'U' 'U' 'U' 'M' 'M' 'M' 'M' 'M' 'M' 'M'
 'M' 'U' 'M' 'M' 'M' 'M' 'M' 'A' 'M' 'U' 'M' 'U' 'M' 'M' 'U' 'M' 'M' 'M'
 'M' 'M' 'M' 'M' 'M' 'M' 'M' 'M' 'M' 'M' 'M' 'M' 'M' 'M' 'M' 'M' 'M' 'M'
 'M' 'A' 'M' 'A' 'M' 'M' 'U' 'U' 'U' 'U' 'M' 'U' 'U' 'M' 'M' 'M' 'M' 'M'
 'M' 'M' 'M' 'M' 'U' 'M' 'U' 'U' 'U' 'M' 'U' 'M' 'M' 'U' 'M' 'M' 'M' 'M'
 'M' 'M' 'M' 'M' 'M' 'M' 'M' 'U' 'M' 'M' 'M' 'M' 'M' 'U' 'M' 'U' 'M' 'M'
 'M' 'M' 'M' 'M' 'M' 'U' 'U' 'M' 'M' 'A' 'U' 'M' 'M' 'M' 'M' 'M' 'U' 'M']"
479601,0,166,5,161,32,0,0,"['A' 'M' 'U' 'M' 'M' 'M' 'M' 'U' 'M' 'U' 'M' 'M' 'M' 'M' 'M' 'M' 'M' 'M'
 'M' 'M' 'M' 'U' 'M' 'M' 'M' 'M' 'M' 'M' 'M' 'M' 'U' 'M' 'M' 'M' 'M' 'M'
 'M' 'M' 'M' 'M' 'M' 'M' 'M' 'M' 'M' 'M' 'M' 'M' 'M' 'M' 'M' 'M' 'M' 'U'
 'U' 'M' 'M' 'M' 'U' 'U' 'U' 'U' 'M' 'M' 'M' 'M' 'M' 'U' 'U' 'M' 'M' 'M'
 'M' 'U' 'M' 'M' 'M' 'M' 'M' 'M' 'M' 'M' 'M' 'M' 'M' 'M' 'M' 'U' 'M' 'M'
 'M' 'M' 'U' 'M' 'M' 'M' 'M' 'A' 'M' 'U' 'M' 'M' 'M' 'M' 'M' 'M' 'M' 'M'
 'M' 'M' 'M' 'M' 'M' 'M' 'M' 'M' 'M' 'M' 'M' 'M' 'M' 'M' 'M' 'M' 'M' 'M'
 'M' 'A' 'M' 'U' 'M' 'M' 'M' 'U' 'U' 'A' 'M' 'U' 'U' 'M' 'M' 'M' 'U' 'M'
 'M' 'M' 'M' 'M' 'U' 'M' 'M' 'U' 'M' 'M' 'M' 'M' 'M' 'U' 'M' 'M' 'M' 'M'
 'M' 'M' 'M' 'M' 'M' 'M' 'M' 'U' 'M' 'M' 'M' 'M' 'M' 'M' 'M' 'U' 'M' 'M'
 'M' 'M' 'M' 'M' 'M' 'U' 'M' 'M' 'M' 'A' 'U' 'M' 'M' 'M' 'M' 'M' 'U' 'U']"
479701,0,160,5,155,38,0,0,"['A' 'M' 'U' 'M' 'M' 'M' 'M' 'U' 'M' 'U' 'M' 'M' 'M' 'M' 'M' 'M' 'M' 'M'
 'M' 'M' 'M' 'U' 'M' 'M' 'M' 'M' 'M' 'M' 'M' 'M' 'M' 'M' 'U' 'U' 'M' 'M'
 'M' 'M' 'M' 'M' 'M' 'M' 'M' 'M' 'M' 'M' 'M' 'M' 'M' 'M' 'M' 'M' 'M' 'U'
 'U' 'M' 'M' 'M' 'U' 'U' 'U' 'U' 'M' 'M' 'M' 'M' 'U' 'M' 'M' 'M' 'M' 'M'
 'M' 'M' 'M' 'M' 'M' 'M' 'M' 'M' 'U' 'M' 'U' 'M' 'M' 'M' 'U' 'M' 'M' 'M'
 'M' 'U' 'M' 'M' 'M' 'M' 'M' 'A' 'M' 'U' 'M' 'M' 'M' 'M' 'M' 'M' 'M' 'M'
 'M' 'M' 'M' 'M' 'M' 'M' 'M' 'M' 'M' 'M' 'M' 'M' 'M' 'M' 'M' 'M' 'M' 'M'
 'M' 'A' 'U' 'U' 'M' 'M' 'U' 'U' 'U' 'A' 'U' 'U' 'U' 'M' 'U' 'M' 'U' 'M'
 'M' 'M' 'U' 'M' 'U' 'M' 'M' 'U' 'M' 'M' 'M' 'M' 'M' 'U' 'M' 'M' 'M' 'M'
 'M' 'M' 'M' 'M' 'M' 'M' 'M' 'M' 'M' 'M' 'M' 'M' 'M' 'M' 'M' 'U' 'M' 'M'
 'M' 'M' 'M' 'U' 'M' 'U' 'M' 'M' 'M' 'A' 'U' 'M' 'M' 'M' 'M' 'M' 'U' 'U']"
479801,1,154,4,150,44,0,0,"['A' 'M' 'U' 'M' 'M' 'M' 'M' 'U' 'M' 'U' 'M' 'M' 'M' 'M' 'M' 'M' 'M' 'U'
 'U' 'M' 'M' 'U' 'M' 'M' 'M' 'M' 'M' 'M' 'U' 'M' 'M' 'M' 'U' 'U' 'M' 'M'
 'M' 'M' 'M' 'M' 'U' 'M' 'M' 'M' 'M' 'M' 'M' 'M' 'M' 'M' 'U' 'M' 'M' 'U'
 'M' 'M' 'M' 'M' 'U' 'U' 'M' 'U' 'M' 'U' 'M' 'M' 'U' 'M' 'M' 'M' 'U' 'M'
 'M' 'M' 'M' 'U' 'M' 'M' 'M' 'U' 'M' 'M' 'M' 'M' 'M' 'M' 'M' 'M' 'M' 'M'
 'M' 'M' 'M' 'M' 'U' 'M' 'M' 'U' 'M' 'U' 'M' 'M' 'M' 'M' 'M' 'M' 'M' 'M'
 'M' 'M' 'M' 'M' 'M' 'M' 'M' 'M' 'M' 'M' 'M' 'M' 'M' 'M' 'M' 'M' 'M' 'U'
 'M' 'A' 'U' 'M' 'U' 'M' 'U' 'U' 'U' 'A' 'U' 'U' 'U' 'M' 'U' 'M' 'U' 'M'
 'U' 'M' 'M' 'M' 'U' 'M' 'M' 'U' 'M' 'M' 'M' 'M' 'M' 'U' 'M' 'U' 'M' 'M'
 'U' 'M' 'M' 'M' 'M' 'M' 'M' 'M' 'M' 'M' 'M' 'M' 'M' 'M' 'M' 'M' 'M' 'M'
 'M' 'M' 'M' 'M' 'M' 'U' 'M' 'M' 'M' 'A' 'U' 'M' 'M' 'M' 'M' 'M' 'U' 'U']"
479901,0,152,4,148,46,0,0,"['A' 'M' 'U' 'M' 'M' 'M' 'U' 'U' 'M' 'U' 'M' 'M' 'M' 'M' 'M' 'M' 'M' 'U'
 'U' 'U' 'M' 'U' 'M' 'M' 'U' 'M' 'M' 'M' 'U' 'M' 'M' 'M' 'U' 'U' 'M' 'M'
 'M' 'M' 'M' 'U' 'U' 'M' 'M' 'M' 'M' 'M' 'M' 'M' 'M' 'M' 'U' 'M' 'M' 'U'
 'M' 'M' 'M' 'M' 'U' 'U' 'M' 'M' 'M' 'U' 'M' 'M' 'M' 'M' 'U' 'M' 'M' 'M'
 'M' 'U' 'M' 'U' 'U' 'M' 'M' 'M' 'U' 'M' 'M' 'M' 'M' 'M' 'M' 'M' 'M' 'M'
 'M' 'M' 'M' 'M' 'M' 'U' 'M' 'U' 'M' 'M' 'M' 'M' 'M' 'M' 'M' 'M' 'M' 'M'
 'U' 'M' 'M' 'M' 'M' 'M' 'M' 'M' 'M' 'M' 'M' 'U' 'M' 'M' 'M' 'M' 'M' 'M'
 'M' 'A' 'U' 'M' 'U' 'U' 'U' 'U' 'U' 'A' 'U' 'U' 'U' 'M' 'M' 'M' 'U' 'M'
 'M' 'M' 'M' 'M' 'U' 'M' 'M' 'U' 'M' 'M' 'M' 'M' 'M' 'U' 'M' 'U' 'M' 'M'
 'M' 'M' 'M' 'M' 'M' 'M' 'M' 'M' 'M' 'M' 'M' 'M' 'M' 'M' 'M' 'M' 'M' 'M'
 'M' 'M' 'M' 'M' 'M' 'U' 'M' 'M' 'M' 'A' 'U' 'M' 'M' 'M' 'U' 'M' 'M' 'U']"
480001,0,154,4,150,44,0,0,"['A' 'M' 'M' 'U' 'M' 'M' 'U' 'M' 'M' 'U' 'U' 'M' 'M' 'M' 'M' 'M' 'M' 'U'
 'U' 'U' 'M' 'U' 'M' 'M' 'U' 'M' 'M' 'M' 'M' 'M' 'M' 'M' 'M' 'U' 'M' 'M'
 'M' 'M' 'M' 'U' 'U' 'U' 'M' 'M' 'U' 'M' 'M' 'M' 'U' 'M' 'M' 'M' 'M' 'U'
 'M' 'U' 'M' 'M' 'U' 'U' 'M' 'M' 'M' 'M' 'M' 'M' 'M' 'U' 'M' 'M' 'M' 'M'
 'M' 'M' 'M' 'M' 'M' 'M' 'M' 'M' 'M' 'M' 'U' 'M' 'M' 'M' 'M' 'U' 'M' 'U'
 'M' 'M' 'M' 'U' 'M' 'M' 'M' 'M' 'M' 'M' 'M' 'M' 'M' 'M' 'M' 'M' 'M' 'M'
 'M' 'M' 'M' 'M' 'M' 'M' 'M' 'M' 'M' 'M' 'M' 'U' 'M' 'M' 'M' 'M' 'M' 'M'
 'M' 'A' 'M' 'M' 'U' 'U' 'U' 'U' 'U' 'A' 'U' 'U' 'U' 'M' 'M' 'M' 'U' 'U'
 'M' 'M' 'M' 'M' 'U' 'M' 'U' 'U' 'M' 'M' 'M' 'M' 'M' 'M' 'M' 'U' 'M' 'M'
 'M' 'M' 'M' 'M' 'M' 'M' 'M' 'M' 'M' 'M' 'M' 'M' 'M' 'M' 'M' 'M' 'M' 'M'
 'M' 'M' 'M' 'M' 'U' 'U' 'U' 'M' 'M' 'A' 'U' 'M' 'M' 'M' 'M' 'M' 'M' 'U']"
480101,0,153,3,150,45,0,0,"['A' 'M' 'M' 'U' 'M' 'M' 'U' 'M' 'U' 'M' 'M' 'M' 'M' 'M' 'M' 'M' 'M' 'U'
 'U' 'U' 'M' 'M' 'M' 'M' 'U' 'M' 'M' 'M' 'M' 'M' 'M' 'U' 'M' 'U' 'M' 'M'
 'M' 'M' 'M' 'U' 'M' 'U' 'M' 'M' 'U' 'M' 'U' 'M' 'U' 'M' 'M' 'M' 'M' 'M'
 'M' 'U' 'M' 'M' 'U' 'U' 'M' 'M' 'M' 'M' 'M' 'M' 'M' 'M' 'M' 'M' 'M' 'M'
 'U' 'M' 'M' 'M' 'M' 'M' 'U' 'M' 'M' 'M' 'M' 'U' 'M' 'M' 'M' 'M' 'M' 'M'
 'U' 'M' 'U' 'M' 'M' 'M' 'M' 'M' 'M' 'M' 'M' 'M' 'M' 'M' 'M' 'M' 'M' 'M'
 'M' 'M' 'M' 'M' 'M' 'M' 'M' 'M' 'U' 'M' 'M' 'M' 'M' 'U' 'M' 'M' 'M' 'M'
 'M' 'A' 'M' 'M' 'U' 'U' 'U' 'M' 'U' 'U' 'U' 'U' 'U' 'U' 'M' 'M' 'U' 'U'
 'M' 'M' 'M' 'M' 'U' 'M' 'M' 'U' 'M' 'M' 'M' 'M' 'M' 'M' 'M' 'U' 'M' 'M'
 'M' 'M' 'M' 'M' 'M' 'M' 'M' 'M' 'M' 'M' 'M' 'M' 'M' 'M' 'M' 'M' 'U' 'M'
 'M' 'M' 'M' 'U' 'U' 'M' 'U' 'M' 'M' 'A' 'U' 'M' 'M' 'M' 'M' 'U' 'M' 'U']"
480201,0,160,3,157,38,0,1,"['A' 'M' 'M' 'M' 'M' 'M' 'U' 'M' 'U' 'M' 'M' 'M' 'M' 'M' 'M' 'M' 'M' 'U'
 'U' 'U' 'M' 'M' 'U' 'M' 'U' 'M' 'M' 'M' 'M' 'M' 'M' 'U' 'M' 'U' 'M' 'M'
 'M' 'M' 'M' 'M' 'M' 'M' 'M' 'M' 'M' 'M' 'U' 'M' 'M' 'M' 'M' 'M' 'M' 'M'
 'M' 'U' 'M' 'M' 'U' 'U' 'M' 'M' 'M' 'M' 'M' 'M' 'M' 'M' 'U' 'M' 'M' 'M'
 'M' 'M' 'M' 'M' 'M' 'U' 'U' 'M' 'U' 'M' 'M' 'M' 'M' 'M' 'M' 'M' 'M' 'U'
 'M' 'M' 'M' 'M' 'M' 'M' 'M' 'M' 'M' 'M' 'M' 'M' 'U' 'M' 'M' 'M' 'U' 'M'
 'M' 'M' 'M' 'M' 'M' 'M' 'M' 'M' 'M' 'M' 'M' 'M' 'M' 'U' 'M' 'M' 'M' 'M'
 'M' 'A' 'M' 'M' 'U' 'U' 'U' 'M' 'M' 'U' 'U' 'M' 'U' 'M' 'M' 'M' 'M' 'U'
 'M' 'M' 'M' 'M' 'M' 'M' 'M' 'U' 'M' 'M' 'M' 'M' 'M' 'M' 'M' 'U' 'M' 'M'
 'M' 'M' 'M' 'M' 'M' 'M' 'M' 'M' 'M' 'M' 'M' 'M' 'M' 'M' 'M' 'U' 'U' 'M'
 'M' 'M' 'M' 'U' 'U' 'M' 'U' 'M' 'M' 'A' 'U' 'M' 'M' 'M' 'M' 'U' 'M' 'U']"
480301,0,160,3,157,38,0,1,"['A' 'M' 'M' 'M' 'M' 'M' 'U' 'M' 'U' 'M' 'M' 'M' 'M' 'M' 'M' 'M' 'M' 'U'
 'U' 'U' 'M' 'M' 'M' 'U' 'U' 'M' 'M' 'M' 'M' 'M' 'M' 'U' 'M' 'U' 'M' 'M'
 'M' 'M' 'M' 'M' 'M' 'M' 'M' 'M' 'M' 'M' 'M' 'M' 'M' 'M' 'M' 'M' 'M' 'M'
 'M' 'U' 'M' 'M' 'U' 'M' 'M' 'M' 'M' 'M' 'M' 'M' 'M' 'M' 'M' 'M' 'U' 'U'
 'M' 'M' 'M' 'M' 'M' 'U' 'M' 'M' 'M' 'M' 'M' 'M' 'M' 'M' 'U' 'M' 'U' 'M'
 'M' 'M' 'M' 'M' 'M' 'M' 'M' 'M' 'M' 'M' 'M' 'M' 'U' 'M' 'M' 'M' 'U' 'M'
 'M' 'M' 'M' 'M' 'M' 'M' 'M' 'M' 'M' 'M' 'M' 'M' 'M' 'U' 'M' 'M' 'M' 'M'
 'M' 'A' 'M' 'M' 'U' 'U' 'U' 'U' 'U' 'U' 'U' 'U' 'U' 'M' 'M' 'M' 'M' 'U'
 'M' 'M' 'M' 'M' 'M' 'M' 'U' 'M' 'M' 'M' 'M' 'M' 'M' 'M' 'M' 'U' 'M' 'M'
 'M' 'M' 'M' 'M' 'M' 'M' 'M' 'M' 'M' 'M' 'M' 'M' 'M' 'M' 'M' 'U' 'U' 'M'
 'M' 'M' 'M' 'U' 'U' 'M' 'U' 'M' 'M' 'A' 'U' 'M' 'M' 'M' 'M' 'M' 'M' 'U']"
480401,0,168,4,164,30,0,0,"['A' 'M' 'U' 'M' 'U' 'M' 'U' 'M' 'A' 'M' 'M' 'M' 'M' 'M' 'M' 'M' 'M' 'U'
 'M' 'M' 'M' 'M' 'M' 'U' 'M' 'M' 'M' 'M' 'M' 'M' 'M' 'U' 'M' 'U' 'M' 'M'
 'M' 'M' 'U' 'M' 'M' 'M' 'M' 'M' 'M' 'M' 'M' 'M' 'M' 'M' 'M' 'M' 'M' 'M'
 'M' 'U' 'M' 'M' 'M' 'M' 'M' 'M' 'M' 'M' 'M' 'M' 'M' 'U' 'U' 'M' 'M' 'M'
 'M' 'M' 'M' 'M' 'M' 'U' 'M' 'M' 'M' 'M' 'M' 'U' 'M' 'M' 'M' 'M' 'U' 'M'
 'M' 'M' 'M' 'M' 'M' 'M' 'M' 'M' 'M' 'M' 'M' 'M' 'M' 'M' 'M' 'M' 'U' 'M'
 'M' 'M' 'M' 'M' 'M' 'M' 'M' 'M' 'M' 'M' 'M' 'M' 'M' 'A' 'M' 'M' 'M' 'M'
 'M' 'M' 'M' 'M' 'U' 'U' 'U' 'U' 'U' 'U' 'M' 'M' 'U' 'M' 'M' 'M' 'M' 'U'
 'M' 'M' 'M' 'M' 'M' 'M' 'U' 'M' 'M' 'M' 'M' 'M' 'M' 'M' 'M' 'U' 'M' 'M'
 'M' 'M' 'M' 'M' 'M' 'M' 'M' 'M' 'M' 'M' 'M' 'M' 'M' 'M' 'M' 'M' 'U' 'M'
 'M' 'M' 'M' 'U' 'M' 'M' 'U' 'M' 'M' 'A' 'U' 'M' 'M' 'M' 'M' 'M' 'M' 'U']"
480501,0,169,4,165,29,0,0,"['A' 'M' 'A' 'M' 'U' 'M' 'U' 'M' 'A' 'M' 'M' 'M' 'M' 'M' 'M' 'M' 'M' 'U'
 'M' 'M' 'M' 'M' 'M' 'U' 'M' 'U' 'M' 'M' 'M' 'M' 'M' 'U' 'M' 'U' 'M' 'M'
 'M' 'M' 'U' 'M' 'M' 'M' 'M' 'U' 'M' 'M' 'M' 'M' 'M' 'M' 'M' 'M' 'M' 'M'
 'M' 'U' 'M' 'M' 'M' 'M' 'M' 'M' 'M' 'M' 'U' 'M' 'U' 'M' 'M' 'M' 'M' 'M'
 'M' 'M' 'U' 'M' 'M' 'M' 'M' 'M' 'M' 'M' 'M' 'M' 'M' 'M' 'M' 'U' 'M' 'M'
 'U' 'M' 'M' 'U' 'M' 'M' 'M' 'M' 'M' 'M' 'M' 'M' 'M' 'M' 'M' 'M' 'M' 'M'
 'M' 'M' 'M' 'M' 'M' 'M' 'M' 'M' 'M' 'M' 'M' 'M' 'M' 'U' 'M' 'M' 'M' 'M'
 'M' 'M' 'M' 'U' 'M' 'U' 'M' 'U' 'M' 'U' 'M' 'M' 'M' 'M' 'M' 'M' 'M' 'U'
 'M' 'M' 'M' 'M' 'M' 'M' 'U' 'M' 'M' 'M' 'M' 'M' 'M' 'M' 'M' 'M' 'M' 'M'
 'M' 'M' 'M' 'M' 'M' 'M' 'M' 'M' 'M' 'M' 'M' 'M' 'M' 'M' 'U' 'M' 'U' 'M'
 'M' 'M' 'M' 'U' 'M' 'M' 'U' 'M' 'M' 'A' 'U' 'M' 'M' 'M' 'M' 'M' 'M' 'U']"
480601,0,166,2,164,32,0,0,"['A' 'M' 'U' 'U' 'U' 'M' 'U' 'M' 'U' 'M' 'U' 'M' 'M' 'M' 'M' 'M' 'M' 'U'
 'M' 'M' 'M' 'M' 'M' 'U' 'M' 'U' 'M' 'M' 'M' 'M' 'M' 'U' 'M' 'U' 'M' 'M'
 'M' 'M' 'M' 'M' 'M' 'M' 'M' 'U' 'M' 'M' 'M' 'M' 'M' 'M' 'U' 'M' 'M' 'M'
 'M' 'M' 'M' 'M' 'M' 'M' 'M' 'M' 'M' 'M' 'U' 'U' 'M' 'M' 'M' 'M' 'M' 'U'
 'M' 'M' 'U' 'M' 'M' 'M' 'U' 'M' 'M' 'M' 'M' 'M' 'M' 'M' 'U' 'M' 'M' 'M'
 'M' 'M' 'M' 'M' 'M' 'M' 'M' 'U' 'M' 'M' 'M' 'M' 'M' 'M' 'M' 'M' 'M' 'M'
 'M' 'M' 'M' 'M' 'M' 'M' 'M' 'M' 'M' 'M' 'M' 'M' 'M' 'U' 'M' 'M' 'M' 'M'
 'M' 'M' 'M' 'U' 'M' 'U' 'M' 'U' 'M' 'U' 'M' 'M' 'M' 'M' 'M' 'M' 'M' 'M'
 'M' 'M' 'M' 'M' 'M' 'U' 'U' 'M' 'M' 'M' 'M' 'M' 'M' 'M' 'M' 'M' 'M' 'M'
 'M' 'M' 'M' 'M' 'M' 'M' 'M' 'M' 'M' 'U' 'M' 'M' 'M' 'M' 'M' 'M' 'M' 'M'
 'M' 'M' 'M' 'U' 'U' 'M' 'U' 'M' 'M' 'A' 'U' 'M' 'M' 'M' 'M' 'M' 'M' 'M']"
480701,0,164,2,162,34,0,0,"['A' 'M' 'U' 'U' 'U' 'M' 'M' 'M' 'U' 'M' 'U' 'M' 'M' 'M' 'M' 'U' 'U' 'U'
 'M' 'M' 'M' 'M' 'M' 'U' 'M' 'U' 'M' 'M' 'M' 'M' 'M' 'M' 'U' 'U' 'M' 'M'
 'U' 'M' 'M' 'M' 'M' 'M' 'M' 'U' 'M' 'M' 'M' 'M' 'M' 'M' 'U' 'M' 'M' 'M'
 'M' 'M' 'M' 'M' 'M' 'M' 'M' 'M' 'M' 'M' 'U' 'M' 'M' 'M' 'M' 'M' 'U' 'M'
 'M' 'M' 'M' 'M' 'M' 'M' 'M' 'M' 'M' 'M' 'M' 'M' 'M' 'M' 'M' 'M' 'M' 'U'
 'U' 'M' 'U' 'M' 'U' 'M' 'M' 'M' 'U' 'M' 'M' 'M' 'M' 'M' 'M' 'M' 'M' 'M'
 'M' 'M' 'M' 'M' 'M' 'M' 'M' 'M' 'M' 'M' 'M' 'M' 'M' 'U' 'M' 'M' 'M' 'M'
 'M' 'M' 'M' 'U' 'M' 'U' 'M' 'U' 'M' 'M' 'U' 'M' 'M' 'M' 'M' 'M' 'M' 'M'
 'M' 'M' 'M' 'M' 'M' 'U' 'U' 'M' 'M' 'M' 'M' 'M' 'M' 'M' 'M' 'M' 'M' 'M'
 'M' 'M' 'M' 'M' 'M' 'M' 'M' 'M' 'M' 'U' 'M' 'M' 'M' 'M' 'M' 'M' 'M' 'M'
 'M' 'M' 'M' 'U' 'U' 'M' 'U' 'M' 'M' 'A' 'U' 'M' 'M' 'M' 'M' 'M' 'M' 'M']"
480801,0,159,1,158,39,1,0,"['A' 'M' 'U' 'M' 'M' 'M' 'M' 'M' 'M' 'M' 'M' 'M' 'M' 'M' 'M' 'U' 'U' 'U'
 'M' 'M' 'M' 'M' 'M' 'U' 'M' 'U' 'U' 'M' 'M' 'M' 'M' 'M' 'U' 'U' 'M' 'M'
 'U' 'M' 'U' 'M' 'M' 'M' 'M' 'U' 'M' 'M' 'M' 'M' 'M' 'M' 'M' 'M' 'M' 'M'
 'M' 'M' 'M' 'M' 'M' 'M' 'M' 'M' 'M' 'M' 'M' 'M' 'M' 'M' 'M' 'M' 'M' 'M'
 'U' 'M' 'M' 'M' 'M' 'M' 'M' 'M' 'M' 'U' 'M' 'U' 'M' 'M' 'M' 'M' 'U' 'M'
 'M' 'U' 'M' 'M' 'M' 'M' 'M' 'M' 'U' 'M' 'M' 'M' 'M' 'U' 'M' 'M' 'M' 'M'
 'M' 'M' 'U' 'M' 'M' 'M' 'M' 'M' 'M' 'M' 'M' 'M' 'M' 'U' 'M' 'M' 'M' 'M'
 'M' 'M' 'M' 'U' 'M' 'U' 'U' 'U' 'U' 'M' 'U' 'U' 'U' 'M' 'U' 'M' 'M' 'M'
 'M' 'M' 'U' 'M' 'M' 'U' 'M' 'M' 'M' 'M' 'M' 'M' 'M' 'M' 'M' 'M' 'M' 'M'
 'M' 'M' 'M' 'M' 'M' 'M' 'M' 'M' 'M' 'M' 'M' 'M' 'M' 'M' 'M' 'M' 'M' 'M'
 'M' 'M' 'M' 'U' 'U' 'U' 'U' 'M' 'M' 'U' 'U' 'M' 'U' 'M' 'M' 'M' 'M' 'M']"
480901,0,161,1,160,37,0,0,"['A' 'M' 'U' 'M' 'M' 'M' 'M' 'M' 'M' 'M' 'M' 'U' 'M' 'M' 'M' 'U' 'U' 'U'
 'M' 'M' 'M' 'M' 'M' 'M' 'M' 'U' 'M' 'M' 'M' 'M' 'M' 'M' 'U' 'U' 'M' 'M'
 'U' 'M' 'M' 'M' 'M' 'M' 'M' 'U' 'M' 'M' 'M' 'M' 'U' 'M' 'M' 'M' 'M' 'M'
 'M' 'M' 'M' 'M' 'M' 'M' 'M' 'M' 'M' 'M' 'M' 'M' 'M' 'M' 'M' 'M' 'M' 'M'
 'M' 'U' 'M' 'M' 'M' 'M' 'M' 'M' 'M' 'M' 'M' 'M' 'M' 'U' 'U' 'M' 'U' 'M'
 'M' 'U' 'M' 'M' 'M' 'U' 'M' 'M' 'U' 'M' 'M' 'M' 'M' 'U' 'M' 'M' 'M' 'M'
 'M' 'M' 'U' 'U' 'M' 'M' 'M' 'M' 'M' 'M' 'M' 'M' 'M' 'U' 'M' 'M' 'M' 'M'
 'M' 'M' 'M' 'U' 'M' 'U' 'U' 'M' 'U' 'U' 'U' 'U' 'U' 'M' 'M' 'M' 'M' 'M'
 'M' 'M' 'U' 'M' 'M' 'U' 'M' 'M' 'M' 'M' 'M' 'M' 'M' 'M' 'M' 'M' 'M' 'M'
 'M' 'M' 'M' 'M' 'M' 'M' 'M' 'M' 'M' 'M' 'M' 'M' 'M' 'M' 'M' 'M' 'M' 'M'
 'M' 'M' 'M' 'M' 'U' 'U' 'U' 'M' 'M' 'U' 'M' 'M' 'U' 'M' 'M' 'M' 'M' 'M']"
481001,0,162,2,160,36,0,1,"['A' 'M' 'U' 'M' 'M' 'U' 'M' 'M' 'M' 'M' 'M' 'U' 'M' 'M' 'M' 'U' 'U' 'U'
 'M' 'M' 'M' 'M' 'M' 'M' 'M' 'M' 'M' 'M' 'M' 'M' 'M' 'M' 'U' 'U' 'M' 'M'
 'U' 'M' 'M' 'M' 'M' 'M' 'M' 'M' 'M' 'M' 'M' 'M' 'U' 'M' 'M' 'M' 'M' 'M'
 'M' 'M' 'M' 'M' 'M' 'M' 'M' 'M' 'M' 'M' 'M' 'M' 'M' 'M' 'M' 'U' 'M' 'M'
 'M' 'M' 'M' 'M' 'M' 'U' 'M' 'M' 'M' 'U' 'M' 'U' 'M' 'M' 'M' 'M' 'M' 'M'
 'M' 'M' 'M' 'M' 'U' 'M' 'U' 'M' 'U' 'M' 'M' 'M' 'M' 'U' 'M' 'M' 'M' 'M'
 'M' 'M' 'M' 'U' 'M' 'M' 'M' 'M' 'M' 'M' 'M' 'M' 'M' 'U' 'U' 'M' 'M' 'M'
 'M' 'M' 'M' 'U' 'M' 'U' 'U' 'M' 'U' 'M' 'U' 'M' 'U' 'M' 'M' 'M' 'M' 'M'
 'M' 'M' 'A' 'M' 'M' 'U' 'M' 'M' 'M' 'U' 'M' 'M' 'M' 'U' 'M' 'M' 'M' 'M'
 'M' 'U' 'M' 'M' 'M' 'M' 'M' 'M' 'U' 'M' 'M' 'M' 'M' 'M' 'M' 'M' 'M' 'M'
 'M' 'M' 'M' 'M' 'M' 'U' 'U' 'M' 'M' 'U' 'M' 'M' 'U' 'M' 'M' 'M' 'M' 'M']"
481101,0,160,4,156,38,0,0,"['A' 'M' 'U' 'M' 'M' 'U' 'M' 'M' 'M' 'M' 'M' 'A' 'M' 'M' 'M' 'U' 'U' 'U'
 'M' 'M' 'M' 'M' 'M' 'M' 'M' 'M' 'M' 'U' 'M' 'M' 'M' 'M' 'U' 'U' 'M' 'M'
 'M' 'M' 'M' 'M' 'M' 'M' 'M' 'U' 'U' 'M' 'M' 'M' 'U' 'M' 'M' 'M' 'M' 'M'
 'M' 'M' 'M' 'M' 'U' 'M' 'M' 'M' 'M' 'M' 'M' 'U' 'M' 'M' 'M' 'M' 'U' 'M'
 'M' 'M' 'M' 'M' 'M' 'M' 'M' 'M' 'U' 'M' 'M' 'M' 'M' 'U' 'M' 'M' 'U' 'M'
 'M' 'M' 'M' 'M' 'M' 'M' 'U' 'M' 'U' 'M' 'M' 'M' 'M' 'M' 'M' 'M' 'M' 'M'
 'M' 'M' 'M' 'U' 'M' 'U' 'M' 'M' 'M' 'M' 'M' 'M' 'U' 'M' 'U' 'M' 'M' 'U'
 'M' 'M' 'M' 'A' 'M' 'U' 'U' 'M' 'M' 'M' 'U' 'M' 'U' 'M' 'M' 'M' 'M' 'M'
 'M' 'U' 'A' 'U' 'M' 'U' 'M' 'M' 'M' 'M' 'M' 'M' 'M' 'U' 'M' 'M' 'M' 'M'
 'M' 'U' 'M' 'M' 'M' 'M' 'M' 'M' 'U' 'M' 'M' 'M' 'M' 'M' 'M' 'M' 'M' 'M'
 'M' 'M' 'M' 'M' 'M' 'U' 'U' 'M' 'M' 'M' 'U' 'M' 'U' 'M' 'M' 'M' 'M' 'M']"
481201,0,160,3,157,38,0,0,"['A' 'M' 'U' 'M' 'M' 'M' 'M' 'M' 'M' 'M' 'M' 'U' 'M' 'M' 'M' 'M' 'U' 'U'
 'U' 'M' 'M' 'M' 'M' 'M' 'M' 'U' 'M' 'U' 'M' 'M' 'M' 'M' 'U' 'U' 'M' 'M'
 'M' 'U' 'M' 'M' 'M' 'M' 'M' 'M' 'U' 'M' 'M' 'M' 'U' 'M' 'M' 'M' 'M' 'M'
 'M' 'M' 'M' 'M' 'U' 'M' 'M' 'M' 'M' 'M' 'M' 'M' 'U' 'U' 'M' 'M' 'M' 'M'
 'M' 'M' 'M' 'M' 'U' 'M' 'M' 'U' 'M' 'M' 'M' 'M' 'U' 'M' 'M' 'M' 'M' 'M'
 'M' 'M' 'M' 'M' 'M' 'M' 'U' 'M' 'U' 'M' 'M' 'M' 'M' 'M' 'M' 'M' 'M' 'M'
 'M' 'M' 'M' 'M' 'M' 'M' 'M' 'M' 'M' 'M' 'M' 'M' 'U' 'M' 'U' 'M' 'M' 'U'
 'M' 'M' 'M' 'A' 'M' 'M' 'U' 'U' 'U' 'U' 'U' 'M' 'U' 'M' 'M' 'M' 'M' 'M'
 'M' 'U' 'A' 'U' 'M' 'U' 'M' 'M' 'M' 'U' 'M' 'M' 'M' 'U' 'M' 'M' 'M' 'M'
 'M' 'M' 'M' 'M' 'M' 'M' 'M' 'M' 'U' 'M' 'M' 'M' 'M' 'M' 'M' 'M' 'M' 'M'
 'M' 'M' 'M' 'M' 'M' 'M' 'U' 'M' 'M' 'M' 'U' 'M' 'U' 'M' 'M' 'M' 'M' 'M']"
481301,0,165,4,161,33,0,0,"['A' 'M' 'M' 'M' 'M' 'M' 'M' 'M' 'M' 'M' 'M' 'U' 'M' 'M' 'M' 'M' 'U' 'U'
 'U' 'M' 'M' 'M' 'M' 'M' 'M' 'U' 'M' 'U' 'M' 'M' 'M' 'M' 'U' 'U' 'M' 'M'
 'M' 'U' 'M' 'M' 'M' 'M' 'M' 'M' 'M' 'M' 'M' 'M' 'U' 'M' 'M' 'M' 'M' 'M'
 'M' 'M' 'M' 'M' 'U' 'M' 'M' 'M' 'M' 'M' 'M' 'U' 'M' 'M' 'M' 'M' 'M' 'U'
 'M' 'U' 'M' 'M' 'M' 'M' 'M' 'M' 'M' 'M' 'M' 'U' 'M' 'U' 'M' 'M' 'M' 'M'
 'M' 'M' 'M' 'M' 'M' 'M' 'U' 'M' 'M' 'M' 'M' 'A' 'M' 'M' 'M' 'M' 'M' 'M'
 'M' 'M' 'M' 'U' 'M' 'U' 'M' 'M' 'M' 'M' 'M' 'M' 'M' 'M' 'U' 'M' 'M' 'U'
 'M' 'M' 'M' 'A' 'M' 'M' 'U' 'M' 'U' 'U' 'U' 'M' 'U' 'M' 'M' 'M' 'M' 'M'
 'M' 'M' 'M' 'U' 'M' 'U' 'M' 'M' 'M' 'A' 'M' 'M' 'M' 'U' 'M' 'M' 'M' 'M'
 'M' 'M' 'M' 'M' 'M' 'M' 'M' 'M' 'U' 'M' 'M' 'M' 'M' 'M' 'M' 'M' 'M' 'M'
 'M' 'M' 'M' 'M' 'M' 'M' 'U' 'M' 'M' 'M' 'U' 'M' 'U' 'M' 'M' 'M' 'M' 'M']"
481401,1,165,5,160,33,0,0,"['A' 'M' 'M' 'M' 'M' 'M' 'M' 'M' 'M' 'M' 'M' 'M' 'M' 'M' 'M' 'U' 'U' 'M'
 'U' 'M' 'M' 'M' 'M' 'U' 'M' 'U' 'M' 'U' 'M' 'M' 'M' 'M' 'U' 'M' 'M' 'M'
 'M' 'U' 'M' 'M' 'U' 'M' 'M' 'M' 'M' 'M' 'M' 'M' 'U' 'M' 'M' 'M' 'M' 'M'
 'U' 'M' 'M' 'M' 'M' 'M' 'M' 'M' 'M' 'M' 'M' 'M' 'U' 'M' 'M' 'M' 'M' 'M'
 'U' 'U' 'M' 'M' 'M' 'M' 'M' 'M' 'M' 'M' 'M' 'M' 'M' 'M' 'U' 'M' 'M' 'M'
 'M' 'U' 'M' 'M' 'M' 'M' 'U' 'M' 'M' 'M' 'M' 'A' 'M' 'M' 'M' 'U' 'M' 'M'
 'M' 'M' 'M' 'M' 'M' 'M' 'M' 'M' 'M' 'M' 'U' 'M' 'M' 'M' 'M' 'M' 'M' 'U'
 'M' 'M' 'M' 'A' 'M' 'M' 'U' 'U' 'M' 'U' 'U' 'M' 'A' 'M' 'M' 'M' 'M' 'M'
 'M' 'M' 'M' 'U' 'M' 'M' 'M' 'U' 'M' 'A' 'M' 'M' 'M' 'U' 'M' 'M' 'M' 'M'
 'M' 'M' 'M' 'M' 'M' 'U' 'M' 'M' 'U' 'M' 'M' 'M' 'U' 'U' 'M' 'M' 'M' 'M'
 'M' 'M' 'M' 'M' 'M' 'M' 'U' 'M' 'M' 'M' 'U' 'M' 'M' 'M' 'M' 'M' 'M' 'M']"
481501,0,161,5,156,37,0,0,"['A' 'M' 'M' 'M' 'M' 'M' 'M' 'M' 'M' 'M' 'U' 'M' 'M' 'M' 'M' 'U' 'U' 'M'
 'U' 'M' 'M' 'M' 'M' 'U' 'M' 'A' 'M' 'U' 'M' 'M' 'M' 'M' 'U' 'U' 'M' 'M'
 'M' 'U' 'M' 'M' 'M' 'M' 'M' 'M' 'M' 'M' 'M' 'U' 'U' 'M' 'M' 'M' 'M' 'M'
 'U' 'M' 'M' 'M' 'M' 'M' 'U' 'M' 'M' 'M' 'U' 'M' 'M' 'M' 'M' 'U' 'M' 'M'
 'M' 'U' 'M' 'M' 'U' 'M' 'M' 'U' 'M' 'M' 'M' 'M' 'M' 'M' 'M' 'M' 'M' 'U'
 'M' 'M' 'M' 'M' 'M' 'M' 'M' 'M' 'M' 'M' 'M' 'A' 'M' 'M' 'M' 'U' 'M' 'M'
 'M' 'M' 'M' 'M' 'M' 'M' 'M' 'M' 'M' 'M' 'U' 'M' 'M' 'M' 'M' 'M' 'M' 'U'
 'M' 'M' 'M' 'A' 'M' 'M' 'U' 'M' 'U' 'U' 'U' 'U' 'U' 'M' 'M' 'M' 'M' 'M'
 'M' 'M' 'M' 'U' 'M' 'M' 'M' 'M' 'M' 'A' 'U' 'M' 'M' 'U' 'M' 'M' 'M' 'M'
 'M' 'M' 'M' 'M' 'M' 'U' 'M' 'M' 'U' 'M' 'M' 'M' 'M' 'U' 'M' 'M' 'M' 'M'
 'M' 'M' 'M' 'M' 'M' 'U' 'M' 'M' 'M' 'M' 'U' 'M' 'U' 'M' 'M' 'M' 'M' 'M']"
481601,0,162,4,158,36,0,0,"['A' 'M' 'M' 'M' 'M' 'M' 'M' 'M' 'M' 'M' 'M' 'M' 'M' 'M' 'M' 'U' 'U' 'M'
 'U' 'M' 'M' 'M' 'M' 'U' 'M' 'A' 'M' 'U' 'M' 'M' 'M' 'M' 'U' 'M' 'M' 'M'
 'M' 'M' 'M' 'M' 'M' 'M' 'M' 'M' 'M' 'M' 'M' 'U' 'U' 'M' 'M' 'M' 'M' 'M'
 'U' 'M' 'M' 'M' 'M' 'M' 'M' 'M' 'M' 'M' 'M' 'M' 'U' 'M' 'M' 'M' 'M' 'M'
 'U' 'M' 'M' 'M' 'M' 'M' 'M' 'U' 'U' 'M' 'M' 'M' 'M' 'M' 'U' 'M' 'M' 'M'
 'M' 'M' 'M' 'M' 'M' 'M' 'M' 'M' 'M' 'M' 'M' 'A' 'M' 'M' 'M' 'U' 'M' 'M'
 'M' 'M' 'M' 'M' 'M' 'M' 'M' 'M' 'M' 'M' 'U' 'M' 'M' 'M' 'M' 'M' 'M' 'U'
 'M' 'U' 'U' 'U' 'M' 'M' 'U' 'M' 'U' 'U' 'U' 'M' 'U' 'U' 'M' 'M' 'M' 'M'
 'U' 'M' 'M' 'U' 'M' 'M' 'M' 'M' 'M' 'A' 'U' 'M' 'M' 'U' 'M' 'M' 'M' 'M'
 'U' 'M' 'M' 'M' 'M' 'U' 'M' 'M' 'M' 'M' 'M' 'M' 'M' 'M' 'M' 'M' 'U' 'M'
 'M' 'M' 'M' 'U' 'M' 'M' 'M' 'M' 'M' 'M' 'U' 'M' 'U' 'M' 'M' 'M' 'M' 'M']"
481701,1,159,4,155,39,0,0,"['A' 'U' 'M' 'M' 'M' 'M' 'M' 'M' 'M' 'M' 'M' 'M' 'M' 'M' 'M' 'U' 'U' 'M'
 'U' 'M' 'M' 'M' 'M' 'M' 'M' 'U' 'M' 'U' 'U' 'M' 'M' 'M' 'U' 'M' 'M' 'M'
 'M' 'M' 'M' 'M' 'M' 'M' 'M' 'M' 'M' 'M' 'M' 'U' 'U' 'M' 'M' 'M' 'M' 'M'
 'M' 'M' 'M' 'M' 'U' 'M' 'M' 'M' 'M' 'M' 'M' 'U' 'U' 'M' 'M' 'M' 'M' 'M'
 'M' 'M' 'M' 'M' 'M' 'M' 'M' 'U' 'M' 'M' 'U' 'M' 'M' 'U' 'M' 'M' 'M' 'M'
 'M' 'M' 'M' 'M' 'M' 'M' 'M' 'U' 'M' 'M' 'M' 'A' 'M' 'M' 'M' 'U' 'M' 'M'
 'M' 'M' 'M' 'M' 'M' 'M' 'M' 'M' 'U' 'M' 'U' 'M' 'M' 'U' 'M' 'M' 'M' 'U'
 'M' 'U' 'M' 'U' 'M' 'U' 'U' 'U' 'A' 'U' 'U' 'M' 'U' 'U' 'M' 'M' 'M' 'M'
 'U' 'M' 'M' 'M' 'M' 'M' 'M' 'M' 'M' 'A' 'M' 'M' 'M' 'U' 'M' 'M' 'M' 'M'
 'U' 'M' 'U' 'M' 'M' 'U' 'M' 'M' 'M' 'M' 'M' 'M' 'M' 'M' 'M' 'M' 'M' 'M'
 'M' 'M' 'M' 'M' 'M' 'M' 'M' 'M' 'U' 'M' 'U' 'M' 'M' 'M' 'M' 'M' 'U' 'M']"
481801,0,161,5,156,37,0,0,"['A' 'U' 'M' 'M' 'M' 'M' 'M' 'M' 'M' 'M' 'M' 'M' 'M' 'M' 'M' 'U' 'M' 'M'
 'U' 'M' 'M' 'M' 'M' 'M' 'M' 'M' 'M' 'U' 'M' 'M' 'U' 'M' 'M' 'M' 'M' 'U'
 'M' 'M' 'M' 'M' 'M' 'M' 'M' 'M' 'U' 'M' 'M' 'U' 'U' 'M' 'M' 'M' 'M' 'M'
 'M' 'M' 'M' 'M' 'U' 'M' 'M' 'M' 'M' 'M' 'M' 'U' 'U' 'M' 'M' 'M' 'M' 'M'
 'M' 'M' 'M' 'M' 'M' 'M' 'M' 'M' 'M' 'M' 'M' 'M' 'M' 'U' 'M' 'M' 'U' 'M'
 'U' 'M' 'M' 'M' 'M' 'M' 'M' 'U' 'M' 'M' 'M' 'A' 'M' 'M' 'M' 'U' 'M' 'M'
 'M' 'M' 'M' 'M' 'M' 'M' 'M' 'M' 'U' 'M' 'M' 'M' 'M' 'U' 'M' 'M' 'M' 'M'
 'M' 'U' 'M' 'U' 'M' 'U' 'U' 'U' 'A' 'U' 'U' 'U' 'U' 'U' 'M' 'M' 'U' 'M'
 'A' 'M' 'M' 'M' 'M' 'M' 'M' 'M' 'M' 'A' 'M' 'M' 'M' 'U' 'M' 'M' 'U' 'M'
 'U' 'M' 'U' 'M' 'M' 'U' 'M' 'M' 'M' 'M' 'M' 'M' 'M' 'M' 'M' 'M' 'M' 'M'
 'M' 'M' 'M' 'M' 'M' 'M' 'M' 'M' 'U' 'M' 'M' 'M' 'M' 'M' 'M' 'M' 'U' 'M']"
481901,0,158,3,155,40,0,0,"['A' 'U' 'M' 'M' 'M' 'M' 'M' 'M' 'M' 'M' 'M' 'M' 'M' 'M' 'M' 'U' 'M' 'M'
 'M' 'M' 'M' 'M' 'M' 'M' 'M' 'M' 'M' 'U' 'M' 'M' 'U' 'M' 'M' 'M' 'M' 'U'
 'U' 'M' 'M' 'U' 'M' 'M' 'M' 'M' 'U' 'M' 'M' 'U' 'M' 'M' 'M' 'U' 'M' 'M'
 'M' 'M' 'M' 'M' 'U' 'M' 'M' 'M' 'M' 'M' 'M' 'U' 'M' 'M' 'M' 'M' 'U' 'M'
 'M' 'U' 'M' 'M' 'M' 'U' 'M' 'M' 'M' 'M' 'M' 'M' 'M' 'M' 'U' 'M' 'M' 'M'
 'M' 'M' 'M' 'M' 'M' 'M' 'M' 'U' 'M' 'M' 'M' 'A' 'M' 'M' 'M' 'M' 'M' 'M'
 'U' 'M' 'M' 'M' 'M' 'M' 'M' 'M' 'U' 'M' 'M' 'M' 'M' 'U' 'M' 'M' 'M' 'U'
 'M' 'M' 'M' 'U' 'M' 'U' 'U' 'U' 'A' 'U' 'U' 'U' 'U' 'U' 'M' 'M' 'U' 'M'
 'M' 'M' 'M' 'M' 'M' 'M' 'M' 'M' 'M' 'U' 'M' 'M' 'M' 'U' 'M' 'M' 'U' 'M'
 'U' 'M' 'U' 'M' 'M' 'M' 'M' 'M' 'M' 'M' 'M' 'M' 'M' 'U' 'M' 'M' 'U' 'M'
 'M' 'M' 'M' 'U' 'M' 'M' 'M' 'M' 'M' 'M' 'M' 'M' 'U' 'M' 'M' 'M' 'M' 'M']"
482001,0,161,3,158,37,0,1,"['A' 'U' 'M' 'M' 'M' 'M' 'M' 'M' 'M' 'M' 'M' 'M' 'M' 'M' 'U' 'M' 'M' 'M'
 'M' 'M' 'M' 'M' 'U' 'M' 'M' 'U' 'M' 'M' 'M' 'M' 'U' 'M' 'M' 'M' 'M' 'M'
 'M' 'M' 'M' 'U' 'M' 'M' 'M' 'M' 'M' 'M' 'M' 'M' 'M' 'M' 'M' 'U' 'M' 'M'
 'M' 'M' 'M' 'M' 'U' 'M' 'M' 'M' 'M' 'M' 'M' 'M' 'M' 'U' 'U' 'M' 'M' 'M'
 'M' 'M' 'U' 'M' 'M' 'M' 'M' 'M' 'M' 'M' 'M' 'U' 'M' 'M' 'M' 'M' 'U' 'M'
 'M' 'M' 'M' 'M' 'M' 'M' 'M' 'U' 'M' 'M' 'M' 'A' 'M' 'M' 'M' 'M' 'M' 'M'
 'U' 'M' 'M' 'M' 'M' 'U' 'M' 'M' 'U' 'M' 'M' 'M' 'M' 'M' 'M' 'M' 'U' 'U'
 'M' 'M' 'M' 'M' 'M' 'U' 'U' 'U' 'A' 'U' 'U' 'U' 'U' 'U' 'M' 'M' 'U' 'M'
 'M' 'M' 'M' 'M' 'M' 'M' 'M' 'M' 'M' 'U' 'M' 'M' 'M' 'U' 'M' 'M' 'U' 'U'
 'U' 'M' 'M' 'U' 'M' 'M' 'M' 'M' 'M' 'M' 'M' 'M' 'M' 'M' 'M' 'M' 'M' 'M'
 'M' 'M' 'U' 'U' 'M' 'M' 'M' 'M' 'M' 'M' 'M' 'M' 'U' 'M' 'M' 'M' 'M' 'M']"
482101,0,160,2,158,38,1,0,"['A' 'U' 'M' 'M' 'M' 'M' 'U' 'M' 'M' 'M' 'M' 'M' 'M' 'M' 'M' 'M' 'M' 'M'
 'U' 'M' 'M' 'M' 'U' 'M' 'M' 'U' 'M' 'M' 'M' 'M' 'U' 'M' 'M' 'M' 'M' 'M'
 'M' 'M' 'M' 'U' 'M' 'U' 'M' 'M' 'M' 'M' 'M' 'M' 'M' 'M' 'U' 'M' 'M' 'M'
 'M' 'M' 'M' 'M' 'U' 'M' 'M' 'M' 'M' 'M' 'M' 'U' 'M' 'M' 'M' 'M' 'M' 'M'
 'U' 'M' 'M' 'M' 'M' 'M' 'M' 'M' 'M' 'M' 'U' 'M' 'M' 'M' 'M' 'M' 'M' 'M'
 'M' 'M' 'U' 'U' 'M' 'M' 'M' 'M' 'M' 'M' 'U' 'A' 'M' 'M' 'M' 'M' 'M' 'M'
 'U' 'M' 'M' 'M' 'M' 'M' 'M' 'M' 'U' 'M' 'M' 'M' 'M' 'M' 'U' 'M' 'U' 'M'
 'M' 'M' 'M' 'U' 'M' 'U' 'U' 'M' 'U' 'U' 'M' 'M' 'U' 'U' 'M' 'M' 'U' 'M'
 'M' 'M' 'M' 'M' 'M' 'M' 'M' 'M' 'M' 'M' 'M' 'M' 'M' 'U' 'M' 'M' 'U' 'U'
 'U' 'M' 'M' 'U' 'U' 'M' 'M' 'M' 'M' 'M' 'U' 'M' 'M' 'M' 'M' 'M' 'M' 'M'
 'M' 'M' 'U' 'U' 'M' 'M' 'M' 'M' 'M' 'M' 'M' 'M' 'M' 'M' 'M' 'U' 'M' 'M']"
482201,0,156,2,154,42,0,0,"['A' 'U' 'U' 'M' 'U' 'M' 'U' 'M' 'M' 'M' 'M' 'M' 'M' 'M' 'M' 'M' 'M' 'M'
 'U' 'M' 'M' 'M' 'U' 'M' 'M' 'M' 'M' 'M' 'M' 'M' 'M' 'M' 'M' 'M' 'M' 'M'
 'M' 'M' 'U' 'U' 'M' 'U' 'M' 'M' 'M' 'M' 'M' 'M' 'M' 'M' 'U' 'M' 'U' 'M'
 'M' 'M' 'M' 'M' 'U' 'M' 'M' 'M' 'M' 'M' 'M' 'U' 'M' 'U' 'M' 'U' 'M' 'M'
 'M' 'M' 'M' 'M' 'M' 'M' 'M' 'M' 'M' 'M' 'M' 'M' 'M' 'M' 'U' 'M' 'M' 'M'
 'M' 'M' 'M' 'U' 'M' 'M' 'U' 'M' 'M' 'M' 'U' 'A' 'M' 'M' 'M' 'M' 'M' 'M'
 'M' 'U' 'M' 'M' 'M' 'M' 'M' 'M' 'U' 'M' 'M' 'M' 'U' 'M' 'U' 'M' 'U' 'M'
 'M' 'M' 'M' 'U' 'U' 'M' 'M' 'M' 'U' 'U' 'M' 'M' 'U' 'U' 'M' 'M' 'M' 'M'
 'M' 'U' 'M' 'M' 'M' 'M' 'M' 'M' 'M' 'M' 'M' 'M' 'M' 'U' 'M' 'M' 'U' 'M'
 'U' 'M' 'M' 'U' 'U' 'M' 'M' 'U' 'M' 'M' 'U' 'M' 'M' 'M' 'M' 'M' 'M' 'M'
 'M' 'U' 'U' 'U' 'M' 'M' 'M' 'M' 'M' 'M' 'M' 'M' 'M' 'M' 'M' 'U' 'M' 'M']"
482301,1,158,2,156,40,0,0,"['A' 'U' 'M' 'M' 'U' 'M' 'M' 'M' 'M' 'M' 'M' 'M' 'M' 'M' 'M' 'M' 'M' 'M'
 'M' 'M' 'M' 'M' 'M' 'M' 'M' 'M' 'M' 'M' 'U' 'M' 'M' 'M' 'M' 'M' 'M' 'M'
 'M' 'U' 'M' 'U' 'M' 'U' 'M' 'M' 'M' 'M' 'M' 'M' 'M' 'U' 'U' 'M' 'U' 'M'
 'M' 'M' 'M' 'M' 'U' 'M' 'M' 'M' 'M' 'M' 'M' 'U' 'M' 'M' 'M' 'M' 'M' 'M'
 'M' 'M' 'M' 'M' 'M' 'M' 'M' 'M' 'M' 'M' 'M' 'U' 'U' 'M' 'M' 'M' 'M' 'U'
 'M' 'U' 'M' 'M' 'M' 'M' 'M' 'M' 'M' 'M' 'U' 'A' 'M' 'M' 'M' 'M' 'U' 'M'
 'M' 'U' 'M' 'M' 'M' 'M' 'M' 'M' 'U' 'M' 'M' 'M' 'U' 'U' 'U' 'M' 'U' 'M'
 'M' 'M' 'M' 'U' 'M' 'M' 'U' 'U' 'U' 'U' 'M' 'M' 'M' 'U' 'M' 'M' 'M' 'M'
 'M' 'M' 'M' 'M' 'M' 'M' 'U' 'M' 'M' 'M' 'M' 'M' 'M' 'U' 'M' 'M' 'M' 'M'
 'U' 'M' 'M' 'U' 'U' 'M' 'M' 'U' 'M' 'M' 'U' 'M' 'M' 'M' 'M' 'M' 'U' 'M'
 'M' 'U' 'M' 'U' 'M' 'M' 'M' 'M' 'M' 'M' 'M' 'M' 'M' 'M' 'M' 'U' 'M' 'M']"
482401,0,157,1,156,41,1,0,"['A' 'U' 'M' 'U' 'M' 'M' 'M' 'M' 'M' 'M' 'M' 'M' 'M' 'M' 'M' 'M' 'M' 'M'
 'M' 'M' 'M' 'M' 'M' 'M' 'M' 'M' 'M' 'M' 'U' 'M' 'M' 'M' 'M' 'M' 'M' 'M'
 'M' 'M' 'U' 'M' 'M' 'U' 'M' 'M' 'M' 'M' 'M' 'M' 'M' 'U' 'U' 'M' 'U' 'M'
 'M' 'M' 'M' 'M' 'U' 'M' 'M' 'M' 'M' 'M' 'M' 'M' 'M' 'M' 'M' 'M' 'U' 'M'
 'U' 'M' 'M' 'M' 'M' 'M' 'U' 'M' 'M' 'M' 'M' 'U' 'M' 'M' 'M' 'M' 'M' 'M'
 'U' 'M' 'M' 'M' 'M' 'M' 'M' 'M' 'M' 'U' 'U' 'U' 'M' 'M' 'M' 'M' 'U' 'M'
 'M' 'U' 'M' 'M' 'M' 'M' 'M' 'M' 'U' 'M' 'M' 'M' 'U' 'M' 'U' 'M' 'U' 'M'
 'M' 'M' 'M' 'M' 'U' 'M' 'U' 'M' 'U' 'M' 'U' 'U' 'U' 'U' 'M' 'M' 'M' 'M'
 'U' 'M' 'M' 'M' 'M' 'M' 'U' 'M' 'M' 'M' 'U' 'M' 'M' 'U' 'M' 'M' 'M' 'M'
 'U' 'M' 'M' 'U' 'M' 'M' 'M' 'U' 'M' 'M' 'U' 'M' 'M' 'M' 'M' 'M' 'U' 'M'
 'M' 'U' 'M' 'M' 'M' 'M' 'M' 'M' 'M' 'M' 'M' 'M' 'M' 'M' 'M' 'U' 'M' 'M']"
482501,0,158,2,156,40,0,1,"['A' 'U' 'M' 'U' 'M' 'M' 'M' 'M' 'M' 'M' 'M' 'M' 'M' 'M' 'M' 'U' 'M' 'M'
 'M' 'M' 'M' 'M' 'M' 'M' 'M' 'M' 'M' 'M' 'M' 'M' 'M' 'M' 'M' 'M' 'U' 'M'
 'M' 'M' 'U' 'M' 'U' 'U' 'M' 'M' 'M' 'M' 'M' 'M' 'M' 'U' 'U' 'M' 'M' 'M'
 'M' 'M' 'M' 'M' 'U' 'M' 'M' 'M' 'M' 'M' 'M' 'U' 'M' 'M' 'M' 'M' 'M' 'M'
 'M' 'M' 'M' 'M' 'M' 'U' 'U' 'M' 'M' 'M' 'M' 'M' 'M' 'U' 'M' 'U' 'M' 'M'
 'M' 'M' 'M' 'M' 'M' 'M' 'U' 'M' 'M' 'U' 'U' 'A' 'M' 'M' 'M' 'U' 'U' 'M'
 'U' 'U' 'M' 'M' 'M' 'M' 'M' 'M' 'U' 'M' 'M' 'M' 'U' 'M' 'M' 'M' 'M' 'M'
 'M' 'M' 'M' 'M' 'U' 'M' 'U' 'U' 'U' 'M' 'M' 'U' 'U' 'U' 'M' 'M' 'M' 'M'
 'U' 'M' 'M' 'M' 'M' 'M' 'U' 'M' 'M' 'M' 'M' 'M' 'M' 'M' 'M' 'M' 'M' 'M'
 'M' 'M' 'M' 'U' 'M' 'U' 'M' 'U' 'M' 'M' 'U' 'M' 'M' 'M' 'M' 'M' 'M' 'U'
 'M' 'U' 'M' 'M' 'M' 'M' 'M' 'M' 'M' 'M' 'M' 'M' 'M' 'M' 'M' 'U' 'M' 'M']"
482601,0,165,4,161,33,0,0,"['A' 'M' 'M' 'U' 'M' 'M' 'M' 'M' 'M' 'M' 'M' 'M' 'M' 'M' 'M' 'M' 'M' 'M'
 'U' 'M' 'M' 'M' 'M' 'M' 'M' 'M' 'M' 'M' 'M' 'M' 'M' 'M' 'M' 'M' 'M' 'M'
 'M' 'M' 'M' 'M' 'U' 'U' 'M' 'M' 'M' 'M' 'M' 'M' 'M' 'A' 'U' 'M' 'U' 'M'
 'U' 'M' 'M' 'U' 'U' 'M' 'M' 'M' 'M' 'M' 'M' 'U' 'M' 'M' 'M' 'M' 'M' 'M'
 'M' 'M' 'M' 'M' 'U' 'U' 'M' 'M' 'M' 'M' 'M' 'M' 'M' 'M' 'M' 'M' 'U' 'M'
 'M' 'M' 'M' 'U' 'M' 'M' 'U' 'M' 'M' 'U' 'U' 'A' 'M' 'M' 'M' 'M' 'U' 'M'
 'M' 'U' 'M' 'M' 'M' 'M' 'M' 'M' 'M' 'M' 'M' 'M' 'U' 'M' 'M' 'M' 'M' 'M'
 'M' 'M' 'M' 'M' 'A' 'U' 'U' 'U' 'U' 'M' 'U' 'M' 'M' 'M' 'M' 'M' 'M' 'M'
 'M' 'M' 'M' 'M' 'U' 'M' 'U' 'M' 'M' 'M' 'M' 'M' 'M' 'M' 'M' 'M' 'M' 'M'
 'M' 'M' 'M' 'U' 'M' 'M' 'M' 'U' 'M' 'M' 'M' 'M' 'M' 'M' 'M' 'M' 'M' 'U'
 'M' 'U' 'M' 'M' 'M' 'M' 'M' 'M' 'M' 'M' 'M' 'M' 'M' 'M' 'M' 'U' 'M' 'U']"
482701,0,167,3,164,31,0,0,"['A' 'M' 'M' 'U' 'M' 'U' 'M' 'M' 'M' 'M' 'M' 'M' 'M' 'M' 'M' 'M' 'M' 'M'
 'U' 'M' 'M' 'M' 'M' 'M' 'M' 'M' 'M' 'M' 'U' 'M' 'M' 'M' 'M' 'M' 'M' 'M'
 'U' 'M' 'M' 'M' 'U' 'M' 'M' 'M' 'M' 'M' 'M' 'M' 'M' 'A' 'M' 'M' 'U' 'M'
 'M' 'M' 'M' 'M' 'U' 'M' 'M' 'M' 'M' 'M' 'M' 'M' 'M' 'M' 'U' 'M' 'M' 'M'
 'M' 'U' 'M' 'M' 'M' 'M' 'M' 'M' 'U' 'M' 'M' 'M' 'U' 'M' 'M' 'U' 'M' 'M'
 'M' 'M' 'M' 'M' 'M' 'M' 'U' 'M' 'M' 'U' 'U' 'U' 'M' 'M' 'M' 'M' 'U' 'M'
 'M' 'M' 'M' 'M' 'M' 'M' 'M' 'M' 'M' 'M' 'M' 'M' 'U' 'M' 'M' 'M' 'M' 'M'
 'M' 'M' 'M' 'M' 'A' 'U' 'U' 'U' 'U' 'M' 'U' 'U' 'M' 'M' 'M' 'M' 'M' 'M'
 'M' 'M' 'M' 'M' 'U' 'M' 'M' 'M' 'M' 'M' 'M' 'M' 'M' 'M' 'M' 'M' 'M' 'M'
 'M' 'M' 'M' 'U' 'M' 'M' 'M' 'U' 'M' 'M' 'M' 'M' 'M' 'M' 'M' 'M' 'M' 'M'
 'M' 'U' 'M' 'M' 'M' 'M' 'M' 'M' 'M' 'U' 'M' 'M' 'M' 'M' 'M' 'M' 'M' 'U']"
482801,1,168,4,164,30,0,0,"['A' 'M' 'M' 'U' 'M' 'M' 'M' 'M' 'M' 'M' 'M' 'M' 'M' 'M' 'M' 'M' 'M' 'M'
 'U' 'M' 'M' 'M' 'M' 'M' 'M' 'M' 'M' 'M' 'U' 'M' 'M' 'M' 'M' 'M' 'M' 'M'
 'U' 'M' 'M' 'M' 'U' 'M' 'M' 'M' 'M' 'M' 'M' 'M' 'M' 'M' 'M' 'M' 'U' 'M'
 'M' 'M' 'M' 'M' 'A' 'M' 'M' 'M' 'M' 'M' 'M' 'M' 'M' 'M' 'U' 'M' 'M' 'M'
 'U' 'M' 'M' 'M' 'M' 'M' 'M' 'M' 'M' 'M' 'M' 'U' 'M' 'M' 'M' 'M' 'U' 'M'
 'M' 'M' 'U' 'M' 'M' 'M' 'U' 'M' 'M' 'U' 'U' 'A' 'M' 'M' 'M' 'M' 'M' 'M'
 'M' 'M' 'M' 'M' 'M' 'M' 'M' 'M' 'M' 'M' 'M' 'M' 'M' 'M' 'M' 'M' 'M' 'M'
 'M' 'U' 'M' 'M' 'A' 'U' 'U' 'U' 'U' 'U' 'U' 'U' 'U' 'M' 'M' 'M' 'M' 'M'
 'M' 'U' 'M' 'M' 'U' 'M' 'M' 'M' 'M' 'M' 'M' 'M' 'M' 'M' 'M' 'M' 'M' 'M'
 'M' 'M' 'M' 'U' 'M' 'M' 'M' 'U' 'M' 'M' 'M' 'M' 'M' 'M' 'M' 'U' 'M' 'M'
 'M' 'U' 'M' 'M' 'M' 'M' 'M' 'M' 'M' 'U' 'M' 'M' 'M' 'M' 'M' 'M' 'M' 'M']"
482901,0,169,4,165,29,0,0,"['A' 'M' 'M' 'U' 'M' 'M' 'M' 'M' 'M' 'M' 'M' 'M' 'M' 'M' 'M' 'M' 'M' 'M'
 'M' 'M' 'M' 'M' 'M' 'M' 'M' 'M' 'M' 'M' 'M' 'M' 'M' 'M' 'M' 'M' 'M' 'U'
 'U' 'M' 'M' 'M' 'U' 'M' 'M' 'M' 'M' 'M' 'M' 'M' 'M' 'M' 'U' 'M' 'M' 'M'
 'M' 'M' 'M' 'M' 'A' 'M' 'M' 'M' 'M' 'M' 'M' 'M' 'M' 'M' 'M' 'M' 'M' 'M'
 'U' 'M' 'M' 'M' 'M' 'U' 'M' 'M' 'M' 'U' 'M' 'M' 'M' 'M' 'M' 'M' 'M' 'U'
 'M' 'U' 'M' 'M' 'M' 'M' 'U' 'M' 'M' 'U' 'M' 'A' 'M' 'M' 'M' 'M' 'M' 'M'
 'M' 'M' 'M' 'M' 'M' 'M' 'M' 'M' 'M' 'M' 'M' 'M' 'M' 'M' 'M' 'M' 'M' 'M'
 'M' 'U' 'M' 'M' 'A' 'M' 'U' 'U' 'U' 'U' 'U' 'U' 'U' 'M' 'M' 'M' 'M' 'M'
 'M' 'U' 'M' 'M' 'U' 'M' 'M' 'M' 'M' 'M' 'M' 'M' 'M' 'M' 'M' 'M' 'U' 'M'
 'M' 'M' 'M' 'U' 'M' 'U' 'U' 'M' 'M' 'M' 'M' 'M' 'M' 'M' 'M' 'U' 'M' 'M'
 'M' 'M' 'M' 'U' 'M' 'M' 'M' 'M' 'M' 'U' 'M' 'M' 'M' 'M' 'M' 'M' 'M' 'M']"
483001,0,164,4,160,34,0,1,"['A' 'M' 'M' 'M' 'U' 'M' 'M' 'M' 'M' 'M' 'M' 'M' 'M' 'M' 'M' 'U' 'M' 'M'
 'M' 'M' 'M' 'U' 'M' 'M' 'M' 'M' 'M' 'M' 'M' 'M' 'M' 'M' 'M' 'M' 'U' 'M'
 'M' 'M' 'M' 'M' 'M' 'U' 'M' 'M' 'M' 'M' 'M' 'M' 'M' 'M' 'U' 'M' 'M' 'M'
 'M' 'M' 'M' 'M' 'A' 'M' 'M' 'M' 'M' 'M' 'M' 'M' 'M' 'M' 'U' 'M' 'M' 'M'
 'M' 'M' 'M' 'M' 'M' 'M' 'U' 'M' 'U' 'M' 'U' 'M' 'M' 'M' 'M' 'M' 'M' 'M'
 'U' 'M' 'M' 'M' 'M' 'M' 'U' 'M' 'M' 'M' 'M' 'U' 'M' 'M' 'M' 'M' 'M' 'M'
 'M' 'M' 'M' 'M' 'M' 'M' 'M' 'M' 'M' 'M' 'M' 'U' 'M' 'M' 'M' 'M' 'M' 'M'
 'M' 'U' 'M' 'U' 'A' 'U' 'U' 'U' 'U' 'U' 'U' 'U' 'U' 'M' 'M' 'M' 'M' 'M'
 'U' 'U' 'M' 'M' 'U' 'M' 'M' 'M' 'M' 'M' 'M' 'M' 'M' 'M' 'U' 'U' 'M' 'M'
 'M' 'M' 'M' 'A' 'M' 'U' 'M' 'M' 'M' 'M' 'M' 'M' 'M' 'M' 'M' 'M' 'M' 'M'
 'M' 'M' 'M' 'U' 'M' 'U' 'M' 'U' 'M' 'M' 'M' 'M' 'M' 'M' 'M' 'M' 'M' 'U']"
483101,0,163,6,157,35,0,0,"['A' 'M' 'M' 'M' 'U' 'U' 'M' 'M' 'M' 'M' 'M' 'M' 'M' 'M' 'M' 'U' 'M' 'M'
 'M' 'M' 'M' 'M' 'M' 'M' 'M' 'M' 'M' 'M' 'M' 'M' 'M' 'M' 'M' 'M' 'U' 'M'
 'M' 'M' 'M' 'M' 'M' 'U' 'M' 'M' 'M' 'M' 'M' 'M' 'M' 'M' 'U' 'M' 'M' 'M'
 'M' 'M' 'M' 'M' 'A' 'M' 'M' 'M' 'M' 'M' 'M' 'M' 'U' 'M' 'M' 'M' 'M' 'M'
 'M' 'M' 'M' 'M' 'U' 'M' 'U' 'M' 'M' 'M' 'M' 'M' 'U' 'M' 'M' 'M' 'M' 'M'
 'M' 'M' 'M' 'U' 'M' 'U' 'M' 'M' 'M' 'M' 'M' 'U' 'M' 'M' 'M' 'M' 'M' 'M'
 'M' 'M' 'U' 'M' 'M' 'M' 'M' 'M' 'M' 'M' 'M' 'U' 'M' 'M' 'M' 'M' 'M' 'M'
 'M' 'A' 'M' 'U' 'A' 'U' 'U' 'U' 'M' 'U' 'U' 'U' 'U' 'M' 'M' 'M' 'M' 'M'
 'M' 'U' 'M' 'M' 'U' 'M' 'M' 'M' 'M' 'M' 'M' 'M' 'U' 'M' 'U' 'A' 'M' 'M'
 'M' 'M' 'U' 'A' 'M' 'U' 'M' 'M' 'M' 'M' 'M' 'M' 'M' 'M' 'U' 'M' 'M' 'M'
 'M' 'U' 'M' 'M' 'M' 'U' 'M' 'M' 'U' 'M' 'M' 'U' 'M' 'M' 'M' 'M' 'M' 'U']"
483201,0,166,6,160,32,0,0,"['A' 'M' 'M' 'M' 'U' 'M' 'M' 'M' 'M' 'M' 'M' 'M' 'M' 'M' 'U' 'U' 'M' 'M'
 'M' 'M' 'M' 'M' 'M' 'M' 'M' 'M' 'M' 'M' 'M' 'M' 'M' 'M' 'M' 'M' 'M' 'M'
 'M' 'M' 'M' 'M' 'M' 'U' 'M' 'M' 'M' 'M' 'M' 'U' 'M' 'M' 'U' 'M' 'M' 'M'
 'U' 'M' 'M' 'M' 'A' 'M' 'M' 'M' 'M' 'M' 'M' 'U' 'U' 'M' 'M' 'M' 'M' 'M'
 'M' 'M' 'M' 'M' 'M' 'U' 'M' 'M' 'M' 'M' 'M' 'M' 'U' 'M' 'M' 'M' 'M' 'M'
 'M' 'M' 'U' 'M' 'M' 'U' 'M' 'M' 'M' 'M' 'M' 'U' 'M' 'M' 'M' 'M' 'M' 'M'
 'M' 'M' 'U' 'M' 'M' 'M' 'U' 'M' 'M' 'M' 'M' 'M' 'M' 'U' 'M' 'M' 'M' 'M'
 'M' 'A' 'U' 'M' 'U' 'M' 'U' 'U' 'M' 'U' 'U' 'U' 'A' 'M' 'M' 'M' 'M' 'M'
 'M' 'M' 'M' 'M' 'U' 'M' 'M' 'M' 'M' 'M' 'M' 'M' 'U' 'M' 'M' 'A' 'M' 'U'
 'M' 'M' 'U' 'A' 'M' 'U' 'M' 'M' 'M' 'M' 'M' 'M' 'M' 'M' 'M' 'M' 'M' 'M'
 'M' 'U' 'M' 'M' 'M' 'U' 'M' 'M' 'U' 'M' 'M' 'M' 'M' 'M' 'M' 'M' 'M' 'M']"
483301,0,166,5,161,32,0,0,"['A' 'M' 'M' 'M' 'U' 'M' 'M' 'M' 'M' 'M' 'M' 'M' 'M' 'M' 'U' 'U' 'M' 'M'
 'M' 'M' 'M' 'M' 'M' 'M' 'M' 'M' 'U' 'M' 'M' 'M' 'M' 'U' 'M' 'M' 'M' 'M'
 'M' 'M' 'M' 'M' 'M' 'U' 'M' 'M' 'M' 'M' 'M' 'U' 'M' 'M' 'U' 'M' 'M' 'M'
 'M' 'M' 'M' 'M' 'U' 'M' 'U' 'M' 'M' 'M' 'M' 'M' 'M' 'M' 'M' 'U' 'M' 'M'
 'M' 'U' 'M' 'M' 'U' 'M' 'M' 'M' 'M' 'U' 'M' 'M' 'M' 'M' 'M' 'M' 'M' 'M'
 'M' 'U' 'M' 'M' 'M' 'U' 'U' 'M' 'M' 'M' 'M' 'U' 'M' 'M' 'M' 'M' 'M' 'M'
 'M' 'M' 'U' 'M' 'M' 'M' 'M' 'M' 'M' 'M' 'M' 'M' 'M' 'U' 'M' 'M' 'M' 'M'
 'M' 'A' 'U' 'M' 'M' 'M' 'M' 'M' 'M' 'M' 'U' 'U' 'A' 'M' 'U' 'M' 'M' 'M'
 'M' 'M' 'M' 'M' 'U' 'M' 'M' 'M' 'M' 'M' 'M' 'M' 'M' 'M' 'M' 'A' 'M' 'U'
 'M' 'M' 'U' 'A' 'M' 'U' 'M' 'M' 'M' 'M' 'M' 'M' 'M' 'M' 'M' 'M' 'U' 'M'
 'M' 'U' 'M' 'M' 'U' 'M' 'M' 'M' 'U' 'M' 'M' 'M' 'M' 'M' 'M' 'M' 'M' 'M']"
483401,0,157,6,151,41,0,0,"['A' 'U' 'M' 'M' 'M' 'M' 'M' 'M' 'M' 'M' 'M' 'M' 'M' 'M' 'U' 'U' 'M' 'M'
 'M' 'M' 'M' 'M' 'M' 'M' 'M' 'M' 'U' 'M' 'M' 'M' 'M' 'U' 'M' 'U' 'M' 'M'
 'M' 'M' 'M' 'M' 'M' 'U' 'M' 'M' 'M' 'M' 'M' 'U' 'U' 'M' 'U' 'M' 'M' 'M'
 'M' 'M' 'M' 'M' 'U' 'M' 'U' 'M' 'M' 'M' 'U' 'M' 'M' 'M' 'M' 'U' 'M' 'M'
 'M' 'M' 'U' 'M' 'M' 'U' 'U' 'M' 'M' 'M' 'M' 'M' 'M' 'M' 'M' 'M' 'M' 'M'
 'M' 'M' 'M' 'M' 'U' 'M' 'U' 'M' 'M' 'M' 'M' 'U' 'M' 'M' 'M' 'U' 'M' 'M'
 'M' 'M' 'U' 'M' 'M' 'M' 'M' 'M' 'M' 'M' 'U' 'M' 'M' 'A' 'M' 'M' 'M' 'M'
 'M' 'U' 'U' 'M' 'M' 'U' 'U' 'U' 'U' 'U' 'U' 'A' 'A' 'M' 'U' 'M' 'M' 'M'
 'M' 'M' 'M' 'M' 'M' 'M' 'M' 'M' 'M' 'M' 'M' 'M' 'M' 'M' 'M' 'A' 'M' 'U'
 'M' 'M' 'U' 'A' 'M' 'U' 'M' 'M' 'M' 'M' 'M' 'M' 'M' 'M' 'M' 'M' 'U' 'M'
 'M' 'U' 'M' 'M' 'U' 'M' 'M' 'M' 'U' 'M' 'M' 'M' 'M' 'M' 'U' 'M' 'U' 'M']"
483501,0,152,6,146,46,0,0,"['A' 'U' 'M' 'M' 'M' 'M' 'M' 'U' 'M' 'M' 'M' 'M' 'M' 'M' 'A' 'U' 'M' 'U'
 'M' 'M' 'M' 'M' 'M' 'U' 'M' 'M' 'U' 'M' 'M' 'M' 'M' 'M' 'M' 'M' 'U' 'M'
 'M' 'M' 'M' 'M' 'U' 'U' 'M' 'M' 'M' 'M' 'M' 'U' 'U' 'M' 'U' 'M' 'M' 'M'
 'M' 'M' 'M' 'M' 'U' 'M' 'U' 'M' 'M' 'M' 'M' 'M' 'M' 'U' 'M' 'U' 'M' 'M'
 'M' 'M' 'M' 'M' 'M' 'M' 'M' 'M' 'U' 'M' 'M' 'U' 'U' 'M' 'M' 'M' 'M' 'M'
 'M' 'M' 'M' 'M' 'M' 'M' 'U' 'U' 'M' 'M' 'M' 'U' 'M' 'M' 'M' 'U' 'M' 'M'
 'M' 'M' 'U' 'M' 'M' 'M' 'M' 'M' 'M' 'M' 'U' 'M' 'M' 'U' 'M' 'M' 'M' 'M'
 'M' 'U' 'U' 'M' 'M' 'U' 'U' 'U' 'U' 'M' 'U' 'A' 'A' 'M' 'U' 'M' 'M' 'M'
 'M' 'M' 'M' 'M' 'M' 'M' 'M' 'M' 'M' 'M' 'U' 'M' 'M' 'M' 'M' 'U' 'U' 'M'
 'M' 'M' 'U' 'A' 'M' 'U' 'M' 'M' 'M' 'M' 'M' 'M' 'M' 'M' 'M' 'M' 'U' 'M'
 'M' 'U' 'M' 'M' 'U' 'M' 'M' 'A' 'U' 'M' 'M' 'M' 'M' 'M' 'U' 'M' 'U' 'U']"
483601,0,158,8,150,40,0,0,"['A' 'A' 'M' 'M' 'M' 'M' 'M' 'U' 'M' 'M' 'M' 'M' 'M' 'M' 'A' 'U' 'M' 'U'
 'M' 'M' 'M' 'M' 'M' 'U' 'M' 'M' 'U' 'M' 'M' 'M' 'M' 'M' 'M' 'M' 'M' 'M'
 'M' 'M' 'M' 'M' 'U' 'M' 'M' 'M' 'M' 'M' 'M' 'U' 'A' 'M' 'U' 'M' 'M' 'M'
 'M' 'M' 'M' 'M' 'M' 'M' 'U' 'M' 'M' 'M' 'M' 'M' 'M' 'M' 'M' 'M' 'M' 'U'
 'M' 'U' 'M' 'M' 'U' 'U' 'M' 'M' 'M' 'M' 'M' 'M' 'M' 'M' 'U' 'M' 'M' 'M'
 'M' 'M' 'M' 'M' 'M' 'M' 'M' 'U' 'U' 'M' 'M' 'U' 'M' 'M' 'M' 'M' 'M' 'M'
 'M' 'M' 'M' 'M' 'M' 'M' 'M' 'M' 'M' 'U' 'U' 'M' 'M' 'U' 'M' 'M' 'M' 'U'
 'M' 'U' 'U' 'M' 'M' 'U' 'U' 'U' 'U' 'M' 'M' 'A' 'A' 'M' 'M' 'M' 'M' 'M'
 'M' 'M' 'M' 'M' 'M' 'M' 'M' 'M' 'U' 'M' 'M' 'M' 'M' 'M' 'M' 'U' 'U' 'U'
 'M' 'M' 'U' 'A' 'U' 'U' 'M' 'M' 'M' 'M' 'M' 'M' 'M' 'M' 'M' 'M' 'U' 'M'
 'M' 'U' 'A' 'M' 'U' 'M' 'M' 'U' 'U' 'M' 'U' 'M' 'M' 'M' 'M' 'M' 'M' 'M']"
483701,1,161,9,152,37,1,0,"['A' 'A' 'M' 'M' 'M' 'M' 'U' 'M' 'M' 'M' 'M' 'M' 'M' 'M' 'U' 'U' 'M' 'U'
 'M' 'M' 'M' 'M' 'M' 'U' 'M' 'M' 'U' 'M' 'M' 'M' 'M' 'M' 'M' 'M' 'M' 'M'
 'M' 'M' 'M' 'M' 'U' 'M' 'M' 'M' 'M' 'M' 'M' 'U' 'A' 'M' 'U' 'M' 'M' 'M'
 'M' 'M' 'M' 'M' 'M' 'M' 'M' 'M' 'M' 'M' 'M' 'M' 'M' 'M' 'M' 'M' 'M' 'U'
 'M' 'M' 'M' 'M' 'M' 'M' 'M' 'M' 'M' 'M' 'M' 'M' 'M' 'M' 'U' 'M' 'M' 'U'
 'M' 'U' 'U' 'M' 'M' 'U' 'M' 'U' 'U' 'M' 'M' 'U' 'M' 'M' 'M' 'M' 'M' 'M'
 'M' 'M' 'M' 'M' 'M' 'M' 'M' 'M' 'M' 'M' 'U' 'M' 'M' 'U' 'M' 'M' 'M' 'U'
 'M' 'U' 'U' 'M' 'M' 'U' 'U' 'U' 'U' 'U' 'U' 'A' 'A' 'M' 'M' 'M' 'M' 'M'
 'M' 'M' 'M' 'M' 'M' 'M' 'M' 'M' 'U' 'M' 'M' 'M' 'M' 'M' 'M' 'U' 'U' 'M'
 'M' 'M' 'A' 'A' 'M' 'A' 'M' 'M' 'M' 'M' 'M' 'M' 'M' 'M' 'M' 'M' 'U' 'M'
 'M' 'M' 'A' 'M' 'U' 'M' 'U' 'U' 'U' 'M' 'M' 'M' 'M' 'M' 'M' 'M' 'M' 'M']"
483801,0,154,10,144,44,1,0,"['A' 'A' 'M' 'M' 'M' 'M' 'U' 'U' 'M' 'U' 'M' 'M' 'M' 'M' 'U' 'U' 'M' 'U'
 'M' 'M' 'M' 'M' 'U' 'U' 'M' 'M' 'U' 'M' 'M' 'M' 'M' 'M' 'M' 'U' 'M' 'M'
 'M' 'M' 'M' 'M' 'A' 'M' 'M' 'M' 'M' 'M' 'M' 'M' 'A' 'M' 'U' 'M' 'M' 'M'
 'M' 'M' 'M' 'M' 'M' 'M' 'U' 'M' 'M' 'A' 'M' 'M' 'M' 'U' 'M' 'M' 'M' 'M'
 'M' 'M' 'M' 'M' 'M' 'M' 'M' 'M' 'M' 'M' 'M' 'U' 'M' 'M' 'U' 'M' 'U' 'U'
 'M' 'M' 'M' 'M' 'M' 'U' 'M' 'U' 'U' 'M' 'M' 'M' 'M' 'M' 'M' 'M' 'M' 'M'
 'M' 'M' 'M' 'M' 'M' 'M' 'M' 'M' 'M' 'U' 'M' 'M' 'M' 'U' 'M' 'M' 'M' 'U'
 'U' 'U' 'U' 'M' 'M' 'U' 'U' 'U' 'U' 'U' 'U' 'A' 'U' 'M' 'M' 'M' 'M' 'M'
 'M' 'M' 'M' 'M' 'M' 'M' 'U' 'M' 'U' 'M' 'M' 'M' 'M' 'U' 'M' 'U' 'A' 'M'
 'M' 'M' 'A' 'U' 'M' 'A' 'M' 'M' 'M' 'M' 'M' 'M' 'M' 'M' 'M' 'M' 'U' 'M'
 'M' 'M' 'A' 'M' 'U' 'M' 'U' 'U' 'M' 'M' 'M' 'U' 'M' 'M' 'M' 'M' 'U' 'M']"
483901,0,158,5,153,40,0,0,"['A' 'U' 'M' 'M' 'M' 'M' 'M' 'U' 'M' 'U' 'M' 'M' 'M' 'M' 'U' 'U' 'M' 'U'
 'M' 'M' 'M' 'M' 'U' 'U' 'M' 'M' 'U' 'M' 'M' 'M' 'M' 'M' 'M' 'U' 'M' 'M'
 'M' 'M' 'M' 'M' 'U' 'M' 'M' 'M' 'M' 'M' 'M' 'M' 'U' 'M' 'U' 'M' 'M' 'M'
 'M' 'M' 'M' 'M' 'M' 'M' 'M' 'M' 'M' 'A' 'M' 'M' 'M' 'M' 'M' 'M' 'U' 'M'
 'M' 'M' 'M' 'M' 'M' 'U' 'M' 'M' 'M' 'M' 'M' 'M' 'M' 'U' 'M' 'M' 'M' 'U'
 'M' 'M' 'M' 'M' 'U' 'U' 'M' 'U' 'U' 'M' 'M' 'M' 'M' 'M' 'M' 'M' 'M' 'M'
 'M' 'M' 'M' 'M' 'M' 'M' 'M' 'M' 'M' 'U' 'M' 'M' 'M' 'M' 'M' 'M' 'M' 'U'
 'U' 'U' 'U' 'M' 'M' 'M' 'U' 'M' 'U' 'U' 'U' 'U' 'U' 'M' 'U' 'M' 'M' 'M'
 'M' 'M' 'M' 'M' 'M' 'M' 'U' 'M' 'U' 'M' 'M' 'M' 'M' 'M' 'M' 'M' 'A' 'M'
 'M' 'M' 'M' 'U' 'M' 'U' 'M' 'M' 'M' 'M' 'M' 'M' 'M' 'M' 'U' 'M' 'M' 'M'
 'M' 'M' 'A' 'M' 'A' 'M' 'M' 'M' 'M' 'M' 'M' 'U' 'M' 'M' 'M' 'M' 'U' 'M']"
484001,0,162,5,157,36,0,0,"['A' 'U' 'M' 'M' 'M' 'M' 'M' 'U' 'U' 'U' 'M' 'M' 'M' 'M' 'U' 'U' 'M' 'U'
 'M' 'M' 'M' 'M' 'U' 'U' 'M' 'M' 'U' 'M' 'M' 'M' 'M' 'M' 'M' 'U' 'M' 'M'
 'M' 'M' 'U' 'M' 'M' 'M' 'U' 'M' 'M' 'M' 'U' 'M' 'U' 'M' 'U' 'M' 'M' 'M'
 'M' 'M' 'M' 'M' 'M' 'M' 'M' 'M' 'M' 'A' 'M' 'U' 'M' 'M' 'M' 'M' 'U' 'U'
 'M' 'M' 'M' 'U' 'M' 'M' 'M' 'M' 'M' 'M' 'U' 'M' 'M' 'M' 'M' 'M' 'M' 'M'
 'M' 'M' 'M' 'M' 'M' 'M' 'M' 'U' 'U' 'M' 'M' 'M' 'M' 'M' 'M' 'M' 'M' 'U'
 'M' 'M' 'M' 'M' 'M' 'M' 'M' 'M' 'M' 'U' 'M' 'M' 'M' 'M' 'M' 'M' 'M' 'U'
 'U' 'U' 'M' 'M' 'M' 'U' 'M' 'M' 'U' 'U' 'M' 'M' 'M' 'M' 'M' 'M' 'M' 'M'
 'M' 'M' 'M' 'M' 'M' 'M' 'M' 'M' 'U' 'M' 'M' 'M' 'M' 'M' 'M' 'M' 'A' 'M'
 'M' 'M' 'M' 'U' 'M' 'U' 'M' 'M' 'M' 'M' 'M' 'M' 'M' 'M' 'M' 'M' 'M' 'M'
 'M' 'M' 'A' 'M' 'A' 'M' 'M' 'M' 'M' 'M' 'M' 'U' 'U' 'M' 'M' 'M' 'M' 'M']"
484101,0,161,2,159,37,0,0,"['A' 'M' 'U' 'M' 'M' 'M' 'M' 'U' 'U' 'M' 'M' 'M' 'M' 'M' 'U' 'M' 'M' 'U'
 'M' 'M' 'M' 'M' 'U' 'U' 'M' 'M' 'M' 'M' 'M' 'M' 'M' 'U' 'M' 'U' 'M' 'M'
 'M' 'U' 'U' 'M' 'M' 'M' 'U' 'M' 'M' 'M' 'U' 'M' 'U' 'M' 'M' 'M' 'M' 'M'
 'M' 'M' 'M' 'M' 'M' 'M' 'M' 'M' 'M' 'M' 'M' 'M' 'M' 'M' 'M' 'M' 'M' 'U'
 'M' 'M' 'M' 'M' 'M' 'M' 'U' 'M' 'M' 'M' 'M' 'M' 'M' 'M' 'M' 'M' 'U' 'M'
 'M' 'U' 'M' 'M' 'U' 'M' 'M' 'U' 'U' 'M' 'U' 'M' 'M' 'M' 'M' 'M' 'M' 'U'
 'M' 'M' 'M' 'M' 'M' 'M' 'M' 'M' 'M' 'U' 'M' 'M' 'M' 'M' 'M' 'M' 'M' 'U'
 'M' 'U' 'M' 'M' 'M' 'U' 'M' 'M' 'U' 'U' 'M' 'M' 'M' 'M' 'M' 'M' 'M' 'M'
 'M' 'M' 'M' 'M' 'M' 'M' 'M' 'M' 'M' 'M' 'M' 'M' 'M' 'U' 'M' 'M' 'U' 'M'
 'M' 'M' 'M' 'U' 'M' 'U' 'M' 'M' 'M' 'M' 'M' 'M' 'M' 'M' 'M' 'M' 'M' 'M'
 'M' 'U' 'A' 'M' 'U' 'M' 'M' 'M' 'M' 'M' 'M' 'U' 'M' 'M' 'M' 'M' 'M' 'U']"
484201,0,169,2,167,29,0,0,"['A' 'M' 'U' 'M' 'M' 'M' 'M' 'U' 'U' 'M' 'M' 'M' 'M' 'M' 'M' 'M' 'M' 'M'
 'M' 'M' 'M' 'M' 'U' 'U' 'M' 'M' 'M' 'M' 'M' 'M' 'M' 'U' 'M' 'U' 'M' 'M'
 'M' 'U' 'U' 'M' 'M' 'M' 'U' 'M' 'M' 'M' 'U' 'M' 'M' 'M' 'M' 'U' 'M' 'M'
 'M' 'M' 'M' 'M' 'U' 'M' 'M' 'M' 'M' 'M' 'M' 'M' 'M' 'M' 'M' 'M' 'M' 'U'
 'M' 'M' 'M' 'U' 'M' 'M' 'M' 'M' 'M' 'U' 'M' 'M' 'M' 'M' 'U' 'M' 'M' 'M'
 'M' 'M' 'M' 'U' 'M' 'M' 'M' 'M' 'M' 'M' 'U' 'M' 'M' 'M' 'M' 'M' 'M' 'M'
 'M' 'M' 'M' 'M' 'M' 'M' 'M' 'M' 'M' 'U' 'M' 'M' 'M' 'M' 'M' 'M' 'M' 'M'
 'M' 'U' 'M' 'M' 'M' 'U' 'M' 'M' 'M' 'M' 'M' 'M' 'M' 'M' 'M' 'M' 'M' 'M'
 'M' 'M' 'M' 'M' 'M' 'M' 'M' 'M' 'M' 'M' 'M' 'M' 'M' 'U' 'M' 'M' 'U' 'M'
 'M' 'M' 'M' 'U' 'M' 'U' 'M' 'M' 'U' 'M' 'M' 'M' 'M' 'M' 'M' 'M' 'M' 'M'
 'M' 'M' 'A' 'M' 'M' 'M' 'M' 'M' 'M' 'M' 'M' 'M' 'M' 'M' 'U' 'M' 'M' 'U']"
484301,0,161,2,159,37,1,0,"['A' 'M' 'U' 'M' 'M' 'M' 'M' 'U' 'U' 'M' 'M' 'M' 'M' 'M' 'U' 'M' 'M' 'M'
 'M' 'M' 'M' 'U' 'M' 'U' 'M' 'M' 'M' 'M' 'M' 'M' 'M' 'U' 'M' 'U' 'M' 'U'
 'M' 'U' 'U' 'U' 'M' 'M' 'U' 'M' 'U' 'M' 'U' 'M' 'M' 'M' 'M' 'M' 'M' 'M'
 'M' 'M' 'M' 'M' 'U' 'M' 'M' 'M' 'M' 'M' 'M' 'M' 'U' 'M' 'M' 'M' 'M' 'M'
 'M' 'M' 'M' 'M' 'U' 'M' 'M' 'M' 'M' 'M' 'M' 'U' 'M' 'M' 'M' 'M' 'M' 'M'
 'U' 'U' 'M' 'M' 'M' 'M' 'M' 'M' 'M' 'M' 'U' 'M' 'U' 'M' 'M' 'M' 'U' 'M'
 'M' 'M' 'M' 'M' 'M' 'M' 'M' 'M' 'M' 'U' 'M' 'M' 'M' 'M' 'M' 'M' 'M' 'M'
 'M' 'U' 'M' 'M' 'M' 'U' 'U' 'U' 'U' 'U' 'U' 'U' 'U' 'M' 'M' 'M' 'M' 'M'
 'M' 'M' 'M' 'M' 'M' 'M' 'M' 'M' 'M' 'M' 'M' 'M' 'M' 'M' 'M' 'M' 'U' 'M'
 'M' 'M' 'M' 'U' 'M' 'A' 'M' 'M' 'M' 'M' 'M' 'M' 'M' 'M' 'M' 'M' 'M' 'M'
 'M' 'M' 'U' 'M' 'M' 'M' 'M' 'M' 'M' 'M' 'M' 'M' 'M' 'M' 'M' 'M' 'M' 'M']"
484401,0,168,2,166,30,1,0,"['A' 'M' 'M' 'M' 'M' 'M' 'M' 'M' 'U' 'M' 'M' 'M' 'M' 'M' 'U' 'M' 'M' 'M'
 'M' 'M' 'M' 'U' 'M' 'U' 'M' 'M' 'U' 'M' 'M' 'M' 'M' 'U' 'M' 'M' 'M' 'U'
 'M' 'M' 'U' 'U' 'M' 'M' 'M' 'M' 'U' 'M' 'U' 'M' 'M' 'M' 'M' 'M' 'M' 'M'
 'M' 'M' 'M' 'M' 'U' 'M' 'M' 'M' 'M' 'M' 'M' 'U' 'M' 'M' 'M' 'M' 'M' 'M'
 'M' 'M' 'U' 'M' 'U' 'M' 'M' 'M' 'M' 'M' 'M' 'M' 'M' 'M' 'U' 'M' 'M' 'M'
 'M' 'M' 'M' 'U' 'M' 'M' 'U' 'M' 'M' 'M' 'M' 'M' 'U' 'M' 'M' 'M' 'M' 'M'
 'M' 'M' 'M' 'M' 'M' 'M' 'M' 'M' 'M' 'M' 'M' 'M' 'M' 'M' 'M' 'M' 'M' 'M'
 'M' 'U' 'M' 'M' 'M' 'M' 'U' 'M' 'M' 'U' 'U' 'U' 'U' 'M' 'M' 'M' 'M' 'M'
 'M' 'M' 'M' 'M' 'M' 'M' 'M' 'U' 'M' 'M' 'M' 'M' 'M' 'M' 'M' 'M' 'U' 'M'
 'M' 'M' 'M' 'U' 'M' 'A' 'M' 'M' 'M' 'M' 'M' 'U' 'M' 'M' 'M' 'M' 'M' 'M'
 'M' 'M' 'U' 'M' 'M' 'M' 'M' 'M' 'M' 'M' 'M' 'M' 'M' 'M' 'M' 'M' 'M' 'M']"
484501,0,168,1,167,30,0,0,"['A' 'U' 'M' 'M' 'M' 'M' 'M' 'M' 'U' 'M' 'M' 'M' 'M' 'M' 'U' 'M' 'M' 'M'
 'M' 'M' 'M' 'M' 'M' 'M' 'M' 'M' 'U' 'M' 'U' 'M' 'M' 'U' 'M' 'M' 'M' 'U'
 'M' 'M' 'U' 'U' 'M' 'M' 'M' 'M' 'U' 'M' 'U' 'M' 'M' 'M' 'M' 'M' 'M' 'M'
 'M' 'M' 'M' 'M' 'U' 'M' 'M' 'M' 'M' 'M' 'M' 'M' 'M' 'M' 'M' 'M' 'M' 'M'
 'M' 'U' 'M' 'U' 'M' 'M' 'M' 'M' 'M' 'M' 'M' 'M' 'U' 'U' 'M' 'M' 'M' 'M'
 'M' 'M' 'M' 'M' 'U' 'M' 'U' 'U' 'M' 'M' 'M' 'M' 'U' 'M' 'M' 'M' 'M' 'M'
 'M' 'M' 'M' 'M' 'M' 'M' 'M' 'M' 'M' 'M' 'M' 'M' 'M' 'M' 'M' 'M' 'M' 'M'
 'M' 'U' 'M' 'M' 'M' 'M' 'U' 'M' 'M' 'U' 'M' 'U' 'M' 'M' 'M' 'M' 'M' 'M'
 'M' 'M' 'M' 'M' 'M' 'M' 'M' 'U' 'M' 'M' 'M' 'M' 'M' 'M' 'M' 'M' 'U' 'M'
 'M' 'M' 'M' 'U' 'M' 'U' 'M' 'M' 'M' 'M' 'M' 'U' 'M' 'M' 'M' 'M' 'M' 'M'
 'M' 'M' 'U' 'M' 'M' 'M' 'M' 'M' 'M' 'M' 'M' 'M' 'M' 'M' 'M' 'M' 'M' 'M']"
484601,0,169,1,168,29,0,0,"['A' 'U' 'M' 'M' 'M' 'M' 'M' 'M' 'M' 'M' 'M' 'M' 'U' 'U' 'U' 'M' 'M' 'M'
 'M' 'M' 'M' 'M' 'M' 'M' 'M' 'U' 'U' 'M' 'U' 'M' 'M' 'U' 'M' 'M' 'M' 'U'
 'M' 'M' 'U' 'U' 'M' 'M' 'M' 'M' 'U' 'M' 'M' 'M' 'M' 'M' 'M' 'M' 'M' 'M'
 'M' 'M' 'M' 'M' 'U' 'M' 'M' 'M' 'M' 'M' 'M' 'M' 'M' 'M' 'M' 'U' 'M' 'U'
 'M' 'M' 'M' 'M' 'M' 'M' 'U' 'M' 'M' 'M' 'M' 'M' 'M' 'U' 'M' 'U' 'M' 'M'
 'M' 'M' 'M' 'M' 'M' 'M' 'M' 'U' 'M' 'M' 'M' 'M' 'M' 'M' 'M' 'M' 'M' 'M'
 'M' 'M' 'M' 'M' 'M' 'M' 'M' 'M' 'M' 'M' 'M' 'M' 'M' 'M' 'M' 'M' 'M' 'M'
 'U' 'U' 'M' 'M' 'M' 'M' 'U' 'M' 'M' 'U' 'M' 'U' 'M' 'M' 'M' 'U' 'U' 'M'
 'M' 'M' 'M' 'M' 'M' 'M' 'M' 'M' 'M' 'M' 'M' 'M' 'M' 'M' 'M' 'M' 'U' 'M'
 'M' 'M' 'U' 'M' 'M' 'U' 'M' 'M' 'M' 'M' 'M' 'M' 'M' 'M' 'M' 'M' 'M' 'M'
 'M' 'M' 'M' 'M' 'M' 'M' 'M' 'M' 'M' 'M' 'M' 'M' 'M' 'M' 'M' 'M' 'M' 'M']"
484701,0,166,3,163,32,0,0,"['A' 'M' 'M' 'M' 'M' 'M' 'M' 'M' 'M' 'M' 'M' 'M' 'U' 'U' 'U' 'U' 'M' 'M'
 'M' 'M' 'M' 'M' 'M' 'M' 'M' 'U' 'U' 'M' 'U' 'M' 'M' 'A' 'M' 'M' 'M' 'U'
 'U' 'U' 'U' 'U' 'M' 'M' 'M' 'M' 'U' 'M' 'M' 'M' 'M' 'M' 'M' 'M' 'M' 'M'
 'M' 'M' 'M' 'M' 'U' 'M' 'M' 'M' 'M' 'M' 'M' 'M' 'M' 'M' 'M' 'M' 'M' 'U'
 'M' 'M' 'M' 'M' 'M' 'M' 'M' 'M' 'M' 'M' 'M' 'M' 'M' 'U' 'M' 'U' 'M' 'U'
 'U' 'M' 'M' 'M' 'M' 'M' 'M' 'M' 'M' 'M' 'M' 'M' 'M' 'M' 'M' 'M' 'M' 'M'
 'M' 'M' 'M' 'M' 'M' 'M' 'U' 'M' 'M' 'M' 'M' 'M' 'M' 'M' 'M' 'M' 'M' 'M'
 'M' 'A' 'M' 'M' 'M' 'U' 'U' 'M' 'U' 'U' 'U' 'U' 'M' 'M' 'M' 'M' 'U' 'M'
 'M' 'M' 'M' 'M' 'M' 'M' 'M' 'M' 'M' 'M' 'M' 'M' 'M' 'M' 'M' 'M' 'U' 'M'
 'M' 'M' 'U' 'M' 'M' 'U' 'M' 'M' 'M' 'M' 'M' 'M' 'M' 'M' 'M' 'M' 'M' 'M'
 'U' 'M' 'M' 'M' 'M' 'M' 'M' 'M' 'M' 'M' 'M' 'U' 'M' 'M' 'M' 'M' 'M' 'M']"
484801,0,166,4,162,32,1,0,"['A' 'M' 'M' 'U' 'M' 'M' 'M' 'M' 'M' 'M' 'U' 'U' 'U' 'M' 'U' 'M' 'M' 'M'
 'M' 'M' 'M' 'M' 'M' 'M' 'M' 'U' 'M' 'M' 'U' 'M' 'M' 'A' 'M' 'M' 'M' 'U'
 'U' 'U' 'U' 'M' 'M' 'M' 'M' 'M' 'M' 'M' 'M' 'M' 'M' 'U' 'M' 'M' 'M' 'M'
 'M' 'M' 'M' 'M' 'U' 'M' 'M' 'M' 'M' 'M' 'M' 'M' 'M' 'M' 'U' 'M' 'M' 'U'
 'M' 'M' 'U' 'M' 'M' 'M' 'M' 'M' 'U' 'M' 'M' 'M' 'M' 'M' 'M' 'M' 'U' 'M'
 'M' 'M' 'M' 'M' 'M' 'M' 'M' 'M' 'M' 'M' 'M' 'M' 'M' 'M' 'M' 'M' 'M' 'M'
 'M' 'M' 'M' 'M' 'U' 'M' 'U' 'M' 'M' 'M' 'M' 'M' 'M' 'M' 'M' 'M' 'M' 'M'
 'M' 'A' 'M' 'M' 'M' 'A' 'M' 'M' 'U' 'U' 'U' 'U' 'M' 'M' 'M' 'M' 'M' 'M'
 'M' 'U' 'M' 'M' 'M' 'M' 'M' 'M' 'M' 'M' 'U' 'M' 'M' 'M' 'M' 'M' 'U' 'M'
 'M' 'M' 'U' 'M' 'M' 'U' 'U' 'M' 'M' 'M' 'M' 'M' 'M' 'M' 'M' 'M' 'M' 'M'
 'U' 'M' 'M' 'M' 'M' 'M' 'M' 'M' 'M' 'M' 'M' 'M' 'M' 'M' 'M' 'U' 'M' 'M']"
484901,0,167,3,164,31,0,0,"['A' 'M' 'M' 'U' 'M' 'M' 'M' 'M' 'M' 'M' 'U' 'M' 'M' 'M' 'U' 'M' 'M' 'M'
 'M' 'M' 'M' 'M' 'M' 'M' 'M' 'U' 'M' 'M' 'U' 'M' 'M' 'U' 'M' 'M' 'M' 'U'
 'U' 'M' 'U' 'M' 'M' 'M' 'M' 'M' 'M' 'M' 'M' 'M' 'M' 'U' 'M' 'M' 'M' 'M'
 'M' 'M' 'M' 'M' 'M' 'M' 'M' 'M' 'M' 'M' 'M' 'M' 'M' 'M' 'M' 'U' 'M' 'M'
 'M' 'M' 'M' 'M' 'U' 'M' 'M' 'M' 'M' 'U' 'M' 'M' 'M' 'M' 'M' 'U' 'M' 'M'
 'M' 'M' 'M' 'M' 'U' 'M' 'M' 'M' 'U' 'M' 'M' 'M' 'M' 'M' 'M' 'M' 'M' 'M'
 'M' 'M' 'M' 'M' 'U' 'U' 'M' 'M' 'M' 'M' 'M' 'M' 'M' 'M' 'U' 'M' 'M' 'U'
 'M' 'A' 'M' 'M' 'M' 'A' 'M' 'M' 'U' 'U' 'U' 'U' 'M' 'M' 'M' 'M' 'M' 'M'
 'M' 'M' 'M' 'U' 'M' 'M' 'M' 'M' 'M' 'M' 'M' 'M' 'M' 'M' 'M' 'M' 'U' 'M'
 'M' 'M' 'M' 'M' 'M' 'U' 'U' 'M' 'M' 'M' 'M' 'M' 'M' 'M' 'M' 'M' 'U' 'M'
 'M' 'M' 'M' 'M' 'M' 'M' 'M' 'M' 'M' 'M' 'M' 'M' 'M' 'U' 'M' 'U' 'M' 'M']"
485001,0,171,3,168,27,0,0,"['A' 'M' 'M' 'U' 'M' 'M' 'M' 'M' 'M' 'M' 'M' 'M' 'M' 'M' 'U' 'M' 'M' 'M'
 'M' 'U' 'M' 'M' 'M' 'M' 'M' 'M' 'M' 'M' 'U' 'M' 'M' 'U' 'M' 'M' 'M' 'U'
 'U' 'M' 'M' 'M' 'M' 'M' 'M' 'M' 'M' 'M' 'M' 'M' 'M' 'M' 'M' 'M' 'M' 'M'
 'M' 'M' 'M' 'M' 'M' 'M' 'U' 'M' 'M' 'M' 'M' 'U' 'M' 'U' 'M' 'M' 'M' 'M'
 'M' 'M' 'U' 'M' 'M' 'M' 'M' 'M' 'M' 'M' 'M' 'M' 'M' 'M' 'M' 'M' 'U' 'M'
 'M' 'M' 'M' 'U' 'M' 'M' 'M' 'M' 'M' 'M' 'M' 'M' 'M' 'M' 'M' 'M' 'M' 'M'
 'M' 'M' 'M' 'M' 'M' 'U' 'M' 'M' 'M' 'M' 'M' 'M' 'M' 'M' 'M' 'M' 'M' 'U'
 'M' 'A' 'M' 'M' 'M' 'A' 'U' 'U' 'U' 'U' 'U' 'U' 'U' 'M' 'M' 'M' 'M' 'M'
 'M' 'M' 'M' 'M' 'M' 'M' 'M' 'M' 'M' 'M' 'M' 'M' 'M' 'M' 'M' 'M' 'U' 'M'
 'M' 'M' 'M' 'M' 'M' 'U' 'U' 'M' 'M' 'M' 'M' 'M' 'M' 'M' 'U' 'M' 'M' 'M'
 'M' 'M' 'M' 'M' 'M' 'M' 'M' 'M' 'M' 'M' 'M' 'M' 'M' 'U' 'M' 'M' 'M' 'M']"
485101,0,170,1,169,28,0,0,"['A' 'M' 'M' 'U' 'M' 'M' 'M' 'M' 'M' 'U' 'M' 'M' 'M' 'M' 'M' 'M' 'M' 'M'
 'M' 'U' 'M' 'M' 'M' 'M' 'M' 'M' 'M' 'M' 'U' 'M' 'M' 'U' 'M' 'M' 'M' 'U'
 'U' 'M' 'M' 'M' 'M' 'M' 'M' 'M' 'M' 'M' 'M' 'M' 'M' 'M' 'M' 'M' 'M' 'M'
 'M' 'M' 'M' 'M' 'M' 'M' 'U' 'M' 'M' 'M' 'M' 'M' 'M' 'M' 'U' 'M' 'M' 'M'
 'M' 'U' 'M' 'M' 'M' 'U' 'M' 'U' 'M' 'M' 'M' 'M' 'M' 'M' 'M' 'M' 'M' 'U'
 'M' 'M' 'M' 'M' 'M' 'M' 'M' 'M' 'U' 'M' 'U' 'M' 'M' 'M' 'M' 'M' 'M' 'M'
 'M' 'U' 'M' 'M' 'M' 'M' 'M' 'M' 'M' 'M' 'M' 'M' 'U' 'M' 'M' 'M' 'M' 'U'
 'M' 'U' 'M' 'M' 'M' 'U' 'M' 'U' 'M' 'U' 'M' 'U' 'M' 'M' 'M' 'M' 'M' 'M'
 'M' 'M' 'M' 'M' 'M' 'M' 'M' 'M' 'M' 'M' 'M' 'M' 'M' 'M' 'M' 'M' 'U' 'M'
 'M' 'M' 'M' 'M' 'M' 'U' 'M' 'M' 'M' 'M' 'M' 'M' 'M' 'M' 'U' 'M' 'M' 'M'
 'M' 'M' 'M' 'M' 'M' 'M' 'M' 'M' 'M' 'M' 'M' 'M' 'M' 'U' 'M' 'M' 'U' 'M']"
485201,0,167,1,166,31,0,0,"['A' 'U' 'M' 'U' 'M' 'M' 'M' 'M' 'M' 'U' 'M' 'M' 'M' 'M' 'M' 'M' 'M' 'M'
 'M' 'M' 'M' 'M' 'M' 'M' 'M' 'M' 'M' 'M' 'M' 'M' 'M' 'U' 'M' 'M' 'M' 'U'
 'U' 'M' 'M' 'M' 'M' 'M' 'M' 'M' 'M' 'M' 'M' 'M' 'M' 'M' 'M' 'M' 'M' 'M'
 'M' 'M' 'M' 'M' 'M' 'M' 'M' 'M' 'M' 'M' 'M' 'M' 'M' 'U' 'M' 'M' 'M' 'M'
 'M' 'M' 'M' 'U' 'M' 'U' 'M' 'M' 'M' 'M' 'M' 'U' 'M' 'M' 'M' 'U' 'M' 'M'
 'M' 'M' 'M' 'M' 'M' 'M' 'M' 'M' 'U' 'M' 'M' 'M' 'M' 'M' 'M' 'M' 'M' 'M'
 'M' 'U' 'M' 'M' 'M' 'M' 'M' 'M' 'M' 'M' 'M' 'M' 'U' 'M' 'M' 'M' 'M' 'U'
 'M' 'U' 'M' 'M' 'M' 'U' 'U' 'U' 'M' 'U' 'U' 'U' 'U' 'M' 'M' 'M' 'M' 'M'
 'M' 'M' 'M' 'M' 'M' 'M' 'U' 'M' 'U' 'M' 'M' 'M' 'M' 'M' 'M' 'M' 'M' 'M'
 'M' 'M' 'M' 'M' 'M' 'U' 'M' 'M' 'M' 'M' 'M' 'M' 'M' 'M' 'U' 'M' 'M' 'M'
 'M' 'M' 'M' 'M' 'M' 'M' 'M' 'M' 'M' 'M' 'M' 'U' 'M' 'U' 'U' 'M' 'U' 'M']"
485301,0,172,1,171,26,0,0,"['A' 'M' 'M' 'U' 'M' 'M' 'U' 'M' 'M' 'U' 'M' 'M' 'M' 'M' 'M' 'M' 'M' 'M'
 'M' 'M' 'M' 'M' 'M' 'U' 'U' 'M' 'U' 'M' 'U' 'M' 'M' 'U' 'M' 'M' 'M' 'M'
 'M' 'M' 'M' 'M' 'M' 'M' 'M' 'M' 'M' 'M' 'M' 'M' 'M' 'M' 'M' 'M' 'M' 'M'
 'M' 'M' 'M' 'M' 'M' 'M' 'M' 'M' 'M' 'M' 'M' 'M' 'M' 'M' 'M' 'M' 'M' 'M'
 'U' 'U' 'M' 'M' 'M' 'M' 'M' 'M' 'U' 'M' 'M' 'M' 'M' 'M' 'M' 'U' 'M' 'M'
 'M' 'M' 'M' 'U' 'M' 'M' 'M' 'M' 'M' 'M' 'M' 'M' 'M' 'M' 'M' 'M' 'M' 'M'
 'M' 'U' 'M' 'M' 'M' 'M' 'M' 'M' 'M' 'M' 'M' 'M' 'M' 'M' 'M' 'M' 'M' 'M'
 'M' 'U' 'M' 'M' 'M' 'U' 'U' 'U' 'M' 'U' 'U' 'M' 'U' 'M' 'M' 'M' 'M' 'M'
 'M' 'M' 'M' 'M' 'M' 'M' 'U' 'M' 'U' 'M' 'M' 'M' 'M' 'M' 'M' 'M' 'M' 'M'
 'M' 'M' 'M' 'M' 'M' 'U' 'M' 'M' 'M' 'M' 'M' 'M' 'M' 'M' 'M' 'M' 'M' 'M'
 'M' 'M' 'M' 'M' 'M' 'M' 'M' 'M' 'M' 'M' 'M' 'M' 'M' 'U' 'U' 'M' 'M' 'M']"
485401,0,172,1,171,26,0,0,"['A' 'M' 'M' 'U' 'M' 'M' 'U' 'M' 'M' 'M' 'M' 'M' 'M' 'M' 'M' 'M' 'M' 'M'
 'M' 'M' 'M' 'M' 'M' 'M' 'U' 'M' 'U' 'M' 'M' 'M' 'M' 'U' 'M' 'M' 'M' 'M'
 'M' 'M' 'M' 'M' 'M' 'M' 'M' 'M' 'M' 'M' 'M' 'M' 'M' 'M' 'M' 'M' 'M' 'M'
 'M' 'M' 'M' 'M' 'M' 'M' 'M' 'M' 'M' 'U' 'M' 'M' 'M' 'M' 'M' 'M' 'M' 'M'
 'M' 'M' 'M' 'M' 'U' 'M' 'M' 'M' 'M' 'U' 'M' 'M' 'M' 'U' 'U' 'M' 'M' 'U'
 'M' 'M' 'M' 'M' 'M' 'M' 'M' 'M' 'M' 'M' 'M' 'M' 'M' 'M' 'M' 'M' 'M' 'M'
 'M' 'U' 'M' 'M' 'M' 'M' 'M' 'U' 'U' 'M' 'M' 'M' 'M' 'M' 'M' 'M' 'M' 'M'
 'M' 'M' 'M' 'M' 'M' 'U' 'U' 'U' 'M' 'U' 'U' 'M' 'U' 'M' 'M' 'M' 'M' 'M'
 'M' 'M' 'M' 'M' 'M' 'M' 'M' 'M' 'U' 'M' 'M' 'M' 'M' 'M' 'M' 'M' 'M' 'M'
 'M' 'M' 'M' 'M' 'M' 'U' 'M' 'M' 'M' 'M' 'M' 'M' 'M' 'M' 'M' 'M' 'M' 'M'
 'M' 'M' 'M' 'U' 'M' 'M' 'M' 'M' 'M' 'M' 'M' 'U' 'M' 'U' 'U' 'M' 'M' 'M']"
485501,0,171,1,170,27,0,0,"['A' 'U' 'M' 'U' 'M' 'M' 'M' 'M' 'M' 'M' 'M' 'M' 'M' 'M' 'M' 'M' 'M' 'M'
 'M' 'M' 'M' 'U' 'M' 'M' 'U' 'M' 'U' 'M' 'M' 'M' 'M' 'M' 'M' 'M' 'M' 'M'
 'M' 'M' 'M' 'M' 'M' 'U' 'M' 'M' 'M' 'M' 'U' 'M' 'M' 'M' 'M' 'M' 'M' 'M'
 'M' 'M' 'M' 'U' 'M' 'M' 'M' 'M' 'M' 'U' 'M' 'M' 'M' 'M' 'M' 'M' 'U' 'M'
 'M' 'U' 'M' 'M' 'M' 'M' 'M' 'U' 'M' 'M' 'M' 'M' 'M' 'M' 'M' 'M' 'M' 'U'
 'M' 'M' 'M' 'M' 'U' 'M' 'M' 'M' 'M' 'M' 'M' 'M' 'M' 'M' 'M' 'M' 'M' 'M'
 'M' 'M' 'M' 'M' 'M' 'M' 'M' 'U' 'M' 'U' 'M' 'M' 'M' 'M' 'M' 'M' 'M' 'M'
 'M' 'U' 'M' 'M' 'M' 'M' 'M' 'M' 'M' 'U' 'U' 'M' 'U' 'M' 'M' 'M' 'M' 'M'
 'M' 'M' 'M' 'U' 'M' 'M' 'M' 'M' 'U' 'M' 'M' 'M' 'M' 'M' 'M' 'M' 'M' 'M'
 'M' 'M' 'M' 'M' 'M' 'U' 'M' 'M' 'M' 'M' 'M' 'M' 'M' 'M' 'M' 'M' 'M' 'M'
 'M' 'M' 'M' 'U' 'M' 'M' 'M' 'M' 'M' 'M' 'M' 'U' 'M' 'U' 'U' 'M' 'M' 'M']"
485601,0,167,2,165,31,0,0,"['A' 'U' 'M' 'U' 'M' 'M' 'M' 'M' 'M' 'M' 'U' 'M' 'M' 'M' 'M' 'M' 'M' 'M'
 'M' 'M' 'M' 'M' 'M' 'M' 'M' 'M' 'U' 'M' 'A' 'M' 'M' 'M' 'M' 'M' 'M' 'M'
 'M' 'M' 'M' 'M' 'M' 'U' 'M' 'M' 'U' 'M' 'U' 'M' 'M' 'M' 'M' 'M' 'M' 'M'
 'M' 'M' 'M' 'U' 'M' 'M' 'M' 'M' 'M' 'U' 'M' 'M' 'M' 'U' 'M' 'M' 'M' 'M'
 'M' 'M' 'M' 'M' 'M' 'M' 'M' 'M' 'M' 'M' 'M' 'U' 'M' 'M' 'M' 'U' 'M' 'M'
 'U' 'U' 'M' 'M' 'M' 'M' 'M' 'M' 'M' 'M' 'M' 'M' 'M' 'M' 'M' 'U' 'M' 'M'
 'M' 'M' 'M' 'U' 'M' 'M' 'M' 'U' 'M' 'M' 'M' 'M' 'M' 'M' 'M' 'M' 'M' 'M'
 'M' 'U' 'M' 'M' 'M' 'M' 'M' 'M' 'M' 'U' 'U' 'M' 'U' 'M' 'M' 'M' 'M' 'M'
 'M' 'M' 'M' 'U' 'U' 'M' 'M' 'M' 'U' 'M' 'M' 'M' 'M' 'M' 'M' 'M' 'M' 'M'
 'M' 'M' 'M' 'M' 'M' 'U' 'M' 'M' 'M' 'M' 'M' 'M' 'M' 'M' 'M' 'M' 'M' 'U'
 'M' 'M' 'M' 'U' 'M' 'M' 'M' 'M' 'U' 'M' 'M' 'U' 'M' 'U' 'U' 'M' 'M' 'M']"
485701,0,167,2,165,31,1,0,"['A' 'U' 'M' 'U' 'M' 'M' 'U' 'M' 'M' 'M' 'U' 'M' 'M' 'U' 'M' 'M' 'M' 'U'
 'M' 'M' 'M' 'M' 'M' 'M' 'M' 'M' 'M' 'M' 'U' 'M' 'M' 'M' 'M' 'M' 'M' 'M'
 'M' 'M' 'M' 'M' 'M' 'M' 'M' 'M' 'M' 'M' 'U' 'M' 'M' 'M' 'M' 'M' 'M' 'M'
 'M' 'U' 'M' 'M' 'M' 'M' 'M' 'M' 'M' 'M' 'M' 'M' 'M' 'U' 'U' 'M' 'U' 'M'
 'M' 'M' 'M' 'M' 'M' 'M' 'M' 'M' 'M' 'M' 'U' 'M' 'M' 'M' 'M' 'M' 'M' 'M'
 'M' 'M' 'M' 'M' 'U' 'M' 'M' 'M' 'M' 'M' 'M' 'M' 'M' 'M' 'M' 'A' 'M' 'M'
 'M' 'U' 'M' 'U' 'M' 'M' 'M' 'U' 'M' 'M' 'M' 'M' 'M' 'M' 'M' 'M' 'M' 'M'
 'M' 'U' 'M' 'M' 'M' 'M' 'M' 'M' 'M' 'M' 'U' 'M' 'U' 'M' 'M' 'M' 'M' 'M'
 'U' 'M' 'M' 'U' 'U' 'M' 'M' 'M' 'U' 'M' 'M' 'M' 'M' 'M' 'M' 'M' 'M' 'M'
 'M' 'M' 'M' 'M' 'M' 'U' 'M' 'M' 'M' 'M' 'M' 'M' 'M' 'M' 'M' 'M' 'U' 'U'
 'M' 'M' 'M' 'U' 'M' 'M' 'M' 'M' 'U' 'M' 'M' 'M' 'M' 'U' 'U' 'M' 'M' 'M']"
485801,0,168,2,166,30,0,0,"['A' 'M' 'M' 'U' 'M' 'M' 'U' 'M' 'M' 'M' 'U' 'M' 'M' 'U' 'M' 'M' 'M' 'U'
 'M' 'M' 'M' 'M' 'M' 'M' 'M' 'M' 'M' 'M' 'U' 'M' 'M' 'M' 'M' 'M' 'M' 'M'
 'M' 'M' 'M' 'M' 'M' 'M' 'M' 'M' 'U' 'M' 'U' 'M' 'M' 'M' 'M' 'M' 'M' 'M'
 'M' 'U' 'M' 'M' 'M' 'M' 'M' 'M' 'M' 'M' 'M' 'M' 'U' 'U' 'M' 'U' 'M' 'M'
 'M' 'M' 'M' 'M' 'M' 'M' 'M' 'M' 'M' 'M' 'M' 'M' 'M' 'M' 'U' 'U' 'M' 'M'
 'M' 'M' 'M' 'M' 'M' 'M' 'M' 'M' 'M' 'M' 'M' 'M' 'M' 'M' 'M' 'A' 'M' 'M'
 'M' 'M' 'M' 'U' 'M' 'M' 'M' 'U' 'M' 'M' 'M' 'M' 'M' 'M' 'M' 'U' 'M' 'M'
 'M' 'M' 'M' 'U' 'M' 'M' 'M' 'M' 'M' 'M' 'U' 'M' 'M' 'M' 'M' 'M' 'M' 'M'
 'U' 'M' 'M' 'M' 'U' 'M' 'M' 'M' 'U' 'M' 'M' 'M' 'M' 'M' 'M' 'M' 'M' 'M'
 'M' 'M' 'M' 'M' 'M' 'U' 'M' 'M' 'M' 'M' 'M' 'M' 'M' 'M' 'M' 'M' 'U' 'U'
 'M' 'M' 'M' 'U' 'M' 'U' 'M' 'M' 'U' 'M' 'M' 'U' 'M' 'M' 'U' 'M' 'M' 'M']"
485901,0,167,3,164,31,0,0,"['A' 'M' 'U' 'U' 'M' 'M' 'M' 'M' 'M' 'M' 'U' 'U' 'M' 'M' 'M' 'M' 'M' 'U'
 'M' 'U' 'M' 'M' 'M' 'M' 'M' 'M' 'M' 'M' 'M' 'U' 'M' 'M' 'M' 'M' 'M' 'M'
 'M' 'M' 'M' 'M' 'M' 'M' 'M' 'M' 'A' 'M' 'U' 'M' 'M' 'M' 'M' 'M' 'M' 'U'
 'M' 'U' 'M' 'M' 'M' 'M' 'M' 'M' 'M' 'M' 'M' 'M' 'M' 'M' 'U' 'M' 'M' 'M'
 'U' 'M' 'M' 'M' 'M' 'M' 'M' 'M' 'M' 'M' 'U' 'M' 'M' 'M' 'U' 'M' 'M' 'M'
 'M' 'M' 'M' 'U' 'M' 'M' 'M' 'M' 'M' 'U' 'M' 'M' 'M' 'U' 'M' 'A' 'M' 'M'
 'M' 'M' 'M' 'M' 'M' 'M' 'M' 'U' 'M' 'M' 'M' 'M' 'M' 'M' 'M' 'M' 'M' 'M'
 'M' 'M' 'M' 'U' 'M' 'M' 'M' 'M' 'U' 'M' 'U' 'M' 'M' 'M' 'M' 'M' 'M' 'M'
 'U' 'M' 'M' 'M' 'M' 'M' 'M' 'M' 'U' 'M' 'M' 'M' 'M' 'M' 'M' 'M' 'M' 'M'
 'M' 'M' 'M' 'M' 'M' 'U' 'M' 'M' 'M' 'M' 'M' 'M' 'M' 'M' 'M' 'M' 'U' 'U'
 'M' 'M' 'M' 'M' 'M' 'U' 'M' 'M' 'U' 'M' 'U' 'U' 'M' 'U' 'M' 'M' 'M' 'M']"
486001,0,167,4,163,31,0,0,"['A' 'U' 'U' 'U' 'M' 'M' 'M' 'M' 'M' 'M' 'U' 'M' 'M' 'M' 'M' 'M' 'M' 'M'
 'M' 'U' 'M' 'M' 'M' 'M' 'M' 'M' 'U' 'M' 'M' 'M' 'M' 'M' 'M' 'M' 'M' 'M'
 'M' 'M' 'M' 'M' 'M' 'M' 'M' 'M' 'A' 'M' 'U' 'M' 'M' 'M' 'M' 'M' 'M' 'U'
 'M' 'U' 'M' 'M' 'M' 'M' 'M' 'U' 'M' 'M' 'M' 'U' 'U' 'M' 'M' 'M' 'M' 'M'
 'M' 'M' 'M' 'M' 'M' 'M' 'M' 'M' 'M' 'M' 'M' 'M' 'U' 'M' 'U' 'U' 'M' 'M'
 'M' 'M' 'M' 'M' 'M' 'M' 'M' 'M' 'M' 'U' 'M' 'M' 'M' 'U' 'M' 'A' 'M' 'M'
 'M' 'M' 'M' 'M' 'M' 'M' 'M' 'U' 'M' 'M' 'M' 'M' 'M' 'M' 'M' 'M' 'M' 'U'
 'M' 'M' 'M' 'M' 'U' 'M' 'A' 'M' 'M' 'M' 'U' 'M' 'M' 'M' 'M' 'M' 'M' 'M'
 'U' 'M' 'M' 'M' 'M' 'M' 'M' 'M' 'U' 'M' 'M' 'M' 'M' 'M' 'M' 'M' 'M' 'M'
 'M' 'M' 'M' 'M' 'M' 'U' 'M' 'M' 'M' 'M' 'M' 'M' 'M' 'M' 'M' 'U' 'M' 'U'
 'M' 'M' 'M' 'M' 'M' 'U' 'M' 'M' 'U' 'M' 'U' 'U' 'M' 'U' 'M' 'M' 'M' 'M']"
486101,0,163,4,159,35,0,0,"['A' 'U' 'U' 'U' 'M' 'M' 'M' 'M' 'M' 'M' 'M' 'M' 'M' 'M' 'M' 'M' 'M' 'U'
 'M' 'U' 'M' 'M' 'M' 'M' 'M' 'M' 'U' 'M' 'M' 'M' 'M' 'M' 'M' 'M' 'M' 'M'
 'M' 'M' 'M' 'M' 'M' 'M' 'M' 'M' 'U' 'M' 'U' 'M' 'M' 'M' 'M' 'M' 'M' 'M'
 'M' 'U' 'M' 'M' 'M' 'M' 'M' 'U' 'M' 'M' 'M' 'M' 'M' 'M' 'U' 'M' 'M' 'M'
 'M' 'M' 'M' 'U' 'U' 'U' 'M' 'M' 'U' 'M' 'M' 'M' 'M' 'M' 'M' 'M' 'M' 'M'
 'M' 'M' 'M' 'M' 'M' 'M' 'M' 'M' 'M' 'U' 'M' 'M' 'M' 'U' 'M' 'A' 'M' 'M'
 'M' 'M' 'M' 'U' 'M' 'M' 'M' 'U' 'M' 'M' 'U' 'M' 'M' 'M' 'U' 'M' 'M' 'M'
 'M' 'M' 'M' 'M' 'U' 'M' 'A' 'M' 'M' 'M' 'U' 'M' 'M' 'M' 'U' 'M' 'M' 'M'
 'M' 'M' 'M' 'M' 'M' 'M' 'M' 'M' 'U' 'M' 'M' 'M' 'M' 'M' 'M' 'M' 'M' 'M'
 'M' 'U' 'M' 'M' 'M' 'A' 'M' 'M' 'M' 'M' 'M' 'M' 'M' 'U' 'M' 'U' 'M' 'U'
 'M' 'M' 'M' 'M' 'U' 'U' 'M' 'M' 'U' 'M' 'U' 'U' 'M' 'U' 'M' 'M' 'M' 'M']"
486201,0,155,2,153,43,0,0,"['A' 'U' 'U' 'U' 'M' 'M' 'U' 'M' 'M' 'U' 'M' 'M' 'M' 'M' 'M' 'M' 'U' 'U'
 'M' 'U' 'M' 'M' 'M' 'M' 'U' 'M' 'M' 'M' 'M' 'M' 'M' 'M' 'M' 'M' 'M' 'M'
 'M' 'M' 'M' 'M' 'M' 'M' 'M' 'M' 'U' 'M' 'U' 'U' 'M' 'M' 'M' 'M' 'M' 'M'
 'M' 'U' 'M' 'M' 'M' 'M' 'M' 'U' 'M' 'M' 'M' 'M' 'M' 'M' 'M' 'M' 'M' 'U'
 'U' 'U' 'M' 'M' 'M' 'M' 'U' 'M' 'M' 'M' 'M' 'M' 'M' 'M' 'M' 'M' 'U' 'M'
 'M' 'M' 'M' 'M' 'M' 'M' 'M' 'M' 'M' 'U' 'M' 'M' 'M' 'U' 'M' 'U' 'M' 'M'
 'M' 'M' 'M' 'U' 'M' 'M' 'M' 'U' 'M' 'M' 'M' 'M' 'M' 'M' 'M' 'M' 'M' 'M'
 'M' 'M' 'M' 'M' 'U' 'U' 'A' 'U' 'U' 'U' 'U' 'M' 'U' 'M' 'U' 'M' 'M' 'M'
 'M' 'M' 'M' 'M' 'M' 'M' 'M' 'M' 'U' 'M' 'M' 'M' 'M' 'M' 'M' 'M' 'M' 'M'
 'M' 'U' 'M' 'M' 'M' 'U' 'M' 'M' 'U' 'M' 'M' 'M' 'M' 'M' 'M' 'U' 'M' 'U'
 'M' 'M' 'M' 'M' 'U' 'M' 'M' 'M' 'M' 'M' 'M' 'U' 'M' 'U' 'U' 'U' 'M' 'M']"
486301,0,162,5,157,36,0,0,"['A' 'U' 'U' 'A' 'M' 'M' 'U' 'M' 'M' 'U' 'M' 'M' 'M' 'M' 'M' 'M' 'A' 'U'
 'M' 'U' 'M' 'M' 'M' 'M' 'M' 'M' 'M' 'M' 'M' 'M' 'M' 'M' 'M' 'M' 'M' 'M'
 'M' 'M' 'M' 'M' 'M' 'M' 'M' 'M' 'U' 'M' 'U' 'U' 'M' 'M' 'M' 'M' 'M' 'M'
 'M' 'M' 'M' 'M' 'M' 'M' 'U' 'A' 'M' 'M' 'M' 'U' 'M' 'M' 'M' 'U' 'M' 'M'
 'U' 'M' 'M' 'M' 'M' 'M' 'M' 'M' 'U' 'M' 'M' 'M' 'M' 'M' 'M' 'U' 'M' 'M'
 'M' 'M' 'M' 'M' 'M' 'M' 'M' 'M' 'M' 'U' 'M' 'M' 'M' 'U' 'M' 'U' 'M' 'M'
 'M' 'M' 'M' 'M' 'M' 'U' 'M' 'M' 'M' 'M' 'M' 'M' 'M' 'M' 'M' 'M' 'M' 'M'
 'M' 'M' 'M' 'M' 'M' 'U' 'A' 'U' 'M' 'U' 'U' 'M' 'U' 'M' 'U' 'U' 'M' 'M'
 'M' 'M' 'M' 'M' 'M' 'M' 'M' 'M' 'U' 'M' 'M' 'M' 'M' 'M' 'M' 'M' 'M' 'M'
 'M' 'U' 'M' 'U' 'M' 'U' 'M' 'M' 'U' 'U' 'M' 'M' 'M' 'M' 'M' 'M' 'M' 'U'
 'M' 'M' 'M' 'M' 'U' 'M' 'M' 'M' 'M' 'M' 'M' 'U' 'M' 'M' 'U' 'M' 'M' 'M']"
486401,0,158,2,156,40,0,0,"['A' 'M' 'U' 'U' 'M' 'M' 'U' 'M' 'M' 'U' 'M' 'M' 'M' 'M' 'M' 'M' 'A' 'U'
 'M' 'M' 'M' 'M' 'M' 'M' 'M' 'M' 'M' 'M' 'M' 'M' 'M' 'M' 'U' 'M' 'M' 'M'
 'M' 'U' 'M' 'M' 'M' 'M' 'M' 'M' 'U' 'M' 'U' 'U' 'M' 'M' 'U' 'M' 'M' 'M'
 'M' 'M' 'M' 'M' 'M' 'M' 'U' 'U' 'M' 'M' 'M' 'M' 'M' 'M' 'M' 'M' 'M' 'U'
 'M' 'M' 'M' 'U' 'M' 'M' 'U' 'M' 'M' 'M' 'U' 'M' 'M' 'M' 'U' 'M' 'M' 'M'
 'M' 'M' 'M' 'M' 'M' 'M' 'M' 'U' 'M' 'U' 'M' 'M' 'M' 'M' 'M' 'U' 'M' 'M'
 'M' 'M' 'M' 'M' 'M' 'M' 'M' 'M' 'M' 'M' 'M' 'M' 'M' 'M' 'M' 'U' 'M' 'M'
 'M' 'M' 'M' 'M' 'M' 'M' 'U' 'M' 'M' 'U' 'U' 'M' 'U' 'M' 'U' 'M' 'M' 'M'
 'M' 'M' 'M' 'U' 'M' 'M' 'M' 'M' 'U' 'M' 'M' 'M' 'M' 'M' 'M' 'U' 'M' 'M'
 'M' 'M' 'M' 'U' 'M' 'U' 'M' 'M' 'U' 'U' 'M' 'M' 'U' 'M' 'M' 'M' 'M' 'U'
 'M' 'M' 'M' 'M' 'U' 'M' 'M' 'M' 'M' 'M' 'M' 'U' 'M' 'M' 'U' 'U' 'M' 'M']"
486501,0,158,3,155,40,0,0,"['A' 'M' 'U' 'M' 'M' 'M' 'M' 'M' 'M' 'U' 'M' 'M' 'U' 'M' 'M' 'M' 'A' 'U'
 'M' 'M' 'M' 'M' 'M' 'M' 'M' 'M' 'M' 'M' 'M' 'M' 'M' 'M' 'U' 'M' 'M' 'M'
 'M' 'U' 'M' 'M' 'M' 'M' 'M' 'M' 'U' 'M' 'M' 'U' 'M' 'M' 'U' 'M' 'M' 'M'
 'M' 'U' 'M' 'M' 'M' 'M' 'U' 'U' 'M' 'M' 'M' 'U' 'M' 'U' 'M' 'M' 'U' 'M'
 'M' 'M' 'M' 'M' 'M' 'M' 'M' 'M' 'M' 'U' 'U' 'M' 'M' 'M' 'M' 'M' 'M' 'M'
 'M' 'M' 'M' 'M' 'M' 'M' 'M' 'U' 'M' 'U' 'M' 'M' 'M' 'M' 'M' 'U' 'M' 'M'
 'M' 'M' 'M' 'M' 'M' 'M' 'M' 'M' 'M' 'M' 'M' 'M' 'M' 'M' 'M' 'U' 'M' 'M'
 'M' 'M' 'U' 'M' 'M' 'M' 'U' 'U' 'U' 'U' 'M' 'U' 'U' 'M' 'U' 'M' 'M' 'M'
 'M' 'M' 'M' 'A' 'M' 'M' 'M' 'M' 'M' 'M' 'M' 'M' 'M' 'M' 'M' 'M' 'M' 'M'
 'M' 'M' 'M' 'U' 'M' 'U' 'M' 'M' 'U' 'M' 'U' 'U' 'M' 'M' 'M' 'M' 'M' 'U'
 'M' 'M' 'M' 'M' 'U' 'M' 'M' 'M' 'M' 'M' 'M' 'U' 'M' 'M' 'U' 'U' 'M' 'U']"
486601,0,164,3,161,34,0,0,"['A' 'M' 'U' 'M' 'M' 'M' 'U' 'M' 'M' 'U' 'M' 'M' 'M' 'M' 'M' 'M' 'A' 'U'
 'M' 'M' 'M' 'M' 'M' 'M' 'M' 'M' 'M' 'M' 'M' 'M' 'M' 'M' 'M' 'M' 'M' 'M'
 'M' 'M' 'M' 'M' 'M' 'M' 'M' 'M' 'U' 'M' 'M' 'U' 'M' 'M' 'M' 'M' 'M' 'M'
 'M' 'U' 'M' 'M' 'M' 'M' 'U' 'U' 'M' 'M' 'M' 'M' 'U' 'M' 'M' 'M' 'M' 'M'
 'M' 'M' 'M' 'M' 'U' 'M' 'M' 'M' 'M' 'M' 'M' 'M' 'M' 'M' 'M' 'U' 'U' 'M'
 'U' 'M' 'M' 'M' 'M' 'M' 'M' 'U' 'M' 'M' 'M' 'M' 'M' 'M' 'M' 'U' 'M' 'M'
 'M' 'M' 'M' 'M' 'M' 'M' 'M' 'U' 'M' 'M' 'M' 'M' 'M' 'M' 'M' 'U' 'M' 'M'
 'M' 'M' 'U' 'M' 'M' 'M' 'U' 'U' 'U' 'U' 'M' 'U' 'U' 'M' 'U' 'M' 'M' 'M'
 'M' 'M' 'M' 'A' 'M' 'U' 'M' 'M' 'M' 'M' 'M' 'M' 'M' 'M' 'M' 'M' 'M' 'M'
 'M' 'M' 'M' 'M' 'M' 'M' 'M' 'M' 'U' 'M' 'U' 'U' 'M' 'M' 'M' 'M' 'U' 'M'
 'M' 'M' 'M' 'M' 'U' 'M' 'M' 'M' 'M' 'M' 'M' 'M' 'M' 'M' 'M' 'U' 'M' 'U']"
486701,0,163,4,159,35,0,0,"['A' 'M' 'U' 'M' 'M' 'M' 'U' 'M' 'M' 'U' 'M' 'M' 'M' 'M' 'M' 'M' 'A' 'U'
 'M' 'M' 'M' 'M' 'M' 'M' 'M' 'M' 'M' 'M' 'M' 'M' 'M' 'M' 'M' 'M' 'M' 'M'
 'M' 'M' 'M' 'M' 'M' 'M' 'M' 'M' 'U' 'M' 'M' 'U' 'M' 'M' 'M' 'M' 'M' 'U'
 'M' 'U' 'M' 'M' 'M' 'M' 'A' 'U' 'M' 'M' 'M' 'M' 'M' 'M' 'M' 'M' 'M' 'M'
 'M' 'U' 'M' 'M' 'M' 'M' 'M' 'M' 'M' 'M' 'M' 'M' 'M' 'M' 'M' 'U' 'U' 'U'
 'M' 'M' 'M' 'M' 'U' 'M' 'M' 'U' 'M' 'M' 'M' 'M' 'M' 'M' 'M' 'U' 'M' 'M'
 'U' 'U' 'M' 'M' 'U' 'M' 'M' 'M' 'M' 'M' 'M' 'M' 'M' 'M' 'M' 'U' 'M' 'M'
 'M' 'M' 'U' 'M' 'M' 'M' 'U' 'M' 'U' 'U' 'U' 'U' 'U' 'M' 'M' 'M' 'M' 'M'
 'M' 'M' 'M' 'A' 'M' 'U' 'M' 'M' 'M' 'M' 'M' 'M' 'M' 'M' 'M' 'M' 'M' 'M'
 'M' 'M' 'M' 'M' 'M' 'M' 'M' 'M' 'U' 'M' 'U' 'M' 'U' 'M' 'M' 'M' 'U' 'M'
 'M' 'M' 'M' 'M' 'U' 'M' 'M' 'M' 'M' 'M' 'U' 'M' 'M' 'M' 'M' 'U' 'M' 'M']"
486801,0,165,6,159,33,0,0,"['A' 'M' 'U' 'M' 'M' 'M' 'U' 'M' 'M' 'U' 'M' 'M' 'M' 'M' 'M' 'M' 'A' 'M'
 'M' 'M' 'M' 'M' 'M' 'M' 'U' 'M' 'M' 'M' 'M' 'M' 'M' 'U' 'M' 'M' 'M' 'M'
 'M' 'M' 'M' 'M' 'M' 'M' 'M' 'M' 'M' 'M' 'M' 'U' 'M' 'M' 'M' 'M' 'M' 'U'
 'M' 'U' 'M' 'M' 'M' 'M' 'A' 'U' 'M' 'M' 'M' 'M' 'M' 'M' 'M' 'M' 'M' 'U'
 'M' 'M' 'M' 'U' 'U' 'M' 'U' 'M' 'M' 'M' 'M' 'M' 'M' 'M' 'M' 'U' 'M' 'M'
 'M' 'M' 'M' 'M' 'M' 'M' 'M' 'U' 'M' 'M' 'M' 'M' 'M' 'M' 'M' 'U' 'M' 'M'
 'M' 'U' 'U' 'M' 'U' 'M' 'M' 'M' 'M' 'M' 'M' 'U' 'M' 'M' 'M' 'A' 'M' 'M'
 'M' 'M' 'A' 'M' 'M' 'M' 'U' 'A' 'U' 'M' 'U' 'U' 'U' 'M' 'M' 'M' 'M' 'M'
 'M' 'M' 'M' 'U' 'M' 'U' 'M' 'M' 'M' 'M' 'M' 'M' 'M' 'M' 'M' 'M' 'M' 'M'
 'M' 'M' 'M' 'M' 'M' 'M' 'M' 'M' 'M' 'M' 'U' 'M' 'U' 'M' 'M' 'M' 'U' 'M'
 'M' 'M' 'M' 'M' 'U' 'M' 'M' 'M' 'M' 'M' 'U' 'M' 'M' 'M' 'U' 'M' 'M' 'M']"
486901,0,163,6,157,35,0,1,"['A' 'M' 'U' 'M' 'M' 'M' 'U' 'M' 'M' 'M' 'M' 'M' 'M' 'M' 'M' 'U' 'A' 'M'
 'M' 'M' 'M' 'M' 'M' 'M' 'U' 'M' 'M' 'M' 'M' 'M' 'M' 'U' 'M' 'M' 'M' 'M'
 'M' 'M' 'M' 'M' 'M' 'M' 'M' 'M' 'M' 'M' 'M' 'U' 'M' 'M' 'M' 'M' 'M' 'U'
 'M' 'U' 'M' 'M' 'M' 'M' 'A' 'U' 'M' 'M' 'M' 'M' 'M' 'M' 'U' 'M' 'M' 'M'
 'M' 'U' 'M' 'M' 'M' 'M' 'M' 'M' 'M' 'M' 'M' 'M' 'U' 'M' 'M' 'M' 'U' 'M'
 'M' 'M' 'M' 'M' 'U' 'M' 'M' 'U' 'M' 'M' 'M' 'M' 'M' 'U' 'M' 'U' 'U' 'M'
 'M' 'U' 'M' 'M' 'M' 'M' 'U' 'M' 'M' 'M' 'M' 'U' 'M' 'M' 'M' 'A' 'M' 'M'
 'M' 'M' 'A' 'M' 'M' 'M' 'M' 'A' 'U' 'M' 'U' 'U' 'U' 'M' 'M' 'M' 'M' 'M'
 'M' 'M' 'U' 'U' 'M' 'M' 'M' 'M' 'M' 'M' 'M' 'U' 'M' 'M' 'M' 'M' 'M' 'M'
 'M' 'M' 'M' 'M' 'M' 'M' 'U' 'M' 'M' 'M' 'U' 'M' 'U' 'M' 'M' 'M' 'U' 'M'
 'M' 'U' 'M' 'M' 'U' 'M' 'M' 'M' 'M' 'M' 'M' 'M' 'M' 'M' 'U' 'M' 'M' 'M']"
487001,0,164,6,158,34,0,0,"['A' 'M' 'M' 'M' 'M' 'M' 'M' 'M' 'M' 'M' 'M' 'U' 'M' 'M' 'M' 'U' 'U' 'M'
 'M' 'M' 'U' 'M' 'M' 'M' 'U' 'M' 'M' 'M' 'M' 'M' 'M' 'U' 'M' 'M' 'M' 'M'
 'M' 'M' 'M' 'M' 'M' 'M' 'M' 'M' 'M' 'M' 'M' 'A' 'M' 'M' 'M' 'M' 'M' 'M'
 'M' 'M' 'M' 'M' 'M' 'M' 'A' 'U' 'M' 'M' 'M' 'M' 'M' 'M' 'M' 'M' 'M' 'M'
 'M' 'M' 'M' 'M' 'U' 'M' 'U' 'U' 'M' 'M' 'M' 'M' 'M' 'U' 'M' 'M' 'M' 'M'
 'M' 'U' 'M' 'M' 'M' 'M' 'M' 'U' 'M' 'M' 'M' 'M' 'M' 'U' 'M' 'U' 'U' 'M'
 'M' 'U' 'M' 'M' 'M' 'M' 'U' 'M' 'M' 'M' 'M' 'M' 'M' 'M' 'M' 'U' 'M' 'M'
 'M' 'M' 'A' 'M' 'M' 'M' 'U' 'A' 'M' 'U' 'U' 'U' 'M' 'M' 'M' 'U' 'M' 'M'
 'M' 'M' 'U' 'U' 'M' 'M' 'M' 'M' 'M' 'M' 'M' 'U' 'M' 'M' 'U' 'M' 'M' 'M'
 'M' 'M' 'M' 'M' 'M' 'M' 'M' 'M' 'M' 'M' 'U' 'M' 'U' 'M' 'M' 'M' 'U' 'M'
 'M' 'U' 'M' 'M' 'U' 'M' 'M' 'M' 'M' 'M' 'M' 'M' 'U' 'M' 'A' 'M' 'M' 'M']"
487101,0,166,6,160,32,0,1,"['A' 'M' 'M' 'M' 'M' 'M' 'M' 'M' 'M' 'M' 'M' 'U' 'M' 'M' 'M' 'M' 'U' 'M'
 'M' 'M' 'U' 'M' 'M' 'M' 'M' 'M' 'M' 'M' 'U' 'M' 'M' 'M' 'M' 'M' 'M' 'M'
 'M' 'M' 'M' 'M' 'M' 'U' 'U' 'M' 'M' 'M' 'M' 'A' 'M' 'M' 'M' 'M' 'M' 'M'
 'M' 'M' 'M' 'M' 'M' 'U' 'A' 'U' 'M' 'M' 'M' 'M' 'M' 'U' 'M' 'M' 'U' 'M'
 'M' 'M' 'M' 'M' 'M' 'U' 'M' 'M' 'M' 'U' 'M' 'M' 'M' 'M' 'M' 'M' 'M' 'M'
 'M' 'M' 'M' 'U' 'M' 'M' 'M' 'U' 'M' 'M' 'M' 'M' 'M' 'M' 'M' 'U' 'U' 'M'
 'M' 'U' 'M' 'M' 'U' 'M' 'M' 'M' 'M' 'M' 'M' 'M' 'M' 'M' 'U' 'U' 'M' 'M'
 'U' 'M' 'A' 'M' 'M' 'M' 'U' 'A' 'M' 'U' 'M' 'M' 'M' 'M' 'M' 'U' 'M' 'M'
 'M' 'M' 'M' 'U' 'M' 'M' 'M' 'M' 'M' 'M' 'M' 'M' 'M' 'M' 'U' 'M' 'M' 'M'
 'M' 'M' 'M' 'M' 'M' 'M' 'M' 'M' 'M' 'M' 'M' 'M' 'U' 'M' 'U' 'M' 'U' 'M'
 'M' 'U' 'M' 'M' 'U' 'M' 'M' 'M' 'M' 'M' 'M' 'M' 'U' 'M' 'A' 'M' 'M' 'M']"
487201,0,162,5,157,36,0,0,"['A' 'M' 'M' 'M' 'M' 'M' 'M' 'M' 'M' 'M' 'M' 'U' 'M' 'M' 'M' 'M' 'U' 'M'
 'M' 'M' 'U' 'M' 'M' 'M' 'M' 'M' 'M' 'M' 'U' 'M' 'M' 'M' 'M' 'M' 'U' 'M'
 'M' 'U' 'M' 'U' 'M' 'U' 'U' 'M' 'M' 'M' 'M' 'U' 'U' 'M' 'M' 'M' 'M' 'M'
 'M' 'U' 'M' 'M' 'M' 'U' 'A' 'U' 'M' 'M' 'M' 'U' 'M' 'M' 'M' 'M' 'U' 'U'
 'M' 'U' 'M' 'M' 'U' 'M' 'M' 'M' 'M' 'M' 'M' 'M' 'M' 'M' 'M' 'M' 'M' 'M'
 'M' 'M' 'M' 'M' 'M' 'M' 'M' 'M' 'M' 'M' 'M' 'M' 'M' 'M' 'M' 'M' 'U' 'M'
 'M' 'U' 'M' 'M' 'U' 'M' 'M' 'M' 'M' 'M' 'M' 'M' 'M' 'M' 'U' 'A' 'M' 'M'
 'U' 'M' 'A' 'M' 'M' 'M' 'U' 'A' 'M' 'U' 'M' 'M' 'M' 'M' 'M' 'U' 'M' 'M'
 'M' 'U' 'M' 'U' 'M' 'M' 'M' 'M' 'M' 'M' 'M' 'M' 'M' 'M' 'U' 'M' 'M' 'M'
 'M' 'M' 'M' 'M' 'M' 'M' 'M' 'M' 'M' 'M' 'M' 'U' 'M' 'M' 'U' 'M' 'U' 'M'
 'M' 'M' 'M' 'M' 'U' 'M' 'M' 'M' 'M' 'M' 'M' 'M' 'U' 'M' 'U' 'M' 'M' 'M']"
487301,0,161,4,157,37,0,0,"['A' 'M' 'M' 'M' 'M' 'M' 'M' 'M' 'M' 'M' 'M' 'U' 'M' 'M' 'M' 'M' 'U' 'M'
 'M' 'M' 'U' 'M' 'U' 'M' 'M' 'M' 'M' 'M' 'M' 'M' 'M' 'M' 'M' 'M' 'U' 'M'
 'M' 'U' 'M' 'U' 'M' 'M' 'U' 'M' 'M' 'M' 'M' 'U' 'U' 'M' 'M' 'M' 'M' 'M'
 'M' 'U' 'M' 'M' 'M' 'U' 'U' 'U' 'M' 'M' 'M' 'U' 'M' 'M' 'M' 'M' 'M' 'M'
 'M' 'M' 'M' 'M' 'M' 'U' 'U' 'M' 'M' 'M' 'M' 'U' 'M' 'M' 'M' 'M' 'M' 'M'
 'M' 'M' 'U' 'M' 'M' 'M' 'M' 'M' 'M' 'M' 'M' 'M' 'M' 'M' 'M' 'M' 'M' 'M'
 'M' 'U' 'M' 'M' 'M' 'M' 'M' 'M' 'M' 'M' 'M' 'M' 'M' 'M' 'U' 'A' 'M' 'M'
 'U' 'M' 'A' 'M' 'M' 'M' 'U' 'A' 'M' 'U' 'M' 'M' 'U' 'M' 'M' 'U' 'M' 'M'
 'M' 'U' 'M' 'U' 'M' 'M' 'M' 'M' 'M' 'M' 'M' 'M' 'M' 'M' 'U' 'M' 'U' 'M'
 'M' 'M' 'M' 'M' 'M' 'M' 'U' 'M' 'M' 'M' 'U' 'U' 'U' 'M' 'M' 'M' 'U' 'M'
 'M' 'M' 'M' 'M' 'U' 'M' 'M' 'M' 'M' 'M' 'M' 'M' 'U' 'M' 'M' 'M' 'M' 'M']"
487401,0,155,3,152,43,0,0,"['A' 'M' 'M' 'M' 'M' 'M' 'M' 'M' 'M' 'M' 'M' 'U' 'M' 'M' 'M' 'M' 'U' 'M'
 'M' 'M' 'U' 'M' 'U' 'M' 'M' 'M' 'M' 'M' 'M' 'M' 'M' 'M' 'M' 'M' 'M' 'M'
 'M' 'U' 'M' 'U' 'M' 'M' 'M' 'M' 'M' 'M' 'M' 'U' 'M' 'M' 'M' 'M' 'M' 'M'
 'M' 'U' 'M' 'U' 'M' 'U' 'U' 'U' 'M' 'M' 'M' 'M' 'M' 'U' 'M' 'M' 'M' 'M'
 'M' 'M' 'M' 'M' 'U' 'M' 'M' 'M' 'M' 'M' 'M' 'U' 'M' 'M' 'M' 'U' 'U' 'M'
 'M' 'M' 'M' 'M' 'M' 'M' 'M' 'M' 'M' 'M' 'M' 'M' 'U' 'M' 'M' 'M' 'M' 'M'
 'M' 'U' 'M' 'M' 'M' 'M' 'M' 'M' 'M' 'M' 'M' 'M' 'M' 'M' 'U' 'A' 'M' 'M'
 'M' 'M' 'A' 'M' 'M' 'U' 'U' 'U' 'U' 'U' 'U' 'U' 'U' 'M' 'M' 'U' 'M' 'M'
 'U' 'M' 'M' 'U' 'M' 'M' 'M' 'M' 'U' 'M' 'M' 'M' 'U' 'U' 'U' 'M' 'U' 'M'
 'M' 'M' 'M' 'M' 'M' 'M' 'U' 'M' 'M' 'M' 'U' 'U' 'U' 'M' 'M' 'M' 'U' 'M'
 'M' 'M' 'M' 'M' 'U' 'M' 'M' 'M' 'M' 'M' 'M' 'M' 'U' 'M' 'M' 'M' 'M' 'M']"
487501,0,157,3,154,41,0,0,"['A' 'M' 'M' 'M' 'M' 'M' 'M' 'M' 'M' 'M' 'U' 'M' 'M' 'M' 'M' 'M' 'U' 'M'
 'M' 'M' 'U' 'M' 'M' 'M' 'M' 'M' 'M' 'M' 'M' 'M' 'M' 'M' 'M' 'M' 'M' 'M'
 'U' 'U' 'M' 'U' 'M' 'M' 'M' 'M' 'M' 'M' 'M' 'U' 'M' 'M' 'M' 'M' 'M' 'M'
 'M' 'U' 'M' 'U' 'M' 'M' 'U' 'U' 'M' 'M' 'M' 'M' 'M' 'M' 'M' 'M' 'U' 'M'
 'M' 'M' 'M' 'M' 'M' 'M' 'M' 'M' 'M' 'M' 'U' 'M' 'M' 'M' 'M' 'M' 'M' 'M'
 'M' 'U' 'M' 'U' 'U' 'M' 'M' 'M' 'M' 'M' 'M' 'M' 'U' 'M' 'M' 'M' 'M' 'U'
 'M' 'U' 'M' 'M' 'M' 'M' 'M' 'M' 'M' 'U' 'M' 'M' 'M' 'M' 'U' 'A' 'M' 'M'
 'M' 'M' 'A' 'M' 'M' 'U' 'U' 'M' 'U' 'M' 'U' 'U' 'U' 'M' 'M' 'U' 'M' 'M'
 'U' 'M' 'M' 'U' 'M' 'M' 'M' 'M' 'U' 'M' 'U' 'M' 'M' 'U' 'U' 'M' 'U' 'U'
 'M' 'M' 'M' 'M' 'M' 'M' 'U' 'M' 'M' 'M' 'U' 'U' 'U' 'M' 'M' 'M' 'M' 'M'
 'M' 'M' 'M' 'M' 'M' 'M' 'M' 'M' 'M' 'M' 'M' 'M' 'U' 'M' 'M' 'M' 'M' 'M']"
487601,1,160,5,155,38,0,0,"['A' 'M' 'M' 'U' 'M' 'M' 'M' 'M' 'M' 'M' 'M' 'M' 'M' 'M' 'M' 'M' 'U' 'M'
 'M' 'M' 'U' 'M' 'M' 'M' 'M' 'M' 'M' 'M' 'M' 'M' 'U' 'M' 'M' 'M' 'M' 'M'
 'M' 'U' 'M' 'U' 'M' 'M' 'M' 'M' 'M' 'M' 'M' 'M' 'M' 'M' 'M' 'M' 'M' 'M'
 'M' 'M' 'M' 'M' 'M' 'M' 'U' 'U' 'M' 'M' 'M' 'M' 'M' 'M' 'M' 'U' 'M' 'M'
 'U' 'M' 'U' 'M' 'M' 'U' 'M' 'M' 'M' 'U' 'M' 'M' 'M' 'M' 'M' 'M' 'M' 'M'
 'M' 'M' 'M' 'M' 'M' 'M' 'M' 'M' 'M' 'M' 'M' 'M' 'U' 'M' 'U' 'M' 'M' 'U'
 'M' 'U' 'M' 'M' 'M' 'M' 'M' 'M' 'M' 'M' 'M' 'M' 'M' 'M' 'U' 'A' 'M' 'M'
 'M' 'M' 'U' 'M' 'M' 'A' 'U' 'U' 'U' 'U' 'A' 'U' 'U' 'M' 'M' 'U' 'M' 'M'
 'U' 'M' 'M' 'U' 'M' 'M' 'M' 'M' 'A' 'M' 'U' 'M' 'M' 'U' 'M' 'M' 'U' 'M'
 'M' 'M' 'M' 'M' 'M' 'M' 'U' 'M' 'M' 'M' 'U' 'U' 'U' 'M' 'M' 'M' 'M' 'M'
 'M' 'M' 'M' 'M' 'M' 'U' 'M' 'M' 'M' 'M' 'M' 'M' 'U' 'U' 'M' 'M' 'M' 'M']"
487701,0,161,4,157,37,0,0,"['A' 'M' 'M' 'U' 'M' 'U' 'M' 'M' 'M' 'M' 'M' 'M' 'M' 'M' 'M' 'M' 'U' 'M'
 'M' 'M' 'U' 'M' 'M' 'M' 'M' 'M' 'M' 'M' 'U' 'M' 'U' 'M' 'M' 'M' 'M' 'M'
 'M' 'U' 'M' 'U' 'M' 'M' 'M' 'M' 'M' 'M' 'M' 'M' 'M' 'M' 'M' 'M' 'M' 'M'
 'M' 'M' 'M' 'M' 'M' 'U' 'M' 'M' 'M' 'M' 'U' 'M' 'M' 'M' 'M' 'M' 'M' 'U'
 'M' 'U' 'M' 'U' 'M' 'M' 'M' 'M' 'M' 'M' 'M' 'M' 'M' 'U' 'M' 'M' 'U' 'M'
 'M' 'M' 'M' 'M' 'M' 'M' 'M' 'M' 'M' 'M' 'M' 'M' 'M' 'M' 'U' 'M' 'M' 'M'
 'U' 'U' 'M' 'M' 'M' 'M' 'M' 'U' 'M' 'M' 'M' 'M' 'M' 'M' 'U' 'A' 'M' 'M'
 'M' 'M' 'U' 'M' 'M' 'M' 'U' 'U' 'U' 'U' 'A' 'M' 'U' 'M' 'U' 'U' 'M' 'M'
 'U' 'M' 'M' 'M' 'M' 'U' 'M' 'M' 'A' 'M' 'U' 'M' 'M' 'U' 'M' 'M' 'U' 'M'
 'M' 'M' 'M' 'M' 'M' 'M' 'M' 'M' 'M' 'M' 'M' 'U' 'U' 'M' 'M' 'M' 'M' 'M'
 'M' 'M' 'M' 'M' 'M' 'M' 'M' 'M' 'M' 'M' 'M' 'M' 'U' 'U' 'M' 'M' 'M' 'M']"
487801,0,165,3,162,33,0,0,"['A' 'M' 'M' 'M' 'M' 'U' 'M' 'M' 'U' 'M' 'M' 'M' 'M' 'M' 'M' 'M' 'U' 'M'
 'M' 'M' 'M' 'M' 'M' 'M' 'M' 'M' 'M' 'M' 'U' 'M' 'U' 'M' 'M' 'M' 'M' 'M'
 'M' 'U' 'M' 'M' 'M' 'M' 'M' 'M' 'M' 'M' 'M' 'M' 'M' 'M' 'M' 'M' 'M' 'M'
 'M' 'M' 'M' 'M' 'M' 'U' 'M' 'M' 'M' 'M' 'U' 'U' 'M' 'U' 'M' 'M' 'M' 'M'
 'M' 'M' 'M' 'M' 'M' 'M' 'U' 'M' 'U' 'M' 'M' 'M' 'M' 'M' 'M' 'M' 'M' 'M'
 'M' 'M' 'M' 'M' 'U' 'M' 'M' 'M' 'M' 'M' 'M' 'M' 'M' 'M' 'U' 'M' 'M' 'U'
 'M' 'M' 'M' 'M' 'M' 'M' 'M' 'U' 'M' 'M' 'M' 'M' 'M' 'M' 'U' 'A' 'M' 'M'
 'M' 'M' 'A' 'M' 'M' 'M' 'U' 'U' 'U' 'M' 'M' 'M' 'U' 'U' 'U' 'U' 'M' 'M'
 'M' 'M' 'U' 'M' 'M' 'U' 'M' 'M' 'U' 'M' 'U' 'M' 'M' 'U' 'M' 'M' 'M' 'M'
 'M' 'M' 'M' 'M' 'M' 'M' 'M' 'M' 'M' 'M' 'M' 'U' 'U' 'M' 'M' 'M' 'M' 'M'
 'M' 'M' 'M' 'M' 'M' 'M' 'M' 'M' 'M' 'M' 'M' 'M' 'U' 'U' 'M' 'M' 'M' 'M']"
487901,0,164,3,161,34,0,0,"['A' 'M' 'U' 'M' 'M' 'M' 'M' 'M' 'U' 'M' 'M' 'M' 'M' 'M' 'M' 'M' 'U' 'M'
 'M' 'M' 'M' 'M' 'M' 'M' 'M' 'U' 'M' 'M' 'U' 'M' 'U' 'M' 'M' 'M' 'M' 'M'
 'M' 'U' 'M' 'M' 'M' 'M' 'M' 'M' 'M' 'M' 'M' 'M' 'M' 'M' 'M' 'M' 'M' 'M'
 'M' 'M' 'M' 'M' 'M' 'U' 'M' 'M' 'M' 'M' 'U' 'M' 'M' 'U' 'M' 'M' 'M' 'M'
 'M' 'M' 'U' 'M' 'M' 'M' 'M' 'M' 'M' 'M' 'M' 'M' 'U' 'M' 'M' 'M' 'M' 'M'
 'U' 'U' 'M' 'M' 'M' 'M' 'M' 'M' 'M' 'M' 'M' 'M' 'M' 'M' 'U' 'M' 'M' 'U'
 'M' 'M' 'M' 'M' 'M' 'M' 'M' 'U' 'M' 'M' 'M' 'M' 'M' 'M' 'U' 'A' 'M' 'M'
 'M' 'M' 'A' 'U' 'M' 'M' 'U' 'U' 'M' 'M' 'M' 'M' 'M' 'U' 'U' 'U' 'M' 'M'
 'M' 'U' 'U' 'M' 'M' 'U' 'M' 'M' 'M' 'M' 'M' 'M' 'M' 'U' 'M' 'M' 'M' 'M'
 'M' 'M' 'U' 'M' 'M' 'M' 'M' 'M' 'M' 'M' 'U' 'U' 'U' 'M' 'M' 'M' 'M' 'M'
 'M' 'M' 'M' 'M' 'M' 'M' 'M' 'M' 'M' 'M' 'M' 'M' 'U' 'U' 'M' 'M' 'M' 'M']"
488001,0,164,2,162,34,0,1,"['A' 'M' 'M' 'M' 'M' 'M' 'M' 'M' 'M' 'M' 'M' 'M' 'M' 'M' 'M' 'M' 'M' 'M'
 'M' 'M' 'M' 'M' 'M' 'M' 'M' 'U' 'M' 'M' 'U' 'M' 'U' 'M' 'M' 'M' 'M' 'U'
 'M' 'M' 'M' 'M' 'M' 'M' 'M' 'M' 'M' 'M' 'M' 'M' 'M' 'M' 'U' 'M' 'M' 'M'
 'M' 'M' 'M' 'M' 'M' 'U' 'M' 'M' 'M' 'M' 'U' 'U' 'M' 'M' 'M' 'M' 'M' 'M'
 'M' 'M' 'M' 'M' 'M' 'U' 'M' 'U' 'M' 'U' 'M' 'M' 'M' 'M' 'M' 'M' 'M' 'U'
 'M' 'M' 'M' 'M' 'M' 'M' 'M' 'M' 'M' 'M' 'M' 'M' 'M' 'M' 'U' 'M' 'M' 'U'
 'M' 'M' 'M' 'M' 'M' 'M' 'M' 'M' 'M' 'M' 'M' 'M' 'M' 'M' 'U' 'A' 'M' 'U'
 'M' 'M' 'U' 'U' 'M' 'M' 'U' 'U' 'M' 'M' 'M' 'M' 'M' 'U' 'U' 'M' 'M' 'M'
 'M' 'U' 'U' 'M' 'M' 'U' 'M' 'M' 'M' 'M' 'M' 'M' 'U' 'U' 'M' 'M' 'M' 'M'
 'M' 'M' 'U' 'M' 'M' 'M' 'M' 'U' 'M' 'M' 'U' 'U' 'U' 'M' 'M' 'M' 'M' 'M'
 'M' 'M' 'M' 'M' 'M' 'M' 'M' 'M' 'M' 'M' 'M' 'M' 'U' 'U' 'M' 'M' 'M' 'M']"
488101,0,164,2,162,34,0,0,"['A' 'M' 'M' 'M' 'M' 'M' 'U' 'M' 'M' 'M' 'U' 'M' 'M' 'M' 'M' 'M' 'M' 'M'
 'M' 'M' 'M' 'M' 'M' 'M' 'M' 'M' 'M' 'U' 'U' 'M' 'U' 'M' 'U' 'M' 'M' 'U'
 'M' 'M' 'M' 'M' 'M' 'M' 'M' 'M' 'M' 'M' 'M' 'M' 'M' 'M' 'U' 'M' 'M' 'M'
 'M' 'M' 'M' 'M' 'M' 'U' 'M' 'M' 'M' 'M' 'M' 'M' 'M' 'M' 'M' 'U' 'M' 'M'
 'M' 'M' 'M' 'M' 'M' 'M' 'M' 'M' 'M' 'U' 'M' 'M' 'M' 'M' 'U' 'M' 'M' 'U'
 'M' 'M' 'U' 'M' 'M' 'M' 'M' 'M' 'M' 'M' 'M' 'M' 'M' 'M' 'U' 'M' 'M' 'U'
 'M' 'M' 'M' 'M' 'M' 'M' 'M' 'M' 'M' 'U' 'M' 'M' 'M' 'M' 'U' 'U' 'M' 'U'
 'U' 'M' 'M' 'M' 'M' 'M' 'U' 'U' 'M' 'M' 'M' 'M' 'M' 'M' 'U' 'M' 'M' 'M'
 'M' 'U' 'U' 'M' 'M' 'U' 'M' 'M' 'M' 'M' 'M' 'M' 'M' 'U' 'M' 'U' 'M' 'M'
 'M' 'M' 'M' 'M' 'U' 'M' 'M' 'U' 'M' 'M' 'U' 'U' 'M' 'M' 'M' 'M' 'M' 'M'
 'M' 'A' 'M' 'M' 'M' 'M' 'M' 'M' 'M' 'M' 'M' 'M' 'U' 'M' 'M' 'M' 'M' 'M']"
488201,0,159,3,156,39,0,0,"['A' 'M' 'M' 'M' 'M' 'M' 'U' 'M' 'M' 'M' 'U' 'M' 'M' 'M' 'M' 'M' 'M' 'M'
 'M' 'M' 'U' 'M' 'M' 'M' 'M' 'M' 'M' 'U' 'U' 'M' 'M' 'M' 'M' 'M' 'M' 'U'
 'M' 'M' 'M' 'M' 'M' 'M' 'M' 'U' 'M' 'M' 'U' 'M' 'M' 'M' 'M' 'U' 'M' 'M'
 'M' 'M' 'M' 'M' 'M' 'U' 'M' 'M' 'M' 'M' 'M' 'M' 'M' 'M' 'M' 'M' 'U' 'M'
 'M' 'M' 'M' 'M' 'U' 'M' 'U' 'M' 'M' 'U' 'M' 'M' 'U' 'M' 'M' 'M' 'M' 'M'
 'M' 'M' 'M' 'M' 'M' 'M' 'M' 'M' 'M' 'M' 'M' 'M' 'M' 'M' 'U' 'M' 'M' 'U'
 'M' 'M' 'M' 'M' 'M' 'M' 'U' 'M' 'M' 'U' 'M' 'M' 'M' 'M' 'U' 'U' 'M' 'U'
 'U' 'M' 'M' 'M' 'M' 'U' 'U' 'U' 'U' 'U' 'U' 'U' 'U' 'M' 'U' 'M' 'M' 'M'
 'M' 'U' 'U' 'M' 'M' 'M' 'M' 'M' 'M' 'M' 'M' 'M' 'M' 'U' 'M' 'U' 'M' 'M'
 'M' 'M' 'M' 'M' 'U' 'M' 'M' 'M' 'M' 'M' 'A' 'U' 'M' 'M' 'M' 'M' 'M' 'M'
 'M' 'A' 'M' 'M' 'M' 'M' 'M' 'M' 'M' 'M' 'M' 'M' 'U' 'M' 'M' 'M' 'M' 'M']"
488301,0,155,5,150,43,0,1,"['A' 'U' 'U' 'M' 'M' 'M' 'U' 'M' 'M' 'M' 'U' 'M' 'M' 'M' 'M' 'M' 'M' 'M'
 'M' 'M' 'U' 'M' 'M' 'M' 'M' 'M' 'M' 'U' 'M' 'M' 'M' 'M' 'M' 'M' 'M' 'U'
 'M' 'M' 'M' 'M' 'M' 'M' 'M' 'U' 'M' 'M' 'U' 'U' 'M' 'M' 'M' 'M' 'M' 'M'
 'M' 'M' 'M' 'M' 'M' 'U' 'M' 'M' 'M' 'M' 'M' 'M' 'M' 'M' 'M' 'M' 'M' 'U'
 'M' 'M' 'M' 'U' 'M' 'U' 'M' 'M' 'M' 'M' 'M' 'M' 'M' 'M' 'M' 'M' 'M' 'U'
 'M' 'M' 'M' 'U' 'M' 'M' 'M' 'M' 'M' 'M' 'M' 'M' 'M' 'A' 'U' 'M' 'M' 'U'
 'M' 'M' 'M' 'M' 'M' 'U' 'M' 'M' 'M' 'U' 'M' 'M' 'M' 'M' 'U' 'U' 'M' 'M'
 'U' 'M' 'M' 'U' 'M' 'U' 'M' 'U' 'M' 'A' 'M' 'U' 'U' 'M' 'U' 'M' 'M' 'M'
 'M' 'U' 'U' 'M' 'M' 'M' 'M' 'M' 'M' 'M' 'M' 'U' 'M' 'U' 'M' 'U' 'M' 'M'
 'M' 'M' 'M' 'M' 'U' 'M' 'U' 'U' 'M' 'M' 'A' 'U' 'M' 'M' 'M' 'M' 'U' 'M'
 'M' 'A' 'M' 'M' 'M' 'M' 'U' 'U' 'M' 'M' 'M' 'M' 'U' 'M' 'U' 'M' 'M' 'M']"
488401,0,153,5,148,45,1,0,"['A' 'U' 'U' 'M' 'M' 'M' 'U' 'M' 'U' 'M' 'U' 'M' 'U' 'M' 'A' 'M' 'M' 'M'
 'M' 'M' 'U' 'M' 'M' 'M' 'M' 'M' 'M' 'U' 'M' 'M' 'M' 'M' 'M' 'M' 'M' 'U'
 'M' 'M' 'M' 'M' 'M' 'M' 'M' 'U' 'M' 'U' 'U' 'U' 'M' 'M' 'M' 'M' 'M' 'M'
 'M' 'M' 'M' 'M' 'M' 'M' 'M' 'M' 'M' 'M' 'M' 'M' 'M' 'U' 'M' 'M' 'M' 'M'
 'M' 'M' 'M' 'M' 'M' 'U' 'M' 'M' 'M' 'M' 'M' 'M' 'M' 'U' 'M' 'M' 'M' 'U'
 'M' 'U' 'M' 'M' 'M' 'M' 'M' 'M' 'M' 'M' 'M' 'M' 'M' 'A' 'M' 'M' 'M' 'A'
 'M' 'M' 'M' 'M' 'M' 'U' 'M' 'M' 'M' 'U' 'M' 'M' 'M' 'M' 'U' 'U' 'M' 'M'
 'U' 'M' 'M' 'U' 'M' 'U' 'M' 'U' 'M' 'U' 'M' 'U' 'U' 'U' 'U' 'U' 'M' 'M'
 'M' 'U' 'U' 'M' 'M' 'M' 'M' 'M' 'M' 'M' 'M' 'U' 'M' 'U' 'M' 'U' 'M' 'M'
 'M' 'M' 'M' 'M' 'U' 'M' 'A' 'M' 'M' 'M' 'M' 'U' 'M' 'M' 'M' 'U' 'U' 'M'
 'M' 'U' 'M' 'M' 'M' 'M' 'M' 'M' 'M' 'M' 'M' 'U' 'U' 'M' 'U' 'M' 'M' 'M']"
488501,0,157,3,154,41,0,1,"['A' 'U' 'U' 'M' 'M' 'M' 'U' 'M' 'U' 'M' 'U' 'M' 'M' 'M' 'U' 'M' 'M' 'M'
 'M' 'M' 'U' 'M' 'M' 'M' 'M' 'M' 'M' 'U' 'M' 'M' 'M' 'M' 'M' 'M' 'M' 'U'
 'M' 'U' 'M' 'M' 'M' 'M' 'M' 'U' 'M' 'U' 'U' 'M' 'M' 'M' 'U' 'M' 'M' 'M'
 'M' 'M' 'M' 'M' 'M' 'M' 'M' 'M' 'M' 'M' 'M' 'M' 'U' 'M' 'U' 'M' 'U' 'M'
 'M' 'M' 'M' 'M' 'M' 'M' 'M' 'M' 'M' 'M' 'M' 'M' 'M' 'M' 'M' 'U' 'M' 'M'
 'M' 'M' 'U' 'M' 'M' 'M' 'U' 'M' 'M' 'U' 'M' 'M' 'M' 'A' 'M' 'M' 'M' 'M'
 'M' 'M' 'M' 'M' 'M' 'U' 'M' 'M' 'M' 'M' 'M' 'M' 'M' 'M' 'U' 'U' 'M' 'U'
 'U' 'M' 'M' 'M' 'M' 'U' 'M' 'U' 'M' 'U' 'M' 'U' 'U' 'U' 'U' 'M' 'M' 'M'
 'M' 'U' 'M' 'M' 'M' 'M' 'M' 'M' 'M' 'M' 'M' 'U' 'M' 'U' 'M' 'U' 'M' 'M'
 'M' 'M' 'M' 'M' 'M' 'M' 'A' 'M' 'M' 'M' 'M' 'U' 'M' 'M' 'M' 'U' 'M' 'U'
 'M' 'U' 'M' 'M' 'M' 'M' 'M' 'M' 'M' 'M' 'M' 'M' 'M' 'M' 'M' 'M' 'M' 'M']"
488601,0,161,5,156,37,0,0,"['A' 'U' 'U' 'M' 'M' 'M' 'U' 'M' 'M' 'M' 'M' 'M' 'M' 'M' 'A' 'M' 'M' 'M'
 'M' 'M' 'U' 'M' 'M' 'M' 'M' 'M' 'M' 'U' 'M' 'M' 'M' 'M' 'M' 'M' 'M' 'U'
 'M' 'U' 'M' 'M' 'M' 'M' 'M' 'U' 'M' 'U' 'M' 'M' 'M' 'M' 'M' 'M' 'M' 'M'
 'M' 'M' 'U' 'M' 'M' 'M' 'M' 'M' 'M' 'M' 'M' 'U' 'M' 'M' 'M' 'M' 'M' 'M'
 'M' 'U' 'M' 'M' 'M' 'M' 'M' 'M' 'M' 'U' 'U' 'M' 'M' 'U' 'M' 'M' 'M' 'M'
 'M' 'M' 'M' 'M' 'M' 'M' 'U' 'M' 'M' 'U' 'M' 'M' 'M' 'A' 'M' 'M' 'M' 'M'
 'U' 'M' 'M' 'M' 'M' 'U' 'M' 'A' 'M' 'M' 'M' 'M' 'M' 'M' 'U' 'U' 'M' 'M'
 'U' 'M' 'M' 'M' 'M' 'U' 'M' 'M' 'M' 'U' 'M' 'U' 'U' 'M' 'U' 'M' 'M' 'M'
 'M' 'U' 'M' 'U' 'M' 'M' 'M' 'M' 'M' 'M' 'M' 'U' 'M' 'M' 'U' 'U' 'M' 'M'
 'M' 'M' 'U' 'M' 'M' 'M' 'A' 'M' 'M' 'M' 'M' 'U' 'M' 'M' 'M' 'U' 'M' 'U'
 'M' 'U' 'M' 'M' 'M' 'M' 'M' 'M' 'M' 'M' 'M' 'M' 'M' 'M' 'M' 'M' 'M' 'M']"
488701,0,162,7,155,36,0,0,"['A' 'U' 'U' 'M' 'M' 'M' 'U' 'M' 'M' 'M' 'M' 'M' 'M' 'M' 'A' 'M' 'M' 'M'
 'M' 'M' 'U' 'M' 'U' 'M' 'M' 'M' 'M' 'A' 'M' 'M' 'M' 'M' 'M' 'M' 'M' 'U'
 'M' 'M' 'M' 'M' 'M' 'M' 'U' 'M' 'M' 'U' 'M' 'M' 'M' 'M' 'M' 'M' 'M' 'M'
 'M' 'M' 'U' 'M' 'M' 'M' 'M' 'M' 'M' 'M' 'M' 'M' 'U' 'M' 'M' 'M' 'M' 'M'
 'M' 'M' 'M' 'M' 'M' 'M' 'U' 'M' 'M' 'M' 'M' 'U' 'U' 'M' 'M' 'M' 'M' 'M'
 'M' 'M' 'M' 'M' 'U' 'M' 'U' 'M' 'M' 'M' 'M' 'M' 'M' 'A' 'M' 'M' 'M' 'M'
 'U' 'U' 'M' 'M' 'M' 'U' 'U' 'A' 'M' 'U' 'M' 'M' 'M' 'U' 'M' 'U' 'M' 'M'
 'U' 'M' 'M' 'M' 'M' 'U' 'M' 'M' 'M' 'U' 'M' 'A' 'U' 'M' 'U' 'M' 'M' 'M'
 'M' 'U' 'M' 'U' 'M' 'M' 'M' 'M' 'M' 'M' 'M' 'U' 'M' 'M' 'U' 'M' 'M' 'M'
 'U' 'M' 'A' 'M' 'M' 'M' 'U' 'M' 'M' 'M' 'M' 'U' 'M' 'M' 'M' 'U' 'M' 'U'
 'M' 'M' 'M' 'M' 'M' 'M' 'M' 'M' 'M' 'M' 'M' 'M' 'M' 'M' 'M' 'M' 'M' 'M']"
488801,0,151,4,147,47,0,0,"['A' 'U' 'U' 'M' 'M' 'M' 'U' 'M' 'M' 'M' 'M' 'M' 'M' 'M' 'A' 'M' 'U' 'M'
 'M' 'M' 'U' 'M' 'U' 'U' 'M' 'M' 'M' 'U' 'M' 'M' 'M' 'M' 'M' 'M' 'M' 'U'
 'M' 'M' 'M' 'M' 'M' 'M' 'U' 'M' 'M' 'U' 'M' 'M' 'M' 'M' 'U' 'M' 'M' 'M'
 'M' 'M' 'U' 'M' 'M' 'M' 'M' 'M' 'M' 'M' 'M' 'M' 'M' 'M' 'M' 'M' 'U' 'M'
 'M' 'M' 'M' 'M' 'M' 'U' 'U' 'M' 'M' 'M' 'M' 'M' 'M' 'M' 'M' 'U' 'M' 'M'
 'M' 'M' 'U' 'M' 'M' 'M' 'U' 'M' 'M' 'M' 'M' 'M' 'M' 'A' 'U' 'M' 'M' 'M'
 'U' 'U' 'M' 'M' 'M' 'U' 'U' 'A' 'M' 'U' 'M' 'M' 'M' 'M' 'M' 'M' 'M' 'M'
 'U' 'M' 'M' 'M' 'M' 'U' 'U' 'U' 'U' 'U' 'U' 'U' 'U' 'M' 'U' 'M' 'M' 'M'
 'M' 'U' 'M' 'U' 'M' 'M' 'U' 'M' 'M' 'M' 'M' 'M' 'M' 'M' 'U' 'M' 'M' 'U'
 'U' 'M' 'U' 'M' 'M' 'M' 'U' 'M' 'M' 'U' 'M' 'M' 'M' 'M' 'M' 'U' 'M' 'U'
 'M' 'M' 'M' 'M' 'U' 'M' 'M' 'M' 'M' 'M' 'M' 'M' 'M' 'M' 'M' 'M' 'M' 'M']"
488901,0,154,6,148,44,0,0,"['A' 'M' 'U' 'M' 'M' 'M' 'U' 'M' 'M' 'M' 'M' 'M' 'M' 'M' 'A' 'M' 'U' 'M'
 'M' 'U' 'U' 'M' 'U' 'U' 'M' 'M' 'M' 'U' 'M' 'M' 'M' 'M' 'M' 'M' 'M' 'U'
 'U' 'M' 'M' 'M' 'M' 'M' 'U' 'M' 'M' 'U' 'M' 'M' 'M' 'M' 'U' 'M' 'M' 'M'
 'U' 'M' 'U' 'M' 'M' 'M' 'M' 'M' 'M' 'M' 'M' 'M' 'U' 'M' 'M' 'M' 'M' 'U'
 'U' 'M' 'M' 'M' 'M' 'M' 'M' 'M' 'U' 'M' 'M' 'M' 'M' 'M' 'M' 'M' 'M' 'M'
 'M' 'M' 'M' 'U' 'M' 'M' 'M' 'M' 'M' 'M' 'M' 'M' 'M' 'A' 'U' 'M' 'M' 'M'
 'M' 'U' 'M' 'M' 'M' 'U' 'U' 'A' 'M' 'U' 'M' 'M' 'M' 'M' 'M' 'M' 'M' 'M'
 'M' 'M' 'M' 'M' 'M' 'U' 'U' 'U' 'U' 'M' 'A' 'U' 'U' 'M' 'M' 'M' 'M' 'M'
 'M' 'U' 'M' 'U' 'M' 'M' 'U' 'M' 'M' 'M' 'M' 'M' 'M' 'M' 'U' 'A' 'M' 'U'
 'U' 'M' 'U' 'M' 'M' 'M' 'U' 'M' 'M' 'M' 'M' 'M' 'M' 'M' 'M' 'U' 'M' 'M'
 'M' 'M' 'M' 'M' 'U' 'M' 'M' 'M' 'M' 'M' 'M' 'M' 'M' 'U' 'U' 'M' 'M' 'U']"
489001,0,159,6,153,39,0,0,"['A' 'M' 'U' 'M' 'M' 'M' 'U' 'M' 'M' 'M' 'M' 'M' 'M' 'M' 'A' 'M' 'M' 'M'
 'M' 'U' 'U' 'M' 'M' 'U' 'M' 'M' 'M' 'M' 'M' 'M' 'U' 'M' 'M' 'M' 'M' 'U'
 'U' 'M' 'M' 'M' 'M' 'M' 'U' 'M' 'M' 'M' 'M' 'U' 'M' 'M' 'U' 'M' 'M' 'M'
 'U' 'M' 'U' 'M' 'M' 'M' 'M' 'M' 'M' 'M' 'M' 'U' 'M' 'M' 'M' 'M' 'M' 'M'
 'M' 'M' 'M' 'M' 'U' 'M' 'M' 'M' 'M' 'M' 'M' 'U' 'U' 'M' 'U' 'M' 'M' 'M'
 'M' 'M' 'M' 'M' 'M' 'M' 'M' 'M' 'M' 'M' 'M' 'M' 'M' 'U' 'M' 'M' 'M' 'M'
 'M' 'U' 'U' 'M' 'M' 'M' 'M' 'A' 'M' 'M' 'M' 'M' 'M' 'M' 'M' 'M' 'M' 'M'
 'M' 'M' 'M' 'M' 'M' 'U' 'U' 'A' 'U' 'M' 'A' 'U' 'U' 'M' 'M' 'M' 'M' 'M'
 'M' 'U' 'M' 'U' 'M' 'M' 'U' 'M' 'M' 'M' 'M' 'M' 'M' 'M' 'M' 'A' 'M' 'M'
 'U' 'U' 'M' 'M' 'M' 'M' 'U' 'U' 'M' 'M' 'M' 'M' 'M' 'M' 'M' 'U' 'M' 'M'
 'M' 'M' 'M' 'M' 'U' 'M' 'M' 'M' 'M' 'M' 'U' 'M' 'M' 'U' 'U' 'M' 'M' 'U']"
489101,0,159,4,155,39,0,0,"['A' 'M' 'U' 'M' 'M' 'M' 'M' 'M' 'M' 'M' 'U' 'M' 'M' 'M' 'U' 'M' 'M' 'M'
 'M' 'U' 'U' 'M' 'M' 'U' 'M' 'M' 'M' 'M' 'M' 'M' 'U' 'M' 'U' 'M' 'M' 'U'
 'M' 'M' 'M' 'M' 'M' 'M' 'A' 'U' 'M' 'M' 'M' 'M' 'M' 'M' 'U' 'M' 'M' 'M'
 'U' 'M' 'U' 'M' 'M' 'M' 'M' 'M' 'M' 'U' 'M' 'M' 'M' 'M' 'M' 'M' 'U' 'U'
 'U' 'M' 'M' 'M' 'M' 'U' 'M' 'M' 'M' 'M' 'M' 'M' 'M' 'M' 'U' 'M' 'M' 'M'
 'M' 'M' 'M' 'M' 'M' 'M' 'M' 'M' 'M' 'M' 'M' 'M' 'M' 'M' 'M' 'M' 'M' 'M'
 'M' 'U' 'M' 'M' 'M' 'M' 'M' 'A' 'M' 'M' 'M' 'M' 'M' 'M' 'M' 'M' 'M' 'M'
 'M' 'M' 'U' 'M' 'M' 'U' 'U' 'U' 'U' 'U' 'M' 'M' 'M' 'M' 'M' 'M' 'M' 'M'
 'M' 'U' 'M' 'U' 'M' 'M' 'U' 'M' 'U' 'U' 'M' 'M' 'M' 'M' 'M' 'A' 'M' 'M'
 'M' 'M' 'M' 'M' 'M' 'M' 'U' 'U' 'M' 'M' 'M' 'M' 'M' 'M' 'M' 'U' 'M' 'M'
 'M' 'M' 'M' 'U' 'M' 'M' 'M' 'M' 'M' 'M' 'M' 'M' 'U' 'U' 'U' 'M' 'M' 'U']"
489201,1,159,2,157,39,0,0,"['A' 'M' 'U' 'M' 'M' 'M' 'M' 'M' 'M' 'M' 'U' 'M' 'M' 'M' 'U' 'M' 'M' 'M'
 'M' 'U' 'U' 'M' 'M' 'U' 'M' 'M' 'M' 'M' 'M' 'M' 'U' 'M' 'U' 'M' 'M' 'U'
 'M' 'M' 'M' 'U' 'M' 'U' 'A' 'U' 'M' 'M' 'M' 'M' 'M' 'M' 'M' 'M' 'M' 'M'
 'U' 'M' 'M' 'M' 'M' 'M' 'M' 'M' 'U' 'U' 'M' 'M' 'U' 'U' 'M' 'M' 'M' 'U'
 'M' 'U' 'M' 'M' 'M' 'M' 'M' 'M' 'M' 'M' 'M' 'M' 'M' 'M' 'M' 'M' 'M' 'M'
 'M' 'M' 'M' 'U' 'M' 'M' 'M' 'M' 'M' 'U' 'M' 'M' 'M' 'M' 'M' 'M' 'M' 'M'
 'M' 'M' 'M' 'M' 'M' 'M' 'M' 'M' 'M' 'M' 'M' 'M' 'M' 'M' 'M' 'M' 'M' 'M'
 'M' 'M' 'U' 'M' 'M' 'U' 'U' 'U' 'U' 'U' 'U' 'M' 'M' 'M' 'M' 'M' 'M' 'M'
 'M' 'M' 'M' 'U' 'M' 'M' 'U' 'M' 'M' 'U' 'M' 'M' 'M' 'M' 'M' 'U' 'M' 'M'
 'M' 'M' 'M' 'M' 'M' 'M' 'M' 'M' 'M' 'M' 'M' 'M' 'M' 'U' 'M' 'U' 'M' 'M'
 'M' 'M' 'U' 'U' 'M' 'M' 'M' 'M' 'M' 'M' 'M' 'U' 'U' 'M' 'M' 'M' 'M' 'U']"
489301,0,165,2,163,33,0,0,"['A' 'M' 'M' 'M' 'M' 'M' 'M' 'M' 'M' 'M' 'M' 'M' 'U' 'M' 'U' 'M' 'M' 'M'
 'M' 'U' 'U' 'M' 'M' 'M' 'M' 'M' 'M' 'M' 'M' 'M' 'U' 'M' 'U' 'M' 'M' 'M'
 'M' 'M' 'M' 'U' 'M' 'U' 'A' 'U' 'M' 'M' 'M' 'M' 'M' 'M' 'M' 'M' 'M' 'M'
 'U' 'M' 'M' 'M' 'M' 'M' 'M' 'M' 'U' 'U' 'M' 'M' 'U' 'M' 'M' 'M' 'M' 'M'
 'M' 'M' 'U' 'M' 'M' 'U' 'M' 'M' 'M' 'U' 'M' 'M' 'M' 'M' 'M' 'M' 'M' 'M'
 'U' 'M' 'M' 'M' 'M' 'M' 'M' 'M' 'M' 'M' 'M' 'M' 'M' 'M' 'M' 'M' 'M' 'M'
 'M' 'M' 'M' 'M' 'M' 'M' 'M' 'M' 'M' 'M' 'M' 'M' 'M' 'M' 'M' 'M' 'M' 'M'
 'M' 'M' 'U' 'M' 'M' 'U' 'M' 'U' 'U' 'U' 'U' 'U' 'U' 'M' 'M' 'M' 'M' 'M'
 'M' 'M' 'M' 'M' 'M' 'M' 'M' 'M' 'M' 'U' 'M' 'M' 'M' 'M' 'M' 'U' 'M' 'U'
 'M' 'M' 'M' 'M' 'M' 'M' 'M' 'M' 'M' 'M' 'M' 'M' 'M' 'U' 'M' 'U' 'M' 'M'
 'M' 'M' 'M' 'U' 'M' 'M' 'M' 'M' 'M' 'M' 'M' 'U' 'M' 'U' 'M' 'M' 'M' 'M']"
489401,1,170,3,167,28,0,0,"['A' 'M' 'M' 'M' 'M' 'M' 'M' 'M' 'M' 'M' 'M' 'M' 'U' 'M' 'M' 'M' 'U' 'M'
 'M' 'M' 'M' 'M' 'M' 'M' 'M' 'M' 'M' 'M' 'M' 'M' 'U' 'M' 'U' 'M' 'M' 'M'
 'M' 'U' 'M' 'M' 'M' 'M' 'A' 'U' 'M' 'M' 'M' 'M' 'M' 'M' 'M' 'M' 'M' 'M'
 'M' 'M' 'M' 'M' 'M' 'M' 'M' 'M' 'U' 'M' 'M' 'M' 'U' 'M' 'M' 'M' 'M' 'M'
 'M' 'M' 'M' 'M' 'U' 'M' 'M' 'M' 'M' 'M' 'M' 'M' 'M' 'U' 'M' 'M' 'M' 'U'
 'M' 'U' 'M' 'M' 'M' 'M' 'M' 'M' 'M' 'U' 'M' 'M' 'M' 'M' 'M' 'M' 'M' 'M'
 'M' 'M' 'M' 'M' 'M' 'M' 'M' 'M' 'M' 'M' 'A' 'M' 'M' 'M' 'M' 'M' 'M' 'M'
 'M' 'M' 'U' 'M' 'M' 'M' 'U' 'U' 'U' 'U' 'U' 'U' 'M' 'M' 'M' 'M' 'M' 'M'
 'M' 'M' 'M' 'M' 'M' 'M' 'M' 'M' 'M' 'U' 'M' 'M' 'M' 'M' 'M' 'U' 'M' 'U'
 'M' 'M' 'M' 'M' 'M' 'M' 'U' 'M' 'M' 'M' 'M' 'M' 'M' 'U' 'M' 'M' 'U' 'M'
 'M' 'M' 'M' 'M' 'M' 'M' 'M' 'M' 'M' 'M' 'M' 'U' 'M' 'U' 'M' 'M' 'M' 'M']"
489501,0,166,2,164,32,0,0,"['A' 'M' 'M' 'M' 'M' 'M' 'M' 'M' 'M' 'M' 'M' 'M' 'U' 'M' 'M' 'M' 'M' 'M'
 'M' 'M' 'M' 'M' 'M' 'M' 'M' 'M' 'M' 'M' 'M' 'M' 'U' 'M' 'U' 'M' 'M' 'M'
 'M' 'U' 'M' 'M' 'U' 'M' 'U' 'U' 'M' 'M' 'M' 'M' 'M' 'M' 'M' 'M' 'M' 'M'
 'M' 'M' 'M' 'M' 'M' 'M' 'M' 'M' 'U' 'M' 'M' 'M' 'M' 'M' 'M' 'M' 'M' 'M'
 'U' 'M' 'M' 'M' 'M' 'M' 'U' 'M' 'U' 'M' 'M' 'M' 'M' 'U' 'M' 'M' 'M' 'M'
 'M' 'U' 'M' 'M' 'M' 'M' 'M' 'M' 'U' 'M' 'M' 'U' 'U' 'M' 'M' 'M' 'M' 'M'
 'U' 'M' 'M' 'M' 'U' 'M' 'M' 'M' 'M' 'M' 'A' 'M' 'M' 'U' 'M' 'M' 'M' 'M'
 'M' 'M' 'U' 'M' 'M' 'M' 'U' 'M' 'U' 'M' 'U' 'U' 'U' 'M' 'M' 'M' 'M' 'M'
 'M' 'M' 'M' 'M' 'M' 'M' 'M' 'M' 'M' 'M' 'M' 'M' 'M' 'M' 'M' 'U' 'M' 'U'
 'M' 'U' 'M' 'M' 'M' 'M' 'M' 'M' 'M' 'M' 'M' 'M' 'M' 'M' 'M' 'M' 'U' 'M'
 'M' 'M' 'M' 'M' 'M' 'M' 'M' 'M' 'U' 'M' 'M' 'U' 'M' 'U' 'M' 'M' 'M' 'M']"
489601,0,168,2,166,30,0,0,"['A' 'M' 'M' 'M' 'M' 'M' 'M' 'M' 'M' 'M' 'U' 'M' 'U' 'M' 'M' 'M' 'M' 'M'
 'M' 'M' 'M' 'M' 'M' 'M' 'M' 'M' 'M' 'U' 'M' 'M' 'M' 'M' 'U' 'M' 'M' 'M'
 'M' 'U' 'M' 'M' 'U' 'M' 'U' 'U' 'M' 'M' 'M' 'M' 'M' 'M' 'M' 'M' 'M' 'M'
 'M' 'M' 'M' 'M' 'M' 'M' 'M' 'M' 'U' 'M' 'M' 'M' 'M' 'M' 'U' 'M' 'M' 'U'
 'U' 'M' 'M' 'M' 'M' 'M' 'M' 'U' 'U' 'M' 'M' 'M' 'M' 'M' 'M' 'M' 'M' 'M'
 'M' 'M' 'M' 'M' 'M' 'M' 'M' 'M' 'U' 'M' 'M' 'M' 'U' 'M' 'M' 'M' 'M' 'M'
 'U' 'M' 'M' 'M' 'U' 'M' 'M' 'M' 'M' 'M' 'A' 'M' 'M' 'U' 'M' 'M' 'M' 'M'
 'M' 'M' 'M' 'M' 'M' 'M' 'M' 'M' 'M' 'M' 'U' 'U' 'U' 'U' 'M' 'M' 'M' 'M'
 'M' 'M' 'M' 'M' 'M' 'M' 'M' 'M' 'M' 'M' 'M' 'M' 'M' 'M' 'M' 'U' 'M' 'U'
 'M' 'U' 'M' 'M' 'M' 'M' 'M' 'M' 'M' 'M' 'M' 'M' 'M' 'M' 'M' 'M' 'U' 'M'
 'M' 'M' 'M' 'M' 'M' 'M' 'M' 'M' 'U' 'M' 'M' 'U' 'M' 'M' 'U' 'M' 'M' 'M']"
489701,0,167,2,165,31,0,0,"['A' 'M' 'M' 'M' 'M' 'M' 'M' 'M' 'M' 'M' 'M' 'M' 'U' 'M' 'M' 'M' 'M' 'M'
 'M' 'M' 'M' 'M' 'M' 'M' 'M' 'U' 'M' 'U' 'M' 'U' 'M' 'M' 'U' 'M' 'M' 'M'
 'M' 'U' 'M' 'M' 'U' 'M' 'U' 'U' 'M' 'M' 'M' 'M' 'M' 'M' 'M' 'M' 'M' 'M'
 'M' 'M' 'M' 'M' 'M' 'M' 'M' 'M' 'U' 'M' 'M' 'U' 'M' 'M' 'U' 'M' 'M' 'M'
 'M' 'M' 'M' 'M' 'M' 'M' 'M' 'M' 'M' 'U' 'M' 'M' 'M' 'U' 'M' 'M' 'M' 'M'
 'M' 'U' 'M' 'M' 'M' 'M' 'M' 'M' 'U' 'M' 'M' 'M' 'U' 'M' 'M' 'M' 'M' 'M'
 'U' 'M' 'M' 'M' 'M' 'M' 'M' 'M' 'M' 'M' 'A' 'M' 'M' 'U' 'M' 'M' 'M' 'M'
 'M' 'M' 'M' 'M' 'U' 'M' 'U' 'M' 'M' 'M' 'U' 'U' 'M' 'U' 'M' 'M' 'M' 'M'
 'M' 'M' 'M' 'M' 'M' 'M' 'M' 'M' 'M' 'M' 'M' 'M' 'M' 'M' 'M' 'U' 'M' 'U'
 'M' 'U' 'M' 'M' 'U' 'M' 'M' 'U' 'M' 'M' 'M' 'M' 'M' 'M' 'M' 'M' 'M' 'M'
 'M' 'M' 'M' 'M' 'M' 'M' 'M' 'M' 'M' 'M' 'M' 'M' 'U' 'M' 'U' 'M' 'M' 'M']"
489801,0,170,2,168,28,0,0,"['A' 'M' 'M' 'M' 'M' 'M' 'M' 'M' 'M' 'M' 'M' 'M' 'M' 'M' 'M' 'M' 'M' 'M'
 'M' 'M' 'M' 'M' 'M' 'M' 'M' 'U' 'M' 'U' 'M' 'M' 'M' 'M' 'M' 'U' 'M' 'M'
 'M' 'M' 'U' 'M' 'U' 'M' 'U' 'U' 'M' 'M' 'M' 'M' 'M' 'M' 'M' 'M' 'M' 'M'
 'M' 'M' 'M' 'M' 'U' 'M' 'M' 'M' 'M' 'M' 'M' 'M' 'U' 'U' 'M' 'M' 'M' 'M'
 'M' 'M' 'M' 'M' 'M' 'M' 'M' 'M' 'M' 'U' 'M' 'M' 'M' 'M' 'M' 'M' 'U' 'M'
 'M' 'M' 'M' 'U' 'M' 'U' 'M' 'M' 'U' 'M' 'M' 'M' 'U' 'M' 'M' 'M' 'M' 'M'
 'U' 'M' 'M' 'U' 'M' 'M' 'M' 'M' 'M' 'M' 'A' 'M' 'M' 'U' 'M' 'M' 'M' 'M'
 'M' 'M' 'M' 'M' 'M' 'M' 'U' 'M' 'M' 'M' 'M' 'M' 'M' 'U' 'M' 'M' 'M' 'M'
 'M' 'M' 'M' 'M' 'U' 'M' 'M' 'M' 'M' 'M' 'M' 'M' 'M' 'M' 'M' 'M' 'M' 'U'
 'M' 'U' 'M' 'M' 'U' 'M' 'M' 'U' 'M' 'M' 'M' 'M' 'M' 'M' 'M' 'M' 'M' 'M'
 'M' 'M' 'M' 'M' 'M' 'M' 'M' 'M' 'M' 'M' 'M' 'M' 'U' 'M' 'U' 'M' 'M' 'M']"
489901,0,166,1,165,32,0,0,"['A' 'M' 'M' 'M' 'M' 'M' 'M' 'M' 'M' 'M' 'M' 'U' 'M' 'M' 'M' 'M' 'M' 'M'
 'M' 'M' 'M' 'M' 'M' 'M' 'M' 'U' 'M' 'U' 'M' 'M' 'U' 'M' 'M' 'U' 'M' 'M'
 'M' 'M' 'U' 'U' 'U' 'M' 'U' 'U' 'M' 'M' 'M' 'M' 'M' 'M' 'M' 'M' 'M' 'M'
 'M' 'M' 'M' 'M' 'U' 'M' 'M' 'M' 'M' 'M' 'M' 'M' 'M' 'M' 'M' 'U' 'U' 'M'
 'U' 'M' 'U' 'M' 'M' 'M' 'M' 'U' 'M' 'M' 'M' 'M' 'M' 'M' 'M' 'M' 'M' 'M'
 'M' 'M' 'M' 'M' 'M' 'M' 'M' 'M' 'U' 'M' 'U' 'M' 'M' 'M' 'M' 'M' 'M' 'U'
 'M' 'M' 'M' 'U' 'M' 'M' 'M' 'M' 'M' 'M' 'U' 'M' 'M' 'M' 'M' 'M' 'M' 'M'
 'M' 'M' 'M' 'M' 'U' 'M' 'U' 'M' 'M' 'M' 'M' 'M' 'M' 'U' 'M' 'M' 'M' 'M'
 'M' 'M' 'M' 'M' 'M' 'M' 'M' 'M' 'M' 'M' 'M' 'M' 'M' 'M' 'M' 'M' 'M' 'U'
 'M' 'U' 'M' 'M' 'U' 'M' 'M' 'U' 'M' 'M' 'M' 'M' 'M' 'M' 'M' 'M' 'M' 'M'
 'M' 'M' 'U' 'M' 'M' 'M' 'M' 'M' 'M' 'M' 'U' 'M' 'U' 'M' 'U' 'M' 'M' 'M']"
490001,0,167,3,164,31,0,0,"['A' 'M' 'U' 'M' 'M' 'M' 'M' 'M' 'M' 'M' 'M' 'U' 'M' 'M' 'M' 'M' 'M' 'M'
 'M' 'M' 'M' 'M' 'M' 'M' 'M' 'U' 'U' 'U' 'M' 'M' 'U' 'M' 'M' 'U' 'M' 'U'
 'M' 'M' 'M' 'U' 'U' 'M' 'M' 'A' 'M' 'M' 'M' 'M' 'M' 'M' 'M' 'M' 'M' 'M'
 'M' 'M' 'M' 'M' 'U' 'M' 'M' 'M' 'M' 'M' 'M' 'M' 'M' 'U' 'M' 'M' 'M' 'M'
 'M' 'M' 'M' 'M' 'M' 'M' 'U' 'M' 'M' 'M' 'M' 'M' 'U' 'M' 'M' 'M' 'U' 'M'
 'U' 'M' 'M' 'M' 'M' 'M' 'M' 'M' 'U' 'M' 'U' 'M' 'M' 'M' 'M' 'M' 'M' 'U'
 'M' 'M' 'M' 'A' 'M' 'M' 'M' 'M' 'M' 'M' 'U' 'M' 'M' 'M' 'M' 'M' 'M' 'M'
 'M' 'M' 'M' 'M' 'U' 'M' 'M' 'M' 'M' 'M' 'M' 'M' 'M' 'U' 'U' 'M' 'U' 'M'
 'M' 'M' 'M' 'M' 'M' 'M' 'M' 'M' 'M' 'M' 'M' 'M' 'M' 'M' 'M' 'M' 'M' 'U'
 'M' 'M' 'M' 'M' 'U' 'M' 'M' 'U' 'M' 'M' 'M' 'M' 'M' 'M' 'M' 'M' 'M' 'M'
 'M' 'U' 'U' 'M' 'M' 'M' 'M' 'M' 'M' 'M' 'M' 'M' 'U' 'M' 'U' 'M' 'M' 'M']"
490101,0,167,3,164,31,0,0,"['A' 'M' 'U' 'M' 'M' 'M' 'M' 'U' 'M' 'M' 'M' 'M' 'U' 'M' 'M' 'M' 'M' 'M'
 'M' 'M' 'M' 'M' 'M' 'M' 'M' 'U' 'A' 'U' 'M' 'M' 'U' 'M' 'M' 'U' 'M' 'M'
 'M' 'M' 'U' 'U' 'U' 'M' 'M' 'U' 'M' 'M' 'M' 'M' 'M' 'M' 'M' 'M' 'M' 'M'
 'M' 'M' 'M' 'M' 'M' 'M' 'M' 'M' 'M' 'M' 'M' 'M' 'U' 'M' 'M' 'M' 'M' 'U'
 'M' 'U' 'M' 'U' 'M' 'M' 'M' 'M' 'M' 'M' 'M' 'M' 'M' 'M' 'M' 'M' 'M' 'M'
 'U' 'M' 'M' 'M' 'M' 'M' 'M' 'M' 'M' 'M' 'M' 'M' 'M' 'M' 'M' 'M' 'M' 'M'
 'M' 'M' 'M' 'A' 'M' 'M' 'M' 'M' 'U' 'M' 'U' 'M' 'M' 'M' 'M' 'M' 'M' 'M'
 'M' 'M' 'M' 'M' 'U' 'U' 'M' 'M' 'M' 'M' 'M' 'M' 'U' 'U' 'U' 'M' 'U' 'M'
 'M' 'U' 'M' 'M' 'M' 'M' 'M' 'M' 'M' 'M' 'M' 'M' 'M' 'M' 'M' 'M' 'M' 'U'
 'M' 'M' 'M' 'M' 'M' 'M' 'M' 'U' 'M' 'M' 'M' 'M' 'M' 'M' 'M' 'M' 'M' 'M'
 'M' 'U' 'U' 'M' 'M' 'M' 'M' 'M' 'M' 'M' 'M' 'M' 'U' 'M' 'U' 'M' 'M' 'M']"
490201,0,163,3,160,35,0,0,"['A' 'M' 'M' 'M' 'M' 'M' 'M' 'U' 'M' 'M' 'M' 'M' 'M' 'M' 'M' 'M' 'M' 'M'
 'M' 'M' 'M' 'M' 'M' 'M' 'U' 'U' 'A' 'U' 'M' 'M' 'U' 'M' 'M' 'U' 'U' 'M'
 'M' 'M' 'M' 'U' 'U' 'M' 'U' 'M' 'M' 'M' 'M' 'M' 'M' 'M' 'M' 'M' 'M' 'M'
 'M' 'M' 'M' 'M' 'M' 'M' 'M' 'M' 'M' 'M' 'M' 'U' 'U' 'M' 'M' 'M' 'M' 'M'
 'M' 'M' 'M' 'M' 'M' 'M' 'M' 'M' 'M' 'M' 'M' 'M' 'U' 'U' 'U' 'M' 'M' 'M'
 'M' 'M' 'M' 'M' 'M' 'M' 'M' 'M' 'M' 'M' 'M' 'U' 'U' 'M' 'M' 'M' 'U' 'M'
 'M' 'M' 'M' 'A' 'M' 'M' 'M' 'M' 'M' 'M' 'U' 'M' 'M' 'M' 'M' 'U' 'M' 'M'
 'M' 'U' 'M' 'U' 'U' 'U' 'M' 'M' 'M' 'M' 'M' 'M' 'U' 'U' 'U' 'M' 'U' 'M'
 'M' 'U' 'M' 'U' 'M' 'M' 'M' 'M' 'M' 'M' 'M' 'M' 'M' 'M' 'M' 'M' 'M' 'M'
 'M' 'M' 'M' 'M' 'M' 'M' 'M' 'U' 'M' 'M' 'M' 'M' 'M' 'M' 'U' 'M' 'M' 'M'
 'M' 'U' 'M' 'M' 'M' 'M' 'M' 'M' 'M' 'M' 'M' 'M' 'U' 'M' 'U' 'M' 'M' 'M']"
490301,0,159,6,153,39,0,0,"['A' 'M' 'M' 'M' 'M' 'M' 'M' 'U' 'M' 'M' 'M' 'M' 'U' 'M' 'M' 'M' 'M' 'U'
 'M' 'M' 'M' 'M' 'U' 'M' 'U' 'U' 'A' 'U' 'M' 'M' 'U' 'M' 'M' 'U' 'A' 'M'
 'M' 'M' 'M' 'U' 'U' 'M' 'M' 'M' 'M' 'M' 'M' 'M' 'M' 'M' 'M' 'M' 'M' 'M'
 'M' 'M' 'M' 'M' 'M' 'M' 'M' 'M' 'M' 'M' 'M' 'M' 'M' 'M' 'U' 'M' 'U' 'M'
 'M' 'U' 'M' 'M' 'M' 'M' 'M' 'M' 'U' 'M' 'M' 'M' 'U' 'M' 'M' 'M' 'M' 'M'
 'M' 'M' 'M' 'M' 'M' 'U' 'M' 'U' 'M' 'M' 'M' 'M' 'U' 'M' 'U' 'M' 'U' 'M'
 'M' 'M' 'M' 'A' 'M' 'M' 'M' 'M' 'M' 'M' 'U' 'M' 'M' 'M' 'M' 'M' 'M' 'M'
 'M' 'U' 'M' 'A' 'M' 'M' 'U' 'U' 'M' 'U' 'U' 'U' 'U' 'U' 'U' 'M' 'A' 'U'
 'M' 'M' 'M' 'U' 'M' 'M' 'M' 'M' 'M' 'M' 'M' 'U' 'M' 'M' 'M' 'M' 'M' 'M'
 'M' 'M' 'M' 'M' 'M' 'M' 'M' 'U' 'M' 'M' 'M' 'M' 'M' 'M' 'U' 'M' 'M' 'M'
 'M' 'U' 'M' 'M' 'M' 'M' 'M' 'M' 'M' 'M' 'M' 'M' 'U' 'M' 'U' 'M' 'M' 'M']"
490401,0,157,6,151,41,0,0,"['A' 'M' 'M' 'M' 'M' 'M' 'M' 'U' 'M' 'M' 'M' 'M' 'U' 'M' 'M' 'M' 'M' 'U'
 'M' 'M' 'M' 'M' 'U' 'M' 'M' 'M' 'A' 'M' 'M' 'M' 'M' 'M' 'U' 'U' 'A' 'M'
 'M' 'M' 'U' 'U' 'U' 'M' 'M' 'M' 'M' 'M' 'M' 'M' 'M' 'M' 'M' 'M' 'M' 'M'
 'M' 'M' 'M' 'M' 'M' 'M' 'M' 'M' 'M' 'U' 'M' 'M' 'M' 'U' 'M' 'M' 'M' 'M'
 'M' 'M' 'M' 'U' 'M' 'M' 'M' 'M' 'M' 'M' 'M' 'U' 'M' 'M' 'M' 'M' 'M' 'U'
 'U' 'M' 'M' 'M' 'M' 'U' 'M' 'U' 'M' 'M' 'M' 'M' 'U' 'M' 'U' 'M' 'U' 'M'
 'M' 'M' 'M' 'A' 'M' 'M' 'M' 'U' 'M' 'M' 'U' 'M' 'M' 'M' 'M' 'M' 'M' 'M'
 'M' 'U' 'M' 'A' 'U' 'M' 'U' 'M' 'U' 'U' 'U' 'U' 'U' 'U' 'U' 'M' 'A' 'U'
 'M' 'M' 'M' 'U' 'M' 'M' 'M' 'M' 'M' 'M' 'M' 'U' 'M' 'M' 'M' 'M' 'M' 'M'
 'M' 'M' 'M' 'M' 'M' 'M' 'M' 'U' 'M' 'M' 'M' 'M' 'M' 'M' 'U' 'M' 'M' 'M'
 'M' 'U' 'M' 'M' 'U' 'M' 'M' 'M' 'U' 'M' 'M' 'M' 'M' 'M' 'U' 'M' 'M' 'M']"
490501,0,163,6,157,35,0,0,"['A' 'M' 'M' 'M' 'M' 'M' 'M' 'U' 'M' 'M' 'M' 'M' 'M' 'M' 'M' 'M' 'U' 'U'
 'M' 'M' 'M' 'M' 'U' 'M' 'M' 'M' 'A' 'M' 'M' 'M' 'M' 'M' 'U' 'U' 'A' 'M'
 'M' 'M' 'U' 'U' 'M' 'M' 'M' 'M' 'M' 'M' 'M' 'U' 'M' 'M' 'M' 'M' 'M' 'M'
 'M' 'M' 'M' 'M' 'M' 'M' 'M' 'M' 'M' 'M' 'M' 'M' 'M' 'M' 'U' 'M' 'M' 'M'
 'M' 'M' 'M' 'M' 'U' 'M' 'M' 'M' 'M' 'M' 'M' 'M' 'M' 'M' 'M' 'M' 'M' 'U'
 'M' 'M' 'U' 'M' 'U' 'U' 'M' 'U' 'M' 'M' 'M' 'M' 'U' 'M' 'U' 'M' 'M' 'M'
 'M' 'M' 'M' 'A' 'M' 'M' 'M' 'U' 'M' 'M' 'U' 'M' 'M' 'M' 'M' 'M' 'M' 'M'
 'M' 'U' 'M' 'A' 'M' 'M' 'U' 'M' 'M' 'M' 'U' 'U' 'U' 'U' 'U' 'M' 'A' 'U'
 'M' 'M' 'M' 'U' 'M' 'M' 'M' 'M' 'M' 'M' 'M' 'M' 'M' 'M' 'M' 'M' 'M' 'M'
 'M' 'M' 'M' 'M' 'M' 'M' 'M' 'U' 'M' 'M' 'M' 'M' 'M' 'M' 'M' 'M' 'M' 'M'
 'M' 'U' 'M' 'M' 'U' 'M' 'M' 'M' 'U' 'M' 'U' 'M' 'M' 'M' 'U' 'M' 'M' 'M']"
490601,0,154,4,150,44,0,0,"['A' 'M' 'M' 'M' 'M' 'M' 'M' 'U' 'M' 'M' 'M' 'M' 'M' 'U' 'M' 'M' 'U' 'U'
 'M' 'M' 'M' 'M' 'U' 'M' 'M' 'M' 'M' 'U' 'M' 'M' 'M' 'M' 'U' 'M' 'A' 'U'
 'M' 'M' 'M' 'U' 'M' 'M' 'M' 'M' 'M' 'M' 'U' 'U' 'M' 'M' 'M' 'M' 'M' 'M'
 'M' 'M' 'M' 'M' 'M' 'M' 'M' 'M' 'M' 'M' 'M' 'M' 'M' 'M' 'M' 'M' 'M' 'U'
 'M' 'M' 'M' 'M' 'M' 'M' 'U' 'U' 'M' 'U' 'M' 'M' 'M' 'M' 'M' 'U' 'M' 'M'
 'M' 'M' 'M' 'M' 'M' 'U' 'M' 'U' 'M' 'U' 'M' 'M' 'M' 'M' 'U' 'M' 'M' 'M'
 'M' 'M' 'M' 'U' 'M' 'M' 'M' 'U' 'M' 'M' 'U' 'M' 'U' 'M' 'M' 'M' 'M' 'M'
 'M' 'M' 'M' 'A' 'M' 'M' 'U' 'U' 'U' 'U' 'U' 'U' 'U' 'M' 'U' 'U' 'A' 'U'
 'M' 'M' 'M' 'U' 'M' 'M' 'M' 'M' 'U' 'M' 'M' 'M' 'M' 'M' 'M' 'M' 'M' 'U'
 'M' 'M' 'M' 'M' 'U' 'M' 'M' 'M' 'M' 'M' 'M' 'M' 'M' 'M' 'M' 'M' 'M' 'M'
 'M' 'U' 'M' 'M' 'U' 'M' 'M' 'M' 'U' 'U' 'U' 'M' 'M' 'M' 'U' 'M' 'M' 'M']"
490701,0,158,5,153,40,0,0,"['A' 'M' 'M' 'M' 'M' 'M' 'M' 'M' 'M' 'M' 'M' 'M' 'M' 'M' 'M' 'M' 'A' 'U'
 'M' 'M' 'M' 'M' 'U' 'M' 'M' 'M' 'M' 'U' 'M' 'M' 'M' 'M' 'M' 'M' 'A' 'M'
 'M' 'M' 'U' 'U' 'M' 'M' 'M' 'M' 'M' 'M' 'U' 'U' 'M' 'M' 'U' 'M' 'M' 'M'
 'M' 'M' 'M' 'U' 'M' 'M' 'M' 'M' 'M' 'M' 'M' 'M' 'M' 'M' 'M' 'M' 'M' 'M'
 'M' 'M' 'M' 'U' 'M' 'M' 'M' 'U' 'M' 'M' 'M' 'M' 'M' 'M' 'M' 'M' 'M' 'M'
 'U' 'U' 'U' 'M' 'M' 'U' 'U' 'U' 'M' 'U' 'M' 'M' 'M' 'U' 'U' 'M' 'M' 'U'
 'M' 'M' 'M' 'U' 'M' 'M' 'M' 'U' 'M' 'M' 'M' 'M' 'U' 'M' 'M' 'M' 'M' 'M'
 'M' 'M' 'M' 'A' 'M' 'M' 'U' 'U' 'U' 'M' 'U' 'U' 'M' 'M' 'U' 'U' 'A' 'M'
 'M' 'M' 'M' 'U' 'M' 'M' 'M' 'M' 'U' 'M' 'M' 'M' 'M' 'M' 'M' 'M' 'M' 'U'
 'M' 'M' 'M' 'M' 'M' 'M' 'M' 'M' 'M' 'M' 'M' 'M' 'M' 'U' 'M' 'M' 'M' 'M'
 'M' 'U' 'M' 'M' 'M' 'M' 'M' 'M' 'U' 'U' 'U' 'M' 'M' 'M' 'U' 'M' 'M' 'M']"
490801,0,163,4,159,35,0,0,"['A' 'M' 'M' 'M' 'M' 'M' 'M' 'M' 'M' 'M' 'M' 'M' 'M' 'M' 'M' 'M' 'A' 'U'
 'M' 'U' 'M' 'M' 'M' 'M' 'M' 'M' 'M' 'U' 'M' 'M' 'M' 'U' 'M' 'M' 'U' 'M'
 'M' 'M' 'U' 'U' 'M' 'M' 'M' 'M' 'M' 'M' 'U' 'M' 'M' 'M' 'U' 'M' 'M' 'M'
 'M' 'M' 'M' 'M' 'M' 'M' 'M' 'M' 'M' 'M' 'M' 'U' 'U' 'U' 'M' 'M' 'M' 'M'
 'M' 'M' 'M' 'M' 'M' 'U' 'M' 'M' 'M' 'M' 'M' 'M' 'U' 'M' 'M' 'M' 'M' 'M'
 'M' 'M' 'M' 'M' 'M' 'U' 'U' 'U' 'M' 'M' 'M' 'M' 'M' 'U' 'M' 'M' 'M' 'M'
 'M' 'M' 'M' 'U' 'M' 'M' 'M' 'M' 'M' 'M' 'M' 'M' 'U' 'M' 'M' 'M' 'M' 'M'
 'M' 'M' 'U' 'A' 'M' 'M' 'U' 'M' 'M' 'M' 'U' 'U' 'M' 'M' 'U' 'U' 'A' 'M'
 'M' 'M' 'M' 'U' 'M' 'M' 'M' 'M' 'U' 'M' 'M' 'M' 'M' 'M' 'M' 'M' 'M' 'U'
 'M' 'M' 'M' 'M' 'M' 'M' 'M' 'M' 'M' 'M' 'M' 'M' 'M' 'U' 'M' 'M' 'M' 'U'
 'M' 'U' 'M' 'M' 'M' 'M' 'M' 'M' 'U' 'M' 'U' 'M' 'M' 'M' 'U' 'M' 'M' 'M']"
490901,0,167,5,162,31,0,0,"['A' 'M' 'M' 'U' 'M' 'M' 'M' 'M' 'M' 'M' 'M' 'M' 'M' 'M' 'M' 'U' 'A' 'U'
 'M' 'U' 'M' 'M' 'M' 'M' 'M' 'M' 'M' 'M' 'M' 'M' 'M' 'U' 'M' 'M' 'M' 'M'
 'M' 'M' 'M' 'M' 'M' 'M' 'M' 'M' 'M' 'M' 'U' 'M' 'M' 'M' 'M' 'M' 'M' 'M'
 'M' 'M' 'M' 'M' 'U' 'M' 'U' 'M' 'M' 'U' 'M' 'M' 'M' 'M' 'M' 'M' 'M' 'M'
 'M' 'M' 'M' 'U' 'U' 'M' 'M' 'M' 'M' 'M' 'M' 'M' 'M' 'M' 'M' 'U' 'U' 'M'
 'U' 'M' 'M' 'M' 'M' 'M' 'U' 'U' 'M' 'M' 'M' 'M' 'M' 'U' 'M' 'M' 'M' 'M'
 'M' 'M' 'M' 'U' 'M' 'M' 'M' 'M' 'M' 'M' 'M' 'M' 'U' 'M' 'M' 'M' 'M' 'U'
 'M' 'M' 'M' 'A' 'M' 'M' 'U' 'M' 'M' 'M' 'M' 'M' 'M' 'M' 'U' 'U' 'A' 'M'
 'M' 'M' 'M' 'U' 'M' 'M' 'M' 'M' 'M' 'M' 'M' 'M' 'M' 'M' 'M' 'M' 'M' 'A'
 'M' 'M' 'M' 'M' 'M' 'M' 'M' 'U' 'M' 'M' 'M' 'M' 'M' 'U' 'M' 'M' 'M' 'U'
 'M' 'U' 'M' 'M' 'M' 'M' 'U' 'M' 'M' 'M' 'M' 'U' 'M' 'M' 'U' 'M' 'M' 'M']"
491001,0,169,6,163,29,0,0,"['A' 'M' 'M' 'U' 'M' 'M' 'M' 'M' 'M' 'M' 'M' 'M' 'M' 'M' 'M' 'U' 'U' 'U'
 'M' 'U' 'M' 'M' 'M' 'U' 'M' 'M' 'M' 'M' 'M' 'M' 'M' 'M' 'M' 'M' 'M' 'M'
 'M' 'M' 'M' 'M' 'M' 'M' 'M' 'M' 'M' 'M' 'U' 'M' 'M' 'M' 'M' 'M' 'M' 'M'
 'M' 'M' 'M' 'M' 'U' 'M' 'M' 'A' 'M' 'U' 'M' 'M' 'M' 'M' 'U' 'U' 'M' 'M'
 'M' 'M' 'M' 'U' 'M' 'M' 'U' 'M' 'M' 'M' 'M' 'M' 'M' 'M' 'U' 'M' 'M' 'M'
 'M' 'M' 'M' 'M' 'M' 'M' 'U' 'U' 'M' 'M' 'U' 'M' 'M' 'U' 'M' 'M' 'M' 'M'
 'M' 'M' 'M' 'A' 'M' 'U' 'M' 'M' 'U' 'M' 'M' 'M' 'M' 'M' 'M' 'M' 'M' 'U'
 'M' 'M' 'M' 'U' 'M' 'M' 'M' 'M' 'M' 'M' 'U' 'M' 'M' 'M' 'M' 'U' 'A' 'M'
 'M' 'M' 'M' 'U' 'M' 'M' 'M' 'M' 'M' 'M' 'M' 'M' 'M' 'M' 'M' 'M' 'M' 'A'
 'M' 'M' 'M' 'M' 'M' 'M' 'M' 'A' 'M' 'M' 'M' 'M' 'M' 'U' 'M' 'M' 'M' 'M'
 'M' 'M' 'M' 'M' 'M' 'M' 'U' 'M' 'M' 'M' 'M' 'U' 'M' 'M' 'U' 'M' 'M' 'M']"
491101,0,166,7,159,32,0,0,"['A' 'M' 'M' 'U' 'M' 'M' 'M' 'U' 'M' 'M' 'M' 'M' 'M' 'M' 'M' 'U' 'U' 'U'
 'M' 'U' 'M' 'M' 'M' 'U' 'M' 'M' 'M' 'M' 'M' 'M' 'M' 'M' 'M' 'U' 'M' 'M'
 'M' 'M' 'M' 'M' 'M' 'M' 'M' 'M' 'M' 'M' 'U' 'M' 'M' 'M' 'M' 'M' 'M' 'M'
 'M' 'M' 'M' 'M' 'U' 'M' 'M' 'A' 'M' 'U' 'M' 'U' 'M' 'M' 'M' 'U' 'M' 'M'
 'M' 'M' 'M' 'M' 'M' 'M' 'M' 'M' 'U' 'M' 'M' 'M' 'M' 'M' 'M' 'M' 'M' 'U'
 'M' 'M' 'M' 'U' 'M' 'M' 'U' 'U' 'M' 'M' 'M' 'M' 'M' 'U' 'M' 'M' 'M' 'M'
 'M' 'M' 'M' 'A' 'M' 'U' 'U' 'U' 'U' 'M' 'M' 'M' 'M' 'M' 'U' 'M' 'M' 'U'
 'M' 'M' 'M' 'A' 'M' 'M' 'M' 'M' 'M' 'M' 'U' 'U' 'M' 'U' 'M' 'U' 'A' 'M'
 'M' 'M' 'M' 'M' 'M' 'M' 'M' 'M' 'M' 'M' 'M' 'M' 'M' 'M' 'M' 'M' 'M' 'A'
 'M' 'M' 'M' 'M' 'M' 'M' 'M' 'A' 'M' 'M' 'M' 'M' 'M' 'U' 'M' 'M' 'M' 'M'
 'M' 'M' 'M' 'M' 'M' 'M' 'M' 'M' 'M' 'M' 'M' 'U' 'M' 'M' 'U' 'M' 'M' 'M']"
491201,0,163,8,155,35,0,0,"['A' 'M' 'M' 'M' 'M' 'M' 'M' 'A' 'M' 'M' 'M' 'M' 'M' 'M' 'M' 'U' 'U' 'U'
 'M' 'U' 'M' 'M' 'M' 'M' 'M' 'M' 'M' 'M' 'M' 'M' 'M' 'M' 'M' 'U' 'M' 'M'
 'M' 'M' 'M' 'M' 'M' 'M' 'M' 'M' 'M' 'M' 'U' 'M' 'M' 'M' 'M' 'M' 'M' 'M'
 'M' 'M' 'M' 'M' 'A' 'M' 'M' 'A' 'M' 'M' 'M' 'M' 'M' 'M' 'U' 'M' 'M' 'M'
 'M' 'M' 'U' 'U' 'M' 'M' 'M' 'M' 'M' 'M' 'M' 'M' 'M' 'U' 'U' 'M' 'M' 'M'
 'M' 'M' 'M' 'M' 'M' 'M' 'U' 'U' 'M' 'M' 'M' 'M' 'M' 'U' 'M' 'M' 'M' 'M'
 'M' 'M' 'U' 'A' 'U' 'U' 'M' 'M' 'U' 'M' 'M' 'M' 'M' 'M' 'M' 'M' 'M' 'M'
 'M' 'U' 'M' 'A' 'M' 'M' 'M' 'U' 'U' 'U' 'U' 'U' 'U' 'U' 'M' 'M' 'A' 'M'
 'U' 'M' 'M' 'U' 'M' 'M' 'M' 'M' 'M' 'M' 'M' 'M' 'M' 'M' 'M' 'M' 'M' 'A'
 'M' 'U' 'M' 'M' 'M' 'M' 'U' 'M' 'M' 'M' 'M' 'U' 'M' 'U' 'M' 'M' 'U' 'M'
 'M' 'M' 'M' 'M' 'M' 'M' 'M' 'M' 'M' 'M' 'M' 'U' 'M' 'M' 'U' 'M' 'M' 'M']"
491301,0,157,5,152,41,0,0,"['A' 'U' 'M' 'M' 'M' 'M' 'M' 'U' 'M' 'M' 'M' 'M' 'U' 'M' 'M' 'U' 'U' 'U'
 'M' 'U' 'M' 'M' 'M' 'M' 'M' 'M' 'M' 'M' 'M' 'M' 'M' 'M' 'M' 'U' 'M' 'M'
 'M' 'U' 'M' 'U' 'M' 'M' 'M' 'M' 'M' 'M' 'U' 'M' 'M' 'M' 'M' 'U' 'M' 'M'
 'M' 'M' 'M' 'M' 'M' 'M' 'M' 'U' 'M' 'M' 'M' 'M' 'M' 'M' 'M' 'U' 'M' 'M'
 'M' 'M' 'M' 'M' 'U' 'M' 'M' 'U' 'M' 'M' 'M' 'M' 'M' 'M' 'M' 'M' 'M' 'M'
 'M' 'U' 'M' 'M' 'U' 'M' 'U' 'M' 'M' 'M' 'M' 'M' 'U' 'U' 'M' 'M' 'M' 'M'
 'M' 'M' 'U' 'A' 'U' 'U' 'M' 'M' 'U' 'M' 'M' 'M' 'M' 'M' 'M' 'M' 'M' 'M'
 'M' 'M' 'M' 'A' 'M' 'M' 'U' 'U' 'U' 'U' 'U' 'M' 'U' 'M' 'M' 'M' 'A' 'M'
 'U' 'M' 'M' 'U' 'M' 'M' 'M' 'M' 'M' 'M' 'M' 'M' 'M' 'M' 'M' 'M' 'M' 'U'
 'M' 'U' 'M' 'M' 'M' 'M' 'U' 'M' 'M' 'M' 'M' 'U' 'M' 'M' 'M' 'M' 'U' 'U'
 'M' 'M' 'M' 'M' 'M' 'M' 'M' 'M' 'U' 'M' 'M' 'A' 'M' 'M' 'U' 'M' 'M' 'M']"
491401,0,162,5,157,36,0,0,"['A' 'M' 'M' 'M' 'M' 'M' 'M' 'U' 'M' 'M' 'M' 'M' 'U' 'M' 'M' 'U' 'U' 'U'
 'M' 'U' 'M' 'M' 'M' 'M' 'M' 'M' 'M' 'M' 'M' 'M' 'M' 'M' 'M' 'A' 'M' 'M'
 'M' 'M' 'M' 'M' 'M' 'M' 'M' 'M' 'M' 'M' 'M' 'M' 'M' 'M' 'M' 'M' 'M' 'M'
 'M' 'M' 'M' 'M' 'M' 'M' 'M' 'U' 'M' 'M' 'M' 'M' 'M' 'M' 'U' 'M' 'M' 'M'
 'M' 'M' 'M' 'U' 'M' 'M' 'M' 'U' 'M' 'M' 'M' 'M' 'M' 'M' 'M' 'U' 'M' 'M'
 'M' 'M' 'M' 'U' 'M' 'M' 'U' 'M' 'M' 'M' 'M' 'M' 'U' 'U' 'M' 'M' 'M' 'M'
 'M' 'M' 'U' 'A' 'M' 'U' 'M' 'M' 'M' 'M' 'M' 'U' 'M' 'M' 'M' 'M' 'M' 'M'
 'M' 'M' 'M' 'U' 'M' 'U' 'U' 'U' 'U' 'U' 'U' 'U' 'U' 'M' 'M' 'M' 'A' 'U'
 'U' 'M' 'M' 'U' 'M' 'M' 'M' 'M' 'M' 'M' 'M' 'M' 'M' 'M' 'M' 'M' 'M' 'U'
 'M' 'U' 'M' 'M' 'M' 'M' 'M' 'M' 'M' 'M' 'M' 'M' 'M' 'M' 'M' 'M' 'M' 'U'
 'M' 'M' 'U' 'M' 'M' 'M' 'M' 'M' 'M' 'M' 'U' 'A' 'M' 'M' 'U' 'M' 'M' 'M']"
491501,0,162,5,157,36,1,0,"['A' 'M' 'M' 'M' 'M' 'M' 'M' 'U' 'M' 'M' 'M' 'M' 'U' 'M' 'M' 'U' 'U' 'M'
 'M' 'U' 'M' 'M' 'M' 'M' 'M' 'U' 'M' 'M' 'M' 'M' 'M' 'M' 'M' 'A' 'M' 'M'
 'M' 'M' 'M' 'M' 'M' 'M' 'M' 'M' 'M' 'M' 'M' 'M' 'M' 'M' 'M' 'M' 'M' 'M'
 'M' 'M' 'M' 'M' 'M' 'M' 'M' 'U' 'M' 'M' 'U' 'M' 'M' 'U' 'M' 'U' 'M' 'M'
 'M' 'M' 'M' 'M' 'U' 'M' 'M' 'M' 'U' 'M' 'M' 'M' 'M' 'M' 'M' 'M' 'U' 'M'
 'M' 'M' 'M' 'M' 'M' 'M' 'U' 'M' 'M' 'M' 'M' 'M' 'M' 'U' 'M' 'M' 'M' 'M'
 'M' 'M' 'U' 'A' 'M' 'M' 'M' 'M' 'M' 'U' 'M' 'U' 'M' 'M' 'M' 'M' 'M' 'M'
 'U' 'M' 'M' 'U' 'M' 'U' 'U' 'U' 'U' 'U' 'U' 'U' 'U' 'M' 'M' 'M' 'A' 'U'
 'U' 'M' 'M' 'U' 'M' 'M' 'M' 'M' 'M' 'M' 'M' 'M' 'M' 'M' 'M' 'M' 'M' 'U'
 'M' 'M' 'M' 'M' 'U' 'M' 'M' 'M' 'M' 'U' 'M' 'M' 'M' 'M' 'M' 'M' 'M' 'U'
 'M' 'M' 'M' 'M' 'M' 'M' 'M' 'M' 'M' 'M' 'M' 'A' 'M' 'M' 'U' 'M' 'M' 'M']"
491601,0,160,4,156,38,0,1,"['A' 'M' 'M' 'M' 'M' 'M' 'M' 'A' 'M' 'U' 'M' 'M' 'U' 'M' 'M' 'U' 'U' 'M'
 'M' 'M' 'M' 'M' 'M' 'U' 'M' 'U' 'M' 'M' 'M' 'M' 'M' 'M' 'M' 'A' 'M' 'M'
 'M' 'M' 'M' 'M' 'M' 'M' 'M' 'M' 'M' 'M' 'M' 'M' 'M' 'M' 'M' 'M' 'M' 'M'
 'M' 'M' 'M' 'M' 'M' 'M' 'M' 'U' 'M' 'M' 'U' 'M' 'U' 'U' 'M' 'M' 'M' 'M'
 'M' 'U' 'M' 'M' 'M' 'M' 'M' 'M' 'M' 'M' 'M' 'M' 'M' 'M' 'M' 'M' 'U' 'U'
 'M' 'M' 'M' 'M' 'M' 'M' 'U' 'U' 'M' 'M' 'M' 'M' 'M' 'U' 'M' 'M' 'M' 'M'
 'M' 'M' 'U' 'U' 'M' 'M' 'M' 'U' 'M' 'M' 'M' 'U' 'M' 'M' 'M' 'M' 'M' 'M'
 'A' 'M' 'U' 'U' 'M' 'U' 'U' 'U' 'U' 'U' 'U' 'M' 'U' 'M' 'M' 'M' 'U' 'M'
 'M' 'M' 'M' 'U' 'M' 'M' 'M' 'M' 'M' 'M' 'M' 'M' 'M' 'M' 'M' 'M' 'M' 'U'
 'M' 'M' 'M' 'M' 'M' 'M' 'M' 'M' 'M' 'U' 'M' 'M' 'M' 'M' 'M' 'M' 'U' 'U'
 'M' 'M' 'M' 'M' 'M' 'M' 'M' 'U' 'M' 'M' 'M' 'U' 'M' 'M' 'U' 'M' 'M' 'M']"
491701,1,160,7,153,38,1,0,"['A' 'M' 'M' 'M' 'M' 'M' 'M' 'A' 'U' 'M' 'M' 'M' 'U' 'M' 'M' 'M' 'U' 'M'
 'M' 'M' 'M' 'M' 'M' 'M' 'M' 'U' 'M' 'U' 'U' 'M' 'M' 'M' 'M' 'A' 'M' 'M'
 'M' 'M' 'M' 'M' 'M' 'M' 'M' 'M' 'M' 'M' 'M' 'M' 'M' 'M' 'M' 'M' 'M' 'M'
 'M' 'M' 'M' 'M' 'M' 'M' 'M' 'U' 'M' 'M' 'U' 'M' 'U' 'U' 'M' 'M' 'M' 'M'
 'M' 'M' 'U' 'M' 'M' 'M' 'M' 'M' 'M' 'M' 'M' 'M' 'U' 'U' 'M' 'M' 'M' 'M'
 'M' 'M' 'M' 'M' 'M' 'M' 'U' 'U' 'M' 'M' 'M' 'U' 'M' 'U' 'M' 'M' 'M' 'M'
 'M' 'M' 'U' 'U' 'M' 'M' 'M' 'M' 'M' 'M' 'M' 'U' 'M' 'M' 'M' 'M' 'M' 'M'
 'A' 'M' 'U' 'U' 'M' 'U' 'U' 'U' 'U' 'A' 'U' 'U' 'U' 'M' 'M' 'M' 'U' 'M'
 'M' 'M' 'M' 'U' 'M' 'M' 'M' 'M' 'M' 'M' 'M' 'M' 'M' 'M' 'M' 'M' 'M' 'U'
 'M' 'M' 'M' 'M' 'M' 'U' 'M' 'M' 'M' 'M' 'U' 'M' 'M' 'M' 'M' 'M' 'U' 'U'
 'M' 'U' 'M' 'M' 'M' 'M' 'M' 'A' 'M' 'M' 'M' 'U' 'M' 'M' 'A' 'M' 'M' 'M']"
491801,2,162,7,155,36,0,0,"['A' 'M' 'M' 'M' 'M' 'M' 'M' 'A' 'U' 'M' 'M' 'M' 'U' 'M' 'M' 'M' 'U' 'M'
 'M' 'M' 'M' 'M' 'M' 'M' 'U' 'U' 'M' 'U' 'U' 'M' 'M' 'M' 'M' 'A' 'M' 'M'
 'M' 'M' 'M' 'M' 'M' 'M' 'M' 'M' 'M' 'M' 'M' 'M' 'M' 'M' 'M' 'M' 'M' 'U'
 'M' 'M' 'M' 'M' 'M' 'M' 'M' 'M' 'M' 'M' 'M' 'M' 'M' 'M' 'M' 'U' 'M' 'U'
 'M' 'M' 'M' 'M' 'M' 'M' 'M' 'M' 'M' 'M' 'M' 'M' 'M' 'M' 'M' 'M' 'U' 'M'
 'M' 'M' 'U' 'M' 'U' 'M' 'M' 'U' 'M' 'M' 'M' 'U' 'M' 'U' 'M' 'M' 'M' 'M'
 'M' 'M' 'U' 'M' 'M' 'M' 'M' 'M' 'U' 'M' 'M' 'U' 'M' 'M' 'M' 'M' 'M' 'M'
 'A' 'M' 'U' 'U' 'M' 'U' 'U' 'U' 'U' 'A' 'U' 'U' 'U' 'M' 'M' 'M' 'U' 'M'
 'M' 'M' 'M' 'U' 'M' 'M' 'M' 'M' 'M' 'M' 'M' 'M' 'M' 'M' 'M' 'M' 'M' 'M'
 'M' 'M' 'M' 'M' 'M' 'U' 'M' 'M' 'M' 'M' 'U' 'M' 'M' 'M' 'M' 'M' 'U' 'U'
 'M' 'A' 'M' 'M' 'M' 'M' 'M' 'U' 'M' 'M' 'M' 'U' 'M' 'M' 'A' 'M' 'M' 'M']"
491901,0,161,5,156,37,0,0,"['A' 'M' 'M' 'M' 'M' 'U' 'M' 'A' 'U' 'M' 'M' 'M' 'U' 'M' 'M' 'M' 'U' 'M'
 'M' 'U' 'M' 'M' 'M' 'M' 'U' 'U' 'M' 'M' 'U' 'M' 'M' 'M' 'M' 'U' 'M' 'M'
 'M' 'U' 'M' 'M' 'M' 'M' 'M' 'M' 'M' 'M' 'M' 'M' 'M' 'M' 'M' 'M' 'U' 'U'
 'M' 'M' 'M' 'M' 'M' 'M' 'M' 'M' 'M' 'M' 'M' 'M' 'M' 'M' 'M' 'M' 'M' 'U'
 'M' 'M' 'M' 'U' 'M' 'M' 'M' 'M' 'M' 'M' 'M' 'M' 'M' 'M' 'M' 'U' 'M' 'U'
 'M' 'M' 'M' 'U' 'M' 'M' 'M' 'U' 'M' 'M' 'M' 'U' 'M' 'U' 'M' 'M' 'M' 'M'
 'U' 'M' 'U' 'M' 'M' 'M' 'M' 'M' 'U' 'M' 'M' 'U' 'M' 'M' 'M' 'M' 'M' 'M'
 'A' 'M' 'M' 'M' 'M' 'A' 'U' 'M' 'U' 'U' 'U' 'U' 'U' 'M' 'M' 'M' 'M' 'M'
 'M' 'U' 'M' 'U' 'M' 'M' 'M' 'M' 'M' 'M' 'M' 'M' 'M' 'M' 'M' 'M' 'M' 'M'
 'M' 'U' 'M' 'M' 'M' 'M' 'M' 'M' 'M' 'M' 'M' 'M' 'M' 'M' 'M' 'M' 'U' 'U'
 'M' 'A' 'M' 'M' 'M' 'M' 'M' 'U' 'M' 'M' 'M' 'M' 'M' 'M' 'U' 'M' 'M' 'M']"
492001,0,166,4,162,32,0,0,"['A' 'M' 'M' 'M' 'M' 'U' 'M' 'U' 'U' 'M' 'M' 'M' 'M' 'M' 'M' 'M' 'U' 'M'
 'M' 'U' 'M' 'M' 'M' 'M' 'U' 'U' 'M' 'M' 'U' 'M' 'M' 'M' 'M' 'M' 'M' 'M'
 'M' 'U' 'M' 'M' 'M' 'M' 'M' 'M' 'U' 'M' 'M' 'M' 'M' 'M' 'M' 'M' 'U' 'U'
 'M' 'M' 'M' 'M' 'M' 'M' 'M' 'M' 'M' 'M' 'M' 'U' 'M' 'M' 'M' 'U' 'M' 'U'
 'M' 'M' 'U' 'M' 'M' 'M' 'M' 'M' 'M' 'M' 'M' 'M' 'M' 'M' 'M' 'M' 'M' 'M'
 'M' 'M' 'M' 'U' 'M' 'U' 'M' 'M' 'M' 'M' 'M' 'U' 'M' 'M' 'M' 'M' 'M' 'M'
 'U' 'M' 'U' 'M' 'M' 'M' 'M' 'M' 'U' 'M' 'M' 'U' 'U' 'M' 'M' 'U' 'M' 'M'
 'A' 'M' 'M' 'M' 'M' 'A' 'M' 'M' 'U' 'U' 'M' 'M' 'U' 'M' 'M' 'M' 'M' 'M'
 'M' 'M' 'M' 'M' 'M' 'M' 'M' 'M' 'M' 'M' 'M' 'M' 'M' 'M' 'M' 'M' 'M' 'M'
 'M' 'U' 'M' 'M' 'M' 'M' 'M' 'M' 'M' 'M' 'M' 'M' 'M' 'M' 'M' 'M' 'M' 'U'
 'M' 'A' 'M' 'M' 'M' 'M' 'M' 'U' 'M' 'M' 'M' 'M' 'M' 'M' 'U' 'M' 'M' 'M']"
492101,0,162,2,160,36,0,1,"['A' 'M' 'M' 'M' 'M' 'U' 'M' 'U' 'U' 'M' 'M' 'M' 'U' 'M' 'M' 'M' 'U' 'M'
 'M' 'U' 'M' 'M' 'M' 'M' 'U' 'U' 'M' 'M' 'M' 'M' 'M' 'M' 'M' 'M' 'M' 'M'
 'M' 'U' 'M' 'M' 'M' 'M' 'M' 'M' 'U' 'M' 'M' 'M' 'M' 'M' 'M' 'M' 'U' 'U'
 'M' 'M' 'M' 'U' 'M' 'M' 'M' 'M' 'M' 'M' 'M' 'M' 'M' 'M' 'M' 'M' 'M' 'M'
 'M' 'M' 'U' 'M' 'M' 'M' 'M' 'M' 'M' 'M' 'U' 'M' 'M' 'M' 'U' 'U' 'M' 'M'
 'M' 'M' 'M' 'U' 'M' 'U' 'M' 'U' 'M' 'M' 'M' 'U' 'M' 'M' 'M' 'M' 'M' 'M'
 'U' 'M' 'M' 'M' 'M' 'M' 'M' 'M' 'U' 'M' 'M' 'M' 'U' 'M' 'M' 'U' 'M' 'M'
 'U' 'M' 'M' 'M' 'M' 'A' 'M' 'M' 'U' 'U' 'U' 'M' 'U' 'M' 'M' 'M' 'M' 'M'
 'M' 'M' 'M' 'M' 'M' 'M' 'M' 'M' 'M' 'M' 'M' 'M' 'M' 'U' 'M' 'M' 'M' 'M'
 'M' 'U' 'M' 'M' 'M' 'M' 'M' 'M' 'M' 'M' 'M' 'M' 'M' 'M' 'M' 'M' 'M' 'U'
 'M' 'U' 'M' 'M' 'M' 'M' 'M' 'U' 'M' 'U' 'M' 'M' 'M' 'M' 'M' 'M' 'M' 'M']"
492201,1,165,2,163,33,0,0,"['A' 'M' 'M' 'M' 'M' 'M' 'M' 'M' 'U' 'M' 'M' 'M' 'M' 'M' 'M' 'U' 'M' 'M'
 'M' 'U' 'M' 'M' 'M' 'M' 'U' 'U' 'M' 'M' 'M' 'M' 'M' 'M' 'M' 'M' 'M' 'M'
 'M' 'M' 'M' 'M' 'M' 'M' 'M' 'M' 'U' 'M' 'M' 'M' 'M' 'M' 'M' 'M' 'U' 'M'
 'M' 'M' 'M' 'M' 'M' 'M' 'M' 'M' 'M' 'M' 'M' 'M' 'M' 'M' 'M' 'M' 'M' 'M'
 'M' 'M' 'M' 'M' 'M' 'M' 'M' 'M' 'M' 'M' 'U' 'M' 'M' 'U' 'U' 'M' 'M' 'M'
 'M' 'U' 'M' 'M' 'U' 'M' 'M' 'U' 'M' 'U' 'M' 'U' 'M' 'M' 'M' 'M' 'M' 'M'
 'U' 'M' 'M' 'M' 'M' 'M' 'M' 'M' 'M' 'M' 'M' 'M' 'U' 'M' 'U' 'A' 'M' 'M'
 'M' 'M' 'M' 'M' 'M' 'U' 'U' 'U' 'U' 'U' 'M' 'U' 'U' 'M' 'M' 'M' 'U' 'M'
 'M' 'M' 'M' 'M' 'M' 'M' 'M' 'M' 'M' 'M' 'M' 'M' 'M' 'U' 'M' 'M' 'M' 'M'
 'M' 'U' 'M' 'M' 'M' 'M' 'M' 'M' 'M' 'M' 'M' 'M' 'M' 'U' 'M' 'M' 'M' 'U'
 'M' 'U' 'M' 'M' 'M' 'M' 'M' 'M' 'M' 'U' 'M' 'M' 'M' 'M' 'M' 'M' 'U' 'M']"
492301,0,160,2,158,38,0,0,"['A' 'M' 'M' 'M' 'M' 'M' 'M' 'M' 'U' 'M' 'U' 'M' 'M' 'M' 'M' 'U' 'M' 'M'
 'M' 'M' 'U' 'M' 'M' 'M' 'U' 'U' 'M' 'M' 'M' 'M' 'M' 'M' 'M' 'M' 'M' 'M'
 'M' 'M' 'M' 'M' 'M' 'M' 'M' 'M' 'U' 'M' 'U' 'U' 'M' 'M' 'M' 'M' 'U' 'M'
 'M' 'M' 'M' 'M' 'M' 'M' 'U' 'M' 'M' 'M' 'M' 'M' 'U' 'M' 'U' 'M' 'M' 'M'
 'M' 'M' 'M' 'M' 'M' 'M' 'U' 'M' 'M' 'M' 'U' 'M' 'M' 'M' 'M' 'M' 'M' 'M'
 'M' 'U' 'M' 'M' 'M' 'U' 'M' 'U' 'M' 'M' 'M' 'U' 'M' 'M' 'M' 'M' 'M' 'M'
 'U' 'M' 'M' 'M' 'M' 'M' 'M' 'M' 'M' 'M' 'M' 'M' 'U' 'M' 'U' 'A' 'M' 'M'
 'U' 'M' 'M' 'M' 'M' 'U' 'U' 'M' 'U' 'M' 'U' 'U' 'U' 'M' 'M' 'M' 'U' 'M'
 'M' 'M' 'M' 'M' 'M' 'M' 'M' 'M' 'M' 'M' 'M' 'M' 'M' 'M' 'M' 'U' 'M' 'U'
 'M' 'M' 'M' 'M' 'M' 'M' 'U' 'M' 'M' 'M' 'M' 'M' 'M' 'U' 'M' 'U' 'M' 'U'
 'M' 'U' 'M' 'M' 'M' 'M' 'M' 'M' 'M' 'M' 'M' 'M' 'M' 'M' 'M' 'M' 'M' 'U']"
492401,0,159,2,157,39,0,0,"['A' 'M' 'M' 'M' 'M' 'M' 'M' 'M' 'M' 'M' 'U' 'M' 'U' 'M' 'M' 'U' 'M' 'M'
 'M' 'M' 'U' 'M' 'M' 'M' 'U' 'U' 'U' 'M' 'M' 'M' 'M' 'M' 'M' 'M' 'M' 'M'
 'M' 'M' 'M' 'M' 'M' 'M' 'M' 'M' 'U' 'M' 'U' 'U' 'M' 'M' 'M' 'M' 'U' 'M'
 'M' 'M' 'M' 'M' 'M' 'M' 'U' 'M' 'M' 'M' 'M' 'M' 'M' 'U' 'M' 'M' 'M' 'M'
 'M' 'M' 'M' 'M' 'M' 'U' 'M' 'M' 'U' 'M' 'M' 'M' 'M' 'M' 'M' 'M' 'M' 'M'
 'U' 'M' 'M' 'M' 'U' 'U' 'M' 'U' 'M' 'M' 'M' 'U' 'M' 'M' 'M' 'M' 'M' 'M'
 'M' 'M' 'M' 'M' 'M' 'M' 'M' 'M' 'M' 'M' 'M' 'M' 'U' 'M' 'M' 'A' 'M' 'M'
 'M' 'M' 'M' 'M' 'M' 'U' 'U' 'U' 'U' 'U' 'U' 'U' 'U' 'M' 'M' 'M' 'U' 'M'
 'M' 'M' 'M' 'M' 'M' 'M' 'M' 'M' 'M' 'M' 'M' 'M' 'M' 'M' 'M' 'U' 'M' 'U'
 'M' 'M' 'M' 'M' 'M' 'M' 'U' 'M' 'M' 'M' 'M' 'M' 'M' 'U' 'M' 'U' 'M' 'U'
 'M' 'U' 'U' 'M' 'M' 'M' 'M' 'M' 'M' 'M' 'M' 'M' 'M' 'M' 'M' 'M' 'M' 'U']"
492501,1,163,3,160,35,0,0,"['A' 'M' 'M' 'M' 'M' 'M' 'M' 'M' 'M' 'M' 'M' 'M' 'U' 'M' 'M' 'M' 'M' 'M'
 'M' 'M' 'U' 'U' 'M' 'M' 'U' 'M' 'U' 'M' 'M' 'M' 'M' 'M' 'M' 'M' 'M' 'M'
 'M' 'M' 'M' 'M' 'M' 'M' 'M' 'M' 'U' 'M' 'M' 'U' 'M' 'M' 'M' 'M' 'M' 'M'
 'M' 'M' 'M' 'M' 'M' 'M' 'U' 'M' 'M' 'M' 'M' 'M' 'M' 'M' 'M' 'U' 'M' 'M'
 'M' 'U' 'M' 'M' 'M' 'M' 'M' 'M' 'M' 'U' 'U' 'M' 'M' 'M' 'M' 'M' 'M' 'U'
 'M' 'M' 'M' 'M' 'M' 'U' 'M' 'U' 'M' 'M' 'M' 'M' 'M' 'M' 'M' 'M' 'M' 'M'
 'M' 'M' 'M' 'M' 'M' 'M' 'M' 'M' 'M' 'M' 'M' 'M' 'U' 'M' 'M' 'A' 'M' 'U'
 'M' 'M' 'M' 'M' 'M' 'U' 'U' 'U' 'U' 'U' 'U' 'U' 'U' 'M' 'M' 'M' 'U' 'U'
 'M' 'M' 'M' 'M' 'M' 'M' 'U' 'M' 'M' 'M' 'M' 'M' 'M' 'M' 'M' 'U' 'M' 'U'
 'M' 'M' 'M' 'M' 'M' 'M' 'A' 'M' 'M' 'M' 'M' 'M' 'M' 'U' 'M' 'U' 'M' 'M'
 'M' 'U' 'U' 'M' 'M' 'M' 'M' 'M' 'M' 'M' 'M' 'M' 'M' 'M' 'M' 'M' 'M' 'U']"
492601,0,165,3,162,33,0,0,"['A' 'M' 'M' 'U' 'M' 'M' 'M' 'M' 'M' 'M' 'M' 'M' 'M' 'M' 'M' 'M' 'M' 'U'
 'M' 'M' 'U' 'U' 'U' 'M' 'U' 'M' 'U' 'M' 'M' 'M' 'M' 'M' 'M' 'U' 'M' 'M'
 'M' 'M' 'U' 'M' 'M' 'M' 'M' 'M' 'M' 'M' 'M' 'U' 'M' 'M' 'M' 'M' 'M' 'M'
 'M' 'M' 'M' 'M' 'M' 'M' 'M' 'M' 'M' 'U' 'M' 'M' 'M' 'M' 'M' 'M' 'M' 'M'
 'M' 'M' 'M' 'M' 'M' 'M' 'M' 'M' 'U' 'M' 'M' 'M' 'M' 'M' 'U' 'M' 'U' 'U'
 'M' 'M' 'U' 'M' 'M' 'U' 'M' 'U' 'M' 'M' 'M' 'M' 'M' 'M' 'M' 'M' 'M' 'M'
 'M' 'M' 'M' 'M' 'M' 'M' 'M' 'M' 'M' 'M' 'M' 'M' 'U' 'M' 'M' 'A' 'M' 'M'
 'M' 'M' 'M' 'M' 'M' 'U' 'U' 'M' 'M' 'U' 'U' 'M' 'U' 'M' 'M' 'M' 'U' 'M'
 'M' 'M' 'M' 'M' 'M' 'M' 'U' 'M' 'M' 'M' 'M' 'M' 'M' 'M' 'M' 'U' 'M' 'U'
 'M' 'M' 'M' 'M' 'M' 'M' 'A' 'M' 'M' 'U' 'M' 'M' 'M' 'U' 'M' 'U' 'M' 'M'
 'M' 'M' 'U' 'M' 'M' 'M' 'M' 'M' 'M' 'M' 'M' 'M' 'M' 'M' 'M' 'M' 'M' 'U']"
492701,0,167,2,165,31,0,0,"['A' 'M' 'M' 'U' 'M' 'M' 'M' 'M' 'M' 'M' 'M' 'M' 'M' 'M' 'M' 'M' 'M' 'U'
 'M' 'M' 'U' 'M' 'U' 'M' 'U' 'M' 'U' 'M' 'M' 'M' 'M' 'M' 'M' 'U' 'M' 'M'
 'M' 'M' 'U' 'M' 'M' 'M' 'M' 'M' 'M' 'U' 'M' 'U' 'M' 'M' 'M' 'M' 'M' 'M'
 'M' 'M' 'M' 'M' 'M' 'M' 'M' 'M' 'M' 'U' 'M' 'U' 'M' 'M' 'M' 'M' 'M' 'M'
 'M' 'U' 'M' 'U' 'M' 'U' 'M' 'M' 'M' 'M' 'M' 'M' 'M' 'U' 'M' 'M' 'M' 'M'
 'M' 'M' 'M' 'M' 'M' 'U' 'M' 'U' 'M' 'M' 'M' 'M' 'M' 'M' 'M' 'M' 'M' 'M'
 'M' 'M' 'M' 'M' 'M' 'M' 'M' 'M' 'M' 'M' 'M' 'M' 'M' 'M' 'M' 'U' 'M' 'M'
 'M' 'M' 'M' 'M' 'M' 'U' 'U' 'M' 'M' 'U' 'M' 'M' 'U' 'M' 'M' 'M' 'U' 'M'
 'M' 'M' 'M' 'M' 'M' 'M' 'U' 'M' 'M' 'M' 'M' 'M' 'M' 'M' 'M' 'U' 'M' 'M'
 'M' 'M' 'M' 'U' 'M' 'M' 'A' 'M' 'M' 'U' 'M' 'M' 'M' 'M' 'M' 'U' 'M' 'M'
 'M' 'M' 'U' 'M' 'M' 'M' 'M' 'M' 'M' 'M' 'M' 'M' 'M' 'M' 'M' 'M' 'U' 'M']"
492801,0,171,3,168,27,0,0,"['A' 'M' 'M' 'U' 'M' 'M' 'U' 'M' 'M' 'M' 'M' 'M' 'M' 'M' 'M' 'M' 'M' 'M'
 'U' 'M' 'M' 'M' 'M' 'M' 'U' 'M' 'A' 'M' 'M' 'M' 'U' 'M' 'M' 'U' 'M' 'M'
 'M' 'M' 'U' 'M' 'M' 'M' 'M' 'M' 'M' 'U' 'M' 'M' 'M' 'M' 'M' 'M' 'M' 'M'
 'M' 'M' 'M' 'M' 'M' 'M' 'M' 'M' 'M' 'U' 'M' 'M' 'U' 'M' 'M' 'M' 'M' 'M'
 'M' 'U' 'M' 'M' 'M' 'M' 'M' 'M' 'M' 'U' 'M' 'M' 'M' 'M' 'M' 'M' 'M' 'M'
 'M' 'U' 'U' 'M' 'M' 'U' 'M' 'U' 'M' 'M' 'M' 'M' 'M' 'M' 'M' 'M' 'M' 'M'
 'M' 'M' 'M' 'M' 'M' 'M' 'M' 'M' 'M' 'M' 'M' 'M' 'M' 'M' 'M' 'U' 'M' 'M'
 'M' 'M' 'M' 'M' 'U' 'U' 'U' 'M' 'M' 'U' 'M' 'M' 'M' 'M' 'M' 'M' 'M' 'M'
 'M' 'M' 'M' 'M' 'M' 'M' 'U' 'M' 'M' 'M' 'M' 'M' 'M' 'M' 'M' 'U' 'M' 'M'
 'M' 'M' 'M' 'M' 'M' 'M' 'A' 'M' 'M' 'U' 'M' 'M' 'M' 'M' 'M' 'U' 'M' 'M'
 'M' 'M' 'M' 'U' 'M' 'M' 'M' 'M' 'M' 'M' 'M' 'M' 'U' 'M' 'M' 'M' 'M' 'M']"
492901,0,165,4,161,33,0,0,"['A' 'M' 'M' 'U' 'M' 'U' 'U' 'M' 'M' 'M' 'M' 'M' 'M' 'M' 'M' 'M' 'M' 'M'
 'U' 'M' 'M' 'M' 'M' 'M' 'A' 'U' 'A' 'M' 'M' 'M' 'U' 'U' 'M' 'M' 'M' 'M'
 'M' 'M' 'M' 'M' 'M' 'M' 'M' 'M' 'M' 'U' 'M' 'M' 'M' 'M' 'M' 'M' 'M' 'M'
 'M' 'M' 'M' 'M' 'M' 'M' 'M' 'M' 'M' 'U' 'M' 'U' 'M' 'M' 'U' 'M' 'U' 'M'
 'M' 'M' 'U' 'M' 'M' 'M' 'M' 'M' 'M' 'M' 'M' 'M' 'M' 'M' 'U' 'M' 'M' 'M'
 'M' 'M' 'M' 'M' 'M' 'U' 'M' 'M' 'M' 'M' 'M' 'M' 'U' 'M' 'M' 'M' 'M' 'M'
 'M' 'M' 'M' 'M' 'M' 'M' 'M' 'M' 'M' 'M' 'M' 'M' 'M' 'M' 'U' 'M' 'M' 'M'
 'M' 'M' 'M' 'M' 'U' 'U' 'U' 'U' 'U' 'U' 'U' 'U' 'U' 'M' 'M' 'M' 'M' 'M'
 'M' 'M' 'M' 'M' 'M' 'M' 'U' 'M' 'M' 'M' 'M' 'M' 'M' 'U' 'M' 'U' 'M' 'M'
 'M' 'M' 'M' 'M' 'M' 'U' 'A' 'M' 'M' 'M' 'M' 'M' 'M' 'M' 'M' 'U' 'M' 'M'
 'M' 'M' 'M' 'U' 'M' 'M' 'M' 'M' 'M' 'M' 'M' 'M' 'U' 'M' 'M' 'M' 'M' 'M']"
493001,1,169,4,165,29,0,1,"['A' 'M' 'M' 'U' 'M' 'M' 'M' 'M' 'M' 'M' 'M' 'M' 'M' 'M' 'M' 'M' 'M' 'M'
 'U' 'M' 'M' 'M' 'M' 'M' 'A' 'M' 'A' 'M' 'M' 'M' 'U' 'U' 'M' 'M' 'M' 'M'
 'M' 'M' 'M' 'M' 'M' 'M' 'M' 'M' 'M' 'U' 'M' 'M' 'M' 'M' 'M' 'M' 'M' 'M'
 'M' 'M' 'M' 'M' 'M' 'M' 'M' 'M' 'M' 'U' 'M' 'M' 'M' 'M' 'U' 'U' 'M' 'M'
 'U' 'M' 'U' 'M' 'M' 'U' 'M' 'M' 'M' 'M' 'M' 'M' 'M' 'M' 'M' 'M' 'M' 'M'
 'M' 'M' 'M' 'M' 'M' 'M' 'U' 'M' 'M' 'M' 'M' 'M' 'U' 'M' 'U' 'M' 'M' 'U'
 'M' 'M' 'M' 'M' 'M' 'M' 'M' 'M' 'M' 'M' 'M' 'M' 'M' 'M' 'M' 'M' 'M' 'M'
 'M' 'M' 'M' 'M' 'U' 'U' 'A' 'U' 'U' 'U' 'U' 'U' 'M' 'M' 'M' 'M' 'M' 'M'
 'M' 'M' 'M' 'M' 'M' 'M' 'M' 'M' 'M' 'M' 'M' 'M' 'M' 'U' 'M' 'M' 'M' 'M'
 'M' 'M' 'M' 'M' 'M' 'U' 'U' 'U' 'M' 'M' 'M' 'M' 'M' 'M' 'M' 'U' 'M' 'M'
 'M' 'M' 'M' 'U' 'M' 'M' 'M' 'M' 'M' 'M' 'M' 'M' 'U' 'M' 'M' 'M' 'M' 'M']"
493101,0,170,4,166,28,0,0,"['A' 'M' 'M' 'M' 'M' 'M' 'M' 'M' 'M' 'M' 'M' 'M' 'M' 'M' 'M' 'M' 'M' 'M'
 'U' 'U' 'M' 'M' 'M' 'M' 'A' 'U' 'A' 'M' 'M' 'M' 'M' 'U' 'M' 'M' 'M' 'M'
 'M' 'M' 'M' 'M' 'M' 'M' 'M' 'M' 'M' 'U' 'M' 'M' 'M' 'M' 'M' 'M' 'M' 'M'
 'M' 'M' 'M' 'M' 'M' 'M' 'M' 'M' 'M' 'U' 'M' 'M' 'M' 'M' 'M' 'M' 'M' 'M'
 'M' 'M' 'M' 'M' 'M' 'U' 'M' 'M' 'M' 'M' 'M' 'M' 'M' 'M' 'M' 'U' 'M' 'U'
 'U' 'M' 'M' 'M' 'U' 'U' 'U' 'M' 'M' 'M' 'M' 'M' 'M' 'M' 'U' 'M' 'M' 'U'
 'M' 'M' 'M' 'M' 'M' 'M' 'M' 'M' 'M' 'M' 'M' 'M' 'M' 'M' 'M' 'M' 'M' 'M'
 'M' 'M' 'M' 'M' 'U' 'M' 'A' 'M' 'U' 'M' 'U' 'U' 'M' 'M' 'M' 'M' 'M' 'M'
 'M' 'U' 'M' 'M' 'M' 'M' 'M' 'M' 'M' 'M' 'M' 'M' 'M' 'M' 'M' 'M' 'M' 'M'
 'M' 'M' 'M' 'M' 'M' 'U' 'U' 'U' 'M' 'M' 'U' 'M' 'U' 'M' 'M' 'U' 'M' 'M'
 'M' 'M' 'M' 'U' 'M' 'M' 'M' 'M' 'M' 'M' 'M' 'M' 'U' 'M' 'M' 'M' 'M' 'M']"
493201,0,170,3,167,28,0,0,"['A' 'M' 'M' 'M' 'M' 'M' 'M' 'M' 'M' 'M' 'M' 'M' 'M' 'M' 'M' 'M' 'M' 'M'
 'U' 'U' 'M' 'M' 'M' 'M' 'U' 'U' 'A' 'M' 'M' 'M' 'M' 'M' 'M' 'U' 'M' 'M'
 'U' 'M' 'M' 'M' 'M' 'M' 'M' 'M' 'M' 'M' 'M' 'M' 'M' 'M' 'M' 'U' 'M' 'M'
 'M' 'M' 'M' 'M' 'M' 'M' 'M' 'M' 'M' 'U' 'M' 'M' 'M' 'M' 'M' 'M' 'M' 'M'
 'U' 'M' 'M' 'M' 'M' 'M' 'M' 'U' 'M' 'M' 'M' 'M' 'M' 'M' 'M' 'U' 'M' 'M'
 'U' 'M' 'U' 'M' 'M' 'M' 'U' 'M' 'M' 'M' 'M' 'M' 'M' 'M' 'M' 'M' 'M' 'U'
 'M' 'M' 'M' 'M' 'M' 'U' 'M' 'M' 'M' 'M' 'M' 'M' 'M' 'M' 'M' 'M' 'M' 'M'
 'M' 'M' 'M' 'M' 'M' 'M' 'A' 'M' 'U' 'M' 'U' 'U' 'M' 'M' 'M' 'M' 'U' 'M'
 'M' 'U' 'M' 'M' 'M' 'M' 'M' 'M' 'M' 'M' 'M' 'M' 'M' 'M' 'M' 'M' 'M' 'U'
 'M' 'M' 'M' 'M' 'U' 'U' 'M' 'M' 'M' 'M' 'M' 'M' 'U' 'M' 'M' 'U' 'M' 'M'
 'M' 'M' 'M' 'U' 'M' 'M' 'M' 'M' 'M' 'M' 'M' 'M' 'U' 'M' 'M' 'M' 'M' 'M']"
493301,0,162,2,160,36,0,0,"['A' 'M' 'M' 'M' 'M' 'M' 'M' 'M' 'M' 'M' 'M' 'M' 'M' 'M' 'M' 'M' 'M' 'M'
 'U' 'U' 'M' 'M' 'M' 'M' 'U' 'U' 'A' 'M' 'M' 'M' 'M' 'U' 'M' 'U' 'M' 'M'
 'M' 'M' 'M' 'M' 'M' 'M' 'M' 'M' 'U' 'M' 'M' 'M' 'M' 'M' 'M' 'U' 'M' 'M'
 'M' 'M' 'M' 'U' 'M' 'M' 'M' 'M' 'M' 'U' 'M' 'M' 'M' 'M' 'M' 'M' 'M' 'M'
 'U' 'U' 'M' 'M' 'M' 'M' 'M' 'U' 'M' 'M' 'M' 'M' 'M' 'M' 'M' 'M' 'M' 'M'
 'U' 'U' 'M' 'M' 'M' 'M' 'U' 'M' 'M' 'M' 'M' 'M' 'M' 'M' 'M' 'M' 'M' 'U'
 'M' 'M' 'M' 'M' 'M' 'M' 'M' 'M' 'M' 'M' 'M' 'M' 'M' 'U' 'M' 'M' 'M' 'M'
 'M' 'M' 'M' 'M' 'M' 'U' 'U' 'M' 'U' 'U' 'U' 'U' 'U' 'M' 'M' 'M' 'U' 'M'
 'M' 'U' 'M' 'M' 'M' 'M' 'M' 'M' 'M' 'M' 'M' 'M' 'M' 'M' 'M' 'U' 'M' 'U'
 'M' 'M' 'M' 'U' 'M' 'U' 'M' 'U' 'M' 'M' 'M' 'M' 'M' 'M' 'M' 'U' 'M' 'M'
 'M' 'M' 'M' 'U' 'M' 'M' 'M' 'M' 'M' 'M' 'M' 'M' 'U' 'M' 'M' 'M' 'U' 'M']"
493401,0,165,1,164,33,0,0,"['A' 'M' 'M' 'M' 'M' 'M' 'M' 'M' 'M' 'U' 'M' 'M' 'M' 'M' 'M' 'M' 'M' 'M'
 'M' 'M' 'M' 'M' 'M' 'M' 'U' 'U' 'U' 'M' 'M' 'M' 'M' 'M' 'M' 'U' 'M' 'M'
 'M' 'M' 'M' 'M' 'M' 'M' 'M' 'M' 'M' 'M' 'M' 'M' 'M' 'M' 'M' 'U' 'M' 'M'
 'M' 'M' 'M' 'U' 'M' 'M' 'M' 'M' 'M' 'U' 'M' 'M' 'M' 'M' 'M' 'M' 'U' 'M'
 'M' 'M' 'M' 'M' 'U' 'M' 'M' 'M' 'M' 'M' 'M' 'M' 'M' 'M' 'M' 'M' 'M' 'M'
 'U' 'U' 'M' 'M' 'U' 'M' 'U' 'M' 'M' 'M' 'M' 'M' 'M' 'M' 'M' 'M' 'M' 'U'
 'M' 'M' 'M' 'M' 'M' 'M' 'M' 'M' 'M' 'M' 'M' 'M' 'M' 'U' 'M' 'M' 'U' 'M'
 'M' 'M' 'M' 'M' 'M' 'U' 'U' 'M' 'U' 'U' 'U' 'U' 'U' 'M' 'M' 'U' 'U' 'M'
 'M' 'M' 'M' 'M' 'M' 'M' 'M' 'M' 'M' 'M' 'M' 'M' 'M' 'M' 'M' 'U' 'M' 'M'
 'M' 'U' 'M' 'U' 'M' 'U' 'M' 'M' 'M' 'M' 'M' 'M' 'M' 'M' 'M' 'M' 'M' 'M'
 'M' 'U' 'M' 'M' 'M' 'M' 'M' 'M' 'M' 'M' 'M' 'M' 'U' 'M' 'M' 'U' 'M' 'M']"
493501,0,169,2,167,29,0,0,"['A' 'M' 'M' 'M' 'M' 'M' 'M' 'M' 'M' 'U' 'M' 'M' 'M' 'M' 'M' 'M' 'M' 'M'
 'M' 'M' 'U' 'M' 'M' 'M' 'M' 'M' 'U' 'U' 'U' 'M' 'M' 'M' 'M' 'U' 'M' 'M'
 'M' 'M' 'M' 'M' 'M' 'M' 'M' 'M' 'M' 'M' 'M' 'M' 'M' 'M' 'M' 'U' 'M' 'M'
 'M' 'M' 'M' 'U' 'M' 'M' 'M' 'M' 'M' 'A' 'M' 'U' 'M' 'U' 'U' 'M' 'M' 'M'
 'M' 'M' 'U' 'M' 'M' 'M' 'M' 'M' 'M' 'U' 'M' 'M' 'M' 'M' 'M' 'M' 'M' 'M'
 'M' 'M' 'M' 'M' 'M' 'M' 'U' 'M' 'M' 'M' 'M' 'M' 'M' 'M' 'M' 'M' 'M' 'M'
 'M' 'M' 'M' 'M' 'M' 'M' 'M' 'M' 'M' 'M' 'M' 'M' 'M' 'U' 'M' 'M' 'U' 'M'
 'M' 'M' 'M' 'M' 'M' 'U' 'U' 'M' 'M' 'M' 'M' 'M' 'U' 'M' 'M' 'U' 'M' 'M'
 'M' 'M' 'M' 'M' 'M' 'M' 'M' 'M' 'M' 'M' 'U' 'M' 'M' 'M' 'M' 'U' 'M' 'M'
 'M' 'U' 'M' 'U' 'M' 'U' 'M' 'M' 'M' 'M' 'M' 'M' 'M' 'U' 'M' 'M' 'M' 'M'
 'M' 'U' 'M' 'M' 'M' 'M' 'M' 'M' 'M' 'M' 'M' 'M' 'U' 'M' 'M' 'U' 'M' 'M']"
493601,0,162,2,160,36,0,0,"['A' 'M' 'M' 'M' 'M' 'M' 'M' 'M' 'U' 'U' 'M' 'M' 'U' 'M' 'M' 'M' 'M' 'M'
 'M' 'M' 'U' 'M' 'M' 'M' 'U' 'M' 'U' 'M' 'U' 'M' 'M' 'M' 'M' 'U' 'M' 'U'
 'M' 'M' 'M' 'M' 'M' 'M' 'M' 'M' 'M' 'M' 'M' 'M' 'M' 'M' 'M' 'U' 'M' 'U'
 'M' 'M' 'M' 'U' 'M' 'M' 'M' 'M' 'M' 'A' 'M' 'M' 'M' 'M' 'M' 'M' 'M' 'M'
 'M' 'M' 'M' 'M' 'M' 'U' 'U' 'M' 'U' 'M' 'U' 'M' 'M' 'M' 'M' 'M' 'M' 'U'
 'M' 'M' 'M' 'M' 'M' 'U' 'U' 'M' 'M' 'M' 'M' 'M' 'M' 'M' 'M' 'M' 'M' 'M'
 'M' 'M' 'M' 'M' 'M' 'M' 'M' 'M' 'U' 'M' 'M' 'M' 'M' 'U' 'M' 'M' 'M' 'M'
 'M' 'M' 'M' 'M' 'M' 'M' 'U' 'M' 'M' 'M' 'M' 'U' 'U' 'M' 'M' 'U' 'M' 'M'
 'M' 'U' 'M' 'M' 'M' 'M' 'M' 'M' 'M' 'M' 'U' 'M' 'M' 'M' 'M' 'U' 'M' 'U'
 'M' 'U' 'M' 'U' 'M' 'M' 'M' 'M' 'M' 'M' 'M' 'M' 'M' 'U' 'M' 'M' 'M' 'M'
 'M' 'U' 'U' 'M' 'M' 'M' 'M' 'M' 'M' 'M' 'M' 'M' 'U' 'M' 'M' 'U' 'M' 'M']"
493701,0,165,1,164,33,0,0,"['A' 'M' 'M' 'M' 'M' 'M' 'M' 'M' 'M' 'U' 'M' 'M' 'U' 'M' 'M' 'M' 'M' 'M'
 'M' 'M' 'U' 'M' 'M' 'U' 'U' 'M' 'U' 'M' 'M' 'M' 'M' 'U' 'M' 'U' 'M' 'U'
 'M' 'M' 'M' 'M' 'M' 'M' 'M' 'U' 'M' 'M' 'M' 'M' 'M' 'M' 'M' 'U' 'M' 'U'
 'M' 'M' 'M' 'U' 'U' 'M' 'M' 'M' 'M' 'U' 'M' 'U' 'M' 'M' 'U' 'M' 'M' 'M'
 'M' 'U' 'M' 'M' 'U' 'M' 'M' 'M' 'M' 'M' 'M' 'M' 'M' 'U' 'M' 'M' 'M' 'M'
 'M' 'M' 'M' 'M' 'M' 'M' 'U' 'M' 'M' 'M' 'M' 'M' 'M' 'M' 'M' 'M' 'M' 'M'
 'M' 'M' 'M' 'M' 'M' 'M' 'M' 'M' 'U' 'M' 'M' 'M' 'M' 'M' 'M' 'M' 'M' 'M'
 'M' 'M' 'M' 'M' 'M' 'M' 'M' 'M' 'M' 'M' 'M' 'U' 'U' 'M' 'M' 'U' 'M' 'M'
 'M' 'M' 'M' 'M' 'M' 'M' 'M' 'M' 'U' 'M' 'U' 'M' 'M' 'M' 'M' 'M' 'M' 'U'
 'M' 'U' 'M' 'U' 'M' 'M' 'M' 'M' 'M' 'M' 'M' 'M' 'M' 'M' 'M' 'M' 'M' 'M'
 'M' 'M' 'U' 'M' 'M' 'M' 'M' 'M' 'M' 'M' 'M' 'M' 'U' 'M' 'M' 'U' 'M' 'M']"
493801,0,170,2,168,28,0,0,"['A' 'M' 'M' 'M' 'M' 'M' 'M' 'M' 'M' 'U' 'M' 'M' 'M' 'M' 'M' 'M' 'M' 'M'
 'M' 'M' 'U' 'M' 'M' 'M' 'U' 'M' 'U' 'M' 'M' 'M' 'M' 'U' 'M' 'U' 'U' 'M'
 'M' 'M' 'M' 'M' 'M' 'M' 'M' 'U' 'M' 'M' 'M' 'M' 'U' 'M' 'M' 'M' 'M' 'U'
 'M' 'M' 'M' 'M' 'A' 'M' 'M' 'M' 'M' 'M' 'M' 'M' 'M' 'M' 'M' 'M' 'U' 'M'
 'M' 'M' 'M' 'U' 'U' 'M' 'M' 'M' 'M' 'M' 'M' 'M' 'U' 'M' 'M' 'M' 'U' 'M'
 'M' 'M' 'M' 'M' 'M' 'M' 'U' 'M' 'M' 'M' 'M' 'M' 'M' 'M' 'M' 'M' 'M' 'M'
 'M' 'M' 'M' 'M' 'M' 'M' 'M' 'M' 'U' 'M' 'M' 'M' 'M' 'M' 'M' 'M' 'M' 'M'
 'M' 'M' 'M' 'M' 'M' 'M' 'M' 'M' 'M' 'M' 'M' 'M' 'U' 'M' 'M' 'U' 'M' 'M'
 'M' 'M' 'M' 'M' 'M' 'M' 'M' 'M' 'U' 'M' 'U' 'M' 'M' 'M' 'U' 'M' 'M' 'M'
 'M' 'U' 'M' 'U' 'M' 'M' 'M' 'M' 'M' 'M' 'M' 'M' 'M' 'M' 'M' 'M' 'M' 'M'
 'M' 'M' 'U' 'M' 'U' 'M' 'M' 'M' 'M' 'M' 'M' 'M' 'U' 'M' 'M' 'U' 'M' 'M']"
493901,0,168,2,166,30,0,0,"['A' 'M' 'M' 'M' 'M' 'M' 'U' 'M' 'M' 'U' 'M' 'M' 'M' 'M' 'M' 'M' 'M' 'M'
 'U' 'M' 'U' 'M' 'M' 'M' 'U' 'M' 'U' 'M' 'M' 'M' 'M' 'M' 'M' 'U' 'U' 'M'
 'M' 'M' 'M' 'M' 'M' 'M' 'M' 'U' 'M' 'M' 'M' 'M' 'M' 'M' 'M' 'M' 'M' 'U'
 'M' 'M' 'M' 'M' 'A' 'M' 'M' 'M' 'M' 'U' 'M' 'M' 'U' 'M' 'U' 'M' 'M' 'M'
 'U' 'M' 'M' 'M' 'M' 'M' 'M' 'M' 'M' 'M' 'M' 'M' 'M' 'M' 'M' 'M' 'M' 'M'
 'M' 'U' 'U' 'M' 'M' 'M' 'U' 'M' 'M' 'M' 'M' 'U' 'M' 'M' 'M' 'M' 'M' 'M'
 'M' 'M' 'M' 'M' 'M' 'M' 'M' 'M' 'U' 'M' 'U' 'M' 'M' 'M' 'M' 'M' 'M' 'M'
 'M' 'M' 'M' 'U' 'M' 'M' 'M' 'M' 'M' 'M' 'M' 'M' 'U' 'M' 'M' 'U' 'M' 'M'
 'M' 'M' 'M' 'M' 'M' 'M' 'M' 'M' 'U' 'M' 'M' 'M' 'M' 'M' 'U' 'M' 'M' 'M'
 'M' 'U' 'M' 'M' 'M' 'M' 'M' 'M' 'M' 'M' 'M' 'M' 'M' 'M' 'M' 'U' 'M' 'M'
 'M' 'M' 'U' 'M' 'U' 'M' 'M' 'M' 'M' 'M' 'M' 'M' 'M' 'M' 'M' 'U' 'M' 'M']"
494001,0,164,2,162,34,0,0,"['A' 'M' 'U' 'M' 'M' 'M' 'U' 'M' 'M' 'U' 'M' 'M' 'M' 'M' 'M' 'M' 'M' 'M'
 'U' 'M' 'U' 'M' 'M' 'M' 'U' 'M' 'U' 'M' 'M' 'M' 'M' 'M' 'U' 'U' 'U' 'M'
 'M' 'M' 'M' 'M' 'M' 'M' 'M' 'U' 'M' 'M' 'M' 'M' 'M' 'M' 'M' 'M' 'M' 'U'
 'M' 'M' 'M' 'M' 'A' 'M' 'M' 'M' 'M' 'U' 'M' 'M' 'M' 'M' 'M' 'M' 'M' 'M'
 'M' 'M' 'M' 'M' 'U' 'M' 'U' 'M' 'M' 'M' 'U' 'M' 'U' 'M' 'M' 'M' 'M' 'M'
 'M' 'U' 'M' 'M' 'M' 'M' 'U' 'M' 'M' 'M' 'M' 'U' 'M' 'M' 'M' 'M' 'M' 'M'
 'M' 'M' 'U' 'M' 'M' 'M' 'M' 'M' 'M' 'U' 'U' 'M' 'M' 'M' 'M' 'M' 'M' 'M'
 'M' 'M' 'M' 'U' 'U' 'M' 'M' 'M' 'M' 'M' 'M' 'M' 'U' 'M' 'M' 'U' 'M' 'M'
 'M' 'M' 'M' 'M' 'U' 'M' 'M' 'M' 'M' 'M' 'M' 'M' 'M' 'M' 'U' 'M' 'M' 'M'
 'M' 'U' 'M' 'U' 'M' 'M' 'M' 'M' 'M' 'M' 'M' 'M' 'M' 'M' 'U' 'M' 'M' 'M'
 'M' 'M' 'M' 'M' 'U' 'M' 'M' 'M' 'M' 'M' 'M' 'M' 'M' 'M' 'M' 'U' 'M' 'M']"
494101,0,160,1,159,38,0,1,"['A' 'M' 'U' 'M' 'M' 'M' 'U' 'M' 'U' 'M' 'M' 'M' 'M' 'M' 'M' 'M' 'M' 'M'
 'U' 'U' 'U' 'M' 'U' 'M' 'U' 'M' 'U' 'M' 'M' 'M' 'M' 'M' 'U' 'M' 'U' 'M'
 'M' 'M' 'M' 'M' 'M' 'M' 'M' 'U' 'U' 'M' 'M' 'M' 'M' 'M' 'M' 'M' 'M' 'U'
 'M' 'M' 'M' 'M' 'M' 'M' 'M' 'M' 'M' 'U' 'M' 'M' 'M' 'U' 'M' 'M' 'M' 'M'
 'M' 'M' 'U' 'M' 'M' 'M' 'M' 'M' 'U' 'M' 'M' 'U' 'M' 'M' 'M' 'M' 'M' 'M'
 'M' 'M' 'U' 'M' 'M' 'U' 'U' 'M' 'M' 'M' 'M' 'U' 'M' 'M' 'M' 'M' 'M' 'M'
 'M' 'M' 'U' 'M' 'M' 'M' 'M' 'M' 'M' 'U' 'U' 'M' 'M' 'M' 'M' 'M' 'M' 'M'
 'M' 'M' 'M' 'U' 'U' 'M' 'M' 'M' 'M' 'M' 'M' 'M' 'U' 'M' 'M' 'M' 'M' 'M'
 'M' 'M' 'M' 'M' 'M' 'U' 'M' 'M' 'M' 'U' 'M' 'M' 'M' 'M' 'M' 'M' 'U' 'M'
 'M' 'U' 'M' 'U' 'M' 'M' 'M' 'M' 'M' 'M' 'M' 'M' 'M' 'U' 'U' 'M' 'M' 'M'
 'M' 'M' 'U' 'M' 'M' 'M' 'M' 'M' 'M' 'M' 'M' 'M' 'M' 'M' 'M' 'U' 'M' 'M']"
494201,0,169,1,168,29,0,0,"['A' 'M' 'M' 'M' 'M' 'M' 'U' 'M' 'U' 'M' 'M' 'M' 'M' 'M' 'M' 'M' 'M' 'M'
 'M' 'U' 'U' 'U' 'U' 'M' 'U' 'M' 'M' 'M' 'M' 'M' 'M' 'M' 'U' 'M' 'M' 'M'
 'M' 'M' 'M' 'M' 'M' 'M' 'M' 'U' 'M' 'M' 'M' 'M' 'M' 'M' 'M' 'M' 'M' 'U'
 'M' 'U' 'M' 'M' 'M' 'M' 'M' 'M' 'M' 'U' 'M' 'M' 'M' 'U' 'U' 'M' 'U' 'M'
 'M' 'U' 'M' 'M' 'M' 'M' 'M' 'M' 'M' 'M' 'M' 'M' 'M' 'M' 'M' 'M' 'M' 'U'
 'M' 'M' 'M' 'M' 'M' 'U' 'M' 'M' 'M' 'M' 'M' 'U' 'M' 'M' 'M' 'M' 'M' 'M'
 'M' 'M' 'U' 'M' 'M' 'M' 'M' 'M' 'M' 'M' 'M' 'M' 'M' 'M' 'M' 'M' 'M' 'M'
 'M' 'M' 'M' 'U' 'U' 'U' 'M' 'M' 'M' 'M' 'M' 'M' 'M' 'M' 'M' 'M' 'M' 'M'
 'M' 'M' 'M' 'M' 'M' 'U' 'M' 'M' 'M' 'M' 'M' 'M' 'M' 'M' 'M' 'M' 'U' 'M'
 'M' 'M' 'M' 'U' 'M' 'M' 'M' 'M' 'M' 'M' 'M' 'M' 'M' 'U' 'M' 'M' 'M' 'M'
 'M' 'M' 'M' 'M' 'M' 'M' 'M' 'M' 'M' 'M' 'M' 'M' 'M' 'U' 'M' 'U' 'M' 'M']"
494301,0,165,1,164,33,0,0,"['A' 'M' 'M' 'M' 'U' 'M' 'U' 'M' 'M' 'M' 'M' 'M' 'M' 'M' 'M' 'M' 'M' 'M'
 'M' 'M' 'U' 'U' 'U' 'M' 'U' 'U' 'M' 'M' 'M' 'M' 'M' 'M' 'M' 'M' 'U' 'M'
 'M' 'M' 'M' 'M' 'M' 'M' 'M' 'U' 'M' 'U' 'M' 'M' 'M' 'M' 'M' 'M' 'M' 'M'
 'M' 'U' 'M' 'M' 'U' 'M' 'M' 'M' 'M' 'U' 'M' 'M' 'M' 'M' 'U' 'M' 'M' 'M'
 'M' 'U' 'M' 'M' 'M' 'U' 'M' 'M' 'M' 'M' 'M' 'M' 'M' 'M' 'M' 'M' 'M' 'M'
 'M' 'M' 'U' 'U' 'M' 'U' 'M' 'M' 'U' 'M' 'M' 'M' 'M' 'M' 'M' 'M' 'M' 'M'
 'M' 'M' 'U' 'M' 'M' 'M' 'U' 'M' 'M' 'M' 'M' 'M' 'M' 'M' 'M' 'M' 'M' 'M'
 'M' 'M' 'M' 'U' 'U' 'U' 'M' 'M' 'M' 'M' 'M' 'M' 'M' 'M' 'M' 'M' 'U' 'M'
 'M' 'M' 'M' 'M' 'M' 'U' 'M' 'M' 'M' 'M' 'M' 'M' 'M' 'M' 'M' 'M' 'U' 'M'
 'M' 'M' 'M' 'U' 'M' 'M' 'M' 'M' 'M' 'M' 'M' 'M' 'M' 'U' 'M' 'M' 'M' 'M'
 'M' 'M' 'M' 'U' 'M' 'M' 'M' 'M' 'M' 'M' 'M' 'M' 'M' 'U' 'M' 'U' 'M' 'M']"
494401,0,162,2,160,36,0,0,"['A' 'M' 'M' 'M' 'U' 'M' 'U' 'M' 'M' 'M' 'M' 'M' 'M' 'M' 'M' 'M' 'M' 'M'
 'M' 'M' 'U' 'U' 'U' 'U' 'U' 'U' 'M' 'M' 'M' 'M' 'M' 'M' 'U' 'M' 'U' 'M'
 'M' 'M' 'M' 'M' 'M' 'M' 'M' 'U' 'M' 'M' 'M' 'M' 'M' 'M' 'M' 'M' 'M' 'U'
 'M' 'U' 'M' 'M' 'U' 'M' 'M' 'M' 'M' 'U' 'M' 'M' 'U' 'M' 'M' 'M' 'M' 'M'
 'M' 'M' 'M' 'M' 'M' 'M' 'M' 'M' 'M' 'M' 'U' 'M' 'M' 'M' 'M' 'M' 'M' 'U'
 'M' 'M' 'U' 'U' 'M' 'U' 'M' 'M' 'M' 'M' 'M' 'M' 'M' 'M' 'M' 'M' 'U' 'M'
 'M' 'M' 'U' 'M' 'M' 'M' 'U' 'M' 'M' 'M' 'M' 'M' 'M' 'U' 'M' 'M' 'M' 'M'
 'M' 'M' 'U' 'U' 'U' 'U' 'M' 'M' 'U' 'M' 'M' 'M' 'M' 'M' 'M' 'M' 'M' 'M'
 'M' 'M' 'M' 'M' 'M' 'U' 'M' 'M' 'M' 'M' 'M' 'M' 'M' 'M' 'M' 'M' 'M' 'M'
 'M' 'M' 'M' 'M' 'M' 'M' 'M' 'M' 'M' 'M' 'M' 'M' 'M' 'U' 'M' 'M' 'M' 'M'
 'M' 'M' 'M' 'U' 'M' 'M' 'U' 'M' 'U' 'M' 'M' 'M' 'M' 'A' 'M' 'U' 'M' 'M']"
494501,0,156,2,154,42,0,0,"['A' 'M' 'M' 'M' 'U' 'M' 'U' 'U' 'M' 'M' 'M' 'M' 'M' 'M' 'M' 'M' 'M' 'M'
 'U' 'M' 'U' 'U' 'U' 'U' 'U' 'U' 'U' 'U' 'M' 'M' 'M' 'M' 'U' 'M' 'M' 'M'
 'M' 'M' 'M' 'M' 'M' 'M' 'M' 'U' 'M' 'M' 'M' 'M' 'M' 'M' 'M' 'M' 'M' 'U'
 'M' 'U' 'M' 'M' 'U' 'M' 'M' 'M' 'M' 'U' 'M' 'M' 'M' 'M' 'U' 'M' 'M' 'M'
 'M' 'M' 'M' 'M' 'U' 'M' 'U' 'M' 'M' 'U' 'M' 'M' 'M' 'M' 'M' 'M' 'M' 'M'
 'M' 'M' 'U' 'M' 'M' 'U' 'M' 'M' 'M' 'M' 'M' 'M' 'M' 'M' 'M' 'U' 'U' 'M'
 'M' 'U' 'U' 'M' 'M' 'M' 'U' 'M' 'M' 'M' 'M' 'M' 'M' 'U' 'M' 'M' 'M' 'M'
 'M' 'M' 'U' 'U' 'M' 'M' 'M' 'M' 'U' 'M' 'M' 'M' 'M' 'M' 'M' 'M' 'M' 'M'
 'M' 'U' 'M' 'M' 'M' 'U' 'M' 'M' 'M' 'M' 'M' 'U' 'M' 'M' 'M' 'M' 'U' 'M'
 'M' 'M' 'M' 'M' 'M' 'M' 'M' 'M' 'M' 'M' 'M' 'M' 'M' 'M' 'M' 'U' 'M' 'M'
 'M' 'M' 'M' 'U' 'M' 'M' 'M' 'M' 'U' 'U' 'M' 'M' 'M' 'A' 'M' 'U' 'M' 'M']"
494601,0,153,3,150,45,0,0,"['A' 'M' 'M' 'M' 'U' 'M' 'U' 'U' 'M' 'M' 'M' 'M' 'M' 'M' 'M' 'M' 'M' 'M'
 'U' 'M' 'U' 'A' 'U' 'M' 'U' 'U' 'U' 'U' 'M' 'M' 'M' 'M' 'U' 'M' 'M' 'U'
 'M' 'M' 'M' 'M' 'M' 'U' 'M' 'U' 'M' 'M' 'M' 'M' 'M' 'M' 'M' 'M' 'M' 'U'
 'M' 'U' 'M' 'M' 'U' 'M' 'M' 'M' 'M' 'M' 'M' 'M' 'M' 'M' 'U' 'M' 'M' 'M'
 'M' 'M' 'U' 'M' 'M' 'M' 'M' 'M' 'M' 'M' 'M' 'M' 'U' 'M' 'M' 'U' 'M' 'M'
 'U' 'M' 'M' 'M' 'M' 'M' 'M' 'M' 'M' 'M' 'M' 'M' 'M' 'M' 'M' 'U' 'U' 'M'
 'M' 'M' 'U' 'M' 'U' 'M' 'U' 'M' 'M' 'M' 'M' 'M' 'U' 'U' 'M' 'M' 'M' 'M'
 'M' 'M' 'M' 'U' 'M' 'M' 'M' 'M' 'U' 'M' 'M' 'M' 'M' 'U' 'M' 'M' 'M' 'M'
 'M' 'U' 'M' 'M' 'M' 'U' 'M' 'M' 'M' 'M' 'M' 'U' 'M' 'M' 'M' 'M' 'U' 'M'
 'M' 'U' 'M' 'M' 'U' 'M' 'M' 'M' 'M' 'M' 'M' 'U' 'M' 'M' 'M' 'U' 'M' 'M'
 'M' 'U' 'U' 'U' 'M' 'M' 'M' 'M' 'U' 'M' 'M' 'M' 'M' 'A' 'M' 'U' 'M' 'M']"
494701,0,159,3,156,39,0,0,"['A' 'M' 'M' 'M' 'M' 'M' 'M' 'M' 'M' 'M' 'M' 'M' 'M' 'M' 'M' 'M' 'M' 'M'
 'U' 'M' 'U' 'A' 'U' 'M' 'M' 'U' 'M' 'U' 'M' 'M' 'M' 'M' 'U' 'M' 'M' 'M'
 'M' 'M' 'M' 'M' 'M' 'U' 'M' 'U' 'M' 'M' 'M' 'M' 'M' 'M' 'M' 'M' 'M' 'U'
 'M' 'M' 'M' 'M' 'U' 'M' 'M' 'M' 'M' 'M' 'M' 'M' 'M' 'M' 'U' 'M' 'M' 'M'
 'M' 'M' 'M' 'M' 'M' 'M' 'M' 'M' 'M' 'M' 'M' 'M' 'M' 'U' 'M' 'U' 'M' 'M'
 'U' 'M' 'U' 'M' 'M' 'M' 'M' 'M' 'M' 'M' 'M' 'M' 'M' 'M' 'M' 'U' 'U' 'M'
 'M' 'M' 'U' 'M' 'U' 'M' 'U' 'M' 'M' 'M' 'M' 'M' 'U' 'U' 'M' 'M' 'M' 'M'
 'M' 'M' 'M' 'U' 'M' 'M' 'U' 'M' 'U' 'U' 'U' 'U' 'U' 'U' 'M' 'M' 'M' 'M'
 'M' 'M' 'M' 'M' 'M' 'U' 'M' 'M' 'M' 'M' 'M' 'U' 'M' 'M' 'M' 'M' 'M' 'M'
 'M' 'M' 'M' 'M' 'U' 'M' 'M' 'M' 'M' 'M' 'M' 'U' 'U' 'M' 'M' 'U' 'M' 'M'
 'M' 'M' 'U' 'U' 'M' 'M' 'M' 'M' 'M' 'M' 'M' 'M' 'M' 'A' 'M' 'U' 'M' 'M']"
494801,0,157,3,154,41,0,0,"['A' 'M' 'M' 'M' 'M' 'M' 'M' 'M' 'M' 'M' 'M' 'M' 'M' 'M' 'M' 'M' 'M' 'M'
 'M' 'M' 'U' 'A' 'M' 'M' 'M' 'U' 'U' 'U' 'M' 'M' 'M' 'M' 'U' 'M' 'M' 'M'
 'M' 'M' 'M' 'M' 'M' 'U' 'U' 'U' 'M' 'M' 'M' 'M' 'M' 'M' 'M' 'M' 'M' 'U'
 'U' 'M' 'M' 'M' 'M' 'M' 'M' 'M' 'M' 'M' 'M' 'M' 'M' 'U' 'U' 'M' 'M' 'M'
 'M' 'U' 'M' 'M' 'M' 'M' 'M' 'M' 'M' 'M' 'M' 'M' 'M' 'M' 'M' 'U' 'M' 'U'
 'M' 'M' 'M' 'M' 'M' 'M' 'M' 'M' 'M' 'M' 'M' 'M' 'M' 'M' 'M' 'U' 'U' 'M'
 'M' 'M' 'U' 'M' 'U' 'M' 'U' 'M' 'M' 'M' 'M' 'M' 'M' 'U' 'M' 'M' 'M' 'M'
 'M' 'M' 'M' 'U' 'M' 'M' 'U' 'U' 'U' 'U' 'U' 'U' 'U' 'U' 'M' 'M' 'M' 'M'
 'M' 'M' 'M' 'M' 'M' 'U' 'M' 'M' 'M' 'M' 'M' 'U' 'M' 'M' 'M' 'M' 'M' 'M'
 'M' 'M' 'M' 'M' 'U' 'M' 'M' 'M' 'M' 'U' 'M' 'U' 'U' 'M' 'M' 'U' 'M' 'M'
 'U' 'M' 'U' 'U' 'M' 'M' 'M' 'M' 'M' 'M' 'M' 'M' 'M' 'A' 'M' 'U' 'M' 'M']"
494901,0,160,2,158,38,0,0,"['A' 'M' 'U' 'M' 'M' 'M' 'M' 'M' 'M' 'M' 'M' 'M' 'M' 'M' 'M' 'M' 'M' 'M'
 'M' 'U' 'U' 'U' 'M' 'M' 'U' 'M' 'U' 'M' 'M' 'M' 'M' 'M' 'U' 'M' 'M' 'M'
 'M' 'M' 'M' 'M' 'M' 'M' 'U' 'M' 'M' 'M' 'M' 'M' 'M' 'M' 'M' 'M' 'M' 'M'
 'U' 'M' 'M' 'M' 'M' 'U' 'U' 'M' 'M' 'U' 'M' 'M' 'U' 'M' 'M' 'M' 'M' 'M'
 'U' 'M' 'M' 'M' 'M' 'M' 'M' 'M' 'M' 'M' 'U' 'M' 'U' 'M' 'M' 'U' 'M' 'M'
 'M' 'M' 'M' 'M' 'M' 'M' 'M' 'M' 'M' 'M' 'M' 'M' 'M' 'M' 'M' 'U' 'U' 'M'
 'M' 'M' 'M' 'M' 'M' 'M' 'U' 'M' 'M' 'M' 'M' 'M' 'M' 'U' 'M' 'M' 'M' 'M'
 'M' 'M' 'M' 'U' 'M' 'M' 'U' 'U' 'U' 'U' 'M' 'U' 'U' 'M' 'M' 'M' 'M' 'M'
 'M' 'M' 'U' 'M' 'M' 'U' 'U' 'M' 'M' 'M' 'M' 'M' 'M' 'M' 'M' 'M' 'M' 'M'
 'M' 'M' 'M' 'M' 'U' 'M' 'M' 'M' 'M' 'M' 'M' 'M' 'U' 'M' 'M' 'U' 'M' 'M'
 'M' 'M' 'U' 'U' 'M' 'M' 'M' 'M' 'M' 'M' 'M' 'M' 'M' 'A' 'M' 'U' 'M' 'U']"
495001,0,150,2,148,48,0,0,"['A' 'M' 'M' 'M' 'M' 'M' 'M' 'M' 'M' 'M' 'M' 'M' 'U' 'M' 'M' 'U' 'U' 'M'
 'M' 'U' 'U' 'U' 'M' 'M' 'U' 'M' 'U' 'M' 'M' 'U' 'U' 'M' 'U' 'M' 'M' 'M'
 'M' 'M' 'U' 'M' 'M' 'M' 'U' 'M' 'M' 'M' 'M' 'M' 'M' 'M' 'M' 'M' 'M' 'M'
 'U' 'M' 'M' 'M' 'M' 'U' 'U' 'M' 'M' 'U' 'M' 'U' 'M' 'M' 'M' 'M' 'M' 'U'
 'M' 'M' 'M' 'M' 'M' 'M' 'M' 'M' 'M' 'M' 'M' 'U' 'M' 'M' 'M' 'M' 'U' 'M'
 'U' 'M' 'M' 'M' 'M' 'M' 'M' 'M' 'M' 'M' 'M' 'M' 'M' 'M' 'M' 'U' 'U' 'M'
 'M' 'M' 'M' 'M' 'M' 'M' 'U' 'M' 'M' 'M' 'M' 'M' 'M' 'M' 'M' 'M' 'M' 'M'
 'M' 'M' 'M' 'M' 'U' 'U' 'U' 'U' 'U' 'U' 'U' 'U' 'U' 'M' 'M' 'U' 'M' 'M'
 'M' 'M' 'U' 'M' 'M' 'U' 'U' 'M' 'U' 'M' 'M' 'M' 'M' 'M' 'M' 'M' 'M' 'M'
 'M' 'M' 'M' 'M' 'U' 'M' 'M' 'M' 'M' 'M' 'M' 'U' 'U' 'M' 'M' 'U' 'M' 'U'
 'M' 'M' 'U' 'U' 'M' 'M' 'M' 'M' 'M' 'M' 'M' 'M' 'M' 'A' 'M' 'U' 'M' 'U']"
495101,0,152,2,150,46,0,1,"['A' 'U' 'M' 'M' 'M' 'M' 'M' 'M' 'M' 'M' 'M' 'M' 'M' 'M' 'M' 'U' 'A' 'M'
 'M' 'U' 'M' 'U' 'M' 'M' 'M' 'M' 'U' 'M' 'M' 'U' 'M' 'M' 'U' 'M' 'M' 'M'
 'M' 'M' 'U' 'M' 'M' 'M' 'U' 'M' 'M' 'M' 'M' 'M' 'M' 'M' 'M' 'M' 'M' 'M'
 'M' 'M' 'M' 'M' 'M' 'M' 'U' 'M' 'M' 'U' 'M' 'M' 'M' 'M' 'M' 'U' 'U' 'M'
 'U' 'M' 'M' 'M' 'M' 'M' 'M' 'M' 'M' 'M' 'M' 'M' 'M' 'U' 'M' 'M' 'M' 'M'
 'U' 'M' 'M' 'M' 'M' 'M' 'M' 'M' 'M' 'M' 'M' 'M' 'M' 'U' 'M' 'U' 'U' 'M'
 'M' 'U' 'M' 'M' 'M' 'M' 'U' 'M' 'M' 'M' 'M' 'M' 'M' 'M' 'M' 'M' 'M' 'M'
 'M' 'M' 'M' 'M' 'U' 'U' 'U' 'U' 'U' 'U' 'U' 'U' 'U' 'M' 'M' 'M' 'M' 'M'
 'M' 'M' 'U' 'M' 'M' 'M' 'U' 'M' 'U' 'M' 'M' 'M' 'U' 'M' 'M' 'M' 'U' 'M'
 'M' 'M' 'M' 'M' 'U' 'M' 'M' 'U' 'M' 'M' 'M' 'U' 'M' 'M' 'M' 'U' 'M' 'M'
 'M' 'M' 'U' 'M' 'U' 'M' 'M' 'M' 'U' 'U' 'M' 'M' 'M' 'U' 'M' 'U' 'M' 'U']"
495201,0,157,2,155,41,0,0,"['A' 'U' 'M' 'M' 'M' 'M' 'M' 'M' 'M' 'M' 'M' 'M' 'M' 'M' 'M' 'M' 'A' 'M'
 'M' 'M' 'M' 'U' 'M' 'M' 'M' 'M' 'U' 'M' 'M' 'M' 'M' 'M' 'M' 'M' 'M' 'M'
 'M' 'M' 'U' 'M' 'M' 'M' 'U' 'M' 'M' 'M' 'M' 'M' 'M' 'M' 'M' 'M' 'M' 'M'
 'M' 'M' 'M' 'M' 'M' 'M' 'U' 'M' 'M' 'U' 'M' 'U' 'M' 'M' 'M' 'M' 'M' 'U'
 'U' 'M' 'M' 'M' 'M' 'M' 'M' 'M' 'M' 'M' 'M' 'U' 'M' 'M' 'M' 'M' 'M' 'M'
 'U' 'M' 'M' 'M' 'M' 'M' 'M' 'M' 'M' 'M' 'M' 'M' 'M' 'M' 'M' 'U' 'M' 'M'
 'M' 'U' 'M' 'M' 'M' 'M' 'U' 'M' 'M' 'M' 'M' 'M' 'U' 'M' 'M' 'U' 'M' 'M'
 'M' 'M' 'M' 'M' 'U' 'M' 'U' 'U' 'U' 'U' 'M' 'U' 'M' 'M' 'M' 'M' 'M' 'M'
 'M' 'M' 'U' 'M' 'M' 'M' 'U' 'M' 'U' 'M' 'M' 'M' 'U' 'M' 'M' 'M' 'U' 'M'
 'U' 'M' 'M' 'M' 'U' 'M' 'M' 'U' 'M' 'M' 'M' 'U' 'M' 'U' 'M' 'U' 'M' 'M'
 'M' 'M' 'M' 'M' 'U' 'M' 'M' 'M' 'U' 'M' 'U' 'M' 'M' 'U' 'M' 'U' 'U' 'U']"
495301,0,165,2,163,33,0,0,"['A' 'M' 'M' 'M' 'M' 'M' 'M' 'M' 'M' 'M' 'M' 'U' 'M' 'M' 'M' 'M' 'U' 'M'
 'M' 'M' 'M' 'M' 'M' 'M' 'M' 'M' 'U' 'M' 'M' 'M' 'M' 'M' 'M' 'M' 'M' 'M'
 'M' 'M' 'M' 'M' 'M' 'M' 'M' 'M' 'M' 'M' 'U' 'M' 'M' 'M' 'M' 'M' 'M' 'M'
 'M' 'M' 'U' 'U' 'M' 'M' 'U' 'M' 'M' 'U' 'M' 'M' 'M' 'M' 'M' 'U' 'M' 'M'
 'M' 'U' 'M' 'M' 'M' 'M' 'M' 'M' 'M' 'M' 'M' 'M' 'U' 'M' 'U' 'M' 'M' 'M'
 'U' 'M' 'M' 'M' 'M' 'M' 'M' 'M' 'M' 'M' 'M' 'M' 'M' 'M' 'M' 'M' 'M' 'M'
 'M' 'M' 'M' 'M' 'M' 'M' 'M' 'M' 'M' 'M' 'M' 'M' 'U' 'M' 'M' 'M' 'M' 'M'
 'M' 'M' 'M' 'M' 'U' 'A' 'M' 'U' 'U' 'U' 'U' 'U' 'U' 'M' 'M' 'M' 'M' 'M'
 'M' 'M' 'M' 'M' 'M' 'M' 'U' 'U' 'M' 'M' 'M' 'M' 'U' 'M' 'M' 'M' 'U' 'M'
 'U' 'M' 'M' 'M' 'U' 'M' 'M' 'M' 'M' 'M' 'M' 'M' 'M' 'U' 'M' 'M' 'M' 'M'
 'M' 'M' 'M' 'M' 'U' 'M' 'M' 'M' 'U' 'M' 'M' 'M' 'M' 'U' 'M' 'U' 'U' 'M']"
495401,1,165,1,164,33,0,1,"['A' 'M' 'M' 'M' 'M' 'M' 'M' 'M' 'M' 'M' 'M' 'M' 'M' 'M' 'M' 'M' 'U' 'M'
 'U' 'M' 'M' 'M' 'M' 'M' 'M' 'M' 'M' 'M' 'M' 'M' 'M' 'M' 'M' 'M' 'M' 'M'
 'M' 'M' 'M' 'M' 'M' 'M' 'M' 'M' 'M' 'M' 'U' 'M' 'M' 'M' 'M' 'M' 'M' 'M'
 'M' 'M' 'U' 'U' 'M' 'M' 'M' 'M' 'M' 'U' 'M' 'M' 'M' 'M' 'M' 'M' 'U' 'M'
 'M' 'U' 'M' 'M' 'M' 'M' 'M' 'M' 'U' 'M' 'M' 'M' 'M' 'M' 'M' 'M' 'M' 'U'
 'M' 'M' 'U' 'M' 'M' 'U' 'M' 'M' 'M' 'M' 'M' 'M' 'M' 'M' 'M' 'M' 'M' 'M'
 'M' 'M' 'M' 'M' 'M' 'M' 'M' 'M' 'M' 'M' 'M' 'U' 'U' 'M' 'M' 'M' 'M' 'U'
 'M' 'M' 'M' 'M' 'U' 'U' 'M' 'U' 'U' 'U' 'U' 'U' 'M' 'M' 'M' 'M' 'M' 'M'
 'M' 'M' 'M' 'M' 'M' 'U' 'U' 'M' 'M' 'M' 'M' 'M' 'M' 'M' 'M' 'M' 'M' 'M'
 'U' 'M' 'M' 'M' 'U' 'M' 'M' 'M' 'M' 'M' 'M' 'M' 'U' 'M' 'M' 'M' 'M' 'M'
 'M' 'M' 'M' 'M' 'U' 'M' 'M' 'M' 'U' 'M' 'M' 'U' 'M' 'U' 'M' 'U' 'U' 'M']"
495501,0,161,2,159,37,0,0,"['A' 'M' 'M' 'M' 'M' 'M' 'M' 'U' 'M' 'M' 'M' 'M' 'M' 'M' 'M' 'M' 'U' 'M'
 'M' 'U' 'M' 'M' 'M' 'M' 'M' 'M' 'M' 'M' 'M' 'U' 'U' 'M' 'M' 'M' 'M' 'M'
 'M' 'M' 'M' 'M' 'M' 'M' 'M' 'M' 'M' 'M' 'M' 'M' 'M' 'M' 'M' 'M' 'M' 'M'
 'M' 'M' 'U' 'U' 'M' 'M' 'M' 'M' 'M' 'U' 'M' 'M' 'M' 'M' 'M' 'M' 'M' 'U'
 'M' 'M' 'M' 'M' 'U' 'M' 'M' 'M' 'M' 'U' 'M' 'M' 'M' 'M' 'U' 'U' 'M' 'M'
 'M' 'M' 'M' 'M' 'M' 'U' 'M' 'U' 'M' 'M' 'M' 'M' 'M' 'M' 'M' 'M' 'U' 'M'
 'M' 'M' 'M' 'M' 'M' 'M' 'M' 'M' 'M' 'M' 'M' 'U' 'U' 'M' 'M' 'M' 'M' 'U'
 'M' 'M' 'M' 'M' 'U' 'U' 'U' 'U' 'U' 'U' 'U' 'U' 'U' 'M' 'M' 'M' 'M' 'M'
 'M' 'M' 'M' 'M' 'M' 'U' 'U' 'M' 'M' 'M' 'M' 'M' 'M' 'M' 'M' 'M' 'M' 'M'
 'U' 'M' 'M' 'M' 'A' 'M' 'M' 'M' 'M' 'M' 'M' 'M' 'U' 'M' 'M' 'M' 'M' 'M'
 'M' 'M' 'M' 'M' 'M' 'M' 'M' 'M' 'U' 'M' 'M' 'U' 'U' 'U' 'M' 'M' 'U' 'M']"
495601,0,167,3,164,31,0,0,"['A' 'M' 'M' 'M' 'M' 'M' 'M' 'M' 'M' 'M' 'M' 'M' 'M' 'U' 'M' 'M' 'M' 'M'
 'M' 'U' 'M' 'M' 'M' 'M' 'M' 'M' 'M' 'M' 'M' 'M' 'U' 'M' 'M' 'M' 'M' 'M'
 'M' 'M' 'M' 'M' 'M' 'M' 'M' 'M' 'M' 'M' 'M' 'M' 'M' 'M' 'M' 'M' 'M' 'M'
 'M' 'M' 'U' 'U' 'M' 'M' 'M' 'M' 'M' 'M' 'M' 'M' 'M' 'M' 'U' 'M' 'M' 'M'
 'M' 'M' 'U' 'U' 'M' 'M' 'M' 'M' 'M' 'M' 'M' 'U' 'M' 'M' 'M' 'M' 'M' 'M'
 'U' 'M' 'M' 'M' 'M' 'U' 'M' 'M' 'M' 'M' 'M' 'M' 'M' 'M' 'M' 'M' 'U' 'M'
 'M' 'M' 'M' 'M' 'M' 'M' 'M' 'U' 'M' 'M' 'M' 'M' 'U' 'M' 'M' 'M' 'M' 'U'
 'M' 'M' 'M' 'M' 'U' 'M' 'M' 'U' 'M' 'U' 'U' 'A' 'U' 'M' 'M' 'M' 'M' 'M'
 'M' 'M' 'M' 'M' 'M' 'U' 'U' 'M' 'M' 'M' 'M' 'M' 'M' 'U' 'M' 'M' 'M' 'M'
 'U' 'M' 'M' 'M' 'A' 'M' 'M' 'M' 'M' 'M' 'M' 'M' 'M' 'M' 'M' 'M' 'M' 'M'
 'U' 'M' 'M' 'M' 'M' 'M' 'M' 'M' 'U' 'M' 'M' 'U' 'U' 'U' 'U' 'M' 'U' 'M']"
495701,0,167,3,164,31,0,0,"['A' 'M' 'M' 'M' 'M' 'M' 'M' 'M' 'M' 'M' 'M' 'M' 'M' 'U' 'M' 'M' 'M' 'M'
 'M' 'U' 'M' 'M' 'M' 'M' 'U' 'M' 'M' 'M' 'M' 'U' 'U' 'M' 'M' 'M' 'M' 'M'
 'M' 'M' 'M' 'M' 'M' 'M' 'M' 'M' 'M' 'M' 'M' 'M' 'M' 'M' 'M' 'M' 'M' 'M'
 'M' 'M' 'U' 'U' 'M' 'M' 'M' 'M' 'M' 'M' 'M' 'M' 'M' 'M' 'M' 'M' 'M' 'M'
 'M' 'U' 'M' 'M' 'M' 'M' 'U' 'M' 'M' 'M' 'M' 'M' 'U' 'M' 'M' 'M' 'M' 'M'
 'M' 'M' 'U' 'M' 'U' 'U' 'U' 'M' 'M' 'M' 'M' 'M' 'M' 'M' 'M' 'M' 'M' 'M'
 'U' 'M' 'M' 'M' 'M' 'U' 'M' 'M' 'M' 'M' 'M' 'M' 'U' 'M' 'M' 'M' 'M' 'U'
 'M' 'M' 'M' 'M' 'U' 'M' 'M' 'U' 'M' 'M' 'U' 'A' 'M' 'M' 'M' 'M' 'M' 'M'
 'U' 'M' 'M' 'M' 'M' 'U' 'M' 'M' 'M' 'M' 'M' 'M' 'M' 'U' 'M' 'M' 'M' 'M'
 'U' 'M' 'M' 'M' 'A' 'M' 'M' 'M' 'M' 'M' 'U' 'M' 'M' 'U' 'M' 'M' 'M' 'M'
 'U' 'M' 'M' 'M' 'M' 'M' 'M' 'M' 'U' 'M' 'M' 'U' 'M' 'M' 'U' 'M' 'M' 'M']"
495801,0,164,2,162,34,0,1,"['A' 'M' 'M' 'M' 'M' 'M' 'M' 'M' 'M' 'M' 'M' 'M' 'M' 'U' 'M' 'M' 'M' 'M'
 'M' 'U' 'M' 'M' 'M' 'M' 'M' 'M' 'M' 'M' 'M' 'U' 'U' 'M' 'M' 'M' 'M' 'M'
 'M' 'M' 'M' 'M' 'M' 'M' 'M' 'M' 'U' 'M' 'M' 'U' 'M' 'M' 'M' 'M' 'M' 'M'
 'M' 'M' 'M' 'M' 'M' 'M' 'M' 'M' 'M' 'M' 'M' 'M' 'M' 'U' 'M' 'M' 'M' 'U'
 'U' 'M' 'M' 'M' 'M' 'M' 'M' 'M' 'M' 'M' 'M' 'M' 'M' 'M' 'U' 'M' 'U' 'M'
 'M' 'M' 'M' 'M' 'M' 'U' 'U' 'M' 'M' 'M' 'M' 'M' 'M' 'M' 'M' 'M' 'M' 'M'
 'M' 'M' 'U' 'M' 'U' 'U' 'M' 'M' 'M' 'M' 'M' 'M' 'U' 'M' 'M' 'M' 'M' 'U'
 'M' 'M' 'U' 'M' 'U' 'M' 'U' 'U' 'U' 'U' 'M' 'A' 'U' 'M' 'M' 'M' 'M' 'M'
 'U' 'M' 'M' 'M' 'M' 'M' 'M' 'M' 'M' 'M' 'M' 'M' 'M' 'U' 'M' 'M' 'M' 'M'
 'M' 'M' 'M' 'M' 'U' 'M' 'M' 'M' 'M' 'M' 'U' 'M' 'M' 'U' 'M' 'M' 'M' 'M'
 'U' 'M' 'M' 'M' 'M' 'M' 'M' 'M' 'U' 'M' 'M' 'U' 'M' 'M' 'U' 'M' 'M' 'M']"
495901,0,161,2,159,37,0,0,"['A' 'M' 'M' 'M' 'M' 'M' 'M' 'M' 'M' 'M' 'M' 'M' 'M' 'M' 'M' 'M' 'M' 'M'
 'U' 'U' 'M' 'M' 'M' 'M' 'M' 'U' 'M' 'M' 'M' 'U' 'M' 'M' 'M' 'M' 'M' 'M'
 'M' 'M' 'M' 'M' 'M' 'M' 'M' 'M' 'M' 'M' 'M' 'U' 'M' 'M' 'M' 'M' 'M' 'M'
 'M' 'M' 'M' 'M' 'M' 'M' 'M' 'M' 'M' 'M' 'M' 'U' 'M' 'U' 'M' 'M' 'U' 'M'
 'M' 'M' 'M' 'M' 'M' 'M' 'U' 'U' 'M' 'M' 'M' 'M' 'M' 'M' 'M' 'M' 'M' 'M'
 'M' 'M' 'M' 'M' 'M' 'U' 'U' 'M' 'M' 'M' 'M' 'U' 'M' 'M' 'M' 'M' 'M' 'M'
 'M' 'M' 'U' 'M' 'U' 'U' 'M' 'M' 'M' 'M' 'M' 'M' 'U' 'M' 'M' 'M' 'M' 'U'
 'M' 'M' 'U' 'M' 'U' 'U' 'U' 'U' 'U' 'U' 'M' 'A' 'U' 'M' 'M' 'M' 'M' 'M'
 'U' 'M' 'M' 'M' 'U' 'M' 'M' 'M' 'U' 'M' 'U' 'M' 'M' 'U' 'M' 'M' 'M' 'M'
 'M' 'M' 'M' 'M' 'U' 'M' 'M' 'M' 'M' 'M' 'U' 'U' 'M' 'U' 'M' 'M' 'M' 'M'
 'U' 'M' 'M' 'M' 'M' 'M' 'M' 'M' 'U' 'M' 'M' 'M' 'M' 'M' 'M' 'M' 'M' 'M']"
496001,0,160,2,158,38,0,0,"['A' 'M' 'M' 'M' 'M' 'U' 'M' 'M' 'M' 'M' 'M' 'M' 'M' 'M' 'M' 'M' 'M' 'M'
 'M' 'U' 'M' 'M' 'M' 'M' 'M' 'U' 'M' 'M' 'M' 'U' 'M' 'M' 'M' 'M' 'M' 'M'
 'U' 'M' 'U' 'M' 'M' 'M' 'M' 'M' 'M' 'M' 'M' 'U' 'M' 'M' 'M' 'M' 'M' 'M'
 'M' 'M' 'M' 'M' 'M' 'M' 'M' 'M' 'M' 'M' 'M' 'U' 'M' 'U' 'M' 'M' 'M' 'U'
 'M' 'M' 'U' 'M' 'M' 'M' 'M' 'M' 'U' 'M' 'M' 'M' 'M' 'M' 'M' 'M' 'M' 'M'
 'M' 'M' 'M' 'M' 'M' 'U' 'U' 'M' 'M' 'M' 'M' 'U' 'M' 'M' 'M' 'M' 'M' 'M'
 'M' 'M' 'U' 'M' 'U' 'M' 'M' 'M' 'U' 'M' 'M' 'M' 'U' 'M' 'M' 'U' 'M' 'U'
 'M' 'M' 'U' 'U' 'U' 'M' 'U' 'M' 'U' 'U' 'M' 'A' 'M' 'M' 'M' 'M' 'M' 'M'
 'M' 'M' 'M' 'M' 'U' 'M' 'M' 'M' 'U' 'M' 'U' 'M' 'M' 'M' 'M' 'M' 'M' 'U'
 'M' 'M' 'M' 'M' 'U' 'M' 'M' 'M' 'M' 'M' 'U' 'U' 'M' 'U' 'M' 'M' 'U' 'M'
 'U' 'M' 'M' 'M' 'M' 'M' 'M' 'M' 'U' 'M' 'M' 'M' 'M' 'M' 'M' 'M' 'M' 'M']"
496101,0,156,3,153,42,0,0,"['A' 'M' 'M' 'M' 'M' 'U' 'M' 'M' 'M' 'M' 'M' 'M' 'M' 'M' 'M' 'U' 'M' 'M'
 'M' 'U' 'M' 'M' 'M' 'M' 'M' 'U' 'M' 'M' 'M' 'M' 'U' 'M' 'M' 'M' 'M' 'M'
 'U' 'M' 'U' 'M' 'M' 'M' 'M' 'M' 'M' 'M' 'M' 'U' 'M' 'M' 'M' 'M' 'M' 'M'
 'M' 'M' 'M' 'M' 'M' 'M' 'M' 'M' 'M' 'M' 'M' 'M' 'M' 'M' 'M' 'M' 'M' 'M'
 'M' 'M' 'M' 'M' 'M' 'U' 'U' 'U' 'M' 'U' 'M' 'M' 'M' 'M' 'M' 'M' 'M' 'M'
 'M' 'M' 'U' 'M' 'M' 'A' 'M' 'M' 'M' 'M' 'M' 'U' 'M' 'U' 'M' 'M' 'M' 'M'
 'M' 'U' 'M' 'M' 'U' 'M' 'M' 'M' 'U' 'M' 'M' 'M' 'U' 'M' 'M' 'U' 'M' 'U'
 'M' 'M' 'U' 'U' 'U' 'U' 'U' 'U' 'M' 'U' 'M' 'A' 'U' 'M' 'M' 'M' 'M' 'M'
 'M' 'U' 'M' 'M' 'U' 'M' 'M' 'M' 'U' 'M' 'M' 'M' 'M' 'M' 'M' 'M' 'M' 'M'
 'M' 'M' 'M' 'U' 'U' 'M' 'M' 'M' 'M' 'M' 'U' 'U' 'M' 'U' 'M' 'M' 'M' 'M'
 'U' 'U' 'U' 'U' 'M' 'M' 'M' 'M' 'U' 'M' 'M' 'M' 'M' 'M' 'M' 'M' 'M' 'M']"
496201,2,160,6,154,38,0,0,"['A' 'M' 'M' 'M' 'M' 'U' 'M' 'M' 'M' 'M' 'M' 'M' 'M' 'A' 'M' 'U' 'M' 'M'
 'M' 'U' 'M' 'M' 'M' 'M' 'M' 'M' 'U' 'M' 'M' 'M' 'U' 'M' 'M' 'M' 'M' 'M'
 'U' 'M' 'U' 'M' 'M' 'M' 'M' 'M' 'M' 'M' 'U' 'U' 'M' 'M' 'M' 'M' 'M' 'M'
 'U' 'M' 'M' 'M' 'M' 'M' 'M' 'M' 'M' 'M' 'M' 'U' 'M' 'M' 'U' 'U' 'M' 'M'
 'M' 'M' 'M' 'U' 'M' 'M' 'M' 'U' 'M' 'M' 'M' 'M' 'M' 'M' 'M' 'M' 'M' 'M'
 'M' 'M' 'M' 'M' 'M' 'A' 'M' 'M' 'M' 'M' 'M' 'M' 'U' 'U' 'M' 'M' 'M' 'M'
 'M' 'U' 'M' 'M' 'M' 'M' 'M' 'M' 'M' 'M' 'M' 'M' 'U' 'M' 'M' 'M' 'M' 'M'
 'M' 'M' 'U' 'U' 'U' 'A' 'U' 'U' 'U' 'U' 'U' 'A' 'U' 'M' 'M' 'M' 'M' 'M'
 'M' 'U' 'M' 'M' 'U' 'M' 'M' 'M' 'A' 'M' 'M' 'M' 'M' 'M' 'M' 'M' 'M' 'M'
 'M' 'M' 'M' 'M' 'U' 'M' 'U' 'M' 'M' 'U' 'U' 'M' 'M' 'M' 'M' 'M' 'M' 'M'
 'U' 'M' 'U' 'M' 'M' 'M' 'M' 'M' 'U' 'M' 'M' 'M' 'M' 'U' 'M' 'M' 'M' 'M']"
496301,0,158,5,153,40,0,0,"['A' 'M' 'M' 'M' 'M' 'U' 'M' 'M' 'M' 'M' 'M' 'M' 'M' 'A' 'M' 'U' 'M' 'M'
 'M' 'U' 'M' 'M' 'M' 'U' 'M' 'M' 'U' 'M' 'M' 'M' 'U' 'M' 'M' 'M' 'M' 'U'
 'U' 'M' 'U' 'M' 'M' 'M' 'M' 'M' 'M' 'M' 'U' 'U' 'M' 'M' 'M' 'M' 'M' 'M'
 'U' 'M' 'M' 'M' 'M' 'M' 'M' 'M' 'M' 'M' 'M' 'M' 'U' 'M' 'M' 'M' 'M' 'M'
 'M' 'M' 'M' 'M' 'M' 'U' 'M' 'M' 'U' 'M' 'M' 'M' 'M' 'M' 'M' 'M' 'U' 'M'
 'M' 'M' 'M' 'M' 'U' 'U' 'M' 'M' 'M' 'M' 'M' 'M' 'U' 'U' 'M' 'M' 'M' 'M'
 'M' 'U' 'M' 'M' 'M' 'M' 'M' 'M' 'M' 'M' 'M' 'M' 'U' 'M' 'M' 'M' 'M' 'M'
 'M' 'M' 'U' 'U' 'U' 'A' 'U' 'U' 'U' 'U' 'U' 'A' 'U' 'M' 'M' 'U' 'M' 'M'
 'M' 'U' 'M' 'M' 'M' 'M' 'M' 'M' 'A' 'U' 'M' 'M' 'M' 'M' 'M' 'M' 'M' 'M'
 'M' 'M' 'M' 'M' 'U' 'M' 'U' 'M' 'M' 'U' 'U' 'M' 'M' 'M' 'M' 'M' 'M' 'M'
 'M' 'M' 'M' 'M' 'M' 'M' 'M' 'M' 'U' 'M' 'M' 'M' 'M' 'U' 'M' 'M' 'M' 'M']"
496401,0,168,3,165,30,0,0,"['A' 'M' 'M' 'M' 'M' 'U' 'M' 'M' 'M' 'M' 'U' 'M' 'M' 'U' 'M' 'M' 'M' 'M'
 'M' 'U' 'M' 'M' 'M' 'U' 'M' 'M' 'M' 'M' 'M' 'M' 'M' 'M' 'M' 'M' 'M' 'U'
 'M' 'M' 'M' 'M' 'M' 'M' 'M' 'M' 'M' 'M' 'M' 'U' 'M' 'M' 'U' 'M' 'M' 'M'
 'U' 'M' 'M' 'M' 'M' 'M' 'M' 'M' 'M' 'M' 'M' 'M' 'M' 'M' 'U' 'M' 'M' 'M'
 'M' 'M' 'M' 'M' 'M' 'M' 'M' 'M' 'M' 'U' 'M' 'M' 'M' 'U' 'M' 'M' 'U' 'M'
 'U' 'M' 'M' 'M' 'M' 'M' 'M' 'U' 'M' 'M' 'M' 'M' 'M' 'M' 'M' 'M' 'M' 'M'
 'M' 'U' 'M' 'M' 'M' 'M' 'M' 'M' 'M' 'M' 'M' 'M' 'U' 'M' 'M' 'M' 'M' 'M'
 'M' 'M' 'M' 'U' 'U' 'A' 'U' 'M' 'M' 'M' 'U' 'A' 'U' 'M' 'M' 'M' 'M' 'M'
 'M' 'U' 'M' 'M' 'M' 'M' 'M' 'M' 'U' 'U' 'M' 'M' 'M' 'M' 'M' 'M' 'M' 'M'
 'M' 'M' 'M' 'M' 'U' 'M' 'M' 'M' 'U' 'U' 'M' 'M' 'U' 'M' 'M' 'M' 'M' 'M'
 'M' 'M' 'M' 'M' 'M' 'M' 'M' 'M' 'U' 'M' 'M' 'M' 'M' 'M' 'M' 'M' 'M' 'M']"
496501,0,166,3,163,32,0,0,"['A' 'M' 'M' 'M' 'M' 'U' 'M' 'M' 'M' 'M' 'U' 'M' 'M' 'U' 'M' 'M' 'M' 'M'
 'M' 'U' 'M' 'M' 'M' 'U' 'M' 'M' 'M' 'M' 'M' 'M' 'M' 'M' 'M' 'M' 'M' 'U'
 'M' 'M' 'M' 'M' 'M' 'M' 'M' 'M' 'M' 'M' 'M' 'U' 'M' 'M' 'U' 'M' 'M' 'M'
 'U' 'M' 'M' 'M' 'M' 'M' 'M' 'M' 'M' 'M' 'M' 'U' 'M' 'M' 'M' 'M' 'M' 'M'
 'M' 'M' 'M' 'M' 'M' 'M' 'U' 'M' 'M' 'M' 'M' 'M' 'U' 'M' 'M' 'M' 'M' 'M'
 'M' 'U' 'M' 'U' 'M' 'M' 'M' 'M' 'M' 'M' 'M' 'M' 'M' 'M' 'M' 'M' 'M' 'M'
 'M' 'U' 'M' 'M' 'M' 'M' 'M' 'M' 'M' 'M' 'U' 'M' 'M' 'M' 'M' 'M' 'M' 'M'
 'M' 'M' 'M' 'U' 'M' 'U' 'U' 'U' 'U' 'U' 'U' 'A' 'A' 'M' 'M' 'M' 'M' 'M'
 'M' 'M' 'M' 'M' 'M' 'M' 'M' 'M' 'U' 'U' 'M' 'M' 'M' 'M' 'M' 'M' 'M' 'M'
 'M' 'M' 'U' 'M' 'U' 'M' 'M' 'M' 'M' 'U' 'M' 'M' 'U' 'M' 'M' 'M' 'M' 'M'
 'M' 'M' 'M' 'M' 'M' 'M' 'M' 'M' 'U' 'M' 'M' 'U' 'M' 'U' 'M' 'M' 'M' 'M']"
496601,1,162,4,158,36,0,0,"['A' 'M' 'M' 'M' 'M' 'U' 'M' 'M' 'M' 'M' 'U' 'M' 'M' 'U' 'M' 'M' 'M' 'M'
 'M' 'U' 'M' 'M' 'U' 'U' 'M' 'M' 'M' 'M' 'M' 'M' 'M' 'M' 'M' 'M' 'M' 'M'
 'M' 'M' 'U' 'M' 'M' 'M' 'M' 'M' 'M' 'M' 'M' 'U' 'M' 'M' 'U' 'M' 'M' 'M'
 'M' 'M' 'U' 'M' 'M' 'M' 'M' 'M' 'M' 'M' 'M' 'M' 'M' 'M' 'M' 'U' 'U' 'U'
 'M' 'M' 'M' 'M' 'M' 'M' 'M' 'M' 'U' 'M' 'M' 'M' 'M' 'M' 'M' 'U' 'M' 'M'
 'M' 'M' 'M' 'M' 'M' 'M' 'M' 'U' 'M' 'M' 'M' 'M' 'M' 'M' 'U' 'U' 'M' 'M'
 'M' 'M' 'M' 'M' 'M' 'U' 'M' 'M' 'M' 'M' 'M' 'M' 'M' 'M' 'M' 'M' 'M' 'M'
 'M' 'U' 'M' 'U' 'M' 'M' 'U' 'U' 'U' 'U' 'U' 'A' 'A' 'M' 'M' 'M' 'M' 'M'
 'M' 'M' 'M' 'M' 'M' 'M' 'M' 'M' 'U' 'A' 'M' 'M' 'U' 'U' 'M' 'M' 'M' 'U'
 'M' 'M' 'U' 'M' 'U' 'M' 'M' 'M' 'M' 'U' 'M' 'M' 'M' 'M' 'M' 'M' 'M' 'M'
 'M' 'M' 'M' 'M' 'M' 'M' 'M' 'M' 'U' 'M' 'M' 'U' 'M' 'M' 'M' 'M' 'M' 'U']"
496701,0,163,5,158,35,1,0,"['A' 'M' 'M' 'U' 'M' 'U' 'M' 'M' 'M' 'M' 'M' 'U' 'M' 'M' 'M' 'M' 'M' 'M'
 'M' 'U' 'M' 'M' 'U' 'U' 'M' 'M' 'M' 'U' 'M' 'M' 'M' 'M' 'M' 'M' 'M' 'M'
 'M' 'M' 'M' 'M' 'M' 'M' 'M' 'M' 'M' 'M' 'M' 'U' 'M' 'M' 'U' 'M' 'M' 'M'
 'M' 'M' 'U' 'M' 'M' 'M' 'M' 'M' 'M' 'M' 'M' 'M' 'U' 'M' 'M' 'M' 'M' 'M'
 'M' 'M' 'M' 'M' 'U' 'U' 'M' 'M' 'M' 'M' 'M' 'M' 'U' 'M' 'M' 'U' 'M' 'M'
 'M' 'M' 'M' 'M' 'M' 'M' 'M' 'M' 'M' 'M' 'M' 'M' 'M' 'M' 'U' 'U' 'M' 'M'
 'M' 'M' 'M' 'M' 'M' 'U' 'M' 'M' 'M' 'M' 'U' 'M' 'M' 'M' 'M' 'M' 'U' 'M'
 'M' 'U' 'M' 'M' 'M' 'M' 'M' 'U' 'M' 'U' 'U' 'A' 'A' 'M' 'M' 'M' 'M' 'M'
 'M' 'U' 'M' 'M' 'M' 'M' 'M' 'M' 'U' 'A' 'M' 'M' 'U' 'U' 'M' 'M' 'M' 'A'
 'U' 'M' 'U' 'M' 'U' 'M' 'M' 'M' 'M' 'U' 'M' 'M' 'M' 'M' 'M' 'M' 'U' 'M'
 'M' 'M' 'M' 'M' 'M' 'M' 'M' 'M' 'U' 'M' 'M' 'M' 'M' 'M' 'M' 'M' 'M' 'U']"
496801,1,151,4,147,47,0,0,"['A' 'M' 'M' 'U' 'M' 'M' 'M' 'M' 'M' 'M' 'U' 'U' 'M' 'M' 'M' 'M' 'M' 'M'
 'U' 'M' 'M' 'M' 'U' 'U' 'M' 'M' 'M' 'U' 'M' 'M' 'M' 'M' 'M' 'M' 'M' 'M'
 'M' 'M' 'M' 'M' 'M' 'U' 'M' 'M' 'M' 'M' 'M' 'M' 'M' 'U' 'U' 'M' 'M' 'M'
 'M' 'M' 'U' 'M' 'U' 'M' 'M' 'M' 'M' 'M' 'M' 'M' 'U' 'M' 'M' 'M' 'M' 'M'
 'M' 'U' 'M' 'M' 'M' 'M' 'U' 'M' 'M' 'M' 'M' 'U' 'M' 'M' 'M' 'M' 'U' 'M'
 'M' 'M' 'M' 'M' 'M' 'M' 'M' 'M' 'M' 'M' 'M' 'M' 'M' 'M' 'U' 'U' 'M' 'M'
 'M' 'M' 'M' 'M' 'M' 'U' 'M' 'M' 'M' 'M' 'M' 'M' 'M' 'U' 'M' 'M' 'U' 'M'
 'M' 'U' 'M' 'M' 'M' 'U' 'U' 'U' 'U' 'U' 'U' 'A' 'A' 'M' 'U' 'U' 'M' 'M'
 'M' 'U' 'M' 'M' 'M' 'M' 'M' 'M' 'U' 'A' 'M' 'U' 'U' 'U' 'M' 'U' 'M' 'U'
 'U' 'U' 'U' 'M' 'U' 'M' 'M' 'M' 'M' 'U' 'M' 'M' 'M' 'M' 'M' 'M' 'U' 'M'
 'M' 'M' 'M' 'M' 'M' 'M' 'M' 'M' 'U' 'M' 'M' 'U' 'M' 'M' 'M' 'M' 'M' 'U']"
496901,0,152,5,147,46,0,0,"['A' 'M' 'M' 'U' 'M' 'M' 'M' 'M' 'M' 'M' 'U' 'U' 'M' 'M' 'M' 'M' 'M' 'M'
 'U' 'M' 'U' 'M' 'U' 'U' 'M' 'M' 'M' 'M' 'U' 'M' 'M' 'M' 'M' 'M' 'M' 'M'
 'U' 'M' 'M' 'M' 'M' 'M' 'M' 'U' 'M' 'M' 'M' 'M' 'M' 'U' 'U' 'M' 'M' 'M'
 'M' 'M' 'U' 'M' 'U' 'M' 'M' 'M' 'M' 'M' 'M' 'M' 'M' 'M' 'M' 'M' 'M' 'M'
 'M' 'M' 'M' 'M' 'U' 'U' 'M' 'M' 'M' 'M' 'M' 'U' 'U' 'M' 'M' 'U' 'M' 'M'
 'M' 'M' 'M' 'M' 'M' 'M' 'M' 'M' 'M' 'M' 'M' 'M' 'M' 'M' 'U' 'U' 'M' 'M'
 'M' 'M' 'M' 'M' 'M' 'U' 'M' 'M' 'M' 'M' 'M' 'M' 'M' 'U' 'M' 'M' 'U' 'M'
 'M' 'M' 'M' 'M' 'M' 'U' 'U' 'U' 'M' 'U' 'U' 'A' 'U' 'U' 'M' 'U' 'M' 'M'
 'M' 'U' 'M' 'M' 'M' 'M' 'M' 'M' 'U' 'A' 'M' 'U' 'U' 'U' 'M' 'U' 'M' 'U'
 'A' 'U' 'U' 'M' 'A' 'M' 'M' 'M' 'M' 'U' 'M' 'M' 'M' 'M' 'M' 'M' 'U' 'M'
 'M' 'M' 'M' 'M' 'M' 'M' 'M' 'M' 'U' 'M' 'M' 'U' 'M' 'M' 'M' 'M' 'M' 'U']"
497001,0,152,4,148,46,0,0,"['A' 'M' 'M' 'U' 'M' 'M' 'M' 'M' 'M' 'M' 'U' 'M' 'M' 'M' 'M' 'M' 'M' 'M'
 'U' 'M' 'U' 'M' 'M' 'U' 'M' 'M' 'M' 'M' 'U' 'M' 'M' 'M' 'M' 'M' 'M' 'M'
 'M' 'M' 'M' 'M' 'M' 'U' 'M' 'U' 'M' 'M' 'M' 'M' 'M' 'U' 'U' 'M' 'U' 'M'
 'M' 'M' 'U' 'M' 'M' 'U' 'M' 'M' 'M' 'M' 'M' 'M' 'M' 'U' 'M' 'M' 'M' 'M'
 'M' 'M' 'M' 'U' 'M' 'M' 'M' 'M' 'M' 'M' 'M' 'M' 'M' 'M' 'M' 'M' 'M' 'U'
 'M' 'U' 'M' 'U' 'M' 'M' 'M' 'M' 'M' 'M' 'M' 'M' 'M' 'M' 'M' 'U' 'M' 'M'
 'M' 'M' 'M' 'M' 'M' 'M' 'M' 'M' 'U' 'U' 'M' 'M' 'M' 'U' 'U' 'M' 'M' 'M'
 'M' 'U' 'M' 'M' 'M' 'M' 'U' 'U' 'M' 'U' 'U' 'A' 'M' 'U' 'M' 'U' 'M' 'M'
 'M' 'U' 'M' 'M' 'M' 'M' 'M' 'M' 'U' 'A' 'M' 'U' 'U' 'U' 'M' 'U' 'M' 'U'
 'U' 'U' 'U' 'M' 'A' 'M' 'M' 'M' 'M' 'M' 'U' 'M' 'U' 'M' 'M' 'M' 'U' 'M'
 'M' 'M' 'M' 'M' 'M' 'M' 'M' 'M' 'U' 'M' 'M' 'U' 'M' 'M' 'U' 'M' 'M' 'M']"
497101,0,153,4,149,45,0,0,"['A' 'M' 'M' 'U' 'M' 'M' 'M' 'M' 'M' 'M' 'U' 'M' 'M' 'M' 'M' 'M' 'M' 'M'
 'U' 'M' 'U' 'M' 'M' 'U' 'M' 'M' 'M' 'M' 'U' 'M' 'U' 'M' 'M' 'M' 'M' 'M'
 'M' 'U' 'U' 'M' 'M' 'U' 'M' 'U' 'M' 'M' 'M' 'M' 'M' 'U' 'U' 'M' 'M' 'M'
 'M' 'M' 'U' 'M' 'M' 'M' 'M' 'M' 'M' 'M' 'M' 'M' 'M' 'U' 'M' 'M' 'M' 'M'
 'M' 'U' 'M' 'M' 'U' 'M' 'M' 'M' 'M' 'M' 'M' 'M' 'M' 'M' 'M' 'M' 'M' 'U'
 'M' 'M' 'U' 'M' 'M' 'M' 'M' 'M' 'M' 'M' 'M' 'M' 'M' 'M' 'M' 'M' 'M' 'M'
 'M' 'M' 'M' 'M' 'M' 'M' 'M' 'M' 'U' 'U' 'M' 'M' 'M' 'U' 'M' 'M' 'M' 'M'
 'M' 'U' 'M' 'M' 'M' 'M' 'U' 'U' 'U' 'M' 'U' 'A' 'U' 'M' 'M' 'U' 'M' 'M'
 'M' 'U' 'M' 'M' 'M' 'M' 'M' 'M' 'U' 'A' 'M' 'U' 'U' 'U' 'M' 'U' 'M' 'U'
 'U' 'U' 'U' 'M' 'A' 'M' 'U' 'M' 'M' 'M' 'U' 'M' 'U' 'M' 'M' 'M' 'M' 'M'
 'M' 'M' 'M' 'M' 'M' 'M' 'M' 'M' 'U' 'M' 'M' 'U' 'M' 'M' 'U' 'M' 'M' 'M']"
497201,0,160,4,156,38,0,0,"['A' 'M' 'M' 'U' 'M' 'M' 'M' 'M' 'M' 'M' 'U' 'M' 'M' 'M' 'M' 'M' 'M' 'M'
 'U' 'M' 'A' 'M' 'M' 'U' 'M' 'M' 'M' 'M' 'U' 'M' 'M' 'M' 'M' 'M' 'M' 'M'
 'M' 'M' 'M' 'M' 'M' 'M' 'M' 'U' 'M' 'M' 'M' 'M' 'M' 'M' 'U' 'M' 'M' 'M'
 'M' 'M' 'A' 'M' 'M' 'M' 'M' 'M' 'M' 'M' 'M' 'M' 'M' 'M' 'U' 'M' 'M' 'M'
 'M' 'M' 'M' 'U' 'M' 'U' 'M' 'M' 'M' 'M' 'U' 'M' 'M' 'M' 'M' 'M' 'M' 'M'
 'M' 'M' 'M' 'U' 'M' 'M' 'M' 'M' 'M' 'M' 'M' 'M' 'M' 'M' 'M' 'M' 'M' 'M'
 'M' 'M' 'M' 'M' 'M' 'M' 'M' 'M' 'U' 'U' 'M' 'M' 'M' 'U' 'M' 'M' 'M' 'M'
 'M' 'U' 'M' 'M' 'M' 'M' 'U' 'M' 'M' 'M' 'U' 'U' 'U' 'M' 'M' 'M' 'M' 'M'
 'M' 'M' 'M' 'M' 'M' 'M' 'U' 'M' 'U' 'U' 'U' 'U' 'M' 'U' 'M' 'U' 'M' 'U'
 'U' 'U' 'U' 'M' 'A' 'M' 'U' 'M' 'M' 'M' 'U' 'M' 'U' 'M' 'U' 'M' 'M' 'M'
 'M' 'M' 'M' 'M' 'M' 'M' 'M' 'M' 'U' 'M' 'M' 'U' 'M' 'M' 'U' 'M' 'M' 'M']"
497301,0,160,3,157,38,0,0,"['A' 'M' 'M' 'U' 'M' 'M' 'M' 'M' 'M' 'M' 'M' 'M' 'M' 'M' 'M' 'M' 'M' 'M'
 'U' 'M' 'A' 'M' 'M' 'U' 'M' 'M' 'M' 'M' 'U' 'M' 'M' 'M' 'M' 'M' 'M' 'M'
 'M' 'M' 'M' 'M' 'M' 'M' 'M' 'U' 'M' 'M' 'M' 'M' 'M' 'M' 'M' 'M' 'M' 'M'
 'M' 'M' 'A' 'M' 'M' 'M' 'M' 'M' 'M' 'U' 'M' 'M' 'U' 'M' 'M' 'M' 'M' 'M'
 'U' 'M' 'M' 'M' 'U' 'M' 'M' 'M' 'U' 'M' 'M' 'M' 'M' 'M' 'U' 'M' 'M' 'M'
 'M' 'M' 'M' 'M' 'M' 'M' 'M' 'M' 'M' 'U' 'M' 'M' 'M' 'M' 'M' 'M' 'M' 'M'
 'M' 'M' 'M' 'M' 'M' 'M' 'M' 'M' 'U' 'M' 'M' 'M' 'U' 'U' 'M' 'U' 'M' 'M'
 'M' 'U' 'M' 'U' 'M' 'M' 'U' 'M' 'M' 'M' 'U' 'U' 'U' 'M' 'M' 'M' 'M' 'M'
 'M' 'M' 'M' 'M' 'M' 'M' 'U' 'M' 'U' 'M' 'U' 'U' 'M' 'U' 'M' 'U' 'M' 'U'
 'U' 'U' 'M' 'M' 'U' 'M' 'U' 'M' 'M' 'M' 'M' 'M' 'M' 'M' 'U' 'M' 'M' 'U'
 'M' 'M' 'M' 'M' 'U' 'M' 'M' 'M' 'U' 'M' 'M' 'M' 'M' 'M' 'M' 'M' 'U' 'M']"
497401,0,164,4,160,34,0,0,"['A' 'M' 'M' 'U' 'M' 'M' 'M' 'M' 'M' 'M' 'M' 'M' 'M' 'M' 'M' 'M' 'M' 'M'
 'U' 'M' 'A' 'M' 'M' 'U' 'M' 'M' 'M' 'M' 'M' 'M' 'M' 'M' 'M' 'U' 'M' 'M'
 'M' 'M' 'M' 'M' 'M' 'M' 'M' 'M' 'U' 'M' 'M' 'M' 'M' 'M' 'M' 'M' 'U' 'M'
 'M' 'M' 'A' 'M' 'M' 'M' 'M' 'U' 'M' 'U' 'M' 'M' 'M' 'M' 'M' 'M' 'M' 'M'
 'M' 'M' 'M' 'M' 'M' 'M' 'M' 'M' 'U' 'U' 'M' 'M' 'M' 'U' 'U' 'M' 'M' 'M'
 'M' 'M' 'M' 'U' 'M' 'M' 'M' 'M' 'M' 'U' 'M' 'M' 'M' 'M' 'M' 'M' 'M' 'M'
 'M' 'M' 'M' 'M' 'M' 'M' 'M' 'M' 'U' 'M' 'M' 'M' 'U' 'M' 'M' 'M' 'M' 'M'
 'M' 'M' 'M' 'U' 'M' 'M' 'M' 'M' 'M' 'M' 'U' 'U' 'M' 'M' 'M' 'M' 'M' 'M'
 'M' 'M' 'M' 'M' 'M' 'M' 'U' 'M' 'A' 'M' 'U' 'U' 'M' 'U' 'M' 'U' 'M' 'U'
 'U' 'U' 'M' 'M' 'U' 'M' 'U' 'M' 'M' 'M' 'M' 'M' 'M' 'M' 'U' 'M' 'M' 'M'
 'M' 'M' 'M' 'M' 'U' 'M' 'M' 'M' 'U' 'M' 'M' 'M' 'M' 'M' 'M' 'M' 'U' 'U']"
497501,0,169,5,164,29,0,0,"['A' 'M' 'M' 'U' 'M' 'M' 'M' 'M' 'M' 'U' 'M' 'M' 'M' 'M' 'M' 'M' 'M' 'M'
 'U' 'M' 'A' 'M' 'M' 'U' 'M' 'M' 'M' 'M' 'M' 'M' 'M' 'M' 'M' 'U' 'M' 'M'
 'M' 'M' 'M' 'M' 'M' 'M' 'M' 'M' 'M' 'M' 'M' 'M' 'M' 'M' 'M' 'M' 'U' 'M'
 'M' 'M' 'A' 'M' 'M' 'U' 'M' 'U' 'M' 'U' 'M' 'U' 'M' 'M' 'M' 'M' 'M' 'M'
 'M' 'M' 'M' 'M' 'M' 'M' 'M' 'U' 'M' 'U' 'M' 'U' 'M' 'M' 'M' 'M' 'M' 'M'
 'M' 'M' 'M' 'U' 'M' 'M' 'M' 'M' 'M' 'U' 'M' 'M' 'M' 'M' 'M' 'M' 'M' 'M'
 'M' 'M' 'M' 'M' 'M' 'M' 'M' 'M' 'M' 'M' 'M' 'M' 'U' 'M' 'M' 'M' 'M' 'M'
 'M' 'M' 'M' 'U' 'M' 'M' 'A' 'M' 'M' 'M' 'M' 'U' 'M' 'M' 'M' 'M' 'M' 'M'
 'M' 'M' 'M' 'M' 'U' 'M' 'M' 'M' 'A' 'M' 'M' 'M' 'M' 'M' 'M' 'U' 'M' 'U'
 'U' 'U' 'M' 'M' 'U' 'M' 'M' 'M' 'M' 'M' 'M' 'M' 'M' 'M' 'M' 'M' 'U' 'M'
 'M' 'M' 'M' 'M' 'U' 'M' 'M' 'U' 'U' 'M' 'M' 'M' 'M' 'M' 'M' 'M' 'U' 'M']"
497601,0,167,5,162,31,0,1,"['A' 'M' 'M' 'U' 'M' 'M' 'M' 'M' 'M' 'U' 'M' 'M' 'M' 'M' 'M' 'M' 'M' 'M'
 'U' 'M' 'A' 'M' 'M' 'U' 'M' 'M' 'M' 'M' 'M' 'M' 'M' 'M' 'M' 'M' 'M' 'M'
 'M' 'M' 'M' 'M' 'M' 'M' 'M' 'M' 'M' 'M' 'M' 'M' 'M' 'M' 'M' 'M' 'U' 'M'
 'M' 'M' 'A' 'M' 'M' 'U' 'M' 'U' 'M' 'U' 'U' 'M' 'M' 'U' 'M' 'M' 'M' 'M'
 'M' 'M' 'U' 'M' 'M' 'M' 'M' 'M' 'M' 'M' 'M' 'M' 'U' 'M' 'M' 'M' 'U' 'M'
 'M' 'M' 'M' 'M' 'U' 'M' 'M' 'M' 'M' 'U' 'M' 'M' 'M' 'M' 'M' 'M' 'M' 'M'
 'M' 'M' 'M' 'M' 'M' 'M' 'M' 'U' 'M' 'M' 'M' 'M' 'U' 'M' 'M' 'M' 'M' 'M'
 'M' 'M' 'M' 'U' 'M' 'M' 'U' 'M' 'M' 'M' 'M' 'M' 'M' 'M' 'M' 'M' 'M' 'M'
 'M' 'U' 'M' 'M' 'A' 'M' 'M' 'M' 'A' 'M' 'M' 'M' 'U' 'M' 'M' 'U' 'M' 'M'
 'U' 'U' 'M' 'M' 'U' 'M' 'M' 'M' 'M' 'M' 'M' 'M' 'M' 'M' 'M' 'M' 'U' 'M'
 'M' 'M' 'M' 'U' 'U' 'M' 'M' 'U' 'U' 'M' 'M' 'M' 'M' 'M' 'M' 'M' 'U' 'M']"
497701,0,168,4,164,30,0,0,"['A' 'M' 'M' 'U' 'M' 'M' 'M' 'M' 'M' 'M' 'M' 'M' 'M' 'M' 'M' 'M' 'M' 'M'
 'M' 'M' 'A' 'M' 'M' 'U' 'M' 'M' 'M' 'M' 'M' 'M' 'M' 'M' 'M' 'M' 'M' 'M'
 'M' 'M' 'M' 'M' 'M' 'M' 'M' 'M' 'M' 'M' 'M' 'M' 'M' 'M' 'M' 'U' 'M' 'M'
 'M' 'M' 'M' 'M' 'M' 'U' 'M' 'U' 'M' 'U' 'U' 'M' 'M' 'M' 'U' 'M' 'M' 'M'
 'M' 'U' 'M' 'M' 'U' 'M' 'M' 'M' 'M' 'M' 'M' 'M' 'M' 'M' 'M' 'M' 'U' 'U'
 'M' 'M' 'M' 'M' 'M' 'M' 'M' 'M' 'M' 'U' 'M' 'M' 'M' 'M' 'M' 'M' 'M' 'M'
 'M' 'M' 'M' 'M' 'U' 'M' 'M' 'U' 'M' 'M' 'M' 'M' 'U' 'M' 'M' 'M' 'M' 'M'
 'U' 'M' 'M' 'U' 'M' 'M' 'M' 'M' 'U' 'M' 'U' 'M' 'M' 'M' 'M' 'M' 'M' 'M'
 'M' 'U' 'M' 'M' 'A' 'M' 'M' 'M' 'U' 'M' 'M' 'M' 'A' 'M' 'U' 'M' 'M' 'M'
 'U' 'U' 'M' 'M' 'U' 'M' 'M' 'M' 'M' 'M' 'M' 'M' 'M' 'M' 'M' 'M' 'M' 'M'
 'M' 'M' 'M' 'U' 'U' 'M' 'M' 'U' 'M' 'M' 'M' 'M' 'M' 'M' 'M' 'M' 'U' 'M']"
497801,0,168,2,166,30,0,0,"['A' 'M' 'M' 'M' 'M' 'M' 'M' 'M' 'M' 'M' 'M' 'M' 'M' 'M' 'M' 'M' 'M' 'M'
 'M' 'M' 'U' 'U' 'M' 'U' 'M' 'M' 'M' 'M' 'M' 'M' 'M' 'M' 'M' 'M' 'M' 'M'
 'M' 'M' 'M' 'M' 'M' 'M' 'M' 'M' 'M' 'M' 'M' 'M' 'M' 'M' 'M' 'U' 'M' 'M'
 'M' 'M' 'M' 'M' 'M' 'U' 'M' 'U' 'M' 'M' 'U' 'M' 'M' 'U' 'M' 'M' 'M' 'M'
 'M' 'M' 'M' 'U' 'M' 'M' 'M' 'M' 'M' 'M' 'U' 'M' 'M' 'M' 'M' 'M' 'U' 'M'
 'M' 'U' 'M' 'M' 'M' 'M' 'U' 'U' 'M' 'U' 'M' 'M' 'M' 'M' 'M' 'M' 'M' 'U'
 'M' 'M' 'M' 'M' 'M' 'M' 'M' 'U' 'M' 'M' 'M' 'M' 'M' 'M' 'M' 'M' 'M' 'M'
 'M' 'M' 'M' 'U' 'M' 'M' 'M' 'M' 'U' 'M' 'U' 'M' 'M' 'M' 'M' 'M' 'M' 'U'
 'M' 'U' 'M' 'M' 'A' 'U' 'M' 'M' 'M' 'M' 'M' 'M' 'U' 'M' 'U' 'M' 'M' 'M'
 'M' 'U' 'M' 'M' 'U' 'M' 'M' 'M' 'M' 'M' 'M' 'M' 'M' 'M' 'M' 'M' 'M' 'M'
 'M' 'M' 'M' 'U' 'U' 'M' 'M' 'M' 'M' 'M' 'M' 'M' 'M' 'M' 'M' 'M' 'U' 'M']"
497901,0,165,2,163,33,0,0,"['A' 'M' 'M' 'M' 'M' 'U' 'U' 'M' 'M' 'M' 'M' 'M' 'M' 'M' 'M' 'M' 'M' 'M'
 'M' 'M' 'M' 'U' 'M' 'U' 'M' 'M' 'M' 'M' 'M' 'M' 'M' 'M' 'M' 'M' 'M' 'M'
 'M' 'M' 'M' 'M' 'M' 'M' 'M' 'M' 'M' 'M' 'M' 'M' 'M' 'M' 'M' 'U' 'M' 'M'
 'M' 'M' 'M' 'M' 'M' 'M' 'M' 'U' 'M' 'M' 'U' 'M' 'U' 'M' 'M' 'M' 'U' 'M'
 'M' 'M' 'M' 'M' 'U' 'M' 'M' 'M' 'M' 'M' 'M' 'M' 'U' 'U' 'M' 'M' 'M' 'M'
 'M' 'M' 'M' 'M' 'M' 'M' 'M' 'U' 'M' 'M' 'M' 'M' 'M' 'M' 'M' 'M' 'M' 'U'
 'M' 'M' 'M' 'M' 'M' 'M' 'M' 'U' 'M' 'M' 'M' 'M' 'M' 'M' 'M' 'M' 'M' 'M'
 'M' 'M' 'M' 'U' 'M' 'U' 'U' 'U' 'U' 'U' 'U' 'U' 'U' 'M' 'M' 'M' 'M' 'M'
 'M' 'U' 'M' 'M' 'A' 'M' 'M' 'M' 'M' 'M' 'M' 'M' 'U' 'M' 'U' 'M' 'M' 'M'
 'M' 'U' 'M' 'M' 'U' 'M' 'M' 'M' 'M' 'M' 'M' 'M' 'M' 'M' 'M' 'M' 'U' 'U'
 'M' 'M' 'M' 'U' 'U' 'M' 'M' 'M' 'M' 'M' 'M' 'M' 'M' 'M' 'M' 'M' 'M' 'M']"
498001,0,169,2,167,29,1,0,"['A' 'M' 'M' 'M' 'M' 'U' 'U' 'M' 'M' 'M' 'M' 'M' 'M' 'M' 'M' 'M' 'M' 'M'
 'M' 'M' 'M' 'U' 'M' 'M' 'M' 'M' 'M' 'M' 'M' 'U' 'M' 'M' 'M' 'M' 'M' 'M'
 'M' 'M' 'M' 'M' 'M' 'M' 'M' 'M' 'M' 'M' 'M' 'M' 'M' 'M' 'M' 'M' 'M' 'M'
 'M' 'M' 'M' 'M' 'M' 'M' 'M' 'U' 'M' 'M' 'M' 'M' 'M' 'M' 'U' 'M' 'M' 'M'
 'M' 'M' 'M' 'M' 'M' 'M' 'M' 'U' 'M' 'M' 'M' 'M' 'M' 'U' 'M' 'U' 'M' 'M'
 'M' 'M' 'M' 'M' 'U' 'M' 'M' 'U' 'M' 'M' 'M' 'M' 'M' 'M' 'U' 'M' 'M' 'M'
 'M' 'M' 'M' 'M' 'M' 'M' 'M' 'U' 'M' 'M' 'M' 'M' 'U' 'M' 'U' 'M' 'M' 'M'
 'M' 'M' 'M' 'U' 'M' 'U' 'M' 'U' 'M' 'U' 'U' 'M' 'U' 'M' 'M' 'M' 'M' 'M'
 'M' 'U' 'M' 'U' 'A' 'M' 'M' 'M' 'M' 'M' 'M' 'M' 'U' 'M' 'M' 'M' 'M' 'M'
 'M' 'U' 'M' 'U' 'U' 'M' 'M' 'M' 'M' 'M' 'M' 'M' 'M' 'M' 'M' 'M' 'U' 'M'
 'M' 'M' 'M' 'M' 'M' 'U' 'M' 'M' 'M' 'M' 'M' 'M' 'M' 'M' 'M' 'M' 'M' 'M']"
498101,0,167,1,166,31,0,0,"['A' 'M' 'M' 'M' 'M' 'U' 'U' 'M' 'M' 'M' 'M' 'M' 'M' 'M' 'M' 'M' 'M' 'M'
 'M' 'U' 'M' 'U' 'U' 'M' 'M' 'M' 'M' 'M' 'M' 'U' 'M' 'M' 'M' 'M' 'M' 'M'
 'M' 'M' 'M' 'M' 'M' 'M' 'M' 'M' 'M' 'M' 'M' 'M' 'M' 'M' 'M' 'M' 'M' 'M'
 'M' 'M' 'M' 'M' 'M' 'M' 'M' 'U' 'M' 'M' 'M' 'M' 'M' 'M' 'M' 'U' 'U' 'M'
 'M' 'M' 'M' 'M' 'M' 'U' 'M' 'M' 'M' 'U' 'M' 'M' 'M' 'M' 'M' 'M' 'M' 'M'
 'M' 'U' 'M' 'M' 'M' 'M' 'M' 'U' 'M' 'M' 'M' 'M' 'M' 'M' 'M' 'M' 'M' 'M'
 'M' 'U' 'M' 'M' 'M' 'M' 'M' 'U' 'M' 'M' 'M' 'M' 'U' 'M' 'M' 'M' 'M' 'M'
 'M' 'M' 'M' 'M' 'M' 'U' 'M' 'U' 'M' 'M' 'U' 'M' 'M' 'M' 'M' 'M' 'M' 'M'
 'M' 'U' 'M' 'U' 'U' 'M' 'M' 'M' 'M' 'M' 'M' 'M' 'U' 'M' 'U' 'M' 'M' 'U'
 'M' 'U' 'M' 'U' 'U' 'M' 'M' 'M' 'M' 'M' 'M' 'M' 'M' 'M' 'M' 'M' 'U' 'M'
 'M' 'M' 'M' 'M' 'M' 'U' 'M' 'M' 'M' 'M' 'M' 'M' 'M' 'M' 'M' 'U' 'M' 'M']"
498201,0,167,4,163,31,0,0,"['A' 'M' 'M' 'M' 'M' 'U' 'U' 'M' 'M' 'M' 'M' 'M' 'M' 'M' 'M' 'M' 'M' 'M'
 'M' 'U' 'M' 'U' 'U' 'M' 'M' 'U' 'M' 'M' 'M' 'U' 'M' 'M' 'M' 'M' 'M' 'M'
 'M' 'M' 'U' 'M' 'M' 'M' 'M' 'M' 'M' 'M' 'M' 'M' 'M' 'M' 'M' 'M' 'M' 'M'
 'M' 'M' 'M' 'M' 'M' 'M' 'M' 'U' 'M' 'M' 'M' 'M' 'M' 'M' 'M' 'M' 'M' 'U'
 'M' 'M' 'M' 'M' 'U' 'M' 'M' 'M' 'U' 'M' 'M' 'M' 'U' 'M' 'M' 'M' 'M' 'M'
 'M' 'M' 'M' 'M' 'U' 'M' 'M' 'U' 'M' 'M' 'M' 'M' 'M' 'M' 'M' 'M' 'M' 'U'
 'M' 'U' 'M' 'M' 'M' 'M' 'M' 'U' 'M' 'M' 'M' 'M' 'M' 'M' 'M' 'M' 'M' 'M'
 'M' 'U' 'M' 'U' 'M' 'A' 'M' 'U' 'M' 'M' 'U' 'M' 'M' 'M' 'M' 'M' 'M' 'M'
 'M' 'U' 'M' 'U' 'U' 'M' 'M' 'M' 'M' 'M' 'M' 'M' 'M' 'M' 'U' 'M' 'M' 'M'
 'M' 'A' 'M' 'A' 'U' 'M' 'M' 'M' 'M' 'M' 'M' 'M' 'M' 'M' 'U' 'M' 'U' 'M'
 'M' 'M' 'M' 'M' 'M' 'U' 'M' 'M' 'M' 'M' 'M' 'M' 'M' 'M' 'U' 'M' 'M' 'M']"
498301,0,158,3,155,40,0,1,"['A' 'M' 'M' 'M' 'M' 'U' 'M' 'M' 'U' 'M' 'M' 'M' 'M' 'M' 'M' 'A' 'M' 'M'
 'M' 'U' 'M' 'U' 'U' 'M' 'M' 'U' 'M' 'M' 'M' 'U' 'M' 'M' 'M' 'M' 'M' 'M'
 'M' 'M' 'U' 'M' 'M' 'M' 'U' 'M' 'M' 'M' 'M' 'M' 'M' 'M' 'M' 'M' 'M' 'M'
 'M' 'M' 'M' 'U' 'M' 'M' 'M' 'U' 'M' 'M' 'M' 'M' 'M' 'M' 'M' 'M' 'U' 'M'
 'U' 'M' 'M' 'M' 'M' 'M' 'U' 'M' 'M' 'M' 'M' 'M' 'M' 'M' 'U' 'M' 'M' 'M'
 'U' 'M' 'M' 'M' 'M' 'M' 'M' 'U' 'M' 'M' 'M' 'M' 'M' 'M' 'M' 'M' 'M' 'M'
 'M' 'U' 'M' 'M' 'M' 'M' 'M' 'U' 'M' 'M' 'M' 'M' 'M' 'M' 'M' 'M' 'M' 'M'
 'M' 'U' 'M' 'M' 'M' 'A' 'U' 'U' 'U' 'U' 'U' 'U' 'U' 'M' 'M' 'U' 'M' 'M'
 'M' 'U' 'M' 'U' 'M' 'M' 'M' 'M' 'U' 'M' 'M' 'U' 'U' 'M' 'U' 'M' 'M' 'M'
 'M' 'U' 'M' 'U' 'U' 'M' 'M' 'M' 'M' 'M' 'M' 'M' 'M' 'M' 'M' 'M' 'U' 'M'
 'M' 'M' 'M' 'M' 'M' 'M' 'M' 'M' 'M' 'M' 'U' 'M' 'M' 'M' 'U' 'M' 'M' 'M']"
498401,0,159,3,156,39,0,0,"['A' 'M' 'M' 'M' 'M' 'U' 'M' 'M' 'U' 'M' 'M' 'M' 'M' 'M' 'M' 'U' 'M' 'M'
 'M' 'U' 'M' 'M' 'U' 'M' 'M' 'U' 'M' 'M' 'U' 'U' 'M' 'M' 'M' 'M' 'M' 'M'
 'M' 'M' 'M' 'M' 'M' 'M' 'M' 'M' 'U' 'M' 'M' 'M' 'M' 'M' 'M' 'M' 'M' 'M'
 'M' 'M' 'M' 'U' 'M' 'M' 'U' 'U' 'M' 'M' 'M' 'M' 'M' 'M' 'U' 'M' 'U' 'M'
 'M' 'M' 'M' 'M' 'M' 'M' 'M' 'M' 'M' 'M' 'M' 'U' 'M' 'M' 'U' 'M' 'U' 'M'
 'M' 'M' 'M' 'M' 'M' 'M' 'M' 'U' 'M' 'M' 'M' 'M' 'M' 'M' 'M' 'M' 'M' 'M'
 'M' 'U' 'M' 'M' 'M' 'M' 'M' 'M' 'M' 'M' 'M' 'M' 'M' 'M' 'M' 'U' 'M' 'M'
 'U' 'M' 'M' 'M' 'M' 'U' 'U' 'U' 'U' 'U' 'U' 'U' 'U' 'M' 'M' 'U' 'U' 'M'
 'M' 'A' 'M' 'M' 'M' 'M' 'M' 'M' 'U' 'M' 'M' 'M' 'U' 'U' 'U' 'M' 'M' 'M'
 'M' 'M' 'M' 'A' 'U' 'M' 'M' 'M' 'M' 'M' 'M' 'M' 'M' 'M' 'M' 'M' 'M' 'M'
 'M' 'M' 'M' 'M' 'M' 'M' 'M' 'M' 'M' 'M' 'U' 'M' 'M' 'U' 'U' 'M' 'M' 'M']"
498501,0,161,7,154,37,1,0,"['A' 'M' 'M' 'A' 'M' 'U' 'M' 'M' 'U' 'M' 'M' 'M' 'M' 'M' 'M' 'U' 'M' 'M'
 'M' 'U' 'U' 'M' 'U' 'M' 'M' 'U' 'M' 'M' 'M' 'A' 'M' 'M' 'M' 'M' 'M' 'M'
 'M' 'M' 'M' 'M' 'M' 'M' 'M' 'M' 'U' 'M' 'M' 'M' 'M' 'M' 'M' 'M' 'M' 'M'
 'M' 'M' 'M' 'U' 'M' 'U' 'U' 'U' 'M' 'M' 'M' 'M' 'M' 'M' 'M' 'M' 'M' 'M'
 'U' 'M' 'M' 'M' 'M' 'M' 'M' 'M' 'M' 'M' 'M' 'M' 'U' 'M' 'M' 'M' 'M' 'M'
 'M' 'U' 'M' 'U' 'U' 'M' 'M' 'U' 'M' 'M' 'M' 'M' 'M' 'M' 'M' 'M' 'M' 'M'
 'M' 'U' 'U' 'M' 'M' 'M' 'M' 'M' 'M' 'M' 'M' 'M' 'M' 'M' 'M' 'A' 'M' 'M'
 'U' 'M' 'M' 'M' 'M' 'U' 'U' 'M' 'U' 'M' 'U' 'M' 'U' 'M' 'M' 'U' 'U' 'M'
 'M' 'A' 'M' 'M' 'M' 'M' 'M' 'M' 'U' 'M' 'M' 'M' 'U' 'A' 'U' 'M' 'M' 'M'
 'M' 'U' 'M' 'A' 'M' 'M' 'M' 'U' 'M' 'U' 'M' 'M' 'M' 'M' 'M' 'M' 'M' 'M'
 'M' 'M' 'M' 'M' 'M' 'M' 'M' 'M' 'M' 'M' 'U' 'M' 'M' 'U' 'U' 'M' 'M' 'M']"
498601,0,161,7,154,37,0,0,"['A' 'M' 'M' 'U' 'M' 'U' 'M' 'M' 'U' 'M' 'M' 'M' 'M' 'M' 'M' 'M' 'M' 'M'
 'M' 'U' 'U' 'M' 'U' 'M' 'M' 'M' 'M' 'M' 'M' 'U' 'M' 'M' 'M' 'M' 'U' 'M'
 'M' 'U' 'M' 'M' 'M' 'M' 'M' 'M' 'M' 'M' 'M' 'M' 'M' 'M' 'M' 'M' 'M' 'M'
 'M' 'M' 'M' 'U' 'M' 'U' 'A' 'U' 'M' 'M' 'M' 'M' 'M' 'M' 'M' 'M' 'M' 'M'
 'M' 'U' 'M' 'M' 'M' 'U' 'M' 'U' 'M' 'M' 'M' 'U' 'M' 'M' 'M' 'M' 'M' 'U'
 'M' 'M' 'M' 'M' 'M' 'U' 'M' 'M' 'M' 'M' 'U' 'M' 'U' 'M' 'M' 'M' 'M' 'M'
 'M' 'M' 'U' 'M' 'M' 'M' 'M' 'M' 'M' 'M' 'M' 'M' 'U' 'M' 'M' 'A' 'M' 'M'
 'M' 'M' 'M' 'M' 'M' 'U' 'U' 'M' 'U' 'M' 'M' 'M' 'A' 'U' 'M' 'U' 'M' 'M'
 'M' 'A' 'M' 'M' 'M' 'M' 'M' 'M' 'U' 'M' 'M' 'M' 'U' 'A' 'U' 'M' 'M' 'M'
 'M' 'U' 'M' 'A' 'M' 'M' 'M' 'U' 'M' 'U' 'M' 'M' 'M' 'M' 'M' 'U' 'M' 'U'
 'M' 'M' 'M' 'M' 'M' 'M' 'M' 'M' 'M' 'M' 'U' 'M' 'M' 'U' 'M' 'M' 'M' 'M']"
498701,0,159,7,152,39,0,0,"['A' 'M' 'M' 'U' 'M' 'U' 'M' 'M' 'U' 'M' 'M' 'M' 'U' 'M' 'M' 'M' 'M' 'M'
 'M' 'U' 'U' 'M' 'U' 'M' 'M' 'M' 'M' 'M' 'M' 'U' 'M' 'M' 'M' 'M' 'U' 'M'
 'U' 'U' 'M' 'M' 'M' 'M' 'M' 'M' 'M' 'M' 'M' 'U' 'M' 'M' 'M' 'M' 'M' 'M'
 'M' 'M' 'U' 'M' 'M' 'U' 'U' 'M' 'M' 'M' 'M' 'M' 'M' 'M' 'M' 'M' 'M' 'M'
 'M' 'U' 'U' 'M' 'M' 'M' 'M' 'M' 'M' 'M' 'U' 'U' 'M' 'M' 'M' 'M' 'M' 'M'
 'M' 'M' 'U' 'M' 'M' 'U' 'M' 'M' 'U' 'M' 'U' 'M' 'U' 'M' 'M' 'M' 'M' 'M'
 'M' 'M' 'A' 'M' 'M' 'M' 'M' 'M' 'M' 'M' 'M' 'M' 'U' 'M' 'U' 'A' 'M' 'M'
 'M' 'M' 'M' 'M' 'M' 'U' 'U' 'U' 'M' 'M' 'M' 'M' 'A' 'U' 'M' 'U' 'M' 'M'
 'M' 'A' 'M' 'M' 'M' 'M' 'M' 'M' 'U' 'M' 'M' 'M' 'M' 'A' 'M' 'M' 'M' 'M'
 'M' 'M' 'M' 'A' 'M' 'M' 'M' 'U' 'M' 'U' 'M' 'M' 'M' 'M' 'M' 'U' 'M' 'M'
 'U' 'M' 'M' 'M' 'U' 'M' 'U' 'M' 'M' 'M' 'U' 'M' 'M' 'M' 'M' 'M' 'M' 'M']"
498801,0,158,10,148,40,0,0,"['A' 'M' 'M' 'U' 'M' 'A' 'M' 'M' 'U' 'M' 'M' 'M' 'M' 'M' 'M' 'M' 'M' 'M'
 'M' 'U' 'M' 'M' 'U' 'M' 'M' 'M' 'U' 'M' 'M' 'U' 'M' 'M' 'U' 'M' 'U' 'M'
 'U' 'U' 'M' 'M' 'M' 'M' 'M' 'M' 'M' 'M' 'M' 'U' 'M' 'M' 'M' 'M' 'M' 'M'
 'U' 'M' 'U' 'M' 'M' 'U' 'U' 'M' 'M' 'M' 'U' 'M' 'M' 'U' 'M' 'U' 'M' 'M'
 'U' 'U' 'M' 'M' 'M' 'M' 'M' 'M' 'M' 'U' 'M' 'M' 'M' 'M' 'M' 'M' 'M' 'M'
 'M' 'M' 'M' 'M' 'M' 'U' 'M' 'M' 'A' 'M' 'U' 'M' 'U' 'M' 'M' 'M' 'M' 'M'
 'U' 'M' 'A' 'M' 'M' 'M' 'M' 'M' 'M' 'M' 'M' 'M' 'U' 'M' 'U' 'A' 'M' 'M'
 'M' 'M' 'U' 'M' 'M' 'U' 'U' 'M' 'U' 'M' 'M' 'M' 'A' 'U' 'M' 'U' 'M' 'M'
 'M' 'A' 'M' 'M' 'M' 'M' 'M' 'M' 'A' 'M' 'M' 'M' 'M' 'A' 'M' 'M' 'M' 'M'
 'M' 'M' 'M' 'A' 'M' 'M' 'M' 'U' 'M' 'M' 'M' 'M' 'M' 'M' 'U' 'U' 'M' 'M'
 'U' 'M' 'M' 'M' 'U' 'M' 'U' 'M' 'M' 'M' 'U' 'M' 'M' 'M' 'M' 'M' 'M' 'M']"
498901,0,146,8,138,52,0,1,"['A' 'M' 'M' 'U' 'M' 'M' 'M' 'M' 'U' 'M' 'M' 'M' 'M' 'U' 'M' 'M' 'M' 'M'
 'M' 'M' 'M' 'M' 'U' 'M' 'U' 'M' 'U' 'M' 'M' 'M' 'M' 'M' 'U' 'U' 'U' 'U'
 'U' 'M' 'M' 'M' 'U' 'M' 'M' 'M' 'M' 'M' 'U' 'U' 'M' 'M' 'M' 'M' 'M' 'M'
 'U' 'M' 'U' 'M' 'M' 'U' 'U' 'M' 'M' 'M' 'U' 'M' 'M' 'M' 'M' 'M' 'M' 'M'
 'U' 'U' 'U' 'U' 'M' 'M' 'U' 'M' 'M' 'M' 'M' 'M' 'M' 'M' 'M' 'M' 'M' 'M'
 'M' 'M' 'M' 'M' 'M' 'U' 'M' 'M' 'U' 'M' 'U' 'M' 'U' 'M' 'M' 'M' 'M' 'M'
 'U' 'M' 'A' 'M' 'M' 'M' 'M' 'M' 'U' 'M' 'M' 'U' 'U' 'M' 'M' 'A' 'M' 'M'
 'M' 'M' 'U' 'M' 'M' 'U' 'U' 'U' 'U' 'U' 'U' 'U' 'A' 'U' 'M' 'U' 'M' 'M'
 'M' 'A' 'M' 'M' 'M' 'U' 'M' 'M' 'A' 'U' 'M' 'M' 'M' 'A' 'M' 'U' 'M' 'M'
 'M' 'M' 'M' 'A' 'M' 'M' 'M' 'U' 'M' 'U' 'M' 'M' 'M' 'M' 'M' 'M' 'M' 'M'
 'U' 'M' 'M' 'M' 'U' 'M' 'U' 'U' 'M' 'M' 'U' 'M' 'M' 'M' 'M' 'M' 'M' 'M']"
499001,0,150,9,141,48,0,0,"['A' 'M' 'M' 'U' 'M' 'M' 'M' 'M' 'U' 'M' 'M' 'M' 'M' 'U' 'M' 'M' 'M' 'M'
 'M' 'M' 'M' 'M' 'M' 'M' 'M' 'M' 'M' 'M' 'M' 'M' 'M' 'M' 'M' 'U' 'U' 'U'
 'U' 'M' 'M' 'M' 'U' 'M' 'M' 'M' 'M' 'A' 'U' 'U' 'M' 'M' 'M' 'M' 'M' 'M'
 'U' 'M' 'U' 'M' 'M' 'U' 'M' 'M' 'M' 'M' 'U' 'M' 'M' 'M' 'U' 'M' 'M' 'U'
 'M' 'M' 'M' 'M' 'M' 'M' 'M' 'U' 'M' 'U' 'M' 'M' 'M' 'M' 'M' 'M' 'M' 'M'
 'M' 'M' 'M' 'U' 'M' 'U' 'M' 'M' 'U' 'M' 'M' 'M' 'M' 'M' 'M' 'M' 'U' 'M'
 'U' 'M' 'U' 'M' 'M' 'M' 'M' 'M' 'U' 'M' 'M' 'U' 'U' 'M' 'M' 'A' 'M' 'M'
 'M' 'M' 'U' 'M' 'M' 'A' 'M' 'U' 'U' 'M' 'U' 'U' 'A' 'U' 'M' 'U' 'M' 'M'
 'M' 'U' 'M' 'M' 'M' 'M' 'U' 'M' 'A' 'U' 'M' 'M' 'M' 'A' 'M' 'U' 'M' 'M'
 'U' 'M' 'M' 'A' 'M' 'M' 'M' 'U' 'M' 'U' 'M' 'M' 'U' 'M' 'U' 'U' 'M' 'M'
 'U' 'A' 'M' 'M' 'U' 'M' 'U' 'U' 'M' 'M' 'M' 'M' 'M' 'M' 'M' 'M' 'M' 'M']"
499101,0,152,9,143,46,0,0,"['A' 'M' 'U' 'U' 'U' 'M' 'M' 'M' 'U' 'M' 'M' 'M' 'M' 'A' 'M' 'U' 'M' 'M'
 'M' 'M' 'M' 'M' 'M' 'M' 'M' 'M' 'M' 'M' 'M' 'M' 'M' 'M' 'M' 'U' 'U' 'U'
 'U' 'M' 'M' 'U' 'M' 'M' 'M' 'M' 'M' 'A' 'U' 'M' 'M' 'M' 'M' 'U' 'M' 'M'
 'M' 'M' 'U' 'M' 'M' 'U' 'M' 'M' 'M' 'M' 'M' 'M' 'U' 'M' 'M' 'U' 'M' 'M'
 'M' 'M' 'M' 'M' 'M' 'M' 'M' 'M' 'M' 'M' 'M' 'M' 'M' 'M' 'U' 'U' 'M' 'U'
 'M' 'M' 'M' 'M' 'M' 'M' 'M' 'M' 'U' 'M' 'M' 'M' 'U' 'M' 'M' 'M' 'U' 'M'
 'U' 'M' 'M' 'M' 'M' 'M' 'M' 'M' 'U' 'M' 'M' 'U' 'U' 'M' 'M' 'U' 'M' 'M'
 'M' 'M' 'U' 'M' 'M' 'A' 'M' 'U' 'U' 'M' 'U' 'M' 'A' 'U' 'M' 'A' 'M' 'M'
 'M' 'U' 'M' 'M' 'M' 'M' 'U' 'M' 'U' 'U' 'M' 'M' 'U' 'A' 'M' 'U' 'M' 'M'
 'M' 'M' 'M' 'A' 'M' 'M' 'M' 'U' 'M' 'U' 'M' 'M' 'U' 'M' 'U' 'U' 'M' 'M'
 'U' 'A' 'M' 'M' 'M' 'M' 'U' 'U' 'M' 'M' 'M' 'M' 'M' 'M' 'M' 'M' 'M' 'M']"
499201,1,155,12,143,43,0,0,"['A' 'M' 'U' 'U' 'M' 'M' 'M' 'M' 'U' 'M' 'M' 'M' 'M' 'A' 'U' 'M' 'M' 'M'
 'M' 'M' 'M' 'M' 'M' 'M' 'M' 'M' 'M' 'M' 'M' 'M' 'M' 'M' 'M' 'A' 'U' 'M'
 'U' 'M' 'M' 'M' 'M' 'M' 'M' 'M' 'M' 'A' 'U' 'M' 'M' 'M' 'M' 'U' 'M' 'M'
 'M' 'U' 'U' 'M' 'M' 'U' 'M' 'U' 'U' 'M' 'M' 'M' 'M' 'U' 'U' 'U' 'M' 'M'
 'M' 'U' 'M' 'M' 'M' 'M' 'M' 'M' 'M' 'M' 'M' 'M' 'M' 'M' 'M' 'U' 'M' 'M'
 'M' 'M' 'M' 'M' 'M' 'M' 'M' 'M' 'U' 'M' 'M' 'M' 'U' 'M' 'M' 'M' 'U' 'M'
 'U' 'M' 'M' 'M' 'M' 'M' 'M' 'M' 'U' 'M' 'M' 'U' 'U' 'M' 'M' 'U' 'M' 'M'
 'M' 'U' 'U' 'M' 'M' 'A' 'U' 'U' 'U' 'U' 'U' 'M' 'A' 'U' 'M' 'A' 'M' 'M'
 'M' 'A' 'M' 'M' 'M' 'M' 'U' 'M' 'U' 'M' 'M' 'M' 'U' 'A' 'U' 'U' 'M' 'M'
 'M' 'M' 'M' 'A' 'M' 'M' 'M' 'M' 'M' 'U' 'M' 'M' 'M' 'M' 'U' 'A' 'M' 'M'
 'U' 'A' 'M' 'M' 'M' 'M' 'U' 'M' 'M' 'M' 'M' 'M' 'M' 'M' 'M' 'M' 'M' 'M']"
499301,0,154,9,145,44,0,0,"['A' 'M' 'U' 'U' 'M' 'M' 'M' 'M' 'U' 'M' 'U' 'U' 'M' 'M' 'U' 'M' 'M' 'M'
 'M' 'M' 'M' 'M' 'M' 'M' 'M' 'M' 'M' 'M' 'M' 'M' 'M' 'M' 'M' 'A' 'U' 'M'
 'U' 'M' 'M' 'M' 'M' 'M' 'M' 'M' 'M' 'A' 'U' 'M' 'M' 'M' 'M' 'U' 'M' 'M'
 'M' 'U' 'U' 'M' 'M' 'U' 'M' 'U' 'U' 'M' 'M' 'M' 'M' 'M' 'M' 'U' 'M' 'U'
 'M' 'M' 'M' 'M' 'M' 'M' 'U' 'M' 'M' 'M' 'M' 'M' 'M' 'M' 'M' 'M' 'M' 'M'
 'M' 'M' 'U' 'M' 'U' 'M' 'U' 'M' 'M' 'M' 'M' 'M' 'U' 'M' 'U' 'U' 'M' 'M'
 'U' 'M' 'M' 'M' 'M' 'M' 'M' 'U' 'U' 'M' 'M' 'U' 'U' 'M' 'M' 'M' 'M' 'M'
 'M' 'M' 'M' 'M' 'M' 'M' 'U' 'U' 'U' 'U' 'M' 'U' 'A' 'U' 'M' 'U' 'M' 'M'
 'M' 'A' 'M' 'M' 'M' 'U' 'U' 'M' 'U' 'M' 'M' 'M' 'U' 'A' 'M' 'M' 'M' 'M'
 'M' 'M' 'M' 'A' 'M' 'M' 'M' 'M' 'M' 'U' 'M' 'M' 'M' 'M' 'U' 'A' 'M' 'M'
 'U' 'A' 'M' 'M' 'M' 'M' 'U' 'M' 'M' 'M' 'M' 'M' 'M' 'M' 'M' 'M' 'M' 'M']"
499401,0,152,9,143,46,1,0,"['A' 'M' 'U' 'U' 'M' 'M' 'M' 'M' 'U' 'M' 'U' 'U' 'M' 'M' 'M' 'M' 'M' 'M'
 'M' 'M' 'M' 'A' 'M' 'M' 'M' 'M' 'M' 'M' 'M' 'M' 'M' 'M' 'M' 'A' 'U' 'M'
 'M' 'M' 'M' 'M' 'M' 'M' 'M' 'M' 'M' 'A' 'U' 'M' 'M' 'M' 'M' 'U' 'M' 'M'
 'M' 'M' 'M' 'M' 'M' 'M' 'U' 'M' 'M' 'M' 'M' 'M' 'M' 'M' 'M' 'M' 'M' 'U'
 'M' 'M' 'M' 'U' 'M' 'M' 'M' 'M' 'M' 'M' 'M' 'M' 'U' 'M' 'M' 'M' 'U' 'U'
 'M' 'M' 'M' 'M' 'M' 'M' 'U' 'M' 'U' 'U' 'M' 'M' 'U' 'M' 'A' 'U' 'M' 'M'
 'U' 'U' 'U' 'U' 'M' 'M' 'M' 'U' 'U' 'M' 'M' 'U' 'U' 'M' 'M' 'M' 'M' 'M'
 'M' 'U' 'M' 'M' 'M' 'M' 'U' 'U' 'U' 'U' 'M' 'U' 'U' 'M' 'M' 'U' 'M' 'M'
 'M' 'A' 'M' 'M' 'M' 'U' 'U' 'M' 'U' 'M' 'M' 'M' 'M' 'M' 'M' 'M' 'M' 'U'
 'M' 'M' 'M' 'A' 'M' 'M' 'M' 'M' 'M' 'U' 'M' 'M' 'M' 'M' 'U' 'A' 'M' 'M'
 'U' 'A' 'M' 'M' 'M' 'U' 'U' 'M' 'M' 'M' 'M' 'M' 'M' 'U' 'U' 'M' 'M' 'M']"
499501,0,154,7,147,44,0,0,"['A' 'M' 'U' 'U' 'U' 'M' 'M' 'M' 'U' 'M' 'M' 'U' 'M' 'M' 'M' 'M' 'M' 'M'
 'M' 'M' 'M' 'A' 'M' 'M' 'A' 'M' 'M' 'M' 'M' 'M' 'M' 'M' 'M' 'A' 'U' 'U'
 'M' 'M' 'M' 'M' 'M' 'M' 'M' 'M' 'M' 'A' 'U' 'M' 'M' 'M' 'U' 'M' 'M' 'M'
 'M' 'M' 'M' 'M' 'M' 'M' 'U' 'M' 'M' 'M' 'M' 'M' 'M' 'M' 'M' 'M' 'M' 'U'
 'M' 'M' 'M' 'M' 'U' 'M' 'U' 'M' 'M' 'U' 'M' 'M' 'M' 'M' 'M' 'M' 'M' 'M'
 'M' 'M' 'M' 'U' 'M' 'M' 'M' 'M' 'M' 'M' 'M' 'M' 'U' 'M' 'A' 'U' 'M' 'M'
 'U' 'M' 'U' 'U' 'M' 'M' 'M' 'U' 'U' 'M' 'M' 'U' 'M' 'M' 'M' 'M' 'M' 'M'
 'M' 'U' 'M' 'M' 'M' 'M' 'U' 'U' 'U' 'U' 'M' 'U' 'M' 'M' 'M' 'U' 'M' 'M'
 'M' 'U' 'M' 'M' 'M' 'U' 'U' 'M' 'U' 'M' 'M' 'M' 'M' 'M' 'M' 'M' 'M' 'U'
 'M' 'M' 'M' 'A' 'M' 'M' 'M' 'U' 'M' 'U' 'M' 'M' 'M' 'M' 'M' 'U' 'M' 'M'
 'U' 'U' 'M' 'M' 'M' 'U' 'U' 'M' 'M' 'M' 'M' 'M' 'M' 'U' 'U' 'M' 'M' 'M']"
499601,0,147,5,142,51,0,0,"['A' 'M' 'U' 'U' 'U' 'M' 'U' 'M' 'U' 'M' 'M' 'M' 'M' 'M' 'M' 'M' 'M' 'M'
 'U' 'M' 'M' 'A' 'M' 'M' 'A' 'M' 'M' 'M' 'M' 'M' 'M' 'M' 'M' 'U' 'U' 'M'
 'M' 'M' 'U' 'M' 'M' 'U' 'M' 'M' 'M' 'A' 'M' 'M' 'M' 'M' 'U' 'M' 'M' 'M'
 'M' 'M' 'M' 'M' 'M' 'U' 'U' 'M' 'M' 'M' 'M' 'U' 'M' 'M' 'M' 'M' 'M' 'M'
 'U' 'M' 'U' 'M' 'M' 'U' 'M' 'M' 'M' 'M' 'M' 'M' 'M' 'M' 'M' 'M' 'M' 'M'
 'M' 'M' 'U' 'M' 'M' 'M' 'M' 'M' 'M' 'M' 'M' 'M' 'M' 'M' 'M' 'U' 'M' 'M'
 'U' 'M' 'U' 'U' 'M' 'M' 'M' 'U' 'U' 'M' 'M' 'M' 'M' 'M' 'U' 'M' 'M' 'U'
 'M' 'U' 'M' 'M' 'M' 'U' 'U' 'U' 'U' 'U' 'M' 'U' 'U' 'M' 'M' 'U' 'M' 'U'
 'M' 'U' 'M' 'U' 'M' 'U' 'U' 'M' 'U' 'M' 'M' 'M' 'M' 'M' 'M' 'M' 'M' 'U'
 'M' 'M' 'M' 'A' 'M' 'M' 'M' 'M' 'M' 'U' 'M' 'M' 'M' 'M' 'U' 'U' 'M' 'M'
 'U' 'U' 'M' 'M' 'M' 'U' 'U' 'M' 'M' 'M' 'M' 'M' 'M' 'U' 'U' 'M' 'M' 'M']"
499701,0,154,5,149,44,0,0,"['A' 'M' 'M' 'U' 'U' 'M' 'U' 'M' 'U' 'M' 'M' 'M' 'M' 'M' 'U' 'M' 'M' 'U'
 'M' 'M' 'M' 'A' 'M' 'M' 'A' 'M' 'M' 'M' 'M' 'M' 'U' 'M' 'M' 'U' 'U' 'M'
 'M' 'M' 'U' 'M' 'M' 'M' 'M' 'M' 'M' 'A' 'M' 'M' 'M' 'M' 'M' 'M' 'M' 'U'
 'M' 'M' 'M' 'M' 'M' 'M' 'U' 'U' 'M' 'M' 'M' 'M' 'M' 'U' 'U' 'M' 'M' 'U'
 'U' 'M' 'M' 'M' 'M' 'M' 'M' 'M' 'M' 'M' 'M' 'M' 'M' 'M' 'M' 'M' 'M' 'M'
 'U' 'M' 'M' 'M' 'M' 'M' 'M' 'M' 'M' 'M' 'M' 'M' 'M' 'M' 'M' 'U' 'M' 'M'
 'M' 'M' 'U' 'U' 'M' 'M' 'M' 'M' 'U' 'M' 'M' 'M' 'M' 'M' 'U' 'M' 'M' 'M'
 'M' 'M' 'M' 'M' 'M' 'U' 'U' 'U' 'U' 'M' 'M' 'U' 'M' 'M' 'U' 'M' 'M' 'M'
 'M' 'U' 'M' 'U' 'M' 'M' 'M' 'M' 'U' 'M' 'M' 'M' 'M' 'M' 'M' 'M' 'M' 'U'
 'M' 'M' 'M' 'A' 'M' 'M' 'M' 'M' 'M' 'U' 'U' 'M' 'M' 'U' 'M' 'U' 'M' 'M'
 'U' 'U' 'M' 'M' 'M' 'U' 'U' 'M' 'M' 'U' 'M' 'M' 'M' 'U' 'M' 'M' 'U' 'M']"
499801,0,157,3,154,41,0,0,"['A' 'M' 'M' 'U' 'M' 'M' 'U' 'M' 'U' 'M' 'M' 'M' 'M' 'M' 'U' 'M' 'M' 'U'
 'M' 'M' 'M' 'A' 'M' 'M' 'U' 'M' 'M' 'U' 'M' 'M' 'U' 'M' 'M' 'U' 'U' 'M'
 'M' 'M' 'M' 'M' 'M' 'M' 'U' 'M' 'M' 'U' 'M' 'M' 'M' 'M' 'M' 'M' 'U' 'U'
 'M' 'M' 'M' 'M' 'M' 'M' 'U' 'M' 'M' 'M' 'M' 'U' 'M' 'M' 'M' 'M' 'M' 'M'
 'M' 'M' 'M' 'M' 'U' 'M' 'M' 'M' 'U' 'M' 'M' 'M' 'M' 'M' 'U' 'M' 'M' 'M'
 'M' 'M' 'U' 'M' 'M' 'M' 'M' 'M' 'M' 'M' 'M' 'M' 'M' 'M' 'M' 'U' 'M' 'M'
 'M' 'M' 'M' 'U' 'M' 'M' 'M' 'M' 'U' 'M' 'M' 'M' 'M' 'M' 'U' 'M' 'M' 'M'
 'M' 'M' 'M' 'M' 'M' 'U' 'M' 'M' 'U' 'M' 'M' 'M' 'M' 'M' 'A' 'M' 'M' 'M'
 'M' 'U' 'M' 'U' 'M' 'U' 'M' 'M' 'U' 'M' 'M' 'M' 'M' 'M' 'M' 'M' 'M' 'U'
 'M' 'M' 'M' 'U' 'M' 'M' 'M' 'M' 'M' 'U' 'U' 'M' 'M' 'U' 'M' 'U' 'M' 'M'
 'U' 'M' 'M' 'M' 'M' 'U' 'U' 'M' 'U' 'U' 'M' 'M' 'M' 'M' 'M' 'M' 'M' 'M']"
499901,0,162,2,160,36,0,0,"['A' 'M' 'M' 'U' 'M' 'M' 'U' 'M' 'M' 'M' 'M' 'M' 'M' 'M' 'U' 'M' 'M' 'U'
 'M' 'M' 'M' 'A' 'M' 'U' 'U' 'M' 'M' 'U' 'M' 'U' 'M' 'M' 'M' 'M' 'U' 'M'
 'M' 'M' 'M' 'M' 'M' 'M' 'U' 'M' 'M' 'U' 'M' 'M' 'M' 'M' 'M' 'M' 'U' 'U'
 'M' 'M' 'M' 'M' 'M' 'M' 'U' 'M' 'M' 'M' 'M' 'M' 'M' 'U' 'M' 'U' 'M' 'M'
 'M' 'M' 'M' 'M' 'M' 'U' 'M' 'M' 'U' 'M' 'U' 'M' 'M' 'M' 'M' 'M' 'M' 'M'
 'M' 'M' 'M' 'M' 'M' 'M' 'M' 'M' 'M' 'M' 'M' 'M' 'U' 'M' 'M' 'U' 'M' 'M'
 'M' 'M' 'M' 'U' 'M' 'M' 'M' 'M' 'U' 'M' 'M' 'M' 'M' 'M' 'U' 'M' 'M' 'M'
 'M' 'M' 'M' 'M' 'M' 'U' 'M' 'M' 'U' 'M' 'M' 'M' 'M' 'M' 'U' 'M' 'M' 'M'
 'M' 'U' 'M' 'U' 'M' 'U' 'M' 'M' 'M' 'M' 'M' 'M' 'U' 'M' 'M' 'M' 'M' 'M'
 'M' 'M' 'M' 'M' 'M' 'M' 'M' 'M' 'M' 'M' 'M' 'M' 'M' 'M' 'M' 'U' 'M' 'M'
 'U' 'M' 'M' 'M' 'M' 'U' 'U' 'M' 'M' 'U' 'M' 'M' 'M' 'M' 'M' 'M' 'M' 'M']"
