Time Steps,Polymerase Count,Active Histone Count,Acetylated Histone Count,Methylated Histone Count,Unmodified Histone Count,Noisy Changes Count,Enzyme Changes Count
1,0,31,0,31,29,0,1
101,0,37,1,36,23,0,0
201,0,44,2,42,16,0,0
301,0,48,2,46,12,0,0
401,0,45,2,43,15,0,0
501,0,49,3,46,11,0,0
601,0,50,3,47,10,0,0
701,0,47,3,44,13,0,0
801,0,45,2,43,15,0,0
901,0,44,3,41,16,0,0
1001,0,47,3,44,13,0,1
1101,0,50,3,47,10,0,0
1201,0,47,3,44,13,0,0
1301,0,48,4,44,12,0,0
1401,0,47,3,44,13,0,0
1501,0,47,2,45,13,0,0
1601,0,43,2,41,17,0,0
1701,0,42,2,40,18,0,0
1801,0,44,4,40,16,0,0
1901,0,40,4,36,20,0,0
2001,0,40,5,35,20,0,0
2101,0,36,6,30,24,0,1
2201,0,37,8,29,23,0,1
2301,0,39,8,31,21,0,0
2401,0,43,8,35,17,0,0
2501,0,45,8,37,15,0,0
2601,0,43,6,37,17,0,0
2701,0,42,7,35,18,0,0
2801,0,45,7,38,15,0,1
2901,0,44,8,36,16,0,0
3001,0,44,7,37,16,0,0
3101,0,42,7,35,18,0,0
3201,0,35,5,30,25,0,0
3301,0,37,8,29,23,0,0
3401,0,38,9,29,22,0,0
3501,0,41,13,28,19,0,0
3601,0,39,12,27,21,0,0
3701,0,35,11,24,25,0,0
3801,0,33,9,24,27,0,0
3901,0,37,9,28,23,0,1
4001,0,36,7,29,24,0,1
4101,0,43,8,35,17,0,0
4201,0,44,7,37,16,0,1
4301,0,39,7,32,21,0,0
4401,0,40,6,34,20,0,0
4501,0,44,6,38,16,0,1
4601,0,44,5,39,16,0,0
4701,0,42,4,38,18,0,0
4801,0,43,6,37,17,0,0
4901,0,45,8,37,15,0,0
5001,0,50,9,41,10,0,0
5101,0,47,11,36,13,0,0
5201,0,40,10,30,20,0,0
5301,0,40,10,30,20,0,0
5401,0,35,12,23,25,0,0
5501,0,37,17,20,23,0,1
5601,0,34,18,16,26,0,0
5701,0,30,19,11,30,0,0
5801,0,33,25,8,27,0,0
5901,0,31,23,8,29,0,0
6001,0,28,21,7,32,0,0
6101,0,33,22,11,27,0,0
6201,0,39,28,11,21,0,0
6301,0,37,22,15,23,0,0
6401,0,37,18,19,23,0,0
6501,0,37,15,22,23,0,0
6601,0,39,12,27,21,0,0
6701,0,40,9,31,20,0,0
6801,0,43,10,33,17,0,0
6901,0,42,10,32,18,0,0
7001,0,43,11,32,17,1,0
7101,0,41,8,33,19,0,0
7201,0,41,8,33,19,0,0
7301,0,42,4,38,18,0,0
7401,0,41,2,39,19,0,0
7501,0,39,1,38,21,0,0
7601,0,40,1,39,20,0,0
7701,0,38,2,36,22,1,0
7801,0,42,3,39,18,1,0
7901,0,43,5,38,17,0,0
8001,0,44,3,41,16,0,0
8101,0,42,2,40,18,0,0
8201,0,44,1,43,16,0,0
8301,0,44,2,42,16,0,0
8401,0,45,3,42,15,0,0
8501,0,44,2,42,16,0,0
8601,0,51,4,47,9,0,0
8701,0,46,4,42,14,0,0
8801,0,47,4,43,13,0,1
8901,0,44,2,42,16,0,0
9001,0,45,2,43,15,0,1
9101,0,42,3,39,18,0,1
9201,0,41,4,37,19,0,0
9301,0,41,5,36,19,0,0
9401,0,37,5,32,23,0,0
9501,0,36,5,31,24,0,0
9601,0,37,9,28,23,0,0
9701,0,39,9,30,21,0,0
9801,0,38,13,25,22,0,0
9901,0,39,20,19,21,0,0
10001,0,42,21,21,18,0,0
10101,0,38,21,17,22,0,1
10201,0,29,24,5,31,0,0
10301,0,36,33,3,24,0,0
10401,0,39,38,1,21,0,0
10501,0,44,42,2,16,0,0
10601,0,51,51,0,9,0,0
10701,0,48,48,0,12,0,0
10801,0,49,49,0,11,0,0
10901,0,51,51,0,9,0,0
11001,0,51,51,0,9,0,0
11101,0,50,48,2,10,0,0
11201,0,48,47,1,12,0,0
11301,0,50,49,1,10,0,0
11401,0,48,47,1,12,0,0
11501,0,50,48,2,10,0,0
11601,0,47,47,0,13,1,0
11701,0,46,46,0,14,0,0
11801,0,52,51,1,8,0,0
11901,0,46,45,1,14,0,0
12001,0,48,46,2,12,0,0
12101,0,46,44,2,14,0,0
12201,0,47,45,2,13,0,0
12301,0,49,47,2,11,0,0
12401,0,45,42,3,15,0,0
12501,0,45,42,3,15,0,0
12601,0,44,41,3,16,0,0
12701,0,46,43,3,14,0,0
12801,0,41,37,4,19,0,0
12901,0,42,37,5,18,0,0
13001,0,40,36,4,20,0,0
13101,0,37,32,5,23,0,0
13201,0,37,29,8,23,0,0
13301,0,41,32,9,19,0,0
13401,0,39,30,9,21,0,0
13501,0,37,29,8,23,0,0
13601,0,36,25,11,24,0,0
13701,0,38,22,16,22,0,0
13801,0,37,19,18,23,0,0
13901,0,39,15,24,21,0,1
14001,0,37,12,25,23,0,0
14101,0,31,8,23,29,0,0
14201,0,36,11,25,24,0,1
14301,0,42,6,36,18,0,0
14401,0,40,5,35,20,0,0
14501,0,41,4,37,19,0,0
14601,0,44,4,40,16,0,1
14701,0,43,3,40,17,1,0
14801,0,48,5,43,12,0,0
14901,0,48,4,44,12,0,0
15001,0,46,3,43,14,0,0
15101,0,44,4,40,16,0,0
15201,0,43,2,41,17,0,0
15301,0,40,0,40,20,0,0
15401,0,44,0,44,16,0,0
15501,0,45,1,44,15,0,0
15601,0,43,1,42,17,0,0
15701,0,43,1,42,17,0,0
15801,0,45,1,44,15,0,0
15901,0,47,2,45,13,0,0
16001,0,48,2,46,12,0,0
16101,0,46,2,44,14,0,0
16201,0,48,2,46,12,0,0
16301,0,49,3,46,11,0,0
16401,0,48,5,43,12,0,0
16501,0,45,7,38,15,0,0
16601,0,44,4,40,16,0,0
16701,0,44,7,37,16,0,0
16801,0,41,8,33,19,0,0
16901,0,42,9,33,18,0,0
17001,0,37,10,27,23,0,0
17101,0,40,17,23,20,1,0
17201,0,40,21,19,20,0,0
17301,0,40,23,17,20,0,1
17401,0,41,27,14,19,0,1
17501,0,38,29,9,22,0,1
17601,0,41,37,4,19,0,0
17701,0,42,39,3,18,0,0
17801,0,40,38,2,20,0,0
17901,0,39,39,0,21,0,0
18001,0,44,43,1,16,0,0
18101,0,42,42,0,18,0,0
18201,0,51,50,1,9,0,0
18301,0,50,49,1,10,0,0
18401,0,51,50,1,9,0,0
18501,0,52,51,1,8,0,0
18601,0,52,51,1,8,0,0
18701,0,52,51,1,8,0,0
18801,0,54,52,2,6,0,0
18901,0,51,49,2,9,0,0
19001,0,49,48,1,11,0,0
19101,0,51,50,1,9,0,0
19201,0,52,51,1,8,0,0
19301,0,53,53,0,7,0,0
19401,0,54,54,0,6,0,0
19501,0,57,57,0,3,0,0
19601,0,54,54,0,6,0,0
19701,0,53,53,0,7,0,0
19801,0,51,51,0,9,0,0
19901,0,50,50,0,10,0,0
20001,0,49,49,0,11,0,0
20101,0,50,49,1,10,1,0
20201,0,49,48,1,11,0,0
20301,0,51,50,1,9,0,0
20401,0,51,48,3,9,0,0
20501,0,49,47,2,11,0,0
20601,0,47,44,3,13,0,0
20701,0,49,46,3,11,0,0
20801,0,50,47,3,10,0,0
20901,0,50,47,3,10,0,0
21001,0,46,41,5,14,0,0
21101,0,49,44,5,11,0,0
21201,0,46,38,8,14,0,0
21301,0,42,36,6,18,0,0
21401,0,39,33,6,21,0,0
21501,0,39,30,9,21,1,0
21601,0,38,25,13,22,0,0
21701,0,39,29,10,21,0,0
21801,0,42,33,9,18,0,0
21901,0,41,34,7,19,0,0
22001,0,37,31,6,23,0,0
22101,0,41,32,9,19,0,0
22201,0,41,32,9,19,1,0
22301,0,40,33,7,20,0,0
22401,0,41,34,7,19,0,0
22501,0,39,30,9,21,0,1
22601,0,39,30,9,21,0,0
22701,0,37,26,11,23,0,0
22801,0,36,24,12,24,1,0
22901,0,33,20,13,27,0,0
23001,0,32,19,13,28,0,0
23101,0,34,17,17,26,0,1
23201,0,40,23,17,20,0,0
23301,0,35,23,12,25,0,0
23401,0,36,25,11,24,0,0
23501,0,34,21,13,26,0,0
23601,0,29,17,12,31,0,0
23701,0,32,17,15,28,0,1
23801,0,38,16,22,22,0,0
23901,0,42,18,24,18,0,1
24001,0,37,18,19,23,0,0
24101,0,33,20,13,27,0,0
24201,0,34,22,12,26,0,0
24301,0,38,25,13,22,0,0
24401,0,35,25,10,25,0,0
24501,0,35,31,4,25,0,0
24601,0,44,41,3,16,0,0
24701,0,45,43,2,15,0,0
24801,0,48,46,2,12,0,0
24901,0,48,45,3,12,0,0
25001,0,43,38,5,17,0,1
25101,0,45,42,3,15,0,0
25201,0,49,46,3,11,0,0
25301,0,45,44,1,15,0,0
25401,0,49,47,2,11,0,0
25501,0,48,48,0,12,0,0
25601,0,47,47,0,13,0,0
25701,0,47,47,0,13,0,0
25801,0,50,50,0,10,0,0
25901,0,50,49,1,10,0,0
26001,0,48,48,0,12,0,0
26101,0,49,49,0,11,0,0
26201,0,47,46,1,13,0,0
26301,0,49,49,0,11,0,0
26401,0,48,47,1,12,0,0
26501,0,50,49,1,10,0,0
26601,0,51,51,0,9,0,0
26701,0,52,52,0,8,0,0
26801,0,54,52,2,6,0,0
26901,0,55,53,2,5,0,0
27001,0,51,50,1,9,0,0
27101,0,52,51,1,8,0,0
27201,0,53,52,1,7,1,0
27301,0,56,55,1,4,0,0
27401,0,55,54,1,5,0,0
27501,0,53,52,1,7,0,0
27601,0,50,50,0,10,0,0
27701,0,54,54,0,6,0,0
27801,0,52,52,0,8,0,0
27901,0,52,51,1,8,0,0
28001,0,52,51,1,8,0,0
28101,0,53,51,2,7,0,0
28201,0,52,50,2,8,0,0
28301,0,53,50,3,7,0,0
28401,0,51,49,2,9,0,0
28501,0,47,47,0,13,1,0
28601,0,48,48,0,12,0,0
28701,0,44,44,0,16,0,0
28801,0,47,47,0,13,0,0
28901,0,50,50,0,10,0,0
29001,0,49,49,0,11,0,0
29101,0,50,50,0,10,0,0
29201,0,49,48,1,11,0,0
29301,0,46,45,1,14,0,0
29401,0,48,47,1,12,0,0
29501,0,49,48,1,11,0,0
29601,0,51,50,1,9,0,0
29701,0,47,46,1,13,0,1
29801,0,50,49,1,10,0,0
29901,0,48,47,1,12,0,0
30001,0,48,47,1,12,0,0
30101,0,48,47,1,12,0,0
30201,0,47,44,3,13,0,0
30301,0,44,41,3,16,0,0
30401,0,45,40,5,15,0,0
30501,0,44,37,7,16,0,0
30601,0,42,35,7,18,0,0
30701,0,36,28,8,24,0,1
30801,0,36,31,5,24,0,0
30901,0,31,25,6,29,0,0
31001,0,33,27,6,27,0,0
31101,0,36,30,6,24,0,0
31201,0,42,32,10,18,0,0
31301,0,42,32,10,18,0,0
31401,0,42,34,8,18,0,1
31501,0,41,34,7,19,0,0
31601,0,40,35,5,20,0,0
31701,0,41,37,4,19,0,0
31801,0,42,37,5,18,0,0
31901,0,42,37,5,18,0,0
32001,0,46,39,7,14,0,0
32101,0,47,39,8,13,0,1
32201,0,48,37,11,12,0,0
32301,0,41,31,10,19,0,0
32401,0,39,33,6,21,0,1
32501,0,40,30,10,20,0,0
32601,0,43,35,8,17,0,0
32701,0,41,32,9,19,0,0
32801,0,43,36,7,17,0,0
32901,0,43,37,6,17,0,0
33001,0,38,31,7,22,0,0
33101,0,40,32,8,20,0,0
33201,0,44,40,4,16,0,0
33301,0,47,42,5,13,0,0
33401,0,49,46,3,11,0,0
33501,0,50,46,4,10,0,0
33601,0,53,50,3,7,0,0
33701,0,53,50,3,7,0,0
33801,0,52,47,5,8,0,0
33901,0,50,46,4,10,0,0
34001,0,44,41,3,16,0,1
34101,0,45,41,4,15,0,0
34201,0,49,45,4,11,0,0
34301,0,45,42,3,15,0,0
34401,0,45,42,3,15,0,1
34501,0,43,41,2,17,0,0
34601,0,48,44,4,12,0,0
34701,0,47,44,3,13,0,0
34801,0,45,43,2,15,1,0
34901,0,44,42,2,16,0,0
35001,0,45,44,1,15,0,0
35101,0,44,43,1,16,0,0
35201,0,49,46,3,11,0,0
35301,0,50,47,3,10,0,0
35401,0,50,47,3,10,0,0
35501,0,51,48,3,9,0,0
35601,0,46,45,1,14,0,0
35701,0,53,52,1,7,0,0
35801,0,49,49,0,11,0,0
35901,0,50,50,0,10,0,0
36001,0,50,50,0,10,0,0
36101,0,51,51,0,9,0,0
36201,0,53,53,0,7,0,0
36301,0,51,51,0,9,0,0
36401,0,51,51,0,9,0,0
36501,0,49,49,0,11,0,0
36601,0,48,48,0,12,0,1
36701,0,47,47,0,13,0,0
36801,0,48,48,0,12,0,0
36901,0,49,49,0,11,0,0
37001,0,47,47,0,13,0,0
37101,0,49,49,0,11,0,0
37201,0,47,47,0,13,0,0
37301,0,47,46,1,13,0,0
37401,0,46,45,1,14,0,0
37501,0,47,46,1,13,0,0
37601,0,44,42,2,16,0,1
37701,0,46,45,1,14,0,0
37801,0,43,42,1,17,0,0
37901,0,47,46,1,13,0,0
38001,0,48,45,3,12,0,0
38101,0,44,41,3,16,0,0
38201,0,44,41,3,16,0,0
38301,0,43,40,3,17,0,0
38401,0,39,37,2,21,0,0
38501,0,44,43,1,16,0,0
38601,0,47,46,1,13,0,0
38701,0,48,47,1,12,0,0
38801,0,47,46,1,13,0,0
38901,0,47,45,2,13,0,1
39001,0,45,44,1,15,0,0
39101,0,47,46,1,13,0,0
39201,0,44,43,1,16,0,0
39301,0,45,44,1,15,0,0
39401,0,48,46,2,12,0,0
39501,0,48,45,3,12,0,1
39601,0,46,43,3,14,0,0
39701,0,46,42,4,14,0,1
39801,0,47,44,3,13,0,0
39901,0,43,39,4,17,0,0
40001,0,49,41,8,11,0,0
40101,0,50,40,10,10,0,0
40201,0,46,34,12,14,0,0
40301,0,49,41,8,11,0,0
40401,0,46,39,7,14,0,0
40501,0,44,42,2,16,0,0
40601,0,46,45,1,14,0,0
40701,0,46,44,2,14,0,0
40801,0,48,46,2,12,0,0
40901,0,48,46,2,12,0,0
41001,0,50,48,2,10,0,0
41101,0,50,48,2,10,0,0
41201,0,54,53,1,6,0,0
41301,0,52,52,0,8,0,0
41401,0,52,51,1,8,0,0
41501,0,51,50,1,9,0,0
41601,0,55,54,1,5,0,0
41701,0,55,55,0,5,0,0
41801,0,52,52,0,8,0,0
41901,0,52,52,0,8,1,0
42001,0,53,52,1,7,0,0
42101,0,50,49,1,10,1,0
42201,0,52,51,1,8,0,0
42301,0,52,52,0,8,0,0
42401,0,53,52,1,7,0,0
42501,0,51,50,1,9,0,0
42601,0,49,49,0,11,0,0
42701,0,51,51,0,9,0,0
42801,0,54,54,0,6,0,0
42901,0,55,54,1,5,0,0
43001,0,52,52,0,8,0,0
43101,0,53,51,2,7,0,0
43201,0,49,48,1,11,0,0
43301,0,50,49,1,10,0,0
43401,0,46,43,3,14,0,0
43501,0,48,45,3,12,0,0
43601,0,48,45,3,12,0,0
43701,0,48,45,3,12,0,0
43801,0,46,44,2,14,0,0
43901,0,49,47,2,11,0,0
44001,0,49,47,2,11,0,0
44101,0,48,46,2,12,0,0
44201,0,48,46,2,12,0,0
44301,0,46,43,3,14,0,0
44401,0,46,42,4,14,0,0
44501,0,44,40,4,16,0,0
44601,0,41,37,4,19,0,0
44701,0,38,35,3,22,0,1
44801,0,40,37,3,20,0,0
44901,0,40,38,2,20,1,0
45001,0,44,40,4,16,0,0
45101,0,45,41,4,15,0,0
45201,0,49,45,4,11,0,0
45301,0,50,48,2,10,0,0
45401,0,48,47,1,12,0,0
45501,0,48,47,1,12,0,0
45601,0,45,43,2,15,0,0
45701,0,46,42,4,14,0,0
45801,0,45,41,4,15,0,0
45901,0,43,38,5,17,0,0
46001,0,45,39,6,15,0,0
46101,0,46,38,8,14,0,0
46201,0,41,31,10,19,0,0
46301,0,41,33,8,19,0,0
46401,0,41,30,11,19,0,0
46501,0,36,23,13,24,0,0
46601,0,42,25,17,18,0,0
46701,0,40,21,19,20,0,0
46801,0,40,14,26,20,0,0
46901,0,44,9,35,16,0,1
47001,0,47,7,40,13,0,0
47101,0,44,5,39,16,0,0
47201,0,41,3,38,19,0,0
47301,0,39,2,37,21,0,0
47401,0,38,0,38,22,0,0
47501,0,41,0,41,19,0,0
47601,0,45,0,45,15,0,0
47701,0,47,0,47,13,0,0
47801,0,48,1,47,12,0,0
47901,0,46,1,45,14,0,1
48001,0,46,2,44,14,0,0
48101,0,46,1,45,14,0,0
48201,0,51,0,51,9,0,0
48301,0,48,0,48,12,0,0
48401,0,51,0,51,9,0,0
48501,0,44,0,44,16,0,0
48601,0,47,1,46,13,0,0
48701,0,47,1,46,13,0,0
48801,0,48,1,47,12,0,0
48901,0,52,0,52,8,0,0
49001,0,50,0,50,10,0,0
49101,0,54,0,54,6,0,0
49201,0,50,0,50,10,1,0
49301,0,50,0,50,10,0,0
49401,0,53,0,53,7,0,0
49501,0,54,1,53,6,0,0
49601,0,50,1,49,10,1,0
49701,0,47,1,46,13,0,0
49801,0,47,3,44,13,1,0
49901,0,48,2,46,12,0,0
50001,0,46,2,44,14,0,0
50101,0,49,4,45,11,0,0
50201,0,46,4,42,14,0,0
50301,0,46,5,41,14,0,0
50401,0,46,5,41,14,0,0
50501,0,47,7,40,13,0,0
50601,0,46,8,38,14,1,0
50701,0,47,9,38,13,0,1
50801,0,41,7,34,19,1,0
50901,0,41,7,34,19,0,1
51001,0,44,8,36,16,0,0
51101,0,45,8,37,15,0,0
51201,0,47,7,40,13,0,0
51301,0,48,7,41,12,0,0
51401,0,43,8,35,17,0,0
51501,0,37,8,29,23,0,0
51601,0,34,8,26,26,0,0
51701,0,32,10,22,28,0,0
51801,0,28,12,16,32,0,0
51901,0,27,12,15,33,0,0
52001,0,30,18,12,30,0,0
52101,0,30,23,7,30,0,0
52201,0,33,26,7,27,0,1
52301,0,40,33,7,20,0,0
52401,0,35,28,7,25,1,0
52501,0,35,28,7,25,0,0
52601,0,39,29,10,21,0,0
52701,0,38,28,10,22,0,0
52801,0,42,32,10,18,0,0
52901,0,43,31,12,17,0,0
53001,0,41,32,9,19,0,0
53101,0,41,36,5,19,0,0
53201,0,44,40,4,16,0,0
53301,0,44,39,5,16,0,0
53401,0,46,43,3,14,0,0
53501,0,46,42,4,14,0,0
53601,0,42,39,3,18,0,0
53701,0,47,44,3,13,0,0
53801,0,44,41,3,16,0,0
53901,0,49,46,3,11,0,0
54001,0,44,43,1,16,0,0
54101,0,50,48,2,10,0,0
54201,0,48,46,2,12,0,0
54301,0,46,45,1,14,0,0
54401,0,48,47,1,12,0,0
54501,0,47,46,1,13,0,0
54601,0,46,44,2,14,0,0
54701,0,41,40,1,19,0,0
54801,0,41,40,1,19,0,0
54901,0,44,43,1,16,0,0
55001,0,43,42,1,17,0,0
55101,0,45,42,3,15,0,0
55201,0,49,44,5,11,0,1
55301,0,42,36,6,18,0,0
55401,0,46,40,6,14,0,1
55501,0,44,37,7,16,0,0
55601,0,41,32,9,19,0,0
55701,0,36,27,9,24,0,1
55801,0,35,25,10,25,0,0
55901,0,44,28,16,16,0,0
56001,0,40,24,16,20,0,0
56101,0,38,19,19,22,0,0
56201,0,36,16,20,24,0,0
56301,0,41,15,26,19,0,0
56401,0,34,10,24,26,0,1
56501,0,34,6,28,26,0,0
56601,0,36,5,31,24,0,0
56701,0,38,2,36,22,0,0
56801,0,42,1,41,18,0,1
56901,0,44,0,44,16,0,0
57001,0,47,0,47,13,0,0
57101,0,50,0,50,10,0,0
57201,0,50,0,50,10,0,0
57301,0,52,0,52,8,0,0
57401,0,52,0,52,8,0,0
57501,0,55,0,55,5,0,0
57601,0,54,0,54,6,0,0
57701,0,52,0,52,8,0,0
57801,0,53,0,53,7,0,0
57901,0,53,0,53,7,0,0
58001,0,48,0,48,12,0,0
58101,0,50,0,50,10,0,0
58201,0,52,1,51,8,0,0
58301,0,51,1,50,9,0,0
58401,0,52,2,50,8,0,0
58501,0,49,1,48,11,0,0
58601,0,47,0,47,13,0,0
58701,0,51,0,51,9,0,0
58801,0,51,0,51,9,0,0
58901,0,51,1,50,9,0,0
59001,0,52,2,50,8,0,0
59101,0,49,1,48,11,0,0
59201,0,48,1,47,12,0,0
59301,0,50,2,48,10,0,0
59401,0,44,2,42,16,0,0
59501,0,45,2,43,15,0,1
59601,0,43,4,39,17,0,0
59701,0,43,7,36,17,0,0
59801,0,47,8,39,13,0,0
59901,0,46,7,39,14,0,0
60001,0,45,9,36,15,0,0
60101,0,42,11,31,18,1,0
60201,0,43,9,34,17,0,0
60301,0,40,10,30,20,0,0
60401,0,38,14,24,22,0,0
60501,0,33,12,21,27,0,0
60601,0,35,13,22,25,0,0
60701,0,40,16,24,20,0,0
60801,0,37,17,20,23,0,0
60901,0,37,20,17,23,0,0
61001,0,31,18,13,29,0,0
61101,0,36,20,16,24,0,0
61201,0,36,18,18,24,0,0
61301,0,41,21,20,19,0,0
61401,0,38,19,19,22,0,1
61501,0,37,19,18,23,0,0
61601,0,38,21,17,22,0,1
61701,0,37,18,19,23,0,0
61801,0,40,18,22,20,0,0
61901,0,40,19,21,20,0,0
62001,0,36,17,19,24,0,1
62101,0,37,15,22,23,0,0
62201,0,35,14,21,25,0,0
62301,0,43,15,28,17,0,0
62401,0,43,15,28,17,0,1
62501,0,38,10,28,22,0,0
62601,0,37,10,27,23,0,0
62701,0,33,8,25,27,0,0
62801,0,39,10,29,21,0,0
62901,0,38,7,31,22,0,0
63001,0,39,11,28,21,0,0
63101,0,39,6,33,21,0,0
63201,0,37,6,31,23,0,1
63301,0,41,6,35,19,0,0
63401,0,37,6,31,23,0,0
63501,0,39,10,29,21,0,0
63601,0,39,9,30,21,0,0
63701,0,34,11,23,26,0,0
63801,0,36,12,24,24,0,0
63901,0,41,12,29,19,1,0
64001,0,33,8,25,27,0,0
64101,0,33,12,21,27,0,0
64201,0,37,14,23,23,0,0
64301,0,40,17,23,20,0,0
64401,0,35,13,22,25,0,0
64501,0,32,7,25,28,0,0
64601,0,36,11,25,24,0,0
64701,0,39,13,26,21,0,0
64801,0,37,13,24,23,0,0
64901,0,44,18,26,16,0,0
65001,0,42,15,27,18,0,0
65101,0,48,15,33,12,0,1
65201,0,43,13,30,17,0,0
65301,0,45,9,36,15,0,0
65401,0,46,7,39,14,0,0
65501,0,48,4,44,12,0,0
65601,0,45,4,41,15,0,1
65701,0,46,5,41,14,0,0
65801,0,38,4,34,22,0,0
65901,0,43,4,39,17,0,1
66001,0,48,4,44,12,0,0
66101,0,49,3,46,11,0,0
66201,0,48,4,44,12,0,0
66301,0,51,2,49,9,0,0
66401,0,48,3,45,12,0,0
66501,0,52,2,50,8,0,0
66601,0,53,2,51,7,0,0
66701,0,49,2,47,11,0,0
66801,0,51,1,50,9,0,0
66901,0,48,1,47,12,1,0
67001,0,47,1,46,13,0,0
67101,0,46,1,45,14,0,0
67201,0,47,1,46,13,0,0
67301,0,47,2,45,13,0,0
67401,0,48,2,46,12,0,0
67501,0,48,3,45,12,0,0
67601,0,47,1,46,13,0,0
67701,0,48,1,47,12,0,0
67801,0,48,0,48,12,0,0
67901,0,48,0,48,12,0,0
68001,0,48,0,48,12,0,0
68101,0,48,1,47,12,0,0
68201,0,48,1,47,12,0,0
68301,0,47,0,47,13,0,0
68401,0,48,0,48,12,0,0
68501,0,47,0,47,13,0,0
68601,0,45,0,45,15,0,0
68701,0,50,0,50,10,0,0
68801,0,49,0,49,11,0,0
68901,0,49,0,49,11,0,0
69001,0,49,0,49,11,0,0
69101,0,49,0,49,11,0,1
69201,0,52,1,51,8,0,0
69301,0,48,0,48,12,0,0
69401,0,49,0,49,11,0,0
69501,0,47,0,47,13,0,0
69601,0,46,0,46,14,0,0
69701,0,48,0,48,12,0,0
69801,0,48,1,47,12,0,0
69901,0,48,0,48,12,0,0
70001,0,51,0,51,9,0,0
70101,0,51,0,51,9,0,0
70201,0,49,0,49,11,0,0
70301,0,51,0,51,9,0,0
70401,0,53,0,53,7,0,0
70501,0,50,0,50,10,0,0
70601,0,49,0,49,11,0,0
70701,0,50,0,50,10,0,0
70801,0,51,0,51,9,0,0
70901,0,51,0,51,9,0,0
71001,0,47,0,47,13,0,0
71101,0,47,0,47,13,0,0
71201,0,46,0,46,14,0,0
71301,0,49,1,48,11,0,0
71401,0,48,1,47,12,0,0
71501,0,47,2,45,13,0,0
71601,0,45,2,43,15,0,0
71701,0,44,2,42,16,0,0
71801,0,43,2,41,17,0,0
71901,0,44,3,41,16,0,0
72001,0,45,4,41,15,0,0
72101,0,40,4,36,20,0,0
72201,0,43,6,37,17,0,0
72301,0,41,6,35,19,1,0
72401,0,43,4,39,17,0,0
72501,0,42,3,39,18,0,0
72601,0,44,5,39,16,0,0
72701,0,46,8,38,14,0,1
72801,0,47,6,41,13,0,0
72901,0,47,9,38,13,0,1
73001,0,43,9,34,17,0,0
73101,0,48,9,39,12,0,0
73201,0,42,4,38,18,0,0
73301,0,42,2,40,18,0,0
73401,0,50,3,47,10,0,0
73501,0,46,2,44,14,0,0
73601,0,45,2,43,15,0,0
73701,0,47,3,44,13,0,0
73801,0,45,5,40,15,0,0
73901,0,43,5,38,17,0,0
74001,0,41,6,35,19,0,0
74101,0,46,6,40,14,0,0
74201,0,46,6,40,14,0,0
74301,0,40,6,34,20,0,0
74401,0,48,10,38,12,0,0
74501,0,47,14,33,13,0,0
74601,0,43,13,30,17,0,0
74701,0,39,17,22,21,0,0
74801,0,45,19,26,15,0,0
74901,0,40,16,24,20,1,0
75001,0,44,15,29,16,0,0
75101,0,44,14,30,16,0,0
75201,0,44,15,29,16,0,0
75301,0,43,16,27,17,0,0
75401,0,39,14,25,21,0,0
75501,0,35,12,23,25,0,0
75601,0,39,14,25,21,0,1
75701,0,36,11,25,24,0,0
75801,0,36,7,29,24,0,0
75901,0,33,3,30,27,0,0
76001,0,43,3,40,17,0,0
76101,0,44,2,42,16,0,0
76201,0,43,2,41,17,0,0
76301,0,44,5,39,16,0,0
76401,0,42,6,36,18,0,0
76501,0,42,8,34,18,0,1
76601,0,43,13,30,17,0,0
76701,0,46,18,28,14,0,0
76801,0,39,13,26,21,1,0
76901,0,32,12,20,28,0,0
77001,0,42,13,29,18,0,0
77101,0,41,9,32,19,0,0
77201,0,40,7,33,20,0,0
77301,0,39,5,34,21,0,0
77401,0,38,4,34,22,0,0
77501,0,41,8,33,19,0,0
77601,0,39,4,35,21,0,1
77701,0,40,3,37,20,0,0
77801,0,37,3,34,23,0,0
77901,0,41,2,39,19,0,0
78001,0,43,3,40,17,0,0
78101,0,44,2,42,16,0,0
78201,0,43,1,42,17,0,1
78301,0,43,1,42,17,0,0
78401,0,37,1,36,23,0,0
78501,0,40,1,39,20,0,0
78601,0,38,1,37,22,0,0
78701,0,47,1,46,13,0,0
78801,0,47,1,46,13,0,0
78901,0,44,1,43,16,0,0
79001,0,47,2,45,13,1,0
79101,0,40,2,38,20,0,0
79201,0,38,2,36,22,0,0
79301,0,41,4,37,19,0,0
79401,0,45,4,41,15,0,0
79501,0,40,5,35,20,0,0
79601,0,39,3,36,21,0,0
79701,0,41,2,39,19,0,0
79801,0,45,1,44,15,0,0
79901,0,45,1,44,15,0,0
80001,0,44,1,43,16,0,0
80101,0,43,1,42,17,0,0
80201,0,43,1,42,17,0,0
80301,0,45,1,44,15,0,0
80401,0,45,1,44,15,1,0
80501,0,41,1,40,19,0,0
80601,0,46,1,45,14,0,0
80701,0,48,1,47,12,0,0
80801,0,46,1,45,14,0,0
80901,0,42,1,41,18,0,0
81001,0,43,4,39,17,0,0
81101,0,44,4,40,16,0,0
81201,0,44,7,37,16,0,0
81301,0,47,9,38,13,0,0
81401,0,46,11,35,14,0,1
81501,0,41,12,29,19,0,0
81601,0,36,12,24,24,0,0
81701,0,43,11,32,17,0,0
81801,0,39,11,28,21,0,0
81901,0,39,15,24,21,0,0
82001,0,35,15,20,25,0,0
82101,0,36,16,20,24,0,1
82201,0,37,21,16,23,0,0
82301,0,38,19,19,22,0,0
82401,0,37,18,19,23,0,0
82501,0,32,19,13,28,0,0
82601,0,33,26,7,27,0,0
82701,0,34,27,7,26,0,0
82801,0,34,25,9,26,0,0
82901,0,34,24,10,26,0,0
83001,0,37,24,13,23,0,0
83101,0,33,22,11,27,0,0
83201,0,39,27,12,21,0,1
83301,0,43,30,13,17,0,0
83401,0,47,37,10,13,0,0
83501,0,49,39,10,11,0,0
83601,0,47,36,11,13,0,0
83701,0,40,30,10,20,0,0
83801,0,48,36,12,12,0,0
83901,0,48,35,13,12,0,0
84001,0,41,29,12,19,0,0
84101,0,41,30,11,19,0,0
84201,0,31,26,5,29,0,0
84301,0,40,36,4,20,0,0
84401,0,43,40,3,17,0,1
84501,0,41,40,1,19,0,0
84601,0,42,42,0,18,0,0
84701,0,45,45,0,15,0,0
84801,0,50,50,0,10,0,0
84901,0,45,45,0,15,0,0
85001,0,51,51,0,9,0,0
85101,0,50,50,0,10,0,0
85201,0,51,51,0,9,0,0
85301,0,53,53,0,7,0,0
85401,0,51,50,1,9,0,0
85501,0,51,50,1,9,0,0
85601,0,54,50,4,6,0,0
85701,0,54,52,2,6,0,0
85801,0,48,47,1,12,0,0
85901,0,48,47,1,12,0,0
86001,0,49,47,2,11,0,0
86101,0,50,48,2,10,0,0
86201,0,50,49,1,10,0,0
86301,0,47,45,2,13,0,0
86401,0,47,42,5,13,1,0
86501,0,49,44,5,11,0,1
86601,0,50,46,4,10,0,0
86701,0,50,47,3,10,0,0
86801,0,48,45,3,12,0,0
86901,0,48,44,4,12,0,0
87001,0,47,43,4,13,0,0
87101,0,48,45,3,12,0,0
87201,0,47,44,3,13,0,0
87301,0,45,42,3,15,0,0
87401,0,41,39,2,19,0,0
87501,0,46,42,4,14,0,0
87601,0,46,40,6,14,0,1
87701,0,44,39,5,16,0,0
87801,0,47,42,5,13,0,0
87901,0,50,43,7,10,0,0
88001,0,45,38,7,15,0,0
88101,0,43,37,6,17,0,0
88201,0,42,38,4,18,0,0
88301,0,45,41,4,15,1,0
88401,0,46,42,4,14,0,0
88501,0,48,44,4,12,0,0
88601,0,49,47,2,11,0,0
88701,0,51,49,2,9,0,0
88801,0,53,52,1,7,0,0
88901,0,52,51,1,8,0,0
89001,0,52,52,0,8,0,0
89101,0,51,51,0,9,0,0
89201,0,54,53,1,6,0,0
89301,0,52,51,1,8,0,0
89401,0,51,49,2,9,0,0
89501,0,51,50,1,9,0,0
89601,0,44,42,2,16,1,0
89701,0,47,44,3,13,0,1
89801,0,49,47,2,11,0,0
89901,0,50,49,1,10,0,0
90001,0,49,49,0,11,1,0
90101,0,51,51,0,9,0,0
90201,0,50,49,1,10,0,0
90301,0,49,48,1,11,0,0
90401,0,51,49,2,9,0,0
90501,0,49,47,2,11,0,0
90601,0,43,42,1,17,0,0
90701,0,45,44,1,15,0,0
90801,0,50,49,1,10,0,0
90901,0,51,51,0,9,0,0
91001,0,49,49,0,11,0,0
91101,0,49,49,0,11,0,0
91201,0,51,51,0,9,0,0
91301,0,47,47,0,13,0,0
91401,0,48,48,0,12,0,0
91501,0,49,49,0,11,0,0
91601,0,47,47,0,13,0,0
91701,0,45,45,0,15,0,0
91801,0,45,45,0,15,0,0
91901,0,44,43,1,16,0,0
92001,0,48,45,3,12,0,0
92101,0,43,40,3,17,0,1
92201,0,40,37,3,20,0,1
92301,0,42,39,3,18,0,0
92401,0,42,37,5,18,0,0
92501,0,39,35,4,21,0,0
92601,0,36,31,5,24,0,0
92701,0,38,33,5,22,0,0
92801,0,38,30,8,22,0,0
92901,0,37,28,9,23,0,0
93001,0,35,26,9,25,0,0
93101,0,35,26,9,25,0,0
93201,0,34,25,9,26,0,0
93301,0,35,26,9,25,0,0
93401,0,35,27,8,25,0,0
93501,0,40,28,12,20,0,0
93601,0,45,35,10,15,0,1
93701,0,42,35,7,18,0,1
93801,0,41,32,9,19,1,0
93901,0,40,30,10,20,0,0
94001,0,41,30,11,19,0,0
94101,0,37,25,12,23,0,1
94201,0,33,23,10,27,0,0
94301,0,39,29,10,21,0,0
94401,0,38,29,9,22,0,0
94501,0,44,31,13,16,0,0
94601,0,38,30,8,22,0,0
94701,0,38,30,8,22,0,1
94801,0,42,32,10,18,0,0
94901,0,31,25,6,29,1,0
95001,0,37,29,8,23,0,0
95101,0,37,29,8,23,0,0
95201,0,40,36,4,20,0,1
95301,0,38,34,4,22,0,0
95401,0,40,36,4,20,0,0
95501,0,41,36,5,19,0,0
95601,0,38,33,5,22,0,1
95701,0,40,35,5,20,0,0
95801,0,43,36,7,17,0,1
95901,0,42,36,6,18,0,0
96001,0,44,38,6,16,0,0
96101,0,44,38,6,16,0,0
96201,0,40,35,5,20,0,0
96301,0,39,34,5,21,0,0
96401,0,41,33,8,19,0,0
96501,0,35,29,6,25,0,1
96601,0,40,32,8,20,0,0
96701,0,41,34,7,19,0,0
96801,0,35,29,6,25,0,1
96901,0,35,31,4,25,0,0
97001,0,40,36,4,20,0,0
97101,0,40,36,4,20,0,0
97201,0,43,36,7,17,0,0
97301,0,43,37,6,17,0,0
97401,0,39,35,4,21,0,1
97501,0,40,37,3,20,0,0
97601,0,44,42,2,16,0,0
97701,0,44,40,4,16,0,0
97801,0,44,41,3,16,0,0
97901,0,47,45,2,13,0,1
98001,0,50,48,2,10,0,0
98101,0,48,46,2,12,0,0
98201,0,48,46,2,12,0,0
98301,0,44,41,3,16,0,0
98401,0,45,40,5,15,0,1
98501,0,39,34,5,21,0,0
98601,0,38,35,3,22,1,0
98701,0,43,39,4,17,0,0
98801,0,44,38,6,16,0,0
98901,0,40,35,5,20,0,0
99001,0,40,34,6,20,1,0
99101,0,42,37,5,18,0,1
99201,0,44,38,6,16,0,0
99301,0,39,33,6,21,0,0
99401,0,42,33,9,18,0,0
99501,0,43,33,10,17,0,0
99601,0,35,29,6,25,0,0
99701,0,35,27,8,25,0,0
99801,0,38,24,14,22,0,0
99901,0,45,26,19,15,0,0
100001,0,39,18,21,21,0,0
100101,0,38,11,27,22,0,0
100201,0,35,3,32,25,0,0
100301,0,40,2,38,20,0,0
100401,0,40,2,38,20,0,0
100501,0,44,2,42,16,0,0
100601,0,46,2,44,14,0,0
100701,0,49,2,47,11,0,0
100801,0,48,2,46,12,0,0
100901,0,45,2,43,15,0,1
101001,0,43,2,41,17,0,0
101101,0,42,3,39,18,0,0
101201,0,42,3,39,18,0,0
101301,0,43,3,40,17,0,0
101401,0,42,2,40,18,0,0
101501,0,41,2,39,19,0,0
101601,0,44,1,43,16,0,0
101701,0,45,1,44,15,0,0
101801,0,46,1,45,14,0,0
101901,0,49,1,48,11,0,0
102001,0,49,2,47,11,0,0
102101,0,47,4,43,13,0,0
102201,0,48,4,44,12,0,0
102301,0,44,2,42,16,0,0
102401,0,44,3,41,16,0,0
102501,0,48,3,45,12,0,0
102601,0,47,2,45,13,0,0
102701,0,48,1,47,12,0,0
102801,0,47,3,44,13,0,0
102901,0,47,3,44,13,0,0
103001,0,47,1,46,13,0,0
103101,0,47,1,46,13,0,0
103201,0,50,0,50,10,0,0
103301,0,52,1,51,8,0,0
103401,0,52,1,51,8,0,0
103501,0,52,2,50,8,1,0
103601,0,52,2,50,8,0,0
103701,0,53,4,49,7,0,0
103801,0,48,5,43,12,0,0
103901,0,43,4,39,17,0,0
104001,0,42,6,36,18,0,0
104101,0,41,8,33,19,0,0
104201,0,42,13,29,18,0,0
104301,0,41,17,24,19,0,0
104401,0,42,22,20,18,0,1
104501,0,41,25,16,19,0,0
104601,0,40,30,10,20,0,1
104701,0,40,32,8,20,0,0
104801,0,44,36,8,16,0,0
104901,0,41,35,6,19,0,0
105001,0,42,34,8,18,0,0
105101,0,44,38,6,16,0,0
105201,0,40,37,3,20,0,0
105301,0,47,45,2,13,0,0
105401,0,45,43,2,15,0,0
105501,0,48,45,3,12,0,0
105601,0,45,43,2,15,0,0
105701,0,46,45,1,14,0,0
105801,0,50,50,0,10,0,0
105901,0,50,50,0,10,0,0
106001,0,53,53,0,7,0,0
106101,0,50,50,0,10,0,0
106201,0,52,51,1,8,0,0
106301,0,53,52,1,7,0,0
106401,0,56,55,1,4,0,0
106501,0,51,50,1,9,0,0
106601,0,52,52,0,8,0,0
106701,0,51,51,0,9,0,1
106801,0,51,51,0,9,0,0
106901,0,47,47,0,13,0,0
107001,0,46,46,0,14,0,0
107101,0,51,51,0,9,0,0
107201,0,51,51,0,9,0,0
107301,0,53,53,0,7,0,0
107401,0,50,50,0,10,0,0
107501,0,48,48,0,12,0,0
107601,0,50,50,0,10,0,0
107701,0,51,51,0,9,0,0
107801,0,49,49,0,11,0,0
107901,0,47,45,2,13,0,0
108001,0,44,43,1,16,1,0
108101,0,48,47,1,12,0,0
108201,0,48,47,1,12,0,0
108301,0,52,49,3,8,0,1
108401,0,48,44,4,12,0,0
108501,0,45,41,4,15,0,0
108601,0,45,39,6,15,0,0
108701,0,39,34,5,21,0,0
108801,0,45,35,10,15,0,0
108901,0,42,34,8,18,0,0
109001,0,44,30,14,16,0,1
109101,0,43,27,16,17,0,0
109201,0,42,23,19,18,0,0
109301,0,40,21,19,20,0,1
109401,0,36,21,15,24,0,0
109501,0,40,23,17,20,0,0
109601,0,43,22,21,17,0,0
109701,0,36,20,16,24,0,1
109801,0,36,14,22,24,0,0
109901,0,34,11,23,26,0,0
110001,0,36,9,27,24,0,0
110101,0,41,12,29,19,0,1
110201,0,36,12,24,24,0,0
110301,0,41,11,30,19,0,0
110401,0,40,9,31,20,0,0
110501,0,43,8,35,17,0,0
110601,0,38,8,30,22,0,0
110701,0,43,6,37,17,0,0
110801,0,47,6,41,13,0,0
110901,0,50,3,47,10,0,0
111001,0,51,3,48,9,0,0
111101,0,49,1,48,11,0,0
111201,0,51,0,51,9,0,1
111301,0,52,0,52,8,0,0
111401,0,53,0,53,7,0,0
111501,0,53,0,53,7,0,0
111601,0,51,0,51,9,0,0
111701,0,49,0,49,11,0,0
111801,0,50,0,50,10,0,0
111901,0,49,0,49,11,0,0
112001,0,47,0,47,13,0,1
112101,0,50,1,49,10,0,0
112201,0,50,2,48,10,0,0
112301,0,48,2,46,12,0,0
112401,0,47,2,45,13,0,0
112501,0,45,2,43,15,0,0
112601,0,42,3,39,18,0,0
112701,0,45,4,41,15,0,0
112801,0,48,8,40,12,0,0
112901,0,45,7,38,15,0,0
113001,0,41,7,34,19,0,0
113101,0,39,8,31,21,0,0
113201,0,38,7,31,22,0,1
113301,0,36,7,29,24,0,0
113401,0,35,8,27,25,0,1
113501,0,42,11,31,18,1,0
113601,0,41,11,30,19,0,0
113701,0,36,9,27,24,0,0
113801,0,38,8,30,22,0,1
113901,0,39,9,30,21,0,0
114001,0,38,8,30,22,0,0
114101,0,34,4,30,26,0,0
114201,0,41,4,37,19,0,0
114301,0,35,4,31,25,0,0
114401,0,39,5,34,21,0,0
114501,0,40,5,35,20,0,0
114601,0,41,3,38,19,0,0
114701,0,40,4,36,20,0,0
114801,0,41,5,36,19,0,0
114901,0,41,4,37,19,0,0
115001,0,43,6,37,17,0,0
115101,0,39,5,34,21,0,0
115201,0,40,4,36,20,0,0
115301,0,43,5,38,17,0,0
115401,0,41,6,35,19,0,0
115501,0,42,5,37,18,0,0
115601,0,37,4,33,23,0,0
115701,0,39,5,34,21,0,1
115801,0,41,6,35,19,0,0
115901,0,44,9,35,16,0,0
116001,0,36,12,24,24,0,0
116101,0,36,15,21,24,0,1
116201,0,39,20,19,21,0,0
116301,0,37,25,12,23,0,0
116401,0,44,32,12,16,0,0
116501,0,44,34,10,16,0,0
116601,0,36,30,6,24,0,0
116701,0,34,30,4,26,0,1
116801,0,36,33,3,24,0,0
116901,0,37,35,2,23,0,0
117001,0,38,34,4,22,0,0
117101,0,35,31,4,25,0,0
117201,0,37,33,4,23,0,0
117301,0,40,35,5,20,0,0
117401,0,40,33,7,20,1,0
117501,0,42,34,8,18,1,0
117601,0,45,38,7,15,0,0
117701,0,43,37,6,17,0,0
117801,0,40,36,4,20,0,0
117901,0,42,37,5,18,0,0
118001,0,46,41,5,14,0,0
118101,0,52,48,4,8,0,0
118201,0,51,49,2,9,0,0
118301,0,54,52,2,6,0,0
118401,0,55,54,1,5,0,0
118501,0,55,54,1,5,0,0
118601,0,53,52,1,7,0,0
118701,0,53,51,2,7,0,0
118801,0,55,54,1,5,0,0
118901,0,51,50,1,9,0,0
119001,0,54,53,1,6,0,0
119101,0,54,54,0,6,0,0
119201,0,58,58,0,2,0,0
119301,0,56,56,0,4,0,0
119401,0,56,56,0,4,0,0
119501,0,55,55,0,5,0,0
119601,0,56,56,0,4,0,0
119701,0,57,57,0,3,0,0
119801,0,57,57,0,3,0,0
119901,0,55,55,0,5,0,0
120001,0,55,55,0,5,0,0
120101,0,55,55,0,5,0,0
120201,0,53,53,0,7,0,0
120301,0,54,54,0,6,0,0
120401,0,54,54,0,6,0,0
120501,0,52,52,0,8,0,0
120601,0,50,50,0,10,0,0
120701,0,51,51,0,9,0,0
120801,0,50,50,0,10,0,0
120901,0,53,52,1,7,0,0
121001,0,53,52,1,7,0,1
121101,0,50,50,0,10,0,0
121201,0,50,50,0,10,0,0
121301,0,46,46,0,14,1,0
121401,0,43,43,0,17,0,0
121501,0,48,48,0,12,0,0
121601,0,47,46,1,13,0,0
121701,0,46,43,3,14,0,0
121801,0,45,44,1,15,0,0
121901,0,45,44,1,15,0,0
122001,0,49,48,1,11,0,0
122101,0,47,46,1,13,0,0
122201,0,49,47,2,11,0,1
122301,0,44,43,1,16,0,0
122401,0,41,39,2,19,0,0
122501,0,40,37,3,20,0,0
122601,0,38,34,4,22,0,0
122701,0,37,32,5,23,0,0
122801,0,42,30,12,18,0,0
122901,0,42,29,13,18,0,0
123001,0,39,31,8,21,0,1
123101,0,42,32,10,18,0,0
123201,0,44,35,9,16,0,0
123301,0,40,31,9,20,0,0
123401,0,38,27,11,22,0,0
123501,0,37,29,8,23,0,0
123601,0,40,26,14,20,0,0
123701,0,35,22,13,25,0,0
123801,0,35,16,19,25,0,0
123901,0,33,13,20,27,0,0
124001,0,33,10,23,27,0,0
124101,0,35,10,25,25,0,0
124201,0,36,11,25,24,0,0
124301,0,39,9,30,21,0,0
124401,0,41,8,33,19,0,0
124501,0,39,10,29,21,0,0
124601,0,35,7,28,25,0,0
124701,0,35,7,28,25,0,0
124801,0,36,6,30,24,0,0
124901,0,36,6,30,24,0,0
125001,0,44,7,37,16,1,0
125101,0,45,5,40,15,0,0
125201,0,48,4,44,12,0,0
125301,0,46,2,44,14,0,0
125401,0,44,3,41,16,0,0
125501,0,48,3,45,12,0,0
125601,0,47,2,45,13,0,0
125701,0,41,2,39,19,0,0
125801,0,46,1,45,14,0,0
125901,0,46,1,45,14,0,0
126001,0,43,2,41,17,0,0
126101,0,40,1,39,20,0,0
126201,0,45,3,42,15,1,0
126301,0,44,3,41,16,0,0
126401,0,44,4,40,16,0,0
126501,0,44,5,39,16,0,0
126601,0,41,4,37,19,0,0
126701,0,37,5,32,23,0,0
126801,0,36,7,29,24,0,0
126901,0,37,10,27,23,0,1
127001,0,37,11,26,23,0,1
127101,0,37,13,24,23,0,0
127201,0,33,14,19,27,0,0
127301,0,35,19,16,25,0,0
127401,0,37,27,10,23,0,1
127501,0,41,32,9,19,1,0
127601,0,41,33,8,19,0,0
127701,0,40,35,5,20,0,0
127801,0,46,40,6,14,0,1
127901,0,44,39,5,16,0,0
128001,0,45,39,6,15,0,0
128101,0,47,39,8,13,0,0
128201,0,45,39,6,15,0,0
128301,0,47,39,8,13,0,0
128401,0,45,39,6,15,0,0
128501,0,44,39,5,16,0,0
128601,0,45,41,4,15,0,0
128701,0,50,47,3,10,0,0
128801,0,52,49,3,8,0,0
128901,0,50,48,2,10,0,0
129001,0,53,51,2,7,0,0
129101,0,51,49,2,9,0,0
129201,0,48,46,2,12,0,0
129301,0,50,46,4,10,1,0
129401,0,49,47,2,11,0,0
129501,0,47,43,4,13,0,0
129601,0,47,42,5,13,1,0
129701,0,46,40,6,14,0,0
129801,0,46,39,7,14,0,0
129901,0,41,37,4,19,0,0
130001,0,40,36,4,20,0,0
130101,0,44,38,6,16,0,1
130201,0,44,40,4,16,0,0
130301,0,43,40,3,17,0,0
130401,0,45,40,5,15,0,0
130501,0,46,41,5,14,0,0
130601,0,46,41,5,14,0,0
130701,0,46,40,6,14,1,0
130801,0,44,38,6,16,0,0
130901,0,42,36,6,18,0,0
131001,0,38,31,7,22,0,0
131101,0,39,30,9,21,0,1
131201,0,40,30,10,20,0,0
131301,0,36,25,11,24,0,0
131401,0,35,22,13,25,0,0
131501,0,29,18,11,31,0,1
131601,0,35,20,15,25,0,1
131701,0,36,16,20,24,0,1
131801,0,32,12,20,28,0,0
131901,0,37,14,23,23,0,0
132001,0,41,16,25,19,0,0
132101,0,43,17,26,17,0,1
132201,0,46,17,29,14,0,1
132301,0,46,18,28,14,0,0
132401,0,45,18,27,15,0,0
132501,0,43,15,28,17,0,0
132601,0,35,16,19,25,0,1
132701,0,31,20,11,29,0,0
132801,0,40,26,14,20,0,1
132901,0,40,22,18,20,0,1
133001,0,45,25,20,15,0,0
133101,0,37,19,18,23,0,0
133201,0,32,19,13,28,0,1
133301,0,35,20,15,25,0,0
133401,0,38,22,16,22,0,0
133501,0,40,21,19,20,0,0
133601,0,37,19,18,23,0,0
133701,0,33,14,19,27,0,0
133801,0,34,13,21,26,0,0
133901,0,35,15,20,25,0,0
134001,0,38,16,22,22,0,0
134101,0,44,19,25,16,0,0
134201,0,44,15,29,16,0,0
134301,0,42,8,34,18,0,1
134401,0,41,8,33,19,0,0
134501,0,38,8,30,22,0,0
134601,0,34,4,30,26,0,0
134701,0,42,4,38,18,0,0
134801,0,48,3,45,12,0,0
134901,0,49,4,45,11,0,0
135001,0,48,5,43,12,1,0
135101,0,46,2,44,14,0,0
135201,0,48,2,46,12,0,0
135301,0,49,3,46,11,0,1
135401,0,47,1,46,13,0,0
135501,0,48,0,48,12,0,0
135601,0,48,0,48,12,0,0
135701,0,49,0,49,11,0,0
135801,0,50,0,50,10,0,0
135901,0,51,1,50,9,0,0
136001,0,49,2,47,11,1,0
136101,0,52,2,50,8,0,0
136201,0,48,1,47,12,0,0
136301,0,47,2,45,13,0,0
136401,0,44,2,42,16,0,0
136501,0,42,1,41,18,0,0
136601,0,48,1,47,12,0,0
136701,0,46,1,45,14,0,0
136801,0,49,5,44,11,0,1
136901,0,45,3,42,15,0,0
137001,0,52,5,47,8,0,1
137101,0,48,3,45,12,0,0
137201,0,47,3,44,13,0,0
137301,0,43,2,41,17,0,0
137401,0,47,2,45,13,0,0
137501,0,48,3,45,12,0,0
137601,0,49,4,45,11,0,0
137701,0,46,2,44,14,0,1
137801,0,44,2,42,16,0,0
137901,0,45,1,44,15,0,0
138001,0,45,0,45,15,0,0
138101,0,46,0,46,14,0,1
138201,0,47,0,47,13,0,0
138301,0,48,2,46,12,0,0
138401,0,45,2,43,15,0,0
138501,0,46,1,45,14,0,0
138601,0,47,1,46,13,0,0
138701,0,46,2,44,14,0,0
138801,0,40,1,39,20,0,0
138901,0,42,2,40,18,0,0
139001,0,46,3,43,14,0,0
139101,0,45,2,43,15,0,0
139201,0,43,2,41,17,0,0
139301,0,46,3,43,14,0,0
139401,0,44,5,39,16,0,0
139501,0,43,6,37,17,0,0
139601,0,42,11,31,18,0,0
139701,0,38,12,26,22,0,0
139801,0,34,11,23,26,0,0
139901,0,39,13,26,21,0,1
140001,0,39,15,24,21,0,0
140101,0,35,16,19,25,0,1
140201,0,36,18,18,24,0,0
140301,0,31,16,15,29,0,0
140401,0,37,19,18,23,0,0
140501,0,36,22,14,24,0,0
140601,0,39,25,14,21,0,0
140701,0,37,23,14,23,0,0
140801,0,36,26,10,24,0,0
140901,0,40,32,8,20,0,1
141001,0,38,32,6,22,0,0
141101,0,39,38,1,21,0,1
141201,0,47,46,1,13,0,0
141301,0,48,47,1,12,0,0
141401,0,51,51,0,9,0,0
141501,0,52,52,0,8,0,0
141601,0,50,49,1,10,0,0
141701,0,49,48,1,11,0,0
141801,0,49,48,1,11,0,0
141901,0,47,46,1,13,0,0
142001,0,50,49,1,10,0,0
142101,0,52,50,2,8,0,0
142201,0,53,50,3,7,0,0
142301,0,51,50,1,9,0,0
142401,0,53,50,3,7,0,0
142501,0,51,47,4,9,0,0
142601,0,49,45,4,11,0,0
142701,0,47,43,4,13,0,0
142801,0,48,42,6,12,0,0
142901,0,42,36,6,18,0,0
143001,0,40,33,7,20,0,0
143101,0,38,30,8,22,0,0
143201,0,36,28,8,24,1,0
143301,0,35,24,11,25,0,1
143401,0,32,20,12,28,0,0
143501,0,32,20,12,28,0,0
143601,0,35,17,18,25,0,0
143701,0,33,12,21,27,0,0
143801,0,31,8,23,29,0,0
143901,0,38,9,29,22,0,0
144001,0,40,7,33,20,0,1
144101,0,39,5,34,21,0,0
144201,0,44,5,39,16,0,0
144301,0,41,4,37,19,0,0
144401,0,42,4,38,18,0,0
144501,0,46,4,42,14,0,0
144601,0,43,3,40,17,0,0
144701,0,43,3,40,17,0,1
144801,0,44,3,41,16,0,0
144901,0,45,7,38,15,0,0
145001,0,42,7,35,18,0,1
145101,0,44,8,36,16,0,0
145201,0,39,8,31,21,0,0
145301,0,42,8,34,18,0,0
145401,0,40,9,31,20,0,0
145501,0,46,7,39,14,0,0
145601,0,39,5,34,21,0,0
145701,0,35,7,28,25,0,0
145801,0,35,9,26,25,0,0
145901,0,36,10,26,24,0,0
146001,0,36,11,25,24,0,0
146101,0,42,16,26,18,0,1
146201,0,36,14,22,24,0,0
146301,0,41,17,24,19,0,0
146401,0,33,15,18,27,0,1
146501,0,38,16,22,22,0,1
146601,0,36,15,21,24,0,1
146701,0,41,15,26,19,0,1
146801,0,32,13,19,28,0,0
146901,0,37,14,23,23,0,0
147001,0,37,15,22,23,1,0
147101,0,41,16,25,19,0,1
147201,0,31,6,25,29,0,0
147301,0,38,5,33,22,0,0
147401,0,39,9,30,21,0,0
147501,0,38,5,33,22,0,0
147601,0,38,4,34,22,0,0
147701,0,36,3,33,24,0,0
147801,0,36,2,34,24,0,0
147901,0,38,3,35,22,0,0
148001,0,43,5,38,17,0,0
148101,0,45,6,39,15,0,0
148201,0,44,6,38,16,0,0
148301,0,42,6,36,18,0,0
148401,0,45,6,39,15,0,0
148501,0,41,3,38,19,0,0
148601,0,45,4,41,15,0,0
148701,0,47,4,43,13,0,0
148801,0,51,4,47,9,0,0
148901,0,49,4,45,11,0,0
149001,0,46,3,43,14,0,0
149101,0,48,2,46,12,0,0
149201,0,47,2,45,13,0,0
149301,0,47,2,45,13,0,0
149401,0,46,1,45,14,0,0
149501,0,44,1,43,16,0,0
149601,0,49,2,47,11,1,0
149701,0,49,3,46,11,0,0
149801,0,51,3,48,9,0,0
149901,0,50,3,47,10,0,0
150001,0,51,4,47,9,0,0
150101,0,49,2,47,11,0,0
150201,0,50,2,48,10,0,0
150301,0,53,2,51,7,0,0
150401,0,53,2,51,7,0,0
150501,0,49,1,48,11,0,0
150601,0,53,2,51,7,0,0
150701,0,45,3,42,15,0,0
150801,0,46,4,42,14,0,0
150901,0,47,4,43,13,0,0
151001,0,42,5,37,18,0,0
151101,0,43,8,35,17,0,0
151201,0,43,10,33,17,0,0
151301,0,46,10,36,14,0,0
151401,0,43,9,34,17,0,0
151501,0,44,11,33,16,0,0
151601,0,45,9,36,15,0,0
151701,0,42,11,31,18,0,0
151801,0,41,12,29,19,0,0
151901,0,42,19,23,18,0,0
152001,0,39,26,13,21,0,0
152101,0,40,31,9,20,0,0
152201,0,42,36,6,18,0,0
152301,0,45,41,4,15,0,0
152401,0,46,42,4,14,0,0
152501,0,47,44,3,13,0,1
152601,0,43,42,1,17,0,0
152701,0,49,48,1,11,0,0
152801,0,48,47,1,12,0,0
152901,0,49,47,2,11,0,0
153001,0,51,50,1,9,0,0
153101,0,51,50,1,9,0,0
153201,0,50,49,1,10,0,0
153301,0,51,50,1,9,0,0
153401,0,48,47,1,12,1,0
153501,0,49,48,1,11,0,0
153601,0,51,49,2,9,0,0
153701,0,53,51,2,7,0,0
153801,0,52,50,2,8,0,0
153901,0,48,45,3,12,0,0
154001,0,47,44,3,13,0,0
154101,0,52,44,8,8,0,0
154201,0,46,36,10,14,0,0
154301,0,45,34,11,15,0,0
154401,0,40,31,9,20,0,1
154501,0,41,32,9,19,1,0
154601,0,46,33,13,14,0,0
154701,0,47,35,12,13,0,0
154801,0,49,35,14,11,0,0
154901,0,41,30,11,19,0,0
155001,0,40,27,13,20,0,0
155101,0,38,23,15,22,0,0
155201,0,41,32,9,19,0,0
155301,0,42,35,7,18,0,0
155401,0,47,41,6,13,0,0
155501,0,44,41,3,16,0,1
155601,0,51,47,4,9,0,0
155701,0,45,43,2,15,0,0
155801,0,45,42,3,15,0,1
155901,0,48,43,5,12,0,0
156001,0,46,42,4,14,0,0
156101,0,43,41,2,17,0,0
156201,0,45,41,4,15,0,0
156301,0,40,37,3,20,0,0
156401,0,42,39,3,18,0,0
156501,0,46,43,3,14,0,0
156601,0,49,47,2,11,0,0
156701,0,44,41,3,16,0,1
156801,0,44,42,2,16,0,0
156901,0,46,44,2,14,0,0
157001,0,47,45,2,13,0,0
157101,0,45,44,1,15,0,0
157201,0,42,41,1,18,0,0
157301,0,43,43,0,17,0,0
157401,0,44,44,0,16,0,0
157501,0,51,51,0,9,0,0
157601,0,52,52,0,8,0,0
157701,0,54,54,0,6,0,0
157801,0,56,56,0,4,0,0
157901,0,52,52,0,8,0,0
158001,0,53,52,1,7,0,0
158101,0,49,49,0,11,0,0
158201,0,53,53,0,7,0,0
158301,0,53,53,0,7,0,0
158401,0,54,53,1,6,0,0
158501,0,55,55,0,5,0,0
158601,0,54,53,1,6,0,0
158701,0,48,48,0,12,0,0
158801,0,53,53,0,7,0,0
158901,0,51,50,1,9,0,0
159001,0,47,45,2,13,0,0
159101,0,45,41,4,15,1,0
159201,0,43,40,3,17,0,0
159301,0,47,45,2,13,0,0
159401,0,51,50,1,9,0,1
159501,0,54,52,2,6,0,0
159601,0,49,47,2,11,0,0
159701,0,48,47,1,12,0,0
159801,0,49,48,1,11,0,0
159901,0,48,47,1,12,0,0
160001,0,51,50,1,9,0,0
160101,0,53,52,1,7,0,0
160201,0,51,51,0,9,0,0
160301,0,49,48,1,11,0,0
160401,0,49,47,2,11,0,0
160501,0,49,46,3,11,0,0
160601,0,48,46,2,12,0,1
160701,0,49,48,1,11,0,0
160801,0,51,50,1,9,0,0
160901,0,48,47,1,12,0,0
161001,0,51,50,1,9,0,0
161101,0,49,48,1,11,0,0
161201,0,52,51,1,8,0,1
161301,0,49,47,2,11,0,0
161401,0,46,42,4,14,0,0
161501,0,47,43,4,13,0,0
161601,0,45,42,3,15,0,0
161701,0,49,45,4,11,0,0
161801,0,49,44,5,11,0,0
161901,0,50,44,6,10,0,0
162001,0,46,41,5,14,0,0
162101,0,47,41,6,13,0,0
162201,0,47,42,5,13,0,0
162301,0,46,40,6,14,0,0
162401,0,39,33,6,21,0,0
162501,0,40,36,4,20,0,0
162601,0,43,41,2,17,0,0
162701,0,44,41,3,16,0,1
162801,0,43,39,4,17,0,0
162901,0,52,48,4,8,0,0
163001,0,51,47,4,9,0,0
163101,0,52,48,4,8,0,0
163201,0,51,46,5,9,0,1
163301,0,46,41,5,14,0,0
163401,0,50,45,5,10,0,0
163501,0,52,48,4,8,0,0
163601,0,48,45,3,12,0,1
163701,0,46,44,2,14,0,0
163801,0,53,51,2,7,0,0
163901,0,51,49,2,9,0,0
164001,0,54,50,4,6,0,0
164101,0,51,47,4,9,1,0
164201,0,50,45,5,10,0,0
164301,0,48,43,5,12,0,0
164401,0,44,42,2,16,0,0
164501,0,43,41,2,17,0,0
164601,0,44,42,2,16,0,0
164701,0,42,40,2,18,0,0
164801,0,46,46,0,14,0,0
164901,0,49,48,1,11,0,0
165001,0,48,47,1,12,0,0
165101,0,46,46,0,14,0,0
165201,0,48,48,0,12,0,0
165301,0,48,48,0,12,0,0
165401,0,46,45,1,14,0,0
165501,0,50,47,3,10,0,0
165601,0,50,48,2,10,0,0
165701,0,46,45,1,14,0,0
165801,0,46,45,1,14,0,0
165901,0,49,47,2,11,0,0
166001,0,51,48,3,9,0,1
166101,0,49,46,3,11,0,0
166201,0,44,41,3,16,0,0
166301,0,44,40,4,16,1,0
166401,0,43,39,4,17,0,0
166501,0,45,44,1,15,0,0
166601,0,46,44,2,14,0,0
166701,0,45,43,2,15,0,0
166801,0,46,40,6,14,0,0
166901,0,44,42,2,16,0,0
167001,0,42,40,2,18,1,0
167101,0,43,41,2,17,0,0
167201,0,45,42,3,15,0,0
167301,0,35,30,5,25,0,1
167401,0,41,33,8,19,0,0
167501,0,37,25,12,23,0,1
167601,0,38,25,13,22,0,0
167701,0,34,20,14,26,0,0
167801,0,43,27,16,17,0,0
167901,0,45,27,18,15,0,0
168001,0,47,35,12,13,0,0
168101,0,43,32,11,17,0,0
168201,0,42,32,10,18,0,0
168301,0,44,35,9,16,0,0
168401,0,47,39,8,13,0,1
168501,0,46,39,7,14,0,0
168601,0,38,33,5,22,0,0
168701,0,41,32,9,19,0,0
168801,0,45,41,4,15,0,0
168901,0,52,48,4,8,0,0
169001,0,46,42,4,14,0,0
169101,0,44,41,3,16,0,1
169201,0,46,43,3,14,0,1
169301,0,43,39,4,17,0,0
169401,0,51,46,5,9,0,0
169501,0,45,40,5,15,0,0
169601,0,45,43,2,15,0,0
169701,0,45,41,4,15,0,0
169801,0,51,45,6,9,0,0
169901,0,54,49,5,6,0,0
170001,0,50,45,5,10,0,0
170101,0,45,41,4,15,0,0
170201,0,45,39,6,15,0,0
170301,0,42,35,7,18,0,1
170401,0,42,33,9,18,0,0
170501,0,41,35,6,19,0,0
170601,0,42,35,7,18,0,0
170701,0,35,28,7,25,0,0
170801,0,32,27,5,28,0,1
170901,0,37,30,7,23,0,0
171001,0,42,36,6,18,0,0
171101,0,40,34,6,20,0,0
171201,0,40,34,6,20,0,0
171301,0,41,33,8,19,0,0
171401,0,36,26,10,24,0,0
171501,0,39,31,8,21,0,0
171601,0,40,32,8,20,0,1
171701,0,42,31,11,18,0,0
171801,0,40,29,11,20,0,0
171901,0,41,28,13,19,0,0
172001,0,39,27,12,21,0,1
172101,0,35,25,10,25,0,0
172201,0,33,24,9,27,0,0
172301,0,35,21,14,25,0,0
172401,0,34,21,13,26,0,0
172501,0,40,29,11,20,0,1
172601,0,39,31,8,21,0,0
172701,0,40,33,7,20,0,0
172801,0,44,38,6,16,0,0
172901,0,43,38,5,17,0,0
173001,0,40,36,4,20,0,0
173101,0,42,38,4,18,0,0
173201,0,44,41,3,16,0,0
173301,0,43,40,3,17,0,0
173401,0,45,41,4,15,0,0
173501,0,42,34,8,18,0,0
173601,0,41,32,9,19,0,0
173701,0,36,23,13,24,0,0
173801,0,39,26,13,21,0,1
173901,0,38,21,17,22,0,0
174001,0,37,20,17,23,0,0
174101,0,40,17,23,20,0,1
174201,0,44,12,32,16,0,0
174301,0,46,6,40,14,0,0
174401,0,47,3,44,13,0,0
174501,0,49,5,44,11,1,0
174601,0,48,5,43,12,0,0
174701,0,44,5,39,16,0,0
174801,0,44,2,42,16,0,0
174901,0,44,1,43,16,0,0
175001,0,43,1,42,17,1,0
175101,0,44,3,41,16,0,0
175201,0,46,0,46,14,0,0
175301,0,41,0,41,19,0,0
175401,0,43,1,42,17,0,0
175501,0,45,1,44,15,0,0
175601,0,44,1,43,16,0,0
175701,0,43,0,43,17,0,0
175801,0,44,1,43,16,0,0
175901,0,50,1,49,10,0,0
176001,0,53,1,52,7,0,0
176101,0,57,1,56,3,0,0
176201,0,58,1,57,2,0,0
176301,0,57,1,56,3,0,0
176401,0,55,1,54,5,0,0
176501,0,52,1,51,8,0,0
176601,0,50,0,50,10,0,0
176701,0,52,0,52,8,0,0
176801,0,54,0,54,6,0,0
176901,0,54,0,54,6,0,0
177001,0,54,1,53,6,0,1
177101,0,51,0,51,9,0,0
177201,0,53,0,53,7,0,0
177301,0,51,0,51,9,0,0
177401,0,55,0,55,5,0,0
177501,0,53,0,53,7,0,0
177601,0,53,0,53,7,0,0
177701,0,52,0,52,8,0,0
177801,0,52,0,52,8,0,0
177901,0,52,0,52,8,0,0
178001,0,51,0,51,9,0,0
178101,0,51,0,51,9,0,0
178201,0,48,0,48,12,0,0
178301,0,49,0,49,11,1,0
178401,0,50,0,50,10,0,0
178501,0,50,0,50,10,0,0
178601,0,51,0,51,9,0,0
178701,0,53,0,53,7,0,0
178801,0,54,0,54,6,0,0
178901,0,52,0,52,8,0,0
179001,0,55,0,55,5,0,0
179101,0,55,1,54,5,0,0
179201,0,54,3,51,6,0,0
179301,0,53,3,50,7,0,0
179401,0,54,3,51,6,0,0
179501,0,49,3,46,11,0,0
179601,0,50,4,46,10,0,0
179701,0,49,5,44,11,0,0
179801,0,49,7,42,11,0,1
179901,0,46,8,38,14,0,0
180001,0,46,7,39,14,0,0
180101,0,47,8,39,13,0,0
180201,0,42,6,36,18,0,0
180301,0,49,7,42,11,0,0
180401,0,47,7,40,13,0,0
180501,0,45,8,37,15,0,0
180601,0,43,9,34,17,0,0
180701,0,37,6,31,23,0,1
180801,0,40,8,32,20,0,0
180901,0,37,7,30,23,0,0
181001,0,42,7,35,18,0,0
181101,0,38,8,30,22,0,0
181201,0,38,9,29,22,0,1
181301,0,40,16,24,20,1,0
181401,0,35,13,22,25,0,0
181501,0,30,12,18,30,0,1
181601,0,32,14,18,28,0,0
181701,0,31,13,18,29,0,0
181801,0,31,12,19,29,0,1
181901,0,34,20,14,26,0,1
182001,0,38,26,12,22,0,0
182101,0,37,26,11,23,0,0
182201,0,36,27,9,24,0,0
182301,0,38,32,6,22,0,0
182401,0,41,35,6,19,0,0
182501,0,49,44,5,11,0,0
182601,0,42,40,2,18,0,0
182701,0,46,43,3,14,0,0
182801,0,46,44,2,14,0,0
182901,0,47,45,2,13,0,0
183001,0,48,46,2,12,0,0
183101,0,47,44,3,13,0,0
183201,0,49,46,3,11,0,1
183301,0,53,50,3,7,1,0
183401,0,53,50,3,7,0,0
183501,0,52,50,2,8,0,0
183601,0,48,46,2,12,0,0
183701,0,49,45,4,11,0,0
183801,0,50,46,4,10,0,1
183901,0,53,51,2,7,0,0
184001,0,52,49,3,8,0,0
184101,0,49,45,4,11,1,0
184201,0,45,41,4,15,0,0
184301,0,41,37,4,19,0,0
184401,0,44,37,7,16,0,0
184501,0,46,34,12,14,0,0
184601,0,38,28,10,22,0,0
184701,0,41,30,11,19,0,0
184801,0,42,31,11,18,0,0
184901,0,41,29,12,19,0,0
185001,0,42,29,13,18,0,0
185101,0,41,28,13,19,0,0
185201,0,37,23,14,23,0,0
185301,0,40,29,11,20,0,0
185401,0,47,36,11,13,0,0
185501,0,46,34,12,14,0,0
185601,0,40,29,11,20,0,0
185701,0,42,32,10,18,0,0
185801,0,38,31,7,22,0,0
185901,0,42,31,11,18,0,0
186001,0,40,32,8,20,0,0
186101,0,41,32,9,19,0,0
186201,0,33,23,10,27,0,0
186301,0,38,28,10,22,0,1
186401,0,38,31,7,22,0,0
186501,0,36,29,7,24,0,1
186601,0,42,33,9,18,0,0
186701,0,44,33,11,16,0,0
186801,0,44,33,11,16,0,1
186901,0,44,32,12,16,0,0
187001,0,39,25,14,21,0,0
187101,0,38,22,16,22,0,1
187201,0,39,20,19,21,0,0
187301,0,37,15,22,23,0,0
187401,0,38,11,27,22,0,0
187501,0,42,9,33,18,0,0
187601,0,46,6,40,14,0,0
187701,0,46,5,41,14,0,0
187801,0,48,6,42,12,0,1
187901,0,48,9,39,12,0,0
188001,0,52,7,45,8,0,0
188101,0,47,6,41,13,0,1
188201,0,40,4,36,20,0,1
188301,0,41,3,38,19,0,0
188401,0,45,4,41,15,0,0
188501,0,42,3,39,18,0,0
188601,0,42,5,37,18,0,0
188701,0,42,6,36,18,0,0
188801,0,41,5,36,19,0,0
188901,0,42,4,38,18,0,0
189001,0,39,2,37,21,0,0
189101,0,38,3,35,22,0,0
189201,0,38,4,34,22,0,1
189301,0,36,4,32,24,0,0
189401,0,41,6,35,19,0,0
189501,0,42,5,37,18,0,0
189601,0,42,4,38,18,0,0
189701,0,44,4,40,16,0,0
189801,0,51,4,47,9,0,1
189901,0,50,5,45,10,0,0
190001,0,45,4,41,15,0,0
190101,0,45,5,40,15,0,0
190201,0,46,7,39,14,0,0
190301,0,42,10,32,18,0,1
190401,0,41,11,30,19,0,0
190501,0,40,11,29,20,0,0
190601,0,42,13,29,18,0,0
190701,0,38,16,22,22,0,0
190801,0,35,15,20,25,0,0
190901,0,39,20,19,21,0,0
191001,0,39,23,16,21,0,1
191101,0,43,25,18,17,0,0
191201,0,43,28,15,17,0,0
191301,0,39,24,15,21,0,0
191401,0,40,29,11,20,0,0
191501,0,39,28,11,21,0,0
191601,0,36,28,8,24,0,0
191701,0,37,26,11,23,0,0
191801,0,45,31,14,15,0,0
191901,0,40,30,10,20,0,1
192001,0,40,32,8,20,0,0
192101,0,42,34,8,18,0,0
192201,0,32,28,4,28,0,0
192301,0,40,35,5,20,0,0
192401,0,42,37,5,18,0,0
192501,0,42,37,5,18,0,0
192601,0,45,43,2,15,0,0
192701,0,45,42,3,15,0,0
192801,0,44,42,2,16,0,0
192901,0,46,45,1,14,0,0
193001,0,48,47,1,12,0,0
193101,0,47,47,0,13,0,1
193201,0,45,45,0,15,0,0
193301,0,46,46,0,14,0,0
193401,0,45,45,0,15,0,0
193501,0,43,43,0,17,0,0
193601,0,45,44,1,15,0,0
193701,0,46,44,2,14,0,0
193801,0,49,46,3,11,0,0
193901,0,51,50,1,9,0,0
194001,0,51,51,0,9,0,0
194101,0,52,52,0,8,0,0
194201,0,49,49,0,11,0,0
194301,0,50,50,0,10,0,0
194401,0,50,50,0,10,0,0
194501,0,54,54,0,6,0,0
194601,0,53,53,0,7,0,0
194701,0,51,51,0,9,0,0
194801,0,51,51,0,9,0,0
194901,0,50,50,0,10,0,0
195001,0,50,49,1,10,1,0
195101,0,51,50,1,9,0,0
195201,0,52,51,1,8,0,0
195301,0,49,49,0,11,0,0
195401,0,47,47,0,13,0,0
195501,0,45,45,0,15,0,0
195601,0,48,48,0,12,0,0
195701,0,48,48,0,12,0,0
195801,0,51,51,0,9,0,0
195901,0,55,55,0,5,0,0
196001,0,53,53,0,7,0,0
196101,0,53,53,0,7,0,0
196201,0,56,56,0,4,0,0
196301,0,56,56,0,4,0,0
196401,0,55,55,0,5,0,0
196501,0,55,55,0,5,0,0
196601,0,53,53,0,7,0,0
196701,0,56,56,0,4,0,1
196801,0,56,56,0,4,0,0
196901,0,55,55,0,5,0,0
197001,0,53,53,0,7,0,0
197101,0,50,50,0,10,0,0
197201,0,50,50,0,10,0,0
197301,0,51,51,0,9,0,0
197401,0,49,49,0,11,0,0
197501,0,48,48,0,12,0,0
197601,0,48,48,0,12,0,0
197701,0,48,48,0,12,0,0
197801,0,50,48,2,10,0,0
197901,0,50,48,2,10,0,0
198001,0,52,50,2,8,0,0
198101,0,51,50,1,9,0,1
198201,0,47,47,0,13,0,0
198301,0,50,50,0,10,0,0
198401,0,54,54,0,6,0,0
198501,0,54,54,0,6,0,0
198601,0,53,52,1,7,0,0
198701,0,53,52,1,7,0,0
198801,0,54,53,1,6,0,0
198901,0,51,50,1,9,0,0
199001,0,52,50,2,8,0,0
199101,0,52,50,2,8,0,0
199201,0,45,43,2,15,0,1
199301,0,43,42,1,17,0,0
199401,0,46,45,1,14,0,0
199501,0,46,45,1,14,0,0
199601,0,45,44,1,15,0,0
199701,0,45,44,1,15,0,0
199801,0,45,43,2,15,0,0
199901,0,44,43,1,16,0,0
200001,0,46,43,3,14,0,0
200101,0,44,41,3,16,0,0
200201,0,43,40,3,17,0,0
200301,0,42,39,3,18,1,0
200401,0,46,44,2,14,0,0
200501,0,45,40,5,15,0,0
200601,0,43,39,4,17,0,0
200701,0,43,39,4,17,0,0
200801,0,34,29,5,26,0,0
200901,0,35,26,9,25,0,0
201001,0,33,22,11,27,0,0
201101,0,35,20,15,25,0,0
201201,0,38,19,19,22,0,0
201301,0,37,16,21,23,0,0
201401,0,38,17,21,22,0,0
201501,0,42,16,26,18,0,0
201601,0,44,12,32,16,0,0
201701,0,42,8,34,18,0,0
201801,0,38,4,34,22,0,0
201901,0,39,4,35,21,0,0
202001,0,43,6,37,17,0,0
202101,0,43,5,38,17,0,0
202201,0,48,1,47,12,0,0
202301,0,47,2,45,13,0,0
202401,0,47,5,42,13,0,0
202501,0,44,4,40,16,0,0
202601,0,41,4,37,19,0,0
202701,0,44,6,38,16,0,0
202801,0,38,3,35,22,0,0
202901,0,44,4,40,16,0,1
203001,0,41,4,37,19,0,0
203101,0,44,9,35,16,0,0
203201,0,43,9,34,17,0,0
203301,0,39,11,28,21,1,0
203401,0,43,12,31,17,0,1
203501,0,37,13,24,23,0,0
203601,0,38,21,17,22,0,0
203701,0,38,30,8,22,0,1
203801,0,36,29,7,24,0,0
203901,0,40,33,7,20,0,0
204001,0,41,32,9,19,0,0
204101,0,37,30,7,23,0,0
204201,0,39,34,5,21,0,0
204301,0,40,36,4,20,0,0
204401,0,42,38,4,18,0,0
204501,0,40,35,5,20,0,1
204601,0,38,34,4,22,0,0
204701,0,38,35,3,22,0,0
204801,0,40,33,7,20,0,0
204901,0,39,33,6,21,0,0
205001,0,39,31,8,21,0,0
205101,0,40,28,12,20,0,1
205201,0,39,25,14,21,0,1
205301,0,40,22,18,20,0,1
205401,0,42,20,22,18,0,1
205501,0,36,14,22,24,0,0
205601,0,34,8,26,26,0,0
205701,0,37,5,32,23,0,0
205801,0,42,3,39,18,0,0
205901,0,44,3,41,16,0,0
206001,0,43,3,40,17,0,0
206101,0,46,4,42,14,0,0
206201,0,43,5,38,17,0,0
206301,0,41,7,34,19,1,0
206401,0,41,5,36,19,0,0
206501,0,40,4,36,20,0,0
206601,0,44,7,37,16,0,0
206701,0,39,9,30,21,0,1
206801,0,42,14,28,18,0,0
206901,0,41,18,23,19,0,0
207001,0,38,22,16,22,0,0
207101,0,35,24,11,25,0,0
207201,0,40,33,7,20,0,0
207301,0,42,34,8,18,0,1
207401,0,44,35,9,16,0,0
207501,0,46,41,5,14,0,0
207601,0,49,44,5,11,0,0
207701,0,53,47,6,7,0,0
207801,0,46,40,6,14,0,0
207901,0,49,44,5,11,0,0
208001,0,49,44,5,11,0,1
208101,0,46,43,3,14,0,0
208201,0,47,42,5,13,0,0
208301,0,43,38,5,17,0,0
208401,0,43,39,4,17,0,1
208501,0,43,37,6,17,0,0
208601,0,48,42,6,12,0,0
208701,0,45,39,6,15,0,0
208801,0,42,33,9,18,0,0
208901,0,37,33,4,23,0,0
209001,0,47,43,4,13,0,0
209101,0,52,47,5,8,0,0
209201,0,49,46,3,11,0,0
209301,0,51,49,2,9,0,0
209401,0,49,47,2,11,0,0
209501,0,49,48,1,11,0,0
209601,0,51,50,1,9,0,0
209701,0,52,51,1,8,0,0
209801,0,50,49,1,10,0,1
209901,0,50,48,2,10,0,0
210001,0,49,47,2,11,0,0
210101,0,49,46,3,11,0,0
210201,0,51,46,5,9,0,0
210301,0,46,41,5,14,0,0
210401,0,44,39,5,16,0,0
210501,0,40,33,7,20,0,0
210601,0,37,30,7,23,0,0
210701,0,40,32,8,20,0,1
210801,0,37,28,9,23,0,0
210901,0,40,30,10,20,0,0
211001,0,42,30,12,18,0,0
211101,0,40,29,11,20,0,0
211201,0,45,29,16,15,0,0
211301,0,45,31,14,15,0,0
211401,0,51,37,14,9,0,1
211501,0,46,34,12,14,0,0
211601,0,44,32,12,16,0,0
211701,0,42,30,12,18,0,0
211801,0,44,32,12,16,0,0
211901,0,37,24,13,23,0,0
212001,0,33,20,13,27,0,0
212101,0,45,26,19,15,0,1
212201,0,41,21,20,19,0,0
212301,0,46,24,22,14,0,0
212401,0,39,20,19,21,0,0
212501,0,45,26,19,15,0,0
212601,0,45,26,19,15,0,1
212701,0,43,22,21,17,0,0
212801,0,42,21,21,18,0,0
212901,0,43,20,23,17,0,0
213001,0,38,12,26,22,0,0
213101,0,44,10,34,16,0,0
213201,0,37,3,34,23,0,0
213301,0,46,4,42,14,0,0
213401,0,46,2,44,14,0,0
213501,0,44,1,43,16,0,0
213601,0,47,4,43,13,0,1
213701,0,47,4,43,13,0,0
213801,0,45,5,40,15,0,0
213901,0,40,5,35,20,0,0
214001,0,41,4,37,19,0,0
214101,0,42,1,41,18,0,0
214201,0,50,1,49,10,0,0
214301,0,51,1,50,9,0,1
214401,0,48,1,47,12,0,0
214501,0,46,0,46,14,0,0
214601,0,52,2,50,8,0,0
214701,0,48,1,47,12,0,0
214801,0,50,1,49,10,0,0
214901,0,48,1,47,12,0,0
215001,0,47,1,46,13,0,0
215101,0,47,1,46,13,0,0
215201,0,45,1,44,15,0,0
215301,0,43,4,39,17,0,0
215401,0,50,4,46,10,0,0
215501,0,45,4,41,15,0,0
215601,0,42,3,39,18,0,0
215701,0,38,3,35,22,0,0
215801,0,38,5,33,22,0,1
215901,0,40,5,35,20,0,0
216001,0,41,5,36,19,0,0
216101,0,38,6,32,22,0,0
216201,0,41,6,35,19,0,0
216301,0,37,6,31,23,0,0
216401,0,41,12,29,19,0,0
216501,0,38,13,25,22,0,0
216601,0,36,17,19,24,0,0
216701,0,30,20,10,30,0,0
216801,0,34,26,8,26,0,0
216901,0,35,31,4,25,0,0
217001,0,37,32,5,23,0,0
217101,0,39,36,3,21,0,0
217201,0,39,35,4,21,0,0
217301,0,40,36,4,20,0,0
217401,0,44,39,5,16,1,0
217501,0,40,35,5,20,0,1
217601,0,42,37,5,18,0,0
217701,0,44,39,5,16,0,0
217801,0,44,39,5,16,0,0
217901,0,44,41,3,16,0,0
218001,0,45,43,2,15,0,0
218101,0,43,43,0,17,0,0
218201,0,44,43,1,16,0,0
218301,0,41,41,0,19,0,0
218401,0,47,47,0,13,0,0
218501,0,51,49,2,9,0,0
218601,0,50,47,3,10,0,0
218701,0,48,45,3,12,0,0
218801,0,50,48,2,10,0,0
218901,0,45,42,3,15,0,0
219001,0,46,42,4,14,0,0
219101,0,47,42,5,13,0,0
219201,0,47,42,5,13,0,0
219301,0,49,45,4,11,0,0
219401,0,50,47,3,10,0,0
219501,0,45,42,3,15,0,0
219601,0,43,40,3,17,0,0
219701,0,48,45,3,12,0,0
219801,0,45,40,5,15,0,0
219901,0,43,38,5,17,0,0
220001,0,43,38,5,17,0,0
220101,0,45,39,6,15,1,0
220201,0,42,39,3,18,0,0
220301,0,40,38,2,20,0,0
220401,0,46,43,3,14,0,1
220501,0,44,40,4,16,0,0
220601,0,46,43,3,14,0,0
220701,0,42,40,2,18,1,0
220801,0,40,39,1,20,0,0
220901,0,46,45,1,14,0,0
221001,0,46,45,1,14,1,0
221101,0,49,48,1,11,0,0
221201,0,46,45,1,14,0,0
221301,0,41,39,2,19,0,0
221401,0,40,39,1,20,0,0
221501,0,41,40,1,19,0,0
221601,0,41,39,2,19,0,0
221701,0,45,44,1,15,0,0
221801,0,45,44,1,15,0,0
221901,0,44,42,2,16,0,0
222001,0,49,47,2,11,0,0
222101,0,46,43,3,14,0,0
222201,0,42,40,2,18,0,0
222301,0,45,43,2,15,0,0
222401,0,47,43,4,13,0,0
222501,0,44,36,8,16,0,0
222601,0,38,30,8,22,0,0
222701,0,41,29,12,19,0,0
222801,0,38,27,11,22,0,0
222901,0,35,23,12,25,0,0
223001,0,36,21,15,24,0,0
223101,0,36,18,18,24,0,0
223201,0,36,18,18,24,0,0
223301,0,39,13,26,21,0,1
223401,0,37,9,28,23,0,0
223501,0,36,7,29,24,0,0
223601,0,38,6,32,22,0,1
223701,0,42,4,38,18,0,1
223801,0,43,4,39,17,0,0
223901,0,40,1,39,20,0,0
224001,0,45,2,43,15,0,0
224101,0,49,2,47,11,0,0
224201,0,48,2,46,12,0,0
224301,0,44,1,43,16,0,0
224401,0,43,1,42,17,0,0
224501,0,43,1,42,17,0,0
224601,0,47,2,45,13,0,0
224701,0,46,2,44,14,0,0
224801,0,47,4,43,13,0,0
224901,0,50,4,46,10,0,0
225001,0,44,3,41,16,0,0
225101,0,48,5,43,12,0,0
225201,0,46,5,41,14,0,0
225301,0,43,3,40,17,0,0
225401,0,37,5,32,23,0,1
225501,0,39,3,36,21,0,0
225601,0,36,4,32,24,0,0
225701,0,43,10,33,17,0,0
225801,0,44,8,36,16,0,1
225901,0,46,10,36,14,0,0
226001,0,41,9,32,19,0,0
226101,0,36,10,26,24,0,1
226201,0,38,10,28,22,0,0
226301,0,38,11,27,22,0,0
226401,0,37,11,26,23,0,0
226501,0,43,15,28,17,0,0
226601,0,45,15,30,15,0,0
226701,0,37,13,24,23,0,0
226801,0,38,15,23,22,0,0
226901,0,36,18,18,24,0,0
227001,0,35,16,19,25,0,1
227101,0,35,14,21,25,0,0
227201,0,26,10,16,34,0,0
227301,0,29,10,19,31,0,0
227401,0,33,11,22,27,0,0
227501,0,37,11,26,23,0,0
227601,0,43,16,27,17,0,0
227701,0,41,20,21,19,0,0
227801,0,36,19,17,24,0,0
227901,0,39,25,14,21,0,0
228001,0,42,27,15,18,0,0
228101,0,40,26,14,20,0,0
228201,0,45,31,14,15,0,0
228301,0,36,27,9,24,0,0
228401,0,40,29,11,20,0,0
228501,0,41,31,10,19,0,1
228601,0,43,33,10,17,0,1
228701,0,40,32,8,20,0,0
228801,0,47,39,8,13,0,0
228901,0,47,36,11,13,0,1
229001,0,40,32,8,20,0,0
229101,0,41,28,13,19,0,0
229201,0,37,29,8,23,0,0
229301,0,36,32,4,24,0,0
229401,0,34,31,3,26,0,0
229501,0,37,34,3,23,0,0
229601,0,44,39,5,16,0,0
229701,0,47,44,3,13,0,0
229801,0,48,45,3,12,0,0
229901,0,46,41,5,14,0,0
230001,0,42,38,4,18,0,1
230101,0,42,39,3,18,0,0
230201,0,43,40,3,17,0,0
230301,0,44,42,2,16,0,0
230401,0,46,45,1,14,0,0
230501,0,39,38,1,21,0,0
230601,0,44,43,1,16,0,0
230701,0,47,45,2,13,0,0
230801,0,49,46,3,11,0,0
230901,0,50,44,6,10,0,0
231001,0,43,35,8,17,0,0
231101,0,38,27,11,22,0,1
231201,0,39,25,14,21,0,0
231301,0,35,19,16,25,0,0
231401,0,41,20,21,19,0,1
231501,0,37,14,23,23,0,0
231601,0,36,14,22,24,0,1
231701,0,39,16,23,21,0,0
231801,0,45,17,28,15,0,0
231901,0,47,13,34,13,0,1
232001,0,45,6,39,15,0,0
232101,0,49,3,46,11,0,0
232201,0,53,1,52,7,0,0
232301,0,50,0,50,10,0,0
232401,0,54,0,54,6,1,0
232501,0,56,0,56,4,0,0
232601,0,54,1,53,6,0,0
232701,0,52,0,52,8,0,0
232801,0,53,0,53,7,0,0
232901,0,54,0,54,6,0,0
233001,0,53,0,53,7,0,0
233101,0,53,0,53,7,0,0
233201,0,49,0,49,11,0,0
233301,0,50,1,49,10,0,0
233401,0,52,2,50,8,0,0
233501,0,46,2,44,14,0,0
233601,0,48,2,46,12,0,0
233701,0,46,1,45,14,0,0
233801,0,49,2,47,11,0,0
233901,0,41,2,39,19,0,0
234001,0,44,2,42,16,0,0
234101,0,41,4,37,19,0,0
234201,0,39,4,35,21,0,0
234301,0,37,3,34,23,0,0
234401,0,42,3,39,18,0,0
234501,0,43,4,39,17,0,0
234601,0,46,5,41,14,0,0
234701,0,45,4,41,15,0,1
234801,0,46,4,42,14,0,0
234901,0,47,4,43,13,0,0
235001,0,42,4,38,18,0,0
235101,0,45,4,41,15,0,0
235201,0,48,3,45,12,0,0
235301,0,48,3,45,12,0,0
235401,0,47,3,44,13,0,0
235501,0,51,3,48,9,0,0
235601,0,49,3,46,11,0,0
235701,0,49,3,46,11,0,0
235801,0,45,3,42,15,0,0
235901,0,44,2,42,16,0,0
236001,0,46,2,44,14,0,0
236101,0,46,2,44,14,0,0
236201,0,43,2,41,17,0,0
236301,0,43,5,38,17,0,0
236401,0,41,4,37,19,0,0
236501,0,40,3,37,20,0,0
236601,0,41,6,35,19,0,0
236701,0,45,7,38,15,0,0
236801,0,49,10,39,11,0,0
236901,0,44,11,33,16,0,0
237001,0,45,14,31,15,0,0
237101,0,42,12,30,18,0,1
237201,0,48,15,33,12,0,0
237301,0,43,14,29,17,0,0
237401,0,41,9,32,19,0,1
237501,0,44,11,33,16,1,0
237601,0,44,12,32,16,0,0
237701,0,44,10,34,16,0,1
237801,0,42,10,32,18,0,0
237901,0,37,9,28,23,0,0
238001,0,36,9,27,24,0,0
238101,0,33,10,23,27,0,0
238201,0,36,11,25,24,0,0
238301,0,41,12,29,19,0,1
238401,0,37,11,26,23,0,0
238501,0,35,9,26,25,0,1
238601,0,39,12,27,21,0,0
238701,0,37,13,24,23,0,0
238801,0,35,14,21,25,0,0
238901,0,33,14,19,27,0,0
239001,0,38,21,17,22,0,0
239101,0,32,17,15,28,1,0
239201,0,31,22,9,29,0,0
239301,0,39,28,11,21,0,1
239401,0,40,31,9,20,0,0
239501,0,41,37,4,19,0,0
239601,0,41,40,1,19,0,0
239701,0,43,42,1,17,0,0
239801,0,44,43,1,16,0,0
239901,0,42,40,2,18,0,0
240001,0,43,40,3,17,0,0
240101,0,40,34,6,20,0,0
240201,0,39,31,8,21,0,0
240301,0,41,33,8,19,0,0
240401,0,39,31,8,21,0,0
240501,0,38,29,9,22,1,0
240601,0,33,28,5,27,0,0
240701,0,38,31,7,22,0,0
240801,0,38,32,6,22,0,0
240901,0,34,26,8,26,0,1
241001,0,36,25,11,24,0,0
241101,0,34,21,13,26,0,0
241201,0,36,24,12,24,0,0
241301,0,37,24,13,23,0,0
241401,0,38,20,18,22,0,0
241501,0,37,19,18,23,0,0
241601,0,39,19,20,21,0,1
241701,0,46,19,27,14,0,0
241801,0,42,17,25,18,0,0
241901,0,42,13,29,18,0,0
242001,0,44,13,31,16,0,0
242101,0,42,8,34,18,0,1
242201,0,42,9,33,18,0,1
242301,0,44,9,35,16,0,0
242401,0,44,5,39,16,0,0
242501,0,43,2,41,17,0,0
242601,0,47,1,46,13,0,0
242701,0,47,2,45,13,0,0
242801,0,50,2,48,10,0,0
242901,0,49,1,48,11,0,0
243001,0,51,1,50,9,0,0
243101,0,48,1,47,12,0,0
243201,0,49,1,48,11,0,0
243301,0,49,2,47,11,0,0
243401,0,49,1,48,11,1,0
243501,0,49,1,48,11,0,0
243601,0,48,0,48,12,0,1
243701,0,51,0,51,9,0,1
243801,0,53,0,53,7,0,0
243901,0,52,0,52,8,0,0
244001,0,55,0,55,5,0,0
244101,0,51,0,51,9,0,0
244201,0,49,0,49,11,0,0
244301,0,54,1,53,6,0,0
244401,0,52,2,50,8,0,0
244501,0,49,2,47,11,0,0
244601,0,49,4,45,11,0,0
244701,0,40,2,38,20,0,0
244801,0,40,2,38,20,0,0
244901,0,44,2,42,16,0,0
245001,0,46,0,46,14,0,0
245101,0,50,1,49,10,1,0
245201,0,50,1,49,10,0,1
245301,0,51,1,50,9,0,0
245401,0,52,0,52,8,0,0
245501,0,51,0,51,9,0,0
245601,0,52,0,52,8,0,0
245701,0,53,0,53,7,0,0
245801,0,53,0,53,7,0,0
245901,0,54,1,53,6,0,0
246001,0,51,1,50,9,0,1
246101,0,53,1,52,7,0,0
246201,0,50,1,49,10,0,0
246301,0,48,1,47,12,0,0
246401,0,46,1,45,14,0,0
246501,0,45,1,44,15,1,0
246601,0,48,3,45,12,0,0
246701,0,44,2,42,16,0,0
246801,0,47,3,44,13,0,0
246901,0,46,4,42,14,0,0
247001,0,45,4,41,15,0,1
247101,0,48,7,41,12,0,0
247201,0,45,6,39,15,0,0
247301,0,44,5,39,16,0,0
247401,0,45,4,41,15,0,0
247501,0,42,6,36,18,0,0
247601,0,41,7,34,19,0,1
247701,0,45,10,35,15,0,1
247801,0,38,10,28,22,0,0
247901,0,39,13,26,21,0,0
248001,0,36,17,19,24,0,1
248101,0,40,22,18,20,0,0
248201,0,37,23,14,23,0,0
248301,0,41,23,18,19,0,0
248401,0,43,21,22,17,0,0
248501,0,46,24,22,14,0,0
248601,0,39,17,22,21,0,0
248701,0,35,15,20,25,0,0
248801,0,34,11,23,26,0,0
248901,0,37,7,30,23,0,0
249001,0,39,6,33,21,0,0
249101,0,41,8,33,19,0,0
249201,0,44,5,39,16,0,0
249301,0,43,4,39,17,0,0
249401,0,42,3,39,18,0,0
249501,0,48,0,48,12,0,0
249601,0,46,0,46,14,0,0
249701,0,48,0,48,12,0,0
249801,0,52,0,52,8,0,0
249901,0,54,0,54,6,0,0
250001,0,53,0,53,7,0,0
250101,0,49,0,49,11,0,0
250201,0,47,0,47,13,0,0
250301,0,50,1,49,10,0,0
250401,0,49,1,48,11,0,0
250501,0,49,1,48,11,0,0
250601,0,51,2,49,9,0,0
250701,0,51,2,49,9,0,0
250801,0,53,2,51,7,0,0
250901,0,51,0,51,9,0,0
251001,0,52,0,52,8,0,0
251101,0,51,0,51,9,0,0
251201,0,51,1,50,9,0,0
251301,0,48,0,48,12,0,0
251401,0,51,0,51,9,0,0
251501,0,51,0,51,9,0,0
251601,0,47,0,47,13,1,0
251701,0,50,1,49,10,0,0
251801,0,53,2,51,7,0,0
251901,0,52,1,51,8,0,0
252001,0,53,1,52,7,0,0
252101,0,51,1,50,9,0,0
252201,0,52,4,48,8,0,0
252301,0,47,3,44,13,0,0
252401,0,49,4,45,11,0,0
252501,0,50,7,43,10,0,0
252601,0,47,8,39,13,0,1
252701,0,47,7,40,13,0,0
252801,0,44,6,38,16,0,0
252901,0,40,8,32,20,0,1
253001,0,45,13,32,15,0,0
253101,0,41,11,30,19,0,0
253201,0,41,10,31,19,0,0
253301,0,40,9,31,20,0,0
253401,0,40,11,29,20,0,1
253501,0,39,11,28,21,0,0
253601,0,38,13,25,22,0,0
253701,0,34,13,21,26,0,0
253801,0,41,17,24,19,0,0
253901,0,41,14,27,19,0,0
254001,0,47,20,27,13,0,0
254101,0,44,20,24,16,0,1
254201,0,43,25,18,17,0,0
254301,0,41,26,15,19,0,0
254401,0,40,27,13,20,0,0
254501,0,38,23,15,22,0,1
254601,0,41,19,22,19,0,1
254701,0,41,15,26,19,0,0
254801,0,39,11,28,21,1,0
254901,0,36,10,26,24,0,1
255001,0,38,10,28,22,0,0
255101,0,36,11,25,24,0,0
255201,0,34,12,22,26,0,0
255301,0,38,15,23,22,0,0
255401,0,36,18,18,24,0,0
255501,0,37,20,17,23,0,1
255601,0,35,19,16,25,0,1
255701,0,31,14,17,29,0,1
255801,0,35,16,19,25,1,0
255901,0,37,19,18,23,0,0
256001,0,35,16,19,25,0,0
256101,0,34,15,19,26,0,0
256201,0,31,12,19,29,0,0
256301,0,36,12,24,24,0,0
256401,0,38,11,27,22,0,0
256501,0,41,11,30,19,0,0
256601,0,38,8,30,22,0,0
256701,0,39,5,34,21,0,0
256801,0,37,3,34,23,0,1
256901,0,38,4,34,22,0,0
257001,0,41,4,37,19,0,0
257101,0,36,5,31,24,0,0
257201,0,34,4,30,26,0,0
257301,0,37,3,34,23,0,0
257401,0,36,4,32,24,0,0
257501,0,38,4,34,22,0,0
257601,0,41,7,34,19,0,0
257701,0,40,7,33,20,0,0
257801,0,42,8,34,18,0,0
257901,0,39,10,29,21,0,0
258001,0,35,12,23,25,0,0
258101,0,38,13,25,22,0,0
258201,0,40,18,22,20,0,1
258301,0,40,16,24,20,0,0
258401,0,38,17,21,22,0,0
258501,0,34,14,20,26,0,0
258601,0,39,21,18,21,0,0
258701,0,41,22,19,19,0,0
258801,0,45,25,20,15,0,0
258901,0,46,25,21,14,0,0
259001,0,45,25,20,15,0,0
259101,0,41,24,17,19,0,1
259201,0,39,26,13,21,0,0
259301,0,45,33,12,15,0,0
259401,0,43,31,12,17,0,0
259501,0,46,37,9,14,0,0
259601,0,40,37,3,20,0,0
259701,0,44,41,3,16,0,1
259801,0,49,47,2,11,0,0
259901,0,49,47,2,11,0,0
260001,0,51,48,3,9,0,0
260101,0,50,48,2,10,1,0
260201,0,50,48,2,10,0,0
260301,0,51,49,2,9,0,0
260401,0,51,49,2,9,0,0
260501,0,50,48,2,10,0,1
260601,0,49,47,2,11,0,0
260701,0,46,44,2,14,0,0
260801,0,48,47,1,12,0,0
260901,0,49,48,1,11,0,0
261001,0,47,46,1,13,1,0
261101,0,53,50,3,7,0,0
261201,0,46,45,1,14,0,0
261301,0,47,47,0,13,0,0
261401,0,49,49,0,11,0,1
261501,0,46,46,0,14,0,0
261601,0,47,46,1,13,0,0
261701,0,46,44,2,14,0,0
261801,0,43,42,1,17,0,1
261901,0,43,41,2,17,0,0
262001,0,41,40,1,19,0,0
262101,0,43,41,2,17,0,0
262201,0,44,42,2,16,0,0
262301,0,44,41,3,16,0,0
262401,0,43,42,1,17,0,0
262501,0,38,37,1,22,0,0
262601,0,38,37,1,22,0,0
262701,0,39,37,2,21,0,0
262801,0,40,40,0,20,0,0
262901,0,44,43,1,16,0,0
263001,0,42,41,1,18,0,0
263101,0,47,46,1,13,0,0
263201,0,46,44,2,14,0,0
263301,0,41,39,2,19,0,0
263401,0,42,39,3,18,0,1
263501,0,44,41,3,16,0,1
263601,0,43,39,4,17,0,1
263701,0,40,37,3,20,0,0
263801,0,39,37,2,21,0,0
263901,0,36,34,2,24,0,0
264001,0,37,35,2,23,0,0
264101,0,40,35,5,20,0,0
264201,0,38,33,5,22,0,0
264301,0,39,36,3,21,0,0
264401,0,43,39,4,17,0,0
264501,0,44,42,2,16,0,0
264601,0,45,42,3,15,0,0
264701,0,40,39,1,20,0,1
264801,0,44,41,3,16,0,1
264901,0,46,43,3,14,0,1
265001,0,43,38,5,17,0,0
265101,0,40,34,6,20,0,0
265201,0,43,37,6,17,0,0
265301,0,40,35,5,20,0,1
265401,0,43,37,6,17,0,0
265501,0,44,39,5,16,0,0
265601,0,42,36,6,18,0,0
265701,0,39,33,6,21,0,0
265801,0,40,33,7,20,0,0
265901,0,42,35,7,18,0,0
266001,0,44,38,6,16,0,1
266101,0,49,41,8,11,0,0
266201,0,47,39,8,13,0,0
266301,0,46,37,9,14,0,1
266401,0,45,37,8,15,0,0
266501,0,48,40,8,12,0,0
266601,0,47,35,12,13,0,0
266701,0,46,34,12,14,0,0
266801,0,40,30,10,20,0,0
266901,0,46,36,10,14,0,0
267001,0,45,34,11,15,0,0
267101,0,39,25,14,21,0,0
267201,0,41,23,18,19,0,1
267301,0,40,18,22,20,1,0
267401,0,39,18,21,21,0,0
267501,0,39,13,26,21,0,0
267601,0,43,9,34,17,0,0
267701,0,44,9,35,16,0,0
267801,0,46,8,38,14,0,0
267901,0,42,4,38,18,0,0
268001,0,44,0,44,16,0,0
268101,0,48,0,48,12,0,0
268201,0,51,0,51,9,0,0
268301,0,53,0,53,7,0,0
268401,0,51,0,51,9,0,0
268501,0,49,0,49,11,0,0
268601,0,51,0,51,9,0,0
268701,0,48,0,48,12,0,0
268801,0,48,0,48,12,0,0
268901,0,46,1,45,14,0,1
269001,0,43,0,43,17,0,0
269101,0,47,1,46,13,0,0
269201,0,47,1,46,13,0,0
269301,0,47,3,44,13,0,0
269401,0,44,2,42,16,0,0
269501,0,46,3,43,14,0,0
269601,0,49,3,46,11,0,0
269701,0,51,4,47,9,0,0
269801,0,46,3,43,14,0,0
269901,0,41,3,38,19,0,0
270001,0,41,2,39,19,0,0
270101,0,41,2,39,19,0,0
270201,0,40,2,38,20,0,0
270301,0,39,5,34,21,0,1
270401,0,38,7,31,22,0,0
270501,0,42,8,34,18,0,0
270601,0,38,9,29,22,0,1
270701,0,38,9,29,22,0,0
270801,0,36,10,26,24,0,0
270901,0,35,6,29,25,0,1
271001,0,40,9,31,20,0,0
271101,0,36,6,30,24,0,0
271201,0,38,5,33,22,0,0
271301,0,36,3,33,24,0,0
271401,0,40,4,36,20,0,0
271501,0,37,3,34,23,0,0
271601,0,38,5,33,22,0,0
271701,0,36,5,31,24,0,0
271801,0,39,8,31,21,0,0
271901,0,42,7,35,18,0,0
272001,0,43,9,34,17,0,0
272101,0,43,11,32,17,0,0
272201,0,39,10,29,21,0,0
272301,0,31,8,23,29,0,0
272401,0,34,14,20,26,0,0
272501,0,39,18,21,21,0,0
272601,0,41,24,17,19,0,0
272701,0,41,26,15,19,0,0
272801,0,41,29,12,19,0,0
272901,0,37,27,10,23,0,0
273001,0,38,31,7,22,0,0
273101,0,40,33,7,20,0,0
273201,0,44,38,6,16,0,0
273301,0,48,42,6,12,0,0
273401,0,46,42,4,14,0,0
273501,0,49,44,5,11,0,1
273601,0,48,45,3,12,0,0
273701,0,50,46,4,10,0,0
273801,0,50,47,3,10,0,0
273901,0,45,42,3,15,0,0
274001,0,46,44,2,14,0,1
274101,0,45,42,3,15,0,0
274201,0,48,45,3,12,0,0
274301,0,49,46,3,11,0,0
274401,0,48,46,2,12,0,0
274501,0,47,45,2,13,0,0
274601,0,46,44,2,14,0,0
274701,0,46,44,2,14,0,0
274801,0,45,42,3,15,0,0
274901,0,44,40,4,16,0,0
275001,0,40,37,3,20,0,0
275101,0,46,41,5,14,0,0
275201,0,43,37,6,17,0,0
275301,0,38,32,6,22,0,0
275401,0,42,34,8,18,0,0
275501,0,37,26,11,23,0,1
275601,0,39,27,12,21,0,1
275701,0,35,26,9,25,0,0
275801,0,43,32,11,17,0,0
275901,0,41,33,8,19,0,0
276001,0,41,30,11,19,0,0
276101,0,39,28,11,21,0,0
276201,0,36,23,13,24,0,0
276301,0,33,16,17,27,0,0
276401,0,39,17,22,21,0,0
276501,0,36,14,22,24,0,0
276601,0,37,11,26,23,0,0
276701,0,39,13,26,21,0,0
276801,0,36,16,20,24,0,0
276901,0,39,19,20,21,1,0
277001,0,37,18,19,23,0,0
277101,0,37,17,20,23,0,0
277201,0,35,17,18,25,0,0
277301,0,32,16,16,28,0,0
277401,0,38,18,20,22,0,0
277501,0,36,19,17,24,0,0
277601,0,32,17,15,28,0,0
277701,0,36,19,17,24,0,0
277801,0,39,22,17,21,0,1
277901,0,33,17,16,27,0,0
278001,0,42,25,17,18,0,0
278101,0,44,27,17,16,0,1
278201,0,39,23,16,21,0,0
278301,0,37,27,10,23,0,0
278401,0,38,27,11,22,0,1
278501,0,39,29,10,21,0,0
278601,0,44,35,9,16,0,1
278701,0,44,38,6,16,0,0
278801,0,49,44,5,11,0,0
278901,0,46,44,2,14,0,0
279001,0,51,50,1,9,0,0
279101,0,50,47,3,10,0,0
279201,0,50,49,1,10,0,0
279301,0,47,45,2,13,0,0
279401,0,48,44,4,12,0,0
279501,0,43,38,5,17,0,1
279601,0,41,36,5,19,0,0
279701,0,42,34,8,18,0,1
279801,0,43,34,9,17,0,0
279901,0,36,24,12,24,1,0
280001,0,36,20,16,24,0,1
280101,0,36,14,22,24,0,1
280201,0,41,16,25,19,0,0
280301,0,41,13,28,19,0,0
280401,0,40,10,30,20,0,0
280501,0,40,5,35,20,0,0
280601,0,37,5,32,23,0,0
280701,0,41,7,34,19,0,0
280801,0,38,11,27,22,0,0
280901,0,40,11,29,20,0,0
281001,0,42,15,27,18,0,0
281101,0,32,17,15,28,0,1
281201,0,39,27,12,21,0,0
281301,0,44,30,14,16,0,0
281401,0,39,29,10,21,0,0
281501,0,44,33,11,16,0,0
281601,0,40,27,13,20,0,0
281701,0,41,32,9,19,0,0
281801,0,39,33,6,21,0,0
281901,0,36,32,4,24,0,1
282001,0,37,29,8,23,0,0
282101,0,38,32,6,22,0,0
282201,0,38,31,7,22,0,1
282301,0,40,31,9,20,0,0
282401,0,39,28,11,21,0,0
282501,0,39,28,11,21,0,0
282601,0,32,24,8,28,0,0
282701,0,37,28,9,23,0,1
282801,0,33,23,10,27,0,1
282901,0,37,23,14,23,0,0
283001,0,34,21,13,26,0,0
283101,0,37,27,10,23,0,0
283201,0,39,29,10,21,0,0
283301,0,38,29,9,22,0,0
283401,0,36,29,7,24,0,1
283501,0,33,26,7,27,0,0
283601,0,34,26,8,26,0,0
283701,0,36,29,7,24,0,0
283801,0,35,29,6,25,0,0
283901,0,35,32,3,25,0,1
284001,0,36,35,1,24,0,0
284101,0,40,40,0,20,0,0
284201,0,44,44,0,16,0,1
284301,0,49,48,1,11,0,0
284401,0,50,49,1,10,0,0
284501,0,46,43,3,14,1,0
284601,0,47,45,2,13,0,0
284701,0,52,50,2,8,0,0
284801,0,49,47,2,11,0,0
284901,0,47,44,3,13,0,0
285001,0,50,46,4,10,1,0
285101,0,49,45,4,11,0,0
285201,0,43,39,4,17,0,0
285301,0,50,46,4,10,0,0
285401,0,47,42,5,13,0,0
285501,0,48,43,5,12,0,0
285601,0,46,41,5,14,0,0
285701,0,45,42,3,15,0,1
285801,0,50,47,3,10,0,0
285901,0,49,46,3,11,0,1
286001,0,47,45,2,13,0,1
286101,0,42,40,2,18,0,0
286201,0,45,44,1,15,0,0
286301,0,44,43,1,16,0,0
286401,0,44,43,1,16,0,0
286501,0,47,44,3,13,0,1
286601,0,45,42,3,15,0,1
286701,0,46,45,1,14,0,0
286801,0,49,47,2,11,0,0
286901,0,46,44,2,14,0,0
287001,0,44,40,4,16,0,0
287101,0,42,39,3,18,0,0
287201,0,40,39,1,20,0,0
287301,0,44,44,0,16,0,1
287401,0,44,43,1,16,0,0
287501,0,48,47,1,12,0,0
287601,0,50,49,1,10,0,0
287701,0,50,49,1,10,0,0
287801,0,50,48,2,10,1,0
287901,0,45,43,2,15,0,0
288001,0,50,47,3,10,0,0
288101,0,49,46,3,11,0,0
288201,0,46,43,3,14,1,0
288301,0,47,43,4,13,0,0
288401,0,45,41,4,15,0,0
288501,0,47,39,8,13,0,0
288601,0,39,31,8,21,0,0
288701,0,37,30,7,23,0,0
288801,0,39,31,8,21,0,0
288901,0,32,23,9,28,0,0
289001,0,36,26,10,24,0,0
289101,0,42,30,12,18,0,0
289201,0,40,30,10,20,0,0
289301,0,37,26,11,23,0,0
289401,0,41,31,10,19,0,1
289501,0,42,28,14,18,0,0
289601,0,42,32,10,18,0,1
289701,0,43,34,9,17,0,0
289801,0,42,34,8,18,0,0
289901,0,36,28,8,24,0,0
290001,0,38,30,8,22,0,0
290101,0,37,30,7,23,1,0
290201,0,39,27,12,21,0,0
290301,0,34,17,17,26,1,0
290401,0,40,18,22,20,0,0
290501,0,45,14,31,15,0,0
290601,0,44,8,36,16,0,0
290701,0,39,4,35,21,0,0
290801,0,44,2,42,16,0,1
290901,0,43,2,41,17,0,0
291001,0,48,2,46,12,0,0
291101,0,47,0,47,13,0,0
291201,0,52,0,52,8,0,0
291301,0,51,0,51,9,0,0
291401,0,48,0,48,12,0,0
291501,0,46,0,46,14,1,0
291601,0,46,0,46,14,0,0
291701,0,45,1,44,15,0,0
291801,0,43,1,42,17,0,0
291901,0,44,0,44,16,0,0
292001,0,46,1,45,14,0,0
292101,0,46,1,45,14,0,0
292201,0,44,3,41,16,0,0
292301,0,44,2,42,16,0,0
292401,0,48,2,46,12,0,0
292501,0,50,2,48,10,0,0
292601,0,47,2,45,13,0,0
292701,0,42,2,40,18,0,0
292801,0,46,4,42,14,0,0
292901,0,46,5,41,14,0,0
293001,0,44,6,38,16,0,0
293101,0,45,8,37,15,1,0
293201,0,46,9,37,14,0,0
293301,0,39,10,29,21,0,0
293401,0,36,11,25,24,0,1
293501,0,34,14,20,26,0,0
293601,0,39,26,13,21,0,0
293701,0,40,31,9,20,0,1
293801,0,42,32,10,18,0,0
293901,0,40,31,9,20,0,1
294001,0,42,33,9,18,0,0
294101,0,39,30,9,21,0,0
294201,0,40,35,5,20,0,0
294301,0,41,35,6,19,0,1
294401,0,45,40,5,15,0,1
294501,0,46,36,10,14,0,0
294601,0,40,32,8,20,0,0
294701,0,41,31,10,19,0,0
294801,0,37,28,9,23,0,0
294901,0,36,27,9,24,0,0
295001,0,41,34,7,19,0,0
295101,0,43,35,8,17,0,1
295201,0,42,30,12,18,0,0
295301,0,46,31,15,14,0,0
295401,0,45,28,17,15,1,0
295501,0,39,26,13,21,0,0
295601,0,36,23,13,24,0,0
295701,0,41,23,18,19,0,0
295801,0,45,26,19,15,0,0
295901,0,46,24,22,14,0,0
296001,0,41,17,24,19,0,0
296101,0,37,14,23,23,0,1
296201,0,37,14,23,23,0,0
296301,0,36,8,28,24,0,0
296401,0,40,11,29,20,0,0
296501,0,38,9,29,22,0,0
296601,0,38,10,28,22,0,1
296701,0,39,12,27,21,0,0
296801,0,36,11,25,24,0,0
296901,0,36,9,27,24,0,0
297001,0,44,13,31,16,0,0
297101,0,40,17,23,20,0,1
297201,0,38,15,23,22,0,0
297301,0,38,14,24,22,0,0
297401,0,39,17,22,21,0,1
297501,0,39,18,21,21,0,0
297601,0,32,15,17,28,0,0
297701,0,31,14,17,29,0,0
297801,0,35,13,22,25,0,0
297901,0,37,14,23,23,0,0
298001,0,33,10,23,27,0,0
298101,0,35,10,25,25,0,0
298201,0,35,9,26,25,0,1
298301,0,38,7,31,22,0,0
298401,0,36,5,31,24,0,0
298501,0,43,8,35,17,0,1
298601,0,41,13,28,19,0,0
298701,0,47,12,35,13,0,0
298801,0,41,11,30,19,0,1
298901,0,43,11,32,17,0,0
299001,0,42,11,31,18,0,1
299101,0,36,12,24,24,0,0
299201,0,34,18,16,26,0,0
299301,0,30,17,13,30,0,0
299401,0,31,20,11,29,0,1
299501,0,33,26,7,27,0,0
299601,0,38,30,8,22,0,0
299701,0,33,27,6,27,0,0
299801,0,37,30,7,23,0,0
299901,0,37,31,6,23,0,0
300001,0,43,36,7,17,0,1
300101,0,40,35,5,20,0,0
300201,0,45,39,6,15,0,0
300301,0,39,33,6,21,0,0
300401,0,44,38,6,16,0,0
300501,0,44,38,6,16,0,0
300601,0,40,35,5,20,0,0
300701,0,40,36,4,20,0,0
300801,0,40,35,5,20,0,0
300901,0,35,29,6,25,0,0
301001,0,38,33,5,22,0,0
301101,0,42,38,4,18,0,0
301201,0,37,35,2,23,0,0
301301,0,39,36,3,21,0,0
301401,0,43,37,6,17,0,0
301501,0,42,37,5,18,0,0
301601,0,41,36,5,19,0,0
301701,0,40,35,5,20,0,0
301801,0,35,29,6,25,0,0
301901,0,37,29,8,23,0,0
302001,0,40,27,13,20,0,0
302101,0,40,26,14,20,0,0
302201,0,36,23,13,24,0,0
302301,0,37,20,17,23,0,0
302401,0,30,13,17,30,0,0
302501,0,37,15,22,23,0,0
302601,0,42,11,31,18,0,0
302701,0,42,11,31,18,0,0
302801,0,39,10,29,21,0,0
302901,0,33,10,23,27,0,0
303001,0,32,8,24,28,0,0
303101,0,28,9,19,32,0,0
303201,0,32,5,27,28,0,1
303301,0,37,10,27,23,0,0
303401,0,34,12,22,26,0,0
303501,0,41,17,24,19,0,0
303601,0,37,12,25,23,0,0
303701,0,39,12,27,21,0,0
303801,0,44,9,35,16,0,1
303901,0,42,9,33,18,0,0
304001,0,42,8,34,18,0,0
304101,0,40,8,32,20,1,0
304201,0,40,6,34,20,0,0
304301,0,41,6,35,19,0,0
304401,0,40,6,34,20,0,0
304501,0,39,6,33,21,0,0
304601,0,43,8,35,17,0,0
304701,0,44,6,38,16,0,1
304801,0,43,3,40,17,0,0
304901,0,39,5,34,21,0,0
305001,0,37,2,35,23,1,0
305101,0,39,3,36,21,0,0
305201,0,44,2,42,16,0,0
305301,0,47,3,44,13,0,1
305401,0,44,2,42,16,0,0
305501,0,42,2,40,18,0,0
305601,0,37,2,35,23,0,1
305701,0,40,2,38,20,0,0
305801,0,43,1,42,17,0,0
305901,0,41,1,40,19,0,0
306001,0,43,1,42,17,0,0
306101,0,43,1,42,17,0,0
306201,0,40,1,39,20,0,0
306301,0,42,2,40,18,0,0
306401,0,40,2,38,20,0,0
306501,0,39,3,36,21,0,0
306601,0,42,3,39,18,0,0
306701,0,38,2,36,22,0,0
306801,0,35,2,33,25,1,0
306901,0,35,3,32,25,0,0
307001,0,36,4,32,24,0,0
307101,0,35,4,31,25,0,0
307201,0,36,6,30,24,0,0
307301,0,35,9,26,25,0,1
307401,0,37,11,26,23,0,0
307501,0,40,16,24,20,0,0
307601,0,39,20,19,21,0,0
307701,0,41,23,18,19,0,0
307801,0,40,25,15,20,0,0
307901,0,43,29,14,17,0,1
308001,0,41,35,6,19,0,0
308101,0,40,36,4,20,0,0
308201,0,38,36,2,22,0,0
308301,0,44,40,4,16,0,0
308401,0,46,41,5,14,0,0
308501,0,49,45,4,11,0,0
308601,0,49,46,3,11,0,0
308701,0,45,44,1,15,0,0
308801,0,44,42,2,16,0,0
308901,0,41,40,1,19,0,0
309001,0,44,43,1,16,0,0
309101,0,46,44,2,14,0,0
309201,0,45,43,2,15,0,0
309301,0,43,41,2,17,0,0
309401,0,43,41,2,17,1,0
309501,0,43,40,3,17,0,0
309601,0,45,42,3,15,0,0
309701,0,44,42,2,16,0,0
309801,0,48,46,2,12,0,0
309901,0,47,45,2,13,0,0
310001,0,44,42,2,16,0,0
310101,0,49,47,2,11,0,0
310201,0,47,44,3,13,0,0
310301,0,49,46,3,11,0,0
310401,0,52,49,3,8,0,1
310501,0,44,41,3,16,1,0
310601,0,49,44,5,11,0,0
310701,0,46,41,5,14,0,0
310801,0,47,41,6,13,0,1
310901,0,51,46,5,9,0,0
311001,0,49,44,5,11,0,0
311101,0,50,46,4,10,0,0
311201,0,47,45,2,13,0,0
311301,0,50,47,3,10,0,0
311401,0,45,42,3,15,0,0
311501,0,46,43,3,14,0,0
311601,0,45,44,1,15,0,0
311701,0,46,44,2,14,0,0
311801,0,47,46,1,13,0,0
311901,0,46,46,0,14,0,0
312001,0,46,46,0,14,0,0
312101,0,46,46,0,14,1,0
312201,0,47,47,0,13,0,0
312301,0,49,49,0,11,0,0
312401,0,48,48,0,12,0,0
312501,0,48,48,0,12,0,1
312601,0,50,50,0,10,0,0
312701,0,51,51,0,9,0,0
312801,0,49,49,0,11,0,0
312901,0,46,45,1,14,1,0
313001,0,49,49,0,11,0,0
313101,0,52,52,0,8,0,0
313201,0,48,48,0,12,0,1
313301,0,47,47,0,13,0,0
313401,0,43,43,0,17,0,0
313501,0,42,42,0,18,0,0
313601,0,46,45,1,14,0,0
313701,0,47,45,2,13,0,0
313801,0,47,44,3,13,0,0
313901,0,51,45,6,9,0,0
314001,0,45,41,4,15,0,0
314101,0,43,38,5,17,0,0
314201,0,39,31,8,21,0,1
314301,0,38,29,9,22,0,0
314401,0,34,27,7,26,0,0
314501,0,38,32,6,22,0,1
314601,0,40,33,7,20,0,0
314701,0,37,29,8,23,0,0
314801,0,39,31,8,21,0,0
314901,0,42,34,8,18,0,0
315001,0,44,36,8,16,0,0
315101,0,41,36,5,19,0,0
315201,0,43,38,5,17,0,0
315301,0,41,36,5,19,0,0
315401,0,38,36,2,22,0,1
315501,0,39,37,2,21,0,0
315601,0,40,38,2,20,0,0
315701,0,39,36,3,21,0,0
315801,0,47,39,8,13,0,0
315901,0,44,38,6,16,0,0
316001,0,50,42,8,10,0,0
316101,0,42,34,8,18,0,0
316201,0,41,31,10,19,0,0
316301,0,40,32,8,20,0,0
316401,0,39,30,9,21,0,1
316501,0,33,28,5,27,0,1
316601,0,38,33,5,22,0,0
316701,0,38,33,5,22,0,0
316801,0,40,35,5,20,0,0
316901,0,40,37,3,20,0,0
317001,0,39,37,2,21,0,0
317101,0,39,36,3,21,0,0
317201,0,40,37,3,20,0,0
317301,0,41,36,5,19,0,0
317401,0,45,35,10,15,0,0
317501,0,43,35,8,17,0,0
317601,0,42,33,9,18,0,0
317701,0,44,34,10,16,0,0
317801,0,44,34,10,16,0,0
317901,0,40,28,12,20,0,0
318001,0,35,26,9,25,0,0
318101,0,36,28,8,24,0,0
318201,0,40,33,7,20,0,0
318301,0,45,35,10,15,0,0
318401,0,43,30,13,17,0,0
318501,0,35,24,11,25,0,1
318601,0,32,23,9,28,0,0
318701,0,34,23,11,26,0,0
318801,0,34,21,13,26,0,0
318901,0,34,22,12,26,0,0
319001,0,39,23,16,21,0,0
319101,0,39,28,11,21,0,0
319201,0,38,32,6,22,0,1
319301,0,40,37,3,20,0,0
319401,0,44,44,0,16,0,0
319501,0,46,46,0,14,0,0
319601,0,48,47,1,12,0,0
319701,0,49,47,2,11,0,0
319801,0,49,47,2,11,0,0
319901,0,51,49,2,9,0,0
320001,0,50,49,1,10,0,0
320101,0,48,47,1,12,0,0
320201,0,51,50,1,9,0,0
320301,0,52,51,1,8,0,0
320401,0,49,48,1,11,0,0
320501,0,48,47,1,12,0,0
320601,0,44,43,1,16,0,0
320701,0,48,47,1,12,0,0
320801,0,51,49,2,9,0,0
320901,0,48,45,3,12,0,0
321001,0,47,43,4,13,0,0
321101,0,46,43,3,14,1,0
321201,0,44,44,0,16,0,0
321301,0,42,42,0,18,0,0
321401,0,48,47,1,12,0,0
321501,0,51,51,0,9,0,0
321601,0,52,51,1,8,0,0
321701,0,53,52,1,7,0,0
321801,0,53,51,2,7,0,0
321901,0,46,45,1,14,0,0
322001,0,48,47,1,12,0,0
322101,0,54,53,1,6,0,0
322201,0,52,52,0,8,0,0
322301,0,53,53,0,7,0,0
322401,0,55,55,0,5,0,0
322501,0,51,51,0,9,0,0
322601,0,52,52,0,8,0,0
322701,0,54,54,0,6,0,0
322801,0,55,55,0,5,0,0
322901,0,54,54,0,6,0,0
323001,0,50,49,1,10,0,0
323101,0,46,46,0,14,0,0
323201,0,52,52,0,8,0,0
323301,0,51,51,0,9,1,0
323401,0,50,50,0,10,0,0
323501,0,49,49,0,11,0,0
323601,0,50,50,0,10,0,0
323701,0,52,52,0,8,0,1
323801,0,49,48,1,11,0,0
323901,0,46,45,1,14,0,0
324001,0,46,44,2,14,0,0
324101,0,45,43,2,15,0,1
324201,0,44,43,1,16,0,0
324301,0,45,44,1,15,0,0
324401,0,41,40,1,19,0,0
324501,0,47,45,2,13,0,0
324601,0,49,47,2,11,0,0
324701,0,49,46,3,11,0,0
324801,0,51,47,4,9,0,0
324901,0,51,47,4,9,0,0
325001,0,51,47,4,9,0,0
325101,0,51,46,5,9,0,0
325201,0,48,44,4,12,0,0
325301,0,46,42,4,14,0,0
325401,0,48,45,3,12,0,0
325501,0,44,40,4,16,0,0
325601,0,42,38,4,18,0,1
325701,0,41,37,4,19,0,0
325801,0,45,40,5,15,0,0
325901,0,47,41,6,13,0,0
326001,0,51,44,7,9,0,0
326101,0,50,45,5,10,0,0
326201,0,42,38,4,18,0,1
326301,0,51,46,5,9,0,0
326401,0,45,43,2,15,0,0
326501,0,51,47,4,9,0,0
326601,0,53,45,8,7,0,0
326701,0,43,38,5,17,0,0
326801,0,45,39,6,15,0,0
326901,0,42,34,8,18,0,0
327001,0,42,34,8,18,0,1
327101,0,41,36,5,19,0,1
327201,0,45,37,8,15,0,0
327301,0,42,35,7,18,0,0
327401,0,37,31,6,23,0,0
327501,0,35,30,5,25,0,0
327601,0,38,32,6,22,0,0
327701,0,36,26,10,24,0,1
327801,0,35,26,9,25,0,0
327901,0,35,26,9,25,0,0
328001,0,35,23,12,25,0,0
328101,0,36,23,13,24,0,0
328201,0,33,22,11,27,0,0
328301,0,40,25,15,20,0,0
328401,0,35,21,14,25,0,0
328501,0,38,22,16,22,0,0
328601,0,41,28,13,19,0,0
328701,0,37,29,8,23,0,0
328801,0,35,31,4,25,0,0
328901,0,39,31,8,21,0,0
329001,0,39,31,8,21,0,0
329101,0,40,32,8,20,0,0
329201,0,33,25,8,27,0,1
329301,0,38,28,10,22,0,1
329401,0,40,29,11,20,0,0
329501,0,41,30,11,19,0,1
329601,0,34,26,8,26,0,0
329701,0,36,25,11,24,0,0
329801,0,39,26,13,21,0,0
329901,0,38,25,13,22,0,0
330001,0,35,21,14,25,0,0
330101,0,37,22,15,23,0,1
330201,0,38,21,17,22,0,0
330301,0,38,20,18,22,0,0
330401,0,44,16,28,16,0,0
330501,0,44,14,30,16,0,0
330601,0,40,13,27,20,0,1
330701,0,42,10,32,18,0,0
330801,0,37,4,33,23,0,0
330901,0,36,3,33,24,0,0
331001,0,39,5,34,21,0,0
331101,0,42,4,38,18,0,0
331201,0,41,6,35,19,0,0
331301,0,43,6,37,17,0,0
331401,0,45,3,42,15,0,0
331501,0,46,3,43,14,0,0
331601,0,45,5,40,15,0,0
331701,0,49,5,44,11,0,0
331801,0,49,4,45,11,0,0
331901,0,48,2,46,12,0,0
332001,0,49,2,47,11,0,0
332101,0,51,2,49,9,0,0
332201,0,43,2,41,17,0,0
332301,0,48,3,45,12,0,0
332401,0,44,4,40,16,0,0
332501,0,44,4,40,16,0,0
332601,0,44,5,39,16,0,0
332701,0,44,5,39,16,0,0
332801,0,45,6,39,15,0,0
332901,0,48,11,37,12,0,1
333001,0,42,9,33,18,0,1
333101,0,42,8,34,18,0,0
333201,0,43,7,36,17,0,1
333301,0,41,6,35,19,0,0
333401,0,45,3,42,15,1,0
333501,0,43,2,41,17,0,0
333601,0,43,3,40,17,0,0
333701,0,45,3,42,15,0,0
333801,0,46,3,43,14,0,0
333901,0,44,3,41,16,0,0
334001,0,43,3,40,17,0,0
334101,0,41,2,39,19,0,0
334201,0,50,4,46,10,0,0
334301,0,50,3,47,10,0,0
334401,0,48,1,47,12,0,1
334501,0,46,1,45,14,0,0
334601,0,49,1,48,11,0,0
334701,0,49,1,48,11,0,0
334801,0,49,1,48,11,0,0
334901,0,47,0,47,13,0,0
335001,0,45,0,45,15,0,0
335101,0,46,0,46,14,0,0
335201,0,46,0,46,14,0,0
335301,0,49,1,48,11,0,0
335401,0,50,1,49,10,0,0
335501,0,51,3,48,9,0,0
335601,0,52,5,47,8,0,0
335701,0,50,4,46,10,0,0
335801,0,54,5,49,6,0,0
335901,0,47,4,43,13,0,1
336001,0,44,6,38,16,0,0
336101,0,47,6,41,13,0,0
336201,0,47,9,38,13,0,0
336301,0,41,8,33,19,0,0
336401,0,40,8,32,20,0,0
336501,0,41,13,28,19,0,0
336601,0,43,13,30,17,0,1
336701,0,41,12,29,19,0,0
336801,0,45,15,30,15,0,0
336901,0,39,12,27,21,0,0
337001,0,36,11,25,24,0,0
337101,0,37,16,21,23,0,0
337201,0,34,19,15,26,0,1
337301,0,40,22,18,20,0,0
337401,0,39,21,18,21,0,0
337501,0,37,19,18,23,0,1
337601,0,31,13,18,29,0,0
337701,0,40,14,26,20,0,0
337801,0,36,13,23,24,0,0
337901,0,35,9,26,25,0,0
338001,0,36,10,26,24,0,0
338101,0,37,12,25,23,0,0
338201,0,38,17,21,22,0,0
338301,0,35,17,18,25,0,0
338401,0,37,18,19,23,0,0
338501,0,34,16,18,26,0,0
338601,0,32,19,13,28,0,0
338701,0,38,19,19,22,0,0
338801,0,38,23,15,22,1,0
338901,0,34,16,18,26,0,0
339001,0,36,17,19,24,0,0
339101,0,37,15,22,23,0,0
339201,0,33,12,21,27,0,0
339301,0,29,13,16,31,0,0
339401,0,37,10,27,23,0,0
339501,0,36,8,28,24,0,0
339601,0,38,9,29,22,1,0
339701,0,36,7,29,24,0,0
339801,0,37,11,26,23,0,0
339901,0,36,11,25,24,0,0
340001,0,35,11,24,25,0,0
340101,0,34,9,25,26,0,0
340201,0,36,10,26,24,0,0
340301,0,32,7,25,28,0,0
340401,0,32,4,28,28,0,0
340501,0,34,4,30,26,0,0
340601,0,39,3,36,21,0,0
340701,0,41,1,40,19,0,0
340801,0,48,1,47,12,0,0
340901,0,46,1,45,14,0,0
341001,0,51,2,49,9,0,0
341101,0,50,1,49,10,0,0
341201,0,52,1,51,8,0,0
341301,0,49,0,49,11,0,0
341401,0,48,0,48,12,0,0
341501,0,46,1,45,14,0,0
341601,0,47,0,47,13,0,0
341701,0,51,0,51,9,0,0
341801,0,54,0,54,6,0,0
341901,0,50,0,50,10,0,0
342001,0,54,0,54,6,0,0
342101,0,52,0,52,8,0,0
342201,0,49,0,49,11,0,0
342301,0,49,0,49,11,0,0
342401,0,49,0,49,11,0,0
342501,0,51,0,51,9,0,0
342601,0,52,0,52,8,0,0
342701,0,50,0,50,10,0,0
342801,0,48,0,48,12,0,1
342901,0,48,0,48,12,0,0
343001,0,46,1,45,14,0,0
343101,0,48,1,47,12,0,0
343201,0,50,1,49,10,0,0
343301,0,46,1,45,14,0,0
343401,0,45,1,44,15,0,0
343501,0,50,2,48,10,0,0
343601,0,51,1,50,9,0,0
343701,0,49,1,48,11,0,0
343801,0,50,0,50,10,0,0
343901,0,52,1,51,8,0,0
344001,0,50,2,48,10,0,0
344101,0,47,1,46,13,1,0
344201,0,45,4,41,15,0,0
344301,0,43,6,37,17,0,0
344401,0,46,7,39,14,0,0
344501,0,44,8,36,16,0,0
344601,0,42,11,31,18,0,0
344701,0,45,14,31,15,0,1
344801,0,42,16,26,18,0,1
344901,0,46,18,28,14,0,0
345001,0,40,15,25,20,1,0
345101,0,42,20,22,18,0,0
345201,0,41,17,24,19,0,0
345301,0,40,16,24,20,0,1
345401,0,38,17,21,22,0,1
345501,0,38,18,20,22,0,0
345601,0,37,16,21,23,0,0
345701,0,41,15,26,19,0,0
345801,0,34,15,19,26,0,0
345901,0,31,15,16,29,0,0
346001,0,30,15,15,30,0,1
346101,0,39,21,18,21,0,0
346201,0,33,24,9,27,0,0
346301,0,35,25,10,25,0,0
346401,0,38,28,10,22,1,0
346501,0,37,24,13,23,0,0
346601,0,35,24,11,25,0,0
346701,0,40,26,14,20,0,0
346801,0,40,28,12,20,0,0
346901,0,40,32,8,20,1,0
347001,0,44,38,6,16,0,0
347101,0,45,39,6,15,0,0
347201,0,43,37,6,17,0,0
347301,0,43,42,1,17,0,0
347401,0,44,43,1,16,0,0
347501,0,48,46,2,12,0,0
347601,0,42,39,3,18,1,0
347701,0,47,41,6,13,0,0
347801,0,41,32,9,19,0,0
347901,0,41,33,8,19,0,0
348001,0,41,33,8,19,0,0
348101,0,43,30,13,17,0,0
348201,0,38,29,9,22,0,0
348301,0,41,31,10,19,0,0
348401,0,40,30,10,20,0,0
348501,0,43,35,8,17,0,1
348601,0,44,35,9,16,0,0
348701,0,43,35,8,17,0,1
348801,0,46,40,6,14,0,0
348901,0,44,39,5,16,0,0
349001,0,44,39,5,16,0,0
349101,0,45,41,4,15,0,1
349201,0,48,42,6,12,0,0
349301,0,48,43,5,12,0,0
349401,0,45,42,3,15,0,0
349501,0,51,49,2,9,0,0
349601,0,52,50,2,8,0,0
349701,0,53,51,2,7,0,1
349801,0,51,49,2,9,0,0
349901,0,51,49,2,9,0,0
350001,0,52,50,2,8,0,0
350101,0,53,50,3,7,0,0
350201,0,50,47,3,10,0,0
350301,0,50,47,3,10,0,0
350401,0,47,44,3,13,0,0
350501,0,56,52,4,4,0,0
350601,0,50,44,6,10,0,0
350701,0,50,43,7,10,0,0
350801,0,49,44,5,11,0,0
350901,0,44,39,5,16,0,0
351001,0,44,41,3,16,0,0
351101,0,47,42,5,13,0,0
351201,0,46,42,4,14,0,0
351301,0,43,39,4,17,0,0
351401,0,45,39,6,15,0,1
351501,0,43,36,7,17,0,0
351601,0,40,33,7,20,0,1
351701,0,41,33,8,19,0,0
351801,0,39,30,9,21,0,1
351901,0,40,29,11,20,1,0
352001,0,40,27,13,20,0,0
352101,0,43,25,18,17,0,0
352201,0,39,21,18,21,1,0
352301,0,40,18,22,20,0,1
352401,0,39,18,21,21,0,0
352501,0,36,15,21,24,0,0
352601,0,35,14,21,25,0,0
352701,0,35,13,22,25,0,0
352801,0,36,15,21,24,0,0
352901,0,38,17,21,22,0,0
353001,0,45,23,22,15,0,0
353101,0,46,30,16,14,0,0
353201,0,48,33,15,12,0,0
353301,0,47,38,9,13,0,0
353401,0,43,41,2,17,1,0
353501,0,47,44,3,13,0,0
353601,0,47,45,2,13,0,0
353701,0,50,47,3,10,0,0
353801,0,46,45,1,14,0,0
353901,0,54,54,0,6,0,0
354001,0,53,53,0,7,0,0
354101,0,53,53,0,7,0,0
354201,0,56,56,0,4,0,0
354301,0,55,55,0,5,0,0
354401,0,56,56,0,4,0,0
354501,0,53,53,0,7,0,0
354601,0,54,53,1,6,0,0
354701,0,54,53,1,6,0,0
354801,0,53,53,0,7,0,0
354901,0,53,53,0,7,0,0
355001,0,49,49,0,11,0,0
355101,0,49,49,0,11,0,0
355201,0,53,53,0,7,0,0
355301,0,53,52,1,7,0,0
355401,0,51,50,1,9,0,0
355501,0,51,51,0,9,0,0
355601,0,49,49,0,11,0,0
355701,0,47,47,0,13,0,0
355801,0,50,50,0,10,0,0
355901,0,50,50,0,10,0,0
356001,0,51,51,0,9,0,0
356101,0,52,52,0,8,0,0
356201,0,52,52,0,8,0,0
356301,0,54,53,1,6,0,0
356401,0,53,52,1,7,0,0
356501,0,53,52,1,7,0,1
356601,0,55,54,1,5,0,0
356701,0,50,49,1,10,0,0
356801,0,53,53,0,7,0,0
356901,0,55,55,0,5,0,0
357001,0,54,54,0,6,0,0
357101,0,54,54,0,6,0,0
357201,0,53,53,0,7,1,0
357301,0,51,51,0,9,0,0
357401,0,51,51,0,9,0,0
357501,0,51,50,1,9,0,0
357601,0,50,50,0,10,0,0
357701,0,47,47,0,13,0,0
357801,0,44,41,3,16,0,0
357901,0,46,43,3,14,0,0
358001,0,44,41,3,16,0,0
358101,0,48,46,2,12,1,0
358201,0,50,47,3,10,0,0
358301,0,50,46,4,10,0,0
358401,0,45,41,4,15,0,1
358501,0,45,41,4,15,0,0
358601,0,43,40,3,17,0,0
358701,0,41,38,3,19,0,0
358801,0,39,32,7,21,0,0
358901,0,45,38,7,15,0,0
359001,0,43,40,3,17,0,0
359101,0,46,43,3,14,0,0
359201,0,49,46,3,11,0,0
359301,0,40,37,3,20,0,0
359401,0,46,40,6,14,0,0
359501,0,42,36,6,18,1,0
359601,0,42,35,7,18,0,0
359701,0,45,39,6,15,0,0
359801,0,40,34,6,20,0,0
359901,0,41,35,6,19,0,0
360001,0,42,35,7,18,0,0
360101,0,38,32,6,22,0,0
360201,0,37,30,7,23,0,0
360301,0,38,31,7,22,0,1
360401,0,37,31,6,23,0,0
360501,0,39,32,7,21,0,0
360601,0,43,35,8,17,0,0
360701,0,36,29,7,24,0,0
360801,0,31,26,5,29,0,0
360901,0,35,27,8,25,0,0
361001,0,33,25,8,27,0,1
361101,0,29,23,6,31,0,0
361201,0,34,25,9,26,0,0
361301,0,35,30,5,25,0,1
361401,0,40,36,4,20,0,0
361501,0,37,35,2,23,0,0
361601,0,41,39,2,19,0,0
361701,0,43,40,3,17,0,0
361801,0,46,42,4,14,0,0
361901,0,44,39,5,16,1,0
362001,0,44,38,6,16,0,0
362101,0,43,41,2,17,0,0
362201,0,41,38,3,19,1,0
362301,0,43,38,5,17,0,0
362401,0,43,38,5,17,0,0
362501,0,49,44,5,11,0,0
362601,0,48,41,7,12,0,0
362701,0,48,41,7,12,0,1
362801,0,46,40,6,14,0,0
362901,0,45,38,7,15,0,0
363001,0,43,39,4,17,0,0
363101,0,41,37,4,19,0,0
363201,0,43,38,5,17,0,0
363301,0,46,39,7,14,0,0
363401,0,43,36,7,17,0,0
363501,0,45,38,7,15,0,0
363601,0,43,36,7,17,0,0
363701,0,42,36,6,18,0,0
363801,0,48,42,6,12,0,0
363901,0,42,38,4,18,0,0
364001,0,35,29,6,25,0,0
364101,0,44,38,6,16,0,0
364201,0,45,38,7,15,0,1
364301,0,44,38,6,16,0,0
364401,0,44,38,6,16,0,0
364501,0,41,35,6,19,0,1
364601,0,41,34,7,19,0,1
364701,0,42,33,9,18,0,0
364801,0,36,26,10,24,0,0
364901,0,38,25,13,22,0,0
365001,0,32,18,14,28,0,0
365101,0,34,21,13,26,0,0
365201,0,41,22,19,19,0,0
365301,0,41,19,22,19,0,1
365401,0,41,15,26,19,0,1
365501,0,36,10,26,24,0,1
365601,0,38,9,29,22,0,1
365701,0,39,9,30,21,1,0
365801,0,36,5,31,24,0,0
365901,0,36,5,31,24,0,0
366001,0,39,6,33,21,0,0
366101,0,41,10,31,19,0,0
366201,0,40,12,28,20,0,0
366301,0,40,15,25,20,0,0
366401,0,41,25,16,19,0,1
366501,0,43,30,13,17,0,0
366601,0,45,29,16,15,0,1
366701,0,36,24,12,24,0,0
366801,0,38,25,13,22,0,0
366901,0,39,25,14,21,0,0
367001,0,40,28,12,20,0,0
367101,0,37,24,13,23,0,0
367201,0,41,29,12,19,0,0
367301,0,42,31,11,18,0,0
367401,0,39,30,9,21,0,0
367501,0,42,32,10,18,0,0
367601,0,44,34,10,16,0,0
367701,0,38,29,9,22,0,0
367801,0,38,29,9,22,0,0
367901,0,37,30,7,23,0,0
368001,0,42,35,7,18,0,0
368101,0,41,35,6,19,0,1
368201,0,42,36,6,18,0,0
368301,0,45,37,8,15,0,0
368401,0,41,31,10,19,0,0
368501,0,41,30,11,19,0,0
368601,0,44,30,14,16,0,0
368701,0,47,29,18,13,0,1
368801,0,41,25,16,19,0,0
368901,0,38,26,12,22,0,0
369001,0,34,24,10,26,0,0
369101,0,39,28,11,21,0,0
369201,0,43,31,12,17,0,0
369301,0,45,32,13,15,0,0
369401,0,39,29,10,21,1,0
369501,0,38,28,10,22,0,0
369601,0,41,32,9,19,0,0
369701,0,44,34,10,16,0,0
369801,0,42,32,10,18,0,0
369901,0,38,28,10,22,0,0
370001,0,38,28,10,22,0,0
370101,0,30,21,9,30,0,0
370201,0,38,26,12,22,0,0
370301,0,36,26,10,24,0,0
370401,0,34,22,12,26,0,0
370501,0,32,23,9,28,0,0
370601,0,34,24,10,26,0,1
370701,0,38,31,7,22,0,0
370801,0,39,31,8,21,0,0
370901,0,40,35,5,20,0,0
371001,0,44,38,6,16,0,0
371101,0,38,32,6,22,0,0
371201,0,40,31,9,20,0,0
371301,0,37,30,7,23,0,0
371401,0,37,29,8,23,0,0
371501,0,30,20,10,30,0,0
371601,0,35,20,15,25,0,0
371701,0,37,21,16,23,0,0
371801,0,41,28,13,19,1,0
371901,0,38,29,9,22,0,0
372001,0,38,30,8,22,0,0
372101,0,42,34,8,18,0,0
372201,0,47,37,10,13,0,1
372301,0,45,35,10,15,0,1
372401,0,45,37,8,15,0,0
372501,0,48,40,8,12,0,0
372601,0,45,40,5,15,0,0
372701,0,48,45,3,12,0,0
372801,0,49,46,3,11,0,0
372901,0,52,51,1,8,1,0
373001,0,54,52,2,6,0,0
373101,0,49,47,2,11,0,0
373201,0,50,49,1,10,0,0
373301,0,49,48,1,11,0,0
373401,0,52,51,1,8,0,0
373501,0,55,55,0,5,0,0
373601,0,54,54,0,6,0,0
373701,0,55,55,0,5,0,0
373801,0,53,52,1,7,0,0
373901,0,54,53,1,6,1,0
374001,0,55,54,1,5,0,0
374101,0,52,51,1,8,0,0
374201,0,54,51,3,6,0,0
374301,0,51,49,2,9,0,0
374401,0,51,50,1,9,0,0
374501,0,53,52,1,7,0,0
374601,0,56,55,1,4,0,0
374701,0,56,55,1,4,0,0
374801,0,56,55,1,4,0,0
374901,0,52,51,1,8,0,0
375001,0,53,51,2,7,0,0
375101,0,52,52,0,8,0,0
375201,0,52,52,0,8,0,0
375301,0,53,53,0,7,0,0
375401,0,55,53,2,5,0,0
375501,0,50,49,1,10,0,1
375601,0,50,49,1,10,0,0
375701,0,48,48,0,12,0,0
375801,0,49,49,0,11,0,0
375901,0,49,49,0,11,0,0
376001,0,50,50,0,10,0,0
376101,0,46,46,0,14,0,0
376201,0,49,48,1,11,0,0
376301,0,48,47,1,12,0,0
376401,0,45,42,3,15,0,0
376501,0,47,43,4,13,0,0
376601,0,49,44,5,11,0,0
376701,0,47,44,3,13,0,0
376801,0,46,43,3,14,0,0
376901,0,46,43,3,14,0,0
377001,0,48,42,6,12,0,1
377101,0,45,36,9,15,0,1
377201,0,44,35,9,16,0,0
377301,0,51,39,12,9,0,0
377401,0,42,35,7,18,0,0
377501,0,43,36,7,17,0,0
377601,0,38,32,6,22,0,0
377701,0,40,32,8,20,0,0
377801,0,38,31,7,22,0,0
377901,0,40,32,8,20,1,0
378001,0,43,32,11,17,0,0
378101,0,41,28,13,19,0,0
378201,0,45,23,22,15,0,0
378301,0,44,18,26,16,0,0
378401,0,37,16,21,23,0,0
378501,0,38,10,28,22,0,1
378601,0,40,10,30,20,0,0
378701,0,34,12,22,26,0,1
378801,0,38,13,25,22,0,0
378901,0,34,7,27,26,0,0
379001,0,37,4,33,23,0,0
379101,0,41,3,38,19,0,0
379201,0,43,3,40,17,0,0
379301,0,43,2,41,17,0,0
379401,0,45,2,43,15,0,0
379501,0,44,1,43,16,0,0
379601,0,45,1,44,15,0,0
379701,0,45,1,44,15,0,1
379801,0,45,1,44,15,0,0
379901,0,50,1,49,10,0,0
380001,0,52,1,51,8,0,0
380101,0,49,1,48,11,0,0
380201,0,49,1,48,11,0,0
380301,0,45,1,44,15,0,0
380401,0,46,2,44,14,0,0
380501,0,45,1,44,15,0,0
380601,0,47,1,46,13,0,0
380701,0,46,1,45,14,0,0
380801,0,46,2,44,14,0,0
380901,0,37,2,35,23,1,0
381001,0,45,2,43,15,0,0
381101,0,50,3,47,10,0,0
381201,0,50,3,47,10,0,0
381301,0,44,4,40,16,0,0
381401,0,42,4,38,18,0,0
381501,0,43,4,39,17,0,0
381601,0,45,1,44,15,0,0
381701,0,47,2,45,13,0,0
381801,0,50,2,48,10,0,0
381901,0,55,2,53,5,0,1
382001,0,54,1,53,6,0,0
382101,0,55,1,54,5,0,0
382201,0,53,1,52,7,0,0
382301,0,50,0,50,10,0,0
382401,0,51,0,51,9,0,0
382501,0,52,0,52,8,0,0
382601,0,51,0,51,9,0,0
382701,0,53,0,53,7,0,0
382801,0,53,0,53,7,0,0
382901,0,52,0,52,8,0,0
383001,0,53,0,53,7,0,0
383101,0,53,1,52,7,0,0
383201,0,53,1,52,7,0,0
383301,0,45,1,44,15,0,0
383401,0,49,1,48,11,0,0
383501,0,50,1,49,10,0,0
383601,0,47,1,46,13,0,0
383701,0,49,4,45,11,0,0
383801,0,48,5,43,12,0,0
383901,0,44,4,40,16,0,0
384001,0,46,4,42,14,0,0
384101,0,42,3,39,18,0,0
384201,0,36,3,33,24,0,0
384301,0,39,2,37,21,0,0
384401,0,39,5,34,21,0,0
384501,0,45,6,39,15,0,0
384601,0,43,9,34,17,0,0
384701,0,44,10,34,16,0,0
384801,0,42,11,31,18,0,0
384901,0,44,11,33,16,0,0
385001,0,45,6,39,15,0,0
385101,0,40,5,35,20,0,1
385201,0,46,3,43,14,0,1
385301,0,50,3,47,10,0,0
385401,0,50,3,47,10,0,0
385501,0,46,2,44,14,0,0
385601,0,51,1,50,9,0,0
385701,0,52,2,50,8,0,0
385801,0,51,2,49,9,0,0
385901,0,52,0,52,8,0,0
386001,0,54,0,54,6,0,0
386101,0,52,0,52,8,0,0
386201,0,54,0,54,6,0,0
386301,0,53,0,53,7,0,0
386401,0,57,0,57,3,0,1
386501,0,55,0,55,5,0,0
386601,0,53,0,53,7,0,0
386701,0,52,0,52,8,0,0
386801,0,54,0,54,6,0,0
386901,0,56,0,56,4,0,0
387001,0,53,0,53,7,0,0
387101,0,50,0,50,10,0,0
387201,0,53,0,53,7,0,0
387301,0,55,0,55,5,0,0
387401,0,52,0,52,8,0,0
387501,0,50,0,50,10,0,0
387601,0,46,0,46,14,0,0
387701,0,48,0,48,12,0,0
387801,0,49,0,49,11,0,0
387901,0,53,0,53,7,0,0
388001,0,52,0,52,8,0,0
388101,0,53,0,53,7,0,0
388201,0,51,0,51,9,0,0
388301,0,51,0,51,9,0,0
388401,0,52,1,51,8,0,0
388501,0,51,1,50,9,0,0
388601,0,51,3,48,9,0,0
388701,0,48,3,45,12,0,0
388801,0,44,4,40,16,0,0
388901,0,41,5,36,19,0,0
389001,0,44,7,37,16,0,0
389101,0,43,8,35,17,0,0
389201,0,40,10,30,20,0,0
389301,0,39,10,29,21,0,0
389401,0,42,11,31,18,0,0
389501,0,42,9,33,18,0,1
389601,0,44,13,31,16,1,0
389701,0,41,17,24,19,0,0
389801,0,40,17,23,20,0,0
389901,0,32,13,19,28,0,1
390001,0,34,14,20,26,0,0
390101,0,43,14,29,17,0,1
390201,0,38,10,28,22,0,0
390301,0,40,9,31,20,0,0
390401,0,42,8,34,18,0,0
390501,0,47,9,38,13,0,0
390601,0,44,7,37,16,0,0
390701,0,38,8,30,22,0,0
390801,0,46,9,37,14,0,0
390901,0,46,6,40,14,0,0
391001,0,47,5,42,13,0,0
391101,0,46,4,42,14,0,0
391201,0,48,3,45,12,0,0
391301,0,50,1,49,10,0,0
391401,0,54,1,53,6,0,0
391501,0,53,0,53,7,0,0
391601,0,50,0,50,10,0,0
391701,0,55,0,55,5,0,0
391801,0,54,0,54,6,0,0
391901,0,51,0,51,9,0,0
392001,0,52,1,51,8,0,0
392101,0,54,1,53,6,0,0
392201,0,50,1,49,10,0,0
392301,0,52,1,51,8,0,0
392401,0,48,0,48,12,0,0
392501,0,45,0,45,15,0,0
392601,0,50,0,50,10,0,0
392701,0,49,0,49,11,0,0
392801,0,49,0,49,11,0,1
392901,0,52,0,52,8,0,0
393001,0,49,1,48,11,0,0
393101,0,51,1,50,9,0,0
393201,0,51,1,50,9,0,0
393301,0,53,0,53,7,0,0
393401,0,50,0,50,10,0,0
393501,0,51,0,51,9,0,0
393601,0,49,0,49,11,0,0
393701,0,44,0,44,16,0,0
393801,0,44,0,44,16,0,0
393901,0,48,1,47,12,0,0
394001,0,48,1,47,12,1,0
394101,0,48,1,47,12,0,0
394201,0,47,2,45,13,0,0
394301,0,47,2,45,13,0,0
394401,0,46,1,45,14,0,0
394501,0,44,2,42,16,0,0
394601,0,48,2,46,12,0,0
394701,0,45,2,43,15,0,0
394801,0,43,2,41,17,0,1
394901,0,43,4,39,17,0,0
395001,0,41,5,36,19,0,0
395101,0,46,4,42,14,0,0
395201,0,48,4,44,12,0,1
395301,0,44,6,38,16,0,0
395401,0,45,6,39,15,0,0
395501,0,46,8,38,14,0,0
395601,0,42,6,36,18,0,1
395701,0,38,6,32,22,0,0
395801,0,36,6,30,24,0,0
395901,0,41,9,32,19,0,0
396001,0,40,6,34,20,0,0
396101,0,41,8,33,19,0,0
396201,0,39,7,32,21,0,0
396301,0,42,7,35,18,0,0
396401,0,38,11,27,22,0,1
396501,0,38,13,25,22,0,0
396601,0,43,15,28,17,0,0
396701,0,44,15,29,16,1,0
396801,0,42,17,25,18,0,0
396901,0,37,16,21,23,0,0
397001,0,35,13,22,25,0,0
397101,0,35,15,20,25,0,0
397201,0,36,16,20,24,0,0
397301,0,31,15,16,29,0,0
397401,0,36,20,16,24,0,0
397501,0,34,20,14,26,0,0
397601,0,35,22,13,25,0,0
397701,0,34,18,16,26,0,0
397801,0,33,19,14,27,0,0
397901,0,38,18,20,22,0,0
398001,0,35,19,16,25,0,1
398101,0,38,22,16,22,0,1
398201,0,40,22,18,20,0,0
398301,0,35,19,16,25,0,0
398401,0,28,14,14,32,0,0
398501,0,29,14,15,31,0,0
398601,0,34,13,21,26,0,0
398701,0,38,14,24,22,0,1
398801,0,39,13,26,21,0,1
398901,0,39,14,25,21,0,1
399001,0,39,15,24,21,0,0
399101,0,40,17,23,20,0,0
399201,0,39,14,25,21,0,0
399301,0,42,14,28,18,0,0
399401,0,37,8,29,23,0,0
399501,0,36,8,28,24,0,0
399601,0,35,5,30,25,0,0
399701,0,35,5,30,25,0,0
399801,0,39,5,34,21,0,0
399901,0,42,3,39,18,0,0
400001,0,44,3,41,16,0,1
400101,0,46,2,44,14,0,0
400201,0,46,2,44,14,0,0
400301,0,51,1,50,9,0,1
400401,0,52,1,51,8,0,0
400501,0,49,1,48,11,0,0
400601,0,51,4,47,9,0,0
400701,0,49,3,46,11,0,0
400801,0,50,3,47,10,0,0
400901,0,43,2,41,17,0,0
401001,0,45,1,44,15,0,0
401101,0,48,0,48,12,0,0
401201,0,53,1,52,7,0,0
401301,0,50,1,49,10,0,0
401401,0,50,0,50,10,0,0
401501,0,49,0,49,11,0,0
401601,0,47,0,47,13,0,0
401701,0,52,2,50,8,0,0
401801,0,48,3,45,12,0,0
401901,0,49,5,44,11,0,0
402001,0,45,6,39,15,0,0
402101,0,40,3,37,20,0,1
402201,0,40,2,38,20,0,0
402301,0,43,2,41,17,0,0
402401,0,45,1,44,15,0,0
402501,0,45,1,44,15,0,0
402601,0,47,1,46,13,0,0
402701,0,48,2,46,12,0,0
402801,0,46,3,43,14,0,0
402901,0,45,2,43,15,0,0
403001,0,44,2,42,16,0,0
403101,0,43,2,41,17,1,0
403201,0,45,2,43,15,0,0
403301,0,46,3,43,14,0,0
403401,0,45,2,43,15,0,0
403501,0,44,3,41,16,0,0
403601,0,46,2,44,14,0,0
403701,0,46,2,44,14,0,0
403801,0,42,4,38,18,0,0
403901,0,43,4,39,17,0,0
404001,0,43,6,37,17,0,0
404101,0,44,6,38,16,0,0
404201,0,43,5,38,17,0,1
404301,0,47,9,38,13,1,0
404401,0,45,12,33,15,0,1
404501,0,39,13,26,21,1,0
404601,0,36,14,22,24,0,0
404701,0,37,12,25,23,1,0
404801,0,32,10,22,28,0,0
404901,0,37,15,22,23,0,0
405001,0,35,19,16,25,0,0
405101,0,41,24,17,19,0,0
405201,0,41,28,13,19,0,0
405301,0,42,28,14,18,0,0
405401,0,44,30,14,16,0,0
405501,0,41,32,9,19,0,0
405601,0,45,35,10,15,0,0
405701,0,42,36,6,18,0,0
405801,0,43,39,4,17,0,0
405901,0,43,40,3,17,0,1
406001,0,43,39,4,17,0,0
406101,0,40,37,3,20,0,0
406201,0,39,37,2,21,0,0
406301,0,36,34,2,24,0,0
406401,0,33,32,1,27,0,0
406501,0,37,35,2,23,0,0
406601,0,37,34,3,23,0,0
406701,0,40,32,8,20,0,0
406801,0,40,31,9,20,0,0
406901,0,40,29,11,20,0,0
407001,0,34,27,7,26,0,0
407101,0,38,28,10,22,0,0
407201,0,34,26,8,26,0,0
407301,0,38,28,10,22,0,0
407401,0,39,26,13,21,0,0
407501,0,36,20,16,24,0,0
407601,0,32,19,13,28,0,0
407701,0,34,18,16,26,0,0
407801,0,34,20,14,26,0,0
407901,0,35,22,13,25,0,0
408001,0,35,18,17,25,0,0
408101,0,32,19,13,28,0,0
408201,0,33,20,13,27,0,0
408301,0,33,16,17,27,0,0
408401,0,31,14,17,29,0,0
408501,0,34,19,15,26,1,0
408601,0,42,22,20,18,0,0
408701,0,40,24,16,20,0,0
408801,0,44,30,14,16,0,1
408901,0,41,29,12,19,0,0
409001,0,42,35,7,18,0,1
409101,0,46,41,5,14,1,0
409201,0,48,46,2,12,0,0
409301,0,48,46,2,12,0,0
409401,0,49,46,3,11,0,0
409501,0,48,45,3,12,0,0
409601,0,44,42,2,16,0,0
409701,0,46,43,3,14,0,1
409801,0,45,43,2,15,0,0
409901,0,48,48,0,12,0,0
410001,0,51,50,1,9,0,0
410101,0,52,50,2,8,0,0
410201,0,54,52,2,6,0,0
410301,0,51,50,1,9,0,1
410401,0,49,48,1,11,0,0
410501,0,50,49,1,10,0,1
410601,0,50,49,1,10,0,0
410701,0,49,48,1,11,0,0
410801,0,51,50,1,9,1,0
410901,0,51,50,1,9,0,0
411001,0,50,49,1,10,0,0
411101,0,48,47,1,12,0,0
411201,0,50,49,1,10,0,1
411301,0,53,52,1,7,0,0
411401,0,50,48,2,10,0,0
411501,0,52,51,1,8,0,0
411601,0,48,48,0,12,0,0
411701,0,52,52,0,8,0,0
411801,0,52,52,0,8,0,0
411901,0,53,53,0,7,0,0
412001,0,52,52,0,8,0,0
412101,0,48,48,0,12,0,0
412201,0,47,46,1,13,0,0
412301,0,49,48,1,11,0,0
412401,0,50,49,1,10,0,0
412501,0,50,49,1,10,0,0
412601,0,54,50,4,6,0,0
412701,0,46,43,3,14,0,0
412801,0,48,45,3,12,0,0
412901,0,53,49,4,7,0,1
413001,0,51,48,3,9,0,0
413101,0,50,48,2,10,0,0
413201,0,50,50,0,10,0,0
413301,0,53,53,0,7,0,0
413401,0,55,55,0,5,0,0
413501,0,56,55,1,4,0,0
413601,0,51,50,1,9,0,0
413701,0,50,47,3,10,0,0
413801,0,52,49,3,8,1,0
413901,0,51,50,1,9,0,0
414001,0,51,50,1,9,0,0
414101,0,51,50,1,9,0,0
414201,0,50,50,0,10,0,0
414301,0,51,51,0,9,0,0
414401,0,53,53,0,7,0,0
414501,0,54,54,0,6,0,0
414601,0,53,53,0,7,0,0
414701,0,55,55,0,5,0,0
414801,0,51,51,0,9,0,0
414901,0,50,49,1,10,0,0
415001,0,54,54,0,6,0,0
415101,0,54,54,0,6,0,0
415201,0,56,56,0,4,0,0
415301,0,50,50,0,10,0,0
415401,0,55,55,0,5,0,0
415501,0,55,55,0,5,0,0
415601,0,56,56,0,4,0,0
415701,0,54,54,0,6,0,0
415801,0,54,54,0,6,0,0
415901,0,54,54,0,6,0,0
416001,0,53,52,1,7,0,0
416101,0,51,49,2,9,0,0
416201,0,46,45,1,14,0,0
416301,0,48,47,1,12,0,0
416401,0,52,52,0,8,0,0
416501,0,53,53,0,7,0,0
416601,0,53,53,0,7,0,0
416701,0,48,48,0,12,0,0
416801,0,52,52,0,8,0,0
416901,0,52,52,0,8,0,0
417001,0,53,53,0,7,0,0
417101,0,55,55,0,5,0,0
417201,0,53,53,0,7,0,0
417301,0,53,53,0,7,0,0
417401,0,55,55,0,5,0,0
417501,0,56,56,0,4,0,0
417601,0,56,56,0,4,0,0
417701,0,55,55,0,5,0,0
417801,0,52,52,0,8,0,0
417901,0,51,51,0,9,0,0
418001,0,51,51,0,9,0,0
418101,0,52,52,0,8,0,0
418201,0,55,54,1,5,0,0
418301,0,54,54,0,6,0,0
418401,0,52,52,0,8,0,0
418501,0,51,51,0,9,0,0
418601,0,51,50,1,9,1,0
418701,0,53,51,2,7,0,0
418801,0,50,48,2,10,0,0
418901,0,47,44,3,13,0,0
419001,0,49,47,2,11,0,1
419101,0,48,46,2,12,1,0
419201,0,46,45,1,14,0,0
419301,0,43,41,2,17,0,0
419401,0,47,45,2,13,0,0
419501,0,49,46,3,11,0,0
419601,0,46,44,2,14,0,0
419701,0,47,44,3,13,0,0
419801,0,46,44,2,14,0,0
419901,0,49,44,5,11,0,0
420001,0,45,39,6,15,0,0
420101,0,40,33,7,20,0,0
420201,0,42,35,7,18,0,0
420301,0,43,36,7,17,0,1
420401,0,43,34,9,17,0,0
420501,0,42,32,10,18,0,1
420601,0,40,31,9,20,0,1
420701,0,43,35,8,17,0,0
420801,0,42,32,10,18,0,0
420901,0,45,35,10,15,0,0
421001,0,46,37,9,14,0,0
421101,0,47,40,7,13,0,0
421201,0,44,39,5,16,0,1
421301,0,46,41,5,14,0,0
421401,0,46,41,5,14,0,0
421501,0,45,39,6,15,0,1
421601,0,46,40,6,14,0,0
421701,0,46,38,8,14,0,0
421801,0,50,38,12,10,0,0
421901,0,43,32,11,17,0,0
422001,0,43,30,13,17,0,0
422101,0,35,23,12,25,0,0
422201,0,37,23,14,23,0,1
422301,0,37,22,15,23,0,0
422401,0,32,19,13,28,0,0
422501,0,28,10,18,32,0,0
422601,0,38,14,24,22,0,0
422701,0,38,10,28,22,0,0
422801,0,40,10,30,20,0,0
422901,0,40,8,32,20,0,1
423001,0,43,11,32,17,0,0
423101,0,37,11,26,23,0,1
423201,0,39,15,24,21,0,0
423301,0,42,16,26,18,0,0
423401,0,41,17,24,19,0,0
423501,0,39,19,20,21,0,0
423601,0,42,21,21,18,0,1
423701,0,38,17,21,22,0,0
423801,0,41,17,24,19,0,0
423901,0,41,16,25,19,0,0
424001,0,38,16,22,22,0,0
424101,0,40,17,23,20,0,0
424201,0,37,14,23,23,0,1
424301,0,41,15,26,19,0,1
424401,0,36,13,23,24,0,1
424501,0,39,15,24,21,0,0
424601,0,35,12,23,25,0,0
424701,0,39,12,27,21,0,0
424801,0,40,15,25,20,0,0
424901,0,43,16,27,17,0,0
425001,0,40,16,24,20,0,0
425101,0,32,15,17,28,0,0
425201,0,36,16,20,24,0,0
425301,0,38,16,22,22,0,1
425401,0,34,16,18,26,0,0
425501,0,38,21,17,22,0,0
425601,0,42,24,18,18,0,0
425701,0,41,19,22,19,1,0
425801,0,41,20,21,19,0,0
425901,0,40,16,24,20,0,0
426001,0,38,10,28,22,0,0
426101,0,38,6,32,22,0,0
426201,0,38,6,32,22,0,0
426301,0,46,6,40,14,0,0
426401,0,47,5,42,13,0,0
426501,0,51,5,46,9,0,0
426601,0,49,5,44,11,0,0
426701,0,49,6,43,11,0,1
426801,0,50,6,44,10,0,0
426901,0,46,7,39,14,0,0
427001,0,48,7,41,12,0,0
427101,0,47,4,43,13,1,0
427201,0,43,2,41,17,0,0
427301,0,45,2,43,15,0,0
427401,0,47,2,45,13,0,0
427501,0,47,2,45,13,0,0
427601,0,46,3,43,14,0,0
427701,0,48,3,45,12,0,0
427801,0,41,4,37,19,0,1
427901,0,39,4,35,21,0,0
428001,0,46,7,39,14,0,0
428101,0,38,7,31,22,0,1
428201,0,40,11,29,20,0,0
428301,0,41,7,34,19,0,0
428401,0,44,10,34,16,0,0
428501,0,42,5,37,18,0,0
428601,0,46,4,42,14,0,0
428701,0,45,2,43,15,0,0
428801,0,45,2,43,15,0,0
428901,0,43,1,42,17,0,0
429001,0,48,1,47,12,0,0
429101,0,47,1,46,13,0,0
429201,0,48,2,46,12,0,0
429301,0,49,2,47,11,0,0
429401,0,49,2,47,11,0,0
429501,0,52,2,50,8,0,0
429601,0,50,2,48,10,0,0
429701,0,49,1,48,11,0,0
429801,0,50,2,48,10,0,0
429901,0,50,1,49,10,0,0
430001,0,49,2,47,11,0,0
430101,0,46,3,43,14,0,1
430201,0,41,3,38,19,0,0
430301,0,45,4,41,15,0,0
430401,0,47,3,44,13,0,0
430501,0,45,3,42,15,1,0
430601,0,45,3,42,15,0,0
430701,0,48,4,44,12,0,0
430801,0,45,2,43,15,0,0
430901,0,45,4,41,15,0,0
431001,0,47,5,42,13,0,0
431101,0,45,5,40,15,0,0
431201,0,42,8,34,18,0,1
431301,0,39,11,28,21,0,1
431401,0,42,14,28,18,0,0
431501,0,38,13,25,22,1,0
431601,0,41,11,30,19,0,0
431701,0,47,13,34,13,0,1
431801,0,44,16,28,16,0,0
431901,0,42,16,26,18,0,0
432001,0,39,17,22,21,0,0
432101,0,38,17,21,22,0,0
432201,0,32,18,14,28,0,1
432301,0,32,19,13,28,0,1
432401,0,36,26,10,24,0,1
432501,0,39,27,12,21,0,0
432601,0,41,30,11,19,0,0
432701,0,45,33,12,15,1,0
432801,0,42,33,9,18,0,1
432901,0,47,38,9,13,0,0
433001,0,45,38,7,15,0,0
433101,0,44,38,6,16,0,0
433201,0,42,39,3,18,0,0
433301,0,48,45,3,12,0,0
433401,0,45,44,1,15,0,0
433501,0,47,45,2,13,0,1
433601,0,47,45,2,13,0,0
433701,0,48,47,1,12,0,0
433801,0,51,51,0,9,0,0
433901,0,51,51,0,9,0,0
434001,0,49,48,1,11,0,1
434101,0,49,49,0,11,0,1
434201,0,52,51,1,8,0,0
434301,0,52,51,1,8,0,0
434401,0,55,54,1,5,0,0
434501,0,56,56,0,4,0,0
434601,0,52,52,0,8,1,0
434701,0,51,51,0,9,0,0
434801,0,52,52,0,8,0,0
434901,0,52,52,0,8,0,0
435001,0,48,46,2,12,0,1
435101,0,44,41,3,16,0,0
435201,0,44,41,3,16,0,0
435301,0,45,43,2,15,0,0
435401,0,46,44,2,14,0,0
435501,0,44,42,2,16,0,0
435601,0,43,39,4,17,0,0
435701,0,45,41,4,15,0,0
435801,0,46,41,5,14,0,1
435901,0,46,40,6,14,0,0
436001,0,46,40,6,14,0,0
436101,0,41,32,9,19,0,0
436201,0,35,27,8,25,0,0
436301,0,39,26,13,21,0,0
436401,0,36,24,12,24,0,0
436501,0,36,26,10,24,0,0
436601,0,36,27,9,24,0,0
436701,0,38,23,15,22,0,1
436801,0,32,22,10,28,0,0
436901,0,32,21,11,28,0,0
437001,0,34,19,15,26,0,0
437101,0,39,20,19,21,0,1
437201,0,32,15,17,28,0,0
437301,0,40,17,23,20,0,0
437401,0,42,16,26,18,0,1
437501,0,37,9,28,23,0,0
437601,0,36,4,32,24,0,0
437701,0,40,3,37,20,0,0
437801,0,43,3,40,17,0,0
437901,0,48,3,45,12,0,1
438001,0,46,2,44,14,0,0
438101,0,43,2,41,17,0,1
438201,0,48,3,45,12,0,0
438301,0,48,3,45,12,0,0
438401,0,47,3,44,13,0,0
438501,0,45,2,43,15,0,0
438601,0,46,2,44,14,0,0
438701,0,44,2,42,16,0,0
438801,0,44,3,41,16,0,0
438901,0,45,3,42,15,0,1
439001,0,44,4,40,16,0,0
439101,0,48,4,44,12,0,0
439201,0,45,8,37,15,0,0
439301,0,46,8,38,14,0,0
439401,0,42,6,36,18,0,0
439501,0,43,8,35,17,0,0
439601,0,41,8,33,19,0,0
439701,0,40,6,34,20,0,0
439801,0,39,7,32,21,0,0
439901,0,33,6,27,27,0,0
440001,0,31,5,26,29,0,1
440101,0,32,7,25,28,0,0
440201,0,35,11,24,25,0,0
440301,0,31,12,19,29,0,0
440401,0,32,16,16,28,0,0
440501,0,36,21,15,24,0,1
440601,0,39,23,16,21,0,1
440701,0,32,19,13,28,0,0
440801,0,41,25,16,19,0,0
440901,0,37,26,11,23,0,0
441001,0,44,33,11,16,0,0
441101,0,39,30,9,21,0,0
441201,0,30,22,8,30,0,1
441301,0,39,27,12,21,0,1
441401,0,38,31,7,22,0,0
441501,0,35,30,5,25,0,1
441601,0,40,33,7,20,0,0
441701,0,42,36,6,18,0,0
441801,0,43,33,10,17,0,0
441901,0,38,30,8,22,0,0
442001,0,37,29,8,23,0,0
442101,0,41,33,8,19,0,0
442201,0,38,34,4,22,0,0
442301,0,44,38,6,16,0,0
442401,0,42,38,4,18,0,1
442501,0,41,34,7,19,0,0
442601,0,44,35,9,16,0,1
442701,0,43,36,7,17,0,0
442801,0,45,31,14,15,0,1
442901,0,44,34,10,16,0,1
443001,0,47,37,10,13,0,0
443101,0,46,34,12,14,0,0
443201,0,38,29,9,22,0,0
443301,0,39,29,10,21,0,0
443401,0,40,30,10,20,0,0
443501,0,35,30,5,25,0,1
443601,0,41,32,9,19,0,0
443701,0,39,28,11,21,1,0
443801,0,43,29,14,17,0,0
443901,0,40,30,10,20,0,0
444001,0,41,31,10,19,0,0
444101,0,42,33,9,18,0,0
444201,0,41,27,14,19,0,0
444301,0,40,26,14,20,0,0
444401,0,38,23,15,22,0,0
444501,0,38,23,15,22,0,0
444601,0,36,22,14,24,0,0
444701,0,39,24,15,21,0,0
444801,0,36,19,17,24,1,0
444901,0,37,21,16,23,0,0
445001,0,41,24,17,19,0,0
445101,0,43,21,22,17,0,0
445201,0,40,18,22,20,0,0
445301,0,35,15,20,25,0,0
445401,0,34,14,20,26,0,0
445501,0,41,16,25,19,0,0
445601,0,43,12,31,17,0,0
445701,0,53,10,43,7,0,0
445801,0,43,3,40,17,0,0
445901,0,44,2,42,16,0,0
446001,0,48,3,45,12,0,0
446101,0,46,3,43,14,0,1
446201,0,44,2,42,16,0,0
446301,0,40,3,37,20,0,0
446401,0,44,2,42,16,0,0
446501,0,48,1,47,12,0,0
446601,0,51,1,50,9,0,0
446701,0,50,1,49,10,0,0
446801,0,47,0,47,13,0,0
446901,0,50,0,50,10,0,0
447001,0,53,0,53,7,0,0
447101,0,52,0,52,8,0,1
447201,0,49,0,49,11,0,0
447301,0,50,0,50,10,0,0
447401,0,50,1,49,10,1,0
447501,0,48,0,48,12,0,0
447601,0,46,0,46,14,0,0
447701,0,48,0,48,12,0,0
447801,0,47,1,46,13,0,0
447901,0,47,1,46,13,0,0
448001,0,49,1,48,11,0,0
448101,0,48,1,47,12,0,0
448201,0,50,1,49,10,0,0
448301,0,50,1,49,10,0,0
448401,0,49,1,48,11,0,0
448501,0,49,1,48,11,0,0
448601,0,51,1,50,9,0,0
448701,0,51,1,50,9,0,0
448801,0,53,1,52,7,0,0
448901,0,48,1,47,12,0,0
449001,0,47,1,46,13,0,1
449101,0,45,1,44,15,0,0
449201,0,43,2,41,17,0,0
449301,0,49,2,47,11,0,0
449401,0,48,3,45,12,0,0
449501,0,44,4,40,16,0,0
449601,0,41,3,38,19,0,1
449701,0,37,3,34,23,0,1
449801,0,44,3,41,16,0,0
449901,0,46,3,43,14,0,0
450001,0,50,4,46,10,0,1
450101,0,48,5,43,12,0,0
450201,0,47,4,43,13,0,0
450301,0,46,2,44,14,0,0
450401,0,43,2,41,17,0,0
450501,0,42,2,40,18,0,0
450601,0,43,1,42,17,0,0
450701,0,42,0,42,18,0,0
450801,0,48,2,46,12,0,0
450901,0,49,4,45,11,0,0
451001,0,45,3,42,15,0,0
451101,0,42,2,40,18,0,0
451201,0,38,4,34,22,0,0
451301,0,42,2,40,18,0,1
451401,0,41,1,40,19,0,0
451501,0,43,0,43,17,0,0
451601,0,43,0,43,17,0,0
451701,0,43,1,42,17,0,0
451801,0,45,1,44,15,0,0
451901,0,47,1,46,13,0,0
452001,0,44,1,43,16,0,0
452101,0,44,2,42,16,0,0
452201,0,44,2,42,16,0,0
452301,0,46,2,44,14,0,0
452401,0,44,2,42,16,0,0
452501,0,42,1,41,18,0,1
452601,0,43,1,42,17,0,0
452701,0,46,1,45,14,0,0
452801,0,45,1,44,15,0,1
452901,0,42,1,41,18,0,0
453001,0,45,1,44,15,0,0
453101,0,47,3,44,13,0,1
453201,0,47,2,45,13,0,0
453301,0,48,1,47,12,0,0
453401,0,49,1,48,11,0,0
453501,0,52,1,51,8,0,0
453601,0,50,1,49,10,0,0
453701,0,47,0,47,13,0,0
453801,0,44,0,44,16,0,0
453901,0,44,0,44,16,0,0
454001,0,48,0,48,12,0,0
454101,0,47,0,47,13,0,0
454201,0,49,0,49,11,0,0
454301,0,49,0,49,11,0,0
454401,0,54,1,53,6,0,0
454501,0,49,1,48,11,0,0
454601,0,46,1,45,14,0,0
454701,0,49,0,49,11,0,0
454801,0,48,0,48,12,0,0
454901,0,46,1,45,14,0,0
455001,0,47,1,46,13,0,0
455101,0,45,1,44,15,0,0
455201,0,43,1,42,17,0,0
455301,0,48,1,47,12,0,0
455401,0,46,1,45,14,0,0
455501,0,46,1,45,14,0,0
455601,0,50,1,49,10,0,0
455701,0,52,1,51,8,0,0
455801,0,52,1,51,8,0,0
455901,0,51,1,50,9,0,0
456001,0,51,0,51,9,0,0
456101,0,50,2,48,10,0,0
456201,0,50,2,48,10,0,0
456301,0,53,2,51,7,0,0
456401,0,51,3,48,9,0,0
456501,0,46,4,42,14,0,0
456601,0,45,3,42,15,0,0
456701,0,45,4,41,15,0,0
456801,0,41,3,38,19,0,0
456901,0,45,6,39,15,0,0
457001,0,43,6,37,17,0,0
457101,0,42,4,38,18,0,0
457201,0,43,8,35,17,0,0
457301,0,41,8,33,19,0,0
457401,0,41,10,31,19,0,1
457501,0,42,11,31,18,0,0
457601,0,38,11,27,22,0,0
457701,0,31,12,19,29,0,0
457801,0,39,17,22,21,0,0
457901,0,34,20,14,26,0,0
458001,0,32,24,8,28,0,0
458101,0,38,32,6,22,0,0
458201,0,40,33,7,20,0,0
458301,0,36,29,7,24,0,1
458401,0,41,33,8,19,0,1
458501,0,43,39,4,17,0,0
458601,0,49,45,4,11,0,0
458701,0,51,48,3,9,0,0
458801,0,50,49,1,10,0,0
458901,0,50,48,2,10,1,0
459001,0,45,43,2,15,0,0
459101,0,47,45,2,13,0,0
459201,0,48,48,0,12,0,0
459301,0,49,49,0,11,0,0
459401,0,52,52,0,8,0,0
459501,0,55,55,0,5,0,0
459601,0,55,55,0,5,0,0
459701,0,53,53,0,7,0,0
459801,0,51,51,0,9,0,0
459901,0,50,50,0,10,0,0
460001,0,48,48,0,12,0,0
460101,0,49,48,1,11,0,0
460201,0,51,48,3,9,0,0
460301,0,44,41,3,16,0,0
460401,0,46,41,5,14,0,0
460501,0,39,34,5,21,0,1
460601,0,38,30,8,22,0,0
460701,0,44,35,9,16,0,0
460801,0,41,31,10,19,0,0
460901,0,41,33,8,19,0,1
461001,0,40,33,7,20,1,0
461101,0,42,28,14,18,0,0
461201,0,39,26,13,21,0,0
461301,0,36,29,7,24,0,1
461401,0,41,35,6,19,0,0
461501,0,46,40,6,14,0,0
461601,0,47,43,4,13,0,0
461701,0,52,48,4,8,0,0
461801,0,51,48,3,9,0,0
461901,0,52,49,3,8,0,0
462001,0,53,50,3,7,0,0
462101,0,51,48,3,9,0,0
462201,0,47,46,1,13,0,0
462301,0,50,48,2,10,0,0
462401,0,48,47,1,12,0,0
462501,0,50,48,2,10,0,0
462601,0,48,47,1,12,0,1
462701,0,50,49,1,10,0,0
462801,0,50,49,1,10,0,0
462901,0,50,49,1,10,0,1
463001,0,46,45,1,14,0,0
463101,0,49,47,2,11,0,0
463201,0,50,48,2,10,0,0
463301,0,50,50,0,10,0,0
463401,0,50,50,0,10,0,0
463501,0,52,52,0,8,0,0
463601,0,52,52,0,8,0,0
463701,0,53,53,0,7,0,0
463801,0,55,55,0,5,0,0
463901,0,52,52,0,8,0,0
464001,0,49,49,0,11,0,0
464101,0,50,50,0,10,0,0
464201,0,51,51,0,9,0,0
464301,0,55,55,0,5,0,0
464401,0,55,55,0,5,0,0
464501,0,52,51,1,8,0,0
464601,0,52,51,1,8,0,0
464701,0,53,53,0,7,0,0
464801,0,55,55,0,5,0,1
464901,0,56,55,1,4,0,0
465001,0,54,54,0,6,0,0
465101,0,53,53,0,7,0,0
465201,0,55,55,0,5,0,0
465301,0,52,52,0,8,0,0
465401,0,52,52,0,8,0,0
465501,0,53,52,1,7,0,0
465601,0,56,55,1,4,0,0
465701,0,53,51,2,7,0,0
465801,0,54,52,2,6,0,0
465901,0,46,45,1,14,0,0
466001,0,44,43,1,16,0,0
466101,0,44,43,1,16,0,0
466201,0,41,40,1,19,1,0
466301,0,41,40,1,19,0,0
466401,0,42,41,1,18,0,0
466501,0,42,42,0,18,0,0
466601,0,42,42,0,18,0,1
466701,0,43,42,1,17,0,0
466801,0,50,47,3,10,0,0
466901,0,49,46,3,11,0,0
467001,0,48,44,4,12,0,0
467101,0,48,45,3,12,0,0
467201,0,50,47,3,10,0,0
467301,0,50,47,3,10,0,0
467401,0,48,45,3,12,0,0
467501,0,48,45,3,12,0,0
467601,0,48,43,5,12,0,0
467701,0,47,41,6,13,0,1
467801,0,41,34,7,19,0,0
467901,0,46,40,6,14,0,0
468001,0,49,44,5,11,0,0
468101,0,48,43,5,12,0,0
468201,0,45,43,2,15,0,0
468301,0,51,49,2,9,0,0
468401,0,48,46,2,12,1,0
468501,0,51,50,1,9,0,0
468601,0,48,46,2,12,1,0
468701,0,47,46,1,13,0,0
468801,0,49,48,1,11,0,0
468901,0,46,44,2,14,0,0
469001,0,43,42,1,17,0,0
469101,0,46,46,0,14,0,0
469201,0,46,46,0,14,0,0
469301,0,47,47,0,13,0,0
469401,0,45,45,0,15,0,0
469501,0,50,48,2,10,0,0
469601,0,46,43,3,14,0,0
469701,0,46,44,2,14,0,0
469801,0,45,44,1,15,0,0
469901,0,45,44,1,15,0,1
470001,0,45,44,1,15,0,0
470101,0,49,48,1,11,0,1
470201,0,50,50,0,10,0,0
470301,0,45,45,0,15,0,0
470401,0,46,46,0,14,0,0
470501,0,45,45,0,15,1,0
470601,0,46,46,0,14,0,0
470701,0,46,45,1,14,0,0
470801,0,41,40,1,19,0,0
470901,0,41,41,0,19,0,0
471001,0,43,42,1,17,0,0
471101,0,48,46,2,12,0,1
471201,0,49,47,2,11,0,1
471301,0,46,45,1,14,0,0
471401,0,49,49,0,11,0,1
471501,0,51,51,0,9,0,0
471601,0,53,53,0,7,0,0
471701,0,53,53,0,7,0,0
471801,0,54,54,0,6,0,0
471901,0,53,53,0,7,1,0
472001,0,54,54,0,6,0,0
472101,0,53,53,0,7,0,1
472201,0,54,54,0,6,0,0
472301,0,53,53,0,7,0,0
472401,0,51,51,0,9,0,0
472501,0,53,53,0,7,0,0
472601,0,50,50,0,10,0,0
472701,0,51,51,0,9,0,0
472801,0,46,46,0,14,0,0
472901,0,52,52,0,8,0,0
473001,0,51,50,1,9,0,0
473101,0,49,48,1,11,0,0
473201,0,53,51,2,7,0,0
473301,0,52,51,1,8,0,1
473401,0,51,51,0,9,0,0
473501,0,51,51,0,9,0,0
473601,0,52,51,1,8,0,0
473701,0,50,49,1,10,0,0
473801,0,50,49,1,10,0,0
473901,0,50,49,1,10,0,0
474001,0,51,51,0,9,0,0
474101,0,53,53,0,7,1,0
474201,0,52,52,0,8,0,0
474301,0,54,54,0,6,0,0
474401,0,55,54,1,5,0,0
474501,0,54,53,1,6,0,0
474601,0,50,49,1,10,0,0
474701,0,52,50,2,8,0,0
474801,0,51,50,1,9,0,0
474901,0,51,50,1,9,0,0
475001,0,52,51,1,8,0,0
475101,0,54,53,1,6,0,0
475201,0,54,53,1,6,0,0
475301,0,52,51,1,8,0,0
475401,0,50,49,1,10,0,0
475501,0,53,53,0,7,0,0
475601,0,55,55,0,5,0,0
475701,0,54,54,0,6,0,0
475801,0,53,53,0,7,0,0
475901,0,55,55,0,5,0,0
476001,0,53,53,0,7,0,0
476101,0,51,50,1,9,0,0
476201,0,52,51,1,8,0,1
476301,0,51,50,1,9,0,0
476401,0,55,52,3,5,0,0
476501,0,47,46,1,13,0,1
476601,0,50,49,1,10,0,0
476701,0,51,49,2,9,0,0
476801,0,51,49,2,9,0,0
476901,0,48,47,1,12,0,0
477001,0,47,47,0,13,0,0
477101,0,48,48,0,12,0,0
477201,0,49,47,2,11,0,0
477301,0,49,46,3,11,0,0
477401,0,47,44,3,13,0,0
477501,0,42,39,3,18,0,0
477601,0,46,43,3,14,0,0
477701,0,41,37,4,19,0,0
477801,0,41,38,3,19,0,0
477901,0,41,38,3,19,0,0
478001,0,45,39,6,15,0,0
478101,0,40,33,7,20,0,0
478201,0,37,33,4,23,0,0
478301,0,34,32,2,26,0,0
478401,0,38,36,2,22,0,0
478501,0,42,39,3,18,0,0
478601,0,44,41,3,16,0,0
478701,0,45,43,2,15,0,0
478801,0,46,43,3,14,0,0
478901,0,44,41,3,16,0,0
479001,0,40,37,3,20,0,0
479101,0,37,32,5,23,0,0
479201,0,37,29,8,23,0,0
479301,0,41,29,12,19,0,0
479401,0,38,21,17,22,1,0
479501,0,38,18,20,22,0,0
479601,0,43,15,28,17,0,0
479701,0,38,9,29,22,0,0
479801,0,37,8,29,23,1,0
479901,0,36,9,27,24,0,1
480001,0,34,10,24,26,0,0
480101,0,36,9,27,24,0,1
480201,0,38,11,27,22,1,0
480301,0,42,10,32,18,0,1
480401,0,44,14,30,16,0,0
480501,0,31,13,18,29,0,0
480601,0,35,17,18,25,0,1
480701,0,32,18,14,28,0,0
480801,0,41,26,15,19,0,0
480901,0,47,33,14,13,0,0
481001,0,42,30,12,18,0,0
481101,0,42,30,12,18,0,0
481201,0,42,28,14,18,0,0
481301,0,40,27,13,20,0,1
481401,0,37,23,14,23,0,0
481501,0,39,21,18,21,0,0
481601,0,32,16,16,28,0,0
481701,0,36,21,15,24,0,0
481801,0,40,25,15,20,0,0
481901,0,37,20,17,23,0,1
482001,0,42,24,18,18,0,0
482101,0,35,18,17,25,0,1
482201,0,33,19,14,27,0,0
482301,0,27,15,12,33,1,0
482401,0,25,13,12,35,0,1
482501,0,31,14,17,29,0,0
482601,0,37,19,18,23,0,0
482701,0,34,18,16,26,0,0
482801,0,34,17,17,26,0,0
482901,0,34,16,18,26,0,0
483001,0,36,15,21,24,0,0
483101,0,45,18,27,15,0,0
483201,0,40,13,27,20,0,1
483301,0,40,12,28,20,0,0
483401,0,42,10,32,18,0,1
483501,0,42,8,34,18,0,0
483601,0,50,10,40,10,0,0
483701,0,42,8,34,18,0,0
483801,0,43,9,34,17,0,0
483901,0,40,8,32,20,0,0
484001,0,33,6,27,27,0,1
484101,0,33,4,29,27,0,0
484201,0,44,6,38,16,0,1
484301,0,44,3,41,16,0,0
484401,0,43,4,39,17,0,0
484501,0,39,5,34,21,1,0
484601,0,41,7,34,19,0,0
484701,0,38,9,29,22,0,0
484801,0,36,9,27,24,0,0
484901,0,38,8,30,22,0,1
485001,0,43,7,36,17,0,0
485101,0,41,4,37,19,0,0
485201,0,42,5,37,18,0,0
485301,0,42,1,41,18,0,0
485401,0,48,0,48,12,0,0
485501,0,47,0,47,13,0,0
485601,0,47,1,46,13,0,0
485701,0,48,1,47,12,0,0
485801,0,54,1,53,6,0,0
485901,0,51,1,50,9,0,1
486001,0,55,1,54,5,0,0
486101,0,51,1,50,9,0,0
486201,0,47,2,45,13,0,0
486301,0,51,2,49,9,0,1
486401,0,53,2,51,7,0,0
486501,0,52,1,51,8,0,0
486601,0,49,2,47,11,0,1
486701,0,47,3,44,13,0,0
486801,0,49,4,45,11,0,0
486901,0,46,4,42,14,0,0
487001,0,45,3,42,15,0,0
487101,0,47,1,46,13,0,0
487201,0,48,1,47,12,0,0
487301,0,49,0,49,11,0,0
487401,0,51,1,50,9,0,0
487501,0,46,0,46,14,0,0
487601,0,50,0,50,10,0,0
487701,0,47,0,47,13,0,0
487801,0,52,1,51,8,0,0
487901,0,53,1,52,7,0,0
488001,0,49,1,48,11,0,0
488101,0,45,1,44,15,0,0
488201,0,46,1,45,14,0,0
488301,0,46,1,45,14,0,0
488401,0,43,0,43,17,0,0
488501,0,43,0,43,17,0,0
488601,0,46,0,46,14,0,0
488701,0,48,1,47,12,0,0
488801,0,47,0,47,13,0,0
488901,0,47,0,47,13,0,0
489001,0,47,0,47,13,0,0
489101,0,46,2,44,14,0,0
489201,0,45,2,43,15,0,0
489301,0,44,2,42,16,0,0
489401,0,40,0,40,20,0,0
489501,0,44,2,42,16,0,0
489601,0,46,2,44,14,0,0
489701,0,43,1,42,17,0,1
489801,0,48,4,44,12,0,0
489901,0,49,4,45,11,0,0
490001,0,48,3,45,12,0,0
490101,0,43,3,40,17,0,0
490201,0,40,1,39,20,0,0
490301,0,37,2,35,23,0,0
490401,0,38,5,33,22,0,0
490501,0,39,7,32,21,0,0
490601,0,36,8,28,24,0,0
490701,0,36,9,27,24,0,0
490801,0,37,12,25,23,1,0
490901,0,40,13,27,20,0,0
491001,0,40,15,25,20,0,0
491101,0,42,17,25,18,1,0
491201,0,43,22,21,17,0,0
491301,0,43,25,18,17,0,0
491401,0,38,25,13,22,0,0
491501,0,39,27,12,21,0,0
491601,0,40,28,12,20,0,1
491701,0,41,31,10,19,0,0
491801,0,40,35,5,20,0,0
491901,0,44,39,5,16,0,0
492001,0,48,43,5,12,0,1
492101,0,44,40,4,16,0,0
492201,0,47,46,1,13,1,0
492301,0,50,49,1,10,0,0
492401,0,48,46,2,12,0,0
492501,0,51,50,1,9,0,1
492601,0,51,50,1,9,0,0
492701,0,49,48,1,11,0,0
492801,0,51,50,1,9,0,0
492901,0,51,51,0,9,0,0
493001,0,49,48,1,11,0,0
493101,0,48,48,0,12,0,0
493201,0,51,51,0,9,0,0
493301,0,51,51,0,9,0,0
493401,0,52,52,0,8,0,0
493501,0,52,52,0,8,0,0
493601,0,55,55,0,5,0,0
493701,0,55,55,0,5,0,0
493801,0,52,52,0,8,0,0
493901,0,55,55,0,5,0,0
494001,0,54,54,0,6,0,0
494101,0,54,54,0,6,0,0
494201,0,54,53,1,6,1,0
494301,0,52,51,1,8,0,0
494401,0,53,53,0,7,0,0
494501,0,52,51,1,8,0,0
494601,0,49,48,1,11,0,0
494701,0,51,49,2,9,0,0
494801,0,45,42,3,15,0,0
494901,0,42,38,4,18,1,0
495001,0,45,43,2,15,0,0
495101,0,45,44,1,15,0,0
495201,0,44,43,1,16,0,0
495301,0,47,46,1,13,0,0
495401,0,49,48,1,11,1,0
495501,0,49,48,1,11,0,0
495601,0,46,46,0,14,0,0
495701,0,48,48,0,12,0,0
495801,0,48,48,0,12,0,0
495901,0,50,50,0,10,0,0
496001,0,51,51,0,9,0,0
496101,0,51,51,0,9,0,0
496201,0,52,52,0,8,0,0
496301,0,51,51,0,9,0,0
496401,0,50,50,0,10,0,0
496501,0,50,50,0,10,0,0
496601,0,48,48,0,12,0,0
496701,0,47,46,1,13,0,0
496801,0,49,48,1,11,0,0
496901,0,50,49,1,10,0,0
497001,0,48,47,1,12,0,0
497101,0,49,48,1,11,0,0
497201,0,46,45,1,14,0,0
497301,0,49,46,3,11,0,0
497401,0,47,42,5,13,0,1
497501,0,44,40,4,16,0,0
497601,0,44,40,4,16,0,0
497701,0,41,34,7,19,0,0
497801,0,39,33,6,21,1,0
497901,0,41,32,9,19,0,0
498001,0,41,34,7,19,0,0
498101,0,37,28,9,23,0,1
498201,0,39,27,12,21,0,0
498301,0,39,29,10,21,0,0
498401,0,38,27,11,22,0,0
498501,0,38,24,14,22,0,1
498601,0,36,19,17,24,0,0
498701,0,34,16,18,26,0,0
498801,0,34,14,20,26,0,0
498901,0,35,19,16,25,0,0
499001,0,36,19,17,24,0,0
499101,0,38,20,18,22,0,0
499201,0,37,22,15,23,1,0
499301,0,35,21,14,25,0,0
499401,0,34,21,13,26,0,0
499501,0,32,23,9,28,0,0
499601,0,33,22,11,27,0,0
499701,0,35,19,16,25,0,0
499801,0,33,18,15,27,0,0
499901,0,35,13,22,25,0,1
