Time Steps,Polymerase Count,Active Histone Count,Acetylated Histone Count,Methylated Histone Count,Unmodified Histone Count,Noisy Changes Count,Enzyme Changes Count,Chromatine Array
1,1,104,1,103,94,0,0,"['M' 'M' 'U' 'M' 'U' 'U' 'U' 'M' 'M' 'U' 'A' 'U' 'U' 'M' 'M' 'U' 'U' 'M'
 'U' 'U' 'M' 'M' 'U' 'M' 'U' 'M' 'U' 'U' 'M' 'U' 'U' 'U' 'U' 'U' 'M' 'U'
 'U' 'M' 'U' 'M' 'M' 'U' 'U' 'M' 'M' 'U' 'U' 'M' 'M' 'M' 'M' 'U' 'M' 'M'
 'M' 'U' 'U' 'M' 'M' 'M' 'U' 'M' 'U' 'M' 'M' 'M' 'M' 'U' 'M' 'M' 'M' 'M'
 'M' 'U' 'M' 'M' 'M' 'U' 'M' 'U' 'U' 'M' 'U' 'M' 'U' 'M' 'M' 'U' 'M' 'M'
 'U' 'M' 'M' 'M' 'M' 'U' 'U' 'U' 'U' 'M' 'U' 'U' 'M' 'M' 'U' 'M' 'M' 'M'
 'M' 'U' 'M' 'U' 'M' 'U' 'U' 'U' 'M' 'U' 'M' 'U' 'M' 'M' 'U' 'M' 'U' 'U'
 'U' 'U' 'M' 'M' 'M' 'M' 'U' 'M' 'M' 'U' 'M' 'U' 'U' 'U' 'U' 'U' 'U' 'U'
 'M' 'M' 'U' 'U' 'U' 'M' 'U' 'M' 'M' 'M' 'M' 'M' 'U' 'M' 'U' 'U' 'M' 'U'
 'U' 'U' 'U' 'M' 'M' 'U' 'U' 'M' 'U' 'U' 'U' 'M' 'M' 'U' 'U' 'M' 'M' 'M'
 'M' 'M' 'M' 'M' 'U' 'U' 'M' 'U' 'M' 'U' 'M' 'U' 'M' 'U' 'M' 'U' 'M' 'M']"
101,2,135,51,84,63,0,0,"['M' 'M' 'U' 'M' 'U' 'M' 'U' 'M' 'M' 'U' 'A' 'A' 'A' 'A' 'A' 'A' 'A' 'A'
 'A' 'A' 'A' 'A' 'A' 'A' 'A' 'A' 'U' 'A' 'U' 'A' 'A' 'A' 'A' 'A' 'A' 'A'
 'A' 'U' 'A' 'A' 'U' 'A' 'A' 'U' 'M' 'A' 'A' 'U' 'A' 'U' 'U' 'U' 'A' 'A'
 'A' 'A' 'A' 'A' 'A' 'A' 'A' 'A' 'U' 'A' 'A' 'M' 'U' 'M' 'M' 'M' 'M' 'M'
 'M' 'M' 'U' 'M' 'U' 'M' 'M' 'M' 'M' 'M' 'U' 'M' 'M' 'U' 'M' 'M' 'U' 'M'
 'M' 'M' 'U' 'U' 'U' 'A' 'U' 'U' 'M' 'M' 'U' 'U' 'M' 'M' 'M' 'M' 'M' 'U'
 'M' 'U' 'M' 'U' 'M' 'U' 'U' 'M' 'M' 'U' 'M' 'U' 'M' 'M' 'U' 'M' 'U' 'U'
 'U' 'U' 'M' 'M' 'M' 'M' 'U' 'M' 'M' 'U' 'M' 'U' 'U' 'M' 'U' 'U' 'A' 'U'
 'M' 'M' 'A' 'M' 'U' 'M' 'A' 'M' 'M' 'M' 'M' 'M' 'U' 'M' 'U' 'U' 'M' 'U'
 'A' 'A' 'U' 'M' 'M' 'U' 'U' 'M' 'U' 'U' 'U' 'U' 'M' 'U' 'U' 'M' 'M' 'M'
 'M' 'M' 'M' 'M' 'M' 'U' 'M' 'M' 'M' 'A' 'M' 'M' 'M' 'U' 'M' 'U' 'M' 'M']"
201,2,138,67,71,60,0,1,"['M' 'M' 'U' 'M' 'U' 'M' 'U' 'M' 'M' 'U' 'U' 'A' 'A' 'A' 'A' 'U' 'A' 'A'
 'A' 'A' 'A' 'A' 'U' 'U' 'A' 'A' 'A' 'A' 'U' 'U' 'U' 'A' 'A' 'A' 'A' 'A'
 'A' 'A' 'A' 'A' 'A' 'A' 'A' 'A' 'A' 'A' 'U' 'A' 'A' 'A' 'A' 'A' 'A' 'A'
 'A' 'A' 'U' 'A' 'A' 'A' 'A' 'A' 'A' 'A' 'A' 'M' 'M' 'U' 'M' 'M' 'U' 'U'
 'M' 'U' 'M' 'M' 'M' 'M' 'M' 'U' 'M' 'M' 'M' 'U' 'U' 'U' 'M' 'M' 'M' 'M'
 'M' 'M' 'U' 'M' 'M' 'A' 'A' 'A' 'A' 'A' 'A' 'A' 'A' 'A' 'U' 'A' 'U' 'A'
 'A' 'A' 'A' 'U' 'M' 'U' 'U' 'M' 'M' 'U' 'M' 'U' 'M' 'M' 'U' 'M' 'U' 'U'
 'U' 'U' 'M' 'M' 'M' 'M' 'U' 'M' 'M' 'U' 'M' 'U' 'U' 'M' 'U' 'U' 'A' 'U'
 'M' 'U' 'U' 'M' 'A' 'M' 'A' 'M' 'M' 'U' 'M' 'M' 'U' 'U' 'U' 'M' 'M' 'U'
 'A' 'U' 'M' 'M' 'M' 'U' 'M' 'U' 'U' 'U' 'A' 'U' 'M' 'U' 'A' 'M' 'M' 'U'
 'M' 'M' 'M' 'M' 'M' 'U' 'M' 'M' 'M' 'A' 'M' 'U' 'M' 'U' 'M' 'U' 'M' 'M']"
301,2,152,98,54,46,0,1,"['M' 'M' 'U' 'M' 'U' 'M' 'A' 'M' 'M' 'A' 'A' 'A' 'A' 'A' 'A' 'A' 'A' 'A'
 'U' 'A' 'A' 'A' 'A' 'A' 'A' 'A' 'A' 'A' 'A' 'U' 'A' 'A' 'A' 'A' 'A' 'A'
 'A' 'A' 'A' 'A' 'A' 'A' 'A' 'A' 'A' 'A' 'U' 'A' 'A' 'U' 'A' 'A' 'A' 'A'
 'A' 'A' 'A' 'A' 'A' 'A' 'A' 'A' 'A' 'A' 'A' 'M' 'U' 'M' 'U' 'U' 'M' 'M'
 'U' 'U' 'U' 'U' 'M' 'M' 'M' 'U' 'M' 'M' 'M' 'M' 'M' 'U' 'M' 'M' 'M' 'M'
 'M' 'M' 'M' 'M' 'M' 'A' 'A' 'A' 'A' 'U' 'A' 'A' 'A' 'A' 'A' 'A' 'A' 'A'
 'A' 'A' 'A' 'A' 'A' 'A' 'A' 'A' 'A' 'A' 'A' 'A' 'A' 'A' 'A' 'A' 'A' 'A'
 'A' 'A' 'U' 'U' 'U' 'A' 'A' 'A' 'A' 'A' 'A' 'A' 'U' 'U' 'A' 'U' 'A' 'U'
 'M' 'U' 'U' 'M' 'A' 'M' 'U' 'M' 'M' 'A' 'M' 'U' 'U' 'U' 'U' 'M' 'M' 'U'
 'U' 'U' 'M' 'M' 'M' 'U' 'M' 'U' 'U' 'U' 'A' 'U' 'M' 'U' 'A' 'U' 'M' 'U'
 'M' 'M' 'U' 'M' 'M' 'U' 'M' 'M' 'M' 'U' 'M' 'U' 'M' 'M' 'M' 'U' 'M' 'M']"
401,2,149,97,52,49,0,0,"['M' 'M' 'U' 'U' 'U' 'M' 'A' 'M' 'M' 'A' 'A' 'A' 'A' 'A' 'A' 'A' 'A' 'A'
 'A' 'A' 'A' 'A' 'U' 'A' 'U' 'M' 'A' 'U' 'A' 'A' 'A' 'A' 'U' 'A' 'A' 'A'
 'A' 'A' 'A' 'A' 'A' 'A' 'U' 'A' 'A' 'A' 'A' 'A' 'A' 'A' 'A' 'M' 'A' 'A'
 'A' 'A' 'A' 'A' 'A' 'A' 'A' 'A' 'A' 'A' 'A' 'M' 'M' 'U' 'U' 'M' 'M' 'M'
 'M' 'M' 'M' 'U' 'U' 'M' 'M' 'U' 'M' 'U' 'M' 'U' 'M' 'M' 'M' 'M' 'M' 'M'
 'M' 'M' 'U' 'M' 'U' 'A' 'A' 'A' 'A' 'U' 'A' 'U' 'A' 'A' 'A' 'A' 'A' 'A'
 'A' 'A' 'A' 'A' 'U' 'A' 'A' 'A' 'A' 'A' 'A' 'U' 'A' 'A' 'A' 'A' 'A' 'U'
 'A' 'A' 'A' 'A' 'A' 'A' 'A' 'A' 'A' 'A' 'A' 'A' 'A' 'U' 'A' 'A' 'U' 'U'
 'M' 'U' 'U' 'M' 'A' 'M' 'U' 'M' 'M' 'A' 'M' 'U' 'U' 'M' 'U' 'M' 'M' 'A'
 'U' 'U' 'M' 'M' 'U' 'U' 'M' 'U' 'U' 'A' 'M' 'U' 'M' 'U' 'A' 'U' 'A' 'U'
 'M' 'M' 'U' 'U' 'M' 'U' 'M' 'M' 'U' 'U' 'M' 'U' 'U' 'M' 'M' 'U' 'M' 'M']"
501,3,145,96,49,53,0,1,"['M' 'U' 'A' 'U' 'U' 'M' 'A' 'M' 'M' 'A' 'U' 'A' 'A' 'A' 'A' 'A' 'A' 'A'
 'A' 'U' 'A' 'A' 'U' 'A' 'U' 'M' 'A' 'U' 'A' 'A' 'A' 'A' 'U' 'A' 'A' 'A'
 'A' 'A' 'M' 'U' 'A' 'A' 'A' 'A' 'A' 'A' 'A' 'A' 'A' 'A' 'A' 'M' 'U' 'A'
 'A' 'A' 'A' 'A' 'U' 'A' 'U' 'A' 'A' 'A' 'A' 'M' 'M' 'M' 'M' 'U' 'M' 'M'
 'M' 'M' 'U' 'M' 'U' 'M' 'M' 'U' 'U' 'M' 'M' 'U' 'M' 'M' 'M' 'U' 'U' 'M'
 'M' 'M' 'M' 'M' 'U' 'A' 'A' 'A' 'A' 'A' 'A' 'A' 'A' 'A' 'A' 'A' 'A' 'A'
 'A' 'A' 'U' 'U' 'A' 'A' 'A' 'A' 'A' 'A' 'A' 'A' 'A' 'A' 'A' 'A' 'A' 'A'
 'A' 'A' 'A' 'A' 'A' 'A' 'A' 'A' 'A' 'A' 'A' 'A' 'A' 'U' 'A' 'A' 'U' 'U'
 'M' 'U' 'M' 'U' 'U' 'M' 'U' 'M' 'M' 'A' 'M' 'U' 'U' 'M' 'U' 'M' 'U' 'A'
 'U' 'U' 'M' 'M' 'U' 'U' 'M' 'A' 'U' 'A' 'M' 'U' 'M' 'U' 'A' 'U' 'A' 'U'
 'M' 'M' 'U' 'U' 'M' 'U' 'M' 'M' 'U' 'U' 'A' 'U' 'U' 'M' 'M' 'U' 'U' 'M']"
601,2,145,97,48,53,0,1,"['M' 'U' 'U' 'U' 'U' 'M' 'A' 'M' 'U' 'A' 'U' 'A' 'A' 'A' 'A' 'U' 'A' 'A'
 'A' 'U' 'A' 'A' 'A' 'A' 'U' 'M' 'A' 'U' 'A' 'A' 'A' 'A' 'M' 'A' 'A' 'A'
 'A' 'U' 'U' 'U' 'A' 'A' 'A' 'A' 'A' 'A' 'A' 'U' 'A' 'A' 'A' 'U' 'M' 'A'
 'A' 'A' 'A' 'A' 'U' 'A' 'U' 'A' 'A' 'U' 'A' 'M' 'M' 'M' 'M' 'M' 'M' 'M'
 'M' 'M' 'M' 'U' 'M' 'M' 'M' 'M' 'M' 'U' 'U' 'M' 'U' 'U' 'U' 'U' 'M' 'M'
 'M' 'U' 'M' 'U' 'M' 'A' 'A' 'U' 'A' 'A' 'U' 'A' 'A' 'A' 'A' 'U' 'A' 'A'
 'A' 'U' 'U' 'U' 'M' 'A' 'A' 'A' 'A' 'A' 'A' 'A' 'A' 'A' 'A' 'A' 'A' 'A'
 'A' 'A' 'A' 'A' 'A' 'A' 'U' 'A' 'A' 'A' 'A' 'A' 'A' 'U' 'A' 'A' 'A' 'U'
 'M' 'A' 'M' 'U' 'U' 'M' 'A' 'U' 'M' 'A' 'M' 'U' 'U' 'M' 'A' 'M' 'U' 'A'
 'U' 'M' 'M' 'M' 'A' 'U' 'M' 'A' 'A' 'A' 'U' 'A' 'M' 'U' 'A' 'M' 'A' 'A'
 'M' 'M' 'U' 'U' 'U' 'U' 'M' 'M' 'A' 'A' 'U' 'A' 'U' 'M' 'M' 'U' 'A' 'M']"
701,2,145,94,51,53,0,0,"['M' 'A' 'U' 'U' 'U' 'M' 'A' 'M' 'M' 'A' 'U' 'A' 'A' 'A' 'A' 'U' 'A' 'A'
 'U' 'U' 'A' 'A' 'A' 'A' 'U' 'M' 'A' 'U' 'A' 'A' 'A' 'A' 'M' 'A' 'A' 'A'
 'U' 'M' 'A' 'M' 'A' 'U' 'A' 'A' 'A' 'A' 'A' 'U' 'M' 'A' 'A' 'U' 'M' 'A'
 'A' 'A' 'A' 'A' 'U' 'A' 'U' 'A' 'U' 'A' 'A' 'U' 'M' 'M' 'M' 'M' 'U' 'U'
 'M' 'U' 'M' 'U' 'M' 'M' 'M' 'U' 'M' 'M' 'M' 'M' 'M' 'U' 'M' 'M' 'M' 'U'
 'M' 'M' 'M' 'M' 'U' 'A' 'A' 'U' 'A' 'A' 'U' 'A' 'A' 'A' 'A' 'U' 'A' 'A'
 'A' 'M' 'U' 'A' 'M' 'A' 'U' 'A' 'A' 'A' 'A' 'A' 'A' 'A' 'A' 'A' 'U' 'A'
 'A' 'A' 'A' 'A' 'A' 'A' 'U' 'A' 'A' 'A' 'A' 'A' 'A' 'M' 'M' 'U' 'A' 'U'
 'M' 'A' 'M' 'U' 'U' 'U' 'A' 'U' 'U' 'A' 'M' 'U' 'U' 'M' 'A' 'M' 'U' 'A'
 'U' 'M' 'M' 'U' 'A' 'A' 'U' 'A' 'A' 'A' 'A' 'A' 'M' 'A' 'A' 'M' 'A' 'U'
 'M' 'M' 'U' 'U' 'U' 'U' 'M' 'M' 'A' 'A' 'U' 'A' 'U' 'M' 'M' 'U' 'A' 'M']"
801,2,145,94,51,53,0,0,"['M' 'A' 'U' 'M' 'U' 'M' 'A' 'M' 'M' 'U' 'M' 'A' 'A' 'A' 'A' 'U' 'A' 'A'
 'U' 'U' 'A' 'A' 'A' 'A' 'U' 'U' 'A' 'A' 'A' 'U' 'A' 'A' 'U' 'A' 'A' 'U'
 'M' 'M' 'A' 'M' 'A' 'U' 'A' 'A' 'A' 'A' 'A' 'U' 'M' 'A' 'A' 'U' 'M' 'A'
 'A' 'A' 'A' 'A' 'U' 'A' 'U' 'A' 'U' 'A' 'A' 'M' 'M' 'U' 'M' 'M' 'M' 'U'
 'U' 'M' 'M' 'U' 'U' 'U' 'M' 'U' 'M' 'M' 'M' 'M' 'M' 'M' 'M' 'M' 'U' 'M'
 'M' 'U' 'M' 'M' 'M' 'A' 'A' 'U' 'A' 'A' 'A' 'U' 'A' 'A' 'A' 'U' 'A' 'A'
 'A' 'M' 'A' 'A' 'M' 'A' 'U' 'A' 'A' 'A' 'A' 'A' 'A' 'A' 'A' 'A' 'U' 'U'
 'A' 'A' 'A' 'A' 'A' 'A' 'A' 'A' 'A' 'A' 'U' 'A' 'A' 'M' 'U' 'U' 'A' 'A'
 'M' 'A' 'M' 'A' 'U' 'U' 'A' 'U' 'A' 'A' 'M' 'M' 'A' 'M' 'A' 'M' 'A' 'A'
 'U' 'M' 'M' 'U' 'A' 'U' 'U' 'U' 'A' 'A' 'A' 'U' 'M' 'A' 'A' 'M' 'A' 'U'
 'M' 'U' 'U' 'U' 'U' 'U' 'M' 'M' 'A' 'A' 'U' 'A' 'U' 'M' 'U' 'M' 'A' 'M']"
901,2,138,86,52,60,0,0,"['M' 'A' 'U' 'M' 'U' 'M' 'U' 'M' 'U' 'U' 'M' 'U' 'A' 'A' 'A' 'M' 'A' 'A'
 'U' 'A' 'A' 'A' 'A' 'A' 'U' 'U' 'A' 'A' 'A' 'U' 'A' 'A' 'U' 'A' 'A' 'U'
 'M' 'M' 'A' 'M' 'A' 'U' 'A' 'A' 'A' 'A' 'A' 'M' 'M' 'A' 'A' 'U' 'U' 'A'
 'A' 'A' 'A' 'A' 'U' 'U' 'U' 'A' 'U' 'A' 'A' 'U' 'U' 'M' 'M' 'M' 'U' 'M'
 'M' 'M' 'M' 'U' 'M' 'M' 'M' 'M' 'U' 'M' 'M' 'M' 'U' 'M' 'M' 'M' 'U' 'M'
 'M' 'M' 'M' 'U' 'U' 'U' 'A' 'U' 'A' 'A' 'A' 'A' 'A' 'A' 'A' 'U' 'A' 'A'
 'A' 'M' 'A' 'A' 'M' 'U' 'A' 'A' 'A' 'A' 'A' 'A' 'A' 'U' 'A' 'A' 'M' 'U'
 'A' 'A' 'A' 'A' 'A' 'A' 'U' 'U' 'A' 'A' 'U' 'A' 'A' 'U' 'U' 'U' 'A' 'A'
 'M' 'A' 'M' 'A' 'M' 'U' 'A' 'U' 'A' 'A' 'M' 'M' 'U' 'M' 'A' 'M' 'A' 'U'
 'U' 'M' 'U' 'U' 'A' 'U' 'U' 'U' 'U' 'A' 'A' 'U' 'M' 'A' 'A' 'U' 'U' 'U'
 'M' 'M' 'A' 'U' 'M' 'U' 'M' 'M' 'A' 'A' 'U' 'A' 'U' 'M' 'M' 'M' 'A' 'U']"
1001,2,144,91,53,54,0,0,"['M' 'A' 'U' 'M' 'U' 'U' 'U' 'M' 'U' 'A' 'M' 'A' 'A' 'A' 'A' 'M' 'U' 'A'
 'A' 'A' 'U' 'A' 'A' 'U' 'A' 'U' 'A' 'A' 'M' 'U' 'U' 'A' 'U' 'A' 'A' 'M'
 'M' 'M' 'A' 'M' 'A' 'U' 'A' 'A' 'A' 'A' 'A' 'M' 'M' 'A' 'A' 'U' 'U' 'A'
 'A' 'A' 'A' 'A' 'U' 'U' 'U' 'A' 'U' 'A' 'U' 'U' 'M' 'U' 'M' 'M' 'U' 'U'
 'M' 'M' 'M' 'M' 'M' 'M' 'M' 'U' 'U' 'U' 'M' 'M' 'M' 'M' 'M' 'M' 'M' 'U'
 'M' 'M' 'U' 'M' 'M' 'M' 'A' 'U' 'A' 'A' 'A' 'A' 'A' 'A' 'A' 'U' 'A' 'A'
 'A' 'M' 'A' 'A' 'M' 'U' 'A' 'A' 'A' 'A' 'A' 'A' 'A' 'U' 'A' 'A' 'M' 'U'
 'A' 'A' 'A' 'A' 'A' 'A' 'A' 'A' 'A' 'A' 'A' 'U' 'A' 'A' 'A' 'A' 'A' 'A'
 'M' 'A' 'M' 'A' 'M' 'U' 'A' 'U' 'A' 'A' 'M' 'M' 'U' 'M' 'A' 'M' 'A' 'A'
 'U' 'M' 'U' 'U' 'A' 'U' 'U' 'U' 'U' 'A' 'U' 'U' 'M' 'U' 'A' 'A' 'U' 'U'
 'M' 'U' 'A' 'U' 'M' 'A' 'M' 'M' 'A' 'A' 'A' 'A' 'U' 'M' 'M' 'M' 'A' 'U']"
1101,2,143,87,56,55,0,0,"['M' 'A' 'A' 'M' 'U' 'M' 'M' 'U' 'U' 'U' 'M' 'A' 'A' 'A' 'A' 'U' 'U' 'U'
 'A' 'A' 'U' 'A' 'A' 'A' 'A' 'U' 'U' 'U' 'M' 'U' 'U' 'A' 'A' 'A' 'A' 'M'
 'U' 'M' 'A' 'M' 'A' 'U' 'A' 'A' 'A' 'A' 'A' 'M' 'M' 'A' 'A' 'U' 'U' 'A'
 'A' 'A' 'U' 'A' 'U' 'U' 'U' 'A' 'U' 'A' 'M' 'U' 'M' 'M' 'M' 'M' 'M' 'U'
 'M' 'M' 'M' 'M' 'M' 'U' 'U' 'U' 'M' 'M' 'U' 'U' 'U' 'M' 'M' 'M' 'M' 'M'
 'M' 'M' 'M' 'M' 'U' 'M' 'A' 'U' 'A' 'A' 'A' 'A' 'A' 'U' 'A' 'M' 'A' 'U'
 'A' 'U' 'A' 'A' 'M' 'U' 'A' 'A' 'U' 'A' 'A' 'A' 'A' 'U' 'A' 'A' 'M' 'U'
 'A' 'A' 'U' 'A' 'A' 'A' 'A' 'A' 'A' 'A' 'A' 'A' 'A' 'A' 'A' 'A' 'M' 'A'
 'M' 'A' 'M' 'A' 'M' 'U' 'A' 'U' 'A' 'A' 'M' 'U' 'U' 'M' 'A' 'M' 'A' 'A'
 'M' 'U' 'M' 'U' 'A' 'U' 'U' 'A' 'U' 'A' 'U' 'U' 'M' 'M' 'A' 'A' 'U' 'A'
 'M' 'U' 'A' 'M' 'M' 'A' 'M' 'M' 'A' 'A' 'A' 'A' 'U' 'M' 'M' 'M' 'A' 'U']"
1201,2,137,83,54,61,0,0,"['M' 'A' 'U' 'M' 'U' 'M' 'M' 'U' 'U' 'M' 'M' 'A' 'A' 'A' 'A' 'U' 'U' 'A'
 'A' 'A' 'U' 'A' 'A' 'A' 'A' 'A' 'A' 'U' 'M' 'U' 'A' 'M' 'A' 'U' 'A' 'M'
 'U' 'M' 'A' 'M' 'A' 'U' 'A' 'A' 'A' 'U' 'A' 'M' 'U' 'A' 'A' 'U' 'U' 'A'
 'A' 'U' 'U' 'A' 'U' 'M' 'M' 'A' 'U' 'A' 'M' 'M' 'U' 'M' 'U' 'U' 'M' 'U'
 'U' 'U' 'M' 'U' 'M' 'M' 'M' 'M' 'M' 'M' 'U' 'M' 'M' 'U' 'M' 'M' 'M' 'M'
 'M' 'M' 'M' 'M' 'M' 'U' 'U' 'U' 'A' 'A' 'A' 'U' 'A' 'A' 'A' 'M' 'U' 'A'
 'A' 'A' 'A' 'A' 'U' 'U' 'A' 'A' 'U' 'A' 'U' 'A' 'A' 'U' 'A' 'A' 'M' 'U'
 'U' 'A' 'U' 'A' 'A' 'U' 'A' 'A' 'A' 'A' 'A' 'A' 'A' 'A' 'U' 'A' 'M' 'A'
 'M' 'A' 'M' 'A' 'U' 'M' 'A' 'U' 'A' 'A' 'U' 'U' 'A' 'M' 'A' 'M' 'U' 'A'
 'M' 'U' 'M' 'U' 'A' 'U' 'U' 'A' 'U' 'A' 'U' 'U' 'M' 'M' 'A' 'A' 'U' 'U'
 'A' 'A' 'A' 'M' 'U' 'A' 'M' 'M' 'A' 'A' 'A' 'A' 'U' 'M' 'M' 'M' 'A' 'U']"
1301,3,137,81,56,61,0,0,"['M' 'A' 'U' 'M' 'U' 'M' 'M' 'M' 'U' 'M' 'M' 'A' 'A' 'A' 'A' 'U' 'U' 'A'
 'A' 'A' 'U' 'A' 'U' 'A' 'A' 'A' 'A' 'U' 'U' 'A' 'A' 'M' 'A' 'U' 'A' 'M'
 'U' 'M' 'A' 'M' 'A' 'U' 'A' 'A' 'A' 'U' 'A' 'M' 'U' 'A' 'A' 'U' 'U' 'A'
 'A' 'U' 'U' 'U' 'U' 'M' 'M' 'A' 'U' 'A' 'M' 'U' 'U' 'M' 'M' 'M' 'M' 'M'
 'M' 'U' 'M' 'U' 'M' 'M' 'U' 'M' 'M' 'M' 'M' 'M' 'M' 'M' 'U' 'M' 'U' 'M'
 'M' 'M' 'U' 'U' 'M' 'A' 'U' 'U' 'A' 'A' 'A' 'U' 'A' 'A' 'U' 'M' 'U' 'A'
 'A' 'A' 'A' 'A' 'M' 'U' 'A' 'A' 'U' 'A' 'U' 'A' 'U' 'U' 'A' 'A' 'M' 'U'
 'M' 'A' 'A' 'A' 'A' 'A' 'A' 'A' 'A' 'A' 'A' 'A' 'A' 'A' 'U' 'A' 'M' 'A'
 'U' 'A' 'M' 'A' 'U' 'M' 'A' 'M' 'U' 'A' 'M' 'U' 'A' 'M' 'A' 'A' 'U' 'A'
 'M' 'U' 'M' 'U' 'A' 'U' 'U' 'A' 'U' 'A' 'U' 'U' 'A' 'M' 'A' 'A' 'U' 'U'
 'A' 'U' 'A' 'M' 'M' 'U' 'M' 'M' 'A' 'A' 'A' 'A' 'U' 'M' 'M' 'M' 'U' 'U']"
1401,2,139,81,58,59,0,0,"['M' 'A' 'U' 'U' 'U' 'M' 'M' 'M' 'U' 'M' 'M' 'A' 'A' 'A' 'A' 'U' 'U' 'A'
 'A' 'A' 'U' 'A' 'U' 'A' 'A' 'A' 'A' 'M' 'U' 'A' 'A' 'M' 'A' 'U' 'A' 'M'
 'U' 'M' 'A' 'U' 'A' 'U' 'A' 'A' 'U' 'U' 'A' 'M' 'M' 'U' 'U' 'U' 'U' 'M'
 'A' 'M' 'A' 'U' 'U' 'M' 'U' 'A' 'U' 'A' 'A' 'U' 'M' 'M' 'M' 'M' 'M' 'M'
 'M' 'U' 'U' 'M' 'U' 'M' 'M' 'M' 'M' 'U' 'M' 'U' 'U' 'M' 'M' 'M' 'U' 'M'
 'U' 'M' 'M' 'M' 'M' 'A' 'U' 'M' 'A' 'A' 'A' 'U' 'A' 'A' 'U' 'M' 'A' 'A'
 'A' 'A' 'M' 'A' 'M' 'U' 'U' 'A' 'M' 'A' 'A' 'A' 'U' 'U' 'A' 'A' 'M' 'M'
 'M' 'A' 'A' 'A' 'A' 'A' 'A' 'A' 'A' 'A' 'A' 'A' 'A' 'A' 'A' 'A' 'M' 'A'
 'U' 'A' 'M' 'A' 'U' 'M' 'A' 'M' 'A' 'A' 'M' 'A' 'A' 'M' 'A' 'A' 'U' 'A'
 'M' 'M' 'U' 'U' 'A' 'U' 'U' 'A' 'U' 'A' 'U' 'U' 'A' 'M' 'A' 'A' 'U' 'U'
 'A' 'A' 'A' 'M' 'U' 'U' 'M' 'U' 'U' 'A' 'U' 'A' 'U' 'M' 'M' 'U' 'M' 'U']"
1501,2,129,74,55,69,0,0,"['M' 'A' 'U' 'A' 'U' 'M' 'M' 'M' 'U' 'M' 'M' 'A' 'A' 'U' 'A' 'U' 'U' 'A'
 'A' 'A' 'U' 'A' 'U' 'A' 'A' 'A' 'A' 'M' 'U' 'A' 'A' 'M' 'A' 'U' 'A' 'M'
 'U' 'M' 'U' 'A' 'A' 'U' 'A' 'A' 'U' 'U' 'A' 'M' 'M' 'U' 'U' 'U' 'U' 'M'
 'A' 'M' 'A' 'U' 'U' 'M' 'U' 'A' 'U' 'U' 'A' 'M' 'M' 'M' 'M' 'M' 'M' 'M'
 'M' 'M' 'M' 'M' 'U' 'M' 'U' 'M' 'M' 'M' 'M' 'U' 'U' 'U' 'U' 'M' 'U' 'M'
 'M' 'U' 'U' 'M' 'M' 'A' 'U' 'M' 'A' 'U' 'A' 'M' 'U' 'U' 'U' 'U' 'A' 'A'
 'U' 'A' 'M' 'A' 'M' 'U' 'U' 'A' 'M' 'A' 'A' 'A' 'A' 'U' 'A' 'A' 'U' 'M'
 'M' 'A' 'A' 'A' 'A' 'A' 'A' 'A' 'A' 'U' 'A' 'A' 'U' 'A' 'A' 'A' 'U' 'A'
 'U' 'A' 'M' 'A' 'U' 'M' 'A' 'M' 'A' 'A' 'M' 'A' 'U' 'M' 'A' 'A' 'U' 'A'
 'U' 'M' 'U' 'U' 'A' 'U' 'U' 'A' 'A' 'A' 'U' 'A' 'A' 'M' 'A' 'U' 'U' 'U'
 'A' 'U' 'A' 'U' 'U' 'M' 'M' 'U' 'U' 'A' 'U' 'A' 'U' 'M' 'M' 'U' 'M' 'U']"
1601,2,128,72,56,70,0,0,"['M' 'A' 'U' 'A' 'U' 'M' 'M' 'M' 'A' 'M' 'M' 'A' 'A' 'U' 'A' 'U' 'A' 'A'
 'A' 'A' 'U' 'A' 'A' 'A' 'A' 'U' 'U' 'M' 'U' 'U' 'A' 'M' 'A' 'A' 'A' 'M'
 'U' 'M' 'A' 'A' 'A' 'U' 'A' 'A' 'A' 'U' 'A' 'M' 'M' 'U' 'U' 'U' 'U' 'M'
 'U' 'M' 'A' 'U' 'U' 'M' 'A' 'U' 'U' 'U' 'U' 'M' 'M' 'U' 'U' 'U' 'M' 'M'
 'M' 'U' 'M' 'M' 'M' 'M' 'M' 'M' 'M' 'M' 'M' 'M' 'U' 'M' 'M' 'U' 'M' 'M'
 'M' 'U' 'M' 'U' 'U' 'U' 'U' 'M' 'A' 'U' 'A' 'M' 'U' 'U' 'U' 'A' 'A' 'A'
 'U' 'A' 'M' 'A' 'M' 'U' 'U' 'A' 'M' 'A' 'A' 'A' 'A' 'U' 'A' 'A' 'U' 'U'
 'M' 'A' 'A' 'A' 'A' 'A' 'A' 'A' 'A' 'U' 'A' 'U' 'U' 'A' 'A' 'A' 'U' 'A'
 'U' 'A' 'M' 'A' 'U' 'U' 'A' 'M' 'M' 'A' 'M' 'A' 'U' 'M' 'U' 'A' 'U' 'A'
 'U' 'M' 'U' 'M' 'A' 'U' 'M' 'A' 'A' 'A' 'U' 'A' 'A' 'U' 'U' 'M' 'U' 'U'
 'A' 'U' 'A' 'U' 'U' 'M' 'M' 'U' 'U' 'A' 'U' 'A' 'U' 'M' 'M' 'A' 'M' 'U']"
1701,2,129,73,56,69,0,1,"['M' 'A' 'U' 'A' 'U' 'M' 'M' 'M' 'A' 'M' 'M' 'A' 'A' 'U' 'A' 'U' 'A' 'A'
 'A' 'A' 'U' 'A' 'A' 'A' 'A' 'U' 'U' 'M' 'A' 'U' 'A' 'U' 'A' 'A' 'A' 'M'
 'U' 'M' 'A' 'U' 'A' 'U' 'A' 'A' 'A' 'U' 'A' 'M' 'A' 'U' 'U' 'M' 'M' 'M'
 'U' 'M' 'A' 'U' 'U' 'M' 'A' 'U' 'U' 'U' 'U' 'M' 'M' 'U' 'U' 'M' 'M' 'U'
 'M' 'M' 'U' 'M' 'M' 'M' 'U' 'M' 'U' 'M' 'U' 'M' 'U' 'M' 'M' 'M' 'M' 'M'
 'M' 'U' 'M' 'M' 'M' 'A' 'U' 'M' 'A' 'U' 'A' 'M' 'U' 'A' 'A' 'A' 'A' 'A'
 'U' 'A' 'M' 'A' 'M' 'U' 'U' 'U' 'U' 'A' 'A' 'U' 'A' 'M' 'A' 'A' 'U' 'U'
 'M' 'A' 'A' 'A' 'A' 'A' 'U' 'A' 'A' 'U' 'A' 'U' 'U' 'U' 'A' 'A' 'U' 'A'
 'U' 'A' 'M' 'A' 'U' 'A' 'A' 'M' 'M' 'A' 'M' 'A' 'U' 'U' 'U' 'A' 'U' 'A'
 'M' 'M' 'A' 'U' 'A' 'U' 'M' 'A' 'A' 'A' 'M' 'A' 'A' 'U' 'U' 'U' 'M' 'U'
 'U' 'U' 'A' 'U' 'U' 'M' 'M' 'U' 'U' 'A' 'U' 'A' 'U' 'M' 'M' 'A' 'M' 'U']"
1801,4,128,73,55,70,0,0,"['M' 'A' 'U' 'A' 'U' 'U' 'M' 'U' 'A' 'U' 'M' 'A' 'A' 'M' 'A' 'U' 'A' 'A'
 'A' 'A' 'U' 'A' 'A' 'A' 'A' 'U' 'M' 'M' 'A' 'A' 'U' 'U' 'A' 'A' 'A' 'M'
 'U' 'M' 'A' 'U' 'A' 'U' 'A' 'A' 'U' 'A' 'A' 'M' 'A' 'U' 'U' 'U' 'M' 'M'
 'U' 'M' 'A' 'U' 'U' 'M' 'A' 'U' 'U' 'U' 'M' 'M' 'U' 'U' 'U' 'M' 'M' 'U'
 'M' 'M' 'U' 'M' 'U' 'M' 'M' 'M' 'U' 'M' 'M' 'M' 'U' 'M' 'M' 'M' 'M' 'U'
 'M' 'M' 'M' 'M' 'M' 'A' 'A' 'M' 'A' 'U' 'A' 'M' 'U' 'A' 'A' 'A' 'A' 'A'
 'U' 'A' 'M' 'A' 'U' 'U' 'U' 'M' 'U' 'A' 'U' 'U' 'A' 'M' 'A' 'A' 'U' 'M'
 'M' 'A' 'A' 'A' 'A' 'A' 'U' 'A' 'A' 'U' 'A' 'A' 'A' 'U' 'A' 'A' 'U' 'A'
 'A' 'U' 'M' 'A' 'U' 'A' 'A' 'M' 'M' 'A' 'M' 'A' 'U' 'U' 'U' 'U' 'U' 'A'
 'M' 'M' 'A' 'U' 'U' 'A' 'M' 'A' 'A' 'U' 'M' 'U' 'A' 'U' 'U' 'U' 'M' 'U'
 'U' 'U' 'A' 'U' 'U' 'M' 'M' 'U' 'U' 'A' 'U' 'A' 'A' 'M' 'U' 'A' 'M' 'U']"
1901,2,135,83,52,63,0,1,"['M' 'A' 'A' 'A' 'U' 'U' 'A' 'A' 'A' 'U' 'M' 'M' 'A' 'U' 'A' 'U' 'A' 'A'
 'A' 'A' 'U' 'A' 'A' 'A' 'A' 'U' 'M' 'M' 'A' 'A' 'U' 'U' 'A' 'A' 'A' 'M'
 'U' 'M' 'A' 'U' 'A' 'U' 'A' 'A' 'U' 'A' 'A' 'M' 'A' 'U' 'U' 'A' 'M' 'U'
 'U' 'A' 'A' 'U' 'U' 'M' 'A' 'U' 'U' 'M' 'U' 'M' 'M' 'U' 'M' 'M' 'M' 'U'
 'U' 'M' 'M' 'M' 'U' 'U' 'U' 'M' 'M' 'M' 'M' 'M' 'U' 'M' 'M' 'U' 'U' 'M'
 'M' 'M' 'M' 'M' 'M' 'A' 'A' 'M' 'A' 'U' 'A' 'U' 'U' 'A' 'A' 'A' 'A' 'A'
 'U' 'A' 'U' 'A' 'A' 'A' 'U' 'M' 'U' 'A' 'U' 'U' 'A' 'M' 'A' 'A' 'U' 'M'
 'M' 'A' 'A' 'A' 'A' 'A' 'U' 'A' 'A' 'A' 'A' 'A' 'A' 'U' 'A' 'A' 'A' 'A'
 'A' 'U' 'M' 'A' 'M' 'U' 'U' 'M' 'M' 'A' 'M' 'A' 'U' 'U' 'A' 'A' 'U' 'A'
 'M' 'M' 'A' 'U' 'U' 'A' 'M' 'A' 'A' 'U' 'M' 'M' 'A' 'U' 'U' 'U' 'M' 'U'
 'U' 'U' 'A' 'U' 'A' 'M' 'M' 'U' 'U' 'A' 'A' 'A' 'A' 'M' 'U' 'A' 'M' 'U']"
2001,2,139,86,53,59,0,0,"['M' 'A' 'A' 'A' 'A' 'M' 'A' 'A' 'A' 'U' 'M' 'M' 'A' 'U' 'A' 'U' 'A' 'U'
 'A' 'U' 'U' 'A' 'A' 'A' 'A' 'U' 'M' 'M' 'A' 'A' 'A' 'U' 'A' 'A' 'A' 'M'
 'U' 'U' 'A' 'M' 'A' 'U' 'A' 'A' 'U' 'A' 'A' 'M' 'A' 'U' 'U' 'A' 'M' 'U'
 'U' 'A' 'A' 'U' 'U' 'M' 'A' 'M' 'U' 'M' 'U' 'M' 'M' 'M' 'M' 'M' 'U' 'M'
 'M' 'U' 'M' 'M' 'M' 'U' 'U' 'M' 'U' 'U' 'M' 'M' 'M' 'U' 'M' 'U' 'M' 'M'
 'M' 'M' 'M' 'M' 'U' 'A' 'A' 'M' 'A' 'A' 'A' 'U' 'U' 'A' 'A' 'U' 'A' 'A'
 'A' 'A' 'U' 'A' 'A' 'A' 'U' 'M' 'U' 'A' 'U' 'U' 'A' 'U' 'A' 'A' 'U' 'U'
 'M' 'U' 'A' 'A' 'A' 'A' 'A' 'A' 'A' 'A' 'A' 'A' 'A' 'A' 'A' 'A' 'A' 'A'
 'A' 'U' 'M' 'A' 'U' 'M' 'U' 'M' 'M' 'A' 'M' 'A' 'U' 'M' 'A' 'A' 'U' 'A'
 'M' 'M' 'A' 'A' 'U' 'A' 'M' 'U' 'U' 'U' 'U' 'M' 'A' 'U' 'U' 'U' 'M' 'U'
 'M' 'U' 'A' 'U' 'A' 'M' 'M' 'U' 'A' 'A' 'A' 'A' 'A' 'M' 'A' 'A' 'M' 'U']"
2101,2,144,93,51,54,0,1,"['M' 'A' 'A' 'A' 'A' 'U' 'A' 'A' 'A' 'U' 'M' 'U' 'A' 'U' 'A' 'U' 'A' 'U'
 'A' 'U' 'U' 'A' 'A' 'A' 'A' 'U' 'M' 'M' 'A' 'A' 'U' 'A' 'A' 'A' 'A' 'M'
 'U' 'U' 'A' 'M' 'A' 'A' 'A' 'A' 'U' 'A' 'A' 'M' 'U' 'U' 'U' 'A' 'M' 'U'
 'U' 'A' 'A' 'U' 'U' 'M' 'A' 'M' 'U' 'M' 'U' 'U' 'M' 'M' 'M' 'U' 'M' 'U'
 'M' 'U' 'M' 'M' 'U' 'M' 'M' 'M' 'M' 'M' 'M' 'M' 'U' 'M' 'M' 'M' 'U' 'U'
 'U' 'M' 'M' 'M' 'M' 'A' 'A' 'M' 'U' 'A' 'A' 'U' 'A' 'A' 'A' 'U' 'A' 'A'
 'A' 'A' 'A' 'U' 'A' 'A' 'A' 'M' 'U' 'A' 'U' 'U' 'A' 'U' 'U' 'A' 'U' 'U'
 'M' 'U' 'U' 'A' 'A' 'A' 'A' 'A' 'A' 'A' 'A' 'A' 'A' 'A' 'A' 'A' 'A' 'A'
 'A' 'A' 'M' 'A' 'U' 'M' 'A' 'M' 'M' 'A' 'U' 'A' 'M' 'M' 'A' 'A' 'U' 'A'
 'M' 'U' 'U' 'A' 'A' 'A' 'M' 'U' 'U' 'M' 'U' 'M' 'A' 'A' 'A' 'A' 'M' 'A'
 'M' 'A' 'A' 'U' 'A' 'M' 'M' 'U' 'A' 'A' 'A' 'A' 'A' 'M' 'A' 'A' 'M' 'A']"
2201,2,136,86,50,62,0,1,"['M' 'A' 'U' 'U' 'A' 'A' 'A' 'A' 'U' 'U' 'M' 'U' 'U' 'U' 'A' 'U' 'A' 'U'
 'U' 'A' 'U' 'A' 'A' 'A' 'A' 'U' 'M' 'M' 'A' 'A' 'M' 'A' 'A' 'U' 'A' 'M'
 'U' 'A' 'U' 'M' 'A' 'A' 'A' 'A' 'U' 'U' 'A' 'M' 'U' 'A' 'U' 'A' 'M' 'U'
 'A' 'A' 'A' 'U' 'U' 'U' 'A' 'M' 'U' 'M' 'U' 'M' 'M' 'M' 'M' 'U' 'M' 'U'
 'M' 'M' 'U' 'M' 'M' 'U' 'U' 'M' 'U' 'M' 'M' 'M' 'M' 'M' 'U' 'U' 'M' 'M'
 'M' 'M' 'U' 'M' 'M' 'A' 'A' 'M' 'U' 'A' 'A' 'U' 'U' 'A' 'A' 'A' 'U' 'A'
 'A' 'A' 'A' 'U' 'A' 'U' 'A' 'U' 'U' 'A' 'A' 'U' 'A' 'A' 'U' 'A' 'U' 'U'
 'U' 'U' 'M' 'A' 'A' 'A' 'A' 'A' 'A' 'A' 'A' 'A' 'A' 'A' 'A' 'A' 'A' 'A'
 'A' 'U' 'M' 'U' 'M' 'U' 'A' 'M' 'M' 'A' 'A' 'A' 'M' 'M' 'A' 'A' 'U' 'A'
 'M' 'U' 'U' 'A' 'A' 'A' 'M' 'U' 'U' 'M' 'U' 'M' 'A' 'A' 'U' 'A' 'M' 'A'
 'M' 'A' 'A' 'M' 'A' 'U' 'M' 'U' 'A' 'A' 'U' 'A' 'A' 'M' 'A' 'A' 'M' 'U']"
2301,2,136,90,46,62,0,0,"['M' 'A' 'U' 'U' 'A' 'A' 'A' 'A' 'A' 'A' 'M' 'U' 'U' 'U' 'A' 'U' 'A' 'A'
 'U' 'A' 'M' 'A' 'A' 'A' 'A' 'U' 'M' 'M' 'A' 'A' 'M' 'A' 'U' 'U' 'A' 'M'
 'U' 'A' 'U' 'M' 'A' 'A' 'A' 'U' 'U' 'A' 'A' 'M' 'A' 'A' 'A' 'A' 'U' 'U'
 'M' 'A' 'A' 'U' 'U' 'U' 'A' 'M' 'M' 'M' 'M' 'M' 'M' 'M' 'M' 'U' 'M' 'M'
 'M' 'U' 'M' 'M' 'M' 'M' 'U' 'M' 'M' 'M' 'M' 'U' 'U' 'U' 'M' 'U' 'M' 'M'
 'M' 'M' 'U' 'M' 'U' 'A' 'A' 'M' 'U' 'A' 'A' 'U' 'U' 'A' 'A' 'A' 'U' 'A'
 'A' 'A' 'A' 'U' 'A' 'U' 'A' 'U' 'U' 'A' 'A' 'A' 'A' 'A' 'U' 'A' 'A' 'U'
 'U' 'U' 'U' 'A' 'A' 'A' 'A' 'A' 'A' 'A' 'A' 'A' 'A' 'A' 'A' 'U' 'A' 'U'
 'A' 'U' 'U' 'U' 'M' 'U' 'A' 'U' 'M' 'A' 'A' 'A' 'M' 'M' 'A' 'A' 'U' 'A'
 'A' 'U' 'U' 'A' 'A' 'A' 'M' 'U' 'U' 'M' 'U' 'M' 'A' 'A' 'U' 'A' 'U' 'A'
 'U' 'A' 'A' 'U' 'A' 'U' 'M' 'U' 'A' 'A' 'U' 'A' 'A' 'M' 'A' 'A' 'M' 'U']"
2401,3,134,88,46,64,0,0,"['M' 'A' 'A' 'U' 'A' 'A' 'A' 'U' 'U' 'A' 'M' 'U' 'U' 'M' 'A' 'A' 'A' 'A'
 'U' 'A' 'M' 'A' 'A' 'A' 'A' 'A' 'M' 'M' 'A' 'A' 'U' 'A' 'U' 'U' 'A' 'M'
 'U' 'A' 'U' 'M' 'A' 'A' 'A' 'U' 'U' 'A' 'A' 'M' 'A' 'A' 'A' 'A' 'U' 'U'
 'M' 'A' 'A' 'U' 'U' 'M' 'A' 'M' 'M' 'M' 'M' 'M' 'M' 'U' 'M' 'M' 'M' 'M'
 'U' 'M' 'U' 'M' 'M' 'U' 'M' 'U' 'M' 'U' 'U' 'M' 'M' 'M' 'M' 'U' 'M' 'M'
 'M' 'M' 'M' 'M' 'U' 'A' 'A' 'M' 'U' 'A' 'A' 'U' 'U' 'A' 'A' 'A' 'U' 'A'
 'A' 'A' 'A' 'U' 'A' 'A' 'A' 'U' 'U' 'A' 'U' 'A' 'A' 'A' 'U' 'A' 'U' 'U'
 'A' 'A' 'U' 'A' 'A' 'A' 'A' 'A' 'U' 'A' 'A' 'A' 'A' 'A' 'A' 'U' 'A' 'U'
 'A' 'U' 'M' 'U' 'M' 'U' 'A' 'U' 'M' 'A' 'A' 'A' 'M' 'M' 'U' 'A' 'U' 'U'
 'A' 'U' 'U' 'A' 'A' 'U' 'M' 'U' 'A' 'M' 'U' 'U' 'A' 'A' 'U' 'A' 'U' 'A'
 'U' 'A' 'A' 'U' 'A' 'U' 'U' 'U' 'A' 'A' 'U' 'U' 'A' 'M' 'A' 'A' 'M' 'U']"
2501,2,129,82,47,69,0,0,"['M' 'A' 'U' 'U' 'U' 'A' 'A' 'M' 'U' 'A' 'M' 'M' 'U' 'M' 'A' 'A' 'A' 'A'
 'A' 'A' 'M' 'A' 'A' 'A' 'A' 'A' 'M' 'M' 'A' 'A' 'U' 'A' 'U' 'A' 'U' 'M'
 'U' 'A' 'U' 'M' 'A' 'A' 'U' 'U' 'U' 'A' 'A' 'M' 'A' 'U' 'A' 'U' 'U' 'A'
 'M' 'A' 'A' 'M' 'U' 'U' 'A' 'M' 'M' 'M' 'M' 'M' 'U' 'M' 'M' 'M' 'M' 'M'
 'M' 'U' 'M' 'M' 'M' 'M' 'U' 'M' 'M' 'M' 'M' 'U' 'M' 'M' 'U' 'U' 'U' 'M'
 'M' 'U' 'M' 'M' 'U' 'A' 'A' 'M' 'U' 'A' 'A' 'U' 'U' 'A' 'A' 'A' 'U' 'A'
 'A' 'A' 'A' 'A' 'A' 'A' 'A' 'U' 'U' 'A' 'U' 'A' 'A' 'A' 'A' 'U' 'U' 'U'
 'A' 'A' 'U' 'A' 'A' 'U' 'U' 'U' 'A' 'A' 'A' 'A' 'A' 'A' 'U' 'U' 'A' 'U'
 'A' 'U' 'M' 'U' 'M' 'U' 'A' 'U' 'M' 'A' 'A' 'A' 'M' 'M' 'U' 'A' 'U' 'U'
 'U' 'U' 'A' 'A' 'A' 'A' 'M' 'U' 'A' 'M' 'U' 'U' 'A' 'A' 'U' 'A' 'U' 'A'
 'U' 'A' 'U' 'U' 'A' 'U' 'U' 'U' 'A' 'A' 'U' 'U' 'U' 'M' 'A' 'A' 'U' 'U']"
2601,2,130,81,49,68,0,1,"['M' 'A' 'U' 'U' 'U' 'A' 'A' 'M' 'U' 'A' 'M' 'U' 'M' 'M' 'A' 'A' 'A' 'A'
 'A' 'A' 'M' 'A' 'A' 'U' 'U' 'A' 'M' 'U' 'A' 'U' 'U' 'A' 'U' 'A' 'U' 'M'
 'M' 'A' 'U' 'M' 'A' 'U' 'U' 'U' 'A' 'A' 'A' 'M' 'U' 'U' 'A' 'U' 'M' 'A'
 'M' 'A' 'A' 'U' 'U' 'U' 'A' 'M' 'U' 'M' 'M' 'M' 'M' 'M' 'M' 'M' 'U' 'M'
 'U' 'U' 'M' 'M' 'M' 'U' 'M' 'M' 'U' 'M' 'U' 'M' 'U' 'M' 'M' 'U' 'M' 'M'
 'M' 'M' 'U' 'M' 'M' 'A' 'M' 'M' 'U' 'A' 'A' 'U' 'M' 'A' 'A' 'U' 'U' 'U'
 'A' 'A' 'A' 'A' 'A' 'A' 'A' 'M' 'M' 'A' 'U' 'A' 'A' 'A' 'U' 'U' 'U' 'U'
 'A' 'U' 'U' 'A' 'A' 'A' 'A' 'A' 'A' 'A' 'A' 'A' 'A' 'A' 'A' 'A' 'U' 'U'
 'A' 'U' 'U' 'U' 'U' 'U' 'A' 'A' 'M' 'A' 'A' 'A' 'M' 'M' 'U' 'A' 'U' 'U'
 'A' 'U' 'A' 'A' 'U' 'A' 'M' 'A' 'A' 'M' 'A' 'U' 'A' 'A' 'U' 'A' 'U' 'A'
 'U' 'A' 'U' 'U' 'A' 'A' 'U' 'U' 'A' 'A' 'U' 'U' 'M' 'M' 'A' 'A' 'U' 'U']"
2701,2,126,79,47,72,0,1,"['M' 'A' 'U' 'U' 'U' 'A' 'A' 'M' 'U' 'A' 'U' 'U' 'M' 'U' 'A' 'A' 'A' 'A'
 'A' 'A' 'U' 'U' 'A' 'U' 'U' 'A' 'M' 'U' 'A' 'U' 'U' 'U' 'U' 'A' 'U' 'M'
 'U' 'A' 'U' 'M' 'A' 'A' 'U' 'U' 'A' 'A' 'A' 'M' 'A' 'U' 'A' 'M' 'U' 'A'
 'M' 'A' 'A' 'U' 'U' 'U' 'A' 'M' 'U' 'M' 'M' 'M' 'M' 'U' 'M' 'M' 'U' 'M'
 'U' 'M' 'M' 'U' 'M' 'M' 'M' 'M' 'M' 'U' 'U' 'M' 'M' 'M' 'U' 'M' 'M' 'M'
 'M' 'M' 'M' 'U' 'U' 'A' 'M' 'U' 'U' 'A' 'A' 'U' 'M' 'A' 'A' 'U' 'U' 'A'
 'A' 'A' 'A' 'A' 'A' 'A' 'A' 'U' 'M' 'A' 'U' 'A' 'A' 'A' 'U' 'U' 'U' 'U'
 'U' 'U' 'U' 'A' 'A' 'A' 'A' 'A' 'A' 'A' 'A' 'A' 'A' 'U' 'A' 'A' 'U' 'U'
 'A' 'U' 'M' 'U' 'U' 'U' 'A' 'A' 'M' 'A' 'A' 'U' 'M' 'M' 'U' 'U' 'M' 'U'
 'A' 'A' 'A' 'A' 'U' 'A' 'M' 'A' 'A' 'M' 'A' 'U' 'A' 'A' 'M' 'A' 'U' 'A'
 'U' 'A' 'U' 'U' 'A' 'A' 'U' 'M' 'U' 'A' 'U' 'A' 'M' 'M' 'A' 'A' 'U' 'U']"
2801,2,130,85,45,68,0,0,"['M' 'A' 'A' 'U' 'U' 'A' 'A' 'M' 'U' 'A' 'U' 'U' 'M' 'U' 'A' 'A' 'A' 'U'
 'U' 'A' 'A' 'A' 'A' 'U' 'U' 'A' 'U' 'A' 'A' 'A' 'A' 'U' 'U' 'A' 'U' 'M'
 'U' 'A' 'U' 'M' 'A' 'A' 'U' 'U' 'A' 'A' 'A' 'M' 'A' 'U' 'A' 'M' 'U' 'A'
 'M' 'A' 'A' 'A' 'U' 'U' 'A' 'U' 'U' 'M' 'U' 'M' 'U' 'U' 'M' 'M' 'U' 'M'
 'M' 'M' 'M' 'M' 'M' 'U' 'M' 'U' 'M' 'M' 'U' 'M' 'M' 'M' 'M' 'U' 'M' 'M'
 'M' 'U' 'M' 'U' 'M' 'A' 'M' 'M' 'M' 'A' 'A' 'U' 'M' 'A' 'A' 'U' 'U' 'A'
 'U' 'A' 'U' 'A' 'A' 'A' 'A' 'U' 'M' 'A' 'U' 'U' 'A' 'A' 'M' 'U' 'U' 'U'
 'A' 'U' 'A' 'A' 'A' 'A' 'A' 'A' 'A' 'U' 'U' 'A' 'A' 'U' 'A' 'A' 'U' 'A'
 'A' 'U' 'M' 'A' 'U' 'U' 'A' 'U' 'M' 'A' 'A' 'U' 'M' 'M' 'U' 'A' 'M' 'U'
 'A' 'U' 'A' 'A' 'U' 'A' 'M' 'A' 'A' 'U' 'A' 'A' 'A' 'A' 'M' 'A' 'A' 'A'
 'A' 'A' 'U' 'U' 'A' 'A' 'A' 'M' 'U' 'A' 'U' 'U' 'U' 'M' 'A' 'A' 'U' 'U']"
2901,2,124,79,45,74,0,1,"['M' 'A' 'A' 'M' 'U' 'A' 'A' 'M' 'U' 'A' 'U' 'U' 'U' 'U' 'A' 'A' 'A' 'U'
 'M' 'A' 'A' 'A' 'A' 'U' 'U' 'A' 'U' 'A' 'A' 'A' 'A' 'U' 'U' 'A' 'U' 'M'
 'U' 'A' 'U' 'M' 'A' 'A' 'A' 'U' 'A' 'U' 'A' 'A' 'A' 'U' 'A' 'U' 'M' 'A'
 'M' 'A' 'A' 'A' 'U' 'U' 'A' 'U' 'U' 'M' 'U' 'M' 'U' 'M' 'M' 'M' 'M' 'M'
 'M' 'M' 'U' 'M' 'M' 'M' 'M' 'M' 'M' 'M' 'M' 'U' 'M' 'M' 'U' 'U' 'M' 'U'
 'M' 'U' 'U' 'U' 'M' 'A' 'M' 'M' 'M' 'A' 'A' 'M' 'U' 'U' 'A' 'U' 'U' 'A'
 'A' 'A' 'U' 'A' 'A' 'U' 'A' 'U' 'M' 'A' 'U' 'U' 'A' 'U' 'M' 'U' 'M' 'M'
 'A' 'U' 'A' 'A' 'A' 'A' 'U' 'A' 'A' 'U' 'U' 'A' 'A' 'U' 'A' 'A' 'U' 'A'
 'U' 'U' 'M' 'U' 'U' 'U' 'A' 'U' 'M' 'U' 'A' 'A' 'U' 'M' 'U' 'A' 'U' 'U'
 'A' 'A' 'A' 'U' 'U' 'A' 'M' 'U' 'A' 'U' 'A' 'A' 'A' 'A' 'M' 'A' 'A' 'A'
 'A' 'U' 'A' 'U' 'U' 'A' 'A' 'M' 'A' 'A' 'U' 'U' 'U' 'M' 'A' 'U' 'U' 'U']"
3001,2,135,81,54,63,0,0,"['M' 'A' 'A' 'M' 'A' 'A' 'A' 'M' 'M' 'A' 'U' 'A' 'A' 'U' 'A' 'A' 'A' 'U'
 'M' 'M' 'A' 'A' 'A' 'M' 'U' 'A' 'U' 'A' 'A' 'A' 'A' 'U' 'U' 'A' 'U' 'M'
 'U' 'A' 'U' 'M' 'A' 'A' 'A' 'U' 'A' 'U' 'A' 'A' 'A' 'U' 'U' 'U' 'M' 'A'
 'M' 'A' 'U' 'A' 'A' 'U' 'A' 'U' 'U' 'U' 'U' 'U' 'M' 'M' 'U' 'M' 'M' 'M'
 'M' 'U' 'M' 'M' 'M' 'M' 'U' 'U' 'M' 'U' 'M' 'M' 'M' 'M' 'M' 'U' 'U' 'M'
 'M' 'M' 'U' 'M' 'M' 'A' 'M' 'M' 'M' 'A' 'A' 'M' 'U' 'A' 'A' 'U' 'U' 'A'
 'A' 'A' 'M' 'A' 'A' 'U' 'A' 'A' 'M' 'U' 'U' 'M' 'A' 'U' 'M' 'U' 'M' 'M'
 'A' 'U' 'A' 'A' 'A' 'U' 'A' 'A' 'A' 'A' 'A' 'A' 'A' 'U' 'A' 'A' 'M' 'A'
 'U' 'U' 'M' 'A' 'M' 'U' 'U' 'U' 'M' 'M' 'A' 'A' 'U' 'M' 'U' 'U' 'U' 'U'
 'A' 'A' 'A' 'U' 'U' 'U' 'M' 'U' 'A' 'U' 'A' 'A' 'A' 'A' 'M' 'A' 'A' 'A'
 'A' 'U' 'A' 'U' 'U' 'A' 'A' 'M' 'A' 'A' 'A' 'M' 'U' 'M' 'U' 'M' 'U' 'U']"
3101,2,128,79,49,70,0,1,"['M' 'A' 'A' 'M' 'A' 'A' 'A' 'M' 'U' 'A' 'U' 'A' 'A' 'U' 'A' 'A' 'A' 'U'
 'M' 'M' 'A' 'A' 'A' 'M' 'U' 'A' 'M' 'A' 'A' 'A' 'U' 'U' 'U' 'A' 'M' 'M'
 'U' 'A' 'U' 'M' 'A' 'U' 'A' 'U' 'U' 'U' 'A' 'A' 'U' 'U' 'A' 'U' 'M' 'A'
 'U' 'A' 'U' 'A' 'A' 'U' 'A' 'U' 'M' 'U' 'U' 'U' 'M' 'M' 'M' 'U' 'M' 'M'
 'U' 'M' 'U' 'M' 'M' 'U' 'M' 'M' 'M' 'U' 'U' 'M' 'M' 'M' 'M' 'M' 'M' 'U'
 'M' 'M' 'U' 'M' 'M' 'A' 'U' 'M' 'U' 'A' 'A' 'M' 'U' 'A' 'A' 'A' 'U' 'A'
 'A' 'U' 'M' 'A' 'U' 'A' 'A' 'A' 'M' 'U' 'U' 'U' 'A' 'U' 'M' 'U' 'U' 'M'
 'A' 'A' 'U' 'U' 'A' 'A' 'A' 'A' 'A' 'A' 'A' 'A' 'A' 'A' 'A' 'A' 'M' 'A'
 'U' 'U' 'M' 'A' 'M' 'U' 'A' 'M' 'U' 'U' 'A' 'A' 'A' 'M' 'U' 'U' 'U' 'U'
 'U' 'U' 'A' 'U' 'U' 'U' 'U' 'U' 'A' 'U' 'A' 'A' 'A' 'A' 'M' 'A' 'A' 'U'
 'A' 'U' 'A' 'A' 'U' 'A' 'A' 'M' 'A' 'U' 'A' 'M' 'A' 'U' 'U' 'M' 'M' 'U']"
3201,2,134,81,53,64,0,1,"['M' 'A' 'A' 'M' 'U' 'A' 'A' 'U' 'M' 'A' 'U' 'A' 'A' 'U' 'A' 'A' 'A' 'A'
 'M' 'M' 'A' 'A' 'A' 'U' 'A' 'A' 'M' 'A' 'A' 'A' 'M' 'A' 'U' 'U' 'M' 'M'
 'U' 'A' 'U' 'M' 'A' 'U' 'A' 'U' 'A' 'A' 'U' 'A' 'U' 'U' 'M' 'U' 'M' 'A'
 'U' 'A' 'M' 'A' 'A' 'M' 'A' 'U' 'M' 'U' 'U' 'M' 'U' 'M' 'U' 'M' 'M' 'M'
 'U' 'M' 'M' 'U' 'U' 'M' 'M' 'U' 'M' 'M' 'M' 'M' 'U' 'U' 'M' 'M' 'M' 'M'
 'M' 'M' 'M' 'U' 'M' 'A' 'U' 'M' 'U' 'U' 'A' 'M' 'U' 'A' 'A' 'U' 'U' 'A'
 'A' 'M' 'M' 'A' 'U' 'A' 'A' 'A' 'M' 'U' 'U' 'U' 'A' 'U' 'M' 'U' 'U' 'M'
 'A' 'A' 'U' 'U' 'A' 'A' 'U' 'A' 'A' 'A' 'A' 'A' 'A' 'A' 'A' 'A' 'M' 'A'
 'U' 'M' 'M' 'A' 'M' 'U' 'A' 'M' 'U' 'U' 'A' 'A' 'A' 'M' 'A' 'U' 'A' 'U'
 'U' 'U' 'A' 'A' 'A' 'U' 'U' 'U' 'A' 'U' 'A' 'A' 'A' 'A' 'U' 'A' 'A' 'U'
 'A' 'U' 'A' 'U' 'U' 'A' 'A' 'M' 'A' 'A' 'A' 'M' 'U' 'U' 'A' 'M' 'M' 'U']"
3301,2,136,87,49,62,0,1,"['M' 'A' 'A' 'M' 'U' 'A' 'A' 'U' 'M' 'A' 'U' 'A' 'A' 'U' 'A' 'A' 'A' 'A'
 'U' 'M' 'A' 'A' 'A' 'U' 'A' 'U' 'M' 'A' 'A' 'A' 'U' 'A' 'U' 'A' 'M' 'U'
 'U' 'A' 'U' 'M' 'A' 'U' 'A' 'M' 'A' 'A' 'M' 'A' 'M' 'U' 'M' 'U' 'M' 'A'
 'U' 'A' 'U' 'A' 'A' 'U' 'A' 'U' 'M' 'U' 'U' 'U' 'M' 'U' 'U' 'U' 'M' 'M'
 'M' 'M' 'U' 'M' 'U' 'M' 'U' 'M' 'M' 'M' 'M' 'M' 'U' 'M' 'M' 'M' 'M' 'M'
 'M' 'M' 'U' 'M' 'M' 'A' 'U' 'M' 'U' 'U' 'A' 'M' 'U' 'U' 'A' 'A' 'U' 'A'
 'U' 'M' 'A' 'A' 'A' 'A' 'A' 'A' 'M' 'U' 'A' 'U' 'A' 'U' 'M' 'A' 'U' 'M'
 'A' 'A' 'U' 'A' 'A' 'A' 'A' 'A' 'A' 'A' 'A' 'A' 'A' 'A' 'A' 'A' 'M' 'A'
 'U' 'M' 'M' 'A' 'M' 'U' 'A' 'M' 'U' 'M' 'A' 'A' 'A' 'U' 'A' 'U' 'U' 'M'
 'A' 'U' 'A' 'A' 'A' 'U' 'U' 'U' 'A' 'U' 'A' 'A' 'A' 'A' 'U' 'A' 'A' 'U'
 'A' 'A' 'A' 'A' 'A' 'A' 'U' 'M' 'A' 'A' 'U' 'U' 'U' 'U' 'A' 'U' 'M' 'U']"
3401,2,143,91,52,55,0,1,"['M' 'A' 'A' 'M' 'U' 'M' 'A' 'U' 'M' 'A' 'A' 'U' 'A' 'A' 'A' 'A' 'A' 'A'
 'U' 'M' 'A' 'A' 'A' 'U' 'A' 'A' 'M' 'A' 'A' 'A' 'U' 'U' 'U' 'A' 'M' 'U'
 'M' 'A' 'U' 'M' 'A' 'A' 'A' 'M' 'M' 'A' 'M' 'A' 'M' 'U' 'A' 'U' 'M' 'A'
 'U' 'A' 'U' 'A' 'A' 'A' 'A' 'U' 'U' 'A' 'U' 'M' 'U' 'M' 'M' 'U' 'M' 'M'
 'M' 'U' 'M' 'M' 'M' 'M' 'U' 'M' 'M' 'M' 'M' 'U' 'M' 'U' 'U' 'M' 'M' 'M'
 'U' 'U' 'M' 'M' 'M' 'A' 'U' 'M' 'U' 'U' 'A' 'M' 'U' 'U' 'U' 'A' 'U' 'A'
 'U' 'M' 'A' 'A' 'A' 'A' 'A' 'U' 'M' 'M' 'U' 'U' 'A' 'U' 'M' 'A' 'A' 'M'
 'A' 'A' 'A' 'A' 'A' 'A' 'A' 'A' 'A' 'A' 'A' 'A' 'A' 'A' 'A' 'A' 'M' 'A'
 'U' 'M' 'M' 'A' 'M' 'A' 'A' 'M' 'U' 'M' 'A' 'A' 'A' 'U' 'A' 'U' 'U' 'M'
 'A' 'U' 'A' 'A' 'A' 'A' 'U' 'A' 'A' 'M' 'A' 'A' 'U' 'A' 'U' 'A' 'A' 'U'
 'U' 'A' 'A' 'A' 'A' 'A' 'U' 'M' 'A' 'A' 'U' 'U' 'A' 'U' 'A' 'U' 'M' 'U']"
3501,2,147,95,52,51,0,1,"['M' 'A' 'A' 'M' 'U' 'U' 'A' 'A' 'M' 'A' 'A' 'U' 'A' 'U' 'A' 'A' 'A' 'U'
 'U' 'M' 'A' 'A' 'A' 'M' 'A' 'U' 'M' 'A' 'A' 'A' 'U' 'U' 'M' 'U' 'M' 'A'
 'M' 'A' 'U' 'M' 'A' 'A' 'A' 'M' 'M' 'A' 'M' 'A' 'M' 'U' 'A' 'A' 'M' 'A'
 'U' 'A' 'U' 'A' 'A' 'A' 'A' 'U' 'A' 'A' 'U' 'M' 'M' 'U' 'U' 'M' 'U' 'U'
 'M' 'U' 'M' 'M' 'M' 'M' 'M' 'M' 'M' 'M' 'M' 'M' 'U' 'M' 'U' 'M' 'M' 'U'
 'U' 'M' 'M' 'M' 'M' 'A' 'U' 'M' 'U' 'U' 'A' 'M' 'A' 'A' 'M' 'A' 'U' 'U'
 'U' 'U' 'A' 'A' 'A' 'A' 'U' 'A' 'M' 'A' 'U' 'U' 'A' 'U' 'U' 'A' 'U' 'M'
 'A' 'A' 'A' 'U' 'A' 'A' 'A' 'A' 'A' 'A' 'A' 'A' 'A' 'A' 'A' 'A' 'M' 'A'
 'A' 'M' 'U' 'A' 'M' 'A' 'A' 'M' 'A' 'U' 'A' 'A' 'A' 'U' 'A' 'U' 'U' 'M'
 'A' 'U' 'A' 'A' 'A' 'A' 'U' 'A' 'A' 'M' 'A' 'A' 'A' 'A' 'A' 'A' 'A' 'M'
 'A' 'A' 'A' 'U' 'A' 'A' 'A' 'M' 'A' 'A' 'U' 'U' 'A' 'U' 'M' 'M' 'M' 'U']"
3601,2,150,97,53,48,0,1,"['M' 'A' 'A' 'U' 'U' 'U' 'A' 'A' 'M' 'A' 'A' 'U' 'A' 'U' 'A' 'A' 'A' 'U'
 'M' 'M' 'A' 'A' 'A' 'M' 'A' 'M' 'U' 'A' 'A' 'A' 'U' 'A' 'M' 'U' 'U' 'A'
 'M' 'A' 'U' 'M' 'A' 'A' 'A' 'M' 'U' 'A' 'M' 'A' 'M' 'U' 'A' 'A' 'M' 'A'
 'M' 'U' 'U' 'A' 'A' 'A' 'A' 'U' 'A' 'A' 'U' 'U' 'M' 'M' 'M' 'M' 'M' 'U'
 'M' 'M' 'M' 'M' 'M' 'M' 'M' 'U' 'M' 'U' 'U' 'U' 'M' 'U' 'U' 'U' 'M' 'M'
 'M' 'M' 'M' 'M' 'M' 'A' 'A' 'M' 'U' 'A' 'A' 'M' 'A' 'A' 'M' 'U' 'A' 'A'
 'U' 'U' 'A' 'A' 'A' 'A' 'U' 'A' 'M' 'A' 'U' 'M' 'A' 'M' 'U' 'A' 'U' 'M'
 'U' 'A' 'A' 'A' 'A' 'A' 'A' 'A' 'A' 'A' 'A' 'A' 'A' 'A' 'A' 'A' 'M' 'A'
 'U' 'M' 'A' 'A' 'M' 'A' 'A' 'M' 'A' 'U' 'A' 'A' 'A' 'M' 'A' 'M' 'U' 'M'
 'A' 'U' 'U' 'A' 'A' 'A' 'U' 'A' 'A' 'U' 'A' 'A' 'A' 'A' 'A' 'A' 'A' 'U'
 'A' 'A' 'A' 'U' 'A' 'A' 'A' 'M' 'A' 'A' 'U' 'A' 'U' 'M' 'M' 'M' 'U' 'U']"
3701,2,147,93,54,51,0,1,"['M' 'A' 'A' 'U' 'M' 'M' 'A' 'A' 'U' 'A' 'A' 'U' 'A' 'U' 'A' 'A' 'A' 'U'
 'M' 'M' 'A' 'A' 'U' 'M' 'U' 'U' 'A' 'A' 'A' 'A' 'U' 'A' 'M' 'U' 'U' 'U'
 'M' 'A' 'U' 'M' 'A' 'A' 'A' 'M' 'U' 'A' 'M' 'A' 'M' 'U' 'A' 'A' 'M' 'A'
 'M' 'M' 'U' 'A' 'A' 'A' 'U' 'A' 'A' 'A' 'U' 'M' 'M' 'M' 'M' 'M' 'M' 'M'
 'M' 'U' 'M' 'M' 'U' 'M' 'M' 'M' 'M' 'U' 'U' 'M' 'M' 'U' 'M' 'U' 'U' 'M'
 'U' 'U' 'M' 'M' 'M' 'A' 'A' 'U' 'U' 'A' 'A' 'M' 'U' 'A' 'M' 'A' 'U' 'A'
 'M' 'M' 'A' 'A' 'A' 'A' 'U' 'A' 'M' 'A' 'M' 'M' 'A' 'M' 'A' 'A' 'U' 'U'
 'U' 'A' 'A' 'A' 'A' 'A' 'A' 'A' 'A' 'A' 'A' 'A' 'A' 'A' 'A' 'A' 'M' 'A'
 'U' 'M' 'A' 'A' 'M' 'A' 'A' 'M' 'A' 'U' 'A' 'M' 'A' 'U' 'A' 'U' 'A' 'M'
 'A' 'U' 'U' 'A' 'A' 'A' 'U' 'A' 'U' 'A' 'A' 'U' 'A' 'A' 'A' 'A' 'U' 'U'
 'A' 'A' 'A' 'A' 'U' 'A' 'A' 'M' 'A' 'A' 'U' 'A' 'U' 'M' 'M' 'M' 'U' 'U']"
3801,2,142,88,54,56,0,1,"['M' 'A' 'A' 'U' 'M' 'U' 'A' 'A' 'U' 'A' 'U' 'A' 'A' 'U' 'A' 'A' 'A' 'U'
 'M' 'M' 'A' 'A' 'M' 'U' 'U' 'U' 'A' 'A' 'U' 'A' 'U' 'A' 'M' 'U' 'U' 'U'
 'M' 'U' 'A' 'M' 'U' 'A' 'A' 'M' 'U' 'A' 'M' 'A' 'M' 'U' 'A' 'A' 'M' 'A'
 'M' 'M' 'U' 'A' 'A' 'A' 'M' 'A' 'A' 'A' 'U' 'U' 'M' 'M' 'M' 'U' 'M' 'M'
 'M' 'M' 'U' 'U' 'U' 'M' 'M' 'M' 'M' 'M' 'M' 'U' 'M' 'M' 'U' 'M' 'U' 'M'
 'M' 'M' 'M' 'U' 'M' 'A' 'A' 'A' 'U' 'U' 'A' 'M' 'U' 'U' 'M' 'A' 'A' 'A'
 'M' 'M' 'A' 'A' 'A' 'A' 'U' 'A' 'M' 'A' 'M' 'M' 'A' 'M' 'A' 'A' 'M' 'U'
 'U' 'U' 'A' 'A' 'A' 'A' 'A' 'A' 'A' 'A' 'A' 'A' 'A' 'A' 'A' 'A' 'U' 'A'
 'U' 'M' 'A' 'A' 'M' 'A' 'A' 'M' 'A' 'A' 'A' 'U' 'A' 'M' 'A' 'U' 'A' 'M'
 'A' 'U' 'U' 'A' 'A' 'U' 'U' 'U' 'U' 'A' 'A' 'U' 'A' 'A' 'A' 'U' 'U' 'U'
 'A' 'A' 'A' 'A' 'U' 'A' 'A' 'M' 'A' 'A' 'U' 'A' 'U' 'M' 'M' 'M' 'U' 'U']"
3901,2,140,85,55,58,0,0,"['M' 'A' 'A' 'U' 'M' 'U' 'A' 'A' 'U' 'A' 'A' 'A' 'A' 'U' 'A' 'A' 'A' 'U'
 'M' 'M' 'U' 'A' 'M' 'A' 'U' 'U' 'A' 'A' 'U' 'A' 'A' 'A' 'M' 'A' 'U' 'U'
 'M' 'A' 'A' 'M' 'U' 'A' 'A' 'M' 'U' 'A' 'M' 'A' 'M' 'U' 'A' 'A' 'M' 'A'
 'M' 'M' 'U' 'A' 'U' 'U' 'M' 'U' 'A' 'A' 'A' 'U' 'M' 'U' 'M' 'U' 'M' 'M'
 'M' 'U' 'M' 'M' 'M' 'M' 'M' 'M' 'U' 'M' 'U' 'M' 'M' 'U' 'M' 'M' 'M' 'U'
 'M' 'U' 'M' 'M' 'M' 'A' 'U' 'A' 'M' 'U' 'A' 'M' 'U' 'U' 'M' 'U' 'A' 'A'
 'M' 'M' 'A' 'A' 'A' 'A' 'U' 'A' 'M' 'A' 'M' 'U' 'U' 'M' 'A' 'U' 'M' 'A'
 'U' 'M' 'U' 'A' 'A' 'A' 'A' 'A' 'A' 'A' 'A' 'A' 'A' 'A' 'A' 'A' 'U' 'A'
 'U' 'M' 'U' 'A' 'M' 'A' 'A' 'U' 'A' 'A' 'A' 'U' 'A' 'M' 'A' 'U' 'A' 'M'
 'U' 'U' 'U' 'A' 'A' 'U' 'U' 'U' 'U' 'A' 'A' 'U' 'A' 'A' 'A' 'U' 'U' 'U'
 'A' 'A' 'A' 'A' 'U' 'A' 'A' 'M' 'A' 'A' 'U' 'A' 'M' 'M' 'M' 'M' 'A' 'U']"
4001,2,137,84,53,61,0,0,"['M' 'A' 'A' 'U' 'U' 'U' 'A' 'A' 'U' 'A' 'A' 'A' 'A' 'U' 'A' 'A' 'A' 'A'
 'M' 'M' 'M' 'A' 'M' 'A' 'A' 'U' 'A' 'U' 'U' 'A' 'A' 'A' 'M' 'A' 'A' 'M'
 'M' 'A' 'U' 'M' 'U' 'A' 'U' 'U' 'U' 'A' 'M' 'A' 'U' 'A' 'A' 'U' 'M' 'A'
 'M' 'M' 'U' 'A' 'M' 'U' 'M' 'U' 'A' 'A' 'A' 'M' 'U' 'M' 'M' 'U' 'M' 'U'
 'M' 'M' 'M' 'M' 'M' 'U' 'M' 'M' 'U' 'U' 'M' 'M' 'M' 'M' 'U' 'M' 'U' 'U'
 'M' 'M' 'M' 'M' 'M' 'A' 'U' 'U' 'M' 'U' 'A' 'M' 'A' 'U' 'M' 'U' 'A' 'A'
 'M' 'M' 'A' 'A' 'A' 'A' 'A' 'A' 'M' 'A' 'U' 'U' 'M' 'M' 'U' 'M' 'U' 'A'
 'U' 'U' 'A' 'A' 'A' 'A' 'A' 'A' 'A' 'A' 'A' 'A' 'A' 'A' 'A' 'A' 'U' 'A'
 'U' 'M' 'U' 'A' 'U' 'A' 'U' 'U' 'A' 'A' 'A' 'U' 'U' 'M' 'A' 'U' 'A' 'M'
 'M' 'U' 'U' 'A' 'U' 'A' 'U' 'U' 'U' 'A' 'A' 'U' 'A' 'A' 'A' 'U' 'U' 'U'
 'A' 'A' 'A' 'A' 'U' 'A' 'A' 'M' 'A' 'A' 'U' 'A' 'M' 'M' 'M' 'U' 'A' 'U']"
4101,2,128,80,48,70,0,0,"['M' 'A' 'A' 'A' 'U' 'M' 'A' 'A' 'U' 'A' 'A' 'A' 'A' 'A' 'U' 'A' 'A' 'U'
 'M' 'M' 'U' 'U' 'M' 'A' 'U' 'M' 'A' 'U' 'U' 'A' 'U' 'A' 'M' 'A' 'A' 'U'
 'M' 'U' 'U' 'M' 'U' 'A' 'A' 'U' 'U' 'A' 'M' 'A' 'A' 'A' 'A' 'A' 'M' 'A'
 'U' 'M' 'A' 'U' 'M' 'U' 'A' 'U' 'A' 'A' 'A' 'M' 'M' 'M' 'M' 'M' 'M' 'M'
 'U' 'M' 'U' 'U' 'U' 'M' 'U' 'M' 'M' 'U' 'U' 'M' 'U' 'M' 'M' 'M' 'M' 'M'
 'M' 'M' 'U' 'M' 'M' 'A' 'U' 'U' 'U' 'U' 'U' 'M' 'A' 'U' 'M' 'U' 'A' 'U'
 'M' 'U' 'A' 'A' 'A' 'A' 'A' 'A' 'M' 'A' 'U' 'U' 'M' 'M' 'U' 'M' 'U' 'A'
 'U' 'U' 'U' 'A' 'A' 'A' 'A' 'A' 'A' 'A' 'A' 'A' 'A' 'A' 'A' 'A' 'U' 'A'
 'M' 'U' 'U' 'A' 'U' 'A' 'A' 'U' 'A' 'A' 'A' 'U' 'U' 'M' 'A' 'U' 'A' 'U'
 'U' 'M' 'A' 'A' 'U' 'U' 'U' 'U' 'U' 'A' 'A' 'U' 'A' 'A' 'A' 'U' 'U' 'A'
 'A' 'A' 'A' 'U' 'U' 'A' 'A' 'U' 'U' 'A' 'M' 'U' 'M' 'M' 'M' 'U' 'A' 'U']"
4201,2,136,83,53,62,0,0,"['M' 'A' 'A' 'A' 'M' 'M' 'A' 'A' 'A' 'A' 'A' 'A' 'U' 'A' 'U' 'A' 'A' 'U'
 'M' 'M' 'U' 'M' 'M' 'A' 'U' 'M' 'A' 'M' 'U' 'A' 'U' 'A' 'U' 'A' 'A' 'M'
 'M' 'U' 'U' 'M' 'U' 'A' 'A' 'A' 'U' 'A' 'M' 'A' 'A' 'A' 'A' 'A' 'M' 'A'
 'U' 'M' 'A' 'A' 'M' 'M' 'A' 'U' 'U' 'A' 'A' 'M' 'M' 'U' 'M' 'M' 'M' 'M'
 'M' 'M' 'M' 'M' 'M' 'M' 'M' 'U' 'M' 'U' 'U' 'M' 'U' 'U' 'M' 'M' 'M' 'U'
 'M' 'U' 'M' 'M' 'U' 'U' 'A' 'U' 'U' 'U' 'U' 'M' 'A' 'U' 'M' 'U' 'A' 'U'
 'M' 'U' 'A' 'A' 'A' 'A' 'A' 'A' 'M' 'A' 'U' 'U' 'M' 'M' 'U' 'M' 'U' 'A'
 'U' 'U' 'U' 'A' 'A' 'A' 'A' 'A' 'A' 'A' 'A' 'A' 'A' 'A' 'A' 'A' 'M' 'A'
 'M' 'A' 'A' 'A' 'U' 'A' 'U' 'U' 'A' 'A' 'A' 'U' 'U' 'M' 'A' 'A' 'A' 'U'
 'U' 'U' 'A' 'A' 'M' 'M' 'U' 'A' 'A' 'A' 'U' 'U' 'A' 'U' 'A' 'A' 'U' 'U'
 'A' 'A' 'A' 'U' 'U' 'A' 'A' 'M' 'U' 'A' 'U' 'U' 'U' 'M' 'M' 'U' 'A' 'U']"
4301,2,142,85,57,56,0,0,"['M' 'A' 'A' 'A' 'M' 'M' 'A' 'A' 'A' 'U' 'A' 'A' 'A' 'A' 'M' 'A' 'A' 'U'
 'M' 'M' 'U' 'M' 'M' 'A' 'U' 'M' 'A' 'M' 'U' 'A' 'U' 'A' 'M' 'A' 'A' 'M'
 'M' 'A' 'U' 'M' 'U' 'A' 'A' 'A' 'U' 'A' 'M' 'A' 'U' 'A' 'M' 'A' 'M' 'A'
 'U' 'M' 'A' 'A' 'M' 'M' 'A' 'A' 'U' 'A' 'A' 'U' 'M' 'M' 'M' 'U' 'U' 'U'
 'M' 'M' 'M' 'M' 'U' 'M' 'M' 'M' 'U' 'M' 'M' 'M' 'U' 'M' 'M' 'M' 'M' 'U'
 'M' 'M' 'U' 'M' 'M' 'A' 'A' 'U' 'U' 'M' 'U' 'U' 'A' 'U' 'M' 'U' 'A' 'U'
 'M' 'U' 'A' 'A' 'U' 'U' 'A' 'U' 'M' 'A' 'U' 'U' 'U' 'M' 'U' 'M' 'A' 'A'
 'U' 'A' 'M' 'A' 'A' 'A' 'A' 'A' 'A' 'A' 'A' 'A' 'A' 'A' 'U' 'A' 'M' 'A'
 'M' 'A' 'A' 'A' 'A' 'A' 'U' 'A' 'A' 'A' 'A' 'U' 'A' 'M' 'A' 'A' 'A' 'U'
 'U' 'U' 'A' 'A' 'M' 'M' 'U' 'U' 'A' 'U' 'U' 'U' 'A' 'U' 'A' 'A' 'U' 'A'
 'A' 'A' 'U' 'U' 'U' 'A' 'A' 'M' 'U' 'A' 'A' 'M' 'U' 'M' 'M' 'A' 'A' 'U']"
4401,2,136,81,55,62,0,1,"['M' 'M' 'A' 'A' 'U' 'M' 'A' 'A' 'A' 'U' 'A' 'A' 'A' 'A' 'M' 'A' 'A' 'U'
 'M' 'M' 'U' 'M' 'M' 'A' 'U' 'M' 'A' 'M' 'U' 'A' 'U' 'A' 'M' 'A' 'A' 'U'
 'M' 'A' 'A' 'M' 'U' 'A' 'U' 'U' 'U' 'A' 'U' 'A' 'U' 'A' 'M' 'A' 'M' 'A'
 'U' 'M' 'A' 'A' 'M' 'M' 'A' 'A' 'U' 'A' 'A' 'U' 'U' 'U' 'M' 'M' 'M' 'M'
 'U' 'M' 'M' 'U' 'U' 'U' 'M' 'M' 'M' 'M' 'M' 'M' 'U' 'M' 'M' 'M' 'M' 'M'
 'M' 'U' 'M' 'M' 'M' 'A' 'U' 'U' 'U' 'M' 'A' 'U' 'U' 'A' 'M' 'U' 'A' 'U'
 'M' 'U' 'A' 'A' 'A' 'U' 'M' 'U' 'M' 'A' 'U' 'A' 'U' 'M' 'A' 'M' 'A' 'A'
 'U' 'A' 'M' 'A' 'A' 'A' 'A' 'A' 'A' 'A' 'A' 'A' 'A' 'M' 'U' 'A' 'M' 'U'
 'M' 'A' 'A' 'A' 'A' 'A' 'U' 'A' 'A' 'A' 'A' 'M' 'U' 'A' 'A' 'A' 'A' 'A'
 'U' 'U' 'U' 'A' 'U' 'M' 'U' 'U' 'A' 'U' 'M' 'U' 'A' 'U' 'U' 'A' 'U' 'A'
 'A' 'A' 'U' 'A' 'U' 'A' 'A' 'U' 'U' 'U' 'A' 'M' 'U' 'U' 'M' 'A' 'U' 'U']"
4501,2,138,85,53,60,0,0,"['M' 'M' 'A' 'A' 'U' 'M' 'A' 'A' 'A' 'U' 'A' 'A' 'A' 'A' 'M' 'A' 'A' 'M'
 'M' 'M' 'A' 'M' 'M' 'A' 'U' 'M' 'A' 'M' 'U' 'A' 'A' 'A' 'U' 'U' 'U' 'U'
 'M' 'A' 'U' 'U' 'U' 'A' 'U' 'U' 'U' 'A' 'U' 'A' 'U' 'A' 'M' 'A' 'M' 'A'
 'U' 'M' 'U' 'A' 'M' 'M' 'A' 'A' 'A' 'A' 'A' 'M' 'M' 'M' 'M' 'U' 'M' 'U'
 'M' 'M' 'M' 'M' 'M' 'M' 'U' 'M' 'U' 'M' 'M' 'M' 'M' 'M' 'U' 'M' 'M' 'U'
 'U' 'U' 'U' 'M' 'M' 'A' 'U' 'U' 'U' 'M' 'A' 'U' 'U' 'A' 'M' 'U' 'A' 'U'
 'U' 'U' 'A' 'A' 'A' 'A' 'M' 'U' 'M' 'U' 'A' 'A' 'U' 'U' 'A' 'U' 'U' 'A'
 'U' 'A' 'M' 'A' 'A' 'A' 'A' 'A' 'A' 'A' 'A' 'A' 'A' 'M' 'U' 'A' 'U' 'A'
 'U' 'A' 'U' 'A' 'A' 'A' 'U' 'A' 'A' 'A' 'A' 'M' 'U' 'A' 'A' 'A' 'A' 'A'
 'M' 'U' 'U' 'A' 'M' 'A' 'U' 'U' 'A' 'M' 'M' 'M' 'A' 'U' 'A' 'A' 'M' 'A'
 'A' 'A' 'U' 'A' 'U' 'A' 'A' 'A' 'M' 'U' 'A' 'M' 'U' 'A' 'U' 'A' 'U' 'A']"
4601,2,136,83,53,62,0,1,"['M' 'M' 'A' 'A' 'M' 'M' 'A' 'U' 'A' 'U' 'U' 'A' 'A' 'A' 'M' 'A' 'A' 'M'
 'U' 'M' 'A' 'M' 'M' 'A' 'U' 'M' 'A' 'U' 'M' 'A' 'A' 'A' 'U' 'U' 'U' 'U'
 'M' 'A' 'A' 'U' 'U' 'A' 'A' 'U' 'A' 'A' 'A' 'A' 'U' 'A' 'M' 'A' 'M' 'A'
 'U' 'M' 'U' 'A' 'M' 'M' 'A' 'U' 'A' 'U' 'A' 'M' 'M' 'M' 'M' 'M' 'M' 'M'
 'U' 'U' 'M' 'M' 'M' 'M' 'M' 'M' 'U' 'M' 'U' 'M' 'U' 'M' 'U' 'M' 'M' 'U'
 'M' 'M' 'M' 'U' 'U' 'A' 'U' 'M' 'U' 'M' 'A' 'U' 'U' 'A' 'M' 'U' 'A' 'U'
 'M' 'U' 'A' 'A' 'A' 'A' 'M' 'U' 'M' 'U' 'A' 'A' 'U' 'M' 'A' 'U' 'U' 'A'
 'A' 'U' 'U' 'A' 'A' 'A' 'A' 'A' 'A' 'A' 'A' 'A' 'A' 'M' 'U' 'A' 'U' 'A'
 'U' 'A' 'U' 'M' 'A' 'A' 'U' 'A' 'A' 'A' 'A' 'M' 'U' 'A' 'A' 'A' 'A' 'A'
 'M' 'U' 'U' 'A' 'M' 'U' 'U' 'U' 'A' 'U' 'M' 'M' 'A' 'U' 'A' 'A' 'M' 'A'
 'A' 'A' 'U' 'U' 'U' 'A' 'A' 'A' 'U' 'A' 'A' 'U' 'U' 'A' 'U' 'A' 'U' 'A']"
4701,2,135,84,51,63,0,0,"['M' 'U' 'A' 'A' 'M' 'U' 'A' 'U' 'A' 'U' 'M' 'A' 'A' 'A' 'M' 'A' 'A' 'M'
 'U' 'M' 'A' 'M' 'M' 'A' 'A' 'M' 'A' 'U' 'M' 'A' 'A' 'A' 'U' 'U' 'A' 'A'
 'U' 'A' 'A' 'A' 'M' 'A' 'A' 'U' 'A' 'A' 'U' 'A' 'U' 'A' 'M' 'U' 'M' 'A'
 'M' 'M' 'U' 'A' 'M' 'M' 'U' 'A' 'A' 'U' 'U' 'M' 'U' 'U' 'M' 'U' 'M' 'M'
 'U' 'U' 'M' 'M' 'M' 'M' 'U' 'U' 'M' 'U' 'M' 'M' 'M' 'M' 'M' 'M' 'M' 'M'
 'M' 'M' 'M' 'M' 'U' 'A' 'M' 'M' 'U' 'M' 'A' 'U' 'U' 'A' 'M' 'U' 'A' 'U'
 'M' 'U' 'A' 'A' 'A' 'A' 'M' 'A' 'U' 'U' 'U' 'A' 'A' 'U' 'A' 'U' 'U' 'A'
 'U' 'U' 'U' 'A' 'A' 'A' 'A' 'A' 'A' 'A' 'A' 'A' 'A' 'M' 'U' 'A' 'U' 'A'
 'U' 'A' 'U' 'M' 'U' 'A' 'U' 'A' 'A' 'A' 'A' 'M' 'U' 'A' 'A' 'A' 'A' 'A'
 'M' 'U' 'U' 'A' 'U' 'U' 'U' 'U' 'A' 'A' 'M' 'M' 'A' 'U' 'A' 'A' 'M' 'A'
 'A' 'A' 'U' 'U' 'U' 'A' 'A' 'A' 'U' 'A' 'A' 'U' 'U' 'A' 'U' 'A' 'U' 'A']"
4801,2,133,80,53,65,0,0,"['M' 'U' 'A' 'A' 'M' 'U' 'U' 'U' 'A' 'U' 'M' 'U' 'A' 'A' 'M' 'A' 'A' 'M'
 'U' 'M' 'A' 'M' 'M' 'A' 'A' 'M' 'A' 'U' 'M' 'U' 'A' 'A' 'U' 'U' 'A' 'U'
 'U' 'A' 'A' 'U' 'M' 'U' 'A' 'U' 'A' 'A' 'U' 'A' 'U' 'A' 'M' 'U' 'M' 'A'
 'U' 'M' 'U' 'A' 'M' 'M' 'M' 'M' 'A' 'A' 'U' 'M' 'M' 'U' 'M' 'U' 'M' 'M'
 'M' 'M' 'M' 'M' 'U' 'M' 'M' 'M' 'M' 'M' 'U' 'U' 'U' 'U' 'M' 'U' 'M' 'M'
 'M' 'U' 'M' 'M' 'M' 'A' 'U' 'M' 'M' 'U' 'A' 'U' 'U' 'A' 'M' 'U' 'A' 'M'
 'M' 'U' 'A' 'A' 'A' 'A' 'M' 'A' 'U' 'M' 'A' 'A' 'A' 'A' 'A' 'M' 'U' 'A'
 'U' 'A' 'U' 'A' 'A' 'A' 'U' 'A' 'A' 'A' 'A' 'U' 'A' 'M' 'U' 'A' 'A' 'A'
 'U' 'A' 'U' 'M' 'U' 'A' 'U' 'A' 'A' 'A' 'A' 'M' 'U' 'A' 'A' 'A' 'A' 'A'
 'M' 'U' 'U' 'A' 'U' 'U' 'M' 'U' 'A' 'A' 'M' 'U' 'A' 'U' 'A' 'A' 'U' 'A'
 'A' 'A' 'A' 'U' 'U' 'A' 'A' 'A' 'U' 'A' 'A' 'U' 'U' 'A' 'U' 'A' 'U' 'U']"
4901,2,133,79,54,65,0,0,"['M' 'U' 'A' 'A' 'M' 'U' 'U' 'U' 'A' 'U' 'U' 'U' 'A' 'A' 'M' 'A' 'A' 'U'
 'U' 'M' 'A' 'M' 'M' 'A' 'A' 'M' 'A' 'U' 'U' 'M' 'A' 'A' 'U' 'U' 'A' 'U'
 'U' 'A' 'A' 'U' 'M' 'U' 'A' 'U' 'A' 'A' 'A' 'A' 'U' 'A' 'M' 'U' 'M' 'U'
 'U' 'M' 'U' 'A' 'M' 'M' 'U' 'M' 'A' 'A' 'U' 'M' 'U' 'U' 'M' 'M' 'M' 'M'
 'U' 'U' 'M' 'U' 'M' 'M' 'U' 'M' 'M' 'M' 'M' 'M' 'M' 'M' 'U' 'M' 'M' 'M'
 'M' 'U' 'M' 'U' 'M' 'U' 'U' 'M' 'M' 'M' 'U' 'A' 'U' 'A' 'M' 'U' 'A' 'M'
 'M' 'U' 'A' 'A' 'A' 'A' 'U' 'U' 'A' 'M' 'U' 'A' 'A' 'A' 'U' 'M' 'U' 'U'
 'U' 'A' 'A' 'A' 'A' 'A' 'A' 'A' 'A' 'A' 'A' 'A' 'A' 'M' 'U' 'A' 'A' 'A'
 'U' 'M' 'U' 'M' 'U' 'A' 'M' 'A' 'A' 'A' 'A' 'M' 'A' 'A' 'A' 'U' 'A' 'A'
 'M' 'U' 'M' 'A' 'U' 'U' 'M' 'A' 'A' 'A' 'M' 'U' 'A' 'U' 'A' 'A' 'U' 'A'
 'A' 'A' 'A' 'U' 'M' 'A' 'A' 'A' 'U' 'A' 'A' 'U' 'U' 'A' 'U' 'A' 'U' 'U']"
5001,2,138,79,59,60,0,0,"['M' 'U' 'A' 'A' 'M' 'U' 'M' 'U' 'A' 'U' 'A' 'U' 'A' 'A' 'M' 'A' 'A' 'U'
 'U' 'M' 'A' 'M' 'M' 'A' 'A' 'M' 'A' 'M' 'U' 'M' 'A' 'A' 'U' 'M' 'A' 'U'
 'U' 'A' 'A' 'U' 'M' 'U' 'A' 'U' 'A' 'U' 'A' 'A' 'M' 'A' 'M' 'U' 'M' 'U'
 'A' 'M' 'A' 'A' 'M' 'M' 'U' 'U' 'A' 'A' 'M' 'M' 'U' 'M' 'M' 'M' 'M' 'M'
 'M' 'M' 'U' 'M' 'M' 'M' 'U' 'U' 'U' 'M' 'M' 'M' 'U' 'M' 'U' 'M' 'M' 'M'
 'M' 'U' 'M' 'M' 'U' 'U' 'U' 'M' 'M' 'M' 'A' 'A' 'U' 'U' 'M' 'U' 'A' 'M'
 'M' 'U' 'A' 'A' 'A' 'U' 'U' 'U' 'A' 'U' 'U' 'A' 'A' 'A' 'U' 'M' 'U' 'A'
 'U' 'A' 'U' 'A' 'A' 'A' 'M' 'A' 'A' 'A' 'A' 'A' 'A' 'M' 'U' 'A' 'A' 'A'
 'A' 'M' 'U' 'M' 'U' 'A' 'M' 'A' 'A' 'A' 'A' 'M' 'A' 'A' 'A' 'M' 'A' 'A'
 'M' 'U' 'U' 'A' 'U' 'U' 'M' 'U' 'A' 'A' 'M' 'M' 'A' 'U' 'A' 'A' 'U' 'A'
 'A' 'A' 'U' 'U' 'M' 'A' 'A' 'A' 'U' 'A' 'A' 'U' 'U' 'A' 'A' 'A' 'U' 'U']"
5101,2,130,74,56,68,0,0,"['M' 'A' 'A' 'A' 'M' 'U' 'M' 'U' 'U' 'U' 'A' 'U' 'U' 'A' 'M' 'A' 'A' 'U'
 'U' 'M' 'A' 'U' 'U' 'A' 'A' 'M' 'A' 'U' 'U' 'M' 'A' 'A' 'U' 'M' 'A' 'U'
 'U' 'A' 'A' 'U' 'M' 'M' 'U' 'U' 'A' 'U' 'U' 'A' 'M' 'A' 'M' 'A' 'M' 'U'
 'A' 'M' 'A' 'A' 'M' 'U' 'U' 'U' 'A' 'U' 'U' 'U' 'M' 'M' 'M' 'M' 'M' 'U'
 'M' 'M' 'M' 'M' 'U' 'M' 'M' 'M' 'M' 'U' 'M' 'M' 'M' 'U' 'U' 'M' 'U' 'M'
 'U' 'U' 'M' 'M' 'M' 'A' 'U' 'M' 'M' 'M' 'A' 'A' 'A' 'U' 'U' 'U' 'A' 'M'
 'M' 'U' 'A' 'A' 'A' 'U' 'U' 'U' 'A' 'U' 'U' 'A' 'M' 'A' 'U' 'M' 'U' 'A'
 'M' 'A' 'U' 'A' 'A' 'M' 'U' 'A' 'A' 'U' 'A' 'U' 'A' 'M' 'A' 'A' 'A' 'A'
 'U' 'M' 'A' 'M' 'M' 'U' 'M' 'A' 'A' 'A' 'A' 'M' 'A' 'A' 'A' 'M' 'A' 'U'
 'M' 'M' 'U' 'A' 'A' 'A' 'U' 'U' 'A' 'A' 'M' 'M' 'A' 'U' 'U' 'A' 'A' 'A'
 'A' 'U' 'U' 'U' 'U' 'A' 'A' 'A' 'U' 'A' 'U' 'U' 'U' 'A' 'A' 'A' 'U' 'A']"
5201,2,138,80,58,60,0,0,"['M' 'A' 'A' 'A' 'M' 'U' 'M' 'U' 'U' 'M' 'A' 'U' 'U' 'A' 'M' 'A' 'A' 'U'
 'A' 'M' 'A' 'U' 'M' 'A' 'A' 'M' 'A' 'M' 'U' 'M' 'A' 'A' 'M' 'M' 'A' 'A'
 'U' 'A' 'A' 'A' 'M' 'M' 'U' 'U' 'U' 'U' 'U' 'A' 'M' 'A' 'M' 'U' 'M' 'A'
 'A' 'M' 'A' 'A' 'M' 'U' 'U' 'U' 'A' 'U' 'U' 'M' 'M' 'M' 'M' 'M' 'M' 'M'
 'M' 'M' 'U' 'U' 'M' 'U' 'M' 'U' 'M' 'M' 'M' 'M' 'M' 'U' 'M' 'U' 'U' 'U'
 'M' 'M' 'U' 'M' 'M' 'U' 'U' 'U' 'M' 'M' 'U' 'A' 'A' 'U' 'U' 'U' 'A' 'M'
 'M' 'M' 'A' 'A' 'A' 'U' 'U' 'U' 'U' 'U' 'M' 'A' 'M' 'A' 'U' 'M' 'U' 'A'
 'U' 'A' 'A' 'A' 'A' 'A' 'A' 'A' 'A' 'A' 'U' 'A' 'A' 'U' 'A' 'A' 'A' 'A'
 'U' 'M' 'A' 'M' 'U' 'U' 'M' 'A' 'U' 'A' 'A' 'M' 'A' 'A' 'A' 'M' 'A' 'U'
 'A' 'M' 'U' 'U' 'A' 'A' 'M' 'U' 'A' 'A' 'M' 'M' 'A' 'A' 'U' 'A' 'A' 'A'
 'A' 'A' 'U' 'U' 'A' 'A' 'A' 'A' 'U' 'A' 'A' 'U' 'U' 'A' 'A' 'A' 'M' 'A']"
5301,3,135,81,54,63,0,0,"['M' 'A' 'A' 'A' 'M' 'U' 'M' 'A' 'U' 'M' 'A' 'U' 'M' 'A' 'M' 'A' 'A' 'U'
 'U' 'U' 'A' 'U' 'M' 'A' 'A' 'M' 'A' 'M' 'U' 'M' 'A' 'A' 'U' 'M' 'A' 'A'
 'U' 'A' 'A' 'A' 'M' 'M' 'U' 'A' 'U' 'U' 'U' 'U' 'M' 'A' 'M' 'U' 'M' 'A'
 'A' 'M' 'U' 'A' 'M' 'U' 'U' 'U' 'A' 'U' 'U' 'M' 'M' 'M' 'M' 'M' 'M' 'U'
 'U' 'M' 'M' 'M' 'M' 'M' 'M' 'M' 'U' 'U' 'M' 'M' 'U' 'U' 'M' 'M' 'M' 'M'
 'M' 'M' 'U' 'U' 'U' 'U' 'U' 'U' 'M' 'U' 'U' 'A' 'A' 'U' 'U' 'U' 'U' 'M'
 'M' 'M' 'A' 'A' 'A' 'A' 'U' 'A' 'U' 'U' 'M' 'A' 'M' 'A' 'U' 'M' 'A' 'A'
 'U' 'A' 'A' 'A' 'A' 'A' 'A' 'A' 'A' 'A' 'A' 'A' 'A' 'M' 'A' 'A' 'A' 'A'
 'U' 'M' 'A' 'M' 'A' 'U' 'U' 'U' 'A' 'A' 'A' 'M' 'A' 'A' 'U' 'M' 'A' 'A'
 'A' 'M' 'M' 'U' 'A' 'A' 'U' 'U' 'A' 'A' 'M' 'U' 'A' 'A' 'U' 'U' 'A' 'A'
 'U' 'A' 'U' 'U' 'A' 'U' 'A' 'A' 'A' 'A' 'A' 'U' 'U' 'A' 'A' 'A' 'U' 'A']"
5401,2,135,72,63,63,0,0,"['M' 'A' 'A' 'A' 'U' 'U' 'M' 'U' 'U' 'M' 'A' 'U' 'M' 'A' 'M' 'A' 'A' 'M'
 'U' 'U' 'A' 'U' 'M' 'A' 'U' 'U' 'A' 'M' 'U' 'M' 'A' 'A' 'U' 'M' 'A' 'U'
 'U' 'A' 'A' 'U' 'M' 'M' 'U' 'A' 'U' 'A' 'M' 'U' 'M' 'A' 'M' 'A' 'M' 'A'
 'A' 'M' 'U' 'A' 'M' 'U' 'M' 'A' 'A' 'U' 'U' 'M' 'M' 'M' 'U' 'M' 'M' 'M'
 'M' 'M' 'M' 'M' 'U' 'M' 'U' 'M' 'M' 'M' 'M' 'U' 'M' 'U' 'M' 'M' 'M' 'M'
 'M' 'U' 'U' 'U' 'U' 'U' 'U' 'M' 'M' 'U' 'U' 'A' 'U' 'U' 'U' 'A' 'U' 'M'
 'M' 'M' 'A' 'A' 'A' 'A' 'U' 'A' 'M' 'U' 'M' 'A' 'M' 'A' 'U' 'M' 'A' 'A'
 'U' 'U' 'A' 'A' 'A' 'A' 'A' 'U' 'A' 'A' 'A' 'A' 'A' 'M' 'M' 'A' 'A' 'A'
 'U' 'M' 'A' 'M' 'A' 'M' 'M' 'A' 'A' 'A' 'A' 'M' 'U' 'A' 'U' 'M' 'A' 'A'
 'M' 'M' 'M' 'U' 'U' 'A' 'M' 'A' 'U' 'A' 'M' 'U' 'A' 'A' 'U' 'U' 'A' 'A'
 'M' 'A' 'U' 'U' 'U' 'U' 'A' 'A' 'A' 'A' 'U' 'U' 'U' 'A' 'A' 'U' 'U' 'A']"
5501,2,132,68,64,66,0,1,"['M' 'A' 'A' 'A' 'U' 'A' 'M' 'U' 'A' 'M' 'A' 'U' 'M' 'A' 'M' 'A' 'A' 'M'
 'U' 'U' 'A' 'U' 'M' 'A' 'U' 'U' 'A' 'M' 'U' 'M' 'A' 'A' 'U' 'M' 'A' 'U'
 'U' 'A' 'A' 'A' 'M' 'M' 'U' 'A' 'U' 'A' 'M' 'U' 'M' 'A' 'U' 'A' 'M' 'A'
 'A' 'U' 'U' 'A' 'M' 'U' 'M' 'A' 'A' 'U' 'U' 'M' 'M' 'M' 'U' 'M' 'M' 'U'
 'M' 'M' 'M' 'M' 'M' 'U' 'M' 'M' 'M' 'U' 'M' 'M' 'M' 'M' 'M' 'U' 'U' 'M'
 'M' 'U' 'U' 'U' 'M' 'A' 'U' 'M' 'M' 'M' 'U' 'U' 'U' 'U' 'U' 'A' 'U' 'M'
 'M' 'M' 'A' 'A' 'U' 'A' 'U' 'A' 'M' 'A' 'M' 'A' 'M' 'A' 'U' 'M' 'A' 'A'
 'U' 'M' 'M' 'A' 'A' 'A' 'A' 'U' 'M' 'A' 'A' 'A' 'A' 'U' 'M' 'A' 'A' 'A'
 'U' 'M' 'A' 'M' 'U' 'M' 'U' 'A' 'U' 'A' 'A' 'M' 'U' 'U' 'U' 'M' 'A' 'A'
 'M' 'M' 'M' 'U' 'M' 'A' 'M' 'A' 'U' 'A' 'M' 'U' 'A' 'U' 'M' 'U' 'A' 'A'
 'U' 'A' 'U' 'U' 'U' 'U' 'A' 'A' 'U' 'A' 'U' 'U' 'U' 'A' 'A' 'U' 'U' 'A']"
5601,2,133,65,68,65,0,1,"['M' 'A' 'A' 'A' 'U' 'A' 'M' 'U' 'A' 'M' 'U' 'U' 'M' 'U' 'M' 'A' 'A' 'M'
 'U' 'M' 'A' 'U' 'M' 'A' 'U' 'U' 'A' 'M' 'U' 'M' 'A' 'A' 'U' 'M' 'A' 'U'
 'M' 'A' 'A' 'A' 'M' 'M' 'U' 'A' 'U' 'A' 'M' 'U' 'M' 'A' 'U' 'A' 'M' 'A'
 'A' 'M' 'U' 'A' 'M' 'A' 'M' 'A' 'A' 'U' 'U' 'M' 'U' 'U' 'M' 'M' 'U' 'M'
 'U' 'U' 'U' 'M' 'M' 'U' 'M' 'M' 'M' 'M' 'M' 'M' 'M' 'M' 'U' 'M' 'M' 'M'
 'U' 'M' 'M' 'M' 'M' 'A' 'U' 'M' 'M' 'M' 'M' 'A' 'U' 'U' 'U' 'A' 'U' 'M'
 'M' 'U' 'A' 'A' 'U' 'A' 'U' 'A' 'M' 'A' 'M' 'U' 'M' 'U' 'M' 'M' 'A' 'A'
 'U' 'M' 'M' 'A' 'A' 'A' 'A' 'U' 'M' 'A' 'A' 'U' 'A' 'U' 'M' 'A' 'A' 'A'
 'U' 'M' 'A' 'M' 'A' 'M' 'U' 'A' 'U' 'A' 'A' 'U' 'U' 'U' 'U' 'M' 'A' 'U'
 'M' 'M' 'M' 'U' 'M' 'U' 'M' 'A' 'U' 'A' 'M' 'U' 'A' 'U' 'M' 'A' 'U' 'A'
 'A' 'A' 'U' 'U' 'U' 'U' 'A' 'A' 'U' 'U' 'M' 'U' 'A' 'A' 'A' 'U' 'U' 'A']"
5701,2,124,62,62,74,0,0,"['M' 'A' 'A' 'U' 'A' 'U' 'M' 'U' 'A' 'U' 'U' 'U' 'M' 'U' 'U' 'A' 'A' 'M'
 'U' 'M' 'U' 'U' 'M' 'A' 'U' 'M' 'A' 'M' 'A' 'M' 'A' 'U' 'U' 'M' 'U' 'U'
 'M' 'A' 'A' 'A' 'M' 'M' 'M' 'A' 'U' 'A' 'M' 'U' 'U' 'A' 'U' 'A' 'M' 'A'
 'A' 'M' 'U' 'A' 'M' 'A' 'U' 'A' 'A' 'M' 'U' 'M' 'M' 'M' 'M' 'M' 'U' 'U'
 'M' 'M' 'M' 'U' 'M' 'M' 'M' 'M' 'M' 'U' 'M' 'M' 'M' 'U' 'M' 'M' 'U' 'M'
 'M' 'U' 'M' 'U' 'U' 'A' 'U' 'U' 'U' 'M' 'M' 'A' 'U' 'M' 'U' 'A' 'A' 'M'
 'M' 'A' 'A' 'A' 'U' 'U' 'U' 'A' 'M' 'A' 'M' 'U' 'M' 'U' 'M' 'U' 'A' 'A'
 'U' 'U' 'M' 'A' 'A' 'A' 'A' 'A' 'A' 'U' 'A' 'A' 'A' 'U' 'M' 'A' 'A' 'A'
 'U' 'M' 'A' 'A' 'A' 'M' 'U' 'U' 'U' 'A' 'M' 'U' 'U' 'U' 'U' 'M' 'A' 'U'
 'U' 'M' 'M' 'U' 'U' 'U' 'M' 'A' 'U' 'A' 'M' 'M' 'U' 'U' 'M' 'A' 'U' 'A'
 'A' 'U' 'U' 'U' 'M' 'U' 'A' 'A' 'U' 'U' 'A' 'U' 'A' 'A' 'A' 'U' 'U' 'U']"
5801,2,119,57,62,79,1,0,"['M' 'A' 'U' 'U' 'U' 'A' 'M' 'U' 'A' 'U' 'U' 'U' 'M' 'A' 'U' 'A' 'A' 'M'
 'U' 'U' 'U' 'U' 'M' 'A' 'U' 'M' 'A' 'A' 'A' 'M' 'M' 'U' 'U' 'M' 'U' 'U'
 'M' 'A' 'A' 'U' 'M' 'M' 'M' 'A' 'U' 'A' 'M' 'U' 'U' 'U' 'U' 'A' 'M' 'A'
 'A' 'M' 'U' 'U' 'U' 'A' 'U' 'A' 'A' 'U' 'U' 'M' 'M' 'M' 'M' 'M' 'M' 'M'
 'U' 'M' 'U' 'M' 'M' 'M' 'U' 'U' 'M' 'U' 'M' 'M' 'M' 'M' 'U' 'U' 'U' 'M'
 'U' 'M' 'M' 'M' 'M' 'A' 'U' 'M' 'M' 'M' 'U' 'A' 'U' 'M' 'U' 'A' 'A' 'M'
 'U' 'A' 'U' 'A' 'U' 'A' 'U' 'A' 'M' 'A' 'M' 'M' 'M' 'U' 'M' 'U' 'A' 'A'
 'U' 'U' 'M' 'A' 'A' 'A' 'A' 'A' 'A' 'A' 'A' 'A' 'A' 'A' 'M' 'U' 'A' 'A'
 'U' 'M' 'U' 'A' 'U' 'M' 'A' 'U' 'U' 'A' 'U' 'U' 'U' 'U' 'U' 'M' 'A' 'U'
 'U' 'M' 'M' 'U' 'U' 'M' 'M' 'U' 'U' 'A' 'M' 'M' 'A' 'U' 'M' 'A' 'U' 'A'
 'A' 'U' 'M' 'U' 'M' 'U' 'A' 'A' 'U' 'U' 'A' 'U' 'U' 'U' 'A' 'U' 'M' 'U']"
5901,2,128,59,69,70,0,0,"['M' 'A' 'U' 'A' 'M' 'A' 'M' 'A' 'A' 'U' 'U' 'U' 'M' 'A' 'U' 'A' 'A' 'M'
 'U' 'U' 'M' 'M' 'M' 'A' 'M' 'M' 'A' 'A' 'A' 'M' 'U' 'U' 'M' 'M' 'U' 'U'
 'M' 'A' 'A' 'U' 'M' 'U' 'M' 'U' 'M' 'A' 'M' 'U' 'U' 'U' 'U' 'A' 'U' 'A'
 'A' 'M' 'U' 'M' 'M' 'A' 'U' 'A' 'A' 'A' 'U' 'M' 'M' 'M' 'M' 'U' 'U' 'M'
 'U' 'M' 'M' 'M' 'U' 'M' 'U' 'M' 'M' 'M' 'M' 'U' 'M' 'M' 'U' 'M' 'M' 'U'
 'U' 'M' 'M' 'M' 'M' 'A' 'U' 'M' 'M' 'M' 'U' 'A' 'M' 'M' 'A' 'A' 'A' 'U'
 'M' 'U' 'U' 'A' 'U' 'A' 'M' 'A' 'M' 'A' 'M' 'M' 'M' 'U' 'U' 'U' 'U' 'A'
 'U' 'U' 'M' 'A' 'A' 'A' 'A' 'A' 'A' 'A' 'A' 'A' 'A' 'A' 'M' 'U' 'A' 'A'
 'U' 'M' 'U' 'A' 'U' 'U' 'A' 'U' 'U' 'A' 'U' 'U' 'A' 'M' 'U' 'M' 'U' 'U'
 'U' 'U' 'U' 'U' 'U' 'M' 'M' 'M' 'A' 'A' 'M' 'M' 'A' 'U' 'M' 'A' 'U' 'A'
 'A' 'M' 'U' 'U' 'M' 'U' 'U' 'A' 'U' 'U' 'A' 'A' 'M' 'A' 'U' 'M' 'M' 'U']"
6001,2,125,57,68,73,0,0,"['M' 'A' 'M' 'A' 'M' 'A' 'M' 'A' 'A' 'U' 'U' 'U' 'M' 'A' 'U' 'A' 'A' 'M'
 'U' 'U' 'A' 'M' 'M' 'A' 'U' 'M' 'U' 'A' 'A' 'M' 'U' 'U' 'U' 'A' 'U' 'U'
 'M' 'A' 'A' 'M' 'M' 'U' 'M' 'U' 'M' 'U' 'M' 'U' 'U' 'U' 'U' 'A' 'U' 'A'
 'U' 'M' 'U' 'M' 'M' 'A' 'U' 'A' 'A' 'A' 'U' 'M' 'U' 'M' 'U' 'M' 'M' 'M'
 'M' 'U' 'U' 'M' 'U' 'M' 'M' 'U' 'M' 'U' 'M' 'U' 'U' 'M' 'M' 'M' 'M' 'M'
 'M' 'M' 'M' 'M' 'M' 'A' 'U' 'M' 'M' 'M' 'U' 'A' 'M' 'U' 'A' 'U' 'U' 'U'
 'U' 'M' 'U' 'A' 'U' 'A' 'M' 'U' 'M' 'A' 'M' 'M' 'M' 'M' 'U' 'U' 'U' 'A'
 'M' 'U' 'M' 'A' 'A' 'A' 'A' 'A' 'A' 'A' 'A' 'A' 'A' 'A' 'M' 'U' 'A' 'U'
 'U' 'M' 'U' 'A' 'M' 'U' 'A' 'U' 'A' 'A' 'A' 'U' 'A' 'M' 'U' 'M' 'A' 'U'
 'M' 'U' 'U' 'U' 'A' 'M' 'U' 'M' 'A' 'U' 'M' 'M' 'A' 'U' 'M' 'A' 'U' 'A'
 'A' 'U' 'U' 'U' 'M' 'U' 'U' 'A' 'M' 'U' 'A' 'A' 'U' 'A' 'U' 'M' 'M' 'U']"
6101,2,131,54,77,67,0,0,"['M' 'A' 'U' 'A' 'M' 'A' 'M' 'A' 'A' 'U' 'M' 'U' 'M' 'A' 'U' 'A' 'A' 'M'
 'U' 'U' 'A' 'M' 'M' 'A' 'U' 'M' 'U' 'A' 'A' 'M' 'U' 'U' 'M' 'A' 'M' 'M'
 'M' 'U' 'A' 'M' 'M' 'U' 'M' 'U' 'M' 'M' 'M' 'U' 'U' 'M' 'U' 'A' 'U' 'A'
 'U' 'M' 'U' 'M' 'M' 'A' 'U' 'U' 'U' 'A' 'U' 'M' 'M' 'M' 'U' 'M' 'M' 'M'
 'M' 'M' 'U' 'U' 'M' 'M' 'M' 'M' 'U' 'M' 'M' 'M' 'M' 'M' 'M' 'U' 'M' 'U'
 'U' 'U' 'M' 'U' 'M' 'A' 'U' 'M' 'M' 'A' 'U' 'A' 'M' 'U' 'A' 'U' 'U' 'M'
 'U' 'M' 'U' 'A' 'A' 'U' 'M' 'M' 'M' 'A' 'M' 'M' 'M' 'U' 'M' 'U' 'U' 'A'
 'A' 'M' 'M' 'U' 'A' 'U' 'A' 'A' 'A' 'A' 'A' 'A' 'A' 'A' 'M' 'M' 'A' 'M'
 'U' 'M' 'U' 'A' 'U' 'M' 'A' 'U' 'A' 'A' 'A' 'U' 'A' 'U' 'U' 'M' 'U' 'U'
 'M' 'U' 'U' 'A' 'A' 'M' 'M' 'M' 'A' 'A' 'M' 'M' 'A' 'U' 'M' 'A' 'U' 'A'
 'A' 'M' 'U' 'U' 'M' 'U' 'U' 'A' 'M' 'U' 'U' 'A' 'U' 'A' 'U' 'M' 'M' 'U']"
6201,2,133,57,76,65,0,0,"['M' 'A' 'U' 'A' 'M' 'A' 'M' 'A' 'U' 'U' 'M' 'A' 'M' 'A' 'U' 'A' 'A' 'M'
 'M' 'U' 'A' 'U' 'U' 'A' 'U' 'M' 'U' 'A' 'U' 'M' 'A' 'M' 'M' 'U' 'M' 'M'
 'M' 'U' 'A' 'M' 'M' 'A' 'U' 'A' 'U' 'M' 'M' 'M' 'U' 'M' 'U' 'A' 'U' 'U'
 'U' 'M' 'U' 'M' 'M' 'A' 'U' 'U' 'U' 'A' 'A' 'M' 'U' 'U' 'M' 'M' 'M' 'M'
 'M' 'U' 'M' 'U' 'U' 'M' 'M' 'U' 'U' 'M' 'M' 'M' 'M' 'U' 'U' 'M' 'M' 'M'
 'M' 'M' 'M' 'M' 'M' 'A' 'M' 'M' 'M' 'A' 'U' 'U' 'M' 'U' 'A' 'U' 'U' 'M'
 'U' 'A' 'U' 'A' 'A' 'U' 'M' 'M' 'U' 'A' 'M' 'M' 'M' 'U' 'M' 'U' 'U' 'A'
 'A' 'M' 'M' 'U' 'A' 'A' 'A' 'A' 'A' 'A' 'A' 'A' 'A' 'A' 'M' 'M' 'A' 'M'
 'U' 'M' 'U' 'A' 'U' 'M' 'A' 'U' 'A' 'A' 'A' 'U' 'U' 'U' 'U' 'M' 'U' 'U'
 'M' 'M' 'U' 'A' 'A' 'M' 'M' 'M' 'A' 'A' 'M' 'U' 'A' 'U' 'M' 'A' 'A' 'A'
 'U' 'M' 'U' 'A' 'M' 'M' 'A' 'A' 'M' 'U' 'U' 'A' 'U' 'A' 'U' 'M' 'M' 'U']"
6301,2,136,47,89,62,0,1,"['M' 'A' 'U' 'A' 'M' 'A' 'M' 'A' 'U' 'A' 'M' 'A' 'U' 'A' 'U' 'A' 'A' 'M'
 'M' 'U' 'A' 'M' 'U' 'A' 'M' 'M' 'U' 'A' 'U' 'M' 'A' 'M' 'M' 'M' 'M' 'U'
 'M' 'A' 'A' 'M' 'M' 'A' 'U' 'A' 'U' 'U' 'M' 'M' 'U' 'M' 'U' 'A' 'M' 'M'
 'M' 'M' 'M' 'M' 'M' 'A' 'M' 'M' 'U' 'M' 'A' 'M' 'M' 'M' 'M' 'M' 'M' 'M'
 'U' 'M' 'U' 'M' 'M' 'M' 'U' 'M' 'M' 'U' 'M' 'M' 'U' 'M' 'U' 'U' 'M' 'M'
 'U' 'M' 'U' 'M' 'M' 'U' 'M' 'M' 'M' 'U' 'M' 'U' 'M' 'M' 'A' 'U' 'U' 'M'
 'M' 'A' 'M' 'A' 'U' 'U' 'M' 'M' 'U' 'A' 'M' 'M' 'M' 'U' 'M' 'U' 'U' 'U'
 'A' 'M' 'U' 'U' 'A' 'A' 'A' 'A' 'A' 'M' 'U' 'A' 'A' 'A' 'M' 'U' 'U' 'M'
 'M' 'M' 'A' 'U' 'U' 'M' 'A' 'U' 'A' 'A' 'A' 'U' 'U' 'U' 'U' 'M' 'U' 'U'
 'M' 'U' 'U' 'A' 'A' 'M' 'M' 'M' 'M' 'A' 'M' 'U' 'U' 'U' 'M' 'A' 'A' 'A'
 'A' 'M' 'U' 'U' 'M' 'M' 'A' 'U' 'M' 'U' 'U' 'U' 'M' 'A' 'M' 'M' 'M' 'U']"
6401,2,135,44,91,63,0,0,"['M' 'A' 'U' 'A' 'M' 'A' 'M' 'A' 'A' 'U' 'M' 'A' 'U' 'A' 'U' 'A' 'A' 'M'
 'M' 'A' 'A' 'M' 'A' 'A' 'M' 'M' 'M' 'A' 'U' 'M' 'A' 'M' 'U' 'M' 'M' 'U'
 'M' 'M' 'U' 'M' 'M' 'U' 'A' 'A' 'U' 'U' 'M' 'U' 'M' 'M' 'U' 'A' 'M' 'M'
 'M' 'M' 'M' 'M' 'M' 'A' 'M' 'U' 'U' 'M' 'A' 'U' 'M' 'M' 'M' 'U' 'U' 'U'
 'M' 'M' 'M' 'M' 'M' 'M' 'M' 'M' 'M' 'M' 'M' 'M' 'M' 'U' 'M' 'M' 'U' 'U'
 'U' 'M' 'M' 'U' 'M' 'M' 'U' 'U' 'M' 'U' 'M' 'U' 'M' 'M' 'A' 'U' 'U' 'M'
 'M' 'U' 'M' 'A' 'U' 'A' 'M' 'M' 'U' 'A' 'M' 'M' 'M' 'U' 'M' 'U' 'U' 'U'
 'A' 'M' 'U' 'M' 'A' 'A' 'A' 'A' 'U' 'M' 'U' 'U' 'A' 'U' 'M' 'U' 'U' 'M'
 'M' 'M' 'A' 'U' 'U' 'M' 'A' 'U' 'A' 'A' 'A' 'U' 'U' 'U' 'M' 'M' 'U' 'U'
 'M' 'U' 'M' 'A' 'A' 'M' 'M' 'M' 'M' 'U' 'M' 'M' 'U' 'U' 'M' 'A' 'A' 'A'
 'A' 'M' 'U' 'U' 'U' 'M' 'A' 'U' 'M' 'U' 'U' 'U' 'M' 'A' 'M' 'M' 'M' 'A']"
6501,2,132,34,98,66,0,0,"['M' 'A' 'M' 'A' 'M' 'A' 'M' 'U' 'A' 'U' 'M' 'A' 'U' 'A' 'U' 'U' 'A' 'U'
 'M' 'A' 'A' 'M' 'A' 'A' 'M' 'U' 'M' 'A' 'U' 'M' 'A' 'M' 'U' 'M' 'M' 'M'
 'M' 'M' 'U' 'M' 'M' 'U' 'A' 'U' 'U' 'U' 'M' 'U' 'M' 'M' 'M' 'U' 'M' 'M'
 'M' 'M' 'M' 'M' 'M' 'A' 'M' 'U' 'U' 'M' 'A' 'M' 'M' 'U' 'M' 'U' 'U' 'M'
 'M' 'M' 'U' 'U' 'M' 'M' 'M' 'M' 'U' 'M' 'M' 'U' 'M' 'M' 'M' 'U' 'M' 'U'
 'M' 'M' 'M' 'M' 'M' 'U' 'U' 'M' 'M' 'U' 'M' 'U' 'M' 'M' 'A' 'U' 'M' 'M'
 'M' 'M' 'M' 'U' 'U' 'A' 'M' 'M' 'U' 'A' 'M' 'M' 'M' 'U' 'U' 'M' 'U' 'A'
 'A' 'M' 'M' 'M' 'A' 'A' 'A' 'A' 'U' 'M' 'U' 'U' 'U' 'U' 'M' 'U' 'U' 'M'
 'M' 'U' 'U' 'U' 'U' 'M' 'U' 'U' 'A' 'A' 'A' 'U' 'M' 'U' 'M' 'M' 'U' 'U'
 'M' 'U' 'M' 'A' 'U' 'M' 'M' 'M' 'M' 'U' 'M' 'U' 'U' 'M' 'M' 'A' 'A' 'A'
 'M' 'M' 'U' 'U' 'M' 'M' 'A' 'U' 'M' 'U' 'U' 'U' 'M' 'A' 'M' 'M' 'M' 'M']"
6601,2,146,36,110,52,0,1,"['M' 'A' 'M' 'A' 'M' 'A' 'M' 'M' 'A' 'U' 'M' 'A' 'U' 'U' 'U' 'M' 'A' 'U'
 'M' 'A' 'A' 'M' 'A' 'A' 'M' 'U' 'M' 'A' 'M' 'M' 'U' 'M' 'U' 'M' 'M' 'M'
 'M' 'M' 'U' 'M' 'M' 'U' 'A' 'A' 'U' 'A' 'M' 'U' 'M' 'M' 'M' 'U' 'M' 'M'
 'M' 'M' 'M' 'M' 'M' 'A' 'M' 'U' 'M' 'M' 'A' 'U' 'M' 'M' 'U' 'M' 'U' 'U'
 'U' 'U' 'U' 'M' 'M' 'M' 'M' 'M' 'M' 'U' 'M' 'M' 'M' 'M' 'M' 'M' 'M' 'M'
 'M' 'U' 'M' 'M' 'M' 'U' 'U' 'M' 'M' 'U' 'M' 'M' 'M' 'M' 'A' 'M' 'M' 'M'
 'M' 'M' 'M' 'U' 'U' 'A' 'M' 'M' 'A' 'A' 'M' 'M' 'M' 'U' 'U' 'M' 'U' 'A'
 'A' 'M' 'M' 'M' 'A' 'A' 'A' 'M' 'U' 'M' 'U' 'U' 'M' 'M' 'M' 'U' 'A' 'M'
 'M' 'U' 'U' 'U' 'U' 'M' 'A' 'U' 'U' 'A' 'A' 'U' 'M' 'U' 'M' 'M' 'M' 'A'
 'M' 'U' 'M' 'A' 'U' 'M' 'M' 'M' 'M' 'U' 'M' 'M' 'A' 'M' 'M' 'A' 'A' 'U'
 'M' 'M' 'U' 'M' 'M' 'M' 'A' 'U' 'M' 'U' 'M' 'U' 'M' 'A' 'M' 'M' 'U' 'M']"
6701,2,140,28,112,58,0,0,"['M' 'U' 'M' 'A' 'M' 'A' 'U' 'M' 'U' 'U' 'M' 'A' 'U' 'U' 'U' 'M' 'A' 'U'
 'M' 'U' 'U' 'U' 'A' 'A' 'U' 'U' 'M' 'A' 'M' 'U' 'U' 'M' 'U' 'M' 'M' 'M'
 'M' 'M' 'U' 'M' 'M' 'U' 'A' 'A' 'U' 'A' 'M' 'M' 'M' 'M' 'M' 'U' 'M' 'M'
 'M' 'M' 'M' 'M' 'M' 'A' 'M' 'U' 'M' 'M' 'U' 'M' 'U' 'M' 'M' 'M' 'M' 'M'
 'U' 'M' 'U' 'M' 'M' 'U' 'M' 'U' 'M' 'U' 'U' 'M' 'M' 'M' 'M' 'M' 'M' 'U'
 'M' 'M' 'M' 'M' 'U' 'U' 'U' 'M' 'M' 'M' 'M' 'M' 'M' 'M' 'U' 'M' 'M' 'M'
 'M' 'M' 'M' 'U' 'M' 'A' 'M' 'M' 'A' 'A' 'M' 'M' 'M' 'U' 'U' 'M' 'U' 'A'
 'U' 'M' 'M' 'M' 'A' 'U' 'A' 'M' 'U' 'M' 'A' 'U' 'M' 'M' 'M' 'U' 'A' 'M'
 'M' 'U' 'U' 'U' 'M' 'M' 'A' 'U' 'U' 'A' 'U' 'U' 'M' 'M' 'M' 'M' 'M' 'A'
 'M' 'U' 'M' 'A' 'U' 'M' 'M' 'M' 'M' 'U' 'M' 'M' 'A' 'M' 'M' 'A' 'A' 'U'
 'M' 'M' 'U' 'M' 'M' 'M' 'A' 'U' 'M' 'M' 'M' 'U' 'U' 'A' 'M' 'M' 'M' 'M']"
6801,2,139,25,114,59,0,0,"['M' 'U' 'M' 'A' 'M' 'A' 'U' 'M' 'M' 'U' 'M' 'A' 'U' 'U' 'M' 'M' 'U' 'U'
 'M' 'U' 'U' 'U' 'A' 'A' 'U' 'U' 'M' 'A' 'M' 'U' 'U' 'M' 'U' 'M' 'M' 'M'
 'M' 'M' 'U' 'U' 'M' 'M' 'A' 'M' 'U' 'U' 'M' 'M' 'M' 'M' 'M' 'U' 'M' 'M'
 'M' 'M' 'M' 'M' 'M' 'A' 'M' 'A' 'M' 'M' 'U' 'U' 'M' 'M' 'U' 'U' 'M' 'M'
 'U' 'U' 'M' 'M' 'M' 'M' 'M' 'M' 'M' 'M' 'M' 'M' 'U' 'M' 'M' 'U' 'M' 'M'
 'U' 'M' 'M' 'M' 'U' 'U' 'U' 'M' 'M' 'M' 'M' 'M' 'M' 'M' 'U' 'M' 'M' 'M'
 'U' 'M' 'M' 'U' 'M' 'A' 'U' 'M' 'A' 'A' 'M' 'M' 'M' 'M' 'U' 'M' 'M' 'U'
 'U' 'M' 'M' 'M' 'A' 'A' 'A' 'A' 'A' 'U' 'A' 'A' 'U' 'M' 'M' 'U' 'A' 'M'
 'M' 'U' 'U' 'U' 'M' 'M' 'A' 'U' 'U' 'A' 'M' 'U' 'M' 'M' 'M' 'M' 'M' 'U'
 'M' 'U' 'M' 'U' 'U' 'M' 'M' 'M' 'M' 'A' 'M' 'M' 'A' 'M' 'M' 'U' 'U' 'U'
 'M' 'M' 'U' 'M' 'M' 'M' 'A' 'U' 'M' 'M' 'M' 'U' 'U' 'M' 'M' 'M' 'M' 'M']"
6901,2,145,23,122,53,0,0,"['M' 'U' 'M' 'A' 'M' 'U' 'M' 'U' 'M' 'U' 'M' 'A' 'U' 'M' 'M' 'M' 'U' 'M'
 'M' 'U' 'U' 'U' 'A' 'A' 'U' 'A' 'M' 'A' 'M' 'U' 'U' 'M' 'U' 'U' 'M' 'M'
 'M' 'M' 'U' 'U' 'M' 'M' 'A' 'M' 'U' 'M' 'M' 'M' 'M' 'M' 'M' 'U' 'M' 'M'
 'M' 'M' 'M' 'M' 'M' 'U' 'M' 'A' 'M' 'M' 'U' 'U' 'M' 'M' 'M' 'M' 'U' 'M'
 'M' 'U' 'M' 'M' 'M' 'M' 'U' 'U' 'M' 'M' 'M' 'M' 'U' 'M' 'U' 'M' 'U' 'M'
 'M' 'U' 'M' 'M' 'M' 'U' 'U' 'M' 'U' 'M' 'M' 'M' 'M' 'M' 'U' 'M' 'M' 'M'
 'U' 'M' 'M' 'U' 'M' 'A' 'U' 'M' 'A' 'A' 'M' 'M' 'M' 'M' 'U' 'M' 'M' 'U'
 'A' 'M' 'M' 'M' 'A' 'U' 'A' 'A' 'A' 'U' 'A' 'A' 'M' 'M' 'M' 'M' 'A' 'M'
 'M' 'M' 'M' 'U' 'M' 'M' 'A' 'M' 'A' 'A' 'M' 'U' 'M' 'M' 'M' 'M' 'M' 'U'
 'M' 'U' 'M' 'U' 'U' 'M' 'M' 'M' 'M' 'M' 'M' 'M' 'A' 'M' 'U' 'U' 'M' 'M'
 'M' 'M' 'U' 'M' 'M' 'M' 'M' 'U' 'M' 'M' 'M' 'U' 'U' 'M' 'M' 'M' 'U' 'M']"
7001,2,143,17,126,55,0,0,"['M' 'U' 'M' 'A' 'M' 'U' 'M' 'U' 'M' 'U' 'M' 'M' 'U' 'U' 'U' 'M' 'M' 'M'
 'M' 'M' 'U' 'U' 'U' 'A' 'U' 'A' 'M' 'A' 'M' 'U' 'U' 'M' 'U' 'U' 'M' 'M'
 'M' 'M' 'M' 'U' 'M' 'M' 'U' 'M' 'U' 'M' 'M' 'M' 'M' 'M' 'M' 'U' 'M' 'M'
 'M' 'M' 'M' 'M' 'M' 'U' 'M' 'A' 'M' 'M' 'U' 'U' 'M' 'U' 'M' 'M' 'U' 'M'
 'U' 'M' 'U' 'M' 'U' 'M' 'M' 'U' 'M' 'M' 'U' 'M' 'M' 'M' 'U' 'M' 'M' 'M'
 'M' 'M' 'M' 'M' 'M' 'U' 'U' 'M' 'U' 'M' 'M' 'M' 'U' 'M' 'A' 'M' 'M' 'M'
 'U' 'M' 'M' 'U' 'M' 'U' 'U' 'M' 'A' 'A' 'M' 'M' 'M' 'M' 'U' 'U' 'M' 'U'
 'A' 'M' 'M' 'M' 'A' 'U' 'A' 'A' 'U' 'U' 'A' 'U' 'M' 'U' 'M' 'M' 'M' 'M'
 'M' 'M' 'M' 'M' 'M' 'M' 'A' 'M' 'A' 'A' 'M' 'U' 'M' 'M' 'M' 'M' 'M' 'U'
 'M' 'M' 'M' 'U' 'U' 'M' 'U' 'M' 'M' 'M' 'M' 'M' 'A' 'M' 'M' 'M' 'M' 'M'
 'M' 'M' 'U' 'M' 'M' 'M' 'M' 'U' 'M' 'M' 'M' 'M' 'U' 'M' 'M' 'M' 'U' 'M']"
7101,2,156,18,138,42,0,0,"['M' 'M' 'M' 'A' 'M' 'U' 'M' 'M' 'M' 'A' 'M' 'M' 'M' 'U' 'U' 'M' 'M' 'M'
 'M' 'M' 'M' 'U' 'U' 'A' 'M' 'U' 'M' 'A' 'M' 'U' 'U' 'M' 'U' 'M' 'M' 'M'
 'M' 'M' 'M' 'M' 'M' 'M' 'U' 'M' 'U' 'M' 'M' 'M' 'M' 'M' 'M' 'U' 'M' 'M'
 'A' 'M' 'M' 'M' 'M' 'M' 'M' 'U' 'M' 'M' 'M' 'M' 'M' 'M' 'M' 'M' 'M' 'U'
 'U' 'U' 'M' 'U' 'M' 'M' 'M' 'M' 'U' 'U' 'U' 'M' 'M' 'M' 'M' 'M' 'U' 'M'
 'M' 'M' 'M' 'U' 'M' 'U' 'M' 'M' 'U' 'M' 'M' 'M' 'M' 'M' 'A' 'M' 'M' 'M'
 'U' 'M' 'M' 'U' 'M' 'M' 'U' 'M' 'A' 'U' 'M' 'U' 'M' 'M' 'U' 'M' 'M' 'U'
 'A' 'M' 'M' 'M' 'A' 'U' 'A' 'A' 'A' 'A' 'A' 'A' 'A' 'U' 'M' 'M' 'M' 'M'
 'M' 'M' 'M' 'M' 'M' 'M' 'U' 'M' 'A' 'A' 'M' 'U' 'M' 'M' 'M' 'M' 'M' 'U'
 'M' 'M' 'M' 'M' 'U' 'M' 'U' 'M' 'M' 'M' 'M' 'M' 'M' 'M' 'M' 'M' 'M' 'M'
 'M' 'M' 'U' 'M' 'M' 'M' 'M' 'U' 'M' 'M' 'M' 'M' 'U' 'M' 'M' 'M' 'U' 'M']"
7201,2,162,15,147,36,0,1,"['M' 'M' 'M' 'A' 'M' 'U' 'M' 'M' 'M' 'U' 'M' 'M' 'M' 'U' 'U' 'M' 'M' 'M'
 'M' 'M' 'M' 'A' 'U' 'A' 'M' 'U' 'M' 'A' 'M' 'M' 'M' 'M' 'U' 'M' 'M' 'M'
 'M' 'M' 'M' 'M' 'M' 'M' 'M' 'U' 'U' 'M' 'M' 'M' 'M' 'M' 'M' 'U' 'M' 'M'
 'A' 'M' 'M' 'U' 'M' 'M' 'M' 'U' 'M' 'M' 'M' 'M' 'M' 'M' 'U' 'M' 'M' 'M'
 'U' 'M' 'M' 'U' 'M' 'M' 'U' 'U' 'M' 'U' 'M' 'M' 'U' 'M' 'M' 'U' 'M' 'M'
 'M' 'M' 'M' 'U' 'M' 'U' 'M' 'M' 'U' 'M' 'M' 'M' 'M' 'M' 'U' 'M' 'M' 'M'
 'U' 'M' 'U' 'U' 'M' 'M' 'U' 'M' 'A' 'U' 'M' 'M' 'M' 'M' 'M' 'M' 'M' 'M'
 'A' 'M' 'M' 'M' 'A' 'U' 'A' 'A' 'A' 'A' 'A' 'A' 'A' 'U' 'M' 'M' 'M' 'M'
 'M' 'M' 'M' 'M' 'M' 'M' 'U' 'M' 'M' 'U' 'M' 'U' 'M' 'M' 'M' 'M' 'M' 'M'
 'M' 'M' 'M' 'M' 'M' 'M' 'U' 'U' 'M' 'M' 'M' 'M' 'M' 'M' 'M' 'M' 'M' 'M'
 'M' 'M' 'M' 'M' 'M' 'M' 'M' 'M' 'M' 'M' 'M' 'M' 'M' 'M' 'M' 'M' 'M' 'M']"
7301,2,160,14,146,38,0,1,"['M' 'M' 'M' 'A' 'M' 'M' 'M' 'M' 'M' 'M' 'M' 'M' 'M' 'U' 'U' 'M' 'M' 'M'
 'M' 'M' 'M' 'A' 'U' 'A' 'M' 'U' 'M' 'U' 'M' 'M' 'M' 'M' 'U' 'M' 'M' 'M'
 'M' 'M' 'M' 'M' 'M' 'M' 'M' 'U' 'U' 'M' 'M' 'M' 'M' 'M' 'M' 'U' 'M' 'M'
 'A' 'M' 'M' 'U' 'U' 'M' 'M' 'U' 'M' 'M' 'M' 'M' 'M' 'M' 'M' 'U' 'M' 'M'
 'M' 'U' 'U' 'M' 'U' 'M' 'M' 'M' 'M' 'U' 'U' 'M' 'U' 'M' 'M' 'M' 'U' 'M'
 'M' 'M' 'M' 'M' 'U' 'U' 'M' 'M' 'A' 'M' 'U' 'M' 'U' 'M' 'U' 'M' 'M' 'M'
 'M' 'M' 'U' 'U' 'M' 'M' 'M' 'M' 'A' 'U' 'M' 'M' 'M' 'M' 'M' 'M' 'M' 'M'
 'U' 'M' 'M' 'M' 'A' 'U' 'A' 'A' 'A' 'A' 'A' 'A' 'A' 'U' 'M' 'M' 'M' 'M'
 'M' 'M' 'M' 'M' 'M' 'M' 'M' 'M' 'M' 'U' 'M' 'U' 'M' 'M' 'M' 'M' 'M' 'M'
 'M' 'M' 'M' 'M' 'M' 'M' 'U' 'U' 'M' 'U' 'U' 'M' 'M' 'M' 'M' 'M' 'M' 'M'
 'M' 'M' 'M' 'M' 'M' 'M' 'M' 'M' 'M' 'M' 'U' 'M' 'M' 'M' 'M' 'M' 'M' 'M']"
7401,2,166,14,152,32,0,0,"['M' 'M' 'M' 'U' 'M' 'M' 'M' 'M' 'M' 'M' 'M' 'M' 'M' 'M' 'U' 'M' 'M' 'M'
 'M' 'M' 'M' 'A' 'U' 'A' 'M' 'U' 'M' 'U' 'M' 'M' 'M' 'M' 'M' 'M' 'M' 'M'
 'M' 'M' 'M' 'M' 'M' 'M' 'M' 'U' 'M' 'M' 'M' 'M' 'M' 'M' 'M' 'U' 'M' 'M'
 'A' 'M' 'M' 'U' 'U' 'M' 'M' 'U' 'M' 'M' 'M' 'M' 'M' 'M' 'M' 'U' 'M' 'M'
 'M' 'U' 'M' 'U' 'M' 'M' 'M' 'M' 'M' 'M' 'U' 'U' 'M' 'M' 'M' 'M' 'U' 'M'
 'U' 'M' 'U' 'U' 'M' 'M' 'M' 'M' 'A' 'M' 'U' 'M' 'M' 'M' 'U' 'M' 'M' 'M'
 'M' 'M' 'M' 'M' 'M' 'M' 'M' 'M' 'A' 'U' 'M' 'M' 'M' 'M' 'U' 'M' 'M' 'M'
 'U' 'M' 'M' 'M' 'A' 'A' 'A' 'A' 'A' 'A' 'A' 'A' 'A' 'M' 'M' 'M' 'M' 'M'
 'M' 'M' 'M' 'M' 'M' 'M' 'M' 'M' 'M' 'M' 'M' 'M' 'M' 'M' 'M' 'M' 'M' 'M'
 'U' 'M' 'M' 'M' 'M' 'M' 'U' 'U' 'M' 'U' 'U' 'M' 'M' 'M' 'M' 'M' 'M' 'M'
 'M' 'M' 'M' 'M' 'M' 'M' 'M' 'M' 'M' 'M' 'U' 'M' 'U' 'M' 'U' 'M' 'M' 'M']"
7501,3,163,11,152,35,0,1,"['M' 'M' 'M' 'U' 'M' 'M' 'M' 'M' 'M' 'M' 'M' 'M' 'M' 'M' 'U' 'M' 'M' 'U'
 'M' 'M' 'M' 'A' 'M' 'A' 'M' 'U' 'M' 'U' 'M' 'M' 'M' 'M' 'M' 'M' 'M' 'M'
 'M' 'M' 'M' 'M' 'M' 'M' 'M' 'U' 'M' 'M' 'M' 'M' 'M' 'M' 'M' 'M' 'M' 'M'
 'A' 'M' 'U' 'U' 'M' 'M' 'M' 'U' 'M' 'M' 'U' 'M' 'U' 'M' 'M' 'M' 'M' 'U'
 'M' 'M' 'M' 'M' 'M' 'M' 'U' 'M' 'M' 'U' 'M' 'M' 'U' 'M' 'M' 'M' 'M' 'U'
 'U' 'M' 'U' 'M' 'U' 'U' 'M' 'M' 'U' 'M' 'U' 'M' 'M' 'M' 'U' 'M' 'M' 'M'
 'M' 'M' 'M' 'M' 'M' 'M' 'M' 'U' 'U' 'U' 'M' 'M' 'M' 'M' 'M' 'M' 'M' 'M'
 'M' 'M' 'M' 'M' 'A' 'A' 'A' 'A' 'U' 'A' 'A' 'A' 'A' 'M' 'M' 'M' 'M' 'M'
 'M' 'M' 'M' 'M' 'M' 'M' 'M' 'U' 'M' 'M' 'M' 'M' 'M' 'M' 'M' 'M' 'M' 'M'
 'U' 'M' 'M' 'M' 'M' 'M' 'M' 'U' 'U' 'M' 'U' 'M' 'M' 'M' 'M' 'M' 'M' 'M'
 'M' 'M' 'M' 'M' 'M' 'M' 'M' 'M' 'M' 'M' 'U' 'M' 'U' 'M' 'U' 'M' 'M' 'M']"
7601,2,161,14,147,37,0,0,"['M' 'U' 'M' 'U' 'M' 'M' 'M' 'M' 'M' 'M' 'M' 'U' 'M' 'M' 'U' 'U' 'M' 'U'
 'M' 'U' 'M' 'A' 'M' 'A' 'M' 'U' 'M' 'M' 'M' 'M' 'M' 'M' 'M' 'M' 'M' 'M'
 'M' 'M' 'M' 'M' 'M' 'M' 'M' 'U' 'M' 'M' 'M' 'M' 'M' 'M' 'M' 'M' 'M' 'M'
 'A' 'M' 'U' 'A' 'M' 'M' 'M' 'U' 'M' 'M' 'U' 'M' 'M' 'M' 'M' 'M' 'M' 'U'
 'M' 'M' 'M' 'U' 'U' 'M' 'U' 'M' 'M' 'M' 'U' 'M' 'U' 'U' 'M' 'M' 'M' 'M'
 'M' 'M' 'U' 'U' 'M' 'U' 'M' 'M' 'U' 'M' 'U' 'M' 'U' 'M' 'U' 'M' 'M' 'M'
 'M' 'M' 'M' 'M' 'M' 'M' 'M' 'M' 'U' 'A' 'M' 'M' 'M' 'U' 'M' 'M' 'M' 'M'
 'M' 'M' 'M' 'M' 'A' 'A' 'A' 'A' 'A' 'A' 'A' 'A' 'A' 'M' 'M' 'M' 'U' 'M'
 'M' 'M' 'M' 'M' 'M' 'M' 'M' 'M' 'M' 'M' 'M' 'M' 'M' 'M' 'M' 'M' 'M' 'M'
 'U' 'M' 'M' 'M' 'M' 'M' 'M' 'U' 'U' 'U' 'U' 'M' 'M' 'M' 'M' 'M' 'M' 'M'
 'M' 'M' 'M' 'M' 'M' 'M' 'M' 'M' 'M' 'M' 'U' 'M' 'U' 'M' 'M' 'M' 'M' 'U']"
7701,2,164,10,154,34,0,0,"['M' 'U' 'M' 'M' 'M' 'M' 'M' 'M' 'M' 'M' 'M' 'M' 'M' 'M' 'U' 'U' 'M' 'U'
 'M' 'U' 'M' 'U' 'M' 'A' 'M' 'M' 'M' 'M' 'M' 'M' 'M' 'M' 'M' 'M' 'M' 'M'
 'M' 'M' 'M' 'M' 'M' 'M' 'M' 'U' 'M' 'M' 'M' 'M' 'M' 'M' 'M' 'M' 'M' 'M'
 'U' 'M' 'U' 'A' 'M' 'M' 'M' 'M' 'M' 'M' 'U' 'M' 'M' 'M' 'M' 'U' 'M' 'M'
 'M' 'M' 'M' 'M' 'U' 'M' 'M' 'M' 'M' 'M' 'M' 'M' 'M' 'U' 'M' 'U' 'M' 'U'
 'U' 'U' 'M' 'U' 'U' 'M' 'M' 'M' 'M' 'M' 'M' 'U' 'U' 'M' 'U' 'M' 'M' 'M'
 'U' 'M' 'M' 'M' 'M' 'M' 'M' 'M' 'U' 'A' 'M' 'M' 'M' 'M' 'M' 'M' 'M' 'M'
 'M' 'M' 'M' 'M' 'A' 'U' 'A' 'A' 'U' 'A' 'A' 'A' 'U' 'M' 'M' 'M' 'A' 'M'
 'M' 'M' 'M' 'M' 'M' 'M' 'M' 'M' 'U' 'M' 'M' 'M' 'M' 'M' 'M' 'M' 'M' 'M'
 'M' 'M' 'M' 'M' 'M' 'M' 'M' 'U' 'M' 'M' 'U' 'M' 'M' 'M' 'M' 'M' 'M' 'M'
 'M' 'M' 'M' 'M' 'M' 'M' 'M' 'M' 'M' 'M' 'U' 'U' 'U' 'M' 'M' 'M' 'M' 'U']"
7801,2,171,12,159,27,0,0,"['M' 'A' 'M' 'M' 'M' 'M' 'M' 'M' 'M' 'M' 'M' 'M' 'M' 'M' 'U' 'M' 'M' 'M'
 'M' 'U' 'M' 'U' 'M' 'U' 'M' 'M' 'M' 'M' 'M' 'M' 'M' 'M' 'M' 'M' 'M' 'M'
 'M' 'M' 'M' 'M' 'M' 'M' 'M' 'U' 'M' 'M' 'M' 'M' 'M' 'M' 'M' 'M' 'M' 'M'
 'U' 'M' 'U' 'A' 'M' 'M' 'M' 'M' 'M' 'M' 'M' 'U' 'M' 'U' 'M' 'M' 'M' 'M'
 'M' 'M' 'M' 'M' 'M' 'M' 'M' 'M' 'M' 'M' 'M' 'U' 'M' 'U' 'M' 'U' 'U' 'M'
 'U' 'U' 'U' 'M' 'M' 'M' 'U' 'M' 'M' 'M' 'M' 'U' 'M' 'M' 'M' 'M' 'U' 'M'
 'U' 'M' 'M' 'M' 'M' 'M' 'M' 'M' 'U' 'U' 'M' 'M' 'M' 'M' 'M' 'M' 'M' 'M'
 'M' 'M' 'M' 'M' 'A' 'A' 'A' 'A' 'A' 'A' 'A' 'A' 'A' 'M' 'M' 'M' 'A' 'M'
 'M' 'M' 'M' 'M' 'M' 'M' 'M' 'M' 'U' 'M' 'M' 'M' 'M' 'M' 'U' 'M' 'M' 'M'
 'M' 'M' 'M' 'M' 'M' 'M' 'M' 'U' 'M' 'M' 'U' 'M' 'M' 'M' 'M' 'M' 'M' 'M'
 'M' 'M' 'M' 'M' 'M' 'M' 'M' 'M' 'M' 'M' 'M' 'M' 'M' 'M' 'M' 'M' 'M' 'U']"
7901,4,172,11,161,26,0,0,"['M' 'A' 'M' 'M' 'M' 'M' 'M' 'M' 'M' 'M' 'M' 'M' 'M' 'M' 'U' 'M' 'M' 'M'
 'M' 'M' 'M' 'M' 'M' 'U' 'M' 'M' 'M' 'M' 'M' 'M' 'M' 'M' 'M' 'M' 'M' 'M'
 'M' 'M' 'M' 'M' 'M' 'M' 'M' 'U' 'M' 'M' 'M' 'M' 'M' 'M' 'M' 'M' 'M' 'M'
 'U' 'M' 'U' 'A' 'M' 'M' 'M' 'M' 'M' 'M' 'M' 'M' 'M' 'M' 'M' 'M' 'M' 'M'
 'M' 'U' 'M' 'U' 'M' 'M' 'U' 'M' 'M' 'U' 'M' 'U' 'M' 'M' 'M' 'U' 'U' 'M'
 'U' 'M' 'U' 'M' 'M' 'M' 'U' 'M' 'M' 'U' 'M' 'U' 'M' 'M' 'M' 'M' 'U' 'M'
 'M' 'M' 'M' 'M' 'M' 'M' 'M' 'M' 'U' 'U' 'M' 'M' 'M' 'M' 'M' 'M' 'M' 'M'
 'U' 'M' 'M' 'M' 'A' 'A' 'A' 'A' 'A' 'A' 'A' 'A' 'U' 'M' 'M' 'M' 'A' 'M'
 'M' 'M' 'M' 'M' 'M' 'M' 'M' 'M' 'M' 'M' 'M' 'M' 'M' 'M' 'M' 'M' 'M' 'M'
 'M' 'M' 'M' 'M' 'M' 'M' 'M' 'U' 'M' 'M' 'U' 'M' 'M' 'M' 'U' 'M' 'M' 'M'
 'M' 'M' 'M' 'M' 'M' 'M' 'M' 'M' 'M' 'M' 'M' 'M' 'M' 'M' 'M' 'M' 'M' 'U']"
8001,2,174,10,164,24,0,0,"['M' 'A' 'M' 'M' 'M' 'M' 'M' 'M' 'M' 'M' 'M' 'M' 'M' 'M' 'U' 'M' 'M' 'M'
 'M' 'M' 'M' 'M' 'M' 'U' 'M' 'M' 'M' 'M' 'M' 'M' 'M' 'M' 'M' 'M' 'M' 'M'
 'M' 'M' 'M' 'M' 'M' 'M' 'M' 'U' 'M' 'M' 'M' 'M' 'M' 'M' 'M' 'M' 'M' 'M'
 'M' 'M' 'M' 'U' 'M' 'M' 'M' 'M' 'M' 'M' 'M' 'M' 'U' 'M' 'U' 'U' 'M' 'M'
 'U' 'M' 'M' 'M' 'M' 'M' 'M' 'M' 'M' 'M' 'M' 'M' 'U' 'U' 'U' 'M' 'M' 'M'
 'U' 'M' 'M' 'M' 'U' 'M' 'U' 'M' 'M' 'U' 'M' 'M' 'M' 'M' 'M' 'M' 'U' 'M'
 'M' 'U' 'M' 'M' 'M' 'M' 'M' 'M' 'U' 'U' 'M' 'M' 'M' 'M' 'M' 'M' 'M' 'M'
 'U' 'M' 'M' 'M' 'A' 'A' 'A' 'A' 'U' 'M' 'A' 'A' 'A' 'M' 'M' 'M' 'A' 'M'
 'M' 'M' 'M' 'M' 'M' 'M' 'M' 'M' 'M' 'M' 'M' 'M' 'M' 'M' 'M' 'M' 'M' 'M'
 'M' 'M' 'M' 'M' 'M' 'M' 'M' 'U' 'M' 'M' 'A' 'M' 'M' 'M' 'U' 'M' 'M' 'U'
 'M' 'M' 'M' 'M' 'M' 'M' 'M' 'M' 'M' 'M' 'M' 'M' 'M' 'M' 'M' 'M' 'M' 'M']"
8101,2,175,9,166,23,0,0,"['M' 'A' 'M' 'M' 'M' 'M' 'M' 'M' 'M' 'M' 'M' 'M' 'M' 'M' 'U' 'M' 'M' 'M'
 'M' 'M' 'M' 'M' 'M' 'U' 'M' 'M' 'M' 'M' 'M' 'M' 'M' 'M' 'M' 'M' 'M' 'M'
 'M' 'M' 'M' 'M' 'M' 'M' 'M' 'U' 'M' 'M' 'M' 'M' 'M' 'M' 'M' 'M' 'M' 'M'
 'M' 'M' 'M' 'M' 'M' 'M' 'M' 'M' 'M' 'M' 'M' 'U' 'M' 'M' 'U' 'U' 'M' 'M'
 'M' 'U' 'M' 'M' 'U' 'M' 'M' 'M' 'U' 'M' 'M' 'M' 'M' 'M' 'M' 'M' 'U' 'M'
 'U' 'M' 'M' 'U' 'M' 'M' 'U' 'M' 'M' 'U' 'M' 'M' 'M' 'M' 'M' 'M' 'U' 'M'
 'M' 'M' 'M' 'U' 'M' 'M' 'M' 'M' 'U' 'M' 'M' 'M' 'M' 'M' 'M' 'M' 'M' 'M'
 'U' 'M' 'M' 'M' 'A' 'U' 'A' 'A' 'M' 'M' 'A' 'A' 'A' 'M' 'M' 'M' 'A' 'M'
 'M' 'M' 'M' 'M' 'M' 'M' 'M' 'M' 'M' 'M' 'M' 'M' 'M' 'M' 'M' 'M' 'M' 'M'
 'M' 'M' 'M' 'U' 'M' 'U' 'M' 'M' 'M' 'M' 'A' 'M' 'M' 'M' 'U' 'M' 'M' 'U'
 'M' 'M' 'M' 'M' 'M' 'M' 'M' 'M' 'M' 'M' 'M' 'M' 'M' 'M' 'M' 'M' 'M' 'M']"
8201,2,175,5,170,23,0,0,"['M' 'U' 'M' 'M' 'M' 'M' 'M' 'M' 'M' 'M' 'M' 'M' 'M' 'M' 'U' 'M' 'M' 'M'
 'M' 'M' 'M' 'M' 'M' 'U' 'M' 'M' 'M' 'M' 'M' 'M' 'M' 'M' 'U' 'M' 'M' 'M'
 'M' 'M' 'M' 'M' 'M' 'M' 'M' 'M' 'M' 'M' 'M' 'M' 'M' 'M' 'M' 'M' 'M' 'M'
 'M' 'M' 'M' 'M' 'U' 'M' 'M' 'M' 'M' 'M' 'M' 'M' 'M' 'U' 'M' 'M' 'M' 'M'
 'M' 'U' 'M' 'M' 'M' 'M' 'M' 'M' 'U' 'M' 'M' 'U' 'M' 'U' 'M' 'M' 'M' 'U'
 'U' 'M' 'U' 'M' 'U' 'M' 'U' 'M' 'M' 'M' 'M' 'M' 'M' 'M' 'M' 'M' 'U' 'M'
 'M' 'M' 'M' 'U' 'M' 'M' 'M' 'M' 'M' 'M' 'M' 'M' 'M' 'M' 'M' 'M' 'M' 'M'
 'M' 'M' 'M' 'M' 'A' 'U' 'U' 'A' 'M' 'M' 'A' 'U' 'U' 'M' 'M' 'M' 'A' 'M'
 'M' 'M' 'M' 'M' 'M' 'M' 'M' 'M' 'M' 'M' 'M' 'M' 'M' 'M' 'M' 'M' 'M' 'M'
 'M' 'M' 'M' 'M' 'M' 'U' 'M' 'M' 'M' 'M' 'A' 'M' 'M' 'M' 'M' 'M' 'M' 'U'
 'M' 'M' 'M' 'M' 'M' 'M' 'M' 'M' 'M' 'M' 'M' 'M' 'M' 'M' 'M' 'M' 'M' 'M']"
8301,2,175,3,172,23,0,0,"['M' 'M' 'M' 'M' 'M' 'M' 'M' 'M' 'M' 'M' 'M' 'M' 'M' 'M' 'U' 'M' 'M' 'M'
 'M' 'M' 'M' 'M' 'M' 'U' 'M' 'M' 'M' 'M' 'M' 'M' 'M' 'M' 'U' 'M' 'M' 'M'
 'M' 'M' 'M' 'M' 'M' 'M' 'M' 'M' 'M' 'M' 'M' 'M' 'M' 'M' 'M' 'M' 'M' 'M'
 'M' 'M' 'M' 'M' 'M' 'M' 'M' 'M' 'M' 'M' 'M' 'M' 'M' 'M' 'U' 'M' 'U' 'M'
 'M' 'U' 'M' 'M' 'M' 'M' 'M' 'M' 'U' 'M' 'M' 'U' 'M' 'M' 'M' 'M' 'U' 'M'
 'M' 'U' 'U' 'M' 'U' 'M' 'U' 'M' 'M' 'M' 'M' 'M' 'M' 'M' 'M' 'M' 'U' 'M'
 'M' 'M' 'M' 'M' 'M' 'M' 'M' 'M' 'M' 'M' 'M' 'M' 'M' 'M' 'M' 'U' 'M' 'M'
 'M' 'M' 'M' 'M' 'A' 'U' 'U' 'U' 'M' 'M' 'A' 'U' 'U' 'M' 'M' 'M' 'U' 'M'
 'M' 'M' 'M' 'M' 'M' 'M' 'M' 'M' 'M' 'M' 'M' 'M' 'M' 'M' 'M' 'M' 'M' 'M'
 'M' 'M' 'M' 'M' 'M' 'U' 'M' 'M' 'M' 'M' 'A' 'M' 'M' 'M' 'M' 'M' 'M' 'M'
 'M' 'M' 'U' 'M' 'M' 'M' 'M' 'M' 'M' 'M' 'M' 'M' 'M' 'M' 'M' 'M' 'M' 'M']"
8401,2,174,6,168,24,0,0,"['M' 'M' 'M' 'M' 'M' 'M' 'M' 'M' 'M' 'M' 'U' 'M' 'M' 'M' 'U' 'M' 'M' 'M'
 'M' 'M' 'M' 'M' 'M' 'M' 'M' 'M' 'M' 'M' 'M' 'M' 'M' 'M' 'U' 'M' 'M' 'M'
 'M' 'M' 'M' 'M' 'M' 'M' 'M' 'M' 'M' 'M' 'M' 'M' 'M' 'M' 'M' 'M' 'M' 'M'
 'M' 'M' 'M' 'M' 'M' 'M' 'M' 'M' 'M' 'M' 'M' 'M' 'M' 'M' 'M' 'U' 'M' 'M'
 'U' 'U' 'U' 'M' 'M' 'M' 'U' 'M' 'M' 'M' 'M' 'M' 'U' 'U' 'M' 'M' 'M' 'M'
 'M' 'M' 'U' 'M' 'U' 'M' 'M' 'M' 'M' 'M' 'M' 'M' 'M' 'M' 'M' 'M' 'U' 'M'
 'M' 'M' 'M' 'M' 'M' 'M' 'M' 'M' 'M' 'M' 'M' 'M' 'M' 'M' 'M' 'U' 'M' 'M'
 'M' 'M' 'M' 'M' 'A' 'U' 'U' 'U' 'A' 'U' 'A' 'A' 'A' 'M' 'M' 'M' 'U' 'M'
 'M' 'U' 'M' 'M' 'M' 'U' 'M' 'M' 'M' 'M' 'M' 'M' 'M' 'M' 'M' 'M' 'M' 'M'
 'M' 'M' 'M' 'M' 'M' 'M' 'M' 'M' 'M' 'M' 'A' 'M' 'M' 'M' 'M' 'M' 'M' 'M'
 'M' 'M' 'U' 'U' 'M' 'M' 'M' 'M' 'M' 'M' 'U' 'M' 'M' 'M' 'M' 'M' 'M' 'M']"
8501,2,173,5,168,25,0,0,"['M' 'M' 'M' 'M' 'M' 'M' 'M' 'M' 'M' 'M' 'U' 'M' 'M' 'M' 'U' 'M' 'M' 'M'
 'M' 'M' 'M' 'M' 'M' 'M' 'M' 'M' 'M' 'M' 'M' 'M' 'M' 'M' 'U' 'M' 'M' 'M'
 'M' 'M' 'M' 'M' 'M' 'M' 'M' 'U' 'M' 'M' 'M' 'M' 'M' 'M' 'M' 'M' 'M' 'M'
 'M' 'M' 'M' 'M' 'M' 'M' 'M' 'M' 'M' 'M' 'M' 'U' 'M' 'M' 'M' 'U' 'M' 'M'
 'M' 'U' 'M' 'M' 'M' 'U' 'U' 'M' 'M' 'M' 'M' 'U' 'M' 'M' 'M' 'M' 'U' 'U'
 'U' 'M' 'M' 'M' 'M' 'M' 'M' 'M' 'M' 'M' 'M' 'M' 'M' 'M' 'M' 'M' 'U' 'M'
 'M' 'M' 'M' 'M' 'M' 'M' 'M' 'U' 'M' 'M' 'M' 'M' 'M' 'M' 'M' 'U' 'M' 'M'
 'M' 'M' 'M' 'M' 'A' 'U' 'U' 'U' 'A' 'U' 'A' 'U' 'A' 'M' 'M' 'M' 'M' 'M'
 'M' 'U' 'M' 'M' 'M' 'M' 'M' 'M' 'M' 'M' 'M' 'M' 'M' 'M' 'M' 'M' 'M' 'M'
 'M' 'M' 'M' 'M' 'M' 'M' 'M' 'M' 'M' 'M' 'A' 'M' 'M' 'M' 'M' 'M' 'M' 'M'
 'M' 'M' 'U' 'U' 'M' 'M' 'M' 'M' 'M' 'M' 'M' 'M' 'M' 'U' 'M' 'M' 'M' 'M']"
8601,2,175,9,166,23,0,0,"['M' 'M' 'M' 'M' 'M' 'M' 'M' 'M' 'M' 'M' 'U' 'M' 'M' 'M' 'U' 'M' 'M' 'M'
 'M' 'M' 'M' 'M' 'M' 'M' 'M' 'M' 'M' 'M' 'M' 'M' 'M' 'M' 'U' 'M' 'M' 'M'
 'M' 'M' 'M' 'M' 'M' 'M' 'M' 'U' 'M' 'M' 'M' 'M' 'M' 'M' 'M' 'M' 'M' 'M'
 'M' 'M' 'M' 'M' 'M' 'M' 'M' 'M' 'U' 'M' 'M' 'M' 'U' 'M' 'M' 'U' 'M' 'M'
 'M' 'M' 'M' 'M' 'M' 'M' 'U' 'U' 'M' 'U' 'M' 'U' 'M' 'M' 'M' 'M' 'U' 'M'
 'U' 'M' 'M' 'U' 'M' 'M' 'M' 'M' 'M' 'M' 'M' 'M' 'M' 'M' 'U' 'M' 'U' 'M'
 'M' 'M' 'M' 'M' 'M' 'M' 'M' 'U' 'M' 'M' 'M' 'M' 'M' 'M' 'M' 'A' 'M' 'M'
 'M' 'M' 'M' 'M' 'A' 'U' 'M' 'A' 'A' 'A' 'A' 'A' 'A' 'M' 'M' 'M' 'M' 'M'
 'M' 'U' 'M' 'M' 'M' 'M' 'M' 'M' 'M' 'M' 'M' 'M' 'M' 'M' 'M' 'M' 'M' 'M'
 'M' 'M' 'M' 'M' 'M' 'M' 'M' 'M' 'M' 'M' 'A' 'M' 'M' 'M' 'M' 'M' 'M' 'M'
 'M' 'M' 'U' 'U' 'U' 'M' 'M' 'M' 'M' 'M' 'M' 'M' 'M' 'U' 'M' 'M' 'M' 'M']"
8701,2,174,8,166,24,0,0,"['M' 'M' 'M' 'M' 'M' 'M' 'M' 'M' 'M' 'M' 'M' 'M' 'M' 'M' 'U' 'M' 'M' 'M'
 'M' 'M' 'M' 'M' 'M' 'M' 'M' 'M' 'M' 'M' 'M' 'M' 'M' 'M' 'U' 'M' 'M' 'M'
 'M' 'M' 'M' 'U' 'M' 'M' 'M' 'U' 'M' 'M' 'M' 'M' 'M' 'M' 'M' 'M' 'M' 'M'
 'M' 'M' 'M' 'M' 'M' 'U' 'M' 'M' 'M' 'M' 'M' 'M' 'U' 'U' 'U' 'U' 'M' 'M'
 'M' 'M' 'M' 'U' 'M' 'M' 'M' 'U' 'M' 'M' 'U' 'M' 'M' 'M' 'U' 'M' 'M' 'U'
 'M' 'M' 'M' 'M' 'M' 'M' 'M' 'M' 'M' 'M' 'M' 'M' 'M' 'M' 'U' 'M' 'U' 'M'
 'M' 'M' 'M' 'M' 'M' 'M' 'M' 'U' 'M' 'M' 'M' 'M' 'M' 'M' 'M' 'A' 'M' 'M'
 'M' 'M' 'M' 'M' 'A' 'M' 'M' 'A' 'A' 'U' 'A' 'A' 'A' 'M' 'M' 'M' 'M' 'M'
 'M' 'U' 'M' 'M' 'M' 'M' 'M' 'M' 'M' 'M' 'M' 'M' 'M' 'M' 'M' 'M' 'M' 'M'
 'M' 'M' 'M' 'M' 'M' 'M' 'U' 'M' 'M' 'M' 'A' 'M' 'M' 'M' 'M' 'M' 'M' 'M'
 'M' 'M' 'U' 'U' 'U' 'M' 'M' 'M' 'M' 'M' 'M' 'M' 'M' 'U' 'M' 'M' 'M' 'M']"
8801,2,179,8,171,19,0,0,"['M' 'M' 'M' 'M' 'M' 'M' 'M' 'M' 'M' 'M' 'M' 'M' 'M' 'M' 'U' 'M' 'M' 'M'
 'M' 'M' 'M' 'M' 'M' 'M' 'M' 'M' 'M' 'M' 'M' 'M' 'M' 'M' 'M' 'M' 'M' 'M'
 'M' 'M' 'M' 'M' 'M' 'M' 'M' 'U' 'M' 'M' 'M' 'M' 'M' 'M' 'M' 'M' 'M' 'M'
 'M' 'M' 'M' 'M' 'M' 'M' 'M' 'M' 'M' 'M' 'M' 'U' 'M' 'M' 'M' 'U' 'M' 'M'
 'M' 'M' 'U' 'U' 'M' 'M' 'U' 'M' 'M' 'U' 'U' 'M' 'U' 'M' 'M' 'M' 'M' 'M'
 'M' 'U' 'M' 'M' 'M' 'M' 'M' 'M' 'M' 'M' 'M' 'M' 'M' 'M' 'U' 'M' 'M' 'M'
 'M' 'M' 'M' 'M' 'M' 'M' 'M' 'U' 'M' 'M' 'M' 'M' 'M' 'M' 'M' 'U' 'M' 'M'
 'M' 'M' 'M' 'M' 'A' 'M' 'U' 'A' 'A' 'A' 'A' 'A' 'A' 'M' 'M' 'M' 'M' 'M'
 'M' 'U' 'M' 'M' 'M' 'M' 'M' 'M' 'M' 'M' 'M' 'M' 'M' 'M' 'M' 'M' 'M' 'M'
 'M' 'M' 'M' 'M' 'M' 'M' 'U' 'M' 'M' 'M' 'A' 'M' 'M' 'M' 'M' 'M' 'M' 'M'
 'M' 'M' 'M' 'M' 'U' 'M' 'M' 'M' 'M' 'M' 'M' 'M' 'M' 'U' 'M' 'M' 'M' 'M']"
8901,2,176,4,172,22,0,0,"['M' 'M' 'M' 'M' 'M' 'M' 'M' 'M' 'M' 'M' 'M' 'M' 'M' 'M' 'U' 'M' 'M' 'M'
 'M' 'M' 'M' 'M' 'M' 'M' 'M' 'M' 'M' 'M' 'M' 'M' 'M' 'M' 'M' 'M' 'M' 'M'
 'M' 'M' 'M' 'M' 'M' 'M' 'M' 'U' 'M' 'M' 'M' 'M' 'M' 'M' 'M' 'M' 'M' 'M'
 'M' 'M' 'M' 'M' 'M' 'M' 'M' 'M' 'M' 'M' 'M' 'M' 'M' 'U' 'M' 'U' 'M' 'M'
 'M' 'M' 'U' 'U' 'U' 'M' 'M' 'U' 'M' 'M' 'U' 'M' 'U' 'M' 'M' 'M' 'U' 'M'
 'M' 'M' 'M' 'M' 'M' 'M' 'M' 'M' 'M' 'M' 'M' 'M' 'M' 'M' 'U' 'M' 'M' 'M'
 'M' 'M' 'M' 'M' 'M' 'M' 'M' 'M' 'M' 'M' 'M' 'M' 'M' 'M' 'M' 'M' 'M' 'M'
 'M' 'M' 'M' 'M' 'A' 'U' 'M' 'A' 'U' 'U' 'A' 'U' 'U' 'M' 'M' 'M' 'M' 'M'
 'M' 'U' 'M' 'M' 'M' 'M' 'M' 'M' 'M' 'M' 'M' 'M' 'M' 'M' 'M' 'M' 'M' 'M'
 'M' 'M' 'M' 'M' 'M' 'M' 'U' 'M' 'M' 'M' 'A' 'M' 'M' 'M' 'M' 'M' 'M' 'M'
 'M' 'M' 'M' 'M' 'U' 'M' 'U' 'M' 'M' 'M' 'M' 'M' 'M' 'U' 'M' 'M' 'M' 'M']"
9001,2,173,6,167,25,0,0,"['M' 'M' 'M' 'M' 'M' 'M' 'M' 'M' 'M' 'M' 'M' 'M' 'M' 'M' 'U' 'M' 'M' 'M'
 'M' 'M' 'M' 'M' 'M' 'M' 'M' 'M' 'M' 'M' 'M' 'M' 'M' 'M' 'M' 'M' 'M' 'M'
 'M' 'M' 'M' 'U' 'M' 'M' 'M' 'M' 'M' 'M' 'M' 'M' 'M' 'M' 'U' 'M' 'M' 'M'
 'M' 'M' 'M' 'M' 'M' 'M' 'M' 'M' 'M' 'M' 'M' 'U' 'M' 'M' 'U' 'U' 'M' 'M'
 'M' 'M' 'M' 'M' 'M' 'M' 'M' 'U' 'M' 'U' 'M' 'M' 'M' 'M' 'M' 'M' 'U' 'M'
 'M' 'U' 'U' 'M' 'U' 'M' 'M' 'M' 'U' 'M' 'M' 'M' 'M' 'M' 'M' 'M' 'M' 'M'
 'M' 'M' 'M' 'M' 'M' 'M' 'M' 'M' 'M' 'M' 'M' 'M' 'M' 'M' 'M' 'M' 'M' 'M'
 'M' 'M' 'M' 'M' 'A' 'U' 'U' 'A' 'A' 'A' 'A' 'A' 'U' 'M' 'M' 'M' 'M' 'U'
 'M' 'U' 'M' 'M' 'M' 'M' 'M' 'M' 'M' 'M' 'M' 'M' 'M' 'M' 'M' 'M' 'M' 'M'
 'M' 'M' 'M' 'M' 'U' 'M' 'M' 'M' 'M' 'M' 'U' 'M' 'M' 'M' 'M' 'U' 'M' 'M'
 'M' 'M' 'M' 'M' 'U' 'M' 'U' 'U' 'M' 'M' 'M' 'M' 'M' 'U' 'M' 'M' 'M' 'M']"
9101,2,173,9,164,25,0,0,"['M' 'M' 'M' 'M' 'M' 'M' 'M' 'M' 'M' 'M' 'M' 'M' 'M' 'M' 'U' 'U' 'M' 'M'
 'M' 'M' 'M' 'M' 'M' 'M' 'M' 'M' 'M' 'M' 'M' 'M' 'M' 'M' 'M' 'M' 'M' 'M'
 'M' 'M' 'M' 'U' 'M' 'M' 'M' 'M' 'M' 'M' 'M' 'M' 'M' 'M' 'U' 'M' 'M' 'M'
 'M' 'M' 'M' 'M' 'M' 'M' 'M' 'M' 'M' 'M' 'M' 'M' 'U' 'M' 'U' 'M' 'M' 'M'
 'M' 'M' 'U' 'M' 'M' 'M' 'U' 'U' 'M' 'M' 'M' 'U' 'U' 'M' 'M' 'M' 'M' 'M'
 'U' 'M' 'M' 'M' 'U' 'M' 'M' 'M' 'U' 'M' 'M' 'M' 'M' 'M' 'M' 'M' 'M' 'M'
 'M' 'M' 'M' 'M' 'M' 'M' 'M' 'M' 'M' 'M' 'M' 'M' 'M' 'M' 'M' 'M' 'M' 'M'
 'M' 'U' 'M' 'M' 'A' 'A' 'A' 'A' 'A' 'A' 'U' 'A' 'A' 'M' 'M' 'M' 'M' 'U'
 'U' 'M' 'M' 'M' 'M' 'M' 'M' 'M' 'M' 'M' 'M' 'M' 'M' 'M' 'M' 'M' 'M' 'U'
 'M' 'M' 'M' 'M' 'U' 'M' 'M' 'M' 'M' 'M' 'U' 'M' 'M' 'M' 'M' 'U' 'M' 'M'
 'M' 'M' 'M' 'U' 'A' 'M' 'M' 'M' 'U' 'M' 'M' 'M' 'M' 'U' 'M' 'M' 'M' 'M']"
9201,2,175,8,167,23,0,0,"['M' 'M' 'M' 'M' 'M' 'M' 'M' 'M' 'M' 'M' 'M' 'M' 'M' 'M' 'U' 'M' 'M' 'M'
 'M' 'M' 'M' 'M' 'M' 'M' 'M' 'M' 'U' 'M' 'M' 'M' 'U' 'M' 'M' 'M' 'M' 'M'
 'M' 'M' 'M' 'U' 'M' 'M' 'M' 'M' 'M' 'M' 'M' 'M' 'M' 'M' 'M' 'M' 'M' 'M'
 'M' 'M' 'M' 'M' 'M' 'M' 'M' 'M' 'M' 'M' 'M' 'U' 'M' 'M' 'M' 'M' 'U' 'U'
 'U' 'M' 'M' 'M' 'M' 'M' 'U' 'U' 'M' 'U' 'M' 'M' 'U' 'M' 'M' 'M' 'M' 'U'
 'M' 'M' 'M' 'M' 'M' 'M' 'M' 'M' 'U' 'M' 'M' 'M' 'M' 'M' 'M' 'M' 'M' 'M'
 'M' 'M' 'M' 'M' 'M' 'M' 'M' 'M' 'M' 'M' 'M' 'M' 'M' 'M' 'M' 'M' 'M' 'M'
 'M' 'U' 'M' 'M' 'A' 'U' 'A' 'A' 'A' 'A' 'A' 'A' 'U' 'M' 'M' 'M' 'M' 'M'
 'U' 'M' 'M' 'M' 'M' 'M' 'M' 'M' 'M' 'M' 'M' 'M' 'M' 'M' 'M' 'M' 'M' 'M'
 'M' 'M' 'M' 'M' 'U' 'M' 'M' 'M' 'M' 'M' 'U' 'M' 'M' 'M' 'M' 'M' 'M' 'M'
 'M' 'M' 'M' 'U' 'A' 'M' 'M' 'M' 'U' 'M' 'M' 'M' 'M' 'U' 'M' 'M' 'M' 'M']"
9301,2,170,8,162,28,0,0,"['M' 'M' 'M' 'M' 'M' 'M' 'M' 'M' 'M' 'M' 'M' 'M' 'M' 'M' 'M' 'M' 'M' 'M'
 'M' 'M' 'M' 'M' 'M' 'M' 'M' 'M' 'U' 'M' 'M' 'M' 'M' 'M' 'M' 'M' 'M' 'M'
 'M' 'M' 'M' 'U' 'M' 'M' 'M' 'M' 'M' 'M' 'M' 'M' 'M' 'M' 'M' 'M' 'M' 'M'
 'M' 'M' 'M' 'M' 'M' 'M' 'M' 'M' 'M' 'M' 'M' 'U' 'M' 'M' 'U' 'M' 'U' 'U'
 'M' 'M' 'M' 'M' 'U' 'M' 'M' 'U' 'M' 'M' 'M' 'M' 'M' 'M' 'U' 'U' 'M' 'U'
 'M' 'M' 'M' 'M' 'M' 'M' 'M' 'M' 'U' 'U' 'M' 'M' 'M' 'M' 'M' 'U' 'M' 'M'
 'M' 'U' 'M' 'M' 'M' 'M' 'M' 'M' 'M' 'M' 'M' 'M' 'M' 'M' 'M' 'M' 'M' 'M'
 'M' 'U' 'M' 'M' 'A' 'U' 'A' 'A' 'A' 'A' 'A' 'U' 'U' 'M' 'M' 'M' 'M' 'M'
 'U' 'M' 'M' 'M' 'M' 'M' 'M' 'M' 'M' 'M' 'M' 'M' 'M' 'M' 'M' 'M' 'M' 'M'
 'M' 'M' 'M' 'M' 'U' 'M' 'M' 'M' 'M' 'U' 'U' 'M' 'M' 'M' 'M' 'M' 'M' 'M'
 'U' 'M' 'M' 'A' 'A' 'M' 'M' 'M' 'U' 'M' 'M' 'M' 'U' 'U' 'M' 'U' 'M' 'M']"
9401,3,170,6,164,28,0,0,"['M' 'M' 'M' 'M' 'M' 'M' 'M' 'M' 'M' 'M' 'M' 'M' 'M' 'M' 'M' 'M' 'M' 'M'
 'M' 'M' 'M' 'M' 'M' 'M' 'M' 'M' 'U' 'M' 'M' 'M' 'M' 'M' 'M' 'M' 'M' 'M'
 'M' 'M' 'M' 'U' 'M' 'M' 'M' 'M' 'M' 'M' 'M' 'M' 'M' 'M' 'M' 'M' 'M' 'M'
 'M' 'M' 'M' 'M' 'M' 'M' 'M' 'M' 'M' 'M' 'M' 'U' 'U' 'M' 'M' 'U' 'U' 'M'
 'M' 'M' 'M' 'M' 'M' 'U' 'M' 'M' 'M' 'M' 'M' 'M' 'M' 'U' 'M' 'M' 'M' 'U'
 'M' 'M' 'U' 'U' 'M' 'M' 'M' 'M' 'U' 'M' 'M' 'M' 'M' 'M' 'M' 'M' 'M' 'M'
 'M' 'U' 'M' 'M' 'M' 'M' 'M' 'M' 'M' 'M' 'M' 'M' 'M' 'M' 'M' 'M' 'U' 'M'
 'M' 'U' 'M' 'M' 'A' 'M' 'U' 'A' 'A' 'A' 'U' 'U' 'U' 'M' 'M' 'M' 'M' 'U'
 'U' 'M' 'M' 'M' 'M' 'M' 'M' 'M' 'M' 'M' 'M' 'M' 'M' 'M' 'M' 'M' 'M' 'M'
 'M' 'M' 'M' 'M' 'M' 'U' 'M' 'M' 'M' 'M' 'U' 'M' 'M' 'M' 'M' 'M' 'M' 'M'
 'U' 'M' 'M' 'A' 'A' 'M' 'M' 'M' 'U' 'M' 'M' 'M' 'U' 'U' 'M' 'U' 'M' 'M']"
9501,2,172,5,167,26,0,0,"['M' 'M' 'M' 'M' 'M' 'M' 'M' 'M' 'M' 'M' 'M' 'M' 'M' 'M' 'M' 'M' 'M' 'M'
 'M' 'M' 'M' 'M' 'M' 'M' 'M' 'M' 'U' 'M' 'M' 'M' 'M' 'M' 'M' 'M' 'M' 'M'
 'M' 'M' 'M' 'M' 'M' 'M' 'M' 'M' 'M' 'M' 'M' 'M' 'M' 'M' 'M' 'M' 'M' 'M'
 'M' 'M' 'M' 'M' 'M' 'M' 'M' 'M' 'M' 'M' 'M' 'M' 'M' 'U' 'M' 'M' 'M' 'M'
 'U' 'M' 'M' 'U' 'M' 'M' 'M' 'M' 'M' 'U' 'U' 'U' 'M' 'M' 'M' 'U' 'M' 'M'
 'M' 'M' 'M' 'U' 'U' 'M' 'M' 'M' 'U' 'M' 'M' 'M' 'M' 'M' 'M' 'M' 'M' 'M'
 'M' 'M' 'M' 'M' 'M' 'M' 'M' 'M' 'M' 'M' 'M' 'M' 'M' 'U' 'M' 'M' 'M' 'M'
 'M' 'U' 'M' 'U' 'A' 'M' 'A' 'U' 'U' 'U' 'U' 'M' 'U' 'M' 'M' 'M' 'M' 'U'
 'U' 'M' 'M' 'M' 'M' 'M' 'M' 'M' 'M' 'M' 'M' 'M' 'M' 'M' 'M' 'M' 'M' 'M'
 'M' 'M' 'M' 'M' 'M' 'U' 'M' 'M' 'M' 'M' 'U' 'M' 'M' 'M' 'M' 'M' 'M' 'M'
 'U' 'M' 'M' 'A' 'A' 'M' 'M' 'M' 'M' 'M' 'M' 'M' 'U' 'U' 'M' 'A' 'M' 'M']"
9601,2,176,6,170,22,0,0,"['M' 'M' 'M' 'M' 'M' 'M' 'M' 'M' 'M' 'M' 'M' 'M' 'M' 'M' 'M' 'M' 'M' 'M'
 'M' 'M' 'M' 'M' 'M' 'M' 'M' 'M' 'U' 'M' 'M' 'M' 'M' 'M' 'M' 'M' 'M' 'M'
 'M' 'M' 'M' 'M' 'M' 'M' 'M' 'M' 'M' 'M' 'M' 'M' 'M' 'M' 'M' 'M' 'M' 'M'
 'M' 'M' 'M' 'M' 'M' 'M' 'M' 'M' 'M' 'M' 'M' 'M' 'M' 'M' 'U' 'M' 'M' 'M'
 'M' 'U' 'M' 'M' 'M' 'M' 'M' 'M' 'U' 'M' 'M' 'M' 'U' 'U' 'M' 'U' 'U' 'U'
 'M' 'M' 'M' 'U' 'M' 'U' 'M' 'M' 'A' 'M' 'M' 'M' 'M' 'M' 'M' 'M' 'M' 'M'
 'M' 'M' 'M' 'M' 'U' 'M' 'M' 'M' 'M' 'M' 'M' 'M' 'M' 'U' 'M' 'M' 'M' 'M'
 'M' 'U' 'M' 'M' 'A' 'M' 'A' 'U' 'U' 'U' 'U' 'M' 'M' 'M' 'M' 'M' 'M' 'U'
 'U' 'M' 'M' 'M' 'M' 'M' 'M' 'M' 'M' 'U' 'M' 'M' 'M' 'M' 'M' 'M' 'M' 'M'
 'M' 'M' 'M' 'M' 'M' 'M' 'M' 'M' 'M' 'M' 'M' 'M' 'M' 'M' 'M' 'M' 'M' 'M'
 'U' 'M' 'M' 'A' 'A' 'M' 'M' 'M' 'M' 'M' 'M' 'M' 'M' 'M' 'M' 'A' 'M' 'M']"
9701,2,168,3,165,30,0,0,"['M' 'M' 'M' 'M' 'M' 'M' 'U' 'M' 'M' 'M' 'M' 'M' 'M' 'U' 'M' 'M' 'M' 'M'
 'M' 'M' 'M' 'M' 'M' 'M' 'M' 'M' 'U' 'U' 'M' 'M' 'M' 'M' 'M' 'M' 'M' 'M'
 'M' 'M' 'M' 'M' 'M' 'M' 'M' 'M' 'M' 'U' 'M' 'M' 'M' 'M' 'M' 'M' 'M' 'M'
 'M' 'M' 'M' 'M' 'M' 'M' 'M' 'M' 'M' 'M' 'M' 'M' 'M' 'M' 'U' 'M' 'M' 'M'
 'U' 'M' 'U' 'U' 'U' 'M' 'U' 'U' 'M' 'M' 'M' 'M' 'M' 'M' 'M' 'M' 'U' 'M'
 'M' 'U' 'M' 'M' 'M' 'U' 'U' 'M' 'U' 'M' 'M' 'M' 'M' 'M' 'M' 'U' 'M' 'M'
 'M' 'M' 'M' 'M' 'U' 'M' 'M' 'M' 'M' 'M' 'M' 'M' 'M' 'U' 'U' 'M' 'M' 'M'
 'M' 'U' 'M' 'M' 'A' 'M' 'U' 'M' 'U' 'U' 'U' 'M' 'M' 'M' 'M' 'M' 'M' 'M'
 'M' 'M' 'M' 'M' 'M' 'M' 'M' 'M' 'M' 'U' 'M' 'M' 'M' 'M' 'M' 'M' 'M' 'M'
 'M' 'M' 'M' 'M' 'M' 'M' 'M' 'M' 'M' 'M' 'M' 'M' 'M' 'M' 'M' 'M' 'M' 'M'
 'U' 'M' 'M' 'A' 'A' 'M' 'M' 'M' 'M' 'M' 'M' 'M' 'M' 'U' 'M' 'U' 'M' 'M']"
9801,2,172,2,170,26,0,0,"['M' 'M' 'M' 'M' 'M' 'M' 'M' 'M' 'M' 'M' 'M' 'M' 'M' 'U' 'M' 'M' 'M' 'M'
 'M' 'M' 'M' 'M' 'M' 'M' 'M' 'M' 'U' 'U' 'M' 'M' 'M' 'M' 'M' 'M' 'M' 'M'
 'M' 'M' 'M' 'M' 'M' 'M' 'M' 'M' 'M' 'U' 'M' 'M' 'M' 'M' 'M' 'M' 'M' 'M'
 'M' 'M' 'M' 'M' 'M' 'M' 'M' 'M' 'M' 'M' 'M' 'M' 'M' 'M' 'M' 'M' 'M' 'U'
 'M' 'M' 'M' 'M' 'M' 'M' 'U' 'M' 'M' 'M' 'U' 'M' 'U' 'U' 'U' 'U' 'M' 'U'
 'M' 'U' 'M' 'M' 'M' 'U' 'U' 'M' 'M' 'M' 'M' 'M' 'M' 'M' 'M' 'U' 'M' 'M'
 'M' 'M' 'M' 'M' 'U' 'M' 'M' 'M' 'M' 'M' 'M' 'M' 'M' 'U' 'M' 'M' 'M' 'M'
 'M' 'U' 'M' 'M' 'A' 'M' 'U' 'M' 'U' 'M' 'U' 'M' 'M' 'M' 'M' 'M' 'M' 'M'
 'M' 'M' 'M' 'M' 'M' 'M' 'M' 'M' 'M' 'U' 'M' 'M' 'M' 'M' 'M' 'M' 'M' 'M'
 'M' 'M' 'M' 'M' 'M' 'M' 'M' 'M' 'M' 'M' 'M' 'M' 'M' 'M' 'M' 'M' 'M' 'M'
 'U' 'M' 'M' 'A' 'M' 'M' 'M' 'M' 'M' 'M' 'M' 'M' 'M' 'U' 'M' 'U' 'M' 'M']"
9901,2,172,7,165,26,0,0,"['M' 'M' 'M' 'M' 'M' 'M' 'M' 'M' 'M' 'M' 'M' 'M' 'M' 'M' 'M' 'M' 'U' 'M'
 'M' 'M' 'M' 'M' 'M' 'M' 'M' 'M' 'U' 'U' 'M' 'M' 'M' 'M' 'M' 'M' 'M' 'M'
 'M' 'M' 'M' 'M' 'M' 'M' 'M' 'M' 'M' 'U' 'M' 'M' 'M' 'M' 'M' 'M' 'M' 'M'
 'M' 'M' 'M' 'M' 'M' 'M' 'M' 'M' 'M' 'M' 'M' 'M' 'U' 'U' 'M' 'M' 'U' 'M'
 'M' 'M' 'U' 'M' 'U' 'U' 'M' 'M' 'U' 'M' 'M' 'M' 'M' 'M' 'M' 'M' 'M' 'M'
 'M' 'M' 'U' 'M' 'U' 'U' 'U' 'M' 'M' 'M' 'M' 'M' 'M' 'M' 'M' 'U' 'M' 'M'
 'M' 'M' 'M' 'M' 'M' 'M' 'M' 'M' 'M' 'U' 'M' 'M' 'M' 'U' 'M' 'M' 'M' 'M'
 'M' 'U' 'M' 'M' 'A' 'M' 'A' 'A' 'A' 'U' 'A' 'A' 'U' 'M' 'M' 'M' 'M' 'M'
 'M' 'M' 'M' 'M' 'M' 'M' 'M' 'M' 'M' 'U' 'M' 'M' 'M' 'M' 'M' 'M' 'M' 'M'
 'M' 'U' 'M' 'M' 'M' 'M' 'M' 'M' 'M' 'M' 'M' 'M' 'M' 'M' 'M' 'M' 'M' 'M'
 'U' 'M' 'M' 'A' 'M' 'M' 'M' 'M' 'M' 'M' 'M' 'M' 'M' 'U' 'U' 'M' 'M' 'M']"
10001,2,173,7,166,25,0,1,"['M' 'M' 'U' 'M' 'M' 'M' 'M' 'M' 'M' 'M' 'M' 'M' 'M' 'M' 'M' 'M' 'U' 'M'
 'M' 'M' 'M' 'M' 'M' 'M' 'M' 'M' 'U' 'U' 'M' 'M' 'U' 'M' 'M' 'M' 'M' 'M'
 'M' 'M' 'M' 'M' 'M' 'M' 'M' 'M' 'M' 'M' 'M' 'M' 'M' 'M' 'M' 'M' 'M' 'M'
 'M' 'M' 'M' 'M' 'M' 'M' 'M' 'M' 'M' 'M' 'U' 'M' 'U' 'U' 'M' 'U' 'M' 'U'
 'M' 'M' 'U' 'M' 'M' 'M' 'M' 'M' 'U' 'M' 'M' 'M' 'M' 'M' 'U' 'U' 'M' 'M'
 'M' 'M' 'U' 'M' 'M' 'U' 'U' 'M' 'M' 'M' 'M' 'M' 'M' 'M' 'M' 'M' 'M' 'M'
 'M' 'M' 'M' 'M' 'M' 'M' 'M' 'M' 'M' 'U' 'M' 'M' 'M' 'U' 'M' 'M' 'M' 'M'
 'M' 'M' 'M' 'U' 'A' 'M' 'U' 'A' 'A' 'A' 'A' 'A' 'A' 'M' 'M' 'M' 'M' 'M'
 'M' 'M' 'M' 'M' 'M' 'M' 'M' 'M' 'M' 'U' 'M' 'M' 'M' 'M' 'M' 'M' 'M' 'M'
 'M' 'U' 'M' 'M' 'M' 'M' 'M' 'M' 'M' 'M' 'M' 'M' 'M' 'M' 'M' 'M' 'M' 'M'
 'M' 'M' 'M' 'U' 'M' 'M' 'M' 'M' 'M' 'M' 'M' 'M' 'M' 'U' 'M' 'M' 'M' 'M']"
10101,3,175,9,166,23,0,0,"['M' 'M' 'U' 'M' 'M' 'M' 'M' 'M' 'M' 'M' 'U' 'M' 'M' 'U' 'M' 'M' 'U' 'M'
 'M' 'M' 'M' 'M' 'M' 'M' 'M' 'M' 'U' 'U' 'M' 'M' 'M' 'M' 'M' 'M' 'M' 'M'
 'M' 'M' 'M' 'M' 'M' 'M' 'M' 'M' 'M' 'M' 'M' 'M' 'M' 'M' 'M' 'M' 'M' 'M'
 'M' 'M' 'M' 'M' 'M' 'M' 'M' 'M' 'M' 'M' 'M' 'M' 'M' 'U' 'M' 'M' 'M' 'M'
 'M' 'U' 'M' 'M' 'U' 'M' 'M' 'M' 'M' 'M' 'U' 'M' 'M' 'U' 'M' 'M' 'M' 'U'
 'M' 'U' 'M' 'U' 'U' 'U' 'U' 'M' 'M' 'M' 'U' 'M' 'M' 'M' 'M' 'M' 'M' 'M'
 'M' 'M' 'M' 'M' 'M' 'M' 'U' 'M' 'M' 'U' 'M' 'M' 'M' 'U' 'M' 'M' 'M' 'M'
 'M' 'M' 'M' 'U' 'A' 'A' 'A' 'A' 'A' 'A' 'A' 'A' 'A' 'M' 'M' 'M' 'M' 'M'
 'M' 'M' 'M' 'M' 'M' 'M' 'M' 'M' 'M' 'U' 'M' 'M' 'M' 'M' 'M' 'M' 'M' 'M'
 'M' 'M' 'M' 'M' 'M' 'M' 'M' 'M' 'M' 'M' 'M' 'M' 'M' 'M' 'M' 'M' 'M' 'M'
 'M' 'M' 'M' 'M' 'M' 'M' 'M' 'M' 'M' 'M' 'M' 'M' 'M' 'M' 'M' 'M' 'M' 'M']"
10201,2,179,9,170,19,0,0,"['M' 'M' 'U' 'M' 'M' 'M' 'M' 'M' 'M' 'U' 'M' 'M' 'M' 'M' 'M' 'M' 'U' 'M'
 'M' 'M' 'M' 'M' 'M' 'M' 'M' 'M' 'U' 'U' 'M' 'M' 'M' 'M' 'M' 'M' 'M' 'M'
 'M' 'M' 'M' 'M' 'M' 'M' 'M' 'M' 'M' 'M' 'M' 'M' 'M' 'M' 'M' 'M' 'M' 'M'
 'M' 'M' 'M' 'M' 'M' 'M' 'M' 'M' 'M' 'M' 'M' 'M' 'M' 'U' 'U' 'U' 'M' 'M'
 'M' 'U' 'M' 'M' 'M' 'M' 'M' 'M' 'U' 'M' 'U' 'M' 'M' 'M' 'M' 'U' 'M' 'U'
 'M' 'M' 'M' 'U' 'M' 'U' 'M' 'M' 'M' 'M' 'M' 'M' 'M' 'M' 'M' 'M' 'M' 'M'
 'M' 'M' 'M' 'M' 'M' 'M' 'U' 'M' 'M' 'U' 'M' 'M' 'M' 'M' 'M' 'M' 'M' 'M'
 'M' 'M' 'M' 'U' 'A' 'A' 'A' 'A' 'A' 'A' 'A' 'A' 'A' 'M' 'M' 'M' 'M' 'M'
 'M' 'M' 'M' 'M' 'M' 'M' 'M' 'M' 'M' 'M' 'M' 'U' 'M' 'M' 'M' 'M' 'M' 'M'
 'M' 'M' 'M' 'M' 'M' 'M' 'M' 'M' 'M' 'M' 'M' 'M' 'M' 'M' 'M' 'M' 'M' 'M'
 'M' 'M' 'M' 'M' 'M' 'M' 'M' 'M' 'M' 'M' 'M' 'M' 'M' 'M' 'M' 'M' 'M' 'M']"
10301,2,174,8,166,24,0,0,"['M' 'U' 'M' 'M' 'M' 'M' 'M' 'M' 'U' 'U' 'M' 'M' 'M' 'M' 'M' 'M' 'U' 'M'
 'U' 'M' 'M' 'M' 'M' 'M' 'M' 'M' 'M' 'U' 'M' 'M' 'M' 'M' 'M' 'M' 'M' 'M'
 'M' 'U' 'M' 'M' 'M' 'M' 'M' 'M' 'M' 'M' 'M' 'M' 'M' 'M' 'M' 'M' 'M' 'M'
 'M' 'M' 'M' 'M' 'M' 'M' 'M' 'M' 'M' 'M' 'M' 'M' 'U' 'U' 'M' 'M' 'M' 'M'
 'U' 'M' 'M' 'U' 'M' 'M' 'M' 'U' 'U' 'M' 'U' 'M' 'U' 'M' 'U' 'M' 'M' 'M'
 'M' 'M' 'M' 'M' 'M' 'U' 'M' 'M' 'M' 'M' 'M' 'M' 'M' 'M' 'M' 'M' 'M' 'U'
 'M' 'U' 'M' 'M' 'M' 'M' 'U' 'M' 'M' 'A' 'M' 'M' 'M' 'M' 'M' 'M' 'M' 'M'
 'M' 'M' 'M' 'M' 'A' 'A' 'A' 'A' 'U' 'A' 'A' 'A' 'U' 'M' 'M' 'M' 'M' 'M'
 'M' 'M' 'M' 'M' 'M' 'U' 'M' 'M' 'M' 'M' 'M' 'M' 'M' 'M' 'M' 'M' 'M' 'M'
 'M' 'M' 'M' 'M' 'M' 'M' 'M' 'M' 'M' 'M' 'M' 'M' 'M' 'M' 'M' 'M' 'M' 'M'
 'M' 'M' 'M' 'M' 'M' 'M' 'M' 'M' 'M' 'M' 'M' 'M' 'M' 'U' 'M' 'M' 'M' 'M']"
10401,2,174,5,169,24,0,0,"['M' 'U' 'M' 'M' 'M' 'M' 'M' 'M' 'M' 'U' 'M' 'M' 'M' 'M' 'M' 'M' 'U' 'M'
 'M' 'M' 'M' 'M' 'M' 'M' 'M' 'M' 'M' 'U' 'M' 'M' 'M' 'M' 'M' 'M' 'M' 'M'
 'M' 'U' 'M' 'M' 'M' 'M' 'M' 'M' 'M' 'M' 'M' 'M' 'M' 'M' 'M' 'M' 'M' 'M'
 'M' 'M' 'M' 'M' 'M' 'M' 'M' 'M' 'M' 'M' 'M' 'M' 'M' 'M' 'U' 'U' 'M' 'M'
 'U' 'M' 'M' 'M' 'U' 'U' 'U' 'M' 'M' 'M' 'M' 'M' 'M' 'M' 'M' 'M' 'M' 'M'
 'U' 'U' 'U' 'M' 'M' 'U' 'M' 'M' 'M' 'M' 'M' 'M' 'M' 'M' 'M' 'M' 'U' 'U'
 'M' 'M' 'M' 'M' 'M' 'M' 'M' 'M' 'M' 'A' 'M' 'M' 'M' 'M' 'M' 'M' 'M' 'M'
 'M' 'M' 'M' 'M' 'A' 'A' 'A' 'U' 'M' 'A' 'U' 'U' 'U' 'M' 'M' 'M' 'M' 'M'
 'M' 'M' 'M' 'M' 'M' 'U' 'M' 'M' 'M' 'M' 'M' 'M' 'M' 'M' 'M' 'M' 'M' 'M'
 'M' 'M' 'M' 'M' 'M' 'M' 'M' 'M' 'M' 'M' 'M' 'M' 'M' 'M' 'M' 'M' 'M' 'M'
 'M' 'M' 'M' 'M' 'U' 'M' 'M' 'M' 'M' 'M' 'M' 'M' 'M' 'U' 'M' 'M' 'M' 'M']"
10501,2,178,3,175,20,0,0,"['M' 'U' 'M' 'M' 'M' 'M' 'M' 'M' 'M' 'U' 'M' 'M' 'M' 'M' 'M' 'M' 'M' 'M'
 'M' 'M' 'M' 'M' 'M' 'M' 'U' 'M' 'M' 'M' 'M' 'M' 'M' 'M' 'M' 'M' 'M' 'M'
 'M' 'M' 'M' 'M' 'M' 'M' 'M' 'M' 'M' 'M' 'M' 'M' 'M' 'M' 'M' 'M' 'M' 'M'
 'M' 'M' 'M' 'M' 'M' 'M' 'M' 'M' 'M' 'M' 'M' 'M' 'U' 'U' 'M' 'M' 'U' 'M'
 'M' 'U' 'U' 'U' 'M' 'M' 'M' 'M' 'M' 'M' 'U' 'M' 'M' 'M' 'M' 'M' 'U' 'M'
 'M' 'M' 'M' 'U' 'M' 'M' 'M' 'M' 'M' 'M' 'M' 'M' 'M' 'M' 'M' 'M' 'U' 'U'
 'M' 'M' 'M' 'M' 'M' 'M' 'M' 'M' 'M' 'M' 'M' 'M' 'M' 'M' 'M' 'M' 'M' 'M'
 'M' 'M' 'M' 'M' 'A' 'U' 'A' 'U' 'M' 'A' 'U' 'M' 'U' 'M' 'M' 'M' 'M' 'M'
 'M' 'M' 'M' 'M' 'M' 'U' 'M' 'M' 'M' 'M' 'M' 'M' 'M' 'M' 'M' 'M' 'M' 'M'
 'M' 'M' 'M' 'M' 'M' 'M' 'M' 'M' 'M' 'M' 'M' 'M' 'M' 'M' 'M' 'M' 'M' 'M'
 'M' 'M' 'M' 'M' 'M' 'M' 'M' 'M' 'M' 'M' 'U' 'M' 'M' 'M' 'M' 'M' 'M' 'M']"
10601,2,177,2,175,21,0,0,"['M' 'U' 'M' 'M' 'M' 'M' 'M' 'M' 'M' 'M' 'M' 'M' 'M' 'M' 'M' 'M' 'M' 'M'
 'M' 'M' 'M' 'M' 'M' 'M' 'U' 'M' 'M' 'M' 'M' 'M' 'M' 'M' 'U' 'M' 'M' 'M'
 'M' 'M' 'M' 'M' 'M' 'M' 'M' 'M' 'M' 'M' 'M' 'M' 'M' 'M' 'M' 'U' 'M' 'M'
 'M' 'M' 'M' 'M' 'M' 'M' 'M' 'M' 'M' 'M' 'M' 'M' 'M' 'U' 'U' 'U' 'M' 'M'
 'M' 'M' 'U' 'M' 'M' 'M' 'M' 'M' 'U' 'U' 'M' 'M' 'U' 'M' 'M' 'M' 'M' 'M'
 'M' 'U' 'M' 'U' 'M' 'M' 'M' 'M' 'M' 'M' 'M' 'M' 'M' 'M' 'M' 'M' 'U' 'U'
 'M' 'M' 'M' 'M' 'M' 'M' 'M' 'M' 'M' 'M' 'M' 'M' 'M' 'M' 'M' 'M' 'M' 'M'
 'M' 'M' 'M' 'M' 'A' 'M' 'M' 'U' 'M' 'A' 'U' 'M' 'M' 'M' 'M' 'U' 'M' 'M'
 'M' 'M' 'M' 'M' 'M' 'U' 'M' 'M' 'M' 'M' 'M' 'M' 'M' 'M' 'M' 'M' 'M' 'M'
 'M' 'M' 'M' 'M' 'M' 'M' 'M' 'M' 'M' 'M' 'M' 'M' 'M' 'M' 'M' 'M' 'M' 'M'
 'M' 'M' 'M' 'M' 'M' 'U' 'M' 'M' 'M' 'M' 'U' 'M' 'M' 'M' 'M' 'M' 'M' 'M']"
10701,2,180,6,174,18,0,0,"['M' 'M' 'M' 'M' 'M' 'M' 'M' 'M' 'M' 'M' 'M' 'M' 'M' 'M' 'M' 'M' 'M' 'M'
 'M' 'M' 'M' 'M' 'M' 'M' 'M' 'M' 'M' 'M' 'M' 'M' 'M' 'M' 'U' 'M' 'M' 'M'
 'M' 'M' 'M' 'M' 'M' 'M' 'M' 'M' 'M' 'M' 'M' 'M' 'M' 'M' 'M' 'U' 'M' 'M'
 'M' 'M' 'M' 'M' 'M' 'M' 'M' 'M' 'M' 'M' 'M' 'M' 'U' 'U' 'M' 'M' 'M' 'M'
 'U' 'M' 'M' 'M' 'M' 'M' 'M' 'M' 'M' 'M' 'U' 'U' 'M' 'U' 'M' 'M' 'U' 'U'
 'M' 'U' 'M' 'M' 'M' 'M' 'M' 'M' 'M' 'M' 'M' 'M' 'M' 'M' 'M' 'M' 'U' 'U'
 'M' 'M' 'M' 'M' 'M' 'M' 'M' 'M' 'M' 'M' 'M' 'M' 'M' 'M' 'M' 'M' 'M' 'M'
 'M' 'M' 'M' 'M' 'A' 'A' 'U' 'A' 'A' 'A' 'U' 'U' 'A' 'M' 'M' 'M' 'M' 'M'
 'M' 'M' 'M' 'M' 'M' 'U' 'M' 'M' 'M' 'M' 'M' 'M' 'M' 'M' 'M' 'M' 'M' 'M'
 'M' 'M' 'M' 'M' 'M' 'M' 'M' 'M' 'M' 'U' 'M' 'M' 'M' 'M' 'M' 'M' 'M' 'M'
 'M' 'M' 'M' 'M' 'M' 'M' 'M' 'M' 'M' 'M' 'M' 'M' 'M' 'M' 'M' 'M' 'M' 'M']"
10801,2,176,5,171,22,0,0,"['M' 'M' 'M' 'M' 'M' 'M' 'M' 'M' 'M' 'M' 'M' 'M' 'M' 'M' 'M' 'M' 'M' 'M'
 'M' 'M' 'M' 'M' 'M' 'M' 'M' 'M' 'M' 'U' 'M' 'M' 'M' 'M' 'U' 'M' 'M' 'M'
 'M' 'M' 'U' 'M' 'M' 'M' 'M' 'M' 'M' 'M' 'M' 'M' 'M' 'M' 'M' 'U' 'M' 'M'
 'M' 'M' 'M' 'M' 'M' 'M' 'M' 'M' 'M' 'M' 'M' 'M' 'M' 'U' 'U' 'M' 'M' 'M'
 'M' 'U' 'U' 'M' 'M' 'M' 'M' 'U' 'M' 'M' 'M' 'U' 'M' 'M' 'U' 'M' 'M' 'U'
 'U' 'M' 'M' 'M' 'M' 'M' 'M' 'M' 'M' 'M' 'M' 'M' 'M' 'M' 'M' 'M' 'U' 'A'
 'M' 'M' 'M' 'M' 'M' 'M' 'U' 'M' 'M' 'M' 'M' 'M' 'U' 'M' 'M' 'M' 'M' 'M'
 'M' 'M' 'M' 'M' 'A' 'A' 'U' 'M' 'U' 'A' 'M' 'U' 'A' 'M' 'M' 'M' 'M' 'M'
 'M' 'M' 'M' 'M' 'M' 'U' 'M' 'M' 'M' 'M' 'M' 'M' 'M' 'M' 'M' 'M' 'M' 'M'
 'M' 'M' 'M' 'M' 'M' 'M' 'M' 'M' 'M' 'U' 'M' 'M' 'M' 'M' 'M' 'M' 'M' 'M'
 'M' 'M' 'M' 'U' 'M' 'M' 'M' 'M' 'M' 'M' 'M' 'M' 'M' 'M' 'M' 'M' 'M' 'M']"
10901,2,178,9,169,20,0,0,"['M' 'M' 'M' 'M' 'M' 'M' 'M' 'M' 'M' 'M' 'M' 'M' 'M' 'M' 'M' 'M' 'M' 'U'
 'M' 'M' 'M' 'M' 'M' 'M' 'M' 'M' 'M' 'U' 'M' 'M' 'M' 'M' 'U' 'M' 'M' 'M'
 'M' 'M' 'M' 'M' 'M' 'M' 'M' 'U' 'M' 'M' 'M' 'M' 'M' 'M' 'M' 'U' 'M' 'M'
 'M' 'M' 'M' 'M' 'M' 'M' 'M' 'M' 'M' 'M' 'M' 'U' 'M' 'U' 'M' 'M' 'M' 'M'
 'M' 'M' 'M' 'M' 'U' 'U' 'M' 'M' 'U' 'M' 'M' 'U' 'M' 'M' 'M' 'U' 'M' 'M'
 'M' 'M' 'U' 'U' 'M' 'M' 'M' 'M' 'M' 'M' 'M' 'M' 'M' 'M' 'M' 'M' 'U' 'M'
 'M' 'M' 'M' 'M' 'M' 'M' 'M' 'M' 'M' 'M' 'M' 'M' 'U' 'M' 'M' 'M' 'M' 'M'
 'M' 'M' 'M' 'M' 'A' 'A' 'A' 'A' 'A' 'A' 'A' 'A' 'A' 'M' 'M' 'M' 'M' 'M'
 'M' 'M' 'M' 'U' 'M' 'U' 'M' 'M' 'M' 'M' 'M' 'M' 'M' 'M' 'M' 'M' 'M' 'M'
 'M' 'M' 'M' 'M' 'M' 'M' 'M' 'M' 'M' 'U' 'M' 'M' 'M' 'M' 'M' 'M' 'M' 'M'
 'M' 'M' 'M' 'U' 'M' 'M' 'M' 'M' 'M' 'M' 'M' 'M' 'M' 'M' 'M' 'M' 'M' 'M']"
11001,2,177,3,174,21,0,0,"['M' 'M' 'M' 'M' 'M' 'M' 'M' 'M' 'M' 'M' 'M' 'M' 'M' 'M' 'M' 'M' 'M' 'M'
 'M' 'M' 'M' 'M' 'M' 'M' 'M' 'M' 'M' 'M' 'M' 'M' 'M' 'M' 'U' 'M' 'M' 'M'
 'M' 'M' 'M' 'M' 'M' 'M' 'M' 'M' 'M' 'M' 'M' 'M' 'M' 'M' 'M' 'M' 'M' 'M'
 'M' 'M' 'M' 'M' 'M' 'M' 'M' 'M' 'M' 'M' 'M' 'U' 'M' 'M' 'U' 'M' 'M' 'M'
 'M' 'M' 'M' 'M' 'M' 'U' 'U' 'U' 'M' 'M' 'M' 'M' 'M' 'U' 'M' 'U' 'M' 'M'
 'U' 'M' 'M' 'U' 'M' 'M' 'M' 'M' 'M' 'M' 'M' 'M' 'M' 'M' 'M' 'M' 'U' 'M'
 'M' 'M' 'M' 'M' 'M' 'M' 'M' 'M' 'M' 'M' 'M' 'M' 'M' 'M' 'M' 'M' 'M' 'M'
 'M' 'M' 'M' 'M' 'A' 'U' 'U' 'A' 'A' 'U' 'U' 'U' 'U' 'U' 'M' 'M' 'M' 'M'
 'M' 'M' 'M' 'U' 'M' 'M' 'M' 'M' 'M' 'M' 'M' 'M' 'M' 'M' 'M' 'M' 'M' 'M'
 'M' 'M' 'M' 'M' 'M' 'M' 'M' 'M' 'M' 'U' 'M' 'M' 'M' 'U' 'M' 'M' 'M' 'M'
 'M' 'M' 'M' 'M' 'M' 'M' 'M' 'M' 'M' 'M' 'M' 'M' 'M' 'M' 'M' 'M' 'M' 'M']"
11101,2,181,4,177,17,0,0,"['M' 'M' 'M' 'M' 'M' 'M' 'M' 'M' 'M' 'M' 'M' 'M' 'M' 'M' 'M' 'M' 'M' 'M'
 'M' 'M' 'M' 'M' 'M' 'M' 'M' 'M' 'M' 'M' 'M' 'M' 'M' 'M' 'U' 'M' 'M' 'M'
 'M' 'M' 'M' 'M' 'M' 'M' 'M' 'M' 'M' 'M' 'M' 'M' 'M' 'M' 'M' 'M' 'M' 'M'
 'A' 'M' 'M' 'M' 'M' 'M' 'M' 'M' 'M' 'M' 'M' 'U' 'M' 'M' 'M' 'M' 'U' 'U'
 'M' 'M' 'U' 'U' 'U' 'M' 'M' 'M' 'M' 'U' 'U' 'M' 'M' 'U' 'M' 'M' 'M' 'M'
 'M' 'M' 'M' 'M' 'M' 'M' 'M' 'M' 'M' 'M' 'M' 'M' 'M' 'M' 'M' 'M' 'U' 'M'
 'M' 'M' 'M' 'M' 'M' 'M' 'M' 'M' 'M' 'M' 'M' 'M' 'M' 'M' 'M' 'M' 'M' 'M'
 'M' 'M' 'M' 'M' 'A' 'M' 'U' 'A' 'A' 'M' 'M' 'U' 'U' 'M' 'M' 'M' 'M' 'M'
 'M' 'M' 'M' 'U' 'M' 'M' 'M' 'M' 'M' 'M' 'M' 'M' 'M' 'M' 'M' 'M' 'M' 'M'
 'M' 'M' 'M' 'M' 'M' 'M' 'M' 'M' 'M' 'U' 'M' 'M' 'M' 'U' 'M' 'M' 'M' 'M'
 'M' 'M' 'M' 'M' 'M' 'M' 'M' 'M' 'M' 'M' 'M' 'M' 'M' 'M' 'M' 'M' 'M' 'M']"
11201,2,182,8,174,16,0,0,"['M' 'M' 'M' 'M' 'M' 'M' 'M' 'M' 'M' 'M' 'M' 'M' 'M' 'M' 'M' 'M' 'M' 'M'
 'M' 'M' 'M' 'M' 'M' 'M' 'M' 'M' 'M' 'M' 'M' 'M' 'U' 'M' 'M' 'M' 'M' 'M'
 'M' 'M' 'M' 'M' 'M' 'M' 'M' 'M' 'M' 'M' 'M' 'M' 'M' 'M' 'M' 'M' 'M' 'M'
 'A' 'M' 'M' 'M' 'M' 'M' 'M' 'M' 'M' 'M' 'M' 'M' 'M' 'M' 'M' 'M' 'U' 'M'
 'M' 'M' 'M' 'M' 'M' 'M' 'U' 'M' 'U' 'M' 'U' 'M' 'M' 'M' 'U' 'M' 'U' 'M'
 'M' 'U' 'U' 'M' 'U' 'M' 'M' 'M' 'M' 'M' 'M' 'M' 'M' 'M' 'M' 'M' 'U' 'M'
 'M' 'M' 'M' 'M' 'M' 'M' 'M' 'M' 'M' 'M' 'M' 'M' 'M' 'M' 'M' 'M' 'M' 'M'
 'M' 'U' 'M' 'M' 'A' 'M' 'A' 'A' 'A' 'U' 'A' 'M' 'A' 'M' 'M' 'M' 'M' 'U'
 'M' 'M' 'M' 'U' 'M' 'M' 'M' 'M' 'M' 'M' 'M' 'M' 'M' 'M' 'M' 'M' 'M' 'M'
 'M' 'M' 'M' 'M' 'M' 'M' 'M' 'M' 'M' 'U' 'M' 'M' 'M' 'M' 'M' 'M' 'M' 'M'
 'M' 'M' 'M' 'M' 'A' 'M' 'M' 'M' 'M' 'M' 'M' 'M' 'M' 'M' 'M' 'M' 'M' 'M']"
11301,2,177,9,168,21,0,0,"['M' 'M' 'M' 'M' 'M' 'M' 'M' 'M' 'M' 'M' 'M' 'M' 'M' 'M' 'M' 'M' 'M' 'M'
 'M' 'M' 'M' 'M' 'M' 'M' 'M' 'M' 'M' 'M' 'M' 'M' 'M' 'M' 'M' 'M' 'M' 'M'
 'M' 'M' 'M' 'M' 'M' 'M' 'M' 'M' 'M' 'U' 'M' 'M' 'M' 'M' 'M' 'M' 'M' 'M'
 'U' 'M' 'M' 'M' 'M' 'M' 'M' 'U' 'M' 'M' 'M' 'U' 'M' 'U' 'M' 'M' 'M' 'M'
 'M' 'M' 'M' 'U' 'U' 'M' 'M' 'M' 'M' 'M' 'U' 'M' 'U' 'U' 'M' 'M' 'M' 'U'
 'M' 'U' 'M' 'M' 'M' 'M' 'M' 'M' 'M' 'M' 'M' 'M' 'M' 'M' 'M' 'M' 'U' 'M'
 'M' 'U' 'M' 'M' 'M' 'M' 'M' 'M' 'M' 'M' 'M' 'M' 'M' 'M' 'M' 'M' 'M' 'M'
 'M' 'U' 'M' 'M' 'A' 'A' 'A' 'A' 'A' 'A' 'A' 'A' 'A' 'M' 'M' 'M' 'M' 'U'
 'M' 'M' 'M' 'U' 'M' 'U' 'M' 'M' 'M' 'M' 'M' 'M' 'M' 'M' 'M' 'M' 'M' 'M'
 'M' 'M' 'M' 'M' 'M' 'M' 'M' 'M' 'M' 'U' 'M' 'M' 'M' 'M' 'M' 'M' 'M' 'M'
 'M' 'M' 'M' 'M' 'U' 'M' 'M' 'M' 'M' 'M' 'M' 'U' 'M' 'M' 'M' 'M' 'M' 'M']"
11401,3,177,8,169,21,0,0,"['M' 'M' 'M' 'M' 'M' 'M' 'M' 'M' 'M' 'M' 'M' 'M' 'M' 'M' 'M' 'M' 'M' 'M'
 'M' 'M' 'M' 'M' 'M' 'M' 'M' 'M' 'M' 'M' 'M' 'M' 'M' 'M' 'M' 'M' 'M' 'M'
 'M' 'M' 'M' 'M' 'M' 'M' 'M' 'M' 'M' 'U' 'M' 'M' 'M' 'M' 'M' 'M' 'M' 'M'
 'U' 'U' 'M' 'M' 'M' 'M' 'M' 'U' 'M' 'M' 'M' 'U' 'M' 'U' 'M' 'U' 'M' 'M'
 'M' 'M' 'M' 'M' 'M' 'M' 'M' 'U' 'M' 'M' 'U' 'M' 'U' 'M' 'M' 'U' 'M' 'U'
 'M' 'M' 'U' 'M' 'M' 'M' 'M' 'M' 'M' 'M' 'M' 'M' 'M' 'M' 'M' 'M' 'U' 'M'
 'M' 'M' 'M' 'M' 'M' 'M' 'M' 'M' 'U' 'M' 'M' 'M' 'M' 'M' 'M' 'M' 'M' 'M'
 'M' 'U' 'M' 'M' 'A' 'A' 'A' 'A' 'A' 'A' 'A' 'U' 'A' 'M' 'M' 'M' 'M' 'U'
 'M' 'M' 'M' 'M' 'M' 'U' 'M' 'M' 'M' 'M' 'M' 'M' 'M' 'M' 'M' 'U' 'M' 'M'
 'M' 'M' 'M' 'M' 'M' 'M' 'M' 'M' 'M' 'M' 'M' 'M' 'M' 'M' 'M' 'M' 'M' 'M'
 'M' 'M' 'M' 'M' 'M' 'M' 'M' 'M' 'M' 'M' 'M' 'U' 'M' 'M' 'M' 'M' 'M' 'M']"
11501,2,176,9,167,22,0,0,"['M' 'M' 'M' 'M' 'M' 'M' 'M' 'M' 'M' 'M' 'M' 'M' 'M' 'M' 'M' 'M' 'M' 'M'
 'M' 'M' 'M' 'M' 'M' 'M' 'M' 'M' 'M' 'M' 'U' 'M' 'M' 'M' 'M' 'M' 'M' 'M'
 'U' 'M' 'M' 'M' 'M' 'M' 'M' 'M' 'M' 'M' 'M' 'M' 'M' 'M' 'M' 'M' 'M' 'M'
 'U' 'U' 'M' 'M' 'M' 'M' 'M' 'U' 'M' 'M' 'M' 'M' 'U' 'M' 'M' 'M' 'M' 'U'
 'M' 'M' 'U' 'M' 'M' 'M' 'U' 'M' 'M' 'U' 'U' 'M' 'M' 'M' 'M' 'M' 'M' 'M'
 'M' 'M' 'U' 'U' 'U' 'M' 'M' 'M' 'A' 'M' 'M' 'M' 'M' 'M' 'M' 'M' 'M' 'M'
 'M' 'M' 'M' 'M' 'M' 'M' 'M' 'M' 'U' 'M' 'M' 'M' 'M' 'M' 'M' 'M' 'M' 'M'
 'M' 'U' 'M' 'M' 'A' 'A' 'A' 'U' 'A' 'A' 'A' 'A' 'A' 'M' 'M' 'M' 'M' 'U'
 'M' 'M' 'M' 'M' 'M' 'U' 'M' 'M' 'M' 'M' 'M' 'M' 'M' 'M' 'M' 'U' 'M' 'M'
 'M' 'M' 'M' 'M' 'M' 'M' 'M' 'M' 'M' 'M' 'M' 'M' 'M' 'M' 'M' 'M' 'M' 'M'
 'M' 'M' 'M' 'U' 'M' 'M' 'M' 'M' 'M' 'M' 'M' 'M' 'M' 'M' 'M' 'M' 'U' 'M']"
11601,2,170,7,163,28,0,0,"['M' 'U' 'M' 'M' 'M' 'M' 'M' 'M' 'M' 'M' 'M' 'M' 'M' 'M' 'M' 'M' 'M' 'M'
 'M' 'M' 'M' 'M' 'M' 'M' 'M' 'M' 'M' 'M' 'U' 'M' 'M' 'M' 'M' 'M' 'M' 'M'
 'M' 'M' 'M' 'M' 'U' 'M' 'M' 'M' 'M' 'M' 'M' 'M' 'M' 'M' 'M' 'M' 'M' 'M'
 'U' 'M' 'M' 'M' 'M' 'M' 'M' 'U' 'M' 'M' 'M' 'M' 'U' 'U' 'U' 'M' 'M' 'M'
 'M' 'M' 'M' 'M' 'U' 'M' 'M' 'M' 'M' 'M' 'M' 'M' 'M' 'M' 'M' 'U' 'M' 'U'
 'M' 'U' 'M' 'U' 'U' 'M' 'M' 'M' 'A' 'M' 'M' 'M' 'M' 'M' 'M' 'M' 'U' 'M'
 'M' 'M' 'M' 'M' 'M' 'M' 'M' 'M' 'U' 'M' 'M' 'M' 'M' 'M' 'M' 'M' 'U' 'M'
 'M' 'U' 'M' 'M' 'A' 'U' 'A' 'U' 'A' 'U' 'A' 'A' 'A' 'M' 'M' 'M' 'M' 'U'
 'M' 'M' 'M' 'M' 'M' 'U' 'M' 'M' 'M' 'M' 'M' 'M' 'M' 'M' 'M' 'U' 'M' 'U'
 'M' 'M' 'M' 'M' 'M' 'M' 'U' 'M' 'M' 'M' 'M' 'M' 'M' 'M' 'M' 'M' 'M' 'M'
 'M' 'M' 'M' 'U' 'M' 'M' 'M' 'M' 'M' 'M' 'M' 'M' 'M' 'M' 'M' 'M' 'U' 'M']"
11701,2,173,8,165,25,0,0,"['M' 'M' 'M' 'M' 'M' 'M' 'M' 'M' 'M' 'M' 'M' 'M' 'U' 'M' 'M' 'M' 'M' 'M'
 'M' 'U' 'M' 'M' 'M' 'M' 'M' 'M' 'M' 'M' 'U' 'M' 'M' 'M' 'M' 'M' 'M' 'M'
 'M' 'M' 'M' 'M' 'U' 'M' 'M' 'M' 'M' 'M' 'M' 'M' 'M' 'M' 'M' 'M' 'M' 'M'
 'U' 'M' 'M' 'M' 'M' 'M' 'M' 'U' 'M' 'M' 'M' 'M' 'M' 'U' 'M' 'M' 'U' 'M'
 'M' 'M' 'M' 'M' 'M' 'U' 'U' 'M' 'M' 'M' 'M' 'M' 'M' 'U' 'U' 'M' 'U' 'M'
 'U' 'M' 'M' 'U' 'M' 'M' 'M' 'M' 'A' 'U' 'M' 'M' 'M' 'M' 'M' 'M' 'M' 'M'
 'M' 'M' 'M' 'M' 'M' 'M' 'M' 'M' 'M' 'M' 'M' 'M' 'M' 'M' 'M' 'M' 'M' 'M'
 'M' 'U' 'M' 'M' 'A' 'A' 'A' 'A' 'A' 'U' 'A' 'A' 'U' 'M' 'M' 'U' 'M' 'U'
 'M' 'M' 'M' 'M' 'M' 'M' 'M' 'M' 'M' 'M' 'M' 'M' 'M' 'M' 'M' 'M' 'M' 'U'
 'M' 'M' 'M' 'M' 'M' 'M' 'U' 'M' 'M' 'M' 'M' 'M' 'M' 'M' 'M' 'M' 'M' 'M'
 'M' 'M' 'M' 'M' 'M' 'M' 'M' 'M' 'M' 'M' 'M' 'M' 'M' 'M' 'U' 'M' 'U' 'M']"
11801,2,176,10,166,22,0,0,"['M' 'M' 'M' 'M' 'M' 'M' 'M' 'M' 'U' 'M' 'M' 'M' 'U' 'M' 'M' 'M' 'M' 'M'
 'M' 'U' 'M' 'M' 'M' 'M' 'M' 'M' 'M' 'M' 'U' 'M' 'M' 'M' 'M' 'M' 'M' 'M'
 'M' 'M' 'M' 'M' 'M' 'M' 'M' 'M' 'M' 'M' 'M' 'M' 'M' 'M' 'M' 'M' 'M' 'M'
 'U' 'M' 'M' 'M' 'M' 'M' 'M' 'U' 'M' 'M' 'M' 'M' 'M' 'U' 'M' 'U' 'M' 'M'
 'M' 'M' 'M' 'M' 'U' 'M' 'U' 'M' 'M' 'M' 'M' 'U' 'M' 'U' 'M' 'M' 'M' 'U'
 'U' 'U' 'M' 'M' 'M' 'M' 'M' 'M' 'A' 'M' 'M' 'M' 'M' 'M' 'M' 'M' 'M' 'M'
 'M' 'M' 'M' 'M' 'M' 'M' 'M' 'M' 'M' 'M' 'M' 'M' 'M' 'M' 'M' 'M' 'M' 'M'
 'M' 'U' 'M' 'M' 'A' 'A' 'A' 'A' 'A' 'A' 'A' 'A' 'A' 'M' 'M' 'U' 'M' 'U'
 'M' 'M' 'M' 'M' 'M' 'M' 'M' 'M' 'M' 'M' 'M' 'M' 'M' 'M' 'M' 'M' 'M' 'U'
 'M' 'M' 'M' 'M' 'M' 'M' 'U' 'M' 'M' 'M' 'M' 'M' 'M' 'M' 'M' 'M' 'M' 'M'
 'M' 'M' 'M' 'M' 'M' 'M' 'M' 'M' 'M' 'U' 'M' 'M' 'M' 'M' 'M' 'M' 'U' 'M']"
11901,2,173,7,166,25,0,0,"['M' 'M' 'M' 'M' 'M' 'M' 'M' 'M' 'U' 'M' 'M' 'M' 'U' 'M' 'M' 'M' 'M' 'M'
 'M' 'M' 'M' 'M' 'M' 'U' 'M' 'M' 'M' 'M' 'U' 'M' 'M' 'M' 'M' 'M' 'M' 'U'
 'M' 'M' 'M' 'M' 'M' 'M' 'M' 'M' 'M' 'U' 'M' 'M' 'M' 'M' 'M' 'M' 'M' 'M'
 'U' 'M' 'M' 'M' 'M' 'M' 'M' 'U' 'M' 'U' 'M' 'M' 'M' 'M' 'M' 'M' 'U' 'M'
 'M' 'M' 'M' 'M' 'U' 'M' 'M' 'M' 'M' 'U' 'M' 'U' 'M' 'M' 'U' 'M' 'U' 'M'
 'M' 'M' 'U' 'U' 'U' 'M' 'M' 'M' 'A' 'M' 'M' 'M' 'M' 'M' 'M' 'M' 'M' 'M'
 'M' 'M' 'M' 'M' 'M' 'M' 'M' 'M' 'M' 'M' 'M' 'M' 'M' 'M' 'M' 'M' 'M' 'M'
 'M' 'U' 'M' 'M' 'A' 'A' 'U' 'A' 'A' 'A' 'U' 'A' 'M' 'M' 'M' 'U' 'M' 'M'
 'M' 'M' 'M' 'M' 'M' 'M' 'M' 'M' 'M' 'M' 'M' 'M' 'M' 'M' 'M' 'M' 'M' 'U'
 'M' 'M' 'M' 'M' 'M' 'M' 'M' 'M' 'M' 'M' 'M' 'M' 'M' 'M' 'M' 'M' 'M' 'M'
 'M' 'M' 'M' 'M' 'M' 'M' 'M' 'M' 'M' 'U' 'M' 'M' 'M' 'U' 'M' 'M' 'M' 'M']"
12001,3,179,6,173,19,0,0,"['M' 'M' 'M' 'M' 'M' 'M' 'M' 'M' 'U' 'M' 'M' 'M' 'M' 'M' 'U' 'M' 'M' 'M'
 'M' 'M' 'M' 'M' 'M' 'M' 'M' 'M' 'M' 'M' 'M' 'M' 'M' 'M' 'M' 'M' 'M' 'M'
 'M' 'M' 'M' 'M' 'M' 'M' 'M' 'M' 'M' 'U' 'M' 'M' 'M' 'M' 'M' 'M' 'M' 'M'
 'M' 'M' 'M' 'M' 'M' 'M' 'M' 'M' 'M' 'U' 'M' 'M' 'M' 'M' 'U' 'U' 'M' 'M'
 'M' 'M' 'U' 'M' 'M' 'M' 'M' 'M' 'U' 'M' 'M' 'U' 'M' 'M' 'M' 'U' 'U' 'M'
 'M' 'M' 'U' 'U' 'M' 'M' 'M' 'M' 'A' 'M' 'M' 'M' 'M' 'M' 'M' 'M' 'M' 'M'
 'M' 'M' 'M' 'M' 'M' 'M' 'M' 'M' 'M' 'M' 'M' 'M' 'M' 'M' 'M' 'M' 'M' 'M'
 'M' 'M' 'M' 'M' 'A' 'A' 'U' 'A' 'A' 'U' 'M' 'A' 'M' 'M' 'U' 'M' 'M' 'M'
 'M' 'M' 'M' 'M' 'M' 'M' 'M' 'M' 'M' 'M' 'M' 'M' 'M' 'U' 'M' 'M' 'M' 'U'
 'M' 'M' 'M' 'M' 'M' 'M' 'M' 'M' 'M' 'M' 'M' 'M' 'M' 'M' 'M' 'M' 'M' 'M'
 'M' 'M' 'M' 'M' 'M' 'M' 'M' 'M' 'M' 'U' 'M' 'M' 'M' 'M' 'M' 'M' 'M' 'M']"
12101,2,175,5,170,23,0,0,"['M' 'M' 'M' 'M' 'M' 'M' 'M' 'M' 'U' 'M' 'M' 'M' 'M' 'M' 'M' 'M' 'M' 'M'
 'M' 'M' 'M' 'M' 'M' 'M' 'M' 'M' 'M' 'M' 'M' 'M' 'M' 'M' 'U' 'M' 'M' 'M'
 'M' 'M' 'M' 'M' 'M' 'M' 'M' 'M' 'M' 'U' 'U' 'M' 'M' 'M' 'M' 'M' 'M' 'M'
 'M' 'U' 'M' 'M' 'M' 'M' 'M' 'M' 'M' 'U' 'M' 'U' 'M' 'M' 'M' 'M' 'M' 'M'
 'M' 'M' 'M' 'M' 'M' 'U' 'U' 'M' 'U' 'U' 'M' 'M' 'U' 'U' 'M' 'M' 'M' 'U'
 'M' 'U' 'M' 'M' 'M' 'M' 'M' 'M' 'A' 'M' 'M' 'U' 'M' 'M' 'M' 'M' 'M' 'M'
 'M' 'M' 'M' 'M' 'M' 'M' 'M' 'M' 'M' 'M' 'M' 'M' 'M' 'M' 'M' 'M' 'M' 'M'
 'M' 'M' 'M' 'M' 'A' 'A' 'U' 'A' 'A' 'U' 'M' 'M' 'U' 'M' 'M' 'M' 'M' 'M'
 'M' 'M' 'M' 'M' 'M' 'M' 'M' 'M' 'M' 'M' 'M' 'M' 'M' 'U' 'M' 'M' 'M' 'U'
 'M' 'M' 'M' 'M' 'M' 'M' 'M' 'M' 'M' 'M' 'M' 'M' 'M' 'M' 'M' 'M' 'M' 'M'
 'M' 'M' 'M' 'M' 'M' 'U' 'M' 'M' 'M' 'U' 'M' 'M' 'M' 'M' 'M' 'M' 'M' 'M']"
12201,2,179,10,169,19,0,0,"['M' 'M' 'M' 'M' 'M' 'M' 'M' 'M' 'U' 'M' 'M' 'M' 'M' 'M' 'M' 'M' 'M' 'M'
 'M' 'M' 'M' 'M' 'M' 'M' 'M' 'M' 'M' 'M' 'M' 'M' 'M' 'M' 'U' 'M' 'M' 'M'
 'M' 'M' 'M' 'M' 'M' 'M' 'M' 'M' 'M' 'M' 'M' 'M' 'M' 'M' 'U' 'M' 'M' 'M'
 'M' 'U' 'M' 'M' 'M' 'M' 'M' 'M' 'U' 'M' 'M' 'U' 'M' 'M' 'M' 'M' 'M' 'M'
 'M' 'M' 'U' 'U' 'U' 'U' 'M' 'M' 'M' 'M' 'M' 'M' 'U' 'M' 'M' 'M' 'M' 'U'
 'M' 'M' 'U' 'U' 'M' 'M' 'M' 'M' 'A' 'M' 'M' 'U' 'M' 'M' 'M' 'M' 'M' 'M'
 'M' 'M' 'M' 'M' 'M' 'M' 'M' 'M' 'M' 'M' 'M' 'M' 'M' 'M' 'M' 'M' 'M' 'M'
 'M' 'M' 'M' 'M' 'A' 'A' 'A' 'A' 'A' 'A' 'A' 'A' 'A' 'M' 'M' 'M' 'M' 'M'
 'M' 'M' 'M' 'M' 'M' 'M' 'M' 'M' 'M' 'M' 'M' 'U' 'M' 'U' 'M' 'M' 'M' 'U'
 'M' 'M' 'M' 'M' 'M' 'M' 'M' 'M' 'M' 'M' 'M' 'M' 'M' 'M' 'M' 'M' 'M' 'M'
 'M' 'M' 'M' 'M' 'M' 'U' 'M' 'M' 'M' 'M' 'M' 'M' 'M' 'M' 'M' 'M' 'M' 'M']"
12301,2,178,9,169,20,0,0,"['M' 'M' 'M' 'M' 'M' 'M' 'M' 'M' 'U' 'M' 'M' 'M' 'M' 'M' 'M' 'M' 'M' 'U'
 'M' 'M' 'M' 'M' 'M' 'M' 'M' 'M' 'M' 'M' 'M' 'U' 'M' 'M' 'U' 'M' 'M' 'M'
 'M' 'M' 'M' 'M' 'M' 'M' 'M' 'M' 'M' 'M' 'M' 'M' 'M' 'M' 'M' 'M' 'M' 'M'
 'M' 'U' 'M' 'M' 'M' 'M' 'M' 'M' 'M' 'M' 'U' 'M' 'M' 'M' 'M' 'U' 'M' 'M'
 'M' 'M' 'U' 'M' 'M' 'M' 'M' 'U' 'M' 'U' 'M' 'M' 'M' 'M' 'U' 'U' 'M' 'U'
 'M' 'U' 'U' 'M' 'M' 'M' 'M' 'M' 'A' 'M' 'M' 'U' 'M' 'M' 'M' 'M' 'M' 'M'
 'M' 'M' 'M' 'M' 'M' 'M' 'M' 'M' 'M' 'M' 'M' 'M' 'M' 'M' 'M' 'M' 'M' 'M'
 'M' 'M' 'M' 'M' 'A' 'A' 'A' 'A' 'A' 'A' 'A' 'A' 'U' 'M' 'M' 'M' 'M' 'M'
 'M' 'M' 'M' 'M' 'M' 'M' 'M' 'M' 'M' 'M' 'U' 'M' 'M' 'U' 'M' 'M' 'M' 'U'
 'M' 'M' 'M' 'M' 'M' 'M' 'M' 'M' 'M' 'M' 'M' 'M' 'M' 'M' 'M' 'M' 'M' 'M'
 'M' 'M' 'M' 'M' 'M' 'M' 'M' 'M' 'M' 'M' 'M' 'M' 'M' 'M' 'M' 'M' 'M' 'M']"
12401,2,177,9,168,21,1,0,"['M' 'M' 'M' 'M' 'M' 'M' 'M' 'M' 'M' 'M' 'M' 'M' 'M' 'M' 'M' 'M' 'M' 'M'
 'M' 'M' 'M' 'M' 'M' 'M' 'M' 'M' 'M' 'M' 'M' 'U' 'M' 'M' 'U' 'M' 'M' 'M'
 'M' 'U' 'M' 'M' 'M' 'M' 'M' 'M' 'M' 'M' 'M' 'M' 'U' 'M' 'M' 'M' 'M' 'M'
 'M' 'U' 'M' 'M' 'M' 'M' 'M' 'M' 'M' 'U' 'M' 'M' 'M' 'M' 'M' 'M' 'M' 'M'
 'U' 'M' 'U' 'M' 'U' 'U' 'M' 'M' 'M' 'M' 'M' 'M' 'M' 'U' 'M' 'M' 'M' 'M'
 'U' 'U' 'U' 'M' 'U' 'M' 'M' 'M' 'A' 'M' 'M' 'U' 'M' 'M' 'M' 'M' 'M' 'M'
 'M' 'M' 'M' 'M' 'M' 'M' 'M' 'M' 'M' 'M' 'M' 'M' 'M' 'M' 'M' 'M' 'M' 'M'
 'M' 'M' 'M' 'M' 'A' 'A' 'A' 'A' 'U' 'A' 'A' 'A' 'A' 'M' 'M' 'M' 'M' 'M'
 'M' 'M' 'M' 'M' 'M' 'M' 'M' 'M' 'M' 'M' 'U' 'M' 'M' 'U' 'M' 'M' 'M' 'U'
 'M' 'M' 'M' 'M' 'M' 'M' 'M' 'M' 'M' 'M' 'M' 'M' 'M' 'M' 'M' 'M' 'M' 'M'
 'M' 'M' 'M' 'M' 'U' 'M' 'M' 'M' 'M' 'M' 'M' 'M' 'M' 'M' 'M' 'M' 'M' 'M']"
12501,2,178,7,171,20,0,0,"['M' 'M' 'M' 'M' 'M' 'M' 'M' 'M' 'M' 'M' 'M' 'M' 'M' 'M' 'M' 'M' 'M' 'M'
 'M' 'M' 'M' 'M' 'M' 'M' 'M' 'M' 'M' 'M' 'M' 'U' 'M' 'M' 'U' 'M' 'M' 'U'
 'M' 'M' 'M' 'M' 'M' 'M' 'M' 'M' 'M' 'M' 'M' 'M' 'M' 'M' 'M' 'M' 'M' 'M'
 'M' 'U' 'M' 'M' 'M' 'M' 'M' 'M' 'M' 'U' 'U' 'M' 'U' 'U' 'U' 'U' 'M' 'U'
 'M' 'M' 'M' 'M' 'M' 'M' 'M' 'M' 'M' 'U' 'M' 'M' 'M' 'M' 'U' 'M' 'U' 'U'
 'M' 'M' 'M' 'M' 'M' 'M' 'M' 'M' 'A' 'M' 'M' 'U' 'M' 'M' 'M' 'M' 'M' 'M'
 'M' 'M' 'M' 'M' 'M' 'M' 'M' 'M' 'M' 'M' 'M' 'M' 'M' 'M' 'M' 'M' 'M' 'M'
 'M' 'M' 'M' 'M' 'A' 'U' 'A' 'A' 'A' 'A' 'U' 'A' 'M' 'M' 'M' 'M' 'M' 'M'
 'M' 'M' 'M' 'M' 'M' 'M' 'M' 'M' 'M' 'M' 'M' 'M' 'M' 'U' 'M' 'M' 'M' 'M'
 'M' 'M' 'M' 'M' 'M' 'M' 'M' 'U' 'M' 'M' 'M' 'M' 'M' 'M' 'M' 'M' 'M' 'M'
 'M' 'M' 'M' 'M' 'M' 'M' 'M' 'M' 'M' 'M' 'M' 'M' 'M' 'M' 'M' 'M' 'M' 'M']"
12601,2,179,8,171,19,0,0,"['M' 'M' 'M' 'M' 'M' 'M' 'M' 'M' 'M' 'M' 'M' 'M' 'M' 'M' 'M' 'U' 'M' 'M'
 'M' 'M' 'M' 'M' 'M' 'M' 'M' 'U' 'M' 'M' 'U' 'M' 'M' 'M' 'M' 'M' 'M' 'U'
 'M' 'M' 'M' 'M' 'M' 'M' 'M' 'M' 'M' 'M' 'M' 'M' 'M' 'M' 'M' 'M' 'M' 'M'
 'M' 'U' 'M' 'M' 'M' 'M' 'M' 'M' 'M' 'M' 'M' 'U' 'M' 'M' 'M' 'M' 'M' 'M'
 'M' 'M' 'M' 'M' 'U' 'M' 'M' 'U' 'U' 'M' 'M' 'M' 'U' 'U' 'U' 'M' 'U' 'M'
 'M' 'M' 'U' 'M' 'M' 'M' 'M' 'M' 'A' 'M' 'M' 'M' 'M' 'M' 'M' 'M' 'M' 'M'
 'M' 'M' 'M' 'M' 'M' 'M' 'M' 'M' 'M' 'M' 'U' 'M' 'M' 'M' 'M' 'M' 'M' 'M'
 'M' 'M' 'M' 'M' 'A' 'M' 'A' 'A' 'A' 'A' 'A' 'A' 'U' 'M' 'M' 'M' 'M' 'M'
 'M' 'U' 'M' 'M' 'M' 'M' 'M' 'M' 'M' 'M' 'M' 'M' 'M' 'U' 'M' 'M' 'M' 'M'
 'M' 'M' 'M' 'M' 'M' 'M' 'M' 'U' 'M' 'M' 'M' 'M' 'M' 'M' 'M' 'M' 'M' 'M'
 'M' 'M' 'M' 'M' 'M' 'M' 'M' 'M' 'M' 'M' 'M' 'M' 'M' 'M' 'M' 'M' 'M' 'M']"
12701,2,173,7,166,25,0,0,"['M' 'M' 'M' 'M' 'M' 'M' 'M' 'M' 'M' 'M' 'U' 'M' 'M' 'M' 'M' 'U' 'M' 'M'
 'M' 'U' 'M' 'M' 'M' 'M' 'M' 'A' 'M' 'M' 'U' 'M' 'M' 'M' 'M' 'M' 'M' 'U'
 'M' 'M' 'M' 'M' 'M' 'M' 'M' 'M' 'M' 'M' 'M' 'M' 'M' 'M' 'M' 'M' 'M' 'M'
 'M' 'U' 'M' 'U' 'M' 'M' 'M' 'M' 'U' 'M' 'M' 'M' 'U' 'M' 'U' 'M' 'M' 'M'
 'M' 'U' 'M' 'M' 'M' 'U' 'M' 'U' 'M' 'M' 'M' 'M' 'U' 'M' 'M' 'U' 'M' 'M'
 'M' 'M' 'U' 'M' 'U' 'M' 'M' 'M' 'A' 'M' 'M' 'M' 'M' 'M' 'M' 'M' 'M' 'M'
 'M' 'M' 'M' 'M' 'M' 'M' 'M' 'M' 'M' 'M' 'M' 'M' 'M' 'M' 'M' 'M' 'M' 'M'
 'M' 'M' 'M' 'M' 'A' 'M' 'A' 'A' 'U' 'A' 'A' 'U' 'U' 'M' 'M' 'M' 'M' 'M'
 'M' 'U' 'M' 'M' 'M' 'M' 'M' 'M' 'M' 'M' 'M' 'M' 'M' 'U' 'M' 'M' 'M' 'M'
 'M' 'M' 'M' 'M' 'M' 'M' 'U' 'M' 'M' 'M' 'U' 'M' 'M' 'M' 'M' 'M' 'M' 'M'
 'M' 'M' 'M' 'M' 'M' 'M' 'M' 'M' 'M' 'M' 'M' 'M' 'M' 'M' 'M' 'M' 'M' 'U']"
12801,2,174,4,170,24,0,0,"['M' 'M' 'M' 'M' 'M' 'M' 'M' 'M' 'M' 'M' 'M' 'M' 'M' 'M' 'M' 'U' 'M' 'M'
 'M' 'U' 'M' 'M' 'M' 'M' 'M' 'U' 'M' 'M' 'U' 'M' 'M' 'M' 'M' 'M' 'M' 'U'
 'M' 'M' 'M' 'M' 'M' 'M' 'M' 'M' 'M' 'M' 'M' 'M' 'M' 'M' 'M' 'M' 'M' 'M'
 'M' 'U' 'M' 'M' 'M' 'M' 'M' 'M' 'U' 'M' 'M' 'M' 'M' 'M' 'M' 'M' 'M' 'M'
 'M' 'U' 'M' 'U' 'M' 'M' 'U' 'M' 'M' 'U' 'M' 'M' 'M' 'M' 'U' 'M' 'M' 'U'
 'U' 'M' 'U' 'M' 'U' 'M' 'M' 'M' 'A' 'M' 'M' 'M' 'M' 'M' 'M' 'M' 'M' 'M'
 'M' 'M' 'M' 'M' 'M' 'M' 'M' 'M' 'U' 'M' 'M' 'M' 'M' 'M' 'M' 'M' 'M' 'M'
 'M' 'M' 'M' 'M' 'A' 'M' 'U' 'A' 'U' 'U' 'A' 'M' 'U' 'M' 'M' 'M' 'M' 'M'
 'U' 'M' 'M' 'M' 'M' 'M' 'M' 'M' 'M' 'M' 'M' 'M' 'M' 'U' 'M' 'M' 'M' 'M'
 'M' 'M' 'M' 'M' 'M' 'M' 'M' 'M' 'M' 'M' 'U' 'M' 'M' 'M' 'M' 'M' 'M' 'M'
 'M' 'M' 'M' 'M' 'M' 'M' 'M' 'M' 'M' 'M' 'M' 'M' 'M' 'M' 'M' 'M' 'M' 'M']"
12901,3,176,8,168,22,0,0,"['M' 'M' 'M' 'M' 'M' 'M' 'M' 'M' 'M' 'M' 'M' 'M' 'M' 'M' 'U' 'U' 'M' 'M'
 'M' 'M' 'M' 'M' 'M' 'M' 'M' 'U' 'M' 'M' 'M' 'M' 'M' 'M' 'M' 'M' 'M' 'U'
 'M' 'M' 'M' 'M' 'M' 'M' 'M' 'U' 'M' 'M' 'M' 'M' 'M' 'M' 'M' 'M' 'M' 'M'
 'M' 'U' 'M' 'M' 'M' 'M' 'M' 'M' 'U' 'M' 'M' 'U' 'U' 'U' 'M' 'M' 'M' 'M'
 'M' 'M' 'M' 'U' 'M' 'M' 'M' 'M' 'M' 'M' 'U' 'M' 'U' 'M' 'U' 'M' 'M' 'M'
 'U' 'M' 'U' 'M' 'M' 'M' 'M' 'M' 'M' 'M' 'M' 'M' 'M' 'M' 'M' 'M' 'M' 'M'
 'M' 'M' 'M' 'M' 'M' 'M' 'M' 'M' 'M' 'M' 'M' 'M' 'M' 'M' 'M' 'M' 'M' 'M'
 'M' 'M' 'M' 'M' 'A' 'M' 'A' 'A' 'A' 'A' 'A' 'A' 'A' 'M' 'M' 'U' 'M' 'M'
 'U' 'M' 'M' 'M' 'M' 'M' 'M' 'M' 'M' 'M' 'M' 'M' 'M' 'U' 'M' 'M' 'M' 'M'
 'M' 'M' 'M' 'M' 'M' 'M' 'M' 'M' 'M' 'M' 'U' 'M' 'M' 'M' 'M' 'M' 'M' 'M'
 'M' 'M' 'M' 'U' 'M' 'M' 'M' 'M' 'M' 'M' 'M' 'M' 'M' 'M' 'U' 'M' 'M' 'M']"
13001,2,175,9,166,23,0,0,"['M' 'M' 'M' 'M' 'M' 'M' 'M' 'M' 'U' 'M' 'M' 'M' 'M' 'M' 'U' 'U' 'M' 'M'
 'M' 'M' 'M' 'M' 'M' 'M' 'M' 'U' 'M' 'M' 'M' 'M' 'M' 'M' 'M' 'M' 'M' 'U'
 'M' 'M' 'M' 'M' 'M' 'M' 'M' 'M' 'M' 'M' 'M' 'M' 'M' 'M' 'M' 'M' 'M' 'M'
 'U' 'U' 'M' 'M' 'M' 'M' 'M' 'M' 'U' 'M' 'M' 'M' 'M' 'M' 'M' 'M' 'M' 'U'
 'U' 'M' 'M' 'M' 'M' 'M' 'U' 'M' 'M' 'M' 'M' 'M' 'M' 'U' 'M' 'M' 'U' 'M'
 'M' 'U' 'U' 'U' 'U' 'M' 'M' 'M' 'M' 'M' 'M' 'M' 'M' 'M' 'M' 'M' 'M' 'M'
 'M' 'M' 'M' 'M' 'M' 'M' 'M' 'M' 'M' 'M' 'M' 'U' 'M' 'M' 'M' 'M' 'M' 'M'
 'M' 'U' 'M' 'M' 'A' 'A' 'A' 'A' 'A' 'A' 'A' 'A' 'A' 'M' 'M' 'U' 'M' 'M'
 'M' 'M' 'M' 'M' 'M' 'M' 'M' 'U' 'M' 'M' 'M' 'M' 'M' 'M' 'M' 'M' 'M' 'M'
 'M' 'M' 'M' 'M' 'M' 'M' 'M' 'M' 'M' 'M' 'U' 'M' 'M' 'M' 'M' 'M' 'M' 'M'
 'M' 'M' 'M' 'M' 'M' 'M' 'M' 'M' 'M' 'M' 'M' 'M' 'U' 'M' 'M' 'M' 'M' 'M']"
13101,2,173,5,168,25,0,0,"['M' 'M' 'M' 'M' 'M' 'U' 'M' 'M' 'U' 'M' 'M' 'M' 'M' 'M' 'U' 'M' 'M' 'M'
 'M' 'M' 'M' 'M' 'M' 'M' 'M' 'U' 'M' 'M' 'M' 'M' 'M' 'M' 'M' 'M' 'M' 'U'
 'M' 'M' 'M' 'M' 'M' 'M' 'M' 'M' 'M' 'M' 'M' 'M' 'M' 'M' 'M' 'M' 'M' 'M'
 'U' 'U' 'M' 'M' 'M' 'M' 'M' 'M' 'M' 'M' 'M' 'M' 'M' 'M' 'M' 'M' 'M' 'M'
 'M' 'M' 'M' 'M' 'U' 'M' 'U' 'U' 'M' 'U' 'M' 'M' 'U' 'U' 'M' 'M' 'U' 'M'
 'U' 'M' 'U' 'M' 'M' 'M' 'M' 'M' 'M' 'M' 'M' 'M' 'M' 'M' 'M' 'M' 'M' 'M'
 'M' 'M' 'M' 'M' 'M' 'M' 'M' 'M' 'M' 'U' 'M' 'U' 'M' 'M' 'M' 'M' 'M' 'M'
 'M' 'U' 'M' 'M' 'A' 'A' 'A' 'A' 'M' 'A' 'U' 'U' 'U' 'M' 'M' 'U' 'M' 'M'
 'M' 'M' 'M' 'M' 'M' 'M' 'M' 'M' 'M' 'M' 'M' 'M' 'M' 'M' 'M' 'M' 'M' 'M'
 'M' 'M' 'M' 'M' 'M' 'M' 'M' 'M' 'M' 'M' 'M' 'M' 'M' 'M' 'M' 'M' 'M' 'M'
 'M' 'M' 'M' 'M' 'M' 'M' 'M' 'M' 'U' 'M' 'M' 'M' 'U' 'M' 'M' 'M' 'M' 'M']"
13201,2,178,7,171,20,0,1,"['M' 'M' 'M' 'M' 'M' 'U' 'M' 'M' 'U' 'M' 'M' 'M' 'M' 'M' 'M' 'M' 'M' 'M'
 'M' 'M' 'M' 'M' 'M' 'M' 'M' 'U' 'M' 'M' 'M' 'M' 'M' 'M' 'M' 'M' 'M' 'M'
 'M' 'M' 'M' 'M' 'M' 'M' 'A' 'M' 'M' 'M' 'M' 'M' 'M' 'M' 'M' 'M' 'M' 'M'
 'U' 'M' 'M' 'M' 'M' 'M' 'M' 'M' 'M' 'M' 'M' 'U' 'U' 'M' 'U' 'M' 'M' 'M'
 'M' 'M' 'M' 'U' 'M' 'M' 'U' 'U' 'M' 'M' 'M' 'M' 'U' 'U' 'M' 'M' 'M' 'M'
 'M' 'M' 'M' 'M' 'U' 'M' 'M' 'M' 'M' 'M' 'M' 'M' 'M' 'M' 'M' 'M' 'M' 'M'
 'M' 'M' 'M' 'M' 'U' 'M' 'M' 'M' 'M' 'M' 'M' 'U' 'M' 'M' 'M' 'M' 'M' 'M'
 'M' 'U' 'M' 'M' 'A' 'A' 'A' 'A' 'M' 'A' 'A' 'U' 'U' 'M' 'M' 'M' 'M' 'M'
 'M' 'M' 'M' 'M' 'M' 'M' 'M' 'M' 'M' 'M' 'M' 'M' 'M' 'M' 'M' 'M' 'M' 'M'
 'M' 'M' 'M' 'M' 'M' 'M' 'M' 'M' 'M' 'M' 'M' 'M' 'M' 'M' 'M' 'M' 'M' 'M'
 'M' 'M' 'M' 'M' 'U' 'M' 'M' 'M' 'U' 'M' 'M' 'M' 'M' 'M' 'M' 'M' 'M' 'M']"
13301,2,176,10,166,22,0,0,"['M' 'M' 'M' 'M' 'M' 'U' 'M' 'M' 'A' 'M' 'M' 'M' 'M' 'M' 'U' 'M' 'M' 'M'
 'M' 'M' 'M' 'M' 'M' 'M' 'M' 'M' 'M' 'M' 'M' 'M' 'M' 'U' 'M' 'M' 'M' 'M'
 'M' 'M' 'M' 'U' 'M' 'M' 'U' 'M' 'M' 'M' 'M' 'M' 'M' 'M' 'M' 'M' 'M' 'U'
 'U' 'M' 'M' 'M' 'M' 'M' 'M' 'M' 'M' 'M' 'M' 'M' 'U' 'M' 'M' 'M' 'U' 'M'
 'M' 'U' 'U' 'M' 'M' 'M' 'M' 'M' 'U' 'U' 'M' 'M' 'M' 'M' 'M' 'U' 'U' 'M'
 'M' 'M' 'U' 'M' 'M' 'M' 'M' 'M' 'M' 'M' 'M' 'M' 'M' 'M' 'M' 'M' 'M' 'M'
 'M' 'M' 'M' 'M' 'U' 'M' 'M' 'M' 'M' 'M' 'M' 'U' 'M' 'M' 'M' 'M' 'M' 'M'
 'M' 'U' 'M' 'M' 'A' 'A' 'A' 'A' 'A' 'A' 'A' 'A' 'A' 'M' 'M' 'M' 'M' 'M'
 'M' 'M' 'M' 'M' 'M' 'U' 'M' 'M' 'M' 'M' 'M' 'M' 'M' 'M' 'M' 'M' 'M' 'M'
 'M' 'M' 'M' 'M' 'M' 'M' 'M' 'M' 'M' 'M' 'M' 'M' 'M' 'M' 'M' 'M' 'U' 'M'
 'M' 'M' 'M' 'M' 'U' 'M' 'M' 'M' 'M' 'M' 'M' 'M' 'M' 'M' 'M' 'M' 'M' 'M']"
13401,2,172,7,165,26,0,0,"['M' 'M' 'M' 'U' 'M' 'U' 'M' 'M' 'A' 'M' 'M' 'M' 'M' 'M' 'U' 'M' 'M' 'M'
 'M' 'M' 'M' 'M' 'M' 'M' 'M' 'M' 'M' 'M' 'M' 'M' 'M' 'U' 'M' 'M' 'M' 'M'
 'M' 'M' 'M' 'M' 'M' 'M' 'U' 'M' 'M' 'U' 'M' 'M' 'M' 'M' 'U' 'M' 'M' 'U'
 'M' 'M' 'M' 'M' 'M' 'M' 'M' 'M' 'M' 'M' 'M' 'M' 'U' 'M' 'M' 'M' 'U' 'M'
 'U' 'M' 'M' 'M' 'M' 'M' 'M' 'M' 'U' 'M' 'M' 'U' 'M' 'U' 'M' 'U' 'M' 'M'
 'M' 'U' 'M' 'M' 'U' 'M' 'M' 'M' 'M' 'M' 'M' 'M' 'M' 'M' 'M' 'M' 'M' 'M'
 'M' 'M' 'M' 'M' 'U' 'M' 'M' 'M' 'M' 'M' 'M' 'U' 'M' 'M' 'M' 'M' 'M' 'M'
 'M' 'U' 'M' 'M' 'A' 'A' 'A' 'A' 'A' 'U' 'M' 'A' 'U' 'M' 'M' 'U' 'M' 'M'
 'M' 'M' 'M' 'M' 'M' 'M' 'M' 'M' 'M' 'M' 'M' 'M' 'U' 'M' 'M' 'M' 'M' 'M'
 'M' 'M' 'M' 'M' 'M' 'M' 'M' 'M' 'M' 'M' 'M' 'M' 'M' 'M' 'M' 'M' 'U' 'M'
 'M' 'M' 'M' 'M' 'U' 'M' 'M' 'M' 'M' 'M' 'M' 'M' 'M' 'M' 'M' 'M' 'M' 'M']"
13501,2,179,10,169,19,0,0,"['M' 'M' 'M' 'M' 'M' 'U' 'M' 'U' 'A' 'M' 'M' 'M' 'M' 'M' 'U' 'M' 'M' 'M'
 'M' 'M' 'M' 'M' 'M' 'M' 'M' 'M' 'M' 'M' 'M' 'M' 'M' 'U' 'M' 'M' 'M' 'M'
 'M' 'M' 'M' 'M' 'M' 'M' 'U' 'M' 'M' 'M' 'M' 'M' 'M' 'M' 'U' 'M' 'U' 'M'
 'M' 'M' 'M' 'M' 'M' 'M' 'M' 'M' 'M' 'M' 'M' 'M' 'U' 'M' 'M' 'U' 'U' 'U'
 'M' 'U' 'M' 'M' 'M' 'M' 'M' 'U' 'M' 'M' 'U' 'M' 'M' 'M' 'U' 'M' 'M' 'M'
 'U' 'M' 'M' 'M' 'M' 'M' 'M' 'M' 'M' 'M' 'M' 'M' 'M' 'M' 'M' 'M' 'M' 'M'
 'M' 'M' 'M' 'M' 'M' 'M' 'M' 'M' 'M' 'M' 'M' 'U' 'M' 'M' 'M' 'M' 'M' 'M'
 'M' 'M' 'M' 'M' 'A' 'A' 'A' 'A' 'A' 'A' 'A' 'A' 'A' 'M' 'M' 'M' 'M' 'M'
 'M' 'M' 'M' 'M' 'M' 'M' 'U' 'M' 'M' 'M' 'M' 'M' 'U' 'M' 'M' 'M' 'M' 'M'
 'M' 'M' 'M' 'M' 'M' 'M' 'M' 'M' 'M' 'M' 'M' 'M' 'M' 'M' 'M' 'M' 'M' 'M'
 'M' 'M' 'M' 'M' 'M' 'M' 'M' 'M' 'M' 'M' 'M' 'M' 'M' 'M' 'M' 'M' 'M' 'M']"
13601,2,179,11,168,19,0,0,"['M' 'M' 'M' 'U' 'M' 'M' 'M' 'M' 'A' 'M' 'M' 'M' 'M' 'M' 'A' 'M' 'M' 'M'
 'M' 'M' 'M' 'M' 'M' 'M' 'M' 'M' 'M' 'M' 'M' 'M' 'M' 'U' 'M' 'M' 'M' 'M'
 'M' 'M' 'M' 'M' 'M' 'M' 'U' 'M' 'M' 'M' 'M' 'M' 'M' 'M' 'U' 'M' 'M' 'M'
 'M' 'M' 'M' 'U' 'M' 'M' 'M' 'M' 'M' 'M' 'M' 'M' 'M' 'U' 'M' 'M' 'M' 'M'
 'M' 'U' 'M' 'U' 'U' 'M' 'M' 'U' 'M' 'U' 'M' 'M' 'M' 'M' 'M' 'U' 'M' 'M'
 'M' 'M' 'U' 'M' 'U' 'M' 'M' 'M' 'M' 'M' 'U' 'M' 'M' 'M' 'M' 'M' 'M' 'M'
 'M' 'M' 'M' 'M' 'M' 'M' 'M' 'M' 'M' 'M' 'M' 'U' 'M' 'M' 'M' 'M' 'M' 'M'
 'M' 'M' 'M' 'M' 'A' 'A' 'A' 'A' 'A' 'A' 'A' 'A' 'A' 'M' 'M' 'M' 'M' 'M'
 'M' 'M' 'M' 'M' 'M' 'M' 'U' 'M' 'M' 'M' 'M' 'M' 'U' 'M' 'M' 'M' 'M' 'M'
 'M' 'M' 'M' 'M' 'M' 'M' 'M' 'M' 'M' 'M' 'M' 'M' 'M' 'M' 'M' 'U' 'M' 'M'
 'M' 'M' 'M' 'M' 'M' 'M' 'M' 'M' 'M' 'M' 'M' 'M' 'M' 'M' 'M' 'M' 'M' 'M']"
13701,2,176,10,166,22,0,0,"['M' 'M' 'M' 'M' 'U' 'M' 'M' 'M' 'A' 'M' 'M' 'M' 'M' 'M' 'A' 'M' 'M' 'M'
 'M' 'M' 'M' 'M' 'M' 'M' 'M' 'M' 'M' 'M' 'M' 'M' 'M' 'U' 'M' 'M' 'M' 'M'
 'M' 'M' 'M' 'M' 'M' 'M' 'U' 'M' 'M' 'M' 'M' 'M' 'M' 'M' 'U' 'U' 'M' 'M'
 'M' 'M' 'M' 'M' 'M' 'M' 'M' 'U' 'U' 'M' 'M' 'M' 'M' 'M' 'M' 'U' 'U' 'U'
 'M' 'M' 'M' 'U' 'M' 'M' 'M' 'M' 'M' 'M' 'M' 'M' 'U' 'U' 'U' 'M' 'U' 'M'
 'M' 'U' 'M' 'M' 'M' 'M' 'M' 'M' 'M' 'M' 'U' 'M' 'M' 'M' 'M' 'M' 'M' 'M'
 'M' 'M' 'M' 'M' 'M' 'M' 'M' 'M' 'M' 'M' 'M' 'U' 'M' 'M' 'M' 'M' 'M' 'M'
 'M' 'M' 'M' 'M' 'A' 'A' 'A' 'U' 'A' 'A' 'A' 'A' 'A' 'M' 'M' 'M' 'M' 'M'
 'M' 'M' 'M' 'M' 'M' 'M' 'U' 'M' 'M' 'M' 'U' 'M' 'U' 'M' 'M' 'M' 'M' 'M'
 'M' 'M' 'M' 'M' 'M' 'M' 'M' 'M' 'M' 'M' 'M' 'M' 'M' 'M' 'M' 'M' 'M' 'M'
 'M' 'M' 'M' 'M' 'M' 'M' 'M' 'M' 'M' 'M' 'M' 'M' 'M' 'M' 'M' 'M' 'M' 'M']"
13801,2,176,9,167,22,0,0,"['M' 'M' 'M' 'M' 'U' 'M' 'M' 'M' 'A' 'M' 'M' 'M' 'M' 'M' 'A' 'M' 'M' 'M'
 'M' 'M' 'M' 'M' 'M' 'M' 'M' 'M' 'M' 'U' 'M' 'M' 'M' 'M' 'M' 'M' 'M' 'M'
 'M' 'M' 'M' 'M' 'M' 'M' 'M' 'M' 'M' 'M' 'M' 'M' 'M' 'M' 'U' 'U' 'M' 'M'
 'M' 'U' 'M' 'U' 'M' 'M' 'M' 'U' 'M' 'U' 'M' 'U' 'M' 'M' 'M' 'M' 'M' 'M'
 'M' 'M' 'U' 'M' 'M' 'U' 'U' 'U' 'M' 'U' 'M' 'M' 'M' 'U' 'M' 'M' 'U' 'M'
 'M' 'M' 'M' 'M' 'U' 'M' 'M' 'M' 'M' 'M' 'U' 'M' 'U' 'M' 'M' 'M' 'M' 'M'
 'M' 'M' 'M' 'M' 'M' 'M' 'M' 'M' 'M' 'M' 'M' 'M' 'M' 'M' 'M' 'M' 'M' 'M'
 'M' 'U' 'M' 'M' 'A' 'A' 'A' 'M' 'A' 'A' 'U' 'A' 'A' 'M' 'M' 'M' 'M' 'M'
 'M' 'M' 'M' 'M' 'M' 'M' 'U' 'M' 'M' 'M' 'M' 'M' 'M' 'M' 'M' 'M' 'M' 'M'
 'M' 'M' 'M' 'M' 'M' 'M' 'M' 'M' 'M' 'M' 'M' 'M' 'M' 'M' 'M' 'M' 'M' 'M'
 'M' 'M' 'M' 'M' 'M' 'M' 'M' 'M' 'M' 'M' 'M' 'M' 'M' 'M' 'M' 'M' 'M' 'M']"
13901,2,177,10,167,21,0,1,"['M' 'M' 'M' 'M' 'U' 'M' 'M' 'M' 'A' 'M' 'M' 'M' 'M' 'M' 'U' 'M' 'M' 'M'
 'M' 'M' 'M' 'M' 'M' 'M' 'M' 'M' 'M' 'M' 'U' 'M' 'M' 'M' 'M' 'M' 'M' 'M'
 'M' 'M' 'M' 'M' 'M' 'U' 'M' 'M' 'M' 'M' 'M' 'M' 'M' 'M' 'M' 'U' 'M' 'M'
 'M' 'M' 'M' 'M' 'M' 'M' 'M' 'U' 'M' 'U' 'M' 'M' 'M' 'M' 'M' 'U' 'M' 'M'
 'U' 'U' 'M' 'M' 'U' 'M' 'M' 'U' 'U' 'M' 'M' 'M' 'U' 'U' 'M' 'M' 'M' 'M'
 'U' 'M' 'M' 'M' 'M' 'M' 'M' 'M' 'M' 'M' 'M' 'M' 'U' 'M' 'U' 'M' 'M' 'M'
 'M' 'M' 'M' 'M' 'M' 'M' 'M' 'M' 'M' 'M' 'M' 'M' 'M' 'M' 'M' 'M' 'M' 'M'
 'M' 'M' 'M' 'M' 'A' 'A' 'A' 'A' 'A' 'A' 'A' 'A' 'A' 'M' 'M' 'M' 'M' 'M'
 'M' 'U' 'M' 'M' 'M' 'M' 'U' 'M' 'M' 'M' 'M' 'M' 'M' 'M' 'M' 'M' 'M' 'M'
 'M' 'M' 'M' 'M' 'M' 'M' 'M' 'M' 'M' 'M' 'M' 'M' 'M' 'M' 'M' 'M' 'M' 'M'
 'M' 'M' 'M' 'M' 'M' 'M' 'M' 'U' 'M' 'M' 'M' 'M' 'M' 'M' 'M' 'M' 'M' 'M']"
14001,3,178,9,169,20,0,1,"['M' 'M' 'M' 'M' 'M' 'M' 'M' 'M' 'A' 'M' 'M' 'M' 'M' 'M' 'U' 'M' 'M' 'M'
 'M' 'M' 'M' 'M' 'M' 'M' 'M' 'M' 'M' 'M' 'U' 'M' 'M' 'M' 'M' 'M' 'M' 'M'
 'M' 'M' 'M' 'M' 'M' 'M' 'M' 'M' 'M' 'M' 'M' 'M' 'M' 'M' 'M' 'U' 'M' 'M'
 'M' 'M' 'M' 'M' 'M' 'M' 'M' 'M' 'M' 'U' 'U' 'U' 'M' 'U' 'M' 'U' 'M' 'M'
 'M' 'M' 'M' 'U' 'M' 'M' 'U' 'M' 'U' 'U' 'U' 'M' 'M' 'M' 'M' 'M' 'M' 'M'
 'U' 'M' 'M' 'M' 'M' 'M' 'M' 'M' 'M' 'M' 'M' 'M' 'M' 'M' 'U' 'M' 'M' 'M'
 'M' 'M' 'M' 'M' 'M' 'M' 'M' 'M' 'M' 'M' 'M' 'M' 'M' 'M' 'M' 'M' 'M' 'M'
 'M' 'M' 'M' 'M' 'A' 'A' 'A' 'A' 'A' 'A' 'A' 'A' 'U' 'M' 'M' 'M' 'M' 'M'
 'M' 'U' 'M' 'M' 'M' 'M' 'M' 'M' 'M' 'M' 'M' 'M' 'M' 'U' 'M' 'M' 'M' 'M'
 'M' 'M' 'M' 'M' 'M' 'M' 'M' 'M' 'M' 'M' 'M' 'M' 'M' 'M' 'M' 'M' 'M' 'M'
 'M' 'M' 'M' 'M' 'M' 'M' 'M' 'U' 'M' 'M' 'M' 'M' 'M' 'M' 'M' 'U' 'M' 'M']"
14101,2,174,8,166,24,0,0,"['M' 'M' 'M' 'M' 'M' 'M' 'M' 'M' 'U' 'M' 'M' 'M' 'M' 'M' 'U' 'M' 'M' 'M'
 'M' 'U' 'M' 'M' 'M' 'M' 'M' 'M' 'M' 'M' 'U' 'M' 'M' 'M' 'M' 'M' 'M' 'M'
 'M' 'M' 'M' 'M' 'U' 'M' 'M' 'M' 'M' 'M' 'M' 'M' 'M' 'M' 'M' 'U' 'M' 'M'
 'M' 'M' 'M' 'M' 'M' 'M' 'M' 'M' 'M' 'U' 'U' 'M' 'M' 'M' 'U' 'U' 'M' 'M'
 'M' 'M' 'M' 'M' 'U' 'M' 'U' 'M' 'U' 'M' 'U' 'M' 'M' 'M' 'M' 'U' 'M' 'M'
 'M' 'M' 'U' 'U' 'M' 'M' 'M' 'M' 'M' 'U' 'M' 'M' 'M' 'M' 'U' 'M' 'M' 'M'
 'M' 'M' 'U' 'M' 'M' 'M' 'M' 'M' 'M' 'M' 'M' 'M' 'M' 'M' 'M' 'M' 'M' 'M'
 'M' 'M' 'M' 'U' 'A' 'A' 'A' 'A' 'A' 'U' 'A' 'A' 'A' 'M' 'M' 'M' 'M' 'M'
 'M' 'M' 'M' 'M' 'M' 'M' 'M' 'M' 'M' 'M' 'M' 'M' 'M' 'U' 'M' 'M' 'M' 'M'
 'M' 'M' 'M' 'M' 'M' 'M' 'M' 'M' 'M' 'M' 'M' 'M' 'M' 'M' 'M' 'M' 'M' 'M'
 'M' 'M' 'M' 'M' 'M' 'M' 'M' 'M' 'M' 'M' 'M' 'M' 'U' 'M' 'M' 'M' 'M' 'M']"
14201,2,170,8,162,28,0,0,"['M' 'M' 'M' 'M' 'U' 'M' 'M' 'M' 'M' 'M' 'M' 'M' 'M' 'M' 'U' 'M' 'U' 'U'
 'M' 'U' 'M' 'M' 'M' 'M' 'M' 'M' 'M' 'M' 'M' 'M' 'M' 'M' 'M' 'M' 'M' 'M'
 'M' 'M' 'M' 'M' 'U' 'M' 'M' 'M' 'M' 'M' 'M' 'M' 'M' 'M' 'M' 'U' 'M' 'M'
 'M' 'M' 'M' 'M' 'M' 'M' 'M' 'M' 'M' 'U' 'U' 'U' 'M' 'M' 'M' 'U' 'U' 'M'
 'M' 'M' 'M' 'U' 'M' 'U' 'M' 'M' 'M' 'M' 'M' 'M' 'M' 'U' 'M' 'U' 'M' 'M'
 'M' 'U' 'M' 'U' 'M' 'M' 'M' 'M' 'M' 'U' 'M' 'M' 'M' 'M' 'M' 'M' 'M' 'M'
 'M' 'M' 'U' 'M' 'M' 'U' 'U' 'M' 'M' 'M' 'M' 'M' 'U' 'M' 'M' 'M' 'M' 'M'
 'M' 'M' 'M' 'U' 'A' 'A' 'A' 'A' 'A' 'U' 'A' 'A' 'A' 'M' 'M' 'M' 'M' 'M'
 'M' 'M' 'M' 'M' 'M' 'M' 'M' 'M' 'M' 'M' 'M' 'M' 'M' 'U' 'M' 'M' 'M' 'M'
 'M' 'M' 'M' 'M' 'M' 'M' 'U' 'M' 'M' 'M' 'M' 'M' 'M' 'M' 'M' 'M' 'M' 'M'
 'M' 'M' 'M' 'M' 'M' 'M' 'M' 'M' 'M' 'M' 'M' 'M' 'U' 'M' 'M' 'M' 'M' 'M']"
14301,3,164,5,159,34,0,0,"['M' 'M' 'M' 'M' 'U' 'M' 'M' 'U' 'M' 'M' 'M' 'M' 'M' 'M' 'M' 'M' 'U' 'U'
 'M' 'U' 'M' 'M' 'M' 'M' 'M' 'M' 'M' 'M' 'M' 'M' 'M' 'M' 'M' 'M' 'M' 'M'
 'M' 'M' 'M' 'M' 'M' 'M' 'M' 'M' 'M' 'M' 'M' 'M' 'M' 'M' 'M' 'U' 'M' 'M'
 'M' 'M' 'M' 'M' 'M' 'M' 'M' 'M' 'M' 'U' 'U' 'M' 'M' 'M' 'M' 'M' 'M' 'U'
 'U' 'M' 'M' 'U' 'M' 'M' 'M' 'M' 'M' 'M' 'U' 'U' 'U' 'M' 'U' 'M' 'M' 'U'
 'U' 'M' 'M' 'M' 'M' 'M' 'U' 'M' 'M' 'U' 'M' 'M' 'U' 'M' 'M' 'M' 'M' 'M'
 'M' 'M' 'U' 'U' 'M' 'U' 'U' 'M' 'M' 'M' 'M' 'M' 'U' 'M' 'M' 'M' 'M' 'M'
 'M' 'M' 'M' 'U' 'A' 'A' 'A' 'U' 'U' 'M' 'A' 'U' 'A' 'M' 'M' 'M' 'M' 'M'
 'M' 'U' 'M' 'M' 'M' 'M' 'M' 'M' 'M' 'U' 'M' 'M' 'M' 'U' 'M' 'M' 'M' 'M'
 'M' 'M' 'M' 'M' 'M' 'M' 'U' 'M' 'M' 'M' 'M' 'M' 'M' 'M' 'M' 'M' 'M' 'M'
 'M' 'M' 'M' 'M' 'M' 'M' 'M' 'M' 'M' 'M' 'M' 'M' 'U' 'M' 'M' 'M' 'M' 'M']"
14401,2,167,7,160,31,0,1,"['M' 'M' 'M' 'M' 'U' 'M' 'M' 'U' 'M' 'U' 'M' 'M' 'M' 'M' 'M' 'M' 'U' 'U'
 'M' 'U' 'M' 'M' 'M' 'M' 'M' 'M' 'M' 'M' 'M' 'M' 'M' 'M' 'M' 'M' 'M' 'M'
 'M' 'M' 'M' 'M' 'M' 'M' 'M' 'M' 'M' 'M' 'M' 'M' 'M' 'M' 'M' 'U' 'M' 'M'
 'M' 'M' 'M' 'M' 'M' 'M' 'M' 'M' 'M' 'U' 'U' 'M' 'M' 'M' 'M' 'M' 'U' 'U'
 'M' 'M' 'M' 'M' 'U' 'U' 'M' 'M' 'M' 'M' 'M' 'M' 'M' 'U' 'M' 'U' 'M' 'M'
 'M' 'U' 'U' 'M' 'U' 'M' 'U' 'U' 'M' 'U' 'M' 'M' 'M' 'M' 'M' 'M' 'M' 'M'
 'M' 'M' 'U' 'U' 'M' 'U' 'M' 'M' 'M' 'M' 'M' 'M' 'U' 'M' 'M' 'M' 'M' 'M'
 'M' 'M' 'M' 'M' 'A' 'U' 'A' 'A' 'A' 'A' 'U' 'A' 'A' 'M' 'M' 'M' 'M' 'M'
 'M' 'M' 'M' 'M' 'M' 'M' 'M' 'M' 'M' 'U' 'M' 'M' 'M' 'M' 'U' 'M' 'M' 'M'
 'M' 'M' 'M' 'M' 'M' 'M' 'M' 'M' 'M' 'M' 'U' 'M' 'M' 'M' 'M' 'M' 'M' 'M'
 'M' 'M' 'M' 'M' 'M' 'M' 'M' 'M' 'M' 'M' 'M' 'M' 'U' 'M' 'M' 'M' 'M' 'M']"
14501,2,170,9,161,28,0,0,"['M' 'M' 'M' 'U' 'M' 'M' 'M' 'M' 'U' 'M' 'M' 'M' 'M' 'M' 'M' 'M' 'A' 'A'
 'M' 'M' 'M' 'M' 'M' 'M' 'M' 'M' 'U' 'M' 'M' 'M' 'M' 'M' 'M' 'M' 'M' 'M'
 'M' 'M' 'M' 'M' 'M' 'M' 'M' 'M' 'M' 'M' 'M' 'M' 'M' 'M' 'M' 'U' 'M' 'M'
 'M' 'M' 'M' 'U' 'M' 'M' 'M' 'M' 'M' 'M' 'U' 'M' 'M' 'M' 'M' 'M' 'U' 'M'
 'U' 'M' 'U' 'M' 'M' 'U' 'M' 'M' 'M' 'U' 'M' 'M' 'U' 'M' 'M' 'M' 'U' 'M'
 'U' 'M' 'M' 'U' 'M' 'M' 'M' 'U' 'M' 'M' 'M' 'M' 'M' 'M' 'M' 'M' 'M' 'M'
 'M' 'M' 'U' 'U' 'M' 'U' 'M' 'M' 'M' 'M' 'M' 'M' 'M' 'M' 'U' 'M' 'M' 'M'
 'M' 'M' 'M' 'M' 'A' 'A' 'A' 'U' 'A' 'A' 'A' 'U' 'A' 'M' 'M' 'M' 'U' 'M'
 'M' 'M' 'M' 'M' 'M' 'M' 'M' 'M' 'M' 'M' 'M' 'M' 'M' 'U' 'U' 'M' 'M' 'M'
 'U' 'M' 'M' 'M' 'M' 'M' 'M' 'M' 'M' 'M' 'U' 'M' 'M' 'M' 'M' 'M' 'M' 'M'
 'M' 'M' 'M' 'M' 'M' 'M' 'M' 'M' 'M' 'M' 'M' 'M' 'U' 'M' 'M' 'M' 'M' 'M']"
14601,2,173,11,162,25,0,0,"['M' 'M' 'M' 'U' 'M' 'M' 'M' 'M' 'U' 'M' 'M' 'M' 'M' 'M' 'M' 'M' 'A' 'A'
 'M' 'M' 'M' 'M' 'M' 'M' 'M' 'M' 'U' 'M' 'M' 'M' 'M' 'M' 'M' 'M' 'M' 'M'
 'M' 'M' 'M' 'M' 'U' 'M' 'M' 'M' 'M' 'M' 'M' 'M' 'M' 'M' 'M' 'U' 'M' 'M'
 'M' 'M' 'M' 'U' 'M' 'M' 'M' 'M' 'M' 'M' 'U' 'M' 'M' 'M' 'U' 'U' 'M' 'M'
 'M' 'M' 'M' 'M' 'M' 'M' 'M' 'M' 'U' 'U' 'U' 'U' 'M' 'M' 'U' 'M' 'M' 'M'
 'M' 'M' 'U' 'M' 'U' 'M' 'M' 'U' 'M' 'M' 'M' 'M' 'M' 'M' 'M' 'M' 'M' 'M'
 'M' 'M' 'M' 'U' 'M' 'M' 'M' 'M' 'U' 'M' 'M' 'M' 'M' 'M' 'M' 'M' 'M' 'M'
 'M' 'M' 'M' 'M' 'A' 'A' 'A' 'A' 'A' 'A' 'A' 'A' 'A' 'M' 'M' 'M' 'U' 'M'
 'M' 'M' 'M' 'M' 'M' 'M' 'M' 'M' 'M' 'M' 'M' 'M' 'M' 'U' 'M' 'M' 'M' 'M'
 'U' 'M' 'M' 'M' 'M' 'M' 'U' 'M' 'M' 'M' 'U' 'M' 'M' 'M' 'M' 'M' 'M' 'M'
 'M' 'M' 'M' 'M' 'M' 'M' 'M' 'M' 'M' 'M' 'M' 'U' 'M' 'M' 'M' 'M' 'M' 'M']"
14701,2,162,8,154,36,0,0,"['M' 'M' 'M' 'U' 'M' 'M' 'M' 'M' 'M' 'M' 'M' 'M' 'M' 'M' 'M' 'M' 'A' 'A'
 'M' 'M' 'M' 'M' 'M' 'M' 'M' 'M' 'U' 'M' 'M' 'M' 'M' 'M' 'M' 'M' 'U' 'M'
 'M' 'M' 'M' 'M' 'U' 'M' 'M' 'M' 'M' 'M' 'M' 'M' 'U' 'M' 'M' 'M' 'U' 'M'
 'M' 'M' 'M' 'U' 'M' 'M' 'M' 'M' 'M' 'M' 'U' 'M' 'M' 'M' 'U' 'U' 'M' 'M'
 'U' 'U' 'M' 'M' 'M' 'M' 'U' 'M' 'M' 'U' 'U' 'M' 'M' 'M' 'M' 'M' 'M' 'U'
 'M' 'U' 'M' 'M' 'M' 'M' 'M' 'U' 'M' 'M' 'M' 'M' 'M' 'M' 'M' 'M' 'M' 'U'
 'U' 'M' 'M' 'U' 'M' 'U' 'U' 'M' 'U' 'M' 'M' 'U' 'M' 'M' 'M' 'M' 'M' 'M'
 'M' 'M' 'M' 'M' 'A' 'U' 'A' 'A' 'A' 'A' 'A' 'U' 'U' 'M' 'M' 'M' 'U' 'M'
 'M' 'M' 'M' 'M' 'M' 'M' 'M' 'M' 'M' 'M' 'M' 'M' 'M' 'U' 'U' 'M' 'M' 'M'
 'U' 'M' 'M' 'M' 'M' 'M' 'U' 'M' 'M' 'M' 'U' 'M' 'M' 'M' 'M' 'U' 'M' 'M'
 'M' 'M' 'M' 'M' 'M' 'M' 'M' 'M' 'M' 'M' 'M' 'U' 'M' 'M' 'M' 'M' 'M' 'M']"
14801,3,169,6,163,29,0,0,"['M' 'M' 'M' 'U' 'M' 'M' 'M' 'M' 'M' 'M' 'M' 'M' 'M' 'M' 'M' 'M' 'U' 'U'
 'M' 'M' 'M' 'M' 'M' 'M' 'M' 'M' 'M' 'M' 'M' 'M' 'M' 'M' 'M' 'M' 'U' 'M'
 'M' 'M' 'M' 'M' 'M' 'M' 'M' 'M' 'M' 'M' 'M' 'M' 'U' 'M' 'M' 'M' 'U' 'M'
 'M' 'M' 'M' 'M' 'M' 'M' 'M' 'M' 'M' 'M' 'M' 'M' 'M' 'U' 'M' 'U' 'M' 'U'
 'M' 'M' 'M' 'M' 'M' 'U' 'M' 'U' 'U' 'U' 'M' 'M' 'M' 'M' 'M' 'M' 'U' 'M'
 'M' 'M' 'M' 'U' 'M' 'M' 'M' 'U' 'M' 'M' 'M' 'M' 'M' 'M' 'M' 'M' 'M' 'U'
 'U' 'M' 'U' 'U' 'M' 'U' 'M' 'M' 'M' 'M' 'M' 'M' 'M' 'M' 'M' 'M' 'M' 'M'
 'M' 'M' 'M' 'M' 'A' 'U' 'A' 'A' 'A' 'A' 'A' 'U' 'U' 'M' 'M' 'M' 'M' 'M'
 'M' 'M' 'M' 'M' 'M' 'M' 'M' 'M' 'M' 'M' 'M' 'M' 'M' 'U' 'M' 'M' 'M' 'M'
 'U' 'M' 'M' 'M' 'M' 'M' 'U' 'M' 'M' 'M' 'U' 'M' 'M' 'M' 'M' 'M' 'M' 'M'
 'M' 'M' 'M' 'M' 'M' 'M' 'M' 'M' 'M' 'M' 'M' 'U' 'M' 'M' 'M' 'M' 'M' 'M']"
14901,2,174,4,170,24,0,0,"['M' 'M' 'M' 'M' 'M' 'M' 'M' 'M' 'M' 'M' 'M' 'M' 'M' 'M' 'M' 'M' 'M' 'U'
 'M' 'M' 'M' 'M' 'U' 'M' 'M' 'M' 'M' 'M' 'M' 'M' 'M' 'M' 'M' 'M' 'U' 'M'
 'M' 'M' 'M' 'M' 'M' 'M' 'M' 'M' 'M' 'M' 'M' 'M' 'U' 'M' 'M' 'M' 'U' 'M'
 'M' 'M' 'M' 'M' 'M' 'M' 'M' 'M' 'M' 'M' 'M' 'U' 'U' 'U' 'U' 'M' 'M' 'M'
 'M' 'U' 'U' 'U' 'M' 'M' 'M' 'M' 'M' 'M' 'M' 'M' 'M' 'M' 'M' 'U' 'M' 'M'
 'U' 'M' 'M' 'M' 'M' 'M' 'M' 'U' 'M' 'M' 'M' 'M' 'M' 'M' 'M' 'M' 'M' 'U'
 'M' 'M' 'U' 'U' 'M' 'M' 'M' 'M' 'M' 'M' 'M' 'M' 'M' 'M' 'M' 'M' 'M' 'M'
 'M' 'M' 'M' 'M' 'A' 'M' 'U' 'M' 'U' 'A' 'U' 'A' 'A' 'M' 'M' 'M' 'M' 'M'
 'M' 'M' 'M' 'M' 'M' 'M' 'M' 'M' 'M' 'M' 'M' 'M' 'M' 'M' 'M' 'M' 'M' 'U'
 'U' 'M' 'M' 'M' 'M' 'M' 'M' 'M' 'M' 'M' 'M' 'M' 'M' 'M' 'M' 'M' 'M' 'M'
 'M' 'M' 'M' 'M' 'M' 'M' 'M' 'M' 'M' 'M' 'M' 'U' 'M' 'M' 'M' 'M' 'M' 'M']"
15001,2,176,9,167,22,0,0,"['M' 'M' 'M' 'M' 'M' 'M' 'M' 'M' 'M' 'M' 'M' 'M' 'M' 'M' 'M' 'M' 'M' 'M'
 'M' 'M' 'M' 'M' 'M' 'M' 'U' 'M' 'M' 'M' 'M' 'M' 'M' 'M' 'M' 'M' 'U' 'M'
 'M' 'M' 'M' 'M' 'M' 'M' 'M' 'M' 'M' 'M' 'M' 'M' 'U' 'M' 'M' 'M' 'U' 'M'
 'M' 'M' 'M' 'U' 'M' 'M' 'M' 'M' 'M' 'M' 'M' 'U' 'U' 'M' 'M' 'M' 'U' 'U'
 'M' 'U' 'M' 'M' 'M' 'U' 'M' 'M' 'M' 'U' 'U' 'M' 'M' 'U' 'M' 'M' 'M' 'M'
 'M' 'M' 'M' 'M' 'M' 'M' 'M' 'U' 'M' 'M' 'M' 'M' 'M' 'M' 'M' 'M' 'M' 'U'
 'M' 'M' 'A' 'U' 'M' 'M' 'M' 'M' 'M' 'M' 'M' 'M' 'M' 'M' 'M' 'M' 'M' 'M'
 'M' 'M' 'M' 'M' 'A' 'U' 'A' 'A' 'A' 'A' 'A' 'A' 'A' 'M' 'M' 'M' 'M' 'M'
 'M' 'M' 'M' 'M' 'M' 'M' 'M' 'M' 'M' 'M' 'M' 'M' 'M' 'M' 'M' 'M' 'M' 'U'
 'M' 'M' 'M' 'M' 'M' 'M' 'M' 'M' 'M' 'M' 'M' 'M' 'M' 'M' 'M' 'M' 'U' 'M'
 'M' 'M' 'M' 'M' 'M' 'M' 'M' 'M' 'M' 'M' 'M' 'U' 'M' 'M' 'M' 'M' 'U' 'M']"
15101,2,178,8,170,20,0,0,"['M' 'M' 'M' 'M' 'M' 'M' 'M' 'M' 'M' 'M' 'M' 'M' 'M' 'M' 'M' 'M' 'M' 'M'
 'M' 'M' 'M' 'M' 'M' 'M' 'U' 'M' 'M' 'M' 'M' 'M' 'M' 'M' 'M' 'M' 'M' 'M'
 'M' 'M' 'M' 'M' 'M' 'M' 'M' 'M' 'M' 'M' 'M' 'M' 'U' 'M' 'M' 'M' 'U' 'M'
 'M' 'M' 'M' 'M' 'M' 'M' 'M' 'M' 'M' 'M' 'M' 'M' 'M' 'U' 'U' 'U' 'M' 'M'
 'U' 'U' 'U' 'M' 'M' 'M' 'M' 'U' 'M' 'M' 'U' 'M' 'M' 'M' 'M' 'M' 'U' 'M'
 'M' 'M' 'M' 'M' 'M' 'M' 'M' 'U' 'M' 'U' 'M' 'M' 'M' 'M' 'M' 'M' 'M' 'U'
 'M' 'M' 'A' 'U' 'M' 'M' 'M' 'M' 'M' 'M' 'M' 'M' 'M' 'M' 'M' 'M' 'M' 'M'
 'M' 'M' 'M' 'M' 'A' 'A' 'A' 'M' 'U' 'A' 'A' 'A' 'A' 'M' 'M' 'M' 'M' 'M'
 'M' 'U' 'M' 'M' 'M' 'M' 'M' 'M' 'M' 'M' 'M' 'M' 'M' 'M' 'M' 'M' 'M' 'U'
 'M' 'M' 'M' 'M' 'M' 'M' 'M' 'M' 'M' 'M' 'M' 'M' 'M' 'M' 'M' 'M' 'U' 'M'
 'M' 'M' 'M' 'M' 'M' 'M' 'M' 'M' 'M' 'M' 'M' 'M' 'M' 'M' 'M' 'M' 'M' 'M']"
15201,2,176,6,170,22,0,0,"['M' 'M' 'M' 'U' 'M' 'M' 'M' 'M' 'M' 'M' 'M' 'M' 'M' 'M' 'M' 'M' 'M' 'M'
 'M' 'M' 'M' 'M' 'M' 'M' 'U' 'M' 'M' 'M' 'M' 'M' 'M' 'M' 'M' 'M' 'M' 'M'
 'M' 'M' 'M' 'M' 'M' 'M' 'M' 'M' 'M' 'M' 'M' 'M' 'U' 'M' 'M' 'M' 'M' 'M'
 'M' 'U' 'M' 'M' 'M' 'M' 'M' 'M' 'M' 'M' 'M' 'M' 'U' 'M' 'M' 'M' 'U' 'M'
 'M' 'M' 'M' 'M' 'M' 'M' 'U' 'M' 'U' 'U' 'M' 'U' 'M' 'M' 'U' 'U' 'M' 'U'
 'M' 'M' 'M' 'M' 'M' 'M' 'M' 'M' 'M' 'U' 'M' 'M' 'M' 'M' 'M' 'M' 'M' 'U'
 'M' 'M' 'A' 'U' 'M' 'M' 'U' 'M' 'M' 'M' 'M' 'M' 'M' 'M' 'M' 'M' 'M' 'M'
 'M' 'M' 'M' 'M' 'A' 'A' 'U' 'M' 'M' 'A' 'A' 'A' 'U' 'M' 'M' 'M' 'M' 'M'
 'M' 'U' 'M' 'M' 'M' 'M' 'M' 'M' 'M' 'M' 'M' 'M' 'M' 'M' 'M' 'M' 'M' 'U'
 'M' 'M' 'M' 'M' 'M' 'M' 'M' 'M' 'M' 'M' 'M' 'M' 'M' 'M' 'M' 'M' 'U' 'M'
 'M' 'M' 'M' 'M' 'M' 'M' 'M' 'M' 'M' 'M' 'M' 'M' 'M' 'M' 'M' 'M' 'M' 'M']"
15301,2,175,7,168,23,0,0,"['M' 'M' 'M' 'U' 'M' 'M' 'M' 'M' 'M' 'M' 'M' 'M' 'M' 'M' 'M' 'M' 'M' 'M'
 'M' 'M' 'M' 'M' 'M' 'M' 'U' 'M' 'M' 'M' 'M' 'M' 'M' 'M' 'M' 'M' 'M' 'M'
 'M' 'M' 'M' 'M' 'U' 'M' 'M' 'M' 'M' 'M' 'M' 'M' 'U' 'M' 'M' 'M' 'M' 'M'
 'M' 'M' 'M' 'M' 'M' 'M' 'M' 'M' 'M' 'M' 'M' 'M' 'M' 'M' 'M' 'U' 'M' 'M'
 'U' 'M' 'M' 'M' 'M' 'M' 'M' 'M' 'U' 'M' 'U' 'M' 'M' 'M' 'M' 'U' 'U' 'U'
 'M' 'M' 'U' 'U' 'M' 'M' 'M' 'M' 'M' 'M' 'M' 'U' 'M' 'M' 'M' 'M' 'M' 'U'
 'M' 'M' 'A' 'M' 'M' 'M' 'U' 'M' 'M' 'M' 'M' 'M' 'M' 'M' 'M' 'M' 'M' 'M'
 'M' 'M' 'M' 'M' 'A' 'A' 'A' 'U' 'U' 'A' 'A' 'A' 'U' 'M' 'M' 'M' 'M' 'M'
 'M' 'U' 'M' 'M' 'M' 'U' 'M' 'M' 'M' 'M' 'M' 'M' 'M' 'M' 'U' 'M' 'M' 'U'
 'M' 'M' 'M' 'M' 'M' 'M' 'M' 'M' 'M' 'M' 'M' 'M' 'M' 'M' 'M' 'M' 'M' 'M'
 'M' 'M' 'M' 'M' 'M' 'M' 'M' 'M' 'M' 'M' 'M' 'M' 'M' 'M' 'M' 'M' 'M' 'M']"
15401,3,177,11,166,21,0,0,"['M' 'M' 'M' 'U' 'M' 'M' 'M' 'M' 'M' 'M' 'M' 'M' 'M' 'M' 'M' 'U' 'M' 'M'
 'M' 'M' 'M' 'M' 'M' 'M' 'U' 'M' 'M' 'M' 'M' 'M' 'M' 'M' 'M' 'M' 'M' 'M'
 'M' 'M' 'M' 'M' 'U' 'M' 'M' 'M' 'M' 'M' 'M' 'M' 'U' 'M' 'M' 'M' 'M' 'M'
 'M' 'M' 'M' 'M' 'M' 'M' 'M' 'M' 'M' 'M' 'M' 'M' 'M' 'M' 'U' 'U' 'M' 'U'
 'M' 'U' 'M' 'M' 'M' 'U' 'M' 'U' 'M' 'M' 'M' 'M' 'U' 'M' 'M' 'M' 'M' 'M'
 'M' 'M' 'U' 'U' 'M' 'M' 'M' 'M' 'M' 'M' 'M' 'U' 'M' 'M' 'M' 'M' 'M' 'M'
 'M' 'M' 'A' 'M' 'M' 'M' 'A' 'M' 'M' 'M' 'M' 'M' 'M' 'M' 'M' 'M' 'M' 'M'
 'M' 'M' 'M' 'M' 'A' 'A' 'A' 'A' 'A' 'A' 'A' 'A' 'A' 'M' 'U' 'M' 'M' 'M'
 'M' 'U' 'M' 'M' 'M' 'U' 'M' 'M' 'M' 'M' 'M' 'M' 'M' 'M' 'U' 'M' 'M' 'U'
 'M' 'M' 'M' 'M' 'M' 'M' 'M' 'M' 'M' 'M' 'M' 'M' 'M' 'M' 'M' 'M' 'M' 'M'
 'M' 'M' 'U' 'M' 'M' 'M' 'M' 'M' 'M' 'M' 'M' 'M' 'M' 'M' 'M' 'M' 'M' 'M']"
15501,2,172,8,164,26,0,0,"['M' 'U' 'M' 'U' 'M' 'M' 'M' 'U' 'U' 'M' 'M' 'M' 'M' 'M' 'M' 'U' 'M' 'M'
 'M' 'M' 'M' 'M' 'M' 'M' 'M' 'M' 'M' 'M' 'M' 'M' 'M' 'M' 'M' 'M' 'M' 'M'
 'M' 'M' 'M' 'M' 'U' 'M' 'M' 'M' 'M' 'M' 'M' 'M' 'U' 'M' 'M' 'M' 'M' 'M'
 'M' 'M' 'M' 'M' 'M' 'M' 'M' 'M' 'M' 'M' 'M' 'M' 'M' 'M' 'M' 'U' 'M' 'M'
 'M' 'M' 'M' 'U' 'M' 'M' 'M' 'M' 'U' 'U' 'M' 'U' 'M' 'U' 'M' 'M' 'U' 'U'
 'U' 'M' 'M' 'M' 'M' 'M' 'M' 'M' 'U' 'M' 'M' 'U' 'M' 'M' 'M' 'M' 'M' 'M'
 'M' 'M' 'A' 'M' 'M' 'M' 'U' 'M' 'M' 'M' 'M' 'M' 'M' 'M' 'M' 'M' 'M' 'M'
 'M' 'M' 'M' 'M' 'A' 'A' 'U' 'U' 'A' 'A' 'A' 'A' 'A' 'U' 'M' 'M' 'M' 'M'
 'M' 'M' 'M' 'M' 'M' 'U' 'M' 'M' 'M' 'M' 'M' 'M' 'M' 'M' 'U' 'M' 'M' 'M'
 'M' 'M' 'M' 'U' 'M' 'M' 'M' 'M' 'M' 'M' 'M' 'M' 'M' 'M' 'M' 'M' 'M' 'M'
 'M' 'M' 'U' 'M' 'M' 'M' 'M' 'M' 'M' 'M' 'M' 'M' 'M' 'M' 'M' 'M' 'M' 'M']"
15601,2,175,6,169,23,0,0,"['M' 'U' 'M' 'U' 'M' 'M' 'M' 'M' 'M' 'M' 'M' 'M' 'M' 'M' 'M' 'U' 'M' 'M'
 'M' 'M' 'U' 'M' 'M' 'M' 'M' 'M' 'M' 'M' 'M' 'M' 'M' 'M' 'M' 'M' 'M' 'M'
 'M' 'M' 'M' 'M' 'U' 'M' 'M' 'M' 'M' 'M' 'M' 'M' 'U' 'M' 'M' 'M' 'M' 'M'
 'M' 'M' 'M' 'M' 'M' 'M' 'M' 'M' 'U' 'M' 'M' 'M' 'M' 'M' 'U' 'M' 'U' 'U'
 'M' 'U' 'M' 'M' 'M' 'M' 'M' 'M' 'M' 'U' 'U' 'M' 'M' 'M' 'M' 'M' 'M' 'M'
 'M' 'M' 'U' 'U' 'U' 'M' 'M' 'M' 'M' 'M' 'M' 'M' 'M' 'M' 'M' 'M' 'M' 'M'
 'M' 'M' 'U' 'M' 'M' 'M' 'U' 'M' 'M' 'M' 'M' 'M' 'M' 'M' 'M' 'M' 'M' 'M'
 'M' 'M' 'M' 'M' 'A' 'M' 'A' 'U' 'U' 'A' 'A' 'A' 'A' 'U' 'M' 'M' 'M' 'M'
 'M' 'M' 'M' 'M' 'M' 'M' 'M' 'M' 'M' 'M' 'M' 'M' 'M' 'M' 'U' 'U' 'M' 'M'
 'M' 'M' 'M' 'M' 'M' 'M' 'M' 'M' 'M' 'M' 'M' 'M' 'M' 'M' 'M' 'M' 'M' 'M'
 'M' 'M' 'M' 'M' 'M' 'M' 'M' 'M' 'M' 'M' 'M' 'M' 'M' 'M' 'M' 'M' 'M' 'M']"
15701,3,176,6,170,22,0,1,"['M' 'U' 'M' 'U' 'M' 'M' 'M' 'M' 'M' 'M' 'M' 'M' 'M' 'M' 'M' 'U' 'M' 'M'
 'M' 'M' 'U' 'U' 'M' 'M' 'M' 'M' 'M' 'M' 'M' 'M' 'M' 'M' 'M' 'U' 'M' 'M'
 'M' 'M' 'M' 'M' 'M' 'M' 'M' 'M' 'M' 'M' 'M' 'M' 'M' 'M' 'M' 'M' 'M' 'M'
 'M' 'M' 'M' 'M' 'M' 'M' 'M' 'M' 'M' 'M' 'M' 'M' 'M' 'M' 'M' 'M' 'U' 'M'
 'M' 'M' 'M' 'M' 'M' 'U' 'U' 'M' 'M' 'M' 'M' 'M' 'U' 'U' 'U' 'M' 'M' 'U'
 'U' 'U' 'M' 'M' 'M' 'M' 'M' 'M' 'M' 'M' 'M' 'M' 'M' 'M' 'M' 'M' 'M' 'M'
 'M' 'M' 'M' 'M' 'M' 'M' 'U' 'M' 'M' 'M' 'M' 'M' 'M' 'M' 'M' 'M' 'M' 'M'
 'M' 'M' 'M' 'M' 'A' 'U' 'A' 'U' 'A' 'A' 'A' 'A' 'U' 'M' 'M' 'M' 'M' 'M'
 'M' 'M' 'M' 'M' 'M' 'M' 'M' 'M' 'M' 'M' 'M' 'M' 'M' 'M' 'U' 'U' 'M' 'M'
 'M' 'M' 'M' 'M' 'M' 'M' 'M' 'M' 'U' 'M' 'M' 'M' 'M' 'M' 'M' 'M' 'M' 'M'
 'M' 'M' 'M' 'M' 'M' 'M' 'M' 'M' 'M' 'M' 'M' 'M' 'M' 'M' 'M' 'M' 'M' 'M']"
15801,2,174,8,166,24,0,0,"['M' 'U' 'M' 'U' 'M' 'M' 'M' 'M' 'M' 'M' 'M' 'M' 'M' 'M' 'M' 'U' 'M' 'M'
 'M' 'M' 'M' 'U' 'M' 'M' 'M' 'M' 'M' 'M' 'M' 'M' 'U' 'M' 'M' 'U' 'M' 'M'
 'M' 'M' 'M' 'M' 'M' 'M' 'M' 'M' 'M' 'M' 'M' 'U' 'M' 'M' 'M' 'M' 'M' 'M'
 'M' 'M' 'M' 'M' 'M' 'M' 'M' 'M' 'M' 'M' 'U' 'U' 'M' 'U' 'M' 'U' 'M' 'M'
 'U' 'M' 'M' 'M' 'M' 'M' 'U' 'M' 'M' 'M' 'U' 'U' 'M' 'M' 'M' 'U' 'M' 'M'
 'M' 'U' 'M' 'M' 'M' 'M' 'M' 'M' 'M' 'M' 'M' 'M' 'M' 'M' 'M' 'M' 'M' 'M'
 'M' 'M' 'M' 'M' 'M' 'M' 'U' 'M' 'M' 'M' 'M' 'M' 'M' 'M' 'M' 'M' 'M' 'M'
 'M' 'M' 'M' 'M' 'A' 'U' 'A' 'A' 'A' 'A' 'A' 'A' 'U' 'M' 'M' 'M' 'M' 'M'
 'M' 'M' 'M' 'M' 'M' 'M' 'M' 'M' 'M' 'M' 'M' 'M' 'M' 'M' 'U' 'U' 'M' 'M'
 'M' 'M' 'M' 'M' 'M' 'M' 'M' 'M' 'U' 'M' 'M' 'M' 'M' 'M' 'M' 'M' 'M' 'M'
 'M' 'U' 'A' 'M' 'M' 'M' 'M' 'M' 'M' 'M' 'M' 'M' 'M' 'M' 'M' 'M' 'M' 'M']"
15901,2,168,6,162,30,0,0,"['M' 'U' 'M' 'U' 'M' 'M' 'M' 'M' 'M' 'M' 'M' 'M' 'M' 'M' 'M' 'M' 'M' 'M'
 'M' 'M' 'M' 'U' 'M' 'M' 'M' 'M' 'M' 'M' 'M' 'M' 'U' 'M' 'M' 'U' 'M' 'M'
 'M' 'M' 'M' 'M' 'M' 'M' 'M' 'M' 'M' 'M' 'M' 'U' 'M' 'M' 'M' 'U' 'M' 'M'
 'M' 'U' 'U' 'M' 'M' 'M' 'M' 'M' 'M' 'M' 'U' 'M' 'U' 'U' 'M' 'M' 'M' 'U'
 'M' 'M' 'M' 'M' 'M' 'M' 'U' 'M' 'U' 'U' 'M' 'U' 'U' 'M' 'M' 'M' 'M' 'U'
 'M' 'M' 'M' 'M' 'M' 'M' 'M' 'M' 'M' 'M' 'M' 'M' 'M' 'M' 'M' 'M' 'M' 'M'
 'M' 'M' 'M' 'M' 'M' 'M' 'U' 'M' 'M' 'M' 'M' 'M' 'M' 'M' 'M' 'M' 'M' 'U'
 'M' 'M' 'M' 'M' 'A' 'U' 'A' 'U' 'A' 'A' 'A' 'U' 'U' 'M' 'M' 'M' 'M' 'M'
 'M' 'M' 'M' 'M' 'M' 'M' 'M' 'M' 'M' 'M' 'M' 'M' 'M' 'M' 'U' 'U' 'M' 'M'
 'M' 'M' 'M' 'M' 'M' 'M' 'M' 'M' 'U' 'M' 'M' 'M' 'M' 'M' 'M' 'M' 'U' 'M'
 'M' 'M' 'A' 'M' 'M' 'M' 'M' 'M' 'U' 'M' 'M' 'M' 'M' 'M' 'M' 'M' 'M' 'M']"
16001,2,173,5,168,25,0,0,"['M' 'M' 'M' 'U' 'M' 'M' 'M' 'M' 'M' 'M' 'M' 'M' 'M' 'M' 'M' 'M' 'U' 'M'
 'M' 'M' 'M' 'M' 'M' 'M' 'M' 'M' 'M' 'M' 'M' 'M' 'U' 'M' 'M' 'U' 'M' 'M'
 'M' 'M' 'M' 'M' 'M' 'M' 'M' 'M' 'M' 'M' 'M' 'U' 'U' 'M' 'M' 'M' 'M' 'M'
 'M' 'U' 'M' 'M' 'M' 'M' 'M' 'M' 'M' 'M' 'U' 'U' 'M' 'M' 'U' 'U' 'U' 'M'
 'M' 'U' 'U' 'M' 'M' 'U' 'M' 'U' 'M' 'M' 'M' 'M' 'M' 'M' 'M' 'M' 'M' 'U'
 'M' 'M' 'M' 'M' 'M' 'M' 'M' 'M' 'M' 'M' 'M' 'M' 'M' 'M' 'U' 'M' 'M' 'M'
 'M' 'M' 'M' 'M' 'M' 'M' 'U' 'M' 'M' 'M' 'M' 'M' 'M' 'M' 'M' 'M' 'M' 'M'
 'M' 'M' 'M' 'M' 'A' 'M' 'M' 'U' 'A' 'A' 'A' 'U' 'U' 'M' 'M' 'M' 'M' 'M'
 'M' 'M' 'M' 'M' 'M' 'M' 'M' 'M' 'M' 'M' 'M' 'M' 'M' 'M' 'M' 'M' 'M' 'M'
 'M' 'M' 'M' 'M' 'M' 'M' 'M' 'M' 'U' 'M' 'M' 'M' 'M' 'M' 'M' 'M' 'U' 'M'
 'M' 'M' 'A' 'M' 'M' 'M' 'M' 'M' 'M' 'M' 'M' 'U' 'M' 'M' 'M' 'M' 'M' 'M']"
16101,2,174,6,168,24,0,0,"['M' 'M' 'M' 'M' 'M' 'M' 'M' 'M' 'M' 'M' 'M' 'M' 'M' 'M' 'M' 'M' 'U' 'M'
 'M' 'M' 'M' 'U' 'M' 'M' 'M' 'M' 'M' 'M' 'M' 'M' 'M' 'M' 'M' 'U' 'M' 'M'
 'M' 'M' 'M' 'M' 'M' 'M' 'M' 'M' 'M' 'M' 'M' 'M' 'U' 'M' 'M' 'M' 'M' 'M'
 'M' 'M' 'M' 'M' 'M' 'M' 'M' 'M' 'M' 'M' 'M' 'U' 'M' 'M' 'M' 'U' 'M' 'M'
 'M' 'M' 'U' 'M' 'M' 'M' 'U' 'M' 'M' 'U' 'U' 'M' 'M' 'M' 'M' 'U' 'U' 'M'
 'M' 'M' 'M' 'U' 'M' 'M' 'M' 'M' 'M' 'M' 'M' 'M' 'M' 'M' 'U' 'U' 'M' 'M'
 'M' 'M' 'M' 'M' 'M' 'M' 'U' 'M' 'M' 'M' 'M' 'U' 'M' 'M' 'M' 'M' 'M' 'M'
 'M' 'M' 'M' 'M' 'A' 'M' 'U' 'A' 'A' 'A' 'A' 'A' 'U' 'M' 'M' 'M' 'M' 'M'
 'M' 'M' 'M' 'M' 'M' 'M' 'M' 'M' 'M' 'M' 'M' 'M' 'U' 'M' 'M' 'M' 'M' 'M'
 'M' 'M' 'M' 'M' 'M' 'M' 'M' 'M' 'U' 'M' 'M' 'M' 'M' 'M' 'M' 'M' 'U' 'M'
 'M' 'M' 'U' 'M' 'M' 'M' 'M' 'M' 'M' 'M' 'M' 'U' 'M' 'M' 'M' 'M' 'M' 'M']"
16201,2,174,4,170,24,0,0,"['M' 'M' 'M' 'M' 'M' 'M' 'M' 'M' 'M' 'M' 'M' 'M' 'M' 'M' 'M' 'M' 'U' 'M'
 'M' 'M' 'M' 'M' 'M' 'M' 'M' 'M' 'M' 'M' 'M' 'M' 'M' 'M' 'M' 'U' 'M' 'M'
 'M' 'M' 'M' 'M' 'M' 'M' 'M' 'M' 'M' 'M' 'U' 'M' 'U' 'M' 'M' 'M' 'M' 'M'
 'M' 'M' 'M' 'M' 'M' 'M' 'M' 'M' 'M' 'M' 'U' 'M' 'M' 'M' 'U' 'U' 'M' 'M'
 'U' 'M' 'M' 'M' 'M' 'M' 'M' 'M' 'U' 'U' 'U' 'U' 'M' 'M' 'M' 'M' 'M' 'U'
 'M' 'M' 'U' 'M' 'M' 'M' 'M' 'M' 'M' 'M' 'M' 'M' 'M' 'M' 'M' 'M' 'M' 'M'
 'M' 'M' 'M' 'M' 'M' 'M' 'M' 'M' 'M' 'M' 'M' 'U' 'M' 'M' 'M' 'M' 'M' 'M'
 'M' 'M' 'M' 'M' 'A' 'A' 'U' 'U' 'A' 'A' 'U' 'U' 'U' 'M' 'M' 'M' 'M' 'M'
 'M' 'M' 'M' 'M' 'M' 'M' 'M' 'M' 'M' 'M' 'M' 'M' 'U' 'M' 'M' 'M' 'M' 'M'
 'M' 'M' 'M' 'M' 'M' 'M' 'M' 'M' 'U' 'M' 'M' 'M' 'M' 'M' 'M' 'M' 'M' 'M'
 'M' 'M' 'U' 'M' 'M' 'M' 'M' 'M' 'M' 'M' 'M' 'U' 'M' 'M' 'M' 'M' 'M' 'M']"
16301,2,177,4,173,21,0,0,"['M' 'M' 'M' 'M' 'M' 'M' 'M' 'M' 'M' 'M' 'M' 'M' 'M' 'M' 'M' 'M' 'U' 'M'
 'M' 'M' 'M' 'M' 'M' 'M' 'M' 'M' 'M' 'M' 'M' 'M' 'M' 'M' 'M' 'U' 'M' 'M'
 'M' 'M' 'M' 'M' 'M' 'M' 'M' 'M' 'M' 'M' 'M' 'M' 'U' 'M' 'M' 'M' 'M' 'M'
 'M' 'M' 'M' 'M' 'M' 'M' 'M' 'M' 'M' 'M' 'U' 'M' 'U' 'M' 'M' 'U' 'M' 'M'
 'M' 'M' 'M' 'M' 'U' 'U' 'U' 'U' 'U' 'M' 'M' 'M' 'M' 'M' 'M' 'M' 'M' 'M'
 'U' 'M' 'M' 'U' 'M' 'M' 'M' 'M' 'M' 'M' 'M' 'M' 'M' 'M' 'M' 'M' 'M' 'M'
 'M' 'M' 'M' 'M' 'M' 'M' 'M' 'M' 'M' 'M' 'M' 'M' 'M' 'M' 'M' 'M' 'M' 'M'
 'M' 'M' 'M' 'U' 'A' 'A' 'M' 'U' 'A' 'A' 'U' 'M' 'U' 'M' 'M' 'M' 'M' 'M'
 'M' 'M' 'M' 'M' 'M' 'M' 'M' 'M' 'M' 'M' 'M' 'M' 'U' 'M' 'M' 'M' 'M' 'M'
 'M' 'M' 'U' 'M' 'M' 'M' 'M' 'M' 'U' 'M' 'M' 'M' 'M' 'M' 'M' 'M' 'M' 'M'
 'M' 'M' 'U' 'M' 'M' 'M' 'M' 'M' 'M' 'M' 'M' 'M' 'M' 'M' 'M' 'M' 'M' 'M']"
16401,3,181,9,172,17,0,0,"['M' 'M' 'M' 'M' 'M' 'M' 'M' 'M' 'M' 'M' 'M' 'M' 'M' 'M' 'M' 'M' 'M' 'M'
 'M' 'M' 'M' 'M' 'M' 'M' 'M' 'M' 'M' 'M' 'U' 'M' 'M' 'M' 'M' 'U' 'M' 'M'
 'M' 'M' 'M' 'M' 'M' 'M' 'M' 'M' 'M' 'M' 'M' 'M' 'M' 'M' 'M' 'M' 'M' 'M'
 'M' 'M' 'M' 'M' 'M' 'M' 'M' 'M' 'M' 'M' 'U' 'M' 'U' 'U' 'U' 'M' 'U' 'M'
 'M' 'M' 'M' 'M' 'U' 'M' 'U' 'M' 'U' 'M' 'M' 'M' 'M' 'M' 'M' 'U' 'M' 'M'
 'M' 'M' 'U' 'M' 'M' 'M' 'M' 'M' 'M' 'M' 'M' 'M' 'M' 'M' 'M' 'M' 'M' 'M'
 'M' 'M' 'M' 'M' 'M' 'M' 'M' 'M' 'M' 'M' 'M' 'M' 'M' 'M' 'M' 'M' 'M' 'M'
 'M' 'M' 'M' 'U' 'A' 'A' 'A' 'A' 'A' 'A' 'A' 'A' 'A' 'M' 'M' 'M' 'M' 'M'
 'M' 'M' 'M' 'M' 'M' 'M' 'M' 'M' 'M' 'M' 'M' 'M' 'U' 'M' 'M' 'M' 'M' 'M'
 'M' 'M' 'U' 'M' 'M' 'M' 'M' 'M' 'U' 'M' 'M' 'M' 'M' 'M' 'M' 'M' 'M' 'M'
 'M' 'M' 'U' 'M' 'M' 'M' 'M' 'M' 'M' 'M' 'M' 'M' 'M' 'M' 'M' 'M' 'M' 'M']"
16501,2,177,7,170,21,0,0,"['M' 'M' 'U' 'U' 'M' 'M' 'M' 'M' 'M' 'M' 'M' 'M' 'M' 'M' 'M' 'M' 'M' 'U'
 'M' 'M' 'M' 'M' 'M' 'M' 'M' 'M' 'M' 'M' 'U' 'M' 'M' 'M' 'M' 'M' 'M' 'M'
 'M' 'M' 'M' 'M' 'M' 'M' 'M' 'M' 'M' 'M' 'M' 'M' 'M' 'M' 'M' 'M' 'M' 'M'
 'M' 'M' 'M' 'M' 'M' 'M' 'M' 'M' 'M' 'M' 'U' 'U' 'M' 'M' 'M' 'M' 'M' 'M'
 'U' 'U' 'U' 'M' 'U' 'U' 'M' 'U' 'M' 'M' 'U' 'U' 'M' 'M' 'M' 'M' 'M' 'M'
 'M' 'M' 'M' 'M' 'M' 'M' 'M' 'M' 'M' 'M' 'M' 'M' 'M' 'M' 'M' 'M' 'M' 'M'
 'M' 'M' 'M' 'M' 'M' 'M' 'M' 'M' 'M' 'M' 'M' 'M' 'M' 'M' 'M' 'M' 'M' 'M'
 'M' 'M' 'M' 'U' 'A' 'A' 'A' 'U' 'A' 'A' 'A' 'A' 'U' 'M' 'M' 'M' 'M' 'M'
 'M' 'M' 'M' 'M' 'M' 'M' 'M' 'M' 'M' 'M' 'M' 'M' 'U' 'M' 'M' 'M' 'M' 'M'
 'M' 'M' 'U' 'M' 'M' 'M' 'M' 'M' 'U' 'M' 'M' 'M' 'M' 'M' 'M' 'M' 'M' 'M'
 'M' 'M' 'U' 'M' 'M' 'M' 'M' 'M' 'M' 'M' 'M' 'M' 'M' 'M' 'M' 'M' 'M' 'M']"
16601,2,174,2,172,24,0,0,"['M' 'M' 'M' 'U' 'M' 'M' 'M' 'M' 'M' 'M' 'M' 'M' 'M' 'M' 'M' 'M' 'M' 'M'
 'M' 'M' 'M' 'M' 'M' 'M' 'M' 'M' 'M' 'M' 'U' 'M' 'M' 'M' 'M' 'M' 'M' 'M'
 'M' 'M' 'M' 'M' 'M' 'M' 'M' 'M' 'M' 'M' 'M' 'M' 'M' 'M' 'M' 'M' 'M' 'M'
 'M' 'M' 'M' 'M' 'M' 'M' 'M' 'M' 'M' 'M' 'U' 'M' 'U' 'U' 'M' 'M' 'M' 'M'
 'M' 'U' 'M' 'U' 'U' 'M' 'M' 'M' 'U' 'U' 'M' 'M' 'M' 'M' 'M' 'M' 'M' 'M'
 'M' 'U' 'M' 'U' 'M' 'M' 'M' 'M' 'M' 'M' 'M' 'M' 'M' 'M' 'M' 'M' 'M' 'M'
 'M' 'U' 'M' 'M' 'M' 'M' 'M' 'M' 'M' 'M' 'M' 'M' 'M' 'M' 'M' 'M' 'M' 'M'
 'M' 'M' 'M' 'U' 'A' 'U' 'A' 'U' 'U' 'U' 'M' 'U' 'U' 'M' 'M' 'M' 'M' 'M'
 'M' 'M' 'M' 'M' 'M' 'M' 'M' 'M' 'M' 'M' 'M' 'M' 'U' 'M' 'M' 'M' 'M' 'M'
 'M' 'M' 'M' 'M' 'M' 'M' 'M' 'M' 'U' 'M' 'M' 'M' 'M' 'M' 'M' 'U' 'M' 'M'
 'M' 'M' 'U' 'M' 'M' 'M' 'M' 'M' 'M' 'M' 'M' 'M' 'M' 'M' 'M' 'M' 'M' 'M']"
16701,2,176,3,173,22,0,0,"['M' 'M' 'M' 'M' 'M' 'M' 'M' 'M' 'M' 'M' 'M' 'M' 'M' 'M' 'M' 'M' 'M' 'M'
 'M' 'M' 'M' 'M' 'M' 'M' 'M' 'M' 'M' 'M' 'U' 'M' 'M' 'M' 'M' 'M' 'M' 'U'
 'M' 'M' 'M' 'M' 'M' 'M' 'M' 'M' 'M' 'M' 'M' 'M' 'M' 'U' 'M' 'M' 'M' 'M'
 'M' 'M' 'M' 'M' 'M' 'M' 'M' 'M' 'M' 'M' 'U' 'M' 'M' 'M' 'M' 'M' 'M' 'U'
 'M' 'M' 'U' 'M' 'M' 'M' 'M' 'M' 'U' 'M' 'M' 'U' 'M' 'M' 'U' 'U' 'U' 'U'
 'M' 'M' 'M' 'M' 'U' 'M' 'M' 'M' 'M' 'M' 'M' 'M' 'M' 'M' 'M' 'M' 'M' 'M'
 'M' 'U' 'M' 'M' 'M' 'M' 'M' 'M' 'M' 'M' 'M' 'M' 'M' 'M' 'M' 'M' 'M' 'M'
 'M' 'M' 'M' 'U' 'A' 'M' 'A' 'U' 'A' 'M' 'M' 'U' 'U' 'M' 'M' 'M' 'M' 'M'
 'M' 'M' 'M' 'M' 'M' 'M' 'M' 'M' 'M' 'M' 'M' 'M' 'U' 'M' 'M' 'M' 'M' 'M'
 'M' 'M' 'M' 'M' 'M' 'M' 'M' 'M' 'M' 'M' 'M' 'M' 'M' 'M' 'M' 'U' 'M' 'M'
 'M' 'M' 'U' 'M' 'M' 'M' 'M' 'M' 'M' 'U' 'M' 'M' 'M' 'M' 'M' 'M' 'M' 'M']"
16801,3,175,4,171,23,0,0,"['M' 'M' 'M' 'M' 'M' 'M' 'M' 'M' 'M' 'M' 'M' 'M' 'M' 'M' 'M' 'M' 'M' 'M'
 'M' 'M' 'M' 'M' 'M' 'M' 'M' 'M' 'M' 'M' 'U' 'M' 'U' 'M' 'M' 'M' 'M' 'M'
 'M' 'M' 'M' 'U' 'M' 'M' 'M' 'M' 'M' 'M' 'M' 'M' 'M' 'M' 'M' 'M' 'M' 'M'
 'M' 'M' 'M' 'M' 'M' 'M' 'M' 'M' 'M' 'M' 'U' 'U' 'M' 'U' 'M' 'M' 'M' 'U'
 'M' 'M' 'M' 'U' 'M' 'M' 'M' 'M' 'U' 'U' 'M' 'U' 'M' 'M' 'M' 'M' 'U' 'U'
 'M' 'M' 'M' 'M' 'M' 'M' 'M' 'M' 'M' 'M' 'M' 'M' 'M' 'M' 'M' 'M' 'M' 'M'
 'M' 'U' 'M' 'M' 'M' 'M' 'M' 'M' 'M' 'M' 'M' 'M' 'M' 'M' 'M' 'M' 'M' 'M'
 'M' 'M' 'M' 'M' 'A' 'A' 'A' 'A' 'U' 'M' 'M' 'U' 'U' 'M' 'M' 'M' 'M' 'M'
 'M' 'M' 'M' 'M' 'M' 'M' 'M' 'M' 'M' 'M' 'M' 'M' 'U' 'M' 'M' 'M' 'M' 'U'
 'M' 'M' 'M' 'M' 'M' 'M' 'M' 'M' 'M' 'U' 'M' 'M' 'M' 'M' 'M' 'U' 'M' 'M'
 'M' 'M' 'U' 'M' 'M' 'M' 'M' 'M' 'M' 'U' 'M' 'M' 'M' 'M' 'M' 'M' 'M' 'M']"
16901,2,174,5,169,24,0,0,"['M' 'M' 'M' 'M' 'M' 'M' 'M' 'M' 'M' 'M' 'M' 'M' 'M' 'M' 'M' 'M' 'M' 'M'
 'M' 'M' 'M' 'M' 'M' 'M' 'M' 'M' 'M' 'M' 'U' 'M' 'U' 'M' 'M' 'M' 'M' 'M'
 'M' 'M' 'U' 'U' 'M' 'M' 'M' 'M' 'M' 'M' 'M' 'M' 'M' 'M' 'M' 'M' 'M' 'M'
 'M' 'M' 'M' 'M' 'M' 'M' 'M' 'M' 'M' 'M' 'M' 'U' 'M' 'M' 'M' 'M' 'U' 'M'
 'M' 'M' 'U' 'M' 'M' 'M' 'U' 'U' 'U' 'M' 'M' 'M' 'M' 'M' 'M' 'M' 'M' 'M'
 'M' 'U' 'U' 'M' 'U' 'M' 'M' 'M' 'M' 'U' 'M' 'M' 'M' 'M' 'M' 'M' 'M' 'M'
 'M' 'U' 'U' 'M' 'M' 'M' 'M' 'M' 'M' 'M' 'M' 'M' 'M' 'M' 'M' 'M' 'M' 'M'
 'M' 'M' 'M' 'M' 'A' 'A' 'U' 'A' 'U' 'U' 'A' 'U' 'A' 'M' 'M' 'M' 'M' 'M'
 'M' 'M' 'M' 'M' 'M' 'M' 'M' 'M' 'M' 'M' 'M' 'M' 'U' 'M' 'M' 'M' 'M' 'M'
 'M' 'M' 'M' 'M' 'M' 'M' 'M' 'M' 'M' 'M' 'M' 'M' 'M' 'M' 'U' 'M' 'M' 'M'
 'M' 'U' 'U' 'M' 'M' 'M' 'M' 'M' 'M' 'M' 'M' 'M' 'M' 'M' 'M' 'M' 'M' 'M']"
17001,2,178,5,173,20,0,0,"['M' 'M' 'M' 'M' 'M' 'M' 'M' 'M' 'M' 'M' 'M' 'M' 'M' 'M' 'M' 'M' 'M' 'M'
 'M' 'M' 'M' 'M' 'M' 'M' 'M' 'M' 'M' 'M' 'U' 'M' 'M' 'M' 'M' 'M' 'M' 'M'
 'M' 'M' 'U' 'U' 'M' 'M' 'M' 'M' 'M' 'M' 'M' 'M' 'M' 'M' 'M' 'M' 'U' 'M'
 'M' 'M' 'M' 'M' 'M' 'M' 'M' 'M' 'U' 'M' 'M' 'M' 'U' 'U' 'U' 'M' 'M' 'M'
 'U' 'U' 'U' 'M' 'M' 'M' 'M' 'M' 'M' 'M' 'M' 'M' 'M' 'U' 'M' 'U' 'M' 'M'
 'M' 'M' 'M' 'M' 'U' 'M' 'M' 'M' 'M' 'U' 'M' 'M' 'M' 'M' 'M' 'M' 'M' 'M'
 'M' 'M' 'M' 'M' 'M' 'M' 'M' 'M' 'M' 'M' 'M' 'M' 'M' 'U' 'M' 'M' 'M' 'M'
 'M' 'M' 'M' 'M' 'A' 'A' 'M' 'A' 'M' 'U' 'A' 'M' 'A' 'M' 'M' 'M' 'M' 'M'
 'M' 'M' 'M' 'M' 'M' 'M' 'M' 'M' 'M' 'M' 'M' 'M' 'M' 'M' 'M' 'M' 'M' 'M'
 'M' 'M' 'M' 'M' 'M' 'M' 'M' 'M' 'M' 'M' 'M' 'M' 'M' 'M' 'U' 'M' 'U' 'M'
 'M' 'M' 'U' 'M' 'M' 'M' 'M' 'M' 'M' 'M' 'M' 'M' 'M' 'M' 'M' 'M' 'M' 'M']"
17101,2,179,3,176,19,0,0,"['M' 'M' 'M' 'M' 'M' 'M' 'M' 'M' 'M' 'M' 'M' 'M' 'M' 'M' 'M' 'M' 'M' 'M'
 'M' 'M' 'M' 'M' 'M' 'M' 'M' 'M' 'M' 'M' 'U' 'M' 'M' 'M' 'M' 'M' 'M' 'M'
 'M' 'M' 'U' 'M' 'M' 'M' 'M' 'M' 'M' 'M' 'M' 'M' 'M' 'M' 'M' 'M' 'U' 'M'
 'M' 'M' 'M' 'M' 'M' 'M' 'M' 'M' 'M' 'M' 'M' 'M' 'U' 'M' 'U' 'U' 'M' 'M'
 'U' 'M' 'M' 'U' 'M' 'M' 'M' 'U' 'U' 'M' 'M' 'M' 'M' 'M' 'M' 'M' 'M' 'M'
 'U' 'M' 'U' 'M' 'M' 'M' 'M' 'M' 'M' 'U' 'M' 'M' 'M' 'M' 'M' 'M' 'M' 'M'
 'M' 'M' 'M' 'M' 'M' 'M' 'M' 'M' 'M' 'M' 'M' 'M' 'M' 'U' 'M' 'M' 'M' 'M'
 'M' 'M' 'M' 'M' 'A' 'A' 'M' 'U' 'M' 'U' 'A' 'M' 'U' 'M' 'M' 'M' 'M' 'M'
 'M' 'M' 'M' 'M' 'M' 'M' 'M' 'M' 'M' 'M' 'M' 'M' 'M' 'M' 'M' 'M' 'M' 'M'
 'M' 'M' 'M' 'M' 'M' 'M' 'M' 'M' 'M' 'M' 'M' 'M' 'M' 'M' 'U' 'M' 'U' 'M'
 'M' 'M' 'M' 'M' 'M' 'M' 'M' 'M' 'M' 'M' 'M' 'M' 'M' 'M' 'M' 'M' 'M' 'M']"
17201,2,179,2,177,19,0,0,"['M' 'M' 'M' 'M' 'M' 'M' 'M' 'M' 'M' 'M' 'M' 'M' 'U' 'M' 'M' 'M' 'M' 'M'
 'M' 'M' 'M' 'M' 'M' 'M' 'M' 'M' 'M' 'M' 'U' 'M' 'M' 'M' 'M' 'M' 'M' 'M'
 'M' 'M' 'M' 'M' 'M' 'M' 'M' 'M' 'M' 'M' 'M' 'M' 'M' 'M' 'M' 'M' 'U' 'M'
 'M' 'M' 'M' 'M' 'M' 'M' 'M' 'M' 'M' 'M' 'M' 'U' 'M' 'U' 'M' 'M' 'M' 'U'
 'M' 'M' 'M' 'M' 'M' 'U' 'M' 'U' 'M' 'M' 'M' 'M' 'U' 'M' 'U' 'M' 'U' 'M'
 'U' 'M' 'M' 'M' 'M' 'M' 'M' 'M' 'M' 'M' 'M' 'M' 'M' 'M' 'M' 'M' 'U' 'M'
 'M' 'M' 'M' 'M' 'M' 'M' 'M' 'M' 'M' 'M' 'M' 'M' 'M' 'M' 'M' 'M' 'M' 'M'
 'M' 'M' 'M' 'M' 'A' 'A' 'M' 'U' 'M' 'M' 'U' 'U' 'U' 'M' 'M' 'M' 'M' 'M'
 'M' 'M' 'M' 'M' 'M' 'M' 'M' 'M' 'M' 'M' 'M' 'M' 'M' 'M' 'M' 'M' 'M' 'M'
 'M' 'M' 'M' 'M' 'M' 'M' 'M' 'M' 'M' 'M' 'M' 'M' 'M' 'M' 'U' 'M' 'U' 'M'
 'M' 'M' 'M' 'M' 'M' 'M' 'M' 'M' 'M' 'M' 'M' 'M' 'M' 'M' 'M' 'M' 'M' 'M']"
17301,2,177,6,171,21,0,0,"['M' 'M' 'M' 'M' 'M' 'M' 'M' 'M' 'M' 'M' 'M' 'M' 'M' 'M' 'M' 'M' 'M' 'M'
 'M' 'M' 'M' 'M' 'M' 'M' 'M' 'M' 'M' 'M' 'U' 'M' 'M' 'M' 'M' 'M' 'M' 'M'
 'M' 'M' 'M' 'M' 'M' 'M' 'M' 'U' 'M' 'M' 'M' 'M' 'M' 'M' 'M' 'M' 'M' 'M'
 'M' 'M' 'M' 'M' 'M' 'M' 'M' 'M' 'M' 'M' 'M' 'U' 'M' 'M' 'U' 'M' 'M' 'M'
 'U' 'M' 'M' 'M' 'M' 'M' 'M' 'U' 'U' 'U' 'U' 'M' 'M' 'M' 'M' 'M' 'U' 'M'
 'M' 'M' 'M' 'U' 'M' 'M' 'M' 'M' 'M' 'M' 'M' 'M' 'M' 'M' 'M' 'M' 'U' 'M'
 'M' 'U' 'M' 'M' 'M' 'M' 'M' 'M' 'M' 'M' 'M' 'M' 'M' 'M' 'M' 'M' 'M' 'M'
 'M' 'M' 'M' 'M' 'A' 'A' 'A' 'A' 'U' 'U' 'U' 'A' 'U' 'M' 'M' 'M' 'M' 'M'
 'M' 'M' 'M' 'M' 'M' 'M' 'M' 'M' 'M' 'M' 'M' 'M' 'M' 'M' 'M' 'M' 'U' 'M'
 'M' 'M' 'M' 'M' 'M' 'M' 'M' 'M' 'M' 'M' 'M' 'M' 'M' 'M' 'A' 'U' 'U' 'M'
 'M' 'M' 'M' 'M' 'U' 'M' 'M' 'M' 'M' 'M' 'M' 'M' 'M' 'M' 'M' 'M' 'M' 'M']"
17401,2,178,6,172,20,0,0,"['M' 'M' 'M' 'M' 'M' 'M' 'M' 'M' 'M' 'M' 'M' 'M' 'M' 'M' 'M' 'M' 'U' 'M'
 'M' 'M' 'M' 'M' 'M' 'M' 'M' 'M' 'M' 'M' 'U' 'M' 'M' 'M' 'M' 'M' 'M' 'M'
 'M' 'M' 'M' 'M' 'M' 'M' 'M' 'U' 'M' 'M' 'M' 'M' 'M' 'M' 'M' 'M' 'U' 'M'
 'M' 'M' 'M' 'M' 'M' 'M' 'M' 'M' 'M' 'M' 'M' 'M' 'M' 'M' 'M' 'M' 'U' 'M'
 'M' 'U' 'M' 'M' 'M' 'M' 'M' 'U' 'U' 'M' 'M' 'M' 'M' 'U' 'U' 'U' 'M' 'U'
 'M' 'M' 'M' 'U' 'M' 'M' 'M' 'M' 'M' 'M' 'M' 'U' 'M' 'M' 'M' 'M' 'U' 'M'
 'M' 'U' 'M' 'M' 'M' 'M' 'M' 'M' 'M' 'M' 'M' 'M' 'M' 'M' 'M' 'M' 'M' 'M'
 'M' 'M' 'M' 'M' 'A' 'A' 'A' 'A' 'U' 'M' 'M' 'A' 'M' 'M' 'M' 'M' 'M' 'M'
 'M' 'M' 'M' 'M' 'M' 'M' 'M' 'M' 'M' 'M' 'M' 'M' 'M' 'M' 'M' 'M' 'U' 'M'
 'M' 'M' 'M' 'M' 'M' 'M' 'M' 'M' 'M' 'M' 'M' 'M' 'M' 'M' 'A' 'U' 'M' 'M'
 'M' 'M' 'M' 'M' 'U' 'M' 'M' 'M' 'M' 'M' 'M' 'M' 'M' 'M' 'M' 'M' 'M' 'M']"
17501,2,179,3,176,19,0,0,"['M' 'M' 'M' 'M' 'M' 'M' 'M' 'M' 'M' 'M' 'M' 'M' 'M' 'M' 'M' 'M' 'M' 'M'
 'M' 'M' 'M' 'M' 'M' 'M' 'M' 'M' 'M' 'M' 'U' 'M' 'M' 'M' 'M' 'M' 'M' 'M'
 'M' 'M' 'M' 'M' 'M' 'M' 'M' 'M' 'M' 'M' 'M' 'M' 'M' 'M' 'M' 'M' 'U' 'M'
 'M' 'M' 'M' 'U' 'M' 'M' 'M' 'M' 'M' 'M' 'M' 'U' 'U' 'M' 'M' 'U' 'M' 'M'
 'U' 'M' 'M' 'M' 'M' 'M' 'U' 'U' 'M' 'M' 'M' 'M' 'M' 'U' 'M' 'M' 'M' 'M'
 'M' 'M' 'U' 'M' 'U' 'M' 'M' 'M' 'M' 'M' 'M' 'M' 'M' 'M' 'M' 'M' 'U' 'M'
 'M' 'U' 'M' 'M' 'M' 'M' 'M' 'M' 'M' 'M' 'U' 'M' 'M' 'M' 'M' 'M' 'M' 'M'
 'M' 'M' 'M' 'M' 'A' 'M' 'A' 'U' 'M' 'M' 'M' 'U' 'M' 'M' 'M' 'M' 'M' 'M'
 'M' 'M' 'M' 'M' 'M' 'M' 'M' 'M' 'M' 'M' 'M' 'M' 'M' 'M' 'M' 'M' 'M' 'M'
 'M' 'M' 'M' 'M' 'M' 'M' 'M' 'M' 'M' 'M' 'M' 'M' 'M' 'M' 'A' 'U' 'M' 'M'
 'M' 'M' 'M' 'M' 'U' 'M' 'M' 'M' 'M' 'M' 'M' 'M' 'M' 'M' 'M' 'M' 'M' 'M']"
17601,2,178,4,174,20,0,0,"['M' 'M' 'M' 'M' 'M' 'M' 'M' 'M' 'M' 'M' 'M' 'M' 'M' 'M' 'M' 'M' 'M' 'M'
 'M' 'M' 'M' 'M' 'M' 'M' 'M' 'M' 'M' 'M' 'U' 'M' 'M' 'M' 'M' 'M' 'M' 'M'
 'M' 'M' 'M' 'M' 'M' 'M' 'M' 'M' 'M' 'M' 'M' 'M' 'M' 'M' 'M' 'M' 'U' 'M'
 'M' 'M' 'M' 'U' 'M' 'M' 'M' 'M' 'U' 'M' 'M' 'U' 'M' 'U' 'M' 'U' 'U' 'M'
 'M' 'M' 'M' 'M' 'M' 'U' 'M' 'U' 'M' 'M' 'M' 'M' 'U' 'M' 'M' 'M' 'M' 'U'
 'U' 'M' 'M' 'M' 'M' 'M' 'M' 'M' 'M' 'M' 'M' 'M' 'M' 'M' 'M' 'M' 'U' 'M'
 'M' 'U' 'M' 'M' 'M' 'M' 'M' 'M' 'M' 'M' 'U' 'M' 'M' 'M' 'M' 'M' 'M' 'M'
 'M' 'M' 'M' 'M' 'A' 'M' 'A' 'U' 'M' 'M' 'M' 'A' 'M' 'M' 'M' 'M' 'M' 'M'
 'M' 'M' 'M' 'M' 'M' 'M' 'M' 'M' 'M' 'M' 'M' 'M' 'M' 'M' 'U' 'M' 'M' 'M'
 'M' 'M' 'M' 'M' 'M' 'M' 'M' 'M' 'M' 'M' 'M' 'M' 'M' 'M' 'A' 'U' 'M' 'M'
 'M' 'M' 'M' 'M' 'U' 'M' 'M' 'M' 'M' 'M' 'M' 'M' 'M' 'M' 'M' 'M' 'M' 'M']"
17701,2,177,6,171,21,0,0,"['M' 'M' 'M' 'M' 'M' 'M' 'M' 'M' 'U' 'M' 'M' 'M' 'M' 'M' 'M' 'M' 'M' 'M'
 'M' 'M' 'M' 'M' 'M' 'M' 'M' 'M' 'M' 'M' 'U' 'M' 'M' 'U' 'M' 'M' 'M' 'M'
 'M' 'M' 'M' 'M' 'M' 'M' 'M' 'M' 'M' 'M' 'M' 'M' 'M' 'M' 'M' 'M' 'M' 'M'
 'M' 'M' 'M' 'M' 'M' 'M' 'M' 'M' 'U' 'M' 'M' 'M' 'M' 'M' 'M' 'M' 'M' 'M'
 'U' 'M' 'M' 'M' 'M' 'U' 'U' 'M' 'U' 'U' 'U' 'M' 'M' 'M' 'U' 'M' 'M' 'M'
 'U' 'M' 'M' 'U' 'M' 'M' 'M' 'M' 'M' 'M' 'M' 'M' 'M' 'M' 'M' 'M' 'U' 'M'
 'M' 'M' 'M' 'M' 'M' 'M' 'M' 'M' 'M' 'M' 'M' 'M' 'M' 'M' 'M' 'M' 'M' 'M'
 'M' 'M' 'M' 'M' 'A' 'M' 'A' 'A' 'A' 'M' 'U' 'A' 'U' 'M' 'M' 'M' 'M' 'M'
 'M' 'M' 'M' 'M' 'M' 'M' 'M' 'M' 'M' 'M' 'M' 'M' 'M' 'M' 'U' 'M' 'M' 'M'
 'M' 'M' 'M' 'M' 'M' 'M' 'M' 'M' 'M' 'M' 'M' 'M' 'M' 'M' 'A' 'U' 'M' 'M'
 'M' 'M' 'M' 'M' 'U' 'M' 'M' 'U' 'M' 'M' 'M' 'M' 'M' 'M' 'U' 'M' 'M' 'M']"
17801,2,177,10,167,21,0,0,"['M' 'M' 'M' 'M' 'M' 'M' 'M' 'M' 'U' 'M' 'M' 'M' 'M' 'M' 'M' 'U' 'M' 'M'
 'M' 'M' 'M' 'M' 'M' 'M' 'M' 'M' 'M' 'M' 'U' 'M' 'M' 'U' 'M' 'M' 'M' 'M'
 'M' 'M' 'M' 'M' 'M' 'M' 'M' 'M' 'M' 'M' 'M' 'M' 'M' 'M' 'M' 'M' 'M' 'U'
 'M' 'M' 'M' 'M' 'M' 'M' 'M' 'M' 'U' 'M' 'M' 'M' 'M' 'M' 'M' 'U' 'M' 'M'
 'U' 'U' 'M' 'M' 'U' 'U' 'M' 'M' 'M' 'M' 'M' 'M' 'M' 'U' 'U' 'M' 'U' 'M'
 'U' 'M' 'M' 'M' 'M' 'M' 'M' 'M' 'M' 'M' 'M' 'M' 'M' 'M' 'M' 'M' 'M' 'M'
 'M' 'M' 'M' 'M' 'M' 'M' 'M' 'M' 'U' 'M' 'M' 'M' 'M' 'M' 'M' 'M' 'M' 'M'
 'M' 'M' 'M' 'M' 'A' 'A' 'A' 'A' 'A' 'A' 'A' 'A' 'A' 'M' 'M' 'M' 'M' 'M'
 'U' 'M' 'M' 'M' 'M' 'M' 'M' 'M' 'M' 'M' 'M' 'M' 'M' 'M' 'U' 'M' 'M' 'M'
 'M' 'M' 'M' 'M' 'M' 'M' 'M' 'M' 'M' 'M' 'M' 'M' 'M' 'M' 'A' 'U' 'M' 'M'
 'M' 'M' 'M' 'M' 'U' 'M' 'M' 'M' 'M' 'M' 'M' 'M' 'M' 'M' 'U' 'M' 'M' 'M']"
17901,2,178,8,170,20,0,1,"['M' 'M' 'M' 'M' 'M' 'M' 'M' 'M' 'M' 'M' 'M' 'M' 'M' 'M' 'U' 'M' 'U' 'M'
 'M' 'M' 'M' 'M' 'M' 'M' 'M' 'M' 'M' 'M' 'M' 'M' 'M' 'M' 'M' 'M' 'M' 'M'
 'M' 'M' 'M' 'U' 'M' 'M' 'M' 'M' 'M' 'M' 'M' 'M' 'M' 'M' 'M' 'M' 'M' 'U'
 'M' 'M' 'M' 'M' 'M' 'U' 'M' 'M' 'U' 'M' 'M' 'M' 'U' 'M' 'M' 'M' 'U' 'M'
 'M' 'U' 'M' 'M' 'U' 'M' 'M' 'M' 'U' 'M' 'U' 'U' 'M' 'M' 'M' 'M' 'M' 'M'
 'M' 'U' 'M' 'M' 'U' 'M' 'M' 'M' 'M' 'M' 'M' 'M' 'M' 'M' 'M' 'M' 'M' 'M'
 'M' 'M' 'M' 'M' 'M' 'M' 'M' 'M' 'U' 'M' 'M' 'M' 'M' 'M' 'M' 'M' 'M' 'M'
 'M' 'M' 'M' 'M' 'A' 'A' 'M' 'A' 'A' 'A' 'A' 'A' 'A' 'M' 'M' 'M' 'M' 'M'
 'U' 'M' 'M' 'M' 'M' 'M' 'M' 'M' 'M' 'M' 'M' 'M' 'M' 'M' 'M' 'M' 'M' 'M'
 'M' 'M' 'M' 'M' 'M' 'M' 'M' 'M' 'M' 'M' 'U' 'M' 'M' 'M' 'U' 'M' 'M' 'M'
 'M' 'M' 'M' 'M' 'U' 'M' 'M' 'M' 'M' 'M' 'M' 'M' 'M' 'M' 'M' 'M' 'M' 'M']"
18001,2,177,6,171,21,0,0,"['M' 'M' 'M' 'M' 'U' 'M' 'M' 'M' 'M' 'M' 'M' 'M' 'M' 'M' 'U' 'M' 'M' 'M'
 'M' 'M' 'M' 'M' 'M' 'M' 'U' 'M' 'M' 'M' 'M' 'M' 'M' 'M' 'M' 'U' 'M' 'M'
 'M' 'M' 'M' 'M' 'M' 'M' 'M' 'M' 'M' 'M' 'M' 'M' 'M' 'M' 'M' 'M' 'M' 'U'
 'M' 'M' 'M' 'M' 'M' 'M' 'M' 'M' 'U' 'M' 'M' 'M' 'M' 'M' 'M' 'M' 'M' 'U'
 'M' 'M' 'M' 'M' 'M' 'U' 'U' 'M' 'M' 'U' 'M' 'M' 'U' 'U' 'M' 'M' 'M' 'U'
 'M' 'U' 'M' 'U' 'M' 'M' 'M' 'M' 'M' 'M' 'M' 'M' 'M' 'M' 'M' 'M' 'M' 'M'
 'M' 'M' 'M' 'M' 'M' 'M' 'M' 'M' 'U' 'M' 'M' 'M' 'M' 'M' 'M' 'M' 'M' 'M'
 'M' 'M' 'M' 'M' 'A' 'A' 'M' 'U' 'A' 'A' 'A' 'A' 'U' 'M' 'M' 'M' 'M' 'M'
 'U' 'M' 'M' 'M' 'M' 'M' 'M' 'M' 'M' 'M' 'M' 'M' 'M' 'M' 'M' 'M' 'M' 'M'
 'M' 'M' 'M' 'M' 'M' 'M' 'M' 'M' 'M' 'M' 'U' 'M' 'M' 'M' 'M' 'M' 'M' 'M'
 'M' 'M' 'M' 'M' 'U' 'M' 'M' 'M' 'M' 'M' 'M' 'M' 'M' 'M' 'M' 'M' 'M' 'M']"
18101,3,177,7,170,21,0,0,"['M' 'M' 'M' 'M' 'U' 'M' 'M' 'M' 'M' 'M' 'M' 'M' 'M' 'M' 'M' 'M' 'M' 'M'
 'M' 'M' 'M' 'M' 'M' 'M' 'U' 'M' 'M' 'M' 'M' 'M' 'M' 'M' 'M' 'M' 'M' 'M'
 'M' 'M' 'M' 'M' 'M' 'M' 'M' 'M' 'M' 'M' 'M' 'M' 'M' 'M' 'M' 'M' 'M' 'U'
 'M' 'M' 'M' 'M' 'M' 'M' 'M' 'M' 'U' 'M' 'M' 'M' 'U' 'U' 'U' 'M' 'M' 'U'
 'M' 'M' 'M' 'M' 'U' 'U' 'U' 'M' 'M' 'M' 'M' 'M' 'M' 'M' 'M' 'U' 'M' 'M'
 'M' 'M' 'U' 'M' 'M' 'M' 'M' 'M' 'M' 'M' 'M' 'M' 'M' 'M' 'M' 'M' 'M' 'M'
 'M' 'M' 'M' 'M' 'M' 'M' 'M' 'M' 'U' 'M' 'M' 'M' 'M' 'M' 'M' 'M' 'M' 'M'
 'M' 'M' 'M' 'M' 'A' 'A' 'A' 'U' 'A' 'A' 'A' 'A' 'U' 'M' 'M' 'M' 'M' 'M'
 'U' 'M' 'M' 'M' 'M' 'M' 'M' 'M' 'M' 'M' 'M' 'M' 'M' 'M' 'M' 'M' 'M' 'M'
 'M' 'M' 'M' 'M' 'M' 'M' 'U' 'M' 'M' 'M' 'U' 'M' 'M' 'M' 'M' 'M' 'M' 'M'
 'M' 'M' 'M' 'M' 'U' 'M' 'M' 'M' 'U' 'M' 'M' 'M' 'M' 'M' 'M' 'M' 'M' 'M']"
18201,2,175,6,169,23,0,0,"['M' 'M' 'M' 'M' 'M' 'M' 'M' 'M' 'M' 'M' 'M' 'M' 'M' 'M' 'M' 'M' 'M' 'M'
 'M' 'M' 'M' 'M' 'M' 'M' 'U' 'M' 'M' 'M' 'M' 'M' 'M' 'M' 'M' 'M' 'M' 'M'
 'M' 'M' 'M' 'M' 'M' 'M' 'M' 'M' 'M' 'M' 'M' 'M' 'M' 'U' 'M' 'M' 'M' 'U'
 'M' 'M' 'M' 'M' 'M' 'M' 'M' 'M' 'M' 'M' 'M' 'M' 'M' 'M' 'M' 'M' 'M' 'U'
 'U' 'M' 'M' 'M' 'M' 'M' 'M' 'M' 'U' 'U' 'M' 'M' 'U' 'U' 'U' 'M' 'M' 'U'
 'M' 'U' 'M' 'M' 'M' 'M' 'M' 'M' 'M' 'M' 'M' 'M' 'M' 'M' 'M' 'M' 'M' 'M'
 'M' 'M' 'M' 'M' 'M' 'M' 'M' 'M' 'U' 'M' 'M' 'M' 'M' 'M' 'M' 'M' 'M' 'M'
 'M' 'M' 'M' 'M' 'A' 'U' 'U' 'A' 'A' 'A' 'A' 'U' 'A' 'M' 'M' 'U' 'M' 'M'
 'U' 'M' 'M' 'U' 'M' 'M' 'M' 'M' 'M' 'M' 'M' 'M' 'U' 'M' 'M' 'U' 'M' 'M'
 'M' 'M' 'M' 'M' 'M' 'M' 'M' 'M' 'M' 'M' 'M' 'M' 'M' 'M' 'M' 'M' 'M' 'M'
 'M' 'M' 'M' 'M' 'M' 'M' 'M' 'M' 'U' 'M' 'U' 'M' 'M' 'M' 'M' 'M' 'M' 'M']"
18301,2,179,9,170,19,0,1,"['M' 'M' 'M' 'M' 'M' 'M' 'M' 'M' 'M' 'M' 'M' 'M' 'M' 'M' 'M' 'M' 'M' 'M'
 'M' 'M' 'M' 'M' 'M' 'M' 'U' 'M' 'M' 'M' 'M' 'M' 'M' 'M' 'M' 'M' 'M' 'M'
 'M' 'M' 'M' 'M' 'M' 'M' 'M' 'M' 'M' 'M' 'M' 'M' 'M' 'M' 'M' 'M' 'M' 'U'
 'M' 'M' 'M' 'M' 'M' 'M' 'M' 'M' 'M' 'M' 'M' 'M' 'U' 'M' 'M' 'M' 'M' 'M'
 'M' 'U' 'U' 'M' 'M' 'U' 'U' 'M' 'M' 'M' 'M' 'M' 'M' 'M' 'U' 'U' 'M' 'M'
 'M' 'U' 'M' 'M' 'U' 'M' 'M' 'M' 'U' 'M' 'M' 'M' 'M' 'M' 'M' 'M' 'M' 'M'
 'M' 'M' 'M' 'M' 'M' 'M' 'M' 'M' 'M' 'M' 'M' 'M' 'M' 'M' 'M' 'M' 'M' 'M'
 'M' 'M' 'M' 'M' 'A' 'A' 'A' 'A' 'A' 'A' 'A' 'A' 'A' 'M' 'M' 'M' 'M' 'M'
 'U' 'M' 'M' 'U' 'M' 'M' 'M' 'M' 'M' 'U' 'M' 'M' 'U' 'M' 'M' 'M' 'M' 'M'
 'M' 'M' 'M' 'M' 'M' 'M' 'M' 'M' 'M' 'M' 'M' 'M' 'M' 'M' 'M' 'M' 'M' 'U'
 'M' 'M' 'M' 'M' 'M' 'M' 'M' 'M' 'M' 'M' 'U' 'M' 'M' 'M' 'M' 'M' 'M' 'U']"
18401,2,178,6,172,20,0,1,"['M' 'M' 'M' 'U' 'M' 'M' 'M' 'M' 'M' 'M' 'M' 'M' 'M' 'M' 'M' 'M' 'M' 'M'
 'M' 'M' 'M' 'M' 'M' 'M' 'M' 'M' 'M' 'M' 'M' 'M' 'M' 'M' 'M' 'M' 'M' 'M'
 'M' 'M' 'M' 'M' 'M' 'M' 'M' 'M' 'M' 'M' 'M' 'M' 'M' 'M' 'M' 'M' 'M' 'U'
 'M' 'M' 'M' 'M' 'M' 'M' 'M' 'M' 'M' 'M' 'M' 'U' 'M' 'U' 'M' 'U' 'M' 'U'
 'M' 'M' 'M' 'M' 'M' 'M' 'U' 'M' 'M' 'M' 'U' 'M' 'U' 'M' 'M' 'M' 'M' 'M'
 'M' 'M' 'U' 'U' 'M' 'M' 'M' 'M' 'M' 'M' 'M' 'M' 'M' 'M' 'M' 'M' 'M' 'M'
 'M' 'M' 'M' 'M' 'M' 'M' 'M' 'M' 'M' 'M' 'M' 'M' 'M' 'M' 'M' 'M' 'M' 'M'
 'M' 'M' 'M' 'M' 'U' 'A' 'U' 'A' 'A' 'U' 'A' 'A' 'A' 'M' 'M' 'M' 'M' 'M'
 'U' 'M' 'M' 'U' 'M' 'M' 'M' 'M' 'M' 'U' 'M' 'M' 'U' 'M' 'M' 'M' 'M' 'M'
 'M' 'M' 'M' 'M' 'M' 'M' 'M' 'M' 'M' 'M' 'M' 'M' 'M' 'M' 'M' 'M' 'M' 'U'
 'M' 'M' 'M' 'M' 'M' 'M' 'M' 'M' 'M' 'M' 'M' 'M' 'M' 'M' 'M' 'M' 'M' 'U']"
18501,2,179,8,171,19,0,0,"['M' 'M' 'M' 'U' 'M' 'M' 'M' 'M' 'M' 'M' 'M' 'M' 'M' 'M' 'M' 'U' 'M' 'M'
 'M' 'M' 'M' 'M' 'M' 'M' 'M' 'M' 'M' 'M' 'M' 'M' 'M' 'M' 'M' 'M' 'M' 'M'
 'M' 'M' 'M' 'M' 'M' 'M' 'M' 'M' 'M' 'M' 'M' 'M' 'M' 'M' 'M' 'M' 'M' 'U'
 'M' 'M' 'M' 'M' 'M' 'M' 'M' 'M' 'M' 'M' 'M' 'U' 'U' 'M' 'U' 'M' 'M' 'M'
 'M' 'U' 'M' 'M' 'M' 'U' 'M' 'M' 'M' 'M' 'U' 'M' 'M' 'M' 'M' 'M' 'M' 'M'
 'U' 'U' 'M' 'M' 'U' 'M' 'M' 'M' 'M' 'M' 'M' 'M' 'M' 'M' 'M' 'M' 'M' 'M'
 'M' 'M' 'M' 'M' 'M' 'M' 'M' 'M' 'M' 'M' 'M' 'M' 'M' 'M' 'M' 'M' 'M' 'M'
 'M' 'M' 'M' 'M' 'A' 'M' 'A' 'A' 'A' 'A' 'A' 'A' 'A' 'M' 'M' 'M' 'M' 'M'
 'U' 'M' 'M' 'U' 'M' 'M' 'M' 'M' 'M' 'U' 'M' 'M' 'U' 'M' 'M' 'M' 'M' 'M'
 'M' 'M' 'M' 'M' 'M' 'M' 'M' 'M' 'M' 'M' 'M' 'M' 'M' 'M' 'M' 'M' 'M' 'U'
 'M' 'U' 'M' 'M' 'M' 'M' 'M' 'M' 'M' 'M' 'M' 'M' 'M' 'M' 'M' 'M' 'M' 'U']"
18601,2,180,7,173,18,0,0,"['M' 'M' 'M' 'U' 'M' 'M' 'M' 'M' 'M' 'M' 'M' 'M' 'M' 'M' 'M' 'A' 'M' 'M'
 'M' 'M' 'M' 'M' 'M' 'M' 'M' 'M' 'M' 'M' 'M' 'M' 'M' 'M' 'M' 'M' 'M' 'M'
 'M' 'M' 'M' 'M' 'M' 'M' 'M' 'M' 'M' 'M' 'M' 'M' 'M' 'M' 'M' 'M' 'M' 'U'
 'M' 'M' 'M' 'M' 'M' 'M' 'M' 'M' 'M' 'M' 'M' 'M' 'U' 'U' 'U' 'M' 'M' 'U'
 'M' 'U' 'M' 'U' 'M' 'U' 'M' 'U' 'M' 'M' 'M' 'M' 'M' 'M' 'M' 'M' 'M' 'M'
 'M' 'M' 'U' 'M' 'M' 'M' 'M' 'M' 'M' 'M' 'M' 'M' 'M' 'M' 'M' 'M' 'M' 'M'
 'M' 'M' 'M' 'M' 'M' 'M' 'M' 'M' 'M' 'M' 'M' 'M' 'M' 'M' 'M' 'M' 'M' 'M'
 'M' 'M' 'M' 'M' 'A' 'M' 'A' 'A' 'U' 'A' 'A' 'U' 'A' 'M' 'M' 'M' 'M' 'M'
 'M' 'M' 'M' 'M' 'M' 'M' 'M' 'M' 'M' 'U' 'M' 'M' 'M' 'M' 'M' 'M' 'M' 'M'
 'M' 'M' 'M' 'M' 'M' 'M' 'M' 'M' 'M' 'M' 'M' 'M' 'M' 'M' 'M' 'M' 'M' 'U'
 'M' 'U' 'M' 'M' 'M' 'M' 'M' 'M' 'M' 'M' 'M' 'M' 'U' 'M' 'M' 'M' 'M' 'U']"
18701,3,177,11,166,21,0,0,"['M' 'M' 'M' 'U' 'U' 'M' 'M' 'M' 'M' 'M' 'M' 'M' 'M' 'M' 'M' 'A' 'M' 'M'
 'M' 'M' 'M' 'M' 'M' 'M' 'M' 'M' 'M' 'M' 'M' 'M' 'M' 'M' 'M' 'M' 'M' 'M'
 'M' 'M' 'M' 'M' 'M' 'M' 'M' 'M' 'M' 'M' 'M' 'M' 'M' 'M' 'M' 'M' 'M' 'U'
 'M' 'M' 'M' 'M' 'M' 'M' 'M' 'M' 'M' 'M' 'M' 'M' 'M' 'U' 'M' 'U' 'M' 'M'
 'M' 'M' 'M' 'M' 'U' 'M' 'M' 'U' 'U' 'M' 'M' 'M' 'U' 'M' 'U' 'M' 'M' 'M'
 'U' 'M' 'M' 'M' 'U' 'U' 'M' 'U' 'M' 'M' 'M' 'M' 'M' 'M' 'M' 'M' 'M' 'M'
 'M' 'M' 'M' 'M' 'M' 'U' 'M' 'M' 'M' 'M' 'M' 'M' 'M' 'M' 'M' 'M' 'M' 'M'
 'M' 'M' 'M' 'M' 'A' 'A' 'A' 'A' 'A' 'A' 'A' 'A' 'A' 'M' 'M' 'M' 'M' 'M'
 'U' 'M' 'M' 'M' 'U' 'M' 'M' 'M' 'M' 'U' 'M' 'M' 'M' 'M' 'M' 'M' 'M' 'M'
 'M' 'M' 'M' 'M' 'M' 'M' 'M' 'M' 'M' 'M' 'M' 'M' 'M' 'M' 'M' 'M' 'M' 'A'
 'M' 'U' 'M' 'M' 'M' 'M' 'M' 'M' 'M' 'M' 'M' 'M' 'U' 'M' 'M' 'M' 'M' 'U']"
18801,2,172,7,165,26,0,0,"['M' 'M' 'M' 'U' 'U' 'M' 'M' 'M' 'M' 'M' 'M' 'M' 'M' 'M' 'M' 'M' 'M' 'M'
 'U' 'U' 'M' 'M' 'M' 'M' 'M' 'M' 'M' 'M' 'M' 'M' 'M' 'M' 'M' 'M' 'M' 'M'
 'M' 'M' 'M' 'M' 'M' 'M' 'M' 'M' 'M' 'M' 'M' 'M' 'M' 'M' 'M' 'M' 'M' 'U'
 'M' 'M' 'M' 'M' 'M' 'M' 'M' 'M' 'M' 'M' 'M' 'M' 'M' 'M' 'M' 'M' 'M' 'M'
 'U' 'M' 'M' 'M' 'M' 'U' 'M' 'M' 'M' 'U' 'U' 'U' 'U' 'U' 'M' 'M' 'M' 'U'
 'M' 'M' 'U' 'M' 'M' 'U' 'M' 'U' 'M' 'M' 'M' 'M' 'M' 'M' 'M' 'M' 'M' 'M'
 'M' 'M' 'M' 'M' 'M' 'M' 'M' 'M' 'M' 'M' 'M' 'M' 'M' 'M' 'M' 'M' 'M' 'M'
 'M' 'M' 'M' 'M' 'A' 'A' 'U' 'A' 'A' 'A' 'A' 'A' 'U' 'M' 'M' 'M' 'M' 'M'
 'U' 'M' 'M' 'M' 'U' 'M' 'M' 'M' 'M' 'U' 'M' 'M' 'M' 'M' 'M' 'M' 'M' 'M'
 'M' 'M' 'M' 'M' 'M' 'M' 'M' 'M' 'M' 'M' 'M' 'U' 'M' 'M' 'M' 'M' 'M' 'U'
 'M' 'U' 'M' 'M' 'M' 'M' 'M' 'M' 'M' 'M' 'M' 'M' 'U' 'M' 'M' 'M' 'M' 'U']"
18901,2,176,7,169,22,0,0,"['M' 'M' 'M' 'M' 'U' 'M' 'M' 'M' 'M' 'M' 'M' 'M' 'M' 'M' 'M' 'M' 'M' 'M'
 'U' 'U' 'M' 'M' 'M' 'M' 'M' 'M' 'M' 'M' 'M' 'M' 'M' 'M' 'M' 'M' 'M' 'M'
 'M' 'M' 'M' 'M' 'M' 'U' 'M' 'M' 'M' 'M' 'M' 'M' 'M' 'M' 'M' 'M' 'M' 'M'
 'M' 'M' 'M' 'M' 'M' 'M' 'M' 'M' 'M' 'M' 'M' 'M' 'M' 'U' 'U' 'M' 'U' 'M'
 'M' 'M' 'U' 'M' 'U' 'M' 'M' 'U' 'M' 'M' 'M' 'M' 'M' 'U' 'M' 'M' 'U' 'M'
 'M' 'M' 'M' 'U' 'M' 'U' 'M' 'U' 'M' 'M' 'M' 'M' 'M' 'M' 'M' 'M' 'M' 'M'
 'M' 'M' 'M' 'M' 'M' 'M' 'M' 'M' 'M' 'M' 'M' 'M' 'M' 'M' 'M' 'M' 'M' 'M'
 'M' 'M' 'M' 'M' 'A' 'A' 'A' 'U' 'A' 'M' 'A' 'A' 'A' 'M' 'M' 'M' 'M' 'M'
 'U' 'M' 'M' 'M' 'U' 'M' 'M' 'M' 'M' 'M' 'M' 'M' 'M' 'M' 'M' 'M' 'M' 'M'
 'M' 'M' 'M' 'M' 'M' 'M' 'M' 'M' 'M' 'M' 'M' 'U' 'M' 'M' 'M' 'M' 'M' 'U'
 'M' 'M' 'M' 'M' 'M' 'M' 'M' 'M' 'M' 'M' 'M' 'M' 'U' 'M' 'M' 'M' 'M' 'U']"
19001,2,172,6,166,26,0,1,"['M' 'M' 'M' 'M' 'M' 'M' 'M' 'M' 'M' 'M' 'U' 'M' 'M' 'M' 'M' 'M' 'M' 'M'
 'U' 'U' 'M' 'M' 'M' 'M' 'M' 'M' 'M' 'M' 'M' 'M' 'M' 'U' 'M' 'M' 'M' 'M'
 'M' 'M' 'M' 'M' 'M' 'U' 'M' 'M' 'M' 'M' 'M' 'M' 'M' 'M' 'M' 'M' 'M' 'M'
 'M' 'M' 'M' 'M' 'M' 'M' 'M' 'M' 'M' 'M' 'M' 'M' 'M' 'M' 'M' 'M' 'U' 'M'
 'U' 'M' 'M' 'M' 'M' 'U' 'M' 'M' 'U' 'M' 'M' 'M' 'M' 'U' 'U' 'M' 'U' 'M'
 'U' 'M' 'M' 'M' 'U' 'M' 'M' 'U' 'M' 'M' 'M' 'M' 'M' 'M' 'M' 'M' 'M' 'M'
 'M' 'M' 'M' 'M' 'U' 'M' 'M' 'M' 'M' 'M' 'M' 'M' 'M' 'M' 'M' 'M' 'M' 'U'
 'M' 'M' 'M' 'M' 'A' 'A' 'A' 'M' 'A' 'U' 'A' 'U' 'A' 'M' 'M' 'M' 'M' 'M'
 'U' 'M' 'M' 'M' 'U' 'M' 'M' 'U' 'M' 'M' 'M' 'M' 'M' 'M' 'M' 'M' 'M' 'M'
 'M' 'M' 'M' 'M' 'M' 'M' 'M' 'M' 'M' 'M' 'M' 'U' 'U' 'M' 'M' 'M' 'M' 'U'
 'M' 'M' 'M' 'M' 'M' 'M' 'M' 'M' 'M' 'M' 'M' 'M' 'U' 'M' 'M' 'M' 'M' 'M']"
19101,2,169,6,163,29,0,0,"['M' 'M' 'M' 'M' 'M' 'M' 'M' 'M' 'M' 'M' 'U' 'M' 'M' 'M' 'U' 'M' 'M' 'M'
 'M' 'U' 'M' 'M' 'M' 'M' 'M' 'M' 'M' 'M' 'M' 'M' 'M' 'U' 'M' 'M' 'M' 'M'
 'M' 'M' 'M' 'M' 'M' 'U' 'M' 'M' 'M' 'M' 'M' 'M' 'M' 'M' 'M' 'M' 'M' 'M'
 'U' 'M' 'M' 'M' 'M' 'M' 'M' 'M' 'M' 'M' 'M' 'M' 'M' 'U' 'M' 'M' 'M' 'U'
 'U' 'M' 'M' 'M' 'M' 'M' 'M' 'M' 'M' 'M' 'M' 'U' 'U' 'M' 'M' 'U' 'M' 'U'
 'M' 'M' 'U' 'U' 'M' 'M' 'M' 'M' 'M' 'M' 'M' 'U' 'M' 'M' 'M' 'M' 'M' 'M'
 'M' 'M' 'M' 'M' 'U' 'M' 'M' 'M' 'M' 'M' 'M' 'U' 'M' 'M' 'M' 'M' 'M' 'U'
 'M' 'M' 'M' 'M' 'A' 'A' 'A' 'A' 'U' 'U' 'A' 'U' 'A' 'M' 'M' 'M' 'M' 'M'
 'U' 'M' 'M' 'M' 'U' 'M' 'M' 'M' 'M' 'M' 'M' 'M' 'M' 'M' 'M' 'M' 'M' 'M'
 'M' 'M' 'M' 'U' 'M' 'U' 'M' 'M' 'M' 'M' 'M' 'M' 'M' 'M' 'M' 'M' 'M' 'U'
 'U' 'M' 'M' 'U' 'M' 'M' 'M' 'M' 'M' 'M' 'M' 'M' 'M' 'M' 'M' 'M' 'M' 'M']"
19201,2,173,8,165,25,0,0,"['M' 'M' 'M' 'M' 'M' 'M' 'M' 'M' 'M' 'M' 'U' 'M' 'M' 'U' 'U' 'U' 'M' 'M'
 'M' 'U' 'M' 'M' 'M' 'M' 'M' 'M' 'M' 'M' 'M' 'M' 'M' 'M' 'M' 'M' 'M' 'M'
 'M' 'M' 'M' 'M' 'M' 'U' 'U' 'M' 'M' 'M' 'M' 'M' 'M' 'M' 'M' 'M' 'M' 'M'
 'M' 'M' 'M' 'M' 'M' 'M' 'M' 'M' 'M' 'M' 'M' 'M' 'M' 'M' 'U' 'M' 'M' 'M'
 'M' 'M' 'M' 'U' 'M' 'U' 'M' 'M' 'M' 'M' 'M' 'U' 'M' 'M' 'M' 'U' 'M' 'U'
 'M' 'M' 'U' 'U' 'U' 'M' 'M' 'M' 'M' 'M' 'M' 'U' 'M' 'M' 'M' 'M' 'M' 'M'
 'M' 'M' 'M' 'M' 'U' 'M' 'M' 'M' 'M' 'M' 'M' 'U' 'M' 'M' 'M' 'M' 'M' 'M'
 'M' 'M' 'M' 'M' 'A' 'A' 'U' 'A' 'A' 'A' 'A' 'A' 'A' 'M' 'M' 'M' 'M' 'M'
 'U' 'M' 'M' 'M' 'U' 'M' 'M' 'M' 'M' 'M' 'M' 'M' 'M' 'M' 'M' 'M' 'M' 'M'
 'M' 'M' 'M' 'M' 'M' 'U' 'M' 'M' 'M' 'M' 'M' 'M' 'M' 'M' 'M' 'M' 'M' 'U'
 'M' 'M' 'M' 'U' 'M' 'M' 'M' 'M' 'M' 'M' 'M' 'M' 'M' 'M' 'M' 'M' 'M' 'M']"
19301,2,179,9,170,19,0,0,"['M' 'M' 'M' 'M' 'M' 'M' 'M' 'U' 'M' 'M' 'M' 'M' 'M' 'U' 'M' 'U' 'M' 'M'
 'M' 'U' 'M' 'M' 'M' 'M' 'M' 'U' 'M' 'M' 'M' 'M' 'M' 'M' 'M' 'M' 'M' 'M'
 'M' 'M' 'M' 'M' 'M' 'U' 'M' 'M' 'M' 'M' 'M' 'M' 'M' 'M' 'M' 'M' 'M' 'M'
 'M' 'M' 'M' 'M' 'M' 'M' 'M' 'M' 'M' 'M' 'M' 'M' 'M' 'U' 'M' 'M' 'M' 'U'
 'M' 'M' 'M' 'M' 'M' 'U' 'M' 'M' 'M' 'M' 'M' 'U' 'U' 'M' 'M' 'U' 'U' 'U'
 'U' 'M' 'M' 'M' 'M' 'M' 'M' 'M' 'M' 'M' 'M' 'U' 'M' 'M' 'M' 'M' 'M' 'M'
 'M' 'M' 'M' 'M' 'U' 'M' 'M' 'M' 'M' 'M' 'M' 'M' 'M' 'M' 'M' 'M' 'M' 'M'
 'M' 'M' 'M' 'M' 'A' 'A' 'A' 'A' 'A' 'A' 'A' 'A' 'A' 'M' 'M' 'M' 'M' 'M'
 'M' 'M' 'M' 'M' 'U' 'M' 'M' 'M' 'M' 'M' 'M' 'M' 'M' 'M' 'M' 'M' 'M' 'M'
 'M' 'M' 'U' 'M' 'M' 'M' 'M' 'M' 'M' 'M' 'M' 'M' 'M' 'M' 'M' 'M' 'M' 'M'
 'M' 'M' 'M' 'M' 'M' 'M' 'M' 'M' 'M' 'M' 'M' 'M' 'M' 'M' 'M' 'M' 'M' 'M']"
19401,2,177,7,170,21,0,1,"['M' 'M' 'M' 'M' 'M' 'M' 'M' 'U' 'M' 'M' 'M' 'M' 'M' 'M' 'M' 'U' 'M' 'M'
 'M' 'M' 'M' 'M' 'M' 'M' 'M' 'U' 'M' 'M' 'M' 'M' 'M' 'M' 'M' 'M' 'M' 'M'
 'M' 'M' 'M' 'M' 'M' 'U' 'M' 'U' 'M' 'M' 'M' 'M' 'M' 'M' 'M' 'M' 'M' 'M'
 'M' 'M' 'M' 'M' 'M' 'M' 'M' 'M' 'M' 'M' 'M' 'M' 'M' 'M' 'U' 'M' 'M' 'M'
 'M' 'M' 'M' 'U' 'U' 'M' 'M' 'M' 'M' 'U' 'M' 'M' 'U' 'M' 'U' 'M' 'U' 'M'
 'M' 'M' 'U' 'M' 'U' 'M' 'M' 'U' 'M' 'M' 'M' 'M' 'M' 'M' 'M' 'M' 'M' 'M'
 'M' 'M' 'M' 'U' 'U' 'M' 'M' 'M' 'M' 'M' 'M' 'M' 'M' 'M' 'M' 'M' 'M' 'M'
 'M' 'M' 'M' 'M' 'A' 'A' 'A' 'U' 'A' 'U' 'A' 'A' 'A' 'M' 'M' 'M' 'M' 'M'
 'M' 'M' 'M' 'M' 'M' 'M' 'M' 'M' 'M' 'M' 'M' 'M' 'M' 'M' 'U' 'M' 'M' 'M'
 'M' 'M' 'M' 'M' 'M' 'M' 'M' 'M' 'M' 'M' 'M' 'M' 'M' 'M' 'M' 'M' 'M' 'M'
 'M' 'M' 'U' 'M' 'M' 'M' 'M' 'M' 'M' 'M' 'M' 'M' 'M' 'M' 'M' 'M' 'M' 'M']"
19501,2,176,6,170,22,0,0,"['M' 'M' 'M' 'M' 'M' 'M' 'M' 'U' 'M' 'M' 'M' 'M' 'M' 'M' 'M' 'U' 'M' 'M'
 'M' 'M' 'M' 'M' 'M' 'M' 'M' 'U' 'M' 'M' 'M' 'M' 'M' 'M' 'M' 'M' 'M' 'M'
 'M' 'M' 'M' 'M' 'M' 'U' 'M' 'U' 'M' 'M' 'M' 'M' 'M' 'M' 'M' 'M' 'M' 'M'
 'M' 'M' 'M' 'M' 'M' 'M' 'M' 'M' 'M' 'M' 'M' 'M' 'M' 'M' 'M' 'U' 'M' 'M'
 'M' 'M' 'U' 'M' 'M' 'U' 'M' 'U' 'U' 'M' 'M' 'M' 'U' 'M' 'M' 'U' 'M' 'M'
 'M' 'U' 'U' 'M' 'M' 'M' 'M' 'U' 'M' 'M' 'M' 'M' 'M' 'M' 'M' 'M' 'M' 'M'
 'M' 'M' 'M' 'U' 'U' 'M' 'M' 'M' 'M' 'M' 'M' 'M' 'M' 'M' 'M' 'M' 'M' 'M'
 'M' 'M' 'M' 'M' 'A' 'A' 'M' 'A' 'A' 'U' 'A' 'U' 'A' 'M' 'M' 'M' 'M' 'M'
 'M' 'M' 'M' 'M' 'M' 'M' 'M' 'M' 'M' 'M' 'M' 'M' 'M' 'M' 'U' 'M' 'M' 'M'
 'U' 'M' 'M' 'M' 'M' 'M' 'M' 'M' 'M' 'M' 'M' 'M' 'M' 'M' 'M' 'M' 'M' 'M'
 'M' 'M' 'M' 'M' 'M' 'M' 'M' 'M' 'M' 'M' 'M' 'M' 'M' 'M' 'M' 'U' 'M' 'M']"
19601,2,178,9,169,20,0,0,"['M' 'M' 'M' 'M' 'M' 'M' 'M' 'U' 'M' 'M' 'M' 'M' 'M' 'U' 'M' 'M' 'M' 'M'
 'M' 'M' 'M' 'M' 'M' 'M' 'M' 'U' 'M' 'M' 'U' 'M' 'M' 'M' 'M' 'M' 'M' 'M'
 'M' 'M' 'M' 'M' 'M' 'M' 'M' 'U' 'M' 'M' 'M' 'M' 'M' 'M' 'M' 'M' 'M' 'M'
 'M' 'M' 'M' 'M' 'M' 'M' 'M' 'U' 'M' 'M' 'M' 'M' 'M' 'M' 'M' 'U' 'U' 'M'
 'M' 'U' 'M' 'M' 'M' 'M' 'M' 'M' 'M' 'U' 'U' 'M' 'M' 'U' 'M' 'U' 'U' 'M'
 'M' 'U' 'M' 'M' 'M' 'M' 'M' 'U' 'M' 'M' 'M' 'M' 'M' 'M' 'M' 'M' 'M' 'M'
 'M' 'M' 'M' 'A' 'U' 'M' 'M' 'M' 'M' 'M' 'M' 'M' 'M' 'M' 'M' 'M' 'M' 'M'
 'M' 'M' 'M' 'M' 'A' 'A' 'A' 'U' 'A' 'A' 'A' 'A' 'A' 'M' 'M' 'M' 'M' 'M'
 'M' 'M' 'M' 'M' 'M' 'M' 'M' 'M' 'M' 'M' 'M' 'M' 'M' 'M' 'M' 'M' 'M' 'M'
 'U' 'M' 'M' 'M' 'M' 'M' 'M' 'M' 'M' 'M' 'M' 'U' 'M' 'M' 'M' 'M' 'M' 'M'
 'M' 'M' 'M' 'M' 'M' 'M' 'M' 'M' 'M' 'M' 'M' 'M' 'M' 'M' 'M' 'M' 'M' 'M']"
19701,2,175,7,168,23,0,0,"['M' 'M' 'M' 'M' 'M' 'M' 'M' 'M' 'M' 'M' 'U' 'M' 'U' 'M' 'M' 'M' 'M' 'M'
 'M' 'M' 'M' 'U' 'M' 'M' 'M' 'U' 'M' 'M' 'M' 'M' 'M' 'M' 'M' 'M' 'M' 'M'
 'M' 'M' 'M' 'M' 'M' 'M' 'M' 'M' 'M' 'M' 'M' 'M' 'M' 'M' 'M' 'M' 'M' 'M'
 'M' 'M' 'M' 'M' 'M' 'M' 'M' 'U' 'M' 'U' 'M' 'M' 'M' 'M' 'M' 'U' 'U' 'M'
 'M' 'M' 'U' 'M' 'M' 'U' 'M' 'U' 'M' 'M' 'M' 'M' 'U' 'M' 'M' 'U' 'M' 'M'
 'M' 'U' 'M' 'M' 'U' 'M' 'M' 'U' 'M' 'M' 'M' 'M' 'M' 'M' 'M' 'M' 'M' 'M'
 'M' 'M' 'M' 'U' 'U' 'M' 'M' 'M' 'M' 'M' 'M' 'M' 'M' 'M' 'M' 'M' 'M' 'M'
 'M' 'M' 'M' 'M' 'A' 'A' 'A' 'M' 'A' 'U' 'A' 'A' 'A' 'M' 'M' 'M' 'M' 'M'
 'M' 'M' 'M' 'M' 'M' 'M' 'M' 'M' 'M' 'M' 'M' 'M' 'M' 'M' 'M' 'M' 'M' 'M'
 'U' 'M' 'M' 'M' 'M' 'M' 'M' 'M' 'M' 'M' 'M' 'U' 'M' 'M' 'U' 'M' 'M' 'M'
 'M' 'M' 'M' 'M' 'M' 'M' 'M' 'M' 'M' 'M' 'M' 'M' 'M' 'M' 'M' 'U' 'M' 'M']"
19801,2,176,6,170,22,0,0,"['M' 'M' 'M' 'M' 'M' 'M' 'M' 'M' 'M' 'M' 'U' 'M' 'U' 'M' 'M' 'M' 'M' 'M'
 'M' 'M' 'M' 'M' 'M' 'M' 'M' 'M' 'M' 'M' 'M' 'M' 'M' 'M' 'M' 'M' 'M' 'M'
 'M' 'M' 'M' 'M' 'M' 'M' 'M' 'M' 'M' 'M' 'M' 'M' 'M' 'M' 'M' 'M' 'M' 'M'
 'M' 'M' 'M' 'M' 'M' 'M' 'M' 'U' 'M' 'U' 'M' 'M' 'M' 'U' 'U' 'U' 'M' 'U'
 'U' 'M' 'M' 'M' 'U' 'U' 'M' 'M' 'M' 'M' 'M' 'M' 'U' 'M' 'M' 'M' 'M' 'U'
 'M' 'M' 'M' 'M' 'M' 'M' 'M' 'M' 'M' 'M' 'M' 'M' 'M' 'M' 'M' 'M' 'M' 'M'
 'M' 'M' 'M' 'U' 'U' 'M' 'M' 'M' 'M' 'M' 'M' 'M' 'M' 'M' 'M' 'M' 'M' 'M'
 'M' 'M' 'M' 'M' 'A' 'U' 'A' 'M' 'A' 'U' 'A' 'A' 'A' 'M' 'M' 'M' 'M' 'M'
 'M' 'M' 'M' 'M' 'M' 'M' 'M' 'M' 'M' 'M' 'M' 'M' 'M' 'U' 'M' 'M' 'M' 'M'
 'U' 'U' 'M' 'M' 'M' 'M' 'M' 'M' 'M' 'M' 'M' 'U' 'M' 'M' 'M' 'M' 'M' 'M'
 'M' 'M' 'M' 'M' 'M' 'M' 'M' 'M' 'M' 'M' 'M' 'M' 'M' 'M' 'M' 'U' 'M' 'M']"
19901,2,177,7,170,21,0,0,"['M' 'M' 'M' 'M' 'M' 'M' 'M' 'M' 'M' 'M' 'M' 'M' 'U' 'M' 'M' 'M' 'M' 'M'
 'M' 'M' 'M' 'M' 'M' 'M' 'M' 'M' 'M' 'M' 'M' 'M' 'M' 'M' 'M' 'M' 'M' 'M'
 'M' 'M' 'M' 'M' 'M' 'M' 'M' 'M' 'M' 'M' 'U' 'M' 'M' 'M' 'M' 'M' 'M' 'M'
 'M' 'M' 'M' 'M' 'M' 'M' 'M' 'U' 'M' 'M' 'M' 'M' 'U' 'U' 'M' 'M' 'M' 'U'
 'M' 'U' 'M' 'U' 'M' 'M' 'M' 'M' 'U' 'M' 'M' 'M' 'M' 'M' 'M' 'U' 'U' 'M'
 'M' 'M' 'M' 'U' 'M' 'M' 'M' 'M' 'M' 'M' 'M' 'M' 'M' 'M' 'M' 'M' 'M' 'M'
 'M' 'M' 'M' 'U' 'U' 'M' 'M' 'M' 'M' 'U' 'M' 'M' 'M' 'M' 'M' 'M' 'M' 'M'
 'M' 'M' 'M' 'M' 'A' 'M' 'A' 'U' 'A' 'A' 'A' 'A' 'A' 'M' 'M' 'M' 'M' 'M'
 'U' 'M' 'M' 'M' 'M' 'M' 'M' 'M' 'M' 'M' 'M' 'M' 'M' 'M' 'M' 'M' 'M' 'M'
 'U' 'U' 'M' 'M' 'U' 'M' 'M' 'M' 'M' 'M' 'M' 'U' 'M' 'M' 'M' 'M' 'M' 'M'
 'M' 'M' 'M' 'M' 'M' 'M' 'M' 'M' 'M' 'M' 'M' 'M' 'M' 'M' 'M' 'M' 'M' 'M']"
20001,2,176,5,171,22,0,0,"['M' 'M' 'M' 'M' 'M' 'M' 'M' 'M' 'M' 'M' 'M' 'M' 'U' 'M' 'M' 'M' 'M' 'M'
 'M' 'M' 'M' 'M' 'M' 'M' 'M' 'M' 'M' 'M' 'M' 'M' 'M' 'M' 'M' 'M' 'M' 'M'
 'M' 'M' 'M' 'M' 'M' 'U' 'M' 'M' 'M' 'M' 'U' 'M' 'M' 'M' 'U' 'M' 'M' 'M'
 'M' 'M' 'M' 'M' 'M' 'M' 'M' 'M' 'M' 'M' 'M' 'M' 'M' 'M' 'U' 'M' 'U' 'M'
 'M' 'M' 'M' 'M' 'U' 'U' 'M' 'M' 'M' 'M' 'U' 'M' 'M' 'M' 'U' 'U' 'M' 'M'
 'U' 'M' 'M' 'U' 'M' 'M' 'M' 'M' 'M' 'M' 'M' 'M' 'M' 'M' 'M' 'M' 'M' 'M'
 'M' 'M' 'M' 'U' 'U' 'M' 'M' 'M' 'M' 'M' 'M' 'M' 'M' 'M' 'M' 'M' 'M' 'M'
 'M' 'M' 'M' 'M' 'A' 'M' 'U' 'M' 'M' 'A' 'A' 'A' 'A' 'M' 'M' 'M' 'M' 'M'
 'U' 'M' 'M' 'M' 'M' 'M' 'M' 'M' 'M' 'M' 'M' 'M' 'M' 'U' 'M' 'M' 'M' 'M'
 'M' 'U' 'M' 'M' 'U' 'M' 'M' 'M' 'M' 'M' 'M' 'U' 'M' 'M' 'M' 'M' 'M' 'M'
 'M' 'U' 'M' 'M' 'M' 'M' 'M' 'M' 'M' 'M' 'M' 'M' 'M' 'M' 'M' 'M' 'M' 'M']"
20101,2,179,9,170,19,0,0,"['M' 'M' 'M' 'M' 'M' 'M' 'M' 'M' 'M' 'M' 'M' 'M' 'U' 'M' 'M' 'M' 'M' 'M'
 'M' 'M' 'M' 'M' 'M' 'M' 'M' 'M' 'M' 'M' 'M' 'M' 'M' 'M' 'M' 'M' 'M' 'M'
 'M' 'M' 'M' 'M' 'M' 'M' 'M' 'M' 'M' 'M' 'M' 'M' 'M' 'M' 'M' 'M' 'M' 'M'
 'M' 'M' 'M' 'M' 'M' 'M' 'M' 'M' 'M' 'M' 'M' 'M' 'M' 'M' 'M' 'M' 'U' 'U'
 'M' 'M' 'U' 'M' 'U' 'U' 'U' 'M' 'M' 'M' 'M' 'M' 'U' 'M' 'U' 'M' 'M' 'M'
 'U' 'M' 'M' 'M' 'M' 'M' 'M' 'M' 'M' 'M' 'M' 'M' 'M' 'M' 'M' 'M' 'M' 'M'
 'M' 'U' 'M' 'M' 'U' 'M' 'M' 'M' 'M' 'M' 'M' 'M' 'M' 'M' 'M' 'M' 'M' 'M'
 'M' 'M' 'M' 'M' 'A' 'A' 'A' 'A' 'A' 'A' 'A' 'A' 'A' 'M' 'M' 'U' 'M' 'M'
 'M' 'M' 'M' 'M' 'M' 'M' 'M' 'M' 'M' 'M' 'M' 'M' 'M' 'U' 'M' 'M' 'M' 'M'
 'M' 'M' 'U' 'M' 'U' 'M' 'M' 'M' 'M' 'M' 'M' 'M' 'M' 'M' 'M' 'M' 'M' 'M'
 'M' 'U' 'M' 'M' 'U' 'M' 'M' 'M' 'M' 'M' 'M' 'U' 'M' 'M' 'M' 'M' 'M' 'M']"
20201,2,175,8,167,23,0,0,"['M' 'M' 'M' 'M' 'M' 'M' 'M' 'M' 'M' 'M' 'M' 'M' 'U' 'M' 'M' 'M' 'M' 'M'
 'M' 'M' 'M' 'M' 'M' 'M' 'M' 'M' 'M' 'M' 'M' 'M' 'M' 'M' 'M' 'M' 'U' 'M'
 'M' 'M' 'M' 'M' 'M' 'U' 'M' 'M' 'M' 'U' 'M' 'M' 'M' 'M' 'M' 'M' 'M' 'M'
 'U' 'M' 'M' 'M' 'M' 'M' 'M' 'M' 'M' 'M' 'M' 'U' 'U' 'M' 'M' 'M' 'M' 'U'
 'U' 'M' 'M' 'M' 'U' 'U' 'M' 'M' 'U' 'M' 'M' 'M' 'M' 'M' 'U' 'M' 'M' 'U'
 'M' 'M' 'M' 'M' 'M' 'M' 'M' 'M' 'M' 'M' 'M' 'M' 'M' 'M' 'M' 'M' 'M' 'M'
 'M' 'U' 'M' 'M' 'U' 'M' 'M' 'M' 'M' 'M' 'M' 'M' 'M' 'M' 'M' 'U' 'M' 'M'
 'M' 'M' 'M' 'M' 'A' 'A' 'A' 'A' 'A' 'A' 'A' 'A' 'U' 'M' 'M' 'U' 'M' 'M'
 'M' 'M' 'M' 'M' 'M' 'M' 'M' 'M' 'M' 'M' 'M' 'M' 'M' 'M' 'M' 'M' 'M' 'M'
 'M' 'M' 'U' 'M' 'U' 'M' 'M' 'M' 'M' 'M' 'M' 'M' 'M' 'M' 'M' 'M' 'M' 'M'
 'M' 'U' 'M' 'M' 'U' 'M' 'M' 'M' 'M' 'M' 'M' 'M' 'M' 'M' 'M' 'M' 'M' 'M']"
20301,2,174,9,165,24,0,0,"['M' 'M' 'M' 'M' 'M' 'M' 'M' 'M' 'M' 'M' 'M' 'M' 'U' 'M' 'M' 'M' 'M' 'M'
 'M' 'M' 'M' 'U' 'M' 'M' 'M' 'M' 'M' 'M' 'M' 'M' 'M' 'M' 'M' 'M' 'M' 'M'
 'M' 'M' 'M' 'M' 'M' 'U' 'M' 'M' 'M' 'U' 'M' 'M' 'M' 'M' 'M' 'M' 'M' 'M'
 'M' 'M' 'M' 'M' 'M' 'U' 'M' 'M' 'M' 'M' 'M' 'U' 'U' 'U' 'M' 'M' 'M' 'M'
 'U' 'U' 'U' 'M' 'M' 'U' 'M' 'M' 'M' 'U' 'M' 'M' 'M' 'U' 'M' 'M' 'M' 'M'
 'M' 'M' 'M' 'M' 'M' 'M' 'M' 'M' 'M' 'M' 'M' 'M' 'M' 'M' 'M' 'M' 'U' 'M'
 'M' 'M' 'M' 'M' 'U' 'M' 'M' 'M' 'M' 'M' 'M' 'U' 'M' 'M' 'M' 'U' 'M' 'M'
 'M' 'M' 'M' 'M' 'A' 'A' 'A' 'A' 'A' 'A' 'A' 'A' 'A' 'M' 'M' 'U' 'M' 'M'
 'M' 'M' 'M' 'M' 'U' 'M' 'M' 'M' 'M' 'M' 'M' 'M' 'M' 'M' 'M' 'M' 'M' 'M'
 'M' 'M' 'M' 'M' 'M' 'M' 'M' 'U' 'M' 'M' 'M' 'M' 'M' 'M' 'M' 'M' 'M' 'M'
 'M' 'U' 'U' 'M' 'U' 'M' 'M' 'M' 'M' 'M' 'M' 'M' 'M' 'M' 'M' 'M' 'M' 'M']"
20401,2,172,7,165,26,0,0,"['M' 'M' 'M' 'M' 'M' 'M' 'M' 'M' 'M' 'M' 'M' 'M' 'U' 'M' 'M' 'M' 'M' 'M'
 'M' 'M' 'M' 'U' 'M' 'M' 'M' 'M' 'M' 'M' 'M' 'M' 'M' 'M' 'M' 'M' 'M' 'M'
 'M' 'M' 'M' 'M' 'M' 'M' 'M' 'M' 'M' 'U' 'M' 'M' 'M' 'M' 'M' 'M' 'M' 'M'
 'M' 'M' 'M' 'M' 'M' 'U' 'M' 'M' 'M' 'M' 'M' 'M' 'M' 'U' 'M' 'U' 'M' 'M'
 'M' 'M' 'U' 'U' 'U' 'M' 'M' 'M' 'M' 'M' 'M' 'M' 'M' 'U' 'U' 'M' 'M' 'U'
 'M' 'U' 'M' 'M' 'M' 'M' 'M' 'M' 'M' 'M' 'M' 'U' 'M' 'M' 'M' 'M' 'M' 'M'
 'M' 'M' 'M' 'M' 'U' 'M' 'M' 'M' 'M' 'M' 'M' 'U' 'M' 'M' 'M' 'U' 'M' 'M'
 'M' 'M' 'U' 'M' 'A' 'U' 'A' 'A' 'A' 'A' 'U' 'A' 'A' 'M' 'U' 'M' 'M' 'M'
 'M' 'M' 'M' 'M' 'U' 'U' 'M' 'M' 'M' 'M' 'M' 'M' 'M' 'M' 'M' 'M' 'M' 'M'
 'M' 'M' 'M' 'M' 'M' 'M' 'M' 'U' 'M' 'M' 'M' 'M' 'M' 'M' 'M' 'M' 'M' 'M'
 'M' 'M' 'U' 'M' 'U' 'M' 'M' 'M' 'M' 'M' 'M' 'M' 'M' 'M' 'M' 'M' 'M' 'M']"
20501,2,177,7,170,21,0,0,"['M' 'M' 'M' 'M' 'M' 'U' 'M' 'M' 'M' 'M' 'M' 'M' 'M' 'M' 'M' 'M' 'U' 'M'
 'M' 'M' 'M' 'U' 'M' 'M' 'M' 'M' 'M' 'M' 'M' 'M' 'M' 'M' 'M' 'M' 'M' 'M'
 'M' 'M' 'M' 'M' 'M' 'M' 'M' 'M' 'M' 'M' 'M' 'M' 'M' 'M' 'M' 'M' 'M' 'M'
 'M' 'M' 'M' 'M' 'M' 'U' 'U' 'M' 'M' 'M' 'M' 'M' 'U' 'M' 'U' 'M' 'M' 'M'
 'U' 'M' 'U' 'U' 'M' 'M' 'M' 'U' 'M' 'M' 'M' 'U' 'U' 'M' 'U' 'M' 'M' 'M'
 'M' 'M' 'M' 'M' 'M' 'M' 'M' 'M' 'M' 'M' 'M' 'U' 'M' 'M' 'M' 'M' 'M' 'M'
 'M' 'M' 'M' 'M' 'U' 'M' 'M' 'M' 'M' 'M' 'M' 'U' 'U' 'M' 'M' 'M' 'M' 'M'
 'M' 'M' 'U' 'M' 'A' 'M' 'A' 'A' 'A' 'A' 'U' 'A' 'A' 'M' 'M' 'M' 'M' 'M'
 'M' 'M' 'M' 'M' 'M' 'M' 'M' 'M' 'M' 'M' 'M' 'M' 'M' 'M' 'M' 'M' 'M' 'M'
 'M' 'M' 'M' 'M' 'M' 'M' 'M' 'M' 'M' 'M' 'M' 'M' 'M' 'M' 'M' 'M' 'M' 'M'
 'M' 'M' 'M' 'M' 'U' 'M' 'M' 'M' 'M' 'M' 'M' 'M' 'M' 'M' 'M' 'M' 'M' 'M']"
20601,2,181,6,175,17,0,0,"['M' 'M' 'M' 'M' 'M' 'M' 'M' 'M' 'M' 'M' 'M' 'M' 'M' 'M' 'M' 'M' 'U' 'M'
 'M' 'M' 'M' 'U' 'M' 'M' 'M' 'M' 'M' 'M' 'M' 'M' 'M' 'M' 'M' 'M' 'M' 'M'
 'M' 'M' 'M' 'M' 'M' 'M' 'M' 'M' 'M' 'M' 'M' 'M' 'M' 'M' 'M' 'M' 'M' 'M'
 'M' 'M' 'M' 'M' 'M' 'U' 'M' 'M' 'M' 'M' 'M' 'U' 'M' 'M' 'M' 'M' 'M' 'U'
 'M' 'M' 'M' 'U' 'M' 'M' 'M' 'M' 'M' 'U' 'M' 'U' 'U' 'M' 'M' 'M' 'U' 'M'
 'M' 'M' 'U' 'U' 'M' 'M' 'M' 'M' 'M' 'M' 'M' 'M' 'M' 'M' 'M' 'M' 'M' 'M'
 'M' 'M' 'M' 'M' 'U' 'M' 'M' 'M' 'M' 'M' 'M' 'M' 'M' 'M' 'M' 'M' 'M' 'M'
 'M' 'M' 'M' 'M' 'A' 'M' 'A' 'A' 'A' 'A' 'U' 'U' 'A' 'M' 'M' 'M' 'M' 'M'
 'M' 'U' 'M' 'M' 'M' 'M' 'M' 'M' 'M' 'M' 'M' 'M' 'M' 'M' 'M' 'M' 'M' 'M'
 'M' 'M' 'M' 'M' 'M' 'M' 'M' 'M' 'M' 'M' 'M' 'M' 'M' 'M' 'M' 'M' 'M' 'M'
 'M' 'M' 'M' 'M' 'U' 'M' 'M' 'M' 'M' 'M' 'M' 'M' 'M' 'M' 'M' 'M' 'M' 'M']"
20701,2,182,5,177,16,0,0,"['M' 'M' 'M' 'M' 'U' 'M' 'M' 'M' 'M' 'M' 'M' 'M' 'M' 'M' 'M' 'M' 'U' 'M'
 'M' 'M' 'M' 'U' 'M' 'M' 'M' 'M' 'M' 'M' 'M' 'M' 'M' 'M' 'M' 'M' 'M' 'M'
 'M' 'M' 'M' 'M' 'M' 'M' 'M' 'M' 'M' 'M' 'M' 'M' 'M' 'M' 'M' 'M' 'M' 'M'
 'M' 'M' 'M' 'M' 'M' 'U' 'M' 'M' 'M' 'M' 'M' 'M' 'M' 'U' 'M' 'M' 'M' 'M'
 'M' 'U' 'M' 'M' 'U' 'U' 'M' 'M' 'M' 'M' 'U' 'U' 'M' 'M' 'U' 'M' 'M' 'U'
 'M' 'U' 'M' 'M' 'M' 'M' 'M' 'M' 'M' 'M' 'M' 'M' 'M' 'M' 'M' 'M' 'M' 'M'
 'M' 'M' 'M' 'M' 'U' 'M' 'M' 'M' 'M' 'M' 'M' 'M' 'M' 'M' 'M' 'M' 'M' 'M'
 'M' 'M' 'M' 'M' 'A' 'M' 'M' 'A' 'A' 'U' 'A' 'A' 'M' 'M' 'M' 'M' 'M' 'M'
 'M' 'M' 'M' 'M' 'M' 'M' 'M' 'M' 'M' 'M' 'M' 'M' 'M' 'M' 'M' 'M' 'M' 'M'
 'M' 'M' 'M' 'M' 'M' 'M' 'M' 'M' 'M' 'M' 'M' 'M' 'M' 'M' 'M' 'M' 'M' 'M'
 'M' 'M' 'M' 'M' 'U' 'M' 'M' 'M' 'M' 'M' 'M' 'M' 'M' 'M' 'M' 'M' 'M' 'M']"
20801,3,178,4,174,20,0,0,"['M' 'M' 'M' 'M' 'U' 'M' 'M' 'M' 'M' 'M' 'M' 'M' 'M' 'M' 'M' 'M' 'U' 'U'
 'M' 'M' 'M' 'U' 'M' 'M' 'M' 'M' 'M' 'M' 'M' 'M' 'M' 'M' 'M' 'M' 'M' 'M'
 'M' 'M' 'M' 'M' 'M' 'M' 'M' 'M' 'M' 'M' 'M' 'M' 'M' 'M' 'M' 'M' 'M' 'M'
 'M' 'M' 'M' 'M' 'M' 'M' 'M' 'M' 'M' 'M' 'M' 'M' 'M' 'U' 'M' 'M' 'M' 'M'
 'M' 'U' 'U' 'M' 'M' 'M' 'M' 'U' 'M' 'M' 'U' 'M' 'U' 'M' 'U' 'M' 'M' 'M'
 'M' 'M' 'U' 'M' 'U' 'M' 'M' 'M' 'M' 'M' 'M' 'M' 'M' 'M' 'M' 'M' 'M' 'M'
 'M' 'M' 'M' 'M' 'U' 'M' 'M' 'M' 'M' 'M' 'M' 'M' 'M' 'M' 'M' 'M' 'M' 'M'
 'M' 'M' 'M' 'M' 'A' 'A' 'A' 'U' 'U' 'U' 'U' 'A' 'M' 'M' 'M' 'U' 'M' 'M'
 'M' 'U' 'M' 'M' 'M' 'M' 'M' 'M' 'M' 'M' 'M' 'M' 'M' 'M' 'M' 'M' 'M' 'M'
 'M' 'M' 'M' 'M' 'M' 'M' 'M' 'M' 'M' 'M' 'M' 'M' 'M' 'M' 'M' 'M' 'M' 'M'
 'M' 'M' 'M' 'M' 'M' 'M' 'M' 'M' 'M' 'M' 'M' 'M' 'M' 'M' 'M' 'M' 'M' 'M']"
20901,2,180,6,174,18,0,0,"['M' 'M' 'M' 'M' 'U' 'M' 'M' 'M' 'M' 'M' 'M' 'M' 'M' 'M' 'M' 'M' 'U' 'M'
 'M' 'M' 'M' 'U' 'M' 'M' 'M' 'M' 'M' 'M' 'M' 'M' 'M' 'M' 'M' 'M' 'M' 'M'
 'M' 'M' 'M' 'M' 'M' 'M' 'M' 'M' 'M' 'M' 'M' 'M' 'M' 'M' 'M' 'M' 'M' 'M'
 'M' 'M' 'M' 'M' 'M' 'M' 'M' 'M' 'M' 'M' 'M' 'M' 'M' 'M' 'U' 'U' 'M' 'M'
 'M' 'U' 'M' 'M' 'M' 'U' 'U' 'M' 'M' 'M' 'M' 'M' 'M' 'U' 'M' 'U' 'M' 'U'
 'M' 'M' 'M' 'M' 'U' 'M' 'M' 'M' 'M' 'M' 'U' 'M' 'M' 'M' 'M' 'M' 'M' 'M'
 'M' 'M' 'M' 'M' 'M' 'M' 'M' 'M' 'M' 'M' 'M' 'M' 'M' 'M' 'M' 'M' 'M' 'M'
 'M' 'M' 'M' 'M' 'A' 'A' 'U' 'A' 'A' 'A' 'U' 'A' 'U' 'M' 'M' 'U' 'M' 'M'
 'M' 'U' 'M' 'M' 'M' 'M' 'M' 'M' 'M' 'M' 'M' 'M' 'M' 'M' 'M' 'M' 'M' 'M'
 'M' 'M' 'M' 'M' 'M' 'M' 'M' 'M' 'M' 'M' 'M' 'M' 'M' 'M' 'M' 'M' 'M' 'M'
 'M' 'M' 'M' 'M' 'M' 'M' 'M' 'M' 'M' 'M' 'M' 'M' 'M' 'M' 'M' 'M' 'M' 'M']"
21001,2,179,8,171,19,0,0,"['M' 'M' 'M' 'M' 'U' 'M' 'M' 'M' 'M' 'M' 'M' 'M' 'M' 'M' 'M' 'M' 'U' 'M'
 'M' 'M' 'M' 'U' 'M' 'M' 'M' 'M' 'M' 'M' 'M' 'M' 'U' 'M' 'M' 'M' 'U' 'M'
 'M' 'M' 'U' 'M' 'M' 'M' 'M' 'M' 'M' 'M' 'M' 'M' 'M' 'M' 'M' 'M' 'M' 'M'
 'M' 'M' 'M' 'M' 'M' 'M' 'M' 'M' 'M' 'M' 'M' 'M' 'U' 'U' 'M' 'M' 'M' 'M'
 'U' 'U' 'M' 'U' 'U' 'M' 'M' 'M' 'M' 'M' 'M' 'U' 'U' 'M' 'M' 'M' 'M' 'M'
 'M' 'U' 'M' 'M' 'M' 'M' 'M' 'M' 'M' 'M' 'U' 'M' 'M' 'M' 'M' 'M' 'M' 'M'
 'M' 'M' 'M' 'M' 'M' 'M' 'M' 'M' 'M' 'M' 'M' 'M' 'M' 'M' 'A' 'M' 'M' 'M'
 'M' 'M' 'M' 'M' 'A' 'A' 'U' 'A' 'A' 'A' 'A' 'A' 'U' 'M' 'M' 'U' 'M' 'M'
 'M' 'M' 'M' 'M' 'M' 'M' 'M' 'M' 'M' 'M' 'M' 'M' 'M' 'M' 'M' 'M' 'M' 'M'
 'M' 'M' 'M' 'M' 'M' 'M' 'M' 'M' 'M' 'M' 'M' 'M' 'M' 'M' 'M' 'M' 'M' 'M'
 'M' 'M' 'M' 'M' 'M' 'M' 'M' 'M' 'M' 'M' 'M' 'M' 'M' 'M' 'M' 'M' 'M' 'M']"
21101,2,179,5,174,19,0,0,"['M' 'M' 'M' 'M' 'M' 'M' 'M' 'M' 'M' 'U' 'M' 'M' 'M' 'M' 'M' 'M' 'M' 'M'
 'M' 'M' 'M' 'U' 'M' 'M' 'M' 'M' 'M' 'M' 'M' 'M' 'U' 'M' 'M' 'M' 'U' 'M'
 'M' 'M' 'U' 'M' 'M' 'M' 'M' 'M' 'M' 'M' 'M' 'M' 'M' 'M' 'M' 'M' 'M' 'M'
 'M' 'M' 'M' 'M' 'M' 'M' 'M' 'M' 'M' 'M' 'M' 'M' 'U' 'M' 'U' 'M' 'M' 'M'
 'U' 'M' 'M' 'M' 'M' 'U' 'M' 'M' 'M' 'M' 'U' 'M' 'M' 'U' 'M' 'M' 'M' 'U'
 'U' 'M' 'M' 'U' 'M' 'M' 'M' 'M' 'M' 'M' 'M' 'M' 'M' 'M' 'M' 'M' 'M' 'M'
 'M' 'M' 'M' 'M' 'M' 'M' 'M' 'M' 'U' 'M' 'M' 'M' 'M' 'M' 'A' 'M' 'M' 'M'
 'M' 'M' 'M' 'M' 'A' 'A' 'M' 'M' 'A' 'U' 'U' 'A' 'U' 'M' 'M' 'M' 'M' 'M'
 'M' 'M' 'M' 'M' 'M' 'M' 'M' 'M' 'M' 'M' 'M' 'M' 'M' 'M' 'M' 'M' 'U' 'M'
 'M' 'M' 'M' 'M' 'M' 'M' 'M' 'M' 'M' 'M' 'M' 'M' 'M' 'M' 'M' 'M' 'M' 'M'
 'M' 'M' 'M' 'M' 'M' 'M' 'M' 'M' 'M' 'M' 'M' 'M' 'M' 'M' 'M' 'M' 'M' 'M']"
21201,2,179,4,175,19,0,0,"['M' 'M' 'M' 'M' 'M' 'M' 'M' 'U' 'M' 'U' 'M' 'M' 'M' 'M' 'M' 'M' 'M' 'M'
 'M' 'M' 'M' 'M' 'M' 'M' 'M' 'M' 'M' 'U' 'M' 'M' 'U' 'M' 'M' 'M' 'M' 'M'
 'M' 'M' 'U' 'M' 'M' 'M' 'M' 'M' 'M' 'M' 'M' 'M' 'M' 'M' 'M' 'M' 'M' 'M'
 'M' 'M' 'M' 'M' 'M' 'M' 'M' 'M' 'M' 'M' 'M' 'M' 'M' 'M' 'M' 'U' 'U' 'M'
 'M' 'M' 'M' 'U' 'M' 'M' 'U' 'U' 'M' 'M' 'M' 'U' 'M' 'M' 'M' 'M' 'U' 'M'
 'M' 'U' 'M' 'U' 'M' 'M' 'M' 'M' 'M' 'M' 'M' 'M' 'M' 'M' 'M' 'M' 'M' 'M'
 'M' 'M' 'M' 'M' 'M' 'M' 'M' 'M' 'M' 'M' 'M' 'M' 'M' 'M' 'A' 'M' 'M' 'M'
 'M' 'M' 'M' 'M' 'A' 'A' 'M' 'M' 'A' 'U' 'U' 'M' 'U' 'M' 'M' 'M' 'M' 'M'
 'M' 'M' 'M' 'M' 'M' 'M' 'M' 'M' 'M' 'M' 'M' 'M' 'M' 'M' 'M' 'M' 'U' 'M'
 'M' 'M' 'M' 'M' 'M' 'M' 'M' 'M' 'M' 'M' 'M' 'M' 'M' 'M' 'M' 'M' 'M' 'M'
 'M' 'M' 'M' 'M' 'M' 'M' 'M' 'M' 'M' 'M' 'M' 'M' 'M' 'M' 'M' 'M' 'M' 'U']"
21301,2,180,8,172,18,0,0,"['M' 'M' 'M' 'M' 'M' 'M' 'M' 'M' 'M' 'U' 'M' 'M' 'M' 'M' 'M' 'M' 'M' 'M'
 'M' 'M' 'M' 'M' 'M' 'M' 'M' 'M' 'M' 'M' 'M' 'M' 'M' 'M' 'M' 'M' 'M' 'M'
 'M' 'M' 'U' 'M' 'M' 'M' 'M' 'M' 'M' 'M' 'M' 'M' 'M' 'M' 'M' 'M' 'M' 'M'
 'M' 'U' 'M' 'M' 'M' 'M' 'M' 'M' 'M' 'M' 'M' 'M' 'U' 'U' 'U' 'M' 'M' 'U'
 'M' 'M' 'M' 'M' 'M' 'U' 'M' 'U' 'M' 'M' 'M' 'U' 'M' 'M' 'U' 'U' 'M' 'M'
 'M' 'M' 'M' 'M' 'M' 'M' 'M' 'M' 'M' 'M' 'M' 'M' 'M' 'M' 'M' 'M' 'M' 'M'
 'M' 'M' 'U' 'M' 'M' 'M' 'M' 'M' 'M' 'M' 'M' 'M' 'M' 'M' 'A' 'M' 'M' 'M'
 'M' 'M' 'M' 'M' 'A' 'A' 'M' 'A' 'A' 'U' 'A' 'A' 'A' 'M' 'M' 'M' 'M' 'M'
 'M' 'M' 'M' 'M' 'M' 'M' 'M' 'M' 'M' 'M' 'M' 'M' 'M' 'M' 'M' 'M' 'U' 'M'
 'M' 'U' 'U' 'M' 'M' 'M' 'M' 'M' 'M' 'M' 'M' 'M' 'M' 'M' 'M' 'M' 'M' 'M'
 'M' 'M' 'M' 'M' 'M' 'M' 'M' 'M' 'M' 'M' 'M' 'M' 'M' 'M' 'M' 'M' 'M' 'U']"
21401,2,181,9,172,17,0,0,"['M' 'M' 'M' 'M' 'M' 'M' 'M' 'M' 'M' 'U' 'M' 'M' 'M' 'M' 'M' 'M' 'M' 'M'
 'M' 'M' 'M' 'M' 'M' 'M' 'M' 'M' 'M' 'M' 'M' 'M' 'M' 'M' 'M' 'M' 'M' 'M'
 'M' 'M' 'U' 'M' 'M' 'M' 'M' 'M' 'M' 'M' 'M' 'M' 'M' 'M' 'M' 'M' 'M' 'M'
 'M' 'M' 'M' 'M' 'M' 'M' 'M' 'M' 'M' 'M' 'M' 'U' 'M' 'U' 'U' 'M' 'U' 'U'
 'M' 'M' 'M' 'U' 'M' 'U' 'M' 'M' 'U' 'M' 'M' 'M' 'M' 'M' 'M' 'M' 'M' 'M'
 'M' 'M' 'U' 'M' 'M' 'M' 'M' 'M' 'M' 'M' 'M' 'M' 'M' 'M' 'M' 'M' 'M' 'M'
 'M' 'M' 'M' 'M' 'M' 'M' 'M' 'M' 'M' 'M' 'M' 'M' 'M' 'M' 'A' 'M' 'U' 'M'
 'M' 'M' 'M' 'M' 'A' 'A' 'A' 'A' 'A' 'A' 'M' 'U' 'A' 'M' 'M' 'M' 'U' 'M'
 'M' 'M' 'M' 'M' 'M' 'M' 'M' 'M' 'M' 'M' 'M' 'M' 'M' 'M' 'M' 'M' 'A' 'M'
 'M' 'U' 'U' 'M' 'M' 'M' 'M' 'M' 'M' 'M' 'M' 'M' 'M' 'M' 'M' 'M' 'M' 'M'
 'M' 'M' 'M' 'M' 'M' 'M' 'M' 'M' 'M' 'M' 'M' 'M' 'M' 'M' 'M' 'M' 'M' 'U']"
21501,2,179,11,168,19,0,0,"['M' 'M' 'M' 'M' 'M' 'M' 'M' 'M' 'M' 'U' 'M' 'M' 'M' 'M' 'M' 'M' 'M' 'M'
 'M' 'M' 'M' 'M' 'M' 'M' 'M' 'M' 'M' 'M' 'M' 'M' 'M' 'M' 'M' 'M' 'M' 'M'
 'M' 'M' 'U' 'M' 'M' 'M' 'M' 'M' 'M' 'M' 'M' 'M' 'M' 'M' 'M' 'M' 'M' 'M'
 'M' 'U' 'M' 'M' 'M' 'M' 'M' 'M' 'M' 'M' 'M' 'U' 'U' 'M' 'U' 'M' 'M' 'M'
 'M' 'M' 'M' 'M' 'M' 'M' 'M' 'M' 'M' 'M' 'U' 'U' 'U' 'M' 'M' 'U' 'M' 'U'
 'M' 'M' 'M' 'M' 'U' 'M' 'M' 'U' 'M' 'M' 'M' 'M' 'U' 'M' 'M' 'M' 'M' 'M'
 'M' 'M' 'M' 'M' 'M' 'M' 'M' 'M' 'M' 'M' 'M' 'M' 'M' 'M' 'A' 'M' 'U' 'M'
 'M' 'M' 'M' 'M' 'A' 'A' 'A' 'A' 'A' 'A' 'A' 'A' 'A' 'M' 'M' 'M' 'U' 'M'
 'M' 'M' 'M' 'M' 'M' 'M' 'M' 'M' 'M' 'M' 'M' 'M' 'M' 'M' 'M' 'M' 'A' 'M'
 'M' 'U' 'U' 'M' 'M' 'M' 'M' 'M' 'M' 'M' 'M' 'M' 'M' 'M' 'M' 'M' 'M' 'M'
 'M' 'M' 'M' 'M' 'M' 'M' 'M' 'U' 'M' 'M' 'M' 'M' 'M' 'M' 'M' 'M' 'M' 'M']"
21601,2,179,9,170,19,0,0,"['M' 'M' 'M' 'M' 'M' 'M' 'M' 'M' 'M' 'U' 'M' 'M' 'M' 'M' 'M' 'M' 'M' 'M'
 'M' 'M' 'M' 'M' 'M' 'M' 'M' 'M' 'M' 'M' 'M' 'M' 'M' 'U' 'M' 'M' 'M' 'M'
 'M' 'M' 'M' 'M' 'M' 'M' 'M' 'M' 'M' 'M' 'M' 'M' 'M' 'M' 'M' 'M' 'M' 'M'
 'M' 'M' 'M' 'M' 'M' 'M' 'M' 'M' 'M' 'M' 'M' 'M' 'M' 'M' 'M' 'U' 'M' 'M'
 'U' 'M' 'M' 'M' 'U' 'U' 'M' 'M' 'M' 'U' 'M' 'M' 'M' 'M' 'U' 'M' 'U' 'U'
 'U' 'M' 'M' 'M' 'M' 'M' 'M' 'M' 'M' 'M' 'M' 'M' 'M' 'M' 'M' 'M' 'M' 'M'
 'M' 'M' 'M' 'M' 'M' 'M' 'M' 'M' 'M' 'M' 'M' 'M' 'M' 'M' 'A' 'M' 'U' 'M'
 'M' 'M' 'M' 'M' 'A' 'A' 'A' 'U' 'U' 'A' 'A' 'A' 'A' 'M' 'M' 'U' 'U' 'M'
 'M' 'M' 'M' 'M' 'M' 'M' 'M' 'M' 'M' 'M' 'M' 'M' 'M' 'M' 'M' 'M' 'A' 'M'
 'M' 'U' 'M' 'M' 'M' 'M' 'M' 'M' 'M' 'M' 'M' 'M' 'M' 'M' 'M' 'M' 'M' 'M'
 'M' 'M' 'M' 'M' 'M' 'M' 'M' 'U' 'M' 'M' 'M' 'M' 'M' 'M' 'U' 'M' 'M' 'M']"
21701,2,176,7,169,22,0,0,"['M' 'M' 'M' 'M' 'M' 'M' 'M' 'M' 'M' 'U' 'M' 'M' 'M' 'M' 'M' 'M' 'M' 'M'
 'M' 'M' 'M' 'M' 'M' 'M' 'M' 'M' 'M' 'M' 'M' 'M' 'M' 'M' 'M' 'M' 'M' 'M'
 'M' 'M' 'M' 'M' 'M' 'M' 'M' 'M' 'U' 'M' 'M' 'M' 'M' 'M' 'M' 'M' 'M' 'M'
 'M' 'M' 'M' 'M' 'M' 'M' 'M' 'M' 'M' 'M' 'M' 'U' 'U' 'M' 'U' 'M' 'M' 'M'
 'M' 'M' 'M' 'M' 'M' 'M' 'U' 'M' 'M' 'M' 'M' 'U' 'M' 'M' 'M' 'M' 'M' 'U'
 'M' 'U' 'M' 'U' 'U' 'M' 'M' 'M' 'M' 'M' 'M' 'U' 'M' 'M' 'M' 'M' 'M' 'M'
 'M' 'M' 'M' 'M' 'M' 'M' 'M' 'M' 'M' 'M' 'M' 'M' 'M' 'M' 'U' 'M' 'M' 'M'
 'M' 'M' 'M' 'M' 'A' 'A' 'A' 'U' 'U' 'A' 'A' 'A' 'U' 'M' 'M' 'U' 'U' 'M'
 'M' 'M' 'M' 'M' 'M' 'M' 'M' 'M' 'M' 'M' 'M' 'M' 'M' 'M' 'M' 'M' 'U' 'M'
 'M' 'M' 'U' 'M' 'M' 'M' 'M' 'M' 'M' 'M' 'M' 'M' 'M' 'M' 'M' 'M' 'M' 'M'
 'M' 'M' 'M' 'U' 'M' 'M' 'M' 'U' 'M' 'M' 'M' 'M' 'M' 'M' 'A' 'M' 'M' 'M']"
21801,2,176,7,169,22,0,0,"['M' 'M' 'M' 'M' 'M' 'M' 'M' 'M' 'M' 'M' 'M' 'M' 'M' 'M' 'M' 'M' 'M' 'M'
 'M' 'M' 'M' 'M' 'M' 'M' 'M' 'M' 'M' 'M' 'M' 'M' 'M' 'M' 'M' 'M' 'M' 'M'
 'M' 'M' 'M' 'M' 'M' 'M' 'M' 'M' 'U' 'M' 'M' 'M' 'M' 'M' 'M' 'M' 'M' 'M'
 'M' 'M' 'M' 'M' 'M' 'M' 'M' 'M' 'M' 'M' 'M' 'M' 'U' 'U' 'M' 'M' 'M' 'M'
 'U' 'M' 'U' 'M' 'M' 'U' 'M' 'M' 'M' 'M' 'M' 'U' 'M' 'M' 'M' 'M' 'U' 'M'
 'M' 'U' 'U' 'M' 'M' 'M' 'M' 'M' 'M' 'M' 'M' 'U' 'M' 'M' 'M' 'M' 'M' 'M'
 'M' 'M' 'M' 'M' 'M' 'M' 'M' 'M' 'M' 'U' 'M' 'M' 'M' 'M' 'U' 'M' 'M' 'M'
 'M' 'M' 'M' 'M' 'A' 'A' 'A' 'M' 'U' 'A' 'A' 'A' 'U' 'M' 'M' 'U' 'U' 'M'
 'M' 'M' 'M' 'M' 'M' 'M' 'M' 'M' 'M' 'M' 'M' 'M' 'M' 'M' 'M' 'M' 'M' 'M'
 'M' 'M' 'U' 'M' 'M' 'U' 'M' 'M' 'M' 'M' 'M' 'M' 'M' 'M' 'M' 'M' 'M' 'M'
 'M' 'M' 'M' 'M' 'M' 'M' 'M' 'U' 'M' 'M' 'U' 'M' 'M' 'M' 'A' 'M' 'M' 'U']"
21901,2,182,6,176,16,0,0,"['M' 'M' 'M' 'M' 'M' 'M' 'M' 'M' 'M' 'M' 'M' 'M' 'M' 'M' 'M' 'M' 'M' 'M'
 'M' 'M' 'M' 'M' 'M' 'M' 'M' 'M' 'M' 'M' 'M' 'M' 'M' 'M' 'M' 'M' 'M' 'M'
 'M' 'M' 'M' 'M' 'M' 'M' 'M' 'M' 'U' 'M' 'M' 'M' 'M' 'M' 'M' 'M' 'M' 'M'
 'M' 'M' 'M' 'M' 'M' 'M' 'M' 'M' 'M' 'M' 'M' 'M' 'U' 'M' 'U' 'U' 'M' 'M'
 'U' 'M' 'M' 'M' 'M' 'U' 'U' 'U' 'M' 'M' 'M' 'M' 'U' 'U' 'M' 'M' 'M' 'M'
 'M' 'M' 'M' 'M' 'M' 'M' 'M' 'M' 'M' 'M' 'M' 'M' 'M' 'M' 'M' 'M' 'M' 'M'
 'M' 'M' 'M' 'M' 'M' 'M' 'M' 'M' 'M' 'M' 'M' 'M' 'M' 'M' 'U' 'M' 'M' 'M'
 'M' 'M' 'M' 'M' 'A' 'M' 'A' 'M' 'M' 'A' 'A' 'A' 'U' 'M' 'M' 'U' 'U' 'M'
 'M' 'M' 'M' 'M' 'M' 'M' 'M' 'M' 'M' 'M' 'M' 'M' 'M' 'M' 'M' 'M' 'M' 'M'
 'M' 'M' 'U' 'M' 'M' 'M' 'M' 'M' 'M' 'M' 'M' 'M' 'M' 'M' 'M' 'M' 'M' 'M'
 'M' 'M' 'M' 'M' 'M' 'M' 'M' 'M' 'M' 'M' 'U' 'M' 'M' 'M' 'A' 'M' 'M' 'M']"
22001,2,181,9,172,17,0,0,"['M' 'M' 'M' 'M' 'M' 'M' 'M' 'M' 'M' 'M' 'M' 'M' 'M' 'M' 'M' 'M' 'M' 'M'
 'M' 'M' 'M' 'M' 'M' 'M' 'M' 'M' 'M' 'M' 'U' 'M' 'M' 'M' 'M' 'M' 'M' 'M'
 'M' 'M' 'M' 'M' 'M' 'M' 'M' 'M' 'U' 'M' 'M' 'M' 'M' 'M' 'M' 'M' 'M' 'M'
 'M' 'M' 'M' 'M' 'M' 'M' 'M' 'M' 'M' 'M' 'M' 'U' 'M' 'U' 'U' 'M' 'M' 'M'
 'U' 'M' 'M' 'M' 'U' 'M' 'M' 'M' 'M' 'U' 'M' 'M' 'M' 'U' 'M' 'M' 'M' 'M'
 'M' 'M' 'U' 'U' 'M' 'M' 'M' 'M' 'M' 'M' 'M' 'M' 'M' 'M' 'M' 'M' 'M' 'M'
 'M' 'M' 'M' 'M' 'M' 'M' 'M' 'M' 'M' 'M' 'M' 'M' 'M' 'M' 'U' 'M' 'M' 'M'
 'M' 'M' 'M' 'M' 'A' 'A' 'A' 'A' 'A' 'A' 'A' 'U' 'A' 'M' 'M' 'U' 'U' 'M'
 'M' 'M' 'M' 'M' 'M' 'M' 'M' 'M' 'M' 'M' 'M' 'M' 'M' 'M' 'M' 'M' 'M' 'U'
 'M' 'M' 'U' 'M' 'M' 'M' 'M' 'M' 'M' 'M' 'M' 'M' 'M' 'M' 'M' 'M' 'M' 'M'
 'M' 'M' 'M' 'M' 'M' 'M' 'M' 'M' 'M' 'M' 'M' 'M' 'M' 'M' 'A' 'M' 'M' 'M']"
22101,3,182,8,174,16,0,0,"['M' 'M' 'M' 'M' 'M' 'M' 'M' 'M' 'M' 'M' 'M' 'M' 'M' 'M' 'M' 'M' 'M' 'M'
 'M' 'M' 'M' 'M' 'M' 'M' 'M' 'M' 'M' 'M' 'M' 'M' 'M' 'M' 'M' 'M' 'M' 'M'
 'M' 'M' 'M' 'M' 'M' 'M' 'M' 'M' 'M' 'M' 'M' 'M' 'M' 'M' 'M' 'M' 'U' 'M'
 'M' 'M' 'M' 'M' 'M' 'M' 'M' 'M' 'M' 'M' 'M' 'M' 'M' 'U' 'M' 'M' 'U' 'M'
 'M' 'M' 'U' 'U' 'M' 'U' 'U' 'M' 'M' 'M' 'M' 'M' 'U' 'M' 'U' 'M' 'M' 'M'
 'M' 'U' 'M' 'M' 'M' 'M' 'M' 'M' 'M' 'M' 'M' 'M' 'M' 'M' 'M' 'M' 'M' 'M'
 'M' 'M' 'M' 'M' 'M' 'M' 'M' 'M' 'M' 'M' 'M' 'M' 'M' 'M' 'U' 'M' 'M' 'M'
 'M' 'M' 'M' 'M' 'A' 'A' 'A' 'A' 'A' 'U' 'A' 'A' 'A' 'M' 'M' 'U' 'M' 'M'
 'M' 'M' 'M' 'M' 'M' 'M' 'M' 'M' 'M' 'M' 'M' 'M' 'M' 'M' 'M' 'M' 'M' 'U'
 'M' 'M' 'U' 'M' 'M' 'M' 'M' 'M' 'M' 'M' 'M' 'M' 'M' 'M' 'M' 'M' 'M' 'M'
 'M' 'M' 'M' 'M' 'M' 'M' 'M' 'M' 'M' 'M' 'M' 'M' 'M' 'M' 'U' 'M' 'M' 'M']"
22201,3,181,9,172,17,0,0,"['M' 'M' 'M' 'M' 'M' 'M' 'M' 'M' 'M' 'M' 'M' 'M' 'M' 'M' 'M' 'M' 'M' 'M'
 'M' 'M' 'M' 'M' 'M' 'M' 'M' 'M' 'M' 'M' 'M' 'M' 'M' 'M' 'M' 'M' 'M' 'M'
 'M' 'M' 'M' 'M' 'M' 'M' 'U' 'M' 'M' 'M' 'M' 'M' 'M' 'M' 'M' 'M' 'U' 'M'
 'M' 'M' 'M' 'M' 'M' 'M' 'M' 'M' 'M' 'M' 'M' 'U' 'M' 'U' 'M' 'M' 'M' 'M'
 'U' 'M' 'M' 'M' 'U' 'M' 'U' 'M' 'M' 'U' 'M' 'M' 'M' 'U' 'M' 'M' 'M' 'U'
 'M' 'M' 'M' 'U' 'M' 'M' 'M' 'M' 'U' 'M' 'M' 'M' 'M' 'M' 'M' 'M' 'M' 'M'
 'M' 'M' 'M' 'M' 'M' 'M' 'M' 'M' 'M' 'M' 'M' 'M' 'M' 'M' 'U' 'M' 'M' 'M'
 'M' 'M' 'M' 'M' 'A' 'A' 'A' 'A' 'A' 'A' 'A' 'A' 'A' 'M' 'M' 'M' 'M' 'M'
 'M' 'U' 'M' 'M' 'M' 'M' 'M' 'M' 'M' 'M' 'M' 'M' 'M' 'M' 'M' 'M' 'M' 'U'
 'M' 'M' 'U' 'M' 'M' 'U' 'M' 'M' 'M' 'M' 'M' 'M' 'M' 'M' 'M' 'M' 'M' 'M'
 'M' 'M' 'M' 'M' 'M' 'M' 'M' 'M' 'M' 'M' 'M' 'M' 'M' 'M' 'M' 'M' 'M' 'M']"
22301,2,181,8,173,17,0,0,"['M' 'M' 'M' 'M' 'M' 'M' 'M' 'M' 'M' 'M' 'M' 'M' 'M' 'M' 'M' 'M' 'M' 'M'
 'M' 'M' 'M' 'M' 'M' 'M' 'M' 'M' 'M' 'M' 'M' 'M' 'M' 'M' 'M' 'M' 'M' 'U'
 'M' 'M' 'M' 'M' 'M' 'M' 'M' 'M' 'M' 'M' 'M' 'U' 'M' 'M' 'M' 'M' 'M' 'M'
 'M' 'M' 'M' 'M' 'M' 'M' 'M' 'M' 'M' 'M' 'M' 'U' 'M' 'M' 'U' 'U' 'M' 'M'
 'M' 'M' 'M' 'M' 'M' 'U' 'M' 'M' 'M' 'U' 'U' 'M' 'U' 'M' 'M' 'M' 'M' 'M'
 'M' 'M' 'U' 'M' 'U' 'M' 'M' 'M' 'M' 'M' 'M' 'M' 'M' 'M' 'M' 'M' 'M' 'M'
 'M' 'U' 'M' 'M' 'M' 'M' 'M' 'M' 'M' 'M' 'M' 'M' 'M' 'M' 'U' 'M' 'M' 'M'
 'M' 'M' 'M' 'M' 'A' 'M' 'A' 'A' 'A' 'A' 'A' 'A' 'A' 'M' 'M' 'M' 'M' 'M'
 'M' 'U' 'M' 'M' 'M' 'M' 'M' 'M' 'M' 'M' 'M' 'M' 'M' 'M' 'M' 'M' 'M' 'U'
 'M' 'M' 'M' 'U' 'M' 'U' 'M' 'M' 'M' 'M' 'M' 'M' 'M' 'M' 'M' 'M' 'M' 'M'
 'M' 'M' 'M' 'M' 'M' 'M' 'M' 'M' 'M' 'M' 'M' 'M' 'M' 'M' 'M' 'M' 'M' 'M']"
22401,2,176,8,168,22,0,0,"['M' 'M' 'M' 'M' 'M' 'M' 'M' 'M' 'M' 'M' 'M' 'M' 'M' 'U' 'M' 'M' 'M' 'M'
 'M' 'M' 'M' 'M' 'M' 'M' 'M' 'M' 'M' 'M' 'M' 'M' 'M' 'M' 'M' 'M' 'M' 'U'
 'M' 'M' 'M' 'M' 'M' 'M' 'M' 'M' 'M' 'M' 'M' 'U' 'M' 'M' 'U' 'M' 'M' 'M'
 'M' 'M' 'M' 'M' 'M' 'M' 'M' 'M' 'M' 'M' 'M' 'M' 'M' 'M' 'M' 'M' 'M' 'U'
 'M' 'M' 'U' 'M' 'M' 'U' 'M' 'U' 'M' 'U' 'M' 'M' 'U' 'M' 'U' 'M' 'M' 'M'
 'M' 'M' 'U' 'M' 'U' 'M' 'M' 'M' 'M' 'M' 'M' 'M' 'M' 'M' 'M' 'M' 'M' 'M'
 'M' 'M' 'M' 'M' 'M' 'M' 'M' 'M' 'M' 'M' 'M' 'M' 'M' 'M' 'U' 'M' 'M' 'M'
 'M' 'M' 'M' 'M' 'A' 'A' 'A' 'A' 'A' 'U' 'A' 'A' 'A' 'M' 'M' 'M' 'M' 'U'
 'M' 'U' 'M' 'M' 'M' 'M' 'M' 'M' 'M' 'M' 'M' 'M' 'M' 'U' 'M' 'M' 'M' 'U'
 'M' 'M' 'M' 'U' 'M' 'M' 'M' 'M' 'M' 'M' 'M' 'M' 'M' 'M' 'U' 'M' 'M' 'M'
 'M' 'M' 'M' 'M' 'M' 'U' 'M' 'M' 'M' 'M' 'M' 'M' 'M' 'M' 'M' 'M' 'M' 'M']"
22501,2,181,6,175,17,0,1,"['M' 'M' 'M' 'M' 'M' 'M' 'M' 'M' 'M' 'M' 'M' 'M' 'M' 'M' 'M' 'M' 'M' 'M'
 'M' 'M' 'M' 'M' 'M' 'M' 'M' 'M' 'M' 'M' 'M' 'U' 'M' 'M' 'M' 'M' 'M' 'U'
 'M' 'M' 'M' 'M' 'M' 'M' 'M' 'M' 'M' 'M' 'M' 'U' 'M' 'M' 'U' 'M' 'M' 'M'
 'M' 'M' 'M' 'M' 'M' 'M' 'M' 'M' 'M' 'M' 'M' 'M' 'M' 'M' 'M' 'U' 'U' 'M'
 'M' 'M' 'U' 'M' 'M' 'M' 'U' 'M' 'M' 'M' 'M' 'U' 'M' 'M' 'M' 'U' 'M' 'U'
 'M' 'U' 'M' 'M' 'U' 'M' 'M' 'M' 'M' 'M' 'M' 'M' 'M' 'M' 'M' 'M' 'M' 'M'
 'M' 'M' 'M' 'M' 'M' 'M' 'M' 'M' 'M' 'M' 'M' 'M' 'M' 'M' 'U' 'M' 'M' 'M'
 'M' 'M' 'M' 'M' 'A' 'U' 'A' 'M' 'A' 'M' 'A' 'A' 'A' 'M' 'M' 'M' 'M' 'M'
 'M' 'U' 'M' 'M' 'M' 'M' 'M' 'M' 'M' 'M' 'M' 'M' 'M' 'M' 'M' 'M' 'M' 'M'
 'M' 'M' 'M' 'M' 'M' 'M' 'M' 'M' 'M' 'M' 'M' 'M' 'M' 'M' 'U' 'M' 'M' 'M'
 'M' 'M' 'M' 'M' 'M' 'M' 'M' 'M' 'M' 'M' 'M' 'M' 'M' 'M' 'M' 'M' 'M' 'M']"
22601,2,178,3,175,20,0,0,"['M' 'M' 'M' 'M' 'M' 'M' 'U' 'M' 'U' 'M' 'M' 'M' 'M' 'M' 'M' 'M' 'M' 'M'
 'M' 'M' 'M' 'M' 'M' 'M' 'M' 'M' 'M' 'M' 'M' 'U' 'M' 'M' 'M' 'M' 'M' 'U'
 'M' 'M' 'M' 'M' 'M' 'M' 'M' 'M' 'M' 'M' 'M' 'M' 'M' 'M' 'U' 'M' 'M' 'M'
 'M' 'M' 'M' 'M' 'M' 'M' 'M' 'M' 'M' 'M' 'M' 'U' 'U' 'M' 'M' 'U' 'U' 'M'
 'U' 'M' 'M' 'U' 'M' 'M' 'M' 'M' 'M' 'M' 'M' 'M' 'M' 'U' 'M' 'U' 'M' 'M'
 'M' 'M' 'M' 'U' 'M' 'M' 'M' 'M' 'M' 'M' 'M' 'M' 'M' 'M' 'M' 'M' 'M' 'M'
 'M' 'M' 'M' 'M' 'M' 'M' 'M' 'M' 'M' 'M' 'M' 'M' 'M' 'M' 'U' 'M' 'M' 'M'
 'M' 'M' 'M' 'M' 'A' 'U' 'A' 'M' 'A' 'M' 'U' 'M' 'U' 'M' 'M' 'M' 'M' 'M'
 'M' 'U' 'M' 'M' 'M' 'M' 'M' 'M' 'M' 'M' 'M' 'M' 'M' 'M' 'M' 'M' 'M' 'M'
 'M' 'M' 'M' 'M' 'M' 'M' 'M' 'M' 'M' 'M' 'M' 'M' 'M' 'M' 'U' 'M' 'M' 'M'
 'M' 'M' 'M' 'M' 'M' 'M' 'M' 'M' 'M' 'M' 'M' 'M' 'M' 'M' 'M' 'M' 'M' 'M']"
22701,2,177,2,175,21,0,0,"['M' 'M' 'M' 'M' 'M' 'M' 'M' 'M' 'M' 'M' 'M' 'M' 'M' 'M' 'M' 'M' 'M' 'M'
 'M' 'M' 'M' 'M' 'M' 'M' 'M' 'M' 'M' 'M' 'M' 'M' 'M' 'M' 'M' 'M' 'M' 'U'
 'M' 'M' 'M' 'M' 'M' 'M' 'M' 'M' 'M' 'M' 'M' 'M' 'M' 'M' 'U' 'M' 'M' 'M'
 'M' 'M' 'M' 'M' 'M' 'M' 'M' 'M' 'M' 'M' 'M' 'M' 'M' 'M' 'M' 'U' 'M' 'M'
 'U' 'M' 'M' 'M' 'M' 'M' 'U' 'M' 'U' 'M' 'M' 'M' 'M' 'M' 'U' 'M' 'U' 'U'
 'M' 'U' 'M' 'U' 'M' 'M' 'M' 'M' 'M' 'M' 'M' 'M' 'M' 'M' 'M' 'M' 'M' 'M'
 'M' 'M' 'M' 'M' 'M' 'M' 'M' 'M' 'M' 'M' 'M' 'M' 'M' 'M' 'U' 'M' 'M' 'M'
 'M' 'M' 'M' 'M' 'A' 'U' 'U' 'M' 'A' 'M' 'M' 'M' 'U' 'U' 'M' 'M' 'M' 'M'
 'M' 'U' 'M' 'M' 'M' 'U' 'U' 'M' 'M' 'M' 'M' 'M' 'M' 'M' 'M' 'M' 'M' 'M'
 'U' 'M' 'M' 'M' 'M' 'M' 'M' 'M' 'M' 'M' 'M' 'M' 'M' 'M' 'U' 'M' 'M' 'M'
 'M' 'M' 'M' 'M' 'M' 'M' 'M' 'M' 'M' 'M' 'M' 'M' 'M' 'M' 'M' 'M' 'M' 'M']"
22801,2,179,1,178,19,0,1,"['M' 'M' 'M' 'M' 'M' 'M' 'M' 'M' 'M' 'M' 'M' 'M' 'M' 'M' 'M' 'M' 'M' 'M'
 'M' 'U' 'M' 'M' 'M' 'M' 'M' 'M' 'M' 'M' 'M' 'M' 'M' 'M' 'M' 'M' 'M' 'M'
 'M' 'M' 'M' 'M' 'M' 'M' 'M' 'M' 'M' 'M' 'M' 'M' 'M' 'M' 'U' 'M' 'M' 'M'
 'M' 'M' 'M' 'M' 'M' 'M' 'M' 'M' 'M' 'M' 'M' 'U' 'M' 'U' 'M' 'M' 'M' 'M'
 'M' 'U' 'U' 'M' 'M' 'U' 'M' 'M' 'U' 'U' 'M' 'M' 'M' 'U' 'M' 'M' 'M' 'M'
 'M' 'M' 'M' 'M' 'U' 'M' 'M' 'M' 'M' 'M' 'M' 'M' 'M' 'M' 'M' 'M' 'M' 'M'
 'M' 'M' 'M' 'M' 'M' 'M' 'M' 'M' 'M' 'M' 'M' 'M' 'M' 'M' 'M' 'M' 'M' 'M'
 'M' 'M' 'M' 'M' 'A' 'M' 'M' 'M' 'U' 'M' 'M' 'M' 'U' 'M' 'M' 'M' 'M' 'M'
 'U' 'U' 'M' 'M' 'M' 'U' 'U' 'M' 'M' 'M' 'M' 'M' 'M' 'M' 'U' 'M' 'M' 'M'
 'U' 'M' 'M' 'M' 'M' 'M' 'M' 'M' 'M' 'M' 'M' 'M' 'M' 'M' 'M' 'M' 'M' 'M'
 'M' 'M' 'M' 'M' 'M' 'M' 'M' 'M' 'M' 'M' 'M' 'M' 'M' 'M' 'M' 'M' 'M' 'M']"
22901,2,175,4,171,23,0,0,"['M' 'M' 'M' 'M' 'M' 'M' 'M' 'M' 'M' 'M' 'M' 'M' 'M' 'M' 'M' 'M' 'M' 'M'
 'M' 'U' 'M' 'M' 'M' 'M' 'M' 'M' 'M' 'M' 'M' 'M' 'M' 'M' 'M' 'M' 'M' 'M'
 'M' 'M' 'M' 'M' 'M' 'M' 'M' 'M' 'M' 'M' 'M' 'M' 'M' 'M' 'U' 'M' 'M' 'M'
 'M' 'M' 'M' 'M' 'M' 'M' 'M' 'M' 'M' 'M' 'M' 'M' 'U' 'M' 'M' 'M' 'U' 'M'
 'M' 'M' 'M' 'M' 'M' 'U' 'U' 'U' 'M' 'M' 'M' 'M' 'U' 'U' 'U' 'M' 'M' 'M'
 'M' 'M' 'U' 'M' 'M' 'M' 'M' 'M' 'M' 'M' 'M' 'M' 'M' 'M' 'M' 'M' 'M' 'M'
 'M' 'M' 'M' 'M' 'M' 'M' 'M' 'M' 'U' 'M' 'M' 'M' 'M' 'M' 'M' 'M' 'M' 'M'
 'M' 'M' 'M' 'M' 'A' 'M' 'M' 'U' 'A' 'U' 'U' 'A' 'A' 'M' 'M' 'M' 'M' 'M'
 'U' 'U' 'M' 'M' 'M' 'U' 'U' 'M' 'M' 'M' 'M' 'M' 'M' 'M' 'U' 'M' 'M' 'M'
 'U' 'M' 'M' 'M' 'M' 'M' 'M' 'M' 'M' 'M' 'M' 'M' 'M' 'M' 'M' 'M' 'M' 'M'
 'M' 'M' 'M' 'M' 'M' 'M' 'M' 'M' 'U' 'M' 'M' 'M' 'M' 'U' 'M' 'M' 'M' 'M']"
23001,2,170,6,164,28,1,0,"['M' 'M' 'M' 'M' 'U' 'M' 'M' 'M' 'M' 'M' 'M' 'M' 'M' 'M' 'M' 'M' 'M' 'M'
 'M' 'U' 'U' 'M' 'M' 'M' 'M' 'M' 'M' 'M' 'M' 'M' 'M' 'M' 'M' 'M' 'M' 'M'
 'M' 'M' 'M' 'M' 'M' 'M' 'M' 'M' 'M' 'M' 'U' 'M' 'M' 'M' 'U' 'M' 'M' 'U'
 'M' 'M' 'M' 'M' 'M' 'M' 'M' 'U' 'M' 'M' 'M' 'M' 'M' 'M' 'U' 'U' 'M' 'M'
 'M' 'M' 'M' 'M' 'U' 'U' 'M' 'M' 'U' 'M' 'M' 'M' 'U' 'U' 'M' 'M' 'M' 'M'
 'M' 'U' 'U' 'M' 'M' 'M' 'M' 'M' 'M' 'M' 'M' 'M' 'M' 'M' 'M' 'M' 'M' 'M'
 'M' 'M' 'M' 'M' 'M' 'M' 'M' 'M' 'U' 'M' 'M' 'M' 'M' 'M' 'M' 'M' 'M' 'M'
 'M' 'M' 'M' 'M' 'A' 'M' 'U' 'A' 'A' 'A' 'A' 'U' 'A' 'M' 'M' 'M' 'M' 'M'
 'M' 'M' 'U' 'M' 'M' 'U' 'U' 'M' 'M' 'M' 'M' 'M' 'M' 'M' 'U' 'M' 'M' 'M'
 'U' 'M' 'M' 'M' 'M' 'M' 'M' 'M' 'M' 'M' 'M' 'M' 'U' 'M' 'M' 'M' 'U' 'M'
 'M' 'M' 'M' 'M' 'M' 'M' 'M' 'M' 'U' 'M' 'M' 'M' 'M' 'U' 'M' 'M' 'M' 'M']"
23101,2,170,3,167,28,0,0,"['M' 'M' 'M' 'M' 'U' 'M' 'M' 'M' 'M' 'M' 'M' 'M' 'M' 'M' 'M' 'M' 'M' 'M'
 'M' 'M' 'M' 'M' 'M' 'M' 'M' 'U' 'M' 'M' 'M' 'M' 'M' 'M' 'M' 'M' 'M' 'M'
 'M' 'M' 'M' 'M' 'M' 'M' 'M' 'M' 'M' 'M' 'U' 'M' 'M' 'M' 'U' 'M' 'M' 'U'
 'M' 'M' 'M' 'M' 'M' 'M' 'M' 'U' 'M' 'M' 'M' 'U' 'M' 'M' 'M' 'M' 'M' 'M'
 'M' 'U' 'M' 'M' 'U' 'M' 'M' 'M' 'M' 'M' 'M' 'U' 'U' 'U' 'M' 'U' 'M' 'M'
 'M' 'M' 'U' 'M' 'U' 'M' 'M' 'M' 'M' 'M' 'M' 'M' 'M' 'U' 'M' 'U' 'M' 'M'
 'M' 'M' 'M' 'M' 'M' 'M' 'M' 'M' 'U' 'M' 'M' 'M' 'M' 'M' 'M' 'M' 'M' 'M'
 'M' 'M' 'M' 'M' 'A' 'M' 'M' 'U' 'U' 'A' 'U' 'M' 'A' 'M' 'M' 'M' 'M' 'M'
 'M' 'M' 'M' 'M' 'M' 'U' 'U' 'M' 'M' 'M' 'M' 'M' 'M' 'M' 'U' 'M' 'M' 'M'
 'U' 'M' 'M' 'M' 'M' 'M' 'M' 'M' 'M' 'M' 'M' 'M' 'M' 'M' 'M' 'M' 'U' 'M'
 'M' 'M' 'M' 'M' 'M' 'M' 'M' 'M' 'U' 'M' 'M' 'M' 'M' 'U' 'M' 'M' 'M' 'M']"
23201,2,175,2,173,23,0,0,"['M' 'M' 'M' 'M' 'U' 'M' 'M' 'M' 'M' 'M' 'M' 'M' 'M' 'M' 'M' 'M' 'M' 'M'
 'M' 'M' 'M' 'M' 'M' 'M' 'M' 'U' 'M' 'M' 'M' 'M' 'M' 'M' 'M' 'M' 'M' 'M'
 'M' 'M' 'M' 'M' 'M' 'M' 'M' 'M' 'M' 'M' 'U' 'M' 'M' 'M' 'U' 'M' 'M' 'U'
 'M' 'M' 'M' 'M' 'M' 'M' 'M' 'M' 'M' 'M' 'M' 'M' 'M' 'U' 'U' 'M' 'M' 'M'
 'M' 'U' 'U' 'M' 'U' 'M' 'M' 'M' 'U' 'M' 'M' 'M' 'U' 'M' 'U' 'M' 'M' 'M'
 'U' 'M' 'M' 'M' 'M' 'M' 'M' 'M' 'M' 'M' 'M' 'M' 'M' 'M' 'M' 'U' 'M' 'M'
 'M' 'M' 'M' 'M' 'M' 'M' 'M' 'M' 'U' 'M' 'M' 'M' 'M' 'M' 'M' 'M' 'M' 'M'
 'M' 'M' 'M' 'M' 'A' 'M' 'M' 'U' 'M' 'U' 'M' 'M' 'A' 'M' 'M' 'M' 'M' 'M'
 'M' 'M' 'M' 'M' 'M' 'U' 'M' 'M' 'M' 'M' 'M' 'M' 'M' 'M' 'U' 'M' 'M' 'M'
 'M' 'M' 'M' 'M' 'M' 'M' 'M' 'M' 'M' 'M' 'M' 'M' 'M' 'M' 'M' 'M' 'U' 'M'
 'M' 'M' 'M' 'M' 'M' 'M' 'M' 'M' 'U' 'M' 'M' 'M' 'M' 'U' 'M' 'M' 'M' 'M']"
23301,2,181,2,179,17,0,0,"['M' 'M' 'M' 'M' 'M' 'M' 'M' 'M' 'M' 'M' 'M' 'M' 'M' 'M' 'M' 'M' 'M' 'M'
 'M' 'M' 'M' 'M' 'M' 'M' 'U' 'M' 'M' 'M' 'M' 'M' 'M' 'M' 'M' 'M' 'M' 'M'
 'M' 'M' 'M' 'M' 'U' 'M' 'M' 'M' 'M' 'M' 'U' 'M' 'M' 'M' 'M' 'M' 'M' 'M'
 'M' 'M' 'M' 'M' 'M' 'M' 'M' 'M' 'M' 'M' 'M' 'M' 'U' 'M' 'M' 'M' 'U' 'M'
 'M' 'M' 'M' 'U' 'U' 'M' 'M' 'M' 'U' 'U' 'M' 'U' 'M' 'M' 'U' 'M' 'M' 'M'
 'M' 'M' 'M' 'M' 'U' 'M' 'M' 'M' 'M' 'M' 'M' 'M' 'M' 'M' 'M' 'U' 'M' 'M'
 'M' 'M' 'M' 'M' 'M' 'M' 'M' 'M' 'M' 'M' 'M' 'M' 'M' 'M' 'M' 'M' 'M' 'M'
 'M' 'M' 'M' 'M' 'A' 'M' 'M' 'U' 'M' 'M' 'M' 'M' 'A' 'M' 'M' 'M' 'M' 'M'
 'M' 'M' 'M' 'M' 'M' 'M' 'M' 'M' 'M' 'M' 'M' 'M' 'M' 'M' 'U' 'M' 'M' 'M'
 'M' 'U' 'M' 'M' 'M' 'M' 'M' 'M' 'M' 'M' 'M' 'M' 'M' 'M' 'M' 'M' 'M' 'M'
 'M' 'M' 'M' 'M' 'M' 'M' 'M' 'M' 'M' 'M' 'M' 'M' 'M' 'U' 'M' 'M' 'M' 'M']"
23401,2,183,1,182,15,0,0,"['M' 'M' 'M' 'M' 'M' 'M' 'M' 'M' 'M' 'M' 'M' 'M' 'M' 'M' 'M' 'M' 'M' 'M'
 'M' 'M' 'M' 'U' 'M' 'M' 'U' 'M' 'M' 'M' 'M' 'M' 'M' 'M' 'M' 'M' 'M' 'M'
 'M' 'M' 'M' 'M' 'M' 'M' 'M' 'M' 'M' 'M' 'M' 'M' 'M' 'M' 'M' 'M' 'M' 'M'
 'M' 'M' 'M' 'M' 'M' 'M' 'M' 'M' 'M' 'M' 'M' 'M' 'M' 'M' 'M' 'M' 'M' 'M'
 'U' 'M' 'M' 'M' 'M' 'M' 'M' 'M' 'M' 'M' 'M' 'U' 'M' 'U' 'U' 'U' 'M' 'U'
 'U' 'U' 'U' 'M' 'M' 'M' 'M' 'M' 'M' 'M' 'M' 'M' 'M' 'M' 'M' 'M' 'M' 'M'
 'M' 'M' 'M' 'M' 'M' 'M' 'M' 'M' 'M' 'M' 'M' 'M' 'M' 'M' 'M' 'M' 'M' 'M'
 'M' 'M' 'M' 'M' 'A' 'M' 'M' 'U' 'M' 'M' 'M' 'M' 'M' 'M' 'M' 'M' 'M' 'M'
 'M' 'M' 'M' 'M' 'M' 'M' 'M' 'M' 'M' 'M' 'U' 'M' 'M' 'M' 'U' 'M' 'M' 'M'
 'M' 'M' 'M' 'M' 'M' 'M' 'M' 'M' 'M' 'M' 'M' 'M' 'M' 'M' 'M' 'M' 'M' 'M'
 'M' 'M' 'M' 'M' 'M' 'M' 'M' 'M' 'M' 'M' 'M' 'M' 'M' 'U' 'M' 'M' 'M' 'M']"
23501,3,181,4,177,17,0,0,"['M' 'M' 'M' 'U' 'M' 'M' 'M' 'M' 'M' 'M' 'M' 'M' 'M' 'M' 'M' 'M' 'M' 'M'
 'M' 'M' 'M' 'U' 'M' 'M' 'U' 'M' 'M' 'M' 'M' 'M' 'M' 'M' 'M' 'M' 'M' 'M'
 'M' 'M' 'M' 'M' 'M' 'M' 'M' 'M' 'M' 'M' 'M' 'M' 'M' 'M' 'M' 'M' 'M' 'M'
 'M' 'M' 'M' 'M' 'M' 'M' 'M' 'M' 'M' 'M' 'M' 'M' 'U' 'M' 'M' 'M' 'M' 'M'
 'M' 'M' 'M' 'M' 'U' 'M' 'U' 'U' 'M' 'M' 'M' 'U' 'M' 'U' 'U' 'M' 'M' 'M'
 'M' 'U' 'M' 'U' 'M' 'M' 'M' 'M' 'M' 'M' 'M' 'M' 'M' 'M' 'M' 'M' 'M' 'M'
 'M' 'M' 'M' 'M' 'M' 'M' 'M' 'M' 'M' 'M' 'M' 'M' 'M' 'M' 'M' 'M' 'M' 'M'
 'M' 'M' 'M' 'M' 'A' 'M' 'U' 'A' 'A' 'A' 'U' 'M' 'M' 'M' 'M' 'M' 'M' 'M'
 'M' 'M' 'M' 'M' 'M' 'M' 'M' 'M' 'M' 'M' 'U' 'M' 'M' 'M' 'U' 'M' 'M' 'U'
 'M' 'M' 'M' 'M' 'M' 'M' 'M' 'M' 'M' 'M' 'M' 'M' 'M' 'M' 'M' 'M' 'M' 'M'
 'M' 'M' 'M' 'M' 'M' 'M' 'M' 'M' 'M' 'M' 'M' 'M' 'M' 'M' 'M' 'M' 'M' 'M']"
23601,2,178,4,174,20,1,0,"['M' 'M' 'M' 'M' 'M' 'M' 'M' 'M' 'M' 'M' 'M' 'M' 'M' 'M' 'M' 'M' 'M' 'M'
 'M' 'M' 'M' 'M' 'M' 'M' 'U' 'M' 'M' 'M' 'M' 'M' 'M' 'M' 'M' 'M' 'M' 'M'
 'M' 'M' 'M' 'M' 'M' 'M' 'M' 'M' 'M' 'M' 'M' 'M' 'M' 'M' 'M' 'M' 'M' 'U'
 'M' 'M' 'M' 'M' 'M' 'M' 'M' 'M' 'M' 'U' 'M' 'U' 'M' 'M' 'M' 'M' 'M' 'M'
 'M' 'M' 'M' 'M' 'M' 'M' 'U' 'M' 'M' 'M' 'M' 'M' 'U' 'U' 'U' 'U' 'M' 'U'
 'M' 'M' 'M' 'U' 'U' 'M' 'M' 'M' 'M' 'M' 'M' 'M' 'M' 'M' 'M' 'M' 'M' 'M'
 'M' 'M' 'M' 'M' 'M' 'M' 'M' 'M' 'M' 'M' 'M' 'M' 'M' 'M' 'M' 'M' 'M' 'M'
 'M' 'M' 'M' 'M' 'A' 'U' 'A' 'U' 'A' 'A' 'U' 'U' 'U' 'M' 'M' 'M' 'M' 'M'
 'M' 'M' 'M' 'M' 'M' 'M' 'M' 'M' 'M' 'M' 'M' 'M' 'M' 'M' 'M' 'M' 'M' 'U'
 'M' 'M' 'M' 'M' 'M' 'M' 'M' 'M' 'M' 'M' 'M' 'M' 'M' 'M' 'M' 'M' 'M' 'M'
 'M' 'M' 'M' 'M' 'M' 'M' 'U' 'M' 'M' 'M' 'M' 'M' 'M' 'M' 'M' 'U' 'M' 'M']"
23701,2,182,7,175,16,0,0,"['M' 'M' 'M' 'M' 'M' 'M' 'U' 'M' 'M' 'M' 'M' 'M' 'M' 'M' 'M' 'M' 'M' 'M'
 'M' 'M' 'M' 'M' 'M' 'M' 'U' 'M' 'M' 'M' 'M' 'M' 'M' 'M' 'M' 'M' 'M' 'M'
 'M' 'M' 'M' 'M' 'M' 'M' 'M' 'M' 'M' 'M' 'M' 'M' 'M' 'M' 'M' 'M' 'M' 'M'
 'M' 'M' 'M' 'M' 'M' 'M' 'M' 'M' 'M' 'M' 'M' 'M' 'U' 'M' 'M' 'M' 'M' 'U'
 'M' 'M' 'M' 'U' 'M' 'M' 'U' 'M' 'M' 'M' 'U' 'M' 'M' 'M' 'M' 'U' 'U' 'M'
 'M' 'M' 'M' 'U' 'U' 'M' 'M' 'M' 'M' 'M' 'M' 'M' 'M' 'M' 'M' 'M' 'M' 'M'
 'M' 'M' 'M' 'M' 'M' 'M' 'M' 'M' 'M' 'M' 'M' 'M' 'M' 'M' 'M' 'M' 'M' 'M'
 'M' 'M' 'M' 'M' 'A' 'A' 'U' 'A' 'A' 'A' 'M' 'A' 'A' 'M' 'M' 'M' 'M' 'M'
 'M' 'M' 'M' 'M' 'M' 'M' 'M' 'M' 'M' 'M' 'M' 'M' 'M' 'M' 'M' 'M' 'M' 'U'
 'M' 'M' 'M' 'M' 'M' 'M' 'M' 'M' 'U' 'M' 'M' 'M' 'M' 'M' 'M' 'M' 'M' 'M'
 'M' 'M' 'M' 'M' 'M' 'M' 'U' 'M' 'M' 'M' 'M' 'M' 'M' 'M' 'M' 'U' 'M' 'M']"
23801,2,175,7,168,23,0,1,"['M' 'M' 'M' 'M' 'M' 'M' 'U' 'M' 'M' 'M' 'M' 'M' 'M' 'M' 'M' 'M' 'M' 'M'
 'M' 'M' 'M' 'M' 'M' 'M' 'U' 'M' 'M' 'M' 'M' 'M' 'M' 'M' 'M' 'M' 'M' 'M'
 'M' 'M' 'M' 'M' 'M' 'M' 'M' 'M' 'M' 'M' 'M' 'M' 'M' 'U' 'M' 'M' 'M' 'M'
 'M' 'M' 'M' 'U' 'M' 'M' 'M' 'M' 'M' 'M' 'M' 'M' 'U' 'U' 'M' 'M' 'U' 'U'
 'M' 'M' 'M' 'M' 'M' 'U' 'M' 'U' 'M' 'U' 'M' 'M' 'M' 'M' 'M' 'M' 'M' 'U'
 'M' 'M' 'M' 'M' 'U' 'M' 'M' 'M' 'M' 'M' 'M' 'M' 'M' 'M' 'M' 'M' 'M' 'M'
 'M' 'M' 'M' 'M' 'M' 'M' 'M' 'M' 'M' 'M' 'U' 'M' 'M' 'M' 'M' 'M' 'M' 'M'
 'M' 'M' 'M' 'M' 'U' 'A' 'U' 'A' 'A' 'A' 'M' 'A' 'A' 'M' 'M' 'M' 'M' 'U'
 'M' 'M' 'M' 'M' 'M' 'M' 'M' 'M' 'M' 'M' 'M' 'U' 'A' 'M' 'M' 'M' 'M' 'U'
 'M' 'M' 'M' 'M' 'M' 'M' 'M' 'M' 'U' 'M' 'M' 'M' 'M' 'M' 'M' 'M' 'M' 'U'
 'M' 'M' 'M' 'M' 'M' 'M' 'M' 'M' 'M' 'U' 'M' 'M' 'M' 'M' 'M' 'U' 'M' 'M']"
23901,2,171,7,164,27,0,0,"['M' 'M' 'M' 'M' 'M' 'M' 'U' 'M' 'M' 'M' 'M' 'M' 'M' 'M' 'M' 'M' 'M' 'M'
 'M' 'M' 'M' 'M' 'M' 'M' 'U' 'M' 'M' 'U' 'M' 'M' 'M' 'M' 'M' 'M' 'M' 'M'
 'M' 'M' 'M' 'M' 'M' 'M' 'M' 'M' 'M' 'M' 'M' 'M' 'M' 'M' 'M' 'M' 'M' 'M'
 'M' 'M' 'M' 'U' 'M' 'M' 'M' 'M' 'M' 'M' 'M' 'U' 'M' 'M' 'U' 'M' 'M' 'U'
 'M' 'U' 'M' 'M' 'M' 'M' 'M' 'U' 'M' 'M' 'M' 'M' 'M' 'U' 'U' 'U' 'M' 'M'
 'M' 'M' 'M' 'U' 'M' 'M' 'M' 'M' 'M' 'M' 'M' 'U' 'M' 'M' 'M' 'M' 'M' 'M'
 'M' 'M' 'M' 'M' 'M' 'M' 'M' 'M' 'M' 'M' 'U' 'M' 'M' 'M' 'M' 'M' 'M' 'M'
 'M' 'M' 'M' 'M' 'A' 'U' 'A' 'A' 'A' 'A' 'U' 'A' 'A' 'M' 'M' 'M' 'M' 'U'
 'M' 'U' 'M' 'M' 'M' 'M' 'M' 'U' 'M' 'M' 'M' 'U' 'U' 'M' 'M' 'M' 'M' 'U'
 'M' 'M' 'M' 'M' 'M' 'M' 'M' 'M' 'U' 'M' 'M' 'M' 'M' 'M' 'M' 'M' 'M' 'M'
 'U' 'M' 'M' 'M' 'M' 'M' 'M' 'M' 'M' 'U' 'M' 'M' 'M' 'M' 'M' 'U' 'M' 'M']"
24001,2,170,10,160,28,0,0,"['M' 'M' 'M' 'M' 'M' 'M' 'U' 'M' 'M' 'M' 'M' 'M' 'M' 'M' 'M' 'M' 'M' 'M'
 'M' 'M' 'M' 'M' 'M' 'M' 'U' 'M' 'M' 'U' 'U' 'A' 'M' 'M' 'M' 'M' 'M' 'M'
 'M' 'M' 'M' 'M' 'M' 'M' 'M' 'M' 'M' 'U' 'M' 'M' 'M' 'M' 'M' 'M' 'M' 'M'
 'M' 'M' 'M' 'U' 'M' 'M' 'M' 'M' 'M' 'M' 'U' 'U' 'M' 'M' 'M' 'M' 'M' 'M'
 'M' 'U' 'U' 'U' 'U' 'M' 'M' 'U' 'M' 'M' 'M' 'U' 'M' 'M' 'M' 'U' 'M' 'M'
 'U' 'M' 'M' 'M' 'M' 'M' 'M' 'M' 'M' 'M' 'M' 'U' 'M' 'M' 'M' 'M' 'M' 'M'
 'M' 'M' 'M' 'M' 'M' 'M' 'M' 'M' 'M' 'M' 'U' 'M' 'M' 'M' 'M' 'M' 'M' 'M'
 'M' 'M' 'M' 'M' 'A' 'A' 'A' 'A' 'A' 'A' 'A' 'A' 'A' 'M' 'M' 'M' 'M' 'U'
 'M' 'U' 'M' 'M' 'M' 'M' 'M' 'U' 'M' 'M' 'M' 'M' 'U' 'M' 'M' 'M' 'M' 'U'
 'M' 'M' 'M' 'M' 'M' 'M' 'M' 'U' 'U' 'M' 'M' 'M' 'M' 'M' 'M' 'M' 'M' 'M'
 'U' 'M' 'M' 'M' 'M' 'M' 'M' 'M' 'M' 'U' 'M' 'M' 'M' 'M' 'M' 'U' 'M' 'M']"
24101,2,172,10,162,26,0,0,"['M' 'M' 'M' 'M' 'M' 'M' 'U' 'M' 'M' 'M' 'M' 'M' 'M' 'M' 'M' 'M' 'M' 'M'
 'M' 'M' 'M' 'M' 'M' 'M' 'A' 'M' 'M' 'U' 'U' 'A' 'M' 'M' 'M' 'M' 'M' 'M'
 'M' 'M' 'M' 'M' 'M' 'M' 'M' 'M' 'M' 'M' 'M' 'M' 'M' 'M' 'M' 'M' 'M' 'M'
 'M' 'M' 'M' 'U' 'M' 'M' 'M' 'M' 'M' 'M' 'M' 'M' 'M' 'M' 'M' 'M' 'M' 'M'
 'M' 'U' 'M' 'U' 'M' 'M' 'M' 'U' 'M' 'U' 'U' 'M' 'U' 'U' 'U' 'M' 'M' 'M'
 'M' 'M' 'U' 'M' 'M' 'M' 'M' 'M' 'M' 'M' 'M' 'U' 'M' 'M' 'M' 'M' 'M' 'M'
 'M' 'M' 'M' 'M' 'M' 'M' 'M' 'M' 'M' 'M' 'U' 'M' 'M' 'M' 'M' 'M' 'M' 'M'
 'M' 'M' 'M' 'M' 'A' 'A' 'A' 'A' 'U' 'A' 'A' 'A' 'A' 'M' 'M' 'M' 'M' 'U'
 'M' 'U' 'M' 'M' 'M' 'M' 'M' 'U' 'M' 'M' 'M' 'M' 'U' 'M' 'M' 'M' 'M' 'U'
 'M' 'M' 'M' 'M' 'M' 'M' 'M' 'U' 'U' 'M' 'M' 'M' 'M' 'M' 'M' 'M' 'M' 'M'
 'U' 'M' 'M' 'M' 'M' 'M' 'M' 'M' 'M' 'U' 'M' 'M' 'M' 'M' 'M' 'U' 'M' 'M']"
24201,2,174,11,163,24,0,0,"['M' 'M' 'M' 'M' 'M' 'M' 'U' 'M' 'M' 'M' 'M' 'M' 'M' 'M' 'M' 'M' 'M' 'M'
 'M' 'M' 'M' 'M' 'M' 'M' 'A' 'M' 'M' 'U' 'M' 'A' 'M' 'M' 'M' 'M' 'M' 'M'
 'M' 'M' 'M' 'M' 'M' 'M' 'M' 'M' 'M' 'M' 'M' 'M' 'M' 'M' 'M' 'M' 'M' 'M'
 'M' 'M' 'M' 'U' 'M' 'M' 'M' 'M' 'M' 'M' 'M' 'M' 'M' 'M' 'M' 'U' 'M' 'U'
 'M' 'M' 'U' 'M' 'U' 'U' 'M' 'M' 'U' 'M' 'M' 'M' 'M' 'M' 'U' 'M' 'M' 'M'
 'M' 'U' 'U' 'M' 'M' 'M' 'M' 'M' 'M' 'M' 'M' 'U' 'M' 'M' 'M' 'M' 'M' 'M'
 'U' 'M' 'M' 'M' 'M' 'M' 'M' 'U' 'M' 'M' 'M' 'M' 'M' 'M' 'M' 'M' 'M' 'M'
 'U' 'M' 'M' 'M' 'A' 'A' 'A' 'A' 'A' 'A' 'A' 'A' 'A' 'M' 'M' 'M' 'M' 'U'
 'M' 'U' 'M' 'M' 'M' 'M' 'M' 'U' 'M' 'M' 'M' 'M' 'U' 'M' 'M' 'M' 'M' 'U'
 'M' 'M' 'M' 'M' 'M' 'U' 'M' 'M' 'M' 'M' 'M' 'M' 'M' 'M' 'M' 'M' 'M' 'M'
 'U' 'M' 'M' 'M' 'M' 'M' 'M' 'M' 'M' 'U' 'M' 'M' 'M' 'M' 'M' 'M' 'M' 'M']"
24301,2,164,9,155,34,0,0,"['M' 'M' 'M' 'U' 'M' 'M' 'U' 'M' 'M' 'U' 'M' 'M' 'M' 'M' 'M' 'M' 'M' 'M'
 'M' 'M' 'M' 'M' 'M' 'M' 'U' 'M' 'M' 'U' 'M' 'A' 'M' 'M' 'M' 'U' 'M' 'M'
 'M' 'M' 'M' 'M' 'M' 'U' 'M' 'M' 'M' 'M' 'M' 'M' 'M' 'M' 'M' 'M' 'M' 'M'
 'M' 'M' 'M' 'M' 'M' 'M' 'U' 'M' 'M' 'U' 'M' 'M' 'M' 'U' 'U' 'M' 'M' 'U'
 'M' 'M' 'M' 'M' 'U' 'M' 'M' 'M' 'M' 'M' 'M' 'M' 'M' 'M' 'U' 'U' 'M' 'M'
 'M' 'U' 'U' 'U' 'M' 'M' 'M' 'M' 'U' 'M' 'M' 'U' 'M' 'M' 'M' 'M' 'M' 'M'
 'M' 'M' 'M' 'M' 'M' 'M' 'M' 'M' 'M' 'M' 'M' 'M' 'M' 'M' 'M' 'M' 'M' 'M'
 'U' 'M' 'M' 'M' 'A' 'A' 'A' 'A' 'A' 'A' 'A' 'U' 'A' 'M' 'M' 'M' 'M' 'U'
 'M' 'U' 'M' 'M' 'M' 'M' 'M' 'U' 'M' 'M' 'M' 'M' 'U' 'M' 'M' 'M' 'M' 'U'
 'M' 'M' 'M' 'M' 'M' 'U' 'M' 'M' 'M' 'M' 'M' 'M' 'U' 'M' 'U' 'U' 'M' 'M'
 'M' 'U' 'M' 'M' 'M' 'M' 'M' 'U' 'M' 'U' 'M' 'M' 'M' 'M' 'M' 'M' 'M' 'M']"
24401,2,167,6,161,31,1,0,"['M' 'M' 'M' 'U' 'M' 'M' 'U' 'M' 'M' 'U' 'M' 'M' 'M' 'M' 'M' 'M' 'M' 'M'
 'M' 'M' 'M' 'M' 'M' 'M' 'U' 'M' 'M' 'U' 'M' 'U' 'M' 'M' 'M' 'U' 'M' 'M'
 'M' 'M' 'M' 'M' 'M' 'M' 'M' 'M' 'M' 'M' 'M' 'M' 'M' 'M' 'M' 'M' 'M' 'M'
 'M' 'M' 'M' 'M' 'M' 'M' 'M' 'M' 'M' 'M' 'M' 'M' 'M' 'U' 'M' 'U' 'U' 'M'
 'U' 'M' 'M' 'M' 'M' 'M' 'U' 'M' 'U' 'U' 'M' 'M' 'M' 'M' 'M' 'U' 'M' 'U'
 'M' 'M' 'M' 'M' 'M' 'M' 'M' 'M' 'U' 'M' 'M' 'M' 'M' 'M' 'M' 'M' 'U' 'M'
 'M' 'M' 'M' 'M' 'M' 'M' 'M' 'M' 'M' 'M' 'M' 'U' 'M' 'M' 'M' 'M' 'M' 'M'
 'U' 'M' 'M' 'M' 'A' 'A' 'A' 'U' 'A' 'A' 'U' 'U' 'A' 'M' 'M' 'M' 'M' 'M'
 'M' 'U' 'M' 'M' 'M' 'M' 'M' 'U' 'M' 'M' 'M' 'M' 'M' 'M' 'M' 'M' 'M' 'M'
 'M' 'M' 'M' 'U' 'M' 'U' 'M' 'M' 'M' 'M' 'M' 'M' 'M' 'M' 'U' 'U' 'M' 'M'
 'M' 'M' 'M' 'M' 'M' 'M' 'M' 'U' 'M' 'U' 'M' 'M' 'M' 'M' 'M' 'M' 'M' 'M']"
24501,2,167,3,164,31,0,0,"['M' 'M' 'M' 'M' 'M' 'M' 'U' 'M' 'M' 'U' 'M' 'M' 'M' 'M' 'M' 'M' 'M' 'M'
 'M' 'M' 'M' 'M' 'M' 'M' 'U' 'M' 'M' 'U' 'M' 'U' 'M' 'M' 'M' 'U' 'M' 'M'
 'M' 'M' 'M' 'M' 'M' 'M' 'M' 'U' 'M' 'M' 'M' 'M' 'M' 'U' 'M' 'M' 'U' 'M'
 'M' 'M' 'M' 'M' 'M' 'M' 'M' 'M' 'M' 'M' 'M' 'M' 'M' 'U' 'M' 'M' 'M' 'U'
 'M' 'M' 'U' 'M' 'M' 'M' 'M' 'M' 'U' 'M' 'M' 'M' 'U' 'M' 'M' 'U' 'M' 'U'
 'M' 'U' 'M' 'U' 'M' 'M' 'M' 'M' 'U' 'M' 'M' 'M' 'M' 'M' 'M' 'U' 'U' 'M'
 'M' 'M' 'M' 'M' 'M' 'M' 'M' 'M' 'M' 'M' 'M' 'M' 'M' 'M' 'M' 'M' 'M' 'M'
 'U' 'M' 'M' 'M' 'A' 'M' 'A' 'U' 'U' 'U' 'M' 'M' 'A' 'M' 'M' 'M' 'M' 'M'
 'M' 'U' 'M' 'M' 'M' 'M' 'M' 'U' 'M' 'M' 'M' 'M' 'M' 'M' 'M' 'M' 'M' 'M'
 'M' 'M' 'M' 'U' 'M' 'U' 'M' 'M' 'M' 'M' 'M' 'M' 'M' 'M' 'M' 'U' 'M' 'M'
 'M' 'M' 'M' 'M' 'M' 'M' 'M' 'U' 'M' 'M' 'M' 'M' 'M' 'M' 'M' 'M' 'M' 'M']"
24601,2,168,8,160,30,0,0,"['M' 'M' 'M' 'M' 'M' 'M' 'U' 'M' 'M' 'U' 'M' 'M' 'M' 'M' 'M' 'M' 'M' 'M'
 'M' 'M' 'M' 'U' 'M' 'M' 'M' 'M' 'M' 'U' 'U' 'U' 'M' 'M' 'M' 'U' 'M' 'M'
 'M' 'M' 'M' 'M' 'M' 'M' 'M' 'U' 'M' 'M' 'M' 'M' 'M' 'M' 'M' 'M' 'U' 'M'
 'M' 'M' 'M' 'M' 'U' 'M' 'M' 'M' 'M' 'M' 'M' 'M' 'M' 'M' 'M' 'M' 'M' 'M'
 'U' 'M' 'M' 'U' 'U' 'U' 'U' 'M' 'U' 'M' 'M' 'M' 'M' 'M' 'U' 'U' 'M' 'M'
 'M' 'M' 'M' 'M' 'U' 'M' 'M' 'M' 'U' 'M' 'M' 'M' 'M' 'M' 'M' 'M' 'U' 'M'
 'M' 'M' 'M' 'M' 'M' 'M' 'M' 'M' 'M' 'M' 'M' 'M' 'M' 'M' 'M' 'M' 'M' 'M'
 'M' 'M' 'M' 'M' 'A' 'U' 'A' 'A' 'A' 'A' 'A' 'U' 'A' 'M' 'M' 'M' 'M' 'M'
 'M' 'U' 'M' 'M' 'M' 'M' 'M' 'U' 'M' 'M' 'M' 'M' 'M' 'M' 'M' 'M' 'A' 'M'
 'M' 'M' 'M' 'U' 'M' 'U' 'M' 'M' 'M' 'M' 'M' 'U' 'M' 'M' 'M' 'M' 'M' 'M'
 'M' 'M' 'M' 'M' 'M' 'M' 'M' 'U' 'M' 'M' 'M' 'M' 'M' 'M' 'M' 'U' 'M' 'M']"
24701,2,172,7,165,26,0,0,"['M' 'M' 'M' 'M' 'M' 'M' 'M' 'M' 'M' 'M' 'M' 'M' 'M' 'M' 'M' 'M' 'M' 'M'
 'M' 'M' 'M' 'M' 'U' 'M' 'M' 'M' 'M' 'M' 'M' 'U' 'M' 'M' 'U' 'U' 'M' 'M'
 'M' 'M' 'M' 'M' 'M' 'M' 'M' 'M' 'M' 'M' 'M' 'M' 'M' 'M' 'M' 'M' 'U' 'M'
 'M' 'M' 'M' 'M' 'U' 'M' 'M' 'M' 'M' 'M' 'M' 'U' 'U' 'M' 'U' 'U' 'M' 'M'
 'M' 'U' 'M' 'M' 'M' 'U' 'M' 'M' 'M' 'M' 'M' 'M' 'M' 'U' 'U' 'M' 'M' 'U'
 'M' 'M' 'M' 'M' 'M' 'M' 'U' 'M' 'M' 'M' 'M' 'M' 'M' 'M' 'M' 'M' 'U' 'M'
 'M' 'M' 'M' 'M' 'M' 'M' 'M' 'M' 'M' 'M' 'M' 'M' 'M' 'M' 'M' 'M' 'M' 'M'
 'M' 'M' 'M' 'M' 'A' 'U' 'U' 'A' 'U' 'A' 'A' 'A' 'A' 'M' 'M' 'M' 'M' 'M'
 'M' 'U' 'M' 'M' 'M' 'M' 'M' 'U' 'M' 'M' 'M' 'M' 'M' 'M' 'M' 'M' 'A' 'M'
 'M' 'M' 'M' 'U' 'M' 'M' 'M' 'M' 'M' 'M' 'M' 'M' 'M' 'M' 'M' 'M' 'M' 'M'
 'M' 'M' 'M' 'M' 'M' 'M' 'M' 'U' 'M' 'M' 'M' 'M' 'M' 'M' 'U' 'U' 'M' 'M']"
24801,2,168,5,163,30,0,0,"['M' 'M' 'M' 'M' 'M' 'M' 'M' 'U' 'M' 'M' 'M' 'M' 'M' 'M' 'M' 'M' 'M' 'M'
 'M' 'M' 'M' 'M' 'U' 'M' 'M' 'M' 'M' 'M' 'M' 'U' 'M' 'M' 'M' 'U' 'M' 'M'
 'M' 'M' 'U' 'M' 'M' 'M' 'M' 'M' 'M' 'M' 'M' 'M' 'M' 'U' 'U' 'M' 'U' 'M'
 'M' 'M' 'M' 'M' 'U' 'M' 'M' 'M' 'M' 'M' 'M' 'M' 'M' 'U' 'M' 'U' 'M' 'M'
 'M' 'M' 'U' 'U' 'M' 'M' 'U' 'U' 'M' 'M' 'M' 'U' 'M' 'M' 'M' 'U' 'M' 'M'
 'M' 'M' 'U' 'M' 'M' 'M' 'U' 'M' 'M' 'M' 'M' 'M' 'M' 'M' 'M' 'M' 'U' 'M'
 'M' 'M' 'M' 'U' 'M' 'M' 'M' 'M' 'M' 'M' 'M' 'M' 'M' 'M' 'M' 'M' 'M' 'M'
 'M' 'M' 'M' 'M' 'A' 'U' 'U' 'A' 'U' 'U' 'A' 'A' 'A' 'M' 'M' 'M' 'M' 'M'
 'M' 'U' 'M' 'M' 'M' 'M' 'M' 'U' 'M' 'M' 'M' 'M' 'M' 'M' 'M' 'M' 'U' 'M'
 'M' 'M' 'M' 'M' 'M' 'M' 'M' 'M' 'M' 'M' 'M' 'M' 'M' 'M' 'M' 'M' 'M' 'M'
 'M' 'M' 'M' 'M' 'M' 'M' 'M' 'U' 'M' 'U' 'M' 'M' 'M' 'M' 'M' 'M' 'M' 'M']"
24901,2,170,4,166,28,0,0,"['M' 'M' 'M' 'M' 'M' 'M' 'M' 'U' 'M' 'M' 'M' 'M' 'M' 'M' 'M' 'M' 'M' 'M'
 'M' 'M' 'M' 'M' 'U' 'M' 'M' 'M' 'M' 'M' 'M' 'M' 'M' 'M' 'M' 'M' 'M' 'M'
 'M' 'M' 'U' 'M' 'M' 'M' 'M' 'M' 'M' 'M' 'M' 'M' 'M' 'U' 'U' 'M' 'U' 'M'
 'M' 'M' 'M' 'M' 'U' 'M' 'M' 'M' 'M' 'M' 'M' 'M' 'U' 'M' 'U' 'U' 'M' 'U'
 'M' 'M' 'U' 'M' 'M' 'M' 'M' 'M' 'M' 'M' 'M' 'M' 'M' 'M' 'M' 'M' 'M' 'U'
 'U' 'U' 'M' 'M' 'U' 'M' 'U' 'M' 'M' 'M' 'M' 'M' 'M' 'M' 'M' 'M' 'U' 'M'
 'M' 'M' 'M' 'U' 'M' 'M' 'M' 'M' 'M' 'M' 'M' 'M' 'M' 'M' 'M' 'M' 'M' 'M'
 'M' 'M' 'M' 'M' 'A' 'M' 'M' 'A' 'U' 'U' 'U' 'A' 'A' 'M' 'M' 'M' 'M' 'M'
 'M' 'M' 'M' 'M' 'M' 'M' 'M' 'U' 'M' 'M' 'M' 'M' 'M' 'M' 'M' 'M' 'U' 'U'
 'M' 'M' 'M' 'U' 'M' 'M' 'M' 'M' 'M' 'M' 'M' 'M' 'M' 'M' 'M' 'M' 'U' 'M'
 'M' 'M' 'M' 'M' 'M' 'M' 'M' 'M' 'U' 'M' 'M' 'M' 'M' 'M' 'M' 'M' 'M' 'M']"
25001,2,174,5,169,24,0,0,"['M' 'M' 'M' 'M' 'M' 'M' 'M' 'U' 'M' 'M' 'M' 'M' 'M' 'M' 'M' 'M' 'M' 'M'
 'M' 'M' 'M' 'M' 'U' 'M' 'M' 'M' 'M' 'M' 'M' 'M' 'M' 'M' 'M' 'M' 'M' 'M'
 'M' 'M' 'U' 'M' 'M' 'M' 'M' 'M' 'M' 'M' 'M' 'M' 'M' 'U' 'U' 'M' 'M' 'M'
 'M' 'M' 'M' 'M' 'M' 'M' 'M' 'M' 'M' 'M' 'M' 'U' 'M' 'M' 'U' 'M' 'U' 'M'
 'M' 'M' 'U' 'M' 'U' 'M' 'M' 'U' 'U' 'M' 'M' 'M' 'M' 'M' 'M' 'M' 'U' 'M'
 'M' 'U' 'M' 'M' 'M' 'U' 'U' 'M' 'M' 'M' 'M' 'M' 'M' 'M' 'M' 'M' 'U' 'M'
 'M' 'M' 'M' 'M' 'M' 'M' 'M' 'M' 'M' 'U' 'M' 'M' 'M' 'M' 'M' 'M' 'M' 'M'
 'M' 'M' 'M' 'M' 'A' 'M' 'M' 'A' 'A' 'A' 'A' 'U' 'U' 'M' 'M' 'M' 'M' 'M'
 'M' 'M' 'M' 'M' 'M' 'M' 'M' 'M' 'M' 'M' 'M' 'M' 'M' 'M' 'M' 'M' 'M' 'U'
 'M' 'M' 'M' 'M' 'M' 'M' 'M' 'M' 'M' 'M' 'M' 'M' 'M' 'M' 'M' 'M' 'U' 'M'
 'M' 'M' 'M' 'M' 'M' 'M' 'M' 'M' 'U' 'U' 'M' 'M' 'M' 'M' 'M' 'M' 'M' 'M']"
25101,2,174,4,170,24,0,0,"['M' 'M' 'M' 'M' 'M' 'M' 'M' 'U' 'M' 'M' 'M' 'M' 'M' 'M' 'M' 'M' 'M' 'M'
 'M' 'M' 'M' 'M' 'U' 'M' 'M' 'M' 'M' 'M' 'M' 'M' 'M' 'M' 'M' 'M' 'M' 'M'
 'M' 'M' 'U' 'M' 'M' 'M' 'M' 'M' 'M' 'M' 'M' 'M' 'M' 'U' 'U' 'M' 'M' 'M'
 'M' 'M' 'M' 'M' 'M' 'M' 'M' 'M' 'M' 'M' 'M' 'M' 'M' 'U' 'U' 'M' 'M' 'M'
 'U' 'U' 'M' 'M' 'M' 'U' 'M' 'M' 'M' 'U' 'M' 'U' 'M' 'M' 'M' 'M' 'U' 'U'
 'M' 'M' 'M' 'M' 'M' 'U' 'U' 'M' 'M' 'M' 'M' 'M' 'M' 'M' 'M' 'M' 'M' 'M'
 'M' 'M' 'M' 'M' 'M' 'M' 'M' 'M' 'M' 'U' 'M' 'M' 'M' 'M' 'M' 'M' 'M' 'M'
 'M' 'M' 'M' 'M' 'A' 'M' 'M' 'A' 'A' 'A' 'U' 'U' 'M' 'M' 'M' 'M' 'M' 'M'
 'M' 'M' 'M' 'M' 'M' 'M' 'M' 'M' 'M' 'M' 'M' 'M' 'M' 'M' 'M' 'M' 'M' 'U'
 'M' 'M' 'M' 'M' 'M' 'M' 'M' 'M' 'M' 'U' 'M' 'M' 'M' 'M' 'U' 'M' 'U' 'M'
 'M' 'M' 'M' 'M' 'M' 'M' 'M' 'M' 'U' 'M' 'M' 'M' 'M' 'M' 'M' 'M' 'M' 'M']"
25201,2,175,6,169,23,0,0,"['M' 'M' 'M' 'M' 'M' 'M' 'M' 'U' 'M' 'M' 'M' 'M' 'M' 'M' 'M' 'M' 'M' 'M'
 'M' 'M' 'M' 'M' 'M' 'M' 'M' 'M' 'M' 'M' 'M' 'M' 'M' 'U' 'M' 'M' 'M' 'U'
 'M' 'M' 'M' 'M' 'M' 'M' 'M' 'M' 'M' 'M' 'M' 'M' 'M' 'M' 'U' 'M' 'M' 'M'
 'M' 'M' 'M' 'M' 'M' 'M' 'M' 'M' 'M' 'M' 'M' 'M' 'M' 'U' 'U' 'U' 'M' 'M'
 'M' 'M' 'M' 'M' 'U' 'U' 'M' 'M' 'M' 'M' 'U' 'M' 'M' 'M' 'M' 'M' 'U' 'M'
 'M' 'M' 'U' 'M' 'U' 'U' 'U' 'M' 'M' 'M' 'M' 'M' 'M' 'M' 'M' 'M' 'M' 'M'
 'M' 'M' 'M' 'M' 'M' 'M' 'M' 'M' 'M' 'M' 'M' 'M' 'M' 'M' 'M' 'M' 'M' 'M'
 'M' 'M' 'M' 'U' 'A' 'M' 'U' 'A' 'A' 'A' 'A' 'A' 'U' 'M' 'M' 'M' 'M' 'M'
 'M' 'M' 'M' 'M' 'M' 'M' 'U' 'M' 'M' 'M' 'M' 'M' 'M' 'M' 'M' 'M' 'M' 'U'
 'M' 'M' 'M' 'M' 'M' 'M' 'M' 'M' 'M' 'M' 'M' 'M' 'M' 'M' 'U' 'M' 'U' 'M'
 'M' 'M' 'M' 'M' 'M' 'M' 'M' 'M' 'U' 'M' 'M' 'M' 'M' 'M' 'M' 'M' 'M' 'M']"
25301,3,180,7,173,18,0,0,"['M' 'M' 'M' 'M' 'M' 'M' 'M' 'M' 'M' 'M' 'M' 'M' 'M' 'M' 'M' 'M' 'M' 'M'
 'M' 'M' 'M' 'M' 'M' 'M' 'M' 'M' 'M' 'M' 'M' 'M' 'M' 'U' 'M' 'M' 'M' 'U'
 'M' 'M' 'M' 'M' 'M' 'M' 'U' 'M' 'M' 'M' 'M' 'M' 'M' 'M' 'M' 'M' 'M' 'M'
 'M' 'M' 'M' 'M' 'M' 'M' 'M' 'M' 'M' 'M' 'M' 'U' 'M' 'M' 'M' 'M' 'M' 'U'
 'M' 'U' 'M' 'U' 'M' 'M' 'M' 'M' 'U' 'M' 'M' 'U' 'M' 'M' 'U' 'M' 'M' 'M'
 'U' 'M' 'M' 'M' 'U' 'M' 'U' 'M' 'M' 'M' 'M' 'M' 'M' 'M' 'M' 'M' 'M' 'M'
 'M' 'M' 'M' 'M' 'M' 'M' 'M' 'M' 'M' 'U' 'M' 'M' 'M' 'M' 'M' 'M' 'M' 'M'
 'M' 'M' 'M' 'M' 'A' 'M' 'A' 'A' 'A' 'A' 'A' 'A' 'U' 'M' 'M' 'M' 'M' 'M'
 'M' 'M' 'M' 'M' 'M' 'M' 'U' 'M' 'M' 'M' 'M' 'M' 'M' 'M' 'M' 'M' 'M' 'M'
 'M' 'M' 'M' 'M' 'M' 'M' 'M' 'M' 'M' 'M' 'M' 'M' 'M' 'M' 'U' 'M' 'M' 'M'
 'M' 'M' 'M' 'M' 'M' 'M' 'M' 'M' 'U' 'M' 'M' 'M' 'M' 'M' 'M' 'M' 'M' 'M']"
25401,2,181,7,174,17,0,0,"['M' 'M' 'M' 'M' 'M' 'M' 'M' 'M' 'M' 'M' 'M' 'M' 'M' 'M' 'M' 'M' 'M' 'M'
 'M' 'M' 'M' 'M' 'M' 'M' 'M' 'M' 'M' 'M' 'M' 'M' 'M' 'U' 'M' 'M' 'M' 'M'
 'M' 'M' 'M' 'M' 'M' 'M' 'M' 'M' 'M' 'M' 'M' 'M' 'M' 'M' 'M' 'M' 'M' 'M'
 'M' 'M' 'M' 'M' 'M' 'M' 'M' 'M' 'M' 'M' 'M' 'U' 'U' 'M' 'U' 'M' 'U' 'M'
 'M' 'M' 'M' 'M' 'U' 'M' 'M' 'M' 'M' 'M' 'M' 'M' 'M' 'U' 'M' 'U' 'U' 'U'
 'M' 'M' 'M' 'M' 'M' 'M' 'M' 'M' 'M' 'M' 'M' 'M' 'M' 'M' 'M' 'M' 'M' 'M'
 'M' 'M' 'M' 'M' 'M' 'U' 'M' 'M' 'M' 'U' 'M' 'M' 'M' 'M' 'M' 'M' 'M' 'M'
 'M' 'M' 'M' 'U' 'A' 'M' 'A' 'U' 'A' 'A' 'A' 'A' 'A' 'M' 'M' 'M' 'M' 'M'
 'M' 'M' 'M' 'M' 'M' 'M' 'U' 'M' 'M' 'M' 'M' 'U' 'M' 'M' 'M' 'M' 'M' 'M'
 'M' 'M' 'M' 'M' 'M' 'M' 'M' 'M' 'M' 'M' 'M' 'M' 'M' 'M' 'U' 'M' 'M' 'M'
 'M' 'M' 'M' 'M' 'M' 'M' 'M' 'M' 'M' 'M' 'M' 'M' 'M' 'M' 'M' 'M' 'M' 'M']"
25501,2,179,9,170,19,0,0,"['M' 'M' 'M' 'M' 'M' 'M' 'M' 'M' 'M' 'M' 'M' 'M' 'M' 'M' 'M' 'M' 'M' 'M'
 'M' 'M' 'M' 'M' 'M' 'M' 'M' 'M' 'M' 'M' 'M' 'M' 'M' 'U' 'M' 'M' 'U' 'M'
 'M' 'M' 'M' 'M' 'M' 'M' 'M' 'U' 'M' 'M' 'M' 'M' 'M' 'M' 'M' 'M' 'M' 'M'
 'M' 'M' 'M' 'M' 'M' 'M' 'M' 'M' 'M' 'M' 'M' 'M' 'M' 'M' 'U' 'M' 'M' 'U'
 'M' 'M' 'M' 'M' 'M' 'M' 'M' 'M' 'U' 'U' 'U' 'M' 'M' 'M' 'U' 'U' 'M' 'M'
 'U' 'M' 'M' 'M' 'U' 'M' 'M' 'M' 'M' 'M' 'M' 'M' 'M' 'M' 'M' 'M' 'M' 'M'
 'M' 'M' 'M' 'M' 'M' 'U' 'M' 'M' 'M' 'U' 'M' 'M' 'M' 'M' 'M' 'M' 'M' 'M'
 'M' 'U' 'M' 'U' 'A' 'A' 'A' 'A' 'A' 'A' 'A' 'A' 'A' 'M' 'M' 'M' 'M' 'M'
 'M' 'M' 'M' 'M' 'M' 'M' 'U' 'M' 'M' 'M' 'M' 'U' 'M' 'M' 'M' 'M' 'M' 'M'
 'M' 'M' 'M' 'M' 'M' 'M' 'M' 'M' 'M' 'M' 'M' 'M' 'M' 'M' 'U' 'M' 'M' 'M'
 'M' 'M' 'M' 'M' 'M' 'M' 'M' 'M' 'M' 'M' 'M' 'M' 'M' 'M' 'M' 'M' 'M' 'M']"
25601,2,174,6,168,24,0,0,"['M' 'M' 'M' 'M' 'M' 'M' 'M' 'M' 'M' 'M' 'M' 'M' 'M' 'M' 'M' 'M' 'M' 'M'
 'M' 'M' 'M' 'M' 'U' 'M' 'M' 'M' 'M' 'M' 'M' 'M' 'M' 'U' 'M' 'M' 'U' 'M'
 'M' 'M' 'M' 'M' 'M' 'M' 'M' 'U' 'M' 'M' 'M' 'M' 'M' 'M' 'M' 'M' 'M' 'M'
 'M' 'M' 'M' 'M' 'M' 'M' 'M' 'M' 'M' 'M' 'M' 'M' 'U' 'M' 'M' 'M' 'M' 'M'
 'M' 'U' 'M' 'U' 'U' 'U' 'M' 'M' 'M' 'M' 'M' 'U' 'U' 'M' 'M' 'M' 'M' 'U'
 'M' 'M' 'M' 'M' 'U' 'M' 'M' 'M' 'M' 'M' 'M' 'M' 'M' 'M' 'M' 'M' 'M' 'M'
 'M' 'M' 'M' 'M' 'M' 'U' 'M' 'M' 'M' 'U' 'M' 'M' 'M' 'M' 'M' 'M' 'M' 'M'
 'M' 'U' 'M' 'U' 'A' 'A' 'A' 'U' 'A' 'A' 'A' 'U' 'U' 'M' 'M' 'M' 'M' 'M'
 'M' 'M' 'M' 'M' 'M' 'M' 'U' 'M' 'M' 'M' 'M' 'U' 'M' 'M' 'M' 'M' 'M' 'M'
 'M' 'M' 'M' 'M' 'M' 'M' 'M' 'M' 'M' 'M' 'M' 'M' 'M' 'M' 'U' 'M' 'M' 'M'
 'M' 'M' 'M' 'M' 'M' 'M' 'M' 'M' 'M' 'M' 'M' 'M' 'M' 'U' 'M' 'M' 'M' 'M']"
25701,3,174,9,165,24,0,0,"['M' 'M' 'M' 'M' 'M' 'M' 'M' 'M' 'M' 'M' 'M' 'M' 'M' 'M' 'M' 'M' 'M' 'M'
 'M' 'M' 'M' 'M' 'U' 'M' 'M' 'M' 'M' 'U' 'M' 'M' 'M' 'U' 'M' 'M' 'M' 'M'
 'U' 'M' 'M' 'M' 'M' 'M' 'M' 'U' 'U' 'M' 'M' 'M' 'M' 'M' 'M' 'M' 'M' 'M'
 'M' 'M' 'M' 'M' 'M' 'M' 'M' 'M' 'M' 'M' 'M' 'U' 'M' 'M' 'M' 'U' 'M' 'M'
 'U' 'M' 'M' 'M' 'U' 'M' 'M' 'M' 'M' 'U' 'U' 'M' 'M' 'U' 'M' 'M' 'M' 'M'
 'M' 'U' 'M' 'U' 'M' 'M' 'M' 'M' 'M' 'M' 'M' 'M' 'M' 'M' 'M' 'M' 'M' 'M'
 'M' 'M' 'M' 'M' 'M' 'M' 'M' 'M' 'M' 'U' 'M' 'M' 'M' 'M' 'M' 'M' 'M' 'M'
 'M' 'U' 'M' 'U' 'A' 'A' 'A' 'A' 'A' 'A' 'A' 'A' 'A' 'M' 'M' 'M' 'M' 'M'
 'M' 'M' 'M' 'M' 'M' 'M' 'U' 'M' 'M' 'M' 'M' 'M' 'U' 'M' 'M' 'M' 'M' 'M'
 'M' 'M' 'M' 'M' 'M' 'M' 'M' 'M' 'M' 'U' 'M' 'M' 'M' 'M' 'U' 'M' 'M' 'U'
 'M' 'M' 'M' 'M' 'M' 'M' 'M' 'M' 'M' 'M' 'M' 'M' 'M' 'U' 'M' 'M' 'M' 'M']"
25801,2,175,11,164,23,0,1,"['M' 'M' 'M' 'M' 'M' 'M' 'M' 'M' 'M' 'M' 'M' 'M' 'M' 'M' 'M' 'M' 'M' 'M'
 'M' 'M' 'M' 'M' 'U' 'M' 'M' 'M' 'M' 'U' 'M' 'M' 'M' 'U' 'M' 'M' 'M' 'M'
 'U' 'M' 'M' 'M' 'M' 'M' 'M' 'U' 'U' 'M' 'M' 'M' 'M' 'M' 'M' 'M' 'M' 'M'
 'M' 'M' 'M' 'M' 'M' 'M' 'M' 'M' 'M' 'M' 'M' 'M' 'M' 'U' 'M' 'M' 'M' 'M'
 'M' 'U' 'M' 'M' 'M' 'M' 'M' 'U' 'U' 'M' 'M' 'U' 'M' 'M' 'U' 'M' 'U' 'M'
 'M' 'M' 'U' 'M' 'U' 'M' 'M' 'M' 'M' 'M' 'M' 'M' 'M' 'M' 'M' 'M' 'M' 'U'
 'M' 'M' 'M' 'M' 'M' 'M' 'M' 'M' 'M' 'A' 'M' 'M' 'M' 'M' 'M' 'M' 'M' 'M'
 'M' 'M' 'M' 'U' 'A' 'A' 'A' 'A' 'A' 'A' 'A' 'A' 'A' 'M' 'M' 'M' 'M' 'M'
 'M' 'M' 'M' 'M' 'M' 'M' 'M' 'M' 'M' 'M' 'M' 'M' 'M' 'M' 'M' 'U' 'M' 'M'
 'M' 'M' 'M' 'M' 'M' 'M' 'M' 'M' 'M' 'U' 'M' 'M' 'M' 'U' 'U' 'M' 'M' 'A'
 'M' 'M' 'M' 'M' 'M' 'M' 'M' 'M' 'M' 'M' 'U' 'M' 'M' 'U' 'M' 'M' 'M' 'M']"
25901,3,176,8,168,22,0,0,"['M' 'M' 'M' 'M' 'M' 'M' 'M' 'M' 'M' 'M' 'M' 'M' 'M' 'M' 'M' 'M' 'M' 'M'
 'M' 'M' 'M' 'M' 'U' 'M' 'M' 'M' 'M' 'U' 'M' 'M' 'M' 'M' 'M' 'M' 'M' 'M'
 'U' 'M' 'M' 'M' 'M' 'M' 'M' 'M' 'U' 'M' 'M' 'M' 'M' 'M' 'M' 'M' 'M' 'M'
 'M' 'M' 'M' 'M' 'M' 'M' 'M' 'M' 'M' 'M' 'M' 'U' 'M' 'M' 'U' 'M' 'M' 'U'
 'M' 'M' 'M' 'M' 'M' 'M' 'M' 'M' 'U' 'M' 'M' 'M' 'M' 'M' 'U' 'U' 'M' 'U'
 'M' 'M' 'M' 'U' 'U' 'M' 'M' 'M' 'M' 'M' 'M' 'M' 'M' 'M' 'M' 'M' 'M' 'U'
 'M' 'M' 'M' 'M' 'M' 'M' 'M' 'M' 'M' 'U' 'M' 'M' 'M' 'M' 'M' 'U' 'M' 'M'
 'M' 'M' 'M' 'U' 'A' 'A' 'A' 'U' 'A' 'A' 'U' 'A' 'A' 'M' 'M' 'M' 'M' 'M'
 'M' 'M' 'M' 'M' 'M' 'M' 'M' 'M' 'M' 'M' 'M' 'M' 'M' 'M' 'M' 'M' 'M' 'M'
 'M' 'M' 'M' 'M' 'M' 'M' 'M' 'M' 'M' 'U' 'M' 'M' 'M' 'U' 'M' 'M' 'M' 'A'
 'M' 'M' 'M' 'M' 'M' 'M' 'M' 'M' 'M' 'M' 'M' 'M' 'M' 'U' 'M' 'M' 'M' 'M']"
26001,2,179,8,171,19,0,0,"['M' 'M' 'M' 'U' 'M' 'M' 'M' 'M' 'M' 'M' 'M' 'M' 'M' 'M' 'M' 'M' 'M' 'M'
 'M' 'M' 'M' 'M' 'M' 'M' 'M' 'M' 'M' 'M' 'M' 'M' 'M' 'M' 'M' 'M' 'M' 'M'
 'U' 'M' 'M' 'M' 'M' 'M' 'M' 'M' 'U' 'M' 'M' 'M' 'M' 'M' 'M' 'M' 'M' 'M'
 'M' 'M' 'M' 'M' 'M' 'M' 'M' 'M' 'M' 'M' 'M' 'M' 'M' 'M' 'M' 'U' 'U' 'M'
 'M' 'M' 'M' 'M' 'M' 'M' 'M' 'M' 'M' 'M' 'M' 'M' 'U' 'U' 'U' 'U' 'M' 'U'
 'U' 'U' 'M' 'M' 'M' 'M' 'M' 'M' 'M' 'M' 'M' 'M' 'M' 'M' 'M' 'M' 'M' 'U'
 'M' 'M' 'M' 'M' 'M' 'M' 'M' 'M' 'U' 'M' 'M' 'M' 'M' 'M' 'M' 'M' 'M' 'M'
 'M' 'M' 'M' 'M' 'A' 'A' 'A' 'U' 'A' 'A' 'A' 'A' 'A' 'M' 'M' 'M' 'M' 'M'
 'M' 'M' 'M' 'M' 'M' 'M' 'M' 'U' 'M' 'M' 'M' 'M' 'M' 'M' 'M' 'M' 'M' 'M'
 'M' 'M' 'M' 'M' 'M' 'M' 'M' 'M' 'M' 'U' 'M' 'M' 'M' 'U' 'M' 'M' 'M' 'U'
 'M' 'M' 'M' 'M' 'M' 'M' 'M' 'M' 'M' 'M' 'M' 'M' 'M' 'M' 'M' 'M' 'M' 'M']"
26101,2,175,8,167,23,0,0,"['M' 'M' 'M' 'U' 'M' 'M' 'M' 'M' 'M' 'M' 'M' 'M' 'M' 'M' 'M' 'M' 'M' 'M'
 'M' 'M' 'M' 'M' 'M' 'M' 'M' 'M' 'M' 'M' 'M' 'M' 'M' 'M' 'M' 'M' 'M' 'M'
 'U' 'M' 'M' 'M' 'M' 'M' 'M' 'M' 'U' 'M' 'M' 'M' 'M' 'M' 'M' 'M' 'M' 'M'
 'M' 'M' 'M' 'U' 'M' 'M' 'M' 'M' 'M' 'M' 'M' 'M' 'M' 'M' 'U' 'M' 'M' 'U'
 'M' 'U' 'U' 'M' 'M' 'M' 'U' 'M' 'M' 'M' 'U' 'M' 'M' 'M' 'M' 'U' 'M' 'M'
 'M' 'M' 'U' 'U' 'M' 'M' 'M' 'M' 'M' 'M' 'M' 'M' 'M' 'U' 'M' 'M' 'M' 'M'
 'M' 'M' 'M' 'M' 'M' 'M' 'M' 'M' 'U' 'M' 'M' 'M' 'M' 'M' 'M' 'M' 'M' 'M'
 'M' 'M' 'U' 'M' 'A' 'A' 'A' 'M' 'A' 'A' 'A' 'A' 'A' 'M' 'M' 'M' 'M' 'U'
 'M' 'U' 'M' 'M' 'M' 'M' 'M' 'M' 'M' 'M' 'M' 'M' 'M' 'M' 'M' 'M' 'M' 'M'
 'M' 'M' 'M' 'M' 'M' 'M' 'M' 'M' 'M' 'U' 'M' 'M' 'M' 'U' 'M' 'M' 'M' 'U'
 'M' 'M' 'M' 'M' 'M' 'U' 'M' 'M' 'M' 'M' 'M' 'M' 'M' 'M' 'M' 'M' 'U' 'M']"
26201,4,174,9,165,24,0,0,"['M' 'M' 'M' 'U' 'M' 'M' 'M' 'M' 'M' 'M' 'M' 'M' 'M' 'M' 'M' 'M' 'M' 'M'
 'M' 'M' 'M' 'M' 'U' 'M' 'U' 'M' 'M' 'M' 'M' 'M' 'M' 'M' 'M' 'M' 'M' 'M'
 'U' 'M' 'M' 'M' 'M' 'M' 'M' 'M' 'U' 'M' 'M' 'M' 'M' 'M' 'M' 'M' 'M' 'M'
 'M' 'M' 'M' 'U' 'M' 'M' 'M' 'M' 'M' 'M' 'M' 'M' 'U' 'M' 'M' 'U' 'M' 'M'
 'M' 'U' 'U' 'M' 'M' 'U' 'U' 'U' 'U' 'M' 'M' 'M' 'M' 'M' 'M' 'M' 'M' 'M'
 'U' 'M' 'M' 'M' 'M' 'M' 'M' 'M' 'M' 'M' 'M' 'M' 'U' 'M' 'M' 'M' 'M' 'M'
 'M' 'M' 'M' 'M' 'M' 'M' 'M' 'M' 'M' 'M' 'M' 'M' 'M' 'M' 'M' 'M' 'M' 'M'
 'M' 'M' 'U' 'M' 'A' 'A' 'A' 'A' 'A' 'A' 'A' 'A' 'A' 'M' 'M' 'M' 'U' 'M'
 'M' 'U' 'M' 'M' 'M' 'M' 'M' 'M' 'M' 'M' 'M' 'M' 'M' 'M' 'M' 'M' 'M' 'M'
 'M' 'M' 'M' 'M' 'M' 'M' 'M' 'M' 'M' 'U' 'M' 'M' 'M' 'U' 'M' 'M' 'M' 'U'
 'M' 'M' 'M' 'M' 'M' 'M' 'M' 'M' 'M' 'M' 'M' 'M' 'M' 'U' 'M' 'M' 'U' 'M']"
26301,2,172,8,164,26,0,0,"['M' 'M' 'M' 'U' 'M' 'M' 'M' 'M' 'M' 'M' 'M' 'M' 'M' 'M' 'M' 'M' 'M' 'M'
 'M' 'M' 'M' 'M' 'U' 'M' 'M' 'M' 'M' 'M' 'M' 'M' 'M' 'M' 'M' 'M' 'M' 'M'
 'U' 'M' 'M' 'M' 'M' 'M' 'M' 'M' 'U' 'M' 'M' 'M' 'M' 'M' 'M' 'M' 'M' 'M'
 'M' 'M' 'M' 'U' 'M' 'M' 'U' 'M' 'M' 'M' 'M' 'M' 'U' 'M' 'M' 'M' 'U' 'U'
 'M' 'U' 'M' 'U' 'M' 'M' 'M' 'M' 'M' 'U' 'U' 'M' 'M' 'M' 'M' 'U' 'M' 'M'
 'M' 'U' 'M' 'M' 'M' 'M' 'M' 'M' 'M' 'M' 'M' 'M' 'U' 'M' 'M' 'M' 'M' 'M'
 'M' 'M' 'M' 'M' 'M' 'M' 'M' 'M' 'M' 'M' 'M' 'M' 'M' 'M' 'M' 'M' 'M' 'M'
 'M' 'M' 'M' 'M' 'A' 'A' 'A' 'A' 'U' 'A' 'A' 'A' 'A' 'M' 'M' 'M' 'M' 'M'
 'M' 'U' 'M' 'M' 'M' 'M' 'M' 'M' 'M' 'M' 'M' 'M' 'M' 'M' 'M' 'M' 'M' 'M'
 'M' 'M' 'M' 'U' 'M' 'M' 'M' 'M' 'M' 'U' 'M' 'M' 'M' 'U' 'M' 'M' 'M' 'U'
 'M' 'M' 'U' 'M' 'M' 'M' 'M' 'M' 'M' 'M' 'M' 'M' 'M' 'U' 'M' 'M' 'U' 'U']"
26401,2,171,6,165,27,0,0,"['M' 'M' 'M' 'M' 'M' 'M' 'M' 'M' 'M' 'M' 'M' 'M' 'M' 'M' 'M' 'M' 'M' 'M'
 'M' 'M' 'M' 'M' 'U' 'M' 'M' 'M' 'M' 'M' 'M' 'M' 'M' 'M' 'M' 'M' 'M' 'M'
 'U' 'M' 'M' 'M' 'M' 'M' 'M' 'M' 'M' 'M' 'M' 'M' 'M' 'M' 'M' 'M' 'M' 'M'
 'M' 'M' 'M' 'U' 'M' 'M' 'U' 'M' 'M' 'M' 'M' 'U' 'M' 'M' 'M' 'U' 'M' 'M'
 'U' 'M' 'M' 'M' 'U' 'U' 'M' 'M' 'M' 'M' 'M' 'U' 'M' 'M' 'U' 'M' 'M' 'M'
 'M' 'M' 'M' 'U' 'U' 'M' 'M' 'M' 'M' 'M' 'M' 'M' 'U' 'M' 'M' 'M' 'M' 'M'
 'M' 'M' 'M' 'M' 'M' 'M' 'M' 'M' 'M' 'M' 'M' 'M' 'M' 'M' 'M' 'M' 'M' 'M'
 'M' 'M' 'M' 'M' 'A' 'M' 'A' 'A' 'U' 'U' 'U' 'A' 'A' 'M' 'M' 'M' 'U' 'M'
 'M' 'U' 'M' 'M' 'M' 'M' 'M' 'U' 'M' 'U' 'M' 'M' 'M' 'M' 'M' 'M' 'M' 'M'
 'M' 'M' 'M' 'U' 'M' 'M' 'M' 'M' 'M' 'M' 'M' 'M' 'M' 'A' 'M' 'M' 'M' 'U'
 'M' 'M' 'U' 'M' 'M' 'M' 'M' 'M' 'M' 'M' 'M' 'M' 'M' 'U' 'M' 'M' 'U' 'U']"
26501,2,174,5,169,24,0,0,"['M' 'M' 'M' 'M' 'M' 'M' 'M' 'M' 'M' 'M' 'M' 'M' 'M' 'M' 'M' 'M' 'M' 'M'
 'M' 'M' 'M' 'M' 'M' 'M' 'M' 'M' 'M' 'M' 'U' 'M' 'M' 'M' 'M' 'M' 'M' 'M'
 'U' 'M' 'M' 'M' 'M' 'M' 'M' 'M' 'M' 'M' 'M' 'M' 'M' 'M' 'M' 'M' 'M' 'M'
 'M' 'M' 'M' 'M' 'M' 'M' 'U' 'M' 'M' 'M' 'M' 'U' 'U' 'M' 'M' 'U' 'M' 'U'
 'M' 'M' 'M' 'M' 'U' 'U' 'M' 'M' 'M' 'M' 'U' 'M' 'M' 'M' 'M' 'M' 'U' 'M'
 'M' 'M' 'U' 'M' 'M' 'M' 'M' 'U' 'M' 'M' 'M' 'M' 'U' 'M' 'M' 'M' 'M' 'M'
 'M' 'M' 'M' 'M' 'M' 'M' 'M' 'U' 'M' 'M' 'M' 'M' 'M' 'M' 'M' 'M' 'M' 'M'
 'M' 'M' 'M' 'M' 'A' 'U' 'A' 'A' 'U' 'M' 'M' 'A' 'U' 'M' 'M' 'M' 'M' 'M'
 'M' 'M' 'M' 'M' 'M' 'M' 'M' 'U' 'M' 'U' 'M' 'M' 'M' 'M' 'M' 'M' 'M' 'M'
 'M' 'M' 'M' 'U' 'M' 'M' 'M' 'M' 'M' 'M' 'M' 'M' 'M' 'A' 'M' 'M' 'M' 'M'
 'M' 'M' 'M' 'M' 'M' 'M' 'M' 'M' 'M' 'M' 'M' 'M' 'M' 'U' 'M' 'M' 'U' 'U']"
26601,2,181,4,177,17,0,0,"['M' 'M' 'M' 'M' 'M' 'M' 'M' 'M' 'M' 'M' 'M' 'M' 'M' 'M' 'M' 'M' 'M' 'M'
 'M' 'M' 'M' 'M' 'M' 'M' 'M' 'M' 'M' 'M' 'M' 'M' 'M' 'M' 'M' 'M' 'M' 'M'
 'M' 'M' 'M' 'M' 'M' 'M' 'M' 'M' 'M' 'M' 'M' 'M' 'M' 'M' 'M' 'M' 'M' 'M'
 'M' 'M' 'M' 'M' 'M' 'M' 'M' 'M' 'M' 'M' 'M' 'M' 'M' 'M' 'M' 'M' 'M' 'M'
 'M' 'U' 'U' 'U' 'M' 'M' 'U' 'M' 'M' 'M' 'U' 'M' 'U' 'U' 'M' 'M' 'M' 'M'
 'M' 'M' 'U' 'U' 'M' 'M' 'M' 'M' 'M' 'M' 'M' 'M' 'M' 'M' 'M' 'M' 'M' 'M'
 'M' 'M' 'M' 'M' 'M' 'M' 'M' 'U' 'M' 'M' 'M' 'M' 'M' 'M' 'M' 'M' 'M' 'M'
 'M' 'M' 'M' 'M' 'A' 'U' 'U' 'A' 'U' 'M' 'M' 'A' 'U' 'M' 'M' 'M' 'M' 'M'
 'M' 'M' 'M' 'M' 'M' 'M' 'M' 'M' 'M' 'A' 'M' 'M' 'M' 'M' 'M' 'M' 'M' 'M'
 'M' 'M' 'M' 'U' 'M' 'M' 'M' 'M' 'M' 'M' 'M' 'M' 'M' 'M' 'M' 'M' 'M' 'M'
 'M' 'M' 'M' 'M' 'M' 'M' 'M' 'M' 'M' 'M' 'M' 'M' 'M' 'M' 'M' 'U' 'M' 'U']"
26701,2,182,3,179,16,0,0,"['M' 'M' 'M' 'M' 'M' 'M' 'M' 'M' 'M' 'M' 'M' 'M' 'M' 'M' 'M' 'M' 'M' 'M'
 'M' 'M' 'M' 'M' 'M' 'M' 'M' 'M' 'M' 'M' 'M' 'M' 'M' 'M' 'M' 'M' 'M' 'M'
 'M' 'M' 'M' 'M' 'M' 'M' 'M' 'M' 'M' 'M' 'M' 'M' 'M' 'M' 'M' 'M' 'M' 'M'
 'M' 'M' 'M' 'M' 'M' 'M' 'M' 'M' 'M' 'M' 'M' 'M' 'M' 'M' 'M' 'M' 'M' 'U'
 'M' 'M' 'M' 'M' 'M' 'M' 'U' 'U' 'M' 'M' 'M' 'U' 'M' 'U' 'U' 'U' 'M' 'U'
 'M' 'U' 'M' 'M' 'M' 'M' 'M' 'M' 'M' 'M' 'M' 'M' 'M' 'M' 'M' 'M' 'M' 'M'
 'M' 'M' 'M' 'M' 'M' 'M' 'U' 'M' 'M' 'U' 'M' 'M' 'M' 'M' 'M' 'M' 'M' 'M'
 'M' 'M' 'M' 'M' 'A' 'U' 'M' 'A' 'M' 'M' 'M' 'A' 'U' 'M' 'M' 'M' 'M' 'M'
 'M' 'M' 'M' 'M' 'M' 'M' 'M' 'M' 'M' 'U' 'M' 'M' 'M' 'M' 'M' 'M' 'M' 'U'
 'M' 'M' 'M' 'M' 'M' 'M' 'M' 'M' 'M' 'M' 'M' 'M' 'M' 'M' 'M' 'M' 'M' 'M'
 'M' 'M' 'M' 'M' 'M' 'M' 'M' 'M' 'M' 'M' 'M' 'M' 'M' 'M' 'M' 'U' 'M' 'M']"
26801,2,180,8,172,18,0,0,"['M' 'M' 'M' 'M' 'M' 'M' 'M' 'M' 'M' 'M' 'M' 'M' 'M' 'M' 'M' 'M' 'M' 'M'
 'M' 'M' 'M' 'M' 'M' 'M' 'M' 'M' 'M' 'U' 'M' 'M' 'M' 'M' 'M' 'M' 'M' 'M'
 'M' 'M' 'M' 'M' 'M' 'M' 'M' 'M' 'M' 'M' 'M' 'M' 'M' 'M' 'M' 'M' 'M' 'M'
 'M' 'M' 'M' 'M' 'M' 'M' 'M' 'M' 'M' 'M' 'M' 'M' 'U' 'M' 'U' 'M' 'U' 'M'
 'M' 'M' 'U' 'M' 'M' 'M' 'M' 'U' 'U' 'M' 'M' 'M' 'U' 'U' 'M' 'M' 'M' 'M'
 'U' 'M' 'M' 'M' 'M' 'M' 'M' 'M' 'M' 'M' 'M' 'M' 'M' 'M' 'M' 'M' 'M' 'M'
 'M' 'M' 'M' 'M' 'M' 'M' 'M' 'M' 'M' 'U' 'M' 'M' 'M' 'M' 'M' 'M' 'M' 'M'
 'M' 'M' 'M' 'M' 'A' 'A' 'A' 'A' 'A' 'A' 'U' 'A' 'A' 'M' 'M' 'M' 'M' 'M'
 'M' 'M' 'M' 'M' 'M' 'M' 'M' 'U' 'M' 'U' 'M' 'M' 'M' 'M' 'M' 'M' 'M' 'U'
 'M' 'M' 'M' 'U' 'M' 'M' 'M' 'M' 'M' 'M' 'M' 'M' 'M' 'M' 'M' 'M' 'M' 'M'
 'M' 'M' 'U' 'M' 'M' 'M' 'M' 'M' 'M' 'M' 'M' 'M' 'M' 'M' 'M' 'U' 'M' 'M']"
26901,3,181,8,173,17,0,0,"['M' 'M' 'M' 'M' 'M' 'M' 'M' 'M' 'M' 'M' 'M' 'M' 'M' 'U' 'M' 'M' 'M' 'M'
 'M' 'M' 'M' 'M' 'M' 'M' 'M' 'M' 'M' 'A' 'M' 'M' 'M' 'M' 'M' 'M' 'M' 'M'
 'M' 'M' 'M' 'M' 'M' 'M' 'M' 'M' 'M' 'M' 'M' 'M' 'M' 'M' 'M' 'M' 'M' 'M'
 'M' 'M' 'M' 'M' 'M' 'M' 'M' 'M' 'M' 'M' 'M' 'M' 'U' 'M' 'M' 'M' 'M' 'M'
 'M' 'U' 'M' 'U' 'M' 'U' 'U' 'M' 'U' 'M' 'M' 'M' 'M' 'M' 'M' 'U' 'U' 'M'
 'M' 'M' 'M' 'M' 'U' 'M' 'M' 'M' 'M' 'M' 'M' 'U' 'M' 'M' 'M' 'M' 'M' 'M'
 'M' 'M' 'M' 'M' 'M' 'M' 'M' 'U' 'M' 'U' 'M' 'M' 'M' 'M' 'M' 'M' 'M' 'M'
 'M' 'M' 'M' 'M' 'A' 'A' 'A' 'A' 'U' 'A' 'U' 'A' 'A' 'M' 'M' 'M' 'M' 'M'
 'M' 'M' 'M' 'M' 'M' 'M' 'M' 'M' 'M' 'M' 'M' 'M' 'M' 'M' 'M' 'M' 'M' 'U'
 'M' 'M' 'M' 'M' 'M' 'M' 'M' 'M' 'M' 'M' 'M' 'M' 'M' 'M' 'M' 'M' 'M' 'M'
 'M' 'M' 'U' 'M' 'M' 'M' 'M' 'M' 'M' 'M' 'M' 'M' 'M' 'M' 'M' 'M' 'M' 'M']"
27001,2,178,8,170,20,0,0,"['M' 'M' 'M' 'M' 'M' 'M' 'M' 'M' 'M' 'M' 'M' 'M' 'M' 'U' 'M' 'M' 'M' 'M'
 'M' 'M' 'M' 'M' 'M' 'M' 'M' 'M' 'M' 'A' 'M' 'M' 'M' 'M' 'U' 'M' 'M' 'M'
 'M' 'M' 'U' 'M' 'M' 'M' 'M' 'M' 'M' 'M' 'M' 'M' 'M' 'M' 'M' 'M' 'M' 'M'
 'U' 'M' 'M' 'M' 'M' 'M' 'M' 'M' 'M' 'M' 'M' 'M' 'M' 'M' 'U' 'M' 'U' 'M'
 'U' 'U' 'M' 'M' 'M' 'U' 'U' 'M' 'M' 'M' 'U' 'M' 'M' 'M' 'U' 'M' 'M' 'M'
 'M' 'U' 'M' 'M' 'M' 'M' 'M' 'M' 'M' 'M' 'M' 'M' 'M' 'M' 'U' 'M' 'M' 'U'
 'M' 'M' 'M' 'M' 'M' 'M' 'M' 'U' 'M' 'U' 'M' 'M' 'M' 'M' 'M' 'M' 'M' 'M'
 'M' 'M' 'M' 'M' 'A' 'A' 'U' 'A' 'M' 'A' 'A' 'A' 'A' 'M' 'M' 'M' 'M' 'M'
 'M' 'M' 'M' 'M' 'M' 'M' 'M' 'M' 'M' 'M' 'M' 'M' 'M' 'M' 'M' 'U' 'M' 'M'
 'M' 'M' 'M' 'M' 'M' 'M' 'M' 'M' 'M' 'M' 'M' 'M' 'M' 'M' 'M' 'M' 'M' 'M'
 'M' 'M' 'U' 'M' 'M' 'M' 'M' 'M' 'M' 'M' 'M' 'M' 'M' 'M' 'M' 'M' 'M' 'M']"
27101,2,177,6,171,21,0,0,"['M' 'M' 'M' 'M' 'M' 'M' 'M' 'M' 'M' 'M' 'M' 'M' 'M' 'U' 'M' 'M' 'M' 'M'
 'M' 'M' 'M' 'M' 'M' 'M' 'M' 'M' 'M' 'M' 'M' 'M' 'M' 'M' 'U' 'M' 'M' 'M'
 'M' 'M' 'U' 'M' 'M' 'M' 'M' 'M' 'M' 'M' 'M' 'M' 'M' 'M' 'M' 'M' 'M' 'M'
 'U' 'M' 'M' 'M' 'M' 'M' 'M' 'M' 'M' 'M' 'M' 'M' 'M' 'U' 'U' 'M' 'U' 'M'
 'M' 'U' 'U' 'U' 'M' 'M' 'M' 'M' 'M' 'M' 'M' 'M' 'M' 'U' 'M' 'M' 'M' 'M'
 'U' 'M' 'M' 'U' 'M' 'M' 'M' 'M' 'M' 'M' 'M' 'M' 'M' 'M' 'U' 'M' 'M' 'U'
 'M' 'M' 'M' 'M' 'M' 'M' 'M' 'U' 'M' 'U' 'M' 'M' 'M' 'M' 'M' 'M' 'M' 'M'
 'M' 'M' 'M' 'M' 'A' 'A' 'U' 'A' 'M' 'A' 'U' 'A' 'A' 'M' 'M' 'M' 'M' 'M'
 'M' 'M' 'M' 'M' 'U' 'M' 'M' 'M' 'M' 'M' 'M' 'M' 'M' 'M' 'M' 'U' 'M' 'M'
 'M' 'M' 'M' 'M' 'M' 'M' 'M' 'M' 'M' 'M' 'M' 'M' 'M' 'M' 'M' 'M' 'M' 'M'
 'M' 'M' 'M' 'M' 'M' 'M' 'M' 'M' 'M' 'M' 'M' 'M' 'M' 'M' 'M' 'M' 'M' 'M']"
27201,2,179,9,170,19,0,0,"['M' 'M' 'M' 'M' 'M' 'M' 'M' 'M' 'M' 'M' 'M' 'M' 'M' 'U' 'M' 'M' 'M' 'M'
 'M' 'M' 'M' 'M' 'M' 'M' 'M' 'M' 'M' 'M' 'M' 'M' 'M' 'M' 'U' 'M' 'M' 'M'
 'M' 'U' 'M' 'M' 'M' 'M' 'M' 'M' 'M' 'M' 'M' 'M' 'M' 'M' 'U' 'M' 'M' 'M'
 'U' 'M' 'M' 'M' 'M' 'M' 'M' 'M' 'M' 'M' 'M' 'M' 'M' 'U' 'U' 'U' 'M' 'M'
 'M' 'M' 'M' 'M' 'U' 'U' 'M' 'M' 'M' 'M' 'M' 'U' 'U' 'U' 'M' 'M' 'M' 'M'
 'M' 'M' 'M' 'U' 'M' 'M' 'M' 'M' 'M' 'M' 'M' 'M' 'M' 'M' 'M' 'M' 'M' 'U'
 'M' 'M' 'M' 'M' 'M' 'M' 'M' 'U' 'M' 'U' 'M' 'M' 'M' 'M' 'M' 'M' 'M' 'M'
 'M' 'M' 'M' 'M' 'A' 'A' 'A' 'A' 'A' 'A' 'A' 'A' 'A' 'M' 'M' 'M' 'M' 'M'
 'M' 'M' 'M' 'M' 'U' 'M' 'M' 'M' 'M' 'M' 'M' 'M' 'M' 'M' 'M' 'M' 'M' 'M'
 'M' 'M' 'M' 'U' 'M' 'M' 'M' 'M' 'M' 'M' 'M' 'M' 'M' 'M' 'M' 'M' 'M' 'M'
 'M' 'M' 'M' 'M' 'M' 'M' 'M' 'M' 'M' 'M' 'M' 'M' 'M' 'M' 'M' 'M' 'M' 'M']"
27301,2,181,8,173,17,0,0,"['M' 'M' 'M' 'M' 'M' 'M' 'M' 'M' 'M' 'M' 'M' 'M' 'M' 'M' 'M' 'M' 'M' 'M'
 'M' 'M' 'M' 'M' 'M' 'M' 'M' 'M' 'M' 'M' 'M' 'M' 'U' 'M' 'M' 'M' 'M' 'M'
 'M' 'M' 'M' 'M' 'M' 'M' 'M' 'M' 'M' 'M' 'M' 'M' 'M' 'M' 'M' 'M' 'M' 'M'
 'U' 'M' 'M' 'M' 'M' 'M' 'M' 'M' 'M' 'M' 'M' 'U' 'M' 'M' 'M' 'M' 'M' 'U'
 'M' 'M' 'U' 'M' 'U' 'M' 'M' 'U' 'M' 'M' 'U' 'U' 'M' 'M' 'U' 'M' 'U' 'M'
 'M' 'M' 'M' 'M' 'M' 'M' 'M' 'M' 'M' 'M' 'M' 'M' 'M' 'M' 'M' 'M' 'M' 'U'
 'M' 'M' 'M' 'M' 'M' 'M' 'M' 'U' 'M' 'M' 'M' 'M' 'U' 'M' 'M' 'M' 'M' 'M'
 'M' 'M' 'M' 'M' 'A' 'A' 'U' 'A' 'A' 'A' 'A' 'A' 'A' 'M' 'M' 'M' 'M' 'M'
 'M' 'M' 'M' 'M' 'M' 'M' 'M' 'M' 'M' 'M' 'M' 'M' 'M' 'M' 'M' 'M' 'M' 'M'
 'M' 'M' 'M' 'M' 'M' 'M' 'M' 'M' 'M' 'U' 'M' 'M' 'M' 'M' 'M' 'M' 'M' 'M'
 'M' 'M' 'M' 'M' 'U' 'M' 'M' 'M' 'M' 'M' 'M' 'M' 'M' 'M' 'M' 'M' 'M' 'M']"
27401,2,181,7,174,17,0,0,"['M' 'M' 'M' 'M' 'M' 'M' 'M' 'M' 'M' 'M' 'M' 'M' 'M' 'M' 'M' 'M' 'M' 'M'
 'M' 'M' 'M' 'M' 'M' 'M' 'M' 'M' 'M' 'M' 'M' 'M' 'U' 'M' 'M' 'M' 'M' 'M'
 'M' 'M' 'M' 'M' 'M' 'M' 'M' 'M' 'M' 'M' 'M' 'M' 'M' 'M' 'M' 'M' 'M' 'M'
 'U' 'M' 'M' 'M' 'M' 'M' 'M' 'M' 'M' 'M' 'M' 'M' 'M' 'U' 'M' 'M' 'M' 'M'
 'U' 'M' 'M' 'M' 'M' 'M' 'M' 'M' 'U' 'U' 'M' 'M' 'U' 'M' 'U' 'U' 'U' 'M'
 'M' 'U' 'M' 'M' 'M' 'M' 'M' 'M' 'M' 'M' 'U' 'M' 'M' 'M' 'M' 'M' 'M' 'U'
 'M' 'M' 'M' 'M' 'M' 'M' 'M' 'M' 'M' 'M' 'M' 'M' 'U' 'M' 'M' 'M' 'M' 'M'
 'M' 'M' 'M' 'M' 'A' 'A' 'U' 'A' 'A' 'A' 'U' 'A' 'A' 'M' 'M' 'M' 'M' 'M'
 'M' 'M' 'M' 'M' 'M' 'M' 'M' 'M' 'M' 'M' 'M' 'M' 'M' 'M' 'M' 'M' 'M' 'M'
 'M' 'M' 'M' 'M' 'M' 'M' 'M' 'M' 'M' 'M' 'M' 'M' 'M' 'M' 'M' 'M' 'M' 'M'
 'M' 'M' 'M' 'M' 'U' 'M' 'M' 'M' 'M' 'M' 'M' 'M' 'M' 'M' 'M' 'M' 'M' 'M']"
27501,2,182,7,175,16,0,0,"['M' 'M' 'M' 'M' 'M' 'M' 'M' 'M' 'M' 'M' 'M' 'M' 'M' 'M' 'M' 'M' 'M' 'M'
 'M' 'M' 'M' 'M' 'M' 'M' 'M' 'M' 'M' 'M' 'M' 'M' 'U' 'M' 'M' 'M' 'M' 'M'
 'M' 'M' 'M' 'M' 'M' 'M' 'M' 'M' 'M' 'M' 'M' 'M' 'M' 'M' 'M' 'M' 'M' 'M'
 'U' 'M' 'M' 'M' 'M' 'M' 'M' 'M' 'M' 'M' 'M' 'M' 'U' 'U' 'U' 'U' 'U' 'M'
 'M' 'U' 'M' 'M' 'M' 'U' 'M' 'M' 'U' 'M' 'M' 'M' 'M' 'M' 'M' 'M' 'M' 'M'
 'M' 'M' 'M' 'U' 'M' 'M' 'M' 'M' 'M' 'M' 'U' 'M' 'M' 'M' 'M' 'M' 'M' 'M'
 'M' 'M' 'M' 'M' 'M' 'M' 'M' 'M' 'M' 'M' 'M' 'M' 'M' 'M' 'M' 'M' 'M' 'M'
 'M' 'M' 'M' 'M' 'A' 'A' 'U' 'A' 'A' 'A' 'A' 'U' 'A' 'M' 'M' 'M' 'M' 'M'
 'M' 'M' 'M' 'M' 'M' 'M' 'M' 'M' 'M' 'M' 'M' 'M' 'M' 'M' 'M' 'M' 'M' 'M'
 'M' 'M' 'M' 'M' 'M' 'M' 'M' 'M' 'M' 'M' 'M' 'M' 'M' 'U' 'M' 'M' 'M' 'M'
 'M' 'M' 'M' 'M' 'U' 'M' 'M' 'M' 'M' 'M' 'M' 'M' 'M' 'M' 'M' 'M' 'M' 'M']"
27601,2,179,6,173,19,0,0,"['M' 'M' 'M' 'M' 'M' 'M' 'M' 'M' 'M' 'M' 'M' 'M' 'M' 'M' 'M' 'M' 'M' 'M'
 'M' 'M' 'M' 'M' 'M' 'M' 'M' 'M' 'M' 'M' 'M' 'M' 'M' 'M' 'M' 'M' 'M' 'M'
 'M' 'M' 'M' 'M' 'M' 'M' 'M' 'M' 'M' 'M' 'M' 'M' 'M' 'M' 'U' 'M' 'M' 'M'
 'U' 'M' 'M' 'M' 'M' 'M' 'M' 'M' 'M' 'M' 'M' 'M' 'U' 'M' 'M' 'M' 'U' 'M'
 'M' 'M' 'U' 'M' 'U' 'U' 'M' 'M' 'M' 'M' 'M' 'M' 'M' 'M' 'U' 'M' 'U' 'M'
 'M' 'U' 'U' 'M' 'M' 'M' 'M' 'M' 'M' 'M' 'U' 'M' 'M' 'M' 'M' 'M' 'M' 'M'
 'M' 'M' 'M' 'M' 'M' 'M' 'M' 'M' 'M' 'M' 'M' 'M' 'M' 'M' 'M' 'M' 'M' 'U'
 'M' 'M' 'M' 'M' 'A' 'A' 'M' 'U' 'A' 'A' 'A' 'U' 'A' 'M' 'M' 'M' 'M' 'M'
 'M' 'M' 'M' 'M' 'M' 'U' 'M' 'M' 'M' 'M' 'M' 'M' 'M' 'M' 'M' 'M' 'M' 'M'
 'M' 'M' 'M' 'M' 'M' 'M' 'M' 'M' 'M' 'M' 'M' 'M' 'M' 'U' 'M' 'M' 'M' 'M'
 'M' 'M' 'M' 'U' 'U' 'M' 'M' 'M' 'M' 'M' 'M' 'M' 'M' 'M' 'M' 'M' 'M' 'M']"
27701,2,180,8,172,18,0,0,"['M' 'M' 'M' 'M' 'M' 'M' 'M' 'M' 'M' 'M' 'M' 'M' 'M' 'M' 'M' 'M' 'M' 'M'
 'M' 'M' 'M' 'M' 'M' 'M' 'M' 'M' 'M' 'M' 'M' 'M' 'M' 'M' 'M' 'M' 'M' 'M'
 'M' 'M' 'M' 'M' 'M' 'M' 'M' 'M' 'M' 'M' 'M' 'M' 'M' 'M' 'U' 'M' 'M' 'U'
 'U' 'M' 'M' 'M' 'U' 'M' 'M' 'M' 'M' 'M' 'M' 'M' 'U' 'U' 'U' 'M' 'U' 'U'
 'M' 'M' 'M' 'M' 'M' 'M' 'M' 'U' 'M' 'M' 'U' 'U' 'M' 'U' 'M' 'M' 'M' 'M'
 'M' 'M' 'M' 'M' 'M' 'M' 'M' 'M' 'M' 'M' 'U' 'M' 'M' 'M' 'M' 'M' 'M' 'M'
 'M' 'M' 'M' 'M' 'M' 'M' 'M' 'M' 'M' 'M' 'M' 'M' 'M' 'M' 'M' 'M' 'M' 'U'
 'M' 'M' 'M' 'M' 'A' 'A' 'A' 'A' 'A' 'U' 'A' 'A' 'A' 'M' 'M' 'M' 'M' 'M'
 'M' 'M' 'M' 'M' 'M' 'M' 'M' 'M' 'M' 'M' 'M' 'M' 'M' 'M' 'M' 'M' 'M' 'M'
 'M' 'M' 'M' 'M' 'M' 'M' 'M' 'M' 'M' 'M' 'M' 'M' 'M' 'M' 'M' 'M' 'M' 'M'
 'M' 'M' 'M' 'U' 'U' 'M' 'M' 'M' 'M' 'M' 'M' 'M' 'M' 'M' 'M' 'M' 'M' 'M']"
27801,3,176,6,170,22,0,0,"['M' 'M' 'M' 'M' 'M' 'M' 'M' 'M' 'M' 'M' 'M' 'M' 'M' 'M' 'M' 'M' 'M' 'M'
 'M' 'M' 'M' 'M' 'M' 'M' 'M' 'M' 'M' 'M' 'M' 'M' 'M' 'M' 'M' 'M' 'M' 'M'
 'M' 'M' 'U' 'M' 'M' 'M' 'M' 'M' 'M' 'M' 'M' 'M' 'M' 'M' 'U' 'M' 'M' 'U'
 'M' 'M' 'M' 'M' 'U' 'M' 'M' 'M' 'M' 'M' 'M' 'M' 'M' 'M' 'M' 'M' 'M' 'U'
 'M' 'M' 'M' 'U' 'M' 'M' 'M' 'U' 'M' 'U' 'M' 'M' 'M' 'U' 'M' 'U' 'M' 'M'
 'M' 'U' 'U' 'U' 'M' 'M' 'M' 'M' 'M' 'M' 'U' 'M' 'M' 'M' 'M' 'M' 'M' 'M'
 'M' 'M' 'M' 'M' 'M' 'M' 'M' 'M' 'M' 'M' 'M' 'U' 'M' 'M' 'M' 'M' 'M' 'U'
 'M' 'M' 'U' 'M' 'A' 'A' 'A' 'U' 'A' 'U' 'A' 'U' 'A' 'M' 'M' 'M' 'M' 'M'
 'M' 'M' 'M' 'M' 'M' 'U' 'M' 'M' 'M' 'M' 'M' 'M' 'M' 'M' 'M' 'M' 'M' 'M'
 'M' 'M' 'M' 'M' 'U' 'M' 'M' 'M' 'M' 'M' 'M' 'M' 'M' 'M' 'M' 'M' 'M' 'M'
 'M' 'M' 'M' 'M' 'M' 'M' 'M' 'M' 'M' 'M' 'M' 'M' 'M' 'M' 'M' 'M' 'M' 'M']"
27901,2,176,9,167,22,0,0,"['M' 'M' 'M' 'M' 'M' 'M' 'M' 'M' 'M' 'M' 'M' 'M' 'M' 'M' 'M' 'M' 'M' 'M'
 'M' 'U' 'M' 'M' 'M' 'M' 'M' 'M' 'M' 'M' 'M' 'M' 'M' 'M' 'M' 'M' 'M' 'M'
 'M' 'M' 'U' 'M' 'M' 'M' 'M' 'M' 'M' 'M' 'M' 'M' 'M' 'M' 'U' 'M' 'M' 'M'
 'M' 'M' 'M' 'M' 'M' 'M' 'M' 'M' 'M' 'M' 'M' 'M' 'M' 'M' 'M' 'M' 'M' 'M'
 'U' 'U' 'M' 'U' 'U' 'M' 'U' 'U' 'M' 'M' 'M' 'M' 'M' 'M' 'M' 'M' 'U' 'U'
 'M' 'M' 'U' 'M' 'M' 'M' 'M' 'M' 'M' 'M' 'U' 'M' 'M' 'M' 'M' 'M' 'M' 'M'
 'M' 'M' 'M' 'M' 'U' 'M' 'M' 'M' 'M' 'U' 'M' 'M' 'M' 'M' 'M' 'M' 'M' 'U'
 'M' 'M' 'U' 'U' 'A' 'A' 'A' 'A' 'A' 'A' 'A' 'A' 'A' 'M' 'M' 'M' 'M' 'M'
 'M' 'M' 'M' 'M' 'M' 'U' 'M' 'M' 'M' 'M' 'M' 'M' 'M' 'M' 'U' 'M' 'M' 'M'
 'M' 'M' 'M' 'M' 'U' 'M' 'M' 'M' 'M' 'M' 'M' 'M' 'M' 'M' 'M' 'M' 'M' 'M'
 'M' 'M' 'M' 'M' 'M' 'M' 'M' 'M' 'M' 'M' 'M' 'M' 'M' 'M' 'M' 'M' 'M' 'U']"
28001,2,175,10,165,23,0,0,"['M' 'M' 'M' 'M' 'M' 'M' 'M' 'M' 'M' 'M' 'M' 'M' 'M' 'M' 'M' 'M' 'M' 'M'
 'M' 'M' 'M' 'M' 'M' 'M' 'M' 'A' 'M' 'M' 'U' 'M' 'M' 'M' 'M' 'M' 'M' 'M'
 'M' 'M' 'U' 'M' 'M' 'M' 'M' 'M' 'M' 'M' 'M' 'M' 'M' 'M' 'U' 'M' 'M' 'M'
 'M' 'M' 'M' 'M' 'M' 'M' 'M' 'M' 'M' 'M' 'M' 'M' 'U' 'M' 'U' 'M' 'U' 'M'
 'M' 'M' 'M' 'U' 'M' 'M' 'M' 'M' 'M' 'M' 'M' 'M' 'M' 'M' 'U' 'M' 'U' 'M'
 'M' 'U' 'M' 'U' 'U' 'M' 'M' 'M' 'M' 'U' 'U' 'M' 'M' 'M' 'M' 'M' 'M' 'M'
 'M' 'M' 'M' 'M' 'U' 'M' 'M' 'M' 'M' 'U' 'M' 'M' 'M' 'M' 'M' 'M' 'M' 'M'
 'M' 'M' 'M' 'U' 'A' 'A' 'A' 'A' 'A' 'A' 'A' 'A' 'A' 'U' 'M' 'M' 'M' 'M'
 'M' 'M' 'M' 'M' 'M' 'U' 'U' 'M' 'M' 'M' 'M' 'M' 'M' 'M' 'U' 'M' 'M' 'M'
 'M' 'M' 'M' 'M' 'U' 'M' 'M' 'M' 'M' 'M' 'M' 'M' 'M' 'M' 'M' 'M' 'M' 'M'
 'M' 'M' 'M' 'M' 'M' 'M' 'M' 'M' 'M' 'M' 'M' 'M' 'M' 'M' 'M' 'M' 'M' 'U']"
28101,2,174,11,163,24,0,1,"['M' 'M' 'M' 'M' 'M' 'M' 'M' 'M' 'M' 'M' 'M' 'M' 'M' 'M' 'M' 'U' 'M' 'M'
 'M' 'M' 'M' 'M' 'M' 'M' 'U' 'A' 'M' 'M' 'M' 'A' 'M' 'M' 'M' 'M' 'M' 'M'
 'M' 'M' 'U' 'M' 'M' 'M' 'M' 'M' 'M' 'M' 'M' 'M' 'M' 'M' 'A' 'M' 'M' 'M'
 'M' 'M' 'M' 'M' 'M' 'M' 'M' 'U' 'M' 'M' 'M' 'M' 'M' 'U' 'M' 'M' 'M' 'M'
 'M' 'M' 'M' 'M' 'U' 'M' 'M' 'M' 'M' 'U' 'M' 'M' 'U' 'U' 'M' 'U' 'M' 'U'
 'U' 'U' 'M' 'M' 'M' 'M' 'M' 'M' 'M' 'U' 'U' 'M' 'M' 'M' 'M' 'M' 'M' 'M'
 'M' 'M' 'M' 'M' 'U' 'M' 'M' 'M' 'M' 'U' 'M' 'M' 'M' 'M' 'M' 'M' 'M' 'M'
 'M' 'M' 'M' 'U' 'A' 'A' 'A' 'A' 'A' 'A' 'A' 'U' 'A' 'M' 'M' 'M' 'M' 'M'
 'M' 'M' 'M' 'M' 'M' 'U' 'U' 'M' 'M' 'M' 'M' 'M' 'M' 'M' 'U' 'M' 'M' 'M'
 'M' 'M' 'M' 'M' 'U' 'M' 'M' 'M' 'M' 'M' 'M' 'M' 'M' 'M' 'M' 'M' 'M' 'M'
 'M' 'M' 'M' 'M' 'M' 'M' 'M' 'M' 'M' 'M' 'M' 'M' 'M' 'M' 'U' 'M' 'M' 'M']"
28201,2,166,8,158,32,0,1,"['M' 'M' 'M' 'M' 'M' 'M' 'M' 'M' 'M' 'M' 'M' 'M' 'M' 'M' 'M' 'U' 'M' 'M'
 'M' 'M' 'M' 'M' 'M' 'M' 'M' 'A' 'M' 'M' 'M' 'U' 'U' 'M' 'M' 'M' 'M' 'M'
 'M' 'U' 'U' 'M' 'M' 'M' 'M' 'M' 'M' 'M' 'M' 'M' 'M' 'M' 'A' 'M' 'M' 'M'
 'M' 'M' 'M' 'M' 'M' 'M' 'M' 'M' 'M' 'M' 'U' 'M' 'M' 'M' 'U' 'M' 'M' 'M'
 'U' 'M' 'M' 'U' 'M' 'M' 'M' 'M' 'U' 'M' 'U' 'M' 'M' 'M' 'M' 'U' 'M' 'U'
 'M' 'U' 'U' 'M' 'M' 'M' 'M' 'U' 'M' 'U' 'M' 'U' 'M' 'M' 'M' 'M' 'M' 'M'
 'M' 'M' 'M' 'M' 'U' 'M' 'U' 'M' 'M' 'M' 'M' 'M' 'M' 'M' 'M' 'M' 'M' 'M'
 'M' 'M' 'M' 'U' 'A' 'A' 'U' 'A' 'U' 'A' 'A' 'M' 'A' 'M' 'M' 'M' 'U' 'M'
 'M' 'M' 'M' 'M' 'M' 'U' 'M' 'M' 'M' 'M' 'M' 'M' 'M' 'U' 'U' 'U' 'M' 'M'
 'M' 'M' 'M' 'M' 'U' 'M' 'M' 'M' 'M' 'U' 'U' 'M' 'M' 'M' 'M' 'M' 'M' 'M'
 'M' 'M' 'M' 'M' 'M' 'M' 'M' 'M' 'M' 'M' 'M' 'M' 'M' 'M' 'U' 'M' 'M' 'M']"
28301,2,164,5,159,34,0,0,"['M' 'M' 'M' 'M' 'M' 'M' 'M' 'M' 'M' 'M' 'M' 'M' 'M' 'M' 'M' 'U' 'M' 'M'
 'M' 'M' 'M' 'M' 'M' 'M' 'M' 'A' 'M' 'M' 'M' 'U' 'U' 'M' 'M' 'M' 'M' 'M'
 'M' 'U' 'U' 'M' 'M' 'M' 'M' 'M' 'M' 'U' 'M' 'M' 'M' 'M' 'M' 'M' 'M' 'M'
 'M' 'M' 'U' 'M' 'M' 'M' 'M' 'M' 'M' 'M' 'U' 'U' 'M' 'M' 'M' 'U' 'M' 'M'
 'U' 'M' 'M' 'M' 'U' 'M' 'M' 'M' 'M' 'M' 'M' 'M' 'U' 'U' 'U' 'M' 'M' 'M'
 'M' 'M' 'U' 'U' 'M' 'M' 'M' 'U' 'M' 'U' 'M' 'U' 'M' 'M' 'M' 'M' 'M' 'M'
 'M' 'M' 'M' 'M' 'M' 'M' 'U' 'M' 'M' 'U' 'M' 'M' 'M' 'M' 'M' 'M' 'M' 'M'
 'M' 'M' 'M' 'M' 'A' 'A' 'M' 'U' 'U' 'A' 'A' 'M' 'U' 'M' 'M' 'M' 'U' 'M'
 'M' 'M' 'M' 'M' 'M' 'U' 'M' 'M' 'M' 'M' 'M' 'M' 'M' 'U' 'M' 'U' 'M' 'M'
 'M' 'M' 'M' 'M' 'U' 'M' 'U' 'M' 'M' 'M' 'U' 'M' 'M' 'M' 'M' 'M' 'M' 'M'
 'M' 'M' 'U' 'M' 'M' 'M' 'M' 'M' 'M' 'M' 'M' 'M' 'M' 'M' 'U' 'M' 'M' 'M']"
28401,2,168,5,163,30,0,0,"['M' 'M' 'M' 'M' 'M' 'M' 'M' 'M' 'M' 'M' 'M' 'M' 'M' 'M' 'M' 'U' 'M' 'M'
 'M' 'M' 'U' 'M' 'M' 'M' 'M' 'U' 'M' 'M' 'M' 'U' 'U' 'M' 'M' 'M' 'M' 'M'
 'M' 'M' 'U' 'M' 'M' 'M' 'M' 'M' 'M' 'M' 'M' 'M' 'M' 'M' 'M' 'M' 'M' 'M'
 'M' 'M' 'U' 'M' 'M' 'M' 'M' 'M' 'M' 'M' 'U' 'M' 'M' 'U' 'M' 'U' 'M' 'M'
 'M' 'M' 'M' 'M' 'M' 'U' 'U' 'M' 'M' 'M' 'U' 'M' 'M' 'M' 'M' 'U' 'U' 'M'
 'U' 'M' 'U' 'M' 'M' 'M' 'M' 'U' 'M' 'M' 'M' 'U' 'M' 'M' 'M' 'M' 'M' 'M'
 'M' 'M' 'M' 'M' 'M' 'M' 'U' 'M' 'M' 'U' 'M' 'M' 'M' 'M' 'M' 'M' 'M' 'M'
 'M' 'M' 'M' 'U' 'A' 'A' 'M' 'U' 'U' 'A' 'U' 'M' 'M' 'M' 'M' 'M' 'A' 'M'
 'M' 'M' 'M' 'M' 'M' 'A' 'M' 'M' 'M' 'M' 'M' 'M' 'M' 'U' 'M' 'U' 'M' 'M'
 'M' 'M' 'M' 'M' 'U' 'M' 'M' 'M' 'M' 'M' 'U' 'M' 'M' 'M' 'M' 'M' 'U' 'M'
 'M' 'M' 'M' 'M' 'M' 'M' 'M' 'M' 'M' 'M' 'M' 'M' 'M' 'M' 'M' 'M' 'M' 'M']"
28501,2,175,5,170,23,0,1,"['M' 'M' 'M' 'M' 'M' 'M' 'M' 'M' 'M' 'M' 'M' 'M' 'M' 'M' 'M' 'U' 'M' 'M'
 'M' 'M' 'U' 'M' 'M' 'M' 'M' 'U' 'M' 'M' 'M' 'M' 'U' 'M' 'M' 'M' 'M' 'M'
 'M' 'M' 'U' 'M' 'M' 'M' 'M' 'M' 'M' 'M' 'M' 'M' 'M' 'M' 'M' 'M' 'M' 'M'
 'M' 'M' 'U' 'M' 'M' 'M' 'M' 'M' 'M' 'M' 'U' 'M' 'U' 'M' 'M' 'U' 'M' 'M'
 'U' 'M' 'M' 'M' 'M' 'M' 'U' 'U' 'U' 'M' 'M' 'M' 'U' 'M' 'M' 'M' 'M' 'U'
 'M' 'U' 'M' 'M' 'M' 'M' 'M' 'M' 'M' 'M' 'M' 'U' 'M' 'M' 'M' 'M' 'M' 'M'
 'M' 'M' 'M' 'M' 'M' 'M' 'U' 'M' 'M' 'M' 'M' 'M' 'M' 'M' 'M' 'M' 'M' 'M'
 'M' 'M' 'M' 'U' 'A' 'A' 'M' 'U' 'U' 'A' 'M' 'M' 'M' 'M' 'M' 'M' 'A' 'M'
 'M' 'M' 'M' 'M' 'M' 'A' 'M' 'M' 'M' 'M' 'M' 'M' 'M' 'U' 'M' 'U' 'M' 'M'
 'M' 'M' 'M' 'M' 'M' 'M' 'M' 'M' 'M' 'M' 'M' 'M' 'M' 'M' 'M' 'M' 'M' 'M'
 'M' 'M' 'M' 'M' 'M' 'M' 'M' 'M' 'M' 'M' 'M' 'M' 'M' 'M' 'M' 'M' 'M' 'M']"
28601,2,171,3,168,27,0,0,"['M' 'M' 'M' 'M' 'M' 'M' 'M' 'M' 'M' 'M' 'U' 'M' 'M' 'M' 'M' 'M' 'M' 'M'
 'M' 'M' 'U' 'M' 'M' 'M' 'M' 'U' 'M' 'M' 'M' 'M' 'U' 'M' 'M' 'M' 'M' 'M'
 'M' 'M' 'U' 'M' 'M' 'M' 'M' 'M' 'M' 'M' 'M' 'U' 'M' 'M' 'M' 'M' 'M' 'U'
 'M' 'M' 'U' 'M' 'M' 'M' 'M' 'M' 'M' 'M' 'U' 'M' 'M' 'M' 'M' 'M' 'M' 'M'
 'U' 'U' 'M' 'M' 'M' 'M' 'M' 'M' 'U' 'U' 'M' 'M' 'U' 'M' 'M' 'U' 'U' 'U'
 'M' 'U' 'M' 'M' 'M' 'M' 'M' 'M' 'M' 'M' 'M' 'M' 'M' 'M' 'M' 'M' 'M' 'M'
 'M' 'M' 'M' 'M' 'M' 'U' 'M' 'M' 'M' 'M' 'M' 'U' 'M' 'M' 'M' 'M' 'M' 'M'
 'M' 'M' 'M' 'U' 'A' 'A' 'M' 'M' 'U' 'U' 'M' 'M' 'M' 'M' 'M' 'M' 'A' 'M'
 'M' 'M' 'M' 'M' 'M' 'U' 'M' 'M' 'M' 'M' 'M' 'M' 'M' 'U' 'M' 'M' 'M' 'M'
 'M' 'M' 'M' 'M' 'M' 'M' 'M' 'U' 'M' 'M' 'M' 'M' 'M' 'M' 'M' 'M' 'M' 'M'
 'M' 'M' 'M' 'M' 'U' 'M' 'M' 'M' 'M' 'M' 'M' 'M' 'M' 'M' 'M' 'M' 'M' 'M']"
28701,2,171,8,163,27,0,0,"['M' 'U' 'M' 'M' 'M' 'M' 'M' 'M' 'M' 'M' 'U' 'M' 'M' 'M' 'M' 'M' 'M' 'M'
 'M' 'M' 'U' 'M' 'M' 'M' 'M' 'M' 'M' 'M' 'M' 'M' 'U' 'M' 'M' 'M' 'M' 'M'
 'M' 'M' 'U' 'M' 'M' 'M' 'M' 'M' 'M' 'M' 'M' 'U' 'M' 'M' 'M' 'M' 'M' 'M'
 'M' 'M' 'U' 'M' 'M' 'M' 'M' 'M' 'M' 'M' 'U' 'M' 'M' 'M' 'M' 'U' 'M' 'M'
 'U' 'M' 'M' 'U' 'U' 'M' 'U' 'M' 'M' 'U' 'M' 'M' 'M' 'M' 'M' 'U' 'M' 'U'
 'M' 'M' 'U' 'M' 'M' 'M' 'M' 'U' 'M' 'M' 'M' 'M' 'M' 'M' 'M' 'M' 'M' 'M'
 'M' 'M' 'M' 'M' 'M' 'U' 'M' 'M' 'M' 'M' 'M' 'U' 'M' 'M' 'M' 'M' 'M' 'M'
 'M' 'M' 'M' 'U' 'A' 'U' 'A' 'A' 'U' 'A' 'A' 'A' 'A' 'M' 'M' 'U' 'A' 'M'
 'M' 'M' 'M' 'M' 'M' 'M' 'M' 'M' 'M' 'M' 'M' 'M' 'M' 'U' 'M' 'M' 'M' 'M'
 'M' 'M' 'M' 'M' 'M' 'M' 'M' 'U' 'M' 'M' 'M' 'M' 'M' 'M' 'M' 'M' 'M' 'M'
 'M' 'M' 'M' 'M' 'U' 'M' 'M' 'M' 'M' 'M' 'M' 'M' 'M' 'M' 'M' 'M' 'M' 'M']"
28801,2,173,8,165,25,0,0,"['M' 'U' 'M' 'M' 'M' 'M' 'M' 'M' 'M' 'M' 'M' 'M' 'M' 'M' 'M' 'M' 'M' 'M'
 'M' 'M' 'U' 'M' 'M' 'M' 'M' 'M' 'M' 'M' 'M' 'M' 'U' 'M' 'M' 'M' 'M' 'M'
 'M' 'M' 'U' 'M' 'M' 'M' 'M' 'M' 'M' 'M' 'M' 'U' 'M' 'M' 'M' 'M' 'M' 'M'
 'M' 'M' 'M' 'M' 'M' 'M' 'M' 'M' 'M' 'M' 'M' 'M' 'M' 'M' 'U' 'M' 'M' 'U'
 'M' 'U' 'U' 'U' 'M' 'M' 'M' 'M' 'M' 'U' 'M' 'U' 'M' 'M' 'M' 'M' 'M' 'M'
 'M' 'M' 'M' 'U' 'U' 'M' 'M' 'M' 'M' 'M' 'M' 'M' 'M' 'M' 'M' 'M' 'M' 'M'
 'M' 'M' 'M' 'M' 'M' 'A' 'M' 'M' 'M' 'M' 'M' 'U' 'M' 'M' 'U' 'M' 'M' 'U'
 'M' 'M' 'M' 'U' 'A' 'U' 'A' 'A' 'A' 'U' 'A' 'A' 'A' 'M' 'M' 'U' 'U' 'M'
 'M' 'M' 'M' 'M' 'M' 'M' 'M' 'M' 'M' 'M' 'M' 'M' 'M' 'U' 'M' 'M' 'M' 'M'
 'M' 'M' 'M' 'M' 'M' 'M' 'U' 'M' 'M' 'M' 'M' 'M' 'M' 'M' 'M' 'M' 'M' 'M'
 'M' 'M' 'M' 'M' 'U' 'M' 'M' 'M' 'M' 'M' 'M' 'M' 'M' 'M' 'M' 'M' 'M' 'M']"
28901,2,172,10,162,26,0,1,"['M' 'U' 'M' 'M' 'M' 'M' 'M' 'U' 'M' 'M' 'M' 'M' 'M' 'M' 'M' 'M' 'M' 'M'
 'M' 'M' 'U' 'M' 'M' 'M' 'M' 'M' 'M' 'M' 'M' 'M' 'U' 'M' 'M' 'M' 'M' 'M'
 'U' 'M' 'M' 'M' 'M' 'M' 'U' 'M' 'M' 'M' 'M' 'M' 'M' 'M' 'M' 'M' 'M' 'M'
 'U' 'M' 'M' 'M' 'M' 'M' 'M' 'M' 'M' 'M' 'M' 'M' 'M' 'M' 'M' 'M' 'M' 'M'
 'M' 'M' 'M' 'M' 'M' 'U' 'M' 'M' 'M' 'M' 'M' 'U' 'M' 'U' 'U' 'U' 'U' 'M'
 'M' 'U' 'U' 'M' 'U' 'M' 'M' 'M' 'M' 'M' 'M' 'M' 'M' 'M' 'M' 'M' 'M' 'M'
 'M' 'M' 'M' 'U' 'M' 'A' 'M' 'M' 'M' 'M' 'U' 'U' 'M' 'M' 'U' 'M' 'M' 'U'
 'M' 'M' 'M' 'U' 'A' 'A' 'A' 'A' 'A' 'A' 'A' 'A' 'A' 'M' 'M' 'M' 'U' 'M'
 'M' 'M' 'M' 'M' 'M' 'M' 'M' 'M' 'M' 'M' 'M' 'M' 'M' 'M' 'M' 'M' 'M' 'M'
 'M' 'M' 'M' 'M' 'M' 'U' 'U' 'M' 'M' 'M' 'M' 'M' 'M' 'M' 'M' 'M' 'M' 'M'
 'M' 'M' 'M' 'M' 'U' 'M' 'M' 'M' 'M' 'M' 'M' 'M' 'M' 'M' 'M' 'M' 'M' 'M']"
29001,2,170,11,159,28,0,0,"['M' 'U' 'M' 'M' 'M' 'U' 'M' 'U' 'M' 'M' 'M' 'M' 'M' 'M' 'M' 'M' 'M' 'M'
 'M' 'M' 'U' 'M' 'M' 'M' 'M' 'M' 'M' 'M' 'M' 'M' 'U' 'M' 'M' 'U' 'M' 'M'
 'M' 'M' 'M' 'M' 'M' 'M' 'U' 'M' 'M' 'M' 'M' 'M' 'M' 'U' 'M' 'M' 'M' 'M'
 'U' 'M' 'M' 'M' 'M' 'M' 'M' 'M' 'M' 'M' 'M' 'M' 'M' 'U' 'M' 'M' 'M' 'M'
 'U' 'U' 'M' 'M' 'M' 'M' 'U' 'M' 'M' 'U' 'M' 'M' 'M' 'M' 'U' 'U' 'U' 'U'
 'M' 'M' 'M' 'M' 'M' 'M' 'M' 'M' 'M' 'M' 'M' 'M' 'M' 'M' 'M' 'M' 'M' 'M'
 'M' 'M' 'M' 'U' 'M' 'A' 'M' 'M' 'M' 'M' 'U' 'A' 'M' 'U' 'M' 'U' 'M' 'U'
 'M' 'M' 'M' 'U' 'A' 'A' 'A' 'A' 'A' 'A' 'A' 'A' 'A' 'M' 'M' 'M' 'U' 'M'
 'M' 'M' 'M' 'M' 'M' 'M' 'M' 'M' 'M' 'M' 'M' 'M' 'M' 'M' 'M' 'M' 'M' 'M'
 'M' 'M' 'M' 'M' 'M' 'U' 'M' 'M' 'M' 'M' 'M' 'M' 'M' 'M' 'M' 'M' 'M' 'M'
 'M' 'M' 'M' 'M' 'U' 'M' 'M' 'U' 'M' 'M' 'M' 'M' 'M' 'M' 'M' 'M' 'M' 'M']"
29101,2,172,8,164,26,0,0,"['M' 'M' 'M' 'M' 'M' 'M' 'M' 'A' 'M' 'M' 'M' 'M' 'M' 'M' 'M' 'M' 'M' 'M'
 'M' 'M' 'U' 'M' 'M' 'M' 'M' 'M' 'M' 'M' 'M' 'M' 'M' 'M' 'M' 'M' 'M' 'M'
 'M' 'M' 'M' 'M' 'M' 'M' 'U' 'M' 'M' 'M' 'M' 'M' 'M' 'U' 'M' 'M' 'M' 'M'
 'U' 'M' 'M' 'M' 'M' 'M' 'M' 'M' 'M' 'M' 'M' 'M' 'M' 'M' 'M' 'U' 'U' 'M'
 'U' 'M' 'M' 'M' 'U' 'M' 'M' 'M' 'M' 'U' 'M' 'M' 'U' 'U' 'U' 'M' 'M' 'M'
 'M' 'U' 'M' 'M' 'M' 'M' 'M' 'M' 'M' 'M' 'M' 'M' 'M' 'M' 'M' 'M' 'M' 'M'
 'M' 'M' 'M' 'U' 'M' 'A' 'M' 'M' 'M' 'M' 'U' 'U' 'M' 'U' 'M' 'U' 'M' 'U'
 'M' 'M' 'M' 'U' 'A' 'A' 'A' 'U' 'M' 'A' 'U' 'A' 'A' 'M' 'M' 'M' 'U' 'M'
 'M' 'M' 'M' 'M' 'M' 'M' 'U' 'M' 'M' 'M' 'M' 'M' 'M' 'M' 'M' 'M' 'M' 'M'
 'M' 'M' 'M' 'M' 'M' 'U' 'M' 'M' 'M' 'M' 'M' 'M' 'M' 'M' 'M' 'M' 'M' 'M'
 'M' 'M' 'M' 'M' 'U' 'M' 'M' 'M' 'M' 'M' 'M' 'M' 'M' 'M' 'M' 'M' 'M' 'M']"
29201,2,173,5,168,25,0,0,"['M' 'M' 'M' 'M' 'M' 'M' 'M' 'U' 'M' 'M' 'M' 'M' 'M' 'M' 'M' 'M' 'M' 'M'
 'M' 'M' 'U' 'M' 'M' 'M' 'M' 'M' 'M' 'M' 'M' 'M' 'M' 'M' 'M' 'M' 'M' 'M'
 'M' 'M' 'M' 'M' 'M' 'M' 'U' 'M' 'M' 'M' 'M' 'M' 'M' 'U' 'M' 'M' 'M' 'M'
 'U' 'M' 'M' 'M' 'M' 'M' 'M' 'M' 'M' 'M' 'M' 'M' 'M' 'M' 'M' 'U' 'M' 'M'
 'U' 'M' 'M' 'M' 'M' 'M' 'M' 'U' 'M' 'M' 'M' 'M' 'M' 'U' 'U' 'U' 'M' 'M'
 'U' 'M' 'U' 'U' 'M' 'M' 'M' 'M' 'M' 'M' 'M' 'M' 'M' 'M' 'M' 'M' 'M' 'M'
 'M' 'M' 'M' 'U' 'M' 'A' 'M' 'M' 'M' 'M' 'U' 'U' 'M' 'U' 'M' 'M' 'M' 'U'
 'M' 'M' 'M' 'U' 'A' 'A' 'A' 'M' 'M' 'M' 'U' 'A' 'U' 'M' 'M' 'M' 'M' 'M'
 'M' 'M' 'M' 'M' 'M' 'M' 'M' 'M' 'M' 'M' 'M' 'M' 'M' 'M' 'M' 'M' 'M' 'M'
 'M' 'M' 'M' 'M' 'U' 'U' 'M' 'M' 'M' 'M' 'M' 'M' 'M' 'M' 'M' 'M' 'M' 'M'
 'M' 'M' 'M' 'M' 'U' 'M' 'M' 'M' 'M' 'M' 'M' 'M' 'M' 'M' 'M' 'M' 'M' 'M']"
29301,2,176,7,169,22,0,0,"['M' 'M' 'M' 'M' 'M' 'M' 'M' 'U' 'M' 'U' 'M' 'M' 'M' 'M' 'M' 'M' 'M' 'M'
 'M' 'M' 'U' 'M' 'M' 'M' 'M' 'M' 'M' 'M' 'M' 'M' 'M' 'M' 'M' 'M' 'M' 'M'
 'M' 'M' 'M' 'M' 'M' 'M' 'U' 'M' 'M' 'M' 'M' 'M' 'M' 'U' 'M' 'M' 'M' 'M'
 'M' 'M' 'M' 'M' 'M' 'M' 'M' 'M' 'M' 'M' 'M' 'U' 'U' 'M' 'U' 'M' 'M' 'M'
 'M' 'M' 'M' 'U' 'M' 'U' 'U' 'M' 'U' 'M' 'M' 'U' 'M' 'M' 'M' 'M' 'M' 'M'
 'M' 'M' 'M' 'M' 'U' 'M' 'U' 'M' 'M' 'M' 'M' 'M' 'M' 'M' 'M' 'M' 'M' 'M'
 'M' 'M' 'M' 'U' 'M' 'M' 'M' 'M' 'M' 'M' 'M' 'U' 'M' 'M' 'M' 'M' 'M' 'M'
 'M' 'M' 'M' 'U' 'A' 'A' 'A' 'A' 'M' 'U' 'A' 'A' 'A' 'M' 'M' 'M' 'M' 'M'
 'M' 'M' 'M' 'M' 'M' 'M' 'M' 'M' 'M' 'M' 'M' 'M' 'M' 'M' 'M' 'M' 'M' 'M'
 'M' 'M' 'M' 'M' 'U' 'U' 'M' 'M' 'M' 'M' 'M' 'M' 'M' 'M' 'M' 'M' 'M' 'M'
 'M' 'M' 'M' 'M' 'U' 'M' 'M' 'M' 'M' 'M' 'M' 'M' 'M' 'M' 'M' 'M' 'M' 'M']"
29401,2,176,6,170,22,0,0,"['M' 'M' 'M' 'M' 'M' 'M' 'M' 'M' 'M' 'U' 'M' 'M' 'M' 'M' 'M' 'M' 'M' 'M'
 'M' 'M' 'U' 'M' 'M' 'M' 'M' 'M' 'M' 'M' 'M' 'M' 'M' 'M' 'U' 'M' 'M' 'M'
 'M' 'M' 'M' 'M' 'M' 'M' 'U' 'M' 'M' 'M' 'M' 'M' 'M' 'M' 'M' 'M' 'M' 'M'
 'M' 'M' 'M' 'M' 'M' 'M' 'M' 'U' 'M' 'M' 'M' 'U' 'U' 'M' 'M' 'M' 'U' 'M'
 'M' 'U' 'M' 'M' 'U' 'U' 'M' 'M' 'M' 'M' 'M' 'M' 'M' 'M' 'U' 'M' 'M' 'M'
 'M' 'U' 'M' 'U' 'M' 'M' 'U' 'M' 'M' 'M' 'M' 'M' 'M' 'M' 'M' 'M' 'M' 'M'
 'M' 'M' 'M' 'U' 'M' 'M' 'M' 'M' 'M' 'M' 'M' 'M' 'M' 'M' 'M' 'M' 'M' 'M'
 'M' 'M' 'M' 'M' 'A' 'U' 'U' 'A' 'U' 'A' 'A' 'A' 'A' 'M' 'M' 'M' 'M' 'M'
 'M' 'M' 'M' 'M' 'M' 'M' 'M' 'M' 'M' 'M' 'M' 'M' 'M' 'M' 'M' 'M' 'M' 'M'
 'M' 'M' 'M' 'M' 'U' 'U' 'M' 'M' 'M' 'M' 'M' 'M' 'M' 'M' 'M' 'M' 'M' 'M'
 'M' 'M' 'M' 'M' 'U' 'M' 'M' 'M' 'M' 'M' 'M' 'M' 'M' 'M' 'M' 'M' 'M' 'M']"
29501,2,175,6,169,23,0,0,"['M' 'M' 'M' 'M' 'M' 'M' 'M' 'M' 'M' 'U' 'M' 'M' 'M' 'M' 'M' 'M' 'M' 'M'
 'M' 'M' 'U' 'M' 'M' 'M' 'M' 'M' 'M' 'M' 'M' 'M' 'M' 'U' 'U' 'M' 'M' 'M'
 'M' 'M' 'M' 'M' 'M' 'M' 'M' 'M' 'M' 'M' 'M' 'M' 'M' 'M' 'M' 'M' 'M' 'M'
 'M' 'M' 'M' 'M' 'M' 'M' 'M' 'U' 'M' 'M' 'M' 'U' 'U' 'M' 'M' 'M' 'U' 'M'
 'M' 'M' 'M' 'M' 'U' 'M' 'M' 'U' 'M' 'U' 'M' 'U' 'M' 'M' 'M' 'U' 'M' 'M'
 'M' 'M' 'M' 'U' 'M' 'M' 'U' 'M' 'M' 'M' 'M' 'M' 'M' 'M' 'M' 'M' 'M' 'M'
 'U' 'M' 'M' 'U' 'M' 'M' 'M' 'M' 'M' 'M' 'M' 'M' 'M' 'M' 'M' 'M' 'M' 'M'
 'M' 'M' 'M' 'M' 'A' 'U' 'U' 'A' 'M' 'A' 'A' 'A' 'A' 'M' 'M' 'M' 'M' 'M'
 'M' 'M' 'U' 'M' 'M' 'M' 'M' 'M' 'M' 'M' 'M' 'M' 'M' 'M' 'M' 'M' 'M' 'M'
 'M' 'M' 'M' 'M' 'U' 'U' 'M' 'M' 'M' 'M' 'M' 'M' 'M' 'M' 'M' 'M' 'M' 'M'
 'M' 'M' 'M' 'M' 'U' 'M' 'M' 'M' 'M' 'M' 'M' 'M' 'M' 'M' 'M' 'M' 'M' 'M']"
29601,3,177,7,170,21,0,0,"['M' 'M' 'M' 'M' 'M' 'M' 'M' 'M' 'M' 'A' 'M' 'M' 'M' 'M' 'M' 'M' 'M' 'M'
 'M' 'M' 'U' 'M' 'M' 'M' 'M' 'M' 'M' 'M' 'M' 'M' 'M' 'M' 'M' 'M' 'M' 'M'
 'M' 'M' 'M' 'M' 'M' 'M' 'M' 'M' 'M' 'M' 'M' 'M' 'M' 'M' 'M' 'M' 'M' 'M'
 'M' 'M' 'M' 'M' 'M' 'M' 'M' 'U' 'M' 'M' 'M' 'M' 'M' 'M' 'U' 'M' 'M' 'U'
 'M' 'M' 'M' 'U' 'M' 'M' 'M' 'M' 'U' 'U' 'U' 'U' 'M' 'U' 'M' 'M' 'M' 'M'
 'M' 'M' 'U' 'M' 'M' 'M' 'U' 'M' 'M' 'U' 'M' 'M' 'M' 'M' 'M' 'M' 'U' 'M'
 'U' 'M' 'M' 'M' 'M' 'M' 'M' 'M' 'M' 'M' 'M' 'M' 'M' 'M' 'M' 'M' 'M' 'M'
 'M' 'M' 'M' 'M' 'A' 'M' 'A' 'A' 'M' 'U' 'A' 'A' 'A' 'M' 'M' 'M' 'U' 'M'
 'M' 'M' 'U' 'M' 'M' 'M' 'M' 'M' 'M' 'M' 'M' 'M' 'M' 'M' 'M' 'M' 'M' 'M'
 'M' 'M' 'M' 'M' 'U' 'U' 'M' 'M' 'M' 'M' 'M' 'M' 'M' 'M' 'M' 'M' 'M' 'M'
 'M' 'M' 'M' 'M' 'U' 'M' 'M' 'M' 'M' 'M' 'M' 'M' 'M' 'M' 'M' 'M' 'M' 'M']"
29701,2,175,8,167,23,0,0,"['M' 'M' 'M' 'M' 'M' 'M' 'M' 'M' 'M' 'A' 'M' 'M' 'M' 'M' 'M' 'M' 'M' 'M'
 'M' 'M' 'U' 'M' 'M' 'M' 'M' 'M' 'M' 'M' 'M' 'M' 'M' 'M' 'U' 'M' 'M' 'M'
 'M' 'M' 'M' 'M' 'M' 'M' 'M' 'M' 'M' 'M' 'M' 'M' 'M' 'M' 'U' 'M' 'M' 'M'
 'M' 'M' 'M' 'M' 'M' 'M' 'M' 'U' 'M' 'M' 'M' 'M' 'M' 'M' 'M' 'U' 'M' 'M'
 'U' 'M' 'M' 'M' 'U' 'M' 'M' 'U' 'U' 'M' 'M' 'U' 'U' 'U' 'M' 'M' 'U' 'M'
 'M' 'M' 'M' 'M' 'M' 'M' 'M' 'M' 'M' 'U' 'M' 'U' 'M' 'M' 'M' 'M' 'M' 'M'
 'U' 'M' 'M' 'M' 'M' 'M' 'M' 'U' 'M' 'M' 'M' 'M' 'M' 'M' 'M' 'M' 'M' 'M'
 'M' 'M' 'M' 'M' 'A' 'M' 'A' 'A' 'U' 'A' 'A' 'A' 'A' 'M' 'M' 'M' 'U' 'M'
 'M' 'M' 'U' 'M' 'M' 'M' 'M' 'M' 'M' 'M' 'M' 'M' 'M' 'M' 'M' 'M' 'M' 'M'
 'M' 'M' 'M' 'M' 'U' 'M' 'M' 'M' 'M' 'M' 'M' 'M' 'M' 'M' 'M' 'M' 'M' 'M'
 'M' 'M' 'M' 'M' 'M' 'M' 'M' 'M' 'M' 'M' 'M' 'M' 'M' 'M' 'U' 'M' 'M' 'U']"
29801,2,174,5,169,24,0,0,"['M' 'M' 'M' 'M' 'M' 'M' 'M' 'M' 'M' 'A' 'M' 'M' 'M' 'M' 'M' 'M' 'M' 'M'
 'M' 'M' 'M' 'M' 'U' 'M' 'M' 'M' 'M' 'M' 'M' 'M' 'M' 'M' 'U' 'M' 'M' 'M'
 'M' 'M' 'M' 'M' 'M' 'M' 'M' 'M' 'M' 'M' 'M' 'M' 'M' 'M' 'U' 'M' 'M' 'M'
 'M' 'M' 'M' 'M' 'M' 'M' 'M' 'M' 'M' 'M' 'M' 'M' 'U' 'M' 'M' 'M' 'M' 'M'
 'M' 'U' 'M' 'U' 'M' 'M' 'M' 'M' 'U' 'U' 'M' 'M' 'M' 'U' 'U' 'M' 'M' 'M'
 'U' 'M' 'U' 'M' 'M' 'M' 'M' 'M' 'M' 'U' 'U' 'U' 'M' 'M' 'M' 'M' 'M' 'M'
 'U' 'M' 'M' 'M' 'M' 'U' 'M' 'M' 'M' 'M' 'M' 'M' 'M' 'M' 'M' 'M' 'M' 'M'
 'M' 'M' 'M' 'M' 'A' 'M' 'U' 'A' 'M' 'A' 'M' 'A' 'U' 'M' 'M' 'M' 'M' 'M'
 'M' 'M' 'U' 'M' 'M' 'M' 'M' 'M' 'M' 'M' 'M' 'M' 'M' 'M' 'M' 'M' 'M' 'U'
 'M' 'M' 'M' 'M' 'U' 'M' 'M' 'M' 'M' 'U' 'U' 'M' 'M' 'M' 'M' 'M' 'M' 'M'
 'M' 'M' 'M' 'M' 'M' 'M' 'M' 'M' 'M' 'M' 'M' 'M' 'M' 'M' 'M' 'M' 'M' 'M']"
29901,3,172,9,163,26,0,0,"['M' 'M' 'M' 'M' 'M' 'M' 'M' 'M' 'M' 'A' 'M' 'M' 'M' 'M' 'M' 'M' 'M' 'M'
 'M' 'M' 'M' 'M' 'U' 'M' 'M' 'M' 'M' 'M' 'M' 'M' 'M' 'M' 'U' 'M' 'M' 'M'
 'M' 'M' 'M' 'M' 'M' 'M' 'M' 'M' 'M' 'M' 'M' 'M' 'U' 'M' 'U' 'M' 'M' 'M'
 'U' 'M' 'M' 'M' 'M' 'M' 'M' 'M' 'M' 'M' 'M' 'U' 'U' 'M' 'M' 'M' 'U' 'M'
 'M' 'M' 'U' 'M' 'U' 'M' 'U' 'M' 'M' 'U' 'M' 'U' 'M' 'M' 'M' 'M' 'U' 'M'
 'M' 'M' 'M' 'M' 'M' 'M' 'M' 'M' 'M' 'U' 'U' 'U' 'M' 'M' 'M' 'M' 'M' 'M'
 'U' 'M' 'M' 'M' 'M' 'U' 'M' 'M' 'U' 'M' 'M' 'M' 'M' 'M' 'M' 'M' 'M' 'M'
 'M' 'M' 'M' 'M' 'A' 'U' 'A' 'A' 'A' 'A' 'A' 'A' 'A' 'M' 'M' 'M' 'M' 'M'
 'M' 'M' 'U' 'M' 'M' 'M' 'M' 'M' 'M' 'M' 'M' 'M' 'M' 'M' 'M' 'M' 'M' 'U'
 'M' 'M' 'M' 'M' 'U' 'M' 'M' 'M' 'M' 'U' 'U' 'M' 'M' 'M' 'M' 'M' 'M' 'M'
 'M' 'M' 'M' 'M' 'M' 'M' 'M' 'M' 'M' 'M' 'M' 'M' 'M' 'M' 'M' 'M' 'M' 'M']"
30001,2,175,6,169,23,0,0,"['M' 'M' 'M' 'M' 'M' 'M' 'M' 'M' 'M' 'A' 'M' 'M' 'M' 'M' 'M' 'M' 'M' 'M'
 'M' 'M' 'M' 'M' 'U' 'M' 'M' 'M' 'M' 'M' 'M' 'M' 'M' 'M' 'U' 'M' 'M' 'M'
 'M' 'M' 'M' 'M' 'M' 'M' 'M' 'M' 'M' 'M' 'M' 'M' 'U' 'M' 'U' 'M' 'M' 'M'
 'M' 'M' 'M' 'M' 'M' 'M' 'M' 'M' 'M' 'M' 'M' 'M' 'U' 'M' 'U' 'M' 'M' 'M'
 'U' 'M' 'M' 'M' 'M' 'U' 'M' 'M' 'M' 'M' 'U' 'M' 'M' 'M' 'M' 'M' 'M' 'U'
 'U' 'U' 'M' 'U' 'M' 'M' 'M' 'M' 'M' 'M' 'U' 'U' 'M' 'M' 'M' 'M' 'M' 'M'
 'U' 'M' 'M' 'M' 'M' 'M' 'M' 'M' 'M' 'M' 'M' 'M' 'M' 'M' 'M' 'M' 'M' 'M'
 'M' 'M' 'M' 'M' 'A' 'U' 'U' 'A' 'U' 'A' 'M' 'A' 'A' 'M' 'M' 'M' 'M' 'M'
 'M' 'M' 'M' 'M' 'M' 'U' 'M' 'M' 'M' 'M' 'M' 'M' 'M' 'M' 'M' 'M' 'M' 'U'
 'M' 'M' 'M' 'M' 'U' 'M' 'M' 'M' 'M' 'M' 'U' 'M' 'M' 'M' 'M' 'M' 'M' 'M'
 'M' 'M' 'M' 'M' 'M' 'M' 'M' 'M' 'M' 'M' 'M' 'M' 'M' 'M' 'M' 'M' 'M' 'M']"
30101,2,177,5,172,21,0,1,"['M' 'M' 'M' 'M' 'M' 'M' 'U' 'M' 'M' 'A' 'M' 'M' 'M' 'M' 'M' 'M' 'M' 'M'
 'M' 'M' 'M' 'M' 'A' 'M' 'U' 'M' 'M' 'M' 'M' 'M' 'M' 'M' 'U' 'M' 'M' 'M'
 'M' 'M' 'M' 'M' 'M' 'M' 'M' 'M' 'M' 'M' 'M' 'M' 'U' 'M' 'M' 'M' 'M' 'M'
 'M' 'M' 'M' 'M' 'M' 'M' 'M' 'M' 'M' 'M' 'M' 'M' 'U' 'M' 'M' 'U' 'U' 'M'
 'M' 'M' 'M' 'M' 'M' 'M' 'M' 'M' 'M' 'M' 'U' 'M' 'M' 'U' 'M' 'U' 'U' 'M'
 'M' 'U' 'U' 'M' 'M' 'M' 'M' 'M' 'M' 'M' 'U' 'U' 'M' 'M' 'M' 'M' 'M' 'M'
 'M' 'M' 'M' 'M' 'M' 'M' 'M' 'M' 'M' 'M' 'M' 'M' 'M' 'M' 'M' 'M' 'M' 'M'
 'M' 'M' 'M' 'M' 'A' 'U' 'M' 'U' 'M' 'U' 'M' 'A' 'A' 'M' 'M' 'M' 'M' 'M'
 'M' 'M' 'M' 'M' 'M' 'U' 'M' 'M' 'M' 'M' 'M' 'M' 'M' 'M' 'M' 'M' 'M' 'M'
 'M' 'M' 'M' 'M' 'U' 'M' 'M' 'M' 'M' 'M' 'U' 'M' 'M' 'M' 'M' 'M' 'M' 'M'
 'M' 'M' 'M' 'M' 'M' 'M' 'M' 'M' 'M' 'M' 'M' 'M' 'M' 'M' 'M' 'M' 'M' 'M']"
30201,2,178,5,173,20,0,0,"['M' 'M' 'M' 'M' 'M' 'M' 'M' 'M' 'M' 'A' 'M' 'M' 'M' 'M' 'M' 'M' 'M' 'M'
 'M' 'M' 'U' 'M' 'A' 'M' 'U' 'M' 'M' 'M' 'M' 'M' 'M' 'M' 'U' 'M' 'M' 'M'
 'M' 'M' 'M' 'M' 'M' 'M' 'M' 'M' 'M' 'M' 'M' 'M' 'U' 'M' 'M' 'M' 'M' 'M'
 'M' 'M' 'M' 'M' 'M' 'M' 'M' 'M' 'M' 'M' 'M' 'U' 'U' 'U' 'M' 'M' 'M' 'M'
 'M' 'M' 'M' 'M' 'M' 'U' 'M' 'M' 'M' 'M' 'M' 'U' 'U' 'M' 'U' 'M' 'U' 'M'
 'U' 'M' 'M' 'M' 'M' 'M' 'M' 'M' 'M' 'M' 'M' 'U' 'M' 'M' 'M' 'M' 'M' 'M'
 'M' 'M' 'M' 'M' 'M' 'M' 'M' 'M' 'M' 'M' 'M' 'M' 'M' 'M' 'M' 'M' 'M' 'M'
 'M' 'M' 'M' 'M' 'A' 'U' 'M' 'U' 'M' 'U' 'M' 'A' 'A' 'M' 'M' 'M' 'M' 'M'
 'M' 'M' 'M' 'M' 'M' 'M' 'M' 'M' 'M' 'M' 'M' 'M' 'M' 'M' 'M' 'M' 'U' 'M'
 'M' 'M' 'M' 'M' 'U' 'M' 'M' 'M' 'M' 'M' 'M' 'M' 'M' 'M' 'M' 'M' 'M' 'M'
 'M' 'M' 'M' 'M' 'M' 'M' 'M' 'U' 'M' 'M' 'M' 'M' 'M' 'M' 'M' 'M' 'M' 'M']"
30301,3,177,9,168,21,0,0,"['M' 'M' 'M' 'M' 'M' 'A' 'U' 'M' 'M' 'A' 'M' 'M' 'M' 'M' 'M' 'M' 'M' 'M'
 'M' 'M' 'U' 'M' 'A' 'U' 'M' 'M' 'M' 'M' 'M' 'M' 'M' 'M' 'M' 'M' 'M' 'M'
 'M' 'M' 'M' 'M' 'M' 'M' 'M' 'M' 'M' 'M' 'M' 'M' 'M' 'M' 'M' 'M' 'M' 'M'
 'M' 'M' 'M' 'M' 'M' 'M' 'M' 'M' 'M' 'M' 'M' 'M' 'M' 'M' 'M' 'M' 'M' 'M'
 'M' 'U' 'M' 'M' 'U' 'M' 'M' 'M' 'U' 'M' 'M' 'M' 'U' 'U' 'M' 'U' 'M' 'U'
 'M' 'M' 'M' 'U' 'U' 'M' 'M' 'M' 'M' 'M' 'U' 'U' 'M' 'M' 'M' 'M' 'M' 'M'
 'M' 'M' 'M' 'M' 'M' 'M' 'M' 'M' 'M' 'M' 'M' 'M' 'M' 'U' 'M' 'M' 'U' 'M'
 'M' 'M' 'M' 'M' 'A' 'U' 'U' 'A' 'A' 'A' 'M' 'A' 'A' 'M' 'M' 'M' 'M' 'M'
 'M' 'M' 'M' 'M' 'U' 'M' 'M' 'M' 'M' 'M' 'M' 'M' 'M' 'M' 'M' 'M' 'U' 'M'
 'M' 'M' 'M' 'M' 'U' 'M' 'M' 'M' 'M' 'M' 'M' 'M' 'M' 'M' 'M' 'M' 'M' 'M'
 'M' 'M' 'M' 'M' 'M' 'M' 'M' 'M' 'M' 'M' 'M' 'M' 'M' 'M' 'M' 'M' 'M' 'M']"
30401,3,176,10,166,22,0,0,"['M' 'M' 'M' 'M' 'M' 'A' 'U' 'M' 'M' 'A' 'M' 'M' 'M' 'M' 'M' 'M' 'M' 'M'
 'M' 'M' 'U' 'M' 'A' 'M' 'M' 'M' 'M' 'M' 'M' 'M' 'M' 'M' 'M' 'M' 'M' 'M'
 'M' 'M' 'M' 'U' 'M' 'M' 'M' 'M' 'M' 'M' 'M' 'M' 'M' 'M' 'M' 'M' 'M' 'M'
 'M' 'M' 'M' 'M' 'M' 'M' 'M' 'M' 'M' 'M' 'M' 'M' 'M' 'M' 'M' 'M' 'U' 'U'
 'M' 'U' 'U' 'U' 'M' 'M' 'M' 'M' 'M' 'M' 'M' 'M' 'U' 'U' 'M' 'M' 'M' 'M'
 'M' 'U' 'M' 'U' 'M' 'M' 'M' 'M' 'M' 'M' 'M' 'U' 'M' 'M' 'M' 'M' 'M' 'M'
 'M' 'M' 'M' 'M' 'M' 'M' 'M' 'M' 'M' 'M' 'M' 'M' 'M' 'U' 'M' 'M' 'M' 'M'
 'M' 'M' 'M' 'M' 'A' 'M' 'A' 'A' 'A' 'A' 'U' 'A' 'A' 'M' 'M' 'M' 'M' 'M'
 'M' 'M' 'M' 'M' 'U' 'M' 'M' 'M' 'U' 'M' 'M' 'M' 'M' 'M' 'M' 'M' 'U' 'M'
 'M' 'M' 'M' 'U' 'M' 'M' 'M' 'M' 'M' 'M' 'M' 'M' 'M' 'M' 'M' 'M' 'M' 'M'
 'M' 'M' 'M' 'M' 'M' 'M' 'M' 'U' 'M' 'M' 'U' 'M' 'M' 'U' 'M' 'M' 'M' 'M']"
30501,2,173,9,164,25,0,1,"['M' 'U' 'M' 'M' 'M' 'A' 'U' 'M' 'M' 'A' 'M' 'M' 'M' 'M' 'M' 'M' 'U' 'M'
 'M' 'M' 'U' 'M' 'A' 'M' 'M' 'M' 'M' 'M' 'M' 'M' 'M' 'M' 'U' 'M' 'M' 'M'
 'M' 'M' 'A' 'M' 'M' 'M' 'M' 'M' 'M' 'M' 'M' 'M' 'M' 'M' 'M' 'M' 'M' 'M'
 'M' 'M' 'M' 'M' 'M' 'U' 'M' 'M' 'M' 'M' 'M' 'M' 'M' 'M' 'M' 'M' 'M' 'M'
 'U' 'M' 'U' 'M' 'M' 'M' 'M' 'M' 'M' 'U' 'U' 'U' 'U' 'M' 'M' 'M' 'U' 'M'
 'M' 'M' 'U' 'M' 'U' 'M' 'M' 'M' 'M' 'M' 'M' 'U' 'M' 'M' 'M' 'M' 'M' 'M'
 'M' 'M' 'M' 'M' 'M' 'M' 'M' 'M' 'M' 'M' 'M' 'M' 'M' 'U' 'M' 'M' 'M' 'M'
 'M' 'M' 'M' 'M' 'A' 'M' 'A' 'A' 'U' 'U' 'U' 'A' 'A' 'M' 'M' 'M' 'M' 'M'
 'M' 'M' 'M' 'M' 'M' 'M' 'M' 'M' 'U' 'M' 'M' 'M' 'M' 'M' 'M' 'M' 'U' 'M'
 'M' 'M' 'U' 'M' 'M' 'M' 'M' 'M' 'M' 'M' 'M' 'M' 'M' 'M' 'M' 'M' 'M' 'M'
 'M' 'M' 'M' 'M' 'M' 'M' 'M' 'M' 'M' 'M' 'U' 'M' 'M' 'U' 'M' 'M' 'M' 'M']"
30601,2,181,13,168,17,0,0,"['M' 'M' 'U' 'M' 'U' 'A' 'U' 'M' 'M' 'A' 'M' 'M' 'M' 'M' 'M' 'M' 'M' 'M'
 'M' 'M' 'U' 'M' 'A' 'M' 'M' 'M' 'M' 'M' 'M' 'M' 'M' 'M' 'M' 'M' 'M' 'M'
 'M' 'M' 'A' 'M' 'M' 'M' 'M' 'M' 'M' 'M' 'M' 'M' 'M' 'M' 'M' 'M' 'M' 'M'
 'U' 'M' 'M' 'M' 'M' 'M' 'M' 'M' 'M' 'M' 'M' 'U' 'M' 'U' 'U' 'M' 'M' 'U'
 'M' 'U' 'M' 'M' 'M' 'M' 'U' 'M' 'M' 'M' 'U' 'M' 'M' 'M' 'M' 'M' 'M' 'U'
 'M' 'U' 'M' 'M' 'M' 'M' 'M' 'M' 'M' 'M' 'M' 'U' 'M' 'M' 'M' 'M' 'M' 'M'
 'M' 'M' 'M' 'M' 'M' 'M' 'M' 'M' 'M' 'M' 'M' 'M' 'M' 'M' 'M' 'M' 'M' 'M'
 'M' 'M' 'M' 'M' 'A' 'M' 'A' 'A' 'A' 'A' 'A' 'A' 'A' 'M' 'M' 'M' 'M' 'M'
 'M' 'M' 'M' 'M' 'M' 'M' 'M' 'M' 'M' 'M' 'M' 'M' 'M' 'M' 'M' 'M' 'U' 'M'
 'M' 'M' 'U' 'M' 'M' 'M' 'M' 'M' 'M' 'M' 'M' 'M' 'M' 'M' 'M' 'M' 'M' 'M'
 'M' 'M' 'M' 'M' 'M' 'M' 'M' 'M' 'M' 'M' 'A' 'M' 'M' 'M' 'M' 'M' 'M' 'M']"
30701,2,178,11,167,20,0,0,"['M' 'M' 'M' 'M' 'U' 'A' 'M' 'M' 'M' 'A' 'U' 'M' 'M' 'M' 'M' 'M' 'M' 'M'
 'M' 'M' 'U' 'M' 'U' 'M' 'M' 'M' 'M' 'M' 'M' 'M' 'M' 'M' 'M' 'M' 'M' 'M'
 'M' 'M' 'A' 'M' 'M' 'M' 'M' 'M' 'M' 'M' 'M' 'M' 'M' 'M' 'M' 'M' 'M' 'M'
 'U' 'M' 'M' 'M' 'M' 'M' 'M' 'M' 'M' 'M' 'M' 'M' 'M' 'M' 'M' 'U' 'M' 'M'
 'M' 'M' 'M' 'M' 'M' 'U' 'U' 'M' 'M' 'U' 'U' 'M' 'M' 'U' 'M' 'M' 'U' 'U'
 'M' 'M' 'M' 'M' 'U' 'M' 'M' 'M' 'M' 'M' 'M' 'M' 'M' 'M' 'U' 'M' 'M' 'M'
 'M' 'M' 'M' 'M' 'M' 'M' 'M' 'M' 'M' 'M' 'U' 'M' 'M' 'M' 'M' 'M' 'M' 'M'
 'M' 'M' 'M' 'M' 'A' 'A' 'U' 'A' 'A' 'A' 'A' 'A' 'A' 'M' 'M' 'M' 'M' 'M'
 'M' 'M' 'M' 'M' 'M' 'M' 'M' 'M' 'M' 'M' 'M' 'M' 'M' 'M' 'M' 'M' 'U' 'M'
 'M' 'M' 'U' 'M' 'M' 'M' 'M' 'M' 'M' 'M' 'M' 'M' 'M' 'M' 'M' 'M' 'M' 'M'
 'M' 'M' 'M' 'M' 'M' 'M' 'M' 'M' 'M' 'M' 'U' 'M' 'M' 'M' 'M' 'M' 'M' 'M']"
30801,2,173,8,165,25,0,1,"['M' 'M' 'M' 'M' 'M' 'A' 'M' 'M' 'M' 'A' 'U' 'M' 'M' 'M' 'M' 'M' 'M' 'M'
 'M' 'M' 'U' 'M' 'U' 'M' 'M' 'M' 'M' 'M' 'M' 'M' 'M' 'M' 'M' 'M' 'M' 'M'
 'M' 'M' 'A' 'M' 'M' 'M' 'M' 'M' 'M' 'M' 'M' 'M' 'M' 'M' 'M' 'M' 'M' 'M'
 'M' 'M' 'M' 'M' 'M' 'M' 'M' 'M' 'M' 'M' 'M' 'U' 'U' 'U' 'M' 'M' 'U' 'M'
 'U' 'M' 'M' 'U' 'U' 'M' 'M' 'M' 'M' 'M' 'M' 'M' 'U' 'M' 'M' 'M' 'M' 'M'
 'M' 'U' 'M' 'M' 'M' 'M' 'M' 'M' 'M' 'M' 'U' 'M' 'M' 'M' 'U' 'M' 'M' 'M'
 'U' 'M' 'M' 'M' 'M' 'M' 'M' 'M' 'M' 'M' 'M' 'M' 'M' 'M' 'M' 'M' 'M' 'M'
 'M' 'M' 'M' 'M' 'A' 'A' 'U' 'U' 'A' 'A' 'A' 'U' 'U' 'M' 'M' 'M' 'M' 'M'
 'M' 'M' 'M' 'M' 'M' 'M' 'M' 'M' 'M' 'M' 'M' 'M' 'M' 'M' 'M' 'U' 'U' 'M'
 'U' 'M' 'U' 'M' 'M' 'M' 'M' 'M' 'M' 'M' 'M' 'M' 'M' 'M' 'M' 'M' 'M' 'M'
 'M' 'M' 'M' 'M' 'M' 'M' 'M' 'M' 'M' 'M' 'U' 'M' 'U' 'M' 'M' 'M' 'M' 'M']"
30901,2,178,11,167,20,0,0,"['M' 'M' 'M' 'U' 'M' 'A' 'M' 'M' 'M' 'A' 'U' 'M' 'M' 'M' 'M' 'M' 'M' 'M'
 'M' 'M' 'M' 'M' 'M' 'M' 'M' 'M' 'M' 'M' 'M' 'M' 'M' 'M' 'M' 'M' 'M' 'M'
 'M' 'M' 'A' 'M' 'M' 'M' 'M' 'U' 'M' 'M' 'M' 'M' 'M' 'M' 'M' 'M' 'M' 'M'
 'M' 'M' 'M' 'M' 'M' 'U' 'M' 'M' 'M' 'M' 'M' 'U' 'M' 'M' 'M' 'M' 'M' 'M'
 'M' 'U' 'U' 'M' 'U' 'M' 'U' 'U' 'M' 'M' 'M' 'U' 'M' 'U' 'M' 'M' 'M' 'M'
 'U' 'M' 'M' 'M' 'M' 'M' 'M' 'M' 'M' 'M' 'M' 'M' 'M' 'M' 'U' 'M' 'M' 'M'
 'U' 'M' 'M' 'M' 'M' 'M' 'M' 'M' 'M' 'M' 'M' 'M' 'M' 'M' 'M' 'M' 'M' 'M'
 'M' 'M' 'M' 'M' 'A' 'A' 'A' 'U' 'A' 'A' 'A' 'A' 'A' 'M' 'M' 'M' 'M' 'M'
 'M' 'M' 'M' 'M' 'M' 'M' 'M' 'M' 'M' 'M' 'M' 'M' 'M' 'M' 'M' 'U' 'M' 'M'
 'U' 'M' 'M' 'M' 'M' 'M' 'M' 'M' 'M' 'M' 'M' 'M' 'M' 'M' 'M' 'M' 'M' 'M'
 'M' 'M' 'M' 'M' 'M' 'M' 'M' 'M' 'U' 'M' 'U' 'M' 'M' 'M' 'M' 'M' 'M' 'M']"
31001,2,168,4,164,30,0,0,"['M' 'M' 'U' 'U' 'M' 'U' 'M' 'M' 'M' 'A' 'M' 'M' 'M' 'M' 'M' 'M' 'M' 'M'
 'M' 'M' 'M' 'M' 'M' 'M' 'M' 'M' 'M' 'M' 'M' 'M' 'M' 'M' 'M' 'M' 'M' 'M'
 'M' 'M' 'U' 'M' 'M' 'M' 'M' 'M' 'M' 'M' 'M' 'M' 'M' 'M' 'M' 'M' 'M' 'M'
 'M' 'M' 'M' 'M' 'U' 'M' 'M' 'U' 'M' 'M' 'U' 'M' 'M' 'U' 'M' 'M' 'M' 'U'
 'U' 'M' 'M' 'M' 'M' 'M' 'U' 'U' 'U' 'M' 'M' 'U' 'M' 'M' 'U' 'M' 'M' 'U'
 'M' 'M' 'M' 'M' 'M' 'M' 'M' 'M' 'M' 'M' 'M' 'M' 'M' 'M' 'U' 'M' 'M' 'M'
 'U' 'M' 'M' 'M' 'M' 'U' 'M' 'M' 'M' 'M' 'M' 'M' 'M' 'M' 'M' 'M' 'M' 'M'
 'M' 'M' 'M' 'M' 'A' 'A' 'U' 'U' 'U' 'M' 'U' 'A' 'U' 'M' 'M' 'M' 'M' 'M'
 'M' 'M' 'M' 'M' 'M' 'M' 'U' 'M' 'M' 'M' 'M' 'M' 'M' 'M' 'M' 'U' 'M' 'M'
 'U' 'M' 'M' 'M' 'M' 'M' 'U' 'M' 'M' 'M' 'M' 'M' 'M' 'U' 'M' 'M' 'M' 'M'
 'M' 'M' 'M' 'M' 'M' 'M' 'M' 'M' 'M' 'M' 'U' 'M' 'M' 'M' 'M' 'M' 'M' 'M']"
31101,2,176,8,168,22,0,0,"['M' 'M' 'U' 'U' 'M' 'U' 'M' 'M' 'M' 'M' 'M' 'M' 'M' 'M' 'M' 'M' 'M' 'M'
 'M' 'M' 'M' 'M' 'M' 'M' 'M' 'M' 'M' 'M' 'M' 'M' 'M' 'M' 'M' 'M' 'M' 'M'
 'M' 'M' 'M' 'M' 'M' 'M' 'M' 'M' 'M' 'M' 'M' 'M' 'M' 'M' 'M' 'M' 'M' 'M'
 'M' 'M' 'M' 'M' 'M' 'M' 'M' 'U' 'M' 'M' 'M' 'U' 'U' 'M' 'M' 'M' 'M' 'U'
 'M' 'M' 'U' 'M' 'M' 'M' 'M' 'M' 'U' 'U' 'M' 'M' 'U' 'M' 'M' 'M' 'M' 'U'
 'M' 'M' 'M' 'M' 'U' 'U' 'M' 'M' 'M' 'M' 'M' 'M' 'M' 'M' 'U' 'M' 'M' 'M'
 'U' 'M' 'M' 'M' 'M' 'U' 'M' 'M' 'M' 'M' 'M' 'M' 'M' 'M' 'M' 'M' 'M' 'M'
 'M' 'M' 'M' 'M' 'A' 'A' 'M' 'A' 'A' 'A' 'A' 'A' 'A' 'M' 'M' 'M' 'M' 'M'
 'M' 'M' 'M' 'M' 'M' 'M' 'M' 'M' 'M' 'M' 'M' 'M' 'M' 'M' 'M' 'U' 'M' 'M'
 'U' 'M' 'M' 'M' 'M' 'M' 'U' 'M' 'M' 'M' 'M' 'M' 'M' 'U' 'M' 'M' 'M' 'M'
 'M' 'M' 'M' 'M' 'M' 'M' 'M' 'U' 'M' 'M' 'M' 'M' 'M' 'M' 'M' 'M' 'M' 'M']"
31201,2,179,8,171,19,0,0,"['M' 'M' 'M' 'M' 'M' 'U' 'M' 'M' 'M' 'M' 'M' 'M' 'M' 'M' 'M' 'M' 'M' 'U'
 'M' 'M' 'M' 'M' 'M' 'M' 'M' 'M' 'M' 'M' 'M' 'M' 'M' 'M' 'M' 'M' 'M' 'M'
 'M' 'M' 'M' 'M' 'M' 'M' 'M' 'M' 'M' 'M' 'M' 'M' 'M' 'M' 'M' 'M' 'M' 'M'
 'M' 'M' 'M' 'M' 'M' 'M' 'M' 'M' 'M' 'M' 'M' 'M' 'U' 'M' 'U' 'M' 'M' 'M'
 'U' 'M' 'U' 'M' 'M' 'M' 'M' 'U' 'U' 'M' 'U' 'M' 'M' 'U' 'M' 'M' 'M' 'U'
 'M' 'M' 'M' 'M' 'M' 'M' 'M' 'M' 'M' 'M' 'M' 'M' 'M' 'M' 'U' 'M' 'M' 'M'
 'U' 'M' 'M' 'M' 'M' 'M' 'M' 'M' 'U' 'M' 'M' 'M' 'M' 'M' 'M' 'M' 'M' 'M'
 'M' 'M' 'M' 'M' 'A' 'A' 'U' 'A' 'A' 'A' 'A' 'A' 'A' 'M' 'M' 'M' 'M' 'M'
 'M' 'M' 'M' 'M' 'M' 'M' 'M' 'M' 'M' 'M' 'M' 'M' 'M' 'M' 'M' 'U' 'M' 'M'
 'M' 'M' 'M' 'M' 'M' 'M' 'M' 'M' 'M' 'M' 'M' 'M' 'M' 'U' 'M' 'M' 'M' 'M'
 'M' 'M' 'M' 'M' 'U' 'M' 'M' 'U' 'M' 'M' 'M' 'M' 'M' 'M' 'M' 'M' 'M' 'M']"
31301,3,177,9,168,21,0,0,"['M' 'M' 'M' 'M' 'M' 'M' 'M' 'M' 'M' 'U' 'M' 'M' 'M' 'M' 'M' 'M' 'M' 'U'
 'M' 'U' 'M' 'M' 'M' 'M' 'M' 'M' 'M' 'M' 'M' 'M' 'M' 'M' 'U' 'M' 'M' 'M'
 'M' 'M' 'M' 'M' 'M' 'M' 'M' 'M' 'M' 'M' 'M' 'M' 'M' 'M' 'M' 'M' 'M' 'M'
 'M' 'M' 'M' 'M' 'M' 'M' 'M' 'M' 'M' 'M' 'M' 'M' 'U' 'M' 'M' 'M' 'U' 'M'
 'U' 'U' 'M' 'M' 'M' 'U' 'M' 'M' 'M' 'M' 'U' 'U' 'M' 'U' 'M' 'U' 'M' 'M'
 'M' 'M' 'M' 'M' 'M' 'M' 'M' 'M' 'M' 'M' 'M' 'U' 'M' 'M' 'U' 'M' 'M' 'M'
 'U' 'M' 'M' 'M' 'M' 'M' 'M' 'M' 'U' 'M' 'M' 'M' 'U' 'M' 'M' 'M' 'M' 'M'
 'M' 'M' 'M' 'M' 'A' 'A' 'A' 'A' 'A' 'A' 'A' 'A' 'A' 'M' 'M' 'M' 'M' 'M'
 'M' 'M' 'M' 'M' 'M' 'M' 'M' 'M' 'M' 'M' 'M' 'M' 'M' 'M' 'M' 'U' 'M' 'M'
 'M' 'M' 'M' 'M' 'M' 'M' 'M' 'M' 'M' 'M' 'M' 'M' 'M' 'U' 'M' 'M' 'M' 'M'
 'M' 'M' 'M' 'M' 'M' 'M' 'M' 'U' 'M' 'M' 'M' 'M' 'M' 'M' 'M' 'M' 'M' 'M']"
31401,3,176,8,168,22,0,0,"['M' 'M' 'M' 'M' 'M' 'M' 'M' 'M' 'M' 'U' 'M' 'M' 'U' 'M' 'M' 'M' 'M' 'U'
 'M' 'M' 'M' 'M' 'M' 'M' 'M' 'M' 'M' 'M' 'M' 'M' 'M' 'M' 'U' 'M' 'M' 'M'
 'U' 'M' 'M' 'M' 'M' 'M' 'M' 'M' 'M' 'M' 'M' 'M' 'M' 'M' 'M' 'M' 'M' 'M'
 'M' 'M' 'M' 'M' 'M' 'M' 'M' 'M' 'M' 'M' 'M' 'U' 'M' 'M' 'U' 'M' 'U' 'M'
 'M' 'M' 'U' 'M' 'M' 'M' 'M' 'M' 'U' 'M' 'U' 'M' 'M' 'M' 'M' 'U' 'M' 'U'
 'U' 'M' 'M' 'M' 'M' 'M' 'M' 'U' 'M' 'M' 'M' 'U' 'M' 'M' 'U' 'M' 'M' 'M'
 'U' 'M' 'M' 'M' 'M' 'M' 'M' 'M' 'M' 'M' 'M' 'M' 'M' 'M' 'M' 'M' 'M' 'M'
 'M' 'M' 'M' 'M' 'A' 'A' 'A' 'A' 'A' 'A' 'U' 'A' 'A' 'M' 'M' 'M' 'M' 'M'
 'M' 'M' 'M' 'M' 'M' 'M' 'M' 'M' 'M' 'M' 'M' 'M' 'M' 'M' 'M' 'U' 'M' 'M'
 'M' 'M' 'M' 'M' 'M' 'M' 'M' 'M' 'M' 'U' 'M' 'M' 'M' 'M' 'M' 'M' 'M' 'M'
 'M' 'M' 'M' 'M' 'M' 'M' 'M' 'U' 'M' 'M' 'M' 'M' 'M' 'M' 'M' 'M' 'M' 'M']"
31501,3,174,9,165,24,0,0,"['M' 'M' 'M' 'M' 'M' 'M' 'M' 'M' 'M' 'U' 'M' 'M' 'U' 'M' 'M' 'M' 'M' 'M'
 'M' 'M' 'M' 'M' 'M' 'M' 'M' 'M' 'M' 'M' 'M' 'M' 'M' 'M' 'M' 'M' 'M' 'M'
 'U' 'M' 'M' 'M' 'M' 'M' 'U' 'M' 'M' 'M' 'U' 'M' 'M' 'M' 'M' 'M' 'M' 'M'
 'M' 'M' 'M' 'M' 'M' 'M' 'M' 'M' 'M' 'M' 'M' 'M' 'M' 'M' 'M' 'U' 'U' 'M'
 'U' 'M' 'M' 'M' 'M' 'M' 'M' 'M' 'U' 'U' 'U' 'M' 'M' 'U' 'M' 'M' 'M' 'M'
 'U' 'M' 'M' 'M' 'U' 'M' 'M' 'M' 'M' 'M' 'M' 'U' 'M' 'M' 'U' 'M' 'M' 'M'
 'U' 'M' 'M' 'M' 'M' 'M' 'M' 'M' 'M' 'M' 'M' 'M' 'M' 'M' 'M' 'M' 'M' 'M'
 'M' 'M' 'M' 'M' 'A' 'A' 'A' 'A' 'A' 'A' 'A' 'A' 'A' 'M' 'M' 'M' 'U' 'M'
 'M' 'M' 'M' 'M' 'M' 'M' 'M' 'M' 'M' 'M' 'M' 'M' 'M' 'M' 'M' 'U' 'M' 'M'
 'M' 'M' 'M' 'M' 'M' 'M' 'M' 'M' 'M' 'U' 'M' 'M' 'M' 'M' 'M' 'M' 'M' 'U'
 'M' 'M' 'M' 'M' 'M' 'M' 'M' 'U' 'M' 'U' 'M' 'M' 'M' 'M' 'M' 'U' 'M' 'M']"
31601,2,170,6,164,28,0,0,"['M' 'M' 'M' 'M' 'M' 'M' 'M' 'M' 'M' 'U' 'M' 'M' 'U' 'M' 'M' 'M' 'M' 'M'
 'M' 'M' 'M' 'M' 'M' 'M' 'M' 'M' 'M' 'M' 'M' 'M' 'M' 'M' 'M' 'M' 'M' 'M'
 'U' 'M' 'M' 'M' 'M' 'M' 'U' 'M' 'M' 'M' 'U' 'M' 'M' 'M' 'M' 'M' 'M' 'M'
 'M' 'M' 'M' 'M' 'M' 'M' 'M' 'M' 'M' 'M' 'M' 'M' 'M' 'M' 'U' 'M' 'M' 'U'
 'M' 'M' 'U' 'M' 'M' 'M' 'M' 'M' 'U' 'M' 'U' 'M' 'M' 'M' 'M' 'U' 'U' 'M'
 'M' 'M' 'U' 'U' 'M' 'M' 'U' 'M' 'M' 'M' 'M' 'U' 'M' 'M' 'U' 'M' 'M' 'M'
 'U' 'M' 'M' 'M' 'M' 'M' 'M' 'M' 'M' 'M' 'M' 'M' 'M' 'M' 'M' 'M' 'M' 'M'
 'M' 'M' 'M' 'M' 'A' 'A' 'A' 'U' 'A' 'U' 'A' 'A' 'U' 'M' 'M' 'M' 'U' 'M'
 'M' 'M' 'M' 'U' 'M' 'M' 'M' 'M' 'M' 'M' 'M' 'M' 'M' 'M' 'M' 'M' 'M' 'M'
 'M' 'M' 'M' 'M' 'M' 'M' 'M' 'M' 'M' 'M' 'M' 'M' 'M' 'M' 'M' 'M' 'M' 'U'
 'M' 'M' 'M' 'M' 'M' 'M' 'M' 'U' 'M' 'U' 'M' 'M' 'M' 'M' 'M' 'U' 'M' 'U']"
31701,2,172,7,165,26,0,1,"['M' 'M' 'M' 'M' 'M' 'M' 'M' 'M' 'M' 'U' 'M' 'M' 'U' 'M' 'M' 'M' 'M' 'M'
 'M' 'M' 'M' 'M' 'M' 'M' 'M' 'M' 'M' 'M' 'M' 'M' 'M' 'M' 'M' 'M' 'M' 'U'
 'U' 'M' 'M' 'M' 'M' 'M' 'U' 'M' 'M' 'M' 'M' 'M' 'M' 'M' 'M' 'M' 'M' 'M'
 'U' 'M' 'M' 'M' 'M' 'M' 'M' 'M' 'M' 'M' 'M' 'M' 'M' 'M' 'M' 'U' 'M' 'U'
 'U' 'M' 'U' 'U' 'M' 'U' 'M' 'U' 'M' 'M' 'M' 'M' 'M' 'M' 'M' 'U' 'M' 'M'
 'U' 'M' 'M' 'M' 'M' 'M' 'U' 'M' 'M' 'M' 'M' 'U' 'M' 'M' 'M' 'M' 'M' 'M'
 'U' 'M' 'M' 'M' 'M' 'M' 'M' 'M' 'M' 'M' 'M' 'M' 'M' 'M' 'M' 'M' 'M' 'M'
 'M' 'M' 'M' 'M' 'A' 'A' 'U' 'A' 'A' 'A' 'U' 'U' 'A' 'M' 'M' 'M' 'U' 'M'
 'M' 'M' 'M' 'A' 'M' 'M' 'M' 'M' 'M' 'M' 'M' 'M' 'M' 'M' 'M' 'M' 'M' 'M'
 'M' 'M' 'M' 'U' 'M' 'M' 'M' 'M' 'M' 'M' 'M' 'M' 'M' 'M' 'U' 'M' 'M' 'U'
 'M' 'M' 'M' 'M' 'M' 'M' 'M' 'M' 'M' 'M' 'M' 'M' 'M' 'M' 'M' 'M' 'M' 'U']"
31801,2,176,8,168,22,0,0,"['M' 'M' 'M' 'M' 'M' 'M' 'M' 'M' 'M' 'M' 'M' 'M' 'U' 'M' 'M' 'M' 'M' 'M'
 'M' 'M' 'M' 'M' 'M' 'M' 'M' 'M' 'M' 'M' 'M' 'M' 'M' 'M' 'M' 'M' 'M' 'U'
 'M' 'M' 'M' 'M' 'M' 'M' 'U' 'M' 'M' 'M' 'M' 'M' 'M' 'M' 'U' 'M' 'M' 'M'
 'M' 'M' 'M' 'M' 'M' 'M' 'M' 'M' 'M' 'M' 'M' 'M' 'M' 'M' 'M' 'M' 'M' 'U'
 'M' 'M' 'M' 'M' 'M' 'U' 'M' 'U' 'U' 'U' 'M' 'M' 'M' 'M' 'M' 'U' 'U' 'M'
 'U' 'M' 'U' 'M' 'M' 'M' 'U' 'M' 'M' 'M' 'U' 'U' 'M' 'M' 'M' 'M' 'M' 'M'
 'M' 'M' 'M' 'M' 'U' 'M' 'M' 'M' 'M' 'M' 'M' 'M' 'M' 'M' 'M' 'M' 'M' 'M'
 'M' 'M' 'M' 'M' 'A' 'A' 'A' 'A' 'A' 'A' 'A' 'M' 'A' 'M' 'M' 'M' 'M' 'M'
 'M' 'M' 'M' 'U' 'M' 'M' 'M' 'M' 'M' 'M' 'M' 'M' 'M' 'M' 'M' 'M' 'M' 'M'
 'M' 'M' 'M' 'U' 'M' 'M' 'M' 'M' 'M' 'M' 'M' 'U' 'M' 'M' 'M' 'M' 'M' 'U'
 'M' 'M' 'M' 'M' 'M' 'M' 'M' 'M' 'M' 'M' 'M' 'M' 'M' 'M' 'M' 'M' 'M' 'U']"
31901,2,175,7,168,23,0,0,"['M' 'M' 'M' 'M' 'M' 'M' 'M' 'M' 'M' 'M' 'M' 'M' 'U' 'M' 'M' 'M' 'M' 'M'
 'M' 'M' 'M' 'M' 'M' 'M' 'M' 'M' 'M' 'M' 'M' 'M' 'M' 'M' 'M' 'M' 'M' 'U'
 'M' 'M' 'M' 'M' 'M' 'M' 'U' 'M' 'M' 'M' 'U' 'M' 'M' 'M' 'U' 'M' 'M' 'M'
 'M' 'M' 'M' 'M' 'M' 'M' 'M' 'M' 'M' 'M' 'M' 'M' 'M' 'U' 'M' 'U' 'M' 'M'
 'M' 'M' 'M' 'M' 'M' 'M' 'M' 'M' 'M' 'U' 'U' 'U' 'U' 'U' 'U' 'M' 'M' 'M'
 'M' 'U' 'M' 'M' 'M' 'M' 'M' 'M' 'M' 'M' 'U' 'U' 'M' 'M' 'M' 'M' 'M' 'M'
 'M' 'M' 'M' 'M' 'U' 'M' 'M' 'M' 'M' 'M' 'M' 'M' 'M' 'M' 'M' 'M' 'M' 'M'
 'M' 'M' 'M' 'M' 'A' 'A' 'A' 'A' 'U' 'A' 'A' 'M' 'U' 'M' 'M' 'M' 'M' 'M'
 'M' 'M' 'M' 'U' 'M' 'M' 'M' 'M' 'M' 'M' 'M' 'M' 'A' 'M' 'M' 'M' 'M' 'M'
 'M' 'M' 'U' 'U' 'M' 'M' 'M' 'M' 'M' 'M' 'M' 'U' 'M' 'M' 'M' 'M' 'M' 'M'
 'M' 'M' 'M' 'M' 'M' 'M' 'M' 'M' 'M' 'M' 'M' 'M' 'M' 'M' 'M' 'M' 'M' 'M']"
32001,3,170,9,161,28,0,0,"['M' 'M' 'M' 'M' 'M' 'M' 'M' 'M' 'M' 'M' 'M' 'M' 'U' 'M' 'U' 'M' 'M' 'M'
 'M' 'M' 'M' 'M' 'M' 'M' 'M' 'M' 'M' 'M' 'M' 'M' 'U' 'M' 'M' 'M' 'M' 'U'
 'M' 'M' 'M' 'M' 'M' 'M' 'U' 'M' 'M' 'M' 'U' 'M' 'M' 'M' 'U' 'M' 'M' 'M'
 'M' 'M' 'M' 'M' 'M' 'M' 'M' 'M' 'M' 'M' 'U' 'U' 'U' 'M' 'M' 'U' 'M' 'M'
 'U' 'M' 'M' 'M' 'M' 'M' 'M' 'M' 'U' 'M' 'M' 'U' 'M' 'M' 'M' 'U' 'M' 'M'
 'M' 'U' 'M' 'U' 'M' 'M' 'M' 'M' 'M' 'M' 'A' 'M' 'M' 'M' 'M' 'M' 'M' 'M'
 'M' 'M' 'M' 'M' 'U' 'M' 'U' 'M' 'M' 'M' 'M' 'M' 'U' 'M' 'M' 'U' 'M' 'M'
 'M' 'M' 'M' 'M' 'A' 'A' 'A' 'A' 'A' 'A' 'A' 'U' 'U' 'M' 'M' 'M' 'M' 'M'
 'M' 'M' 'M' 'U' 'M' 'M' 'M' 'M' 'M' 'M' 'M' 'M' 'A' 'U' 'M' 'M' 'M' 'M'
 'M' 'M' 'M' 'U' 'M' 'M' 'M' 'M' 'M' 'M' 'M' 'U' 'M' 'M' 'M' 'M' 'M' 'M'
 'U' 'M' 'M' 'M' 'M' 'M' 'M' 'M' 'M' 'M' 'M' 'M' 'M' 'M' 'M' 'M' 'M' 'M']"
32101,2,163,8,155,35,0,0,"['M' 'M' 'M' 'U' 'M' 'M' 'M' 'M' 'M' 'M' 'M' 'M' 'U' 'M' 'U' 'M' 'M' 'M'
 'M' 'M' 'U' 'M' 'M' 'M' 'M' 'M' 'M' 'M' 'M' 'M' 'M' 'M' 'M' 'M' 'U' 'U'
 'M' 'M' 'M' 'M' 'M' 'M' 'U' 'M' 'M' 'M' 'M' 'M' 'M' 'M' 'U' 'M' 'M' 'M'
 'M' 'M' 'U' 'M' 'M' 'M' 'M' 'M' 'M' 'M' 'U' 'M' 'M' 'U' 'M' 'U' 'M' 'M'
 'M' 'M' 'U' 'M' 'M' 'M' 'M' 'M' 'U' 'U' 'M' 'M' 'U' 'M' 'M' 'U' 'M' 'M'
 'U' 'M' 'M' 'U' 'M' 'M' 'M' 'M' 'M' 'M' 'A' 'M' 'M' 'M' 'M' 'M' 'M' 'M'
 'M' 'M' 'M' 'M' 'U' 'M' 'U' 'M' 'M' 'M' 'M' 'M' 'U' 'M' 'U' 'U' 'M' 'M'
 'M' 'M' 'M' 'M' 'A' 'A' 'U' 'U' 'A' 'A' 'U' 'A' 'A' 'M' 'M' 'M' 'U' 'M'
 'M' 'M' 'M' 'U' 'M' 'M' 'M' 'M' 'M' 'M' 'M' 'M' 'A' 'U' 'M' 'U' 'M' 'M'
 'M' 'M' 'M' 'U' 'M' 'M' 'M' 'U' 'M' 'M' 'M' 'U' 'M' 'M' 'M' 'M' 'M' 'M'
 'U' 'M' 'M' 'M' 'M' 'M' 'M' 'M' 'M' 'M' 'M' 'M' 'M' 'M' 'M' 'M' 'M' 'M']"
32201,2,164,9,155,34,0,1,"['M' 'M' 'U' 'U' 'M' 'M' 'M' 'M' 'M' 'M' 'M' 'M' 'U' 'M' 'M' 'M' 'M' 'M'
 'M' 'M' 'U' 'M' 'M' 'M' 'M' 'M' 'M' 'M' 'M' 'M' 'M' 'M' 'M' 'M' 'U' 'U'
 'M' 'M' 'U' 'M' 'M' 'M' 'M' 'M' 'M' 'M' 'M' 'M' 'M' 'M' 'U' 'M' 'M' 'M'
 'M' 'M' 'U' 'M' 'M' 'M' 'M' 'M' 'M' 'M' 'U' 'M' 'U' 'M' 'M' 'M' 'M' 'M'
 'M' 'U' 'U' 'M' 'M' 'U' 'M' 'M' 'M' 'U' 'M' 'M' 'M' 'M' 'U' 'M' 'U' 'M'
 'M' 'M' 'M' 'U' 'U' 'M' 'M' 'M' 'M' 'M' 'U' 'M' 'M' 'M' 'M' 'M' 'M' 'M'
 'M' 'M' 'M' 'M' 'U' 'M' 'U' 'M' 'M' 'M' 'M' 'M' 'U' 'M' 'U' 'U' 'M' 'M'
 'M' 'M' 'M' 'M' 'A' 'A' 'A' 'A' 'A' 'U' 'A' 'A' 'A' 'M' 'M' 'M' 'M' 'M'
 'M' 'M' 'M' 'U' 'M' 'M' 'M' 'M' 'M' 'M' 'M' 'M' 'A' 'U' 'M' 'U' 'M' 'M'
 'M' 'M' 'M' 'U' 'M' 'M' 'M' 'M' 'M' 'M' 'M' 'U' 'M' 'M' 'M' 'M' 'M' 'M'
 'U' 'U' 'M' 'M' 'M' 'M' 'M' 'M' 'M' 'M' 'M' 'M' 'M' 'M' 'M' 'U' 'M' 'M']"
32301,2,169,8,161,29,0,0,"['M' 'M' 'U' 'M' 'M' 'M' 'M' 'M' 'M' 'M' 'M' 'M' 'U' 'M' 'M' 'M' 'M' 'M'
 'M' 'M' 'U' 'M' 'M' 'M' 'M' 'M' 'M' 'M' 'M' 'M' 'M' 'M' 'M' 'M' 'U' 'M'
 'M' 'M' 'U' 'M' 'M' 'M' 'M' 'M' 'M' 'M' 'M' 'M' 'M' 'M' 'U' 'M' 'M' 'M'
 'M' 'M' 'U' 'M' 'M' 'M' 'M' 'M' 'M' 'M' 'U' 'M' 'M' 'M' 'M' 'U' 'M' 'U'
 'M' 'M' 'M' 'M' 'M' 'U' 'U' 'M' 'M' 'U' 'M' 'U' 'M' 'M' 'M' 'U' 'M' 'M'
 'M' 'U' 'U' 'M' 'M' 'M' 'M' 'M' 'M' 'M' 'U' 'M' 'M' 'M' 'M' 'M' 'M' 'M'
 'M' 'M' 'M' 'M' 'U' 'M' 'M' 'M' 'M' 'M' 'M' 'M' 'U' 'M' 'U' 'U' 'M' 'M'
 'M' 'M' 'M' 'M' 'A' 'U' 'A' 'A' 'A' 'U' 'A' 'A' 'A' 'M' 'M' 'M' 'M' 'M'
 'M' 'M' 'M' 'U' 'M' 'M' 'M' 'M' 'M' 'M' 'M' 'M' 'A' 'U' 'M' 'M' 'M' 'M'
 'M' 'M' 'M' 'M' 'M' 'M' 'M' 'M' 'M' 'M' 'M' 'M' 'U' 'M' 'M' 'M' 'M' 'M'
 'M' 'U' 'M' 'M' 'U' 'M' 'M' 'M' 'M' 'M' 'M' 'M' 'M' 'M' 'M' 'M' 'M' 'M']"
32401,3,171,9,162,27,0,1,"['M' 'M' 'U' 'M' 'M' 'M' 'M' 'M' 'M' 'M' 'M' 'M' 'M' 'M' 'M' 'M' 'M' 'M'
 'M' 'M' 'U' 'M' 'U' 'M' 'M' 'M' 'M' 'M' 'M' 'M' 'M' 'M' 'M' 'M' 'M' 'M'
 'M' 'M' 'U' 'M' 'M' 'M' 'M' 'M' 'M' 'M' 'M' 'M' 'M' 'M' 'M' 'M' 'M' 'M'
 'M' 'M' 'U' 'M' 'U' 'M' 'M' 'M' 'M' 'M' 'U' 'M' 'M' 'M' 'M' 'M' 'M' 'U'
 'U' 'M' 'M' 'U' 'M' 'M' 'M' 'U' 'U' 'U' 'M' 'M' 'M' 'M' 'U' 'M' 'M' 'U'
 'M' 'U' 'M' 'M' 'M' 'M' 'M' 'M' 'M' 'M' 'M' 'M' 'M' 'M' 'M' 'M' 'M' 'M'
 'M' 'U' 'M' 'M' 'M' 'M' 'M' 'M' 'M' 'M' 'M' 'M' 'M' 'M' 'U' 'U' 'M' 'M'
 'M' 'M' 'M' 'M' 'A' 'U' 'A' 'A' 'A' 'A' 'A' 'A' 'A' 'M' 'M' 'M' 'U' 'M'
 'M' 'M' 'M' 'U' 'M' 'M' 'M' 'M' 'M' 'M' 'M' 'M' 'A' 'U' 'M' 'M' 'M' 'M'
 'M' 'M' 'M' 'M' 'M' 'M' 'M' 'M' 'M' 'M' 'M' 'M' 'U' 'M' 'M' 'M' 'M' 'M'
 'M' 'U' 'M' 'M' 'U' 'M' 'M' 'M' 'M' 'M' 'U' 'M' 'M' 'M' 'M' 'M' 'M' 'M']"
32501,2,171,9,162,27,0,1,"['M' 'M' 'U' 'U' 'M' 'M' 'M' 'M' 'M' 'M' 'M' 'M' 'M' 'M' 'M' 'M' 'M' 'M'
 'M' 'M' 'U' 'M' 'A' 'U' 'M' 'M' 'M' 'M' 'M' 'M' 'M' 'M' 'M' 'M' 'M' 'M'
 'M' 'M' 'U' 'M' 'M' 'M' 'M' 'M' 'M' 'M' 'M' 'M' 'M' 'M' 'U' 'M' 'M' 'M'
 'U' 'M' 'U' 'M' 'M' 'M' 'M' 'M' 'M' 'M' 'M' 'U' 'M' 'U' 'M' 'M' 'M' 'M'
 'M' 'M' 'M' 'M' 'U' 'M' 'M' 'M' 'U' 'U' 'M' 'U' 'U' 'M' 'M' 'U' 'M' 'M'
 'M' 'M' 'M' 'M' 'U' 'M' 'M' 'M' 'M' 'M' 'M' 'M' 'M' 'M' 'M' 'M' 'M' 'M'
 'M' 'U' 'M' 'M' 'M' 'M' 'M' 'M' 'M' 'M' 'M' 'M' 'M' 'M' 'U' 'U' 'M' 'M'
 'M' 'M' 'M' 'U' 'A' 'M' 'A' 'A' 'A' 'M' 'U' 'A' 'A' 'M' 'M' 'M' 'U' 'M'
 'M' 'M' 'M' 'U' 'M' 'M' 'M' 'M' 'M' 'M' 'M' 'M' 'A' 'U' 'M' 'M' 'M' 'M'
 'M' 'M' 'M' 'M' 'M' 'M' 'M' 'M' 'M' 'M' 'M' 'M' 'U' 'M' 'M' 'M' 'M' 'M'
 'M' 'A' 'M' 'M' 'U' 'M' 'M' 'M' 'M' 'M' 'M' 'M' 'M' 'M' 'M' 'M' 'M' 'M']"
32601,2,173,9,164,25,0,0,"['M' 'M' 'U' 'M' 'M' 'M' 'M' 'M' 'M' 'M' 'M' 'M' 'M' 'M' 'M' 'M' 'M' 'M'
 'M' 'M' 'U' 'M' 'A' 'U' 'M' 'M' 'M' 'M' 'M' 'M' 'M' 'M' 'M' 'M' 'M' 'M'
 'M' 'M' 'M' 'M' 'M' 'M' 'M' 'M' 'M' 'M' 'M' 'M' 'M' 'M' 'A' 'M' 'M' 'M'
 'U' 'M' 'U' 'M' 'M' 'M' 'M' 'M' 'M' 'M' 'M' 'U' 'M' 'M' 'M' 'U' 'M' 'M'
 'M' 'M' 'M' 'M' 'U' 'M' 'M' 'U' 'M' 'M' 'M' 'U' 'U' 'M' 'M' 'U' 'M' 'U'
 'U' 'M' 'M' 'M' 'M' 'M' 'M' 'M' 'M' 'M' 'M' 'M' 'M' 'M' 'M' 'M' 'M' 'M'
 'M' 'M' 'M' 'M' 'M' 'M' 'M' 'M' 'M' 'M' 'M' 'M' 'M' 'M' 'U' 'U' 'M' 'M'
 'M' 'M' 'M' 'M' 'A' 'U' 'A' 'A' 'A' 'U' 'U' 'A' 'A' 'M' 'M' 'M' 'U' 'M'
 'M' 'M' 'M' 'M' 'M' 'M' 'M' 'M' 'M' 'M' 'M' 'M' 'U' 'U' 'M' 'M' 'M' 'M'
 'U' 'M' 'M' 'M' 'M' 'M' 'M' 'M' 'M' 'M' 'M' 'M' 'U' 'M' 'M' 'M' 'M' 'M'
 'M' 'A' 'M' 'M' 'U' 'M' 'M' 'M' 'M' 'M' 'M' 'M' 'M' 'M' 'M' 'M' 'M' 'M']"
32701,2,176,7,169,22,0,0,"['M' 'M' 'U' 'M' 'M' 'M' 'M' 'M' 'M' 'M' 'M' 'M' 'M' 'M' 'M' 'M' 'M' 'M'
 'M' 'M' 'M' 'M' 'A' 'M' 'M' 'M' 'M' 'U' 'M' 'M' 'M' 'M' 'M' 'M' 'M' 'M'
 'M' 'M' 'M' 'M' 'M' 'M' 'M' 'M' 'M' 'M' 'M' 'M' 'M' 'M' 'A' 'M' 'M' 'M'
 'M' 'M' 'U' 'M' 'M' 'M' 'M' 'M' 'M' 'M' 'M' 'M' 'U' 'U' 'M' 'M' 'M' 'M'
 'M' 'U' 'M' 'M' 'M' 'M' 'M' 'M' 'U' 'U' 'M' 'M' 'U' 'M' 'M' 'M' 'M' 'U'
 'M' 'U' 'M' 'U' 'M' 'M' 'M' 'M' 'M' 'M' 'M' 'M' 'M' 'M' 'M' 'M' 'M' 'M'
 'M' 'M' 'M' 'M' 'M' 'M' 'M' 'M' 'M' 'M' 'U' 'M' 'M' 'M' 'U' 'M' 'M' 'M'
 'M' 'M' 'M' 'M' 'A' 'M' 'A' 'A' 'U' 'U' 'A' 'U' 'A' 'M' 'M' 'M' 'U' 'M'
 'M' 'M' 'M' 'M' 'M' 'M' 'M' 'M' 'M' 'M' 'M' 'M' 'U' 'U' 'M' 'M' 'M' 'M'
 'M' 'M' 'M' 'M' 'M' 'M' 'M' 'M' 'M' 'M' 'M' 'M' 'U' 'M' 'M' 'M' 'M' 'M'
 'M' 'U' 'M' 'M' 'M' 'M' 'M' 'M' 'M' 'M' 'M' 'M' 'M' 'M' 'M' 'M' 'M' 'M']"
32801,2,175,8,167,23,0,0,"['M' 'M' 'M' 'U' 'M' 'M' 'M' 'M' 'M' 'M' 'M' 'M' 'M' 'M' 'U' 'M' 'M' 'M'
 'M' 'M' 'M' 'M' 'A' 'M' 'M' 'M' 'M' 'U' 'M' 'M' 'M' 'M' 'M' 'M' 'M' 'M'
 'U' 'M' 'M' 'M' 'M' 'M' 'M' 'M' 'M' 'M' 'M' 'M' 'M' 'M' 'A' 'M' 'M' 'M'
 'M' 'M' 'M' 'M' 'M' 'M' 'M' 'M' 'M' 'M' 'M' 'M' 'M' 'U' 'M' 'M' 'M' 'M'
 'U' 'M' 'M' 'M' 'U' 'U' 'M' 'M' 'U' 'U' 'M' 'M' 'M' 'M' 'M' 'M' 'U' 'M'
 'M' 'M' 'U' 'M' 'U' 'M' 'M' 'M' 'M' 'U' 'M' 'M' 'M' 'M' 'M' 'M' 'M' 'M'
 'M' 'M' 'M' 'M' 'M' 'M' 'M' 'M' 'M' 'M' 'M' 'M' 'M' 'M' 'U' 'M' 'M' 'M'
 'M' 'M' 'M' 'M' 'A' 'U' 'U' 'A' 'A' 'A' 'A' 'A' 'U' 'M' 'M' 'M' 'U' 'M'
 'M' 'M' 'M' 'M' 'M' 'M' 'M' 'M' 'M' 'M' 'M' 'M' 'U' 'U' 'M' 'M' 'M' 'M'
 'M' 'M' 'M' 'M' 'M' 'M' 'M' 'M' 'M' 'M' 'M' 'M' 'U' 'M' 'M' 'M' 'M' 'M'
 'M' 'U' 'M' 'M' 'M' 'M' 'M' 'M' 'M' 'M' 'M' 'M' 'M' 'M' 'M' 'M' 'M' 'M']"
32901,2,174,5,169,24,0,1,"['M' 'M' 'M' 'U' 'U' 'M' 'M' 'M' 'M' 'M' 'M' 'M' 'M' 'M' 'U' 'M' 'M' 'M'
 'M' 'M' 'M' 'M' 'M' 'M' 'M' 'M' 'M' 'U' 'M' 'M' 'M' 'M' 'M' 'M' 'M' 'M'
 'U' 'M' 'M' 'M' 'M' 'M' 'U' 'M' 'U' 'M' 'M' 'M' 'M' 'M' 'U' 'M' 'M' 'M'
 'M' 'M' 'M' 'M' 'M' 'M' 'M' 'M' 'M' 'M' 'M' 'M' 'U' 'M' 'M' 'M' 'M' 'M'
 'U' 'M' 'U' 'M' 'M' 'U' 'M' 'U' 'U' 'M' 'M' 'U' 'M' 'M' 'M' 'U' 'M' 'M'
 'M' 'M' 'U' 'M' 'M' 'M' 'M' 'M' 'M' 'U' 'M' 'M' 'M' 'M' 'M' 'M' 'M' 'M'
 'M' 'M' 'M' 'M' 'M' 'M' 'M' 'M' 'M' 'M' 'M' 'M' 'M' 'M' 'U' 'M' 'M' 'M'
 'M' 'M' 'M' 'M' 'A' 'U' 'M' 'A' 'A' 'U' 'A' 'A' 'M' 'M' 'M' 'M' 'U' 'M'
 'M' 'M' 'M' 'M' 'M' 'M' 'M' 'M' 'M' 'M' 'M' 'M' 'M' 'U' 'M' 'M' 'M' 'M'
 'M' 'M' 'M' 'M' 'M' 'M' 'M' 'M' 'M' 'M' 'M' 'M' 'U' 'M' 'M' 'M' 'M' 'M'
 'M' 'M' 'M' 'M' 'M' 'M' 'M' 'M' 'M' 'M' 'M' 'M' 'M' 'M' 'M' 'M' 'M' 'M']"
33001,2,178,8,170,20,0,0,"['M' 'M' 'M' 'M' 'U' 'M' 'M' 'M' 'M' 'M' 'M' 'M' 'M' 'M' 'M' 'M' 'M' 'M'
 'M' 'M' 'U' 'M' 'M' 'M' 'M' 'M' 'M' 'M' 'M' 'M' 'M' 'M' 'M' 'M' 'M' 'M'
 'M' 'M' 'M' 'M' 'M' 'M' 'U' 'M' 'U' 'M' 'M' 'M' 'M' 'M' 'M' 'M' 'M' 'M'
 'M' 'M' 'M' 'U' 'M' 'M' 'M' 'M' 'M' 'M' 'M' 'M' 'M' 'U' 'M' 'M' 'M' 'U'
 'M' 'M' 'U' 'M' 'M' 'U' 'M' 'M' 'M' 'M' 'U' 'M' 'M' 'M' 'U' 'U' 'U' 'M'
 'M' 'U' 'M' 'M' 'M' 'M' 'M' 'M' 'M' 'U' 'M' 'M' 'M' 'M' 'M' 'M' 'M' 'M'
 'M' 'M' 'M' 'M' 'M' 'M' 'M' 'M' 'M' 'U' 'M' 'M' 'M' 'M' 'M' 'M' 'M' 'M'
 'M' 'M' 'M' 'U' 'A' 'A' 'A' 'A' 'A' 'A' 'A' 'A' 'M' 'M' 'M' 'M' 'U' 'M'
 'M' 'M' 'M' 'M' 'M' 'M' 'M' 'M' 'M' 'M' 'M' 'M' 'M' 'U' 'M' 'M' 'M' 'M'
 'M' 'M' 'M' 'M' 'M' 'M' 'M' 'M' 'M' 'M' 'M' 'M' 'U' 'M' 'M' 'M' 'M' 'M'
 'M' 'M' 'M' 'M' 'M' 'M' 'M' 'M' 'M' 'M' 'M' 'M' 'M' 'M' 'M' 'M' 'M' 'M']"
33101,2,171,5,166,27,0,0,"['M' 'M' 'M' 'M' 'U' 'M' 'M' 'M' 'M' 'U' 'M' 'M' 'M' 'M' 'M' 'M' 'M' 'M'
 'M' 'M' 'U' 'M' 'M' 'M' 'M' 'M' 'M' 'M' 'M' 'M' 'M' 'M' 'U' 'M' 'M' 'M'
 'M' 'M' 'M' 'M' 'M' 'M' 'U' 'M' 'U' 'M' 'M' 'M' 'M' 'M' 'M' 'M' 'M' 'M'
 'M' 'M' 'M' 'U' 'M' 'M' 'M' 'M' 'M' 'M' 'M' 'M' 'M' 'M' 'M' 'M' 'M' 'M'
 'U' 'M' 'M' 'U' 'M' 'M' 'M' 'M' 'U' 'U' 'M' 'M' 'M' 'M' 'U' 'U' 'U' 'M'
 'U' 'M' 'M' 'M' 'U' 'M' 'M' 'M' 'U' 'U' 'M' 'U' 'M' 'M' 'M' 'M' 'M' 'M'
 'M' 'M' 'M' 'M' 'M' 'M' 'M' 'M' 'M' 'U' 'M' 'M' 'M' 'M' 'M' 'M' 'M' 'M'
 'M' 'M' 'M' 'U' 'A' 'A' 'U' 'A' 'U' 'U' 'A' 'A' 'M' 'M' 'M' 'M' 'U' 'M'
 'M' 'M' 'M' 'M' 'M' 'M' 'M' 'M' 'M' 'M' 'M' 'M' 'M' 'M' 'M' 'M' 'M' 'M'
 'M' 'M' 'M' 'M' 'M' 'M' 'M' 'M' 'M' 'M' 'M' 'M' 'U' 'M' 'M' 'M' 'M' 'M'
 'M' 'M' 'M' 'U' 'M' 'M' 'M' 'M' 'M' 'M' 'M' 'M' 'M' 'M' 'M' 'M' 'M' 'M']"
33201,3,172,9,163,26,0,0,"['M' 'M' 'M' 'M' 'U' 'M' 'M' 'M' 'M' 'M' 'M' 'M' 'M' 'M' 'M' 'M' 'M' 'U'
 'M' 'M' 'U' 'M' 'M' 'M' 'M' 'M' 'M' 'M' 'M' 'M' 'M' 'M' 'U' 'M' 'M' 'M'
 'M' 'M' 'M' 'M' 'U' 'M' 'U' 'M' 'U' 'M' 'M' 'M' 'M' 'M' 'M' 'M' 'M' 'M'
 'M' 'M' 'M' 'U' 'M' 'U' 'M' 'M' 'M' 'M' 'M' 'M' 'U' 'M' 'M' 'U' 'M' 'U'
 'M' 'M' 'M' 'M' 'M' 'M' 'M' 'M' 'M' 'U' 'U' 'M' 'U' 'U' 'M' 'U' 'M' 'M'
 'U' 'M' 'M' 'M' 'M' 'M' 'M' 'M' 'U' 'U' 'M' 'M' 'M' 'M' 'M' 'M' 'M' 'M'
 'M' 'M' 'M' 'M' 'M' 'M' 'M' 'M' 'M' 'U' 'M' 'M' 'M' 'M' 'M' 'M' 'M' 'M'
 'M' 'M' 'M' 'U' 'A' 'A' 'A' 'A' 'A' 'A' 'A' 'A' 'A' 'M' 'M' 'M' 'U' 'M'
 'M' 'M' 'M' 'M' 'M' 'M' 'M' 'M' 'M' 'M' 'M' 'M' 'M' 'M' 'M' 'M' 'M' 'M'
 'M' 'M' 'M' 'M' 'M' 'M' 'M' 'M' 'M' 'M' 'M' 'M' 'U' 'M' 'M' 'M' 'M' 'M'
 'M' 'M' 'M' 'U' 'M' 'M' 'M' 'M' 'M' 'M' 'M' 'M' 'U' 'M' 'M' 'M' 'M' 'M']"
33301,2,168,8,160,30,0,0,"['M' 'U' 'M' 'M' 'M' 'M' 'M' 'M' 'M' 'M' 'M' 'M' 'M' 'M' 'M' 'U' 'M' 'U'
 'M' 'M' 'U' 'M' 'M' 'M' 'U' 'M' 'M' 'M' 'M' 'M' 'M' 'M' 'U' 'M' 'M' 'M'
 'M' 'M' 'M' 'M' 'M' 'M' 'U' 'M' 'M' 'M' 'M' 'M' 'M' 'M' 'M' 'M' 'M' 'M'
 'M' 'M' 'M' 'A' 'M' 'U' 'M' 'M' 'M' 'M' 'M' 'U' 'M' 'U' 'M' 'M' 'U' 'M'
 'M' 'U' 'U' 'M' 'M' 'U' 'M' 'M' 'U' 'M' 'M' 'M' 'M' 'M' 'M' 'U' 'M' 'M'
 'M' 'M' 'U' 'M' 'M' 'M' 'U' 'M' 'M' 'U' 'M' 'M' 'M' 'M' 'M' 'M' 'M' 'M'
 'M' 'M' 'M' 'U' 'M' 'M' 'M' 'M' 'U' 'U' 'M' 'M' 'M' 'M' 'M' 'M' 'M' 'M'
 'M' 'M' 'M' 'U' 'A' 'A' 'A' 'U' 'A' 'A' 'A' 'A' 'M' 'M' 'M' 'M' 'U' 'M'
 'M' 'M' 'M' 'M' 'U' 'M' 'M' 'M' 'M' 'M' 'M' 'U' 'M' 'M' 'M' 'M' 'M' 'M'
 'M' 'M' 'M' 'M' 'M' 'M' 'U' 'M' 'M' 'M' 'M' 'M' 'U' 'M' 'M' 'M' 'M' 'M'
 'M' 'M' 'M' 'M' 'M' 'M' 'M' 'M' 'M' 'M' 'M' 'M' 'U' 'M' 'M' 'M' 'M' 'M']"
33401,2,167,8,159,31,0,0,"['M' 'U' 'M' 'M' 'M' 'M' 'M' 'M' 'U' 'M' 'M' 'U' 'M' 'M' 'M' 'U' 'M' 'U'
 'M' 'M' 'U' 'M' 'M' 'M' 'M' 'U' 'M' 'M' 'U' 'M' 'M' 'M' 'M' 'M' 'M' 'M'
 'M' 'M' 'M' 'M' 'M' 'M' 'U' 'M' 'U' 'M' 'M' 'M' 'M' 'M' 'M' 'M' 'M' 'M'
 'M' 'M' 'M' 'A' 'M' 'U' 'M' 'M' 'M' 'M' 'M' 'M' 'M' 'M' 'U' 'M' 'M' 'M'
 'U' 'U' 'M' 'M' 'M' 'U' 'U' 'M' 'M' 'M' 'U' 'U' 'M' 'U' 'M' 'U' 'M' 'M'
 'M' 'M' 'M' 'M' 'M' 'M' 'M' 'M' 'M' 'U' 'M' 'M' 'M' 'M' 'M' 'M' 'M' 'M'
 'M' 'M' 'M' 'M' 'M' 'M' 'M' 'M' 'U' 'U' 'M' 'M' 'M' 'M' 'M' 'M' 'M' 'M'
 'M' 'M' 'M' 'U' 'A' 'U' 'A' 'A' 'A' 'A' 'A' 'A' 'U' 'M' 'M' 'M' 'M' 'M'
 'M' 'M' 'M' 'M' 'U' 'M' 'M' 'M' 'M' 'M' 'M' 'U' 'M' 'M' 'M' 'M' 'M' 'M'
 'M' 'M' 'M' 'M' 'U' 'M' 'U' 'M' 'M' 'M' 'M' 'M' 'M' 'M' 'M' 'M' 'M' 'M'
 'M' 'M' 'M' 'U' 'M' 'M' 'M' 'M' 'M' 'M' 'M' 'M' 'M' 'M' 'M' 'M' 'M' 'M']"
33501,2,169,8,161,29,0,0,"['M' 'U' 'M' 'M' 'M' 'M' 'M' 'M' 'U' 'M' 'M' 'U' 'M' 'M' 'M' 'M' 'M' 'M'
 'M' 'M' 'U' 'M' 'M' 'M' 'M' 'U' 'M' 'M' 'M' 'M' 'M' 'M' 'M' 'M' 'M' 'M'
 'U' 'M' 'M' 'M' 'M' 'M' 'U' 'M' 'U' 'M' 'M' 'M' 'U' 'M' 'M' 'M' 'M' 'M'
 'M' 'M' 'M' 'U' 'M' 'U' 'M' 'M' 'M' 'M' 'M' 'M' 'M' 'M' 'M' 'M' 'M' 'M'
 'U' 'U' 'U' 'M' 'M' 'M' 'U' 'M' 'M' 'M' 'M' 'U' 'M' 'M' 'M' 'U' 'M' 'M'
 'U' 'M' 'U' 'U' 'M' 'M' 'M' 'M' 'M' 'M' 'M' 'M' 'M' 'M' 'M' 'M' 'M' 'M'
 'M' 'M' 'M' 'M' 'M' 'M' 'M' 'M' 'U' 'U' 'M' 'M' 'M' 'M' 'M' 'M' 'M' 'M'
 'M' 'M' 'U' 'U' 'A' 'A' 'A' 'A' 'A' 'A' 'A' 'A' 'U' 'M' 'M' 'M' 'M' 'M'
 'M' 'U' 'M' 'M' 'U' 'M' 'M' 'M' 'M' 'M' 'M' 'M' 'M' 'M' 'M' 'M' 'M' 'M'
 'M' 'M' 'M' 'M' 'M' 'M' 'U' 'M' 'M' 'M' 'M' 'M' 'M' 'M' 'M' 'M' 'M' 'M'
 'M' 'M' 'M' 'M' 'M' 'U' 'M' 'M' 'M' 'M' 'M' 'M' 'M' 'M' 'M' 'M' 'M' 'M']"
33601,2,170,9,161,28,0,0,"['M' 'U' 'M' 'M' 'U' 'M' 'M' 'M' 'U' 'M' 'M' 'U' 'M' 'M' 'M' 'M' 'M' 'M'
 'M' 'M' 'U' 'M' 'M' 'M' 'M' 'M' 'M' 'M' 'M' 'M' 'M' 'M' 'M' 'M' 'M' 'M'
 'M' 'M' 'M' 'M' 'M' 'M' 'U' 'M' 'U' 'M' 'M' 'M' 'U' 'M' 'M' 'M' 'M' 'M'
 'M' 'M' 'M' 'M' 'M' 'U' 'M' 'M' 'M' 'M' 'M' 'M' 'U' 'M' 'M' 'M' 'U' 'M'
 'M' 'M' 'M' 'U' 'M' 'U' 'U' 'M' 'M' 'M' 'U' 'M' 'U' 'U' 'M' 'U' 'M' 'M'
 'M' 'M' 'M' 'M' 'M' 'M' 'M' 'M' 'M' 'M' 'M' 'M' 'M' 'M' 'M' 'M' 'M' 'M'
 'U' 'M' 'M' 'M' 'M' 'M' 'M' 'M' 'U' 'U' 'M' 'M' 'M' 'M' 'M' 'M' 'M' 'M'
 'M' 'M' 'U' 'A' 'A' 'A' 'A' 'A' 'A' 'A' 'A' 'A' 'U' 'M' 'M' 'M' 'M' 'M'
 'M' 'U' 'M' 'M' 'U' 'M' 'U' 'M' 'M' 'M' 'M' 'M' 'M' 'M' 'M' 'M' 'M' 'M'
 'M' 'M' 'M' 'M' 'M' 'M' 'U' 'M' 'M' 'M' 'M' 'M' 'M' 'M' 'M' 'M' 'M' 'M'
 'M' 'M' 'M' 'M' 'M' 'U' 'M' 'M' 'M' 'M' 'M' 'M' 'M' 'M' 'M' 'M' 'M' 'M']"
33701,2,167,6,161,31,0,0,"['M' 'M' 'M' 'M' 'M' 'M' 'M' 'M' 'M' 'M' 'M' 'U' 'M' 'M' 'M' 'M' 'M' 'M'
 'M' 'M' 'M' 'M' 'U' 'M' 'M' 'M' 'M' 'M' 'M' 'M' 'M' 'M' 'M' 'M' 'M' 'M'
 'M' 'M' 'M' 'M' 'M' 'M' 'U' 'M' 'U' 'M' 'M' 'M' 'M' 'M' 'M' 'M' 'M' 'M'
 'M' 'M' 'M' 'M' 'M' 'U' 'U' 'M' 'M' 'M' 'M' 'M' 'M' 'U' 'M' 'U' 'M' 'M'
 'M' 'M' 'M' 'U' 'M' 'U' 'U' 'M' 'U' 'M' 'M' 'M' 'M' 'M' 'M' 'U' 'M' 'M'
 'M' 'M' 'M' 'U' 'U' 'M' 'M' 'M' 'M' 'U' 'M' 'M' 'M' 'M' 'M' 'M' 'M' 'M'
 'U' 'M' 'U' 'M' 'M' 'M' 'M' 'M' 'U' 'U' 'M' 'M' 'M' 'M' 'M' 'M' 'M' 'M'
 'M' 'M' 'U' 'A' 'A' 'U' 'A' 'U' 'A' 'U' 'A' 'A' 'U' 'M' 'U' 'M' 'M' 'M'
 'M' 'M' 'M' 'M' 'U' 'M' 'U' 'M' 'M' 'M' 'M' 'M' 'U' 'M' 'M' 'M' 'M' 'M'
 'M' 'M' 'M' 'M' 'M' 'M' 'U' 'M' 'M' 'M' 'M' 'M' 'M' 'M' 'M' 'M' 'M' 'M'
 'M' 'M' 'M' 'M' 'M' 'U' 'M' 'M' 'M' 'M' 'M' 'M' 'M' 'M' 'M' 'M' 'M' 'M']"
33801,2,168,6,162,30,0,0,"['M' 'M' 'M' 'M' 'M' 'M' 'M' 'M' 'M' 'U' 'M' 'U' 'M' 'M' 'M' 'M' 'M' 'M'
 'M' 'M' 'M' 'M' 'U' 'M' 'M' 'M' 'M' 'M' 'M' 'M' 'U' 'M' 'U' 'M' 'M' 'M'
 'M' 'M' 'M' 'M' 'M' 'M' 'U' 'M' 'U' 'M' 'M' 'M' 'M' 'M' 'M' 'M' 'M' 'M'
 'M' 'M' 'M' 'M' 'U' 'A' 'U' 'M' 'M' 'M' 'M' 'U' 'M' 'M' 'M' 'M' 'M' 'U'
 'M' 'U' 'U' 'M' 'M' 'M' 'M' 'M' 'U' 'M' 'M' 'M' 'U' 'M' 'M' 'M' 'M' 'M'
 'U' 'M' 'U' 'M' 'U' 'M' 'M' 'M' 'M' 'M' 'U' 'M' 'M' 'M' 'M' 'M' 'M' 'M'
 'U' 'M' 'M' 'M' 'M' 'M' 'M' 'M' 'U' 'U' 'M' 'M' 'M' 'M' 'M' 'M' 'M' 'M'
 'M' 'M' 'U' 'A' 'A' 'M' 'A' 'M' 'A' 'U' 'A' 'U' 'M' 'M' 'U' 'M' 'M' 'M'
 'M' 'M' 'M' 'M' 'M' 'M' 'U' 'M' 'M' 'M' 'M' 'M' 'M' 'M' 'M' 'M' 'M' 'M'
 'M' 'M' 'M' 'M' 'M' 'M' 'U' 'M' 'M' 'M' 'M' 'M' 'M' 'M' 'M' 'M' 'M' 'M'
 'M' 'M' 'M' 'M' 'M' 'U' 'M' 'M' 'M' 'M' 'M' 'M' 'M' 'M' 'M' 'U' 'M' 'M']"
33901,3,175,5,170,23,0,1,"['M' 'M' 'M' 'M' 'M' 'M' 'M' 'M' 'M' 'M' 'M' 'U' 'M' 'M' 'M' 'M' 'M' 'M'
 'M' 'M' 'M' 'M' 'M' 'M' 'M' 'M' 'M' 'M' 'M' 'M' 'U' 'M' 'U' 'M' 'M' 'M'
 'M' 'M' 'M' 'U' 'M' 'M' 'M' 'M' 'U' 'M' 'M' 'M' 'M' 'M' 'M' 'M' 'M' 'M'
 'M' 'M' 'M' 'M' 'M' 'A' 'U' 'M' 'M' 'M' 'M' 'M' 'M' 'U' 'M' 'M' 'M' 'M'
 'M' 'U' 'U' 'M' 'M' 'M' 'M' 'U' 'U' 'M' 'M' 'M' 'U' 'M' 'U' 'U' 'U' 'M'
 'M' 'M' 'M' 'M' 'M' 'M' 'M' 'M' 'M' 'M' 'U' 'M' 'M' 'M' 'M' 'M' 'M' 'M'
 'U' 'M' 'M' 'M' 'M' 'M' 'M' 'M' 'U' 'M' 'M' 'M' 'M' 'M' 'M' 'M' 'M' 'M'
 'M' 'M' 'M' 'A' 'A' 'U' 'U' 'M' 'A' 'M' 'A' 'M' 'M' 'M' 'U' 'M' 'M' 'M'
 'M' 'M' 'M' 'M' 'M' 'M' 'M' 'M' 'M' 'M' 'M' 'M' 'M' 'M' 'M' 'M' 'M' 'M'
 'M' 'M' 'M' 'M' 'M' 'M' 'U' 'M' 'M' 'M' 'M' 'M' 'M' 'M' 'M' 'M' 'M' 'M'
 'M' 'M' 'U' 'M' 'M' 'M' 'M' 'M' 'M' 'M' 'M' 'M' 'M' 'M' 'M' 'M' 'M' 'M']"
34001,2,175,5,170,23,0,0,"['M' 'M' 'M' 'M' 'M' 'U' 'M' 'M' 'M' 'M' 'M' 'U' 'M' 'M' 'M' 'M' 'M' 'M'
 'M' 'M' 'M' 'M' 'M' 'M' 'M' 'M' 'M' 'M' 'M' 'M' 'M' 'M' 'M' 'M' 'M' 'M'
 'M' 'M' 'M' 'U' 'M' 'M' 'M' 'M' 'U' 'M' 'M' 'M' 'M' 'M' 'M' 'M' 'M' 'M'
 'M' 'M' 'M' 'M' 'M' 'A' 'U' 'M' 'M' 'M' 'M' 'M' 'M' 'M' 'M' 'M' 'M' 'M'
 'M' 'M' 'U' 'U' 'U' 'M' 'U' 'U' 'M' 'U' 'U' 'M' 'M' 'M' 'M' 'M' 'M' 'M'
 'M' 'U' 'U' 'M' 'M' 'M' 'M' 'M' 'M' 'M' 'M' 'M' 'M' 'M' 'M' 'M' 'U' 'M'
 'M' 'M' 'M' 'M' 'M' 'M' 'M' 'M' 'U' 'M' 'M' 'M' 'M' 'M' 'M' 'M' 'M' 'M'
 'M' 'M' 'M' 'A' 'A' 'U' 'U' 'U' 'A' 'A' 'U' 'U' 'U' 'M' 'M' 'M' 'M' 'M'
 'M' 'M' 'M' 'M' 'M' 'M' 'M' 'M' 'M' 'M' 'M' 'M' 'M' 'M' 'M' 'M' 'M' 'M'
 'M' 'M' 'M' 'M' 'M' 'M' 'U' 'M' 'M' 'M' 'M' 'M' 'M' 'M' 'M' 'M' 'M' 'M'
 'M' 'M' 'M' 'M' 'M' 'M' 'M' 'M' 'M' 'M' 'M' 'M' 'M' 'M' 'M' 'M' 'M' 'M']"
34101,2,173,4,169,25,0,0,"['M' 'M' 'M' 'M' 'M' 'U' 'M' 'M' 'M' 'M' 'M' 'U' 'M' 'M' 'M' 'M' 'M' 'M'
 'M' 'M' 'M' 'M' 'M' 'M' 'M' 'M' 'M' 'M' 'M' 'M' 'M' 'M' 'M' 'M' 'M' 'M'
 'M' 'M' 'M' 'U' 'M' 'M' 'M' 'M' 'U' 'M' 'M' 'M' 'M' 'M' 'M' 'M' 'M' 'M'
 'M' 'M' 'M' 'M' 'M' 'U' 'U' 'M' 'M' 'U' 'M' 'M' 'M' 'M' 'M' 'M' 'U' 'M'
 'M' 'U' 'M' 'M' 'M' 'M' 'U' 'M' 'U' 'U' 'U' 'M' 'M' 'U' 'M' 'M' 'M' 'U'
 'M' 'M' 'M' 'M' 'U' 'M' 'M' 'M' 'M' 'M' 'M' 'M' 'M' 'U' 'M' 'M' 'M' 'M'
 'M' 'M' 'M' 'M' 'M' 'M' 'M' 'U' 'U' 'M' 'M' 'M' 'M' 'M' 'M' 'M' 'M' 'A'
 'M' 'M' 'M' 'U' 'A' 'U' 'U' 'U' 'A' 'A' 'M' 'U' 'U' 'M' 'M' 'M' 'M' 'M'
 'M' 'M' 'M' 'M' 'M' 'M' 'M' 'M' 'M' 'M' 'M' 'M' 'M' 'M' 'M' 'M' 'M' 'M'
 'M' 'M' 'M' 'M' 'M' 'M' 'M' 'M' 'M' 'M' 'M' 'M' 'M' 'M' 'M' 'M' 'M' 'M'
 'M' 'M' 'M' 'M' 'M' 'M' 'M' 'M' 'M' 'M' 'M' 'M' 'M' 'M' 'M' 'M' 'M' 'M']"
34201,3,175,6,169,23,0,0,"['M' 'M' 'M' 'M' 'M' 'U' 'M' 'M' 'M' 'M' 'M' 'U' 'M' 'M' 'M' 'M' 'M' 'M'
 'M' 'M' 'M' 'M' 'M' 'M' 'M' 'M' 'M' 'M' 'M' 'M' 'M' 'M' 'M' 'M' 'M' 'M'
 'M' 'M' 'M' 'U' 'M' 'M' 'M' 'M' 'U' 'M' 'M' 'M' 'M' 'M' 'M' 'M' 'M' 'M'
 'M' 'M' 'M' 'M' 'M' 'U' 'U' 'M' 'M' 'U' 'M' 'U' 'U' 'M' 'M' 'M' 'M' 'M'
 'M' 'U' 'M' 'U' 'U' 'M' 'M' 'U' 'U' 'M' 'M' 'M' 'U' 'M' 'M' 'M' 'M' 'U'
 'M' 'M' 'M' 'M' 'M' 'M' 'M' 'M' 'M' 'M' 'M' 'M' 'M' 'M' 'M' 'M' 'M' 'U'
 'M' 'M' 'M' 'M' 'M' 'M' 'M' 'U' 'M' 'M' 'M' 'M' 'M' 'M' 'M' 'M' 'M' 'A'
 'M' 'U' 'M' 'U' 'A' 'U' 'A' 'A' 'A' 'A' 'M' 'M' 'U' 'M' 'M' 'M' 'M' 'M'
 'M' 'M' 'M' 'M' 'M' 'M' 'M' 'M' 'M' 'M' 'M' 'M' 'M' 'M' 'M' 'M' 'U' 'M'
 'M' 'M' 'M' 'M' 'M' 'M' 'M' 'M' 'M' 'M' 'M' 'M' 'M' 'M' 'M' 'M' 'M' 'M'
 'M' 'M' 'M' 'M' 'M' 'M' 'M' 'M' 'M' 'M' 'M' 'M' 'M' 'M' 'M' 'M' 'M' 'M']"
34301,2,171,4,167,27,0,0,"['M' 'M' 'M' 'M' 'M' 'U' 'U' 'M' 'M' 'M' 'M' 'U' 'M' 'M' 'M' 'M' 'M' 'U'
 'M' 'M' 'M' 'M' 'M' 'M' 'M' 'M' 'M' 'M' 'M' 'M' 'M' 'M' 'M' 'M' 'M' 'M'
 'M' 'M' 'M' 'U' 'M' 'M' 'M' 'M' 'U' 'M' 'M' 'M' 'M' 'M' 'M' 'M' 'M' 'M'
 'M' 'M' 'M' 'M' 'M' 'U' 'A' 'M' 'M' 'U' 'M' 'M' 'M' 'M' 'M' 'U' 'M' 'M'
 'U' 'M' 'M' 'M' 'U' 'M' 'U' 'M' 'U' 'M' 'M' 'U' 'U' 'M' 'M' 'M' 'U' 'M'
 'U' 'M' 'M' 'M' 'M' 'M' 'M' 'M' 'M' 'M' 'M' 'M' 'M' 'M' 'M' 'M' 'M' 'M'
 'M' 'M' 'M' 'M' 'M' 'M' 'M' 'U' 'M' 'M' 'M' 'M' 'M' 'M' 'M' 'M' 'M' 'A'
 'M' 'U' 'M' 'U' 'A' 'M' 'U' 'M' 'U' 'U' 'A' 'U' 'U' 'M' 'M' 'M' 'M' 'M'
 'M' 'M' 'M' 'M' 'M' 'M' 'M' 'M' 'M' 'M' 'M' 'M' 'M' 'M' 'M' 'M' 'U' 'M'
 'M' 'M' 'M' 'M' 'M' 'M' 'M' 'M' 'M' 'M' 'M' 'M' 'M' 'M' 'M' 'M' 'M' 'M'
 'M' 'M' 'M' 'M' 'M' 'M' 'M' 'M' 'M' 'M' 'M' 'M' 'M' 'U' 'M' 'M' 'M' 'M']"
34401,2,172,4,168,26,0,0,"['M' 'M' 'M' 'M' 'M' 'U' 'U' 'M' 'M' 'M' 'M' 'M' 'M' 'M' 'M' 'M' 'U' 'M'
 'M' 'M' 'M' 'M' 'M' 'M' 'M' 'M' 'M' 'M' 'M' 'M' 'M' 'M' 'M' 'M' 'M' 'M'
 'M' 'M' 'M' 'U' 'M' 'M' 'M' 'M' 'U' 'M' 'M' 'M' 'M' 'M' 'M' 'M' 'M' 'M'
 'M' 'M' 'M' 'M' 'M' 'U' 'A' 'M' 'M' 'M' 'M' 'M' 'M' 'M' 'M' 'M' 'M' 'M'
 'M' 'M' 'M' 'M' 'M' 'M' 'U' 'U' 'M' 'M' 'U' 'M' 'M' 'U' 'U' 'M' 'M' 'U'
 'U' 'U' 'M' 'M' 'U' 'M' 'M' 'M' 'M' 'M' 'M' 'M' 'M' 'M' 'M' 'M' 'M' 'M'
 'M' 'M' 'M' 'M' 'M' 'M' 'M' 'U' 'M' 'M' 'M' 'M' 'M' 'M' 'M' 'M' 'M' 'A'
 'M' 'U' 'M' 'U' 'A' 'M' 'M' 'M' 'M' 'U' 'A' 'U' 'U' 'M' 'U' 'M' 'M' 'M'
 'M' 'M' 'M' 'M' 'M' 'M' 'M' 'M' 'M' 'M' 'M' 'M' 'M' 'M' 'M' 'M' 'U' 'M'
 'M' 'M' 'M' 'M' 'M' 'M' 'M' 'U' 'U' 'M' 'M' 'M' 'M' 'M' 'U' 'M' 'M' 'M'
 'M' 'M' 'M' 'M' 'M' 'M' 'M' 'M' 'M' 'M' 'M' 'M' 'M' 'M' 'M' 'M' 'M' 'M']"
34501,2,174,3,171,24,0,0,"['M' 'M' 'U' 'M' 'M' 'U' 'U' 'M' 'M' 'M' 'M' 'M' 'M' 'M' 'M' 'M' 'M' 'M'
 'U' 'M' 'M' 'M' 'M' 'M' 'M' 'M' 'M' 'M' 'M' 'M' 'M' 'M' 'M' 'M' 'M' 'M'
 'M' 'M' 'M' 'U' 'M' 'M' 'M' 'M' 'U' 'M' 'M' 'M' 'M' 'M' 'M' 'M' 'M' 'M'
 'M' 'M' 'M' 'M' 'M' 'U' 'U' 'M' 'M' 'M' 'M' 'M' 'U' 'U' 'U' 'M' 'M' 'M'
 'U' 'U' 'M' 'U' 'M' 'U' 'M' 'M' 'M' 'U' 'M' 'M' 'M' 'M' 'M' 'M' 'M' 'U'
 'M' 'M' 'M' 'M' 'M' 'M' 'M' 'M' 'M' 'U' 'M' 'M' 'M' 'M' 'M' 'M' 'M' 'M'
 'U' 'M' 'M' 'M' 'M' 'M' 'M' 'M' 'M' 'M' 'M' 'M' 'M' 'M' 'M' 'M' 'M' 'A'
 'M' 'M' 'M' 'U' 'A' 'M' 'M' 'M' 'M' 'M' 'A' 'M' 'M' 'M' 'U' 'M' 'M' 'M'
 'M' 'M' 'U' 'M' 'M' 'M' 'M' 'M' 'M' 'M' 'M' 'M' 'M' 'M' 'M' 'M' 'U' 'M'
 'M' 'M' 'M' 'M' 'M' 'M' 'M' 'U' 'M' 'M' 'M' 'M' 'M' 'M' 'M' 'M' 'M' 'M'
 'M' 'M' 'M' 'M' 'M' 'M' 'M' 'M' 'M' 'M' 'M' 'M' 'M' 'M' 'M' 'M' 'M' 'M']"
34601,2,178,3,175,20,0,0,"['M' 'M' 'U' 'M' 'M' 'U' 'U' 'M' 'M' 'M' 'M' 'M' 'M' 'M' 'M' 'M' 'M' 'M'
 'U' 'M' 'M' 'M' 'M' 'M' 'M' 'M' 'M' 'M' 'M' 'M' 'M' 'M' 'M' 'M' 'M' 'M'
 'M' 'M' 'M' 'M' 'M' 'M' 'M' 'M' 'U' 'M' 'M' 'M' 'M' 'M' 'M' 'M' 'M' 'M'
 'M' 'M' 'M' 'M' 'M' 'M' 'M' 'M' 'M' 'M' 'M' 'M' 'M' 'U' 'U' 'M' 'M' 'U'
 'M' 'M' 'M' 'U' 'M' 'U' 'M' 'M' 'M' 'M' 'M' 'U' 'M' 'M' 'M' 'U' 'M' 'M'
 'M' 'M' 'U' 'U' 'M' 'M' 'M' 'M' 'M' 'U' 'M' 'M' 'M' 'M' 'M' 'M' 'M' 'U'
 'U' 'M' 'M' 'M' 'M' 'M' 'M' 'M' 'M' 'M' 'M' 'M' 'M' 'M' 'M' 'M' 'M' 'A'
 'M' 'M' 'M' 'U' 'A' 'M' 'M' 'M' 'M' 'M' 'A' 'M' 'M' 'M' 'U' 'M' 'M' 'M'
 'M' 'M' 'M' 'M' 'M' 'M' 'M' 'M' 'M' 'M' 'M' 'M' 'M' 'M' 'M' 'M' 'M' 'M'
 'M' 'M' 'M' 'M' 'M' 'M' 'M' 'U' 'M' 'M' 'M' 'M' 'M' 'M' 'M' 'M' 'M' 'M'
 'M' 'M' 'M' 'M' 'M' 'M' 'M' 'M' 'M' 'M' 'M' 'M' 'M' 'M' 'M' 'M' 'M' 'M']"
34701,2,181,9,172,17,0,0,"['M' 'M' 'U' 'M' 'M' 'U' 'M' 'M' 'M' 'M' 'M' 'M' 'M' 'M' 'M' 'M' 'M' 'M'
 'M' 'M' 'M' 'M' 'M' 'M' 'M' 'M' 'M' 'M' 'M' 'M' 'M' 'M' 'M' 'M' 'U' 'M'
 'M' 'M' 'M' 'M' 'M' 'M' 'M' 'M' 'U' 'M' 'M' 'M' 'M' 'M' 'M' 'M' 'M' 'M'
 'M' 'M' 'M' 'M' 'M' 'M' 'M' 'M' 'M' 'M' 'M' 'U' 'U' 'M' 'M' 'M' 'M' 'M'
 'M' 'M' 'M' 'U' 'M' 'U' 'M' 'U' 'M' 'M' 'M' 'M' 'U' 'M' 'M' 'M' 'U' 'M'
 'U' 'M' 'U' 'M' 'M' 'M' 'M' 'M' 'M' 'M' 'M' 'M' 'M' 'M' 'M' 'M' 'M' 'M'
 'M' 'M' 'M' 'M' 'M' 'M' 'M' 'M' 'M' 'M' 'U' 'M' 'M' 'M' 'M' 'M' 'M' 'A'
 'M' 'M' 'M' 'U' 'A' 'M' 'A' 'A' 'A' 'A' 'A' 'A' 'A' 'M' 'U' 'M' 'M' 'M'
 'M' 'M' 'M' 'M' 'M' 'M' 'M' 'M' 'M' 'M' 'M' 'U' 'M' 'M' 'M' 'M' 'M' 'M'
 'M' 'M' 'M' 'M' 'M' 'M' 'M' 'M' 'M' 'M' 'M' 'M' 'M' 'M' 'M' 'M' 'M' 'M'
 'M' 'M' 'M' 'M' 'M' 'M' 'M' 'M' 'M' 'M' 'M' 'M' 'M' 'M' 'M' 'M' 'M' 'M']"
34801,2,176,8,168,22,0,0,"['M' 'M' 'U' 'M' 'M' 'U' 'M' 'M' 'M' 'M' 'M' 'M' 'M' 'M' 'M' 'M' 'M' 'M'
 'U' 'M' 'M' 'M' 'M' 'M' 'M' 'M' 'M' 'M' 'M' 'M' 'M' 'M' 'M' 'M' 'U' 'M'
 'M' 'M' 'M' 'M' 'M' 'M' 'M' 'M' 'U' 'M' 'M' 'M' 'M' 'M' 'M' 'M' 'M' 'M'
 'M' 'M' 'M' 'M' 'M' 'M' 'M' 'M' 'M' 'M' 'M' 'M' 'M' 'U' 'M' 'M' 'U' 'M'
 'M' 'M' 'U' 'M' 'M' 'M' 'M' 'M' 'M' 'U' 'M' 'U' 'M' 'M' 'U' 'U' 'U' 'M'
 'M' 'M' 'M' 'M' 'U' 'M' 'M' 'M' 'M' 'M' 'M' 'M' 'M' 'M' 'M' 'M' 'M' 'M'
 'M' 'U' 'M' 'M' 'M' 'M' 'M' 'M' 'M' 'M' 'M' 'M' 'M' 'M' 'M' 'M' 'M' 'A'
 'M' 'M' 'M' 'U' 'A' 'U' 'A' 'A' 'A' 'A' 'M' 'A' 'A' 'U' 'M' 'M' 'M' 'M'
 'U' 'M' 'M' 'M' 'M' 'M' 'M' 'M' 'M' 'M' 'M' 'U' 'M' 'M' 'M' 'M' 'M' 'M'
 'M' 'M' 'M' 'U' 'M' 'M' 'M' 'M' 'M' 'U' 'M' 'M' 'M' 'M' 'M' 'M' 'M' 'M'
 'M' 'M' 'M' 'M' 'M' 'M' 'M' 'M' 'M' 'M' 'M' 'M' 'M' 'M' 'M' 'M' 'M' 'M']"
34901,3,174,10,164,24,0,0,"['M' 'M' 'U' 'M' 'M' 'U' 'M' 'M' 'M' 'M' 'M' 'M' 'M' 'M' 'M' 'M' 'M' 'U'
 'U' 'U' 'M' 'M' 'M' 'M' 'M' 'M' 'M' 'M' 'M' 'M' 'M' 'M' 'M' 'M' 'A' 'M'
 'M' 'M' 'M' 'U' 'M' 'M' 'M' 'M' 'U' 'M' 'M' 'M' 'M' 'M' 'M' 'M' 'M' 'M'
 'M' 'U' 'M' 'M' 'M' 'M' 'M' 'M' 'M' 'M' 'M' 'M' 'U' 'M' 'U' 'U' 'M' 'U'
 'U' 'M' 'M' 'U' 'M' 'M' 'M' 'M' 'M' 'M' 'M' 'U' 'M' 'M' 'U' 'M' 'M' 'M'
 'M' 'U' 'M' 'M' 'M' 'M' 'M' 'M' 'M' 'M' 'M' 'U' 'M' 'M' 'M' 'M' 'M' 'M'
 'M' 'U' 'M' 'M' 'M' 'M' 'M' 'M' 'M' 'M' 'M' 'M' 'M' 'M' 'M' 'M' 'M' 'U'
 'M' 'M' 'M' 'M' 'A' 'A' 'A' 'A' 'A' 'A' 'A' 'A' 'A' 'M' 'M' 'M' 'M' 'M'
 'U' 'M' 'M' 'M' 'M' 'M' 'M' 'M' 'M' 'M' 'M' 'M' 'M' 'M' 'M' 'M' 'M' 'M'
 'M' 'M' 'M' 'M' 'M' 'M' 'M' 'U' 'M' 'U' 'M' 'M' 'M' 'M' 'M' 'M' 'M' 'M'
 'M' 'M' 'M' 'M' 'M' 'M' 'M' 'M' 'M' 'M' 'M' 'M' 'M' 'M' 'M' 'M' 'M' 'U']"
35001,2,170,8,162,28,0,1,"['M' 'M' 'U' 'M' 'M' 'U' 'M' 'M' 'M' 'M' 'M' 'M' 'M' 'M' 'M' 'M' 'M' 'U'
 'U' 'U' 'M' 'M' 'M' 'M' 'M' 'U' 'U' 'M' 'M' 'M' 'M' 'M' 'U' 'M' 'A' 'M'
 'M' 'M' 'M' 'A' 'M' 'M' 'M' 'M' 'M' 'M' 'M' 'M' 'M' 'M' 'M' 'M' 'M' 'M'
 'U' 'M' 'M' 'M' 'M' 'M' 'M' 'M' 'M' 'U' 'M' 'M' 'M' 'M' 'M' 'M' 'M' 'M'
 'M' 'M' 'U' 'U' 'M' 'M' 'M' 'M' 'U' 'M' 'U' 'U' 'M' 'M' 'U' 'M' 'M' 'U'
 'M' 'U' 'M' 'M' 'U' 'M' 'M' 'M' 'M' 'M' 'M' 'U' 'M' 'M' 'M' 'M' 'M' 'M'
 'M' 'U' 'M' 'M' 'M' 'M' 'M' 'M' 'M' 'M' 'M' 'M' 'M' 'M' 'M' 'M' 'M' 'U'
 'M' 'M' 'U' 'M' 'A' 'A' 'A' 'M' 'U' 'A' 'A' 'U' 'A' 'M' 'M' 'M' 'M' 'M'
 'U' 'M' 'M' 'M' 'M' 'M' 'M' 'M' 'M' 'M' 'M' 'M' 'M' 'M' 'M' 'M' 'M' 'M'
 'M' 'M' 'M' 'M' 'M' 'M' 'M' 'U' 'M' 'M' 'M' 'M' 'M' 'U' 'M' 'M' 'M' 'M'
 'M' 'M' 'M' 'M' 'M' 'M' 'M' 'M' 'M' 'M' 'M' 'M' 'M' 'M' 'M' 'M' 'M' 'M']"
35101,2,168,4,164,30,0,1,"['M' 'M' 'U' 'U' 'M' 'U' 'M' 'M' 'M' 'M' 'M' 'M' 'M' 'M' 'M' 'M' 'M' 'U'
 'U' 'U' 'M' 'M' 'M' 'M' 'M' 'U' 'U' 'M' 'M' 'M' 'M' 'M' 'U' 'M' 'A' 'M'
 'M' 'M' 'M' 'U' 'M' 'M' 'M' 'M' 'M' 'M' 'M' 'M' 'M' 'M' 'M' 'M' 'M' 'M'
 'M' 'M' 'M' 'M' 'M' 'M' 'M' 'M' 'M' 'U' 'U' 'M' 'U' 'M' 'M' 'M' 'M' 'M'
 'U' 'M' 'M' 'M' 'U' 'U' 'U' 'U' 'M' 'M' 'M' 'M' 'U' 'M' 'M' 'U' 'M' 'M'
 'U' 'M' 'M' 'M' 'M' 'M' 'M' 'M' 'M' 'M' 'M' 'U' 'M' 'M' 'M' 'M' 'M' 'M'
 'M' 'U' 'M' 'M' 'U' 'M' 'M' 'M' 'M' 'M' 'M' 'M' 'M' 'M' 'M' 'M' 'M' 'M'
 'M' 'M' 'U' 'M' 'A' 'A' 'U' 'M' 'M' 'U' 'A' 'M' 'U' 'M' 'M' 'M' 'M' 'M'
 'M' 'M' 'M' 'M' 'M' 'M' 'M' 'M' 'M' 'M' 'M' 'M' 'M' 'M' 'M' 'M' 'M' 'M'
 'M' 'M' 'M' 'M' 'M' 'M' 'M' 'U' 'M' 'M' 'M' 'M' 'M' 'U' 'M' 'M' 'M' 'M'
 'M' 'M' 'M' 'M' 'M' 'M' 'M' 'M' 'M' 'M' 'M' 'M' 'M' 'M' 'M' 'M' 'M' 'M']"
35201,2,174,8,166,24,0,1,"['M' 'M' 'A' 'M' 'M' 'M' 'M' 'M' 'M' 'M' 'M' 'M' 'M' 'M' 'M' 'M' 'M' 'U'
 'U' 'U' 'M' 'M' 'M' 'M' 'M' 'U' 'M' 'M' 'M' 'M' 'M' 'M' 'U' 'U' 'A' 'M'
 'M' 'M' 'M' 'M' 'M' 'M' 'M' 'M' 'M' 'M' 'M' 'M' 'M' 'M' 'M' 'M' 'M' 'M'
 'M' 'M' 'M' 'M' 'M' 'M' 'M' 'M' 'M' 'U' 'M' 'M' 'M' 'M' 'M' 'U' 'M' 'M'
 'M' 'U' 'M' 'M' 'U' 'M' 'M' 'M' 'M' 'M' 'U' 'M' 'M' 'M' 'U' 'U' 'U' 'M'
 'U' 'M' 'M' 'M' 'U' 'M' 'M' 'M' 'M' 'M' 'M' 'M' 'U' 'M' 'M' 'M' 'M' 'M'
 'M' 'M' 'M' 'M' 'U' 'M' 'M' 'M' 'M' 'U' 'M' 'M' 'M' 'M' 'M' 'M' 'M' 'M'
 'M' 'M' 'U' 'M' 'A' 'A' 'U' 'A' 'A' 'U' 'U' 'A' 'A' 'M' 'M' 'M' 'M' 'M'
 'M' 'M' 'M' 'M' 'M' 'M' 'M' 'M' 'M' 'M' 'M' 'M' 'M' 'M' 'M' 'M' 'M' 'M'
 'M' 'M' 'M' 'M' 'M' 'M' 'M' 'M' 'M' 'M' 'M' 'M' 'M' 'U' 'M' 'M' 'M' 'M'
 'M' 'M' 'M' 'M' 'M' 'M' 'M' 'M' 'M' 'M' 'M' 'M' 'M' 'M' 'M' 'M' 'M' 'M']"
35301,2,170,7,163,28,1,0,"['M' 'M' 'A' 'M' 'M' 'M' 'M' 'M' 'M' 'M' 'M' 'M' 'M' 'M' 'M' 'M' 'M' 'U'
 'U' 'U' 'M' 'M' 'U' 'M' 'M' 'U' 'M' 'M' 'M' 'M' 'M' 'M' 'U' 'U' 'A' 'M'
 'M' 'M' 'U' 'M' 'M' 'M' 'M' 'M' 'M' 'M' 'M' 'M' 'U' 'M' 'M' 'M' 'M' 'M'
 'M' 'M' 'M' 'M' 'U' 'M' 'M' 'M' 'M' 'U' 'U' 'M' 'M' 'U' 'U' 'M' 'M' 'M'
 'M' 'U' 'M' 'U' 'M' 'M' 'M' 'M' 'U' 'U' 'M' 'U' 'M' 'M' 'M' 'M' 'M' 'U'
 'M' 'M' 'M' 'U' 'M' 'M' 'M' 'M' 'M' 'M' 'M' 'M' 'U' 'M' 'U' 'M' 'M' 'M'
 'M' 'M' 'M' 'M' 'U' 'M' 'M' 'M' 'U' 'U' 'M' 'M' 'M' 'M' 'M' 'M' 'M' 'M'
 'M' 'M' 'M' 'M' 'A' 'M' 'M' 'A' 'A' 'M' 'M' 'A' 'A' 'M' 'M' 'U' 'M' 'M'
 'M' 'M' 'M' 'M' 'M' 'M' 'M' 'M' 'M' 'M' 'M' 'M' 'M' 'M' 'M' 'M' 'M' 'M'
 'M' 'M' 'M' 'M' 'M' 'M' 'M' 'M' 'M' 'M' 'M' 'M' 'M' 'U' 'M' 'M' 'M' 'M'
 'M' 'M' 'M' 'M' 'M' 'M' 'M' 'M' 'M' 'M' 'M' 'M' 'M' 'M' 'M' 'M' 'M' 'M']"
35401,2,171,5,166,27,0,0,"['M' 'M' 'A' 'M' 'M' 'M' 'M' 'M' 'M' 'M' 'M' 'M' 'M' 'M' 'M' 'M' 'M' 'U'
 'M' 'U' 'M' 'M' 'M' 'M' 'M' 'U' 'M' 'M' 'M' 'M' 'M' 'U' 'M' 'U' 'A' 'M'
 'M' 'M' 'M' 'U' 'M' 'M' 'M' 'M' 'M' 'M' 'M' 'M' 'M' 'M' 'M' 'M' 'M' 'M'
 'M' 'M' 'M' 'M' 'M' 'M' 'M' 'M' 'M' 'U' 'M' 'M' 'M' 'M' 'M' 'M' 'U' 'M'
 'M' 'U' 'U' 'M' 'M' 'M' 'U' 'U' 'M' 'M' 'M' 'M' 'M' 'M' 'U' 'M' 'M' 'M'
 'M' 'U' 'M' 'U' 'U' 'M' 'M' 'M' 'M' 'M' 'M' 'M' 'U' 'M' 'U' 'M' 'M' 'M'
 'M' 'M' 'M' 'M' 'U' 'M' 'M' 'M' 'U' 'U' 'M' 'M' 'M' 'M' 'M' 'M' 'M' 'M'
 'M' 'M' 'M' 'M' 'A' 'M' 'M' 'A' 'U' 'M' 'M' 'A' 'U' 'M' 'M' 'U' 'M' 'M'
 'M' 'U' 'M' 'M' 'M' 'M' 'M' 'M' 'M' 'M' 'M' 'M' 'M' 'M' 'M' 'M' 'M' 'M'
 'M' 'M' 'M' 'M' 'M' 'M' 'M' 'M' 'M' 'M' 'M' 'M' 'M' 'U' 'M' 'M' 'M' 'M'
 'M' 'M' 'M' 'M' 'M' 'M' 'M' 'M' 'M' 'M' 'U' 'M' 'M' 'M' 'M' 'M' 'M' 'M']"
35501,2,175,5,170,23,0,0,"['M' 'M' 'A' 'M' 'M' 'M' 'M' 'M' 'M' 'M' 'M' 'M' 'M' 'M' 'M' 'M' 'M' 'M'
 'M' 'M' 'M' 'M' 'M' 'M' 'M' 'U' 'M' 'M' 'M' 'M' 'M' 'U' 'M' 'M' 'A' 'M'
 'M' 'M' 'M' 'U' 'M' 'M' 'M' 'M' 'M' 'M' 'M' 'M' 'M' 'M' 'M' 'M' 'M' 'M'
 'M' 'M' 'M' 'M' 'M' 'M' 'M' 'M' 'M' 'M' 'U' 'M' 'M' 'U' 'M' 'M' 'U' 'M'
 'M' 'M' 'M' 'M' 'M' 'M' 'M' 'M' 'M' 'M' 'M' 'U' 'M' 'U' 'U' 'U' 'U' 'M'
 'M' 'U' 'M' 'U' 'M' 'M' 'M' 'M' 'M' 'U' 'M' 'M' 'M' 'M' 'M' 'M' 'M' 'M'
 'M' 'M' 'M' 'M' 'U' 'M' 'M' 'M' 'U' 'M' 'M' 'M' 'M' 'M' 'M' 'M' 'M' 'M'
 'M' 'M' 'M' 'M' 'A' 'M' 'M' 'A' 'U' 'M' 'U' 'A' 'M' 'M' 'M' 'M' 'M' 'M'
 'M' 'U' 'M' 'M' 'M' 'M' 'M' 'M' 'M' 'M' 'M' 'M' 'M' 'M' 'M' 'M' 'M' 'M'
 'M' 'M' 'M' 'M' 'U' 'M' 'M' 'M' 'M' 'M' 'M' 'M' 'M' 'U' 'M' 'M' 'M' 'M'
 'M' 'M' 'M' 'M' 'M' 'M' 'M' 'M' 'U' 'M' 'U' 'M' 'M' 'M' 'M' 'M' 'M' 'M']"
35601,2,175,5,170,23,0,0,"['M' 'M' 'A' 'M' 'M' 'M' 'M' 'M' 'M' 'U' 'M' 'M' 'M' 'M' 'M' 'M' 'M' 'M'
 'M' 'M' 'M' 'M' 'M' 'M' 'M' 'M' 'M' 'M' 'M' 'M' 'M' 'M' 'M' 'M' 'A' 'U'
 'M' 'M' 'M' 'U' 'M' 'M' 'M' 'M' 'M' 'M' 'M' 'M' 'M' 'M' 'M' 'M' 'M' 'M'
 'M' 'M' 'M' 'M' 'M' 'M' 'M' 'M' 'M' 'M' 'M' 'U' 'U' 'M' 'M' 'M' 'M' 'U'
 'M' 'M' 'M' 'M' 'U' 'M' 'U' 'U' 'U' 'M' 'M' 'M' 'M' 'M' 'M' 'M' 'M' 'U'
 'M' 'M' 'M' 'M' 'U' 'U' 'M' 'M' 'M' 'M' 'M' 'M' 'M' 'M' 'M' 'M' 'M' 'U'
 'M' 'U' 'U' 'M' 'U' 'M' 'M' 'M' 'U' 'M' 'M' 'M' 'M' 'M' 'M' 'M' 'M' 'M'
 'M' 'M' 'M' 'M' 'A' 'M' 'M' 'A' 'U' 'M' 'U' 'A' 'M' 'M' 'M' 'M' 'M' 'M'
 'M' 'U' 'M' 'M' 'M' 'M' 'M' 'M' 'M' 'M' 'M' 'M' 'M' 'M' 'M' 'M' 'M' 'M'
 'M' 'M' 'M' 'M' 'M' 'M' 'M' 'M' 'M' 'M' 'M' 'M' 'M' 'U' 'M' 'M' 'M' 'M'
 'M' 'M' 'M' 'M' 'M' 'M' 'M' 'M' 'U' 'M' 'M' 'M' 'M' 'M' 'M' 'M' 'M' 'M']"
35701,2,178,6,172,20,0,0,"['M' 'M' 'A' 'M' 'M' 'M' 'M' 'M' 'M' 'U' 'M' 'M' 'M' 'M' 'M' 'M' 'M' 'M'
 'M' 'M' 'M' 'M' 'M' 'M' 'M' 'M' 'M' 'M' 'M' 'M' 'M' 'M' 'M' 'M' 'U' 'U'
 'M' 'M' 'M' 'U' 'M' 'M' 'M' 'M' 'M' 'M' 'M' 'M' 'M' 'M' 'M' 'M' 'M' 'M'
 'M' 'M' 'M' 'M' 'M' 'M' 'M' 'M' 'M' 'M' 'M' 'M' 'M' 'M' 'U' 'M' 'U' 'U'
 'M' 'U' 'M' 'M' 'M' 'M' 'U' 'M' 'M' 'M' 'M' 'M' 'U' 'M' 'M' 'U' 'M' 'M'
 'M' 'M' 'U' 'M' 'U' 'U' 'M' 'M' 'M' 'M' 'M' 'M' 'M' 'M' 'M' 'M' 'M' 'M'
 'M' 'M' 'M' 'M' 'M' 'M' 'M' 'M' 'U' 'M' 'M' 'M' 'M' 'M' 'M' 'M' 'M' 'M'
 'M' 'M' 'M' 'M' 'A' 'U' 'U' 'A' 'A' 'A' 'A' 'U' 'U' 'M' 'U' 'M' 'M' 'M'
 'M' 'M' 'M' 'M' 'M' 'M' 'M' 'M' 'M' 'M' 'M' 'M' 'M' 'M' 'M' 'M' 'M' 'M'
 'M' 'M' 'M' 'M' 'M' 'M' 'M' 'M' 'M' 'M' 'M' 'M' 'M' 'M' 'M' 'M' 'M' 'M'
 'M' 'M' 'M' 'M' 'M' 'M' 'M' 'M' 'M' 'M' 'M' 'M' 'M' 'M' 'M' 'M' 'M' 'M']"
35801,2,176,4,172,22,0,0,"['M' 'M' 'U' 'M' 'M' 'M' 'U' 'M' 'M' 'U' 'M' 'M' 'M' 'M' 'M' 'M' 'M' 'M'
 'M' 'M' 'M' 'M' 'M' 'M' 'M' 'U' 'M' 'M' 'M' 'M' 'M' 'M' 'M' 'M' 'U' 'U'
 'M' 'M' 'M' 'U' 'M' 'M' 'M' 'M' 'M' 'M' 'M' 'M' 'M' 'M' 'M' 'M' 'M' 'M'
 'M' 'M' 'M' 'M' 'M' 'M' 'M' 'M' 'M' 'M' 'M' 'M' 'M' 'M' 'U' 'M' 'M' 'M'
 'M' 'M' 'M' 'M' 'U' 'M' 'M' 'U' 'U' 'U' 'M' 'M' 'U' 'M' 'M' 'M' 'M' 'M'
 'U' 'U' 'U' 'M' 'M' 'U' 'M' 'M' 'M' 'M' 'M' 'M' 'M' 'M' 'M' 'M' 'M' 'M'
 'M' 'M' 'M' 'M' 'M' 'M' 'M' 'M' 'M' 'M' 'M' 'M' 'M' 'M' 'M' 'M' 'M' 'M'
 'M' 'M' 'M' 'M' 'A' 'U' 'U' 'M' 'A' 'A' 'A' 'M' 'U' 'M' 'U' 'M' 'M' 'M'
 'M' 'M' 'M' 'M' 'M' 'M' 'M' 'M' 'M' 'M' 'M' 'M' 'M' 'M' 'M' 'M' 'M' 'M'
 'M' 'M' 'M' 'M' 'M' 'M' 'M' 'M' 'M' 'M' 'M' 'M' 'M' 'M' 'M' 'M' 'M' 'M'
 'M' 'M' 'M' 'M' 'M' 'M' 'M' 'M' 'U' 'M' 'M' 'M' 'M' 'M' 'M' 'M' 'M' 'M']"
35901,2,174,1,173,24,0,0,"['M' 'M' 'U' 'M' 'M' 'M' 'U' 'M' 'M' 'U' 'M' 'M' 'M' 'M' 'M' 'M' 'M' 'M'
 'M' 'M' 'M' 'M' 'M' 'M' 'M' 'U' 'M' 'M' 'M' 'M' 'M' 'M' 'M' 'M' 'M' 'M'
 'M' 'M' 'M' 'U' 'U' 'M' 'M' 'M' 'M' 'M' 'M' 'M' 'M' 'M' 'M' 'M' 'M' 'U'
 'M' 'M' 'M' 'M' 'M' 'M' 'M' 'M' 'M' 'M' 'M' 'U' 'M' 'M' 'M' 'M' 'M' 'M'
 'M' 'M' 'M' 'M' 'U' 'M' 'U' 'M' 'M' 'M' 'M' 'M' 'U' 'U' 'U' 'U' 'M' 'M'
 'M' 'U' 'M' 'M' 'U' 'M' 'M' 'M' 'M' 'M' 'M' 'M' 'M' 'M' 'M' 'M' 'M' 'M'
 'M' 'M' 'M' 'M' 'M' 'M' 'M' 'M' 'M' 'M' 'M' 'M' 'M' 'M' 'M' 'M' 'M' 'M'
 'M' 'M' 'M' 'M' 'A' 'U' 'U' 'M' 'U' 'U' 'U' 'M' 'M' 'M' 'U' 'M' 'M' 'M'
 'M' 'M' 'M' 'M' 'M' 'M' 'M' 'M' 'M' 'M' 'M' 'M' 'M' 'M' 'M' 'M' 'M' 'M'
 'M' 'M' 'M' 'M' 'M' 'M' 'M' 'M' 'M' 'M' 'M' 'M' 'M' 'M' 'M' 'M' 'M' 'M'
 'M' 'M' 'M' 'M' 'M' 'M' 'M' 'M' 'U' 'M' 'M' 'M' 'M' 'M' 'M' 'M' 'M' 'U']"
36001,2,178,7,171,20,0,0,"['M' 'M' 'U' 'M' 'M' 'M' 'U' 'M' 'M' 'A' 'M' 'M' 'M' 'M' 'M' 'M' 'M' 'M'
 'M' 'M' 'M' 'M' 'M' 'M' 'M' 'M' 'M' 'M' 'M' 'M' 'M' 'M' 'M' 'M' 'M' 'M'
 'M' 'M' 'M' 'U' 'U' 'M' 'M' 'M' 'M' 'M' 'M' 'M' 'M' 'M' 'M' 'M' 'M' 'U'
 'M' 'M' 'M' 'M' 'M' 'M' 'M' 'M' 'M' 'M' 'M' 'M' 'M' 'M' 'U' 'U' 'M' 'M'
 'M' 'M' 'M' 'M' 'M' 'U' 'U' 'M' 'M' 'M' 'M' 'M' 'U' 'M' 'U' 'M' 'U' 'M'
 'U' 'M' 'M' 'M' 'U' 'M' 'M' 'M' 'M' 'M' 'M' 'M' 'M' 'M' 'M' 'M' 'M' 'M'
 'M' 'M' 'M' 'M' 'M' 'M' 'M' 'M' 'M' 'M' 'M' 'M' 'M' 'M' 'M' 'M' 'M' 'M'
 'M' 'M' 'M' 'M' 'A' 'A' 'A' 'U' 'A' 'A' 'A' 'U' 'M' 'M' 'U' 'M' 'M' 'M'
 'M' 'M' 'M' 'M' 'M' 'M' 'M' 'M' 'M' 'M' 'M' 'M' 'M' 'M' 'M' 'U' 'M' 'M'
 'M' 'M' 'M' 'M' 'M' 'M' 'M' 'M' 'M' 'M' 'M' 'M' 'U' 'M' 'M' 'U' 'M' 'M'
 'M' 'M' 'M' 'M' 'M' 'M' 'M' 'M' 'M' 'M' 'M' 'M' 'M' 'M' 'M' 'M' 'M' 'M']"
36101,3,177,7,170,21,0,0,"['M' 'M' 'U' 'M' 'M' 'M' 'U' 'M' 'M' 'A' 'M' 'M' 'M' 'M' 'M' 'M' 'M' 'M'
 'M' 'M' 'M' 'M' 'U' 'M' 'M' 'M' 'M' 'M' 'M' 'M' 'M' 'M' 'M' 'M' 'M' 'M'
 'M' 'M' 'M' 'U' 'M' 'M' 'M' 'M' 'M' 'M' 'M' 'M' 'M' 'M' 'M' 'M' 'M' 'U'
 'M' 'M' 'M' 'M' 'M' 'M' 'M' 'M' 'M' 'M' 'M' 'M' 'M' 'M' 'M' 'U' 'U' 'U'
 'U' 'M' 'M' 'M' 'U' 'U' 'M' 'M' 'U' 'M' 'M' 'M' 'M' 'M' 'M' 'M' 'M' 'M'
 'U' 'M' 'M' 'M' 'U' 'M' 'M' 'M' 'M' 'M' 'M' 'M' 'M' 'M' 'M' 'M' 'M' 'M'
 'M' 'M' 'M' 'M' 'M' 'M' 'M' 'M' 'M' 'M' 'M' 'M' 'M' 'M' 'M' 'M' 'M' 'M'
 'M' 'M' 'M' 'M' 'A' 'A' 'U' 'A' 'A' 'A' 'A' 'U' 'M' 'M' 'M' 'M' 'M' 'M'
 'M' 'M' 'M' 'M' 'M' 'M' 'M' 'M' 'M' 'M' 'M' 'M' 'M' 'M' 'M' 'U' 'M' 'M'
 'M' 'M' 'M' 'M' 'M' 'M' 'M' 'M' 'M' 'M' 'M' 'M' 'M' 'U' 'M' 'U' 'M' 'M'
 'M' 'M' 'M' 'M' 'M' 'M' 'M' 'M' 'M' 'M' 'M' 'U' 'M' 'M' 'M' 'U' 'M' 'M']"
36201,2,177,8,169,21,0,0,"['M' 'M' 'M' 'M' 'M' 'M' 'M' 'M' 'M' 'A' 'M' 'M' 'M' 'M' 'M' 'M' 'M' 'M'
 'U' 'M' 'M' 'M' 'U' 'M' 'M' 'M' 'M' 'M' 'M' 'M' 'M' 'M' 'M' 'M' 'M' 'M'
 'M' 'M' 'M' 'U' 'M' 'M' 'M' 'M' 'M' 'M' 'M' 'M' 'M' 'M' 'U' 'M' 'M' 'U'
 'M' 'M' 'M' 'M' 'M' 'M' 'M' 'M' 'M' 'M' 'M' 'M' 'M' 'M' 'M' 'U' 'M' 'U'
 'M' 'M' 'M' 'M' 'U' 'M' 'U' 'M' 'U' 'M' 'U' 'M' 'M' 'U' 'M' 'M' 'M' 'M'
 'M' 'U' 'M' 'M' 'U' 'M' 'M' 'M' 'M' 'M' 'M' 'M' 'M' 'M' 'M' 'M' 'M' 'M'
 'M' 'M' 'M' 'M' 'M' 'M' 'M' 'M' 'M' 'M' 'M' 'M' 'M' 'M' 'M' 'M' 'U' 'M'
 'M' 'M' 'M' 'M' 'A' 'U' 'A' 'A' 'A' 'U' 'A' 'A' 'A' 'M' 'M' 'U' 'M' 'M'
 'M' 'M' 'M' 'M' 'M' 'M' 'M' 'M' 'M' 'M' 'M' 'M' 'M' 'M' 'M' 'U' 'M' 'M'
 'M' 'M' 'M' 'M' 'M' 'M' 'M' 'M' 'M' 'M' 'M' 'M' 'M' 'M' 'M' 'U' 'M' 'M'
 'M' 'M' 'M' 'M' 'M' 'M' 'M' 'M' 'M' 'M' 'M' 'M' 'M' 'M' 'M' 'U' 'M' 'M']"
36301,2,177,7,170,21,0,0,"['M' 'M' 'M' 'M' 'M' 'M' 'M' 'M' 'M' 'U' 'M' 'M' 'M' 'M' 'M' 'M' 'M' 'M'
 'M' 'M' 'M' 'M' 'M' 'M' 'M' 'M' 'M' 'M' 'M' 'M' 'M' 'U' 'M' 'M' 'M' 'M'
 'M' 'M' 'M' 'U' 'M' 'M' 'M' 'M' 'M' 'M' 'M' 'M' 'M' 'U' 'U' 'M' 'M' 'M'
 'M' 'M' 'M' 'M' 'M' 'M' 'M' 'M' 'M' 'M' 'M' 'M' 'M' 'M' 'M' 'M' 'U' 'M'
 'M' 'M' 'U' 'M' 'M' 'M' 'U' 'M' 'U' 'M' 'U' 'M' 'M' 'M' 'U' 'U' 'M' 'U'
 'M' 'M' 'U' 'M' 'M' 'M' 'M' 'M' 'M' 'M' 'M' 'M' 'M' 'M' 'M' 'M' 'M' 'M'
 'M' 'M' 'M' 'M' 'M' 'M' 'M' 'M' 'M' 'M' 'M' 'M' 'M' 'M' 'M' 'M' 'U' 'M'
 'M' 'M' 'M' 'M' 'A' 'U' 'A' 'A' 'A' 'U' 'A' 'A' 'A' 'M' 'M' 'M' 'M' 'M'
 'M' 'M' 'M' 'M' 'M' 'M' 'M' 'M' 'M' 'M' 'M' 'M' 'M' 'M' 'M' 'U' 'M' 'U'
 'M' 'M' 'M' 'M' 'M' 'M' 'M' 'M' 'M' 'M' 'M' 'M' 'M' 'M' 'M' 'U' 'M' 'M'
 'M' 'M' 'M' 'M' 'M' 'M' 'M' 'M' 'M' 'M' 'M' 'M' 'M' 'M' 'M' 'U' 'M' 'M']"
36401,2,178,8,170,20,0,0,"['M' 'M' 'M' 'M' 'M' 'M' 'M' 'M' 'M' 'U' 'M' 'M' 'M' 'M' 'M' 'M' 'M' 'M'
 'M' 'M' 'M' 'M' 'M' 'M' 'M' 'M' 'M' 'M' 'M' 'M' 'M' 'U' 'M' 'M' 'M' 'M'
 'M' 'M' 'M' 'M' 'M' 'M' 'M' 'M' 'M' 'M' 'M' 'M' 'M' 'U' 'U' 'M' 'M' 'M'
 'M' 'M' 'M' 'M' 'M' 'M' 'M' 'M' 'M' 'M' 'M' 'M' 'U' 'M' 'M' 'M' 'M' 'M'
 'M' 'M' 'U' 'M' 'M' 'M' 'M' 'M' 'M' 'M' 'M' 'U' 'M' 'U' 'U' 'M' 'U' 'M'
 'U' 'U' 'M' 'U' 'M' 'M' 'M' 'M' 'M' 'M' 'M' 'M' 'M' 'M' 'M' 'M' 'M' 'M'
 'M' 'M' 'M' 'M' 'M' 'M' 'M' 'M' 'M' 'M' 'M' 'M' 'M' 'M' 'M' 'M' 'M' 'U'
 'M' 'M' 'M' 'M' 'A' 'U' 'A' 'A' 'A' 'A' 'A' 'A' 'A' 'M' 'M' 'U' 'M' 'M'
 'M' 'M' 'U' 'M' 'M' 'M' 'M' 'M' 'M' 'M' 'M' 'M' 'M' 'M' 'M' 'U' 'M' 'U'
 'M' 'M' 'M' 'M' 'M' 'M' 'M' 'M' 'M' 'M' 'M' 'M' 'M' 'M' 'M' 'U' 'M' 'M'
 'M' 'M' 'M' 'M' 'M' 'M' 'M' 'M' 'M' 'M' 'M' 'M' 'M' 'M' 'M' 'M' 'M' 'M']"
36501,2,176,7,169,22,0,0,"['M' 'M' 'U' 'M' 'M' 'M' 'M' 'M' 'M' 'U' 'M' 'M' 'M' 'M' 'M' 'M' 'M' 'M'
 'M' 'M' 'M' 'M' 'M' 'M' 'M' 'M' 'M' 'M' 'M' 'M' 'M' 'U' 'M' 'M' 'M' 'M'
 'M' 'M' 'M' 'M' 'M' 'M' 'M' 'M' 'M' 'M' 'M' 'M' 'M' 'U' 'U' 'M' 'U' 'M'
 'M' 'U' 'M' 'M' 'M' 'M' 'M' 'M' 'M' 'M' 'M' 'U' 'U' 'U' 'M' 'M' 'M' 'M'
 'M' 'U' 'M' 'M' 'M' 'M' 'M' 'M' 'M' 'U' 'M' 'U' 'M' 'U' 'M' 'M' 'M' 'M'
 'U' 'M' 'M' 'M' 'U' 'M' 'M' 'M' 'M' 'M' 'M' 'M' 'M' 'M' 'M' 'M' 'M' 'M'
 'M' 'M' 'M' 'M' 'M' 'M' 'M' 'M' 'M' 'M' 'M' 'M' 'M' 'M' 'U' 'M' 'M' 'M'
 'M' 'M' 'M' 'M' 'A' 'U' 'A' 'A' 'A' 'A' 'U' 'A' 'A' 'M' 'M' 'M' 'M' 'M'
 'M' 'M' 'M' 'M' 'M' 'M' 'M' 'M' 'M' 'M' 'M' 'M' 'M' 'M' 'M' 'M' 'M' 'U'
 'M' 'M' 'M' 'M' 'M' 'M' 'U' 'M' 'M' 'M' 'M' 'M' 'M' 'M' 'M' 'M' 'M' 'M'
 'M' 'M' 'M' 'M' 'M' 'M' 'M' 'M' 'M' 'M' 'M' 'M' 'U' 'M' 'M' 'M' 'M' 'M']"
36601,2,176,6,170,22,0,0,"['M' 'M' 'U' 'M' 'M' 'M' 'M' 'M' 'M' 'M' 'M' 'M' 'M' 'M' 'M' 'M' 'M' 'M'
 'M' 'M' 'M' 'M' 'M' 'M' 'M' 'M' 'M' 'M' 'M' 'M' 'M' 'M' 'M' 'M' 'M' 'M'
 'M' 'M' 'U' 'M' 'M' 'M' 'M' 'M' 'M' 'M' 'M' 'M' 'M' 'M' 'U' 'M' 'U' 'M'
 'M' 'U' 'M' 'M' 'M' 'M' 'M' 'M' 'M' 'M' 'M' 'M' 'M' 'M' 'M' 'M' 'M' 'M'
 'M' 'M' 'M' 'U' 'U' 'U' 'M' 'M' 'U' 'M' 'U' 'U' 'M' 'M' 'U' 'U' 'M' 'M'
 'M' 'M' 'U' 'M' 'M' 'M' 'M' 'M' 'M' 'M' 'M' 'M' 'M' 'M' 'M' 'M' 'M' 'M'
 'M' 'M' 'M' 'M' 'M' 'M' 'M' 'M' 'M' 'U' 'M' 'M' 'M' 'U' 'U' 'M' 'M' 'M'
 'M' 'M' 'M' 'M' 'A' 'M' 'A' 'A' 'A' 'A' 'U' 'A' 'U' 'M' 'M' 'M' 'M' 'M'
 'M' 'M' 'M' 'M' 'M' 'M' 'M' 'M' 'M' 'M' 'M' 'M' 'M' 'M' 'M' 'M' 'M' 'U'
 'M' 'M' 'M' 'M' 'M' 'M' 'U' 'M' 'M' 'M' 'M' 'M' 'M' 'M' 'M' 'M' 'M' 'M'
 'M' 'M' 'M' 'M' 'M' 'M' 'M' 'M' 'M' 'M' 'M' 'M' 'U' 'M' 'M' 'M' 'M' 'M']"
36701,2,176,6,170,22,0,0,"['M' 'M' 'M' 'M' 'M' 'M' 'M' 'M' 'M' 'M' 'M' 'M' 'M' 'M' 'M' 'M' 'M' 'M'
 'M' 'M' 'M' 'M' 'M' 'M' 'M' 'M' 'M' 'U' 'M' 'M' 'M' 'M' 'M' 'M' 'M' 'M'
 'M' 'M' 'U' 'M' 'M' 'M' 'M' 'M' 'M' 'U' 'M' 'M' 'M' 'U' 'M' 'M' 'M' 'M'
 'M' 'M' 'M' 'M' 'M' 'M' 'M' 'M' 'U' 'M' 'M' 'U' 'M' 'M' 'M' 'M' 'U' 'M'
 'M' 'U' 'M' 'M' 'M' 'U' 'M' 'U' 'M' 'M' 'M' 'M' 'U' 'U' 'M' 'M' 'M' 'M'
 'M' 'M' 'U' 'M' 'U' 'M' 'M' 'M' 'M' 'M' 'M' 'M' 'M' 'M' 'M' 'M' 'M' 'M'
 'M' 'M' 'M' 'M' 'M' 'M' 'M' 'M' 'M' 'U' 'M' 'M' 'M' 'A' 'U' 'M' 'M' 'M'
 'M' 'M' 'M' 'M' 'A' 'M' 'U' 'A' 'A' 'A' 'U' 'A' 'U' 'M' 'M' 'M' 'M' 'M'
 'M' 'M' 'M' 'M' 'M' 'M' 'M' 'M' 'M' 'M' 'M' 'M' 'U' 'M' 'M' 'M' 'M' 'U'
 'M' 'M' 'M' 'M' 'M' 'M' 'M' 'M' 'M' 'M' 'M' 'M' 'M' 'M' 'M' 'M' 'M' 'M'
 'M' 'M' 'M' 'M' 'M' 'M' 'M' 'M' 'M' 'M' 'U' 'M' 'M' 'M' 'M' 'M' 'M' 'M']"
36801,2,176,8,168,22,0,0,"['M' 'M' 'M' 'M' 'M' 'M' 'M' 'M' 'M' 'M' 'M' 'M' 'M' 'M' 'M' 'M' 'M' 'M'
 'M' 'M' 'M' 'M' 'M' 'M' 'M' 'M' 'M' 'U' 'M' 'M' 'M' 'M' 'M' 'M' 'M' 'M'
 'M' 'M' 'M' 'M' 'M' 'M' 'M' 'M' 'U' 'U' 'M' 'M' 'M' 'U' 'M' 'M' 'M' 'M'
 'M' 'M' 'M' 'M' 'M' 'M' 'M' 'M' 'M' 'M' 'M' 'M' 'M' 'U' 'M' 'M' 'U' 'M'
 'M' 'M' 'M' 'U' 'M' 'U' 'M' 'M' 'U' 'U' 'M' 'M' 'M' 'M' 'M' 'M' 'U' 'M'
 'M' 'U' 'M' 'U' 'M' 'M' 'M' 'M' 'M' 'M' 'M' 'M' 'M' 'M' 'M' 'M' 'M' 'M'
 'M' 'M' 'M' 'M' 'M' 'M' 'M' 'M' 'M' 'U' 'M' 'M' 'M' 'A' 'U' 'M' 'M' 'M'
 'M' 'M' 'M' 'M' 'A' 'M' 'U' 'A' 'A' 'A' 'A' 'A' 'A' 'M' 'M' 'M' 'M' 'M'
 'M' 'M' 'M' 'M' 'M' 'M' 'M' 'M' 'M' 'M' 'M' 'M' 'U' 'M' 'M' 'M' 'M' 'U'
 'M' 'M' 'M' 'M' 'M' 'M' 'M' 'M' 'M' 'U' 'M' 'M' 'M' 'M' 'U' 'M' 'M' 'M'
 'M' 'M' 'M' 'M' 'M' 'M' 'M' 'M' 'M' 'U' 'U' 'M' 'M' 'M' 'M' 'M' 'M' 'M']"
36901,3,171,8,163,27,1,0,"['M' 'M' 'M' 'M' 'M' 'M' 'M' 'M' 'M' 'M' 'U' 'M' 'M' 'M' 'M' 'M' 'M' 'M'
 'M' 'M' 'M' 'M' 'M' 'M' 'M' 'M' 'M' 'U' 'M' 'M' 'M' 'M' 'M' 'M' 'M' 'M'
 'M' 'M' 'M' 'M' 'M' 'M' 'M' 'M' 'U' 'U' 'U' 'M' 'M' 'U' 'M' 'M' 'M' 'M'
 'M' 'M' 'M' 'M' 'M' 'M' 'M' 'M' 'M' 'M' 'M' 'M' 'U' 'U' 'M' 'M' 'M' 'M'
 'U' 'U' 'M' 'U' 'U' 'M' 'M' 'M' 'M' 'U' 'U' 'M' 'M' 'M' 'U' 'M' 'M' 'M'
 'M' 'M' 'M' 'M' 'M' 'M' 'M' 'U' 'M' 'M' 'M' 'M' 'M' 'M' 'M' 'M' 'M' 'M'
 'M' 'M' 'M' 'U' 'M' 'M' 'M' 'M' 'M' 'U' 'M' 'M' 'M' 'U' 'U' 'M' 'M' 'M'
 'M' 'M' 'M' 'M' 'A' 'A' 'A' 'A' 'A' 'A' 'U' 'A' 'A' 'M' 'M' 'M' 'M' 'M'
 'M' 'M' 'M' 'M' 'M' 'M' 'M' 'M' 'M' 'M' 'M' 'M' 'U' 'M' 'M' 'M' 'U' 'M'
 'M' 'M' 'M' 'M' 'M' 'M' 'M' 'M' 'M' 'U' 'M' 'M' 'M' 'M' 'U' 'M' 'U' 'M'
 'M' 'M' 'M' 'M' 'M' 'M' 'M' 'M' 'M' 'U' 'M' 'M' 'M' 'M' 'M' 'M' 'M' 'M']"
37001,2,173,7,166,25,0,0,"['M' 'M' 'M' 'M' 'M' 'M' 'M' 'M' 'M' 'M' 'M' 'M' 'M' 'M' 'M' 'M' 'M' 'M'
 'M' 'M' 'M' 'M' 'M' 'M' 'M' 'M' 'M' 'U' 'U' 'M' 'M' 'U' 'M' 'M' 'M' 'M'
 'M' 'M' 'M' 'M' 'M' 'M' 'M' 'M' 'U' 'U' 'U' 'M' 'M' 'U' 'M' 'M' 'M' 'M'
 'M' 'M' 'M' 'M' 'M' 'M' 'M' 'M' 'M' 'M' 'M' 'M' 'M' 'U' 'M' 'M' 'M' 'U'
 'M' 'M' 'M' 'M' 'M' 'U' 'M' 'M' 'M' 'M' 'U' 'U' 'M' 'U' 'M' 'U' 'M' 'M'
 'M' 'M' 'M' 'U' 'U' 'M' 'M' 'U' 'M' 'M' 'M' 'M' 'M' 'M' 'M' 'M' 'M' 'M'
 'M' 'M' 'M' 'U' 'M' 'M' 'M' 'M' 'M' 'U' 'M' 'M' 'M' 'U' 'U' 'M' 'M' 'M'
 'M' 'M' 'M' 'M' 'A' 'U' 'A' 'A' 'A' 'A' 'A' 'M' 'A' 'M' 'M' 'M' 'M' 'M'
 'M' 'M' 'M' 'M' 'M' 'M' 'M' 'M' 'M' 'M' 'M' 'M' 'M' 'M' 'M' 'M' 'M' 'M'
 'M' 'M' 'M' 'M' 'M' 'M' 'M' 'M' 'M' 'U' 'M' 'M' 'M' 'U' 'U' 'M' 'M' 'M'
 'M' 'M' 'M' 'M' 'M' 'M' 'M' 'M' 'M' 'M' 'M' 'M' 'M' 'M' 'M' 'M' 'M' 'M']"
37101,2,170,6,164,28,0,0,"['M' 'M' 'M' 'M' 'M' 'M' 'M' 'M' 'M' 'M' 'M' 'M' 'M' 'M' 'M' 'U' 'M' 'M'
 'M' 'M' 'M' 'M' 'M' 'M' 'M' 'M' 'M' 'U' 'U' 'U' 'M' 'U' 'M' 'M' 'M' 'U'
 'M' 'M' 'M' 'M' 'M' 'M' 'M' 'M' 'U' 'M' 'M' 'M' 'M' 'U' 'M' 'M' 'M' 'M'
 'M' 'M' 'M' 'M' 'M' 'M' 'M' 'M' 'M' 'M' 'M' 'U' 'U' 'M' 'M' 'M' 'M' 'M'
 'M' 'M' 'M' 'U' 'M' 'M' 'U' 'M' 'M' 'U' 'M' 'M' 'M' 'M' 'M' 'U' 'M' 'M'
 'U' 'U' 'U' 'M' 'M' 'M' 'M' 'U' 'M' 'M' 'M' 'M' 'M' 'M' 'M' 'M' 'M' 'M'
 'U' 'M' 'M' 'M' 'M' 'M' 'M' 'M' 'M' 'U' 'M' 'M' 'M' 'U' 'U' 'M' 'M' 'M'
 'M' 'M' 'M' 'M' 'A' 'M' 'U' 'A' 'A' 'A' 'A' 'U' 'A' 'M' 'M' 'M' 'M' 'M'
 'M' 'M' 'M' 'M' 'M' 'M' 'M' 'M' 'M' 'M' 'M' 'M' 'M' 'M' 'M' 'M' 'M' 'M'
 'M' 'M' 'M' 'M' 'M' 'M' 'M' 'M' 'M' 'U' 'M' 'M' 'M' 'U' 'U' 'M' 'M' 'M'
 'M' 'M' 'M' 'M' 'M' 'M' 'M' 'U' 'M' 'M' 'M' 'M' 'M' 'M' 'M' 'M' 'M' 'M']"
37201,2,172,6,166,26,0,0,"['M' 'M' 'M' 'M' 'M' 'M' 'M' 'M' 'M' 'M' 'M' 'M' 'M' 'M' 'M' 'M' 'M' 'M'
 'M' 'M' 'M' 'M' 'M' 'M' 'M' 'M' 'M' 'U' 'U' 'U' 'M' 'U' 'M' 'M' 'M' 'U'
 'M' 'M' 'M' 'M' 'M' 'M' 'M' 'M' 'U' 'M' 'M' 'M' 'M' 'M' 'M' 'M' 'M' 'M'
 'M' 'M' 'M' 'M' 'M' 'M' 'M' 'M' 'M' 'M' 'M' 'M' 'M' 'U' 'M' 'M' 'M' 'M'
 'M' 'M' 'M' 'M' 'M' 'U' 'M' 'U' 'U' 'M' 'M' 'U' 'U' 'M' 'U' 'M' 'M' 'U'
 'M' 'M' 'U' 'M' 'M' 'M' 'M' 'U' 'M' 'M' 'M' 'M' 'M' 'M' 'M' 'M' 'M' 'M'
 'U' 'M' 'M' 'M' 'M' 'M' 'M' 'M' 'M' 'U' 'M' 'M' 'M' 'U' 'U' 'M' 'M' 'M'
 'M' 'M' 'M' 'M' 'A' 'M' 'A' 'A' 'A' 'U' 'U' 'A' 'A' 'M' 'M' 'M' 'M' 'M'
 'M' 'M' 'M' 'M' 'M' 'M' 'M' 'M' 'M' 'M' 'M' 'M' 'M' 'M' 'M' 'M' 'M' 'M'
 'M' 'M' 'M' 'M' 'M' 'M' 'M' 'M' 'M' 'U' 'M' 'M' 'M' 'U' 'M' 'M' 'M' 'M'
 'M' 'M' 'U' 'M' 'M' 'M' 'M' 'M' 'M' 'M' 'M' 'M' 'M' 'M' 'M' 'U' 'M' 'M']"
37301,2,175,4,171,23,0,0,"['M' 'M' 'M' 'M' 'M' 'M' 'M' 'M' 'M' 'M' 'M' 'M' 'M' 'M' 'M' 'M' 'M' 'M'
 'M' 'M' 'M' 'M' 'M' 'M' 'M' 'M' 'M' 'M' 'M' 'U' 'M' 'U' 'M' 'M' 'M' 'M'
 'M' 'M' 'M' 'M' 'M' 'M' 'M' 'M' 'U' 'M' 'M' 'M' 'M' 'M' 'M' 'M' 'M' 'M'
 'M' 'M' 'M' 'M' 'M' 'M' 'M' 'M' 'M' 'M' 'M' 'M' 'U' 'M' 'M' 'M' 'M' 'U'
 'M' 'M' 'M' 'M' 'U' 'M' 'U' 'U' 'M' 'M' 'M' 'M' 'M' 'U' 'U' 'U' 'M' 'M'
 'M' 'U' 'M' 'M' 'M' 'M' 'M' 'U' 'M' 'M' 'M' 'M' 'M' 'M' 'M' 'M' 'M' 'M'
 'U' 'M' 'M' 'M' 'M' 'M' 'M' 'M' 'M' 'U' 'M' 'M' 'M' 'U' 'U' 'M' 'M' 'M'
 'M' 'M' 'M' 'M' 'A' 'M' 'A' 'M' 'A' 'U' 'U' 'A' 'U' 'M' 'M' 'M' 'M' 'M'
 'M' 'M' 'M' 'M' 'M' 'M' 'M' 'M' 'M' 'M' 'M' 'M' 'M' 'M' 'M' 'M' 'M' 'M'
 'M' 'M' 'M' 'M' 'M' 'M' 'M' 'M' 'M' 'M' 'M' 'M' 'M' 'U' 'M' 'M' 'M' 'M'
 'M' 'M' 'U' 'M' 'M' 'M' 'M' 'M' 'M' 'M' 'M' 'M' 'M' 'M' 'M' 'U' 'M' 'M']"
37401,2,177,5,172,21,0,0,"['M' 'M' 'M' 'M' 'M' 'M' 'M' 'M' 'M' 'M' 'M' 'M' 'M' 'M' 'M' 'M' 'M' 'M'
 'M' 'M' 'M' 'M' 'M' 'M' 'M' 'M' 'M' 'M' 'M' 'U' 'M' 'M' 'M' 'M' 'M' 'M'
 'M' 'M' 'M' 'M' 'M' 'M' 'M' 'M' 'M' 'M' 'M' 'M' 'M' 'M' 'M' 'M' 'M' 'M'
 'M' 'M' 'M' 'M' 'M' 'M' 'M' 'M' 'M' 'M' 'M' 'M' 'M' 'U' 'M' 'M' 'M' 'U'
 'M' 'U' 'U' 'M' 'M' 'U' 'M' 'M' 'M' 'U' 'M' 'M' 'M' 'M' 'U' 'M' 'U' 'M'
 'U' 'M' 'M' 'M' 'M' 'M' 'M' 'M' 'M' 'M' 'M' 'M' 'M' 'U' 'M' 'M' 'M' 'M'
 'M' 'M' 'M' 'U' 'M' 'M' 'M' 'M' 'M' 'U' 'M' 'M' 'M' 'U' 'U' 'M' 'M' 'M'
 'M' 'M' 'M' 'M' 'A' 'U' 'U' 'A' 'U' 'A' 'U' 'A' 'A' 'M' 'M' 'M' 'M' 'M'
 'M' 'M' 'M' 'M' 'M' 'M' 'M' 'M' 'M' 'M' 'M' 'M' 'M' 'M' 'M' 'M' 'M' 'M'
 'M' 'M' 'M' 'M' 'M' 'M' 'M' 'M' 'M' 'M' 'M' 'M' 'M' 'U' 'M' 'M' 'M' 'M'
 'M' 'M' 'U' 'M' 'M' 'M' 'M' 'M' 'M' 'M' 'M' 'M' 'M' 'M' 'M' 'M' 'M' 'M']"
37501,2,177,6,171,21,0,0,"['M' 'M' 'M' 'M' 'M' 'M' 'M' 'M' 'M' 'M' 'M' 'M' 'M' 'M' 'M' 'M' 'M' 'M'
 'M' 'M' 'M' 'M' 'M' 'M' 'M' 'M' 'M' 'M' 'M' 'U' 'M' 'M' 'M' 'M' 'M' 'M'
 'M' 'M' 'M' 'M' 'M' 'M' 'M' 'M' 'M' 'M' 'M' 'M' 'M' 'M' 'M' 'M' 'M' 'M'
 'M' 'M' 'M' 'M' 'M' 'M' 'M' 'M' 'M' 'M' 'M' 'M' 'M' 'M' 'M' 'U' 'M' 'M'
 'M' 'M' 'U' 'U' 'M' 'M' 'M' 'U' 'M' 'M' 'U' 'U' 'M' 'M' 'U' 'M' 'M' 'M'
 'M' 'M' 'M' 'U' 'U' 'M' 'M' 'M' 'M' 'M' 'M' 'M' 'M' 'M' 'M' 'M' 'M' 'M'
 'M' 'M' 'M' 'U' 'M' 'M' 'M' 'M' 'M' 'M' 'M' 'M' 'M' 'M' 'U' 'M' 'M' 'M'
 'M' 'M' 'M' 'M' 'A' 'U' 'U' 'A' 'A' 'A' 'A' 'A' 'U' 'M' 'U' 'M' 'M' 'M'
 'M' 'M' 'M' 'M' 'M' 'M' 'M' 'M' 'M' 'M' 'M' 'M' 'M' 'M' 'M' 'U' 'M' 'M'
 'M' 'M' 'M' 'M' 'M' 'M' 'M' 'M' 'U' 'M' 'M' 'M' 'M' 'U' 'U' 'M' 'M' 'M'
 'M' 'M' 'M' 'M' 'M' 'M' 'M' 'M' 'M' 'M' 'M' 'M' 'M' 'M' 'M' 'M' 'M' 'U']"
37601,2,180,5,175,18,0,0,"['M' 'M' 'M' 'M' 'M' 'M' 'M' 'M' 'M' 'M' 'M' 'M' 'M' 'M' 'M' 'M' 'M' 'M'
 'M' 'M' 'M' 'M' 'M' 'M' 'M' 'M' 'U' 'M' 'M' 'U' 'M' 'M' 'M' 'M' 'M' 'M'
 'M' 'M' 'M' 'M' 'M' 'M' 'M' 'M' 'M' 'M' 'M' 'M' 'M' 'M' 'M' 'M' 'M' 'M'
 'M' 'M' 'M' 'M' 'M' 'M' 'M' 'M' 'M' 'M' 'M' 'M' 'U' 'M' 'U' 'M' 'M' 'U'
 'U' 'M' 'U' 'M' 'U' 'M' 'U' 'M' 'M' 'M' 'U' 'M' 'M' 'M' 'M' 'U' 'M' 'M'
 'M' 'M' 'M' 'M' 'M' 'M' 'M' 'M' 'M' 'M' 'M' 'M' 'M' 'M' 'M' 'M' 'M' 'M'
 'M' 'M' 'M' 'M' 'M' 'M' 'M' 'M' 'M' 'M' 'M' 'M' 'M' 'M' 'U' 'M' 'M' 'M'
 'M' 'M' 'M' 'M' 'A' 'U' 'M' 'M' 'A' 'A' 'A' 'A' 'M' 'M' 'U' 'M' 'M' 'M'
 'M' 'M' 'M' 'M' 'M' 'M' 'M' 'M' 'M' 'M' 'M' 'M' 'M' 'M' 'M' 'U' 'M' 'M'
 'M' 'M' 'M' 'M' 'M' 'M' 'M' 'M' 'U' 'M' 'M' 'M' 'M' 'M' 'U' 'M' 'M' 'M'
 'M' 'M' 'M' 'M' 'M' 'M' 'M' 'M' 'M' 'M' 'M' 'M' 'M' 'M' 'M' 'M' 'M' 'U']"
37701,2,177,6,171,21,0,0,"['M' 'M' 'M' 'M' 'M' 'M' 'M' 'M' 'M' 'M' 'M' 'M' 'M' 'M' 'M' 'M' 'U' 'M'
 'M' 'M' 'M' 'M' 'M' 'M' 'M' 'M' 'U' 'M' 'M' 'M' 'M' 'M' 'M' 'M' 'M' 'M'
 'M' 'M' 'M' 'M' 'M' 'M' 'M' 'M' 'M' 'M' 'M' 'M' 'M' 'M' 'M' 'M' 'M' 'M'
 'M' 'M' 'M' 'M' 'M' 'M' 'M' 'M' 'M' 'M' 'M' 'M' 'M' 'U' 'M' 'M' 'U' 'M'
 'U' 'M' 'U' 'M' 'U' 'M' 'M' 'M' 'M' 'M' 'M' 'M' 'U' 'U' 'M' 'U' 'M' 'U'
 'M' 'M' 'M' 'M' 'M' 'M' 'M' 'M' 'M' 'M' 'M' 'M' 'M' 'M' 'M' 'M' 'M' 'M'
 'M' 'M' 'M' 'M' 'M' 'M' 'M' 'M' 'M' 'M' 'U' 'M' 'M' 'M' 'M' 'M' 'M' 'M'
 'M' 'M' 'M' 'M' 'A' 'U' 'U' 'A' 'A' 'A' 'A' 'A' 'U' 'M' 'U' 'M' 'M' 'U'
 'M' 'M' 'M' 'M' 'M' 'M' 'M' 'M' 'M' 'M' 'M' 'M' 'M' 'M' 'M' 'M' 'M' 'M'
 'M' 'M' 'M' 'M' 'M' 'M' 'M' 'M' 'U' 'M' 'M' 'M' 'U' 'M' 'U' 'M' 'M' 'M'
 'M' 'M' 'M' 'M' 'M' 'M' 'M' 'M' 'M' 'M' 'M' 'M' 'M' 'M' 'M' 'M' 'M' 'U']"
37801,2,180,7,173,18,0,0,"['M' 'M' 'M' 'M' 'M' 'M' 'M' 'M' 'M' 'M' 'M' 'M' 'M' 'M' 'M' 'M' 'M' 'M'
 'M' 'M' 'M' 'M' 'M' 'M' 'U' 'M' 'M' 'M' 'M' 'M' 'M' 'M' 'M' 'M' 'M' 'M'
 'M' 'M' 'M' 'M' 'M' 'M' 'M' 'M' 'M' 'M' 'M' 'M' 'M' 'M' 'M' 'M' 'M' 'M'
 'M' 'M' 'M' 'M' 'M' 'M' 'M' 'M' 'M' 'M' 'M' 'M' 'U' 'M' 'M' 'M' 'M' 'M'
 'M' 'M' 'M' 'U' 'M' 'M' 'U' 'M' 'M' 'U' 'U' 'U' 'M' 'M' 'U' 'M' 'M' 'M'
 'M' 'U' 'M' 'U' 'M' 'M' 'M' 'M' 'M' 'M' 'M' 'M' 'M' 'M' 'M' 'M' 'M' 'M'
 'M' 'M' 'M' 'M' 'M' 'M' 'M' 'M' 'M' 'M' 'U' 'M' 'M' 'M' 'M' 'M' 'U' 'M'
 'M' 'M' 'M' 'M' 'A' 'U' 'A' 'A' 'A' 'A' 'A' 'A' 'U' 'M' 'M' 'U' 'M' 'U'
 'M' 'M' 'M' 'M' 'M' 'M' 'M' 'M' 'M' 'M' 'M' 'M' 'M' 'M' 'M' 'M' 'M' 'M'
 'M' 'M' 'M' 'M' 'M' 'M' 'M' 'M' 'U' 'M' 'M' 'M' 'M' 'M' 'M' 'M' 'M' 'M'
 'M' 'M' 'M' 'M' 'M' 'M' 'M' 'M' 'M' 'M' 'M' 'M' 'M' 'M' 'M' 'M' 'M' 'U']"
37901,2,179,3,176,19,0,0,"['M' 'M' 'M' 'M' 'M' 'M' 'M' 'M' 'M' 'M' 'M' 'M' 'M' 'M' 'M' 'M' 'M' 'M'
 'M' 'M' 'M' 'M' 'M' 'M' 'M' 'M' 'M' 'M' 'M' 'M' 'M' 'M' 'M' 'M' 'M' 'M'
 'M' 'M' 'M' 'U' 'M' 'M' 'M' 'M' 'M' 'M' 'M' 'M' 'M' 'M' 'M' 'M' 'M' 'M'
 'M' 'M' 'M' 'M' 'M' 'M' 'M' 'M' 'M' 'M' 'M' 'M' 'U' 'M' 'M' 'M' 'M' 'U'
 'M' 'U' 'M' 'M' 'M' 'U' 'M' 'U' 'U' 'M' 'M' 'M' 'M' 'M' 'M' 'U' 'M' 'M'
 'M' 'M' 'M' 'U' 'U' 'M' 'M' 'M' 'M' 'M' 'U' 'M' 'M' 'M' 'M' 'M' 'M' 'M'
 'M' 'M' 'M' 'M' 'M' 'M' 'M' 'M' 'M' 'M' 'M' 'M' 'M' 'M' 'M' 'M' 'M' 'M'
 'M' 'M' 'M' 'M' 'A' 'M' 'U' 'U' 'U' 'A' 'U' 'A' 'U' 'M' 'M' 'U' 'M' 'M'
 'M' 'M' 'M' 'M' 'M' 'M' 'M' 'M' 'M' 'M' 'M' 'M' 'M' 'M' 'M' 'M' 'M' 'M'
 'M' 'M' 'M' 'M' 'M' 'M' 'M' 'M' 'U' 'M' 'M' 'M' 'M' 'M' 'M' 'M' 'M' 'M'
 'M' 'M' 'M' 'M' 'M' 'M' 'M' 'M' 'M' 'M' 'M' 'M' 'M' 'M' 'M' 'M' 'M' 'U']"
38001,2,179,7,172,19,0,0,"['M' 'M' 'M' 'M' 'M' 'M' 'M' 'M' 'M' 'M' 'M' 'M' 'M' 'M' 'M' 'M' 'M' 'M'
 'M' 'M' 'M' 'M' 'M' 'M' 'M' 'M' 'M' 'M' 'M' 'M' 'M' 'M' 'M' 'M' 'M' 'M'
 'U' 'M' 'M' 'M' 'M' 'M' 'M' 'M' 'M' 'M' 'M' 'M' 'M' 'M' 'M' 'M' 'M' 'M'
 'M' 'M' 'M' 'M' 'M' 'M' 'M' 'M' 'M' 'U' 'M' 'M' 'M' 'M' 'M' 'M' 'U' 'M'
 'U' 'M' 'U' 'M' 'M' 'M' 'M' 'M' 'M' 'U' 'U' 'M' 'M' 'M' 'U' 'M' 'M' 'M'
 'U' 'M' 'U' 'U' 'M' 'M' 'M' 'M' 'M' 'M' 'U' 'M' 'M' 'M' 'M' 'M' 'M' 'M'
 'M' 'M' 'M' 'M' 'M' 'M' 'M' 'M' 'M' 'M' 'M' 'M' 'M' 'M' 'M' 'M' 'M' 'M'
 'U' 'M' 'M' 'U' 'A' 'M' 'A' 'A' 'U' 'A' 'A' 'A' 'A' 'M' 'M' 'U' 'M' 'M'
 'M' 'M' 'M' 'M' 'U' 'M' 'M' 'M' 'M' 'M' 'M' 'M' 'M' 'M' 'M' 'M' 'M' 'M'
 'M' 'M' 'M' 'M' 'U' 'M' 'M' 'M' 'M' 'M' 'M' 'M' 'M' 'M' 'M' 'M' 'M' 'M'
 'M' 'M' 'M' 'U' 'M' 'M' 'M' 'M' 'M' 'M' 'M' 'M' 'M' 'M' 'M' 'M' 'M' 'M']"
38101,2,179,5,174,19,0,0,"['M' 'M' 'M' 'M' 'M' 'M' 'M' 'M' 'M' 'M' 'M' 'M' 'M' 'M' 'M' 'M' 'M' 'M'
 'M' 'M' 'M' 'M' 'M' 'M' 'M' 'M' 'M' 'M' 'M' 'M' 'M' 'M' 'M' 'M' 'M' 'M'
 'M' 'M' 'M' 'M' 'M' 'M' 'M' 'M' 'M' 'M' 'M' 'M' 'M' 'M' 'M' 'M' 'M' 'M'
 'M' 'M' 'M' 'M' 'M' 'M' 'M' 'M' 'M' 'M' 'M' 'U' 'M' 'M' 'M' 'U' 'M' 'M'
 'M' 'M' 'U' 'M' 'M' 'U' 'U' 'U' 'M' 'M' 'M' 'M' 'U' 'M' 'M' 'U' 'M' 'M'
 'M' 'U' 'M' 'M' 'M' 'M' 'M' 'M' 'M' 'M' 'U' 'M' 'M' 'M' 'M' 'M' 'M' 'M'
 'M' 'M' 'M' 'M' 'U' 'M' 'M' 'M' 'U' 'M' 'M' 'M' 'M' 'M' 'M' 'M' 'M' 'M'
 'U' 'M' 'M' 'U' 'A' 'M' 'A' 'U' 'U' 'A' 'A' 'U' 'A' 'M' 'M' 'M' 'M' 'M'
 'M' 'M' 'M' 'M' 'U' 'M' 'M' 'M' 'M' 'M' 'M' 'M' 'M' 'M' 'M' 'M' 'M' 'M'
 'M' 'M' 'M' 'M' 'U' 'M' 'M' 'M' 'M' 'M' 'M' 'M' 'M' 'M' 'M' 'M' 'M' 'M'
 'M' 'M' 'M' 'M' 'M' 'M' 'M' 'M' 'M' 'M' 'M' 'M' 'M' 'M' 'M' 'M' 'M' 'M']"
38201,3,179,9,170,19,0,0,"['M' 'M' 'M' 'M' 'M' 'M' 'M' 'M' 'M' 'M' 'M' 'M' 'M' 'M' 'M' 'M' 'M' 'M'
 'U' 'M' 'M' 'M' 'M' 'M' 'M' 'M' 'M' 'M' 'M' 'M' 'M' 'M' 'U' 'M' 'M' 'M'
 'M' 'M' 'M' 'M' 'M' 'M' 'M' 'M' 'M' 'M' 'M' 'M' 'M' 'M' 'M' 'M' 'M' 'M'
 'M' 'M' 'M' 'M' 'M' 'M' 'M' 'M' 'M' 'M' 'M' 'M' 'M' 'M' 'M' 'M' 'M' 'U'
 'M' 'U' 'M' 'M' 'M' 'M' 'M' 'U' 'M' 'M' 'U' 'M' 'U' 'M' 'U' 'M' 'U' 'M'
 'U' 'M' 'M' 'M' 'U' 'M' 'M' 'U' 'M' 'M' 'U' 'M' 'M' 'M' 'M' 'M' 'U' 'M'
 'M' 'M' 'M' 'M' 'M' 'M' 'M' 'M' 'U' 'M' 'M' 'M' 'M' 'M' 'M' 'U' 'M' 'M'
 'U' 'M' 'M' 'M' 'A' 'A' 'A' 'A' 'A' 'A' 'A' 'A' 'A' 'M' 'M' 'M' 'M' 'M'
 'M' 'M' 'M' 'M' 'U' 'M' 'M' 'M' 'M' 'M' 'M' 'M' 'M' 'M' 'M' 'M' 'M' 'M'
 'M' 'M' 'M' 'M' 'U' 'M' 'M' 'M' 'M' 'M' 'M' 'M' 'M' 'M' 'M' 'M' 'M' 'M'
 'M' 'M' 'M' 'M' 'M' 'M' 'M' 'M' 'M' 'M' 'M' 'M' 'M' 'M' 'M' 'M' 'M' 'M']"
38301,2,178,7,171,20,0,0,"['M' 'M' 'M' 'M' 'M' 'M' 'M' 'M' 'M' 'M' 'M' 'M' 'M' 'M' 'M' 'M' 'M' 'M'
 'M' 'M' 'M' 'M' 'M' 'M' 'M' 'M' 'M' 'M' 'M' 'M' 'M' 'M' 'M' 'M' 'M' 'M'
 'M' 'M' 'M' 'M' 'M' 'M' 'M' 'M' 'M' 'M' 'M' 'M' 'M' 'M' 'M' 'M' 'M' 'M'
 'M' 'M' 'M' 'U' 'M' 'M' 'M' 'M' 'M' 'M' 'M' 'M' 'U' 'M' 'U' 'M' 'M' 'U'
 'M' 'M' 'M' 'M' 'M' 'U' 'M' 'M' 'U' 'U' 'M' 'M' 'M' 'M' 'M' 'M' 'M' 'M'
 'M' 'U' 'U' 'M' 'U' 'M' 'M' 'U' 'M' 'M' 'U' 'M' 'M' 'M' 'M' 'M' 'M' 'U'
 'M' 'M' 'M' 'U' 'M' 'M' 'U' 'M' 'U' 'M' 'M' 'M' 'M' 'M' 'M' 'M' 'M' 'M'
 'U' 'M' 'M' 'M' 'A' 'A' 'A' 'A' 'A' 'A' 'M' 'A' 'U' 'M' 'M' 'M' 'M' 'M'
 'M' 'M' 'M' 'M' 'U' 'M' 'M' 'M' 'M' 'M' 'M' 'M' 'M' 'M' 'M' 'M' 'M' 'M'
 'M' 'M' 'M' 'M' 'U' 'M' 'M' 'M' 'M' 'M' 'M' 'M' 'M' 'M' 'M' 'M' 'M' 'M'
 'M' 'M' 'M' 'M' 'M' 'M' 'M' 'M' 'M' 'M' 'M' 'M' 'M' 'M' 'M' 'M' 'M' 'M']"
38401,2,175,9,166,23,0,0,"['M' 'M' 'M' 'U' 'M' 'M' 'M' 'M' 'M' 'M' 'M' 'M' 'M' 'M' 'M' 'M' 'M' 'M'
 'M' 'M' 'M' 'U' 'U' 'M' 'M' 'M' 'M' 'M' 'M' 'M' 'M' 'M' 'M' 'M' 'M' 'M'
 'M' 'M' 'M' 'M' 'M' 'M' 'M' 'M' 'M' 'M' 'M' 'M' 'M' 'M' 'M' 'U' 'M' 'M'
 'M' 'M' 'M' 'U' 'M' 'M' 'M' 'M' 'M' 'M' 'M' 'M' 'U' 'M' 'U' 'M' 'M' 'M'
 'M' 'M' 'U' 'U' 'M' 'M' 'U' 'M' 'M' 'M' 'U' 'M' 'M' 'U' 'M' 'M' 'M' 'U'
 'M' 'M' 'M' 'M' 'U' 'M' 'M' 'U' 'M' 'M' 'U' 'M' 'M' 'M' 'M' 'M' 'M' 'U'
 'M' 'M' 'M' 'U' 'M' 'M' 'U' 'M' 'U' 'M' 'M' 'M' 'M' 'M' 'M' 'M' 'M' 'M'
 'M' 'M' 'M' 'M' 'A' 'A' 'A' 'A' 'A' 'A' 'A' 'A' 'A' 'M' 'M' 'M' 'M' 'M'
 'M' 'M' 'M' 'M' 'M' 'M' 'M' 'M' 'M' 'M' 'M' 'M' 'M' 'M' 'M' 'M' 'M' 'U'
 'M' 'M' 'M' 'M' 'U' 'M' 'M' 'M' 'M' 'M' 'M' 'M' 'M' 'M' 'M' 'M' 'M' 'M'
 'M' 'M' 'M' 'M' 'M' 'M' 'U' 'M' 'M' 'M' 'M' 'M' 'M' 'M' 'M' 'M' 'M' 'M']"
38501,2,177,10,167,21,0,0,"['M' 'M' 'M' 'A' 'M' 'M' 'M' 'M' 'M' 'M' 'M' 'M' 'M' 'M' 'M' 'M' 'M' 'M'
 'M' 'M' 'M' 'M' 'U' 'M' 'M' 'M' 'M' 'M' 'M' 'M' 'M' 'M' 'M' 'M' 'M' 'M'
 'M' 'M' 'M' 'M' 'M' 'M' 'M' 'M' 'M' 'M' 'M' 'M' 'M' 'M' 'M' 'U' 'M' 'M'
 'M' 'M' 'M' 'U' 'M' 'M' 'M' 'M' 'M' 'M' 'M' 'M' 'M' 'U' 'U' 'M' 'U' 'M'
 'M' 'U' 'M' 'U' 'M' 'M' 'M' 'M' 'M' 'M' 'U' 'U' 'M' 'M' 'M' 'M' 'M' 'M'
 'U' 'M' 'M' 'U' 'M' 'M' 'M' 'M' 'M' 'M' 'U' 'M' 'M' 'M' 'M' 'M' 'M' 'U'
 'M' 'M' 'M' 'U' 'M' 'M' 'M' 'M' 'U' 'M' 'U' 'M' 'M' 'M' 'M' 'M' 'M' 'U'
 'M' 'M' 'M' 'M' 'A' 'A' 'A' 'A' 'A' 'A' 'A' 'A' 'A' 'M' 'M' 'M' 'M' 'M'
 'M' 'M' 'M' 'M' 'M' 'M' 'M' 'M' 'M' 'M' 'M' 'M' 'M' 'M' 'M' 'M' 'M' 'U'
 'U' 'M' 'M' 'M' 'M' 'M' 'M' 'M' 'M' 'M' 'M' 'M' 'M' 'M' 'M' 'M' 'M' 'M'
 'M' 'M' 'M' 'M' 'M' 'M' 'U' 'M' 'M' 'M' 'M' 'M' 'M' 'M' 'M' 'M' 'M' 'M']"
38601,2,166,8,158,32,0,0,"['M' 'M' 'M' 'U' 'M' 'M' 'M' 'M' 'M' 'M' 'M' 'M' 'M' 'M' 'M' 'M' 'U' 'M'
 'M' 'M' 'M' 'M' 'U' 'M' 'M' 'U' 'M' 'M' 'M' 'M' 'M' 'M' 'M' 'M' 'M' 'M'
 'M' 'U' 'M' 'M' 'M' 'M' 'M' 'M' 'M' 'M' 'M' 'M' 'M' 'M' 'M' 'U' 'M' 'M'
 'M' 'M' 'M' 'U' 'M' 'U' 'M' 'M' 'M' 'M' 'M' 'U' 'U' 'U' 'M' 'U' 'M' 'U'
 'M' 'M' 'M' 'M' 'M' 'U' 'M' 'M' 'M' 'M' 'U' 'M' 'U' 'M' 'M' 'M' 'M' 'U'
 'M' 'M' 'M' 'M' 'M' 'M' 'M' 'U' 'U' 'M' 'U' 'M' 'M' 'M' 'M' 'M' 'M' 'U'
 'M' 'M' 'M' 'M' 'M' 'M' 'M' 'M' 'U' 'M' 'U' 'M' 'M' 'M' 'M' 'M' 'M' 'U'
 'M' 'M' 'M' 'M' 'A' 'A' 'A' 'A' 'U' 'A' 'A' 'A' 'A' 'U' 'M' 'M' 'M' 'M'
 'M' 'M' 'M' 'M' 'M' 'M' 'M' 'M' 'M' 'M' 'M' 'M' 'M' 'M' 'M' 'M' 'M' 'U'
 'U' 'M' 'M' 'M' 'U' 'M' 'M' 'M' 'M' 'M' 'M' 'U' 'M' 'M' 'M' 'M' 'M' 'M'
 'M' 'M' 'M' 'M' 'U' 'M' 'M' 'M' 'U' 'M' 'M' 'M' 'M' 'M' 'M' 'M' 'M' 'M']"
38701,2,170,7,163,28,0,0,"['M' 'M' 'M' 'M' 'M' 'M' 'M' 'M' 'M' 'M' 'M' 'M' 'M' 'M' 'M' 'M' 'U' 'M'
 'M' 'M' 'M' 'M' 'U' 'M' 'M' 'U' 'M' 'M' 'M' 'M' 'M' 'M' 'M' 'M' 'M' 'M'
 'M' 'U' 'M' 'M' 'M' 'M' 'M' 'M' 'M' 'M' 'M' 'M' 'M' 'M' 'M' 'M' 'M' 'M'
 'M' 'M' 'M' 'U' 'U' 'U' 'M' 'M' 'M' 'M' 'M' 'M' 'U' 'U' 'M' 'M' 'M' 'M'
 'M' 'M' 'M' 'M' 'M' 'M' 'M' 'U' 'U' 'U' 'M' 'M' 'U' 'M' 'U' 'M' 'U' 'U'
 'M' 'M' 'M' 'M' 'M' 'M' 'M' 'U' 'M' 'M' 'U' 'M' 'M' 'M' 'M' 'M' 'M' 'M'
 'M' 'M' 'M' 'M' 'M' 'M' 'M' 'M' 'M' 'M' 'U' 'M' 'M' 'M' 'M' 'M' 'M' 'M'
 'M' 'M' 'M' 'M' 'A' 'U' 'A' 'A' 'U' 'A' 'A' 'A' 'A' 'M' 'M' 'M' 'M' 'U'
 'M' 'M' 'M' 'M' 'M' 'M' 'M' 'M' 'M' 'M' 'M' 'M' 'M' 'M' 'M' 'M' 'M' 'M'
 'U' 'M' 'M' 'M' 'U' 'M' 'M' 'M' 'M' 'M' 'M' 'U' 'M' 'M' 'M' 'M' 'M' 'M'
 'M' 'M' 'M' 'M' 'U' 'M' 'M' 'M' 'U' 'M' 'M' 'M' 'M' 'U' 'M' 'M' 'M' 'M']"
38801,2,175,5,170,23,0,0,"['M' 'M' 'M' 'M' 'M' 'M' 'M' 'M' 'M' 'M' 'M' 'M' 'M' 'M' 'M' 'M' 'M' 'M'
 'M' 'M' 'M' 'M' 'M' 'M' 'M' 'U' 'M' 'M' 'M' 'M' 'M' 'M' 'M' 'M' 'M' 'M'
 'M' 'M' 'M' 'M' 'M' 'M' 'M' 'M' 'M' 'M' 'M' 'M' 'M' 'M' 'M' 'M' 'M' 'M'
 'M' 'U' 'M' 'M' 'U' 'M' 'M' 'M' 'M' 'M' 'M' 'M' 'M' 'M' 'M' 'M' 'M' 'M'
 'U' 'M' 'U' 'U' 'U' 'M' 'M' 'M' 'U' 'U' 'M' 'U' 'M' 'M' 'M' 'U' 'M' 'M'
 'M' 'M' 'M' 'U' 'M' 'M' 'M' 'M' 'M' 'M' 'U' 'M' 'M' 'M' 'M' 'M' 'M' 'M'
 'M' 'M' 'M' 'M' 'M' 'M' 'M' 'M' 'M' 'M' 'U' 'M' 'M' 'M' 'M' 'M' 'M' 'M'
 'M' 'M' 'M' 'M' 'A' 'M' 'A' 'U' 'U' 'A' 'M' 'A' 'A' 'M' 'M' 'M' 'M' 'U'
 'M' 'M' 'M' 'M' 'M' 'M' 'M' 'M' 'M' 'M' 'M' 'M' 'M' 'M' 'M' 'M' 'M' 'M'
 'U' 'M' 'M' 'M' 'U' 'M' 'M' 'M' 'M' 'M' 'M' 'U' 'M' 'M' 'M' 'M' 'M' 'M'
 'M' 'M' 'M' 'M' 'U' 'M' 'M' 'M' 'U' 'M' 'M' 'M' 'M' 'U' 'M' 'M' 'M' 'M']"
38901,3,174,8,166,24,0,0,"['M' 'M' 'M' 'M' 'M' 'M' 'M' 'M' 'U' 'M' 'M' 'M' 'M' 'M' 'M' 'M' 'M' 'M'
 'M' 'M' 'M' 'M' 'M' 'M' 'M' 'U' 'M' 'M' 'M' 'M' 'M' 'U' 'M' 'M' 'M' 'M'
 'M' 'M' 'M' 'M' 'M' 'M' 'M' 'M' 'M' 'M' 'M' 'M' 'M' 'M' 'M' 'M' 'M' 'M'
 'M' 'U' 'M' 'M' 'U' 'M' 'U' 'M' 'M' 'M' 'M' 'U' 'M' 'U' 'M' 'M' 'M' 'M'
 'U' 'U' 'M' 'M' 'M' 'U' 'M' 'M' 'M' 'M' 'M' 'M' 'U' 'M' 'M' 'M' 'U' 'M'
 'M' 'M' 'M' 'U' 'U' 'M' 'M' 'M' 'M' 'M' 'U' 'M' 'M' 'M' 'M' 'M' 'M' 'M'
 'M' 'M' 'M' 'M' 'M' 'M' 'M' 'M' 'M' 'M' 'U' 'M' 'M' 'M' 'M' 'M' 'M' 'M'
 'M' 'M' 'M' 'M' 'A' 'A' 'A' 'A' 'A' 'A' 'U' 'A' 'A' 'M' 'M' 'M' 'M' 'U'
 'M' 'M' 'M' 'M' 'M' 'M' 'M' 'M' 'M' 'M' 'M' 'M' 'M' 'M' 'M' 'M' 'M' 'M'
 'M' 'U' 'M' 'M' 'M' 'M' 'M' 'M' 'M' 'M' 'M' 'U' 'M' 'M' 'M' 'M' 'M' 'M'
 'M' 'M' 'M' 'M' 'U' 'M' 'M' 'M' 'U' 'M' 'M' 'M' 'M' 'U' 'M' 'M' 'M' 'M']"
39001,2,172,7,165,26,0,0,"['M' 'M' 'M' 'M' 'M' 'M' 'M' 'M' 'U' 'M' 'M' 'M' 'M' 'M' 'M' 'M' 'M' 'M'
 'M' 'M' 'M' 'M' 'M' 'M' 'M' 'U' 'M' 'M' 'M' 'M' 'M' 'M' 'M' 'U' 'M' 'M'
 'M' 'M' 'M' 'M' 'M' 'M' 'M' 'M' 'M' 'M' 'M' 'M' 'M' 'M' 'M' 'M' 'M' 'M'
 'M' 'U' 'M' 'M' 'U' 'M' 'U' 'M' 'M' 'M' 'M' 'M' 'M' 'M' 'U' 'M' 'M' 'U'
 'U' 'M' 'M' 'M' 'U' 'M' 'U' 'M' 'M' 'M' 'M' 'M' 'U' 'M' 'M' 'U' 'M' 'M'
 'M' 'M' 'M' 'U' 'U' 'M' 'M' 'M' 'M' 'M' 'U' 'M' 'M' 'M' 'M' 'U' 'M' 'M'
 'M' 'M' 'M' 'M' 'M' 'M' 'M' 'M' 'M' 'M' 'M' 'M' 'M' 'M' 'M' 'M' 'M' 'M'
 'M' 'M' 'M' 'M' 'A' 'A' 'A' 'A' 'A' 'U' 'A' 'A' 'U' 'M' 'M' 'M' 'M' 'U'
 'M' 'M' 'M' 'M' 'M' 'M' 'M' 'M' 'M' 'M' 'M' 'M' 'U' 'M' 'M' 'U' 'M' 'M'
 'M' 'M' 'M' 'M' 'M' 'M' 'M' 'M' 'M' 'M' 'M' 'U' 'M' 'M' 'M' 'M' 'M' 'M'
 'M' 'M' 'M' 'M' 'U' 'M' 'M' 'M' 'U' 'M' 'M' 'M' 'M' 'U' 'M' 'M' 'M' 'M']"
39101,2,180,7,173,18,0,0,"['M' 'M' 'M' 'M' 'M' 'M' 'M' 'M' 'M' 'M' 'M' 'M' 'M' 'M' 'M' 'M' 'M' 'M'
 'M' 'M' 'M' 'M' 'M' 'M' 'M' 'U' 'M' 'M' 'M' 'M' 'M' 'M' 'M' 'M' 'M' 'M'
 'M' 'M' 'M' 'M' 'M' 'M' 'M' 'M' 'M' 'M' 'M' 'M' 'M' 'M' 'M' 'M' 'M' 'M'
 'M' 'M' 'M' 'M' 'M' 'M' 'U' 'M' 'M' 'M' 'M' 'U' 'M' 'M' 'U' 'U' 'M' 'U'
 'M' 'M' 'M' 'U' 'M' 'M' 'M' 'M' 'M' 'U' 'M' 'M' 'U' 'M' 'M' 'U' 'M' 'M'
 'M' 'U' 'M' 'M' 'M' 'M' 'M' 'M' 'M' 'M' 'M' 'M' 'M' 'M' 'M' 'U' 'M' 'M'
 'M' 'M' 'M' 'M' 'M' 'M' 'M' 'M' 'M' 'M' 'M' 'M' 'M' 'M' 'M' 'M' 'M' 'M'
 'M' 'M' 'M' 'M' 'A' 'U' 'A' 'A' 'U' 'A' 'A' 'A' 'A' 'M' 'M' 'M' 'M' 'M'
 'M' 'M' 'M' 'M' 'M' 'M' 'M' 'M' 'M' 'M' 'M' 'M' 'U' 'M' 'M' 'U' 'M' 'M'
 'M' 'M' 'M' 'M' 'M' 'M' 'M' 'M' 'M' 'M' 'M' 'U' 'M' 'M' 'M' 'M' 'M' 'M'
 'M' 'M' 'M' 'M' 'U' 'M' 'M' 'M' 'M' 'M' 'M' 'M' 'M' 'M' 'M' 'M' 'M' 'M']"
39201,3,178,8,170,20,0,0,"['M' 'M' 'M' 'M' 'M' 'M' 'M' 'M' 'M' 'M' 'M' 'U' 'M' 'M' 'M' 'M' 'M' 'M'
 'M' 'M' 'M' 'M' 'M' 'U' 'M' 'U' 'M' 'M' 'M' 'M' 'M' 'M' 'M' 'M' 'M' 'M'
 'M' 'M' 'M' 'M' 'M' 'M' 'M' 'M' 'M' 'M' 'M' 'M' 'M' 'M' 'M' 'M' 'M' 'M'
 'M' 'M' 'M' 'M' 'M' 'M' 'U' 'M' 'M' 'M' 'M' 'M' 'U' 'M' 'M' 'M' 'U' 'U'
 'M' 'M' 'U' 'M' 'M' 'M' 'U' 'U' 'U' 'M' 'M' 'M' 'U' 'M' 'M' 'M' 'M' 'M'
 'M' 'U' 'M' 'M' 'M' 'M' 'M' 'M' 'M' 'M' 'M' 'M' 'M' 'M' 'M' 'U' 'M' 'M'
 'M' 'M' 'U' 'M' 'M' 'M' 'M' 'M' 'M' 'M' 'M' 'M' 'M' 'M' 'M' 'M' 'M' 'M'
 'M' 'M' 'M' 'M' 'A' 'M' 'A' 'A' 'A' 'A' 'A' 'A' 'A' 'M' 'M' 'M' 'M' 'M'
 'M' 'M' 'M' 'M' 'M' 'M' 'M' 'M' 'M' 'M' 'M' 'M' 'M' 'M' 'M' 'U' 'M' 'M'
 'M' 'M' 'M' 'M' 'M' 'M' 'M' 'U' 'M' 'M' 'M' 'U' 'M' 'M' 'M' 'M' 'M' 'M'
 'M' 'M' 'M' 'M' 'U' 'M' 'M' 'M' 'M' 'M' 'M' 'M' 'U' 'M' 'M' 'M' 'M' 'M']"
39301,2,178,8,170,20,1,0,"['M' 'M' 'M' 'M' 'M' 'M' 'M' 'M' 'M' 'M' 'M' 'U' 'M' 'M' 'M' 'M' 'M' 'M'
 'M' 'M' 'M' 'M' 'M' 'U' 'M' 'U' 'M' 'M' 'M' 'M' 'M' 'M' 'M' 'M' 'M' 'M'
 'M' 'M' 'M' 'M' 'M' 'M' 'M' 'M' 'M' 'M' 'M' 'M' 'U' 'M' 'M' 'M' 'M' 'M'
 'M' 'M' 'M' 'M' 'M' 'M' 'M' 'M' 'M' 'M' 'M' 'U' 'M' 'M' 'U' 'M' 'M' 'M'
 'M' 'U' 'U' 'M' 'M' 'M' 'U' 'M' 'M' 'M' 'U' 'M' 'M' 'M' 'M' 'U' 'M' 'U'
 'U' 'M' 'M' 'M' 'M' 'M' 'M' 'M' 'M' 'M' 'M' 'M' 'M' 'M' 'M' 'U' 'M' 'M'
 'M' 'M' 'U' 'M' 'M' 'M' 'M' 'M' 'M' 'M' 'M' 'M' 'M' 'M' 'M' 'M' 'M' 'M'
 'M' 'M' 'M' 'M' 'A' 'M' 'A' 'A' 'A' 'A' 'A' 'A' 'U' 'M' 'M' 'M' 'M' 'M'
 'M' 'M' 'M' 'M' 'M' 'M' 'M' 'M' 'M' 'M' 'U' 'M' 'M' 'M' 'M' 'M' 'M' 'M'
 'M' 'M' 'M' 'M' 'M' 'M' 'A' 'U' 'M' 'M' 'M' 'M' 'M' 'M' 'M' 'M' 'M' 'M'
 'M' 'M' 'M' 'M' 'U' 'M' 'M' 'M' 'M' 'M' 'M' 'M' 'U' 'M' 'M' 'M' 'M' 'M']"
39401,2,172,8,164,26,0,0,"['M' 'M' 'M' 'M' 'M' 'M' 'M' 'M' 'M' 'M' 'M' 'U' 'M' 'M' 'M' 'M' 'M' 'U'
 'M' 'M' 'M' 'M' 'U' 'U' 'M' 'M' 'M' 'M' 'M' 'M' 'M' 'M' 'M' 'U' 'M' 'M'
 'M' 'M' 'M' 'M' 'M' 'M' 'M' 'M' 'M' 'M' 'U' 'M' 'M' 'M' 'M' 'M' 'M' 'M'
 'M' 'M' 'M' 'U' 'M' 'M' 'M' 'M' 'M' 'M' 'M' 'U' 'M' 'M' 'M' 'M' 'M' 'M'
 'U' 'M' 'U' 'M' 'M' 'M' 'M' 'U' 'M' 'M' 'U' 'M' 'U' 'M' 'M' 'M' 'M' 'M'
 'U' 'U' 'M' 'M' 'U' 'M' 'M' 'M' 'M' 'M' 'M' 'M' 'M' 'M' 'M' 'U' 'M' 'M'
 'M' 'M' 'U' 'M' 'M' 'U' 'M' 'M' 'M' 'M' 'M' 'M' 'M' 'M' 'M' 'M' 'M' 'U'
 'M' 'M' 'M' 'M' 'A' 'M' 'A' 'A' 'A' 'U' 'A' 'U' 'A' 'M' 'M' 'M' 'M' 'M'
 'M' 'M' 'M' 'M' 'M' 'M' 'M' 'M' 'M' 'M' 'M' 'M' 'M' 'M' 'M' 'M' 'M' 'M'
 'M' 'U' 'M' 'M' 'M' 'M' 'A' 'M' 'U' 'M' 'M' 'M' 'U' 'M' 'M' 'M' 'M' 'M'
 'M' 'M' 'U' 'M' 'M' 'M' 'M' 'M' 'M' 'M' 'M' 'M' 'A' 'M' 'M' 'M' 'M' 'M']"
39501,5,173,10,163,25,0,0,"['M' 'M' 'M' 'M' 'M' 'M' 'M' 'M' 'M' 'M' 'M' 'U' 'M' 'M' 'M' 'M' 'M' 'U'
 'M' 'M' 'M' 'M' 'U' 'U' 'M' 'U' 'M' 'M' 'M' 'M' 'M' 'M' 'M' 'U' 'M' 'M'
 'M' 'M' 'M' 'M' 'U' 'M' 'M' 'M' 'M' 'M' 'M' 'M' 'M' 'M' 'M' 'U' 'M' 'M'
 'U' 'M' 'M' 'M' 'M' 'M' 'M' 'M' 'M' 'M' 'M' 'M' 'M' 'M' 'M' 'U' 'U' 'U'
 'M' 'M' 'M' 'U' 'M' 'M' 'M' 'M' 'M' 'M' 'U' 'M' 'M' 'U' 'M' 'M' 'U' 'M'
 'M' 'U' 'M' 'M' 'U' 'M' 'M' 'M' 'M' 'M' 'M' 'M' 'M' 'M' 'U' 'M' 'M' 'M'
 'M' 'M' 'U' 'M' 'M' 'M' 'M' 'M' 'M' 'M' 'M' 'M' 'M' 'M' 'M' 'M' 'M' 'U'
 'M' 'U' 'M' 'M' 'A' 'A' 'A' 'A' 'A' 'A' 'A' 'U' 'A' 'M' 'M' 'M' 'M' 'M'
 'M' 'M' 'M' 'M' 'M' 'M' 'M' 'M' 'M' 'M' 'M' 'M' 'M' 'M' 'M' 'M' 'M' 'M'
 'M' 'M' 'M' 'M' 'M' 'M' 'A' 'M' 'U' 'M' 'M' 'M' 'M' 'M' 'M' 'M' 'M' 'M'
 'M' 'M' 'U' 'M' 'M' 'M' 'M' 'M' 'M' 'M' 'M' 'M' 'A' 'M' 'M' 'M' 'M' 'M']"
39601,2,172,6,166,26,0,0,"['M' 'M' 'M' 'M' 'M' 'M' 'M' 'M' 'M' 'M' 'M' 'U' 'M' 'M' 'M' 'M' 'M' 'M'
 'M' 'M' 'M' 'M' 'U' 'M' 'M' 'U' 'M' 'M' 'M' 'M' 'M' 'M' 'M' 'U' 'M' 'M'
 'M' 'M' 'M' 'M' 'U' 'M' 'M' 'M' 'M' 'M' 'M' 'M' 'M' 'M' 'M' 'M' 'M' 'M'
 'M' 'U' 'M' 'M' 'M' 'M' 'M' 'M' 'M' 'M' 'M' 'U' 'M' 'U' 'U' 'M' 'M' 'M'
 'M' 'M' 'M' 'M' 'M' 'U' 'M' 'M' 'M' 'M' 'M' 'U' 'M' 'M' 'M' 'M' 'U' 'U'
 'U' 'U' 'M' 'M' 'M' 'M' 'M' 'M' 'M' 'M' 'M' 'M' 'M' 'M' 'M' 'M' 'M' 'U'
 'M' 'M' 'M' 'M' 'M' 'M' 'M' 'M' 'M' 'M' 'M' 'M' 'M' 'M' 'M' 'M' 'M' 'M'
 'M' 'M' 'M' 'U' 'A' 'U' 'A' 'U' 'A' 'U' 'A' 'A' 'A' 'M' 'M' 'M' 'M' 'M'
 'M' 'M' 'M' 'M' 'M' 'M' 'M' 'M' 'M' 'M' 'M' 'M' 'M' 'M' 'M' 'M' 'M' 'M'
 'M' 'M' 'M' 'M' 'M' 'U' 'U' 'M' 'U' 'M' 'M' 'M' 'M' 'M' 'M' 'M' 'U' 'M'
 'M' 'M' 'M' 'M' 'M' 'M' 'M' 'M' 'M' 'M' 'M' 'U' 'U' 'M' 'M' 'M' 'M' 'M']"
39701,2,172,7,165,26,0,0,"['M' 'M' 'M' 'M' 'M' 'M' 'M' 'M' 'M' 'M' 'M' 'M' 'M' 'M' 'M' 'M' 'M' 'M'
 'M' 'U' 'M' 'M' 'U' 'M' 'M' 'M' 'M' 'M' 'M' 'M' 'M' 'M' 'M' 'U' 'M' 'M'
 'M' 'M' 'M' 'U' 'U' 'M' 'M' 'M' 'M' 'M' 'M' 'M' 'M' 'M' 'M' 'M' 'M' 'M'
 'M' 'U' 'M' 'U' 'M' 'M' 'M' 'M' 'M' 'M' 'M' 'M' 'M' 'M' 'M' 'U' 'M' 'M'
 'M' 'U' 'U' 'U' 'M' 'M' 'M' 'M' 'M' 'M' 'M' 'M' 'U' 'M' 'U' 'M' 'U' 'U'
 'M' 'M' 'U' 'M' 'M' 'M' 'M' 'M' 'M' 'M' 'M' 'M' 'M' 'M' 'M' 'M' 'U' 'U'
 'M' 'M' 'U' 'M' 'M' 'M' 'M' 'M' 'M' 'M' 'M' 'M' 'M' 'M' 'M' 'M' 'M' 'M'
 'M' 'M' 'M' 'U' 'A' 'A' 'A' 'A' 'U' 'A' 'A' 'U' 'A' 'M' 'M' 'M' 'M' 'M'
 'M' 'M' 'M' 'M' 'M' 'M' 'M' 'M' 'M' 'M' 'M' 'M' 'M' 'M' 'M' 'M' 'M' 'M'
 'M' 'M' 'M' 'M' 'M' 'M' 'U' 'M' 'U' 'M' 'M' 'M' 'M' 'M' 'M' 'M' 'U' 'M'
 'M' 'M' 'M' 'M' 'M' 'M' 'M' 'M' 'M' 'M' 'M' 'U' 'M' 'M' 'M' 'M' 'M' 'M']"
39801,2,170,9,161,28,0,0,"['M' 'M' 'M' 'M' 'U' 'M' 'M' 'M' 'M' 'M' 'M' 'M' 'M' 'M' 'M' 'U' 'M' 'M'
 'M' 'M' 'M' 'M' 'U' 'M' 'M' 'M' 'M' 'M' 'M' 'M' 'M' 'M' 'M' 'U' 'M' 'M'
 'M' 'M' 'U' 'U' 'U' 'M' 'M' 'M' 'M' 'M' 'M' 'M' 'M' 'M' 'M' 'M' 'M' 'M'
 'M' 'U' 'M' 'U' 'M' 'M' 'M' 'M' 'M' 'M' 'M' 'M' 'M' 'M' 'M' 'M' 'M' 'M'
 'U' 'U' 'M' 'U' 'M' 'M' 'M' 'U' 'U' 'M' 'M' 'U' 'M' 'U' 'U' 'M' 'M' 'U'
 'M' 'M' 'M' 'M' 'M' 'M' 'M' 'M' 'M' 'M' 'M' 'M' 'M' 'M' 'M' 'M' 'U' 'M'
 'M' 'M' 'M' 'M' 'M' 'M' 'U' 'M' 'M' 'M' 'M' 'M' 'M' 'M' 'M' 'M' 'M' 'M'
 'M' 'M' 'M' 'U' 'A' 'A' 'A' 'A' 'A' 'A' 'A' 'A' 'A' 'M' 'M' 'M' 'M' 'M'
 'M' 'M' 'U' 'M' 'M' 'M' 'M' 'M' 'U' 'M' 'M' 'M' 'M' 'M' 'M' 'M' 'M' 'M'
 'M' 'M' 'M' 'M' 'M' 'M' 'U' 'M' 'U' 'M' 'M' 'U' 'M' 'M' 'M' 'M' 'M' 'M'
 'M' 'M' 'M' 'U' 'M' 'M' 'M' 'M' 'M' 'M' 'M' 'U' 'M' 'M' 'M' 'M' 'M' 'M']"
39901,2,178,9,169,20,0,0,"['M' 'M' 'M' 'M' 'M' 'M' 'M' 'M' 'M' 'M' 'M' 'M' 'M' 'M' 'M' 'M' 'M' 'M'
 'M' 'M' 'M' 'M' 'M' 'M' 'M' 'M' 'M' 'M' 'M' 'M' 'M' 'M' 'M' 'M' 'M' 'M'
 'M' 'M' 'M' 'U' 'U' 'M' 'M' 'M' 'M' 'M' 'M' 'M' 'M' 'M' 'M' 'M' 'M' 'M'
 'M' 'U' 'M' 'U' 'M' 'M' 'M' 'M' 'M' 'M' 'M' 'M' 'M' 'M' 'M' 'M' 'U' 'U'
 'M' 'M' 'M' 'U' 'M' 'U' 'M' 'M' 'M' 'M' 'M' 'M' 'U' 'M' 'M' 'U' 'M' 'M'
 'U' 'M' 'U' 'M' 'U' 'M' 'M' 'M' 'M' 'M' 'M' 'M' 'M' 'M' 'M' 'M' 'U' 'M'
 'M' 'M' 'M' 'M' 'M' 'M' 'M' 'M' 'M' 'M' 'M' 'M' 'M' 'M' 'M' 'M' 'M' 'M'
 'M' 'M' 'M' 'M' 'A' 'A' 'A' 'A' 'A' 'A' 'A' 'A' 'A' 'M' 'U' 'M' 'M' 'M'
 'M' 'M' 'M' 'M' 'M' 'M' 'M' 'M' 'U' 'M' 'M' 'M' 'M' 'M' 'M' 'M' 'M' 'M'
 'M' 'M' 'M' 'M' 'M' 'M' 'U' 'M' 'M' 'M' 'M' 'U' 'M' 'M' 'M' 'M' 'M' 'U'
 'M' 'M' 'M' 'M' 'M' 'M' 'M' 'M' 'M' 'M' 'M' 'U' 'M' 'M' 'M' 'M' 'M' 'M']"
40001,2,179,9,170,19,0,0,"['M' 'M' 'M' 'M' 'M' 'M' 'M' 'M' 'M' 'M' 'M' 'M' 'M' 'M' 'M' 'M' 'M' 'M'
 'M' 'M' 'M' 'M' 'M' 'M' 'M' 'M' 'M' 'M' 'M' 'M' 'M' 'M' 'M' 'M' 'M' 'M'
 'M' 'M' 'M' 'M' 'U' 'M' 'M' 'M' 'M' 'M' 'M' 'M' 'M' 'M' 'M' 'A' 'M' 'M'
 'M' 'M' 'M' 'U' 'M' 'M' 'M' 'M' 'M' 'M' 'M' 'M' 'U' 'U' 'M' 'U' 'M' 'M'
 'M' 'M' 'M' 'M' 'M' 'M' 'M' 'M' 'M' 'U' 'M' 'U' 'M' 'U' 'M' 'U' 'M' 'U'
 'U' 'M' 'M' 'M' 'M' 'M' 'M' 'M' 'M' 'M' 'M' 'M' 'M' 'M' 'M' 'M' 'U' 'M'
 'M' 'U' 'M' 'M' 'M' 'M' 'M' 'M' 'M' 'U' 'M' 'M' 'M' 'M' 'M' 'M' 'M' 'M'
 'U' 'U' 'M' 'M' 'A' 'A' 'A' 'A' 'A' 'A' 'A' 'U' 'A' 'M' 'U' 'M' 'M' 'M'
 'M' 'M' 'M' 'U' 'M' 'M' 'M' 'M' 'M' 'M' 'M' 'M' 'M' 'M' 'M' 'M' 'M' 'M'
 'M' 'M' 'M' 'M' 'M' 'M' 'M' 'M' 'M' 'M' 'M' 'M' 'M' 'M' 'M' 'M' 'M' 'M'
 'M' 'M' 'M' 'M' 'M' 'M' 'M' 'M' 'M' 'M' 'M' 'M' 'M' 'M' 'M' 'M' 'M' 'M']"
40101,2,178,7,171,20,0,0,"['M' 'M' 'M' 'M' 'M' 'M' 'M' 'M' 'M' 'M' 'M' 'M' 'M' 'M' 'M' 'M' 'M' 'M'
 'M' 'M' 'M' 'M' 'M' 'M' 'M' 'U' 'M' 'M' 'M' 'M' 'M' 'M' 'M' 'M' 'M' 'M'
 'M' 'M' 'M' 'M' 'U' 'M' 'M' 'M' 'M' 'M' 'M' 'M' 'M' 'M' 'M' 'A' 'M' 'M'
 'M' 'M' 'M' 'M' 'M' 'M' 'M' 'M' 'M' 'M' 'M' 'M' 'M' 'M' 'M' 'U' 'M' 'M'
 'M' 'M' 'M' 'U' 'M' 'M' 'U' 'U' 'U' 'U' 'M' 'M' 'M' 'U' 'M' 'M' 'M' 'M'
 'M' 'M' 'M' 'U' 'U' 'M' 'M' 'M' 'M' 'M' 'M' 'M' 'M' 'M' 'M' 'M' 'U' 'M'
 'M' 'U' 'M' 'M' 'M' 'M' 'M' 'M' 'M' 'U' 'M' 'M' 'M' 'M' 'U' 'M' 'M' 'M'
 'M' 'M' 'M' 'M' 'A' 'M' 'U' 'A' 'A' 'A' 'A' 'U' 'A' 'M' 'U' 'M' 'M' 'M'
 'M' 'M' 'M' 'U' 'M' 'M' 'M' 'M' 'M' 'M' 'M' 'M' 'M' 'M' 'M' 'M' 'U' 'M'
 'M' 'M' 'M' 'M' 'M' 'M' 'M' 'M' 'M' 'M' 'M' 'M' 'M' 'M' 'M' 'M' 'M' 'M'
 'M' 'M' 'M' 'M' 'M' 'M' 'M' 'M' 'M' 'M' 'M' 'M' 'M' 'M' 'M' 'M' 'M' 'M']"
40201,2,181,7,174,17,0,0,"['M' 'M' 'M' 'M' 'M' 'M' 'M' 'M' 'M' 'M' 'M' 'M' 'M' 'M' 'M' 'M' 'M' 'M'
 'M' 'M' 'U' 'M' 'M' 'M' 'M' 'U' 'M' 'M' 'M' 'M' 'M' 'M' 'M' 'M' 'M' 'M'
 'M' 'M' 'M' 'M' 'U' 'M' 'M' 'M' 'M' 'M' 'M' 'M' 'M' 'M' 'M' 'A' 'M' 'M'
 'M' 'M' 'M' 'M' 'M' 'M' 'M' 'M' 'M' 'M' 'M' 'M' 'M' 'U' 'U' 'M' 'M' 'M'
 'M' 'M' 'M' 'M' 'U' 'M' 'U' 'U' 'M' 'U' 'U' 'M' 'M' 'U' 'M' 'M' 'M' 'U'
 'M' 'M' 'M' 'M' 'M' 'M' 'M' 'M' 'M' 'M' 'M' 'M' 'M' 'M' 'M' 'M' 'U' 'M'
 'M' 'U' 'M' 'M' 'M' 'M' 'M' 'M' 'M' 'U' 'M' 'M' 'M' 'M' 'M' 'M' 'M' 'M'
 'U' 'M' 'M' 'M' 'A' 'M' 'A' 'A' 'A' 'A' 'M' 'M' 'A' 'M' 'M' 'M' 'M' 'M'
 'M' 'M' 'M' 'U' 'M' 'M' 'M' 'M' 'M' 'M' 'M' 'M' 'M' 'M' 'M' 'M' 'M' 'M'
 'M' 'M' 'M' 'M' 'M' 'M' 'M' 'M' 'M' 'M' 'M' 'M' 'M' 'M' 'M' 'M' 'M' 'M'
 'M' 'M' 'M' 'M' 'M' 'M' 'M' 'M' 'M' 'M' 'M' 'M' 'M' 'M' 'M' 'M' 'M' 'M']"
40301,2,181,6,175,17,0,0,"['M' 'M' 'M' 'M' 'M' 'M' 'M' 'M' 'M' 'M' 'M' 'M' 'M' 'M' 'M' 'M' 'M' 'M'
 'M' 'M' 'U' 'M' 'M' 'M' 'M' 'M' 'M' 'M' 'M' 'M' 'M' 'M' 'M' 'M' 'M' 'M'
 'M' 'M' 'M' 'M' 'U' 'M' 'M' 'M' 'M' 'M' 'M' 'M' 'M' 'M' 'M' 'A' 'M' 'M'
 'M' 'M' 'M' 'M' 'M' 'M' 'M' 'M' 'M' 'U' 'M' 'M' 'U' 'M' 'M' 'M' 'M' 'M'
 'U' 'M' 'M' 'U' 'U' 'M' 'M' 'M' 'M' 'M' 'M' 'M' 'U' 'M' 'U' 'M' 'U' 'M'
 'M' 'U' 'U' 'M' 'M' 'M' 'M' 'M' 'M' 'M' 'M' 'M' 'M' 'M' 'M' 'M' 'U' 'M'
 'M' 'U' 'M' 'M' 'M' 'M' 'M' 'M' 'M' 'M' 'M' 'M' 'M' 'M' 'M' 'M' 'M' 'M'
 'M' 'M' 'M' 'M' 'A' 'M' 'A' 'A' 'A' 'A' 'M' 'M' 'U' 'M' 'M' 'M' 'M' 'M'
 'M' 'M' 'M' 'U' 'M' 'M' 'M' 'M' 'M' 'M' 'M' 'M' 'M' 'M' 'M' 'M' 'M' 'M'
 'M' 'M' 'M' 'M' 'M' 'M' 'M' 'M' 'M' 'M' 'M' 'M' 'M' 'M' 'M' 'M' 'M' 'M'
 'M' 'M' 'M' 'M' 'M' 'M' 'M' 'M' 'M' 'M' 'U' 'M' 'M' 'M' 'M' 'M' 'M' 'M']"
40401,2,179,4,175,19,0,0,"['M' 'M' 'M' 'M' 'M' 'M' 'M' 'M' 'M' 'M' 'M' 'M' 'M' 'M' 'M' 'M' 'M' 'M'
 'M' 'M' 'U' 'M' 'M' 'M' 'M' 'M' 'M' 'M' 'M' 'M' 'M' 'M' 'M' 'M' 'M' 'M'
 'M' 'M' 'M' 'M' 'M' 'M' 'M' 'M' 'M' 'M' 'M' 'M' 'M' 'M' 'M' 'U' 'M' 'M'
 'M' 'M' 'M' 'M' 'M' 'M' 'M' 'M' 'M' 'U' 'M' 'M' 'M' 'M' 'M' 'M' 'M' 'M'
 'M' 'U' 'U' 'M' 'M' 'M' 'M' 'M' 'U' 'U' 'M' 'U' 'M' 'U' 'M' 'M' 'U' 'U'
 'M' 'M' 'M' 'M' 'U' 'M' 'M' 'M' 'M' 'M' 'M' 'M' 'M' 'M' 'M' 'M' 'U' 'M'
 'M' 'M' 'M' 'M' 'M' 'M' 'M' 'M' 'M' 'M' 'M' 'M' 'M' 'M' 'M' 'M' 'M' 'M'
 'M' 'M' 'M' 'M' 'A' 'U' 'A' 'A' 'U' 'U' 'M' 'U' 'A' 'M' 'M' 'M' 'M' 'M'
 'M' 'M' 'M' 'U' 'M' 'M' 'M' 'M' 'M' 'M' 'M' 'M' 'M' 'M' 'M' 'M' 'M' 'U'
 'M' 'M' 'M' 'M' 'M' 'M' 'M' 'M' 'M' 'M' 'M' 'M' 'M' 'M' 'M' 'M' 'M' 'M'
 'M' 'M' 'M' 'M' 'M' 'M' 'M' 'M' 'M' 'M' 'M' 'M' 'M' 'M' 'M' 'M' 'M' 'M']"
40501,3,183,9,174,15,0,0,"['M' 'M' 'M' 'M' 'M' 'M' 'M' 'M' 'M' 'M' 'M' 'M' 'M' 'M' 'M' 'M' 'M' 'M'
 'M' 'M' 'U' 'M' 'M' 'M' 'M' 'M' 'M' 'M' 'M' 'M' 'M' 'M' 'M' 'M' 'M' 'M'
 'M' 'M' 'M' 'M' 'M' 'M' 'M' 'M' 'M' 'M' 'M' 'M' 'M' 'M' 'M' 'U' 'M' 'M'
 'M' 'M' 'M' 'M' 'M' 'M' 'M' 'M' 'M' 'M' 'M' 'M' 'M' 'M' 'U' 'M' 'M' 'U'
 'M' 'M' 'M' 'U' 'U' 'U' 'M' 'M' 'M' 'M' 'M' 'M' 'M' 'M' 'M' 'M' 'U' 'M'
 'U' 'M' 'M' 'U' 'U' 'M' 'M' 'M' 'M' 'M' 'M' 'M' 'M' 'M' 'M' 'M' 'M' 'M'
 'M' 'M' 'M' 'M' 'M' 'M' 'M' 'M' 'M' 'M' 'M' 'M' 'M' 'M' 'M' 'M' 'M' 'M'
 'M' 'M' 'M' 'M' 'A' 'A' 'A' 'A' 'A' 'A' 'A' 'A' 'A' 'M' 'M' 'M' 'M' 'M'
 'M' 'M' 'M' 'U' 'M' 'M' 'M' 'M' 'M' 'M' 'M' 'M' 'M' 'M' 'M' 'M' 'M' 'U'
 'M' 'U' 'M' 'M' 'M' 'M' 'M' 'M' 'M' 'M' 'M' 'M' 'M' 'M' 'M' 'M' 'M' 'M'
 'M' 'M' 'M' 'M' 'M' 'M' 'M' 'M' 'M' 'M' 'M' 'M' 'M' 'M' 'M' 'M' 'M' 'U']"
40601,2,177,9,168,21,0,0,"['M' 'M' 'M' 'M' 'M' 'M' 'M' 'M' 'M' 'U' 'M' 'M' 'M' 'M' 'M' 'M' 'M' 'M'
 'M' 'M' 'U' 'M' 'M' 'M' 'M' 'M' 'M' 'M' 'M' 'M' 'M' 'M' 'M' 'M' 'M' 'M'
 'M' 'M' 'M' 'M' 'M' 'M' 'M' 'M' 'M' 'M' 'M' 'M' 'M' 'U' 'M' 'M' 'M' 'M'
 'M' 'U' 'U' 'M' 'M' 'M' 'M' 'M' 'M' 'M' 'M' 'M' 'M' 'U' 'M' 'M' 'U' 'M'
 'U' 'M' 'M' 'U' 'U' 'M' 'U' 'M' 'M' 'M' 'M' 'M' 'U' 'M' 'M' 'M' 'U' 'M'
 'U' 'M' 'M' 'M' 'M' 'M' 'M' 'M' 'M' 'M' 'M' 'M' 'M' 'M' 'M' 'M' 'M' 'M'
 'M' 'M' 'M' 'M' 'M' 'M' 'M' 'M' 'M' 'M' 'M' 'M' 'M' 'M' 'M' 'M' 'M' 'M'
 'M' 'M' 'M' 'M' 'A' 'A' 'A' 'A' 'A' 'A' 'A' 'A' 'A' 'M' 'M' 'U' 'M' 'M'
 'M' 'M' 'M' 'U' 'M' 'M' 'M' 'M' 'M' 'M' 'M' 'M' 'M' 'M' 'M' 'M' 'M' 'U'
 'M' 'M' 'M' 'M' 'M' 'M' 'M' 'M' 'M' 'U' 'M' 'M' 'M' 'M' 'M' 'M' 'M' 'M'
 'M' 'M' 'U' 'M' 'M' 'M' 'M' 'M' 'M' 'M' 'M' 'M' 'U' 'M' 'M' 'M' 'M' 'U']"
40701,2,177,8,169,21,0,0,"['M' 'M' 'M' 'M' 'M' 'M' 'M' 'M' 'M' 'U' 'M' 'M' 'M' 'M' 'M' 'M' 'M' 'M'
 'M' 'M' 'M' 'M' 'M' 'M' 'M' 'M' 'M' 'M' 'M' 'M' 'M' 'M' 'M' 'M' 'M' 'M'
 'M' 'M' 'M' 'M' 'M' 'M' 'M' 'M' 'U' 'M' 'M' 'M' 'M' 'M' 'M' 'M' 'M' 'M'
 'M' 'U' 'U' 'M' 'M' 'M' 'M' 'M' 'M' 'M' 'M' 'U' 'U' 'M' 'U' 'U' 'M' 'M'
 'M' 'M' 'M' 'M' 'M' 'U' 'M' 'U' 'M' 'M' 'M' 'U' 'M' 'M' 'M' 'U' 'M' 'M'
 'M' 'M' 'U' 'M' 'M' 'M' 'M' 'M' 'M' 'M' 'M' 'M' 'M' 'M' 'M' 'M' 'M' 'M'
 'M' 'M' 'U' 'M' 'M' 'M' 'M' 'M' 'M' 'M' 'M' 'M' 'U' 'M' 'M' 'M' 'M' 'M'
 'M' 'M' 'M' 'M' 'A' 'A' 'A' 'U' 'A' 'A' 'A' 'A' 'A' 'M' 'M' 'U' 'M' 'M'
 'M' 'M' 'M' 'M' 'M' 'M' 'M' 'M' 'M' 'M' 'M' 'M' 'M' 'M' 'M' 'M' 'M' 'U'
 'M' 'M' 'M' 'M' 'M' 'M' 'M' 'M' 'M' 'U' 'M' 'M' 'M' 'M' 'M' 'M' 'M' 'M'
 'M' 'M' 'U' 'M' 'M' 'M' 'M' 'M' 'M' 'M' 'M' 'M' 'U' 'M' 'M' 'M' 'M' 'M']"
40801,3,176,6,170,22,0,0,"['M' 'M' 'M' 'M' 'M' 'M' 'M' 'M' 'M' 'U' 'M' 'M' 'M' 'M' 'M' 'M' 'M' 'M'
 'M' 'M' 'M' 'M' 'M' 'M' 'M' 'U' 'M' 'M' 'M' 'M' 'M' 'M' 'M' 'M' 'M' 'M'
 'M' 'M' 'M' 'M' 'M' 'M' 'M' 'M' 'U' 'M' 'M' 'M' 'M' 'M' 'M' 'M' 'M' 'M'
 'U' 'U' 'M' 'M' 'M' 'M' 'M' 'M' 'M' 'M' 'M' 'M' 'U' 'M' 'U' 'U' 'U' 'M'
 'U' 'M' 'U' 'M' 'M' 'M' 'M' 'U' 'M' 'M' 'M' 'U' 'M' 'U' 'M' 'M' 'M' 'M'
 'M' 'M' 'M' 'M' 'M' 'M' 'M' 'M' 'M' 'M' 'M' 'M' 'M' 'M' 'M' 'M' 'M' 'M'
 'M' 'M' 'M' 'M' 'M' 'M' 'M' 'M' 'M' 'M' 'M' 'M' 'M' 'M' 'M' 'M' 'M' 'M'
 'M' 'M' 'M' 'U' 'A' 'A' 'A' 'A' 'A' 'U' 'A' 'U' 'U' 'M' 'M' 'U' 'M' 'M'
 'M' 'U' 'M' 'M' 'M' 'M' 'M' 'M' 'M' 'M' 'M' 'M' 'M' 'M' 'M' 'M' 'M' 'U'
 'M' 'M' 'M' 'M' 'M' 'M' 'M' 'M' 'M' 'M' 'M' 'M' 'M' 'M' 'M' 'M' 'M' 'M'
 'M' 'M' 'U' 'M' 'M' 'M' 'M' 'M' 'M' 'M' 'M' 'M' 'M' 'M' 'M' 'M' 'M' 'M']"
40901,2,176,8,168,22,0,0,"['M' 'M' 'M' 'M' 'M' 'M' 'M' 'M' 'M' 'U' 'M' 'M' 'M' 'M' 'M' 'M' 'M' 'M'
 'M' 'M' 'M' 'M' 'M' 'M' 'M' 'U' 'M' 'M' 'M' 'M' 'M' 'M' 'M' 'M' 'M' 'M'
 'M' 'M' 'M' 'U' 'M' 'M' 'M' 'M' 'U' 'M' 'M' 'M' 'M' 'M' 'M' 'M' 'M' 'M'
 'M' 'U' 'M' 'M' 'M' 'M' 'M' 'M' 'U' 'M' 'M' 'U' 'U' 'M' 'M' 'M' 'M' 'M'
 'M' 'M' 'M' 'M' 'U' 'M' 'U' 'M' 'M' 'M' 'M' 'U' 'M' 'M' 'U' 'M' 'M' 'M'
 'U' 'U' 'M' 'M' 'U' 'M' 'M' 'M' 'M' 'M' 'M' 'M' 'M' 'M' 'M' 'M' 'M' 'M'
 'M' 'M' 'M' 'M' 'M' 'M' 'M' 'U' 'M' 'M' 'M' 'M' 'M' 'M' 'U' 'M' 'M' 'M'
 'M' 'M' 'M' 'U' 'A' 'U' 'A' 'A' 'A' 'A' 'A' 'A' 'A' 'M' 'M' 'U' 'M' 'M'
 'M' 'U' 'M' 'M' 'M' 'M' 'M' 'M' 'M' 'M' 'M' 'M' 'M' 'M' 'M' 'M' 'M' 'M'
 'M' 'M' 'M' 'M' 'M' 'M' 'M' 'M' 'M' 'M' 'M' 'M' 'M' 'M' 'M' 'M' 'M' 'M'
 'M' 'M' 'U' 'M' 'M' 'M' 'M' 'M' 'M' 'M' 'M' 'M' 'M' 'M' 'M' 'M' 'M' 'M']"
41001,2,176,6,170,22,1,0,"['M' 'M' 'M' 'M' 'M' 'U' 'M' 'M' 'M' 'M' 'M' 'M' 'M' 'M' 'M' 'M' 'M' 'M'
 'M' 'M' 'M' 'M' 'M' 'M' 'M' 'M' 'M' 'M' 'M' 'M' 'M' 'M' 'M' 'M' 'M' 'M'
 'M' 'M' 'M' 'M' 'M' 'M' 'M' 'M' 'U' 'M' 'M' 'M' 'M' 'M' 'M' 'M' 'M' 'M'
 'M' 'U' 'M' 'M' 'M' 'M' 'M' 'M' 'M' 'M' 'M' 'M' 'M' 'M' 'M' 'M' 'M' 'M'
 'U' 'M' 'M' 'U' 'M' 'M' 'U' 'M' 'M' 'M' 'M' 'U' 'U' 'U' 'M' 'M' 'M' 'U'
 'U' 'M' 'M' 'M' 'U' 'M' 'M' 'M' 'M' 'M' 'U' 'M' 'U' 'M' 'M' 'M' 'M' 'M'
 'M' 'M' 'M' 'M' 'M' 'M' 'M' 'M' 'M' 'M' 'M' 'M' 'M' 'M' 'U' 'M' 'U' 'M'
 'M' 'M' 'M' 'U' 'A' 'U' 'M' 'A' 'A' 'A' 'A' 'A' 'U' 'M' 'M' 'M' 'M' 'M'
 'M' 'U' 'M' 'U' 'M' 'M' 'M' 'M' 'M' 'M' 'M' 'M' 'M' 'M' 'M' 'M' 'M' 'M'
 'M' 'M' 'M' 'M' 'M' 'M' 'M' 'M' 'M' 'M' 'M' 'M' 'M' 'M' 'M' 'M' 'M' 'M'
 'M' 'M' 'U' 'M' 'M' 'M' 'M' 'M' 'M' 'M' 'M' 'M' 'M' 'M' 'M' 'M' 'M' 'M']"
41101,2,184,8,176,14,0,0,"['M' 'M' 'M' 'M' 'M' 'M' 'M' 'M' 'M' 'M' 'M' 'M' 'M' 'M' 'M' 'M' 'M' 'M'
 'M' 'M' 'M' 'M' 'M' 'M' 'M' 'M' 'M' 'M' 'M' 'M' 'M' 'M' 'M' 'M' 'M' 'M'
 'M' 'M' 'M' 'M' 'M' 'M' 'M' 'M' 'M' 'M' 'M' 'M' 'M' 'M' 'M' 'M' 'M' 'M'
 'M' 'M' 'M' 'M' 'M' 'M' 'M' 'M' 'M' 'M' 'M' 'U' 'U' 'M' 'M' 'M' 'M' 'M'
 'M' 'M' 'U' 'U' 'M' 'M' 'U' 'U' 'M' 'M' 'U' 'M' 'M' 'U' 'M' 'U' 'M' 'M'
 'M' 'M' 'M' 'M' 'M' 'M' 'M' 'M' 'M' 'M' 'U' 'M' 'M' 'M' 'M' 'M' 'M' 'M'
 'M' 'M' 'M' 'M' 'M' 'M' 'M' 'M' 'M' 'M' 'M' 'M' 'M' 'M' 'M' 'M' 'U' 'M'
 'M' 'M' 'M' 'M' 'A' 'A' 'A' 'A' 'A' 'A' 'A' 'A' 'U' 'M' 'M' 'M' 'M' 'M'
 'M' 'U' 'M' 'U' 'M' 'M' 'M' 'M' 'M' 'M' 'M' 'M' 'M' 'M' 'M' 'M' 'M' 'M'
 'M' 'M' 'M' 'M' 'M' 'M' 'M' 'M' 'M' 'M' 'M' 'M' 'M' 'M' 'M' 'M' 'M' 'M'
 'M' 'M' 'M' 'M' 'M' 'M' 'M' 'M' 'M' 'M' 'M' 'M' 'M' 'M' 'M' 'M' 'M' 'M']"
41201,2,182,7,175,16,0,1,"['M' 'M' 'M' 'M' 'M' 'M' 'M' 'M' 'M' 'M' 'M' 'M' 'M' 'M' 'M' 'M' 'M' 'M'
 'M' 'M' 'M' 'M' 'M' 'M' 'U' 'M' 'M' 'M' 'M' 'M' 'M' 'M' 'M' 'M' 'M' 'M'
 'M' 'M' 'M' 'M' 'M' 'M' 'M' 'M' 'M' 'M' 'M' 'M' 'M' 'M' 'M' 'M' 'M' 'M'
 'M' 'M' 'M' 'M' 'M' 'M' 'M' 'M' 'M' 'M' 'M' 'M' 'U' 'U' 'U' 'M' 'M' 'M'
 'M' 'M' 'M' 'U' 'U' 'M' 'M' 'U' 'U' 'M' 'M' 'M' 'M' 'M' 'M' 'M' 'U' 'M'
 'M' 'M' 'U' 'M' 'M' 'M' 'M' 'M' 'M' 'M' 'U' 'M' 'M' 'M' 'M' 'M' 'M' 'M'
 'M' 'M' 'M' 'M' 'M' 'M' 'M' 'M' 'M' 'M' 'M' 'M' 'M' 'M' 'M' 'M' 'U' 'M'
 'M' 'M' 'M' 'M' 'U' 'U' 'A' 'A' 'A' 'A' 'A' 'A' 'A' 'M' 'M' 'M' 'M' 'M'
 'M' 'U' 'M' 'M' 'M' 'M' 'M' 'M' 'M' 'M' 'M' 'M' 'M' 'M' 'M' 'M' 'M' 'M'
 'M' 'M' 'M' 'M' 'M' 'M' 'M' 'M' 'M' 'M' 'M' 'M' 'M' 'M' 'M' 'M' 'M' 'M'
 'M' 'M' 'M' 'M' 'M' 'M' 'M' 'M' 'M' 'M' 'M' 'M' 'M' 'M' 'U' 'M' 'M' 'M']"
41301,2,179,8,171,19,0,0,"['M' 'M' 'M' 'M' 'M' 'M' 'M' 'M' 'M' 'M' 'M' 'M' 'U' 'M' 'M' 'M' 'M' 'M'
 'M' 'M' 'M' 'M' 'M' 'M' 'U' 'M' 'M' 'M' 'M' 'M' 'M' 'M' 'M' 'M' 'M' 'M'
 'M' 'M' 'M' 'M' 'M' 'M' 'M' 'M' 'M' 'M' 'M' 'M' 'M' 'M' 'M' 'M' 'M' 'M'
 'M' 'M' 'M' 'U' 'M' 'M' 'M' 'M' 'M' 'M' 'M' 'M' 'M' 'M' 'M' 'U' 'U' 'U'
 'M' 'M' 'U' 'M' 'M' 'M' 'M' 'M' 'M' 'M' 'M' 'U' 'M' 'M' 'M' 'U' 'U' 'M'
 'U' 'M' 'U' 'M' 'M' 'M' 'M' 'M' 'U' 'M' 'U' 'M' 'M' 'M' 'M' 'M' 'M' 'M'
 'M' 'M' 'M' 'M' 'M' 'M' 'M' 'M' 'M' 'M' 'M' 'M' 'M' 'M' 'M' 'M' 'U' 'M'
 'M' 'M' 'U' 'M' 'A' 'U' 'A' 'A' 'A' 'A' 'A' 'A' 'A' 'M' 'M' 'M' 'M' 'M'
 'U' 'U' 'M' 'M' 'M' 'M' 'M' 'M' 'M' 'M' 'M' 'M' 'M' 'M' 'M' 'M' 'M' 'M'
 'M' 'M' 'M' 'M' 'M' 'M' 'M' 'M' 'M' 'M' 'M' 'M' 'M' 'M' 'M' 'M' 'M' 'M'
 'M' 'M' 'M' 'M' 'M' 'M' 'M' 'M' 'M' 'M' 'M' 'M' 'M' 'M' 'M' 'M' 'M' 'M']"
41401,2,176,4,172,22,0,0,"['M' 'M' 'M' 'M' 'M' 'M' 'M' 'M' 'M' 'M' 'M' 'M' 'U' 'M' 'U' 'M' 'M' 'M'
 'M' 'M' 'M' 'M' 'M' 'M' 'M' 'M' 'M' 'M' 'M' 'M' 'M' 'M' 'M' 'M' 'M' 'M'
 'M' 'M' 'M' 'M' 'M' 'M' 'M' 'M' 'M' 'M' 'M' 'M' 'M' 'M' 'M' 'M' 'M' 'M'
 'M' 'M' 'M' 'U' 'U' 'M' 'M' 'M' 'M' 'M' 'M' 'M' 'M' 'U' 'U' 'M' 'M' 'M'
 'M' 'M' 'M' 'M' 'M' 'U' 'M' 'U' 'M' 'M' 'U' 'M' 'U' 'U' 'U' 'M' 'M' 'M'
 'U' 'M' 'M' 'M' 'M' 'M' 'M' 'M' 'U' 'M' 'M' 'M' 'M' 'M' 'M' 'M' 'M' 'U'
 'M' 'M' 'M' 'M' 'M' 'M' 'M' 'M' 'M' 'M' 'M' 'M' 'M' 'M' 'M' 'M' 'M' 'M'
 'M' 'M' 'U' 'M' 'A' 'U' 'U' 'A' 'M' 'A' 'M' 'U' 'A' 'M' 'M' 'M' 'M' 'M'
 'U' 'U' 'M' 'M' 'M' 'M' 'M' 'M' 'M' 'M' 'M' 'M' 'M' 'M' 'U' 'M' 'M' 'M'
 'M' 'M' 'M' 'M' 'M' 'M' 'M' 'M' 'M' 'M' 'M' 'M' 'M' 'M' 'M' 'M' 'M' 'M'
 'M' 'M' 'M' 'M' 'M' 'M' 'M' 'M' 'M' 'M' 'M' 'M' 'M' 'M' 'M' 'M' 'M' 'M']"
41501,2,171,1,170,27,0,0,"['M' 'M' 'M' 'M' 'M' 'M' 'M' 'U' 'M' 'M' 'M' 'M' 'U' 'M' 'M' 'M' 'M' 'M'
 'M' 'M' 'M' 'M' 'M' 'M' 'M' 'M' 'M' 'M' 'M' 'M' 'M' 'M' 'M' 'M' 'M' 'M'
 'M' 'M' 'M' 'M' 'M' 'M' 'M' 'M' 'M' 'M' 'M' 'M' 'M' 'M' 'M' 'M' 'M' 'M'
 'M' 'M' 'M' 'U' 'U' 'M' 'M' 'M' 'M' 'M' 'M' 'M' 'U' 'M' 'M' 'M' 'M' 'U'
 'M' 'U' 'M' 'U' 'M' 'M' 'M' 'M' 'M' 'M' 'M' 'M' 'M' 'U' 'U' 'M' 'M' 'U'
 'M' 'M' 'M' 'U' 'U' 'M' 'M' 'M' 'M' 'M' 'M' 'M' 'M' 'M' 'M' 'M' 'M' 'U'
 'M' 'M' 'M' 'M' 'M' 'M' 'M' 'U' 'M' 'M' 'M' 'M' 'M' 'M' 'M' 'M' 'M' 'M'
 'M' 'M' 'U' 'M' 'A' 'U' 'U' 'U' 'M' 'U' 'M' 'U' 'U' 'M' 'M' 'M' 'M' 'M'
 'U' 'U' 'M' 'M' 'M' 'M' 'M' 'U' 'M' 'M' 'M' 'M' 'M' 'M' 'M' 'M' 'M' 'M'
 'M' 'M' 'M' 'M' 'M' 'M' 'M' 'M' 'M' 'M' 'M' 'M' 'M' 'M' 'M' 'M' 'M' 'M'
 'M' 'U' 'M' 'M' 'M' 'M' 'M' 'M' 'M' 'M' 'M' 'U' 'M' 'M' 'M' 'M' 'M' 'M']"
41601,2,176,7,169,22,0,1,"['M' 'M' 'M' 'M' 'M' 'M' 'M' 'U' 'M' 'M' 'M' 'M' 'M' 'M' 'M' 'M' 'M' 'M'
 'M' 'M' 'M' 'M' 'U' 'M' 'M' 'M' 'M' 'M' 'M' 'M' 'M' 'M' 'M' 'M' 'M' 'M'
 'M' 'M' 'M' 'M' 'M' 'M' 'M' 'M' 'M' 'M' 'M' 'M' 'M' 'M' 'M' 'M' 'M' 'M'
 'M' 'M' 'M' 'M' 'U' 'M' 'M' 'M' 'M' 'M' 'M' 'M' 'M' 'M' 'M' 'M' 'M' 'M'
 'U' 'U' 'M' 'M' 'M' 'U' 'M' 'U' 'M' 'U' 'M' 'M' 'U' 'M' 'M' 'M' 'M' 'M'
 'U' 'M' 'U' 'U' 'M' 'M' 'M' 'M' 'M' 'M' 'M' 'M' 'M' 'M' 'M' 'M' 'M' 'U'
 'M' 'M' 'M' 'M' 'M' 'M' 'M' 'U' 'M' 'M' 'M' 'M' 'M' 'M' 'M' 'M' 'M' 'M'
 'M' 'M' 'U' 'M' 'A' 'U' 'A' 'A' 'A' 'A' 'U' 'A' 'A' 'M' 'M' 'U' 'M' 'M'
 'U' 'U' 'M' 'M' 'M' 'M' 'M' 'M' 'M' 'M' 'M' 'M' 'M' 'M' 'M' 'M' 'M' 'M'
 'M' 'M' 'M' 'M' 'M' 'M' 'M' 'M' 'M' 'M' 'M' 'M' 'M' 'M' 'M' 'M' 'M' 'M'
 'M' 'U' 'M' 'M' 'M' 'M' 'M' 'M' 'M' 'M' 'M' 'U' 'M' 'M' 'M' 'M' 'M' 'M']"
41701,2,180,9,171,18,0,0,"['M' 'M' 'M' 'M' 'M' 'M' 'M' 'U' 'M' 'M' 'M' 'M' 'M' 'M' 'M' 'M' 'M' 'M'
 'M' 'M' 'M' 'M' 'A' 'M' 'M' 'M' 'M' 'M' 'M' 'M' 'M' 'M' 'M' 'M' 'M' 'M'
 'M' 'U' 'M' 'M' 'M' 'M' 'M' 'M' 'M' 'M' 'M' 'M' 'M' 'M' 'M' 'M' 'M' 'M'
 'M' 'M' 'M' 'M' 'U' 'M' 'M' 'M' 'M' 'M' 'U' 'U' 'U' 'M' 'M' 'U' 'U' 'M'
 'M' 'M' 'M' 'M' 'M' 'U' 'M' 'M' 'M' 'M' 'U' 'M' 'M' 'M' 'M' 'U' 'U' 'M'
 'M' 'M' 'M' 'U' 'M' 'M' 'M' 'M' 'M' 'M' 'M' 'M' 'M' 'M' 'M' 'M' 'M' 'M'
 'M' 'M' 'M' 'M' 'M' 'M' 'M' 'U' 'M' 'M' 'M' 'M' 'M' 'M' 'M' 'M' 'M' 'M'
 'M' 'M' 'M' 'M' 'A' 'A' 'A' 'A' 'U' 'A' 'A' 'A' 'A' 'M' 'M' 'U' 'M' 'M'
 'U' 'M' 'M' 'M' 'M' 'M' 'M' 'M' 'M' 'M' 'M' 'M' 'M' 'M' 'M' 'M' 'M' 'M'
 'M' 'M' 'M' 'M' 'M' 'M' 'M' 'M' 'M' 'M' 'M' 'M' 'M' 'M' 'M' 'M' 'M' 'M'
 'M' 'M' 'M' 'M' 'M' 'M' 'M' 'M' 'M' 'M' 'M' 'U' 'M' 'M' 'M' 'M' 'M' 'M']"
41801,2,176,7,169,22,0,1,"['M' 'M' 'M' 'M' 'M' 'M' 'M' 'M' 'U' 'M' 'M' 'M' 'M' 'M' 'M' 'M' 'M' 'M'
 'M' 'M' 'M' 'M' 'U' 'M' 'M' 'M' 'M' 'M' 'M' 'M' 'M' 'U' 'M' 'M' 'M' 'M'
 'U' 'U' 'M' 'M' 'M' 'M' 'M' 'M' 'M' 'M' 'M' 'M' 'M' 'M' 'M' 'M' 'M' 'U'
 'M' 'M' 'M' 'M' 'U' 'M' 'M' 'M' 'M' 'M' 'U' 'U' 'M' 'M' 'M' 'U' 'M' 'U'
 'M' 'M' 'M' 'M' 'M' 'M' 'M' 'U' 'U' 'M' 'M' 'M' 'M' 'U' 'U' 'M' 'M' 'U'
 'M' 'M' 'M' 'U' 'M' 'M' 'M' 'M' 'M' 'M' 'M' 'M' 'M' 'M' 'M' 'M' 'M' 'M'
 'M' 'M' 'M' 'M' 'M' 'M' 'M' 'U' 'M' 'M' 'M' 'M' 'M' 'M' 'M' 'M' 'M' 'M'
 'M' 'M' 'M' 'M' 'A' 'U' 'A' 'A' 'A' 'A' 'U' 'A' 'A' 'M' 'M' 'U' 'M' 'M'
 'U' 'M' 'M' 'M' 'M' 'M' 'M' 'M' 'M' 'M' 'M' 'M' 'M' 'M' 'M' 'M' 'M' 'M'
 'M' 'M' 'M' 'M' 'M' 'M' 'M' 'M' 'M' 'M' 'M' 'M' 'M' 'M' 'M' 'M' 'M' 'M'
 'M' 'M' 'M' 'M' 'M' 'M' 'M' 'M' 'M' 'M' 'M' 'M' 'M' 'M' 'M' 'M' 'M' 'M']"
41901,2,176,9,167,22,0,0,"['M' 'M' 'M' 'M' 'M' 'M' 'M' 'M' 'U' 'M' 'M' 'U' 'M' 'M' 'M' 'M' 'M' 'M'
 'M' 'M' 'M' 'M' 'M' 'U' 'U' 'M' 'M' 'M' 'M' 'M' 'M' 'M' 'M' 'M' 'M' 'M'
 'M' 'U' 'M' 'M' 'M' 'M' 'M' 'M' 'M' 'U' 'M' 'M' 'M' 'M' 'M' 'M' 'M' 'M'
 'M' 'M' 'M' 'M' 'M' 'M' 'M' 'M' 'M' 'U' 'U' 'U' 'M' 'M' 'M' 'M' 'M' 'M'
 'M' 'U' 'M' 'M' 'U' 'M' 'U' 'M' 'U' 'U' 'M' 'M' 'M' 'U' 'M' 'U' 'M' 'M'
 'M' 'U' 'M' 'M' 'M' 'M' 'M' 'M' 'M' 'M' 'M' 'M' 'M' 'M' 'M' 'M' 'M' 'M'
 'M' 'U' 'M' 'U' 'M' 'M' 'M' 'U' 'M' 'M' 'M' 'M' 'M' 'M' 'M' 'M' 'M' 'M'
 'M' 'M' 'M' 'M' 'A' 'A' 'A' 'A' 'A' 'A' 'A' 'A' 'A' 'M' 'M' 'M' 'M' 'M'
 'U' 'M' 'M' 'M' 'M' 'M' 'M' 'M' 'M' 'M' 'M' 'M' 'M' 'M' 'M' 'M' 'M' 'M'
 'M' 'M' 'M' 'M' 'M' 'M' 'M' 'M' 'U' 'M' 'M' 'M' 'M' 'M' 'M' 'M' 'M' 'M'
 'M' 'M' 'M' 'M' 'M' 'M' 'M' 'M' 'M' 'M' 'M' 'M' 'M' 'M' 'M' 'M' 'M' 'M']"
42001,2,173,8,165,25,0,0,"['M' 'M' 'M' 'M' 'M' 'M' 'M' 'M' 'M' 'M' 'M' 'U' 'M' 'M' 'M' 'M' 'M' 'M'
 'M' 'M' 'M' 'M' 'M' 'U' 'U' 'M' 'M' 'M' 'M' 'M' 'M' 'M' 'M' 'M' 'M' 'M'
 'M' 'U' 'M' 'M' 'M' 'M' 'M' 'U' 'M' 'U' 'M' 'M' 'M' 'M' 'M' 'M' 'M' 'M'
 'M' 'M' 'M' 'M' 'M' 'M' 'M' 'M' 'M' 'M' 'U' 'M' 'M' 'M' 'M' 'M' 'U' 'M'
 'M' 'U' 'M' 'M' 'M' 'U' 'M' 'M' 'U' 'M' 'M' 'U' 'U' 'M' 'M' 'M' 'M' 'U'
 'M' 'M' 'M' 'U' 'U' 'M' 'M' 'M' 'M' 'M' 'M' 'M' 'M' 'M' 'M' 'M' 'M' 'M'
 'M' 'U' 'M' 'U' 'M' 'M' 'M' 'U' 'M' 'M' 'M' 'M' 'U' 'M' 'M' 'M' 'M' 'M'
 'M' 'M' 'M' 'M' 'A' 'A' 'A' 'A' 'A' 'A' 'A' 'A' 'U' 'M' 'M' 'M' 'M' 'M'
 'M' 'M' 'M' 'M' 'M' 'M' 'M' 'M' 'U' 'M' 'M' 'M' 'M' 'M' 'M' 'M' 'M' 'M'
 'M' 'M' 'M' 'M' 'M' 'M' 'M' 'M' 'M' 'M' 'U' 'M' 'M' 'M' 'U' 'M' 'M' 'M'
 'M' 'M' 'M' 'M' 'M' 'U' 'M' 'M' 'M' 'M' 'M' 'M' 'M' 'M' 'M' 'M' 'M' 'M']"
42101,3,179,10,169,19,0,0,"['M' 'M' 'M' 'M' 'M' 'M' 'M' 'M' 'M' 'M' 'M' 'U' 'M' 'M' 'M' 'M' 'M' 'M'
 'M' 'M' 'M' 'M' 'M' 'M' 'M' 'M' 'M' 'M' 'M' 'M' 'M' 'M' 'M' 'M' 'M' 'M'
 'M' 'U' 'M' 'M' 'M' 'M' 'M' 'M' 'M' 'U' 'M' 'M' 'M' 'M' 'M' 'M' 'M' 'M'
 'M' 'M' 'M' 'M' 'M' 'M' 'M' 'M' 'M' 'M' 'U' 'M' 'U' 'M' 'M' 'M' 'U' 'M'
 'M' 'U' 'M' 'M' 'U' 'U' 'M' 'U' 'M' 'M' 'M' 'M' 'M' 'U' 'M' 'M' 'M' 'M'
 'U' 'M' 'M' 'U' 'M' 'M' 'M' 'M' 'M' 'M' 'M' 'M' 'M' 'M' 'M' 'M' 'M' 'M'
 'M' 'U' 'M' 'A' 'M' 'M' 'M' 'M' 'M' 'M' 'M' 'M' 'M' 'M' 'M' 'M' 'M' 'M'
 'M' 'M' 'M' 'M' 'A' 'A' 'A' 'A' 'A' 'A' 'A' 'A' 'A' 'M' 'M' 'M' 'M' 'M'
 'M' 'M' 'M' 'M' 'M' 'U' 'M' 'M' 'U' 'M' 'M' 'M' 'M' 'M' 'M' 'M' 'M' 'M'
 'M' 'M' 'M' 'M' 'M' 'M' 'M' 'M' 'M' 'M' 'U' 'M' 'M' 'M' 'U' 'M' 'M' 'M'
 'M' 'M' 'M' 'M' 'M' 'U' 'M' 'M' 'M' 'M' 'M' 'M' 'M' 'M' 'M' 'M' 'M' 'M']"
42201,2,179,8,171,19,0,0,"['M' 'M' 'M' 'M' 'M' 'M' 'M' 'M' 'M' 'M' 'M' 'U' 'M' 'M' 'M' 'M' 'M' 'M'
 'M' 'M' 'M' 'M' 'M' 'M' 'M' 'M' 'M' 'M' 'M' 'M' 'M' 'M' 'M' 'M' 'M' 'M'
 'M' 'U' 'M' 'M' 'M' 'M' 'M' 'M' 'M' 'U' 'M' 'M' 'M' 'M' 'M' 'M' 'M' 'M'
 'M' 'M' 'M' 'M' 'M' 'M' 'M' 'M' 'M' 'M' 'U' 'U' 'U' 'M' 'M' 'M' 'M' 'M'
 'M' 'M' 'M' 'M' 'U' 'M' 'U' 'M' 'M' 'M' 'U' 'U' 'M' 'U' 'M' 'U' 'M' 'M'
 'M' 'M' 'U' 'M' 'M' 'M' 'M' 'M' 'M' 'M' 'M' 'M' 'M' 'M' 'M' 'M' 'M' 'M'
 'M' 'M' 'M' 'A' 'M' 'M' 'M' 'M' 'M' 'M' 'M' 'M' 'M' 'M' 'M' 'M' 'M' 'M'
 'M' 'M' 'M' 'M' 'A' 'A' 'U' 'A' 'A' 'A' 'A' 'A' 'U' 'M' 'M' 'M' 'M' 'M'
 'M' 'M' 'M' 'M' 'M' 'U' 'M' 'M' 'U' 'M' 'M' 'M' 'M' 'M' 'M' 'M' 'M' 'M'
 'M' 'M' 'M' 'M' 'M' 'M' 'M' 'M' 'M' 'M' 'M' 'M' 'M' 'M' 'U' 'M' 'M' 'M'
 'M' 'M' 'M' 'M' 'M' 'U' 'M' 'M' 'M' 'M' 'M' 'M' 'M' 'M' 'M' 'M' 'M' 'M']"
42301,2,177,4,173,21,0,0,"['M' 'M' 'M' 'M' 'M' 'M' 'M' 'M' 'M' 'M' 'M' 'M' 'M' 'M' 'M' 'M' 'M' 'M'
 'M' 'M' 'M' 'U' 'M' 'U' 'M' 'M' 'M' 'M' 'M' 'M' 'M' 'M' 'M' 'M' 'M' 'M'
 'M' 'U' 'M' 'M' 'M' 'M' 'M' 'M' 'M' 'U' 'M' 'M' 'M' 'M' 'M' 'M' 'M' 'M'
 'M' 'M' 'M' 'M' 'M' 'M' 'M' 'U' 'M' 'M' 'U' 'U' 'U' 'M' 'M' 'M' 'U' 'M'
 'U' 'M' 'M' 'M' 'U' 'M' 'U' 'M' 'M' 'U' 'M' 'M' 'M' 'M' 'M' 'M' 'M' 'M'
 'U' 'M' 'M' 'U' 'M' 'M' 'M' 'M' 'M' 'M' 'M' 'M' 'M' 'M' 'M' 'M' 'M' 'M'
 'M' 'M' 'M' 'A' 'M' 'M' 'M' 'M' 'M' 'M' 'M' 'M' 'M' 'M' 'M' 'M' 'M' 'M'
 'M' 'M' 'M' 'M' 'A' 'M' 'U' 'A' 'U' 'U' 'U' 'A' 'M' 'M' 'M' 'M' 'M' 'M'
 'M' 'M' 'M' 'M' 'M' 'M' 'M' 'M' 'U' 'M' 'M' 'M' 'M' 'M' 'M' 'M' 'M' 'M'
 'M' 'M' 'M' 'M' 'M' 'U' 'M' 'M' 'M' 'M' 'M' 'M' 'M' 'M' 'M' 'M' 'M' 'M'
 'M' 'M' 'M' 'M' 'M' 'M' 'M' 'M' 'M' 'M' 'M' 'M' 'M' 'M' 'M' 'M' 'M' 'M']"
42401,2,177,7,170,21,0,0,"['M' 'M' 'M' 'M' 'M' 'M' 'M' 'M' 'M' 'M' 'M' 'M' 'U' 'M' 'M' 'M' 'M' 'M'
 'M' 'M' 'M' 'M' 'M' 'U' 'M' 'M' 'M' 'M' 'M' 'U' 'M' 'M' 'M' 'M' 'M' 'M'
 'M' 'M' 'M' 'M' 'U' 'M' 'M' 'M' 'M' 'U' 'M' 'M' 'M' 'M' 'M' 'M' 'M' 'M'
 'M' 'M' 'M' 'M' 'M' 'M' 'U' 'U' 'M' 'M' 'U' 'U' 'M' 'U' 'M' 'U' 'M' 'M'
 'U' 'M' 'M' 'M' 'M' 'M' 'M' 'U' 'U' 'U' 'M' 'U' 'M' 'M' 'M' 'M' 'M' 'M'
 'M' 'M' 'M' 'M' 'U' 'M' 'M' 'M' 'M' 'M' 'M' 'M' 'M' 'M' 'M' 'M' 'M' 'M'
 'M' 'M' 'M' 'M' 'M' 'M' 'M' 'M' 'M' 'M' 'M' 'M' 'M' 'M' 'M' 'M' 'U' 'M'
 'M' 'M' 'M' 'M' 'A' 'M' 'A' 'A' 'A' 'A' 'A' 'A' 'U' 'M' 'M' 'M' 'M' 'M'
 'M' 'M' 'M' 'M' 'M' 'M' 'M' 'M' 'U' 'M' 'M' 'M' 'M' 'M' 'M' 'M' 'M' 'M'
 'M' 'M' 'M' 'M' 'M' 'U' 'M' 'M' 'M' 'M' 'M' 'M' 'M' 'M' 'M' 'M' 'M' 'M'
 'M' 'M' 'M' 'M' 'M' 'M' 'M' 'M' 'M' 'M' 'M' 'M' 'M' 'M' 'M' 'M' 'M' 'M']"
42501,2,174,5,169,24,0,0,"['M' 'M' 'M' 'M' 'M' 'M' 'M' 'M' 'M' 'M' 'M' 'M' 'U' 'M' 'M' 'M' 'M' 'M'
 'M' 'M' 'M' 'M' 'M' 'U' 'M' 'M' 'M' 'M' 'M' 'M' 'M' 'M' 'M' 'M' 'M' 'M'
 'M' 'M' 'M' 'M' 'U' 'M' 'M' 'M' 'M' 'U' 'M' 'M' 'M' 'M' 'M' 'M' 'M' 'M'
 'M' 'M' 'M' 'M' 'M' 'M' 'M' 'M' 'M' 'M' 'U' 'U' 'M' 'M' 'M' 'M' 'U' 'U'
 'M' 'M' 'M' 'U' 'M' 'M' 'M' 'U' 'M' 'M' 'M' 'M' 'U' 'M' 'M' 'M' 'U' 'M'
 'M' 'M' 'U' 'U' 'M' 'M' 'M' 'M' 'M' 'M' 'M' 'M' 'M' 'M' 'M' 'M' 'M' 'M'
 'M' 'M' 'M' 'M' 'M' 'M' 'U' 'M' 'M' 'M' 'M' 'M' 'M' 'M' 'M' 'M' 'M' 'M'
 'M' 'M' 'M' 'M' 'A' 'M' 'A' 'A' 'U' 'U' 'A' 'U' 'A' 'M' 'M' 'M' 'M' 'M'
 'M' 'M' 'M' 'M' 'M' 'M' 'M' 'M' 'U' 'M' 'M' 'M' 'M' 'U' 'U' 'M' 'M' 'M'
 'M' 'U' 'M' 'M' 'M' 'U' 'M' 'M' 'M' 'M' 'M' 'M' 'M' 'M' 'M' 'M' 'M' 'M'
 'M' 'M' 'M' 'M' 'M' 'M' 'M' 'M' 'M' 'M' 'M' 'M' 'M' 'M' 'M' 'M' 'M' 'U']"
42601,2,172,6,166,26,0,0,"['M' 'M' 'M' 'M' 'M' 'M' 'M' 'M' 'M' 'M' 'M' 'M' 'U' 'M' 'M' 'M' 'M' 'M'
 'M' 'M' 'M' 'M' 'M' 'U' 'M' 'U' 'M' 'M' 'M' 'M' 'M' 'M' 'M' 'M' 'M' 'M'
 'M' 'M' 'M' 'M' 'M' 'M' 'M' 'M' 'M' 'U' 'M' 'M' 'M' 'M' 'M' 'M' 'M' 'M'
 'M' 'M' 'M' 'M' 'M' 'M' 'M' 'M' 'M' 'M' 'U' 'M' 'U' 'M' 'U' 'M' 'M' 'M'
 'M' 'U' 'M' 'M' 'U' 'M' 'M' 'U' 'M' 'M' 'U' 'M' 'M' 'M' 'M' 'M' 'U' 'M'
 'M' 'M' 'M' 'U' 'U' 'M' 'M' 'M' 'U' 'M' 'M' 'M' 'M' 'M' 'M' 'M' 'M' 'M'
 'M' 'M' 'M' 'M' 'M' 'M' 'U' 'M' 'M' 'M' 'M' 'M' 'M' 'M' 'M' 'M' 'M' 'M'
 'M' 'M' 'M' 'M' 'A' 'M' 'A' 'A' 'A' 'A' 'A' 'U' 'U' 'M' 'M' 'M' 'M' 'M'
 'M' 'M' 'M' 'U' 'M' 'M' 'M' 'M' 'U' 'M' 'M' 'M' 'U' 'U' 'U' 'M' 'M' 'M'
 'M' 'U' 'M' 'M' 'M' 'U' 'M' 'M' 'M' 'M' 'M' 'M' 'M' 'M' 'M' 'M' 'M' 'M'
 'M' 'M' 'M' 'M' 'M' 'U' 'M' 'M' 'M' 'M' 'M' 'M' 'M' 'M' 'M' 'M' 'M' 'M']"
42701,3,176,8,168,22,0,0,"['M' 'M' 'M' 'M' 'M' 'M' 'M' 'M' 'M' 'M' 'M' 'M' 'M' 'M' 'M' 'M' 'M' 'M'
 'M' 'M' 'M' 'M' 'M' 'U' 'M' 'U' 'M' 'M' 'M' 'M' 'M' 'M' 'M' 'M' 'M' 'M'
 'M' 'M' 'M' 'M' 'M' 'M' 'M' 'M' 'M' 'U' 'M' 'M' 'M' 'M' 'M' 'M' 'M' 'M'
 'M' 'M' 'M' 'M' 'M' 'M' 'M' 'M' 'M' 'M' 'U' 'U' 'M' 'M' 'M' 'M' 'U' 'M'
 'M' 'U' 'U' 'M' 'M' 'M' 'M' 'M' 'M' 'M' 'M' 'M' 'U' 'M' 'M' 'U' 'M' 'M'
 'U' 'M' 'U' 'U' 'M' 'M' 'M' 'M' 'M' 'M' 'M' 'M' 'M' 'M' 'M' 'M' 'M' 'M'
 'M' 'M' 'M' 'M' 'M' 'M' 'U' 'M' 'M' 'M' 'M' 'M' 'M' 'M' 'M' 'M' 'M' 'M'
 'M' 'M' 'M' 'M' 'A' 'A' 'A' 'A' 'A' 'A' 'U' 'A' 'U' 'M' 'M' 'U' 'M' 'M'
 'M' 'M' 'M' 'U' 'M' 'M' 'M' 'M' 'M' 'M' 'M' 'M' 'U' 'U' 'M' 'M' 'M' 'M'
 'M' 'U' 'M' 'M' 'M' 'A' 'M' 'M' 'M' 'M' 'M' 'M' 'M' 'M' 'M' 'M' 'M' 'M'
 'M' 'M' 'M' 'M' 'M' 'U' 'M' 'M' 'M' 'M' 'M' 'M' 'M' 'M' 'M' 'M' 'M' 'M']"
42801,2,176,10,166,22,0,0,"['M' 'M' 'M' 'M' 'M' 'M' 'M' 'M' 'M' 'M' 'M' 'M' 'M' 'M' 'M' 'M' 'M' 'M'
 'M' 'M' 'M' 'M' 'M' 'M' 'M' 'U' 'M' 'M' 'M' 'M' 'M' 'M' 'M' 'M' 'M' 'M'
 'M' 'M' 'M' 'M' 'M' 'M' 'M' 'M' 'M' 'U' 'M' 'M' 'U' 'M' 'M' 'M' 'M' 'M'
 'M' 'M' 'M' 'M' 'M' 'M' 'M' 'M' 'M' 'M' 'U' 'U' 'M' 'M' 'M' 'M' 'M' 'M'
 'M' 'M' 'M' 'M' 'M' 'U' 'U' 'M' 'M' 'M' 'M' 'U' 'U' 'M' 'U' 'M' 'U' 'M'
 'U' 'M' 'U' 'M' 'M' 'M' 'M' 'M' 'M' 'M' 'M' 'M' 'M' 'M' 'M' 'M' 'M' 'M'
 'M' 'M' 'M' 'M' 'M' 'M' 'M' 'M' 'M' 'U' 'M' 'M' 'M' 'M' 'M' 'M' 'M' 'M'
 'M' 'M' 'M' 'M' 'A' 'A' 'A' 'A' 'A' 'U' 'A' 'A' 'A' 'M' 'M' 'M' 'M' 'M'
 'M' 'M' 'M' 'M' 'M' 'M' 'M' 'M' 'M' 'M' 'U' 'M' 'U' 'U' 'M' 'M' 'M' 'M'
 'M' 'U' 'M' 'M' 'M' 'U' 'M' 'M' 'M' 'M' 'M' 'M' 'M' 'M' 'M' 'M' 'M' 'U'
 'M' 'M' 'M' 'M' 'M' 'A' 'M' 'A' 'M' 'M' 'M' 'M' 'M' 'M' 'M' 'M' 'M' 'U']"
42901,3,173,10,163,25,0,0,"['M' 'M' 'M' 'M' 'M' 'M' 'M' 'M' 'M' 'M' 'M' 'M' 'M' 'M' 'M' 'M' 'M' 'M'
 'M' 'M' 'M' 'M' 'M' 'M' 'M' 'U' 'M' 'M' 'M' 'M' 'M' 'M' 'M' 'U' 'M' 'M'
 'M' 'M' 'M' 'M' 'M' 'M' 'M' 'U' 'M' 'U' 'M' 'M' 'U' 'M' 'M' 'M' 'M' 'M'
 'M' 'M' 'M' 'M' 'M' 'M' 'M' 'M' 'M' 'M' 'U' 'M' 'M' 'M' 'U' 'M' 'M' 'U'
 'U' 'M' 'M' 'M' 'U' 'M' 'M' 'U' 'M' 'M' 'M' 'M' 'U' 'M' 'M' 'M' 'M' 'U'
 'U' 'M' 'U' 'M' 'M' 'M' 'M' 'M' 'M' 'M' 'M' 'M' 'M' 'M' 'M' 'M' 'M' 'M'
 'U' 'M' 'M' 'M' 'M' 'M' 'M' 'M' 'U' 'U' 'U' 'M' 'M' 'M' 'M' 'M' 'M' 'M'
 'M' 'M' 'M' 'M' 'A' 'A' 'A' 'U' 'A' 'A' 'A' 'A' 'A' 'M' 'M' 'M' 'M' 'U'
 'M' 'M' 'M' 'M' 'M' 'M' 'M' 'M' 'M' 'M' 'M' 'M' 'U' 'M' 'M' 'M' 'M' 'M'
 'M' 'U' 'M' 'M' 'M' 'M' 'M' 'M' 'M' 'M' 'M' 'M' 'M' 'M' 'M' 'M' 'M' 'U'
 'M' 'M' 'M' 'M' 'M' 'A' 'M' 'A' 'M' 'M' 'M' 'M' 'M' 'M' 'M' 'M' 'M' 'U']"
43001,2,169,8,161,29,0,0,"['M' 'M' 'M' 'M' 'M' 'M' 'U' 'M' 'M' 'M' 'M' 'M' 'M' 'M' 'M' 'M' 'M' 'M'
 'M' 'M' 'M' 'M' 'M' 'M' 'M' 'M' 'M' 'M' 'M' 'M' 'M' 'M' 'M' 'U' 'M' 'M'
 'M' 'M' 'M' 'M' 'M' 'M' 'M' 'U' 'M' 'U' 'M' 'M' 'U' 'M' 'M' 'M' 'M' 'M'
 'M' 'M' 'M' 'M' 'M' 'M' 'M' 'M' 'M' 'M' 'U' 'M' 'M' 'M' 'M' 'M' 'U' 'M'
 'M' 'M' 'M' 'M' 'U' 'M' 'M' 'M' 'M' 'U' 'M' 'U' 'M' 'U' 'U' 'M' 'U' 'U'
 'M' 'M' 'U' 'M' 'M' 'M' 'M' 'M' 'M' 'M' 'M' 'M' 'M' 'M' 'U' 'M' 'M' 'M'
 'U' 'U' 'U' 'M' 'M' 'M' 'M' 'M' 'M' 'U' 'U' 'M' 'M' 'M' 'M' 'M' 'M' 'M'
 'M' 'M' 'M' 'M' 'A' 'A' 'U' 'U' 'A' 'A' 'A' 'U' 'A' 'M' 'M' 'M' 'M' 'U'
 'M' 'M' 'M' 'M' 'M' 'M' 'M' 'M' 'M' 'M' 'M' 'M' 'U' 'M' 'M' 'M' 'M' 'M'
 'M' 'U' 'M' 'M' 'M' 'M' 'M' 'M' 'M' 'M' 'M' 'M' 'M' 'M' 'M' 'M' 'M' 'U'
 'M' 'M' 'M' 'M' 'M' 'A' 'M' 'A' 'M' 'M' 'M' 'M' 'M' 'M' 'M' 'M' 'M' 'U']"
43101,2,173,7,166,25,0,0,"['M' 'M' 'M' 'M' 'M' 'M' 'M' 'M' 'M' 'M' 'M' 'M' 'M' 'M' 'M' 'M' 'M' 'M'
 'U' 'M' 'M' 'M' 'M' 'M' 'M' 'M' 'M' 'M' 'U' 'M' 'M' 'M' 'M' 'U' 'M' 'M'
 'M' 'M' 'M' 'M' 'M' 'M' 'M' 'M' 'M' 'U' 'M' 'M' 'U' 'M' 'M' 'M' 'M' 'M'
 'M' 'M' 'M' 'M' 'M' 'M' 'M' 'M' 'M' 'M' 'U' 'M' 'M' 'M' 'M' 'U' 'M' 'U'
 'M' 'U' 'U' 'U' 'M' 'M' 'U' 'M' 'M' 'M' 'M' 'M' 'M' 'M' 'U' 'M' 'U' 'M'
 'M' 'M' 'M' 'M' 'U' 'M' 'M' 'M' 'M' 'M' 'M' 'M' 'M' 'M' 'M' 'M' 'M' 'M'
 'M' 'U' 'M' 'M' 'M' 'U' 'M' 'M' 'M' 'U' 'U' 'M' 'M' 'M' 'U' 'M' 'M' 'M'
 'M' 'M' 'M' 'M' 'A' 'A' 'M' 'U' 'A' 'A' 'A' 'M' 'U' 'M' 'M' 'M' 'M' 'U'
 'M' 'M' 'M' 'M' 'M' 'M' 'M' 'M' 'M' 'M' 'M' 'M' 'M' 'M' 'M' 'M' 'M' 'M'
 'M' 'U' 'M' 'M' 'M' 'M' 'M' 'M' 'M' 'M' 'M' 'M' 'M' 'M' 'M' 'M' 'M' 'M'
 'M' 'M' 'M' 'M' 'M' 'A' 'M' 'A' 'M' 'M' 'M' 'M' 'M' 'M' 'M' 'M' 'M' 'U']"
43201,2,172,11,161,26,1,0,"['M' 'M' 'M' 'M' 'M' 'M' 'M' 'U' 'M' 'M' 'M' 'M' 'M' 'M' 'M' 'M' 'M' 'M'
 'M' 'M' 'M' 'M' 'M' 'M' 'M' 'M' 'M' 'M' 'U' 'M' 'M' 'U' 'M' 'U' 'M' 'M'
 'M' 'M' 'M' 'M' 'M' 'M' 'M' 'M' 'M' 'U' 'M' 'M' 'U' 'M' 'M' 'M' 'M' 'M'
 'M' 'M' 'M' 'M' 'M' 'M' 'M' 'M' 'M' 'U' 'A' 'U' 'M' 'U' 'M' 'M' 'U' 'M'
 'U' 'M' 'M' 'U' 'M' 'M' 'M' 'M' 'M' 'U' 'M' 'M' 'M' 'U' 'U' 'M' 'M' 'M'
 'M' 'M' 'M' 'M' 'U' 'M' 'M' 'M' 'M' 'M' 'M' 'M' 'M' 'M' 'M' 'M' 'M' 'M'
 'M' 'M' 'M' 'M' 'M' 'U' 'M' 'M' 'M' 'U' 'U' 'M' 'M' 'M' 'M' 'M' 'M' 'M'
 'M' 'M' 'M' 'U' 'A' 'U' 'A' 'A' 'A' 'A' 'A' 'A' 'A' 'M' 'M' 'M' 'M' 'U'
 'M' 'M' 'M' 'M' 'M' 'M' 'U' 'M' 'M' 'M' 'M' 'M' 'M' 'M' 'M' 'M' 'M' 'M'
 'M' 'U' 'M' 'M' 'M' 'M' 'M' 'M' 'M' 'M' 'M' 'M' 'M' 'M' 'M' 'M' 'M' 'M'
 'M' 'M' 'M' 'M' 'U' 'A' 'M' 'A' 'M' 'M' 'M' 'M' 'M' 'M' 'M' 'M' 'M' 'U']"
43301,2,173,7,166,25,0,0,"['M' 'M' 'M' 'M' 'M' 'M' 'M' 'U' 'M' 'M' 'M' 'M' 'M' 'M' 'M' 'M' 'M' 'M'
 'M' 'M' 'M' 'M' 'M' 'M' 'M' 'M' 'M' 'M' 'M' 'M' 'M' 'U' 'M' 'U' 'M' 'M'
 'M' 'M' 'M' 'M' 'M' 'M' 'M' 'M' 'M' 'U' 'M' 'M' 'M' 'M' 'M' 'M' 'M' 'M'
 'M' 'M' 'M' 'M' 'M' 'M' 'M' 'M' 'M' 'U' 'A' 'M' 'M' 'M' 'U' 'U' 'M' 'U'
 'M' 'M' 'M' 'U' 'U' 'M' 'M' 'M' 'M' 'M' 'M' 'M' 'M' 'M' 'U' 'U' 'M' 'M'
 'M' 'U' 'U' 'M' 'M' 'M' 'M' 'M' 'M' 'M' 'M' 'M' 'M' 'M' 'M' 'M' 'M' 'M'
 'M' 'M' 'M' 'M' 'M' 'U' 'M' 'M' 'M' 'M' 'U' 'M' 'M' 'M' 'M' 'M' 'M' 'M'
 'M' 'M' 'M' 'M' 'A' 'U' 'U' 'U' 'A' 'A' 'M' 'A' 'U' 'M' 'M' 'M' 'M' 'U'
 'M' 'M' 'M' 'M' 'M' 'M' 'U' 'M' 'M' 'M' 'M' 'M' 'M' 'M' 'M' 'M' 'M' 'M'
 'M' 'U' 'M' 'M' 'M' 'M' 'M' 'M' 'M' 'M' 'M' 'M' 'M' 'M' 'M' 'M' 'M' 'M'
 'M' 'M' 'M' 'M' 'U' 'A' 'M' 'A' 'M' 'M' 'M' 'M' 'M' 'M' 'M' 'M' 'M' 'U']"
43401,2,173,5,168,25,0,0,"['M' 'M' 'M' 'M' 'M' 'M' 'M' 'U' 'M' 'M' 'M' 'U' 'M' 'M' 'M' 'M' 'M' 'M'
 'M' 'M' 'M' 'M' 'M' 'M' 'M' 'M' 'M' 'M' 'M' 'M' 'M' 'U' 'M' 'U' 'M' 'U'
 'M' 'M' 'M' 'M' 'M' 'M' 'M' 'M' 'M' 'M' 'M' 'M' 'M' 'M' 'M' 'M' 'M' 'M'
 'M' 'M' 'M' 'M' 'M' 'M' 'M' 'M' 'M' 'M' 'M' 'U' 'M' 'M' 'M' 'M' 'U' 'U'
 'M' 'M' 'M' 'M' 'M' 'M' 'U' 'M' 'M' 'U' 'U' 'U' 'M' 'M' 'M' 'M' 'M' 'M'
 'U' 'M' 'U' 'M' 'M' 'M' 'M' 'U' 'M' 'M' 'M' 'M' 'M' 'M' 'M' 'M' 'M' 'M'
 'M' 'M' 'M' 'M' 'M' 'U' 'M' 'M' 'M' 'M' 'U' 'M' 'M' 'M' 'M' 'M' 'M' 'M'
 'M' 'M' 'M' 'M' 'A' 'U' 'M' 'U' 'A' 'A' 'M' 'A' 'U' 'M' 'M' 'M' 'M' 'U'
 'M' 'M' 'M' 'M' 'M' 'M' 'M' 'M' 'M' 'M' 'M' 'M' 'M' 'M' 'M' 'M' 'M' 'M'
 'M' 'U' 'M' 'M' 'M' 'M' 'M' 'M' 'M' 'M' 'M' 'M' 'U' 'M' 'M' 'M' 'M' 'M'
 'M' 'M' 'M' 'M' 'U' 'A' 'M' 'M' 'M' 'M' 'M' 'M' 'M' 'M' 'M' 'M' 'M' 'U']"
43501,2,172,11,161,26,0,0,"['M' 'M' 'M' 'M' 'U' 'M' 'M' 'U' 'M' 'M' 'M' 'U' 'M' 'M' 'M' 'U' 'M' 'M'
 'M' 'M' 'M' 'M' 'M' 'M' 'U' 'M' 'M' 'M' 'M' 'M' 'M' 'A' 'M' 'U' 'M' 'U'
 'M' 'M' 'M' 'M' 'M' 'U' 'M' 'M' 'M' 'M' 'M' 'M' 'M' 'M' 'M' 'M' 'M' 'M'
 'M' 'M' 'M' 'M' 'M' 'U' 'M' 'M' 'M' 'M' 'M' 'U' 'M' 'M' 'M' 'M' 'U' 'M'
 'M' 'U' 'U' 'M' 'M' 'M' 'M' 'U' 'M' 'M' 'M' 'M' 'M' 'M' 'U' 'M' 'U' 'M'
 'M' 'M' 'U' 'U' 'M' 'M' 'M' 'U' 'M' 'M' 'M' 'M' 'M' 'M' 'M' 'M' 'M' 'M'
 'M' 'M' 'M' 'M' 'M' 'U' 'M' 'M' 'M' 'M' 'U' 'M' 'M' 'M' 'M' 'M' 'M' 'M'
 'M' 'M' 'M' 'M' 'A' 'A' 'A' 'A' 'A' 'A' 'A' 'A' 'A' 'M' 'M' 'M' 'M' 'U'
 'M' 'M' 'M' 'M' 'M' 'M' 'M' 'M' 'M' 'M' 'M' 'M' 'U' 'M' 'M' 'M' 'M' 'M'
 'M' 'U' 'M' 'M' 'M' 'M' 'M' 'M' 'M' 'M' 'M' 'M' 'U' 'M' 'M' 'M' 'M' 'M'
 'M' 'M' 'M' 'M' 'U' 'A' 'M' 'M' 'M' 'M' 'M' 'M' 'M' 'M' 'M' 'M' 'M' 'M']"
43601,2,166,5,161,32,0,0,"['M' 'M' 'M' 'M' 'M' 'M' 'M' 'U' 'M' 'M' 'M' 'M' 'M' 'M' 'M' 'M' 'M' 'M'
 'M' 'M' 'M' 'M' 'M' 'M' 'U' 'M' 'M' 'M' 'M' 'M' 'M' 'A' 'M' 'U' 'M' 'U'
 'M' 'M' 'M' 'M' 'M' 'U' 'M' 'M' 'M' 'M' 'M' 'M' 'M' 'U' 'M' 'M' 'M' 'M'
 'M' 'M' 'M' 'M' 'M' 'U' 'M' 'M' 'M' 'M' 'M' 'U' 'M' 'M' 'M' 'U' 'M' 'M'
 'M' 'M' 'U' 'M' 'M' 'U' 'U' 'M' 'M' 'M' 'U' 'M' 'U' 'U' 'M' 'M' 'M' 'M'
 'M' 'U' 'M' 'M' 'M' 'M' 'M' 'U' 'M' 'M' 'M' 'M' 'M' 'M' 'U' 'M' 'M' 'M'
 'M' 'M' 'M' 'M' 'M' 'U' 'M' 'M' 'M' 'M' 'U' 'M' 'M' 'M' 'M' 'M' 'M' 'M'
 'M' 'M' 'M' 'M' 'A' 'U' 'U' 'A' 'U' 'U' 'U' 'A' 'U' 'M' 'M' 'M' 'M' 'U'
 'M' 'M' 'M' 'M' 'M' 'M' 'M' 'M' 'M' 'M' 'M' 'M' 'U' 'M' 'U' 'M' 'M' 'M'
 'M' 'U' 'M' 'M' 'M' 'M' 'M' 'M' 'M' 'M' 'U' 'M' 'U' 'M' 'M' 'M' 'M' 'M'
 'M' 'M' 'M' 'M' 'M' 'A' 'M' 'M' 'M' 'M' 'M' 'M' 'M' 'M' 'M' 'M' 'M' 'M']"
43701,2,166,9,157,32,0,0,"['M' 'M' 'M' 'M' 'M' 'M' 'M' 'U' 'U' 'U' 'M' 'M' 'M' 'M' 'M' 'M' 'M' 'M'
 'M' 'M' 'M' 'M' 'M' 'M' 'M' 'M' 'M' 'M' 'M' 'M' 'M' 'A' 'M' 'U' 'M' 'U'
 'M' 'M' 'M' 'M' 'M' 'M' 'M' 'M' 'M' 'M' 'M' 'M' 'M' 'U' 'M' 'M' 'M' 'M'
 'M' 'M' 'M' 'M' 'M' 'U' 'M' 'M' 'M' 'M' 'M' 'M' 'M' 'U' 'M' 'M' 'M' 'U'
 'M' 'U' 'M' 'M' 'M' 'U' 'M' 'M' 'U' 'U' 'U' 'M' 'M' 'M' 'M' 'M' 'U' 'M'
 'U' 'M' 'M' 'M' 'M' 'M' 'M' 'U' 'M' 'M' 'U' 'M' 'U' 'M' 'U' 'M' 'M' 'M'
 'M' 'M' 'M' 'M' 'M' 'U' 'M' 'M' 'M' 'M' 'M' 'M' 'M' 'M' 'M' 'M' 'M' 'M'
 'M' 'M' 'M' 'M' 'A' 'A' 'A' 'A' 'U' 'A' 'A' 'U' 'A' 'M' 'U' 'M' 'M' 'U'
 'M' 'M' 'M' 'M' 'M' 'M' 'M' 'M' 'M' 'M' 'M' 'M' 'U' 'M' 'U' 'M' 'M' 'M'
 'M' 'U' 'M' 'M' 'M' 'M' 'M' 'U' 'M' 'M' 'U' 'M' 'U' 'M' 'M' 'M' 'M' 'M'
 'M' 'M' 'M' 'M' 'M' 'A' 'M' 'M' 'M' 'M' 'M' 'U' 'M' 'M' 'M' 'M' 'M' 'M']"
43801,2,169,10,159,29,0,0,"['M' 'M' 'M' 'M' 'M' 'M' 'M' 'U' 'U' 'U' 'M' 'M' 'M' 'M' 'M' 'M' 'M' 'M'
 'M' 'M' 'M' 'M' 'M' 'M' 'M' 'M' 'M' 'M' 'M' 'M' 'M' 'A' 'M' 'U' 'M' 'U'
 'M' 'M' 'M' 'M' 'M' 'M' 'M' 'M' 'M' 'M' 'M' 'M' 'M' 'M' 'M' 'M' 'M' 'M'
 'M' 'M' 'M' 'M' 'M' 'U' 'M' 'M' 'M' 'M' 'M' 'M' 'M' 'M' 'M' 'U' 'U' 'M'
 'U' 'U' 'U' 'M' 'M' 'U' 'M' 'M' 'M' 'M' 'M' 'M' 'U' 'M' 'U' 'M' 'U' 'M'
 'M' 'M' 'M' 'M' 'M' 'M' 'M' 'U' 'M' 'M' 'U' 'M' 'U' 'M' 'M' 'M' 'M' 'M'
 'M' 'M' 'M' 'M' 'M' 'M' 'M' 'M' 'M' 'M' 'M' 'M' 'M' 'M' 'M' 'M' 'M' 'M'
 'M' 'M' 'M' 'M' 'A' 'U' 'A' 'A' 'A' 'A' 'A' 'A' 'A' 'M' 'U' 'M' 'M' 'U'
 'M' 'M' 'M' 'M' 'M' 'M' 'M' 'M' 'M' 'M' 'M' 'M' 'U' 'M' 'U' 'U' 'M' 'U'
 'M' 'M' 'M' 'M' 'M' 'M' 'M' 'U' 'M' 'M' 'U' 'M' 'U' 'M' 'M' 'M' 'M' 'M'
 'M' 'M' 'M' 'M' 'M' 'A' 'M' 'M' 'M' 'M' 'M' 'M' 'M' 'M' 'U' 'M' 'M' 'M']"
43901,2,174,10,164,24,0,0,"['M' 'M' 'M' 'M' 'M' 'M' 'M' 'U' 'U' 'M' 'M' 'M' 'M' 'M' 'M' 'M' 'M' 'M'
 'M' 'M' 'M' 'M' 'M' 'M' 'M' 'M' 'M' 'M' 'M' 'M' 'M' 'A' 'M' 'M' 'M' 'U'
 'M' 'M' 'M' 'M' 'M' 'M' 'M' 'M' 'M' 'M' 'M' 'M' 'M' 'M' 'M' 'M' 'M' 'M'
 'M' 'M' 'M' 'M' 'M' 'U' 'M' 'M' 'M' 'M' 'M' 'U' 'U' 'U' 'M' 'U' 'U' 'M'
 'U' 'M' 'M' 'M' 'M' 'U' 'M' 'M' 'M' 'M' 'M' 'M' 'M' 'M' 'M' 'M' 'M' 'U'
 'M' 'M' 'M' 'M' 'U' 'M' 'M' 'U' 'M' 'M' 'M' 'M' 'U' 'M' 'M' 'M' 'M' 'M'
 'M' 'M' 'M' 'M' 'M' 'M' 'M' 'M' 'M' 'M' 'M' 'M' 'M' 'M' 'M' 'U' 'U' 'M'
 'M' 'M' 'M' 'M' 'A' 'A' 'A' 'A' 'A' 'A' 'A' 'A' 'A' 'M' 'M' 'M' 'M' 'U'
 'M' 'M' 'M' 'M' 'M' 'M' 'M' 'M' 'M' 'M' 'M' 'M' 'U' 'M' 'U' 'U' 'M' 'M'
 'M' 'M' 'M' 'M' 'M' 'M' 'M' 'M' 'M' 'M' 'M' 'M' 'U' 'M' 'M' 'M' 'M' 'M'
 'M' 'M' 'M' 'M' 'M' 'U' 'M' 'M' 'M' 'M' 'M' 'U' 'M' 'M' 'M' 'M' 'M' 'M']"
44001,2,177,7,170,21,0,0,"['M' 'M' 'M' 'M' 'M' 'M' 'M' 'M' 'U' 'M' 'M' 'M' 'M' 'M' 'M' 'M' 'M' 'M'
 'M' 'M' 'M' 'M' 'M' 'M' 'M' 'M' 'M' 'M' 'M' 'M' 'M' 'U' 'M' 'M' 'M' 'U'
 'M' 'M' 'M' 'M' 'M' 'M' 'M' 'M' 'M' 'M' 'M' 'M' 'A' 'M' 'M' 'M' 'M' 'M'
 'M' 'M' 'M' 'M' 'M' 'M' 'M' 'M' 'M' 'M' 'M' 'M' 'M' 'M' 'M' 'U' 'M' 'U'
 'M' 'M' 'M' 'U' 'M' 'U' 'M' 'M' 'M' 'U' 'U' 'M' 'U' 'M' 'M' 'M' 'U' 'M'
 'U' 'M' 'M' 'M' 'M' 'M' 'M' 'M' 'M' 'M' 'M' 'M' 'M' 'M' 'M' 'M' 'M' 'M'
 'M' 'M' 'M' 'M' 'M' 'M' 'M' 'M' 'M' 'M' 'M' 'M' 'M' 'M' 'M' 'M' 'M' 'M'
 'M' 'M' 'M' 'M' 'A' 'A' 'U' 'U' 'A' 'A' 'A' 'A' 'U' 'M' 'M' 'M' 'M' 'U'
 'M' 'M' 'M' 'M' 'M' 'M' 'M' 'M' 'M' 'M' 'M' 'M' 'M' 'M' 'U' 'U' 'M' 'M'
 'M' 'M' 'M' 'M' 'M' 'M' 'M' 'M' 'M' 'M' 'M' 'M' 'M' 'M' 'U' 'M' 'M' 'M'
 'M' 'M' 'M' 'M' 'U' 'M' 'M' 'M' 'M' 'M' 'M' 'U' 'M' 'M' 'M' 'M' 'M' 'M']"
44101,2,178,7,171,20,0,0,"['M' 'M' 'M' 'M' 'M' 'M' 'M' 'M' 'M' 'M' 'M' 'M' 'M' 'M' 'M' 'M' 'M' 'M'
 'M' 'M' 'M' 'M' 'M' 'M' 'M' 'M' 'M' 'M' 'M' 'M' 'M' 'M' 'M' 'M' 'M' 'U'
 'M' 'M' 'M' 'M' 'M' 'M' 'M' 'M' 'U' 'M' 'M' 'M' 'A' 'M' 'M' 'M' 'M' 'M'
 'M' 'M' 'M' 'M' 'M' 'M' 'M' 'M' 'M' 'M' 'M' 'U' 'U' 'M' 'U' 'M' 'M' 'U'
 'M' 'M' 'M' 'M' 'M' 'M' 'U' 'M' 'M' 'M' 'M' 'M' 'M' 'M' 'M' 'M' 'U' 'U'
 'M' 'M' 'M' 'U' 'U' 'U' 'M' 'M' 'M' 'M' 'M' 'M' 'M' 'M' 'M' 'M' 'M' 'M'
 'M' 'M' 'M' 'M' 'M' 'M' 'M' 'M' 'M' 'M' 'M' 'M' 'M' 'M' 'M' 'M' 'M' 'M'
 'M' 'M' 'M' 'M' 'A' 'A' 'U' 'U' 'A' 'A' 'A' 'A' 'U' 'M' 'M' 'M' 'M' 'M'
 'M' 'U' 'M' 'M' 'M' 'M' 'M' 'M' 'M' 'M' 'M' 'M' 'M' 'M' 'M' 'U' 'M' 'M'
 'M' 'M' 'M' 'M' 'M' 'M' 'M' 'M' 'M' 'M' 'M' 'M' 'M' 'M' 'U' 'U' 'M' 'M'
 'M' 'M' 'M' 'M' 'M' 'M' 'M' 'M' 'M' 'M' 'M' 'U' 'M' 'M' 'M' 'M' 'M' 'M']"
44201,2,177,10,167,21,0,0,"['M' 'M' 'M' 'M' 'M' 'M' 'M' 'M' 'M' 'M' 'M' 'M' 'M' 'M' 'M' 'M' 'M' 'M'
 'M' 'M' 'M' 'M' 'M' 'M' 'M' 'M' 'M' 'M' 'M' 'M' 'M' 'M' 'U' 'M' 'M' 'M'
 'M' 'M' 'M' 'M' 'M' 'U' 'U' 'M' 'U' 'U' 'M' 'M' 'A' 'U' 'M' 'M' 'M' 'M'
 'M' 'M' 'M' 'M' 'M' 'M' 'M' 'M' 'M' 'M' 'M' 'M' 'M' 'M' 'U' 'M' 'M' 'M'
 'U' 'M' 'M' 'M' 'U' 'U' 'M' 'M' 'M' 'U' 'U' 'M' 'M' 'M' 'M' 'U' 'M' 'U'
 'U' 'M' 'M' 'M' 'M' 'U' 'M' 'M' 'M' 'M' 'M' 'M' 'U' 'M' 'M' 'M' 'M' 'M'
 'M' 'M' 'M' 'M' 'M' 'M' 'M' 'M' 'M' 'M' 'M' 'M' 'M' 'M' 'M' 'M' 'M' 'M'
 'M' 'M' 'M' 'M' 'A' 'A' 'U' 'A' 'A' 'A' 'A' 'A' 'A' 'M' 'M' 'M' 'M' 'M'
 'M' 'M' 'M' 'M' 'M' 'M' 'M' 'M' 'M' 'M' 'M' 'M' 'M' 'M' 'M' 'U' 'M' 'M'
 'M' 'M' 'M' 'M' 'M' 'M' 'M' 'M' 'M' 'M' 'M' 'M' 'M' 'M' 'U' 'A' 'M' 'M'
 'M' 'M' 'M' 'M' 'M' 'M' 'M' 'M' 'M' 'M' 'M' 'M' 'M' 'M' 'M' 'U' 'M' 'M']"
44301,2,178,8,170,20,0,0,"['M' 'M' 'M' 'M' 'M' 'M' 'M' 'M' 'M' 'M' 'M' 'M' 'M' 'M' 'M' 'M' 'M' 'M'
 'M' 'M' 'M' 'M' 'M' 'M' 'M' 'M' 'M' 'M' 'M' 'M' 'M' 'M' 'M' 'M' 'M' 'M'
 'M' 'M' 'M' 'M' 'M' 'U' 'U' 'M' 'M' 'U' 'M' 'M' 'A' 'M' 'M' 'M' 'M' 'M'
 'M' 'M' 'M' 'M' 'M' 'M' 'M' 'M' 'M' 'M' 'M' 'U' 'M' 'M' 'M' 'M' 'M' 'M'
 'M' 'M' 'M' 'M' 'M' 'M' 'U' 'M' 'U' 'M' 'M' 'M' 'U' 'U' 'U' 'M' 'M' 'M'
 'U' 'U' 'U' 'M' 'M' 'U' 'M' 'M' 'M' 'M' 'M' 'M' 'M' 'M' 'M' 'M' 'M' 'M'
 'M' 'M' 'M' 'M' 'M' 'M' 'M' 'M' 'U' 'M' 'M' 'M' 'M' 'M' 'M' 'M' 'M' 'M'
 'M' 'M' 'M' 'M' 'A' 'M' 'A' 'A' 'A' 'A' 'U' 'A' 'M' 'M' 'M' 'M' 'M' 'M'
 'M' 'M' 'M' 'M' 'M' 'M' 'M' 'M' 'M' 'M' 'M' 'M' 'M' 'U' 'U' 'U' 'M' 'M'
 'M' 'U' 'M' 'M' 'M' 'M' 'M' 'M' 'M' 'M' 'M' 'M' 'M' 'M' 'U' 'A' 'M' 'M'
 'M' 'M' 'M' 'M' 'M' 'M' 'M' 'M' 'M' 'M' 'M' 'M' 'M' 'M' 'M' 'M' 'M' 'M']"
44401,2,176,6,170,22,0,0,"['M' 'M' 'M' 'M' 'M' 'M' 'M' 'M' 'M' 'M' 'M' 'M' 'M' 'M' 'M' 'M' 'M' 'M'
 'M' 'M' 'M' 'M' 'M' 'M' 'M' 'M' 'M' 'M' 'M' 'M' 'M' 'M' 'M' 'M' 'M' 'M'
 'M' 'M' 'M' 'M' 'M' 'U' 'M' 'M' 'M' 'M' 'M' 'M' 'A' 'M' 'M' 'M' 'M' 'U'
 'M' 'M' 'M' 'M' 'M' 'M' 'M' 'M' 'M' 'M' 'M' 'U' 'U' 'M' 'M' 'U' 'U' 'M'
 'M' 'M' 'M' 'M' 'M' 'M' 'M' 'M' 'M' 'U' 'M' 'M' 'U' 'M' 'M' 'M' 'M' 'M'
 'U' 'U' 'M' 'U' 'M' 'M' 'M' 'M' 'M' 'M' 'M' 'M' 'M' 'U' 'M' 'M' 'M' 'M'
 'M' 'M' 'M' 'M' 'M' 'M' 'M' 'M' 'U' 'M' 'M' 'M' 'M' 'M' 'M' 'M' 'M' 'M'
 'M' 'M' 'M' 'M' 'A' 'M' 'U' 'A' 'A' 'A' 'U' 'U' 'M' 'M' 'M' 'U' 'M' 'M'
 'M' 'M' 'M' 'M' 'M' 'M' 'M' 'M' 'U' 'M' 'M' 'M' 'M' 'U' 'U' 'U' 'M' 'M'
 'M' 'U' 'M' 'M' 'M' 'M' 'M' 'M' 'M' 'M' 'M' 'M' 'M' 'M' 'M' 'M' 'M' 'A'
 'M' 'M' 'M' 'M' 'M' 'M' 'M' 'M' 'M' 'M' 'M' 'M' 'M' 'M' 'M' 'M' 'M' 'M']"
44501,2,170,3,167,28,0,0,"['M' 'M' 'M' 'M' 'M' 'M' 'M' 'M' 'M' 'M' 'M' 'M' 'M' 'M' 'M' 'M' 'M' 'M'
 'M' 'M' 'M' 'M' 'U' 'M' 'M' 'M' 'M' 'M' 'M' 'M' 'M' 'M' 'M' 'M' 'M' 'M'
 'M' 'M' 'M' 'M' 'M' 'M' 'M' 'M' 'M' 'M' 'M' 'M' 'U' 'M' 'M' 'M' 'M' 'U'
 'U' 'M' 'M' 'M' 'M' 'M' 'M' 'M' 'M' 'M' 'M' 'U' 'M' 'U' 'U' 'M' 'M' 'M'
 'M' 'M' 'M' 'M' 'M' 'M' 'U' 'U' 'M' 'M' 'M' 'U' 'U' 'M' 'M' 'U' 'M' 'M'
 'M' 'M' 'M' 'M' 'U' 'M' 'M' 'M' 'M' 'M' 'M' 'M' 'M' 'U' 'M' 'M' 'M' 'M'
 'M' 'M' 'M' 'M' 'M' 'M' 'M' 'M' 'M' 'M' 'M' 'M' 'M' 'M' 'M' 'M' 'M' 'M'
 'M' 'M' 'M' 'M' 'A' 'U' 'U' 'U' 'U' 'A' 'U' 'U' 'M' 'M' 'M' 'U' 'M' 'M'
 'M' 'M' 'M' 'M' 'M' 'M' 'M' 'M' 'M' 'M' 'M' 'M' 'M' 'U' 'U' 'U' 'M' 'M'
 'M' 'U' 'M' 'M' 'M' 'M' 'M' 'M' 'M' 'M' 'M' 'M' 'M' 'M' 'M' 'M' 'M' 'A'
 'M' 'M' 'U' 'M' 'M' 'M' 'M' 'M' 'M' 'M' 'U' 'M' 'U' 'M' 'M' 'M' 'M' 'M']"
44601,2,169,3,166,29,0,0,"['M' 'U' 'M' 'M' 'M' 'M' 'M' 'M' 'U' 'M' 'M' 'M' 'U' 'M' 'M' 'M' 'M' 'M'
 'M' 'M' 'M' 'M' 'U' 'M' 'M' 'M' 'M' 'M' 'M' 'M' 'M' 'M' 'M' 'M' 'M' 'M'
 'M' 'M' 'M' 'M' 'M' 'U' 'M' 'M' 'M' 'M' 'M' 'M' 'M' 'M' 'M' 'M' 'M' 'U'
 'M' 'M' 'M' 'M' 'M' 'M' 'M' 'M' 'M' 'M' 'M' 'M' 'U' 'U' 'M' 'M' 'U' 'M'
 'M' 'U' 'M' 'M' 'M' 'U' 'M' 'U' 'M' 'M' 'M' 'M' 'M' 'U' 'M' 'M' 'M' 'U'
 'U' 'M' 'M' 'M' 'M' 'M' 'M' 'M' 'M' 'M' 'U' 'M' 'M' 'U' 'M' 'M' 'M' 'M'
 'M' 'M' 'M' 'M' 'M' 'M' 'M' 'M' 'M' 'U' 'M' 'M' 'M' 'M' 'M' 'M' 'M' 'M'
 'M' 'M' 'M' 'M' 'A' 'U' 'M' 'M' 'U' 'A' 'U' 'U' 'M' 'M' 'M' 'M' 'M' 'M'
 'M' 'M' 'M' 'M' 'M' 'M' 'M' 'M' 'M' 'M' 'M' 'M' 'M' 'U' 'U' 'M' 'M' 'M'
 'M' 'U' 'M' 'M' 'M' 'M' 'M' 'M' 'M' 'M' 'M' 'M' 'M' 'M' 'M' 'M' 'M' 'A'
 'M' 'M' 'U' 'M' 'M' 'M' 'M' 'U' 'M' 'M' 'U' 'M' 'U' 'M' 'M' 'M' 'M' 'M']"
44701,2,175,6,169,23,0,1,"['M' 'U' 'M' 'M' 'M' 'M' 'M' 'M' 'U' 'M' 'M' 'M' 'U' 'M' 'M' 'M' 'M' 'M'
 'M' 'M' 'M' 'M' 'U' 'M' 'M' 'M' 'M' 'M' 'M' 'M' 'M' 'M' 'M' 'M' 'M' 'M'
 'M' 'M' 'M' 'M' 'M' 'M' 'M' 'M' 'M' 'M' 'M' 'M' 'M' 'M' 'M' 'M' 'M' 'M'
 'M' 'M' 'M' 'M' 'M' 'M' 'M' 'M' 'M' 'M' 'M' 'U' 'M' 'M' 'M' 'M' 'U' 'U'
 'M' 'M' 'M' 'M' 'M' 'M' 'U' 'M' 'U' 'M' 'M' 'U' 'U' 'M' 'M' 'M' 'U' 'M'
 'M' 'U' 'M' 'M' 'M' 'M' 'M' 'M' 'M' 'M' 'M' 'M' 'M' 'M' 'U' 'M' 'M' 'M'
 'M' 'M' 'M' 'M' 'M' 'M' 'M' 'M' 'M' 'U' 'M' 'M' 'M' 'M' 'M' 'M' 'M' 'M'
 'M' 'M' 'M' 'M' 'A' 'A' 'A' 'M' 'A' 'U' 'A' 'A' 'M' 'M' 'M' 'M' 'M' 'M'
 'M' 'M' 'M' 'M' 'M' 'M' 'M' 'M' 'M' 'M' 'M' 'M' 'M' 'M' 'U' 'M' 'M' 'M'
 'M' 'M' 'M' 'M' 'M' 'U' 'M' 'M' 'M' 'M' 'M' 'M' 'M' 'M' 'M' 'M' 'M' 'U'
 'M' 'M' 'U' 'M' 'M' 'M' 'M' 'U' 'M' 'M' 'U' 'M' 'U' 'M' 'M' 'M' 'M' 'M']"
44801,3,174,9,165,24,0,0,"['M' 'M' 'M' 'M' 'M' 'M' 'M' 'M' 'U' 'M' 'M' 'M' 'U' 'M' 'M' 'M' 'M' 'M'
 'U' 'M' 'M' 'M' 'U' 'M' 'M' 'M' 'M' 'M' 'M' 'M' 'M' 'M' 'M' 'M' 'M' 'M'
 'M' 'M' 'M' 'M' 'M' 'M' 'M' 'M' 'M' 'U' 'M' 'M' 'M' 'M' 'M' 'M' 'M' 'M'
 'M' 'M' 'M' 'M' 'M' 'M' 'M' 'M' 'M' 'M' 'M' 'M' 'U' 'M' 'M' 'M' 'U' 'M'
 'M' 'M' 'M' 'U' 'M' 'M' 'U' 'U' 'M' 'M' 'M' 'M' 'M' 'U' 'M' 'U' 'M' 'M'
 'M' 'M' 'U' 'M' 'U' 'M' 'M' 'M' 'M' 'M' 'M' 'M' 'M' 'M' 'U' 'M' 'U' 'M'
 'M' 'M' 'M' 'M' 'M' 'M' 'M' 'M' 'M' 'U' 'M' 'M' 'M' 'M' 'M' 'M' 'M' 'M'
 'M' 'M' 'M' 'M' 'A' 'A' 'A' 'A' 'A' 'A' 'A' 'A' 'A' 'M' 'M' 'M' 'M' 'M'
 'M' 'M' 'M' 'M' 'M' 'U' 'M' 'M' 'M' 'M' 'M' 'M' 'U' 'M' 'U' 'M' 'M' 'M'
 'M' 'M' 'M' 'M' 'M' 'U' 'M' 'M' 'M' 'M' 'M' 'M' 'M' 'M' 'M' 'M' 'M' 'U'
 'M' 'M' 'U' 'M' 'M' 'M' 'M' 'U' 'M' 'M' 'M' 'M' 'M' 'M' 'M' 'M' 'M' 'M']"
44901,2,172,9,163,26,0,0,"['M' 'M' 'M' 'M' 'M' 'M' 'M' 'M' 'U' 'M' 'M' 'M' 'U' 'M' 'M' 'M' 'M' 'M'
 'M' 'M' 'M' 'M' 'U' 'U' 'M' 'M' 'M' 'M' 'M' 'M' 'M' 'M' 'M' 'M' 'M' 'M'
 'M' 'M' 'M' 'M' 'M' 'M' 'M' 'M' 'M' 'M' 'M' 'M' 'M' 'M' 'M' 'M' 'M' 'M'
 'M' 'M' 'M' 'M' 'M' 'M' 'M' 'M' 'M' 'M' 'M' 'M' 'U' 'M' 'M' 'M' 'M' 'M'
 'M' 'M' 'M' 'M' 'M' 'M' 'U' 'M' 'U' 'M' 'M' 'U' 'M' 'U' 'M' 'M' 'M' 'U'
 'U' 'U' 'M' 'M' 'U' 'M' 'M' 'M' 'M' 'M' 'M' 'M' 'M' 'M' 'U' 'M' 'U' 'M'
 'M' 'M' 'M' 'M' 'M' 'M' 'M' 'M' 'M' 'U' 'M' 'M' 'M' 'U' 'M' 'M' 'M' 'M'
 'M' 'M' 'M' 'M' 'A' 'A' 'A' 'A' 'A' 'A' 'A' 'A' 'A' 'M' 'M' 'M' 'M' 'M'
 'M' 'M' 'M' 'M' 'M' 'U' 'M' 'M' 'M' 'M' 'M' 'M' 'U' 'U' 'U' 'M' 'M' 'M'
 'M' 'M' 'M' 'M' 'M' 'U' 'M' 'M' 'M' 'M' 'M' 'M' 'M' 'M' 'M' 'M' 'M' 'U'
 'M' 'M' 'U' 'M' 'M' 'M' 'M' 'U' 'U' 'M' 'M' 'M' 'M' 'M' 'M' 'M' 'M' 'M']"
45001,3,173,8,165,25,0,0,"['M' 'M' 'M' 'M' 'M' 'M' 'M' 'M' 'U' 'M' 'M' 'M' 'U' 'U' 'M' 'M' 'M' 'M'
 'M' 'M' 'M' 'M' 'U' 'U' 'M' 'M' 'M' 'M' 'U' 'M' 'M' 'M' 'M' 'M' 'M' 'M'
 'M' 'M' 'M' 'M' 'M' 'M' 'M' 'M' 'M' 'M' 'M' 'M' 'M' 'M' 'M' 'M' 'M' 'M'
 'M' 'M' 'M' 'M' 'M' 'M' 'M' 'M' 'M' 'M' 'M' 'U' 'M' 'M' 'M' 'M' 'U' 'M'
 'M' 'U' 'M' 'M' 'U' 'M' 'U' 'M' 'U' 'U' 'M' 'M' 'M' 'M' 'M' 'U' 'M' 'M'
 'U' 'M' 'M' 'M' 'M' 'M' 'M' 'M' 'M' 'M' 'M' 'M' 'M' 'M' 'U' 'M' 'U' 'M'
 'M' 'M' 'M' 'M' 'M' 'M' 'M' 'M' 'M' 'U' 'M' 'M' 'M' 'U' 'M' 'M' 'M' 'M'
 'M' 'M' 'M' 'M' 'A' 'A' 'A' 'U' 'A' 'A' 'A' 'A' 'A' 'M' 'M' 'M' 'M' 'M'
 'M' 'M' 'M' 'M' 'M' 'M' 'M' 'M' 'M' 'M' 'M' 'M' 'U' 'M' 'M' 'M' 'M' 'M'
 'M' 'M' 'M' 'M' 'M' 'M' 'M' 'M' 'M' 'M' 'M' 'M' 'M' 'M' 'M' 'M' 'M' 'M'
 'M' 'M' 'U' 'M' 'M' 'M' 'M' 'U' 'U' 'U' 'M' 'M' 'M' 'M' 'M' 'M' 'M' 'M']"
45101,2,178,6,172,20,0,0,"['M' 'M' 'M' 'M' 'M' 'M' 'M' 'M' 'M' 'M' 'M' 'M' 'M' 'M' 'M' 'M' 'M' 'M'
 'M' 'M' 'M' 'M' 'U' 'M' 'M' 'M' 'M' 'M' 'U' 'M' 'M' 'M' 'M' 'M' 'M' 'M'
 'M' 'M' 'M' 'M' 'M' 'M' 'M' 'M' 'M' 'M' 'M' 'M' 'M' 'M' 'M' 'M' 'M' 'M'
 'M' 'M' 'M' 'M' 'M' 'M' 'M' 'M' 'M' 'M' 'M' 'U' 'U' 'U' 'M' 'U' 'M' 'M'
 'M' 'U' 'M' 'M' 'M' 'M' 'U' 'M' 'M' 'M' 'M' 'M' 'M' 'U' 'M' 'M' 'M' 'M'
 'M' 'M' 'M' 'U' 'U' 'M' 'M' 'M' 'M' 'M' 'M' 'M' 'M' 'M' 'U' 'M' 'M' 'M'
 'M' 'M' 'M' 'M' 'M' 'M' 'M' 'M' 'M' 'U' 'M' 'M' 'M' 'M' 'M' 'M' 'M' 'M'
 'M' 'M' 'M' 'M' 'A' 'U' 'A' 'U' 'A' 'U' 'A' 'A' 'A' 'M' 'M' 'M' 'M' 'M'
 'M' 'M' 'M' 'M' 'M' 'M' 'M' 'M' 'M' 'M' 'M' 'M' 'M' 'M' 'M' 'M' 'M' 'M'
 'M' 'M' 'M' 'M' 'U' 'M' 'M' 'M' 'M' 'M' 'M' 'M' 'M' 'M' 'M' 'M' 'M' 'M'
 'M' 'M' 'U' 'M' 'M' 'M' 'M' 'M' 'M' 'U' 'M' 'M' 'M' 'U' 'M' 'M' 'M' 'M']"
45201,2,183,5,178,15,0,0,"['M' 'M' 'M' 'M' 'M' 'M' 'M' 'M' 'M' 'M' 'M' 'M' 'M' 'M' 'M' 'M' 'M' 'M'
 'M' 'M' 'M' 'M' 'M' 'M' 'M' 'M' 'M' 'M' 'U' 'M' 'M' 'M' 'M' 'M' 'M' 'M'
 'M' 'M' 'M' 'M' 'M' 'M' 'M' 'M' 'M' 'M' 'M' 'M' 'M' 'M' 'M' 'M' 'M' 'M'
 'M' 'M' 'M' 'M' 'M' 'M' 'M' 'M' 'M' 'M' 'M' 'U' 'U' 'M' 'M' 'U' 'M' 'U'
 'M' 'M' 'M' 'U' 'M' 'U' 'M' 'U' 'M' 'M' 'M' 'M' 'U' 'M' 'M' 'M' 'M' 'M'
 'M' 'M' 'M' 'M' 'U' 'M' 'M' 'M' 'M' 'M' 'M' 'M' 'M' 'M' 'U' 'M' 'M' 'M'
 'M' 'M' 'M' 'M' 'M' 'M' 'M' 'M' 'M' 'M' 'M' 'M' 'M' 'M' 'M' 'M' 'M' 'M'
 'M' 'M' 'M' 'M' 'A' 'M' 'A' 'M' 'A' 'M' 'A' 'U' 'A' 'M' 'M' 'M' 'M' 'M'
 'M' 'M' 'M' 'M' 'M' 'M' 'M' 'M' 'M' 'M' 'U' 'M' 'M' 'M' 'M' 'M' 'M' 'M'
 'M' 'M' 'M' 'M' 'U' 'M' 'M' 'M' 'M' 'M' 'M' 'M' 'M' 'M' 'M' 'M' 'M' 'M'
 'M' 'M' 'M' 'M' 'M' 'M' 'M' 'M' 'M' 'U' 'M' 'M' 'M' 'M' 'M' 'M' 'M' 'M']"
45301,2,180,1,179,18,0,0,"['M' 'M' 'M' 'M' 'M' 'M' 'M' 'M' 'M' 'M' 'M' 'M' 'M' 'M' 'M' 'M' 'M' 'M'
 'M' 'M' 'M' 'M' 'M' 'M' 'M' 'M' 'M' 'M' 'U' 'M' 'M' 'M' 'M' 'M' 'M' 'M'
 'M' 'M' 'M' 'M' 'M' 'M' 'M' 'M' 'M' 'M' 'M' 'M' 'M' 'M' 'M' 'M' 'M' 'M'
 'M' 'M' 'M' 'M' 'M' 'M' 'M' 'M' 'M' 'M' 'M' 'M' 'U' 'M' 'M' 'M' 'M' 'M'
 'U' 'M' 'U' 'U' 'U' 'M' 'U' 'M' 'M' 'U' 'M' 'M' 'M' 'M' 'M' 'M' 'U' 'M'
 'M' 'U' 'M' 'M' 'M' 'M' 'M' 'M' 'M' 'M' 'M' 'M' 'M' 'M' 'U' 'M' 'M' 'M'
 'M' 'M' 'M' 'M' 'M' 'M' 'M' 'M' 'M' 'M' 'M' 'M' 'M' 'M' 'M' 'M' 'M' 'M'
 'M' 'M' 'M' 'M' 'A' 'M' 'M' 'M' 'U' 'M' 'U' 'U' 'U' 'M' 'U' 'M' 'M' 'M'
 'M' 'M' 'M' 'M' 'M' 'M' 'M' 'M' 'M' 'M' 'M' 'M' 'M' 'M' 'M' 'M' 'M' 'M'
 'M' 'M' 'M' 'M' 'U' 'M' 'M' 'M' 'M' 'M' 'M' 'M' 'M' 'M' 'M' 'M' 'M' 'M'
 'M' 'M' 'M' 'M' 'M' 'M' 'M' 'M' 'M' 'U' 'M' 'M' 'M' 'M' 'M' 'M' 'M' 'M']"
45401,2,180,1,179,18,0,0,"['M' 'M' 'M' 'M' 'M' 'M' 'M' 'M' 'M' 'M' 'M' 'M' 'M' 'M' 'M' 'M' 'M' 'M'
 'M' 'M' 'M' 'M' 'M' 'M' 'M' 'M' 'M' 'M' 'U' 'M' 'M' 'M' 'M' 'M' 'M' 'M'
 'M' 'M' 'M' 'M' 'M' 'M' 'M' 'M' 'M' 'M' 'M' 'M' 'M' 'M' 'M' 'M' 'M' 'M'
 'M' 'M' 'M' 'M' 'M' 'M' 'M' 'M' 'M' 'M' 'M' 'U' 'M' 'M' 'M' 'M' 'M' 'M'
 'M' 'U' 'U' 'M' 'U' 'M' 'M' 'M' 'M' 'M' 'U' 'U' 'U' 'M' 'M' 'U' 'M' 'M'
 'U' 'M' 'M' 'M' 'M' 'M' 'M' 'M' 'M' 'M' 'M' 'M' 'M' 'M' 'U' 'M' 'M' 'M'
 'M' 'M' 'U' 'M' 'M' 'M' 'M' 'M' 'M' 'M' 'M' 'M' 'M' 'M' 'M' 'M' 'M' 'M'
 'M' 'M' 'M' 'M' 'A' 'M' 'M' 'M' 'M' 'M' 'U' 'U' 'U' 'M' 'U' 'M' 'M' 'M'
 'M' 'M' 'M' 'M' 'M' 'M' 'M' 'M' 'M' 'M' 'M' 'M' 'M' 'M' 'M' 'M' 'M' 'M'
 'M' 'M' 'M' 'M' 'U' 'M' 'M' 'M' 'M' 'M' 'M' 'M' 'M' 'M' 'M' 'M' 'M' 'M'
 'M' 'M' 'M' 'M' 'M' 'M' 'M' 'M' 'M' 'U' 'M' 'M' 'M' 'M' 'M' 'M' 'M' 'M']"
45501,2,182,8,174,16,0,0,"['M' 'M' 'M' 'M' 'M' 'M' 'M' 'M' 'M' 'M' 'M' 'M' 'M' 'M' 'M' 'M' 'M' 'M'
 'M' 'M' 'M' 'M' 'U' 'M' 'M' 'M' 'M' 'M' 'U' 'M' 'M' 'M' 'M' 'M' 'M' 'M'
 'M' 'M' 'M' 'M' 'M' 'M' 'M' 'M' 'M' 'M' 'M' 'M' 'M' 'M' 'M' 'M' 'M' 'M'
 'M' 'M' 'M' 'M' 'M' 'M' 'M' 'M' 'M' 'M' 'M' 'M' 'M' 'M' 'M' 'M' 'M' 'U'
 'M' 'U' 'M' 'M' 'M' 'U' 'M' 'U' 'U' 'U' 'M' 'M' 'U' 'M' 'M' 'M' 'M' 'M'
 'M' 'M' 'U' 'U' 'M' 'M' 'M' 'M' 'M' 'U' 'M' 'M' 'M' 'M' 'M' 'M' 'M' 'M'
 'M' 'M' 'U' 'M' 'M' 'M' 'M' 'M' 'M' 'M' 'M' 'M' 'M' 'M' 'M' 'M' 'M' 'M'
 'M' 'M' 'M' 'M' 'A' 'A' 'A' 'A' 'U' 'A' 'A' 'A' 'A' 'M' 'M' 'M' 'M' 'M'
 'M' 'M' 'M' 'M' 'M' 'M' 'M' 'M' 'M' 'M' 'M' 'M' 'M' 'U' 'M' 'M' 'M' 'M'
 'M' 'M' 'M' 'M' 'U' 'M' 'M' 'M' 'M' 'M' 'M' 'M' 'M' 'M' 'M' 'M' 'M' 'M'
 'M' 'M' 'M' 'M' 'M' 'M' 'M' 'M' 'M' 'M' 'M' 'M' 'M' 'M' 'M' 'M' 'M' 'M']"
45601,2,183,9,174,15,0,0,"['M' 'M' 'M' 'M' 'M' 'M' 'M' 'M' 'M' 'M' 'M' 'M' 'M' 'M' 'M' 'M' 'M' 'M'
 'M' 'M' 'M' 'M' 'U' 'M' 'M' 'M' 'M' 'M' 'U' 'M' 'U' 'M' 'M' 'M' 'M' 'M'
 'M' 'M' 'M' 'M' 'M' 'M' 'M' 'M' 'M' 'M' 'M' 'M' 'M' 'M' 'M' 'M' 'M' 'M'
 'M' 'M' 'M' 'M' 'M' 'M' 'M' 'M' 'M' 'M' 'M' 'U' 'M' 'U' 'M' 'M' 'M' 'M'
 'M' 'M' 'U' 'U' 'U' 'M' 'M' 'M' 'M' 'M' 'M' 'U' 'U' 'M' 'U' 'M' 'M' 'M'
 'M' 'M' 'U' 'M' 'M' 'M' 'M' 'M' 'M' 'U' 'M' 'M' 'M' 'M' 'M' 'M' 'M' 'M'
 'M' 'M' 'U' 'M' 'M' 'M' 'M' 'M' 'M' 'M' 'M' 'M' 'M' 'M' 'M' 'M' 'M' 'M'
 'M' 'M' 'M' 'M' 'A' 'A' 'A' 'A' 'A' 'A' 'A' 'A' 'A' 'M' 'M' 'M' 'M' 'M'
 'M' 'M' 'M' 'M' 'M' 'M' 'M' 'M' 'M' 'M' 'M' 'M' 'M' 'M' 'M' 'M' 'M' 'M'
 'M' 'M' 'M' 'M' 'U' 'M' 'M' 'M' 'M' 'M' 'M' 'M' 'M' 'M' 'M' 'M' 'M' 'M'
 'M' 'M' 'M' 'M' 'M' 'M' 'M' 'M' 'M' 'M' 'M' 'M' 'M' 'M' 'M' 'M' 'M' 'M']"
45701,2,179,7,172,19,0,0,"['M' 'M' 'M' 'M' 'M' 'M' 'M' 'M' 'M' 'M' 'M' 'M' 'M' 'U' 'M' 'M' 'M' 'M'
 'M' 'M' 'U' 'M' 'U' 'M' 'M' 'M' 'M' 'U' 'U' 'M' 'U' 'M' 'M' 'M' 'M' 'M'
 'M' 'M' 'M' 'M' 'M' 'M' 'M' 'M' 'M' 'M' 'M' 'M' 'M' 'M' 'M' 'M' 'M' 'M'
 'M' 'M' 'M' 'M' 'M' 'M' 'M' 'M' 'M' 'M' 'M' 'M' 'M' 'U' 'M' 'U' 'M' 'M'
 'U' 'M' 'U' 'U' 'M' 'M' 'U' 'M' 'M' 'M' 'U' 'M' 'M' 'M' 'M' 'M' 'U' 'M'
 'M' 'M' 'U' 'M' 'M' 'M' 'M' 'M' 'M' 'U' 'M' 'M' 'M' 'M' 'M' 'M' 'M' 'M'
 'M' 'M' 'U' 'M' 'M' 'M' 'M' 'M' 'M' 'M' 'M' 'M' 'M' 'M' 'M' 'M' 'M' 'M'
 'M' 'M' 'M' 'M' 'A' 'A' 'A' 'U' 'A' 'U' 'A' 'A' 'A' 'M' 'M' 'M' 'M' 'M'
 'M' 'M' 'M' 'M' 'M' 'M' 'M' 'M' 'M' 'M' 'M' 'M' 'M' 'M' 'M' 'M' 'M' 'M'
 'M' 'M' 'M' 'M' 'M' 'M' 'M' 'M' 'M' 'M' 'M' 'M' 'M' 'M' 'M' 'M' 'M' 'M'
 'M' 'M' 'M' 'M' 'M' 'M' 'M' 'M' 'M' 'M' 'M' 'M' 'M' 'M' 'M' 'M' 'M' 'M']"
45801,2,177,3,174,21,0,0,"['M' 'M' 'M' 'M' 'M' 'M' 'M' 'M' 'M' 'M' 'M' 'M' 'M' 'M' 'M' 'M' 'M' 'M'
 'M' 'M' 'U' 'M' 'U' 'M' 'M' 'M' 'M' 'U' 'M' 'M' 'U' 'M' 'M' 'M' 'M' 'M'
 'M' 'M' 'M' 'M' 'M' 'M' 'M' 'M' 'U' 'M' 'M' 'M' 'M' 'M' 'M' 'M' 'M' 'M'
 'M' 'M' 'M' 'M' 'M' 'M' 'M' 'M' 'M' 'M' 'M' 'U' 'M' 'M' 'U' 'M' 'M' 'U'
 'M' 'U' 'M' 'M' 'M' 'M' 'M' 'U' 'M' 'M' 'M' 'M' 'U' 'M' 'U' 'U' 'U' 'M'
 'M' 'M' 'M' 'M' 'M' 'M' 'M' 'M' 'M' 'U' 'M' 'M' 'M' 'M' 'M' 'M' 'M' 'M'
 'M' 'M' 'U' 'M' 'M' 'M' 'M' 'M' 'M' 'M' 'M' 'M' 'M' 'M' 'M' 'M' 'M' 'M'
 'M' 'M' 'M' 'M' 'A' 'U' 'A' 'U' 'M' 'U' 'A' 'U' 'U' 'M' 'M' 'M' 'M' 'M'
 'M' 'M' 'M' 'M' 'M' 'M' 'M' 'M' 'M' 'M' 'M' 'M' 'M' 'M' 'M' 'M' 'M' 'M'
 'M' 'M' 'M' 'M' 'M' 'M' 'M' 'M' 'M' 'M' 'M' 'M' 'M' 'M' 'M' 'M' 'M' 'M'
 'M' 'M' 'M' 'M' 'M' 'M' 'M' 'M' 'M' 'M' 'M' 'M' 'M' 'M' 'M' 'M' 'M' 'M']"
45901,2,176,1,175,22,0,1,"['M' 'M' 'M' 'M' 'M' 'M' 'M' 'M' 'M' 'M' 'M' 'M' 'M' 'M' 'M' 'M' 'M' 'M'
 'M' 'M' 'U' 'M' 'U' 'M' 'M' 'M' 'M' 'U' 'M' 'M' 'M' 'M' 'U' 'M' 'M' 'M'
 'M' 'M' 'M' 'M' 'M' 'U' 'M' 'M' 'M' 'M' 'M' 'M' 'M' 'M' 'M' 'M' 'M' 'M'
 'M' 'M' 'M' 'M' 'M' 'M' 'M' 'M' 'M' 'M' 'M' 'U' 'M' 'M' 'M' 'M' 'M' 'U'
 'M' 'M' 'M' 'M' 'U' 'M' 'U' 'M' 'U' 'U' 'M' 'M' 'M' 'M' 'U' 'M' 'M' 'M'
 'M' 'U' 'M' 'U' 'M' 'M' 'M' 'M' 'M' 'U' 'M' 'M' 'M' 'M' 'M' 'M' 'M' 'U'
 'M' 'M' 'M' 'M' 'M' 'M' 'M' 'M' 'M' 'M' 'M' 'M' 'M' 'M' 'M' 'M' 'M' 'M'
 'M' 'M' 'M' 'M' 'A' 'U' 'U' 'U' 'M' 'M' 'M' 'U' 'U' 'U' 'M' 'M' 'M' 'M'
 'M' 'M' 'M' 'M' 'M' 'M' 'M' 'M' 'M' 'M' 'M' 'M' 'M' 'M' 'M' 'M' 'M' 'M'
 'M' 'M' 'M' 'M' 'M' 'M' 'M' 'M' 'M' 'M' 'M' 'M' 'M' 'M' 'M' 'M' 'M' 'M'
 'M' 'M' 'M' 'M' 'M' 'M' 'M' 'M' 'M' 'M' 'M' 'M' 'M' 'M' 'M' 'M' 'M' 'M']"
46001,2,180,6,174,18,0,0,"['M' 'M' 'M' 'M' 'M' 'M' 'M' 'M' 'M' 'M' 'M' 'M' 'M' 'M' 'M' 'M' 'M' 'M'
 'M' 'M' 'U' 'M' 'U' 'M' 'M' 'M' 'M' 'M' 'M' 'M' 'M' 'M' 'U' 'M' 'M' 'M'
 'M' 'M' 'M' 'M' 'U' 'M' 'M' 'M' 'M' 'M' 'M' 'M' 'M' 'M' 'M' 'M' 'M' 'M'
 'M' 'M' 'M' 'M' 'M' 'M' 'M' 'M' 'M' 'M' 'M' 'M' 'M' 'M' 'U' 'U' 'U' 'M'
 'M' 'U' 'M' 'M' 'M' 'U' 'M' 'M' 'M' 'U' 'M' 'M' 'U' 'U' 'M' 'M' 'M' 'M'
 'M' 'M' 'M' 'M' 'U' 'M' 'M' 'M' 'M' 'U' 'M' 'M' 'M' 'M' 'M' 'M' 'M' 'U'
 'M' 'M' 'M' 'M' 'M' 'M' 'M' 'M' 'M' 'M' 'M' 'M' 'M' 'M' 'M' 'M' 'M' 'M'
 'M' 'M' 'M' 'M' 'A' 'U' 'A' 'A' 'U' 'A' 'M' 'A' 'A' 'U' 'M' 'M' 'M' 'M'
 'M' 'M' 'M' 'M' 'M' 'M' 'M' 'M' 'M' 'M' 'M' 'M' 'M' 'M' 'M' 'M' 'M' 'M'
 'M' 'M' 'M' 'M' 'M' 'M' 'M' 'M' 'M' 'M' 'M' 'M' 'M' 'M' 'M' 'M' 'M' 'M'
 'M' 'M' 'M' 'M' 'M' 'M' 'M' 'M' 'M' 'M' 'M' 'M' 'M' 'M' 'M' 'M' 'M' 'M']"
46101,2,182,8,174,16,0,0,"['M' 'M' 'M' 'M' 'M' 'M' 'M' 'M' 'M' 'M' 'M' 'M' 'M' 'M' 'M' 'M' 'M' 'M'
 'M' 'M' 'U' 'M' 'U' 'M' 'M' 'M' 'M' 'M' 'M' 'M' 'M' 'M' 'U' 'M' 'M' 'M'
 'M' 'M' 'M' 'M' 'U' 'M' 'M' 'M' 'M' 'M' 'M' 'M' 'M' 'M' 'M' 'M' 'M' 'M'
 'M' 'M' 'M' 'M' 'M' 'M' 'M' 'M' 'M' 'M' 'M' 'M' 'M' 'M' 'M' 'U' 'M' 'U'
 'M' 'M' 'M' 'M' 'M' 'M' 'M' 'U' 'U' 'M' 'M' 'M' 'M' 'M' 'U' 'M' 'M' 'M'
 'U' 'U' 'U' 'U' 'M' 'M' 'M' 'M' 'M' 'U' 'M' 'M' 'M' 'M' 'M' 'M' 'M' 'M'
 'M' 'M' 'M' 'M' 'M' 'M' 'M' 'M' 'M' 'M' 'M' 'M' 'M' 'M' 'M' 'M' 'M' 'M'
 'M' 'M' 'M' 'M' 'A' 'U' 'A' 'A' 'A' 'A' 'A' 'A' 'A' 'M' 'M' 'U' 'M' 'M'
 'M' 'M' 'M' 'M' 'M' 'M' 'M' 'M' 'M' 'M' 'M' 'M' 'M' 'M' 'M' 'M' 'M' 'M'
 'M' 'M' 'M' 'M' 'M' 'M' 'M' 'M' 'M' 'M' 'M' 'M' 'M' 'M' 'M' 'M' 'M' 'M'
 'M' 'M' 'M' 'M' 'M' 'M' 'M' 'M' 'M' 'M' 'M' 'M' 'M' 'M' 'M' 'M' 'M' 'M']"
46201,2,181,7,174,17,0,0,"['M' 'M' 'M' 'M' 'M' 'M' 'M' 'M' 'M' 'M' 'M' 'M' 'M' 'M' 'M' 'M' 'M' 'M'
 'M' 'M' 'U' 'M' 'U' 'M' 'M' 'M' 'M' 'M' 'M' 'M' 'M' 'M' 'U' 'M' 'M' 'M'
 'M' 'M' 'M' 'M' 'M' 'M' 'M' 'M' 'M' 'M' 'M' 'M' 'M' 'M' 'M' 'M' 'M' 'M'
 'M' 'M' 'M' 'M' 'M' 'M' 'M' 'M' 'M' 'M' 'M' 'U' 'M' 'U' 'M' 'U' 'U' 'M'
 'M' 'M' 'M' 'M' 'U' 'U' 'M' 'M' 'M' 'U' 'M' 'U' 'M' 'M' 'M' 'M' 'U' 'M'
 'M' 'M' 'M' 'M' 'M' 'M' 'M' 'M' 'M' 'U' 'M' 'M' 'M' 'M' 'M' 'M' 'M' 'M'
 'M' 'M' 'M' 'M' 'M' 'M' 'M' 'M' 'M' 'M' 'M' 'M' 'M' 'M' 'M' 'M' 'M' 'M'
 'M' 'M' 'M' 'M' 'A' 'U' 'A' 'A' 'A' 'A' 'A' 'U' 'A' 'M' 'M' 'U' 'M' 'M'
 'M' 'M' 'M' 'M' 'M' 'M' 'M' 'M' 'M' 'M' 'M' 'M' 'M' 'M' 'M' 'M' 'M' 'M'
 'U' 'M' 'M' 'M' 'M' 'M' 'M' 'M' 'M' 'M' 'M' 'M' 'M' 'M' 'M' 'M' 'M' 'M'
 'M' 'M' 'M' 'M' 'M' 'M' 'M' 'M' 'M' 'M' 'M' 'M' 'M' 'M' 'M' 'M' 'M' 'M']"
46301,2,178,6,172,20,0,0,"['M' 'M' 'M' 'M' 'M' 'M' 'M' 'M' 'M' 'M' 'M' 'M' 'M' 'M' 'M' 'U' 'M' 'M'
 'M' 'M' 'M' 'M' 'U' 'M' 'M' 'M' 'M' 'M' 'M' 'M' 'M' 'M' 'M' 'U' 'M' 'M'
 'M' 'M' 'M' 'M' 'M' 'M' 'M' 'M' 'M' 'M' 'M' 'M' 'M' 'M' 'M' 'M' 'M' 'M'
 'M' 'M' 'M' 'M' 'M' 'M' 'M' 'M' 'M' 'M' 'M' 'M' 'M' 'U' 'M' 'M' 'M' 'U'
 'M' 'M' 'M' 'M' 'U' 'U' 'U' 'U' 'U' 'M' 'U' 'M' 'M' 'M' 'M' 'M' 'M' 'U'
 'M' 'M' 'M' 'M' 'M' 'M' 'M' 'M' 'M' 'U' 'M' 'M' 'M' 'M' 'M' 'M' 'M' 'M'
 'M' 'M' 'M' 'M' 'M' 'M' 'M' 'M' 'M' 'M' 'M' 'M' 'U' 'M' 'M' 'M' 'M' 'M'
 'M' 'M' 'M' 'M' 'A' 'U' 'A' 'A' 'A' 'U' 'A' 'M' 'A' 'M' 'M' 'U' 'M' 'M'
 'M' 'M' 'M' 'M' 'M' 'M' 'M' 'M' 'M' 'M' 'M' 'M' 'M' 'M' 'M' 'U' 'M' 'M'
 'M' 'M' 'M' 'M' 'M' 'M' 'M' 'M' 'M' 'M' 'M' 'M' 'M' 'M' 'M' 'U' 'M' 'M'
 'M' 'M' 'M' 'M' 'M' 'M' 'M' 'M' 'M' 'M' 'M' 'M' 'M' 'M' 'M' 'M' 'U' 'M']"
46401,2,178,4,174,20,0,0,"['M' 'M' 'M' 'M' 'M' 'M' 'M' 'M' 'M' 'M' 'M' 'M' 'M' 'M' 'M' 'U' 'M' 'M'
 'M' 'M' 'M' 'M' 'U' 'M' 'M' 'M' 'M' 'M' 'M' 'M' 'M' 'M' 'M' 'U' 'M' 'M'
 'M' 'M' 'M' 'M' 'M' 'M' 'M' 'M' 'M' 'M' 'M' 'M' 'M' 'M' 'M' 'M' 'M' 'M'
 'M' 'M' 'M' 'M' 'M' 'M' 'M' 'M' 'M' 'M' 'M' 'M' 'M' 'U' 'M' 'M' 'M' 'M'
 'M' 'M' 'M' 'U' 'M' 'M' 'M' 'M' 'U' 'M' 'M' 'U' 'U' 'U' 'M' 'M' 'M' 'U'
 'M' 'M' 'U' 'U' 'M' 'M' 'M' 'M' 'M' 'U' 'M' 'M' 'M' 'M' 'M' 'M' 'M' 'M'
 'M' 'M' 'M' 'M' 'M' 'M' 'M' 'M' 'M' 'M' 'M' 'M' 'U' 'M' 'M' 'M' 'M' 'M'
 'M' 'M' 'M' 'M' 'A' 'M' 'U' 'U' 'A' 'U' 'A' 'M' 'A' 'M' 'M' 'U' 'M' 'M'
 'M' 'M' 'M' 'M' 'M' 'M' 'M' 'M' 'M' 'M' 'M' 'M' 'M' 'M' 'M' 'U' 'M' 'M'
 'M' 'M' 'M' 'M' 'M' 'M' 'M' 'M' 'M' 'M' 'M' 'M' 'M' 'M' 'M' 'M' 'M' 'M'
 'M' 'M' 'M' 'M' 'M' 'M' 'M' 'M' 'M' 'M' 'M' 'M' 'M' 'M' 'M' 'M' 'U' 'M']"
46501,2,179,7,172,19,0,0,"['M' 'M' 'M' 'M' 'M' 'M' 'M' 'M' 'M' 'M' 'M' 'M' 'M' 'M' 'M' 'M' 'M' 'M'
 'M' 'M' 'M' 'M' 'U' 'M' 'M' 'M' 'M' 'M' 'M' 'M' 'M' 'M' 'M' 'U' 'M' 'M'
 'M' 'M' 'M' 'M' 'M' 'M' 'M' 'M' 'M' 'M' 'M' 'M' 'M' 'M' 'M' 'M' 'M' 'M'
 'M' 'M' 'M' 'U' 'M' 'M' 'M' 'M' 'M' 'M' 'M' 'M' 'M' 'U' 'U' 'M' 'U' 'M'
 'U' 'M' 'M' 'M' 'M' 'U' 'U' 'U' 'U' 'M' 'M' 'M' 'M' 'M' 'M' 'M' 'M' 'U'
 'M' 'M' 'M' 'M' 'M' 'M' 'M' 'M' 'M' 'M' 'M' 'M' 'M' 'U' 'M' 'M' 'M' 'M'
 'M' 'M' 'M' 'M' 'M' 'M' 'M' 'M' 'M' 'M' 'M' 'M' 'M' 'M' 'M' 'M' 'M' 'M'
 'M' 'U' 'M' 'M' 'A' 'U' 'A' 'A' 'A' 'A' 'U' 'A' 'A' 'M' 'M' 'U' 'M' 'M'
 'M' 'M' 'M' 'M' 'M' 'M' 'M' 'M' 'M' 'M' 'U' 'M' 'M' 'M' 'M' 'M' 'M' 'M'
 'M' 'M' 'M' 'M' 'M' 'M' 'M' 'M' 'M' 'M' 'M' 'M' 'M' 'M' 'M' 'M' 'M' 'M'
 'M' 'M' 'M' 'M' 'M' 'M' 'M' 'M' 'M' 'M' 'M' 'M' 'M' 'M' 'M' 'M' 'U' 'M']"
46601,2,181,8,173,17,0,1,"['M' 'M' 'M' 'M' 'M' 'M' 'M' 'M' 'M' 'M' 'M' 'M' 'M' 'M' 'M' 'M' 'M' 'M'
 'M' 'M' 'M' 'M' 'M' 'U' 'M' 'M' 'M' 'M' 'M' 'M' 'M' 'M' 'M' 'U' 'M' 'M'
 'M' 'M' 'M' 'M' 'M' 'M' 'M' 'M' 'M' 'M' 'M' 'M' 'M' 'M' 'M' 'M' 'M' 'M'
 'M' 'M' 'M' 'U' 'M' 'M' 'M' 'M' 'M' 'M' 'M' 'M' 'U' 'U' 'M' 'U' 'M' 'M'
 'M' 'M' 'U' 'M' 'U' 'M' 'U' 'M' 'U' 'M' 'M' 'M' 'M' 'M' 'M' 'U' 'M' 'U'
 'M' 'M' 'M' 'M' 'M' 'M' 'M' 'M' 'M' 'M' 'M' 'M' 'M' 'M' 'M' 'M' 'M' 'M'
 'M' 'M' 'M' 'M' 'M' 'M' 'M' 'M' 'M' 'M' 'M' 'M' 'M' 'M' 'M' 'U' 'M' 'M'
 'M' 'M' 'M' 'M' 'A' 'A' 'A' 'U' 'A' 'A' 'A' 'A' 'A' 'M' 'M' 'U' 'M' 'M'
 'M' 'M' 'M' 'M' 'M' 'M' 'M' 'M' 'M' 'M' 'U' 'M' 'U' 'M' 'M' 'M' 'M' 'M'
 'M' 'M' 'M' 'M' 'M' 'M' 'M' 'M' 'M' 'M' 'M' 'M' 'M' 'M' 'M' 'M' 'M' 'M'
 'M' 'M' 'M' 'M' 'M' 'M' 'M' 'M' 'M' 'M' 'M' 'M' 'M' 'M' 'M' 'M' 'M' 'M']"
46701,2,184,9,175,14,0,0,"['M' 'M' 'M' 'M' 'M' 'M' 'M' 'M' 'M' 'M' 'M' 'M' 'M' 'M' 'M' 'M' 'M' 'M'
 'M' 'M' 'M' 'M' 'M' 'M' 'M' 'M' 'M' 'M' 'M' 'M' 'M' 'M' 'M' 'U' 'M' 'M'
 'M' 'M' 'M' 'M' 'U' 'M' 'M' 'M' 'M' 'M' 'M' 'M' 'M' 'M' 'M' 'M' 'M' 'M'
 'M' 'M' 'M' 'M' 'M' 'M' 'M' 'M' 'M' 'M' 'M' 'U' 'U' 'U' 'M' 'M' 'M' 'U'
 'M' 'M' 'U' 'M' 'M' 'M' 'M' 'M' 'M' 'M' 'U' 'U' 'M' 'M' 'U' 'M' 'M' 'M'
 'M' 'M' 'M' 'M' 'U' 'M' 'M' 'M' 'M' 'M' 'M' 'M' 'M' 'M' 'M' 'M' 'M' 'M'
 'M' 'M' 'M' 'M' 'M' 'M' 'M' 'M' 'M' 'M' 'M' 'U' 'M' 'M' 'M' 'M' 'M' 'M'
 'M' 'M' 'M' 'M' 'A' 'A' 'A' 'A' 'A' 'A' 'A' 'A' 'A' 'M' 'M' 'U' 'M' 'M'
 'M' 'M' 'M' 'M' 'M' 'M' 'M' 'M' 'M' 'M' 'M' 'M' 'U' 'M' 'M' 'M' 'M' 'M'
 'M' 'M' 'M' 'M' 'M' 'M' 'M' 'M' 'M' 'M' 'M' 'M' 'M' 'M' 'M' 'M' 'M' 'M'
 'M' 'M' 'M' 'M' 'M' 'M' 'M' 'M' 'M' 'M' 'M' 'M' 'M' 'M' 'M' 'M' 'M' 'M']"
46801,2,176,5,171,22,0,0,"['M' 'M' 'M' 'M' 'M' 'M' 'M' 'U' 'M' 'M' 'M' 'M' 'M' 'M' 'M' 'M' 'M' 'U'
 'M' 'M' 'M' 'M' 'M' 'M' 'M' 'M' 'M' 'M' 'M' 'M' 'M' 'M' 'M' 'M' 'M' 'M'
 'M' 'M' 'M' 'M' 'M' 'M' 'M' 'M' 'M' 'M' 'M' 'M' 'M' 'M' 'M' 'M' 'M' 'M'
 'M' 'M' 'M' 'M' 'M' 'M' 'M' 'M' 'M' 'M' 'M' 'U' 'M' 'M' 'M' 'M' 'U' 'M'
 'M' 'U' 'U' 'M' 'M' 'U' 'M' 'M' 'U' 'M' 'U' 'M' 'M' 'M' 'M' 'U' 'M' 'M'
 'M' 'M' 'U' 'M' 'M' 'M' 'U' 'M' 'M' 'M' 'M' 'M' 'M' 'M' 'M' 'M' 'M' 'M'
 'M' 'M' 'M' 'M' 'M' 'M' 'M' 'M' 'M' 'M' 'M' 'U' 'U' 'M' 'M' 'U' 'M' 'M'
 'M' 'M' 'M' 'M' 'A' 'U' 'A' 'A' 'A' 'U' 'A' 'U' 'U' 'M' 'M' 'U' 'M' 'M'
 'U' 'M' 'M' 'M' 'M' 'M' 'M' 'M' 'M' 'M' 'M' 'M' 'M' 'M' 'M' 'M' 'M' 'M'
 'M' 'M' 'M' 'M' 'M' 'M' 'M' 'M' 'M' 'M' 'M' 'M' 'M' 'M' 'M' 'M' 'M' 'M'
 'M' 'U' 'M' 'M' 'M' 'M' 'M' 'M' 'M' 'M' 'M' 'M' 'M' 'M' 'M' 'M' 'M' 'M']"
46901,2,178,2,176,20,0,0,"['M' 'M' 'M' 'M' 'M' 'M' 'M' 'U' 'M' 'M' 'M' 'M' 'M' 'M' 'M' 'U' 'M' 'U'
 'M' 'M' 'M' 'M' 'M' 'M' 'M' 'M' 'M' 'M' 'M' 'M' 'M' 'M' 'M' 'M' 'M' 'M'
 'M' 'M' 'M' 'M' 'M' 'M' 'M' 'M' 'M' 'M' 'M' 'M' 'M' 'M' 'M' 'M' 'M' 'M'
 'M' 'M' 'M' 'M' 'M' 'M' 'M' 'M' 'M' 'M' 'M' 'U' 'M' 'U' 'U' 'M' 'M' 'M'
 'M' 'M' 'M' 'U' 'M' 'M' 'M' 'M' 'M' 'U' 'U' 'M' 'M' 'U' 'M' 'U' 'M' 'M'
 'M' 'M' 'M' 'M' 'U' 'M' 'M' 'M' 'M' 'M' 'M' 'M' 'M' 'M' 'M' 'M' 'M' 'M'
 'M' 'M' 'M' 'M' 'M' 'M' 'M' 'M' 'M' 'M' 'M' 'U' 'U' 'M' 'M' 'M' 'M' 'M'
 'M' 'M' 'M' 'M' 'A' 'M' 'M' 'U' 'U' 'M' 'A' 'U' 'U' 'M' 'M' 'M' 'M' 'M'
 'M' 'M' 'M' 'M' 'M' 'M' 'M' 'M' 'M' 'M' 'M' 'M' 'M' 'M' 'M' 'U' 'M' 'M'
 'M' 'M' 'M' 'M' 'M' 'M' 'M' 'M' 'M' 'M' 'M' 'M' 'M' 'M' 'M' 'M' 'M' 'M'
 'M' 'U' 'M' 'M' 'M' 'M' 'M' 'M' 'M' 'M' 'M' 'M' 'M' 'M' 'M' 'M' 'M' 'M']"
47001,2,176,7,169,22,0,0,"['M' 'M' 'M' 'M' 'M' 'M' 'M' 'U' 'M' 'M' 'M' 'M' 'M' 'M' 'M' 'U' 'M' 'M'
 'M' 'M' 'M' 'M' 'M' 'M' 'U' 'M' 'M' 'M' 'U' 'M' 'M' 'M' 'M' 'U' 'M' 'M'
 'M' 'M' 'M' 'M' 'M' 'M' 'M' 'M' 'M' 'M' 'M' 'M' 'M' 'M' 'M' 'M' 'M' 'M'
 'M' 'M' 'M' 'M' 'U' 'M' 'M' 'M' 'M' 'M' 'M' 'M' 'M' 'U' 'M' 'M' 'M' 'U'
 'U' 'M' 'M' 'M' 'M' 'M' 'M' 'U' 'U' 'M' 'M' 'M' 'M' 'U' 'U' 'M' 'M' 'U'
 'M' 'U' 'M' 'M' 'M' 'M' 'M' 'M' 'M' 'M' 'M' 'M' 'M' 'M' 'M' 'M' 'M' 'M'
 'M' 'M' 'M' 'M' 'M' 'M' 'M' 'M' 'M' 'M' 'M' 'U' 'U' 'M' 'M' 'M' 'M' 'M'
 'M' 'M' 'M' 'M' 'A' 'A' 'A' 'A' 'A' 'U' 'A' 'A' 'U' 'M' 'M' 'M' 'M' 'M'
 'M' 'M' 'M' 'M' 'M' 'M' 'M' 'M' 'M' 'M' 'M' 'M' 'M' 'M' 'M' 'U' 'M' 'M'
 'M' 'M' 'M' 'M' 'M' 'M' 'M' 'M' 'M' 'M' 'M' 'M' 'M' 'M' 'M' 'M' 'M' 'M'
 'M' 'U' 'M' 'M' 'M' 'M' 'M' 'M' 'M' 'M' 'M' 'M' 'M' 'M' 'M' 'M' 'U' 'M']"
47101,2,177,4,173,21,0,0,"['M' 'M' 'M' 'M' 'M' 'M' 'M' 'U' 'M' 'M' 'M' 'M' 'M' 'M' 'M' 'U' 'U' 'M'
 'M' 'M' 'M' 'M' 'M' 'M' 'U' 'M' 'M' 'M' 'U' 'M' 'U' 'M' 'M' 'M' 'M' 'M'
 'M' 'M' 'M' 'M' 'M' 'M' 'M' 'M' 'M' 'M' 'M' 'M' 'M' 'M' 'M' 'M' 'M' 'M'
 'M' 'M' 'M' 'M' 'M' 'M' 'M' 'M' 'M' 'M' 'M' 'M' 'M' 'M' 'M' 'M' 'M' 'U'
 'U' 'M' 'M' 'M' 'M' 'M' 'M' 'U' 'M' 'U' 'M' 'U' 'M' 'U' 'M' 'M' 'U' 'M'
 'M' 'M' 'U' 'M' 'U' 'M' 'M' 'M' 'M' 'M' 'M' 'M' 'M' 'M' 'M' 'M' 'M' 'M'
 'M' 'M' 'M' 'M' 'M' 'M' 'M' 'M' 'M' 'M' 'M' 'U' 'M' 'M' 'M' 'M' 'M' 'M'
 'M' 'M' 'M' 'M' 'A' 'A' 'A' 'U' 'A' 'U' 'U' 'M' 'M' 'M' 'M' 'M' 'M' 'M'
 'M' 'M' 'M' 'M' 'M' 'M' 'M' 'M' 'M' 'M' 'M' 'M' 'M' 'M' 'M' 'U' 'M' 'M'
 'M' 'M' 'M' 'M' 'M' 'M' 'M' 'M' 'M' 'M' 'M' 'M' 'M' 'M' 'M' 'M' 'M' 'M'
 'M' 'U' 'M' 'M' 'M' 'M' 'M' 'M' 'M' 'M' 'M' 'M' 'M' 'M' 'M' 'M' 'M' 'M']"
47201,2,176,7,169,22,0,0,"['M' 'M' 'U' 'M' 'M' 'M' 'M' 'U' 'M' 'M' 'M' 'M' 'M' 'M' 'M' 'U' 'U' 'M'
 'M' 'M' 'M' 'M' 'M' 'M' 'U' 'M' 'M' 'M' 'M' 'M' 'U' 'M' 'M' 'M' 'M' 'M'
 'M' 'M' 'M' 'M' 'M' 'M' 'M' 'M' 'M' 'M' 'M' 'M' 'M' 'M' 'M' 'M' 'M' 'M'
 'M' 'M' 'M' 'M' 'M' 'M' 'M' 'M' 'U' 'M' 'M' 'M' 'M' 'U' 'U' 'U' 'M' 'U'
 'M' 'M' 'U' 'U' 'M' 'U' 'M' 'M' 'M' 'M' 'M' 'M' 'M' 'M' 'M' 'M' 'M' 'M'
 'U' 'M' 'M' 'M' 'U' 'M' 'M' 'M' 'M' 'M' 'M' 'M' 'M' 'M' 'M' 'M' 'M' 'M'
 'M' 'M' 'M' 'M' 'M' 'M' 'M' 'M' 'M' 'M' 'M' 'M' 'M' 'M' 'M' 'M' 'M' 'M'
 'M' 'M' 'M' 'M' 'A' 'A' 'A' 'A' 'A' 'A' 'A' 'U' 'U' 'M' 'M' 'U' 'M' 'M'
 'M' 'M' 'M' 'M' 'M' 'M' 'M' 'M' 'M' 'M' 'M' 'M' 'M' 'M' 'M' 'U' 'M' 'M'
 'M' 'M' 'M' 'M' 'M' 'M' 'M' 'M' 'M' 'M' 'U' 'M' 'M' 'M' 'M' 'M' 'M' 'M'
 'M' 'U' 'M' 'M' 'M' 'M' 'M' 'M' 'M' 'M' 'M' 'M' 'M' 'M' 'M' 'M' 'M' 'M']"
47301,2,173,4,169,25,0,0,"['M' 'M' 'U' 'M' 'U' 'U' 'M' 'M' 'M' 'M' 'M' 'M' 'M' 'M' 'M' 'U' 'U' 'M'
 'M' 'M' 'M' 'M' 'M' 'M' 'M' 'M' 'M' 'M' 'M' 'M' 'U' 'M' 'M' 'M' 'M' 'M'
 'M' 'M' 'M' 'M' 'M' 'M' 'M' 'M' 'M' 'M' 'M' 'M' 'M' 'M' 'M' 'M' 'M' 'U'
 'M' 'M' 'M' 'M' 'M' 'M' 'M' 'M' 'U' 'M' 'M' 'M' 'M' 'U' 'M' 'U' 'U' 'M'
 'M' 'M' 'M' 'U' 'U' 'M' 'M' 'U' 'M' 'M' 'M' 'M' 'U' 'M' 'M' 'M' 'M' 'M'
 'M' 'M' 'M' 'U' 'U' 'M' 'M' 'M' 'M' 'M' 'M' 'M' 'M' 'M' 'M' 'M' 'M' 'M'
 'M' 'M' 'M' 'M' 'M' 'M' 'M' 'M' 'M' 'M' 'M' 'M' 'M' 'M' 'M' 'M' 'M' 'M'
 'M' 'M' 'M' 'M' 'A' 'A' 'U' 'U' 'M' 'A' 'A' 'U' 'U' 'M' 'M' 'U' 'M' 'M'
 'M' 'M' 'M' 'M' 'M' 'M' 'M' 'M' 'M' 'M' 'M' 'M' 'M' 'M' 'M' 'U' 'M' 'M'
 'M' 'M' 'M' 'M' 'M' 'M' 'M' 'M' 'M' 'M' 'U' 'M' 'M' 'M' 'M' 'M' 'M' 'M'
 'M' 'U' 'M' 'M' 'M' 'M' 'M' 'M' 'M' 'M' 'M' 'M' 'M' 'M' 'M' 'M' 'M' 'M']"
47401,2,175,4,171,23,0,0,"['M' 'M' 'U' 'M' 'U' 'U' 'M' 'M' 'M' 'M' 'M' 'M' 'M' 'M' 'M' 'A' 'U' 'M'
 'M' 'M' 'M' 'M' 'M' 'M' 'M' 'M' 'M' 'M' 'M' 'M' 'U' 'M' 'M' 'M' 'M' 'M'
 'M' 'M' 'M' 'M' 'M' 'M' 'M' 'M' 'M' 'M' 'M' 'M' 'M' 'M' 'M' 'M' 'M' 'U'
 'M' 'M' 'M' 'M' 'M' 'M' 'M' 'M' 'M' 'M' 'M' 'U' 'M' 'U' 'M' 'M' 'M' 'M'
 'M' 'M' 'M' 'M' 'M' 'U' 'M' 'M' 'M' 'M' 'M' 'M' 'U' 'M' 'M' 'U' 'M' 'U'
 'M' 'U' 'U' 'U' 'M' 'M' 'M' 'M' 'M' 'M' 'M' 'M' 'M' 'M' 'M' 'M' 'M' 'M'
 'M' 'M' 'M' 'M' 'M' 'M' 'M' 'M' 'M' 'M' 'M' 'M' 'M' 'M' 'M' 'M' 'M' 'M'
 'M' 'M' 'M' 'M' 'A' 'A' 'U' 'M' 'M' 'A' 'U' 'U' 'U' 'M' 'M' 'U' 'M' 'M'
 'M' 'M' 'M' 'M' 'M' 'M' 'M' 'M' 'M' 'M' 'M' 'M' 'M' 'M' 'U' 'U' 'M' 'M'
 'M' 'M' 'M' 'M' 'M' 'M' 'M' 'M' 'M' 'M' 'M' 'M' 'M' 'M' 'M' 'M' 'U' 'M'
 'M' 'M' 'M' 'M' 'M' 'M' 'M' 'M' 'M' 'M' 'M' 'M' 'M' 'M' 'M' 'M' 'M' 'M']"
47501,3,176,5,171,22,0,0,"['M' 'M' 'M' 'M' 'U' 'U' 'M' 'M' 'M' 'M' 'M' 'M' 'M' 'M' 'M' 'A' 'U' 'M'
 'M' 'M' 'M' 'M' 'M' 'M' 'M' 'M' 'M' 'M' 'M' 'M' 'U' 'M' 'M' 'M' 'U' 'M'
 'M' 'M' 'M' 'M' 'M' 'M' 'M' 'M' 'M' 'M' 'M' 'M' 'M' 'M' 'M' 'M' 'M' 'M'
 'M' 'M' 'M' 'M' 'M' 'M' 'M' 'M' 'M' 'M' 'M' 'U' 'M' 'M' 'M' 'M' 'M' 'U'
 'M' 'M' 'M' 'U' 'M' 'M' 'M' 'M' 'M' 'M' 'U' 'M' 'M' 'U' 'U' 'M' 'M' 'M'
 'U' 'U' 'M' 'M' 'U' 'M' 'M' 'M' 'M' 'M' 'M' 'M' 'M' 'M' 'M' 'M' 'M' 'M'
 'M' 'M' 'M' 'M' 'M' 'M' 'M' 'M' 'M' 'M' 'M' 'M' 'M' 'M' 'M' 'M' 'M' 'M'
 'M' 'M' 'M' 'M' 'A' 'A' 'A' 'U' 'M' 'A' 'U' 'U' 'U' 'M' 'M' 'U' 'M' 'M'
 'M' 'M' 'M' 'M' 'M' 'M' 'M' 'M' 'M' 'M' 'M' 'M' 'M' 'M' 'U' 'U' 'M' 'M'
 'M' 'M' 'M' 'M' 'M' 'M' 'M' 'M' 'M' 'M' 'M' 'M' 'M' 'M' 'M' 'M' 'U' 'M'
 'M' 'M' 'M' 'M' 'M' 'M' 'M' 'M' 'M' 'M' 'M' 'M' 'M' 'M' 'M' 'M' 'M' 'M']"
47601,2,174,8,166,24,0,0,"['M' 'M' 'M' 'M' 'M' 'U' 'M' 'M' 'M' 'M' 'M' 'M' 'U' 'M' 'M' 'A' 'M' 'M'
 'M' 'M' 'M' 'M' 'M' 'M' 'M' 'U' 'M' 'M' 'M' 'M' 'M' 'M' 'M' 'M' 'U' 'M'
 'M' 'M' 'M' 'M' 'M' 'M' 'M' 'M' 'M' 'M' 'M' 'M' 'M' 'M' 'M' 'M' 'M' 'M'
 'U' 'M' 'M' 'M' 'M' 'M' 'M' 'M' 'M' 'M' 'M' 'M' 'M' 'M' 'U' 'M' 'M' 'M'
 'U' 'M' 'M' 'M' 'M' 'M' 'M' 'U' 'U' 'M' 'M' 'U' 'M' 'U' 'U' 'M' 'M' 'M'
 'U' 'U' 'M' 'M' 'M' 'M' 'M' 'M' 'M' 'M' 'M' 'M' 'M' 'M' 'M' 'M' 'U' 'M'
 'M' 'M' 'M' 'M' 'M' 'U' 'U' 'M' 'M' 'M' 'M' 'M' 'M' 'M' 'M' 'M' 'M' 'M'
 'M' 'M' 'M' 'M' 'A' 'A' 'A' 'U' 'M' 'A' 'A' 'A' 'A' 'M' 'M' 'U' 'M' 'M'
 'M' 'M' 'M' 'M' 'M' 'M' 'M' 'M' 'M' 'M' 'M' 'M' 'M' 'M' 'U' 'U' 'M' 'M'
 'M' 'M' 'M' 'M' 'M' 'M' 'M' 'M' 'M' 'M' 'U' 'M' 'M' 'M' 'M' 'M' 'U' 'M'
 'M' 'M' 'M' 'M' 'M' 'M' 'M' 'U' 'M' 'M' 'M' 'M' 'M' 'M' 'M' 'M' 'M' 'M']"
47701,2,173,8,165,25,0,0,"['M' 'M' 'M' 'M' 'M' 'M' 'M' 'M' 'M' 'M' 'M' 'M' 'M' 'M' 'U' 'A' 'M' 'M'
 'M' 'M' 'M' 'M' 'M' 'M' 'M' 'M' 'M' 'M' 'M' 'U' 'U' 'M' 'M' 'M' 'M' 'M'
 'M' 'M' 'M' 'M' 'M' 'M' 'M' 'M' 'M' 'M' 'M' 'M' 'U' 'M' 'M' 'M' 'M' 'M'
 'U' 'M' 'M' 'M' 'M' 'M' 'M' 'M' 'M' 'M' 'M' 'M' 'M' 'M' 'M' 'M' 'M' 'U'
 'M' 'U' 'M' 'U' 'U' 'U' 'M' 'M' 'M' 'M' 'M' 'U' 'M' 'M' 'M' 'M' 'M' 'U'
 'M' 'M' 'U' 'M' 'U' 'M' 'M' 'M' 'M' 'M' 'M' 'M' 'M' 'M' 'M' 'M' 'M' 'M'
 'M' 'M' 'M' 'M' 'M' 'M' 'U' 'M' 'M' 'M' 'M' 'M' 'M' 'M' 'M' 'M' 'U' 'M'
 'M' 'M' 'M' 'M' 'A' 'U' 'A' 'A' 'A' 'A' 'A' 'U' 'A' 'M' 'M' 'U' 'M' 'M'
 'M' 'M' 'M' 'M' 'M' 'M' 'U' 'M' 'M' 'M' 'M' 'M' 'M' 'M' 'U' 'U' 'M' 'M'
 'M' 'M' 'M' 'M' 'M' 'M' 'M' 'M' 'M' 'M' 'U' 'M' 'M' 'M' 'M' 'M' 'U' 'M'
 'M' 'M' 'M' 'M' 'M' 'M' 'M' 'U' 'M' 'M' 'M' 'M' 'M' 'M' 'M' 'M' 'M' 'M']"
47801,2,174,9,165,24,0,0,"['M' 'M' 'M' 'M' 'M' 'M' 'M' 'M' 'M' 'M' 'M' 'M' 'M' 'M' 'M' 'U' 'M' 'M'
 'M' 'M' 'M' 'M' 'M' 'M' 'M' 'M' 'M' 'M' 'M' 'M' 'U' 'M' 'M' 'M' 'M' 'M'
 'M' 'M' 'M' 'M' 'M' 'M' 'M' 'M' 'M' 'M' 'M' 'M' 'U' 'M' 'M' 'M' 'M' 'M'
 'U' 'M' 'M' 'M' 'M' 'M' 'M' 'M' 'M' 'M' 'M' 'M' 'M' 'U' 'M' 'M' 'U' 'U'
 'U' 'M' 'M' 'M' 'M' 'M' 'M' 'M' 'U' 'M' 'M' 'U' 'M' 'U' 'M' 'M' 'M' 'M'
 'M' 'U' 'M' 'M' 'U' 'M' 'M' 'M' 'M' 'M' 'M' 'M' 'M' 'M' 'M' 'M' 'M' 'U'
 'M' 'M' 'M' 'M' 'M' 'M' 'U' 'M' 'M' 'M' 'M' 'M' 'M' 'M' 'M' 'M' 'M' 'M'
 'M' 'U' 'M' 'M' 'A' 'A' 'A' 'A' 'A' 'A' 'A' 'A' 'A' 'M' 'M' 'U' 'M' 'M'
 'M' 'M' 'M' 'M' 'M' 'M' 'U' 'M' 'M' 'M' 'M' 'M' 'M' 'M' 'U' 'U' 'M' 'M'
 'M' 'M' 'M' 'M' 'U' 'M' 'M' 'M' 'M' 'M' 'U' 'M' 'M' 'M' 'M' 'M' 'U' 'M'
 'M' 'M' 'M' 'M' 'M' 'M' 'M' 'U' 'M' 'M' 'M' 'M' 'M' 'M' 'M' 'M' 'M' 'M']"
47901,2,168,8,160,30,0,0,"['M' 'M' 'M' 'M' 'M' 'M' 'M' 'M' 'M' 'M' 'M' 'M' 'M' 'M' 'M' 'U' 'M' 'M'
 'M' 'M' 'M' 'M' 'M' 'M' 'M' 'M' 'M' 'M' 'U' 'M' 'U' 'M' 'M' 'M' 'M' 'M'
 'M' 'M' 'M' 'M' 'M' 'M' 'M' 'U' 'U' 'M' 'M' 'M' 'M' 'M' 'M' 'M' 'M' 'M'
 'U' 'M' 'M' 'M' 'M' 'M' 'M' 'M' 'M' 'M' 'M' 'M' 'M' 'M' 'M' 'U' 'U' 'M'
 'M' 'M' 'M' 'M' 'M' 'U' 'U' 'U' 'M' 'M' 'U' 'M' 'U' 'M' 'M' 'M' 'M' 'M'
 'U' 'M' 'U' 'M' 'M' 'M' 'M' 'M' 'M' 'M' 'M' 'M' 'M' 'M' 'M' 'M' 'M' 'M'
 'M' 'M' 'M' 'M' 'M' 'M' 'U' 'M' 'M' 'M' 'M' 'M' 'M' 'M' 'M' 'M' 'M' 'M'
 'M' 'U' 'M' 'M' 'A' 'U' 'A' 'A' 'A' 'U' 'A' 'A' 'A' 'M' 'M' 'U' 'M' 'M'
 'M' 'M' 'M' 'M' 'M' 'M' 'U' 'M' 'M' 'M' 'M' 'M' 'M' 'M' 'U' 'U' 'M' 'M'
 'M' 'M' 'U' 'M' 'U' 'M' 'M' 'M' 'M' 'M' 'U' 'M' 'U' 'M' 'M' 'M' 'U' 'M'
 'M' 'M' 'M' 'M' 'M' 'M' 'U' 'U' 'M' 'M' 'M' 'M' 'M' 'M' 'M' 'M' 'M' 'A']"
48001,2,175,8,167,23,0,0,"['M' 'M' 'M' 'M' 'M' 'M' 'M' 'M' 'M' 'M' 'M' 'M' 'M' 'M' 'M' 'U' 'M' 'M'
 'M' 'M' 'M' 'M' 'M' 'M' 'M' 'M' 'M' 'M' 'U' 'M' 'U' 'M' 'M' 'M' 'M' 'M'
 'M' 'M' 'M' 'M' 'M' 'M' 'M' 'M' 'U' 'M' 'M' 'M' 'M' 'M' 'M' 'M' 'M' 'M'
 'U' 'M' 'M' 'M' 'M' 'M' 'M' 'M' 'M' 'M' 'M' 'M' 'U' 'M' 'M' 'U' 'M' 'M'
 'U' 'U' 'M' 'U' 'M' 'M' 'M' 'M' 'M' 'M' 'U' 'M' 'M' 'U' 'U' 'M' 'M' 'M'
 'M' 'M' 'M' 'U' 'M' 'M' 'M' 'M' 'M' 'M' 'M' 'M' 'M' 'M' 'M' 'M' 'M' 'M'
 'M' 'M' 'M' 'M' 'M' 'M' 'U' 'M' 'M' 'M' 'M' 'M' 'M' 'M' 'M' 'M' 'M' 'M'
 'M' 'U' 'M' 'M' 'A' 'U' 'A' 'A' 'M' 'U' 'A' 'A' 'A' 'M' 'M' 'M' 'M' 'M'
 'M' 'M' 'M' 'M' 'M' 'M' 'M' 'M' 'M' 'U' 'M' 'M' 'M' 'M' 'U' 'M' 'M' 'M'
 'M' 'M' 'M' 'M' 'A' 'M' 'M' 'M' 'M' 'M' 'M' 'M' 'U' 'M' 'M' 'M' 'U' 'M'
 'M' 'M' 'M' 'M' 'M' 'M' 'U' 'M' 'M' 'M' 'M' 'M' 'M' 'M' 'M' 'M' 'M' 'A']"
48101,2,174,8,166,24,0,0,"['M' 'M' 'M' 'M' 'M' 'M' 'M' 'M' 'M' 'M' 'M' 'M' 'M' 'M' 'M' 'U' 'M' 'M'
 'M' 'M' 'M' 'M' 'M' 'M' 'M' 'M' 'M' 'M' 'U' 'M' 'U' 'M' 'M' 'M' 'M' 'M'
 'M' 'M' 'M' 'M' 'M' 'M' 'M' 'M' 'U' 'M' 'M' 'M' 'M' 'M' 'M' 'M' 'M' 'M'
 'U' 'M' 'M' 'M' 'M' 'M' 'M' 'M' 'M' 'M' 'M' 'M' 'U' 'M' 'M' 'M' 'M' 'U'
 'M' 'U' 'M' 'M' 'M' 'M' 'M' 'U' 'M' 'M' 'M' 'M' 'U' 'U' 'U' 'M' 'M' 'M'
 'M' 'M' 'U' 'M' 'U' 'M' 'M' 'M' 'M' 'M' 'M' 'M' 'M' 'M' 'M' 'M' 'M' 'M'
 'M' 'M' 'M' 'M' 'M' 'M' 'U' 'M' 'M' 'M' 'M' 'M' 'M' 'M' 'M' 'M' 'M' 'M'
 'M' 'U' 'M' 'M' 'A' 'U' 'A' 'A' 'A' 'A' 'A' 'U' 'A' 'M' 'M' 'M' 'M' 'M'
 'M' 'M' 'M' 'M' 'M' 'M' 'M' 'M' 'M' 'U' 'M' 'M' 'M' 'M' 'M' 'M' 'M' 'M'
 'M' 'U' 'M' 'M' 'A' 'M' 'M' 'M' 'M' 'M' 'M' 'M' 'U' 'M' 'M' 'M' 'U' 'M'
 'M' 'M' 'M' 'M' 'M' 'M' 'U' 'M' 'M' 'M' 'M' 'M' 'M' 'M' 'M' 'M' 'M' 'U']"
48201,2,175,9,166,23,0,0,"['M' 'M' 'M' 'M' 'M' 'M' 'M' 'M' 'M' 'M' 'M' 'M' 'M' 'M' 'M' 'U' 'M' 'M'
 'M' 'M' 'M' 'M' 'M' 'M' 'M' 'M' 'M' 'M' 'U' 'M' 'U' 'M' 'M' 'U' 'M' 'M'
 'M' 'M' 'M' 'M' 'M' 'M' 'M' 'M' 'M' 'M' 'M' 'M' 'M' 'M' 'M' 'M' 'M' 'M'
 'M' 'M' 'M' 'M' 'M' 'M' 'M' 'M' 'M' 'M' 'M' 'M' 'M' 'U' 'M' 'M' 'M' 'M'
 'M' 'U' 'M' 'M' 'M' 'M' 'U' 'M' 'U' 'M' 'M' 'U' 'U' 'U' 'M' 'M' 'M' 'M'
 'U' 'U' 'M' 'M' 'M' 'M' 'M' 'M' 'M' 'M' 'M' 'M' 'M' 'M' 'M' 'M' 'M' 'M'
 'M' 'M' 'M' 'M' 'M' 'M' 'M' 'M' 'M' 'M' 'M' 'M' 'M' 'M' 'M' 'M' 'M' 'M'
 'M' 'U' 'M' 'M' 'A' 'U' 'A' 'A' 'A' 'A' 'A' 'A' 'A' 'M' 'M' 'M' 'U' 'M'
 'M' 'M' 'M' 'M' 'M' 'M' 'M' 'M' 'M' 'U' 'M' 'M' 'M' 'M' 'M' 'M' 'M' 'M'
 'M' 'U' 'M' 'U' 'A' 'M' 'M' 'M' 'M' 'M' 'M' 'M' 'U' 'M' 'M' 'M' 'U' 'M'
 'M' 'M' 'M' 'M' 'M' 'M' 'U' 'M' 'M' 'M' 'U' 'M' 'M' 'M' 'M' 'M' 'M' 'M']"
48301,4,178,10,168,20,0,0,"['M' 'M' 'M' 'M' 'M' 'M' 'M' 'M' 'M' 'M' 'M' 'M' 'M' 'M' 'M' 'U' 'M' 'M'
 'M' 'M' 'M' 'U' 'M' 'M' 'M' 'M' 'M' 'M' 'M' 'M' 'U' 'M' 'M' 'U' 'M' 'M'
 'M' 'M' 'M' 'M' 'M' 'M' 'M' 'M' 'M' 'M' 'M' 'M' 'M' 'M' 'M' 'M' 'M' 'M'
 'M' 'M' 'M' 'M' 'M' 'M' 'M' 'M' 'M' 'M' 'M' 'M' 'M' 'M' 'U' 'M' 'U' 'M'
 'M' 'U' 'M' 'M' 'U' 'M' 'M' 'U' 'U' 'M' 'M' 'M' 'M' 'M' 'U' 'U' 'M' 'M'
 'M' 'M' 'U' 'M' 'M' 'M' 'M' 'M' 'M' 'U' 'M' 'M' 'M' 'M' 'M' 'M' 'M' 'M'
 'M' 'M' 'M' 'M' 'M' 'M' 'M' 'M' 'M' 'M' 'M' 'M' 'M' 'M' 'M' 'M' 'M' 'M'
 'M' 'M' 'M' 'M' 'A' 'A' 'A' 'A' 'A' 'A' 'A' 'A' 'A' 'M' 'M' 'M' 'U' 'M'
 'M' 'M' 'M' 'M' 'M' 'M' 'M' 'M' 'M' 'U' 'M' 'M' 'M' 'M' 'M' 'M' 'M' 'M'
 'M' 'U' 'M' 'U' 'A' 'M' 'M' 'M' 'M' 'M' 'M' 'M' 'M' 'M' 'M' 'M' 'M' 'M'
 'M' 'M' 'M' 'M' 'M' 'M' 'U' 'M' 'M' 'M' 'U' 'M' 'M' 'M' 'M' 'M' 'M' 'M']"
48401,2,178,9,169,20,0,0,"['M' 'M' 'M' 'M' 'M' 'M' 'M' 'M' 'M' 'M' 'M' 'U' 'M' 'M' 'M' 'U' 'M' 'M'
 'M' 'M' 'M' 'M' 'M' 'M' 'M' 'M' 'M' 'M' 'M' 'M' 'M' 'M' 'M' 'M' 'M' 'M'
 'M' 'M' 'M' 'M' 'M' 'M' 'M' 'M' 'M' 'M' 'M' 'M' 'M' 'M' 'M' 'M' 'M' 'M'
 'M' 'M' 'M' 'M' 'M' 'M' 'M' 'M' 'M' 'M' 'M' 'M' 'U' 'M' 'U' 'M' 'M' 'U'
 'U' 'M' 'M' 'U' 'U' 'M' 'M' 'U' 'M' 'M' 'M' 'M' 'M' 'U' 'M' 'M' 'M' 'M'
 'U' 'M' 'M' 'M' 'M' 'M' 'M' 'M' 'M' 'U' 'M' 'M' 'M' 'M' 'M' 'M' 'M' 'M'
 'M' 'M' 'U' 'M' 'M' 'M' 'M' 'M' 'M' 'M' 'M' 'M' 'M' 'M' 'M' 'M' 'M' 'M'
 'M' 'M' 'M' 'M' 'A' 'U' 'A' 'A' 'A' 'A' 'A' 'A' 'A' 'M' 'M' 'M' 'U' 'M'
 'M' 'M' 'U' 'M' 'M' 'M' 'M' 'M' 'M' 'U' 'M' 'M' 'M' 'M' 'M' 'M' 'M' 'M'
 'M' 'M' 'M' 'U' 'A' 'M' 'M' 'M' 'M' 'M' 'M' 'M' 'M' 'M' 'M' 'M' 'M' 'U'
 'M' 'M' 'M' 'M' 'M' 'M' 'U' 'M' 'M' 'M' 'M' 'M' 'M' 'M' 'M' 'M' 'M' 'M']"
48501,3,179,10,169,19,0,0,"['M' 'M' 'M' 'M' 'M' 'M' 'M' 'M' 'M' 'M' 'M' 'U' 'M' 'M' 'M' 'U' 'M' 'M'
 'M' 'M' 'M' 'M' 'M' 'M' 'M' 'M' 'M' 'M' 'M' 'M' 'M' 'M' 'M' 'M' 'M' 'M'
 'M' 'M' 'M' 'M' 'M' 'M' 'M' 'M' 'M' 'M' 'M' 'M' 'M' 'M' 'M' 'M' 'M' 'M'
 'M' 'M' 'M' 'M' 'M' 'M' 'M' 'M' 'M' 'M' 'M' 'M' 'U' 'M' 'U' 'M' 'M' 'U'
 'M' 'U' 'M' 'M' 'U' 'M' 'M' 'M' 'M' 'M' 'M' 'M' 'M' 'U' 'M' 'M' 'U' 'M'
 'U' 'M' 'M' 'U' 'M' 'M' 'M' 'M' 'U' 'M' 'M' 'U' 'M' 'M' 'M' 'M' 'M' 'M'
 'M' 'M' 'M' 'M' 'M' 'M' 'M' 'M' 'M' 'M' 'M' 'M' 'M' 'M' 'M' 'M' 'M' 'M'
 'M' 'M' 'M' 'M' 'A' 'U' 'A' 'A' 'A' 'A' 'A' 'A' 'A' 'M' 'M' 'M' 'M' 'M'
 'M' 'M' 'A' 'M' 'M' 'M' 'M' 'M' 'M' 'U' 'M' 'M' 'M' 'M' 'M' 'M' 'M' 'M'
 'M' 'M' 'M' 'U' 'A' 'U' 'M' 'M' 'M' 'M' 'M' 'M' 'M' 'M' 'M' 'M' 'M' 'U'
 'M' 'M' 'M' 'M' 'M' 'M' 'U' 'M' 'M' 'M' 'M' 'M' 'M' 'M' 'M' 'M' 'M' 'M']"
48601,2,177,10,167,21,0,0,"['M' 'M' 'M' 'M' 'M' 'M' 'M' 'M' 'M' 'M' 'M' 'U' 'M' 'M' 'M' 'U' 'M' 'M'
 'M' 'M' 'M' 'M' 'M' 'M' 'M' 'M' 'M' 'M' 'M' 'M' 'M' 'M' 'M' 'M' 'M' 'M'
 'M' 'M' 'M' 'M' 'M' 'M' 'M' 'M' 'M' 'M' 'M' 'M' 'M' 'M' 'M' 'M' 'U' 'M'
 'M' 'M' 'M' 'M' 'M' 'M' 'M' 'M' 'M' 'M' 'M' 'M' 'M' 'U' 'M' 'M' 'M' 'U'
 'U' 'M' 'M' 'M' 'M' 'M' 'M' 'M' 'M' 'U' 'M' 'M' 'U' 'U' 'M' 'M' 'M' 'M'
 'U' 'M' 'U' 'M' 'U' 'M' 'M' 'M' 'U' 'M' 'M' 'U' 'M' 'M' 'M' 'M' 'M' 'M'
 'M' 'U' 'M' 'M' 'M' 'M' 'M' 'M' 'M' 'M' 'M' 'M' 'M' 'M' 'M' 'M' 'M' 'U'
 'M' 'U' 'M' 'M' 'A' 'M' 'U' 'A' 'A' 'A' 'A' 'A' 'A' 'M' 'M' 'M' 'M' 'M'
 'M' 'M' 'A' 'M' 'M' 'M' 'M' 'M' 'M' 'U' 'M' 'M' 'M' 'M' 'M' 'M' 'M' 'M'
 'M' 'M' 'M' 'U' 'A' 'U' 'M' 'M' 'M' 'M' 'M' 'M' 'M' 'M' 'M' 'M' 'M' 'A'
 'M' 'M' 'M' 'M' 'M' 'M' 'M' 'M' 'M' 'M' 'M' 'M' 'M' 'M' 'M' 'M' 'M' 'M']"
48701,2,173,10,163,25,0,0,"['M' 'M' 'M' 'M' 'M' 'M' 'M' 'M' 'M' 'M' 'M' 'U' 'M' 'M' 'M' 'U' 'M' 'M'
 'M' 'M' 'M' 'M' 'M' 'M' 'M' 'M' 'M' 'M' 'M' 'M' 'M' 'M' 'M' 'M' 'M' 'M'
 'U' 'M' 'M' 'M' 'M' 'M' 'M' 'M' 'M' 'M' 'M' 'M' 'M' 'M' 'M' 'M' 'U' 'M'
 'M' 'M' 'M' 'M' 'M' 'M' 'U' 'M' 'M' 'U' 'M' 'M' 'M' 'M' 'M' 'M' 'U' 'M'
 'U' 'U' 'M' 'M' 'U' 'U' 'M' 'M' 'M' 'M' 'U' 'U' 'M' 'M' 'U' 'M' 'M' 'M'
 'M' 'U' 'M' 'M' 'M' 'M' 'M' 'M' 'M' 'U' 'M' 'U' 'M' 'M' 'M' 'M' 'U' 'M'
 'M' 'U' 'M' 'M' 'M' 'M' 'M' 'M' 'M' 'M' 'M' 'M' 'M' 'M' 'M' 'M' 'M' 'U'
 'M' 'M' 'U' 'M' 'A' 'U' 'A' 'A' 'A' 'A' 'A' 'A' 'A' 'M' 'M' 'M' 'M' 'M'
 'M' 'M' 'M' 'M' 'M' 'M' 'M' 'M' 'M' 'U' 'M' 'M' 'M' 'M' 'M' 'M' 'M' 'M'
 'M' 'M' 'M' 'M' 'A' 'U' 'M' 'M' 'M' 'M' 'M' 'M' 'U' 'M' 'M' 'M' 'M' 'A'
 'M' 'M' 'M' 'M' 'M' 'M' 'M' 'M' 'M' 'M' 'M' 'M' 'M' 'M' 'M' 'M' 'M' 'M']"
48801,2,176,9,167,22,0,0,"['M' 'M' 'M' 'M' 'M' 'M' 'M' 'M' 'M' 'M' 'M' 'U' 'M' 'M' 'M' 'U' 'M' 'M'
 'M' 'M' 'M' 'M' 'M' 'M' 'M' 'M' 'M' 'M' 'M' 'M' 'M' 'M' 'M' 'M' 'M' 'M'
 'M' 'M' 'M' 'M' 'M' 'M' 'M' 'M' 'M' 'M' 'M' 'M' 'M' 'M' 'M' 'M' 'M' 'M'
 'U' 'M' 'M' 'M' 'M' 'M' 'M' 'M' 'M' 'M' 'M' 'M' 'M' 'M' 'M' 'U' 'M' 'U'
 'U' 'M' 'M' 'M' 'M' 'M' 'M' 'M' 'M' 'U' 'M' 'M' 'M' 'U' 'U' 'M' 'U' 'M'
 'M' 'U' 'M' 'U' 'M' 'U' 'M' 'M' 'M' 'U' 'M' 'M' 'M' 'M' 'M' 'M' 'U' 'M'
 'M' 'M' 'M' 'M' 'M' 'M' 'M' 'M' 'M' 'U' 'M' 'M' 'M' 'M' 'M' 'M' 'M' 'M'
 'M' 'M' 'U' 'M' 'A' 'U' 'A' 'A' 'A' 'U' 'A' 'A' 'A' 'M' 'M' 'M' 'M' 'M'
 'M' 'M' 'M' 'M' 'M' 'M' 'M' 'M' 'M' 'U' 'M' 'M' 'M' 'M' 'M' 'M' 'M' 'M'
 'M' 'M' 'M' 'M' 'A' 'U' 'M' 'M' 'M' 'M' 'M' 'M' 'U' 'M' 'M' 'M' 'M' 'A'
 'M' 'M' 'M' 'M' 'M' 'M' 'M' 'M' 'M' 'M' 'M' 'M' 'M' 'M' 'M' 'M' 'M' 'M']"
48901,2,174,5,169,24,0,0,"['M' 'M' 'M' 'M' 'M' 'M' 'M' 'M' 'M' 'M' 'M' 'U' 'M' 'M' 'M' 'M' 'M' 'M'
 'M' 'M' 'M' 'M' 'M' 'M' 'M' 'M' 'M' 'M' 'M' 'M' 'M' 'M' 'M' 'M' 'M' 'M'
 'M' 'M' 'M' 'M' 'M' 'M' 'M' 'M' 'M' 'M' 'M' 'M' 'M' 'M' 'M' 'M' 'M' 'M'
 'U' 'M' 'M' 'M' 'M' 'M' 'M' 'M' 'M' 'M' 'M' 'U' 'M' 'M' 'M' 'M' 'M' 'M'
 'M' 'U' 'M' 'M' 'U' 'M' 'U' 'M' 'U' 'M' 'M' 'M' 'U' 'M' 'M' 'M' 'M' 'U'
 'U' 'M' 'U' 'M' 'M' 'U' 'M' 'M' 'M' 'U' 'M' 'M' 'M' 'M' 'M' 'M' 'U' 'M'
 'M' 'M' 'M' 'M' 'M' 'M' 'M' 'M' 'U' 'M' 'M' 'M' 'M' 'M' 'M' 'M' 'M' 'M'
 'M' 'M' 'U' 'M' 'A' 'U' 'U' 'A' 'A' 'M' 'A' 'U' 'U' 'M' 'M' 'M' 'M' 'M'
 'M' 'M' 'M' 'M' 'M' 'U' 'M' 'M' 'M' 'M' 'M' 'M' 'M' 'M' 'M' 'M' 'M' 'M'
 'M' 'M' 'M' 'M' 'U' 'U' 'M' 'M' 'M' 'M' 'M' 'M' 'U' 'M' 'M' 'M' 'M' 'A'
 'M' 'M' 'M' 'M' 'M' 'M' 'M' 'M' 'M' 'M' 'M' 'M' 'M' 'M' 'M' 'M' 'M' 'M']"
49001,2,176,5,171,22,0,0,"['M' 'M' 'M' 'M' 'M' 'M' 'M' 'M' 'M' 'M' 'M' 'U' 'M' 'M' 'M' 'M' 'M' 'M'
 'M' 'M' 'M' 'M' 'M' 'M' 'M' 'M' 'M' 'M' 'M' 'M' 'M' 'M' 'M' 'M' 'M' 'M'
 'M' 'M' 'M' 'M' 'M' 'M' 'M' 'M' 'M' 'M' 'M' 'M' 'M' 'M' 'M' 'M' 'M' 'M'
 'U' 'M' 'M' 'M' 'M' 'M' 'M' 'M' 'M' 'M' 'M' 'M' 'M' 'M' 'M' 'U' 'U' 'M'
 'M' 'M' 'M' 'M' 'U' 'M' 'U' 'M' 'M' 'U' 'U' 'U' 'M' 'M' 'M' 'M' 'M' 'M'
 'U' 'M' 'U' 'M' 'M' 'M' 'M' 'M' 'M' 'U' 'M' 'M' 'M' 'M' 'M' 'M' 'M' 'M'
 'M' 'M' 'M' 'M' 'M' 'M' 'M' 'M' 'M' 'M' 'M' 'M' 'M' 'M' 'M' 'M' 'M' 'M'
 'M' 'M' 'U' 'M' 'A' 'M' 'A' 'A' 'U' 'U' 'A' 'A' 'U' 'M' 'M' 'M' 'M' 'M'
 'M' 'M' 'M' 'M' 'M' 'U' 'M' 'M' 'M' 'M' 'M' 'M' 'M' 'M' 'M' 'M' 'M' 'M'
 'M' 'M' 'M' 'M' 'U' 'U' 'M' 'M' 'M' 'M' 'M' 'M' 'U' 'M' 'M' 'U' 'M' 'U'
 'M' 'M' 'M' 'M' 'M' 'M' 'M' 'M' 'M' 'M' 'M' 'M' 'M' 'M' 'M' 'M' 'M' 'M']"
49101,2,178,10,168,20,0,0,"['M' 'M' 'M' 'M' 'M' 'M' 'M' 'M' 'M' 'M' 'M' 'M' 'M' 'M' 'M' 'M' 'M' 'M'
 'M' 'M' 'M' 'M' 'U' 'M' 'M' 'U' 'M' 'M' 'M' 'M' 'M' 'M' 'M' 'M' 'M' 'M'
 'M' 'M' 'M' 'M' 'M' 'M' 'M' 'M' 'M' 'M' 'M' 'M' 'M' 'M' 'M' 'M' 'U' 'M'
 'U' 'M' 'M' 'M' 'M' 'M' 'U' 'M' 'M' 'M' 'M' 'M' 'M' 'U' 'U' 'M' 'U' 'U'
 'U' 'M' 'M' 'M' 'M' 'M' 'U' 'M' 'M' 'M' 'U' 'U' 'M' 'M' 'U' 'M' 'M' 'M'
 'M' 'M' 'M' 'M' 'M' 'M' 'M' 'M' 'M' 'M' 'M' 'M' 'M' 'M' 'M' 'M' 'M' 'M'
 'M' 'M' 'M' 'M' 'M' 'M' 'M' 'M' 'M' 'M' 'M' 'M' 'M' 'M' 'M' 'M' 'U' 'M'
 'M' 'M' 'A' 'M' 'A' 'A' 'A' 'A' 'A' 'A' 'A' 'A' 'A' 'M' 'M' 'M' 'M' 'M'
 'M' 'M' 'M' 'M' 'M' 'U' 'M' 'M' 'M' 'M' 'M' 'M' 'M' 'M' 'M' 'M' 'M' 'M'
 'M' 'M' 'M' 'M' 'U' 'M' 'M' 'M' 'M' 'M' 'M' 'M' 'M' 'M' 'M' 'U' 'M' 'U'
 'M' 'M' 'M' 'M' 'M' 'M' 'M' 'M' 'M' 'U' 'M' 'M' 'M' 'M' 'M' 'M' 'M' 'M']"
49201,2,174,6,168,24,0,0,"['M' 'M' 'M' 'M' 'M' 'M' 'M' 'M' 'M' 'M' 'M' 'M' 'M' 'M' 'M' 'M' 'M' 'M'
 'M' 'M' 'M' 'M' 'U' 'M' 'M' 'M' 'M' 'M' 'M' 'M' 'M' 'M' 'M' 'M' 'M' 'M'
 'M' 'M' 'M' 'M' 'M' 'M' 'M' 'M' 'M' 'M' 'M' 'M' 'M' 'M' 'M' 'M' 'U' 'M'
 'U' 'M' 'M' 'M' 'M' 'M' 'U' 'M' 'M' 'M' 'M' 'U' 'M' 'M' 'M' 'M' 'M' 'U'
 'U' 'U' 'M' 'U' 'U' 'U' 'M' 'U' 'M' 'M' 'M' 'M' 'U' 'M' 'M' 'M' 'M' 'M'
 'M' 'M' 'M' 'M' 'M' 'M' 'M' 'M' 'M' 'M' 'M' 'M' 'M' 'M' 'M' 'M' 'M' 'M'
 'M' 'M' 'M' 'M' 'U' 'M' 'U' 'M' 'M' 'M' 'M' 'M' 'M' 'M' 'M' 'M' 'U' 'M'
 'M' 'M' 'A' 'M' 'A' 'A' 'U' 'A' 'U' 'A' 'A' 'U' 'U' 'M' 'M' 'M' 'M' 'M'
 'M' 'M' 'M' 'M' 'M' 'M' 'M' 'M' 'M' 'M' 'M' 'M' 'M' 'M' 'M' 'M' 'M' 'M'
 'M' 'M' 'M' 'M' 'U' 'M' 'M' 'M' 'M' 'M' 'M' 'M' 'M' 'U' 'M' 'U' 'M' 'M'
 'M' 'M' 'M' 'M' 'M' 'M' 'M' 'M' 'M' 'U' 'M' 'M' 'M' 'M' 'M' 'M' 'M' 'M']"
49301,2,176,8,168,22,0,0,"['M' 'M' 'M' 'M' 'M' 'M' 'U' 'M' 'M' 'M' 'M' 'M' 'M' 'M' 'M' 'M' 'M' 'M'
 'M' 'M' 'M' 'M' 'M' 'M' 'M' 'M' 'M' 'M' 'M' 'M' 'M' 'M' 'M' 'M' 'M' 'M'
 'M' 'M' 'M' 'M' 'M' 'M' 'M' 'M' 'M' 'M' 'M' 'M' 'U' 'M' 'M' 'U' 'U' 'M'
 'U' 'M' 'M' 'M' 'M' 'M' 'U' 'M' 'M' 'U' 'M' 'M' 'M' 'M' 'M' 'M' 'M' 'U'
 'M' 'M' 'U' 'M' 'M' 'M' 'U' 'M' 'U' 'M' 'U' 'M' 'U' 'M' 'M' 'M' 'U' 'U'
 'M' 'M' 'M' 'U' 'M' 'M' 'M' 'M' 'M' 'M' 'M' 'M' 'M' 'M' 'M' 'M' 'M' 'M'
 'M' 'M' 'M' 'M' 'U' 'M' 'M' 'M' 'M' 'M' 'M' 'M' 'M' 'M' 'M' 'M' 'A' 'M'
 'M' 'M' 'A' 'M' 'A' 'A' 'A' 'A' 'A' 'U' 'U' 'U' 'A' 'M' 'M' 'M' 'M' 'M'
 'M' 'M' 'M' 'M' 'M' 'M' 'M' 'M' 'M' 'M' 'U' 'M' 'M' 'M' 'M' 'M' 'M' 'M'
 'M' 'M' 'M' 'M' 'M' 'M' 'M' 'M' 'M' 'M' 'M' 'M' 'M' 'M' 'M' 'U' 'M' 'M'
 'M' 'M' 'M' 'M' 'M' 'M' 'M' 'M' 'M' 'M' 'M' 'M' 'M' 'M' 'M' 'M' 'M' 'M']"
49401,2,175,9,166,23,0,0,"['M' 'M' 'M' 'M' 'M' 'M' 'U' 'M' 'M' 'M' 'M' 'M' 'M' 'U' 'U' 'M' 'M' 'M'
 'M' 'M' 'M' 'M' 'M' 'M' 'M' 'M' 'M' 'M' 'M' 'M' 'M' 'M' 'M' 'M' 'M' 'M'
 'U' 'M' 'M' 'M' 'M' 'M' 'M' 'M' 'M' 'M' 'M' 'M' 'U' 'M' 'M' 'U' 'U' 'M'
 'U' 'M' 'M' 'M' 'M' 'M' 'U' 'M' 'M' 'U' 'M' 'M' 'U' 'M' 'U' 'M' 'M' 'M'
 'U' 'U' 'U' 'M' 'M' 'U' 'M' 'M' 'U' 'M' 'M' 'M' 'M' 'U' 'U' 'M' 'M' 'M'
 'M' 'M' 'M' 'M' 'M' 'M' 'M' 'M' 'M' 'M' 'M' 'M' 'M' 'M' 'M' 'M' 'M' 'M'
 'M' 'M' 'M' 'M' 'M' 'M' 'M' 'M' 'M' 'M' 'M' 'M' 'M' 'M' 'M' 'M' 'U' 'M'
 'M' 'M' 'A' 'M' 'A' 'A' 'A' 'U' 'A' 'A' 'U' 'A' 'A' 'M' 'M' 'M' 'M' 'M'
 'M' 'M' 'M' 'M' 'M' 'M' 'M' 'M' 'M' 'M' 'A' 'U' 'M' 'M' 'M' 'M' 'M' 'M'
 'M' 'M' 'M' 'M' 'M' 'M' 'M' 'M' 'M' 'M' 'M' 'M' 'M' 'M' 'M' 'M' 'M' 'M'
 'M' 'M' 'M' 'M' 'M' 'M' 'M' 'M' 'M' 'M' 'M' 'M' 'M' 'M' 'M' 'M' 'M' 'M']"
49501,3,173,11,162,25,0,0,"['M' 'M' 'M' 'M' 'M' 'M' 'M' 'M' 'U' 'M' 'M' 'M' 'M' 'U' 'M' 'M' 'M' 'M'
 'M' 'M' 'M' 'M' 'M' 'M' 'M' 'M' 'M' 'M' 'M' 'M' 'M' 'M' 'M' 'M' 'M' 'M'
 'U' 'M' 'M' 'M' 'M' 'M' 'M' 'M' 'M' 'M' 'M' 'M' 'U' 'M' 'U' 'U' 'U' 'M'
 'M' 'M' 'M' 'M' 'M' 'M' 'U' 'M' 'M' 'U' 'M' 'M' 'U' 'M' 'M' 'M' 'M' 'M'
 'M' 'U' 'M' 'M' 'U' 'M' 'M' 'M' 'M' 'M' 'M' 'M' 'U' 'M' 'U' 'U' 'U' 'M'
 'M' 'M' 'U' 'U' 'M' 'M' 'M' 'M' 'M' 'M' 'M' 'U' 'M' 'M' 'M' 'M' 'M' 'M'
 'M' 'M' 'M' 'M' 'M' 'M' 'U' 'M' 'M' 'M' 'M' 'M' 'M' 'U' 'M' 'M' 'U' 'U'
 'M' 'M' 'A' 'M' 'A' 'A' 'A' 'A' 'A' 'A' 'A' 'A' 'A' 'M' 'M' 'M' 'M' 'M'
 'M' 'M' 'M' 'M' 'M' 'M' 'M' 'M' 'M' 'M' 'A' 'U' 'M' 'M' 'M' 'M' 'M' 'M'
 'M' 'M' 'M' 'M' 'M' 'M' 'M' 'M' 'M' 'M' 'M' 'M' 'M' 'M' 'M' 'M' 'M' 'M'
 'U' 'M' 'M' 'M' 'M' 'M' 'M' 'M' 'M' 'M' 'M' 'M' 'M' 'M' 'M' 'M' 'M' 'M']"
49601,2,168,7,161,30,0,0,"['M' 'M' 'M' 'M' 'M' 'M' 'M' 'M' 'U' 'M' 'U' 'M' 'M' 'U' 'M' 'M' 'M' 'M'
 'M' 'M' 'M' 'M' 'M' 'M' 'M' 'M' 'M' 'M' 'M' 'M' 'M' 'M' 'M' 'M' 'M' 'M'
 'U' 'M' 'M' 'M' 'M' 'M' 'M' 'M' 'M' 'M' 'M' 'M' 'U' 'M' 'U' 'U' 'U' 'M'
 'M' 'M' 'M' 'M' 'M' 'M' 'U' 'M' 'M' 'U' 'M' 'M' 'M' 'U' 'M' 'M' 'M' 'M'
 'M' 'U' 'M' 'M' 'U' 'U' 'M' 'M' 'M' 'U' 'M' 'M' 'M' 'M' 'U' 'M' 'U' 'U'
 'M' 'M' 'M' 'U' 'M' 'M' 'M' 'M' 'M' 'M' 'M' 'U' 'M' 'M' 'M' 'M' 'M' 'M'
 'M' 'M' 'M' 'M' 'M' 'M' 'M' 'M' 'M' 'M' 'M' 'M' 'M' 'M' 'M' 'M' 'U' 'U'
 'M' 'M' 'U' 'M' 'A' 'U' 'A' 'A' 'U' 'A' 'A' 'A' 'U' 'M' 'M' 'M' 'M' 'M'
 'M' 'M' 'M' 'M' 'M' 'M' 'M' 'M' 'M' 'M' 'A' 'U' 'M' 'M' 'M' 'M' 'M' 'M'
 'M' 'M' 'M' 'M' 'M' 'M' 'M' 'M' 'M' 'M' 'M' 'M' 'M' 'M' 'M' 'M' 'M' 'M'
 'U' 'U' 'M' 'M' 'M' 'M' 'M' 'M' 'M' 'M' 'M' 'M' 'M' 'M' 'M' 'M' 'M' 'U']"
49701,3,170,9,161,28,1,0,"['M' 'M' 'M' 'M' 'M' 'M' 'M' 'M' 'M' 'M' 'M' 'M' 'M' 'U' 'M' 'M' 'M' 'M'
 'M' 'M' 'M' 'M' 'M' 'M' 'M' 'M' 'M' 'M' 'M' 'M' 'M' 'M' 'M' 'M' 'M' 'M'
 'U' 'M' 'M' 'M' 'M' 'M' 'M' 'M' 'M' 'M' 'U' 'M' 'U' 'M' 'U' 'U' 'U' 'M'
 'M' 'M' 'M' 'M' 'M' 'M' 'U' 'M' 'M' 'U' 'M' 'M' 'M' 'M' 'M' 'U' 'M' 'U'
 'M' 'M' 'U' 'M' 'M' 'U' 'M' 'M' 'M' 'U' 'M' 'M' 'M' 'M' 'U' 'U' 'U' 'M'
 'M' 'M' 'M' 'M' 'U' 'M' 'M' 'M' 'M' 'M' 'M' 'U' 'M' 'M' 'M' 'M' 'M' 'M'
 'M' 'M' 'M' 'M' 'M' 'M' 'M' 'M' 'M' 'U' 'M' 'M' 'M' 'M' 'M' 'M' 'U' 'U'
 'M' 'M' 'U' 'M' 'A' 'A' 'A' 'A' 'A' 'A' 'A' 'A' 'U' 'M' 'M' 'M' 'M' 'M'
 'M' 'M' 'U' 'M' 'M' 'M' 'M' 'M' 'M' 'M' 'A' 'M' 'M' 'U' 'M' 'M' 'M' 'M'
 'M' 'M' 'M' 'M' 'M' 'M' 'M' 'M' 'M' 'M' 'M' 'M' 'M' 'M' 'M' 'M' 'M' 'M'
 'U' 'M' 'M' 'M' 'M' 'M' 'M' 'M' 'M' 'M' 'M' 'M' 'M' 'M' 'M' 'M' 'M' 'U']"
49801,2,175,7,168,23,0,0,"['M' 'M' 'M' 'M' 'M' 'M' 'M' 'M' 'M' 'M' 'M' 'M' 'M' 'M' 'M' 'M' 'M' 'M'
 'M' 'M' 'M' 'M' 'M' 'M' 'M' 'M' 'M' 'M' 'M' 'M' 'M' 'M' 'M' 'M' 'M' 'M'
 'M' 'M' 'M' 'M' 'M' 'M' 'M' 'M' 'M' 'M' 'U' 'M' 'M' 'M' 'U' 'U' 'U' 'M'
 'M' 'M' 'M' 'M' 'M' 'M' 'U' 'M' 'M' 'M' 'M' 'M' 'M' 'M' 'U' 'M' 'U' 'M'
 'M' 'M' 'M' 'U' 'M' 'U' 'M' 'M' 'M' 'M' 'M' 'U' 'M' 'M' 'M' 'U' 'M' 'M'
 'U' 'M' 'U' 'U' 'M' 'M' 'M' 'M' 'U' 'M' 'M' 'M' 'M' 'M' 'M' 'M' 'M' 'M'
 'M' 'M' 'M' 'M' 'M' 'M' 'M' 'M' 'M' 'U' 'M' 'M' 'M' 'M' 'M' 'M' 'U' 'U'
 'M' 'M' 'U' 'M' 'A' 'M' 'A' 'A' 'U' 'U' 'A' 'A' 'A' 'M' 'M' 'M' 'M' 'M'
 'M' 'M' 'M' 'M' 'M' 'M' 'M' 'M' 'M' 'M' 'A' 'M' 'M' 'M' 'M' 'M' 'M' 'M'
 'M' 'M' 'M' 'M' 'M' 'M' 'M' 'M' 'M' 'M' 'M' 'M' 'M' 'M' 'M' 'M' 'M' 'M'
 'U' 'M' 'M' 'M' 'M' 'M' 'M' 'M' 'M' 'M' 'M' 'M' 'M' 'M' 'M' 'M' 'M' 'U']"
49901,2,173,8,165,25,0,0,"['M' 'M' 'M' 'M' 'M' 'M' 'M' 'M' 'M' 'M' 'M' 'M' 'M' 'M' 'M' 'M' 'M' 'U'
 'M' 'M' 'M' 'M' 'M' 'M' 'M' 'M' 'M' 'M' 'U' 'M' 'M' 'M' 'M' 'M' 'M' 'M'
 'M' 'M' 'M' 'M' 'M' 'M' 'M' 'M' 'M' 'M' 'M' 'M' 'U' 'M' 'U' 'A' 'U' 'M'
 'M' 'U' 'M' 'M' 'M' 'M' 'U' 'M' 'M' 'M' 'M' 'M' 'M' 'M' 'M' 'U' 'M' 'M'
 'U' 'M' 'U' 'M' 'U' 'M' 'M' 'M' 'M' 'M' 'U' 'M' 'U' 'M' 'M' 'M' 'U' 'M'
 'M' 'M' 'U' 'M' 'U' 'M' 'M' 'M' 'M' 'M' 'M' 'M' 'M' 'M' 'M' 'M' 'M' 'M'
 'M' 'M' 'M' 'M' 'M' 'M' 'M' 'M' 'M' 'U' 'M' 'M' 'M' 'M' 'M' 'M' 'U' 'U'
 'M' 'M' 'U' 'M' 'A' 'M' 'U' 'A' 'A' 'M' 'A' 'A' 'A' 'M' 'M' 'M' 'M' 'M'
 'M' 'M' 'M' 'M' 'M' 'M' 'M' 'M' 'M' 'M' 'A' 'M' 'M' 'M' 'M' 'M' 'M' 'M'
 'M' 'M' 'M' 'M' 'M' 'M' 'M' 'M' 'M' 'M' 'M' 'M' 'M' 'M' 'M' 'M' 'M' 'M'
 'U' 'M' 'M' 'M' 'M' 'M' 'U' 'M' 'M' 'M' 'M' 'M' 'M' 'M' 'M' 'M' 'U' 'U']"
