Time Steps,Polymerase Count,Active Histone Count,Acetylated Histone Count,Methylated Histone Count,Unmodified Histone Count,Noisy Changes Count,Enzyme Changes Count
1,1,31,0,31,29,0,1
101,3,38,13,25,22,0,1
201,3,37,12,25,23,0,0
301,4,40,15,25,20,0,0
401,3,40,16,24,20,0,0
501,3,39,16,23,21,0,0
601,4,35,13,22,25,0,0
701,4,35,14,21,25,1,0
801,4,38,16,22,22,1,0
901,3,42,17,25,18,0,0
1001,3,36,12,24,24,0,1
1101,3,35,11,24,25,0,0
1201,4,40,13,27,20,0,1
1301,3,38,16,22,22,0,0
1401,3,39,22,17,21,0,1
1501,3,34,22,12,26,1,0
1601,3,32,20,12,28,0,0
1701,3,34,21,13,26,0,0
1801,3,35,21,14,25,0,0
1901,3,37,16,21,23,0,0
2001,3,40,16,24,20,1,0
2101,3,36,18,18,24,0,0
2201,3,39,19,20,21,0,0
2301,3,34,17,17,26,0,0
2401,3,36,19,17,24,0,0
2501,4,41,25,16,19,0,0
2601,3,38,23,15,22,0,0
2701,3,37,20,17,23,0,0
2801,3,43,26,17,17,0,0
2901,3,35,21,14,25,0,0
3001,3,38,24,14,22,0,0
3101,3,39,20,19,21,0,1
3201,3,38,21,17,22,0,0
3301,4,37,21,16,23,0,0
3401,3,40,29,11,20,0,0
3501,3,36,23,13,24,0,1
3601,4,39,22,17,21,1,0
3701,3,37,22,15,23,1,0
3801,3,42,25,17,18,0,0
3901,3,42,27,15,18,0,0
4001,3,35,24,11,25,1,0
4101,3,37,26,11,23,0,1
4201,3,40,32,8,20,0,0
4301,3,40,34,6,20,0,0
4401,4,43,34,9,17,0,0
4501,3,40,32,8,20,1,0
4601,3,35,25,10,25,0,0
4701,3,34,23,11,26,0,0
4801,3,41,30,11,19,0,1
4901,3,37,32,5,23,0,0
5001,3,34,27,7,26,0,0
5101,3,37,30,7,23,0,0
5201,3,43,35,8,17,0,0
5301,4,41,30,11,19,0,0
5401,3,40,30,10,20,0,0
5501,3,41,32,9,19,0,0
5601,3,48,39,9,12,0,0
5701,3,41,31,10,19,0,0
5801,4,40,27,13,20,0,1
5901,3,34,27,7,26,0,0
6001,3,31,25,6,29,0,0
6101,3,33,26,7,27,1,0
6201,3,34,28,6,26,0,0
6301,3,34,28,6,26,0,0
6401,3,37,27,10,23,0,0
6501,3,33,22,11,27,0,0
6601,3,32,18,14,28,0,0
6701,3,33,21,12,27,0,0
6801,3,28,20,8,32,0,0
6901,3,37,28,9,23,0,1
7001,3,36,27,9,24,0,0
7101,3,35,27,8,25,0,0
7201,4,33,29,4,27,0,0
7301,3,42,31,11,18,0,0
7401,3,40,27,13,20,0,0
7501,3,33,20,13,27,0,0
7601,3,37,19,18,23,1,0
7701,4,32,17,15,28,0,0
7801,3,32,17,15,28,0,0
7901,3,34,20,14,26,0,0
8001,3,34,22,12,26,0,0
8101,3,35,21,14,25,1,0
8201,3,32,24,8,28,0,0
8301,3,39,29,10,21,0,0
8401,3,41,27,14,19,0,0
8501,3,37,24,13,23,1,0
8601,3,38,24,14,22,0,0
8701,3,37,24,13,23,0,0
8801,3,37,24,13,23,0,0
8901,3,36,24,12,24,0,1
9001,3,34,18,16,26,0,0
9101,3,36,20,16,24,0,0
9201,3,37,22,15,23,0,0
9301,3,35,19,16,25,0,1
9401,3,34,23,11,26,0,0
9501,3,30,20,10,30,0,0
9601,3,37,23,14,23,0,0
9701,3,36,21,15,24,0,1
9801,3,34,25,9,26,0,0
9901,3,32,28,4,28,0,0
10001,4,34,28,6,26,0,0
10101,3,38,26,12,22,0,0
10201,3,33,23,10,27,0,0
10301,3,31,22,9,29,0,0
10401,3,31,23,8,29,1,0
10501,3,34,24,10,26,0,0
10601,3,34,22,12,26,0,0
10701,3,32,22,10,28,0,1
10801,3,38,28,10,22,0,1
10901,3,36,21,15,24,0,0
11001,4,41,21,20,19,0,0
11101,3,40,20,20,20,0,0
11201,3,36,16,20,24,0,1
11301,3,40,19,21,20,0,0
11401,3,39,18,21,21,0,0
11501,3,39,16,23,21,0,0
11601,4,45,20,25,15,1,0
11701,3,36,17,19,24,1,0
11801,4,42,16,26,18,0,0
11901,4,34,14,20,26,0,0
12001,3,38,15,23,22,0,0
12101,3,35,16,19,25,0,0
12201,3,38,18,20,22,0,0
12301,3,40,20,20,20,0,0
12401,3,35,21,14,25,0,0
12501,3,45,30,15,15,0,0
12601,4,37,25,12,23,0,0
12701,3,36,26,10,24,0,1
12801,3,44,30,14,16,0,0
12901,4,38,24,14,22,0,0
13001,3,38,24,14,22,0,0
13101,3,39,27,12,21,0,0
13201,3,39,28,11,21,1,0
13301,3,36,25,11,24,0,0
13401,3,34,25,9,26,0,0
13501,3,32,23,9,28,0,0
13601,3,36,22,14,24,0,1
13701,3,43,22,21,17,0,0
13801,4,37,22,15,23,0,1
13901,4,34,23,11,26,0,0
14001,4,42,27,15,18,0,0
14101,3,42,31,11,18,0,0
14201,3,41,31,10,19,0,0
14301,3,42,36,6,18,0,0
14401,3,46,39,7,14,0,1
14501,3,45,39,6,15,0,0
14601,3,43,38,5,17,0,0
14701,3,47,36,11,13,0,0
14801,3,38,26,12,22,0,0
14901,3,37,22,15,23,0,0
15001,3,38,24,14,22,0,0
15101,3,35,22,13,25,0,1
15201,3,32,20,12,28,0,0
15301,3,33,23,10,27,0,0
15401,3,32,24,8,28,0,0
15501,3,32,21,11,28,0,0
15601,3,33,19,14,27,0,1
15701,3,31,21,10,29,0,0
15801,4,31,22,9,29,0,0
15901,4,35,26,9,25,0,0
16001,4,36,29,7,24,0,0
16101,3,38,30,8,22,0,0
16201,3,39,32,7,21,0,1
16301,3,38,30,8,22,0,0
16401,3,38,30,8,22,0,1
16501,3,40,27,13,20,0,0
16601,3,37,24,13,23,0,0
16701,3,39,23,16,21,0,0
16801,4,43,24,19,17,0,0
16901,3,42,23,19,18,0,0
17001,3,39,25,14,21,0,0
17101,3,40,27,13,20,0,0
17201,3,44,31,13,16,0,0
17301,3,33,28,5,27,0,1
17401,3,39,35,4,21,0,0
17501,3,37,34,3,23,0,0
17601,3,41,35,6,19,0,1
17701,3,44,42,2,16,0,0
17801,4,38,35,3,22,0,0
17901,3,38,35,3,22,0,1
18001,3,34,28,6,26,0,0
18101,4,40,30,10,20,0,0
18201,3,32,27,5,28,0,0
18301,3,33,26,7,27,1,0
18401,3,37,26,11,23,0,0
18501,3,41,26,15,19,0,1
18601,3,39,24,15,21,0,0
18701,3,36,24,12,24,0,0
18801,3,38,26,12,22,0,0
18901,3,37,26,11,23,0,1
19001,3,39,26,13,21,0,0
19101,3,36,24,12,24,0,0
19201,4,37,23,14,23,0,0
19301,3,41,25,16,19,0,1
19401,3,38,24,14,22,1,0
19501,3,35,18,17,25,0,0
19601,3,38,22,16,22,0,0
19701,3,38,22,16,22,0,0
19801,4,38,18,20,22,0,0
19901,3,32,19,13,28,0,1
20001,4,35,19,16,25,0,0
20101,3,32,21,11,28,0,0
20201,3,31,22,9,29,0,0
20301,3,33,25,8,27,0,0
20401,3,40,33,7,20,0,0
20501,3,37,33,4,23,0,0
20601,3,41,34,7,19,0,1
20701,3,32,27,5,28,0,0
20801,3,40,34,6,20,0,0
20901,4,30,26,4,30,0,0
21001,4,30,25,5,30,0,0
21101,3,35,27,8,25,0,1
21201,3,40,32,8,20,0,0
21301,3,37,32,5,23,0,0
21401,3,44,34,10,16,0,0
21501,3,39,28,11,21,1,0
21601,3,40,27,13,20,0,0
21701,3,36,26,10,24,0,0
21801,3,34,20,14,26,0,0
21901,3,30,18,12,30,1,0
22001,3,32,20,12,28,0,0
22101,3,40,23,17,20,0,0
22201,3,38,20,18,22,0,1
22301,3,44,21,23,16,0,0
22401,3,43,20,23,17,0,0
22501,3,42,20,22,18,0,0
22601,3,35,16,19,25,0,0
22701,4,40,15,25,20,1,0
22801,3,42,16,26,18,0,0
22901,3,41,15,26,19,0,0
23001,4,37,17,20,23,0,0
23101,3,41,18,23,19,1,0
23201,3,39,19,20,21,0,0
23301,3,32,19,13,28,0,0
23401,3,33,13,20,27,0,0
23501,3,29,17,12,31,0,0
23601,3,31,19,12,29,0,1
23701,3,26,19,7,34,0,0
23801,3,34,22,12,26,0,1
23901,3,37,23,14,23,0,0
24001,3,38,28,10,22,0,0
24101,3,35,25,10,25,0,0
24201,3,40,30,10,20,0,0
24301,3,35,25,10,25,0,0
24401,4,34,23,11,26,0,0
24501,4,37,22,15,23,0,0
24601,3,33,22,11,27,1,0
24701,3,35,22,13,25,0,0
24801,3,42,29,13,18,0,0
24901,4,40,32,8,20,0,0
25001,3,43,33,10,17,0,0
25101,3,43,28,15,17,0,1
25201,3,39,26,13,21,0,0
25301,3,40,29,11,20,0,1
25401,3,37,28,9,23,0,0
25501,3,36,29,7,24,0,0
25601,3,32,29,3,28,0,0
25701,4,39,33,6,21,0,0
25801,3,41,36,5,19,0,0
25901,3,43,37,6,17,0,0
26001,3,39,35,4,21,0,0
26101,3,40,35,5,20,0,0
26201,3,36,33,3,24,0,1
26301,3,40,31,9,20,0,1
26401,3,43,32,11,17,0,0
26501,4,46,36,10,14,0,0
26601,3,38,31,7,22,0,0
26701,3,34,29,5,26,0,0
26801,3,35,29,6,25,0,0
26901,4,38,32,6,22,0,0
27001,3,42,33,9,18,0,1
27101,3,41,35,6,19,0,0
27201,3,38,31,7,22,0,0
27301,4,40,30,10,20,0,0
27401,3,42,34,8,18,1,0
27501,3,42,33,9,18,1,0
27601,3,39,30,9,21,0,1
27701,3,40,30,10,20,0,0
27801,3,42,33,9,18,0,0
27901,3,41,35,6,19,0,0
28001,3,40,33,7,20,0,0
28101,3,34,27,7,26,0,0
28201,3,37,28,9,23,0,0
28301,4,37,29,8,23,0,0
28401,3,36,28,8,24,0,0
28501,3,36,25,11,24,0,0
28601,3,44,26,18,16,0,0
28701,3,39,21,18,21,0,0
28801,3,39,19,20,21,0,0
28901,3,39,16,23,21,0,0
29001,3,37,13,24,23,0,0
29101,3,38,13,25,22,0,0
29201,4,38,18,20,22,0,1
29301,5,37,18,19,23,0,1
29401,4,31,17,14,29,0,0
29501,4,39,17,22,21,0,1
29601,3,35,18,17,25,0,0
29701,3,41,23,18,19,1,0
29801,3,34,20,14,26,0,0
29901,3,34,19,15,26,1,0
30001,3,39,23,16,21,0,0
30101,3,39,22,17,21,0,0
30201,4,35,23,12,25,0,0
30301,3,32,22,10,28,0,0
30401,3,34,25,9,26,0,0
30501,4,39,26,13,21,0,0
30601,3,36,26,10,24,0,0
30701,4,35,27,8,25,0,0
30801,3,35,27,8,25,0,0
30901,3,39,30,9,21,0,0
31001,5,38,30,8,22,0,0
31101,4,42,32,10,18,1,0
31201,3,45,35,10,15,1,0
31301,3,44,34,10,16,0,0
31401,3,43,35,8,17,0,0
31501,3,44,36,8,16,0,0
31601,4,41,35,6,19,0,0
31701,3,42,36,6,18,0,1
31801,4,40,35,5,20,0,0
31901,3,42,33,9,18,0,0
32001,3,34,26,8,26,0,0
32101,3,31,24,7,29,0,0
32201,3,39,27,12,21,0,0
32301,3,38,31,7,22,0,0
32401,5,41,32,9,19,0,0
32501,3,42,31,11,18,0,1
32601,4,38,32,6,22,0,0
32701,3,40,32,8,20,0,0
32801,4,48,40,8,12,0,1
32901,3,40,36,4,20,1,0
33001,5,36,32,4,24,0,0
33101,3,39,35,4,21,0,0
33201,3,30,29,1,30,0,0
33301,3,31,26,5,29,0,0
33401,4,30,22,8,30,0,0
33501,3,35,24,11,25,0,0
33601,3,38,30,8,22,0,0
33701,4,42,36,6,18,0,0
33801,4,45,37,8,15,0,0
33901,3,39,32,7,21,1,0
34001,3,43,36,7,17,0,0
34101,3,38,32,6,22,0,0
34201,3,43,35,8,17,0,0
34301,3,42,35,7,18,0,1
34401,3,40,27,13,20,0,0
34501,3,40,27,13,20,0,0
34601,3,37,24,13,23,0,0
34701,3,39,23,16,21,0,0
34801,3,37,21,16,23,0,0
34901,3,35,20,15,25,1,0
35001,3,33,21,12,27,0,0
35101,3,31,18,13,29,1,0
35201,4,28,18,10,32,1,0
35301,3,33,20,13,27,1,0
35401,4,33,21,12,27,0,0
35501,3,36,18,18,24,0,0
35601,4,37,18,19,23,0,0
35701,4,35,16,19,25,0,0
35801,3,32,16,16,28,0,0
35901,3,32,16,16,28,0,0
36001,3,33,15,18,27,0,0
36101,4,34,17,17,26,0,0
36201,3,32,15,17,28,0,0
36301,4,34,14,20,26,0,0
36401,4,30,11,19,30,0,0
36501,3,30,14,16,30,1,0
36601,3,39,23,16,21,0,0
36701,3,37,22,15,23,0,0
36801,4,35,21,14,25,0,0
36901,3,38,21,17,22,0,0
37001,3,39,23,16,21,0,0
37101,3,38,22,16,22,0,0
37201,3,38,24,14,22,0,0
37301,4,41,27,14,19,0,0
37401,3,40,26,14,20,0,0
37501,3,41,25,16,19,1,0
37601,3,36,28,8,24,0,0
37701,3,33,25,8,27,0,0
37801,4,38,28,10,22,1,0
37901,3,39,30,9,21,0,0
38001,3,36,23,13,24,0,0
38101,3,35,20,15,25,0,0
38201,3,35,15,20,25,0,0
38301,4,30,16,14,30,0,0
38401,3,33,17,16,27,0,0
38501,3,36,17,19,24,0,0
38601,3,38,20,18,22,0,0
38701,3,40,19,21,20,0,0
38801,3,35,15,20,25,0,0
38901,4,29,14,15,31,0,0
39001,3,38,16,22,22,0,0
39101,3,36,17,19,24,0,0
39201,4,32,13,19,28,0,0
39301,3,38,16,22,22,0,0
39401,3,35,13,22,25,0,1
39501,3,34,14,20,26,0,0
39601,4,41,20,21,19,0,0
39701,3,38,19,19,22,0,0
39801,3,33,15,18,27,0,1
39901,3,34,16,18,26,1,0
40001,3,39,20,19,21,0,0
40101,3,36,20,16,24,0,0
40201,3,36,22,14,24,0,0
40301,4,36,25,11,24,0,0
40401,3,33,20,13,27,0,0
40501,3,33,21,12,27,0,0
40601,4,28,20,8,32,0,0
40701,3,30,20,10,30,0,1
40801,4,34,23,11,26,0,0
40901,3,37,25,12,23,0,0
41001,3,32,20,12,28,0,0
41101,3,31,23,8,29,0,0
41201,3,40,29,11,20,0,0
41301,3,39,29,10,21,0,1
41401,5,38,27,11,22,0,0
41501,3,37,24,13,23,0,0
41601,3,35,22,13,25,0,0
41701,3,38,22,16,22,0,0
41801,3,38,21,17,22,0,0
41901,3,34,21,13,26,0,0
42001,3,40,28,12,20,0,0
42101,4,40,26,14,20,0,0
42201,3,43,23,20,17,0,0
42301,3,36,20,16,24,0,0
42401,3,37,18,19,23,0,0
42501,3,36,17,19,24,1,0
42601,3,40,21,19,20,1,0
42701,3,35,18,17,25,0,0
42801,3,34,12,22,26,0,1
42901,3,33,12,21,27,0,0
43001,3,30,12,18,30,0,1
43101,3,36,14,22,24,0,0
43201,3,35,17,18,25,0,0
43301,3,37,21,16,23,0,0
43401,3,28,18,10,32,0,0
43501,4,26,16,10,34,0,0
43601,3,32,19,13,28,0,0
43701,3,32,19,13,28,0,1
43801,4,31,22,9,29,0,0
43901,3,33,22,11,27,0,0
44001,3,38,27,11,22,0,0
44101,3,40,31,9,20,0,0
44201,3,40,32,8,20,0,0
44301,3,40,33,7,20,0,0
44401,3,40,35,5,20,0,1
44501,3,39,33,6,21,1,0
44601,3,41,35,6,19,0,0
44701,3,46,42,4,14,0,0
44801,3,44,41,3,16,0,0
44901,3,47,46,1,13,0,0
45001,4,43,41,2,17,0,0
45101,3,39,36,3,21,0,0
45201,3,35,32,3,25,0,0
45301,4,38,34,4,22,0,0
45401,3,42,39,3,18,0,0
45501,3,36,33,3,24,0,0
45601,3,36,35,1,24,0,0
45701,4,45,43,2,15,0,0
45801,3,44,39,5,16,0,0
45901,3,41,35,6,19,0,0
46001,3,33,29,4,27,0,0
46101,4,37,28,9,23,0,0
46201,3,41,31,10,19,0,0
46301,3,36,27,9,24,0,1
46401,3,37,28,9,23,0,0
46501,3,34,23,11,26,0,1
46601,3,32,23,9,28,1,0
46701,3,33,25,8,27,0,1
46801,3,31,25,6,29,0,0
46901,3,33,29,4,27,0,1
47001,4,35,30,5,25,0,0
47101,4,42,30,12,18,0,0
47201,3,41,29,12,19,0,0
47301,3,38,25,13,22,0,0
47401,3,41,25,16,19,0,0
47501,4,40,20,20,20,0,0
47601,3,40,21,19,20,0,0
47701,4,40,17,23,20,0,0
47801,3,44,16,28,16,1,0
47901,4,40,17,23,20,0,0
48001,5,47,21,26,13,0,0
48101,3,36,14,22,24,0,0
48201,3,41,17,24,19,1,0
48301,3,35,15,20,25,0,0
48401,4,38,15,23,22,0,0
48501,4,41,13,28,19,0,1
48601,3,33,8,25,27,0,0
48701,3,35,14,21,25,0,1
48801,3,33,15,18,27,0,0
48901,3,38,21,17,22,0,0
49001,3,37,19,18,23,0,0
49101,3,30,16,14,30,0,0
49201,5,34,21,13,26,0,0
49301,3,30,22,8,30,0,0
49401,3,30,22,8,30,0,1
49501,4,36,26,10,24,0,0
49601,4,31,18,13,29,0,0
49701,3,33,21,12,27,0,0
49801,3,33,19,14,27,0,1
49901,3,33,19,14,27,0,0
50001,3,43,21,22,17,0,1
50101,3,37,17,20,23,0,0
50201,3,44,22,22,16,0,0
50301,4,40,22,18,20,0,0
50401,3,34,23,11,26,0,0
50501,3,41,30,11,19,0,0
50601,4,44,32,12,16,1,0
50701,3,38,29,9,22,0,0
50801,4,38,28,10,22,0,0
50901,3,38,24,14,22,0,0
51001,3,38,23,15,22,0,0
51101,4,38,22,16,22,0,0
51201,4,37,20,17,23,0,0
51301,4,35,15,20,25,0,1
51401,4,37,13,24,23,0,0
51501,3,36,11,25,24,0,0
51601,3,34,9,25,26,0,0
51701,3,39,14,25,21,0,1
51801,3,31,12,19,29,0,1
51901,3,30,10,20,30,1,0
52001,3,30,10,20,30,0,0
52101,3,37,18,19,23,0,0
52201,3,34,15,19,26,0,0
52301,3,36,20,16,24,1,0
52401,4,35,24,11,25,0,0
52501,3,36,29,7,24,0,0
52601,3,37,29,8,23,1,0
52701,4,39,29,10,21,0,0
52801,3,35,25,10,25,0,0
52901,3,39,33,6,21,1,0
53001,3,36,28,8,24,0,0
53101,3,35,26,9,25,0,0
53201,3,37,23,14,23,0,0
53301,3,36,22,14,24,0,0
53401,3,39,27,12,21,0,0
53501,3,41,30,11,19,0,0
53601,3,35,27,8,25,0,1
53701,3,35,29,6,25,0,0
53801,4,32,28,4,28,0,0
53901,3,38,35,3,22,0,1
54001,3,43,38,5,17,0,0
54101,3,43,39,4,17,0,0
54201,3,41,37,4,19,0,0
54301,3,40,37,3,20,0,0
54401,3,43,38,5,17,0,0
54501,3,42,36,6,18,0,0
54601,5,39,33,6,21,0,0
54701,3,42,30,12,18,0,0
54801,4,42,31,11,18,0,0
54901,3,40,29,11,20,0,0
55001,3,32,20,12,28,1,0
55101,3,38,20,18,22,0,0
55201,3,38,22,16,22,1,0
55301,4,37,20,17,23,0,0
55401,3,34,19,15,26,0,0
55501,3,34,21,13,26,0,0
55601,4,32,20,12,28,0,0
55701,3,33,18,15,27,0,0
55801,3,29,15,14,31,0,0
55901,3,34,19,15,26,0,0
56001,3,34,15,19,26,0,0
56101,3,38,19,19,22,0,0
56201,3,35,17,18,25,0,1
56301,4,35,18,17,25,0,0
56401,4,39,17,22,21,0,0
56501,3,40,15,25,20,0,0
56601,4,38,15,23,22,0,0
56701,4,42,21,21,18,0,1
56801,3,42,21,21,18,1,0
56901,3,42,24,18,18,0,0
57001,3,42,27,15,18,0,0
57101,3,37,24,13,23,0,0
57201,3,44,29,15,16,0,0
57301,3,43,29,14,17,0,0
57401,3,38,29,9,22,0,0
57501,3,38,30,8,22,0,0
57601,3,38,28,10,22,0,0
57701,4,37,28,9,23,0,0
57801,4,36,26,10,24,0,1
57901,3,32,27,5,28,0,0
58001,3,34,24,10,26,0,0
58101,3,36,21,15,24,0,0
58201,3,36,22,14,24,0,0
58301,4,35,23,12,25,0,0
58401,3,32,21,11,28,0,0
58501,3,37,20,17,23,0,0
58601,4,33,19,14,27,0,0
58701,3,34,17,17,26,0,0
58801,4,32,19,13,28,0,0
58901,3,26,18,8,34,0,0
59001,4,29,22,7,31,0,0
59101,3,27,19,8,33,1,0
59201,3,29,18,11,31,0,0
59301,3,33,19,14,27,0,0
59401,3,31,14,17,29,0,0
59501,4,31,13,18,29,0,0
59601,3,24,14,10,36,0,0
59701,3,34,18,16,26,1,0
59801,4,33,21,12,27,0,0
59901,3,35,23,12,25,0,0
60001,3,33,20,13,27,0,0
60101,3,35,24,11,25,1,0
60201,3,30,24,6,30,0,0
60301,4,34,28,6,26,0,0
60401,4,40,30,10,20,1,0
60501,4,39,27,12,21,1,0
60601,3,35,25,10,25,0,0
60701,4,38,32,6,22,0,0
60801,3,38,32,6,22,0,0
60901,3,35,26,9,25,0,0
61001,3,36,24,12,24,0,0
61101,4,36,24,12,24,0,0
61201,3,36,25,11,24,1,0
61301,4,40,30,10,20,0,0
61401,3,38,30,8,22,0,0
61501,4,43,30,13,17,0,0
61601,4,45,36,9,15,0,0
61701,3,44,34,10,16,0,0
61801,3,38,34,4,22,0,0
61901,3,38,34,4,22,0,0
62001,4,40,35,5,20,0,0
62101,3,37,32,5,23,0,0
62201,3,45,37,8,15,0,0
62301,3,40,35,5,20,0,0
62401,3,37,31,6,23,1,0
62501,4,31,24,7,29,0,0
62601,4,29,25,4,31,0,1
62701,4,32,25,7,28,0,0
62801,3,29,24,5,31,0,0
62901,3,32,27,5,28,1,0
63001,3,30,24,6,30,0,0
63101,3,36,24,12,24,0,1
63201,4,36,21,15,24,0,1
63301,3,35,19,16,25,0,0
63401,3,38,20,18,22,0,0
63501,3,35,20,15,25,0,0
63601,3,36,20,16,24,1,0
63701,4,42,19,23,18,0,0
63801,3,38,14,24,22,1,0
63901,3,33,13,20,27,0,0
64001,4,35,17,18,25,0,0
64101,4,35,19,16,25,0,0
64201,3,37,21,16,23,0,0
64301,3,37,22,15,23,1,0
64401,3,40,26,14,20,0,0
64501,3,38,27,11,22,0,0
64601,3,39,28,11,21,0,0
64701,3,39,25,14,21,0,0
64801,3,38,24,14,22,0,0
64901,3,33,25,8,27,0,0
65001,3,37,26,11,23,0,1
65101,3,42,30,12,18,0,1
65201,3,39,30,9,21,0,0
65301,4,42,31,11,18,0,0
65401,3,37,26,11,23,0,0
65501,3,43,22,21,17,0,0
65601,4,41,21,20,19,0,0
65701,3,38,19,19,22,0,0
65801,3,40,18,22,20,0,0
65901,5,39,18,21,21,0,0
66001,3,38,21,17,22,0,0
66101,3,34,22,12,26,0,0
66201,3,40,24,16,20,0,0
66301,4,33,22,11,27,0,0
66401,3,33,22,11,27,0,0
66501,3,32,21,11,28,0,0
66601,3,32,20,12,28,0,0
66701,3,35,20,15,25,0,0
66801,3,35,20,15,25,0,0
66901,3,34,23,11,26,0,0
67001,4,37,20,17,23,0,1
67101,3,35,21,14,25,0,1
67201,3,35,17,18,25,0,0
67301,3,35,22,13,25,0,0
67401,3,32,19,13,28,0,0
67501,3,32,16,16,28,0,0
67601,3,39,21,18,21,0,0
67701,3,35,19,16,25,0,0
67801,3,34,17,17,26,0,1
67901,3,41,24,17,19,0,1
68001,3,40,23,17,20,1,0
68101,3,39,22,17,21,0,0
68201,3,40,23,17,20,0,0
68301,3,46,24,22,14,0,1
68401,3,40,24,16,20,0,0
68501,3,38,24,14,22,0,0
68601,3,38,27,11,22,0,0
68701,3,34,28,6,26,0,0
68801,3,38,30,8,22,0,0
68901,5,35,26,9,25,0,0
69001,4,39,27,12,21,0,0
69101,3,41,29,12,19,0,1
69201,4,39,30,9,21,0,0
69301,3,41,31,10,19,0,0
69401,3,44,31,13,16,0,1
69501,3,35,19,16,25,0,0
69601,3,32,20,12,28,0,0
69701,3,35,18,17,25,0,0
69801,3,39,21,18,21,0,0
69901,3,36,20,16,24,0,0
70001,3,37,22,15,23,0,0
70101,3,37,22,15,23,1,0
70201,3,36,23,13,24,0,1
70301,3,39,29,10,21,0,0
70401,3,38,29,9,22,0,1
70501,3,33,26,7,27,0,0
70601,3,37,30,7,23,0,1
70701,3,37,33,4,23,0,0
70801,3,37,34,3,23,1,0
70901,3,43,33,10,17,0,0
71001,3,40,32,8,20,0,0
71101,3,36,27,9,24,0,0
71201,3,37,27,10,23,0,0
71301,4,28,20,8,32,0,0
71401,3,27,21,6,33,0,0
71501,3,27,18,9,33,0,0
71601,3,30,18,12,30,0,0
71701,3,37,22,15,23,0,1
71801,4,40,18,22,20,0,0
71901,3,41,17,24,19,0,0
72001,3,40,13,27,20,0,0
72101,3,44,14,30,16,1,0
72201,3,43,13,30,17,0,0
72301,3,45,14,31,15,0,0
72401,3,37,13,24,23,0,0
72501,3,44,14,30,16,0,0
72601,3,39,11,28,21,0,0
72701,3,33,13,20,27,0,0
72801,4,36,12,24,24,0,0
72901,3,35,10,25,25,0,0
73001,3,33,12,21,27,0,0
73101,3,40,16,24,20,0,0
73201,4,38,17,21,22,0,1
73301,4,37,15,22,23,0,1
73401,4,36,17,19,24,1,0
73501,3,31,16,15,29,0,0
73601,3,32,15,17,28,0,0
73701,4,40,19,21,20,0,0
73801,3,35,14,21,25,0,0
73901,3,36,16,20,24,0,0
74001,3,38,17,21,22,0,0
74101,3,34,11,23,26,0,0
74201,3,37,13,24,23,0,0
74301,4,41,16,25,19,0,0
74401,4,37,15,22,23,0,1
74501,4,39,14,25,21,0,0
74601,4,37,14,23,23,0,1
74701,4,37,15,22,23,0,0
74801,3,36,17,19,24,0,0
74901,3,34,17,17,26,0,1
75001,3,42,23,19,18,0,0
75101,3,35,20,15,25,1,0
75201,3,36,11,25,24,1,0
75301,4,40,12,28,20,0,1
75401,3,37,14,23,23,0,0
75501,3,38,15,23,22,0,1
75601,3,39,14,25,21,0,0
75701,3,38,17,21,22,0,0
75801,3,38,17,21,22,0,1
75901,3,38,19,19,22,0,0
76001,3,41,23,18,19,0,1
76101,3,44,24,20,16,0,0
76201,3,41,22,19,19,0,0
76301,4,39,21,18,21,0,1
76401,3,37,20,17,23,0,0
76501,3,29,17,12,31,0,0
76601,3,35,22,13,25,0,0
76701,3,36,21,15,24,0,0
76801,3,31,21,10,29,0,0
76901,4,33,20,13,27,0,0
77001,4,29,19,10,31,0,0
77101,4,33,19,14,27,1,0
77201,3,30,15,15,30,0,1
77301,3,35,20,15,25,0,0
77401,4,28,13,15,32,0,0
77501,3,37,17,20,23,0,0
77601,3,41,18,23,19,0,1
77701,3,38,15,23,22,0,0
77801,3,38,19,19,22,0,1
77901,3,37,17,20,23,0,0
78001,3,39,20,19,21,0,0
78101,4,37,17,20,23,0,0
78201,3,30,13,17,30,0,0
78301,3,33,16,17,27,0,0
78401,3,31,17,14,29,0,0
78501,3,30,15,15,30,0,0
78601,3,31,14,17,29,0,0
78701,3,36,17,19,24,0,0
78801,4,37,19,18,23,0,0
78901,3,36,19,17,24,0,1
79001,3,34,19,15,26,0,0
79101,3,34,12,22,26,0,0
79201,3,35,14,21,25,0,0
79301,3,31,14,17,29,0,0
79401,3,31,13,18,29,0,1
79501,3,37,17,20,23,0,0
79601,3,35,14,21,25,0,0
79701,3,34,17,17,26,0,0
79801,4,30,14,16,30,1,0
79901,3,32,17,15,28,0,0
80001,3,37,20,17,23,1,0
80101,3,37,23,14,23,0,0
80201,3,38,22,16,22,0,0
80301,3,34,19,15,26,0,0
80401,4,26,17,9,34,1,0
80501,3,38,23,15,22,0,0
80601,3,32,21,11,28,0,0
80701,3,31,21,10,29,0,0
80801,3,35,22,13,25,0,0
80901,3,32,23,9,28,0,0
81001,3,38,29,9,22,0,1
81101,3,39,34,5,21,0,1
81201,4,37,30,7,23,0,0
81301,3,35,25,10,25,0,0
81401,3,41,31,10,19,0,0
81501,3,37,31,6,23,1,0
81601,5,38,29,9,22,0,1
81701,3,42,29,13,18,0,0
81801,3,34,29,5,26,0,0
81901,3,38,33,5,22,0,0
82001,3,38,32,6,22,0,0
82101,3,40,34,6,20,0,0
82201,3,43,39,4,17,0,0
82301,3,44,36,8,16,0,0
82401,3,46,39,7,14,0,0
82501,4,47,40,7,13,0,0
82601,3,47,39,8,13,0,0
82701,4,39,33,6,21,0,0
82801,3,40,34,6,20,1,0
82901,3,38,30,8,22,0,1
83001,3,34,28,6,26,0,1
83101,3,36,30,6,24,0,0
83201,3,39,32,7,21,0,0
83301,3,35,30,5,25,0,0
83401,4,37,33,4,23,0,0
83501,3,34,30,4,26,0,0
83601,3,43,40,3,17,0,0
83701,4,43,39,4,17,0,0
83801,3,39,36,3,21,0,1
83901,3,42,37,5,18,0,0
84001,3,42,37,5,18,0,0
84101,3,40,33,7,20,0,0
84201,3,37,33,4,23,0,0
84301,3,45,35,10,15,0,0
84401,4,44,32,12,16,0,0
84501,4,43,34,9,17,0,0
84601,3,43,35,8,17,0,0
84701,3,40,34,6,20,0,1
84801,4,40,35,5,20,0,0
84901,3,37,31,6,23,0,0
85001,3,50,43,7,10,0,0
85101,3,42,35,7,18,0,0
85201,3,43,32,11,17,1,0
85301,3,40,29,11,20,0,1
85401,3,46,31,15,14,0,0
85501,3,39,26,13,21,0,0
85601,4,46,30,16,14,0,0
85701,3,48,32,16,12,0,0
85801,3,40,27,13,20,1,0
85901,3,41,30,11,19,0,0
86001,3,43,28,15,17,0,0
86101,3,42,27,15,18,0,0
86201,4,39,25,14,21,0,1
86301,3,38,25,13,22,0,0
86401,3,44,27,17,16,1,0
86501,3,36,21,15,24,1,0
86601,3,38,24,14,22,0,0
86701,3,37,24,13,23,0,0
86801,4,35,23,12,25,0,1
86901,3,36,26,10,24,0,0
87001,4,35,27,8,25,0,0
87101,4,32,25,7,28,0,0
87201,3,37,28,9,23,0,0
87301,3,38,29,9,22,0,1
87401,3,34,23,11,26,1,0
87501,4,35,23,12,25,0,1
87601,3,33,24,9,27,0,0
87701,3,35,25,10,25,0,0
87801,3,43,34,9,17,0,0
87901,3,41,30,11,19,0,0
88001,3,35,28,7,25,0,0
88101,3,38,28,10,22,1,0
88201,3,37,27,10,23,0,0
88301,4,35,22,13,25,0,0
88401,3,37,24,13,23,0,0
88501,4,35,21,14,25,0,1
88601,4,34,18,16,26,0,0
88701,3,34,18,16,26,0,0
88801,3,37,19,18,23,0,0
88901,3,33,21,12,27,0,0
89001,4,39,29,10,21,0,0
89101,3,36,26,10,24,0,0
89201,3,34,24,10,26,0,0
89301,3,39,30,9,21,0,1
89401,3,34,26,8,26,0,0
89501,3,33,25,8,27,0,0
89601,3,31,23,8,29,0,0
89701,3,35,25,10,25,0,0
89801,3,37,24,13,23,0,0
89901,4,31,20,11,29,0,0
90001,3,30,16,14,30,0,0
90101,4,32,21,11,28,0,0
90201,3,36,23,13,24,0,0
90301,4,33,22,11,27,0,0
90401,4,35,25,10,25,0,0
90501,3,40,27,13,20,0,0
90601,3,33,25,8,27,0,0
90701,3,36,23,13,24,0,1
90801,3,34,18,16,26,0,0
90901,3,37,21,16,23,0,1
91001,4,38,20,18,22,1,0
91101,3,37,20,17,23,0,0
91201,3,40,20,20,20,0,0
91301,3,40,21,19,20,0,1
91401,3,43,25,18,17,0,0
91501,3,38,21,17,22,0,0
91601,3,36,22,14,24,0,0
91701,3,38,24,14,22,0,0
91801,3,39,24,15,21,1,0
91901,3,39,25,14,21,0,0
92001,4,37,26,11,23,0,0
92101,3,39,26,13,21,0,0
92201,3,41,24,17,19,0,0
92301,3,39,22,17,21,1,0
92401,3,38,20,18,22,1,0
92501,3,26,11,15,34,0,0
92601,3,35,20,15,25,0,0
92701,3,37,24,13,23,0,0
92801,3,34,25,9,26,0,0
92901,3,39,32,7,21,0,0
93001,3,41,32,9,19,0,0
93101,4,41,34,7,19,0,0
93201,3,42,32,10,18,0,1
93301,3,47,39,8,13,0,0
93401,4,38,33,5,22,0,0
93501,3,40,35,5,20,0,0
93601,3,40,36,4,20,0,0
93701,4,43,37,6,17,0,0
93801,3,41,33,8,19,0,0
93901,3,41,33,8,19,0,1
94001,3,36,29,7,24,0,0
94101,4,38,29,9,22,0,0
94201,4,40,31,9,20,0,0
94301,3,45,34,11,15,0,0
94401,4,42,32,10,18,0,1
94501,3,37,24,13,23,0,0
94601,3,38,23,15,22,0,0
94701,3,29,15,14,31,0,0
94801,3,39,19,20,21,0,0
94901,3,38,18,20,22,0,1
95001,3,37,17,20,23,0,0
95101,3,36,16,20,24,1,0
95201,4,36,16,20,24,0,0
95301,3,44,24,20,16,0,0
95401,3,40,21,19,20,0,0
95501,4,39,20,19,21,0,0
95601,3,39,20,19,21,0,0
95701,3,39,22,17,21,0,0
95801,3,36,17,19,24,0,0
95901,3,42,17,25,18,0,1
96001,3,38,18,20,22,0,0
96101,3,41,19,22,19,0,0
96201,3,34,18,16,26,1,0
96301,3,34,17,17,26,0,0
96401,4,30,17,13,30,0,1
96501,3,35,19,16,25,0,0
96601,3,34,21,13,26,0,0
96701,3,37,25,12,23,0,0
96801,3,36,20,16,24,0,0
96901,4,26,15,11,34,0,0
97001,3,35,17,18,25,0,0
97101,3,36,20,16,24,0,1
97201,3,34,17,17,26,0,0
97301,3,31,19,12,29,0,0
97401,3,33,21,12,27,0,0
97501,3,36,26,10,24,0,0
97601,3,36,24,12,24,0,0
97701,3,38,25,13,22,0,0
97801,3,40,26,14,20,0,1
97901,3,35,28,7,25,0,0
98001,3,40,31,9,20,0,0
98101,3,35,30,5,25,0,0
98201,4,40,30,10,20,0,0
98301,3,35,30,5,25,0,0
98401,4,33,30,3,27,0,0
98501,3,34,28,6,26,0,0
98601,4,32,24,8,28,0,1
98701,3,37,27,10,23,0,0
98801,3,43,36,7,17,0,0
98901,3,44,37,7,16,0,0
99001,3,41,34,7,19,0,0
99101,3,38,35,3,22,1,0
99201,3,41,37,4,19,0,0
99301,5,39,35,4,21,0,0
99401,4,39,31,8,21,0,0
99501,3,40,32,8,20,0,0
99601,3,40,29,11,20,0,0
99701,3,46,33,13,14,0,1
99801,3,39,29,10,21,0,0
99901,3,44,37,7,16,0,0
100001,3,42,36,6,18,0,0
100101,3,36,30,6,24,1,0
100201,4,34,26,8,26,0,0
100301,3,38,25,13,22,0,0
100401,3,40,29,11,20,0,0
100501,4,35,28,7,25,0,0
100601,4,32,26,6,28,0,0
100701,3,34,24,10,26,0,0
100801,3,40,25,15,20,0,0
100901,3,37,24,13,23,0,0
101001,3,33,22,11,27,1,0
101101,3,35,24,11,25,0,0
101201,4,38,26,12,22,0,0
101301,4,35,24,11,25,0,0
101401,3,35,25,10,25,0,0
101501,4,29,16,13,31,0,0
101601,3,30,20,10,30,0,0
101701,3,30,24,6,30,0,0
101801,3,37,30,7,23,0,0
101901,3,34,28,6,26,0,0
102001,3,35,28,7,25,0,0
102101,3,37,27,10,23,0,1
102201,3,36,25,11,24,0,0
102301,3,38,23,15,22,0,0
102401,3,39,26,13,21,0,0
102501,3,40,30,10,20,0,0
102601,4,35,27,8,25,0,0
102701,3,40,28,12,20,0,0
102801,4,39,24,15,21,0,0
102901,4,37,26,11,23,0,0
103001,3,41,29,12,19,0,0
103101,4,36,26,10,24,0,1
103201,4,40,26,14,20,0,0
103301,3,34,23,11,26,0,0
103401,3,34,21,13,26,0,0
103501,3,37,19,18,23,1,0
103601,3,28,16,12,32,0,0
103701,3,31,17,14,29,0,0
103801,3,32,17,15,28,0,0
103901,3,35,22,13,25,1,0
104001,3,36,22,14,24,0,0
104101,3,36,24,12,24,0,0
104201,4,39,28,11,21,0,0
104301,3,37,27,10,23,0,0
104401,4,35,22,13,25,0,0
104501,3,39,26,13,21,1,0
104601,3,40,24,16,20,1,0
104701,3,36,24,12,24,1,0
104801,3,31,23,8,29,0,0
104901,3,35,30,5,25,0,0
105001,3,37,34,3,23,0,0
105101,3,40,32,8,20,1,0
105201,4,38,33,5,22,0,0
105301,3,38,33,5,22,0,0
105401,3,41,36,5,19,1,0
105501,3,38,34,4,22,0,1
105601,3,38,33,5,22,0,0
105701,4,41,36,5,19,0,0
105801,3,40,35,5,20,1,0
105901,3,43,36,7,17,0,0
106001,3,39,36,3,21,0,0
106101,3,36,33,3,24,0,0
106201,4,37,34,3,23,0,0
106301,3,33,28,5,27,0,0
106401,3,36,29,7,24,0,0
106501,4,40,32,8,20,1,0
106601,5,40,32,8,20,0,0
106701,3,41,34,7,19,0,0
106801,3,32,29,3,28,0,0
106901,3,41,38,3,19,0,0
107001,3,39,37,2,21,0,1
107101,3,43,41,2,17,0,0
107201,4,37,35,2,23,0,0
107301,4,37,32,5,23,0,0
107401,3,41,35,6,19,0,0
107501,3,44,34,10,16,0,0
107601,3,35,26,9,25,1,0
107701,3,40,24,16,20,0,0
107801,4,41,25,16,19,0,0
107901,4,34,23,11,26,0,0
108001,4,41,29,12,19,0,1
108101,3,35,23,12,25,0,0
108201,3,35,23,12,25,0,0
108301,4,37,19,18,23,0,0
108401,3,41,24,17,19,0,0
108501,3,38,25,13,22,0,0
108601,3,40,24,16,20,0,1
108701,3,38,22,16,22,0,0
108801,3,34,19,15,26,0,0
108901,3,34,18,16,26,0,0
109001,4,36,20,16,24,0,1
109101,3,38,21,17,22,0,0
109201,3,37,22,15,23,0,0
109301,3,37,20,17,23,0,0
109401,3,44,21,23,16,0,0
109501,3,38,17,21,22,1,0
109601,3,41,16,25,19,0,0
109701,4,38,17,21,22,1,0
109801,3,35,13,22,25,0,0
109901,3,39,18,21,21,0,0
110001,3,43,22,21,17,0,0
110101,3,43,22,21,17,0,1
110201,3,41,20,21,19,0,0
110301,3,39,21,18,21,1,0
110401,3,36,18,18,24,1,0
110501,3,32,16,16,28,0,0
110601,3,33,23,10,27,0,0
110701,3,32,26,6,28,0,0
110801,3,41,35,6,19,0,0
110901,4,41,37,4,19,0,0
111001,3,39,31,8,21,0,0
111101,3,36,28,8,24,0,0
111201,3,42,26,16,18,0,0
111301,3,38,21,17,22,0,1
111401,3,39,20,19,21,0,0
111501,3,40,24,16,20,1,0
111601,3,38,21,17,22,0,0
111701,3,42,21,21,18,0,0
111801,3,38,20,18,22,0,0
111901,3,42,20,22,18,0,1
112001,3,36,21,15,24,1,0
112101,3,39,26,13,21,0,0
112201,3,37,24,13,23,0,0
112301,5,39,27,12,21,0,0
112401,3,37,23,14,23,0,1
112501,4,33,22,11,27,0,0
112601,3,31,21,10,29,0,0
112701,4,38,26,12,22,1,0
112801,3,37,27,10,23,0,0
112901,4,34,25,9,26,0,0
113001,3,35,28,7,25,0,0
113101,3,32,26,6,28,0,0
113201,4,37,33,4,23,0,0
113301,3,43,38,5,17,0,0
113401,3,43,38,5,17,0,0
113501,4,38,35,3,22,0,0
113601,3,46,40,6,14,0,1
113701,3,45,40,5,15,0,0
113801,3,38,33,5,22,0,0
113901,3,40,33,7,20,0,0
114001,4,44,38,6,16,0,0
114101,3,39,31,8,21,0,1
114201,6,38,30,8,22,0,0
114301,3,36,28,8,24,0,0
114401,3,37,27,10,23,1,0
114501,3,32,24,8,28,0,0
114601,4,35,26,9,25,0,0
114701,3,33,29,4,27,0,0
114801,3,35,31,4,25,0,0
114901,3,37,29,8,23,0,0
115001,3,39,29,10,21,0,0
115101,3,35,29,6,25,0,0
115201,3,32,27,5,28,1,0
115301,4,34,29,5,26,0,0
115401,3,36,30,6,24,0,0
115501,4,42,38,4,18,0,0
115601,3,45,41,4,15,0,0
115701,3,46,40,6,14,0,0
115801,3,40,36,4,20,0,0
115901,3,38,35,3,22,0,0
116001,4,35,31,4,25,0,0
116101,3,39,34,5,21,0,1
116201,3,42,37,5,18,0,0
116301,3,42,38,4,18,0,1
116401,3,37,32,5,23,0,0
116501,3,34,29,5,26,1,0
116601,3,38,34,4,22,0,0
116701,4,40,34,6,20,0,0
116801,3,34,30,4,26,0,0
116901,3,30,27,3,30,0,0
117001,3,35,31,4,25,0,0
117101,3,46,37,9,14,0,0
117201,3,39,28,11,21,0,0
117301,3,33,23,10,27,0,0
117401,3,36,22,14,24,0,0
117501,3,41,22,19,19,0,0
117601,3,48,20,28,12,0,0
117701,3,44,19,25,16,0,0
117801,3,42,17,25,18,0,0
117901,3,40,16,24,20,0,0
118001,3,38,16,22,22,0,0
118101,4,42,15,27,18,1,0
118201,4,39,13,26,21,0,0
118301,3,41,12,29,19,0,0
118401,3,40,8,32,20,0,0
118501,3,36,7,29,24,0,0
118601,4,40,11,29,20,1,0
118701,3,38,14,24,22,0,0
118801,4,37,17,20,23,0,0
118901,3,36,16,20,24,0,0
119001,3,40,17,23,20,0,0
119101,3,39,14,25,21,0,0
119201,3,35,13,22,25,0,0
119301,3,38,13,25,22,0,0
119401,3,40,15,25,20,0,0
119501,3,35,10,25,25,0,0
119601,4,37,12,25,23,0,0
119701,4,34,11,23,26,0,1
119801,3,36,11,25,24,1,0
119901,3,42,18,24,18,0,0
120001,3,47,20,27,13,1,0
120101,3,40,14,26,20,1,0
120201,3,40,16,24,20,0,0
120301,4,34,21,13,26,1,0
120401,3,39,25,14,21,0,0
120501,3,31,21,10,29,0,0
120601,3,33,24,9,27,0,0
120701,3,34,23,11,26,0,0
120801,3,37,18,19,23,0,0
120901,3,39,19,20,21,1,0
121001,3,40,24,16,20,1,0
121101,3,40,23,17,20,1,0
121201,3,42,27,15,18,0,0
121301,3,44,29,15,16,0,1
121401,3,39,28,11,21,0,0
121501,3,37,23,14,23,1,0
121601,3,32,20,12,28,0,0
121701,3,39,27,12,21,1,0
121801,3,42,25,17,18,0,0
121901,3,42,24,18,18,0,0
122001,3,39,23,16,21,0,0
122101,3,30,19,11,30,0,0
122201,3,36,23,13,24,0,0
122301,4,34,22,12,26,0,0
122401,3,40,28,12,20,0,1
122501,3,41,25,16,19,0,0
122601,3,32,22,10,28,0,1
122701,3,34,25,9,26,0,0
122801,3,35,17,18,25,1,0
122901,3,35,17,18,25,0,0
123001,3,40,18,22,20,1,0
123101,4,41,18,23,19,0,0
123201,3,41,19,22,19,0,0
123301,3,42,19,23,18,0,0
123401,3,38,17,21,22,0,0
123501,5,44,20,24,16,1,0
123601,3,37,19,18,23,0,0
123701,3,36,19,17,24,0,0
123801,3,36,17,19,24,0,0
123901,3,34,18,16,26,0,0
124001,3,34,21,13,26,0,0
124101,4,34,21,13,26,0,0
124201,3,34,18,16,26,0,0
124301,3,37,19,18,23,0,0
124401,3,38,21,17,22,1,0
124501,3,44,22,22,16,0,0
124601,3,36,17,19,24,0,0
124701,3,38,23,15,22,0,0
124801,3,34,19,15,26,0,0
124901,3,32,18,14,28,0,0
125001,3,30,18,12,30,0,0
125101,3,34,21,13,26,0,0
125201,3,37,23,14,23,0,0
125301,3,35,19,16,25,0,1
125401,3,39,21,18,21,0,0
125501,3,43,19,24,17,0,0
125601,3,42,18,24,18,0,1
125701,3,45,17,28,15,0,0
125801,3,35,14,21,25,0,0
125901,3,36,12,24,24,1,0
126001,3,36,16,20,24,0,0
126101,4,34,18,16,26,0,0
126201,4,35,17,18,25,0,0
126301,3,39,17,22,21,0,0
126401,3,41,15,26,19,0,0
126501,3,40,14,26,20,0,0
126601,3,43,15,28,17,0,1
126701,4,38,12,26,22,0,0
126801,3,38,16,22,22,0,0
126901,3,39,20,19,21,0,0
127001,4,38,19,19,22,0,0
127101,3,42,21,21,18,1,0
127201,3,40,19,21,20,0,0
127301,3,41,21,20,19,0,1
127401,3,37,18,19,23,0,0
127501,4,35,18,17,25,0,0
127601,3,37,23,14,23,0,1
127701,3,32,22,10,28,0,0
127801,3,37,24,13,23,0,0
127901,3,29,21,8,31,0,0
128001,3,32,25,7,28,0,0
128101,3,32,24,8,28,0,0
128201,3,36,31,5,24,0,0
128301,3,39,36,3,21,0,0
128401,3,43,40,3,17,0,0
128501,3,42,41,1,18,0,0
128601,4,46,46,0,14,0,0
128701,3,46,46,0,14,0,0
128801,3,47,47,0,13,0,0
128901,3,46,46,0,14,0,0
129001,3,39,39,0,21,0,0
129101,4,42,41,1,18,0,1
129201,5,41,39,2,19,0,0
129301,4,42,39,3,18,0,0
129401,4,40,35,5,20,0,1
129501,3,42,35,7,18,0,0
129601,3,39,28,11,21,0,1
129701,3,33,26,7,27,0,0
129801,3,35,29,6,25,0,0
129901,3,41,33,8,19,1,0
130001,3,42,37,5,18,0,0
130101,3,38,33,5,22,0,0
130201,3,38,31,7,22,0,0
130301,3,39,30,9,21,0,0
130401,3,37,29,8,23,0,0
130501,3,37,26,11,23,1,0
130601,3,46,29,17,14,0,1
130701,3,38,25,13,22,0,0
130801,3,37,24,13,23,0,0
130901,3,40,23,17,20,0,0
131001,3,37,20,17,23,0,0
131101,4,33,21,12,27,0,0
131201,3,34,21,13,26,0,0
131301,3,34,21,13,26,1,0
131401,3,32,22,10,28,1,0
131501,4,32,22,10,28,0,0
131601,3,30,21,9,30,1,0
131701,3,35,23,12,25,0,0
131801,3,34,23,11,26,0,0
131901,3,37,26,11,23,0,0
132001,3,34,28,6,26,1,0
132101,3,33,26,7,27,0,0
132201,3,32,25,7,28,0,0
132301,3,33,21,12,27,0,0
132401,4,32,23,9,28,0,0
132501,4,31,24,7,29,0,0
132601,3,38,31,7,22,0,0
132701,3,37,31,6,23,0,0
132801,3,38,32,6,22,0,0
132901,3,36,29,7,24,0,0
133001,3,33,26,7,27,1,0
133101,4,40,31,9,20,0,1
133201,3,38,31,7,22,0,0
133301,3,39,31,8,21,0,0
133401,3,43,32,11,17,1,0
133501,3,42,29,13,18,0,0
133601,3,34,28,6,26,0,0
133701,4,36,27,9,24,0,0
133801,4,33,23,10,27,0,0
133901,3,36,25,11,24,0,0
134001,4,41,33,8,19,0,0
134101,4,41,31,10,19,0,0
134201,4,36,28,8,24,1,0
134301,3,38,30,8,22,0,0
134401,3,34,25,9,26,0,0
134501,3,38,26,12,22,0,1
134601,5,34,24,10,26,0,0
134701,3,37,21,16,23,0,0
134801,3,34,19,15,26,1,0
134901,3,28,18,10,32,0,0
135001,3,33,21,12,27,0,0
135101,3,34,19,15,26,0,0
135201,3,32,20,12,28,0,0
135301,3,34,19,15,26,0,0
135401,3,38,18,20,22,0,0
135501,3,35,18,17,25,0,1
135601,3,31,21,10,29,0,0
135701,4,25,21,4,35,0,0
135801,3,33,29,4,27,0,0
135901,3,38,33,5,22,0,0
136001,4,48,41,7,12,0,0
136101,3,40,34,6,20,0,0
136201,3,39,32,7,21,1,0
136301,3,40,32,8,20,0,0
136401,3,37,28,9,23,0,0
136501,4,40,31,9,20,0,1
136601,3,46,35,11,14,0,0
136701,3,42,30,12,18,0,0
136801,3,40,30,10,20,0,0
136901,3,43,32,11,17,0,0
137001,4,35,28,7,25,0,0
137101,3,36,33,3,24,0,0
137201,3,37,34,3,23,0,0
137301,4,39,37,2,21,0,0
137401,4,43,39,4,17,0,0
137501,3,40,36,4,20,0,0
137601,3,36,33,3,24,0,1
137701,4,36,31,5,24,0,0
137801,3,34,28,6,26,0,0
137901,3,31,26,5,29,0,0
138001,4,31,24,7,29,0,0
138101,3,37,32,5,23,0,1
138201,4,36,33,3,24,0,0
138301,4,37,33,4,23,1,0
138401,3,39,32,7,21,0,0
138501,5,50,35,15,10,0,0
138601,3,46,27,19,14,0,1
138701,3,40,26,14,20,0,0
138801,3,43,32,11,17,0,1
138901,3,42,28,14,18,0,0
139001,3,40,25,15,20,1,0
139101,3,40,23,17,20,0,0
139201,3,41,25,16,19,0,1
139301,3,36,21,15,24,0,0
139401,3,37,22,15,23,0,0
139501,3,32,18,14,28,0,0
139601,3,37,23,14,23,0,0
139701,3,36,20,16,24,0,0
139801,3,37,22,15,23,0,1
139901,3,35,18,17,25,0,0
140001,3,36,19,17,24,0,0
140101,3,32,19,13,28,0,0
140201,3,35,16,19,25,0,0
140301,3,34,18,16,26,0,0
140401,3,31,19,12,29,0,0
140501,3,34,21,13,26,1,0
140601,3,29,19,10,31,0,0
140701,3,29,21,8,31,0,0
140801,3,31,24,7,29,0,0
140901,4,30,21,9,30,0,0
141001,4,38,24,14,22,0,0
141101,3,40,26,14,20,0,0
141201,3,35,25,10,25,0,0
141301,3,34,24,10,26,1,0
141401,3,36,25,11,24,0,0
141501,3,34,20,14,26,1,0
141601,3,39,20,19,21,1,0
141701,3,44,25,19,16,0,0
141801,4,39,18,21,21,0,1
141901,3,38,18,20,22,0,0
142001,3,42,23,19,18,0,0
142101,3,39,27,12,21,0,0
142201,3,41,24,17,19,0,0
142301,4,35,22,13,25,1,0
142401,3,31,23,8,29,0,0
142501,4,40,32,8,20,0,1
142601,4,43,34,9,17,0,0
142701,3,36,30,6,24,0,0
142801,3,35,29,6,25,0,0
142901,4,41,32,9,19,0,0
143001,3,41,30,11,19,0,0
143101,3,43,33,10,17,0,0
143201,3,39,29,10,21,0,1
143301,3,44,33,11,16,0,1
143401,3,38,28,10,22,0,0
143501,3,36,21,15,24,0,0
143601,3,42,27,15,18,0,0
143701,3,38,26,12,22,1,0
143801,3,37,28,9,23,0,0
143901,3,35,25,10,25,0,0
144001,3,35,19,16,25,0,0
144101,3,36,21,15,24,0,0
144201,3,39,22,17,21,0,0
144301,3,40,25,15,20,0,0
144401,3,40,27,13,20,0,0
144501,3,41,26,15,19,0,0
144601,3,42,28,14,18,0,0
144701,4,39,23,16,21,0,0
144801,3,40,26,14,20,0,0
144901,5,37,23,14,23,0,0
145001,3,42,25,17,18,0,0
145101,3,36,22,14,24,0,0
145201,3,35,23,12,25,0,1
145301,3,35,22,13,25,0,1
145401,3,40,23,17,20,0,0
145501,3,39,24,15,21,0,0
145601,3,33,23,10,27,0,0
145701,3,36,23,13,24,0,0
145801,3,33,18,15,27,0,0
145901,3,29,17,12,31,0,0
146001,3,35,17,18,25,0,0
146101,3,38,21,17,22,0,0
146201,4,32,19,13,28,1,0
146301,3,38,21,17,22,0,1
146401,3,37,20,17,23,0,0
146501,3,38,18,20,22,0,0
146601,3,41,22,19,19,0,0
146701,3,32,15,17,28,0,0
146801,3,37,17,20,23,0,0
146901,3,39,15,24,21,0,0
147001,3,46,17,29,14,0,0
147101,3,42,19,23,18,0,0
147201,3,35,18,17,25,0,0
147301,3,35,21,14,25,0,0
147401,3,38,23,15,22,0,0
147501,3,37,19,18,23,0,1
147601,3,38,22,16,22,0,0
147701,3,41,21,20,19,0,0
147801,3,37,21,16,23,0,0
147901,3,42,26,16,18,0,0
148001,3,43,26,17,17,0,0
148101,3,40,26,14,20,0,0
148201,3,46,34,12,14,0,0
148301,4,38,29,9,22,0,0
148401,3,43,29,14,17,0,0
148501,4,42,29,13,18,1,0
148601,3,38,29,9,22,0,1
148701,3,43,31,12,17,0,0
148801,3,42,29,13,18,0,1
148901,5,44,23,21,16,0,1
149001,3,40,21,19,20,0,0
149101,3,38,23,15,22,0,0
149201,3,32,18,14,28,0,0
149301,3,38,21,17,22,0,0
149401,3,38,22,16,22,0,0
149501,4,44,19,25,16,0,1
149601,3,43,15,28,17,0,1
149701,3,45,13,32,15,0,0
149801,3,47,15,32,13,0,0
149901,4,46,13,33,14,0,0
150001,4,43,14,29,17,0,0
150101,3,37,13,24,23,0,1
150201,3,39,11,28,21,1,0
150301,3,39,13,26,21,0,0
150401,4,40,16,24,20,0,1
150501,3,35,18,17,25,1,0
150601,3,36,20,16,24,0,0
150701,3,38,20,18,22,0,0
150801,3,33,18,15,27,0,0
150901,3,39,19,20,21,0,0
151001,3,37,21,16,23,0,0
151101,3,41,23,18,19,1,0
151201,3,34,20,14,26,0,0
151301,3,35,17,18,25,0,0
151401,3,33,16,17,27,0,1
151501,3,34,15,19,26,0,0
151601,3,34,13,21,26,0,0
151701,3,35,13,22,25,0,0
151801,3,34,12,22,26,0,0
151901,3,41,16,25,19,0,1
152001,3,38,14,24,22,0,0
152101,3,39,16,23,21,0,0
152201,3,35,13,22,25,0,0
152301,3,34,11,23,26,0,0
152401,3,38,10,28,22,0,0
152501,3,41,11,30,19,0,0
152601,3,39,14,25,21,0,0
152701,3,36,15,21,24,0,0
152801,3,40,16,24,20,0,0
152901,4,36,16,20,24,0,0
153001,3,39,16,23,21,0,0
153101,3,38,13,25,22,0,0
153201,3,39,12,27,21,0,0
153301,3,40,14,26,20,0,0
153401,3,34,14,20,26,1,0
153501,4,35,14,21,25,0,0
153601,3,37,15,22,23,1,0
153701,3,38,12,26,22,0,0
153801,3,39,11,28,21,0,0
153901,3,37,11,26,23,0,0
154001,5,38,12,26,22,0,0
154101,3,40,12,28,20,0,1
154201,3,42,13,29,18,0,0
154301,4,44,13,31,16,0,0
154401,4,37,13,24,23,0,0
154501,6,39,12,27,21,0,0
154601,3,38,15,23,22,0,0
154701,3,37,15,22,23,1,0
154801,3,38,16,22,22,0,0
154901,3,39,18,21,21,0,1
155001,3,36,18,18,24,0,0
155101,3,38,22,16,22,0,0
155201,3,37,25,12,23,0,0
155301,3,34,25,9,26,0,0
155401,3,39,31,8,21,0,0
155501,3,44,36,8,16,0,1
155601,3,41,35,6,19,0,0
155701,4,41,35,6,19,0,0
155801,3,43,35,8,17,0,1
155901,3,47,38,9,13,0,0
156001,3,45,35,10,15,0,0
156101,3,44,35,9,16,0,0
156201,3,36,25,11,24,0,0
156301,3,39,30,9,21,0,0
156401,3,35,30,5,25,0,0
156501,3,38,30,8,22,0,0
156601,3,36,28,8,24,0,1
156701,3,33,24,9,27,0,0
156801,3,35,23,12,25,0,0
156901,3,36,25,11,24,0,0
157001,3,39,26,13,21,0,0
157101,4,41,26,15,19,0,0
157201,3,38,24,14,22,0,0
157301,4,40,27,13,20,0,0
157401,3,36,25,11,24,0,0
157501,3,38,25,13,22,1,0
157601,4,31,20,11,29,0,0
157701,3,32,21,11,28,0,0
157801,4,37,18,19,23,0,1
157901,3,42,18,24,18,0,0
158001,3,42,22,20,18,0,0
158101,3,39,22,17,21,0,0
158201,3,40,25,15,20,1,0
158301,3,38,26,12,22,0,1
158401,3,38,24,14,22,0,0
158501,4,36,24,12,24,0,0
158601,3,44,31,13,16,0,0
158701,3,40,32,8,20,0,0
158801,4,36,29,7,24,0,0
158901,3,34,25,9,26,0,0
159001,3,39,28,11,21,0,0
159101,3,32,22,10,28,1,0
159201,3,36,19,17,24,0,0
159301,3,36,22,14,24,0,0
159401,3,39,27,12,21,0,1
159501,3,36,26,10,24,0,0
159601,4,35,24,11,25,0,0
159701,3,36,27,9,24,0,0
159801,4,34,25,9,26,0,1
159901,3,35,24,11,25,1,0
160001,4,43,28,15,17,0,0
160101,4,45,32,13,15,0,1
160201,3,46,34,12,14,0,0
160301,4,39,28,11,21,0,1
160401,3,44,30,14,16,0,0
160501,4,36,25,11,24,1,0
160601,3,31,22,9,29,0,0
160701,3,38,25,13,22,0,0
160801,3,41,24,17,19,0,1
160901,4,41,23,18,19,0,0
161001,3,39,21,18,21,0,0
161101,4,43,22,21,17,1,0
161201,3,36,21,15,24,0,0
161301,3,38,22,16,22,0,0
161401,3,39,20,19,21,0,0
161501,3,35,24,11,25,0,0
161601,3,37,26,11,23,0,0
161701,3,34,23,11,26,0,1
161801,3,34,24,10,26,0,0
161901,3,44,31,13,16,0,0
162001,3,41,34,7,19,0,0
162101,3,40,34,6,20,0,0
162201,3,43,36,7,17,0,0
162301,3,45,37,8,15,0,0
162401,4,44,39,5,16,0,0
162501,3,44,40,4,16,0,0
162601,3,39,36,3,21,0,1
162701,3,40,35,5,20,1,0
162801,3,38,30,8,22,0,0
162901,3,38,29,9,22,0,0
163001,4,36,26,10,24,0,0
163101,3,36,25,11,24,0,0
163201,3,38,29,9,22,0,0
163301,4,40,29,11,20,1,0
163401,3,40,29,11,20,0,0
163501,3,40,29,11,20,0,0
163601,4,41,31,10,19,0,0
163701,3,41,31,10,19,0,0
163801,3,41,31,10,19,0,0
163901,3,39,32,7,21,0,0
164001,3,33,26,7,27,0,1
164101,3,40,32,8,20,0,0
164201,3,38,31,7,22,0,0
164301,3,35,27,8,25,0,0
164401,3,38,30,8,22,0,0
164501,3,40,31,9,20,0,1
164601,3,40,32,8,20,0,0
164701,3,35,28,7,25,0,0
164801,3,35,27,8,25,0,0
164901,3,31,24,7,29,1,0
165001,3,35,21,14,25,1,0
165101,3,37,21,16,23,0,0
165201,3,29,18,11,31,0,0
165301,3,31,17,14,29,0,0
165401,3,36,17,19,24,0,0
165501,3,37,23,14,23,0,0
165601,3,33,22,11,27,0,0
165701,3,34,18,16,26,0,0
165801,4,40,22,18,20,0,0
165901,5,37,19,18,23,0,0
166001,4,40,19,21,20,0,1
166101,3,35,16,19,25,0,0
166201,3,34,16,18,26,0,1
166301,3,35,18,17,25,0,0
166401,3,32,19,13,28,0,0
166501,3,28,19,9,32,0,0
166601,3,35,21,14,25,0,0
166701,3,42,28,14,18,0,1
166801,3,35,28,7,25,0,0
166901,3,31,22,9,29,0,0
167001,4,36,27,9,24,0,0
167101,3,34,26,8,26,0,0
167201,3,37,29,8,23,1,0
167301,3,40,31,9,20,0,1
167401,3,39,33,6,21,0,0
167501,3,34,28,6,26,0,0
167601,3,32,29,3,28,0,0
167701,3,36,31,5,24,1,0
167801,3,37,34,3,23,0,0
167901,3,41,36,5,19,0,1
168001,3,39,36,3,21,0,0
168101,3,40,38,2,20,0,0
168201,3,43,41,2,17,0,0
168301,3,43,39,4,17,0,0
168401,3,40,38,2,20,0,0
168501,3,40,36,4,20,0,0
168601,3,43,36,7,17,0,0
168701,3,40,35,5,20,0,0
168801,3,40,33,7,20,0,0
168901,3,39,29,10,21,0,0
169001,3,39,28,11,21,0,0
169101,3,40,28,12,20,0,0
169201,3,40,30,10,20,1,0
169301,3,43,33,10,17,0,0
169401,3,38,31,7,22,0,0
169501,3,36,31,5,24,0,0
169601,3,35,29,6,25,1,0
169701,3,34,26,8,26,0,0
169801,3,40,34,6,20,0,0
169901,3,32,24,8,28,0,0
170001,3,35,23,12,25,0,0
170101,3,41,34,7,19,0,0
170201,3,42,37,5,18,0,0
170301,3,38,34,4,22,0,0
170401,3,38,34,4,22,0,0
170501,3,45,37,8,15,0,1
170601,3,44,37,7,16,0,0
170701,3,44,41,3,16,0,0
170801,3,44,40,4,16,0,1
170901,3,43,37,6,17,0,0
171001,5,38,29,9,22,0,0
171101,3,34,26,8,26,1,0
171201,3,36,26,10,24,0,0
171301,3,36,29,7,24,0,0
171401,3,35,26,9,25,0,0
171501,3,33,23,10,27,0,1
171601,3,35,23,12,25,0,0
171701,3,37,29,8,23,0,0
171801,3,39,29,10,21,1,0
171901,4,38,26,12,22,0,0
172001,3,41,26,15,19,0,0
172101,3,43,23,20,17,1,0
172201,3,35,21,14,25,1,0
172301,3,36,19,17,24,1,0
172401,3,39,23,16,21,0,0
172501,3,41,28,13,19,0,0
172601,3,35,25,10,25,0,0
172701,3,34,25,9,26,0,0
172801,3,41,26,15,19,0,1
172901,3,40,23,17,20,0,0
173001,3,39,19,20,21,0,0
173101,3,36,16,20,24,0,0
173201,3,36,16,20,24,0,1
173301,3,38,18,20,22,0,0
173401,3,37,17,20,23,0,0
173501,3,33,15,18,27,0,0
173601,3,34,17,17,26,0,0
173701,4,33,18,15,27,0,1
173801,3,42,21,21,18,0,0
173901,3,36,17,19,24,0,1
174001,3,39,14,25,21,1,0
174101,3,37,13,24,23,1,0
174201,3,36,11,25,24,0,0
174301,3,29,10,19,31,0,1
174401,4,41,16,25,19,0,0
174501,4,38,14,24,22,0,0
174601,4,35,17,18,25,0,1
174701,4,39,24,15,21,0,1
174801,3,41,28,13,19,0,0
174901,3,37,29,8,23,0,1
175001,3,36,28,8,24,0,1
175101,3,33,24,9,27,0,0
175201,3,37,26,11,23,0,0
175301,4,34,26,8,26,0,0
175401,3,35,26,9,25,0,0
175501,3,37,23,14,23,0,0
175601,3,37,21,16,23,0,1
175701,3,34,16,18,26,1,0
175801,4,39,14,25,21,0,0
175901,3,34,12,22,26,1,0
176001,4,36,12,24,24,0,0
176101,3,38,17,21,22,0,0
176201,3,40,21,19,20,0,0
176301,3,40,22,18,20,0,0
176401,3,39,19,20,21,1,0
176501,3,39,20,19,21,0,0
176601,3,40,20,20,20,0,0
176701,3,42,25,17,18,1,0
176801,3,36,25,11,24,0,0
176901,3,34,23,11,26,1,0
177001,4,34,24,10,26,0,0
177101,4,37,28,9,23,0,0
177201,3,35,25,10,25,0,1
177301,3,37,28,9,23,0,0
177401,3,38,26,12,22,0,0
177501,3,37,25,12,23,0,0
177601,3,38,25,13,22,0,0
177701,3,32,24,8,28,0,0
177801,3,33,24,9,27,0,1
177901,3,38,26,12,22,0,0
178001,3,31,19,12,29,0,0
178101,3,35,21,14,25,0,1
178201,3,39,19,20,21,0,1
178301,3,36,20,16,24,0,0
178401,3,40,24,16,20,0,0
178501,3,39,25,14,21,0,0
178601,3,38,27,11,22,0,0
178701,3,36,24,12,24,0,0
178801,3,40,25,15,20,0,0
178901,3,36,21,15,24,0,0
179001,3,41,24,17,19,0,0
179101,3,43,24,19,17,0,0
179201,3,38,21,17,22,0,0
179301,3,36,21,15,24,0,0
179401,3,33,22,11,27,0,0
179501,4,37,27,10,23,0,0
179601,3,36,25,11,24,0,0
179701,5,39,28,11,21,0,0
179801,4,37,28,9,23,0,0
179901,3,36,28,8,24,0,1
180001,3,35,25,10,25,0,0
180101,3,41,31,10,19,1,0
180201,4,39,30,9,21,0,0
180301,3,42,34,8,18,0,0
180401,3,40,30,10,20,0,0
180501,3,41,34,7,19,0,0
180601,4,41,36,5,19,0,0
180701,3,34,30,4,26,1,0
180801,3,28,22,6,32,0,0
180901,3,32,27,5,28,0,0
181001,3,44,35,9,16,0,0
181101,3,45,37,8,15,0,1
181201,3,39,29,10,21,0,1
181301,3,32,23,9,28,0,0
181401,4,34,24,10,26,0,0
181501,3,36,25,11,24,0,0
181601,3,39,27,12,21,0,0
181701,3,38,25,13,22,0,0
181801,3,37,23,14,23,0,0
181901,3,37,21,16,23,0,0
182001,3,40,22,18,20,0,0
182101,3,35,22,13,25,0,0
182201,3,30,18,12,30,0,0
182301,3,32,20,12,28,0,0
182401,3,37,25,12,23,0,0
182501,3,33,22,11,27,0,0
182601,3,36,20,16,24,1,0
182701,3,36,19,17,24,0,0
182801,5,33,19,14,27,0,0
182901,3,38,20,18,22,0,0
183001,4,37,17,20,23,0,0
183101,4,32,14,18,28,0,0
183201,3,37,15,22,23,0,0
183301,3,35,16,19,25,0,0
183401,3,35,17,18,25,0,1
183501,3,42,19,23,18,0,0
183601,4,48,23,25,12,0,0
183701,4,39,18,21,21,0,0
183801,3,39,14,25,21,1,0
183901,3,42,14,28,18,0,0
184001,3,37,11,26,23,0,0
184101,3,39,12,27,21,0,0
184201,3,41,15,26,19,0,0
184301,3,36,14,22,24,0,0
184401,3,33,15,18,27,0,0
184501,4,32,16,16,28,0,0
184601,3,38,18,20,22,0,0
184701,3,38,22,16,22,0,0
184801,3,34,22,12,26,0,0
184901,3,35,23,12,25,0,0
185001,4,36,21,15,24,0,0
185101,3,31,19,12,29,0,0
185201,4,32,21,11,28,0,0
185301,3,40,26,14,20,0,0
185401,3,44,30,14,16,0,0
185501,3,41,25,16,19,0,0
185601,4,35,23,12,25,0,0
185701,3,36,25,11,24,0,0
185801,3,33,24,9,27,0,0
185901,3,38,31,7,22,0,0
186001,3,38,34,4,22,0,0
186101,3,38,34,4,22,0,0
186201,3,42,37,5,18,0,0
186301,3,43,36,7,17,0,0
186401,3,42,34,8,18,0,0
186501,3,43,33,10,17,0,0
186601,3,39,26,13,21,0,0
186701,3,40,27,13,20,0,0
186801,3,43,33,10,17,0,0
186901,3,35,27,8,25,0,0
187001,4,32,22,10,28,0,0
187101,5,32,22,10,28,0,0
187201,3,29,20,9,31,0,0
187301,3,37,24,13,23,0,1
187401,3,37,24,13,23,1,0
187501,3,39,27,12,21,0,0
187601,3,33,24,9,27,0,0
187701,3,34,25,9,26,0,0
187801,3,35,22,13,25,1,0
187901,3,39,21,18,21,0,0
188001,3,36,20,16,24,0,0
188101,4,37,24,13,23,0,0
188201,3,38,23,15,22,0,1
188301,3,33,22,11,27,0,1
188401,4,37,25,12,23,0,0
188501,3,42,27,15,18,0,1
188601,3,30,20,10,30,0,0
188701,4,34,20,14,26,0,0
188801,3,32,15,17,28,0,0
188901,4,38,16,22,22,0,0
189001,3,43,22,21,17,0,1
189101,4,39,18,21,21,0,0
189201,4,38,18,20,22,0,0
189301,3,40,18,22,20,0,1
189401,3,35,15,20,25,0,0
189501,3,40,23,17,20,0,1
189601,3,36,17,19,24,0,0
189701,3,37,17,20,23,0,0
189801,3,37,13,24,23,0,0
189901,3,37,17,20,23,0,0
190001,3,36,19,17,24,0,0
190101,4,34,23,11,26,0,0
190201,3,44,26,18,16,0,0
190301,4,39,24,15,21,0,0
190401,3,37,23,14,23,0,1
190501,3,43,30,13,17,1,0
190601,3,43,31,12,17,0,0
190701,3,44,31,13,16,0,0
190801,3,43,29,14,17,1,0
190901,3,39,24,15,21,0,0
191001,3,38,26,12,22,0,0
191101,3,39,24,15,21,0,0
191201,3,34,18,16,26,0,0
191301,3,37,20,17,23,0,0
191401,3,36,18,18,24,0,0
191501,4,38,20,18,22,0,0
191601,3,37,20,17,23,0,0
191701,4,29,17,12,31,0,0
191801,3,30,11,19,30,0,0
191901,3,34,11,23,26,0,0
192001,3,33,13,20,27,1,0
192101,3,35,12,23,25,0,0
192201,3,41,15,26,19,0,0
192301,3,37,17,20,23,0,0
192401,3,38,13,25,22,0,0
192501,3,38,13,25,22,1,0
192601,3,33,11,22,27,0,0
192701,3,38,11,27,22,1,0
192801,3,36,12,24,24,0,0
192901,3,35,12,23,25,0,0
193001,3,34,12,22,26,0,0
193101,4,35,15,20,25,0,0
193201,3,43,19,24,17,0,0
193301,3,40,19,21,20,0,0
193401,3,42,27,15,18,0,0
193501,3,37,25,12,23,0,1
193601,3,41,26,15,19,1,0
193701,3,37,22,15,23,1,0
193801,3,42,25,17,18,0,0
193901,3,39,27,12,21,0,0
194001,4,45,28,17,15,0,0
194101,3,40,25,15,20,0,0
194201,3,39,24,15,21,0,0
194301,4,42,25,17,18,0,0
194401,3,36,20,16,24,0,0
194501,3,33,16,17,27,0,0
194601,3,38,19,19,22,0,0
194701,3,38,18,20,22,0,0
194801,3,42,19,23,18,0,0
194901,4,35,21,14,25,0,0
195001,3,35,24,11,25,0,0
195101,4,31,23,8,29,0,0
195201,3,32,25,7,28,0,0
195301,3,32,22,10,28,0,0
195401,5,35,27,8,25,0,0
195501,4,35,30,5,25,0,0
195601,3,35,29,6,25,1,0
195701,3,38,28,10,22,0,0
195801,3,38,24,14,22,0,0
195901,3,39,21,18,21,0,0
196001,4,37,19,18,23,0,0
196101,3,37,19,18,23,0,0
196201,3,40,21,19,20,0,0
196301,3,38,24,14,22,0,0
196401,3,35,26,9,25,0,0
196501,3,33,21,12,27,1,0
196601,3,36,23,13,24,0,0
196701,4,36,24,12,24,0,0
196801,3,41,24,17,19,0,0
196901,3,39,23,16,21,0,1
197001,3,38,21,17,22,0,0
197101,3,40,23,17,20,0,0
197201,3,32,19,13,28,0,0
197301,3,36,25,11,24,1,0
197401,3,37,27,10,23,0,0
197501,4,34,22,12,26,0,0
197601,3,34,23,11,26,0,1
197701,3,38,24,14,22,0,0
197801,3,32,21,11,28,0,0
197901,3,35,24,11,25,0,1
198001,3,42,27,15,18,0,0
198101,3,34,23,11,26,0,1
198201,3,37,27,10,23,0,0
198301,3,38,29,9,22,0,0
198401,3,38,28,10,22,0,0
198501,3,36,24,12,24,0,0
198601,3,39,28,11,21,1,0
198701,4,27,20,7,33,0,0
198801,3,33,22,11,27,0,1
198901,3,32,22,10,28,0,0
199001,3,30,21,9,30,0,0
199101,3,34,23,11,26,0,1
199201,3,40,26,14,20,0,0
199301,3,36,22,14,24,0,0
199401,3,34,19,15,26,0,0
199501,3,41,20,21,19,0,0
199601,3,36,16,20,24,0,0
199701,3,37,15,22,23,0,0
199801,3,40,18,22,20,0,0
199901,3,40,18,22,20,0,0
200001,3,34,17,17,26,0,0
200101,4,38,21,17,22,0,0
200201,3,38,21,17,22,0,0
200301,3,38,19,19,22,0,0
200401,3,34,15,19,26,0,0
200501,3,43,19,24,17,0,0
200601,4,35,16,19,25,0,0
200701,3,37,15,22,23,0,0
200801,3,35,14,21,25,0,0
200901,4,39,18,21,21,0,0
201001,3,42,18,24,18,0,0
201101,3,44,19,25,16,0,0
201201,3,37,18,19,23,0,0
201301,3,32,20,12,28,0,0
201401,3,37,21,16,23,0,1
201501,3,36,18,18,24,0,1
201601,5,37,15,22,23,0,1
201701,3,36,12,24,24,0,0
201801,3,34,14,20,26,0,0
201901,3,37,18,19,23,0,0
202001,3,33,15,18,27,0,0
202101,3,34,16,18,26,0,0
202201,4,33,12,21,27,0,0
202301,3,34,13,21,26,1,0
202401,3,36,15,21,24,0,0
202501,3,36,15,21,24,0,0
202601,3,34,13,21,26,0,1
202701,3,42,14,28,18,0,0
202801,3,43,15,28,17,0,0
202901,3,36,14,22,24,0,0
203001,3,31,11,20,29,0,0
203101,3,33,12,21,27,0,0
203201,3,35,14,21,25,0,0
203301,3,38,14,24,22,0,0
203401,4,32,16,16,28,0,0
203501,3,37,19,18,23,0,0
203601,3,43,20,23,17,0,1
203701,3,37,14,23,23,0,0
203801,3,33,8,25,27,0,0
203901,3,33,8,25,27,0,0
204001,3,32,7,25,28,0,0
204101,3,32,10,22,28,0,0
204201,4,36,13,23,24,0,0
204301,3,32,14,18,28,0,0
204401,3,37,17,20,23,0,0
204501,4,36,16,20,24,0,0
204601,5,38,20,18,22,0,0
204701,3,41,20,21,19,0,0
204801,4,42,19,23,18,0,0
204901,4,40,18,22,20,0,0
205001,4,38,17,21,22,0,0
205101,3,37,17,20,23,0,1
205201,4,38,16,22,22,1,0
205301,4,35,19,16,25,0,1
205401,4,37,20,17,23,0,1
205501,4,40,25,15,20,1,0
205601,3,33,17,16,27,0,0
205701,3,39,23,16,21,0,0
205801,3,40,26,14,20,0,0
205901,3,37,26,11,23,0,0
206001,3,39,30,9,21,0,0
206101,4,36,30,6,24,0,1
206201,3,38,34,4,22,1,0
206301,3,38,31,7,22,0,0
206401,3,30,24,6,30,0,0
206501,4,38,30,8,22,0,0
206601,4,34,26,8,26,0,0
206701,3,36,29,7,24,0,0
206801,3,34,24,10,26,0,0
206901,3,33,25,8,27,0,1
207001,5,39,25,14,21,0,0
207101,3,38,23,15,22,1,0
207201,3,37,22,15,23,0,0
207301,3,34,18,16,26,0,0
207401,4,41,21,20,19,0,0
207501,3,34,18,16,26,0,0
207601,3,41,23,18,19,0,0
207701,3,37,19,18,23,0,0
207801,4,37,19,18,23,0,0
207901,3,38,16,22,22,0,0
208001,4,40,15,25,20,0,0
208101,3,38,14,24,22,0,0
208201,3,40,16,24,20,0,0
208301,3,35,15,20,25,0,0
208401,3,32,14,18,28,0,0
208501,4,34,13,21,26,1,0
208601,3,35,17,18,25,0,0
208701,3,33,18,15,27,0,0
208801,3,31,18,13,29,0,0
208901,3,32,18,14,28,0,1
209001,3,32,19,13,28,0,1
209101,4,38,21,17,22,0,1
209201,3,37,19,18,23,1,0
209301,3,37,22,15,23,1,0
209401,3,39,22,17,21,1,0
209501,3,34,17,17,26,0,0
209601,3,36,15,21,24,0,1
209701,3,35,16,19,25,0,0
209801,4,38,20,18,22,0,0
209901,3,34,19,15,26,0,0
210001,4,37,24,13,23,0,0
210101,4,39,27,12,21,0,0
210201,3,42,29,13,18,0,1
210301,3,37,27,10,23,0,0
210401,3,39,28,11,21,0,0
210501,3,39,28,11,21,0,0
210601,5,42,30,12,18,0,0
210701,4,39,27,12,21,0,1
210801,3,40,29,11,20,0,0
210901,3,34,26,8,26,0,0
211001,3,42,31,11,18,0,0
211101,3,41,32,9,19,0,0
211201,3,42,30,12,18,0,1
211301,4,36,27,9,24,0,0
211401,3,42,32,10,18,0,0
211501,3,39,28,11,21,0,0
211601,3,42,32,10,18,0,0
211701,4,43,31,12,17,0,0
211801,3,36,24,12,24,0,0
211901,3,41,27,14,19,1,0
212001,3,42,29,13,18,0,0
212101,3,42,31,11,18,0,0
212201,4,38,28,10,22,0,0
212301,4,34,24,10,26,0,0
212401,4,34,24,10,26,1,0
212501,3,35,26,9,25,0,0
212601,3,36,25,11,24,0,1
212701,3,36,26,10,24,0,0
212801,3,40,32,8,20,0,0
212901,3,39,33,6,21,1,0
213001,3,34,29,5,26,0,0
213101,3,36,29,7,24,0,0
213201,3,41,31,10,19,0,0
213301,3,41,29,12,19,0,0
213401,3,34,22,12,26,0,0
213501,3,34,23,11,26,1,0
213601,4,40,23,17,20,1,0
213701,3,38,22,16,22,0,0
213801,3,36,22,14,24,1,0
213901,3,39,27,12,21,0,0
214001,3,36,26,10,24,0,0
214101,3,39,25,14,21,0,0
214201,4,44,26,18,16,0,0
214301,3,44,23,21,16,0,0
214401,3,42,20,22,18,0,0
214501,4,35,20,15,25,0,0
214601,4,36,21,15,24,0,0
214701,3,37,23,14,23,0,0
214801,3,42,25,17,18,1,0
214901,3,31,18,13,29,0,0
215001,3,30,16,14,30,0,1
215101,3,35,15,20,25,0,0
215201,4,31,14,17,29,1,0
215301,3,29,14,15,31,0,0
215401,3,35,20,15,25,0,0
215501,4,37,17,20,23,0,0
215601,3,40,19,21,20,0,0
215701,3,40,22,18,20,0,1
215801,4,40,24,16,20,0,1
215901,3,40,23,17,20,0,0
216001,3,35,26,9,25,0,0
216101,3,34,24,10,26,0,0
216201,4,34,23,11,26,1,0
216301,3,30,22,8,30,0,0
216401,4,33,21,12,27,0,0
216501,3,37,22,15,23,0,1
216601,3,36,21,15,24,0,0
216701,3,37,22,15,23,0,0
216801,3,42,23,19,18,0,0
216901,4,38,24,14,22,0,1
217001,4,34,23,11,26,0,0
217101,3,33,23,10,27,0,0
217201,4,37,23,14,23,0,0
217301,3,38,26,12,22,0,0
217401,4,34,22,12,26,0,1
217501,4,44,28,16,16,0,0
217601,3,38,22,16,22,0,0
217701,3,40,22,18,20,0,0
217801,3,44,24,20,16,0,0
217901,4,43,24,19,17,0,0
218001,3,39,21,18,21,0,0
218101,3,37,22,15,23,0,0
218201,3,35,18,17,25,0,0
218301,4,38,24,14,22,0,0
218401,4,37,22,15,23,0,0
218501,4,32,17,15,28,1,0
218601,3,29,17,12,31,0,1
218701,3,31,20,11,29,0,0
218801,3,33,21,12,27,0,0
218901,3,34,21,13,26,0,0
219001,3,36,25,11,24,0,0
219101,3,31,20,11,29,0,1
219201,3,36,28,8,24,0,0
219301,3,35,28,7,25,0,0
219401,3,33,26,7,27,1,0
219501,3,36,30,6,24,0,0
219601,3,39,29,10,21,0,1
219701,3,35,24,11,25,0,0
219801,4,34,24,10,26,0,0
219901,3,38,24,14,22,0,0
220001,5,43,25,18,17,0,0
220101,3,40,24,16,20,0,0
220201,3,28,17,11,32,0,0
220301,3,26,13,13,34,0,1
220401,3,33,19,14,27,0,0
220501,5,32,17,15,28,0,0
220601,3,35,16,19,25,0,0
220701,3,41,20,21,19,0,0
220801,3,39,23,16,21,0,0
220901,3,41,22,19,19,0,0
221001,3,38,20,18,22,0,0
221101,4,41,24,17,19,0,0
221201,4,36,23,13,24,0,0
221301,3,41,22,19,19,1,0
221401,3,43,22,21,17,0,0
221501,3,38,21,17,22,0,0
221601,3,38,21,17,22,0,0
221701,3,37,19,18,23,0,0
221801,3,39,22,17,21,0,1
221901,3,33,19,14,27,0,0
222001,4,33,18,15,27,0,0
222101,5,44,31,13,16,0,0
222201,3,41,24,17,19,0,1
222301,4,39,26,13,21,0,0
222401,3,30,18,12,30,1,0
222501,3,37,25,12,23,0,0
222601,4,42,29,13,18,0,0
222701,3,37,27,10,23,1,0
222801,4,36,24,12,24,0,0
222901,3,39,23,16,21,0,0
223001,3,39,24,15,21,0,0
223101,3,42,23,19,18,0,0
223201,3,37,18,19,23,0,0
223301,3,39,21,18,21,0,0
223401,3,37,17,20,23,0,0
223501,3,37,22,15,23,0,1
223601,3,35,18,17,25,0,0
223701,3,39,17,22,21,0,0
223801,3,36,17,19,24,0,1
223901,3,36,16,20,24,0,0
224001,3,38,13,25,22,0,0
224101,3,38,14,24,22,0,0
224201,3,36,13,23,24,0,0
224301,3,35,15,20,25,0,0
224401,3,38,18,20,22,0,1
224501,3,42,18,24,18,0,0
224601,4,35,17,18,25,0,0
224701,3,41,20,21,19,0,0
224801,3,39,20,19,21,0,0
224901,3,33,18,15,27,0,0
225001,3,37,21,16,23,0,0
225101,4,35,21,14,25,1,0
225201,3,29,22,7,31,0,0
225301,4,33,24,9,27,0,0
225401,3,38,28,10,22,0,0
225501,3,36,27,9,24,0,1
225601,3,31,22,9,29,0,0
225701,3,38,25,13,22,0,0
225801,3,44,26,18,16,0,0
225901,4,43,21,22,17,0,0
226001,3,42,18,24,18,0,0
226101,3,39,17,22,21,0,0
226201,3,37,14,23,23,0,0
226301,3,43,16,27,17,0,0
226401,3,37,10,27,23,0,0
226501,3,40,12,28,20,0,0
226601,3,38,10,28,22,0,1
226701,3,38,10,28,22,0,0
226801,4,37,10,27,23,0,1
226901,3,46,10,36,14,0,0
227001,4,43,15,28,17,0,0
227101,3,43,19,24,17,0,0
227201,3,39,18,21,21,0,0
227301,3,39,18,21,21,0,0
227401,3,44,21,23,16,0,0
227501,3,37,15,22,23,0,0
227601,3,36,15,21,24,0,1
227701,3,38,16,22,22,0,0
227801,3,41,15,26,19,0,0
227901,4,40,17,23,20,0,0
228001,3,37,14,23,23,1,0
228101,3,39,15,24,21,0,0
228201,3,36,18,18,24,0,0
228301,3,40,17,23,20,0,0
228401,5,44,20,24,16,0,0
228501,3,36,15,21,24,0,0
228601,3,34,18,16,26,0,0
228701,3,32,21,11,28,0,0
228801,4,35,20,15,25,1,0
228901,3,36,21,15,24,0,0
229001,4,38,20,18,22,0,0
229101,3,42,16,26,18,0,0
229201,4,38,13,25,22,0,0
229301,3,39,11,28,21,0,1
229401,3,38,7,31,22,0,0
229501,3,35,7,28,25,0,0
229601,3,41,11,30,19,0,0
229701,4,47,16,31,13,0,0
229801,3,45,18,27,15,0,0
229901,3,43,17,26,17,0,0
230001,4,35,16,19,25,0,0
230101,3,36,19,17,24,0,0
230201,3,38,22,16,22,0,0
230301,4,42,27,15,18,0,0
230401,3,35,20,15,25,0,0
230501,3,39,24,15,21,0,0
230601,4,36,21,15,24,0,0
230701,3,40,19,21,20,0,0
230801,3,45,23,22,15,0,0
230901,4,34,20,14,26,0,0
231001,3,31,20,11,29,0,1
231101,3,35,24,11,25,0,0
231201,3,35,24,11,25,0,0
231301,4,38,26,12,22,0,0
231401,5,40,24,16,20,0,0
231501,3,38,25,13,22,0,0
231601,3,37,28,9,23,0,0
231701,3,44,30,14,16,0,0
231801,3,41,28,13,19,0,1
231901,3,39,29,10,21,0,0
232001,4,39,30,9,21,1,0
232101,3,43,30,13,17,0,1
232201,3,36,27,9,24,0,0
232301,3,32,23,9,28,0,0
232401,3,33,24,9,27,0,0
232501,3,32,25,7,28,0,0
232601,3,36,30,6,24,0,0
232701,3,38,32,6,22,0,0
232801,4,45,36,9,15,0,0
232901,3,45,34,11,15,0,0
233001,4,42,31,11,18,0,0
233101,3,41,27,14,19,0,0
233201,3,41,30,11,19,0,0
233301,3,36,25,11,24,0,0
233401,4,29,18,11,31,0,0
233501,3,32,17,15,28,0,0
233601,4,32,16,16,28,0,0
233701,3,30,16,14,30,0,0
233801,3,40,23,17,20,0,0
233901,3,41,22,19,19,0,0
234001,3,33,20,13,27,0,0
234101,3,37,20,17,23,0,0
234201,3,38,23,15,22,0,0
234301,3,44,24,20,16,0,0
234401,3,44,23,21,16,1,0
234501,4,44,20,24,16,0,1
234601,3,37,19,18,23,1,0
234701,3,40,22,18,20,0,0
234801,4,43,22,21,17,0,0
234901,3,38,18,20,22,0,1
235001,4,39,19,20,21,0,0
235101,3,39,19,20,21,0,0
235201,3,44,22,22,16,0,0
235301,3,43,22,21,17,0,0
235401,3,39,20,19,21,0,0
235501,3,35,16,19,25,0,0
235601,3,33,13,20,27,0,0
235701,3,37,15,22,23,0,0
235801,3,39,17,22,21,0,0
235901,3,41,20,21,19,0,1
236001,3,31,12,19,29,0,1
236101,3,38,15,23,22,0,0
236201,4,35,13,22,25,1,0
236301,3,36,11,25,24,0,1
236401,3,34,10,24,26,0,0
236501,4,38,14,24,22,1,0
236601,3,36,14,22,24,1,0
236701,3,35,17,18,25,0,0
236801,3,37,15,22,23,0,0
236901,3,34,15,19,26,1,0
237001,3,35,15,20,25,0,0
237101,3,37,15,22,23,0,0
237201,3,41,15,26,19,0,0
237301,3,43,15,28,17,1,0
237401,3,38,17,21,22,0,0
237501,3,42,20,22,18,0,0
237601,3,38,16,22,22,1,0
237701,3,39,16,23,21,0,0
237801,4,32,14,18,28,0,0
237901,3,33,15,18,27,0,0
238001,5,42,17,25,18,0,0
238101,3,35,13,22,25,0,0
238201,3,33,15,18,27,0,0
238301,3,40,18,22,20,1,0
238401,3,39,18,21,21,0,0
238501,3,38,17,21,22,0,0
238601,4,34,16,18,26,0,0
238701,4,34,12,22,26,0,0
238801,3,36,12,24,24,0,0
238901,3,35,14,21,25,0,0
239001,4,36,12,24,24,0,0
239101,3,35,11,24,25,0,0
239201,3,38,16,22,22,1,0
239301,3,40,22,18,20,0,0
239401,3,38,17,21,22,0,0
239501,3,41,20,21,19,1,0
239601,3,43,19,24,17,0,1
239701,3,41,17,24,19,0,0
239801,3,39,16,23,21,0,0
239901,5,36,12,24,24,0,0
240001,4,45,16,29,15,0,0
240101,3,41,15,26,19,0,0
240201,3,37,12,25,23,0,1
240301,3,41,18,23,19,0,0
240401,3,46,25,21,14,0,1
240501,4,36,20,16,24,1,0
240601,3,37,23,14,23,0,0
240701,3,40,29,11,20,0,0
240801,3,39,29,10,21,0,0
240901,4,42,31,11,18,0,0
241001,3,37,26,11,23,0,0
241101,3,36,22,14,24,1,0
241201,3,29,21,8,31,0,0
241301,4,33,22,11,27,0,0
241401,3,33,23,10,27,0,0
241501,4,34,23,11,26,0,0
241601,4,37,24,13,23,0,0
241701,3,37,23,14,23,0,0
241801,3,37,23,14,23,0,0
241901,3,35,21,14,25,0,0
242001,4,41,27,14,19,0,0
242101,3,37,25,12,23,0,0
242201,3,34,25,9,26,0,0
242301,3,38,27,11,22,0,0
242401,3,33,25,8,27,0,1
242501,3,37,29,8,23,0,0
242601,3,39,30,9,21,0,0
242701,3,35,30,5,25,0,0
242801,3,40,29,11,20,0,0
242901,3,34,22,12,26,0,0
243001,3,38,24,14,22,0,0
243101,3,36,23,13,24,0,0
243201,4,36,25,11,24,0,0
243301,3,41,31,10,19,0,0
243401,3,37,27,10,23,0,0
243501,4,36,27,9,24,0,0
243601,3,39,29,10,21,0,0
243701,3,37,24,13,23,0,1
243801,3,39,25,14,21,0,1
243901,3,35,22,13,25,0,0
244001,3,32,19,13,28,0,0
244101,3,35,20,15,25,0,0
244201,3,35,22,13,25,0,0
244301,3,34,20,14,26,0,0
244401,3,30,17,13,30,0,0
244501,3,35,19,16,25,0,1
244601,3,38,20,18,22,0,1
244701,3,34,16,18,26,0,0
244801,3,32,14,18,28,1,0
244901,3,36,16,20,24,0,0
245001,4,46,19,27,14,0,0
245101,3,42,13,29,18,0,1
245201,3,40,15,25,20,0,0
245301,3,37,16,21,23,0,1
245401,3,38,19,19,22,0,0
245501,4,36,16,20,24,0,0
245601,3,34,15,19,26,0,0
245701,3,31,14,17,29,0,0
245801,3,35,12,23,25,0,0
245901,3,35,11,24,25,0,1
246001,3,34,12,22,26,1,0
246101,4,36,10,26,24,0,0
246201,3,42,13,29,18,0,1
246301,3,37,9,28,23,0,1
246401,3,39,14,25,21,0,0
246501,3,35,14,21,25,1,0
246601,3,36,13,23,24,0,0
246701,3,42,16,26,18,0,0
246801,3,36,14,22,24,1,0
246901,3,36,14,22,24,0,0
247001,3,29,13,16,31,0,0
247101,3,31,15,16,29,0,0
247201,3,34,18,16,26,0,0
247301,3,34,20,14,26,0,0
247401,4,33,20,13,27,0,0
247501,3,33,23,10,27,0,0
247601,3,32,24,8,28,0,0
247701,3,33,21,12,27,0,0
247801,4,35,17,18,25,1,0
247901,3,34,17,17,26,0,0
248001,4,35,17,18,25,0,0
248101,3,36,19,17,24,0,0
248201,3,32,19,13,28,0,0
248301,3,31,21,10,29,0,0
248401,3,30,22,8,30,1,0
248501,3,35,20,15,25,0,0
248601,3,39,21,18,21,0,0
248701,3,39,21,18,21,0,0
248801,3,38,21,17,22,0,0
248901,3,33,17,16,27,0,0
249001,3,41,20,21,19,0,1
249101,3,42,19,23,18,0,0
249201,3,36,12,24,24,1,0
249301,3,34,12,22,26,0,0
249401,3,39,13,26,21,1,0
249501,4,36,11,25,24,0,0
249601,4,34,14,20,26,0,0
249701,3,40,14,26,20,0,1
249801,3,36,12,24,24,1,0
249901,3,31,15,16,29,0,1
250001,3,37,21,16,23,0,0
250101,3,36,20,16,24,0,0
250201,3,32,20,12,28,0,0
250301,4,29,21,8,31,0,0
250401,3,28,19,9,32,0,0
250501,3,40,23,17,20,0,0
250601,3,36,18,18,24,0,0
250701,3,40,24,16,20,1,0
250801,3,37,19,18,23,1,0
250901,4,33,18,15,27,0,0
251001,4,38,19,19,22,0,0
251101,3,41,18,23,19,0,1
251201,3,36,15,21,24,0,0
251301,3,29,10,19,31,0,0
251401,3,38,14,24,22,0,0
251501,3,37,15,22,23,0,0
251601,3,37,14,23,23,0,1
251701,3,36,18,18,24,0,0
251801,3,39,21,18,21,0,0
251901,3,40,23,17,20,1,0
252001,3,37,21,16,23,0,0
252101,3,39,24,15,21,0,0
252201,3,41,25,16,19,0,0
252301,3,42,31,11,18,0,0
252401,3,40,28,12,20,0,0
252501,3,46,33,13,14,0,0
252601,3,35,29,6,25,0,0
252701,4,35,29,6,25,0,0
252801,3,38,30,8,22,0,0
252901,3,38,26,12,22,0,1
253001,3,35,26,9,25,0,0
253101,3,33,23,10,27,0,0
253201,4,31,23,8,29,0,0
253301,4,36,26,10,24,0,0
253401,3,31,21,10,29,0,0
253501,4,28,16,12,32,0,0
253601,3,30,19,11,30,1,0
253701,3,36,23,13,24,0,1
253801,3,37,21,16,23,0,0
253901,3,36,22,14,24,1,0
254001,3,35,21,14,25,0,0
254101,3,42,27,15,18,0,0
254201,3,41,24,17,19,0,0
254301,4,40,25,15,20,0,1
254401,3,41,27,14,19,0,1
254501,4,35,22,13,25,0,0
254601,3,38,24,14,22,0,0
254701,3,32,16,16,28,0,0
254801,3,34,17,17,26,0,1
254901,3,37,15,22,23,1,0
255001,4,42,16,26,18,0,0
255101,3,44,20,24,16,0,1
255201,3,41,20,21,19,0,0
255301,4,41,20,21,19,0,1
255401,4,35,18,17,25,0,0
255501,4,34,21,13,26,0,0
255601,4,24,13,11,36,1,0
255701,3,25,15,10,35,0,0
255801,3,29,15,14,31,0,0
255901,4,32,15,17,28,0,1
256001,3,39,21,18,21,0,0
256101,3,38,20,18,22,0,0
256201,3,35,18,17,25,1,0
256301,4,38,24,14,22,0,0
256401,4,39,25,14,21,0,1
256501,3,38,25,13,22,1,0
256601,3,34,20,14,26,0,0
256701,3,32,24,8,28,0,1
256801,3,36,23,13,24,0,0
256901,3,39,24,15,21,0,1
257001,3,41,22,19,19,0,0
257101,3,43,24,19,17,0,1
257201,4,37,24,13,23,0,0
257301,3,37,26,11,23,0,0
257401,3,38,27,11,22,0,0
257501,3,44,28,16,16,0,0
257601,3,40,26,14,20,0,0
257701,3,36,19,17,24,1,0
257801,3,36,19,17,24,0,0
257901,4,44,29,15,16,0,0
258001,3,42,27,15,18,0,0
258101,3,37,25,12,23,0,1
258201,3,36,25,11,24,0,0
258301,3,39,28,11,21,0,0
258401,3,40,27,13,20,1,0
258501,3,36,27,9,24,0,0
258601,3,38,27,11,22,1,0
258701,3,41,30,11,19,0,0
258801,3,42,33,9,18,0,0
258901,3,40,31,9,20,0,1
259001,3,41,33,8,19,0,0
259101,3,37,30,7,23,0,0
259201,3,35,30,5,25,0,0
259301,4,35,31,4,25,0,0
259401,4,37,31,6,23,0,0
259501,3,40,32,8,20,1,0
259601,3,35,26,9,25,1,0
259701,3,36,26,10,24,0,0
259801,3,39,26,13,21,1,0
259901,3,38,28,10,22,0,1
260001,4,37,25,12,23,0,1
260101,3,42,25,17,18,0,0
260201,3,40,23,17,20,1,0
260301,4,36,18,18,24,0,1
260401,3,36,19,17,24,0,0
260501,3,35,19,16,25,0,0
260601,3,35,21,14,25,0,0
260701,3,34,20,14,26,0,0
260801,3,37,24,13,23,0,1
260901,3,40,24,16,20,0,0
261001,3,40,27,13,20,0,1
261101,3,39,26,13,21,0,0
261201,3,30,20,10,30,0,0
261301,3,34,21,13,26,0,0
261401,3,37,23,14,23,0,0
261501,3,38,21,17,22,0,1
261601,3,36,20,16,24,0,1
261701,3,38,22,16,22,0,1
261801,3,34,21,13,26,0,1
261901,3,33,22,11,27,0,0
262001,3,40,24,16,20,0,0
262101,3,34,19,15,26,0,0
262201,3,37,23,14,23,0,0
262301,3,43,26,17,17,1,0
262401,3,38,25,13,22,0,0
262501,3,39,28,11,21,0,0
262601,4,42,30,12,18,0,0
262701,3,44,33,11,16,0,0
262801,3,38,28,10,22,0,1
262901,4,37,27,10,23,0,0
263001,3,37,28,9,23,0,0
263101,3,30,25,5,30,0,0
263201,3,33,26,7,27,0,0
263301,3,36,31,5,24,0,0
263401,3,38,33,5,22,0,1
263501,4,38,30,8,22,0,0
263601,4,42,32,10,18,0,0
263701,3,40,29,11,20,0,0
263801,3,39,24,15,21,0,0
263901,3,45,33,12,15,0,1
264001,4,39,30,9,21,0,1
264101,3,44,31,13,16,0,0
264201,3,33,24,9,27,0,0
264301,3,35,30,5,25,0,0
264401,3,35,31,4,25,0,0
264501,4,44,35,9,16,0,0
264601,3,46,36,10,14,0,0
264701,4,36,27,9,24,0,0
264801,3,40,26,14,20,0,0
264901,3,40,25,15,20,0,0
265001,4,43,24,19,17,1,0
265101,4,41,23,18,19,0,0
265201,3,43,23,20,17,0,1
265301,3,39,22,17,21,0,0
265401,3,40,18,22,20,0,0
265501,3,38,16,22,22,0,1
265601,3,42,18,24,18,0,0
265701,4,36,14,22,24,0,1
265801,3,36,13,23,24,1,0
265901,3,43,15,28,17,0,1
266001,3,43,16,27,17,0,0
266101,3,49,18,31,11,0,1
266201,3,43,15,28,17,0,0
266301,3,38,18,20,22,0,0
266401,3,45,23,22,15,0,1
266501,3,38,21,17,22,0,0
266601,3,44,22,22,16,0,0
266701,3,45,27,18,15,0,0
266801,3,33,18,15,27,0,0
266901,3,28,15,13,32,0,0
267001,3,30,12,18,30,0,0
267101,3,30,13,17,30,0,0
267201,4,32,13,19,28,0,0
267301,3,27,14,13,33,0,0
267401,3,26,14,12,34,0,0
267501,3,31,16,15,29,0,0
267601,3,34,22,12,26,0,0
267701,3,38,24,14,22,0,0
267801,4,42,26,16,18,0,0
267901,3,33,20,13,27,0,0
268001,3,28,16,12,32,0,0
268101,3,31,21,10,29,0,1
268201,3,29,17,12,31,0,1
268301,3,37,23,14,23,0,0
268401,4,41,23,18,19,0,1
268501,3,36,21,15,24,0,1
268601,3,32,19,13,28,0,1
268701,4,33,21,12,27,0,0
268801,3,33,20,13,27,0,1
268901,3,40,26,14,20,0,1
269001,4,36,24,12,24,0,1
269101,3,43,30,13,17,1,0
269201,3,40,27,13,20,1,0
269301,3,39,23,16,21,0,0
269401,3,41,21,20,19,0,1
269501,3,39,23,16,21,0,0
269601,4,40,26,14,20,0,0
269701,3,44,30,14,16,0,1
269801,3,40,29,11,20,0,0
269901,3,38,31,7,22,0,1
270001,3,43,34,9,17,0,0
270101,3,44,35,9,16,0,0
270201,3,40,35,5,20,0,1
270301,3,43,37,6,17,1,0
270401,4,39,37,2,21,0,0
270501,3,41,39,2,19,0,0
270601,3,45,44,1,15,0,0
270701,3,39,38,1,21,0,0
270801,3,42,40,2,18,0,0
270901,3,41,38,3,19,0,0
271001,3,40,38,2,20,1,0
271101,3,37,34,3,23,0,0
271201,3,37,32,5,23,0,0
271301,3,38,31,7,22,0,0
271401,4,39,30,9,21,0,0
271501,3,37,24,13,23,0,0
271601,3,34,23,11,26,0,0
271701,3,33,19,14,27,0,0
271801,4,34,16,18,26,1,0
271901,3,33,17,16,27,0,0
272001,3,37,16,21,23,1,0
272101,3,34,16,18,26,0,0
272201,3,30,15,15,30,0,0
272301,3,29,19,10,31,0,0
272401,3,35,22,13,25,0,1
272501,3,28,14,14,32,1,0
272601,3,35,19,16,25,0,0
272701,4,34,23,11,26,0,0
272801,3,35,23,12,25,0,1
272901,3,39,21,18,21,0,0
273001,3,37,19,18,23,0,0
273101,3,33,16,17,27,0,0
273201,4,30,16,14,30,0,0
273301,3,36,16,20,24,0,0
273401,3,37,20,17,23,0,0
273501,3,34,22,12,26,0,0
273601,3,32,18,14,28,0,0
273701,3,35,18,17,25,1,0
273801,3,34,17,17,26,0,0
273901,4,37,15,22,23,0,0
274001,3,43,18,25,17,0,0
274101,3,35,15,20,25,0,0
274201,3,29,11,18,31,0,0
274301,4,30,10,20,30,0,0
274401,3,37,13,24,23,0,0
274501,3,37,14,23,23,0,0
274601,3,39,17,22,21,0,0
274701,5,34,16,18,26,0,0
274801,3,37,18,19,23,0,0
274901,3,33,18,15,27,1,0
275001,3,37,22,15,23,0,1
275101,4,37,24,13,23,0,0
275201,3,34,24,10,26,1,0
275301,3,31,23,8,29,0,0
275401,3,34,27,7,26,0,0
275501,3,32,21,11,28,0,0
275601,4,35,23,12,25,0,0
275701,3,41,28,13,19,0,0
275801,3,35,25,10,25,0,0
275901,3,36,27,9,24,0,0
276001,3,38,33,5,22,0,0
276101,4,40,33,7,20,0,0
276201,3,39,29,10,21,0,0
276301,3,35,27,8,25,0,0
276401,4,38,28,10,22,0,0
276501,4,32,25,7,28,0,0
276601,3,34,27,7,26,0,1
276701,3,34,27,7,26,0,0
276801,3,32,28,4,28,0,0
276901,3,35,31,4,25,0,0
277001,3,42,37,5,18,0,0
277101,3,38,32,6,22,0,0
277201,3,41,36,5,19,0,0
277301,4,42,37,5,18,1,0
277401,3,43,36,7,17,0,0
277501,3,41,34,7,19,0,0
277601,3,38,32,6,22,0,0
277701,3,38,34,4,22,0,0
277801,3,39,35,4,21,0,0
277901,3,38,35,3,22,0,0
278001,4,38,36,2,22,0,0
278101,3,37,30,7,23,0,0
278201,4,36,26,10,24,0,0
278301,3,34,24,10,26,0,0
278401,3,35,22,13,25,0,0
278501,3,29,16,13,31,0,0
278601,3,29,12,17,31,0,0
278701,3,38,14,24,22,0,0
278801,4,45,19,26,15,0,1
278901,3,39,17,22,21,0,0
279001,3,34,12,22,26,0,0
279101,3,35,10,25,25,0,0
279201,4,35,11,24,25,0,0
279301,3,39,12,27,21,0,0
279401,3,37,11,26,23,0,0
279501,3,41,12,29,19,0,0
279601,4,36,11,25,24,0,1
279701,4,41,14,27,19,0,0
279801,3,43,16,27,17,1,0
279901,3,38,15,23,22,0,0
280001,3,34,14,20,26,0,0
280101,3,29,16,13,31,1,0
280201,4,28,18,10,32,0,0
280301,3,33,17,16,27,0,0
280401,3,33,20,13,27,0,0
280501,3,40,27,13,20,0,0
280601,3,38,30,8,22,0,0
280701,3,38,30,8,22,1,0
280801,3,42,35,7,18,0,0
280901,3,38,34,4,22,0,0
281001,4,43,36,7,17,0,0
281101,3,45,40,5,15,0,0
281201,3,41,36,5,19,0,0
281301,3,39,36,3,21,0,0
281401,4,37,34,3,23,0,0
281501,5,39,35,4,21,0,0
281601,3,39,35,4,21,0,0
281701,3,38,35,3,22,0,0
281801,3,43,36,7,17,0,0
281901,3,47,38,9,13,0,0
282001,3,40,34,6,20,0,0
282101,3,40,33,7,20,0,0
282201,4,44,38,6,16,1,0
282301,3,44,34,10,16,0,0
282401,3,42,33,9,18,0,0
282501,3,36,27,9,24,0,0
282601,3,37,24,13,23,0,1
282701,3,41,24,17,19,0,0
282801,3,35,20,15,25,1,0
282901,3,36,21,15,24,0,1
283001,4,39,23,16,21,0,0
283101,3,36,24,12,24,0,0
283201,3,33,20,13,27,0,0
283301,3,38,20,18,22,0,1
283401,3,35,17,18,25,1,0
283501,3,32,15,17,28,0,0
283601,3,25,9,16,35,0,1
283701,3,29,11,18,31,1,0
283801,3,30,15,15,30,0,0
283901,3,32,18,14,28,0,0
284001,3,40,23,17,20,0,1
284101,3,39,24,15,21,0,0
284201,3,31,21,10,29,0,1
284301,3,32,19,13,28,0,0
284401,3,31,20,11,29,0,1
284501,3,38,26,12,22,0,1
284601,3,40,29,11,20,0,1
284701,3,35,25,10,25,1,0
284801,3,37,24,13,23,0,0
284901,3,41,31,10,19,0,0
285001,3,41,29,12,19,0,0
285101,3,40,27,13,20,0,0
285201,3,34,24,10,26,0,0
285301,3,33,24,9,27,1,0
285401,3,39,30,9,21,0,0
285501,3,36,24,12,24,0,0
285601,3,32,26,6,28,0,0
285701,3,35,31,4,25,0,0
285801,3,41,35,6,19,0,0
285901,3,39,30,9,21,0,0
286001,4,37,26,11,23,0,0
286101,3,41,28,13,19,0,0
286201,3,34,23,11,26,0,0
286301,4,39,30,9,21,0,1
286401,4,35,28,7,25,0,0
286501,3,37,32,5,23,0,0
286601,3,32,28,4,28,0,0
286701,3,34,31,3,26,0,1
286801,4,31,31,0,29,0,0
286901,4,30,26,4,30,0,0
287001,3,36,31,5,24,0,1
287101,3,37,31,6,23,0,0
287201,3,37,31,6,23,0,1
287301,3,40,32,8,20,0,0
287401,3,35,28,7,25,0,0
287501,3,39,33,6,21,0,1
287601,3,44,34,10,16,0,0
287701,3,38,28,10,22,1,0
287801,3,35,24,11,25,1,0
287901,3,35,21,14,25,0,0
288001,3,38,22,16,22,0,0
288101,3,39,23,16,21,0,0
288201,3,37,20,17,23,0,0
288301,3,33,21,12,27,0,1
288401,3,37,22,15,23,0,0
288501,3,43,25,18,17,0,0
288601,4,39,26,13,21,0,0
288701,3,36,24,12,24,0,0
288801,3,31,22,9,29,0,0
288901,4,39,27,12,21,0,0
289001,4,40,27,13,20,0,1
289101,3,36,25,11,24,0,1
289201,3,34,25,9,26,1,0
289301,3,32,23,9,28,0,0
289401,3,34,24,10,26,0,0
289501,4,35,21,14,25,0,0
289601,3,38,25,13,22,0,1
289701,3,39,24,15,21,0,0
289801,3,39,23,16,21,0,0
289901,3,35,22,13,25,0,0
290001,3,34,23,11,26,1,0
290101,3,35,24,11,25,0,0
290201,3,38,24,14,22,0,0
290301,4,35,22,13,25,0,0
290401,3,37,20,17,23,1,0
290501,4,39,22,17,21,0,0
290601,3,41,23,18,19,0,0
290701,3,43,21,22,17,0,0
290801,3,36,17,19,24,0,0
290901,3,36,23,13,24,1,0
291001,3,43,22,21,17,0,0
291101,3,36,18,18,24,0,0
291201,4,39,18,21,21,0,0
291301,4,41,15,26,19,0,0
291401,3,37,15,22,23,0,0
291501,3,37,17,20,23,0,0
291601,3,40,20,20,20,0,0
291701,3,37,21,16,23,0,0
291801,3,36,21,15,24,0,0
291901,4,37,22,15,23,0,0
292001,3,37,21,16,23,0,1
292101,3,40,24,16,20,0,0
292201,3,38,19,19,22,0,1
292301,3,38,21,17,22,0,0
292401,4,38,21,17,22,0,0
292501,3,34,22,12,26,1,0
292601,3,32,22,10,28,0,0
292701,3,41,28,13,19,0,0
292801,3,37,25,12,23,0,0
292901,3,32,25,7,28,0,0
293001,3,40,30,10,20,0,1
293101,3,36,25,11,24,1,0
293201,4,34,23,11,26,0,0
293301,4,38,26,12,22,0,0
293401,3,28,17,11,32,0,0
293501,3,30,18,12,30,1,0
293601,4,39,19,20,21,0,0
293701,3,41,21,20,19,0,0
293801,3,37,17,20,23,0,0
293901,3,37,16,21,23,0,0
294001,3,36,17,19,24,1,0
294101,3,33,18,15,27,0,0
294201,4,32,17,15,28,0,1
294301,4,35,17,18,25,0,0
294401,3,41,21,20,19,0,0
294501,3,36,20,16,24,0,0
294601,4,35,24,11,25,0,0
294701,3,37,27,10,23,0,0
294801,3,38,27,11,22,0,0
294901,4,31,23,8,29,0,0
295001,3,34,24,10,26,0,0
295101,3,35,23,12,25,1,0
295201,4,36,27,9,24,0,0
295301,3,39,32,7,21,0,0
295401,3,41,34,7,19,0,0
295501,3,35,30,5,25,0,0
295601,3,36,33,3,24,0,1
295701,3,39,35,4,21,0,0
295801,3,35,34,1,25,0,0
295901,3,36,34,2,24,1,0
296001,4,42,39,3,18,0,0
296101,3,42,36,6,18,0,0
296201,4,45,39,6,15,0,0
296301,3,41,35,6,19,0,0
296401,3,40,33,7,20,0,0
296501,3,39,32,7,21,1,0
296601,3,39,31,8,21,0,0
296701,3,40,30,10,20,0,0
296801,3,37,20,17,23,0,0
296901,3,37,22,15,23,0,1
297001,3,40,27,13,20,0,0
297101,3,44,30,14,16,0,0
297201,3,38,24,14,22,0,0
297301,3,36,21,15,24,0,0
297401,3,34,15,19,26,0,0
297501,3,37,19,18,23,0,1
297601,3,31,15,16,29,1,0
297701,3,35,17,18,25,0,0
297801,4,33,19,14,27,0,0
297901,3,32,18,14,28,0,0
298001,3,37,17,20,23,0,0
298101,3,39,18,21,21,0,0
298201,3,36,18,18,24,0,1
298301,4,39,22,17,21,0,0
298401,4,37,21,16,23,1,0
298501,3,34,21,13,26,0,0
298601,3,38,22,16,22,0,0
298701,4,32,23,9,28,0,0
298801,3,27,21,6,33,0,0
298901,3,32,25,7,28,0,0
299001,3,31,22,9,29,0,0
299101,3,35,25,10,25,0,1
299201,4,34,22,12,26,0,0
299301,3,31,20,11,29,0,1
299401,3,36,19,17,24,0,0
299501,3,41,20,21,19,0,0
299601,4,39,20,19,21,0,0
299701,3,43,21,22,17,0,1
299801,3,37,25,12,23,0,0
299901,3,37,28,9,23,0,0
300001,5,40,36,4,20,0,0
300101,3,38,36,2,22,0,0
300201,3,40,34,6,20,0,0
300301,3,36,31,5,24,0,0
300401,3,39,32,7,21,0,0
300501,3,45,39,6,15,1,0
300601,3,41,36,5,19,0,0
300701,3,44,36,8,16,0,0
300801,3,42,35,7,18,0,1
300901,3,42,38,4,18,0,0
301001,4,39,34,5,21,0,0
301101,3,39,32,7,21,0,0
301201,4,38,31,7,22,0,0
301301,3,35,25,10,25,0,0
301401,3,35,24,11,25,0,0
301501,3,37,28,9,23,0,0
301601,3,36,25,11,24,0,0
301701,3,35,24,11,25,0,0
301801,3,36,26,10,24,0,0
301901,3,38,29,9,22,1,0
302001,3,37,29,8,23,1,0
302101,3,34,27,7,26,0,0
302201,4,37,27,10,23,1,0
302301,3,38,26,12,22,0,0
302401,3,40,25,15,20,0,1
302501,3,40,25,15,20,0,0
302601,3,37,25,12,23,0,0
302701,3,35,21,14,25,0,0
302801,3,32,17,15,28,1,0
302901,3,37,16,21,23,1,0
303001,3,39,17,22,21,1,0
303101,3,30,15,15,30,1,0
303201,3,33,18,15,27,0,0
303301,3,33,19,14,27,0,0
303401,3,36,15,21,24,0,0
303501,3,37,16,21,23,0,0
303601,3,39,17,22,21,0,0
303701,3,36,18,18,24,0,0
303801,3,40,17,23,20,0,0
303901,3,38,20,18,22,0,0
304001,3,36,22,14,24,0,0
304101,3,31,19,12,29,0,0
304201,3,42,25,17,18,0,0
304301,3,39,24,15,21,0,0
304401,3,38,24,14,22,0,0
304501,3,40,23,17,20,0,1
304601,3,40,24,16,20,1,0
304701,3,38,27,11,22,1,0
304801,4,39,29,10,21,0,0
304901,3,33,23,10,27,0,0
305001,4,35,25,10,25,0,0
305101,3,40,28,12,20,0,0
305201,3,41,28,13,19,1,0
305301,3,35,21,14,25,0,0
305401,3,29,19,10,31,0,0
305501,3,38,20,18,22,0,0
305601,3,39,20,19,21,0,1
305701,3,43,19,24,17,1,0
305801,3,36,13,23,24,0,0
305901,3,41,13,28,19,0,0
306001,4,40,9,31,20,0,0
306101,3,43,9,34,17,0,0
306201,3,42,9,33,18,0,0
306301,3,39,7,32,21,0,0
306401,4,42,7,35,18,0,0
306501,4,39,8,31,21,0,0
306601,3,36,11,25,24,0,1
306701,3,40,15,25,20,0,0
306801,3,42,19,23,18,0,0
306901,4,39,20,19,21,0,0
307001,5,40,22,18,20,0,0
307101,3,44,29,15,16,0,0
307201,3,43,26,17,17,0,0
307301,3,40,30,10,20,0,1
307401,3,40,30,10,20,0,0
307501,3,36,27,9,24,0,0
307601,3,34,24,10,26,0,0
307701,3,37,24,13,23,0,0
307801,3,37,21,16,23,0,0
307901,4,39,22,17,21,0,0
308001,3,38,23,15,22,0,0
308101,3,39,26,13,21,0,0
308201,3,33,22,11,27,0,0
308301,4,34,25,9,26,1,0
308401,3,33,22,11,27,0,0
308501,3,35,20,15,25,0,0
308601,4,33,14,19,27,0,1
308701,3,30,17,13,30,0,0
308801,3,36,13,23,24,1,0
308901,3,40,12,28,20,0,0
309001,3,37,10,27,23,0,1
309101,3,37,10,27,23,0,0
309201,3,40,14,26,20,0,0
309301,4,35,13,22,25,0,0
309401,4,34,12,22,26,0,0
309501,4,40,9,31,20,0,0
309601,3,37,9,28,23,0,0
309701,4,35,11,24,25,0,1
309801,3,35,9,26,25,0,0
309901,3,36,8,28,24,0,0
310001,4,35,8,27,25,0,0
310101,3,43,13,30,17,0,0
310201,4,37,12,25,23,0,0
310301,3,35,10,25,25,0,0
310401,3,39,13,26,21,0,1
310501,3,43,15,28,17,0,0
310601,4,37,16,21,23,0,0
310701,3,33,17,16,27,0,1
310801,3,31,17,14,29,0,0
310901,3,29,17,12,31,0,0
311001,4,28,20,8,32,0,0
311101,3,36,25,11,24,0,1
311201,3,29,18,11,31,0,0
311301,4,27,18,9,33,0,1
311401,4,26,14,12,34,0,0
311501,3,29,15,14,31,0,0
311601,3,38,20,18,22,0,0
311701,3,38,15,23,22,1,0
311801,3,35,13,22,25,0,0
311901,3,40,14,26,20,1,0
312001,3,37,19,18,23,0,0
312101,3,39,23,16,21,0,0
312201,5,36,18,18,24,0,0
312301,3,38,17,21,22,0,1
312401,3,37,15,22,23,0,0
312501,3,37,17,20,23,0,1
312601,3,38,15,23,22,0,0
312701,3,37,16,21,23,0,0
312801,3,37,14,23,23,0,0
312901,3,40,12,28,20,0,0
313001,3,37,16,21,23,0,0
313101,3,36,16,20,24,0,0
313201,3,32,16,16,28,0,0
313301,3,40,21,19,20,0,0
313401,3,37,20,17,23,0,0
313501,3,34,18,16,26,0,0
313601,3,38,22,16,22,0,1
313701,3,38,21,17,22,1,0
313801,3,39,23,16,21,0,0
313901,3,40,25,15,20,0,0
314001,3,43,27,16,17,1,0
314101,3,42,28,14,18,0,0
314201,3,38,25,13,22,0,1
314301,3,41,27,14,19,0,1
314401,3,37,27,10,23,0,1
314501,3,46,31,15,14,0,0
314601,3,42,23,19,18,0,0
314701,3,37,21,16,23,0,0
314801,4,35,23,12,25,0,1
314901,3,27,19,8,33,0,0
315001,3,30,19,11,30,0,0
315101,3,37,22,15,23,1,0
315201,3,40,23,17,20,0,0
315301,4,37,23,14,23,0,0
315401,3,34,21,13,26,0,0
315501,3,32,24,8,28,0,0
315601,3,34,27,7,26,0,0
315701,3,41,31,10,19,0,0
315801,3,35,27,8,25,0,0
315901,3,35,23,12,25,0,0
316001,3,37,26,11,23,0,0
316101,3,37,25,12,23,0,1
316201,3,39,28,11,21,0,0
316301,4,43,33,10,17,0,0
316401,3,43,31,12,17,0,0
316501,4,39,27,12,21,0,0
316601,3,31,17,14,29,0,0
316701,3,38,22,16,22,0,0
316801,3,40,15,25,20,0,0
316901,3,38,16,22,22,0,1
317001,3,43,19,24,17,0,0
317101,3,35,16,19,25,0,0
317201,3,42,22,20,18,0,0
317301,4,42,22,20,18,0,1
317401,3,40,21,19,20,0,0
317501,4,39,19,20,21,0,0
317601,3,42,23,19,18,0,0
317701,3,41,27,14,19,0,0
317801,3,44,25,19,16,0,0
317901,3,32,20,12,28,0,0
318001,4,36,26,10,24,0,0
318101,3,39,27,12,21,0,0
318201,4,33,25,8,27,0,0
318301,4,34,23,11,26,0,0
318401,3,34,25,9,26,1,0
318501,3,40,29,11,20,0,0
318601,3,36,28,8,24,0,0
318701,3,38,30,8,22,0,0
318801,3,35,27,8,25,1,0
318901,3,35,30,5,25,1,0
319001,3,40,31,9,20,1,0
319101,3,39,30,9,21,0,0
319201,3,38,33,5,22,0,0
319301,3,41,36,5,19,0,0
319401,4,39,32,7,21,0,0
319501,3,37,30,7,23,0,0
319601,3,37,30,7,23,0,0
319701,5,38,30,8,22,0,0
319801,4,40,32,8,20,0,0
319901,3,36,31,5,24,0,0
320001,3,36,31,5,24,0,0
320101,3,40,32,8,20,0,0
320201,3,39,36,3,21,0,0
320301,3,40,35,5,20,0,0
320401,3,41,32,9,19,0,0
320501,3,42,35,7,18,0,0
320601,3,36,33,3,24,0,0
320701,3,36,32,4,24,0,0
320801,3,43,36,7,17,0,0
320901,3,44,36,8,16,0,0
321001,4,43,35,8,17,0,0
321101,3,40,35,5,20,0,0
321201,3,43,35,8,17,0,0
321301,3,38,32,6,22,0,0
321401,3,38,32,6,22,0,1
321501,3,39,31,8,21,0,0
321601,3,41,29,12,19,0,0
321701,3,35,20,15,25,0,0
321801,3,38,20,18,22,0,0
321901,3,37,19,18,23,1,0
322001,4,42,21,21,18,0,0
322101,3,44,24,20,16,0,0
322201,3,35,19,16,25,0,0
322301,3,37,16,21,23,0,0
322401,3,40,20,20,20,0,0
322501,3,37,14,23,23,1,0
322601,3,42,15,27,18,0,0
322701,3,40,14,26,20,0,1
322801,3,31,13,18,29,0,1
322901,4,35,21,14,25,0,0
323001,3,39,27,12,21,0,0
323101,3,40,26,14,20,0,0
323201,3,42,25,17,18,0,1
323301,3,42,24,18,18,0,0
323401,3,38,22,16,22,1,0
323501,3,37,19,18,23,0,0
323601,3,36,21,15,24,0,0
323701,4,33,18,15,27,0,0
323801,3,39,20,19,21,0,0
323901,3,38,23,15,22,0,1
324001,3,40,25,15,20,0,0
324101,3,38,23,15,22,1,0
324201,3,36,25,11,24,0,0
324301,4,31,24,7,29,0,0
324401,3,36,27,9,24,0,0
324501,4,36,26,10,24,0,0
324601,3,39,28,11,21,0,0
324701,3,40,27,13,20,0,0
324801,3,36,25,11,24,0,0
324901,3,36,21,15,24,0,1
325001,3,44,27,17,16,0,0
325101,3,39,28,11,21,0,0
325201,3,39,28,11,21,0,0
325301,3,44,28,16,16,0,0
325401,3,39,25,14,21,0,0
325501,3,37,22,15,23,0,0
325601,3,33,21,12,27,0,0
325701,3,33,21,12,27,0,0
325801,3,38,21,17,22,0,0
325901,3,39,18,21,21,0,0
326001,3,39,17,22,21,0,0
326101,3,38,17,21,22,1,0
326201,3,36,16,20,24,0,0
326301,3,41,18,23,19,0,0
326401,3,45,23,22,15,0,0
326501,3,39,23,16,21,0,1
326601,3,40,25,15,20,0,1
326701,3,35,26,9,25,1,0
326801,3,32,24,8,28,1,0
326901,3,34,22,12,26,0,0
327001,3,33,23,10,27,0,1
327101,3,34,22,12,26,0,0
327201,3,35,22,13,25,0,1
327301,3,28,18,10,32,1,0
327401,3,32,22,10,28,0,0
327501,3,34,27,7,26,0,0
327601,3,37,28,9,23,0,1
327701,3,43,28,15,17,0,1
327801,4,40,25,15,20,0,1
327901,3,38,20,18,22,1,0
328001,5,39,21,18,21,0,0
328101,3,37,21,16,23,1,0
328201,4,39,25,14,21,0,1
328301,3,41,25,16,19,0,0
328401,3,39,24,15,21,0,0
328501,3,46,27,19,14,0,0
328601,3,39,24,15,21,1,0
328701,4,36,19,17,24,0,1
328801,3,39,26,13,21,0,0
328901,3,37,25,12,23,0,0
329001,3,39,25,14,21,1,0
329101,3,35,19,16,25,0,0
329201,3,42,23,19,18,0,0
329301,5,46,25,21,14,1,0
329401,3,36,22,14,24,0,0
329501,3,33,20,13,27,0,0
329601,4,36,22,14,24,1,0
329701,3,35,21,14,25,0,0
329801,3,33,22,11,27,0,0
329901,3,39,28,11,21,0,0
330001,3,41,31,10,19,0,0
330101,3,37,29,8,23,0,0
330201,3,41,33,8,19,0,0
330301,3,44,36,8,16,0,1
330401,3,40,33,7,20,0,0
330501,3,38,30,8,22,1,0
330601,3,39,33,6,21,1,0
330701,3,40,30,10,20,0,0
330801,3,40,31,9,20,0,0
330901,3,38,29,9,22,0,1
331001,3,41,31,10,19,1,0
331101,3,43,31,12,17,0,0
331201,3,38,24,14,22,0,0
331301,5,42,27,15,18,0,0
331401,3,44,29,15,16,0,0
331501,3,44,27,17,16,0,0
331601,3,43,26,17,17,0,0
331701,4,39,24,15,21,0,1
331801,4,41,21,20,19,0,1
331901,3,37,19,18,23,0,0
332001,3,38,16,22,22,0,0
332101,3,42,18,24,18,1,0
332201,3,41,18,23,19,0,0
332301,3,42,15,27,18,0,0
332401,4,43,18,25,17,1,0
332501,3,39,15,24,21,0,0
332601,3,31,17,14,29,0,0
332701,3,40,24,16,20,0,0
332801,3,43,28,15,17,0,0
332901,4,35,28,7,25,0,0
333001,4,36,27,9,24,0,0
333101,3,33,24,9,27,0,0
333201,3,41,29,12,19,1,0
333301,3,42,26,16,18,1,0
333401,3,41,26,15,19,0,0
333501,4,42,29,13,18,0,0
333601,3,40,26,14,20,0,0
333701,3,36,23,13,24,0,0
333801,3,29,21,8,31,0,0
333901,3,31,24,7,29,0,0
334001,3,39,30,9,21,0,0
334101,3,38,26,12,22,0,0
334201,4,32,24,8,28,0,0
334301,4,41,28,13,19,0,0
334401,3,36,25,11,24,0,0
334501,4,38,24,14,22,0,0
334601,4,30,18,12,30,0,0
334701,3,31,20,11,29,0,0
334801,3,33,24,9,27,0,0
334901,3,41,26,15,19,0,0
335001,3,33,22,11,27,0,0
335101,3,36,27,9,24,1,0
335201,3,36,27,9,24,0,0
335301,3,36,28,8,24,1,0
335401,3,36,23,13,24,0,1
335501,3,42,27,15,18,0,0
335601,3,34,19,15,26,0,1
335701,3,33,19,14,27,0,1
335801,3,34,18,16,26,0,0
335901,4,32,19,13,28,0,1
336001,3,39,21,18,21,0,0
336101,3,36,20,16,24,0,0
336201,3,36,17,19,24,0,0
336301,3,34,12,22,26,0,1
336401,3,39,14,25,21,0,0
336501,3,37,10,27,23,0,1
336601,4,41,12,29,19,0,0
336701,3,39,12,27,21,0,0
336801,3,35,19,16,25,0,1
336901,3,33,22,11,27,1,0
337001,3,36,26,10,24,0,0
337101,3,31,26,5,29,0,0
337201,4,32,23,9,28,0,0
337301,4,37,24,13,23,0,0
337401,3,32,21,11,28,0,0
337501,3,29,18,11,31,0,0
337601,3,37,20,17,23,0,0
337701,3,42,21,21,18,0,1
337801,3,37,21,16,23,0,0
337901,3,37,25,12,23,0,0
338001,4,40,28,12,20,0,0
338101,3,38,27,11,22,0,0
338201,3,37,27,10,23,0,0
338301,4,37,29,8,23,0,0
338401,3,39,32,7,21,0,0
338501,3,38,30,8,22,0,1
338601,3,35,26,9,25,0,0
338701,3,39,25,14,21,0,0
338801,3,39,26,13,21,0,1
338901,3,44,28,16,16,0,0
339001,4,43,32,11,17,0,0
339101,3,45,30,15,15,0,0
339201,4,42,28,14,18,0,1
339301,4,45,32,13,15,0,1
339401,3,45,31,14,15,1,0
339501,3,40,23,17,20,0,0
339601,3,38,20,18,22,0,0
339701,3,36,23,13,24,0,0
339801,3,31,19,12,29,0,1
339901,3,39,23,16,21,0,0
340001,3,41,28,13,19,0,0
340101,3,39,28,11,21,0,0
340201,3,39,28,11,21,0,0
340301,3,38,28,10,22,0,1
340401,3,39,29,10,21,0,0
340501,3,32,23,9,28,0,1
340601,4,34,21,13,26,0,0
340701,3,33,18,15,27,0,0
340801,3,36,24,12,24,1,0
340901,3,35,25,10,25,0,0
341001,3,39,30,9,21,0,0
341101,3,42,34,8,18,1,0
341201,3,46,34,12,14,0,0
341301,3,40,29,11,20,0,0
341401,3,39,30,9,21,0,0
341501,3,38,27,11,22,1,0
341601,3,40,27,13,20,1,0
341701,3,42,25,17,18,0,1
341801,3,36,22,14,24,0,0
341901,4,32,24,8,28,0,0
342001,3,39,27,12,21,0,0
342101,3,38,22,16,22,0,0
342201,3,35,21,14,25,0,1
342301,3,36,22,14,24,0,0
342401,3,40,25,15,20,0,0
342501,3,36,26,10,24,0,0
342601,3,41,27,14,19,0,0
342701,3,38,24,14,22,0,0
342801,3,40,24,16,20,0,0
342901,3,44,24,20,16,0,0
343001,3,36,21,15,24,0,0
343101,3,30,19,11,30,1,0
343201,3,29,18,11,31,1,0
343301,3,35,18,17,25,0,0
343401,4,36,19,17,24,0,0
343501,3,41,27,14,19,0,0
343601,3,43,32,11,17,0,1
343701,3,37,30,7,23,0,0
343801,3,36,27,9,24,0,0
343901,4,33,25,8,27,0,0
344001,3,34,25,9,26,0,0
344101,3,36,25,11,24,0,0
344201,3,38,24,14,22,0,0
344301,3,41,25,16,19,0,0
344401,5,42,28,14,18,0,0
344501,3,36,23,13,24,0,1
344601,4,35,21,14,25,0,0
344701,3,32,20,12,28,0,0
344801,3,34,21,13,26,0,0
344901,3,31,18,13,29,0,0
345001,3,32,17,15,28,0,0
345101,3,30,17,13,30,0,0
345201,3,34,20,14,26,0,0
345301,3,38,21,17,22,0,1
345401,3,38,21,17,22,1,0
345501,4,36,20,16,24,0,0
345601,4,41,23,18,19,0,0
345701,3,39,17,22,21,0,0
345801,3,39,14,25,21,0,0
345901,4,42,18,24,18,0,0
346001,3,41,16,25,19,0,0
346101,3,35,19,16,25,1,0
346201,3,37,23,14,23,0,0
346301,3,36,20,16,24,0,0
346401,4,36,27,9,24,0,0
346501,4,39,30,9,21,0,0
346601,3,36,30,6,24,0,0
346701,4,40,32,8,20,0,0
346801,3,38,27,11,22,0,0
346901,3,34,24,10,26,0,0
347001,3,36,23,13,24,0,0
347101,3,38,24,14,22,0,0
347201,4,33,23,10,27,1,0
347301,4,36,24,12,24,0,0
347401,3,37,21,16,23,0,0
347501,3,43,21,22,17,0,0
347601,4,38,17,21,22,0,0
347701,3,38,16,22,22,0,0
347801,3,40,21,19,20,0,0
347901,3,37,20,17,23,0,0
348001,3,44,19,25,16,0,0
348101,3,38,15,23,22,0,1
348201,4,39,18,21,21,0,0
348301,3,33,16,17,27,0,0
348401,3,37,20,17,23,1,0
348501,3,37,23,14,23,0,1
348601,4,31,23,8,29,0,0
348701,3,35,20,15,25,0,1
348801,3,35,23,12,25,0,0
348901,4,41,26,15,19,1,0
349001,3,39,25,14,21,0,0
349101,3,41,26,15,19,0,0
349201,4,37,27,10,23,0,0
349301,3,36,25,11,24,0,0
349401,4,35,26,9,25,0,0
349501,3,34,26,8,26,1,0
349601,4,43,28,15,17,0,0
349701,4,40,27,13,20,0,0
349801,3,37,21,16,23,0,0
349901,4,36,20,16,24,0,1
350001,3,29,18,11,31,0,0
350101,3,28,14,14,32,0,0
350201,4,34,18,16,26,0,0
350301,4,40,21,19,20,0,0
350401,3,40,19,21,20,0,0
350501,3,40,20,20,20,0,0
350601,3,40,19,21,20,0,1
350701,3,35,16,19,25,0,0
350801,3,33,14,19,27,0,0
350901,3,30,14,16,30,0,0
351001,3,35,18,17,25,0,0
351101,3,40,19,21,20,0,0
351201,3,42,19,23,18,0,1
351301,3,41,21,20,19,0,0
351401,3,33,19,14,27,1,0
351501,3,33,21,12,27,0,1
351601,3,35,25,10,25,0,0
351701,3,37,24,13,23,0,1
351801,3,41,30,11,19,0,0
351901,3,39,30,9,21,0,0
352001,3,39,32,7,21,0,0
352101,3,40,35,5,20,0,0
352201,4,41,34,7,19,0,1
352301,4,37,31,6,23,0,0
352401,3,39,31,8,21,0,0
352501,3,34,27,7,26,0,0
352601,3,34,28,6,26,0,0
352701,3,40,32,8,20,0,0
352801,3,42,31,11,18,0,0
352901,5,39,29,10,21,0,0
353001,4,42,30,12,18,1,0
353101,3,40,28,12,20,0,0
353201,3,40,27,13,20,0,0
353301,3,36,24,12,24,0,0
353401,3,35,24,11,25,0,0
353501,3,36,21,15,24,0,0
353601,3,36,23,13,24,0,0
353701,3,37,25,12,23,0,0
353801,3,40,29,11,20,0,0
353901,3,43,31,12,17,0,0
354001,3,39,28,11,21,0,0
354101,3,40,28,12,20,1,0
354201,3,37,27,10,23,0,0
354301,3,34,24,10,26,0,0
354401,4,40,23,17,20,0,0
354501,3,38,22,16,22,0,0
354601,3,36,17,19,24,0,0
354701,4,41,18,23,19,0,0
354801,3,35,18,17,25,0,0
354901,4,36,15,21,24,0,1
355001,3,39,21,18,21,0,1
355101,3,41,20,21,19,0,0
355201,3,37,18,19,23,0,1
355301,3,35,18,17,25,0,0
355401,3,39,20,19,21,0,0
355501,3,42,21,21,18,0,0
355601,3,40,18,22,20,0,0
355701,3,36,16,20,24,0,0
355801,3,35,20,15,25,0,1
355901,3,37,19,18,23,0,0
356001,3,35,22,13,25,0,0
356101,3,39,30,9,21,0,0
356201,3,35,24,11,25,0,0
356301,3,38,30,8,22,0,0
356401,3,37,27,10,23,0,0
356501,3,40,28,12,20,0,0
356601,3,41,30,11,19,0,0
356701,3,36,27,9,24,0,0
356801,4,37,26,11,23,0,1
356901,3,38,25,13,22,0,0
357001,3,41,25,16,19,0,0
357101,3,36,25,11,24,0,1
357201,3,37,24,13,23,0,0
357301,4,37,22,15,23,0,0
357401,3,36,21,15,24,0,0
357501,3,44,27,17,16,0,1
357601,3,38,22,16,22,0,0
357701,3,37,20,17,23,0,0
357801,3,33,18,15,27,0,0
357901,3,36,17,19,24,0,0
358001,3,35,12,23,25,0,0
358101,4,40,15,25,20,0,0
358201,3,40,16,24,20,1,0
358301,3,35,14,21,25,0,0
358401,3,42,16,26,18,0,0
358501,3,39,17,22,21,0,0
358601,3,39,18,21,21,0,0
358701,3,39,17,22,21,0,0
358801,3,33,19,14,27,0,0
358901,3,34,17,17,26,0,0
359001,3,36,16,20,24,1,0
359101,3,38,18,20,22,0,1
359201,3,26,11,15,34,0,1
359301,3,30,13,17,30,0,0
359401,3,36,17,19,24,0,1
359501,3,37,15,22,23,0,0
359601,3,34,15,19,26,0,0
359701,3,36,15,21,24,1,0
359801,3,34,16,18,26,1,0
359901,3,37,16,21,23,0,0
360001,4,38,17,21,22,0,0
360101,3,28,10,18,32,0,0
360201,3,32,14,18,28,0,0
360301,3,34,15,19,26,0,0
360401,3,34,17,17,26,1,0
360501,4,32,14,18,28,0,1
360601,3,35,21,14,25,0,0
360701,3,33,17,16,27,1,0
360801,3,34,19,15,26,1,0
360901,4,40,25,15,20,0,0
361001,4,37,24,13,23,0,0
361101,3,35,21,14,25,0,0
361201,3,43,24,19,17,0,0
361301,3,39,23,16,21,0,0
361401,3,42,23,19,18,0,0
361501,3,37,18,19,23,0,0
361601,3,33,15,18,27,1,0
361701,3,34,18,16,26,0,0
361801,3,34,19,15,26,0,0
361901,3,34,22,12,26,0,1
362001,3,40,28,12,20,0,0
362101,3,38,29,9,22,0,0
362201,3,36,27,9,24,0,0
362301,3,37,28,9,23,0,0
362401,3,42,29,13,18,0,0
362501,3,41,24,17,19,0,0
362601,3,39,24,15,21,0,0
362701,3,39,27,12,21,0,0
362801,3,40,28,12,20,0,0
362901,3,42,26,16,18,0,0
363001,3,42,26,16,18,0,0
363101,3,38,25,13,22,0,0
363201,3,36,23,13,24,0,0
363301,3,40,27,13,20,0,1
363401,3,34,23,11,26,1,0
363501,3,37,25,12,23,0,0
363601,3,36,24,12,24,0,0
363701,5,41,25,16,19,0,0
363801,3,38,20,18,22,0,1
363901,3,37,22,15,23,0,0
364001,3,37,21,16,23,0,0
364101,3,35,21,14,25,0,0
364201,3,30,19,11,30,1,0
364301,3,31,25,6,29,1,0
364401,3,31,28,3,29,1,0
364501,4,35,28,7,25,0,0
364601,4,37,29,8,23,1,0
364701,3,37,27,10,23,0,0
364801,3,45,30,15,15,1,0
364901,3,38,25,13,22,0,0
365001,3,40,23,17,20,0,0
365101,3,40,25,15,20,0,0
365201,3,38,18,20,22,0,1
365301,3,36,14,22,24,0,0
365401,3,33,10,23,27,0,0
365501,3,35,11,24,25,0,0
365601,3,31,14,17,29,1,0
365701,3,34,17,17,26,0,0
365801,3,38,18,20,22,0,0
365901,4,40,22,18,20,0,0
366001,3,41,20,21,19,0,0
366101,3,34,15,19,26,0,0
366201,3,36,18,18,24,1,0
366301,3,34,18,16,26,0,0
366401,3,33,18,15,27,0,0
366501,3,36,24,12,24,0,0
366601,3,39,25,14,21,1,0
366701,3,36,25,11,24,0,1
366801,3,36,27,9,24,0,0
366901,4,44,29,15,16,0,0
367001,3,39,26,13,21,0,0
367101,3,35,26,9,25,0,0
367201,3,38,25,13,22,1,0
367301,3,42,27,15,18,0,0
367401,4,33,21,12,27,0,1
367501,3,36,25,11,24,0,1
367601,4,37,27,10,23,1,0
367701,3,35,28,7,25,0,1
367801,3,36,28,8,24,0,0
367901,5,35,23,12,25,0,0
368001,3,34,21,13,26,0,1
368101,5,38,22,16,22,0,0
368201,3,36,23,13,24,0,0
368301,3,34,23,11,26,1,0
368401,3,32,18,14,28,1,0
368501,4,35,19,16,25,0,0
368601,3,39,23,16,21,0,0
368701,3,36,21,15,24,0,0
368801,3,33,20,13,27,0,0
368901,3,35,23,12,25,0,0
369001,4,35,21,14,25,0,0
369101,3,32,22,10,28,0,0
369201,3,36,26,10,24,0,0
369301,4,37,25,12,23,0,0
369401,4,40,24,16,20,1,0
369501,3,38,28,10,22,0,0
369601,3,44,32,12,16,0,0
369701,4,45,32,13,15,0,0
369801,3,40,29,11,20,0,0
369901,4,38,30,8,22,0,0
370001,3,36,31,5,24,1,0
370101,3,34,27,7,26,0,0
370201,3,33,22,11,27,1,0
370301,3,39,23,16,21,0,0
370401,3,31,18,13,29,0,0
370501,3,30,17,13,30,1,0
370601,3,33,15,18,27,0,0
370701,4,36,17,19,24,0,0
370801,3,32,15,17,28,0,0
370901,3,36,16,20,24,1,0
371001,3,39,16,23,21,0,0
371101,3,33,11,22,27,0,0
371201,3,31,12,19,29,0,0
371301,3,31,15,16,29,0,0
371401,3,35,16,19,25,0,0
371501,3,39,19,20,21,0,0
371601,3,43,22,21,17,0,0
371701,3,41,19,22,19,0,0
371801,4,42,25,17,18,0,1
371901,3,39,22,17,21,0,0
372001,5,36,19,17,24,0,0
372101,3,35,19,16,25,0,0
372201,3,35,20,15,25,0,0
372301,3,36,22,14,24,0,0
372401,3,38,24,14,22,0,1
372501,4,38,21,17,22,1,0
372601,4,35,19,16,25,1,0
372701,3,32,21,11,28,1,0
372801,4,36,20,16,24,0,0
372901,3,46,25,21,14,0,1
373001,3,44,26,18,16,0,0
373101,3,41,23,18,19,0,0
373201,3,32,20,12,28,1,0
373301,3,39,25,14,21,0,1
373401,3,33,21,12,27,0,0
373501,3,34,21,13,26,0,0
373601,3,29,20,9,31,0,1
373701,3,34,23,11,26,0,0
373801,3,38,27,11,22,0,0
373901,3,35,26,9,25,0,0
374001,3,28,22,6,32,0,0
374101,3,29,23,6,31,0,0
374201,3,33,26,7,27,0,0
374301,3,34,25,9,26,0,0
374401,3,34,23,11,26,0,0
374501,3,36,24,12,24,0,0
374601,3,37,25,12,23,0,0
374701,4,37,28,9,23,1,0
374801,3,34,26,8,26,0,0
374901,4,35,26,9,25,0,0
375001,3,40,28,12,20,0,0
375101,4,39,26,13,21,0,1
375201,3,40,29,11,20,0,0
375301,3,35,28,7,25,0,1
375401,4,40,29,11,20,0,0
375501,3,39,24,15,21,0,0
375601,3,34,21,13,26,0,0
375701,3,29,18,11,31,0,0
375801,3,34,25,9,26,0,0
375901,3,31,24,7,29,0,0
376001,3,31,24,7,29,0,0
376101,4,37,25,12,23,0,0
376201,3,43,25,18,17,0,0
376301,3,36,17,19,24,0,0
376401,3,34,14,20,26,0,0
376501,3,41,17,24,19,0,1
376601,3,41,18,23,19,0,0
376701,4,40,17,23,20,0,1
376801,3,39,20,19,21,1,0
376901,4,35,15,20,25,0,0
377001,3,41,21,20,19,0,0
377101,3,41,24,17,19,0,0
377201,3,43,24,19,17,0,0
377301,3,42,25,17,18,0,0
377401,3,36,24,12,24,0,1
377501,3,33,19,14,27,1,0
377601,3,34,25,9,26,1,0
377701,3,33,21,12,27,0,0
377801,3,36,27,9,24,0,0
377901,4,34,25,9,26,0,0
378001,3,37,27,10,23,0,0
378101,3,42,33,9,18,0,0
378201,3,40,34,6,20,0,1
378301,3,42,33,9,18,0,1
378401,4,43,31,12,17,0,0
378501,3,41,29,12,19,0,0
378601,3,39,27,12,21,0,0
378701,3,39,27,12,21,0,0
378801,3,37,27,10,23,0,0
378901,4,42,35,7,18,0,0
379001,3,41,35,6,19,0,0
379101,4,42,36,6,18,0,0
379201,3,38,36,2,22,0,0
379301,3,38,36,2,22,1,0
379401,3,40,34,6,20,0,1
379501,3,44,41,3,16,0,0
379601,3,39,37,2,21,0,0
379701,4,42,38,4,18,0,0
379801,3,49,40,9,11,0,0
379901,3,46,39,7,14,0,0
380001,3,44,38,6,16,0,0
380101,3,42,37,5,18,0,0
380201,3,44,36,8,16,0,0
380301,3,39,34,5,21,0,0
380401,3,38,34,4,22,0,0
380501,3,40,34,6,20,0,0
380601,3,45,35,10,15,0,0
380701,3,47,33,14,13,0,1
380801,3,47,35,12,13,0,1
380901,3,41,29,12,19,0,1
381001,4,46,28,18,14,0,0
381101,3,45,30,15,15,0,0
381201,5,42,27,15,18,0,0
381301,3,38,26,12,22,0,0
381401,3,35,25,10,25,0,0
381501,4,37,31,6,23,0,0
381601,3,35,31,4,25,0,0
381701,3,40,35,5,20,0,0
381801,3,37,33,4,23,0,0
381901,3,38,33,5,22,1,0
382001,3,36,31,5,24,0,0
382101,3,31,26,5,29,0,0
382201,4,31,24,7,29,0,0
382301,3,38,29,9,22,0,0
382401,3,37,29,8,23,0,1
382501,4,41,33,8,19,0,0
382601,4,42,34,8,18,1,0
382701,4,43,33,10,17,0,1
382801,3,44,35,9,16,0,0
382901,3,39,33,6,21,0,0
383001,3,43,36,7,17,0,0
383101,3,40,29,11,20,0,0
383201,3,38,28,10,22,0,0
383301,3,35,25,10,25,0,0
383401,4,34,23,11,26,1,0
383501,3,35,24,11,25,0,0
383601,3,36,24,12,24,0,0
383701,3,33,22,11,27,1,0
383801,3,29,20,9,31,0,1
383901,3,30,23,7,30,0,0
384001,3,33,27,6,27,1,0
384101,4,37,28,9,23,0,0
384201,3,37,27,10,23,0,0
384301,3,45,32,13,15,0,0
384401,3,41,24,17,19,0,0
384501,3,35,22,13,25,0,1
384601,4,41,28,13,19,0,0
384701,3,39,25,14,21,0,0
384801,3,35,22,13,25,0,0
384901,3,38,20,18,22,0,0
385001,4,29,20,9,31,0,0
385101,3,33,23,10,27,0,0
385201,3,36,24,12,24,0,0
385301,3,30,17,13,30,0,0
385401,3,33,24,9,27,0,0
385501,4,39,28,11,21,0,0
385601,3,36,27,9,24,1,0
385701,3,38,31,7,22,0,0
385801,3,40,29,11,20,0,0
385901,3,39,28,11,21,0,0
386001,3,36,27,9,24,0,0
386101,3,31,25,6,29,1,0
386201,3,39,33,6,21,0,0
386301,3,35,27,8,25,0,1
386401,3,31,22,9,29,0,0
386501,4,36,26,10,24,0,0
386601,3,37,29,8,23,0,0
386701,3,39,30,9,21,0,0
386801,3,36,26,10,24,0,0
386901,3,33,23,10,27,0,0
387001,3,33,22,11,27,0,1
387101,3,35,20,15,25,0,1
387201,4,37,21,16,23,0,1
387301,4,36,17,19,24,0,0
387401,3,35,15,20,25,0,0
387501,3,43,17,26,17,0,0
387601,3,39,18,21,21,0,0
387701,3,33,14,19,27,0,0
387801,3,33,12,21,27,0,0
387901,3,35,14,21,25,0,0
388001,3,38,15,23,22,0,0
388101,3,41,16,25,19,0,0
388201,3,36,15,21,24,1,0
388301,3,39,17,22,21,0,0
388401,4,42,16,26,18,0,0
388501,3,39,16,23,21,0,0
388601,4,40,16,24,20,0,0
388701,3,37,17,20,23,0,0
388801,3,39,21,18,21,0,0
388901,3,37,18,19,23,0,0
389001,3,34,17,17,26,0,0
389101,4,38,21,17,22,0,0
389201,3,39,23,16,21,0,0
389301,3,36,19,17,24,0,0
389401,3,36,20,16,24,0,0
389501,3,37,17,20,23,0,0
389601,3,34,11,23,26,0,0
389701,3,38,11,27,22,0,0
389801,3,37,10,27,23,0,0
389901,3,39,13,26,21,0,0
390001,3,33,10,23,27,0,0
390101,3,35,13,22,25,0,0
390201,3,39,15,24,21,0,1
390301,3,39,22,17,21,0,0
390401,3,36,23,13,24,0,0
390501,3,33,24,9,27,1,0
390601,3,32,27,5,28,0,0
390701,3,36,26,10,24,1,0
390801,3,35,24,11,25,0,0
390901,5,44,26,18,16,0,1
391001,3,42,30,12,18,1,0
391101,3,38,29,9,22,0,1
391201,3,39,31,8,21,0,0
391301,4,38,30,8,22,0,0
391401,3,40,33,7,20,0,0
391501,3,40,30,10,20,0,1
391601,3,37,28,9,23,0,0
391701,3,41,34,7,19,0,1
391801,3,40,33,7,20,1,0
391901,3,43,34,9,17,0,0
392001,3,40,28,12,20,0,0
392101,3,38,29,9,22,0,0
392201,3,38,27,11,22,0,0
392301,3,37,28,9,23,0,0
392401,3,38,29,9,22,0,0
392501,3,35,29,6,25,0,1
392601,3,37,33,4,23,0,0
392701,4,38,34,4,22,0,0
392801,3,37,31,6,23,0,0
392901,3,39,34,5,21,0,0
393001,3,36,30,6,24,0,0
393101,3,36,27,9,24,0,0
393201,3,35,29,6,25,0,0
393301,3,41,31,10,19,0,0
393401,3,39,35,4,21,0,0
393501,4,41,37,4,19,0,0
393601,3,37,32,5,23,1,0
393701,3,42,34,8,18,0,0
393801,3,41,31,10,19,0,0
393901,3,38,27,11,22,0,0
394001,3,39,28,11,21,0,1
394101,3,34,25,9,26,0,0
394201,3,28,19,9,32,0,0
394301,3,32,23,9,28,0,0
394401,4,28,17,11,32,0,0
394501,3,34,17,17,26,0,0
394601,4,37,17,20,23,0,0
394701,4,40,18,22,20,0,0
394801,3,44,21,23,16,0,0
394901,3,37,15,22,23,0,0
395001,4,28,14,14,32,0,1
395101,4,33,20,13,27,0,0
395201,3,37,25,12,23,0,0
395301,3,33,21,12,27,0,0
395401,4,36,24,12,24,0,0
395501,3,34,24,10,26,0,1
395601,3,38,28,10,22,1,0
395701,3,37,25,12,23,0,1
395801,3,32,22,10,28,0,0
395901,3,32,25,7,28,0,0
396001,3,36,26,10,24,0,0
396101,4,35,25,10,25,0,0
396201,5,31,22,9,29,0,0
396301,5,39,27,12,21,0,0
396401,3,39,25,14,21,0,0
396501,3,41,28,13,19,0,0
396601,3,39,26,13,21,0,0
396701,3,37,21,16,23,0,1
396801,3,43,30,13,17,0,0
396901,3,44,29,15,16,0,0
397001,3,33,25,8,27,0,0
397101,3,33,23,10,27,0,0
397201,3,36,24,12,24,1,0
397301,4,32,23,9,28,0,0
397401,4,37,31,6,23,1,0
397501,3,38,28,10,22,1,0
397601,3,32,23,9,28,0,0
397701,3,33,22,11,27,0,0
397801,3,32,19,13,28,0,0
397901,3,39,27,12,21,0,0
398001,3,40,27,13,20,0,0
398101,3,38,27,11,22,1,0
398201,3,36,26,10,24,0,0
398301,3,42,28,14,18,0,1
398401,3,40,26,14,20,0,0
398501,3,39,26,13,21,1,0
398601,3,41,25,16,19,0,0
398701,3,43,26,17,17,0,0
398801,3,41,29,12,19,0,1
398901,3,31,26,5,29,0,0
399001,3,32,25,7,28,0,0
399101,3,37,29,8,23,0,0
399201,3,35,28,7,25,0,0
399301,3,33,27,6,27,0,1
399401,4,37,30,7,23,0,0
399501,3,34,24,10,26,1,0
399601,3,38,25,13,22,0,0
399701,3,35,22,13,25,0,0
399801,3,39,22,17,21,0,0
399901,4,37,20,17,23,0,1
400001,4,35,21,14,25,0,0
400101,4,36,18,18,24,0,1
400201,3,42,21,21,18,0,1
400301,3,42,19,23,18,0,0
400401,4,42,18,24,18,0,0
400501,3,38,13,25,22,0,0
400601,3,37,13,24,23,0,0
400701,3,40,16,24,20,0,0
400801,3,36,13,23,24,1,0
400901,4,35,15,20,25,0,0
401001,4,37,19,18,23,0,0
401101,3,38,18,20,22,0,0
401201,3,35,16,19,25,0,1
401301,3,34,16,18,26,0,0
401401,3,37,16,21,23,0,0
401501,3,38,14,24,22,0,1
401601,4,45,13,32,15,0,1
401701,4,42,9,33,18,0,0
401801,3,37,11,26,23,0,0
401901,3,39,11,28,21,0,0
402001,3,39,12,27,21,0,0
402101,3,34,12,22,26,0,0
402201,3,32,10,22,28,0,0
402301,3,35,13,22,25,0,0
402401,3,33,13,20,27,1,0
402501,3,41,22,19,19,0,0
402601,3,34,23,11,26,1,0
402701,5,42,31,11,18,0,0
402801,3,43,36,7,17,1,0
402901,4,45,40,5,15,0,0
403001,3,43,38,5,17,0,0
403101,3,48,44,4,12,0,0
403201,3,41,37,4,19,0,0
403301,3,38,35,3,22,0,1
403401,4,38,33,5,22,1,0
403501,3,35,30,5,25,0,1
403601,3,41,30,11,19,0,1
403701,3,41,27,14,19,0,0
403801,3,43,23,20,17,0,0
403901,3,32,17,15,28,1,0
404001,3,36,18,18,24,0,0
404101,3,38,21,17,22,0,0
404201,3,36,21,15,24,0,0
404301,3,36,19,17,24,0,1
404401,3,36,18,18,24,0,1
404501,4,39,17,22,21,0,0
404601,3,37,15,22,23,0,0
404701,3,36,19,17,24,0,1
404801,4,42,22,20,18,0,0
404901,3,36,22,14,24,0,1
405001,4,36,24,12,24,0,0
405101,3,36,20,16,24,0,0
405201,3,35,23,12,25,1,0
405301,3,33,23,10,27,1,0
405401,3,33,23,10,27,0,0
405501,3,40,24,16,20,0,0
405601,3,36,19,17,24,0,0
405701,3,39,20,19,21,0,0
405801,4,32,17,15,28,0,0
405901,3,37,27,10,23,0,0
406001,3,38,29,9,22,0,0
406101,3,35,27,8,25,0,0
406201,3,38,29,9,22,1,0
406301,3,31,25,6,29,0,0
406401,4,39,29,10,21,0,0
406501,3,38,27,11,22,0,0
406601,3,39,23,16,21,0,0
406701,3,35,21,14,25,0,0
406801,3,31,16,15,29,0,0
406901,4,41,18,23,19,0,1
407001,3,38,18,20,22,0,0
407101,3,36,17,19,24,0,0
407201,3,34,16,18,26,0,0
407301,4,31,14,17,29,0,0
407401,4,34,15,19,26,0,0
407501,3,38,13,25,22,1,0
407601,4,37,15,22,23,0,1
407701,4,37,16,21,23,0,0
407801,3,35,16,19,25,0,0
407901,3,32,15,17,28,1,0
408001,4,38,20,18,22,0,0
408101,3,35,20,15,25,0,0
408201,4,37,25,12,23,0,1
408301,3,38,27,11,22,0,1
408401,3,35,25,10,25,0,0
408501,3,32,22,10,28,0,0
408601,3,38,22,16,22,0,0
408701,3,36,21,15,24,0,0
408801,4,37,24,13,23,0,0
408901,3,35,19,16,25,0,1
409001,4,38,20,18,22,0,1
409101,3,34,16,18,26,0,0
409201,3,34,15,19,26,0,0
409301,3,38,19,19,22,0,0
409401,3,38,19,19,22,0,1
409501,3,35,19,16,25,0,0
409601,3,32,16,16,28,0,0
409701,3,39,21,18,21,0,0
409801,3,35,20,15,25,0,0
409901,3,39,23,16,21,1,0
410001,3,41,23,18,19,0,0
410101,3,41,23,18,19,0,0
410201,3,46,29,17,14,0,0
410301,3,43,28,15,17,0,1
410401,3,41,26,15,19,0,0
410501,3,35,25,10,25,0,0
410601,3,32,20,12,28,0,0
410701,4,42,29,13,18,0,0
410801,3,40,29,11,20,1,0
410901,4,39,28,11,21,0,0
411001,3,35,25,10,25,0,1
411101,3,45,30,15,15,0,0
411201,4,40,27,13,20,0,0
411301,3,44,32,12,16,0,0
411401,3,46,34,12,14,0,0
411501,3,41,33,8,19,0,0
411601,4,35,29,6,25,0,0
411701,3,37,30,7,23,0,0
411801,3,36,32,4,24,0,0
411901,3,35,31,4,25,0,0
412001,3,42,36,6,18,0,0
412101,3,38,32,6,22,0,0
412201,3,43,38,5,17,0,0
412301,3,42,37,5,18,0,0
412401,3,38,34,4,22,0,0
412501,3,37,32,5,23,0,0
412601,3,41,37,4,19,0,0
412701,3,41,38,3,19,0,0
412801,4,42,39,3,18,0,1
412901,3,39,36,3,21,0,0
413001,3,44,41,3,16,0,0
413101,4,43,38,5,17,0,0
413201,4,42,37,5,18,1,0
413301,5,40,33,7,20,0,0
413401,3,41,33,8,19,1,0
413501,3,43,35,8,17,0,0
413601,3,42,35,7,18,0,0
413701,3,37,30,7,23,0,0
413801,3,41,36,5,19,0,0
413901,4,46,39,7,14,0,0
414001,3,43,37,6,17,0,0
414101,3,41,36,5,19,1,0
414201,3,32,28,4,28,0,0
414301,3,40,36,4,20,0,0
414401,3,41,37,4,19,0,0
414501,3,40,35,5,20,0,0
414601,3,43,34,9,17,0,0
414701,3,45,33,12,15,0,1
414801,3,44,33,11,16,0,1
414901,3,42,29,13,18,0,0
415001,3,40,26,14,20,0,0
415101,3,33,19,14,27,0,0
415201,3,30,18,12,30,0,0
415301,3,35,20,15,25,0,0
415401,3,43,24,19,17,0,0
415501,3,42,27,15,18,0,1
415601,3,42,30,12,18,0,0
415701,3,32,26,6,28,0,0
415801,3,34,28,6,26,0,0
415901,3,30,23,7,30,0,0
416001,3,30,24,6,30,0,0
416101,3,34,25,9,26,1,0
416201,4,34,25,9,26,0,0
416301,3,38,28,10,22,0,0
416401,3,38,29,9,22,0,0
416501,4,39,29,10,21,1,0
416601,3,36,31,5,24,0,1
416701,4,39,34,5,21,0,0
416801,3,36,33,3,24,0,0
416901,3,32,29,3,28,0,1
417001,4,39,36,3,21,0,0
417101,4,43,37,6,17,0,0
417201,3,40,33,7,20,0,0
417301,3,42,31,11,18,0,0
417401,3,35,26,9,25,0,0
417501,3,38,29,9,22,0,1
417601,3,37,30,7,23,0,0
417701,3,38,33,5,22,0,0
417801,3,39,33,6,21,0,1
417901,4,40,31,9,20,0,0
418001,3,41,32,9,19,0,0
418101,3,41,27,14,19,0,0
418201,3,38,24,14,22,0,0
418301,3,42,23,19,18,0,0
418401,3,43,23,20,17,0,0
418501,3,44,24,20,16,1,0
418601,3,38,22,16,22,0,0
418701,3,30,17,13,30,0,0
418801,3,29,19,10,31,0,0
418901,3,34,24,10,26,0,0
419001,4,37,27,10,23,0,0
419101,4,39,27,12,21,0,0
419201,3,37,21,16,23,0,0
419301,3,40,22,18,20,0,0
419401,3,37,19,18,23,0,0
419501,4,38,18,20,22,0,1
419601,4,36,18,18,24,0,0
419701,3,40,19,21,20,0,0
419801,3,42,24,18,18,0,0
419901,3,39,24,15,21,0,0
420001,4,35,25,10,25,1,0
420101,3,39,26,13,21,0,0
420201,4,36,24,12,24,0,0
420301,4,35,24,11,25,0,1
420401,3,40,23,17,20,0,0
420501,3,43,25,18,17,0,1
420601,3,36,21,15,24,0,0
420701,4,38,23,15,22,0,0
420801,3,37,25,12,23,0,0
420901,4,33,23,10,27,0,0
421001,3,36,23,13,24,0,1
421101,4,35,21,14,25,0,0
421201,5,37,20,17,23,0,0
421301,3,39,22,17,21,0,0
421401,3,38,23,15,22,0,1
421501,3,41,21,20,19,0,1
421601,3,37,18,19,23,0,0
421701,4,35,16,19,25,0,0
421801,4,43,19,24,17,0,0
421901,3,41,18,23,19,0,0
422001,4,38,14,24,22,0,0
422101,3,40,18,22,20,0,0
422201,3,36,14,22,24,0,0
422301,3,32,14,18,28,0,0
422401,3,33,16,17,27,0,0
422501,3,34,16,18,26,1,0
422601,4,38,21,17,22,0,0
422701,3,42,26,16,18,0,0
422801,3,35,23,12,25,0,0
422901,3,36,26,10,24,0,0
423001,3,37,30,7,23,0,0
423101,3,41,34,7,19,0,0
423201,3,40,33,7,20,0,0
423301,3,42,34,8,18,0,0
423401,3,38,29,9,22,0,0
423501,3,40,28,12,20,0,0
423601,3,38,25,13,22,0,1
423701,3,31,19,12,29,0,0
423801,3,32,20,12,28,0,1
423901,3,37,21,16,23,0,0
424001,3,39,16,23,21,0,1
424101,4,41,11,30,19,0,0
424201,3,45,11,34,15,0,0
424301,3,41,11,30,19,0,1
424401,3,34,7,27,26,0,0
424501,3,30,10,20,30,0,1
424601,3,36,12,24,24,0,0
424701,3,39,17,22,21,0,0
424801,3,33,18,15,27,0,0
424901,3,32,18,14,28,0,0
425001,4,31,20,11,29,0,0
425101,3,27,18,9,33,0,0
425201,3,33,21,12,27,0,0
425301,3,37,18,19,23,0,1
425401,3,39,18,21,21,0,0
425501,4,32,18,14,28,0,0
425601,4,42,26,16,18,0,0
425701,3,39,25,14,21,0,0
425801,3,31,25,6,29,1,0
425901,3,33,28,5,27,0,0
426001,4,34,27,7,26,0,0
426101,4,33,29,4,27,0,0
426201,3,37,28,9,23,0,0
426301,3,32,27,5,28,0,0
426401,3,36,26,10,24,0,0
426501,3,40,30,10,20,0,0
426601,3,44,35,9,16,0,1
426701,3,35,26,9,25,0,0
426801,4,39,25,14,21,0,0
426901,3,41,22,19,19,1,0
427001,3,45,26,19,15,0,0
427101,4,42,26,16,18,0,0
427201,3,39,23,16,21,0,0
427301,3,42,27,15,18,0,0
427401,3,45,27,18,15,0,1
427501,3,39,24,15,21,1,0
427601,3,34,22,12,26,0,0
427701,4,38,23,15,22,1,0
427801,4,37,25,12,23,1,0
427901,3,38,27,11,22,0,0
428001,3,41,26,15,19,0,0
428101,3,41,27,14,19,0,0
428201,3,40,27,13,20,0,0
428301,3,36,25,11,24,0,0
428401,4,36,28,8,24,1,0
428501,3,39,30,9,21,0,0
428601,3,36,25,11,24,0,0
428701,3,38,27,11,22,1,0
428801,3,34,25,9,26,0,1
428901,4,34,27,7,26,0,0
429001,3,39,27,12,21,0,0
429101,4,37,23,14,23,1,0
429201,3,40,19,21,20,0,0
429301,3,38,18,20,22,1,0
429401,3,36,15,21,24,0,0
429501,3,40,19,21,20,0,0
429601,3,41,16,25,19,1,0
429701,3,41,13,28,19,0,0
429801,3,42,18,24,18,0,0
429901,3,38,15,23,22,0,0
430001,3,36,14,22,24,0,1
430101,5,34,12,22,26,0,0
430201,3,27,12,15,33,1,0
430301,3,29,17,12,31,0,1
430401,3,33,20,13,27,0,0
430501,3,29,18,11,31,1,0
430601,3,31,20,11,29,0,0
430701,3,34,23,11,26,0,0
430801,3,40,24,16,20,0,0
430901,3,36,23,13,24,1,0
431001,3,38,23,15,22,0,0
431101,3,39,26,13,21,0,0
431201,3,32,21,11,28,0,0
431301,3,33,23,10,27,0,0
431401,4,38,30,8,22,0,0
431501,3,36,28,8,24,0,0
431601,3,40,32,8,20,0,0
431701,4,36,28,8,24,0,0
431801,3,38,28,10,22,0,0
431901,3,34,21,13,26,0,0
432001,3,32,17,15,28,0,0
432101,3,31,18,13,29,0,0
432201,3,34,18,16,26,1,0
432301,3,37,22,15,23,1,0
432401,3,35,21,14,25,0,0
432501,3,35,25,10,25,0,0
432601,3,30,24,6,30,0,0
432701,3,35,29,6,25,0,0
432801,3,36,31,5,24,0,0
432901,3,39,32,7,21,0,0
433001,3,39,34,5,21,0,0
433101,3,39,33,6,21,0,0
433201,3,45,38,7,15,0,0
433301,3,47,39,8,13,1,0
433401,3,39,34,5,21,0,0
433501,3,36,31,5,24,0,0
433601,3,38,34,4,22,0,1
433701,4,37,33,4,23,0,0
433801,4,40,37,3,20,1,0
433901,3,44,40,4,16,0,0
434001,3,45,41,4,15,0,0
434101,3,47,42,5,13,0,0
434201,3,46,40,6,14,1,0
434301,3,38,32,6,22,0,0
434401,3,38,30,8,22,0,0
434501,4,42,37,5,18,0,0
434601,3,46,41,5,14,0,0
434701,3,41,36,5,19,0,0
434801,3,41,37,4,19,0,1
434901,5,44,40,4,16,1,0
435001,3,41,36,5,19,0,0
435101,3,41,32,9,19,1,0
435201,3,41,33,8,19,0,1
435301,3,39,33,6,21,0,0
435401,3,42,34,8,18,1,0
435501,3,42,34,8,18,0,0
435601,3,40,36,4,20,0,1
435701,3,45,39,6,15,0,0
435801,3,43,35,8,17,0,0
435901,3,40,32,8,20,0,0
436001,4,39,32,7,21,0,0
436101,4,42,34,8,18,0,0
436201,3,39,31,8,21,0,0
436301,3,38,29,9,22,0,0
436401,4,39,30,9,21,0,0
436501,3,37,27,10,23,0,0
436601,3,40,31,9,20,0,0
436701,3,33,23,10,27,0,0
436801,3,36,26,10,24,0,0
436901,4,35,27,8,25,0,0
437001,5,38,27,11,22,1,0
437101,3,36,25,11,24,0,0
437201,3,41,29,12,19,0,0
437301,3,32,23,9,28,0,0
437401,3,36,21,15,24,0,0
437501,3,42,23,19,18,0,1
437601,3,38,21,17,22,0,0
437701,3,31,16,15,29,0,0
437801,3,33,20,13,27,0,0
437901,3,35,22,13,25,0,0
438001,4,32,20,12,28,0,0
438101,3,37,22,15,23,0,1
438201,3,35,21,14,25,0,0
438301,3,31,18,13,29,0,0
438401,3,40,20,20,20,0,0
438501,3,38,17,21,22,0,0
438601,3,28,15,13,32,0,0
438701,4,32,16,16,28,0,0
438801,3,33,16,17,27,0,0
438901,3,37,19,18,23,0,0
439001,3,36,18,18,24,0,0
439101,3,40,23,17,20,0,0
439201,3,42,26,16,18,0,0
439301,3,39,22,17,21,0,0
439401,3,39,24,15,21,0,0
439501,4,41,25,16,19,0,0
439601,3,41,29,12,19,0,1
439701,3,38,29,9,22,0,0
439801,3,44,35,9,16,0,0
439901,3,41,31,10,19,0,0
440001,3,45,35,10,15,0,1
440101,3,42,34,8,18,0,0
440201,3,46,37,9,14,0,0
440301,4,45,34,11,15,0,0
440401,3,42,33,9,18,0,0
440501,4,40,33,7,20,0,0
440601,4,42,34,8,18,0,0
440701,3,41,31,10,19,0,0
440801,3,33,25,8,27,0,0
440901,3,40,31,9,20,1,0
441001,3,33,24,9,27,0,0
441101,3,32,20,12,28,0,0
441201,3,36,20,16,24,0,1
441301,4,34,19,15,26,0,1
441401,4,35,19,16,25,0,0
441501,4,39,22,17,21,0,0
441601,3,40,22,18,20,0,0
441701,3,37,23,14,23,1,0
441801,4,40,29,11,20,0,0
441901,4,39,28,11,21,0,0
442001,4,42,27,15,18,0,1
442101,4,37,26,11,23,0,0
442201,3,40,27,13,20,0,0
442301,3,48,33,15,12,0,0
442401,3,38,27,11,22,0,0
442501,3,44,30,14,16,0,0
442601,4,42,26,16,18,0,0
442701,3,45,25,20,15,0,0
442801,3,38,21,17,22,0,0
442901,3,31,19,12,29,0,1
443001,4,32,21,11,28,0,0
443101,3,32,19,13,28,1,0
443201,4,34,21,13,26,1,0
443301,4,29,20,9,31,0,0
443401,4,42,23,19,18,0,0
443501,3,43,24,19,17,0,0
443601,3,42,23,19,18,1,0
443701,4,35,18,17,25,0,0
443801,3,36,19,17,24,0,0
443901,3,29,12,17,31,0,0
444001,3,36,11,25,24,0,0
444101,3,29,11,18,31,0,0
444201,3,33,15,18,27,0,0
444301,3,32,18,14,28,0,0
444401,4,32,19,13,28,0,0
444501,3,35,17,18,25,0,1
444601,3,36,15,21,24,0,0
444701,4,36,16,20,24,0,0
444801,4,32,16,16,28,0,0
444901,3,32,12,20,28,0,0
445001,3,38,15,23,22,0,0
445101,3,35,11,24,25,0,0
445201,3,35,12,23,25,0,0
445301,3,32,11,21,28,0,0
445401,3,31,11,20,29,0,0
445501,3,31,14,17,29,0,0
445601,3,34,15,19,26,0,0
445701,3,32,14,18,28,0,0
445801,3,35,15,20,25,0,0
445901,3,39,17,22,21,0,0
446001,3,41,18,23,19,0,1
446101,3,38,16,22,22,0,0
446201,3,40,16,24,20,0,0
446301,3,44,23,21,16,0,0
446401,3,38,20,18,22,0,0
446501,3,35,20,15,25,0,0
446601,3,43,25,18,17,1,0
446701,3,40,26,14,20,0,0
446801,4,44,31,13,16,0,0
446901,3,39,32,7,21,1,0
447001,3,38,33,5,22,0,0
447101,5,43,36,7,17,0,0
447201,4,41,33,8,19,0,0
447301,5,42,29,13,18,0,1
447401,3,46,34,12,14,0,0
447501,3,40,33,7,20,0,1
447601,3,42,37,5,18,0,0
447701,3,38,33,5,22,0,0
447801,3,34,30,4,26,0,0
447901,3,43,34,9,17,0,0
448001,3,43,31,12,17,0,1
448101,3,36,29,7,24,0,0
448201,3,39,30,9,21,0,0
448301,3,34,26,8,26,0,0
448401,3,36,25,11,24,1,0
448501,3,38,21,17,22,0,0
448601,3,40,19,21,20,1,0
448701,4,41,20,21,19,0,0
448801,3,32,12,20,28,0,1
448901,3,30,10,20,30,0,1
449001,3,37,17,20,23,0,0
449101,3,36,16,20,24,0,0
449201,3,33,12,21,27,0,0
449301,4,37,13,24,23,0,0
449401,4,40,13,27,20,1,0
449501,3,36,12,24,24,0,0
449601,3,40,12,28,20,1,0
449701,3,42,14,28,18,0,0
449801,3,42,17,25,18,0,0
449901,3,38,18,20,22,0,0
450001,3,38,16,22,22,1,0
450101,3,38,15,23,22,0,1
450201,3,34,13,21,26,0,1
450301,3,45,21,24,15,0,1
450401,3,45,23,22,15,0,0
450501,4,34,20,14,26,1,0
450601,4,35,22,13,25,1,0
450701,3,31,23,8,29,0,0
450801,3,33,27,6,27,0,0
450901,3,40,32,8,20,0,0
451001,3,33,24,9,27,0,0
451101,3,35,28,7,25,0,0
451201,3,42,30,12,18,0,0
451301,3,38,24,14,22,0,0
451401,3,37,23,14,23,0,0
451501,3,37,21,16,23,0,1
451601,3,39,18,21,21,1,0
451701,3,40,17,23,20,0,0
451801,3,39,19,20,21,0,0
451901,3,39,18,21,21,0,0
452001,3,34,15,19,26,0,0
452101,3,38,20,18,22,0,0
452201,3,34,24,10,26,1,0
452301,3,34,22,12,26,0,0
452401,4,30,14,16,30,0,0
452501,3,33,14,19,27,0,0
452601,3,43,18,25,17,0,1
452701,4,38,19,19,22,0,0
452801,3,34,19,15,26,0,0
452901,3,38,19,19,22,0,0
453001,4,39,20,19,21,1,0
453101,4,41,22,19,19,0,0
453201,3,37,21,16,23,0,1
453301,3,35,17,18,25,0,1
453401,4,36,18,18,24,0,0
453501,3,40,20,20,20,0,0
453601,3,42,21,21,18,0,0
453701,3,39,19,20,21,1,0
453801,3,39,19,20,21,0,0
453901,3,42,21,21,18,0,0
454001,3,37,24,13,23,0,0
454101,3,32,23,9,28,1,0
454201,5,32,25,7,28,0,0
454301,3,34,29,5,26,0,1
454401,3,36,32,4,24,0,0
454501,3,45,38,7,15,0,0
454601,3,42,36,6,18,0,0
454701,4,41,35,6,19,0,0
454801,3,42,34,8,18,0,0
454901,3,44,35,9,16,0,1
455001,3,35,28,7,25,0,0
455101,3,41,35,6,19,0,0
455201,3,40,33,7,20,1,0
455301,3,37,31,6,23,0,0
455401,3,35,31,4,25,1,0
455501,4,38,31,7,22,0,0
455601,3,37,29,8,23,0,0
455701,3,41,29,12,19,1,0
455801,3,43,32,11,17,0,0
455901,4,39,31,8,21,0,0
456001,3,32,28,4,28,0,0
456101,4,33,28,5,27,0,0
456201,3,28,23,5,32,1,0
456301,3,32,25,7,28,0,0
456401,3,36,27,9,24,0,0
456501,3,39,26,13,21,0,1
456601,4,44,30,14,16,0,0
456701,3,44,32,12,16,0,0
456801,3,42,31,11,18,0,0
456901,3,34,27,7,26,0,0
457001,3,33,24,9,27,0,0
457101,3,35,20,15,25,0,0
457201,3,39,23,16,21,0,0
457301,3,44,24,20,16,0,0
457401,4,38,17,21,22,0,0
457501,3,34,12,22,26,1,0
457601,3,38,18,20,22,1,0
457701,3,38,13,25,22,0,0
457801,3,37,19,18,23,0,0
457901,4,36,15,21,24,0,0
458001,3,41,21,20,19,0,0
458101,4,40,20,20,20,0,0
458201,3,37,18,19,23,0,1
458301,3,35,16,19,25,0,0
458401,3,36,17,19,24,1,0
458501,3,37,13,24,23,0,1
458601,3,39,13,26,21,0,0
458701,3,36,16,20,24,0,0
458801,3,34,15,19,26,1,0
458901,3,37,19,18,23,0,1
459001,3,36,17,19,24,0,1
459101,3,32,16,16,28,0,1
459201,3,30,17,13,30,0,0
459301,4,33,21,12,27,0,0
459401,4,33,24,9,27,1,0
459501,3,38,21,17,22,0,0
459601,3,35,20,15,25,0,0
459701,3,30,19,11,30,0,0
459801,3,30,22,8,30,1,0
459901,3,33,20,13,27,0,0
460001,3,34,21,13,26,0,0
460101,3,37,22,15,23,0,0
460201,3,30,19,11,30,0,0
460301,3,37,20,17,23,0,0
460401,3,41,20,21,19,0,0
460501,3,31,16,15,29,0,1
460601,4,38,25,13,22,1,0
460701,4,38,23,15,22,0,0
460801,3,36,20,16,24,0,0
460901,3,38,26,12,22,0,0
461001,4,34,24,10,26,0,0
461101,3,36,25,11,24,0,0
461201,3,39,30,9,21,0,0
461301,3,42,34,8,18,0,0
461401,3,38,30,8,22,1,0
461501,3,33,28,5,27,0,0
461601,3,36,29,7,24,0,0
461701,3,38,25,13,22,0,0
461801,3,41,27,14,19,0,0
461901,3,41,29,12,19,0,0
462001,3,39,29,10,21,0,0
462101,4,39,31,8,21,0,0
462201,3,37,28,9,23,0,1
462301,3,37,32,5,23,0,0
462401,3,42,35,7,18,0,0
462501,3,42,33,9,18,0,0
462601,3,40,29,11,20,0,0
462701,3,36,25,11,24,1,0
462801,3,41,27,14,19,0,0
462901,3,38,21,17,22,1,0
463001,3,34,20,14,26,0,0
463101,4,33,21,12,27,0,0
463201,3,37,26,11,23,0,0
463301,3,35,20,15,25,0,0
463401,3,39,23,16,21,0,0
463501,3,40,20,20,20,0,0
463601,3,38,22,16,22,0,0
463701,3,31,22,9,29,0,0
463801,3,26,16,10,34,0,0
463901,3,26,14,12,34,0,0
464001,3,38,22,16,22,0,0
464101,5,33,17,16,27,1,0
464201,3,28,16,12,32,0,0
464301,3,34,20,14,26,0,1
464401,4,35,20,15,25,0,0
464501,3,28,12,16,32,0,0
464601,3,29,14,15,31,0,0
464701,3,30,16,14,30,1,0
464801,3,27,13,14,33,0,0
464901,4,40,20,20,20,1,0
465001,4,38,23,15,22,0,0
465101,3,45,26,19,15,0,0
465201,3,41,27,14,19,0,0
465301,5,40,25,15,20,0,0
465401,3,38,20,18,22,1,0
465501,3,38,23,15,22,0,0
465601,3,35,19,16,25,0,0
465701,4,33,18,15,27,0,0
465801,4,36,21,15,24,0,0
465901,3,38,18,20,22,0,1
466001,4,39,19,20,21,0,0
466101,3,37,17,20,23,0,0
466201,4,33,16,17,27,0,0
466301,3,35,12,23,25,0,0
466401,3,37,8,29,23,0,0
466501,3,33,9,24,27,0,0
466601,3,37,9,28,23,0,0
466701,3,42,13,29,18,0,0
466801,3,41,13,28,19,0,0
466901,3,42,14,28,18,0,0
467001,3,44,16,28,16,0,0
467101,4,39,19,20,21,0,0
467201,3,37,22,15,23,0,0
467301,3,36,22,14,24,0,0
467401,3,36,22,14,24,0,0
467501,4,34,19,15,26,0,0
467601,3,37,22,15,23,0,1
467701,4,38,21,17,22,0,0
467801,3,38,21,17,22,0,0
467901,3,39,22,17,21,0,0
468001,3,29,19,10,31,0,0
468101,3,35,22,13,25,0,0
468201,4,30,20,10,30,0,0
468301,5,37,24,13,23,0,0
468401,5,40,28,12,20,0,0
468501,3,39,30,9,21,0,0
468601,3,36,26,10,24,0,1
468701,3,33,24,9,27,0,0
468801,3,33,25,8,27,1,0
468901,3,41,28,13,19,0,1
469001,4,30,24,6,30,0,0
469101,3,35,27,8,25,0,0
469201,3,40,31,9,20,0,1
469301,4,40,33,7,20,0,0
469401,3,39,31,8,21,0,0
469501,4,39,28,11,21,0,0
469601,3,40,27,13,20,0,0
469701,3,41,30,11,19,0,1
469801,3,33,25,8,27,0,0
469901,3,37,27,10,23,0,0
470001,3,38,29,9,22,0,0
470101,3,38,26,12,22,0,0
470201,3,39,27,12,21,1,0
470301,3,42,29,13,18,0,0
470401,3,35,26,9,25,0,0
470501,3,37,25,12,23,1,0
470601,3,36,25,11,24,0,1
470701,3,40,30,10,20,0,0
470801,3,35,30,5,25,0,0
470901,3,37,32,5,23,1,0
471001,3,35,30,5,25,0,1
471101,3,40,33,7,20,0,0
471201,3,41,35,6,19,0,0
471301,3,40,32,8,20,0,0
471401,3,39,32,7,21,0,0
471501,3,43,31,12,17,0,0
471601,4,39,28,11,21,0,0
471701,3,42,30,12,18,0,0
471801,3,43,28,15,17,1,0
471901,3,41,28,13,19,0,0
472001,3,39,24,15,21,0,0
472101,3,36,23,13,24,0,1
472201,3,32,17,15,28,0,1
472301,3,37,24,13,23,0,0
472401,3,36,25,11,24,0,0
472501,3,35,27,8,25,0,0
472601,3,37,29,8,23,1,0
472701,3,38,32,6,22,0,0
472801,3,37,29,8,23,0,0
472901,3,37,33,4,23,0,1
473001,3,36,29,7,24,0,0
473101,3,37,29,8,23,0,0
473201,3,34,27,7,26,0,0
473301,3,42,28,14,18,0,0
473401,3,37,23,14,23,0,0
473501,3,37,21,16,23,0,0
473601,3,42,28,14,18,0,0
473701,3,35,27,8,25,0,0
473801,3,31,24,7,29,0,0
473901,3,36,29,7,24,0,0
474001,3,36,28,8,24,0,0
474101,3,40,25,15,20,0,0
474201,3,36,22,14,24,0,0
474301,3,37,22,15,23,0,0
474401,3,34,23,11,26,0,0
474501,4,40,26,14,20,1,0
474601,3,38,24,14,22,0,0
474701,3,43,26,17,17,0,0
474801,4,43,28,15,17,0,0
474901,5,37,25,12,23,0,0
475001,3,31,19,12,29,0,0
475101,3,39,21,18,21,0,0
475201,3,40,16,24,20,1,0
475301,3,42,20,22,18,0,0
475401,3,37,20,17,23,0,0
475501,3,38,19,19,22,0,0
475601,3,45,27,18,15,0,1
475701,3,39,25,14,21,0,0
475801,4,42,30,12,18,0,0
475901,3,41,29,12,19,0,0
476001,3,41,30,11,19,0,1
476101,3,35,27,8,25,0,0
476201,3,35,28,7,25,0,0
476301,3,38,30,8,22,0,0
476401,3,40,30,10,20,0,0
476501,3,39,27,12,21,0,0
476601,3,38,26,12,22,0,0
476701,3,35,23,12,25,0,0
476801,4,35,23,12,25,0,0
476901,5,39,23,16,21,0,0
477001,4,35,19,16,25,1,0
477101,3,36,19,17,24,0,1
477201,3,36,20,16,24,0,0
477301,3,37,22,15,23,0,0
477401,3,40,25,15,20,0,0
477501,3,44,25,19,16,0,0
477601,3,43,26,17,17,0,1
477701,3,42,27,15,18,0,0
477801,4,41,23,18,19,1,0
477901,3,39,25,14,21,0,1
478001,3,39,29,10,21,0,0
478101,4,34,25,9,26,0,0
478201,3,37,26,11,23,0,0
478301,3,40,32,8,20,0,0
478401,3,46,37,9,14,0,0
478501,3,40,35,5,20,0,0
478601,3,40,32,8,20,0,0
478701,3,42,33,9,18,0,0
478801,3,43,36,7,17,0,0
478901,3,41,36,5,19,0,0
479001,3,43,39,4,17,0,0
479101,3,44,42,2,16,0,1
479201,3,40,39,1,20,0,0
479301,3,43,39,4,17,0,0
479401,3,45,41,4,15,0,0
479501,3,38,35,3,22,0,0
479601,3,43,38,5,17,0,0
479701,3,39,36,3,21,0,0
479801,4,40,38,2,20,0,1
479901,5,36,33,3,24,0,0
480001,3,39,36,3,21,0,0
480101,3,34,29,5,26,0,0
480201,3,37,31,6,23,0,0
480301,3,36,29,7,24,0,0
480401,3,32,28,4,28,0,0
480501,3,41,37,4,19,0,0
480601,3,38,35,3,22,0,0
480701,3,40,36,4,20,0,1
480801,4,37,34,3,23,0,0
480901,3,48,42,6,12,0,1
481001,3,42,36,6,18,1,0
481101,4,39,33,6,21,0,0
481201,4,36,28,8,24,1,0
481301,3,37,26,11,23,0,0
481401,3,42,29,13,18,0,0
481501,3,42,26,16,18,0,0
481601,3,38,18,20,22,0,1
481701,3,37,14,23,23,0,0
481801,3,36,13,23,24,0,0
481901,4,37,15,22,23,1,0
482001,3,38,16,22,22,0,0
482101,3,31,13,18,29,0,0
482201,3,29,12,17,31,0,0
482301,3,27,13,14,33,0,0
482401,3,32,20,12,28,0,0
482501,4,37,24,13,23,0,1
482601,3,34,24,10,26,0,0
482701,3,40,28,12,20,0,0
482801,3,33,23,10,27,0,0
482901,3,41,31,10,19,0,0
483001,3,38,27,11,22,0,0
483101,3,36,26,10,24,0,0
483201,3,29,25,4,31,0,0
483301,3,31,26,5,29,0,0
483401,3,36,30,6,24,0,0
483501,3,39,36,3,21,0,0
483601,3,35,32,3,25,0,0
483701,3,33,30,3,27,0,1
483801,4,33,30,3,27,0,0
483901,3,36,29,7,24,0,0
484001,3,38,28,10,22,0,0
484101,3,37,27,10,23,0,0
484201,3,37,27,10,23,0,0
484301,4,35,29,6,25,0,0
484401,3,36,31,5,24,0,0
484501,3,36,33,3,24,0,0
484601,3,41,35,6,19,0,0
484701,3,42,36,6,18,0,0
484801,3,36,31,5,24,0,0
484901,3,36,27,9,24,0,0
485001,3,39,25,14,21,0,1
485101,3,39,21,18,21,0,0
485201,3,35,18,17,25,0,0
485301,3,39,24,15,21,0,0
485401,3,40,29,11,20,0,0
485501,3,41,30,11,19,0,0
485601,3,40,33,7,20,1,0
485701,4,39,33,6,21,1,0
485801,3,40,37,3,20,0,1
485901,3,39,36,3,21,0,0
486001,3,38,35,3,22,0,1
486101,3,39,34,5,21,0,0
486201,4,37,28,9,23,0,0
486301,3,39,27,12,21,1,0
486401,3,40,26,14,20,0,0
486501,3,40,27,13,20,0,0
486601,4,39,25,14,21,0,0
486701,3,36,26,10,24,0,0
486801,3,40,26,14,20,0,1
486901,3,43,27,16,17,0,0
487001,3,42,28,14,18,0,0
487101,3,44,33,11,16,0,0
487201,3,38,32,6,22,0,1
487301,3,39,33,6,21,0,0
487401,3,33,26,7,27,1,0
487501,3,36,28,8,24,1,0
487601,3,36,24,12,24,0,0
487701,4,32,20,12,28,0,0
487801,3,30,19,11,30,1,0
487901,3,32,23,9,28,0,0
488001,3,35,30,5,25,0,0
488101,4,43,33,10,17,0,0
488201,3,35,25,10,25,0,0
488301,3,31,21,10,29,0,1
488401,3,42,24,18,18,0,0
488501,3,44,29,15,16,0,0
488601,5,36,24,12,24,0,0
488701,4,38,26,12,22,0,0
488801,3,36,29,7,24,0,0
488901,3,38,30,8,22,0,1
489001,4,31,24,7,29,1,0
489101,3,33,24,9,27,1,0
489201,3,34,27,7,26,0,0
489301,3,40,29,11,20,0,0
489401,3,36,23,13,24,0,0
489501,3,42,31,11,18,0,0
489601,3,44,34,10,16,0,0
489701,3,41,30,11,19,0,0
489801,4,41,25,16,19,0,0
489901,3,33,18,15,27,0,0
490001,3,35,17,18,25,0,0
490101,3,33,8,25,27,0,0
490201,3,38,9,29,22,0,0
490301,4,40,9,31,20,0,0
490401,4,43,10,33,17,0,0
490501,3,43,10,33,17,0,0
490601,3,39,9,30,21,0,0
490701,4,37,7,30,23,0,0
490801,3,45,11,34,15,0,1
490901,3,39,13,26,21,0,0
491001,3,34,13,21,26,0,0
491101,3,29,13,16,31,0,0
491201,4,35,17,18,25,0,0
491301,3,36,19,17,24,1,0
491401,3,32,16,16,28,0,0
491501,4,29,17,12,31,0,1
491601,3,33,15,18,27,0,1
491701,4,33,17,16,27,1,0
491801,3,32,18,14,28,0,0
491901,3,38,23,15,22,1,0
492001,3,36,26,10,24,0,1
492101,3,36,25,11,24,0,0
492201,3,38,26,12,22,0,0
492301,3,36,24,12,24,1,0
492401,3,37,27,10,23,0,0
492501,3,41,29,12,19,0,0
492601,3,38,28,10,22,0,0
492701,3,31,21,10,29,0,0
492801,3,34,17,17,26,0,0
492901,3,35,14,21,25,0,0
493001,3,35,16,19,25,0,0
493101,3,30,11,19,30,0,0
493201,3,36,12,24,24,0,0
493301,3,36,13,23,24,0,0
493401,3,33,17,16,27,1,0
493501,3,36,21,15,24,1,0
493601,3,38,22,16,22,0,0
493701,4,38,23,15,22,0,0
493801,3,37,24,13,23,0,0
493901,3,38,25,13,22,0,0
494001,3,39,25,14,21,0,0
494101,4,39,27,12,21,1,0
494201,3,42,29,13,18,0,0
494301,3,36,28,8,24,0,0
494401,3,35,25,10,25,0,0
494501,3,36,22,14,24,0,0
494601,4,31,19,12,29,0,0
494701,3,32,18,14,28,0,0
494801,3,39,23,16,21,0,0
494901,3,35,21,14,25,0,0
495001,3,36,27,9,24,0,0
495101,3,39,31,8,21,0,1
495201,4,39,29,10,21,0,0
495301,3,35,25,10,25,0,0
495401,3,26,20,6,34,0,1
495501,4,29,23,6,31,0,0
495601,4,30,23,7,30,1,0
495701,3,34,24,10,26,0,0
495801,3,30,25,5,30,0,0
495901,3,36,28,8,24,0,0
496001,3,37,29,8,23,0,0
496101,3,31,25,6,29,0,0
496201,3,32,25,7,28,0,0
496301,4,31,28,3,29,0,1
496401,3,34,28,6,26,0,0
496501,4,33,30,3,27,0,0
496601,3,36,31,5,24,0,0
496701,3,36,32,4,24,0,0
496801,3,36,31,5,24,0,0
496901,3,38,32,6,22,1,0
497001,3,40,32,8,20,0,0
497101,4,40,35,5,20,0,0
497201,3,39,34,5,21,0,0
497301,3,40,31,9,20,1,0
497401,3,36,27,9,24,0,0
497501,4,38,29,9,22,0,0
497601,4,35,27,8,25,0,0
497701,4,39,30,9,21,0,0
497801,3,40,28,12,20,0,1
497901,3,43,32,11,17,0,0
498001,3,40,30,10,20,0,0
498101,3,44,30,14,16,0,0
498201,3,42,31,11,18,1,0
498301,4,42,30,12,18,0,0
498401,3,40,32,8,20,0,0
498501,3,36,27,9,24,0,0
498601,3,34,23,11,26,0,0
498701,3,38,22,16,22,0,0
498801,3,32,18,14,28,0,1
498901,3,32,17,15,28,0,0
499001,3,37,20,17,23,0,0
499101,3,38,22,16,22,1,0
499201,3,33,20,13,27,0,0
499301,3,39,27,12,21,0,1
499401,3,37,24,13,23,0,0
499501,3,32,20,12,28,0,0
499601,3,39,23,16,21,0,0
499701,4,39,22,17,21,0,0
499801,5,39,23,16,21,0,0
499901,3,41,27,14,19,0,0
