Time Steps,Polymerase Count,Active Histone Count,Acetylated Histone Count,Methylated Histone Count,Unmodified Histone Count,Noisy Changes Count,Enzyme Changes Count,Chromatine Array
1,1,112,1,111,86,0,0,"['M' 'M' 'U' 'M' 'U' 'U' 'U' 'M' 'M' 'U' 'A' 'U' 'U' 'M' 'M' 'U' 'U' 'M'
 'U' 'U' 'M' 'M' 'U' 'M' 'U' 'M' 'U' 'U' 'M' 'U' 'U' 'U' 'U' 'U' 'M' 'U'
 'U' 'M' 'U' 'M' 'M' 'U' 'U' 'M' 'M' 'U' 'U' 'M' 'M' 'M' 'M' 'U' 'M' 'M'
 'M' 'U' 'U' 'M' 'M' 'M' 'U' 'M' 'U' 'M' 'M' 'M' 'M' 'M' 'M' 'M' 'M' 'M'
 'M' 'U' 'M' 'M' 'M' 'M' 'M' 'M' 'M' 'M' 'M' 'M' 'M' 'M' 'M' 'M' 'M' 'M'
 'M' 'M' 'M' 'M' 'M' 'U' 'U' 'U' 'U' 'M' 'U' 'U' 'M' 'M' 'U' 'M' 'M' 'M'
 'M' 'U' 'M' 'U' 'M' 'U' 'U' 'U' 'M' 'U' 'M' 'U' 'M' 'M' 'U' 'M' 'U' 'U'
 'U' 'U' 'M' 'M' 'M' 'M' 'U' 'M' 'M' 'U' 'M' 'U' 'U' 'U' 'U' 'U' 'U' 'U'
 'M' 'M' 'U' 'U' 'U' 'M' 'U' 'M' 'M' 'M' 'M' 'M' 'U' 'M' 'U' 'U' 'M' 'U'
 'U' 'U' 'U' 'M' 'M' 'U' 'U' 'M' 'U' 'U' 'U' 'M' 'M' 'U' 'U' 'M' 'M' 'M'
 'M' 'M' 'M' 'M' 'U' 'U' 'M' 'U' 'M' 'U' 'M' 'U' 'M' 'U' 'M' 'U' 'M' 'M']"
101,2,146,47,99,52,0,0,"['M' 'M' 'U' 'M' 'U' 'M' 'U' 'M' 'M' 'U' 'A' 'A' 'U' 'A' 'A' 'A' 'A' 'A'
 'A' 'A' 'A' 'A' 'A' 'A' 'A' 'A' 'A' 'A' 'M' 'A' 'A' 'A' 'A' 'A' 'U' 'A'
 'A' 'U' 'A' 'A' 'A' 'A' 'A' 'U' 'M' 'A' 'A' 'U' 'U' 'U' 'A' 'U' 'A' 'U'
 'A' 'A' 'A' 'A' 'A' 'A' 'A' 'A' 'M' 'M' 'M' 'M' 'M' 'M' 'M' 'M' 'M' 'M'
 'M' 'M' 'M' 'M' 'M' 'M' 'M' 'M' 'M' 'M' 'M' 'M' 'M' 'M' 'M' 'M' 'M' 'M'
 'M' 'M' 'M' 'U' 'M' 'A' 'U' 'U' 'M' 'M' 'U' 'U' 'M' 'M' 'M' 'M' 'M' 'U'
 'M' 'U' 'M' 'U' 'M' 'U' 'U' 'M' 'M' 'U' 'M' 'U' 'M' 'M' 'U' 'M' 'U' 'U'
 'U' 'U' 'M' 'M' 'M' 'M' 'M' 'M' 'M' 'U' 'M' 'U' 'U' 'M' 'U' 'U' 'A' 'U'
 'M' 'M' 'A' 'M' 'U' 'M' 'A' 'M' 'M' 'M' 'M' 'M' 'U' 'M' 'M' 'U' 'M' 'U'
 'A' 'M' 'U' 'M' 'M' 'U' 'U' 'M' 'U' 'U' 'M' 'U' 'M' 'U' 'U' 'M' 'M' 'M'
 'M' 'M' 'M' 'M' 'M' 'U' 'M' 'U' 'M' 'A' 'M' 'M' 'M' 'U' 'M' 'U' 'M' 'M']"
201,2,149,60,89,49,0,1,"['M' 'M' 'U' 'M' 'U' 'M' 'U' 'M' 'M' 'U' 'U' 'A' 'U' 'A' 'A' 'U' 'A' 'U'
 'A' 'A' 'U' 'A' 'A' 'U' 'A' 'A' 'A' 'A' 'U' 'U' 'U' 'A' 'A' 'A' 'A' 'A'
 'A' 'A' 'A' 'A' 'A' 'A' 'A' 'A' 'U' 'A' 'U' 'A' 'A' 'A' 'A' 'A' 'A' 'A'
 'A' 'A' 'U' 'A' 'A' 'A' 'A' 'A' 'A' 'A' 'A' 'M' 'M' 'M' 'M' 'M' 'U' 'M'
 'M' 'M' 'M' 'M' 'M' 'M' 'M' 'M' 'M' 'M' 'M' 'M' 'M' 'M' 'M' 'M' 'M' 'M'
 'M' 'M' 'M' 'M' 'M' 'A' 'A' 'A' 'A' 'A' 'A' 'A' 'A' 'U' 'U' 'A' 'U' 'A'
 'M' 'U' 'M' 'U' 'M' 'U' 'U' 'M' 'M' 'U' 'M' 'U' 'M' 'M' 'U' 'M' 'U' 'U'
 'M' 'U' 'M' 'M' 'M' 'M' 'M' 'M' 'M' 'U' 'M' 'U' 'U' 'M' 'U' 'U' 'A' 'U'
 'M' 'U' 'A' 'M' 'A' 'M' 'A' 'M' 'M' 'M' 'M' 'M' 'M' 'M' 'M' 'M' 'M' 'M'
 'A' 'M' 'M' 'M' 'M' 'U' 'M' 'M' 'U' 'U' 'U' 'U' 'M' 'U' 'A' 'M' 'M' 'U'
 'M' 'M' 'M' 'M' 'M' 'U' 'M' 'U' 'M' 'A' 'M' 'U' 'M' 'U' 'M' 'U' 'M' 'M']"
301,2,159,94,65,39,0,0,"['M' 'M' 'U' 'M' 'U' 'M' 'A' 'M' 'U' 'A' 'A' 'A' 'A' 'A' 'U' 'A' 'A' 'A'
 'U' 'A' 'A' 'A' 'A' 'U' 'A' 'A' 'A' 'A' 'A' 'A' 'A' 'A' 'A' 'A' 'A' 'A'
 'A' 'A' 'U' 'A' 'A' 'A' 'A' 'A' 'A' 'A' 'A' 'A' 'A' 'A' 'A' 'A' 'A' 'A'
 'A' 'U' 'A' 'A' 'A' 'A' 'A' 'A' 'A' 'A' 'U' 'M' 'M' 'M' 'M' 'M' 'M' 'M'
 'M' 'M' 'M' 'M' 'M' 'M' 'M' 'M' 'M' 'M' 'M' 'M' 'M' 'U' 'M' 'M' 'M' 'M'
 'M' 'M' 'M' 'M' 'M' 'A' 'A' 'A' 'A' 'U' 'A' 'A' 'A' 'A' 'A' 'U' 'A' 'A'
 'A' 'A' 'A' 'A' 'U' 'A' 'A' 'U' 'A' 'A' 'A' 'A' 'A' 'A' 'A' 'A' 'A' 'A'
 'U' 'A' 'U' 'U' 'U' 'A' 'A' 'A' 'A' 'A' 'A' 'A' 'A' 'U' 'U' 'U' 'A' 'U'
 'M' 'U' 'A' 'M' 'A' 'M' 'A' 'M' 'M' 'M' 'M' 'U' 'M' 'M' 'M' 'M' 'M' 'U'
 'A' 'M' 'M' 'M' 'M' 'U' 'M' 'M' 'U' 'U' 'A' 'U' 'M' 'U' 'A' 'M' 'M' 'U'
 'M' 'M' 'U' 'U' 'M' 'U' 'M' 'U' 'M' 'U' 'M' 'U' 'M' 'U' 'M' 'U' 'M' 'M']"
401,1,156,94,62,42,0,0,"['M' 'M' 'U' 'A' 'U' 'M' 'A' 'M' 'U' 'A' 'A' 'A' 'A' 'A' 'M' 'A' 'A' 'A'
 'A' 'A' 'A' 'A' 'U' 'U' 'U' 'M' 'A' 'U' 'A' 'A' 'A' 'A' 'A' 'A' 'A' 'A'
 'A' 'A' 'U' 'A' 'A' 'A' 'U' 'A' 'A' 'A' 'A' 'A' 'A' 'A' 'A' 'U' 'A' 'A'
 'A' 'A' 'A' 'A' 'A' 'A' 'U' 'A' 'A' 'A' 'A' 'M' 'M' 'M' 'M' 'M' 'M' 'M'
 'M' 'U' 'M' 'M' 'M' 'M' 'M' 'M' 'M' 'M' 'M' 'M' 'M' 'M' 'M' 'M' 'M' 'M'
 'M' 'M' 'M' 'M' 'M' 'A' 'A' 'A' 'A' 'U' 'A' 'A' 'A' 'A' 'A' 'U' 'A' 'A'
 'U' 'A' 'A' 'A' 'M' 'A' 'A' 'U' 'A' 'A' 'A' 'U' 'A' 'A' 'A' 'A' 'A' 'A'
 'A' 'A' 'A' 'A' 'A' 'A' 'A' 'A' 'A' 'A' 'U' 'A' 'A' 'U' 'M' 'A' 'A' 'U'
 'M' 'U' 'A' 'M' 'A' 'M' 'A' 'M' 'M' 'M' 'M' 'U' 'U' 'M' 'M' 'M' 'M' 'A'
 'A' 'M' 'M' 'M' 'U' 'U' 'M' 'U' 'U' 'U' 'U' 'U' 'M' 'U' 'A' 'M' 'U' 'U'
 'M' 'M' 'U' 'A' 'M' 'U' 'M' 'U' 'U' 'U' 'M' 'U' 'U' 'U' 'M' 'U' 'M' 'M']"
501,2,153,94,59,45,0,1,"['M' 'A' 'A' 'A' 'U' 'M' 'A' 'M' 'M' 'A' 'U' 'A' 'A' 'A' 'M' 'A' 'A' 'A'
 'A' 'U' 'A' 'U' 'U' 'M' 'U' 'M' 'A' 'U' 'A' 'A' 'A' 'A' 'A' 'A' 'A' 'A'
 'A' 'A' 'M' 'A' 'A' 'A' 'A' 'A' 'A' 'U' 'A' 'A' 'A' 'A' 'A' 'A' 'U' 'A'
 'A' 'A' 'U' 'A' 'A' 'A' 'M' 'A' 'A' 'A' 'A' 'M' 'M' 'M' 'M' 'M' 'M' 'M'
 'M' 'M' 'M' 'M' 'M' 'M' 'M' 'M' 'M' 'M' 'M' 'U' 'M' 'M' 'M' 'M' 'M' 'M'
 'M' 'M' 'M' 'M' 'M' 'A' 'A' 'A' 'U' 'A' 'A' 'A' 'A' 'A' 'A' 'A' 'A' 'A'
 'A' 'A' 'U' 'U' 'A' 'A' 'A' 'A' 'A' 'A' 'A' 'A' 'A' 'A' 'A' 'A' 'A' 'A'
 'A' 'A' 'A' 'A' 'A' 'A' 'A' 'U' 'A' 'A' 'A' 'A' 'A' 'U' 'M' 'A' 'A' 'U'
 'M' 'M' 'U' 'U' 'A' 'U' 'A' 'M' 'U' 'M' 'M' 'U' 'U' 'M' 'M' 'M' 'U' 'A'
 'A' 'M' 'M' 'U' 'U' 'U' 'M' 'U' 'U' 'U' 'U' 'U' 'M' 'U' 'A' 'M' 'U' 'U'
 'M' 'M' 'U' 'U' 'M' 'U' 'U' 'U' 'U' 'U' 'M' 'U' 'A' 'U' 'M' 'U' 'M' 'M']"
601,1,143,90,53,55,0,1,"['M' 'A' 'U' 'A' 'U' 'M' 'A' 'M' 'U' 'A' 'U' 'A' 'A' 'U' 'M' 'U' 'A' 'A'
 'A' 'U' 'A' 'U' 'A' 'U' 'U' 'M' 'A' 'U' 'A' 'A' 'A' 'A' 'A' 'A' 'A' 'A'
 'A' 'U' 'U' 'A' 'A' 'A' 'A' 'A' 'A' 'U' 'A' 'U' 'A' 'A' 'M' 'A' 'U' 'A'
 'A' 'A' 'U' 'A' 'A' 'A' 'M' 'A' 'A' 'U' 'A' 'M' 'M' 'M' 'M' 'M' 'M' 'M'
 'M' 'M' 'M' 'M' 'M' 'M' 'M' 'M' 'M' 'M' 'U' 'M' 'M' 'M' 'M' 'M' 'M' 'M'
 'M' 'M' 'M' 'M' 'M' 'A' 'A' 'U' 'U' 'A' 'U' 'A' 'A' 'A' 'A' 'A' 'A' 'A'
 'A' 'U' 'U' 'U' 'M' 'A' 'A' 'A' 'A' 'A' 'A' 'A' 'A' 'U' 'A' 'A' 'A' 'A'
 'A' 'A' 'A' 'A' 'A' 'A' 'U' 'A' 'A' 'A' 'A' 'A' 'A' 'A' 'M' 'A' 'A' 'U'
 'M' 'U' 'U' 'U' 'A' 'U' 'U' 'U' 'U' 'M' 'M' 'U' 'U' 'M' 'U' 'M' 'U' 'A'
 'A' 'M' 'M' 'U' 'A' 'U' 'M' 'A' 'U' 'U' 'U' 'A' 'M' 'U' 'A' 'M' 'U' 'A'
 'M' 'M' 'U' 'U' 'U' 'U' 'U' 'U' 'A' 'A' 'M' 'A' 'A' 'U' 'M' 'U' 'U' 'M']"
701,1,147,90,57,51,0,0,"['M' 'A' 'U' 'A' 'U' 'M' 'A' 'M' 'A' 'A' 'A' 'U' 'A' 'U' 'M' 'U' 'A' 'A'
 'U' 'U' 'A' 'U' 'A' 'M' 'U' 'M' 'A' 'U' 'A' 'A' 'A' 'A' 'U' 'A' 'U' 'A'
 'M' 'U' 'U' 'A' 'A' 'A' 'A' 'A' 'A' 'U' 'A' 'U' 'A' 'A' 'M' 'A' 'U' 'A'
 'A' 'U' 'U' 'U' 'A' 'A' 'M' 'A' 'A' 'A' 'A' 'M' 'M' 'M' 'M' 'U' 'M' 'M'
 'M' 'M' 'M' 'M' 'M' 'M' 'M' 'M' 'M' 'M' 'M' 'M' 'M' 'M' 'M' 'M' 'M' 'M'
 'M' 'M' 'M' 'M' 'M' 'A' 'A' 'U' 'U' 'A' 'U' 'A' 'A' 'A' 'A' 'A' 'A' 'A'
 'A' 'U' 'U' 'U' 'M' 'A' 'A' 'A' 'A' 'A' 'A' 'A' 'A' 'A' 'A' 'A' 'A' 'A'
 'A' 'A' 'A' 'A' 'A' 'A' 'U' 'A' 'A' 'A' 'A' 'A' 'A' 'U' 'M' 'A' 'A' 'U'
 'M' 'A' 'U' 'U' 'A' 'A' 'U' 'M' 'U' 'M' 'M' 'U' 'U' 'M' 'U' 'M' 'U' 'A'
 'A' 'M' 'M' 'U' 'A' 'M' 'U' 'A' 'A' 'U' 'U' 'A' 'M' 'A' 'A' 'M' 'A' 'U'
 'M' 'M' 'M' 'U' 'U' 'U' 'U' 'U' 'A' 'A' 'M' 'A' 'A' 'U' 'M' 'U' 'U' 'M']"
801,1,147,88,59,51,0,0,"['M' 'A' 'U' 'U' 'U' 'M' 'A' 'M' 'A' 'A' 'U' 'U' 'A' 'U' 'M' 'U' 'A' 'A'
 'U' 'U' 'A' 'U' 'A' 'U' 'M' 'U' 'A' 'A' 'A' 'A' 'A' 'A' 'A' 'A' 'U' 'U'
 'M' 'A' 'U' 'U' 'A' 'A' 'A' 'A' 'A' 'U' 'M' 'U' 'A' 'A' 'U' 'A' 'U' 'A'
 'A' 'U' 'U' 'U' 'A' 'A' 'M' 'A' 'A' 'A' 'A' 'M' 'M' 'M' 'M' 'M' 'M' 'M'
 'M' 'M' 'M' 'M' 'M' 'M' 'M' 'M' 'M' 'M' 'M' 'M' 'M' 'M' 'M' 'M' 'M' 'M'
 'U' 'M' 'M' 'M' 'M' 'A' 'A' 'M' 'U' 'A' 'A' 'U' 'A' 'U' 'A' 'A' 'A' 'A'
 'A' 'U' 'U' 'U' 'M' 'A' 'A' 'A' 'A' 'A' 'A' 'A' 'A' 'A' 'A' 'A' 'A' 'U'
 'A' 'A' 'A' 'A' 'A' 'A' 'A' 'A' 'A' 'A' 'U' 'A' 'A' 'U' 'M' 'A' 'A' 'A'
 'M' 'A' 'U' 'U' 'A' 'A' 'A' 'M' 'A' 'M' 'M' 'U' 'U' 'M' 'U' 'M' 'M' 'A'
 'A' 'M' 'M' 'U' 'A' 'M' 'U' 'A' 'A' 'U' 'U' 'M' 'M' 'A' 'A' 'M' 'A' 'U'
 'M' 'U' 'M' 'U' 'U' 'U' 'U' 'M' 'A' 'A' 'M' 'A' 'A' 'U' 'U' 'M' 'U' 'M']"
901,1,144,84,60,54,0,0,"['M' 'A' 'U' 'A' 'U' 'M' 'A' 'U' 'A' 'A' 'U' 'U' 'U' 'U' 'M' 'M' 'A' 'U'
 'M' 'U' 'A' 'U' 'A' 'M' 'M' 'U' 'U' 'A' 'A' 'A' 'A' 'A' 'A' 'A' 'U' 'U'
 'M' 'A' 'U' 'M' 'A' 'A' 'A' 'A' 'A' 'A' 'A' 'U' 'A' 'A' 'U' 'A' 'M' 'A'
 'U' 'U' 'U' 'U' 'A' 'A' 'M' 'A' 'A' 'A' 'A' 'M' 'M' 'M' 'M' 'M' 'M' 'M'
 'M' 'M' 'M' 'M' 'M' 'M' 'M' 'U' 'M' 'M' 'M' 'M' 'M' 'M' 'M' 'M' 'M' 'M'
 'M' 'M' 'M' 'M' 'M' 'U' 'A' 'M' 'U' 'A' 'A' 'U' 'A' 'U' 'A' 'A' 'A' 'A'
 'A' 'U' 'U' 'A' 'U' 'A' 'A' 'A' 'A' 'A' 'A' 'A' 'A' 'A' 'A' 'A' 'U' 'U'
 'U' 'A' 'A' 'A' 'A' 'A' 'A' 'A' 'A' 'A' 'U' 'A' 'A' 'U' 'M' 'A' 'A' 'A'
 'M' 'A' 'U' 'U' 'A' 'A' 'A' 'M' 'A' 'U' 'M' 'U' 'U' 'M' 'U' 'M' 'M' 'A'
 'A' 'M' 'M' 'U' 'A' 'M' 'U' 'A' 'A' 'U' 'U' 'U' 'M' 'A' 'U' 'M' 'U' 'U'
 'M' 'M' 'U' 'U' 'U' 'U' 'U' 'M' 'A' 'A' 'M' 'A' 'A' 'M' 'U' 'M' 'M' 'A']"
1001,1,141,83,58,57,0,1,"['M' 'A' 'U' 'U' 'U' 'U' 'A' 'A' 'A' 'A' 'U' 'U' 'A' 'U' 'M' 'M' 'U' 'A'
 'M' 'U' 'A' 'U' 'A' 'M' 'U' 'U' 'U' 'A' 'U' 'A' 'U' 'U' 'A' 'A' 'U' 'A'
 'M' 'A' 'M' 'M' 'A' 'A' 'A' 'A' 'A' 'A' 'A' 'U' 'A' 'A' 'U' 'A' 'M' 'A'
 'U' 'U' 'U' 'U' 'A' 'A' 'M' 'A' 'A' 'U' 'A' 'M' 'M' 'M' 'M' 'M' 'M' 'M'
 'M' 'M' 'M' 'M' 'M' 'M' 'M' 'M' 'M' 'M' 'M' 'M' 'M' 'M' 'M' 'M' 'M' 'U'
 'M' 'M' 'M' 'M' 'M' 'A' 'A' 'U' 'A' 'A' 'A' 'U' 'A' 'A' 'A' 'A' 'M' 'A'
 'A' 'M' 'U' 'A' 'U' 'A' 'A' 'A' 'A' 'A' 'A' 'A' 'A' 'A' 'A' 'A' 'U' 'U'
 'A' 'A' 'U' 'A' 'U' 'A' 'A' 'A' 'A' 'A' 'A' 'A' 'M' 'U' 'M' 'A' 'A' 'A'
 'M' 'A' 'U' 'U' 'U' 'A' 'A' 'M' 'A' 'U' 'M' 'A' 'U' 'M' 'U' 'M' 'M' 'A'
 'A' 'M' 'M' 'U' 'A' 'M' 'U' 'A' 'A' 'U' 'A' 'U' 'M' 'U' 'U' 'U' 'U' 'M'
 'M' 'M' 'U' 'U' 'U' 'A' 'U' 'U' 'A' 'A' 'U' 'A' 'A' 'U' 'U' 'M' 'M' 'U']"
1101,1,136,80,56,62,0,0,"['M' 'A' 'A' 'M' 'U' 'U' 'U' 'U' 'A' 'A' 'U' 'U' 'A' 'U' 'U' 'U' 'U' 'A'
 'M' 'U' 'A' 'A' 'A' 'U' 'U' 'A' 'M' 'U' 'U' 'A' 'M' 'M' 'A' 'A' 'U' 'A'
 'M' 'A' 'M' 'M' 'A' 'A' 'U' 'A' 'U' 'A' 'A' 'U' 'A' 'A' 'U' 'A' 'M' 'A'
 'A' 'A' 'M' 'U' 'A' 'A' 'M' 'A' 'U' 'U' 'A' 'M' 'M' 'M' 'M' 'M' 'M' 'M'
 'U' 'M' 'M' 'M' 'M' 'M' 'M' 'M' 'M' 'M' 'M' 'M' 'M' 'M' 'M' 'M' 'M' 'M'
 'M' 'M' 'M' 'M' 'M' 'A' 'A' 'U' 'A' 'A' 'A' 'A' 'A' 'A' 'A' 'U' 'M' 'U'
 'A' 'M' 'U' 'A' 'U' 'A' 'A' 'A' 'A' 'A' 'A' 'A' 'A' 'A' 'A' 'A' 'U' 'U'
 'A' 'A' 'U' 'A' 'A' 'U' 'A' 'A' 'A' 'A' 'A' 'U' 'U' 'U' 'M' 'A' 'M' 'A'
 'M' 'A' 'U' 'U' 'U' 'A' 'A' 'M' 'A' 'U' 'U' 'A' 'U' 'M' 'U' 'M' 'M' 'A'
 'A' 'U' 'M' 'U' 'A' 'M' 'U' 'A' 'A' 'U' 'A' 'U' 'M' 'U' 'U' 'U' 'U' 'U'
 'M' 'M' 'U' 'U' 'U' 'A' 'U' 'U' 'A' 'A' 'A' 'A' 'A' 'U' 'U' 'U' 'M' 'U']"
1201,1,134,75,59,64,0,1,"['M' 'A' 'A' 'M' 'U' 'U' 'U' 'U' 'A' 'A' 'U' 'U' 'A' 'U' 'A' 'U' 'U' 'M'
 'U' 'A' 'A' 'A' 'A' 'U' 'U' 'A' 'M' 'U' 'U' 'A' 'U' 'M' 'A' 'U' 'A' 'A'
 'M' 'A' 'U' 'M' 'A' 'A' 'U' 'A' 'U' 'M' 'A' 'M' 'U' 'A' 'U' 'A' 'U' 'A'
 'A' 'U' 'M' 'A' 'A' 'U' 'M' 'A' 'U' 'M' 'A' 'M' 'M' 'M' 'M' 'M' 'M' 'U'
 'M' 'M' 'M' 'M' 'M' 'M' 'M' 'M' 'M' 'M' 'M' 'M' 'M' 'M' 'M' 'M' 'M' 'M'
 'M' 'M' 'M' 'M' 'M' 'U' 'A' 'U' 'A' 'A' 'A' 'U' 'A' 'A' 'A' 'U' 'M' 'M'
 'A' 'U' 'U' 'A' 'A' 'A' 'A' 'A' 'A' 'A' 'U' 'A' 'A' 'A' 'A' 'A' 'U' 'U'
 'A' 'A' 'U' 'A' 'A' 'M' 'A' 'A' 'A' 'A' 'A' 'U' 'U' 'U' 'M' 'A' 'M' 'A'
 'M' 'A' 'U' 'U' 'U' 'U' 'A' 'M' 'A' 'U' 'U' 'A' 'U' 'M' 'A' 'M' 'M' 'A'
 'A' 'U' 'M' 'U' 'A' 'M' 'M' 'A' 'A' 'U' 'A' 'U' 'M' 'U' 'U' 'U' 'U' 'M'
 'U' 'M' 'U' 'U' 'U' 'A' 'U' 'M' 'A' 'U' 'U' 'A' 'A' 'U' 'U' 'A' 'M' 'U']"
1301,2,132,77,55,66,0,0,"['M' 'A' 'A' 'M' 'U' 'U' 'U' 'U' 'A' 'U' 'A' 'U' 'A' 'A' 'A' 'U' 'U' 'U'
 'M' 'U' 'A' 'A' 'U' 'U' 'U' 'A' 'M' 'A' 'A' 'A' 'U' 'M' 'A' 'U' 'A' 'A'
 'U' 'A' 'U' 'U' 'A' 'A' 'U' 'A' 'A' 'M' 'A' 'M' 'U' 'A' 'U' 'A' 'A' 'A'
 'A' 'U' 'M' 'A' 'U' 'U' 'M' 'A' 'A' 'U' 'U' 'U' 'M' 'M' 'M' 'M' 'M' 'M'
 'M' 'M' 'M' 'M' 'M' 'M' 'M' 'M' 'M' 'M' 'M' 'M' 'M' 'M' 'M' 'M' 'M' 'M'
 'M' 'M' 'M' 'M' 'M' 'U' 'A' 'U' 'M' 'A' 'A' 'A' 'A' 'A' 'A' 'A' 'M' 'M'
 'A' 'U' 'U' 'A' 'U' 'U' 'A' 'A' 'A' 'U' 'U' 'A' 'A' 'A' 'A' 'A' 'U' 'U'
 'A' 'A' 'A' 'U' 'A' 'U' 'A' 'A' 'A' 'A' 'A' 'U' 'U' 'U' 'M' 'A' 'M' 'A'
 'M' 'A' 'U' 'U' 'U' 'U' 'A' 'U' 'U' 'U' 'A' 'A' 'U' 'M' 'A' 'U' 'M' 'A'
 'U' 'A' 'M' 'U' 'A' 'M' 'U' 'A' 'A' 'A' 'A' 'U' 'M' 'U' 'A' 'M' 'U' 'M'
 'U' 'U' 'U' 'U' 'M' 'A' 'M' 'M' 'A' 'U' 'U' 'A' 'A' 'U' 'U' 'A' 'M' 'U']"
1401,1,137,81,56,61,0,1,"['M' 'A' 'A' 'M' 'U' 'U' 'U' 'U' 'A' 'U' 'A' 'U' 'A' 'A' 'A' 'U' 'U' 'U'
 'M' 'U' 'A' 'A' 'U' 'U' 'U' 'A' 'M' 'A' 'A' 'A' 'U' 'M' 'A' 'U' 'A' 'A'
 'U' 'A' 'U' 'A' 'A' 'U' 'U' 'A' 'U' 'M' 'A' 'M' 'U' 'A' 'M' 'A' 'A' 'A'
 'A' 'U' 'M' 'A' 'U' 'U' 'U' 'A' 'A' 'U' 'U' 'M' 'M' 'M' 'M' 'M' 'M' 'M'
 'M' 'M' 'M' 'M' 'M' 'M' 'M' 'M' 'M' 'M' 'M' 'M' 'M' 'M' 'M' 'M' 'U' 'M'
 'M' 'M' 'M' 'M' 'M' 'U' 'A' 'U' 'M' 'A' 'A' 'A' 'A' 'A' 'A' 'A' 'U' 'M'
 'A' 'U' 'M' 'U' 'A' 'U' 'A' 'A' 'A' 'M' 'U' 'A' 'A' 'A' 'A' 'A' 'U' 'M'
 'A' 'A' 'A' 'U' 'A' 'U' 'A' 'U' 'A' 'A' 'A' 'A' 'A' 'U' 'M' 'A' 'U' 'A'
 'M' 'A' 'U' 'U' 'U' 'U' 'A' 'U' 'A' 'U' 'A' 'A' 'U' 'M' 'A' 'U' 'M' 'A'
 'A' 'U' 'U' 'U' 'A' 'M' 'M' 'A' 'A' 'A' 'A' 'U' 'M' 'M' 'A' 'U' 'U' 'M'
 'U' 'A' 'A' 'A' 'U' 'A' 'M' 'M' 'A' 'U' 'M' 'A' 'A' 'A' 'U' 'U' 'M' 'U']"
1501,1,132,71,61,66,0,1,"['M' 'A' 'A' 'M' 'U' 'U' 'U' 'M' 'A' 'U' 'A' 'U' 'A' 'U' 'A' 'U' 'U' 'U'
 'M' 'U' 'A' 'U' 'U' 'U' 'U' 'A' 'U' 'A' 'A' 'A' 'U' 'U' 'A' 'U' 'A' 'A'
 'U' 'A' 'U' 'A' 'A' 'U' 'U' 'A' 'U' 'M' 'A' 'M' 'M' 'A' 'M' 'A' 'A' 'A'
 'A' 'U' 'M' 'A' 'U' 'U' 'U' 'A' 'A' 'M' 'U' 'M' 'M' 'M' 'M' 'M' 'M' 'M'
 'M' 'M' 'M' 'M' 'M' 'M' 'M' 'M' 'M' 'U' 'M' 'M' 'M' 'M' 'M' 'M' 'M' 'M'
 'M' 'M' 'M' 'M' 'M' 'U' 'A' 'M' 'M' 'U' 'A' 'U' 'U' 'A' 'A' 'A' 'U' 'M'
 'A' 'M' 'M' 'U' 'A' 'U' 'A' 'A' 'A' 'M' 'M' 'U' 'A' 'U' 'A' 'A' 'M' 'M'
 'A' 'A' 'U' 'U' 'A' 'A' 'A' 'A' 'A' 'A' 'A' 'A' 'U' 'U' 'M' 'A' 'M' 'A'
 'M' 'A' 'U' 'U' 'U' 'U' 'U' 'U' 'A' 'U' 'A' 'A' 'U' 'M' 'A' 'U' 'M' 'A'
 'A' 'U' 'U' 'U' 'A' 'M' 'M' 'A' 'A' 'A' 'U' 'U' 'M' 'M' 'A' 'A' 'U' 'M'
 'U' 'A' 'A' 'U' 'U' 'U' 'M' 'U' 'A' 'U' 'M' 'A' 'A' 'A' 'U' 'U' 'M' 'U']"
1601,1,135,70,65,63,0,1,"['M' 'A' 'A' 'M' 'A' 'U' 'U' 'M' 'A' 'U' 'A' 'A' 'A' 'U' 'A' 'U' 'A' 'U'
 'M' 'U' 'A' 'M' 'U' 'U' 'U' 'U' 'M' 'A' 'U' 'U' 'U' 'A' 'A' 'U' 'A' 'A'
 'U' 'A' 'A' 'U' 'A' 'U' 'A' 'A' 'A' 'U' 'A' 'M' 'M' 'A' 'M' 'A' 'A' 'A'
 'A' 'U' 'M' 'U' 'U' 'U' 'U' 'A' 'A' 'M' 'M' 'U' 'M' 'M' 'M' 'M' 'M' 'M'
 'M' 'M' 'M' 'M' 'M' 'M' 'M' 'M' 'M' 'M' 'M' 'M' 'M' 'M' 'M' 'M' 'M' 'M'
 'M' 'M' 'M' 'M' 'M' 'M' 'A' 'M' 'M' 'U' 'U' 'U' 'M' 'A' 'A' 'A' 'U' 'U'
 'A' 'M' 'M' 'U' 'A' 'U' 'A' 'A' 'U' 'U' 'U' 'U' 'A' 'M' 'A' 'A' 'M' 'U'
 'A' 'A' 'U' 'U' 'A' 'A' 'A' 'A' 'A' 'A' 'A' 'A' 'A' 'U' 'M' 'A' 'M' 'A'
 'M' 'A' 'U' 'U' 'U' 'M' 'A' 'U' 'U' 'U' 'A' 'U' 'U' 'M' 'U' 'A' 'M' 'A'
 'A' 'U' 'U' 'U' 'A' 'M' 'M' 'A' 'A' 'A' 'U' 'U' 'M' 'M' 'A' 'A' 'U' 'M'
 'M' 'A' 'A' 'U' 'U' 'M' 'M' 'U' 'A' 'U' 'M' 'U' 'A' 'U' 'U' 'A' 'M' 'U']"
1701,1,140,70,70,58,0,1,"['M' 'A' 'A' 'M' 'A' 'U' 'U' 'M' 'A' 'U' 'A' 'A' 'A' 'U' 'A' 'U' 'A' 'U'
 'M' 'U' 'A' 'M' 'U' 'U' 'M' 'U' 'M' 'M' 'A' 'U' 'U' 'A' 'A' 'U' 'A' 'A'
 'U' 'U' 'A' 'M' 'A' 'U' 'A' 'A' 'A' 'U' 'A' 'M' 'U' 'A' 'M' 'A' 'A' 'A'
 'A' 'U' 'M' 'U' 'U' 'M' 'A' 'U' 'A' 'M' 'M' 'M' 'M' 'M' 'M' 'M' 'M' 'M'
 'M' 'M' 'M' 'M' 'M' 'M' 'M' 'M' 'M' 'M' 'M' 'M' 'M' 'M' 'M' 'M' 'U' 'M'
 'M' 'M' 'M' 'M' 'M' 'M' 'A' 'M' 'M' 'U' 'U' 'M' 'M' 'A' 'A' 'A' 'U' 'U'
 'A' 'M' 'M' 'U' 'A' 'U' 'A' 'U' 'A' 'U' 'A' 'U' 'A' 'M' 'A' 'A' 'M' 'U'
 'U' 'A' 'U' 'U' 'A' 'A' 'U' 'A' 'A' 'A' 'A' 'A' 'A' 'A' 'M' 'A' 'M' 'A'
 'M' 'A' 'A' 'U' 'A' 'M' 'A' 'U' 'U' 'U' 'A' 'A' 'U' 'M' 'U' 'A' 'M' 'A'
 'U' 'U' 'A' 'U' 'A' 'M' 'M' 'U' 'A' 'U' 'U' 'U' 'M' 'M' 'A' 'A' 'M' 'M'
 'M' 'A' 'A' 'U' 'U' 'M' 'M' 'U' 'A' 'U' 'M' 'U' 'A' 'U' 'M' 'A' 'U' 'U']"
1801,2,139,68,71,59,0,0,"['M' 'U' 'A' 'M' 'A' 'U' 'U' 'U' 'A' 'A' 'A' 'A' 'A' 'U' 'A' 'U' 'A' 'U'
 'M' 'U' 'A' 'M' 'U' 'A' 'M' 'U' 'U' 'M' 'U' 'A' 'M' 'A' 'A' 'U' 'A' 'A'
 'U' 'M' 'A' 'M' 'U' 'U' 'A' 'A' 'A' 'U' 'A' 'U' 'U' 'A' 'M' 'U' 'A' 'A'
 'A' 'M' 'M' 'U' 'U' 'M' 'A' 'A' 'A' 'M' 'M' 'M' 'M' 'M' 'M' 'M' 'M' 'M'
 'M' 'M' 'M' 'M' 'M' 'M' 'M' 'M' 'M' 'M' 'M' 'U' 'M' 'M' 'M' 'M' 'M' 'M'
 'M' 'M' 'M' 'M' 'M' 'U' 'A' 'M' 'M' 'M' 'U' 'M' 'M' 'U' 'A' 'U' 'U' 'U'
 'A' 'A' 'M' 'U' 'A' 'U' 'A' 'M' 'A' 'U' 'A' 'U' 'A' 'M' 'A' 'A' 'M' 'U'
 'M' 'A' 'A' 'U' 'A' 'A' 'A' 'A' 'A' 'A' 'A' 'A' 'A' 'A' 'M' 'A' 'M' 'U'
 'M' 'U' 'A' 'M' 'U' 'M' 'U' 'U' 'U' 'U' 'A' 'A' 'U' 'M' 'U' 'A' 'M' 'A'
 'U' 'U' 'A' 'U' 'A' 'U' 'M' 'U' 'A' 'M' 'M' 'A' 'M' 'M' 'A' 'A' 'M' 'M'
 'M' 'A' 'A' 'U' 'A' 'U' 'M' 'U' 'A' 'U' 'M' 'U' 'U' 'U' 'U' 'A' 'U' 'U']"
1901,1,150,73,77,48,0,1,"['M' 'M' 'A' 'M' 'A' 'U' 'A' 'M' 'A' 'A' 'A' 'A' 'A' 'U' 'A' 'U' 'A' 'U'
 'M' 'U' 'A' 'M' 'M' 'A' 'M' 'U' 'U' 'M' 'U' 'M' 'M' 'A' 'A' 'U' 'A' 'A'
 'U' 'M' 'U' 'M' 'A' 'U' 'A' 'A' 'A' 'U' 'A' 'M' 'U' 'A' 'M' 'A' 'A' 'A'
 'A' 'M' 'U' 'U' 'U' 'M' 'A' 'A' 'A' 'M' 'M' 'M' 'M' 'M' 'M' 'M' 'M' 'M'
 'M' 'M' 'M' 'M' 'M' 'M' 'M' 'M' 'M' 'M' 'M' 'U' 'M' 'M' 'M' 'M' 'M' 'M'
 'M' 'M' 'M' 'M' 'M' 'A' 'A' 'M' 'M' 'M' 'U' 'M' 'M' 'M' 'A' 'A' 'A' 'U'
 'A' 'A' 'M' 'U' 'A' 'U' 'A' 'M' 'A' 'A' 'A' 'U' 'A' 'M' 'A' 'A' 'M' 'U'
 'M' 'A' 'A' 'A' 'A' 'A' 'A' 'A' 'A' 'A' 'A' 'A' 'A' 'A' 'M' 'A' 'U' 'A'
 'M' 'U' 'A' 'M' 'M' 'U' 'U' 'U' 'U' 'U' 'U' 'A' 'A' 'M' 'A' 'A' 'M' 'U'
 'U' 'U' 'A' 'M' 'A' 'U' 'M' 'U' 'A' 'M' 'M' 'U' 'M' 'M' 'A' 'A' 'M' 'M'
 'M' 'U' 'A' 'U' 'A' 'U' 'M' 'U' 'A' 'U' 'M' 'U' 'U' 'M' 'U' 'A' 'U' 'U']"
2001,1,140,66,74,58,0,1,"['M' 'M' 'A' 'M' 'A' 'U' 'A' 'M' 'A' 'A' 'U' 'A' 'A' 'U' 'A' 'U' 'A' 'M'
 'M' 'U' 'A' 'M' 'M' 'A' 'M' 'U' 'U' 'M' 'U' 'U' 'U' 'A' 'A' 'U' 'A' 'U'
 'U' 'M' 'M' 'M' 'A' 'U' 'A' 'A' 'A' 'A' 'U' 'M' 'A' 'U' 'M' 'A' 'A' 'U'
 'A' 'M' 'U' 'U' 'U' 'M' 'A' 'A' 'A' 'M' 'M' 'M' 'M' 'M' 'M' 'M' 'M' 'M'
 'M' 'M' 'M' 'M' 'M' 'M' 'M' 'M' 'U' 'M' 'M' 'M' 'M' 'M' 'M' 'M' 'M' 'M'
 'M' 'M' 'M' 'M' 'M' 'A' 'A' 'M' 'M' 'M' 'U' 'M' 'U' 'U' 'A' 'U' 'A' 'U'
 'A' 'A' 'M' 'U' 'A' 'U' 'A' 'U' 'A' 'A' 'A' 'U' 'A' 'U' 'A' 'A' 'M' 'A'
 'M' 'U' 'A' 'A' 'A' 'A' 'A' 'A' 'A' 'A' 'A' 'A' 'A' 'A' 'M' 'A' 'U' 'A'
 'M' 'U' 'M' 'U' 'U' 'M' 'U' 'U' 'U' 'A' 'U' 'A' 'A' 'M' 'A' 'U' 'M' 'U'
 'M' 'M' 'A' 'M' 'U' 'U' 'M' 'A' 'A' 'M' 'U' 'U' 'M' 'M' 'A' 'A' 'M' 'M'
 'M' 'U' 'A' 'U' 'U' 'U' 'M' 'U' 'U' 'U' 'U' 'M' 'U' 'M' 'A' 'U' 'U' 'U']"
2101,1,134,60,74,64,0,1,"['M' 'M' 'M' 'M' 'A' 'U' 'A' 'M' 'A' 'U' 'U' 'A' 'A' 'U' 'A' 'U' 'A' 'M'
 'M' 'U' 'U' 'M' 'A' 'A' 'M' 'U' 'U' 'M' 'U' 'M' 'A' 'U' 'A' 'U' 'A' 'U'
 'U' 'M' 'U' 'M' 'U' 'A' 'A' 'A' 'U' 'A' 'U' 'M' 'A' 'M' 'M' 'U' 'A' 'U'
 'A' 'M' 'U' 'U' 'U' 'M' 'A' 'A' 'A' 'M' 'M' 'M' 'M' 'M' 'M' 'M' 'M' 'M'
 'M' 'M' 'M' 'M' 'M' 'M' 'M' 'M' 'M' 'M' 'M' 'M' 'M' 'M' 'M' 'M' 'M' 'M'
 'U' 'M' 'M' 'M' 'M' 'A' 'A' 'M' 'U' 'M' 'U' 'M' 'U' 'U' 'U' 'U' 'A' 'U'
 'A' 'A' 'M' 'M' 'A' 'U' 'A' 'U' 'A' 'A' 'A' 'U' 'A' 'U' 'A' 'A' 'M' 'A'
 'M' 'U' 'U' 'A' 'A' 'A' 'A' 'A' 'A' 'A' 'A' 'A' 'A' 'A' 'M' 'U' 'U' 'A'
 'M' 'M' 'M' 'U' 'A' 'M' 'U' 'U' 'U' 'A' 'A' 'U' 'U' 'M' 'A' 'U' 'M' 'M'
 'M' 'U' 'U' 'M' 'A' 'U' 'M' 'A' 'A' 'M' 'U' 'U' 'M' 'A' 'U' 'A' 'M' 'U'
 'U' 'A' 'A' 'U' 'U' 'U' 'M' 'U' 'U' 'U' 'U' 'M' 'U' 'M' 'A' 'U' 'U' 'M']"
2201,1,142,63,79,56,0,0,"['M' 'M' 'M' 'M' 'A' 'A' 'A' 'M' 'M' 'U' 'U' 'A' 'A' 'U' 'A' 'U' 'A' 'M'
 'M' 'A' 'U' 'M' 'A' 'A' 'M' 'U' 'U' 'M' 'U' 'M' 'A' 'U' 'A' 'M' 'A' 'U'
 'U' 'M' 'U' 'M' 'U' 'A' 'A' 'A' 'A' 'A' 'M' 'M' 'A' 'U' 'M' 'A' 'U' 'U'
 'A' 'M' 'U' 'U' 'U' 'M' 'A' 'A' 'A' 'M' 'M' 'M' 'M' 'M' 'M' 'M' 'M' 'M'
 'M' 'M' 'M' 'M' 'M' 'M' 'M' 'M' 'M' 'M' 'U' 'M' 'M' 'M' 'M' 'M' 'M' 'M'
 'M' 'M' 'M' 'M' 'M' 'U' 'A' 'M' 'A' 'M' 'U' 'M' 'A' 'U' 'U' 'U' 'U' 'U'
 'U' 'A' 'M' 'M' 'A' 'U' 'A' 'A' 'A' 'A' 'A' 'U' 'A' 'M' 'A' 'A' 'M' 'A'
 'A' 'U' 'U' 'A' 'A' 'A' 'A' 'A' 'A' 'A' 'A' 'A' 'A' 'A' 'M' 'M' 'U' 'A'
 'M' 'M' 'M' 'U' 'U' 'M' 'U' 'U' 'U' 'U' 'U' 'A' 'U' 'M' 'A' 'U' 'M' 'M'
 'M' 'U' 'U' 'M' 'A' 'A' 'M' 'A' 'A' 'M' 'U' 'U' 'M' 'A' 'M' 'A' 'M' 'U'
 'U' 'A' 'A' 'M' 'U' 'U' 'M' 'U' 'A' 'U' 'M' 'M' 'U' 'M' 'A' 'U' 'U' 'U']"
2301,1,144,59,85,54,0,1,"['M' 'M' 'M' 'M' 'U' 'A' 'U' 'M' 'M' 'U' 'U' 'A' 'A' 'U' 'A' 'U' 'A' 'M'
 'M' 'A' 'M' 'M' 'M' 'A' 'M' 'U' 'U' 'M' 'U' 'M' 'A' 'A' 'U' 'M' 'A' 'M'
 'U' 'A' 'A' 'M' 'M' 'A' 'A' 'A' 'A' 'A' 'M' 'M' 'M' 'U' 'U' 'A' 'U' 'U'
 'U' 'M' 'U' 'U' 'U' 'M' 'A' 'A' 'U' 'M' 'M' 'M' 'M' 'M' 'M' 'M' 'U' 'M'
 'M' 'M' 'M' 'M' 'M' 'M' 'M' 'M' 'M' 'M' 'M' 'M' 'M' 'M' 'M' 'M' 'M' 'M'
 'M' 'M' 'M' 'M' 'M' 'A' 'A' 'M' 'A' 'M' 'U' 'M' 'A' 'U' 'U' 'U' 'U' 'M'
 'A' 'A' 'M' 'U' 'A' 'M' 'U' 'A' 'A' 'A' 'A' 'U' 'A' 'M' 'A' 'A' 'M' 'A'
 'A' 'U' 'M' 'A' 'A' 'A' 'A' 'A' 'A' 'A' 'A' 'A' 'A' 'A' 'U' 'M' 'U' 'U'
 'U' 'M' 'U' 'M' 'U' 'M' 'U' 'M' 'U' 'U' 'U' 'A' 'M' 'U' 'A' 'U' 'M' 'M'
 'A' 'U' 'U' 'M' 'U' 'A' 'M' 'A' 'A' 'M' 'U' 'U' 'M' 'A' 'M' 'A' 'M' 'U'
 'M' 'A' 'A' 'U' 'U' 'U' 'M' 'U' 'A' 'M' 'M' 'M' 'U' 'M' 'A' 'M' 'U' 'M']"
2401,2,136,54,82,62,0,0,"['M' 'M' 'M' 'U' 'U' 'U' 'U' 'M' 'U' 'M' 'U' 'A' 'A' 'U' 'A' 'A' 'A' 'M'
 'M' 'A' 'M' 'U' 'M' 'A' 'U' 'U' 'U' 'U' 'A' 'U' 'A' 'A' 'U' 'M' 'A' 'M'
 'U' 'A' 'A' 'M' 'M' 'A' 'A' 'A' 'A' 'A' 'M' 'M' 'M' 'U' 'M' 'A' 'U' 'U'
 'U' 'M' 'U' 'U' 'U' 'M' 'A' 'A' 'U' 'M' 'M' 'M' 'M' 'M' 'M' 'M' 'M' 'M'
 'M' 'M' 'M' 'M' 'M' 'M' 'M' 'U' 'M' 'M' 'M' 'M' 'M' 'M' 'M' 'M' 'M' 'M'
 'M' 'M' 'M' 'M' 'M' 'A' 'A' 'M' 'A' 'M' 'A' 'M' 'A' 'M' 'U' 'U' 'U' 'U'
 'A' 'U' 'M' 'U' 'A' 'M' 'U' 'A' 'A' 'A' 'M' 'U' 'A' 'U' 'A' 'M' 'M' 'A'
 'A' 'U' 'M' 'U' 'A' 'A' 'A' 'U' 'U' 'A' 'A' 'A' 'A' 'A' 'U' 'M' 'M' 'A'
 'U' 'M' 'M' 'M' 'U' 'M' 'U' 'M' 'U' 'U' 'U' 'A' 'M' 'U' 'U' 'U' 'M' 'M'
 'A' 'U' 'U' 'M' 'U' 'U' 'M' 'A' 'A' 'M' 'U' 'A' 'M' 'A' 'U' 'A' 'M' 'U'
 'M' 'A' 'A' 'U' 'U' 'U' 'U' 'U' 'A' 'M' 'M' 'M' 'U' 'M' 'U' 'M' 'U' 'M']"
2501,1,140,53,87,58,0,1,"['M' 'M' 'M' 'A' 'M' 'U' 'U' 'M' 'U' 'M' 'U' 'U' 'A' 'U' 'A' 'A' 'A' 'M'
 'M' 'U' 'M' 'U' 'M' 'A' 'U' 'U' 'U' 'M' 'A' 'U' 'A' 'A' 'U' 'U' 'A' 'U'
 'U' 'A' 'A' 'M' 'M' 'A' 'A' 'A' 'A' 'A' 'M' 'M' 'M' 'M' 'M' 'U' 'M' 'M'
 'U' 'M' 'U' 'A' 'M' 'U' 'A' 'U' 'U' 'M' 'M' 'M' 'U' 'M' 'M' 'M' 'M' 'M'
 'M' 'M' 'M' 'M' 'M' 'M' 'M' 'M' 'M' 'M' 'M' 'M' 'M' 'M' 'M' 'M' 'M' 'M'
 'M' 'M' 'M' 'M' 'M' 'U' 'A' 'M' 'A' 'U' 'U' 'M' 'A' 'M' 'U' 'U' 'M' 'U'
 'A' 'U' 'M' 'U' 'A' 'M' 'U' 'A' 'A' 'A' 'M' 'U' 'A' 'U' 'A' 'M' 'M' 'A'
 'A' 'U' 'M' 'U' 'A' 'U' 'A' 'U' 'A' 'A' 'A' 'A' 'A' 'A' 'U' 'M' 'M' 'A'
 'U' 'M' 'M' 'M' 'M' 'M' 'A' 'U' 'U' 'U' 'U' 'A' 'M' 'U' 'U' 'U' 'M' 'M'
 'A' 'U' 'M' 'M' 'U' 'A' 'M' 'A' 'A' 'M' 'U' 'A' 'M' 'A' 'U' 'U' 'M' 'U'
 'M' 'A' 'A' 'U' 'U' 'A' 'U' 'U' 'A' 'M' 'M' 'M' 'M' 'M' 'U' 'M' 'A' 'M']"
2601,1,141,49,92,57,0,0,"['M' 'M' 'M' 'A' 'M' 'M' 'U' 'M' 'U' 'M' 'U' 'U' 'U' 'U' 'A' 'A' 'A' 'M'
 'M' 'U' 'M' 'U' 'M' 'U' 'M' 'U' 'U' 'M' 'A' 'U' 'A' 'A' 'U' 'U' 'A' 'U'
 'M' 'A' 'A' 'M' 'M' 'U' 'A' 'A' 'U' 'A' 'M' 'M' 'M' 'M' 'M' 'U' 'M' 'U'
 'U' 'M' 'U' 'A' 'M' 'U' 'A' 'U' 'U' 'M' 'M' 'M' 'U' 'M' 'M' 'M' 'M' 'M'
 'M' 'M' 'M' 'M' 'M' 'M' 'M' 'M' 'M' 'M' 'M' 'M' 'M' 'M' 'M' 'M' 'M' 'M'
 'M' 'M' 'M' 'M' 'M' 'U' 'U' 'M' 'A' 'U' 'U' 'M' 'U' 'M' 'U' 'M' 'M' 'M'
 'A' 'U' 'M' 'U' 'A' 'U' 'U' 'U' 'M' 'A' 'M' 'U' 'A' 'U' 'A' 'M' 'A' 'A'
 'A' 'M' 'M' 'U' 'A' 'A' 'A' 'A' 'A' 'A' 'A' 'A' 'A' 'A' 'U' 'M' 'M' 'A'
 'U' 'M' 'M' 'M' 'M' 'M' 'A' 'U' 'U' 'A' 'U' 'A' 'M' 'M' 'U' 'U' 'M' 'M'
 'A' 'U' 'M' 'M' 'U' 'A' 'M' 'A' 'A' 'M' 'A' 'A' 'M' 'A' 'U' 'U' 'M' 'U'
 'M' 'A' 'A' 'U' 'U' 'U' 'U' 'U' 'A' 'M' 'M' 'M' 'M' 'M' 'U' 'M' 'A' 'M']"
2701,1,141,43,98,57,0,0,"['M' 'M' 'M' 'A' 'M' 'M' 'U' 'M' 'U' 'M' 'M' 'A' 'M' 'U' 'A' 'A' 'A' 'M'
 'M' 'M' 'M' 'A' 'M' 'U' 'M' 'U' 'U' 'M' 'A' 'U' 'A' 'U' 'U' 'U' 'A' 'U'
 'U' 'A' 'A' 'M' 'M' 'A' 'A' 'A' 'U' 'U' 'M' 'M' 'M' 'M' 'M' 'A' 'M' 'U'
 'U' 'M' 'U' 'A' 'M' 'U' 'A' 'U' 'U' 'M' 'M' 'M' 'M' 'M' 'M' 'M' 'M' 'M'
 'M' 'M' 'M' 'M' 'M' 'M' 'M' 'M' 'M' 'M' 'M' 'M' 'M' 'M' 'U' 'M' 'M' 'M'
 'M' 'M' 'M' 'M' 'M' 'U' 'M' 'M' 'A' 'U' 'U' 'M' 'U' 'M' 'U' 'M' 'M' 'M'
 'A' 'U' 'M' 'U' 'A' 'U' 'U' 'M' 'M' 'A' 'M' 'U' 'A' 'U' 'U' 'M' 'U' 'A'
 'U' 'M' 'M' 'A' 'A' 'U' 'U' 'A' 'A' 'U' 'A' 'U' 'A' 'U' 'U' 'M' 'M' 'A'
 'U' 'M' 'M' 'M' 'M' 'M' 'A' 'U' 'U' 'A' 'U' 'A' 'M' 'M' 'U' 'M' 'M' 'M'
 'A' 'U' 'M' 'M' 'U' 'A' 'M' 'A' 'U' 'M' 'A' 'A' 'U' 'U' 'M' 'U' 'M' 'A'
 'M' 'A' 'A' 'U' 'A' 'U' 'U' 'U' 'M' 'M' 'M' 'M' 'M' 'M' 'A' 'M' 'U' 'M']"
2801,1,145,40,105,53,0,0,"['M' 'M' 'U' 'A' 'M' 'M' 'U' 'M' 'U' 'M' 'M' 'A' 'M' 'U' 'A' 'A' 'A' 'M'
 'M' 'M' 'M' 'A' 'M' 'M' 'M' 'U' 'A' 'M' 'A' 'M' 'U' 'U' 'U' 'U' 'A' 'U'
 'U' 'A' 'A' 'M' 'U' 'A' 'A' 'A' 'U' 'M' 'U' 'M' 'U' 'M' 'M' 'A' 'M' 'U'
 'U' 'M' 'M' 'U' 'M' 'U' 'A' 'A' 'U' 'M' 'M' 'M' 'M' 'M' 'M' 'M' 'M' 'M'
 'M' 'M' 'M' 'M' 'M' 'M' 'U' 'M' 'M' 'M' 'M' 'M' 'M' 'M' 'M' 'M' 'M' 'M'
 'M' 'M' 'M' 'M' 'M' 'M' 'M' 'M' 'A' 'U' 'M' 'M' 'U' 'M' 'U' 'M' 'M' 'M'
 'U' 'U' 'M' 'U' 'A' 'U' 'M' 'M' 'M' 'A' 'M' 'M' 'A' 'U' 'M' 'M' 'M' 'A'
 'M' 'M' 'U' 'A' 'A' 'U' 'U' 'A' 'A' 'U' 'U' 'U' 'A' 'U' 'U' 'M' 'M' 'A'
 'U' 'M' 'M' 'U' 'M' 'M' 'A' 'M' 'U' 'A' 'U' 'U' 'M' 'M' 'U' 'M' 'M' 'M'
 'U' 'U' 'M' 'M' 'U' 'A' 'M' 'A' 'M' 'M' 'A' 'A' 'U' 'A' 'M' 'M' 'U' 'A'
 'M' 'A' 'A' 'U' 'U' 'U' 'A' 'U' 'M' 'M' 'M' 'M' 'M' 'M' 'A' 'M' 'U' 'M']"
2901,1,154,40,114,44,0,1,"['M' 'M' 'U' 'U' 'M' 'M' 'A' 'M' 'U' 'M' 'M' 'A' 'A' 'U' 'A' 'A' 'A' 'M'
 'M' 'M' 'M' 'A' 'M' 'U' 'M' 'A' 'A' 'M' 'A' 'U' 'A' 'M' 'A' 'U' 'A' 'M'
 'U' 'A' 'A' 'M' 'U' 'A' 'A' 'U' 'U' 'M' 'U' 'M' 'U' 'M' 'M' 'A' 'M' 'U'
 'M' 'M' 'M' 'A' 'M' 'U' 'U' 'A' 'U' 'U' 'M' 'M' 'M' 'M' 'M' 'M' 'M' 'M'
 'M' 'M' 'M' 'M' 'M' 'M' 'M' 'M' 'M' 'M' 'M' 'M' 'M' 'M' 'M' 'M' 'U' 'M'
 'M' 'M' 'M' 'M' 'M' 'M' 'M' 'M' 'A' 'U' 'M' 'M' 'U' 'M' 'U' 'M' 'U' 'M'
 'A' 'M' 'M' 'M' 'A' 'M' 'M' 'M' 'M' 'U' 'M' 'M' 'A' 'M' 'M' 'M' 'M' 'A'
 'M' 'M' 'U' 'A' 'A' 'U' 'M' 'U' 'A' 'A' 'U' 'U' 'U' 'U' 'U' 'M' 'M' 'A'
 'M' 'M' 'M' 'M' 'M' 'M' 'A' 'M' 'U' 'U' 'U' 'A' 'M' 'M' 'U' 'M' 'M' 'M'
 'U' 'M' 'M' 'M' 'U' 'A' 'M' 'U' 'M' 'M' 'A' 'A' 'U' 'A' 'M' 'M' 'A' 'A'
 'M' 'M' 'U' 'U' 'M' 'M' 'A' 'U' 'M' 'M' 'M' 'M' 'M' 'M' 'A' 'M' 'U' 'M']"
3001,1,157,38,119,41,0,1,"['M' 'M' 'U' 'U' 'M' 'M' 'A' 'M' 'U' 'M' 'M' 'U' 'M' 'A' 'A' 'A' 'A' 'M'
 'M' 'M' 'M' 'A' 'M' 'M' 'M' 'A' 'A' 'M' 'A' 'M' 'A' 'M' 'A' 'U' 'A' 'M'
 'U' 'A' 'A' 'M' 'U' 'U' 'M' 'U' 'U' 'M' 'U' 'M' 'U' 'M' 'M' 'A' 'M' 'U'
 'M' 'M' 'M' 'A' 'M' 'U' 'U' 'A' 'U' 'U' 'M' 'M' 'M' 'M' 'M' 'M' 'M' 'M'
 'M' 'M' 'M' 'M' 'M' 'M' 'U' 'M' 'M' 'M' 'M' 'M' 'M' 'M' 'M' 'M' 'M' 'M'
 'M' 'M' 'M' 'M' 'M' 'M' 'M' 'M' 'A' 'U' 'M' 'U' 'U' 'U' 'U' 'M' 'U' 'M'
 'A' 'M' 'M' 'M' 'A' 'M' 'U' 'M' 'M' 'M' 'M' 'M' 'A' 'M' 'M' 'M' 'M' 'U'
 'M' 'M' 'U' 'A' 'A' 'U' 'A' 'A' 'A' 'A' 'A' 'A' 'A' 'U' 'U' 'M' 'M' 'A'
 'M' 'M' 'M' 'M' 'M' 'M' 'M' 'M' 'M' 'M' 'U' 'A' 'M' 'M' 'M' 'M' 'M' 'U'
 'M' 'M' 'M' 'M' 'U' 'U' 'M' 'M' 'M' 'M' 'A' 'U' 'U' 'A' 'U' 'M' 'A' 'A'
 'M' 'M' 'U' 'A' 'M' 'M' 'A' 'M' 'M' 'M' 'U' 'M' 'M' 'M' 'U' 'M' 'U' 'M']"
3101,1,154,31,123,44,0,0,"['M' 'M' 'U' 'M' 'M' 'M' 'U' 'M' 'M' 'M' 'M' 'U' 'M' 'A' 'A' 'A' 'A' 'M'
 'M' 'M' 'M' 'A' 'M' 'M' 'M' 'A' 'U' 'U' 'A' 'M' 'U' 'M' 'A' 'U' 'U' 'M'
 'U' 'A' 'A' 'M' 'U' 'M' 'M' 'U' 'U' 'M' 'U' 'M' 'M' 'M' 'M' 'A' 'M' 'U'
 'U' 'M' 'M' 'A' 'M' 'U' 'M' 'U' 'M' 'U' 'M' 'M' 'M' 'M' 'M' 'M' 'M' 'M'
 'M' 'M' 'M' 'M' 'M' 'M' 'M' 'M' 'M' 'M' 'M' 'M' 'M' 'M' 'M' 'U' 'M' 'M'
 'M' 'M' 'M' 'M' 'M' 'U' 'M' 'M' 'U' 'U' 'M' 'U' 'U' 'U' 'U' 'M' 'M' 'M'
 'A' 'M' 'M' 'M' 'U' 'M' 'U' 'M' 'M' 'M' 'M' 'M' 'A' 'M' 'M' 'M' 'M' 'U'
 'M' 'U' 'M' 'U' 'A' 'A' 'A' 'A' 'A' 'A' 'A' 'A' 'A' 'U' 'U' 'M' 'M' 'A'
 'M' 'M' 'M' 'M' 'M' 'M' 'U' 'M' 'M' 'M' 'U' 'A' 'M' 'M' 'M' 'M' 'M' 'U'
 'M' 'M' 'M' 'M' 'U' 'U' 'U' 'M' 'M' 'M' 'M' 'M' 'U' 'A' 'U' 'M' 'A' 'U'
 'M' 'M' 'U' 'A' 'M' 'M' 'A' 'M' 'M' 'M' 'A' 'M' 'M' 'M' 'A' 'M' 'U' 'M']"
3201,1,165,30,135,33,0,0,"['M' 'M' 'U' 'M' 'M' 'M' 'M' 'M' 'M' 'M' 'M' 'U' 'M' 'U' 'A' 'A' 'A' 'M'
 'M' 'M' 'M' 'M' 'M' 'M' 'M' 'A' 'M' 'A' 'A' 'M' 'M' 'M' 'A' 'A' 'M' 'M'
 'U' 'A' 'U' 'U' 'U' 'M' 'M' 'U' 'U' 'M' 'M' 'M' 'M' 'M' 'M' 'A' 'M' 'U'
 'U' 'M' 'M' 'A' 'M' 'M' 'M' 'U' 'M' 'M' 'M' 'M' 'M' 'M' 'M' 'M' 'M' 'U'
 'M' 'M' 'M' 'M' 'M' 'M' 'M' 'M' 'M' 'M' 'M' 'M' 'M' 'M' 'M' 'M' 'M' 'M'
 'M' 'M' 'M' 'M' 'M' 'M' 'M' 'M' 'U' 'M' 'M' 'M' 'M' 'A' 'U' 'M' 'U' 'M'
 'A' 'M' 'M' 'M' 'M' 'M' 'M' 'M' 'M' 'M' 'M' 'M' 'A' 'M' 'M' 'M' 'M' 'U'
 'M' 'U' 'M' 'U' 'A' 'M' 'U' 'A' 'A' 'A' 'A' 'A' 'A' 'U' 'U' 'M' 'U' 'A'
 'M' 'M' 'M' 'M' 'M' 'M' 'A' 'M' 'M' 'M' 'U' 'A' 'M' 'M' 'M' 'M' 'U' 'U'
 'M' 'M' 'U' 'M' 'M' 'U' 'M' 'M' 'M' 'M' 'M' 'M' 'U' 'A' 'A' 'M' 'A' 'U'
 'M' 'M' 'U' 'U' 'M' 'M' 'A' 'M' 'M' 'M' 'A' 'M' 'M' 'M' 'A' 'M' 'U' 'M']"
3301,1,164,27,137,34,0,0,"['M' 'M' 'M' 'M' 'M' 'M' 'M' 'M' 'M' 'M' 'M' 'U' 'M' 'M' 'U' 'A' 'A' 'U'
 'U' 'M' 'M' 'M' 'M' 'M' 'M' 'U' 'M' 'A' 'A' 'M' 'M' 'M' 'A' 'A' 'M' 'M'
 'U' 'A' 'U' 'M' 'U' 'M' 'M' 'U' 'U' 'M' 'M' 'U' 'M' 'M' 'M' 'A' 'M' 'U'
 'M' 'M' 'U' 'A' 'M' 'M' 'M' 'U' 'M' 'M' 'M' 'M' 'M' 'M' 'M' 'M' 'M' 'M'
 'M' 'U' 'M' 'M' 'M' 'M' 'M' 'M' 'M' 'M' 'M' 'M' 'M' 'M' 'M' 'M' 'M' 'M'
 'M' 'M' 'M' 'M' 'M' 'M' 'M' 'M' 'A' 'M' 'M' 'M' 'M' 'M' 'U' 'M' 'U' 'M'
 'A' 'M' 'U' 'M' 'M' 'M' 'M' 'M' 'M' 'M' 'M' 'M' 'A' 'M' 'M' 'M' 'M' 'U'
 'M' 'U' 'M' 'M' 'A' 'M' 'A' 'A' 'A' 'A' 'A' 'A' 'A' 'U' 'U' 'M' 'U' 'A'
 'M' 'M' 'M' 'M' 'M' 'M' 'A' 'M' 'M' 'M' 'U' 'A' 'M' 'U' 'M' 'M' 'M' 'U'
 'M' 'M' 'U' 'M' 'M' 'U' 'M' 'M' 'M' 'M' 'M' 'M' 'U' 'M' 'A' 'M' 'A' 'U'
 'M' 'A' 'U' 'U' 'U' 'M' 'M' 'M' 'M' 'M' 'U' 'M' 'M' 'M' 'A' 'M' 'M' 'M']"
3401,1,160,22,138,38,0,0,"['M' 'M' 'M' 'M' 'M' 'M' 'M' 'M' 'M' 'U' 'M' 'M' 'M' 'M' 'U' 'A' 'A' 'M'
 'U' 'M' 'U' 'M' 'M' 'U' 'M' 'U' 'M' 'U' 'A' 'M' 'M' 'M' 'A' 'M' 'M' 'M'
 'U' 'U' 'M' 'M' 'U' 'M' 'M' 'U' 'M' 'M' 'M' 'M' 'M' 'M' 'M' 'M' 'M' 'A'
 'M' 'M' 'U' 'A' 'M' 'A' 'M' 'U' 'U' 'M' 'M' 'M' 'M' 'M' 'M' 'M' 'M' 'M'
 'M' 'M' 'M' 'M' 'M' 'M' 'M' 'M' 'M' 'M' 'M' 'M' 'M' 'U' 'M' 'M' 'M' 'M'
 'M' 'M' 'M' 'M' 'M' 'M' 'M' 'M' 'A' 'M' 'M' 'M' 'M' 'M' 'M' 'M' 'U' 'M'
 'A' 'M' 'U' 'M' 'M' 'M' 'M' 'M' 'M' 'M' 'M' 'M' 'A' 'M' 'M' 'M' 'M' 'U'
 'U' 'U' 'U' 'M' 'A' 'M' 'U' 'U' 'A' 'A' 'U' 'U' 'A' 'U' 'U' 'M' 'U' 'A'
 'M' 'M' 'M' 'M' 'M' 'A' 'M' 'M' 'M' 'M' 'U' 'A' 'M' 'U' 'M' 'M' 'M' 'U'
 'U' 'M' 'M' 'M' 'M' 'A' 'M' 'M' 'M' 'M' 'M' 'M' 'U' 'M' 'A' 'M' 'A' 'U'
 'M' 'A' 'U' 'U' 'U' 'M' 'M' 'M' 'M' 'M' 'U' 'M' 'M' 'M' 'A' 'M' 'M' 'M']"
3501,1,163,21,142,35,0,0,"['M' 'M' 'M' 'M' 'M' 'M' 'M' 'M' 'M' 'U' 'M' 'M' 'U' 'M' 'M' 'U' 'A' 'M'
 'U' 'M' 'U' 'M' 'M' 'M' 'M' 'M' 'M' 'U' 'U' 'M' 'M' 'M' 'M' 'M' 'M' 'M'
 'U' 'U' 'M' 'M' 'U' 'M' 'M' 'U' 'M' 'M' 'M' 'M' 'M' 'M' 'M' 'M' 'M' 'A'
 'M' 'M' 'U' 'A' 'M' 'A' 'M' 'U' 'M' 'U' 'U' 'M' 'M' 'M' 'M' 'M' 'M' 'M'
 'M' 'M' 'M' 'M' 'M' 'M' 'M' 'M' 'M' 'M' 'M' 'M' 'M' 'M' 'M' 'M' 'M' 'M'
 'U' 'M' 'M' 'M' 'M' 'M' 'M' 'M' 'A' 'M' 'M' 'M' 'U' 'M' 'M' 'M' 'U' 'M'
 'A' 'M' 'U' 'M' 'M' 'M' 'M' 'U' 'M' 'M' 'M' 'M' 'A' 'M' 'M' 'M' 'M' 'U'
 'U' 'M' 'U' 'M' 'A' 'M' 'A' 'U' 'A' 'A' 'A' 'A' 'A' 'M' 'M' 'M' 'U' 'A'
 'M' 'M' 'M' 'M' 'M' 'A' 'M' 'M' 'A' 'M' 'U' 'A' 'M' 'U' 'M' 'M' 'M' 'U'
 'U' 'M' 'M' 'M' 'M' 'A' 'M' 'M' 'M' 'M' 'M' 'M' 'U' 'M' 'U' 'M' 'A' 'M'
 'M' 'A' 'U' 'M' 'U' 'M' 'M' 'M' 'M' 'M' 'U' 'M' 'M' 'M' 'U' 'M' 'M' 'M']"
3601,1,165,20,145,33,0,1,"['M' 'M' 'M' 'M' 'M' 'M' 'M' 'M' 'M' 'U' 'M' 'M' 'U' 'M' 'M' 'M' 'A' 'M'
 'U' 'M' 'U' 'M' 'M' 'M' 'M' 'M' 'M' 'M' 'U' 'M' 'M' 'U' 'M' 'M' 'M' 'M'
 'U' 'U' 'M' 'M' 'U' 'M' 'M' 'U' 'A' 'U' 'M' 'M' 'M' 'M' 'M' 'M' 'M' 'U'
 'M' 'M' 'M' 'A' 'M' 'A' 'M' 'U' 'M' 'M' 'U' 'M' 'M' 'M' 'M' 'M' 'U' 'M'
 'M' 'M' 'M' 'M' 'M' 'M' 'M' 'M' 'M' 'M' 'M' 'M' 'M' 'M' 'M' 'M' 'M' 'M'
 'M' 'M' 'M' 'M' 'M' 'M' 'M' 'M' 'A' 'M' 'M' 'M' 'M' 'M' 'M' 'M' 'M' 'M'
 'A' 'M' 'M' 'M' 'M' 'M' 'M' 'M' 'M' 'M' 'M' 'U' 'A' 'M' 'M' 'M' 'M' 'U'
 'U' 'M' 'M' 'M' 'A' 'U' 'A' 'U' 'A' 'A' 'A' 'A' 'A' 'M' 'M' 'M' 'U' 'A'
 'M' 'M' 'U' 'M' 'M' 'U' 'M' 'M' 'A' 'M' 'U' 'A' 'M' 'M' 'M' 'M' 'M' 'U'
 'U' 'M' 'M' 'M' 'M' 'M' 'M' 'U' 'M' 'M' 'M' 'M' 'U' 'M' 'U' 'M' 'A' 'M'
 'M' 'A' 'A' 'M' 'U' 'M' 'M' 'M' 'M' 'M' 'U' 'M' 'M' 'M' 'U' 'M' 'U' 'M']"
3701,1,164,11,153,34,0,0,"['M' 'M' 'M' 'M' 'M' 'M' 'M' 'M' 'M' 'U' 'M' 'M' 'M' 'M' 'M' 'M' 'U' 'M'
 'U' 'M' 'U' 'M' 'M' 'M' 'M' 'M' 'M' 'M' 'M' 'M' 'M' 'M' 'M' 'M' 'M' 'M'
 'U' 'U' 'M' 'M' 'U' 'M' 'M' 'U' 'U' 'U' 'M' 'M' 'M' 'M' 'M' 'M' 'M' 'U'
 'M' 'M' 'M' 'A' 'M' 'A' 'M' 'M' 'M' 'M' 'U' 'M' 'M' 'M' 'M' 'M' 'M' 'M'
 'M' 'M' 'M' 'M' 'M' 'M' 'M' 'M' 'U' 'M' 'M' 'M' 'M' 'M' 'M' 'M' 'M' 'M'
 'M' 'M' 'M' 'M' 'M' 'M' 'M' 'M' 'A' 'U' 'M' 'M' 'M' 'M' 'M' 'U' 'M' 'M'
 'A' 'M' 'M' 'M' 'M' 'M' 'M' 'M' 'M' 'M' 'M' 'M' 'U' 'M' 'M' 'M' 'M' 'M'
 'M' 'M' 'M' 'M' 'A' 'U' 'A' 'U' 'A' 'U' 'U' 'A' 'U' 'M' 'M' 'M' 'U' 'A'
 'M' 'M' 'M' 'M' 'M' 'U' 'M' 'M' 'A' 'M' 'U' 'M' 'M' 'M' 'M' 'M' 'M' 'M'
 'U' 'M' 'M' 'M' 'M' 'U' 'M' 'M' 'M' 'M' 'M' 'M' 'U' 'M' 'U' 'M' 'U' 'M'
 'M' 'A' 'U' 'U' 'U' 'M' 'M' 'M' 'M' 'M' 'M' 'M' 'M' 'M' 'U' 'M' 'U' 'M']"
3801,1,174,11,163,24,0,0,"['M' 'M' 'U' 'M' 'M' 'M' 'M' 'M' 'M' 'M' 'M' 'M' 'M' 'M' 'M' 'M' 'U' 'M'
 'M' 'M' 'M' 'M' 'M' 'M' 'M' 'M' 'M' 'M' 'M' 'M' 'M' 'M' 'M' 'M' 'M' 'M'
 'M' 'M' 'M' 'M' 'U' 'M' 'M' 'U' 'U' 'U' 'M' 'M' 'M' 'M' 'M' 'M' 'M' 'M'
 'M' 'M' 'M' 'A' 'M' 'U' 'M' 'M' 'M' 'M' 'U' 'M' 'M' 'M' 'M' 'M' 'M' 'M'
 'M' 'M' 'M' 'M' 'M' 'M' 'M' 'M' 'M' 'M' 'M' 'M' 'M' 'M' 'M' 'M' 'M' 'M'
 'M' 'M' 'M' 'M' 'U' 'M' 'M' 'M' 'A' 'M' 'U' 'M' 'M' 'M' 'M' 'M' 'U' 'M'
 'A' 'M' 'M' 'M' 'M' 'M' 'M' 'M' 'M' 'M' 'M' 'M' 'U' 'M' 'M' 'M' 'M' 'M'
 'M' 'M' 'M' 'M' 'A' 'U' 'U' 'A' 'A' 'U' 'A' 'A' 'A' 'M' 'M' 'M' 'M' 'A'
 'M' 'M' 'M' 'M' 'M' 'U' 'M' 'M' 'A' 'M' 'U' 'M' 'M' 'M' 'M' 'M' 'M' 'M'
 'U' 'M' 'M' 'M' 'M' 'M' 'M' 'M' 'M' 'M' 'M' 'M' 'U' 'M' 'M' 'M' 'U' 'M'
 'M' 'U' 'M' 'U' 'U' 'M' 'M' 'M' 'M' 'M' 'M' 'M' 'M' 'M' 'U' 'M' 'M' 'M']"
3901,1,180,11,169,18,0,0,"['M' 'M' 'M' 'M' 'M' 'M' 'M' 'M' 'M' 'M' 'M' 'M' 'M' 'M' 'M' 'M' 'U' 'M'
 'M' 'M' 'M' 'M' 'M' 'M' 'M' 'M' 'M' 'M' 'M' 'M' 'M' 'M' 'M' 'M' 'M' 'M'
 'M' 'M' 'M' 'M' 'M' 'M' 'M' 'U' 'U' 'U' 'M' 'M' 'M' 'M' 'M' 'M' 'M' 'M'
 'M' 'M' 'M' 'A' 'M' 'M' 'M' 'M' 'M' 'M' 'M' 'M' 'M' 'M' 'M' 'M' 'M' 'M'
 'M' 'M' 'M' 'M' 'M' 'M' 'U' 'M' 'M' 'M' 'M' 'M' 'M' 'M' 'M' 'M' 'M' 'M'
 'M' 'M' 'M' 'M' 'M' 'M' 'M' 'M' 'U' 'M' 'U' 'M' 'M' 'M' 'M' 'M' 'U' 'M'
 'U' 'M' 'M' 'M' 'M' 'M' 'M' 'M' 'M' 'M' 'M' 'M' 'M' 'M' 'M' 'M' 'M' 'M'
 'M' 'M' 'M' 'M' 'A' 'A' 'A' 'A' 'A' 'A' 'A' 'U' 'A' 'M' 'M' 'M' 'M' 'A'
 'M' 'M' 'M' 'M' 'M' 'M' 'M' 'M' 'A' 'M' 'U' 'M' 'M' 'M' 'M' 'M' 'M' 'M'
 'M' 'M' 'M' 'M' 'U' 'M' 'M' 'M' 'M' 'M' 'M' 'M' 'U' 'M' 'M' 'M' 'U' 'M'
 'M' 'U' 'M' 'U' 'U' 'M' 'M' 'M' 'M' 'M' 'M' 'M' 'M' 'M' 'U' 'M' 'M' 'M']"
4001,1,179,8,171,19,0,1,"['M' 'M' 'M' 'M' 'M' 'M' 'M' 'M' 'M' 'M' 'M' 'U' 'M' 'M' 'M' 'M' 'U' 'M'
 'M' 'M' 'M' 'M' 'M' 'M' 'M' 'M' 'M' 'M' 'U' 'M' 'M' 'M' 'M' 'M' 'M' 'M'
 'M' 'M' 'M' 'M' 'M' 'M' 'M' 'M' 'M' 'U' 'M' 'M' 'M' 'U' 'M' 'M' 'M' 'M'
 'M' 'M' 'M' 'U' 'M' 'M' 'M' 'M' 'M' 'M' 'M' 'M' 'U' 'M' 'M' 'M' 'M' 'M'
 'M' 'M' 'M' 'M' 'M' 'M' 'M' 'M' 'M' 'M' 'M' 'M' 'M' 'M' 'M' 'M' 'M' 'M'
 'M' 'M' 'M' 'M' 'M' 'M' 'M' 'M' 'U' 'M' 'U' 'M' 'M' 'M' 'M' 'M' 'M' 'M'
 'U' 'M' 'M' 'M' 'M' 'M' 'M' 'M' 'M' 'M' 'M' 'M' 'M' 'M' 'M' 'M' 'M' 'M'
 'M' 'M' 'M' 'M' 'A' 'A' 'A' 'A' 'A' 'A' 'U' 'M' 'U' 'M' 'M' 'M' 'M' 'A'
 'M' 'M' 'M' 'M' 'M' 'M' 'U' 'M' 'A' 'M' 'U' 'M' 'M' 'M' 'M' 'M' 'M' 'M'
 'M' 'M' 'M' 'M' 'U' 'M' 'M' 'M' 'M' 'M' 'M' 'M' 'U' 'M' 'M' 'M' 'U' 'M'
 'M' 'M' 'M' 'U' 'U' 'M' 'M' 'M' 'M' 'M' 'M' 'M' 'M' 'M' 'M' 'M' 'M' 'M']"
4101,1,184,10,174,14,0,0,"['M' 'M' 'M' 'M' 'M' 'M' 'M' 'M' 'M' 'M' 'M' 'U' 'M' 'M' 'M' 'M' 'M' 'M'
 'M' 'M' 'M' 'M' 'M' 'M' 'M' 'M' 'M' 'M' 'U' 'M' 'M' 'M' 'M' 'M' 'M' 'U'
 'M' 'M' 'M' 'M' 'M' 'M' 'M' 'M' 'M' 'M' 'M' 'M' 'M' 'U' 'M' 'M' 'M' 'M'
 'M' 'M' 'M' 'M' 'M' 'M' 'U' 'M' 'M' 'M' 'M' 'M' 'M' 'M' 'M' 'M' 'M' 'M'
 'M' 'M' 'M' 'M' 'M' 'M' 'M' 'M' 'M' 'U' 'M' 'M' 'M' 'M' 'M' 'M' 'M' 'M'
 'M' 'M' 'M' 'M' 'M' 'M' 'M' 'M' 'M' 'M' 'M' 'M' 'M' 'M' 'M' 'M' 'M' 'M'
 'M' 'M' 'M' 'M' 'M' 'M' 'M' 'M' 'M' 'M' 'M' 'M' 'M' 'M' 'M' 'M' 'M' 'M'
 'M' 'M' 'M' 'M' 'A' 'A' 'A' 'A' 'A' 'A' 'A' 'A' 'U' 'M' 'M' 'M' 'M' 'A'
 'M' 'M' 'M' 'M' 'M' 'M' 'U' 'M' 'A' 'M' 'U' 'M' 'M' 'M' 'M' 'M' 'M' 'M'
 'M' 'M' 'M' 'M' 'U' 'M' 'M' 'M' 'M' 'M' 'M' 'M' 'U' 'M' 'M' 'M' 'U' 'M'
 'M' 'M' 'M' 'U' 'U' 'M' 'M' 'M' 'M' 'M' 'M' 'M' 'M' 'M' 'M' 'M' 'M' 'M']"
4201,1,187,12,175,11,0,0,"['M' 'M' 'M' 'M' 'M' 'M' 'M' 'M' 'M' 'M' 'M' 'U' 'M' 'M' 'M' 'M' 'M' 'M'
 'M' 'M' 'M' 'M' 'M' 'M' 'M' 'M' 'M' 'M' 'U' 'M' 'M' 'M' 'U' 'M' 'M' 'M'
 'M' 'M' 'M' 'M' 'M' 'M' 'U' 'M' 'M' 'M' 'M' 'M' 'M' 'U' 'M' 'M' 'M' 'M'
 'M' 'M' 'M' 'M' 'M' 'M' 'U' 'M' 'M' 'M' 'M' 'M' 'M' 'M' 'M' 'M' 'M' 'M'
 'M' 'M' 'M' 'M' 'M' 'M' 'M' 'U' 'M' 'M' 'M' 'M' 'M' 'M' 'M' 'M' 'M' 'M'
 'M' 'M' 'M' 'M' 'M' 'M' 'M' 'M' 'M' 'M' 'M' 'M' 'M' 'M' 'M' 'M' 'M' 'M'
 'M' 'M' 'M' 'M' 'M' 'M' 'M' 'M' 'M' 'M' 'M' 'M' 'M' 'M' 'M' 'M' 'M' 'M'
 'M' 'M' 'M' 'M' 'A' 'A' 'A' 'A' 'A' 'A' 'A' 'A' 'A' 'M' 'M' 'M' 'M' 'A'
 'M' 'M' 'M' 'M' 'M' 'M' 'U' 'M' 'A' 'M' 'M' 'M' 'M' 'M' 'M' 'M' 'M' 'M'
 'M' 'M' 'M' 'M' 'M' 'M' 'M' 'M' 'M' 'M' 'M' 'M' 'A' 'M' 'M' 'M' 'U' 'M'
 'M' 'M' 'M' 'U' 'U' 'M' 'M' 'M' 'M' 'M' 'M' 'M' 'M' 'M' 'M' 'M' 'M' 'M']"
4301,1,188,10,178,10,0,1,"['M' 'M' 'M' 'M' 'M' 'M' 'M' 'M' 'M' 'M' 'M' 'U' 'M' 'M' 'M' 'M' 'M' 'M'
 'M' 'M' 'M' 'M' 'M' 'M' 'M' 'M' 'M' 'M' 'U' 'M' 'M' 'M' 'M' 'M' 'M' 'M'
 'M' 'M' 'M' 'M' 'M' 'M' 'U' 'M' 'M' 'M' 'M' 'M' 'M' 'M' 'M' 'M' 'M' 'M'
 'M' 'M' 'M' 'M' 'M' 'M' 'U' 'M' 'M' 'M' 'M' 'U' 'M' 'M' 'M' 'M' 'M' 'M'
 'M' 'M' 'M' 'M' 'M' 'M' 'M' 'M' 'M' 'M' 'M' 'M' 'M' 'M' 'M' 'M' 'M' 'M'
 'M' 'M' 'M' 'M' 'M' 'M' 'M' 'M' 'M' 'M' 'M' 'M' 'M' 'M' 'M' 'M' 'M' 'M'
 'M' 'M' 'M' 'M' 'M' 'M' 'M' 'M' 'M' 'M' 'M' 'M' 'M' 'M' 'M' 'M' 'M' 'M'
 'M' 'M' 'M' 'M' 'A' 'A' 'A' 'A' 'U' 'A' 'A' 'A' 'A' 'M' 'M' 'M' 'M' 'A'
 'M' 'M' 'M' 'M' 'M' 'M' 'U' 'M' 'A' 'M' 'M' 'M' 'M' 'M' 'M' 'M' 'M' 'M'
 'M' 'M' 'M' 'M' 'M' 'M' 'M' 'M' 'M' 'M' 'M' 'M' 'U' 'M' 'M' 'M' 'U' 'M'
 'M' 'M' 'M' 'M' 'U' 'M' 'M' 'M' 'M' 'M' 'M' 'M' 'M' 'M' 'M' 'M' 'M' 'M']"
4401,1,182,11,171,16,0,0,"['M' 'M' 'M' 'M' 'M' 'M' 'M' 'M' 'M' 'M' 'M' 'M' 'M' 'M' 'M' 'M' 'M' 'U'
 'M' 'M' 'M' 'M' 'M' 'M' 'M' 'M' 'M' 'M' 'M' 'M' 'M' 'M' 'M' 'M' 'M' 'M'
 'M' 'M' 'M' 'M' 'M' 'M' 'M' 'M' 'M' 'M' 'M' 'M' 'M' 'M' 'M' 'M' 'M' 'M'
 'M' 'M' 'M' 'M' 'M' 'M' 'U' 'M' 'M' 'M' 'M' 'M' 'U' 'M' 'M' 'M' 'M' 'M'
 'M' 'M' 'M' 'M' 'M' 'M' 'M' 'M' 'M' 'M' 'M' 'M' 'M' 'M' 'M' 'M' 'M' 'M'
 'M' 'M' 'M' 'M' 'M' 'M' 'M' 'M' 'M' 'M' 'M' 'M' 'M' 'M' 'M' 'M' 'M' 'M'
 'M' 'M' 'M' 'M' 'M' 'M' 'M' 'M' 'M' 'M' 'M' 'M' 'M' 'U' 'U' 'M' 'M' 'M'
 'M' 'M' 'M' 'U' 'A' 'A' 'A' 'A' 'A' 'A' 'A' 'A' 'A' 'M' 'M' 'M' 'M' 'A'
 'M' 'M' 'M' 'M' 'M' 'M' 'U' 'M' 'A' 'M' 'M' 'M' 'M' 'M' 'M' 'M' 'M' 'U'
 'M' 'M' 'U' 'M' 'M' 'M' 'M' 'M' 'M' 'M' 'M' 'M' 'U' 'M' 'M' 'U' 'U' 'M'
 'M' 'M' 'M' 'U' 'U' 'M' 'M' 'U' 'M' 'M' 'M' 'M' 'M' 'U' 'M' 'M' 'M' 'M']"
4501,1,183,8,175,15,0,0,"['M' 'M' 'M' 'M' 'M' 'M' 'M' 'M' 'M' 'M' 'M' 'M' 'M' 'M' 'M' 'M' 'M' 'M'
 'M' 'M' 'M' 'M' 'M' 'M' 'M' 'M' 'M' 'M' 'U' 'M' 'M' 'M' 'M' 'M' 'M' 'M'
 'M' 'M' 'M' 'M' 'M' 'M' 'M' 'M' 'M' 'M' 'M' 'M' 'M' 'M' 'M' 'M' 'M' 'M'
 'M' 'M' 'M' 'M' 'M' 'M' 'U' 'M' 'M' 'M' 'M' 'M' 'M' 'M' 'M' 'M' 'M' 'U'
 'M' 'M' 'M' 'M' 'M' 'M' 'M' 'M' 'M' 'M' 'M' 'M' 'M' 'M' 'M' 'M' 'M' 'M'
 'M' 'M' 'M' 'M' 'M' 'M' 'M' 'M' 'M' 'M' 'M' 'M' 'M' 'M' 'M' 'M' 'M' 'M'
 'M' 'M' 'M' 'M' 'M' 'M' 'M' 'M' 'M' 'M' 'M' 'M' 'M' 'M' 'U' 'M' 'M' 'M'
 'M' 'M' 'M' 'U' 'A' 'U' 'A' 'A' 'A' 'A' 'A' 'A' 'A' 'M' 'M' 'M' 'M' 'U'
 'U' 'M' 'M' 'M' 'M' 'M' 'U' 'M' 'U' 'M' 'M' 'M' 'M' 'M' 'M' 'M' 'M' 'M'
 'M' 'M' 'U' 'M' 'M' 'M' 'M' 'M' 'M' 'M' 'M' 'M' 'U' 'M' 'U' 'U' 'M' 'M'
 'M' 'M' 'M' 'M' 'U' 'M' 'M' 'M' 'M' 'M' 'M' 'M' 'M' 'M' 'M' 'M' 'M' 'M']"
4601,1,184,9,175,14,0,1,"['M' 'M' 'M' 'M' 'M' 'M' 'M' 'M' 'M' 'M' 'M' 'M' 'M' 'M' 'M' 'M' 'M' 'M'
 'M' 'M' 'M' 'M' 'M' 'M' 'M' 'M' 'M' 'M' 'M' 'M' 'M' 'M' 'M' 'M' 'M' 'M'
 'M' 'M' 'M' 'M' 'M' 'M' 'U' 'M' 'M' 'M' 'M' 'U' 'M' 'M' 'M' 'M' 'M' 'M'
 'M' 'M' 'M' 'M' 'M' 'M' 'U' 'M' 'M' 'M' 'M' 'M' 'M' 'M' 'M' 'M' 'M' 'M'
 'M' 'M' 'M' 'M' 'M' 'M' 'M' 'M' 'M' 'M' 'U' 'M' 'M' 'M' 'M' 'M' 'M' 'M'
 'M' 'M' 'M' 'M' 'M' 'M' 'M' 'M' 'M' 'M' 'M' 'U' 'M' 'M' 'M' 'M' 'M' 'M'
 'M' 'M' 'M' 'M' 'M' 'M' 'M' 'M' 'M' 'M' 'M' 'M' 'M' 'M' 'M' 'M' 'M' 'M'
 'M' 'M' 'M' 'U' 'A' 'A' 'A' 'A' 'A' 'A' 'A' 'A' 'A' 'M' 'M' 'M' 'M' 'U'
 'U' 'M' 'M' 'M' 'M' 'M' 'M' 'M' 'U' 'M' 'M' 'M' 'M' 'M' 'M' 'M' 'U' 'M'
 'M' 'M' 'U' 'M' 'M' 'M' 'M' 'M' 'M' 'M' 'M' 'M' 'U' 'M' 'U' 'U' 'M' 'M'
 'M' 'M' 'M' 'M' 'M' 'M' 'M' 'M' 'M' 'M' 'M' 'M' 'M' 'M' 'M' 'M' 'M' 'M']"
4701,1,180,8,172,18,0,0,"['M' 'M' 'M' 'M' 'M' 'M' 'M' 'M' 'M' 'M' 'M' 'M' 'M' 'M' 'M' 'M' 'M' 'M'
 'M' 'M' 'M' 'M' 'M' 'M' 'M' 'M' 'M' 'M' 'M' 'M' 'M' 'M' 'M' 'M' 'M' 'M'
 'M' 'M' 'M' 'M' 'M' 'M' 'U' 'M' 'U' 'M' 'M' 'U' 'M' 'M' 'M' 'M' 'M' 'M'
 'M' 'M' 'M' 'M' 'M' 'M' 'U' 'M' 'M' 'M' 'M' 'M' 'M' 'M' 'M' 'M' 'M' 'M'
 'U' 'M' 'M' 'M' 'M' 'M' 'M' 'M' 'M' 'M' 'M' 'M' 'M' 'M' 'M' 'M' 'M' 'M'
 'M' 'M' 'M' 'M' 'M' 'M' 'M' 'M' 'M' 'M' 'M' 'U' 'M' 'M' 'M' 'M' 'M' 'M'
 'M' 'M' 'M' 'M' 'M' 'M' 'M' 'M' 'M' 'M' 'M' 'U' 'M' 'M' 'M' 'M' 'M' 'M'
 'M' 'M' 'M' 'M' 'A' 'A' 'A' 'A' 'U' 'A' 'A' 'A' 'A' 'M' 'M' 'M' 'M' 'U'
 'U' 'M' 'M' 'M' 'M' 'M' 'M' 'M' 'U' 'M' 'M' 'M' 'U' 'M' 'M' 'M' 'U' 'M'
 'M' 'M' 'U' 'M' 'M' 'M' 'M' 'M' 'M' 'M' 'M' 'M' 'U' 'M' 'U' 'U' 'M' 'M'
 'M' 'U' 'M' 'M' 'M' 'M' 'M' 'M' 'M' 'M' 'M' 'M' 'M' 'M' 'M' 'M' 'M' 'M']"
4801,1,181,8,173,17,0,1,"['M' 'M' 'M' 'M' 'M' 'M' 'M' 'M' 'M' 'M' 'M' 'M' 'M' 'M' 'M' 'M' 'M' 'M'
 'M' 'M' 'M' 'M' 'M' 'M' 'M' 'M' 'M' 'M' 'M' 'M' 'M' 'M' 'M' 'M' 'M' 'M'
 'M' 'M' 'M' 'M' 'M' 'M' 'U' 'M' 'U' 'M' 'M' 'U' 'M' 'M' 'M' 'M' 'M' 'M'
 'M' 'M' 'M' 'M' 'M' 'M' 'M' 'M' 'M' 'M' 'M' 'M' 'M' 'M' 'M' 'M' 'M' 'M'
 'M' 'M' 'M' 'M' 'M' 'M' 'M' 'M' 'M' 'M' 'M' 'M' 'M' 'M' 'M' 'M' 'M' 'M'
 'M' 'U' 'M' 'M' 'M' 'M' 'M' 'M' 'M' 'M' 'M' 'U' 'M' 'M' 'M' 'M' 'M' 'M'
 'M' 'M' 'M' 'M' 'M' 'U' 'M' 'M' 'M' 'M' 'M' 'U' 'M' 'U' 'M' 'M' 'M' 'M'
 'M' 'M' 'M' 'M' 'A' 'A' 'U' 'A' 'A' 'A' 'A' 'U' 'A' 'M' 'M' 'M' 'M' 'U'
 'U' 'M' 'M' 'M' 'M' 'M' 'M' 'M' 'U' 'M' 'M' 'M' 'U' 'M' 'M' 'M' 'M' 'M'
 'M' 'M' 'U' 'M' 'M' 'M' 'M' 'M' 'M' 'M' 'M' 'M' 'M' 'M' 'U' 'U' 'M' 'M'
 'M' 'A' 'M' 'M' 'M' 'M' 'M' 'M' 'M' 'M' 'M' 'M' 'M' 'M' 'M' 'M' 'M' 'M']"
4901,1,187,9,178,11,0,0,"['M' 'M' 'M' 'M' 'M' 'M' 'M' 'M' 'M' 'M' 'M' 'M' 'M' 'M' 'M' 'M' 'M' 'M'
 'M' 'M' 'M' 'M' 'M' 'M' 'M' 'M' 'M' 'M' 'M' 'M' 'M' 'M' 'M' 'M' 'M' 'M'
 'M' 'M' 'M' 'M' 'M' 'M' 'M' 'M' 'U' 'M' 'M' 'U' 'M' 'M' 'M' 'M' 'M' 'M'
 'M' 'M' 'M' 'M' 'M' 'M' 'M' 'M' 'M' 'M' 'M' 'M' 'M' 'M' 'M' 'M' 'M' 'M'
 'M' 'U' 'M' 'M' 'M' 'M' 'M' 'M' 'M' 'M' 'M' 'M' 'M' 'M' 'M' 'M' 'M' 'M'
 'M' 'M' 'M' 'M' 'M' 'M' 'M' 'M' 'M' 'M' 'M' 'M' 'M' 'M' 'M' 'M' 'M' 'M'
 'M' 'M' 'M' 'M' 'M' 'U' 'M' 'M' 'M' 'M' 'M' 'U' 'M' 'U' 'M' 'M' 'M' 'M'
 'M' 'M' 'M' 'M' 'A' 'A' 'A' 'A' 'A' 'A' 'A' 'U' 'A' 'M' 'M' 'M' 'M' 'M'
 'M' 'M' 'M' 'M' 'M' 'M' 'M' 'M' 'U' 'M' 'M' 'M' 'M' 'U' 'M' 'M' 'M' 'M'
 'M' 'M' 'M' 'M' 'M' 'M' 'M' 'M' 'M' 'M' 'M' 'M' 'M' 'M' 'U' 'U' 'M' 'M'
 'M' 'A' 'M' 'M' 'M' 'M' 'M' 'M' 'M' 'M' 'M' 'M' 'M' 'M' 'M' 'M' 'M' 'M']"
5001,1,184,6,178,14,0,0,"['M' 'M' 'M' 'M' 'M' 'M' 'M' 'M' 'M' 'M' 'M' 'M' 'M' 'M' 'M' 'M' 'M' 'M'
 'M' 'M' 'M' 'M' 'M' 'U' 'U' 'M' 'M' 'M' 'M' 'M' 'M' 'M' 'M' 'M' 'M' 'M'
 'M' 'M' 'M' 'M' 'M' 'M' 'M' 'M' 'U' 'M' 'M' 'M' 'M' 'M' 'M' 'M' 'M' 'M'
 'M' 'M' 'M' 'M' 'M' 'M' 'M' 'M' 'M' 'M' 'M' 'M' 'M' 'M' 'M' 'M' 'M' 'M'
 'M' 'M' 'M' 'M' 'M' 'M' 'M' 'U' 'M' 'M' 'M' 'M' 'M' 'M' 'M' 'M' 'M' 'M'
 'M' 'M' 'M' 'M' 'M' 'M' 'M' 'M' 'M' 'M' 'M' 'M' 'M' 'M' 'M' 'M' 'M' 'M'
 'M' 'M' 'M' 'M' 'M' 'M' 'M' 'M' 'M' 'M' 'M' 'U' 'M' 'U' 'M' 'M' 'M' 'M'
 'M' 'M' 'M' 'M' 'A' 'A' 'M' 'A' 'A' 'A' 'U' 'U' 'A' 'M' 'M' 'M' 'M' 'M'
 'M' 'M' 'M' 'M' 'M' 'M' 'M' 'M' 'U' 'M' 'M' 'M' 'M' 'U' 'M' 'M' 'M' 'M'
 'M' 'M' 'M' 'U' 'M' 'M' 'M' 'M' 'M' 'M' 'M' 'M' 'M' 'M' 'U' 'U' 'M' 'M'
 'M' 'U' 'M' 'M' 'M' 'M' 'M' 'M' 'M' 'M' 'M' 'M' 'M' 'M' 'M' 'M' 'M' 'M']"
5101,1,187,6,181,11,0,0,"['M' 'M' 'M' 'M' 'M' 'M' 'M' 'M' 'M' 'M' 'M' 'M' 'M' 'M' 'M' 'M' 'M' 'M'
 'M' 'M' 'M' 'M' 'M' 'U' 'M' 'M' 'M' 'M' 'M' 'M' 'M' 'M' 'M' 'M' 'M' 'M'
 'M' 'M' 'M' 'M' 'M' 'M' 'M' 'M' 'M' 'M' 'M' 'M' 'M' 'M' 'M' 'M' 'M' 'M'
 'M' 'M' 'M' 'M' 'M' 'M' 'M' 'M' 'M' 'M' 'M' 'M' 'M' 'M' 'M' 'M' 'M' 'M'
 'M' 'M' 'M' 'M' 'M' 'M' 'M' 'M' 'M' 'M' 'M' 'M' 'M' 'M' 'M' 'M' 'M' 'M'
 'M' 'U' 'M' 'M' 'M' 'M' 'M' 'M' 'M' 'M' 'M' 'M' 'U' 'M' 'M' 'M' 'M' 'M'
 'M' 'M' 'M' 'M' 'M' 'M' 'M' 'M' 'M' 'M' 'M' 'U' 'M' 'U' 'M' 'M' 'M' 'M'
 'M' 'M' 'M' 'M' 'A' 'M' 'U' 'A' 'A' 'A' 'A' 'U' 'A' 'M' 'M' 'M' 'M' 'M'
 'M' 'M' 'M' 'M' 'M' 'M' 'M' 'M' 'U' 'M' 'M' 'M' 'M' 'M' 'M' 'M' 'M' 'M'
 'M' 'M' 'M' 'U' 'M' 'M' 'M' 'M' 'U' 'U' 'M' 'M' 'M' 'M' 'M' 'M' 'M' 'M'
 'M' 'M' 'M' 'M' 'M' 'M' 'M' 'M' 'M' 'M' 'M' 'M' 'M' 'M' 'M' 'M' 'M' 'M']"
5201,1,192,6,186,6,0,0,"['M' 'M' 'M' 'M' 'M' 'M' 'M' 'M' 'M' 'M' 'M' 'M' 'M' 'M' 'M' 'M' 'M' 'M'
 'M' 'M' 'M' 'M' 'M' 'M' 'M' 'M' 'M' 'M' 'M' 'M' 'M' 'M' 'M' 'M' 'M' 'M'
 'M' 'M' 'M' 'M' 'M' 'M' 'M' 'M' 'M' 'M' 'M' 'M' 'M' 'M' 'M' 'M' 'M' 'M'
 'M' 'M' 'M' 'M' 'M' 'M' 'M' 'M' 'M' 'M' 'M' 'M' 'M' 'M' 'M' 'M' 'M' 'M'
 'M' 'M' 'M' 'M' 'M' 'M' 'M' 'M' 'M' 'M' 'M' 'M' 'M' 'M' 'M' 'M' 'M' 'U'
 'M' 'M' 'M' 'M' 'M' 'M' 'M' 'M' 'M' 'M' 'M' 'M' 'U' 'M' 'M' 'M' 'M' 'M'
 'M' 'M' 'M' 'M' 'M' 'M' 'M' 'M' 'M' 'M' 'M' 'M' 'M' 'M' 'M' 'M' 'M' 'M'
 'M' 'M' 'M' 'M' 'A' 'M' 'A' 'A' 'U' 'A' 'M' 'A' 'A' 'M' 'M' 'M' 'M' 'M'
 'M' 'M' 'M' 'M' 'M' 'M' 'M' 'M' 'U' 'M' 'M' 'M' 'M' 'M' 'M' 'M' 'M' 'M'
 'M' 'M' 'M' 'M' 'M' 'M' 'M' 'M' 'U' 'U' 'M' 'M' 'M' 'M' 'M' 'M' 'M' 'M'
 'M' 'M' 'M' 'M' 'M' 'M' 'M' 'M' 'M' 'M' 'M' 'M' 'M' 'M' 'M' 'M' 'M' 'M']"
5301,1,193,7,186,5,0,0,"['M' 'M' 'M' 'M' 'M' 'M' 'M' 'M' 'M' 'M' 'M' 'M' 'M' 'M' 'M' 'M' 'M' 'M'
 'M' 'M' 'M' 'M' 'M' 'M' 'M' 'M' 'M' 'M' 'M' 'M' 'M' 'M' 'M' 'M' 'M' 'M'
 'M' 'M' 'M' 'M' 'M' 'M' 'M' 'M' 'M' 'M' 'M' 'M' 'U' 'M' 'M' 'M' 'M' 'M'
 'M' 'M' 'M' 'M' 'M' 'M' 'M' 'M' 'M' 'M' 'M' 'M' 'M' 'M' 'M' 'M' 'M' 'M'
 'M' 'M' 'M' 'M' 'M' 'M' 'U' 'M' 'M' 'M' 'M' 'M' 'M' 'M' 'M' 'M' 'M' 'M'
 'M' 'M' 'M' 'M' 'M' 'M' 'M' 'M' 'M' 'M' 'M' 'M' 'M' 'M' 'M' 'M' 'M' 'M'
 'M' 'M' 'M' 'M' 'M' 'M' 'M' 'M' 'M' 'M' 'M' 'M' 'M' 'M' 'M' 'M' 'M' 'M'
 'M' 'M' 'M' 'M' 'A' 'M' 'A' 'A' 'U' 'A' 'A' 'A' 'A' 'M' 'M' 'M' 'M' 'M'
 'M' 'M' 'M' 'M' 'M' 'M' 'M' 'M' 'M' 'M' 'M' 'M' 'M' 'M' 'M' 'M' 'M' 'M'
 'M' 'M' 'M' 'M' 'M' 'M' 'M' 'M' 'U' 'U' 'M' 'M' 'M' 'M' 'M' 'M' 'M' 'M'
 'M' 'M' 'M' 'M' 'M' 'M' 'M' 'M' 'M' 'M' 'M' 'M' 'M' 'M' 'M' 'M' 'M' 'M']"
5401,1,192,4,188,6,0,1,"['M' 'M' 'M' 'M' 'M' 'M' 'M' 'M' 'M' 'M' 'M' 'M' 'M' 'M' 'M' 'M' 'M' 'M'
 'M' 'M' 'M' 'M' 'M' 'M' 'M' 'M' 'M' 'M' 'M' 'M' 'M' 'M' 'M' 'M' 'M' 'M'
 'M' 'M' 'M' 'M' 'M' 'M' 'M' 'M' 'M' 'M' 'M' 'M' 'U' 'M' 'M' 'M' 'M' 'M'
 'M' 'M' 'M' 'M' 'M' 'M' 'M' 'M' 'M' 'M' 'M' 'M' 'M' 'M' 'M' 'M' 'M' 'M'
 'M' 'M' 'M' 'M' 'M' 'M' 'M' 'M' 'M' 'M' 'M' 'M' 'M' 'M' 'M' 'M' 'M' 'U'
 'M' 'M' 'M' 'M' 'M' 'M' 'M' 'M' 'M' 'M' 'M' 'M' 'M' 'M' 'M' 'M' 'M' 'M'
 'M' 'M' 'M' 'M' 'M' 'M' 'M' 'M' 'M' 'M' 'M' 'M' 'M' 'M' 'M' 'M' 'M' 'M'
 'M' 'M' 'M' 'M' 'A' 'M' 'A' 'U' 'U' 'U' 'A' 'U' 'A' 'M' 'M' 'M' 'M' 'M'
 'M' 'M' 'M' 'M' 'M' 'M' 'M' 'M' 'M' 'M' 'M' 'M' 'M' 'M' 'M' 'M' 'M' 'M'
 'M' 'M' 'M' 'M' 'M' 'M' 'M' 'M' 'M' 'M' 'M' 'M' 'M' 'M' 'M' 'M' 'M' 'M'
 'M' 'M' 'M' 'M' 'M' 'M' 'M' 'M' 'M' 'M' 'M' 'M' 'M' 'M' 'M' 'M' 'M' 'M']"
5501,1,192,3,189,6,0,0,"['M' 'M' 'M' 'M' 'M' 'M' 'M' 'M' 'M' 'M' 'M' 'M' 'M' 'M' 'M' 'M' 'M' 'M'
 'M' 'M' 'M' 'M' 'M' 'M' 'M' 'M' 'M' 'M' 'M' 'M' 'M' 'M' 'M' 'M' 'M' 'M'
 'M' 'M' 'M' 'M' 'M' 'M' 'M' 'M' 'M' 'M' 'M' 'M' 'M' 'M' 'M' 'M' 'M' 'M'
 'M' 'M' 'M' 'M' 'M' 'M' 'M' 'M' 'M' 'M' 'M' 'M' 'M' 'M' 'M' 'M' 'M' 'M'
 'M' 'M' 'M' 'M' 'M' 'M' 'M' 'M' 'M' 'M' 'M' 'M' 'M' 'M' 'M' 'M' 'M' 'M'
 'M' 'U' 'M' 'M' 'M' 'M' 'M' 'M' 'M' 'M' 'M' 'M' 'M' 'M' 'M' 'M' 'M' 'M'
 'M' 'M' 'M' 'M' 'M' 'M' 'M' 'M' 'M' 'M' 'M' 'M' 'M' 'M' 'M' 'M' 'M' 'M'
 'M' 'M' 'M' 'M' 'A' 'M' 'U' 'U' 'U' 'U' 'A' 'U' 'A' 'M' 'M' 'M' 'M' 'M'
 'M' 'M' 'M' 'M' 'M' 'M' 'M' 'M' 'M' 'M' 'M' 'M' 'M' 'M' 'M' 'M' 'M' 'M'
 'M' 'M' 'M' 'M' 'M' 'M' 'M' 'M' 'M' 'M' 'M' 'M' 'M' 'M' 'M' 'M' 'M' 'M'
 'M' 'M' 'M' 'M' 'M' 'M' 'M' 'M' 'M' 'M' 'M' 'M' 'M' 'M' 'M' 'M' 'M' 'M']"
5601,1,191,3,188,7,0,0,"['M' 'M' 'M' 'M' 'M' 'U' 'M' 'M' 'M' 'M' 'M' 'M' 'M' 'M' 'M' 'M' 'M' 'M'
 'M' 'M' 'M' 'M' 'M' 'M' 'M' 'M' 'M' 'M' 'M' 'M' 'M' 'M' 'M' 'M' 'M' 'M'
 'M' 'M' 'M' 'M' 'M' 'M' 'M' 'M' 'M' 'M' 'M' 'M' 'M' 'M' 'M' 'M' 'M' 'M'
 'M' 'M' 'M' 'M' 'M' 'M' 'M' 'M' 'M' 'M' 'M' 'M' 'U' 'M' 'M' 'M' 'M' 'M'
 'M' 'M' 'M' 'M' 'M' 'M' 'M' 'M' 'M' 'M' 'M' 'M' 'M' 'M' 'M' 'M' 'M' 'M'
 'M' 'M' 'M' 'M' 'M' 'M' 'M' 'M' 'M' 'M' 'M' 'M' 'M' 'M' 'M' 'M' 'M' 'M'
 'M' 'M' 'M' 'M' 'M' 'M' 'M' 'M' 'M' 'M' 'M' 'M' 'M' 'M' 'M' 'M' 'M' 'M'
 'M' 'M' 'M' 'M' 'A' 'M' 'U' 'U' 'U' 'U' 'A' 'U' 'A' 'M' 'M' 'M' 'M' 'M'
 'M' 'M' 'M' 'M' 'M' 'M' 'M' 'M' 'M' 'M' 'M' 'M' 'M' 'M' 'M' 'M' 'M' 'M'
 'M' 'M' 'M' 'M' 'M' 'M' 'M' 'M' 'M' 'M' 'M' 'M' 'M' 'M' 'M' 'M' 'M' 'M'
 'M' 'M' 'M' 'M' 'M' 'M' 'M' 'M' 'M' 'M' 'M' 'M' 'M' 'M' 'M' 'M' 'M' 'M']"
5701,1,192,5,187,6,0,0,"['M' 'M' 'M' 'M' 'M' 'M' 'M' 'M' 'M' 'M' 'M' 'M' 'M' 'M' 'M' 'M' 'M' 'M'
 'M' 'M' 'M' 'M' 'M' 'U' 'M' 'M' 'M' 'M' 'M' 'M' 'M' 'M' 'M' 'M' 'M' 'M'
 'M' 'M' 'M' 'M' 'M' 'M' 'M' 'M' 'M' 'M' 'M' 'M' 'M' 'M' 'M' 'M' 'M' 'M'
 'M' 'M' 'M' 'M' 'M' 'M' 'M' 'M' 'M' 'M' 'M' 'M' 'M' 'M' 'M' 'M' 'M' 'M'
 'M' 'M' 'M' 'U' 'M' 'M' 'M' 'M' 'M' 'M' 'M' 'M' 'M' 'M' 'M' 'M' 'M' 'M'
 'M' 'M' 'M' 'M' 'M' 'M' 'M' 'M' 'M' 'M' 'M' 'M' 'M' 'M' 'M' 'M' 'M' 'M'
 'M' 'M' 'M' 'U' 'M' 'M' 'M' 'M' 'M' 'M' 'M' 'M' 'M' 'M' 'M' 'M' 'M' 'M'
 'M' 'M' 'M' 'M' 'A' 'M' 'A' 'A' 'U' 'U' 'A' 'U' 'A' 'M' 'M' 'M' 'M' 'M'
 'M' 'M' 'M' 'M' 'M' 'M' 'M' 'M' 'M' 'M' 'M' 'M' 'M' 'M' 'M' 'M' 'M' 'M'
 'M' 'M' 'M' 'M' 'M' 'M' 'M' 'M' 'M' 'M' 'M' 'M' 'M' 'M' 'M' 'M' 'M' 'M'
 'M' 'M' 'M' 'M' 'M' 'M' 'M' 'M' 'M' 'M' 'M' 'M' 'M' 'M' 'M' 'M' 'M' 'M']"
5801,1,190,8,182,8,0,0,"['M' 'M' 'M' 'M' 'M' 'M' 'M' 'M' 'M' 'M' 'M' 'M' 'M' 'M' 'M' 'M' 'M' 'M'
 'M' 'M' 'M' 'M' 'M' 'U' 'M' 'M' 'U' 'M' 'M' 'M' 'M' 'M' 'M' 'M' 'M' 'M'
 'M' 'M' 'M' 'M' 'M' 'M' 'M' 'M' 'M' 'M' 'M' 'M' 'M' 'M' 'M' 'M' 'M' 'M'
 'M' 'M' 'M' 'M' 'U' 'M' 'M' 'M' 'M' 'M' 'M' 'M' 'M' 'M' 'M' 'M' 'M' 'M'
 'M' 'M' 'M' 'M' 'U' 'M' 'M' 'M' 'M' 'M' 'M' 'M' 'M' 'M' 'M' 'M' 'M' 'M'
 'M' 'M' 'M' 'M' 'M' 'M' 'M' 'M' 'M' 'M' 'M' 'M' 'M' 'M' 'M' 'M' 'M' 'M'
 'M' 'M' 'M' 'U' 'M' 'M' 'M' 'M' 'M' 'M' 'M' 'M' 'M' 'M' 'M' 'M' 'M' 'M'
 'M' 'M' 'M' 'M' 'A' 'A' 'A' 'A' 'U' 'A' 'A' 'A' 'A' 'U' 'M' 'M' 'M' 'M'
 'M' 'M' 'M' 'M' 'M' 'M' 'M' 'M' 'M' 'M' 'M' 'M' 'M' 'M' 'M' 'M' 'M' 'M'
 'M' 'M' 'M' 'M' 'M' 'M' 'M' 'M' 'M' 'M' 'M' 'M' 'M' 'M' 'M' 'M' 'M' 'M'
 'M' 'M' 'M' 'M' 'M' 'M' 'M' 'M' 'M' 'M' 'M' 'M' 'M' 'M' 'M' 'M' 'U' 'M']"
5901,1,189,8,181,9,0,0,"['M' 'M' 'M' 'M' 'M' 'M' 'M' 'M' 'M' 'M' 'U' 'M' 'M' 'M' 'M' 'M' 'M' 'M'
 'M' 'M' 'M' 'M' 'M' 'U' 'M' 'M' 'U' 'M' 'M' 'M' 'M' 'M' 'M' 'M' 'M' 'M'
 'M' 'M' 'M' 'M' 'M' 'M' 'M' 'M' 'M' 'M' 'M' 'M' 'M' 'M' 'M' 'M' 'M' 'M'
 'M' 'M' 'M' 'M' 'U' 'M' 'M' 'M' 'M' 'M' 'M' 'U' 'M' 'M' 'M' 'M' 'M' 'M'
 'M' 'M' 'M' 'M' 'M' 'M' 'M' 'M' 'M' 'M' 'M' 'M' 'M' 'M' 'M' 'M' 'M' 'M'
 'M' 'M' 'M' 'M' 'M' 'M' 'M' 'M' 'M' 'M' 'M' 'M' 'M' 'M' 'M' 'M' 'M' 'M'
 'M' 'M' 'M' 'U' 'M' 'M' 'M' 'M' 'M' 'M' 'M' 'M' 'M' 'M' 'M' 'M' 'M' 'M'
 'M' 'M' 'M' 'M' 'A' 'A' 'A' 'A' 'A' 'U' 'A' 'A' 'A' 'M' 'M' 'M' 'M' 'M'
 'M' 'M' 'M' 'M' 'M' 'U' 'M' 'M' 'M' 'M' 'M' 'M' 'M' 'M' 'M' 'M' 'M' 'M'
 'M' 'M' 'M' 'M' 'M' 'M' 'M' 'M' 'M' 'M' 'M' 'M' 'M' 'M' 'M' 'M' 'M' 'M'
 'M' 'M' 'M' 'M' 'M' 'M' 'M' 'M' 'M' 'M' 'M' 'M' 'M' 'M' 'M' 'M' 'U' 'M']"
6001,1,190,9,181,8,0,0,"['M' 'M' 'M' 'M' 'M' 'M' 'M' 'M' 'M' 'M' 'U' 'M' 'M' 'M' 'M' 'M' 'M' 'M'
 'M' 'M' 'M' 'M' 'M' 'U' 'M' 'U' 'M' 'M' 'M' 'M' 'M' 'M' 'M' 'M' 'M' 'M'
 'M' 'M' 'M' 'M' 'M' 'M' 'M' 'M' 'M' 'M' 'M' 'M' 'M' 'M' 'M' 'M' 'M' 'M'
 'M' 'M' 'M' 'M' 'U' 'M' 'M' 'M' 'M' 'M' 'M' 'M' 'M' 'M' 'M' 'M' 'M' 'M'
 'M' 'M' 'M' 'M' 'M' 'M' 'M' 'M' 'M' 'M' 'M' 'M' 'M' 'M' 'M' 'M' 'U' 'M'
 'M' 'M' 'M' 'M' 'M' 'M' 'M' 'M' 'M' 'M' 'M' 'M' 'M' 'M' 'M' 'M' 'M' 'M'
 'M' 'M' 'M' 'U' 'M' 'M' 'M' 'M' 'M' 'M' 'M' 'M' 'M' 'M' 'M' 'M' 'M' 'M'
 'M' 'M' 'M' 'M' 'A' 'A' 'A' 'A' 'A' 'A' 'A' 'A' 'A' 'M' 'M' 'M' 'M' 'M'
 'M' 'M' 'M' 'M' 'M' 'M' 'M' 'M' 'M' 'M' 'M' 'M' 'M' 'M' 'M' 'M' 'M' 'M'
 'M' 'M' 'M' 'M' 'M' 'M' 'M' 'U' 'M' 'M' 'M' 'M' 'M' 'M' 'M' 'M' 'M' 'M'
 'M' 'M' 'M' 'M' 'M' 'M' 'M' 'M' 'M' 'M' 'M' 'M' 'M' 'M' 'M' 'M' 'U' 'M']"
6101,1,191,8,183,7,0,0,"['M' 'M' 'M' 'M' 'M' 'M' 'M' 'M' 'M' 'M' 'M' 'M' 'M' 'M' 'M' 'M' 'M' 'M'
 'M' 'M' 'M' 'M' 'M' 'M' 'M' 'M' 'M' 'M' 'M' 'M' 'M' 'M' 'M' 'M' 'M' 'M'
 'M' 'M' 'M' 'M' 'M' 'M' 'M' 'M' 'M' 'M' 'M' 'M' 'M' 'M' 'M' 'M' 'M' 'M'
 'M' 'M' 'M' 'M' 'U' 'M' 'M' 'M' 'M' 'M' 'M' 'M' 'M' 'M' 'M' 'M' 'M' 'M'
 'M' 'M' 'M' 'M' 'M' 'M' 'M' 'U' 'M' 'M' 'M' 'M' 'M' 'M' 'M' 'M' 'M' 'M'
 'M' 'M' 'M' 'M' 'M' 'M' 'M' 'M' 'M' 'M' 'M' 'M' 'M' 'M' 'M' 'M' 'M' 'M'
 'M' 'M' 'M' 'U' 'M' 'M' 'M' 'M' 'M' 'M' 'M' 'M' 'M' 'M' 'M' 'M' 'M' 'M'
 'M' 'M' 'M' 'M' 'A' 'U' 'A' 'A' 'A' 'A' 'A' 'A' 'A' 'M' 'M' 'M' 'M' 'M'
 'U' 'M' 'M' 'M' 'M' 'M' 'M' 'M' 'M' 'M' 'M' 'M' 'M' 'M' 'M' 'M' 'M' 'M'
 'M' 'M' 'M' 'M' 'M' 'M' 'M' 'U' 'M' 'M' 'M' 'M' 'M' 'M' 'M' 'M' 'M' 'M'
 'M' 'M' 'M' 'M' 'M' 'M' 'M' 'M' 'M' 'M' 'M' 'M' 'M' 'M' 'M' 'M' 'U' 'M']"
6201,2,193,9,184,5,0,0,"['M' 'M' 'M' 'M' 'M' 'M' 'M' 'M' 'M' 'M' 'M' 'U' 'M' 'M' 'M' 'M' 'M' 'M'
 'M' 'M' 'M' 'M' 'M' 'M' 'M' 'M' 'M' 'M' 'M' 'M' 'M' 'M' 'M' 'M' 'M' 'M'
 'M' 'M' 'M' 'M' 'M' 'M' 'M' 'M' 'M' 'M' 'M' 'M' 'M' 'M' 'M' 'M' 'M' 'M'
 'M' 'M' 'M' 'M' 'M' 'M' 'M' 'M' 'M' 'M' 'M' 'M' 'M' 'M' 'M' 'M' 'M' 'M'
 'M' 'M' 'M' 'M' 'M' 'M' 'M' 'M' 'M' 'M' 'M' 'M' 'M' 'U' 'M' 'M' 'M' 'M'
 'M' 'M' 'M' 'M' 'M' 'M' 'M' 'M' 'M' 'M' 'M' 'M' 'M' 'M' 'M' 'M' 'M' 'M'
 'M' 'M' 'M' 'U' 'M' 'M' 'M' 'M' 'M' 'M' 'M' 'M' 'M' 'M' 'M' 'M' 'M' 'M'
 'M' 'M' 'M' 'M' 'A' 'A' 'A' 'A' 'A' 'A' 'A' 'A' 'A' 'M' 'M' 'M' 'M' 'M'
 'M' 'M' 'M' 'M' 'M' 'M' 'M' 'M' 'M' 'M' 'M' 'M' 'M' 'M' 'M' 'M' 'M' 'M'
 'M' 'M' 'M' 'M' 'M' 'M' 'M' 'M' 'M' 'M' 'M' 'M' 'M' 'M' 'M' 'M' 'M' 'U'
 'M' 'M' 'M' 'M' 'M' 'M' 'M' 'M' 'M' 'M' 'M' 'M' 'M' 'M' 'M' 'M' 'U' 'M']"
6301,1,190,7,183,8,0,0,"['M' 'M' 'M' 'M' 'M' 'M' 'M' 'M' 'M' 'U' 'M' 'U' 'M' 'M' 'M' 'M' 'M' 'M'
 'M' 'M' 'M' 'M' 'M' 'M' 'M' 'M' 'M' 'M' 'M' 'M' 'M' 'M' 'M' 'M' 'M' 'M'
 'M' 'M' 'M' 'M' 'M' 'M' 'M' 'M' 'M' 'M' 'M' 'M' 'M' 'M' 'M' 'M' 'M' 'M'
 'M' 'M' 'M' 'M' 'M' 'M' 'M' 'M' 'M' 'M' 'M' 'M' 'M' 'M' 'M' 'M' 'U' 'M'
 'M' 'M' 'M' 'M' 'M' 'M' 'M' 'M' 'M' 'M' 'M' 'M' 'M' 'M' 'M' 'M' 'M' 'M'
 'M' 'M' 'M' 'M' 'M' 'M' 'M' 'M' 'M' 'M' 'M' 'M' 'M' 'M' 'M' 'M' 'M' 'M'
 'M' 'M' 'M' 'U' 'M' 'M' 'M' 'M' 'M' 'M' 'M' 'M' 'M' 'M' 'M' 'M' 'M' 'M'
 'M' 'M' 'M' 'M' 'A' 'A' 'A' 'A' 'A' 'U' 'U' 'A' 'A' 'M' 'M' 'M' 'M' 'M'
 'M' 'M' 'M' 'M' 'M' 'M' 'M' 'M' 'M' 'M' 'M' 'M' 'M' 'M' 'M' 'M' 'M' 'M'
 'M' 'M' 'M' 'M' 'M' 'M' 'M' 'M' 'M' 'M' 'M' 'M' 'M' 'M' 'M' 'M' 'M' 'U'
 'M' 'M' 'M' 'M' 'M' 'M' 'M' 'M' 'M' 'M' 'M' 'M' 'M' 'M' 'M' 'M' 'U' 'M']"
6401,1,187,4,183,11,0,0,"['M' 'M' 'M' 'M' 'M' 'M' 'M' 'M' 'M' 'M' 'M' 'U' 'M' 'M' 'M' 'M' 'M' 'M'
 'M' 'M' 'M' 'M' 'M' 'M' 'M' 'M' 'M' 'M' 'M' 'M' 'M' 'M' 'M' 'M' 'M' 'M'
 'M' 'U' 'M' 'M' 'M' 'M' 'M' 'M' 'M' 'M' 'M' 'M' 'M' 'M' 'M' 'M' 'M' 'M'
 'M' 'U' 'M' 'M' 'M' 'M' 'M' 'M' 'M' 'M' 'M' 'M' 'M' 'M' 'M' 'M' 'U' 'M'
 'M' 'M' 'M' 'M' 'M' 'M' 'M' 'M' 'M' 'M' 'M' 'M' 'M' 'M' 'M' 'M' 'M' 'M'
 'M' 'M' 'M' 'M' 'M' 'M' 'M' 'M' 'M' 'M' 'M' 'M' 'M' 'M' 'M' 'M' 'M' 'M'
 'M' 'M' 'M' 'U' 'M' 'M' 'M' 'M' 'M' 'M' 'M' 'M' 'M' 'M' 'M' 'M' 'M' 'M'
 'M' 'M' 'M' 'M' 'A' 'A' 'U' 'U' 'A' 'M' 'U' 'U' 'A' 'M' 'M' 'M' 'M' 'M'
 'M' 'M' 'M' 'M' 'M' 'M' 'M' 'M' 'M' 'M' 'M' 'M' 'M' 'M' 'M' 'M' 'M' 'M'
 'M' 'M' 'M' 'M' 'M' 'M' 'M' 'M' 'M' 'M' 'M' 'M' 'M' 'M' 'M' 'M' 'M' 'U'
 'M' 'M' 'M' 'M' 'M' 'M' 'M' 'M' 'M' 'M' 'M' 'M' 'M' 'M' 'M' 'M' 'U' 'M']"
6501,1,189,3,186,9,0,0,"['M' 'M' 'M' 'M' 'M' 'M' 'M' 'M' 'M' 'M' 'M' 'U' 'M' 'M' 'M' 'M' 'M' 'M'
 'M' 'M' 'M' 'M' 'M' 'M' 'M' 'M' 'M' 'M' 'M' 'M' 'M' 'M' 'M' 'M' 'M' 'M'
 'M' 'U' 'M' 'M' 'M' 'M' 'M' 'M' 'M' 'M' 'M' 'M' 'M' 'M' 'M' 'M' 'M' 'M'
 'M' 'U' 'M' 'M' 'M' 'M' 'M' 'M' 'M' 'M' 'M' 'M' 'M' 'M' 'M' 'M' 'M' 'M'
 'M' 'M' 'M' 'M' 'M' 'M' 'M' 'M' 'M' 'M' 'M' 'M' 'M' 'M' 'M' 'M' 'M' 'M'
 'M' 'M' 'M' 'M' 'U' 'M' 'M' 'M' 'M' 'M' 'M' 'M' 'M' 'M' 'M' 'M' 'M' 'M'
 'M' 'M' 'M' 'M' 'M' 'M' 'M' 'M' 'M' 'M' 'M' 'M' 'M' 'M' 'M' 'M' 'M' 'M'
 'M' 'M' 'M' 'M' 'A' 'A' 'M' 'U' 'A' 'M' 'M' 'U' 'M' 'M' 'M' 'M' 'M' 'M'
 'M' 'M' 'M' 'M' 'M' 'M' 'M' 'M' 'M' 'M' 'M' 'M' 'M' 'M' 'M' 'M' 'M' 'M'
 'M' 'M' 'M' 'M' 'M' 'M' 'M' 'M' 'M' 'M' 'M' 'U' 'M' 'M' 'M' 'M' 'M' 'U'
 'M' 'M' 'M' 'M' 'M' 'M' 'M' 'M' 'M' 'M' 'M' 'M' 'M' 'M' 'M' 'M' 'U' 'M']"
6601,1,191,3,188,7,0,0,"['M' 'M' 'M' 'M' 'M' 'M' 'M' 'M' 'M' 'M' 'M' 'U' 'M' 'M' 'M' 'M' 'M' 'M'
 'M' 'M' 'M' 'M' 'M' 'M' 'M' 'M' 'M' 'M' 'M' 'M' 'M' 'M' 'M' 'M' 'M' 'M'
 'M' 'U' 'M' 'M' 'M' 'M' 'M' 'M' 'M' 'M' 'M' 'M' 'M' 'M' 'M' 'M' 'M' 'M'
 'M' 'U' 'M' 'M' 'M' 'M' 'M' 'M' 'M' 'M' 'M' 'M' 'M' 'M' 'M' 'M' 'M' 'M'
 'U' 'M' 'M' 'M' 'M' 'M' 'M' 'M' 'M' 'M' 'M' 'M' 'M' 'M' 'M' 'M' 'M' 'M'
 'M' 'M' 'M' 'M' 'M' 'M' 'M' 'M' 'M' 'M' 'M' 'M' 'M' 'M' 'M' 'M' 'M' 'M'
 'M' 'M' 'M' 'M' 'M' 'M' 'M' 'M' 'M' 'M' 'M' 'M' 'M' 'M' 'M' 'M' 'M' 'M'
 'M' 'M' 'M' 'M' 'A' 'A' 'M' 'M' 'A' 'M' 'M' 'U' 'M' 'M' 'M' 'M' 'M' 'M'
 'M' 'M' 'M' 'M' 'M' 'M' 'M' 'M' 'M' 'M' 'M' 'M' 'M' 'M' 'M' 'M' 'M' 'M'
 'M' 'M' 'M' 'M' 'M' 'M' 'M' 'M' 'M' 'M' 'M' 'U' 'M' 'M' 'M' 'M' 'M' 'M'
 'M' 'M' 'M' 'M' 'M' 'M' 'M' 'M' 'M' 'M' 'M' 'M' 'M' 'M' 'M' 'M' 'U' 'M']"
6701,1,193,2,191,5,0,0,"['M' 'M' 'M' 'M' 'M' 'M' 'M' 'M' 'M' 'M' 'M' 'U' 'M' 'M' 'M' 'M' 'M' 'M'
 'M' 'M' 'M' 'M' 'M' 'M' 'M' 'M' 'M' 'M' 'M' 'M' 'M' 'M' 'M' 'M' 'M' 'M'
 'M' 'U' 'M' 'M' 'M' 'M' 'M' 'M' 'M' 'M' 'M' 'M' 'M' 'M' 'M' 'M' 'M' 'M'
 'M' 'M' 'M' 'M' 'M' 'M' 'M' 'M' 'M' 'M' 'M' 'M' 'M' 'M' 'M' 'M' 'M' 'M'
 'U' 'M' 'M' 'M' 'M' 'M' 'M' 'M' 'M' 'M' 'M' 'M' 'M' 'M' 'M' 'M' 'M' 'M'
 'M' 'M' 'M' 'M' 'M' 'M' 'M' 'M' 'M' 'M' 'M' 'M' 'M' 'M' 'M' 'M' 'M' 'M'
 'M' 'M' 'U' 'M' 'M' 'M' 'M' 'M' 'M' 'M' 'M' 'M' 'M' 'M' 'M' 'M' 'M' 'M'
 'M' 'M' 'M' 'M' 'A' 'M' 'M' 'M' 'A' 'M' 'M' 'U' 'M' 'M' 'M' 'M' 'M' 'M'
 'M' 'M' 'M' 'M' 'M' 'M' 'M' 'M' 'M' 'M' 'M' 'M' 'M' 'M' 'M' 'M' 'M' 'M'
 'M' 'M' 'M' 'M' 'M' 'M' 'M' 'M' 'M' 'M' 'M' 'M' 'M' 'M' 'M' 'M' 'M' 'M'
 'M' 'M' 'M' 'M' 'M' 'M' 'M' 'M' 'M' 'M' 'M' 'M' 'M' 'M' 'M' 'M' 'M' 'M']"
6801,1,190,6,184,8,0,0,"['M' 'M' 'M' 'M' 'M' 'M' 'M' 'M' 'M' 'M' 'M' 'U' 'M' 'M' 'M' 'M' 'M' 'M'
 'M' 'M' 'M' 'M' 'M' 'M' 'M' 'M' 'M' 'M' 'M' 'M' 'M' 'M' 'M' 'M' 'M' 'M'
 'M' 'U' 'M' 'M' 'M' 'M' 'M' 'M' 'M' 'M' 'M' 'M' 'M' 'M' 'M' 'M' 'M' 'M'
 'M' 'M' 'M' 'M' 'M' 'M' 'M' 'M' 'M' 'M' 'M' 'M' 'M' 'U' 'M' 'M' 'M' 'M'
 'M' 'M' 'M' 'M' 'M' 'M' 'M' 'M' 'M' 'M' 'M' 'M' 'M' 'M' 'M' 'M' 'M' 'M'
 'M' 'M' 'M' 'M' 'M' 'M' 'M' 'M' 'M' 'M' 'M' 'M' 'M' 'M' 'M' 'M' 'M' 'M'
 'M' 'M' 'U' 'M' 'M' 'M' 'U' 'M' 'M' 'M' 'M' 'M' 'M' 'M' 'M' 'M' 'M' 'M'
 'M' 'M' 'M' 'M' 'A' 'A' 'A' 'M' 'A' 'U' 'A' 'A' 'U' 'M' 'M' 'M' 'M' 'M'
 'M' 'M' 'M' 'M' 'M' 'M' 'M' 'M' 'M' 'M' 'M' 'M' 'M' 'M' 'M' 'M' 'M' 'M'
 'M' 'M' 'M' 'M' 'M' 'M' 'M' 'M' 'M' 'U' 'M' 'M' 'M' 'M' 'M' 'M' 'M' 'M'
 'M' 'M' 'M' 'M' 'M' 'M' 'M' 'M' 'M' 'M' 'M' 'M' 'M' 'M' 'M' 'M' 'M' 'M']"
6901,1,189,4,185,9,0,0,"['M' 'M' 'M' 'M' 'M' 'M' 'M' 'M' 'M' 'M' 'M' 'U' 'M' 'M' 'M' 'M' 'M' 'M'
 'M' 'M' 'M' 'M' 'M' 'M' 'M' 'U' 'M' 'M' 'M' 'M' 'M' 'M' 'M' 'M' 'M' 'M'
 'M' 'U' 'M' 'M' 'M' 'M' 'M' 'M' 'M' 'M' 'M' 'M' 'M' 'M' 'M' 'M' 'M' 'M'
 'M' 'M' 'M' 'M' 'M' 'M' 'M' 'M' 'M' 'M' 'M' 'M' 'M' 'M' 'M' 'M' 'M' 'M'
 'M' 'U' 'M' 'M' 'M' 'M' 'M' 'M' 'M' 'M' 'M' 'M' 'M' 'M' 'M' 'M' 'M' 'M'
 'M' 'M' 'M' 'M' 'M' 'M' 'M' 'M' 'M' 'M' 'M' 'M' 'M' 'M' 'M' 'M' 'M' 'M'
 'M' 'M' 'M' 'M' 'M' 'M' 'U' 'M' 'M' 'M' 'M' 'M' 'M' 'M' 'M' 'M' 'M' 'M'
 'U' 'M' 'M' 'M' 'A' 'U' 'U' 'M' 'A' 'A' 'U' 'A' 'M' 'M' 'M' 'M' 'M' 'M'
 'M' 'M' 'M' 'M' 'M' 'M' 'M' 'M' 'M' 'M' 'M' 'M' 'M' 'M' 'M' 'M' 'M' 'M'
 'M' 'M' 'M' 'M' 'M' 'M' 'M' 'M' 'M' 'M' 'M' 'M' 'M' 'M' 'M' 'M' 'M' 'M'
 'M' 'M' 'M' 'M' 'M' 'M' 'M' 'M' 'M' 'M' 'M' 'M' 'M' 'M' 'M' 'M' 'M' 'M']"
7001,1,189,2,187,9,0,0,"['M' 'M' 'M' 'M' 'M' 'M' 'M' 'M' 'M' 'M' 'M' 'M' 'M' 'M' 'M' 'M' 'M' 'M'
 'M' 'M' 'M' 'M' 'M' 'M' 'M' 'U' 'M' 'M' 'M' 'M' 'M' 'M' 'M' 'M' 'M' 'M'
 'M' 'M' 'M' 'M' 'M' 'M' 'M' 'M' 'M' 'M' 'M' 'M' 'M' 'M' 'M' 'M' 'M' 'M'
 'M' 'M' 'M' 'M' 'M' 'M' 'M' 'M' 'M' 'M' 'M' 'M' 'M' 'M' 'M' 'M' 'M' 'M'
 'M' 'U' 'M' 'M' 'M' 'M' 'M' 'M' 'M' 'M' 'M' 'M' 'M' 'M' 'M' 'M' 'M' 'M'
 'M' 'M' 'M' 'M' 'M' 'M' 'M' 'M' 'M' 'M' 'M' 'M' 'M' 'M' 'M' 'M' 'M' 'M'
 'M' 'M' 'M' 'M' 'M' 'M' 'M' 'M' 'M' 'M' 'M' 'M' 'M' 'M' 'M' 'M' 'M' 'M'
 'U' 'M' 'M' 'M' 'A' 'U' 'U' 'M' 'M' 'A' 'U' 'U' 'M' 'M' 'M' 'M' 'M' 'M'
 'M' 'M' 'M' 'M' 'M' 'M' 'M' 'M' 'M' 'M' 'M' 'M' 'M' 'M' 'M' 'M' 'M' 'M'
 'M' 'U' 'M' 'M' 'M' 'M' 'M' 'M' 'M' 'M' 'M' 'M' 'M' 'M' 'M' 'M' 'M' 'U'
 'M' 'M' 'M' 'M' 'M' 'M' 'M' 'M' 'M' 'M' 'M' 'M' 'M' 'M' 'M' 'M' 'M' 'M']"
7101,1,194,9,185,4,0,0,"['M' 'M' 'M' 'M' 'M' 'M' 'M' 'M' 'M' 'M' 'M' 'M' 'M' 'M' 'M' 'M' 'M' 'M'
 'M' 'M' 'M' 'M' 'M' 'M' 'M' 'M' 'M' 'M' 'M' 'M' 'M' 'M' 'M' 'M' 'M' 'M'
 'M' 'M' 'M' 'M' 'M' 'M' 'M' 'M' 'M' 'M' 'M' 'M' 'M' 'M' 'M' 'M' 'M' 'M'
 'M' 'M' 'M' 'M' 'M' 'M' 'M' 'M' 'M' 'M' 'M' 'M' 'M' 'M' 'M' 'M' 'M' 'M'
 'M' 'M' 'M' 'M' 'M' 'M' 'U' 'M' 'M' 'M' 'M' 'M' 'M' 'M' 'M' 'M' 'M' 'M'
 'M' 'M' 'M' 'M' 'M' 'M' 'M' 'M' 'M' 'M' 'M' 'M' 'M' 'M' 'M' 'M' 'M' 'M'
 'M' 'M' 'M' 'M' 'M' 'M' 'M' 'M' 'M' 'M' 'M' 'U' 'M' 'M' 'M' 'M' 'M' 'M'
 'U' 'M' 'M' 'M' 'A' 'A' 'A' 'A' 'A' 'A' 'A' 'A' 'A' 'M' 'M' 'M' 'M' 'M'
 'M' 'M' 'M' 'M' 'M' 'M' 'M' 'M' 'M' 'M' 'M' 'M' 'M' 'M' 'M' 'M' 'M' 'M'
 'M' 'U' 'M' 'M' 'M' 'M' 'M' 'M' 'M' 'M' 'M' 'M' 'M' 'M' 'M' 'M' 'M' 'M'
 'M' 'M' 'M' 'M' 'M' 'M' 'M' 'M' 'M' 'M' 'M' 'M' 'M' 'M' 'M' 'M' 'M' 'M']"
7201,1,190,6,184,8,0,0,"['M' 'M' 'M' 'M' 'M' 'M' 'M' 'M' 'M' 'M' 'M' 'M' 'M' 'M' 'M' 'M' 'M' 'M'
 'M' 'M' 'M' 'M' 'M' 'M' 'M' 'M' 'M' 'M' 'M' 'M' 'M' 'M' 'M' 'M' 'M' 'M'
 'M' 'M' 'M' 'M' 'M' 'M' 'M' 'M' 'M' 'M' 'M' 'M' 'M' 'M' 'M' 'M' 'M' 'M'
 'U' 'M' 'M' 'M' 'M' 'M' 'M' 'M' 'M' 'M' 'M' 'M' 'M' 'M' 'M' 'M' 'M' 'M'
 'M' 'M' 'M' 'M' 'M' 'M' 'M' 'M' 'M' 'M' 'M' 'M' 'M' 'M' 'M' 'M' 'M' 'M'
 'M' 'M' 'U' 'M' 'M' 'M' 'M' 'M' 'M' 'M' 'M' 'M' 'M' 'M' 'M' 'M' 'M' 'M'
 'M' 'M' 'U' 'M' 'M' 'M' 'M' 'M' 'M' 'M' 'M' 'M' 'M' 'M' 'M' 'M' 'M' 'M'
 'U' 'M' 'M' 'M' 'A' 'U' 'A' 'A' 'A' 'U' 'U' 'A' 'A' 'M' 'M' 'M' 'M' 'M'
 'M' 'M' 'M' 'M' 'M' 'M' 'M' 'M' 'M' 'M' 'M' 'M' 'M' 'M' 'M' 'M' 'M' 'M'
 'M' 'U' 'M' 'M' 'M' 'M' 'M' 'M' 'M' 'M' 'M' 'M' 'M' 'M' 'M' 'M' 'M' 'M'
 'M' 'M' 'M' 'M' 'M' 'M' 'M' 'M' 'M' 'M' 'M' 'M' 'M' 'M' 'M' 'M' 'M' 'M']"
7301,2,190,8,182,8,0,0,"['M' 'M' 'M' 'M' 'M' 'M' 'M' 'M' 'M' 'M' 'M' 'M' 'M' 'M' 'M' 'M' 'M' 'M'
 'M' 'M' 'M' 'M' 'U' 'M' 'M' 'M' 'M' 'M' 'M' 'M' 'M' 'M' 'M' 'M' 'M' 'M'
 'M' 'M' 'M' 'M' 'M' 'M' 'M' 'M' 'M' 'M' 'M' 'M' 'M' 'M' 'M' 'M' 'M' 'M'
 'U' 'M' 'M' 'M' 'U' 'M' 'M' 'M' 'M' 'M' 'M' 'M' 'M' 'M' 'M' 'M' 'M' 'M'
 'M' 'M' 'M' 'M' 'M' 'M' 'M' 'M' 'M' 'M' 'M' 'U' 'M' 'M' 'M' 'M' 'M' 'M'
 'M' 'M' 'M' 'M' 'M' 'M' 'M' 'M' 'U' 'M' 'M' 'M' 'M' 'M' 'M' 'M' 'M' 'M'
 'M' 'M' 'U' 'M' 'M' 'M' 'M' 'M' 'M' 'M' 'M' 'M' 'M' 'M' 'M' 'M' 'M' 'M'
 'M' 'M' 'M' 'M' 'A' 'U' 'A' 'A' 'A' 'A' 'A' 'A' 'A' 'M' 'M' 'M' 'M' 'M'
 'M' 'M' 'M' 'M' 'M' 'M' 'M' 'M' 'M' 'M' 'M' 'M' 'M' 'M' 'M' 'M' 'M' 'M'
 'M' 'U' 'M' 'M' 'M' 'M' 'M' 'M' 'M' 'M' 'M' 'M' 'M' 'M' 'M' 'M' 'M' 'M'
 'M' 'M' 'M' 'M' 'M' 'M' 'M' 'M' 'M' 'M' 'M' 'M' 'M' 'M' 'M' 'M' 'M' 'M']"
7401,1,192,8,184,6,0,0,"['M' 'M' 'M' 'M' 'M' 'M' 'M' 'M' 'M' 'M' 'M' 'M' 'M' 'M' 'M' 'M' 'M' 'M'
 'M' 'M' 'M' 'M' 'M' 'M' 'M' 'M' 'M' 'M' 'M' 'M' 'M' 'M' 'M' 'M' 'M' 'M'
 'M' 'M' 'M' 'M' 'M' 'M' 'M' 'M' 'M' 'M' 'M' 'M' 'M' 'M' 'M' 'M' 'M' 'M'
 'U' 'M' 'M' 'M' 'U' 'M' 'M' 'M' 'M' 'M' 'M' 'M' 'M' 'U' 'M' 'M' 'M' 'M'
 'M' 'M' 'M' 'M' 'M' 'M' 'M' 'M' 'M' 'M' 'M' 'M' 'M' 'M' 'M' 'M' 'M' 'M'
 'M' 'M' 'M' 'M' 'M' 'M' 'M' 'M' 'M' 'M' 'M' 'M' 'M' 'M' 'M' 'M' 'M' 'M'
 'M' 'M' 'M' 'M' 'M' 'M' 'M' 'M' 'M' 'M' 'M' 'M' 'M' 'M' 'M' 'M' 'M' 'M'
 'M' 'M' 'M' 'M' 'A' 'A' 'A' 'U' 'A' 'A' 'A' 'A' 'A' 'M' 'M' 'M' 'M' 'M'
 'M' 'M' 'M' 'M' 'M' 'M' 'M' 'M' 'M' 'M' 'M' 'M' 'M' 'M' 'M' 'M' 'M' 'M'
 'M' 'U' 'M' 'M' 'M' 'M' 'M' 'M' 'M' 'M' 'M' 'M' 'M' 'M' 'M' 'M' 'M' 'M'
 'M' 'M' 'M' 'M' 'M' 'M' 'M' 'M' 'M' 'M' 'M' 'M' 'U' 'M' 'M' 'M' 'M' 'M']"
7501,1,194,9,185,4,0,0,"['M' 'M' 'M' 'M' 'M' 'M' 'M' 'M' 'M' 'M' 'M' 'M' 'M' 'M' 'M' 'M' 'M' 'M'
 'M' 'M' 'M' 'M' 'M' 'M' 'M' 'M' 'M' 'M' 'M' 'M' 'M' 'M' 'M' 'M' 'M' 'M'
 'M' 'M' 'M' 'M' 'M' 'M' 'M' 'M' 'M' 'M' 'M' 'M' 'M' 'M' 'M' 'M' 'M' 'M'
 'U' 'M' 'M' 'M' 'M' 'M' 'M' 'M' 'M' 'M' 'M' 'M' 'M' 'M' 'U' 'M' 'M' 'M'
 'M' 'M' 'M' 'M' 'M' 'M' 'M' 'M' 'M' 'M' 'M' 'M' 'M' 'M' 'M' 'M' 'M' 'M'
 'M' 'M' 'M' 'M' 'M' 'U' 'M' 'M' 'M' 'M' 'M' 'M' 'M' 'M' 'M' 'M' 'M' 'M'
 'M' 'M' 'M' 'M' 'M' 'M' 'M' 'M' 'M' 'M' 'M' 'M' 'M' 'M' 'M' 'M' 'M' 'M'
 'M' 'M' 'M' 'M' 'A' 'A' 'A' 'A' 'A' 'A' 'A' 'A' 'A' 'M' 'M' 'M' 'M' 'M'
 'M' 'M' 'M' 'M' 'M' 'M' 'M' 'M' 'M' 'M' 'M' 'M' 'M' 'M' 'M' 'M' 'M' 'M'
 'M' 'M' 'M' 'M' 'M' 'M' 'M' 'M' 'M' 'M' 'M' 'M' 'M' 'M' 'M' 'M' 'M' 'M'
 'M' 'M' 'M' 'M' 'M' 'M' 'M' 'M' 'M' 'M' 'M' 'M' 'U' 'M' 'M' 'M' 'M' 'M']"
7601,1,190,9,181,8,0,0,"['M' 'M' 'M' 'M' 'M' 'M' 'M' 'M' 'M' 'M' 'M' 'M' 'M' 'M' 'M' 'U' 'M' 'M'
 'M' 'M' 'M' 'M' 'M' 'M' 'M' 'M' 'M' 'M' 'M' 'M' 'M' 'M' 'M' 'M' 'M' 'M'
 'M' 'M' 'M' 'M' 'M' 'M' 'M' 'M' 'M' 'M' 'M' 'M' 'M' 'M' 'M' 'M' 'M' 'M'
 'U' 'M' 'M' 'M' 'M' 'M' 'M' 'M' 'M' 'M' 'M' 'M' 'M' 'M' 'M' 'M' 'M' 'M'
 'M' 'M' 'M' 'M' 'M' 'M' 'M' 'M' 'M' 'M' 'M' 'M' 'M' 'M' 'M' 'M' 'M' 'U'
 'M' 'M' 'M' 'M' 'M' 'U' 'M' 'M' 'M' 'M' 'M' 'M' 'M' 'M' 'M' 'M' 'M' 'M'
 'M' 'M' 'M' 'M' 'M' 'M' 'M' 'M' 'M' 'M' 'U' 'M' 'M' 'M' 'M' 'M' 'M' 'M'
 'M' 'M' 'M' 'M' 'A' 'A' 'A' 'A' 'A' 'A' 'A' 'A' 'A' 'M' 'M' 'M' 'M' 'M'
 'M' 'M' 'M' 'M' 'M' 'M' 'M' 'M' 'M' 'M' 'M' 'M' 'M' 'M' 'M' 'U' 'M' 'M'
 'M' 'M' 'M' 'M' 'M' 'M' 'M' 'M' 'U' 'M' 'M' 'M' 'M' 'M' 'M' 'M' 'M' 'M'
 'M' 'M' 'M' 'M' 'M' 'M' 'M' 'M' 'M' 'M' 'M' 'M' 'U' 'M' 'M' 'M' 'M' 'M']"
7701,1,187,6,181,11,0,0,"['M' 'M' 'M' 'M' 'M' 'M' 'M' 'M' 'M' 'M' 'M' 'M' 'M' 'M' 'M' 'U' 'M' 'M'
 'M' 'M' 'M' 'M' 'M' 'M' 'M' 'M' 'M' 'M' 'M' 'M' 'M' 'M' 'M' 'M' 'M' 'M'
 'M' 'M' 'M' 'M' 'M' 'M' 'M' 'M' 'M' 'M' 'M' 'M' 'M' 'M' 'M' 'M' 'M' 'M'
 'U' 'M' 'M' 'M' 'M' 'M' 'M' 'M' 'M' 'M' 'M' 'U' 'M' 'M' 'M' 'M' 'M' 'M'
 'M' 'M' 'M' 'M' 'M' 'M' 'M' 'M' 'M' 'M' 'M' 'M' 'M' 'M' 'M' 'M' 'M' 'M'
 'M' 'M' 'M' 'M' 'M' 'M' 'M' 'M' 'M' 'M' 'M' 'U' 'M' 'M' 'M' 'M' 'M' 'M'
 'M' 'M' 'M' 'M' 'M' 'M' 'M' 'M' 'M' 'M' 'U' 'M' 'M' 'M' 'M' 'M' 'M' 'M'
 'M' 'M' 'M' 'M' 'A' 'U' 'A' 'A' 'U' 'A' 'A' 'A' 'U' 'M' 'M' 'M' 'M' 'M'
 'M' 'M' 'M' 'M' 'M' 'M' 'M' 'M' 'U' 'M' 'M' 'M' 'M' 'M' 'M' 'U' 'M' 'M'
 'M' 'M' 'M' 'M' 'M' 'M' 'M' 'M' 'M' 'M' 'M' 'M' 'M' 'M' 'M' 'M' 'M' 'M'
 'M' 'M' 'M' 'M' 'M' 'M' 'M' 'M' 'M' 'M' 'M' 'M' 'U' 'M' 'M' 'M' 'M' 'M']"
7801,2,193,9,184,5,0,0,"['M' 'U' 'M' 'M' 'M' 'M' 'M' 'M' 'M' 'M' 'M' 'M' 'M' 'M' 'M' 'M' 'M' 'M'
 'M' 'M' 'M' 'M' 'M' 'M' 'M' 'M' 'M' 'M' 'M' 'M' 'M' 'M' 'M' 'M' 'M' 'M'
 'M' 'M' 'M' 'M' 'M' 'M' 'M' 'M' 'M' 'M' 'M' 'M' 'M' 'M' 'M' 'M' 'M' 'M'
 'M' 'M' 'M' 'M' 'M' 'M' 'M' 'M' 'M' 'M' 'M' 'M' 'M' 'M' 'M' 'M' 'M' 'M'
 'M' 'M' 'M' 'U' 'M' 'M' 'M' 'M' 'M' 'M' 'M' 'M' 'M' 'M' 'M' 'M' 'M' 'M'
 'M' 'M' 'M' 'M' 'M' 'M' 'M' 'M' 'M' 'M' 'M' 'U' 'M' 'M' 'M' 'M' 'U' 'M'
 'M' 'M' 'M' 'M' 'M' 'M' 'M' 'M' 'M' 'M' 'M' 'M' 'M' 'M' 'M' 'M' 'M' 'M'
 'M' 'M' 'M' 'M' 'A' 'A' 'A' 'A' 'A' 'A' 'A' 'A' 'A' 'M' 'M' 'M' 'M' 'M'
 'M' 'M' 'M' 'M' 'M' 'M' 'M' 'M' 'M' 'M' 'M' 'M' 'M' 'M' 'M' 'U' 'M' 'M'
 'M' 'M' 'M' 'M' 'M' 'M' 'M' 'M' 'M' 'M' 'M' 'M' 'M' 'M' 'M' 'M' 'M' 'M'
 'M' 'M' 'M' 'M' 'M' 'M' 'M' 'M' 'M' 'M' 'M' 'M' 'M' 'M' 'M' 'M' 'M' 'M']"
7901,1,190,7,183,8,0,0,"['M' 'U' 'M' 'M' 'M' 'M' 'M' 'M' 'M' 'M' 'M' 'M' 'M' 'M' 'M' 'M' 'M' 'M'
 'M' 'M' 'M' 'M' 'M' 'M' 'M' 'M' 'M' 'M' 'M' 'M' 'M' 'M' 'M' 'M' 'M' 'M'
 'M' 'M' 'M' 'M' 'M' 'M' 'M' 'M' 'M' 'M' 'M' 'M' 'M' 'M' 'M' 'M' 'M' 'M'
 'M' 'M' 'M' 'M' 'M' 'M' 'M' 'M' 'M' 'M' 'M' 'M' 'M' 'M' 'M' 'M' 'M' 'M'
 'M' 'M' 'M' 'M' 'M' 'M' 'M' 'M' 'M' 'M' 'M' 'M' 'M' 'M' 'M' 'M' 'M' 'U'
 'M' 'M' 'M' 'M' 'M' 'M' 'M' 'M' 'M' 'M' 'M' 'U' 'M' 'M' 'M' 'M' 'U' 'M'
 'M' 'M' 'M' 'M' 'M' 'M' 'M' 'M' 'M' 'M' 'M' 'M' 'M' 'M' 'M' 'M' 'M' 'M'
 'U' 'M' 'M' 'M' 'A' 'A' 'A' 'U' 'A' 'A' 'A' 'A' 'U' 'M' 'M' 'M' 'M' 'M'
 'M' 'M' 'M' 'M' 'M' 'M' 'M' 'M' 'M' 'M' 'M' 'M' 'M' 'M' 'M' 'U' 'M' 'M'
 'M' 'M' 'M' 'M' 'M' 'M' 'M' 'M' 'M' 'M' 'M' 'M' 'M' 'M' 'M' 'M' 'M' 'M'
 'M' 'M' 'M' 'M' 'M' 'M' 'M' 'M' 'M' 'M' 'M' 'M' 'M' 'M' 'M' 'M' 'M' 'M']"
8001,1,188,7,181,10,0,0,"['M' 'U' 'M' 'M' 'M' 'M' 'M' 'M' 'M' 'M' 'M' 'M' 'M' 'M' 'M' 'M' 'M' 'M'
 'M' 'M' 'M' 'M' 'M' 'M' 'M' 'M' 'M' 'M' 'M' 'M' 'M' 'M' 'M' 'M' 'M' 'M'
 'M' 'M' 'M' 'M' 'M' 'M' 'M' 'M' 'M' 'M' 'M' 'M' 'M' 'M' 'M' 'M' 'M' 'M'
 'M' 'M' 'M' 'M' 'M' 'M' 'M' 'M' 'M' 'M' 'M' 'U' 'M' 'M' 'M' 'M' 'M' 'M'
 'M' 'M' 'M' 'M' 'M' 'M' 'M' 'M' 'M' 'M' 'M' 'M' 'M' 'M' 'M' 'M' 'M' 'M'
 'M' 'M' 'M' 'M' 'M' 'M' 'M' 'M' 'M' 'M' 'M' 'M' 'M' 'M' 'M' 'M' 'U' 'M'
 'M' 'U' 'M' 'M' 'M' 'M' 'M' 'M' 'M' 'M' 'M' 'M' 'M' 'M' 'M' 'M' 'M' 'M'
 'U' 'M' 'M' 'M' 'A' 'A' 'A' 'A' 'U' 'U' 'A' 'A' 'A' 'M' 'M' 'M' 'M' 'M'
 'M' 'M' 'M' 'M' 'M' 'M' 'M' 'M' 'M' 'M' 'M' 'M' 'M' 'M' 'M' 'U' 'M' 'M'
 'M' 'M' 'M' 'M' 'M' 'M' 'M' 'M' 'M' 'M' 'U' 'M' 'M' 'M' 'U' 'M' 'M' 'M'
 'M' 'M' 'M' 'M' 'M' 'M' 'M' 'M' 'M' 'M' 'M' 'M' 'M' 'M' 'M' 'M' 'M' 'M']"
8101,1,187,5,182,11,0,0,"['M' 'U' 'M' 'M' 'M' 'M' 'M' 'M' 'M' 'M' 'M' 'M' 'M' 'M' 'M' 'M' 'M' 'M'
 'M' 'M' 'M' 'M' 'M' 'M' 'M' 'M' 'M' 'M' 'M' 'M' 'M' 'M' 'M' 'M' 'M' 'M'
 'U' 'M' 'M' 'M' 'M' 'M' 'M' 'M' 'M' 'M' 'M' 'M' 'M' 'M' 'M' 'M' 'M' 'M'
 'M' 'M' 'M' 'M' 'M' 'M' 'M' 'M' 'M' 'M' 'M' 'M' 'M' 'M' 'M' 'M' 'M' 'M'
 'M' 'M' 'M' 'M' 'M' 'M' 'M' 'M' 'M' 'M' 'M' 'M' 'M' 'M' 'M' 'M' 'M' 'M'
 'M' 'M' 'U' 'M' 'M' 'M' 'M' 'M' 'M' 'M' 'M' 'M' 'M' 'M' 'M' 'M' 'U' 'M'
 'M' 'U' 'M' 'M' 'M' 'M' 'M' 'M' 'M' 'M' 'M' 'M' 'M' 'M' 'M' 'M' 'M' 'M'
 'U' 'M' 'M' 'M' 'A' 'U' 'A' 'A' 'M' 'M' 'U' 'A' 'A' 'M' 'M' 'M' 'M' 'M'
 'M' 'M' 'M' 'M' 'M' 'M' 'M' 'M' 'M' 'M' 'M' 'M' 'M' 'M' 'M' 'U' 'M' 'M'
 'M' 'M' 'M' 'M' 'M' 'U' 'M' 'M' 'M' 'M' 'M' 'M' 'M' 'M' 'U' 'M' 'M' 'M'
 'M' 'M' 'M' 'M' 'M' 'M' 'M' 'M' 'M' 'M' 'M' 'M' 'M' 'M' 'M' 'M' 'M' 'M']"
8201,1,187,3,184,11,0,0,"['M' 'U' 'M' 'M' 'M' 'M' 'M' 'M' 'M' 'M' 'M' 'M' 'M' 'M' 'M' 'M' 'M' 'M'
 'M' 'M' 'M' 'M' 'M' 'M' 'M' 'M' 'M' 'M' 'M' 'M' 'M' 'M' 'M' 'M' 'M' 'M'
 'U' 'M' 'M' 'M' 'M' 'M' 'M' 'M' 'M' 'M' 'M' 'M' 'M' 'M' 'M' 'M' 'M' 'M'
 'M' 'M' 'M' 'M' 'M' 'M' 'M' 'M' 'M' 'M' 'M' 'M' 'M' 'M' 'M' 'M' 'M' 'M'
 'M' 'M' 'M' 'M' 'M' 'M' 'M' 'M' 'M' 'M' 'M' 'U' 'M' 'M' 'M' 'M' 'M' 'M'
 'M' 'M' 'M' 'M' 'M' 'M' 'M' 'M' 'M' 'M' 'M' 'M' 'M' 'M' 'M' 'M' 'U' 'M'
 'M' 'U' 'M' 'M' 'M' 'M' 'M' 'M' 'M' 'M' 'M' 'M' 'M' 'M' 'M' 'M' 'M' 'M'
 'M' 'M' 'M' 'M' 'A' 'U' 'A' 'A' 'M' 'M' 'U' 'U' 'U' 'M' 'M' 'M' 'M' 'M'
 'M' 'M' 'M' 'M' 'M' 'M' 'M' 'M' 'M' 'M' 'M' 'M' 'M' 'M' 'M' 'U' 'M' 'M'
 'M' 'M' 'M' 'M' 'M' 'M' 'M' 'M' 'M' 'M' 'M' 'M' 'M' 'M' 'M' 'M' 'M' 'M'
 'M' 'M' 'M' 'M' 'M' 'M' 'M' 'M' 'M' 'M' 'M' 'M' 'M' 'M' 'M' 'M' 'U' 'M']"
8301,1,189,1,188,9,0,0,"['M' 'M' 'M' 'M' 'M' 'M' 'M' 'M' 'M' 'M' 'M' 'M' 'M' 'M' 'M' 'M' 'M' 'M'
 'M' 'M' 'M' 'M' 'M' 'M' 'M' 'M' 'M' 'M' 'M' 'M' 'M' 'M' 'M' 'M' 'M' 'M'
 'U' 'M' 'M' 'M' 'M' 'M' 'M' 'M' 'M' 'M' 'M' 'M' 'M' 'M' 'M' 'M' 'M' 'M'
 'M' 'M' 'M' 'M' 'M' 'M' 'M' 'M' 'M' 'M' 'M' 'M' 'M' 'M' 'M' 'M' 'M' 'M'
 'M' 'M' 'M' 'M' 'M' 'M' 'M' 'M' 'M' 'M' 'M' 'M' 'M' 'M' 'M' 'M' 'M' 'M'
 'M' 'U' 'M' 'M' 'M' 'M' 'M' 'M' 'M' 'M' 'M' 'M' 'M' 'M' 'M' 'M' 'U' 'M'
 'M' 'U' 'M' 'M' 'M' 'M' 'M' 'M' 'M' 'M' 'M' 'M' 'M' 'M' 'M' 'M' 'M' 'M'
 'M' 'M' 'M' 'M' 'A' 'U' 'M' 'U' 'M' 'M' 'U' 'U' 'U' 'M' 'M' 'M' 'M' 'M'
 'M' 'M' 'M' 'M' 'M' 'M' 'M' 'M' 'M' 'M' 'M' 'M' 'M' 'M' 'M' 'M' 'M' 'M'
 'M' 'M' 'M' 'M' 'M' 'M' 'M' 'M' 'M' 'M' 'M' 'M' 'M' 'M' 'M' 'M' 'M' 'M'
 'M' 'M' 'M' 'M' 'M' 'M' 'M' 'M' 'M' 'M' 'M' 'M' 'M' 'M' 'M' 'M' 'M' 'M']"
8401,1,191,4,187,7,0,0,"['M' 'M' 'M' 'M' 'M' 'M' 'M' 'M' 'M' 'M' 'M' 'M' 'M' 'M' 'M' 'M' 'M' 'M'
 'M' 'M' 'M' 'M' 'M' 'M' 'M' 'M' 'M' 'M' 'M' 'M' 'M' 'M' 'M' 'M' 'M' 'M'
 'U' 'M' 'M' 'M' 'M' 'M' 'M' 'M' 'M' 'M' 'M' 'M' 'M' 'M' 'M' 'M' 'M' 'M'
 'M' 'M' 'M' 'M' 'M' 'M' 'M' 'M' 'M' 'M' 'M' 'M' 'M' 'M' 'M' 'M' 'M' 'M'
 'U' 'M' 'M' 'M' 'M' 'M' 'M' 'M' 'M' 'M' 'M' 'M' 'M' 'M' 'M' 'M' 'M' 'M'
 'M' 'M' 'M' 'M' 'M' 'M' 'M' 'M' 'M' 'M' 'M' 'M' 'M' 'M' 'M' 'M' 'U' 'M'
 'M' 'M' 'M' 'M' 'M' 'M' 'M' 'M' 'M' 'M' 'M' 'M' 'M' 'M' 'M' 'M' 'M' 'M'
 'M' 'M' 'M' 'M' 'A' 'M' 'U' 'U' 'A' 'U' 'U' 'A' 'A' 'M' 'M' 'M' 'M' 'M'
 'M' 'M' 'M' 'M' 'M' 'M' 'M' 'M' 'M' 'M' 'M' 'M' 'M' 'M' 'M' 'M' 'M' 'M'
 'M' 'M' 'M' 'M' 'M' 'M' 'M' 'M' 'M' 'M' 'M' 'M' 'M' 'M' 'M' 'M' 'M' 'M'
 'M' 'M' 'M' 'M' 'M' 'M' 'M' 'M' 'M' 'M' 'M' 'M' 'M' 'M' 'M' 'M' 'M' 'M']"
8501,1,189,3,186,9,0,0,"['M' 'M' 'M' 'M' 'M' 'M' 'M' 'M' 'M' 'M' 'M' 'M' 'M' 'M' 'M' 'M' 'M' 'M'
 'M' 'M' 'M' 'M' 'M' 'M' 'M' 'M' 'M' 'M' 'M' 'M' 'M' 'M' 'M' 'M' 'M' 'M'
 'M' 'M' 'M' 'M' 'M' 'M' 'M' 'M' 'M' 'M' 'M' 'M' 'M' 'M' 'M' 'M' 'M' 'M'
 'M' 'M' 'M' 'M' 'M' 'M' 'M' 'M' 'M' 'M' 'M' 'M' 'M' 'M' 'M' 'M' 'M' 'M'
 'M' 'M' 'M' 'M' 'M' 'M' 'M' 'M' 'M' 'M' 'M' 'M' 'M' 'M' 'M' 'M' 'M' 'M'
 'M' 'M' 'U' 'M' 'M' 'M' 'M' 'M' 'M' 'M' 'M' 'M' 'M' 'M' 'M' 'M' 'U' 'M'
 'M' 'M' 'M' 'M' 'M' 'M' 'M' 'M' 'M' 'M' 'M' 'M' 'M' 'M' 'M' 'M' 'M' 'M'
 'M' 'M' 'M' 'M' 'A' 'M' 'U' 'U' 'A' 'U' 'U' 'U' 'A' 'M' 'M' 'M' 'M' 'M'
 'M' 'M' 'M' 'M' 'M' 'M' 'M' 'M' 'M' 'M' 'M' 'M' 'M' 'M' 'M' 'M' 'M' 'M'
 'M' 'M' 'M' 'M' 'M' 'M' 'M' 'M' 'M' 'M' 'M' 'M' 'M' 'M' 'M' 'U' 'M' 'M'
 'M' 'M' 'M' 'U' 'M' 'M' 'M' 'M' 'M' 'M' 'M' 'M' 'M' 'M' 'M' 'M' 'M' 'M']"
8601,1,190,7,183,8,0,0,"['M' 'M' 'M' 'M' 'M' 'M' 'M' 'M' 'M' 'M' 'M' 'M' 'M' 'M' 'M' 'M' 'M' 'M'
 'M' 'M' 'M' 'M' 'M' 'M' 'M' 'M' 'M' 'M' 'M' 'M' 'M' 'M' 'M' 'M' 'M' 'M'
 'M' 'M' 'M' 'M' 'M' 'M' 'M' 'M' 'M' 'M' 'M' 'M' 'M' 'M' 'M' 'M' 'M' 'M'
 'M' 'M' 'M' 'M' 'M' 'M' 'M' 'M' 'U' 'M' 'M' 'M' 'M' 'M' 'M' 'M' 'M' 'M'
 'M' 'M' 'M' 'M' 'M' 'M' 'M' 'M' 'U' 'M' 'M' 'M' 'M' 'M' 'M' 'M' 'M' 'M'
 'M' 'M' 'M' 'M' 'M' 'M' 'M' 'M' 'M' 'M' 'M' 'M' 'M' 'M' 'M' 'M' 'U' 'M'
 'M' 'M' 'M' 'M' 'M' 'M' 'M' 'M' 'M' 'M' 'M' 'M' 'M' 'M' 'M' 'U' 'M' 'M'
 'M' 'M' 'M' 'M' 'A' 'U' 'M' 'A' 'A' 'A' 'A' 'A' 'A' 'M' 'M' 'M' 'M' 'M'
 'M' 'M' 'M' 'M' 'M' 'M' 'M' 'M' 'M' 'M' 'M' 'M' 'M' 'M' 'M' 'M' 'M' 'M'
 'M' 'M' 'M' 'M' 'M' 'M' 'M' 'M' 'M' 'M' 'M' 'M' 'M' 'M' 'M' 'U' 'M' 'M'
 'M' 'M' 'M' 'U' 'U' 'M' 'M' 'M' 'M' 'M' 'M' 'M' 'M' 'M' 'M' 'M' 'M' 'M']"
8701,1,190,7,183,8,0,0,"['M' 'M' 'M' 'M' 'M' 'M' 'M' 'M' 'M' 'M' 'M' 'M' 'M' 'M' 'M' 'M' 'M' 'M'
 'M' 'M' 'M' 'M' 'M' 'M' 'M' 'M' 'M' 'M' 'M' 'M' 'M' 'M' 'M' 'M' 'M' 'M'
 'M' 'M' 'M' 'U' 'M' 'M' 'M' 'M' 'M' 'M' 'M' 'M' 'M' 'U' 'M' 'M' 'M' 'M'
 'M' 'M' 'M' 'M' 'M' 'M' 'M' 'M' 'M' 'M' 'M' 'M' 'M' 'M' 'M' 'M' 'M' 'M'
 'M' 'M' 'M' 'M' 'M' 'M' 'M' 'M' 'M' 'M' 'M' 'M' 'M' 'M' 'M' 'M' 'U' 'M'
 'M' 'M' 'M' 'M' 'M' 'M' 'M' 'M' 'M' 'M' 'M' 'M' 'M' 'M' 'M' 'M' 'U' 'M'
 'M' 'M' 'M' 'M' 'M' 'M' 'M' 'M' 'M' 'M' 'M' 'M' 'M' 'M' 'M' 'U' 'M' 'M'
 'M' 'M' 'M' 'M' 'A' 'U' 'M' 'A' 'A' 'M' 'A' 'A' 'A' 'M' 'M' 'M' 'M' 'M'
 'M' 'M' 'M' 'M' 'M' 'M' 'M' 'M' 'M' 'M' 'M' 'M' 'M' 'M' 'M' 'M' 'M' 'M'
 'M' 'M' 'M' 'M' 'M' 'M' 'M' 'M' 'M' 'M' 'M' 'M' 'M' 'M' 'M' 'U' 'M' 'M'
 'M' 'M' 'M' 'U' 'A' 'M' 'M' 'M' 'M' 'M' 'M' 'M' 'M' 'M' 'M' 'M' 'M' 'M']"
8801,1,193,7,186,5,0,0,"['M' 'M' 'M' 'M' 'M' 'M' 'M' 'M' 'M' 'M' 'M' 'M' 'M' 'M' 'M' 'M' 'M' 'M'
 'M' 'M' 'M' 'M' 'M' 'M' 'M' 'M' 'M' 'M' 'M' 'M' 'M' 'M' 'M' 'M' 'M' 'M'
 'M' 'M' 'M' 'M' 'M' 'M' 'M' 'M' 'M' 'M' 'M' 'M' 'M' 'U' 'M' 'M' 'M' 'M'
 'M' 'M' 'M' 'M' 'M' 'M' 'M' 'M' 'M' 'M' 'M' 'M' 'M' 'M' 'M' 'M' 'M' 'M'
 'M' 'M' 'M' 'M' 'M' 'M' 'M' 'M' 'M' 'M' 'M' 'M' 'M' 'M' 'M' 'M' 'M' 'M'
 'M' 'M' 'U' 'M' 'M' 'M' 'M' 'M' 'M' 'M' 'M' 'M' 'M' 'M' 'M' 'M' 'M' 'M'
 'M' 'M' 'M' 'M' 'M' 'M' 'M' 'M' 'M' 'M' 'M' 'M' 'M' 'M' 'M' 'M' 'M' 'M'
 'M' 'M' 'M' 'M' 'A' 'U' 'U' 'A' 'A' 'A' 'U' 'A' 'A' 'M' 'M' 'M' 'M' 'M'
 'M' 'M' 'M' 'M' 'M' 'M' 'M' 'M' 'M' 'M' 'M' 'M' 'M' 'M' 'M' 'M' 'M' 'M'
 'M' 'M' 'M' 'M' 'M' 'M' 'M' 'M' 'M' 'M' 'M' 'M' 'M' 'M' 'M' 'M' 'M' 'M'
 'M' 'M' 'M' 'M' 'A' 'M' 'M' 'M' 'M' 'M' 'M' 'M' 'M' 'M' 'M' 'M' 'M' 'M']"
8901,1,191,5,186,7,0,0,"['M' 'M' 'M' 'M' 'M' 'M' 'M' 'M' 'M' 'M' 'M' 'M' 'M' 'M' 'M' 'M' 'M' 'M'
 'M' 'M' 'M' 'M' 'M' 'M' 'M' 'M' 'M' 'M' 'M' 'M' 'M' 'M' 'M' 'M' 'M' 'M'
 'M' 'M' 'M' 'M' 'M' 'M' 'M' 'M' 'M' 'M' 'M' 'M' 'M' 'U' 'M' 'M' 'M' 'M'
 'M' 'U' 'M' 'M' 'M' 'M' 'M' 'M' 'M' 'M' 'M' 'M' 'M' 'M' 'M' 'M' 'M' 'M'
 'M' 'M' 'M' 'M' 'M' 'M' 'M' 'M' 'M' 'M' 'U' 'M' 'M' 'M' 'M' 'M' 'M' 'M'
 'M' 'M' 'M' 'M' 'M' 'M' 'M' 'M' 'M' 'M' 'M' 'M' 'M' 'M' 'M' 'M' 'M' 'M'
 'M' 'M' 'M' 'M' 'M' 'M' 'M' 'M' 'M' 'M' 'M' 'M' 'M' 'M' 'M' 'M' 'M' 'M'
 'M' 'M' 'M' 'M' 'A' 'U' 'M' 'A' 'U' 'U' 'U' 'A' 'A' 'M' 'M' 'M' 'M' 'M'
 'M' 'M' 'M' 'M' 'M' 'M' 'M' 'M' 'M' 'M' 'M' 'M' 'M' 'M' 'M' 'M' 'M' 'M'
 'M' 'M' 'M' 'M' 'M' 'M' 'M' 'M' 'M' 'M' 'M' 'M' 'M' 'M' 'M' 'M' 'M' 'M'
 'M' 'M' 'M' 'M' 'A' 'M' 'M' 'M' 'M' 'M' 'M' 'M' 'M' 'M' 'M' 'M' 'M' 'M']"
9001,1,192,11,181,6,0,0,"['M' 'M' 'M' 'M' 'M' 'M' 'M' 'M' 'M' 'M' 'M' 'M' 'M' 'M' 'M' 'M' 'M' 'M'
 'M' 'M' 'M' 'M' 'M' 'M' 'M' 'M' 'M' 'M' 'M' 'M' 'M' 'M' 'M' 'M' 'M' 'M'
 'M' 'M' 'M' 'M' 'M' 'M' 'M' 'M' 'M' 'M' 'M' 'M' 'M' 'U' 'M' 'M' 'M' 'M'
 'M' 'A' 'M' 'M' 'M' 'M' 'M' 'M' 'M' 'M' 'M' 'M' 'M' 'M' 'M' 'U' 'M' 'M'
 'M' 'M' 'M' 'M' 'M' 'M' 'M' 'M' 'M' 'M' 'M' 'M' 'M' 'M' 'M' 'M' 'M' 'M'
 'M' 'M' 'M' 'M' 'M' 'M' 'M' 'M' 'M' 'M' 'M' 'M' 'M' 'M' 'M' 'M' 'M' 'M'
 'M' 'M' 'M' 'U' 'M' 'M' 'M' 'M' 'M' 'M' 'M' 'M' 'M' 'M' 'M' 'M' 'M' 'M'
 'M' 'M' 'M' 'M' 'A' 'U' 'A' 'A' 'A' 'A' 'A' 'A' 'A' 'M' 'M' 'M' 'M' 'U'
 'M' 'M' 'M' 'M' 'M' 'M' 'M' 'M' 'M' 'M' 'M' 'M' 'M' 'M' 'M' 'M' 'M' 'M'
 'M' 'M' 'M' 'M' 'M' 'M' 'M' 'M' 'M' 'M' 'M' 'U' 'M' 'M' 'M' 'A' 'M' 'M'
 'M' 'M' 'M' 'M' 'A' 'M' 'M' 'M' 'M' 'M' 'M' 'M' 'M' 'M' 'M' 'M' 'M' 'M']"
9101,1,186,7,179,12,0,0,"['M' 'M' 'M' 'M' 'M' 'M' 'M' 'M' 'M' 'M' 'M' 'M' 'M' 'M' 'M' 'M' 'M' 'M'
 'M' 'M' 'M' 'M' 'M' 'M' 'M' 'M' 'M' 'M' 'M' 'M' 'M' 'M' 'M' 'M' 'M' 'M'
 'M' 'M' 'M' 'M' 'M' 'M' 'M' 'M' 'M' 'M' 'M' 'M' 'M' 'U' 'M' 'M' 'M' 'M'
 'M' 'U' 'M' 'M' 'M' 'M' 'M' 'M' 'M' 'M' 'M' 'M' 'M' 'M' 'M' 'M' 'M' 'M'
 'M' 'M' 'M' 'U' 'M' 'M' 'M' 'M' 'M' 'M' 'M' 'M' 'M' 'M' 'M' 'M' 'M' 'M'
 'M' 'M' 'M' 'M' 'M' 'M' 'M' 'M' 'M' 'M' 'M' 'M' 'M' 'M' 'M' 'U' 'M' 'M'
 'M' 'M' 'M' 'M' 'M' 'M' 'M' 'M' 'M' 'M' 'M' 'M' 'M' 'M' 'M' 'M' 'M' 'M'
 'M' 'M' 'M' 'M' 'A' 'U' 'A' 'A' 'U' 'A' 'U' 'A' 'U' 'M' 'M' 'M' 'M' 'U'
 'U' 'M' 'U' 'M' 'M' 'U' 'M' 'M' 'M' 'M' 'M' 'M' 'M' 'M' 'M' 'M' 'M' 'M'
 'M' 'M' 'M' 'M' 'M' 'M' 'M' 'M' 'M' 'M' 'M' 'M' 'M' 'M' 'M' 'A' 'M' 'M'
 'M' 'M' 'M' 'M' 'A' 'M' 'M' 'M' 'M' 'M' 'M' 'M' 'M' 'M' 'M' 'M' 'M' 'M']"
9201,2,189,10,179,9,0,0,"['M' 'M' 'M' 'M' 'M' 'M' 'M' 'M' 'M' 'M' 'M' 'M' 'M' 'M' 'M' 'M' 'M' 'M'
 'M' 'U' 'M' 'M' 'M' 'M' 'M' 'M' 'M' 'M' 'M' 'U' 'M' 'M' 'M' 'M' 'M' 'M'
 'M' 'M' 'M' 'M' 'M' 'M' 'M' 'M' 'M' 'M' 'M' 'M' 'M' 'U' 'M' 'M' 'M' 'M'
 'M' 'U' 'M' 'M' 'M' 'M' 'M' 'M' 'M' 'M' 'M' 'M' 'M' 'M' 'M' 'M' 'M' 'M'
 'M' 'M' 'M' 'M' 'M' 'M' 'U' 'M' 'M' 'M' 'M' 'M' 'M' 'M' 'M' 'M' 'M' 'M'
 'M' 'M' 'M' 'M' 'M' 'M' 'M' 'M' 'M' 'M' 'M' 'M' 'M' 'M' 'M' 'M' 'M' 'M'
 'M' 'M' 'M' 'M' 'M' 'M' 'M' 'M' 'M' 'M' 'M' 'M' 'M' 'M' 'M' 'M' 'M' 'M'
 'M' 'M' 'M' 'M' 'A' 'A' 'A' 'A' 'A' 'A' 'A' 'U' 'A' 'M' 'M' 'M' 'M' 'U'
 'U' 'M' 'M' 'M' 'M' 'M' 'M' 'M' 'M' 'U' 'M' 'M' 'M' 'M' 'M' 'M' 'M' 'M'
 'M' 'M' 'M' 'M' 'M' 'M' 'M' 'M' 'M' 'M' 'M' 'M' 'M' 'M' 'M' 'A' 'M' 'M'
 'M' 'M' 'M' 'M' 'A' 'M' 'M' 'M' 'M' 'M' 'M' 'M' 'M' 'M' 'M' 'M' 'M' 'M']"
9301,1,182,8,174,16,0,1,"['M' 'U' 'M' 'M' 'M' 'M' 'M' 'M' 'M' 'M' 'M' 'M' 'M' 'M' 'M' 'M' 'M' 'U'
 'M' 'M' 'M' 'M' 'M' 'M' 'M' 'M' 'M' 'U' 'M' 'U' 'M' 'M' 'M' 'M' 'M' 'M'
 'M' 'M' 'M' 'M' 'M' 'M' 'M' 'M' 'M' 'M' 'M' 'M' 'M' 'U' 'M' 'M' 'M' 'M'
 'M' 'U' 'M' 'M' 'M' 'M' 'M' 'M' 'M' 'M' 'M' 'M' 'M' 'M' 'U' 'M' 'M' 'M'
 'M' 'M' 'M' 'M' 'M' 'M' 'M' 'M' 'M' 'M' 'M' 'M' 'M' 'M' 'M' 'M' 'M' 'M'
 'M' 'M' 'M' 'M' 'M' 'M' 'M' 'M' 'M' 'M' 'M' 'M' 'M' 'M' 'M' 'U' 'M' 'M'
 'M' 'M' 'M' 'M' 'M' 'M' 'M' 'M' 'M' 'M' 'M' 'M' 'M' 'M' 'M' 'M' 'M' 'M'
 'M' 'M' 'M' 'M' 'A' 'A' 'A' 'A' 'A' 'A' 'U' 'U' 'A' 'M' 'M' 'M' 'M' 'M'
 'U' 'M' 'M' 'M' 'M' 'M' 'M' 'M' 'M' 'M' 'M' 'U' 'M' 'M' 'M' 'M' 'M' 'M'
 'M' 'M' 'M' 'M' 'M' 'M' 'M' 'M' 'M' 'M' 'M' 'M' 'M' 'M' 'M' 'U' 'M' 'M'
 'U' 'M' 'M' 'U' 'A' 'M' 'M' 'M' 'M' 'M' 'M' 'M' 'M' 'M' 'U' 'M' 'M' 'M']"
9401,1,183,6,177,15,0,1,"['M' 'U' 'M' 'M' 'M' 'M' 'M' 'M' 'M' 'M' 'M' 'M' 'M' 'M' 'M' 'U' 'M' 'U'
 'M' 'M' 'M' 'M' 'M' 'M' 'M' 'M' 'M' 'M' 'M' 'U' 'M' 'M' 'M' 'M' 'M' 'M'
 'M' 'M' 'M' 'M' 'M' 'M' 'M' 'M' 'M' 'M' 'M' 'M' 'M' 'M' 'M' 'M' 'M' 'M'
 'M' 'U' 'M' 'M' 'M' 'U' 'M' 'M' 'M' 'M' 'M' 'M' 'M' 'M' 'M' 'U' 'M' 'M'
 'M' 'M' 'M' 'M' 'M' 'M' 'M' 'M' 'M' 'M' 'M' 'M' 'M' 'M' 'M' 'M' 'M' 'M'
 'M' 'M' 'M' 'M' 'M' 'M' 'M' 'M' 'M' 'M' 'M' 'M' 'M' 'M' 'M' 'U' 'M' 'M'
 'M' 'M' 'M' 'M' 'M' 'M' 'M' 'M' 'M' 'M' 'M' 'M' 'M' 'M' 'M' 'M' 'M' 'M'
 'M' 'M' 'M' 'M' 'A' 'U' 'A' 'U' 'A' 'A' 'M' 'U' 'A' 'M' 'M' 'M' 'M' 'M'
 'U' 'M' 'M' 'M' 'M' 'M' 'M' 'M' 'M' 'M' 'M' 'M' 'M' 'M' 'M' 'M' 'M' 'M'
 'M' 'M' 'M' 'M' 'M' 'M' 'M' 'M' 'M' 'M' 'M' 'M' 'M' 'M' 'M' 'M' 'M' 'M'
 'U' 'M' 'M' 'U' 'A' 'M' 'M' 'M' 'M' 'M' 'M' 'M' 'M' 'M' 'U' 'M' 'M' 'M']"
9501,1,181,4,177,17,0,0,"['M' 'M' 'M' 'M' 'M' 'M' 'M' 'M' 'M' 'M' 'M' 'M' 'M' 'M' 'M' 'U' 'M' 'U'
 'M' 'M' 'M' 'M' 'M' 'M' 'M' 'M' 'U' 'M' 'M' 'U' 'M' 'M' 'M' 'M' 'M' 'M'
 'M' 'M' 'M' 'M' 'M' 'M' 'M' 'M' 'M' 'M' 'M' 'M' 'M' 'M' 'M' 'M' 'M' 'M'
 'M' 'U' 'M' 'M' 'M' 'U' 'M' 'M' 'M' 'M' 'M' 'M' 'M' 'M' 'M' 'M' 'M' 'M'
 'M' 'M' 'M' 'M' 'M' 'M' 'M' 'M' 'M' 'M' 'M' 'M' 'M' 'M' 'M' 'M' 'M' 'M'
 'M' 'M' 'M' 'M' 'U' 'M' 'M' 'U' 'M' 'M' 'M' 'M' 'M' 'M' 'M' 'M' 'M' 'M'
 'M' 'M' 'M' 'M' 'M' 'M' 'M' 'M' 'M' 'M' 'M' 'M' 'M' 'M' 'M' 'M' 'M' 'M'
 'M' 'M' 'M' 'U' 'A' 'U' 'A' 'M' 'U' 'U' 'U' 'U' 'A' 'M' 'M' 'M' 'M' 'M'
 'U' 'M' 'M' 'M' 'M' 'M' 'M' 'M' 'M' 'M' 'M' 'M' 'M' 'M' 'M' 'M' 'M' 'M'
 'M' 'M' 'M' 'M' 'U' 'M' 'M' 'M' 'M' 'M' 'M' 'M' 'M' 'M' 'M' 'M' 'M' 'M'
 'M' 'M' 'M' 'U' 'A' 'M' 'M' 'M' 'M' 'M' 'M' 'M' 'M' 'M' 'M' 'M' 'M' 'M']"
9601,1,183,2,181,15,0,0,"['M' 'M' 'M' 'M' 'M' 'M' 'M' 'M' 'M' 'M' 'M' 'M' 'M' 'M' 'M' 'U' 'M' 'M'
 'M' 'M' 'M' 'M' 'M' 'M' 'M' 'M' 'U' 'M' 'M' 'U' 'M' 'M' 'M' 'M' 'M' 'M'
 'M' 'M' 'M' 'M' 'M' 'M' 'M' 'M' 'M' 'M' 'M' 'M' 'M' 'M' 'M' 'M' 'M' 'M'
 'M' 'U' 'M' 'M' 'M' 'U' 'M' 'M' 'M' 'M' 'M' 'M' 'M' 'M' 'M' 'M' 'M' 'M'
 'M' 'M' 'M' 'M' 'M' 'M' 'M' 'M' 'M' 'M' 'M' 'M' 'M' 'M' 'M' 'M' 'M' 'M'
 'M' 'M' 'M' 'M' 'U' 'M' 'M' 'U' 'M' 'M' 'M' 'M' 'M' 'M' 'M' 'M' 'M' 'M'
 'M' 'M' 'M' 'M' 'M' 'M' 'M' 'M' 'M' 'M' 'M' 'M' 'M' 'M' 'M' 'M' 'M' 'M'
 'M' 'M' 'M' 'M' 'A' 'U' 'A' 'M' 'U' 'U' 'M' 'M' 'U' 'M' 'M' 'M' 'M' 'M'
 'U' 'M' 'M' 'M' 'M' 'M' 'M' 'M' 'M' 'U' 'M' 'M' 'M' 'M' 'M' 'M' 'M' 'M'
 'M' 'M' 'M' 'M' 'M' 'M' 'M' 'M' 'M' 'M' 'M' 'M' 'M' 'M' 'M' 'M' 'M' 'M'
 'M' 'M' 'M' 'U' 'U' 'M' 'M' 'M' 'M' 'M' 'M' 'M' 'M' 'M' 'M' 'M' 'M' 'M']"
9701,1,189,7,182,9,0,0,"['M' 'M' 'M' 'M' 'M' 'M' 'M' 'M' 'M' 'M' 'M' 'M' 'M' 'U' 'M' 'U' 'M' 'M'
 'M' 'M' 'M' 'M' 'M' 'M' 'M' 'M' 'U' 'M' 'M' 'M' 'M' 'M' 'M' 'M' 'M' 'M'
 'M' 'M' 'M' 'M' 'M' 'M' 'M' 'M' 'M' 'M' 'M' 'M' 'M' 'M' 'M' 'M' 'M' 'M'
 'M' 'M' 'M' 'M' 'M' 'M' 'M' 'M' 'M' 'M' 'M' 'M' 'U' 'M' 'M' 'M' 'M' 'M'
 'M' 'M' 'M' 'M' 'M' 'M' 'M' 'M' 'M' 'M' 'M' 'M' 'M' 'M' 'M' 'M' 'M' 'M'
 'M' 'M' 'M' 'M' 'M' 'M' 'M' 'M' 'M' 'M' 'M' 'M' 'M' 'M' 'M' 'M' 'M' 'M'
 'M' 'M' 'M' 'M' 'M' 'M' 'M' 'M' 'M' 'M' 'M' 'M' 'M' 'M' 'M' 'M' 'M' 'M'
 'M' 'M' 'M' 'M' 'A' 'A' 'A' 'A' 'A' 'A' 'A' 'U' 'U' 'M' 'M' 'M' 'M' 'M'
 'M' 'M' 'M' 'M' 'M' 'M' 'M' 'M' 'M' 'U' 'M' 'M' 'M' 'M' 'M' 'M' 'M' 'M'
 'M' 'M' 'M' 'M' 'M' 'M' 'M' 'M' 'M' 'M' 'M' 'M' 'M' 'M' 'M' 'M' 'M' 'M'
 'M' 'M' 'M' 'U' 'U' 'M' 'M' 'M' 'M' 'M' 'M' 'M' 'M' 'M' 'M' 'M' 'M' 'M']"
9801,1,188,4,184,10,0,0,"['M' 'M' 'M' 'M' 'M' 'M' 'M' 'M' 'M' 'M' 'M' 'M' 'M' 'U' 'M' 'M' 'M' 'M'
 'M' 'M' 'M' 'M' 'M' 'M' 'M' 'M' 'U' 'M' 'M' 'M' 'M' 'M' 'M' 'M' 'M' 'M'
 'M' 'M' 'M' 'M' 'M' 'M' 'M' 'U' 'M' 'M' 'M' 'M' 'M' 'M' 'M' 'M' 'M' 'M'
 'M' 'M' 'M' 'M' 'M' 'M' 'M' 'M' 'M' 'M' 'M' 'M' 'M' 'M' 'M' 'M' 'M' 'M'
 'M' 'M' 'M' 'M' 'M' 'M' 'M' 'M' 'M' 'M' 'M' 'M' 'M' 'M' 'M' 'M' 'M' 'M'
 'M' 'M' 'M' 'U' 'M' 'M' 'M' 'M' 'M' 'M' 'M' 'M' 'M' 'M' 'M' 'M' 'M' 'M'
 'M' 'M' 'M' 'M' 'M' 'M' 'M' 'M' 'M' 'M' 'M' 'M' 'M' 'M' 'M' 'M' 'M' 'M'
 'M' 'M' 'M' 'M' 'A' 'U' 'A' 'U' 'A' 'U' 'A' 'U' 'M' 'M' 'M' 'M' 'M' 'M'
 'M' 'M' 'M' 'M' 'M' 'M' 'M' 'M' 'M' 'U' 'M' 'M' 'M' 'M' 'M' 'M' 'M' 'M'
 'M' 'M' 'M' 'M' 'M' 'M' 'M' 'M' 'M' 'M' 'M' 'M' 'M' 'M' 'M' 'M' 'M' 'M'
 'M' 'M' 'M' 'U' 'M' 'M' 'M' 'M' 'M' 'M' 'M' 'M' 'M' 'M' 'M' 'M' 'M' 'M']"
9901,1,189,6,183,9,0,0,"['M' 'M' 'M' 'M' 'M' 'M' 'M' 'M' 'M' 'M' 'M' 'M' 'M' 'M' 'M' 'M' 'U' 'M'
 'M' 'M' 'M' 'M' 'M' 'M' 'M' 'M' 'U' 'M' 'M' 'M' 'M' 'M' 'M' 'M' 'M' 'M'
 'M' 'M' 'M' 'M' 'M' 'M' 'M' 'M' 'M' 'M' 'M' 'M' 'M' 'M' 'M' 'M' 'M' 'M'
 'M' 'M' 'M' 'M' 'M' 'M' 'M' 'M' 'M' 'M' 'M' 'M' 'M' 'M' 'U' 'M' 'M' 'M'
 'M' 'M' 'M' 'M' 'M' 'M' 'M' 'M' 'M' 'M' 'M' 'M' 'M' 'M' 'M' 'M' 'M' 'M'
 'M' 'M' 'M' 'M' 'M' 'M' 'M' 'M' 'M' 'M' 'M' 'M' 'M' 'M' 'M' 'M' 'M' 'M'
 'M' 'M' 'M' 'M' 'M' 'M' 'M' 'M' 'M' 'U' 'M' 'M' 'M' 'M' 'M' 'M' 'M' 'M'
 'M' 'M' 'M' 'M' 'A' 'M' 'U' 'A' 'A' 'A' 'A' 'A' 'U' 'M' 'M' 'M' 'M' 'M'
 'M' 'M' 'M' 'M' 'M' 'M' 'M' 'M' 'M' 'U' 'M' 'M' 'M' 'M' 'M' 'M' 'M' 'M'
 'M' 'U' 'M' 'M' 'M' 'M' 'M' 'M' 'M' 'M' 'M' 'M' 'M' 'M' 'M' 'M' 'M' 'M'
 'M' 'M' 'M' 'U' 'M' 'M' 'M' 'M' 'M' 'M' 'M' 'M' 'M' 'M' 'M' 'M' 'M' 'M']"
10001,1,191,7,184,7,0,1,"['M' 'M' 'M' 'M' 'M' 'M' 'M' 'M' 'M' 'M' 'M' 'M' 'M' 'M' 'M' 'M' 'M' 'M'
 'M' 'M' 'M' 'M' 'M' 'M' 'M' 'M' 'M' 'M' 'M' 'M' 'M' 'M' 'M' 'M' 'M' 'M'
 'M' 'M' 'M' 'M' 'M' 'M' 'M' 'M' 'M' 'M' 'M' 'M' 'M' 'M' 'M' 'M' 'M' 'M'
 'M' 'M' 'M' 'M' 'M' 'M' 'M' 'M' 'M' 'M' 'M' 'M' 'M' 'M' 'U' 'M' 'M' 'M'
 'M' 'M' 'M' 'M' 'M' 'M' 'M' 'M' 'M' 'M' 'M' 'M' 'M' 'M' 'M' 'M' 'M' 'M'
 'M' 'M' 'M' 'M' 'M' 'M' 'M' 'M' 'M' 'M' 'M' 'M' 'M' 'M' 'M' 'M' 'M' 'M'
 'M' 'M' 'M' 'M' 'M' 'M' 'M' 'M' 'M' 'U' 'M' 'M' 'M' 'M' 'M' 'M' 'M' 'M'
 'M' 'M' 'M' 'M' 'A' 'U' 'M' 'A' 'A' 'A' 'A' 'A' 'A' 'M' 'M' 'M' 'M' 'M'
 'M' 'M' 'M' 'U' 'M' 'M' 'M' 'M' 'M' 'U' 'M' 'M' 'M' 'M' 'M' 'M' 'M' 'M'
 'M' 'U' 'M' 'M' 'M' 'M' 'M' 'M' 'M' 'M' 'M' 'M' 'M' 'M' 'M' 'M' 'M' 'M'
 'M' 'M' 'M' 'U' 'M' 'M' 'M' 'M' 'M' 'M' 'M' 'M' 'M' 'M' 'M' 'M' 'M' 'M']"
10101,1,188,5,183,10,0,0,"['M' 'M' 'M' 'M' 'M' 'M' 'M' 'M' 'M' 'M' 'M' 'M' 'M' 'U' 'M' 'M' 'M' 'M'
 'M' 'U' 'M' 'M' 'M' 'M' 'M' 'M' 'M' 'M' 'M' 'M' 'U' 'M' 'U' 'M' 'M' 'M'
 'M' 'M' 'M' 'M' 'U' 'M' 'M' 'M' 'M' 'M' 'M' 'M' 'M' 'M' 'M' 'M' 'M' 'M'
 'M' 'M' 'M' 'M' 'M' 'M' 'M' 'M' 'M' 'M' 'M' 'M' 'M' 'M' 'M' 'M' 'M' 'M'
 'M' 'M' 'M' 'M' 'M' 'M' 'M' 'M' 'M' 'U' 'M' 'M' 'M' 'M' 'M' 'M' 'M' 'M'
 'M' 'M' 'M' 'M' 'M' 'M' 'M' 'M' 'M' 'M' 'M' 'M' 'M' 'M' 'M' 'M' 'M' 'M'
 'M' 'M' 'M' 'M' 'M' 'M' 'M' 'M' 'M' 'U' 'M' 'M' 'M' 'M' 'M' 'M' 'M' 'M'
 'M' 'M' 'M' 'M' 'A' 'M' 'M' 'M' 'U' 'A' 'A' 'A' 'A' 'M' 'M' 'M' 'M' 'M'
 'M' 'M' 'M' 'U' 'M' 'M' 'M' 'M' 'M' 'M' 'M' 'M' 'M' 'M' 'M' 'M' 'M' 'M'
 'M' 'M' 'M' 'M' 'M' 'M' 'M' 'M' 'M' 'M' 'M' 'M' 'M' 'M' 'M' 'M' 'M' 'M'
 'M' 'M' 'M' 'U' 'M' 'M' 'M' 'M' 'M' 'M' 'M' 'M' 'M' 'M' 'M' 'M' 'M' 'M']"
10201,1,188,1,187,10,0,0,"['M' 'M' 'M' 'M' 'M' 'M' 'M' 'M' 'M' 'M' 'M' 'M' 'M' 'U' 'M' 'M' 'M' 'M'
 'M' 'M' 'M' 'M' 'M' 'M' 'M' 'M' 'M' 'M' 'M' 'M' 'U' 'M' 'U' 'M' 'M' 'M'
 'M' 'M' 'M' 'M' 'U' 'M' 'M' 'M' 'M' 'M' 'M' 'M' 'M' 'M' 'M' 'M' 'M' 'M'
 'M' 'M' 'M' 'M' 'M' 'M' 'M' 'M' 'M' 'M' 'M' 'M' 'M' 'M' 'M' 'M' 'M' 'M'
 'M' 'M' 'M' 'M' 'M' 'M' 'M' 'M' 'M' 'M' 'M' 'M' 'M' 'M' 'M' 'M' 'M' 'M'
 'U' 'M' 'M' 'M' 'M' 'M' 'M' 'M' 'M' 'M' 'M' 'M' 'M' 'M' 'M' 'M' 'M' 'M'
 'M' 'M' 'M' 'M' 'M' 'M' 'M' 'M' 'M' 'U' 'M' 'M' 'M' 'M' 'M' 'M' 'M' 'M'
 'M' 'M' 'M' 'M' 'A' 'M' 'M' 'M' 'U' 'U' 'M' 'U' 'U' 'M' 'M' 'M' 'M' 'M'
 'M' 'M' 'M' 'M' 'M' 'M' 'M' 'M' 'M' 'M' 'M' 'M' 'M' 'M' 'M' 'M' 'M' 'M'
 'M' 'M' 'M' 'M' 'M' 'M' 'M' 'M' 'M' 'M' 'M' 'M' 'M' 'M' 'M' 'M' 'M' 'M'
 'M' 'M' 'M' 'M' 'M' 'M' 'M' 'M' 'M' 'M' 'M' 'M' 'M' 'M' 'M' 'M' 'M' 'M']"
10301,1,191,1,190,7,0,0,"['M' 'M' 'M' 'M' 'M' 'M' 'M' 'M' 'M' 'M' 'M' 'M' 'M' 'M' 'M' 'M' 'M' 'M'
 'M' 'M' 'M' 'M' 'M' 'M' 'M' 'M' 'M' 'M' 'M' 'M' 'U' 'M' 'M' 'M' 'M' 'M'
 'M' 'M' 'M' 'M' 'U' 'M' 'M' 'M' 'M' 'M' 'M' 'M' 'M' 'M' 'M' 'M' 'M' 'M'
 'M' 'M' 'M' 'M' 'M' 'M' 'M' 'M' 'M' 'M' 'M' 'M' 'M' 'M' 'U' 'M' 'M' 'M'
 'M' 'M' 'M' 'M' 'M' 'M' 'M' 'M' 'M' 'M' 'M' 'M' 'M' 'M' 'M' 'M' 'M' 'M'
 'M' 'M' 'M' 'M' 'M' 'M' 'M' 'M' 'M' 'M' 'M' 'M' 'M' 'M' 'M' 'M' 'M' 'M'
 'M' 'U' 'M' 'M' 'M' 'M' 'M' 'M' 'M' 'U' 'M' 'M' 'M' 'M' 'M' 'M' 'M' 'M'
 'M' 'M' 'M' 'M' 'A' 'M' 'M' 'M' 'M' 'U' 'M' 'U' 'M' 'M' 'M' 'M' 'M' 'M'
 'M' 'M' 'M' 'M' 'M' 'M' 'M' 'M' 'M' 'M' 'M' 'M' 'M' 'M' 'M' 'M' 'M' 'M'
 'M' 'M' 'M' 'M' 'M' 'M' 'M' 'M' 'M' 'M' 'M' 'M' 'M' 'M' 'M' 'M' 'M' 'M'
 'M' 'M' 'M' 'M' 'M' 'M' 'M' 'M' 'M' 'M' 'M' 'M' 'M' 'M' 'M' 'M' 'M' 'M']"
10401,1,193,1,192,5,0,0,"['M' 'M' 'M' 'M' 'M' 'M' 'M' 'M' 'M' 'M' 'M' 'M' 'M' 'M' 'M' 'M' 'M' 'M'
 'M' 'M' 'M' 'M' 'M' 'M' 'M' 'M' 'M' 'M' 'M' 'M' 'M' 'M' 'M' 'M' 'M' 'M'
 'M' 'M' 'M' 'M' 'U' 'M' 'M' 'M' 'M' 'M' 'M' 'M' 'M' 'M' 'M' 'M' 'M' 'M'
 'M' 'M' 'M' 'M' 'M' 'M' 'M' 'M' 'M' 'M' 'M' 'M' 'M' 'M' 'M' 'M' 'M' 'M'
 'M' 'M' 'M' 'M' 'M' 'M' 'M' 'M' 'M' 'M' 'M' 'M' 'M' 'M' 'M' 'M' 'M' 'U'
 'M' 'M' 'M' 'M' 'M' 'M' 'M' 'M' 'M' 'M' 'M' 'M' 'M' 'M' 'M' 'M' 'M' 'M'
 'M' 'U' 'M' 'M' 'M' 'M' 'M' 'M' 'M' 'U' 'M' 'M' 'M' 'M' 'M' 'M' 'M' 'M'
 'M' 'M' 'M' 'M' 'A' 'M' 'M' 'M' 'M' 'U' 'M' 'M' 'M' 'M' 'M' 'M' 'M' 'M'
 'M' 'M' 'M' 'M' 'M' 'M' 'M' 'M' 'M' 'M' 'M' 'M' 'M' 'M' 'M' 'M' 'M' 'M'
 'M' 'M' 'M' 'M' 'M' 'M' 'M' 'M' 'M' 'M' 'M' 'M' 'M' 'M' 'M' 'M' 'M' 'M'
 'M' 'M' 'M' 'M' 'M' 'M' 'M' 'M' 'M' 'M' 'M' 'M' 'M' 'M' 'M' 'M' 'M' 'M']"
10501,1,193,1,192,5,0,0,"['M' 'M' 'M' 'M' 'M' 'M' 'M' 'M' 'M' 'M' 'M' 'M' 'M' 'M' 'M' 'M' 'M' 'M'
 'M' 'M' 'M' 'M' 'M' 'M' 'M' 'M' 'M' 'M' 'M' 'M' 'M' 'M' 'M' 'M' 'M' 'M'
 'M' 'M' 'M' 'M' 'U' 'M' 'M' 'M' 'M' 'M' 'M' 'M' 'M' 'M' 'M' 'M' 'M' 'M'
 'M' 'M' 'M' 'M' 'M' 'M' 'M' 'M' 'M' 'M' 'M' 'M' 'M' 'M' 'M' 'M' 'M' 'M'
 'M' 'M' 'M' 'U' 'M' 'M' 'M' 'M' 'M' 'M' 'M' 'M' 'M' 'M' 'M' 'M' 'M' 'M'
 'M' 'M' 'M' 'M' 'M' 'M' 'M' 'M' 'M' 'M' 'M' 'M' 'M' 'M' 'M' 'M' 'M' 'M'
 'M' 'U' 'M' 'M' 'M' 'M' 'M' 'M' 'M' 'M' 'M' 'M' 'M' 'M' 'M' 'M' 'M' 'M'
 'M' 'M' 'M' 'M' 'A' 'M' 'M' 'M' 'M' 'U' 'M' 'M' 'M' 'M' 'M' 'M' 'M' 'M'
 'M' 'M' 'M' 'M' 'M' 'M' 'M' 'M' 'M' 'M' 'M' 'M' 'M' 'M' 'M' 'M' 'M' 'M'
 'M' 'M' 'M' 'M' 'M' 'M' 'M' 'M' 'M' 'M' 'M' 'M' 'M' 'M' 'M' 'M' 'M' 'M'
 'M' 'M' 'M' 'M' 'M' 'M' 'M' 'M' 'M' 'M' 'U' 'M' 'M' 'M' 'M' 'M' 'M' 'M']"
10601,1,192,1,191,6,0,0,"['M' 'M' 'M' 'M' 'M' 'M' 'M' 'M' 'M' 'M' 'M' 'M' 'M' 'M' 'M' 'M' 'M' 'M'
 'M' 'M' 'M' 'M' 'M' 'M' 'M' 'M' 'M' 'M' 'M' 'M' 'M' 'M' 'M' 'M' 'M' 'M'
 'M' 'M' 'M' 'M' 'U' 'M' 'M' 'M' 'M' 'M' 'M' 'M' 'M' 'M' 'M' 'M' 'M' 'M'
 'M' 'M' 'M' 'M' 'M' 'M' 'M' 'M' 'M' 'M' 'M' 'M' 'M' 'M' 'M' 'M' 'M' 'M'
 'M' 'M' 'M' 'M' 'M' 'M' 'M' 'U' 'M' 'M' 'M' 'M' 'M' 'M' 'M' 'M' 'M' 'M'
 'M' 'M' 'M' 'M' 'M' 'M' 'M' 'M' 'M' 'M' 'M' 'M' 'M' 'M' 'M' 'M' 'M' 'M'
 'M' 'U' 'M' 'M' 'M' 'M' 'M' 'M' 'M' 'M' 'M' 'M' 'M' 'M' 'M' 'M' 'M' 'M'
 'M' 'M' 'M' 'M' 'A' 'M' 'M' 'M' 'M' 'U' 'M' 'M' 'M' 'M' 'M' 'U' 'M' 'M'
 'M' 'M' 'M' 'M' 'M' 'M' 'M' 'M' 'M' 'M' 'M' 'M' 'M' 'M' 'M' 'M' 'M' 'M'
 'M' 'M' 'M' 'M' 'M' 'M' 'M' 'M' 'M' 'M' 'M' 'M' 'M' 'M' 'M' 'M' 'M' 'M'
 'M' 'M' 'M' 'M' 'M' 'M' 'M' 'M' 'M' 'M' 'U' 'M' 'M' 'M' 'M' 'M' 'M' 'M']"
10701,1,191,6,185,7,0,0,"['M' 'M' 'M' 'M' 'M' 'M' 'M' 'M' 'M' 'M' 'M' 'M' 'M' 'M' 'M' 'M' 'M' 'M'
 'M' 'M' 'M' 'M' 'M' 'M' 'M' 'M' 'M' 'M' 'M' 'M' 'M' 'M' 'M' 'M' 'M' 'M'
 'M' 'M' 'M' 'M' 'U' 'M' 'M' 'M' 'M' 'M' 'M' 'M' 'M' 'M' 'M' 'M' 'M' 'M'
 'M' 'M' 'M' 'M' 'M' 'M' 'M' 'M' 'M' 'M' 'M' 'M' 'M' 'M' 'M' 'M' 'M' 'U'
 'M' 'M' 'M' 'M' 'M' 'M' 'M' 'M' 'M' 'M' 'M' 'M' 'M' 'M' 'M' 'M' 'M' 'M'
 'M' 'M' 'M' 'M' 'M' 'M' 'M' 'M' 'M' 'M' 'M' 'M' 'M' 'M' 'M' 'M' 'M' 'M'
 'M' 'M' 'M' 'M' 'M' 'M' 'M' 'M' 'M' 'M' 'M' 'M' 'M' 'M' 'M' 'M' 'M' 'M'
 'M' 'M' 'M' 'M' 'A' 'U' 'A' 'A' 'A' 'U' 'A' 'A' 'U' 'M' 'M' 'M' 'M' 'M'
 'M' 'M' 'M' 'M' 'M' 'M' 'M' 'M' 'M' 'M' 'M' 'M' 'M' 'M' 'M' 'M' 'M' 'M'
 'M' 'M' 'M' 'M' 'M' 'M' 'M' 'M' 'M' 'M' 'M' 'U' 'M' 'U' 'M' 'M' 'M' 'M'
 'M' 'M' 'M' 'M' 'M' 'M' 'M' 'M' 'M' 'M' 'M' 'M' 'M' 'M' 'M' 'M' 'M' 'M']"
10801,1,191,4,187,7,0,0,"['M' 'M' 'M' 'M' 'M' 'M' 'M' 'M' 'M' 'M' 'M' 'M' 'M' 'M' 'M' 'M' 'M' 'M'
 'M' 'M' 'M' 'M' 'M' 'M' 'M' 'M' 'M' 'M' 'M' 'M' 'M' 'M' 'M' 'M' 'M' 'M'
 'M' 'M' 'M' 'M' 'U' 'M' 'M' 'M' 'M' 'M' 'M' 'M' 'M' 'M' 'M' 'M' 'M' 'M'
 'M' 'M' 'M' 'M' 'M' 'M' 'M' 'M' 'M' 'M' 'M' 'M' 'M' 'M' 'M' 'M' 'M' 'M'
 'M' 'M' 'M' 'M' 'M' 'M' 'M' 'M' 'M' 'M' 'M' 'M' 'M' 'M' 'M' 'M' 'U' 'M'
 'M' 'M' 'M' 'M' 'M' 'M' 'M' 'M' 'M' 'M' 'M' 'M' 'M' 'M' 'M' 'M' 'M' 'U'
 'M' 'M' 'M' 'M' 'M' 'M' 'M' 'M' 'M' 'M' 'M' 'M' 'M' 'M' 'M' 'M' 'M' 'M'
 'M' 'M' 'M' 'M' 'A' 'M' 'U' 'M' 'A' 'U' 'A' 'A' 'M' 'M' 'M' 'M' 'M' 'M'
 'M' 'M' 'M' 'M' 'M' 'U' 'M' 'M' 'M' 'M' 'M' 'M' 'M' 'M' 'M' 'M' 'M' 'M'
 'M' 'M' 'M' 'M' 'M' 'M' 'M' 'M' 'M' 'M' 'M' 'M' 'U' 'M' 'M' 'M' 'M' 'M'
 'M' 'M' 'M' 'M' 'M' 'M' 'M' 'M' 'M' 'M' 'M' 'M' 'M' 'M' 'M' 'M' 'M' 'M']"
10901,2,192,7,185,6,0,0,"['M' 'M' 'M' 'M' 'M' 'M' 'M' 'M' 'M' 'M' 'M' 'M' 'M' 'M' 'M' 'M' 'M' 'M'
 'M' 'M' 'M' 'M' 'M' 'M' 'M' 'M' 'M' 'M' 'M' 'M' 'M' 'M' 'M' 'M' 'U' 'M'
 'M' 'M' 'M' 'M' 'U' 'M' 'M' 'M' 'M' 'M' 'M' 'M' 'M' 'M' 'M' 'M' 'M' 'M'
 'M' 'M' 'M' 'M' 'M' 'M' 'M' 'M' 'M' 'M' 'M' 'M' 'M' 'M' 'M' 'M' 'M' 'M'
 'M' 'M' 'M' 'M' 'M' 'M' 'M' 'M' 'M' 'M' 'M' 'M' 'M' 'M' 'U' 'M' 'M' 'M'
 'M' 'M' 'M' 'M' 'M' 'M' 'M' 'M' 'M' 'M' 'M' 'M' 'M' 'M' 'M' 'M' 'M' 'M'
 'M' 'M' 'M' 'M' 'M' 'M' 'M' 'M' 'M' 'M' 'M' 'M' 'U' 'M' 'M' 'M' 'M' 'M'
 'M' 'M' 'M' 'M' 'A' 'U' 'A' 'A' 'A' 'A' 'A' 'A' 'M' 'M' 'M' 'M' 'M' 'M'
 'M' 'M' 'M' 'M' 'M' 'U' 'M' 'M' 'M' 'M' 'M' 'M' 'M' 'M' 'M' 'M' 'M' 'M'
 'M' 'M' 'M' 'M' 'M' 'M' 'M' 'M' 'M' 'M' 'M' 'M' 'M' 'M' 'M' 'M' 'M' 'M'
 'M' 'M' 'M' 'M' 'M' 'M' 'M' 'M' 'M' 'M' 'M' 'M' 'M' 'M' 'M' 'M' 'M' 'M']"
11001,1,192,4,188,6,0,1,"['M' 'M' 'M' 'M' 'M' 'M' 'M' 'M' 'M' 'M' 'M' 'M' 'M' 'M' 'M' 'M' 'M' 'M'
 'M' 'M' 'M' 'M' 'M' 'M' 'M' 'M' 'M' 'M' 'M' 'M' 'M' 'M' 'M' 'M' 'M' 'M'
 'M' 'M' 'M' 'M' 'M' 'M' 'M' 'M' 'M' 'M' 'M' 'M' 'M' 'M' 'M' 'M' 'M' 'M'
 'M' 'M' 'M' 'M' 'M' 'M' 'M' 'M' 'M' 'M' 'M' 'M' 'M' 'M' 'M' 'U' 'M' 'M'
 'M' 'M' 'M' 'M' 'M' 'M' 'M' 'M' 'M' 'M' 'M' 'M' 'M' 'M' 'M' 'M' 'M' 'M'
 'M' 'M' 'M' 'M' 'M' 'M' 'M' 'M' 'M' 'M' 'M' 'M' 'M' 'M' 'M' 'M' 'M' 'M'
 'M' 'M' 'M' 'M' 'M' 'M' 'M' 'M' 'M' 'M' 'M' 'M' 'M' 'M' 'M' 'M' 'M' 'M'
 'M' 'M' 'M' 'M' 'A' 'M' 'U' 'A' 'A' 'A' 'U' 'U' 'M' 'U' 'M' 'M' 'M' 'M'
 'M' 'M' 'M' 'M' 'M' 'M' 'M' 'M' 'M' 'M' 'M' 'M' 'M' 'M' 'M' 'M' 'M' 'M'
 'M' 'M' 'M' 'M' 'M' 'M' 'M' 'M' 'M' 'M' 'M' 'M' 'M' 'U' 'M' 'M' 'M' 'M'
 'M' 'M' 'M' 'M' 'M' 'M' 'M' 'M' 'M' 'M' 'M' 'M' 'M' 'M' 'M' 'M' 'M' 'M']"
11101,1,190,6,184,8,0,0,"['M' 'M' 'M' 'M' 'M' 'M' 'M' 'M' 'M' 'M' 'M' 'M' 'M' 'M' 'M' 'M' 'M' 'M'
 'M' 'M' 'U' 'M' 'M' 'M' 'M' 'M' 'M' 'M' 'M' 'M' 'M' 'M' 'M' 'M' 'M' 'M'
 'M' 'M' 'M' 'M' 'M' 'M' 'M' 'M' 'M' 'M' 'M' 'M' 'M' 'M' 'M' 'M' 'M' 'M'
 'M' 'M' 'M' 'M' 'M' 'M' 'M' 'M' 'M' 'M' 'M' 'M' 'M' 'M' 'M' 'M' 'U' 'M'
 'M' 'M' 'M' 'M' 'M' 'M' 'M' 'M' 'M' 'M' 'M' 'M' 'M' 'M' 'M' 'M' 'M' 'M'
 'M' 'M' 'M' 'M' 'M' 'M' 'M' 'M' 'M' 'M' 'M' 'M' 'M' 'M' 'U' 'M' 'M' 'M'
 'M' 'M' 'M' 'M' 'M' 'M' 'M' 'M' 'M' 'M' 'M' 'M' 'M' 'M' 'M' 'M' 'M' 'M'
 'M' 'M' 'M' 'M' 'A' 'M' 'A' 'A' 'A' 'U' 'M' 'A' 'A' 'U' 'M' 'M' 'M' 'M'
 'M' 'M' 'M' 'M' 'M' 'M' 'M' 'M' 'M' 'M' 'M' 'M' 'M' 'M' 'U' 'M' 'U' 'M'
 'M' 'M' 'M' 'M' 'M' 'M' 'M' 'M' 'M' 'M' 'M' 'M' 'M' 'U' 'M' 'M' 'M' 'M'
 'M' 'M' 'M' 'M' 'M' 'M' 'M' 'M' 'M' 'M' 'M' 'M' 'M' 'M' 'M' 'M' 'M' 'M']"
11201,1,191,7,184,7,0,1,"['M' 'M' 'M' 'M' 'M' 'M' 'M' 'M' 'M' 'M' 'M' 'M' 'M' 'M' 'M' 'M' 'M' 'M'
 'M' 'M' 'M' 'M' 'M' 'M' 'M' 'M' 'M' 'M' 'M' 'M' 'M' 'M' 'M' 'M' 'M' 'M'
 'M' 'M' 'M' 'M' 'M' 'M' 'M' 'M' 'M' 'M' 'M' 'M' 'M' 'M' 'M' 'M' 'M' 'M'
 'M' 'M' 'M' 'M' 'M' 'M' 'M' 'M' 'M' 'M' 'M' 'M' 'M' 'M' 'M' 'M' 'M' 'M'
 'M' 'M' 'M' 'M' 'M' 'M' 'M' 'M' 'M' 'M' 'M' 'U' 'M' 'M' 'M' 'M' 'M' 'M'
 'M' 'M' 'M' 'M' 'M' 'M' 'M' 'M' 'M' 'M' 'M' 'M' 'M' 'M' 'M' 'M' 'M' 'M'
 'M' 'M' 'M' 'M' 'M' 'M' 'M' 'M' 'M' 'M' 'M' 'M' 'M' 'M' 'M' 'M' 'M' 'M'
 'M' 'U' 'M' 'M' 'A' 'M' 'A' 'A' 'A' 'A' 'A' 'U' 'A' 'M' 'M' 'M' 'M' 'U'
 'M' 'M' 'M' 'M' 'M' 'M' 'M' 'M' 'M' 'M' 'M' 'M' 'M' 'M' 'U' 'M' 'U' 'M'
 'M' 'M' 'M' 'M' 'M' 'M' 'M' 'M' 'M' 'M' 'M' 'M' 'M' 'M' 'M' 'M' 'M' 'M'
 'M' 'M' 'M' 'M' 'U' 'M' 'M' 'M' 'M' 'M' 'M' 'M' 'M' 'M' 'M' 'M' 'M' 'M']"
11301,1,193,7,186,5,0,0,"['M' 'M' 'M' 'M' 'M' 'M' 'M' 'M' 'M' 'M' 'M' 'M' 'M' 'M' 'M' 'M' 'M' 'M'
 'M' 'M' 'M' 'M' 'M' 'M' 'M' 'M' 'M' 'M' 'M' 'M' 'M' 'M' 'M' 'M' 'M' 'M'
 'M' 'M' 'M' 'M' 'M' 'M' 'M' 'M' 'M' 'M' 'M' 'M' 'M' 'M' 'M' 'M' 'M' 'M'
 'M' 'M' 'M' 'M' 'M' 'M' 'M' 'M' 'M' 'M' 'M' 'M' 'M' 'M' 'M' 'M' 'M' 'M'
 'M' 'M' 'M' 'M' 'M' 'M' 'U' 'M' 'M' 'M' 'M' 'M' 'M' 'M' 'M' 'M' 'M' 'M'
 'M' 'M' 'M' 'M' 'M' 'M' 'M' 'M' 'M' 'M' 'M' 'M' 'M' 'M' 'M' 'M' 'M' 'M'
 'M' 'M' 'M' 'M' 'M' 'M' 'M' 'M' 'M' 'M' 'M' 'M' 'M' 'M' 'M' 'M' 'M' 'M'
 'M' 'U' 'M' 'M' 'A' 'M' 'A' 'A' 'A' 'A' 'A' 'U' 'A' 'M' 'M' 'M' 'M' 'U'
 'M' 'M' 'M' 'M' 'M' 'M' 'M' 'M' 'M' 'M' 'M' 'M' 'M' 'M' 'M' 'M' 'U' 'M'
 'M' 'M' 'M' 'M' 'M' 'M' 'M' 'M' 'M' 'M' 'M' 'M' 'M' 'M' 'M' 'M' 'M' 'M'
 'M' 'M' 'M' 'M' 'M' 'M' 'M' 'M' 'M' 'M' 'M' 'M' 'M' 'M' 'M' 'M' 'M' 'M']"
11401,1,193,8,185,5,0,0,"['M' 'M' 'M' 'M' 'M' 'M' 'M' 'M' 'M' 'M' 'M' 'M' 'M' 'M' 'M' 'M' 'M' 'M'
 'M' 'M' 'M' 'M' 'M' 'M' 'M' 'M' 'M' 'M' 'M' 'M' 'M' 'M' 'M' 'M' 'M' 'M'
 'M' 'M' 'M' 'M' 'M' 'M' 'M' 'M' 'M' 'M' 'M' 'M' 'M' 'M' 'M' 'M' 'M' 'M'
 'M' 'U' 'M' 'M' 'M' 'M' 'M' 'M' 'M' 'M' 'M' 'M' 'M' 'M' 'M' 'M' 'M' 'M'
 'M' 'M' 'M' 'M' 'M' 'M' 'M' 'M' 'M' 'U' 'M' 'M' 'M' 'M' 'M' 'M' 'M' 'M'
 'M' 'M' 'M' 'M' 'M' 'M' 'M' 'M' 'M' 'M' 'M' 'M' 'M' 'M' 'M' 'M' 'M' 'M'
 'M' 'M' 'M' 'M' 'M' 'M' 'M' 'M' 'M' 'M' 'M' 'M' 'M' 'M' 'M' 'M' 'M' 'M'
 'M' 'U' 'M' 'M' 'A' 'A' 'A' 'A' 'A' 'A' 'A' 'U' 'A' 'M' 'M' 'M' 'M' 'U'
 'M' 'M' 'M' 'M' 'M' 'M' 'M' 'M' 'M' 'M' 'M' 'M' 'M' 'M' 'M' 'M' 'M' 'M'
 'M' 'M' 'M' 'M' 'M' 'M' 'M' 'M' 'M' 'M' 'M' 'M' 'M' 'M' 'M' 'M' 'M' 'M'
 'M' 'M' 'M' 'M' 'M' 'M' 'M' 'M' 'M' 'M' 'M' 'M' 'M' 'M' 'M' 'M' 'M' 'M']"
11501,2,188,8,180,10,0,0,"['M' 'M' 'M' 'M' 'M' 'M' 'M' 'M' 'M' 'M' 'M' 'M' 'M' 'M' 'M' 'M' 'M' 'M'
 'M' 'M' 'M' 'M' 'M' 'M' 'M' 'M' 'M' 'M' 'U' 'M' 'M' 'M' 'M' 'M' 'M' 'M'
 'U' 'M' 'M' 'M' 'M' 'M' 'M' 'M' 'M' 'M' 'U' 'M' 'M' 'M' 'M' 'M' 'M' 'M'
 'M' 'U' 'M' 'M' 'M' 'M' 'M' 'M' 'M' 'M' 'M' 'M' 'U' 'M' 'M' 'M' 'M' 'M'
 'M' 'M' 'M' 'M' 'M' 'M' 'M' 'M' 'M' 'M' 'M' 'M' 'M' 'M' 'M' 'M' 'M' 'M'
 'M' 'M' 'M' 'M' 'M' 'M' 'M' 'M' 'U' 'M' 'M' 'M' 'M' 'M' 'M' 'M' 'M' 'M'
 'M' 'M' 'M' 'M' 'M' 'M' 'M' 'M' 'M' 'M' 'M' 'M' 'M' 'M' 'M' 'M' 'M' 'M'
 'M' 'U' 'M' 'M' 'A' 'A' 'A' 'U' 'A' 'A' 'A' 'A' 'A' 'M' 'M' 'M' 'M' 'U'
 'M' 'M' 'M' 'M' 'M' 'M' 'M' 'M' 'M' 'M' 'M' 'M' 'M' 'M' 'M' 'M' 'M' 'M'
 'M' 'M' 'M' 'M' 'M' 'M' 'M' 'M' 'M' 'M' 'M' 'M' 'M' 'M' 'M' 'M' 'M' 'M'
 'M' 'M' 'M' 'U' 'M' 'M' 'M' 'M' 'M' 'M' 'M' 'M' 'M' 'M' 'M' 'M' 'M' 'M']"
11601,1,190,8,182,8,0,0,"['M' 'M' 'M' 'M' 'M' 'M' 'M' 'M' 'M' 'M' 'M' 'M' 'M' 'M' 'M' 'M' 'M' 'M'
 'M' 'M' 'M' 'M' 'M' 'M' 'M' 'M' 'M' 'M' 'M' 'M' 'M' 'M' 'M' 'M' 'M' 'M'
 'M' 'M' 'M' 'M' 'M' 'M' 'U' 'M' 'M' 'M' 'U' 'M' 'M' 'M' 'M' 'M' 'M' 'M'
 'M' 'M' 'M' 'M' 'M' 'M' 'M' 'M' 'M' 'M' 'M' 'M' 'M' 'M' 'M' 'M' 'M' 'M'
 'M' 'M' 'M' 'M' 'M' 'M' 'U' 'M' 'M' 'M' 'M' 'M' 'M' 'M' 'M' 'M' 'M' 'M'
 'M' 'M' 'M' 'M' 'M' 'M' 'U' 'M' 'U' 'M' 'U' 'M' 'M' 'M' 'M' 'M' 'M' 'M'
 'M' 'M' 'M' 'M' 'M' 'M' 'M' 'M' 'M' 'M' 'M' 'M' 'M' 'M' 'M' 'M' 'M' 'M'
 'M' 'M' 'M' 'M' 'A' 'A' 'A' 'A' 'A' 'A' 'A' 'A' 'M' 'M' 'M' 'M' 'M' 'M'
 'M' 'M' 'M' 'M' 'M' 'M' 'M' 'M' 'M' 'M' 'M' 'M' 'M' 'M' 'M' 'M' 'M' 'M'
 'M' 'M' 'M' 'M' 'M' 'M' 'M' 'M' 'M' 'M' 'M' 'M' 'M' 'M' 'M' 'M' 'M' 'M'
 'M' 'M' 'M' 'U' 'M' 'M' 'M' 'M' 'U' 'M' 'M' 'M' 'M' 'M' 'M' 'M' 'M' 'M']"
11701,2,186,7,179,12,0,1,"['M' 'M' 'M' 'M' 'M' 'M' 'M' 'M' 'M' 'M' 'M' 'M' 'M' 'M' 'M' 'M' 'M' 'M'
 'M' 'U' 'M' 'M' 'M' 'M' 'M' 'M' 'M' 'M' 'M' 'M' 'M' 'M' 'M' 'M' 'M' 'M'
 'M' 'M' 'M' 'M' 'M' 'M' 'U' 'M' 'M' 'M' 'U' 'M' 'M' 'M' 'U' 'M' 'M' 'M'
 'M' 'M' 'M' 'M' 'M' 'M' 'M' 'M' 'M' 'M' 'M' 'M' 'M' 'M' 'M' 'M' 'M' 'M'
 'M' 'M' 'M' 'M' 'M' 'M' 'M' 'M' 'M' 'M' 'M' 'M' 'M' 'M' 'M' 'M' 'M' 'M'
 'M' 'M' 'M' 'M' 'U' 'M' 'M' 'M' 'U' 'M' 'U' 'M' 'M' 'M' 'M' 'M' 'M' 'M'
 'M' 'M' 'M' 'M' 'M' 'U' 'M' 'M' 'M' 'M' 'M' 'M' 'M' 'M' 'M' 'M' 'M' 'M'
 'M' 'M' 'M' 'M' 'U' 'A' 'A' 'A' 'A' 'A' 'A' 'A' 'M' 'M' 'M' 'M' 'M' 'M'
 'M' 'M' 'M' 'M' 'M' 'M' 'M' 'M' 'M' 'M' 'M' 'M' 'M' 'M' 'M' 'M' 'M' 'M'
 'M' 'M' 'M' 'M' 'M' 'M' 'M' 'M' 'M' 'M' 'M' 'M' 'M' 'M' 'M' 'M' 'M' 'M'
 'M' 'M' 'M' 'M' 'M' 'M' 'M' 'U' 'U' 'M' 'M' 'M' 'M' 'M' 'U' 'M' 'M' 'M']"
11801,1,188,9,179,10,0,0,"['M' 'M' 'M' 'M' 'M' 'M' 'M' 'M' 'M' 'M' 'U' 'M' 'M' 'M' 'M' 'M' 'M' 'M'
 'M' 'U' 'M' 'M' 'M' 'M' 'M' 'M' 'M' 'M' 'M' 'M' 'M' 'M' 'M' 'M' 'M' 'M'
 'M' 'M' 'M' 'M' 'M' 'M' 'U' 'M' 'M' 'M' 'M' 'M' 'M' 'M' 'M' 'M' 'M' 'M'
 'M' 'M' 'M' 'M' 'M' 'M' 'M' 'M' 'M' 'M' 'M' 'M' 'M' 'M' 'U' 'M' 'M' 'M'
 'M' 'M' 'M' 'M' 'M' 'M' 'M' 'M' 'M' 'M' 'M' 'M' 'M' 'M' 'M' 'M' 'M' 'M'
 'M' 'M' 'M' 'M' 'M' 'M' 'M' 'M' 'U' 'M' 'U' 'M' 'M' 'M' 'M' 'U' 'M' 'M'
 'M' 'M' 'M' 'M' 'M' 'M' 'M' 'M' 'M' 'M' 'M' 'M' 'M' 'M' 'M' 'M' 'M' 'M'
 'M' 'M' 'M' 'M' 'A' 'A' 'A' 'A' 'A' 'A' 'A' 'A' 'A' 'M' 'M' 'M' 'M' 'M'
 'M' 'M' 'M' 'M' 'U' 'M' 'M' 'M' 'M' 'M' 'M' 'M' 'M' 'M' 'M' 'M' 'M' 'M'
 'M' 'M' 'M' 'M' 'M' 'M' 'M' 'M' 'M' 'M' 'M' 'M' 'M' 'M' 'M' 'M' 'M' 'M'
 'M' 'M' 'M' 'M' 'M' 'M' 'M' 'U' 'U' 'M' 'M' 'M' 'M' 'M' 'M' 'M' 'M' 'M']"
11901,1,186,6,180,12,0,0,"['M' 'M' 'M' 'M' 'M' 'M' 'M' 'M' 'M' 'M' 'U' 'M' 'M' 'M' 'M' 'M' 'M' 'M'
 'M' 'M' 'M' 'M' 'M' 'M' 'M' 'M' 'M' 'M' 'M' 'M' 'M' 'M' 'M' 'M' 'M' 'M'
 'M' 'M' 'M' 'M' 'M' 'M' 'U' 'M' 'M' 'M' 'M' 'M' 'M' 'M' 'M' 'M' 'M' 'M'
 'M' 'M' 'M' 'M' 'M' 'M' 'M' 'M' 'M' 'U' 'M' 'M' 'M' 'M' 'M' 'M' 'M' 'M'
 'M' 'M' 'M' 'M' 'M' 'M' 'M' 'M' 'M' 'M' 'U' 'M' 'M' 'M' 'M' 'M' 'M' 'M'
 'M' 'M' 'M' 'M' 'M' 'M' 'M' 'M' 'U' 'M' 'M' 'M' 'M' 'M' 'M' 'M' 'M' 'M'
 'M' 'M' 'M' 'M' 'M' 'M' 'M' 'M' 'M' 'M' 'M' 'M' 'M' 'M' 'M' 'M' 'M' 'M'
 'M' 'M' 'M' 'M' 'A' 'U' 'U' 'A' 'A' 'A' 'U' 'A' 'A' 'M' 'M' 'M' 'M' 'U'
 'M' 'M' 'M' 'M' 'M' 'M' 'M' 'M' 'M' 'M' 'M' 'M' 'M' 'M' 'M' 'M' 'M' 'M'
 'M' 'M' 'M' 'M' 'M' 'M' 'M' 'M' 'M' 'M' 'M' 'M' 'M' 'M' 'M' 'M' 'M' 'M'
 'M' 'M' 'M' 'M' 'M' 'M' 'M' 'U' 'U' 'M' 'M' 'M' 'M' 'U' 'M' 'M' 'M' 'M']"
12001,1,186,2,184,12,0,0,"['M' 'M' 'M' 'M' 'M' 'M' 'M' 'M' 'M' 'M' 'U' 'M' 'M' 'M' 'M' 'M' 'M' 'M'
 'M' 'M' 'M' 'M' 'M' 'M' 'M' 'M' 'M' 'M' 'M' 'M' 'M' 'M' 'M' 'M' 'M' 'M'
 'M' 'M' 'M' 'M' 'M' 'M' 'U' 'M' 'M' 'M' 'M' 'M' 'M' 'M' 'M' 'M' 'M' 'M'
 'M' 'M' 'M' 'M' 'M' 'M' 'M' 'M' 'M' 'U' 'M' 'M' 'M' 'M' 'M' 'M' 'M' 'M'
 'M' 'M' 'M' 'M' 'M' 'M' 'M' 'M' 'M' 'M' 'M' 'U' 'M' 'M' 'M' 'M' 'M' 'M'
 'M' 'M' 'M' 'M' 'M' 'M' 'M' 'M' 'U' 'M' 'M' 'M' 'M' 'M' 'M' 'M' 'M' 'M'
 'M' 'M' 'M' 'M' 'M' 'M' 'M' 'M' 'M' 'M' 'M' 'M' 'M' 'M' 'M' 'M' 'M' 'M'
 'M' 'M' 'M' 'M' 'A' 'U' 'M' 'U' 'U' 'U' 'U' 'A' 'U' 'M' 'M' 'M' 'M' 'M'
 'M' 'M' 'M' 'M' 'M' 'M' 'M' 'M' 'M' 'M' 'M' 'M' 'M' 'U' 'M' 'M' 'M' 'M'
 'M' 'M' 'M' 'M' 'M' 'M' 'M' 'M' 'M' 'M' 'M' 'M' 'M' 'M' 'M' 'M' 'M' 'M'
 'M' 'M' 'M' 'M' 'M' 'M' 'M' 'M' 'M' 'M' 'M' 'M' 'M' 'M' 'M' 'M' 'M' 'M']"
12101,1,186,1,185,12,0,0,"['M' 'M' 'M' 'M' 'M' 'M' 'M' 'M' 'M' 'M' 'U' 'M' 'M' 'M' 'M' 'M' 'M' 'M'
 'M' 'M' 'M' 'M' 'M' 'M' 'M' 'M' 'M' 'M' 'M' 'M' 'M' 'M' 'M' 'M' 'M' 'M'
 'M' 'M' 'M' 'M' 'M' 'M' 'U' 'M' 'M' 'U' 'M' 'M' 'M' 'M' 'M' 'M' 'M' 'M'
 'M' 'M' 'M' 'M' 'M' 'M' 'M' 'M' 'M' 'U' 'M' 'M' 'M' 'M' 'M' 'U' 'M' 'M'
 'M' 'M' 'M' 'M' 'M' 'M' 'M' 'M' 'M' 'M' 'M' 'M' 'M' 'M' 'M' 'M' 'M' 'M'
 'M' 'M' 'M' 'M' 'M' 'M' 'M' 'M' 'U' 'M' 'M' 'M' 'M' 'M' 'M' 'M' 'M' 'M'
 'M' 'M' 'M' 'M' 'M' 'M' 'M' 'M' 'M' 'M' 'M' 'M' 'M' 'M' 'M' 'M' 'M' 'M'
 'M' 'M' 'M' 'M' 'A' 'U' 'M' 'U' 'U' 'M' 'M' 'U' 'U' 'M' 'M' 'M' 'M' 'M'
 'M' 'M' 'M' 'M' 'M' 'M' 'M' 'M' 'M' 'M' 'M' 'M' 'M' 'M' 'M' 'U' 'M' 'M'
 'M' 'M' 'M' 'M' 'M' 'M' 'M' 'M' 'M' 'M' 'M' 'M' 'M' 'M' 'M' 'M' 'M' 'M'
 'M' 'M' 'M' 'M' 'M' 'M' 'M' 'M' 'M' 'M' 'M' 'M' 'M' 'M' 'M' 'M' 'M' 'M']"
12201,2,191,7,184,7,0,0,"['M' 'M' 'M' 'M' 'M' 'M' 'M' 'M' 'M' 'M' 'U' 'M' 'M' 'M' 'M' 'M' 'M' 'M'
 'M' 'M' 'M' 'M' 'M' 'M' 'M' 'M' 'M' 'M' 'M' 'M' 'M' 'M' 'M' 'M' 'M' 'M'
 'M' 'M' 'M' 'M' 'M' 'M' 'U' 'M' 'M' 'M' 'M' 'M' 'M' 'M' 'M' 'M' 'M' 'M'
 'M' 'M' 'M' 'M' 'M' 'M' 'M' 'M' 'M' 'U' 'M' 'M' 'U' 'M' 'M' 'M' 'M' 'M'
 'M' 'M' 'M' 'M' 'M' 'M' 'M' 'M' 'M' 'M' 'M' 'M' 'M' 'M' 'M' 'M' 'M' 'M'
 'M' 'M' 'M' 'M' 'M' 'M' 'M' 'M' 'U' 'M' 'M' 'M' 'M' 'M' 'M' 'M' 'M' 'M'
 'M' 'M' 'M' 'M' 'M' 'M' 'M' 'M' 'M' 'M' 'M' 'M' 'M' 'M' 'M' 'M' 'M' 'M'
 'M' 'M' 'M' 'M' 'A' 'A' 'A' 'A' 'A' 'U' 'U' 'A' 'A' 'M' 'M' 'M' 'M' 'M'
 'M' 'M' 'M' 'M' 'M' 'M' 'M' 'M' 'M' 'M' 'M' 'M' 'M' 'M' 'M' 'M' 'M' 'M'
 'M' 'M' 'M' 'M' 'M' 'M' 'M' 'M' 'M' 'M' 'M' 'M' 'M' 'M' 'M' 'M' 'M' 'M'
 'M' 'M' 'M' 'M' 'M' 'M' 'M' 'M' 'M' 'M' 'M' 'M' 'M' 'M' 'M' 'M' 'M' 'M']"
12301,3,190,8,182,8,0,1,"['M' 'M' 'M' 'M' 'M' 'M' 'M' 'M' 'M' 'M' 'U' 'M' 'M' 'M' 'M' 'M' 'M' 'M'
 'M' 'M' 'M' 'M' 'M' 'M' 'M' 'M' 'M' 'M' 'M' 'M' 'M' 'M' 'M' 'M' 'M' 'M'
 'M' 'M' 'M' 'M' 'M' 'M' 'U' 'M' 'M' 'M' 'M' 'M' 'M' 'M' 'M' 'M' 'M' 'M'
 'M' 'M' 'M' 'M' 'M' 'M' 'M' 'M' 'M' 'M' 'M' 'M' 'U' 'M' 'M' 'M' 'M' 'M'
 'M' 'M' 'M' 'M' 'M' 'M' 'M' 'M' 'M' 'M' 'M' 'M' 'M' 'M' 'M' 'M' 'M' 'M'
 'M' 'M' 'M' 'M' 'M' 'M' 'M' 'M' 'M' 'M' 'M' 'M' 'M' 'M' 'M' 'M' 'M' 'M'
 'M' 'M' 'M' 'M' 'M' 'M' 'M' 'M' 'M' 'U' 'M' 'M' 'M' 'M' 'M' 'M' 'M' 'M'
 'U' 'M' 'M' 'M' 'A' 'A' 'A' 'A' 'A' 'A' 'A' 'A' 'U' 'M' 'M' 'M' 'M' 'M'
 'M' 'M' 'M' 'U' 'M' 'M' 'M' 'M' 'M' 'M' 'U' 'M' 'M' 'M' 'M' 'M' 'M' 'M'
 'M' 'M' 'M' 'M' 'M' 'M' 'M' 'M' 'M' 'M' 'M' 'M' 'M' 'M' 'M' 'M' 'M' 'M'
 'M' 'M' 'M' 'M' 'M' 'M' 'M' 'M' 'M' 'M' 'M' 'M' 'M' 'M' 'M' 'M' 'M' 'M']"
12401,1,190,9,181,8,0,0,"['M' 'M' 'M' 'M' 'M' 'M' 'M' 'M' 'M' 'M' 'U' 'M' 'M' 'M' 'M' 'M' 'M' 'M'
 'M' 'M' 'M' 'M' 'M' 'M' 'M' 'M' 'M' 'M' 'M' 'M' 'M' 'M' 'M' 'M' 'M' 'M'
 'M' 'U' 'M' 'M' 'M' 'M' 'U' 'M' 'M' 'M' 'M' 'M' 'M' 'M' 'M' 'M' 'M' 'M'
 'M' 'M' 'M' 'M' 'M' 'M' 'M' 'M' 'M' 'M' 'M' 'U' 'M' 'M' 'M' 'M' 'M' 'M'
 'M' 'M' 'M' 'M' 'M' 'M' 'M' 'M' 'M' 'M' 'M' 'M' 'M' 'M' 'M' 'M' 'M' 'M'
 'M' 'M' 'M' 'M' 'M' 'M' 'M' 'M' 'M' 'M' 'M' 'M' 'M' 'M' 'M' 'M' 'M' 'M'
 'M' 'M' 'M' 'M' 'M' 'M' 'M' 'M' 'M' 'M' 'M' 'M' 'M' 'M' 'M' 'M' 'M' 'M'
 'U' 'M' 'M' 'M' 'A' 'A' 'A' 'A' 'A' 'A' 'A' 'A' 'A' 'M' 'M' 'M' 'M' 'M'
 'M' 'M' 'M' 'U' 'M' 'M' 'M' 'M' 'M' 'M' 'U' 'M' 'M' 'M' 'M' 'M' 'M' 'M'
 'M' 'M' 'M' 'M' 'M' 'M' 'M' 'M' 'M' 'M' 'M' 'M' 'M' 'M' 'M' 'M' 'M' 'M'
 'M' 'M' 'M' 'M' 'M' 'M' 'M' 'M' 'M' 'M' 'M' 'M' 'M' 'M' 'M' 'M' 'M' 'U']"
12501,1,185,6,179,13,0,0,"['M' 'M' 'M' 'M' 'M' 'M' 'M' 'M' 'M' 'M' 'M' 'M' 'M' 'M' 'M' 'M' 'M' 'M'
 'M' 'M' 'M' 'M' 'M' 'M' 'M' 'M' 'M' 'M' 'M' 'M' 'M' 'M' 'M' 'M' 'M' 'U'
 'M' 'M' 'M' 'M' 'M' 'M' 'U' 'M' 'M' 'M' 'M' 'M' 'U' 'M' 'M' 'M' 'M' 'M'
 'M' 'M' 'M' 'M' 'M' 'M' 'M' 'M' 'M' 'M' 'U' 'M' 'M' 'M' 'U' 'M' 'M' 'M'
 'M' 'M' 'M' 'M' 'M' 'M' 'M' 'M' 'M' 'M' 'M' 'M' 'M' 'M' 'M' 'M' 'M' 'M'
 'M' 'M' 'M' 'M' 'M' 'M' 'M' 'M' 'M' 'M' 'M' 'M' 'M' 'M' 'M' 'M' 'M' 'M'
 'M' 'M' 'M' 'M' 'M' 'M' 'M' 'M' 'M' 'M' 'M' 'M' 'M' 'M' 'M' 'M' 'M' 'M'
 'U' 'M' 'M' 'M' 'A' 'U' 'A' 'A' 'A' 'A' 'U' 'A' 'U' 'M' 'M' 'M' 'M' 'M'
 'M' 'M' 'M' 'U' 'M' 'M' 'M' 'M' 'M' 'M' 'U' 'U' 'M' 'M' 'M' 'M' 'M' 'M'
 'M' 'M' 'M' 'M' 'M' 'M' 'M' 'U' 'M' 'M' 'M' 'M' 'M' 'M' 'M' 'M' 'M' 'M'
 'M' 'M' 'M' 'M' 'M' 'M' 'M' 'M' 'M' 'M' 'M' 'M' 'M' 'M' 'M' 'M' 'M' 'M']"
12601,2,189,8,181,9,0,0,"['M' 'M' 'M' 'U' 'M' 'M' 'M' 'M' 'M' 'M' 'M' 'M' 'M' 'M' 'M' 'M' 'M' 'M'
 'M' 'M' 'M' 'M' 'M' 'M' 'M' 'M' 'M' 'M' 'M' 'M' 'M' 'M' 'M' 'M' 'M' 'U'
 'M' 'M' 'M' 'M' 'M' 'M' 'U' 'M' 'M' 'M' 'M' 'M' 'M' 'M' 'M' 'M' 'M' 'M'
 'M' 'M' 'M' 'M' 'M' 'M' 'M' 'M' 'M' 'M' 'U' 'M' 'M' 'M' 'M' 'M' 'M' 'M'
 'M' 'M' 'M' 'M' 'M' 'U' 'M' 'M' 'M' 'M' 'M' 'M' 'M' 'M' 'M' 'M' 'M' 'M'
 'M' 'M' 'M' 'M' 'M' 'M' 'M' 'M' 'M' 'M' 'M' 'M' 'M' 'M' 'M' 'M' 'M' 'M'
 'M' 'M' 'M' 'M' 'M' 'M' 'M' 'M' 'M' 'M' 'M' 'M' 'M' 'M' 'M' 'M' 'M' 'M'
 'U' 'M' 'M' 'M' 'A' 'A' 'A' 'A' 'A' 'A' 'A' 'A' 'U' 'M' 'M' 'M' 'M' 'M'
 'M' 'M' 'M' 'U' 'M' 'M' 'M' 'M' 'M' 'M' 'M' 'U' 'M' 'M' 'M' 'M' 'M' 'M'
 'M' 'M' 'M' 'M' 'M' 'M' 'M' 'M' 'M' 'M' 'M' 'M' 'M' 'M' 'M' 'M' 'M' 'M'
 'M' 'M' 'M' 'M' 'M' 'M' 'M' 'M' 'M' 'M' 'M' 'M' 'M' 'M' 'M' 'M' 'M' 'M']"
12701,1,188,6,182,10,0,0,"['M' 'M' 'M' 'U' 'M' 'M' 'M' 'M' 'M' 'M' 'M' 'M' 'M' 'M' 'M' 'M' 'M' 'M'
 'M' 'M' 'M' 'M' 'M' 'M' 'M' 'M' 'M' 'M' 'M' 'M' 'M' 'M' 'M' 'M' 'M' 'U'
 'M' 'M' 'M' 'M' 'M' 'M' 'U' 'M' 'M' 'M' 'M' 'M' 'M' 'M' 'M' 'M' 'M' 'M'
 'M' 'M' 'M' 'U' 'M' 'M' 'M' 'M' 'M' 'M' 'U' 'M' 'M' 'M' 'M' 'M' 'M' 'M'
 'M' 'M' 'M' 'M' 'M' 'M' 'M' 'M' 'U' 'M' 'M' 'M' 'M' 'M' 'M' 'M' 'M' 'M'
 'M' 'M' 'M' 'M' 'M' 'M' 'M' 'M' 'M' 'M' 'M' 'M' 'M' 'M' 'M' 'M' 'M' 'M'
 'M' 'M' 'M' 'M' 'M' 'M' 'M' 'M' 'M' 'M' 'M' 'M' 'M' 'M' 'M' 'M' 'M' 'M'
 'M' 'M' 'M' 'M' 'A' 'M' 'A' 'U' 'A' 'A' 'A' 'U' 'A' 'M' 'M' 'M' 'M' 'M'
 'M' 'M' 'M' 'U' 'M' 'M' 'M' 'M' 'M' 'M' 'M' 'U' 'M' 'M' 'M' 'M' 'M' 'M'
 'M' 'M' 'M' 'M' 'M' 'M' 'M' 'M' 'M' 'M' 'M' 'M' 'M' 'M' 'M' 'M' 'M' 'M'
 'M' 'M' 'M' 'M' 'M' 'M' 'M' 'M' 'M' 'M' 'M' 'M' 'M' 'M' 'M' 'M' 'M' 'M']"
12801,1,186,4,182,12,0,0,"['M' 'M' 'M' 'U' 'M' 'M' 'M' 'M' 'M' 'M' 'M' 'M' 'M' 'M' 'M' 'M' 'M' 'M'
 'M' 'M' 'M' 'M' 'M' 'M' 'M' 'M' 'M' 'M' 'M' 'M' 'M' 'M' 'M' 'M' 'M' 'U'
 'M' 'M' 'M' 'U' 'M' 'M' 'U' 'M' 'M' 'M' 'M' 'M' 'M' 'M' 'M' 'M' 'M' 'M'
 'M' 'M' 'M' 'M' 'M' 'M' 'M' 'M' 'M' 'M' 'U' 'M' 'M' 'M' 'M' 'M' 'M' 'M'
 'M' 'M' 'M' 'M' 'M' 'M' 'M' 'M' 'M' 'M' 'M' 'M' 'M' 'M' 'U' 'M' 'M' 'M'
 'M' 'M' 'M' 'M' 'M' 'M' 'M' 'M' 'M' 'M' 'M' 'M' 'M' 'M' 'M' 'M' 'M' 'M'
 'M' 'M' 'M' 'M' 'M' 'M' 'M' 'M' 'U' 'M' 'M' 'M' 'M' 'M' 'M' 'M' 'M' 'M'
 'M' 'M' 'M' 'M' 'A' 'M' 'U' 'U' 'U' 'A' 'A' 'M' 'A' 'M' 'M' 'M' 'M' 'M'
 'M' 'M' 'M' 'U' 'M' 'M' 'M' 'M' 'M' 'M' 'M' 'U' 'M' 'M' 'M' 'M' 'M' 'M'
 'M' 'M' 'M' 'M' 'M' 'M' 'M' 'M' 'M' 'M' 'M' 'M' 'M' 'M' 'M' 'M' 'M' 'M'
 'M' 'M' 'M' 'M' 'M' 'M' 'M' 'M' 'M' 'M' 'M' 'M' 'M' 'M' 'M' 'M' 'M' 'M']"
12901,1,185,6,179,13,0,0,"['M' 'M' 'M' 'U' 'M' 'M' 'M' 'M' 'M' 'M' 'M' 'M' 'M' 'M' 'U' 'M' 'M' 'M'
 'M' 'M' 'M' 'M' 'M' 'M' 'M' 'M' 'M' 'M' 'M' 'M' 'M' 'M' 'M' 'M' 'M' 'U'
 'M' 'M' 'M' 'U' 'M' 'M' 'U' 'U' 'M' 'M' 'M' 'M' 'M' 'M' 'M' 'M' 'M' 'M'
 'M' 'M' 'M' 'M' 'M' 'M' 'M' 'M' 'M' 'M' 'M' 'M' 'M' 'M' 'M' 'M' 'M' 'M'
 'M' 'M' 'M' 'U' 'M' 'M' 'M' 'M' 'M' 'M' 'M' 'M' 'M' 'M' 'M' 'M' 'M' 'M'
 'M' 'M' 'M' 'M' 'M' 'M' 'M' 'M' 'M' 'M' 'M' 'M' 'M' 'M' 'M' 'M' 'M' 'M'
 'M' 'M' 'M' 'M' 'M' 'M' 'M' 'M' 'M' 'M' 'M' 'M' 'M' 'M' 'M' 'M' 'M' 'M'
 'M' 'M' 'M' 'M' 'A' 'U' 'A' 'U' 'A' 'A' 'A' 'U' 'A' 'M' 'M' 'U' 'M' 'M'
 'M' 'M' 'M' 'U' 'M' 'M' 'M' 'M' 'M' 'M' 'M' 'M' 'M' 'M' 'M' 'M' 'M' 'M'
 'M' 'M' 'M' 'M' 'M' 'M' 'M' 'M' 'M' 'M' 'M' 'M' 'M' 'M' 'M' 'M' 'M' 'M'
 'M' 'M' 'M' 'M' 'M' 'M' 'M' 'M' 'M' 'M' 'M' 'M' 'M' 'M' 'U' 'M' 'M' 'M']"
13001,2,193,8,185,5,0,0,"['M' 'M' 'M' 'M' 'M' 'M' 'M' 'M' 'M' 'M' 'M' 'M' 'M' 'M' 'M' 'M' 'M' 'M'
 'M' 'M' 'M' 'M' 'M' 'M' 'M' 'M' 'M' 'M' 'M' 'M' 'M' 'M' 'M' 'M' 'M' 'U'
 'M' 'M' 'M' 'M' 'M' 'M' 'M' 'M' 'M' 'M' 'M' 'M' 'M' 'M' 'M' 'M' 'M' 'M'
 'M' 'M' 'M' 'M' 'M' 'M' 'M' 'M' 'M' 'M' 'M' 'M' 'M' 'M' 'M' 'M' 'M' 'M'
 'M' 'M' 'M' 'M' 'M' 'M' 'M' 'M' 'M' 'M' 'U' 'M' 'M' 'M' 'M' 'M' 'M' 'M'
 'M' 'M' 'M' 'M' 'M' 'M' 'M' 'M' 'M' 'M' 'M' 'M' 'M' 'M' 'M' 'M' 'M' 'M'
 'M' 'M' 'M' 'M' 'M' 'M' 'M' 'M' 'M' 'M' 'M' 'M' 'M' 'M' 'M' 'M' 'M' 'M'
 'M' 'M' 'M' 'M' 'A' 'A' 'A' 'A' 'A' 'A' 'U' 'A' 'A' 'U' 'M' 'U' 'M' 'M'
 'M' 'M' 'M' 'M' 'M' 'M' 'M' 'M' 'M' 'M' 'M' 'M' 'M' 'M' 'M' 'M' 'M' 'M'
 'M' 'M' 'M' 'M' 'M' 'M' 'M' 'M' 'M' 'M' 'M' 'M' 'M' 'M' 'M' 'M' 'M' 'M'
 'M' 'M' 'M' 'M' 'M' 'M' 'M' 'M' 'M' 'M' 'M' 'M' 'M' 'M' 'M' 'M' 'M' 'M']"
13101,1,192,8,184,6,0,0,"['M' 'M' 'M' 'M' 'M' 'M' 'M' 'M' 'M' 'M' 'M' 'M' 'M' 'M' 'M' 'M' 'M' 'M'
 'M' 'M' 'M' 'M' 'M' 'M' 'M' 'M' 'M' 'M' 'M' 'M' 'M' 'M' 'M' 'M' 'M' 'M'
 'M' 'M' 'M' 'M' 'M' 'M' 'M' 'M' 'M' 'M' 'M' 'M' 'M' 'M' 'U' 'M' 'M' 'M'
 'U' 'M' 'M' 'M' 'M' 'M' 'M' 'M' 'M' 'M' 'M' 'M' 'M' 'M' 'M' 'M' 'M' 'M'
 'M' 'M' 'M' 'M' 'M' 'M' 'M' 'M' 'M' 'M' 'M' 'M' 'M' 'M' 'M' 'U' 'M' 'M'
 'M' 'M' 'M' 'M' 'M' 'M' 'M' 'M' 'M' 'M' 'M' 'M' 'M' 'M' 'M' 'M' 'M' 'M'
 'M' 'M' 'M' 'M' 'M' 'M' 'M' 'M' 'M' 'M' 'M' 'M' 'M' 'M' 'M' 'M' 'M' 'M'
 'M' 'M' 'M' 'M' 'A' 'U' 'A' 'A' 'A' 'A' 'A' 'A' 'A' 'M' 'M' 'U' 'M' 'M'
 'M' 'M' 'M' 'M' 'M' 'M' 'M' 'M' 'M' 'M' 'M' 'M' 'M' 'M' 'M' 'M' 'M' 'M'
 'M' 'U' 'M' 'M' 'M' 'M' 'M' 'M' 'M' 'M' 'M' 'M' 'M' 'M' 'M' 'M' 'M' 'M'
 'M' 'M' 'M' 'M' 'M' 'M' 'M' 'M' 'M' 'M' 'M' 'M' 'M' 'M' 'M' 'M' 'M' 'M']"
13201,1,193,7,186,5,0,0,"['M' 'M' 'M' 'M' 'M' 'M' 'M' 'M' 'M' 'M' 'M' 'M' 'M' 'M' 'M' 'M' 'M' 'M'
 'M' 'M' 'M' 'M' 'M' 'M' 'M' 'M' 'M' 'M' 'M' 'M' 'M' 'M' 'M' 'M' 'M' 'M'
 'M' 'M' 'M' 'M' 'M' 'M' 'M' 'U' 'M' 'M' 'M' 'M' 'M' 'M' 'M' 'M' 'M' 'M'
 'U' 'M' 'M' 'M' 'M' 'M' 'M' 'M' 'M' 'M' 'M' 'M' 'M' 'M' 'M' 'M' 'M' 'M'
 'M' 'M' 'M' 'M' 'M' 'M' 'M' 'M' 'M' 'M' 'M' 'M' 'M' 'M' 'M' 'M' 'M' 'M'
 'M' 'M' 'U' 'M' 'M' 'M' 'M' 'M' 'M' 'M' 'M' 'M' 'M' 'M' 'M' 'M' 'M' 'M'
 'M' 'M' 'M' 'M' 'M' 'M' 'M' 'M' 'M' 'M' 'M' 'M' 'M' 'M' 'M' 'M' 'M' 'M'
 'M' 'M' 'M' 'M' 'A' 'U' 'A' 'A' 'A' 'A' 'A' 'A' 'U' 'M' 'M' 'M' 'M' 'M'
 'M' 'M' 'M' 'M' 'M' 'M' 'M' 'M' 'M' 'M' 'M' 'M' 'M' 'M' 'M' 'M' 'M' 'M'
 'M' 'M' 'M' 'M' 'M' 'M' 'M' 'M' 'M' 'M' 'M' 'M' 'M' 'M' 'M' 'M' 'M' 'M'
 'M' 'M' 'M' 'M' 'M' 'M' 'M' 'M' 'M' 'M' 'M' 'M' 'M' 'M' 'M' 'M' 'M' 'M']"
13301,1,194,9,185,4,0,0,"['M' 'M' 'M' 'M' 'M' 'M' 'M' 'M' 'M' 'M' 'M' 'M' 'M' 'M' 'M' 'M' 'M' 'M'
 'M' 'M' 'M' 'M' 'M' 'M' 'M' 'M' 'M' 'M' 'M' 'M' 'M' 'U' 'M' 'M' 'M' 'M'
 'M' 'M' 'M' 'M' 'M' 'M' 'M' 'U' 'M' 'M' 'M' 'M' 'M' 'M' 'M' 'M' 'M' 'M'
 'U' 'M' 'M' 'M' 'M' 'M' 'M' 'M' 'M' 'M' 'M' 'M' 'M' 'M' 'M' 'M' 'M' 'M'
 'M' 'M' 'M' 'M' 'M' 'M' 'M' 'M' 'M' 'M' 'M' 'M' 'M' 'M' 'M' 'M' 'U' 'M'
 'M' 'M' 'M' 'M' 'M' 'M' 'M' 'M' 'M' 'M' 'M' 'M' 'M' 'M' 'M' 'M' 'M' 'M'
 'M' 'M' 'M' 'M' 'M' 'M' 'M' 'M' 'M' 'M' 'M' 'M' 'M' 'M' 'M' 'M' 'M' 'M'
 'M' 'M' 'M' 'M' 'A' 'A' 'A' 'A' 'A' 'A' 'A' 'A' 'A' 'M' 'M' 'M' 'M' 'M'
 'M' 'M' 'M' 'M' 'M' 'M' 'M' 'M' 'M' 'M' 'M' 'M' 'M' 'M' 'M' 'M' 'M' 'M'
 'M' 'M' 'M' 'M' 'M' 'M' 'M' 'M' 'M' 'M' 'M' 'M' 'M' 'M' 'M' 'M' 'M' 'M'
 'M' 'M' 'M' 'M' 'M' 'M' 'M' 'M' 'M' 'M' 'M' 'M' 'M' 'M' 'M' 'M' 'M' 'M']"
13401,1,190,5,185,8,0,0,"['M' 'M' 'M' 'U' 'M' 'M' 'M' 'M' 'M' 'M' 'M' 'M' 'M' 'M' 'M' 'M' 'M' 'M'
 'M' 'M' 'M' 'M' 'M' 'M' 'M' 'M' 'M' 'M' 'M' 'M' 'M' 'U' 'M' 'M' 'M' 'M'
 'M' 'M' 'M' 'M' 'M' 'M' 'M' 'U' 'M' 'M' 'M' 'M' 'M' 'M' 'U' 'M' 'M' 'M'
 'M' 'M' 'M' 'M' 'M' 'M' 'M' 'M' 'M' 'M' 'M' 'M' 'M' 'M' 'M' 'M' 'M' 'M'
 'M' 'M' 'M' 'M' 'M' 'M' 'M' 'M' 'M' 'M' 'M' 'M' 'M' 'M' 'M' 'M' 'M' 'M'
 'M' 'M' 'M' 'U' 'M' 'M' 'M' 'M' 'M' 'M' 'M' 'M' 'M' 'M' 'M' 'M' 'M' 'U'
 'M' 'M' 'M' 'M' 'M' 'M' 'M' 'M' 'M' 'M' 'M' 'M' 'M' 'M' 'M' 'M' 'M' 'M'
 'M' 'M' 'M' 'M' 'A' 'A' 'U' 'A' 'A' 'U' 'M' 'A' 'M' 'M' 'M' 'M' 'M' 'M'
 'M' 'M' 'M' 'M' 'M' 'M' 'M' 'M' 'M' 'M' 'M' 'M' 'M' 'M' 'M' 'M' 'M' 'M'
 'M' 'M' 'M' 'M' 'M' 'M' 'M' 'M' 'M' 'M' 'M' 'M' 'M' 'M' 'M' 'M' 'M' 'M'
 'M' 'M' 'M' 'M' 'M' 'M' 'M' 'M' 'M' 'M' 'M' 'M' 'M' 'M' 'M' 'M' 'M' 'M']"
13501,1,188,5,183,10,0,0,"['M' 'M' 'M' 'M' 'M' 'U' 'M' 'M' 'M' 'M' 'M' 'M' 'M' 'M' 'M' 'M' 'M' 'M'
 'M' 'M' 'M' 'M' 'M' 'M' 'M' 'M' 'M' 'M' 'M' 'M' 'M' 'U' 'M' 'M' 'M' 'M'
 'M' 'M' 'M' 'M' 'M' 'M' 'M' 'M' 'M' 'M' 'M' 'M' 'M' 'M' 'U' 'M' 'U' 'M'
 'M' 'M' 'M' 'M' 'M' 'M' 'M' 'M' 'M' 'M' 'M' 'M' 'M' 'M' 'M' 'M' 'M' 'M'
 'M' 'M' 'M' 'M' 'M' 'M' 'M' 'M' 'M' 'M' 'M' 'M' 'M' 'M' 'M' 'M' 'M' 'M'
 'M' 'U' 'M' 'M' 'M' 'M' 'M' 'M' 'M' 'U' 'M' 'M' 'M' 'M' 'M' 'M' 'M' 'M'
 'M' 'M' 'M' 'M' 'M' 'M' 'M' 'M' 'M' 'M' 'M' 'M' 'U' 'M' 'M' 'M' 'M' 'M'
 'M' 'M' 'M' 'M' 'A' 'A' 'U' 'A' 'A' 'U' 'M' 'A' 'M' 'M' 'M' 'M' 'M' 'M'
 'M' 'M' 'M' 'M' 'M' 'M' 'M' 'M' 'M' 'M' 'M' 'M' 'M' 'M' 'U' 'M' 'M' 'M'
 'M' 'M' 'M' 'M' 'M' 'M' 'M' 'M' 'M' 'M' 'M' 'M' 'M' 'M' 'M' 'M' 'M' 'M'
 'M' 'M' 'M' 'M' 'M' 'M' 'M' 'M' 'M' 'M' 'M' 'M' 'M' 'M' 'M' 'M' 'M' 'M']"
13601,1,189,8,181,9,0,0,"['M' 'M' 'M' 'U' 'M' 'M' 'M' 'M' 'M' 'M' 'M' 'M' 'M' 'M' 'U' 'M' 'M' 'M'
 'M' 'M' 'M' 'M' 'M' 'M' 'M' 'M' 'M' 'M' 'M' 'M' 'M' 'U' 'M' 'M' 'M' 'M'
 'M' 'M' 'M' 'M' 'M' 'M' 'M' 'M' 'M' 'M' 'M' 'M' 'M' 'M' 'U' 'M' 'M' 'M'
 'M' 'M' 'M' 'M' 'M' 'M' 'M' 'M' 'M' 'M' 'M' 'M' 'M' 'M' 'U' 'M' 'M' 'M'
 'M' 'M' 'M' 'M' 'M' 'M' 'M' 'M' 'M' 'M' 'M' 'M' 'M' 'M' 'M' 'M' 'M' 'M'
 'M' 'M' 'M' 'M' 'M' 'M' 'M' 'M' 'M' 'U' 'M' 'M' 'M' 'M' 'M' 'M' 'M' 'M'
 'M' 'M' 'M' 'M' 'M' 'M' 'M' 'M' 'M' 'M' 'M' 'M' 'U' 'M' 'M' 'M' 'M' 'M'
 'M' 'M' 'M' 'M' 'A' 'A' 'U' 'A' 'A' 'A' 'A' 'A' 'A' 'M' 'M' 'M' 'M' 'M'
 'M' 'M' 'M' 'M' 'M' 'M' 'M' 'M' 'M' 'M' 'M' 'M' 'M' 'M' 'M' 'M' 'M' 'U'
 'M' 'M' 'M' 'M' 'M' 'M' 'M' 'M' 'M' 'M' 'M' 'M' 'M' 'M' 'M' 'M' 'M' 'M'
 'M' 'M' 'M' 'M' 'M' 'M' 'M' 'M' 'M' 'M' 'M' 'M' 'M' 'M' 'M' 'M' 'M' 'M']"
13701,1,189,8,181,9,0,0,"['M' 'M' 'M' 'M' 'U' 'M' 'M' 'M' 'U' 'M' 'M' 'M' 'M' 'M' 'U' 'M' 'M' 'M'
 'M' 'M' 'M' 'M' 'M' 'M' 'M' 'M' 'M' 'M' 'M' 'M' 'M' 'U' 'M' 'M' 'M' 'M'
 'M' 'M' 'M' 'M' 'M' 'M' 'M' 'M' 'M' 'M' 'M' 'M' 'M' 'M' 'U' 'M' 'M' 'M'
 'M' 'M' 'M' 'M' 'M' 'M' 'M' 'U' 'M' 'M' 'M' 'M' 'M' 'M' 'M' 'M' 'M' 'M'
 'M' 'M' 'M' 'M' 'M' 'M' 'M' 'M' 'M' 'M' 'M' 'M' 'M' 'M' 'M' 'M' 'M' 'M'
 'M' 'M' 'M' 'M' 'U' 'M' 'M' 'M' 'M' 'M' 'M' 'M' 'M' 'M' 'M' 'M' 'M' 'M'
 'M' 'M' 'M' 'M' 'M' 'M' 'M' 'M' 'M' 'M' 'M' 'M' 'M' 'M' 'M' 'M' 'M' 'M'
 'M' 'M' 'M' 'M' 'A' 'A' 'A' 'U' 'A' 'A' 'A' 'A' 'A' 'M' 'M' 'M' 'M' 'M'
 'M' 'M' 'M' 'M' 'M' 'M' 'M' 'M' 'M' 'M' 'M' 'M' 'M' 'M' 'M' 'M' 'M' 'U'
 'M' 'M' 'M' 'M' 'M' 'M' 'M' 'M' 'M' 'M' 'M' 'M' 'M' 'M' 'M' 'M' 'M' 'M'
 'M' 'M' 'M' 'M' 'M' 'M' 'M' 'M' 'M' 'M' 'M' 'M' 'M' 'M' 'M' 'M' 'M' 'M']"
13801,1,191,6,185,7,0,0,"['M' 'M' 'M' 'M' 'M' 'M' 'M' 'M' 'M' 'M' 'M' 'M' 'M' 'M' 'U' 'M' 'M' 'M'
 'M' 'M' 'M' 'M' 'M' 'M' 'M' 'M' 'M' 'M' 'M' 'M' 'M' 'M' 'M' 'M' 'M' 'M'
 'M' 'M' 'M' 'M' 'M' 'M' 'M' 'M' 'M' 'M' 'M' 'M' 'M' 'M' 'M' 'M' 'M' 'M'
 'M' 'M' 'M' 'M' 'U' 'M' 'M' 'U' 'M' 'M' 'M' 'M' 'M' 'M' 'M' 'M' 'M' 'M'
 'M' 'M' 'M' 'M' 'M' 'M' 'M' 'M' 'M' 'M' 'M' 'M' 'M' 'M' 'M' 'M' 'M' 'M'
 'U' 'M' 'M' 'M' 'M' 'M' 'M' 'M' 'M' 'M' 'M' 'M' 'M' 'M' 'M' 'M' 'M' 'M'
 'M' 'M' 'M' 'M' 'M' 'M' 'M' 'M' 'M' 'M' 'M' 'M' 'M' 'M' 'M' 'M' 'M' 'M'
 'M' 'U' 'M' 'M' 'A' 'A' 'A' 'M' 'A' 'A' 'U' 'U' 'A' 'M' 'M' 'M' 'M' 'M'
 'M' 'M' 'M' 'M' 'M' 'M' 'M' 'M' 'M' 'M' 'M' 'M' 'M' 'M' 'M' 'M' 'M' 'M'
 'M' 'M' 'M' 'M' 'M' 'M' 'M' 'M' 'M' 'M' 'M' 'M' 'M' 'M' 'M' 'M' 'M' 'M'
 'M' 'M' 'M' 'M' 'M' 'M' 'M' 'M' 'M' 'M' 'M' 'M' 'M' 'M' 'M' 'M' 'M' 'M']"
13901,1,194,9,185,4,0,0,"['M' 'M' 'M' 'M' 'M' 'M' 'M' 'M' 'M' 'M' 'M' 'M' 'M' 'M' 'M' 'M' 'M' 'M'
 'M' 'M' 'M' 'M' 'M' 'M' 'M' 'M' 'M' 'M' 'M' 'M' 'M' 'M' 'M' 'M' 'M' 'M'
 'M' 'M' 'M' 'M' 'M' 'M' 'M' 'M' 'M' 'M' 'M' 'M' 'M' 'U' 'M' 'M' 'M' 'M'
 'M' 'M' 'M' 'M' 'M' 'M' 'M' 'U' 'M' 'M' 'M' 'M' 'M' 'M' 'M' 'M' 'M' 'U'
 'M' 'M' 'M' 'M' 'M' 'M' 'M' 'M' 'M' 'M' 'M' 'M' 'M' 'M' 'M' 'M' 'M' 'M'
 'M' 'M' 'M' 'M' 'M' 'M' 'M' 'M' 'M' 'M' 'M' 'M' 'M' 'M' 'M' 'M' 'M' 'M'
 'M' 'M' 'M' 'M' 'M' 'M' 'M' 'M' 'M' 'M' 'M' 'M' 'M' 'M' 'M' 'M' 'M' 'M'
 'M' 'M' 'M' 'M' 'A' 'A' 'A' 'A' 'A' 'A' 'A' 'A' 'A' 'M' 'M' 'M' 'M' 'M'
 'M' 'M' 'M' 'M' 'M' 'M' 'M' 'M' 'M' 'M' 'M' 'M' 'M' 'M' 'M' 'M' 'M' 'M'
 'M' 'M' 'M' 'M' 'M' 'M' 'M' 'M' 'M' 'M' 'M' 'M' 'M' 'M' 'M' 'M' 'M' 'M'
 'M' 'M' 'M' 'M' 'M' 'M' 'M' 'U' 'M' 'M' 'M' 'M' 'M' 'M' 'M' 'M' 'M' 'M']"
14001,2,190,7,183,8,0,0,"['M' 'M' 'M' 'M' 'M' 'M' 'M' 'M' 'M' 'M' 'M' 'M' 'M' 'M' 'M' 'M' 'M' 'M'
 'U' 'M' 'M' 'M' 'M' 'M' 'M' 'M' 'M' 'M' 'M' 'M' 'M' 'M' 'M' 'M' 'M' 'M'
 'M' 'M' 'M' 'M' 'M' 'M' 'M' 'M' 'M' 'M' 'M' 'M' 'M' 'U' 'M' 'M' 'M' 'M'
 'M' 'M' 'M' 'M' 'M' 'M' 'M' 'U' 'M' 'M' 'U' 'M' 'M' 'M' 'M' 'M' 'M' 'M'
 'M' 'M' 'M' 'M' 'M' 'M' 'M' 'M' 'M' 'M' 'U' 'M' 'M' 'M' 'M' 'M' 'M' 'M'
 'M' 'M' 'M' 'M' 'M' 'M' 'M' 'M' 'M' 'M' 'M' 'M' 'M' 'M' 'M' 'M' 'M' 'M'
 'M' 'M' 'M' 'M' 'M' 'M' 'M' 'M' 'M' 'M' 'M' 'M' 'M' 'M' 'M' 'M' 'M' 'M'
 'M' 'M' 'M' 'M' 'A' 'A' 'A' 'A' 'U' 'A' 'A' 'A' 'U' 'M' 'M' 'M' 'M' 'M'
 'M' 'M' 'M' 'M' 'M' 'M' 'M' 'M' 'M' 'M' 'M' 'M' 'M' 'M' 'M' 'M' 'M' 'M'
 'M' 'M' 'M' 'M' 'M' 'M' 'M' 'M' 'M' 'M' 'M' 'M' 'M' 'M' 'M' 'M' 'M' 'M'
 'M' 'M' 'M' 'M' 'M' 'M' 'M' 'U' 'M' 'M' 'M' 'M' 'M' 'M' 'M' 'M' 'M' 'M']"
14101,1,191,8,183,7,0,0,"['M' 'M' 'M' 'M' 'M' 'M' 'U' 'M' 'M' 'M' 'M' 'M' 'M' 'M' 'M' 'M' 'M' 'M'
 'U' 'M' 'M' 'M' 'M' 'M' 'M' 'M' 'M' 'M' 'M' 'M' 'M' 'M' 'M' 'M' 'M' 'M'
 'M' 'M' 'M' 'M' 'U' 'M' 'M' 'M' 'M' 'M' 'M' 'M' 'M' 'M' 'M' 'M' 'M' 'M'
 'M' 'M' 'M' 'M' 'M' 'M' 'M' 'M' 'M' 'M' 'U' 'M' 'M' 'M' 'M' 'M' 'M' 'U'
 'M' 'M' 'M' 'M' 'M' 'M' 'M' 'M' 'M' 'M' 'M' 'M' 'M' 'M' 'M' 'M' 'M' 'M'
 'M' 'M' 'M' 'M' 'M' 'M' 'M' 'M' 'M' 'M' 'M' 'M' 'M' 'M' 'M' 'M' 'M' 'M'
 'M' 'M' 'U' 'M' 'M' 'M' 'M' 'M' 'M' 'M' 'M' 'M' 'M' 'M' 'M' 'M' 'M' 'M'
 'M' 'M' 'M' 'M' 'A' 'A' 'A' 'A' 'A' 'U' 'A' 'A' 'A' 'M' 'M' 'M' 'M' 'M'
 'M' 'M' 'M' 'M' 'M' 'M' 'M' 'M' 'M' 'M' 'M' 'M' 'M' 'M' 'M' 'M' 'M' 'M'
 'M' 'M' 'M' 'M' 'M' 'M' 'M' 'M' 'M' 'M' 'M' 'M' 'M' 'M' 'M' 'M' 'M' 'M'
 'M' 'M' 'M' 'M' 'M' 'M' 'M' 'M' 'M' 'M' 'M' 'M' 'M' 'M' 'M' 'M' 'M' 'M']"
14201,1,191,8,183,7,0,0,"['M' 'M' 'M' 'M' 'M' 'M' 'U' 'M' 'M' 'M' 'M' 'M' 'M' 'M' 'M' 'M' 'U' 'U'
 'M' 'M' 'M' 'M' 'M' 'M' 'M' 'M' 'M' 'M' 'M' 'M' 'M' 'M' 'M' 'M' 'M' 'M'
 'M' 'M' 'M' 'M' 'U' 'M' 'M' 'M' 'M' 'M' 'M' 'M' 'M' 'M' 'M' 'M' 'M' 'M'
 'M' 'M' 'M' 'M' 'M' 'M' 'M' 'M' 'M' 'M' 'M' 'M' 'M' 'M' 'M' 'M' 'M' 'M'
 'M' 'M' 'M' 'M' 'M' 'M' 'M' 'U' 'M' 'M' 'M' 'M' 'M' 'M' 'M' 'M' 'M' 'M'
 'M' 'M' 'M' 'M' 'M' 'M' 'M' 'M' 'M' 'M' 'M' 'M' 'M' 'M' 'M' 'M' 'M' 'M'
 'M' 'M' 'U' 'M' 'M' 'M' 'M' 'M' 'M' 'M' 'M' 'M' 'M' 'M' 'M' 'M' 'M' 'M'
 'M' 'M' 'M' 'M' 'A' 'A' 'A' 'A' 'A' 'M' 'A' 'A' 'A' 'M' 'M' 'M' 'M' 'M'
 'M' 'M' 'M' 'M' 'M' 'M' 'M' 'M' 'M' 'M' 'M' 'M' 'M' 'M' 'M' 'M' 'M' 'M'
 'M' 'M' 'M' 'M' 'M' 'M' 'U' 'M' 'M' 'M' 'M' 'M' 'M' 'M' 'M' 'M' 'M' 'M'
 'M' 'M' 'M' 'M' 'M' 'M' 'M' 'M' 'M' 'M' 'M' 'M' 'M' 'M' 'M' 'M' 'M' 'M']"
14301,1,191,6,185,7,0,0,"['M' 'M' 'M' 'M' 'M' 'M' 'M' 'M' 'M' 'M' 'M' 'M' 'M' 'M' 'M' 'M' 'U' 'U'
 'M' 'M' 'M' 'M' 'M' 'M' 'M' 'M' 'M' 'M' 'M' 'M' 'M' 'M' 'M' 'M' 'M' 'M'
 'M' 'M' 'M' 'M' 'M' 'M' 'M' 'M' 'M' 'M' 'M' 'M' 'M' 'M' 'M' 'M' 'M' 'M'
 'M' 'M' 'M' 'M' 'M' 'M' 'M' 'M' 'M' 'M' 'M' 'M' 'M' 'M' 'M' 'M' 'M' 'M'
 'U' 'M' 'M' 'M' 'M' 'M' 'M' 'M' 'M' 'M' 'M' 'M' 'M' 'M' 'M' 'M' 'M' 'M'
 'M' 'M' 'M' 'M' 'M' 'M' 'M' 'M' 'M' 'M' 'M' 'M' 'M' 'M' 'M' 'M' 'M' 'M'
 'M' 'M' 'M' 'M' 'M' 'M' 'M' 'M' 'M' 'M' 'M' 'M' 'M' 'M' 'M' 'M' 'M' 'M'
 'M' 'M' 'M' 'M' 'A' 'A' 'A' 'U' 'U' 'M' 'A' 'A' 'A' 'M' 'M' 'M' 'M' 'M'
 'M' 'U' 'M' 'M' 'M' 'M' 'M' 'M' 'M' 'U' 'M' 'M' 'M' 'M' 'M' 'M' 'M' 'M'
 'M' 'M' 'M' 'M' 'M' 'M' 'M' 'M' 'M' 'M' 'M' 'M' 'M' 'M' 'M' 'M' 'M' 'M'
 'M' 'M' 'M' 'M' 'M' 'M' 'M' 'M' 'M' 'M' 'M' 'M' 'M' 'M' 'M' 'M' 'M' 'M']"
14401,1,188,8,180,10,0,0,"['M' 'M' 'M' 'M' 'M' 'M' 'M' 'M' 'M' 'M' 'M' 'M' 'M' 'M' 'M' 'M' 'M' 'U'
 'M' 'M' 'M' 'M' 'M' 'M' 'M' 'M' 'M' 'M' 'M' 'M' 'M' 'M' 'M' 'M' 'M' 'M'
 'M' 'M' 'M' 'M' 'M' 'M' 'M' 'M' 'M' 'M' 'M' 'M' 'M' 'M' 'M' 'M' 'M' 'M'
 'M' 'M' 'M' 'M' 'M' 'M' 'M' 'M' 'M' 'M' 'M' 'M' 'M' 'M' 'M' 'M' 'M' 'M'
 'M' 'M' 'M' 'M' 'M' 'M' 'M' 'M' 'M' 'M' 'M' 'M' 'M' 'M' 'M' 'M' 'M' 'M'
 'M' 'M' 'U' 'M' 'M' 'M' 'M' 'U' 'M' 'M' 'M' 'M' 'M' 'M' 'M' 'M' 'M' 'M'
 'M' 'M' 'M' 'M' 'M' 'M' 'M' 'M' 'M' 'M' 'M' 'M' 'M' 'U' 'M' 'M' 'M' 'M'
 'M' 'M' 'M' 'M' 'A' 'A' 'A' 'A' 'A' 'U' 'A' 'A' 'A' 'M' 'M' 'M' 'M' 'M'
 'M' 'U' 'M' 'M' 'M' 'M' 'M' 'M' 'M' 'U' 'M' 'M' 'M' 'M' 'U' 'M' 'M' 'M'
 'M' 'M' 'M' 'M' 'M' 'M' 'M' 'M' 'M' 'M' 'U' 'M' 'U' 'M' 'M' 'M' 'M' 'M'
 'M' 'M' 'M' 'M' 'M' 'M' 'M' 'M' 'M' 'M' 'M' 'M' 'M' 'M' 'M' 'M' 'M' 'M']"
14501,1,182,7,175,16,0,0,"['M' 'M' 'M' 'U' 'M' 'M' 'M' 'M' 'M' 'M' 'M' 'M' 'M' 'M' 'M' 'M' 'U' 'A'
 'M' 'M' 'M' 'M' 'M' 'M' 'M' 'M' 'U' 'M' 'M' 'M' 'M' 'M' 'M' 'M' 'M' 'M'
 'M' 'M' 'M' 'M' 'M' 'M' 'M' 'M' 'M' 'M' 'M' 'M' 'M' 'M' 'M' 'M' 'M' 'M'
 'M' 'M' 'M' 'M' 'M' 'M' 'M' 'M' 'M' 'M' 'M' 'M' 'M' 'M' 'M' 'M' 'M' 'U'
 'M' 'M' 'M' 'M' 'M' 'M' 'M' 'M' 'M' 'M' 'M' 'M' 'M' 'M' 'M' 'M' 'M' 'M'
 'M' 'M' 'M' 'M' 'M' 'M' 'M' 'U' 'M' 'M' 'M' 'M' 'M' 'M' 'M' 'M' 'M' 'M'
 'M' 'M' 'M' 'M' 'M' 'M' 'U' 'M' 'M' 'M' 'M' 'M' 'M' 'U' 'M' 'M' 'M' 'M'
 'M' 'M' 'M' 'M' 'A' 'U' 'A' 'A' 'A' 'U' 'A' 'U' 'A' 'M' 'M' 'M' 'U' 'M'
 'M' 'M' 'M' 'M' 'M' 'M' 'M' 'M' 'M' 'M' 'M' 'M' 'M' 'U' 'U' 'M' 'M' 'M'
 'M' 'M' 'U' 'M' 'M' 'M' 'M' 'M' 'M' 'M' 'U' 'M' 'U' 'M' 'M' 'M' 'M' 'M'
 'M' 'M' 'M' 'M' 'M' 'M' 'M' 'M' 'M' 'M' 'M' 'M' 'M' 'M' 'M' 'M' 'M' 'M']"
14601,2,186,8,178,12,0,0,"['M' 'M' 'U' 'U' 'M' 'M' 'M' 'M' 'M' 'M' 'M' 'M' 'M' 'M' 'M' 'M' 'U' 'A'
 'M' 'M' 'M' 'M' 'M' 'M' 'M' 'M' 'U' 'M' 'M' 'M' 'M' 'M' 'M' 'M' 'M' 'M'
 'M' 'M' 'M' 'M' 'M' 'M' 'M' 'M' 'M' 'M' 'M' 'M' 'M' 'M' 'M' 'M' 'M' 'M'
 'M' 'M' 'M' 'U' 'M' 'M' 'M' 'M' 'M' 'M' 'M' 'M' 'U' 'M' 'M' 'M' 'M' 'M'
 'M' 'M' 'M' 'M' 'M' 'M' 'M' 'M' 'M' 'M' 'M' 'M' 'M' 'M' 'M' 'M' 'M' 'M'
 'M' 'M' 'M' 'M' 'M' 'M' 'M' 'M' 'M' 'M' 'M' 'M' 'M' 'M' 'M' 'M' 'M' 'M'
 'M' 'M' 'M' 'M' 'M' 'M' 'U' 'M' 'M' 'M' 'M' 'M' 'M' 'M' 'M' 'M' 'M' 'M'
 'M' 'M' 'M' 'M' 'A' 'A' 'A' 'A' 'A' 'U' 'U' 'A' 'A' 'M' 'M' 'M' 'M' 'M'
 'M' 'M' 'M' 'M' 'M' 'M' 'M' 'M' 'M' 'M' 'M' 'M' 'M' 'U' 'M' 'M' 'M' 'M'
 'M' 'M' 'M' 'M' 'M' 'M' 'M' 'M' 'M' 'M' 'U' 'M' 'M' 'M' 'M' 'M' 'M' 'M'
 'M' 'M' 'M' 'M' 'M' 'M' 'M' 'M' 'M' 'M' 'M' 'U' 'M' 'M' 'M' 'M' 'M' 'M']"
14701,1,181,7,174,17,0,0,"['M' 'M' 'M' 'U' 'M' 'M' 'M' 'M' 'M' 'M' 'M' 'M' 'M' 'M' 'M' 'M' 'U' 'A'
 'M' 'M' 'M' 'M' 'M' 'M' 'M' 'M' 'U' 'M' 'M' 'M' 'U' 'M' 'M' 'M' 'U' 'M'
 'M' 'M' 'M' 'M' 'M' 'M' 'M' 'M' 'M' 'M' 'M' 'M' 'U' 'M' 'M' 'M' 'M' 'M'
 'M' 'M' 'M' 'M' 'M' 'M' 'M' 'M' 'M' 'M' 'M' 'M' 'M' 'M' 'M' 'M' 'M' 'M'
 'M' 'M' 'M' 'M' 'M' 'M' 'M' 'M' 'M' 'M' 'M' 'M' 'M' 'M' 'M' 'M' 'M' 'M'
 'M' 'U' 'M' 'M' 'M' 'M' 'M' 'M' 'M' 'M' 'M' 'M' 'M' 'M' 'M' 'M' 'M' 'M'
 'M' 'M' 'M' 'M' 'M' 'M' 'U' 'M' 'M' 'M' 'M' 'M' 'M' 'M' 'M' 'M' 'M' 'M'
 'M' 'M' 'M' 'M' 'A' 'A' 'U' 'U' 'A' 'A' 'A' 'A' 'U' 'M' 'M' 'M' 'M' 'M'
 'M' 'M' 'M' 'M' 'M' 'M' 'M' 'M' 'M' 'M' 'M' 'M' 'M' 'U' 'M' 'M' 'M' 'M'
 'M' 'M' 'M' 'M' 'M' 'M' 'U' 'M' 'M' 'M' 'U' 'M' 'M' 'M' 'M' 'U' 'M' 'M'
 'M' 'M' 'M' 'M' 'M' 'M' 'M' 'U' 'M' 'M' 'M' 'U' 'M' 'M' 'M' 'M' 'M' 'M']"
14801,1,186,5,181,12,0,0,"['M' 'M' 'M' 'U' 'M' 'M' 'M' 'M' 'M' 'M' 'M' 'M' 'M' 'M' 'M' 'M' 'M' 'M'
 'M' 'M' 'M' 'M' 'M' 'M' 'M' 'M' 'M' 'M' 'M' 'M' 'M' 'M' 'M' 'M' 'M' 'M'
 'M' 'M' 'M' 'M' 'M' 'M' 'M' 'M' 'M' 'M' 'M' 'M' 'U' 'M' 'M' 'M' 'M' 'M'
 'M' 'M' 'M' 'M' 'M' 'M' 'M' 'M' 'M' 'M' 'M' 'M' 'M' 'M' 'M' 'M' 'M' 'M'
 'M' 'M' 'M' 'U' 'M' 'M' 'M' 'M' 'M' 'M' 'M' 'M' 'M' 'M' 'M' 'M' 'M' 'M'
 'M' 'M' 'M' 'M' 'M' 'M' 'M' 'M' 'M' 'M' 'M' 'M' 'M' 'M' 'M' 'M' 'M' 'M'
 'M' 'M' 'M' 'M' 'M' 'M' 'U' 'M' 'M' 'M' 'M' 'M' 'M' 'M' 'M' 'M' 'M' 'M'
 'M' 'M' 'M' 'M' 'A' 'M' 'U' 'U' 'A' 'A' 'A' 'A' 'U' 'M' 'M' 'M' 'M' 'M'
 'M' 'M' 'M' 'M' 'M' 'M' 'M' 'M' 'M' 'M' 'M' 'M' 'M' 'U' 'M' 'M' 'M' 'M'
 'M' 'M' 'M' 'M' 'M' 'M' 'U' 'M' 'M' 'M' 'U' 'M' 'M' 'M' 'M' 'U' 'M' 'M'
 'M' 'M' 'M' 'M' 'M' 'M' 'M' 'M' 'M' 'M' 'M' 'U' 'M' 'M' 'M' 'M' 'M' 'M']"
14901,1,188,7,181,10,0,1,"['M' 'M' 'M' 'M' 'M' 'M' 'M' 'U' 'M' 'M' 'M' 'M' 'M' 'M' 'M' 'M' 'M' 'M'
 'M' 'M' 'M' 'M' 'M' 'M' 'M' 'M' 'M' 'M' 'M' 'M' 'M' 'M' 'M' 'M' 'M' 'M'
 'M' 'M' 'M' 'M' 'M' 'M' 'M' 'M' 'M' 'M' 'M' 'M' 'M' 'M' 'M' 'M' 'M' 'M'
 'M' 'M' 'M' 'M' 'M' 'M' 'M' 'M' 'M' 'M' 'M' 'M' 'M' 'M' 'M' 'M' 'M' 'M'
 'M' 'M' 'M' 'M' 'U' 'M' 'M' 'M' 'M' 'M' 'M' 'M' 'M' 'M' 'M' 'M' 'M' 'M'
 'M' 'M' 'M' 'M' 'M' 'M' 'M' 'M' 'M' 'M' 'M' 'M' 'M' 'U' 'M' 'U' 'M' 'M'
 'M' 'M' 'M' 'M' 'M' 'M' 'M' 'M' 'M' 'M' 'M' 'M' 'M' 'M' 'M' 'M' 'M' 'M'
 'M' 'M' 'M' 'M' 'A' 'A' 'A' 'A' 'A' 'U' 'U' 'A' 'A' 'M' 'M' 'M' 'M' 'M'
 'M' 'M' 'M' 'M' 'M' 'M' 'M' 'M' 'M' 'M' 'M' 'M' 'M' 'U' 'M' 'M' 'M' 'M'
 'M' 'M' 'U' 'M' 'M' 'M' 'M' 'M' 'M' 'M' 'U' 'M' 'M' 'M' 'M' 'M' 'M' 'M'
 'M' 'M' 'M' 'M' 'M' 'M' 'M' 'M' 'M' 'M' 'M' 'U' 'M' 'M' 'M' 'M' 'M' 'M']"
15001,1,187,5,182,11,0,0,"['M' 'M' 'M' 'M' 'M' 'M' 'M' 'U' 'M' 'M' 'M' 'M' 'M' 'M' 'M' 'M' 'M' 'M'
 'M' 'M' 'U' 'M' 'M' 'M' 'M' 'M' 'M' 'M' 'M' 'M' 'M' 'M' 'M' 'M' 'M' 'M'
 'M' 'M' 'M' 'M' 'M' 'M' 'M' 'M' 'M' 'M' 'M' 'M' 'M' 'M' 'M' 'M' 'M' 'M'
 'M' 'M' 'M' 'M' 'M' 'M' 'M' 'M' 'M' 'M' 'M' 'M' 'M' 'M' 'M' 'M' 'M' 'M'
 'M' 'M' 'M' 'M' 'M' 'M' 'M' 'M' 'M' 'M' 'M' 'M' 'M' 'M' 'U' 'M' 'M' 'M'
 'M' 'M' 'M' 'M' 'M' 'M' 'M' 'M' 'M' 'M' 'M' 'M' 'M' 'M' 'M' 'M' 'M' 'M'
 'M' 'M' 'M' 'M' 'M' 'M' 'M' 'M' 'M' 'M' 'M' 'M' 'M' 'M' 'M' 'M' 'M' 'M'
 'M' 'M' 'M' 'M' 'A' 'U' 'A' 'U' 'A' 'U' 'U' 'A' 'A' 'M' 'M' 'M' 'M' 'M'
 'M' 'M' 'M' 'M' 'M' 'M' 'M' 'M' 'M' 'M' 'M' 'M' 'M' 'U' 'M' 'M' 'M' 'M'
 'M' 'M' 'M' 'M' 'M' 'M' 'M' 'M' 'M' 'M' 'M' 'M' 'M' 'M' 'M' 'M' 'U' 'M'
 'M' 'M' 'M' 'M' 'M' 'M' 'M' 'M' 'M' 'M' 'M' 'U' 'M' 'M' 'M' 'M' 'M' 'U']"
15101,1,190,7,183,8,0,0,"['M' 'M' 'M' 'M' 'M' 'M' 'M' 'U' 'M' 'M' 'M' 'M' 'M' 'M' 'M' 'M' 'M' 'M'
 'M' 'M' 'U' 'M' 'M' 'M' 'M' 'M' 'M' 'M' 'M' 'M' 'M' 'M' 'M' 'M' 'M' 'M'
 'M' 'M' 'M' 'M' 'M' 'M' 'M' 'M' 'M' 'M' 'M' 'M' 'M' 'M' 'M' 'M' 'M' 'M'
 'M' 'M' 'M' 'M' 'M' 'M' 'M' 'M' 'M' 'M' 'M' 'M' 'M' 'M' 'M' 'U' 'M' 'M'
 'M' 'M' 'M' 'M' 'M' 'M' 'M' 'M' 'M' 'M' 'M' 'M' 'M' 'M' 'M' 'M' 'M' 'M'
 'M' 'M' 'M' 'M' 'M' 'M' 'M' 'M' 'M' 'M' 'M' 'M' 'M' 'M' 'M' 'M' 'M' 'M'
 'M' 'M' 'M' 'M' 'M' 'M' 'M' 'M' 'M' 'M' 'M' 'M' 'M' 'M' 'M' 'M' 'M' 'M'
 'M' 'M' 'M' 'M' 'A' 'A' 'A' 'M' 'U' 'A' 'A' 'A' 'A' 'M' 'M' 'M' 'M' 'M'
 'M' 'U' 'M' 'M' 'M' 'M' 'M' 'M' 'M' 'M' 'M' 'M' 'M' 'U' 'M' 'M' 'M' 'M'
 'M' 'M' 'M' 'M' 'M' 'M' 'M' 'M' 'M' 'M' 'M' 'M' 'M' 'M' 'M' 'M' 'U' 'M'
 'M' 'M' 'M' 'M' 'M' 'M' 'M' 'M' 'M' 'M' 'M' 'M' 'M' 'M' 'M' 'M' 'M' 'U']"
15201,1,188,5,183,10,0,0,"['M' 'M' 'M' 'M' 'M' 'M' 'M' 'U' 'M' 'M' 'M' 'M' 'M' 'M' 'M' 'M' 'M' 'M'
 'M' 'M' 'U' 'M' 'M' 'M' 'M' 'M' 'M' 'M' 'M' 'M' 'M' 'M' 'M' 'M' 'M' 'M'
 'M' 'M' 'M' 'M' 'M' 'M' 'M' 'M' 'M' 'M' 'M' 'M' 'M' 'M' 'M' 'M' 'M' 'M'
 'M' 'U' 'M' 'M' 'M' 'M' 'M' 'M' 'M' 'M' 'M' 'M' 'M' 'M' 'M' 'M' 'M' 'M'
 'M' 'M' 'M' 'M' 'M' 'M' 'M' 'M' 'M' 'M' 'M' 'M' 'M' 'M' 'M' 'M' 'M' 'M'
 'U' 'M' 'M' 'M' 'M' 'M' 'M' 'M' 'M' 'M' 'M' 'M' 'M' 'M' 'M' 'M' 'M' 'M'
 'M' 'M' 'M' 'M' 'M' 'M' 'M' 'M' 'M' 'M' 'M' 'M' 'M' 'M' 'M' 'M' 'M' 'M'
 'M' 'M' 'M' 'M' 'A' 'A' 'U' 'M' 'M' 'A' 'A' 'A' 'U' 'M' 'M' 'M' 'M' 'M'
 'M' 'U' 'M' 'M' 'M' 'M' 'M' 'M' 'M' 'M' 'M' 'M' 'M' 'U' 'M' 'M' 'M' 'M'
 'M' 'M' 'M' 'M' 'M' 'M' 'M' 'M' 'M' 'M' 'M' 'M' 'M' 'M' 'M' 'M' 'U' 'M'
 'M' 'M' 'M' 'M' 'M' 'M' 'M' 'M' 'M' 'M' 'M' 'M' 'M' 'M' 'M' 'M' 'M' 'U']"
15301,2,190,7,183,8,0,0,"['M' 'M' 'M' 'M' 'M' 'M' 'M' 'U' 'M' 'M' 'M' 'M' 'M' 'M' 'M' 'M' 'M' 'M'
 'M' 'M' 'U' 'M' 'M' 'M' 'M' 'M' 'M' 'M' 'M' 'M' 'M' 'M' 'M' 'M' 'M' 'M'
 'M' 'M' 'M' 'M' 'M' 'M' 'M' 'M' 'M' 'M' 'M' 'M' 'M' 'M' 'M' 'M' 'M' 'M'
 'M' 'U' 'M' 'M' 'M' 'M' 'M' 'M' 'M' 'M' 'M' 'U' 'M' 'M' 'M' 'M' 'M' 'M'
 'M' 'M' 'M' 'M' 'M' 'M' 'M' 'M' 'M' 'M' 'M' 'M' 'M' 'M' 'M' 'M' 'M' 'M'
 'M' 'M' 'M' 'M' 'M' 'M' 'M' 'M' 'M' 'M' 'M' 'U' 'M' 'M' 'M' 'M' 'M' 'M'
 'M' 'M' 'M' 'M' 'M' 'M' 'M' 'M' 'M' 'M' 'M' 'M' 'M' 'M' 'M' 'M' 'M' 'M'
 'M' 'M' 'M' 'M' 'A' 'U' 'A' 'A' 'A' 'A' 'A' 'A' 'M' 'M' 'M' 'M' 'M' 'M'
 'M' 'M' 'M' 'M' 'M' 'M' 'M' 'M' 'M' 'M' 'M' 'M' 'M' 'M' 'M' 'M' 'M' 'M'
 'M' 'M' 'M' 'M' 'M' 'M' 'M' 'M' 'M' 'M' 'M' 'M' 'M' 'M' 'M' 'M' 'U' 'M'
 'M' 'M' 'M' 'M' 'M' 'M' 'M' 'M' 'M' 'M' 'M' 'M' 'M' 'M' 'M' 'M' 'M' 'U']"
15401,1,189,7,182,9,0,0,"['M' 'M' 'M' 'M' 'M' 'M' 'M' 'U' 'M' 'M' 'M' 'M' 'M' 'M' 'M' 'M' 'M' 'M'
 'M' 'M' 'U' 'M' 'M' 'M' 'M' 'M' 'M' 'M' 'M' 'M' 'M' 'M' 'M' 'M' 'M' 'M'
 'M' 'M' 'M' 'M' 'M' 'M' 'M' 'M' 'M' 'M' 'M' 'M' 'M' 'M' 'U' 'M' 'M' 'M'
 'M' 'U' 'M' 'M' 'M' 'M' 'M' 'M' 'M' 'M' 'M' 'M' 'M' 'M' 'M' 'M' 'M' 'M'
 'M' 'U' 'M' 'M' 'M' 'M' 'M' 'M' 'M' 'M' 'M' 'M' 'M' 'M' 'M' 'M' 'M' 'M'
 'M' 'M' 'M' 'M' 'M' 'M' 'M' 'M' 'M' 'U' 'M' 'U' 'M' 'M' 'M' 'M' 'M' 'M'
 'M' 'M' 'M' 'M' 'M' 'M' 'M' 'M' 'M' 'M' 'M' 'M' 'M' 'M' 'M' 'M' 'M' 'M'
 'M' 'M' 'M' 'M' 'A' 'A' 'A' 'U' 'M' 'A' 'A' 'A' 'A' 'M' 'M' 'M' 'M' 'M'
 'M' 'M' 'M' 'M' 'M' 'M' 'M' 'M' 'M' 'M' 'M' 'M' 'M' 'M' 'M' 'M' 'M' 'M'
 'M' 'M' 'M' 'M' 'M' 'M' 'M' 'M' 'M' 'M' 'M' 'M' 'M' 'M' 'M' 'M' 'U' 'M'
 'M' 'M' 'M' 'M' 'M' 'M' 'M' 'M' 'M' 'M' 'M' 'M' 'M' 'M' 'M' 'M' 'M' 'M']"
15501,1,187,6,181,11,0,0,"['M' 'M' 'M' 'M' 'M' 'M' 'M' 'U' 'M' 'M' 'M' 'M' 'M' 'M' 'M' 'M' 'M' 'M'
 'M' 'M' 'U' 'M' 'M' 'M' 'M' 'M' 'M' 'M' 'M' 'M' 'M' 'M' 'M' 'M' 'M' 'M'
 'M' 'M' 'M' 'M' 'M' 'M' 'M' 'M' 'M' 'M' 'M' 'M' 'M' 'M' 'U' 'M' 'M' 'M'
 'M' 'M' 'M' 'M' 'M' 'M' 'M' 'M' 'M' 'M' 'M' 'M' 'M' 'M' 'M' 'U' 'M' 'M'
 'M' 'M' 'M' 'M' 'M' 'M' 'M' 'M' 'M' 'M' 'M' 'M' 'M' 'M' 'M' 'M' 'M' 'M'
 'M' 'M' 'M' 'M' 'M' 'M' 'M' 'M' 'U' 'U' 'M' 'U' 'M' 'M' 'M' 'M' 'M' 'M'
 'M' 'M' 'M' 'M' 'M' 'M' 'M' 'M' 'M' 'M' 'M' 'M' 'M' 'M' 'M' 'M' 'M' 'M'
 'M' 'M' 'M' 'M' 'A' 'A' 'U' 'A' 'M' 'A' 'U' 'A' 'A' 'U' 'M' 'M' 'M' 'M'
 'M' 'M' 'M' 'M' 'M' 'M' 'M' 'M' 'M' 'M' 'M' 'M' 'M' 'M' 'M' 'M' 'M' 'M'
 'M' 'M' 'M' 'M' 'M' 'M' 'M' 'M' 'M' 'M' 'M' 'M' 'M' 'M' 'M' 'M' 'U' 'M'
 'M' 'M' 'M' 'M' 'M' 'M' 'M' 'M' 'M' 'M' 'M' 'M' 'M' 'M' 'M' 'M' 'M' 'M']"
15601,2,191,8,183,7,0,0,"['M' 'M' 'M' 'M' 'M' 'M' 'M' 'U' 'M' 'M' 'M' 'M' 'M' 'M' 'M' 'M' 'M' 'M'
 'M' 'M' 'M' 'M' 'M' 'M' 'M' 'M' 'M' 'M' 'M' 'M' 'M' 'M' 'M' 'M' 'M' 'M'
 'M' 'M' 'M' 'M' 'M' 'M' 'M' 'M' 'M' 'M' 'M' 'M' 'M' 'M' 'U' 'M' 'M' 'M'
 'M' 'M' 'M' 'M' 'M' 'M' 'M' 'M' 'U' 'M' 'M' 'M' 'M' 'M' 'M' 'M' 'M' 'U'
 'M' 'M' 'M' 'M' 'M' 'M' 'M' 'M' 'M' 'M' 'M' 'M' 'M' 'M' 'M' 'M' 'M' 'M'
 'M' 'M' 'M' 'M' 'M' 'M' 'M' 'M' 'M' 'M' 'M' 'U' 'M' 'M' 'M' 'M' 'M' 'M'
 'M' 'M' 'M' 'M' 'M' 'M' 'M' 'M' 'M' 'M' 'M' 'M' 'M' 'M' 'M' 'M' 'M' 'M'
 'M' 'M' 'M' 'M' 'A' 'M' 'A' 'A' 'A' 'A' 'A' 'A' 'A' 'M' 'M' 'M' 'M' 'M'
 'M' 'M' 'M' 'M' 'M' 'M' 'M' 'M' 'M' 'M' 'M' 'M' 'M' 'M' 'M' 'M' 'M' 'M'
 'M' 'M' 'M' 'M' 'M' 'M' 'M' 'M' 'M' 'M' 'M' 'M' 'M' 'M' 'M' 'M' 'U' 'M'
 'U' 'M' 'M' 'M' 'M' 'M' 'M' 'M' 'M' 'M' 'M' 'M' 'M' 'M' 'M' 'M' 'M' 'M']"
15701,1,190,4,186,8,0,0,"['M' 'M' 'M' 'M' 'M' 'M' 'M' 'M' 'M' 'M' 'M' 'U' 'M' 'M' 'M' 'M' 'M' 'M'
 'M' 'M' 'M' 'M' 'M' 'M' 'M' 'M' 'M' 'M' 'M' 'M' 'M' 'M' 'M' 'M' 'M' 'M'
 'M' 'M' 'M' 'M' 'M' 'M' 'M' 'M' 'M' 'M' 'M' 'M' 'M' 'M' 'M' 'M' 'M' 'M'
 'M' 'M' 'M' 'M' 'M' 'M' 'M' 'M' 'M' 'M' 'M' 'M' 'M' 'M' 'M' 'M' 'M' 'M'
 'M' 'M' 'M' 'M' 'M' 'M' 'M' 'M' 'M' 'M' 'M' 'M' 'M' 'M' 'M' 'M' 'M' 'M'
 'U' 'M' 'M' 'M' 'M' 'M' 'M' 'M' 'M' 'M' 'M' 'U' 'M' 'M' 'M' 'M' 'M' 'M'
 'M' 'M' 'M' 'M' 'M' 'M' 'M' 'M' 'M' 'M' 'M' 'M' 'M' 'M' 'M' 'M' 'M' 'M'
 'M' 'M' 'M' 'M' 'A' 'M' 'A' 'U' 'U' 'A' 'A' 'U' 'U' 'M' 'M' 'M' 'M' 'M'
 'M' 'M' 'M' 'M' 'M' 'M' 'M' 'M' 'M' 'M' 'M' 'M' 'M' 'M' 'M' 'M' 'M' 'M'
 'M' 'M' 'M' 'M' 'M' 'M' 'M' 'M' 'M' 'M' 'M' 'M' 'M' 'M' 'M' 'M' 'U' 'M'
 'M' 'M' 'M' 'M' 'M' 'M' 'M' 'M' 'M' 'M' 'M' 'M' 'M' 'M' 'M' 'M' 'M' 'M']"
15801,1,191,9,182,7,0,0,"['M' 'M' 'M' 'M' 'M' 'M' 'M' 'M' 'M' 'M' 'M' 'U' 'M' 'M' 'M' 'M' 'M' 'M'
 'M' 'M' 'M' 'U' 'M' 'M' 'M' 'M' 'M' 'M' 'M' 'M' 'M' 'M' 'M' 'M' 'M' 'M'
 'M' 'M' 'M' 'M' 'M' 'U' 'M' 'M' 'M' 'M' 'M' 'U' 'M' 'M' 'M' 'M' 'M' 'M'
 'M' 'M' 'M' 'M' 'M' 'M' 'M' 'M' 'M' 'M' 'M' 'M' 'M' 'M' 'M' 'M' 'M' 'U'
 'M' 'M' 'M' 'M' 'M' 'M' 'M' 'M' 'M' 'M' 'M' 'M' 'M' 'M' 'M' 'M' 'M' 'M'
 'M' 'M' 'M' 'M' 'M' 'M' 'M' 'M' 'M' 'M' 'M' 'M' 'M' 'M' 'M' 'M' 'M' 'M'
 'M' 'M' 'M' 'M' 'M' 'M' 'M' 'M' 'M' 'M' 'M' 'M' 'M' 'M' 'M' 'M' 'M' 'M'
 'M' 'M' 'M' 'M' 'A' 'A' 'A' 'A' 'A' 'A' 'A' 'A' 'A' 'M' 'M' 'M' 'M' 'M'
 'M' 'M' 'M' 'M' 'M' 'M' 'M' 'M' 'M' 'M' 'M' 'M' 'M' 'M' 'M' 'M' 'U' 'M'
 'M' 'M' 'M' 'M' 'M' 'M' 'M' 'M' 'M' 'M' 'M' 'M' 'M' 'M' 'M' 'M' 'U' 'M'
 'M' 'M' 'M' 'M' 'M' 'M' 'M' 'M' 'M' 'M' 'M' 'M' 'M' 'M' 'M' 'M' 'M' 'M']"
15901,1,188,6,182,10,0,0,"['M' 'M' 'M' 'M' 'M' 'M' 'M' 'M' 'M' 'M' 'M' 'U' 'M' 'M' 'M' 'M' 'M' 'M'
 'M' 'M' 'M' 'U' 'M' 'M' 'M' 'M' 'M' 'M' 'M' 'U' 'M' 'M' 'M' 'M' 'M' 'M'
 'M' 'M' 'M' 'M' 'M' 'U' 'M' 'M' 'M' 'M' 'M' 'U' 'M' 'M' 'M' 'U' 'M' 'M'
 'M' 'M' 'M' 'M' 'M' 'M' 'M' 'M' 'M' 'M' 'M' 'M' 'M' 'M' 'M' 'M' 'M' 'M'
 'M' 'M' 'M' 'M' 'M' 'M' 'M' 'M' 'M' 'M' 'M' 'M' 'M' 'M' 'U' 'M' 'M' 'M'
 'M' 'M' 'M' 'M' 'M' 'M' 'M' 'M' 'M' 'M' 'M' 'M' 'M' 'M' 'M' 'M' 'M' 'M'
 'M' 'M' 'M' 'M' 'M' 'M' 'M' 'M' 'M' 'M' 'M' 'M' 'M' 'M' 'M' 'M' 'M' 'M'
 'M' 'M' 'M' 'M' 'A' 'A' 'U' 'U' 'A' 'A' 'A' 'A' 'U' 'M' 'M' 'M' 'M' 'M'
 'M' 'M' 'M' 'M' 'M' 'M' 'M' 'M' 'M' 'M' 'M' 'M' 'M' 'M' 'M' 'M' 'M' 'M'
 'M' 'M' 'M' 'M' 'M' 'M' 'M' 'M' 'M' 'M' 'M' 'M' 'M' 'M' 'M' 'M' 'M' 'M'
 'M' 'M' 'M' 'M' 'M' 'M' 'M' 'M' 'M' 'M' 'M' 'M' 'M' 'M' 'M' 'M' 'M' 'M']"
16001,1,187,4,183,11,0,0,"['M' 'M' 'M' 'M' 'M' 'M' 'M' 'M' 'M' 'M' 'M' 'U' 'M' 'M' 'M' 'M' 'M' 'M'
 'M' 'M' 'M' 'M' 'M' 'M' 'M' 'M' 'M' 'M' 'M' 'U' 'U' 'M' 'M' 'M' 'M' 'M'
 'M' 'M' 'M' 'M' 'M' 'U' 'M' 'M' 'M' 'M' 'M' 'U' 'U' 'M' 'M' 'M' 'M' 'M'
 'M' 'M' 'M' 'M' 'M' 'M' 'M' 'M' 'M' 'M' 'M' 'M' 'U' 'M' 'M' 'M' 'M' 'M'
 'M' 'M' 'M' 'M' 'M' 'M' 'M' 'M' 'M' 'M' 'M' 'M' 'M' 'M' 'M' 'M' 'M' 'M'
 'M' 'M' 'M' 'M' 'M' 'M' 'M' 'M' 'M' 'M' 'M' 'M' 'M' 'M' 'M' 'M' 'M' 'M'
 'M' 'M' 'M' 'M' 'M' 'M' 'M' 'M' 'M' 'M' 'M' 'M' 'M' 'M' 'M' 'M' 'M' 'M'
 'M' 'M' 'M' 'M' 'A' 'M' 'M' 'U' 'U' 'A' 'A' 'A' 'U' 'M' 'M' 'M' 'M' 'M'
 'M' 'M' 'M' 'M' 'M' 'M' 'M' 'M' 'M' 'M' 'M' 'M' 'M' 'M' 'M' 'M' 'M' 'M'
 'M' 'M' 'M' 'M' 'M' 'M' 'M' 'M' 'M' 'M' 'M' 'M' 'M' 'M' 'M' 'M' 'M' 'M'
 'M' 'M' 'M' 'M' 'M' 'M' 'M' 'M' 'M' 'M' 'M' 'U' 'M' 'M' 'M' 'M' 'M' 'M']"
16101,1,187,6,181,11,0,0,"['M' 'M' 'M' 'M' 'M' 'M' 'M' 'M' 'M' 'M' 'M' 'U' 'M' 'M' 'M' 'M' 'M' 'M'
 'M' 'M' 'M' 'M' 'M' 'M' 'M' 'M' 'M' 'M' 'M' 'M' 'M' 'M' 'M' 'M' 'M' 'M'
 'M' 'M' 'M' 'M' 'M' 'U' 'M' 'M' 'M' 'M' 'M' 'M' 'U' 'M' 'M' 'M' 'M' 'M'
 'M' 'M' 'M' 'M' 'M' 'M' 'M' 'M' 'M' 'M' 'M' 'M' 'M' 'M' 'M' 'M' 'M' 'M'
 'M' 'M' 'M' 'M' 'M' 'M' 'M' 'M' 'M' 'U' 'M' 'M' 'M' 'M' 'M' 'M' 'M' 'M'
 'M' 'M' 'M' 'M' 'M' 'M' 'M' 'M' 'M' 'M' 'M' 'M' 'M' 'M' 'U' 'M' 'M' 'M'
 'M' 'M' 'M' 'M' 'M' 'M' 'M' 'M' 'M' 'M' 'M' 'U' 'M' 'M' 'M' 'U' 'M' 'M'
 'M' 'M' 'M' 'M' 'A' 'M' 'U' 'A' 'A' 'A' 'A' 'A' 'U' 'M' 'M' 'M' 'M' 'M'
 'M' 'M' 'M' 'M' 'M' 'M' 'M' 'M' 'M' 'M' 'M' 'M' 'U' 'M' 'M' 'M' 'M' 'M'
 'M' 'M' 'M' 'M' 'M' 'M' 'M' 'M' 'M' 'M' 'M' 'M' 'M' 'M' 'M' 'M' 'M' 'M'
 'M' 'M' 'M' 'M' 'M' 'M' 'M' 'M' 'M' 'M' 'M' 'U' 'M' 'M' 'M' 'M' 'M' 'M']"
16201,1,192,8,184,6,0,0,"['M' 'M' 'M' 'M' 'M' 'M' 'M' 'M' 'M' 'M' 'M' 'M' 'M' 'M' 'M' 'M' 'M' 'M'
 'M' 'M' 'M' 'M' 'M' 'M' 'M' 'M' 'M' 'M' 'M' 'M' 'M' 'M' 'M' 'M' 'M' 'M'
 'M' 'M' 'M' 'M' 'M' 'U' 'M' 'M' 'M' 'M' 'M' 'M' 'M' 'M' 'M' 'M' 'M' 'M'
 'M' 'M' 'M' 'M' 'M' 'M' 'M' 'M' 'M' 'M' 'M' 'M' 'M' 'U' 'M' 'M' 'M' 'M'
 'M' 'M' 'M' 'M' 'M' 'M' 'M' 'M' 'M' 'M' 'M' 'M' 'M' 'M' 'M' 'M' 'M' 'M'
 'M' 'M' 'M' 'M' 'M' 'M' 'M' 'M' 'M' 'M' 'M' 'M' 'M' 'M' 'U' 'M' 'M' 'M'
 'M' 'M' 'M' 'M' 'M' 'M' 'M' 'M' 'M' 'M' 'M' 'M' 'M' 'M' 'M' 'M' 'M' 'M'
 'M' 'M' 'M' 'M' 'A' 'A' 'A' 'A' 'U' 'A' 'A' 'A' 'A' 'M' 'M' 'M' 'M' 'M'
 'M' 'M' 'M' 'M' 'M' 'M' 'M' 'M' 'M' 'M' 'M' 'M' 'U' 'M' 'M' 'M' 'M' 'M'
 'M' 'M' 'M' 'M' 'M' 'M' 'M' 'M' 'M' 'M' 'M' 'M' 'M' 'M' 'M' 'M' 'M' 'M'
 'M' 'M' 'M' 'M' 'M' 'M' 'M' 'M' 'M' 'M' 'M' 'U' 'M' 'M' 'M' 'M' 'M' 'M']"
16301,1,191,5,186,7,0,0,"['M' 'M' 'M' 'M' 'M' 'M' 'M' 'M' 'M' 'M' 'M' 'M' 'M' 'M' 'M' 'M' 'M' 'M'
 'M' 'M' 'M' 'M' 'M' 'M' 'M' 'M' 'M' 'M' 'M' 'M' 'M' 'M' 'M' 'M' 'M' 'M'
 'M' 'M' 'M' 'M' 'M' 'M' 'M' 'M' 'M' 'M' 'M' 'M' 'M' 'M' 'M' 'M' 'M' 'M'
 'M' 'M' 'M' 'M' 'M' 'M' 'M' 'M' 'M' 'M' 'M' 'M' 'U' 'M' 'M' 'M' 'M' 'M'
 'M' 'M' 'M' 'M' 'M' 'M' 'M' 'M' 'M' 'M' 'M' 'M' 'M' 'M' 'M' 'M' 'M' 'M'
 'M' 'M' 'M' 'M' 'M' 'M' 'M' 'M' 'M' 'M' 'M' 'M' 'M' 'M' 'U' 'M' 'M' 'M'
 'M' 'U' 'M' 'M' 'M' 'M' 'M' 'M' 'M' 'M' 'M' 'M' 'M' 'M' 'M' 'M' 'M' 'M'
 'M' 'M' 'M' 'M' 'A' 'A' 'U' 'A' 'U' 'U' 'A' 'M' 'A' 'M' 'M' 'M' 'M' 'M'
 'M' 'M' 'M' 'M' 'M' 'M' 'M' 'M' 'M' 'M' 'M' 'M' 'U' 'M' 'M' 'M' 'M' 'M'
 'M' 'M' 'M' 'M' 'M' 'M' 'M' 'M' 'M' 'M' 'M' 'M' 'M' 'M' 'M' 'M' 'M' 'M'
 'M' 'M' 'M' 'M' 'M' 'M' 'M' 'M' 'M' 'M' 'M' 'M' 'M' 'M' 'M' 'M' 'M' 'M']"
16401,1,192,8,184,6,0,0,"['M' 'M' 'M' 'M' 'M' 'M' 'M' 'M' 'M' 'M' 'M' 'M' 'M' 'M' 'M' 'M' 'M' 'M'
 'M' 'M' 'M' 'M' 'M' 'M' 'M' 'M' 'M' 'M' 'M' 'M' 'M' 'M' 'M' 'M' 'M' 'M'
 'M' 'M' 'M' 'M' 'M' 'M' 'M' 'M' 'M' 'M' 'M' 'M' 'M' 'M' 'M' 'M' 'M' 'M'
 'M' 'U' 'M' 'M' 'M' 'M' 'M' 'M' 'M' 'M' 'M' 'M' 'M' 'M' 'M' 'M' 'M' 'M'
 'M' 'M' 'M' 'M' 'M' 'M' 'M' 'M' 'M' 'M' 'M' 'M' 'U' 'M' 'M' 'M' 'M' 'M'
 'M' 'M' 'M' 'M' 'M' 'M' 'M' 'M' 'M' 'M' 'M' 'M' 'M' 'M' 'U' 'M' 'M' 'M'
 'M' 'U' 'M' 'M' 'M' 'M' 'M' 'M' 'M' 'M' 'M' 'M' 'M' 'M' 'M' 'M' 'M' 'M'
 'M' 'M' 'M' 'M' 'A' 'A' 'A' 'A' 'A' 'A' 'A' 'A' 'U' 'M' 'M' 'M' 'M' 'M'
 'M' 'M' 'M' 'M' 'M' 'M' 'M' 'M' 'M' 'M' 'M' 'M' 'U' 'M' 'M' 'M' 'M' 'M'
 'M' 'M' 'M' 'M' 'M' 'M' 'M' 'M' 'M' 'M' 'M' 'M' 'M' 'M' 'M' 'M' 'M' 'M'
 'M' 'M' 'M' 'M' 'M' 'M' 'M' 'M' 'M' 'M' 'M' 'M' 'M' 'M' 'M' 'M' 'M' 'M']"
16501,1,187,4,183,11,0,0,"['M' 'M' 'M' 'M' 'M' 'M' 'M' 'M' 'M' 'M' 'M' 'M' 'M' 'M' 'M' 'M' 'M' 'U'
 'M' 'M' 'M' 'M' 'M' 'M' 'M' 'M' 'M' 'M' 'M' 'M' 'M' 'M' 'M' 'M' 'M' 'M'
 'M' 'U' 'M' 'M' 'M' 'M' 'M' 'M' 'M' 'M' 'M' 'M' 'M' 'M' 'M' 'M' 'M' 'M'
 'M' 'M' 'M' 'M' 'M' 'M' 'M' 'M' 'M' 'M' 'M' 'M' 'M' 'M' 'M' 'M' 'M' 'M'
 'M' 'M' 'M' 'M' 'M' 'M' 'U' 'M' 'M' 'M' 'M' 'M' 'M' 'M' 'M' 'M' 'M' 'M'
 'M' 'M' 'M' 'M' 'M' 'M' 'M' 'M' 'M' 'M' 'M' 'M' 'M' 'M' 'U' 'M' 'M' 'M'
 'M' 'U' 'M' 'M' 'M' 'M' 'M' 'M' 'M' 'M' 'M' 'M' 'M' 'M' 'M' 'M' 'M' 'M'
 'M' 'M' 'M' 'M' 'A' 'U' 'A' 'U' 'M' 'A' 'U' 'A' 'U' 'M' 'M' 'M' 'M' 'M'
 'M' 'M' 'M' 'M' 'M' 'M' 'M' 'M' 'M' 'M' 'M' 'M' 'U' 'M' 'M' 'M' 'M' 'M'
 'M' 'M' 'M' 'M' 'M' 'M' 'M' 'M' 'M' 'M' 'M' 'M' 'M' 'M' 'M' 'M' 'M' 'M'
 'M' 'U' 'M' 'M' 'M' 'M' 'M' 'M' 'M' 'M' 'M' 'M' 'M' 'M' 'M' 'M' 'M' 'M']"
16601,2,192,10,182,6,0,0,"['M' 'M' 'M' 'M' 'M' 'M' 'M' 'M' 'M' 'M' 'M' 'M' 'M' 'M' 'M' 'M' 'M' 'U'
 'M' 'M' 'M' 'M' 'M' 'M' 'M' 'M' 'M' 'M' 'M' 'M' 'M' 'M' 'M' 'M' 'M' 'M'
 'M' 'U' 'M' 'M' 'M' 'M' 'M' 'M' 'M' 'M' 'M' 'M' 'M' 'M' 'M' 'M' 'M' 'M'
 'M' 'M' 'M' 'M' 'M' 'M' 'M' 'M' 'M' 'M' 'M' 'M' 'M' 'M' 'M' 'M' 'M' 'M'
 'M' 'M' 'M' 'M' 'M' 'M' 'M' 'M' 'M' 'M' 'M' 'M' 'M' 'M' 'M' 'M' 'M' 'M'
 'U' 'M' 'M' 'M' 'M' 'M' 'M' 'M' 'M' 'M' 'M' 'M' 'M' 'M' 'M' 'M' 'M' 'M'
 'M' 'A' 'M' 'M' 'M' 'M' 'U' 'M' 'M' 'M' 'M' 'M' 'M' 'M' 'M' 'M' 'M' 'M'
 'M' 'M' 'M' 'M' 'A' 'A' 'A' 'A' 'A' 'A' 'A' 'A' 'A' 'M' 'M' 'M' 'M' 'M'
 'M' 'M' 'M' 'M' 'M' 'M' 'M' 'M' 'M' 'M' 'M' 'M' 'U' 'M' 'M' 'M' 'M' 'M'
 'M' 'M' 'M' 'M' 'M' 'M' 'M' 'M' 'M' 'M' 'M' 'M' 'M' 'M' 'M' 'M' 'M' 'M'
 'M' 'U' 'M' 'M' 'M' 'M' 'M' 'M' 'M' 'M' 'M' 'M' 'M' 'M' 'M' 'M' 'M' 'M']"
16701,1,186,7,179,12,0,0,"['M' 'M' 'M' 'M' 'M' 'M' 'M' 'M' 'M' 'M' 'M' 'M' 'M' 'M' 'M' 'M' 'M' 'U'
 'M' 'M' 'M' 'M' 'M' 'M' 'M' 'M' 'M' 'M' 'M' 'M' 'M' 'M' 'M' 'M' 'M' 'M'
 'M' 'M' 'M' 'M' 'M' 'M' 'M' 'M' 'M' 'M' 'M' 'M' 'M' 'M' 'M' 'M' 'M' 'M'
 'M' 'M' 'M' 'M' 'U' 'M' 'M' 'M' 'M' 'M' 'M' 'M' 'M' 'M' 'M' 'M' 'M' 'M'
 'U' 'M' 'M' 'M' 'M' 'M' 'M' 'M' 'M' 'M' 'M' 'M' 'M' 'M' 'M' 'M' 'M' 'M'
 'M' 'M' 'M' 'M' 'M' 'M' 'M' 'M' 'M' 'M' 'M' 'U' 'M' 'M' 'M' 'M' 'M' 'M'
 'M' 'A' 'M' 'M' 'M' 'M' 'U' 'M' 'M' 'M' 'M' 'M' 'M' 'U' 'M' 'M' 'M' 'M'
 'M' 'M' 'M' 'M' 'A' 'U' 'A' 'A' 'A' 'U' 'U' 'A' 'A' 'M' 'M' 'M' 'M' 'M'
 'M' 'M' 'M' 'M' 'M' 'M' 'M' 'M' 'M' 'M' 'M' 'M' 'U' 'M' 'M' 'M' 'M' 'M'
 'M' 'M' 'M' 'M' 'M' 'M' 'M' 'M' 'M' 'M' 'U' 'M' 'M' 'M' 'M' 'M' 'M' 'M'
 'M' 'U' 'M' 'M' 'M' 'M' 'M' 'M' 'M' 'M' 'M' 'M' 'M' 'M' 'M' 'M' 'M' 'M']"
16801,1,186,7,179,12,0,0,"['M' 'M' 'M' 'M' 'M' 'M' 'M' 'M' 'M' 'M' 'M' 'M' 'M' 'M' 'M' 'M' 'M' 'U'
 'M' 'M' 'M' 'M' 'M' 'M' 'M' 'M' 'M' 'M' 'M' 'M' 'M' 'M' 'M' 'M' 'M' 'M'
 'M' 'M' 'M' 'M' 'M' 'M' 'M' 'M' 'M' 'M' 'M' 'M' 'M' 'M' 'M' 'M' 'M' 'M'
 'M' 'M' 'M' 'M' 'U' 'M' 'M' 'M' 'M' 'M' 'M' 'M' 'M' 'M' 'M' 'M' 'M' 'U'
 'M' 'M' 'M' 'M' 'M' 'M' 'M' 'M' 'M' 'M' 'M' 'M' 'M' 'M' 'M' 'M' 'M' 'M'
 'M' 'M' 'M' 'M' 'M' 'M' 'M' 'M' 'M' 'M' 'M' 'U' 'M' 'M' 'M' 'M' 'M' 'M'
 'M' 'A' 'M' 'M' 'M' 'M' 'M' 'M' 'M' 'M' 'M' 'M' 'M' 'M' 'M' 'M' 'M' 'M'
 'M' 'M' 'M' 'M' 'A' 'U' 'A' 'A' 'A' 'U' 'U' 'A' 'A' 'M' 'M' 'M' 'M' 'M'
 'M' 'M' 'M' 'U' 'M' 'M' 'M' 'M' 'M' 'M' 'M' 'M' 'U' 'M' 'M' 'M' 'M' 'M'
 'M' 'M' 'M' 'U' 'M' 'M' 'M' 'M' 'M' 'M' 'U' 'M' 'M' 'M' 'M' 'M' 'M' 'M'
 'M' 'U' 'M' 'M' 'M' 'M' 'M' 'M' 'M' 'M' 'M' 'M' 'M' 'M' 'M' 'M' 'M' 'M']"
16901,1,186,7,179,12,0,1,"['M' 'M' 'M' 'M' 'M' 'M' 'M' 'M' 'M' 'M' 'M' 'M' 'M' 'M' 'M' 'M' 'M' 'U'
 'M' 'M' 'M' 'M' 'M' 'M' 'M' 'M' 'M' 'M' 'M' 'M' 'M' 'M' 'M' 'M' 'M' 'M'
 'M' 'M' 'M' 'M' 'M' 'M' 'M' 'M' 'M' 'M' 'M' 'M' 'M' 'M' 'M' 'M' 'M' 'M'
 'M' 'M' 'M' 'M' 'U' 'U' 'M' 'M' 'M' 'M' 'M' 'M' 'M' 'M' 'M' 'M' 'M' 'M'
 'M' 'M' 'M' 'M' 'M' 'M' 'M' 'M' 'M' 'M' 'M' 'M' 'M' 'M' 'U' 'M' 'M' 'M'
 'M' 'M' 'M' 'M' 'M' 'M' 'M' 'M' 'M' 'M' 'M' 'U' 'M' 'M' 'M' 'M' 'M' 'M'
 'M' 'A' 'M' 'M' 'M' 'M' 'M' 'M' 'M' 'U' 'M' 'M' 'M' 'M' 'M' 'M' 'M' 'M'
 'M' 'M' 'M' 'M' 'A' 'A' 'M' 'A' 'U' 'A' 'A' 'U' 'A' 'M' 'M' 'M' 'M' 'M'
 'M' 'M' 'M' 'U' 'M' 'M' 'M' 'M' 'M' 'M' 'M' 'M' 'M' 'M' 'M' 'M' 'M' 'M'
 'M' 'M' 'M' 'U' 'M' 'M' 'M' 'M' 'M' 'M' 'M' 'M' 'M' 'M' 'U' 'M' 'M' 'M'
 'M' 'U' 'M' 'M' 'M' 'M' 'M' 'M' 'M' 'M' 'M' 'M' 'M' 'M' 'M' 'M' 'M' 'M']"
17001,1,182,5,177,16,0,0,"['M' 'M' 'M' 'M' 'M' 'M' 'M' 'M' 'M' 'M' 'M' 'M' 'M' 'M' 'M' 'M' 'M' 'U'
 'M' 'M' 'M' 'M' 'M' 'M' 'M' 'M' 'M' 'M' 'M' 'M' 'M' 'M' 'M' 'M' 'M' 'M'
 'M' 'M' 'M' 'M' 'M' 'M' 'M' 'M' 'M' 'M' 'M' 'M' 'M' 'M' 'M' 'M' 'M' 'M'
 'M' 'M' 'M' 'M' 'U' 'U' 'M' 'M' 'U' 'M' 'M' 'M' 'M' 'M' 'M' 'M' 'M' 'M'
 'M' 'M' 'M' 'M' 'M' 'U' 'M' 'M' 'M' 'M' 'M' 'M' 'M' 'M' 'M' 'M' 'M' 'M'
 'M' 'M' 'M' 'M' 'M' 'M' 'M' 'M' 'M' 'M' 'M' 'U' 'M' 'M' 'M' 'M' 'M' 'M'
 'M' 'U' 'M' 'M' 'M' 'M' 'M' 'M' 'M' 'U' 'M' 'M' 'M' 'U' 'M' 'M' 'M' 'M'
 'M' 'M' 'M' 'M' 'A' 'A' 'M' 'A' 'U' 'U' 'A' 'M' 'A' 'M' 'M' 'M' 'M' 'M'
 'M' 'M' 'M' 'U' 'M' 'M' 'M' 'M' 'M' 'M' 'M' 'M' 'M' 'M' 'M' 'M' 'M' 'M'
 'M' 'M' 'M' 'U' 'M' 'M' 'M' 'M' 'M' 'M' 'M' 'M' 'M' 'M' 'U' 'M' 'U' 'M'
 'M' 'U' 'M' 'M' 'M' 'M' 'M' 'M' 'M' 'M' 'M' 'M' 'M' 'M' 'M' 'M' 'M' 'M']"
17101,1,188,4,184,10,0,0,"['M' 'M' 'M' 'M' 'M' 'M' 'M' 'M' 'M' 'M' 'M' 'M' 'M' 'M' 'M' 'M' 'M' 'U'
 'M' 'M' 'M' 'M' 'M' 'M' 'M' 'M' 'M' 'M' 'M' 'M' 'M' 'M' 'M' 'M' 'M' 'M'
 'M' 'M' 'M' 'M' 'M' 'M' 'M' 'M' 'M' 'M' 'M' 'M' 'M' 'M' 'M' 'M' 'M' 'M'
 'M' 'M' 'M' 'M' 'M' 'M' 'M' 'M' 'M' 'M' 'M' 'M' 'M' 'M' 'M' 'U' 'M' 'M'
 'M' 'M' 'M' 'M' 'M' 'M' 'M' 'M' 'M' 'M' 'M' 'M' 'M' 'M' 'M' 'M' 'M' 'M'
 'M' 'M' 'M' 'M' 'M' 'M' 'M' 'M' 'M' 'M' 'M' 'U' 'M' 'M' 'M' 'M' 'M' 'M'
 'M' 'U' 'M' 'M' 'M' 'M' 'M' 'M' 'M' 'M' 'M' 'M' 'M' 'U' 'M' 'M' 'M' 'M'
 'M' 'M' 'M' 'M' 'A' 'A' 'M' 'A' 'M' 'U' 'A' 'M' 'U' 'M' 'M' 'M' 'M' 'M'
 'M' 'M' 'M' 'U' 'M' 'M' 'M' 'M' 'M' 'M' 'M' 'M' 'M' 'M' 'M' 'M' 'M' 'M'
 'M' 'M' 'M' 'M' 'M' 'M' 'M' 'M' 'M' 'M' 'M' 'M' 'M' 'M' 'U' 'M' 'U' 'M'
 'M' 'M' 'M' 'M' 'M' 'M' 'M' 'M' 'M' 'M' 'M' 'M' 'M' 'M' 'M' 'M' 'M' 'M']"
17201,1,189,2,187,9,0,0,"['M' 'M' 'M' 'M' 'M' 'M' 'M' 'M' 'M' 'M' 'M' 'M' 'U' 'M' 'M' 'M' 'M' 'M'
 'M' 'M' 'M' 'M' 'M' 'M' 'M' 'M' 'M' 'M' 'M' 'M' 'M' 'M' 'M' 'M' 'M' 'M'
 'M' 'M' 'M' 'M' 'M' 'M' 'M' 'M' 'M' 'M' 'M' 'M' 'M' 'M' 'M' 'M' 'M' 'M'
 'M' 'M' 'M' 'M' 'M' 'M' 'M' 'M' 'M' 'M' 'M' 'M' 'M' 'M' 'M' 'M' 'M' 'M'
 'M' 'M' 'M' 'M' 'M' 'M' 'M' 'M' 'U' 'M' 'M' 'M' 'M' 'M' 'M' 'M' 'M' 'M'
 'M' 'M' 'M' 'M' 'M' 'M' 'M' 'M' 'M' 'M' 'M' 'U' 'M' 'M' 'M' 'M' 'M' 'M'
 'M' 'M' 'M' 'M' 'M' 'M' 'M' 'M' 'M' 'M' 'M' 'M' 'M' 'M' 'M' 'M' 'M' 'M'
 'M' 'M' 'M' 'M' 'A' 'A' 'M' 'U' 'M' 'M' 'U' 'M' 'U' 'M' 'M' 'M' 'M' 'M'
 'M' 'M' 'M' 'U' 'M' 'M' 'M' 'M' 'M' 'M' 'M' 'M' 'M' 'M' 'M' 'M' 'M' 'M'
 'M' 'M' 'M' 'M' 'M' 'M' 'M' 'M' 'M' 'M' 'M' 'M' 'M' 'M' 'U' 'M' 'U' 'M'
 'M' 'M' 'M' 'M' 'M' 'M' 'M' 'M' 'M' 'M' 'M' 'M' 'M' 'M' 'M' 'M' 'M' 'M']"
17301,1,189,6,183,9,0,0,"['M' 'M' 'M' 'M' 'M' 'M' 'M' 'M' 'M' 'M' 'M' 'M' 'M' 'M' 'M' 'M' 'M' 'M'
 'M' 'M' 'M' 'M' 'M' 'M' 'M' 'M' 'M' 'M' 'M' 'M' 'M' 'M' 'M' 'M' 'M' 'M'
 'M' 'M' 'M' 'M' 'M' 'M' 'M' 'M' 'M' 'M' 'M' 'M' 'M' 'M' 'M' 'M' 'M' 'M'
 'M' 'M' 'M' 'M' 'M' 'M' 'M' 'M' 'M' 'M' 'M' 'M' 'M' 'M' 'M' 'U' 'M' 'M'
 'M' 'M' 'M' 'M' 'M' 'M' 'M' 'M' 'M' 'M' 'M' 'M' 'M' 'M' 'M' 'M' 'M' 'M'
 'M' 'M' 'M' 'M' 'M' 'M' 'M' 'M' 'M' 'M' 'M' 'U' 'M' 'M' 'M' 'M' 'M' 'M'
 'M' 'M' 'M' 'M' 'M' 'M' 'M' 'M' 'M' 'M' 'M' 'M' 'M' 'M' 'M' 'M' 'M' 'M'
 'M' 'M' 'M' 'M' 'A' 'U' 'U' 'A' 'U' 'A' 'A' 'A' 'U' 'M' 'M' 'M' 'M' 'M'
 'M' 'M' 'M' 'U' 'M' 'M' 'M' 'M' 'M' 'M' 'M' 'M' 'M' 'M' 'M' 'M' 'M' 'M'
 'M' 'M' 'M' 'M' 'M' 'M' 'M' 'M' 'M' 'M' 'M' 'M' 'M' 'M' 'A' 'U' 'U' 'M'
 'M' 'M' 'M' 'M' 'M' 'M' 'M' 'M' 'M' 'M' 'M' 'M' 'M' 'M' 'M' 'M' 'M' 'M']"
17401,1,186,3,183,12,0,0,"['M' 'M' 'M' 'M' 'M' 'M' 'M' 'M' 'M' 'M' 'M' 'M' 'M' 'M' 'U' 'M' 'M' 'M'
 'M' 'M' 'M' 'M' 'M' 'M' 'M' 'M' 'M' 'M' 'M' 'M' 'M' 'M' 'M' 'M' 'M' 'M'
 'M' 'M' 'M' 'M' 'M' 'M' 'M' 'M' 'M' 'M' 'M' 'M' 'M' 'M' 'M' 'M' 'M' 'M'
 'M' 'M' 'M' 'M' 'M' 'M' 'M' 'M' 'M' 'M' 'M' 'M' 'M' 'M' 'M' 'M' 'M' 'M'
 'M' 'M' 'M' 'M' 'M' 'M' 'M' 'M' 'U' 'M' 'M' 'M' 'M' 'M' 'M' 'M' 'M' 'M'
 'M' 'M' 'M' 'M' 'M' 'M' 'M' 'M' 'M' 'M' 'M' 'U' 'M' 'M' 'M' 'M' 'M' 'M'
 'M' 'M' 'M' 'M' 'M' 'M' 'M' 'M' 'M' 'M' 'M' 'M' 'M' 'M' 'M' 'M' 'M' 'M'
 'M' 'M' 'U' 'M' 'A' 'U' 'U' 'U' 'U' 'A' 'M' 'U' 'M' 'M' 'M' 'M' 'M' 'M'
 'M' 'M' 'M' 'U' 'M' 'M' 'M' 'M' 'M' 'M' 'M' 'M' 'M' 'M' 'M' 'M' 'M' 'M'
 'M' 'M' 'M' 'M' 'M' 'M' 'M' 'M' 'M' 'M' 'M' 'M' 'M' 'M' 'A' 'U' 'U' 'M'
 'M' 'M' 'M' 'M' 'M' 'M' 'M' 'M' 'M' 'M' 'M' 'M' 'M' 'M' 'M' 'M' 'M' 'M']"
17501,1,192,2,190,6,0,0,"['M' 'M' 'M' 'M' 'M' 'M' 'M' 'M' 'M' 'M' 'M' 'M' 'M' 'M' 'U' 'M' 'M' 'M'
 'M' 'M' 'M' 'M' 'M' 'M' 'M' 'M' 'M' 'M' 'M' 'M' 'M' 'M' 'M' 'M' 'M' 'M'
 'M' 'M' 'M' 'M' 'M' 'M' 'M' 'M' 'M' 'M' 'M' 'M' 'M' 'M' 'M' 'M' 'M' 'M'
 'M' 'M' 'M' 'M' 'M' 'M' 'M' 'M' 'M' 'M' 'M' 'M' 'M' 'M' 'M' 'M' 'M' 'M'
 'M' 'M' 'M' 'M' 'M' 'M' 'M' 'M' 'M' 'M' 'M' 'M' 'M' 'M' 'M' 'M' 'M' 'U'
 'M' 'M' 'M' 'M' 'M' 'M' 'M' 'M' 'M' 'M' 'M' 'U' 'M' 'M' 'M' 'M' 'M' 'M'
 'M' 'M' 'M' 'M' 'M' 'M' 'M' 'M' 'M' 'M' 'M' 'M' 'M' 'M' 'M' 'M' 'M' 'M'
 'M' 'M' 'M' 'M' 'A' 'M' 'U' 'M' 'M' 'A' 'M' 'U' 'M' 'M' 'M' 'M' 'M' 'M'
 'M' 'M' 'M' 'M' 'M' 'M' 'M' 'M' 'M' 'M' 'M' 'M' 'M' 'M' 'M' 'M' 'M' 'M'
 'M' 'M' 'M' 'M' 'M' 'M' 'M' 'M' 'M' 'M' 'M' 'M' 'M' 'M' 'U' 'M' 'M' 'M'
 'M' 'M' 'M' 'M' 'M' 'M' 'M' 'M' 'M' 'M' 'M' 'M' 'M' 'M' 'M' 'M' 'M' 'M']"
17601,1,190,5,185,8,0,0,"['M' 'M' 'M' 'M' 'M' 'M' 'M' 'M' 'M' 'M' 'M' 'M' 'M' 'M' 'M' 'M' 'M' 'M'
 'M' 'M' 'M' 'M' 'M' 'M' 'M' 'M' 'M' 'M' 'M' 'M' 'M' 'M' 'M' 'M' 'M' 'M'
 'M' 'M' 'M' 'M' 'M' 'M' 'M' 'M' 'M' 'M' 'M' 'M' 'M' 'M' 'M' 'M' 'M' 'M'
 'M' 'M' 'M' 'M' 'M' 'M' 'M' 'M' 'U' 'M' 'M' 'M' 'M' 'M' 'M' 'M' 'U' 'M'
 'M' 'M' 'M' 'M' 'M' 'M' 'M' 'M' 'M' 'M' 'M' 'M' 'M' 'M' 'M' 'M' 'M' 'M'
 'M' 'M' 'M' 'M' 'M' 'M' 'M' 'M' 'M' 'M' 'M' 'U' 'M' 'M' 'M' 'M' 'M' 'M'
 'M' 'M' 'M' 'M' 'M' 'M' 'M' 'M' 'M' 'M' 'M' 'M' 'M' 'M' 'M' 'M' 'M' 'M'
 'M' 'M' 'M' 'M' 'A' 'M' 'A' 'A' 'A' 'U' 'U' 'A' 'U' 'M' 'M' 'M' 'M' 'M'
 'M' 'M' 'M' 'M' 'M' 'M' 'M' 'M' 'M' 'M' 'M' 'M' 'M' 'M' 'M' 'M' 'M' 'M'
 'M' 'M' 'M' 'M' 'M' 'M' 'M' 'M' 'M' 'M' 'M' 'M' 'M' 'M' 'U' 'M' 'U' 'M'
 'M' 'M' 'M' 'M' 'M' 'M' 'M' 'M' 'M' 'M' 'M' 'M' 'M' 'M' 'M' 'M' 'M' 'M']"
17701,1,191,7,184,7,0,0,"['M' 'M' 'M' 'M' 'M' 'M' 'M' 'M' 'M' 'M' 'M' 'M' 'M' 'M' 'M' 'M' 'M' 'M'
 'M' 'M' 'M' 'M' 'M' 'M' 'M' 'M' 'M' 'M' 'M' 'M' 'M' 'M' 'M' 'M' 'M' 'M'
 'M' 'M' 'M' 'M' 'M' 'M' 'M' 'M' 'M' 'M' 'M' 'M' 'M' 'M' 'M' 'M' 'M' 'M'
 'M' 'M' 'M' 'M' 'M' 'M' 'M' 'M' 'U' 'M' 'M' 'M' 'M' 'M' 'M' 'M' 'M' 'M'
 'M' 'M' 'M' 'M' 'M' 'M' 'M' 'M' 'M' 'M' 'M' 'M' 'M' 'M' 'M' 'M' 'M' 'M'
 'M' 'M' 'M' 'U' 'M' 'M' 'M' 'M' 'M' 'M' 'M' 'U' 'M' 'M' 'M' 'M' 'M' 'M'
 'M' 'M' 'M' 'M' 'M' 'M' 'M' 'M' 'M' 'M' 'M' 'M' 'M' 'M' 'M' 'M' 'M' 'M'
 'M' 'M' 'M' 'M' 'A' 'M' 'A' 'A' 'A' 'U' 'A' 'A' 'A' 'M' 'M' 'M' 'M' 'M'
 'M' 'M' 'M' 'M' 'M' 'M' 'M' 'M' 'M' 'M' 'M' 'M' 'M' 'M' 'M' 'M' 'M' 'M'
 'M' 'M' 'M' 'M' 'M' 'M' 'M' 'M' 'M' 'M' 'M' 'M' 'M' 'M' 'U' 'M' 'U' 'M'
 'M' 'M' 'M' 'M' 'M' 'M' 'M' 'U' 'M' 'M' 'M' 'M' 'M' 'M' 'M' 'M' 'M' 'M']"
17801,1,195,8,187,3,0,0,"['M' 'M' 'M' 'M' 'M' 'M' 'M' 'M' 'M' 'M' 'M' 'M' 'M' 'M' 'M' 'M' 'M' 'M'
 'M' 'M' 'M' 'M' 'M' 'M' 'M' 'M' 'M' 'M' 'M' 'M' 'M' 'M' 'M' 'M' 'M' 'M'
 'M' 'M' 'M' 'M' 'M' 'M' 'M' 'M' 'M' 'M' 'M' 'M' 'M' 'M' 'M' 'M' 'M' 'M'
 'M' 'M' 'M' 'M' 'M' 'M' 'M' 'M' 'U' 'M' 'M' 'M' 'M' 'M' 'M' 'M' 'M' 'M'
 'M' 'M' 'M' 'M' 'M' 'M' 'M' 'M' 'M' 'U' 'M' 'M' 'M' 'M' 'M' 'M' 'M' 'M'
 'M' 'M' 'M' 'M' 'M' 'M' 'M' 'M' 'M' 'M' 'M' 'M' 'M' 'M' 'M' 'M' 'M' 'M'
 'M' 'M' 'M' 'M' 'M' 'M' 'M' 'M' 'M' 'M' 'M' 'M' 'M' 'M' 'M' 'M' 'M' 'M'
 'M' 'M' 'M' 'M' 'A' 'U' 'A' 'A' 'A' 'A' 'A' 'A' 'A' 'M' 'M' 'M' 'M' 'M'
 'M' 'M' 'M' 'M' 'M' 'M' 'M' 'M' 'M' 'M' 'M' 'M' 'M' 'M' 'M' 'M' 'M' 'M'
 'M' 'M' 'M' 'M' 'M' 'M' 'M' 'M' 'M' 'M' 'M' 'M' 'M' 'M' 'M' 'M' 'M' 'M'
 'M' 'M' 'M' 'M' 'M' 'M' 'M' 'M' 'M' 'M' 'M' 'M' 'M' 'M' 'M' 'M' 'M' 'M']"
17901,3,193,9,184,5,0,0,"['M' 'M' 'M' 'M' 'M' 'M' 'M' 'M' 'M' 'M' 'M' 'M' 'M' 'M' 'M' 'M' 'M' 'M'
 'M' 'M' 'M' 'M' 'M' 'M' 'M' 'M' 'M' 'M' 'M' 'M' 'M' 'M' 'M' 'M' 'M' 'M'
 'M' 'M' 'M' 'U' 'M' 'M' 'M' 'M' 'M' 'M' 'M' 'M' 'M' 'M' 'M' 'M' 'M' 'M'
 'M' 'M' 'M' 'M' 'M' 'U' 'M' 'M' 'U' 'M' 'M' 'M' 'M' 'M' 'M' 'M' 'M' 'M'
 'M' 'M' 'M' 'M' 'M' 'M' 'U' 'M' 'M' 'M' 'M' 'M' 'M' 'M' 'M' 'M' 'M' 'M'
 'M' 'M' 'M' 'M' 'M' 'M' 'M' 'M' 'M' 'M' 'M' 'M' 'M' 'M' 'M' 'M' 'M' 'M'
 'M' 'M' 'M' 'M' 'M' 'M' 'M' 'M' 'M' 'M' 'M' 'M' 'M' 'M' 'M' 'M' 'M' 'M'
 'M' 'M' 'M' 'M' 'A' 'A' 'A' 'A' 'A' 'A' 'A' 'A' 'A' 'M' 'M' 'M' 'M' 'M'
 'M' 'M' 'M' 'M' 'M' 'M' 'M' 'M' 'M' 'M' 'M' 'M' 'M' 'M' 'M' 'M' 'M' 'M'
 'M' 'M' 'M' 'M' 'M' 'M' 'M' 'M' 'M' 'M' 'U' 'M' 'M' 'M' 'M' 'M' 'M' 'M'
 'M' 'M' 'M' 'M' 'M' 'M' 'M' 'M' 'M' 'M' 'M' 'M' 'M' 'M' 'M' 'M' 'M' 'M']"
18001,1,191,6,185,7,0,0,"['M' 'M' 'M' 'M' 'U' 'M' 'M' 'M' 'M' 'M' 'M' 'M' 'M' 'M' 'M' 'M' 'M' 'M'
 'M' 'M' 'M' 'M' 'M' 'M' 'U' 'M' 'M' 'M' 'M' 'M' 'M' 'M' 'M' 'M' 'M' 'M'
 'M' 'M' 'M' 'M' 'M' 'M' 'M' 'M' 'M' 'M' 'M' 'M' 'M' 'M' 'M' 'M' 'M' 'M'
 'M' 'M' 'M' 'M' 'M' 'M' 'M' 'M' 'U' 'M' 'M' 'M' 'M' 'M' 'M' 'M' 'M' 'M'
 'M' 'M' 'M' 'M' 'M' 'M' 'M' 'M' 'M' 'M' 'M' 'M' 'M' 'M' 'M' 'M' 'M' 'M'
 'U' 'M' 'M' 'M' 'M' 'M' 'M' 'M' 'M' 'M' 'M' 'M' 'M' 'M' 'M' 'M' 'M' 'M'
 'M' 'M' 'M' 'M' 'M' 'M' 'M' 'M' 'M' 'M' 'M' 'M' 'M' 'M' 'M' 'M' 'M' 'M'
 'M' 'M' 'M' 'M' 'A' 'A' 'U' 'M' 'A' 'A' 'A' 'A' 'U' 'M' 'M' 'M' 'M' 'M'
 'M' 'M' 'M' 'M' 'M' 'M' 'M' 'M' 'M' 'M' 'M' 'M' 'M' 'M' 'M' 'M' 'M' 'M'
 'M' 'M' 'M' 'M' 'M' 'M' 'M' 'M' 'M' 'M' 'U' 'M' 'M' 'M' 'M' 'M' 'M' 'M'
 'M' 'M' 'M' 'M' 'M' 'M' 'M' 'M' 'M' 'M' 'M' 'M' 'M' 'M' 'M' 'M' 'M' 'M']"
18101,2,191,6,185,7,0,0,"['M' 'M' 'M' 'M' 'U' 'M' 'M' 'M' 'M' 'M' 'M' 'M' 'M' 'M' 'M' 'M' 'M' 'M'
 'M' 'M' 'M' 'M' 'M' 'M' 'U' 'M' 'M' 'M' 'M' 'M' 'M' 'M' 'M' 'M' 'M' 'M'
 'M' 'M' 'M' 'M' 'M' 'M' 'M' 'M' 'M' 'M' 'M' 'M' 'M' 'M' 'M' 'M' 'M' 'M'
 'M' 'M' 'M' 'M' 'M' 'M' 'M' 'M' 'U' 'M' 'M' 'M' 'M' 'M' 'M' 'M' 'M' 'M'
 'M' 'M' 'M' 'M' 'M' 'M' 'M' 'M' 'M' 'M' 'M' 'M' 'M' 'M' 'M' 'U' 'M' 'M'
 'M' 'M' 'M' 'M' 'M' 'M' 'M' 'M' 'M' 'M' 'M' 'M' 'M' 'M' 'M' 'M' 'M' 'M'
 'M' 'M' 'M' 'M' 'M' 'M' 'M' 'M' 'M' 'M' 'M' 'M' 'M' 'M' 'M' 'M' 'M' 'M'
 'M' 'M' 'M' 'M' 'A' 'A' 'M' 'M' 'A' 'A' 'A' 'A' 'U' 'M' 'M' 'M' 'M' 'M'
 'M' 'M' 'M' 'M' 'M' 'M' 'M' 'M' 'M' 'M' 'M' 'M' 'M' 'M' 'M' 'M' 'M' 'M'
 'M' 'M' 'M' 'M' 'M' 'M' 'M' 'M' 'M' 'M' 'U' 'M' 'M' 'M' 'M' 'M' 'M' 'M'
 'M' 'M' 'M' 'M' 'M' 'M' 'M' 'M' 'U' 'M' 'M' 'M' 'M' 'M' 'M' 'M' 'M' 'M']"
18201,1,189,6,183,9,0,0,"['M' 'M' 'M' 'M' 'M' 'M' 'M' 'M' 'M' 'M' 'M' 'M' 'M' 'M' 'M' 'M' 'M' 'M'
 'M' 'M' 'M' 'M' 'M' 'M' 'U' 'M' 'M' 'M' 'M' 'M' 'M' 'M' 'M' 'M' 'M' 'M'
 'M' 'M' 'M' 'M' 'M' 'M' 'M' 'M' 'M' 'M' 'M' 'M' 'M' 'M' 'M' 'M' 'M' 'M'
 'M' 'M' 'M' 'M' 'M' 'M' 'M' 'M' 'M' 'M' 'M' 'M' 'M' 'M' 'M' 'M' 'M' 'M'
 'M' 'M' 'M' 'M' 'M' 'M' 'M' 'M' 'M' 'M' 'M' 'M' 'U' 'M' 'M' 'M' 'M' 'M'
 'M' 'M' 'M' 'M' 'M' 'M' 'M' 'M' 'M' 'M' 'M' 'M' 'M' 'M' 'M' 'M' 'M' 'M'
 'M' 'M' 'M' 'M' 'M' 'M' 'M' 'M' 'M' 'M' 'M' 'M' 'M' 'M' 'M' 'M' 'M' 'M'
 'M' 'M' 'M' 'M' 'A' 'U' 'U' 'A' 'U' 'A' 'A' 'A' 'A' 'M' 'M' 'U' 'M' 'M'
 'M' 'M' 'M' 'M' 'M' 'M' 'M' 'M' 'M' 'M' 'M' 'U' 'M' 'M' 'M' 'U' 'M' 'M'
 'M' 'M' 'M' 'M' 'M' 'M' 'M' 'M' 'M' 'M' 'M' 'M' 'M' 'M' 'M' 'M' 'M' 'M'
 'M' 'M' 'M' 'M' 'M' 'M' 'M' 'M' 'U' 'M' 'M' 'M' 'M' 'M' 'M' 'M' 'M' 'M']"
18301,2,195,9,186,3,0,0,"['M' 'M' 'M' 'M' 'M' 'M' 'M' 'M' 'M' 'M' 'M' 'M' 'M' 'M' 'M' 'M' 'M' 'M'
 'M' 'M' 'M' 'M' 'M' 'M' 'M' 'M' 'M' 'M' 'M' 'M' 'M' 'M' 'M' 'M' 'M' 'M'
 'M' 'M' 'M' 'M' 'M' 'M' 'M' 'M' 'M' 'M' 'M' 'M' 'M' 'M' 'M' 'M' 'M' 'M'
 'M' 'M' 'M' 'M' 'M' 'M' 'M' 'M' 'M' 'M' 'M' 'M' 'M' 'M' 'M' 'M' 'M' 'M'
 'M' 'M' 'M' 'M' 'M' 'M' 'M' 'M' 'M' 'M' 'M' 'M' 'M' 'M' 'M' 'U' 'M' 'M'
 'M' 'M' 'M' 'M' 'M' 'M' 'M' 'M' 'M' 'M' 'M' 'M' 'M' 'M' 'M' 'M' 'M' 'M'
 'M' 'M' 'M' 'M' 'M' 'M' 'M' 'M' 'M' 'M' 'M' 'M' 'M' 'M' 'M' 'M' 'M' 'M'
 'M' 'M' 'M' 'M' 'A' 'A' 'A' 'A' 'A' 'A' 'A' 'A' 'A' 'M' 'M' 'M' 'M' 'M'
 'M' 'M' 'M' 'M' 'M' 'M' 'M' 'M' 'M' 'M' 'M' 'U' 'M' 'M' 'M' 'M' 'M' 'M'
 'M' 'M' 'M' 'M' 'M' 'M' 'M' 'M' 'M' 'M' 'M' 'M' 'M' 'M' 'M' 'M' 'M' 'U'
 'M' 'M' 'M' 'M' 'M' 'M' 'M' 'M' 'M' 'M' 'M' 'M' 'M' 'M' 'M' 'M' 'M' 'M']"
18401,1,192,7,185,6,0,0,"['M' 'M' 'M' 'U' 'M' 'M' 'M' 'M' 'M' 'M' 'M' 'M' 'M' 'M' 'M' 'M' 'M' 'M'
 'M' 'M' 'M' 'M' 'M' 'M' 'M' 'M' 'M' 'M' 'M' 'M' 'M' 'M' 'M' 'M' 'M' 'M'
 'M' 'M' 'M' 'M' 'M' 'M' 'M' 'M' 'M' 'M' 'M' 'M' 'M' 'M' 'M' 'M' 'M' 'M'
 'M' 'M' 'M' 'M' 'M' 'M' 'M' 'M' 'M' 'M' 'M' 'M' 'M' 'M' 'M' 'M' 'M' 'M'
 'M' 'M' 'M' 'M' 'U' 'M' 'M' 'M' 'M' 'M' 'M' 'M' 'M' 'M' 'M' 'M' 'M' 'M'
 'M' 'M' 'M' 'M' 'M' 'M' 'M' 'M' 'M' 'M' 'M' 'M' 'M' 'M' 'M' 'M' 'M' 'M'
 'M' 'M' 'M' 'M' 'M' 'M' 'M' 'M' 'M' 'M' 'M' 'M' 'M' 'M' 'M' 'M' 'M' 'M'
 'M' 'M' 'M' 'M' 'A' 'A' 'U' 'A' 'A' 'U' 'A' 'A' 'A' 'M' 'M' 'M' 'M' 'M'
 'M' 'M' 'M' 'M' 'M' 'M' 'M' 'M' 'M' 'M' 'M' 'M' 'M' 'M' 'M' 'M' 'M' 'M'
 'M' 'M' 'M' 'M' 'M' 'M' 'M' 'M' 'M' 'M' 'M' 'M' 'M' 'M' 'M' 'M' 'M' 'U'
 'M' 'M' 'M' 'M' 'M' 'M' 'M' 'M' 'M' 'M' 'M' 'M' 'M' 'M' 'M' 'M' 'M' 'U']"
18501,1,192,7,185,6,0,0,"['M' 'M' 'M' 'U' 'M' 'M' 'M' 'M' 'M' 'M' 'M' 'M' 'M' 'M' 'M' 'M' 'M' 'M'
 'M' 'M' 'M' 'M' 'M' 'M' 'M' 'M' 'M' 'M' 'M' 'M' 'M' 'M' 'M' 'M' 'M' 'M'
 'M' 'M' 'M' 'M' 'M' 'M' 'M' 'M' 'M' 'M' 'M' 'M' 'M' 'M' 'M' 'M' 'M' 'M'
 'M' 'M' 'M' 'M' 'M' 'M' 'M' 'M' 'M' 'M' 'M' 'M' 'M' 'M' 'M' 'M' 'M' 'M'
 'M' 'M' 'M' 'M' 'M' 'M' 'M' 'M' 'M' 'M' 'M' 'M' 'M' 'M' 'M' 'M' 'M' 'M'
 'M' 'U' 'M' 'M' 'M' 'M' 'M' 'M' 'M' 'M' 'M' 'M' 'M' 'M' 'M' 'M' 'M' 'M'
 'M' 'M' 'M' 'M' 'M' 'M' 'M' 'M' 'M' 'M' 'M' 'M' 'M' 'M' 'M' 'M' 'M' 'M'
 'M' 'M' 'M' 'M' 'A' 'M' 'A' 'A' 'A' 'U' 'A' 'A' 'A' 'M' 'M' 'M' 'M' 'M'
 'M' 'M' 'M' 'M' 'M' 'M' 'M' 'M' 'M' 'M' 'M' 'U' 'M' 'M' 'M' 'M' 'M' 'M'
 'M' 'M' 'M' 'M' 'M' 'M' 'M' 'M' 'M' 'M' 'M' 'M' 'M' 'M' 'M' 'M' 'M' 'U'
 'M' 'M' 'M' 'M' 'M' 'M' 'M' 'M' 'M' 'M' 'M' 'M' 'M' 'M' 'M' 'M' 'M' 'U']"
18601,1,188,6,182,10,0,0,"['M' 'M' 'M' 'U' 'M' 'M' 'M' 'M' 'M' 'M' 'M' 'M' 'M' 'M' 'M' 'U' 'M' 'M'
 'M' 'M' 'M' 'M' 'M' 'M' 'M' 'M' 'M' 'M' 'M' 'M' 'M' 'M' 'M' 'M' 'M' 'M'
 'M' 'M' 'M' 'M' 'M' 'M' 'M' 'M' 'M' 'M' 'M' 'M' 'M' 'M' 'M' 'M' 'M' 'M'
 'M' 'M' 'M' 'M' 'M' 'M' 'M' 'M' 'M' 'M' 'M' 'M' 'M' 'M' 'M' 'M' 'M' 'M'
 'M' 'M' 'M' 'M' 'M' 'M' 'M' 'M' 'M' 'M' 'M' 'M' 'M' 'M' 'M' 'M' 'M' 'M'
 'M' 'M' 'M' 'U' 'M' 'M' 'M' 'M' 'M' 'M' 'M' 'M' 'M' 'M' 'M' 'M' 'M' 'M'
 'M' 'M' 'M' 'M' 'M' 'M' 'M' 'M' 'M' 'M' 'M' 'M' 'M' 'M' 'U' 'M' 'M' 'M'
 'M' 'M' 'M' 'M' 'A' 'M' 'A' 'A' 'A' 'U' 'A' 'U' 'A' 'M' 'M' 'M' 'M' 'M'
 'M' 'M' 'M' 'M' 'M' 'M' 'M' 'M' 'M' 'M' 'M' 'M' 'M' 'M' 'M' 'M' 'M' 'M'
 'M' 'M' 'M' 'M' 'M' 'U' 'M' 'M' 'M' 'M' 'M' 'M' 'M' 'M' 'M' 'M' 'M' 'U'
 'M' 'M' 'M' 'M' 'M' 'M' 'M' 'M' 'M' 'M' 'M' 'M' 'U' 'M' 'M' 'M' 'M' 'U']"
18701,1,188,10,178,10,0,0,"['M' 'M' 'M' 'U' 'U' 'M' 'M' 'M' 'M' 'M' 'M' 'M' 'M' 'M' 'M' 'U' 'M' 'M'
 'M' 'M' 'M' 'M' 'M' 'M' 'M' 'M' 'M' 'M' 'M' 'M' 'M' 'M' 'M' 'M' 'M' 'M'
 'M' 'M' 'M' 'M' 'M' 'M' 'M' 'M' 'M' 'M' 'M' 'M' 'M' 'M' 'M' 'M' 'M' 'M'
 'M' 'M' 'M' 'M' 'M' 'M' 'M' 'M' 'M' 'M' 'M' 'M' 'M' 'M' 'M' 'M' 'M' 'M'
 'M' 'M' 'M' 'M' 'M' 'M' 'U' 'M' 'M' 'M' 'M' 'M' 'M' 'M' 'M' 'M' 'M' 'M'
 'M' 'M' 'M' 'M' 'M' 'M' 'M' 'M' 'M' 'M' 'M' 'M' 'M' 'M' 'M' 'M' 'M' 'M'
 'M' 'M' 'M' 'M' 'M' 'U' 'M' 'M' 'M' 'M' 'M' 'M' 'M' 'M' 'U' 'M' 'M' 'M'
 'M' 'M' 'M' 'M' 'A' 'A' 'A' 'A' 'A' 'A' 'A' 'A' 'A' 'M' 'M' 'M' 'M' 'M'
 'M' 'M' 'M' 'M' 'U' 'M' 'M' 'M' 'M' 'M' 'M' 'M' 'M' 'M' 'M' 'M' 'M' 'M'
 'M' 'M' 'M' 'M' 'M' 'U' 'M' 'M' 'M' 'M' 'M' 'M' 'M' 'M' 'M' 'M' 'M' 'A'
 'M' 'M' 'M' 'M' 'M' 'M' 'M' 'M' 'M' 'M' 'M' 'M' 'U' 'M' 'M' 'M' 'M' 'U']"
18801,1,188,7,181,10,0,0,"['M' 'M' 'M' 'U' 'U' 'M' 'M' 'M' 'M' 'M' 'M' 'M' 'M' 'M' 'M' 'M' 'M' 'M'
 'U' 'M' 'M' 'M' 'M' 'M' 'M' 'M' 'M' 'M' 'M' 'M' 'M' 'M' 'M' 'M' 'M' 'M'
 'M' 'M' 'M' 'M' 'M' 'M' 'M' 'M' 'M' 'M' 'M' 'M' 'M' 'M' 'M' 'M' 'M' 'M'
 'M' 'M' 'M' 'M' 'M' 'M' 'M' 'M' 'M' 'M' 'M' 'M' 'M' 'M' 'M' 'M' 'M' 'M'
 'M' 'M' 'M' 'M' 'M' 'M' 'M' 'M' 'M' 'M' 'M' 'M' 'M' 'M' 'M' 'U' 'M' 'M'
 'M' 'M' 'M' 'M' 'M' 'M' 'M' 'M' 'M' 'M' 'M' 'M' 'M' 'M' 'M' 'M' 'M' 'M'
 'M' 'M' 'M' 'M' 'M' 'M' 'M' 'M' 'M' 'M' 'M' 'M' 'M' 'M' 'M' 'M' 'M' 'M'
 'M' 'M' 'M' 'M' 'A' 'A' 'M' 'A' 'A' 'A' 'A' 'A' 'U' 'M' 'M' 'M' 'M' 'M'
 'M' 'M' 'M' 'M' 'U' 'M' 'M' 'M' 'M' 'M' 'M' 'M' 'M' 'M' 'M' 'M' 'M' 'M'
 'M' 'M' 'M' 'M' 'M' 'U' 'M' 'M' 'M' 'M' 'M' 'M' 'M' 'M' 'M' 'M' 'M' 'U'
 'M' 'M' 'M' 'M' 'M' 'M' 'M' 'M' 'M' 'M' 'M' 'M' 'U' 'M' 'M' 'M' 'M' 'U']"
18901,1,186,7,179,12,0,0,"['M' 'M' 'M' 'U' 'U' 'M' 'M' 'M' 'M' 'M' 'M' 'M' 'M' 'M' 'M' 'M' 'M' 'M'
 'U' 'U' 'M' 'M' 'M' 'M' 'M' 'M' 'M' 'M' 'M' 'M' 'M' 'M' 'M' 'M' 'M' 'M'
 'M' 'M' 'M' 'M' 'M' 'M' 'M' 'M' 'M' 'M' 'M' 'M' 'M' 'M' 'M' 'M' 'M' 'M'
 'M' 'M' 'M' 'M' 'M' 'M' 'M' 'M' 'M' 'M' 'M' 'M' 'M' 'M' 'M' 'M' 'M' 'M'
 'M' 'M' 'M' 'U' 'M' 'M' 'M' 'M' 'M' 'M' 'M' 'M' 'M' 'M' 'M' 'M' 'M' 'M'
 'M' 'M' 'M' 'M' 'M' 'M' 'M' 'M' 'M' 'M' 'M' 'M' 'M' 'M' 'M' 'M' 'M' 'M'
 'M' 'M' 'M' 'M' 'M' 'M' 'M' 'M' 'M' 'M' 'M' 'M' 'M' 'M' 'M' 'M' 'M' 'M'
 'M' 'M' 'M' 'M' 'A' 'U' 'U' 'A' 'A' 'A' 'A' 'A' 'A' 'M' 'M' 'M' 'M' 'M'
 'M' 'M' 'M' 'M' 'U' 'M' 'M' 'M' 'M' 'M' 'M' 'M' 'M' 'M' 'M' 'M' 'M' 'M'
 'M' 'M' 'M' 'M' 'M' 'U' 'M' 'M' 'M' 'M' 'M' 'M' 'M' 'M' 'M' 'M' 'M' 'U'
 'M' 'M' 'M' 'M' 'M' 'M' 'M' 'M' 'M' 'M' 'M' 'M' 'U' 'M' 'M' 'M' 'M' 'U']"
19001,1,190,9,181,8,0,0,"['M' 'M' 'M' 'M' 'M' 'M' 'M' 'M' 'M' 'M' 'U' 'M' 'M' 'M' 'M' 'M' 'M' 'M'
 'U' 'U' 'M' 'M' 'M' 'M' 'M' 'M' 'M' 'M' 'M' 'M' 'M' 'M' 'M' 'M' 'M' 'M'
 'M' 'M' 'M' 'M' 'M' 'M' 'M' 'M' 'M' 'M' 'M' 'M' 'M' 'M' 'M' 'M' 'M' 'M'
 'M' 'M' 'M' 'M' 'M' 'M' 'M' 'M' 'M' 'M' 'M' 'M' 'M' 'M' 'M' 'M' 'U' 'M'
 'M' 'M' 'M' 'M' 'M' 'M' 'M' 'M' 'M' 'M' 'M' 'M' 'M' 'M' 'M' 'M' 'M' 'M'
 'M' 'M' 'M' 'M' 'M' 'M' 'M' 'M' 'M' 'M' 'M' 'M' 'M' 'M' 'M' 'M' 'M' 'M'
 'M' 'M' 'M' 'M' 'U' 'M' 'M' 'M' 'M' 'M' 'M' 'M' 'M' 'M' 'M' 'M' 'M' 'M'
 'M' 'M' 'M' 'M' 'A' 'A' 'A' 'A' 'A' 'A' 'A' 'A' 'A' 'M' 'M' 'M' 'M' 'M'
 'M' 'M' 'M' 'M' 'M' 'M' 'M' 'M' 'M' 'M' 'M' 'M' 'M' 'M' 'M' 'M' 'M' 'M'
 'M' 'M' 'M' 'M' 'M' 'U' 'M' 'M' 'M' 'M' 'M' 'M' 'M' 'M' 'M' 'M' 'M' 'M'
 'M' 'M' 'M' 'M' 'M' 'M' 'M' 'M' 'M' 'M' 'M' 'M' 'U' 'M' 'M' 'M' 'M' 'U']"
19101,1,191,7,184,7,0,1,"['M' 'M' 'M' 'M' 'M' 'M' 'M' 'M' 'M' 'M' 'U' 'M' 'M' 'M' 'M' 'M' 'M' 'M'
 'M' 'U' 'M' 'M' 'M' 'M' 'M' 'M' 'M' 'M' 'M' 'M' 'M' 'M' 'M' 'M' 'M' 'M'
 'M' 'M' 'M' 'M' 'M' 'M' 'M' 'M' 'M' 'M' 'M' 'M' 'M' 'M' 'M' 'M' 'M' 'M'
 'M' 'M' 'M' 'M' 'M' 'M' 'M' 'M' 'M' 'M' 'M' 'M' 'M' 'M' 'M' 'M' 'M' 'M'
 'M' 'M' 'M' 'M' 'M' 'M' 'M' 'M' 'M' 'M' 'M' 'M' 'M' 'M' 'M' 'U' 'M' 'M'
 'M' 'M' 'M' 'M' 'M' 'M' 'M' 'M' 'M' 'M' 'M' 'M' 'M' 'M' 'M' 'M' 'M' 'M'
 'M' 'M' 'M' 'M' 'U' 'M' 'M' 'M' 'M' 'M' 'M' 'M' 'M' 'M' 'M' 'M' 'M' 'M'
 'M' 'M' 'M' 'U' 'A' 'A' 'A' 'A' 'U' 'M' 'A' 'U' 'A' 'M' 'M' 'M' 'M' 'M'
 'M' 'M' 'M' 'M' 'M' 'M' 'M' 'M' 'M' 'M' 'M' 'M' 'M' 'M' 'M' 'M' 'M' 'M'
 'M' 'M' 'M' 'M' 'M' 'A' 'M' 'M' 'M' 'M' 'M' 'M' 'M' 'M' 'M' 'M' 'M' 'M'
 'M' 'M' 'M' 'M' 'M' 'M' 'M' 'M' 'M' 'M' 'M' 'M' 'M' 'M' 'M' 'M' 'M' 'M']"
19201,1,193,9,184,5,0,1,"['M' 'M' 'M' 'M' 'M' 'M' 'M' 'M' 'M' 'M' 'U' 'M' 'M' 'M' 'M' 'M' 'M' 'M'
 'M' 'M' 'M' 'M' 'M' 'M' 'M' 'M' 'M' 'M' 'M' 'M' 'M' 'M' 'M' 'M' 'M' 'M'
 'M' 'M' 'M' 'M' 'M' 'M' 'M' 'M' 'M' 'M' 'M' 'M' 'M' 'M' 'M' 'M' 'M' 'M'
 'M' 'M' 'M' 'M' 'M' 'M' 'M' 'M' 'M' 'M' 'M' 'M' 'M' 'M' 'M' 'M' 'M' 'M'
 'M' 'M' 'M' 'U' 'M' 'M' 'M' 'M' 'M' 'M' 'M' 'M' 'M' 'M' 'M' 'M' 'M' 'M'
 'M' 'M' 'M' 'M' 'M' 'M' 'M' 'M' 'M' 'M' 'M' 'M' 'M' 'M' 'M' 'M' 'M' 'M'
 'M' 'M' 'M' 'M' 'U' 'M' 'M' 'M' 'M' 'M' 'M' 'M' 'M' 'M' 'M' 'M' 'M' 'M'
 'M' 'M' 'M' 'U' 'A' 'A' 'U' 'A' 'A' 'A' 'A' 'A' 'A' 'M' 'M' 'M' 'M' 'M'
 'M' 'M' 'M' 'M' 'M' 'M' 'M' 'M' 'M' 'M' 'M' 'M' 'M' 'M' 'M' 'M' 'M' 'M'
 'M' 'M' 'M' 'M' 'M' 'A' 'M' 'M' 'M' 'M' 'M' 'M' 'M' 'M' 'M' 'M' 'M' 'M'
 'M' 'M' 'M' 'M' 'M' 'M' 'M' 'M' 'M' 'M' 'M' 'M' 'M' 'M' 'M' 'M' 'M' 'M']"
19301,2,192,10,182,6,0,0,"['M' 'M' 'M' 'M' 'M' 'M' 'M' 'M' 'M' 'M' 'M' 'M' 'U' 'M' 'M' 'M' 'M' 'M'
 'M' 'M' 'M' 'M' 'M' 'M' 'M' 'M' 'M' 'M' 'M' 'M' 'M' 'M' 'M' 'M' 'M' 'M'
 'M' 'M' 'U' 'M' 'M' 'M' 'M' 'M' 'M' 'M' 'M' 'M' 'M' 'M' 'M' 'M' 'M' 'M'
 'M' 'M' 'M' 'M' 'M' 'M' 'M' 'M' 'M' 'M' 'M' 'M' 'M' 'M' 'M' 'M' 'M' 'M'
 'M' 'M' 'M' 'M' 'M' 'M' 'M' 'M' 'M' 'U' 'M' 'M' 'M' 'M' 'M' 'M' 'M' 'M'
 'M' 'M' 'M' 'M' 'M' 'M' 'M' 'M' 'M' 'M' 'M' 'M' 'M' 'M' 'M' 'M' 'M' 'M'
 'M' 'M' 'M' 'M' 'U' 'M' 'M' 'M' 'M' 'M' 'M' 'M' 'M' 'U' 'M' 'M' 'M' 'M'
 'M' 'M' 'M' 'U' 'A' 'A' 'A' 'A' 'A' 'A' 'A' 'A' 'A' 'M' 'M' 'M' 'M' 'M'
 'M' 'M' 'M' 'M' 'M' 'M' 'M' 'M' 'M' 'M' 'M' 'M' 'M' 'M' 'M' 'M' 'M' 'M'
 'M' 'M' 'M' 'M' 'M' 'A' 'M' 'M' 'M' 'M' 'M' 'M' 'M' 'M' 'M' 'M' 'M' 'M'
 'M' 'M' 'M' 'M' 'M' 'M' 'M' 'M' 'M' 'M' 'M' 'M' 'M' 'M' 'M' 'M' 'M' 'M']"
19401,1,188,8,180,10,0,0,"['M' 'M' 'M' 'M' 'M' 'M' 'M' 'M' 'M' 'M' 'M' 'M' 'U' 'M' 'M' 'M' 'M' 'M'
 'M' 'M' 'M' 'M' 'M' 'M' 'M' 'M' 'M' 'M' 'M' 'M' 'M' 'M' 'M' 'M' 'M' 'M'
 'M' 'M' 'M' 'M' 'M' 'M' 'M' 'U' 'M' 'M' 'M' 'M' 'M' 'M' 'M' 'M' 'M' 'M'
 'M' 'M' 'M' 'M' 'M' 'M' 'M' 'M' 'M' 'M' 'M' 'M' 'M' 'M' 'M' 'M' 'M' 'M'
 'M' 'U' 'M' 'M' 'M' 'M' 'M' 'M' 'M' 'M' 'M' 'M' 'M' 'M' 'M' 'M' 'M' 'M'
 'M' 'M' 'M' 'M' 'M' 'M' 'M' 'U' 'M' 'M' 'M' 'M' 'M' 'M' 'M' 'M' 'M' 'M'
 'M' 'M' 'M' 'U' 'U' 'M' 'M' 'M' 'M' 'M' 'M' 'M' 'M' 'U' 'M' 'M' 'M' 'M'
 'M' 'M' 'M' 'U' 'A' 'A' 'A' 'M' 'A' 'U' 'A' 'A' 'A' 'M' 'M' 'M' 'M' 'M'
 'M' 'M' 'M' 'M' 'M' 'M' 'M' 'M' 'M' 'M' 'M' 'M' 'M' 'M' 'M' 'M' 'M' 'M'
 'M' 'M' 'M' 'M' 'M' 'A' 'M' 'M' 'M' 'M' 'M' 'M' 'M' 'M' 'M' 'M' 'M' 'M'
 'M' 'M' 'U' 'M' 'M' 'M' 'M' 'M' 'M' 'M' 'M' 'M' 'M' 'M' 'M' 'M' 'M' 'M']"
19501,1,186,8,178,12,0,0,"['M' 'M' 'M' 'M' 'M' 'M' 'M' 'M' 'M' 'M' 'M' 'M' 'U' 'M' 'M' 'M' 'M' 'M'
 'M' 'M' 'M' 'M' 'M' 'M' 'M' 'M' 'M' 'M' 'M' 'M' 'M' 'M' 'M' 'M' 'U' 'M'
 'M' 'M' 'M' 'M' 'M' 'M' 'M' 'U' 'M' 'M' 'M' 'M' 'M' 'M' 'M' 'M' 'M' 'M'
 'M' 'M' 'M' 'M' 'M' 'M' 'M' 'M' 'M' 'M' 'M' 'M' 'M' 'M' 'M' 'M' 'M' 'M'
 'M' 'M' 'M' 'M' 'M' 'U' 'M' 'M' 'M' 'M' 'M' 'M' 'M' 'M' 'M' 'M' 'M' 'M'
 'M' 'M' 'M' 'M' 'M' 'M' 'U' 'U' 'M' 'M' 'M' 'M' 'M' 'M' 'M' 'M' 'M' 'M'
 'M' 'M' 'M' 'U' 'U' 'M' 'M' 'M' 'M' 'M' 'M' 'M' 'M' 'M' 'M' 'M' 'M' 'M'
 'M' 'M' 'M' 'U' 'A' 'A' 'U' 'U' 'A' 'A' 'A' 'A' 'A' 'M' 'M' 'M' 'M' 'M'
 'M' 'M' 'M' 'M' 'M' 'M' 'M' 'M' 'M' 'M' 'M' 'M' 'M' 'M' 'M' 'M' 'M' 'M'
 'M' 'M' 'M' 'M' 'M' 'A' 'M' 'M' 'M' 'M' 'M' 'M' 'M' 'M' 'M' 'M' 'M' 'M'
 'M' 'M' 'U' 'M' 'M' 'M' 'M' 'M' 'M' 'M' 'M' 'M' 'M' 'M' 'M' 'M' 'M' 'M']"
19601,2,185,9,176,13,0,0,"['M' 'M' 'M' 'M' 'M' 'M' 'M' 'M' 'M' 'M' 'M' 'M' 'M' 'U' 'M' 'M' 'M' 'M'
 'M' 'M' 'M' 'M' 'M' 'M' 'M' 'M' 'M' 'M' 'M' 'U' 'M' 'M' 'M' 'M' 'U' 'M'
 'U' 'M' 'M' 'M' 'M' 'M' 'M' 'U' 'M' 'M' 'M' 'M' 'M' 'M' 'M' 'M' 'M' 'M'
 'M' 'M' 'M' 'M' 'M' 'M' 'M' 'M' 'M' 'M' 'M' 'M' 'M' 'M' 'M' 'M' 'M' 'M'
 'M' 'M' 'M' 'U' 'M' 'M' 'M' 'M' 'M' 'M' 'M' 'M' 'M' 'M' 'M' 'M' 'M' 'M'
 'M' 'M' 'M' 'M' 'M' 'M' 'U' 'U' 'M' 'M' 'M' 'M' 'M' 'M' 'M' 'M' 'M' 'M'
 'M' 'M' 'M' 'A' 'U' 'M' 'M' 'M' 'M' 'M' 'M' 'M' 'M' 'M' 'M' 'M' 'U' 'M'
 'M' 'M' 'M' 'U' 'A' 'A' 'A' 'A' 'U' 'A' 'U' 'A' 'A' 'M' 'M' 'M' 'M' 'M'
 'M' 'M' 'M' 'M' 'M' 'M' 'M' 'M' 'M' 'M' 'M' 'M' 'M' 'M' 'M' 'M' 'M' 'M'
 'M' 'M' 'M' 'M' 'M' 'A' 'M' 'M' 'M' 'M' 'M' 'M' 'M' 'M' 'M' 'M' 'M' 'M'
 'M' 'M' 'M' 'M' 'M' 'M' 'M' 'M' 'M' 'M' 'M' 'M' 'M' 'M' 'M' 'M' 'M' 'M']"
19701,1,184,7,177,14,0,0,"['M' 'M' 'M' 'M' 'M' 'M' 'M' 'M' 'M' 'M' 'M' 'M' 'U' 'M' 'M' 'M' 'M' 'M'
 'M' 'M' 'M' 'U' 'M' 'M' 'M' 'M' 'M' 'M' 'M' 'U' 'M' 'M' 'M' 'M' 'U' 'M'
 'U' 'M' 'M' 'M' 'M' 'M' 'M' 'M' 'M' 'M' 'M' 'M' 'M' 'M' 'M' 'M' 'M' 'M'
 'M' 'M' 'M' 'M' 'M' 'M' 'M' 'M' 'M' 'M' 'M' 'M' 'M' 'M' 'M' 'M' 'M' 'U'
 'M' 'M' 'M' 'M' 'M' 'M' 'M' 'M' 'M' 'M' 'M' 'M' 'M' 'M' 'M' 'M' 'M' 'M'
 'M' 'M' 'M' 'M' 'M' 'M' 'U' 'U' 'M' 'M' 'M' 'M' 'M' 'M' 'M' 'M' 'M' 'M'
 'M' 'M' 'M' 'U' 'U' 'M' 'M' 'M' 'M' 'M' 'M' 'M' 'M' 'M' 'M' 'M' 'M' 'M'
 'M' 'M' 'M' 'U' 'A' 'U' 'A' 'M' 'A' 'A' 'A' 'A' 'A' 'M' 'M' 'M' 'M' 'M'
 'M' 'M' 'M' 'M' 'M' 'M' 'M' 'M' 'M' 'M' 'M' 'M' 'M' 'M' 'M' 'M' 'M' 'M'
 'M' 'M' 'M' 'M' 'M' 'U' 'M' 'M' 'M' 'M' 'M' 'M' 'M' 'M' 'M' 'U' 'M' 'M'
 'M' 'M' 'M' 'M' 'M' 'M' 'M' 'M' 'M' 'M' 'M' 'M' 'M' 'M' 'M' 'M' 'M' 'M']"
19801,1,187,7,180,11,0,1,"['M' 'M' 'M' 'M' 'M' 'M' 'M' 'M' 'M' 'M' 'M' 'M' 'M' 'M' 'M' 'M' 'M' 'M'
 'M' 'M' 'M' 'M' 'M' 'M' 'M' 'M' 'M' 'M' 'M' 'U' 'M' 'M' 'M' 'M' 'U' 'M'
 'M' 'M' 'M' 'M' 'M' 'M' 'M' 'M' 'M' 'M' 'M' 'M' 'M' 'M' 'M' 'M' 'M' 'M'
 'M' 'M' 'M' 'M' 'M' 'M' 'M' 'M' 'M' 'M' 'M' 'M' 'M' 'M' 'M' 'M' 'M' 'M'
 'M' 'M' 'M' 'M' 'M' 'M' 'M' 'M' 'M' 'M' 'M' 'M' 'M' 'M' 'M' 'U' 'M' 'M'
 'M' 'M' 'M' 'M' 'M' 'M' 'U' 'M' 'M' 'M' 'M' 'M' 'M' 'M' 'M' 'M' 'M' 'M'
 'M' 'M' 'M' 'U' 'U' 'M' 'M' 'M' 'M' 'M' 'M' 'M' 'M' 'M' 'M' 'M' 'M' 'M'
 'M' 'M' 'M' 'U' 'A' 'M' 'A' 'M' 'A' 'A' 'A' 'A' 'A' 'M' 'M' 'M' 'M' 'M'
 'M' 'M' 'M' 'M' 'M' 'M' 'M' 'M' 'M' 'M' 'M' 'M' 'M' 'U' 'M' 'M' 'M' 'M'
 'M' 'U' 'M' 'M' 'M' 'U' 'M' 'M' 'M' 'M' 'M' 'M' 'M' 'M' 'M' 'U' 'M' 'M'
 'M' 'M' 'M' 'M' 'M' 'M' 'M' 'M' 'M' 'M' 'M' 'M' 'M' 'M' 'M' 'M' 'M' 'M']"
19901,1,185,6,179,13,0,0,"['M' 'M' 'M' 'M' 'M' 'M' 'M' 'M' 'M' 'M' 'M' 'M' 'M' 'M' 'M' 'M' 'M' 'M'
 'M' 'M' 'M' 'M' 'M' 'M' 'M' 'M' 'M' 'M' 'M' 'U' 'M' 'M' 'M' 'M' 'M' 'M'
 'M' 'M' 'M' 'M' 'M' 'M' 'M' 'M' 'M' 'M' 'M' 'M' 'M' 'M' 'M' 'M' 'M' 'M'
 'M' 'M' 'M' 'M' 'M' 'M' 'M' 'M' 'M' 'M' 'M' 'M' 'M' 'M' 'M' 'M' 'M' 'M'
 'M' 'M' 'M' 'U' 'M' 'M' 'M' 'M' 'M' 'M' 'M' 'M' 'M' 'M' 'M' 'M' 'M' 'M'
 'M' 'M' 'M' 'M' 'M' 'M' 'U' 'M' 'M' 'M' 'M' 'M' 'M' 'M' 'M' 'M' 'M' 'M'
 'U' 'M' 'M' 'U' 'M' 'M' 'M' 'M' 'M' 'M' 'M' 'M' 'M' 'M' 'M' 'M' 'M' 'M'
 'M' 'M' 'M' 'U' 'A' 'M' 'A' 'M' 'A' 'U' 'A' 'A' 'A' 'M' 'M' 'M' 'M' 'M'
 'M' 'M' 'M' 'M' 'M' 'M' 'M' 'M' 'M' 'M' 'M' 'M' 'U' 'U' 'M' 'M' 'M' 'M'
 'M' 'U' 'M' 'M' 'M' 'U' 'M' 'M' 'M' 'M' 'M' 'M' 'U' 'M' 'M' 'U' 'M' 'M'
 'M' 'M' 'M' 'M' 'M' 'M' 'M' 'M' 'M' 'M' 'M' 'M' 'M' 'M' 'M' 'M' 'M' 'M']"
20001,1,188,6,182,10,0,0,"['M' 'M' 'M' 'M' 'M' 'M' 'U' 'M' 'M' 'M' 'M' 'M' 'M' 'M' 'M' 'M' 'M' 'M'
 'M' 'M' 'M' 'M' 'M' 'M' 'M' 'M' 'M' 'M' 'M' 'M' 'M' 'M' 'M' 'M' 'M' 'M'
 'M' 'M' 'M' 'M' 'M' 'M' 'M' 'M' 'M' 'M' 'M' 'M' 'M' 'M' 'M' 'M' 'M' 'M'
 'U' 'M' 'M' 'M' 'M' 'M' 'M' 'M' 'M' 'M' 'M' 'M' 'M' 'M' 'M' 'M' 'M' 'M'
 'M' 'M' 'M' 'M' 'M' 'M' 'M' 'U' 'M' 'M' 'M' 'M' 'M' 'M' 'M' 'M' 'M' 'M'
 'M' 'M' 'M' 'M' 'M' 'M' 'U' 'M' 'M' 'M' 'M' 'M' 'M' 'M' 'M' 'M' 'M' 'M'
 'U' 'M' 'M' 'U' 'M' 'M' 'M' 'M' 'M' 'M' 'M' 'M' 'M' 'M' 'M' 'M' 'M' 'M'
 'M' 'M' 'M' 'A' 'A' 'M' 'A' 'M' 'M' 'U' 'A' 'A' 'A' 'M' 'M' 'M' 'M' 'M'
 'M' 'M' 'M' 'M' 'M' 'M' 'M' 'M' 'M' 'M' 'M' 'M' 'M' 'U' 'U' 'M' 'M' 'M'
 'M' 'U' 'M' 'M' 'M' 'M' 'M' 'M' 'M' 'M' 'M' 'M' 'M' 'M' 'M' 'M' 'M' 'M'
 'M' 'M' 'M' 'M' 'M' 'M' 'M' 'M' 'M' 'M' 'M' 'M' 'M' 'M' 'M' 'M' 'M' 'M']"
20101,1,193,6,187,5,0,0,"['M' 'M' 'M' 'M' 'M' 'M' 'M' 'M' 'M' 'M' 'M' 'M' 'M' 'M' 'M' 'M' 'M' 'M'
 'M' 'M' 'M' 'M' 'M' 'M' 'M' 'M' 'M' 'M' 'M' 'M' 'M' 'M' 'M' 'M' 'M' 'M'
 'M' 'M' 'M' 'M' 'M' 'M' 'M' 'M' 'M' 'M' 'M' 'M' 'M' 'M' 'M' 'M' 'M' 'M'
 'M' 'M' 'M' 'M' 'M' 'M' 'M' 'M' 'M' 'M' 'M' 'M' 'M' 'M' 'M' 'M' 'M' 'M'
 'M' 'M' 'M' 'M' 'M' 'M' 'M' 'M' 'M' 'U' 'M' 'M' 'M' 'M' 'M' 'M' 'M' 'M'
 'M' 'M' 'M' 'M' 'M' 'M' 'M' 'M' 'M' 'M' 'M' 'M' 'M' 'M' 'M' 'M' 'M' 'M'
 'U' 'M' 'M' 'M' 'M' 'M' 'M' 'M' 'M' 'M' 'M' 'M' 'M' 'M' 'M' 'M' 'M' 'M'
 'M' 'M' 'M' 'A' 'A' 'M' 'A' 'M' 'A' 'U' 'A' 'M' 'U' 'M' 'M' 'M' 'M' 'M'
 'M' 'M' 'M' 'M' 'M' 'M' 'M' 'M' 'M' 'M' 'M' 'M' 'M' 'A' 'M' 'M' 'M' 'M'
 'M' 'M' 'M' 'M' 'M' 'M' 'M' 'M' 'M' 'M' 'U' 'M' 'M' 'M' 'M' 'M' 'M' 'M'
 'M' 'M' 'M' 'M' 'M' 'M' 'M' 'M' 'M' 'M' 'M' 'M' 'M' 'M' 'M' 'M' 'M' 'M']"
20201,1,191,6,185,7,0,0,"['M' 'M' 'M' 'M' 'M' 'M' 'M' 'M' 'M' 'M' 'M' 'M' 'M' 'M' 'M' 'M' 'M' 'M'
 'M' 'U' 'M' 'M' 'M' 'M' 'M' 'M' 'M' 'M' 'M' 'M' 'M' 'M' 'M' 'M' 'M' 'M'
 'M' 'M' 'M' 'M' 'M' 'U' 'M' 'M' 'M' 'M' 'M' 'M' 'M' 'M' 'M' 'M' 'M' 'M'
 'M' 'M' 'M' 'M' 'M' 'M' 'M' 'M' 'M' 'M' 'M' 'M' 'M' 'M' 'M' 'M' 'M' 'M'
 'M' 'M' 'M' 'M' 'M' 'M' 'M' 'M' 'M' 'M' 'M' 'M' 'M' 'U' 'M' 'M' 'M' 'M'
 'M' 'M' 'M' 'M' 'M' 'M' 'M' 'M' 'M' 'M' 'M' 'M' 'M' 'M' 'M' 'M' 'M' 'M'
 'M' 'M' 'M' 'M' 'M' 'M' 'M' 'M' 'M' 'M' 'M' 'M' 'M' 'M' 'M' 'M' 'M' 'M'
 'M' 'M' 'M' 'M' 'A' 'U' 'U' 'A' 'U' 'A' 'A' 'U' 'A' 'M' 'M' 'M' 'M' 'M'
 'M' 'M' 'M' 'M' 'M' 'M' 'M' 'M' 'M' 'M' 'M' 'M' 'M' 'A' 'M' 'M' 'M' 'M'
 'M' 'M' 'M' 'M' 'M' 'M' 'M' 'M' 'M' 'M' 'M' 'M' 'M' 'M' 'M' 'M' 'M' 'M'
 'M' 'M' 'M' 'M' 'M' 'M' 'M' 'M' 'M' 'M' 'M' 'M' 'M' 'M' 'M' 'M' 'M' 'M']"
20301,2,189,6,183,9,0,0,"['M' 'M' 'M' 'M' 'M' 'M' 'M' 'M' 'M' 'M' 'M' 'M' 'M' 'M' 'M' 'M' 'M' 'M'
 'M' 'U' 'M' 'M' 'M' 'M' 'M' 'M' 'M' 'M' 'M' 'M' 'M' 'M' 'M' 'M' 'M' 'M'
 'M' 'M' 'M' 'M' 'M' 'U' 'M' 'M' 'M' 'M' 'M' 'M' 'M' 'M' 'M' 'M' 'M' 'M'
 'M' 'M' 'M' 'M' 'M' 'M' 'M' 'M' 'M' 'M' 'M' 'M' 'M' 'M' 'M' 'M' 'M' 'M'
 'M' 'M' 'M' 'M' 'M' 'M' 'M' 'M' 'M' 'M' 'M' 'M' 'M' 'U' 'M' 'M' 'M' 'M'
 'M' 'M' 'M' 'M' 'M' 'M' 'M' 'M' 'M' 'M' 'M' 'M' 'M' 'M' 'M' 'M' 'U' 'M'
 'M' 'M' 'M' 'M' 'M' 'M' 'M' 'M' 'M' 'M' 'M' 'M' 'M' 'M' 'M' 'M' 'M' 'M'
 'M' 'M' 'M' 'M' 'A' 'A' 'A' 'A' 'U' 'U' 'U' 'U' 'A' 'M' 'M' 'M' 'M' 'M'
 'M' 'M' 'M' 'M' 'M' 'M' 'M' 'M' 'M' 'M' 'M' 'M' 'M' 'A' 'M' 'M' 'M' 'M'
 'M' 'M' 'M' 'M' 'M' 'M' 'M' 'U' 'M' 'M' 'M' 'M' 'M' 'M' 'M' 'M' 'M' 'M'
 'M' 'M' 'M' 'M' 'M' 'M' 'M' 'M' 'M' 'M' 'M' 'M' 'M' 'M' 'M' 'M' 'M' 'M']"
20401,1,195,8,187,3,0,1,"['M' 'M' 'M' 'M' 'M' 'M' 'M' 'M' 'M' 'M' 'M' 'M' 'M' 'M' 'M' 'M' 'M' 'M'
 'M' 'M' 'M' 'M' 'M' 'M' 'M' 'M' 'M' 'M' 'M' 'M' 'M' 'M' 'M' 'M' 'M' 'M'
 'M' 'M' 'M' 'M' 'M' 'M' 'M' 'M' 'M' 'M' 'M' 'M' 'M' 'M' 'M' 'M' 'M' 'M'
 'M' 'M' 'M' 'M' 'M' 'M' 'M' 'M' 'M' 'M' 'M' 'M' 'M' 'M' 'M' 'M' 'M' 'M'
 'M' 'M' 'M' 'M' 'M' 'M' 'M' 'M' 'M' 'M' 'M' 'U' 'M' 'M' 'M' 'M' 'M' 'M'
 'M' 'M' 'M' 'M' 'M' 'M' 'M' 'M' 'M' 'M' 'M' 'M' 'M' 'M' 'M' 'M' 'M' 'M'
 'M' 'M' 'M' 'M' 'M' 'M' 'M' 'M' 'M' 'M' 'M' 'M' 'M' 'M' 'M' 'M' 'M' 'M'
 'M' 'M' 'M' 'M' 'A' 'U' 'A' 'A' 'A' 'A' 'A' 'A' 'A' 'M' 'M' 'M' 'M' 'M'
 'M' 'M' 'M' 'M' 'M' 'M' 'M' 'M' 'M' 'M' 'M' 'M' 'M' 'U' 'M' 'M' 'M' 'M'
 'M' 'M' 'M' 'M' 'M' 'M' 'M' 'M' 'M' 'M' 'M' 'M' 'M' 'M' 'M' 'M' 'M' 'M'
 'M' 'M' 'M' 'M' 'M' 'M' 'M' 'M' 'M' 'M' 'M' 'M' 'M' 'M' 'M' 'M' 'M' 'M']"
20501,1,191,6,185,7,0,0,"['M' 'M' 'M' 'M' 'M' 'M' 'M' 'U' 'M' 'M' 'M' 'M' 'M' 'M' 'M' 'M' 'M' 'M'
 'M' 'M' 'M' 'M' 'M' 'M' 'M' 'M' 'M' 'M' 'M' 'M' 'M' 'M' 'M' 'M' 'M' 'M'
 'M' 'M' 'M' 'M' 'M' 'M' 'M' 'M' 'M' 'M' 'M' 'M' 'M' 'M' 'M' 'M' 'M' 'M'
 'M' 'M' 'M' 'M' 'M' 'M' 'M' 'M' 'M' 'M' 'M' 'M' 'M' 'M' 'M' 'M' 'M' 'M'
 'M' 'M' 'M' 'M' 'M' 'M' 'M' 'M' 'M' 'M' 'M' 'M' 'M' 'M' 'M' 'M' 'M' 'U'
 'M' 'M' 'M' 'M' 'M' 'M' 'M' 'M' 'M' 'M' 'M' 'M' 'M' 'M' 'M' 'M' 'M' 'M'
 'M' 'M' 'M' 'M' 'M' 'M' 'M' 'M' 'M' 'M' 'M' 'M' 'U' 'M' 'M' 'M' 'M' 'M'
 'M' 'M' 'U' 'M' 'A' 'U' 'A' 'A' 'U' 'A' 'M' 'A' 'A' 'M' 'M' 'M' 'M' 'M'
 'M' 'M' 'M' 'M' 'M' 'M' 'M' 'M' 'M' 'M' 'M' 'M' 'M' 'U' 'M' 'M' 'M' 'M'
 'M' 'M' 'M' 'M' 'M' 'M' 'M' 'M' 'M' 'M' 'M' 'M' 'M' 'M' 'M' 'M' 'M' 'M'
 'M' 'M' 'M' 'M' 'M' 'M' 'M' 'M' 'M' 'M' 'M' 'M' 'M' 'M' 'M' 'M' 'M' 'M']"
20601,1,193,9,184,5,0,0,"['M' 'M' 'M' 'M' 'M' 'M' 'M' 'M' 'M' 'M' 'M' 'M' 'M' 'M' 'M' 'M' 'U' 'M'
 'M' 'M' 'M' 'M' 'M' 'M' 'M' 'M' 'M' 'M' 'M' 'M' 'M' 'M' 'M' 'M' 'M' 'M'
 'M' 'M' 'M' 'M' 'M' 'M' 'M' 'M' 'M' 'M' 'M' 'M' 'M' 'M' 'M' 'M' 'M' 'M'
 'M' 'M' 'M' 'M' 'M' 'M' 'M' 'M' 'M' 'M' 'M' 'M' 'M' 'M' 'M' 'U' 'M' 'M'
 'M' 'M' 'M' 'M' 'M' 'M' 'M' 'M' 'M' 'M' 'M' 'M' 'M' 'M' 'M' 'M' 'M' 'M'
 'M' 'M' 'M' 'M' 'M' 'M' 'M' 'M' 'U' 'M' 'M' 'M' 'M' 'M' 'M' 'M' 'M' 'M'
 'M' 'M' 'M' 'M' 'M' 'M' 'M' 'M' 'M' 'M' 'M' 'M' 'M' 'M' 'M' 'M' 'M' 'M'
 'M' 'M' 'U' 'M' 'A' 'A' 'A' 'A' 'A' 'A' 'A' 'A' 'A' 'M' 'M' 'M' 'M' 'M'
 'M' 'M' 'M' 'M' 'M' 'M' 'M' 'M' 'M' 'M' 'M' 'M' 'M' 'U' 'M' 'M' 'M' 'M'
 'M' 'M' 'M' 'M' 'M' 'M' 'M' 'M' 'M' 'M' 'M' 'M' 'M' 'M' 'M' 'M' 'M' 'M'
 'M' 'M' 'M' 'M' 'M' 'M' 'M' 'M' 'M' 'M' 'M' 'M' 'M' 'M' 'M' 'M' 'M' 'M']"
20701,1,188,7,181,10,0,0,"['M' 'M' 'M' 'M' 'U' 'M' 'M' 'M' 'M' 'M' 'U' 'M' 'M' 'M' 'M' 'M' 'M' 'M'
 'M' 'M' 'M' 'M' 'M' 'M' 'M' 'M' 'M' 'M' 'M' 'M' 'M' 'M' 'M' 'M' 'M' 'M'
 'M' 'M' 'M' 'M' 'M' 'M' 'M' 'M' 'M' 'M' 'M' 'M' 'M' 'M' 'M' 'M' 'M' 'M'
 'M' 'M' 'M' 'M' 'M' 'M' 'M' 'M' 'M' 'M' 'M' 'M' 'M' 'M' 'M' 'M' 'M' 'M'
 'M' 'M' 'M' 'M' 'M' 'M' 'M' 'M' 'M' 'U' 'M' 'M' 'M' 'M' 'M' 'M' 'M' 'M'
 'M' 'M' 'M' 'M' 'M' 'M' 'M' 'M' 'U' 'M' 'M' 'M' 'M' 'M' 'M' 'M' 'M' 'M'
 'M' 'M' 'M' 'M' 'M' 'M' 'M' 'M' 'M' 'M' 'M' 'M' 'M' 'M' 'M' 'U' 'M' 'M'
 'M' 'M' 'U' 'M' 'A' 'A' 'U' 'A' 'A' 'U' 'A' 'A' 'U' 'M' 'M' 'M' 'M' 'M'
 'M' 'M' 'U' 'M' 'M' 'M' 'M' 'M' 'M' 'M' 'M' 'M' 'M' 'A' 'M' 'M' 'M' 'M'
 'M' 'M' 'M' 'M' 'M' 'M' 'M' 'M' 'M' 'M' 'M' 'M' 'M' 'M' 'M' 'M' 'M' 'M'
 'M' 'M' 'M' 'M' 'M' 'M' 'M' 'M' 'M' 'M' 'M' 'M' 'M' 'M' 'M' 'M' 'M' 'M']"
20801,1,191,8,183,7,0,0,"['M' 'M' 'M' 'M' 'U' 'M' 'M' 'M' 'M' 'M' 'U' 'M' 'M' 'M' 'M' 'M' 'M' 'U'
 'M' 'M' 'M' 'M' 'M' 'M' 'M' 'M' 'M' 'M' 'M' 'M' 'M' 'M' 'M' 'M' 'M' 'M'
 'M' 'M' 'M' 'M' 'M' 'M' 'M' 'M' 'M' 'M' 'M' 'M' 'M' 'M' 'M' 'M' 'M' 'M'
 'M' 'M' 'M' 'M' 'M' 'M' 'M' 'M' 'M' 'M' 'M' 'M' 'M' 'M' 'M' 'M' 'M' 'M'
 'M' 'M' 'M' 'M' 'M' 'M' 'M' 'M' 'M' 'M' 'M' 'M' 'M' 'U' 'M' 'M' 'M' 'M'
 'M' 'M' 'M' 'M' 'M' 'M' 'M' 'M' 'U' 'M' 'M' 'M' 'M' 'M' 'M' 'M' 'M' 'M'
 'M' 'M' 'M' 'M' 'M' 'M' 'M' 'M' 'M' 'M' 'M' 'M' 'M' 'M' 'M' 'M' 'M' 'M'
 'M' 'M' 'M' 'M' 'A' 'A' 'A' 'U' 'A' 'A' 'M' 'A' 'A' 'M' 'M' 'M' 'M' 'M'
 'M' 'U' 'M' 'M' 'M' 'M' 'M' 'M' 'M' 'M' 'M' 'M' 'M' 'A' 'M' 'M' 'M' 'M'
 'M' 'M' 'M' 'M' 'M' 'M' 'M' 'M' 'M' 'M' 'M' 'M' 'M' 'M' 'M' 'M' 'M' 'M'
 'M' 'M' 'M' 'M' 'M' 'M' 'M' 'M' 'M' 'M' 'M' 'M' 'M' 'M' 'M' 'M' 'M' 'M']"
20901,1,185,8,177,13,0,0,"['M' 'M' 'M' 'M' 'M' 'M' 'M' 'M' 'M' 'M' 'U' 'M' 'M' 'M' 'M' 'M' 'M' 'U'
 'M' 'M' 'M' 'M' 'M' 'M' 'M' 'M' 'M' 'M' 'M' 'M' 'M' 'M' 'M' 'M' 'M' 'M'
 'M' 'M' 'M' 'M' 'M' 'M' 'M' 'M' 'M' 'M' 'U' 'M' 'M' 'M' 'M' 'M' 'M' 'U'
 'U' 'M' 'M' 'M' 'M' 'M' 'M' 'M' 'M' 'M' 'M' 'M' 'M' 'M' 'M' 'M' 'M' 'M'
 'M' 'M' 'M' 'M' 'M' 'M' 'M' 'M' 'M' 'M' 'M' 'U' 'M' 'M' 'M' 'M' 'M' 'M'
 'M' 'M' 'M' 'M' 'M' 'M' 'M' 'M' 'U' 'M' 'M' 'M' 'M' 'M' 'M' 'M' 'M' 'M'
 'M' 'M' 'M' 'M' 'M' 'M' 'M' 'M' 'M' 'M' 'M' 'M' 'M' 'M' 'U' 'M' 'M' 'M'
 'M' 'M' 'M' 'M' 'A' 'A' 'U' 'A' 'A' 'A' 'U' 'A' 'A' 'M' 'M' 'M' 'M' 'M'
 'M' 'U' 'M' 'M' 'M' 'M' 'M' 'U' 'M' 'M' 'M' 'M' 'M' 'A' 'M' 'M' 'M' 'M'
 'M' 'M' 'M' 'M' 'M' 'M' 'M' 'M' 'M' 'M' 'M' 'M' 'M' 'M' 'M' 'U' 'M' 'M'
 'M' 'M' 'M' 'M' 'M' 'M' 'M' 'M' 'M' 'M' 'M' 'M' 'M' 'M' 'M' 'M' 'M' 'M']"
21001,1,189,8,181,9,0,0,"['M' 'M' 'M' 'M' 'M' 'M' 'M' 'M' 'M' 'M' 'U' 'M' 'M' 'M' 'M' 'M' 'M' 'M'
 'M' 'M' 'M' 'M' 'M' 'M' 'M' 'M' 'M' 'M' 'M' 'M' 'M' 'M' 'M' 'M' 'U' 'M'
 'M' 'M' 'M' 'M' 'M' 'M' 'M' 'M' 'M' 'M' 'U' 'M' 'M' 'M' 'M' 'M' 'M' 'M'
 'M' 'M' 'M' 'M' 'M' 'M' 'M' 'M' 'M' 'M' 'M' 'M' 'M' 'M' 'M' 'M' 'M' 'M'
 'M' 'M' 'M' 'M' 'M' 'M' 'M' 'M' 'M' 'U' 'M' 'M' 'M' 'M' 'M' 'M' 'M' 'M'
 'M' 'M' 'M' 'M' 'M' 'M' 'M' 'M' 'M' 'M' 'M' 'M' 'M' 'M' 'M' 'M' 'M' 'M'
 'M' 'M' 'M' 'M' 'M' 'M' 'M' 'M' 'M' 'M' 'M' 'M' 'M' 'M' 'A' 'M' 'M' 'M'
 'M' 'M' 'M' 'M' 'A' 'A' 'U' 'A' 'A' 'U' 'U' 'A' 'A' 'M' 'M' 'M' 'M' 'M'
 'M' 'U' 'M' 'M' 'M' 'M' 'M' 'M' 'M' 'M' 'M' 'M' 'M' 'A' 'M' 'M' 'M' 'M'
 'M' 'M' 'M' 'M' 'M' 'M' 'M' 'M' 'M' 'M' 'M' 'M' 'M' 'M' 'M' 'U' 'M' 'M'
 'M' 'M' 'M' 'M' 'M' 'M' 'M' 'M' 'M' 'M' 'M' 'M' 'M' 'M' 'M' 'M' 'M' 'M']"
21101,1,187,6,181,11,0,0,"['M' 'M' 'M' 'M' 'M' 'M' 'M' 'M' 'M' 'M' 'U' 'M' 'M' 'M' 'M' 'M' 'M' 'M'
 'M' 'M' 'M' 'M' 'M' 'M' 'M' 'M' 'M' 'M' 'M' 'M' 'M' 'M' 'M' 'M' 'U' 'M'
 'M' 'M' 'M' 'M' 'M' 'M' 'M' 'M' 'M' 'M' 'U' 'M' 'M' 'M' 'M' 'M' 'M' 'U'
 'M' 'M' 'M' 'M' 'M' 'M' 'M' 'M' 'M' 'M' 'M' 'M' 'M' 'M' 'M' 'M' 'M' 'M'
 'M' 'M' 'M' 'M' 'M' 'M' 'M' 'M' 'M' 'U' 'M' 'M' 'M' 'M' 'M' 'M' 'M' 'M'
 'M' 'M' 'M' 'M' 'M' 'M' 'M' 'M' 'U' 'M' 'M' 'M' 'M' 'M' 'M' 'M' 'M' 'M'
 'M' 'M' 'M' 'M' 'M' 'M' 'M' 'M' 'M' 'M' 'M' 'M' 'M' 'M' 'A' 'M' 'M' 'M'
 'M' 'M' 'M' 'M' 'A' 'U' 'U' 'U' 'A' 'M' 'U' 'A' 'A' 'M' 'M' 'M' 'M' 'M'
 'M' 'U' 'M' 'M' 'M' 'M' 'M' 'M' 'M' 'M' 'M' 'M' 'M' 'A' 'M' 'M' 'M' 'M'
 'M' 'M' 'M' 'M' 'M' 'M' 'M' 'M' 'M' 'M' 'M' 'M' 'M' 'M' 'M' 'M' 'M' 'M'
 'M' 'M' 'M' 'M' 'M' 'M' 'M' 'M' 'M' 'M' 'M' 'M' 'M' 'M' 'M' 'M' 'M' 'M']"
21201,1,189,7,182,9,0,0,"['M' 'M' 'M' 'M' 'M' 'U' 'M' 'M' 'M' 'M' 'M' 'M' 'M' 'M' 'M' 'M' 'M' 'M'
 'M' 'M' 'M' 'M' 'M' 'M' 'M' 'M' 'M' 'M' 'M' 'M' 'M' 'M' 'M' 'M' 'M' 'M'
 'M' 'M' 'U' 'M' 'M' 'M' 'M' 'M' 'M' 'M' 'U' 'M' 'M' 'M' 'M' 'M' 'M' 'U'
 'M' 'M' 'M' 'M' 'M' 'M' 'M' 'M' 'M' 'M' 'M' 'M' 'M' 'M' 'M' 'M' 'M' 'M'
 'M' 'M' 'M' 'M' 'U' 'M' 'M' 'M' 'M' 'M' 'M' 'M' 'M' 'M' 'M' 'M' 'M' 'M'
 'M' 'M' 'M' 'M' 'M' 'M' 'M' 'M' 'M' 'M' 'M' 'M' 'M' 'M' 'M' 'M' 'M' 'M'
 'M' 'M' 'M' 'M' 'M' 'M' 'M' 'M' 'M' 'M' 'M' 'M' 'M' 'M' 'A' 'M' 'M' 'M'
 'M' 'M' 'M' 'M' 'A' 'U' 'A' 'M' 'U' 'A' 'A' 'U' 'A' 'M' 'M' 'M' 'M' 'M'
 'M' 'U' 'M' 'M' 'M' 'M' 'M' 'M' 'M' 'M' 'M' 'M' 'M' 'A' 'M' 'M' 'M' 'M'
 'M' 'M' 'M' 'M' 'M' 'M' 'M' 'M' 'M' 'M' 'M' 'M' 'M' 'M' 'M' 'M' 'M' 'M'
 'M' 'M' 'M' 'M' 'M' 'M' 'M' 'M' 'M' 'M' 'M' 'M' 'M' 'M' 'M' 'M' 'M' 'M']"
21301,1,192,9,183,6,0,0,"['M' 'M' 'M' 'M' 'M' 'U' 'M' 'M' 'M' 'U' 'M' 'M' 'M' 'M' 'M' 'M' 'M' 'M'
 'M' 'M' 'M' 'M' 'M' 'M' 'M' 'M' 'M' 'M' 'M' 'M' 'M' 'M' 'M' 'M' 'M' 'M'
 'M' 'M' 'M' 'M' 'M' 'M' 'M' 'M' 'M' 'M' 'U' 'M' 'M' 'M' 'M' 'M' 'M' 'U'
 'M' 'M' 'M' 'M' 'M' 'M' 'M' 'M' 'M' 'M' 'M' 'M' 'M' 'M' 'M' 'M' 'M' 'M'
 'M' 'M' 'M' 'M' 'M' 'M' 'M' 'M' 'M' 'M' 'M' 'M' 'M' 'M' 'M' 'M' 'M' 'U'
 'M' 'M' 'M' 'M' 'M' 'M' 'M' 'M' 'M' 'M' 'M' 'M' 'M' 'M' 'M' 'M' 'M' 'M'
 'M' 'M' 'M' 'M' 'M' 'M' 'M' 'M' 'M' 'M' 'M' 'M' 'M' 'M' 'U' 'M' 'M' 'M'
 'M' 'M' 'M' 'M' 'A' 'A' 'A' 'A' 'A' 'A' 'A' 'A' 'A' 'M' 'M' 'M' 'M' 'M'
 'M' 'M' 'M' 'M' 'M' 'M' 'M' 'M' 'M' 'M' 'M' 'M' 'M' 'M' 'M' 'M' 'M' 'M'
 'M' 'M' 'M' 'M' 'M' 'M' 'M' 'M' 'M' 'M' 'M' 'M' 'M' 'M' 'M' 'M' 'M' 'M'
 'M' 'M' 'M' 'M' 'M' 'M' 'M' 'M' 'M' 'M' 'M' 'M' 'M' 'M' 'M' 'M' 'M' 'M']"
21401,1,191,7,184,7,0,0,"['M' 'M' 'M' 'M' 'M' 'U' 'M' 'M' 'M' 'U' 'M' 'M' 'M' 'M' 'M' 'M' 'M' 'M'
 'M' 'M' 'M' 'M' 'M' 'M' 'M' 'M' 'M' 'M' 'M' 'M' 'M' 'M' 'M' 'M' 'M' 'M'
 'M' 'M' 'M' 'M' 'M' 'M' 'M' 'M' 'M' 'M' 'U' 'M' 'M' 'M' 'M' 'M' 'M' 'U'
 'M' 'M' 'M' 'M' 'M' 'M' 'M' 'M' 'M' 'M' 'M' 'M' 'M' 'M' 'M' 'M' 'M' 'M'
 'M' 'M' 'M' 'M' 'M' 'M' 'M' 'M' 'M' 'U' 'M' 'M' 'M' 'M' 'M' 'M' 'M' 'M'
 'M' 'M' 'M' 'M' 'M' 'M' 'M' 'M' 'M' 'M' 'M' 'M' 'M' 'M' 'M' 'M' 'M' 'M'
 'M' 'M' 'M' 'M' 'M' 'M' 'M' 'M' 'M' 'M' 'M' 'M' 'M' 'M' 'U' 'M' 'M' 'M'
 'M' 'M' 'M' 'M' 'A' 'A' 'A' 'A' 'A' 'A' 'M' 'U' 'A' 'M' 'M' 'M' 'M' 'M'
 'M' 'M' 'M' 'M' 'M' 'M' 'M' 'M' 'M' 'M' 'M' 'M' 'M' 'M' 'M' 'M' 'M' 'M'
 'M' 'M' 'M' 'M' 'M' 'M' 'M' 'M' 'M' 'M' 'M' 'M' 'M' 'M' 'M' 'M' 'M' 'M'
 'M' 'M' 'M' 'M' 'M' 'M' 'M' 'M' 'M' 'M' 'M' 'M' 'M' 'M' 'M' 'M' 'M' 'M']"
21501,2,190,8,182,8,0,0,"['M' 'M' 'M' 'M' 'M' 'M' 'M' 'M' 'M' 'U' 'M' 'M' 'M' 'M' 'M' 'M' 'M' 'M'
 'M' 'M' 'M' 'M' 'M' 'M' 'M' 'M' 'M' 'M' 'M' 'M' 'M' 'M' 'M' 'M' 'M' 'M'
 'M' 'M' 'M' 'M' 'M' 'M' 'M' 'M' 'M' 'M' 'U' 'M' 'M' 'M' 'M' 'M' 'M' 'U'
 'M' 'M' 'M' 'M' 'M' 'M' 'M' 'M' 'M' 'M' 'M' 'M' 'M' 'M' 'M' 'M' 'M' 'M'
 'M' 'M' 'M' 'M' 'M' 'M' 'M' 'M' 'M' 'M' 'M' 'M' 'M' 'M' 'M' 'M' 'M' 'M'
 'M' 'M' 'M' 'U' 'M' 'M' 'M' 'M' 'M' 'M' 'M' 'M' 'U' 'M' 'M' 'M' 'M' 'M'
 'M' 'M' 'M' 'M' 'M' 'M' 'M' 'M' 'M' 'M' 'M' 'M' 'M' 'M' 'U' 'M' 'M' 'M'
 'M' 'M' 'M' 'M' 'A' 'A' 'A' 'A' 'A' 'A' 'A' 'U' 'A' 'M' 'M' 'M' 'M' 'M'
 'M' 'M' 'M' 'M' 'M' 'M' 'M' 'M' 'M' 'M' 'M' 'M' 'M' 'M' 'M' 'M' 'M' 'M'
 'M' 'M' 'M' 'M' 'M' 'M' 'M' 'M' 'M' 'M' 'M' 'M' 'M' 'M' 'M' 'M' 'M' 'M'
 'M' 'M' 'M' 'M' 'M' 'M' 'M' 'U' 'M' 'M' 'M' 'M' 'M' 'M' 'M' 'M' 'M' 'M']"
21601,1,187,3,184,11,0,0,"['M' 'M' 'M' 'M' 'M' 'M' 'M' 'M' 'M' 'M' 'M' 'M' 'M' 'M' 'M' 'M' 'M' 'M'
 'M' 'M' 'M' 'M' 'M' 'M' 'M' 'M' 'M' 'M' 'M' 'M' 'M' 'M' 'M' 'M' 'M' 'M'
 'M' 'M' 'M' 'M' 'M' 'M' 'M' 'M' 'M' 'M' 'U' 'M' 'M' 'M' 'M' 'M' 'M' 'M'
 'M' 'M' 'M' 'M' 'M' 'M' 'M' 'M' 'M' 'M' 'M' 'M' 'M' 'M' 'M' 'M' 'M' 'U'
 'M' 'M' 'M' 'M' 'M' 'M' 'M' 'M' 'M' 'M' 'M' 'M' 'M' 'M' 'M' 'M' 'M' 'M'
 'M' 'M' 'M' 'M' 'M' 'M' 'M' 'M' 'M' 'M' 'M' 'M' 'M' 'M' 'M' 'M' 'M' 'M'
 'M' 'M' 'M' 'M' 'M' 'M' 'M' 'M' 'M' 'M' 'M' 'M' 'M' 'M' 'U' 'M' 'U' 'M'
 'M' 'M' 'M' 'M' 'A' 'A' 'U' 'A' 'U' 'U' 'U' 'U' 'U' 'M' 'M' 'M' 'M' 'M'
 'M' 'M' 'M' 'M' 'M' 'M' 'M' 'M' 'M' 'M' 'M' 'U' 'M' 'M' 'M' 'M' 'M' 'M'
 'M' 'M' 'M' 'M' 'M' 'M' 'M' 'M' 'M' 'M' 'M' 'M' 'M' 'M' 'M' 'M' 'M' 'M'
 'M' 'M' 'M' 'M' 'M' 'M' 'M' 'M' 'M' 'M' 'M' 'M' 'M' 'M' 'M' 'M' 'M' 'M']"
21701,1,188,2,186,10,0,0,"['M' 'M' 'M' 'M' 'M' 'M' 'M' 'M' 'M' 'M' 'M' 'M' 'M' 'M' 'M' 'M' 'M' 'M'
 'M' 'M' 'M' 'M' 'M' 'M' 'M' 'M' 'M' 'M' 'M' 'M' 'M' 'M' 'M' 'M' 'M' 'M'
 'M' 'M' 'M' 'M' 'M' 'M' 'M' 'M' 'M' 'M' 'M' 'M' 'M' 'M' 'M' 'M' 'M' 'M'
 'M' 'M' 'M' 'M' 'M' 'M' 'M' 'M' 'M' 'M' 'M' 'M' 'M' 'M' 'M' 'M' 'M' 'M'
 'M' 'M' 'M' 'M' 'M' 'M' 'M' 'M' 'M' 'M' 'M' 'M' 'M' 'M' 'M' 'M' 'M' 'M'
 'M' 'M' 'M' 'M' 'U' 'M' 'M' 'M' 'M' 'M' 'M' 'M' 'M' 'M' 'M' 'M' 'M' 'M'
 'M' 'M' 'M' 'M' 'M' 'M' 'M' 'M' 'M' 'M' 'M' 'M' 'M' 'M' 'U' 'M' 'M' 'M'
 'M' 'M' 'M' 'M' 'A' 'A' 'U' 'U' 'U' 'U' 'U' 'U' 'U' 'M' 'M' 'M' 'M' 'M'
 'M' 'M' 'M' 'M' 'M' 'M' 'M' 'M' 'M' 'M' 'M' 'M' 'M' 'M' 'M' 'M' 'M' 'M'
 'M' 'M' 'M' 'M' 'M' 'M' 'M' 'M' 'M' 'M' 'M' 'M' 'M' 'M' 'M' 'M' 'M' 'M'
 'M' 'M' 'M' 'M' 'M' 'M' 'M' 'M' 'M' 'M' 'M' 'M' 'M' 'M' 'U' 'M' 'M' 'M']"
21801,1,191,2,189,7,0,0,"['M' 'M' 'M' 'M' 'M' 'M' 'M' 'M' 'M' 'M' 'M' 'M' 'M' 'M' 'M' 'M' 'M' 'M'
 'M' 'M' 'M' 'M' 'M' 'M' 'M' 'M' 'M' 'M' 'M' 'M' 'M' 'M' 'M' 'M' 'M' 'M'
 'M' 'M' 'M' 'M' 'M' 'M' 'M' 'M' 'M' 'M' 'M' 'M' 'M' 'M' 'M' 'M' 'M' 'M'
 'M' 'M' 'M' 'M' 'M' 'M' 'M' 'M' 'M' 'M' 'M' 'M' 'M' 'M' 'M' 'M' 'M' 'M'
 'M' 'M' 'M' 'M' 'M' 'M' 'M' 'M' 'M' 'M' 'M' 'M' 'M' 'M' 'M' 'M' 'M' 'M'
 'M' 'M' 'M' 'M' 'U' 'M' 'M' 'M' 'M' 'M' 'M' 'M' 'M' 'M' 'M' 'M' 'M' 'M'
 'M' 'M' 'M' 'M' 'M' 'M' 'M' 'M' 'M' 'M' 'M' 'M' 'M' 'M' 'M' 'M' 'M' 'M'
 'M' 'M' 'M' 'M' 'A' 'A' 'U' 'M' 'U' 'U' 'U' 'U' 'M' 'M' 'M' 'M' 'M' 'M'
 'M' 'M' 'M' 'M' 'M' 'M' 'M' 'M' 'M' 'M' 'M' 'M' 'M' 'M' 'M' 'M' 'M' 'M'
 'M' 'M' 'M' 'M' 'M' 'M' 'M' 'M' 'M' 'M' 'M' 'M' 'M' 'M' 'M' 'M' 'M' 'M'
 'M' 'M' 'M' 'M' 'M' 'M' 'M' 'M' 'M' 'M' 'U' 'M' 'M' 'M' 'M' 'M' 'M' 'M']"
21901,1,192,1,191,6,0,0,"['M' 'M' 'M' 'M' 'M' 'M' 'M' 'M' 'M' 'M' 'M' 'M' 'M' 'M' 'M' 'M' 'M' 'M'
 'M' 'M' 'M' 'M' 'M' 'M' 'M' 'M' 'M' 'M' 'M' 'M' 'M' 'M' 'M' 'M' 'M' 'M'
 'M' 'M' 'M' 'M' 'M' 'M' 'M' 'M' 'M' 'M' 'M' 'M' 'M' 'M' 'M' 'M' 'M' 'M'
 'M' 'M' 'M' 'M' 'M' 'M' 'M' 'M' 'M' 'M' 'M' 'M' 'M' 'M' 'M' 'M' 'M' 'M'
 'M' 'M' 'M' 'M' 'M' 'M' 'M' 'M' 'M' 'M' 'M' 'M' 'M' 'M' 'M' 'M' 'M' 'U'
 'M' 'M' 'M' 'M' 'M' 'M' 'M' 'M' 'M' 'M' 'M' 'M' 'M' 'M' 'M' 'M' 'M' 'M'
 'M' 'M' 'M' 'M' 'M' 'M' 'M' 'M' 'M' 'M' 'M' 'M' 'M' 'M' 'M' 'M' 'M' 'M'
 'M' 'M' 'M' 'M' 'A' 'M' 'U' 'M' 'U' 'U' 'U' 'M' 'M' 'M' 'M' 'M' 'M' 'M'
 'M' 'M' 'M' 'M' 'M' 'M' 'M' 'M' 'M' 'M' 'M' 'M' 'M' 'M' 'M' 'M' 'M' 'M'
 'M' 'M' 'M' 'M' 'M' 'M' 'M' 'M' 'M' 'M' 'M' 'M' 'M' 'M' 'M' 'M' 'M' 'M'
 'M' 'M' 'M' 'M' 'M' 'M' 'M' 'M' 'M' 'M' 'U' 'M' 'M' 'M' 'M' 'M' 'M' 'M']"
22001,1,194,8,186,4,0,1,"['M' 'M' 'M' 'M' 'M' 'M' 'M' 'M' 'M' 'M' 'M' 'M' 'M' 'M' 'M' 'M' 'M' 'M'
 'M' 'M' 'M' 'M' 'M' 'M' 'M' 'M' 'M' 'M' 'M' 'M' 'M' 'M' 'M' 'M' 'M' 'M'
 'M' 'M' 'M' 'M' 'M' 'M' 'M' 'M' 'M' 'M' 'M' 'M' 'M' 'M' 'M' 'M' 'M' 'M'
 'M' 'M' 'M' 'M' 'M' 'M' 'M' 'M' 'M' 'M' 'M' 'M' 'M' 'M' 'M' 'M' 'M' 'M'
 'M' 'M' 'M' 'M' 'M' 'M' 'M' 'M' 'M' 'M' 'M' 'M' 'M' 'M' 'U' 'M' 'M' 'M'
 'M' 'M' 'M' 'M' 'M' 'M' 'M' 'M' 'M' 'U' 'M' 'M' 'M' 'M' 'M' 'M' 'M' 'M'
 'M' 'M' 'M' 'M' 'M' 'M' 'M' 'M' 'M' 'M' 'M' 'M' 'M' 'M' 'M' 'M' 'M' 'M'
 'M' 'M' 'M' 'M' 'A' 'A' 'A' 'A' 'A' 'A' 'A' 'U' 'A' 'M' 'M' 'M' 'M' 'M'
 'M' 'M' 'M' 'M' 'M' 'M' 'M' 'M' 'M' 'M' 'M' 'M' 'M' 'M' 'M' 'M' 'M' 'U'
 'M' 'M' 'M' 'M' 'M' 'M' 'M' 'M' 'M' 'M' 'M' 'M' 'M' 'M' 'M' 'M' 'M' 'M'
 'M' 'M' 'M' 'M' 'M' 'M' 'M' 'M' 'M' 'M' 'M' 'M' 'M' 'M' 'M' 'M' 'M' 'M']"
22101,1,192,7,185,6,0,0,"['M' 'M' 'M' 'M' 'M' 'M' 'M' 'M' 'M' 'M' 'M' 'M' 'M' 'M' 'M' 'M' 'M' 'M'
 'M' 'M' 'M' 'M' 'M' 'M' 'M' 'M' 'M' 'M' 'M' 'M' 'M' 'M' 'M' 'M' 'M' 'M'
 'M' 'M' 'M' 'M' 'M' 'M' 'M' 'M' 'M' 'M' 'M' 'M' 'M' 'M' 'M' 'M' 'U' 'M'
 'M' 'M' 'M' 'M' 'M' 'M' 'M' 'M' 'M' 'M' 'M' 'M' 'M' 'M' 'M' 'M' 'M' 'M'
 'M' 'M' 'M' 'M' 'M' 'U' 'M' 'M' 'M' 'M' 'M' 'M' 'M' 'M' 'M' 'M' 'M' 'M'
 'M' 'M' 'M' 'M' 'M' 'M' 'M' 'M' 'M' 'U' 'M' 'M' 'M' 'M' 'M' 'M' 'M' 'M'
 'M' 'M' 'M' 'M' 'M' 'M' 'M' 'M' 'M' 'M' 'M' 'M' 'M' 'M' 'M' 'M' 'M' 'M'
 'M' 'M' 'M' 'M' 'A' 'A' 'A' 'A' 'A' 'U' 'A' 'U' 'A' 'M' 'M' 'M' 'M' 'M'
 'M' 'M' 'M' 'M' 'M' 'M' 'M' 'M' 'M' 'M' 'M' 'M' 'M' 'M' 'M' 'M' 'M' 'U'
 'M' 'M' 'M' 'M' 'M' 'M' 'M' 'M' 'M' 'M' 'M' 'M' 'M' 'M' 'M' 'M' 'M' 'M'
 'M' 'M' 'M' 'M' 'M' 'M' 'M' 'M' 'M' 'M' 'M' 'M' 'M' 'M' 'M' 'M' 'M' 'M']"
22201,2,194,9,185,4,0,0,"['M' 'M' 'M' 'M' 'M' 'M' 'M' 'M' 'M' 'M' 'M' 'M' 'M' 'M' 'M' 'M' 'M' 'M'
 'M' 'M' 'M' 'M' 'M' 'M' 'M' 'M' 'M' 'M' 'M' 'M' 'M' 'M' 'M' 'M' 'M' 'M'
 'M' 'M' 'M' 'M' 'M' 'M' 'M' 'M' 'M' 'M' 'M' 'M' 'M' 'M' 'M' 'M' 'U' 'M'
 'M' 'M' 'M' 'M' 'M' 'M' 'M' 'M' 'M' 'M' 'M' 'M' 'M' 'M' 'M' 'M' 'M' 'M'
 'M' 'M' 'M' 'M' 'M' 'M' 'M' 'U' 'M' 'M' 'M' 'M' 'M' 'M' 'M' 'M' 'M' 'M'
 'M' 'M' 'M' 'M' 'M' 'M' 'M' 'M' 'M' 'M' 'M' 'M' 'M' 'M' 'M' 'M' 'M' 'M'
 'M' 'M' 'M' 'M' 'M' 'M' 'M' 'M' 'M' 'M' 'M' 'M' 'M' 'M' 'M' 'M' 'M' 'M'
 'M' 'M' 'M' 'M' 'A' 'A' 'A' 'A' 'A' 'A' 'A' 'A' 'A' 'M' 'M' 'M' 'M' 'M'
 'M' 'M' 'M' 'M' 'M' 'M' 'M' 'M' 'U' 'M' 'M' 'M' 'M' 'M' 'M' 'M' 'M' 'U'
 'M' 'M' 'M' 'M' 'M' 'M' 'M' 'M' 'M' 'M' 'M' 'M' 'M' 'M' 'M' 'M' 'M' 'M'
 'M' 'M' 'M' 'M' 'M' 'M' 'M' 'M' 'M' 'M' 'M' 'M' 'M' 'M' 'M' 'M' 'M' 'M']"
22301,1,187,8,179,11,0,1,"['M' 'M' 'M' 'M' 'M' 'M' 'M' 'M' 'M' 'M' 'M' 'M' 'M' 'M' 'M' 'M' 'M' 'M'
 'M' 'M' 'M' 'M' 'M' 'M' 'M' 'M' 'M' 'M' 'M' 'M' 'M' 'M' 'M' 'M' 'M' 'U'
 'M' 'M' 'M' 'M' 'M' 'M' 'U' 'M' 'M' 'U' 'M' 'M' 'M' 'M' 'M' 'M' 'U' 'M'
 'M' 'M' 'M' 'M' 'M' 'M' 'M' 'M' 'M' 'M' 'M' 'M' 'M' 'M' 'M' 'M' 'M' 'M'
 'M' 'M' 'M' 'M' 'M' 'M' 'M' 'M' 'M' 'M' 'M' 'M' 'M' 'M' 'M' 'U' 'M' 'M'
 'M' 'M' 'M' 'M' 'M' 'M' 'M' 'M' 'M' 'M' 'M' 'M' 'M' 'M' 'M' 'M' 'M' 'M'
 'M' 'U' 'M' 'M' 'M' 'M' 'M' 'M' 'M' 'M' 'M' 'U' 'M' 'M' 'M' 'M' 'M' 'M'
 'M' 'M' 'M' 'M' 'A' 'U' 'A' 'A' 'A' 'A' 'A' 'A' 'A' 'M' 'M' 'M' 'M' 'M'
 'M' 'M' 'M' 'M' 'M' 'M' 'M' 'M' 'U' 'M' 'M' 'M' 'M' 'M' 'M' 'M' 'M' 'U'
 'M' 'M' 'M' 'U' 'M' 'M' 'M' 'M' 'M' 'M' 'M' 'M' 'M' 'M' 'M' 'M' 'M' 'M'
 'M' 'M' 'M' 'M' 'M' 'M' 'M' 'M' 'M' 'M' 'M' 'M' 'M' 'M' 'M' 'M' 'M' 'M']"
22401,1,186,9,177,12,0,0,"['M' 'M' 'M' 'M' 'M' 'M' 'M' 'M' 'M' 'M' 'M' 'M' 'M' 'M' 'M' 'M' 'M' 'M'
 'M' 'M' 'M' 'M' 'M' 'M' 'M' 'M' 'M' 'M' 'M' 'M' 'M' 'M' 'M' 'M' 'M' 'U'
 'M' 'M' 'M' 'M' 'M' 'M' 'U' 'M' 'M' 'M' 'M' 'M' 'M' 'M' 'U' 'M' 'U' 'M'
 'M' 'M' 'M' 'M' 'M' 'M' 'M' 'M' 'M' 'M' 'M' 'M' 'M' 'M' 'U' 'M' 'M' 'M'
 'M' 'M' 'M' 'M' 'M' 'M' 'M' 'M' 'M' 'M' 'M' 'M' 'M' 'M' 'M' 'M' 'M' 'M'
 'M' 'M' 'M' 'M' 'M' 'M' 'M' 'M' 'M' 'M' 'M' 'M' 'M' 'M' 'M' 'M' 'M' 'M'
 'M' 'U' 'M' 'M' 'M' 'M' 'M' 'M' 'M' 'M' 'M' 'U' 'M' 'M' 'M' 'M' 'M' 'M'
 'M' 'M' 'M' 'M' 'A' 'A' 'A' 'A' 'A' 'A' 'A' 'A' 'A' 'M' 'M' 'M' 'M' 'U'
 'M' 'M' 'M' 'M' 'M' 'M' 'M' 'M' 'U' 'M' 'M' 'M' 'M' 'M' 'M' 'M' 'M' 'U'
 'M' 'M' 'M' 'U' 'M' 'M' 'M' 'M' 'M' 'M' 'M' 'M' 'M' 'M' 'M' 'M' 'M' 'M'
 'M' 'M' 'M' 'M' 'M' 'U' 'M' 'M' 'M' 'M' 'M' 'M' 'M' 'M' 'M' 'M' 'M' 'M']"
22501,1,185,6,179,13,0,1,"['M' 'M' 'M' 'M' 'M' 'M' 'M' 'M' 'M' 'M' 'M' 'M' 'M' 'M' 'M' 'M' 'M' 'M'
 'M' 'M' 'M' 'M' 'M' 'M' 'M' 'M' 'M' 'M' 'M' 'M' 'M' 'M' 'M' 'M' 'M' 'U'
 'M' 'M' 'M' 'M' 'M' 'M' 'U' 'M' 'M' 'M' 'M' 'M' 'M' 'M' 'U' 'M' 'U' 'M'
 'M' 'M' 'M' 'M' 'M' 'M' 'M' 'M' 'M' 'M' 'M' 'M' 'M' 'M' 'M' 'M' 'M' 'M'
 'M' 'M' 'M' 'M' 'M' 'M' 'M' 'M' 'M' 'M' 'M' 'M' 'M' 'M' 'M' 'M' 'M' 'U'
 'M' 'M' 'M' 'M' 'M' 'M' 'M' 'M' 'M' 'M' 'M' 'M' 'M' 'M' 'M' 'M' 'M' 'M'
 'M' 'U' 'M' 'M' 'M' 'M' 'M' 'M' 'M' 'M' 'M' 'U' 'M' 'M' 'M' 'M' 'M' 'M'
 'M' 'M' 'M' 'M' 'A' 'U' 'A' 'U' 'A' 'A' 'A' 'U' 'A' 'M' 'M' 'M' 'M' 'U'
 'M' 'M' 'M' 'M' 'M' 'M' 'M' 'M' 'M' 'M' 'M' 'U' 'M' 'M' 'M' 'M' 'M' 'M'
 'M' 'M' 'M' 'U' 'M' 'M' 'M' 'M' 'M' 'M' 'M' 'M' 'M' 'M' 'M' 'M' 'M' 'M'
 'M' 'M' 'M' 'M' 'M' 'M' 'M' 'M' 'M' 'M' 'M' 'M' 'M' 'M' 'M' 'M' 'M' 'M']"
22601,1,187,3,184,11,0,0,"['M' 'M' 'M' 'M' 'M' 'M' 'U' 'M' 'M' 'M' 'M' 'M' 'M' 'M' 'M' 'M' 'M' 'M'
 'M' 'M' 'M' 'M' 'M' 'M' 'M' 'M' 'M' 'M' 'M' 'M' 'M' 'M' 'M' 'M' 'M' 'U'
 'M' 'M' 'M' 'M' 'M' 'M' 'U' 'M' 'M' 'M' 'M' 'M' 'M' 'M' 'U' 'M' 'M' 'M'
 'M' 'M' 'M' 'M' 'M' 'M' 'M' 'M' 'M' 'M' 'M' 'M' 'M' 'M' 'M' 'M' 'M' 'M'
 'M' 'M' 'M' 'M' 'M' 'M' 'M' 'M' 'M' 'M' 'M' 'U' 'M' 'M' 'M' 'M' 'M' 'M'
 'M' 'M' 'M' 'M' 'M' 'M' 'M' 'M' 'M' 'M' 'M' 'M' 'M' 'M' 'M' 'M' 'M' 'M'
 'M' 'M' 'M' 'M' 'M' 'M' 'M' 'M' 'M' 'M' 'M' 'U' 'M' 'M' 'M' 'M' 'M' 'M'
 'M' 'M' 'M' 'M' 'A' 'U' 'A' 'M' 'A' 'U' 'U' 'M' 'U' 'M' 'M' 'M' 'M' 'U'
 'M' 'M' 'M' 'M' 'M' 'M' 'M' 'M' 'M' 'M' 'M' 'M' 'M' 'M' 'M' 'M' 'M' 'M'
 'M' 'M' 'M' 'M' 'M' 'M' 'M' 'M' 'M' 'M' 'M' 'M' 'M' 'M' 'M' 'M' 'M' 'M'
 'M' 'M' 'M' 'M' 'M' 'M' 'M' 'M' 'M' 'M' 'M' 'M' 'M' 'M' 'M' 'M' 'M' 'M']"
22701,1,187,6,181,11,0,0,"['M' 'M' 'M' 'M' 'M' 'M' 'U' 'M' 'M' 'M' 'M' 'M' 'M' 'M' 'M' 'M' 'M' 'M'
 'M' 'M' 'M' 'M' 'M' 'M' 'M' 'M' 'M' 'M' 'M' 'M' 'M' 'M' 'M' 'M' 'M' 'U'
 'M' 'M' 'M' 'M' 'M' 'M' 'U' 'M' 'M' 'M' 'M' 'M' 'M' 'M' 'U' 'M' 'M' 'M'
 'M' 'M' 'M' 'M' 'M' 'M' 'M' 'M' 'M' 'M' 'M' 'U' 'M' 'M' 'M' 'M' 'M' 'M'
 'M' 'M' 'M' 'M' 'M' 'M' 'M' 'M' 'M' 'M' 'M' 'M' 'M' 'M' 'M' 'M' 'M' 'M'
 'M' 'M' 'M' 'M' 'M' 'M' 'M' 'M' 'M' 'M' 'M' 'M' 'M' 'M' 'M' 'M' 'M' 'M'
 'M' 'M' 'M' 'M' 'M' 'M' 'M' 'M' 'M' 'M' 'M' 'U' 'M' 'M' 'M' 'M' 'M' 'M'
 'M' 'M' 'M' 'M' 'A' 'A' 'A' 'U' 'A' 'A' 'U' 'U' 'A' 'M' 'M' 'M' 'M' 'U'
 'M' 'M' 'M' 'M' 'M' 'M' 'M' 'M' 'M' 'M' 'M' 'M' 'M' 'M' 'M' 'M' 'M' 'M'
 'U' 'M' 'M' 'M' 'M' 'M' 'M' 'M' 'M' 'M' 'M' 'M' 'M' 'M' 'M' 'M' 'M' 'M'
 'M' 'M' 'M' 'M' 'M' 'M' 'M' 'M' 'M' 'M' 'M' 'M' 'M' 'M' 'M' 'M' 'M' 'M']"
22801,1,188,3,185,10,0,0,"['M' 'M' 'M' 'M' 'M' 'M' 'M' 'M' 'M' 'M' 'M' 'M' 'M' 'M' 'M' 'M' 'M' 'M'
 'M' 'U' 'M' 'M' 'M' 'M' 'M' 'M' 'M' 'M' 'M' 'M' 'M' 'M' 'M' 'M' 'M' 'M'
 'M' 'M' 'M' 'M' 'M' 'M' 'M' 'M' 'M' 'M' 'M' 'M' 'M' 'M' 'U' 'M' 'M' 'M'
 'M' 'M' 'U' 'M' 'M' 'M' 'M' 'M' 'M' 'M' 'M' 'M' 'M' 'M' 'M' 'M' 'M' 'M'
 'M' 'M' 'M' 'M' 'M' 'M' 'M' 'M' 'U' 'M' 'M' 'M' 'M' 'M' 'M' 'M' 'M' 'M'
 'M' 'M' 'M' 'M' 'M' 'M' 'M' 'M' 'M' 'M' 'M' 'M' 'M' 'M' 'M' 'M' 'M' 'M'
 'M' 'M' 'M' 'M' 'M' 'M' 'M' 'M' 'M' 'M' 'M' 'U' 'M' 'M' 'M' 'M' 'M' 'M'
 'M' 'M' 'M' 'M' 'A' 'A' 'M' 'M' 'U' 'A' 'M' 'M' 'U' 'M' 'M' 'M' 'M' 'U'
 'M' 'M' 'M' 'M' 'M' 'M' 'M' 'M' 'M' 'M' 'M' 'M' 'M' 'M' 'M' 'M' 'M' 'M'
 'U' 'M' 'M' 'M' 'M' 'M' 'M' 'M' 'M' 'M' 'M' 'M' 'M' 'M' 'M' 'M' 'M' 'M'
 'M' 'M' 'U' 'M' 'M' 'M' 'M' 'M' 'M' 'M' 'M' 'M' 'M' 'M' 'M' 'M' 'M' 'M']"
22901,1,188,6,182,10,0,0,"['M' 'M' 'M' 'M' 'M' 'M' 'M' 'M' 'M' 'M' 'M' 'M' 'M' 'M' 'M' 'M' 'M' 'M'
 'M' 'U' 'M' 'M' 'M' 'M' 'M' 'M' 'M' 'M' 'M' 'M' 'M' 'M' 'M' 'M' 'M' 'M'
 'M' 'M' 'M' 'M' 'M' 'M' 'M' 'M' 'M' 'M' 'M' 'M' 'M' 'M' 'U' 'M' 'M' 'M'
 'M' 'M' 'U' 'M' 'M' 'M' 'M' 'M' 'M' 'M' 'M' 'M' 'M' 'M' 'M' 'M' 'M' 'M'
 'M' 'M' 'M' 'M' 'M' 'M' 'M' 'M' 'M' 'M' 'M' 'M' 'M' 'M' 'M' 'M' 'M' 'M'
 'M' 'M' 'U' 'M' 'M' 'M' 'M' 'M' 'M' 'M' 'M' 'M' 'M' 'M' 'M' 'M' 'M' 'M'
 'M' 'M' 'M' 'M' 'M' 'M' 'M' 'M' 'M' 'M' 'M' 'U' 'M' 'M' 'M' 'M' 'M' 'M'
 'M' 'M' 'M' 'M' 'A' 'U' 'U' 'U' 'A' 'A' 'A' 'A' 'A' 'M' 'M' 'U' 'M' 'M'
 'M' 'M' 'M' 'M' 'M' 'M' 'M' 'M' 'M' 'M' 'M' 'M' 'M' 'M' 'M' 'M' 'M' 'M'
 'M' 'M' 'M' 'M' 'M' 'M' 'M' 'M' 'M' 'M' 'M' 'M' 'M' 'M' 'M' 'M' 'M' 'M'
 'M' 'M' 'U' 'M' 'M' 'M' 'M' 'M' 'M' 'M' 'M' 'M' 'M' 'M' 'M' 'M' 'M' 'M']"
23001,1,184,7,177,14,0,0,"['M' 'M' 'M' 'M' 'U' 'M' 'M' 'M' 'M' 'M' 'M' 'M' 'M' 'M' 'M' 'M' 'M' 'M'
 'M' 'U' 'M' 'M' 'M' 'M' 'M' 'M' 'M' 'M' 'M' 'M' 'M' 'M' 'M' 'M' 'M' 'M'
 'M' 'M' 'M' 'M' 'M' 'M' 'M' 'M' 'M' 'M' 'M' 'M' 'M' 'M' 'M' 'M' 'M' 'U'
 'M' 'M' 'U' 'M' 'M' 'M' 'M' 'U' 'M' 'M' 'M' 'M' 'M' 'M' 'M' 'M' 'M' 'M'
 'M' 'M' 'U' 'M' 'M' 'M' 'M' 'M' 'M' 'M' 'M' 'M' 'M' 'M' 'M' 'M' 'M' 'M'
 'M' 'M' 'M' 'M' 'M' 'M' 'M' 'M' 'M' 'M' 'M' 'M' 'M' 'M' 'M' 'M' 'M' 'U'
 'M' 'M' 'M' 'M' 'M' 'M' 'M' 'M' 'M' 'M' 'M' 'U' 'M' 'M' 'M' 'M' 'M' 'M'
 'M' 'M' 'M' 'M' 'A' 'U' 'A' 'A' 'A' 'A' 'A' 'U' 'A' 'M' 'M' 'U' 'M' 'M'
 'M' 'M' 'M' 'M' 'M' 'M' 'M' 'M' 'M' 'M' 'M' 'M' 'M' 'M' 'M' 'M' 'M' 'M'
 'M' 'M' 'M' 'M' 'M' 'M' 'M' 'M' 'M' 'M' 'M' 'M' 'M' 'M' 'M' 'M' 'U' 'M'
 'M' 'M' 'U' 'M' 'M' 'M' 'M' 'M' 'U' 'M' 'M' 'M' 'M' 'M' 'M' 'M' 'M' 'M']"
23101,1,182,5,177,16,0,0,"['M' 'M' 'M' 'M' 'U' 'M' 'M' 'M' 'M' 'M' 'M' 'M' 'M' 'M' 'M' 'M' 'M' 'M'
 'U' 'M' 'M' 'M' 'M' 'M' 'M' 'M' 'M' 'M' 'M' 'M' 'M' 'M' 'M' 'M' 'M' 'M'
 'M' 'M' 'M' 'M' 'M' 'M' 'M' 'M' 'M' 'M' 'M' 'M' 'M' 'M' 'M' 'M' 'M' 'U'
 'M' 'M' 'U' 'M' 'M' 'M' 'M' 'U' 'M' 'M' 'M' 'M' 'M' 'M' 'M' 'M' 'M' 'M'
 'M' 'U' 'M' 'M' 'M' 'M' 'M' 'M' 'M' 'M' 'M' 'M' 'M' 'M' 'M' 'M' 'M' 'M'
 'M' 'M' 'M' 'M' 'M' 'M' 'M' 'M' 'M' 'M' 'M' 'M' 'M' 'M' 'M' 'M' 'M' 'U'
 'M' 'M' 'M' 'M' 'M' 'M' 'M' 'M' 'M' 'M' 'M' 'U' 'M' 'M' 'M' 'M' 'M' 'M'
 'M' 'M' 'M' 'M' 'A' 'U' 'A' 'U' 'A' 'U' 'A' 'U' 'A' 'M' 'M' 'U' 'M' 'M'
 'M' 'M' 'M' 'M' 'M' 'M' 'M' 'M' 'M' 'M' 'M' 'M' 'M' 'M' 'M' 'M' 'M' 'M'
 'M' 'M' 'M' 'M' 'M' 'M' 'U' 'M' 'M' 'M' 'M' 'M' 'M' 'M' 'M' 'M' 'M' 'M'
 'M' 'M' 'U' 'M' 'M' 'M' 'M' 'M' 'U' 'M' 'M' 'M' 'M' 'M' 'M' 'M' 'M' 'M']"
23201,1,186,4,182,12,0,0,"['M' 'M' 'M' 'M' 'M' 'M' 'M' 'M' 'M' 'M' 'M' 'M' 'M' 'M' 'M' 'M' 'M' 'M'
 'U' 'M' 'M' 'M' 'M' 'M' 'M' 'M' 'M' 'M' 'M' 'M' 'M' 'M' 'M' 'M' 'M' 'M'
 'M' 'M' 'M' 'M' 'M' 'M' 'M' 'M' 'M' 'M' 'M' 'M' 'M' 'M' 'M' 'M' 'M' 'M'
 'M' 'M' 'M' 'M' 'M' 'M' 'U' 'M' 'M' 'M' 'M' 'M' 'M' 'M' 'M' 'M' 'M' 'M'
 'M' 'U' 'M' 'M' 'M' 'M' 'M' 'M' 'M' 'M' 'M' 'M' 'M' 'M' 'M' 'M' 'M' 'M'
 'M' 'M' 'M' 'M' 'M' 'M' 'M' 'M' 'M' 'M' 'M' 'M' 'M' 'M' 'M' 'M' 'M' 'M'
 'M' 'M' 'M' 'M' 'M' 'M' 'M' 'M' 'M' 'M' 'M' 'U' 'M' 'M' 'M' 'M' 'M' 'M'
 'M' 'M' 'M' 'M' 'A' 'U' 'U' 'U' 'A' 'U' 'A' 'U' 'A' 'M' 'M' 'M' 'M' 'M'
 'M' 'M' 'M' 'M' 'M' 'M' 'M' 'M' 'M' 'M' 'M' 'M' 'M' 'M' 'M' 'M' 'M' 'M'
 'M' 'M' 'M' 'M' 'M' 'M' 'U' 'M' 'M' 'M' 'M' 'M' 'M' 'M' 'M' 'M' 'M' 'M'
 'M' 'M' 'U' 'M' 'M' 'M' 'M' 'M' 'U' 'M' 'M' 'M' 'M' 'M' 'M' 'M' 'M' 'M']"
23301,1,185,3,182,13,0,0,"['M' 'M' 'M' 'M' 'M' 'M' 'M' 'M' 'M' 'M' 'M' 'M' 'M' 'M' 'M' 'M' 'M' 'M'
 'U' 'M' 'M' 'M' 'M' 'M' 'M' 'M' 'U' 'M' 'M' 'M' 'M' 'M' 'M' 'M' 'M' 'M'
 'M' 'M' 'M' 'M' 'M' 'M' 'M' 'M' 'M' 'M' 'M' 'U' 'M' 'M' 'M' 'M' 'M' 'M'
 'M' 'M' 'M' 'M' 'M' 'M' 'U' 'M' 'M' 'M' 'M' 'M' 'M' 'M' 'M' 'M' 'M' 'M'
 'M' 'M' 'M' 'M' 'M' 'M' 'M' 'M' 'M' 'M' 'M' 'M' 'M' 'M' 'M' 'U' 'M' 'M'
 'M' 'M' 'M' 'M' 'M' 'M' 'M' 'M' 'M' 'M' 'M' 'M' 'M' 'M' 'M' 'M' 'M' 'M'
 'M' 'M' 'M' 'M' 'M' 'M' 'M' 'M' 'M' 'M' 'M' 'U' 'M' 'M' 'M' 'M' 'M' 'M'
 'M' 'M' 'M' 'M' 'A' 'M' 'U' 'U' 'A' 'M' 'U' 'U' 'A' 'M' 'M' 'M' 'U' 'M'
 'M' 'M' 'M' 'M' 'M' 'M' 'M' 'M' 'M' 'M' 'M' 'M' 'M' 'M' 'M' 'M' 'M' 'M'
 'M' 'U' 'M' 'M' 'M' 'M' 'U' 'M' 'M' 'M' 'M' 'M' 'M' 'M' 'M' 'M' 'M' 'M'
 'M' 'M' 'M' 'M' 'M' 'M' 'M' 'M' 'M' 'M' 'M' 'M' 'M' 'M' 'M' 'M' 'M' 'M']"
23401,1,192,2,190,6,0,0,"['M' 'M' 'M' 'M' 'M' 'M' 'M' 'M' 'M' 'M' 'M' 'M' 'M' 'M' 'M' 'M' 'M' 'M'
 'M' 'M' 'M' 'M' 'M' 'M' 'M' 'M' 'M' 'M' 'M' 'M' 'M' 'M' 'M' 'M' 'M' 'M'
 'M' 'M' 'M' 'M' 'M' 'M' 'M' 'M' 'M' 'M' 'M' 'M' 'M' 'M' 'M' 'M' 'M' 'M'
 'M' 'M' 'M' 'M' 'M' 'M' 'M' 'M' 'M' 'M' 'M' 'M' 'M' 'M' 'M' 'M' 'M' 'M'
 'M' 'M' 'M' 'M' 'M' 'M' 'M' 'M' 'M' 'M' 'M' 'M' 'M' 'M' 'M' 'M' 'U' 'M'
 'M' 'M' 'M' 'M' 'M' 'M' 'M' 'M' 'M' 'M' 'M' 'M' 'M' 'M' 'M' 'M' 'M' 'M'
 'M' 'M' 'M' 'M' 'M' 'M' 'M' 'M' 'M' 'M' 'M' 'M' 'M' 'M' 'M' 'M' 'M' 'M'
 'M' 'M' 'U' 'M' 'A' 'M' 'U' 'M' 'A' 'M' 'U' 'U' 'U' 'M' 'M' 'M' 'M' 'M'
 'M' 'M' 'M' 'M' 'M' 'M' 'M' 'M' 'M' 'M' 'M' 'M' 'M' 'M' 'M' 'M' 'M' 'M'
 'M' 'M' 'M' 'M' 'M' 'M' 'M' 'M' 'M' 'M' 'M' 'M' 'M' 'M' 'M' 'M' 'M' 'M'
 'M' 'M' 'M' 'M' 'M' 'M' 'M' 'M' 'M' 'M' 'M' 'M' 'M' 'M' 'M' 'M' 'M' 'M']"
23501,1,194,8,186,4,0,0,"['M' 'M' 'M' 'M' 'M' 'M' 'M' 'M' 'M' 'M' 'M' 'M' 'M' 'M' 'M' 'M' 'M' 'M'
 'M' 'M' 'M' 'M' 'M' 'M' 'M' 'M' 'M' 'M' 'M' 'M' 'M' 'M' 'M' 'M' 'M' 'M'
 'M' 'M' 'M' 'M' 'M' 'M' 'M' 'M' 'M' 'M' 'M' 'M' 'M' 'M' 'M' 'M' 'M' 'M'
 'M' 'M' 'M' 'M' 'M' 'M' 'M' 'M' 'M' 'M' 'M' 'M' 'M' 'M' 'M' 'M' 'M' 'M'
 'M' 'M' 'M' 'M' 'M' 'M' 'M' 'M' 'U' 'M' 'M' 'M' 'M' 'M' 'M' 'M' 'M' 'M'
 'M' 'M' 'M' 'M' 'M' 'M' 'M' 'M' 'M' 'M' 'M' 'U' 'M' 'M' 'M' 'M' 'M' 'M'
 'M' 'M' 'M' 'M' 'M' 'M' 'M' 'M' 'M' 'M' 'M' 'M' 'M' 'M' 'M' 'M' 'M' 'M'
 'M' 'M' 'M' 'M' 'A' 'A' 'A' 'A' 'A' 'U' 'A' 'A' 'A' 'M' 'M' 'U' 'M' 'M'
 'M' 'M' 'M' 'M' 'M' 'M' 'M' 'M' 'M' 'M' 'M' 'M' 'M' 'M' 'M' 'M' 'M' 'M'
 'M' 'M' 'M' 'M' 'M' 'M' 'M' 'M' 'M' 'M' 'M' 'M' 'M' 'M' 'M' 'M' 'M' 'M'
 'M' 'M' 'M' 'M' 'M' 'M' 'M' 'M' 'M' 'M' 'M' 'M' 'M' 'M' 'M' 'M' 'M' 'M']"
23601,1,191,7,184,7,0,0,"['M' 'M' 'M' 'M' 'M' 'M' 'M' 'M' 'M' 'M' 'M' 'M' 'M' 'M' 'M' 'M' 'M' 'M'
 'M' 'M' 'M' 'M' 'M' 'M' 'M' 'M' 'M' 'M' 'M' 'M' 'M' 'M' 'M' 'M' 'M' 'M'
 'M' 'M' 'M' 'M' 'M' 'M' 'M' 'M' 'M' 'M' 'M' 'M' 'M' 'M' 'M' 'M' 'M' 'M'
 'M' 'M' 'M' 'M' 'M' 'M' 'M' 'M' 'M' 'M' 'M' 'M' 'M' 'M' 'M' 'M' 'M' 'M'
 'M' 'M' 'M' 'M' 'M' 'M' 'M' 'M' 'M' 'M' 'M' 'M' 'M' 'M' 'M' 'M' 'M' 'M'
 'U' 'M' 'M' 'M' 'M' 'M' 'M' 'M' 'M' 'M' 'M' 'U' 'M' 'M' 'M' 'M' 'M' 'M'
 'M' 'M' 'M' 'M' 'M' 'M' 'M' 'M' 'M' 'M' 'M' 'M' 'M' 'M' 'M' 'M' 'M' 'M'
 'M' 'M' 'M' 'M' 'A' 'A' 'A' 'A' 'A' 'A' 'U' 'U' 'A' 'M' 'M' 'U' 'M' 'M'
 'M' 'M' 'M' 'M' 'M' 'M' 'M' 'M' 'M' 'M' 'M' 'M' 'M' 'M' 'M' 'M' 'M' 'M'
 'M' 'M' 'M' 'M' 'M' 'M' 'M' 'M' 'M' 'M' 'M' 'M' 'M' 'M' 'M' 'M' 'M' 'M'
 'M' 'M' 'U' 'M' 'M' 'M' 'M' 'M' 'M' 'M' 'M' 'U' 'M' 'M' 'M' 'M' 'M' 'M']"
23701,1,190,6,184,8,0,0,"['M' 'M' 'M' 'M' 'M' 'M' 'M' 'M' 'M' 'M' 'M' 'M' 'M' 'M' 'M' 'M' 'M' 'M'
 'M' 'M' 'M' 'M' 'U' 'M' 'M' 'M' 'M' 'M' 'M' 'M' 'M' 'M' 'M' 'M' 'M' 'M'
 'M' 'M' 'M' 'M' 'M' 'M' 'M' 'M' 'M' 'M' 'M' 'M' 'M' 'M' 'M' 'M' 'M' 'M'
 'M' 'M' 'M' 'M' 'M' 'M' 'M' 'M' 'M' 'M' 'M' 'M' 'U' 'M' 'M' 'M' 'M' 'M'
 'M' 'M' 'M' 'M' 'M' 'M' 'M' 'M' 'M' 'M' 'M' 'M' 'M' 'M' 'M' 'M' 'M' 'M'
 'M' 'M' 'M' 'M' 'M' 'M' 'M' 'M' 'M' 'M' 'M' 'M' 'M' 'M' 'M' 'M' 'M' 'M'
 'M' 'M' 'M' 'M' 'M' 'M' 'M' 'M' 'M' 'M' 'M' 'M' 'M' 'M' 'M' 'M' 'M' 'M'
 'M' 'M' 'M' 'M' 'A' 'A' 'A' 'A' 'U' 'A' 'U' 'U' 'A' 'M' 'M' 'U' 'M' 'M'
 'M' 'M' 'M' 'M' 'M' 'M' 'M' 'M' 'M' 'M' 'M' 'M' 'M' 'M' 'M' 'M' 'M' 'M'
 'M' 'M' 'M' 'M' 'M' 'M' 'M' 'M' 'M' 'M' 'M' 'M' 'M' 'M' 'M' 'M' 'M' 'M'
 'M' 'M' 'U' 'M' 'M' 'M' 'M' 'M' 'M' 'M' 'M' 'U' 'M' 'M' 'M' 'M' 'M' 'M']"
23801,1,187,5,182,11,0,0,"['M' 'M' 'M' 'M' 'M' 'M' 'M' 'M' 'M' 'M' 'M' 'M' 'M' 'M' 'M' 'M' 'M' 'M'
 'M' 'M' 'M' 'M' 'U' 'M' 'M' 'M' 'M' 'M' 'M' 'M' 'M' 'M' 'M' 'M' 'M' 'M'
 'M' 'M' 'M' 'M' 'M' 'M' 'M' 'M' 'M' 'M' 'M' 'M' 'M' 'U' 'M' 'M' 'M' 'M'
 'M' 'M' 'M' 'M' 'M' 'M' 'M' 'M' 'M' 'M' 'M' 'M' 'M' 'M' 'M' 'M' 'M' 'M'
 'M' 'M' 'M' 'M' 'M' 'U' 'M' 'M' 'M' 'M' 'M' 'M' 'M' 'M' 'M' 'M' 'M' 'M'
 'M' 'M' 'M' 'M' 'M' 'M' 'M' 'M' 'M' 'M' 'M' 'M' 'M' 'M' 'M' 'M' 'M' 'M'
 'M' 'M' 'M' 'M' 'M' 'M' 'M' 'M' 'M' 'M' 'U' 'M' 'M' 'M' 'M' 'M' 'M' 'M'
 'M' 'M' 'M' 'M' 'A' 'A' 'M' 'A' 'U' 'A' 'U' 'U' 'A' 'M' 'M' 'U' 'M' 'M'
 'M' 'M' 'M' 'M' 'M' 'M' 'M' 'M' 'M' 'M' 'M' 'U' 'M' 'M' 'M' 'M' 'M' 'M'
 'M' 'M' 'M' 'M' 'M' 'M' 'M' 'M' 'M' 'M' 'M' 'M' 'M' 'M' 'M' 'M' 'M' 'U'
 'M' 'M' 'U' 'M' 'M' 'M' 'M' 'M' 'M' 'M' 'M' 'M' 'M' 'M' 'M' 'M' 'M' 'M']"
23901,2,190,10,180,8,0,0,"['M' 'M' 'M' 'M' 'M' 'M' 'M' 'M' 'M' 'M' 'M' 'M' 'M' 'M' 'M' 'U' 'M' 'M'
 'M' 'M' 'M' 'M' 'U' 'M' 'M' 'M' 'M' 'A' 'M' 'M' 'M' 'M' 'M' 'M' 'U' 'M'
 'M' 'M' 'M' 'M' 'M' 'M' 'M' 'M' 'M' 'M' 'M' 'M' 'M' 'M' 'M' 'M' 'M' 'M'
 'M' 'M' 'M' 'M' 'M' 'M' 'M' 'M' 'M' 'M' 'M' 'M' 'M' 'M' 'M' 'M' 'M' 'M'
 'M' 'M' 'M' 'M' 'M' 'M' 'M' 'M' 'M' 'M' 'M' 'M' 'M' 'M' 'M' 'M' 'M' 'M'
 'U' 'M' 'M' 'M' 'M' 'M' 'M' 'M' 'M' 'M' 'M' 'M' 'M' 'M' 'M' 'M' 'M' 'M'
 'M' 'M' 'M' 'M' 'M' 'M' 'M' 'M' 'M' 'M' 'M' 'M' 'M' 'M' 'M' 'M' 'M' 'M'
 'M' 'M' 'M' 'M' 'A' 'A' 'A' 'A' 'A' 'A' 'A' 'A' 'A' 'M' 'M' 'U' 'M' 'M'
 'M' 'M' 'M' 'M' 'M' 'M' 'M' 'M' 'M' 'M' 'M' 'U' 'M' 'M' 'M' 'M' 'M' 'M'
 'M' 'M' 'M' 'M' 'M' 'M' 'M' 'M' 'M' 'M' 'M' 'M' 'M' 'M' 'M' 'M' 'M' 'U'
 'M' 'M' 'U' 'M' 'M' 'M' 'M' 'M' 'M' 'M' 'M' 'M' 'M' 'M' 'M' 'M' 'M' 'M']"
24001,1,191,10,181,7,0,0,"['M' 'M' 'M' 'M' 'M' 'M' 'M' 'M' 'M' 'M' 'M' 'M' 'M' 'M' 'M' 'M' 'M' 'M'
 'M' 'M' 'M' 'M' 'M' 'M' 'M' 'M' 'M' 'A' 'U' 'M' 'M' 'M' 'M' 'M' 'U' 'M'
 'M' 'M' 'M' 'M' 'M' 'M' 'M' 'M' 'M' 'U' 'M' 'M' 'M' 'M' 'M' 'M' 'M' 'M'
 'M' 'M' 'M' 'M' 'M' 'M' 'M' 'M' 'M' 'M' 'M' 'M' 'M' 'M' 'M' 'M' 'M' 'M'
 'M' 'M' 'M' 'M' 'M' 'M' 'M' 'M' 'M' 'M' 'M' 'U' 'M' 'M' 'M' 'M' 'M' 'M'
 'M' 'M' 'M' 'M' 'M' 'M' 'M' 'M' 'M' 'M' 'M' 'M' 'M' 'M' 'M' 'M' 'M' 'M'
 'M' 'M' 'M' 'M' 'M' 'M' 'M' 'M' 'M' 'M' 'M' 'M' 'M' 'M' 'M' 'M' 'M' 'M'
 'M' 'M' 'M' 'M' 'A' 'A' 'A' 'A' 'A' 'A' 'A' 'A' 'A' 'M' 'M' 'M' 'M' 'M'
 'M' 'M' 'M' 'M' 'M' 'M' 'M' 'M' 'M' 'M' 'M' 'M' 'M' 'M' 'M' 'M' 'M' 'M'
 'M' 'M' 'M' 'M' 'M' 'M' 'M' 'U' 'M' 'M' 'M' 'M' 'M' 'M' 'M' 'M' 'M' 'M'
 'M' 'M' 'U' 'M' 'M' 'M' 'M' 'M' 'M' 'U' 'M' 'M' 'M' 'M' 'M' 'M' 'M' 'M']"
24101,1,189,9,180,9,0,0,"['M' 'M' 'M' 'U' 'M' 'M' 'M' 'M' 'M' 'M' 'M' 'M' 'M' 'M' 'M' 'M' 'M' 'M'
 'M' 'M' 'M' 'M' 'M' 'M' 'U' 'M' 'M' 'A' 'U' 'M' 'M' 'M' 'M' 'M' 'U' 'M'
 'M' 'M' 'M' 'M' 'M' 'M' 'M' 'M' 'M' 'M' 'M' 'M' 'M' 'M' 'M' 'M' 'M' 'M'
 'M' 'M' 'M' 'M' 'M' 'M' 'M' 'M' 'M' 'M' 'M' 'M' 'M' 'M' 'U' 'M' 'M' 'M'
 'M' 'M' 'M' 'M' 'M' 'M' 'M' 'M' 'M' 'M' 'M' 'M' 'M' 'M' 'M' 'M' 'M' 'M'
 'M' 'M' 'M' 'M' 'M' 'M' 'M' 'M' 'M' 'M' 'M' 'M' 'M' 'M' 'M' 'M' 'M' 'M'
 'M' 'M' 'M' 'M' 'M' 'M' 'M' 'M' 'M' 'M' 'M' 'M' 'M' 'M' 'M' 'M' 'M' 'M'
 'M' 'M' 'M' 'M' 'A' 'A' 'A' 'A' 'U' 'A' 'A' 'A' 'A' 'M' 'M' 'M' 'M' 'M'
 'M' 'M' 'M' 'M' 'M' 'M' 'M' 'M' 'M' 'M' 'M' 'M' 'M' 'M' 'M' 'M' 'M' 'M'
 'M' 'M' 'M' 'M' 'M' 'M' 'M' 'U' 'M' 'M' 'M' 'M' 'M' 'M' 'M' 'M' 'M' 'M'
 'M' 'M' 'U' 'M' 'M' 'M' 'M' 'M' 'M' 'U' 'M' 'M' 'M' 'M' 'M' 'M' 'M' 'M']"
24201,1,187,9,178,11,0,0,"['M' 'M' 'M' 'U' 'M' 'M' 'M' 'M' 'M' 'M' 'M' 'M' 'M' 'M' 'M' 'U' 'M' 'M'
 'M' 'M' 'M' 'M' 'M' 'M' 'U' 'M' 'M' 'A' 'M' 'M' 'M' 'M' 'M' 'M' 'U' 'M'
 'M' 'M' 'M' 'M' 'M' 'M' 'M' 'M' 'M' 'M' 'M' 'M' 'M' 'M' 'M' 'M' 'M' 'M'
 'M' 'M' 'M' 'M' 'M' 'M' 'M' 'M' 'M' 'M' 'M' 'M' 'M' 'M' 'M' 'M' 'M' 'M'
 'M' 'M' 'M' 'M' 'M' 'M' 'M' 'M' 'M' 'M' 'M' 'M' 'M' 'M' 'U' 'M' 'M' 'M'
 'M' 'M' 'M' 'M' 'M' 'U' 'M' 'M' 'M' 'M' 'M' 'M' 'M' 'M' 'M' 'M' 'M' 'M'
 'M' 'M' 'M' 'M' 'M' 'M' 'M' 'U' 'M' 'M' 'M' 'M' 'M' 'M' 'M' 'M' 'M' 'M'
 'U' 'M' 'M' 'M' 'A' 'A' 'A' 'A' 'A' 'A' 'A' 'U' 'A' 'M' 'M' 'M' 'M' 'M'
 'M' 'M' 'M' 'M' 'M' 'M' 'M' 'M' 'M' 'M' 'M' 'M' 'M' 'M' 'M' 'M' 'M' 'M'
 'M' 'M' 'M' 'M' 'M' 'U' 'M' 'M' 'M' 'M' 'M' 'M' 'M' 'M' 'M' 'M' 'M' 'M'
 'M' 'M' 'M' 'M' 'M' 'M' 'M' 'M' 'M' 'U' 'M' 'M' 'M' 'M' 'M' 'M' 'M' 'M']"
24301,1,181,9,172,17,0,0,"['M' 'M' 'M' 'U' 'M' 'M' 'M' 'M' 'M' 'U' 'M' 'M' 'M' 'M' 'M' 'U' 'M' 'M'
 'M' 'M' 'M' 'M' 'M' 'M' 'M' 'M' 'M' 'A' 'M' 'M' 'M' 'M' 'M' 'U' 'U' 'M'
 'M' 'M' 'M' 'M' 'M' 'U' 'M' 'M' 'M' 'M' 'M' 'M' 'M' 'M' 'M' 'M' 'M' 'M'
 'M' 'M' 'M' 'M' 'M' 'M' 'U' 'M' 'M' 'U' 'M' 'M' 'M' 'M' 'U' 'M' 'M' 'M'
 'M' 'M' 'M' 'M' 'M' 'M' 'M' 'M' 'M' 'M' 'M' 'M' 'M' 'M' 'M' 'M' 'M' 'M'
 'M' 'M' 'M' 'M' 'M' 'U' 'M' 'M' 'U' 'M' 'M' 'M' 'M' 'M' 'M' 'M' 'M' 'M'
 'M' 'M' 'M' 'M' 'M' 'M' 'M' 'M' 'M' 'M' 'M' 'M' 'M' 'M' 'M' 'M' 'M' 'M'
 'U' 'M' 'M' 'M' 'A' 'A' 'A' 'A' 'A' 'A' 'A' 'U' 'A' 'M' 'M' 'M' 'M' 'M'
 'M' 'M' 'M' 'M' 'M' 'M' 'M' 'M' 'M' 'M' 'M' 'M' 'M' 'M' 'M' 'M' 'M' 'M'
 'M' 'M' 'M' 'M' 'M' 'U' 'M' 'M' 'M' 'M' 'M' 'M' 'M' 'M' 'U' 'U' 'M' 'M'
 'M' 'M' 'M' 'M' 'M' 'M' 'M' 'M' 'M' 'U' 'M' 'M' 'M' 'M' 'M' 'M' 'M' 'M']"
24401,2,184,8,176,14,0,0,"['M' 'M' 'M' 'U' 'M' 'M' 'M' 'M' 'M' 'U' 'M' 'M' 'M' 'M' 'M' 'U' 'M' 'M'
 'M' 'M' 'M' 'M' 'M' 'M' 'M' 'M' 'M' 'A' 'M' 'M' 'M' 'M' 'M' 'U' 'M' 'M'
 'M' 'M' 'M' 'M' 'M' 'M' 'M' 'M' 'M' 'M' 'M' 'M' 'M' 'M' 'U' 'M' 'M' 'M'
 'M' 'M' 'M' 'M' 'M' 'M' 'M' 'M' 'M' 'M' 'M' 'M' 'M' 'M' 'M' 'M' 'M' 'M'
 'M' 'M' 'M' 'M' 'M' 'M' 'M' 'M' 'M' 'M' 'M' 'M' 'M' 'M' 'M' 'M' 'M' 'M'
 'U' 'M' 'M' 'M' 'M' 'U' 'M' 'M' 'U' 'M' 'M' 'M' 'M' 'M' 'M' 'M' 'M' 'M'
 'M' 'M' 'M' 'M' 'M' 'M' 'M' 'M' 'M' 'M' 'M' 'M' 'M' 'M' 'M' 'M' 'M' 'M'
 'M' 'M' 'M' 'M' 'A' 'A' 'A' 'A' 'A' 'A' 'U' 'U' 'A' 'M' 'M' 'M' 'M' 'M'
 'M' 'M' 'M' 'M' 'M' 'M' 'M' 'M' 'M' 'M' 'M' 'M' 'M' 'M' 'M' 'M' 'M' 'M'
 'M' 'M' 'M' 'M' 'M' 'U' 'M' 'M' 'M' 'M' 'M' 'M' 'M' 'M' 'U' 'U' 'M' 'M'
 'M' 'M' 'M' 'M' 'M' 'M' 'M' 'M' 'M' 'U' 'M' 'M' 'M' 'M' 'M' 'M' 'M' 'M']"
24501,1,180,5,175,18,0,1,"['M' 'M' 'M' 'M' 'M' 'M' 'M' 'M' 'M' 'M' 'M' 'M' 'M' 'M' 'M' 'M' 'M' 'M'
 'M' 'M' 'M' 'M' 'M' 'U' 'M' 'M' 'M' 'A' 'M' 'M' 'M' 'M' 'M' 'U' 'U' 'M'
 'M' 'M' 'M' 'M' 'M' 'M' 'M' 'M' 'M' 'U' 'M' 'M' 'M' 'U' 'U' 'M' 'M' 'M'
 'M' 'M' 'M' 'M' 'M' 'M' 'M' 'M' 'M' 'M' 'M' 'M' 'M' 'M' 'M' 'M' 'M' 'M'
 'M' 'U' 'M' 'M' 'M' 'M' 'M' 'M' 'M' 'M' 'M' 'M' 'M' 'M' 'M' 'M' 'M' 'M'
 'M' 'M' 'M' 'M' 'M' 'U' 'M' 'M' 'U' 'M' 'M' 'M' 'M' 'M' 'M' 'M' 'M' 'M'
 'M' 'M' 'M' 'M' 'M' 'M' 'M' 'M' 'M' 'U' 'M' 'M' 'M' 'M' 'M' 'M' 'M' 'M'
 'M' 'M' 'M' 'M' 'A' 'A' 'U' 'A' 'U' 'A' 'U' 'U' 'U' 'M' 'M' 'M' 'M' 'M'
 'M' 'M' 'M' 'M' 'M' 'M' 'M' 'M' 'M' 'M' 'M' 'M' 'M' 'M' 'M' 'M' 'M' 'M'
 'M' 'M' 'M' 'M' 'M' 'M' 'M' 'M' 'M' 'M' 'M' 'M' 'M' 'M' 'U' 'U' 'M' 'M'
 'M' 'M' 'M' 'M' 'M' 'M' 'M' 'M' 'M' 'U' 'M' 'M' 'M' 'M' 'M' 'M' 'M' 'M']"
24601,1,184,3,181,14,0,0,"['M' 'M' 'M' 'M' 'M' 'M' 'M' 'M' 'M' 'M' 'M' 'M' 'M' 'M' 'M' 'M' 'M' 'M'
 'M' 'M' 'M' 'M' 'M' 'U' 'M' 'M' 'M' 'A' 'U' 'M' 'M' 'M' 'M' 'U' 'M' 'M'
 'M' 'M' 'M' 'M' 'M' 'M' 'M' 'M' 'M' 'U' 'M' 'M' 'M' 'M' 'U' 'M' 'M' 'M'
 'M' 'M' 'M' 'M' 'M' 'M' 'M' 'M' 'M' 'M' 'M' 'M' 'M' 'M' 'M' 'M' 'M' 'M'
 'M' 'M' 'M' 'M' 'M' 'U' 'M' 'M' 'M' 'M' 'M' 'M' 'M' 'M' 'M' 'M' 'M' 'M'
 'M' 'M' 'M' 'M' 'M' 'U' 'M' 'M' 'U' 'M' 'M' 'M' 'M' 'M' 'M' 'M' 'M' 'M'
 'M' 'M' 'M' 'M' 'M' 'M' 'M' 'M' 'M' 'U' 'M' 'M' 'M' 'M' 'M' 'M' 'M' 'M'
 'M' 'M' 'M' 'M' 'A' 'M' 'M' 'A' 'U' 'U' 'M' 'U' 'U' 'M' 'M' 'M' 'M' 'M'
 'M' 'M' 'M' 'M' 'M' 'M' 'M' 'M' 'M' 'M' 'M' 'M' 'M' 'M' 'M' 'M' 'M' 'M'
 'M' 'M' 'M' 'M' 'M' 'M' 'M' 'M' 'M' 'M' 'M' 'M' 'M' 'M' 'U' 'M' 'M' 'M'
 'M' 'M' 'M' 'M' 'M' 'M' 'M' 'M' 'M' 'M' 'M' 'M' 'M' 'M' 'M' 'M' 'M' 'M']"
24701,1,187,5,182,11,0,0,"['M' 'M' 'M' 'M' 'M' 'M' 'M' 'M' 'M' 'M' 'M' 'M' 'M' 'M' 'M' 'M' 'M' 'M'
 'M' 'M' 'M' 'M' 'M' 'U' 'M' 'M' 'M' 'U' 'U' 'M' 'M' 'M' 'M' 'U' 'M' 'M'
 'M' 'M' 'M' 'M' 'M' 'M' 'M' 'M' 'M' 'M' 'M' 'M' 'M' 'M' 'M' 'M' 'M' 'M'
 'M' 'M' 'M' 'M' 'M' 'M' 'M' 'M' 'M' 'M' 'M' 'U' 'M' 'M' 'M' 'M' 'M' 'M'
 'M' 'M' 'M' 'M' 'M' 'M' 'M' 'M' 'M' 'M' 'M' 'M' 'M' 'M' 'M' 'M' 'M' 'M'
 'M' 'M' 'M' 'M' 'M' 'U' 'M' 'M' 'M' 'M' 'M' 'M' 'M' 'M' 'M' 'M' 'M' 'M'
 'M' 'M' 'M' 'M' 'M' 'M' 'M' 'M' 'M' 'U' 'M' 'M' 'M' 'M' 'M' 'M' 'M' 'M'
 'M' 'M' 'M' 'M' 'A' 'M' 'A' 'A' 'U' 'A' 'U' 'A' 'U' 'M' 'M' 'M' 'M' 'M'
 'M' 'M' 'M' 'M' 'M' 'M' 'M' 'M' 'M' 'M' 'M' 'M' 'M' 'M' 'M' 'M' 'M' 'M'
 'M' 'M' 'M' 'M' 'M' 'M' 'M' 'M' 'M' 'M' 'M' 'M' 'M' 'M' 'U' 'M' 'M' 'M'
 'M' 'M' 'M' 'M' 'M' 'M' 'M' 'M' 'M' 'M' 'M' 'M' 'M' 'M' 'M' 'M' 'M' 'M']"
24801,1,185,4,181,13,0,0,"['M' 'M' 'M' 'M' 'M' 'M' 'M' 'U' 'M' 'M' 'M' 'M' 'M' 'M' 'M' 'M' 'M' 'M'
 'M' 'M' 'M' 'M' 'M' 'U' 'M' 'M' 'M' 'U' 'U' 'M' 'M' 'M' 'M' 'U' 'M' 'M'
 'M' 'M' 'M' 'M' 'M' 'M' 'M' 'M' 'M' 'M' 'M' 'M' 'M' 'M' 'M' 'M' 'M' 'M'
 'M' 'M' 'M' 'M' 'M' 'M' 'M' 'M' 'M' 'M' 'M' 'U' 'M' 'M' 'M' 'M' 'M' 'M'
 'M' 'M' 'M' 'M' 'M' 'M' 'M' 'M' 'M' 'M' 'M' 'M' 'M' 'M' 'M' 'M' 'M' 'M'
 'M' 'M' 'M' 'M' 'M' 'M' 'M' 'M' 'M' 'M' 'M' 'M' 'M' 'M' 'M' 'M' 'M' 'M'
 'M' 'M' 'M' 'U' 'M' 'M' 'M' 'M' 'M' 'U' 'M' 'M' 'M' 'M' 'M' 'M' 'M' 'M'
 'M' 'M' 'M' 'M' 'A' 'M' 'U' 'A' 'U' 'A' 'U' 'A' 'U' 'M' 'M' 'M' 'M' 'M'
 'M' 'M' 'M' 'M' 'M' 'M' 'M' 'M' 'M' 'M' 'M' 'M' 'M' 'M' 'M' 'M' 'M' 'M'
 'M' 'M' 'M' 'M' 'M' 'M' 'M' 'M' 'M' 'M' 'M' 'M' 'M' 'M' 'M' 'M' 'M' 'M'
 'M' 'M' 'M' 'M' 'M' 'M' 'M' 'M' 'M' 'U' 'M' 'M' 'M' 'M' 'M' 'M' 'M' 'M']"
24901,1,189,3,186,9,0,0,"['M' 'M' 'M' 'M' 'M' 'M' 'M' 'U' 'M' 'M' 'M' 'M' 'M' 'M' 'M' 'M' 'M' 'M'
 'M' 'M' 'M' 'M' 'M' 'U' 'M' 'M' 'M' 'U' 'M' 'M' 'M' 'M' 'M' 'M' 'M' 'M'
 'M' 'M' 'M' 'M' 'M' 'M' 'M' 'M' 'M' 'M' 'M' 'M' 'M' 'M' 'M' 'M' 'M' 'M'
 'M' 'M' 'M' 'M' 'M' 'M' 'M' 'M' 'M' 'M' 'M' 'M' 'M' 'M' 'M' 'M' 'M' 'M'
 'M' 'M' 'M' 'M' 'M' 'M' 'M' 'U' 'M' 'M' 'M' 'M' 'M' 'M' 'M' 'M' 'M' 'M'
 'M' 'M' 'M' 'M' 'M' 'M' 'M' 'M' 'M' 'M' 'M' 'M' 'M' 'M' 'M' 'M' 'M' 'M'
 'M' 'M' 'M' 'M' 'M' 'M' 'M' 'M' 'M' 'U' 'M' 'M' 'M' 'M' 'M' 'M' 'M' 'M'
 'M' 'M' 'M' 'M' 'A' 'M' 'U' 'A' 'M' 'U' 'M' 'A' 'U' 'M' 'M' 'M' 'M' 'M'
 'M' 'M' 'M' 'M' 'M' 'M' 'M' 'M' 'M' 'M' 'M' 'M' 'M' 'M' 'M' 'M' 'M' 'M'
 'M' 'M' 'M' 'M' 'M' 'M' 'M' 'M' 'M' 'M' 'M' 'M' 'M' 'M' 'M' 'M' 'M' 'M'
 'M' 'M' 'M' 'M' 'M' 'M' 'M' 'M' 'M' 'U' 'M' 'M' 'M' 'M' 'M' 'M' 'M' 'M']"
25001,1,192,6,186,6,0,0,"['M' 'M' 'M' 'M' 'M' 'M' 'M' 'U' 'M' 'M' 'M' 'M' 'M' 'M' 'M' 'M' 'M' 'M'
 'M' 'M' 'M' 'M' 'M' 'M' 'M' 'M' 'M' 'M' 'M' 'M' 'M' 'M' 'M' 'M' 'M' 'M'
 'M' 'M' 'M' 'M' 'M' 'M' 'M' 'M' 'M' 'M' 'M' 'M' 'M' 'M' 'M' 'M' 'M' 'M'
 'M' 'M' 'M' 'M' 'M' 'M' 'M' 'M' 'M' 'M' 'M' 'M' 'M' 'M' 'M' 'M' 'M' 'M'
 'M' 'M' 'M' 'M' 'M' 'M' 'M' 'M' 'M' 'M' 'M' 'M' 'M' 'M' 'M' 'M' 'M' 'M'
 'M' 'M' 'M' 'M' 'U' 'U' 'M' 'M' 'M' 'M' 'M' 'M' 'M' 'M' 'M' 'M' 'M' 'M'
 'M' 'M' 'M' 'M' 'M' 'M' 'M' 'M' 'M' 'U' 'M' 'M' 'M' 'M' 'M' 'M' 'M' 'M'
 'M' 'M' 'M' 'M' 'A' 'M' 'A' 'A' 'A' 'A' 'A' 'U' 'U' 'M' 'M' 'M' 'M' 'M'
 'M' 'M' 'M' 'M' 'M' 'M' 'M' 'M' 'M' 'M' 'M' 'M' 'M' 'M' 'M' 'M' 'M' 'M'
 'M' 'M' 'M' 'M' 'M' 'M' 'M' 'M' 'M' 'M' 'M' 'M' 'M' 'M' 'M' 'M' 'M' 'M'
 'M' 'M' 'M' 'M' 'M' 'M' 'M' 'M' 'M' 'M' 'M' 'M' 'M' 'M' 'M' 'M' 'M' 'M']"
25101,1,191,5,186,7,0,0,"['M' 'M' 'M' 'M' 'M' 'M' 'M' 'U' 'M' 'M' 'M' 'M' 'M' 'M' 'M' 'M' 'M' 'M'
 'M' 'M' 'M' 'M' 'M' 'M' 'M' 'M' 'M' 'M' 'M' 'M' 'M' 'M' 'M' 'M' 'M' 'M'
 'M' 'M' 'M' 'M' 'M' 'M' 'M' 'M' 'M' 'M' 'M' 'M' 'M' 'M' 'M' 'M' 'M' 'M'
 'M' 'M' 'M' 'M' 'M' 'M' 'M' 'M' 'M' 'M' 'M' 'M' 'M' 'M' 'M' 'M' 'M' 'M'
 'M' 'M' 'M' 'U' 'M' 'M' 'M' 'M' 'M' 'M' 'M' 'M' 'M' 'M' 'M' 'M' 'M' 'M'
 'M' 'M' 'M' 'M' 'M' 'U' 'M' 'M' 'M' 'M' 'M' 'M' 'M' 'M' 'M' 'M' 'M' 'M'
 'M' 'M' 'M' 'M' 'M' 'M' 'U' 'M' 'M' 'U' 'M' 'M' 'M' 'M' 'M' 'M' 'M' 'M'
 'M' 'M' 'M' 'M' 'A' 'M' 'A' 'A' 'A' 'A' 'U' 'U' 'M' 'M' 'M' 'M' 'M' 'M'
 'M' 'M' 'M' 'M' 'M' 'M' 'M' 'M' 'M' 'M' 'M' 'M' 'M' 'M' 'M' 'M' 'M' 'M'
 'M' 'M' 'M' 'M' 'M' 'M' 'M' 'M' 'M' 'M' 'M' 'M' 'M' 'M' 'M' 'M' 'M' 'M'
 'M' 'M' 'M' 'M' 'M' 'M' 'M' 'M' 'M' 'M' 'M' 'M' 'M' 'M' 'M' 'M' 'M' 'M']"
25201,1,189,7,182,9,0,0,"['M' 'M' 'M' 'M' 'M' 'M' 'M' 'U' 'M' 'M' 'M' 'M' 'M' 'M' 'M' 'M' 'M' 'M'
 'M' 'M' 'M' 'M' 'M' 'M' 'M' 'M' 'M' 'M' 'M' 'M' 'M' 'M' 'M' 'M' 'M' 'U'
 'U' 'M' 'M' 'M' 'M' 'M' 'M' 'M' 'M' 'M' 'M' 'M' 'M' 'M' 'M' 'M' 'M' 'M'
 'M' 'M' 'M' 'M' 'M' 'M' 'M' 'M' 'M' 'M' 'M' 'M' 'M' 'U' 'M' 'M' 'M' 'M'
 'M' 'M' 'M' 'M' 'M' 'M' 'M' 'M' 'M' 'M' 'M' 'M' 'M' 'M' 'M' 'M' 'M' 'M'
 'M' 'M' 'M' 'M' 'M' 'U' 'M' 'M' 'M' 'M' 'M' 'M' 'M' 'M' 'M' 'U' 'M' 'M'
 'M' 'M' 'M' 'M' 'M' 'M' 'M' 'M' 'M' 'M' 'M' 'M' 'M' 'M' 'M' 'M' 'M' 'M'
 'M' 'M' 'M' 'U' 'A' 'M' 'A' 'A' 'A' 'A' 'A' 'A' 'U' 'M' 'M' 'U' 'M' 'M'
 'M' 'M' 'M' 'M' 'M' 'M' 'M' 'M' 'M' 'M' 'M' 'M' 'M' 'M' 'M' 'M' 'M' 'M'
 'M' 'M' 'M' 'M' 'M' 'M' 'M' 'M' 'M' 'M' 'M' 'M' 'M' 'M' 'M' 'M' 'M' 'M'
 'M' 'M' 'M' 'M' 'M' 'M' 'M' 'M' 'M' 'M' 'M' 'M' 'M' 'M' 'M' 'M' 'M' 'M']"
25301,1,188,4,184,10,0,0,"['M' 'M' 'M' 'M' 'M' 'M' 'M' 'M' 'M' 'M' 'M' 'M' 'M' 'M' 'M' 'M' 'M' 'M'
 'M' 'M' 'M' 'M' 'M' 'M' 'M' 'M' 'M' 'M' 'M' 'M' 'M' 'U' 'M' 'M' 'M' 'U'
 'U' 'M' 'M' 'M' 'M' 'M' 'M' 'M' 'M' 'M' 'M' 'M' 'M' 'M' 'M' 'M' 'M' 'M'
 'M' 'M' 'M' 'M' 'M' 'M' 'M' 'M' 'M' 'M' 'M' 'M' 'M' 'M' 'M' 'M' 'M' 'M'
 'M' 'M' 'U' 'M' 'M' 'M' 'M' 'M' 'M' 'M' 'M' 'M' 'M' 'M' 'M' 'M' 'M' 'M'
 'M' 'M' 'M' 'M' 'M' 'U' 'M' 'M' 'M' 'M' 'M' 'M' 'M' 'M' 'M' 'M' 'M' 'M'
 'M' 'M' 'M' 'M' 'M' 'M' 'M' 'M' 'M' 'M' 'M' 'M' 'M' 'M' 'M' 'M' 'M' 'M'
 'M' 'M' 'M' 'M' 'A' 'M' 'A' 'U' 'U' 'U' 'A' 'A' 'U' 'M' 'M' 'M' 'M' 'M'
 'M' 'M' 'M' 'M' 'M' 'M' 'M' 'M' 'M' 'M' 'M' 'M' 'M' 'M' 'M' 'M' 'M' 'M'
 'M' 'M' 'M' 'M' 'M' 'M' 'M' 'M' 'M' 'M' 'M' 'U' 'M' 'M' 'M' 'M' 'M' 'M'
 'M' 'M' 'M' 'M' 'M' 'M' 'M' 'M' 'M' 'M' 'M' 'M' 'M' 'M' 'M' 'M' 'M' 'M']"
25401,1,195,6,189,3,0,0,"['M' 'M' 'M' 'M' 'M' 'M' 'M' 'M' 'M' 'M' 'M' 'M' 'M' 'M' 'M' 'M' 'M' 'M'
 'M' 'M' 'M' 'M' 'M' 'M' 'M' 'M' 'M' 'M' 'M' 'M' 'M' 'M' 'M' 'M' 'M' 'M'
 'M' 'M' 'M' 'M' 'M' 'M' 'M' 'M' 'M' 'M' 'M' 'M' 'M' 'M' 'M' 'M' 'M' 'M'
 'M' 'M' 'M' 'M' 'M' 'M' 'M' 'M' 'M' 'M' 'M' 'M' 'M' 'M' 'M' 'M' 'M' 'M'
 'M' 'M' 'M' 'M' 'M' 'M' 'M' 'M' 'M' 'M' 'M' 'M' 'M' 'M' 'M' 'M' 'M' 'M'
 'U' 'M' 'M' 'M' 'M' 'M' 'M' 'M' 'M' 'M' 'M' 'M' 'M' 'M' 'M' 'M' 'M' 'M'
 'M' 'M' 'M' 'M' 'M' 'M' 'M' 'M' 'M' 'M' 'M' 'M' 'M' 'M' 'M' 'M' 'M' 'M'
 'M' 'M' 'M' 'M' 'A' 'M' 'A' 'U' 'M' 'A' 'A' 'A' 'A' 'M' 'M' 'M' 'M' 'M'
 'M' 'M' 'M' 'M' 'M' 'M' 'M' 'M' 'M' 'M' 'M' 'M' 'M' 'M' 'M' 'M' 'M' 'M'
 'M' 'M' 'M' 'M' 'M' 'M' 'M' 'M' 'M' 'M' 'M' 'U' 'M' 'M' 'M' 'M' 'M' 'M'
 'M' 'M' 'M' 'M' 'M' 'M' 'M' 'M' 'M' 'M' 'M' 'M' 'M' 'M' 'M' 'M' 'M' 'M']"
25501,1,192,8,184,6,0,0,"['M' 'M' 'M' 'M' 'M' 'M' 'M' 'M' 'M' 'M' 'M' 'M' 'M' 'M' 'M' 'M' 'M' 'M'
 'M' 'M' 'M' 'U' 'M' 'M' 'M' 'M' 'M' 'M' 'M' 'M' 'M' 'M' 'M' 'M' 'U' 'M'
 'M' 'M' 'M' 'M' 'M' 'M' 'M' 'M' 'M' 'M' 'M' 'M' 'M' 'M' 'M' 'M' 'M' 'M'
 'M' 'M' 'M' 'M' 'M' 'M' 'M' 'M' 'M' 'M' 'M' 'M' 'M' 'M' 'M' 'M' 'M' 'M'
 'M' 'M' 'M' 'M' 'M' 'M' 'M' 'M' 'M' 'M' 'M' 'M' 'M' 'M' 'M' 'M' 'M' 'M'
 'M' 'U' 'M' 'M' 'M' 'M' 'M' 'M' 'M' 'M' 'M' 'M' 'M' 'M' 'M' 'M' 'M' 'M'
 'M' 'M' 'M' 'M' 'M' 'M' 'M' 'M' 'M' 'M' 'M' 'M' 'M' 'M' 'M' 'M' 'M' 'M'
 'M' 'M' 'M' 'M' 'A' 'A' 'A' 'A' 'U' 'A' 'A' 'A' 'A' 'M' 'M' 'M' 'M' 'M'
 'M' 'M' 'M' 'M' 'M' 'M' 'M' 'M' 'M' 'M' 'M' 'M' 'M' 'M' 'M' 'M' 'M' 'M'
 'M' 'M' 'M' 'U' 'M' 'M' 'M' 'M' 'M' 'M' 'M' 'U' 'M' 'M' 'M' 'M' 'M' 'M'
 'M' 'M' 'M' 'M' 'M' 'M' 'M' 'M' 'M' 'M' 'M' 'M' 'M' 'M' 'M' 'M' 'M' 'M']"
25601,1,188,4,184,10,0,0,"['M' 'M' 'M' 'M' 'M' 'M' 'M' 'M' 'M' 'M' 'M' 'M' 'M' 'M' 'M' 'M' 'M' 'M'
 'M' 'M' 'M' 'U' 'M' 'M' 'M' 'M' 'M' 'M' 'M' 'M' 'M' 'M' 'M' 'M' 'U' 'M'
 'M' 'M' 'M' 'M' 'M' 'M' 'M' 'M' 'M' 'M' 'M' 'M' 'M' 'M' 'M' 'M' 'M' 'M'
 'M' 'M' 'M' 'M' 'M' 'M' 'M' 'M' 'M' 'M' 'M' 'M' 'M' 'M' 'M' 'M' 'M' 'M'
 'M' 'M' 'M' 'M' 'M' 'M' 'M' 'M' 'M' 'M' 'M' 'M' 'M' 'M' 'M' 'M' 'M' 'M'
 'M' 'M' 'M' 'M' 'U' 'M' 'M' 'M' 'M' 'M' 'M' 'M' 'M' 'M' 'M' 'M' 'M' 'M'
 'U' 'M' 'M' 'M' 'M' 'M' 'M' 'M' 'M' 'M' 'M' 'M' 'M' 'M' 'M' 'M' 'M' 'M'
 'M' 'M' 'M' 'M' 'A' 'A' 'A' 'A' 'U' 'U' 'U' 'U' 'U' 'M' 'M' 'M' 'M' 'M'
 'M' 'M' 'M' 'M' 'M' 'M' 'M' 'M' 'M' 'M' 'M' 'M' 'M' 'M' 'M' 'M' 'M' 'M'
 'M' 'M' 'M' 'U' 'M' 'M' 'M' 'M' 'M' 'M' 'M' 'M' 'M' 'M' 'M' 'M' 'M' 'M'
 'M' 'M' 'M' 'M' 'M' 'M' 'M' 'M' 'M' 'M' 'M' 'M' 'M' 'M' 'M' 'M' 'M' 'M']"
25701,2,192,8,184,6,0,0,"['M' 'M' 'M' 'M' 'M' 'M' 'M' 'M' 'M' 'M' 'M' 'M' 'M' 'M' 'M' 'M' 'M' 'M'
 'M' 'M' 'M' 'U' 'M' 'M' 'M' 'M' 'M' 'M' 'M' 'M' 'M' 'M' 'M' 'M' 'M' 'M'
 'M' 'M' 'M' 'M' 'M' 'M' 'M' 'M' 'M' 'M' 'M' 'M' 'M' 'M' 'M' 'M' 'M' 'M'
 'M' 'M' 'M' 'M' 'M' 'M' 'M' 'M' 'M' 'M' 'M' 'M' 'M' 'M' 'M' 'M' 'M' 'M'
 'M' 'M' 'M' 'M' 'M' 'M' 'M' 'M' 'M' 'M' 'M' 'M' 'M' 'M' 'M' 'M' 'M' 'M'
 'U' 'M' 'M' 'M' 'M' 'M' 'M' 'M' 'M' 'M' 'M' 'M' 'M' 'M' 'M' 'M' 'M' 'M'
 'M' 'M' 'M' 'M' 'M' 'M' 'M' 'M' 'M' 'M' 'M' 'M' 'M' 'M' 'M' 'M' 'M' 'M'
 'M' 'M' 'M' 'M' 'A' 'A' 'A' 'A' 'A' 'A' 'U' 'A' 'A' 'M' 'M' 'M' 'M' 'M'
 'M' 'M' 'M' 'M' 'M' 'M' 'U' 'M' 'M' 'M' 'M' 'M' 'M' 'M' 'M' 'M' 'M' 'M'
 'M' 'M' 'M' 'U' 'M' 'M' 'M' 'M' 'M' 'M' 'M' 'M' 'M' 'M' 'M' 'M' 'M' 'U'
 'M' 'M' 'M' 'M' 'M' 'M' 'M' 'M' 'M' 'M' 'M' 'M' 'M' 'M' 'M' 'M' 'M' 'M']"
25801,2,188,5,183,10,0,0,"['M' 'M' 'M' 'M' 'M' 'M' 'M' 'M' 'M' 'M' 'M' 'M' 'M' 'M' 'M' 'M' 'M' 'M'
 'M' 'M' 'M' 'U' 'M' 'M' 'M' 'M' 'M' 'M' 'M' 'M' 'M' 'M' 'M' 'M' 'M' 'M'
 'M' 'M' 'M' 'M' 'M' 'M' 'M' 'M' 'M' 'M' 'M' 'M' 'M' 'M' 'M' 'M' 'M' 'M'
 'M' 'M' 'M' 'M' 'M' 'M' 'M' 'M' 'M' 'M' 'M' 'M' 'M' 'M' 'M' 'M' 'M' 'M'
 'M' 'M' 'M' 'M' 'M' 'M' 'M' 'M' 'M' 'U' 'M' 'M' 'M' 'M' 'M' 'M' 'M' 'M'
 'M' 'M' 'M' 'M' 'M' 'M' 'M' 'M' 'M' 'M' 'M' 'M' 'M' 'M' 'M' 'M' 'M' 'M'
 'M' 'M' 'M' 'M' 'M' 'M' 'M' 'M' 'M' 'U' 'M' 'M' 'M' 'M' 'M' 'M' 'M' 'M'
 'M' 'M' 'M' 'M' 'A' 'U' 'A' 'A' 'A' 'A' 'U' 'U' 'U' 'M' 'M' 'M' 'M' 'M'
 'M' 'M' 'M' 'M' 'M' 'M' 'M' 'M' 'M' 'M' 'M' 'M' 'M' 'M' 'M' 'U' 'M' 'M'
 'M' 'M' 'M' 'U' 'M' 'M' 'M' 'M' 'M' 'U' 'M' 'M' 'M' 'M' 'M' 'M' 'M' 'M'
 'M' 'M' 'M' 'M' 'M' 'M' 'M' 'M' 'M' 'M' 'M' 'M' 'M' 'M' 'M' 'M' 'M' 'M']"
25901,1,188,5,183,10,0,0,"['M' 'M' 'U' 'M' 'M' 'M' 'M' 'M' 'M' 'M' 'M' 'M' 'M' 'M' 'M' 'M' 'M' 'M'
 'M' 'M' 'M' 'U' 'M' 'M' 'M' 'M' 'M' 'M' 'M' 'M' 'M' 'M' 'M' 'M' 'M' 'M'
 'M' 'M' 'M' 'M' 'M' 'M' 'M' 'M' 'M' 'M' 'M' 'M' 'M' 'M' 'M' 'M' 'M' 'M'
 'M' 'M' 'M' 'M' 'M' 'M' 'M' 'M' 'M' 'M' 'M' 'M' 'M' 'M' 'M' 'M' 'M' 'M'
 'M' 'M' 'M' 'M' 'U' 'M' 'M' 'M' 'M' 'M' 'M' 'M' 'M' 'M' 'M' 'M' 'M' 'M'
 'M' 'M' 'M' 'M' 'M' 'M' 'M' 'M' 'M' 'M' 'M' 'M' 'M' 'M' 'M' 'M' 'M' 'M'
 'M' 'M' 'M' 'M' 'M' 'M' 'M' 'M' 'M' 'U' 'M' 'M' 'M' 'M' 'M' 'M' 'M' 'M'
 'M' 'M' 'M' 'M' 'A' 'A' 'A' 'A' 'U' 'A' 'U' 'U' 'U' 'M' 'M' 'M' 'M' 'M'
 'M' 'M' 'M' 'M' 'M' 'M' 'M' 'M' 'M' 'M' 'M' 'M' 'M' 'M' 'M' 'U' 'M' 'M'
 'M' 'M' 'M' 'M' 'M' 'M' 'M' 'M' 'M' 'U' 'M' 'M' 'M' 'M' 'M' 'M' 'M' 'M'
 'M' 'M' 'M' 'M' 'M' 'M' 'M' 'M' 'M' 'M' 'M' 'M' 'M' 'M' 'M' 'M' 'M' 'M']"
26001,1,190,8,182,8,0,0,"['M' 'M' 'U' 'U' 'M' 'M' 'M' 'M' 'M' 'M' 'M' 'M' 'M' 'M' 'M' 'M' 'M' 'M'
 'M' 'M' 'M' 'U' 'M' 'M' 'M' 'M' 'M' 'M' 'M' 'M' 'M' 'M' 'M' 'M' 'M' 'M'
 'M' 'M' 'M' 'M' 'M' 'M' 'M' 'M' 'M' 'M' 'M' 'M' 'M' 'M' 'M' 'M' 'M' 'M'
 'M' 'M' 'M' 'M' 'M' 'M' 'M' 'M' 'M' 'M' 'M' 'M' 'M' 'M' 'M' 'M' 'M' 'M'
 'M' 'M' 'M' 'M' 'M' 'M' 'M' 'M' 'M' 'U' 'M' 'M' 'M' 'M' 'M' 'M' 'M' 'M'
 'M' 'M' 'M' 'M' 'M' 'M' 'M' 'M' 'M' 'M' 'M' 'M' 'M' 'M' 'M' 'M' 'M' 'M'
 'M' 'M' 'M' 'M' 'M' 'M' 'M' 'M' 'M' 'M' 'M' 'M' 'M' 'M' 'M' 'M' 'M' 'M'
 'M' 'M' 'M' 'M' 'A' 'A' 'A' 'U' 'A' 'A' 'A' 'A' 'A' 'M' 'M' 'M' 'M' 'M'
 'M' 'M' 'M' 'M' 'M' 'M' 'M' 'M' 'M' 'M' 'M' 'M' 'M' 'M' 'M' 'U' 'M' 'M'
 'M' 'M' 'M' 'M' 'M' 'M' 'M' 'M' 'M' 'U' 'M' 'M' 'M' 'M' 'M' 'M' 'M' 'M'
 'M' 'M' 'M' 'M' 'M' 'M' 'M' 'M' 'U' 'M' 'M' 'M' 'M' 'M' 'M' 'M' 'M' 'M']"
26101,1,189,8,181,9,0,0,"['M' 'M' 'M' 'M' 'M' 'M' 'M' 'M' 'M' 'M' 'M' 'M' 'M' 'M' 'M' 'U' 'M' 'M'
 'M' 'M' 'M' 'U' 'M' 'M' 'M' 'M' 'M' 'M' 'M' 'M' 'M' 'M' 'M' 'M' 'M' 'M'
 'M' 'M' 'M' 'M' 'M' 'M' 'M' 'M' 'M' 'M' 'M' 'M' 'M' 'M' 'M' 'M' 'M' 'M'
 'M' 'M' 'M' 'M' 'M' 'M' 'M' 'M' 'M' 'M' 'M' 'M' 'M' 'M' 'M' 'M' 'M' 'M'
 'M' 'M' 'M' 'M' 'M' 'M' 'M' 'M' 'M' 'M' 'M' 'M' 'M' 'M' 'M' 'U' 'M' 'M'
 'M' 'M' 'M' 'M' 'M' 'M' 'M' 'M' 'M' 'M' 'M' 'M' 'M' 'M' 'M' 'M' 'M' 'M'
 'M' 'M' 'M' 'M' 'M' 'M' 'M' 'M' 'M' 'M' 'M' 'M' 'M' 'M' 'M' 'M' 'M' 'M'
 'M' 'M' 'M' 'M' 'A' 'A' 'A' 'M' 'A' 'A' 'A' 'A' 'A' 'M' 'M' 'M' 'M' 'M'
 'M' 'U' 'M' 'M' 'M' 'M' 'M' 'M' 'M' 'M' 'M' 'M' 'M' 'M' 'M' 'U' 'M' 'M'
 'M' 'M' 'M' 'M' 'M' 'M' 'M' 'M' 'M' 'U' 'M' 'M' 'M' 'M' 'M' 'M' 'M' 'M'
 'M' 'M' 'M' 'M' 'M' 'U' 'M' 'M' 'U' 'M' 'M' 'M' 'M' 'M' 'M' 'M' 'U' 'M']"
26201,1,182,5,177,16,0,0,"['M' 'M' 'M' 'M' 'M' 'M' 'M' 'M' 'M' 'M' 'M' 'M' 'M' 'M' 'M' 'U' 'M' 'M'
 'M' 'M' 'M' 'U' 'M' 'M' 'U' 'M' 'M' 'M' 'M' 'M' 'M' 'M' 'M' 'M' 'M' 'M'
 'U' 'M' 'M' 'M' 'M' 'M' 'M' 'M' 'M' 'M' 'M' 'M' 'M' 'M' 'M' 'M' 'M' 'M'
 'M' 'M' 'M' 'M' 'M' 'M' 'M' 'M' 'M' 'M' 'M' 'M' 'M' 'M' 'M' 'M' 'M' 'M'
 'M' 'M' 'M' 'U' 'M' 'M' 'M' 'M' 'M' 'M' 'M' 'M' 'M' 'M' 'M' 'M' 'M' 'M'
 'M' 'M' 'M' 'M' 'M' 'M' 'M' 'M' 'M' 'M' 'M' 'M' 'M' 'M' 'M' 'M' 'M' 'M'
 'M' 'M' 'M' 'M' 'M' 'M' 'M' 'M' 'M' 'M' 'M' 'M' 'M' 'M' 'M' 'M' 'M' 'M'
 'M' 'M' 'M' 'M' 'A' 'U' 'U' 'U' 'A' 'U' 'A' 'A' 'A' 'M' 'M' 'M' 'U' 'M'
 'M' 'U' 'M' 'M' 'M' 'M' 'M' 'M' 'M' 'M' 'M' 'M' 'M' 'M' 'M' 'U' 'M' 'M'
 'M' 'M' 'M' 'M' 'M' 'M' 'M' 'M' 'M' 'U' 'M' 'M' 'M' 'M' 'M' 'M' 'M' 'M'
 'M' 'M' 'M' 'M' 'M' 'M' 'M' 'M' 'U' 'M' 'M' 'M' 'M' 'U' 'M' 'M' 'U' 'M']"
26301,1,186,9,177,12,0,0,"['M' 'M' 'M' 'M' 'M' 'M' 'M' 'M' 'M' 'M' 'M' 'M' 'M' 'M' 'M' 'M' 'M' 'M'
 'M' 'M' 'M' 'U' 'M' 'M' 'U' 'M' 'M' 'M' 'M' 'M' 'M' 'M' 'M' 'M' 'M' 'M'
 'U' 'M' 'M' 'M' 'M' 'M' 'M' 'M' 'M' 'M' 'M' 'M' 'M' 'M' 'M' 'M' 'M' 'M'
 'M' 'M' 'M' 'M' 'M' 'M' 'M' 'M' 'M' 'M' 'M' 'M' 'M' 'M' 'M' 'M' 'M' 'M'
 'M' 'M' 'M' 'M' 'M' 'M' 'M' 'M' 'M' 'M' 'M' 'U' 'M' 'M' 'M' 'M' 'M' 'M'
 'M' 'M' 'M' 'M' 'M' 'M' 'M' 'M' 'M' 'M' 'M' 'M' 'M' 'M' 'M' 'M' 'M' 'M'
 'M' 'M' 'M' 'M' 'M' 'M' 'M' 'M' 'M' 'M' 'M' 'M' 'M' 'M' 'M' 'M' 'M' 'M'
 'M' 'M' 'M' 'M' 'A' 'A' 'A' 'A' 'A' 'A' 'A' 'A' 'A' 'M' 'M' 'M' 'U' 'M'
 'M' 'U' 'M' 'M' 'M' 'M' 'M' 'M' 'M' 'M' 'M' 'M' 'M' 'M' 'M' 'U' 'M' 'M'
 'M' 'M' 'M' 'M' 'M' 'M' 'M' 'M' 'M' 'U' 'M' 'M' 'M' 'M' 'M' 'M' 'M' 'M'
 'M' 'M' 'M' 'M' 'M' 'M' 'M' 'M' 'U' 'M' 'M' 'M' 'M' 'U' 'M' 'M' 'U' 'U']"
26401,1,188,7,181,10,0,0,"['M' 'M' 'M' 'M' 'M' 'M' 'M' 'M' 'M' 'M' 'M' 'M' 'M' 'M' 'M' 'M' 'M' 'M'
 'M' 'M' 'M' 'U' 'M' 'M' 'M' 'M' 'M' 'M' 'M' 'M' 'M' 'M' 'M' 'M' 'M' 'M'
 'U' 'M' 'M' 'M' 'M' 'M' 'M' 'M' 'M' 'M' 'M' 'M' 'M' 'M' 'M' 'M' 'M' 'M'
 'M' 'M' 'M' 'M' 'M' 'M' 'M' 'M' 'M' 'M' 'M' 'M' 'M' 'M' 'M' 'M' 'M' 'M'
 'M' 'M' 'M' 'M' 'M' 'M' 'M' 'M' 'M' 'M' 'M' 'M' 'M' 'M' 'M' 'M' 'M' 'M'
 'U' 'M' 'M' 'M' 'M' 'M' 'M' 'M' 'M' 'M' 'M' 'M' 'M' 'M' 'M' 'M' 'M' 'M'
 'M' 'M' 'M' 'M' 'M' 'M' 'M' 'M' 'M' 'M' 'M' 'M' 'M' 'M' 'M' 'M' 'M' 'M'
 'M' 'M' 'M' 'M' 'A' 'M' 'A' 'A' 'U' 'A' 'M' 'A' 'A' 'M' 'M' 'M' 'A' 'M'
 'M' 'U' 'M' 'M' 'M' 'M' 'M' 'M' 'M' 'M' 'M' 'M' 'M' 'M' 'M' 'M' 'M' 'M'
 'M' 'M' 'M' 'M' 'M' 'M' 'M' 'M' 'M' 'M' 'M' 'M' 'M' 'U' 'M' 'M' 'M' 'M'
 'M' 'M' 'M' 'M' 'M' 'M' 'M' 'M' 'U' 'M' 'M' 'M' 'M' 'U' 'M' 'M' 'U' 'U']"
26501,1,186,5,181,12,0,0,"['M' 'M' 'M' 'M' 'M' 'M' 'M' 'M' 'M' 'M' 'M' 'M' 'M' 'M' 'M' 'M' 'M' 'M'
 'M' 'M' 'M' 'U' 'M' 'M' 'M' 'M' 'M' 'M' 'M' 'M' 'M' 'M' 'M' 'M' 'M' 'M'
 'U' 'M' 'M' 'M' 'M' 'M' 'M' 'M' 'M' 'M' 'M' 'U' 'M' 'M' 'M' 'M' 'M' 'M'
 'M' 'M' 'M' 'M' 'M' 'M' 'M' 'M' 'M' 'M' 'M' 'M' 'M' 'M' 'M' 'M' 'U' 'M'
 'M' 'M' 'M' 'M' 'M' 'M' 'M' 'M' 'M' 'M' 'M' 'M' 'M' 'M' 'M' 'M' 'M' 'M'
 'M' 'M' 'M' 'M' 'M' 'M' 'M' 'M' 'M' 'M' 'M' 'M' 'M' 'M' 'M' 'M' 'M' 'M'
 'M' 'M' 'M' 'M' 'M' 'M' 'M' 'M' 'M' 'M' 'M' 'M' 'M' 'M' 'M' 'M' 'M' 'M'
 'M' 'M' 'M' 'M' 'A' 'U' 'A' 'A' 'A' 'U' 'M' 'U' 'A' 'M' 'M' 'M' 'U' 'M'
 'M' 'M' 'M' 'M' 'M' 'M' 'M' 'M' 'M' 'M' 'M' 'M' 'M' 'M' 'M' 'M' 'M' 'M'
 'M' 'M' 'M' 'M' 'M' 'M' 'M' 'M' 'M' 'M' 'M' 'M' 'M' 'U' 'M' 'M' 'M' 'M'
 'M' 'M' 'M' 'M' 'M' 'M' 'M' 'M' 'M' 'M' 'M' 'M' 'M' 'U' 'M' 'M' 'U' 'U']"
26601,1,193,3,190,5,0,0,"['M' 'M' 'M' 'M' 'M' 'M' 'M' 'M' 'M' 'M' 'M' 'M' 'M' 'M' 'M' 'M' 'M' 'M'
 'M' 'M' 'M' 'U' 'M' 'M' 'M' 'M' 'M' 'M' 'M' 'M' 'M' 'M' 'M' 'M' 'M' 'M'
 'M' 'M' 'M' 'M' 'M' 'M' 'M' 'M' 'M' 'M' 'M' 'M' 'M' 'M' 'M' 'M' 'M' 'M'
 'M' 'M' 'M' 'M' 'M' 'M' 'M' 'M' 'M' 'M' 'M' 'M' 'M' 'M' 'M' 'M' 'M' 'M'
 'M' 'M' 'M' 'M' 'M' 'M' 'M' 'M' 'M' 'M' 'M' 'M' 'M' 'M' 'M' 'M' 'M' 'M'
 'M' 'M' 'U' 'M' 'M' 'M' 'M' 'M' 'M' 'M' 'M' 'M' 'M' 'M' 'M' 'M' 'M' 'M'
 'M' 'M' 'M' 'M' 'M' 'M' 'M' 'M' 'M' 'M' 'M' 'M' 'M' 'M' 'M' 'M' 'M' 'M'
 'M' 'M' 'M' 'M' 'A' 'M' 'U' 'A' 'M' 'U' 'M' 'U' 'A' 'M' 'M' 'M' 'M' 'M'
 'M' 'M' 'M' 'M' 'M' 'M' 'M' 'M' 'M' 'M' 'M' 'M' 'M' 'M' 'M' 'M' 'M' 'M'
 'M' 'M' 'M' 'M' 'M' 'M' 'M' 'M' 'M' 'M' 'M' 'M' 'M' 'M' 'M' 'M' 'M' 'M'
 'M' 'M' 'M' 'M' 'M' 'M' 'M' 'M' 'M' 'M' 'M' 'M' 'M' 'M' 'M' 'M' 'M' 'M']"
26701,1,192,3,189,6,0,0,"['M' 'M' 'M' 'M' 'M' 'M' 'M' 'M' 'M' 'M' 'M' 'M' 'M' 'M' 'M' 'M' 'M' 'M'
 'M' 'M' 'M' 'U' 'M' 'M' 'M' 'M' 'M' 'M' 'M' 'M' 'M' 'M' 'M' 'M' 'M' 'M'
 'M' 'M' 'M' 'M' 'M' 'M' 'M' 'M' 'M' 'M' 'M' 'M' 'M' 'U' 'M' 'M' 'M' 'M'
 'M' 'M' 'M' 'M' 'M' 'M' 'M' 'M' 'M' 'M' 'M' 'M' 'M' 'M' 'M' 'M' 'M' 'M'
 'M' 'M' 'M' 'M' 'M' 'M' 'M' 'M' 'M' 'M' 'M' 'U' 'M' 'M' 'M' 'M' 'M' 'M'
 'M' 'M' 'M' 'M' 'M' 'M' 'M' 'M' 'M' 'M' 'M' 'M' 'M' 'M' 'M' 'M' 'M' 'M'
 'M' 'M' 'M' 'M' 'M' 'M' 'M' 'M' 'M' 'M' 'M' 'M' 'M' 'M' 'M' 'M' 'M' 'M'
 'M' 'M' 'M' 'M' 'A' 'M' 'M' 'A' 'M' 'U' 'M' 'U' 'A' 'M' 'M' 'M' 'M' 'M'
 'M' 'M' 'M' 'M' 'M' 'M' 'M' 'M' 'M' 'M' 'M' 'M' 'M' 'M' 'M' 'M' 'M' 'U'
 'M' 'M' 'M' 'M' 'M' 'M' 'M' 'M' 'M' 'M' 'M' 'M' 'M' 'M' 'M' 'M' 'M' 'M'
 'M' 'M' 'M' 'M' 'M' 'M' 'M' 'M' 'M' 'M' 'M' 'M' 'M' 'M' 'M' 'M' 'M' 'M']"
26801,1,189,7,182,9,0,1,"['M' 'M' 'M' 'M' 'M' 'M' 'M' 'M' 'M' 'M' 'M' 'M' 'M' 'M' 'M' 'M' 'M' 'M'
 'M' 'M' 'M' 'U' 'M' 'M' 'M' 'M' 'M' 'M' 'M' 'M' 'M' 'M' 'M' 'M' 'M' 'M'
 'M' 'M' 'M' 'M' 'M' 'M' 'M' 'M' 'M' 'M' 'M' 'M' 'M' 'U' 'M' 'M' 'M' 'M'
 'M' 'M' 'M' 'M' 'M' 'M' 'M' 'M' 'M' 'M' 'M' 'M' 'M' 'M' 'M' 'M' 'M' 'M'
 'M' 'M' 'M' 'M' 'M' 'M' 'M' 'M' 'M' 'M' 'M' 'M' 'M' 'M' 'M' 'M' 'M' 'M'
 'M' 'U' 'M' 'M' 'M' 'M' 'M' 'U' 'M' 'M' 'M' 'M' 'M' 'M' 'M' 'M' 'M' 'M'
 'M' 'M' 'M' 'M' 'M' 'M' 'U' 'M' 'M' 'M' 'M' 'M' 'M' 'M' 'M' 'M' 'M' 'M'
 'M' 'M' 'M' 'M' 'A' 'U' 'A' 'A' 'A' 'A' 'U' 'A' 'A' 'M' 'M' 'M' 'M' 'M'
 'M' 'M' 'M' 'M' 'M' 'M' 'M' 'M' 'M' 'M' 'M' 'M' 'M' 'M' 'M' 'M' 'M' 'U'
 'M' 'M' 'M' 'U' 'M' 'M' 'M' 'M' 'M' 'M' 'M' 'M' 'M' 'M' 'M' 'M' 'M' 'M'
 'M' 'M' 'M' 'M' 'M' 'M' 'M' 'M' 'M' 'M' 'M' 'M' 'M' 'M' 'M' 'M' 'M' 'M']"
26901,1,189,8,181,9,0,0,"['M' 'M' 'M' 'M' 'M' 'M' 'M' 'M' 'M' 'M' 'M' 'M' 'M' 'M' 'M' 'M' 'M' 'M'
 'M' 'M' 'M' 'U' 'M' 'M' 'M' 'M' 'M' 'M' 'M' 'M' 'M' 'M' 'M' 'M' 'M' 'M'
 'M' 'M' 'M' 'M' 'M' 'M' 'M' 'M' 'M' 'M' 'M' 'M' 'M' 'U' 'M' 'M' 'M' 'M'
 'M' 'M' 'M' 'M' 'M' 'M' 'M' 'M' 'M' 'M' 'M' 'M' 'M' 'U' 'M' 'M' 'M' 'M'
 'M' 'M' 'M' 'M' 'M' 'M' 'M' 'M' 'M' 'M' 'M' 'M' 'M' 'M' 'M' 'M' 'M' 'M'
 'M' 'M' 'M' 'M' 'M' 'M' 'M' 'U' 'M' 'M' 'M' 'U' 'M' 'M' 'M' 'M' 'M' 'M'
 'M' 'M' 'M' 'M' 'M' 'M' 'U' 'M' 'M' 'M' 'M' 'M' 'M' 'M' 'M' 'M' 'M' 'M'
 'M' 'M' 'M' 'M' 'A' 'A' 'A' 'A' 'U' 'A' 'A' 'A' 'A' 'M' 'M' 'M' 'M' 'M'
 'M' 'M' 'M' 'M' 'M' 'M' 'M' 'M' 'M' 'M' 'M' 'M' 'M' 'M' 'M' 'M' 'M' 'U'
 'M' 'M' 'M' 'M' 'M' 'M' 'M' 'M' 'M' 'M' 'U' 'M' 'M' 'M' 'M' 'M' 'M' 'M'
 'M' 'M' 'M' 'M' 'M' 'M' 'M' 'M' 'M' 'M' 'M' 'M' 'M' 'M' 'M' 'M' 'M' 'M']"
27001,1,187,9,178,11,0,0,"['M' 'M' 'M' 'M' 'M' 'M' 'M' 'M' 'M' 'M' 'M' 'M' 'M' 'M' 'M' 'M' 'M' 'M'
 'M' 'M' 'M' 'U' 'M' 'M' 'M' 'M' 'M' 'U' 'M' 'M' 'M' 'M' 'M' 'M' 'M' 'M'
 'M' 'M' 'U' 'M' 'M' 'M' 'M' 'M' 'M' 'M' 'M' 'M' 'M' 'U' 'M' 'M' 'M' 'M'
 'M' 'M' 'M' 'M' 'U' 'M' 'M' 'M' 'M' 'M' 'M' 'M' 'M' 'M' 'M' 'M' 'M' 'M'
 'M' 'M' 'M' 'M' 'M' 'M' 'M' 'M' 'M' 'M' 'M' 'M' 'M' 'M' 'M' 'M' 'M' 'M'
 'M' 'M' 'M' 'M' 'U' 'M' 'M' 'U' 'M' 'M' 'M' 'U' 'M' 'M' 'M' 'M' 'M' 'M'
 'M' 'M' 'M' 'M' 'M' 'M' 'M' 'U' 'M' 'M' 'M' 'M' 'M' 'M' 'M' 'M' 'M' 'M'
 'M' 'M' 'M' 'M' 'A' 'A' 'A' 'A' 'A' 'A' 'A' 'A' 'A' 'M' 'M' 'M' 'M' 'M'
 'M' 'M' 'M' 'M' 'M' 'M' 'M' 'M' 'M' 'M' 'M' 'M' 'M' 'M' 'M' 'U' 'M' 'M'
 'M' 'M' 'M' 'M' 'M' 'M' 'M' 'M' 'M' 'M' 'U' 'M' 'M' 'M' 'M' 'M' 'M' 'M'
 'M' 'M' 'M' 'M' 'M' 'M' 'M' 'M' 'M' 'M' 'M' 'M' 'M' 'M' 'M' 'M' 'M' 'M']"
27101,1,182,6,176,16,0,0,"['M' 'M' 'M' 'M' 'M' 'M' 'M' 'M' 'M' 'M' 'M' 'M' 'M' 'M' 'M' 'M' 'M' 'M'
 'M' 'M' 'M' 'U' 'M' 'M' 'M' 'M' 'M' 'M' 'M' 'M' 'M' 'M' 'M' 'M' 'M' 'M'
 'M' 'M' 'U' 'M' 'M' 'M' 'M' 'M' 'M' 'M' 'M' 'M' 'M' 'U' 'M' 'M' 'M' 'M'
 'U' 'M' 'M' 'M' 'U' 'M' 'M' 'M' 'M' 'M' 'M' 'M' 'M' 'M' 'M' 'M' 'M' 'M'
 'M' 'U' 'M' 'M' 'M' 'M' 'M' 'M' 'M' 'M' 'M' 'M' 'M' 'M' 'M' 'M' 'M' 'M'
 'M' 'M' 'M' 'M' 'M' 'M' 'M' 'M' 'M' 'M' 'M' 'U' 'M' 'M' 'M' 'M' 'M' 'M'
 'M' 'M' 'M' 'M' 'M' 'M' 'M' 'U' 'M' 'M' 'M' 'M' 'U' 'M' 'M' 'M' 'M' 'M'
 'M' 'M' 'M' 'M' 'A' 'U' 'A' 'A' 'A' 'A' 'U' 'U' 'A' 'U' 'M' 'M' 'M' 'M'
 'M' 'M' 'M' 'M' 'M' 'M' 'M' 'M' 'M' 'M' 'M' 'M' 'M' 'M' 'M' 'U' 'U' 'M'
 'M' 'M' 'M' 'M' 'M' 'M' 'M' 'M' 'M' 'M' 'M' 'U' 'M' 'M' 'M' 'M' 'M' 'M'
 'M' 'M' 'M' 'M' 'M' 'M' 'M' 'M' 'M' 'M' 'M' 'M' 'M' 'M' 'M' 'M' 'M' 'M']"
27201,1,186,5,181,12,0,0,"['M' 'M' 'M' 'M' 'M' 'M' 'M' 'M' 'M' 'M' 'M' 'M' 'M' 'M' 'M' 'M' 'M' 'M'
 'M' 'M' 'M' 'U' 'M' 'M' 'M' 'M' 'M' 'M' 'M' 'M' 'M' 'M' 'M' 'M' 'M' 'M'
 'M' 'M' 'M' 'M' 'M' 'M' 'M' 'M' 'M' 'M' 'M' 'U' 'M' 'U' 'M' 'M' 'M' 'M'
 'M' 'M' 'M' 'M' 'U' 'M' 'M' 'M' 'M' 'M' 'M' 'M' 'M' 'M' 'M' 'M' 'M' 'M'
 'M' 'M' 'M' 'U' 'M' 'M' 'M' 'M' 'M' 'M' 'M' 'M' 'M' 'M' 'M' 'M' 'M' 'M'
 'M' 'M' 'M' 'M' 'M' 'M' 'M' 'M' 'M' 'M' 'M' 'M' 'M' 'M' 'M' 'M' 'M' 'M'
 'M' 'M' 'M' 'M' 'M' 'M' 'M' 'M' 'M' 'M' 'M' 'M' 'U' 'M' 'M' 'M' 'M' 'M'
 'M' 'M' 'M' 'M' 'A' 'A' 'U' 'U' 'U' 'A' 'A' 'U' 'A' 'U' 'M' 'M' 'M' 'M'
 'M' 'M' 'M' 'M' 'M' 'M' 'M' 'M' 'M' 'M' 'M' 'M' 'M' 'M' 'M' 'M' 'U' 'M'
 'M' 'M' 'M' 'M' 'M' 'M' 'M' 'M' 'M' 'M' 'M' 'M' 'M' 'M' 'M' 'M' 'M' 'M'
 'M' 'M' 'M' 'M' 'M' 'M' 'M' 'M' 'M' 'M' 'M' 'M' 'M' 'M' 'M' 'M' 'M' 'M']"
27301,1,187,9,178,11,0,0,"['M' 'M' 'M' 'M' 'M' 'M' 'M' 'M' 'M' 'M' 'M' 'M' 'M' 'M' 'M' 'M' 'M' 'M'
 'M' 'M' 'M' 'U' 'M' 'M' 'M' 'M' 'M' 'M' 'M' 'M' 'U' 'M' 'M' 'M' 'U' 'M'
 'M' 'M' 'M' 'M' 'M' 'M' 'M' 'M' 'M' 'M' 'M' 'U' 'M' 'M' 'M' 'M' 'M' 'M'
 'M' 'M' 'M' 'M' 'U' 'M' 'M' 'M' 'M' 'M' 'M' 'M' 'M' 'M' 'M' 'M' 'M' 'M'
 'M' 'M' 'M' 'M' 'M' 'M' 'M' 'M' 'M' 'M' 'M' 'M' 'M' 'M' 'M' 'M' 'M' 'M'
 'M' 'M' 'M' 'M' 'U' 'M' 'M' 'M' 'M' 'M' 'M' 'M' 'M' 'M' 'M' 'M' 'M' 'M'
 'M' 'M' 'M' 'M' 'M' 'M' 'M' 'M' 'M' 'M' 'M' 'M' 'U' 'M' 'M' 'M' 'M' 'M'
 'M' 'M' 'M' 'M' 'A' 'A' 'A' 'A' 'A' 'A' 'A' 'A' 'A' 'U' 'M' 'M' 'M' 'M'
 'M' 'M' 'M' 'M' 'M' 'M' 'M' 'M' 'M' 'U' 'M' 'M' 'M' 'M' 'M' 'M' 'U' 'M'
 'M' 'M' 'M' 'M' 'M' 'M' 'M' 'M' 'M' 'M' 'M' 'M' 'M' 'U' 'M' 'M' 'M' 'M'
 'M' 'M' 'M' 'M' 'M' 'M' 'M' 'M' 'M' 'M' 'M' 'M' 'M' 'M' 'M' 'M' 'M' 'M']"
27401,1,189,9,180,9,0,0,"['M' 'M' 'M' 'M' 'M' 'M' 'M' 'M' 'M' 'M' 'M' 'M' 'M' 'M' 'M' 'M' 'M' 'M'
 'M' 'M' 'M' 'M' 'M' 'M' 'M' 'M' 'M' 'M' 'M' 'M' 'M' 'M' 'M' 'M' 'M' 'M'
 'M' 'M' 'M' 'M' 'M' 'M' 'M' 'M' 'M' 'M' 'M' 'U' 'M' 'M' 'U' 'M' 'M' 'M'
 'M' 'M' 'M' 'M' 'M' 'M' 'M' 'M' 'M' 'M' 'M' 'M' 'M' 'M' 'M' 'M' 'M' 'M'
 'M' 'M' 'M' 'M' 'M' 'M' 'M' 'M' 'M' 'M' 'M' 'M' 'M' 'M' 'M' 'M' 'M' 'M'
 'M' 'U' 'M' 'M' 'M' 'M' 'M' 'M' 'M' 'M' 'M' 'M' 'M' 'M' 'M' 'M' 'M' 'M'
 'M' 'M' 'M' 'M' 'M' 'M' 'M' 'M' 'M' 'M' 'M' 'M' 'U' 'M' 'M' 'M' 'M' 'M'
 'M' 'M' 'M' 'M' 'A' 'A' 'A' 'A' 'A' 'A' 'A' 'A' 'A' 'U' 'M' 'M' 'M' 'M'
 'M' 'M' 'M' 'M' 'M' 'M' 'M' 'M' 'M' 'U' 'M' 'M' 'M' 'M' 'M' 'M' 'U' 'M'
 'M' 'M' 'M' 'M' 'M' 'M' 'M' 'M' 'M' 'M' 'M' 'M' 'M' 'U' 'M' 'M' 'M' 'M'
 'M' 'M' 'M' 'M' 'U' 'M' 'M' 'M' 'M' 'M' 'M' 'M' 'M' 'M' 'M' 'M' 'M' 'M']"
27501,1,191,6,185,7,0,0,"['M' 'M' 'M' 'M' 'M' 'M' 'M' 'M' 'M' 'M' 'M' 'M' 'M' 'M' 'M' 'M' 'M' 'M'
 'M' 'M' 'M' 'M' 'M' 'M' 'M' 'M' 'M' 'M' 'M' 'M' 'M' 'M' 'M' 'M' 'M' 'M'
 'M' 'M' 'M' 'M' 'M' 'M' 'M' 'M' 'M' 'M' 'M' 'U' 'M' 'M' 'M' 'M' 'M' 'M'
 'M' 'M' 'M' 'M' 'M' 'M' 'M' 'M' 'M' 'M' 'M' 'M' 'M' 'M' 'M' 'M' 'M' 'U'
 'M' 'M' 'M' 'M' 'M' 'M' 'M' 'M' 'M' 'M' 'M' 'M' 'M' 'M' 'M' 'M' 'M' 'M'
 'M' 'M' 'M' 'M' 'M' 'M' 'M' 'M' 'M' 'M' 'M' 'M' 'M' 'M' 'M' 'M' 'M' 'M'
 'M' 'M' 'M' 'M' 'M' 'M' 'M' 'M' 'M' 'M' 'M' 'M' 'M' 'M' 'M' 'M' 'M' 'M'
 'M' 'M' 'M' 'M' 'A' 'A' 'A' 'A' 'A' 'A' 'U' 'U' 'U' 'M' 'M' 'M' 'M' 'M'
 'M' 'M' 'M' 'M' 'M' 'M' 'M' 'M' 'M' 'M' 'M' 'M' 'M' 'M' 'M' 'M' 'U' 'M'
 'M' 'M' 'M' 'M' 'M' 'M' 'M' 'M' 'M' 'M' 'M' 'M' 'M' 'M' 'M' 'M' 'M' 'M'
 'M' 'M' 'M' 'M' 'U' 'M' 'M' 'M' 'M' 'M' 'M' 'M' 'M' 'M' 'M' 'M' 'M' 'M']"
27601,1,189,4,185,9,0,0,"['M' 'M' 'M' 'M' 'M' 'M' 'M' 'M' 'M' 'M' 'M' 'M' 'M' 'M' 'M' 'M' 'M' 'M'
 'M' 'M' 'M' 'M' 'M' 'M' 'M' 'M' 'M' 'M' 'M' 'M' 'M' 'M' 'M' 'M' 'M' 'M'
 'M' 'M' 'M' 'M' 'M' 'M' 'M' 'M' 'M' 'M' 'M' 'M' 'M' 'M' 'M' 'M' 'M' 'M'
 'M' 'M' 'M' 'M' 'M' 'M' 'M' 'M' 'M' 'M' 'M' 'M' 'M' 'M' 'M' 'M' 'M' 'M'
 'M' 'M' 'M' 'M' 'M' 'M' 'M' 'M' 'M' 'M' 'M' 'M' 'M' 'M' 'M' 'M' 'M' 'M'
 'M' 'M' 'M' 'U' 'M' 'M' 'M' 'M' 'M' 'M' 'M' 'M' 'M' 'M' 'M' 'M' 'M' 'M'
 'M' 'M' 'M' 'M' 'M' 'M' 'M' 'M' 'M' 'M' 'M' 'U' 'M' 'M' 'M' 'M' 'M' 'M'
 'M' 'M' 'M' 'M' 'A' 'A' 'U' 'U' 'A' 'A' 'U' 'U' 'U' 'M' 'M' 'M' 'M' 'M'
 'M' 'M' 'M' 'M' 'M' 'M' 'M' 'M' 'M' 'M' 'M' 'M' 'M' 'M' 'M' 'M' 'M' 'M'
 'M' 'M' 'M' 'M' 'M' 'M' 'M' 'M' 'M' 'M' 'M' 'M' 'M' 'U' 'M' 'M' 'M' 'M'
 'M' 'M' 'M' 'M' 'U' 'M' 'M' 'M' 'M' 'M' 'M' 'M' 'M' 'M' 'M' 'M' 'M' 'M']"
27701,1,188,3,185,10,0,0,"['M' 'M' 'M' 'M' 'M' 'M' 'M' 'M' 'M' 'M' 'M' 'M' 'M' 'M' 'M' 'M' 'M' 'M'
 'M' 'M' 'M' 'M' 'M' 'M' 'M' 'U' 'M' 'M' 'M' 'M' 'M' 'M' 'M' 'M' 'M' 'M'
 'M' 'M' 'M' 'M' 'M' 'M' 'M' 'M' 'M' 'M' 'M' 'M' 'M' 'M' 'M' 'M' 'M' 'M'
 'M' 'M' 'M' 'M' 'M' 'M' 'M' 'M' 'M' 'M' 'M' 'M' 'M' 'M' 'M' 'U' 'M' 'M'
 'M' 'M' 'M' 'M' 'M' 'M' 'M' 'M' 'M' 'M' 'M' 'M' 'M' 'M' 'M' 'M' 'M' 'M'
 'M' 'M' 'M' 'M' 'M' 'M' 'M' 'M' 'M' 'M' 'M' 'M' 'M' 'M' 'M' 'M' 'M' 'M'
 'M' 'M' 'M' 'M' 'M' 'M' 'M' 'M' 'M' 'M' 'M' 'M' 'M' 'M' 'M' 'M' 'M' 'M'
 'M' 'M' 'M' 'M' 'A' 'A' 'U' 'U' 'U' 'A' 'U' 'U' 'M' 'M' 'M' 'M' 'M' 'M'
 'M' 'M' 'M' 'M' 'U' 'M' 'M' 'M' 'M' 'M' 'M' 'M' 'M' 'M' 'M' 'M' 'M' 'M'
 'M' 'M' 'M' 'M' 'M' 'M' 'M' 'M' 'M' 'M' 'M' 'M' 'M' 'U' 'M' 'M' 'M' 'M'
 'M' 'M' 'M' 'M' 'M' 'M' 'M' 'M' 'M' 'M' 'M' 'M' 'M' 'U' 'M' 'M' 'M' 'M']"
27801,1,191,6,185,7,0,0,"['M' 'M' 'M' 'M' 'M' 'M' 'M' 'M' 'M' 'M' 'M' 'M' 'M' 'M' 'M' 'M' 'M' 'M'
 'M' 'M' 'M' 'M' 'M' 'M' 'M' 'M' 'M' 'M' 'M' 'M' 'M' 'M' 'M' 'M' 'M' 'M'
 'M' 'M' 'M' 'M' 'M' 'M' 'M' 'M' 'M' 'M' 'M' 'M' 'M' 'M' 'M' 'M' 'M' 'M'
 'M' 'M' 'M' 'M' 'M' 'M' 'M' 'M' 'M' 'M' 'M' 'M' 'M' 'U' 'M' 'M' 'M' 'M'
 'M' 'M' 'M' 'M' 'M' 'M' 'M' 'M' 'M' 'M' 'M' 'M' 'M' 'M' 'M' 'M' 'M' 'M'
 'M' 'M' 'M' 'M' 'M' 'M' 'M' 'M' 'M' 'M' 'M' 'M' 'M' 'M' 'M' 'M' 'M' 'M'
 'M' 'M' 'M' 'M' 'M' 'M' 'M' 'M' 'M' 'M' 'M' 'M' 'M' 'M' 'M' 'M' 'M' 'M'
 'M' 'M' 'M' 'M' 'A' 'A' 'U' 'U' 'A' 'A' 'A' 'U' 'A' 'M' 'M' 'M' 'M' 'M'
 'M' 'M' 'M' 'M' 'M' 'M' 'M' 'U' 'M' 'M' 'M' 'M' 'M' 'M' 'M' 'M' 'M' 'M'
 'M' 'M' 'M' 'M' 'U' 'M' 'M' 'M' 'M' 'M' 'M' 'M' 'M' 'M' 'M' 'M' 'M' 'M'
 'M' 'M' 'M' 'M' 'M' 'M' 'M' 'M' 'M' 'M' 'M' 'M' 'M' 'U' 'M' 'M' 'M' 'M']"
27901,1,192,9,183,6,0,0,"['M' 'M' 'M' 'M' 'M' 'M' 'M' 'M' 'M' 'M' 'M' 'M' 'M' 'M' 'M' 'M' 'M' 'M'
 'M' 'M' 'M' 'M' 'M' 'M' 'M' 'M' 'M' 'M' 'M' 'M' 'M' 'M' 'M' 'M' 'M' 'M'
 'M' 'M' 'M' 'M' 'M' 'M' 'M' 'M' 'M' 'M' 'M' 'M' 'M' 'M' 'M' 'M' 'M' 'M'
 'M' 'M' 'M' 'M' 'M' 'M' 'M' 'M' 'M' 'M' 'M' 'M' 'M' 'M' 'M' 'M' 'M' 'M'
 'M' 'M' 'M' 'U' 'M' 'M' 'M' 'M' 'M' 'M' 'M' 'M' 'M' 'M' 'M' 'M' 'M' 'M'
 'M' 'M' 'M' 'M' 'M' 'M' 'M' 'M' 'M' 'M' 'M' 'M' 'M' 'M' 'M' 'M' 'M' 'M'
 'M' 'M' 'M' 'M' 'U' 'M' 'M' 'M' 'M' 'U' 'M' 'M' 'M' 'M' 'M' 'M' 'M' 'M'
 'M' 'M' 'M' 'U' 'A' 'A' 'A' 'A' 'A' 'A' 'A' 'A' 'A' 'M' 'M' 'M' 'M' 'M'
 'M' 'M' 'M' 'M' 'M' 'M' 'M' 'M' 'M' 'M' 'M' 'M' 'M' 'M' 'M' 'M' 'M' 'M'
 'M' 'M' 'M' 'M' 'U' 'M' 'M' 'M' 'M' 'M' 'M' 'M' 'M' 'M' 'M' 'M' 'M' 'M'
 'M' 'M' 'M' 'M' 'M' 'M' 'M' 'M' 'M' 'M' 'M' 'M' 'M' 'M' 'M' 'M' 'M' 'U']"
28001,1,188,8,180,10,0,0,"['M' 'M' 'M' 'M' 'M' 'M' 'M' 'M' 'M' 'M' 'M' 'M' 'M' 'M' 'M' 'M' 'M' 'U'
 'M' 'M' 'M' 'M' 'M' 'M' 'M' 'U' 'M' 'M' 'M' 'M' 'M' 'M' 'M' 'M' 'M' 'M'
 'M' 'M' 'M' 'M' 'M' 'M' 'M' 'M' 'M' 'M' 'M' 'M' 'M' 'M' 'M' 'M' 'M' 'M'
 'M' 'M' 'M' 'M' 'M' 'M' 'M' 'M' 'M' 'M' 'M' 'M' 'M' 'M' 'M' 'M' 'M' 'M'
 'M' 'M' 'M' 'M' 'M' 'M' 'M' 'M' 'M' 'M' 'M' 'M' 'M' 'M' 'M' 'U' 'M' 'M'
 'M' 'M' 'M' 'M' 'M' 'M' 'M' 'M' 'M' 'M' 'M' 'M' 'M' 'M' 'M' 'M' 'M' 'M'
 'M' 'M' 'M' 'M' 'U' 'M' 'M' 'M' 'M' 'U' 'M' 'M' 'M' 'M' 'M' 'M' 'M' 'M'
 'M' 'M' 'M' 'U' 'A' 'A' 'A' 'A' 'A' 'U' 'A' 'A' 'A' 'U' 'M' 'M' 'M' 'M'
 'M' 'M' 'M' 'M' 'M' 'M' 'M' 'M' 'M' 'M' 'M' 'M' 'M' 'M' 'M' 'M' 'M' 'M'
 'M' 'M' 'M' 'M' 'U' 'M' 'M' 'M' 'M' 'M' 'M' 'M' 'M' 'M' 'M' 'M' 'M' 'M'
 'M' 'M' 'M' 'M' 'M' 'M' 'M' 'M' 'M' 'M' 'M' 'M' 'M' 'M' 'M' 'M' 'M' 'U']"
28101,2,189,8,181,9,0,0,"['M' 'M' 'M' 'M' 'M' 'M' 'M' 'M' 'M' 'M' 'M' 'M' 'M' 'M' 'M' 'M' 'M' 'U'
 'M' 'M' 'M' 'M' 'M' 'M' 'M' 'U' 'M' 'M' 'M' 'U' 'M' 'M' 'M' 'M' 'M' 'M'
 'M' 'M' 'M' 'M' 'M' 'M' 'M' 'M' 'M' 'M' 'M' 'M' 'M' 'M' 'M' 'M' 'M' 'M'
 'M' 'M' 'M' 'M' 'M' 'M' 'M' 'M' 'M' 'M' 'M' 'M' 'M' 'M' 'M' 'M' 'M' 'M'
 'M' 'M' 'M' 'M' 'M' 'M' 'M' 'M' 'M' 'U' 'M' 'M' 'M' 'M' 'M' 'M' 'M' 'M'
 'M' 'M' 'M' 'M' 'M' 'M' 'M' 'M' 'M' 'M' 'M' 'M' 'M' 'M' 'M' 'M' 'M' 'M'
 'M' 'M' 'M' 'M' 'M' 'M' 'M' 'M' 'M' 'U' 'M' 'M' 'M' 'M' 'M' 'M' 'M' 'M'
 'M' 'M' 'M' 'U' 'A' 'A' 'A' 'A' 'A' 'A' 'A' 'A' 'U' 'M' 'M' 'M' 'M' 'M'
 'M' 'M' 'M' 'M' 'M' 'M' 'M' 'M' 'M' 'M' 'M' 'M' 'M' 'U' 'M' 'M' 'M' 'M'
 'M' 'M' 'M' 'M' 'U' 'M' 'M' 'M' 'M' 'M' 'M' 'M' 'M' 'M' 'M' 'M' 'M' 'M'
 'M' 'M' 'M' 'M' 'M' 'M' 'M' 'M' 'M' 'M' 'M' 'M' 'M' 'M' 'M' 'M' 'M' 'M']"
28201,1,188,7,181,10,0,0,"['M' 'M' 'M' 'M' 'M' 'M' 'M' 'M' 'M' 'M' 'M' 'M' 'M' 'M' 'M' 'M' 'M' 'M'
 'M' 'M' 'M' 'M' 'M' 'M' 'M' 'M' 'M' 'M' 'M' 'U' 'U' 'M' 'M' 'M' 'M' 'M'
 'M' 'M' 'M' 'M' 'M' 'M' 'M' 'M' 'M' 'M' 'M' 'M' 'M' 'M' 'M' 'M' 'M' 'M'
 'M' 'M' 'M' 'M' 'M' 'M' 'M' 'M' 'M' 'M' 'M' 'M' 'M' 'M' 'M' 'M' 'M' 'M'
 'M' 'M' 'M' 'M' 'M' 'M' 'M' 'M' 'M' 'M' 'M' 'M' 'M' 'M' 'M' 'M' 'M' 'U'
 'M' 'M' 'M' 'M' 'M' 'M' 'M' 'M' 'M' 'M' 'M' 'U' 'M' 'M' 'M' 'M' 'M' 'M'
 'M' 'M' 'M' 'M' 'M' 'M' 'M' 'M' 'M' 'U' 'M' 'M' 'M' 'M' 'M' 'M' 'M' 'M'
 'M' 'M' 'M' 'U' 'A' 'A' 'U' 'A' 'A' 'A' 'A' 'U' 'A' 'M' 'M' 'M' 'U' 'M'
 'M' 'M' 'M' 'M' 'M' 'M' 'M' 'M' 'M' 'M' 'M' 'M' 'M' 'M' 'M' 'M' 'M' 'M'
 'M' 'M' 'M' 'M' 'U' 'M' 'M' 'M' 'M' 'M' 'M' 'M' 'M' 'M' 'M' 'M' 'M' 'M'
 'M' 'M' 'M' 'M' 'M' 'M' 'M' 'M' 'M' 'M' 'M' 'M' 'M' 'M' 'M' 'M' 'M' 'M']"
28301,1,190,6,184,8,0,0,"['M' 'M' 'M' 'M' 'M' 'M' 'M' 'M' 'M' 'M' 'M' 'M' 'M' 'M' 'M' 'M' 'M' 'M'
 'M' 'M' 'M' 'M' 'M' 'M' 'M' 'M' 'M' 'M' 'M' 'M' 'U' 'M' 'M' 'M' 'M' 'M'
 'M' 'M' 'M' 'M' 'M' 'M' 'M' 'M' 'M' 'M' 'M' 'M' 'M' 'M' 'M' 'M' 'M' 'M'
 'M' 'M' 'U' 'M' 'M' 'M' 'M' 'M' 'M' 'M' 'M' 'M' 'M' 'M' 'M' 'M' 'M' 'M'
 'M' 'M' 'M' 'M' 'M' 'M' 'M' 'M' 'M' 'M' 'M' 'M' 'M' 'M' 'M' 'U' 'M' 'M'
 'M' 'M' 'M' 'M' 'M' 'M' 'M' 'M' 'M' 'M' 'M' 'M' 'M' 'M' 'M' 'M' 'M' 'M'
 'M' 'M' 'M' 'M' 'M' 'M' 'M' 'M' 'M' 'M' 'M' 'M' 'M' 'M' 'M' 'M' 'M' 'M'
 'M' 'M' 'M' 'M' 'A' 'A' 'M' 'A' 'U' 'A' 'A' 'U' 'A' 'M' 'M' 'M' 'U' 'M'
 'M' 'M' 'M' 'M' 'M' 'M' 'M' 'M' 'M' 'M' 'M' 'M' 'M' 'M' 'M' 'U' 'M' 'M'
 'M' 'M' 'M' 'M' 'M' 'M' 'M' 'M' 'M' 'M' 'M' 'M' 'M' 'M' 'M' 'M' 'M' 'M'
 'M' 'M' 'M' 'M' 'M' 'M' 'M' 'M' 'M' 'M' 'M' 'U' 'M' 'M' 'M' 'M' 'M' 'M']"
28401,1,190,5,185,8,0,0,"['M' 'M' 'M' 'M' 'M' 'M' 'M' 'M' 'M' 'M' 'M' 'M' 'M' 'M' 'M' 'M' 'M' 'M'
 'M' 'M' 'M' 'M' 'M' 'M' 'M' 'M' 'M' 'M' 'M' 'M' 'U' 'M' 'M' 'M' 'M' 'M'
 'M' 'M' 'M' 'M' 'M' 'M' 'M' 'M' 'M' 'M' 'M' 'M' 'M' 'M' 'M' 'M' 'M' 'M'
 'M' 'M' 'U' 'M' 'M' 'M' 'M' 'M' 'M' 'M' 'M' 'M' 'M' 'M' 'M' 'M' 'M' 'M'
 'M' 'M' 'M' 'M' 'M' 'M' 'M' 'M' 'M' 'M' 'M' 'U' 'M' 'M' 'M' 'M' 'M' 'M'
 'M' 'M' 'M' 'M' 'M' 'M' 'M' 'M' 'M' 'M' 'M' 'M' 'M' 'M' 'M' 'M' 'M' 'M'
 'M' 'M' 'M' 'M' 'M' 'M' 'M' 'M' 'M' 'M' 'M' 'M' 'M' 'M' 'M' 'M' 'M' 'M'
 'M' 'M' 'M' 'M' 'A' 'A' 'M' 'A' 'U' 'A' 'U' 'U' 'U' 'M' 'M' 'M' 'A' 'M'
 'M' 'M' 'M' 'M' 'M' 'M' 'M' 'M' 'M' 'M' 'M' 'M' 'M' 'M' 'M' 'U' 'M' 'M'
 'M' 'M' 'M' 'M' 'M' 'M' 'M' 'M' 'M' 'M' 'M' 'M' 'M' 'M' 'M' 'M' 'M' 'M'
 'M' 'M' 'M' 'M' 'M' 'M' 'M' 'M' 'M' 'M' 'M' 'M' 'M' 'M' 'M' 'M' 'M' 'M']"
28501,1,188,6,182,10,0,0,"['M' 'M' 'M' 'M' 'M' 'M' 'M' 'M' 'M' 'M' 'M' 'M' 'M' 'M' 'M' 'M' 'M' 'M'
 'M' 'M' 'M' 'M' 'M' 'M' 'M' 'M' 'M' 'M' 'M' 'M' 'U' 'M' 'M' 'M' 'M' 'M'
 'M' 'M' 'M' 'M' 'M' 'M' 'M' 'M' 'M' 'M' 'M' 'M' 'M' 'M' 'M' 'M' 'M' 'M'
 'M' 'M' 'U' 'M' 'M' 'M' 'M' 'M' 'M' 'M' 'U' 'M' 'M' 'M' 'M' 'M' 'M' 'M'
 'M' 'M' 'M' 'M' 'M' 'M' 'M' 'M' 'M' 'M' 'M' 'M' 'M' 'M' 'M' 'U' 'M' 'M'
 'M' 'M' 'M' 'M' 'M' 'M' 'M' 'M' 'M' 'M' 'M' 'M' 'M' 'M' 'M' 'M' 'M' 'M'
 'M' 'M' 'M' 'M' 'M' 'M' 'M' 'M' 'M' 'M' 'M' 'M' 'M' 'M' 'M' 'M' 'M' 'M'
 'M' 'M' 'M' 'U' 'A' 'A' 'M' 'A' 'A' 'A' 'M' 'U' 'U' 'M' 'M' 'M' 'A' 'M'
 'M' 'M' 'M' 'M' 'M' 'U' 'M' 'M' 'M' 'M' 'M' 'M' 'M' 'M' 'M' 'U' 'M' 'M'
 'M' 'M' 'M' 'M' 'M' 'M' 'M' 'M' 'M' 'M' 'M' 'M' 'M' 'M' 'M' 'M' 'M' 'U'
 'M' 'M' 'M' 'M' 'M' 'M' 'M' 'M' 'M' 'M' 'M' 'M' 'M' 'M' 'M' 'M' 'M' 'M']"
28601,1,185,3,182,13,0,0,"['M' 'M' 'M' 'M' 'M' 'M' 'M' 'M' 'M' 'M' 'M' 'M' 'M' 'M' 'M' 'M' 'M' 'M'
 'M' 'M' 'M' 'M' 'M' 'M' 'M' 'M' 'M' 'M' 'M' 'M' 'U' 'M' 'M' 'M' 'M' 'M'
 'M' 'U' 'M' 'M' 'M' 'M' 'M' 'M' 'M' 'M' 'M' 'M' 'M' 'M' 'M' 'M' 'M' 'U'
 'M' 'M' 'U' 'M' 'M' 'M' 'M' 'M' 'M' 'M' 'U' 'M' 'U' 'M' 'M' 'M' 'M' 'M'
 'M' 'M' 'M' 'M' 'M' 'M' 'M' 'M' 'M' 'M' 'M' 'M' 'M' 'M' 'M' 'M' 'M' 'M'
 'M' 'M' 'M' 'M' 'M' 'M' 'M' 'U' 'M' 'M' 'M' 'M' 'M' 'M' 'M' 'M' 'M' 'M'
 'M' 'M' 'M' 'M' 'M' 'M' 'M' 'M' 'M' 'M' 'M' 'M' 'M' 'M' 'M' 'M' 'M' 'M'
 'M' 'M' 'M' 'U' 'A' 'U' 'M' 'U' 'A' 'U' 'M' 'U' 'M' 'M' 'M' 'M' 'A' 'M'
 'M' 'M' 'M' 'M' 'M' 'M' 'M' 'M' 'M' 'M' 'M' 'M' 'M' 'M' 'M' 'U' 'M' 'M'
 'M' 'M' 'M' 'M' 'M' 'M' 'M' 'M' 'M' 'M' 'M' 'M' 'M' 'M' 'M' 'M' 'M' 'M'
 'M' 'M' 'M' 'M' 'M' 'M' 'M' 'M' 'M' 'M' 'M' 'M' 'M' 'M' 'M' 'M' 'M' 'M']"
28701,1,189,6,183,9,0,0,"['M' 'M' 'M' 'M' 'M' 'M' 'M' 'M' 'M' 'M' 'M' 'M' 'M' 'M' 'M' 'M' 'M' 'M'
 'M' 'M' 'M' 'M' 'M' 'M' 'M' 'M' 'M' 'M' 'M' 'M' 'U' 'M' 'M' 'M' 'M' 'M'
 'M' 'M' 'M' 'M' 'M' 'M' 'M' 'M' 'M' 'M' 'M' 'M' 'M' 'M' 'M' 'M' 'M' 'U'
 'M' 'M' 'M' 'M' 'M' 'M' 'M' 'M' 'M' 'M' 'M' 'M' 'M' 'M' 'M' 'M' 'M' 'M'
 'M' 'M' 'M' 'M' 'M' 'U' 'M' 'M' 'M' 'M' 'M' 'M' 'M' 'M' 'M' 'M' 'M' 'M'
 'M' 'M' 'M' 'M' 'M' 'M' 'M' 'A' 'M' 'M' 'M' 'M' 'M' 'M' 'M' 'M' 'M' 'M'
 'M' 'M' 'M' 'M' 'M' 'M' 'M' 'M' 'M' 'M' 'M' 'M' 'M' 'M' 'M' 'M' 'M' 'M'
 'M' 'M' 'M' 'U' 'A' 'A' 'U' 'U' 'A' 'A' 'U' 'A' 'U' 'M' 'M' 'M' 'U' 'M'
 'M' 'M' 'M' 'M' 'M' 'M' 'M' 'M' 'M' 'M' 'M' 'M' 'M' 'M' 'M' 'M' 'M' 'M'
 'M' 'M' 'M' 'M' 'M' 'M' 'M' 'M' 'M' 'M' 'M' 'M' 'M' 'M' 'M' 'M' 'M' 'M'
 'M' 'M' 'M' 'M' 'M' 'M' 'M' 'M' 'M' 'M' 'M' 'M' 'M' 'M' 'M' 'M' 'M' 'M']"
28801,1,191,7,184,7,0,1,"['M' 'M' 'M' 'M' 'M' 'M' 'M' 'M' 'M' 'M' 'M' 'M' 'M' 'M' 'M' 'M' 'M' 'M'
 'M' 'M' 'M' 'M' 'M' 'M' 'M' 'M' 'M' 'M' 'M' 'M' 'U' 'M' 'M' 'M' 'M' 'M'
 'M' 'M' 'M' 'M' 'M' 'M' 'M' 'M' 'M' 'M' 'M' 'M' 'M' 'M' 'M' 'M' 'M' 'U'
 'M' 'M' 'M' 'M' 'M' 'M' 'M' 'M' 'M' 'M' 'M' 'M' 'M' 'M' 'M' 'M' 'M' 'M'
 'M' 'M' 'M' 'M' 'M' 'M' 'M' 'M' 'M' 'M' 'M' 'M' 'M' 'M' 'U' 'M' 'M' 'M'
 'M' 'M' 'M' 'M' 'M' 'M' 'M' 'U' 'M' 'M' 'M' 'M' 'M' 'M' 'M' 'M' 'M' 'M'
 'M' 'M' 'M' 'M' 'M' 'M' 'M' 'M' 'M' 'M' 'M' 'M' 'M' 'M' 'U' 'M' 'M' 'M'
 'M' 'M' 'M' 'M' 'A' 'U' 'A' 'A' 'A' 'U' 'A' 'A' 'A' 'M' 'M' 'M' 'M' 'M'
 'M' 'M' 'M' 'M' 'M' 'M' 'M' 'M' 'M' 'M' 'M' 'M' 'M' 'M' 'M' 'M' 'M' 'M'
 'M' 'M' 'M' 'M' 'M' 'M' 'M' 'M' 'M' 'M' 'M' 'M' 'M' 'M' 'M' 'M' 'M' 'M'
 'M' 'M' 'M' 'M' 'M' 'M' 'M' 'M' 'M' 'M' 'M' 'M' 'M' 'M' 'M' 'M' 'M' 'M']"
28901,1,187,6,181,11,0,1,"['M' 'M' 'M' 'M' 'M' 'M' 'M' 'M' 'M' 'M' 'M' 'M' 'M' 'M' 'M' 'M' 'M' 'M'
 'M' 'M' 'M' 'M' 'M' 'M' 'M' 'M' 'M' 'M' 'M' 'M' 'U' 'M' 'M' 'M' 'M' 'M'
 'M' 'M' 'M' 'M' 'M' 'M' 'U' 'M' 'M' 'M' 'M' 'M' 'M' 'M' 'M' 'M' 'M' 'M'
 'M' 'M' 'M' 'M' 'M' 'M' 'M' 'M' 'M' 'M' 'M' 'M' 'M' 'M' 'M' 'M' 'M' 'M'
 'M' 'M' 'M' 'M' 'M' 'M' 'M' 'M' 'M' 'M' 'M' 'M' 'M' 'M' 'U' 'M' 'M' 'M'
 'M' 'M' 'M' 'M' 'M' 'M' 'M' 'U' 'M' 'M' 'M' 'M' 'M' 'M' 'M' 'M' 'M' 'M'
 'M' 'M' 'M' 'M' 'M' 'M' 'M' 'M' 'M' 'M' 'U' 'M' 'M' 'M' 'U' 'M' 'M' 'M'
 'M' 'M' 'M' 'M' 'A' 'U' 'U' 'A' 'A' 'U' 'A' 'A' 'A' 'M' 'M' 'M' 'M' 'M'
 'M' 'M' 'M' 'M' 'M' 'M' 'M' 'M' 'M' 'M' 'M' 'M' 'M' 'M' 'M' 'M' 'M' 'M'
 'M' 'M' 'M' 'M' 'M' 'U' 'M' 'M' 'M' 'M' 'M' 'M' 'M' 'M' 'M' 'M' 'M' 'M'
 'M' 'M' 'M' 'M' 'M' 'M' 'M' 'M' 'M' 'M' 'M' 'M' 'M' 'M' 'U' 'M' 'M' 'M']"
29001,1,184,9,175,14,0,0,"['M' 'M' 'M' 'M' 'M' 'U' 'M' 'M' 'M' 'M' 'M' 'M' 'M' 'M' 'M' 'M' 'M' 'M'
 'M' 'M' 'M' 'M' 'M' 'M' 'M' 'M' 'M' 'M' 'M' 'M' 'M' 'M' 'M' 'M' 'M' 'M'
 'U' 'M' 'M' 'M' 'M' 'M' 'U' 'M' 'M' 'M' 'M' 'M' 'M' 'M' 'U' 'M' 'M' 'M'
 'U' 'M' 'M' 'M' 'M' 'M' 'M' 'M' 'M' 'M' 'M' 'M' 'U' 'M' 'M' 'M' 'M' 'M'
 'M' 'M' 'M' 'M' 'M' 'M' 'M' 'M' 'M' 'M' 'M' 'M' 'M' 'M' 'M' 'M' 'M' 'M'
 'M' 'M' 'M' 'M' 'M' 'M' 'M' 'U' 'M' 'M' 'M' 'M' 'U' 'M' 'M' 'M' 'M' 'U'
 'M' 'M' 'M' 'U' 'M' 'M' 'M' 'M' 'M' 'M' 'U' 'M' 'M' 'M' 'U' 'U' 'M' 'M'
 'M' 'M' 'M' 'M' 'A' 'A' 'A' 'A' 'A' 'A' 'A' 'A' 'A' 'M' 'M' 'M' 'M' 'M'
 'M' 'M' 'M' 'M' 'M' 'M' 'M' 'M' 'M' 'M' 'M' 'M' 'M' 'M' 'M' 'M' 'M' 'M'
 'M' 'M' 'M' 'M' 'M' 'U' 'M' 'M' 'M' 'M' 'M' 'M' 'M' 'M' 'M' 'M' 'M' 'M'
 'M' 'M' 'M' 'M' 'M' 'M' 'M' 'M' 'M' 'M' 'M' 'M' 'M' 'M' 'M' 'M' 'M' 'M']"
29101,1,187,9,178,11,0,0,"['M' 'M' 'M' 'M' 'M' 'M' 'M' 'M' 'M' 'M' 'M' 'M' 'M' 'M' 'M' 'M' 'M' 'M'
 'M' 'M' 'M' 'M' 'M' 'M' 'M' 'M' 'M' 'M' 'M' 'M' 'M' 'M' 'M' 'M' 'M' 'M'
 'U' 'M' 'M' 'M' 'M' 'M' 'U' 'M' 'M' 'M' 'M' 'M' 'M' 'M' 'M' 'M' 'M' 'M'
 'U' 'M' 'M' 'M' 'M' 'M' 'M' 'M' 'M' 'M' 'M' 'M' 'M' 'M' 'M' 'M' 'M' 'M'
 'M' 'M' 'M' 'M' 'M' 'M' 'M' 'M' 'M' 'M' 'M' 'M' 'M' 'U' 'M' 'M' 'M' 'M'
 'M' 'M' 'M' 'M' 'M' 'M' 'M' 'U' 'M' 'M' 'M' 'M' 'M' 'M' 'M' 'M' 'M' 'U'
 'M' 'M' 'M' 'U' 'M' 'M' 'M' 'M' 'M' 'M' 'U' 'M' 'M' 'M' 'A' 'U' 'M' 'M'
 'M' 'M' 'M' 'M' 'A' 'A' 'A' 'A' 'M' 'A' 'A' 'A' 'A' 'M' 'M' 'M' 'M' 'M'
 'M' 'M' 'M' 'M' 'M' 'M' 'U' 'M' 'M' 'M' 'M' 'M' 'M' 'M' 'M' 'M' 'M' 'M'
 'M' 'M' 'M' 'M' 'M' 'U' 'M' 'M' 'M' 'M' 'M' 'M' 'M' 'M' 'M' 'M' 'M' 'M'
 'M' 'M' 'M' 'M' 'M' 'M' 'M' 'M' 'M' 'M' 'M' 'M' 'M' 'M' 'M' 'M' 'M' 'M']"
29201,1,189,6,183,9,0,0,"['M' 'M' 'M' 'M' 'M' 'M' 'M' 'M' 'M' 'M' 'M' 'M' 'M' 'M' 'M' 'M' 'M' 'M'
 'M' 'M' 'M' 'M' 'M' 'M' 'M' 'M' 'M' 'M' 'M' 'M' 'M' 'M' 'M' 'M' 'M' 'M'
 'M' 'M' 'M' 'M' 'M' 'M' 'U' 'M' 'M' 'M' 'M' 'M' 'M' 'M' 'M' 'M' 'M' 'M'
 'U' 'M' 'M' 'M' 'M' 'M' 'M' 'U' 'M' 'M' 'M' 'U' 'M' 'M' 'M' 'M' 'M' 'M'
 'M' 'M' 'M' 'M' 'M' 'M' 'M' 'M' 'M' 'M' 'M' 'M' 'M' 'M' 'M' 'M' 'M' 'M'
 'M' 'M' 'M' 'M' 'M' 'M' 'M' 'M' 'M' 'M' 'M' 'M' 'M' 'M' 'M' 'M' 'M' 'M'
 'M' 'M' 'M' 'U' 'M' 'M' 'M' 'M' 'M' 'M' 'U' 'M' 'M' 'M' 'A' 'M' 'M' 'M'
 'M' 'M' 'M' 'M' 'A' 'A' 'A' 'M' 'M' 'M' 'A' 'A' 'U' 'M' 'M' 'M' 'M' 'M'
 'M' 'M' 'M' 'M' 'M' 'M' 'M' 'M' 'M' 'M' 'M' 'M' 'M' 'M' 'M' 'M' 'U' 'M'
 'M' 'M' 'M' 'M' 'M' 'U' 'M' 'M' 'M' 'M' 'M' 'M' 'M' 'M' 'M' 'M' 'M' 'M'
 'M' 'M' 'M' 'M' 'M' 'M' 'M' 'M' 'M' 'M' 'M' 'M' 'M' 'M' 'M' 'M' 'M' 'M']"
29301,1,188,8,180,10,0,0,"['M' 'M' 'M' 'M' 'M' 'M' 'M' 'M' 'M' 'M' 'M' 'M' 'M' 'M' 'M' 'M' 'M' 'M'
 'U' 'M' 'M' 'M' 'M' 'M' 'M' 'M' 'M' 'M' 'M' 'M' 'M' 'M' 'M' 'M' 'M' 'M'
 'M' 'M' 'M' 'M' 'M' 'M' 'U' 'M' 'M' 'M' 'M' 'M' 'M' 'M' 'M' 'M' 'M' 'U'
 'M' 'M' 'M' 'M' 'M' 'M' 'M' 'U' 'M' 'M' 'M' 'M' 'M' 'M' 'M' 'M' 'M' 'M'
 'M' 'M' 'M' 'M' 'M' 'M' 'M' 'M' 'M' 'M' 'M' 'M' 'M' 'M' 'M' 'M' 'M' 'U'
 'M' 'M' 'M' 'M' 'M' 'M' 'M' 'M' 'M' 'M' 'M' 'M' 'M' 'M' 'M' 'M' 'M' 'M'
 'M' 'M' 'M' 'U' 'M' 'M' 'M' 'M' 'M' 'M' 'M' 'M' 'M' 'M' 'A' 'M' 'M' 'M'
 'M' 'M' 'M' 'M' 'A' 'A' 'A' 'A' 'M' 'U' 'A' 'A' 'A' 'M' 'M' 'M' 'M' 'M'
 'M' 'M' 'M' 'M' 'M' 'U' 'M' 'M' 'M' 'M' 'M' 'M' 'M' 'M' 'M' 'M' 'U' 'M'
 'M' 'M' 'M' 'M' 'M' 'U' 'M' 'M' 'M' 'M' 'M' 'M' 'M' 'M' 'M' 'M' 'M' 'M'
 'M' 'M' 'M' 'M' 'M' 'M' 'M' 'M' 'M' 'M' 'M' 'M' 'M' 'M' 'M' 'M' 'M' 'M']"
29401,1,185,6,179,13,0,0,"['M' 'M' 'M' 'M' 'M' 'M' 'M' 'M' 'M' 'U' 'M' 'M' 'M' 'M' 'M' 'M' 'M' 'M'
 'M' 'M' 'M' 'M' 'M' 'M' 'M' 'M' 'M' 'M' 'M' 'M' 'M' 'M' 'U' 'M' 'M' 'M'
 'M' 'M' 'M' 'M' 'M' 'M' 'U' 'M' 'M' 'M' 'M' 'M' 'M' 'M' 'M' 'M' 'M' 'M'
 'M' 'M' 'M' 'M' 'M' 'M' 'M' 'U' 'M' 'M' 'M' 'M' 'M' 'M' 'M' 'U' 'M' 'M'
 'M' 'M' 'M' 'M' 'M' 'M' 'M' 'M' 'M' 'M' 'M' 'M' 'M' 'M' 'M' 'M' 'M' 'M'
 'M' 'M' 'M' 'M' 'M' 'M' 'U' 'M' 'M' 'M' 'M' 'M' 'M' 'M' 'M' 'M' 'M' 'M'
 'M' 'M' 'M' 'U' 'M' 'M' 'M' 'M' 'M' 'M' 'M' 'M' 'M' 'M' 'U' 'M' 'M' 'M'
 'M' 'M' 'M' 'M' 'A' 'U' 'U' 'A' 'U' 'A' 'A' 'A' 'A' 'M' 'M' 'M' 'M' 'M'
 'M' 'M' 'M' 'M' 'M' 'U' 'M' 'M' 'M' 'M' 'M' 'M' 'M' 'M' 'M' 'M' 'M' 'M'
 'M' 'M' 'M' 'M' 'M' 'U' 'M' 'M' 'M' 'M' 'M' 'M' 'M' 'M' 'M' 'M' 'M' 'M'
 'M' 'M' 'M' 'M' 'M' 'M' 'M' 'M' 'M' 'M' 'M' 'M' 'M' 'M' 'M' 'M' 'M' 'M']"
29501,1,187,7,180,11,0,1,"['M' 'M' 'M' 'M' 'M' 'M' 'M' 'M' 'M' 'U' 'M' 'M' 'M' 'M' 'M' 'M' 'M' 'M'
 'M' 'M' 'M' 'M' 'M' 'M' 'M' 'M' 'M' 'M' 'M' 'M' 'M' 'M' 'U' 'M' 'M' 'M'
 'M' 'M' 'M' 'M' 'M' 'M' 'M' 'M' 'M' 'M' 'M' 'M' 'M' 'M' 'M' 'M' 'M' 'M'
 'M' 'M' 'M' 'M' 'M' 'M' 'M' 'U' 'M' 'M' 'M' 'U' 'M' 'M' 'M' 'M' 'M' 'M'
 'M' 'M' 'M' 'M' 'M' 'M' 'M' 'M' 'M' 'M' 'M' 'M' 'M' 'M' 'M' 'M' 'M' 'M'
 'M' 'M' 'M' 'M' 'M' 'M' 'U' 'M' 'M' 'M' 'M' 'M' 'M' 'M' 'M' 'M' 'M' 'M'
 'M' 'M' 'M' 'U' 'M' 'M' 'M' 'M' 'M' 'M' 'M' 'M' 'M' 'M' 'M' 'M' 'M' 'M'
 'M' 'M' 'M' 'M' 'A' 'A' 'U' 'A' 'U' 'A' 'A' 'A' 'A' 'M' 'M' 'M' 'M' 'M'
 'M' 'M' 'U' 'M' 'M' 'U' 'M' 'M' 'M' 'M' 'M' 'M' 'M' 'M' 'M' 'M' 'M' 'M'
 'M' 'M' 'M' 'M' 'M' 'U' 'M' 'M' 'M' 'M' 'M' 'M' 'M' 'M' 'M' 'M' 'M' 'M'
 'M' 'M' 'M' 'M' 'M' 'M' 'M' 'M' 'M' 'M' 'M' 'M' 'M' 'M' 'M' 'M' 'M' 'M']"
29601,1,186,5,181,12,0,1,"['M' 'M' 'M' 'M' 'M' 'M' 'M' 'M' 'M' 'A' 'M' 'M' 'M' 'M' 'M' 'M' 'M' 'M'
 'M' 'M' 'M' 'M' 'M' 'M' 'M' 'M' 'M' 'M' 'M' 'M' 'M' 'M' 'M' 'M' 'M' 'M'
 'M' 'M' 'M' 'M' 'M' 'M' 'M' 'M' 'M' 'M' 'M' 'M' 'M' 'M' 'M' 'M' 'M' 'M'
 'M' 'M' 'M' 'M' 'M' 'M' 'M' 'U' 'M' 'M' 'M' 'M' 'M' 'M' 'M' 'M' 'M' 'M'
 'M' 'M' 'M' 'M' 'M' 'M' 'M' 'M' 'M' 'M' 'M' 'U' 'M' 'M' 'M' 'M' 'M' 'M'
 'M' 'M' 'M' 'M' 'M' 'M' 'U' 'M' 'M' 'U' 'M' 'M' 'M' 'M' 'M' 'M' 'M' 'M'
 'M' 'M' 'M' 'M' 'M' 'M' 'M' 'M' 'M' 'M' 'M' 'M' 'M' 'M' 'M' 'M' 'M' 'M'
 'M' 'M' 'M' 'M' 'A' 'U' 'U' 'U' 'M' 'U' 'A' 'A' 'A' 'M' 'M' 'M' 'U' 'M'
 'M' 'M' 'U' 'M' 'M' 'U' 'M' 'M' 'M' 'M' 'M' 'M' 'M' 'M' 'M' 'M' 'M' 'M'
 'M' 'M' 'M' 'M' 'M' 'U' 'M' 'M' 'M' 'M' 'M' 'M' 'M' 'M' 'M' 'M' 'M' 'M'
 'M' 'M' 'M' 'M' 'M' 'M' 'M' 'M' 'M' 'M' 'M' 'M' 'M' 'M' 'M' 'M' 'M' 'M']"
29701,1,190,8,182,8,0,0,"['M' 'M' 'M' 'M' 'M' 'M' 'M' 'M' 'M' 'A' 'M' 'M' 'M' 'M' 'M' 'M' 'M' 'M'
 'M' 'M' 'M' 'M' 'M' 'M' 'M' 'M' 'M' 'M' 'M' 'M' 'M' 'M' 'M' 'M' 'M' 'M'
 'M' 'M' 'M' 'M' 'M' 'M' 'M' 'M' 'M' 'M' 'M' 'M' 'M' 'M' 'M' 'M' 'M' 'M'
 'M' 'M' 'M' 'M' 'M' 'M' 'M' 'U' 'M' 'M' 'M' 'M' 'M' 'M' 'M' 'M' 'M' 'M'
 'M' 'M' 'M' 'M' 'M' 'M' 'M' 'M' 'M' 'M' 'U' 'M' 'M' 'M' 'M' 'M' 'M' 'M'
 'M' 'M' 'M' 'M' 'M' 'M' 'M' 'M' 'M' 'U' 'M' 'M' 'M' 'M' 'M' 'M' 'M' 'M'
 'M' 'M' 'M' 'M' 'M' 'M' 'M' 'M' 'M' 'M' 'M' 'M' 'M' 'M' 'M' 'M' 'M' 'M'
 'M' 'M' 'M' 'M' 'A' 'M' 'A' 'A' 'U' 'A' 'A' 'A' 'A' 'M' 'M' 'M' 'U' 'M'
 'M' 'M' 'U' 'M' 'M' 'U' 'M' 'M' 'M' 'M' 'M' 'M' 'M' 'M' 'M' 'M' 'M' 'M'
 'M' 'M' 'M' 'M' 'M' 'U' 'M' 'M' 'M' 'M' 'M' 'M' 'M' 'M' 'M' 'M' 'M' 'M'
 'M' 'M' 'M' 'M' 'M' 'M' 'M' 'M' 'M' 'M' 'M' 'M' 'M' 'M' 'M' 'M' 'M' 'M']"
29801,1,186,8,178,12,0,0,"['M' 'M' 'M' 'M' 'M' 'M' 'M' 'M' 'M' 'A' 'M' 'M' 'M' 'M' 'M' 'M' 'M' 'M'
 'M' 'M' 'M' 'M' 'M' 'M' 'M' 'M' 'M' 'M' 'M' 'M' 'M' 'M' 'U' 'M' 'M' 'M'
 'M' 'M' 'M' 'M' 'M' 'M' 'M' 'M' 'M' 'M' 'M' 'M' 'M' 'M' 'M' 'M' 'M' 'M'
 'M' 'M' 'M' 'M' 'M' 'M' 'M' 'M' 'M' 'M' 'M' 'U' 'M' 'M' 'M' 'M' 'M' 'M'
 'M' 'M' 'M' 'M' 'M' 'M' 'M' 'M' 'M' 'M' 'M' 'M' 'M' 'M' 'M' 'M' 'M' 'M'
 'M' 'M' 'M' 'M' 'M' 'M' 'M' 'M' 'M' 'U' 'U' 'M' 'U' 'M' 'M' 'M' 'M' 'M'
 'M' 'M' 'M' 'M' 'M' 'M' 'M' 'M' 'M' 'M' 'M' 'M' 'M' 'U' 'M' 'M' 'M' 'M'
 'M' 'M' 'M' 'M' 'A' 'M' 'U' 'A' 'A' 'A' 'A' 'A' 'U' 'M' 'M' 'M' 'U' 'M'
 'M' 'M' 'A' 'M' 'M' 'U' 'M' 'M' 'M' 'M' 'M' 'M' 'M' 'M' 'M' 'M' 'M' 'U'
 'M' 'M' 'M' 'M' 'M' 'M' 'M' 'M' 'M' 'M' 'U' 'M' 'M' 'M' 'M' 'M' 'M' 'M'
 'M' 'M' 'M' 'M' 'M' 'M' 'M' 'M' 'M' 'M' 'M' 'M' 'M' 'M' 'M' 'M' 'M' 'M']"
29901,2,187,8,179,11,0,0,"['M' 'M' 'M' 'M' 'M' 'M' 'M' 'M' 'M' 'U' 'M' 'M' 'M' 'M' 'M' 'M' 'M' 'M'
 'M' 'M' 'M' 'M' 'U' 'M' 'M' 'M' 'M' 'M' 'M' 'M' 'M' 'M' 'U' 'M' 'M' 'M'
 'M' 'M' 'M' 'M' 'M' 'M' 'M' 'M' 'M' 'M' 'M' 'M' 'U' 'M' 'M' 'M' 'M' 'M'
 'U' 'M' 'M' 'M' 'M' 'M' 'M' 'M' 'M' 'M' 'M' 'M' 'M' 'M' 'M' 'M' 'M' 'M'
 'M' 'M' 'M' 'M' 'M' 'M' 'M' 'M' 'M' 'U' 'M' 'M' 'M' 'M' 'M' 'M' 'M' 'M'
 'M' 'M' 'M' 'M' 'M' 'M' 'M' 'M' 'M' 'U' 'U' 'M' 'M' 'M' 'M' 'M' 'M' 'M'
 'M' 'M' 'M' 'M' 'M' 'M' 'M' 'M' 'M' 'M' 'M' 'M' 'M' 'M' 'M' 'M' 'M' 'M'
 'M' 'M' 'M' 'M' 'A' 'M' 'A' 'A' 'A' 'A' 'A' 'A' 'U' 'M' 'M' 'M' 'M' 'M'
 'M' 'M' 'A' 'M' 'M' 'U' 'M' 'M' 'M' 'M' 'M' 'M' 'M' 'M' 'M' 'M' 'M' 'M'
 'M' 'M' 'M' 'M' 'M' 'M' 'M' 'M' 'M' 'M' 'U' 'M' 'M' 'M' 'M' 'M' 'M' 'M'
 'M' 'M' 'M' 'M' 'M' 'M' 'M' 'M' 'M' 'M' 'M' 'M' 'M' 'M' 'M' 'M' 'M' 'M']"
30001,1,187,5,182,11,0,0,"['M' 'M' 'M' 'M' 'M' 'M' 'M' 'M' 'M' 'U' 'M' 'M' 'M' 'M' 'M' 'M' 'M' 'M'
 'M' 'M' 'M' 'M' 'U' 'M' 'M' 'M' 'M' 'M' 'M' 'M' 'M' 'M' 'M' 'M' 'M' 'M'
 'U' 'M' 'M' 'M' 'M' 'M' 'M' 'M' 'M' 'M' 'M' 'M' 'U' 'M' 'M' 'M' 'M' 'M'
 'U' 'M' 'M' 'M' 'M' 'M' 'M' 'M' 'M' 'M' 'M' 'M' 'M' 'M' 'M' 'M' 'M' 'M'
 'U' 'M' 'M' 'M' 'M' 'M' 'M' 'M' 'M' 'M' 'M' 'M' 'M' 'M' 'M' 'M' 'M' 'M'
 'M' 'M' 'M' 'M' 'M' 'M' 'M' 'M' 'M' 'U' 'M' 'M' 'M' 'M' 'M' 'M' 'M' 'M'
 'M' 'M' 'M' 'M' 'M' 'M' 'M' 'M' 'M' 'M' 'M' 'M' 'M' 'M' 'M' 'M' 'M' 'M'
 'M' 'M' 'M' 'M' 'A' 'M' 'U' 'A' 'A' 'U' 'M' 'A' 'A' 'M' 'M' 'M' 'M' 'M'
 'M' 'M' 'M' 'M' 'M' 'U' 'M' 'M' 'M' 'M' 'M' 'M' 'M' 'M' 'M' 'M' 'M' 'M'
 'M' 'M' 'M' 'M' 'M' 'M' 'M' 'U' 'M' 'M' 'M' 'M' 'M' 'M' 'M' 'M' 'M' 'M'
 'M' 'M' 'M' 'M' 'M' 'M' 'M' 'M' 'M' 'M' 'M' 'M' 'M' 'M' 'M' 'M' 'M' 'M']"
30101,1,186,3,183,12,0,0,"['M' 'M' 'M' 'M' 'M' 'M' 'M' 'M' 'M' 'U' 'M' 'M' 'M' 'M' 'M' 'M' 'M' 'M'
 'M' 'M' 'M' 'M' 'U' 'M' 'M' 'M' 'M' 'M' 'M' 'M' 'M' 'M' 'M' 'M' 'M' 'M'
 'U' 'M' 'M' 'M' 'M' 'M' 'M' 'M' 'M' 'M' 'M' 'M' 'M' 'M' 'M' 'M' 'M' 'M'
 'U' 'M' 'M' 'M' 'M' 'M' 'M' 'M' 'M' 'M' 'M' 'M' 'M' 'M' 'M' 'M' 'M' 'M'
 'M' 'M' 'M' 'M' 'M' 'M' 'M' 'M' 'M' 'M' 'M' 'M' 'M' 'M' 'M' 'M' 'U' 'M'
 'M' 'M' 'M' 'M' 'M' 'M' 'M' 'M' 'M' 'M' 'M' 'M' 'M' 'M' 'M' 'M' 'M' 'M'
 'M' 'M' 'M' 'M' 'M' 'M' 'M' 'M' 'M' 'M' 'M' 'M' 'M' 'M' 'M' 'M' 'M' 'M'
 'M' 'M' 'M' 'M' 'A' 'M' 'U' 'U' 'U' 'U' 'M' 'A' 'A' 'M' 'M' 'M' 'M' 'M'
 'M' 'M' 'M' 'M' 'M' 'U' 'M' 'M' 'M' 'M' 'M' 'M' 'M' 'M' 'M' 'M' 'M' 'M'
 'M' 'M' 'M' 'M' 'M' 'M' 'M' 'U' 'M' 'M' 'M' 'M' 'M' 'U' 'M' 'M' 'M' 'M'
 'M' 'M' 'M' 'M' 'M' 'M' 'M' 'M' 'M' 'M' 'M' 'M' 'M' 'M' 'M' 'M' 'M' 'M']"
30201,1,190,3,187,8,0,0,"['M' 'M' 'M' 'M' 'M' 'M' 'M' 'M' 'M' 'U' 'M' 'M' 'M' 'M' 'M' 'M' 'M' 'M'
 'M' 'M' 'U' 'M' 'U' 'M' 'M' 'M' 'M' 'M' 'M' 'M' 'M' 'M' 'M' 'M' 'M' 'M'
 'M' 'M' 'M' 'M' 'M' 'M' 'M' 'M' 'M' 'M' 'M' 'M' 'M' 'M' 'M' 'M' 'M' 'M'
 'U' 'M' 'M' 'M' 'M' 'M' 'M' 'M' 'M' 'M' 'M' 'M' 'M' 'M' 'M' 'M' 'M' 'M'
 'M' 'M' 'M' 'M' 'M' 'U' 'M' 'M' 'M' 'M' 'M' 'M' 'M' 'M' 'M' 'M' 'M' 'M'
 'M' 'M' 'M' 'M' 'M' 'M' 'M' 'M' 'M' 'M' 'M' 'M' 'M' 'M' 'M' 'M' 'M' 'M'
 'M' 'M' 'M' 'M' 'M' 'M' 'M' 'M' 'M' 'M' 'M' 'M' 'M' 'M' 'M' 'M' 'M' 'M'
 'M' 'M' 'M' 'M' 'A' 'M' 'M' 'U' 'U' 'M' 'M' 'A' 'A' 'M' 'M' 'M' 'M' 'M'
 'M' 'M' 'M' 'M' 'M' 'M' 'M' 'M' 'M' 'M' 'M' 'M' 'M' 'M' 'M' 'M' 'M' 'M'
 'M' 'M' 'M' 'M' 'M' 'M' 'M' 'U' 'M' 'M' 'M' 'M' 'M' 'M' 'M' 'M' 'M' 'M'
 'M' 'M' 'M' 'M' 'M' 'M' 'M' 'M' 'M' 'M' 'M' 'M' 'M' 'M' 'M' 'M' 'M' 'M']"
30301,1,189,3,186,9,0,0,"['M' 'M' 'M' 'M' 'M' 'M' 'U' 'M' 'M' 'U' 'M' 'M' 'M' 'M' 'M' 'M' 'M' 'M'
 'M' 'M' 'M' 'M' 'U' 'M' 'M' 'M' 'M' 'M' 'M' 'M' 'M' 'M' 'M' 'M' 'M' 'M'
 'M' 'M' 'M' 'M' 'M' 'M' 'M' 'M' 'M' 'M' 'M' 'M' 'M' 'M' 'M' 'M' 'M' 'M'
 'U' 'M' 'M' 'M' 'M' 'M' 'M' 'M' 'M' 'M' 'M' 'M' 'M' 'M' 'M' 'M' 'M' 'M'
 'M' 'U' 'M' 'M' 'M' 'M' 'M' 'M' 'M' 'M' 'M' 'M' 'M' 'M' 'M' 'M' 'M' 'M'
 'M' 'M' 'M' 'M' 'M' 'M' 'M' 'M' 'M' 'M' 'U' 'M' 'M' 'M' 'M' 'M' 'M' 'M'
 'M' 'M' 'M' 'M' 'M' 'M' 'M' 'M' 'M' 'M' 'M' 'M' 'M' 'M' 'M' 'M' 'M' 'M'
 'M' 'U' 'M' 'M' 'A' 'M' 'M' 'U' 'M' 'M' 'M' 'A' 'A' 'M' 'M' 'M' 'M' 'M'
 'M' 'M' 'M' 'M' 'M' 'M' 'M' 'M' 'M' 'M' 'M' 'M' 'M' 'M' 'M' 'M' 'M' 'M'
 'M' 'M' 'M' 'M' 'M' 'M' 'M' 'U' 'M' 'M' 'M' 'M' 'M' 'M' 'M' 'M' 'M' 'M'
 'M' 'M' 'M' 'M' 'M' 'M' 'M' 'M' 'M' 'M' 'M' 'M' 'M' 'M' 'M' 'M' 'M' 'M']"
30401,1,187,5,182,11,0,0,"['M' 'M' 'M' 'M' 'M' 'M' 'U' 'M' 'M' 'U' 'M' 'M' 'M' 'M' 'M' 'M' 'M' 'M'
 'M' 'M' 'M' 'M' 'U' 'M' 'M' 'M' 'M' 'M' 'M' 'M' 'M' 'M' 'M' 'M' 'M' 'M'
 'M' 'M' 'M' 'U' 'M' 'M' 'M' 'M' 'M' 'M' 'M' 'M' 'M' 'M' 'M' 'M' 'M' 'M'
 'U' 'M' 'M' 'M' 'M' 'M' 'M' 'M' 'M' 'M' 'M' 'M' 'M' 'M' 'M' 'M' 'M' 'U'
 'M' 'M' 'M' 'M' 'M' 'M' 'M' 'M' 'M' 'M' 'M' 'M' 'M' 'M' 'M' 'M' 'M' 'M'
 'M' 'M' 'M' 'M' 'M' 'M' 'M' 'M' 'M' 'M' 'M' 'M' 'M' 'U' 'M' 'M' 'M' 'M'
 'M' 'M' 'M' 'M' 'M' 'M' 'M' 'M' 'M' 'M' 'M' 'M' 'M' 'M' 'M' 'M' 'M' 'M'
 'M' 'M' 'M' 'M' 'A' 'M' 'U' 'U' 'A' 'A' 'U' 'A' 'A' 'M' 'M' 'M' 'M' 'M'
 'M' 'M' 'M' 'M' 'M' 'M' 'M' 'M' 'M' 'M' 'M' 'M' 'M' 'M' 'M' 'M' 'M' 'M'
 'M' 'M' 'M' 'M' 'M' 'M' 'M' 'U' 'M' 'M' 'M' 'M' 'M' 'M' 'M' 'M' 'M' 'M'
 'M' 'M' 'M' 'M' 'M' 'M' 'M' 'M' 'M' 'M' 'M' 'M' 'M' 'M' 'M' 'M' 'M' 'M']"
30501,1,189,5,184,9,0,0,"['M' 'M' 'M' 'M' 'M' 'M' 'U' 'M' 'M' 'U' 'M' 'M' 'M' 'M' 'M' 'M' 'M' 'M'
 'M' 'M' 'M' 'M' 'U' 'M' 'M' 'M' 'M' 'M' 'M' 'M' 'M' 'M' 'M' 'M' 'M' 'M'
 'M' 'M' 'U' 'M' 'M' 'M' 'M' 'M' 'M' 'M' 'M' 'M' 'M' 'M' 'M' 'M' 'M' 'M'
 'U' 'M' 'M' 'M' 'M' 'M' 'M' 'M' 'M' 'M' 'M' 'M' 'M' 'M' 'M' 'M' 'M' 'M'
 'M' 'M' 'M' 'M' 'M' 'M' 'M' 'M' 'M' 'M' 'M' 'M' 'M' 'U' 'M' 'M' 'M' 'M'
 'M' 'M' 'M' 'M' 'M' 'M' 'M' 'M' 'M' 'M' 'M' 'M' 'M' 'M' 'M' 'M' 'M' 'M'
 'M' 'M' 'M' 'M' 'M' 'M' 'M' 'M' 'M' 'M' 'M' 'M' 'M' 'M' 'M' 'M' 'M' 'M'
 'M' 'M' 'M' 'M' 'A' 'M' 'A' 'A' 'M' 'U' 'U' 'A' 'A' 'M' 'M' 'M' 'M' 'M'
 'M' 'M' 'M' 'M' 'M' 'M' 'M' 'M' 'M' 'M' 'M' 'M' 'M' 'M' 'M' 'M' 'M' 'M'
 'M' 'M' 'U' 'M' 'M' 'M' 'M' 'M' 'M' 'M' 'M' 'M' 'M' 'M' 'M' 'M' 'M' 'M'
 'M' 'M' 'M' 'M' 'M' 'M' 'M' 'M' 'M' 'M' 'M' 'M' 'M' 'M' 'M' 'M' 'M' 'M']"
30601,1,194,7,187,4,0,0,"['M' 'M' 'M' 'M' 'M' 'M' 'M' 'M' 'M' 'U' 'M' 'M' 'M' 'M' 'M' 'M' 'M' 'M'
 'M' 'M' 'M' 'M' 'U' 'M' 'M' 'M' 'M' 'M' 'M' 'M' 'M' 'M' 'M' 'M' 'M' 'M'
 'M' 'M' 'A' 'M' 'M' 'M' 'M' 'M' 'M' 'M' 'M' 'M' 'M' 'M' 'M' 'M' 'M' 'M'
 'M' 'M' 'M' 'M' 'M' 'M' 'M' 'M' 'M' 'M' 'M' 'M' 'M' 'M' 'M' 'M' 'M' 'M'
 'M' 'M' 'M' 'U' 'M' 'M' 'M' 'M' 'M' 'M' 'M' 'M' 'M' 'M' 'M' 'M' 'M' 'M'
 'M' 'M' 'M' 'M' 'M' 'M' 'M' 'M' 'M' 'M' 'M' 'M' 'M' 'M' 'M' 'M' 'M' 'M'
 'M' 'M' 'M' 'M' 'M' 'M' 'M' 'M' 'M' 'M' 'M' 'M' 'M' 'M' 'M' 'M' 'M' 'M'
 'M' 'M' 'M' 'M' 'A' 'M' 'A' 'A' 'M' 'M' 'A' 'A' 'A' 'M' 'M' 'M' 'M' 'M'
 'M' 'M' 'M' 'M' 'M' 'M' 'M' 'M' 'M' 'M' 'M' 'M' 'M' 'M' 'M' 'M' 'M' 'M'
 'M' 'M' 'U' 'M' 'M' 'M' 'M' 'M' 'M' 'M' 'M' 'M' 'M' 'M' 'M' 'M' 'M' 'M'
 'M' 'M' 'M' 'M' 'M' 'M' 'M' 'M' 'M' 'M' 'M' 'M' 'M' 'M' 'M' 'M' 'M' 'M']"
30701,1,191,5,186,7,0,0,"['M' 'M' 'M' 'M' 'M' 'M' 'M' 'M' 'M' 'U' 'M' 'M' 'M' 'M' 'M' 'M' 'M' 'M'
 'M' 'M' 'M' 'M' 'M' 'M' 'M' 'M' 'M' 'M' 'M' 'M' 'M' 'M' 'U' 'M' 'M' 'M'
 'M' 'M' 'A' 'M' 'M' 'M' 'M' 'M' 'M' 'M' 'M' 'M' 'M' 'M' 'M' 'M' 'M' 'M'
 'M' 'M' 'M' 'M' 'M' 'M' 'M' 'U' 'M' 'M' 'M' 'M' 'M' 'M' 'M' 'M' 'M' 'M'
 'U' 'M' 'M' 'M' 'M' 'M' 'M' 'M' 'M' 'M' 'M' 'M' 'M' 'M' 'M' 'M' 'M' 'M'
 'M' 'M' 'M' 'M' 'M' 'M' 'M' 'M' 'M' 'M' 'M' 'M' 'M' 'M' 'M' 'M' 'M' 'M'
 'M' 'M' 'M' 'M' 'M' 'M' 'M' 'M' 'M' 'M' 'M' 'M' 'M' 'M' 'M' 'M' 'M' 'M'
 'M' 'M' 'M' 'M' 'A' 'M' 'A' 'A' 'M' 'M' 'A' 'U' 'U' 'M' 'M' 'M' 'M' 'M'
 'M' 'M' 'M' 'M' 'M' 'M' 'M' 'M' 'M' 'M' 'M' 'M' 'M' 'M' 'M' 'M' 'M' 'M'
 'M' 'M' 'U' 'M' 'M' 'M' 'M' 'M' 'M' 'M' 'M' 'M' 'M' 'M' 'M' 'M' 'M' 'M'
 'M' 'M' 'M' 'M' 'M' 'M' 'M' 'M' 'M' 'M' 'M' 'M' 'M' 'M' 'M' 'M' 'M' 'M']"
30801,1,186,4,182,12,0,0,"['M' 'M' 'M' 'M' 'M' 'U' 'M' 'M' 'M' 'U' 'M' 'M' 'M' 'M' 'M' 'M' 'M' 'M'
 'M' 'M' 'M' 'M' 'M' 'M' 'M' 'M' 'M' 'M' 'M' 'M' 'M' 'M' 'U' 'M' 'M' 'M'
 'M' 'M' 'A' 'M' 'M' 'M' 'M' 'M' 'M' 'M' 'M' 'M' 'M' 'M' 'M' 'M' 'M' 'M'
 'M' 'M' 'M' 'M' 'M' 'M' 'M' 'M' 'M' 'M' 'M' 'M' 'M' 'U' 'M' 'M' 'M' 'M'
 'M' 'M' 'M' 'M' 'M' 'M' 'M' 'M' 'M' 'M' 'M' 'M' 'M' 'M' 'M' 'M' 'M' 'M'
 'M' 'M' 'M' 'M' 'M' 'M' 'M' 'M' 'M' 'M' 'M' 'M' 'M' 'M' 'M' 'M' 'M' 'M'
 'M' 'M' 'M' 'M' 'M' 'M' 'M' 'M' 'M' 'M' 'M' 'M' 'M' 'M' 'M' 'M' 'M' 'M'
 'M' 'M' 'M' 'M' 'A' 'U' 'U' 'A' 'U' 'U' 'A' 'U' 'U' 'M' 'M' 'M' 'M' 'M'
 'M' 'M' 'M' 'M' 'M' 'M' 'M' 'M' 'M' 'M' 'M' 'M' 'M' 'M' 'M' 'U' 'M' 'M'
 'M' 'M' 'U' 'M' 'M' 'M' 'M' 'M' 'M' 'M' 'M' 'M' 'M' 'M' 'M' 'M' 'M' 'M'
 'M' 'M' 'M' 'M' 'M' 'M' 'M' 'M' 'M' 'M' 'M' 'M' 'M' 'M' 'M' 'M' 'M' 'M']"
30901,2,187,8,179,11,0,0,"['M' 'M' 'M' 'U' 'M' 'U' 'M' 'M' 'M' 'U' 'M' 'M' 'M' 'M' 'M' 'M' 'M' 'M'
 'M' 'M' 'M' 'M' 'M' 'M' 'M' 'M' 'M' 'M' 'M' 'M' 'M' 'M' 'U' 'M' 'M' 'M'
 'M' 'M' 'A' 'M' 'M' 'M' 'M' 'M' 'M' 'M' 'M' 'M' 'M' 'M' 'M' 'M' 'M' 'M'
 'M' 'M' 'M' 'M' 'M' 'U' 'M' 'M' 'M' 'M' 'M' 'M' 'M' 'M' 'M' 'M' 'M' 'M'
 'M' 'U' 'M' 'M' 'M' 'M' 'M' 'M' 'M' 'M' 'M' 'M' 'M' 'M' 'M' 'M' 'M' 'M'
 'M' 'M' 'M' 'M' 'M' 'M' 'M' 'M' 'M' 'M' 'M' 'M' 'M' 'M' 'M' 'M' 'M' 'M'
 'U' 'M' 'M' 'M' 'M' 'M' 'M' 'M' 'M' 'M' 'M' 'M' 'M' 'M' 'M' 'M' 'M' 'M'
 'M' 'M' 'M' 'M' 'A' 'A' 'A' 'U' 'A' 'A' 'A' 'U' 'A' 'M' 'M' 'M' 'M' 'M'
 'M' 'M' 'M' 'M' 'M' 'M' 'M' 'M' 'M' 'M' 'M' 'M' 'M' 'M' 'M' 'U' 'M' 'M'
 'M' 'M' 'M' 'M' 'M' 'M' 'M' 'M' 'M' 'M' 'M' 'M' 'M' 'M' 'M' 'M' 'M' 'M'
 'M' 'M' 'M' 'M' 'M' 'M' 'M' 'M' 'U' 'M' 'M' 'M' 'M' 'M' 'M' 'M' 'M' 'M']"
31001,1,182,6,176,16,0,0,"['M' 'M' 'M' 'M' 'M' 'U' 'M' 'M' 'M' 'U' 'M' 'M' 'M' 'M' 'M' 'M' 'M' 'M'
 'M' 'M' 'M' 'M' 'M' 'M' 'M' 'M' 'M' 'M' 'M' 'M' 'M' 'M' 'U' 'M' 'M' 'M'
 'M' 'M' 'U' 'M' 'M' 'M' 'M' 'M' 'M' 'M' 'M' 'M' 'M' 'M' 'M' 'M' 'M' 'M'
 'M' 'M' 'M' 'M' 'U' 'M' 'M' 'M' 'M' 'M' 'U' 'M' 'M' 'M' 'M' 'M' 'M' 'M'
 'M' 'M' 'M' 'M' 'M' 'M' 'M' 'M' 'M' 'M' 'M' 'M' 'M' 'U' 'M' 'M' 'M' 'M'
 'M' 'M' 'M' 'M' 'M' 'M' 'M' 'M' 'U' 'M' 'M' 'M' 'M' 'M' 'M' 'M' 'M' 'M'
 'U' 'M' 'M' 'M' 'M' 'M' 'M' 'M' 'M' 'M' 'M' 'U' 'M' 'M' 'M' 'M' 'M' 'M'
 'M' 'M' 'M' 'M' 'A' 'A' 'A' 'U' 'A' 'M' 'A' 'A' 'U' 'M' 'M' 'M' 'M' 'M'
 'M' 'M' 'M' 'M' 'M' 'M' 'U' 'M' 'M' 'M' 'M' 'M' 'M' 'M' 'M' 'U' 'M' 'M'
 'M' 'M' 'M' 'M' 'M' 'M' 'U' 'M' 'M' 'M' 'M' 'M' 'M' 'M' 'M' 'M' 'M' 'M'
 'M' 'M' 'M' 'M' 'M' 'M' 'M' 'M' 'U' 'M' 'M' 'M' 'M' 'M' 'M' 'M' 'M' 'M']"
31101,1,186,8,178,12,0,0,"['M' 'M' 'M' 'M' 'M' 'U' 'M' 'M' 'M' 'M' 'M' 'M' 'M' 'M' 'M' 'M' 'M' 'M'
 'M' 'M' 'M' 'M' 'M' 'M' 'M' 'M' 'M' 'M' 'M' 'M' 'M' 'M' 'U' 'M' 'M' 'M'
 'M' 'M' 'U' 'M' 'M' 'M' 'M' 'M' 'M' 'M' 'M' 'M' 'M' 'M' 'M' 'M' 'M' 'M'
 'M' 'M' 'M' 'M' 'M' 'M' 'M' 'M' 'M' 'M' 'U' 'M' 'M' 'U' 'M' 'M' 'M' 'M'
 'M' 'M' 'M' 'M' 'M' 'M' 'M' 'M' 'M' 'M' 'M' 'M' 'M' 'M' 'M' 'M' 'M' 'M'
 'M' 'M' 'M' 'M' 'M' 'M' 'M' 'M' 'U' 'M' 'M' 'M' 'M' 'M' 'M' 'M' 'M' 'M'
 'U' 'M' 'M' 'M' 'M' 'M' 'M' 'M' 'M' 'M' 'M' 'U' 'M' 'M' 'M' 'M' 'M' 'M'
 'M' 'M' 'M' 'M' 'A' 'A' 'A' 'A' 'U' 'A' 'U' 'A' 'A' 'M' 'M' 'M' 'M' 'M'
 'M' 'M' 'M' 'M' 'M' 'M' 'M' 'U' 'M' 'M' 'M' 'M' 'M' 'M' 'M' 'A' 'M' 'M'
 'M' 'M' 'M' 'M' 'M' 'M' 'U' 'M' 'M' 'M' 'M' 'M' 'M' 'M' 'M' 'M' 'M' 'M'
 'M' 'M' 'M' 'M' 'M' 'M' 'M' 'M' 'M' 'M' 'M' 'M' 'M' 'M' 'M' 'M' 'M' 'M']"
31201,1,190,9,181,8,0,0,"['M' 'M' 'M' 'M' 'M' 'U' 'M' 'M' 'M' 'M' 'M' 'M' 'M' 'M' 'M' 'M' 'M' 'M'
 'M' 'M' 'M' 'M' 'M' 'M' 'M' 'M' 'M' 'M' 'M' 'M' 'M' 'M' 'M' 'M' 'M' 'M'
 'M' 'M' 'M' 'M' 'M' 'M' 'M' 'M' 'M' 'M' 'M' 'M' 'M' 'M' 'M' 'M' 'M' 'M'
 'M' 'M' 'M' 'M' 'M' 'M' 'M' 'M' 'M' 'M' 'M' 'M' 'M' 'M' 'M' 'U' 'M' 'M'
 'M' 'M' 'M' 'M' 'M' 'M' 'M' 'M' 'M' 'M' 'M' 'M' 'M' 'M' 'M' 'M' 'M' 'M'
 'M' 'M' 'M' 'M' 'M' 'M' 'M' 'M' 'U' 'M' 'M' 'M' 'M' 'M' 'M' 'M' 'M' 'M'
 'M' 'M' 'M' 'M' 'M' 'M' 'M' 'M' 'M' 'M' 'M' 'U' 'M' 'M' 'M' 'M' 'M' 'M'
 'U' 'M' 'M' 'M' 'A' 'A' 'A' 'A' 'A' 'U' 'A' 'A' 'A' 'M' 'M' 'M' 'M' 'M'
 'M' 'M' 'M' 'M' 'M' 'M' 'M' 'M' 'M' 'M' 'M' 'M' 'M' 'M' 'M' 'A' 'M' 'M'
 'M' 'M' 'M' 'M' 'M' 'M' 'U' 'M' 'M' 'M' 'M' 'U' 'M' 'M' 'M' 'M' 'M' 'M'
 'M' 'M' 'M' 'M' 'M' 'M' 'M' 'M' 'M' 'M' 'M' 'M' 'M' 'M' 'M' 'M' 'M' 'M']"
31301,1,193,10,183,5,0,1,"['M' 'M' 'M' 'M' 'M' 'M' 'M' 'M' 'M' 'M' 'M' 'M' 'M' 'M' 'M' 'M' 'M' 'U'
 'M' 'M' 'M' 'M' 'M' 'M' 'M' 'M' 'M' 'M' 'M' 'U' 'M' 'M' 'M' 'M' 'M' 'M'
 'M' 'M' 'M' 'M' 'M' 'M' 'M' 'M' 'M' 'M' 'M' 'M' 'M' 'M' 'M' 'M' 'M' 'M'
 'M' 'M' 'M' 'M' 'M' 'M' 'M' 'M' 'M' 'M' 'M' 'M' 'M' 'M' 'M' 'M' 'M' 'M'
 'M' 'M' 'M' 'M' 'M' 'M' 'M' 'M' 'M' 'M' 'U' 'M' 'M' 'M' 'M' 'M' 'M' 'M'
 'M' 'M' 'M' 'M' 'M' 'M' 'M' 'M' 'U' 'M' 'M' 'M' 'M' 'M' 'M' 'M' 'M' 'M'
 'M' 'M' 'M' 'M' 'M' 'M' 'M' 'M' 'M' 'M' 'M' 'M' 'M' 'M' 'M' 'M' 'M' 'M'
 'M' 'M' 'M' 'M' 'A' 'A' 'A' 'A' 'A' 'A' 'A' 'A' 'A' 'M' 'M' 'U' 'M' 'M'
 'M' 'M' 'M' 'M' 'M' 'M' 'M' 'M' 'M' 'M' 'M' 'M' 'M' 'M' 'M' 'A' 'M' 'M'
 'M' 'M' 'M' 'M' 'M' 'M' 'M' 'M' 'M' 'M' 'M' 'M' 'M' 'M' 'M' 'M' 'M' 'M'
 'M' 'M' 'M' 'M' 'M' 'M' 'M' 'M' 'M' 'M' 'M' 'M' 'M' 'M' 'M' 'M' 'M' 'M']"
31401,1,193,10,183,5,0,0,"['M' 'M' 'M' 'M' 'M' 'M' 'M' 'M' 'M' 'M' 'M' 'M' 'M' 'M' 'M' 'M' 'M' 'U'
 'M' 'M' 'M' 'M' 'M' 'M' 'M' 'M' 'M' 'M' 'M' 'U' 'M' 'M' 'M' 'M' 'M' 'M'
 'M' 'M' 'M' 'M' 'M' 'M' 'M' 'M' 'M' 'M' 'M' 'M' 'M' 'M' 'M' 'M' 'M' 'M'
 'M' 'M' 'M' 'M' 'M' 'M' 'M' 'M' 'M' 'M' 'M' 'M' 'M' 'M' 'M' 'M' 'M' 'M'
 'M' 'M' 'M' 'M' 'M' 'M' 'M' 'M' 'M' 'M' 'M' 'U' 'M' 'M' 'M' 'M' 'M' 'M'
 'M' 'M' 'M' 'M' 'M' 'M' 'M' 'M' 'U' 'M' 'M' 'M' 'M' 'M' 'M' 'M' 'M' 'M'
 'M' 'M' 'M' 'M' 'M' 'M' 'M' 'M' 'M' 'M' 'M' 'M' 'M' 'M' 'M' 'M' 'M' 'M'
 'M' 'M' 'M' 'M' 'A' 'A' 'A' 'A' 'A' 'A' 'A' 'A' 'A' 'M' 'M' 'M' 'M' 'M'
 'U' 'M' 'M' 'M' 'M' 'M' 'M' 'M' 'M' 'M' 'M' 'M' 'M' 'M' 'M' 'A' 'M' 'M'
 'M' 'M' 'M' 'M' 'M' 'M' 'M' 'M' 'M' 'M' 'M' 'M' 'M' 'M' 'M' 'M' 'M' 'M'
 'M' 'M' 'M' 'M' 'M' 'M' 'M' 'M' 'M' 'M' 'M' 'M' 'M' 'M' 'M' 'M' 'M' 'M']"
31501,2,190,10,180,8,0,0,"['M' 'M' 'M' 'M' 'M' 'M' 'M' 'M' 'M' 'M' 'M' 'M' 'M' 'M' 'M' 'M' 'M' 'U'
 'M' 'M' 'M' 'M' 'M' 'M' 'M' 'M' 'M' 'M' 'M' 'M' 'M' 'M' 'M' 'M' 'M' 'M'
 'M' 'M' 'M' 'M' 'M' 'M' 'U' 'M' 'M' 'M' 'M' 'M' 'M' 'M' 'M' 'M' 'M' 'M'
 'M' 'M' 'M' 'M' 'M' 'M' 'M' 'M' 'M' 'M' 'M' 'M' 'M' 'M' 'M' 'M' 'M' 'M'
 'M' 'M' 'M' 'M' 'M' 'M' 'M' 'M' 'M' 'M' 'M' 'M' 'M' 'M' 'M' 'M' 'M' 'M'
 'M' 'M' 'M' 'M' 'U' 'M' 'M' 'U' 'U' 'M' 'M' 'M' 'M' 'M' 'M' 'M' 'M' 'M'
 'M' 'M' 'M' 'M' 'M' 'M' 'M' 'M' 'M' 'M' 'M' 'M' 'M' 'M' 'M' 'M' 'M' 'M'
 'M' 'M' 'M' 'M' 'A' 'A' 'A' 'A' 'A' 'A' 'A' 'A' 'A' 'M' 'M' 'M' 'M' 'M'
 'M' 'M' 'M' 'M' 'M' 'M' 'M' 'M' 'M' 'M' 'M' 'M' 'M' 'U' 'U' 'A' 'M' 'M'
 'M' 'M' 'M' 'M' 'M' 'M' 'M' 'M' 'M' 'M' 'M' 'M' 'M' 'M' 'M' 'M' 'M' 'M'
 'M' 'M' 'M' 'M' 'M' 'M' 'M' 'M' 'M' 'U' 'M' 'M' 'M' 'M' 'M' 'M' 'M' 'M']"
31601,1,186,8,178,12,0,0,"['M' 'M' 'M' 'U' 'M' 'M' 'M' 'M' 'M' 'M' 'M' 'M' 'M' 'M' 'M' 'M' 'M' 'M'
 'M' 'M' 'M' 'M' 'M' 'M' 'M' 'M' 'M' 'M' 'M' 'U' 'M' 'M' 'M' 'M' 'M' 'M'
 'M' 'M' 'M' 'M' 'M' 'M' 'U' 'M' 'M' 'M' 'M' 'M' 'M' 'M' 'M' 'M' 'M' 'M'
 'M' 'M' 'M' 'M' 'M' 'M' 'M' 'M' 'M' 'M' 'M' 'M' 'M' 'M' 'M' 'M' 'M' 'M'
 'M' 'M' 'M' 'M' 'M' 'U' 'M' 'M' 'M' 'M' 'M' 'M' 'M' 'M' 'M' 'M' 'M' 'M'
 'M' 'M' 'M' 'M' 'M' 'M' 'M' 'U' 'M' 'M' 'M' 'M' 'M' 'M' 'M' 'U' 'M' 'M'
 'M' 'M' 'M' 'M' 'M' 'M' 'M' 'M' 'M' 'M' 'M' 'M' 'M' 'M' 'M' 'M' 'M' 'M'
 'M' 'M' 'M' 'M' 'A' 'A' 'A' 'A' 'A' 'U' 'A' 'A' 'U' 'M' 'M' 'M' 'M' 'M'
 'M' 'M' 'M' 'M' 'M' 'M' 'M' 'M' 'M' 'M' 'M' 'M' 'M' 'U' 'U' 'A' 'M' 'M'
 'M' 'M' 'M' 'M' 'M' 'M' 'M' 'M' 'M' 'M' 'M' 'M' 'M' 'M' 'M' 'M' 'M' 'M'
 'M' 'M' 'M' 'M' 'M' 'M' 'M' 'M' 'M' 'U' 'M' 'M' 'M' 'M' 'M' 'M' 'M' 'U']"
31701,1,185,9,176,13,0,0,"['M' 'M' 'M' 'U' 'M' 'M' 'M' 'M' 'M' 'M' 'M' 'M' 'M' 'M' 'M' 'M' 'M' 'M'
 'M' 'M' 'M' 'M' 'M' 'M' 'M' 'M' 'M' 'M' 'M' 'M' 'M' 'M' 'M' 'M' 'M' 'U'
 'M' 'M' 'M' 'M' 'M' 'M' 'U' 'M' 'M' 'M' 'M' 'M' 'M' 'M' 'M' 'M' 'M' 'M'
 'M' 'U' 'M' 'M' 'M' 'M' 'M' 'M' 'M' 'M' 'M' 'M' 'M' 'M' 'M' 'M' 'M' 'M'
 'M' 'M' 'M' 'M' 'M' 'M' 'M' 'M' 'M' 'M' 'U' 'M' 'M' 'M' 'M' 'M' 'M' 'M'
 'M' 'M' 'M' 'M' 'M' 'M' 'M' 'U' 'M' 'M' 'M' 'M' 'M' 'M' 'M' 'U' 'M' 'M'
 'M' 'M' 'M' 'M' 'M' 'M' 'M' 'M' 'M' 'M' 'M' 'M' 'M' 'M' 'M' 'M' 'M' 'M'
 'M' 'M' 'M' 'M' 'A' 'A' 'U' 'A' 'A' 'A' 'A' 'A' 'A' 'M' 'M' 'M' 'M' 'M'
 'M' 'M' 'M' 'U' 'M' 'M' 'M' 'M' 'M' 'M' 'M' 'M' 'M' 'U' 'U' 'A' 'M' 'M'
 'M' 'M' 'M' 'U' 'M' 'M' 'M' 'M' 'M' 'M' 'M' 'M' 'M' 'M' 'M' 'M' 'M' 'M'
 'M' 'M' 'M' 'M' 'M' 'M' 'M' 'M' 'M' 'M' 'M' 'M' 'M' 'M' 'M' 'M' 'M' 'U']"
31801,1,185,9,176,13,0,0,"['M' 'M' 'M' 'U' 'M' 'M' 'M' 'M' 'M' 'M' 'M' 'M' 'M' 'M' 'M' 'M' 'M' 'M'
 'M' 'M' 'M' 'M' 'M' 'U' 'M' 'M' 'M' 'M' 'M' 'M' 'M' 'M' 'M' 'M' 'M' 'U'
 'M' 'M' 'M' 'M' 'M' 'M' 'U' 'M' 'M' 'M' 'M' 'M' 'M' 'M' 'U' 'M' 'M' 'M'
 'M' 'M' 'M' 'M' 'M' 'M' 'M' 'M' 'M' 'M' 'M' 'M' 'M' 'M' 'M' 'M' 'M' 'M'
 'M' 'M' 'M' 'M' 'M' 'M' 'M' 'M' 'M' 'M' 'M' 'M' 'M' 'M' 'M' 'M' 'M' 'M'
 'M' 'M' 'U' 'M' 'M' 'M' 'M' 'U' 'M' 'M' 'M' 'M' 'M' 'M' 'M' 'M' 'M' 'M'
 'M' 'M' 'M' 'M' 'M' 'M' 'M' 'M' 'M' 'M' 'M' 'M' 'M' 'M' 'M' 'M' 'M' 'M'
 'M' 'M' 'M' 'M' 'A' 'A' 'U' 'A' 'U' 'A' 'A' 'A' 'A' 'M' 'M' 'M' 'M' 'M'
 'M' 'M' 'U' 'U' 'M' 'M' 'M' 'M' 'U' 'M' 'M' 'M' 'M' 'M' 'U' 'A' 'M' 'M'
 'M' 'M' 'M' 'A' 'M' 'M' 'M' 'M' 'M' 'M' 'M' 'M' 'M' 'M' 'M' 'M' 'M' 'M'
 'M' 'M' 'M' 'M' 'M' 'M' 'M' 'M' 'M' 'M' 'M' 'M' 'M' 'M' 'M' 'M' 'M' 'M']"
31901,1,185,10,175,13,0,0,"['M' 'M' 'M' 'U' 'M' 'M' 'M' 'M' 'M' 'M' 'M' 'M' 'M' 'M' 'M' 'M' 'M' 'M'
 'M' 'M' 'M' 'M' 'M' 'U' 'M' 'M' 'M' 'M' 'M' 'M' 'M' 'M' 'M' 'M' 'M' 'U'
 'M' 'M' 'M' 'M' 'M' 'M' 'A' 'M' 'M' 'M' 'M' 'M' 'M' 'M' 'U' 'M' 'M' 'M'
 'M' 'M' 'U' 'M' 'M' 'M' 'M' 'M' 'M' 'M' 'M' 'M' 'M' 'M' 'M' 'U' 'M' 'M'
 'M' 'M' 'M' 'M' 'M' 'M' 'M' 'M' 'M' 'M' 'M' 'M' 'M' 'M' 'M' 'M' 'M' 'M'
 'M' 'M' 'M' 'M' 'M' 'M' 'M' 'U' 'M' 'M' 'M' 'M' 'M' 'M' 'M' 'M' 'M' 'M'
 'M' 'M' 'M' 'M' 'M' 'M' 'M' 'M' 'M' 'M' 'M' 'M' 'M' 'M' 'M' 'M' 'M' 'M'
 'M' 'M' 'M' 'M' 'A' 'A' 'A' 'A' 'U' 'U' 'A' 'A' 'A' 'M' 'M' 'M' 'M' 'M'
 'M' 'M' 'M' 'U' 'M' 'M' 'M' 'M' 'U' 'M' 'M' 'M' 'U' 'M' 'U' 'A' 'M' 'M'
 'M' 'M' 'M' 'A' 'M' 'M' 'M' 'M' 'M' 'M' 'M' 'M' 'M' 'M' 'M' 'M' 'M' 'M'
 'M' 'M' 'M' 'M' 'M' 'M' 'M' 'M' 'M' 'M' 'M' 'M' 'M' 'M' 'M' 'M' 'M' 'M']"
32001,1,186,9,177,12,0,0,"['M' 'M' 'M' 'M' 'M' 'M' 'M' 'M' 'M' 'M' 'M' 'M' 'M' 'M' 'U' 'M' 'M' 'M'
 'M' 'M' 'M' 'M' 'M' 'M' 'M' 'M' 'M' 'M' 'M' 'U' 'M' 'M' 'M' 'M' 'M' 'M'
 'M' 'M' 'M' 'M' 'M' 'M' 'A' 'M' 'M' 'M' 'M' 'M' 'M' 'M' 'U' 'M' 'M' 'M'
 'M' 'M' 'M' 'M' 'M' 'M' 'M' 'M' 'M' 'M' 'M' 'M' 'M' 'M' 'M' 'M' 'M' 'M'
 'M' 'M' 'M' 'M' 'M' 'M' 'M' 'M' 'M' 'M' 'M' 'M' 'M' 'M' 'M' 'M' 'M' 'M'
 'M' 'U' 'M' 'M' 'M' 'M' 'M' 'M' 'M' 'M' 'M' 'M' 'M' 'M' 'M' 'M' 'M' 'M'
 'M' 'M' 'M' 'M' 'M' 'M' 'U' 'U' 'M' 'M' 'M' 'M' 'M' 'M' 'M' 'M' 'M' 'M'
 'M' 'M' 'M' 'M' 'A' 'M' 'A' 'A' 'A' 'A' 'A' 'A' 'U' 'M' 'M' 'M' 'M' 'M'
 'M' 'M' 'M' 'A' 'M' 'M' 'M' 'M' 'U' 'M' 'M' 'M' 'U' 'M' 'U' 'U' 'M' 'M'
 'M' 'M' 'M' 'U' 'M' 'M' 'M' 'M' 'M' 'M' 'M' 'M' 'M' 'M' 'M' 'M' 'M' 'M'
 'M' 'M' 'M' 'M' 'M' 'M' 'M' 'M' 'M' 'M' 'M' 'M' 'M' 'M' 'M' 'M' 'M' 'M']"
32101,1,181,9,172,17,0,1,"['M' 'M' 'M' 'M' 'M' 'M' 'M' 'M' 'M' 'M' 'M' 'M' 'M' 'U' 'U' 'M' 'M' 'M'
 'M' 'M' 'U' 'M' 'M' 'U' 'M' 'M' 'M' 'M' 'M' 'U' 'M' 'M' 'M' 'M' 'M' 'U'
 'M' 'M' 'M' 'M' 'M' 'M' 'A' 'M' 'M' 'M' 'M' 'M' 'M' 'M' 'M' 'M' 'M' 'M'
 'M' 'M' 'M' 'M' 'M' 'M' 'M' 'M' 'M' 'M' 'M' 'M' 'M' 'M' 'M' 'M' 'M' 'U'
 'M' 'M' 'M' 'M' 'M' 'M' 'M' 'M' 'M' 'M' 'M' 'M' 'M' 'M' 'M' 'M' 'M' 'M'
 'M' 'M' 'M' 'M' 'M' 'M' 'M' 'M' 'M' 'M' 'M' 'M' 'M' 'M' 'M' 'M' 'M' 'M'
 'M' 'M' 'U' 'M' 'M' 'M' 'U' 'U' 'M' 'M' 'M' 'M' 'M' 'M' 'M' 'M' 'M' 'M'
 'M' 'M' 'M' 'M' 'A' 'U' 'A' 'U' 'A' 'A' 'A' 'M' 'A' 'M' 'M' 'M' 'U' 'M'
 'M' 'M' 'M' 'A' 'M' 'M' 'M' 'M' 'M' 'M' 'M' 'M' 'U' 'U' 'U' 'A' 'M' 'M'
 'M' 'M' 'M' 'U' 'M' 'M' 'M' 'M' 'M' 'M' 'M' 'M' 'M' 'M' 'M' 'M' 'M' 'M'
 'M' 'M' 'M' 'M' 'M' 'M' 'M' 'M' 'M' 'M' 'M' 'M' 'M' 'M' 'M' 'M' 'M' 'M']"
32201,2,183,12,171,15,0,0,"['M' 'M' 'U' 'U' 'M' 'M' 'M' 'M' 'M' 'M' 'M' 'M' 'M' 'M' 'M' 'M' 'M' 'M'
 'M' 'M' 'A' 'M' 'M' 'M' 'M' 'M' 'M' 'M' 'M' 'M' 'M' 'M' 'M' 'M' 'M' 'U'
 'M' 'M' 'M' 'M' 'M' 'M' 'A' 'M' 'M' 'M' 'M' 'M' 'M' 'M' 'M' 'M' 'M' 'M'
 'M' 'M' 'M' 'M' 'M' 'M' 'M' 'M' 'M' 'M' 'M' 'M' 'M' 'U' 'M' 'M' 'M' 'M'
 'M' 'M' 'M' 'M' 'M' 'M' 'M' 'M' 'M' 'M' 'M' 'M' 'M' 'M' 'M' 'M' 'M' 'M'
 'M' 'M' 'M' 'M' 'M' 'M' 'M' 'M' 'M' 'M' 'M' 'M' 'M' 'M' 'M' 'M' 'M' 'M'
 'M' 'M' 'U' 'M' 'M' 'M' 'U' 'U' 'M' 'M' 'M' 'M' 'M' 'M' 'M' 'M' 'M' 'M'
 'M' 'M' 'M' 'M' 'A' 'A' 'A' 'A' 'U' 'A' 'A' 'A' 'A' 'M' 'M' 'M' 'U' 'M'
 'M' 'M' 'M' 'A' 'U' 'M' 'M' 'M' 'M' 'M' 'M' 'M' 'U' 'M' 'U' 'A' 'M' 'M'
 'M' 'M' 'M' 'U' 'M' 'M' 'M' 'M' 'M' 'M' 'M' 'M' 'M' 'M' 'M' 'M' 'M' 'M'
 'M' 'U' 'M' 'M' 'M' 'M' 'M' 'M' 'M' 'M' 'M' 'M' 'M' 'M' 'M' 'U' 'M' 'M']"
32301,1,183,11,172,15,0,0,"['M' 'M' 'U' 'M' 'M' 'M' 'U' 'M' 'M' 'M' 'M' 'M' 'M' 'M' 'M' 'M' 'M' 'M'
 'U' 'M' 'A' 'M' 'M' 'M' 'M' 'M' 'M' 'M' 'U' 'M' 'M' 'M' 'M' 'U' 'M' 'M'
 'M' 'M' 'M' 'M' 'M' 'M' 'A' 'M' 'M' 'M' 'M' 'M' 'M' 'M' 'M' 'M' 'M' 'M'
 'M' 'M' 'M' 'U' 'M' 'M' 'M' 'M' 'M' 'M' 'M' 'M' 'M' 'M' 'M' 'M' 'M' 'M'
 'M' 'M' 'M' 'M' 'M' 'M' 'M' 'M' 'M' 'M' 'M' 'M' 'M' 'M' 'M' 'U' 'M' 'M'
 'M' 'M' 'M' 'M' 'M' 'M' 'M' 'M' 'M' 'M' 'M' 'M' 'M' 'M' 'M' 'M' 'M' 'M'
 'M' 'M' 'U' 'M' 'M' 'M' 'M' 'M' 'M' 'M' 'M' 'M' 'M' 'M' 'M' 'M' 'M' 'M'
 'M' 'M' 'M' 'M' 'A' 'U' 'A' 'A' 'A' 'A' 'A' 'A' 'A' 'M' 'M' 'M' 'U' 'M'
 'M' 'M' 'M' 'A' 'U' 'M' 'M' 'M' 'M' 'M' 'M' 'M' 'U' 'M' 'M' 'U' 'M' 'M'
 'M' 'M' 'M' 'M' 'M' 'M' 'M' 'M' 'M' 'M' 'M' 'M' 'M' 'M' 'M' 'M' 'M' 'M'
 'M' 'U' 'M' 'M' 'U' 'M' 'M' 'M' 'M' 'M' 'M' 'M' 'M' 'M' 'M' 'M' 'M' 'M']"
32401,1,183,11,172,15,0,0,"['M' 'M' 'M' 'M' 'M' 'M' 'U' 'M' 'M' 'M' 'M' 'M' 'M' 'M' 'M' 'M' 'M' 'M'
 'M' 'M' 'U' 'M' 'M' 'M' 'M' 'M' 'M' 'M' 'M' 'M' 'M' 'M' 'M' 'A' 'M' 'M'
 'M' 'M' 'M' 'M' 'M' 'M' 'A' 'M' 'M' 'M' 'M' 'M' 'M' 'M' 'U' 'M' 'M' 'M'
 'M' 'M' 'M' 'U' 'M' 'M' 'M' 'M' 'M' 'M' 'M' 'M' 'M' 'M' 'M' 'M' 'M' 'M'
 'M' 'M' 'M' 'M' 'U' 'M' 'M' 'M' 'M' 'M' 'M' 'M' 'M' 'M' 'M' 'M' 'M' 'M'
 'M' 'M' 'M' 'M' 'M' 'M' 'M' 'M' 'M' 'M' 'M' 'M' 'M' 'M' 'M' 'M' 'M' 'M'
 'M' 'M' 'U' 'M' 'M' 'M' 'M' 'M' 'M' 'M' 'M' 'M' 'M' 'M' 'M' 'M' 'M' 'M'
 'M' 'M' 'M' 'M' 'A' 'U' 'A' 'A' 'A' 'U' 'A' 'A' 'A' 'M' 'M' 'M' 'U' 'M'
 'M' 'M' 'M' 'A' 'A' 'M' 'M' 'M' 'M' 'M' 'M' 'M' 'U' 'M' 'M' 'U' 'M' 'M'
 'M' 'M' 'M' 'M' 'U' 'M' 'M' 'M' 'M' 'M' 'M' 'M' 'M' 'M' 'M' 'M' 'M' 'M'
 'M' 'U' 'M' 'M' 'U' 'M' 'M' 'M' 'M' 'M' 'M' 'U' 'M' 'M' 'M' 'M' 'M' 'M']"
32501,1,185,10,175,13,0,0,"['M' 'M' 'M' 'M' 'M' 'M' 'U' 'M' 'M' 'M' 'M' 'M' 'M' 'M' 'M' 'M' 'M' 'M'
 'M' 'M' 'U' 'M' 'M' 'M' 'M' 'M' 'M' 'M' 'M' 'M' 'M' 'M' 'M' 'U' 'M' 'M'
 'M' 'M' 'M' 'M' 'M' 'M' 'A' 'M' 'M' 'M' 'M' 'M' 'M' 'M' 'M' 'M' 'M' 'M'
 'U' 'M' 'M' 'M' 'M' 'M' 'M' 'M' 'M' 'M' 'M' 'M' 'M' 'M' 'M' 'M' 'M' 'M'
 'M' 'M' 'M' 'M' 'M' 'M' 'M' 'M' 'M' 'M' 'M' 'M' 'M' 'U' 'M' 'M' 'M' 'M'
 'M' 'M' 'M' 'M' 'M' 'M' 'M' 'M' 'M' 'M' 'M' 'M' 'M' 'M' 'M' 'M' 'M' 'M'
 'M' 'M' 'U' 'M' 'M' 'M' 'M' 'M' 'M' 'M' 'M' 'M' 'M' 'M' 'M' 'M' 'M' 'M'
 'M' 'M' 'M' 'M' 'A' 'U' 'U' 'A' 'A' 'U' 'A' 'A' 'A' 'M' 'M' 'M' 'U' 'M'
 'M' 'M' 'M' 'A' 'A' 'M' 'M' 'M' 'M' 'M' 'M' 'M' 'M' 'M' 'M' 'U' 'M' 'M'
 'M' 'M' 'M' 'M' 'M' 'M' 'M' 'M' 'M' 'M' 'M' 'M' 'M' 'M' 'M' 'M' 'M' 'M'
 'M' 'A' 'M' 'M' 'U' 'M' 'M' 'M' 'M' 'M' 'M' 'U' 'M' 'M' 'M' 'M' 'M' 'M']"
32601,1,184,6,178,14,0,0,"['M' 'M' 'M' 'M' 'M' 'M' 'M' 'M' 'M' 'M' 'M' 'M' 'M' 'U' 'M' 'M' 'M' 'M'
 'M' 'M' 'U' 'M' 'M' 'M' 'M' 'M' 'M' 'M' 'M' 'M' 'M' 'M' 'M' 'U' 'M' 'M'
 'M' 'M' 'M' 'M' 'M' 'M' 'A' 'M' 'M' 'M' 'M' 'M' 'M' 'M' 'M' 'M' 'M' 'M'
 'U' 'M' 'M' 'M' 'M' 'M' 'M' 'M' 'M' 'M' 'M' 'M' 'M' 'M' 'M' 'M' 'M' 'M'
 'U' 'M' 'M' 'M' 'M' 'M' 'M' 'M' 'M' 'M' 'M' 'M' 'M' 'M' 'M' 'M' 'M' 'M'
 'M' 'M' 'M' 'M' 'M' 'M' 'M' 'M' 'M' 'M' 'M' 'M' 'M' 'M' 'M' 'M' 'M' 'M'
 'M' 'M' 'M' 'M' 'M' 'M' 'M' 'M' 'M' 'M' 'M' 'M' 'M' 'M' 'M' 'M' 'M' 'M'
 'M' 'M' 'M' 'M' 'A' 'M' 'U' 'U' 'A' 'U' 'M' 'U' 'A' 'M' 'M' 'M' 'U' 'M'
 'M' 'M' 'M' 'U' 'A' 'M' 'M' 'M' 'M' 'M' 'M' 'M' 'M' 'M' 'M' 'U' 'M' 'M'
 'U' 'M' 'M' 'M' 'M' 'M' 'M' 'M' 'M' 'M' 'M' 'M' 'M' 'M' 'M' 'M' 'M' 'M'
 'M' 'A' 'M' 'M' 'U' 'M' 'M' 'M' 'M' 'M' 'M' 'M' 'M' 'M' 'M' 'M' 'M' 'M']"
32701,1,185,7,178,13,0,0,"['M' 'M' 'M' 'M' 'M' 'M' 'U' 'M' 'M' 'M' 'M' 'M' 'M' 'U' 'M' 'M' 'M' 'M'
 'M' 'M' 'M' 'M' 'M' 'M' 'M' 'M' 'M' 'M' 'M' 'M' 'M' 'M' 'M' 'U' 'M' 'M'
 'M' 'M' 'M' 'M' 'M' 'M' 'U' 'M' 'M' 'M' 'M' 'M' 'M' 'M' 'M' 'M' 'M' 'M'
 'M' 'M' 'M' 'M' 'M' 'M' 'M' 'M' 'M' 'M' 'M' 'M' 'M' 'M' 'M' 'M' 'M' 'M'
 'M' 'M' 'M' 'M' 'M' 'M' 'M' 'M' 'M' 'M' 'M' 'M' 'M' 'M' 'U' 'M' 'M' 'M'
 'M' 'M' 'M' 'M' 'M' 'M' 'U' 'M' 'M' 'M' 'M' 'M' 'M' 'M' 'M' 'M' 'M' 'M'
 'M' 'M' 'M' 'M' 'M' 'M' 'M' 'M' 'M' 'M' 'M' 'M' 'M' 'M' 'M' 'M' 'M' 'M'
 'M' 'M' 'M' 'M' 'A' 'M' 'A' 'A' 'U' 'A' 'M' 'A' 'A' 'M' 'M' 'M' 'U' 'M'
 'M' 'M' 'M' 'U' 'U' 'M' 'M' 'M' 'M' 'M' 'M' 'M' 'M' 'M' 'M' 'U' 'M' 'M'
 'M' 'M' 'M' 'M' 'M' 'M' 'M' 'M' 'M' 'M' 'M' 'M' 'M' 'M' 'M' 'M' 'M' 'M'
 'U' 'A' 'M' 'M' 'U' 'M' 'M' 'M' 'M' 'M' 'M' 'M' 'M' 'M' 'M' 'M' 'M' 'M']"
32801,1,184,7,177,14,0,0,"['M' 'M' 'M' 'U' 'M' 'M' 'U' 'M' 'M' 'M' 'M' 'M' 'M' 'U' 'M' 'M' 'M' 'M'
 'M' 'M' 'M' 'M' 'M' 'M' 'M' 'M' 'M' 'M' 'M' 'M' 'M' 'M' 'M' 'U' 'M' 'M'
 'M' 'M' 'M' 'M' 'M' 'M' 'M' 'M' 'M' 'M' 'M' 'M' 'M' 'M' 'M' 'M' 'M' 'M'
 'M' 'M' 'M' 'M' 'M' 'M' 'M' 'M' 'M' 'M' 'M' 'M' 'U' 'M' 'M' 'M' 'M' 'M'
 'M' 'M' 'M' 'M' 'M' 'M' 'M' 'M' 'M' 'M' 'M' 'M' 'M' 'M' 'M' 'M' 'M' 'M'
 'M' 'M' 'M' 'M' 'M' 'M' 'U' 'M' 'M' 'U' 'M' 'M' 'M' 'M' 'M' 'M' 'M' 'M'
 'M' 'M' 'M' 'M' 'M' 'M' 'M' 'M' 'M' 'M' 'M' 'M' 'M' 'M' 'M' 'M' 'M' 'M'
 'M' 'M' 'M' 'M' 'A' 'M' 'U' 'A' 'A' 'A' 'A' 'A' 'A' 'M' 'M' 'M' 'U' 'M'
 'M' 'M' 'M' 'U' 'U' 'M' 'M' 'M' 'M' 'M' 'M' 'M' 'M' 'M' 'M' 'U' 'M' 'M'
 'M' 'M' 'M' 'M' 'M' 'M' 'M' 'M' 'M' 'M' 'M' 'M' 'M' 'M' 'M' 'M' 'M' 'M'
 'U' 'U' 'M' 'M' 'M' 'M' 'M' 'M' 'M' 'M' 'M' 'M' 'M' 'M' 'M' 'M' 'M' 'M']"
32901,1,191,6,185,7,0,1,"['M' 'M' 'M' 'U' 'M' 'M' 'U' 'M' 'M' 'M' 'M' 'M' 'M' 'M' 'M' 'M' 'M' 'M'
 'M' 'M' 'M' 'M' 'M' 'M' 'M' 'M' 'M' 'M' 'M' 'M' 'M' 'M' 'M' 'M' 'M' 'M'
 'M' 'M' 'M' 'M' 'M' 'M' 'M' 'M' 'M' 'M' 'M' 'M' 'M' 'M' 'M' 'M' 'M' 'M'
 'M' 'M' 'M' 'M' 'M' 'M' 'M' 'M' 'M' 'M' 'M' 'M' 'M' 'M' 'M' 'M' 'M' 'M'
 'M' 'M' 'M' 'M' 'M' 'M' 'M' 'M' 'M' 'U' 'M' 'M' 'M' 'M' 'M' 'M' 'M' 'M'
 'M' 'M' 'M' 'M' 'M' 'M' 'U' 'M' 'M' 'U' 'M' 'M' 'M' 'M' 'M' 'M' 'M' 'M'
 'M' 'M' 'M' 'M' 'M' 'M' 'M' 'M' 'M' 'M' 'M' 'M' 'M' 'M' 'M' 'M' 'M' 'M'
 'M' 'M' 'M' 'M' 'A' 'M' 'U' 'A' 'A' 'A' 'A' 'A' 'M' 'M' 'M' 'M' 'M' 'M'
 'M' 'M' 'M' 'M' 'M' 'M' 'M' 'M' 'M' 'M' 'M' 'M' 'M' 'M' 'M' 'U' 'M' 'M'
 'M' 'M' 'M' 'M' 'M' 'M' 'M' 'M' 'M' 'M' 'M' 'M' 'M' 'M' 'M' 'M' 'M' 'M'
 'M' 'M' 'M' 'M' 'M' 'M' 'M' 'M' 'M' 'M' 'M' 'M' 'M' 'M' 'M' 'M' 'M' 'M']"
33001,1,190,7,183,8,0,0,"['M' 'M' 'M' 'M' 'U' 'M' 'M' 'M' 'M' 'M' 'M' 'M' 'M' 'M' 'M' 'M' 'M' 'M'
 'M' 'M' 'U' 'M' 'M' 'M' 'M' 'M' 'M' 'M' 'M' 'M' 'M' 'M' 'M' 'M' 'M' 'M'
 'M' 'M' 'M' 'M' 'M' 'M' 'M' 'M' 'M' 'M' 'M' 'M' 'M' 'M' 'M' 'M' 'M' 'M'
 'M' 'M' 'M' 'M' 'M' 'M' 'M' 'M' 'M' 'M' 'M' 'M' 'M' 'M' 'M' 'M' 'M' 'M'
 'M' 'M' 'U' 'M' 'M' 'M' 'M' 'M' 'M' 'M' 'M' 'M' 'M' 'M' 'M' 'M' 'M' 'M'
 'M' 'M' 'M' 'M' 'M' 'M' 'U' 'M' 'M' 'U' 'M' 'M' 'M' 'M' 'M' 'M' 'M' 'M'
 'M' 'M' 'M' 'M' 'M' 'M' 'M' 'M' 'M' 'U' 'M' 'M' 'M' 'M' 'M' 'M' 'M' 'M'
 'M' 'M' 'M' 'U' 'A' 'U' 'A' 'A' 'A' 'A' 'A' 'A' 'M' 'M' 'M' 'M' 'M' 'M'
 'M' 'M' 'M' 'M' 'M' 'M' 'M' 'M' 'M' 'M' 'M' 'M' 'M' 'M' 'M' 'M' 'M' 'M'
 'M' 'M' 'M' 'M' 'M' 'M' 'M' 'M' 'M' 'M' 'M' 'M' 'M' 'M' 'M' 'M' 'M' 'M'
 'M' 'M' 'M' 'M' 'M' 'M' 'M' 'M' 'M' 'M' 'M' 'M' 'M' 'M' 'M' 'M' 'M' 'M']"
33101,1,188,4,184,10,0,0,"['M' 'M' 'M' 'M' 'U' 'M' 'M' 'M' 'M' 'M' 'M' 'M' 'M' 'M' 'M' 'M' 'M' 'M'
 'M' 'M' 'U' 'M' 'M' 'M' 'M' 'M' 'M' 'M' 'M' 'M' 'M' 'M' 'M' 'M' 'M' 'M'
 'M' 'M' 'M' 'M' 'M' 'M' 'M' 'M' 'M' 'M' 'M' 'M' 'M' 'M' 'M' 'M' 'M' 'M'
 'M' 'M' 'M' 'M' 'M' 'M' 'M' 'M' 'M' 'M' 'M' 'M' 'M' 'M' 'M' 'M' 'M' 'M'
 'M' 'M' 'M' 'M' 'M' 'M' 'M' 'M' 'M' 'M' 'M' 'M' 'M' 'M' 'M' 'M' 'M' 'M'
 'M' 'M' 'M' 'M' 'U' 'M' 'M' 'M' 'M' 'U' 'M' 'M' 'M' 'M' 'M' 'M' 'M' 'M'
 'M' 'M' 'M' 'M' 'M' 'M' 'M' 'M' 'M' 'U' 'M' 'M' 'M' 'M' 'M' 'M' 'M' 'M'
 'M' 'M' 'M' 'U' 'A' 'U' 'U' 'A' 'U' 'U' 'A' 'A' 'M' 'M' 'M' 'M' 'M' 'M'
 'M' 'M' 'M' 'M' 'M' 'M' 'M' 'M' 'M' 'M' 'M' 'M' 'M' 'M' 'M' 'M' 'M' 'M'
 'M' 'M' 'M' 'M' 'M' 'M' 'M' 'M' 'M' 'M' 'M' 'M' 'M' 'M' 'M' 'M' 'M' 'M'
 'M' 'M' 'M' 'M' 'M' 'M' 'M' 'M' 'M' 'M' 'M' 'M' 'M' 'M' 'M' 'M' 'M' 'M']"
33201,1,187,7,180,11,0,0,"['M' 'M' 'M' 'M' 'U' 'M' 'M' 'M' 'M' 'M' 'M' 'M' 'M' 'M' 'M' 'M' 'M' 'M'
 'M' 'M' 'U' 'M' 'M' 'M' 'M' 'M' 'M' 'M' 'M' 'M' 'M' 'M' 'M' 'M' 'M' 'M'
 'M' 'M' 'M' 'M' 'M' 'M' 'M' 'M' 'M' 'M' 'M' 'M' 'M' 'M' 'M' 'M' 'M' 'M'
 'M' 'M' 'M' 'M' 'M' 'M' 'M' 'M' 'M' 'M' 'M' 'U' 'M' 'M' 'M' 'M' 'M' 'M'
 'M' 'M' 'M' 'M' 'M' 'M' 'M' 'M' 'M' 'M' 'M' 'M' 'M' 'M' 'M' 'M' 'M' 'M'
 'M' 'M' 'M' 'M' 'M' 'M' 'U' 'M' 'U' 'U' 'M' 'M' 'M' 'U' 'M' 'M' 'M' 'M'
 'M' 'M' 'M' 'M' 'M' 'M' 'M' 'M' 'M' 'U' 'M' 'M' 'M' 'M' 'M' 'M' 'M' 'M'
 'M' 'M' 'M' 'U' 'A' 'U' 'A' 'A' 'A' 'A' 'A' 'A' 'U' 'M' 'M' 'M' 'M' 'M'
 'M' 'M' 'M' 'M' 'M' 'M' 'M' 'M' 'M' 'M' 'M' 'M' 'M' 'M' 'M' 'M' 'M' 'M'
 'M' 'M' 'M' 'M' 'M' 'M' 'M' 'M' 'M' 'M' 'M' 'M' 'M' 'M' 'M' 'M' 'M' 'M'
 'M' 'M' 'M' 'M' 'M' 'M' 'M' 'M' 'M' 'M' 'M' 'M' 'M' 'M' 'M' 'M' 'M' 'M']"
33301,1,185,5,180,13,0,0,"['M' 'M' 'M' 'M' 'M' 'M' 'M' 'M' 'M' 'M' 'M' 'M' 'M' 'M' 'M' 'U' 'M' 'M'
 'M' 'M' 'U' 'M' 'M' 'M' 'M' 'M' 'M' 'M' 'M' 'M' 'M' 'M' 'M' 'M' 'M' 'M'
 'M' 'M' 'M' 'M' 'M' 'M' 'M' 'M' 'M' 'M' 'M' 'M' 'M' 'M' 'M' 'M' 'M' 'M'
 'M' 'M' 'M' 'U' 'M' 'M' 'M' 'M' 'M' 'M' 'M' 'M' 'M' 'M' 'M' 'M' 'M' 'M'
 'M' 'M' 'M' 'M' 'M' 'M' 'M' 'M' 'M' 'M' 'M' 'M' 'M' 'M' 'M' 'M' 'M' 'M'
 'M' 'M' 'U' 'M' 'M' 'M' 'U' 'M' 'U' 'U' 'M' 'M' 'M' 'U' 'M' 'M' 'M' 'M'
 'M' 'M' 'M' 'M' 'M' 'M' 'M' 'M' 'M' 'U' 'M' 'M' 'M' 'M' 'M' 'M' 'M' 'M'
 'M' 'M' 'M' 'U' 'A' 'M' 'A' 'U' 'U' 'A' 'A' 'A' 'U' 'M' 'M' 'M' 'M' 'M'
 'M' 'M' 'M' 'M' 'M' 'M' 'M' 'M' 'M' 'M' 'M' 'M' 'M' 'M' 'M' 'M' 'M' 'M'
 'M' 'M' 'M' 'M' 'M' 'M' 'M' 'M' 'M' 'M' 'M' 'M' 'M' 'M' 'M' 'M' 'M' 'M'
 'M' 'M' 'M' 'M' 'M' 'M' 'M' 'M' 'M' 'M' 'M' 'M' 'M' 'M' 'M' 'M' 'M' 'M']"
33401,1,186,4,182,12,0,0,"['M' 'M' 'M' 'M' 'M' 'M' 'M' 'M' 'M' 'M' 'M' 'M' 'M' 'M' 'M' 'U' 'M' 'M'
 'M' 'M' 'U' 'M' 'M' 'M' 'M' 'M' 'M' 'M' 'M' 'M' 'M' 'M' 'M' 'M' 'M' 'M'
 'M' 'M' 'M' 'M' 'M' 'M' 'M' 'M' 'M' 'M' 'M' 'M' 'M' 'M' 'M' 'M' 'M' 'M'
 'M' 'M' 'M' 'M' 'M' 'M' 'M' 'M' 'M' 'M' 'M' 'M' 'M' 'M' 'M' 'M' 'M' 'M'
 'M' 'M' 'M' 'M' 'M' 'M' 'M' 'M' 'U' 'M' 'M' 'M' 'M' 'M' 'M' 'M' 'M' 'M'
 'M' 'M' 'M' 'M' 'M' 'M' 'M' 'M' 'U' 'U' 'M' 'M' 'M' 'U' 'M' 'M' 'M' 'M'
 'M' 'M' 'M' 'M' 'M' 'M' 'M' 'M' 'M' 'M' 'M' 'M' 'M' 'M' 'M' 'M' 'M' 'M'
 'M' 'M' 'M' 'M' 'A' 'M' 'A' 'U' 'U' 'A' 'U' 'A' 'U' 'M' 'M' 'M' 'M' 'M'
 'M' 'M' 'M' 'M' 'M' 'M' 'M' 'M' 'M' 'M' 'M' 'M' 'M' 'M' 'M' 'M' 'M' 'M'
 'M' 'M' 'M' 'M' 'U' 'M' 'M' 'M' 'M' 'M' 'M' 'M' 'M' 'U' 'M' 'M' 'M' 'M'
 'M' 'M' 'M' 'M' 'M' 'M' 'M' 'M' 'M' 'M' 'M' 'M' 'M' 'M' 'M' 'M' 'M' 'M']"
33501,1,189,6,183,9,0,0,"['M' 'M' 'M' 'M' 'M' 'M' 'M' 'M' 'M' 'M' 'M' 'M' 'M' 'M' 'M' 'M' 'M' 'M'
 'M' 'M' 'U' 'M' 'M' 'M' 'M' 'M' 'M' 'M' 'M' 'M' 'M' 'M' 'M' 'M' 'M' 'M'
 'M' 'M' 'M' 'M' 'M' 'M' 'M' 'M' 'M' 'M' 'M' 'M' 'M' 'M' 'M' 'M' 'M' 'M'
 'M' 'M' 'M' 'M' 'M' 'M' 'M' 'M' 'M' 'M' 'M' 'M' 'M' 'M' 'M' 'M' 'M' 'M'
 'M' 'M' 'U' 'M' 'M' 'M' 'M' 'M' 'M' 'M' 'M' 'M' 'M' 'M' 'M' 'M' 'M' 'M'
 'M' 'M' 'M' 'M' 'M' 'M' 'M' 'M' 'U' 'U' 'M' 'M' 'M' 'U' 'M' 'M' 'M' 'M'
 'M' 'M' 'M' 'M' 'M' 'M' 'M' 'M' 'M' 'M' 'M' 'M' 'M' 'M' 'M' 'M' 'M' 'M'
 'M' 'M' 'U' 'M' 'A' 'U' 'A' 'A' 'A' 'A' 'A' 'U' 'U' 'M' 'M' 'M' 'M' 'M'
 'M' 'M' 'M' 'M' 'M' 'M' 'M' 'M' 'M' 'M' 'M' 'M' 'M' 'M' 'M' 'M' 'M' 'M'
 'M' 'M' 'M' 'M' 'M' 'M' 'M' 'M' 'M' 'M' 'M' 'M' 'M' 'M' 'M' 'M' 'M' 'M'
 'M' 'M' 'M' 'M' 'M' 'M' 'M' 'M' 'M' 'M' 'M' 'M' 'M' 'M' 'M' 'M' 'M' 'M']"
33601,1,189,7,182,9,0,1,"['M' 'M' 'M' 'M' 'M' 'M' 'M' 'M' 'M' 'M' 'M' 'M' 'M' 'M' 'M' 'M' 'M' 'M'
 'M' 'M' 'U' 'M' 'M' 'M' 'M' 'M' 'M' 'M' 'M' 'M' 'M' 'M' 'M' 'M' 'M' 'M'
 'M' 'M' 'M' 'M' 'M' 'M' 'M' 'M' 'M' 'M' 'M' 'M' 'M' 'M' 'M' 'M' 'M' 'M'
 'M' 'M' 'M' 'M' 'M' 'M' 'M' 'M' 'M' 'M' 'M' 'M' 'M' 'M' 'M' 'M' 'U' 'M'
 'M' 'M' 'M' 'M' 'M' 'M' 'M' 'M' 'M' 'M' 'M' 'M' 'M' 'M' 'M' 'M' 'M' 'M'
 'M' 'M' 'M' 'M' 'M' 'M' 'M' 'M' 'U' 'M' 'M' 'M' 'M' 'U' 'M' 'M' 'M' 'M'
 'M' 'M' 'M' 'M' 'M' 'M' 'M' 'M' 'M' 'M' 'M' 'M' 'M' 'M' 'M' 'M' 'M' 'M'
 'M' 'M' 'U' 'U' 'A' 'U' 'A' 'A' 'U' 'A' 'A' 'A' 'A' 'M' 'M' 'M' 'M' 'M'
 'M' 'M' 'M' 'M' 'M' 'M' 'M' 'M' 'M' 'M' 'M' 'M' 'M' 'M' 'M' 'M' 'M' 'M'
 'M' 'M' 'M' 'M' 'M' 'M' 'M' 'M' 'M' 'M' 'M' 'M' 'M' 'M' 'M' 'M' 'M' 'M'
 'M' 'M' 'M' 'M' 'M' 'U' 'M' 'M' 'M' 'M' 'M' 'M' 'M' 'M' 'M' 'M' 'M' 'M']"
33701,1,189,5,184,9,0,0,"['M' 'M' 'M' 'M' 'M' 'M' 'M' 'M' 'M' 'M' 'M' 'M' 'M' 'M' 'M' 'M' 'M' 'M'
 'M' 'M' 'U' 'M' 'U' 'M' 'M' 'M' 'M' 'M' 'M' 'M' 'M' 'M' 'M' 'M' 'M' 'M'
 'M' 'M' 'M' 'M' 'M' 'M' 'M' 'M' 'M' 'M' 'M' 'M' 'M' 'M' 'M' 'M' 'M' 'M'
 'M' 'M' 'M' 'M' 'M' 'M' 'M' 'M' 'M' 'M' 'M' 'M' 'M' 'M' 'M' 'M' 'M' 'M'
 'M' 'M' 'M' 'M' 'M' 'M' 'M' 'M' 'M' 'M' 'M' 'M' 'M' 'M' 'M' 'M' 'M' 'M'
 'U' 'M' 'M' 'M' 'M' 'M' 'M' 'M' 'M' 'M' 'M' 'M' 'M' 'U' 'M' 'M' 'M' 'M'
 'M' 'M' 'M' 'M' 'M' 'M' 'M' 'M' 'M' 'M' 'M' 'M' 'M' 'M' 'M' 'M' 'M' 'M'
 'M' 'M' 'A' 'M' 'A' 'M' 'A' 'U' 'M' 'U' 'A' 'A' 'U' 'M' 'M' 'M' 'M' 'M'
 'M' 'M' 'M' 'M' 'M' 'M' 'M' 'M' 'M' 'M' 'M' 'M' 'M' 'M' 'M' 'M' 'M' 'M'
 'M' 'M' 'M' 'M' 'M' 'M' 'M' 'M' 'M' 'M' 'M' 'M' 'M' 'M' 'M' 'M' 'M' 'M'
 'M' 'M' 'M' 'M' 'M' 'U' 'M' 'M' 'M' 'U' 'M' 'M' 'M' 'M' 'M' 'M' 'M' 'M']"
33801,1,188,4,184,10,0,0,"['M' 'M' 'M' 'M' 'M' 'M' 'M' 'M' 'M' 'M' 'M' 'M' 'M' 'M' 'M' 'M' 'M' 'M'
 'M' 'M' 'M' 'M' 'U' 'M' 'M' 'M' 'M' 'M' 'M' 'M' 'M' 'M' 'U' 'M' 'M' 'M'
 'M' 'M' 'M' 'M' 'M' 'M' 'M' 'M' 'M' 'M' 'M' 'M' 'M' 'M' 'M' 'M' 'M' 'M'
 'M' 'M' 'M' 'M' 'M' 'M' 'U' 'M' 'M' 'M' 'M' 'M' 'M' 'M' 'M' 'U' 'M' 'M'
 'M' 'M' 'M' 'M' 'M' 'M' 'M' 'M' 'M' 'M' 'M' 'M' 'M' 'M' 'M' 'M' 'M' 'M'
 'M' 'M' 'M' 'M' 'M' 'M' 'M' 'M' 'M' 'U' 'M' 'M' 'M' 'A' 'M' 'M' 'M' 'M'
 'M' 'M' 'M' 'M' 'M' 'M' 'M' 'M' 'M' 'M' 'M' 'M' 'M' 'M' 'M' 'M' 'M' 'M'
 'M' 'M' 'U' 'M' 'A' 'M' 'A' 'U' 'M' 'M' 'A' 'U' 'M' 'M' 'M' 'M' 'M' 'M'
 'U' 'M' 'M' 'M' 'M' 'M' 'M' 'M' 'M' 'M' 'M' 'M' 'M' 'M' 'M' 'M' 'M' 'M'
 'M' 'M' 'M' 'M' 'M' 'M' 'M' 'M' 'M' 'M' 'M' 'M' 'M' 'M' 'M' 'M' 'M' 'M'
 'M' 'M' 'M' 'M' 'M' 'M' 'M' 'M' 'M' 'U' 'M' 'M' 'M' 'M' 'M' 'M' 'M' 'M']"
33901,1,190,3,187,8,0,0,"['M' 'M' 'M' 'M' 'M' 'M' 'M' 'M' 'M' 'M' 'M' 'M' 'M' 'M' 'M' 'M' 'M' 'M'
 'M' 'M' 'M' 'M' 'M' 'M' 'M' 'M' 'M' 'M' 'M' 'M' 'M' 'M' 'U' 'M' 'M' 'M'
 'M' 'M' 'M' 'U' 'M' 'M' 'M' 'M' 'M' 'M' 'M' 'M' 'M' 'M' 'M' 'M' 'M' 'M'
 'M' 'M' 'M' 'M' 'M' 'M' 'U' 'M' 'M' 'M' 'M' 'M' 'M' 'M' 'M' 'M' 'M' 'M'
 'M' 'M' 'M' 'M' 'M' 'M' 'M' 'M' 'M' 'M' 'M' 'U' 'M' 'M' 'M' 'M' 'M' 'M'
 'M' 'M' 'M' 'M' 'M' 'M' 'M' 'M' 'M' 'U' 'U' 'M' 'M' 'A' 'M' 'M' 'M' 'M'
 'M' 'M' 'M' 'M' 'M' 'M' 'M' 'M' 'M' 'M' 'M' 'M' 'M' 'M' 'M' 'M' 'M' 'M'
 'M' 'M' 'U' 'M' 'A' 'M' 'U' 'M' 'M' 'M' 'A' 'M' 'M' 'M' 'M' 'M' 'M' 'M'
 'M' 'M' 'M' 'M' 'M' 'M' 'M' 'M' 'M' 'M' 'M' 'M' 'M' 'M' 'M' 'M' 'M' 'M'
 'M' 'M' 'M' 'M' 'M' 'M' 'M' 'M' 'M' 'M' 'M' 'M' 'M' 'M' 'M' 'M' 'M' 'M'
 'M' 'M' 'M' 'M' 'M' 'M' 'M' 'M' 'M' 'M' 'M' 'M' 'M' 'M' 'M' 'M' 'M' 'M']"
34001,1,188,3,185,10,0,0,"['M' 'M' 'M' 'M' 'M' 'M' 'M' 'M' 'M' 'M' 'M' 'M' 'M' 'M' 'M' 'M' 'M' 'M'
 'M' 'M' 'M' 'M' 'M' 'M' 'M' 'M' 'M' 'M' 'M' 'M' 'M' 'M' 'M' 'M' 'M' 'M'
 'M' 'M' 'M' 'U' 'M' 'M' 'M' 'M' 'M' 'M' 'M' 'M' 'M' 'M' 'M' 'M' 'M' 'M'
 'M' 'M' 'M' 'M' 'M' 'M' 'U' 'M' 'M' 'M' 'M' 'M' 'M' 'M' 'M' 'M' 'M' 'M'
 'M' 'M' 'M' 'M' 'M' 'M' 'M' 'M' 'M' 'M' 'M' 'U' 'M' 'M' 'M' 'M' 'M' 'M'
 'M' 'M' 'M' 'M' 'M' 'M' 'M' 'M' 'M' 'U' 'M' 'M' 'M' 'A' 'M' 'M' 'M' 'M'
 'M' 'M' 'M' 'M' 'M' 'M' 'M' 'M' 'M' 'M' 'M' 'M' 'M' 'M' 'M' 'M' 'M' 'M'
 'M' 'M' 'M' 'M' 'A' 'M' 'U' 'U' 'U' 'A' 'U' 'U' 'U' 'M' 'M' 'M' 'M' 'M'
 'M' 'M' 'M' 'M' 'M' 'M' 'M' 'M' 'M' 'M' 'M' 'M' 'M' 'M' 'M' 'M' 'M' 'M'
 'M' 'M' 'M' 'M' 'M' 'M' 'M' 'M' 'M' 'M' 'M' 'M' 'M' 'M' 'M' 'M' 'M' 'M'
 'M' 'M' 'M' 'M' 'M' 'M' 'M' 'M' 'M' 'M' 'M' 'M' 'M' 'M' 'M' 'M' 'M' 'M']"
34101,1,190,6,184,8,0,0,"['M' 'M' 'M' 'M' 'M' 'M' 'M' 'M' 'M' 'M' 'M' 'M' 'M' 'M' 'M' 'M' 'M' 'M'
 'M' 'M' 'M' 'M' 'M' 'M' 'M' 'M' 'M' 'M' 'M' 'M' 'M' 'M' 'M' 'M' 'M' 'M'
 'M' 'M' 'M' 'U' 'M' 'M' 'M' 'M' 'M' 'M' 'M' 'M' 'M' 'M' 'M' 'M' 'M' 'M'
 'M' 'M' 'M' 'M' 'M' 'M' 'U' 'M' 'M' 'M' 'M' 'M' 'M' 'M' 'M' 'M' 'M' 'M'
 'M' 'M' 'U' 'M' 'M' 'M' 'M' 'M' 'M' 'M' 'M' 'M' 'M' 'M' 'M' 'M' 'M' 'M'
 'M' 'M' 'M' 'M' 'M' 'M' 'M' 'M' 'M' 'M' 'M' 'M' 'M' 'U' 'M' 'M' 'M' 'M'
 'M' 'M' 'M' 'M' 'M' 'M' 'M' 'M' 'M' 'M' 'M' 'M' 'M' 'M' 'M' 'M' 'M' 'M'
 'M' 'M' 'M' 'M' 'A' 'U' 'A' 'A' 'A' 'A' 'U' 'U' 'A' 'M' 'M' 'M' 'M' 'M'
 'M' 'M' 'M' 'M' 'M' 'M' 'M' 'U' 'M' 'M' 'M' 'M' 'M' 'M' 'M' 'M' 'M' 'M'
 'M' 'M' 'M' 'M' 'M' 'M' 'M' 'M' 'M' 'M' 'M' 'M' 'M' 'M' 'M' 'M' 'M' 'M'
 'M' 'M' 'M' 'M' 'M' 'M' 'M' 'M' 'M' 'M' 'M' 'M' 'M' 'M' 'M' 'M' 'M' 'M']"
34201,1,192,5,187,6,0,0,"['M' 'M' 'M' 'M' 'M' 'M' 'M' 'M' 'M' 'M' 'M' 'M' 'M' 'M' 'M' 'M' 'M' 'M'
 'M' 'M' 'M' 'M' 'M' 'M' 'M' 'M' 'M' 'M' 'M' 'M' 'M' 'M' 'M' 'M' 'M' 'M'
 'M' 'M' 'M' 'U' 'M' 'M' 'M' 'M' 'M' 'M' 'M' 'M' 'M' 'M' 'M' 'M' 'M' 'M'
 'M' 'M' 'M' 'M' 'M' 'M' 'U' 'M' 'M' 'M' 'M' 'M' 'M' 'M' 'M' 'M' 'M' 'M'
 'M' 'M' 'M' 'M' 'M' 'M' 'M' 'U' 'M' 'M' 'M' 'M' 'M' 'M' 'M' 'M' 'M' 'M'
 'M' 'M' 'M' 'M' 'M' 'M' 'M' 'M' 'M' 'M' 'M' 'M' 'M' 'M' 'M' 'M' 'M' 'M'
 'M' 'M' 'M' 'M' 'M' 'M' 'M' 'M' 'M' 'M' 'M' 'M' 'M' 'M' 'M' 'M' 'M' 'M'
 'M' 'M' 'M' 'M' 'A' 'M' 'A' 'A' 'A' 'A' 'U' 'M' 'U' 'M' 'M' 'M' 'M' 'M'
 'M' 'M' 'M' 'M' 'M' 'M' 'M' 'U' 'M' 'M' 'M' 'M' 'M' 'M' 'M' 'M' 'M' 'M'
 'M' 'M' 'M' 'M' 'M' 'M' 'M' 'M' 'M' 'M' 'M' 'M' 'M' 'M' 'M' 'M' 'M' 'M'
 'M' 'M' 'M' 'M' 'M' 'M' 'M' 'M' 'M' 'M' 'M' 'M' 'M' 'M' 'M' 'M' 'M' 'M']"
34301,1,195,3,192,3,0,0,"['M' 'M' 'M' 'M' 'M' 'M' 'M' 'M' 'M' 'M' 'M' 'M' 'M' 'M' 'M' 'M' 'M' 'M'
 'M' 'M' 'M' 'M' 'M' 'M' 'M' 'M' 'M' 'M' 'M' 'M' 'M' 'M' 'M' 'M' 'M' 'M'
 'M' 'M' 'M' 'U' 'M' 'M' 'M' 'M' 'M' 'M' 'M' 'M' 'M' 'M' 'M' 'M' 'M' 'M'
 'M' 'M' 'M' 'M' 'M' 'M' 'M' 'M' 'M' 'M' 'M' 'M' 'M' 'M' 'M' 'M' 'M' 'M'
 'M' 'M' 'U' 'M' 'M' 'M' 'M' 'M' 'M' 'M' 'M' 'M' 'M' 'M' 'M' 'M' 'M' 'M'
 'M' 'M' 'M' 'M' 'M' 'M' 'M' 'M' 'M' 'M' 'M' 'M' 'M' 'M' 'M' 'M' 'M' 'M'
 'M' 'M' 'M' 'M' 'M' 'M' 'M' 'M' 'M' 'M' 'M' 'M' 'M' 'M' 'M' 'M' 'M' 'M'
 'M' 'M' 'M' 'M' 'A' 'M' 'A' 'M' 'A' 'M' 'U' 'M' 'M' 'M' 'M' 'M' 'M' 'M'
 'M' 'M' 'M' 'M' 'M' 'M' 'M' 'M' 'M' 'M' 'M' 'M' 'M' 'M' 'M' 'M' 'M' 'M'
 'M' 'M' 'M' 'M' 'M' 'M' 'M' 'M' 'M' 'M' 'M' 'M' 'M' 'M' 'M' 'M' 'M' 'M'
 'M' 'M' 'M' 'M' 'M' 'M' 'M' 'M' 'M' 'M' 'M' 'M' 'M' 'M' 'M' 'M' 'M' 'M']"
34401,1,195,1,194,3,0,0,"['M' 'M' 'M' 'M' 'M' 'M' 'M' 'M' 'M' 'M' 'M' 'M' 'M' 'M' 'M' 'M' 'M' 'M'
 'M' 'M' 'M' 'M' 'M' 'M' 'M' 'M' 'M' 'M' 'M' 'M' 'M' 'M' 'M' 'M' 'M' 'M'
 'M' 'M' 'M' 'U' 'M' 'M' 'M' 'M' 'M' 'M' 'M' 'M' 'M' 'M' 'M' 'M' 'M' 'M'
 'M' 'M' 'M' 'M' 'M' 'M' 'M' 'M' 'M' 'M' 'M' 'M' 'M' 'M' 'M' 'M' 'M' 'M'
 'M' 'U' 'M' 'M' 'M' 'M' 'M' 'M' 'M' 'M' 'M' 'M' 'M' 'M' 'M' 'M' 'M' 'M'
 'M' 'M' 'M' 'M' 'M' 'M' 'M' 'M' 'M' 'M' 'M' 'M' 'M' 'M' 'M' 'M' 'M' 'M'
 'M' 'M' 'M' 'M' 'M' 'M' 'M' 'M' 'M' 'M' 'M' 'M' 'M' 'M' 'M' 'M' 'M' 'M'
 'M' 'M' 'M' 'M' 'A' 'M' 'M' 'M' 'U' 'M' 'M' 'M' 'M' 'M' 'M' 'M' 'M' 'M'
 'M' 'M' 'M' 'M' 'M' 'M' 'M' 'M' 'M' 'M' 'M' 'M' 'M' 'M' 'M' 'M' 'M' 'M'
 'M' 'M' 'M' 'M' 'M' 'M' 'M' 'M' 'M' 'M' 'M' 'M' 'M' 'M' 'M' 'M' 'M' 'M'
 'M' 'M' 'M' 'M' 'M' 'M' 'M' 'M' 'M' 'M' 'M' 'M' 'M' 'M' 'M' 'M' 'M' 'M']"
34501,1,197,1,196,1,0,0,"['M' 'M' 'M' 'M' 'M' 'M' 'M' 'M' 'M' 'M' 'M' 'M' 'M' 'M' 'M' 'M' 'M' 'M'
 'M' 'M' 'M' 'M' 'M' 'M' 'M' 'M' 'M' 'M' 'M' 'M' 'M' 'M' 'M' 'M' 'M' 'M'
 'M' 'M' 'M' 'M' 'M' 'M' 'M' 'M' 'M' 'M' 'M' 'M' 'M' 'M' 'M' 'M' 'M' 'M'
 'M' 'M' 'M' 'M' 'M' 'M' 'M' 'M' 'M' 'M' 'M' 'M' 'M' 'M' 'M' 'M' 'M' 'M'
 'M' 'M' 'M' 'M' 'M' 'M' 'M' 'M' 'U' 'M' 'M' 'M' 'M' 'M' 'M' 'M' 'M' 'M'
 'M' 'M' 'M' 'M' 'M' 'M' 'M' 'M' 'M' 'M' 'M' 'M' 'M' 'M' 'M' 'M' 'M' 'M'
 'M' 'M' 'M' 'M' 'M' 'M' 'M' 'M' 'M' 'M' 'M' 'M' 'M' 'M' 'M' 'M' 'M' 'M'
 'M' 'M' 'M' 'M' 'A' 'M' 'M' 'M' 'M' 'M' 'M' 'M' 'M' 'M' 'M' 'M' 'M' 'M'
 'M' 'M' 'M' 'M' 'M' 'M' 'M' 'M' 'M' 'M' 'M' 'M' 'M' 'M' 'M' 'M' 'M' 'M'
 'M' 'M' 'M' 'M' 'M' 'M' 'M' 'M' 'M' 'M' 'M' 'M' 'M' 'M' 'M' 'M' 'M' 'M'
 'M' 'M' 'M' 'M' 'M' 'M' 'M' 'M' 'M' 'M' 'M' 'M' 'M' 'M' 'M' 'M' 'M' 'M']"
34601,1,195,1,194,3,0,0,"['M' 'M' 'M' 'M' 'M' 'M' 'M' 'M' 'M' 'M' 'M' 'M' 'M' 'M' 'M' 'M' 'M' 'M'
 'M' 'M' 'M' 'M' 'M' 'M' 'M' 'M' 'M' 'M' 'M' 'M' 'M' 'M' 'M' 'M' 'M' 'M'
 'M' 'M' 'M' 'M' 'M' 'M' 'M' 'M' 'M' 'M' 'M' 'M' 'M' 'M' 'M' 'M' 'M' 'M'
 'M' 'M' 'M' 'M' 'M' 'M' 'M' 'M' 'M' 'M' 'M' 'M' 'M' 'M' 'M' 'M' 'M' 'M'
 'M' 'M' 'M' 'M' 'M' 'M' 'M' 'M' 'M' 'U' 'M' 'M' 'M' 'M' 'M' 'M' 'M' 'M'
 'M' 'M' 'M' 'M' 'M' 'M' 'M' 'M' 'M' 'M' 'M' 'M' 'M' 'M' 'M' 'M' 'M' 'U'
 'M' 'M' 'M' 'M' 'M' 'M' 'M' 'M' 'M' 'M' 'M' 'M' 'M' 'M' 'M' 'M' 'M' 'M'
 'M' 'M' 'M' 'M' 'A' 'M' 'M' 'M' 'M' 'M' 'M' 'M' 'M' 'M' 'M' 'M' 'M' 'M'
 'M' 'M' 'M' 'M' 'M' 'M' 'M' 'M' 'M' 'M' 'M' 'M' 'M' 'M' 'M' 'U' 'M' 'M'
 'M' 'M' 'M' 'M' 'M' 'M' 'M' 'M' 'M' 'M' 'M' 'M' 'M' 'M' 'M' 'M' 'M' 'M'
 'M' 'M' 'M' 'M' 'M' 'M' 'M' 'M' 'M' 'M' 'M' 'M' 'M' 'M' 'M' 'M' 'M' 'M']"
34701,1,194,6,188,4,0,0,"['M' 'M' 'M' 'M' 'M' 'M' 'M' 'M' 'M' 'M' 'M' 'M' 'M' 'M' 'M' 'M' 'M' 'M'
 'M' 'M' 'M' 'M' 'M' 'M' 'M' 'M' 'M' 'M' 'M' 'M' 'M' 'M' 'M' 'M' 'M' 'M'
 'M' 'M' 'M' 'M' 'M' 'M' 'M' 'M' 'M' 'M' 'M' 'M' 'M' 'M' 'M' 'M' 'M' 'M'
 'M' 'M' 'M' 'M' 'M' 'M' 'M' 'M' 'M' 'U' 'M' 'M' 'M' 'M' 'M' 'M' 'M' 'M'
 'M' 'M' 'M' 'M' 'U' 'M' 'M' 'M' 'M' 'M' 'M' 'M' 'M' 'M' 'M' 'M' 'M' 'M'
 'M' 'M' 'M' 'M' 'M' 'M' 'M' 'M' 'M' 'M' 'M' 'M' 'M' 'M' 'M' 'M' 'M' 'M'
 'M' 'M' 'M' 'M' 'M' 'M' 'M' 'M' 'M' 'M' 'M' 'M' 'M' 'M' 'M' 'M' 'M' 'M'
 'M' 'M' 'M' 'M' 'A' 'M' 'A' 'U' 'A' 'A' 'A' 'A' 'U' 'M' 'M' 'M' 'M' 'M'
 'M' 'M' 'M' 'M' 'M' 'M' 'M' 'M' 'M' 'M' 'M' 'M' 'M' 'M' 'M' 'M' 'M' 'M'
 'M' 'M' 'M' 'M' 'M' 'M' 'M' 'M' 'M' 'M' 'M' 'M' 'M' 'M' 'M' 'M' 'M' 'M'
 'M' 'M' 'M' 'M' 'M' 'M' 'M' 'M' 'M' 'M' 'M' 'M' 'M' 'M' 'M' 'M' 'M' 'M']"
34801,1,192,6,186,6,0,0,"['M' 'M' 'M' 'M' 'M' 'M' 'M' 'M' 'M' 'M' 'M' 'M' 'M' 'M' 'M' 'M' 'M' 'M'
 'M' 'M' 'M' 'M' 'M' 'M' 'M' 'M' 'M' 'M' 'M' 'M' 'M' 'M' 'M' 'M' 'M' 'M'
 'M' 'M' 'M' 'M' 'M' 'M' 'M' 'M' 'M' 'M' 'M' 'M' 'M' 'M' 'M' 'M' 'M' 'M'
 'M' 'M' 'M' 'M' 'M' 'M' 'M' 'M' 'M' 'U' 'M' 'M' 'M' 'M' 'M' 'M' 'M' 'M'
 'M' 'U' 'M' 'M' 'M' 'M' 'M' 'M' 'M' 'M' 'M' 'M' 'M' 'M' 'M' 'M' 'M' 'M'
 'M' 'M' 'M' 'M' 'M' 'M' 'M' 'M' 'M' 'M' 'M' 'M' 'M' 'U' 'M' 'M' 'M' 'M'
 'M' 'M' 'M' 'M' 'M' 'M' 'M' 'M' 'M' 'M' 'M' 'M' 'M' 'M' 'M' 'M' 'M' 'M'
 'M' 'M' 'M' 'M' 'A' 'A' 'U' 'A' 'M' 'A' 'U' 'A' 'A' 'M' 'M' 'M' 'M' 'M'
 'U' 'M' 'M' 'M' 'M' 'M' 'M' 'M' 'M' 'M' 'M' 'M' 'M' 'M' 'M' 'M' 'M' 'M'
 'M' 'M' 'M' 'M' 'M' 'M' 'M' 'M' 'M' 'M' 'M' 'M' 'M' 'M' 'M' 'M' 'M' 'M'
 'M' 'M' 'M' 'M' 'M' 'M' 'M' 'M' 'M' 'M' 'M' 'M' 'M' 'M' 'M' 'M' 'M' 'M']"
34901,2,191,8,183,7,0,0,"['M' 'M' 'M' 'M' 'M' 'M' 'M' 'M' 'M' 'M' 'M' 'M' 'M' 'M' 'M' 'M' 'M' 'U'
 'M' 'M' 'M' 'M' 'M' 'M' 'M' 'M' 'M' 'M' 'M' 'M' 'M' 'M' 'M' 'M' 'M' 'M'
 'M' 'M' 'M' 'M' 'M' 'M' 'M' 'M' 'M' 'M' 'M' 'M' 'M' 'M' 'M' 'M' 'M' 'M'
 'M' 'M' 'M' 'M' 'M' 'M' 'M' 'M' 'M' 'U' 'M' 'M' 'M' 'M' 'M' 'M' 'M' 'M'
 'M' 'M' 'M' 'M' 'M' 'M' 'M' 'M' 'M' 'M' 'M' 'M' 'M' 'U' 'M' 'M' 'M' 'M'
 'M' 'M' 'M' 'M' 'M' 'M' 'M' 'M' 'M' 'M' 'M' 'M' 'M' 'U' 'M' 'M' 'M' 'M'
 'M' 'M' 'M' 'M' 'M' 'M' 'M' 'M' 'M' 'M' 'M' 'M' 'M' 'M' 'M' 'M' 'M' 'M'
 'M' 'M' 'M' 'M' 'A' 'A' 'A' 'A' 'A' 'A' 'M' 'A' 'A' 'M' 'M' 'M' 'M' 'M'
 'U' 'M' 'M' 'M' 'M' 'M' 'M' 'M' 'M' 'M' 'M' 'M' 'M' 'M' 'M' 'M' 'M' 'M'
 'M' 'M' 'M' 'M' 'M' 'M' 'M' 'U' 'M' 'U' 'M' 'M' 'M' 'M' 'M' 'M' 'M' 'M'
 'M' 'M' 'M' 'M' 'M' 'M' 'M' 'M' 'M' 'M' 'M' 'M' 'M' 'M' 'M' 'M' 'M' 'M']"
35001,1,190,9,181,8,0,1,"['M' 'M' 'M' 'M' 'M' 'M' 'M' 'M' 'M' 'M' 'M' 'M' 'M' 'M' 'M' 'M' 'M' 'U'
 'M' 'M' 'M' 'M' 'M' 'M' 'M' 'M' 'M' 'M' 'M' 'M' 'M' 'M' 'M' 'M' 'M' 'M'
 'M' 'M' 'M' 'A' 'M' 'M' 'M' 'M' 'M' 'M' 'M' 'M' 'M' 'M' 'M' 'M' 'M' 'M'
 'M' 'M' 'M' 'M' 'M' 'M' 'M' 'M' 'M' 'A' 'M' 'M' 'M' 'M' 'M' 'M' 'M' 'M'
 'M' 'M' 'M' 'M' 'M' 'M' 'U' 'M' 'M' 'M' 'M' 'M' 'M' 'M' 'M' 'M' 'M' 'M'
 'M' 'M' 'M' 'M' 'M' 'M' 'M' 'M' 'M' 'M' 'M' 'M' 'M' 'U' 'M' 'M' 'M' 'M'
 'M' 'M' 'M' 'M' 'M' 'M' 'M' 'M' 'M' 'M' 'M' 'M' 'M' 'M' 'M' 'M' 'M' 'M'
 'M' 'M' 'M' 'M' 'A' 'A' 'A' 'U' 'A' 'A' 'A' 'U' 'A' 'M' 'M' 'M' 'M' 'M'
 'U' 'M' 'M' 'M' 'M' 'M' 'M' 'M' 'M' 'M' 'M' 'M' 'M' 'M' 'M' 'M' 'M' 'M'
 'M' 'M' 'M' 'M' 'M' 'M' 'M' 'U' 'M' 'M' 'M' 'M' 'M' 'U' 'M' 'M' 'M' 'M'
 'M' 'M' 'M' 'M' 'M' 'M' 'M' 'M' 'M' 'M' 'M' 'M' 'M' 'M' 'M' 'M' 'M' 'M']"
35101,1,189,6,183,9,0,0,"['M' 'M' 'M' 'U' 'M' 'M' 'M' 'M' 'M' 'M' 'M' 'M' 'M' 'M' 'M' 'M' 'M' 'U'
 'M' 'M' 'M' 'M' 'M' 'M' 'M' 'M' 'M' 'M' 'M' 'M' 'M' 'M' 'M' 'M' 'M' 'M'
 'M' 'M' 'M' 'U' 'M' 'M' 'M' 'M' 'M' 'M' 'M' 'M' 'M' 'M' 'M' 'M' 'M' 'M'
 'M' 'M' 'M' 'M' 'M' 'M' 'M' 'M' 'M' 'A' 'M' 'M' 'M' 'M' 'M' 'M' 'M' 'M'
 'M' 'M' 'M' 'M' 'M' 'M' 'M' 'M' 'M' 'M' 'M' 'M' 'M' 'M' 'U' 'M' 'M' 'M'
 'M' 'M' 'M' 'M' 'M' 'M' 'M' 'U' 'M' 'M' 'M' 'M' 'M' 'U' 'M' 'M' 'M' 'M'
 'M' 'M' 'M' 'M' 'M' 'M' 'M' 'M' 'M' 'M' 'M' 'M' 'M' 'M' 'M' 'M' 'M' 'M'
 'M' 'M' 'M' 'M' 'A' 'A' 'U' 'M' 'M' 'A' 'A' 'M' 'A' 'M' 'M' 'M' 'M' 'M'
 'M' 'M' 'M' 'M' 'M' 'M' 'M' 'M' 'M' 'M' 'M' 'U' 'M' 'M' 'M' 'M' 'M' 'M'
 'M' 'M' 'M' 'M' 'M' 'M' 'M' 'U' 'M' 'M' 'M' 'M' 'M' 'M' 'M' 'M' 'M' 'M'
 'M' 'M' 'M' 'M' 'M' 'M' 'M' 'M' 'M' 'M' 'M' 'M' 'M' 'M' 'M' 'M' 'M' 'M']"
35201,1,189,6,183,9,0,1,"['M' 'M' 'M' 'M' 'M' 'M' 'M' 'M' 'M' 'M' 'M' 'M' 'M' 'M' 'M' 'M' 'M' 'U'
 'M' 'M' 'M' 'M' 'M' 'M' 'M' 'M' 'M' 'M' 'M' 'M' 'M' 'M' 'M' 'M' 'M' 'M'
 'M' 'M' 'M' 'M' 'M' 'M' 'M' 'M' 'M' 'M' 'M' 'M' 'M' 'M' 'M' 'M' 'M' 'M'
 'M' 'M' 'M' 'M' 'M' 'M' 'M' 'M' 'M' 'A' 'M' 'M' 'M' 'M' 'M' 'M' 'M' 'M'
 'M' 'M' 'M' 'M' 'M' 'M' 'M' 'M' 'M' 'M' 'M' 'M' 'M' 'M' 'M' 'U' 'M' 'M'
 'M' 'M' 'M' 'M' 'M' 'M' 'M' 'M' 'M' 'M' 'M' 'M' 'U' 'U' 'U' 'M' 'M' 'M'
 'M' 'M' 'M' 'M' 'M' 'M' 'M' 'M' 'M' 'M' 'M' 'M' 'M' 'M' 'M' 'M' 'M' 'M'
 'M' 'M' 'M' 'M' 'A' 'U' 'U' 'A' 'A' 'U' 'U' 'A' 'A' 'M' 'M' 'M' 'M' 'M'
 'M' 'M' 'M' 'M' 'M' 'M' 'M' 'M' 'M' 'M' 'M' 'M' 'M' 'M' 'M' 'M' 'M' 'M'
 'M' 'M' 'M' 'M' 'M' 'M' 'M' 'M' 'M' 'M' 'M' 'M' 'M' 'M' 'M' 'M' 'M' 'M'
 'M' 'M' 'M' 'M' 'M' 'M' 'M' 'M' 'M' 'M' 'M' 'M' 'M' 'M' 'M' 'M' 'M' 'M']"
35301,1,189,5,184,9,0,0,"['M' 'M' 'M' 'M' 'M' 'M' 'M' 'M' 'M' 'M' 'M' 'M' 'M' 'M' 'M' 'M' 'M' 'U'
 'M' 'M' 'M' 'M' 'M' 'M' 'M' 'M' 'M' 'M' 'M' 'M' 'M' 'M' 'M' 'M' 'M' 'M'
 'M' 'M' 'M' 'M' 'M' 'M' 'M' 'M' 'M' 'M' 'M' 'M' 'M' 'M' 'M' 'M' 'M' 'M'
 'M' 'M' 'M' 'M' 'U' 'M' 'M' 'M' 'M' 'A' 'M' 'M' 'M' 'M' 'M' 'M' 'M' 'M'
 'M' 'M' 'M' 'M' 'M' 'M' 'M' 'M' 'M' 'M' 'M' 'U' 'M' 'M' 'M' 'M' 'M' 'M'
 'M' 'M' 'M' 'M' 'M' 'M' 'M' 'M' 'M' 'M' 'M' 'M' 'U' 'U' 'M' 'M' 'M' 'M'
 'M' 'M' 'M' 'M' 'M' 'M' 'M' 'M' 'M' 'U' 'M' 'M' 'M' 'M' 'M' 'M' 'M' 'M'
 'M' 'M' 'M' 'M' 'A' 'M' 'U' 'A' 'A' 'M' 'U' 'U' 'A' 'M' 'M' 'M' 'M' 'M'
 'M' 'M' 'M' 'M' 'M' 'M' 'M' 'M' 'M' 'M' 'M' 'M' 'M' 'M' 'M' 'M' 'M' 'M'
 'M' 'M' 'M' 'M' 'M' 'M' 'M' 'M' 'M' 'M' 'M' 'M' 'M' 'M' 'M' 'M' 'M' 'M'
 'M' 'M' 'M' 'M' 'M' 'M' 'M' 'M' 'M' 'M' 'M' 'M' 'M' 'M' 'M' 'M' 'M' 'M']"
35401,1,189,2,187,9,0,0,"['M' 'M' 'M' 'M' 'M' 'M' 'M' 'M' 'M' 'M' 'M' 'M' 'M' 'M' 'M' 'M' 'M' 'M'
 'M' 'M' 'M' 'M' 'M' 'M' 'M' 'M' 'M' 'M' 'M' 'M' 'M' 'M' 'M' 'M' 'M' 'M'
 'M' 'M' 'M' 'M' 'M' 'M' 'M' 'M' 'M' 'M' 'M' 'M' 'M' 'M' 'M' 'M' 'M' 'M'
 'M' 'M' 'M' 'M' 'M' 'M' 'M' 'M' 'M' 'U' 'M' 'M' 'M' 'M' 'M' 'M' 'U' 'M'
 'M' 'M' 'M' 'M' 'M' 'M' 'M' 'M' 'M' 'M' 'M' 'M' 'M' 'M' 'M' 'M' 'M' 'M'
 'M' 'M' 'M' 'M' 'M' 'M' 'M' 'M' 'M' 'M' 'M' 'M' 'U' 'U' 'M' 'M' 'M' 'M'
 'M' 'M' 'M' 'M' 'M' 'M' 'M' 'M' 'M' 'U' 'M' 'M' 'M' 'M' 'M' 'M' 'M' 'M'
 'M' 'M' 'M' 'M' 'A' 'M' 'U' 'A' 'U' 'M' 'M' 'U' 'U' 'M' 'M' 'M' 'M' 'M'
 'M' 'M' 'M' 'M' 'M' 'M' 'M' 'M' 'M' 'M' 'M' 'M' 'M' 'M' 'M' 'M' 'M' 'M'
 'M' 'M' 'M' 'M' 'M' 'M' 'M' 'M' 'M' 'M' 'M' 'M' 'M' 'M' 'M' 'M' 'M' 'M'
 'M' 'M' 'M' 'M' 'M' 'M' 'M' 'M' 'M' 'M' 'M' 'M' 'M' 'M' 'M' 'M' 'M' 'M']"
35501,1,190,2,188,8,0,0,"['M' 'M' 'M' 'M' 'M' 'M' 'M' 'M' 'M' 'M' 'M' 'M' 'M' 'M' 'M' 'M' 'M' 'M'
 'M' 'M' 'M' 'M' 'M' 'M' 'M' 'M' 'M' 'M' 'M' 'M' 'M' 'M' 'M' 'M' 'M' 'M'
 'M' 'M' 'M' 'U' 'M' 'M' 'M' 'M' 'M' 'M' 'M' 'M' 'M' 'M' 'M' 'M' 'M' 'M'
 'M' 'M' 'M' 'M' 'M' 'M' 'M' 'M' 'M' 'M' 'M' 'M' 'M' 'U' 'M' 'M' 'M' 'M'
 'M' 'M' 'M' 'M' 'M' 'M' 'M' 'M' 'M' 'M' 'M' 'M' 'M' 'M' 'M' 'M' 'M' 'M'
 'M' 'M' 'M' 'M' 'M' 'M' 'M' 'M' 'M' 'U' 'M' 'M' 'U' 'M' 'M' 'M' 'M' 'M'
 'M' 'M' 'M' 'M' 'M' 'M' 'M' 'M' 'M' 'M' 'M' 'M' 'M' 'M' 'M' 'M' 'M' 'M'
 'M' 'M' 'M' 'M' 'A' 'M' 'U' 'A' 'U' 'M' 'M' 'U' 'M' 'M' 'M' 'M' 'M' 'M'
 'M' 'M' 'M' 'M' 'M' 'M' 'M' 'M' 'M' 'M' 'M' 'M' 'M' 'M' 'M' 'M' 'M' 'M'
 'M' 'M' 'M' 'M' 'M' 'M' 'M' 'M' 'M' 'M' 'M' 'M' 'M' 'M' 'M' 'M' 'M' 'M'
 'M' 'M' 'M' 'M' 'M' 'M' 'M' 'M' 'U' 'M' 'M' 'M' 'M' 'M' 'M' 'M' 'M' 'M']"
35601,1,193,2,191,5,0,0,"['M' 'M' 'M' 'M' 'M' 'M' 'M' 'M' 'M' 'M' 'M' 'M' 'M' 'M' 'M' 'M' 'M' 'M'
 'M' 'M' 'M' 'M' 'M' 'M' 'M' 'M' 'M' 'M' 'M' 'M' 'M' 'M' 'M' 'M' 'M' 'M'
 'M' 'M' 'M' 'M' 'M' 'M' 'M' 'M' 'M' 'M' 'M' 'M' 'M' 'M' 'M' 'M' 'M' 'M'
 'M' 'M' 'M' 'M' 'M' 'M' 'M' 'M' 'M' 'M' 'M' 'M' 'M' 'M' 'M' 'M' 'M' 'M'
 'M' 'M' 'M' 'M' 'U' 'M' 'M' 'M' 'M' 'M' 'M' 'M' 'M' 'M' 'M' 'M' 'M' 'M'
 'M' 'M' 'M' 'M' 'M' 'M' 'M' 'M' 'M' 'M' 'M' 'M' 'M' 'M' 'M' 'M' 'M' 'M'
 'M' 'U' 'M' 'M' 'M' 'M' 'M' 'M' 'M' 'M' 'M' 'M' 'M' 'M' 'M' 'M' 'M' 'M'
 'M' 'M' 'M' 'M' 'A' 'M' 'M' 'A' 'U' 'M' 'M' 'U' 'M' 'M' 'M' 'M' 'M' 'M'
 'M' 'M' 'M' 'M' 'M' 'M' 'M' 'M' 'M' 'M' 'M' 'M' 'M' 'M' 'M' 'M' 'M' 'M'
 'M' 'M' 'M' 'M' 'M' 'M' 'M' 'M' 'M' 'M' 'M' 'M' 'M' 'M' 'M' 'M' 'M' 'M'
 'M' 'M' 'M' 'M' 'M' 'M' 'M' 'M' 'U' 'M' 'M' 'M' 'M' 'M' 'M' 'M' 'M' 'M']"
35701,1,196,1,195,2,0,0,"['M' 'M' 'M' 'M' 'M' 'M' 'M' 'M' 'M' 'M' 'M' 'M' 'M' 'M' 'M' 'M' 'M' 'M'
 'M' 'M' 'M' 'M' 'M' 'M' 'M' 'M' 'M' 'M' 'M' 'M' 'M' 'M' 'M' 'M' 'M' 'M'
 'M' 'M' 'M' 'M' 'M' 'M' 'M' 'M' 'M' 'M' 'M' 'M' 'M' 'M' 'M' 'M' 'M' 'M'
 'M' 'M' 'M' 'M' 'M' 'M' 'M' 'M' 'M' 'M' 'M' 'M' 'M' 'M' 'M' 'M' 'M' 'M'
 'M' 'M' 'M' 'M' 'M' 'M' 'M' 'M' 'M' 'M' 'U' 'M' 'M' 'M' 'M' 'M' 'M' 'M'
 'M' 'M' 'M' 'M' 'M' 'M' 'M' 'M' 'M' 'M' 'M' 'M' 'M' 'M' 'M' 'M' 'M' 'M'
 'M' 'M' 'M' 'M' 'M' 'M' 'M' 'M' 'M' 'M' 'M' 'M' 'M' 'M' 'M' 'M' 'M' 'M'
 'M' 'M' 'M' 'M' 'A' 'M' 'M' 'M' 'U' 'M' 'M' 'M' 'M' 'M' 'M' 'M' 'M' 'M'
 'M' 'M' 'M' 'M' 'M' 'M' 'M' 'M' 'M' 'M' 'M' 'M' 'M' 'M' 'M' 'M' 'M' 'M'
 'M' 'M' 'M' 'M' 'M' 'M' 'M' 'M' 'M' 'M' 'M' 'M' 'M' 'M' 'M' 'M' 'M' 'M'
 'M' 'M' 'M' 'M' 'M' 'M' 'M' 'M' 'M' 'M' 'M' 'M' 'M' 'M' 'M' 'M' 'M' 'M']"
35801,1,196,1,195,2,0,0,"['M' 'M' 'M' 'M' 'M' 'M' 'M' 'M' 'M' 'M' 'M' 'M' 'M' 'M' 'M' 'M' 'M' 'M'
 'M' 'M' 'M' 'M' 'M' 'M' 'M' 'M' 'M' 'M' 'M' 'M' 'M' 'M' 'M' 'M' 'M' 'M'
 'M' 'M' 'M' 'M' 'M' 'M' 'M' 'M' 'M' 'M' 'M' 'M' 'M' 'M' 'M' 'M' 'M' 'M'
 'M' 'M' 'M' 'M' 'M' 'M' 'M' 'M' 'M' 'M' 'M' 'M' 'M' 'M' 'M' 'M' 'M' 'M'
 'M' 'M' 'M' 'M' 'M' 'M' 'M' 'M' 'M' 'M' 'M' 'M' 'M' 'M' 'M' 'M' 'M' 'U'
 'M' 'M' 'M' 'M' 'M' 'M' 'M' 'M' 'M' 'M' 'M' 'M' 'M' 'M' 'M' 'M' 'M' 'M'
 'M' 'M' 'M' 'M' 'M' 'M' 'M' 'M' 'M' 'M' 'M' 'M' 'M' 'M' 'M' 'M' 'M' 'M'
 'M' 'M' 'M' 'M' 'A' 'M' 'M' 'M' 'U' 'M' 'M' 'M' 'M' 'M' 'M' 'M' 'M' 'M'
 'M' 'M' 'M' 'M' 'M' 'M' 'M' 'M' 'M' 'M' 'M' 'M' 'M' 'M' 'M' 'M' 'M' 'M'
 'M' 'M' 'M' 'M' 'M' 'M' 'M' 'M' 'M' 'M' 'M' 'M' 'M' 'M' 'M' 'M' 'M' 'M'
 'M' 'M' 'M' 'M' 'M' 'M' 'M' 'M' 'M' 'M' 'M' 'M' 'M' 'M' 'M' 'M' 'M' 'M']"
35901,1,196,1,195,2,0,0,"['M' 'M' 'M' 'M' 'M' 'M' 'M' 'M' 'M' 'M' 'M' 'M' 'M' 'M' 'M' 'M' 'M' 'M'
 'M' 'M' 'M' 'M' 'M' 'M' 'M' 'M' 'M' 'M' 'M' 'M' 'M' 'M' 'M' 'M' 'M' 'M'
 'M' 'M' 'M' 'M' 'M' 'M' 'M' 'M' 'M' 'M' 'M' 'M' 'M' 'M' 'M' 'M' 'M' 'U'
 'M' 'M' 'M' 'M' 'M' 'M' 'M' 'M' 'M' 'M' 'M' 'M' 'M' 'M' 'M' 'M' 'M' 'M'
 'M' 'M' 'M' 'M' 'M' 'M' 'M' 'M' 'M' 'M' 'M' 'M' 'M' 'M' 'M' 'M' 'M' 'M'
 'M' 'M' 'M' 'U' 'M' 'M' 'M' 'M' 'M' 'M' 'M' 'M' 'M' 'M' 'M' 'M' 'M' 'M'
 'M' 'M' 'M' 'M' 'M' 'M' 'M' 'M' 'M' 'M' 'M' 'M' 'M' 'M' 'M' 'M' 'M' 'M'
 'M' 'M' 'M' 'M' 'A' 'M' 'M' 'M' 'M' 'M' 'M' 'M' 'M' 'M' 'M' 'M' 'M' 'M'
 'M' 'M' 'M' 'M' 'M' 'M' 'M' 'M' 'M' 'M' 'M' 'M' 'M' 'M' 'M' 'M' 'M' 'M'
 'M' 'M' 'M' 'M' 'M' 'M' 'M' 'M' 'M' 'M' 'M' 'M' 'M' 'M' 'M' 'M' 'M' 'M'
 'M' 'M' 'M' 'M' 'M' 'M' 'M' 'M' 'M' 'M' 'M' 'M' 'M' 'M' 'M' 'M' 'M' 'M']"
36001,1,193,6,187,5,0,0,"['M' 'M' 'M' 'M' 'M' 'M' 'M' 'M' 'M' 'U' 'M' 'M' 'M' 'M' 'M' 'M' 'M' 'M'
 'M' 'M' 'M' 'M' 'M' 'M' 'M' 'M' 'M' 'M' 'M' 'M' 'M' 'M' 'M' 'M' 'M' 'M'
 'M' 'M' 'M' 'M' 'M' 'M' 'M' 'M' 'M' 'M' 'M' 'M' 'M' 'M' 'M' 'M' 'M' 'U'
 'M' 'M' 'M' 'M' 'M' 'M' 'M' 'M' 'M' 'M' 'M' 'M' 'M' 'M' 'M' 'U' 'M' 'M'
 'M' 'M' 'M' 'M' 'M' 'M' 'M' 'M' 'M' 'M' 'M' 'M' 'M' 'M' 'M' 'M' 'M' 'M'
 'M' 'M' 'M' 'M' 'M' 'M' 'M' 'M' 'M' 'M' 'M' 'M' 'M' 'M' 'M' 'M' 'M' 'M'
 'M' 'M' 'M' 'M' 'M' 'M' 'M' 'M' 'M' 'M' 'M' 'M' 'M' 'M' 'M' 'M' 'M' 'M'
 'M' 'M' 'M' 'M' 'A' 'U' 'A' 'A' 'A' 'A' 'A' 'U' 'M' 'M' 'M' 'M' 'M' 'M'
 'M' 'M' 'M' 'M' 'M' 'M' 'M' 'M' 'M' 'M' 'M' 'M' 'M' 'M' 'M' 'M' 'M' 'M'
 'M' 'M' 'M' 'M' 'M' 'M' 'M' 'M' 'M' 'M' 'M' 'M' 'M' 'M' 'M' 'M' 'M' 'M'
 'M' 'M' 'M' 'M' 'M' 'M' 'M' 'M' 'M' 'M' 'M' 'M' 'M' 'M' 'M' 'M' 'M' 'M']"
36101,1,190,5,185,8,0,0,"['M' 'M' 'M' 'M' 'M' 'M' 'M' 'M' 'M' 'U' 'M' 'M' 'M' 'M' 'M' 'M' 'M' 'M'
 'U' 'M' 'M' 'M' 'M' 'M' 'M' 'M' 'M' 'M' 'M' 'M' 'M' 'M' 'M' 'M' 'M' 'M'
 'M' 'M' 'M' 'M' 'M' 'M' 'M' 'M' 'M' 'M' 'M' 'M' 'M' 'M' 'M' 'M' 'M' 'U'
 'M' 'M' 'M' 'M' 'M' 'M' 'M' 'M' 'M' 'M' 'M' 'M' 'M' 'M' 'M' 'M' 'M' 'M'
 'M' 'M' 'U' 'M' 'M' 'M' 'M' 'M' 'M' 'M' 'M' 'M' 'M' 'M' 'M' 'M' 'M' 'M'
 'M' 'M' 'M' 'M' 'M' 'M' 'M' 'M' 'M' 'M' 'M' 'M' 'M' 'M' 'M' 'M' 'M' 'M'
 'M' 'M' 'M' 'M' 'M' 'M' 'M' 'M' 'M' 'M' 'M' 'M' 'M' 'M' 'M' 'M' 'M' 'M'
 'M' 'M' 'M' 'M' 'A' 'U' 'M' 'A' 'A' 'A' 'A' 'U' 'M' 'M' 'M' 'M' 'M' 'M'
 'M' 'M' 'M' 'M' 'M' 'M' 'M' 'M' 'M' 'M' 'M' 'M' 'M' 'M' 'M' 'M' 'M' 'M'
 'M' 'M' 'M' 'M' 'M' 'M' 'M' 'M' 'M' 'M' 'M' 'M' 'M' 'M' 'M' 'U' 'M' 'M'
 'M' 'M' 'M' 'M' 'M' 'M' 'M' 'M' 'M' 'M' 'M' 'U' 'M' 'M' 'M' 'M' 'M' 'M']"
36201,1,192,9,183,6,0,0,"['M' 'M' 'M' 'M' 'M' 'M' 'M' 'M' 'M' 'U' 'M' 'M' 'M' 'M' 'M' 'M' 'M' 'M'
 'M' 'M' 'M' 'M' 'M' 'M' 'M' 'M' 'M' 'M' 'M' 'M' 'U' 'M' 'M' 'M' 'M' 'M'
 'M' 'M' 'M' 'M' 'M' 'M' 'M' 'M' 'M' 'M' 'M' 'M' 'M' 'M' 'M' 'M' 'M' 'U'
 'M' 'M' 'M' 'M' 'M' 'M' 'M' 'M' 'M' 'M' 'M' 'M' 'M' 'M' 'M' 'M' 'M' 'M'
 'M' 'M' 'M' 'M' 'M' 'M' 'M' 'M' 'M' 'M' 'M' 'M' 'M' 'M' 'M' 'M' 'M' 'M'
 'M' 'M' 'M' 'M' 'U' 'M' 'M' 'M' 'M' 'M' 'M' 'M' 'M' 'M' 'M' 'M' 'M' 'M'
 'M' 'M' 'M' 'M' 'M' 'M' 'M' 'M' 'M' 'M' 'M' 'M' 'M' 'M' 'M' 'M' 'M' 'M'
 'M' 'M' 'M' 'M' 'A' 'A' 'A' 'A' 'A' 'A' 'A' 'A' 'A' 'M' 'M' 'M' 'M' 'M'
 'M' 'M' 'M' 'M' 'M' 'M' 'M' 'M' 'M' 'M' 'M' 'M' 'M' 'M' 'M' 'M' 'M' 'M'
 'M' 'M' 'M' 'M' 'M' 'M' 'M' 'M' 'M' 'M' 'M' 'M' 'M' 'M' 'M' 'U' 'M' 'M'
 'M' 'M' 'M' 'M' 'M' 'M' 'M' 'M' 'M' 'M' 'M' 'U' 'M' 'M' 'M' 'M' 'M' 'M']"
36301,1,192,9,183,6,0,0,"['M' 'M' 'M' 'M' 'M' 'M' 'M' 'M' 'M' 'M' 'M' 'M' 'M' 'M' 'M' 'M' 'M' 'M'
 'M' 'M' 'M' 'M' 'M' 'M' 'M' 'M' 'M' 'M' 'M' 'M' 'U' 'M' 'M' 'M' 'M' 'M'
 'M' 'M' 'M' 'M' 'M' 'M' 'M' 'M' 'M' 'M' 'M' 'M' 'M' 'U' 'M' 'M' 'M' 'M'
 'M' 'M' 'M' 'M' 'M' 'M' 'M' 'M' 'M' 'M' 'M' 'M' 'M' 'M' 'M' 'M' 'M' 'M'
 'M' 'M' 'M' 'M' 'M' 'M' 'M' 'M' 'M' 'M' 'M' 'M' 'M' 'M' 'M' 'M' 'M' 'M'
 'M' 'M' 'M' 'U' 'M' 'M' 'M' 'M' 'M' 'M' 'M' 'M' 'M' 'M' 'M' 'M' 'M' 'M'
 'M' 'M' 'M' 'M' 'M' 'M' 'M' 'M' 'M' 'M' 'M' 'M' 'M' 'M' 'M' 'M' 'M' 'M'
 'M' 'M' 'M' 'M' 'A' 'A' 'A' 'A' 'A' 'A' 'A' 'A' 'A' 'M' 'M' 'M' 'M' 'M'
 'M' 'M' 'M' 'M' 'M' 'M' 'M' 'M' 'M' 'M' 'M' 'M' 'M' 'M' 'M' 'M' 'M' 'M'
 'M' 'M' 'M' 'M' 'M' 'M' 'M' 'M' 'M' 'M' 'M' 'M' 'M' 'M' 'M' 'U' 'M' 'M'
 'M' 'M' 'M' 'M' 'M' 'M' 'U' 'M' 'M' 'M' 'M' 'U' 'M' 'M' 'M' 'M' 'M' 'M']"
36401,1,189,5,184,9,0,0,"['M' 'M' 'M' 'M' 'M' 'M' 'M' 'M' 'M' 'M' 'M' 'M' 'M' 'M' 'M' 'M' 'M' 'M'
 'M' 'M' 'M' 'M' 'M' 'M' 'M' 'M' 'M' 'M' 'M' 'M' 'M' 'M' 'M' 'M' 'M' 'M'
 'M' 'M' 'M' 'M' 'M' 'M' 'M' 'M' 'M' 'M' 'M' 'M' 'M' 'U' 'M' 'M' 'M' 'M'
 'M' 'M' 'M' 'M' 'M' 'M' 'M' 'M' 'M' 'M' 'M' 'M' 'M' 'U' 'M' 'M' 'M' 'M'
 'M' 'M' 'M' 'M' 'M' 'M' 'M' 'M' 'M' 'M' 'M' 'M' 'M' 'M' 'M' 'M' 'M' 'M'
 'M' 'M' 'M' 'M' 'M' 'M' 'M' 'M' 'M' 'M' 'M' 'M' 'M' 'M' 'M' 'M' 'M' 'M'
 'M' 'M' 'M' 'M' 'M' 'M' 'M' 'M' 'M' 'M' 'M' 'M' 'M' 'M' 'M' 'M' 'M' 'U'
 'M' 'M' 'M' 'M' 'A' 'A' 'A' 'A' 'M' 'U' 'U' 'U' 'A' 'M' 'M' 'M' 'M' 'M'
 'M' 'M' 'U' 'M' 'M' 'M' 'M' 'M' 'M' 'M' 'M' 'M' 'M' 'M' 'M' 'M' 'M' 'M'
 'M' 'M' 'M' 'M' 'M' 'M' 'M' 'M' 'M' 'M' 'M' 'M' 'M' 'M' 'M' 'U' 'M' 'M'
 'M' 'M' 'M' 'M' 'M' 'M' 'M' 'M' 'M' 'M' 'M' 'U' 'M' 'M' 'M' 'M' 'M' 'M']"
36501,1,191,9,182,7,0,0,"['M' 'M' 'M' 'M' 'M' 'M' 'M' 'M' 'M' 'M' 'M' 'M' 'M' 'M' 'M' 'M' 'M' 'M'
 'M' 'M' 'M' 'M' 'M' 'M' 'M' 'M' 'M' 'M' 'M' 'M' 'M' 'M' 'M' 'M' 'M' 'M'
 'M' 'M' 'M' 'M' 'U' 'M' 'M' 'M' 'M' 'M' 'M' 'M' 'M' 'U' 'M' 'U' 'M' 'M'
 'M' 'M' 'M' 'M' 'M' 'M' 'M' 'M' 'M' 'M' 'M' 'M' 'M' 'M' 'M' 'M' 'M' 'M'
 'M' 'M' 'M' 'M' 'M' 'M' 'M' 'M' 'M' 'M' 'M' 'M' 'M' 'M' 'M' 'M' 'M' 'M'
 'M' 'M' 'M' 'U' 'M' 'M' 'M' 'M' 'U' 'M' 'M' 'M' 'M' 'M' 'M' 'M' 'M' 'M'
 'M' 'M' 'M' 'M' 'M' 'M' 'M' 'M' 'M' 'M' 'M' 'M' 'M' 'M' 'M' 'M' 'M' 'U'
 'M' 'M' 'M' 'M' 'A' 'A' 'A' 'A' 'A' 'A' 'A' 'A' 'A' 'M' 'M' 'M' 'M' 'M'
 'M' 'M' 'M' 'M' 'M' 'M' 'M' 'M' 'M' 'M' 'M' 'M' 'M' 'M' 'M' 'M' 'M' 'M'
 'M' 'M' 'M' 'M' 'M' 'M' 'M' 'M' 'M' 'M' 'M' 'M' 'M' 'M' 'M' 'M' 'M' 'M'
 'M' 'M' 'M' 'M' 'M' 'M' 'M' 'M' 'M' 'M' 'M' 'U' 'M' 'M' 'M' 'M' 'M' 'M']"
36601,1,187,6,181,11,0,0,"['M' 'M' 'M' 'M' 'M' 'M' 'M' 'M' 'M' 'M' 'M' 'M' 'M' 'M' 'M' 'M' 'M' 'M'
 'M' 'M' 'M' 'M' 'M' 'M' 'M' 'M' 'M' 'M' 'M' 'M' 'M' 'M' 'M' 'M' 'M' 'M'
 'M' 'M' 'M' 'M' 'U' 'M' 'M' 'M' 'M' 'M' 'M' 'M' 'M' 'M' 'M' 'U' 'M' 'M'
 'M' 'U' 'M' 'M' 'M' 'M' 'M' 'M' 'M' 'M' 'M' 'M' 'M' 'M' 'M' 'M' 'M' 'M'
 'M' 'M' 'M' 'M' 'M' 'M' 'M' 'M' 'M' 'M' 'M' 'U' 'M' 'M' 'M' 'M' 'M' 'M'
 'M' 'M' 'M' 'M' 'M' 'M' 'M' 'M' 'U' 'M' 'M' 'M' 'M' 'M' 'M' 'M' 'M' 'M'
 'M' 'M' 'M' 'M' 'M' 'M' 'M' 'M' 'M' 'U' 'M' 'M' 'M' 'M' 'M' 'M' 'M' 'U'
 'M' 'M' 'M' 'M' 'A' 'U' 'A' 'A' 'A' 'A' 'U' 'A' 'U' 'M' 'M' 'M' 'M' 'M'
 'M' 'M' 'M' 'M' 'M' 'M' 'M' 'M' 'M' 'M' 'M' 'M' 'M' 'M' 'M' 'M' 'M' 'M'
 'M' 'M' 'M' 'M' 'M' 'M' 'M' 'M' 'M' 'M' 'M' 'M' 'M' 'M' 'M' 'M' 'M' 'M'
 'M' 'M' 'M' 'M' 'M' 'M' 'M' 'M' 'M' 'M' 'M' 'U' 'M' 'M' 'M' 'M' 'M' 'M']"
36701,1,189,4,185,9,0,0,"['M' 'M' 'M' 'M' 'M' 'M' 'M' 'M' 'M' 'M' 'M' 'M' 'M' 'M' 'M' 'M' 'M' 'M'
 'M' 'M' 'M' 'M' 'M' 'M' 'M' 'M' 'M' 'M' 'M' 'M' 'M' 'M' 'M' 'M' 'M' 'M'
 'M' 'M' 'M' 'M' 'U' 'M' 'M' 'M' 'M' 'M' 'M' 'M' 'M' 'M' 'M' 'M' 'M' 'M'
 'M' 'M' 'M' 'M' 'M' 'M' 'M' 'M' 'M' 'M' 'M' 'M' 'M' 'U' 'M' 'M' 'M' 'M'
 'M' 'M' 'M' 'M' 'M' 'M' 'M' 'M' 'M' 'M' 'M' 'M' 'M' 'M' 'M' 'M' 'M' 'M'
 'M' 'M' 'M' 'M' 'M' 'M' 'M' 'M' 'U' 'M' 'M' 'M' 'M' 'M' 'M' 'M' 'M' 'M'
 'M' 'M' 'M' 'M' 'M' 'M' 'M' 'M' 'M' 'U' 'M' 'M' 'M' 'A' 'M' 'M' 'M' 'M'
 'M' 'M' 'M' 'M' 'A' 'M' 'U' 'U' 'A' 'U' 'M' 'A' 'U' 'M' 'M' 'M' 'M' 'M'
 'M' 'M' 'M' 'M' 'M' 'M' 'M' 'M' 'M' 'M' 'M' 'M' 'M' 'M' 'M' 'M' 'M' 'M'
 'M' 'M' 'M' 'M' 'M' 'M' 'M' 'M' 'M' 'M' 'M' 'M' 'M' 'M' 'M' 'M' 'M' 'M'
 'M' 'M' 'M' 'M' 'M' 'M' 'M' 'M' 'M' 'M' 'M' 'U' 'M' 'M' 'M' 'M' 'M' 'M']"
36801,1,189,6,183,9,0,0,"['M' 'M' 'M' 'M' 'M' 'M' 'M' 'M' 'M' 'M' 'M' 'M' 'M' 'M' 'M' 'M' 'M' 'M'
 'M' 'M' 'M' 'M' 'M' 'M' 'M' 'M' 'M' 'M' 'M' 'M' 'M' 'M' 'M' 'M' 'M' 'M'
 'M' 'M' 'M' 'M' 'M' 'M' 'M' 'M' 'M' 'M' 'M' 'M' 'M' 'M' 'M' 'M' 'M' 'M'
 'M' 'M' 'M' 'M' 'M' 'M' 'M' 'M' 'M' 'M' 'M' 'M' 'M' 'M' 'M' 'M' 'M' 'M'
 'M' 'M' 'M' 'U' 'M' 'M' 'M' 'M' 'M' 'M' 'M' 'M' 'M' 'M' 'M' 'M' 'M' 'M'
 'M' 'M' 'M' 'M' 'M' 'M' 'M' 'M' 'U' 'M' 'M' 'M' 'M' 'M' 'M' 'M' 'M' 'M'
 'M' 'M' 'M' 'M' 'M' 'M' 'M' 'M' 'M' 'U' 'M' 'M' 'M' 'A' 'M' 'M' 'M' 'M'
 'M' 'M' 'M' 'M' 'A' 'M' 'U' 'A' 'A' 'U' 'M' 'A' 'A' 'M' 'M' 'M' 'M' 'M'
 'M' 'M' 'M' 'M' 'M' 'M' 'M' 'M' 'M' 'M' 'M' 'M' 'M' 'M' 'M' 'M' 'M' 'M'
 'M' 'M' 'M' 'M' 'M' 'M' 'M' 'M' 'U' 'U' 'M' 'M' 'M' 'M' 'M' 'M' 'M' 'M'
 'M' 'M' 'M' 'M' 'M' 'M' 'M' 'M' 'M' 'U' 'M' 'U' 'M' 'M' 'M' 'M' 'M' 'M']"
36901,1,188,5,183,10,0,0,"['M' 'M' 'M' 'M' 'M' 'M' 'M' 'M' 'M' 'U' 'M' 'M' 'M' 'M' 'M' 'M' 'M' 'M'
 'M' 'M' 'M' 'M' 'M' 'M' 'M' 'M' 'M' 'M' 'M' 'M' 'M' 'M' 'M' 'M' 'M' 'M'
 'M' 'M' 'M' 'M' 'M' 'M' 'M' 'M' 'U' 'M' 'M' 'M' 'M' 'M' 'M' 'M' 'M' 'M'
 'M' 'M' 'M' 'M' 'U' 'M' 'M' 'M' 'M' 'M' 'M' 'M' 'M' 'M' 'M' 'M' 'M' 'M'
 'M' 'M' 'M' 'M' 'M' 'M' 'M' 'M' 'M' 'M' 'M' 'M' 'M' 'M' 'M' 'M' 'U' 'M'
 'M' 'M' 'M' 'M' 'M' 'M' 'M' 'M' 'U' 'M' 'M' 'M' 'M' 'M' 'M' 'M' 'M' 'M'
 'M' 'M' 'M' 'M' 'M' 'M' 'M' 'M' 'M' 'M' 'M' 'M' 'M' 'U' 'M' 'M' 'M' 'M'
 'M' 'M' 'M' 'M' 'A' 'M' 'M' 'A' 'A' 'M' 'M' 'A' 'A' 'M' 'M' 'M' 'M' 'M'
 'M' 'M' 'M' 'M' 'M' 'M' 'M' 'M' 'M' 'M' 'M' 'M' 'M' 'M' 'M' 'M' 'M' 'M'
 'M' 'M' 'M' 'M' 'M' 'M' 'M' 'M' 'U' 'U' 'M' 'M' 'M' 'M' 'U' 'M' 'M' 'M'
 'M' 'M' 'M' 'M' 'M' 'M' 'M' 'M' 'M' 'M' 'M' 'U' 'M' 'M' 'M' 'M' 'M' 'M']"
37001,1,186,6,180,12,0,0,"['M' 'M' 'M' 'M' 'M' 'M' 'M' 'M' 'M' 'U' 'M' 'M' 'M' 'M' 'M' 'M' 'M' 'M'
 'M' 'M' 'M' 'M' 'M' 'M' 'M' 'M' 'M' 'M' 'M' 'M' 'M' 'U' 'M' 'M' 'M' 'M'
 'M' 'M' 'M' 'M' 'M' 'M' 'M' 'M' 'U' 'M' 'M' 'M' 'M' 'M' 'M' 'M' 'M' 'M'
 'M' 'M' 'M' 'M' 'M' 'M' 'M' 'M' 'M' 'M' 'M' 'M' 'M' 'M' 'M' 'M' 'M' 'M'
 'M' 'M' 'U' 'M' 'M' 'M' 'M' 'M' 'M' 'M' 'M' 'M' 'M' 'M' 'M' 'M' 'M' 'M'
 'M' 'M' 'M' 'M' 'M' 'M' 'M' 'M' 'M' 'M' 'M' 'M' 'M' 'M' 'M' 'M' 'M' 'M'
 'M' 'M' 'M' 'M' 'M' 'M' 'M' 'M' 'M' 'M' 'M' 'M' 'M' 'U' 'M' 'M' 'M' 'M'
 'M' 'M' 'M' 'M' 'A' 'U' 'A' 'A' 'A' 'U' 'A' 'U' 'A' 'M' 'M' 'M' 'M' 'M'
 'M' 'M' 'M' 'M' 'U' 'M' 'M' 'M' 'M' 'M' 'M' 'M' 'M' 'M' 'M' 'M' 'M' 'M'
 'M' 'M' 'M' 'M' 'M' 'M' 'M' 'M' 'U' 'M' 'M' 'M' 'M' 'U' 'U' 'M' 'M' 'M'
 'M' 'M' 'M' 'M' 'M' 'M' 'M' 'M' 'M' 'M' 'M' 'M' 'M' 'M' 'M' 'M' 'M' 'M']"
37101,1,185,6,179,13,0,1,"['M' 'M' 'M' 'M' 'M' 'M' 'M' 'M' 'M' 'U' 'M' 'M' 'M' 'M' 'M' 'M' 'M' 'M'
 'M' 'M' 'M' 'M' 'M' 'M' 'M' 'M' 'M' 'M' 'U' 'M' 'M' 'U' 'M' 'M' 'M' 'M'
 'M' 'M' 'M' 'M' 'M' 'M' 'M' 'M' 'U' 'M' 'M' 'M' 'M' 'M' 'M' 'M' 'M' 'M'
 'M' 'M' 'M' 'M' 'M' 'M' 'M' 'M' 'M' 'M' 'M' 'M' 'M' 'M' 'M' 'M' 'M' 'U'
 'M' 'M' 'M' 'M' 'M' 'M' 'M' 'M' 'M' 'M' 'M' 'M' 'M' 'M' 'M' 'M' 'M' 'M'
 'M' 'M' 'M' 'M' 'M' 'M' 'M' 'M' 'M' 'M' 'M' 'M' 'M' 'M' 'M' 'M' 'M' 'M'
 'M' 'M' 'M' 'M' 'M' 'M' 'M' 'M' 'M' 'M' 'M' 'M' 'M' 'U' 'M' 'M' 'M' 'M'
 'M' 'M' 'M' 'M' 'A' 'M' 'A' 'A' 'A' 'U' 'A' 'U' 'A' 'M' 'M' 'U' 'M' 'M'
 'M' 'M' 'M' 'M' 'M' 'M' 'M' 'M' 'M' 'M' 'M' 'M' 'M' 'M' 'M' 'M' 'M' 'M'
 'M' 'M' 'M' 'M' 'M' 'M' 'M' 'M' 'M' 'M' 'M' 'M' 'M' 'U' 'U' 'M' 'M' 'M'
 'M' 'M' 'M' 'M' 'U' 'M' 'M' 'U' 'M' 'M' 'M' 'M' 'M' 'M' 'M' 'M' 'M' 'M']"
37201,1,188,6,182,10,0,0,"['M' 'M' 'M' 'M' 'M' 'M' 'M' 'M' 'M' 'U' 'M' 'M' 'M' 'M' 'M' 'M' 'M' 'M'
 'M' 'M' 'M' 'M' 'M' 'M' 'M' 'M' 'M' 'M' 'U' 'M' 'M' 'U' 'M' 'M' 'M' 'M'
 'M' 'M' 'M' 'M' 'M' 'M' 'M' 'M' 'U' 'M' 'M' 'M' 'M' 'M' 'M' 'M' 'M' 'M'
 'M' 'M' 'M' 'M' 'M' 'M' 'M' 'M' 'M' 'M' 'M' 'U' 'M' 'M' 'M' 'M' 'M' 'M'
 'M' 'M' 'M' 'M' 'M' 'M' 'M' 'M' 'M' 'M' 'M' 'M' 'M' 'M' 'M' 'M' 'M' 'M'
 'M' 'M' 'M' 'M' 'M' 'M' 'M' 'M' 'M' 'M' 'M' 'M' 'M' 'M' 'M' 'M' 'M' 'M'
 'M' 'M' 'M' 'M' 'M' 'M' 'M' 'M' 'M' 'M' 'M' 'M' 'M' 'U' 'M' 'M' 'M' 'M'
 'M' 'M' 'M' 'M' 'A' 'M' 'A' 'A' 'A' 'U' 'U' 'A' 'A' 'M' 'M' 'M' 'M' 'M'
 'M' 'M' 'M' 'M' 'M' 'M' 'M' 'M' 'M' 'M' 'M' 'M' 'M' 'M' 'M' 'M' 'M' 'M'
 'M' 'M' 'M' 'M' 'M' 'M' 'M' 'M' 'M' 'M' 'M' 'M' 'M' 'U' 'M' 'M' 'M' 'M'
 'M' 'M' 'M' 'M' 'U' 'M' 'M' 'M' 'M' 'M' 'M' 'M' 'M' 'M' 'M' 'M' 'M' 'M']"
37301,1,187,4,183,11,0,0,"['M' 'M' 'M' 'M' 'M' 'M' 'M' 'M' 'M' 'U' 'M' 'M' 'M' 'M' 'M' 'M' 'M' 'M'
 'M' 'M' 'M' 'M' 'M' 'M' 'M' 'M' 'M' 'M' 'M' 'M' 'M' 'U' 'M' 'M' 'M' 'M'
 'M' 'M' 'M' 'M' 'M' 'M' 'M' 'M' 'U' 'M' 'M' 'M' 'M' 'M' 'M' 'M' 'M' 'M'
 'M' 'M' 'M' 'M' 'M' 'M' 'M' 'M' 'M' 'M' 'M' 'M' 'M' 'M' 'U' 'M' 'M' 'M'
 'M' 'M' 'M' 'M' 'M' 'M' 'M' 'M' 'M' 'M' 'M' 'M' 'M' 'M' 'M' 'M' 'M' 'M'
 'M' 'M' 'M' 'M' 'M' 'M' 'M' 'M' 'M' 'M' 'M' 'M' 'M' 'M' 'M' 'M' 'M' 'M'
 'M' 'M' 'M' 'M' 'M' 'M' 'M' 'M' 'M' 'M' 'M' 'M' 'M' 'U' 'M' 'M' 'M' 'M'
 'M' 'M' 'M' 'M' 'A' 'M' 'A' 'M' 'A' 'U' 'U' 'A' 'M' 'M' 'M' 'M' 'M' 'M'
 'M' 'M' 'M' 'M' 'M' 'M' 'M' 'M' 'M' 'M' 'M' 'M' 'M' 'M' 'M' 'M' 'M' 'M'
 'M' 'M' 'M' 'M' 'M' 'M' 'M' 'M' 'M' 'M' 'M' 'M' 'M' 'U' 'M' 'M' 'M' 'M'
 'M' 'M' 'U' 'M' 'U' 'M' 'M' 'M' 'M' 'M' 'M' 'M' 'M' 'M' 'M' 'U' 'M' 'M']"
37401,1,188,7,181,10,0,0,"['M' 'M' 'M' 'M' 'M' 'M' 'M' 'M' 'M' 'U' 'M' 'M' 'M' 'M' 'M' 'M' 'M' 'M'
 'M' 'M' 'M' 'M' 'M' 'M' 'M' 'M' 'M' 'M' 'M' 'M' 'M' 'M' 'M' 'M' 'M' 'M'
 'M' 'U' 'M' 'M' 'M' 'M' 'M' 'M' 'U' 'M' 'M' 'M' 'M' 'M' 'M' 'M' 'M' 'M'
 'M' 'M' 'M' 'M' 'M' 'M' 'M' 'M' 'M' 'M' 'M' 'M' 'M' 'M' 'M' 'M' 'M' 'U'
 'M' 'M' 'M' 'M' 'M' 'M' 'M' 'M' 'M' 'M' 'M' 'M' 'M' 'M' 'M' 'M' 'M' 'M'
 'M' 'M' 'M' 'M' 'M' 'M' 'M' 'M' 'M' 'M' 'M' 'M' 'M' 'M' 'M' 'M' 'M' 'M'
 'M' 'M' 'M' 'M' 'M' 'M' 'M' 'U' 'M' 'M' 'M' 'M' 'M' 'M' 'M' 'M' 'M' 'M'
 'M' 'M' 'M' 'M' 'A' 'U' 'A' 'A' 'A' 'A' 'A' 'A' 'U' 'M' 'M' 'M' 'M' 'M'
 'M' 'M' 'M' 'M' 'M' 'M' 'M' 'M' 'M' 'M' 'M' 'M' 'M' 'M' 'M' 'M' 'M' 'M'
 'M' 'M' 'M' 'M' 'M' 'M' 'M' 'M' 'M' 'M' 'M' 'M' 'M' 'U' 'M' 'M' 'M' 'M'
 'M' 'M' 'U' 'M' 'M' 'M' 'M' 'M' 'M' 'M' 'M' 'M' 'M' 'M' 'M' 'U' 'M' 'M']"
37501,1,189,7,182,9,0,0,"['M' 'M' 'M' 'M' 'M' 'M' 'M' 'M' 'M' 'M' 'M' 'M' 'M' 'M' 'M' 'M' 'M' 'M'
 'M' 'M' 'M' 'M' 'M' 'M' 'M' 'M' 'M' 'M' 'M' 'M' 'M' 'M' 'M' 'M' 'M' 'M'
 'M' 'U' 'M' 'M' 'M' 'M' 'M' 'M' 'M' 'M' 'M' 'M' 'M' 'M' 'M' 'M' 'M' 'M'
 'M' 'M' 'M' 'M' 'M' 'M' 'M' 'M' 'M' 'M' 'M' 'M' 'M' 'M' 'M' 'M' 'M' 'M'
 'M' 'M' 'M' 'M' 'M' 'M' 'M' 'M' 'M' 'U' 'M' 'M' 'M' 'M' 'M' 'M' 'M' 'M'
 'M' 'M' 'M' 'M' 'M' 'M' 'M' 'M' 'M' 'M' 'M' 'M' 'M' 'M' 'M' 'M' 'M' 'M'
 'M' 'M' 'M' 'M' 'M' 'M' 'M' 'U' 'M' 'M' 'M' 'M' 'M' 'M' 'M' 'M' 'M' 'M'
 'M' 'M' 'M' 'M' 'A' 'U' 'A' 'A' 'A' 'A' 'A' 'A' 'M' 'M' 'M' 'M' 'M' 'M'
 'M' 'M' 'M' 'M' 'M' 'M' 'M' 'M' 'M' 'M' 'M' 'M' 'M' 'M' 'M' 'M' 'M' 'M'
 'M' 'M' 'M' 'U' 'M' 'M' 'M' 'M' 'U' 'M' 'M' 'M' 'M' 'M' 'M' 'M' 'M' 'M'
 'M' 'M' 'U' 'M' 'M' 'M' 'M' 'M' 'M' 'M' 'M' 'M' 'M' 'U' 'M' 'M' 'M' 'U']"
37601,1,189,5,184,9,0,0,"['M' 'M' 'M' 'M' 'M' 'M' 'M' 'M' 'M' 'M' 'M' 'M' 'M' 'M' 'M' 'M' 'M' 'M'
 'M' 'M' 'M' 'M' 'M' 'M' 'M' 'M' 'M' 'M' 'M' 'M' 'M' 'M' 'M' 'M' 'M' 'M'
 'M' 'U' 'M' 'M' 'M' 'M' 'M' 'M' 'M' 'M' 'M' 'U' 'M' 'M' 'M' 'M' 'M' 'M'
 'M' 'M' 'M' 'M' 'M' 'M' 'M' 'M' 'M' 'M' 'M' 'M' 'M' 'M' 'M' 'M' 'M' 'M'
 'M' 'M' 'M' 'M' 'M' 'M' 'M' 'U' 'M' 'M' 'M' 'M' 'M' 'M' 'M' 'M' 'M' 'M'
 'M' 'M' 'M' 'M' 'M' 'M' 'M' 'M' 'M' 'M' 'M' 'M' 'M' 'M' 'M' 'M' 'M' 'M'
 'M' 'M' 'M' 'M' 'M' 'M' 'M' 'U' 'M' 'M' 'M' 'M' 'M' 'M' 'M' 'M' 'M' 'M'
 'M' 'M' 'M' 'M' 'A' 'U' 'M' 'M' 'A' 'A' 'A' 'A' 'M' 'M' 'M' 'M' 'M' 'M'
 'M' 'M' 'M' 'M' 'M' 'M' 'M' 'M' 'M' 'M' 'M' 'M' 'M' 'M' 'M' 'M' 'M' 'M'
 'M' 'M' 'M' 'U' 'M' 'M' 'M' 'M' 'U' 'M' 'M' 'M' 'M' 'M' 'U' 'M' 'M' 'M'
 'M' 'M' 'M' 'M' 'M' 'M' 'M' 'M' 'M' 'M' 'M' 'M' 'M' 'M' 'M' 'M' 'M' 'U']"
37701,1,190,7,183,8,0,0,"['M' 'M' 'M' 'M' 'M' 'M' 'M' 'M' 'M' 'M' 'M' 'M' 'M' 'M' 'M' 'M' 'U' 'M'
 'M' 'M' 'M' 'M' 'M' 'M' 'M' 'M' 'M' 'M' 'M' 'M' 'M' 'M' 'M' 'M' 'M' 'M'
 'M' 'U' 'M' 'M' 'M' 'M' 'M' 'M' 'M' 'M' 'M' 'U' 'M' 'M' 'M' 'M' 'M' 'M'
 'M' 'M' 'M' 'M' 'M' 'M' 'M' 'M' 'M' 'M' 'M' 'M' 'U' 'M' 'M' 'M' 'M' 'M'
 'M' 'M' 'M' 'M' 'M' 'M' 'M' 'M' 'M' 'M' 'M' 'M' 'M' 'M' 'M' 'M' 'M' 'M'
 'M' 'M' 'M' 'M' 'M' 'M' 'M' 'M' 'M' 'M' 'M' 'M' 'M' 'M' 'M' 'M' 'M' 'M'
 'M' 'M' 'M' 'M' 'M' 'M' 'M' 'U' 'M' 'M' 'M' 'M' 'M' 'M' 'M' 'M' 'M' 'M'
 'M' 'M' 'M' 'M' 'A' 'U' 'A' 'A' 'A' 'A' 'A' 'A' 'U' 'M' 'M' 'M' 'M' 'M'
 'M' 'M' 'M' 'M' 'M' 'M' 'M' 'M' 'M' 'M' 'M' 'M' 'M' 'M' 'M' 'M' 'M' 'M'
 'M' 'M' 'M' 'M' 'M' 'M' 'M' 'M' 'U' 'M' 'M' 'M' 'M' 'M' 'M' 'M' 'M' 'M'
 'M' 'M' 'M' 'M' 'M' 'M' 'M' 'M' 'M' 'M' 'M' 'M' 'M' 'M' 'M' 'M' 'M' 'M']"
37801,1,189,7,182,9,0,0,"['M' 'M' 'M' 'M' 'M' 'M' 'M' 'M' 'M' 'M' 'M' 'M' 'M' 'M' 'M' 'M' 'M' 'M'
 'M' 'M' 'M' 'M' 'M' 'M' 'U' 'M' 'M' 'M' 'M' 'M' 'M' 'M' 'M' 'M' 'M' 'M'
 'M' 'U' 'M' 'M' 'M' 'M' 'M' 'M' 'M' 'M' 'M' 'U' 'M' 'M' 'M' 'M' 'M' 'M'
 'M' 'M' 'M' 'M' 'M' 'M' 'M' 'M' 'M' 'M' 'M' 'M' 'M' 'M' 'M' 'M' 'M' 'M'
 'M' 'M' 'M' 'M' 'M' 'M' 'M' 'M' 'M' 'M' 'M' 'M' 'M' 'M' 'M' 'M' 'M' 'M'
 'U' 'M' 'M' 'M' 'M' 'M' 'M' 'M' 'M' 'M' 'M' 'M' 'M' 'M' 'M' 'M' 'M' 'M'
 'M' 'M' 'M' 'M' 'M' 'M' 'M' 'U' 'M' 'M' 'M' 'M' 'M' 'M' 'M' 'M' 'U' 'M'
 'M' 'M' 'M' 'M' 'A' 'M' 'A' 'A' 'A' 'A' 'A' 'A' 'U' 'M' 'M' 'M' 'M' 'M'
 'M' 'M' 'M' 'M' 'M' 'M' 'M' 'M' 'M' 'M' 'M' 'M' 'M' 'M' 'M' 'M' 'U' 'M'
 'M' 'M' 'M' 'M' 'M' 'M' 'M' 'M' 'U' 'M' 'M' 'M' 'M' 'M' 'M' 'M' 'M' 'M'
 'M' 'M' 'M' 'M' 'M' 'M' 'M' 'M' 'M' 'M' 'M' 'M' 'M' 'M' 'M' 'M' 'M' 'M']"
37901,1,189,4,185,9,0,0,"['M' 'M' 'M' 'M' 'M' 'M' 'M' 'M' 'M' 'M' 'M' 'M' 'M' 'M' 'M' 'M' 'M' 'M'
 'M' 'M' 'M' 'M' 'M' 'M' 'M' 'M' 'M' 'M' 'M' 'M' 'M' 'M' 'M' 'M' 'M' 'M'
 'M' 'U' 'M' 'U' 'M' 'M' 'M' 'M' 'M' 'M' 'M' 'M' 'M' 'M' 'M' 'M' 'M' 'M'
 'M' 'M' 'M' 'M' 'M' 'M' 'M' 'M' 'M' 'M' 'M' 'M' 'U' 'M' 'M' 'M' 'M' 'M'
 'M' 'M' 'M' 'M' 'M' 'M' 'M' 'M' 'M' 'M' 'M' 'M' 'M' 'M' 'M' 'M' 'M' 'M'
 'M' 'M' 'M' 'M' 'M' 'M' 'M' 'M' 'M' 'M' 'U' 'M' 'M' 'M' 'M' 'M' 'M' 'M'
 'M' 'M' 'M' 'M' 'M' 'M' 'M' 'M' 'M' 'M' 'M' 'M' 'M' 'M' 'M' 'M' 'M' 'M'
 'M' 'M' 'M' 'M' 'A' 'M' 'U' 'M' 'U' 'A' 'A' 'A' 'U' 'M' 'M' 'M' 'M' 'M'
 'M' 'M' 'M' 'M' 'M' 'M' 'M' 'M' 'M' 'M' 'M' 'M' 'M' 'M' 'M' 'M' 'U' 'M'
 'M' 'M' 'M' 'M' 'M' 'M' 'M' 'M' 'U' 'M' 'M' 'M' 'M' 'M' 'M' 'M' 'M' 'M'
 'M' 'M' 'M' 'M' 'M' 'M' 'M' 'M' 'M' 'M' 'M' 'M' 'M' 'M' 'M' 'M' 'M' 'M']"
38001,1,190,7,183,8,0,0,"['M' 'M' 'M' 'M' 'M' 'M' 'M' 'M' 'M' 'M' 'M' 'M' 'M' 'M' 'M' 'M' 'M' 'M'
 'M' 'M' 'M' 'M' 'M' 'M' 'M' 'M' 'M' 'M' 'M' 'M' 'M' 'M' 'M' 'M' 'M' 'M'
 'U' 'U' 'M' 'M' 'M' 'M' 'M' 'M' 'M' 'M' 'M' 'M' 'M' 'M' 'M' 'M' 'M' 'M'
 'M' 'M' 'M' 'M' 'M' 'M' 'M' 'M' 'M' 'M' 'M' 'M' 'M' 'M' 'M' 'M' 'M' 'M'
 'M' 'M' 'M' 'M' 'M' 'M' 'M' 'M' 'M' 'U' 'M' 'M' 'M' 'M' 'M' 'M' 'M' 'M'
 'M' 'M' 'M' 'M' 'M' 'M' 'M' 'M' 'M' 'M' 'U' 'M' 'M' 'M' 'M' 'M' 'M' 'M'
 'M' 'M' 'M' 'M' 'M' 'M' 'M' 'M' 'M' 'M' 'M' 'M' 'M' 'M' 'M' 'M' 'M' 'M'
 'M' 'M' 'M' 'M' 'A' 'M' 'A' 'A' 'U' 'A' 'A' 'A' 'A' 'M' 'M' 'M' 'M' 'M'
 'M' 'M' 'M' 'M' 'M' 'M' 'M' 'M' 'M' 'M' 'M' 'M' 'M' 'M' 'M' 'M' 'M' 'M'
 'M' 'M' 'M' 'M' 'U' 'M' 'M' 'M' 'U' 'M' 'M' 'M' 'M' 'M' 'M' 'M' 'M' 'M'
 'M' 'M' 'M' 'U' 'M' 'M' 'M' 'M' 'M' 'M' 'M' 'M' 'M' 'M' 'M' 'M' 'M' 'M']"
38101,1,189,7,182,9,0,0,"['M' 'M' 'M' 'M' 'M' 'M' 'M' 'M' 'M' 'M' 'M' 'M' 'M' 'M' 'M' 'M' 'M' 'M'
 'M' 'M' 'M' 'M' 'M' 'M' 'M' 'M' 'M' 'M' 'M' 'M' 'M' 'M' 'M' 'M' 'M' 'M'
 'U' 'M' 'M' 'M' 'M' 'M' 'M' 'M' 'M' 'M' 'M' 'M' 'M' 'M' 'M' 'M' 'M' 'M'
 'M' 'M' 'M' 'M' 'M' 'M' 'M' 'M' 'M' 'M' 'M' 'M' 'M' 'M' 'M' 'M' 'M' 'M'
 'M' 'M' 'M' 'M' 'M' 'M' 'M' 'M' 'M' 'M' 'M' 'M' 'M' 'M' 'M' 'U' 'M' 'M'
 'M' 'M' 'M' 'M' 'M' 'M' 'M' 'M' 'M' 'M' 'U' 'M' 'M' 'M' 'M' 'M' 'M' 'M'
 'M' 'M' 'M' 'M' 'M' 'M' 'M' 'M' 'U' 'M' 'M' 'M' 'M' 'M' 'M' 'M' 'M' 'M'
 'M' 'M' 'M' 'U' 'A' 'M' 'A' 'A' 'U' 'A' 'A' 'U' 'A' 'M' 'M' 'M' 'M' 'M'
 'M' 'M' 'M' 'M' 'A' 'M' 'M' 'M' 'M' 'M' 'M' 'M' 'M' 'M' 'M' 'M' 'M' 'M'
 'M' 'M' 'M' 'M' 'U' 'M' 'M' 'M' 'U' 'M' 'M' 'M' 'M' 'M' 'M' 'M' 'M' 'M'
 'M' 'M' 'M' 'M' 'M' 'M' 'M' 'M' 'M' 'M' 'M' 'M' 'M' 'M' 'M' 'M' 'M' 'M']"
38201,1,192,6,186,6,0,0,"['M' 'M' 'M' 'M' 'M' 'M' 'M' 'M' 'M' 'M' 'M' 'M' 'M' 'M' 'M' 'M' 'M' 'M'
 'M' 'M' 'M' 'M' 'M' 'M' 'M' 'M' 'M' 'M' 'M' 'M' 'M' 'M' 'M' 'M' 'M' 'M'
 'M' 'M' 'M' 'M' 'M' 'M' 'M' 'M' 'M' 'M' 'M' 'M' 'M' 'M' 'M' 'M' 'M' 'M'
 'M' 'M' 'M' 'M' 'M' 'M' 'M' 'M' 'M' 'M' 'M' 'M' 'M' 'M' 'M' 'M' 'M' 'M'
 'M' 'M' 'M' 'M' 'M' 'M' 'M' 'M' 'M' 'M' 'M' 'M' 'M' 'M' 'M' 'M' 'M' 'M'
 'M' 'M' 'M' 'U' 'M' 'M' 'M' 'M' 'M' 'M' 'U' 'M' 'M' 'M' 'M' 'M' 'M' 'M'
 'M' 'M' 'M' 'M' 'M' 'M' 'M' 'M' 'M' 'M' 'M' 'M' 'M' 'M' 'M' 'M' 'M' 'M'
 'M' 'M' 'M' 'U' 'A' 'M' 'A' 'U' 'U' 'A' 'A' 'U' 'A' 'M' 'M' 'M' 'M' 'M'
 'M' 'M' 'M' 'M' 'A' 'M' 'M' 'M' 'M' 'M' 'M' 'M' 'M' 'M' 'M' 'M' 'M' 'M'
 'M' 'M' 'M' 'M' 'M' 'M' 'M' 'M' 'M' 'M' 'M' 'M' 'M' 'M' 'M' 'M' 'M' 'M'
 'M' 'M' 'M' 'M' 'M' 'M' 'M' 'M' 'M' 'M' 'M' 'M' 'M' 'M' 'M' 'M' 'M' 'M']"
38301,1,193,8,185,5,0,0,"['M' 'M' 'M' 'M' 'M' 'M' 'M' 'M' 'M' 'M' 'M' 'M' 'M' 'M' 'M' 'M' 'M' 'M'
 'M' 'M' 'M' 'M' 'M' 'M' 'M' 'M' 'M' 'M' 'M' 'M' 'M' 'M' 'M' 'M' 'M' 'M'
 'M' 'M' 'M' 'M' 'M' 'M' 'M' 'U' 'M' 'M' 'M' 'M' 'M' 'M' 'M' 'M' 'M' 'M'
 'M' 'M' 'M' 'M' 'M' 'M' 'M' 'M' 'M' 'M' 'M' 'M' 'M' 'M' 'M' 'M' 'M' 'M'
 'M' 'M' 'M' 'M' 'M' 'U' 'M' 'M' 'M' 'M' 'M' 'M' 'M' 'M' 'M' 'M' 'M' 'M'
 'M' 'M' 'M' 'M' 'M' 'M' 'M' 'M' 'M' 'M' 'U' 'M' 'M' 'M' 'M' 'M' 'M' 'U'
 'M' 'M' 'M' 'U' 'M' 'M' 'M' 'M' 'M' 'M' 'M' 'M' 'M' 'M' 'M' 'M' 'M' 'M'
 'M' 'M' 'M' 'M' 'A' 'M' 'A' 'A' 'A' 'A' 'M' 'A' 'A' 'M' 'M' 'M' 'M' 'M'
 'M' 'M' 'M' 'M' 'A' 'M' 'M' 'M' 'M' 'M' 'M' 'M' 'M' 'M' 'M' 'M' 'M' 'M'
 'M' 'M' 'M' 'M' 'M' 'M' 'M' 'M' 'M' 'M' 'M' 'M' 'M' 'M' 'M' 'M' 'M' 'M'
 'M' 'M' 'M' 'M' 'M' 'M' 'M' 'M' 'M' 'M' 'M' 'M' 'M' 'M' 'M' 'M' 'M' 'M']"
38401,2,189,7,182,9,0,0,"['M' 'M' 'M' 'M' 'M' 'M' 'M' 'M' 'M' 'M' 'M' 'M' 'M' 'M' 'M' 'M' 'M' 'M'
 'M' 'M' 'M' 'M' 'M' 'M' 'M' 'M' 'M' 'M' 'M' 'M' 'U' 'M' 'M' 'U' 'M' 'M'
 'M' 'M' 'M' 'M' 'M' 'M' 'M' 'U' 'M' 'M' 'M' 'M' 'M' 'M' 'M' 'M' 'M' 'M'
 'M' 'M' 'M' 'M' 'M' 'M' 'M' 'M' 'M' 'M' 'M' 'M' 'M' 'U' 'M' 'M' 'M' 'M'
 'M' 'M' 'M' 'M' 'M' 'M' 'M' 'M' 'M' 'M' 'M' 'M' 'M' 'M' 'M' 'M' 'M' 'M'
 'M' 'M' 'M' 'M' 'M' 'M' 'M' 'M' 'M' 'M' 'U' 'M' 'M' 'M' 'M' 'M' 'M' 'U'
 'M' 'M' 'M' 'U' 'M' 'M' 'M' 'M' 'M' 'M' 'M' 'M' 'M' 'M' 'M' 'M' 'M' 'M'
 'M' 'M' 'M' 'M' 'A' 'A' 'A' 'A' 'A' 'A' 'M' 'U' 'A' 'M' 'M' 'M' 'M' 'M'
 'M' 'M' 'M' 'M' 'U' 'M' 'M' 'M' 'M' 'M' 'M' 'M' 'M' 'M' 'M' 'M' 'M' 'M'
 'M' 'M' 'M' 'M' 'M' 'M' 'M' 'M' 'M' 'M' 'M' 'M' 'M' 'M' 'M' 'M' 'M' 'M'
 'M' 'M' 'M' 'M' 'M' 'M' 'M' 'M' 'M' 'M' 'M' 'M' 'M' 'M' 'M' 'M' 'M' 'M']"
38501,1,189,8,181,9,0,0,"['M' 'M' 'M' 'M' 'M' 'M' 'M' 'M' 'M' 'M' 'M' 'M' 'M' 'M' 'M' 'M' 'M' 'M'
 'M' 'M' 'M' 'M' 'M' 'M' 'M' 'M' 'M' 'M' 'M' 'M' 'U' 'M' 'M' 'U' 'M' 'M'
 'M' 'M' 'M' 'M' 'M' 'M' 'M' 'M' 'M' 'M' 'M' 'M' 'M' 'M' 'M' 'M' 'M' 'M'
 'M' 'M' 'M' 'M' 'M' 'M' 'M' 'M' 'M' 'M' 'M' 'M' 'M' 'M' 'M' 'M' 'M' 'M'
 'M' 'M' 'M' 'M' 'M' 'M' 'U' 'M' 'M' 'M' 'M' 'M' 'M' 'M' 'M' 'M' 'M' 'M'
 'M' 'M' 'M' 'M' 'M' 'M' 'M' 'M' 'M' 'M' 'U' 'M' 'M' 'M' 'M' 'M' 'M' 'M'
 'M' 'M' 'M' 'M' 'M' 'M' 'M' 'M' 'M' 'M' 'M' 'M' 'M' 'M' 'M' 'M' 'M' 'M'
 'M' 'M' 'M' 'M' 'A' 'A' 'A' 'A' 'A' 'A' 'A' 'A' 'U' 'M' 'M' 'M' 'M' 'M'
 'M' 'M' 'M' 'M' 'U' 'M' 'M' 'M' 'M' 'M' 'M' 'U' 'M' 'M' 'U' 'M' 'M' 'M'
 'M' 'M' 'M' 'M' 'M' 'M' 'M' 'M' 'M' 'M' 'M' 'M' 'M' 'M' 'M' 'M' 'M' 'M'
 'M' 'M' 'M' 'M' 'M' 'M' 'M' 'M' 'M' 'U' 'M' 'M' 'M' 'M' 'M' 'M' 'M' 'M']"
38601,1,188,8,180,10,0,0,"['M' 'M' 'M' 'M' 'M' 'M' 'M' 'M' 'M' 'M' 'M' 'M' 'M' 'M' 'M' 'M' 'M' 'M'
 'M' 'M' 'M' 'M' 'M' 'M' 'M' 'M' 'M' 'M' 'M' 'M' 'M' 'M' 'M' 'U' 'M' 'M'
 'M' 'U' 'M' 'M' 'M' 'M' 'M' 'M' 'M' 'M' 'M' 'M' 'M' 'M' 'M' 'M' 'M' 'M'
 'M' 'M' 'M' 'M' 'M' 'M' 'M' 'M' 'M' 'M' 'M' 'M' 'M' 'M' 'M' 'M' 'M' 'M'
 'M' 'M' 'M' 'M' 'M' 'M' 'M' 'M' 'M' 'M' 'M' 'M' 'M' 'M' 'M' 'M' 'M' 'M'
 'M' 'M' 'M' 'U' 'M' 'U' 'M' 'M' 'M' 'M' 'U' 'M' 'M' 'M' 'M' 'M' 'M' 'M'
 'M' 'M' 'M' 'M' 'M' 'M' 'M' 'M' 'M' 'M' 'M' 'M' 'M' 'M' 'M' 'M' 'M' 'M'
 'M' 'M' 'M' 'M' 'A' 'A' 'A' 'A' 'A' 'A' 'A' 'A' 'U' 'M' 'M' 'M' 'M' 'M'
 'M' 'M' 'M' 'M' 'U' 'M' 'M' 'M' 'M' 'M' 'M' 'U' 'M' 'M' 'U' 'U' 'M' 'M'
 'M' 'M' 'M' 'M' 'M' 'M' 'M' 'M' 'M' 'M' 'M' 'M' 'M' 'M' 'M' 'M' 'M' 'M'
 'M' 'M' 'M' 'M' 'M' 'M' 'M' 'M' 'M' 'M' 'M' 'M' 'M' 'M' 'M' 'M' 'M' 'M']"
38701,1,188,8,180,10,0,0,"['M' 'M' 'M' 'M' 'M' 'M' 'M' 'M' 'M' 'M' 'M' 'M' 'M' 'M' 'M' 'M' 'M' 'M'
 'M' 'M' 'M' 'M' 'M' 'M' 'M' 'M' 'M' 'M' 'M' 'M' 'M' 'M' 'M' 'U' 'M' 'M'
 'M' 'U' 'M' 'M' 'M' 'M' 'M' 'M' 'M' 'M' 'M' 'M' 'M' 'M' 'M' 'M' 'M' 'M'
 'M' 'M' 'M' 'M' 'M' 'U' 'M' 'M' 'M' 'M' 'M' 'M' 'M' 'M' 'M' 'M' 'M' 'M'
 'M' 'M' 'M' 'M' 'M' 'M' 'M' 'M' 'M' 'M' 'M' 'M' 'M' 'M' 'M' 'M' 'M' 'M'
 'U' 'M' 'M' 'M' 'M' 'M' 'M' 'M' 'M' 'M' 'U' 'M' 'M' 'M' 'M' 'M' 'M' 'M'
 'M' 'M' 'M' 'M' 'M' 'M' 'M' 'M' 'M' 'M' 'U' 'M' 'M' 'M' 'M' 'M' 'M' 'M'
 'M' 'M' 'M' 'M' 'A' 'A' 'A' 'A' 'A' 'A' 'A' 'A' 'U' 'M' 'M' 'M' 'U' 'M'
 'M' 'M' 'M' 'M' 'M' 'M' 'M' 'M' 'M' 'M' 'M' 'M' 'M' 'M' 'U' 'U' 'M' 'M'
 'M' 'M' 'M' 'M' 'M' 'M' 'M' 'M' 'M' 'M' 'M' 'M' 'M' 'M' 'M' 'M' 'M' 'M'
 'M' 'M' 'M' 'M' 'M' 'M' 'M' 'M' 'M' 'M' 'M' 'M' 'M' 'M' 'M' 'M' 'M' 'M']"
38801,1,187,7,180,11,0,0,"['M' 'M' 'M' 'M' 'M' 'M' 'M' 'M' 'M' 'M' 'M' 'M' 'M' 'M' 'M' 'M' 'M' 'M'
 'M' 'M' 'M' 'M' 'M' 'M' 'M' 'M' 'M' 'M' 'M' 'M' 'M' 'M' 'M' 'U' 'M' 'M'
 'M' 'U' 'M' 'M' 'M' 'M' 'M' 'M' 'M' 'M' 'M' 'M' 'M' 'M' 'M' 'U' 'M' 'M'
 'M' 'U' 'M' 'M' 'M' 'U' 'M' 'M' 'M' 'M' 'M' 'M' 'M' 'M' 'M' 'M' 'M' 'M'
 'M' 'M' 'M' 'M' 'M' 'M' 'M' 'M' 'M' 'M' 'M' 'M' 'M' 'M' 'M' 'M' 'M' 'M'
 'M' 'M' 'M' 'M' 'U' 'M' 'M' 'M' 'M' 'M' 'U' 'M' 'M' 'M' 'M' 'M' 'M' 'M'
 'M' 'M' 'M' 'M' 'M' 'M' 'M' 'M' 'M' 'M' 'U' 'M' 'M' 'M' 'M' 'M' 'M' 'M'
 'M' 'U' 'M' 'M' 'A' 'A' 'A' 'A' 'A' 'A' 'U' 'A' 'U' 'M' 'M' 'M' 'M' 'M'
 'M' 'M' 'M' 'M' 'M' 'M' 'M' 'M' 'M' 'M' 'M' 'M' 'M' 'M' 'M' 'M' 'M' 'M'
 'M' 'M' 'M' 'M' 'M' 'M' 'M' 'M' 'M' 'M' 'M' 'M' 'M' 'M' 'M' 'M' 'M' 'M'
 'M' 'M' 'M' 'M' 'M' 'M' 'M' 'M' 'M' 'M' 'M' 'M' 'M' 'M' 'M' 'M' 'M' 'M']"
38901,1,190,7,183,8,0,0,"['M' 'M' 'M' 'M' 'M' 'M' 'M' 'M' 'M' 'M' 'M' 'M' 'M' 'M' 'M' 'M' 'M' 'M'
 'M' 'M' 'M' 'M' 'M' 'M' 'M' 'M' 'M' 'M' 'M' 'M' 'M' 'M' 'M' 'U' 'M' 'M'
 'M' 'M' 'M' 'M' 'M' 'M' 'M' 'M' 'M' 'M' 'M' 'M' 'M' 'M' 'M' 'M' 'M' 'M'
 'M' 'U' 'M' 'M' 'M' 'M' 'M' 'M' 'M' 'M' 'M' 'M' 'M' 'M' 'M' 'M' 'M' 'M'
 'M' 'M' 'M' 'M' 'M' 'M' 'M' 'M' 'U' 'M' 'M' 'M' 'M' 'M' 'M' 'M' 'M' 'M'
 'M' 'M' 'M' 'M' 'M' 'M' 'M' 'M' 'M' 'M' 'U' 'M' 'M' 'M' 'M' 'M' 'M' 'M'
 'M' 'M' 'M' 'M' 'M' 'M' 'M' 'M' 'M' 'M' 'U' 'M' 'M' 'M' 'M' 'M' 'M' 'M'
 'M' 'M' 'M' 'M' 'A' 'U' 'A' 'A' 'A' 'A' 'U' 'A' 'A' 'M' 'M' 'M' 'M' 'M'
 'M' 'M' 'M' 'M' 'M' 'M' 'M' 'M' 'M' 'M' 'M' 'M' 'M' 'M' 'M' 'M' 'M' 'M'
 'M' 'U' 'M' 'M' 'M' 'M' 'M' 'M' 'M' 'M' 'M' 'M' 'M' 'M' 'M' 'M' 'M' 'M'
 'M' 'M' 'M' 'M' 'M' 'M' 'M' 'M' 'M' 'M' 'M' 'M' 'M' 'M' 'M' 'M' 'M' 'M']"
39001,1,190,7,183,8,0,0,"['M' 'M' 'M' 'M' 'M' 'M' 'M' 'M' 'M' 'M' 'M' 'M' 'M' 'M' 'M' 'M' 'M' 'M'
 'M' 'M' 'M' 'M' 'M' 'M' 'M' 'M' 'M' 'M' 'M' 'M' 'M' 'M' 'M' 'U' 'M' 'M'
 'M' 'M' 'M' 'M' 'M' 'M' 'M' 'M' 'M' 'M' 'M' 'M' 'M' 'M' 'M' 'M' 'M' 'M'
 'M' 'U' 'M' 'M' 'M' 'M' 'M' 'M' 'M' 'M' 'M' 'M' 'M' 'M' 'M' 'M' 'M' 'M'
 'M' 'M' 'M' 'M' 'M' 'M' 'M' 'M' 'M' 'M' 'M' 'M' 'M' 'M' 'M' 'M' 'M' 'U'
 'M' 'M' 'M' 'M' 'M' 'M' 'M' 'M' 'M' 'M' 'U' 'M' 'M' 'M' 'M' 'U' 'M' 'M'
 'M' 'M' 'M' 'M' 'M' 'M' 'M' 'M' 'M' 'M' 'M' 'M' 'M' 'M' 'M' 'M' 'M' 'M'
 'M' 'M' 'M' 'M' 'A' 'A' 'A' 'A' 'A' 'U' 'A' 'A' 'U' 'M' 'M' 'M' 'M' 'M'
 'M' 'M' 'M' 'M' 'M' 'M' 'M' 'M' 'M' 'M' 'M' 'M' 'M' 'M' 'M' 'U' 'M' 'M'
 'M' 'M' 'M' 'M' 'M' 'M' 'M' 'M' 'M' 'M' 'M' 'M' 'M' 'M' 'M' 'M' 'M' 'M'
 'M' 'M' 'M' 'M' 'M' 'M' 'M' 'M' 'M' 'M' 'M' 'M' 'M' 'M' 'M' 'M' 'M' 'M']"
39101,1,194,8,186,4,0,0,"['M' 'M' 'M' 'M' 'M' 'M' 'M' 'M' 'M' 'M' 'M' 'M' 'M' 'M' 'M' 'M' 'M' 'M'
 'M' 'M' 'M' 'M' 'M' 'M' 'M' 'M' 'M' 'M' 'M' 'M' 'M' 'M' 'M' 'M' 'M' 'M'
 'M' 'M' 'M' 'M' 'M' 'M' 'M' 'M' 'M' 'M' 'M' 'M' 'M' 'M' 'M' 'M' 'M' 'M'
 'M' 'M' 'M' 'M' 'M' 'M' 'M' 'M' 'M' 'M' 'M' 'M' 'M' 'M' 'M' 'M' 'M' 'M'
 'M' 'M' 'M' 'M' 'M' 'M' 'M' 'M' 'M' 'M' 'M' 'U' 'M' 'M' 'M' 'M' 'M' 'M'
 'M' 'M' 'M' 'M' 'M' 'M' 'M' 'M' 'M' 'M' 'M' 'M' 'M' 'M' 'M' 'U' 'M' 'M'
 'M' 'M' 'M' 'M' 'M' 'M' 'M' 'M' 'M' 'M' 'M' 'M' 'M' 'M' 'M' 'M' 'M' 'M'
 'M' 'M' 'M' 'M' 'A' 'M' 'A' 'A' 'A' 'A' 'A' 'A' 'A' 'M' 'M' 'M' 'M' 'M'
 'M' 'M' 'M' 'M' 'M' 'M' 'M' 'M' 'M' 'M' 'M' 'M' 'U' 'M' 'M' 'U' 'M' 'M'
 'M' 'M' 'M' 'M' 'M' 'M' 'M' 'M' 'M' 'M' 'M' 'M' 'M' 'M' 'M' 'M' 'M' 'M'
 'M' 'M' 'M' 'M' 'M' 'M' 'M' 'M' 'M' 'M' 'M' 'M' 'M' 'M' 'M' 'M' 'M' 'M']"
39201,1,191,7,184,7,0,0,"['M' 'M' 'M' 'M' 'M' 'M' 'M' 'M' 'M' 'M' 'M' 'M' 'M' 'M' 'M' 'M' 'M' 'M'
 'M' 'M' 'M' 'M' 'M' 'M' 'M' 'M' 'M' 'M' 'M' 'M' 'M' 'M' 'M' 'M' 'M' 'M'
 'M' 'M' 'M' 'M' 'M' 'M' 'M' 'M' 'M' 'M' 'M' 'M' 'M' 'M' 'M' 'M' 'M' 'M'
 'M' 'M' 'M' 'M' 'U' 'M' 'M' 'M' 'M' 'M' 'M' 'M' 'M' 'M' 'M' 'M' 'M' 'U'
 'M' 'M' 'M' 'M' 'M' 'M' 'M' 'M' 'M' 'M' 'M' 'M' 'M' 'M' 'M' 'M' 'M' 'M'
 'M' 'M' 'M' 'M' 'M' 'M' 'M' 'U' 'M' 'M' 'M' 'M' 'M' 'M' 'M' 'U' 'M' 'M'
 'M' 'M' 'M' 'M' 'M' 'M' 'M' 'M' 'M' 'M' 'M' 'M' 'M' 'M' 'M' 'M' 'M' 'M'
 'M' 'M' 'M' 'M' 'A' 'M' 'A' 'A' 'A' 'A' 'M' 'A' 'A' 'M' 'M' 'M' 'M' 'M'
 'M' 'U' 'M' 'M' 'M' 'M' 'M' 'M' 'M' 'M' 'M' 'M' 'U' 'M' 'M' 'U' 'M' 'M'
 'M' 'M' 'M' 'M' 'M' 'M' 'M' 'M' 'M' 'M' 'M' 'M' 'M' 'M' 'M' 'M' 'M' 'M'
 'M' 'M' 'M' 'M' 'M' 'M' 'M' 'M' 'M' 'M' 'M' 'M' 'M' 'M' 'M' 'M' 'M' 'M']"
39301,1,192,9,183,6,0,0,"['M' 'M' 'M' 'M' 'M' 'M' 'M' 'M' 'M' 'M' 'M' 'M' 'M' 'M' 'M' 'M' 'M' 'M'
 'M' 'M' 'M' 'M' 'M' 'M' 'M' 'M' 'M' 'M' 'M' 'M' 'M' 'M' 'M' 'M' 'M' 'M'
 'U' 'M' 'M' 'M' 'M' 'M' 'M' 'M' 'M' 'M' 'M' 'M' 'M' 'M' 'M' 'M' 'M' 'M'
 'M' 'M' 'M' 'M' 'U' 'M' 'M' 'M' 'M' 'M' 'M' 'M' 'M' 'M' 'M' 'M' 'M' 'M'
 'M' 'M' 'M' 'M' 'M' 'M' 'M' 'M' 'M' 'U' 'M' 'M' 'M' 'M' 'M' 'M' 'M' 'M'
 'M' 'M' 'M' 'M' 'M' 'M' 'M' 'U' 'M' 'M' 'M' 'M' 'M' 'M' 'M' 'U' 'M' 'M'
 'M' 'M' 'M' 'M' 'M' 'M' 'M' 'M' 'M' 'M' 'M' 'M' 'M' 'M' 'M' 'M' 'M' 'M'
 'M' 'M' 'M' 'M' 'A' 'A' 'A' 'A' 'A' 'A' 'A' 'A' 'A' 'M' 'M' 'M' 'M' 'M'
 'M' 'M' 'M' 'M' 'M' 'M' 'M' 'M' 'M' 'M' 'M' 'M' 'M' 'M' 'M' 'U' 'M' 'M'
 'M' 'M' 'M' 'M' 'M' 'M' 'M' 'M' 'M' 'M' 'M' 'M' 'M' 'M' 'M' 'M' 'M' 'M'
 'M' 'M' 'M' 'M' 'M' 'M' 'M' 'M' 'M' 'M' 'M' 'M' 'M' 'M' 'M' 'M' 'M' 'M']"
39401,1,186,9,177,12,0,0,"['M' 'M' 'M' 'M' 'M' 'M' 'M' 'M' 'M' 'M' 'M' 'M' 'M' 'M' 'M' 'M' 'M' 'M'
 'M' 'M' 'M' 'M' 'M' 'M' 'M' 'M' 'M' 'M' 'M' 'M' 'M' 'M' 'M' 'M' 'M' 'M'
 'U' 'M' 'M' 'M' 'M' 'M' 'M' 'M' 'M' 'M' 'M' 'M' 'M' 'M' 'M' 'M' 'M' 'M'
 'M' 'M' 'M' 'M' 'U' 'M' 'M' 'M' 'M' 'M' 'M' 'M' 'M' 'M' 'U' 'M' 'M' 'M'
 'M' 'M' 'M' 'M' 'M' 'M' 'M' 'M' 'M' 'M' 'M' 'M' 'M' 'M' 'M' 'M' 'M' 'M'
 'M' 'M' 'M' 'M' 'M' 'M' 'M' 'U' 'M' 'M' 'M' 'M' 'M' 'M' 'M' 'U' 'M' 'M'
 'M' 'M' 'M' 'M' 'M' 'M' 'U' 'M' 'U' 'M' 'M' 'M' 'M' 'M' 'M' 'M' 'M' 'M'
 'M' 'M' 'M' 'M' 'A' 'A' 'A' 'A' 'A' 'A' 'A' 'A' 'A' 'M' 'M' 'M' 'M' 'M'
 'M' 'M' 'M' 'M' 'M' 'M' 'M' 'M' 'U' 'M' 'M' 'M' 'M' 'M' 'M' 'M' 'M' 'M'
 'M' 'M' 'M' 'M' 'M' 'M' 'U' 'M' 'M' 'M' 'M' 'M' 'U' 'M' 'M' 'M' 'M' 'M'
 'M' 'M' 'U' 'M' 'M' 'M' 'M' 'M' 'M' 'M' 'M' 'M' 'U' 'M' 'M' 'M' 'M' 'M']"
39501,1,189,9,180,9,0,0,"['M' 'M' 'M' 'M' 'M' 'M' 'M' 'M' 'M' 'M' 'M' 'M' 'M' 'M' 'M' 'M' 'M' 'M'
 'M' 'M' 'M' 'M' 'M' 'M' 'M' 'M' 'M' 'M' 'M' 'M' 'M' 'M' 'M' 'M' 'M' 'M'
 'U' 'M' 'M' 'M' 'M' 'M' 'M' 'M' 'M' 'M' 'M' 'M' 'M' 'M' 'M' 'M' 'M' 'M'
 'M' 'M' 'M' 'M' 'U' 'M' 'M' 'M' 'M' 'M' 'M' 'M' 'M' 'M' 'M' 'M' 'M' 'M'
 'M' 'M' 'M' 'M' 'M' 'M' 'M' 'M' 'M' 'M' 'M' 'M' 'M' 'M' 'M' 'U' 'M' 'M'
 'M' 'M' 'M' 'M' 'M' 'M' 'M' 'M' 'M' 'M' 'M' 'M' 'M' 'M' 'M' 'M' 'M' 'M'
 'M' 'M' 'M' 'M' 'M' 'U' 'U' 'M' 'M' 'M' 'M' 'M' 'M' 'M' 'M' 'M' 'M' 'M'
 'M' 'M' 'M' 'M' 'A' 'A' 'A' 'A' 'U' 'A' 'A' 'A' 'A' 'M' 'M' 'M' 'M' 'M'
 'M' 'M' 'M' 'M' 'M' 'M' 'M' 'M' 'U' 'M' 'M' 'M' 'M' 'M' 'M' 'M' 'M' 'M'
 'M' 'M' 'M' 'M' 'M' 'M' 'M' 'M' 'M' 'M' 'M' 'M' 'A' 'M' 'M' 'M' 'M' 'M'
 'M' 'M' 'U' 'M' 'M' 'M' 'M' 'M' 'M' 'M' 'M' 'M' 'U' 'M' 'M' 'M' 'M' 'M']"
39601,1,186,8,178,12,0,0,"['M' 'M' 'M' 'M' 'M' 'M' 'M' 'M' 'M' 'M' 'M' 'M' 'M' 'M' 'M' 'M' 'M' 'M'
 'M' 'M' 'M' 'M' 'M' 'M' 'M' 'M' 'M' 'M' 'M' 'M' 'M' 'M' 'M' 'M' 'M' 'M'
 'M' 'M' 'M' 'M' 'M' 'M' 'M' 'M' 'M' 'M' 'M' 'M' 'M' 'M' 'M' 'M' 'M' 'M'
 'M' 'M' 'M' 'M' 'U' 'M' 'M' 'M' 'M' 'M' 'M' 'M' 'U' 'M' 'M' 'M' 'M' 'M'
 'M' 'M' 'M' 'M' 'M' 'M' 'M' 'M' 'M' 'M' 'M' 'M' 'M' 'M' 'M' 'M' 'M' 'M'
 'M' 'M' 'M' 'M' 'M' 'M' 'M' 'M' 'M' 'M' 'M' 'M' 'M' 'M' 'M' 'M' 'M' 'U'
 'M' 'M' 'M' 'M' 'M' 'U' 'U' 'M' 'M' 'M' 'M' 'M' 'M' 'M' 'M' 'M' 'M' 'M'
 'M' 'M' 'M' 'U' 'A' 'A' 'A' 'U' 'A' 'U' 'A' 'A' 'A' 'M' 'M' 'M' 'M' 'M'
 'M' 'M' 'M' 'M' 'M' 'M' 'M' 'M' 'U' 'M' 'M' 'M' 'M' 'M' 'M' 'M' 'M' 'M'
 'M' 'M' 'M' 'M' 'M' 'U' 'M' 'M' 'M' 'M' 'M' 'M' 'A' 'M' 'M' 'M' 'U' 'M'
 'M' 'M' 'U' 'M' 'M' 'M' 'M' 'M' 'M' 'M' 'M' 'M' 'M' 'M' 'M' 'M' 'M' 'M']"
39701,1,188,8,180,10,0,0,"['M' 'M' 'M' 'M' 'M' 'M' 'M' 'M' 'M' 'M' 'M' 'M' 'M' 'M' 'M' 'M' 'M' 'M'
 'M' 'M' 'M' 'M' 'M' 'M' 'M' 'M' 'M' 'M' 'M' 'M' 'M' 'M' 'M' 'M' 'M' 'M'
 'M' 'M' 'M' 'M' 'M' 'M' 'M' 'M' 'M' 'M' 'M' 'M' 'M' 'M' 'M' 'M' 'M' 'M'
 'M' 'M' 'M' 'M' 'M' 'M' 'M' 'M' 'M' 'M' 'M' 'M' 'M' 'M' 'M' 'M' 'M' 'M'
 'M' 'M' 'M' 'M' 'M' 'M' 'M' 'M' 'M' 'M' 'M' 'M' 'M' 'M' 'M' 'U' 'M' 'M'
 'M' 'M' 'M' 'M' 'M' 'M' 'M' 'M' 'M' 'M' 'M' 'M' 'M' 'M' 'M' 'M' 'M' 'U'
 'M' 'M' 'M' 'M' 'M' 'U' 'U' 'M' 'M' 'M' 'M' 'M' 'M' 'M' 'M' 'M' 'M' 'M'
 'M' 'M' 'M' 'U' 'A' 'U' 'A' 'A' 'A' 'A' 'U' 'A' 'A' 'M' 'M' 'M' 'M' 'M'
 'M' 'M' 'M' 'M' 'M' 'M' 'M' 'M' 'U' 'M' 'U' 'M' 'M' 'M' 'M' 'M' 'M' 'M'
 'M' 'M' 'M' 'M' 'M' 'M' 'M' 'M' 'M' 'M' 'M' 'M' 'A' 'M' 'M' 'M' 'U' 'M'
 'M' 'M' 'M' 'M' 'M' 'M' 'M' 'M' 'M' 'M' 'M' 'M' 'M' 'M' 'M' 'M' 'M' 'M']"
39801,2,192,10,182,6,0,0,"['M' 'M' 'M' 'M' 'M' 'M' 'M' 'M' 'M' 'M' 'M' 'U' 'M' 'M' 'M' 'M' 'M' 'M'
 'M' 'M' 'M' 'M' 'M' 'M' 'M' 'M' 'M' 'M' 'M' 'M' 'M' 'M' 'M' 'M' 'M' 'M'
 'M' 'M' 'M' 'M' 'M' 'M' 'M' 'M' 'M' 'M' 'M' 'M' 'M' 'M' 'M' 'M' 'M' 'M'
 'M' 'M' 'M' 'M' 'M' 'M' 'M' 'M' 'M' 'M' 'M' 'M' 'M' 'M' 'M' 'M' 'M' 'U'
 'M' 'M' 'M' 'M' 'M' 'M' 'M' 'M' 'M' 'M' 'M' 'M' 'M' 'M' 'M' 'M' 'M' 'M'
 'M' 'M' 'M' 'M' 'M' 'M' 'M' 'M' 'M' 'M' 'M' 'M' 'M' 'M' 'M' 'M' 'M' 'M'
 'M' 'M' 'M' 'M' 'M' 'M' 'U' 'M' 'M' 'M' 'M' 'M' 'M' 'M' 'M' 'M' 'M' 'M'
 'M' 'M' 'M' 'U' 'A' 'A' 'A' 'A' 'A' 'A' 'A' 'A' 'A' 'M' 'M' 'M' 'M' 'M'
 'M' 'M' 'M' 'M' 'M' 'M' 'M' 'M' 'U' 'M' 'M' 'M' 'M' 'M' 'M' 'M' 'M' 'M'
 'M' 'M' 'M' 'M' 'M' 'M' 'M' 'M' 'M' 'M' 'M' 'M' 'A' 'M' 'M' 'M' 'M' 'M'
 'M' 'M' 'M' 'U' 'M' 'M' 'M' 'M' 'M' 'M' 'M' 'M' 'M' 'M' 'M' 'M' 'M' 'M']"
39901,1,187,8,179,11,0,0,"['M' 'M' 'M' 'M' 'M' 'M' 'M' 'M' 'M' 'M' 'M' 'U' 'M' 'M' 'M' 'U' 'M' 'M'
 'M' 'M' 'M' 'M' 'M' 'M' 'M' 'M' 'M' 'M' 'M' 'M' 'M' 'M' 'M' 'M' 'M' 'M'
 'M' 'M' 'M' 'M' 'M' 'M' 'M' 'M' 'M' 'M' 'M' 'M' 'M' 'M' 'M' 'M' 'M' 'M'
 'M' 'M' 'M' 'M' 'M' 'M' 'M' 'M' 'M' 'M' 'M' 'U' 'M' 'M' 'M' 'M' 'M' 'M'
 'M' 'M' 'M' 'M' 'M' 'M' 'M' 'M' 'M' 'M' 'M' 'M' 'M' 'M' 'M' 'M' 'M' 'M'
 'M' 'M' 'M' 'M' 'M' 'M' 'M' 'M' 'M' 'M' 'M' 'M' 'M' 'M' 'M' 'M' 'M' 'M'
 'M' 'M' 'M' 'M' 'M' 'M' 'M' 'M' 'M' 'M' 'M' 'M' 'M' 'M' 'M' 'M' 'M' 'M'
 'M' 'M' 'M' 'U' 'A' 'A' 'U' 'A' 'A' 'A' 'A' 'U' 'A' 'M' 'U' 'M' 'M' 'M'
 'M' 'M' 'U' 'M' 'M' 'M' 'M' 'M' 'U' 'M' 'M' 'M' 'M' 'M' 'M' 'M' 'M' 'M'
 'M' 'M' 'M' 'M' 'M' 'M' 'M' 'M' 'M' 'M' 'M' 'U' 'A' 'M' 'M' 'M' 'M' 'M'
 'M' 'M' 'M' 'U' 'M' 'M' 'M' 'M' 'M' 'M' 'M' 'M' 'M' 'M' 'M' 'M' 'M' 'M']"
40001,2,193,10,183,5,0,0,"['M' 'M' 'M' 'M' 'M' 'M' 'M' 'M' 'M' 'M' 'M' 'M' 'M' 'M' 'M' 'M' 'M' 'M'
 'M' 'M' 'M' 'M' 'M' 'M' 'M' 'M' 'M' 'M' 'M' 'M' 'M' 'M' 'M' 'M' 'M' 'M'
 'M' 'M' 'M' 'M' 'M' 'M' 'M' 'M' 'M' 'M' 'M' 'M' 'M' 'M' 'M' 'M' 'M' 'M'
 'M' 'M' 'M' 'M' 'M' 'M' 'M' 'M' 'M' 'M' 'M' 'M' 'M' 'M' 'M' 'M' 'M' 'M'
 'M' 'M' 'M' 'M' 'M' 'M' 'M' 'M' 'M' 'M' 'M' 'M' 'M' 'U' 'M' 'M' 'M' 'M'
 'M' 'M' 'M' 'M' 'M' 'M' 'M' 'M' 'M' 'M' 'M' 'M' 'M' 'M' 'M' 'M' 'M' 'M'
 'M' 'M' 'M' 'M' 'M' 'M' 'M' 'M' 'M' 'U' 'M' 'M' 'M' 'M' 'M' 'M' 'M' 'M'
 'U' 'M' 'M' 'M' 'A' 'A' 'A' 'A' 'A' 'A' 'A' 'A' 'A' 'M' 'U' 'M' 'M' 'M'
 'M' 'M' 'M' 'M' 'M' 'M' 'M' 'M' 'M' 'M' 'M' 'M' 'M' 'M' 'M' 'M' 'M' 'M'
 'M' 'M' 'M' 'M' 'M' 'M' 'M' 'M' 'M' 'U' 'M' 'M' 'A' 'M' 'M' 'M' 'M' 'M'
 'M' 'M' 'M' 'M' 'M' 'M' 'M' 'M' 'M' 'M' 'M' 'M' 'M' 'M' 'M' 'M' 'M' 'M']"
40101,1,189,7,182,9,0,0,"['M' 'M' 'M' 'M' 'M' 'M' 'M' 'M' 'M' 'M' 'M' 'M' 'M' 'M' 'M' 'M' 'M' 'M'
 'M' 'M' 'M' 'M' 'M' 'M' 'M' 'M' 'M' 'M' 'M' 'M' 'M' 'M' 'M' 'M' 'M' 'M'
 'M' 'M' 'M' 'M' 'M' 'M' 'M' 'M' 'M' 'M' 'M' 'M' 'M' 'M' 'M' 'M' 'M' 'M'
 'M' 'M' 'M' 'M' 'M' 'M' 'M' 'M' 'M' 'M' 'M' 'M' 'M' 'M' 'M' 'M' 'M' 'M'
 'M' 'M' 'M' 'M' 'M' 'M' 'M' 'M' 'M' 'M' 'U' 'M' 'M' 'M' 'M' 'M' 'M' 'M'
 'M' 'M' 'M' 'M' 'M' 'M' 'M' 'M' 'M' 'M' 'M' 'M' 'M' 'M' 'M' 'M' 'M' 'M'
 'M' 'M' 'M' 'M' 'M' 'M' 'M' 'M' 'M' 'U' 'M' 'M' 'M' 'M' 'M' 'M' 'M' 'M'
 'M' 'M' 'M' 'M' 'A' 'U' 'U' 'A' 'A' 'A' 'A' 'U' 'A' 'M' 'U' 'M' 'M' 'M'
 'M' 'M' 'M' 'M' 'M' 'M' 'M' 'M' 'M' 'M' 'M' 'M' 'M' 'M' 'M' 'M' 'M' 'M'
 'M' 'M' 'M' 'M' 'M' 'M' 'M' 'M' 'M' 'U' 'M' 'M' 'A' 'M' 'M' 'M' 'M' 'M'
 'M' 'U' 'M' 'M' 'M' 'M' 'M' 'M' 'M' 'M' 'U' 'M' 'M' 'M' 'M' 'M' 'M' 'M']"
40201,1,192,4,188,6,0,0,"['M' 'M' 'M' 'M' 'M' 'M' 'M' 'M' 'M' 'M' 'M' 'M' 'M' 'M' 'M' 'M' 'M' 'M'
 'M' 'M' 'M' 'M' 'M' 'M' 'M' 'M' 'M' 'M' 'M' 'M' 'M' 'M' 'M' 'M' 'M' 'M'
 'M' 'M' 'M' 'M' 'M' 'M' 'M' 'M' 'M' 'M' 'M' 'M' 'M' 'M' 'M' 'M' 'M' 'M'
 'M' 'M' 'M' 'M' 'M' 'M' 'M' 'M' 'M' 'M' 'M' 'M' 'M' 'M' 'M' 'M' 'M' 'M'
 'M' 'U' 'M' 'M' 'M' 'M' 'M' 'M' 'M' 'M' 'M' 'M' 'M' 'M' 'M' 'M' 'M' 'M'
 'M' 'M' 'M' 'M' 'M' 'M' 'M' 'M' 'M' 'M' 'M' 'M' 'M' 'M' 'M' 'M' 'M' 'M'
 'M' 'M' 'M' 'M' 'M' 'M' 'M' 'M' 'M' 'M' 'M' 'M' 'M' 'M' 'M' 'M' 'M' 'M'
 'M' 'M' 'M' 'M' 'A' 'M' 'U' 'U' 'U' 'A' 'A' 'M' 'U' 'M' 'M' 'M' 'M' 'M'
 'M' 'M' 'M' 'M' 'M' 'M' 'M' 'M' 'M' 'M' 'M' 'M' 'M' 'M' 'M' 'M' 'U' 'M'
 'M' 'M' 'M' 'M' 'M' 'M' 'M' 'M' 'M' 'M' 'M' 'M' 'A' 'M' 'M' 'M' 'M' 'M'
 'M' 'M' 'M' 'M' 'M' 'M' 'M' 'M' 'M' 'M' 'M' 'M' 'M' 'M' 'M' 'M' 'M' 'M']"
40301,1,192,3,189,6,0,0,"['M' 'M' 'M' 'M' 'M' 'M' 'M' 'M' 'M' 'M' 'M' 'M' 'M' 'M' 'M' 'M' 'M' 'M'
 'M' 'M' 'M' 'M' 'M' 'M' 'M' 'M' 'M' 'M' 'M' 'M' 'M' 'M' 'M' 'M' 'M' 'M'
 'M' 'M' 'M' 'M' 'M' 'M' 'M' 'M' 'M' 'M' 'M' 'M' 'M' 'M' 'M' 'M' 'M' 'M'
 'M' 'M' 'M' 'M' 'M' 'M' 'M' 'M' 'M' 'M' 'M' 'M' 'M' 'M' 'M' 'M' 'M' 'M'
 'M' 'M' 'M' 'M' 'M' 'M' 'M' 'M' 'M' 'M' 'M' 'M' 'M' 'M' 'M' 'M' 'M' 'M'
 'M' 'U' 'M' 'M' 'M' 'M' 'M' 'M' 'M' 'M' 'M' 'M' 'M' 'M' 'M' 'M' 'M' 'M'
 'M' 'M' 'M' 'M' 'M' 'M' 'M' 'M' 'M' 'M' 'M' 'M' 'M' 'M' 'M' 'M' 'M' 'M'
 'M' 'M' 'M' 'M' 'A' 'M' 'U' 'U' 'U' 'A' 'U' 'M' 'U' 'M' 'M' 'M' 'M' 'M'
 'M' 'M' 'M' 'M' 'M' 'M' 'M' 'M' 'M' 'M' 'M' 'M' 'M' 'M' 'M' 'M' 'M' 'M'
 'M' 'M' 'M' 'M' 'M' 'M' 'M' 'M' 'M' 'M' 'M' 'M' 'A' 'M' 'M' 'M' 'M' 'M'
 'M' 'M' 'M' 'M' 'M' 'M' 'M' 'M' 'M' 'M' 'M' 'M' 'M' 'M' 'M' 'M' 'M' 'M']"
40401,1,192,4,188,6,0,0,"['M' 'M' 'M' 'M' 'M' 'M' 'M' 'M' 'M' 'M' 'M' 'M' 'M' 'M' 'M' 'M' 'M' 'M'
 'M' 'M' 'M' 'M' 'M' 'M' 'M' 'M' 'M' 'M' 'M' 'M' 'M' 'M' 'M' 'M' 'M' 'M'
 'M' 'M' 'M' 'M' 'M' 'M' 'M' 'M' 'M' 'M' 'M' 'M' 'M' 'M' 'M' 'M' 'M' 'M'
 'M' 'M' 'M' 'M' 'M' 'M' 'M' 'M' 'M' 'M' 'M' 'M' 'M' 'M' 'M' 'M' 'M' 'M'
 'M' 'M' 'M' 'M' 'M' 'M' 'M' 'M' 'M' 'M' 'M' 'U' 'M' 'M' 'M' 'M' 'M' 'M'
 'M' 'M' 'M' 'M' 'M' 'M' 'M' 'M' 'M' 'M' 'M' 'M' 'M' 'M' 'M' 'M' 'M' 'M'
 'M' 'M' 'M' 'M' 'M' 'M' 'M' 'M' 'M' 'M' 'M' 'M' 'M' 'M' 'M' 'M' 'M' 'M'
 'M' 'M' 'M' 'M' 'A' 'U' 'A' 'A' 'U' 'U' 'U' 'M' 'A' 'M' 'M' 'M' 'M' 'M'
 'M' 'M' 'M' 'M' 'M' 'M' 'M' 'M' 'M' 'M' 'M' 'M' 'M' 'M' 'M' 'M' 'M' 'M'
 'M' 'M' 'M' 'M' 'M' 'M' 'M' 'M' 'M' 'M' 'M' 'M' 'U' 'M' 'M' 'M' 'M' 'M'
 'M' 'M' 'M' 'M' 'M' 'M' 'M' 'M' 'M' 'M' 'M' 'M' 'M' 'M' 'M' 'M' 'M' 'M']"
40501,1,193,8,185,5,0,0,"['M' 'M' 'M' 'M' 'M' 'M' 'M' 'M' 'M' 'M' 'M' 'M' 'M' 'M' 'M' 'M' 'M' 'M'
 'M' 'M' 'M' 'M' 'M' 'M' 'M' 'M' 'M' 'M' 'M' 'M' 'M' 'M' 'M' 'M' 'M' 'M'
 'M' 'M' 'M' 'M' 'M' 'M' 'M' 'M' 'M' 'M' 'M' 'M' 'M' 'M' 'M' 'M' 'M' 'M'
 'M' 'M' 'M' 'M' 'M' 'M' 'M' 'M' 'M' 'M' 'M' 'M' 'M' 'M' 'M' 'M' 'M' 'M'
 'M' 'M' 'M' 'M' 'M' 'M' 'M' 'M' 'M' 'M' 'U' 'M' 'M' 'M' 'M' 'M' 'M' 'M'
 'M' 'M' 'M' 'M' 'M' 'M' 'M' 'M' 'M' 'M' 'M' 'M' 'M' 'M' 'M' 'M' 'M' 'M'
 'M' 'M' 'M' 'M' 'M' 'M' 'M' 'M' 'M' 'M' 'M' 'M' 'M' 'M' 'U' 'M' 'M' 'M'
 'M' 'M' 'M' 'M' 'A' 'U' 'A' 'A' 'A' 'A' 'A' 'A' 'A' 'U' 'M' 'M' 'M' 'M'
 'M' 'M' 'M' 'M' 'M' 'M' 'M' 'M' 'M' 'M' 'M' 'M' 'M' 'M' 'M' 'M' 'M' 'M'
 'M' 'M' 'M' 'M' 'M' 'M' 'M' 'M' 'M' 'M' 'M' 'M' 'U' 'M' 'M' 'M' 'M' 'M'
 'M' 'M' 'M' 'M' 'M' 'M' 'M' 'M' 'M' 'M' 'M' 'M' 'M' 'M' 'M' 'M' 'M' 'M']"
40601,1,190,8,182,8,0,0,"['M' 'M' 'M' 'M' 'M' 'M' 'M' 'M' 'M' 'U' 'M' 'M' 'U' 'M' 'M' 'M' 'M' 'M'
 'M' 'M' 'M' 'M' 'M' 'M' 'M' 'M' 'M' 'M' 'M' 'M' 'M' 'M' 'M' 'M' 'M' 'M'
 'M' 'M' 'U' 'M' 'M' 'M' 'M' 'M' 'M' 'M' 'M' 'M' 'M' 'M' 'M' 'M' 'M' 'M'
 'U' 'M' 'M' 'M' 'M' 'M' 'M' 'M' 'M' 'M' 'M' 'M' 'M' 'M' 'M' 'M' 'M' 'M'
 'M' 'M' 'M' 'M' 'M' 'M' 'M' 'M' 'M' 'M' 'M' 'M' 'M' 'M' 'M' 'M' 'U' 'M'
 'M' 'M' 'M' 'M' 'M' 'M' 'M' 'M' 'M' 'M' 'M' 'M' 'M' 'M' 'M' 'M' 'M' 'M'
 'M' 'M' 'M' 'M' 'M' 'M' 'M' 'M' 'M' 'M' 'M' 'M' 'M' 'M' 'U' 'M' 'M' 'M'
 'M' 'M' 'M' 'M' 'A' 'A' 'A' 'U' 'A' 'A' 'A' 'A' 'A' 'M' 'M' 'M' 'M' 'M'
 'M' 'M' 'M' 'M' 'M' 'M' 'M' 'M' 'M' 'M' 'M' 'M' 'M' 'M' 'M' 'M' 'M' 'M'
 'M' 'M' 'M' 'M' 'M' 'M' 'M' 'M' 'M' 'M' 'M' 'M' 'M' 'M' 'M' 'M' 'M' 'M'
 'M' 'M' 'M' 'U' 'M' 'M' 'M' 'M' 'M' 'M' 'M' 'M' 'M' 'M' 'M' 'M' 'M' 'M']"
40701,1,193,9,184,5,0,1,"['M' 'M' 'M' 'M' 'M' 'M' 'M' 'M' 'M' 'M' 'M' 'M' 'U' 'M' 'M' 'M' 'M' 'M'
 'M' 'M' 'M' 'M' 'M' 'M' 'M' 'M' 'M' 'M' 'M' 'M' 'M' 'M' 'M' 'M' 'M' 'M'
 'M' 'M' 'M' 'M' 'M' 'M' 'M' 'M' 'M' 'M' 'M' 'M' 'M' 'M' 'M' 'M' 'M' 'M'
 'M' 'M' 'M' 'M' 'M' 'M' 'M' 'M' 'M' 'M' 'M' 'M' 'M' 'M' 'M' 'M' 'M' 'M'
 'M' 'M' 'M' 'M' 'M' 'M' 'M' 'M' 'M' 'M' 'M' 'M' 'M' 'U' 'M' 'M' 'M' 'M'
 'M' 'M' 'M' 'M' 'M' 'M' 'M' 'M' 'M' 'M' 'M' 'M' 'M' 'M' 'M' 'M' 'M' 'M'
 'M' 'M' 'M' 'M' 'M' 'M' 'M' 'M' 'M' 'M' 'M' 'M' 'M' 'M' 'M' 'M' 'M' 'M'
 'M' 'M' 'M' 'M' 'A' 'A' 'A' 'A' 'A' 'A' 'A' 'A' 'A' 'M' 'M' 'M' 'M' 'M'
 'M' 'M' 'M' 'M' 'M' 'M' 'M' 'M' 'M' 'M' 'M' 'M' 'M' 'M' 'M' 'M' 'M' 'M'
 'M' 'M' 'M' 'M' 'M' 'M' 'M' 'M' 'M' 'M' 'M' 'M' 'M' 'M' 'M' 'M' 'M' 'M'
 'M' 'M' 'M' 'M' 'M' 'M' 'M' 'M' 'U' 'M' 'M' 'M' 'U' 'M' 'M' 'M' 'U' 'M']"
40801,2,191,7,184,7,0,0,"['M' 'M' 'M' 'M' 'M' 'M' 'M' 'M' 'M' 'M' 'M' 'M' 'U' 'M' 'M' 'M' 'M' 'M'
 'M' 'M' 'M' 'M' 'M' 'M' 'M' 'M' 'M' 'M' 'M' 'M' 'M' 'M' 'M' 'M' 'M' 'M'
 'M' 'M' 'M' 'M' 'M' 'U' 'M' 'M' 'U' 'M' 'M' 'M' 'M' 'M' 'M' 'M' 'M' 'M'
 'M' 'M' 'M' 'M' 'M' 'M' 'M' 'M' 'M' 'M' 'M' 'M' 'M' 'M' 'M' 'M' 'M' 'M'
 'M' 'M' 'M' 'M' 'M' 'M' 'M' 'U' 'M' 'M' 'M' 'M' 'M' 'M' 'M' 'M' 'M' 'M'
 'M' 'M' 'M' 'M' 'M' 'M' 'M' 'M' 'M' 'M' 'M' 'M' 'M' 'M' 'M' 'M' 'M' 'M'
 'M' 'M' 'M' 'M' 'M' 'M' 'M' 'M' 'M' 'M' 'M' 'M' 'M' 'M' 'M' 'M' 'M' 'M'
 'M' 'M' 'M' 'M' 'A' 'A' 'A' 'A' 'A' 'A' 'U' 'A' 'M' 'M' 'M' 'M' 'M' 'M'
 'M' 'M' 'M' 'M' 'M' 'M' 'M' 'M' 'M' 'M' 'M' 'M' 'M' 'M' 'M' 'M' 'M' 'M'
 'M' 'M' 'M' 'M' 'M' 'M' 'M' 'M' 'M' 'M' 'M' 'M' 'M' 'M' 'M' 'M' 'M' 'M'
 'M' 'M' 'M' 'M' 'M' 'M' 'M' 'M' 'U' 'M' 'M' 'M' 'M' 'M' 'M' 'M' 'U' 'M']"
40901,2,189,5,184,9,0,0,"['M' 'M' 'M' 'M' 'M' 'M' 'M' 'M' 'M' 'M' 'M' 'M' 'U' 'M' 'M' 'M' 'M' 'M'
 'M' 'M' 'M' 'M' 'M' 'M' 'M' 'M' 'M' 'M' 'M' 'M' 'M' 'M' 'M' 'M' 'M' 'M'
 'M' 'M' 'M' 'M' 'M' 'M' 'M' 'M' 'U' 'M' 'M' 'M' 'M' 'M' 'M' 'M' 'M' 'M'
 'M' 'M' 'M' 'M' 'M' 'M' 'M' 'M' 'M' 'M' 'M' 'U' 'M' 'M' 'M' 'M' 'M' 'M'
 'M' 'M' 'M' 'M' 'M' 'M' 'M' 'M' 'M' 'M' 'M' 'M' 'M' 'M' 'M' 'M' 'M' 'M'
 'M' 'M' 'M' 'M' 'M' 'M' 'M' 'M' 'M' 'M' 'M' 'M' 'M' 'M' 'M' 'M' 'M' 'M'
 'M' 'M' 'M' 'M' 'M' 'M' 'M' 'M' 'M' 'M' 'M' 'M' 'M' 'M' 'M' 'M' 'M' 'M'
 'M' 'M' 'M' 'M' 'A' 'A' 'A' 'A' 'A' 'M' 'U' 'U' 'U' 'M' 'M' 'M' 'M' 'M'
 'M' 'M' 'M' 'M' 'M' 'M' 'M' 'M' 'M' 'M' 'M' 'M' 'M' 'M' 'M' 'M' 'M' 'M'
 'M' 'M' 'M' 'M' 'M' 'M' 'M' 'M' 'M' 'M' 'M' 'M' 'M' 'M' 'M' 'M' 'U' 'M'
 'M' 'M' 'M' 'M' 'M' 'M' 'M' 'M' 'U' 'M' 'M' 'M' 'M' 'M' 'M' 'M' 'U' 'M']"
41001,1,187,5,182,11,0,1,"['M' 'M' 'M' 'M' 'M' 'M' 'M' 'M' 'M' 'M' 'M' 'M' 'U' 'M' 'M' 'M' 'M' 'M'
 'M' 'M' 'M' 'M' 'M' 'M' 'M' 'M' 'M' 'M' 'M' 'M' 'M' 'M' 'M' 'M' 'M' 'M'
 'M' 'M' 'M' 'M' 'M' 'M' 'M' 'M' 'U' 'M' 'M' 'M' 'M' 'M' 'M' 'M' 'M' 'M'
 'M' 'M' 'M' 'M' 'M' 'M' 'M' 'M' 'M' 'M' 'M' 'M' 'M' 'M' 'M' 'M' 'M' 'M'
 'M' 'M' 'M' 'M' 'M' 'M' 'M' 'M' 'M' 'M' 'M' 'M' 'M' 'M' 'M' 'M' 'M' 'M'
 'U' 'M' 'M' 'M' 'M' 'M' 'M' 'M' 'M' 'M' 'M' 'M' 'U' 'M' 'M' 'M' 'M' 'M'
 'M' 'M' 'M' 'M' 'M' 'M' 'M' 'M' 'M' 'M' 'M' 'M' 'M' 'M' 'U' 'M' 'U' 'M'
 'M' 'M' 'M' 'M' 'A' 'U' 'M' 'A' 'A' 'A' 'U' 'A' 'U' 'M' 'M' 'M' 'M' 'M'
 'M' 'M' 'M' 'U' 'M' 'M' 'M' 'M' 'M' 'M' 'M' 'M' 'M' 'M' 'M' 'M' 'M' 'M'
 'M' 'M' 'M' 'M' 'M' 'M' 'M' 'M' 'M' 'M' 'M' 'M' 'M' 'M' 'M' 'M' 'M' 'M'
 'M' 'M' 'M' 'M' 'M' 'M' 'M' 'M' 'U' 'M' 'M' 'M' 'M' 'M' 'M' 'M' 'M' 'M']"
41101,1,191,8,183,7,0,0,"['M' 'M' 'M' 'M' 'M' 'M' 'M' 'M' 'M' 'M' 'M' 'M' 'U' 'M' 'M' 'M' 'M' 'M'
 'M' 'M' 'M' 'M' 'M' 'M' 'M' 'M' 'M' 'U' 'M' 'M' 'M' 'M' 'M' 'M' 'M' 'M'
 'M' 'M' 'M' 'M' 'M' 'M' 'M' 'M' 'M' 'M' 'M' 'M' 'M' 'M' 'M' 'M' 'M' 'M'
 'M' 'M' 'M' 'M' 'M' 'M' 'M' 'M' 'M' 'M' 'M' 'M' 'M' 'M' 'M' 'M' 'M' 'M'
 'M' 'M' 'U' 'M' 'M' 'M' 'M' 'M' 'M' 'M' 'M' 'M' 'M' 'M' 'M' 'M' 'M' 'M'
 'M' 'M' 'M' 'M' 'M' 'M' 'M' 'M' 'M' 'M' 'M' 'M' 'M' 'M' 'M' 'M' 'M' 'M'
 'M' 'M' 'M' 'M' 'M' 'M' 'M' 'M' 'M' 'M' 'M' 'M' 'M' 'M' 'U' 'M' 'U' 'M'
 'M' 'M' 'M' 'M' 'A' 'A' 'A' 'A' 'A' 'A' 'U' 'A' 'A' 'M' 'M' 'M' 'M' 'M'
 'M' 'M' 'M' 'M' 'M' 'M' 'M' 'M' 'M' 'M' 'M' 'M' 'M' 'M' 'M' 'M' 'M' 'M'
 'M' 'M' 'M' 'M' 'M' 'M' 'M' 'M' 'M' 'M' 'M' 'M' 'M' 'M' 'M' 'M' 'M' 'M'
 'M' 'M' 'M' 'M' 'M' 'M' 'M' 'M' 'U' 'M' 'M' 'M' 'M' 'M' 'M' 'M' 'M' 'M']"
41201,1,193,9,184,5,0,0,"['M' 'M' 'M' 'M' 'M' 'M' 'M' 'M' 'M' 'M' 'M' 'M' 'U' 'M' 'M' 'M' 'M' 'M'
 'M' 'M' 'M' 'M' 'M' 'M' 'M' 'M' 'M' 'U' 'M' 'M' 'M' 'M' 'M' 'M' 'M' 'M'
 'M' 'M' 'M' 'M' 'M' 'M' 'M' 'M' 'M' 'M' 'M' 'M' 'M' 'M' 'M' 'M' 'M' 'M'
 'M' 'M' 'M' 'M' 'M' 'M' 'M' 'M' 'M' 'M' 'M' 'M' 'M' 'M' 'M' 'M' 'M' 'M'
 'M' 'M' 'M' 'M' 'M' 'M' 'U' 'M' 'M' 'M' 'M' 'M' 'M' 'M' 'M' 'M' 'M' 'M'
 'M' 'M' 'M' 'M' 'M' 'M' 'M' 'M' 'M' 'M' 'M' 'M' 'M' 'M' 'M' 'M' 'M' 'M'
 'M' 'M' 'M' 'M' 'M' 'M' 'M' 'M' 'M' 'M' 'M' 'M' 'M' 'M' 'M' 'M' 'U' 'M'
 'M' 'M' 'M' 'M' 'A' 'A' 'A' 'A' 'A' 'A' 'A' 'A' 'A' 'M' 'M' 'M' 'M' 'M'
 'M' 'M' 'M' 'M' 'M' 'M' 'M' 'U' 'M' 'M' 'M' 'M' 'M' 'M' 'M' 'M' 'M' 'M'
 'M' 'M' 'M' 'M' 'M' 'M' 'M' 'M' 'M' 'M' 'M' 'M' 'M' 'M' 'M' 'M' 'M' 'M'
 'M' 'M' 'M' 'M' 'M' 'M' 'M' 'M' 'M' 'M' 'M' 'M' 'M' 'M' 'M' 'M' 'M' 'M']"
41301,1,189,5,184,9,0,0,"['M' 'M' 'M' 'M' 'M' 'M' 'M' 'M' 'M' 'M' 'M' 'M' 'M' 'M' 'M' 'M' 'M' 'M'
 'M' 'M' 'M' 'M' 'M' 'M' 'M' 'M' 'M' 'U' 'M' 'M' 'M' 'M' 'M' 'M' 'M' 'M'
 'M' 'M' 'M' 'M' 'M' 'M' 'M' 'M' 'M' 'M' 'M' 'M' 'M' 'M' 'M' 'M' 'M' 'M'
 'M' 'M' 'M' 'M' 'M' 'M' 'M' 'M' 'M' 'M' 'M' 'M' 'M' 'M' 'M' 'M' 'M' 'M'
 'M' 'M' 'M' 'M' 'M' 'M' 'M' 'M' 'M' 'M' 'M' 'M' 'U' 'M' 'M' 'M' 'M' 'M'
 'M' 'M' 'M' 'M' 'M' 'M' 'M' 'M' 'M' 'M' 'M' 'M' 'M' 'M' 'M' 'M' 'M' 'M'
 'M' 'M' 'M' 'M' 'M' 'M' 'M' 'M' 'M' 'M' 'M' 'M' 'M' 'M' 'M' 'M' 'M' 'M'
 'M' 'M' 'M' 'M' 'A' 'A' 'A' 'A' 'A' 'U' 'U' 'U' 'U' 'M' 'M' 'M' 'M' 'M'
 'M' 'M' 'M' 'M' 'M' 'M' 'M' 'M' 'M' 'M' 'M' 'M' 'M' 'M' 'M' 'M' 'M' 'M'
 'M' 'M' 'M' 'U' 'M' 'M' 'M' 'M' 'M' 'M' 'M' 'M' 'M' 'M' 'M' 'M' 'U' 'M'
 'M' 'M' 'M' 'M' 'M' 'M' 'M' 'U' 'M' 'M' 'M' 'M' 'M' 'M' 'M' 'M' 'M' 'M']"
41401,1,190,3,187,8,0,0,"['M' 'M' 'M' 'M' 'M' 'M' 'M' 'M' 'M' 'M' 'M' 'M' 'M' 'M' 'M' 'M' 'M' 'M'
 'M' 'M' 'M' 'M' 'M' 'M' 'M' 'M' 'M' 'M' 'M' 'M' 'M' 'M' 'M' 'M' 'M' 'M'
 'M' 'M' 'M' 'M' 'M' 'M' 'U' 'M' 'M' 'M' 'M' 'M' 'M' 'M' 'M' 'M' 'M' 'M'
 'M' 'M' 'M' 'M' 'M' 'M' 'M' 'M' 'M' 'M' 'M' 'M' 'M' 'M' 'M' 'M' 'M' 'M'
 'M' 'M' 'M' 'M' 'M' 'U' 'M' 'M' 'M' 'M' 'M' 'M' 'M' 'M' 'M' 'M' 'M' 'M'
 'M' 'M' 'M' 'M' 'M' 'M' 'M' 'M' 'M' 'M' 'M' 'M' 'M' 'M' 'M' 'M' 'M' 'M'
 'M' 'M' 'M' 'M' 'M' 'M' 'M' 'M' 'M' 'M' 'M' 'M' 'M' 'M' 'M' 'M' 'M' 'M'
 'M' 'M' 'M' 'M' 'A' 'A' 'U' 'A' 'U' 'U' 'M' 'M' 'U' 'M' 'M' 'M' 'M' 'M'
 'M' 'M' 'M' 'M' 'M' 'M' 'M' 'M' 'M' 'M' 'M' 'M' 'M' 'M' 'M' 'M' 'M' 'M'
 'M' 'M' 'M' 'U' 'M' 'M' 'M' 'M' 'M' 'M' 'M' 'M' 'M' 'M' 'M' 'M' 'M' 'M'
 'M' 'M' 'M' 'M' 'M' 'M' 'M' 'U' 'M' 'M' 'M' 'M' 'M' 'M' 'M' 'M' 'M' 'M']"
41501,1,194,3,191,4,0,0,"['M' 'M' 'M' 'M' 'M' 'M' 'M' 'M' 'M' 'M' 'M' 'M' 'M' 'M' 'M' 'M' 'M' 'M'
 'M' 'M' 'M' 'M' 'M' 'M' 'M' 'M' 'M' 'M' 'M' 'M' 'M' 'M' 'M' 'M' 'M' 'M'
 'M' 'M' 'M' 'M' 'M' 'M' 'U' 'M' 'M' 'M' 'M' 'M' 'M' 'M' 'M' 'M' 'M' 'M'
 'M' 'M' 'M' 'M' 'M' 'M' 'M' 'M' 'M' 'M' 'M' 'M' 'M' 'M' 'M' 'M' 'M' 'M'
 'U' 'M' 'M' 'M' 'M' 'M' 'M' 'M' 'M' 'M' 'M' 'M' 'M' 'M' 'M' 'M' 'M' 'M'
 'M' 'M' 'M' 'M' 'M' 'M' 'M' 'M' 'M' 'M' 'M' 'M' 'M' 'M' 'M' 'M' 'M' 'M'
 'M' 'M' 'M' 'M' 'M' 'M' 'M' 'M' 'M' 'M' 'M' 'M' 'M' 'M' 'M' 'M' 'M' 'M'
 'M' 'M' 'M' 'M' 'A' 'A' 'U' 'A' 'M' 'M' 'M' 'M' 'M' 'M' 'M' 'M' 'M' 'M'
 'M' 'M' 'M' 'M' 'M' 'M' 'M' 'M' 'M' 'M' 'M' 'M' 'M' 'M' 'M' 'M' 'M' 'M'
 'M' 'M' 'M' 'M' 'M' 'M' 'M' 'M' 'M' 'M' 'M' 'M' 'M' 'M' 'M' 'M' 'M' 'M'
 'M' 'M' 'M' 'M' 'M' 'M' 'M' 'M' 'M' 'M' 'M' 'U' 'M' 'M' 'M' 'M' 'M' 'M']"
41601,1,192,7,185,6,0,0,"['M' 'M' 'M' 'M' 'M' 'M' 'M' 'M' 'M' 'M' 'M' 'M' 'M' 'M' 'M' 'M' 'M' 'M'
 'M' 'M' 'M' 'M' 'U' 'M' 'M' 'M' 'M' 'M' 'M' 'M' 'M' 'M' 'M' 'M' 'M' 'M'
 'M' 'M' 'M' 'M' 'M' 'M' 'U' 'M' 'M' 'M' 'M' 'M' 'M' 'M' 'M' 'M' 'M' 'M'
 'M' 'M' 'M' 'M' 'M' 'M' 'M' 'M' 'M' 'M' 'M' 'M' 'M' 'M' 'M' 'M' 'M' 'M'
 'M' 'M' 'M' 'M' 'M' 'M' 'M' 'M' 'M' 'M' 'M' 'M' 'M' 'M' 'M' 'M' 'M' 'M'
 'M' 'U' 'M' 'M' 'M' 'M' 'M' 'M' 'M' 'M' 'M' 'M' 'M' 'M' 'M' 'M' 'M' 'M'
 'M' 'M' 'M' 'M' 'M' 'M' 'M' 'M' 'M' 'M' 'M' 'M' 'M' 'M' 'M' 'M' 'M' 'M'
 'M' 'M' 'M' 'M' 'A' 'A' 'A' 'A' 'A' 'A' 'A' 'U' 'U' 'M' 'M' 'M' 'M' 'M'
 'M' 'M' 'M' 'M' 'M' 'M' 'M' 'M' 'M' 'M' 'M' 'M' 'M' 'M' 'M' 'M' 'M' 'M'
 'M' 'M' 'M' 'M' 'M' 'M' 'M' 'M' 'M' 'M' 'M' 'M' 'M' 'M' 'M' 'M' 'M' 'M'
 'M' 'M' 'M' 'M' 'M' 'M' 'M' 'M' 'M' 'M' 'M' 'U' 'M' 'M' 'M' 'M' 'M' 'M']"
41701,1,192,8,184,6,0,0,"['M' 'M' 'M' 'M' 'M' 'M' 'M' 'M' 'M' 'M' 'M' 'M' 'M' 'M' 'M' 'M' 'M' 'M'
 'M' 'M' 'M' 'M' 'U' 'M' 'M' 'U' 'M' 'M' 'M' 'M' 'M' 'M' 'M' 'M' 'M' 'M'
 'M' 'M' 'M' 'M' 'M' 'M' 'U' 'M' 'M' 'M' 'M' 'M' 'M' 'M' 'M' 'M' 'M' 'M'
 'M' 'M' 'M' 'M' 'M' 'M' 'M' 'M' 'M' 'M' 'M' 'M' 'M' 'M' 'M' 'M' 'M' 'M'
 'M' 'M' 'M' 'M' 'M' 'M' 'M' 'M' 'M' 'M' 'M' 'M' 'U' 'M' 'M' 'M' 'M' 'M'
 'M' 'M' 'M' 'M' 'M' 'M' 'M' 'M' 'M' 'M' 'M' 'M' 'M' 'M' 'M' 'M' 'M' 'M'
 'M' 'M' 'M' 'M' 'M' 'M' 'M' 'M' 'M' 'M' 'U' 'M' 'M' 'M' 'M' 'M' 'M' 'M'
 'M' 'M' 'M' 'M' 'A' 'A' 'A' 'A' 'A' 'A' 'A' 'A' 'U' 'M' 'M' 'M' 'M' 'M'
 'M' 'M' 'M' 'M' 'M' 'M' 'M' 'M' 'M' 'M' 'M' 'M' 'M' 'M' 'M' 'M' 'M' 'M'
 'M' 'M' 'M' 'M' 'M' 'M' 'M' 'M' 'M' 'M' 'M' 'M' 'M' 'M' 'M' 'M' 'M' 'M'
 'M' 'M' 'M' 'M' 'M' 'M' 'M' 'M' 'M' 'M' 'M' 'M' 'M' 'M' 'M' 'M' 'M' 'M']"
41801,2,192,8,184,6,0,0,"['M' 'M' 'M' 'M' 'M' 'M' 'M' 'M' 'M' 'M' 'M' 'M' 'M' 'M' 'M' 'M' 'M' 'M'
 'M' 'M' 'M' 'M' 'U' 'M' 'M' 'U' 'M' 'M' 'M' 'M' 'M' 'M' 'M' 'M' 'M' 'M'
 'M' 'M' 'M' 'M' 'M' 'M' 'M' 'M' 'M' 'M' 'M' 'M' 'M' 'M' 'M' 'M' 'M' 'U'
 'M' 'M' 'M' 'M' 'M' 'M' 'M' 'M' 'M' 'M' 'M' 'M' 'M' 'M' 'M' 'M' 'M' 'M'
 'M' 'M' 'M' 'M' 'M' 'U' 'M' 'M' 'M' 'M' 'M' 'M' 'M' 'M' 'M' 'M' 'M' 'M'
 'M' 'M' 'M' 'M' 'M' 'M' 'M' 'M' 'M' 'M' 'M' 'M' 'M' 'M' 'M' 'M' 'M' 'M'
 'M' 'M' 'M' 'M' 'M' 'M' 'M' 'M' 'M' 'M' 'U' 'M' 'M' 'M' 'M' 'M' 'M' 'M'
 'M' 'M' 'M' 'M' 'A' 'A' 'A' 'A' 'A' 'A' 'A' 'A' 'U' 'M' 'M' 'M' 'M' 'M'
 'M' 'M' 'M' 'M' 'M' 'M' 'M' 'M' 'M' 'M' 'M' 'M' 'M' 'M' 'M' 'M' 'M' 'M'
 'M' 'M' 'M' 'M' 'M' 'M' 'M' 'M' 'M' 'M' 'M' 'M' 'M' 'M' 'M' 'M' 'M' 'M'
 'M' 'M' 'M' 'M' 'M' 'M' 'M' 'M' 'M' 'M' 'M' 'M' 'M' 'M' 'M' 'M' 'M' 'M']"
41901,1,190,5,185,8,0,0,"['M' 'M' 'M' 'M' 'M' 'M' 'M' 'M' 'M' 'M' 'M' 'M' 'M' 'M' 'M' 'M' 'M' 'M'
 'M' 'M' 'M' 'M' 'U' 'M' 'U' 'M' 'M' 'M' 'M' 'M' 'M' 'M' 'M' 'M' 'M' 'M'
 'M' 'M' 'M' 'M' 'M' 'M' 'M' 'M' 'M' 'M' 'M' 'M' 'M' 'M' 'M' 'M' 'M' 'U'
 'M' 'M' 'M' 'M' 'M' 'M' 'M' 'M' 'M' 'M' 'M' 'M' 'M' 'M' 'M' 'M' 'M' 'M'
 'M' 'M' 'M' 'M' 'M' 'M' 'M' 'M' 'U' 'M' 'M' 'M' 'M' 'M' 'M' 'M' 'M' 'M'
 'M' 'M' 'M' 'M' 'M' 'M' 'M' 'M' 'M' 'M' 'M' 'M' 'M' 'M' 'M' 'M' 'M' 'M'
 'M' 'M' 'M' 'U' 'M' 'M' 'M' 'M' 'M' 'M' 'M' 'M' 'M' 'M' 'M' 'M' 'M' 'M'
 'M' 'M' 'M' 'M' 'A' 'M' 'A' 'U' 'U' 'A' 'U' 'A' 'A' 'M' 'M' 'M' 'M' 'M'
 'M' 'M' 'M' 'M' 'M' 'M' 'M' 'M' 'M' 'M' 'M' 'M' 'M' 'M' 'M' 'M' 'M' 'M'
 'M' 'M' 'M' 'M' 'M' 'M' 'M' 'M' 'M' 'M' 'M' 'M' 'M' 'M' 'M' 'M' 'M' 'M'
 'M' 'M' 'M' 'M' 'M' 'M' 'M' 'M' 'M' 'M' 'M' 'M' 'M' 'M' 'M' 'M' 'M' 'M']"
42001,1,189,8,181,9,0,0,"['M' 'M' 'M' 'M' 'M' 'M' 'M' 'M' 'M' 'M' 'M' 'U' 'M' 'M' 'M' 'M' 'M' 'M'
 'M' 'M' 'M' 'M' 'U' 'U' 'U' 'M' 'M' 'M' 'M' 'M' 'M' 'M' 'M' 'M' 'M' 'M'
 'M' 'M' 'M' 'M' 'M' 'M' 'M' 'U' 'M' 'M' 'M' 'M' 'M' 'M' 'M' 'M' 'M' 'M'
 'M' 'M' 'M' 'M' 'M' 'M' 'M' 'M' 'M' 'M' 'M' 'M' 'M' 'M' 'M' 'M' 'M' 'M'
 'M' 'M' 'U' 'M' 'M' 'M' 'M' 'M' 'M' 'M' 'M' 'M' 'M' 'M' 'M' 'M' 'M' 'M'
 'M' 'M' 'M' 'M' 'M' 'M' 'M' 'M' 'M' 'M' 'M' 'M' 'M' 'M' 'M' 'M' 'M' 'M'
 'M' 'M' 'M' 'M' 'M' 'M' 'M' 'M' 'M' 'M' 'M' 'M' 'M' 'M' 'M' 'M' 'M' 'M'
 'M' 'M' 'M' 'M' 'A' 'A' 'A' 'A' 'A' 'A' 'A' 'U' 'A' 'M' 'M' 'M' 'M' 'M'
 'M' 'M' 'M' 'M' 'M' 'M' 'M' 'M' 'M' 'M' 'M' 'M' 'M' 'M' 'M' 'M' 'M' 'M'
 'M' 'M' 'M' 'M' 'M' 'M' 'M' 'M' 'M' 'M' 'U' 'M' 'M' 'M' 'U' 'M' 'M' 'M'
 'M' 'M' 'M' 'M' 'M' 'M' 'M' 'M' 'M' 'M' 'M' 'M' 'M' 'M' 'M' 'M' 'M' 'M']"
42101,1,188,7,181,10,0,0,"['M' 'M' 'M' 'M' 'M' 'M' 'M' 'M' 'M' 'M' 'M' 'M' 'M' 'M' 'M' 'M' 'M' 'M'
 'M' 'M' 'M' 'M' 'U' 'M' 'U' 'M' 'M' 'M' 'M' 'M' 'M' 'M' 'M' 'M' 'M' 'M'
 'M' 'M' 'M' 'M' 'M' 'M' 'M' 'M' 'M' 'M' 'M' 'M' 'M' 'M' 'M' 'M' 'M' 'M'
 'M' 'M' 'M' 'M' 'M' 'M' 'M' 'M' 'M' 'M' 'M' 'M' 'M' 'M' 'M' 'M' 'M' 'M'
 'M' 'M' 'M' 'M' 'M' 'M' 'M' 'M' 'M' 'M' 'U' 'M' 'M' 'M' 'M' 'M' 'M' 'M'
 'M' 'M' 'M' 'M' 'M' 'M' 'M' 'M' 'M' 'M' 'M' 'M' 'M' 'M' 'M' 'M' 'M' 'M'
 'M' 'M' 'M' 'M' 'M' 'M' 'M' 'M' 'M' 'M' 'M' 'M' 'U' 'M' 'M' 'M' 'M' 'M'
 'M' 'M' 'M' 'U' 'A' 'U' 'A' 'A' 'A' 'A' 'A' 'A' 'U' 'M' 'M' 'M' 'M' 'M'
 'M' 'M' 'M' 'M' 'M' 'M' 'M' 'M' 'M' 'M' 'M' 'M' 'M' 'M' 'M' 'M' 'M' 'M'
 'M' 'M' 'M' 'M' 'M' 'M' 'M' 'M' 'M' 'M' 'U' 'M' 'M' 'M' 'U' 'M' 'M' 'M'
 'M' 'M' 'M' 'M' 'M' 'U' 'M' 'M' 'M' 'M' 'M' 'M' 'M' 'M' 'M' 'M' 'M' 'M']"
42201,1,193,7,186,5,0,0,"['M' 'M' 'M' 'M' 'M' 'M' 'M' 'M' 'M' 'M' 'M' 'M' 'M' 'M' 'M' 'M' 'M' 'M'
 'M' 'M' 'M' 'M' 'M' 'M' 'M' 'M' 'M' 'M' 'M' 'M' 'M' 'M' 'M' 'M' 'M' 'M'
 'M' 'M' 'M' 'M' 'M' 'M' 'M' 'M' 'M' 'M' 'M' 'M' 'M' 'M' 'M' 'M' 'M' 'M'
 'M' 'M' 'M' 'M' 'M' 'M' 'M' 'M' 'M' 'M' 'M' 'M' 'M' 'M' 'M' 'U' 'M' 'M'
 'M' 'M' 'M' 'M' 'M' 'M' 'M' 'M' 'M' 'M' 'M' 'M' 'M' 'M' 'M' 'M' 'M' 'M'
 'M' 'M' 'M' 'M' 'M' 'M' 'M' 'M' 'M' 'M' 'M' 'M' 'M' 'M' 'M' 'M' 'M' 'M'
 'M' 'M' 'M' 'M' 'M' 'M' 'M' 'M' 'M' 'M' 'M' 'M' 'M' 'M' 'M' 'M' 'M' 'M'
 'M' 'M' 'M' 'M' 'A' 'A' 'U' 'A' 'A' 'A' 'A' 'A' 'U' 'M' 'M' 'M' 'M' 'M'
 'M' 'M' 'M' 'M' 'M' 'M' 'M' 'M' 'M' 'M' 'M' 'M' 'M' 'M' 'M' 'M' 'M' 'M'
 'M' 'M' 'M' 'M' 'M' 'M' 'M' 'M' 'M' 'M' 'M' 'M' 'M' 'M' 'U' 'M' 'M' 'M'
 'M' 'M' 'M' 'M' 'M' 'U' 'M' 'M' 'M' 'M' 'M' 'M' 'M' 'M' 'M' 'M' 'M' 'M']"
42301,1,192,4,188,6,0,0,"['M' 'M' 'M' 'M' 'M' 'M' 'M' 'M' 'M' 'M' 'M' 'M' 'M' 'M' 'M' 'M' 'M' 'M'
 'M' 'M' 'M' 'M' 'M' 'U' 'M' 'M' 'M' 'M' 'M' 'M' 'M' 'M' 'M' 'M' 'M' 'M'
 'M' 'M' 'M' 'M' 'M' 'M' 'M' 'M' 'M' 'M' 'M' 'M' 'M' 'M' 'M' 'M' 'M' 'M'
 'M' 'M' 'M' 'M' 'M' 'M' 'M' 'M' 'M' 'M' 'M' 'M' 'M' 'M' 'M' 'M' 'M' 'M'
 'M' 'M' 'M' 'M' 'M' 'U' 'M' 'M' 'M' 'M' 'M' 'M' 'M' 'M' 'M' 'M' 'M' 'M'
 'M' 'M' 'M' 'M' 'M' 'M' 'M' 'M' 'M' 'M' 'M' 'M' 'M' 'M' 'M' 'M' 'M' 'M'
 'M' 'M' 'M' 'M' 'M' 'M' 'M' 'M' 'M' 'M' 'M' 'M' 'M' 'M' 'M' 'M' 'M' 'M'
 'M' 'M' 'M' 'M' 'A' 'M' 'U' 'A' 'A' 'U' 'U' 'A' 'M' 'M' 'M' 'M' 'M' 'M'
 'M' 'M' 'M' 'M' 'M' 'M' 'M' 'M' 'M' 'M' 'M' 'M' 'M' 'M' 'M' 'M' 'M' 'M'
 'M' 'M' 'M' 'M' 'M' 'M' 'M' 'M' 'M' 'M' 'M' 'M' 'M' 'M' 'M' 'M' 'M' 'M'
 'M' 'M' 'M' 'M' 'M' 'U' 'M' 'M' 'M' 'M' 'M' 'M' 'M' 'M' 'M' 'M' 'M' 'M']"
42401,1,194,7,187,4,0,0,"['M' 'M' 'M' 'M' 'M' 'M' 'M' 'M' 'M' 'M' 'M' 'M' 'M' 'M' 'M' 'M' 'M' 'M'
 'M' 'M' 'M' 'M' 'M' 'U' 'M' 'M' 'M' 'M' 'M' 'M' 'M' 'M' 'M' 'M' 'M' 'M'
 'M' 'M' 'M' 'M' 'M' 'M' 'M' 'M' 'M' 'M' 'M' 'M' 'M' 'M' 'M' 'M' 'M' 'M'
 'M' 'M' 'M' 'M' 'M' 'M' 'M' 'M' 'M' 'M' 'M' 'M' 'M' 'M' 'M' 'M' 'M' 'U'
 'M' 'M' 'M' 'M' 'M' 'M' 'M' 'M' 'M' 'M' 'M' 'M' 'M' 'M' 'M' 'M' 'M' 'M'
 'M' 'M' 'M' 'M' 'M' 'M' 'M' 'M' 'M' 'M' 'M' 'M' 'M' 'M' 'M' 'M' 'M' 'M'
 'M' 'M' 'M' 'M' 'M' 'M' 'M' 'M' 'M' 'M' 'M' 'M' 'M' 'M' 'M' 'M' 'M' 'M'
 'M' 'M' 'M' 'M' 'A' 'U' 'A' 'A' 'A' 'A' 'A' 'A' 'U' 'M' 'M' 'M' 'M' 'M'
 'M' 'M' 'M' 'M' 'M' 'M' 'M' 'M' 'M' 'M' 'M' 'M' 'M' 'M' 'M' 'M' 'M' 'M'
 'M' 'M' 'M' 'M' 'M' 'M' 'M' 'M' 'M' 'M' 'M' 'M' 'M' 'M' 'M' 'M' 'M' 'M'
 'M' 'M' 'M' 'M' 'M' 'M' 'M' 'M' 'M' 'M' 'M' 'M' 'M' 'M' 'M' 'M' 'M' 'M']"
42501,1,192,7,185,6,0,0,"['M' 'M' 'M' 'M' 'M' 'M' 'M' 'M' 'M' 'M' 'M' 'M' 'M' 'M' 'M' 'M' 'M' 'M'
 'M' 'M' 'M' 'M' 'M' 'U' 'M' 'M' 'M' 'M' 'M' 'M' 'M' 'M' 'M' 'M' 'M' 'M'
 'M' 'M' 'M' 'M' 'M' 'M' 'M' 'M' 'M' 'M' 'M' 'M' 'M' 'M' 'M' 'M' 'M' 'M'
 'M' 'M' 'M' 'M' 'M' 'M' 'M' 'M' 'M' 'M' 'M' 'M' 'M' 'M' 'M' 'M' 'M' 'M'
 'M' 'M' 'M' 'M' 'M' 'M' 'M' 'M' 'M' 'M' 'M' 'M' 'M' 'M' 'M' 'M' 'M' 'M'
 'M' 'M' 'U' 'M' 'M' 'M' 'M' 'M' 'M' 'M' 'M' 'M' 'M' 'M' 'M' 'M' 'M' 'M'
 'M' 'M' 'M' 'M' 'M' 'M' 'M' 'M' 'M' 'M' 'M' 'M' 'M' 'M' 'M' 'M' 'U' 'M'
 'M' 'M' 'M' 'M' 'A' 'U' 'A' 'A' 'A' 'U' 'A' 'A' 'A' 'M' 'M' 'M' 'M' 'M'
 'M' 'M' 'M' 'M' 'M' 'M' 'M' 'M' 'M' 'M' 'M' 'M' 'M' 'M' 'M' 'M' 'M' 'M'
 'M' 'M' 'M' 'M' 'M' 'M' 'M' 'M' 'M' 'M' 'M' 'M' 'M' 'M' 'M' 'M' 'M' 'M'
 'M' 'M' 'M' 'M' 'M' 'M' 'M' 'M' 'M' 'M' 'M' 'M' 'M' 'M' 'M' 'M' 'M' 'U']"
42601,1,189,7,182,9,0,0,"['M' 'M' 'M' 'M' 'M' 'M' 'M' 'M' 'M' 'M' 'M' 'M' 'M' 'M' 'M' 'M' 'M' 'M'
 'M' 'M' 'M' 'M' 'M' 'U' 'M' 'M' 'M' 'M' 'M' 'M' 'M' 'M' 'M' 'M' 'M' 'M'
 'M' 'M' 'M' 'M' 'M' 'M' 'M' 'M' 'M' 'M' 'U' 'M' 'M' 'M' 'M' 'M' 'M' 'M'
 'M' 'M' 'M' 'M' 'M' 'M' 'M' 'M' 'M' 'M' 'M' 'M' 'M' 'M' 'M' 'M' 'M' 'M'
 'M' 'M' 'M' 'M' 'M' 'M' 'M' 'M' 'M' 'M' 'M' 'M' 'M' 'M' 'M' 'M' 'M' 'U'
 'M' 'M' 'M' 'M' 'M' 'M' 'M' 'M' 'M' 'M' 'M' 'M' 'M' 'M' 'M' 'M' 'M' 'M'
 'M' 'M' 'M' 'M' 'M' 'M' 'M' 'M' 'M' 'M' 'M' 'M' 'M' 'M' 'U' 'M' 'M' 'M'
 'M' 'M' 'M' 'M' 'A' 'U' 'A' 'A' 'A' 'A' 'U' 'A' 'A' 'M' 'M' 'M' 'M' 'M'
 'M' 'M' 'M' 'M' 'M' 'M' 'M' 'M' 'M' 'M' 'M' 'M' 'M' 'U' 'M' 'M' 'M' 'M'
 'M' 'M' 'M' 'M' 'M' 'M' 'M' 'M' 'M' 'M' 'M' 'M' 'M' 'M' 'M' 'M' 'M' 'M'
 'M' 'M' 'M' 'M' 'M' 'U' 'M' 'M' 'M' 'M' 'M' 'M' 'M' 'M' 'M' 'M' 'M' 'U']"
42701,1,190,9,181,8,0,0,"['M' 'M' 'M' 'M' 'M' 'M' 'M' 'M' 'M' 'M' 'M' 'M' 'M' 'M' 'M' 'M' 'M' 'M'
 'M' 'M' 'M' 'M' 'U' 'U' 'M' 'M' 'M' 'M' 'M' 'M' 'M' 'M' 'M' 'M' 'M' 'M'
 'M' 'M' 'M' 'M' 'M' 'M' 'M' 'M' 'M' 'M' 'U' 'M' 'M' 'M' 'M' 'M' 'M' 'M'
 'M' 'M' 'M' 'M' 'M' 'M' 'M' 'M' 'M' 'M' 'M' 'M' 'M' 'M' 'M' 'M' 'M' 'U'
 'M' 'M' 'M' 'M' 'M' 'M' 'M' 'M' 'M' 'M' 'M' 'M' 'M' 'M' 'M' 'M' 'M' 'M'
 'M' 'M' 'M' 'M' 'M' 'M' 'M' 'M' 'M' 'M' 'M' 'M' 'M' 'M' 'M' 'M' 'M' 'M'
 'M' 'M' 'M' 'M' 'M' 'M' 'M' 'M' 'M' 'M' 'M' 'M' 'M' 'M' 'M' 'M' 'M' 'M'
 'M' 'M' 'M' 'M' 'A' 'A' 'A' 'U' 'A' 'A' 'A' 'A' 'A' 'M' 'M' 'M' 'M' 'M'
 'M' 'M' 'M' 'A' 'M' 'M' 'M' 'M' 'M' 'M' 'M' 'M' 'M' 'U' 'M' 'M' 'M' 'M'
 'M' 'M' 'M' 'M' 'M' 'M' 'M' 'M' 'M' 'M' 'M' 'M' 'M' 'M' 'M' 'M' 'M' 'M'
 'M' 'M' 'M' 'M' 'M' 'U' 'M' 'M' 'M' 'M' 'M' 'M' 'M' 'M' 'M' 'M' 'M' 'U']"
42801,1,189,9,180,9,0,0,"['M' 'M' 'M' 'M' 'M' 'M' 'M' 'M' 'M' 'M' 'M' 'M' 'M' 'M' 'M' 'M' 'M' 'M'
 'M' 'M' 'M' 'M' 'U' 'M' 'M' 'M' 'M' 'M' 'M' 'M' 'M' 'M' 'M' 'M' 'M' 'M'
 'M' 'M' 'M' 'M' 'M' 'M' 'M' 'M' 'M' 'M' 'U' 'M' 'M' 'M' 'M' 'M' 'M' 'M'
 'M' 'M' 'M' 'M' 'M' 'M' 'M' 'M' 'M' 'M' 'M' 'M' 'M' 'M' 'M' 'M' 'M' 'M'
 'M' 'M' 'M' 'M' 'U' 'M' 'M' 'M' 'M' 'M' 'M' 'M' 'M' 'M' 'M' 'M' 'M' 'M'
 'M' 'M' 'M' 'M' 'M' 'M' 'M' 'M' 'M' 'M' 'M' 'M' 'M' 'M' 'M' 'M' 'M' 'M'
 'M' 'M' 'M' 'M' 'M' 'M' 'M' 'M' 'M' 'U' 'M' 'M' 'M' 'M' 'M' 'M' 'M' 'M'
 'M' 'M' 'M' 'M' 'A' 'A' 'A' 'A' 'A' 'A' 'U' 'A' 'A' 'M' 'M' 'M' 'M' 'M'
 'M' 'M' 'M' 'U' 'M' 'M' 'M' 'M' 'M' 'M' 'M' 'M' 'M' 'U' 'M' 'M' 'M' 'M'
 'M' 'M' 'M' 'M' 'M' 'M' 'M' 'M' 'M' 'M' 'M' 'M' 'M' 'M' 'M' 'M' 'M' 'U'
 'M' 'M' 'M' 'M' 'M' 'A' 'M' 'M' 'M' 'M' 'M' 'M' 'M' 'M' 'M' 'M' 'M' 'U']"
42901,1,190,10,180,8,0,0,"['M' 'M' 'M' 'M' 'M' 'M' 'M' 'M' 'M' 'M' 'M' 'M' 'M' 'M' 'M' 'M' 'M' 'M'
 'M' 'M' 'M' 'M' 'U' 'M' 'M' 'M' 'M' 'M' 'M' 'M' 'M' 'M' 'M' 'U' 'M' 'M'
 'M' 'M' 'M' 'M' 'M' 'M' 'M' 'M' 'M' 'M' 'M' 'M' 'M' 'M' 'M' 'M' 'M' 'M'
 'A' 'M' 'M' 'M' 'M' 'M' 'M' 'M' 'M' 'M' 'M' 'M' 'M' 'M' 'M' 'M' 'M' 'M'
 'M' 'M' 'M' 'M' 'M' 'M' 'M' 'M' 'M' 'M' 'M' 'M' 'M' 'M' 'M' 'M' 'M' 'M'
 'M' 'M' 'U' 'M' 'M' 'M' 'M' 'M' 'M' 'M' 'M' 'M' 'M' 'M' 'M' 'M' 'M' 'M'
 'M' 'M' 'M' 'M' 'M' 'M' 'M' 'M' 'M' 'U' 'U' 'M' 'M' 'M' 'M' 'M' 'M' 'M'
 'M' 'M' 'M' 'M' 'A' 'U' 'A' 'A' 'A' 'A' 'A' 'A' 'A' 'M' 'M' 'M' 'M' 'M'
 'M' 'M' 'M' 'M' 'M' 'M' 'M' 'M' 'M' 'M' 'M' 'M' 'M' 'M' 'M' 'M' 'M' 'M'
 'M' 'M' 'M' 'M' 'M' 'M' 'M' 'U' 'M' 'M' 'M' 'M' 'M' 'M' 'M' 'M' 'M' 'M'
 'M' 'M' 'M' 'M' 'M' 'A' 'M' 'M' 'M' 'M' 'M' 'M' 'M' 'M' 'M' 'M' 'M' 'U']"
43001,1,189,9,180,9,0,0,"['M' 'M' 'M' 'M' 'M' 'M' 'M' 'M' 'M' 'M' 'M' 'M' 'M' 'M' 'M' 'M' 'M' 'M'
 'M' 'M' 'M' 'M' 'U' 'M' 'M' 'M' 'M' 'M' 'M' 'M' 'M' 'M' 'M' 'U' 'M' 'M'
 'M' 'M' 'M' 'M' 'M' 'M' 'M' 'M' 'M' 'M' 'M' 'M' 'M' 'M' 'M' 'M' 'M' 'M'
 'M' 'M' 'M' 'M' 'M' 'M' 'M' 'M' 'M' 'M' 'M' 'M' 'M' 'M' 'M' 'M' 'M' 'M'
 'M' 'M' 'M' 'M' 'M' 'M' 'M' 'U' 'M' 'M' 'M' 'M' 'M' 'M' 'M' 'M' 'M' 'M'
 'M' 'M' 'M' 'M' 'M' 'M' 'M' 'M' 'M' 'M' 'M' 'M' 'M' 'M' 'M' 'M' 'M' 'M'
 'M' 'M' 'M' 'M' 'M' 'M' 'M' 'M' 'U' 'U' 'U' 'M' 'M' 'M' 'M' 'M' 'M' 'M'
 'M' 'M' 'M' 'M' 'A' 'A' 'A' 'U' 'A' 'A' 'A' 'A' 'A' 'M' 'M' 'M' 'M' 'M'
 'M' 'M' 'M' 'M' 'M' 'U' 'M' 'M' 'M' 'M' 'M' 'M' 'M' 'M' 'M' 'M' 'M' 'M'
 'M' 'M' 'M' 'M' 'M' 'M' 'M' 'M' 'M' 'M' 'M' 'M' 'M' 'M' 'M' 'M' 'M' 'M'
 'M' 'M' 'M' 'M' 'M' 'A' 'M' 'M' 'M' 'M' 'M' 'M' 'M' 'M' 'M' 'M' 'M' 'U']"
43101,1,188,7,181,10,0,0,"['M' 'M' 'M' 'M' 'M' 'M' 'M' 'M' 'M' 'M' 'M' 'M' 'M' 'M' 'M' 'M' 'M' 'M'
 'M' 'M' 'M' 'M' 'U' 'M' 'M' 'M' 'M' 'M' 'M' 'M' 'M' 'M' 'M' 'U' 'M' 'M'
 'M' 'M' 'M' 'M' 'M' 'M' 'M' 'M' 'M' 'M' 'M' 'M' 'M' 'M' 'M' 'M' 'M' 'M'
 'M' 'M' 'M' 'M' 'M' 'M' 'M' 'M' 'M' 'M' 'M' 'M' 'M' 'M' 'M' 'M' 'M' 'M'
 'M' 'M' 'M' 'M' 'U' 'M' 'M' 'M' 'M' 'M' 'M' 'M' 'M' 'M' 'M' 'M' 'M' 'M'
 'M' 'M' 'M' 'M' 'M' 'M' 'M' 'M' 'M' 'M' 'M' 'M' 'M' 'M' 'M' 'M' 'M' 'M'
 'M' 'M' 'M' 'M' 'M' 'U' 'M' 'M' 'M' 'M' 'U' 'M' 'M' 'M' 'M' 'M' 'M' 'M'
 'M' 'M' 'M' 'U' 'A' 'A' 'U' 'U' 'A' 'A' 'A' 'M' 'A' 'M' 'M' 'M' 'M' 'M'
 'M' 'M' 'M' 'M' 'M' 'U' 'M' 'M' 'M' 'M' 'M' 'M' 'M' 'M' 'M' 'M' 'M' 'M'
 'M' 'M' 'M' 'M' 'M' 'M' 'M' 'M' 'M' 'M' 'M' 'M' 'M' 'M' 'M' 'M' 'M' 'M'
 'M' 'M' 'M' 'M' 'M' 'A' 'M' 'M' 'M' 'M' 'M' 'M' 'M' 'M' 'M' 'M' 'M' 'U']"
43201,1,187,8,179,11,0,0,"['M' 'M' 'M' 'M' 'M' 'M' 'M' 'M' 'M' 'M' 'M' 'M' 'M' 'M' 'M' 'M' 'M' 'M'
 'M' 'M' 'M' 'M' 'U' 'M' 'M' 'M' 'M' 'M' 'U' 'M' 'M' 'M' 'M' 'U' 'M' 'M'
 'M' 'M' 'M' 'M' 'M' 'M' 'M' 'M' 'M' 'M' 'M' 'M' 'M' 'M' 'M' 'M' 'M' 'M'
 'M' 'M' 'M' 'M' 'M' 'M' 'M' 'M' 'M' 'M' 'M' 'M' 'M' 'M' 'M' 'M' 'M' 'M'
 'M' 'M' 'M' 'M' 'M' 'M' 'M' 'U' 'M' 'M' 'M' 'M' 'M' 'M' 'M' 'M' 'M' 'M'
 'M' 'M' 'M' 'M' 'M' 'M' 'M' 'M' 'M' 'M' 'M' 'M' 'M' 'M' 'M' 'M' 'M' 'M'
 'M' 'M' 'M' 'M' 'M' 'U' 'M' 'M' 'M' 'M' 'U' 'M' 'M' 'M' 'M' 'M' 'M' 'M'
 'M' 'M' 'M' 'M' 'A' 'U' 'A' 'A' 'A' 'A' 'A' 'U' 'A' 'M' 'M' 'M' 'M' 'M'
 'M' 'M' 'M' 'M' 'M' 'U' 'M' 'M' 'M' 'M' 'M' 'M' 'M' 'M' 'M' 'M' 'M' 'M'
 'M' 'M' 'M' 'M' 'M' 'M' 'M' 'M' 'M' 'M' 'M' 'M' 'M' 'M' 'M' 'M' 'M' 'M'
 'M' 'M' 'M' 'M' 'M' 'A' 'M' 'U' 'M' 'M' 'M' 'M' 'M' 'M' 'M' 'M' 'M' 'U']"
43301,1,186,5,181,12,0,0,"['M' 'M' 'M' 'M' 'M' 'M' 'M' 'M' 'M' 'M' 'M' 'M' 'M' 'M' 'M' 'M' 'M' 'M'
 'M' 'M' 'M' 'M' 'U' 'M' 'M' 'M' 'M' 'M' 'M' 'M' 'M' 'M' 'M' 'U' 'M' 'M'
 'M' 'M' 'M' 'M' 'M' 'M' 'M' 'M' 'M' 'M' 'M' 'M' 'M' 'M' 'M' 'M' 'M' 'M'
 'M' 'M' 'M' 'M' 'M' 'M' 'M' 'M' 'M' 'M' 'M' 'M' 'M' 'M' 'M' 'M' 'M' 'M'
 'M' 'M' 'M' 'M' 'M' 'M' 'M' 'M' 'M' 'M' 'M' 'M' 'M' 'M' 'U' 'M' 'M' 'M'
 'M' 'M' 'M' 'M' 'M' 'M' 'M' 'M' 'M' 'M' 'M' 'M' 'M' 'M' 'M' 'M' 'M' 'M'
 'M' 'M' 'M' 'M' 'M' 'U' 'M' 'M' 'M' 'M' 'U' 'M' 'M' 'M' 'M' 'M' 'M' 'M'
 'M' 'M' 'M' 'M' 'A' 'U' 'U' 'U' 'A' 'A' 'M' 'A' 'U' 'M' 'M' 'M' 'M' 'M'
 'M' 'M' 'M' 'M' 'M' 'U' 'M' 'M' 'M' 'M' 'M' 'M' 'M' 'M' 'M' 'M' 'M' 'M'
 'M' 'M' 'M' 'M' 'M' 'M' 'M' 'M' 'M' 'M' 'M' 'M' 'M' 'M' 'M' 'M' 'M' 'M'
 'M' 'M' 'M' 'M' 'M' 'A' 'M' 'U' 'M' 'M' 'M' 'M' 'M' 'M' 'M' 'M' 'M' 'U']"
43401,1,189,5,184,9,0,0,"['M' 'M' 'M' 'M' 'M' 'M' 'M' 'M' 'M' 'M' 'M' 'U' 'M' 'M' 'M' 'M' 'M' 'M'
 'M' 'M' 'M' 'M' 'M' 'M' 'M' 'M' 'M' 'M' 'M' 'M' 'M' 'M' 'M' 'U' 'M' 'M'
 'M' 'M' 'M' 'M' 'M' 'M' 'M' 'M' 'M' 'M' 'M' 'M' 'M' 'M' 'M' 'M' 'M' 'M'
 'M' 'M' 'M' 'M' 'M' 'M' 'M' 'M' 'M' 'M' 'M' 'M' 'M' 'M' 'M' 'M' 'M' 'M'
 'M' 'M' 'M' 'M' 'M' 'M' 'M' 'M' 'M' 'M' 'M' 'M' 'M' 'M' 'M' 'M' 'M' 'U'
 'M' 'M' 'M' 'M' 'M' 'M' 'M' 'M' 'M' 'M' 'M' 'M' 'M' 'M' 'M' 'M' 'M' 'M'
 'M' 'M' 'M' 'M' 'M' 'U' 'M' 'M' 'M' 'M' 'U' 'M' 'M' 'M' 'M' 'M' 'M' 'M'
 'M' 'M' 'M' 'M' 'A' 'U' 'M' 'U' 'A' 'A' 'M' 'A' 'U' 'M' 'M' 'M' 'M' 'M'
 'M' 'M' 'M' 'M' 'M' 'U' 'M' 'M' 'M' 'M' 'M' 'M' 'M' 'M' 'M' 'M' 'M' 'M'
 'M' 'M' 'M' 'M' 'M' 'M' 'M' 'M' 'M' 'M' 'M' 'M' 'M' 'M' 'M' 'M' 'M' 'M'
 'M' 'M' 'M' 'M' 'M' 'A' 'M' 'M' 'M' 'M' 'M' 'M' 'M' 'M' 'M' 'M' 'M' 'M']"
43501,1,186,4,182,12,0,0,"['M' 'M' 'M' 'M' 'U' 'M' 'M' 'M' 'M' 'M' 'M' 'U' 'M' 'M' 'M' 'M' 'M' 'M'
 'M' 'M' 'M' 'M' 'M' 'M' 'M' 'M' 'M' 'M' 'M' 'M' 'M' 'U' 'M' 'U' 'M' 'M'
 'M' 'M' 'M' 'M' 'M' 'M' 'M' 'M' 'M' 'M' 'M' 'M' 'M' 'M' 'M' 'M' 'M' 'M'
 'M' 'M' 'M' 'M' 'M' 'M' 'M' 'M' 'M' 'M' 'M' 'M' 'M' 'M' 'M' 'M' 'M' 'M'
 'M' 'M' 'M' 'M' 'M' 'U' 'M' 'M' 'M' 'M' 'M' 'M' 'M' 'M' 'M' 'M' 'M' 'M'
 'M' 'M' 'M' 'M' 'M' 'M' 'M' 'M' 'M' 'M' 'M' 'M' 'M' 'M' 'M' 'M' 'M' 'M'
 'M' 'M' 'M' 'M' 'M' 'U' 'M' 'M' 'M' 'M' 'U' 'M' 'M' 'M' 'M' 'M' 'M' 'M'
 'M' 'M' 'M' 'M' 'A' 'U' 'M' 'U' 'A' 'U' 'M' 'A' 'U' 'M' 'M' 'M' 'M' 'M'
 'M' 'M' 'M' 'M' 'M' 'U' 'M' 'M' 'M' 'M' 'M' 'M' 'M' 'M' 'M' 'M' 'M' 'M'
 'M' 'M' 'M' 'M' 'M' 'M' 'M' 'M' 'M' 'M' 'M' 'M' 'M' 'M' 'M' 'M' 'M' 'M'
 'M' 'M' 'M' 'M' 'M' 'A' 'M' 'M' 'M' 'M' 'M' 'M' 'M' 'M' 'M' 'M' 'M' 'M']"
43601,1,184,2,182,14,0,0,"['M' 'M' 'M' 'M' 'M' 'M' 'M' 'M' 'M' 'M' 'M' 'U' 'M' 'M' 'M' 'M' 'M' 'M'
 'M' 'M' 'M' 'M' 'M' 'M' 'M' 'M' 'M' 'M' 'M' 'M' 'M' 'U' 'M' 'U' 'M' 'M'
 'M' 'M' 'M' 'M' 'M' 'M' 'M' 'M' 'M' 'M' 'M' 'M' 'M' 'M' 'M' 'M' 'M' 'M'
 'M' 'M' 'M' 'M' 'M' 'M' 'M' 'M' 'M' 'M' 'M' 'M' 'M' 'M' 'M' 'M' 'M' 'M'
 'M' 'M' 'M' 'M' 'M' 'M' 'M' 'M' 'M' 'M' 'M' 'M' 'M' 'M' 'M' 'M' 'M' 'M'
 'M' 'M' 'U' 'M' 'M' 'M' 'M' 'M' 'M' 'M' 'M' 'M' 'M' 'M' 'U' 'M' 'M' 'M'
 'M' 'M' 'M' 'M' 'M' 'U' 'M' 'M' 'M' 'M' 'U' 'M' 'M' 'M' 'M' 'M' 'M' 'M'
 'M' 'M' 'M' 'M' 'A' 'U' 'M' 'U' 'U' 'U' 'M' 'U' 'U' 'M' 'M' 'M' 'M' 'M'
 'M' 'M' 'M' 'M' 'M' 'U' 'M' 'M' 'M' 'M' 'M' 'M' 'M' 'M' 'M' 'M' 'M' 'M'
 'M' 'M' 'M' 'M' 'M' 'M' 'M' 'M' 'M' 'M' 'M' 'M' 'M' 'M' 'M' 'M' 'M' 'M'
 'M' 'M' 'M' 'M' 'M' 'A' 'M' 'M' 'M' 'M' 'M' 'M' 'M' 'M' 'M' 'M' 'M' 'M']"
43701,2,190,7,183,8,0,0,"['M' 'M' 'M' 'M' 'M' 'M' 'M' 'M' 'M' 'M' 'M' 'M' 'M' 'M' 'M' 'M' 'M' 'M'
 'M' 'M' 'M' 'M' 'M' 'M' 'M' 'M' 'M' 'M' 'M' 'M' 'M' 'U' 'M' 'U' 'M' 'M'
 'M' 'M' 'M' 'M' 'M' 'M' 'M' 'M' 'M' 'M' 'M' 'M' 'M' 'M' 'M' 'M' 'M' 'M'
 'M' 'M' 'M' 'M' 'M' 'M' 'M' 'M' 'M' 'M' 'M' 'M' 'M' 'M' 'M' 'M' 'M' 'M'
 'M' 'M' 'M' 'M' 'M' 'M' 'M' 'M' 'M' 'M' 'M' 'M' 'M' 'M' 'M' 'M' 'U' 'M'
 'M' 'M' 'M' 'M' 'M' 'M' 'M' 'M' 'M' 'M' 'M' 'M' 'U' 'M' 'M' 'M' 'M' 'M'
 'M' 'M' 'M' 'M' 'M' 'U' 'M' 'M' 'M' 'M' 'M' 'M' 'M' 'M' 'M' 'M' 'M' 'M'
 'M' 'M' 'M' 'M' 'A' 'A' 'A' 'A' 'A' 'U' 'A' 'U' 'M' 'M' 'M' 'M' 'M' 'M'
 'M' 'M' 'M' 'M' 'M' 'M' 'M' 'M' 'M' 'M' 'M' 'M' 'M' 'M' 'M' 'M' 'M' 'M'
 'M' 'M' 'M' 'M' 'M' 'M' 'U' 'M' 'M' 'M' 'M' 'M' 'M' 'M' 'M' 'M' 'M' 'M'
 'M' 'M' 'M' 'M' 'M' 'A' 'M' 'M' 'M' 'M' 'M' 'M' 'M' 'M' 'M' 'M' 'M' 'M']"
43801,1,187,7,180,11,0,0,"['M' 'M' 'M' 'M' 'M' 'M' 'M' 'M' 'M' 'U' 'M' 'M' 'M' 'M' 'M' 'M' 'M' 'M'
 'M' 'M' 'M' 'M' 'M' 'M' 'M' 'M' 'M' 'M' 'M' 'M' 'M' 'U' 'M' 'U' 'M' 'M'
 'M' 'M' 'M' 'M' 'M' 'M' 'M' 'M' 'M' 'M' 'M' 'M' 'M' 'M' 'M' 'M' 'M' 'M'
 'M' 'M' 'M' 'M' 'M' 'M' 'M' 'M' 'M' 'M' 'M' 'M' 'M' 'M' 'M' 'M' 'M' 'M'
 'M' 'M' 'M' 'M' 'M' 'M' 'M' 'M' 'M' 'M' 'M' 'M' 'M' 'M' 'M' 'M' 'M' 'M'
 'M' 'M' 'M' 'U' 'M' 'M' 'M' 'M' 'M' 'M' 'M' 'M' 'U' 'M' 'M' 'M' 'M' 'M'
 'M' 'M' 'M' 'M' 'M' 'U' 'M' 'M' 'M' 'M' 'M' 'M' 'M' 'M' 'M' 'M' 'M' 'M'
 'M' 'M' 'M' 'M' 'A' 'A' 'A' 'A' 'U' 'A' 'A' 'U' 'U' 'M' 'M' 'M' 'M' 'M'
 'M' 'M' 'M' 'M' 'M' 'M' 'M' 'M' 'M' 'M' 'M' 'M' 'M' 'M' 'M' 'U' 'M' 'M'
 'M' 'M' 'M' 'M' 'M' 'M' 'M' 'U' 'M' 'M' 'M' 'M' 'M' 'M' 'M' 'M' 'M' 'M'
 'M' 'M' 'M' 'M' 'M' 'A' 'M' 'M' 'M' 'M' 'M' 'M' 'M' 'M' 'M' 'M' 'M' 'M']"
43901,1,191,5,186,7,0,0,"['M' 'M' 'M' 'M' 'M' 'M' 'M' 'M' 'M' 'M' 'M' 'M' 'M' 'M' 'M' 'M' 'M' 'M'
 'M' 'M' 'M' 'M' 'M' 'M' 'M' 'M' 'M' 'M' 'M' 'M' 'M' 'M' 'M' 'M' 'U' 'M'
 'M' 'M' 'M' 'M' 'M' 'M' 'M' 'M' 'M' 'M' 'M' 'M' 'M' 'M' 'M' 'M' 'M' 'M'
 'M' 'M' 'M' 'M' 'M' 'M' 'M' 'M' 'M' 'M' 'M' 'M' 'M' 'M' 'M' 'M' 'M' 'M'
 'M' 'M' 'M' 'M' 'M' 'M' 'M' 'M' 'M' 'M' 'M' 'M' 'U' 'M' 'M' 'M' 'M' 'M'
 'M' 'M' 'M' 'M' 'M' 'M' 'M' 'M' 'M' 'M' 'M' 'M' 'U' 'M' 'M' 'M' 'M' 'M'
 'M' 'M' 'M' 'M' 'M' 'M' 'M' 'M' 'M' 'M' 'M' 'M' 'M' 'M' 'M' 'M' 'M' 'M'
 'M' 'M' 'M' 'M' 'A' 'M' 'A' 'A' 'U' 'A' 'U' 'U' 'U' 'M' 'M' 'M' 'M' 'M'
 'M' 'M' 'M' 'M' 'M' 'M' 'M' 'M' 'M' 'M' 'M' 'M' 'M' 'M' 'M' 'M' 'M' 'M'
 'M' 'M' 'M' 'M' 'M' 'M' 'M' 'M' 'M' 'M' 'M' 'M' 'M' 'M' 'M' 'M' 'M' 'M'
 'M' 'M' 'M' 'M' 'M' 'A' 'M' 'M' 'M' 'M' 'M' 'M' 'M' 'M' 'M' 'M' 'M' 'M']"
44001,1,190,6,184,8,0,0,"['M' 'M' 'M' 'M' 'M' 'M' 'M' 'M' 'M' 'M' 'M' 'M' 'M' 'M' 'M' 'M' 'M' 'M'
 'M' 'M' 'M' 'M' 'M' 'M' 'M' 'M' 'M' 'M' 'M' 'M' 'M' 'U' 'M' 'M' 'M' 'M'
 'M' 'M' 'M' 'M' 'M' 'M' 'M' 'M' 'M' 'M' 'M' 'M' 'U' 'M' 'M' 'M' 'M' 'M'
 'M' 'M' 'M' 'M' 'M' 'M' 'M' 'M' 'M' 'M' 'M' 'M' 'M' 'M' 'M' 'M' 'M' 'M'
 'M' 'M' 'M' 'M' 'M' 'M' 'M' 'M' 'M' 'M' 'M' 'M' 'M' 'M' 'M' 'U' 'M' 'M'
 'M' 'M' 'M' 'M' 'M' 'M' 'M' 'M' 'M' 'M' 'M' 'M' 'M' 'M' 'M' 'M' 'M' 'M'
 'M' 'M' 'M' 'M' 'M' 'M' 'M' 'M' 'M' 'M' 'M' 'M' 'M' 'M' 'M' 'M' 'M' 'M'
 'M' 'M' 'M' 'M' 'A' 'A' 'M' 'U' 'A' 'A' 'A' 'A' 'U' 'M' 'M' 'M' 'M' 'M'
 'M' 'M' 'M' 'M' 'M' 'M' 'M' 'M' 'M' 'M' 'M' 'M' 'M' 'M' 'M' 'M' 'M' 'M'
 'M' 'M' 'M' 'M' 'M' 'M' 'M' 'M' 'M' 'M' 'M' 'M' 'M' 'M' 'U' 'M' 'M' 'M'
 'M' 'M' 'M' 'M' 'M' 'U' 'M' 'M' 'M' 'M' 'M' 'M' 'M' 'M' 'M' 'M' 'M' 'U']"
44101,1,190,6,184,8,0,0,"['M' 'M' 'M' 'M' 'M' 'M' 'M' 'M' 'M' 'M' 'M' 'M' 'M' 'M' 'M' 'M' 'M' 'M'
 'M' 'M' 'M' 'M' 'M' 'M' 'M' 'M' 'M' 'M' 'M' 'M' 'M' 'M' 'M' 'M' 'M' 'M'
 'M' 'M' 'M' 'M' 'M' 'M' 'M' 'M' 'U' 'M' 'M' 'M' 'U' 'M' 'M' 'M' 'M' 'M'
 'M' 'M' 'M' 'M' 'M' 'M' 'M' 'M' 'M' 'M' 'M' 'M' 'M' 'M' 'M' 'U' 'M' 'M'
 'M' 'M' 'M' 'M' 'M' 'M' 'M' 'M' 'M' 'M' 'M' 'M' 'M' 'M' 'M' 'M' 'M' 'M'
 'M' 'M' 'M' 'M' 'M' 'M' 'M' 'M' 'M' 'M' 'M' 'M' 'M' 'M' 'M' 'M' 'M' 'M'
 'M' 'M' 'M' 'M' 'M' 'M' 'M' 'M' 'M' 'M' 'M' 'M' 'M' 'M' 'M' 'M' 'M' 'M'
 'M' 'M' 'M' 'M' 'A' 'A' 'M' 'U' 'A' 'A' 'A' 'A' 'U' 'M' 'M' 'M' 'M' 'M'
 'M' 'U' 'M' 'M' 'M' 'M' 'M' 'M' 'M' 'M' 'M' 'M' 'M' 'M' 'M' 'M' 'M' 'M'
 'M' 'M' 'M' 'M' 'M' 'M' 'M' 'M' 'M' 'M' 'M' 'M' 'M' 'M' 'U' 'M' 'M' 'M'
 'M' 'M' 'M' 'M' 'M' 'U' 'M' 'M' 'M' 'M' 'M' 'M' 'M' 'M' 'M' 'M' 'M' 'M']"
44201,1,187,7,180,11,0,0,"['M' 'M' 'M' 'M' 'M' 'M' 'M' 'M' 'M' 'M' 'M' 'M' 'M' 'M' 'M' 'M' 'M' 'M'
 'M' 'M' 'M' 'M' 'M' 'M' 'M' 'M' 'M' 'M' 'M' 'M' 'M' 'M' 'U' 'M' 'M' 'M'
 'M' 'M' 'M' 'M' 'M' 'M' 'M' 'M' 'U' 'U' 'M' 'M' 'U' 'M' 'M' 'M' 'M' 'M'
 'M' 'M' 'M' 'M' 'M' 'M' 'M' 'M' 'M' 'M' 'M' 'M' 'M' 'M' 'M' 'M' 'M' 'M'
 'M' 'M' 'M' 'M' 'M' 'U' 'M' 'M' 'M' 'M' 'M' 'M' 'M' 'M' 'M' 'M' 'M' 'M'
 'M' 'M' 'M' 'M' 'M' 'U' 'M' 'M' 'M' 'M' 'M' 'M' 'U' 'M' 'M' 'M' 'M' 'M'
 'M' 'M' 'M' 'M' 'U' 'M' 'M' 'M' 'M' 'M' 'M' 'M' 'M' 'M' 'M' 'M' 'M' 'M'
 'M' 'M' 'M' 'M' 'A' 'A' 'U' 'A' 'A' 'U' 'A' 'A' 'A' 'M' 'M' 'M' 'M' 'M'
 'M' 'M' 'M' 'M' 'M' 'M' 'M' 'M' 'M' 'M' 'M' 'M' 'M' 'M' 'M' 'M' 'M' 'M'
 'M' 'M' 'M' 'M' 'M' 'M' 'M' 'M' 'M' 'M' 'M' 'M' 'M' 'M' 'M' 'U' 'M' 'M'
 'M' 'M' 'M' 'M' 'M' 'M' 'M' 'M' 'M' 'M' 'M' 'M' 'M' 'M' 'M' 'M' 'M' 'M']"
44301,1,188,6,182,10,0,1,"['M' 'M' 'M' 'M' 'M' 'M' 'M' 'M' 'M' 'M' 'M' 'M' 'M' 'M' 'M' 'M' 'M' 'M'
 'M' 'M' 'M' 'M' 'M' 'M' 'M' 'M' 'M' 'M' 'M' 'M' 'M' 'M' 'U' 'M' 'M' 'M'
 'M' 'M' 'M' 'M' 'M' 'M' 'M' 'M' 'M' 'U' 'M' 'M' 'M' 'M' 'M' 'M' 'M' 'M'
 'M' 'M' 'M' 'M' 'M' 'M' 'M' 'M' 'M' 'M' 'M' 'M' 'M' 'M' 'M' 'M' 'M' 'M'
 'M' 'M' 'M' 'M' 'M' 'M' 'U' 'M' 'M' 'M' 'M' 'M' 'M' 'M' 'M' 'M' 'M' 'M'
 'M' 'M' 'M' 'M' 'M' 'U' 'M' 'M' 'M' 'M' 'M' 'M' 'M' 'M' 'M' 'M' 'M' 'M'
 'M' 'M' 'M' 'M' 'U' 'M' 'M' 'M' 'U' 'M' 'M' 'M' 'M' 'M' 'M' 'M' 'M' 'M'
 'M' 'M' 'M' 'M' 'A' 'U' 'A' 'A' 'A' 'A' 'U' 'A' 'U' 'M' 'M' 'M' 'M' 'M'
 'M' 'M' 'M' 'M' 'M' 'M' 'M' 'M' 'M' 'M' 'M' 'M' 'M' 'M' 'M' 'M' 'M' 'M'
 'M' 'M' 'M' 'M' 'M' 'M' 'M' 'M' 'M' 'M' 'M' 'M' 'M' 'M' 'M' 'U' 'M' 'M'
 'M' 'M' 'M' 'M' 'M' 'M' 'M' 'M' 'M' 'M' 'M' 'M' 'M' 'M' 'M' 'M' 'M' 'M']"
44401,1,189,5,184,9,0,0,"['M' 'M' 'M' 'M' 'M' 'M' 'M' 'M' 'M' 'M' 'M' 'M' 'M' 'M' 'M' 'M' 'M' 'M'
 'M' 'M' 'M' 'M' 'M' 'M' 'M' 'M' 'M' 'M' 'M' 'M' 'M' 'M' 'M' 'M' 'M' 'M'
 'M' 'M' 'M' 'M' 'M' 'M' 'M' 'M' 'M' 'M' 'M' 'M' 'M' 'M' 'M' 'M' 'M' 'M'
 'M' 'M' 'M' 'M' 'M' 'M' 'M' 'M' 'M' 'M' 'M' 'M' 'M' 'M' 'M' 'M' 'M' 'M'
 'M' 'M' 'U' 'M' 'M' 'M' 'M' 'M' 'M' 'M' 'M' 'M' 'M' 'M' 'M' 'M' 'M' 'M'
 'M' 'M' 'M' 'M' 'M' 'U' 'M' 'M' 'M' 'M' 'M' 'M' 'M' 'M' 'M' 'M' 'M' 'M'
 'M' 'M' 'M' 'M' 'M' 'M' 'M' 'M' 'U' 'M' 'M' 'M' 'M' 'M' 'M' 'M' 'M' 'M'
 'M' 'M' 'M' 'M' 'A' 'M' 'U' 'A' 'A' 'A' 'U' 'U' 'M' 'M' 'M' 'M' 'M' 'M'
 'M' 'M' 'M' 'M' 'M' 'M' 'M' 'M' 'U' 'M' 'M' 'M' 'M' 'M' 'U' 'M' 'M' 'M'
 'M' 'M' 'M' 'M' 'M' 'M' 'M' 'M' 'M' 'M' 'M' 'M' 'M' 'M' 'M' 'U' 'M' 'A'
 'M' 'M' 'M' 'M' 'M' 'M' 'M' 'M' 'M' 'M' 'M' 'M' 'M' 'M' 'M' 'M' 'M' 'M']"
44501,1,183,3,180,15,0,0,"['M' 'M' 'M' 'M' 'M' 'M' 'M' 'M' 'M' 'M' 'M' 'M' 'M' 'M' 'M' 'M' 'M' 'M'
 'M' 'M' 'M' 'M' 'M' 'U' 'M' 'M' 'M' 'M' 'M' 'M' 'M' 'M' 'M' 'M' 'M' 'M'
 'M' 'M' 'M' 'M' 'M' 'M' 'M' 'M' 'M' 'M' 'M' 'M' 'U' 'M' 'M' 'M' 'M' 'U'
 'M' 'M' 'M' 'M' 'M' 'M' 'M' 'M' 'M' 'M' 'U' 'M' 'M' 'U' 'M' 'M' 'M' 'M'
 'M' 'M' 'M' 'M' 'M' 'M' 'M' 'M' 'M' 'M' 'M' 'M' 'M' 'M' 'M' 'M' 'M' 'M'
 'M' 'M' 'M' 'M' 'M' 'M' 'M' 'M' 'M' 'M' 'M' 'M' 'M' 'M' 'M' 'M' 'M' 'M'
 'M' 'M' 'M' 'M' 'M' 'M' 'M' 'M' 'M' 'M' 'M' 'M' 'M' 'M' 'M' 'M' 'M' 'M'
 'M' 'M' 'M' 'M' 'A' 'M' 'U' 'U' 'U' 'A' 'U' 'U' 'M' 'M' 'M' 'U' 'M' 'M'
 'M' 'U' 'M' 'M' 'M' 'M' 'M' 'M' 'U' 'M' 'M' 'M' 'M' 'M' 'U' 'M' 'M' 'M'
 'M' 'M' 'M' 'M' 'M' 'M' 'M' 'M' 'M' 'M' 'M' 'M' 'M' 'M' 'M' 'M' 'M' 'A'
 'M' 'M' 'M' 'M' 'M' 'M' 'M' 'M' 'M' 'M' 'M' 'M' 'U' 'M' 'M' 'M' 'M' 'M']"
44601,1,185,3,182,13,0,0,"['M' 'M' 'M' 'M' 'M' 'M' 'M' 'M' 'M' 'M' 'M' 'M' 'M' 'M' 'M' 'M' 'M' 'M'
 'M' 'M' 'M' 'M' 'M' 'U' 'M' 'M' 'M' 'M' 'M' 'M' 'M' 'M' 'M' 'M' 'M' 'M'
 'M' 'M' 'M' 'M' 'M' 'M' 'M' 'M' 'M' 'M' 'M' 'M' 'M' 'M' 'M' 'M' 'M' 'M'
 'M' 'M' 'M' 'M' 'M' 'M' 'M' 'M' 'M' 'M' 'M' 'M' 'M' 'M' 'M' 'M' 'M' 'M'
 'M' 'M' 'M' 'M' 'M' 'M' 'M' 'U' 'M' 'M' 'M' 'M' 'M' 'M' 'M' 'M' 'M' 'M'
 'M' 'M' 'M' 'M' 'M' 'M' 'M' 'M' 'M' 'M' 'U' 'M' 'M' 'M' 'M' 'M' 'M' 'M'
 'M' 'M' 'M' 'M' 'M' 'M' 'M' 'M' 'M' 'U' 'M' 'M' 'M' 'M' 'M' 'M' 'M' 'M'
 'M' 'M' 'M' 'M' 'A' 'M' 'M' 'M' 'U' 'A' 'M' 'U' 'M' 'M' 'M' 'M' 'M' 'M'
 'M' 'U' 'M' 'M' 'M' 'M' 'M' 'M' 'U' 'M' 'M' 'M' 'M' 'M' 'U' 'M' 'M' 'M'
 'M' 'M' 'M' 'M' 'M' 'M' 'M' 'M' 'M' 'M' 'M' 'M' 'M' 'M' 'M' 'M' 'M' 'A'
 'M' 'M' 'U' 'M' 'M' 'M' 'M' 'U' 'M' 'M' 'M' 'M' 'U' 'M' 'M' 'M' 'U' 'M']"
44701,1,188,3,185,10,0,0,"['M' 'M' 'M' 'M' 'M' 'M' 'M' 'M' 'M' 'M' 'M' 'M' 'M' 'M' 'M' 'M' 'M' 'M'
 'M' 'M' 'M' 'M' 'M' 'M' 'M' 'M' 'M' 'M' 'M' 'M' 'M' 'M' 'M' 'M' 'M' 'M'
 'M' 'M' 'M' 'M' 'M' 'M' 'M' 'M' 'M' 'M' 'M' 'M' 'M' 'M' 'M' 'M' 'M' 'M'
 'U' 'M' 'M' 'M' 'M' 'M' 'M' 'M' 'M' 'M' 'M' 'M' 'M' 'M' 'M' 'M' 'M' 'M'
 'M' 'M' 'M' 'M' 'M' 'M' 'M' 'M' 'M' 'M' 'M' 'M' 'M' 'M' 'U' 'M' 'M' 'M'
 'M' 'M' 'M' 'M' 'M' 'M' 'M' 'M' 'M' 'M' 'U' 'M' 'M' 'M' 'M' 'M' 'M' 'M'
 'M' 'M' 'M' 'M' 'M' 'M' 'M' 'M' 'M' 'U' 'M' 'M' 'M' 'M' 'M' 'M' 'M' 'M'
 'M' 'M' 'M' 'M' 'A' 'M' 'M' 'M' 'U' 'A' 'M' 'U' 'M' 'M' 'M' 'M' 'M' 'M'
 'M' 'U' 'M' 'M' 'M' 'M' 'M' 'M' 'M' 'M' 'M' 'M' 'M' 'M' 'U' 'M' 'M' 'M'
 'M' 'M' 'M' 'M' 'M' 'M' 'M' 'M' 'M' 'M' 'M' 'M' 'M' 'M' 'M' 'M' 'M' 'A'
 'M' 'M' 'M' 'M' 'M' 'M' 'M' 'U' 'M' 'M' 'M' 'M' 'M' 'M' 'M' 'M' 'U' 'M']"
44801,2,189,7,182,9,0,0,"['M' 'M' 'M' 'M' 'M' 'M' 'M' 'M' 'M' 'M' 'M' 'M' 'M' 'M' 'M' 'M' 'M' 'M'
 'M' 'M' 'M' 'M' 'M' 'M' 'M' 'M' 'M' 'M' 'M' 'M' 'M' 'M' 'M' 'M' 'M' 'M'
 'M' 'M' 'M' 'M' 'M' 'M' 'U' 'M' 'M' 'M' 'M' 'M' 'M' 'M' 'M' 'M' 'M' 'M'
 'U' 'M' 'M' 'M' 'M' 'M' 'M' 'M' 'M' 'M' 'M' 'M' 'U' 'M' 'M' 'M' 'M' 'M'
 'M' 'M' 'M' 'M' 'M' 'M' 'M' 'M' 'M' 'M' 'M' 'M' 'M' 'M' 'M' 'M' 'M' 'M'
 'M' 'M' 'M' 'M' 'M' 'M' 'M' 'M' 'M' 'M' 'U' 'M' 'M' 'M' 'M' 'M' 'M' 'M'
 'M' 'M' 'M' 'M' 'M' 'M' 'M' 'M' 'M' 'M' 'M' 'M' 'M' 'M' 'M' 'M' 'M' 'M'
 'M' 'M' 'M' 'M' 'A' 'A' 'A' 'A' 'A' 'A' 'U' 'A' 'M' 'M' 'M' 'M' 'M' 'M'
 'M' 'U' 'M' 'M' 'M' 'M' 'M' 'M' 'M' 'M' 'M' 'M' 'M' 'M' 'U' 'M' 'M' 'M'
 'M' 'M' 'M' 'M' 'M' 'M' 'M' 'M' 'M' 'M' 'M' 'M' 'M' 'M' 'M' 'M' 'M' 'U'
 'M' 'M' 'M' 'M' 'M' 'M' 'M' 'U' 'M' 'M' 'M' 'M' 'M' 'M' 'M' 'M' 'M' 'M']"
44901,1,188,10,178,10,0,0,"['M' 'M' 'M' 'M' 'M' 'M' 'M' 'M' 'M' 'M' 'M' 'M' 'M' 'M' 'M' 'M' 'M' 'M'
 'M' 'M' 'M' 'M' 'M' 'U' 'M' 'M' 'M' 'M' 'M' 'M' 'M' 'M' 'M' 'M' 'M' 'M'
 'M' 'M' 'M' 'M' 'M' 'M' 'M' 'M' 'M' 'M' 'M' 'M' 'M' 'M' 'M' 'M' 'M' 'M'
 'M' 'M' 'M' 'M' 'M' 'M' 'M' 'M' 'M' 'M' 'M' 'M' 'M' 'M' 'M' 'M' 'M' 'M'
 'M' 'M' 'M' 'M' 'M' 'M' 'M' 'M' 'M' 'U' 'M' 'M' 'M' 'M' 'M' 'M' 'M' 'M'
 'M' 'M' 'M' 'M' 'M' 'M' 'M' 'M' 'M' 'M' 'U' 'M' 'M' 'M' 'M' 'M' 'M' 'M'
 'M' 'M' 'M' 'M' 'M' 'M' 'M' 'M' 'M' 'M' 'M' 'M' 'M' 'U' 'M' 'M' 'M' 'M'
 'M' 'M' 'M' 'M' 'A' 'A' 'A' 'A' 'A' 'A' 'A' 'A' 'A' 'M' 'M' 'M' 'M' 'M'
 'M' 'U' 'M' 'M' 'M' 'U' 'M' 'M' 'M' 'M' 'M' 'M' 'U' 'M' 'A' 'M' 'M' 'M'
 'M' 'M' 'M' 'M' 'M' 'M' 'M' 'M' 'M' 'M' 'M' 'M' 'M' 'M' 'M' 'M' 'M' 'U'
 'M' 'M' 'M' 'M' 'M' 'M' 'M' 'U' 'U' 'M' 'M' 'M' 'M' 'M' 'M' 'M' 'M' 'M']"
45001,1,188,8,180,10,0,0,"['M' 'M' 'M' 'M' 'M' 'M' 'M' 'M' 'M' 'M' 'M' 'M' 'M' 'M' 'M' 'M' 'M' 'M'
 'M' 'M' 'M' 'M' 'M' 'U' 'M' 'M' 'M' 'M' 'M' 'M' 'M' 'M' 'M' 'M' 'M' 'M'
 'M' 'M' 'M' 'M' 'M' 'M' 'M' 'M' 'M' 'M' 'M' 'M' 'M' 'M' 'M' 'M' 'M' 'M'
 'M' 'M' 'M' 'M' 'M' 'M' 'M' 'M' 'M' 'M' 'M' 'M' 'M' 'M' 'U' 'M' 'M' 'M'
 'M' 'M' 'M' 'M' 'M' 'M' 'M' 'M' 'M' 'M' 'M' 'M' 'M' 'M' 'M' 'M' 'M' 'M'
 'M' 'M' 'M' 'M' 'M' 'M' 'M' 'M' 'M' 'M' 'U' 'M' 'M' 'M' 'M' 'M' 'M' 'M'
 'M' 'M' 'M' 'M' 'M' 'M' 'M' 'M' 'M' 'M' 'M' 'M' 'M' 'U' 'M' 'M' 'M' 'M'
 'M' 'M' 'M' 'M' 'A' 'A' 'A' 'U' 'A' 'A' 'A' 'A' 'A' 'M' 'M' 'M' 'M' 'M'
 'M' 'M' 'M' 'M' 'M' 'M' 'M' 'M' 'M' 'M' 'M' 'M' 'U' 'M' 'U' 'M' 'M' 'M'
 'M' 'M' 'M' 'M' 'M' 'M' 'M' 'M' 'M' 'M' 'M' 'M' 'M' 'M' 'M' 'M' 'M' 'U'
 'M' 'M' 'M' 'M' 'M' 'M' 'M' 'U' 'U' 'M' 'M' 'M' 'M' 'M' 'M' 'M' 'M' 'M']"
45101,2,196,8,188,2,0,0,"['M' 'M' 'M' 'M' 'M' 'M' 'M' 'M' 'M' 'M' 'M' 'M' 'M' 'M' 'M' 'M' 'M' 'M'
 'M' 'M' 'M' 'M' 'M' 'M' 'M' 'M' 'M' 'M' 'M' 'M' 'M' 'M' 'M' 'M' 'M' 'M'
 'M' 'M' 'M' 'M' 'M' 'M' 'M' 'M' 'M' 'M' 'M' 'M' 'M' 'M' 'M' 'M' 'M' 'M'
 'M' 'M' 'M' 'M' 'M' 'M' 'M' 'M' 'M' 'M' 'M' 'M' 'M' 'M' 'M' 'M' 'M' 'M'
 'M' 'M' 'M' 'M' 'M' 'M' 'M' 'M' 'M' 'M' 'M' 'M' 'M' 'M' 'M' 'M' 'M' 'U'
 'M' 'M' 'M' 'M' 'M' 'M' 'M' 'M' 'M' 'M' 'U' 'M' 'M' 'M' 'M' 'M' 'M' 'M'
 'M' 'M' 'M' 'M' 'M' 'M' 'M' 'M' 'M' 'M' 'M' 'M' 'M' 'M' 'M' 'M' 'M' 'M'
 'M' 'M' 'M' 'M' 'A' 'M' 'A' 'A' 'A' 'A' 'A' 'A' 'A' 'M' 'M' 'M' 'M' 'M'
 'M' 'M' 'M' 'M' 'M' 'M' 'M' 'M' 'M' 'M' 'M' 'M' 'M' 'M' 'M' 'M' 'M' 'M'
 'M' 'M' 'M' 'M' 'M' 'M' 'M' 'M' 'M' 'M' 'M' 'M' 'M' 'M' 'M' 'M' 'M' 'M'
 'M' 'M' 'M' 'M' 'M' 'M' 'M' 'M' 'M' 'M' 'M' 'M' 'M' 'M' 'M' 'M' 'M' 'M']"
45201,1,191,7,184,7,0,0,"['M' 'M' 'M' 'M' 'M' 'M' 'M' 'M' 'M' 'M' 'M' 'M' 'M' 'M' 'M' 'M' 'M' 'M'
 'M' 'M' 'M' 'U' 'M' 'M' 'M' 'M' 'M' 'M' 'M' 'M' 'M' 'M' 'M' 'M' 'M' 'M'
 'M' 'M' 'M' 'M' 'M' 'M' 'M' 'M' 'M' 'M' 'M' 'M' 'M' 'M' 'M' 'M' 'M' 'M'
 'M' 'M' 'U' 'M' 'M' 'M' 'M' 'M' 'M' 'M' 'M' 'M' 'M' 'M' 'M' 'M' 'M' 'M'
 'M' 'M' 'M' 'M' 'M' 'M' 'M' 'M' 'M' 'M' 'M' 'M' 'M' 'M' 'M' 'M' 'M' 'M'
 'M' 'M' 'M' 'U' 'M' 'M' 'M' 'M' 'M' 'M' 'U' 'M' 'M' 'M' 'M' 'M' 'M' 'M'
 'M' 'M' 'M' 'M' 'M' 'M' 'M' 'M' 'M' 'M' 'M' 'U' 'M' 'M' 'M' 'M' 'M' 'M'
 'M' 'M' 'M' 'M' 'A' 'M' 'U' 'A' 'A' 'A' 'A' 'A' 'A' 'M' 'M' 'M' 'M' 'M'
 'M' 'M' 'M' 'M' 'M' 'M' 'M' 'M' 'M' 'M' 'M' 'M' 'M' 'M' 'M' 'M' 'M' 'M'
 'M' 'M' 'M' 'M' 'M' 'M' 'M' 'M' 'M' 'M' 'M' 'M' 'M' 'M' 'U' 'M' 'M' 'M'
 'M' 'M' 'M' 'M' 'M' 'M' 'M' 'M' 'M' 'M' 'M' 'M' 'M' 'M' 'M' 'M' 'M' 'M']"
45301,1,192,3,189,6,0,0,"['M' 'M' 'M' 'M' 'M' 'M' 'M' 'M' 'M' 'M' 'M' 'M' 'M' 'M' 'M' 'M' 'M' 'M'
 'M' 'M' 'M' 'M' 'M' 'M' 'M' 'M' 'M' 'M' 'M' 'M' 'M' 'M' 'M' 'M' 'M' 'M'
 'M' 'M' 'M' 'M' 'M' 'M' 'M' 'M' 'M' 'M' 'M' 'M' 'M' 'M' 'M' 'M' 'M' 'M'
 'M' 'M' 'U' 'M' 'M' 'M' 'M' 'M' 'M' 'M' 'M' 'M' 'M' 'M' 'M' 'M' 'M' 'M'
 'M' 'M' 'M' 'M' 'M' 'M' 'M' 'M' 'M' 'M' 'M' 'M' 'M' 'M' 'M' 'M' 'M' 'M'
 'M' 'M' 'M' 'U' 'M' 'M' 'M' 'M' 'M' 'M' 'M' 'M' 'M' 'M' 'M' 'M' 'M' 'M'
 'M' 'M' 'M' 'M' 'M' 'M' 'M' 'M' 'M' 'M' 'M' 'M' 'M' 'M' 'M' 'M' 'M' 'M'
 'M' 'M' 'M' 'M' 'A' 'M' 'M' 'U' 'U' 'M' 'A' 'U' 'A' 'M' 'M' 'M' 'M' 'M'
 'M' 'M' 'M' 'M' 'M' 'M' 'M' 'M' 'M' 'M' 'M' 'M' 'M' 'M' 'M' 'M' 'M' 'M'
 'M' 'M' 'M' 'M' 'M' 'M' 'M' 'M' 'M' 'M' 'M' 'M' 'M' 'M' 'M' 'M' 'M' 'M'
 'U' 'M' 'M' 'M' 'M' 'M' 'M' 'M' 'M' 'M' 'M' 'M' 'M' 'M' 'M' 'M' 'M' 'M']"
45401,1,192,1,191,6,0,0,"['M' 'M' 'M' 'M' 'M' 'M' 'M' 'M' 'M' 'M' 'M' 'M' 'M' 'M' 'M' 'M' 'M' 'M'
 'M' 'M' 'M' 'M' 'M' 'M' 'M' 'M' 'M' 'M' 'M' 'M' 'M' 'M' 'M' 'M' 'M' 'M'
 'M' 'M' 'M' 'M' 'M' 'M' 'M' 'M' 'M' 'M' 'M' 'M' 'M' 'M' 'M' 'M' 'M' 'M'
 'M' 'M' 'M' 'M' 'M' 'M' 'M' 'M' 'M' 'M' 'M' 'M' 'M' 'M' 'M' 'M' 'M' 'M'
 'M' 'M' 'M' 'M' 'M' 'M' 'M' 'M' 'M' 'M' 'M' 'M' 'M' 'M' 'U' 'M' 'M' 'M'
 'M' 'M' 'M' 'M' 'M' 'M' 'M' 'M' 'M' 'M' 'M' 'M' 'M' 'M' 'M' 'M' 'M' 'M'
 'M' 'M' 'M' 'M' 'M' 'M' 'M' 'M' 'M' 'M' 'M' 'M' 'M' 'M' 'M' 'M' 'M' 'M'
 'M' 'M' 'M' 'M' 'A' 'M' 'M' 'U' 'U' 'M' 'U' 'U' 'U' 'M' 'M' 'M' 'M' 'M'
 'M' 'M' 'M' 'M' 'M' 'M' 'M' 'M' 'M' 'M' 'M' 'M' 'M' 'M' 'M' 'M' 'M' 'M'
 'M' 'M' 'M' 'M' 'M' 'M' 'M' 'M' 'M' 'M' 'M' 'M' 'M' 'M' 'M' 'M' 'M' 'M'
 'M' 'M' 'M' 'M' 'M' 'M' 'M' 'M' 'M' 'M' 'M' 'M' 'M' 'M' 'M' 'M' 'M' 'M']"
45501,1,194,7,187,4,0,0,"['M' 'M' 'M' 'M' 'M' 'M' 'M' 'M' 'M' 'M' 'M' 'M' 'M' 'M' 'M' 'M' 'M' 'M'
 'M' 'M' 'M' 'M' 'U' 'M' 'M' 'M' 'M' 'M' 'M' 'M' 'M' 'M' 'M' 'M' 'M' 'M'
 'M' 'M' 'M' 'M' 'M' 'M' 'M' 'M' 'M' 'M' 'M' 'M' 'M' 'M' 'M' 'M' 'M' 'M'
 'U' 'M' 'M' 'M' 'M' 'M' 'M' 'M' 'M' 'M' 'M' 'M' 'M' 'M' 'M' 'M' 'M' 'M'
 'M' 'M' 'M' 'M' 'M' 'M' 'M' 'M' 'M' 'M' 'M' 'M' 'M' 'M' 'M' 'M' 'U' 'M'
 'M' 'M' 'M' 'M' 'M' 'M' 'M' 'M' 'M' 'M' 'M' 'M' 'M' 'M' 'M' 'M' 'M' 'M'
 'M' 'M' 'M' 'M' 'M' 'M' 'M' 'M' 'M' 'M' 'M' 'M' 'M' 'M' 'M' 'M' 'M' 'M'
 'M' 'M' 'M' 'M' 'A' 'A' 'A' 'A' 'U' 'M' 'A' 'A' 'A' 'M' 'M' 'M' 'M' 'M'
 'M' 'M' 'M' 'M' 'M' 'M' 'M' 'M' 'M' 'M' 'M' 'M' 'M' 'M' 'M' 'M' 'M' 'M'
 'M' 'M' 'M' 'M' 'M' 'M' 'M' 'M' 'M' 'M' 'M' 'M' 'M' 'M' 'M' 'M' 'M' 'M'
 'M' 'M' 'M' 'M' 'M' 'M' 'M' 'M' 'M' 'M' 'M' 'M' 'M' 'M' 'M' 'M' 'M' 'M']"
45601,1,190,6,184,8,0,0,"['M' 'M' 'M' 'M' 'M' 'M' 'M' 'M' 'M' 'M' 'M' 'M' 'M' 'M' 'M' 'M' 'M' 'M'
 'U' 'M' 'M' 'M' 'U' 'M' 'M' 'M' 'M' 'M' 'M' 'M' 'M' 'M' 'M' 'M' 'M' 'M'
 'M' 'M' 'M' 'M' 'M' 'M' 'M' 'M' 'M' 'M' 'M' 'M' 'M' 'M' 'M' 'M' 'M' 'M'
 'M' 'M' 'M' 'M' 'M' 'M' 'M' 'M' 'M' 'M' 'M' 'M' 'M' 'M' 'M' 'M' 'M' 'M'
 'U' 'M' 'M' 'M' 'M' 'M' 'M' 'M' 'M' 'M' 'M' 'M' 'M' 'M' 'M' 'M' 'M' 'M'
 'M' 'M' 'M' 'M' 'M' 'M' 'M' 'M' 'M' 'M' 'M' 'M' 'M' 'M' 'M' 'M' 'M' 'M'
 'M' 'M' 'M' 'M' 'M' 'M' 'U' 'M' 'M' 'M' 'M' 'M' 'M' 'M' 'M' 'M' 'M' 'M'
 'M' 'M' 'M' 'M' 'A' 'A' 'A' 'U' 'U' 'A' 'A' 'A' 'U' 'M' 'M' 'M' 'M' 'M'
 'M' 'M' 'M' 'M' 'M' 'M' 'M' 'M' 'M' 'M' 'M' 'M' 'M' 'M' 'M' 'M' 'M' 'M'
 'M' 'M' 'M' 'M' 'M' 'M' 'U' 'M' 'M' 'M' 'M' 'M' 'M' 'M' 'M' 'M' 'M' 'M'
 'M' 'M' 'M' 'M' 'M' 'M' 'M' 'M' 'M' 'M' 'M' 'M' 'M' 'M' 'M' 'M' 'M' 'M']"
45701,2,190,8,182,8,0,1,"['M' 'M' 'M' 'M' 'M' 'M' 'M' 'M' 'M' 'M' 'M' 'M' 'M' 'U' 'M' 'M' 'M' 'M'
 'U' 'M' 'M' 'M' 'U' 'M' 'M' 'M' 'M' 'U' 'M' 'M' 'M' 'M' 'M' 'M' 'M' 'M'
 'M' 'M' 'M' 'M' 'M' 'M' 'M' 'M' 'M' 'M' 'M' 'M' 'M' 'M' 'M' 'M' 'M' 'M'
 'M' 'M' 'M' 'M' 'M' 'M' 'M' 'M' 'M' 'M' 'M' 'M' 'M' 'M' 'M' 'M' 'M' 'M'
 'M' 'M' 'M' 'M' 'M' 'M' 'M' 'M' 'M' 'U' 'M' 'M' 'M' 'M' 'M' 'M' 'M' 'M'
 'M' 'M' 'M' 'M' 'M' 'M' 'M' 'M' 'M' 'M' 'M' 'M' 'M' 'M' 'M' 'M' 'M' 'M'
 'M' 'M' 'M' 'M' 'M' 'M' 'U' 'M' 'M' 'M' 'M' 'M' 'M' 'M' 'M' 'M' 'M' 'M'
 'M' 'M' 'M' 'M' 'A' 'A' 'A' 'A' 'A' 'A' 'U' 'A' 'A' 'M' 'M' 'M' 'M' 'M'
 'M' 'M' 'M' 'M' 'M' 'M' 'M' 'M' 'M' 'M' 'M' 'M' 'M' 'M' 'M' 'M' 'M' 'M'
 'M' 'M' 'M' 'M' 'M' 'M' 'U' 'M' 'M' 'M' 'M' 'M' 'M' 'M' 'M' 'M' 'M' 'M'
 'M' 'M' 'M' 'M' 'M' 'M' 'M' 'M' 'M' 'M' 'M' 'M' 'M' 'M' 'M' 'M' 'M' 'M']"
45801,1,188,4,184,10,0,0,"['M' 'M' 'M' 'M' 'M' 'M' 'M' 'M' 'M' 'M' 'M' 'M' 'M' 'M' 'M' 'M' 'M' 'M'
 'U' 'M' 'M' 'M' 'U' 'M' 'M' 'M' 'M' 'U' 'M' 'M' 'M' 'M' 'M' 'M' 'M' 'M'
 'M' 'M' 'M' 'M' 'M' 'M' 'M' 'M' 'M' 'M' 'M' 'M' 'M' 'M' 'M' 'M' 'M' 'M'
 'M' 'M' 'M' 'M' 'M' 'M' 'M' 'M' 'M' 'M' 'M' 'M' 'M' 'M' 'M' 'M' 'M' 'M'
 'M' 'M' 'M' 'M' 'M' 'M' 'M' 'M' 'M' 'M' 'M' 'M' 'M' 'M' 'M' 'M' 'M' 'M'
 'M' 'M' 'M' 'M' 'U' 'M' 'M' 'M' 'M' 'M' 'M' 'M' 'M' 'M' 'M' 'M' 'M' 'M'
 'M' 'M' 'M' 'M' 'M' 'M' 'M' 'M' 'M' 'M' 'M' 'M' 'M' 'M' 'M' 'M' 'M' 'M'
 'M' 'M' 'M' 'M' 'A' 'U' 'A' 'A' 'U' 'U' 'A' 'U' 'M' 'M' 'M' 'M' 'M' 'M'
 'M' 'M' 'M' 'M' 'M' 'M' 'M' 'M' 'M' 'M' 'M' 'M' 'M' 'M' 'M' 'M' 'M' 'M'
 'M' 'M' 'M' 'M' 'M' 'M' 'U' 'M' 'M' 'M' 'M' 'U' 'M' 'M' 'M' 'M' 'M' 'M'
 'M' 'M' 'M' 'M' 'M' 'M' 'M' 'M' 'M' 'M' 'M' 'M' 'M' 'M' 'M' 'M' 'M' 'M']"
45901,1,189,4,185,9,0,0,"['M' 'M' 'M' 'M' 'M' 'M' 'M' 'M' 'M' 'M' 'M' 'M' 'M' 'M' 'M' 'M' 'M' 'M'
 'U' 'M' 'M' 'M' 'U' 'M' 'M' 'M' 'M' 'U' 'M' 'M' 'M' 'M' 'M' 'M' 'M' 'M'
 'M' 'M' 'M' 'M' 'M' 'M' 'M' 'M' 'M' 'M' 'M' 'M' 'M' 'M' 'M' 'M' 'M' 'M'
 'M' 'M' 'M' 'M' 'M' 'M' 'M' 'M' 'M' 'M' 'M' 'M' 'M' 'M' 'M' 'M' 'M' 'M'
 'M' 'M' 'M' 'M' 'M' 'M' 'M' 'M' 'M' 'M' 'M' 'M' 'M' 'M' 'M' 'M' 'M' 'M'
 'M' 'U' 'M' 'M' 'M' 'M' 'M' 'U' 'M' 'M' 'M' 'M' 'M' 'M' 'M' 'M' 'M' 'M'
 'M' 'M' 'M' 'M' 'M' 'M' 'M' 'M' 'M' 'M' 'M' 'M' 'M' 'M' 'M' 'M' 'M' 'M'
 'M' 'M' 'M' 'M' 'A' 'M' 'A' 'A' 'M' 'U' 'A' 'U' 'M' 'M' 'M' 'M' 'M' 'M'
 'M' 'M' 'M' 'M' 'M' 'M' 'M' 'M' 'M' 'M' 'M' 'M' 'M' 'M' 'M' 'M' 'M' 'M'
 'M' 'M' 'M' 'M' 'M' 'M' 'U' 'M' 'M' 'M' 'M' 'U' 'M' 'M' 'M' 'M' 'M' 'M'
 'M' 'M' 'M' 'M' 'M' 'M' 'M' 'M' 'M' 'M' 'M' 'M' 'M' 'M' 'M' 'M' 'M' 'M']"
46001,1,188,9,179,10,0,1,"['M' 'M' 'M' 'M' 'M' 'M' 'M' 'M' 'M' 'M' 'M' 'M' 'M' 'M' 'M' 'M' 'M' 'M'
 'M' 'M' 'M' 'M' 'U' 'M' 'M' 'M' 'M' 'M' 'M' 'M' 'M' 'M' 'M' 'M' 'U' 'M'
 'M' 'M' 'M' 'M' 'M' 'M' 'M' 'M' 'M' 'M' 'U' 'M' 'M' 'M' 'M' 'M' 'M' 'M'
 'M' 'M' 'M' 'M' 'M' 'M' 'M' 'M' 'U' 'M' 'U' 'M' 'M' 'M' 'M' 'M' 'M' 'M'
 'M' 'M' 'M' 'M' 'M' 'M' 'M' 'M' 'M' 'M' 'U' 'M' 'M' 'M' 'M' 'M' 'M' 'M'
 'M' 'M' 'M' 'M' 'M' 'M' 'M' 'U' 'M' 'M' 'M' 'M' 'M' 'M' 'M' 'M' 'M' 'M'
 'M' 'M' 'M' 'M' 'M' 'M' 'M' 'M' 'M' 'M' 'M' 'M' 'M' 'M' 'M' 'M' 'M' 'M'
 'M' 'M' 'M' 'M' 'A' 'A' 'A' 'A' 'A' 'A' 'A' 'A' 'A' 'M' 'M' 'M' 'M' 'M'
 'M' 'M' 'M' 'M' 'M' 'M' 'M' 'M' 'M' 'M' 'U' 'M' 'M' 'M' 'M' 'M' 'M' 'M'
 'M' 'M' 'M' 'U' 'M' 'M' 'U' 'M' 'M' 'M' 'M' 'M' 'M' 'M' 'M' 'M' 'M' 'M'
 'M' 'M' 'M' 'M' 'M' 'M' 'M' 'M' 'M' 'M' 'M' 'M' 'M' 'M' 'M' 'M' 'M' 'M']"
46101,1,187,6,181,11,0,0,"['M' 'M' 'M' 'M' 'M' 'M' 'M' 'M' 'M' 'M' 'M' 'M' 'M' 'M' 'M' 'M' 'M' 'M'
 'M' 'M' 'M' 'M' 'M' 'M' 'M' 'M' 'M' 'M' 'M' 'M' 'M' 'M' 'M' 'M' 'M' 'M'
 'M' 'M' 'M' 'M' 'M' 'M' 'M' 'M' 'M' 'M' 'M' 'M' 'M' 'M' 'M' 'M' 'M' 'M'
 'M' 'M' 'M' 'M' 'M' 'M' 'M' 'M' 'U' 'M' 'U' 'M' 'M' 'M' 'M' 'M' 'M' 'M'
 'M' 'M' 'M' 'M' 'M' 'M' 'M' 'U' 'M' 'M' 'M' 'M' 'M' 'M' 'M' 'M' 'M' 'M'
 'M' 'M' 'M' 'M' 'M' 'M' 'M' 'U' 'M' 'M' 'M' 'M' 'M' 'M' 'M' 'M' 'M' 'M'
 'M' 'M' 'M' 'M' 'M' 'M' 'M' 'M' 'M' 'M' 'M' 'M' 'M' 'M' 'M' 'M' 'M' 'M'
 'M' 'M' 'M' 'M' 'A' 'A' 'U' 'U' 'A' 'A' 'A' 'A' 'U' 'M' 'U' 'M' 'M' 'M'
 'M' 'M' 'M' 'M' 'M' 'M' 'M' 'M' 'M' 'M' 'U' 'M' 'M' 'M' 'U' 'M' 'M' 'M'
 'M' 'M' 'M' 'M' 'M' 'M' 'U' 'M' 'M' 'M' 'M' 'M' 'M' 'M' 'M' 'M' 'M' 'M'
 'M' 'M' 'M' 'M' 'M' 'M' 'M' 'M' 'M' 'M' 'M' 'M' 'M' 'M' 'M' 'M' 'M' 'M']"
46201,1,194,9,185,4,0,1,"['M' 'M' 'M' 'M' 'M' 'M' 'M' 'M' 'M' 'M' 'M' 'M' 'M' 'M' 'M' 'M' 'M' 'M'
 'M' 'M' 'M' 'M' 'M' 'M' 'M' 'M' 'M' 'M' 'M' 'M' 'M' 'M' 'M' 'M' 'M' 'M'
 'M' 'M' 'M' 'M' 'M' 'M' 'M' 'M' 'M' 'M' 'M' 'M' 'M' 'M' 'M' 'M' 'M' 'M'
 'M' 'M' 'M' 'M' 'M' 'M' 'M' 'M' 'U' 'M' 'M' 'M' 'M' 'M' 'M' 'M' 'M' 'M'
 'M' 'M' 'M' 'M' 'M' 'M' 'M' 'U' 'M' 'M' 'M' 'M' 'M' 'M' 'M' 'M' 'M' 'M'
 'M' 'M' 'M' 'M' 'M' 'M' 'M' 'U' 'M' 'M' 'M' 'M' 'M' 'M' 'M' 'M' 'M' 'M'
 'M' 'M' 'M' 'M' 'M' 'M' 'M' 'M' 'M' 'M' 'M' 'M' 'M' 'M' 'M' 'M' 'M' 'M'
 'M' 'M' 'M' 'M' 'A' 'A' 'A' 'A' 'A' 'A' 'A' 'A' 'A' 'M' 'M' 'M' 'M' 'M'
 'M' 'M' 'M' 'M' 'M' 'M' 'M' 'M' 'M' 'M' 'U' 'M' 'M' 'M' 'M' 'M' 'M' 'M'
 'M' 'M' 'M' 'M' 'M' 'M' 'M' 'M' 'M' 'M' 'M' 'M' 'M' 'M' 'M' 'M' 'M' 'M'
 'M' 'M' 'M' 'M' 'M' 'M' 'M' 'M' 'M' 'M' 'M' 'M' 'M' 'M' 'M' 'M' 'M' 'M']"
46301,2,191,6,185,7,0,0,"['M' 'M' 'M' 'M' 'M' 'M' 'M' 'M' 'M' 'M' 'M' 'M' 'M' 'M' 'M' 'M' 'M' 'M'
 'M' 'M' 'M' 'M' 'M' 'M' 'M' 'M' 'M' 'M' 'M' 'M' 'M' 'M' 'M' 'M' 'M' 'M'
 'M' 'M' 'M' 'M' 'M' 'M' 'M' 'M' 'M' 'M' 'M' 'M' 'M' 'M' 'M' 'M' 'M' 'M'
 'M' 'M' 'M' 'M' 'M' 'M' 'M' 'M' 'U' 'M' 'M' 'M' 'M' 'M' 'M' 'M' 'M' 'M'
 'M' 'M' 'M' 'M' 'M' 'M' 'M' 'M' 'M' 'M' 'M' 'M' 'M' 'M' 'M' 'M' 'M' 'U'
 'M' 'M' 'M' 'M' 'M' 'M' 'M' 'U' 'M' 'M' 'M' 'M' 'M' 'M' 'M' 'M' 'M' 'M'
 'M' 'M' 'M' 'M' 'M' 'M' 'M' 'M' 'M' 'M' 'M' 'M' 'U' 'M' 'M' 'M' 'M' 'M'
 'M' 'M' 'M' 'M' 'A' 'A' 'A' 'A' 'U' 'A' 'U' 'M' 'A' 'M' 'M' 'M' 'M' 'M'
 'M' 'M' 'M' 'M' 'M' 'M' 'M' 'M' 'M' 'M' 'U' 'M' 'M' 'M' 'M' 'M' 'M' 'M'
 'M' 'M' 'M' 'M' 'M' 'M' 'M' 'M' 'M' 'M' 'M' 'M' 'M' 'M' 'M' 'M' 'M' 'M'
 'M' 'M' 'M' 'M' 'M' 'M' 'M' 'M' 'M' 'M' 'M' 'M' 'M' 'M' 'M' 'M' 'M' 'M']"
46401,1,190,8,182,8,0,0,"['M' 'M' 'M' 'M' 'M' 'M' 'M' 'M' 'M' 'M' 'M' 'M' 'M' 'M' 'M' 'M' 'M' 'M'
 'M' 'M' 'M' 'M' 'U' 'M' 'M' 'M' 'M' 'M' 'M' 'M' 'M' 'M' 'M' 'U' 'M' 'M'
 'M' 'M' 'M' 'M' 'M' 'M' 'M' 'M' 'M' 'M' 'M' 'M' 'M' 'M' 'M' 'M' 'M' 'M'
 'M' 'M' 'M' 'M' 'M' 'M' 'M' 'M' 'U' 'M' 'M' 'M' 'M' 'M' 'M' 'M' 'M' 'M'
 'U' 'M' 'M' 'M' 'M' 'M' 'M' 'M' 'M' 'M' 'M' 'M' 'M' 'M' 'M' 'M' 'M' 'M'
 'M' 'M' 'M' 'M' 'M' 'M' 'M' 'M' 'M' 'M' 'M' 'M' 'M' 'M' 'M' 'M' 'M' 'M'
 'M' 'M' 'M' 'M' 'M' 'M' 'M' 'M' 'M' 'M' 'M' 'M' 'U' 'M' 'M' 'M' 'M' 'M'
 'M' 'M' 'M' 'M' 'A' 'A' 'A' 'A' 'A' 'A' 'A' 'U' 'A' 'M' 'M' 'M' 'M' 'M'
 'U' 'M' 'M' 'M' 'M' 'M' 'M' 'M' 'M' 'M' 'U' 'M' 'M' 'M' 'M' 'M' 'M' 'M'
 'M' 'M' 'M' 'M' 'M' 'M' 'M' 'M' 'M' 'M' 'M' 'M' 'M' 'M' 'M' 'M' 'M' 'M'
 'M' 'M' 'M' 'M' 'M' 'M' 'M' 'M' 'M' 'M' 'M' 'M' 'M' 'M' 'M' 'M' 'M' 'M']"
46501,1,185,6,179,13,0,0,"['M' 'M' 'U' 'M' 'M' 'M' 'M' 'M' 'M' 'M' 'M' 'M' 'M' 'M' 'M' 'M' 'M' 'M'
 'M' 'M' 'M' 'M' 'U' 'M' 'M' 'M' 'M' 'M' 'M' 'M' 'M' 'M' 'M' 'U' 'M' 'M'
 'M' 'M' 'M' 'U' 'M' 'M' 'M' 'M' 'M' 'M' 'M' 'M' 'M' 'M' 'M' 'M' 'U' 'M'
 'M' 'M' 'M' 'M' 'M' 'M' 'M' 'M' 'U' 'M' 'M' 'M' 'M' 'M' 'M' 'M' 'M' 'M'
 'M' 'M' 'M' 'M' 'M' 'M' 'M' 'M' 'M' 'M' 'M' 'M' 'M' 'M' 'M' 'M' 'M' 'M'
 'M' 'M' 'M' 'M' 'U' 'M' 'M' 'M' 'M' 'M' 'M' 'M' 'M' 'M' 'M' 'M' 'M' 'M'
 'M' 'M' 'M' 'M' 'M' 'M' 'M' 'M' 'M' 'M' 'M' 'M' 'M' 'M' 'M' 'M' 'M' 'M'
 'M' 'M' 'M' 'U' 'A' 'U' 'A' 'A' 'A' 'A' 'U' 'M' 'U' 'M' 'M' 'M' 'M' 'M'
 'U' 'M' 'M' 'M' 'M' 'M' 'M' 'M' 'M' 'M' 'A' 'M' 'M' 'M' 'M' 'M' 'M' 'M'
 'M' 'M' 'M' 'M' 'M' 'M' 'U' 'M' 'M' 'M' 'M' 'M' 'M' 'M' 'M' 'M' 'M' 'M'
 'M' 'M' 'M' 'M' 'M' 'M' 'M' 'M' 'M' 'M' 'M' 'M' 'M' 'M' 'M' 'M' 'M' 'M']"
46601,2,190,10,180,8,0,0,"['M' 'M' 'M' 'M' 'M' 'M' 'M' 'M' 'M' 'M' 'M' 'M' 'M' 'M' 'M' 'M' 'M' 'M'
 'M' 'M' 'M' 'M' 'M' 'M' 'M' 'M' 'M' 'M' 'M' 'M' 'M' 'M' 'M' 'U' 'M' 'M'
 'M' 'M' 'M' 'M' 'M' 'M' 'M' 'M' 'M' 'M' 'M' 'M' 'M' 'M' 'M' 'M' 'U' 'M'
 'M' 'M' 'M' 'M' 'M' 'M' 'M' 'M' 'U' 'M' 'M' 'M' 'M' 'M' 'M' 'M' 'M' 'M'
 'M' 'M' 'M' 'M' 'M' 'M' 'M' 'M' 'M' 'M' 'M' 'M' 'M' 'M' 'M' 'M' 'M' 'M'
 'M' 'M' 'U' 'M' 'M' 'M' 'M' 'M' 'M' 'M' 'M' 'M' 'M' 'M' 'M' 'M' 'M' 'M'
 'M' 'M' 'M' 'M' 'M' 'M' 'M' 'M' 'M' 'M' 'M' 'M' 'M' 'M' 'M' 'M' 'M' 'M'
 'M' 'M' 'M' 'U' 'A' 'A' 'A' 'A' 'A' 'A' 'A' 'A' 'A' 'M' 'M' 'M' 'M' 'M'
 'U' 'M' 'M' 'M' 'M' 'M' 'M' 'M' 'M' 'M' 'A' 'M' 'U' 'M' 'M' 'M' 'M' 'M'
 'M' 'M' 'M' 'M' 'M' 'M' 'M' 'M' 'M' 'M' 'M' 'M' 'U' 'M' 'M' 'M' 'M' 'M'
 'M' 'M' 'M' 'M' 'M' 'M' 'M' 'M' 'M' 'M' 'M' 'M' 'M' 'M' 'M' 'M' 'M' 'M']"
46701,1,190,7,183,8,0,0,"['M' 'M' 'M' 'M' 'M' 'M' 'M' 'M' 'M' 'M' 'M' 'M' 'M' 'M' 'M' 'M' 'M' 'M'
 'M' 'M' 'M' 'M' 'M' 'M' 'M' 'M' 'M' 'M' 'M' 'M' 'M' 'M' 'M' 'U' 'M' 'M'
 'M' 'M' 'M' 'M' 'M' 'M' 'M' 'M' 'M' 'M' 'M' 'M' 'M' 'M' 'M' 'M' 'U' 'M'
 'M' 'M' 'M' 'M' 'M' 'M' 'M' 'M' 'M' 'M' 'M' 'M' 'M' 'M' 'M' 'M' 'M' 'M'
 'M' 'M' 'M' 'M' 'M' 'M' 'M' 'M' 'M' 'M' 'M' 'M' 'M' 'M' 'M' 'U' 'M' 'M'
 'M' 'M' 'M' 'M' 'M' 'M' 'M' 'M' 'M' 'M' 'M' 'M' 'M' 'M' 'M' 'M' 'M' 'M'
 'M' 'M' 'M' 'M' 'M' 'M' 'M' 'M' 'M' 'M' 'M' 'M' 'M' 'M' 'M' 'U' 'M' 'M'
 'M' 'M' 'M' 'M' 'A' 'A' 'A' 'U' 'U' 'A' 'A' 'A' 'U' 'M' 'M' 'M' 'M' 'M'
 'M' 'M' 'M' 'M' 'M' 'M' 'M' 'M' 'M' 'M' 'A' 'M' 'U' 'M' 'M' 'M' 'M' 'M'
 'M' 'M' 'M' 'M' 'M' 'M' 'M' 'M' 'M' 'M' 'M' 'M' 'M' 'M' 'M' 'M' 'M' 'M'
 'M' 'M' 'M' 'M' 'M' 'M' 'M' 'M' 'M' 'M' 'M' 'M' 'M' 'M' 'M' 'M' 'M' 'M']"
46801,1,191,7,184,7,0,1,"['M' 'M' 'M' 'M' 'M' 'M' 'M' 'M' 'M' 'M' 'M' 'M' 'M' 'M' 'M' 'M' 'M' 'M'
 'M' 'M' 'M' 'M' 'M' 'M' 'M' 'M' 'M' 'M' 'M' 'M' 'M' 'M' 'M' 'M' 'M' 'M'
 'M' 'M' 'M' 'M' 'M' 'M' 'M' 'M' 'M' 'M' 'M' 'M' 'M' 'M' 'M' 'M' 'U' 'M'
 'M' 'M' 'M' 'M' 'M' 'M' 'M' 'M' 'M' 'M' 'M' 'M' 'M' 'M' 'M' 'M' 'M' 'M'
 'M' 'M' 'M' 'M' 'M' 'M' 'M' 'M' 'M' 'U' 'M' 'M' 'M' 'M' 'M' 'M' 'M' 'M'
 'M' 'M' 'M' 'M' 'M' 'M' 'M' 'M' 'M' 'M' 'M' 'M' 'M' 'M' 'M' 'M' 'M' 'M'
 'M' 'M' 'M' 'M' 'M' 'M' 'M' 'M' 'M' 'M' 'M' 'M' 'M' 'M' 'M' 'M' 'M' 'U'
 'M' 'M' 'M' 'M' 'A' 'A' 'A' 'A' 'A' 'M' 'A' 'A' 'U' 'M' 'M' 'M' 'M' 'M'
 'M' 'M' 'M' 'M' 'M' 'M' 'M' 'M' 'M' 'M' 'U' 'M' 'M' 'M' 'M' 'M' 'M' 'M'
 'M' 'M' 'M' 'M' 'M' 'M' 'M' 'M' 'M' 'M' 'M' 'M' 'M' 'M' 'M' 'M' 'M' 'M'
 'M' 'M' 'U' 'M' 'M' 'M' 'M' 'M' 'M' 'M' 'U' 'M' 'M' 'M' 'M' 'M' 'M' 'M']"
46901,1,189,4,185,9,0,0,"['M' 'M' 'M' 'M' 'M' 'M' 'M' 'M' 'M' 'M' 'M' 'M' 'M' 'M' 'M' 'M' 'M' 'M'
 'M' 'M' 'M' 'M' 'M' 'M' 'M' 'M' 'M' 'M' 'M' 'M' 'M' 'M' 'M' 'M' 'M' 'M'
 'M' 'M' 'M' 'M' 'M' 'M' 'M' 'M' 'M' 'M' 'M' 'M' 'M' 'M' 'M' 'M' 'U' 'M'
 'M' 'M' 'M' 'M' 'M' 'M' 'M' 'M' 'M' 'M' 'M' 'M' 'U' 'M' 'M' 'M' 'M' 'M'
 'M' 'M' 'M' 'M' 'M' 'M' 'M' 'M' 'M' 'M' 'M' 'M' 'M' 'M' 'M' 'M' 'M' 'M'
 'M' 'M' 'M' 'M' 'M' 'M' 'M' 'M' 'M' 'M' 'M' 'M' 'M' 'M' 'M' 'M' 'M' 'M'
 'M' 'M' 'M' 'M' 'M' 'M' 'M' 'M' 'M' 'M' 'M' 'M' 'M' 'M' 'M' 'M' 'M' 'M'
 'M' 'M' 'M' 'M' 'A' 'U' 'M' 'U' 'U' 'M' 'A' 'A' 'A' 'M' 'M' 'M' 'M' 'M'
 'M' 'M' 'M' 'M' 'M' 'M' 'M' 'M' 'M' 'M' 'U' 'M' 'M' 'M' 'M' 'M' 'M' 'M'
 'M' 'M' 'M' 'M' 'M' 'M' 'M' 'M' 'M' 'M' 'M' 'M' 'M' 'M' 'U' 'M' 'M' 'M'
 'U' 'M' 'M' 'M' 'M' 'M' 'M' 'M' 'M' 'M' 'U' 'M' 'M' 'M' 'M' 'M' 'M' 'M']"
47001,1,189,7,182,9,0,0,"['M' 'M' 'M' 'M' 'M' 'M' 'U' 'M' 'M' 'M' 'M' 'M' 'M' 'M' 'M' 'U' 'M' 'M'
 'M' 'M' 'M' 'M' 'M' 'M' 'M' 'M' 'M' 'M' 'U' 'M' 'M' 'M' 'M' 'U' 'M' 'M'
 'M' 'M' 'M' 'M' 'M' 'M' 'M' 'M' 'M' 'M' 'M' 'M' 'M' 'M' 'M' 'M' 'U' 'M'
 'M' 'M' 'M' 'M' 'M' 'M' 'M' 'M' 'M' 'M' 'M' 'M' 'M' 'M' 'M' 'M' 'M' 'U'
 'M' 'M' 'M' 'M' 'M' 'M' 'M' 'M' 'M' 'M' 'M' 'M' 'M' 'M' 'M' 'M' 'M' 'M'
 'M' 'M' 'M' 'M' 'M' 'M' 'M' 'M' 'M' 'M' 'M' 'M' 'M' 'M' 'M' 'M' 'M' 'M'
 'M' 'M' 'M' 'M' 'M' 'M' 'M' 'M' 'M' 'M' 'M' 'M' 'M' 'M' 'M' 'M' 'M' 'M'
 'M' 'M' 'M' 'M' 'A' 'A' 'A' 'M' 'A' 'U' 'A' 'A' 'A' 'M' 'M' 'M' 'M' 'M'
 'M' 'M' 'M' 'M' 'M' 'M' 'M' 'M' 'M' 'M' 'U' 'M' 'M' 'M' 'M' 'M' 'M' 'M'
 'M' 'M' 'M' 'M' 'M' 'M' 'M' 'M' 'M' 'M' 'M' 'M' 'M' 'M' 'M' 'M' 'M' 'M'
 'M' 'M' 'M' 'M' 'M' 'M' 'M' 'M' 'M' 'M' 'U' 'M' 'M' 'M' 'M' 'M' 'M' 'M']"
47101,1,190,5,185,8,0,0,"['M' 'M' 'M' 'M' 'M' 'M' 'U' 'M' 'M' 'M' 'M' 'M' 'M' 'M' 'M' 'U' 'M' 'M'
 'M' 'M' 'M' 'M' 'M' 'M' 'M' 'M' 'M' 'M' 'U' 'M' 'M' 'M' 'M' 'M' 'M' 'M'
 'M' 'M' 'M' 'M' 'M' 'M' 'M' 'M' 'M' 'M' 'M' 'M' 'M' 'M' 'M' 'M' 'M' 'M'
 'M' 'M' 'M' 'M' 'M' 'M' 'M' 'M' 'M' 'M' 'M' 'M' 'M' 'M' 'M' 'M' 'M' 'M'
 'M' 'M' 'M' 'M' 'U' 'M' 'M' 'M' 'M' 'M' 'M' 'M' 'M' 'M' 'M' 'M' 'M' 'M'
 'M' 'M' 'M' 'M' 'M' 'M' 'M' 'M' 'M' 'M' 'M' 'M' 'M' 'M' 'M' 'M' 'M' 'M'
 'M' 'M' 'M' 'M' 'M' 'M' 'M' 'M' 'M' 'M' 'M' 'M' 'M' 'M' 'M' 'M' 'M' 'M'
 'M' 'M' 'M' 'M' 'A' 'A' 'A' 'M' 'A' 'U' 'A' 'M' 'U' 'M' 'M' 'M' 'M' 'M'
 'M' 'M' 'M' 'M' 'M' 'M' 'M' 'M' 'M' 'M' 'U' 'M' 'M' 'M' 'M' 'M' 'M' 'M'
 'M' 'M' 'M' 'M' 'M' 'M' 'M' 'M' 'M' 'M' 'M' 'M' 'M' 'M' 'M' 'M' 'M' 'M'
 'M' 'M' 'M' 'M' 'M' 'M' 'M' 'M' 'M' 'M' 'U' 'M' 'M' 'M' 'M' 'M' 'M' 'M']"
47201,1,189,2,187,9,0,0,"['M' 'M' 'M' 'M' 'M' 'M' 'M' 'M' 'M' 'M' 'M' 'M' 'M' 'M' 'M' 'U' 'M' 'M'
 'M' 'M' 'M' 'M' 'M' 'M' 'M' 'M' 'M' 'M' 'U' 'M' 'M' 'M' 'M' 'M' 'M' 'M'
 'M' 'M' 'M' 'M' 'M' 'M' 'M' 'M' 'M' 'M' 'M' 'M' 'M' 'M' 'M' 'M' 'M' 'M'
 'M' 'M' 'M' 'M' 'M' 'M' 'M' 'M' 'M' 'M' 'M' 'M' 'M' 'M' 'M' 'M' 'M' 'M'
 'M' 'M' 'U' 'M' 'M' 'M' 'M' 'M' 'M' 'M' 'M' 'M' 'M' 'M' 'M' 'M' 'M' 'M'
 'M' 'M' 'M' 'M' 'M' 'M' 'M' 'M' 'M' 'M' 'M' 'M' 'M' 'M' 'M' 'M' 'M' 'M'
 'M' 'M' 'M' 'M' 'M' 'M' 'M' 'M' 'M' 'M' 'M' 'M' 'M' 'M' 'M' 'M' 'M' 'M'
 'M' 'M' 'M' 'M' 'A' 'U' 'A' 'M' 'U' 'U' 'U' 'M' 'U' 'M' 'M' 'M' 'M' 'M'
 'M' 'M' 'M' 'M' 'M' 'M' 'M' 'M' 'M' 'M' 'M' 'M' 'M' 'M' 'M' 'M' 'M' 'M'
 'M' 'M' 'M' 'M' 'M' 'M' 'M' 'M' 'M' 'M' 'M' 'M' 'M' 'M' 'M' 'M' 'M' 'M'
 'M' 'M' 'M' 'M' 'M' 'M' 'M' 'M' 'M' 'M' 'U' 'M' 'M' 'M' 'M' 'M' 'M' 'M']"
47301,1,190,5,185,8,0,0,"['M' 'M' 'M' 'M' 'M' 'M' 'M' 'M' 'M' 'M' 'M' 'M' 'M' 'M' 'M' 'U' 'M' 'M'
 'M' 'M' 'M' 'M' 'M' 'M' 'M' 'M' 'M' 'M' 'M' 'M' 'M' 'M' 'M' 'M' 'M' 'M'
 'M' 'M' 'M' 'M' 'M' 'M' 'M' 'M' 'M' 'M' 'M' 'M' 'M' 'M' 'M' 'M' 'M' 'U'
 'M' 'M' 'M' 'M' 'M' 'M' 'M' 'M' 'M' 'M' 'M' 'M' 'M' 'M' 'M' 'M' 'M' 'M'
 'M' 'M' 'M' 'M' 'M' 'U' 'M' 'M' 'M' 'M' 'M' 'M' 'M' 'M' 'M' 'M' 'M' 'M'
 'M' 'M' 'M' 'M' 'M' 'M' 'M' 'M' 'M' 'M' 'M' 'M' 'M' 'M' 'M' 'M' 'M' 'M'
 'M' 'M' 'M' 'M' 'M' 'M' 'M' 'M' 'M' 'M' 'M' 'M' 'M' 'M' 'M' 'M' 'M' 'M'
 'M' 'M' 'M' 'M' 'A' 'A' 'A' 'U' 'M' 'A' 'U' 'U' 'A' 'M' 'M' 'U' 'M' 'M'
 'M' 'M' 'M' 'M' 'M' 'M' 'M' 'M' 'M' 'M' 'M' 'M' 'M' 'M' 'M' 'M' 'M' 'M'
 'M' 'M' 'M' 'M' 'M' 'M' 'M' 'M' 'M' 'M' 'M' 'M' 'M' 'M' 'M' 'M' 'M' 'M'
 'M' 'M' 'M' 'M' 'M' 'M' 'M' 'M' 'M' 'M' 'U' 'M' 'M' 'M' 'M' 'M' 'M' 'M']"
47401,1,192,5,187,6,0,0,"['M' 'M' 'M' 'M' 'M' 'M' 'M' 'M' 'M' 'M' 'M' 'M' 'M' 'M' 'M' 'A' 'M' 'M'
 'M' 'M' 'M' 'M' 'M' 'M' 'M' 'M' 'M' 'M' 'M' 'M' 'M' 'M' 'M' 'M' 'M' 'M'
 'M' 'M' 'M' 'M' 'M' 'M' 'M' 'M' 'M' 'M' 'M' 'M' 'M' 'M' 'M' 'M' 'M' 'U'
 'M' 'M' 'M' 'M' 'M' 'M' 'M' 'M' 'M' 'M' 'M' 'M' 'M' 'M' 'M' 'M' 'M' 'M'
 'M' 'M' 'M' 'U' 'M' 'M' 'M' 'M' 'M' 'M' 'M' 'M' 'M' 'M' 'M' 'M' 'M' 'M'
 'M' 'M' 'M' 'M' 'M' 'M' 'M' 'M' 'M' 'M' 'M' 'M' 'M' 'M' 'M' 'M' 'M' 'M'
 'M' 'M' 'M' 'M' 'M' 'M' 'M' 'M' 'M' 'M' 'M' 'M' 'M' 'M' 'M' 'M' 'M' 'M'
 'M' 'M' 'M' 'M' 'A' 'A' 'U' 'M' 'M' 'A' 'U' 'U' 'A' 'M' 'M' 'U' 'M' 'M'
 'M' 'M' 'M' 'M' 'M' 'M' 'M' 'M' 'M' 'M' 'M' 'M' 'M' 'M' 'M' 'M' 'M' 'M'
 'M' 'M' 'M' 'M' 'M' 'M' 'M' 'M' 'M' 'M' 'M' 'M' 'M' 'M' 'M' 'M' 'M' 'M'
 'M' 'M' 'M' 'M' 'M' 'M' 'M' 'M' 'M' 'M' 'M' 'M' 'M' 'M' 'M' 'M' 'M' 'M']"
47501,1,193,5,188,5,0,0,"['M' 'M' 'M' 'M' 'M' 'M' 'M' 'M' 'M' 'M' 'M' 'M' 'M' 'M' 'M' 'A' 'M' 'M'
 'M' 'M' 'M' 'M' 'M' 'M' 'M' 'M' 'M' 'M' 'M' 'M' 'M' 'M' 'M' 'M' 'M' 'M'
 'M' 'M' 'M' 'M' 'M' 'M' 'M' 'M' 'M' 'M' 'M' 'M' 'M' 'M' 'M' 'M' 'M' 'U'
 'M' 'M' 'M' 'M' 'M' 'M' 'M' 'M' 'M' 'M' 'M' 'M' 'M' 'M' 'M' 'M' 'M' 'M'
 'M' 'M' 'M' 'M' 'M' 'M' 'M' 'M' 'M' 'U' 'M' 'M' 'M' 'M' 'M' 'M' 'M' 'M'
 'M' 'M' 'M' 'M' 'M' 'M' 'M' 'M' 'M' 'M' 'M' 'M' 'M' 'M' 'M' 'M' 'M' 'M'
 'M' 'M' 'M' 'M' 'M' 'M' 'M' 'M' 'M' 'M' 'M' 'M' 'M' 'M' 'M' 'M' 'M' 'M'
 'M' 'M' 'M' 'M' 'A' 'A' 'U' 'M' 'M' 'A' 'M' 'U' 'A' 'M' 'M' 'U' 'M' 'M'
 'M' 'M' 'M' 'M' 'M' 'M' 'M' 'M' 'M' 'M' 'M' 'M' 'M' 'M' 'M' 'M' 'M' 'M'
 'M' 'M' 'M' 'M' 'M' 'M' 'M' 'M' 'M' 'M' 'M' 'M' 'M' 'M' 'M' 'M' 'M' 'M'
 'M' 'M' 'M' 'M' 'M' 'M' 'M' 'M' 'M' 'M' 'M' 'M' 'M' 'M' 'M' 'M' 'M' 'M']"
47601,1,193,9,184,5,0,0,"['M' 'M' 'M' 'M' 'M' 'M' 'M' 'M' 'M' 'M' 'M' 'M' 'U' 'M' 'M' 'A' 'M' 'M'
 'M' 'M' 'M' 'M' 'M' 'M' 'M' 'M' 'M' 'M' 'M' 'M' 'M' 'M' 'M' 'M' 'M' 'M'
 'M' 'M' 'M' 'M' 'M' 'M' 'M' 'M' 'M' 'M' 'M' 'M' 'M' 'M' 'M' 'M' 'M' 'U'
 'M' 'M' 'M' 'M' 'M' 'M' 'M' 'M' 'M' 'M' 'M' 'M' 'M' 'M' 'M' 'U' 'M' 'M'
 'M' 'M' 'M' 'M' 'M' 'M' 'M' 'M' 'M' 'M' 'M' 'M' 'M' 'M' 'M' 'M' 'M' 'M'
 'M' 'M' 'M' 'M' 'M' 'M' 'M' 'M' 'M' 'M' 'M' 'M' 'M' 'M' 'M' 'M' 'U' 'M'
 'M' 'M' 'M' 'M' 'M' 'M' 'M' 'M' 'M' 'M' 'M' 'M' 'M' 'M' 'M' 'M' 'M' 'M'
 'M' 'M' 'M' 'M' 'A' 'A' 'A' 'A' 'U' 'A' 'A' 'A' 'A' 'M' 'M' 'M' 'M' 'M'
 'M' 'M' 'M' 'M' 'M' 'M' 'M' 'M' 'M' 'M' 'M' 'M' 'M' 'M' 'M' 'M' 'M' 'M'
 'M' 'M' 'M' 'M' 'M' 'M' 'M' 'M' 'M' 'M' 'M' 'M' 'M' 'M' 'M' 'M' 'M' 'M'
 'M' 'M' 'M' 'M' 'M' 'M' 'M' 'M' 'M' 'M' 'M' 'M' 'M' 'M' 'M' 'M' 'M' 'M']"
47701,1,188,7,181,10,0,0,"['M' 'M' 'M' 'M' 'M' 'M' 'M' 'M' 'M' 'M' 'M' 'M' 'U' 'M' 'M' 'A' 'M' 'M'
 'M' 'M' 'M' 'M' 'M' 'M' 'M' 'M' 'M' 'M' 'M' 'M' 'U' 'M' 'M' 'M' 'M' 'M'
 'M' 'M' 'M' 'M' 'M' 'M' 'M' 'M' 'M' 'M' 'M' 'M' 'M' 'M' 'M' 'M' 'M' 'U'
 'M' 'M' 'M' 'M' 'M' 'M' 'M' 'M' 'M' 'M' 'M' 'M' 'M' 'M' 'M' 'M' 'U' 'M'
 'M' 'M' 'M' 'M' 'M' 'M' 'M' 'M' 'M' 'M' 'M' 'M' 'M' 'M' 'M' 'M' 'M' 'M'
 'M' 'M' 'M' 'M' 'M' 'M' 'M' 'M' 'M' 'M' 'M' 'M' 'M' 'M' 'M' 'M' 'M' 'M'
 'M' 'M' 'M' 'M' 'M' 'M' 'U' 'M' 'M' 'M' 'M' 'M' 'M' 'M' 'M' 'M' 'M' 'M'
 'M' 'M' 'M' 'M' 'A' 'A' 'U' 'U' 'M' 'A' 'A' 'A' 'A' 'M' 'M' 'M' 'M' 'M'
 'M' 'M' 'M' 'M' 'M' 'M' 'M' 'M' 'M' 'M' 'M' 'M' 'M' 'M' 'M' 'M' 'U' 'M'
 'M' 'M' 'M' 'M' 'M' 'M' 'M' 'M' 'M' 'M' 'U' 'M' 'M' 'M' 'M' 'M' 'M' 'M'
 'M' 'M' 'M' 'M' 'M' 'M' 'M' 'U' 'M' 'M' 'M' 'M' 'M' 'M' 'M' 'M' 'M' 'M']"
47801,2,192,9,183,6,0,0,"['M' 'M' 'M' 'M' 'M' 'M' 'M' 'M' 'M' 'M' 'M' 'M' 'M' 'M' 'M' 'A' 'M' 'M'
 'M' 'M' 'M' 'M' 'M' 'M' 'M' 'M' 'M' 'M' 'M' 'M' 'M' 'M' 'M' 'M' 'M' 'M'
 'M' 'M' 'M' 'M' 'M' 'M' 'M' 'M' 'M' 'M' 'M' 'M' 'M' 'M' 'M' 'M' 'M' 'M'
 'M' 'M' 'M' 'M' 'M' 'M' 'M' 'M' 'M' 'M' 'M' 'M' 'M' 'M' 'M' 'U' 'M' 'M'
 'M' 'M' 'M' 'M' 'M' 'M' 'M' 'M' 'M' 'M' 'M' 'M' 'M' 'M' 'M' 'M' 'M' 'M'
 'M' 'M' 'M' 'M' 'M' 'M' 'M' 'M' 'M' 'M' 'M' 'M' 'M' 'M' 'M' 'M' 'M' 'M'
 'M' 'M' 'M' 'M' 'M' 'M' 'U' 'M' 'M' 'M' 'M' 'M' 'M' 'M' 'M' 'M' 'M' 'M'
 'M' 'M' 'M' 'M' 'A' 'A' 'U' 'A' 'A' 'A' 'A' 'A' 'A' 'M' 'M' 'M' 'M' 'M'
 'M' 'M' 'M' 'M' 'M' 'M' 'U' 'M' 'M' 'M' 'M' 'M' 'M' 'M' 'M' 'M' 'M' 'M'
 'M' 'M' 'M' 'M' 'M' 'M' 'M' 'M' 'M' 'M' 'U' 'M' 'M' 'M' 'M' 'M' 'M' 'M'
 'M' 'M' 'M' 'M' 'M' 'M' 'M' 'U' 'M' 'M' 'M' 'M' 'M' 'M' 'M' 'M' 'M' 'M']"
47901,1,189,7,182,9,0,0,"['M' 'M' 'M' 'M' 'M' 'M' 'M' 'M' 'M' 'M' 'M' 'M' 'M' 'M' 'M' 'A' 'M' 'M'
 'M' 'M' 'M' 'M' 'M' 'M' 'M' 'M' 'M' 'M' 'M' 'M' 'M' 'M' 'M' 'M' 'M' 'M'
 'M' 'M' 'M' 'M' 'M' 'M' 'M' 'M' 'M' 'M' 'M' 'M' 'M' 'M' 'M' 'M' 'M' 'M'
 'M' 'M' 'M' 'M' 'M' 'M' 'M' 'M' 'M' 'M' 'M' 'M' 'M' 'M' 'M' 'M' 'M' 'M'
 'M' 'M' 'M' 'M' 'M' 'M' 'M' 'M' 'M' 'M' 'M' 'M' 'U' 'M' 'M' 'M' 'M' 'M'
 'M' 'M' 'M' 'M' 'M' 'M' 'M' 'M' 'M' 'M' 'M' 'M' 'M' 'M' 'M' 'M' 'M' 'M'
 'M' 'M' 'M' 'M' 'M' 'M' 'U' 'M' 'M' 'M' 'M' 'M' 'M' 'M' 'M' 'M' 'M' 'M'
 'M' 'M' 'M' 'M' 'A' 'A' 'M' 'A' 'U' 'A' 'A' 'U' 'A' 'M' 'M' 'M' 'M' 'M'
 'M' 'M' 'M' 'M' 'M' 'M' 'U' 'M' 'M' 'M' 'M' 'M' 'M' 'M' 'M' 'M' 'M' 'M'
 'M' 'M' 'U' 'M' 'M' 'M' 'M' 'M' 'M' 'M' 'U' 'M' 'M' 'M' 'M' 'M' 'M' 'M'
 'M' 'M' 'M' 'M' 'M' 'M' 'U' 'U' 'M' 'M' 'M' 'M' 'M' 'M' 'M' 'M' 'M' 'M']"
48001,1,190,9,181,8,0,0,"['M' 'M' 'M' 'M' 'M' 'M' 'M' 'M' 'M' 'M' 'M' 'M' 'M' 'M' 'M' 'A' 'M' 'M'
 'M' 'M' 'M' 'M' 'M' 'M' 'M' 'M' 'M' 'M' 'M' 'M' 'M' 'M' 'M' 'M' 'M' 'M'
 'M' 'M' 'M' 'M' 'M' 'M' 'M' 'M' 'M' 'M' 'M' 'M' 'M' 'M' 'M' 'M' 'M' 'M'
 'U' 'M' 'M' 'M' 'M' 'M' 'U' 'M' 'M' 'M' 'M' 'M' 'M' 'M' 'M' 'U' 'M' 'M'
 'M' 'M' 'M' 'M' 'M' 'M' 'M' 'M' 'M' 'M' 'M' 'M' 'M' 'M' 'M' 'M' 'M' 'M'
 'M' 'M' 'M' 'M' 'M' 'M' 'M' 'M' 'M' 'M' 'M' 'M' 'M' 'M' 'M' 'M' 'M' 'U'
 'M' 'M' 'M' 'M' 'U' 'M' 'M' 'M' 'M' 'M' 'M' 'M' 'M' 'M' 'M' 'M' 'M' 'M'
 'M' 'M' 'M' 'M' 'A' 'A' 'A' 'A' 'A' 'A' 'A' 'A' 'U' 'M' 'M' 'M' 'M' 'M'
 'M' 'M' 'M' 'M' 'M' 'M' 'M' 'M' 'M' 'M' 'U' 'M' 'M' 'M' 'M' 'M' 'M' 'M'
 'M' 'M' 'M' 'M' 'M' 'M' 'M' 'M' 'M' 'M' 'M' 'M' 'M' 'M' 'M' 'M' 'M' 'M'
 'M' 'M' 'M' 'M' 'M' 'M' 'U' 'M' 'M' 'M' 'M' 'M' 'M' 'M' 'M' 'M' 'M' 'M']"
48101,3,189,9,180,9,0,0,"['M' 'M' 'M' 'M' 'M' 'M' 'M' 'M' 'M' 'M' 'M' 'M' 'M' 'M' 'M' 'A' 'M' 'M'
 'M' 'M' 'M' 'M' 'M' 'M' 'M' 'M' 'M' 'M' 'M' 'M' 'M' 'M' 'M' 'M' 'M' 'M'
 'M' 'M' 'M' 'M' 'M' 'M' 'M' 'M' 'M' 'M' 'M' 'M' 'M' 'M' 'M' 'M' 'U' 'M'
 'M' 'M' 'M' 'M' 'M' 'M' 'M' 'M' 'M' 'M' 'M' 'M' 'M' 'M' 'M' 'M' 'M' 'M'
 'M' 'M' 'U' 'M' 'M' 'M' 'M' 'M' 'M' 'M' 'M' 'M' 'M' 'M' 'M' 'M' 'M' 'M'
 'M' 'M' 'M' 'M' 'M' 'M' 'M' 'M' 'M' 'M' 'M' 'M' 'M' 'M' 'M' 'M' 'M' 'U'
 'M' 'M' 'M' 'M' 'U' 'M' 'U' 'M' 'M' 'M' 'M' 'M' 'M' 'M' 'M' 'M' 'M' 'M'
 'M' 'M' 'M' 'M' 'A' 'A' 'A' 'A' 'A' 'A' 'A' 'A' 'U' 'M' 'M' 'M' 'M' 'M'
 'M' 'M' 'M' 'M' 'M' 'M' 'M' 'M' 'M' 'M' 'U' 'M' 'M' 'M' 'M' 'M' 'M' 'M'
 'M' 'M' 'M' 'M' 'U' 'M' 'M' 'M' 'M' 'M' 'M' 'M' 'M' 'M' 'M' 'M' 'M' 'M'
 'M' 'M' 'M' 'M' 'M' 'M' 'U' 'M' 'M' 'M' 'M' 'M' 'M' 'M' 'M' 'M' 'M' 'M']"
48201,1,188,10,178,10,0,0,"['M' 'M' 'M' 'M' 'M' 'M' 'M' 'M' 'M' 'M' 'M' 'M' 'M' 'M' 'M' 'A' 'M' 'M'
 'M' 'M' 'M' 'M' 'M' 'M' 'M' 'M' 'M' 'M' 'M' 'M' 'M' 'M' 'M' 'U' 'M' 'M'
 'M' 'M' 'M' 'M' 'M' 'M' 'M' 'M' 'M' 'M' 'M' 'M' 'M' 'M' 'M' 'M' 'U' 'M'
 'M' 'M' 'M' 'M' 'M' 'M' 'M' 'M' 'M' 'M' 'M' 'M' 'M' 'M' 'M' 'M' 'M' 'M'
 'M' 'M' 'M' 'M' 'M' 'M' 'M' 'M' 'M' 'M' 'M' 'M' 'M' 'M' 'M' 'M' 'M' 'U'
 'M' 'M' 'M' 'M' 'M' 'M' 'U' 'M' 'M' 'M' 'M' 'M' 'M' 'M' 'M' 'M' 'M' 'U'
 'M' 'M' 'M' 'M' 'M' 'M' 'U' 'M' 'M' 'M' 'M' 'M' 'M' 'M' 'M' 'M' 'M' 'M'
 'M' 'M' 'M' 'M' 'A' 'A' 'A' 'A' 'A' 'A' 'A' 'A' 'A' 'M' 'M' 'M' 'M' 'M'
 'M' 'M' 'M' 'M' 'M' 'M' 'M' 'M' 'M' 'M' 'U' 'M' 'M' 'M' 'M' 'M' 'M' 'M'
 'M' 'M' 'M' 'U' 'U' 'M' 'M' 'M' 'M' 'M' 'M' 'M' 'M' 'M' 'M' 'M' 'M' 'M'
 'M' 'M' 'M' 'M' 'M' 'M' 'U' 'M' 'M' 'M' 'M' 'M' 'M' 'M' 'M' 'M' 'M' 'M']"
48301,1,189,8,181,9,0,0,"['M' 'M' 'M' 'M' 'M' 'M' 'M' 'M' 'M' 'M' 'M' 'M' 'M' 'M' 'M' 'A' 'M' 'M'
 'M' 'M' 'M' 'M' 'M' 'M' 'M' 'M' 'M' 'M' 'M' 'M' 'M' 'M' 'M' 'U' 'M' 'M'
 'M' 'M' 'M' 'M' 'M' 'M' 'M' 'M' 'M' 'M' 'M' 'M' 'M' 'M' 'M' 'M' 'U' 'M'
 'M' 'M' 'M' 'M' 'M' 'M' 'M' 'M' 'M' 'M' 'M' 'M' 'M' 'M' 'M' 'M' 'M' 'M'
 'M' 'M' 'M' 'M' 'M' 'M' 'M' 'M' 'M' 'M' 'M' 'M' 'U' 'M' 'M' 'M' 'M' 'M'
 'M' 'M' 'M' 'M' 'M' 'M' 'M' 'M' 'M' 'M' 'M' 'M' 'M' 'M' 'M' 'M' 'M' 'M'
 'M' 'M' 'M' 'M' 'M' 'M' 'M' 'M' 'M' 'M' 'M' 'M' 'M' 'M' 'M' 'M' 'M' 'M'
 'M' 'M' 'M' 'M' 'A' 'A' 'A' 'A' 'A' 'A' 'A' 'U' 'U' 'M' 'M' 'M' 'M' 'M'
 'M' 'M' 'M' 'M' 'M' 'M' 'M' 'M' 'M' 'M' 'U' 'M' 'M' 'M' 'M' 'M' 'M' 'M'
 'M' 'M' 'M' 'U' 'M' 'M' 'M' 'M' 'M' 'M' 'M' 'M' 'M' 'M' 'M' 'M' 'M' 'M'
 'M' 'M' 'M' 'M' 'M' 'M' 'U' 'M' 'M' 'M' 'U' 'M' 'M' 'M' 'M' 'M' 'M' 'M']"
48401,1,193,9,184,5,0,0,"['M' 'M' 'M' 'M' 'M' 'M' 'M' 'M' 'M' 'M' 'M' 'M' 'M' 'M' 'M' 'A' 'M' 'M'
 'M' 'M' 'M' 'M' 'M' 'M' 'M' 'M' 'M' 'M' 'M' 'M' 'M' 'M' 'M' 'M' 'M' 'M'
 'M' 'M' 'M' 'M' 'M' 'M' 'M' 'M' 'M' 'M' 'M' 'M' 'M' 'M' 'M' 'M' 'U' 'M'
 'M' 'M' 'M' 'M' 'M' 'M' 'M' 'M' 'M' 'M' 'M' 'M' 'M' 'M' 'M' 'M' 'M' 'M'
 'U' 'M' 'M' 'M' 'M' 'M' 'M' 'M' 'M' 'M' 'M' 'M' 'M' 'M' 'M' 'M' 'M' 'M'
 'M' 'M' 'M' 'M' 'M' 'M' 'M' 'M' 'M' 'U' 'M' 'M' 'M' 'M' 'M' 'M' 'M' 'M'
 'M' 'M' 'M' 'M' 'M' 'M' 'M' 'M' 'M' 'M' 'M' 'M' 'M' 'M' 'M' 'M' 'M' 'M'
 'M' 'M' 'M' 'M' 'A' 'U' 'A' 'A' 'A' 'A' 'A' 'A' 'A' 'M' 'M' 'M' 'M' 'M'
 'M' 'M' 'M' 'M' 'M' 'M' 'M' 'M' 'M' 'M' 'M' 'M' 'M' 'M' 'M' 'M' 'M' 'M'
 'M' 'M' 'M' 'M' 'M' 'M' 'M' 'M' 'M' 'M' 'M' 'M' 'M' 'M' 'M' 'M' 'M' 'M'
 'M' 'M' 'M' 'M' 'M' 'M' 'U' 'M' 'M' 'M' 'M' 'M' 'M' 'M' 'M' 'M' 'M' 'M']"
48501,1,189,8,181,9,0,0,"['M' 'M' 'M' 'M' 'M' 'M' 'M' 'M' 'M' 'M' 'M' 'U' 'M' 'M' 'M' 'A' 'M' 'M'
 'M' 'M' 'M' 'M' 'M' 'M' 'M' 'M' 'M' 'M' 'M' 'M' 'M' 'M' 'M' 'M' 'M' 'M'
 'M' 'M' 'M' 'M' 'M' 'M' 'M' 'M' 'M' 'M' 'M' 'M' 'M' 'M' 'M' 'M' 'U' 'M'
 'M' 'M' 'M' 'M' 'M' 'M' 'M' 'M' 'M' 'M' 'M' 'M' 'M' 'M' 'M' 'M' 'M' 'M'
 'M' 'M' 'M' 'M' 'M' 'M' 'M' 'U' 'M' 'M' 'M' 'M' 'M' 'M' 'M' 'M' 'M' 'M'
 'M' 'M' 'M' 'M' 'M' 'M' 'M' 'M' 'M' 'U' 'M' 'U' 'M' 'M' 'M' 'M' 'M' 'M'
 'M' 'M' 'M' 'M' 'M' 'M' 'M' 'M' 'M' 'M' 'M' 'M' 'M' 'M' 'M' 'M' 'M' 'M'
 'M' 'M' 'M' 'M' 'A' 'M' 'A' 'A' 'A' 'A' 'U' 'A' 'A' 'M' 'M' 'M' 'M' 'M'
 'M' 'M' 'U' 'M' 'M' 'M' 'M' 'M' 'M' 'M' 'M' 'M' 'M' 'M' 'M' 'M' 'M' 'M'
 'M' 'M' 'M' 'U' 'M' 'M' 'M' 'M' 'M' 'M' 'M' 'M' 'M' 'M' 'M' 'M' 'M' 'M'
 'M' 'M' 'M' 'M' 'M' 'M' 'U' 'M' 'M' 'M' 'M' 'M' 'M' 'M' 'M' 'M' 'M' 'M']"
48601,1,190,10,180,8,0,1,"['M' 'M' 'M' 'M' 'M' 'M' 'M' 'M' 'M' 'M' 'M' 'U' 'M' 'M' 'M' 'A' 'M' 'M'
 'M' 'M' 'M' 'M' 'M' 'M' 'M' 'M' 'M' 'M' 'M' 'M' 'M' 'M' 'M' 'M' 'M' 'M'
 'M' 'M' 'M' 'M' 'M' 'M' 'M' 'M' 'M' 'M' 'M' 'M' 'M' 'M' 'M' 'M' 'A' 'M'
 'M' 'M' 'M' 'M' 'M' 'M' 'M' 'M' 'M' 'M' 'M' 'M' 'M' 'M' 'M' 'M' 'M' 'M'
 'M' 'M' 'M' 'M' 'M' 'M' 'M' 'M' 'M' 'M' 'M' 'M' 'M' 'M' 'M' 'U' 'M' 'M'
 'M' 'M' 'M' 'M' 'M' 'M' 'M' 'M' 'M' 'M' 'M' 'U' 'M' 'M' 'M' 'M' 'M' 'M'
 'M' 'M' 'M' 'M' 'M' 'M' 'M' 'M' 'M' 'M' 'M' 'M' 'M' 'M' 'M' 'M' 'M' 'M'
 'M' 'M' 'M' 'M' 'A' 'M' 'A' 'A' 'A' 'A' 'A' 'A' 'A' 'M' 'M' 'M' 'M' 'M'
 'M' 'M' 'U' 'M' 'M' 'M' 'M' 'M' 'M' 'M' 'M' 'M' 'M' 'M' 'M' 'M' 'M' 'M'
 'M' 'M' 'M' 'U' 'M' 'U' 'M' 'M' 'M' 'M' 'M' 'M' 'M' 'M' 'U' 'M' 'M' 'M'
 'M' 'M' 'M' 'M' 'M' 'M' 'U' 'M' 'M' 'M' 'M' 'M' 'M' 'M' 'M' 'M' 'M' 'M']"
48701,1,186,8,178,12,0,0,"['M' 'M' 'M' 'M' 'M' 'M' 'M' 'M' 'M' 'M' 'M' 'M' 'M' 'M' 'M' 'A' 'M' 'M'
 'M' 'M' 'M' 'M' 'M' 'M' 'M' 'M' 'M' 'M' 'M' 'M' 'M' 'M' 'M' 'M' 'M' 'M'
 'M' 'M' 'M' 'M' 'M' 'M' 'M' 'M' 'M' 'M' 'M' 'M' 'M' 'M' 'M' 'M' 'A' 'M'
 'M' 'M' 'M' 'M' 'M' 'M' 'M' 'M' 'M' 'M' 'M' 'M' 'M' 'M' 'M' 'M' 'M' 'M'
 'M' 'M' 'M' 'M' 'M' 'M' 'M' 'M' 'M' 'M' 'M' 'M' 'M' 'M' 'M' 'U' 'M' 'M'
 'M' 'M' 'M' 'M' 'M' 'M' 'M' 'M' 'M' 'U' 'M' 'U' 'M' 'M' 'M' 'M' 'U' 'M'
 'M' 'M' 'M' 'M' 'M' 'M' 'M' 'M' 'M' 'M' 'M' 'M' 'M' 'M' 'M' 'M' 'M' 'M'
 'M' 'M' 'U' 'M' 'A' 'M' 'U' 'A' 'A' 'A' 'A' 'A' 'U' 'M' 'M' 'M' 'M' 'M'
 'M' 'M' 'U' 'M' 'M' 'M' 'M' 'M' 'M' 'M' 'M' 'M' 'M' 'M' 'M' 'M' 'M' 'M'
 'M' 'M' 'M' 'U' 'M' 'U' 'M' 'M' 'M' 'M' 'M' 'M' 'U' 'M' 'U' 'M' 'M' 'M'
 'M' 'M' 'M' 'M' 'M' 'M' 'M' 'M' 'M' 'M' 'M' 'M' 'M' 'M' 'M' 'M' 'M' 'M']"
48801,1,185,7,178,13,0,1,"['M' 'M' 'M' 'M' 'M' 'M' 'M' 'M' 'M' 'M' 'M' 'M' 'M' 'M' 'M' 'U' 'M' 'M'
 'M' 'M' 'M' 'M' 'M' 'M' 'M' 'M' 'M' 'M' 'M' 'U' 'U' 'M' 'M' 'M' 'M' 'M'
 'M' 'M' 'M' 'M' 'M' 'M' 'M' 'M' 'M' 'M' 'M' 'M' 'M' 'M' 'M' 'M' 'A' 'M'
 'M' 'M' 'M' 'M' 'M' 'M' 'M' 'M' 'M' 'M' 'M' 'M' 'M' 'M' 'M' 'M' 'M' 'M'
 'M' 'M' 'M' 'M' 'M' 'M' 'M' 'M' 'M' 'M' 'M' 'M' 'M' 'M' 'M' 'M' 'M' 'U'
 'M' 'M' 'M' 'M' 'M' 'M' 'M' 'M' 'M' 'M' 'U' 'M' 'M' 'M' 'M' 'M' 'M' 'U'
 'M' 'M' 'M' 'M' 'M' 'M' 'M' 'M' 'M' 'M' 'M' 'M' 'M' 'M' 'M' 'M' 'M' 'M'
 'M' 'M' 'U' 'M' 'A' 'M' 'A' 'U' 'A' 'A' 'A' 'A' 'U' 'M' 'M' 'M' 'M' 'M'
 'M' 'M' 'U' 'M' 'M' 'M' 'M' 'M' 'M' 'M' 'M' 'M' 'M' 'M' 'M' 'M' 'M' 'M'
 'M' 'M' 'M' 'U' 'M' 'U' 'M' 'M' 'M' 'M' 'M' 'M' 'U' 'M' 'M' 'M' 'M' 'M'
 'M' 'M' 'M' 'M' 'M' 'M' 'M' 'M' 'M' 'M' 'M' 'M' 'M' 'M' 'M' 'M' 'M' 'M']"
48901,1,183,4,179,15,0,0,"['M' 'M' 'M' 'U' 'M' 'M' 'M' 'M' 'M' 'M' 'M' 'M' 'M' 'M' 'M' 'U' 'M' 'M'
 'M' 'M' 'M' 'M' 'M' 'M' 'M' 'M' 'M' 'M' 'M' 'M' 'M' 'M' 'M' 'M' 'M' 'M'
 'M' 'M' 'M' 'M' 'M' 'M' 'M' 'M' 'M' 'M' 'M' 'M' 'M' 'M' 'U' 'M' 'A' 'M'
 'U' 'M' 'M' 'M' 'M' 'M' 'M' 'M' 'M' 'M' 'M' 'M' 'M' 'M' 'M' 'M' 'M' 'M'
 'M' 'M' 'M' 'M' 'M' 'M' 'M' 'M' 'M' 'M' 'M' 'M' 'M' 'M' 'M' 'M' 'M' 'M'
 'M' 'M' 'U' 'M' 'M' 'M' 'M' 'M' 'M' 'M' 'M' 'M' 'M' 'M' 'M' 'M' 'M' 'U'
 'M' 'M' 'M' 'M' 'M' 'M' 'M' 'M' 'M' 'M' 'M' 'M' 'M' 'M' 'M' 'M' 'M' 'M'
 'M' 'M' 'M' 'M' 'A' 'M' 'U' 'U' 'A' 'M' 'A' 'U' 'U' 'M' 'M' 'M' 'M' 'M'
 'M' 'M' 'U' 'M' 'M' 'M' 'M' 'U' 'M' 'M' 'M' 'M' 'M' 'M' 'M' 'M' 'M' 'M'
 'M' 'M' 'M' 'U' 'M' 'U' 'M' 'M' 'M' 'M' 'M' 'M' 'U' 'M' 'M' 'M' 'M' 'M'
 'M' 'M' 'M' 'M' 'M' 'M' 'M' 'M' 'M' 'M' 'M' 'M' 'M' 'M' 'M' 'M' 'M' 'M']"
49001,1,184,4,180,14,0,0,"['M' 'M' 'M' 'U' 'M' 'M' 'M' 'M' 'M' 'M' 'M' 'M' 'M' 'M' 'M' 'M' 'M' 'M'
 'M' 'M' 'M' 'M' 'M' 'M' 'M' 'M' 'M' 'M' 'M' 'M' 'M' 'M' 'M' 'M' 'M' 'M'
 'M' 'M' 'M' 'M' 'M' 'M' 'M' 'M' 'M' 'U' 'U' 'M' 'M' 'M' 'M' 'M' 'A' 'M'
 'U' 'M' 'M' 'M' 'M' 'M' 'M' 'M' 'M' 'M' 'M' 'M' 'M' 'M' 'M' 'M' 'U' 'M'
 'M' 'M' 'M' 'M' 'M' 'M' 'M' 'M' 'M' 'M' 'M' 'M' 'M' 'M' 'M' 'M' 'M' 'M'
 'M' 'M' 'M' 'M' 'M' 'M' 'M' 'M' 'M' 'M' 'M' 'M' 'M' 'M' 'M' 'M' 'M' 'U'
 'M' 'M' 'M' 'M' 'M' 'M' 'M' 'M' 'M' 'M' 'M' 'M' 'M' 'M' 'M' 'M' 'M' 'M'
 'M' 'M' 'M' 'M' 'A' 'M' 'M' 'U' 'A' 'M' 'A' 'U' 'U' 'M' 'M' 'M' 'M' 'M'
 'M' 'M' 'U' 'M' 'M' 'M' 'M' 'U' 'M' 'M' 'M' 'M' 'M' 'M' 'M' 'M' 'M' 'M'
 'M' 'M' 'M' 'U' 'M' 'U' 'M' 'M' 'M' 'M' 'M' 'M' 'U' 'M' 'M' 'M' 'M' 'M'
 'M' 'M' 'M' 'M' 'M' 'M' 'M' 'M' 'M' 'M' 'M' 'M' 'M' 'M' 'M' 'M' 'M' 'M']"
49101,1,187,7,180,11,0,0,"['M' 'M' 'M' 'U' 'M' 'M' 'M' 'M' 'M' 'M' 'M' 'M' 'M' 'M' 'M' 'M' 'M' 'M'
 'M' 'M' 'M' 'M' 'M' 'M' 'M' 'U' 'M' 'M' 'M' 'M' 'M' 'M' 'M' 'M' 'M' 'M'
 'M' 'M' 'M' 'M' 'M' 'M' 'M' 'M' 'M' 'M' 'M' 'M' 'M' 'M' 'M' 'M' 'A' 'M'
 'U' 'M' 'M' 'M' 'M' 'M' 'M' 'M' 'M' 'M' 'M' 'M' 'M' 'M' 'M' 'M' 'M' 'M'
 'M' 'M' 'M' 'M' 'M' 'M' 'M' 'M' 'M' 'M' 'U' 'M' 'M' 'M' 'M' 'M' 'M' 'M'
 'M' 'M' 'M' 'M' 'M' 'M' 'M' 'M' 'M' 'M' 'M' 'M' 'M' 'M' 'M' 'M' 'M' 'M'
 'M' 'M' 'M' 'M' 'M' 'M' 'M' 'M' 'M' 'M' 'M' 'M' 'M' 'M' 'M' 'M' 'M' 'M'
 'M' 'M' 'M' 'M' 'A' 'M' 'A' 'A' 'U' 'U' 'A' 'A' 'A' 'M' 'M' 'M' 'M' 'M'
 'M' 'M' 'U' 'M' 'M' 'M' 'M' 'U' 'M' 'M' 'M' 'M' 'M' 'M' 'M' 'M' 'M' 'M'
 'M' 'M' 'M' 'M' 'M' 'U' 'M' 'M' 'M' 'M' 'M' 'M' 'U' 'M' 'M' 'M' 'M' 'M'
 'M' 'M' 'M' 'M' 'M' 'M' 'M' 'M' 'M' 'U' 'M' 'M' 'M' 'M' 'M' 'M' 'M' 'M']"
49201,1,185,7,178,13,0,0,"['M' 'M' 'M' 'M' 'M' 'M' 'M' 'M' 'M' 'M' 'M' 'M' 'M' 'M' 'M' 'M' 'M' 'M'
 'M' 'M' 'M' 'M' 'M' 'M' 'M' 'M' 'M' 'M' 'M' 'M' 'M' 'M' 'M' 'M' 'M' 'M'
 'M' 'M' 'M' 'M' 'M' 'M' 'M' 'M' 'M' 'M' 'M' 'M' 'M' 'M' 'M' 'M' 'A' 'M'
 'U' 'M' 'M' 'M' 'M' 'M' 'M' 'M' 'M' 'M' 'M' 'U' 'M' 'M' 'M' 'M' 'M' 'M'
 'M' 'M' 'M' 'M' 'M' 'M' 'M' 'M' 'M' 'M' 'M' 'M' 'M' 'M' 'M' 'M' 'M' 'M'
 'M' 'M' 'M' 'M' 'M' 'M' 'M' 'M' 'M' 'M' 'M' 'M' 'M' 'M' 'M' 'M' 'M' 'M'
 'M' 'M' 'M' 'M' 'M' 'M' 'U' 'M' 'M' 'M' 'M' 'M' 'M' 'M' 'M' 'M' 'M' 'M'
 'M' 'M' 'M' 'M' 'A' 'A' 'U' 'A' 'U' 'A' 'A' 'A' 'U' 'M' 'M' 'M' 'M' 'M'
 'M' 'M' 'U' 'M' 'M' 'M' 'U' 'U' 'M' 'M' 'M' 'M' 'M' 'M' 'M' 'M' 'M' 'M'
 'M' 'M' 'M' 'M' 'M' 'M' 'M' 'M' 'M' 'M' 'M' 'M' 'M' 'U' 'M' 'U' 'M' 'M'
 'M' 'M' 'M' 'U' 'M' 'M' 'M' 'M' 'M' 'U' 'M' 'M' 'M' 'M' 'M' 'M' 'M' 'M']"
49301,1,186,10,176,12,0,0,"['M' 'M' 'M' 'M' 'M' 'M' 'U' 'M' 'M' 'M' 'M' 'M' 'M' 'M' 'M' 'M' 'M' 'M'
 'M' 'M' 'M' 'M' 'M' 'M' 'M' 'M' 'M' 'M' 'M' 'M' 'M' 'M' 'M' 'M' 'M' 'M'
 'M' 'M' 'M' 'M' 'M' 'M' 'M' 'M' 'M' 'M' 'M' 'M' 'U' 'M' 'M' 'M' 'A' 'M'
 'U' 'M' 'M' 'M' 'M' 'M' 'M' 'M' 'M' 'U' 'M' 'M' 'M' 'M' 'M' 'M' 'M' 'M'
 'M' 'M' 'M' 'M' 'M' 'M' 'M' 'M' 'M' 'M' 'M' 'U' 'M' 'M' 'M' 'M' 'M' 'M'
 'M' 'M' 'M' 'M' 'M' 'M' 'M' 'M' 'M' 'M' 'M' 'M' 'M' 'M' 'M' 'M' 'M' 'M'
 'M' 'M' 'M' 'M' 'M' 'M' 'M' 'M' 'M' 'M' 'M' 'M' 'M' 'M' 'M' 'M' 'M' 'M'
 'M' 'M' 'M' 'M' 'A' 'A' 'A' 'A' 'A' 'A' 'A' 'A' 'A' 'M' 'M' 'M' 'M' 'M'
 'M' 'M' 'U' 'M' 'M' 'M' 'U' 'U' 'M' 'M' 'M' 'M' 'U' 'M' 'M' 'M' 'M' 'M'
 'M' 'M' 'M' 'M' 'M' 'M' 'M' 'M' 'M' 'M' 'M' 'M' 'M' 'M' 'M' 'U' 'M' 'M'
 'M' 'M' 'M' 'U' 'M' 'M' 'M' 'M' 'M' 'U' 'M' 'M' 'M' 'M' 'M' 'M' 'M' 'M']"
49401,1,183,6,177,15,0,0,"['M' 'M' 'M' 'M' 'M' 'M' 'U' 'M' 'M' 'M' 'M' 'M' 'M' 'M' 'M' 'M' 'M' 'M'
 'M' 'M' 'M' 'M' 'M' 'M' 'M' 'M' 'M' 'M' 'M' 'M' 'M' 'M' 'M' 'M' 'M' 'M'
 'M' 'M' 'M' 'M' 'M' 'M' 'M' 'M' 'M' 'M' 'M' 'M' 'U' 'M' 'M' 'U' 'A' 'M'
 'M' 'U' 'M' 'M' 'U' 'M' 'M' 'M' 'M' 'M' 'M' 'M' 'M' 'M' 'M' 'M' 'M' 'M'
 'M' 'U' 'M' 'M' 'M' 'M' 'M' 'M' 'M' 'M' 'M' 'M' 'M' 'M' 'M' 'M' 'M' 'M'
 'M' 'M' 'M' 'M' 'M' 'M' 'M' 'M' 'M' 'M' 'M' 'M' 'M' 'M' 'M' 'M' 'M' 'M'
 'M' 'M' 'M' 'M' 'M' 'M' 'M' 'M' 'M' 'M' 'M' 'M' 'M' 'M' 'M' 'M' 'U' 'M'
 'M' 'M' 'M' 'M' 'A' 'U' 'A' 'A' 'A' 'U' 'U' 'U' 'A' 'M' 'M' 'M' 'M' 'M'
 'M' 'M' 'U' 'M' 'M' 'M' 'M' 'U' 'M' 'M' 'M' 'M' 'M' 'M' 'M' 'M' 'M' 'M'
 'M' 'M' 'M' 'M' 'M' 'M' 'M' 'M' 'M' 'M' 'M' 'M' 'M' 'M' 'M' 'U' 'M' 'M'
 'M' 'M' 'M' 'U' 'M' 'M' 'M' 'M' 'M' 'M' 'M' 'M' 'M' 'M' 'M' 'M' 'M' 'M']"
49501,2,189,6,183,9,0,0,"['M' 'M' 'M' 'M' 'M' 'M' 'M' 'M' 'M' 'M' 'M' 'M' 'M' 'M' 'M' 'M' 'M' 'M'
 'M' 'M' 'M' 'M' 'M' 'M' 'M' 'M' 'M' 'M' 'M' 'M' 'M' 'M' 'M' 'M' 'M' 'M'
 'M' 'M' 'M' 'M' 'M' 'M' 'M' 'M' 'M' 'M' 'M' 'M' 'U' 'M' 'M' 'M' 'A' 'M'
 'M' 'M' 'M' 'M' 'U' 'M' 'M' 'M' 'M' 'M' 'M' 'M' 'M' 'M' 'M' 'M' 'M' 'M'
 'M' 'M' 'M' 'M' 'M' 'M' 'M' 'M' 'M' 'U' 'M' 'M' 'M' 'M' 'M' 'M' 'M' 'M'
 'M' 'M' 'M' 'M' 'M' 'M' 'M' 'M' 'M' 'M' 'M' 'M' 'M' 'M' 'M' 'M' 'M' 'M'
 'M' 'M' 'M' 'M' 'M' 'M' 'M' 'M' 'M' 'M' 'M' 'M' 'M' 'M' 'M' 'M' 'U' 'M'
 'M' 'M' 'M' 'M' 'A' 'U' 'A' 'M' 'A' 'M' 'M' 'U' 'A' 'M' 'M' 'M' 'M' 'M'
 'M' 'M' 'M' 'M' 'M' 'M' 'M' 'M' 'M' 'M' 'M' 'M' 'M' 'M' 'M' 'M' 'M' 'M'
 'M' 'M' 'M' 'U' 'M' 'M' 'M' 'M' 'M' 'M' 'M' 'M' 'M' 'M' 'U' 'A' 'M' 'M'
 'M' 'M' 'M' 'U' 'M' 'M' 'M' 'M' 'M' 'M' 'M' 'M' 'M' 'M' 'M' 'M' 'M' 'M']"
49601,1,187,10,177,11,0,0,"['M' 'M' 'M' 'M' 'M' 'M' 'M' 'M' 'U' 'M' 'M' 'M' 'M' 'M' 'M' 'M' 'M' 'M'
 'M' 'M' 'M' 'M' 'M' 'M' 'M' 'M' 'M' 'M' 'M' 'M' 'M' 'U' 'M' 'M' 'M' 'M'
 'M' 'M' 'M' 'M' 'M' 'M' 'M' 'M' 'M' 'M' 'M' 'M' 'M' 'M' 'M' 'U' 'A' 'M'
 'M' 'M' 'M' 'M' 'U' 'M' 'M' 'M' 'M' 'M' 'M' 'M' 'M' 'M' 'M' 'M' 'M' 'M'
 'M' 'M' 'M' 'M' 'M' 'M' 'M' 'M' 'M' 'M' 'M' 'M' 'M' 'M' 'M' 'M' 'U' 'M'
 'M' 'M' 'M' 'M' 'M' 'M' 'M' 'M' 'M' 'M' 'M' 'U' 'M' 'M' 'M' 'M' 'M' 'M'
 'M' 'M' 'M' 'M' 'M' 'M' 'M' 'M' 'M' 'M' 'M' 'M' 'M' 'M' 'M' 'M' 'M' 'U'
 'M' 'M' 'M' 'M' 'A' 'U' 'A' 'U' 'A' 'A' 'A' 'A' 'A' 'M' 'M' 'M' 'M' 'M'
 'M' 'M' 'M' 'M' 'M' 'M' 'M' 'M' 'M' 'M' 'M' 'M' 'M' 'M' 'M' 'M' 'M' 'M'
 'M' 'M' 'M' 'U' 'M' 'M' 'M' 'M' 'M' 'M' 'M' 'M' 'M' 'M' 'A' 'A' 'M' 'M'
 'U' 'M' 'M' 'M' 'M' 'M' 'M' 'M' 'M' 'M' 'M' 'M' 'M' 'M' 'M' 'M' 'M' 'M']"
49701,1,181,4,177,17,0,0,"['M' 'M' 'M' 'M' 'M' 'M' 'M' 'U' 'U' 'M' 'M' 'M' 'M' 'M' 'M' 'M' 'M' 'M'
 'M' 'M' 'M' 'M' 'M' 'M' 'U' 'M' 'M' 'M' 'M' 'M' 'M' 'M' 'M' 'M' 'M' 'M'
 'M' 'M' 'U' 'M' 'M' 'M' 'M' 'M' 'M' 'M' 'M' 'M' 'M' 'M' 'M' 'M' 'A' 'M'
 'M' 'M' 'M' 'M' 'M' 'M' 'M' 'M' 'M' 'M' 'M' 'U' 'M' 'M' 'M' 'M' 'M' 'M'
 'M' 'M' 'M' 'M' 'M' 'M' 'M' 'M' 'M' 'M' 'M' 'M' 'M' 'M' 'M' 'M' 'M' 'M'
 'M' 'M' 'M' 'M' 'M' 'M' 'M' 'M' 'M' 'M' 'M' 'U' 'M' 'M' 'M' 'M' 'M' 'M'
 'M' 'M' 'M' 'M' 'M' 'M' 'M' 'M' 'M' 'M' 'M' 'M' 'M' 'M' 'M' 'M' 'M' 'M'
 'M' 'M' 'M' 'M' 'A' 'U' 'U' 'U' 'U' 'A' 'A' 'U' 'U' 'M' 'M' 'M' 'M' 'M'
 'M' 'M' 'M' 'M' 'M' 'M' 'M' 'M' 'M' 'M' 'M' 'M' 'M' 'M' 'M' 'M' 'M' 'M'
 'M' 'M' 'M' 'U' 'M' 'M' 'M' 'M' 'M' 'M' 'M' 'M' 'M' 'M' 'U' 'U' 'M' 'M'
 'U' 'M' 'M' 'M' 'M' 'M' 'M' 'M' 'M' 'M' 'M' 'M' 'M' 'M' 'M' 'M' 'M' 'U']"
49801,1,188,8,180,10,0,0,"['M' 'M' 'M' 'M' 'M' 'M' 'M' 'U' 'U' 'M' 'M' 'M' 'M' 'M' 'M' 'M' 'M' 'M'
 'M' 'M' 'M' 'M' 'M' 'M' 'M' 'M' 'M' 'M' 'M' 'M' 'M' 'M' 'M' 'M' 'M' 'M'
 'M' 'M' 'U' 'M' 'M' 'M' 'M' 'M' 'M' 'M' 'M' 'M' 'M' 'M' 'M' 'M' 'A' 'M'
 'M' 'M' 'M' 'M' 'M' 'M' 'M' 'M' 'M' 'M' 'M' 'M' 'M' 'M' 'M' 'M' 'M' 'M'
 'M' 'M' 'M' 'M' 'M' 'M' 'M' 'M' 'M' 'M' 'M' 'M' 'M' 'M' 'M' 'M' 'M' 'U'
 'M' 'M' 'M' 'M' 'M' 'M' 'M' 'M' 'M' 'M' 'M' 'M' 'M' 'M' 'M' 'M' 'M' 'M'
 'M' 'M' 'M' 'M' 'M' 'M' 'M' 'M' 'M' 'M' 'M' 'M' 'M' 'M' 'M' 'M' 'M' 'M'
 'M' 'M' 'M' 'M' 'A' 'M' 'A' 'A' 'A' 'A' 'A' 'A' 'U' 'M' 'M' 'M' 'M' 'M'
 'M' 'M' 'M' 'M' 'M' 'M' 'M' 'M' 'M' 'M' 'M' 'M' 'M' 'M' 'M' 'M' 'M' 'M'
 'M' 'M' 'M' 'U' 'M' 'M' 'M' 'M' 'M' 'M' 'M' 'M' 'M' 'M' 'U' 'U' 'M' 'M'
 'U' 'M' 'M' 'M' 'M' 'M' 'M' 'M' 'M' 'M' 'M' 'M' 'M' 'M' 'M' 'M' 'M' 'U']"
49901,1,183,6,177,15,0,0,"['M' 'M' 'M' 'M' 'M' 'M' 'M' 'U' 'U' 'M' 'M' 'M' 'M' 'M' 'M' 'M' 'M' 'U'
 'M' 'M' 'M' 'M' 'M' 'M' 'M' 'M' 'M' 'M' 'M' 'M' 'M' 'M' 'M' 'M' 'M' 'M'
 'M' 'M' 'U' 'M' 'M' 'M' 'M' 'M' 'M' 'M' 'M' 'M' 'M' 'M' 'M' 'M' 'U' 'M'
 'M' 'M' 'M' 'M' 'M' 'M' 'M' 'M' 'M' 'M' 'M' 'M' 'M' 'M' 'M' 'M' 'M' 'M'
 'M' 'M' 'M' 'M' 'M' 'M' 'M' 'M' 'M' 'M' 'M' 'M' 'M' 'M' 'M' 'M' 'M' 'M'
 'M' 'M' 'U' 'M' 'M' 'M' 'M' 'M' 'M' 'M' 'M' 'M' 'M' 'M' 'M' 'M' 'M' 'M'
 'M' 'M' 'M' 'M' 'M' 'M' 'M' 'M' 'M' 'M' 'M' 'M' 'M' 'M' 'M' 'M' 'M' 'M'
 'M' 'M' 'M' 'M' 'A' 'M' 'U' 'A' 'A' 'U' 'A' 'A' 'A' 'M' 'M' 'M' 'M' 'M'
 'M' 'M' 'M' 'M' 'M' 'M' 'M' 'M' 'M' 'M' 'U' 'M' 'M' 'M' 'M' 'M' 'M' 'M'
 'M' 'M' 'M' 'U' 'M' 'M' 'M' 'M' 'M' 'M' 'M' 'M' 'M' 'M' 'M' 'U' 'M' 'M'
 'U' 'M' 'M' 'M' 'M' 'M' 'U' 'U' 'M' 'M' 'M' 'M' 'M' 'M' 'M' 'M' 'U' 'M']"
